0.99695 0.000149165 0.000134478 0.000121237 0.0001093 9.85384e-05 8.88362e-05 8.00892e-05 7.22035e-05 6.50943e-05 5.8685e-05 5.29068e-05 4.76975e-05 4.30011e-05 3.87672e-05 3.49501e-05 3.15089e-05 2.84065e-05 2.56095e-05 2.3088e-05 2.08147e-05 1.87653e-05 1.69176e-05 1.52519e-05 1.37501e-05 1.23963e-05 1.11757e-05 1.00754e-05 9.08332e-06 8.18896e-06 7.38267e-06 6.65576e-06 6.00042e-06 5.40961e-06 4.87698e-06 4.39678e-06 3.96387e-06 3.57358e-06 3.22172e-06 2.90451e-06 2.61852e-06 2.3607e-06 2.12826e-06 1.91871e-06 1.72979e-06 1.55947e-06 1.40593e-06 1.2675e-06 1.1427e-06 1.03019e-06 9.28752e-07 8.37306e-07 7.54863e-07 6.80538e-07 6.13532e-07 5.53122e-07 4.98661e-07 4.49562e-07 4.05298e-07 3.65392e-07 3.29415e-07 2.9698e-07 2.67739e-07 2.41377e-07 2.17611e-07 1.96184e-07 1.76868e-07 1.59453e-07 1.43753e-07 1.29599e-07 1.16839e-07 1.05334e-07 9.4963e-08 8.56128e-08 7.71833e-08 6.95837e-08 6.27324e-08 5.65557e-08 5.09871e-08 4.59669e-08 4.14409e-08 3.73606e-08 3.3682e-08 3.03656e-08 2.73758e-08 2.46803e-08 2.22503e-08 2.00595e-08 1.80844e-08 1.63038e-08 1.46985e-08 1.32512e-08 1.19465e-08 1.07702e-08 9.70978e-09 8.75375e-09 7.89184e-09 7.1148e-09 6.41426e-09 5.78271e-09 5.21333e-09
0.000147674 3.39641e-07 3.06373e-07 2.76363e-07 2.49292e-07 2.24873e-07 2.02846e-07 1.82977e-07 1.65053e-07 1.48886e-07 1.34302e-07 1.21146e-07 1.09279e-07 9.85749e-08 8.8919e-08 8.02088e-08 7.23519e-08 6.52646e-08 5.88715e-08 5.31046e-08 4.79026e-08 4.32102e-08 3.89774e-08 3.51593e-08 3.17151e-08 2.86084e-08 2.58059e-08 2.3278e-08 2.09977e-08 1.89408e-08 1.70853e-08 1.54116e-08 1.39019e-08 1.25401e-08 1.13116e-08 1.02035e-08 9.20397e-09 8.30233e-09 7.48901e-09 6.75537e-09 6.0936e-09 5.49665e-09 4.95818e-09 4.47246e-09 4.03432e-09 3.6391e-09 3.2826e-09 2.96102e-09 2.67094e-09 2.40928e-09 2.17326e-09 1.96035e-09 1.7683e-09 1.59507e-09 1.43881e-09 1.29785e-09 1.1707e-09 1.05601e-09 9.52557e-10 8.59237e-10 7.75059e-10 6.99128e-10 6.30635e-10 5.68852e-10 5.13122e-10 4.62852e-10 4.17506e-10 3.76603e-10 3.39707e-10 3.06426e-10 2.76405e-10 2.49325e-10 2.24899e-10 2.02865e-10 1.8299e-10 1.65062e-10 1.4889e-10 1.34303e-10 1.21145e-10 1.09276e-10 9.85699e-11 8.89126e-11 8.02015e-11 7.23438e-11 6.52559e-11 5.88625e-11 5.30954e-11 4.78934e-11 4.3201e-11 3.89683e-11 3.51504e-11 3.17065e-11 2.86e-11 2.57978e-11 2.32702e-11 2.09903e-11 1.89337e-11 1.70786e-11 1.54053e-11 1.38959e-11 1.25344e-11
0.000133131 3.06366e-07 2.76357e-07 2.49287e-07 2.24869e-07 2.02843e-07 1.82974e-07 1.65051e-07 1.48884e-07 1.343e-07 1.21145e-07 1.09279e-07 9.85742e-08 8.89185e-08 8.02085e-08 7.23517e-08 6.52645e-08 5.88715e-08 5.31047e-08 4.79028e-08 4.32104e-08 3.89776e-08 3.51595e-08 3.17154e-08 2.86086e-08 2.58062e-08 2.32783e-08 2.0998e-08 1.89411e-08 1.70856e-08 1.54119e-08 1.39022e-08 1.25403e-08 1.13119e-08 1.02038e-08 9.2042e-09 8.30255e-09 7.48923e-09 6.75557e-09 6.09379e-09 5.49683e-09 4.95835e-09 4.47261e-09 4.03447e-09 3.63924e-09 3.28273e-09 2.96114e-09 2.67105e-09 2.40939e-09 2.17335e-09 1.96044e-09 1.76839e-09 1.59515e-09 1.43888e-09 1.29792e-09 1.17077e-09 1.05607e-09 9.52611e-10 8.59287e-10 7.75105e-10 6.9917e-10 6.30674e-10 5.68888e-10 5.13155e-10 4.62882e-10 4.17534e-10 3.76629e-10 3.39731e-10 3.06448e-10 2.76425e-10 2.49344e-10 2.24916e-10 2.0288e-10 1.83004e-10 1.65075e-10 1.48902e-10 1.34314e-10 1.21155e-10 1.09285e-10 9.85784e-11 8.89204e-11 8.02086e-11 7.23503e-11 6.52619e-11 5.8868e-11 5.31005e-11 4.7898e-11 4.32052e-11 3.89722e-11 3.51539e-11 3.17097e-11 2.86029e-11 2.58005e-11 2.32727e-11 2.09925e-11 1.89357e-11 1.70805e-11 1.5407e-11 1.38974e-11 1.25358e-11 1.13076e-11
0.000120021 2.7635e-07 2.49282e-07 2.24864e-07 2.02839e-07 1.82971e-07 1.65048e-07 1.48882e-07 1.34298e-07 1.21144e-07 1.09277e-07 9.85733e-08 8.89177e-08 8.02079e-08 7.23513e-08 6.52642e-08 5.88713e-08 5.31046e-08 4.79028e-08 4.32104e-08 3.89778e-08 3.51597e-08 3.17156e-08 2.86088e-08 2.58064e-08 2.32785e-08 2.09982e-08 1.89413e-08 1.70859e-08 1.54122e-08 1.39024e-08 1.25406e-08 1.13121e-08 1.0204e-08 9.20441e-09 8.30275e-09 7.48942e-09 6.75575e-09 6.09396e-09 5.49699e-09 4.9585e-09 4.47276e-09 4.0346e-09 3.63937e-09 3.28285e-09 2.96125e-09 2.67116e-09 2.40949e-09 2.17345e-09 1.96053e-09 1.76847e-09 1.59522e-09 1.43895e-09 1.29798e-09 1.17082e-09 1.05613e-09 9.52662e-10 8.59334e-10 7.75148e-10 6.9921e-10 6.30711e-10 5.68923e-10 5.13187e-10 4.62912e-10 4.17561e-10 3.76654e-10 3.39754e-10 3.06469e-10 2.76444e-10 2.49362e-10 2.24932e-10 2.02895e-10 1.83018e-10 1.65088e-10 1.48914e-10 1.34325e-10 1.21165e-10 1.09294e-10 9.85867e-11 8.8928e-11 8.02156e-11 7.23567e-11 6.52677e-11 5.88733e-11 5.31053e-11 4.79024e-11 4.32093e-11 3.89759e-11 3.51573e-11 3.17128e-11 2.86058e-11 2.58031e-11 2.32751e-11 2.09947e-11 1.89377e-11 1.70823e-11 1.54086e-11 1.3899e-11 1.25372e-11 1.13088e-11 1.02008e-11
0.000108202 2.49275e-07 2.24859e-07 2.02834e-07 1.82967e-07 1.65045e-07 1.48879e-07 1.34296e-07 1.21142e-07 1.09276e-07 9.8572e-08 8.89167e-08 8.02072e-08 7.23507e-08 6.52637e-08 5.8871e-08 5.31044e-08 4.79026e-08 4.32104e-08 3.89778e-08 3.51597e-08 3.17157e-08 2.8609e-08 2.58066e-08 2.32787e-08 2.09984e-08 1.89415e-08 1.7086e-08 1.54124e-08 1.39026e-08 1.25408e-08 1.13123e-08 1.02042e-08 9.20459e-09 8.30293e-09 7.48958e-09 6.75591e-09 6.09411e-09 5.49714e-09 4.95864e-09 4.47289e-09 4.03473e-09 3.63948e-09 3.28296e-09 2.96136e-09 2.67126e-09 2.40958e-09 2.17353e-09 1.96061e-09 1.76854e-09 1.59529e-09 1.43901e-09 1.29804e-09 1.17088e-09 1.05618e-09 9.5271e-10 8.59378e-10 7.7519e-10 6.99248e-10 6.30746e-10 5.68955e-10 5.13217e-10 4.62939e-10 4.17587e-10 3.76678e-10 3.39776e-10 3.06489e-10 2.76463e-10 2.49379e-10 2.24948e-10 2.0291e-10 1.83031e-10 1.651e-10 1.48925e-10 1.34335e-10 1.21174e-10 1.09303e-10 9.85946e-11 8.89353e-11 8.02223e-11 7.23628e-11 6.52734e-11 5.88785e-11 5.31101e-11 4.79068e-11 4.32133e-11 3.89796e-11 3.51606e-11 3.17158e-11 2.86085e-11 2.58057e-11 2.32774e-11 2.09968e-11 1.89397e-11 1.70841e-11 1.54103e-11 1.39004e-11 1.25385e-11 1.13101e-11 1.0202e-11 9.20242e-12
9.75463e-05 2.24853e-07 2.02829e-07 1.82962e-07 1.65041e-07 1.48876e-07 1.34293e-07 1.21139e-07 1.09274e-07 9.85705e-08 8.89155e-08 8.02061e-08 7.23499e-08 6.52631e-08 5.88705e-08 5.3104e-08 4.79024e-08 4.32102e-08 3.89777e-08 3.51597e-08 3.17157e-08 2.8609e-08 2.58066e-08 2.32788e-08 2.09985e-08 1.89416e-08 1.70862e-08 1.54125e-08 1.39028e-08 1.25409e-08 1.13125e-08 1.02043e-08 9.20475e-09 8.30308e-09 7.48973e-09 6.75606e-09 6.09425e-09 5.49727e-09 4.95877e-09 4.47301e-09 4.03484e-09 3.63959e-09 3.28306e-09 2.96145e-09 2.67135e-09 2.40966e-09 2.17361e-09 1.96068e-09 1.76861e-09 1.59536e-09 1.43907e-09 1.2981e-09 1.17093e-09 1.05623e-09 9.52755e-10 8.5942e-10 7.75229e-10 6.99285e-10 6.3078e-10 5.68986e-10 5.13246e-10 4.62966e-10 4.17612e-10 3.767e-10 3.39797e-10 3.06508e-10 2.76481e-10 2.49395e-10 2.24963e-10 2.02924e-10 1.83044e-10 1.65112e-10 1.48936e-10 1.34345e-10 1.21184e-10 1.09311e-10 9.86023e-11 8.89424e-11 8.02287e-11 7.23688e-11 6.52788e-11 5.88835e-11 5.31146e-11 4.7911e-11 4.32171e-11 3.89831e-11 3.51638e-11 3.17188e-11 2.86112e-11 2.58081e-11 2.32797e-11 2.09989e-11 1.89416e-11 1.70858e-11 1.54118e-11 1.39019e-11 1.25399e-11 1.13113e-11 1.02031e-11 9.20343e-12 8.30172e-12
8.79403e-05 2.02823e-07 1.82957e-07 1.65037e-07 1.48872e-07 1.3429e-07 1.21137e-07 1.09272e-07 9.85687e-08 8.8914e-08 8.02049e-08 7.23488e-08 6.52623e-08 5.88698e-08 5.31035e-08 4.7902e-08 4.32099e-08 3.89774e-08 3.51595e-08 3.17156e-08 2.8609e-08 2.58066e-08 2.32788e-08 2.09986e-08 1.89417e-08 1.70863e-08 1.54126e-08 1.39029e-08 1.2541e-08 1.13126e-08 1.02045e-08 9.20488e-09 8.30321e-09 7.48986e-09 6.75618e-09 6.09437e-09 5.49738e-09 4.95888e-09 4.47312e-09 4.03494e-09 3.63969e-09 3.28315e-09 2.96154e-09 2.67143e-09 2.40974e-09 2.17368e-09 1.96075e-09 1.76868e-09 1.59542e-09 1.43913e-09 1.29815e-09 1.17098e-09 1.05627e-09 9.52798e-10 8.5946e-10 7.75266e-10 6.99319e-10 6.30812e-10 5.69016e-10 5.13273e-10 4.62991e-10 4.17635e-10 3.76722e-10 3.39817e-10 3.06527e-10 2.76498e-10 2.49411e-10 2.24977e-10 2.02937e-10 1.83056e-10 1.65123e-10 1.48946e-10 1.34355e-10 1.21192e-10 1.09319e-10 9.86097e-11 8.89492e-11 8.0235e-11 7.23745e-11 6.52841e-11 5.88883e-11 5.31191e-11 4.7915e-11 4.32208e-11 3.89865e-11 3.5167e-11 3.17217e-11 2.86139e-11 2.58105e-11 2.32819e-11 2.10009e-11 1.89434e-11 1.70875e-11 1.54134e-11 1.39033e-11 1.25412e-11 1.13125e-11 1.02041e-11 9.20441e-12 8.30262e-12 7.48918e-12
7.92802e-05 1.82952e-07 1.65032e-07 1.48868e-07 1.34287e-07 1.21134e-07 1.09269e-07 9.85666e-08 8.89122e-08 8.02034e-08 7.23476e-08 6.52613e-08 5.8869e-08 5.31028e-08 4.79014e-08 4.32095e-08 3.89771e-08 3.51593e-08 3.17154e-08 2.86088e-08 2.58066e-08 2.32788e-08 2.09986e-08 1.89417e-08 1.70863e-08 1.54127e-08 1.3903e-08 1.25411e-08 1.13127e-08 1.02046e-08 9.20498e-09 8.30331e-09 7.48996e-09 6.75629e-09 6.09447e-09 5.49749e-09 4.95897e-09 4.47321e-09 4.03503e-09 3.63978e-09 3.28323e-09 2.96162e-09 2.67151e-09 2.40981e-09 2.17375e-09 1.96081e-09 1.76874e-09 1.59547e-09 1.43918e-09 1.2982e-09 1.17103e-09 1.05631e-09 9.52838e-10 8.59497e-10 7.753e-10 6.99351e-10 6.30842e-10 5.69044e-10 5.13299e-10 4.63015e-10 4.17657e-10 3.76742e-10 3.39836e-10 3.06544e-10 2.76514e-10 2.49426e-10 2.24991e-10 2.0295e-10 1.83068e-10 1.65134e-10 1.48956e-10 1.34364e-10 1.21201e-10 1.09327e-10 9.86169e-11 8.89557e-11 8.0241e-11 7.23801e-11 6.52892e-11 5.8893e-11 5.31234e-11 4.7919e-11 4.32244e-11 3.89898e-11 3.517e-11 3.17244e-11 2.86164e-11 2.58129e-11 2.3284e-11 2.10028e-11 1.89452e-11 1.70891e-11 1.54149e-11 1.39047e-11 1.25424e-11 1.13136e-11 1.02052e-11 9.20536e-12 8.30349e-12 7.48997e-12 6.75616e-12
7.14729e-05 1.65027e-07 1.48864e-07 1.34283e-07 1.21131e-07 1.09266e-07 9.85642e-08 8.89102e-08 8.02017e-08 7.23462e-08 6.52601e-08 5.8868e-08 5.3102e-08 4.79007e-08 4.32089e-08 3.89767e-08 3.51589e-08 3.17151e-08 2.86086e-08 2.58064e-08 2.32787e-08 2.09985e-08 1.89417e-08 1.70863e-08 1.54127e-08 1.3903e-08 1.25412e-08 1.13127e-08 1.02046e-08 9.20506e-09 8.30339e-09 7.49005e-09 6.75637e-09 6.09456e-09 5.49757e-09 4.95906e-09 4.4733e-09 4.03511e-09 3.63985e-09 3.28331e-09 2.96169e-09 2.67157e-09 2.40988e-09 2.17381e-09 1.96087e-09 1.76879e-09 1.59552e-09 1.43923e-09 1.29825e-09 1.17107e-09 1.05635e-09 9.52875e-10 8.59532e-10 7.75333e-10 6.99382e-10 6.3087e-10 5.6907e-10 5.13323e-10 4.63038e-10 4.17678e-10 3.76762e-10 3.39854e-10 3.06561e-10 2.76529e-10 2.4944e-10 2.25004e-10 2.02962e-10 1.83079e-10 1.65144e-10 1.48966e-10 1.34373e-10 1.21209e-10 1.09335e-10 9.86237e-11 8.8962e-11 8.02468e-11 7.23854e-11 6.52941e-11 5.88975e-11 5.31275e-11 4.79228e-11 4.32279e-11 3.8993e-11 3.51729e-11 3.17271e-11 2.86189e-11 2.58151e-11 2.32861e-11 2.10047e-11 1.89469e-11 1.70907e-11 1.54163e-11 1.3906e-11 1.25436e-11 1.13147e-11 1.02062e-11 9.20629e-12 8.30434e-12 7.49075e-12 6.75687e-12 6.09488e-12
6.44345e-05 1.48859e-07 1.34279e-07 1.21127e-07 1.09263e-07 9.85615e-08 8.89079e-08 8.01998e-08 7.23445e-08 6.52587e-08 5.88668e-08 5.3101e-08 4.78999e-08 4.32083e-08 3.89761e-08 3.51585e-08 3.17148e-08 2.86084e-08 2.58062e-08 2.32785e-08 2.09984e-08 1.89416e-08 1.70863e-08 1.54127e-08 1.3903e-08 1.25412e-08 1.13128e-08 1.02047e-08 9.20511e-09 8.30345e-09 7.49011e-09 6.75644e-09 6.09463e-09 5.49764e-09 4.95913e-09 4.47336e-09 4.03518e-09 3.63992e-09 3.28337e-09 2.96175e-09 2.67163e-09 2.40993e-09 2.17387e-09 1.96092e-09 1.76884e-09 1.59557e-09 1.43927e-09 1.29829e-09 1.17111e-09 1.05639e-09 9.5291e-10 8.59565e-10 7.75363e-10 6.9941e-10 6.30897e-10 5.69095e-10 5.13346e-10 4.63059e-10 4.17698e-10 3.7678e-10 3.39871e-10 3.06577e-10 2.76544e-10 2.49454e-10 2.25017e-10 2.02974e-10 1.8309e-10 1.65154e-10 1.48975e-10 1.34381e-10 1.21217e-10 1.09342e-10 9.86303e-11 8.89681e-11 8.02524e-11 7.23905e-11 6.52988e-11 5.89018e-11 5.31315e-11 4.79264e-11 4.32313e-11 3.89961e-11 3.51758e-11 3.17297e-11 2.86213e-11 2.58173e-11 2.32881e-11 2.10066e-11 1.89486e-11 1.70922e-11 1.54177e-11 1.39073e-11 1.25448e-11 1.13158e-11 1.02072e-11 9.2072e-12 8.30517e-12 7.49151e-12 6.75756e-12 6.09552e-12 5.49833e-12
5.80892e-05 1.34274e-07 1.21123e-07 1.0926e-07 9.85586e-08 8.89054e-08 8.01976e-08 7.23427e-08 6.52571e-08 5.88655e-08 5.30999e-08 4.7899e-08 4.32075e-08 3.89755e-08 3.51579e-08 3.17143e-08 2.8608e-08 2.58059e-08 2.32783e-08 2.09982e-08 1.89415e-08 1.70862e-08 1.54126e-08 1.3903e-08 1.25412e-08 1.13128e-08 1.02047e-08 9.20514e-09 8.30349e-09 7.49015e-09 6.75649e-09 6.09468e-09 5.49769e-09 4.95918e-09 4.47342e-09 4.03524e-09 3.63998e-09 3.28343e-09 2.96181e-09 2.67169e-09 2.40998e-09 2.17392e-09 1.96097e-09 1.76888e-09 1.59561e-09 1.43931e-09 1.29833e-09 1.17115e-09 1.05643e-09 9.52942e-10 8.59595e-10 7.75392e-10 6.99436e-10 6.30921e-10 5.69118e-10 5.13368e-10 4.63079e-10 4.17717e-10 3.76798e-10 3.39887e-10 3.06592e-10 2.76558e-10 2.49466e-10 2.25029e-10 2.02985e-10 1.831e-10 1.65163e-10 1.48984e-10 1.34389e-10 1.21224e-10 1.09349e-10 9.86366e-11 8.89739e-11 8.02578e-11 7.23955e-11 6.53033e-11 5.8906e-11 5.31353e-11 4.79299e-11 4.32345e-11 3.8999e-11 3.51785e-11 3.17322e-11 2.86236e-11 2.58194e-11 2.329e-11 2.10084e-11 1.89502e-11 1.70937e-11 1.54191e-11 1.39085e-11 1.25459e-11 1.13168e-11 1.02082e-11 9.20808e-12 8.30597e-12 7.49224e-12 6.75823e-12 6.09613e-12 5.49889e-12 4.96017e-12
5.23688e-05 1.21119e-07 1.09256e-07 9.85554e-08 8.89026e-08 8.01952e-08 7.23406e-08 6.52553e-08 5.8864e-08 5.30986e-08 4.78979e-08 4.32065e-08 3.89747e-08 3.51573e-08 3.17138e-08 2.86076e-08 2.58056e-08 2.3278e-08 2.0998e-08 1.89413e-08 1.70861e-08 1.54125e-08 1.39029e-08 1.25411e-08 1.13127e-08 1.02047e-08 9.20514e-09 8.3035e-09 7.49018e-09 6.75651e-09 6.09471e-09 5.49773e-09 4.95923e-09 4.47346e-09 4.03528e-09 3.64002e-09 3.28347e-09 2.96185e-09 2.67173e-09 2.41003e-09 2.17396e-09 1.96101e-09 1.76892e-09 1.59565e-09 1.43935e-09 1.29836e-09 1.17118e-09 1.05646e-09 9.52971e-10 8.59623e-10 7.75418e-10 6.99461e-10 6.30944e-10 5.69139e-10 5.13388e-10 4.63098e-10 4.17734e-10 3.76814e-10 3.39902e-10 3.06606e-10 2.76571e-10 2.49479e-10 2.2504e-10 2.02995e-10 1.8311e-10 1.65172e-10 1.48992e-10 1.34397e-10 1.21231e-10 1.09355e-10 9.86427e-11 8.89795e-11 8.02629e-11 7.24002e-11 6.53077e-11 5.891e-11 5.3139e-11 4.79333e-11 4.32376e-11 3.90019e-11 3.51811e-11 3.17346e-11 2.86258e-11 2.58215e-11 2.32919e-11 2.10101e-11 1.89518e-11 1.70952e-11 1.54204e-11 1.39098e-11 1.25471e-11 1.13179e-11 1.02091e-11 9.20893e-12 8.30675e-12 7.49296e-12 6.75889e-12 6.09673e-12 5.49944e-12 4.96067e-12 4.47467e-12
4.72117e-05 1.09252e-07 9.85519e-08 8.88996e-08 8.01926e-08 7.23384e-08 6.52534e-08 5.88623e-08 5.30972e-08 4.78967e-08 4.32055e-08 3.89738e-08 3.51565e-08 3.17132e-08 2.8607e-08 2.58051e-08 2.32776e-08 2.09977e-08 1.89411e-08 1.70859e-08 1.54124e-08 1.39028e-08 1.2541e-08 1.13127e-08 1.02046e-08 9.20511e-09 8.30349e-09 7.49018e-09 6.75652e-09 6.09473e-09 5.49776e-09 4.95925e-09 4.4735e-09 4.03532e-09 3.64006e-09 3.28351e-09 2.96189e-09 2.67177e-09 2.41006e-09 2.17399e-09 1.96105e-09 1.76896e-09 1.59568e-09 1.43938e-09 1.29839e-09 1.17121e-09 1.05648e-09 9.52998e-10 8.59648e-10 7.75441e-10 6.99483e-10 6.30965e-10 5.69159e-10 5.13407e-10 4.63115e-10 4.1775e-10 3.76829e-10 3.39916e-10 3.06619e-10 2.76583e-10 2.4949e-10 2.25051e-10 2.03005e-10 1.83119e-10 1.65181e-10 1.49e-10 1.34404e-10 1.21238e-10 1.09361e-10 9.86484e-11 8.89848e-11 8.02678e-11 7.24047e-11 6.53119e-11 5.89138e-11 5.31425e-11 4.79366e-11 4.32406e-11 3.90047e-11 3.51837e-11 3.1737e-11 2.86279e-11 2.58234e-11 2.32937e-11 2.10117e-11 1.89533e-11 1.70966e-11 1.54217e-11 1.39109e-11 1.25481e-11 1.13189e-11 1.021e-11 9.20976e-12 8.30751e-12 7.49365e-12 6.75952e-12 6.09731e-12 5.49997e-12 4.96115e-12 4.47512e-12 4.0367e-12
4.25624e-05 9.85481e-08 8.88963e-08 8.01898e-08 7.23359e-08 6.52513e-08 5.88605e-08 5.30956e-08 4.78953e-08 4.32043e-08 3.89728e-08 3.51557e-08 3.17124e-08 2.86064e-08 2.58046e-08 2.32772e-08 2.09973e-08 1.89408e-08 1.70856e-08 1.54122e-08 1.39026e-08 1.25409e-08 1.13126e-08 1.02046e-08 9.20506e-09 8.30345e-09 7.49015e-09 6.75651e-09 6.09473e-09 5.49776e-09 4.95927e-09 4.47352e-09 4.03534e-09 3.64008e-09 3.28354e-09 2.96192e-09 2.6718e-09 2.4101e-09 2.17403e-09 1.96108e-09 1.76899e-09 1.59571e-09 1.43941e-09 1.29842e-09 1.17124e-09 1.05651e-09 9.53022e-10 8.59671e-10 7.75463e-10 6.99504e-10 6.30985e-10 5.69177e-10 5.13424e-10 4.63132e-10 4.17766e-10 3.76843e-10 3.39929e-10 3.06631e-10 2.76595e-10 2.49501e-10 2.25061e-10 2.03014e-10 1.83128e-10 1.65189e-10 1.49007e-10 1.34411e-10 1.21244e-10 1.09367e-10 9.86539e-11 8.89899e-11 8.02725e-11 7.24091e-11 6.53159e-11 5.89175e-11 5.31459e-11 4.79397e-11 4.32435e-11 3.90073e-11 3.51861e-11 3.17392e-11 2.863e-11 2.58253e-11 2.32954e-11 2.10133e-11 1.89548e-11 1.70979e-11 1.5423e-11 1.39121e-11 1.25492e-11 1.13198e-11 1.02109e-11 9.21056e-12 8.30825e-12 7.49432e-12 6.76014e-12 6.09787e-12 5.50049e-12 4.96163e-12 4.47555e-12 4.03709e-12 3.64159e-12
3.8371e-05 8.88928e-08 8.01867e-08 7.23333e-08 6.5249e-08 5.88585e-08 5.30939e-08 4.78938e-08 4.32031e-08 3.89717e-08 3.51548e-08 3.17116e-08 2.86057e-08 2.5804e-08 2.32767e-08 2.09969e-08 1.89404e-08 1.70853e-08 1.54119e-08 1.39024e-08 1.25408e-08 1.13125e-08 1.02045e-08 9.20498e-09 8.30339e-09 7.49011e-09 6.75649e-09 6.09471e-09 5.49776e-09 4.95927e-09 4.47352e-09 4.03535e-09 3.6401e-09 3.28356e-09 2.96194e-09 2.67182e-09 2.41012e-09 2.17405e-09 1.9611e-09 1.76901e-09 1.59574e-09 1.43944e-09 1.29844e-09 1.17126e-09 1.05653e-09 9.53043e-10 8.59691e-10 7.75483e-10 6.99522e-10 6.31002e-10 5.69194e-10 5.1344e-10 4.63147e-10 4.1778e-10 3.76856e-10 3.39942e-10 3.06643e-10 2.76606e-10 2.49511e-10 2.2507e-10 2.03023e-10 1.83136e-10 1.65197e-10 1.49015e-10 1.34418e-10 1.2125e-10 1.09373e-10 9.86592e-11 8.89947e-11 8.0277e-11 7.24132e-11 6.53197e-11 5.8921e-11 5.31492e-11 4.79427e-11 4.32463e-11 3.90099e-11 3.51885e-11 3.17414e-11 2.8632e-11 2.58272e-11 2.32971e-11 2.10149e-11 1.89562e-11 1.70992e-11 1.54241e-11 1.39132e-11 1.25502e-11 1.13207e-11 1.02117e-11 9.21134e-12 8.30896e-12 7.49498e-12 6.76074e-12 6.09842e-12 5.50099e-12 4.96208e-12 4.47597e-12 4.03748e-12 3.64194e-12 3.28516e-12
3.45923e-05 8.01834e-08 7.23304e-08 6.52465e-08 5.88563e-08 5.3092e-08 4.78922e-08 4.32017e-08 3.89705e-08 3.51537e-08 3.17107e-08 2.8605e-08 2.58034e-08 2.32762e-08 2.09964e-08 1.894e-08 1.7085e-08 1.54116e-08 1.39022e-08 1.25406e-08 1.13123e-08 1.02043e-08 9.20488e-09 8.30331e-09 7.49005e-09 6.75644e-09 6.09468e-09 5.49773e-09 4.95925e-09 4.47351e-09 4.03535e-09 3.6401e-09 3.28357e-09 2.96195e-09 2.67184e-09 2.41014e-09 2.17407e-09 1.96112e-09 1.76903e-09 1.59576e-09 1.43946e-09 1.29846e-09 1.17128e-09 1.05655e-09 9.53062e-10 8.59709e-10 7.755e-10 6.99539e-10 6.31018e-10 5.69209e-10 5.13454e-10 4.6316e-10 4.17792e-10 3.76869e-10 3.39953e-10 3.06654e-10 2.76616e-10 2.4952e-10 2.25079e-10 2.03031e-10 1.83143e-10 1.65204e-10 1.49021e-10 1.34424e-10 1.21256e-10 1.09378e-10 9.86641e-11 8.89993e-11 8.02812e-11 7.24171e-11 6.53233e-11 5.89244e-11 5.31523e-11 4.79456e-11 4.32489e-11 3.90123e-11 3.51907e-11 3.17435e-11 2.86339e-11 2.58289e-11 2.32987e-11 2.10164e-11 1.89576e-11 1.71005e-11 1.54253e-11 1.39142e-11 1.25512e-11 1.13216e-11 1.02125e-11 9.21209e-12 8.30965e-12 7.49561e-12 6.76132e-12 6.09895e-12 5.50148e-12 4.96253e-12 4.47638e-12 4.03785e-12 3.64228e-12 3.28547e-12 2.96361e-12
3.11858e-05 7.23273e-08 6.52438e-08 5.8854e-08 5.309e-08 4.78904e-08 4.32001e-08 3.89692e-08 3.51526e-08 3.17098e-08 2.86041e-08 2.58026e-08 2.32755e-08 2.09959e-08 1.89396e-08 1.70846e-08 1.54113e-08 1.39019e-08 1.25403e-08 1.13121e-08 1.02042e-08 9.20475e-09 8.30321e-09 7.48996e-09 6.75637e-09 6.09463e-09 5.49769e-09 4.95923e-09 4.4735e-09 4.03534e-09 3.6401e-09 3.28357e-09 2.96195e-09 2.67184e-09 2.41015e-09 2.17408e-09 1.96114e-09 1.76905e-09 1.59577e-09 1.43947e-09 1.29848e-09 1.17129e-09 1.05657e-09 9.53078e-10 8.59725e-10 7.75515e-10 6.99554e-10 6.31032e-10 5.69223e-10 5.13467e-10 4.63172e-10 4.17804e-10 3.7688e-10 3.39964e-10 3.06664e-10 2.76625e-10 2.49529e-10 2.25087e-10 2.03039e-10 1.83151e-10 1.6521e-10 1.49027e-10 1.3443e-10 1.21262e-10 1.09383e-10 9.86688e-11 8.90036e-11 8.02852e-11 7.24208e-11 6.53268e-11 5.89276e-11 5.31552e-11 4.79483e-11 4.32514e-11 3.90146e-11 3.51929e-11 3.17454e-11 2.86357e-11 2.58306e-11 2.33003e-11 2.10178e-11 1.89589e-11 1.71017e-11 1.54264e-11 1.39152e-11 1.25521e-11 1.13225e-11 1.02133e-11 9.21281e-12 8.31031e-12 7.49622e-12 6.76188e-12 6.09947e-12 5.50195e-12 4.96296e-12 4.47677e-12 4.03821e-12 3.64262e-12 3.28577e-12 2.96388e-12 2.67353e-12
2.81147e-05 6.52409e-08 5.88515e-08 5.30878e-08 4.78885e-08 4.31985e-08 3.89677e-08 3.51513e-08 3.17087e-08 2.86032e-08 2.58018e-08 2.32748e-08 2.09953e-08 1.89391e-08 1.70842e-08 1.54109e-08 1.39016e-08 1.25401e-08 1.13119e-08 1.0204e-08 9.20459e-09 8.30308e-09 7.48986e-09 6.75628e-09 6.09456e-09 5.49764e-09 4.95918e-09 4.47346e-09 4.03532e-09 3.64008e-09 3.28356e-09 2.96195e-09 2.67184e-09 2.41015e-09 2.17409e-09 1.96114e-09 1.76906e-09 1.59579e-09 1.43948e-09 1.29849e-09 1.17131e-09 1.05658e-09 9.53091e-10 8.59738e-10 7.75528e-10 6.99566e-10 6.31045e-10 5.69234e-10 5.13478e-10 4.63183e-10 4.17815e-10 3.7689e-10 3.39973e-10 3.06672e-10 2.76634e-10 2.49537e-10 2.25094e-10 2.03046e-10 1.83157e-10 1.65217e-10 1.49033e-10 1.34435e-10 1.21267e-10 1.09388e-10 9.86731e-11 8.90077e-11 8.0289e-11 7.24243e-11 6.533e-11 5.89306e-11 5.3158e-11 4.79509e-11 4.32538e-11 3.90169e-11 3.51949e-11 3.17473e-11 2.86375e-11 2.58322e-11 2.33017e-11 2.10192e-11 1.89602e-11 1.71029e-11 1.54275e-11 1.39162e-11 1.2553e-11 1.13233e-11 1.02141e-11 9.21351e-12 8.31096e-12 7.49681e-12 6.76242e-12 6.09996e-12 5.5024e-12 4.96338e-12 4.47716e-12 4.03857e-12 3.64294e-12 3.28607e-12 2.96415e-12 2.67378e-12 2.41184e-12
2.53461e-05 5.88488e-08 5.30854e-08 4.78865e-08 4.31967e-08 3.89662e-08 3.515e-08 3.17075e-08 2.86022e-08 2.5801e-08 2.32741e-08 2.09947e-08 1.89385e-08 1.70837e-08 1.54105e-08 1.39012e-08 1.25398e-08 1.13116e-08 1.02038e-08 9.20441e-09 8.30293e-09 7.48973e-09 6.75618e-09 6.09447e-09 5.49757e-09 4.95913e-09 4.47342e-09 4.03528e-09 3.64006e-09 3.28354e-09 2.96194e-09 2.67184e-09 2.41015e-09 2.17409e-09 1.96115e-09 1.76906e-09 1.59579e-09 1.43949e-09 1.2985e-09 1.17132e-09 1.05659e-09 9.53102e-10 8.59749e-10 7.75539e-10 6.99577e-10 6.31055e-10 5.69245e-10 5.13488e-10 4.63193e-10 4.17824e-10 3.76899e-10 3.39982e-10 3.06681e-10 2.76641e-10 2.49544e-10 2.25101e-10 2.03053e-10 1.83163e-10 1.65222e-10 1.49039e-10 1.3444e-10 1.21271e-10 1.09393e-10 9.86773e-11 8.90115e-11 8.02926e-11 7.24277e-11 6.53331e-11 5.89335e-11 5.31607e-11 4.79534e-11 4.32561e-11 3.9019e-11 3.51969e-11 3.17491e-11 2.86391e-11 2.58337e-11 2.33032e-11 2.10205e-11 1.89614e-11 1.7104e-11 1.54285e-11 1.39172e-11 1.25539e-11 1.13241e-11 1.02148e-11 9.21419e-12 8.31158e-12 7.49738e-12 6.76294e-12 6.10044e-12 5.50284e-12 4.96378e-12 4.47753e-12 4.0389e-12 3.64325e-12 3.28635e-12 2.96441e-12 2.67401e-12 2.41206e-12 2.17577e-12
2.28501e-05 5.3083e-08 4.78843e-08 4.31948e-08 3.89645e-08 3.51485e-08 3.17063e-08 2.86011e-08 2.58e-08 2.32733e-08 2.0994e-08 1.89379e-08 1.70832e-08 1.54101e-08 1.39008e-08 1.25394e-08 1.13113e-08 1.02035e-08 9.2042e-09 8.30275e-09 7.48958e-09 6.75606e-09 6.09437e-09 5.49748e-09 4.95906e-09 4.47336e-09 4.03524e-09 3.64002e-09 3.28351e-09 2.96192e-09 2.67182e-09 2.41014e-09 2.17408e-09 1.96114e-09 1.76906e-09 1.59579e-09 1.4395e-09 1.29851e-09 1.17132e-09 1.0566e-09 9.5311e-10 8.59757e-10 7.75548e-10 6.99586e-10 6.31064e-10 5.69254e-10 5.13497e-10 4.63201e-10 4.17832e-10 3.76906e-10 3.39989e-10 3.06688e-10 2.76648e-10 2.49551e-10 2.25108e-10 2.03058e-10 1.83169e-10 1.65228e-10 1.49044e-10 1.34445e-10 1.21276e-10 1.09397e-10 9.86811e-11 8.90151e-11 8.02959e-11 7.24308e-11 6.5336e-11 5.89362e-11 5.31632e-11 4.79557e-11 4.32583e-11 3.9021e-11 3.51987e-11 3.17508e-11 2.86407e-11 2.58352e-11 2.33045e-11 2.10217e-11 1.89625e-11 1.7105e-11 1.54295e-11 1.39181e-11 1.25547e-11 1.13249e-11 1.02155e-11 9.21484e-12 8.31217e-12 7.49793e-12 6.76344e-12 6.10091e-12 5.50327e-12 4.96417e-12 4.47789e-12 4.03923e-12 3.64355e-12 3.28663e-12 2.96467e-12 2.67425e-12 2.41228e-12 2.17597e-12 1.9628e-12
2.05999e-05 4.7882e-08 4.31928e-08 3.89628e-08 3.5147e-08 3.17049e-08 2.85999e-08 2.5799e-08 2.32724e-08 2.09932e-08 1.89372e-08 1.70826e-08 1.54096e-08 1.39004e-08 1.25391e-08 1.1311e-08 1.02032e-08 9.20397e-09 8.30255e-09 7.48941e-09 6.75591e-09 6.09425e-09 5.49738e-09 4.95897e-09 4.47329e-09 4.03518e-09 3.63997e-09 3.28347e-09 2.96189e-09 2.6718e-09 2.41012e-09 2.17407e-09 1.96114e-09 1.76906e-09 1.59579e-09 1.4395e-09 1.29851e-09 1.17133e-09 1.0566e-09 9.53115e-10 8.59763e-10 7.75554e-10 6.99593e-10 6.31071e-10 5.69261e-10 5.13504e-10 4.63209e-10 4.17839e-10 3.76913e-10 3.39996e-10 3.06694e-10 2.76654e-10 2.49557e-10 2.25113e-10 2.03064e-10 1.83174e-10 1.65232e-10 1.49048e-10 1.34449e-10 1.2128e-10 1.094e-10 9.86847e-11 8.90185e-11 8.02991e-11 7.24337e-11 6.53387e-11 5.89387e-11 5.31656e-11 4.79579e-11 4.32603e-11 3.90229e-11 3.52005e-11 3.17525e-11 2.86422e-11 2.58366e-11 2.33058e-11 2.10229e-11 1.89636e-11 1.7106e-11 1.54304e-11 1.39189e-11 1.25555e-11 1.13256e-11 1.02162e-11 9.21546e-12 8.31275e-12 7.49846e-12 6.76393e-12 6.10135e-12 5.50368e-12 4.96455e-12 4.47823e-12 4.03955e-12 3.64384e-12 3.28689e-12 2.96491e-12 2.67447e-12 2.41248e-12 2.17615e-12 1.96298e-12 1.77068e-12
1.85713e-05 4.31906e-08 3.89609e-08 3.51453e-08 3.17035e-08 2.85987e-08 2.57979e-08 2.32714e-08 2.09923e-08 1.89365e-08 1.70819e-08 1.5409e-08 1.38999e-08 1.25386e-08 1.13107e-08 1.02029e-08 9.20371e-09 8.30233e-09 7.48922e-09 6.75575e-09 6.09411e-09 5.49727e-09 4.95888e-09 4.47321e-09 4.03511e-09 3.63992e-09 3.28343e-09 2.96185e-09 2.67177e-09 2.41009e-09 2.17405e-09 1.96112e-09 1.76905e-09 1.59578e-09 1.43949e-09 1.2985e-09 1.17133e-09 1.0566e-09 9.53118e-10 8.59767e-10 7.75558e-10 6.99598e-10 6.31076e-10 5.69266e-10 5.1351e-10 4.63214e-10 4.17845e-10 3.76919e-10 3.40001e-10 3.067e-10 2.7666e-10 2.49562e-10 2.25118e-10 2.03069e-10 1.83179e-10 1.65237e-10 1.49052e-10 1.34453e-10 1.21283e-10 1.09404e-10 9.86879e-11 8.90216e-11 8.0302e-11 7.24364e-11 6.53413e-11 5.89411e-11 5.31678e-11 4.796e-11 4.32622e-11 3.90246e-11 3.52021e-11 3.1754e-11 2.86436e-11 2.58379e-11 2.3307e-11 2.1024e-11 1.89647e-11 1.7107e-11 1.54313e-11 1.39198e-11 1.25563e-11 1.13263e-11 1.02169e-11 9.21606e-12 8.3133e-12 7.49896e-12 6.7644e-12 6.10178e-12 5.50407e-12 4.96491e-12 4.47856e-12 4.03986e-12 3.64412e-12 3.28715e-12 2.96515e-12 2.67469e-12 2.41268e-12 2.17634e-12 1.96314e-12 1.77084e-12 1.59737e-12
1.67424e-05 3.89589e-08 3.51436e-08 3.17019e-08 2.85973e-08 2.57967e-08 2.32704e-08 2.09915e-08 1.89357e-08 1.70813e-08 1.54084e-08 1.38994e-08 1.25382e-08 1.13103e-08 1.02026e-08 9.20342e-09 8.30208e-09 7.48901e-09 6.75557e-09 6.09396e-09 5.49713e-09 4.95876e-09 4.47312e-09 4.03503e-09 3.63985e-09 3.28337e-09 2.9618e-09 2.67173e-09 2.41006e-09 2.17402e-09 1.9611e-09 1.76903e-09 1.59577e-09 1.43948e-09 1.2985e-09 1.17132e-09 1.0566e-09 9.53118e-10 8.59768e-10 7.7556e-10 6.996e-10 6.3108e-10 5.6927e-10 5.13514e-10 4.63219e-10 4.17849e-10 3.76924e-10 3.40006e-10 3.06704e-10 2.76664e-10 2.49567e-10 2.25123e-10 2.03073e-10 1.83183e-10 1.65241e-10 1.49056e-10 1.34456e-10 1.21287e-10 1.09407e-10 9.8691e-11 8.90244e-11 8.03046e-11 7.24389e-11 6.53436e-11 5.89433e-11 5.31698e-11 4.79619e-11 4.3264e-11 3.90263e-11 3.52037e-11 3.17555e-11 2.8645e-11 2.58392e-11 2.33082e-11 2.10251e-11 1.89657e-11 1.71079e-11 1.54322e-11 1.39206e-11 1.2557e-11 1.1327e-11 1.02175e-11 9.21663e-12 8.31383e-12 7.49945e-12 6.76484e-12 6.10219e-12 5.50445e-12 4.96526e-12 4.47889e-12 4.04015e-12 3.64439e-12 3.2874e-12 2.96538e-12 2.6749e-12 2.41287e-12 2.17651e-12 1.96331e-12 1.77099e-12 1.5975e-12 1.44101e-12
1.50937e-05 3.51418e-08 3.17003e-08 2.85959e-08 2.57955e-08 2.32693e-08 2.09905e-08 1.89349e-08 1.70805e-08 1.54078e-08 1.38989e-08 1.25377e-08 1.13099e-08 1.02023e-08 9.20311e-09 8.30181e-09 7.48878e-09 6.75537e-09 6.09378e-09 5.49699e-09 4.95864e-09 4.47301e-09 4.03494e-09 3.63977e-09 3.28331e-09 2.96175e-09 2.67168e-09 2.41003e-09 2.17399e-09 1.96108e-09 1.76901e-09 1.59576e-09 1.43947e-09 1.29849e-09 1.17132e-09 1.0566e-09 9.53115e-10 8.59766e-10 7.7556e-10 6.99601e-10 6.31082e-10 5.69272e-10 5.13517e-10 4.63222e-10 4.17853e-10 3.76927e-10 3.4001e-10 3.06708e-10 2.76668e-10 2.4957e-10 2.25126e-10 2.03077e-10 1.83186e-10 1.65244e-10 1.49059e-10 1.3446e-10 1.2129e-10 1.0941e-10 9.86937e-11 8.9027e-11 8.03071e-11 7.24412e-11 6.53458e-11 5.89453e-11 5.31718e-11 4.79637e-11 4.32657e-11 3.90279e-11 3.52051e-11 3.17568e-11 2.86463e-11 2.58404e-11 2.33093e-11 2.10261e-11 1.89666e-11 1.71088e-11 1.5433e-11 1.39213e-11 1.25577e-11 1.13276e-11 1.02181e-11 9.21718e-12 8.31433e-12 7.49992e-12 6.76527e-12 6.10259e-12 5.50482e-12 4.9656e-12 4.47919e-12 4.04044e-12 3.64466e-12 3.28764e-12 2.9656e-12 2.6751e-12 2.41306e-12 2.17668e-12 1.96346e-12 1.77113e-12 1.59763e-12 1.44113e-12 1.29996e-12
1.36073e-05 3.16986e-08 2.85944e-08 2.57942e-08 2.32682e-08 2.09895e-08 1.8934e-08 1.70798e-08 1.54071e-08 1.38983e-08 1.25372e-08 1.13094e-08 1.02019e-08 9.20277e-09 8.30152e-09 7.48853e-09 6.75515e-09 6.09359e-09 5.49682e-09 4.9585e-09 4.47289e-09 4.03484e-09 3.63969e-09 3.28323e-09 2.96169e-09 2.67163e-09 2.40998e-09 2.17396e-09 1.96105e-09 1.76899e-09 1.59574e-09 1.43945e-09 1.29848e-09 1.17131e-09 1.05659e-09 9.53109e-10 8.59763e-10 7.75558e-10 6.996e-10 6.31081e-10 5.69273e-10 5.13518e-10 4.63224e-10 4.17855e-10 3.7693e-10 3.40013e-10 3.06711e-10 2.76671e-10 2.49573e-10 2.2513e-10 2.0308e-10 1.83189e-10 1.65247e-10 1.49062e-10 1.34462e-10 1.21293e-10 1.09413e-10 9.86962e-11 8.90293e-11 8.03093e-11 7.24433e-11 6.53478e-11 5.89472e-11 5.31735e-11 4.79653e-11 4.32673e-11 3.90293e-11 3.52065e-11 3.17581e-11 2.86474e-11 2.58415e-11 2.33103e-11 2.10271e-11 1.89675e-11 1.71096e-11 1.54338e-11 1.3922e-11 1.25583e-11 1.13282e-11 1.02186e-11 9.2177e-12 8.31481e-12 7.50036e-12 6.76568e-12 6.10297e-12 5.50517e-12 4.96592e-12 4.47949e-12 4.04071e-12 3.64491e-12 3.28787e-12 2.96581e-12 2.6753e-12 2.41324e-12 2.17685e-12 1.96361e-12 1.77127e-12 1.59776e-12 1.44125e-12 1.30007e-12 1.17272e-12
1.22673e-05 2.85928e-08 2.57928e-08 2.32669e-08 2.09884e-08 1.89331e-08 1.7079e-08 1.54064e-08 1.38977e-08 1.25367e-08 1.13089e-08 1.02014e-08 9.20241e-09 8.3012e-09 7.48825e-09 6.75491e-09 6.09339e-09 5.49665e-09 4.95834e-09 4.47276e-09 4.03472e-09 3.63959e-09 3.28315e-09 2.96162e-09 2.67157e-09 2.40993e-09 2.17391e-09 1.96101e-09 1.76896e-09 1.59571e-09 1.43943e-09 1.29846e-09 1.17129e-09 1.05658e-09 9.53101e-10 8.59757e-10 7.75554e-10 6.99597e-10 6.3108e-10 5.69272e-10 5.13518e-10 4.63225e-10 4.17856e-10 3.76931e-10 3.40015e-10 3.06713e-10 2.76674e-10 2.49576e-10 2.25132e-10 2.03082e-10 1.83192e-10 1.6525e-10 1.49065e-10 1.34465e-10 1.21295e-10 1.09415e-10 9.86983e-11 8.90314e-11 8.03113e-11 7.24452e-11 6.53496e-11 5.89489e-11 5.31751e-11 4.79669e-11 4.32687e-11 3.90307e-11 3.52078e-11 3.17593e-11 2.86486e-11 2.58425e-11 2.33113e-11 2.1028e-11 1.89683e-11 1.71104e-11 1.54345e-11 1.39227e-11 1.2559e-11 1.13288e-11 1.02192e-11 9.2182e-12 8.31527e-12 7.50078e-12 6.76608e-12 6.10333e-12 5.5055e-12 4.96623e-12 4.47977e-12 4.04097e-12 3.64515e-12 3.28809e-12 2.96602e-12 2.67548e-12 2.41341e-12 2.17701e-12 1.96376e-12 1.7714e-12 1.59788e-12 1.44136e-12 1.30017e-12 1.17282e-12 1.05793e-12
1.10593e-05 2.57913e-08 2.32656e-08 2.09873e-08 1.89321e-08 1.70781e-08 1.54057e-08 1.3897e-08 1.25361e-08 1.13084e-08 1.0201e-08 9.20202e-09 8.30086e-09 7.48796e-09 6.75465e-09 6.09316e-09 5.49645e-09 4.95818e-09 4.47261e-09 4.0346e-09 3.63948e-09 3.28306e-09 2.96154e-09 2.6715e-09 2.40987e-09 2.17386e-09 1.96097e-09 1.76892e-09 1.59568e-09 1.43941e-09 1.29844e-09 1.17128e-09 1.05657e-09 9.53091e-10 8.59748e-10 7.75547e-10 6.99592e-10 6.31076e-10 5.6927e-10 5.13517e-10 4.63224e-10 4.17856e-10 3.76932e-10 3.40016e-10 3.06715e-10 2.76675e-10 2.49578e-10 2.25134e-10 2.03084e-10 1.83194e-10 1.65252e-10 1.49067e-10 1.34467e-10 1.21297e-10 1.09417e-10 9.87003e-11 8.90333e-11 8.03131e-11 7.2447e-11 6.53512e-11 5.89505e-11 5.31766e-11 4.79683e-11 4.327e-11 3.90319e-11 3.52089e-11 3.17604e-11 2.86496e-11 2.58435e-11 2.33122e-11 2.10288e-11 1.89691e-11 1.71112e-11 1.54352e-11 1.39233e-11 1.25596e-11 1.13294e-11 1.02197e-11 9.21867e-12 8.31571e-12 7.50119e-12 6.76645e-12 6.10368e-12 5.50582e-12 4.96652e-12 4.48005e-12 4.04122e-12 3.64538e-12 3.28831e-12 2.96621e-12 2.67566e-12 2.41358e-12 2.17716e-12 1.9639e-12 1.77153e-12 1.598e-12 1.44147e-12 1.30027e-12 1.17291e-12 1.05802e-12 9.54378e-13
9.97018e-06 2.32643e-08 2.09861e-08 1.8931e-08 1.70772e-08 1.54048e-08 1.38963e-08 1.25355e-08 1.13079e-08 1.02005e-08 9.2016e-09 8.3005e-09 7.48764e-09 6.75438e-09 6.09292e-09 5.49624e-09 4.95799e-09 4.47245e-09 4.03446e-09 3.63936e-09 3.28295e-09 2.96145e-09 2.67143e-09 2.40981e-09 2.17381e-09 1.96092e-09 1.76888e-09 1.59565e-09 1.43938e-09 1.29842e-09 1.17126e-09 1.05655e-09 9.53077e-10 8.59737e-10 7.75538e-10 6.99585e-10 6.31071e-10 5.69266e-10 5.13514e-10 4.63222e-10 4.17855e-10 3.76931e-10 3.40016e-10 3.06715e-10 2.76676e-10 2.49579e-10 2.25135e-10 2.03086e-10 1.83195e-10 1.65253e-10 1.49068e-10 1.34469e-10 1.21299e-10 1.09418e-10 9.87019e-11 8.90349e-11 8.03146e-11 7.24485e-11 6.53527e-11 5.89519e-11 5.31779e-11 4.79695e-11 4.32712e-11 3.90331e-11 3.521e-11 3.17614e-11 2.86505e-11 2.58444e-11 2.3313e-11 2.10296e-11 1.89699e-11 1.71118e-11 1.54358e-11 1.39239e-11 1.25601e-11 1.13299e-11 1.02202e-11 9.21911e-12 8.31612e-12 7.50157e-12 6.7668e-12 6.104e-12 5.50612e-12 4.9668e-12 4.48031e-12 4.04146e-12 3.6456e-12 3.28851e-12 2.9664e-12 2.67584e-12 2.41374e-12 2.17731e-12 1.96404e-12 1.77165e-12 1.59812e-12 1.44158e-12 1.30037e-12 1.173e-12 1.0581e-12 9.54452e-13 8.6096e-13
8.98835e-06 2.09849e-08 1.89299e-08 1.70762e-08 1.5404e-08 1.38955e-08 1.25348e-08 1.13073e-08 1.02e-08 9.20116e-09 8.30011e-09 7.4873e-09 6.75408e-09 6.09267e-09 5.49602e-09 4.9578e-09 4.47228e-09 4.03431e-09 3.63923e-09 3.28284e-09 2.96135e-09 2.67135e-09 2.40974e-09 2.17375e-09 1.96087e-09 1.76884e-09 1.59561e-09 1.43935e-09 1.29839e-09 1.17123e-09 1.05653e-09 9.53061e-10 8.59724e-10 7.75527e-10 6.99576e-10 6.31064e-10 5.6926e-10 5.13509e-10 4.63219e-10 4.17853e-10 3.7693e-10 3.40015e-10 3.06715e-10 2.76676e-10 2.49579e-10 2.25136e-10 2.03086e-10 1.83196e-10 1.65254e-10 1.4907e-10 1.3447e-10 1.213e-10 1.0942e-10 9.87033e-11 8.90362e-11 8.0316e-11 7.24498e-11 6.53539e-11 5.89531e-11 5.31791e-11 4.79707e-11 4.32723e-11 3.90341e-11 3.5211e-11 3.17623e-11 2.86514e-11 2.58452e-11 2.33138e-11 2.10304e-11 1.89705e-11 1.71125e-11 1.54364e-11 1.39245e-11 1.25606e-11 1.13304e-11 1.02206e-11 9.21953e-12 8.31651e-12 7.50193e-12 6.76714e-12 6.10431e-12 5.50641e-12 4.96707e-12 4.48055e-12 4.04169e-12 3.64581e-12 3.28871e-12 2.96658e-12 2.676e-12 2.41389e-12 2.17745e-12 1.96417e-12 1.77177e-12 1.59823e-12 1.44168e-12 1.30046e-12 1.17308e-12 1.05817e-12 9.54524e-13 8.61026e-13 7.76686e-13
8.1032e-06 1.89288e-08 1.70752e-08 1.54031e-08 1.38948e-08 1.25341e-08 1.13067e-08 1.01995e-08 9.20069e-09 8.2997e-09 7.48694e-09 6.75377e-09 6.09239e-09 5.49578e-09 4.95759e-09 4.4721e-09 4.03416e-09 3.6391e-09 3.28272e-09 2.96125e-09 2.67125e-09 2.40966e-09 2.17368e-09 1.96081e-09 1.76879e-09 1.59557e-09 1.43931e-09 1.29836e-09 1.17121e-09 1.05651e-09 9.53042e-10 8.59708e-10 7.75514e-10 6.99566e-10 6.31055e-10 5.69253e-10 5.13504e-10 4.63214e-10 4.17849e-10 3.76927e-10 3.40013e-10 3.06713e-10 2.76675e-10 2.49579e-10 2.25136e-10 2.03087e-10 1.83197e-10 1.65255e-10 1.4907e-10 1.34471e-10 1.21301e-10 1.09421e-10 9.87043e-11 8.90373e-11 8.03171e-11 7.24509e-11 6.5355e-11 5.89541e-11 5.31801e-11 4.79716e-11 4.32733e-11 3.9035e-11 3.52119e-11 3.17631e-11 2.86522e-11 2.58459e-11 2.33145e-11 2.1031e-11 1.89712e-11 1.71131e-11 1.54369e-11 1.3925e-11 1.25611e-11 1.13308e-11 1.0221e-11 9.21993e-12 8.31688e-12 7.50227e-12 6.76746e-12 6.10461e-12 5.50668e-12 4.96732e-12 4.48079e-12 4.0419e-12 3.64601e-12 3.28889e-12 2.96675e-12 2.67616e-12 2.41403e-12 2.17758e-12 1.96429e-12 1.77189e-12 1.59833e-12 1.44178e-12 1.30055e-12 1.17316e-12 1.05825e-12 9.54594e-13 8.6109e-13 7.76745e-13 7.00661e-13
7.30522e-06 1.70741e-08 1.54022e-08 1.38939e-08 1.25334e-08 1.13061e-08 1.01989e-08 9.2002e-09 8.29927e-09 7.48656e-09 6.75343e-09 6.0921e-09 5.49552e-09 4.95736e-09 4.47191e-09 4.03399e-09 3.63895e-09 3.28259e-09 2.96114e-09 2.67116e-09 2.40957e-09 2.17361e-09 1.96075e-09 1.76873e-09 1.59552e-09 1.43927e-09 1.29832e-09 1.17118e-09 1.05648e-09 9.53021e-10 8.5969e-10 7.75499e-10 6.99553e-10 6.31044e-10 5.69244e-10 5.13496e-10 4.63208e-10 4.17844e-10 3.76923e-10 3.4001e-10 3.06711e-10 2.76673e-10 2.49577e-10 2.25135e-10 2.03086e-10 1.83197e-10 1.65255e-10 1.49071e-10 1.34471e-10 1.21302e-10 1.09422e-10 9.87052e-11 8.90382e-11 8.0318e-11 7.24518e-11 6.53559e-11 5.8955e-11 5.3181e-11 4.79725e-11 4.32741e-11 3.90358e-11 3.52126e-11 3.17639e-11 2.86529e-11 2.58466e-11 2.33152e-11 2.10316e-11 1.89717e-11 1.71136e-11 1.54375e-11 1.39255e-11 1.25616e-11 1.13312e-11 1.02214e-11 9.22029e-12 8.31722e-12 7.50259e-12 6.76775e-12 6.10489e-12 5.50694e-12 4.96756e-12 4.48101e-12 4.04211e-12 3.6462e-12 3.28907e-12 2.96691e-12 2.67631e-12 2.41417e-12 2.17771e-12 1.96441e-12 1.772e-12 1.59843e-12 1.44187e-12 1.30064e-12 1.17324e-12 1.05832e-12 9.5466e-13 8.61151e-13 7.76801e-13 7.00713e-13 6.32077e-13
6.58583e-06 1.54012e-08 1.38931e-08 1.25326e-08 1.13054e-08 1.01983e-08 9.19968e-09 8.29881e-09 7.48616e-09 6.75308e-09 6.09179e-09 5.49525e-09 4.95713e-09 4.4717e-09 4.0338e-09 3.63879e-09 3.28245e-09 2.96101e-09 2.67105e-09 2.40948e-09 2.17353e-09 1.96068e-09 1.76867e-09 1.59547e-09 1.43923e-09 1.29829e-09 1.17115e-09 1.05646e-09 9.52997e-10 8.59669e-10 7.75482e-10 6.99538e-10 6.31032e-10 5.69234e-10 5.13488e-10 4.63201e-10 4.17839e-10 3.76919e-10 3.40006e-10 3.06708e-10 2.76671e-10 2.49576e-10 2.25134e-10 2.03085e-10 1.83196e-10 1.65255e-10 1.49071e-10 1.34471e-10 1.21302e-10 1.09422e-10 9.87057e-11 8.90388e-11 8.03186e-11 7.24524e-11 6.53566e-11 5.89558e-11 5.31818e-11 4.79732e-11 4.32748e-11 3.90365e-11 3.52133e-11 3.17645e-11 2.86535e-11 2.58472e-11 2.33157e-11 2.10322e-11 1.89723e-11 1.71141e-11 1.54379e-11 1.39259e-11 1.2562e-11 1.13316e-11 1.02218e-11 9.22064e-12 8.31754e-12 7.50289e-12 6.76803e-12 6.10515e-12 5.50718e-12 4.96779e-12 4.48122e-12 4.04231e-12 3.64638e-12 3.28923e-12 2.96707e-12 2.67646e-12 2.41431e-12 2.17783e-12 1.96452e-12 1.7721e-12 1.59853e-12 1.44196e-12 1.30072e-12 1.17332e-12 1.05839e-12 9.54724e-13 8.6121e-13 7.76855e-13 7.00763e-13 6.32123e-13 5.70207e-13
5.93728e-06 1.38922e-08 1.25318e-08 1.13047e-08 1.01977e-08 9.19913e-09 8.29833e-09 7.48574e-09 6.75271e-09 6.09146e-09 5.49496e-09 4.95688e-09 4.47148e-09 4.03361e-09 3.63862e-09 3.28231e-09 2.96089e-09 2.67094e-09 2.40938e-09 2.17344e-09 1.9606e-09 1.76861e-09 1.59541e-09 1.43918e-09 1.29824e-09 1.17111e-09 1.05642e-09 9.5297e-10 8.59646e-10 7.75462e-10 6.99521e-10 6.31017e-10 5.69222e-10 5.13478e-10 4.63192e-10 4.17832e-10 3.76913e-10 3.40001e-10 3.06704e-10 2.76668e-10 2.49573e-10 2.25132e-10 2.03084e-10 1.83195e-10 1.65254e-10 1.4907e-10 1.34471e-10 1.21302e-10 1.09422e-10 9.8706e-11 8.90392e-11 8.03191e-11 7.24529e-11 6.53572e-11 5.89563e-11 5.31823e-11 4.79738e-11 4.32754e-11 3.90371e-11 3.52139e-11 3.17651e-11 2.86541e-11 2.58477e-11 2.33162e-11 2.10327e-11 1.89727e-11 1.71146e-11 1.54384e-11 1.39263e-11 1.25624e-11 1.1332e-11 1.02221e-11 9.22095e-12 8.31784e-12 7.50317e-12 6.76829e-12 6.10539e-12 5.50741e-12 4.968e-12 4.48141e-12 4.04249e-12 3.64655e-12 3.28939e-12 2.96721e-12 2.67659e-12 2.41443e-12 2.17795e-12 1.96463e-12 1.7722e-12 1.59862e-12 1.44204e-12 1.3008e-12 1.17339e-12 1.05846e-12 9.54786e-13 8.61267e-13 7.76907e-13 7.00811e-13 6.32167e-13 5.70247e-13 5.14392e-13
