0.985782 0.0035143 0.00175926 0.000883808 0.000445552 0.000225383 0.000114392 5.82481e-05 2.97533e-05 1.52443e-05 7.83336e-06 4.03646e-06 2.08548e-06 1.0802e-06 5.60825e-07 2.91818e-07 1.52158e-07 7.94881e-08 4.15979e-08 2.1804e-08 1.14453e-08 6.01572e-09 3.16555e-09 1.66746e-09 8.79103e-10 4.63803e-10 2.44803e-10 1.29175e-10 6.79806e-11 3.53676e-11 1.86892e-11
0.0035143 2.29165e-05 1.15055e-05 5.79878e-06 2.93332e-06 1.48895e-06 7.5821e-07 3.87234e-07 1.98296e-07 1.01787e-07 5.23584e-08 2.69825e-08 1.39274e-08 7.19852e-09 3.72483e-09 1.92916e-09 9.99883e-10 5.18528e-10 2.69013e-10 1.39601e-10 7.24554e-11 3.76068e-11 1.95175e-11 1.01268e-11 5.25078e-12 2.71716e-12 1.39686e-12 7.01548e-13 3.2199e-13 9.1156e-14 4.60947e-14
0.00175926 1.15055e-05 5.77552e-06 2.91027e-06 1.4718e-06 7.46877e-07 3.80212e-07 1.94118e-07 9.93704e-08 5.09892e-08 2.62188e-08 1.35067e-08 6.96906e-09 3.60072e-09 1.86249e-09 9.64282e-10 4.99615e-10 2.59009e-10 1.34331e-10 6.9688e-11 3.61582e-11 1.87614e-11 9.73304e-12 5.04629e-12 2.61128e-12 1.34236e-12 6.73999e-13 3.09041e-13 8.71002e-14 4.37967e-14 2.21585e-14
0.000883808 5.79878e-06 2.91027e-06 1.46609e-06 7.41211e-07 3.75998e-07 1.91334e-07 9.76446e-08 4.99625e-08 2.5625e-08 1.31702e-08 6.78138e-09 3.49732e-09 1.8061e-09 9.33779e-10 4.8323e-10 2.50259e-10 1.29682e-10 6.72292e-11 3.48627e-11 1.80812e-11 9.37701e-12 4.86049e-12 2.51465e-12 1.29241e-12 6.48619e-13 2.96991e-13 8.31256e-14 4.18576e-14 2.10542e-14 1.0658e-14
0.000445552 2.93332e-06 1.4718e-06 7.41211e-07 3.74594e-07 1.89941e-07 9.66092e-08 4.92781e-08 2.52008e-08 1.29179e-08 6.63543e-09 3.41462e-09 1.75997e-09 9.08367e-10 4.6937e-10 2.42762e-10 1.25655e-10 6.50787e-11 3.37202e-11 1.74768e-11 9.05863e-12 4.69337e-12 2.42727e-12 1.24702e-12 6.25448e-13 2.85926e-13 7.94185e-14 3.99587e-14 2.01287e-14 1.0128e-14 5.12982e-15
0.000225383 1.48895e-06 7.46877e-07 3.75998e-07 1.89941e-07 9.62641e-08 4.89359e-08 2.49464e-08 1.27497e-08 6.5312e-09 3.35261e-09 1.72411e-09 8.88043e-10 4.58033e-10 2.36517e-10 1.22249e-10 6.32361e-11 3.27304e-11 1.69483e-11 8.77782e-12 4.54488e-12 2.34913e-12 1.20618e-12 6.04493e-13 2.75867e-13 7.60234e-14 3.81929e-14 1.92231e-14 9.68708e-15 4.87586e-15 2.471e-15
0.000114392 7.5821e-07 3.80212e-07 1.91334e-07 9.66092e-08 4.89359e-08 2.48616e-08 1.26656e-08 6.46867e-09 3.31128e-09 1.69849e-09 8.72803e-10 4.49218e-10 2.31521e-10 1.19462e-10 6.1701e-11 3.18931e-11 1.64954e-11 8.53455e-12 4.41501e-12 2.28021e-12 1.16991e-12 5.85753e-13 2.66817e-13 7.29505e-14 3.65825e-14 1.83837e-14 9.25604e-15 4.6662e-15 2.34947e-15 1.19134e-15
5.82481e-05 3.87234e-07 1.94118e-07 9.76446e-08 4.92781e-08 2.49464e-08 1.26656e-08 6.44783e-09 3.29061e-09 1.68312e-09 8.62644e-10 4.42922e-10 2.27776e-10 1.17296e-10 6.04733e-11 3.12083e-11 1.61181e-11 8.32878e-12 4.30373e-12 2.2205e-12 1.13818e-12 5.69224e-13 2.58776e-13 7.02018e-14 3.51324e-14 1.76217e-14 8.85798e-15 4.46147e-15 2.25001e-15 1.13328e-15 5.74978e-16
2.97533e-05 1.98296e-07 9.93704e-08 4.99625e-08 2.52008e-08 1.27497e-08 6.46867e-09 3.29061e-09 1.678e-09 8.57565e-10 4.39145e-10 2.25279e-10 1.15748e-10 5.95527e-11 3.06758e-11 1.58163e-11 8.16047e-12 4.21103e-12 2.17e-12 1.11099e-12 5.54905e-13 2.51744e-13 6.77776e-14 3.38438e-14 1.69395e-14 8.49839e-15 4.27315e-15 2.15299e-15 1.08622e-15 5.47292e-16 2.77828e-16
1.52443e-05 1.01787e-07 5.09892e-08 2.5625e-08 1.29179e-08 6.5312e-09 3.31128e-09 1.68312e-09 8.57565e-10 4.37886e-10 2.24031e-10 1.1482e-10 5.8939e-11 3.02954e-11 1.55901e-11 8.02959e-12 4.13688e-12 2.12869e-12 1.08834e-12 5.42793e-13 2.45718e-13 6.56775e-14 3.27167e-14 1.63377e-14 8.17856e-15 4.10398e-15 2.06415e-15 1.04036e-15 5.25079e-16 2.64651e-16 1.34423e-16
7.83336e-06 5.23584e-08 2.62188e-08 1.31702e-08 6.63543e-09 3.35261e-09 1.69849e-09 8.62644e-10 4.39145e-10 2.24031e-10 1.14511e-10 5.86322e-11 3.00673e-11 1.54392e-11 7.93612e-12 4.08129e-12 2.09657e-12 1.07022e-12 5.32886e-13 2.40698e-13 6.39011e-14 3.1751e-14 1.58164e-14 7.89875e-15 3.95461e-15 1.98484e-15 9.98577e-16 5.03469e-16 2.542e-16 1.28164e-16 6.5133e-17
4.03646e-06 2.69825e-08 1.35067e-08 6.78138e-09 3.41462e-09 1.72411e-09 8.72803e-10 4.42922e-10 2.25279e-10 1.1482e-10 5.86322e-11 2.99912e-11 1.53638e-11 7.88004e-12 4.04423e-12 2.07363e-12 1.05664e-12 5.25183e-13 2.36684e-13 6.24482e-14 3.09465e-14 1.53754e-14 7.65899e-15 3.82518e-15 1.91539e-15 9.61541e-16 4.83885e-16 2.44048e-16 1.23264e-16 6.21679e-17 3.16103e-17
2.08548e-06 1.39274e-08 6.96906e-09 3.49732e-09 1.75997e-09 8.88043e-10 4.49218e-10 2.27776e-10 1.15748e-10 5.8939e-11 3.00673e-11 1.53638e-11 7.86135e-12 4.0257e-12 2.05987e-12 1.04759e-12 5.19681e-13 2.33673e-13 6.13184e-14 3.03031e-14 1.50146e-14 7.45926e-15 3.71568e-15 1.85586e-15 9.29412e-16 4.66665e-16 2.34905e-16 1.18512e-16 5.98789e-17 3.02091e-17 1.53681e-17
1.0802e-06 7.19852e-09 3.60072e-09 1.8061e-09 9.08367e-10 4.58033e-10 2.31521e-10 1.17296e-10 5.95527e-11 3.02954e-11 1.54392e-11 7.88004e-12 4.0257e-12 2.05528e-12 1.04306e-12 5.1638e-13 2.31666e-13 6.05115e-14 2.98206e-14 1.47342e-14 7.29951e-15 3.62612e-15 1.80627e-15 9.02227e-16 4.5189e-16 2.2694e-16 1.14263e-16 5.76641e-17 2.91446e-17 1.47078e-17 7.48576e-18
5.60825e-07 3.72483e-09 1.86249e-09 9.33779e-10 4.6937e-10 2.36517e-10 1.19462e-10 6.04733e-11 3.06758e-11 1.55901e-11 7.93612e-12 4.04423e-12 2.05987e-12 1.04306e-12 5.1528e-13 2.30663e-13 6.00275e-14 2.9499e-14 1.45338e-14 7.17973e-15 3.55648e-15 1.76661e-15 8.79989e-16 4.39576e-16 2.20192e-16 1.106e-16 5.56993e-17 2.81171e-17 1.42153e-17 7.17567e-18 3.65378e-18
2.91818e-07 1.92916e-09 9.64282e-10 4.8323e-10 2.42762e-10 1.22249e-10 6.1701e-11 3.12083e-11 1.58163e-11 8.02959e-12 4.08129e-12 2.07363e-12 1.04759e-12 5.1638e-13 2.30663e-13 5.98661e-14 2.93382e-14 1.44137e-14 7.09989e-15 3.50675e-15 1.73686e-15 8.62696e-16 4.29727e-16 2.1467e-16 1.07544e-16 5.40267e-17 2.72141e-17 1.37412e-17 6.94914e-18 3.50868e-18 1.7873e-18
1.52158e-07 9.99883e-10 4.99615e-10 2.50259e-10 1.25655e-10 6.32361e-11 3.18931e-11 1.61181e-11 8.16047e-12 4.13688e-12 2.09657e-12 1.05664e-12 5.19681e-13 2.31666e-13 6.00275e-14 2.93382e-14 1.43736e-14 7.05997e-15 3.47691e-15 1.71704e-15 8.50347e-16 4.22342e-16 2.10376e-16 1.05098e-16 5.26561e-17 2.64566e-17 1.33291e-17 6.73176e-18 3.4052e-18 1.71969e-18 8.76315e-19
7.94881e-08 5.18528e-10 2.59009e-10 1.29682e-10 6.50787e-11 3.27304e-11 1.64954e-11 8.32878e-12 4.21103e-12 2.12869e-12 1.07022e-12 5.25183e-13 2.33673e-13 6.05115e-14 2.9499e-14 1.44137e-14 7.05997e-15 3.46697e-15 1.70713e-15 8.42938e-16 4.17419e-16 2.07309e-16 1.03264e-16 5.15898e-17 2.58495e-17 1.29895e-17 6.54527e-18 3.30628e-18 1.67281e-18 8.4496e-19 4.30705e-19
4.15979e-08 2.69013e-10 1.34331e-10 6.72292e-11 3.37202e-11 1.69483e-11 8.53455e-12 4.30373e-12 2.17e-12 1.08834e-12 5.32886e-13 2.36684e-13 6.13184e-14 2.98206e-14 1.45338e-14 7.09989e-15 3.47691e-15 1.70713e-15 8.40469e-16 4.14957e-16 2.05469e-16 1.02041e-16 5.08282e-17 2.53941e-17 1.27248e-17 6.39489e-18 3.22275e-18 1.6282e-18 8.23933e-19 4.16244e-19 2.12227e-19
2.1804e-08 1.39601e-10 6.9688e-11 3.48627e-11 1.74768e-11 8.77782e-12 4.41501e-12 2.2205e-12 1.11099e-12 5.42793e-13 2.40698e-13 6.24482e-14 3.03031e-14 1.47342e-14 7.17973e-15 3.50675e-15 1.71704e-15 8.42938e-16 4.14957e-16 2.04856e-16 1.0143e-16 5.03712e-17 2.50905e-17 1.25357e-17 6.28186e-18 3.15721e-18 1.59126e-18 8.04038e-19 4.06929e-19 2.05601e-19 1.04849e-19
1.14453e-08 7.24554e-11 3.61582e-11 1.80812e-11 9.05863e-12 4.54488e-12 2.28021e-12 1.13818e-12 5.54905e-13 2.45718e-13 6.39011e-14 3.09465e-14 1.50146e-14 7.29951e-15 3.55648e-15 1.73686e-15 8.50347e-16 4.17419e-16 2.05469e-16 1.0143e-16 5.02189e-17 2.49387e-17 1.24222e-17 6.20646e-18 3.11028e-18 1.56328e-18 7.87961e-19 3.98177e-19 2.01538e-19 1.01836e-19 5.19392e-20
6.01572e-09 3.76068e-11 1.87614e-11 9.37701e-12 4.69337e-12 2.34913e-12 1.16991e-12 5.69224e-13 2.51744e-13 6.56775e-14 3.1751e-14 1.53754e-14 7.45926e-15 3.62612e-15 1.76661e-15 8.62696e-16 4.22342e-16 2.07309e-16 1.02041e-16 5.03712e-17 2.49387e-17 1.23844e-17 6.16876e-18 3.0821e-18 1.54458e-18 7.76352e-19 3.91329e-19 1.97757e-19 1.001e-19 5.05816e-20 2.57999e-20
3.16555e-09 1.95175e-11 9.73304e-12 4.86049e-12 2.42727e-12 1.20618e-12 5.85753e-13 2.58776e-13 6.77776e-14 3.27167e-14 1.58164e-14 7.65899e-15 3.71568e-15 1.80627e-15 8.79989e-16 4.29727e-16 2.10376e-16 1.03264e-16 5.08282e-17 2.50905e-17 1.24222e-17 6.16876e-18 3.07271e-18 1.53522e-18 7.69363e-19 3.86706e-19 1.94924e-19 9.85041e-20 4.98606e-20 2.51952e-20 1.28512e-20
1.66746e-09 1.01268e-11 5.04629e-12 2.51465e-12 1.24702e-12 6.04493e-13 2.66817e-13 7.02018e-14 3.38438e-14 1.63377e-14 7.89875e-15 3.82518e-15 1.85586e-15 9.02227e-16 4.39576e-16 2.1467e-16 1.05098e-16 5.15898e-17 2.53941e-17 1.25357e-17 6.20646e-18 3.0821e-18 1.53522e-18 7.67032e-19 3.84386e-19 1.93199e-19 9.7381e-20 4.92093e-20 2.49075e-20 1.25856e-20 6.41908e-21
8.79103e-10 5.25078e-12 2.61128e-12 1.29241e-12 6.25448e-13 2.75867e-13 7.29505e-14 3.51324e-14 1.69395e-14 8.17856e-15 3.95461e-15 1.91539e-15 9.29412e-16 4.5189e-16 2.20192e-16 1.07544e-16 5.26561e-17 2.58495e-17 1.27248e-17 6.28186e-18 3.11028e-18 1.54458e-18 7.69363e-19 3.84386e-19 1.92622e-19 9.68104e-20 4.87934e-20 2.46546e-20 1.24779e-20 6.30452e-21 3.21511e-21
4.63803e-10 2.71716e-12 1.34236e-12 6.48619e-13 2.85926e-13 7.60234e-14 3.65825e-14 1.76217e-14 8.49839e-15 4.10398e-15 1.98484e-15 9.61541e-16 4.66665e-16 2.2694e-16 1.106e-16 5.40267e-17 2.64566e-17 1.29895e-17 6.39489e-18 3.15721e-18 1.56328e-18 7.76352e-19 3.86706e-19 1.93199e-19 9.68104e-20 4.86523e-20 2.45188e-20 1.23875e-20 6.26861e-21 3.16686e-21 1.6147e-21
2.44803e-10 1.39686e-12 6.73999e-13 2.96991e-13 7.94185e-14 3.81929e-14 1.83837e-14 8.85798e-15 4.27315e-15 2.06415e-15 9.98577e-16 4.83885e-16 2.34905e-16 1.14263e-16 5.56993e-17 2.72141e-17 1.33291e-17 6.54527e-18 3.22275e-18 1.59126e-18 7.87961e-19 3.91329e-19 1.94924e-19 9.7381e-20 4.87934e-20 2.45188e-20 1.23549e-20 6.241e-21 3.15767e-21 1.59499e-21 8.13041e-22
1.29175e-10 7.01548e-13 3.09041e-13 8.31256e-14 3.99587e-14 1.92231e-14 9.25604e-15 4.46147e-15 2.15299e-15 1.04036e-15 5.03469e-16 2.44048e-16 1.18512e-16 5.76641e-17 2.81171e-17 1.37412e-17 6.73176e-18 3.30628e-18 1.6282e-18 8.04038e-19 3.98177e-19 1.97757e-19 9.85041e-20 4.92093e-20 2.46546e-20 1.23875e-20 6.241e-21 3.15202e-21 1.59445e-21 8.05236e-22 4.10344e-22
6.79806e-11 3.2199e-13 8.71002e-14 4.18576e-14 2.01287e-14 9.68708e-15 4.6662e-15 2.25001e-15 1.08622e-15 5.25079e-16 2.542e-16 1.23264e-16 5.98789e-17 2.91446e-17 1.42153e-17 6.94914e-18 3.4052e-18 1.67281e-18 8.23933e-19 4.06929e-19 2.01538e-19 1.001e-19 4.98606e-20 2.49075e-20 1.24779e-20 6.26861e-21 3.15767e-21 1.59445e-21 8.06368e-22 4.07153e-22 2.07415e-22
3.53676e-11 9.1156e-14 4.37967e-14 2.10542e-14 1.0128e-14 4.87586e-15 2.34947e-15 1.13328e-15 5.47292e-16 2.64651e-16 1.28164e-16 6.21679e-17 3.02091e-17 1.47078e-17 7.17567e-18 3.50868e-18 1.71969e-18 8.4496e-19 4.16244e-19 2.05601e-19 1.01836e-19 5.05816e-20 2.51952e-20 1.25856e-20 6.30452e-21 3.16686e-21 1.59499e-21 8.05236e-22 4.07153e-22 2.05545e-22 1.0468e-22
1.86892e-11 4.60947e-14 2.21585e-14 1.0658e-14 5.12982e-15 2.471e-15 1.19134e-15 5.74978e-16 2.77828e-16 1.34423e-16 6.5133e-17 3.16103e-17 1.53681e-17 7.48576e-18 3.65378e-18 1.7873e-18 8.76315e-19 4.30705e-19 2.12227e-19 1.04849e-19 5.19392e-20 2.57999e-20 1.28512e-20 6.41908e-21 3.21511e-21 1.6147e-21 8.13041e-22 4.10344e-22 2.07415e-22 1.0468e-22 5.32863e-23
