0.999609 4.88036e-05 3.65995e-05 2.74481e-05 2.05856e-05 1.54393e-05 1.158e-05 8.68563e-06 6.51492e-06 4.88687e-06 3.66578e-06 2.7499e-06 2.06291e-06 1.5476e-06 1.16105e-06 8.71079e-07 6.53549e-07 4.90357e-07 3.67926e-07 2.76072e-07 2.07157e-07 1.55449e-07 1.16651e-07 8.75389e-08 6.56934e-08 4.93e-08 3.69971e-08 2.77632e-08 2.08316e-08 1.56271e-08 1.17294e-08
4.88036e-05 6.63675e-09 4.97734e-09 3.73299e-09 2.79984e-09 2.10004e-09 1.57521e-09 1.18158e-09 8.86356e-10 6.64919e-10 4.98821e-10 3.74227e-10 2.80763e-10 2.10646e-10 1.58042e-10 1.18573e-10 8.8956e-11 6.67288e-11 5.00431e-11 3.75122e-11 2.80949e-11 2.10089e-11 1.56657e-11 1.16219e-11 8.54181e-12 6.16993e-12 4.30963e-12 2.80677e-12 1.53696e-12 3.95263e-13 2.96593e-13
3.65995e-05 4.97734e-09 3.73284e-09 2.79962e-09 2.09979e-09 1.57496e-09 1.18135e-09 8.86147e-10 6.64735e-10 4.98664e-10 3.74095e-10 2.80652e-10 2.10555e-10 1.57967e-10 1.18512e-10 8.89071e-11 6.66895e-11 5.00117e-11 3.74872e-11 2.80751e-11 2.09932e-11 1.56534e-11 1.16123e-11 8.53435e-12 6.16423e-12 4.30535e-12 2.80369e-12 1.53493e-12 3.94186e-13 2.95655e-13 2.2185e-13
2.74481e-05 3.73299e-09 2.79962e-09 2.0997e-09 1.57483e-09 1.18121e-09 8.86007e-10 6.64604e-10 4.98546e-10 3.73992e-10 2.80564e-10 2.1048e-10 1.57905e-10 1.18461e-10 8.88652e-11 6.66555e-11 4.99843e-11 3.74652e-11 2.80575e-11 2.09792e-11 1.56424e-11 1.16036e-11 8.52757e-12 6.159e-12 4.30141e-12 2.80083e-12 1.53301e-12 3.93132e-13 2.94881e-13 2.21172e-13 1.65961e-13
2.05856e-05 2.79984e-09 2.09979e-09 1.57483e-09 1.18116e-09 8.85937e-10 6.64526e-10 4.98467e-10 3.73918e-10 2.80498e-10 2.10422e-10 1.57855e-10 1.18419e-10 8.88303e-11 6.66267e-11 4.99607e-11 3.74461e-11 2.80421e-11 2.09669e-11 1.56325e-11 1.15958e-11 8.52146e-12 6.15427e-12 4.29782e-12 2.79821e-12 1.53123e-12 3.92131e-13 2.94124e-13 2.20618e-13 1.65472e-13 1.24165e-13
1.54393e-05 2.10004e-09 1.57496e-09 1.18121e-09 8.85937e-10 6.645e-10 4.98428e-10 3.73874e-10 2.80453e-10 2.10381e-10 1.57818e-10 1.18386e-10 8.88024e-11 6.66031e-11 4.99411e-11 3.74299e-11 2.80288e-11 2.09562e-11 1.56239e-11 1.15889e-11 8.51602e-12 6.15003e-12 4.29458e-12 2.79583e-12 1.52961e-12 3.91201e-13 2.93408e-13 2.20076e-13 1.65075e-13 1.23813e-13 9.29057e-14
1.158e-05 1.57521e-09 1.18135e-09 8.86007e-10 6.64526e-10 4.98428e-10 3.73859e-10 2.80431e-10 2.10356e-10 1.57793e-10 1.18363e-10 8.87814e-11 6.65848e-11 4.99254e-11 3.74167e-11 2.80178e-11 2.09471e-11 1.56165e-11 1.1583e-11 8.51126e-12 6.14628e-12 4.2917e-12 2.79369e-12 1.52813e-12 3.90351e-13 2.92745e-13 2.19564e-13 1.64688e-13 1.2353e-13 9.26521e-14 6.95237e-14
8.68563e-06 1.18158e-09 8.86147e-10 6.64604e-10 4.98467e-10 3.73874e-10 2.80431e-10 2.10348e-10 1.57781e-10 1.18349e-10 8.87675e-11 6.65717e-11 4.99136e-11 3.74064e-11 2.8009e-11 2.09397e-11 1.56104e-11 1.15779e-11 8.50718e-12 6.14304e-12 4.28918e-12 2.7918e-12 1.52682e-12 3.89586e-13 2.92142e-13 2.19092e-13 1.64323e-13 1.23254e-13 9.24505e-14 6.93415e-14 5.20321e-14
6.51492e-06 8.86356e-10 6.64735e-10 4.98546e-10 3.73918e-10 2.80453e-10 2.10356e-10 1.57781e-10 1.18344e-10 8.87605e-11 6.65639e-11 4.99058e-11 3.7399e-11 2.80024e-11 2.09339e-11 1.56054e-11 1.15738e-11 8.50378e-12 6.14029e-12 4.28701e-12 2.79016e-12 1.52567e-12 3.88909e-13 2.91602e-13 2.18665e-13 1.63989e-13 1.22995e-13 9.22543e-14 6.91984e-14 5.19016e-14 3.89457e-14
4.88687e-06 6.64919e-10 4.98664e-10 3.73992e-10 2.80498e-10 2.10381e-10 1.57793e-10 1.18349e-10 8.87605e-11 6.65613e-11 4.99019e-11 3.73946e-11 2.7998e-11 2.09298e-11 1.56017e-11 1.15706e-11 8.50106e-12 6.13804e-12 4.28521e-12 2.78878e-12 1.52468e-12 3.8832e-13 2.91128e-13 2.18286e-13 1.63688e-13 1.22758e-13 9.20708e-14 6.90594e-14 5.18003e-14 3.88523e-14 2.91539e-14
3.66578e-06 4.98821e-10 3.74095e-10 2.80564e-10 2.10422e-10 1.57818e-10 1.18363e-10 8.87675e-11 6.65639e-11 4.99019e-11 3.73932e-11 2.79958e-11 2.09273e-11 1.55993e-11 1.15683e-11 8.49902e-12 6.13629e-12 4.28377e-12 2.78764e-12 1.52386e-12 3.87821e-13 2.9072e-13 2.17956e-13 1.63422e-13 1.22547e-13 9.19041e-14 6.89299e-14 5.17021e-14 3.87809e-14 2.90873e-14 2.18264e-14
2.7499e-06 3.74227e-10 2.80652e-10 2.1048e-10 1.57855e-10 1.18386e-10 8.87814e-11 6.65717e-11 4.99058e-11 3.73946e-11 2.79958e-11 2.09265e-11 1.55981e-11 1.15669e-11 8.49766e-12 6.13504e-12 4.28268e-12 2.78676e-12 1.5232e-12 3.87413e-13 2.90381e-13 2.17676e-13 1.63194e-13 1.22362e-13 9.17564e-14 6.8813e-14 5.16111e-14 3.87118e-14 2.90371e-14 2.1779e-14 1.63425e-14
2.06291e-06 2.80763e-10 2.10555e-10 1.57905e-10 1.18419e-10 8.88024e-11 6.65848e-11 4.99136e-11 3.7399e-11 2.7998e-11 2.09273e-11 1.55981e-11 1.15665e-11 8.49698e-12 6.1343e-12 4.28196e-12 2.78613e-12 1.52271e-12 3.87095e-13 2.90108e-13 2.17447e-13 1.63003e-13 1.22205e-13 9.16287e-14 6.87102e-14 5.15294e-14 3.86481e-14 2.89887e-14 2.1744e-14 1.63089e-14 1.22378e-14
1.5476e-06 2.10646e-10 1.57967e-10 1.18461e-10 8.88303e-11 6.66031e-11 4.99254e-11 3.74064e-11 2.80024e-11 2.09298e-11 1.55993e-11 1.15669e-11 8.49698e-12 6.13405e-12 4.2816e-12 2.78575e-12 1.52238e-12 3.86868e-13 2.89904e-13 2.17268e-13 1.6285e-13 1.22076e-13 9.15219e-14 6.86226e-14 5.14584e-14 3.85914e-14 2.89443e-14 2.17102e-14 1.62845e-14 1.2214e-14 9.16516e-15
1.16105e-06 1.58042e-10 1.18512e-10 8.88652e-11 6.66267e-11 4.99411e-11 3.74167e-11 2.8009e-11 2.09339e-11 1.56017e-11 1.15683e-11 8.49766e-12 6.1343e-12 4.2816e-12 2.78562e-12 1.52222e-12 3.86732e-13 2.89768e-13 2.17141e-13 1.62736e-13 1.21976e-13 9.14362e-14 6.85505e-14 5.13988e-14 3.85427e-14 2.89052e-14 2.16795e-14 1.62611e-14 1.21972e-14 9.14841e-15 6.86478e-15
8.71079e-07 1.18573e-10 8.89071e-11 6.66555e-11 4.99607e-11 3.74299e-11 2.80178e-11 2.09397e-11 1.56054e-11 1.15706e-11 8.49902e-12 6.13504e-12 4.28196e-12 2.78575e-12 1.52222e-12 3.86687e-13 2.897e-13 2.17064e-13 1.62659e-13 1.21905e-13 9.13718e-14 6.84943e-14 5.13508e-14 3.85025e-14 2.88721e-14 2.16527e-14 1.624e-14 1.21811e-14 9.13687e-15 6.85303e-15 5.14237e-15
6.53549e-07 8.8956e-11 6.66895e-11 4.99843e-11 3.74461e-11 2.80288e-11 2.09471e-11 1.56104e-11 1.15738e-11 8.50106e-12 6.13629e-12 4.28268e-12 2.78613e-12 1.52238e-12 3.86732e-13 2.897e-13 2.17039e-13 1.62621e-13 1.21862e-13 9.13288e-14 6.84541e-14 5.13147e-14 3.84711e-14 2.88454e-14 2.16305e-14 1.62218e-14 1.21667e-14 9.12586e-15 6.84518e-15 5.13416e-15 3.85258e-15
4.90357e-07 6.67288e-11 5.00117e-11 3.74652e-11 2.80421e-11 2.09562e-11 1.56165e-11 1.15779e-11 8.50378e-12 6.13804e-12 4.28377e-12 2.78676e-12 1.52271e-12 3.86868e-13 2.89768e-13 2.17064e-13 1.62621e-13 1.21847e-13 9.13073e-14 6.843e-14 5.12906e-14 3.84486e-14 2.88252e-14 2.1613e-14 1.6207e-14 1.21545e-14 9.11613e-15 6.83773e-15 5.12888e-15 3.84687e-15 2.88662e-15
3.67926e-07 5.00431e-11 3.74872e-11 2.80575e-11 2.09669e-11 1.56239e-11 1.1583e-11 8.50718e-12 6.14029e-12 4.28521e-12 2.78764e-12 1.5232e-12 3.87095e-13 2.89904e-13 2.17141e-13 1.62659e-13 1.21862e-13 9.13073e-14 6.84219e-14 5.12785e-14 3.8435e-14 2.88117e-14 2.16004e-14 1.61958e-14 1.21449e-14 9.10807e-15 6.83124e-15 5.1239e-15 3.84337e-15 2.88268e-15 2.16311e-15
2.76072e-07 3.75122e-11 2.80751e-11 2.09792e-11 1.56325e-11 1.15889e-11 8.51126e-12 6.14304e-12 4.28701e-12 2.78878e-12 1.52386e-12 3.87413e-13 2.90108e-13 2.17268e-13 1.62736e-13 1.21905e-13 9.13288e-14 6.843e-14 5.12785e-14 3.84305e-14 2.8805e-14 2.15928e-14 1.61883e-14 1.21379e-14 9.10191e-15 6.826e-15 5.11964e-15 3.84009e-15 2.88039e-15 2.16042e-15 1.62114e-15
2.07157e-07 2.80949e-11 2.09932e-11 1.56424e-11 1.15958e-11 8.51602e-12 6.14628e-12 4.28918e-12 2.79016e-12 1.52468e-12 3.87821e-13 2.90381e-13 2.17447e-13 1.6285e-13 1.21976e-13 9.13718e-14 6.84541e-14 5.12906e-14 3.8435e-14 2.8805e-14 2.15903e-14 1.61845e-14 1.21337e-14 9.09775e-15 6.82218e-15 5.11632e-15 3.83734e-15 2.87827e-15 2.15895e-15 1.6193e-15 1.2151e-15
1.55449e-07 2.10089e-11 1.56534e-11 1.16036e-11 8.52146e-12 6.15003e-12 4.2917e-12 2.7918e-12 1.52567e-12 3.8832e-13 2.9072e-13 2.17676e-13 1.63003e-13 1.22076e-13 9.14362e-14 6.84943e-14 5.13147e-14 3.84486e-14 2.88117e-14 2.15928e-14 1.61845e-14 1.21323e-14 9.09566e-15 6.81986e-15 5.11405e-15 3.8353e-15 2.87655e-15 2.15761e-15 1.6184e-15 1.21386e-15 9.10862e-16
1.16651e-07 1.56657e-11 1.16123e-11 8.52757e-12 6.15427e-12 4.29458e-12 2.79369e-12 1.52682e-12 3.88909e-13 2.91128e-13 2.17956e-13 1.63194e-13 1.22205e-13 9.15219e-14 6.85505e-14 5.13508e-14 3.84711e-14 2.88252e-14 2.16004e-14 1.61883e-14 1.21337e-14 9.09566e-15 6.81909e-15 5.11291e-15 3.83404e-15 2.87535e-15 2.15657e-15 1.61758e-15 1.21332e-15 9.10044e-16 6.8288e-16
8.75389e-08 1.16219e-11 8.53435e-12 6.159e-12 4.29782e-12 2.79583e-12 1.52813e-12 3.89586e-13 2.91602e-13 2.18286e-13 1.63422e-13 1.22362e-13 9.16287e-14 6.86226e-14 5.13988e-14 3.85025e-14 2.88454e-14 2.1613e-14 1.61958e-14 1.21379e-14 9.09775e-15 6.81986e-15 5.11291e-15 3.83362e-15 2.87474e-15 2.15592e-15 1.61698e-15 1.21285e-15 9.09742e-16 6.82345e-16 5.12019e-16
6.56934e-08 8.54181e-12 6.16423e-12 4.30141e-12 2.79821e-12 1.52961e-12 3.90351e-13 2.92142e-13 2.18665e-13 1.63688e-13 1.22547e-13 9.17564e-14 6.87102e-14 5.14584e-14 3.85427e-14 2.88721e-14 2.16305e-14 1.6207e-14 1.21449e-14 9.10191e-15 6.82218e-15 5.11405e-15 3.83404e-15 2.87474e-15 2.1557e-15 1.61667e-15 1.21254e-15 9.09487e-16 6.82194e-16 5.11674e-16 3.83951e-16
4.93e-08 6.16993e-12 4.30535e-12 2.80083e-12 1.53123e-12 3.91201e-13 2.92745e-13 2.19092e-13 1.63989e-13 1.22758e-13 9.19041e-14 6.8813e-14 5.15294e-14 3.85914e-14 2.89052e-14 2.16527e-14 1.62218e-14 1.21545e-14 9.10807e-15 6.826e-15 5.11632e-15 3.8353e-15 2.87535e-15 2.15592e-15 1.61667e-15 1.21243e-15 9.09346e-16 6.82073e-16 5.11613e-16 3.83731e-16 2.87945e-16
3.69971e-08 4.30963e-12 2.80369e-12 1.53301e-12 3.92131e-13 2.93408e-13 2.19564e-13 1.64323e-13 1.22995e-13 9.20708e-14 6.89299e-14 5.16111e-14 3.86481e-14 2.89443e-14 2.16795e-14 1.624e-14 1.21667e-14 9.11613e-15 6.83124e-15 5.11964e-15 3.83734e-15 2.87655e-15 2.15657e-15 1.61698e-15 1.21254e-15 9.09346e-16 6.82028e-16 5.11569e-16 3.8372e-16 2.87806e-16 2.15965e-16
2.77632e-08 2.80677e-12 1.53493e-12 3.93132e-13 2.94124e-13 2.20076e-13 1.64688e-13 1.23254e-13 9.22543e-14 6.90594e-14 5.17021e-14 3.87118e-14 2.89887e-14 2.17102e-14 1.62611e-14 1.21811e-14 9.12586e-15 6.83773e-15 5.1239e-15 3.84009e-15 2.87827e-15 2.15761e-15 1.61758e-15 1.21285e-15 9.09487e-16 6.82073e-16 5.11569e-16 3.83712e-16 2.87817e-16 2.15875e-16 1.61988e-16
2.08316e-08 1.53696e-12 3.94186e-13 2.94881e-13 2.20618e-13 1.65075e-13 1.2353e-13 9.24505e-14 6.91984e-14 5.18003e-14 3.87809e-14 2.90371e-14 2.1744e-14 1.62845e-14 1.21972e-14 9.13687e-15 6.84518e-15 5.12888e-15 3.84337e-15 2.88039e-15 2.15895e-15 1.6184e-15 1.21332e-15 9.09742e-16 6.82194e-16 5.11613e-16 3.8372e-16 2.87817e-16 2.15887e-16 1.61925e-16 1.21505e-16
1.56271e-08 3.95263e-13 2.95655e-13 2.21172e-13 1.65472e-13 1.23813e-13 9.26521e-14 6.93415e-14 5.19016e-14 3.88523e-14 2.90873e-14 2.1779e-14 1.63089e-14 1.2214e-14 9.14841e-15 6.85303e-15 5.13416e-15 3.84687e-15 2.88268e-15 2.16042e-15 1.6193e-15 1.21386e-15 9.10044e-16 6.82345e-16 5.11674e-16 3.83731e-16 2.87806e-16 2.15875e-16 1.61925e-16 1.2145e-16 9.1134e-17
1.17294e-08 2.96593e-13 2.2185e-13 1.65961e-13 1.24165e-13 9.29057e-14 6.95237e-14 5.20321e-14 3.89457e-14 2.91539e-14 2.18264e-14 1.63425e-14 1.22378e-14 9.16516e-15 6.86478e-15 5.14237e-15 3.85258e-15 2.88662e-15 2.16311e-15 1.62114e-15 1.2151e-15 9.10862e-16 6.8288e-16 5.12019e-16 3.83951e-16 2.87945e-16 2.15965e-16 1.61988e-16 1.21505e-16 9.1134e-17 6.83852e-17
