0.995152 0.000232079 0.000209437 0.000189004 0.000170564 0.000153924 0.000138907 0.000125355 0.000113125 0.000102089 9.21289e-05 8.31407e-05 7.50294e-05 6.77095e-05 6.11037e-05 5.51423e-05 4.97626e-05 4.49077e-05 4.05265e-05 3.65727e-05 3.30046e-05 2.97846e-05 2.68788e-05 2.42565e-05 2.189e-05 1.97544e-05 1.78271e-05 1.60879e-05 1.45184e-05 1.31019e-05 1.18237e-05 1.06702e-05 9.62917e-06 8.68974e-06 7.84196e-06 7.07689e-06 6.38646e-06 5.76339e-06 5.20111e-06 4.69368e-06 4.23576e-06 3.82252e-06 3.44959e-06 3.11304e-06 2.80933e-06 2.53525e-06 2.28791e-06 2.0647e-06 1.86327e-06 1.68148e-06 1.51744e-06 1.36939e-06 1.23579e-06 1.11523e-06 1.00643e-06 9.08238e-07 8.1963e-07 7.39666e-07 6.67503e-07 6.02381e-07 5.43612e-07 4.90577e-07 4.42716e-07 3.99524e-07 3.60546e-07 3.25371e-07 2.93627e-07 2.64981e-07 2.39129e-07 2.15799e-07 1.94746e-07 1.75746e-07 1.586e-07 1.43127e-07 1.29163e-07 1.16562e-07 1.0519e-07 9.49277e-08 8.56664e-08 7.73087e-08 6.97664e-08 6.29599e-08 5.68175e-08 5.12743e-08 4.6272e-08 4.17576e-08 3.76837e-08 3.40072e-08 3.06895e-08 2.76954e-08 2.49934e-08 2.2555e-08 2.03545e-08 1.83687e-08 1.65766e-08 1.49594e-08 1.35e-08 1.21829e-08 1.09943e-08 9.9217e-09 8.95373e-09
0.000232079 8.44395e-07 7.62694e-07 6.88897e-07 6.2224e-07 5.62033e-07 5.07651e-07 4.5853e-07 4.14162e-07 3.74087e-07 3.37889e-07 3.05194e-07 2.75662e-07 2.48988e-07 2.24895e-07 2.03132e-07 1.83476e-07 1.65721e-07 1.49685e-07 1.352e-07 1.22117e-07 1.10299e-07 9.96256e-08 8.99847e-08 8.12766e-08 7.34112e-08 6.6307e-08 5.98901e-08 5.40943e-08 4.88592e-08 4.41308e-08 3.986e-08 3.60024e-08 3.25181e-08 2.93711e-08 2.65285e-08 2.39611e-08 2.16421e-08 1.95475e-08 1.76557e-08 1.59469e-08 1.44035e-08 1.30095e-08 1.17503e-08 1.06131e-08 9.58586e-09 8.65807e-09 7.82007e-09 7.06318e-09 6.37954e-09 5.76206e-09 5.20435e-09 4.70062e-09 4.24563e-09 3.83469e-09 3.46352e-09 3.12827e-09 2.82547e-09 2.55198e-09 2.30496e-09 2.08185e-09 1.88033e-09 1.69832e-09 1.53392e-09 1.38544e-09 1.25133e-09 1.1302e-09 1.0208e-09 9.21982e-10 8.32732e-10 7.52121e-10 6.79313e-10 6.13553e-10 5.54158e-10 5.00512e-10 4.5206e-10 4.08297e-10 3.68771e-10 3.33071e-10 3.00827e-10 2.71704e-10 2.45401e-10 2.21643e-10 2.00186e-10 1.80805e-10 1.63301e-10 1.47492e-10 1.33212e-10 1.20315e-10 1.08667e-10 9.81465e-11 8.86444e-11 8.00621e-11 7.23107e-11 6.53097e-11 5.89866e-11 5.32755e-11 4.81174e-11 4.34587e-11 3.9251e-11 3.54506e-11
0.000209437 7.62694e-07 6.889e-07 6.22245e-07 5.62039e-07 5.07658e-07 4.58538e-07 4.14171e-07 3.74097e-07 3.37899e-07 3.05204e-07 2.75672e-07 2.48998e-07 2.24904e-07 2.03142e-07 1.83485e-07 1.6573e-07 1.49693e-07 1.35208e-07 1.22124e-07 1.10307e-07 9.96327e-08 8.99914e-08 8.1283e-08 7.34172e-08 6.63126e-08 5.98954e-08 5.40992e-08 4.88639e-08 4.41352e-08 3.98641e-08 3.60062e-08 3.25217e-08 2.93744e-08 2.65316e-08 2.3964e-08 2.16448e-08 1.955e-08 1.7658e-08 1.5949e-08 1.44055e-08 1.30113e-08 1.1752e-08 1.06146e-08 9.58731e-09 8.65941e-09 7.82131e-09 7.06432e-09 6.38059e-09 5.76304e-09 5.20525e-09 4.70144e-09 4.24639e-09 3.83539e-09 3.46416e-09 3.12886e-09 2.82601e-09 2.55248e-09 2.30542e-09 2.08227e-09 1.88072e-09 1.69867e-09 1.53425e-09 1.38574e-09 1.25161e-09 1.13045e-09 1.02103e-09 9.22194e-10 8.32926e-10 7.52299e-10 6.79476e-10 6.13702e-10 5.54295e-10 5.00638e-10 4.52174e-10 4.08402e-10 3.68867e-10 3.33159e-10 3.00907e-10 2.71778e-10 2.45468e-10 2.21705e-10 2.00242e-10 1.80857e-10 1.63348e-10 1.47534e-10 1.33252e-10 1.20351e-10 1.087e-10 9.81764e-11 8.86716e-11 8.0087e-11 7.23334e-11 6.53305e-11 5.90055e-11 5.32928e-11 4.81332e-11 4.3473e-11 3.92641e-11 3.54626e-11 3.20291e-11
0.000189004 6.88897e-07 6.22245e-07 5.62041e-07 5.07662e-07 4.58543e-07 4.14177e-07 3.74103e-07 3.37906e-07 3.05212e-07 2.7568e-07 2.49006e-07 2.24912e-07 2.0315e-07 1.83493e-07 1.65738e-07 1.49701e-07 1.35215e-07 1.22131e-07 1.10314e-07 9.96391e-08 8.99975e-08 8.12888e-08 7.34227e-08 6.63178e-08 5.99003e-08 5.41039e-08 4.88682e-08 4.41393e-08 3.98679e-08 3.60098e-08 3.2525e-08 2.93775e-08 2.65345e-08 2.39667e-08 2.16473e-08 1.95524e-08 1.76602e-08 1.59511e-08 1.44074e-08 1.3013e-08 1.17536e-08 1.06161e-08 9.5887e-09 8.66069e-09 7.8225e-09 7.06542e-09 6.3816e-09 5.76397e-09 5.20611e-09 4.70223e-09 4.24712e-09 3.83606e-09 3.46478e-09 3.12943e-09 2.82654e-09 2.55296e-09 2.30586e-09 2.08268e-09 1.88109e-09 1.69902e-09 1.53457e-09 1.38603e-09 1.25187e-09 1.1307e-09 1.02125e-09 9.224e-10 8.33115e-10 7.52472e-10 6.79635e-10 6.13848e-10 5.54428e-10 5.0076e-10 4.52286e-10 4.08505e-10 3.68961e-10 3.33245e-10 3.00986e-10 2.71849e-10 2.45533e-10 2.21765e-10 2.00297e-10 1.80907e-10 1.63394e-10 1.47576e-10 1.3329e-10 1.20386e-10 1.08732e-10 9.82056e-11 8.86983e-11 8.01113e-11 7.23557e-11 6.53508e-11 5.9024e-11 5.33097e-11 4.81486e-11 4.34871e-11 3.92769e-11 3.54743e-11 3.20398e-11 2.89378e-11
0.000170564 6.2224e-07 5.62039e-07 5.07662e-07 4.58545e-07 4.1418e-07 3.74107e-07 3.37911e-07 3.05217e-07 2.75686e-07 2.49012e-07 2.24919e-07 2.03156e-07 1.83499e-07 1.65744e-07 1.49707e-07 1.35222e-07 1.22138e-07 1.10319e-07 9.96447e-08 9.00029e-08 8.1294e-08 7.34277e-08 6.63225e-08 5.99048e-08 5.41081e-08 4.88722e-08 4.4143e-08 3.98714e-08 3.60131e-08 3.25281e-08 2.93804e-08 2.65372e-08 2.39692e-08 2.16497e-08 1.95546e-08 1.76622e-08 1.5953e-08 1.44091e-08 1.30147e-08 1.17552e-08 1.06175e-08 9.59001e-09 8.66191e-09 7.82362e-09 7.06646e-09 6.38257e-09 5.76486e-09 5.20693e-09 4.70299e-09 4.24782e-09 3.83671e-09 3.46537e-09 3.12998e-09 2.82704e-09 2.55343e-09 2.30629e-09 2.08307e-09 1.88145e-09 1.69935e-09 1.53487e-09 1.38631e-09 1.25213e-09 1.13093e-09 1.02147e-09 9.22599e-10 8.33298e-10 7.5264e-10 6.79789e-10 6.13989e-10 5.54557e-10 5.00878e-10 4.52395e-10 4.08604e-10 3.69052e-10 3.33328e-10 3.01062e-10 2.71919e-10 2.45597e-10 2.21823e-10 2.0035e-10 1.80956e-10 1.63439e-10 1.47617e-10 1.33327e-10 1.2042e-10 1.08763e-10 9.82341e-11 8.87243e-11 8.01351e-11 7.23774e-11 6.53706e-11 5.90421e-11 5.33262e-11 4.81637e-11 4.35009e-11 3.92895e-11 3.54858e-11 3.20503e-11 2.89474e-11 2.61449e-11
0.000153924 5.62033e-07 5.07658e-07 4.58543e-07 4.1418e-07 3.74109e-07 3.37914e-07 3.0522e-07 2.7569e-07 2.49016e-07 2.24923e-07 2.03161e-07 1.83505e-07 1.6575e-07 1.49712e-07 1.35227e-07 1.22143e-07 1.10325e-07 9.96497e-08 9.00077e-08 8.12986e-08 7.34321e-08 6.63267e-08 5.99088e-08 5.41119e-08 4.88759e-08 4.41465e-08 3.98746e-08 3.60162e-08 3.2531e-08 2.93831e-08 2.65398e-08 2.39716e-08 2.16519e-08 1.95566e-08 1.76641e-08 1.59548e-08 1.44108e-08 1.30162e-08 1.17566e-08 1.06189e-08 9.59126e-09 8.66307e-09 7.8247e-09 7.06745e-09 6.38349e-09 5.76571e-09 5.20771e-09 4.70372e-09 4.24849e-09 3.83732e-09 3.46595e-09 3.13051e-09 2.82753e-09 2.55387e-09 2.3067e-09 2.08345e-09 1.8818e-09 1.69967e-09 1.53517e-09 1.38658e-09 1.25238e-09 1.13116e-09 1.02168e-09 9.22792e-10 8.33475e-10 7.52803e-10 6.79938e-10 6.14125e-10 5.54683e-10 5.00993e-10 4.525e-10 4.08701e-10 3.6914e-10 3.33409e-10 3.01136e-10 2.71987e-10 2.45659e-10 2.2188e-10 2.00402e-10 1.81003e-10 1.63482e-10 1.47657e-10 1.33364e-10 1.20454e-10 1.08793e-10 9.82619e-11 8.87498e-11 8.01584e-11 7.23986e-11 6.539e-11 5.90598e-11 5.33424e-11 4.81785e-11 4.35144e-11 3.93018e-11 3.5497e-11 3.20605e-11 2.89567e-11 2.61534e-11 2.36214e-11
0.000138907 5.07651e-07 4.58538e-07 4.14177e-07 3.74107e-07 3.37914e-07 3.05221e-07 2.75692e-07 2.49019e-07 2.24927e-07 2.03165e-07 1.83509e-07 1.65754e-07 1.49717e-07 1.35231e-07 1.22147e-07 1.10329e-07 9.9654e-08 9.00119e-08 8.13026e-08 7.3436e-08 6.63305e-08 5.99125e-08 5.41154e-08 4.88792e-08 4.41496e-08 3.98776e-08 3.6019e-08 3.25337e-08 2.93856e-08 2.65421e-08 2.39738e-08 2.16539e-08 1.95586e-08 1.7666e-08 1.59565e-08 1.44124e-08 1.30177e-08 1.1758e-08 1.06202e-08 9.59244e-09 8.66417e-09 7.82571e-09 7.0684e-09 6.38436e-09 5.76652e-09 5.20846e-09 4.70441e-09 4.24914e-09 3.83792e-09 3.46649e-09 3.13101e-09 2.82799e-09 2.5543e-09 2.3071e-09 2.08381e-09 1.88214e-09 1.69998e-09 1.53545e-09 1.38684e-09 1.25262e-09 1.13138e-09 1.02188e-09 9.22979e-10 8.33647e-10 7.5296e-10 6.80082e-10 6.14258e-10 5.54804e-10 5.01105e-10 4.52602e-10 4.08794e-10 3.69226e-10 3.33488e-10 3.01208e-10 2.72053e-10 2.4572e-10 2.21935e-10 2.00453e-10 1.8105e-10 1.63525e-10 1.47696e-10 1.33399e-10 1.20486e-10 1.08823e-10 9.82891e-11 8.87746e-11 8.01811e-11 7.24194e-11 6.5409e-11 5.90771e-11 5.33582e-11 4.81929e-11 4.35276e-11 3.93139e-11 3.5508e-11 3.20706e-11 2.89659e-11 2.61618e-11 2.36291e-11 2.13415e-11
0.000125355 4.5853e-07 4.14171e-07 3.74103e-07 3.37911e-07 3.0522e-07 2.75692e-07 2.4902e-07 2.24928e-07 2.03167e-07 1.83511e-07 1.65757e-07 1.4972e-07 1.35235e-07 1.22151e-07 1.10332e-07 9.96575e-08 9.00154e-08 8.13061e-08 7.34394e-08 6.63338e-08 5.99156e-08 5.41184e-08 4.88821e-08 4.41524e-08 3.98803e-08 3.60215e-08 3.25361e-08 2.93879e-08 2.65443e-08 2.39758e-08 2.16559e-08 1.95604e-08 1.76676e-08 1.5958e-08 1.44139e-08 1.30191e-08 1.17593e-08 1.06214e-08 9.59356e-09 8.6652e-09 7.82668e-09 7.06929e-09 6.38519e-09 5.76729e-09 5.20918e-09 4.70507e-09 4.24975e-09 3.83848e-09 3.46701e-09 3.13149e-09 2.82844e-09 2.55471e-09 2.30748e-09 2.08416e-09 1.88246e-09 1.70028e-09 1.53572e-09 1.3871e-09 1.25285e-09 1.1316e-09 1.02208e-09 9.23159e-10 8.33812e-10 7.53112e-10 6.80222e-10 6.14386e-10 5.54922e-10 5.01213e-10 4.52701e-10 4.08885e-10 3.6931e-10 3.33564e-10 3.01278e-10 2.72117e-10 2.45779e-10 2.21989e-10 2.00502e-10 1.81095e-10 1.63566e-10 1.47734e-10 1.33434e-10 1.20518e-10 1.08852e-10 9.83155e-11 8.87988e-11 8.02032e-11 7.24396e-11 6.54275e-11 5.90941e-11 5.33737e-11 4.8207e-11 4.35405e-11 3.93256e-11 3.55188e-11 3.20804e-11 2.89749e-11 2.61699e-11 2.36365e-11 2.13484e-11 1.92817e-11
0.000113125 4.14162e-07 3.74097e-07 3.37906e-07 3.05217e-07 2.7569e-07 2.49019e-07 2.24928e-07 2.03168e-07 1.83512e-07 1.65759e-07 1.49722e-07 1.35237e-07 1.22153e-07 1.10335e-07 9.96603e-08 9.00183e-08 8.1309e-08 7.34423e-08 6.63366e-08 5.99184e-08 5.41211e-08 4.88847e-08 4.41549e-08 3.98827e-08 3.60238e-08 3.25383e-08 2.939e-08 2.65463e-08 2.39777e-08 2.16576e-08 1.9562e-08 1.76692e-08 1.59595e-08 1.44152e-08 1.30204e-08 1.17605e-08 1.06225e-08 9.5946e-09 8.66618e-09 7.82759e-09 7.07014e-09 6.38598e-09 5.76802e-09 5.20985e-09 4.7057e-09 4.25033e-09 3.83902e-09 3.46751e-09 3.13195e-09 2.82887e-09 2.55511e-09 2.30784e-09 2.0845e-09 1.88277e-09 1.70056e-09 1.53599e-09 1.38734e-09 1.25307e-09 1.1318e-09 1.02227e-09 9.23333e-10 8.33972e-10 7.53259e-10 6.80357e-10 6.1451e-10 5.55036e-10 5.01317e-10 4.52797e-10 4.08973e-10 3.6939e-10 3.33638e-10 3.01346e-10 2.7218e-10 2.45836e-10 2.22042e-10 2.0055e-10 1.81139e-10 1.63606e-10 1.4777e-10 1.33467e-10 1.20549e-10 1.0888e-10 9.83414e-11 8.88224e-11 8.02248e-11 7.24593e-11 6.54455e-11 5.91106e-11 5.33888e-11 4.82208e-11 4.35531e-11 3.93371e-11 3.55293e-11 3.209e-11 2.89836e-11 2.61779e-11 2.36438e-11 2.1355e-11 1.92878e-11 1.74206e-11
0.000102089 3.74087e-07 3.37899e-07 3.05212e-07 2.75686e-07 2.49016e-07 2.24927e-07 2.03167e-07 1.83512e-07 1.65759e-07 1.49723e-07 1.35238e-07 1.22155e-07 1.10337e-07 9.96625e-08 9.00205e-08 8.13113e-08 7.34446e-08 6.6339e-08 5.99207e-08 5.41234e-08 4.8887e-08 4.41571e-08 3.98848e-08 3.60259e-08 3.25402e-08 2.93918e-08 2.6548e-08 2.39794e-08 2.16592e-08 1.95635e-08 1.76706e-08 1.59609e-08 1.44165e-08 1.30216e-08 1.17616e-08 1.06235e-08 9.59558e-09 8.66709e-09 7.82844e-09 7.07093e-09 6.38672e-09 5.76871e-09 5.21049e-09 4.70629e-09 4.25088e-09 3.83953e-09 3.46799e-09 3.13239e-09 2.82927e-09 2.55548e-09 2.30819e-09 2.08482e-09 1.88307e-09 1.70084e-09 1.53624e-09 1.38757e-09 1.25329e-09 1.132e-09 1.02245e-09 9.235e-10 8.34126e-10 7.53401e-10 6.80487e-10 6.1463e-10 5.55146e-10 5.01418e-10 4.5289e-10 4.09058e-10 3.69469e-10 3.3371e-10 3.01412e-10 2.7224e-10 2.45891e-10 2.22092e-10 2.00597e-10 1.81181e-10 1.63645e-10 1.47806e-10 1.335e-10 1.20579e-10 1.08908e-10 9.83665e-11 8.88454e-11 8.02458e-11 7.24786e-11 6.54631e-11 5.91266e-11 5.34035e-11 4.82343e-11 4.35654e-11 3.93484e-11 3.55395e-11 3.20994e-11 2.89922e-11 2.61858e-11 2.3651e-11 2.13616e-11 1.92937e-11 1.74261e-11 1.57392e-11
9.21289e-05 3.37889e-07 3.05204e-07 2.7568e-07 2.49012e-07 2.24923e-07 2.03165e-07 1.83511e-07 1.65759e-07 1.49723e-07 1.35239e-07 1.22156e-07 1.10338e-07 9.96639e-08 9.00221e-08 8.1313e-08 7.34464e-08 6.63409e-08 5.99227e-08 5.41253e-08 4.88889e-08 4.4159e-08 3.98866e-08 3.60276e-08 3.2542e-08 2.93935e-08 2.65496e-08 2.39809e-08 2.16607e-08 1.95649e-08 1.76719e-08 1.59621e-08 1.44177e-08 1.30227e-08 1.17626e-08 1.06245e-08 9.5965e-09 8.66795e-09 7.82924e-09 7.07168e-09 6.38741e-09 5.76936e-09 5.2111e-09 4.70686e-09 4.2514e-09 3.84002e-09 3.46844e-09 3.13281e-09 2.82966e-09 2.55584e-09 2.30852e-09 2.08512e-09 1.88335e-09 1.7011e-09 1.53648e-09 1.38779e-09 1.25349e-09 1.13219e-09 1.02262e-09 9.23661e-10 8.34274e-10 7.53537e-10 6.80613e-10 6.14745e-10 5.55252e-10 5.01516e-10 4.5298e-10 4.09141e-10 3.69544e-10 3.3378e-10 3.01476e-10 2.72299e-10 2.45945e-10 2.22142e-10 2.00642e-10 1.81223e-10 1.63683e-10 1.47841e-10 1.33532e-10 1.20608e-10 1.08935e-10 9.83909e-11 8.88678e-11 8.02663e-11 7.24973e-11 6.54803e-11 5.91423e-11 5.34178e-11 4.82474e-11 4.35774e-11 3.93593e-11 3.55496e-11 3.21085e-11 2.90006e-11 2.61934e-11 2.3658e-11 2.13679e-11 1.92996e-11 1.74314e-11 1.5744e-11 1.422e-11
8.31407e-05 3.05194e-07 2.75672e-07 2.49006e-07 2.24919e-07 2.03161e-07 1.83509e-07 1.65757e-07 1.49722e-07 1.35238e-07 1.22156e-07 1.10339e-07 9.96646e-08 9.00231e-08 8.13142e-08 7.34477e-08 6.63423e-08 5.99241e-08 5.41269e-08 4.88904e-08 4.41605e-08 3.98882e-08 3.60292e-08 3.25435e-08 2.9395e-08 2.6551e-08 2.39823e-08 2.1662e-08 1.95662e-08 1.76731e-08 1.59632e-08 1.44187e-08 1.30237e-08 1.17636e-08 1.06254e-08 9.59734e-09 8.66874e-09 7.82998e-09 7.07237e-09 6.38806e-09 5.76996e-09 5.21166e-09 4.70738e-09 4.25189e-09 3.84047e-09 3.46886e-09 3.1332e-09 2.83003e-09 2.55618e-09 2.30883e-09 2.08542e-09 1.88362e-09 1.70135e-09 1.53671e-09 1.38801e-09 1.25369e-09 1.13237e-09 1.02279e-09 9.23815e-10 8.34416e-10 7.53668e-10 6.80734e-10 6.14857e-10 5.55354e-10 5.0161e-10 4.53066e-10 4.0922e-10 3.69617e-10 3.33847e-10 3.01538e-10 2.72355e-10 2.45997e-10 2.22189e-10 2.00686e-10 1.81263e-10 1.6372e-10 1.47875e-10 1.33563e-10 1.20636e-10 1.0896e-10 9.84147e-11 8.88896e-11 8.02863e-11 7.25156e-11 6.5497e-11 5.91576e-11 5.34318e-11 4.82602e-11 4.35891e-11 3.937e-11 3.55593e-11 3.21175e-11 2.90087e-11 2.62009e-11 2.36648e-11 2.13742e-11 1.93052e-11 1.74366e-11 1.57488e-11 1.42243e-11 1.28475e-11
7.50294e-05 2.75662e-07 2.48998e-07 2.24912e-07 2.03156e-07 1.83505e-07 1.65754e-07 1.4972e-07 1.35237e-07 1.22155e-07 1.10338e-07 9.96646e-08 9.00234e-08 8.13148e-08 7.34485e-08 6.63432e-08 5.99252e-08 5.4128e-08 4.88916e-08 4.41618e-08 3.98895e-08 3.60304e-08 3.25447e-08 2.93962e-08 2.65523e-08 2.39834e-08 2.16631e-08 1.95673e-08 1.76742e-08 1.59642e-08 1.44197e-08 1.30246e-08 1.17645e-08 1.06262e-08 9.59812e-09 8.66947e-09 7.83067e-09 7.07302e-09 6.38867e-09 5.77053e-09 5.2122e-09 4.70788e-09 4.25236e-09 3.8409e-09 3.46926e-09 3.13358e-09 2.83037e-09 2.5565e-09 2.30913e-09 2.08569e-09 1.88388e-09 1.70158e-09 1.53693e-09 1.38821e-09 1.25388e-09 1.13255e-09 1.02295e-09 9.23964e-10 8.34553e-10 7.53794e-10 6.8085e-10 6.14963e-10 5.55453e-10 5.01701e-10 4.5315e-10 4.09297e-10 3.69688e-10 3.33912e-10 3.01597e-10 2.7241e-10 2.46047e-10 2.22235e-10 2.00728e-10 1.81302e-10 1.63756e-10 1.47907e-10 1.33593e-10 1.20664e-10 1.08986e-10 9.84378e-11 8.89107e-11 8.03057e-11 7.25333e-11 6.55132e-11 5.91725e-11 5.34454e-11 4.82726e-11 4.36005e-11 3.93805e-11 3.55689e-11 3.21262e-11 2.90167e-11 2.62082e-11 2.36715e-11 2.13803e-11 1.93108e-11 1.74417e-11 1.57534e-11 1.42286e-11 1.28513e-11 1.16074e-11
6.77095e-05 2.48988e-07 2.24904e-07 2.0315e-07 1.83499e-07 1.6575e-07 1.49717e-07 1.35235e-07 1.22153e-07 1.10337e-07 9.96639e-08 9.00231e-08 8.13148e-08 7.34488e-08 6.63437e-08 5.99258e-08 5.41288e-08 4.88925e-08 4.41627e-08 3.98905e-08 3.60315e-08 3.25458e-08 2.93972e-08 2.65533e-08 2.39845e-08 2.16641e-08 1.95682e-08 1.76751e-08 1.59651e-08 1.44206e-08 1.30254e-08 1.17652e-08 1.0627e-08 9.59883e-09 8.67014e-09 7.8313e-09 7.07362e-09 6.38923e-09 5.77106e-09 5.21269e-09 4.70834e-09 4.25279e-09 3.84131e-09 3.46964e-09 3.13393e-09 2.8307e-09 2.55681e-09 2.30941e-09 2.08596e-09 1.88412e-09 1.70181e-09 1.53714e-09 1.3884e-09 1.25406e-09 1.13271e-09 1.02311e-09 9.24105e-10 8.34684e-10 7.53915e-10 6.80961e-10 6.15066e-10 5.55547e-10 5.01788e-10 4.5323e-10 4.09371e-10 3.69756e-10 3.33974e-10 3.01655e-10 2.72463e-10 2.46096e-10 2.2228e-10 2.00769e-10 1.8134e-10 1.6379e-10 1.47939e-10 1.33622e-10 1.2069e-10 1.0901e-10 9.84603e-11 8.89313e-11 8.03245e-11 7.25506e-11 6.5529e-11 5.9187e-11 5.34587e-11 4.82848e-11 4.36116e-11 3.93906e-11 3.55782e-11 3.21347e-11 2.90245e-11 2.62153e-11 2.3678e-11 2.13862e-11 1.93162e-11 1.74466e-11 1.5758e-11 1.42327e-11 1.28551e-11 1.16108e-11 1.0487e-11
6.11037e-05 2.24895e-07 2.03142e-07 1.83493e-07 1.65744e-07 1.49712e-07 1.35231e-07 1.22151e-07 1.10335e-07 9.96625e-08 9.00221e-08 8.13142e-08 7.34485e-08 6.63437e-08 5.99261e-08 5.41292e-08 4.8893e-08 4.41633e-08 3.98912e-08 3.60322e-08 3.25466e-08 2.93981e-08 2.65541e-08 2.39853e-08 2.1665e-08 1.95691e-08 1.76759e-08 1.59659e-08 1.44213e-08 1.30262e-08 1.17659e-08 1.06276e-08 9.59947e-09 8.67075e-09 7.83188e-09 7.07416e-09 6.38975e-09 5.77154e-09 5.21315e-09 4.70877e-09 4.25319e-09 3.84169e-09 3.46999e-09 3.13426e-09 2.83101e-09 2.55709e-09 2.30968e-09 2.0862e-09 1.88435e-09 1.70202e-09 1.53734e-09 1.38859e-09 1.25423e-09 1.13287e-09 1.02325e-09 9.2424e-10 8.34809e-10 7.5403e-10 6.81068e-10 6.15165e-10 5.55638e-10 5.01872e-10 4.53307e-10 4.09442e-10 3.69821e-10 3.34034e-10 3.0171e-10 2.72514e-10 2.46143e-10 2.22323e-10 2.00809e-10 1.81376e-10 1.63824e-10 1.4797e-10 1.3365e-10 1.20716e-10 1.09034e-10 9.8482e-11 8.89512e-11 8.03428e-11 7.25674e-11 6.55444e-11 5.9201e-11 5.34716e-11 4.82966e-11 4.36224e-11 3.94005e-11 3.55872e-11 3.2143e-11 2.90321e-11 2.62222e-11 2.36843e-11 2.1392e-11 1.93215e-11 1.74515e-11 1.57624e-11 1.42368e-11 1.28588e-11 1.16142e-11 1.04901e-11 9.47473e-12
5.51423e-05 2.03132e-07 1.83485e-07 1.65738e-07 1.49707e-07 1.35227e-07 1.22147e-07 1.10332e-07 9.96603e-08 9.00205e-08 8.1313e-08 7.34477e-08 6.63432e-08 5.99258e-08 5.41292e-08 4.88932e-08 4.41637e-08 3.98916e-08 3.60327e-08 3.25471e-08 2.93987e-08 2.65548e-08 2.3986e-08 2.16656e-08 1.95698e-08 1.76766e-08 1.59666e-08 1.4422e-08 1.30268e-08 1.17666e-08 1.06282e-08 9.60004e-09 8.6713e-09 7.8324e-09 7.07466e-09 6.39022e-09 5.77199e-09 5.21357e-09 4.70917e-09 4.25356e-09 3.84204e-09 3.47032e-09 3.13457e-09 2.83129e-09 2.55736e-09 2.30993e-09 2.08644e-09 1.88457e-09 1.70223e-09 1.53753e-09 1.38876e-09 1.25439e-09 1.13302e-09 1.02339e-09 9.24369e-10 8.34928e-10 7.5414e-10 6.81169e-10 6.15259e-10 5.55725e-10 5.01952e-10 4.53381e-10 4.0951e-10 3.69884e-10 3.34092e-10 3.01764e-10 2.72563e-10 2.46188e-10 2.22365e-10 2.00847e-10 1.81411e-10 1.63856e-10 1.48e-10 1.33677e-10 1.20741e-10 1.09057e-10 9.85031e-11 8.89706e-11 8.03605e-11 7.25836e-11 6.55593e-11 5.92147e-11 5.34841e-11 4.8308e-11 4.36329e-11 3.94101e-11 3.5596e-11 3.2151e-11 2.90394e-11 2.6229e-11 2.36905e-11 2.13976e-11 1.93267e-11 1.74562e-11 1.57667e-11 1.42407e-11 1.28624e-11 1.16175e-11 1.04931e-11 9.47748e-12 8.56017e-12
4.97626e-05 1.83476e-07 1.6573e-07 1.49701e-07 1.35222e-07 1.22143e-07 1.10329e-07 9.96575e-08 9.00183e-08 8.13113e-08 7.34464e-08 6.63423e-08 5.99252e-08 5.41288e-08 4.8893e-08 4.41637e-08 3.98917e-08 3.6033e-08 3.25475e-08 2.93991e-08 2.65553e-08 2.39865e-08 2.16662e-08 1.95703e-08 1.76772e-08 1.59672e-08 1.44225e-08 1.30273e-08 1.17671e-08 1.06288e-08 9.60055e-09 8.67179e-09 7.83287e-09 7.07511e-09 6.39065e-09 5.77239e-09 5.21395e-09 4.70953e-09 4.25391e-09 3.84236e-09 3.47062e-09 3.13485e-09 2.83156e-09 2.55761e-09 2.31016e-09 2.08666e-09 1.88477e-09 1.70242e-09 1.5377e-09 1.38893e-09 1.25454e-09 1.13316e-09 1.02352e-09 9.24492e-10 8.35041e-10 7.54245e-10 6.81267e-10 6.15349e-10 5.55808e-10 5.02028e-10 4.53452e-10 4.09576e-10 3.69945e-10 3.34148e-10 3.01815e-10 2.7261e-10 2.46231e-10 2.22405e-10 2.00884e-10 1.81445e-10 1.63887e-10 1.48028e-10 1.33704e-10 1.20765e-10 1.09079e-10 9.85235e-11 8.89893e-11 8.03777e-11 7.25994e-11 6.55737e-11 5.9228e-11 5.34962e-11 4.83192e-11 4.36431e-11 3.94195e-11 3.56046e-11 3.21589e-11 2.90466e-11 2.62355e-11 2.36965e-11 2.14031e-11 1.93317e-11 1.74608e-11 1.57709e-11 1.42446e-11 1.28659e-11 1.16207e-11 1.0496e-11 9.48017e-12 8.56263e-12 7.73389e-12
4.49077e-05 1.65721e-07 1.49693e-07 1.35215e-07 1.22138e-07 1.10325e-07 9.9654e-08 9.00154e-08 8.1309e-08 7.34446e-08 6.63409e-08 5.99241e-08 5.4128e-08 4.88925e-08 4.41633e-08 3.98916e-08 3.6033e-08 3.25476e-08 2.93993e-08 2.65555e-08 2.39868e-08 2.16666e-08 1.95707e-08 1.76776e-08 1.59676e-08 1.4423e-08 1.30278e-08 1.17676e-08 1.06292e-08 9.60099e-09 8.67222e-09 7.83329e-09 7.07551e-09 6.39103e-09 5.77276e-09 5.2143e-09 4.70986e-09 4.25422e-09 3.84266e-09 3.4709e-09 3.13511e-09 2.83181e-09 2.55784e-09 2.31038e-09 2.08686e-09 1.88496e-09 1.70259e-09 1.53787e-09 1.38908e-09 1.25469e-09 1.1333e-09 1.02365e-09 9.24607e-10 8.35149e-10 7.54345e-10 6.81359e-10 6.15434e-10 5.55887e-10 5.02102e-10 4.5352e-10 4.09638e-10 3.70002e-10 3.34201e-10 3.01864e-10 2.72656e-10 2.46273e-10 2.22443e-10 2.00919e-10 1.81478e-10 1.63917e-10 1.48056e-10 1.33729e-10 1.20789e-10 1.09101e-10 9.85432e-11 8.90074e-11 8.03943e-11 7.26146e-11 6.55877e-11 5.92408e-11 5.3508e-11 4.833e-11 4.3653e-11 3.94285e-11 3.56129e-11 3.21665e-11 2.90536e-11 2.62419e-11 2.37023e-11 2.14085e-11 1.93366e-11 1.74653e-11 1.5775e-11 1.42483e-11 1.28694e-11 1.16239e-11 1.04989e-11 9.4828e-12 8.56503e-12 7.73608e-12 6.98735e-12
4.05265e-05 1.49685e-07 1.35208e-07 1.22131e-07 1.10319e-07 9.96497e-08 9.00119e-08 8.13061e-08 7.34423e-08 6.6339e-08 5.99227e-08 5.41269e-08 4.88916e-08 4.41627e-08 3.98912e-08 3.60327e-08 3.25475e-08 2.93993e-08 2.65556e-08 2.3987e-08 2.16668e-08 1.9571e-08 1.76779e-08 1.59679e-08 1.44234e-08 1.30282e-08 1.17679e-08 1.06296e-08 9.60136e-09 8.67258e-09 7.83364e-09 7.07585e-09 6.39136e-09 5.77308e-09 5.21461e-09 4.71016e-09 4.2545e-09 3.84292e-09 3.47116e-09 3.13536e-09 2.83204e-09 2.55806e-09 2.31058e-09 2.08705e-09 1.88514e-09 1.70276e-09 1.53803e-09 1.38923e-09 1.25482e-09 1.13342e-09 1.02377e-09 9.24717e-10 8.35251e-10 7.5444e-10 6.81447e-10 6.15515e-10 5.55963e-10 5.02171e-10 4.53584e-10 4.09698e-10 3.70058e-10 3.34252e-10 3.01911e-10 2.72699e-10 2.46313e-10 2.2248e-10 2.00953e-10 1.81509e-10 1.63946e-10 1.48082e-10 1.33754e-10 1.20811e-10 1.09121e-10 9.85622e-11 8.90249e-11 8.04104e-11 7.26294e-11 6.56013e-11 5.92532e-11 5.35194e-11 4.83404e-11 4.36626e-11 3.94374e-11 3.5621e-11 3.21739e-11 2.90604e-11 2.62481e-11 2.3708e-11 2.14137e-11 1.93414e-11 1.74696e-11 1.5779e-11 1.4252e-11 1.28727e-11 1.16269e-11 1.05017e-11 9.48536e-12 8.56737e-12 7.73822e-12 6.98931e-12 6.31287e-12
3.65727e-05 1.352e-07 1.22124e-07 1.10314e-07 9.96447e-08 9.00077e-08 8.13026e-08 7.34394e-08 6.63366e-08 5.99207e-08 5.41253e-08 4.88904e-08 4.41618e-08 3.98905e-08 3.60322e-08 3.25471e-08 2.93991e-08 2.65555e-08 2.3987e-08 2.16669e-08 1.95711e-08 1.76781e-08 1.59682e-08 1.44236e-08 1.30284e-08 1.17682e-08 1.06299e-08 9.60166e-09 8.67289e-09 7.83395e-09 7.07615e-09 6.39166e-09 5.77337e-09 5.21488e-09 4.71042e-09 4.25476e-09 3.84317e-09 3.47139e-09 3.13558e-09 2.83224e-09 2.55826e-09 2.31077e-09 2.08722e-09 1.8853e-09 1.70292e-09 1.53817e-09 1.38936e-09 1.25495e-09 1.13354e-09 1.02388e-09 9.2482e-10 8.35347e-10 7.54529e-10 6.8153e-10 6.15592e-10 5.56034e-10 5.02238e-10 4.53646e-10 4.09755e-10 3.7011e-10 3.34301e-10 3.01956e-10 2.72741e-10 2.46352e-10 2.22516e-10 2.00986e-10 1.81539e-10 1.63974e-10 1.48108e-10 1.33777e-10 1.20833e-10 1.09141e-10 9.85806e-11 8.90418e-11 8.04259e-11 7.26437e-11 6.56144e-11 5.92653e-11 5.35305e-11 4.83506e-11 4.36719e-11 3.94459e-11 3.56288e-11 3.21811e-11 2.9067e-11 2.62542e-11 2.37136e-11 2.14188e-11 1.93461e-11 1.74739e-11 1.57829e-11 1.42555e-11 1.2876e-11 1.16299e-11 1.05044e-11 9.48785e-12 8.56965e-12 7.74031e-12 6.99122e-12 6.31462e-12 5.7035e-12
3.30046e-05 1.22117e-07 1.10307e-07 9.96391e-08 9.00029e-08 8.12986e-08 7.3436e-08 6.63338e-08 5.99184e-08 5.41234e-08 4.88889e-08 4.41605e-08 3.98895e-08 3.60315e-08 3.25466e-08 2.93987e-08 2.65553e-08 2.39868e-08 2.16668e-08 1.95711e-08 1.76782e-08 1.59683e-08 1.44238e-08 1.30286e-08 1.17684e-08 1.06301e-08 9.6019e-09 8.67313e-09 7.83419e-09 7.0764e-09 6.3919e-09 5.77361e-09 5.21512e-09 4.71065e-09 4.25498e-09 3.84338e-09 3.4716e-09 3.13577e-09 2.83243e-09 2.55843e-09 2.31094e-09 2.08739e-09 1.88546e-09 1.70306e-09 1.53831e-09 1.38949e-09 1.25507e-09 1.13365e-09 1.02398e-09 9.24917e-10 8.35437e-10 7.54613e-10 6.81608e-10 6.15665e-10 5.56102e-10 5.02301e-10 4.53704e-10 4.09809e-10 3.7016e-10 3.34347e-10 3.01999e-10 2.7278e-10 2.46388e-10 2.2255e-10 2.01017e-10 1.81568e-10 1.64e-10 1.48133e-10 1.338e-10 1.20854e-10 1.0916e-10 9.85983e-11 8.90581e-11 8.04409e-11 7.26574e-11 6.56271e-11 5.92769e-11 5.35412e-11 4.83604e-11 4.36809e-11 3.94542e-11 3.56364e-11 3.2188e-11 2.90733e-11 2.626e-11 2.37189e-11 2.14237e-11 1.93506e-11 1.7478e-11 1.57867e-11 1.4259e-11 1.28791e-11 1.16328e-11 1.05071e-11 9.49028e-12 8.57187e-12 7.74234e-12 6.99308e-12 6.31632e-12 5.70505e-12 5.15294e-12
2.97846e-05 1.10299e-07 9.96327e-08 8.99975e-08 8.1294e-08 7.34321e-08 6.63305e-08 5.99156e-08 5.41211e-08 4.8887e-08 4.4159e-08 3.98882e-08 3.60304e-08 3.25458e-08 2.93981e-08 2.65548e-08 2.39865e-08 2.16666e-08 1.9571e-08 1.76781e-08 1.59683e-08 1.44238e-08 1.30287e-08 1.17686e-08 1.06303e-08 9.60207e-09 8.67331e-09 7.83439e-09 7.0766e-09 6.3921e-09 5.77381e-09 5.21532e-09 4.71085e-09 4.25517e-09 3.84357e-09 3.47178e-09 3.13595e-09 2.8326e-09 2.5586e-09 2.31109e-09 2.08753e-09 1.88559e-09 1.70319e-09 1.53843e-09 1.38961e-09 1.25518e-09 1.13375e-09 1.02408e-09 9.25007e-10 8.35521e-10 7.54692e-10 6.81681e-10 6.15734e-10 5.56166e-10 5.0236e-10 4.53759e-10 4.0986e-10 3.70208e-10 3.34391e-10 3.0204e-10 2.72818e-10 2.46423e-10 2.22582e-10 2.01047e-10 1.81596e-10 1.64026e-10 1.48156e-10 1.33822e-10 1.20874e-10 1.09179e-10 9.86153e-11 8.90737e-11 8.04553e-11 7.26707e-11 6.56393e-11 5.92881e-11 5.35515e-11 4.83699e-11 4.36896e-11 3.94622e-11 3.56437e-11 3.21948e-11 2.90795e-11 2.62657e-11 2.37241e-11 2.14285e-11 1.93549e-11 1.7482e-11 1.57904e-11 1.42624e-11 1.28822e-11 1.16356e-11 1.05097e-11 9.49265e-12 8.57404e-12 7.74432e-12 6.99489e-12 6.31798e-12 5.70657e-12 5.15432e-12 4.65552e-12
2.68788e-05 9.96256e-08 8.99914e-08 8.12888e-08 7.34277e-08 6.63267e-08 5.99125e-08 5.41184e-08 4.88847e-08 4.41571e-08 3.98866e-08 3.60292e-08 3.25447e-08 2.93972e-08 2.65541e-08 2.3986e-08 2.16662e-08 1.95707e-08 1.76779e-08 1.59682e-08 1.44238e-08 1.30287e-08 1.17686e-08 1.06303e-08 9.60217e-09 8.67344e-09 7.83452e-09 7.07675e-09 6.39226e-09 5.77398e-09 5.21549e-09 4.71102e-09 4.25534e-09 3.84373e-09 3.47194e-09 3.1361e-09 2.83275e-09 2.55874e-09 2.31123e-09 2.08766e-09 1.88572e-09 1.70331e-09 1.53854e-09 1.38971e-09 1.25528e-09 1.13385e-09 1.02417e-09 9.25091e-10 8.356e-10 7.54765e-10 6.8175e-10 6.15798e-10 5.56225e-10 5.02416e-10 4.53811e-10 4.09908e-10 3.70253e-10 3.34433e-10 3.02079e-10 2.72854e-10 2.46457e-10 2.22613e-10 2.01076e-10 1.81622e-10 1.6405e-10 1.48179e-10 1.33842e-10 1.20893e-10 1.09197e-10 9.86316e-11 8.90888e-11 8.04692e-11 7.26835e-11 6.5651e-11 5.92989e-11 5.35614e-11 4.8379e-11 4.3698e-11 3.94699e-11 3.56508e-11 3.22013e-11 2.90855e-11 2.62712e-11 2.37292e-11 2.14331e-11 1.93592e-11 1.74859e-11 1.57939e-11 1.42656e-11 1.28852e-11 1.16384e-11 1.05122e-11 9.49495e-12 8.57615e-12 7.74625e-12 6.99666e-12 6.31959e-12 5.70805e-12 5.15568e-12 4.65675e-12 4.20611e-12
2.42565e-05 8.99847e-08 8.1283e-08 7.34227e-08 6.63225e-08 5.99088e-08 5.41154e-08 4.88821e-08 4.41549e-08 3.98848e-08 3.60276e-08 3.25435e-08 2.93962e-08 2.65533e-08 2.39853e-08 2.16656e-08 1.95703e-08 1.76776e-08 1.59679e-08 1.44236e-08 1.30286e-08 1.17686e-08 1.06303e-08 9.6022e-09 8.6735e-09 7.83461e-09 7.07685e-09 6.39237e-09 5.7741e-09 5.21562e-09 4.71115e-09 4.25547e-09 3.84387e-09 3.47207e-09 3.13623e-09 2.83288e-09 2.55886e-09 2.31135e-09 2.08778e-09 1.88583e-09 1.70342e-09 1.53864e-09 1.38981e-09 1.25537e-09 1.13394e-09 1.02425e-09 9.25168e-10 8.35672e-10 7.54834e-10 6.81814e-10 6.15858e-10 5.56282e-10 5.02468e-10 4.5386e-10 4.09954e-10 3.70295e-10 3.34473e-10 3.02115e-10 2.72888e-10 2.46488e-10 2.22642e-10 2.01103e-10 1.81647e-10 1.64074e-10 1.482e-10 1.33862e-10 1.20911e-10 1.09214e-10 9.86473e-11 8.91032e-11 8.04825e-11 7.26957e-11 6.56623e-11 5.93094e-11 5.3571e-11 4.83878e-11 4.37061e-11 3.94773e-11 3.56577e-11 3.22076e-11 2.90913e-11 2.62765e-11 2.3734e-11 2.14376e-11 1.93633e-11 1.74897e-11 1.57974e-11 1.42688e-11 1.28881e-11 1.1641e-11 1.05146e-11 9.49719e-12 8.5782e-12 7.74813e-12 6.99837e-12 6.32117e-12 5.70949e-12 5.15699e-12 4.65796e-12 4.20721e-12 3.80008e-12
2.189e-05 8.12766e-08 7.34172e-08 6.63178e-08 5.99048e-08 5.41119e-08 4.88792e-08 4.41524e-08 3.98827e-08 3.60259e-08 3.2542e-08 2.9395e-08 2.65523e-08 2.39845e-08 2.1665e-08 1.95698e-08 1.76772e-08 1.59676e-08 1.44234e-08 1.30284e-08 1.17684e-08 1.06303e-08 9.60217e-09 8.6735e-09 7.83463e-09 7.0769e-09 6.39244e-09 5.77418e-09 5.21571e-09 4.71125e-09 4.25558e-09 3.84398e-09 3.47218e-09 3.13634e-09 2.83299e-09 2.55897e-09 2.31146e-09 2.08788e-09 1.88593e-09 1.70351e-09 1.53874e-09 1.3899e-09 1.25545e-09 1.13402e-09 1.02432e-09 9.25239e-10 8.35739e-10 7.54897e-10 6.81873e-10 6.15914e-10 5.56334e-10 5.02517e-10 4.53906e-10 4.09997e-10 3.70335e-10 3.3451e-10 3.0215e-10 2.7292e-10 2.46518e-10 2.2267e-10 2.01129e-10 1.81671e-10 1.64096e-10 1.48221e-10 1.33881e-10 1.20929e-10 1.0923e-10 9.86622e-11 8.9117e-11 8.04952e-11 7.27075e-11 6.56732e-11 5.93194e-11 5.35802e-11 4.83963e-11 4.37139e-11 3.94845e-11 3.56643e-11 3.22137e-11 2.90969e-11 2.62816e-11 2.37388e-11 2.14419e-11 1.93673e-11 1.74934e-11 1.58007e-11 1.42719e-11 1.2891e-11 1.16436e-11 1.0517e-11 9.49936e-12 8.58019e-12 7.74995e-12 7.00005e-12 6.3227e-12 5.71089e-12 5.15828e-12 4.65913e-12 4.20829e-12 3.80107e-12 3.43325e-12
1.97544e-05 7.34112e-08 6.63126e-08 5.99003e-08 5.41081e-08 4.88759e-08 4.41496e-08 3.98803e-08 3.60238e-08 3.25402e-08 2.93935e-08 2.6551e-08 2.39834e-08 2.16641e-08 1.95691e-08 1.76766e-08 1.59672e-08 1.4423e-08 1.30282e-08 1.17682e-08 1.06301e-08 9.60207e-09 8.67344e-09 7.83461e-09 7.0769e-09 6.39246e-09 5.77422e-09 5.21576e-09 4.71132e-09 4.25565e-09 3.84406e-09 3.47227e-09 3.13643e-09 2.83308e-09 2.55906e-09 2.31155e-09 2.08797e-09 1.88602e-09 1.70359e-09 1.53882e-09 1.38997e-09 1.25553e-09 1.13409e-09 1.02439e-09 9.25303e-10 8.358e-10 7.54954e-10 6.81928e-10 6.15965e-10 5.56382e-10 5.02562e-10 4.53948e-10 4.10036e-10 3.70372e-10 3.34544e-10 3.02182e-10 2.7295e-10 2.46546e-10 2.22696e-10 2.01153e-10 1.81694e-10 1.64117e-10 1.4824e-10 1.33899e-10 1.20946e-10 1.09245e-10 9.86765e-11 8.91302e-11 8.05074e-11 7.27188e-11 6.56836e-11 5.93289e-11 5.35891e-11 4.84045e-11 4.37214e-11 3.94915e-11 3.56707e-11 3.22195e-11 2.91023e-11 2.62866e-11 2.37433e-11 2.14461e-11 1.93711e-11 1.74969e-11 1.5804e-11 1.42749e-11 1.28937e-11 1.16461e-11 1.05193e-11 9.50147e-12 8.58212e-12 7.75172e-12 7.00167e-12 6.32418e-12 5.71225e-12 5.15952e-12 4.66028e-12 4.20933e-12 3.80202e-12 3.43412e-12 3.10182e-12
1.78271e-05 6.6307e-08 5.98954e-08 5.41039e-08 4.88722e-08 4.41465e-08 3.98776e-08 3.60215e-08 3.25383e-08 2.93918e-08 2.65496e-08 2.39823e-08 2.16631e-08 1.95682e-08 1.76759e-08 1.59666e-08 1.44225e-08 1.30278e-08 1.17679e-08 1.06299e-08 9.6019e-09 8.67331e-09 7.83452e-09 7.07685e-09 6.39244e-09 5.77422e-09 5.21578e-09 4.71135e-09 4.2557e-09 3.84411e-09 3.47233e-09 3.1365e-09 2.83315e-09 2.55913e-09 2.31162e-09 2.08804e-09 1.88609e-09 1.70367e-09 1.53889e-09 1.39004e-09 1.25559e-09 1.13415e-09 1.02445e-09 9.25361e-10 8.35856e-10 7.55007e-10 6.81978e-10 6.16012e-10 5.56426e-10 5.02604e-10 4.53988e-10 4.10073e-10 3.70407e-10 3.34577e-10 3.02213e-10 2.72979e-10 2.46573e-10 2.22721e-10 2.01176e-10 1.81715e-10 1.64137e-10 1.48259e-10 1.33916e-10 1.20962e-10 1.0926e-10 9.86901e-11 8.91428e-11 8.05191e-11 7.27295e-11 6.56935e-11 5.93381e-11 5.35975e-11 4.84123e-11 4.37287e-11 3.94981e-11 3.56768e-11 3.22252e-11 2.91075e-11 2.62914e-11 2.37477e-11 2.14501e-11 1.93748e-11 1.75003e-11 1.58071e-11 1.42777e-11 1.28963e-11 1.16486e-11 1.05215e-11 9.50351e-12 8.584e-12 7.75344e-12 7.00324e-12 6.32563e-12 5.71357e-12 5.16074e-12 4.66139e-12 4.21035e-12 3.80295e-12 3.43498e-12 3.1026e-12 2.80239e-12
1.60879e-05 5.98901e-08 5.40992e-08 4.88682e-08 4.4143e-08 3.98746e-08 3.6019e-08 3.25361e-08 2.939e-08 2.6548e-08 2.39809e-08 2.1662e-08 1.95673e-08 1.76751e-08 1.59659e-08 1.4422e-08 1.30273e-08 1.17676e-08 1.06296e-08 9.60166e-09 8.67313e-09 7.83439e-09 7.07675e-09 6.39237e-09 5.77418e-09 5.21576e-09 4.71135e-09 4.25571e-09 3.84414e-09 3.47236e-09 3.13654e-09 2.8332e-09 2.55919e-09 2.31168e-09 2.0881e-09 1.88615e-09 1.70372e-09 1.53894e-09 1.3901e-09 1.25565e-09 1.1342e-09 1.0245e-09 9.25413e-10 8.35905e-10 7.55054e-10 6.82023e-10 6.16055e-10 5.56467e-10 5.02643e-10 4.54024e-10 4.10108e-10 3.70439e-10 3.34607e-10 3.02241e-10 2.73005e-10 2.46597e-10 2.22744e-10 2.01197e-10 1.81735e-10 1.64155e-10 1.48276e-10 1.33933e-10 1.20977e-10 1.09274e-10 9.87031e-11 8.91548e-11 8.05302e-11 7.27398e-11 6.5703e-11 5.93469e-11 5.36057e-11 4.84198e-11 4.37356e-11 3.95045e-11 3.56827e-11 3.22306e-11 2.91125e-11 2.6296e-11 2.37519e-11 2.1454e-11 1.93784e-11 1.75036e-11 1.58101e-11 1.42805e-11 1.28989e-11 1.16509e-11 1.05237e-11 9.50549e-12 8.58581e-12 7.75511e-12 7.00477e-12 6.32703e-12 5.71486e-12 5.16191e-12 4.66246e-12 4.21134e-12 3.80386e-12 3.4358e-12 3.10336e-12 2.80308e-12 2.53185e-12
1.45184e-05 5.40943e-08 4.88639e-08 4.41393e-08 3.98714e-08 3.60162e-08 3.25337e-08 2.93879e-08 2.65463e-08 2.39794e-08 2.16607e-08 1.95662e-08 1.76742e-08 1.59651e-08 1.44213e-08 1.30268e-08 1.17671e-08 1.06292e-08 9.60136e-09 8.67289e-09 7.83419e-09 7.0766e-09 6.39226e-09 5.7741e-09 5.21571e-09 4.71132e-09 4.2557e-09 3.84414e-09 3.47238e-09 3.13656e-09 2.83323e-09 2.55922e-09 2.31172e-09 2.08814e-09 1.88619e-09 1.70377e-09 1.53899e-09 1.39015e-09 1.2557e-09 1.13425e-09 1.02455e-09 9.25458e-10 8.35949e-10 7.55096e-10 6.82063e-10 6.16093e-10 5.56504e-10 5.02677e-10 4.54057e-10 4.10139e-10 3.70468e-10 3.34635e-10 3.02267e-10 2.7303e-10 2.4662e-10 2.22765e-10 2.01218e-10 1.81754e-10 1.64173e-10 1.48292e-10 1.33948e-10 1.20991e-10 1.09287e-10 9.87153e-11 8.91662e-11 8.05407e-11 7.27496e-11 6.57121e-11 5.93553e-11 5.36134e-11 4.84269e-11 4.37422e-11 3.95106e-11 3.56883e-11 3.22358e-11 2.91173e-11 2.63004e-11 2.3756e-11 2.14578e-11 1.93819e-11 1.75068e-11 1.58131e-11 1.42832e-11 1.29014e-11 1.16532e-11 1.05258e-11 9.50741e-12 8.58757e-12 7.75672e-12 7.00625e-12 6.32839e-12 5.7161e-12 5.16305e-12 4.66351e-12 4.2123e-12 3.80474e-12 3.43661e-12 3.1041e-12 2.80376e-12 2.53247e-12 2.28744e-12
1.31019e-05 4.88592e-08 4.41352e-08 3.98679e-08 3.60131e-08 3.2531e-08 2.93856e-08 2.65443e-08 2.39777e-08 2.16592e-08 1.95649e-08 1.76731e-08 1.59642e-08 1.44206e-08 1.30262e-08 1.17666e-08 1.06288e-08 9.60099e-09 8.67258e-09 7.83395e-09 7.0764e-09 6.3921e-09 5.77398e-09 5.21562e-09 4.71125e-09 4.25565e-09 3.84411e-09 3.47236e-09 3.13656e-09 2.83324e-09 2.55924e-09 2.31174e-09 2.08817e-09 1.88623e-09 1.70381e-09 1.53903e-09 1.39019e-09 1.25574e-09 1.13429e-09 1.02459e-09 9.25496e-10 8.35986e-10 7.55133e-10 6.82099e-10 6.16128e-10 5.56537e-10 5.02709e-10 4.54087e-10 4.10167e-10 3.70495e-10 3.3466e-10 3.02291e-10 2.73052e-10 2.46642e-10 2.22785e-10 2.01236e-10 1.81772e-10 1.64189e-10 1.48308e-10 1.33962e-10 1.21004e-10 1.09299e-10 9.87269e-11 8.91769e-11 8.05507e-11 7.27588e-11 6.57206e-11 5.93632e-11 5.36208e-11 4.84338e-11 4.37485e-11 3.95164e-11 3.56937e-11 3.22408e-11 2.91219e-11 2.63046e-11 2.37599e-11 2.14614e-11 1.93852e-11 1.75098e-11 1.58159e-11 1.42858e-11 1.29037e-11 1.16554e-11 1.05278e-11 9.50926e-12 8.58927e-12 7.75828e-12 7.00769e-12 6.3297e-12 5.71731e-12 5.16416e-12 4.66453e-12 4.21323e-12 3.80559e-12 3.43739e-12 3.10481e-12 2.80441e-12 2.53307e-12 2.28799e-12 2.06661e-12
1.18237e-05 4.41308e-08 3.98641e-08 3.60098e-08 3.25281e-08 2.93831e-08 2.65421e-08 2.39758e-08 2.16576e-08 1.95635e-08 1.76719e-08 1.59632e-08 1.44197e-08 1.30254e-08 1.17659e-08 1.06282e-08 9.60055e-09 8.67222e-09 7.83364e-09 7.07615e-09 6.3919e-09 5.77381e-09 5.21549e-09 4.71115e-09 4.25558e-09 3.84406e-09 3.47233e-09 3.13654e-09 2.83323e-09 2.55924e-09 2.31175e-09 2.08819e-09 1.88625e-09 1.70383e-09 1.53906e-09 1.39022e-09 1.25577e-09 1.13432e-09 1.02462e-09 9.25529e-10 8.36018e-10 7.55164e-10 6.82129e-10 6.16158e-10 5.56566e-10 5.02737e-10 4.54114e-10 4.10193e-10 3.7052e-10 3.34684e-10 3.02313e-10 2.73073e-10 2.46661e-10 2.22804e-10 2.01254e-10 1.81788e-10 1.64205e-10 1.48322e-10 1.33976e-10 1.21017e-10 1.09311e-10 9.87378e-11 8.91871e-11 8.05601e-11 7.27676e-11 6.57288e-11 5.93708e-11 5.36278e-11 4.84403e-11 4.37545e-11 3.9522e-11 3.56989e-11 3.22455e-11 2.91262e-11 2.63087e-11 2.37637e-11 2.14648e-11 1.93884e-11 1.75128e-11 1.58186e-11 1.42883e-11 1.2906e-11 1.16575e-11 1.05297e-11 9.51104e-12 8.59091e-12 7.75979e-12 7.00907e-12 6.33098e-12 5.71848e-12 5.16523e-12 4.66551e-12 4.21413e-12 3.80642e-12 3.43815e-12 3.10551e-12 2.80505e-12 2.53366e-12 2.28852e-12 2.0671e-12 1.8671e-12
1.06702e-05 3.986e-08 3.60062e-08 3.2525e-08 2.93804e-08 2.65398e-08 2.39738e-08 2.16559e-08 1.9562e-08 1.76706e-08 1.59621e-08 1.44187e-08 1.30246e-08 1.17652e-08 1.06276e-08 9.60004e-09 8.67179e-09 7.83329e-09 7.07585e-09 6.39166e-09 5.77361e-09 5.21532e-09 4.71102e-09 4.25547e-09 3.84398e-09 3.47227e-09 3.1365e-09 2.8332e-09 2.55922e-09 2.31174e-09 2.08819e-09 1.88625e-09 1.70384e-09 1.53907e-09 1.39024e-09 1.25579e-09 1.13435e-09 1.02465e-09 9.25554e-10 8.36045e-10 7.55191e-10 6.82156e-10 6.16183e-10 5.56591e-10 5.02761e-10 4.54137e-10 4.10216e-10 3.70542e-10 3.34704e-10 3.02333e-10 2.73092e-10 2.46679e-10 2.22821e-10 2.0127e-10 1.81803e-10 1.64219e-10 1.48335e-10 1.33988e-10 1.21028e-10 1.09322e-10 9.8748e-11 8.91966e-11 8.0569e-11 7.27759e-11 6.57365e-11 5.93779e-11 5.36344e-11 4.84464e-11 4.37602e-11 3.95273e-11 3.57038e-11 3.22501e-11 2.91304e-11 2.63126e-11 2.37673e-11 2.14681e-11 1.93914e-11 1.75156e-11 1.58212e-11 1.42907e-11 1.29082e-11 1.16595e-11 1.05316e-11 9.51276e-12 8.59249e-12 7.76125e-12 7.01041e-12 6.3322e-12 5.71961e-12 5.16627e-12 4.66646e-12 4.21501e-12 3.80722e-12 3.43889e-12 3.10619e-12 2.80567e-12 2.53423e-12 2.28904e-12 2.06758e-12 1.86754e-12 1.68685e-12
9.62917e-06 3.60024e-08 3.25217e-08 2.93775e-08 2.65372e-08 2.39716e-08 2.16539e-08 1.95604e-08 1.76692e-08 1.59609e-08 1.44177e-08 1.30237e-08 1.17645e-08 1.0627e-08 9.59947e-09 8.6713e-09 7.83287e-09 7.07551e-09 6.39136e-09 5.77337e-09 5.21512e-09 4.71085e-09 4.25534e-09 3.84387e-09 3.47218e-09 3.13643e-09 2.83315e-09 2.55919e-09 2.31172e-09 2.08817e-09 1.88625e-09 1.70384e-09 1.53908e-09 1.39025e-09 1.2558e-09 1.13436e-09 1.02466e-09 9.25574e-10 8.36065e-10 7.55212e-10 6.82177e-10 6.16205e-10 5.56612e-10 5.02782e-10 4.54158e-10 4.10236e-10 3.70561e-10 3.34723e-10 3.02351e-10 2.73109e-10 2.46696e-10 2.22836e-10 2.01284e-10 1.81817e-10 1.64232e-10 1.48348e-10 1.34e-10 1.21039e-10 1.09332e-10 9.87575e-11 8.92055e-11 8.05773e-11 7.27836e-11 6.57437e-11 5.93847e-11 5.36407e-11 4.84522e-11 4.37656e-11 3.95323e-11 3.57084e-11 3.22544e-11 2.91344e-11 2.63163e-11 2.37707e-11 2.14713e-11 1.93943e-11 1.75183e-11 1.58237e-11 1.4293e-11 1.29104e-11 1.16615e-11 1.05334e-11 9.51442e-12 8.59402e-12 7.76265e-12 7.0117e-12 6.33339e-12 5.7207e-12 5.16727e-12 4.66738e-12 4.21585e-12 3.808e-12 3.4396e-12 3.10684e-12 2.80627e-12 2.53478e-12 2.28955e-12 2.06804e-12 1.86796e-12 1.68724e-12 1.524e-12
