0.975314 0.00121099 0.00108103 0.000965713 0.000863319 0.000772331 0.000691418 0.000619409 0.000555276 0.000498113 0.000447124 0.000401605 0.000360937 0.000324574 0.000292033 0.000262885 0.000236756 0.000213309 0.000192248 0.000173311 0.000156264 0.0001409 0.000127034 0.000114501 0.000103154 9.2861e-05 8.35047e-05 7.49788e-05 6.7188e-05 6.00461e-05 5.43903e-05
0.00121099 8.45281e-06 7.54881e-06 6.74562e-06 6.03119e-06 5.39499e-06 4.82776e-06 4.32141e-06 3.8688e-06 3.46369e-06 3.10057e-06 2.77458e-06 2.48144e-06 2.21737e-06 1.97904e-06 1.76347e-06 1.56806e-06 1.39047e-06 1.22862e-06 1.08068e-06 9.45011e-07 8.20141e-07 7.0477e-07 5.97731e-07 4.97988e-07 4.04618e-07 3.16802e-07 2.33816e-07 1.55028e-07 7.989e-08 7.17861e-08
0.00108103 7.54881e-06 6.73953e-06 6.02041e-06 5.38065e-06 4.81083e-06 4.30265e-06 3.84887e-06 3.4431e-06 3.07973e-06 2.75383e-06 2.46105e-06 2.19755e-06 1.95994e-06 1.74522e-06 1.55074e-06 1.37414e-06 1.21334e-06 1.06647e-06 9.31888e-07 8.08114e-07 6.93842e-07 5.87903e-07 4.89261e-07 3.96992e-07 3.10281e-07 2.28409e-07 1.5075e-07 7.67617e-08 6.86572e-08 6.17028e-08
0.000965713 6.74562e-06 6.02041e-06 5.37587e-06 4.80236e-06 4.2914e-06 3.83558e-06 3.42839e-06 3.06411e-06 2.7377e-06 2.44475e-06 2.18134e-06 1.94403e-06 1.72978e-06 1.5359e-06 1.36e-06 1.19997e-06 1.05393e-06 9.20215e-07 7.9734e-07 6.83988e-07 5.78987e-07 4.81295e-07 3.89989e-07 3.04254e-07 2.23375e-07 1.46729e-07 7.37799e-08 6.59844e-08 5.90166e-08 5.30476e-08
0.000863319 6.03119e-06 5.38065e-06 4.80236e-06 4.28765e-06 3.82894e-06 3.41957e-06 3.0537e-06 2.72619e-06 2.43252e-06 2.16873e-06 1.93131e-06 1.71715e-06 1.52354e-06 1.34804e-06 1.18851e-06 1.04306e-06 9.09995e-07 7.87824e-07 6.75216e-07 5.70991e-07 4.74102e-07 3.83623e-07 2.98739e-07 2.18734e-07 1.42989e-07 7.09724e-08 6.34423e-08 5.67377e-08 5.07451e-08 4.56206e-08
0.000772331 5.39499e-06 4.81083e-06 4.2914e-06 3.82894e-06 3.41663e-06 3.04849e-06 2.71928e-06 2.42438e-06 2.15973e-06 1.92177e-06 1.70733e-06 1.51365e-06 1.33825e-06 1.17896e-06 1.03386e-06 9.01233e-07 7.79572e-07 6.67533e-07 5.63924e-07 4.67692e-07 3.77907e-07 2.93749e-07 2.14503e-07 1.39549e-07 6.83609e-08 6.10555e-08 5.45752e-08 4.88065e-08 4.36506e-08 3.92496e-08
0.000691418 4.82776e-06 4.30265e-06 3.83558e-06 3.41957e-06 3.04849e-06 2.71697e-06 2.4203e-06 2.15433e-06 1.91541e-06 1.70032e-06 1.50623e-06 1.33063e-06 1.17132e-06 1.02633e-06 8.93929e-07 7.72586e-07 6.60941e-07 5.57791e-07 4.62073e-07 3.72848e-07 2.89294e-07 2.10693e-07 1.36424e-07 6.59623e-08 5.88436e-08 5.25514e-08 4.69717e-08 4.20056e-08 3.75673e-08 3.37859e-08
0.000619409 4.32141e-06 3.84887e-06 3.42839e-06 3.0537e-06 2.71928e-06 2.4203e-06 2.15253e-06 1.91223e-06 1.69611e-06 1.50129e-06 1.3252e-06 1.16559e-06 1.02047e-06 8.88085e-07 7.66868e-07 6.55445e-07 5.52597e-07 4.57249e-07 3.68454e-07 2.85383e-07 2.07314e-07 1.33626e-07 6.37903e-08 5.68219e-08 5.06837e-08 4.52606e-08 4.04532e-08 3.61754e-08 3.23523e-08 2.91013e-08
0.000555276 3.8688e-06 3.4431e-06 3.06411e-06 2.72619e-06 2.42438e-06 2.15433e-06 1.91223e-06 1.69471e-06 1.49882e-06 1.32194e-06 1.16177e-06 1.01629e-06 8.83701e-07 7.6242e-07 6.51046e-07 5.48344e-07 4.53224e-07 3.6473e-07 2.82022e-07 2.04375e-07 1.31162e-07 6.18551e-08 5.50023e-08 4.89856e-08 4.36888e-08 3.90112e-08 3.4866e-08 3.11782e-08 2.78826e-08 2.50855e-08
0.000498113 3.46369e-06 3.07973e-06 2.7377e-06 2.43252e-06 2.15973e-06 1.91541e-06 1.69611e-06 1.49882e-06 1.32085e-06 1.15986e-06 1.01378e-06 8.80779e-07 7.59242e-07 6.47746e-07 5.45035e-07 4.50002e-07 3.61678e-07 2.79216e-07 2.0188e-07 1.2904e-07 6.01649e-08 5.33942e-08 4.74681e-08 4.22684e-08 3.76934e-08 3.36551e-08 3.00777e-08 2.68956e-08 2.40521e-08 2.16435e-08
0.000447124 3.10057e-06 2.75383e-06 2.44475e-06 2.16873e-06 1.92177e-06 1.70032e-06 1.50129e-06 1.32194e-06 1.15986e-06 1.01294e-06 8.79318e-07 7.57336e-07 6.45546e-07 5.4267e-07 4.47584e-07 3.59303e-07 2.76967e-07 1.99834e-07 1.27265e-07 5.8726e-08 5.20049e-08 4.61394e-08 4.10092e-08 3.65108e-08 3.2555e-08 2.90649e-08 2.59743e-08 2.32257e-08 2.07696e-08 1.86934e-08
0.000401605 2.77458e-06 2.46105e-06 2.18134e-06 1.93131e-06 1.70733e-06 1.50623e-06 1.3252e-06 1.16177e-06 1.01378e-06 8.79318e-07 7.567e-07 6.44445e-07 5.41251e-07 4.45971e-07 3.57605e-07 2.75279e-07 1.98239e-07 1.25841e-07 5.75432e-08 5.08399e-08 4.5006e-08 3.99185e-08 3.5472e-08 3.15756e-08 2.81511e-08 2.51312e-08 2.24578e-08 2.00808e-08 1.79569e-08 1.61649e-08
0.000360937 2.48144e-06 2.19755e-06 1.94403e-06 1.71715e-06 1.51365e-06 1.33063e-06 1.16559e-06 1.01629e-06 8.80779e-07 7.57336e-07 6.44445e-07 5.40777e-07 4.45164e-07 3.56585e-07 2.74152e-07 1.97099e-07 1.24771e-07 5.66198e-08 4.99035e-08 4.40728e-08 3.90021e-08 3.45836e-08 3.07245e-08 2.73449e-08 2.43763e-08 2.17597e-08 1.9444e-08 1.73855e-08 1.55463e-08 1.39976e-08
0.000324574 2.21737e-06 1.95994e-06 1.72978e-06 1.52354e-06 1.33825e-06 1.17132e-06 1.02047e-06 8.83701e-07 7.59242e-07 6.45546e-07 5.41251e-07 4.45164e-07 3.56245e-07 2.73589e-07 1.96414e-07 1.24056e-07 5.59586e-08 4.91987e-08 4.33435e-08 3.82644e-08 3.38507e-08 3.00075e-08 2.66531e-08 2.37174e-08 2.11401e-08 1.88694e-08 1.68606e-08 1.50752e-08 1.348e-08 1.21395e-08
0.000292033 1.97904e-06 1.74522e-06 1.5359e-06 1.34804e-06 1.17896e-06 1.02633e-06 8.88085e-07 7.6242e-07 6.47746e-07 5.4267e-07 4.45971e-07 3.56585e-07 2.73589e-07 1.96186e-07 1.23699e-07 5.55613e-08 4.87277e-08 4.28208e-08 3.77085e-08 3.32771e-08 2.94291e-08 2.60809e-08 2.31605e-08 2.06061e-08 1.83648e-08 1.63909e-08 1.46453e-08 1.30942e-08 1.17083e-08 1.05459e-08
0.000262885 1.76347e-06 1.55074e-06 1.36e-06 1.18851e-06 1.03386e-06 8.93929e-07 7.66868e-07 6.51046e-07 5.45035e-07 4.47584e-07 3.57605e-07 2.74152e-07 1.96414e-07 1.23699e-07 5.54287e-08 4.84919e-08 4.25066e-08 3.73367e-08 3.28655e-08 2.89927e-08 2.56321e-08 2.271e-08 2.01628e-08 1.79363e-08 1.59836e-08 1.42646e-08 1.27449e-08 1.13947e-08 1.01885e-08 9.17862e-09
0.000236756 1.56806e-06 1.37414e-06 1.19997e-06 1.04306e-06 9.01233e-07 7.72586e-07 6.55445e-07 5.48344e-07 4.50002e-07 3.59303e-07 2.75279e-07 1.97099e-07 1.24056e-07 5.55613e-08 4.84919e-08 4.24017e-08 3.71505e-08 3.26179e-08 2.87005e-08 2.53097e-08 2.23694e-08 1.98143e-08 1.75885e-08 1.56439e-08 1.39392e-08 1.24393e-08 1.11135e-08 9.93593e-09 8.88394e-09 8.0047e-09
0.000213309 1.39047e-06 1.21334e-06 1.05393e-06 9.09995e-07 7.79572e-07 6.60941e-07 5.52597e-07 4.53224e-07 3.61678e-07 2.76967e-07 1.98239e-07 1.24771e-07 5.59586e-08 4.87277e-08 4.25066e-08 3.71505e-08 3.25352e-08 2.85541e-08 2.51155e-08 2.21411e-08 1.95635e-08 1.73249e-08 1.53758e-08 1.36739e-08 1.21827e-08 1.0871e-08 9.71203e-09 8.68272e-09 7.76324e-09 6.99601e-09
0.000192248 1.22862e-06 1.06647e-06 9.20215e-07 7.87824e-07 6.67533e-07 5.57791e-07 4.57249e-07 3.6473e-07 2.79216e-07 1.99834e-07 1.25841e-07 5.66198e-08 4.91987e-08 4.28208e-08 3.73367e-08 3.26179e-08 2.85541e-08 2.50507e-08 2.20266e-08 1.94122e-08 1.71478e-08 1.51824e-08 1.3472e-08 1.19793e-08 1.06719e-08 9.52226e-09 8.50676e-09 7.60501e-09 6.79951e-09 6.1284e-09
0.000173311 1.08068e-06 9.31888e-07 7.9734e-07 6.75216e-07 5.63924e-07 4.62073e-07 3.68454e-07 2.82022e-07 2.0188e-07 1.27265e-07 5.75432e-08 4.99035e-08 4.33435e-08 3.77085e-08 3.28655e-08 2.87005e-08 2.51155e-08 2.20266e-08 1.93616e-08 1.70589e-08 1.50656e-08 1.33362e-08 1.1832e-08 1.05197e-08 9.37075e-09 8.36083e-09 7.46892e-09 6.67704e-09 5.9697e-09 5.38119e-09
0.000156264 9.45011e-07 8.08114e-07 6.83988e-07 5.70991e-07 4.67692e-07 3.72848e-07 2.85383e-07 2.04375e-07 1.2904e-07 5.8726e-08 5.08399e-08 4.40728e-08 3.82644e-08 3.32771e-08 2.89927e-08 2.53097e-08 2.21411e-08 1.94122e-08 1.70589e-08 1.50265e-08 1.32679e-08 1.17428e-08 1.04169e-08 9.26051e-09 8.24849e-09 7.35914e-09 6.57388e-09 5.87677e-09 5.25411e-09 4.73668e-09
0.0001409 8.20141e-07 6.93842e-07 5.78987e-07 4.74102e-07 3.77907e-07 2.89294e-07 2.07314e-07 1.31162e-07 6.01649e-08 5.20049e-08 4.5006e-08 3.90021e-08 3.38507e-08 2.94291e-08 2.56321e-08 2.23694e-08 1.95635e-08 1.71478e-08 1.50656e-08 1.32679e-08 1.1713e-08 1.03651e-08 9.19358e-09 8.17227e-09 7.27868e-09 6.4936e-09 5.80053e-09 5.18533e-09 4.63584e-09 4.17969e-09
0.000127034 7.0477e-07 5.87903e-07 4.81295e-07 3.83623e-07 2.93749e-07 2.10693e-07 1.33626e-07 6.18551e-08 5.33942e-08 4.61394e-08 3.99185e-08 3.45836e-08 3.00075e-08 2.60809e-08 2.271e-08 1.98143e-08 1.73249e-08 1.51824e-08 1.33362e-08 1.17428e-08 1.03651e-08 9.17114e-09 8.13376e-09 7.22962e-09 6.43873e-09 5.74401e-09 5.13082e-09 4.58656e-09 4.10046e-09 3.69728e-09
0.000114501 5.97731e-07 4.89261e-07 3.89989e-07 2.98739e-07 2.14503e-07 1.36424e-07 6.37903e-08 5.50023e-08 4.74681e-08 4.10092e-08 3.5472e-08 3.07245e-08 2.66531e-08 2.31605e-08 2.01628e-08 1.75885e-08 1.53758e-08 1.3472e-08 1.1832e-08 1.04169e-08 9.19358e-09 8.13376e-09 7.21313e-09 6.4109e-09 5.70931e-09 5.09312e-09 4.54931e-09 4.06667e-09 3.63561e-09 3.27833e-09
0.000103154 4.97988e-07 3.96992e-07 3.04254e-07 2.18734e-07 1.39549e-07 6.59623e-08 5.68219e-08 4.89856e-08 4.22684e-08 3.65108e-08 3.15756e-08 2.73449e-08 2.37174e-08 2.06061e-08 1.79363e-08 1.56439e-08 1.36739e-08 1.19793e-08 1.05197e-08 9.26051e-09 8.17227e-09 7.22962e-09 6.4109e-09 5.69761e-09 5.07388e-09 4.52615e-09 4.04279e-09 3.61384e-09 3.23073e-09 2.91337e-09
9.2861e-05 4.04618e-07 3.10281e-07 2.23375e-07 1.42989e-07 6.83609e-08 5.88436e-08 5.06837e-08 4.36888e-08 3.76934e-08 3.2555e-08 2.81511e-08 2.43763e-08 2.11401e-08 1.83648e-08 1.59836e-08 1.39392e-08 1.21827e-08 1.06719e-08 9.37075e-09 8.24849e-09 7.27868e-09 6.43873e-09 5.70931e-09 5.07388e-09 4.5183e-09 4.03045e-09 3.59997e-09 3.21796e-09 2.87679e-09 2.59426e-09
8.35047e-05 3.16802e-07 2.28409e-07 1.46729e-07 7.09724e-08 6.10555e-08 5.25514e-08 4.52606e-08 3.90112e-08 3.36551e-08 2.90649e-08 2.51312e-08 2.17597e-08 1.88694e-08 1.63909e-08 1.42646e-08 1.24393e-08 1.0871e-08 9.52226e-09 8.36083e-09 7.35914e-09 6.4936e-09 5.74401e-09 5.09312e-09 4.52615e-09 4.03045e-09 3.59522e-09 3.21118e-09 2.87039e-09 2.56604e-09 2.31406e-09
7.49788e-05 2.33816e-07 1.5075e-07 7.37799e-08 6.34423e-08 5.45752e-08 4.69717e-08 4.04532e-08 3.4866e-08 3.00777e-08 2.59743e-08 2.24578e-08 1.9444e-08 1.68606e-08 1.46453e-08 1.27449e-08 1.11135e-08 9.71203e-09 8.50676e-09 7.46892e-09 6.57388e-09 5.80053e-09 5.13082e-09 4.54931e-09 4.04279e-09 3.59997e-09 3.21118e-09 2.86813e-09 2.56372e-09 2.29186e-09 2.06681e-09
6.7188e-05 1.55028e-07 7.67617e-08 6.59844e-08 5.67377e-08 4.88065e-08 4.20056e-08 3.61754e-08 3.11782e-08 2.68956e-08 2.32257e-08 2.00808e-08 1.73855e-08 1.50752e-08 1.30942e-08 1.13947e-08 9.93593e-09 8.68272e-09 7.60501e-09 6.67704e-09 5.87677e-09 5.18533e-09 4.58656e-09 4.06667e-09 3.61384e-09 3.21796e-09 2.87039e-09 2.56372e-09 2.2916e-09 2.04857e-09 1.84741e-09
6.00461e-05 7.989e-08 6.86572e-08 5.90166e-08 5.07451e-08 4.36506e-08 3.75673e-08 3.23523e-08 2.78826e-08 2.40521e-08 2.07696e-08 1.79569e-08 1.55463e-08 1.348e-08 1.17083e-08 1.01885e-08 8.88394e-09 7.76324e-09 6.79951e-09 5.9697e-09 5.25411e-09 4.63584e-09 4.10046e-09 3.63561e-09 3.23073e-09 2.87679e-09 2.56604e-09 2.29186e-09 2.04857e-09 1.8313e-09 1.65147e-09
5.43903e-05 7.17861e-08 6.17028e-08 5.30476e-08 4.56206e-08 3.92496e-08 3.37859e-08 2.91013e-08 2.50855e-08 2.16435e-08 1.86934e-08 1.61649e-08 1.39976e-08 1.21395e-08 1.05459e-08 9.17862e-09 8.0047e-09 6.99601e-09 6.1284e-09 5.38119e-09 4.73668e-09 4.17969e-09 3.69728e-09 3.27833e-09 2.91337e-09 2.59426e-09 2.31406e-09 2.06681e-09 1.84741e-09 1.65147e-09 1.48918e-09
