0.96935 0.0149131 0.000229432 3.52972e-06 5.43034e-08 8.35438e-10 1.28529e-11 1.97737e-13 3.0421e-15 4.68016e-17 7.20024e-19 1.10773e-20 1.7042e-22 2.62185e-24 4.03361e-26 6.20555e-28 9.547e-30 1.46877e-31 2.25965e-33 3.47638e-35 5.34827e-37 8.22811e-39 1.26586e-40 1.94748e-42 2.99613e-44 4.60943e-46 7.09142e-48 1.09099e-49 1.67844e-51 2.58222e-53 3.97265e-55 6.11177e-57 9.40272e-59 1.44657e-60 2.2255e-62 3.42384e-64 5.26744e-66 8.10376e-68 1.24673e-69 1.91805e-71 2.95085e-73 4.53976e-75 6.98425e-77 1.0745e-78 1.65308e-80 2.5432e-82 3.91261e-84 6.0194e-86 9.26061e-88 1.42471e-89 2.19186e-91 3.37209e-93 5.18784e-95 7.98129e-97 1.22789e-98 1.88906e-100 2.90625e-102 4.47115e-104 6.8787e-106 1.05826e-107 1.62809e-109 2.50476e-111 3.85348e-113 5.92842e-115 9.12065e-117 1.40318e-118 2.15873e-120 3.32113e-122 5.10943e-124 7.86066e-126 1.20933e-127 1.86051e-129 2.86233e-131 4.40358e-133 6.77474e-135 1.04227e-136 1.60349e-138 2.4669e-140 3.79524e-142 5.83883e-144 8.98281e-146 1.38197e-147 2.12611e-149 3.27094e-151 5.03221e-153 7.74186e-155 1.19106e-156 1.83239e-158 2.81907e-160 4.33703e-162 6.67235e-164 1.02652e-165 1.57925e-167 2.42962e-169 3.73788e-171 5.75058e-173 8.84705e-175 1.36108e-176 2.09398e-178 3.2215e-180 4.95616e-182
0.0149131 0.00034296 7.02289e-06 1.34915e-07 2.48901e-09 4.46523e-11 7.84804e-13 1.35792e-14 2.32069e-16 3.92658e-18 6.58902e-20 1.09802e-21 1.819e-23 2.99806e-25 4.91946e-27 8.0408e-29 1.30972e-30 2.12677e-32 3.44398e-34 5.56307e-36 8.96572e-38 1.44198e-39 2.31479e-41 3.70948e-43 5.93497e-45 9.48163e-47 1.5127e-48 2.41028e-50 3.83589e-52 6.09795e-54 9.68389e-56 1.53636e-57 2.4352e-59 3.85659e-61 6.10263e-63 9.64931e-65 1.52461e-66 2.40724e-68 3.79836e-70 5.98964e-72 9.43947e-74 1.48679e-75 2.34053e-77 3.68262e-79 5.79141e-81 9.10346e-83 1.43032e-84 2.24631e-86 3.52636e-88 5.53363e-90 8.68014e-92 1.36108e-93 2.13346e-95 3.343e-97 5.23655e-99 8.20004e-101 1.28367e-102 2.00891e-104 3.143e-106 4.91595e-108 7.68694e-110 1.20167e-111 1.87806e-113 2.93446e-115 4.58399e-117 7.1591e-119 1.11783e-120 1.74503e-122 2.72355e-124 4.24992e-126 6.63041e-128 1.03423e-129 1.61291e-131 2.51492e-133 3.92068e-135 6.11116e-137 9.52385e-139 1.48399e-140 2.31195e-142 3.60129e-144 5.60883e-146 8.73418e-148 1.35991e-149 2.11706e-151 3.29533e-153 5.12867e-155 7.98093e-157 1.24179e-158 1.9319e-160 3.00517e-162 4.67413e-164 7.26912e-166 1.13035e-167 1.75749e-169 2.73229e-171 4.2473e-173 6.60166e-175 1.026e-176 1.5944e-178 2.47745e-180 3.8492e-182
0.000229432 7.02289e-06 1.75082e-07 3.92946e-09 8.26141e-11 1.66034e-12 3.22785e-14 6.11666e-16 1.13569e-17 2.07382e-19 3.73469e-21 6.64711e-23 1.17119e-24 2.04557e-26 3.5454e-28 6.1033e-30 1.04432e-31 1.77724e-33 3.00977e-35 5.07447e-37 8.52106e-39 1.42557e-40 2.3769e-42 3.95067e-44 6.54749e-46 1.08221e-47 1.7843e-49 2.93501e-51 4.81735e-53 7.8908e-55 1.29004e-56 2.10525e-58 3.42979e-60 5.57875e-62 9.06043e-64 1.4694e-65 2.37979e-67 3.84926e-69 6.21847e-71 1.00342e-72 1.61733e-74 2.60407e-76 4.18857e-78 6.73065e-80 1.08055e-81 1.73319e-83 2.77765e-85 4.44787e-87 7.11681e-89 1.13786e-90 1.81793e-92 2.90243e-94 4.63076e-96 7.38345e-98 1.17651e-99 1.87355e-101 2.98183e-103 4.743e-105 7.54026e-107 1.19809e-108 1.9027e-110 3.02019e-112 4.79169e-114 7.59873e-116 1.20447e-117 1.90836e-119 3.02232e-121 4.78453e-123 7.57117e-125 1.19761e-126 1.89367e-128 2.99317e-130 4.72936e-132 7.47e-134 1.17948e-135 1.86172e-137 2.93764e-139 4.63387e-141 7.30728e-143 1.15196e-144 1.81547e-146 2.86034e-148 4.50531e-150 7.09434e-152 1.11682e-153 1.75769e-155 2.76559e-157 4.35038e-159 6.84163e-161 1.07569e-162 1.69089e-164 2.65731e-166 4.17515e-168 6.55854e-170 1.03003e-171 1.61733e-173 2.53898e-175 3.98504e-177 6.25344e-179 9.81118e-181 1.53901e-182
3.52972e-06 1.34915e-07 3.92946e-09 9.99722e-11 2.33918e-12 5.1653e-14 1.09273e-15 2.2362e-17 4.45615e-19 8.68819e-21 1.66325e-22 3.13492e-24 5.83e-26 1.07159e-27 1.94946e-29 3.51422e-31 6.28337e-33 1.11523e-34 1.96627e-36 3.44585e-38 6.00549e-40 1.04135e-41 1.79731e-43 3.08868e-45 5.28674e-47 9.01552e-49 1.53211e-50 2.59529e-52 4.38295e-54 7.38096e-56 1.23965e-57 2.07679e-59 3.471e-61 5.78818e-63 9.63175e-65 1.59953e-66 2.65125e-68 4.38649e-70 7.24489e-72 1.19462e-73 1.96671e-75 3.23296e-77 5.30681e-79 8.69899e-81 1.42407e-82 2.32832e-84 3.80212e-86 6.20158e-88 1.0104e-89 1.64442e-91 2.6735e-93 4.34224e-95 7.04575e-97 1.14218e-98 1.84992e-100 2.9936e-102 4.84027e-104 7.81972e-106 1.26233e-107 2.0362e-109 3.28209e-111 5.28651e-113 8.50916e-115 1.36871e-116 2.20016e-118 3.53443e-120 5.67438e-122 9.10452e-124 1.45997e-125 2.33982e-127 3.74787e-129 6.00001e-131 9.60049e-133 1.53537e-134 2.45425e-136 3.92116e-138 6.2619e-140 9.99535e-142 1.59476e-143 2.54333e-145 4.05438e-147 6.46048e-149 1.02903e-150 1.6384e-152 2.60761e-154 4.14858e-156 6.59774e-158 1.0489e-159 1.66693e-161 2.64819e-163 4.20566e-165 6.67689e-167 1.05967e-168 1.68125e-170 2.66658e-172 4.22809e-174 6.70198e-176 1.06202e-177 1.68244e-179 2.66454e-181 4.21875e-183
5.43034e-08 2.48901e-09 8.26141e-11 2.33918e-12 6.00212e-14 1.43837e-15 3.27639e-17 7.17434e-19 1.52193e-20 3.14526e-22 6.35886e-24 1.26171e-25 2.46318e-27 4.74101e-29 9.01175e-31 1.69398e-32 3.1526e-34 5.81459e-36 1.06371e-37 1.9315e-39 3.48345e-41 6.24317e-43 1.11248e-44 1.97179e-46 3.47756e-48 6.10497e-50 1.06714e-51 1.85783e-53 3.22219e-55 5.56868e-57 9.59183e-59 1.64695e-60 2.81945e-62 4.81308e-64 8.19446e-66 1.3916e-67 2.35756e-69 3.98485e-71 6.72065e-73 1.13111e-74 1.8999e-76 3.18514e-78 5.33008e-80 8.90391e-82 1.48491e-83 2.4724e-85 4.11024e-87 6.82292e-89 1.13097e-90 1.87214e-92 3.0949e-94 5.10975e-96 8.42592e-98 1.38777e-99 2.28307e-101 3.75177e-103 6.15867e-105 1.00992e-106 1.65442e-108 2.70759e-110 4.427e-112 7.23164e-114 1.18026e-115 1.92461e-117 3.13577e-119 5.10495e-121 8.30415e-123 1.34978e-124 2.19234e-126 3.55823e-128 5.77103e-130 9.35346e-132 1.51495e-133 2.45212e-135 3.96648e-137 6.41208e-139 1.03593e-140 1.67263e-142 2.69912e-144 4.35309e-146 7.01671e-148 1.13041e-149 1.82015e-151 2.92926e-153 4.71182e-155 7.57541e-157 1.21735e-158 1.95532e-160 3.13922e-162 5.03768e-164 8.08065e-166 1.29561e-167 2.07644e-169 3.32648e-171 5.32687e-173 8.52682e-175 1.36437e-176 2.18229e-178 3.48922e-180 5.57679e-182 8.91012e-184
8.35438e-10 4.46523e-11 1.66034e-12 5.1653e-14 1.43837e-15 3.70809e-17 9.02552e-19 2.10053e-20 4.71519e-22 1.02732e-23 2.18271e-25 4.53879e-27 9.26364e-29 1.86004e-30 3.68115e-32 7.1919e-34 1.38892e-35 2.65439e-37 5.02492e-39 9.43032e-41 1.75579e-42 3.24518e-44 5.95761e-46 1.08689e-47 1.97138e-49 3.55632e-51 6.38304e-53 1.14023e-54 2.02778e-56 3.59111e-58 6.33462e-60 1.11324e-61 1.94952e-63 3.40262e-65 5.91999e-67 1.02688e-68 1.77613e-70 3.06366e-72 5.27081e-74 9.04553e-76 1.54867e-77 2.64542e-79 4.50904e-81 7.66951e-83 1.30191e-84 2.20576e-86 3.73019e-88 6.29699e-90 1.06118e-91 1.78538e-93 2.99903e-95 5.02995e-97 8.42371e-99 1.40871e-100 2.35256e-102 3.92353e-104 6.53509e-106 1.08713e-107 1.80628e-109 2.99763e-111 4.96907e-113 8.22796e-115 1.36095e-116 2.24874e-118 3.71191e-120 6.12106e-122 1.00842e-123 1.65978e-125 2.7294e-127 4.48436e-129 7.36142e-131 1.20742e-132 1.9788e-134 3.24042e-136 5.30229e-138 8.66958e-140 1.41649e-141 2.31267e-143 3.77321e-145 6.15192e-147 1.00235e-148 1.63209e-150 2.65576e-152 4.31881e-154 7.01898e-156 1.14005e-157 1.85063e-159 3.00238e-161 4.86821e-163 7.88923e-165 1.27781e-166 2.06857e-168 3.34695e-170 5.41264e-172 8.74892e-174 1.41348e-175 2.28253e-177 3.68418e-179 5.94384e-181 9.58514e-183 1.54503e-184
1.28529e-11 7.84804e-13 3.22785e-14 1.09273e-15 3.27639e-17 9.02552e-19 2.33371e-20 5.74274e-22 1.35775e-23 3.10556e-25 6.90745e-27 1.49998e-28 3.19013e-30 6.66186e-32 1.36883e-33 2.77219e-35 5.54177e-37 1.09488e-38 2.14011e-40 4.14247e-42 7.94667e-44 1.51189e-45 2.85451e-47 5.35135e-49 9.96617e-51 1.84467e-52 3.39473e-54 6.21365e-56 1.13158e-57 2.05091e-59 3.70041e-61 6.64821e-63 1.18962e-64 2.12056e-66 3.76632e-68 6.66631e-70 1.17605e-71 2.06828e-73 3.62654e-75 6.34069e-77 1.10559e-78 1.92272e-80 3.33543e-82 5.77221e-84 9.96622e-86 1.71694e-87 2.95159e-89 5.06366e-91 8.66991e-93 1.48162e-94 2.52733e-96 4.30345e-98 7.31523e-100 1.24142e-101 2.10337e-103 3.55829e-105 6.01056e-107 1.01381e-108 1.70761e-110 2.8723e-112 4.82497e-114 8.09473e-116 1.35634e-117 2.26991e-119 3.79435e-121 6.33534e-123 1.05662e-124 1.76034e-126 2.92967e-128 4.87074e-130 8.08978e-132 1.34232e-133 2.22517e-135 3.68526e-137 6.09791e-139 1.00812e-140 1.66521e-142 2.74829e-144 4.53212e-146 7.46778e-148 1.22954e-149 2.02284e-151 3.32549e-153 5.46303e-155 8.96811e-157 1.47118e-158 2.41174e-160 3.951e-162 6.46843e-164 1.05831e-165 1.73042e-167 2.82764e-169 4.6178e-171 7.53683e-173 1.22939e-174 2.00422e-176 3.26557e-178 5.31783e-180 8.6552e-182 1.40796e-183 2.28919e-185
1.97737e-13 1.35792e-14 6.11666e-16 2.2362e-17 7.17434e-19 2.10053e-20 5.74274e-22 1.48796e-23 3.69137e-25 8.83337e-27 2.05034e-28 4.6361e-30 1.02469e-31 2.2199e-33 4.72457e-35 9.89679e-37 2.0437e-38 4.16595e-40 8.3925e-42 1.67257e-43 3.30043e-45 6.4534e-47 1.25121e-48 2.40692e-50 4.59635e-52 8.71761e-54 1.64287e-55 3.07754e-57 5.7326e-59 1.06216e-60 1.95817e-62 3.59291e-64 6.56282e-66 1.19366e-67 2.16229e-69 3.90185e-71 7.01507e-73 1.25682e-74 2.2442e-76 3.99448e-78 7.08811e-80 1.25409e-81 2.21261e-83 3.89324e-85 6.83268e-87 1.19616e-88 2.08905e-90 3.64003e-92 6.32842e-94 1.09788e-95 1.90071e-97 3.28405e-99 5.66324e-101 9.74789e-103 1.67484e-104 2.8726e-106 4.91863e-108 8.40816e-110 1.43505e-111 2.44549e-113 4.16116e-115 7.0702e-117 1.1996e-118 2.03259e-120 3.43939e-122 5.81235e-124 9.81014e-126 1.65374e-127 2.78445e-129 4.68281e-131 7.86651e-133 1.32002e-134 2.21263e-136 3.70494e-138 6.19741e-140 1.03563e-141 1.72893e-143 2.88359e-145 4.80494e-147 7.9992e-149 1.33051e-150 2.21114e-152 3.67149e-154 6.09129e-156 1.00977e-157 1.6726e-159 2.76836e-161 4.5785e-163 7.56657e-165 1.24956e-166 2.06208e-168 3.40055e-170 5.60395e-172 9.22882e-174 1.51884e-175 2.49802e-177 4.10586e-179 6.74438e-181 1.10717e-182 1.81646e-184 2.97838e-186
3.0421e-15 2.32069e-16 1.13569e-17 4.45615e-19 1.52193e-20 4.71519e-22 1.35775e-23 3.69137e-25 9.57892e-27 2.39129e-28 5.77707e-30 1.35687e-31 3.1096e-33 6.97403e-35 1.53435e-36 3.31822e-38 7.06575e-40 1.48359e-41 3.07548e-43 6.30121e-45 1.27719e-46 2.56311e-48 5.09656e-50 1.00478e-51 1.96515e-53 3.81489e-55 7.35421e-57 1.40845e-58 2.68081e-60 5.07297e-62 9.54712e-64 1.78741e-65 3.32992e-67 6.17465e-69 1.13988e-70 2.09541e-72 3.8364e-74 6.99694e-76 1.27144e-77 2.30226e-79 4.1548e-81 7.47385e-83 1.34027e-84 2.39636e-86 4.27238e-88 7.59617e-90 1.34701e-91 2.38254e-93 4.20382e-95 7.39978e-97 1.29957e-98 2.27731e-100 3.98216e-102 6.94893e-104 1.21018e-105 2.10349e-107 3.64938e-109 6.31989e-111 1.09253e-112 1.88546e-114 3.24848e-116 5.58784e-118 9.59685e-120 1.64571e-121 2.81796e-123 4.81829e-125 8.22703e-127 1.40282e-128 2.38883e-130 4.06262e-132 6.90049e-134 1.17063e-135 1.98355e-137 3.35704e-139 5.67513e-141 9.58324e-143 1.6165e-144 2.72383e-146 4.58495e-148 7.70989e-150 1.29519e-151 2.17368e-153 3.64459e-155 6.10518e-157 1.02178e-158 1.70855e-160 2.85445e-162 4.76483e-164 7.94715e-166 1.32441e-167 2.20538e-169 3.6695e-171 6.10093e-173 1.01358e-174 1.68267e-176 2.79143e-178 4.6275e-180 7.6659e-182 1.26906e-183 2.09947e-185 3.47098e-187
4.68016e-17 3.92658e-18 2.07382e-19 8.68819e-21 3.14526e-22 1.02732e-23 3.10556e-25 8.83337e-27 2.39129e-28 6.21247e-30 1.55862e-31 3.79461e-33 8.99948e-35 2.08565e-36 4.73536e-38 1.05555e-39 2.31421e-41 4.99793e-43 1.06467e-44 2.23964e-46 4.65708e-48 9.58087e-50 1.9516e-51 3.93888e-53 7.88172e-55 1.56451e-56 3.08221e-58 6.02937e-60 1.17162e-61 2.26241e-63 4.34285e-65 8.28963e-67 1.57391e-68 2.97318e-70 5.5895e-72 1.046e-73 1.9489e-75 3.61605e-77 6.68259e-79 1.23026e-80 2.25663e-82 4.12478e-84 7.51413e-86 1.36444e-87 2.46989e-89 4.45763e-91 8.02195e-93 1.43963e-94 2.57668e-96 4.59991e-98 8.19134e-100 1.45517e-101 2.57907e-103 4.56073e-105 8.04745e-107 1.41698e-108 2.48991e-110 4.36656e-112 7.64295e-114 1.33528e-115 2.3286e-117 4.05371e-119 7.04478e-121 1.22225e-122 2.11714e-124 3.66148e-126 6.32262e-128 1.09016e-129 1.87695e-131 3.227e-133 5.54047e-135 9.49969e-137 1.62668e-138 2.78188e-140 4.75152e-142 8.10581e-144 1.38115e-145 2.35062e-147 3.99603e-149 6.78566e-151 1.15102e-152 1.95035e-154 3.30134e-156 5.58246e-158 9.43038e-160 1.59151e-161 2.68333e-163 4.51995e-165 7.60668e-167 1.27899e-168 2.14861e-170 3.6064e-172 6.04815e-174 1.01347e-175 1.69687e-177 2.83882e-179 4.74558e-181 7.92695e-183 1.32311e-184 2.20681e-186 3.67806e-188
7.20024e-19 6.58902e-20 3.73469e-21 1.66325e-22 6.35886e-24 2.18271e-25 6.90745e-27 2.05034e-28 5.77707e-30 1.55862e-31 4.05294e-33 1.02095e-34 2.50152e-36 5.98112e-38 1.39931e-39 3.21051e-41 7.23746e-43 1.60566e-44 3.51061e-46 7.57352e-48 1.61384e-49 3.39997e-51 7.08761e-53 1.46303e-54 2.99242e-56 6.06826e-58 1.2207e-59 2.43706e-61 4.83089e-63 9.51187e-65 1.86098e-66 3.61911e-68 6.99807e-70 1.34585e-71 2.57496e-73 4.90238e-75 9.28974e-77 1.75248e-78 3.29184e-80 6.15805e-82 1.14747e-83 2.13009e-85 3.93989e-87 7.26205e-89 1.33408e-90 2.44289e-92 4.45945e-94 8.11634e-96 1.47295e-97 2.66566e-99 4.81121e-101 8.66117e-103 1.55527e-104 2.786e-106 4.97891e-108 8.87761e-110 1.57942e-111 2.80394e-113 4.96749e-115 8.78271e-117 1.54977e-118 2.72949e-120 4.79833e-122 8.42009e-124 1.47497e-125 2.57934e-127 4.50313e-129 7.84908e-131 1.36596e-132 2.37352e-134 4.1181e-136 7.13456e-138 1.2343e-139 2.1324e-141 3.67899e-143 6.3389e-145 1.09078e-146 1.87462e-148 3.21774e-150 5.51651e-152 9.44639e-154 1.61572e-155 2.76042e-157 4.7109e-159 8.03088e-161 1.36761e-162 2.32654e-164 3.95383e-166 6.71263e-168 1.13853e-169 1.92921e-171 3.26594e-173 5.52379e-175 9.33416e-177 1.5759e-178 2.65831e-180 4.48037e-182 7.54498e-184 1.26954e-185 2.13445e-187 3.58575e-189
1.10773e-20 1.09802e-21 6.64711e-23 3.13492e-24 1.26171e-25 4.53879e-27 1.49998e-28 4.6361e-30 1.35687e-31 3.79461e-33 1.02095e-34 2.65679e-36 6.71512e-38 1.65416e-39 3.9825e-41 9.39303e-43 2.17466e-44 4.9505e-46 1.10972e-47 2.45266e-49 5.3506e-51 1.15328e-52 2.45814e-54 5.18512e-56 1.08315e-57 2.24216e-59 4.60191e-61 9.3696e-63 1.89329e-64 3.7985e-66 7.56958e-68 1.49882e-69 2.94977e-71 5.7719e-73 1.12321e-74 2.17434e-76 4.18816e-78 8.02869e-80 1.53208e-81 2.91084e-83 5.50723e-85 1.03777e-86 1.94802e-88 3.6431e-90 6.78888e-92 1.26076e-93 2.3336e-95 4.30562e-97 7.91964e-99 1.45239e-100 2.6559e-102 4.84322e-104 8.80823e-106 1.59777e-107 2.89097e-109 5.21811e-111 9.39625e-113 1.6881e-114 3.02605e-116 5.41269e-118 9.66134e-120 1.72098e-121 3.0595e-123 5.42859e-125 9.61408e-127 1.69955e-128 2.99908e-130 5.28308e-132 9.29079e-134 1.63118e-135 2.85927e-137 5.0041e-139 8.74446e-141 1.52578e-142 2.65838e-144 4.62515e-146 8.0358e-148 1.39426e-149 2.4159e-151 4.18072e-153 7.22557e-155 1.24725e-156 2.15033e-158 3.7029e-160 6.36901e-162 1.09423e-163 1.87783e-165 3.21907e-167 5.51237e-169 9.42953e-171 1.61137e-172 2.7508e-174 4.69132e-176 7.99296e-178 1.36053e-179 2.31366e-181 3.93091e-183 6.67261e-185 1.13165e-186 1.91759e-188 3.24657e-190
1.7042e-22 1.819e-23 1.17119e-24 5.83e-26 2.46318e-27 9.26364e-29 3.19013e-30 1.02469e-31 3.1096e-33 8.99948e-35 2.50152e-36 6.71512e-38 1.74852e-39 4.43198e-41 1.09675e-42 2.65621e-44 6.30899e-46 1.47221e-47 3.38028e-49 7.64687e-51 1.70635e-52 3.75966e-54 8.1869e-56 1.76332e-57 3.7592e-59 7.93776e-61 1.66109e-62 3.44675e-64 7.09514e-66 1.44957e-67 2.94047e-69 5.9246e-71 1.18608e-72 2.36002e-74 4.66867e-76 9.1847e-78 1.79738e-79 3.49961e-81 6.78108e-83 1.30788e-84 2.51134e-86 4.80167e-88 9.14329e-90 1.73421e-91 3.27686e-93 6.16922e-95 1.15738e-96 2.16396e-98 4.03276e-100 7.49175e-102 1.38752e-103 2.56219e-105 4.71784e-107 8.66313e-109 1.58651e-110 2.8979e-112 5.27997e-114 9.59661e-116 1.7401e-117 3.14798e-119 5.68222e-121 1.02343e-122 1.83943e-124 3.29924e-126 5.90576e-128 1.05509e-129 1.8814e-131 3.34865e-133 5.94943e-135 1.05516e-136 1.86817e-138 3.30209e-140 5.82711e-142 1.02666e-143 1.80602e-145 3.17219e-147 5.56355e-149 9.74349e-151 1.70397e-152 2.97581e-154 5.18991e-156 9.03937e-158 1.57236e-159 2.73158e-161 4.73953e-163 8.21347e-165 1.42167e-166 2.4579e-168 4.24454e-170 7.32165e-172 1.26156e-173 2.1714e-175 3.73344e-177 6.41251e-179 1.10028e-180 1.88601e-182 3.22967e-184 5.52526e-186 9.44358e-188 1.61256e-189 2.75105e-191
2.62185e-24 2.99806e-25 2.04557e-26 1.07159e-27 4.74101e-29 1.86004e-30 6.66186e-32 2.2199e-33 6.97403e-35 2.08565e-36 5.98112e-38 1.65416e-39 4.43198e-41 1.15462e-42 2.93372e-44 7.28851e-46 1.77432e-47 4.24031e-49 9.96367e-51 2.30514e-52 5.25719e-54 1.18318e-55 2.63027e-57 5.78046e-59 1.2568e-60 2.70525e-62 5.76834e-64 1.21909e-65 2.55496e-67 5.31246e-69 1.09636e-70 2.24659e-72 4.57263e-74 9.24744e-76 1.85876e-77 3.71443e-79 7.3815e-81 1.45911e-82 2.86958e-84 5.61605e-86 1.09399e-87 2.1215e-89 4.09637e-91 7.87688e-93 1.5086e-94 2.87823e-96 5.47098e-98 1.03622e-99 1.95587e-101 3.67941e-103 6.89949e-105 1.28974e-106 2.40368e-108 4.46665e-110 8.27672e-112 1.52948e-113 2.81884e-115 5.18176e-117 9.50157e-119 1.73802e-120 3.17167e-122 5.77459e-124 1.04902e-125 1.90151e-127 3.43949e-129 6.2086e-131 1.11846e-132 2.01093e-134 3.60864e-136 6.46371e-138 1.15566e-139 2.06258e-141 3.67486e-143 6.53636e-145 1.16069e-146 2.05776e-148 3.64242e-150 6.43749e-152 1.13603e-153 2.00181e-155 3.52235e-157 6.18912e-159 1.08599e-160 1.90299e-162 3.33023e-164 5.82034e-166 1.01595e-167 1.77115e-169 3.08396e-171 5.36345e-173 9.31689e-175 1.61659e-176 2.8018e-178 4.8506e-180 8.38846e-182 1.44913e-183 2.50079e-185 4.31125e-187 7.4249e-189 1.27746e-190 2.19575e-192
4.03361e-26 4.91946e-27 3.5454e-28 1.94946e-29 9.01175e-31 3.68115e-32 1.36883e-33 4.72457e-35 1.53435e-36 4.73536e-38 1.39931e-39 3.9825e-41 1.09675e-42 2.93372e-44 7.64626e-46 1.94688e-47 4.85344e-49 1.18688e-50 2.85184e-52 6.74247e-54 1.57048e-55 3.60781e-57 8.18232e-59 1.83362e-60 4.06334e-62 8.91047e-64 1.93482e-65 4.16245e-67 8.87683e-69 1.87747e-70 3.93992e-72 8.20682e-74 1.69745e-75 3.48739e-77 7.11914e-79 1.44445e-80 2.91372e-82 5.84483e-84 1.16622e-85 2.31507e-87 4.5732e-89 8.99147e-91 1.75985e-92 3.42949e-94 6.65524e-96 1.28631e-97 2.47647e-99 4.74999e-101 9.0777e-103 1.72877e-104 3.28117e-106 6.2072e-108 1.17054e-109 2.2006e-111 4.12481e-113 7.70926e-115 1.43683e-116 2.67066e-118 4.95091e-120 9.15457e-122 1.68853e-123 3.10691e-125 5.70327e-127 1.04454e-128 1.90877e-130 3.48048e-132 6.33294e-134 1.14994e-135 2.08387e-137 3.76889e-139 6.80338e-141 1.22581e-142 2.20461e-144 3.9579e-146 7.0932e-148 1.26906e-149 2.26673e-151 4.04213e-153 7.19668e-155 1.27932e-156 2.27073e-158 4.02444e-160 7.12218e-162 1.25864e-163 2.22117e-165 3.91443e-167 6.88926e-169 1.2109e-170 2.1256e-172 3.72655e-174 6.52522e-176 1.14118e-177 1.99342e-179 3.47804e-181 6.06138e-183 1.05516e-184 1.8348e-186 3.18701e-188 5.5299e-190 9.58508e-192 1.65969e-193
6.20555e-28 8.0408e-29 6.1033e-30 3.51422e-31 1.69398e-32 7.1919e-34 2.77219e-35 9.89679e-37 3.31822e-38 1.05555e-39 3.21051e-41 9.39303e-43 2.65621e-44 7.28851e-46 1.94688e-47 5.07613e-49 1.29484e-50 3.23772e-52 7.94941e-54 1.9193e-55 4.5627e-57 1.06922e-58 2.47239e-60 5.64629e-62 1.27454e-63 2.84583e-65 6.28943e-67 1.37664e-68 2.98587e-70 6.42068e-72 1.36945e-73 2.89834e-75 6.08917e-77 1.27036e-78 2.63266e-80 5.42126e-82 1.10959e-83 2.25788e-85 4.56898e-87 9.19643e-89 1.84159e-90 3.66971e-92 7.27807e-94 1.43689e-95 2.82443e-97 5.52845e-99 1.07772e-100 2.0927e-102 4.04815e-104 7.80217e-106 1.49842e-107 2.86789e-109 5.47078e-111 1.04025e-112 1.97185e-114 3.72646e-116 7.02174e-118 1.31934e-119 2.4721e-121 4.61965e-123 8.6103e-125 1.60075e-126 2.96863e-128 5.49217e-130 1.01371e-131 1.86679e-133 3.43012e-135 6.28903e-137 1.15064e-138 2.10088e-140 3.82816e-142 6.96186e-144 1.26366e-145 2.28939e-147 4.14017e-149 7.47376e-151 1.3468e-152 2.42283e-154 4.3513e-156 7.802e-158 1.39668e-159 2.49638e-161 4.45511e-163 7.93879e-165 1.41258e-166 2.50983e-168 4.45312e-170 7.89013e-172 1.3961e-173 2.467e-175 4.35369e-177 7.67344e-179 1.35076e-180 2.37482e-182 4.17023e-184 7.31432e-186 1.28139e-187 2.2423e-189 3.91937e-191 6.84323e-193 1.19353e-194
9.547e-30 1.30972e-30 1.04432e-31 6.28337e-33 3.1526e-34 1.38892e-35 5.54177e-37 2.0437e-38 7.06575e-40 2.31421e-41 7.23746e-43 2.17466e-44 6.30899e-46 1.77432e-47 4.85344e-49 1.29484e-50 3.37718e-52 8.62855e-54 2.16333e-55 5.33046e-57 1.29254e-58 3.08792e-60 7.27587e-62 1.6924e-63 3.88942e-65 8.83796e-67 1.98702e-68 4.42284e-70 9.75199e-72 2.13109e-73 4.61773e-75 9.92575e-77 2.11728e-78 4.48368e-80 9.42927e-82 1.96991e-83 4.08949e-85 8.43846e-87 1.73117e-88 3.53187e-90 7.16726e-92 1.44703e-93 2.90712e-95 5.81287e-97 1.15701e-98 2.29283e-100 4.52444e-102 8.89158e-104 1.74051e-105 3.394e-107 6.59391e-109 1.2765e-110 2.46259e-112 4.73486e-114 9.0742e-116 1.73356e-117 3.30171e-119 6.26973e-121 1.18715e-122 2.24151e-124 4.22077e-126 7.92666e-128 1.4848e-129 2.7743e-131 5.17102e-133 9.61531e-135 1.78378e-136 3.30169e-138 6.09776e-140 1.12375e-141 2.06659e-143 3.7927e-145 6.94659e-147 1.26983e-148 2.31679e-150 4.21906e-152 7.66923e-154 1.39159e-155 2.52065e-157 4.55794e-159 8.22809e-161 1.48292e-162 2.66833e-164 4.79378e-166 8.599e-168 1.54015e-169 2.75446e-171 4.91905e-173 8.77219e-175 1.56218e-176 2.77817e-178 4.93407e-180 8.75147e-182 1.55023e-183 2.74259e-185 4.84601e-187 8.55221e-189 1.50748e-190 2.65407e-192 4.66736e-194 8.19852e-196
1.46877e-31 2.12677e-32 1.77724e-33 1.11523e-34 5.81459e-36 2.65439e-37 1.09488e-38 4.16595e-40 1.48359e-41 4.99793e-43 1.60566e-44 4.9505e-46 1.47221e-47 4.24031e-49 1.18688e-50 3.23772e-52 8.62855e-54 2.25113e-55 5.75977e-57 1.44752e-58 3.57812e-60 8.70997e-62 2.09014e-63 4.94933e-65 1.15745e-66 2.67532e-68 6.11609e-70 1.38379e-71 3.10038e-73 6.88237e-75 1.51444e-76 3.3048e-78 7.15486e-80 1.53738e-81 3.27975e-83 6.94896e-85 1.46268e-86 3.05953e-88 6.36134e-90 1.31504e-91 2.70349e-93 5.52843e-95 1.12476e-96 2.27708e-98 4.58818e-100 9.20275e-102 1.83772e-103 3.65422e-105 7.23643e-107 1.42734e-108 2.80454e-110 5.4901e-112 1.07086e-113 2.08147e-115 4.03215e-117 7.78533e-119 1.49842e-120 2.87505e-122 5.49987e-124 1.04904e-125 1.99524e-127 3.78441e-129 7.15869e-131 1.35062e-132 2.5417e-134 4.77129e-136 8.93503e-138 1.66929e-139 3.11147e-141 5.78662e-143 1.07382e-144 1.98843e-146 3.67433e-148 6.77581e-150 1.24703e-151 2.29058e-153 4.19938e-155 7.68449e-157 1.40363e-158 2.55926e-160 4.6582e-162 8.46405e-164 1.53536e-165 2.78055e-167 5.02751e-169 9.07592e-171 1.63591e-172 2.94421e-174 5.29095e-176 9.4944e-178 1.7013e-179 3.04429e-181 5.43994e-183 9.70771e-185 1.73007e-186 3.07926e-188 5.47362e-190 9.71757e-192 1.72308e-193 3.05161e-195 5.39802e-197
2.25965e-33 3.44398e-34 3.00977e-35 1.96627e-36 1.06371e-37 5.02492e-39 2.14011e-40 8.3925e-42 3.07548e-43 1.06467e-44 3.51061e-46 1.10972e-47 3.38028e-49 9.96367e-51 2.85184e-52 7.94941e-54 2.16333e-55 5.75977e-57 1.50307e-58 3.85069e-60 9.69815e-62 2.40419e-63 5.87291e-65 1.41505e-66 3.3659e-68 7.91024e-70 1.83801e-71 4.22532e-73 9.61573e-75 2.16746e-76 4.84154e-78 1.0722e-79 2.35514e-81 5.133e-83 1.11045e-84 2.3853e-86 5.08909e-88 1.07874e-89 2.27245e-91 4.75859e-93 9.90775e-95 2.05154e-96 4.22559e-98 8.65926e-100 1.7658e-101 3.58382e-103 7.24047e-105 1.45637e-106 2.91694e-108 5.81826e-110 1.15592e-111 2.28763e-113 4.51047e-115 8.86103e-117 1.73469e-118 3.38437e-120 6.58111e-122 1.27563e-123 2.46488e-125 4.7484e-127 9.12051e-129 1.7468e-130 3.33623e-132 6.35458e-134 1.20717e-135 2.28732e-137 4.32307e-139 8.15066e-141 1.53304e-142 2.87674e-144 5.38589e-146 1.00611e-147 1.8754e-149 3.48832e-151 6.47498e-153 1.19944e-154 2.21747e-156 4.09161e-158 7.53539e-160 1.38519e-161 2.54171e-163 4.6555e-165 8.51237e-167 1.55379e-168 2.83144e-170 5.15123e-172 9.35655e-174 1.69682e-175 3.07245e-177 5.55489e-179 1.00281e-180 1.80772e-182 3.25402e-184 5.84923e-186 1.04997e-187 1.88221e-189 3.36962e-191 6.02457e-193 1.07576e-194 1.91846e-196 3.41706e-198
3.47638e-35 5.56307e-36 5.07447e-37 3.44585e-38 1.9315e-39 9.43032e-41 4.14247e-42 1.67257e-43 6.30121e-45 2.23964e-46 7.57352e-48 2.45266e-49 7.64687e-51 2.30514e-52 6.74247e-54 1.9193e-55 5.33046e-57 1.44752e-58 3.85069e-60 1.00511e-61 2.57792e-63 6.50518e-65 1.61686e-66 3.96225e-68 9.58212e-70 2.28868e-71 5.40293e-73 1.2615e-74 2.9149e-76 6.66927e-78 1.51173e-79 3.39639e-81 7.56649e-83 1.67217e-84 3.6672e-86 7.98378e-88 1.726e-89 3.7065e-91 7.90854e-93 1.67708e-94 3.53541e-96 7.41065e-98 1.54489e-99 3.2037e-101 6.61001e-103 1.35715e-104 2.77332e-106 5.64149e-108 1.14254e-109 2.3041e-111 4.62743e-113 9.25644e-115 1.84446e-116 3.66155e-118 7.2424e-120 1.42747e-121 2.80393e-123 5.48935e-125 1.0712e-126 2.0838e-128 4.04125e-130 7.81417e-132 1.50658e-133 2.89654e-135 5.55358e-137 1.06195e-138 2.02537e-140 3.853e-142 7.31165e-144 1.38414e-145 2.61408e-147 4.92554e-149 9.25998e-151 1.73704e-152 3.25142e-154 6.07328e-156 1.13208e-157 2.10601e-159 3.91007e-161 7.24557e-163 1.34011e-164 2.47403e-166 4.55914e-168 8.3867e-170 1.54008e-171 2.8233e-173 5.16709e-175 9.44111e-177 1.72228e-178 3.13689e-180 5.70458e-182 1.03583e-183 1.87806e-185 3.40013e-187 6.14692e-189 1.10971e-190 2.00059e-192 3.60179e-194 6.47587e-196 1.16281e-197 2.08525e-199
5.34827e-37 8.96572e-38 8.52106e-39 6.00549e-40 3.48345e-41 1.75579e-42 7.94667e-44 3.30043e-45 1.27719e-46 4.65708e-48 1.61384e-49 5.3506e-51 1.70635e-52 5.25719e-54 1.57048e-55 4.5627e-57 1.29254e-58 3.57812e-60 9.69815e-62 2.57792e-63 6.73026e-65 1.72798e-66 4.36809e-68 1.08827e-69 2.67467e-71 6.49019e-73 1.55606e-74 3.68868e-76 8.65099e-78 2.00843e-79 4.61821e-81 1.05226e-82 2.37683e-84 5.32452e-86 1.1834e-87 2.61041e-89 5.7168e-91 1.24336e-92 2.68638e-94 5.7674e-96 1.23067e-97 2.61072e-99 5.50717e-101 1.15541e-102 2.41142e-104 5.00744e-106 1.03477e-107 2.12827e-109 4.35748e-111 8.88246e-113 1.80295e-114 3.64453e-116 7.33782e-118 1.47167e-119 2.94052e-121 5.85402e-123 1.16131e-124 2.29589e-126 4.52378e-128 8.88469e-130 1.73945e-131 3.39505e-133 6.60664e-135 1.28189e-136 2.4802e-138 4.78542e-140 9.20838e-142 1.76727e-143 3.38305e-145 6.4599e-147 1.2305e-148 2.33828e-150 4.43303e-152 8.38521e-154 1.58256e-155 2.98028e-157 5.60055e-159 1.05026e-160 1.96552e-162 3.67106e-164 6.84315e-166 1.27318e-167 2.36432e-169 4.38255e-171 8.10896e-173 1.49774e-174 2.76157e-176 5.08323e-178 9.34115e-180 1.71377e-181 3.13912e-183 5.74091e-185 1.0483e-186 1.9113e-188 3.4796e-190 6.32549e-192 1.14825e-193 2.08145e-195 3.76786e-197 6.81133e-199 1.22967e-200
8.22811e-39 1.44198e-39 1.42557e-40 1.04135e-41 6.24317e-43 3.24518e-44 1.51189e-45 6.4534e-47 2.56311e-48 9.58087e-50 3.39997e-51 1.15328e-52 3.75966e-54 1.18318e-55 3.60781e-57 1.06922e-58 3.08792e-60 8.70997e-62 2.40419e-63 6.50518e-65 1.72798e-66 4.51215e-68 1.15958e-69 2.93593e-71 7.33046e-73 1.80645e-74 4.39706e-76 1.0579e-77 2.51742e-79 5.92846e-81 1.38242e-82 3.19346e-84 7.31151e-86 1.65981e-87 3.73753e-89 8.35108e-91 1.85216e-92 4.0788e-94 8.92129e-96 1.93859e-97 4.18619e-99 8.98529e-101 1.91745e-102 4.06899e-104 8.58835e-106 1.80333e-107 3.76757e-109 7.83327e-111 1.62103e-112 3.3394e-114 6.84924e-116 1.39885e-117 2.8452e-119 5.76397e-121 1.16319e-122 2.33854e-124 4.68443e-126 9.35038e-128 1.85997e-129 3.68746e-131 7.28676e-133 1.43537e-134 2.81873e-136 5.51869e-138 1.07732e-139 2.09709e-141 4.07078e-143 7.88058e-145 1.52156e-146 2.93018e-148 5.62863e-150 1.07855e-151 2.06173e-153 3.93187e-155 7.48112e-157 1.42022e-158 2.69023e-160 5.08496e-162 9.59111e-164 1.80532e-165 3.39126e-167 6.35783e-169 1.18964e-170 2.22175e-172 4.1416e-174 7.70632e-176 1.43136e-177 2.65393e-179 4.91228e-181 9.07701e-183 1.67449e-184 3.08402e-186 5.67097e-188 1.04116e-189 1.90858e-191 3.49337e-193 6.38463e-195 1.16518e-196 2.12338e-198 3.86411e-200 7.02216e-202
1.26586e-40 2.31479e-41 2.3769e-42 1.79731e-43 1.11248e-44 5.95761e-46 2.85451e-47 1.25121e-48 5.09656e-50 1.9516e-51 7.08761e-53 2.45814e-54 8.1869e-56 2.63027e-57 8.18232e-59 2.47239e-60 7.27587e-62 2.09014e-63 5.87291e-65 1.61686e-66 4.36809e-68 1.15958e-69 3.02842e-71 7.78943e-73 1.97509e-74 4.94126e-76 1.22067e-77 2.97975e-79 7.19225e-81 1.71757e-82 4.06035e-84 9.50677e-86 2.20559e-87 5.07254e-89 1.15693e-90 2.61779e-92 5.87832e-94 1.3104e-95 2.90082e-97 6.37853e-99 1.39355e-100 3.02573e-102 6.53054e-104 1.40143e-105 2.99081e-107 6.3487e-109 1.34073e-110 2.81729e-112 5.89157e-114 1.22632e-115 2.54109e-117 5.2425e-119 1.077e-120 2.20349e-122 4.49032e-124 9.11513e-126 1.84339e-127 3.7144e-129 7.45794e-131 1.49228e-132 2.97595e-134 5.91539e-136 1.17208e-137 2.3152e-139 4.55941e-141 8.95263e-143 1.75285e-144 3.42236e-146 6.66375e-148 1.29406e-149 2.50644e-151 4.84237e-153 9.33208e-155 1.79409e-156 3.44095e-158 6.58422e-160 1.25702e-161 2.39452e-163 4.55143e-165 8.63281e-167 1.634e-168 3.08648e-170 5.81845e-172 1.09471e-173 2.05569e-175 3.85298e-177 7.20832e-179 1.34612e-180 2.50937e-182 4.66967e-184 8.67493e-186 1.60885e-187 2.97886e-189 5.50658e-191 1.0163e-192 1.87278e-194 3.44575e-196 6.33033e-198 1.16125e-199 2.12713e-201 3.89081e-203
1.94748e-42 3.70948e-43 3.95067e-44 3.08868e-45 1.97179e-46 1.08689e-47 5.35135e-49 2.40692e-50 1.00478e-51 3.93888e-53 1.46303e-54 5.18512e-56 1.76332e-57 5.78046e-59 1.83362e-60 5.64629e-62 1.6924e-63 4.94933e-65 1.41505e-66 3.96225e-68 1.08827e-69 2.93593e-71 7.78943e-73 2.03464e-74 5.23745e-76 1.3298e-77 3.33297e-79 8.25234e-81 2.01981e-82 4.88984e-84 1.17158e-85 2.77953e-87 6.5327e-89 1.5217e-90 3.51446e-92 8.0509e-94 1.82995e-95 4.12845e-97 9.24742e-99 2.05715e-100 4.54609e-102 9.98271e-104 2.17872e-105 4.72707e-107 1.0198e-108 2.18804e-110 4.66976e-112 9.91545e-114 2.09499e-115 4.40527e-117 9.22041e-119 1.92123e-120 3.98582e-122 8.23427e-124 1.69416e-125 3.47182e-127 7.08737e-129 1.4414e-130 2.92079e-132 5.8976e-134 1.18673e-135 2.37997e-137 4.7574e-139 9.47949e-141 1.883e-142 3.72909e-144 7.36331e-146 1.44975e-147 2.84637e-149 5.57311e-151 1.08828e-152 2.11956e-154 4.11757e-156 7.97904e-158 1.5424e-159 2.97446e-161 5.72271e-163 1.0985e-164 2.10391e-166 4.02071e-168 7.66733e-170 1.45906e-171 2.7708e-173 5.25124e-175 9.93249e-177 1.87505e-178 3.53296e-180 6.6444e-182 1.24732e-183 2.33732e-185 4.37213e-187 8.16426e-189 1.52196e-190 2.83246e-192 5.26276e-194 9.76257e-196 1.80812e-197 3.34362e-199 6.17367e-201 1.1382e-202 2.09532e-204
2.99613e-44 5.93497e-45 6.54749e-46 5.28674e-47 3.47756e-48 1.97138e-49 9.96617e-51 4.59635e-52 1.96515e-53 7.88172e-55 2.99242e-56 1.08315e-57 3.7592e-59 1.2568e-60 4.06334e-62 1.27454e-63 3.88942e-65 1.15745e-66 3.3659e-68 9.58212e-70 2.67467e-71 7.33046e-73 1.97509e-74 5.23745e-76 1.36824e-77 3.5246e-79 8.96009e-81 2.24955e-82 5.58151e-84 1.36947e-85 3.32464e-87 7.99018e-89 1.90195e-90 4.48604e-92 1.0489e-93 2.43207e-95 5.59432e-97 1.27701e-98 2.89367e-100 6.51094e-102 1.45511e-103 3.23086e-105 7.12881e-107 1.56347e-108 3.40906e-110 7.39155e-112 1.59397e-113 3.41935e-115 7.29802e-117 1.55001e-118 3.27642e-120 6.89391e-122 1.44409e-123 3.0119e-125 6.25553e-127 1.29395e-128 2.66593e-130 5.47154e-132 1.11878e-133 2.27929e-135 4.62717e-137 9.36126e-139 1.88753e-140 3.79344e-142 7.59954e-144 1.51772e-145 3.02189e-147 5.99901e-149 1.18748e-150 2.34396e-152 4.614e-154 9.05809e-156 1.77359e-157 3.46381e-159 6.74783e-161 1.31131e-162 2.54217e-164 4.91678e-166 9.4876e-168 1.82664e-169 3.50905e-171 6.72647e-173 1.28666e-174 2.45606e-176 4.67875e-178 8.89514e-180 1.68782e-181 3.19643e-183 6.04207e-185 1.14e-186 2.14701e-188 4.03636e-190 7.57506e-192 1.41918e-193 2.65433e-195 4.95626e-197 9.23945e-199 1.71966e-200 3.19564e-202 5.92926e-204 1.09846e-205
4.60943e-46 9.48163e-47 1.08221e-47 9.01552e-49 6.10497e-50 3.55632e-51 1.84467e-52 8.71761e-54 3.81489e-55 1.56451e-56 6.06826e-58 2.24216e-59 7.93776e-61 2.70525e-62 8.91047e-64 2.84583e-65 8.83796e-67 2.67532e-68 7.91024e-70 2.28868e-71 6.49019e-73 1.80645e-74 4.94126e-76 1.3298e-77 3.5246e-79 9.20892e-81 2.3738e-82 6.04149e-84 1.51918e-85 3.7767e-87 9.28769e-89 2.26061e-90 5.44856e-92 1.30099e-93 3.07882e-95 7.22413e-97 1.68127e-98 3.88229e-100 8.89765e-102 2.02456e-103 4.57483e-105 1.02689e-106 2.29026e-108 5.07644e-110 1.11852e-111 2.45034e-113 5.33822e-115 1.15673e-116 2.49351e-118 5.34818e-120 1.14153e-121 2.42504e-123 5.12821e-125 1.07966e-126 2.26327e-128 4.72468e-130 9.82302e-132 2.03425e-133 4.19659e-135 8.62518e-137 1.76629e-138 3.6043e-140 7.32966e-142 1.48556e-143 3.00105e-145 6.04329e-147 1.21317e-148 2.42802e-150 4.84502e-152 9.64011e-154 1.91268e-155 3.78444e-157 7.46775e-159 1.46971e-160 2.88506e-162 5.64913e-164 1.10341e-165 2.15001e-167 4.17945e-169 8.10572e-171 1.56848e-172 3.02831e-174 5.83415e-176 1.12157e-177 2.15163e-179 4.11926e-181 7.87038e-183 1.50078e-184 2.85624e-186 5.42562e-188 1.02871e-189 1.9469e-191 3.678e-193 6.93607e-195 1.30576e-196 2.45398e-198 4.6042e-200 8.62427e-202 1.61283e-203 3.01137e-205 5.61386e-207
7.09142e-48 1.5127e-48 1.7843e-49 1.53211e-50 1.06714e-51 6.38304e-53 3.39473e-54 1.64287e-55 7.35421e-57 3.08221e-58 1.2207e-59 4.60191e-61 1.66109e-62 5.76834e-64 1.93482e-65 6.28943e-67 1.98702e-68 6.11609e-70 1.83801e-71 5.40293e-73 1.55606e-74 4.39706e-76 1.22067e-77 3.33297e-79 8.96009e-81 2.3738e-82 6.2029e-84 1.59992e-85 4.07624e-87 1.0265e-88 2.55653e-90 6.30047e-92 1.53724e-93 3.71503e-95 8.8965e-97 2.11197e-98 4.97197e-100 1.16117e-101 2.69108e-103 6.19095e-105 1.4142e-106 3.20852e-108 7.23182e-110 1.61974e-111 3.60571e-113 7.97961e-115 1.75591e-116 3.8427e-118 8.36493e-120 1.81156e-121 3.90375e-123 8.37169e-125 1.78695e-126 3.79699e-128 8.03255e-130 1.69203e-131 3.54944e-133 7.41576e-135 1.54328e-136 3.19945e-138 6.6083e-140 1.35998e-141 2.78895e-143 5.69976e-145 1.16096e-146 2.357e-148 4.76998e-150 9.62327e-152 1.93558e-153 3.88159e-155 7.7616e-157 1.54762e-158 3.07733e-160 6.10255e-162 1.20698e-163 2.38102e-165 4.6852e-167 9.19639e-169 1.80075e-170 3.51768e-172 6.85567e-174 1.33307e-175 2.58635e-177 5.00691e-179 9.6721e-181 1.86448e-182 3.58672e-184 6.88587e-186 1.31934e-187 2.52295e-189 4.81536e-191 9.17345e-193 1.74436e-194 3.31094e-196 6.27327e-198 1.18653e-199 2.24035e-201 4.22298e-203 7.94697e-205 1.49305e-206 2.80061e-208
1.09099e-49 2.41028e-50 2.93501e-51 2.59529e-52 1.85783e-53 1.14023e-54 6.21365e-56 3.07754e-57 1.40845e-58 6.02937e-60 2.43706e-61 9.3696e-63 3.44675e-64 1.21909e-65 4.16245e-67 1.37664e-68 4.42284e-70 1.38379e-71 4.22532e-73 1.2615e-74 3.68868e-76 1.0579e-77 2.97975e-79 8.25234e-81 2.24955e-82 6.04149e-84 1.59992e-85 4.18116e-87 1.07907e-88 2.75194e-90 6.93951e-92 1.73124e-93 4.2751e-95 1.04544e-96 2.53287e-98 6.08215e-100 1.44811e-101 3.41978e-103 8.01293e-105 1.86344e-106 4.30228e-108 9.86414e-110 2.24651e-111 5.08337e-113 1.14311e-114 2.55514e-116 5.67827e-118 1.25481e-119 2.75793e-121 6.0298e-123 1.31163e-124 2.83908e-126 6.11598e-128 1.31141e-129 2.79933e-131 5.94934e-133 1.25904e-134 2.65346e-136 5.56984e-138 1.16459e-139 2.42579e-141 5.03411e-143 1.04094e-144 2.14486e-146 4.40436e-148 9.01394e-150 1.83878e-151 3.73906e-153 7.57956e-155 1.53182e-156 3.08662e-158 6.20155e-160 1.24247e-161 2.4824e-163 4.94629e-165 9.82962e-167 1.94835e-168 3.85209e-170 7.59707e-172 1.49465e-173 2.93357e-175 5.74435e-177 1.12225e-178 2.18759e-180 4.25487e-182 8.2579e-184 1.59932e-185 3.09099e-187 5.96179e-189 1.14759e-190 2.20469e-192 4.22736e-194 8.0904e-196 1.54548e-197 2.9469e-199 5.60903e-201 1.06572e-202 2.02139e-204 3.8275e-206 7.23527e-208 1.36546e-209
1.67844e-51 3.83589e-52 4.81735e-53 4.38295e-54 3.22219e-55 2.02778e-56 1.13158e-57 5.7326e-59 2.68081e-60 1.17162e-61 4.83089e-63 1.89329e-64 7.09514e-66 2.55496e-67 8.87683e-69 2.98587e-70 9.75199e-72 3.10038e-73 9.61573e-75 2.9149e-76 8.65099e-78 2.51742e-79 7.19225e-81 2.01981e-82 5.58151e-84 1.51918e-85 4.07624e-87 1.07907e-88 2.82028e-90 7.28242e-92 1.85894e-93 4.69361e-95 1.1728e-96 2.90151e-98 7.11056e-100 1.7268e-101 4.15723e-103 9.92546e-105 2.35085e-106 5.52544e-108 1.28915e-109 2.98644e-111 6.87125e-113 1.57056e-114 3.56707e-116 8.05197e-118 1.80683e-119 4.03128e-121 8.94456e-123 1.97399e-124 4.33382e-126 9.46693e-128 2.05791e-129 4.45228e-131 9.58828e-133 2.05569e-134 4.38823e-136 9.32796e-138 1.9747e-139 4.1637e-141 8.74518e-143 1.82984e-144 3.81466e-146 7.92385e-148 1.64019e-149 3.38351e-151 6.9565e-153 1.42561e-154 2.91226e-156 5.93076e-158 1.20413e-159 2.43753e-161 4.92004e-163 9.90275e-165 1.98765e-166 3.97875e-168 7.94331e-170 1.58171e-171 3.1416e-173 6.22432e-175 1.23019e-176 2.42559e-178 4.77137e-180 9.36423e-182 1.83368e-183 3.58274e-185 6.98501e-187 1.35893e-188 2.63827e-190 5.11156e-192 9.88359e-194 1.9073e-195 3.67353e-197 7.06189e-199 1.35502e-200 2.59522e-202 4.96156e-204 9.46872e-206 1.80388e-207 3.43067e-209 6.51354e-211
2.58222e-53 6.09795e-54 7.8908e-55 7.38096e-56 5.56868e-57 3.59111e-58 2.05091e-59 1.06216e-60 5.07297e-62 2.26241e-63 9.51187e-65 3.7985e-66 1.44957e-67 5.31246e-69 1.87747e-70 6.42068e-72 2.13109e-73 6.88237e-75 2.16746e-76 6.66927e-78 2.00843e-79 5.92846e-81 1.71757e-82 4.88984e-84 1.36947e-85 3.7767e-87 1.0265e-88 2.75194e-90 7.28242e-92 1.90353e-93 4.91767e-95 1.25639e-96 3.176e-98 7.94772e-100 1.96973e-101 4.83676e-103 1.17722e-104 2.84103e-106 6.80073e-108 1.61524e-109 3.80763e-111 8.911e-113 2.07095e-114 4.78074e-116 1.09649e-117 2.49916e-119 5.66184e-121 1.27521e-122 2.85593e-124 6.36115e-126 1.40935e-127 3.1065e-129 6.81329e-131 1.4871e-132 3.23062e-134 6.98633e-136 1.50413e-137 3.22443e-139 6.88332e-141 1.46343e-142 3.099e-144 6.53718e-146 1.3738e-147 2.87648e-149 6.00127e-151 1.2477e-152 2.5852e-154 5.3387e-156 1.09892e-157 2.25486e-159 4.61239e-161 9.40626e-163 1.91259e-164 3.87767e-166 7.83951e-168 1.58053e-169 3.1779e-171 6.37272e-173 1.27462e-174 2.5429e-176 5.06052e-178 1.00462e-179 1.9896e-181 3.93106e-183 7.74916e-185 1.52412e-186 2.99103e-188 5.85705e-190 1.14449e-191 2.23169e-193 4.34274e-195 8.43368e-197 1.63459e-198 3.16196e-200 6.10483e-202 1.17645e-203 2.26293e-205 4.34492e-207 8.32752e-209 1.59326e-210 3.04306e-212
3.97265e-55 9.68389e-56 1.29004e-56 1.23965e-57 9.59183e-59 6.33462e-60 3.70041e-61 1.95817e-62 9.54712e-64 4.34285e-65 1.86098e-66 7.56958e-68 2.94047e-69 1.09636e-70 3.93992e-72 1.36945e-73 4.61773e-75 1.51444e-76 4.84154e-78 1.51173e-79 4.61821e-81 1.38242e-82 4.06035e-84 1.17158e-85 3.32464e-87 9.28769e-89 2.55653e-90 6.93951e-92 1.85894e-93 4.91767e-95 1.28553e-96 3.32263e-98 8.49565e-100 2.15e-101 5.38774e-103 1.33748e-104 3.29045e-106 8.02545e-108 1.94125e-109 4.65838e-111 1.10933e-112 2.62231e-114 6.15493e-116 1.43479e-117 3.32265e-119 7.64557e-121 1.74847e-122 3.97484e-124 8.98412e-126 2.01933e-127 4.5143e-129 1.00392e-130 2.22124e-132 4.89049e-134 1.07159e-135 2.33714e-137 5.07431e-139 1.09688e-140 2.36094e-142 5.06062e-144 1.08034e-145 2.29724e-147 4.86612e-149 1.0269e-150 2.15919e-152 4.5238e-154 9.44507e-156 1.96532e-157 4.07587e-159 8.42561e-161 1.73624e-162 3.56675e-164 7.30507e-166 1.49173e-167 3.03741e-169 6.16716e-171 1.24872e-172 2.52155e-174 5.07828e-176 1.02008e-177 2.04385e-179 4.08487e-181 8.14413e-183 1.61983e-184 3.21419e-186 6.36315e-188 1.25687e-189 2.47709e-191 4.87134e-193 9.55929e-195 1.87193e-196 3.65813e-198 7.13425e-200 1.38859e-201 2.69742e-203 5.22985e-205 1.01207e-206 1.9549e-208 3.76918e-210 7.25421e-212 1.39369e-213
