0.819277 0.0193054 0.0138661 0.0101314 0.00751633 0.00565066 0.00429609 0.00329676 0.00254897 0.00198245 0.00154878 0.00121397 0.000953701 0.00075032 0.000590767 0.000465251 0.00036633 0.000288289 0.000226693 0.000178078 0.000139722 0.000109477 8.56451e-05 6.68771e-05 5.21031e-05 4.04722e-05 3.13071e-05 2.4068e-05 1.83233e-05 1.37265e-05 1.06476e-05
0.0193054 0.00117022 0.000844087 0.000616418 0.000454396 0.000337246 0.000251476 0.000188092 0.000140937 0.000105698 7.92894e-05 5.94676e-05 4.45795e-05 3.33965e-05 2.49996e-05 1.86984e-05 1.39734e-05 1.04331e-05 7.7824e-06 5.79902e-06 4.31559e-06 3.20624e-06 2.37638e-06 1.75497e-06 1.28875e-06 9.37785e-07 6.7217e-07 4.69571e-07 3.13377e-07 1.91365e-07 1.4187e-07
0.0138661 0.000844087 0.000604678 0.000438552 0.000321147 0.000236883 0.000175644 0.000130707 9.7496e-05 7.28258e-05 5.4437e-05 4.07003e-05 3.04261e-05 2.27373e-05 1.69828e-05 1.26767e-05 9.45568e-06 7.04733e-06 5.24732e-06 3.90233e-06 2.89736e-06 2.14615e-06 1.58407e-06 1.1627e-06 8.45793e-07 6.06282e-07 4.23973e-07 2.83899e-07 1.75112e-07 1.28393e-07 9.52183e-08
0.0101314 0.000616418 0.000438552 0.000315835 0.000229695 0.000168322 0.000124054 9.18072e-05 6.81398e-05 5.06714e-05 3.77263e-05 2.81066e-05 2.09451e-05 1.56078e-05 1.16277e-05 8.65893e-06 6.44432e-06 4.79233e-06 3.55999e-06 2.6405e-06 1.95406e-06 1.44105e-06 1.0569e-06 7.68368e-07 5.50635e-07 3.85264e-07 2.58632e-07 1.60824e-07 1.18077e-07 8.65699e-08 6.42245e-08
0.00751633 0.000454396 0.000321147 0.000229695 0.000165906 0.000120776 8.84606e-05 6.50913e-05 4.80587e-05 3.55693e-05 2.63694e-05 1.95703e-05 1.45334e-05 1.07961e-05 8.01984e-06 5.95605e-06 4.42105e-06 3.27883e-06 2.4284e-06 1.79472e-06 1.32194e-06 9.68495e-07 7.03455e-07 5.03828e-07 3.52573e-07 2.37152e-07 1.48491e-07 1.08982e-07 8.00175e-08 5.86637e-08 4.35369e-08
0.00565066 0.000337246 0.000236883 0.000168322 0.000120776 8.73561e-05 6.35894e-05 4.65214e-05 3.41656e-05 2.51637e-05 1.85726e-05 1.37283e-05 1.01576e-05 7.52005e-06 5.56858e-06 4.12295e-06 3.05092e-06 2.25513e-06 1.66369e-06 1.22346e-06 8.95057e-07 6.49316e-07 4.64644e-07 3.25101e-07 2.19012e-07 1.37971e-07 1.01123e-07 7.42217e-08 5.44986e-08 3.9954e-08 2.96619e-08
0.00429609 0.000251476 0.000175644 0.000124054 8.84606e-05 6.35894e-05 4.6014e-05 3.34739e-05 2.44541e-05 1.79232e-05 1.31693e-05 9.69413e-06 7.14529e-06 5.27092e-06 3.88963e-06 2.86989e-06 2.11586e-06 1.55737e-06 1.14291e-06 8.34597e-07 6.04497e-07 4.32051e-07 3.02151e-07 2.03786e-07 1.29075e-07 9.44208e-08 6.92089e-08 5.08021e-08 3.73047e-08 2.73487e-08 2.03105e-08
0.00329676 0.000188092 0.000130707 9.18072e-05 6.50913e-05 4.65214e-05 3.34739e-05 2.42198e-05 1.76031e-05 1.28402e-05 9.39228e-06 6.88493e-06 5.05468e-06 3.71455e-06 2.73071e-06 2.00676e-06 1.47283e-06 1.07811e-06 7.8548e-07 5.67799e-07 4.05187e-07 2.83128e-07 1.91099e-07 1.21614e-07 8.87636e-08 6.49371e-08 4.76021e-08 3.49451e-08 2.56626e-08 1.88137e-08 1.39765e-08
0.00254897 0.000140937 9.7496e-05 6.81398e-05 4.80587e-05 3.41656e-05 2.44541e-05 1.76031e-05 1.27315e-05 9.24347e-06 6.73159e-06 4.9138e-06 3.59285e-06 2.62954e-06 1.92483e-06 1.40778e-06 1.02729e-06 7.46392e-07 5.38244e-07 3.83343e-07 2.67537e-07 1.8063e-07 1.15414e-07 8.40335e-08 6.13386e-08 4.48776e-08 3.29008e-08 2.41552e-08 1.77402e-08 1.30059e-08 9.66477e-09
0.00198245 0.000105698 7.28258e-05 5.06714e-05 3.55693e-05 2.51637e-05 1.79232e-05 1.28402e-05 9.24347e-06 6.68095e-06 4.84432e-06 3.52115e-06 2.56359e-06 1.86785e-06 1.36046e-06 9.89106e-07 7.16291e-07 5.15051e-07 3.65945e-07 2.54972e-07 1.7211e-07 1.10324e-07 8.0122e-08 5.83412e-08 4.25887e-08 3.11626e-08 2.28484e-08 1.67766e-08 1.23222e-08 9.03396e-09 6.71504e-09
0.00154878 7.92894e-05 5.4437e-05 3.77263e-05 2.63694e-05 1.85726e-05 1.31693e-05 9.39228e-06 6.73159e-06 4.84432e-06 3.49746e-06 2.53106e-06 1.83426e-06 1.3296e-06 9.62531e-07 6.9438e-07 4.9761e-07 3.52539e-07 2.45105e-07 1.6532e-07 1.06216e-07 7.69346e-08 5.58775e-08 4.0691e-08 2.97071e-08 2.17392e-08 1.59409e-08 1.17059e-08 8.59854e-09 6.30417e-09 4.6871e-09
0.00121397 5.94676e-05 4.07003e-05 2.81066e-05 1.95703e-05 1.37283e-05 9.69413e-06 6.88493e-06 4.9138e-06 3.52115e-06 2.53106e-06 1.82317e-06 1.31438e-06 9.46861e-07 6.80085e-07 4.85466e-07 3.42776e-07 2.37682e-07 1.60084e-07 1.02987e-07 7.43923e-08 5.38883e-08 3.91426e-08 2.85072e-08 2.08143e-08 1.52333e-08 1.11714e-08 8.20436e-09 6.02694e-09 4.41889e-09 3.28611e-09
0.000953701 4.45795e-05 3.04261e-05 2.09451e-05 1.45334e-05 1.01576e-05 7.14529e-06 5.05468e-06 3.59285e-06 2.56359e-06 1.83426e-06 1.31438e-06 9.41684e-07 6.73029e-07 4.78304e-07 3.36403e-07 2.32511e-07 1.5627e-07 1.00557e-07 7.24313e-08 5.23249e-08 3.79068e-08 2.75371e-08 2.00572e-08 1.46462e-08 1.07202e-08 7.86254e-09 5.77482e-09 4.24249e-09 3.11065e-09 2.31365e-09
0.00075032 3.33965e-05 2.27373e-05 1.56078e-05 1.07961e-05 7.52005e-06 5.27092e-06 3.71455e-06 2.62954e-06 1.86785e-06 1.3296e-06 9.46861e-07 6.73029e-07 4.75936e-07 3.33257e-07 2.2946e-07 1.5378e-07 9.88628e-08 7.10022e-08 5.11479e-08 3.69535e-08 2.6774e-08 1.94519e-08 1.41698e-08 1.03482e-08 7.57509e-09 5.55635e-09 4.08132e-09 2.99855e-09 2.19863e-09 1.63554e-09
0.000590767 2.49996e-05 1.69828e-05 1.16277e-05 8.01984e-06 5.56858e-06 3.88963e-06 2.73071e-06 1.92483e-06 1.36046e-06 9.62531e-07 6.80085e-07 4.78304e-07 3.33257e-07 2.28452e-07 1.52551e-07 9.78632e-08 7.0069e-08 5.03278e-08 3.62588e-08 2.61995e-08 1.89846e-08 1.37944e-08 1.00496e-08 7.34003e-09 5.37356e-09 3.94185e-09 2.89563e-09 2.12753e-09 1.56001e-09 1.1606e-09
0.000465251 1.86984e-05 1.26767e-05 8.65893e-06 5.95605e-06 4.12295e-06 2.86989e-06 2.00676e-06 1.40778e-06 9.89106e-07 6.9438e-07 4.85466e-07 3.36403e-07 2.2946e-07 1.52551e-07 9.75328e-08 6.96082e-08 4.98439e-08 3.58052e-08 2.57991e-08 1.8644e-08 1.35114e-08 9.81864e-09 7.15397e-09 5.2256e-09 3.82593e-09 2.80677e-09 2.06192e-09 1.51503e-09 1.11091e-09 8.2655e-10
0.00036633 1.39734e-05 9.45568e-06 6.44432e-06 4.42105e-06 3.05092e-06 2.11586e-06 1.47283e-06 1.02729e-06 7.16291e-07 4.9761e-07 3.42776e-07 2.32511e-07 1.5378e-07 9.78632e-08 6.96082e-08 4.9684e-08 3.55812e-08 2.55629e-08 1.84215e-08 1.33142e-08 9.65004e-09 7.01339e-09 5.11055e-09 3.73331e-09 2.73354e-09 2.00548e-09 1.47334e-09 1.08259e-09 7.93823e-10 5.90648e-10
0.000288289 1.04331e-05 7.04733e-06 4.79233e-06 3.27883e-06 2.25513e-06 1.55737e-06 1.07811e-06 7.46392e-07 5.15051e-07 3.52539e-07 2.37682e-07 1.5627e-07 9.88628e-08 7.0069e-08 4.98439e-08 3.55812e-08 2.54848e-08 1.83117e-08 1.31978e-08 9.53989e-09 6.91527e-09 5.02635e-09 3.66294e-09 2.67601e-09 1.95949e-09 1.43765e-09 1.0562e-09 7.76086e-10 5.69075e-10 4.23424e-10
0.000226693 7.7824e-06 5.24732e-06 3.55999e-06 2.4284e-06 1.66369e-06 1.14291e-06 7.8548e-07 5.38244e-07 3.65945e-07 2.45105e-07 1.60084e-07 1.00557e-07 7.10022e-08 5.03278e-08 3.58052e-08 2.55629e-08 1.83117e-08 1.31593e-08 9.48549e-09 6.85732e-09 4.97125e-09 3.61367e-09 2.63365e-09 1.92415e-09 1.409e-09 1.03378e-09 7.59493e-10 5.58064e-10 4.09201e-10 3.04459e-10
0.000178078 5.79902e-06 3.90233e-06 2.6405e-06 1.79472e-06 1.22346e-06 8.34597e-07 5.67799e-07 3.83343e-07 2.54972e-07 1.6532e-07 1.02987e-07 7.24313e-08 5.11479e-08 3.62588e-08 2.57991e-08 1.84215e-08 1.31978e-08 9.48549e-09 6.83816e-09 4.94402e-09 3.58453e-09 2.60584e-09 1.89925e-09 1.38765e-09 1.01615e-09 7.45547e-10 5.47724e-10 4.02448e-10 2.95087e-10 2.1954e-10
0.000139722 4.31559e-06 2.89736e-06 1.95406e-06 1.32194e-06 8.95057e-07 6.04497e-07 4.05187e-07 2.67537e-07 1.7211e-07 1.06216e-07 7.43923e-08 5.23249e-08 3.69535e-08 2.61995e-08 1.8644e-08 1.33142e-08 9.53989e-09 6.85732e-09 4.94402e-09 3.57489e-09 2.59208e-09 1.88447e-09 1.37353e-09 1.00356e-09 7.34884e-10 5.3917e-10 3.96092e-10 2.9102e-10 2.13376e-10 1.58732e-10
0.000109477 3.20624e-06 2.14615e-06 1.44105e-06 9.68495e-07 6.49316e-07 4.32051e-07 2.83128e-07 1.8063e-07 1.10324e-07 7.69346e-08 5.38883e-08 3.79068e-08 2.6774e-08 1.89846e-08 1.35114e-08 9.65004e-09 6.91527e-09 4.97125e-09 3.58453e-09 2.59208e-09 1.87957e-09 1.36652e-09 9.96029e-10 7.27735e-10 5.3289e-10 3.90953e-10 2.87189e-10 2.10992e-10 1.5469e-10 1.1506e-10
8.56451e-05 2.37638e-06 1.58407e-06 1.0569e-06 7.03455e-07 4.64644e-07 3.02151e-07 1.91099e-07 1.15414e-07 8.0122e-08 5.58775e-08 3.91426e-08 2.75371e-08 1.94519e-08 1.37944e-08 9.81864e-09 7.01339e-09 5.02635e-09 3.61367e-09 2.60584e-09 1.88447e-09 1.36652e-09 9.93527e-10 7.24158e-10 5.29081e-10 3.87404e-10 2.84197e-10 2.0875e-10 1.53352e-10 1.12422e-10 8.3607e-11
6.68771e-05 1.75497e-06 1.1627e-06 7.68368e-07 5.03828e-07 3.25101e-07 2.03786e-07 1.21614e-07 8.40335e-08 5.83412e-08 4.0691e-08 2.85072e-08 2.00572e-08 1.41698e-08 1.00496e-08 7.15397e-09 5.11055e-09 3.66294e-09 2.63365e-09 1.89925e-09 1.37353e-09 9.96029e-10 7.24158e-10 5.27806e-10 3.85602e-10 2.82325e-10 2.07093e-10 1.52099e-10 1.11722e-10 8.18966e-11 6.08934e-11
5.21031e-05 1.28875e-06 8.45793e-07 5.50635e-07 3.52573e-07 2.19012e-07 1.29075e-07 8.87636e-08 6.13386e-08 4.25887e-08 2.97071e-08 2.08143e-08 1.46462e-08 1.03482e-08 7.34003e-09 5.2256e-09 3.73331e-09 2.67601e-09 1.92415e-09 1.38765e-09 1.00356e-09 7.27735e-10 5.29081e-10 3.85602e-10 2.81691e-10 2.06224e-10 1.51253e-10 1.11073e-10 8.15772e-11 5.97927e-11 4.44483e-11
4.04722e-05 9.37785e-07 6.06282e-07 3.85264e-07 2.37152e-07 1.37971e-07 9.44208e-08 6.49371e-08 4.48776e-08 3.11626e-08 2.17392e-08 1.52333e-08 1.07202e-08 7.57509e-09 5.37356e-09 3.82593e-09 2.73354e-09 1.95949e-09 1.409e-09 1.01615e-09 7.34884e-10 5.3289e-10 3.87404e-10 2.82325e-10 2.06224e-10 1.50958e-10 1.10703e-10 8.12834e-11 5.96894e-11 4.37447e-11 3.25104e-11
3.13071e-05 6.7217e-07 4.23973e-07 2.58632e-07 1.48491e-07 1.01123e-07 6.92089e-08 4.76021e-08 3.29008e-08 2.28484e-08 1.59409e-08 1.11714e-08 7.86254e-09 5.55635e-09 3.94185e-09 2.80677e-09 2.00548e-09 1.43765e-09 1.03378e-09 7.45547e-10 5.3917e-10 3.90953e-10 2.84197e-10 2.07093e-10 1.51253e-10 1.10703e-10 8.11705e-11 5.95894e-11 4.37517e-11 3.20602e-11 2.38202e-11
2.4068e-05 4.69571e-07 2.83899e-07 1.60824e-07 1.08982e-07 7.42217e-08 5.08021e-08 3.49451e-08 2.41552e-08 1.67766e-08 1.17059e-08 8.20436e-09 5.77482e-09 4.08132e-09 2.89563e-09 2.06192e-09 1.47334e-09 1.0562e-09 7.59493e-10 5.47724e-10 3.96092e-10 2.87189e-10 2.0875e-10 1.52099e-10 1.11073e-10 8.12834e-11 5.95894e-11 4.37386e-11 3.21084e-11 2.3525e-11 1.74738e-11
1.83233e-05 3.13377e-07 1.75112e-07 1.18077e-07 8.00175e-08 5.44986e-08 3.73047e-08 2.56626e-08 1.77402e-08 1.23222e-08 8.59854e-09 6.02694e-09 4.24249e-09 2.99855e-09 2.12753e-09 1.51503e-09 1.08259e-09 7.76086e-10 5.58064e-10 4.02448e-10 2.9102e-10 2.10992e-10 1.53352e-10 1.11722e-10 8.15772e-11 5.96894e-11 4.37517e-11 3.21084e-11 2.35669e-11 1.72645e-11 1.28203e-11
1.37265e-05 1.91365e-07 1.28393e-07 8.65699e-08 5.86637e-08 3.9954e-08 2.73487e-08 1.88137e-08 1.30059e-08 9.03396e-09 6.30417e-09 4.41889e-09 3.11065e-09 2.19863e-09 1.56001e-09 1.11091e-09 7.93823e-10 5.69075e-10 4.09201e-10 2.95087e-10 2.13376e-10 1.5469e-10 1.12422e-10 8.18966e-11 5.97927e-11 4.37447e-11 3.20602e-11 2.3525e-11 1.72645e-11 1.26462e-11 9.38881e-12
1.06476e-05 1.4187e-07 9.52183e-08 6.42245e-08 4.35369e-08 2.96619e-08 2.03105e-08 1.39765e-08 9.66477e-09 6.71504e-09 4.6871e-09 3.28611e-09 2.31365e-09 1.63554e-09 1.1606e-09 8.2655e-10 5.90648e-10 4.23424e-10 3.04459e-10 2.1954e-10 1.58732e-10 1.1506e-10 8.3607e-11 6.08934e-11 4.44483e-11 3.25104e-11 2.38202e-11 1.74738e-11 1.28203e-11 9.38881e-12 6.96728e-12
