0.503966 0.00152851 0.00135337 0.00119829 0.00106099 0.000939414 0.000831771 0.000736463 0.000652076 0.000577358 0.000511202 0.000452626 0.000400762 0.000354841 0.000314181 0.000278181 0.000246306 0.000218083 0.000193094 0.000170968 0.000151378 0.000134032 0.000118674 0.000105076 9.30359e-05 8.23754e-05 7.29365e-05 6.45791e-05 5.71793e-05 5.06274e-05 4.48263e-05 3.96899e-05 3.5142e-05 3.11153e-05 2.755e-05 2.43932e-05 2.15981e-05 1.91233e-05 1.6932e-05 1.49919e-05 1.3274e-05 1.1753e-05 1.04063e-05 9.21392e-06 8.15815e-06 7.22335e-06 6.39566e-06 5.66282e-06 5.01395e-06 4.43942e-06 3.93073e-06 3.48033e-06 3.08154e-06 2.72844e-06 2.41581e-06 2.13899e-06 1.8939e-06 1.67688e-06 1.48474e-06 1.31461e-06 1.16398e-06 1.0306e-06 9.12511e-07 8.07951e-07 7.15373e-07 6.33402e-07 5.60824e-07 4.96562e-07 4.39664e-07 3.89285e-07 3.44679e-07 3.05184e-07 2.70214e-07 2.39252e-07 2.11837e-07 1.87564e-07 1.66072e-07 1.47043e-07 1.30194e-07 1.15276e-07 1.02067e-07 9.03716e-08 8.00164e-08 7.08477e-08 6.27297e-08 5.55418e-08 4.91776e-08 4.35426e-08 3.85533e-08 3.41357e-08 3.02242e-08 2.6761e-08 2.36946e-08 2.09796e-08 1.85756e-08 1.64471e-08 1.45626e-08 1.28939e-08 1.14165e-08 1.01083e-08 8.95006e-09
0.00152851 0.000633318 0.000577788 0.000526668 0.000479677 0.00043654 0.00039699 0.000360773 0.000327643 0.000297368 0.00026973 0.000244522 0.000221548 0.00020063 0.000181596 0.00016429 0.000148565 0.000134288 0.000121331 0.000109581 9.89303e-05 8.92818e-05 8.05455e-05 7.2639e-05 6.5487e-05 5.90202e-05 5.31756e-05 4.78955e-05 4.31273e-05 3.88229e-05 3.49387e-05 3.14349e-05 2.82754e-05 2.54272e-05 2.28605e-05 2.05481e-05 1.84655e-05 1.65904e-05 1.49025e-05 1.33837e-05 1.20172e-05 1.07882e-05 9.68304e-06 8.68951e-06 7.79653e-06 6.9941e-06 6.2732e-06 5.62568e-06 5.04418e-06 4.52209e-06 4.05341e-06 3.63277e-06 3.2553e-06 2.91664e-06 2.61285e-06 2.34039e-06 2.09606e-06 1.87699e-06 1.68061e-06 1.50459e-06 1.34684e-06 1.20549e-06 1.07884e-06 9.65396e-07 8.63783e-07 7.72781e-07 6.91292e-07 6.18332e-07 5.53016e-07 4.94549e-07 4.42221e-07 3.95391e-07 3.53487e-07 3.15995e-07 2.82454e-07 2.5245e-07 2.25614e-07 2.01613e-07 1.8015e-07 1.60959e-07 1.43801e-07 1.28461e-07 1.14749e-07 1.02492e-07 9.15379e-08 8.17483e-08 7.30003e-08 6.51837e-08 5.82e-08 5.19609e-08 4.63875e-08 4.14091e-08 3.69626e-08 3.29913e-08 2.94449e-08 2.6278e-08 2.34503e-08 2.09256e-08 1.86715e-08 1.66593e-08 1.48631e-08
0.00135337 0.000577788 0.000533727 0.000492368 0.000453647 0.000417484 0.000383784 0.000352443 0.000323348 0.000296385 0.000271437 0.000248386 0.000227118 0.000207518 0.000189478 0.000172892 0.000157658 0.00014368 0.000130866 0.000119129 0.000108387 9.85643e-05 8.95884e-05 8.1392e-05 7.39125e-05 6.70914e-05 6.08746e-05 5.52119e-05 5.00567e-05 4.5366e-05 4.11002e-05 3.72226e-05 3.36996e-05 3.05001e-05 2.75958e-05 2.49605e-05 2.25702e-05 2.0403e-05 1.84388e-05 1.66592e-05 1.50475e-05 1.35882e-05 1.22675e-05 1.10724e-05 9.9915e-06 9.01405e-06 8.13043e-06 7.33185e-06 6.61033e-06 5.9586e-06 5.37006e-06 4.83871e-06 4.35911e-06 3.92632e-06 3.53586e-06 3.18367e-06 2.86607e-06 2.57972e-06 2.3216e-06 2.08896e-06 1.87935e-06 1.6905e-06 1.52041e-06 1.36722e-06 1.22929e-06 1.10512e-06 9.9336e-07 8.92777e-07 8.02271e-07 7.20847e-07 6.47603e-07 5.81729e-07 5.22491e-07 4.69229e-07 4.21346e-07 3.78305e-07 3.39622e-07 3.04861e-07 2.73627e-07 2.45567e-07 2.2036e-07 1.97721e-07 1.77389e-07 1.59131e-07 1.42739e-07 1.28023e-07 1.14813e-07 1.02956e-07 9.23152e-08 8.27666e-08 7.41989e-08 6.65122e-08 5.96166e-08 5.34313e-08 4.78837e-08 4.29085e-08 3.84471e-08 3.44468e-08 3.08602e-08 2.76449e-08 2.47627e-08
0.00119829 0.000526668 0.000492368 0.000459428 0.000427942 0.000397969 0.000369539 0.00034266 0.000317321 0.000293497 0.000271151 0.000250236 0.0002307 0.000212486 0.000195532 0.000179777 0.000165157 0.000151608 0.000139069 0.000127477 0.000116774 0.000106901 9.78026e-05 8.94265e-05 8.1722e-05 7.46411e-05 6.81386e-05 6.21717e-05 5.67002e-05 5.16865e-05 4.70953e-05 4.28936e-05 3.90506e-05 3.55378e-05 3.23285e-05 2.93982e-05 2.67238e-05 2.42842e-05 2.20599e-05 2.00327e-05 1.81861e-05 1.65046e-05 1.4974e-05 1.35815e-05 1.2315e-05 1.11635e-05 1.01169e-05 9.16611e-06 8.30255e-06 7.51848e-06 6.80682e-06 6.16108e-06 5.57532e-06 5.04412e-06 4.56253e-06 4.12605e-06 3.73054e-06 3.37226e-06 3.04779e-06 2.754e-06 2.48805e-06 2.24737e-06 2.02961e-06 1.83261e-06 1.65445e-06 1.49336e-06 1.34772e-06 1.21609e-06 1.09714e-06 9.89665e-07 8.92582e-07 8.04901e-07 7.25725e-07 6.54243e-07 5.89716e-07 5.31479e-07 4.78927e-07 4.31513e-07 3.88741e-07 3.50163e-07 3.15373e-07 2.84004e-07 2.55723e-07 2.3023e-07 2.07253e-07 1.86548e-07 1.67892e-07 1.51084e-07 1.35943e-07 1.22307e-07 1.10026e-07 9.89677e-08 8.90114e-08 8.00485e-08 7.19807e-08 6.47195e-08 5.8185e-08 5.23051e-08 4.70149e-08 4.22558e-08 3.79748e-08
0.00106099 0.000479677 0.000453647 0.000427942 0.000402761 0.000378259 0.000354556 0.000331741 0.000309877 0.000289007 0.000269154 0.000250326 0.000232522 0.000215729 0.000199925 0.000185084 0.000171174 0.000158161 0.000146007 0.000134673 0.000124119 0.000114304 0.000105188 9.67315e-05 8.88954e-05 8.16419e-05 7.49342e-05 6.87372e-05 6.30171e-05 5.77417e-05 5.28802e-05 4.84037e-05 4.42847e-05 4.04972e-05 3.70169e-05 3.3821e-05 3.0888e-05 2.81978e-05 2.57317e-05 2.34724e-05 2.14035e-05 1.95099e-05 1.77777e-05 1.61937e-05 1.47461e-05 1.34235e-05 1.22158e-05 1.11134e-05 1.01075e-05 9.18997e-06 8.35342e-06 7.59095e-06 6.89625e-06 6.2635e-06 5.68738e-06 5.16297e-06 4.68579e-06 4.25171e-06 3.85695e-06 3.49806e-06 3.17187e-06 2.87548e-06 2.60624e-06 2.36172e-06 2.13971e-06 1.93819e-06 1.75531e-06 1.58939e-06 1.43888e-06 1.30239e-06 1.17863e-06 1.06645e-06 9.64783e-07 8.7266e-07 7.89203e-07 7.13611e-07 6.45158e-07 5.83179e-07 5.27074e-07 4.76295e-07 4.30344e-07 3.8877e-07 3.51162e-07 3.17147e-07 2.86387e-07 2.58576e-07 2.33434e-07 2.10709e-07 1.90172e-07 1.71614e-07 1.54848e-07 1.39703e-07 1.26024e-07 1.1367e-07 1.02516e-07 9.24449e-08 8.33539e-08 7.51484e-08 6.77432e-08 6.1061e-08 5.5032e-08
0.000939414 0.00043654 0.000417484 0.000397969 0.000378259 0.000358573 0.000339092 0.00031996 0.000301294 0.000283184 0.0002657 0.000248892 0.000232796 0.000217434 0.000202818 0.00018895 0.000175824 0.00016343 0.000151751 0.000140768 0.000130458 0.000120795 0.000111753 0.000103305 9.54215e-05 8.80751e-05 8.1237e-05 7.48793e-05 6.89745e-05 6.3496e-05 5.84177e-05 5.37148e-05 4.93631e-05 4.53399e-05 4.16232e-05 3.81923e-05 3.50274e-05 3.21099e-05 2.94223e-05 2.69479e-05 2.46713e-05 2.25778e-05 2.06538e-05 1.88866e-05 1.72641e-05 1.57753e-05 1.44099e-05 1.31582e-05 1.20112e-05 1.09606e-05 9.99882e-06 9.11862e-06 8.31342e-06 7.57712e-06 6.90406e-06 6.28905e-06 5.72728e-06 5.21431e-06 4.74606e-06 4.31877e-06 3.92898e-06 3.57351e-06 3.24943e-06 2.95406e-06 2.68494e-06 2.43979e-06 2.21655e-06 2.0133e-06 1.82831e-06 1.65999e-06 1.50685e-06 1.36758e-06 1.24094e-06 1.12582e-06 1.02119e-06 9.26109e-07 8.39735e-07 7.61283e-07 6.90043e-07 6.25363e-07 5.66652e-07 5.13369e-07 4.65022e-07 4.21162e-07 3.8138e-07 3.45303e-07 3.12591e-07 2.82937e-07 2.56059e-07 2.31701e-07 2.09631e-07 1.89637e-07 1.71526e-07 1.55125e-07 1.40273e-07 1.26826e-07 1.14654e-07 1.03637e-07 9.36669e-08 8.46456e-08 7.64839e-08
0.000831771 0.00039699 0.000383784 0.000369539 0.000354556 0.000339092 0.000323364 0.000307554 0.000291814 0.000276268 0.000261018 0.000246146 0.000231715 0.000217776 0.000204364 0.000191506 0.000179216 0.000167505 0.000156374 0.000145818 0.000135831 0.000126401 0.000117514 0.000109152 0.000101297 9.39299e-05 8.70299e-05 8.05758e-05 7.45464e-05 6.89204e-05 6.36766e-05 5.87941e-05 5.42526e-05 5.00322e-05 4.61138e-05 4.24789e-05 3.91098e-05 3.59893e-05 3.31015e-05 3.04307e-05 2.79624e-05 2.56828e-05 2.35787e-05 2.16379e-05 1.98486e-05 1.82001e-05 1.6682e-05 1.52847e-05 1.39994e-05 1.28176e-05 1.17315e-05 1.07338e-05 9.81769e-06 8.9769e-06 8.20555e-06 7.49819e-06 6.84977e-06 6.2556e-06 5.71135e-06 5.213e-06 4.75684e-06 4.33945e-06 3.95766e-06 3.60854e-06 3.2894e-06 2.99776e-06 2.73132e-06 2.48799e-06 2.26581e-06 2.06301e-06 1.87796e-06 1.70913e-06 1.55516e-06 1.41476e-06 1.28677e-06 1.17013e-06 1.06386e-06 9.67051e-07 8.78886e-07 7.98611e-07 7.25536e-07 6.59029e-07 5.98514e-07 5.43461e-07 4.93388e-07 4.47854e-07 4.06456e-07 3.68824e-07 3.34624e-07 3.03547e-07 2.75314e-07 2.49669e-07 2.26378e-07 2.05231e-07 1.86032e-07 1.68604e-07 1.52788e-07 1.38437e-07 1.25416e-07 1.13605e-07 1.02892e-07
0.000736463 0.000360773 0.000352443 0.00034266 0.000331741 0.00031996 0.000307554 0.000294726 0.000281649 0.000268471 0.000255314 0.000242282 0.000229459 0.000216916 0.000204708 0.000192878 0.00018146 0.000170478 0.000159949 0.000149884 0.000140286 0.000131157 0.000122492 0.000114285 0.000106526 9.92027e-05 9.23028e-05 8.58115e-05 7.97133e-05 7.39921e-05 6.86313e-05 6.36143e-05 5.89242e-05 5.45446e-05 5.04589e-05 4.66512e-05 4.31058e-05 3.98075e-05 3.67416e-05 3.38942e-05 3.12515e-05 2.88008e-05 2.65296e-05 2.44262e-05 2.24796e-05 2.06791e-05 1.90148e-05 1.74773e-05 1.60577e-05 1.47477e-05 1.35395e-05 1.24257e-05 1.13994e-05 1.04542e-05 9.58419e-06 8.78364e-06 8.04736e-06 7.37046e-06 6.74842e-06 6.17702e-06 5.65233e-06 5.17073e-06 4.72882e-06 4.3235e-06 3.95185e-06 3.61119e-06 3.29905e-06 3.01313e-06 2.75131e-06 2.51162e-06 2.29228e-06 2.0916e-06 1.90805e-06 1.74022e-06 1.5868e-06 1.4466e-06 1.3185e-06 1.2015e-06 1.09465e-06 9.97111e-07 9.0808e-07 8.26839e-07 7.52722e-07 6.85121e-07 6.23476e-07 5.67275e-07 5.16048e-07 4.69365e-07 4.26832e-07 3.88087e-07 3.528e-07 3.20669e-07 2.91417e-07 2.64791e-07 2.4056e-07 2.18513e-07 1.98456e-07 1.80213e-07 1.63623e-07 1.48538e-07 1.34825e-07
0.000652076 0.000327643 0.000323348 0.000317321 0.000309877 0.000301294 0.000291814 0.000281649 0.000270985 0.00025998 0.000248771 0.000237476 0.000226193 0.000215006 0.000203986 0.000193188 0.000182661 0.00017244 0.000162554 0.000153027 0.000143872 0.000135099 0.000126716 0.000118722 0.000111117 0.000103895 9.70518e-05 9.05771e-05 8.44614e-05 7.86936e-05 7.32617e-05 6.81528e-05 6.3354e-05 5.88518e-05 5.46326e-05 5.06829e-05 4.69892e-05 4.35384e-05 4.03174e-05 3.73136e-05 3.45148e-05 3.19089e-05 2.94847e-05 2.72312e-05 2.51378e-05 2.31944e-05 2.13916e-05 1.97202e-05 1.81716e-05 1.67377e-05 1.54106e-05 1.41832e-05 1.30485e-05 1.20001e-05 1.10319e-05 1.01381e-05 9.31361e-06 8.55322e-06 7.85232e-06 7.20652e-06 6.61174e-06 6.06418e-06 5.56028e-06 5.09675e-06 4.67051e-06 4.2787e-06 3.91868e-06 3.58798e-06 3.28431e-06 3.00557e-06 2.74977e-06 2.51512e-06 2.29993e-06 2.10264e-06 1.92183e-06 1.75615e-06 1.60439e-06 1.46542e-06 1.3382e-06 1.22176e-06 1.11521e-06 1.01774e-06 9.28603e-07 8.47102e-07 7.72602e-07 7.04517e-07 6.42309e-07 5.85484e-07 5.33588e-07 4.86204e-07 4.42948e-07 4.03469e-07 3.67446e-07 3.34581e-07 3.04605e-07 2.77268e-07 2.52344e-07 2.29623e-07 2.08915e-07 1.90045e-07 1.72852e-07
0.000577358 0.000297368 0.000296385 0.000293497 0.000289007 0.000283184 0.000276268 0.000268471 0.00025998 0.00025096 0.000241553 0.000231886 0.000222066 0.000212185 0.000202324 0.00019255 0.000182919 0.000173477 0.000164264 0.000155309 0.000146638 0.000138269 0.000130215 0.000122485 0.000115084 0.000108016 0.000101278 9.48686e-05 8.87823e-05 8.30128e-05 7.75523e-05 7.2392e-05 6.75221e-05 6.29326e-05 5.86125e-05 5.4551e-05 5.07369e-05 4.71589e-05 4.38058e-05 4.06665e-05 3.77302e-05 3.49861e-05 3.24238e-05 3.00332e-05 2.78046e-05 2.57285e-05 2.37959e-05 2.19981e-05 2.03269e-05 1.87742e-05 1.73327e-05 1.59951e-05 1.47547e-05 1.3605e-05 1.254e-05 1.1554e-05 1.06416e-05 9.79775e-06 9.01759e-06 8.2967e-06 7.63086e-06 7.01615e-06 6.44889e-06 5.92563e-06 5.44314e-06 4.99844e-06 4.58872e-06 4.21136e-06 3.86395e-06 3.54421e-06 3.25005e-06 2.97951e-06 2.73077e-06 2.50216e-06 2.29212e-06 2.09919e-06 1.92203e-06 1.75941e-06 1.61017e-06 1.47325e-06 1.34767e-06 1.23252e-06 1.12697e-06 1.03024e-06 9.41609e-07 8.60428e-07 7.86086e-07 7.18024e-07 6.55727e-07 5.98718e-07 5.46562e-07 4.98856e-07 4.55231e-07 4.15344e-07 3.78885e-07 3.45566e-07 3.15122e-07 2.8731e-07 2.6191e-07 2.38715e-07 2.17539e-07
0.000511202 0.00026973 0.000271437 0.000271151 0.000269154 0.0002657 0.000261018 0.000255314 0.000248771 0.000241553 0.000233805 0.000225654 0.000217213 0.000208581 0.000199842 0.000191071 0.000182331 0.000173676 0.000165151 0.000156796 0.00014864 0.000140709 0.000133024 0.0001256 0.000118448 0.000111575 0.000104988 9.86867e-05 9.26722e-05 8.6942e-05 8.14924e-05 7.63181e-05 7.14129e-05 6.67695e-05 6.238e-05 5.8236e-05 5.43284e-05 5.06483e-05 4.7186e-05 4.39323e-05 4.08776e-05 3.80124e-05 3.53276e-05 3.28139e-05 3.04625e-05 2.82646e-05 2.62118e-05 2.4296e-05 2.25093e-05 2.08442e-05 1.92934e-05 1.78501e-05 1.65075e-05 1.52595e-05 1.41e-05 1.30234e-05 1.20242e-05 1.10975e-05 1.02384e-05 9.44233e-06 8.70507e-06 8.02258e-06 7.39108e-06 6.80703e-06 6.26708e-06 5.76813e-06 5.30725e-06 4.8817e-06 4.48893e-06 4.12656e-06 3.79234e-06 3.48422e-06 3.20025e-06 2.93862e-06 2.69767e-06 2.47583e-06 2.27165e-06 2.08379e-06 1.91099e-06 1.7521e-06 1.60604e-06 1.47181e-06 1.34849e-06 1.23522e-06 1.13122e-06 1.03575e-06 9.48128e-07 8.67739e-07 7.94001e-07 7.2638e-07 6.64385e-07 6.07561e-07 5.55489e-07 5.07782e-07 4.64085e-07 4.2407e-07 3.87433e-07 3.53898e-07 3.23208e-07 2.95128e-07 2.69441e-07
0.000452626 0.000244522 0.000248386 0.000250236 0.000250326 0.000248892 0.000246146 0.000242282 0.000237476 0.000231886 0.000225654 0.000218908 0.00021176 0.00020431 0.000196649 0.000188852 0.000180989 0.000173118 0.00016529 0.000157548 0.00014993 0.000142465 0.000135181 0.000128096 0.000121228 0.00011459 0.00010819 0.000102036 9.61315e-05 9.04778e-05 8.5075e-05 7.99215e-05 7.50141e-05 7.03485e-05 6.59195e-05 6.17211e-05 5.77465e-05 5.39886e-05 5.04399e-05 4.70926e-05 4.39386e-05 4.097e-05 3.81785e-05 3.55562e-05 3.30949e-05 3.07868e-05 2.86242e-05 2.65995e-05 2.47054e-05 2.29348e-05 2.12809e-05 1.97369e-05 1.82966e-05 1.69538e-05 1.57028e-05 1.45379e-05 1.34539e-05 1.24457e-05 1.15085e-05 1.06379e-05 9.82936e-06 9.07898e-06 8.38289e-06 7.73745e-06 7.13927e-06 6.58512e-06 6.072e-06 5.59706e-06 5.15765e-06 4.75127e-06 4.37559e-06 4.02842e-06 3.70772e-06 3.41158e-06 3.13822e-06 2.88597e-06 2.65328e-06 2.43871e-06 2.24091e-06 2.05863e-06 1.89071e-06 1.73606e-06 1.59367e-06 1.46261e-06 1.34202e-06 1.23109e-06 1.12908e-06 1.03528e-06 9.49076e-07 8.6986e-07 7.97088e-07 7.30252e-07 6.68883e-07 6.12548e-07 5.60847e-07 5.13409e-07 4.69893e-07 4.29983e-07 3.9339e-07 3.59845e-07 3.291e-07
0.000400762 0.000221548 0.000227118 0.0002307 0.000232522 0.000232796 0.000231715 0.000229459 0.000226193 0.000222066 0.000217213 0.00021176 0.000205816 0.000199481 0.000192846 0.000185988 0.00017898 0.000171882 0.000164749 0.000157629 0.000150562 0.000143583 0.000136722 0.000130005 0.000123451 0.000117078 0.0001109 0.000104926 9.91643e-05 9.36203e-05 8.82971e-05 8.31962e-05 7.83174e-05 7.36592e-05 6.92188e-05 6.49927e-05 6.09762e-05 5.71644e-05 5.35513e-05 5.0131e-05 4.68969e-05 4.38424e-05 4.09604e-05 3.8244e-05 3.56863e-05 3.32801e-05 3.10186e-05 2.88948e-05 2.6902e-05 2.50336e-05 2.32832e-05 2.16445e-05 2.01115e-05 1.86783e-05 1.73394e-05 1.60894e-05 1.4923e-05 1.38353e-05 1.28216e-05 1.18774e-05 1.09984e-05 1.01806e-05 9.42002e-06 8.71308e-06 8.0563e-06 7.44642e-06 6.88034e-06 6.35516e-06 5.86813e-06 5.41668e-06 4.99838e-06 4.61095e-06 4.25226e-06 3.9203e-06 3.61321e-06 3.32921e-06 3.06668e-06 2.82406e-06 2.59994e-06 2.39296e-06 2.20189e-06 2.02555e-06 1.86287e-06 1.71282e-06 1.57448e-06 1.44696e-06 1.32946e-06 1.22121e-06 1.12153e-06 1.02975e-06 9.45266e-07 8.67529e-07 7.96014e-07 7.30241e-07 6.69763e-07 6.14169e-07 5.63075e-07 5.1613e-07 4.73006e-07 4.33402e-07 3.97038e-07
0.000354841 0.00020063 0.000207518 0.000212486 0.000215729 0.000217434 0.000217776 0.000216916 0.000215006 0.000212185 0.000208581 0.00020431 0.000199481 0.00019419 0.000188526 0.000182567 0.000176384 0.000170042 0.000163597 0.000157098 0.000150589 0.000144108 0.000137689 0.000131359 0.000125143 0.000119062 0.000113132 0.000107367 0.000101778 9.63729e-05 9.11586e-05 8.61392e-05 8.13173e-05 7.66938e-05 7.22684e-05 6.80398e-05 6.40056e-05 6.01625e-05 5.65066e-05 5.30334e-05 4.97379e-05 4.66148e-05 4.36584e-05 4.08629e-05 3.82223e-05 3.57305e-05 3.33813e-05 3.11687e-05 2.90864e-05 2.71284e-05 2.52889e-05 2.3562e-05 2.1942e-05 2.04235e-05 1.9001e-05 1.76694e-05 1.64237e-05 1.52591e-05 1.4171e-05 1.31549e-05 1.22067e-05 1.13223e-05 1.04979e-05 9.72977e-06 9.01448e-06 8.34871e-06 7.72934e-06 7.15341e-06 6.61812e-06 6.12082e-06 5.65903e-06 5.23038e-06 4.83267e-06 4.46382e-06 4.12186e-06 3.80495e-06 3.51139e-06 3.23953e-06 2.98788e-06 2.75502e-06 2.53961e-06 2.34041e-06 2.15627e-06 1.98611e-06 1.8289e-06 1.68372e-06 1.54969e-06 1.42597e-06 1.31183e-06 1.20653e-06 1.10943e-06 1.01992e-06 9.37417e-07 8.61399e-07 7.91374e-07 7.26887e-07 6.67514e-07 6.12865e-07 5.62574e-07 5.16307e-07 4.73751e-07
0.000314181 0.000181596 0.000189478 0.000195532 0.000199925 0.000202818 0.000204364 0.000204708 0.000203986 0.000202324 0.000199842 0.000196649 0.000192846 0.000188526 0.000183774 0.000178669 0.000173279 0.00016767 0.000161898 0.000156014 0.000150063 0.000144087 0.00013812 0.000132193 0.000126333 0.000120564 0.000114906 0.000109374 0.000103982 9.8742e-05 9.36627e-05 8.87507e-05 8.40112e-05 7.94476e-05 7.50617e-05 7.08543e-05 6.68249e-05 6.29722e-05 5.92939e-05 5.57872e-05 5.24487e-05 4.92742e-05 4.62594e-05 4.33996e-05 4.06899e-05 3.81251e-05 3.56999e-05 3.34089e-05 3.12467e-05 2.92078e-05 2.7287e-05 2.54789e-05 2.37782e-05 2.21797e-05 2.06785e-05 1.92696e-05 1.79482e-05 1.67098e-05 1.55499e-05 1.44642e-05 1.34485e-05 1.2499e-05 1.16117e-05 1.07832e-05 1.00098e-05 9.28843e-06 8.6158e-06 7.98896e-06 7.40508e-06 6.86147e-06 6.35558e-06 5.88502e-06 5.4475e-06 5.04087e-06 4.66312e-06 4.31234e-06 3.98673e-06 3.6846e-06 3.40436e-06 3.14453e-06 2.90371e-06 2.68058e-06 2.47392e-06 2.28258e-06 2.10548e-06 1.94162e-06 1.79005e-06 1.6499e-06 1.52034e-06 1.40062e-06 1.29002e-06 1.18787e-06 1.09355e-06 1.00649e-06 9.2616e-07 8.52048e-07 7.83696e-07 7.20672e-07 6.62576e-07 6.09035e-07 5.59707e-07
0.000278181 0.00016429 0.000172892 0.000179777 0.000185084 0.00018895 0.000191506 0.000192878 0.000193188 0.00019255 0.000191071 0.000188852 0.000185988 0.000182567 0.000178669 0.000174369 0.000169735 0.000164831 0.000159713 0.000154433 0.000149036 0.000143564 0.000138055 0.000132541 0.000127051 0.00012161 0.000116241 0.000110962 0.000105789 0.000100736 9.58147e-05 9.10333e-05 8.63994e-05 8.19184e-05 7.75944e-05 7.343e-05 6.94267e-05 6.55848e-05 6.19038e-05 5.83823e-05 5.50183e-05 5.18091e-05 4.87516e-05 4.58422e-05 4.30771e-05 4.04519e-05 3.79624e-05 3.56038e-05 3.33716e-05 3.1261e-05 2.92671e-05 2.73852e-05 2.56104e-05 2.3938e-05 2.23633e-05 2.08818e-05 1.94889e-05 1.81802e-05 1.69516e-05 1.57988e-05 1.47179e-05 1.37051e-05 1.27565e-05 1.18687e-05 1.10382e-05 1.02618e-05 9.53628e-06 8.85871e-06 8.22623e-06 7.63613e-06 7.08584e-06 6.57292e-06 6.09504e-06 5.65001e-06 5.23575e-06 4.8503e-06 4.4918e-06 4.15851e-06 3.84878e-06 3.56104e-06 3.29385e-06 3.04583e-06 2.81569e-06 2.6022e-06 2.40425e-06 2.22075e-06 2.05071e-06 1.8932e-06 1.74734e-06 1.61231e-06 1.48735e-06 1.37173e-06 1.2648e-06 1.16593e-06 1.07454e-06 9.90078e-07 9.12052e-07 8.39988e-07 7.73448e-07 7.12025e-07 6.55339e-07
0.000246306 0.000148565 0.000157658 0.000165157 0.000171174 0.000175824 0.000179216 0.00018146 0.000182661 0.000182919 0.000182331 0.000180989 0.00017898 0.000176384 0.000173279 0.000169735 0.000165818 0.000161588 0.000157101 0.000152408 0.000147556 0.000142585 0.000137535 0.000132438 0.000127326 0.000122226 0.00011716 0.00011215 0.000107214 0.000102367 9.76226e-05 9.29919e-05 8.8484e-05 8.41063e-05 7.98646e-05 7.57634e-05 7.18059e-05 6.79939e-05 6.43286e-05 6.081e-05 5.74375e-05 5.42098e-05 5.11248e-05 4.81802e-05 4.53731e-05 4.27002e-05 4.01581e-05 3.77429e-05 3.54508e-05 3.32776e-05 3.12191e-05 2.92711e-05 2.74293e-05 2.56893e-05 2.40469e-05 2.24979e-05 2.1038e-05 1.96632e-05 1.83693e-05 1.71526e-05 1.60091e-05 1.49352e-05 1.39272e-05 1.29817e-05 1.20953e-05 1.12648e-05 1.04871e-05 9.75935e-06 9.07857e-06 8.44212e-06 7.84739e-06 7.29192e-06 6.77338e-06 6.28953e-06 5.83825e-06 5.41755e-06 5.02552e-06 4.66035e-06 4.32036e-06 4.00393e-06 3.70955e-06 3.43578e-06 3.18128e-06 2.94479e-06 2.7251e-06 2.5211e-06 2.33173e-06 2.156e-06 1.99298e-06 1.84182e-06 1.70167e-06 1.5718e-06 1.45148e-06 1.34004e-06 1.23685e-06 1.14134e-06 1.05296e-06 9.71199e-07 8.95583e-07 8.2567e-07 7.61046e-07
0.000218083 0.000134288 0.00014368 0.000151608 0.000158161 0.00016343 0.000167505 0.000170478 0.00017244 0.000173477 0.000173676 0.000173118 0.000171882 0.000170042 0.00016767 0.000164831 0.000161588 0.000157999 0.000154117 0.000149992 0.00014567 0.000141193 0.000136598 0.00013192 0.000127191 0.000122437 0.000117685 0.000112957 0.000108272 0.000103646 9.90961e-05 9.46336e-05 9.02697e-05 8.60135e-05 8.18726e-05 7.78529e-05 7.39591e-05 7.01948e-05 6.65625e-05 6.30635e-05 5.96987e-05 5.64678e-05 5.33701e-05 5.04042e-05 4.75684e-05 4.48603e-05 4.22773e-05 3.98164e-05 3.74745e-05 3.52481e-05 3.31337e-05 3.11276e-05 2.92261e-05 2.74252e-05 2.57212e-05 2.41101e-05 2.25882e-05 2.11515e-05 1.97964e-05 1.85191e-05 1.73161e-05 1.61837e-05 1.51185e-05 1.41172e-05 1.31765e-05 1.22933e-05 1.14646e-05 1.06874e-05 9.95894e-06 9.27653e-06 8.6376e-06 8.03968e-06 7.48041e-06 6.95755e-06 6.46897e-06 6.01263e-06 5.58658e-06 5.18901e-06 4.81816e-06 4.47238e-06 4.15011e-06 3.84987e-06 3.57028e-06 3.31e-06 3.0678e-06 2.8425e-06 2.633e-06 2.43826e-06 2.25731e-06 2.08922e-06 1.93314e-06 1.78825e-06 1.65379e-06 1.52906e-06 1.41338e-06 1.30614e-06 1.20674e-06 1.11464e-06 1.02932e-06 9.5032e-07 8.77181e-07
0.000193094 0.000121331 0.000130866 0.000139069 0.000146007 0.000151751 0.000156374 0.000159949 0.000162554 0.000164264 0.000165151 0.00016529 0.000164749 0.000163597 0.000161898 0.000159713 0.000157101 0.000154117 0.000150812 0.000147233 0.000143424 0.000139428 0.000135282 0.00013102 0.000126674 0.000122273 0.000117841 0.000113404 0.00010898 0.000104589 0.000100246 9.59668e-05 9.17626e-05 8.7644e-05 8.36202e-05 7.96985e-05 7.5885e-05 7.21847e-05 6.86014e-05 6.51378e-05 6.17957e-05 5.85764e-05 5.548e-05 5.25064e-05 4.96547e-05 4.69235e-05 4.43111e-05 4.18153e-05 3.94338e-05 3.71637e-05 3.50022e-05 3.29462e-05 3.09924e-05 2.91375e-05 2.73782e-05 2.57108e-05 2.4132e-05 2.26383e-05 2.12262e-05 1.98922e-05 1.86329e-05 1.74451e-05 1.63253e-05 1.52705e-05 1.42775e-05 1.33432e-05 1.24647e-05 1.16393e-05 1.0864e-05 1.01363e-05 9.4537e-06 8.81365e-06 8.21384e-06 7.65202e-06 7.12605e-06 6.63388e-06 6.17354e-06 5.74319e-06 5.34104e-06 4.96541e-06 4.61471e-06 4.28741e-06 3.98208e-06 3.69736e-06 3.43196e-06 3.18467e-06 2.95433e-06 2.73987e-06 2.54026e-06 2.35453e-06 2.18179e-06 2.02118e-06 1.87189e-06 1.73318e-06 1.60434e-06 1.4847e-06 1.37364e-06 1.27057e-06 1.17496e-06 1.08628e-06 1.00406e-06
0.000170968 0.000109581 0.000119129 0.000127477 0.000134673 0.000140768 0.000145818 0.000149884 0.000153027 0.000155309 0.000156796 0.000157548 0.000157629 0.000157098 0.000156014 0.000154433 0.000152408 0.000149992 0.000147233 0.000144175 0.000140861 0.000137333 0.000133625 0.000129773 0.000125808 0.000121759 0.000117652 0.000113511 0.000109357 0.000105209 0.000101086 9.70019e-05 9.29705e-05 8.90035e-05 8.51112e-05 8.13022e-05 7.75839e-05 7.39625e-05 7.04429e-05 6.70291e-05 6.37241e-05 6.05302e-05 5.74486e-05 5.44801e-05 5.16249e-05 4.88824e-05 4.62519e-05 4.37318e-05 4.13206e-05 3.90163e-05 3.68165e-05 3.47187e-05 3.27204e-05 3.08186e-05 2.90104e-05 2.72928e-05 2.56627e-05 2.41169e-05 2.26523e-05 2.12656e-05 1.99538e-05 1.87138e-05 1.75424e-05 1.64366e-05 1.53934e-05 1.441e-05 1.34835e-05 1.26112e-05 1.17903e-05 1.10183e-05 1.02928e-05 9.61116e-06 8.97122e-06 8.37071e-06 7.80748e-06 7.27949e-06 6.78477e-06 6.32145e-06 5.88774e-06 5.48192e-06 5.10237e-06 4.74754e-06 4.41598e-06 4.10627e-06 3.81709e-06 3.5472e-06 3.2954e-06 3.06057e-06 2.84165e-06 2.63763e-06 2.44758e-06 2.27059e-06 2.10582e-06 1.95249e-06 1.80984e-06 1.67718e-06 1.55385e-06 1.43922e-06 1.33272e-06 1.23379e-06 1.14193e-06
0.000151378 9.89303e-05 0.000108387 0.000116774 0.000124119 0.000130458 0.000135831 0.000140286 0.000143872 0.000146638 0.00014864 0.00014993 0.000150562 0.000150589 0.000150063 0.000149036 0.000147556 0.00014567 0.000143424 0.000140861 0.000138022 0.000134943 0.000131662 0.000128211 0.000124622 0.000120924 0.000117141 0.0001133 0.000109421 0.000105525 0.000101629 9.77502e-05 9.39026e-05 9.0099e-05 8.63507e-05 8.26673e-05 7.90575e-05 7.55283e-05 7.20859e-05 6.87353e-05 6.54807e-05 6.2325e-05 5.92709e-05 5.63198e-05 5.34729e-05 5.07306e-05 4.80927e-05 4.55588e-05 4.31278e-05 4.07985e-05 3.85692e-05 3.6438e-05 3.44028e-05 3.24612e-05 3.06109e-05 2.88492e-05 2.71734e-05 2.55807e-05 2.40684e-05 2.26334e-05 2.12731e-05 1.99844e-05 1.87645e-05 1.76106e-05 1.65199e-05 1.54895e-05 1.45169e-05 1.35994e-05 1.27343e-05 1.19193e-05 1.11518e-05 1.04294e-05 9.74999e-06 9.11126e-06 8.51112e-06 7.94752e-06 7.41851e-06 6.9222e-06 6.45681e-06 6.02061e-06 5.61196e-06 5.22928e-06 4.87109e-06 4.53596e-06 4.22255e-06 3.92955e-06 3.65576e-06 3.40001e-06 3.16121e-06 2.93832e-06 2.73036e-06 2.53639e-06 2.35555e-06 2.18699e-06 2.02995e-06 1.88368e-06 1.74749e-06 1.62073e-06 1.50278e-06 1.39306e-06 1.29103e-06
0.000134032 8.92818e-05 9.85643e-05 0.000106901 0.000114304 0.000120795 0.000126401 0.000131157 0.000135099 0.000138269 0.000140709 0.000142465 0.000143583 0.000144108 0.000144087 0.000143564 0.000142585 0.000141193 0.000139428 0.000137333 0.000134943 0.000132297 0.000129427 0.000126367 0.000123146 0.000119793 0.000116334 0.000112793 0.000109192 0.000105551 0.00010189 9.82241e-05 9.45692e-05 9.09389e-05 8.73451e-05 8.37987e-05 8.03089e-05 7.68839e-05 7.35309e-05 7.02557e-05 6.70635e-05 6.39582e-05 6.09433e-05 5.80212e-05 5.51939e-05 5.24626e-05 4.98279e-05 4.72901e-05 4.4849e-05 4.25038e-05 4.02537e-05 3.80972e-05 3.60328e-05 3.40587e-05 3.2173e-05 3.03735e-05 2.86578e-05 2.70237e-05 2.54685e-05 2.39899e-05 2.25851e-05 2.12515e-05 1.99866e-05 1.87877e-05 1.76521e-05 1.65774e-05 1.55608e-05 1.46e-05 1.36925e-05 1.28358e-05 1.20275e-05 1.12655e-05 1.05474e-05 9.8712e-06 9.23468e-06 8.63587e-06 8.07284e-06 7.54372e-06 7.04671e-06 6.5801e-06 6.14222e-06 5.73151e-06 5.34644e-06 4.98559e-06 4.64757e-06 4.33107e-06 4.03485e-06 3.75772e-06 3.49855e-06 3.25628e-06 3.02989e-06 2.81841e-06 2.62094e-06 2.43662e-06 2.26463e-06 2.10421e-06 1.95462e-06 1.81518e-06 1.68525e-06 1.56422e-06 1.4515e-06
0.000118674 8.05455e-05 8.95884e-05 9.78026e-05 0.000105188 0.000111753 0.000117514 0.000122492 0.000126716 0.000130215 0.000133024 0.000135181 0.000136722 0.000137689 0.00013812 0.000138055 0.000137535 0.000136598 0.000135282 0.000133625 0.000131662 0.000129427 0.000126953 0.00012427 0.000121408 0.000118394 0.000115254 0.000112012 0.000108689 0.000105307 0.000101884 9.84367e-05 9.49815e-05 9.15324e-05 8.81021e-05 8.47021e-05 8.13425e-05 7.80323e-05 7.47794e-05 7.15907e-05 6.84719e-05 6.54281e-05 6.24634e-05 5.95811e-05 5.6784e-05 5.4074e-05 5.14525e-05 4.89206e-05 4.64786e-05 4.41265e-05 4.18639e-05 3.96902e-05 3.76043e-05 3.56049e-05 3.36906e-05 3.18595e-05 3.011e-05 2.84398e-05 2.6847e-05 2.53293e-05 2.38845e-05 2.251e-05 2.12037e-05 1.99631e-05 1.87857e-05 1.76692e-05 1.66112e-05 1.56093e-05 1.46611e-05 1.37644e-05 1.29169e-05 1.21165e-05 1.13608e-05 1.0648e-05 9.97579e-06 9.34237e-06 8.74577e-06 8.18417e-06 7.65576e-06 7.15885e-06 6.69179e-06 6.25298e-06 5.84092e-06 5.45416e-06 5.09129e-06 4.751e-06 4.43202e-06 4.13313e-06 3.85319e-06 3.59111e-06 3.34583e-06 3.11638e-06 2.90181e-06 2.70123e-06 2.51379e-06 2.33871e-06 2.17522e-06 2.02261e-06 1.88019e-06 1.74735e-06 1.62347e-06
0.000105076 7.2639e-05 8.1392e-05 8.94265e-05 9.67315e-05 0.000103305 0.000109152 0.000114285 0.000118722 0.000122485 0.0001256 0.000128096 0.000130005 0.000131359 0.000132193 0.000132541 0.000132438 0.00013192 0.00013102 0.000129773 0.000128211 0.000126367 0.00012427 0.00012195 0.000119436 0.000116753 0.000113926 0.000110979 0.000107933 0.000104809 0.000101627 9.84019e-05 9.51515e-05 9.18897e-05 8.863e-05 8.53844e-05 8.21636e-05 7.89774e-05 7.58342e-05 7.27417e-05 6.97064e-05 6.67342e-05 6.38298e-05 6.09973e-05 5.82403e-05 5.55613e-05 5.29626e-05 5.04457e-05 4.80118e-05 4.56613e-05 4.33947e-05 4.12116e-05 3.91117e-05 3.70941e-05 3.51579e-05 3.33017e-05 3.15242e-05 2.98237e-05 2.81984e-05 2.66466e-05 2.51661e-05 2.37549e-05 2.2411e-05 2.11321e-05 1.99161e-05 1.87608e-05 1.76639e-05 1.66232e-05 1.56366e-05 1.47018e-05 1.38167e-05 1.29792e-05 1.21873e-05 1.14389e-05 1.0732e-05 1.00647e-05 9.43519e-06 8.8416e-06 8.28218e-06 7.75525e-06 7.25917e-06 6.79236e-06 6.35331e-06 5.94057e-06 5.55273e-06 5.18846e-06 4.84648e-06 4.52557e-06 4.22454e-06 3.9423e-06 3.67776e-06 3.42993e-06 3.19784e-06 2.98057e-06 2.77725e-06 2.58705e-06 2.4092e-06 2.24295e-06 2.0876e-06 1.94248e-06 1.80697e-06
9.30359e-05 6.5487e-05 7.39125e-05 8.1722e-05 8.88954e-05 9.54215e-05 0.000101297 0.000106526 0.000111117 0.000115084 0.000118448 0.000121228 0.000123451 0.000125143 0.000126333 0.000127051 0.000127326 0.000127191 0.000126674 0.000125808 0.000124622 0.000123146 0.000121408 0.000119436 0.000117256 0.000114893 0.000112372 0.000109714 0.000106942 0.000104076 0.000101134 9.8134e-05 9.50916e-05 9.20218e-05 8.89383e-05 8.58535e-05 8.27787e-05 7.97241e-05 7.66989e-05 7.37113e-05 7.07685e-05 6.78769e-05 6.5042e-05 6.22687e-05 5.95609e-05 5.69221e-05 5.43551e-05 5.1862e-05 4.94446e-05 4.71041e-05 4.48413e-05 4.26566e-05 4.055e-05 3.85212e-05 3.65698e-05 3.46948e-05 3.28953e-05 3.117e-05 2.95176e-05 2.79365e-05 2.6425e-05 2.49814e-05 2.36038e-05 2.22904e-05 2.10391e-05 1.98479e-05 1.8715e-05 1.76381e-05 1.66152e-05 1.56444e-05 1.47236e-05 1.38508e-05 1.3024e-05 1.22413e-05 1.15008e-05 1.08006e-05 1.01389e-05 9.51398e-06 8.92409e-06 8.36756e-06 7.84279e-06 7.3482e-06 6.8823e-06 6.44364e-06 6.03082e-06 5.6425e-06 5.27739e-06 4.93426e-06 4.61192e-06 4.30925e-06 4.02517e-06 3.75863e-06 3.50867e-06 3.27434e-06 3.05474e-06 2.84904e-06 2.65641e-06 2.47611e-06 2.3074e-06 2.14958e-06 2.00202e-06
8.23754e-05 5.90202e-05 6.70914e-05 7.46411e-05 8.16419e-05 8.80751e-05 9.39299e-05 9.92027e-05 0.000103895 0.000108016 0.000111575 0.00011459 0.000117078 0.000119062 0.000120564 0.00012161 0.000122226 0.000122437 0.000122273 0.000121759 0.000120924 0.000119793 0.000118394 0.000116753 0.000114893 0.000112839 0.000110614 0.00010824 0.000105737 0.000103125 0.000100423 9.76476e-05 9.48149e-05 9.194e-05 8.90367e-05 8.61177e-05 8.31947e-05 8.02783e-05 7.73782e-05 7.4503e-05 7.16605e-05 6.88577e-05 6.61007e-05 6.33948e-05 6.07448e-05 5.81546e-05 5.56276e-05 5.31666e-05 5.07739e-05 4.84512e-05 4.61999e-05 4.4021e-05 4.19148e-05 3.98817e-05 3.79216e-05 3.60341e-05 3.42185e-05 3.24741e-05 3.07997e-05 2.91943e-05 2.76565e-05 2.61848e-05 2.47777e-05 2.34334e-05 2.21503e-05 2.09266e-05 1.97605e-05 1.86501e-05 1.75935e-05 1.65889e-05 1.56343e-05 1.4728e-05 1.38679e-05 1.30524e-05 1.22795e-05 1.15475e-05 1.08547e-05 1.01992e-05 9.57955e-06 8.99399e-06 8.44097e-06 7.91896e-06 7.42648e-06 6.96208e-06 6.52438e-06 6.11204e-06 5.72377e-06 5.35835e-06 5.01457e-06 4.6913e-06 4.38744e-06 4.10196e-06 3.83384e-06 3.58214e-06 3.34595e-06 3.12439e-06 2.91664e-06 2.72191e-06 2.53945e-06 2.36855e-06 2.20854e-06
7.29365e-05 5.31756e-05 6.08746e-05 6.81386e-05 7.49342e-05 8.1237e-05 8.70299e-05 9.23028e-05 9.70518e-05 0.000101278 0.000104988 0.00010819 0.0001109 0.000113132 0.000114906 0.000116241 0.00011716 0.000117685 0.000117841 0.000117652 0.000117141 0.000116334 0.000115254 0.000113926 0.000112372 0.000110614 0.000108675 0.000106576 0.000104336 0.000101974 9.95091e-05 9.69572e-05 9.43346e-05 9.16561e-05 8.89357e-05 8.61862e-05 8.34196e-05 8.06466e-05 7.78774e-05 7.5121e-05 7.23857e-05 6.96788e-05 6.70071e-05 6.43764e-05 6.17918e-05 5.9258e-05 5.67788e-05 5.43576e-05 5.19971e-05 4.96998e-05 4.74673e-05 4.53012e-05 4.32024e-05 4.11716e-05 3.92092e-05 3.73152e-05 3.54894e-05 3.37314e-05 3.20405e-05 3.04158e-05 2.88563e-05 2.73609e-05 2.59283e-05 2.45571e-05 2.32458e-05 2.19929e-05 2.07967e-05 1.96556e-05 1.85679e-05 1.75319e-05 1.65457e-05 1.56078e-05 1.47163e-05 1.38695e-05 1.30657e-05 1.23031e-05 1.15802e-05 1.08952e-05 1.02465e-05 9.63265e-06 9.05198e-06 8.50304e-06 7.98436e-06 7.49452e-06 7.03216e-06 6.59595e-06 6.1846e-06 5.79689e-06 5.43163e-06 5.08767e-06 4.76391e-06 4.4593e-06 4.17283e-06 3.90352e-06 3.65046e-06 3.41276e-06 3.18958e-06 2.9801e-06 2.78357e-06 2.59925e-06 2.42644e-06
6.45791e-05 4.78955e-05 5.52119e-05 6.21717e-05 6.87372e-05 7.48793e-05 8.05758e-05 8.58115e-05 9.05771e-05 9.48686e-05 9.86867e-05 0.000102036 0.000104926 0.000107367 0.000109374 0.000110962 0.00011215 0.000112957 0.000113404 0.000113511 0.0001133 0.000112793 0.000112012 0.000110979 0.000109714 0.00010824 0.000106576 0.000104742 0.000102758 0.000100641 9.84085e-05 9.60778e-05 9.36642e-05 9.11824e-05 8.86462e-05 8.60686e-05 8.34615e-05 8.08361e-05 7.82026e-05 7.55703e-05 7.2948e-05 7.03433e-05 6.77634e-05 6.52146e-05 6.27025e-05 6.02321e-05 5.78079e-05 5.54336e-05 5.31125e-05 5.08475e-05 4.86408e-05 4.64943e-05 4.44094e-05 4.23874e-05 4.04289e-05 3.85344e-05 3.67041e-05 3.4938e-05 3.32357e-05 3.15966e-05 3.00203e-05 2.85056e-05 2.70518e-05 2.56575e-05 2.43217e-05 2.3043e-05 2.18199e-05 2.06511e-05 1.9535e-05 1.847e-05 1.74546e-05 1.64872e-05 1.55661e-05 1.46898e-05 1.38566e-05 1.30649e-05 1.23131e-05 1.15996e-05 1.0923e-05 1.02816e-05 9.67403e-06 9.09876e-06 8.55439e-06 8.03953e-06 7.55284e-06 7.093e-06 6.65876e-06 6.24888e-06 5.86218e-06 5.49753e-06 5.15382e-06 4.82999e-06 4.52502e-06 4.23794e-06 3.96782e-06 3.71376e-06 3.47489e-06 3.2504e-06 3.0395e-06 2.84146e-06 2.65554e-06
5.71793e-05 4.31273e-05 5.00567e-05 5.67002e-05 6.30171e-05 6.89745e-05 7.45464e-05 7.97133e-05 8.44614e-05 8.87823e-05 9.26722e-05 9.61315e-05 9.91643e-05 0.000101778 0.000103982 0.000105789 0.000107214 0.000108272 0.00010898 0.000109357 0.000109421 0.000109192 0.000108689 0.000107933 0.000106942 0.000105737 0.000104336 0.000102758 0.00010102 9.91411e-05 9.7137e-05 9.50239e-05 9.28171e-05 9.0531e-05 8.81793e-05 8.57747e-05 8.33294e-05 8.08544e-05 7.83603e-05 7.58565e-05 7.3352e-05 7.08549e-05 6.83725e-05 6.59115e-05 6.34781e-05 6.10776e-05 5.87148e-05 5.63941e-05 5.4119e-05 5.18928e-05 4.97184e-05 4.75979e-05 4.55333e-05 4.35261e-05 4.15775e-05 3.96883e-05 3.78591e-05 3.60902e-05 3.43816e-05 3.27332e-05 3.11446e-05 2.96151e-05 2.81442e-05 2.67309e-05 2.53743e-05 2.40732e-05 2.28266e-05 2.16331e-05 2.04914e-05 1.94001e-05 1.83579e-05 1.73632e-05 1.64146e-05 1.55106e-05 1.46497e-05 1.38303e-05 1.30511e-05 1.23104e-05 1.16068e-05 1.09389e-05 1.03053e-05 9.70439e-06 9.13496e-06 8.59561e-06 8.08502e-06 7.60192e-06 7.14506e-06 6.71322e-06 6.30523e-06 5.91997e-06 5.55634e-06 5.21327e-06 4.88975e-06 4.58481e-06 4.29749e-06 4.02689e-06 3.77215e-06 3.53243e-06 3.30694e-06 3.09491e-06 2.89563e-06
5.06274e-05 3.88229e-05 4.5366e-05 5.16865e-05 5.77417e-05 6.3496e-05 6.89204e-05 7.39921e-05 7.86936e-05 8.30128e-05 8.6942e-05 9.04778e-05 9.36203e-05 9.63729e-05 9.8742e-05 0.000100736 0.000102367 0.000103646 0.000104589 0.000105209 0.000105525 0.000105551 0.000105307 0.000104809 0.000104076 0.000103125 0.000101974 0.000100641 9.91411e-05 9.74923e-05 9.57101e-05 9.38101e-05 9.18068e-05 8.97144e-05 8.75462e-05 8.53148e-05 8.30323e-05 8.07097e-05 7.83576e-05 7.59857e-05 7.36029e-05 7.12177e-05 6.88377e-05 6.64699e-05 6.41206e-05 6.17957e-05 5.95002e-05 5.7239e-05 5.50159e-05 5.28348e-05 5.06986e-05 4.86102e-05 4.65718e-05 4.45853e-05 4.26523e-05 4.0774e-05 3.89513e-05 3.71849e-05 3.54751e-05 3.38221e-05 3.22258e-05 3.06859e-05 2.92021e-05 2.77738e-05 2.64001e-05 2.50802e-05 2.38133e-05 2.25982e-05 2.14339e-05 2.0319e-05 1.92524e-05 1.82328e-05 1.72589e-05 1.63291e-05 1.54423e-05 1.4597e-05 1.37917e-05 1.30252e-05 1.22959e-05 1.16026e-05 1.09438e-05 1.03182e-05 9.72442e-06 9.16121e-06 8.62727e-06 8.12136e-06 7.64225e-06 7.18876e-06 6.75972e-06 6.35402e-06 5.97058e-06 5.60834e-06 5.26629e-06 4.94344e-06 4.63886e-06 4.35163e-06 4.08088e-06 3.82578e-06 3.58551e-06 3.3593e-06 3.14642e-06
4.48263e-05 3.49387e-05 4.11002e-05 4.70953e-05 5.28802e-05 5.84177e-05 6.36766e-05 6.86313e-05 7.32617e-05 7.75523e-05 8.14924e-05 8.5075e-05 8.82971e-05 9.11586e-05 9.36627e-05 9.58147e-05 9.76226e-05 9.90961e-05 0.000100246 0.000101086 0.000101629 0.00010189 0.000101884 0.000101627 0.000101134 0.000100423 9.95091e-05 9.84085e-05 9.7137e-05 9.57101e-05 9.41431e-05 9.24505e-05 9.06465e-05 8.87448e-05 8.67582e-05 8.46993e-05 8.25796e-05 8.04104e-05 7.82021e-05 7.59644e-05 7.37064e-05 7.14367e-05 6.91631e-05 6.68928e-05 6.46324e-05 6.23881e-05 6.01653e-05 5.79689e-05 5.58035e-05 5.36729e-05 5.15807e-05 4.953e-05 4.75234e-05 4.55631e-05 4.36511e-05 4.1789e-05 3.9978e-05 3.82191e-05 3.6513e-05 3.48601e-05 3.32607e-05 3.17149e-05 3.02223e-05 2.87828e-05 2.73958e-05 2.60608e-05 2.47769e-05 2.35435e-05 2.23594e-05 2.12237e-05 2.01354e-05 1.90933e-05 1.80962e-05 1.71428e-05 1.6232e-05 1.53624e-05 1.45328e-05 1.37418e-05 1.29882e-05 1.22706e-05 1.15877e-05 1.09383e-05 1.03211e-05 9.73474e-06 9.1781e-06 8.64994e-06 8.14905e-06 7.6743e-06 7.22453e-06 6.79866e-06 6.3956e-06 6.01433e-06 5.65383e-06 5.31313e-06 4.99128e-06 4.68738e-06 4.40056e-06 4.12996e-06 3.87478e-06 3.63424e-06 3.40758e-06
3.96899e-05 3.14349e-05 3.72226e-05 4.28936e-05 4.84037e-05 5.37148e-05 5.87941e-05 6.36143e-05 6.81528e-05 7.2392e-05 7.63181e-05 7.99215e-05 8.31962e-05 8.61392e-05 8.87507e-05 9.10333e-05 9.29919e-05 9.46336e-05 9.59668e-05 9.70019e-05 9.77502e-05 9.82241e-05 9.84367e-05 9.84019e-05 9.8134e-05 9.76476e-05 9.69572e-05 9.60778e-05 9.50239e-05 9.38101e-05 9.24505e-05 9.09591e-05 8.93494e-05 8.76345e-05 8.58268e-05 8.39385e-05 8.19809e-05 7.99651e-05 7.79014e-05 7.57995e-05 7.36685e-05 7.15171e-05 6.93531e-05 6.7184e-05 6.50167e-05 6.28573e-05 6.07117e-05 5.85851e-05 5.64822e-05 5.44074e-05 5.23643e-05 5.03565e-05 4.83869e-05 4.64581e-05 4.45723e-05 4.27314e-05 4.09371e-05 3.91906e-05 3.74928e-05 3.58447e-05 3.42466e-05 3.26989e-05 3.12018e-05 2.97551e-05 2.83585e-05 2.70118e-05 2.57144e-05 2.44657e-05 2.3265e-05 2.21114e-05 2.10039e-05 1.99418e-05 1.89238e-05 1.7949e-05 1.70162e-05 1.61242e-05 1.52719e-05 1.4458e-05 1.36814e-05 1.29409e-05 1.22351e-05 1.1563e-05 1.09232e-05 1.03146e-05 9.73598e-06 9.18621e-06 8.66412e-06 8.16858e-06 7.6985e-06 7.25279e-06 6.8304e-06 6.43031e-06 6.05153e-06 5.69308e-06 5.35404e-06 5.0335e-06 4.73059e-06 4.44446e-06 4.17429e-06 3.91931e-06 3.67875e-06
3.5142e-05 2.82754e-05 3.36996e-05 3.90506e-05 4.42847e-05 4.93631e-05 5.42526e-05 5.89242e-05 6.3354e-05 6.75221e-05 7.14129e-05 7.50141e-05 7.83174e-05 8.13173e-05 8.40112e-05 8.63994e-05 8.8484e-05 9.02697e-05 9.17626e-05 9.29705e-05 9.39026e-05 9.45692e-05 9.49815e-05 9.51515e-05 9.50916e-05 9.48149e-05 9.43346e-05 9.36642e-05 9.28171e-05 9.18068e-05 9.06465e-05 8.93494e-05 8.79283e-05 8.63955e-05 8.47631e-05 8.30429e-05 8.12458e-05 7.93827e-05 7.74636e-05 7.54982e-05 7.34956e-05 7.14644e-05 6.94126e-05 6.73478e-05 6.52768e-05 6.32061e-05 6.11417e-05 5.90892e-05 5.70533e-05 5.50388e-05 5.30496e-05 5.10895e-05 4.91617e-05 4.72692e-05 4.54144e-05 4.35996e-05 4.18267e-05 4.00971e-05 3.84124e-05 3.67734e-05 3.51809e-05 3.36356e-05 3.21378e-05 3.06877e-05 2.92854e-05 2.79305e-05 2.6623e-05 2.53623e-05 2.41479e-05 2.29791e-05 2.18553e-05 2.07757e-05 1.97393e-05 1.87452e-05 1.77924e-05 1.688e-05 1.60067e-05 1.51716e-05 1.43736e-05 1.36114e-05 1.28841e-05 1.21903e-05 1.1529e-05 1.08991e-05 1.02993e-05 9.72871e-06 9.18607e-06 8.67033e-06 8.18042e-06 7.71529e-06 7.27392e-06 6.85531e-06 6.45848e-06 6.08248e-06 5.72638e-06 5.38929e-06 5.07034e-06 4.76868e-06 4.48351e-06 4.21403e-06 3.9595e-06
