0.0451118 0.0300745 0.0200497 0.0133664 0.00891097 0.00594064 0.00396043 0.00264029 0.00176019 0.00117346 0.000782307 0.000521538 0.000347692 0.000231795 0.00015453 0.00010302 6.86799e-05 4.57866e-05 3.05244e-05 2.03496e-05 1.35664e-05 9.04427e-06 6.02951e-06 4.01967e-06 2.67978e-06 1.78652e-06 1.19101e-06 7.9401e-07 5.2934e-07 3.52893e-07 2.35262e-07 1.56841e-07 1.04561e-07 6.97073e-08 4.64715e-08 3.0981e-08 2.0654e-08 1.37693e-08 9.17956e-09 6.11971e-09 4.07981e-09 2.71987e-09 1.81325e-09 1.20883e-09 8.05887e-10 5.37258e-10 3.58172e-10 2.38781e-10 1.59188e-10 1.06125e-10 7.07501e-11 4.71667e-11 3.14445e-11 2.0963e-11 1.39753e-11 9.31688e-12 6.21125e-12 4.14084e-12 2.76056e-12 1.84037e-12 1.22691e-12 8.17943e-13 5.45295e-13 3.6353e-13 2.42353e-13 1.61569e-13 1.07713e-13 7.18084e-14 4.78723e-14 3.19149e-14 2.12766e-14 1.41844e-14 9.45625e-15 6.30417e-15 4.20278e-15 2.80185e-15 1.8679e-15 1.24527e-15 8.30179e-16 5.53452e-16 3.68968e-16 2.45979e-16 1.63986e-16 1.09324e-16 7.28826e-17 4.85884e-17 3.23923e-17 2.15949e-17 1.43966e-17 9.59771e-18 6.39847e-18 4.26565e-18 2.84377e-18 1.89584e-18 1.2639e-18 8.42598e-19 5.61732e-19 3.74488e-19 2.49659e-19 1.66439e-19 1.10959e-19
0.0300745 0.023027 0.0173362 0.0128808 0.00946935 0.00690102 0.00499276 0.00358989 0.00256752 0.00182785 0.00129601 0.000915641 0.000644849 0.000452847 0.000317196 0.000221663 0.000154574 0.000107582 7.47435e-05 5.18436e-05 3.59055e-05 2.48324e-05 1.71518e-05 1.18325e-05 8.15362e-06 5.61261e-06 3.85965e-06 2.65171e-06 1.82021e-06 1.24841e-06 8.55563e-07 5.85903e-07 4.00953e-07 2.74203e-07 1.87403e-07 1.28002e-07 8.73795e-08 5.96162e-08 4.06529e-08 2.77078e-08 1.88757e-08 1.28531e-08 8.74824e-09 5.95183e-09 4.04767e-09 2.75163e-09 1.86988e-09 1.27023e-09 8.62577e-10 5.85558e-10 3.97376e-10 2.69587e-10 1.82838e-10 1.23967e-10 8.40282e-11 5.69412e-11 3.85757e-11 2.61271e-11 1.76913e-11 1.19764e-11 8.10574e-12 5.4848e-12 3.71052e-12 2.50967e-12 1.69711e-12 1.1474e-12 7.75596e-13 5.24173e-13 3.54188e-13 2.39285e-13 1.6163e-13 1.09157e-13 7.37077e-14 4.97626e-14 3.35911e-14 2.26715e-14 1.52992e-14 1.03228e-14 6.96403e-15 4.69748e-15 3.16818e-15 2.13647e-15 1.44055e-15 9.71189e-16 6.54674e-16 4.4126e-16 2.9738e-16 2.00391e-16 1.35019e-16 9.09631e-17 6.12755e-17 4.12726e-17 2.77966e-17 1.87188e-17 1.26043e-17 8.48628e-18 5.71313e-18 3.84583e-18 2.5886e-18 1.74221e-18 1.17246e-18
0.0200497 0.0173362 0.0144005 0.0116267 0.00918938 0.0071433 0.00547905 0.00415648 0.00312409 0.00232963 0.00172535 0.00127019 0.000930174 0.000677974 0.000492069 0.00035578 0.000256349 0.000184123 0.000131864 9.41852e-05 6.71072e-05 4.77048e-05 3.384e-05 2.39573e-05 1.69294e-05 1.19423e-05 8.41055e-06 5.91418e-06 4.15273e-06 2.91191e-06 2.03919e-06 1.42628e-06 9.96424e-07 6.95346e-07 4.84728e-07 3.37565e-07 2.34855e-07 1.63246e-07 1.13371e-07 7.86676e-08 5.4543e-08 3.77873e-08 2.61595e-08 1.80968e-08 1.25106e-08 8.64297e-09 5.96723e-09 4.11732e-09 2.83922e-09 1.95675e-09 1.34781e-09 9.27883e-10 6.38456e-10 4.39088e-10 3.0183e-10 2.0738e-10 1.42422e-10 9.7767e-11 6.70846e-11 4.60121e-11 3.15462e-11 2.16197e-11 1.48111e-11 1.0143e-11 6.94362e-12 4.75175e-12 3.25067e-12 2.22304e-12 1.51978e-12 1.03867e-12 7.09644e-13 4.847e-13 3.30961e-13 2.25922e-13 1.54176e-13 1.05186e-13 7.17436e-14 4.8921e-14 3.33501e-14 2.27295e-14 1.54874e-14 1.05503e-14 7.18534e-15 4.89252e-15 3.33059e-15 2.26681e-15 1.54246e-15 1.04936e-15 7.1375e-16 4.85378e-16 3.30011e-16 2.24333e-16 1.52467e-16 1.03604e-16 7.03885e-17 4.78131e-17 3.24726e-17 2.20502e-17 1.49704e-17 1.01621e-17 6.89705e-18
0.0133664 0.0128808 0.0116267 0.0100525 0.00842783 0.00690308 0.0055514 0.0043984 0.00344199 0.00266545 0.00204557 0.00155756 0.00117779 0.000885155 0.000661573 0.000492014 0.000364266 0.000268579 0.000197281 0.000144408 0.000105366 7.66508e-05 5.56069e-05 4.02362e-05 2.90439e-05 2.09173e-05 1.50324e-05 1.07814e-05 7.71792e-06 5.51497e-06 3.93411e-06 2.80187e-06 1.99243e-06 1.41476e-06 1.00317e-06 7.10383e-07 5.02409e-07 3.5489e-07 2.50394e-07 1.7647e-07 1.24237e-07 8.73749e-08 6.13892e-08 4.30907e-08 3.02189e-08 2.11733e-08 1.48228e-08 1.03685e-08 7.24696e-09 5.06132e-09 3.53223e-09 2.46334e-09 1.71671e-09 1.19558e-09 8.32101e-10 5.78761e-10 4.02307e-10 2.79484e-10 1.94046e-10 1.34651e-10 9.3385e-11 6.47313e-11 4.48464e-11 3.10544e-11 2.14935e-11 1.4869e-11 1.02815e-11 7.10617e-12 4.90934e-12 3.39019e-12 2.34014e-12 1.61467e-12 1.11365e-12 7.67799e-13 5.29151e-13 3.64544e-13 2.51051e-13 1.7283e-13 1.1894e-13 8.18251e-14 5.62731e-14 3.86878e-14 2.65894e-14 1.82687e-14 1.2548e-14 8.61607e-15 5.91449e-15 4.05883e-15 2.78459e-15 1.90987e-15 1.30956e-15 8.97706e-16 6.15218e-16 4.21514e-16 2.88727e-16 1.97722e-16 1.35368e-16 9.26565e-17 6.34065e-17 4.33803e-17 2.96724e-17
0.00891097 0.00946935 0.00918938 0.00842783 0.0074328 0.00636778 0.00533369 0.00438716 0.00355488 0.00284428 0.00225117 0.00176502 0.00137242 0.00105932 0.000812281 0.000619161 0.000469418 0.000354143 0.000265974 0.000198928 0.000148212 0.000110033 8.14187e-05 6.00591e-05 4.41748e-05 3.24032e-05 2.37077e-05 1.73038e-05 1.2601e-05 9.15649e-06 6.63995e-06 4.8057e-06 3.47173e-06 2.50364e-06 1.80247e-06 1.29559e-06 9.29822e-07 6.66341e-07 4.7685e-07 3.40786e-07 2.43232e-07 1.73387e-07 1.23451e-07 8.77954e-08 6.23687e-08 4.42585e-08 3.13746e-08 2.22191e-08 1.57201e-08 1.11117e-08 7.84721e-09 5.53694e-09 3.90353e-09 2.74973e-09 1.93542e-09 1.36122e-09 9.56654e-10 6.71841e-10 4.71489e-10 3.30657e-10 2.31737e-10 1.62304e-10 1.13603e-10 7.94666e-11 5.55543e-11 3.88148e-11 2.71038e-11 1.89156e-11 1.3194e-11 9.19822e-12 6.40924e-12 4.46366e-12 3.10714e-12 2.16184e-12 1.50342e-12 1.04506e-12 7.26112e-13 5.04286e-13 3.50077e-13 2.42923e-13 1.68497e-13 1.16827e-13 8.09699e-14 5.60964e-14 3.88492e-14 2.68948e-14 1.86122e-14 1.28757e-14 8.90414e-15 6.15552e-15 4.25394e-15 2.93884e-15 2.02964e-15 1.40127e-15 9.67147e-16 6.67312e-16 4.60293e-16 3.17404e-16 2.18808e-16 1.50796e-16 1.03895e-16
0.00594064 0.00690102 0.0071433 0.00690308 0.00636778 0.00567747 0.00493091 0.00419354 0.00350532 0.00288774 0.00234954 0.00189109 0.00150771 0.00119197 0.000935272 0.000728885 0.00056455 0.000434813 0.000333168 0.000254074 0.000192907 0.00014587 0.000109884 8.24832e-05 6.17096e-05 4.60241e-05 3.4225e-05 2.53805e-05 1.87724e-05 1.38505e-05 1.01951e-05 7.48767e-06 5.48757e-06 4.01361e-06 2.9299e-06 2.13485e-06 1.55281e-06 1.12755e-06 8.17424e-07 5.91679e-07 4.27638e-07 3.08634e-07 2.22439e-07 1.60103e-07 1.15089e-07 8.26286e-08 5.92527e-08 4.2441e-08 3.03654e-08 2.17022e-08 1.54944e-08 1.10512e-08 7.87437e-09 5.60546e-09 3.98663e-09 2.83278e-09 2.01115e-09 1.42662e-09 1.01115e-09 7.16105e-10 5.06759e-10 3.58342e-10 2.53207e-10 1.7879e-10 1.26156e-10 8.89561e-11 6.2684e-11 4.41425e-11 3.10658e-11 2.18495e-11 1.53581e-11 1.0789e-11 7.57482e-12 5.31523e-12 3.72763e-12 2.61283e-12 1.83046e-12 1.28171e-12 8.97011e-13 6.2747e-13 4.38712e-13 3.06593e-13 2.14162e-13 1.4953e-13 1.04357e-13 7.27987e-14 5.07624e-14 3.53817e-14 2.46511e-14 1.7168e-14 1.19518e-14 8.31721e-15 5.78571e-15 4.02321e-15 2.7966e-15 1.94326e-15 1.34983e-15 9.37294e-16 6.50615e-16 4.51467e-16 3.13174e-16
0.00396043 0.00499276 0.00547905 0.0055514 0.00533369 0.00493091 0.00442594 0.00388024 0.00333668 0.00282304 0.00235554 0.00194191 0.00158408 0.00128011 0.00102583 0.000815859 0.00064443 0.000505844 0.000394788 0.000306489 0.000236778 0.000182094 0.000139448 0.000106369 8.08371e-05 6.12205e-05 4.62127e-05 3.47765e-05 2.60942e-05 1.95255e-05 1.4572e-05 1.08482e-05 8.05684e-06 5.97022e-06 4.41448e-06 3.25742e-06 2.39889e-06 1.76331e-06 1.29377e-06 9.47618e-07 6.92919e-07 5.05864e-07 3.68735e-07 2.68378e-07 1.95054e-07 1.41567e-07 1.02609e-07 7.42764e-08 5.36996e-08 3.87762e-08 2.79673e-08 2.01485e-08 1.44997e-08 1.04234e-08 7.48534e-09 5.37003e-09 3.84873e-09 2.75579e-09 1.9714e-09 1.409e-09 1.00617e-09 7.17893e-10 5.11787e-10 3.6456e-10 2.59482e-10 1.84549e-10 1.31157e-10 9.31437e-11 6.61008e-11 4.68768e-11 3.32211e-11 2.35279e-11 1.66521e-11 1.17782e-11 8.32572e-12 5.88166e-12 4.1526e-12 2.93014e-12 2.06638e-12 1.45643e-12 1.02597e-12 7.22344e-13 5.08309e-13 3.57511e-13 2.51323e-13 1.76588e-13 1.24016e-13 8.70546e-14 6.10805e-14 4.28366e-14 3.00284e-14 2.10406e-14 1.47366e-14 1.0317e-14 7.21983e-15 5.05037e-15 3.53138e-15 2.46828e-15 1.72455e-15 1.20446e-15 8.40897e-16
0.00264029 0.00358989 0.00415648 0.0043984 0.00438716 0.00419354 0.00388024 0.00349868 0.00308845 0.00267824 0.00228749 0.00192816 0.00160658 0.00132498 0.00108275 0.000877521 0.000705876 0.000563932 0.000447713 0.000353395 0.00027746 0.000216762 0.000168561 0.000130513 0.000100645 7.7318e-05 5.91853e-05 4.51522e-05 3.43366e-05 2.60328e-05 1.96806e-05 1.48378e-05 1.11576e-05 8.36951e-06 6.26326e-06 4.67648e-06 3.48416e-06 2.59046e-06 1.92218e-06 1.42357e-06 1.05237e-06 7.76594e-07 5.7211e-07 4.2078e-07 3.0899e-07 2.26554e-07 1.65867e-07 1.21263e-07 8.85324e-08 6.45501e-08 4.70036e-08 3.4184e-08 2.48307e-08 1.80154e-08 1.30558e-08 9.45109e-09 6.83429e-09 4.93685e-09 3.56258e-09 2.56833e-09 1.84977e-09 1.33099e-09 9.56837e-10 6.87248e-10 4.93187e-10 3.53624e-10 2.53346e-10 1.81357e-10 1.29722e-10 9.27173e-11 6.62186e-11 4.72586e-11 3.37031e-11 2.4019e-11 1.71057e-11 1.21741e-11 8.65859e-12 6.15429e-12 4.37155e-12 3.10331e-12 2.20167e-12 1.56107e-12 1.10622e-12 7.83453e-13 5.54552e-13 3.92315e-13 2.77392e-13 1.96031e-13 1.38462e-13 9.77503e-14 6.89745e-14 4.8646e-14 3.42924e-14 2.41626e-14 1.70172e-14 1.19794e-14 8.42923e-15 5.92857e-15 4.16797e-15 2.92897e-15 2.05742e-15
0.00176019 0.00256752 0.00312409 0.00344199 0.00355488 0.00350532 0.00333668 0.00308845 0.00279387 0.00247927 0.00216427 0.0018626 0.00158308 0.0013307 0.00110754 0.000913611 0.000747565 0.000607196 0.000489855 0.000392732 0.000313054 0.000248207 0.000195813 0.00015376 0.000120211 9.35975e-05 7.25945e-05 5.60994e-05 4.32031e-05 3.31627e-05 2.53769e-05 1.93618e-05 1.4731e-05 1.11778e-05 8.45996e-06 6.38732e-06 4.8112e-06 3.61588e-06 2.71169e-06 2.0294e-06 1.51577e-06 1.12998e-06 8.40828e-07 6.24559e-07 4.63124e-07 3.4285e-07 2.53406e-07 1.87008e-07 1.37802e-07 1.01397e-07 7.4505e-08 5.46711e-08 4.00644e-08 2.93228e-08 2.14346e-08 1.56495e-08 1.14125e-08 8.31316e-09 6.04884e-09 4.39653e-09 3.19223e-09 2.31545e-09 1.67781e-09 1.2146e-09 8.78438e-10 6.34731e-10 4.58224e-10 3.3051e-10 2.38188e-10 1.7151e-10 1.23398e-10 8.87108e-11 6.37245e-11 4.57409e-11 3.28079e-11 2.35144e-11 1.68414e-11 1.20537e-11 8.62109e-12 6.16187e-12 4.40126e-12 3.14168e-12 2.24115e-12 1.59776e-12 1.13838e-12 8.10596e-13 5.76856e-13 4.1028e-13 2.91641e-13 2.07194e-13 1.47119e-13 1.04407e-13 7.40565e-14 5.25016e-14 3.72016e-14 2.63473e-14 1.86508e-14 1.31962e-14 9.33251e-15 6.59697e-15 4.66114e-15
0.00117346 0.00182785 0.00232963 0.00266545 0.00284428 0.00288774 0.00282304 0.00267824 0.00247927 0.00224837 0.00200349 0.00175833 0.00152272 0.00130317 0.00110354 0.000925627 0.000769709 0.000635025 0.000520129 0.000423191 0.000342202 0.000275133 0.000220031 0.000175089 0.000138677 0.000109357 8.58792e-05 6.71794e-05 5.23578e-05 4.06637e-05 3.14768e-05 2.42886e-05 1.86857e-05 1.43341e-05 1.09659e-05 8.36717e-06 6.36832e-06 4.83536e-06 3.66295e-06 2.76868e-06 2.08828e-06 1.57187e-06 1.18083e-06 8.85387e-07 6.62646e-07 4.95063e-07 3.6923e-07 2.74925e-07 2.04379e-07 1.517e-07 1.1243e-07 8.32048e-08 6.14895e-08 4.53794e-08 3.34455e-08 2.46182e-08 1.8098e-08 1.32884e-08 9.74544e-09 7.13883e-09 5.22353e-09 3.8179e-09 2.78754e-09 2.03313e-09 1.48139e-09 1.0783e-09 7.84142e-10 5.69688e-10 4.13504e-10 2.99869e-10 2.1727e-10 1.57288e-10 1.1377e-10 8.22241e-11 5.93776e-11 4.28453e-11 3.08923e-11 2.22571e-11 1.60238e-11 1.15278e-11 8.28747e-12 5.95379e-12 4.27434e-12 3.06658e-12 2.19864e-12 1.57535e-12 1.12804e-12 8.07235e-13 5.77316e-13 4.12636e-13 2.94759e-13 2.10434e-13 1.50148e-13 1.07073e-13 7.63144e-14 5.43624e-14 3.87044e-14 2.75422e-14 1.95891e-14 1.39255e-14 9.89451e-15
0.000782307 0.00129601 0.00172535 0.00204557 0.00225117 0.00234954 0.00235554 0.00228749 0.00216427 0.00200349 0.00182044 0.00162764 0.0014348 0.00124905 0.00107522 0.000916266 0.000773684 0.000647847 0.000538329 0.000444173 0.000364096 0.000296647 0.00024033 0.000193676 0.000155307 0.000123961 9.85079e-05 7.79577e-05 6.14532e-05 4.82634e-05 3.77711e-05 2.94609e-05 2.29058e-05 1.77551e-05 1.37227e-05 1.05766e-05 8.13008e-06 6.23357e-06 4.76776e-06 3.63807e-06 2.76978e-06 2.10413e-06 1.59511e-06 1.20678e-06 9.11216e-07 6.86744e-07 5.16628e-07 3.87969e-07 2.90855e-07 2.1769e-07 1.6267e-07 1.21368e-07 9.04165e-08 6.72602e-08 4.99636e-08 3.70639e-08 2.7458e-08 2.03152e-08 1.50115e-08 1.10787e-08 8.16653e-09 6.0128e-09 4.42203e-09 3.24851e-09 2.38383e-09 1.74747e-09 1.27966e-09 9.36145e-10 6.84171e-10 4.99538e-10 3.64388e-10 2.65559e-10 1.93361e-10 1.40668e-10 1.02246e-10 7.42566e-11 5.38846e-11 3.90701e-11 2.83062e-11 2.04919e-11 1.48236e-11 1.07152e-11 7.73987e-12 5.5867e-12 4.02969e-12 2.90463e-12 2.09226e-12 1.5061e-12 1.08345e-12 7.78907e-13 5.59617e-13 4.01817e-13 2.88339e-13 2.06786e-13 1.48212e-13 1.06169e-13 7.60089e-14 5.43866e-14 3.88939e-14 2.77995e-14 1.98593e-14
0.000521538 0.000915641 0.00127019 0.00155756 0.00176502 0.00189109 0.00194191 0.00192816 0.0018626 0.00175833 0.00162764 0.00148125 0.00132806 0.00117508 0.0010275 0.000888934 0.000761656 0.000646871 0.000544959 0.000455693 0.000378431 0.000312262 0.00025613 0.000208919 0.000169522 0.00013688 0.000110013 8.80338e-05 7.01553e-05 5.56891e-05 4.40418e-05 3.47075e-05 2.72596e-05 2.13412e-05 1.66566e-05 1.29621e-05 1.00588e-05 7.78481e-06 6.00932e-06 4.62726e-06 3.55454e-06 2.72424e-06 2.08327e-06 1.58971e-06 1.21058e-06 9.20038e-07 6.97883e-07 5.28386e-07 3.99335e-07 3.01278e-07 2.26915e-07 1.70627e-07 1.28098e-07 9.6021e-08 7.18687e-08 5.37133e-08 4.00875e-08 2.98771e-08 2.22375e-08 1.65298e-08 1.22716e-08 9.09899e-09 6.73849e-09 4.98451e-09 3.68285e-09 2.71806e-09 2.00383e-09 1.4757e-09 1.08563e-09 7.9786e-10 5.85784e-10 4.29662e-10 3.14849e-10 2.30501e-10 1.68597e-10 1.23208e-10 8.99594e-11 6.56273e-11 4.78364e-11 3.48399e-11 2.53539e-11 1.84362e-11 1.33956e-11 9.72574e-12 7.05603e-12 5.11542e-12 3.70588e-12 2.68284e-12 1.94089e-12 1.40317e-12 1.01375e-12 7.31928e-13 5.28112e-13 3.80811e-13 2.74425e-13 1.97639e-13 1.42253e-13 1.02328e-13 7.35655e-14 5.28575e-14 3.79573e-14
0.000347692 0.000644849 0.000930174 0.00117779 0.00137242 0.00150771 0.00158408 0.00160658 0.00158308 0.00152272 0.0014348 0.00132806 0.00121018 0.00108758 0.000965348 0.000847335 0.000736248 0.000633835 0.000541057 0.000458263 0.000385341 0.000321853 0.000267148 0.000220447 0.000180915 0.000147708 0.000120013 9.70638e-05 7.81635e-05 6.26851e-05 5.0076e-05 3.9855e-05 3.16081e-05 2.49833e-05 1.96834e-05 1.54601e-05 1.21072e-05 9.45461e-06 7.36316e-06 5.71942e-06 4.43148e-06 3.42528e-06 2.64139e-06 2.03233e-06 1.56032e-06 1.19544e-06 9.14028e-07 6.97499e-07 5.31258e-07 4.03897e-07 3.06524e-07 2.32226e-07 1.75643e-07 1.32631e-07 9.99947e-08 7.52736e-08 5.65799e-08 4.24671e-08 3.18296e-08 2.38239e-08 1.7808e-08 1.32939e-08 9.91146e-09 7.38049e-09 5.4892e-09 4.07775e-09 3.02575e-09 2.24263e-09 1.66037e-09 1.22797e-09 9.07221e-10 6.69568e-10 4.93674e-10 3.63631e-10 2.67586e-10 1.96725e-10 1.44495e-10 1.06037e-10 7.7746e-11 5.69538e-11 4.16868e-11 3.0487e-11 2.22779e-11 1.62663e-11 1.18676e-11 8.65166e-12 6.30246e-12 4.58773e-12 3.3371e-12 2.42566e-12 1.76192e-12 1.27892e-12 9.27691e-13 6.72473e-13 4.87149e-13 3.52671e-13 2.55154e-13 1.84486e-13 1.33309e-13 9.62704e-14 6.94815e-14
0.000231795 0.000452847 0.000677974 0.000885155 0.00105932 0.00119197 0.00128011 0.00132498 0.0013307 0.00130317 0.00124905 0.00117508 0.00108758 0.000992115 0.000893387 0.00079515 0.000700262 0.000610769 0.000528012 0.000452757 0.000385304 0.000325608 0.000273367 0.000228108 0.000189255 0.000156176 0.000128226 0.000104775 8.52258e-05 6.90267e-05 5.56789e-05 4.47382e-05 3.58147e-05 2.857e-05 2.27142e-05 1.80004e-05 1.42209e-05 1.12018e-05 8.79859e-06 6.89211e-06 5.38458e-06 4.19617e-06 3.26209e-06 2.52999e-06 1.95775e-06 1.51163e-06 1.1647e-06 8.95555e-07 6.87243e-07 5.26375e-07 4.02413e-07 3.0709e-07 2.33937e-07 1.77908e-07 1.35075e-07 1.0239e-07 7.74928e-08 5.85609e-08 4.41888e-08 3.32961e-08 2.50534e-08 1.88255e-08 1.41269e-08 1.05874e-08 7.92459e-09 5.9242e-09 4.42343e-09 3.29896e-09 2.45751e-09 1.82862e-09 1.35918e-09 1.00916e-09 7.48498e-10 5.5459e-10 4.10503e-10 3.03552e-10 2.24249e-10 1.65507e-10 1.22039e-10 8.99062e-11 6.61748e-11 4.8665e-11 3.57577e-11 2.62517e-11 1.92569e-11 1.41145e-11 1.03371e-11 7.56477e-12 5.53171e-12 4.042e-12 2.9513e-12 2.15336e-12 1.57003e-12 1.14392e-12 8.32888e-13 6.06013e-13 4.40645e-13 3.20192e-13 2.32516e-13 1.68741e-13 1.22382e-13
0.00015453 0.000317196 0.000492069 0.000661573 0.000812281 0.000935272 0.00102583 0.00108275 0.00110754 0.00110354 0.00107522 0.0010275 0.000965348 0.000893387 0.000815722 0.000735817 0.000656466 0.000579812 0.000507407 0.000440285 0.00037905 0.000323955 0.00027499 0.000231945 0.000194473 0.000162144 0.000134476 0.000110974 9.11482e-05 7.453e-05 6.06831e-05 4.92095e-05 3.97518e-05 3.1994e-05 2.56599e-05 2.05108e-05 1.63423e-05 1.29809e-05 1.02804e-05 8.11856e-06 6.39381e-06 5.02222e-06 3.93485e-06 3.07537e-06 2.39795e-06 1.86549e-06 1.44805e-06 1.12163e-06 8.66999e-07 6.68832e-07 5.1496e-07 3.95742e-07 3.03569e-07 2.32452e-07 1.7769e-07 1.35601e-07 1.03314e-07 7.85897e-08 5.96903e-08 4.52679e-08 3.42801e-08 2.59224e-08 1.95751e-08 1.47621e-08 1.11177e-08 8.36224e-09 6.2818e-09 4.71314e-09 3.53196e-09 2.64369e-09 1.97655e-09 1.4761e-09 1.10115e-09 8.20562e-10 6.10828e-10 4.54234e-10 3.37444e-10 2.50435e-10 1.85681e-10 1.3754e-10 1.01785e-10 7.52565e-11 5.55924e-11 4.10304e-11 3.02567e-11 2.22931e-11 1.64119e-11 1.20724e-11 8.87325e-12 6.51672e-12 4.78234e-12 3.50689e-12 2.56969e-12 1.88157e-12 1.37673e-12 1.00662e-12 7.35503e-13 5.37037e-13 3.9186e-13 2.8574e-13 2.08222e-13
0.00010302 0.000221663 0.00035578 0.000492014 0.000619161 0.000728885 0.000815859 0.000877521 0.000913611 0.000925627 0.000916266 0.000888934 0.000847335 0.00079515 0.000735817 0.000672383 0.000607433 0.00054306 0.000480885 0.000422088 0.000367468 0.000317499 0.000272393 0.000232157 0.000196642 0.000165593 0.000138683 0.000115547 9.57989e-05 7.9058e-05 6.49552e-05 5.31446e-05 4.33078e-05 3.51574e-05 2.84369e-05 2.29209e-05 1.84133e-05 1.47448e-05 1.17709e-05 9.36907e-06 7.43616e-06 5.88588e-06 4.64652e-06 3.6588e-06 2.87398e-06 2.25215e-06 1.76082e-06 1.37362e-06 1.06927e-06 8.30625e-07 6.4394e-07 4.98237e-07 3.84771e-07 2.96598e-07 2.28221e-07 1.75303e-07 1.34427e-07 1.02912e-07 7.86598e-08 6.0029e-08 4.57413e-08 3.48027e-08 2.64417e-08 2.0061e-08 1.51992e-08 1.15002e-08 8.69e-09 6.55812e-09 4.94305e-09 3.72118e-09 2.79799e-09 2.10138e-09 1.5764e-09 1.18125e-09 8.8418e-10 6.61111e-10 4.93801e-10 3.68453e-10 2.74647e-10 2.04521e-10 1.52153e-10 1.13086e-10 8.39719e-11 6.22962e-11 4.61742e-11 3.41944e-11 2.53008e-11 1.87045e-11 1.38164e-11 1.01974e-11 7.52025e-12 5.54158e-12 4.08034e-12 3.00212e-12 2.20716e-12 1.62151e-12 1.19039e-12 8.7327e-13 6.40181e-13 4.68983e-13 3.43333e-13
6.86799e-05 0.000154574 0.000256349 0.000364266 0.000469418 0.00056455 0.00064443 0.000705876 0.000747565 0.000769709 0.000773684 0.000761656 0.000736248 0.000700262 0.000656466 0.000607433 0.00055545 0.00050246 0.000450045 0.000399433 0.00035153 0.000306953 0.000266075 0.000229069 0.000195948 0.000166609 0.000140861 0.000118454 9.91073e-05 8.25223e-05 6.83992e-05 5.64472e-05 4.63911e-05 3.7976e-05 3.09701e-05 2.51656e-05 2.03783e-05 1.64469e-05 1.32318e-05 1.06126e-05 8.48683e-06 6.76763e-06 5.38195e-06 4.26872e-06 3.37714e-06 2.66522e-06 2.09838e-06 1.64829e-06 1.29187e-06 1.01034e-06 7.88504e-07 6.14132e-07 4.7738e-07 3.70371e-07 2.86815e-07 2.21709e-07 1.71082e-07 1.31789e-07 1.01353e-07 7.78195e-08 5.96562e-08 4.5662e-08 3.48982e-08 2.66328e-08 2.0296e-08 1.54454e-08 1.17381e-08 8.90877e-09 6.75266e-09 5.11188e-09 3.86499e-09 2.91869e-09 2.20147e-09 1.65857e-09 1.24813e-09 9.38211e-10 7.0448e-10 5.28412e-10 3.95933e-10 2.96364e-10 2.21611e-10 1.6555e-10 1.23551e-10 9.21195e-11 6.86201e-11 5.10686e-11 3.79722e-11 2.82095e-11 2.09387e-11 1.55286e-11 1.15068e-11 8.51955e-12 6.30275e-12 4.65906e-12 3.44134e-12 2.53995e-12 1.87324e-12 1.38051e-12 1.01664e-12 7.48143e-13 5.50166e-13
4.57866e-05 0.000107582 0.000184123 0.000268579 0.000354143 0.000434813 0.000505844 0.000563932 0.000607196 0.000635025 0.000647847 0.000646871 0.000633835 0.000610769 0.000579812 0.00054306 0.00050246 0.00045974 0.000416369 0.000373551 0.000332224 0.000293083 0.000256607 0.000223089 0.000192668 0.000165363 0.000141096 0.000119726 0.00010106 8.48817e-05 7.09571e-05 5.90509e-05 4.89325e-05 4.03825e-05 3.31966e-05 2.71876e-05 2.21868e-05 1.80438e-05 1.46261e-05 1.18183e-05 9.52047e-06 7.64693e-06 6.12475e-06 4.8922e-06 3.89742e-06 3.09703e-06 2.45496e-06 1.94139e-06 1.53171e-06 1.2058e-06 9.47179e-07 7.42468e-07 5.80817e-07 4.53463e-07 3.53354e-07 2.74832e-07 2.13371e-07 1.65362e-07 1.27935e-07 9.88129e-08 7.61957e-08 5.86619e-08 4.50928e-08 3.461e-08 2.65249e-08 2.02993e-08 1.5513e-08 1.1839e-08 9.02295e-09 6.86771e-09 5.22056e-09 3.96348e-09 3.0054e-09 2.27618e-09 1.72186e-09 1.30103e-09 9.81948e-10 7.403e-10 5.57514e-10 4.19413e-10 3.15192e-10 2.36627e-10 1.77467e-10 1.32967e-10 9.95293e-11 7.44296e-11 5.56079e-11 4.15079e-11 3.09553e-11 2.30651e-11 1.71712e-11 1.27725e-11 9.49264e-12 7.04923e-12 5.23051e-12 3.87795e-12 2.87289e-12 2.12668e-12 1.5731e-12 1.16275e-12 8.58816e-13
3.05244e-05 7.47435e-05 0.000131864 0.000197281 0.000265974 0.000333168 0.000394788 0.000447713 0.000489855 0.000520129 0.000538329 0.000544959 0.000541057 0.000528012 0.000507407 0.000480885 0.000450045 0.000416369 0.000381173 0.000345576 0.000310498 0.000276659 0.000244595 0.000214678 0.000187137 0.000162086 0.000139541 0.000119447 0.000101695 8.61388e-05 7.26076e-05 6.09189e-05 5.08867e-05 4.23279e-05 3.50671e-05 2.89401e-05 2.37955e-05 1.94964e-05 1.59198e-05 1.29569e-05 1.05123e-05 8.50319e-06 6.85801e-06 5.5156e-06 4.42391e-06 3.539e-06 2.82392e-06 2.2478e-06 1.78497e-06 1.41418e-06 1.11791e-06 8.81796e-07 6.94092e-07 5.45229e-07 4.27444e-07 3.34459e-07 2.61211e-07 2.03633e-07 1.58465e-07 1.23102e-07 9.54699e-08 7.39186e-08 5.71407e-08 4.4102e-08 3.39866e-08 2.61524e-08 2.00948e-08 1.54183e-08 1.18138e-08 9.03964e-09 6.90775e-09 5.27179e-09 4.01817e-09 3.05885e-09 2.32573e-09 1.76621e-09 1.33974e-09 1.01508e-09 7.68232e-10 5.80775e-10 4.38587e-10 3.3086e-10 2.49334e-10 1.87706e-10 1.41169e-10 1.06066e-10 7.96153e-11 5.97042e-11 4.47312e-11 3.34827e-11 2.50404e-11 1.87102e-11 1.39682e-11 1.04192e-11 7.76539e-12 5.78276e-12 4.30285e-12 3.19912e-12 2.37665e-12 1.76427e-12 1.30869e-12
2.03496e-05 5.18436e-05 9.41852e-05 0.000144408 0.000198928 0.000254074 0.000306489 0.000353395 0.000392732 0.000423191 0.000444173 0.000455693 0.000458263 0.000452757 0.000440285 0.000422088 0.000399433 0.000373551 0.000345576 0.000316516 0.000287228 0.000258418 0.000230642 0.000204314 0.000179724 0.000157052 0.000136388 0.000117748 0.000101091 8.6334e-05 7.33623e-05 6.20428e-05 5.22319e-05 4.3782e-05 3.65473e-05 3.03873e-05 2.51697e-05 2.07721e-05 1.70829e-05 1.40018e-05 1.14392e-05 9.31662e-06 7.5651e-06 6.12508e-06 4.94532e-06 3.982e-06 3.19797e-06 2.56181e-06 2.04719e-06 1.63206e-06 1.29812e-06 1.03021e-06 8.15825e-07 6.44694e-07 5.0842e-07 4.00155e-07 3.14336e-07 2.46459e-07 1.92885e-07 1.50688e-07 1.17518e-07 9.14942e-08 7.11158e-08 5.51872e-08 4.27591e-08 3.30789e-08 2.55519e-08 1.97087e-08 1.518e-08 1.16756e-08 8.96786e-09 6.8789e-09 5.26963e-09 4.03166e-09 3.08066e-09 2.35109e-09 1.79213e-09 1.36446e-09 1.03764e-09 7.88211e-10 5.98074e-10 4.53308e-10 3.43216e-10 2.59588e-10 1.96136e-10 1.48043e-10 1.11632e-10 8.40941e-11 6.32888e-11 4.7586e-11 3.57462e-11 2.68279e-11 2.01166e-11 1.5071e-11 1.12812e-11 8.43718e-12 6.30489e-12 4.70762e-12 3.51215e-12 2.61818e-12 1.95023e-12
1.35664e-05 3.59055e-05 6.71072e-05 0.000105366 0.000148212 0.000192907 0.000236778 0.00027746 0.000313054 0.000342202 0.000364096 0.000378431 0.000385341 0.000385304 0.00037905 0.000367468 0.00035153 0.000332224 0.000310498 0.000287228 0.000263186 0.000239036 0.000215322 0.000192472 0.000170809 0.000150558 0.000131862 0.000114791 9.93605e-05 8.55389e-05 7.32614e-05 6.24392e-05 5.29676e-05 4.47329e-05 3.76177e-05 3.15055e-05 2.62835e-05 2.1845e-05 1.80909e-05 1.49302e-05 1.22807e-05 1.00691e-05 8.2303e-06 6.70728e-06 5.45039e-06 4.41673e-06 3.56949e-06 2.87728e-06 2.31347e-06 1.85561e-06 1.48484e-06 1.18544e-06 9.44295e-07 7.50581e-07 5.95352e-07 4.71263e-07 3.72296e-07 2.93544e-07 2.31015e-07 1.81472e-07 1.423e-07 1.11388e-07 8.7044e-08 6.79074e-08 5.28923e-08 4.11322e-08 3.19375e-08 2.47608e-08 1.91685e-08 1.48179e-08 1.14386e-08 8.81785e-09 6.78837e-09 5.21909e-09 4.0074e-09 3.07313e-09 2.35375e-09 1.80058e-09 1.37578e-09 1.04997e-09 8.004e-10 6.09467e-10 4.6357e-10 3.52217e-10 2.67329e-10 2.02688e-10 1.5352e-10 1.16163e-10 8.78096e-11 6.63124e-11 5.00304e-11 3.77109e-11 2.83988e-11 2.13668e-11 1.60618e-11 1.20633e-11 9.05248e-12 6.78734e-12 5.08475e-12 3.80613e-12 2.84674e-12
9.04427e-06 2.48324e-05 4.77048e-05 7.66508e-05 0.000110033 0.00014587 0.000182094 0.000216762 0.000248207 0.000275133 0.000296647 0.000312262 0.000321853 0.000325608 0.000323955 0.000317499 0.000306953 0.000293083 0.000276659 0.000258418 0.000239036 0.000219114 0.000199161 0.000179601 0.000160767 0.000142908 0.000126202 0.00011076 9.6638e-05 8.38487e-05 7.23683e-05 6.21463e-05 5.31128e-05 4.51851e-05 3.82729e-05 3.22827e-05 2.7121e-05 2.26972e-05 1.89249e-05 1.57236e-05 1.30193e-05 1.07447e-05 8.8394e-06 7.24974e-06 5.92841e-06 4.83409e-06 3.9309e-06 3.18793e-06 2.57871e-06 2.08069e-06 1.67478e-06 1.34488e-06 1.07749e-06 8.61351e-07 6.87082e-07 5.46922e-07 4.34465e-07 3.44446e-07 2.7255e-07 2.15255e-07 1.69693e-07 1.33535e-07 1.04898e-07 8.22623e-08 6.44038e-08 5.03405e-08 3.92857e-08 3.06111e-08 2.38158e-08 1.85016e-08 1.43524e-08 1.11179e-08 8.60046e-09 6.64401e-09 5.1258e-09 3.94937e-09 3.03907e-09 2.33567e-09 1.79288e-09 1.37457e-09 1.05263e-09 8.05156e-10 6.15167e-10 4.69487e-10 3.57916e-10 2.72566e-10 2.07352e-10 1.57577e-10 1.1963e-10 9.07305e-11 6.8745e-11 5.20368e-11 3.93522e-11 2.9732e-11 2.2443e-11 1.69257e-11 1.27535e-11 9.60136e-12 7.22211e-12 5.42786e-12 4.07599e-12
6.02951e-06 1.71518e-05 3.384e-05 5.56069e-05 8.14187e-05 0.000109884 0.000139448 0.000168561 0.000195813 0.000220031 0.00024033 0.00025613 0.000267148 0.000273367 0.00027499 0.000272393 0.000266075 0.000256607 0.000244595 0.000230642 0.000215322 0.000199161 0.000182626 0.000166113 0.000149951 0.000134398 0.00011965 0.000105846 9.3073e-05 8.13756e-05 7.07638e-05 6.12193e-05 5.27024e-05 4.51581e-05 3.85206e-05 3.2718e-05 2.76755e-05 2.33179e-05 1.95723e-05 1.63686e-05 1.36414e-05 1.13303e-05 9.38018e-06 7.74138e-06 6.36957e-06 5.22553e-06 4.27485e-06 3.48756e-06 2.83772e-06 2.30304e-06 1.86445e-06 1.50574e-06 1.21319e-06 9.75258e-07 7.82253e-07 6.26093e-07 5.00059e-07 3.98582e-07 3.17068e-07 2.51737e-07 1.9949e-07 1.57798e-07 1.24595e-07 9.82066e-08 7.72752e-08 6.07038e-08 4.76086e-08 3.7279e-08 2.91452e-08 2.27516e-08 1.77341e-08 1.38031e-08 1.07282e-08 8.32666e-09 6.45392e-09 4.99569e-09 3.86189e-09 2.98158e-09 2.29905e-09 1.77058e-09 1.36194e-09 1.04637e-09 8.02982e-10 6.15506e-10 4.71272e-10 3.60441e-10 2.75377e-10 2.10165e-10 1.60229e-10 1.22033e-10 9.28488e-11 7.05742e-11 5.35912e-11 4.06561e-11 3.08142e-11 2.33332e-11 1.76523e-11 1.33426e-11 1.00762e-11 7.60289e-12 5.73177e-12
4.01967e-06 1.18325e-05 2.39573e-05 4.02362e-05 6.00591e-05 8.24832e-05 0.000106369 0.000130513 0.00015376 0.000175089 0.000193676 0.000208919 0.000220447 0.000228108 0.000231945 0.000232157 0.000229069 0.000223089 0.000214678 0.000204314 0.000192472 0.000179601 0.000166113 0.00015237 0.000138683 0.000125306 0.000112442 0.000100244 8.88211e-05 7.82415e-05 6.85407e-05 5.97264e-05 5.17844e-05 4.46834e-05 3.83794e-05 3.28204e-05 2.79486e-05 2.3704e-05 2.00263e-05 1.68562e-05 1.41371e-05 1.18158e-05 9.84274e-06 8.17287e-06 6.76527e-06 5.58333e-06 4.59454e-06 3.77027e-06 3.08548e-06 2.51843e-06 2.05034e-06 1.66513e-06 1.34904e-06 1.09041e-06 8.79358e-07 7.07594e-07 5.6816e-07 4.5525e-07 3.64037e-07 2.90523e-07 2.31407e-07 1.83974e-07 1.45995e-07 1.15648e-07 9.145e-08 7.21914e-08 5.68936e-08 4.47645e-08 3.51651e-08 2.75812e-08 2.16e-08 1.68907e-08 1.31889e-08 1.02837e-08 8.0072e-09 6.22614e-09 4.83476e-09 3.74938e-09 2.90392e-09 2.24627e-09 1.7354e-09 1.3391e-09 1.03206e-09 7.94492e-10 6.10908e-10 4.69215e-10 3.59988e-10 2.75887e-10 2.11208e-10 1.61523e-10 1.23398e-10 9.41768e-11 7.18035e-11 5.46918e-11 4.16179e-11 3.16392e-11 2.40307e-11 1.82351e-11 1.38248e-11 1.04718e-11 7.92511e-12
2.67978e-06 8.15362e-06 1.69294e-05 2.90439e-05 4.41748e-05 6.17096e-05 8.08371e-05 0.000100645 0.000120211 0.000138677 0.000155307 0.000169522 0.000180915 0.000189255 0.000194473 0.000196642 0.000195948 0.000192668 0.000187137 0.000179724 0.000170809 0.000160767 0.000149951 0.000138683 0.000127246 0.000115884 0.000104796 9.41404e-05 8.40375e-05 7.45721e-05 6.57984e-05 5.77443e-05 5.0416e-05 4.3802e-05 3.78774e-05 3.26074e-05 2.79499e-05 2.3859e-05 2.02862e-05 1.71827e-05 1.45008e-05 1.21942e-05 1.02197e-05 8.53677e-06 7.10838e-06 5.90086e-06 4.88395e-06 4.0307e-06 3.31728e-06 2.72278e-06 2.229e-06 1.82014e-06 1.48263e-06 1.20482e-06 9.76792e-07 7.90136e-07 6.37745e-07 5.13646e-07 4.12835e-07 3.31137e-07 2.65083e-07 2.11796e-07 1.68903e-07 1.3445e-07 1.06833e-07 8.47411e-08 6.71027e-08 5.3047e-08 4.18672e-08 3.29909e-08 2.5956e-08 2.039e-08 1.59937e-08 1.2527e-08 9.79766e-09 7.65225e-09 5.96842e-09 4.64884e-09 3.61624e-09 2.80937e-09 2.17976e-09 1.68915e-09 1.30736e-09 1.01066e-09 7.80373e-10 6.01864e-10 4.63662e-10 3.56797e-10 2.74262e-10 2.10592e-10 1.61533e-10 1.23774e-10 9.47441e-11 7.24502e-11 5.53476e-11 4.22411e-11 3.22075e-11 2.45341e-11 1.86716e-11 1.4197e-11 1.07851e-11
1.78652e-06 5.61261e-06 1.19423e-05 2.09173e-05 3.24032e-05 4.60241e-05 6.12205e-05 7.7318e-05 9.35975e-05 0.000109357 0.000123961 0.00013688 0.000147708 0.000156176 0.000162144 0.000165593 0.000166609 0.000165363 0.000162086 0.000157052 0.000150558 0.000142908 0.000134398 0.000125306 0.000115884 0.000106356 9.69125e-05 8.77091e-05 7.88707e-05 7.04916e-05 6.26386e-05 5.53542e-05 4.86604e-05 4.25619e-05 3.70496e-05 3.21034e-05 2.76955e-05 2.37921e-05 2.03562e-05 1.73488e-05 1.47303e-05 1.24619e-05 1.05062e-05 8.82775e-06 7.39338e-06 6.1727e-06 5.13795e-06 4.26412e-06 3.52887e-06 2.91236e-06 2.39715e-06 1.96798e-06 1.61158e-06 1.3165e-06 1.07291e-06 8.72366e-07 7.07718e-07 5.72891e-07 4.62764e-07 3.73032e-07 3.00092e-07 2.4094e-07 1.93075e-07 1.5443e-07 1.23294e-07 9.82592e-08 7.81714e-08 6.20842e-08 4.92256e-08 3.89665e-08 3.07964e-08 2.43014e-08 1.91469e-08 1.50632e-08 1.18331e-08 9.28237e-09 7.27124e-09 5.688e-09 4.4435e-09 3.46669e-09 2.70111e-09 2.10192e-09 1.63361e-09 1.26808e-09 9.83155e-10 7.61351e-10 5.88903e-10 4.54996e-10 3.51144e-10 2.70698e-10 2.08456e-10 1.60355e-10 1.23225e-10 9.45945e-11 7.25429e-11 5.55767e-11 4.25368e-11 3.25252e-11 2.48464e-11 1.89628e-11 1.44591e-11
1.19101e-06 3.85965e-06 8.41055e-06 1.50324e-05 2.37077e-05 3.4225e-05 4.62127e-05 5.91853e-05 7.25945e-05 8.58792e-05 9.85079e-05 0.000110013 0.000120013 0.000128226 0.000134476 0.000138683 0.000140861 0.000141096 0.000139541 0.000136388 0.000131862 0.000126202 0.00011965 0.000112442 0.000104796 9.69125e-05 8.89666e-05 8.11077e-05 7.34592e-05 6.6119e-05 5.91612e-05 5.26383e-05 4.65839e-05 4.10153e-05 3.59359e-05 3.13383e-05 2.72065e-05 2.35178e-05 2.02454e-05 1.7359e-05 1.48273e-05 1.26182e-05 1.07002e-05 9.04257e-06 7.61649e-06 6.3948e-06 5.35247e-06 4.46663e-06 3.7166e-06 3.08382e-06 2.55181e-06 2.106e-06 1.73362e-06 1.42352e-06 1.16606e-06 9.52914e-07 7.76946e-07 6.32059e-07 5.13074e-07 4.15607e-07 3.35961e-07 2.71032e-07 2.18222e-07 1.75366e-07 1.40663e-07 1.12622e-07 9.00098e-08 7.18124e-08 5.71965e-08 4.54795e-08 3.61039e-08 2.86155e-08 2.26448e-08 1.78926e-08 1.41166e-08 1.11211e-08 8.7487e-09 6.8727e-09 5.39154e-09 4.22387e-09 3.3047e-09 2.58219e-09 2.01507e-09 1.57053e-09 1.22256e-09 9.50538e-10 7.38165e-10 5.72573e-10 4.4362e-10 3.43323e-10 2.65409e-10 2.04953e-10 1.581e-10 1.21829e-10 9.37825e-11 7.21193e-11 5.54047e-11 4.25221e-11 3.26033e-11 2.49744e-11 1.91126e-11
7.9401e-07 2.65171e-06 5.91418e-06 1.07814e-05 1.73038e-05 2.53805e-05 3.47765e-05 4.51522e-05 5.60994e-05 6.71794e-05 7.79577e-05 8.80338e-05 9.70638e-05 0.000104775 0.000110974 0.000115547 0.000118454 0.000119726 0.000119447 0.000117748 0.000114791 0.00011076 0.000105846 0.000100244 9.41404e-05 8.77091e-05 8.11077e-05 7.44747e-05 6.79278e-05 6.15642e-05 5.54612e-05 4.96771e-05 4.42533e-05 3.92163e-05 3.45794e-05 3.03454e-05 2.65081e-05 2.30545e-05 1.99663e-05 1.72218e-05 1.47967e-05 1.26653e-05 1.08016e-05 9.18005e-06 7.77558e-06 6.56449e-06 5.52456e-06 4.63518e-06 3.87748e-06 3.23434e-06 2.69038e-06 2.23186e-06 1.84665e-06 1.52403e-06 1.25467e-06 1.03043e-06 8.44294e-07 6.90204e-07 5.62986e-07 4.58225e-07 3.72172e-07 3.0166e-07 2.44018e-07 1.97004e-07 1.58745e-07 1.27678e-07 1.02504e-07 8.21472e-08 6.57187e-08 5.24864e-08 4.18487e-08 3.33128e-08 2.64757e-08 2.10091e-08 1.66457e-08 1.31689e-08 1.0403e-08 8.20622e-09 6.46423e-09 5.085e-09 3.99463e-09 3.1339e-09 2.45543e-09 1.92138e-09 1.5016e-09 1.17209e-09 9.13775e-10 7.11544e-10 5.53422e-10 4.29944e-10 3.3364e-10 2.58619e-10 2.00249e-10 1.54887e-10 1.19674e-10 9.23706e-11 7.12237e-11 5.48628e-11 4.22185e-11 3.24567e-11 2.49281e-11
5.2934e-07 1.82021e-06 4.15273e-06 7.71792e-06 1.2601e-05 1.87724e-05 2.60942e-05 3.43366e-05 4.32031e-05 5.23578e-05 6.14532e-05 7.01553e-05 7.81635e-05 8.52258e-05 9.11482e-05 9.57989e-05 9.91073e-05 0.00010106 0.000101695 0.000101091 9.93605e-05 9.6638e-05 9.3073e-05 8.88211e-05 8.40375e-05 7.88707e-05 7.34592e-05 6.79278e-05 6.23858e-05 5.69264e-05 5.16264e-05 4.65466e-05 4.17332e-05 3.72189e-05 3.30243e-05 2.91601e-05 2.5628e-05 2.24231e-05 1.95348e-05 1.69483e-05 1.46458e-05 1.26076e-05 1.08131e-05 9.24092e-06 7.87019e-06 6.68049e-06 5.6524e-06 4.76765e-06 4.00925e-06 3.36165e-06 2.81066e-06 2.34353e-06 1.94881e-06 1.61638e-06 1.33727e-06 1.10364e-06 9.08662e-07 7.46392e-07 6.11714e-07 5.00233e-07 4.08191e-07 3.32387e-07 2.70108e-07 2.19061e-07 1.77315e-07 1.43253e-07 1.15519e-07 9.29851e-08 7.47143e-08 5.99296e-08 4.7989e-08 3.83637e-08 3.06192e-08 2.43993e-08 1.94125e-08 1.54214e-08 1.22326e-08 9.68892e-09 7.66316e-09 6.05242e-09 4.77364e-09 3.75994e-09 2.95757e-09 2.32339e-09 1.82286e-09 1.42836e-09 1.11785e-09 8.73782e-10 6.82189e-10 5.31982e-10 4.14371e-10 3.22396e-10 2.50557e-10 1.94512e-10 1.50841e-10 1.16851e-10 9.04261e-11 6.99051e-11 5.39865e-11 4.16514e-11 3.21033e-11
3.52893e-07 1.24841e-06 2.91191e-06 5.51497e-06 9.15649e-06 1.38505e-05 1.95255e-05 2.60328e-05 3.31627e-05 4.06637e-05 4.82634e-05 5.56891e-05 6.26851e-05 6.90267e-05 7.453e-05 7.9058e-05 8.25223e-05 8.48817e-05 8.61388e-05 8.6334e-05 8.55389e-05 8.38487e-05 8.13756e-05 7.82415e-05 7.45721e-05 7.04916e-05 6.6119e-05 6.15642e-05 5.69264e-05 5.22923e-05 4.77356e-05 4.33171e-05 3.90849e-05 3.50754e-05 3.13145e-05 2.78185e-05 2.45955e-05 2.1647e-05 1.89686e-05 1.65517e-05 1.43843e-05 1.2452e-05 1.07388e-05 9.22764e-06 7.90137e-06 6.74281e-06 5.73527e-06 4.86282e-06 4.11043e-06 3.4641e-06 2.91098e-06 2.43932e-06 2.03852e-06 1.69908e-06 1.41252e-06 1.17136e-06 9.69015e-07 7.99726e-07 6.58492e-07 5.40983e-07 4.43472e-07 3.62762e-07 2.96123e-07 2.41235e-07 1.96131e-07 1.59152e-07 1.289e-07 1.04206e-07 8.40905e-08 6.77381e-08 5.44713e-08 4.37289e-08 3.50468e-08 2.8043e-08 2.24033e-08 1.78699e-08 1.42322e-08 1.1318e-08 8.98739e-09 7.12645e-09 5.64289e-09 4.46199e-09 3.52345e-09 2.77861e-09 2.18837e-09 1.7213e-09 1.35221e-09 1.06095e-09 8.31415e-10 6.50761e-10 5.08762e-10 3.97288e-10 3.09888e-10 2.41445e-10 1.87912e-10 1.4609e-10 1.13456e-10 8.80192e-11 6.82152e-11 5.28135e-11 4.08484e-11
2.35262e-07 8.55563e-07 2.03919e-06 3.93411e-06 6.63995e-06 1.01951e-05 1.4572e-05 1.96806e-05 2.53769e-05 3.14768e-05 3.77711e-05 4.40418e-05 5.0076e-05 5.56789e-05 6.06831e-05 6.49552e-05 6.83992e-05 7.09571e-05 7.26076e-05 7.33623e-05 7.32614e-05 7.23683e-05 7.07638e-05 6.85407e-05 6.57984e-05 6.26386e-05 5.91612e-05 5.54612e-05 5.16264e-05 4.77356e-05 4.38577e-05 4.00512e-05 3.63642e-05 3.2835e-05 2.94922e-05 2.63563e-05 2.34401e-05 2.075e-05 1.82869e-05 1.60472e-05 1.40237e-05 1.22068e-05 1.05847e-05 9.14417e-06 7.87154e-06 6.75266e-06 5.77351e-06 4.9204e-06 4.18024e-06 3.54066e-06 2.99012e-06 2.51798e-06 2.11452e-06 1.77093e-06 1.47929e-06 1.23254e-06 1.02441e-06 8.4937e-07 7.02589e-07 5.79845e-07 4.77479e-07 3.92331e-07 3.21684e-07 2.63213e-07 2.14935e-07 1.75166e-07 1.42481e-07 1.15676e-07 9.37416e-08 7.58295e-08 6.12321e-08 4.93595e-08 3.97219e-08 3.19133e-08 2.55983e-08 2.05004e-08 1.63923e-08 1.30874e-08 1.04333e-08 8.30527e-09 6.6018e-09 5.24034e-09 4.1539e-09 3.28825e-09 2.59953e-09 2.05237e-09 1.61831e-09 1.27443e-09 1.00239e-09 7.87453e-10 6.17866e-10 4.84231e-10 3.79061e-10 2.96395e-10 2.31498e-10 1.80611e-10 1.40757e-10 1.09581e-10 8.52203e-11 6.62068e-11 5.13832e-11
1.56841e-07 5.85903e-07 1.42628e-06 2.80187e-06 4.8057e-06 7.48767e-06 1.08482e-05 1.48378e-05 1.93618e-05 2.42886e-05 2.94609e-05 3.47075e-05 3.9855e-05 4.47382e-05 4.92095e-05 5.31446e-05 5.64472e-05 5.90509e-05 6.09189e-05 6.20428e-05 6.24392e-05 6.21463e-05 6.12193e-05 5.97264e-05 5.77443e-05 5.53542e-05 5.26383e-05 4.96771e-05 4.65466e-05 4.33171e-05 4.00512e-05 3.68039e-05 3.36216e-05 3.05425e-05 2.75969e-05 2.48076e-05 2.21908e-05 1.97564e-05 1.75094e-05 1.54505e-05 1.35765e-05 1.18817e-05 1.03579e-05 8.9957e-06 7.78426e-06 6.71233e-06 5.76838e-06 4.9409e-06 4.21866e-06 3.59089e-06 3.04739e-06 2.57865e-06 2.17586e-06 1.83097e-06 1.53664e-06 1.28629e-06 1.07402e-06 8.94576e-07 7.43336e-07 6.1623e-07 5.09699e-07 4.20654e-07 3.46416e-07 2.8468e-07 2.33465e-07 1.9108e-07 1.56083e-07 1.27252e-07 1.03552e-07 8.41114e-08 6.81983e-08 5.51989e-08 4.46007e-08 3.59768e-08 2.89726e-08 2.32945e-08 1.86995e-08 1.49877e-08 1.19945e-08 9.58474e-09 7.64794e-09 6.09377e-09 4.8486e-09 3.85254e-09 3.05696e-09 2.42244e-09 1.91712e-09 1.51526e-09 1.19613e-09 9.43041e-10 7.42597e-10 5.84057e-10 4.58824e-10 3.60025e-10 2.82179e-10 2.20918e-10 1.72765e-10 1.34962e-10 1.05318e-10 8.20986e-11 6.39322e-11
1.04561e-07 4.00953e-07 9.96424e-07 1.99243e-06 3.47173e-06 5.48757e-06 8.05684e-06 1.11576e-05 1.4731e-05 1.86857e-05 2.29058e-05 2.72596e-05 3.16081e-05 3.58147e-05 3.97518e-05 4.33078e-05 4.63911e-05 4.89325e-05 5.08867e-05 5.22319e-05 5.29676e-05 5.31128e-05 5.27024e-05 5.17844e-05 5.0416e-05 4.86604e-05 4.65839e-05 4.42533e-05 4.17332e-05 3.90849e-05 3.63642e-05 3.36216e-05 3.09005e-05 2.82381e-05 2.56647e-05 2.32043e-05 2.0875e-05 1.86896e-05 1.6656e-05 1.4778e-05 1.30558e-05 1.1487e-05 1.00668e-05 8.78839e-06 7.64405e-06 6.62501e-06 5.72201e-06 4.92559e-06 4.22631e-06 3.61493e-06 3.0826e-06 2.62089e-06 2.22196e-06 1.87851e-06 1.58385e-06 1.33189e-06 1.11715e-06 9.34692e-07 7.80138e-07 6.496e-07 5.39657e-07 4.47314e-07 3.69959e-07 3.05326e-07 2.51458e-07 2.06672e-07 1.69523e-07 1.38781e-07 1.13397e-07 9.24839e-08 7.529e-08 6.11833e-08 4.96329e-08 4.01942e-08 3.2496e-08 2.62291e-08 2.11367e-08 1.70062e-08 1.36618e-08 1.09584e-08 8.77694e-09 7.01948e-09 5.6059e-09 4.4707e-09 3.56046e-09 2.83171e-09 2.24913e-09 1.78407e-09 1.41336e-09 1.11826e-09 8.83683e-10 6.97461e-10 5.49823e-10 4.32926e-10 3.40487e-10 2.6748e-10 2.09892e-10 1.6452e-10 1.28816e-10 1.00753e-10 7.87203e-11
