0.904892 0.00439868 0.00383116 0.00334789 0.00293492 0.0025808 0.00227607 0.00201293 0.00178491 0.00158665 0.00141366 0.00126222 0.00112921 0.00101199 0.00090837 0.000816479 0.000734737 0.000661803 0.000596533 0.000537949 0.000485209 0.000437591 0.000394469 0.000355298 0.000319605 0.000286975 0.000257042 0.000229484 0.000204016 0.000180381 0.000164103
0.00439868 0.000111855 9.73564e-05 8.49536e-05 7.43013e-05 6.51168e-05 5.71683e-05 5.02645e-05 4.42477e-05 3.89867e-05 3.43725e-05 3.03137e-05 2.67335e-05 2.35673e-05 2.07601e-05 1.82652e-05 1.60429e-05 1.4059e-05 1.22841e-05 1.06928e-05 9.26323e-06 7.97652e-06 6.81623e-06 5.76818e-06 4.82013e-06 3.96156e-06 3.18351e-06 2.47844e-06 1.84008e-06 1.26341e-06 1.12367e-06
0.00383116 9.73564e-05 8.46182e-05 7.37301e-05 6.43867e-05 5.6338e-05 4.93789e-05 4.33402e-05 3.80822e-05 3.34889e-05 2.94637e-05 2.59258e-05 2.28073e-05 2.00511e-05 1.76088e-05 1.54391e-05 1.3507e-05 1.17826e-05 1.024e-05 8.85716e-06 7.61499e-06 6.49708e-06 5.48929e-06 4.5795e-06 3.75732e-06 3.01396e-06 2.34204e-06 1.7355e-06 1.18949e-06 1.05046e-06 9.34492e-07
0.00334789 8.49536e-05 7.37301e-05 6.41439e-05 5.59244e-05 4.88501e-05 4.27388e-05 3.74407e-05 3.28317e-05 2.88088e-05 2.52864e-05 2.21928e-05 1.94679e-05 1.70609e-05 1.49291e-05 1.30362e-05 1.13511e-05 9.84747e-06 8.50275e-06 7.29758e-06 6.21536e-06 5.24188e-06 4.365e-06 3.57438e-06 2.8613e-06 2.2185e-06 1.64003e-06 1.12119e-06 9.89775e-07 8.74005e-07 7.77715e-07
0.00293492 7.43013e-05 6.43867e-05 5.59244e-05 4.86742e-05 4.24392e-05 3.70577e-05 3.23962e-05 2.83444e-05 2.48109e-05 2.17194e-05 1.90062e-05 1.66179e-05 1.45095e-05 1.26432e-05 1.09866e-05 9.51251e-06 8.19768e-06 7.02226e-06 5.96934e-06 5.02449e-06 4.17546e-06 3.41184e-06 2.72492e-06 2.10747e-06 1.5536e-06 1.05869e-06 9.3374e-07 8.24225e-07 7.27754e-07 6.47753e-07
0.0025808 6.51168e-05 5.6338e-05 4.88501e-05 4.24392e-05 3.69303e-05 3.21792e-05 2.80671e-05 2.44957e-05 2.13836e-05 1.86627e-05 1.62765e-05 1.41773e-05 1.23253e-05 1.06866e-05 9.23288e-06 7.93992e-06 6.78725e-06 5.75747e-06 4.83581e-06 4.00979e-06 3.26885e-06 2.6042e-06 2.00856e-06 1.47605e-06 1.00206e-06 8.8254e-07 7.78295e-07 6.86954e-07 6.065e-07 5.39985e-07
0.00227607 5.71683e-05 4.93789e-05 4.27388e-05 3.70577e-05 3.21792e-05 2.79749e-05 2.43387e-05 2.11831e-05 1.84351e-05 1.60344e-05 1.39302e-05 1.20803e-05 1.04491e-05 9.00666e-06 7.72773e-06 6.59099e-06 5.57838e-06 4.67467e-06 3.86701e-06 3.14463e-06 2.49853e-06 1.92135e-06 1.40715e-06 9.51277e-07 8.36257e-07 7.36402e-07 6.49349e-07 5.73096e-07 5.05938e-07 4.50591e-07
0.00201293 5.02645e-05 4.33402e-05 3.74407e-05 3.23962e-05 2.80671e-05 2.43387e-05 2.11164e-05 1.83217e-05 1.58898e-05 1.37664e-05 1.19065e-05 1.02724e-05 8.8323e-06 7.5597e-06 6.43218e-06 5.43092e-06 4.54005e-06 3.74627e-06 3.03845e-06 2.40737e-06 1.84546e-06 1.34667e-06 9.06279e-07 7.949e-07 6.98636e-07 6.1512e-07 5.4235e-07 4.78627e-07 4.22508e-07 3.76411e-07
0.00178491 4.42477e-05 3.80822e-05 3.28317e-05 2.83444e-05 2.44957e-05 2.11831e-05 1.83217e-05 1.58417e-05 1.36848e-05 1.18028e-05 1.01553e-05 8.70862e-06 7.43466e-06 6.30976e-06 5.31411e-06 4.43109e-06 3.6468e-06 2.9497e-06 2.3302e-06 1.78051e-06 1.29438e-06 8.6696e-07 7.58429e-07 6.65024e-07 5.84363e-07 5.14431e-07 4.53528e-07 4.00214e-07 3.53266e-07 3.14832e-07
0.00158665 3.89867e-05 3.34889e-05 2.88088e-05 2.48109e-05 2.13836e-05 1.84351e-05 1.58898e-05 1.36848e-05 1.17682e-05 1.00969e-05 8.63475e-06 7.35178e-06 6.22291e-06 5.22718e-06 4.34707e-06 3.56799e-06 2.87783e-06 2.26659e-06 1.72616e-06 1.25004e-06 8.33202e-07 7.26776e-07 6.35552e-07 5.57117e-07 4.89439e-07 4.30805e-07 3.79767e-07 3.35103e-07 2.95774e-07 2.63689e-07
0.00141366 3.43725e-05 2.94637e-05 2.52864e-05 2.17194e-05 1.86627e-05 1.60344e-05 1.37664e-05 1.18028e-05 1.00969e-05 8.61018e-06 7.31048e-06 6.17103e-06 5.16955e-06 4.28745e-06 3.50932e-06 2.82239e-06 2.21616e-06 1.68211e-06 1.21344e-06 8.04884e-07 6.99859e-07 6.10177e-07 5.33385e-07 4.67422e-07 4.10553e-07 3.61318e-07 3.18485e-07 2.81011e-07 2.48017e-07 2.21194e-07
0.00126222 3.03137e-05 2.59258e-05 2.21928e-05 1.90062e-05 1.62765e-05 1.39302e-05 1.19065e-05 1.01553e-05 8.63475e-06 7.31048e-06 6.15378e-06 5.14083e-06 4.25184e-06 3.47042e-06 2.78305e-06 2.17861e-06 1.64812e-06 1.1844e-06 7.81891e-07 6.77589e-07 5.88842e-07 5.13144e-07 4.48394e-07 3.92828e-07 3.44963e-07 3.03552e-07 2.67544e-07 2.36052e-07 2.08325e-07 1.85865e-07
0.00112921 2.67335e-05 2.28073e-05 1.94679e-05 1.66179e-05 1.41773e-05 1.20803e-05 1.02724e-05 8.70862e-06 7.35178e-06 6.17103e-06 5.14083e-06 4.23999e-06 3.45104e-06 2.75954e-06 2.15371e-06 1.62398e-06 1.16275e-06 7.64121e-07 6.59885e-07 5.71489e-07 4.96361e-07 4.32349e-07 3.77652e-07 3.30758e-07 2.90396e-07 2.55501e-07 2.25175e-07 1.9866e-07 1.75316e-07 1.56475e-07
0.00101199 2.35673e-05 2.00511e-05 1.70609e-05 1.45095e-05 1.23253e-05 1.04491e-05 8.8323e-06 7.43466e-06 6.22291e-06 5.16955e-06 4.25184e-06 3.45104e-06 2.75172e-06 2.14129e-06 1.60956e-06 1.14839e-06 7.5149e-07 6.46676e-07 5.58059e-07 4.82994e-07 4.19268e-07 3.6503e-07 3.18732e-07 2.79075e-07 2.44971e-07 2.15506e-07 1.89912e-07 1.67542e-07 1.47848e-07 1.32009e-07
0.00090837 2.07601e-05 1.76088e-05 1.49291e-05 1.26432e-05 1.06866e-05 9.00666e-06 7.5597e-06 6.30976e-06 5.22718e-06 4.28745e-06 3.47042e-06 2.75954e-06 2.14129e-06 1.60476e-06 1.14123e-06 7.43937e-07 6.37902e-07 5.48505e-07 4.73008e-07 4.09127e-07 3.54955e-07 3.08897e-07 2.69621e-07 2.36009e-07 2.07127e-07 1.82191e-07 1.60542e-07 1.41625e-07 1.24971e-07 1.11626e-07
0.000816479 1.82652e-05 1.54391e-05 1.30362e-05 1.09866e-05 9.23288e-06 7.72773e-06 6.43218e-06 5.31411e-06 4.34707e-06 3.50932e-06 2.78305e-06 2.15371e-06 1.60956e-06 1.14123e-06 7.41424e-07 6.33526e-07 5.42787e-07 4.66369e-07 4.01903e-07 3.47414e-07 3.01255e-07 2.62051e-07 2.2865e-07 2.00092e-07 1.75573e-07 1.54416e-07 1.36058e-07 1.2002e-07 1.05903e-07 9.46295e-08
0.000734737 1.60429e-05 1.3507e-05 1.13511e-05 9.51251e-06 7.93992e-06 6.59099e-06 5.43092e-06 4.43109e-06 3.56799e-06 2.82239e-06 2.17861e-06 1.62398e-06 1.14839e-06 7.43937e-07 6.33526e-07 5.40884e-07 4.63055e-07 3.97576e-07 3.42395e-07 2.95802e-07 2.56372e-07 2.22914e-07 1.94436e-07 1.70108e-07 1.49235e-07 1.31237e-07 1.15626e-07 1.01993e-07 8.99921e-08 8.04411e-08
0.000661803 1.4059e-05 1.17826e-05 9.84747e-06 8.19768e-06 6.78725e-06 5.57838e-06 4.54005e-06 3.6468e-06 2.87783e-06 2.21616e-06 1.64812e-06 1.16275e-06 7.5149e-07 6.37902e-07 5.42787e-07 4.63055e-07 3.96136e-07 3.39888e-07 2.92533e-07 2.52586e-07 2.18812e-07 1.9018e-07 1.6583e-07 1.45046e-07 1.27226e-07 1.1187e-07 9.85557e-08 8.69315e-08 7.66998e-08 6.85827e-08
0.000596533 1.22841e-05 1.024e-05 8.50275e-06 7.02226e-06 5.75747e-06 4.67467e-06 3.74627e-06 2.9497e-06 2.26659e-06 1.68211e-06 1.1844e-06 7.64121e-07 6.46676e-07 5.48505e-07 4.66369e-07 3.97576e-07 3.39888e-07 2.91444e-07 2.50694e-07 2.1635e-07 1.87337e-07 1.62763e-07 1.41881e-07 1.24069e-07 1.08808e-07 9.56645e-08 8.42736e-08 7.43308e-08 6.55794e-08 5.86574e-08
0.000537949 1.06928e-05 8.85716e-06 7.29758e-06 5.96934e-06 4.83581e-06 3.86701e-06 3.03845e-06 2.3302e-06 1.72616e-06 1.21344e-06 7.81891e-07 6.59885e-07 5.58059e-07 4.73008e-07 4.01903e-07 3.42395e-07 2.92533e-07 2.50694e-07 2.15529e-07 1.85914e-07 1.60918e-07 1.39761e-07 1.21796e-07 1.06483e-07 9.33706e-08 8.20829e-08 7.23045e-08 6.37711e-08 5.62605e-08 5.0336e-08
0.000485209 9.26323e-06 7.61499e-06 6.21536e-06 5.02449e-06 4.00979e-06 3.14463e-06 2.40737e-06 1.78051e-06 1.25004e-06 8.04884e-07 6.77589e-07 5.71489e-07 4.82994e-07 4.09127e-07 3.47414e-07 2.95802e-07 2.52586e-07 2.1635e-07 1.85914e-07 1.60302e-07 1.38698e-07 1.20425e-07 1.04919e-07 9.17095e-08 8.0405e-08 7.06778e-08 6.2254e-08 5.49042e-08 4.84357e-08 4.33456e-08
0.000437591 7.97652e-06 6.49708e-06 5.24188e-06 4.17546e-06 3.26885e-06 2.49853e-06 1.84546e-06 1.29438e-06 8.33202e-07 6.99859e-07 5.88842e-07 4.96361e-07 4.19268e-07 3.54955e-07 3.01255e-07 2.56372e-07 2.18812e-07 1.87337e-07 1.60918e-07 1.38698e-07 1.19967e-07 1.04133e-07 9.07043e-08 7.92706e-08 6.94902e-08 6.10777e-08 5.37946e-08 4.74413e-08 4.185e-08 3.74594e-08
0.000394469 6.81623e-06 5.48929e-06 4.365e-06 3.41184e-06 2.6042e-06 1.92135e-06 1.34667e-06 8.6696e-07 7.26776e-07 6.10177e-07 5.13144e-07 4.32349e-07 3.6503e-07 3.08897e-07 2.62051e-07 2.22914e-07 1.9018e-07 1.62763e-07 1.39761e-07 1.20425e-07 1.04133e-07 9.03679e-08 7.86989e-08 6.87678e-08 6.0276e-08 5.29743e-08 4.66545e-08 4.11423e-08 3.62916e-08 3.24891e-08
0.000355298 5.76818e-06 4.5795e-06 3.57438e-06 2.72492e-06 2.00856e-06 1.40715e-06 9.06279e-07 7.58429e-07 6.35552e-07 5.33385e-07 4.48394e-07 3.77652e-07 3.18732e-07 2.69621e-07 2.2865e-07 1.94436e-07 1.6583e-07 1.41881e-07 1.21796e-07 1.04919e-07 9.07043e-08 7.86989e-08 6.85255e-08 5.98701e-08 5.24714e-08 4.61113e-08 4.06077e-08 3.5808e-08 3.15845e-08 2.82781e-08
0.000319605 4.82013e-06 3.75732e-06 2.8613e-06 2.10747e-06 1.47605e-06 9.51277e-07 7.949e-07 6.65024e-07 5.57117e-07 4.67422e-07 3.92828e-07 3.30758e-07 2.79075e-07 2.36009e-07 2.00092e-07 1.70108e-07 1.45046e-07 1.24069e-07 1.06483e-07 9.17095e-08 7.92706e-08 6.87678e-08 5.98701e-08 5.2302e-08 4.58343e-08 4.02756e-08 3.54662e-08 3.12725e-08 2.75824e-08 2.46964e-08
0.000286975 3.96156e-06 3.01396e-06 2.2185e-06 1.5536e-06 1.00206e-06 8.36257e-07 6.98636e-07 5.84363e-07 4.89439e-07 4.10553e-07 3.44963e-07 2.90396e-07 2.44971e-07 2.07127e-07 1.75573e-07 1.49235e-07 1.27226e-07 1.08808e-07 9.33706e-08 8.0405e-08 6.94902e-08 6.0276e-08 5.24714e-08 4.58343e-08 4.0163e-08 3.52896e-08 3.10736e-08 2.73977e-08 2.41634e-08 2.16355e-08
0.000257042 3.18351e-06 2.34204e-06 1.64003e-06 1.05869e-06 8.8254e-07 7.36402e-07 6.1512e-07 5.14431e-07 4.30805e-07 3.61318e-07 3.03552e-07 2.55501e-07 2.15506e-07 1.82191e-07 1.54416e-07 1.31237e-07 1.1187e-07 9.56645e-08 8.20829e-08 7.06778e-08 6.10777e-08 5.29743e-08 4.61113e-08 4.02756e-08 3.52896e-08 3.10054e-08 2.72995e-08 2.40686e-08 2.12261e-08 1.9005e-08
0.000229484 2.47844e-06 1.7355e-06 1.12119e-06 9.3374e-07 7.78295e-07 6.49349e-07 5.4235e-07 4.53528e-07 3.79767e-07 3.18485e-07 2.67544e-07 2.25175e-07 1.89912e-07 1.60542e-07 1.36058e-07 1.15626e-07 9.85557e-08 8.42736e-08 7.23045e-08 6.2254e-08 5.37946e-08 4.66545e-08 4.06077e-08 3.54662e-08 3.10736e-08 2.72995e-08 2.40351e-08 2.11892e-08 1.86856e-08 1.67295e-08
0.000204016 1.84008e-06 1.18949e-06 9.89775e-07 8.24225e-07 6.86954e-07 5.73096e-07 4.78627e-07 4.00214e-07 3.35103e-07 2.81011e-07 2.36052e-07 1.9866e-07 1.67542e-07 1.41625e-07 1.2002e-07 1.01993e-07 8.69315e-08 7.43308e-08 6.37711e-08 5.49042e-08 4.74413e-08 4.11423e-08 3.5808e-08 3.12725e-08 2.73977e-08 2.40686e-08 2.11892e-08 1.86791e-08 1.64711e-08 1.47459e-08
0.000180381 1.26341e-06 1.05046e-06 8.74005e-07 7.27754e-07 6.065e-07 5.05938e-07 4.22508e-07 3.53266e-07 2.95774e-07 2.48017e-07 2.08325e-07 1.75316e-07 1.47848e-07 1.24971e-07 1.05903e-07 8.99921e-08 7.66998e-08 6.55794e-08 5.62605e-08 4.84357e-08 4.185e-08 3.62916e-08 3.15845e-08 2.75824e-08 2.41634e-08 2.12261e-08 1.86856e-08 1.64711e-08 1.45231e-08 1.30011e-08
0.000164103 1.12367e-06 9.34492e-07 7.77715e-07 6.47753e-07 5.39985e-07 4.50591e-07 3.76411e-07 3.14832e-07 2.63689e-07 2.21194e-07 1.85865e-07 1.56475e-07 1.32009e-07 1.11626e-07 9.46295e-08 8.04411e-08 6.85827e-08 5.86574e-08 5.0336e-08 4.33456e-08 3.74594e-08 3.24891e-08 2.82781e-08 2.46964e-08 2.16355e-08 1.9005e-08 1.67295e-08 1.47459e-08 1.30011e-08 1.16353e-08
