0.998751 6.24013e-05 5.61383e-05 5.05056e-05 4.54396e-05 4.08832e-05 3.67849e-05 3.30986e-05 2.97826e-05 2.67998e-05 2.41165e-05 2.17026e-05 1.95309e-05 1.75771e-05 1.58191e-05 1.42374e-05 1.28142e-05 1.15335e-05 1.0381e-05 9.34384e-06 8.41038e-06 7.57021e-06 6.81394e-06 6.13314e-06 5.5202e-06 4.9683e-06 4.47129e-06 4.02362e-06 3.62032e-06 3.25689e-06 2.93241e-06
6.24013e-05 2.2389e-08 2.01316e-08 1.80999e-08 1.62712e-08 1.46247e-08 1.31419e-08 1.1806e-08 1.0602e-08 9.51633e-09 8.53684e-09 7.65251e-09 6.85342e-09 6.1306e-09 5.47596e-09 4.88219e-09 4.34266e-09 3.85134e-09 3.40277e-09 2.99195e-09 2.61433e-09 2.26573e-09 1.94229e-09 1.64044e-09 1.35686e-09 1.08846e-09 8.32288e-10 5.85566e-10 3.45618e-10 1.09855e-10 9.88924e-11
5.61383e-05 2.01316e-08 1.80991e-08 1.62698e-08 1.46228e-08 1.31395e-08 1.18033e-08 1.05991e-08 9.51338e-09 8.53382e-09 7.64946e-09 6.85037e-09 6.1276e-09 5.47303e-09 4.87936e-09 4.33993e-09 3.84874e-09 3.4003e-09 2.98963e-09 2.61216e-09 2.26371e-09 1.94043e-09 1.63875e-09 1.35534e-09 1.08711e-09 8.31121e-10 5.84584e-10 3.44827e-10 1.09264e-10 9.83009e-11 8.84912e-11
5.05056e-05 1.80999e-08 1.62698e-08 1.46221e-08 1.31384e-08 1.18018e-08 1.05973e-08 9.51127e-09 8.53155e-09 7.64708e-09 6.84794e-09 6.12514e-09 5.47059e-09 4.87696e-09 4.33759e-09 3.84648e-09 3.39814e-09 2.98757e-09 2.61022e-09 2.2619e-09 1.93875e-09 1.63721e-09 1.35395e-09 1.08587e-09 8.30041e-10 5.83667e-10 3.44082e-10 1.087e-10 9.77928e-11 8.79805e-11 7.9201e-11
4.54396e-05 1.62712e-08 1.46228e-08 1.31384e-08 1.18013e-08 1.05963e-08 9.51e-09 8.53003e-09 7.64538e-09 6.84611e-09 6.12323e-09 5.46864e-09 4.87499e-09 4.33565e-09 3.84457e-09 3.39628e-09 2.98579e-09 2.60853e-09 2.2603e-09 1.93726e-09 1.63583e-09 1.3527e-09 1.08475e-09 8.2905e-10 5.82821e-10 3.43389e-10 1.08168e-10 9.73091e-11 8.75448e-11 7.87608e-11 7.09015e-11
4.08832e-05 1.46247e-08 1.31395e-08 1.18018e-08 1.05963e-08 9.50958e-09 8.52928e-09 7.64437e-09 6.84489e-09 6.12187e-09 5.46718e-09 4.87346e-09 4.33409e-09 3.843e-09 3.39474e-09 2.98428e-09 2.60707e-09 2.25891e-09 1.93595e-09 1.63461e-09 1.35157e-09 1.08373e-09 8.28152e-10 5.82049e-10 3.42751e-10 1.07673e-10 9.68546e-11 8.71311e-11 7.8388e-11 7.05228e-11 6.34857e-11
3.67849e-05 1.31419e-08 1.18033e-08 1.05973e-08 9.51e-09 8.52928e-09 7.64403e-09 6.84429e-09 6.12105e-09 5.4662e-09 4.87237e-09 4.33291e-09 3.84179e-09 3.3935e-09 2.98304e-09 2.60585e-09 2.25773e-09 1.93482e-09 1.63355e-09 1.35059e-09 1.08283e-09 8.2735e-10 5.81352e-10 3.4217e-10 1.07218e-10 9.64331e-11 8.67436e-11 7.80351e-11 7.02047e-11 6.31606e-11 5.68582e-11
3.30986e-05 1.1806e-08 1.05991e-08 9.51127e-09 8.53003e-09 7.64437e-09 6.84429e-09 6.12078e-09 5.46571e-09 4.87172e-09 4.33213e-09 3.84092e-09 3.39257e-09 2.98208e-09 2.60488e-09 2.25677e-09 1.93388e-09 1.63265e-09 1.34974e-09 1.08205e-09 8.26644e-10 5.80734e-10 3.41649e-10 1.06806e-10 9.60475e-11 8.63858e-11 7.77057e-11 6.99045e-11 6.289e-11 5.65797e-11 5.09342e-11
2.97826e-05 1.0602e-08 9.51338e-09 8.53155e-09 7.64538e-09 6.84489e-09 6.12105e-09 5.46571e-09 4.8715e-09 4.33174e-09 3.84039e-09 3.39195e-09 2.98139e-09 2.60415e-09 2.25602e-09 1.93313e-09 1.63191e-09 1.34904e-09 1.08139e-09 8.26038e-10 5.80195e-10 3.4119e-10 1.06438e-10 9.57001e-11 8.60602e-11 7.7403e-11 6.96255e-11 6.26354e-11 5.63503e-11 5.06962e-11 4.56378e-11
2.67998e-05 9.51633e-09 8.53382e-09 7.64708e-09 6.84611e-09 6.12187e-09 5.4662e-09 4.87172e-09 4.33174e-09 3.84022e-09 3.39164e-09 2.98098e-09 2.60366e-09 2.25548e-09 1.93257e-09 1.63134e-09 1.34847e-09 1.08084e-09 8.25531e-10 5.79737e-10 3.40794e-10 1.06117e-10 9.53929e-11 8.57689e-11 7.71292e-11 6.93704e-11 6.23999e-11 5.61353e-11 5.05024e-11 4.5435e-11 4.09017e-11
2.41165e-05 8.53684e-09 7.64946e-09 6.84794e-09 6.12323e-09 5.46718e-09 4.87237e-09 4.33213e-09 3.84039e-09 3.39164e-09 2.98084e-09 2.60342e-09 2.25516e-09 1.93219e-09 1.63093e-09 1.34804e-09 1.08042e-09 8.25124e-10 5.79362e-10 3.40463e-10 1.05843e-10 9.51272e-11 8.55138e-11 7.68864e-11 6.91413e-11 6.21859e-11 5.59373e-11 5.03214e-11 4.52719e-11 4.07294e-11 3.66656e-11
2.17026e-05 7.65251e-09 6.85037e-09 6.12514e-09 5.46864e-09 4.87346e-09 4.33291e-09 3.84092e-09 3.39195e-09 2.98098e-09 2.60342e-09 2.25505e-09 1.932e-09 1.63068e-09 1.34776e-09 1.08012e-09 8.24818e-10 5.79069e-10 3.40197e-10 1.05617e-10 9.49044e-11 8.5296e-11 7.66759e-11 6.89399e-11 6.19952e-11 5.57586e-11 5.01558e-11 4.51204e-11 4.05928e-11 3.65197e-11 3.2876e-11
1.95309e-05 6.85342e-09 6.1276e-09 5.47059e-09 4.87499e-09 4.33409e-09 3.84179e-09 3.39257e-09 2.98139e-09 2.60366e-09 2.25516e-09 1.932e-09 1.6306e-09 1.34762e-09 1.07994e-09 8.24615e-10 5.78859e-10 3.39997e-10 1.05441e-10 9.47251e-11 8.51166e-11 7.64989e-11 6.87676e-11 6.18294e-11 5.56009e-11 5.00075e-11 4.49826e-11 4.04665e-11 3.64058e-11 3.27529e-11 2.94851e-11
1.75771e-05 6.1306e-09 5.47303e-09 4.87696e-09 4.33565e-09 3.843e-09 3.3935e-09 2.98208e-09 2.60415e-09 2.25548e-09 1.93219e-09 1.63068e-09 1.34762e-09 1.07988e-09 8.24513e-10 5.78734e-10 3.39863e-10 1.05315e-10 9.45901e-11 8.49763e-11 7.63564e-11 6.86254e-11 6.16897e-11 5.54655e-11 4.9878e-11 4.48603e-11 4.03525e-11 3.63013e-11 3.26586e-11 2.93816e-11 2.64502e-11
1.58191e-05 5.47596e-09 4.87936e-09 4.33759e-09 3.84457e-09 3.39474e-09 2.98304e-09 2.60488e-09 2.25602e-09 1.93257e-09 1.63093e-09 1.34776e-09 1.07994e-09 8.24513e-10 5.78692e-10 3.39797e-10 1.0524e-10 9.44999e-11 8.48758e-11 7.6249e-11 6.85141e-11 6.1577e-11 5.53535e-11 4.97685e-11 4.47548e-11 4.02524e-11 3.62077e-11 3.25725e-11 2.9304e-11 2.63637e-11 2.37334e-11
1.42374e-05 4.88219e-09 4.33993e-09 3.84648e-09 3.39628e-09 2.98428e-09 2.60585e-09 2.25677e-09 1.93313e-09 1.63134e-09 1.34804e-09 1.08012e-09 8.24615e-10 5.78734e-10 3.39797e-10 1.05214e-10 9.44547e-11 8.48153e-11 7.61771e-11 6.84342e-11 6.14919e-11 5.52656e-11 4.96799e-11 4.46673e-11 4.01674e-11 3.61265e-11 3.24963e-11 2.92338e-11 2.63003e-11 2.36613e-11 2.13007e-11
1.28142e-05 4.34266e-09 3.84874e-09 3.39814e-09 2.98579e-09 2.60707e-09 2.25773e-09 1.93388e-09 1.63191e-09 1.34847e-09 1.08042e-09 8.24818e-10 5.78859e-10 3.39863e-10 1.0524e-10 9.44547e-11 8.47951e-11 7.61411e-11 6.83861e-11 6.14349e-11 5.52025e-11 4.96129e-11 4.45984e-11 4.00984e-11 3.60588e-11 3.24312e-11 2.91723e-11 2.62435e-11 2.36101e-11 2.1241e-11 1.91219e-11
1.15335e-05 3.85134e-09 3.4003e-09 2.98757e-09 2.60853e-09 2.25891e-09 1.93482e-09 1.63265e-09 1.34904e-09 1.08084e-09 8.25124e-10 5.79069e-10 3.39997e-10 1.05315e-10 9.44999e-11 8.48153e-11 7.61411e-11 6.837e-11 6.14063e-11 5.51644e-11 4.9568e-11 4.45488e-11 4.00461e-11 3.60054e-11 3.23781e-11 2.91208e-11 2.61945e-11 2.35647e-11 2.12e-11 1.90728e-11 1.717e-11
1.0381e-05 3.40277e-09 2.98963e-09 2.61022e-09 2.2603e-09 1.93595e-09 1.63355e-09 1.34974e-09 1.08139e-09 8.25531e-10 5.79362e-10 3.40197e-10 1.05441e-10 9.45901e-11 8.48758e-11 7.61771e-11 6.83861e-11 6.14063e-11 5.51517e-11 4.95454e-11 4.45189e-11 4.0011e-11 3.59669e-11 3.23377e-11 2.90799e-11 2.61543e-11 2.35262e-11 2.11642e-11 1.90404e-11 1.71299e-11 1.5421e-11
9.34384e-06 2.99195e-09 2.61216e-09 2.2619e-09 1.93726e-09 1.63461e-09 1.35059e-09 1.08205e-09 8.26038e-10 5.79737e-10 3.40463e-10 1.05617e-10 9.47251e-11 8.49763e-11 7.6249e-11 6.84342e-11 6.14349e-11 5.51644e-11 4.95454e-11 4.4509e-11 3.99933e-11 3.59436e-11 3.23105e-11 2.90503e-11 2.61236e-11 2.34955e-11 2.11345e-11 1.90126e-11 1.71048e-11 1.53885e-11 1.38533e-11
8.41038e-06 2.61433e-09 2.26371e-09 1.93875e-09 1.63583e-09 1.35157e-09 1.08283e-09 8.26644e-10 5.80195e-10 3.40794e-10 1.05843e-10 9.49044e-11 8.51166e-11 7.63564e-11 6.85141e-11 6.14919e-11 5.52025e-11 4.9568e-11 4.45189e-11 3.99933e-11 3.59358e-11 3.22969e-11 2.90324e-11 2.61029e-11 2.34731e-11 2.11116e-11 1.89902e-11 1.70836e-11 1.53693e-11 1.38271e-11 1.24477e-11
7.57021e-06 2.26573e-09 1.94043e-09 1.63721e-09 1.3527e-09 1.08373e-09 8.2735e-10 5.80734e-10 3.4119e-10 1.06117e-10 9.51272e-11 8.5296e-11 7.64989e-11 6.86254e-11 6.1577e-11 5.52656e-11 4.96129e-11 4.45488e-11 4.0011e-11 3.59436e-11 3.22969e-11 2.90264e-11 2.60924e-11 2.34596e-11 2.10961e-11 1.89737e-11 1.70671e-11 1.53536e-11 1.38129e-11 1.24269e-11 1.11872e-11
6.81394e-06 1.94229e-09 1.63875e-09 1.35395e-09 1.08475e-09 8.28152e-10 5.81352e-10 3.41649e-10 1.06438e-10 9.53929e-11 8.55138e-11 7.66759e-11 6.87676e-11 6.16897e-11 5.53535e-11 4.96799e-11 4.45984e-11 4.00461e-11 3.59669e-11 3.23105e-11 2.90324e-11 2.60924e-11 2.3455e-11 2.10883e-11 1.89637e-11 1.70559e-11 1.5342e-11 1.38016e-11 1.24167e-11 1.11708e-11 1.00564e-11
6.13314e-06 1.64044e-09 1.35534e-09 1.08587e-09 8.2905e-10 5.82049e-10 3.4217e-10 1.06806e-10 9.57001e-11 8.57689e-11 7.68864e-11 6.89399e-11 6.18294e-11 5.54655e-11 4.97685e-11 4.46673e-11 4.00984e-11 3.60054e-11 3.23377e-11 2.90503e-11 2.61029e-11 2.34596e-11 2.10883e-11 1.89604e-11 1.70502e-11 1.53348e-11 1.37939e-11 1.2409e-11 1.11638e-11 1.00436e-11 9.04161e-12
5.5202e-06 1.35686e-09 1.08711e-09 8.30041e-10 5.82821e-10 3.42751e-10 1.07218e-10 9.60475e-11 8.60602e-11 7.71292e-11 6.91413e-11 6.19952e-11 5.56009e-11 4.9878e-11 4.47548e-11 4.01674e-11 3.60588e-11 3.23781e-11 2.90799e-11 2.61236e-11 2.34731e-11 2.10961e-11 1.89637e-11 1.70502e-11 1.53324e-11 1.37899e-11 1.24042e-11 1.11588e-11 1.0039e-11 9.03171e-12 8.1307e-12
4.9683e-06 1.08846e-09 8.31121e-10 5.83667e-10 3.43389e-10 1.07673e-10 9.64331e-11 8.63858e-11 7.7403e-11 6.93704e-11 6.21859e-11 5.57586e-11 5.00075e-11 4.48603e-11 4.02524e-11 3.61265e-11 3.24312e-11 2.91208e-11 2.61543e-11 2.34955e-11 2.11116e-11 1.89737e-11 1.70559e-11 1.53348e-11 1.37899e-11 1.24025e-11 1.11562e-11 1.00362e-11 9.02905e-12 8.12307e-12 7.3127e-12
4.47129e-06 8.32288e-10 5.84584e-10 3.44082e-10 1.08168e-10 9.68546e-11 8.67436e-11 7.77057e-11 6.96255e-11 6.23999e-11 5.59373e-11 5.01558e-11 4.49826e-11 4.03525e-11 3.62077e-11 3.24963e-11 2.91723e-11 2.61945e-11 2.35262e-11 2.11345e-11 1.89902e-11 1.70671e-11 1.5342e-11 1.37939e-11 1.24042e-11 1.11562e-11 1.00352e-11 9.02764e-12 8.12174e-12 7.30679e-12 6.57786e-12
4.02362e-06 5.85566e-10 3.44827e-10 1.087e-10 9.73091e-11 8.71311e-11 7.80351e-11 6.99045e-11 6.26354e-11 5.61353e-11 5.03214e-11 4.51204e-11 4.04665e-11 3.63013e-11 3.25725e-11 2.92338e-11 2.62435e-11 2.35647e-11 2.11642e-11 1.90126e-11 1.70836e-11 1.53536e-11 1.38016e-11 1.2409e-11 1.11588e-11 1.00362e-11 9.02764e-12 8.12127e-12 7.30632e-12 6.5732e-12 5.91744e-12
3.62032e-06 3.45618e-10 1.09264e-10 9.77928e-11 8.75448e-11 7.8388e-11 7.02047e-11 6.289e-11 5.63503e-11 5.05024e-11 4.52719e-11 4.05928e-11 3.64058e-11 3.26586e-11 2.9304e-11 2.63003e-11 2.36101e-11 2.12e-11 1.90404e-11 1.71048e-11 1.53693e-11 1.38129e-11 1.24167e-11 1.11638e-11 1.0039e-11 9.02905e-12 8.12174e-12 7.30632e-12 6.57315e-12 5.91359e-12 5.32364e-12
3.25689e-06 1.09855e-10 9.83009e-11 8.79805e-11 7.87608e-11 7.05228e-11 6.31606e-11 5.65797e-11 5.06962e-11 4.5435e-11 4.07294e-11 3.65197e-11 3.27529e-11 2.93816e-11 2.63637e-11 2.36613e-11 2.1241e-11 1.90728e-11 1.71299e-11 1.53885e-11 1.38271e-11 1.24269e-11 1.11708e-11 1.00436e-11 9.03171e-12 8.12307e-12 7.30679e-12 6.5732e-12 5.91359e-12 5.32022e-12 4.78946e-12
2.93241e-06 9.88924e-11 8.84912e-11 7.9201e-11 7.09015e-11 6.34857e-11 5.68582e-11 5.09342e-11 4.56378e-11 4.09017e-11 3.66656e-11 3.2876e-11 2.94851e-11 2.64502e-11 2.37334e-11 2.13007e-11 1.91219e-11 1.717e-11 1.5421e-11 1.38533e-11 1.24477e-11 1.11872e-11 1.00564e-11 9.04161e-12 8.1307e-12 7.3127e-12 6.57786e-12 5.91744e-12 5.32364e-12 4.78946e-12 4.31166e-12
