0.940435 0.00134785 0.00125799 0.00117412 0.00109585 0.00102279 0.000954606 0.000890966 0.000831568 0.00077613 0.000724388 0.000676095 0.000631022 0.000588954 0.000549691 0.000513045 0.000478842 0.000446919 0.000417124 0.000389316 0.000363362 0.000339137 0.000316528 0.000295426 0.000275731 0.000257349 0.000240193 0.00022418 0.000209234 0.000195285 0.000182266 0.000170115 0.000158774 0.000148189 0.00013831 0.000129089 0.000120483 0.000112451 0.000104954 9.79575e-05 9.1427e-05 8.53319e-05 7.96431e-05 7.43335e-05 6.9378e-05 6.47528e-05 6.04359e-05 5.64069e-05 5.26464e-05 4.91366e-05 4.58609e-05 4.28035e-05 3.99499e-05 3.72866e-05 3.48008e-05 3.24808e-05 3.03154e-05 2.82944e-05 2.64081e-05 2.46475e-05 2.30044e-05 2.14707e-05 2.00393e-05 1.87034e-05 1.74565e-05 1.62927e-05 1.52066e-05 1.41928e-05 1.32466e-05 1.23635e-05 1.15393e-05 1.077e-05 1.0052e-05 9.38184e-06 8.75639e-06 8.17263e-06 7.62779e-06 7.11927e-06 6.64465e-06 6.20167e-06 5.78823e-06 5.40235e-06 5.04219e-06 4.70604e-06 4.39231e-06 4.09949e-06 3.82619e-06 3.57111e-06 3.33303e-06 3.11083e-06 2.90344e-06 2.70988e-06 2.52922e-06 2.36061e-06 2.20323e-06 2.05635e-06 1.91926e-06 1.79131e-06 1.67189e-06 1.56043e-06 1.4564e-06
0.00134785 6.1139e-05 5.76034e-05 5.42675e-05 5.11204e-05 4.81517e-05 4.53517e-05 4.27109e-05 4.02207e-05 3.78727e-05 3.5659e-05 3.35722e-05 3.16051e-05 2.97511e-05 2.80038e-05 2.63572e-05 2.48058e-05 2.3344e-05 2.19669e-05 2.06697e-05 1.94478e-05 1.82969e-05 1.72131e-05 1.61925e-05 1.52314e-05 1.43265e-05 1.34746e-05 1.26726e-05 1.19176e-05 1.1207e-05 1.05382e-05 9.90868e-06 9.3163e-06 8.75887e-06 8.23435e-06 7.74085e-06 7.27654e-06 6.83974e-06 6.42884e-06 6.04233e-06 5.67878e-06 5.33685e-06 5.01527e-06 4.71285e-06 4.42846e-06 4.16104e-06 3.9096e-06 3.67319e-06 3.45092e-06 3.24197e-06 3.04554e-06 2.86089e-06 2.68732e-06 2.52418e-06 2.37085e-06 2.22675e-06 2.09132e-06 1.96405e-06 1.84446e-06 1.73208e-06 1.62649e-06 1.52728e-06 1.43407e-06 1.3465e-06 1.26423e-06 1.18695e-06 1.11435e-06 1.04616e-06 9.82101e-07 9.21939e-07 8.65433e-07 8.12363e-07 7.62524e-07 7.15719e-07 6.71765e-07 6.30491e-07 5.91735e-07 5.55344e-07 5.21175e-07 4.89094e-07 4.58974e-07 4.30696e-07 4.04149e-07 3.79227e-07 3.55832e-07 3.33871e-07 3.13256e-07 2.93907e-07 2.75745e-07 2.58698e-07 2.42698e-07 2.27683e-07 2.1359e-07 2.00365e-07 1.87953e-07 1.76307e-07 1.65377e-07 1.55121e-07 1.45498e-07 1.36469e-07 1.27996e-07
0.00125799 5.76034e-05 5.42921e-05 5.11664e-05 4.82164e-05 4.54325e-05 4.28057e-05 4.03273e-05 3.79894e-05 3.5784e-05 3.3704e-05 3.17424e-05 2.98927e-05 2.81486e-05 2.65044e-05 2.49543e-05 2.34932e-05 2.21161e-05 2.08183e-05 1.95953e-05 1.84429e-05 1.73572e-05 1.63342e-05 1.53706e-05 1.4463e-05 1.3608e-05 1.28029e-05 1.20446e-05 1.13306e-05 1.06583e-05 1.00253e-05 9.42939e-06 8.86839e-06 8.34031e-06 7.84325e-06 7.37542e-06 6.93513e-06 6.52079e-06 6.13089e-06 5.76401e-06 5.41882e-06 5.09405e-06 4.78852e-06 4.5011e-06 4.23073e-06 3.97641e-06 3.73722e-06 3.51225e-06 3.30068e-06 3.10172e-06 2.91462e-06 2.73869e-06 2.57328e-06 2.41775e-06 2.27153e-06 2.13407e-06 2.00484e-06 1.88337e-06 1.76919e-06 1.66186e-06 1.56099e-06 1.46618e-06 1.37708e-06 1.29335e-06 1.21466e-06 1.14073e-06 1.07125e-06 1.00597e-06 9.44635e-07 8.8701e-07 8.32872e-07 7.82012e-07 7.34233e-07 6.89351e-07 6.47192e-07 6.07592e-07 5.70396e-07 5.35461e-07 5.0265e-07 4.71836e-07 4.42896e-07 4.1572e-07 3.90199e-07 3.66235e-07 3.43732e-07 3.22603e-07 3.02764e-07 2.84137e-07 2.66648e-07 2.50229e-07 2.34815e-07 2.20345e-07 2.0676e-07 1.94008e-07 1.82038e-07 1.70802e-07 1.60255e-07 1.50356e-07 1.41065e-07 1.32344e-07 1.2416e-07
0.00117412 5.42675e-05 5.11664e-05 4.8238e-05 4.5473e-05 4.28626e-05 4.03985e-05 3.80728e-05 3.58779e-05 3.38067e-05 3.18525e-05 3.00089e-05 2.82697e-05 2.66292e-05 2.5082e-05 2.3623e-05 2.22471e-05 2.09499e-05 1.97269e-05 1.85741e-05 1.74873e-05 1.64631e-05 1.54978e-05 1.45881e-05 1.3731e-05 1.29234e-05 1.21625e-05 1.14457e-05 1.07706e-05 1.01346e-05 9.53562e-06 8.97152e-06 8.44032e-06 7.94012e-06 7.46916e-06 7.02574e-06 6.60829e-06 6.21532e-06 5.84541e-06 5.49723e-06 5.16953e-06 4.86112e-06 4.57089e-06 4.29777e-06 4.04078e-06 3.79898e-06 3.57148e-06 3.35745e-06 3.1561e-06 2.96669e-06 2.78853e-06 2.62095e-06 2.46334e-06 2.31511e-06 2.1757e-06 2.04461e-06 1.92133e-06 1.80542e-06 1.69643e-06 1.59395e-06 1.49761e-06 1.40704e-06 1.32189e-06 1.24186e-06 1.16662e-06 1.0959e-06 1.02943e-06 9.66961e-07 9.08248e-07 8.5307e-07 8.01217e-07 7.52491e-07 7.06703e-07 6.6368e-07 6.23255e-07 5.85274e-07 5.49589e-07 5.16064e-07 4.84568e-07 4.54981e-07 4.27187e-07 4.01078e-07 3.76554e-07 3.53519e-07 3.31884e-07 3.11563e-07 2.92478e-07 2.74554e-07 2.57722e-07 2.41914e-07 2.2707e-07 2.13131e-07 2.00042e-07 1.87752e-07 1.76213e-07 1.65378e-07 1.55205e-07 1.45655e-07 1.36688e-07 1.28271e-07 1.20368e-07
0.00109585 5.11204e-05 4.82164e-05 4.5473e-05 4.28816e-05 4.04341e-05 3.81229e-05 3.59406e-05 3.38802e-05 3.19352e-05 3.00994e-05 2.83667e-05 2.67316e-05 2.51887e-05 2.3733e-05 2.23598e-05 2.10644e-05 1.98425e-05 1.86902e-05 1.76035e-05 1.65788e-05 1.56127e-05 1.47019e-05 1.38433e-05 1.30339e-05 1.22711e-05 1.15522e-05 1.08747e-05 1.02363e-05 9.63484e-06 9.06813e-06 8.53425e-06 8.03134e-06 7.55762e-06 7.11145e-06 6.69124e-06 6.29551e-06 5.92287e-06 5.57199e-06 5.24161e-06 4.93057e-06 4.63775e-06 4.3621e-06 4.10263e-06 3.8584e-06 3.62854e-06 3.41221e-06 3.20862e-06 3.01704e-06 2.83677e-06 2.66715e-06 2.50756e-06 2.35742e-06 2.21617e-06 2.08329e-06 1.9583e-06 1.84073e-06 1.73015e-06 1.62614e-06 1.52832e-06 1.43634e-06 1.34983e-06 1.26849e-06 1.192e-06 1.12008e-06 1.05246e-06 9.8889e-07 9.29123e-07 8.72937e-07 8.2012e-07 7.70471e-07 7.23802e-07 6.79937e-07 6.38709e-07 5.9996e-07 5.63544e-07 5.2932e-07 4.97159e-07 4.66937e-07 4.38538e-07 4.11853e-07 3.8678e-07 3.63223e-07 3.41089e-07 3.20295e-07 3.0076e-07 2.82408e-07 2.65168e-07 2.48973e-07 2.3376e-07 2.19471e-07 2.0605e-07 1.93444e-07 1.81604e-07 1.70485e-07 1.60042e-07 1.50234e-07 1.41024e-07 1.32375e-07 1.24254e-07 1.16627e-07
0.00102279 4.81517e-05 4.54325e-05 4.28626e-05 4.04341e-05 3.81396e-05 3.59719e-05 3.39243e-05 3.19904e-05 3.01641e-05 2.84396e-05 2.68114e-05 2.52742e-05 2.38233e-05 2.24538e-05 2.11614e-05 1.99419e-05 1.87911e-05 1.77055e-05 1.66813e-05 1.57153e-05 1.48041e-05 1.39448e-05 1.31344e-05 1.23703e-05 1.16499e-05 1.09707e-05 1.03304e-05 9.72692e-06 9.15809e-06 8.62199e-06 8.11678e-06 7.64072e-06 7.19215e-06 6.76952e-06 6.37137e-06 5.99629e-06 5.64298e-06 5.3102e-06 4.99678e-06 4.7016e-06 4.42363e-06 4.16188e-06 3.91541e-06 3.68336e-06 3.46489e-06 3.25922e-06 3.06561e-06 2.88336e-06 2.71182e-06 2.55037e-06 2.39842e-06 2.25542e-06 2.12085e-06 1.99423e-06 1.87508e-06 1.76298e-06 1.65751e-06 1.55828e-06 1.46494e-06 1.37713e-06 1.29453e-06 1.21684e-06 1.14376e-06 1.07503e-06 1.0104e-06 9.49612e-07 8.92449e-07 8.38697e-07 7.88154e-07 7.4063e-07 6.95946e-07 6.53936e-07 6.1444e-07 5.7731e-07 5.42406e-07 5.09594e-07 4.78752e-07 4.49761e-07 4.22512e-07 3.96902e-07 3.72832e-07 3.50211e-07 3.28952e-07 3.08974e-07 2.902e-07 2.7256e-07 2.55983e-07 2.40408e-07 2.25774e-07 2.12025e-07 1.99107e-07 1.86972e-07 1.7557e-07 1.6486e-07 1.54799e-07 1.45348e-07 1.3647e-07 1.28131e-07 1.20298e-07 1.12942e-07
0.000954606 4.53517e-05 4.28057e-05 4.03985e-05 3.81229e-05 3.59719e-05 3.39391e-05 3.2018e-05 3.0203e-05 2.84882e-05 2.68684e-05 2.53385e-05 2.38936e-05 2.25293e-05 2.1241e-05 2.00248e-05 1.88768e-05 1.77931e-05 1.67704e-05 1.58053e-05 1.48946e-05 1.40353e-05 1.32247e-05 1.246e-05 1.17387e-05 1.10584e-05 1.04168e-05 9.81176e-06 9.24129e-06 8.70342e-06 8.19634e-06 7.71833e-06 7.26774e-06 6.84305e-06 6.44279e-06 6.06559e-06 5.71014e-06 5.37522e-06 5.05965e-06 4.76235e-06 4.48228e-06 4.21845e-06 3.96994e-06 3.73587e-06 3.51543e-06 3.30782e-06 3.11232e-06 2.92823e-06 2.7549e-06 2.5917e-06 2.43805e-06 2.29341e-06 2.15725e-06 2.02908e-06 1.90844e-06 1.79489e-06 1.68802e-06 1.58745e-06 1.49281e-06 1.40375e-06 1.31995e-06 1.2411e-06 1.16692e-06 1.09712e-06 1.03146e-06 9.69691e-07 9.11585e-07 8.56929e-07 8.0552e-07 7.57166e-07 7.1169e-07 6.6892e-07 6.28698e-07 5.90874e-07 5.55305e-07 5.2186e-07 4.90413e-07 4.60845e-07 4.33045e-07 4.06908e-07 3.82337e-07 3.59238e-07 3.37523e-07 3.17111e-07 2.97925e-07 2.7989e-07 2.62939e-07 2.47007e-07 2.32034e-07 2.17962e-07 2.04737e-07 1.92309e-07 1.8063e-07 1.69656e-07 1.59344e-07 1.49655e-07 1.40551e-07 1.31997e-07 1.2396e-07 1.1641e-07 1.09316e-07
0.000890966 4.27109e-05 4.03273e-05 3.80728e-05 3.59406e-05 3.39243e-05 3.2018e-05 3.02159e-05 2.85125e-05 2.69027e-05 2.53814e-05 2.39439e-05 2.25859e-05 2.13031e-05 2.00914e-05 1.8947e-05 1.78664e-05 1.6846e-05 1.58827e-05 1.49732e-05 1.41148e-05 1.33046e-05 1.25399e-05 1.18184e-05 1.11376e-05 1.04952e-05 9.88924e-06 9.31761e-06 8.77844e-06 8.26992e-06 7.79035e-06 7.33813e-06 6.91172e-06 6.50969e-06 6.13067e-06 5.77337e-06 5.43657e-06 5.11912e-06 4.81994e-06 4.53798e-06 4.27228e-06 4.02191e-06 3.78601e-06 3.56376e-06 3.35438e-06 3.15714e-06 2.97134e-06 2.79634e-06 2.63151e-06 2.47628e-06 2.33009e-06 2.19243e-06 2.0628e-06 1.94075e-06 1.82584e-06 1.71765e-06 1.6158e-06 1.51992e-06 1.42967e-06 1.34472e-06 1.26477e-06 1.18952e-06 1.1187e-06 1.05205e-06 9.89338e-07 9.30324e-07 8.74796e-07 8.2255e-07 7.73395e-07 7.27149e-07 6.83644e-07 6.42717e-07 6.04219e-07 5.68006e-07 5.33944e-07 5.01907e-07 4.71776e-07 4.43439e-07 4.16789e-07 3.91728e-07 3.68162e-07 3.46001e-07 3.25164e-07 3.05572e-07 2.87152e-07 2.69833e-07 2.53551e-07 2.38244e-07 2.23854e-07 2.10327e-07 1.97612e-07 1.85659e-07 1.74425e-07 1.63866e-07 1.53941e-07 1.44613e-07 1.35847e-07 1.27609e-07 1.19867e-07 1.12591e-07 1.05755e-07
0.000831568 4.02207e-05 3.79894e-05 3.58779e-05 3.38802e-05 3.19904e-05 3.0203e-05 2.85125e-05 2.69141e-05 2.54028e-05 2.39741e-05 2.26237e-05 2.13474e-05 2.01413e-05 1.90017e-05 1.79251e-05 1.6908e-05 1.59473e-05 1.504e-05 1.41831e-05 1.33741e-05 1.26102e-05 1.1889e-05 1.12082e-05 1.05657e-05 9.95926e-06 9.38697e-06 8.84694e-06 8.33742e-06 7.85671e-06 7.40322e-06 6.97545e-06 6.57198e-06 6.19145e-06 5.83259e-06 5.49419e-06 5.17511e-06 4.87428e-06 4.59066e-06 4.3233e-06 4.07127e-06 3.83372e-06 3.60983e-06 3.39883e-06 3.2e-06 3.01263e-06 2.83609e-06 2.66976e-06 2.51305e-06 2.36542e-06 2.22636e-06 2.09537e-06 1.97199e-06 1.85579e-06 1.74635e-06 1.64329e-06 1.54624e-06 1.45486e-06 1.36882e-06 1.28781e-06 1.21154e-06 1.13974e-06 1.07215e-06 1.00853e-06 9.48643e-07 8.92276e-07 8.39224e-07 7.89296e-07 7.42309e-07 6.98092e-07 6.56483e-07 6.17332e-07 5.80493e-07 5.45833e-07 5.13224e-07 4.82545e-07 4.53684e-07 4.26534e-07 4.00995e-07 3.76972e-07 3.54377e-07 3.33124e-07 3.13136e-07 2.94337e-07 2.76658e-07 2.60032e-07 2.44398e-07 2.29696e-07 2.15872e-07 2.02874e-07 1.90653e-07 1.79162e-07 1.68359e-07 1.58203e-07 1.48655e-07 1.39679e-07 1.31241e-07 1.2331e-07 1.15855e-07 1.08847e-07 1.02261e-07
0.00077613 3.78727e-05 3.5784e-05 3.38067e-05 3.19352e-05 3.01641e-05 2.84882e-05 2.69027e-05 2.54028e-05 2.39842e-05 2.26426e-05 2.13741e-05 2.01747e-05 1.90409e-05 1.79692e-05 1.69563e-05 1.59991e-05 1.50947e-05 1.42402e-05 1.3433e-05 1.26705e-05 1.19504e-05 1.12703e-05 1.06281e-05 1.00217e-05 9.44926e-06 8.90886e-06 8.39875e-06 7.9173e-06 7.46293e-06 7.03416e-06 6.62958e-06 6.24785e-06 5.88773e-06 5.54801e-06 5.22756e-06 4.92531e-06 4.64026e-06 4.37144e-06 4.11795e-06 3.87894e-06 3.65358e-06 3.44113e-06 3.24085e-06 3.05206e-06 2.8741e-06 2.70639e-06 2.54832e-06 2.39936e-06 2.25899e-06 2.12673e-06 2.00211e-06 1.8847e-06 1.77409e-06 1.66989e-06 1.57174e-06 1.47929e-06 1.39221e-06 1.3102e-06 1.23296e-06 1.16023e-06 1.09174e-06 1.02725e-06 9.66523e-07 9.09351e-07 8.55525e-07 8.04852e-07 7.5715e-07 7.12247e-07 6.6998e-07 6.30197e-07 5.92754e-07 5.57514e-07 5.24349e-07 4.93138e-07 4.63769e-07 4.36132e-07 4.10128e-07 3.85661e-07 3.6264e-07 3.40982e-07 3.20607e-07 3.01438e-07 2.83406e-07 2.66444e-07 2.50489e-07 2.35482e-07 2.21367e-07 2.08091e-07 1.95605e-07 1.83863e-07 1.7282e-07 1.62435e-07 1.5267e-07 1.43488e-07 1.34854e-07 1.26736e-07 1.19103e-07 1.11926e-07 1.05179e-07 9.88364e-08
0.000724388 3.5659e-05 3.3704e-05 3.18525e-05 3.00994e-05 2.84396e-05 2.68684e-05 2.53814e-05 2.39741e-05 2.26426e-05 2.13829e-05 2.01914e-05 1.90644e-05 1.79986e-05 1.69908e-05 1.6038e-05 1.51373e-05 1.4286e-05 1.34813e-05 1.27209e-05 1.20024e-05 1.13236e-05 1.06823e-05 1.00766e-05 9.50442e-06 8.96409e-06 8.45384e-06 7.97206e-06 7.51719e-06 7.08777e-06 6.68242e-06 6.29981e-06 5.93872e-06 5.59794e-06 5.27638e-06 4.97297e-06 4.68671e-06 4.41665e-06 4.1619e-06 3.9216e-06 3.69496e-06 3.48121e-06 3.27964e-06 3.08956e-06 2.91034e-06 2.74136e-06 2.58205e-06 2.43186e-06 2.2903e-06 2.15685e-06 2.03108e-06 1.91255e-06 1.80084e-06 1.69558e-06 1.59639e-06 1.50293e-06 1.41487e-06 1.33191e-06 1.25376e-06 1.18013e-06 1.11079e-06 1.04547e-06 9.83943e-07 9.26001e-07 8.71434e-07 8.20047e-07 7.71658e-07 7.26095e-07 6.83194e-07 6.42802e-07 6.04774e-07 5.68973e-07 5.35271e-07 5.03546e-07 4.73683e-07 4.45574e-07 4.19118e-07 3.94218e-07 3.70784e-07 3.48731e-07 3.27977e-07 3.08448e-07 2.90072e-07 2.72781e-07 2.56512e-07 2.41206e-07 2.26805e-07 2.13257e-07 2.00512e-07 1.88522e-07 1.77244e-07 1.66635e-07 1.56656e-07 1.47271e-07 1.38443e-07 1.30141e-07 1.22333e-07 1.1499e-07 1.08084e-07 1.01591e-07 9.54846e-08
0.000676095 3.35722e-05 3.17424e-05 3.00089e-05 2.83667e-05 2.68114e-05 2.53385e-05 2.39439e-05 2.26237e-05 2.13741e-05 2.01914e-05 1.90722e-05 1.80133e-05 1.70116e-05 1.6064e-05 1.51678e-05 1.43203e-05 1.3519e-05 1.27613e-05 1.20451e-05 1.13682e-05 1.07283e-05 1.01237e-05 9.55237e-06 9.01257e-06 8.50262e-06 8.02091e-06 7.56592e-06 7.13622e-06 6.73043e-06 6.34726e-06 5.98549e-06 5.64395e-06 5.32153e-06 5.0172e-06 4.72996e-06 4.45887e-06 4.20306e-06 3.96167e-06 3.73391e-06 3.51903e-06 3.31632e-06 3.12511e-06 2.94474e-06 2.77463e-06 2.61419e-06 2.46289e-06 2.32023e-06 2.18571e-06 2.05887e-06 1.9393e-06 1.82657e-06 1.72031e-06 1.62015e-06 1.52574e-06 1.43677e-06 1.35292e-06 1.2739e-06 1.19943e-06 1.12927e-06 1.06317e-06 1.00088e-06 9.42207e-07 8.86932e-07 8.34863e-07 7.85816e-07 7.3962e-07 6.9611e-07 6.55132e-07 6.16541e-07 5.80199e-07 5.45978e-07 5.13755e-07 4.83415e-07 4.54849e-07 4.27954e-07 4.02635e-07 3.78799e-07 3.56361e-07 3.3524e-07 3.1536e-07 2.96648e-07 2.79036e-07 2.62461e-07 2.46861e-07 2.32181e-07 2.18367e-07 2.05368e-07 1.93136e-07 1.81626e-07 1.70797e-07 1.60609e-07 1.51024e-07 1.42006e-07 1.33522e-07 1.25542e-07 1.18034e-07 1.10973e-07 1.04331e-07 9.80832e-08 9.22071e-08
0.000631022 3.16051e-05 2.98927e-05 2.82697e-05 2.67316e-05 2.52742e-05 2.38936e-05 2.25859e-05 2.13474e-05 2.01747e-05 1.90644e-05 1.80133e-05 1.70185e-05 1.6077e-05 1.51861e-05 1.43433e-05 1.35459e-05 1.27917e-05 1.20784e-05 1.14039e-05 1.07661e-05 1.01631e-05 9.59305e-06 9.05425e-06 8.54502e-06 8.06379e-06 7.60907e-06 7.17944e-06 6.77355e-06 6.39014e-06 6.02799e-06 5.68595e-06 5.36295e-06 5.05794e-06 4.76995e-06 4.49805e-06 4.24138e-06 3.99908e-06 3.77039e-06 3.55455e-06 3.35086e-06 3.15864e-06 2.97728e-06 2.80615e-06 2.64471e-06 2.49241e-06 2.34875e-06 2.21325e-06 2.08544e-06 1.96491e-06 1.85125e-06 1.74407e-06 1.643e-06 1.54772e-06 1.45788e-06 1.37319e-06 1.29336e-06 1.21811e-06 1.14718e-06 1.08033e-06 1.01732e-06 9.57952e-07 9.02003e-07 8.49283e-07 7.99608e-07 7.52806e-07 7.08712e-07 6.67173e-07 6.28041e-07 5.9118e-07 5.56459e-07 5.23756e-07 4.92955e-07 4.63947e-07 4.36628e-07 4.10902e-07 3.86677e-07 3.63866e-07 3.42388e-07 3.22166e-07 3.03127e-07 2.85202e-07 2.68328e-07 2.52443e-07 2.37491e-07 2.23416e-07 2.10168e-07 1.97699e-07 1.85963e-07 1.74918e-07 1.64524e-07 1.54743e-07 1.45538e-07 1.36876e-07 1.28726e-07 1.21057e-07 1.13842e-07 1.07053e-07 1.00667e-07 9.4658e-08 8.90054e-08
0.000588954 2.97511e-05 2.81486e-05 2.66292e-05 2.51887e-05 2.38233e-05 2.25293e-05 2.13031e-05 2.01413e-05 1.90409e-05 1.79986e-05 1.70116e-05 1.6077e-05 1.51922e-05 1.43547e-05 1.35621e-05 1.2812e-05 1.21022e-05 1.14307e-05 1.07955e-05 1.01946e-05 9.6264e-06 9.08906e-06 8.58099e-06 8.10065e-06 7.64658e-06 7.21738e-06 6.81173e-06 6.42839e-06 6.06616e-06 5.72391e-06 5.40058e-06 5.09514e-06 4.80663e-06 4.53414e-06 4.27681e-06 4.0338e-06 3.80435e-06 3.58772e-06 3.3832e-06 3.19014e-06 3.0079e-06 2.8359e-06 2.67357e-06 2.52039e-06 2.37584e-06 2.23945e-06 2.11076e-06 1.98936e-06 1.87484e-06 1.76681e-06 1.66492e-06 1.56882e-06 1.47819e-06 1.39272e-06 1.31212e-06 1.23613e-06 1.16448e-06 1.09693e-06 1.03325e-06 9.73216e-07 9.16628e-07 8.6329e-07 8.13019e-07 7.65639e-07 7.20989e-07 6.78912e-07 6.39263e-07 6.01903e-07 5.66702e-07 5.33537e-07 5.02292e-07 4.72858e-07 4.4513e-07 4.19011e-07 3.94409e-07 3.71237e-07 3.49413e-07 3.28859e-07 3.09502e-07 2.91274e-07 2.74109e-07 2.57946e-07 2.42727e-07 2.28398e-07 2.14908e-07 2.02207e-07 1.9025e-07 1.78994e-07 1.68398e-07 1.58424e-07 1.49036e-07 1.402e-07 1.31883e-07 1.24056e-07 1.16689e-07 1.09756e-07 1.03232e-07 9.70933e-08 9.13164e-08 8.58806e-08
0.000549691 2.80038e-05 2.65044e-05 2.5082e-05 2.3733e-05 2.24538e-05 2.1241e-05 2.00914e-05 1.90017e-05 1.79692e-05 1.69908e-05 1.6064e-05 1.51861e-05 1.43547e-05 1.35675e-05 1.28221e-05 1.21165e-05 1.14486e-05 1.08165e-05 1.02183e-05 9.65239e-06 9.11697e-06 8.61049e-06 8.13144e-06 7.6784e-06 7.24999e-06 6.84492e-06 6.46197e-06 6.09995e-06 5.75777e-06 5.43437e-06 5.12875e-06 4.83996e-06 4.5671e-06 4.30931e-06 4.06578e-06 3.83575e-06 3.61849e-06 3.41331e-06 3.21954e-06 3.03658e-06 2.86383e-06 2.70074e-06 2.54678e-06 2.40145e-06 2.26427e-06 2.1348e-06 2.01262e-06 1.89732e-06 1.78853e-06 1.68587e-06 1.58903e-06 1.49766e-06 1.41147e-06 1.33017e-06 1.25349e-06 1.18116e-06 1.11296e-06 1.04864e-06 9.87983e-07 9.30793e-07 8.7687e-07 8.26033e-07 7.78105e-07 7.32925e-07 6.90336e-07 6.50192e-07 6.12356e-07 5.76695e-07 5.43088e-07 5.11417e-07 4.81572e-07 4.5345e-07 4.26953e-07 4.01987e-07 3.78466e-07 3.56307e-07 3.35432e-07 3.15767e-07 2.97244e-07 2.79797e-07 2.63363e-07 2.47886e-07 2.3331e-07 2.19582e-07 2.06655e-07 1.94482e-07 1.8302e-07 1.72227e-07 1.62065e-07 1.52497e-07 1.4349e-07 1.35009e-07 1.27026e-07 1.19511e-07 1.12437e-07 1.05778e-07 9.95106e-08 9.36114e-08 8.80592e-08 8.28337e-08
0.000513045 2.63572e-05 2.49543e-05 2.3623e-05 2.23598e-05 2.11614e-05 2.00248e-05 1.8947e-05 1.79251e-05 1.69563e-05 1.6038e-05 1.51678e-05 1.43433e-05 1.35621e-05 1.28221e-05 1.21212e-05 1.14575e-05 1.08291e-05 1.02342e-05 9.67097e-06 9.13793e-06 8.63347e-06 8.15612e-06 7.70449e-06 7.27723e-06 6.87308e-06 6.49083e-06 6.12933e-06 5.7875e-06 5.4643e-06 5.15874e-06 4.86989e-06 4.59687e-06 4.33883e-06 4.09498e-06 3.86456e-06 3.64684e-06 3.44114e-06 3.24683e-06 3.06328e-06 2.88992e-06 2.72618e-06 2.57156e-06 2.42555e-06 2.28769e-06 2.15754e-06 2.03466e-06 1.91867e-06 1.80918e-06 1.70584e-06 1.60831e-06 1.51628e-06 1.42943e-06 1.34747e-06 1.27015e-06 1.19721e-06 1.12839e-06 1.06347e-06 1.00224e-06 9.4448e-07 8.90007e-07 8.38635e-07 7.9019e-07 7.44507e-07 7.01432e-07 6.60818e-07 6.22528e-07 5.86429e-07 5.52398e-07 5.20319e-07 4.90081e-07 4.61581e-07 4.34719e-07 4.09403e-07 3.85546e-07 3.63063e-07 3.41878e-07 3.21915e-07 3.03107e-07 2.85386e-07 2.6869e-07 2.52961e-07 2.38145e-07 2.24187e-07 2.1104e-07 1.98656e-07 1.86992e-07 1.76007e-07 1.65661e-07 1.55918e-07 1.46742e-07 1.38102e-07 1.29966e-07 1.22306e-07 1.15093e-07 1.08301e-07 1.01908e-07 9.58882e-08 9.02214e-08 8.48868e-08 7.98651e-08
0.000478842 2.48058e-05 2.34932e-05 2.22471e-05 2.10644e-05 1.99419e-05 1.88768e-05 1.78664e-05 1.6908e-05 1.59991e-05 1.51373e-05 1.43203e-05 1.35459e-05 1.2812e-05 1.21165e-05 1.14575e-05 1.08333e-05 1.02421e-05 9.68214e-06 9.15191e-06 8.6499e-06 8.17466e-06 7.72481e-06 7.29906e-06 6.89616e-06 6.51493e-06 6.15425e-06 5.81305e-06 5.4903e-06 5.18506e-06 4.89639e-06 4.62343e-06 4.36535e-06 4.12137e-06 3.89072e-06 3.67272e-06 3.46668e-06 3.27196e-06 3.08797e-06 2.91412e-06 2.74987e-06 2.5947e-06 2.44813e-06 2.30969e-06 2.17893e-06 2.05545e-06 1.93885e-06 1.82875e-06 1.7248e-06 1.62666e-06 1.53401e-06 1.44656e-06 1.36402e-06 1.28611e-06 1.21259e-06 1.1432e-06 1.07773e-06 1.01596e-06 9.57674e-07 9.02686e-07 8.50812e-07 8.01879e-07 7.55723e-07 7.12188e-07 6.71129e-07 6.32407e-07 5.95891e-07 5.61457e-07 5.28989e-07 4.98375e-07 4.69513e-07 4.42302e-07 4.1665e-07 3.92468e-07 3.69675e-07 3.4819e-07 3.2794e-07 3.08856e-07 2.9087e-07 2.7392e-07 2.57948e-07 2.42898e-07 2.28717e-07 2.15355e-07 2.02767e-07 1.90907e-07 1.79734e-07 1.69209e-07 1.59294e-07 1.49955e-07 1.41158e-07 1.32873e-07 1.2507e-07 1.17721e-07 1.108e-07 1.04282e-07 9.81446e-08 9.23652e-08 8.69234e-08 8.17995e-08 7.69752e-08
0.000446919 2.3344e-05 2.21161e-05 2.09499e-05 1.98425e-05 1.87911e-05 1.77931e-05 1.6846e-05 1.59473e-05 1.50947e-05 1.4286e-05 1.3519e-05 1.27917e-05 1.21022e-05 1.14486e-05 1.08291e-05 1.02421e-05 9.68586e-06 9.15891e-06 8.65977e-06 8.18703e-06 7.73935e-06 7.31546e-06 6.91415e-06 6.53425e-06 6.17468e-06 5.83439e-06 5.51237e-06 5.20768e-06 4.91943e-06 4.64675e-06 4.38883e-06 4.1449e-06 3.91422e-06 3.6961e-06 3.48987e-06 3.29491e-06 3.11061e-06 2.9364e-06 2.77176e-06 2.61617e-06 2.46914e-06 2.33022e-06 2.19897e-06 2.07498e-06 1.95785e-06 1.84721e-06 1.74272e-06 1.64404e-06 1.55085e-06 1.46286e-06 1.37978e-06 1.30134e-06 1.22729e-06 1.15739e-06 1.09141e-06 1.02913e-06 9.70359e-07 9.14892e-07 8.6255e-07 8.1316e-07 7.66559e-07 7.22592e-07 6.81113e-07 6.41983e-07 6.05072e-07 5.70255e-07 5.37416e-07 5.06445e-07 4.77236e-07 4.49692e-07 4.23718e-07 3.99227e-07 3.76134e-07 3.54362e-07 3.33836e-07 3.14485e-07 2.96244e-07 2.79049e-07 2.62841e-07 2.47565e-07 2.33167e-07 2.19598e-07 2.0681e-07 1.9476e-07 1.83405e-07 1.72705e-07 1.62623e-07 1.53124e-07 1.44175e-07 1.35744e-07 1.27801e-07 1.20319e-07 1.13271e-07 1.06632e-07 1.00379e-07 9.44887e-08 8.89415e-08 8.37172e-08 7.87972e-08 7.41639e-08
0.000417124 2.19669e-05 2.08183e-05 1.97269e-05 1.86902e-05 1.77055e-05 1.67704e-05 1.58827e-05 1.504e-05 1.42402e-05 1.34813e-05 1.27613e-05 1.20784e-05 1.14307e-05 1.08165e-05 1.02342e-05 9.68214e-06 9.15891e-06 8.66306e-06 8.19322e-06 7.74808e-06 7.3264e-06 6.92701e-06 6.54877e-06 6.1906e-06 5.85149e-06 5.53046e-06 5.22658e-06 4.93897e-06 4.66679e-06 4.40924e-06 4.16556e-06 3.93503e-06 3.71696e-06 3.51071e-06 3.31564e-06 3.13118e-06 2.95675e-06 2.79184e-06 2.63594e-06 2.48857e-06 2.34927e-06 2.21762e-06 2.0932e-06 1.97563e-06 1.86455e-06 1.75959e-06 1.66044e-06 1.56678e-06 1.4783e-06 1.39474e-06 1.31583e-06 1.2413e-06 1.17093e-06 1.10448e-06 1.04175e-06 9.82522e-07 9.26612e-07 8.73835e-07 8.2402e-07 7.77004e-07 7.32632e-07 6.90758e-07 6.51245e-07 6.13961e-07 5.78782e-07 5.45593e-07 5.14282e-07 4.84744e-07 4.56882e-07 4.30601e-07 4.05813e-07 3.82435e-07 3.60387e-07 3.39595e-07 3.19989e-07 3.01502e-07 2.8407e-07 2.67635e-07 2.52141e-07 2.37534e-07 2.23763e-07 2.10783e-07 1.98548e-07 1.87015e-07 1.76145e-07 1.65901e-07 1.56247e-07 1.47149e-07 1.38575e-07 1.30497e-07 1.22884e-07 1.15712e-07 1.08954e-07 1.02588e-07 9.65898e-08 9.09393e-08 8.56165e-08 8.06025e-08 7.58796e-08 7.14311e-08
0.000389316 2.06697e-05 1.95953e-05 1.85741e-05 1.76035e-05 1.66813e-05 1.58053e-05 1.49732e-05 1.41831e-05 1.3433e-05 1.27209e-05 1.20451e-05 1.14039e-05 1.07955e-05 1.02183e-05 9.67097e-06 9.15191e-06 8.65977e-06 8.19322e-06 7.75099e-06 7.33188e-06 6.93473e-06 6.55845e-06 6.20199e-06 5.86434e-06 5.54455e-06 5.24172e-06 4.95499e-06 4.68353e-06 4.42655e-06 4.18332e-06 3.95311e-06 3.73527e-06 3.52915e-06 3.33413e-06 3.14965e-06 2.97514e-06 2.81009e-06 2.65399e-06 2.50639e-06 2.36682e-06 2.23486e-06 2.11011e-06 1.99219e-06 1.88073e-06 1.77539e-06 1.67583e-06 1.58176e-06 1.49287e-06 1.40889e-06 1.32955e-06 1.2546e-06 1.18381e-06 1.11694e-06 1.05379e-06 9.94149e-07 9.37831e-07 8.84655e-07 8.34447e-07 7.87046e-07 7.42297e-07 7.00055e-07 6.60182e-07 6.22548e-07 5.87029e-07 5.53509e-07 5.21877e-07 4.92028e-07 4.63864e-07 4.37291e-07 4.12221e-07 3.88569e-07 3.66258e-07 3.45212e-07 3.25361e-07 3.06638e-07 2.88979e-07 2.72326e-07 2.56621e-07 2.41811e-07 2.27847e-07 2.1468e-07 2.02266e-07 1.90561e-07 1.79527e-07 1.69125e-07 1.5932e-07 1.50077e-07 1.41365e-07 1.33154e-07 1.25415e-07 1.18121e-07 1.11248e-07 1.0477e-07 9.86664e-08 9.29149e-08 8.74956e-08 8.23895e-08 7.75787e-08 7.30463e-08 6.87764e-08
0.000363362 1.94478e-05 1.84429e-05 1.74873e-05 1.65788e-05 1.57153e-05 1.48946e-05 1.41148e-05 1.33741e-05 1.26705e-05 1.20024e-05 1.13682e-05 1.07661e-05 1.01946e-05 9.65239e-06 9.13793e-06 8.6499e-06 8.18703e-06 7.74808e-06 7.33188e-06 6.93731e-06 6.5633e-06 6.20882e-06 5.87291e-06 5.55463e-06 5.2531e-06 4.96747e-06 4.69694e-06 4.44074e-06 4.19815e-06 3.96845e-06 3.75101e-06 3.54518e-06 3.35037e-06 3.166e-06 2.99154e-06 2.82647e-06 2.6703e-06 2.52257e-06 2.38284e-06 2.25067e-06 2.12569e-06 2.0075e-06 1.89574e-06 1.79009e-06 1.69021e-06 1.59579e-06 1.50655e-06 1.4222e-06 1.3425e-06 1.26718e-06 1.19601e-06 1.12876e-06 1.06524e-06 1.00522e-06 9.48538e-07 8.94997e-07 8.44429e-07 7.96673e-07 7.51575e-07 7.08992e-07 6.68785e-07 6.30825e-07 5.94987e-07 5.61156e-07 5.29222e-07 4.9908e-07 4.7063e-07 4.43781e-07 4.18443e-07 3.94532e-07 3.7197e-07 3.50682e-07 3.30596e-07 3.11647e-07 2.93771e-07 2.76907e-07 2.61e-07 2.45996e-07 2.31845e-07 2.18498e-07 2.05911e-07 1.9404e-07 1.82847e-07 1.72292e-07 1.6234e-07 1.52957e-07 1.4411e-07 1.3577e-07 1.27908e-07 1.20496e-07 1.13509e-07 1.06924e-07 1.00717e-07 9.48663e-08 8.93526e-08 8.41563e-08 7.92595e-08 7.46449e-08 7.02966e-08 6.61993e-08
0.000339137 1.82969e-05 1.73572e-05 1.64631e-05 1.56127e-05 1.48041e-05 1.40353e-05 1.33046e-05 1.26102e-05 1.19504e-05 1.13236e-05 1.07283e-05 1.01631e-05 9.6264e-06 9.11697e-06 8.63347e-06 8.17466e-06 7.73935e-06 7.3264e-06 6.93473e-06 6.5633e-06 6.2111e-06 5.8772e-06 5.56068e-06 5.26069e-06 4.9764e-06 4.70702e-06 4.4518e-06 4.21003e-06 3.98103e-06 3.76415e-06 3.55878e-06 3.36432e-06 3.18021e-06 3.00594e-06 2.84098e-06 2.68485e-06 2.53711e-06 2.39731e-06 2.26504e-06 2.1399e-06 2.02153e-06 1.90957e-06 1.80368e-06 1.70354e-06 1.60885e-06 1.51932e-06 1.43467e-06 1.35465e-06 1.27901e-06 1.20751e-06 1.13994e-06 1.07608e-06 1.01574e-06 9.58721e-07 9.04849e-07 8.53954e-07 8.05874e-07 7.60458e-07 7.1756e-07 6.77044e-07 6.38781e-07 6.02647e-07 5.68526e-07 5.36309e-07 5.05891e-07 4.77174e-07 4.50063e-07 4.24472e-07 4.00316e-07 3.77516e-07 3.55997e-07 3.35689e-07 3.16524e-07 2.98439e-07 2.81375e-07 2.65274e-07 2.50083e-07 2.35752e-07 2.22232e-07 2.09479e-07 1.97448e-07 1.86101e-07 1.75399e-07 1.65305e-07 1.55785e-07 1.46808e-07 1.38343e-07 1.3036e-07 1.22834e-07 1.15737e-07 1.09046e-07 1.02738e-07 9.67916e-08 9.11858e-08 8.59014e-08 8.09204e-08 7.62254e-08 7.18003e-08 6.76297e-08 6.36991e-08
0.000316528 1.72131e-05 1.63342e-05 1.54978e-05 1.47019e-05 1.39448e-05 1.32247e-05 1.25399e-05 1.1889e-05 1.12703e-05 1.06823e-05 1.01237e-05 9.59305e-06 9.08906e-06 8.61049e-06 8.15612e-06 7.72481e-06 7.31546e-06 6.92701e-06 6.55845e-06 6.20882e-06 5.8772e-06 5.5627e-06 5.26449e-06 4.98176e-06 4.71374e-06 4.45971e-06 4.21896e-06 3.99083e-06 3.77469e-06 3.56993e-06 3.37597e-06 3.19227e-06 3.01831e-06 2.85358e-06 2.69762e-06 2.54998e-06 2.41022e-06 2.27794e-06 2.15275e-06 2.03428e-06 1.92219e-06 1.81614e-06 1.71582e-06 1.62092e-06 1.53116e-06 1.44627e-06 1.36599e-06 1.29009e-06 1.21831e-06 1.15046e-06 1.08631e-06 1.02568e-06 9.68366e-07 9.142e-07 8.63011e-07 8.14639e-07 7.68933e-07 7.25749e-07 6.8495e-07 6.46408e-07 6.1e-07 5.75611e-07 5.4313e-07 5.12455e-07 4.83487e-07 4.56132e-07 4.30302e-07 4.05914e-07 3.82889e-07 3.61152e-07 3.40633e-07 3.21263e-07 3.0298e-07 2.85724e-07 2.69438e-07 2.54069e-07 2.39566e-07 2.2588e-07 2.12966e-07 2.00782e-07 1.89286e-07 1.78441e-07 1.6821e-07 1.58559e-07 1.49456e-07 1.40869e-07 1.3277e-07 1.25132e-07 1.17929e-07 1.11136e-07 1.0473e-07 9.86891e-08 9.29934e-08 8.76231e-08 8.25598e-08 7.77863e-08 7.32861e-08 6.90437e-08 6.50445e-08 6.12749e-08
0.000295426 1.61925e-05 1.53706e-05 1.45881e-05 1.38433e-05 1.31344e-05 1.246e-05 1.18184e-05 1.12082e-05 1.06281e-05 1.00766e-05 9.55237e-06 9.05425e-06 8.58099e-06 8.13144e-06 7.70449e-06 7.29906e-06 6.91415e-06 6.54877e-06 6.20199e-06 5.87291e-06 5.56068e-06 5.26449e-06 4.98355e-06 4.71711e-06 4.46446e-06 4.22492e-06 3.99784e-06 3.7826e-06 3.57861e-06 3.38531e-06 3.20216e-06 3.02864e-06 2.86428e-06 2.7086e-06 2.56116e-06 2.42155e-06 2.28936e-06 2.16421e-06 2.04574e-06 1.9336e-06 1.82747e-06 1.72703e-06 1.63199e-06 1.54207e-06 1.457e-06 1.37652e-06 1.3004e-06 1.2284e-06 1.16031e-06 1.09592e-06 1.03503e-06 9.77464e-07 9.2304e-07 8.71591e-07 8.22959e-07 7.76992e-07 7.33549e-07 6.92493e-07 6.53697e-07 6.17038e-07 5.82401e-07 5.49678e-07 5.18765e-07 4.89563e-07 4.6198e-07 4.35927e-07 4.11322e-07 3.88086e-07 3.66143e-07 3.45423e-07 3.2586e-07 3.07389e-07 2.89951e-07 2.73489e-07 2.57949e-07 2.43281e-07 2.29436e-07 2.16369e-07 2.04037e-07 1.92399e-07 1.81417e-07 1.71054e-07 1.61276e-07 1.52051e-07 1.43347e-07 1.35136e-07 1.2739e-07 1.20082e-07 1.1319e-07 1.06689e-07 1.00557e-07 9.47737e-08 8.93197e-08 8.41763e-08 7.93261e-08 7.47525e-08 7.044e-08 6.63738e-08 6.25401e-08 5.89257e-08
0.000275731 1.52314e-05 1.4463e-05 1.3731e-05 1.30339e-05 1.23703e-05 1.17387e-05 1.11376e-05 1.05657e-05 1.00217e-05 9.50442e-06 9.01257e-06 8.54502e-06 8.10065e-06 7.6784e-06 7.27723e-06 6.89616e-06 6.53425e-06 6.1906e-06 5.86434e-06 5.55463e-06 5.26069e-06 4.98176e-06 4.71711e-06 4.46604e-06 4.2279e-06 4.00205e-06 3.78788e-06 3.58482e-06 3.39232e-06 3.20986e-06 3.03692e-06 2.87304e-06 2.71776e-06 2.57065e-06 2.43128e-06 2.29928e-06 2.17426e-06 2.05587e-06 1.94377e-06 1.83763e-06 1.73716e-06 1.64205e-06 1.55203e-06 1.46683e-06 1.38621e-06 1.30993e-06 1.23775e-06 1.16947e-06 1.10488e-06 1.04379e-06 9.86003e-07 9.31358e-07 8.79684e-07 8.30823e-07 7.84626e-07 7.40952e-07 6.99666e-07 6.6064e-07 6.23753e-07 5.88891e-07 5.55945e-07 5.24813e-07 4.95395e-07 4.676e-07 4.4134e-07 4.16533e-07 3.93098e-07 3.70963e-07 3.50055e-07 3.30309e-07 3.1166e-07 2.9405e-07 2.77421e-07 2.61719e-07 2.46894e-07 2.32898e-07 2.19684e-07 2.07211e-07 1.95437e-07 1.84323e-07 1.73833e-07 1.63934e-07 1.54591e-07 1.45774e-07 1.37454e-07 1.29603e-07 1.22196e-07 1.15207e-07 1.08613e-07 1.02393e-07 9.65249e-08 9.09895e-08 8.57681e-08 8.08433e-08 7.61982e-08 7.18173e-08 6.76857e-08 6.37894e-08 6.01152e-08 5.66505e-08
0.000257349 1.43265e-05 1.3608e-05 1.29234e-05 1.22711e-05 1.16499e-05 1.10584e-05 1.04952e-05 9.95926e-06 9.44926e-06 8.96409e-06 8.50262e-06 8.06379e-06 7.64658e-06 7.24999e-06 6.87308e-06 6.51493e-06 6.17468e-06 5.85149e-06 5.54455e-06 5.2531e-06 4.9764e-06 4.71374e-06 4.46446e-06 4.2279e-06 4.00345e-06 3.79052e-06 3.58855e-06 3.397e-06 3.21536e-06 3.04314e-06 2.87987e-06 2.72511e-06 2.57842e-06 2.43942e-06 2.3077e-06 2.1829e-06 2.06468e-06 1.9527e-06 1.84663e-06 1.74619e-06 1.65108e-06 1.56102e-06 1.47576e-06 1.39506e-06 1.31867e-06 1.24636e-06 1.17794e-06 1.1132e-06 1.05193e-06 9.93975e-07 9.39145e-07 8.87279e-07 8.38223e-07 7.91826e-07 7.4795e-07 7.0646e-07 6.67229e-07 6.30138e-07 5.95073e-07 5.61925e-07 5.30592e-07 5.00977e-07 4.72987e-07 4.46536e-07 4.21541e-07 3.97922e-07 3.75607e-07 3.54523e-07 3.34605e-07 3.1579e-07 2.98017e-07 2.8123e-07 2.65375e-07 2.50402e-07 2.36261e-07 2.22908e-07 2.103e-07 1.98396e-07 1.87156e-07 1.76545e-07 1.66528e-07 1.57072e-07 1.48147e-07 1.39722e-07 1.31771e-07 1.24267e-07 1.17185e-07 1.10502e-07 1.04196e-07 9.82453e-08 9.2631e-08 8.73339e-08 8.23364e-08 7.76218e-08 7.31743e-08 6.8979e-08 6.50217e-08 6.1289e-08 5.77685e-08 5.44482e-08
0.000240193 1.34746e-05 1.28029e-05 1.21625e-05 1.15522e-05 1.09707e-05 1.04168e-05 9.88924e-06 9.38697e-06 8.90886e-06 8.45384e-06 8.02091e-06 7.60907e-06 7.21738e-06 6.84492e-06 6.49083e-06 6.15425e-06 5.83439e-06 5.53046e-06 5.24172e-06 4.96747e-06 4.70702e-06 4.45971e-06 4.22492e-06 4.00205e-06 3.79052e-06 3.5898e-06 3.39935e-06 3.21867e-06 3.04729e-06 2.88476e-06 2.73062e-06 2.58448e-06 2.44593e-06 2.3146e-06 2.19012e-06 2.07215e-06 1.96037e-06 1.85446e-06 1.75412e-06 1.65907e-06 1.56905e-06 1.48379e-06 1.40305e-06 1.3266e-06 1.25423e-06 1.18571e-06 1.12085e-06 1.05947e-06 1.00137e-06 9.46391e-07 8.9437e-07 8.45149e-07 7.98584e-07 7.54534e-07 7.12867e-07 6.73457e-07 6.36186e-07 6.00939e-07 5.6761e-07 5.36097e-07 5.06302e-07 4.78135e-07 4.51509e-07 4.26341e-07 4.02552e-07 3.8007e-07 3.58823e-07 3.38745e-07 3.19774e-07 3.01848e-07 2.84913e-07 2.68913e-07 2.538e-07 2.39523e-07 2.26038e-07 2.13301e-07 2.01273e-07 1.89913e-07 1.79187e-07 1.69057e-07 1.59494e-07 1.50464e-07 1.41939e-07 1.33891e-07 1.26293e-07 1.19122e-07 1.12352e-07 1.05963e-07 9.99333e-08 9.42425e-08 8.8872e-08 8.38041e-08 7.9022e-08 7.45097e-08 7.02523e-08 6.62356e-08 6.24461e-08 5.88711e-08 5.54986e-08 5.23174e-08
0.00022418 1.26726e-05 1.20446e-05 1.14457e-05 1.08747e-05 1.03304e-05 9.81176e-06 9.31761e-06 8.84694e-06 8.39875e-06 7.97206e-06 7.56592e-06 7.17944e-06 6.81173e-06 6.46197e-06 6.12933e-06 5.81305e-06 5.51237e-06 5.22658e-06 4.95499e-06 4.69694e-06 4.4518e-06 4.21896e-06 3.99784e-06 3.78788e-06 3.58855e-06 3.39935e-06 3.21977e-06 3.04937e-06 2.88769e-06 2.73431e-06 2.58882e-06 2.45083e-06 2.31998e-06 2.19591e-06 2.07828e-06 1.96678e-06 1.86109e-06 1.76093e-06 1.66602e-06 1.57609e-06 1.49089e-06 1.41018e-06 1.33373e-06 1.26133e-06 1.19277e-06 1.12784e-06 1.06637e-06 1.00818e-06 9.53089e-07 9.00946e-07 8.51596e-07 8.04892e-07 7.60697e-07 7.18881e-07 6.79317e-07 6.41889e-07 6.06484e-07 5.72995e-07 5.4132e-07 5.11365e-07 4.83038e-07 4.56253e-07 4.30927e-07 4.06983e-07 3.84347e-07 3.62949e-07 3.42724e-07 3.23607e-07 3.05539e-07 2.88465e-07 2.7233e-07 2.57084e-07 2.42679e-07 2.29069e-07 2.16212e-07 2.04066e-07 1.92592e-07 1.81755e-07 1.71519e-07 1.61852e-07 1.52722e-07 1.44101e-07 1.3596e-07 1.28273e-07 1.21015e-07 1.14163e-07 1.07694e-07 1.01587e-07 9.58224e-08 9.0381e-08 8.52449e-08 8.03973e-08 7.58222e-08 7.15046e-08 6.74301e-08 6.35852e-08 5.99572e-08 5.65339e-08 5.33041e-08 5.02568e-08
0.000209234 1.19176e-05 1.13306e-05 1.07706e-05 1.02363e-05 9.72692e-06 9.24129e-06 8.77844e-06 8.33742e-06 7.9173e-06 7.51719e-06 7.13622e-06 6.77355e-06 6.42839e-06 6.09995e-06 5.7875e-06 5.4903e-06 5.20768e-06 4.93897e-06 4.68353e-06 4.44074e-06 4.21003e-06 3.99083e-06 3.7826e-06 3.58482e-06 3.397e-06 3.21867e-06 3.04937e-06 2.88867e-06 2.73615e-06 2.59142e-06 2.4541e-06 2.32382e-06 2.20025e-06 2.08305e-06 1.97191e-06 1.86653e-06 1.76662e-06 1.67191e-06 1.58214e-06 1.49706e-06 1.41643e-06 1.34004e-06 1.26767e-06 1.1991e-06 1.13416e-06 1.07265e-06 1.01439e-06 9.59231e-07 9.07002e-07 8.57554e-07 8.10743e-07 7.66433e-07 7.24494e-07 6.84803e-07 6.47242e-07 6.117e-07 5.78072e-07 5.46258e-07 5.16161e-07 4.87691e-07 4.60763e-07 4.35295e-07 4.1121e-07 3.88434e-07 3.66898e-07 3.46536e-07 3.27285e-07 3.09086e-07 2.91883e-07 2.75622e-07 2.60253e-07 2.45727e-07 2.32e-07 2.19028e-07 2.06771e-07 1.9519e-07 1.84248e-07 1.7391e-07 1.64145e-07 1.5492e-07 1.46207e-07 1.37977e-07 1.30205e-07 1.22864e-07 1.15932e-07 1.09386e-07 1.03205e-07 9.73693e-08 9.18593e-08 8.66573e-08 8.17464e-08 7.71106e-08 7.27345e-08 6.8604e-08 6.47054e-08 6.10258e-08 5.75532e-08 5.4276e-08 5.11834e-08 4.82651e-08
0.000195285 1.1207e-05 1.06583e-05 1.01346e-05 9.63484e-06 9.15809e-06 8.70342e-06 8.26992e-06 7.85671e-06 7.46293e-06 7.08777e-06 6.73043e-06 6.39014e-06 6.06616e-06 5.75777e-06 5.4643e-06 5.18506e-06 4.91943e-06 4.66679e-06 4.42655e-06 4.19815e-06 3.98103e-06 3.77469e-06 3.57861e-06 3.39232e-06 3.21536e-06 3.04729e-06 2.88769e-06 2.73615e-06 2.59229e-06 2.45573e-06 2.32613e-06 2.20315e-06 2.08646e-06 1.97577e-06 1.87077e-06 1.77118e-06 1.67674e-06 1.58719e-06 1.50229e-06 1.42181e-06 1.34552e-06 1.27322e-06 1.20471e-06 1.13979e-06 1.07828e-06 1.02001e-06 9.64809e-07 9.12529e-07 8.63017e-07 8.1613e-07 7.71734e-07 7.297e-07 6.89907e-07 6.52238e-07 6.16583e-07 5.82838e-07 5.50903e-07 5.20683e-07 4.92088e-07 4.65034e-07 4.3944e-07 4.15228e-07 3.92327e-07 3.70665e-07 3.50179e-07 3.30806e-07 3.12486e-07 2.95163e-07 2.78785e-07 2.63301e-07 2.48663e-07 2.34826e-07 2.21747e-07 2.09386e-07 1.97703e-07 1.86662e-07 1.76229e-07 1.6637e-07 1.57055e-07 1.48255e-07 1.3994e-07 1.32086e-07 1.24666e-07 1.17658e-07 1.11038e-07 1.04786e-07 9.88816e-08 9.33056e-08 8.80402e-08 8.30682e-08 7.83735e-08 7.3941e-08 6.97562e-08 6.58055e-08 6.20759e-08 5.85553e-08 5.52321e-08 5.20955e-08 4.91349e-08 4.63408e-08
0.000182266 1.05382e-05 1.00253e-05 9.53562e-06 9.06813e-06 8.62199e-06 8.19634e-06 7.79035e-06 7.40322e-06 7.03416e-06 6.68242e-06 6.34726e-06 6.02799e-06 5.72391e-06 5.43437e-06 5.15874e-06 4.89639e-06 4.64675e-06 4.40924e-06 4.18332e-06 3.96845e-06 3.76415e-06 3.56993e-06 3.38531e-06 3.20986e-06 3.04314e-06 2.88476e-06 2.73431e-06 2.59142e-06 2.45573e-06 2.3269e-06 2.2046e-06 2.08851e-06 1.97834e-06 1.8738e-06 1.7746e-06 1.6805e-06 1.59124e-06 1.50658e-06 1.4263e-06 1.35018e-06 1.278e-06 1.20958e-06 1.14473e-06 1.08326e-06 1.02501e-06 9.69818e-07 9.17522e-07 8.67978e-07 8.21047e-07 7.76594e-07 7.34494e-07 6.94624e-07 6.56872e-07 6.21127e-07 5.87286e-07 5.5525e-07 5.24926e-07 4.96225e-07 4.69062e-07 4.43357e-07 4.19034e-07 3.9602e-07 3.74247e-07 3.53648e-07 3.34163e-07 3.15733e-07 2.98302e-07 2.81816e-07 2.66226e-07 2.51485e-07 2.37546e-07 2.24367e-07 2.11908e-07 2.0013e-07 1.88996e-07 1.78472e-07 1.68526e-07 1.59125e-07 1.50242e-07 1.41847e-07 1.33914e-07 1.26419e-07 1.19338e-07 1.12648e-07 1.06328e-07 1.00358e-07 9.47185e-08 8.93919e-08 8.43611e-08 7.96099e-08 7.51229e-08 7.08857e-08 6.68846e-08 6.31066e-08 5.95395e-08 5.61717e-08 5.29922e-08 4.99906e-08 4.71571e-08 4.44825e-08
0.000170115 9.90868e-06 9.42939e-06 8.97152e-06 8.53425e-06 8.11678e-06 7.71833e-06 7.33813e-06 6.97545e-06 6.62958e-06 6.29981e-06 5.98549e-06 5.68595e-06 5.40058e-06 5.12875e-06 4.86989e-06 4.62343e-06 4.38883e-06 4.16556e-06 3.95311e-06 3.75101e-06 3.55878e-06 3.37597e-06 3.20216e-06 3.03692e-06 2.87987e-06 2.73062e-06 2.58882e-06 2.4541e-06 2.32613e-06 2.2046e-06 2.0892e-06 1.97963e-06 1.87562e-06 1.77689e-06 1.68319e-06 1.59428e-06 1.50993e-06 1.4299e-06 1.35399e-06 1.28199e-06 1.21372e-06 1.14898e-06 1.0876e-06 1.02941e-06 9.74251e-07 9.21975e-07 8.72433e-07 8.25489e-07 7.81009e-07 7.38869e-07 6.9895e-07 6.61138e-07 6.25326e-07 5.91411e-07 5.59296e-07 5.28887e-07 5.00097e-07 4.72842e-07 4.47042e-07 4.22622e-07 3.9951e-07 3.77638e-07 3.5694e-07 3.37355e-07 3.18826e-07 3.01296e-07 2.84712e-07 2.69025e-07 2.54188e-07 2.40155e-07 2.26884e-07 2.14334e-07 2.02467e-07 1.91247e-07 1.80638e-07 1.70609e-07 1.61128e-07 1.52166e-07 1.43695e-07 1.35689e-07 1.28122e-07 1.20972e-07 1.14214e-07 1.07829e-07 1.01796e-07 9.60965e-08 9.07114e-08 8.56241e-08 8.08184e-08 7.62789e-08 7.19912e-08 6.79415e-08 6.41168e-08 6.05048e-08 5.70938e-08 5.38728e-08 5.08314e-08 4.79597e-08 4.52483e-08 4.26886e-08
0.000158774 9.3163e-06 8.86839e-06 8.44032e-06 8.03134e-06 7.64072e-06 7.26774e-06 6.91172e-06 6.57198e-06 6.24785e-06 5.93872e-06 5.64395e-06 5.36295e-06 5.09514e-06 4.83996e-06 4.59687e-06 4.36535e-06 4.1449e-06 3.93503e-06 3.73527e-06 3.54518e-06 3.36432e-06 3.19227e-06 3.02864e-06 2.87304e-06 2.72511e-06 2.58448e-06 2.45083e-06 2.32382e-06 2.20315e-06 2.08851e-06 1.97963e-06 1.87622e-06 1.77803e-06 1.68481e-06 1.59631e-06 1.51232e-06 1.4326e-06 1.35696e-06 1.28519e-06 1.2171e-06 1.15252e-06 1.09127e-06 1.03318e-06 9.78104e-07 9.25882e-07 8.76376e-07 8.2945e-07 7.84972e-07 7.42821e-07 7.02878e-07 6.65032e-07 6.29176e-07 5.95209e-07 5.63034e-07 5.3256e-07 5.037e-07 4.7637e-07 4.50491e-07 4.2599e-07 4.02794e-07 3.80835e-07 3.60051e-07 3.40378e-07 3.2176e-07 3.04141e-07 2.8747e-07 2.71695e-07 2.56771e-07 2.42652e-07 2.29295e-07 2.16662e-07 2.04713e-07 1.93412e-07 1.82724e-07 1.72618e-07 1.63062e-07 1.54026e-07 1.45484e-07 1.37408e-07 1.29773e-07 1.22557e-07 1.15736e-07 1.09289e-07 1.03196e-07 9.74382e-08 9.19972e-08 8.68558e-08 8.19979e-08 7.74081e-08 7.30718e-08 6.89753e-08 6.51056e-08 6.14502e-08 5.79975e-08 5.47364e-08 5.16564e-08 4.87477e-08 4.60008e-08 4.34069e-08 4.09576e-08
