0.920569 0.00710704 0.0056264 0.00445424 0.00352627 0.00279163 0.00221004 0.00174962 0.00138511 0.00109655 0.0008681 0.000687246 0.00054407 0.000430722 0.000340988 0.000269949 0.00021371 0.000169187 0.00013394 0.000106035 8.39447e-05 6.64562e-05 5.26112e-05 4.16505e-05 3.29733e-05 2.61039e-05 2.06656e-05 1.63603e-05 1.29519e-05 1.02536e-05 8.1174e-06 6.42628e-06 5.08747e-06 4.02758e-06 3.1885e-06 2.52423e-06 1.99835e-06 1.58203e-06 1.25244e-06 9.91513e-07 7.84948e-07 6.21417e-07 4.91955e-07 3.89464e-07 3.08326e-07 2.44091e-07 1.93239e-07 1.52981e-07 1.2111e-07 9.58786e-08 7.59039e-08 6.00906e-08 4.75717e-08 3.7661e-08 2.98149e-08 2.36035e-08 1.86861e-08 1.47932e-08 1.17112e-08 9.2714e-09 7.33986e-09 5.81072e-09 4.60016e-09 3.64179e-09 2.88308e-09 2.28244e-09 1.80693e-09 1.43049e-09 1.13247e-09 8.96539e-10 7.0976e-10 5.61893e-10 4.44832e-10 3.52159e-10 2.78792e-10 2.20711e-10 1.74729e-10 1.38327e-10 1.09509e-10 8.66947e-11 6.86333e-11 5.43347e-11 4.3015e-11 3.40535e-11 2.6959e-11 2.13426e-11 1.68962e-11 1.33762e-11 1.05895e-11 8.38332e-12 6.6368e-12 5.25413e-12 4.15952e-12 3.29295e-12 2.60692e-12 2.06381e-12 1.63385e-12 1.29347e-12 1.02399e-12 8.10662e-13 6.41774e-13
0.00710704 0.000425853 0.000342539 0.000275456 0.000221457 0.000178002 0.000143041 0.000114922 9.23105e-05 7.41326e-05 5.95223e-05 4.77821e-05 3.83501e-05 3.07743e-05 2.46906e-05 1.98061e-05 1.58851e-05 1.27382e-05 1.02131e-05 8.18725e-06 6.56222e-06 5.25894e-06 4.21387e-06 3.37599e-06 2.70434e-06 2.16601e-06 1.73461e-06 1.38895e-06 1.11203e-06 8.90208e-07 7.12546e-07 5.70273e-07 4.56353e-07 3.65149e-07 2.9214e-07 2.33702e-07 1.86934e-07 1.49509e-07 1.19565e-07 9.56079e-08 7.64437e-08 6.11149e-08 4.88553e-08 3.90513e-08 3.12118e-08 2.49438e-08 1.99328e-08 1.59271e-08 1.27253e-08 1.01663e-08 8.12126e-09 6.48706e-09 5.18129e-09 4.13804e-09 3.30459e-09 2.63881e-09 2.10701e-09 1.68226e-09 1.34304e-09 1.07215e-09 8.55835e-10 6.83118e-10 5.45221e-10 4.35132e-10 3.47249e-10 2.77099e-10 2.21106e-10 1.76416e-10 1.40751e-10 1.12289e-10 8.95773e-11 7.14552e-11 5.6996e-11 4.54602e-11 3.62571e-11 2.89156e-11 2.30594e-11 1.83882e-11 1.46626e-11 1.16911e-11 9.32143e-12 7.43166e-12 5.92472e-12 4.72312e-12 3.76504e-12 3.00116e-12 2.39215e-12 1.90663e-12 1.51959e-12 1.21106e-12 9.65135e-13 7.69113e-13 6.12877e-13 4.88358e-13 3.89121e-13 3.10037e-13 2.47016e-13 1.96797e-13 1.56781e-13 1.24897e-13 9.94935e-14
0.0056264 0.000342539 0.00027578 0.000221974 0.000178621 0.0001437 0.000115578 9.2939e-05 7.47176e-05 6.00556e-05 4.82606e-05 3.87743e-05 3.11465e-05 2.50144e-05 2.00858e-05 1.61253e-05 1.29435e-05 1.03877e-05 8.33514e-06 6.68707e-06 5.364e-06 4.30203e-06 3.44979e-06 2.76597e-06 2.21737e-06 1.77733e-06 1.42441e-06 1.14142e-06 9.14534e-07 7.3265e-07 5.86865e-07 4.70031e-07 3.76411e-07 3.01402e-07 2.41313e-07 1.93181e-07 1.54633e-07 1.23763e-07 9.90453e-08 7.92559e-08 6.3414e-08 5.07335e-08 4.05847e-08 3.24629e-08 2.5964e-08 2.07642e-08 1.66043e-08 1.32766e-08 1.06148e-08 8.486e-09 6.78355e-09 5.42219e-09 4.33368e-09 3.46341e-09 2.76769e-09 2.21155e-09 1.76703e-09 1.41175e-09 1.12783e-09 9.00934e-10 7.19637e-10 5.74783e-10 4.59055e-10 3.66603e-10 2.92751e-10 2.33761e-10 1.86646e-10 1.49018e-10 1.18968e-10 9.49717e-11 7.58111e-11 6.05126e-11 4.82985e-11 3.85475e-11 3.07634e-11 2.45498e-11 1.95901e-11 1.56316e-11 1.24723e-11 9.95097e-12 7.93894e-12 6.33341e-12 5.05232e-12 4.03016e-12 3.21464e-12 2.56402e-12 2.04498e-12 1.63093e-12 1.30066e-12 1.03722e-12 8.27102e-13 6.59519e-13 5.25868e-13 4.19283e-13 3.34286e-13 2.66509e-13 2.12465e-13 1.69373e-13 1.35015e-13 1.07623e-13 8.57845e-14
0.00445424 0.000275456 0.000221974 0.000178827 0.000144029 0.000115973 9.33593e-05 7.51369e-05 6.04573e-05 4.86346e-05 3.91154e-05 3.14527e-05 2.52859e-05 2.03241e-05 1.63328e-05 1.31228e-05 1.05418e-05 8.46683e-06 6.79913e-06 5.45897e-06 4.38225e-06 3.51732e-06 2.82266e-06 2.26485e-06 1.81699e-06 1.45749e-06 1.16894e-06 9.3739e-07 7.51603e-07 6.02558e-07 4.83006e-07 3.87124e-07 3.10237e-07 2.48591e-07 1.9917e-07 1.59555e-07 1.27806e-07 1.02362e-07 8.19749e-08 6.56411e-08 5.25563e-08 4.20755e-08 3.36814e-08 2.69592e-08 2.15765e-08 1.72669e-08 1.38168e-08 1.10551e-08 8.84453e-09 7.07538e-09 5.65962e-09 4.52676e-09 3.62036e-09 2.89521e-09 2.31512e-09 1.85111e-09 1.47998e-09 1.18317e-09 9.45816e-10 7.5602e-10 6.04266e-10 4.82938e-10 3.85945e-10 3.0841e-10 2.46434e-10 1.969e-10 1.57312e-10 1.25675e-10 1.00394e-10 8.01936e-11 6.40538e-11 5.11591e-11 4.08579e-11 3.26289e-11 2.60558e-11 2.08056e-11 1.66124e-11 1.32635e-11 1.05892e-11 8.45363e-12 6.74839e-12 5.38684e-12 4.29977e-12 3.4319e-12 2.73906e-12 2.18599e-12 1.7445e-12 1.39211e-12 1.11085e-12 8.86378e-13 7.0723e-13 5.64264e-13 4.50178e-13 3.59143e-13 2.86504e-13 2.28547e-13 1.82306e-13 1.45415e-13 1.15984e-13 9.25057e-14 7.37772e-14
0.00352627 0.000221457 0.000178621 0.000144029 0.000116105 9.35698e-05 7.53891e-05 6.07258e-05 4.89027e-05 3.93723e-05 3.1692e-05 2.55043e-05 2.05203e-05 1.65068e-05 1.32756e-05 1.06748e-05 8.58189e-06 6.89802e-06 5.54355e-06 4.45424e-06 3.57837e-06 2.87424e-06 2.30829e-06 1.85348e-06 1.48806e-06 1.19449e-06 9.58702e-07 7.69344e-07 6.173e-07 4.95236e-07 3.97255e-07 3.18617e-07 2.55513e-07 2.04881e-07 1.64262e-07 1.3168e-07 1.05548e-07 8.45924e-08 6.77896e-08 5.43184e-08 4.35194e-08 3.48637e-08 2.79266e-08 2.23675e-08 1.79133e-08 1.43446e-08 1.14858e-08 9.19583e-09 7.36176e-09 5.89294e-09 4.71676e-09 3.77501e-09 3.02102e-09 2.41743e-09 1.93427e-09 1.54755e-09 1.23805e-09 9.90366e-10 7.92174e-10 6.33596e-10 5.06724e-10 4.05227e-10 3.24036e-10 2.59094e-10 2.07153e-10 1.65614e-10 1.32395e-10 1.05832e-10 8.45927e-11 6.76116e-11 5.40359e-11 4.31833e-11 3.45082e-11 2.75742e-11 2.20322e-11 1.76029e-11 1.40633e-11 1.12348e-11 8.97471e-12 7.16886e-12 5.72605e-12 4.57338e-12 3.65255e-12 2.91697e-12 2.32941e-12 1.8601e-12 1.48527e-12 1.18591e-12 9.46845e-13 7.55934e-13 6.03487e-13 4.81761e-13 3.8457e-13 3.06972e-13 2.4502e-13 1.95563e-13 1.56081e-13 1.24565e-13 9.94087e-14 7.93292e-14 6.33029e-14
0.00279163 0.000178002 0.0001437 0.000115973 9.35698e-05 7.54733e-05 6.08603e-05 4.90639e-05 3.95441e-05 3.18636e-05 2.56687e-05 2.06735e-05 1.66467e-05 1.34013e-05 1.07864e-05 8.67991e-06 6.98342e-06 5.61743e-06 4.51778e-06 3.63272e-06 2.92053e-06 2.34756e-06 1.88668e-06 1.51603e-06 1.218e-06 9.78401e-07 7.85816e-07 6.31045e-07 5.06682e-07 4.0677e-07 3.26514e-07 2.62057e-07 2.10296e-07 1.68737e-07 1.35374e-07 1.08594e-07 8.71005e-08 6.98531e-08 5.60143e-08 4.49121e-08 3.60063e-08 2.88633e-08 2.31349e-08 1.85414e-08 1.48584e-08 1.19058e-08 9.53893e-09 7.64188e-09 6.12151e-09 4.90316e-09 3.92694e-09 3.14479e-09 2.51821e-09 2.01629e-09 1.61428e-09 1.29231e-09 1.03447e-09 8.28007e-10 6.62699e-10 5.30351e-10 4.24402e-10 3.39593e-10 2.71711e-10 2.17382e-10 1.73904e-10 1.39112e-10 1.11273e-10 8.89984e-11 7.11782e-11 5.69223e-11 4.55187e-11 3.63973e-11 2.91018e-11 2.32672e-11 1.86012e-11 1.487e-11 1.18866e-11 9.50115e-12 7.59399e-12 6.0693e-12 4.85046e-12 3.87617e-12 3.09741e-12 2.47498e-12 1.97752e-12 1.57997e-12 1.26227e-12 1.0084e-12 8.0555e-13 6.43473e-13 5.1398e-13 4.10527e-13 3.27881e-13 2.61861e-13 2.09124e-13 1.67e-13 1.33355e-13 1.06484e-13 8.50236e-14 6.78853e-14 5.41991e-14
0.00221004 0.000143041 0.000115578 9.33593e-05 7.53891e-05 6.08603e-05 4.91177e-05 3.96301e-05 3.19667e-05 2.57787e-05 2.07834e-05 1.67521e-05 1.34996e-05 1.08761e-05 8.76058e-06 7.05504e-06 5.68037e-06 4.57264e-06 3.6802e-06 2.96138e-06 2.38252e-06 1.91647e-06 1.54131e-06 1.23937e-06 9.96423e-07 8.00966e-07 6.43748e-07 5.17309e-07 4.15641e-07 3.33905e-07 2.68204e-07 2.154e-07 1.72968e-07 1.38876e-07 1.11489e-07 8.94916e-08 7.18252e-08 5.76391e-08 4.62494e-08 3.71059e-08 2.97666e-08 2.38763e-08 1.91494e-08 1.53567e-08 1.23138e-08 9.87286e-09 7.91495e-09 6.34468e-09 5.08544e-09 4.07573e-09 3.26618e-09 2.61719e-09 2.09696e-09 1.67999e-09 1.34581e-09 1.07801e-09 8.63428e-10 6.915e-10 5.53762e-10 4.43423e-10 3.55042e-10 2.84254e-10 2.27562e-10 1.82163e-10 1.4581e-10 1.16704e-10 9.34006e-11 7.47453e-11 5.98119e-11 4.78588e-11 3.82919e-11 3.06353e-11 2.45081e-11 1.96051e-11 1.5682e-11 1.25431e-11 1.00319e-11 8.02293e-12 6.41591e-12 5.13047e-12 4.10234e-12 3.28005e-12 2.62244e-12 2.09655e-12 1.67603e-12 1.33978e-12 1.07094e-12 8.55993e-13 6.84154e-13 5.46784e-13 4.36973e-13 3.49199e-13 2.79041e-13 2.22969e-13 1.78155e-13 1.42341e-13 1.13722e-13 9.08525e-14 7.25788e-14 5.7978e-14 4.63124e-14
0.00174962 0.000114922 9.2939e-05 7.51369e-05 6.07258e-05 4.90639e-05 3.96301e-05 3.20011e-05 2.58337e-05 2.08495e-05 1.68225e-05 1.357e-05 1.09437e-05 8.8236e-06 7.11263e-06 5.73216e-06 4.61864e-06 3.72065e-06 2.99665e-06 2.41306e-06 1.94275e-06 1.56381e-06 1.25856e-06 1.01271e-06 8.14745e-07 6.55369e-07 5.27082e-07 4.23839e-07 3.40766e-07 2.73933e-07 2.20175e-07 1.76941e-07 1.42177e-07 1.14226e-07 9.17585e-08 7.37e-08 5.91879e-08 4.75273e-08 3.81591e-08 3.06338e-08 2.45896e-08 1.97357e-08 1.58381e-08 1.27088e-08 1.01967e-08 8.18021e-09 6.56183e-09 5.26309e-09 4.22097e-09 3.38486e-09 2.7141e-09 2.17606e-09 1.74451e-09 1.39841e-09 1.12088e-09 8.98344e-10 7.19927e-10 5.76895e-10 4.62241e-10 3.70343e-10 2.96691e-10 2.37667e-10 1.9037e-10 1.52474e-10 1.22112e-10 9.77889e-11 7.83047e-11 6.26981e-11 5.01983e-11 4.01878e-11 3.21713e-11 2.57521e-11 2.06124e-11 1.64974e-11 1.3203e-11 1.05658e-11 8.45481e-12 6.76517e-12 5.41286e-12 4.33061e-12 3.46453e-12 2.7715e-12 2.21697e-12 1.77329e-12 1.41832e-12 1.13434e-12 9.07175e-13 7.25461e-13 5.80115e-13 4.63864e-13 3.7089e-13 2.96535e-13 2.37075e-13 1.89528e-13 1.5151e-13 1.21111e-13 9.68075e-14 7.73771e-14 6.18436e-14 4.94262e-14 3.95003e-14
0.00138511 9.23105e-05 7.47176e-05 6.04573e-05 4.89027e-05 3.95441e-05 3.19667e-05 2.58337e-05 2.08715e-05 1.68578e-05 1.36123e-05 1.09888e-05 8.86877e-06 7.15599e-06 5.77263e-06 4.65563e-06 3.75393e-06 3.02623e-06 2.43908e-06 1.96544e-06 1.58347e-06 1.27548e-06 1.02721e-06 8.27108e-07 6.65869e-07 5.35969e-07 4.31337e-07 3.47074e-07 2.79227e-07 2.24608e-07 1.80644e-07 1.45264e-07 1.16796e-07 9.3894e-08 7.54719e-08 6.06559e-08 4.87419e-08 3.91629e-08 3.14624e-08 2.52728e-08 2.02984e-08 1.63012e-08 1.30895e-08 1.05094e-08 8.4369e-09 6.77236e-09 5.43562e-09 4.36227e-09 3.5005e-09 2.80868e-09 2.25337e-09 1.80766e-09 1.44998e-09 1.16296e-09 9.32664e-10 7.47905e-10 5.99693e-10 4.80809e-10 3.85459e-10 3.08991e-10 2.47673e-10 1.98506e-10 1.59087e-10 1.27485e-10 1.02153e-10 8.1848e-11 6.5574e-11 5.2532e-11 4.20807e-11 3.37063e-11 2.69965e-11 2.16209e-11 1.73145e-11 1.38648e-11 1.11018e-11 8.88873e-12 7.11638e-12 5.69706e-12 4.56052e-12 3.65049e-12 2.92187e-12 2.33854e-12 1.87155e-12 1.49773e-12 1.1985e-12 9.59004e-13 7.67321e-13 6.13917e-13 4.91154e-13 3.92918e-13 3.14314e-13 2.51421e-13 2.01102e-13 1.60846e-13 1.28641e-13 1.0288e-13 8.22729e-14 6.57904e-14 5.26074e-14 4.2064e-14 3.36321e-14
0.00109655 7.41326e-05 6.00556e-05 4.86346e-05 3.93723e-05 3.18636e-05 2.57787e-05 2.08495e-05 1.68578e-05 1.36265e-05 1.10115e-05 8.89594e-06 7.18498e-06 5.80163e-06 4.68348e-06 3.77994e-06 3.05e-06 2.46048e-06 1.98447e-06 1.60021e-06 1.2901e-06 1.03987e-06 8.38016e-07 6.75216e-07 5.43943e-07 4.38113e-07 3.52811e-07 2.84069e-07 2.28683e-07 1.84066e-07 1.4813e-07 1.19191e-07 9.58918e-08 7.71354e-08 6.20388e-08 4.98897e-08 4.01143e-08 3.22499e-08 2.59238e-08 2.0836e-08 1.67446e-08 1.34549e-08 1.08102e-08 8.68429e-09 6.97565e-09 5.60255e-09 4.49922e-09 3.61278e-09 2.90067e-09 2.32868e-09 1.86929e-09 1.50037e-09 1.20414e-09 9.66297e-10 7.75362e-10 6.22095e-10 4.99078e-10 4.00351e-10 3.21125e-10 2.57554e-10 2.0655e-10 1.65632e-10 1.32809e-10 1.06482e-10 8.53668e-11 6.84331e-11 5.48542e-11 4.39663e-11 3.52368e-11 2.82385e-11 2.26284e-11 1.81315e-11 1.45273e-11 1.16386e-11 9.32377e-12 7.4688e-12 5.98247e-12 4.79161e-12 3.83755e-12 3.07326e-12 2.46103e-12 1.97064e-12 1.57786e-12 1.2633e-12 1.01139e-12 8.09658e-13 6.48129e-13 5.18795e-13 4.15246e-13 3.32346e-13 2.65982e-13 2.12858e-13 1.70335e-13 1.363e-13 1.0906e-13 8.72588e-14 6.98124e-14 5.58514e-14 4.46801e-14 3.57415e-14 2.85897e-14
0.0008681 5.95223e-05 4.82606e-05 3.91154e-05 3.1692e-05 2.56687e-05 2.07834e-05 1.68225e-05 1.36123e-05 1.10115e-05 8.905e-06 7.1995e-06 5.81907e-06 4.7021e-06 3.79857e-06 3.06791e-06 2.4772e-06 1.99977e-06 1.61399e-06 1.30235e-06 1.05066e-06 8.47432e-07 6.83379e-07 5.50977e-07 4.44143e-07 3.57957e-07 2.88444e-07 2.32388e-07 1.87194e-07 1.50764e-07 1.21404e-07 9.77456e-08 7.86854e-08 6.33322e-08 5.09671e-08 4.10103e-08 3.29938e-08 2.65407e-08 2.13468e-08 1.7167e-08 1.38039e-08 1.10982e-08 8.92167e-09 7.17114e-09 5.76339e-09 4.63144e-09 3.72139e-09 2.98981e-09 2.40179e-09 1.9292e-09 1.54944e-09 1.2443e-09 9.99155e-10 8.02224e-10 6.44043e-10 5.17002e-10 4.14981e-10 3.3306e-10 2.67286e-10 2.14483e-10 1.72095e-10 1.38072e-10 1.10766e-10 8.88527e-11 7.12685e-11 5.71597e-11 4.58402e-11 3.67594e-11 2.94752e-11 2.36326e-11 1.89467e-11 1.51887e-11 1.21753e-11 9.75899e-12 7.82167e-12 6.2685e-12 5.0234e-12 4.02534e-12 3.22536e-12 2.58419e-12 2.07035e-12 1.65857e-12 1.32861e-12 1.06422e-12 8.52394e-13 6.82688e-13 5.46737e-13 4.37834e-13 3.50602e-13 2.80733e-13 2.24776e-13 1.79962e-13 1.44074e-13 1.15337e-13 9.23272e-14 7.39036e-14 5.91533e-14 4.73446e-14 3.78912e-14 3.03239e-14 2.42667e-14
0.000687246 4.77821e-05 3.87743e-05 3.14527e-05 2.55043e-05 2.06735e-05 1.67521e-05 1.357e-05 1.09888e-05 8.89594e-06 7.1995e-06 5.82489e-06 4.71142e-06 3.80978e-06 3.07988e-06 2.48918e-06 2.01129e-06 1.62475e-06 1.3122e-06 1.05953e-06 8.55326e-07 6.90331e-07 5.57049e-07 4.49409e-07 3.62497e-07 2.92337e-07 2.35712e-07 1.90021e-07 1.53159e-07 1.23427e-07 9.94498e-08 8.01172e-08 6.45323e-08 5.1971e-08 4.18482e-08 3.36921e-08 2.71216e-08 2.18294e-08 1.75673e-08 1.41354e-08 1.13725e-08 9.14835e-09 7.35826e-09 5.9177e-09 4.75857e-09 3.82602e-09 3.07586e-09 2.47249e-09 1.98726e-09 1.59707e-09 1.28335e-09 1.03115e-09 8.28421e-10 6.65481e-10 5.34534e-10 4.29311e-10 3.44767e-10 2.76845e-10 2.22283e-10 1.78458e-10 1.4326e-10 1.14994e-10 9.22972e-11 7.40735e-11 5.94428e-11 4.76979e-11 3.82704e-11 3.07038e-11 2.46312e-11 1.97581e-11 1.58478e-11 1.27105e-11 1.01934e-11 8.17425e-12 6.55455e-12 5.25541e-12 4.21346e-12 3.37786e-12 2.70778e-12 2.17048e-12 1.73968e-12 1.3943e-12 1.11741e-12 8.95447e-13 7.17531e-13 5.7493e-13 4.6064e-13 3.69048e-13 2.95649e-13 2.36835e-13 1.89709e-13 1.51952e-13 1.21703e-13 9.74697e-14 7.80575e-14 6.2508e-14 5.00534e-14 4.00782e-14 3.20892e-14 2.56914e-14 2.05681e-14
0.00054407 3.83501e-05 3.11465e-05 2.52859e-05 2.05203e-05 1.66467e-05 1.34996e-05 1.09437e-05 8.86877e-06 7.18498e-06 5.81907e-06 4.71142e-06 3.81352e-06 3.08587e-06 2.49639e-06 2.01899e-06 1.63246e-06 1.31961e-06 1.06646e-06 8.61672e-07 6.96051e-07 5.62139e-07 4.53894e-07 3.66415e-07 2.95737e-07 2.38644e-07 1.92536e-07 1.55308e-07 1.25255e-07 1.00999e-07 8.14263e-08 6.56354e-08 5.28981e-08 4.26257e-08 3.43426e-08 2.76649e-08 2.22822e-08 1.79442e-08 1.44486e-08 1.16323e-08 9.36369e-09 7.53649e-09 6.06503e-09 4.88023e-09 3.92638e-09 3.15857e-09 2.5406e-09 2.04328e-09 1.64312e-09 1.32118e-09 1.0622e-09 8.53883e-10 6.8635e-10 5.51628e-10 4.43303e-10 3.56214e-10 2.86205e-10 2.29933e-10 1.84706e-10 1.48361e-10 1.19157e-10 9.5692e-11 7.68411e-11 6.16982e-11 4.95352e-11 3.97664e-11 3.19215e-11 2.5622e-11 2.05639e-11 1.65031e-11 1.32431e-11 1.06262e-11 8.52577e-12 6.84e-12 5.48714e-12 4.40153e-12 3.53044e-12 2.83155e-12 2.27085e-12 1.82105e-12 1.46024e-12 1.17084e-12 9.38736e-13 7.52592e-13 6.0332e-13 4.83624e-13 3.8765e-13 3.10703e-13 2.49014e-13 1.99561e-13 1.5992e-13 1.28145e-13 1.02678e-13 8.22672e-14 6.59101e-14 5.28022e-14 4.22989e-14 3.3883e-14 2.714e-14 2.17378e-14 1.741e-14
0.000430722 3.07743e-05 2.50144e-05 2.03241e-05 1.65068e-05 1.34013e-05 1.08761e-05 8.8236e-06 7.15599e-06 5.80163e-06 4.7021e-06 3.80978e-06 3.08587e-06 2.4988e-06 2.02284e-06 1.6371e-06 1.32457e-06 1.07143e-06 8.6645e-07 7.00518e-07 5.66232e-07 4.57583e-07 3.697e-07 2.98632e-07 2.41175e-07 1.94733e-07 1.57202e-07 1.26881e-07 1.02388e-07 8.26087e-08 6.66381e-08 5.37457e-08 4.33402e-08 3.49434e-08 2.81688e-08 2.2704e-08 1.82966e-08 1.47425e-08 1.1877e-08 9.56706e-09 7.70529e-09 6.20497e-09 4.99609e-09 4.0222e-09 3.23772e-09 2.60591e-09 2.09713e-09 1.68747e-09 1.35768e-09 1.09221e-09 8.78542e-10 7.06596e-10 5.68238e-10 4.56922e-10 3.67373e-10 2.95343e-10 2.37411e-10 1.90823e-10 1.53362e-10 1.23242e-10 9.90287e-11 7.95648e-11 6.39205e-11 5.13475e-11 4.12438e-11 3.31253e-11 2.66026e-11 2.13624e-11 1.71529e-11 1.37718e-11 1.10563e-11 8.87544e-12 7.12422e-12 5.71808e-12 4.58913e-12 3.68279e-12 2.95523e-12 2.37122e-12 1.90249e-12 1.52631e-12 1.22442e-12 9.82175e-13 7.87802e-13 6.31853e-13 5.06741e-13 4.06375e-13 3.25867e-13 2.61291e-13 2.09499e-13 1.67963e-13 1.34653e-13 1.07943e-13 8.65258e-14 6.9354e-14 5.55868e-14 4.45499e-14 3.57023e-14 2.86103e-14 2.29258e-14 1.83697e-14 1.47182e-14
0.000340988 2.46906e-05 2.00858e-05 1.63328e-05 1.32756e-05 1.07864e-05 8.76058e-06 7.11263e-06 5.77263e-06 4.68348e-06 3.79857e-06 3.07988e-06 2.49639e-06 2.02284e-06 1.63865e-06 1.32705e-06 1.07441e-06 8.69644e-07 7.0372e-07 5.69312e-07 4.60465e-07 3.72341e-07 3.01013e-07 2.43296e-07 1.96603e-07 1.58838e-07 1.28301e-07 1.03614e-07 8.36608e-08 6.75374e-08 5.45113e-08 4.39896e-08 3.54926e-08 2.86319e-08 2.30935e-08 1.86234e-08 1.50161e-08 1.21057e-08 9.75786e-09 7.8642e-09 6.3371e-09 5.10581e-09 4.11318e-09 3.31308e-09 2.66825e-09 2.14864e-09 1.73e-09 1.39275e-09 1.1211e-09 9.02332e-10 7.26164e-10 5.84322e-10 4.70132e-10 3.78215e-10 3.04235e-10 2.44699e-10 1.96793e-10 1.58249e-10 1.27241e-10 1.02299e-10 8.22377e-11 6.61041e-11 5.31305e-11 4.26991e-11 3.43125e-11 2.75707e-11 2.21515e-11 1.77959e-11 1.42955e-11 1.14827e-11 9.22249e-12 7.40658e-12 5.94774e-12 4.77586e-12 3.83457e-12 3.07856e-12 2.47141e-12 1.98385e-12 1.59236e-12 1.27803e-12 1.02568e-12 8.23092e-13 6.60474e-13 5.29947e-13 4.25187e-13 3.41113e-13 2.73644e-13 2.19506e-13 1.76067e-13 1.41216e-13 1.13256e-13 9.0826e-14 7.28338e-14 5.84023e-14 4.68275e-14 3.75444e-14 3.00999e-14 2.41301e-14 1.93432e-14 1.55051e-14 1.24278e-14
0.000269949 1.98061e-05 1.61253e-05 1.31228e-05 1.06748e-05 8.67991e-06 7.05504e-06 5.73216e-06 4.65563e-06 3.77994e-06 3.06791e-06 2.48918e-06 2.01899e-06 1.6371e-06 1.32705e-06 1.07541e-06 8.71243e-07 7.05645e-07 5.71372e-07 4.6253e-07 3.74329e-07 3.02874e-07 2.45001e-07 1.98141e-07 1.60209e-07 1.2951e-07 1.04671e-07 8.45793e-08 6.83304e-08 5.51924e-08 4.45719e-08 3.59885e-08 2.90528e-08 2.34495e-08 1.89237e-08 1.52688e-08 1.23178e-08 9.93553e-09 8.01273e-09 6.46106e-09 5.20908e-09 4.19909e-09 3.38443e-09 2.72744e-09 2.19769e-09 1.77058e-09 1.4263e-09 1.14881e-09 9.25187e-10 7.45002e-10 5.99835e-10 4.82897e-10 3.8871e-10 3.12857e-10 2.51778e-10 2.02601e-10 1.63011e-10 1.31143e-10 1.05495e-10 8.48532e-11 6.82437e-11 5.48798e-11 4.41287e-11 3.54802e-11 2.8524e-11 2.29295e-11 1.84306e-11 1.4813e-11 1.19044e-11 9.56613e-12 7.68646e-12 6.17561e-12 4.96131e-12 3.98545e-12 3.20128e-12 2.57119e-12 2.06496e-12 1.65827e-12 1.33157e-12 1.06916e-12 8.58393e-13 6.89127e-13 5.53198e-13 4.4405e-13 3.56412e-13 2.8605e-13 2.29563e-13 1.84219e-13 1.47821e-13 1.18607e-13 9.51603e-14 7.63438e-14 6.12441e-14 4.91278e-14 3.94062e-14 3.16064e-14 2.53489e-14 2.03291e-14 1.63024e-14 1.30725e-14 1.0482e-14
0.00021371 1.58851e-05 1.29435e-05 1.05418e-05 8.58189e-06 6.98342e-06 5.68037e-06 4.61864e-06 3.75393e-06 3.05e-06 2.4772e-06 2.01129e-06 1.63246e-06 1.32457e-06 1.07441e-06 8.71243e-07 7.06288e-07 5.72403e-07 4.63772e-07 3.75657e-07 3.04207e-07 2.46284e-07 1.99343e-07 1.6131e-07 1.30504e-07 1.05558e-07 8.53614e-08 6.90147e-08 5.5787e-08 4.50855e-08 3.64297e-08 2.94301e-08 2.3771e-08 1.91966e-08 1.54998e-08 1.25127e-08 1.00996e-08 8.15047e-09 6.57647e-09 5.3056e-09 4.27966e-09 3.45158e-09 2.78332e-09 2.24412e-09 1.80911e-09 1.45823e-09 1.17524e-09 9.47046e-10 7.63058e-10 6.14736e-10 4.95183e-10 3.98831e-10 3.21188e-10 2.5863e-10 2.08232e-10 1.67636e-10 1.34939e-10 1.08608e-10 8.74049e-11 7.0334e-11 5.65913e-11 4.55291e-11 3.66256e-11 2.94603e-11 2.36945e-11 1.90554e-11 1.5323e-11 1.23206e-11 9.90559e-12 7.96323e-12 6.40117e-12 5.14508e-12 4.13511e-12 3.32312e-12 2.67035e-12 2.14563e-12 1.72388e-12 1.38492e-12 1.11252e-12 8.93631e-13 7.17753e-13 5.76447e-13 4.62926e-13 3.71734e-13 2.98484e-13 2.39651e-13 1.92401e-13 1.54456e-13 1.23987e-13 9.95209e-14 7.98775e-14 6.41072e-14 5.14471e-14 4.12845e-14 3.31273e-14 2.65802e-14 2.13257e-14 1.71089e-14 1.37251e-14 1.10099e-14 8.83133e-15
0.000169187 1.27382e-05 1.03877e-05 8.46683e-06 6.89802e-06 5.61743e-06 4.57264e-06 3.72065e-06 3.02623e-06 2.46048e-06 1.99977e-06 1.62475e-06 1.31961e-06 1.07143e-06 8.69644e-07 7.05645e-07 5.72403e-07 4.64186e-07 3.76323e-07 3.05008e-07 2.47142e-07 2.00204e-07 1.6214e-07 1.31281e-07 1.0627e-07 8.60047e-08 6.95883e-08 5.62932e-08 4.55286e-08 3.68149e-08 2.97629e-08 2.4057e-08 1.94413e-08 1.57083e-08 1.26898e-08 1.02495e-08 8.27702e-09 6.68302e-09 5.3951e-09 4.35468e-09 3.51434e-09 2.83573e-09 2.2878e-09 1.84548e-09 1.48846e-09 1.20033e-09 9.67848e-10 7.80285e-10 6.28986e-10 5.06957e-10 4.08551e-10 3.29205e-10 2.65236e-10 2.13671e-10 1.72111e-10 1.38618e-10 1.1163e-10 8.98862e-11 7.23698e-11 5.82605e-11 4.6897e-11 3.77459e-11 3.03773e-11 2.44448e-11 1.96688e-11 1.58244e-11 1.27302e-11 1.02401e-11 8.23624e-12 6.62392e-12 5.32675e-12 4.28322e-12 3.44382e-12 2.76868e-12 2.22571e-12 1.78907e-12 1.43797e-12 1.15568e-12 9.28736e-13 7.46296e-13 5.99648e-13 4.81779e-13 3.8705e-13 3.10923e-13 2.49751e-13 2.006e-13 1.6111e-13 1.29385e-13 1.039e-13 8.34288e-14 6.69866e-14 5.37812e-14 4.31762e-14 3.46601e-14 2.7822e-14 2.23315e-14 1.79234e-14 1.43846e-14 1.15437e-14 9.26336e-15 7.43303e-15
0.00013394 1.02131e-05 8.33514e-06 6.79913e-06 5.54355e-06 4.51778e-06 3.6802e-06 2.99665e-06 2.43908e-06 1.98447e-06 1.61399e-06 1.3122e-06 1.06646e-06 8.6645e-07 7.0372e-07 5.71372e-07 4.63772e-07 3.76323e-07 3.05275e-07 2.47572e-07 2.00722e-07 1.62694e-07 1.31837e-07 1.06806e-07 8.6507e-08 7.00492e-08 5.67095e-08 4.58999e-08 3.71428e-08 3.005e-08 2.43067e-08 1.96571e-08 1.58938e-08 1.28485e-08 1.03848e-08 8.39199e-09 6.78038e-09 5.47731e-09 4.42392e-09 3.57252e-09 2.88451e-09 2.32863e-09 1.87958e-09 1.5169e-09 1.22401e-09 9.87538e-10 7.96634e-10 6.42544e-10 5.18189e-10 4.17845e-10 3.36887e-10 2.7158e-10 2.18905e-10 1.76425e-10 1.42171e-10 1.14554e-10 9.2291e-11 7.4346e-11 5.98834e-11 4.82289e-11 3.88383e-11 3.12728e-11 2.51784e-11 2.02695e-11 1.6316e-11 1.31323e-11 1.05688e-11 8.50488e-12 6.84336e-12 5.50591e-12 4.42944e-12 3.56311e-12 2.86596e-12 2.30501e-12 1.85369e-12 1.49062e-12 1.19855e-12 9.63634e-13 7.74696e-13 6.22753e-13 5.00571e-13 4.02329e-13 3.23343e-13 2.59844e-13 2.08799e-13 1.67769e-13 1.34792e-13 1.08289e-13 8.69912e-14 6.98771e-14 5.6126e-14 4.50779e-14 3.62021e-14 2.9072e-14 2.33447e-14 1.87444e-14 1.50497e-14 1.20825e-14 9.69973e-15 7.78637e-15 6.25005e-15
0.000106035 8.18725e-06 6.68707e-06 5.45897e-06 4.45424e-06 3.63272e-06 2.96138e-06 2.41306e-06 1.96544e-06 1.60021e-06 1.30235e-06 1.05953e-06 8.61672e-07 7.00518e-07 5.69312e-07 4.6253e-07 3.75657e-07 3.05008e-07 2.47572e-07 2.00894e-07 1.62972e-07 1.32172e-07 1.07165e-07 8.6867e-08 7.03962e-08 5.70347e-08 4.61984e-08 3.74124e-08 3.02906e-08 2.45192e-08 1.98432e-08 1.60557e-08 1.29885e-08 1.05052e-08 8.49506e-09 6.86827e-09 5.552e-09 4.48718e-09 3.62596e-09 2.92953e-09 2.36647e-09 1.91132e-09 1.54347e-09 1.24622e-09 1.00606e-09 8.12061e-10 6.55376e-10 5.28847e-10 4.26686e-10 3.44213e-10 2.77644e-10 2.23919e-10 1.80567e-10 1.45589e-10 1.17373e-10 9.4613e-11 7.62576e-11 6.14559e-11 4.95215e-11 3.99002e-11 3.21445e-11 2.58936e-11 2.08559e-11 1.67966e-11 1.35259e-11 1.0891e-11 8.76853e-12 7.05897e-12 5.68216e-12 4.57345e-12 3.68072e-12 2.96198e-12 2.38336e-12 1.91761e-12 1.54273e-12 1.24104e-12 9.98251e-13 8.02894e-13 6.45715e-13 5.19263e-13 4.1754e-13 3.35718e-13 2.69908e-13 2.16982e-13 1.74421e-13 1.40198e-13 1.12681e-13 9.0558e-14 7.27733e-14 5.84772e-14 4.69862e-14 3.77506e-14 3.03282e-14 2.43635e-14 1.95706e-14 1.57196e-14 1.26255e-14 1.01397e-14 8.14288e-15 6.53886e-15 5.25047e-15
8.39447e-05 6.56222e-06 5.364e-06 4.38225e-06 3.57837e-06 2.92053e-06 2.38252e-06 1.94275e-06 1.58347e-06 1.2901e-06 1.05066e-06 8.55326e-07 6.96051e-07 5.66232e-07 4.60465e-07 3.74329e-07 3.04207e-07 2.47142e-07 2.00722e-07 1.62972e-07 1.32284e-07 1.07344e-07 8.70834e-08 7.06281e-08 5.72677e-08 4.64231e-08 3.7623e-08 3.0484e-08 2.46939e-08 1.99992e-08 1.61935e-08 1.31093e-08 1.06103e-08 8.58591e-09 6.94644e-09 5.61894e-09 4.54429e-09 3.6745e-09 2.97067e-09 2.40123e-09 1.94062e-09 1.5681e-09 1.26688e-09 1.02336e-09 8.26524e-10 6.67445e-10 5.38903e-10 4.35052e-10 3.51165e-10 2.83412e-10 2.287e-10 1.84525e-10 1.48863e-10 1.20078e-10 9.68464e-11 7.80997e-11 6.29741e-11 5.07717e-11 4.09289e-11 3.29904e-11 2.65886e-11 2.14267e-11 1.7265e-11 1.39101e-11 1.1206e-11 9.02655e-12 7.27025e-12 5.85508e-12 4.71491e-12 3.79639e-12 3.05651e-12 2.4606e-12 1.98068e-12 1.59422e-12 1.28304e-12 1.03251e-12 8.30831e-13 6.68485e-13 5.37816e-13 4.32652e-13 3.48023e-13 2.79925e-13 2.25134e-13 1.81052e-13 1.45591e-13 1.17066e-13 9.41225e-14 7.567e-14 6.08306e-14 4.88977e-14 3.93027e-14 3.15883e-14 2.53863e-14 2.04006e-14 1.63929e-14 1.31716e-14 1.05826e-14 8.50198e-15 6.82996e-15 5.4864e-15 4.40686e-15
6.64562e-05 5.25894e-06 4.30203e-06 3.51732e-06 2.87424e-06 2.34756e-06 1.91647e-06 1.56381e-06 1.27548e-06 1.03987e-06 8.47432e-07 6.90331e-07 5.62139e-07 4.57583e-07 3.72341e-07 3.02874e-07 2.46284e-07 2.00204e-07 1.62694e-07 1.32172e-07 1.07344e-07 8.71556e-08 7.07443e-08 5.74077e-08 4.65732e-08 3.77739e-08 3.06295e-08 2.48304e-08 2.01246e-08 1.63069e-08 1.32104e-08 1.06997e-08 8.6643e-09 7.01465e-09 5.67796e-09 4.59508e-09 3.71802e-09 3.0078e-09 2.4328e-09 1.96737e-09 1.59071e-09 1.28595e-09 1.0394e-09 8.39983e-10 6.78719e-10 5.48329e-10 4.42921e-10 3.57722e-10 2.8887e-10 2.33236e-10 1.88291e-10 1.51985e-10 1.22663e-10 9.89854e-11 7.98677e-11 6.4434e-11 5.19762e-11 4.19218e-11 3.38083e-11 2.72619e-11 2.19805e-11 1.77202e-11 1.4284e-11 1.15129e-11 9.27835e-12 7.47672e-12 6.02429e-12 4.8535e-12 3.90985e-12 3.14936e-12 2.53653e-12 2.04276e-12 1.64495e-12 1.32448e-12 1.06635e-12 8.58447e-13 6.91017e-13 5.56192e-13 4.47635e-13 3.60234e-13 2.89874e-13 2.33237e-13 1.8765e-13 1.50962e-13 1.21436e-13 9.76779e-14 7.85616e-14 6.31816e-14 5.08087e-14 4.08558e-14 3.28501e-14 2.64112e-14 2.12329e-14 1.70686e-14 1.37201e-14 1.10277e-14 8.86308e-15 7.12287e-15 5.72395e-15 4.59947e-15 3.69566e-15
5.26112e-05 4.21387e-06 3.44979e-06 2.82266e-06 2.30829e-06 1.88668e-06 1.54131e-06 1.25856e-06 1.02721e-06 8.38016e-07 6.83379e-07 5.57049e-07 4.53894e-07 3.697e-07 3.01013e-07 2.45001e-07 1.99343e-07 1.6214e-07 1.31837e-07 1.07165e-07 8.70834e-08 7.07443e-08 5.74545e-08 4.66484e-08 3.78646e-08 3.07268e-08 2.49282e-08 2.02189e-08 1.63954e-08 1.32918e-08 1.07732e-08 8.72997e-09 7.07272e-09 5.72886e-09 4.6394e-09 3.75637e-09 3.04081e-09 2.46109e-09 1.99153e-09 1.61126e-09 1.30337e-09 1.05412e-09 8.52401e-10 6.89166e-10 5.57099e-10 4.50269e-10 3.63868e-10 2.94002e-10 2.37515e-10 1.91852e-10 1.54946e-10 1.25122e-10 1.01025e-10 8.15569e-11 6.5832e-11 5.3132e-11 4.28766e-11 3.45963e-11 2.79116e-11 2.25158e-11 1.81609e-11 1.46466e-11 1.1811e-11 9.52333e-12 7.67788e-12 6.18937e-12 4.9889e-12 4.02085e-12 3.2403e-12 2.611e-12 2.10371e-12 1.69482e-12 1.36526e-12 1.09968e-12 8.85683e-13 7.13261e-13 5.74353e-13 4.62456e-13 3.72325e-13 2.99734e-13 2.41276e-13 1.94202e-13 1.56299e-13 1.25783e-13 1.01217e-13 8.14425e-14 6.5526e-14 5.27159e-14 4.24068e-14 3.41112e-14 2.74363e-14 2.20659e-14 1.77454e-14 1.42699e-14 1.14742e-14 9.22557e-15 7.4171e-15 5.96273e-15 4.79322e-15 3.85283e-15 3.09673e-15
4.16505e-05 3.37599e-06 2.76597e-06 2.26485e-06 1.85348e-06 1.51603e-06 1.23937e-06 1.01271e-06 8.27108e-07 6.75216e-07 5.50977e-07 4.49409e-07 3.66415e-07 2.98632e-07 2.43296e-07 1.98141e-07 1.6131e-07 1.31281e-07 1.06806e-07 8.6867e-08 7.06281e-08 5.74077e-08 4.66484e-08 3.78949e-08 3.07755e-08 2.4987e-08 2.0282e-08 1.64588e-08 1.3353e-08 1.08306e-08 8.78275e-09 7.12046e-09 5.77152e-09 4.67712e-09 3.78945e-09 3.06962e-09 2.48603e-09 2.013e-09 1.62967e-09 1.31908e-09 1.0675e-09 8.63743e-10 6.98758e-10 5.65191e-10 4.57079e-10 3.69586e-10 2.98794e-10 2.41524e-10 1.95201e-10 1.57739e-10 1.27448e-10 1.02958e-10 8.31631e-11 6.71645e-11 5.42362e-11 4.37906e-11 3.53522e-11 2.85362e-11 2.30314e-11 1.85862e-11 1.49972e-11 1.20997e-11 9.76091e-12 7.87327e-12 6.34995e-12 5.1208e-12 4.12912e-12 3.32912e-12 2.68384e-12 2.1634e-12 1.74371e-12 1.40529e-12 1.13244e-12 9.1248e-13 7.35171e-13 5.92259e-13 4.77084e-13 3.84271e-13 3.09486e-13 2.49233e-13 2.00693e-13 1.61592e-13 1.30098e-13 1.04734e-13 8.43073e-14 6.78591e-14 5.46154e-14 4.3953e-14 3.53693e-14 2.84598e-14 2.28983e-14 1.84222e-14 1.482e-14 1.19213e-14 9.5888e-15 7.71215e-15 6.20235e-15 4.98776e-15 4.01075e-15 3.2249e-15 2.59285e-15
3.29733e-05 2.70434e-06 2.21737e-06 1.81699e-06 1.48806e-06 1.218e-06 9.96423e-07 8.14745e-07 6.65869e-07 5.43943e-07 4.44143e-07 3.62497e-07 2.95737e-07 2.41175e-07 1.96603e-07 1.60209e-07 1.30504e-07 1.0627e-07 8.6507e-08 7.03962e-08 5.72677e-08 4.65732e-08 3.78646e-08 3.07755e-08 2.50066e-08 2.03135e-08 1.64969e-08 1.33939e-08 1.08718e-08 8.82246e-09 7.15774e-09 5.80579e-09 4.70813e-09 3.81716e-09 3.09414e-09 2.50754e-09 2.03174e-09 1.64589e-09 1.33306e-09 1.07948e-09 8.73978e-10 7.07468e-10 5.7258e-10 4.6333e-10 3.74861e-10 3.03234e-10 2.45254e-10 1.98328e-10 1.60356e-10 1.29634e-10 1.04782e-10 8.46821e-11 6.8428e-11 5.5286e-11 4.46618e-11 3.60743e-11 2.91341e-11 2.3526e-11 1.8995e-11 1.53347e-11 1.23782e-11 9.9905e-12 8.0624e-12 6.50565e-12 5.24888e-12 4.23441e-12 3.41563e-12 2.75487e-12 2.2217e-12 1.79152e-12 1.44449e-12 1.16456e-12 9.38778e-13 7.56697e-13 6.09872e-13 4.91488e-13 3.96047e-13 3.19109e-13 2.57093e-13 2.07111e-13 1.66831e-13 1.34373e-13 1.0822e-13 8.71502e-14 7.01764e-14 5.65038e-14 4.54912e-14 3.66221e-14 2.94797e-14 2.37284e-14 1.90977e-14 1.53695e-14 1.23681e-14 9.95216e-15 8.00751e-15 6.44238e-15 5.18279e-15 4.16917e-15 3.35355e-15 2.69731e-15 2.16933e-15
2.61039e-05 2.16601e-06 1.77733e-06 1.45749e-06 1.19449e-06 9.78401e-07 8.00966e-07 6.55369e-07 5.35969e-07 4.38113e-07 3.57957e-07 2.92337e-07 2.38644e-07 1.94733e-07 1.58838e-07 1.2951e-07 1.05558e-07 8.60047e-08 7.00492e-08 5.70347e-08 4.64231e-08 3.77739e-08 3.07268e-08 2.4987e-08 2.03135e-08 1.65096e-08 1.34143e-08 1.08965e-08 8.84901e-09 7.18444e-09 5.83158e-09 4.73235e-09 3.83943e-09 3.1143e-09 2.52556e-09 2.04768e-09 1.65988e-09 1.34525e-09 1.09004e-09 8.83077e-10 7.15273e-10 5.79248e-10 4.69006e-10 3.79678e-10 3.0731e-10 2.48694e-10 2.01225e-10 1.6279e-10 1.31675e-10 1.06491e-10 8.611e-11 6.96194e-11 5.62786e-11 4.54877e-11 3.67607e-11 2.97038e-11 2.39984e-11 1.93863e-11 1.56585e-11 1.26458e-11 1.02116e-11 8.24484e-12 6.65609e-12 5.37285e-12 4.33649e-12 3.49963e-12 2.82394e-12 2.27846e-12 1.83814e-12 1.48275e-12 1.19595e-12 9.6452e-13 7.77794e-13 6.27154e-13 5.05638e-13 4.07627e-13 3.28582e-13 2.6484e-13 2.13443e-13 1.72004e-13 1.38598e-13 1.1167e-13 8.99655e-14 7.24733e-14 5.83772e-14 4.70187e-14 3.78671e-14 3.04942e-14 2.45548e-14 1.97706e-14 1.59173e-14 1.28141e-14 1.0315e-14 8.30267e-15 6.68242e-15 5.37796e-15 4.32782e-15 3.48248e-15 2.80206e-15 2.25443e-15 1.81369e-15
2.06656e-05 1.73461e-06 1.42441e-06 1.16894e-06 9.58702e-07 7.85816e-07 6.43748e-07 5.27082e-07 4.31337e-07 3.52811e-07 2.88444e-07 2.35712e-07 1.92536e-07 1.57202e-07 1.28301e-07 1.04671e-07 8.53614e-08 6.95883e-08 5.67095e-08 4.61984e-08 3.7623e-08 3.06295e-08 2.49282e-08 2.0282e-08 1.64969e-08 1.34143e-08 1.09048e-08 8.8623e-09 7.2005e-09 5.84882e-09 4.7497e-09 3.85619e-09 3.13004e-09 2.54004e-09 2.06079e-09 1.6716e-09 1.35563e-09 1.09915e-09 8.91015e-10 7.2215e-10 5.85175e-10 4.74092e-10 3.84024e-10 3.11011e-10 2.51835e-10 2.03884e-10 1.65034e-10 1.33566e-10 1.0808e-10 8.74429e-11 7.07355e-11 5.72116e-11 4.62664e-11 3.74096e-11 3.02439e-11 2.44474e-11 1.9759e-11 1.59676e-11 1.2902e-11 1.04235e-11 8.42014e-12 6.80092e-12 5.4924e-12 4.4351e-12 3.58091e-12 2.89089e-12 2.33356e-12 1.88346e-12 1.52001e-12 1.22656e-12 9.89649e-13 7.98415e-13 6.44067e-13 5.19503e-13 4.18987e-13 3.37885e-13 2.72455e-13 2.19674e-13 1.77101e-13 1.42765e-13 1.15075e-13 9.27477e-14 7.47454e-14 6.02319e-14 4.85323e-14 3.91019e-14 3.15012e-14 2.53758e-14 2.04398e-14 1.64626e-14 1.32582e-14 1.06766e-14 8.59708e-15 6.92203e-15 5.57292e-15 4.48642e-15 3.61147e-15 2.90694e-15 2.33967e-15 1.88297e-15 1.51531e-15
1.63603e-05 1.38895e-06 1.14142e-06 9.3739e-07 7.69344e-07 6.31045e-07 5.17309e-07 4.23839e-07 3.47074e-07 2.84069e-07 2.32388e-07 1.90021e-07 1.55308e-07 1.26881e-07 1.03614e-07 8.45793e-08 6.90147e-08 5.62932e-08 4.58999e-08 3.74124e-08 3.0484e-08 2.48304e-08 2.02189e-08 1.64588e-08 1.33939e-08 1.08965e-08 8.8623e-09 7.20586e-09 5.85745e-09 4.76013e-09 3.86739e-09 3.14131e-09 2.55093e-09 2.07103e-09 1.68102e-09 1.36416e-09 1.10678e-09 8.9777e-10 7.28081e-10 5.90346e-10 4.78573e-10 3.87887e-10 3.14327e-10 2.54669e-10 2.06298e-10 1.67084e-10 1.35301e-10 1.09545e-10 8.86775e-11 7.17734e-11 5.80824e-11 4.69957e-11 3.80194e-11 3.0753e-11 2.48718e-11 2.01124e-11 1.62614e-11 1.3146e-11 1.06259e-11 8.58787e-12 6.93978e-12 5.60725e-12 4.53002e-12 3.65928e-12 2.95555e-12 2.38687e-12 1.92738e-12 1.55616e-12 1.2563e-12 1.01411e-12 8.18514e-13 6.60573e-13 5.33051e-13 4.30102e-13 3.46999e-13 2.79925e-13 2.25793e-13 1.82111e-13 1.46866e-13 1.1843e-13 9.5491e-14 7.69879e-14 6.20644e-14 5.00292e-14 4.03241e-14 3.24989e-14 2.61899e-14 2.11039e-14 1.70041e-14 1.36996e-14 1.10364e-14 8.89021e-15 7.1608e-15 5.76735e-15 4.64469e-15 3.74028e-15 3.01174e-15 2.42493e-15 1.95231e-15 1.57169e-15 1.26518e-15
1.29519e-05 1.11203e-06 9.14534e-07 7.51603e-07 6.173e-07 5.06682e-07 4.15641e-07 3.40766e-07 2.79227e-07 2.28683e-07 1.87194e-07 1.53159e-07 1.25255e-07 1.02388e-07 8.36608e-08 6.83304e-08 5.5787e-08 4.55286e-08 3.71428e-08 3.02906e-08 2.46939e-08 2.01246e-08 1.63954e-08 1.3353e-08 1.08718e-08 8.84901e-09 7.2005e-09 5.85745e-09 4.76361e-09 3.873e-09 3.14809e-09 2.55821e-09 2.07836e-09 1.68811e-09 1.37081e-09 1.11291e-09 9.03322e-10 7.33048e-10 5.94746e-10 4.82437e-10 3.91257e-10 3.17248e-10 2.57188e-10 2.0846e-10 1.68933e-10 1.36876e-10 1.10883e-10 8.98105e-11 7.27305e-11 5.8889e-11 4.7674e-11 3.85886e-11 3.12299e-11 2.52706e-11 2.04454e-11 1.65391e-11 1.33772e-11 1.08183e-11 8.74762e-12 7.07234e-12 5.71714e-12 4.62101e-12 3.73456e-12 3.01777e-12 2.43826e-12 1.96979e-12 1.59114e-12 1.28512e-12 1.03784e-12 8.38046e-13 6.76636e-13 5.46254e-13 4.40948e-13 3.55904e-13 2.87232e-13 2.31786e-13 1.87024e-13 1.50891e-13 1.21727e-13 9.81899e-14 7.91964e-14 6.38709e-14 5.15062e-14 4.15314e-14 3.34852e-14 2.69955e-14 2.17616e-14 1.75409e-14 1.41376e-14 1.13937e-14 9.18154e-15 7.39827e-15 5.96087e-15 4.80236e-15 3.8687e-15 3.11631e-15 2.51005e-15 2.02158e-15 1.62805e-15 1.31103e-15 1.05566e-15
1.02536e-05 8.90208e-07 7.3265e-07 6.02558e-07 4.95236e-07 4.0677e-07 3.33905e-07 2.73933e-07 2.24608e-07 1.84066e-07 1.50764e-07 1.23427e-07 1.00999e-07 8.26087e-08 6.75374e-08 5.51924e-08 4.50855e-08 3.68149e-08 3.005e-08 2.45192e-08 1.99992e-08 1.63069e-08 1.32918e-08 1.08306e-08 8.82246e-09 7.18444e-09 5.84882e-09 4.76013e-09 3.873e-09 3.15035e-09 2.56186e-09 2.08277e-09 1.69284e-09 1.37558e-09 1.11752e-09 9.07657e-10 7.37039e-10 5.98362e-10 4.85673e-10 3.94124e-10 3.19766e-10 2.59385e-10 2.10365e-10 1.70576e-10 1.38287e-10 1.1209e-10 9.08389e-11 7.36041e-11 5.9629e-11 4.82993e-11 3.91157e-11 3.16732e-11 2.56428e-11 2.07572e-11 1.68e-11 1.35951e-11 1.1e-11 8.89901e-12 7.19828e-12 5.82178e-12 4.70786e-12 3.80657e-12 3.07742e-12 2.48762e-12 2.0106e-12 1.62485e-12 1.31295e-12 1.0608e-12 8.56966e-13 6.92221e-13 5.59082e-13 4.515e-13 3.64579e-13 2.9436e-13 2.3764e-13 1.91829e-13 1.54833e-13 1.24959e-13 1.00839e-13 8.13663e-14 6.56477e-14 5.29605e-14 4.27212e-14 3.44583e-14 2.7791e-14 2.24117e-14 1.8072e-14 1.45714e-14 1.17478e-14 9.4705e-15 7.63403e-15 6.15315e-15 4.95913e-15 3.99649e-15 3.22044e-15 2.59489e-15 2.09068e-15 1.68431e-15 1.35682e-15 1.09293e-15 8.80293e-16
8.1174e-06 7.12546e-07 5.86865e-07 4.83006e-07 3.97255e-07 3.26514e-07 2.68204e-07 2.20175e-07 1.80644e-07 1.4813e-07 1.21404e-07 9.94498e-08 8.14263e-08 6.66381e-08 5.45113e-08 4.45719e-08 3.64297e-08 2.97629e-08 2.43067e-08 1.98432e-08 1.61935e-08 1.32104e-08 1.07732e-08 8.78275e-09 7.15774e-09 5.83158e-09 4.7497e-09 3.86739e-09 3.14809e-09 2.56186e-09 2.08424e-09 1.69521e-09 1.37845e-09 1.1206e-09 9.10762e-10 7.40042e-10 6.01185e-10 4.88273e-10 3.96481e-10 3.21876e-10 2.61255e-10 2.12008e-10 1.72009e-10 1.3953e-10 1.13162e-10 9.17601e-11 7.43921e-11 6.03007e-11 4.887e-11 3.95994e-11 3.2082e-11 2.59874e-11 2.10472e-11 1.70434e-11 1.37992e-11 1.11708e-11 9.04166e-12 7.31729e-12 5.92093e-12 4.79036e-12 3.87514e-12 3.13434e-12 2.53483e-12 2.04971e-12 1.65723e-12 1.33973e-12 1.08292e-12 8.75232e-13 7.07291e-13 5.71507e-13 4.61736e-13 3.73007e-13 3.01295e-13 2.43342e-13 1.96515e-13 1.58682e-13 1.28119e-13 1.03432e-13 8.34931e-14 6.73911e-14 5.43891e-14 4.38913e-14 3.54162e-14 2.85749e-14 2.3053e-14 1.85964e-14 1.5e-14 1.2098e-14 9.75657e-15 7.86762e-15 6.34383e-15 5.11473e-15 4.12342e-15 3.32396e-15 2.67929e-15 2.15947e-15 1.74036e-15 1.40248e-15 1.13012e-15 9.10571e-16 7.33622e-16
6.42628e-06 5.70273e-07 4.70031e-07 3.87124e-07 3.18617e-07 2.62057e-07 2.154e-07 1.76941e-07 1.45264e-07 1.19191e-07 9.77456e-08 8.01172e-08 6.56354e-08 5.37457e-08 4.39896e-08 3.59885e-08 2.94301e-08 2.4057e-08 1.96571e-08 1.60557e-08 1.31093e-08 1.06997e-08 8.72997e-09 7.12046e-09 5.80579e-09 4.73235e-09 3.85619e-09 3.14131e-09 2.55821e-09 2.08277e-09 1.69521e-09 1.37941e-09 1.12214e-09 9.12629e-10 7.42049e-10 6.03208e-10 4.90229e-10 3.9832e-10 3.2357e-10 2.62791e-10 2.13383e-10 1.73229e-10 1.40602e-10 1.14098e-10 9.25715e-11 7.50924e-11 6.09023e-11 4.93848e-11 4.00383e-11 3.2455e-11 2.63035e-11 2.13144e-11 1.72688e-11 1.39889e-11 1.13301e-11 9.17523e-12 7.42908e-12 6.01435e-12 4.86832e-12 3.9401e-12 3.18841e-12 2.57977e-12 2.08704e-12 1.68819e-12 1.36538e-12 1.10416e-12 8.92803e-13 7.21813e-13 5.835e-13 4.71633e-13 3.81168e-13 3.0802e-13 2.48881e-13 2.01073e-13 1.62431e-13 1.31201e-13 1.05964e-13 8.55724e-14 6.90977e-14 5.5789e-14 4.50391e-14 3.6357e-14 2.93456e-14 2.3684e-14 1.91129e-14 1.54226e-14 1.24437e-14 1.00392e-14 8.0986e-15 6.53255e-15 5.26886e-15 4.24926e-15 3.42668e-15 2.7631e-15 2.22783e-15 1.79611e-15 1.44793e-15 1.16716e-15 9.40754e-16 7.58208e-16 6.11036e-16
5.08747e-06 4.56353e-07 3.76411e-07 3.10237e-07 2.55513e-07 2.10296e-07 1.72968e-07 1.42177e-07 1.16796e-07 9.58918e-08 7.86854e-08 6.45323e-08 5.28981e-08 4.33402e-08 3.54926e-08 2.90528e-08 2.3771e-08 1.94413e-08 1.58938e-08 1.29885e-08 1.06103e-08 8.6643e-09 7.07272e-09 5.77152e-09 4.70813e-09 3.83943e-09 3.13004e-09 2.55093e-09 2.07836e-09 1.69284e-09 1.37845e-09 1.12214e-09 9.13251e-10 7.43054e-10 6.04423e-10 4.91537e-10 3.99638e-10 3.24845e-10 2.6399e-10 2.14488e-10 1.74231e-10 1.41499e-10 1.14893e-10 9.3271e-11 7.5703e-11 6.14322e-11 4.98422e-11 4.04313e-11 3.27914e-11 2.65905e-11 2.15584e-11 1.74756e-11 1.41637e-11 1.14776e-11 9.29937e-12 7.53337e-12 6.1018e-12 4.94153e-12 4.0013e-12 3.23949e-12 2.62235e-12 2.12248e-12 1.71766e-12 1.38986e-12 1.12447e-12 9.09637e-13 7.35754e-13 5.95034e-13 4.81169e-13 3.89045e-13 3.14521e-13 2.54243e-13 2.05493e-13 1.66072e-13 1.34198e-13 1.0843e-13 8.75998e-14 7.07637e-14 5.71574e-14 4.61624e-14 3.72787e-14 3.01015e-14 2.43037e-14 1.96207e-14 1.58385e-14 1.27841e-14 1.03178e-14 8.32654e-15 6.71895e-15 5.42124e-15 4.37379e-15 3.5284e-15 2.84617e-15 2.29565e-15 1.85146e-15 1.49309e-15 1.20399e-15 9.70788e-16 7.82692e-16 6.3099e-16 5.08651e-16
