0.0112027 0.0084599 0.00638864 0.00482449 0.0036433 0.0027513 0.00207769 0.00156901 0.00118486 0.000894769 0.0006757 0.000510266 0.000385337 0.000290994 0.000219749 0.000165947 0.000125318 9.46359e-05 7.1466e-05 5.39688e-05 4.07554e-05 3.07772e-05 2.32419e-05 1.75515e-05 1.32543e-05 1.00092e-05 7.55866e-06 5.70805e-06 4.31053e-06 3.25517e-06 2.4582e-06 1.85635e-06 1.40186e-06 1.05864e-06 7.99448e-07 6.03717e-07 4.55907e-07 3.44286e-07 2.59994e-07 1.96339e-07 1.48269e-07 1.11968e-07 8.45542e-08 6.38526e-08 4.82194e-08 3.64137e-08 2.74984e-08 2.07659e-08 1.56817e-08 1.18423e-08 8.94295e-09 6.75342e-09 5.09996e-09 3.85133e-09 2.9084e-09 2.19633e-09 1.65859e-09 1.25252e-09 9.45859e-10 7.14281e-10 5.39402e-10 4.07339e-10 3.07609e-10 2.32296e-10 1.75422e-10 1.32473e-10 1.0004e-10 7.55466e-11 5.70503e-11 4.30825e-11 3.25345e-11 2.4569e-11 1.85537e-11 1.40111e-11 1.05808e-11 7.99025e-12 6.03397e-12 4.55666e-12 3.44104e-12 2.59856e-12 1.96235e-12 1.4819e-12 1.11908e-12 8.45095e-13 6.38188e-13 4.81939e-13 3.63944e-13 2.74839e-13 2.07549e-13 1.56734e-13 1.18361e-13 8.93822e-14 6.74985e-14 5.09727e-14 3.84929e-14 2.90686e-14 2.19516e-14 1.65772e-14 1.25185e-14 9.45358e-15 7.13903e-15
0.0084599 0.00693466 0.00564917 0.00457745 0.00369189 0.00296557 0.0023736 0.00189373 0.00150656 0.00119546 0.00094638 0.000747609 0.00058944 0.000463908 0.000364511 0.000285977 0.000224049 0.000175303 0.000136995 0.000106938 8.33863e-05 6.49571e-05 5.05535e-05 3.93092e-05 3.05405e-05 2.37092e-05 1.83923e-05 1.42576e-05 1.10451e-05 8.55101e-06 6.6161e-06 5.11608e-06 3.95397e-06 3.05424e-06 2.35806e-06 1.8197e-06 1.4036e-06 1.08217e-06 8.34003e-07 6.42484e-07 4.94752e-07 3.80847e-07 2.93061e-07 2.25431e-07 1.7335e-07 1.33259e-07 1.02408e-07 7.86751e-08 6.0425e-08 4.63953e-08 3.56134e-08 2.733e-08 2.09679e-08 1.60828e-08 1.23329e-08 9.45519e-09 7.2473e-09 5.55376e-09 4.25507e-09 3.25939e-09 2.4962e-09 1.91134e-09 1.46323e-09 1.11998e-09 8.57094e-10 6.558e-10 5.01695e-10 3.8374e-10 2.9347e-10 2.244e-10 1.71559e-10 1.31142e-10 1.00231e-10 7.65957e-11 5.85255e-11 4.47122e-11 3.41547e-11 2.60866e-11 1.99218e-11 1.5212e-11 1.16143e-11 8.86637e-12 6.76782e-12 5.16538e-12 3.94192e-12 3.00791e-12 2.29497e-12 1.75082e-12 1.33556e-12 1.01869e-12 7.76919e-13 5.92473e-13 4.51772e-13 3.44454e-13 2.62605e-13 2.00187e-13 1.52591e-13 1.16302e-13 8.86353e-14 6.75446e-14 5.14683e-14
0.00638864 0.00564917 0.00491545 0.00422248 0.00358936 0.00302461 0.0025299 0.00210266 0.00173791 0.00142946 0.00117068 0.000955056 0.000776447 0.00062926 0.000508518 0.000409871 0.000329568 0.000264412 0.000211703 0.000169179 0.000134957 0.000107479 8.54637e-05 6.78589e-05 5.38068e-05 4.26095e-05 3.37013e-05 2.66248e-05 2.10112e-05 1.6564e-05 1.30452e-05 1.02642e-05 8.0689e-06 6.33768e-06 4.97384e-06 3.90044e-06 3.0564e-06 2.39329e-06 1.87275e-06 1.46446e-06 1.14445e-06 8.93824e-07 6.97671e-07 5.44254e-07 4.24341e-07 3.30672e-07 2.57548e-07 2.00496e-07 1.56007e-07 1.21333e-07 9.43243e-08 7.32956e-08 5.69311e-08 4.42022e-08 3.43057e-08 2.66147e-08 2.06402e-08 1.60011e-08 1.24003e-08 9.60652e-09 7.43968e-09 5.75973e-09 4.45771e-09 3.44896e-09 2.66768e-09 2.06277e-09 1.59458e-09 1.23231e-09 9.52084e-10 7.35386e-10 5.67863e-10 4.38391e-10 3.38355e-10 2.61083e-10 2.0141e-10 1.5534e-10 1.19781e-10 9.23417e-11 7.11726e-11 5.48449e-11 4.22542e-11 3.25473e-11 2.50653e-11 1.92996e-11 1.48573e-11 1.14353e-11 8.79995e-12 6.77068e-12 5.20845e-12 4.00599e-12 3.08061e-12 2.3686e-12 1.82086e-12 1.39956e-12 1.07556e-12 8.26447e-13 6.34933e-13 4.87726e-13 3.74593e-13 2.87661e-13 2.20873e-13
0.00482449 0.00457745 0.00422248 0.00381376 0.00338842 0.00297092 0.00257659 0.00221418 0.00188788 0.00159876 0.00134587 0.00112703 0.000939349 0.000779616 0.000644574 0.000531071 0.000436164 0.00035717 0.000291693 0.000237624 0.000193128 0.000156624 0.000126762 0.000102399 8.25706e-05 6.64697e-05 5.34234e-05 4.28733e-05 3.43576e-05 2.74962e-05 2.19768e-05 1.75438e-05 1.39887e-05 1.11416e-05 8.86452e-06 7.04563e-06 5.5945e-06 4.43809e-06 3.51755e-06 2.78554e-06 2.20403e-06 1.74253e-06 1.37659e-06 1.0867e-06 8.5724e-07 6.75763e-07 5.32348e-07 4.19099e-07 3.29735e-07 2.59269e-07 2.03742e-07 1.60016e-07 1.25605e-07 9.85412e-08 7.72685e-08 6.05575e-08 4.74373e-08 3.7142e-08 2.90675e-08 2.27382e-08 1.77792e-08 1.38957e-08 1.0856e-08 8.47778e-09 6.61792e-09 5.16409e-09 4.02811e-09 3.14086e-09 2.44816e-09 1.90757e-09 1.48583e-09 1.15695e-09 9.00567e-10 7.00775e-10 5.45136e-10 4.23934e-10 3.2958e-10 2.56151e-10 1.99025e-10 1.54595e-10 1.2005e-10 9.31996e-11 7.23352e-11 5.61271e-11 4.35396e-11 3.37667e-11 2.61809e-11 2.02945e-11 1.57278e-11 1.21859e-11 9.43952e-12 7.31045e-12 5.66035e-12 4.38177e-12 3.39128e-12 2.62414e-12 2.03012e-12 1.57026e-12 1.21432e-12 9.38882e-13 7.25783e-13
0.0036433 0.00369189 0.00358936 0.00338842 0.00312862 0.00283899 0.00254023 0.00224658 0.00196743 0.00170847 0.00147273 0.00126133 0.00107409 0.000909955 0.000767331 0.000644341 0.000538988 0.000449274 0.000373277 0.000309204 0.000255415 0.000210435 0.000172955 0.000141827 0.000116053 9.47713e-05 7.72454e-05 6.28474e-05 5.10461e-05 4.13938e-05 3.35151e-05 2.70963e-05 2.18763e-05 1.76384e-05 1.42034e-05 1.14234e-05 9.17679e-06 7.36377e-06 5.90259e-06 4.72646e-06 3.78092e-06 3.02164e-06 2.41261e-06 1.92462e-06 1.53401e-06 1.22167e-06 9.7214e-07 7.72979e-07 6.14158e-07 4.87614e-07 3.86871e-07 3.06732e-07 2.43033e-07 1.92438e-07 1.5228e-07 1.2043e-07 9.51848e-08 7.51885e-08 5.93598e-08 4.68379e-08 3.69379e-08 2.91154e-08 2.2938e-08 1.80623e-08 1.42162e-08 1.11839e-08 8.79434e-09 6.91227e-09 5.43062e-09 4.26475e-09 3.34778e-09 2.62691e-09 2.06044e-09 1.6155e-09 1.26616e-09 9.91997e-10 7.76915e-10 6.08249e-10 4.76034e-10 3.72432e-10 2.91279e-10 2.27735e-10 1.77996e-10 1.39077e-10 1.08634e-10 8.48285e-11 6.62201e-11 5.16787e-11 4.03188e-11 3.14472e-11 2.45209e-11 1.9115e-11 1.48968e-11 1.16065e-11 9.04056e-12 7.04012e-12 5.48097e-12 4.26607e-12 3.31966e-12 2.5826e-12 2.00872e-12
0.0027513 0.00296557 0.00302461 0.00297092 0.00283899 0.00265614 0.00244348 0.00221696 0.00198824 0.00176555 0.00155441 0.00135827 0.00117901 0.00101734 0.000873149 0.000745767 0.000634157 0.000537069 0.00045315 0.000381027 0.000319359 0.000266874 0.000222395 0.000184846 0.000153261 0.00012678 0.000104647 8.61996e-05 7.08662e-05 5.81526e-05 4.76361e-05 3.89561e-05 3.18069e-05 2.59302e-05 2.11084e-05 1.71594e-05 1.39305e-05 1.12947e-05 9.14635e-06 7.39787e-06 5.97683e-06 4.82346e-06 3.88854e-06 3.13165e-06 2.51959e-06 2.02523e-06 1.62637e-06 1.3049e-06 1.04608e-06 8.37886e-07 6.70588e-07 5.36272e-07 4.28533e-07 3.42186e-07 2.73042e-07 2.17717e-07 1.73485e-07 1.38147e-07 1.09937e-07 8.74332e-08 6.94933e-08 5.52015e-08 4.38236e-08 3.47712e-08 2.75736e-08 2.18541e-08 1.73119e-08 1.37067e-08 1.08469e-08 8.57953e-09 6.78289e-09 5.35998e-09 4.23363e-09 3.34247e-09 2.63775e-09 2.08071e-09 1.64062e-09 1.29309e-09 1.01876e-09 8.0231e-10 6.31606e-10 4.97033e-10 3.90988e-10 3.07456e-10 2.41683e-10 1.89915e-10 1.49183e-10 1.17148e-10 9.19616e-11 7.21665e-11 5.66143e-11 4.43997e-11 3.48096e-11 2.72827e-11 2.13769e-11 1.67446e-11 1.31124e-11 1.02651e-11 8.03384e-12 6.28586e-12 4.91688e-12
0.00207769 0.0023736 0.0025299 0.00257659 0.00254023 0.00244348 0.0023052 0.00214062 0.00196175 0.00177779 0.00159557 0.00141996 0.00125427 0.00110055 0.000959891 0.000832678 0.00071876 0.000617625 0.000528513 0.00045052 0.000382667 0.000323955 0.000273401 0.000230066 0.000193072 0.00016161 0.000134948 0.000112426 9.34602e-05 7.75337e-05 6.41953e-05 5.30526e-05 4.37661e-05 3.60438e-05 2.9636e-05 2.43295e-05 1.99434e-05 1.63247e-05 1.33443e-05 1.08937e-05 8.88178e-06 7.23261e-06 5.88272e-06 4.77933e-06 3.87864e-06 3.14435e-06 2.54646e-06 2.06021e-06 1.66521e-06 1.34469e-06 1.08488e-06 8.74506e-07 7.04327e-07 5.66796e-07 4.55755e-07 3.66183e-07 2.93992e-07 2.35859e-07 1.89085e-07 1.51481e-07 1.21273e-07 9.70243e-08 7.75741e-08 6.19839e-08 4.94963e-08 3.95009e-08 3.15054e-08 2.51139e-08 2.00078e-08 1.59312e-08 1.26784e-08 1.00845e-08 8.01713e-09 6.3704e-09 5.05944e-09 4.01632e-09 3.18677e-09 2.5274e-09 2.00355e-09 1.58757e-09 1.25742e-09 9.95496e-10 7.87806e-10 6.23191e-10 4.92775e-10 3.89498e-10 3.07747e-10 2.43062e-10 1.91902e-10 1.51455e-10 1.19489e-10 9.42371e-11 7.42958e-11 5.85542e-11 4.61324e-11 3.63338e-11 2.86072e-11 2.25165e-11 1.7717e-11 1.39362e-11 1.09589e-11
0.00156901 0.00189373 0.00210266 0.00221418 0.00224658 0.00221696 0.00214062 0.00203081 0.00189864 0.00175319 0.00160169 0.00144971 0.00130139 0.00115972 0.00102668 0.000903508 0.000790812 0.000688745 0.000597119 0.000515503 0.000443306 0.000379835 0.000324348 0.000276087 0.000234305 0.000198288 0.000167363 0.000140908 0.000118352 9.91837e-05 8.29418e-05 6.92183e-05 5.76532e-05 4.79313e-05 3.97781e-05 3.29557e-05 2.72589e-05 2.25117e-05 1.85633e-05 1.52854e-05 1.25688e-05 1.03212e-05 8.4646e-06 6.93333e-06 5.67225e-06 4.63515e-06 3.78342e-06 3.08484e-06 2.51261e-06 2.04444e-06 1.66185e-06 1.34957e-06 1.09495e-06 8.87562e-07 7.18824e-07 5.81668e-07 4.70292e-07 3.79934e-07 3.06695e-07 2.47385e-07 1.99395e-07 1.60598e-07 1.29258e-07 1.03962e-07 8.35597e-08 6.71172e-08 5.38754e-08 4.32189e-08 3.46489e-08 2.77616e-08 2.22303e-08 1.77908e-08 1.42298e-08 1.13754e-08 9.08865e-09 7.25777e-09 5.79271e-09 4.62105e-09 3.68455e-09 2.93641e-09 2.33906e-09 1.86236e-09 1.48213e-09 1.179e-09 9.37452e-10 7.45069e-10 5.91914e-10 4.70046e-10 3.73115e-10 2.96054e-10 2.34815e-10 1.86171e-10 1.47548e-10 1.16894e-10 9.25739e-11 7.32871e-11 5.79978e-11 4.5882e-11 3.62847e-11 2.86851e-11 2.26696e-11
0.00118486 0.00150656 0.00173791 0.00188788 0.00196743 0.00198824 0.00196175 0.00189864 0.00180844 0.00169942 0.00157853 0.00145148 0.00132281 0.001196 0.00107366 0.000957638 0.000849159 0.000748937 0.000657291 0.000574237 0.000499561 0.000432891 0.000373743 0.000321571 0.00027579 0.000235809 0.000201048 0.000170948 0.000144981 0.00012266 0.000103536 8.72011e-05 7.32893e-05 6.14735e-05 5.14639e-05 4.30052e-05 3.58736e-05 2.98741e-05 2.48377e-05 2.06182e-05 1.70898e-05 1.41448e-05 1.1691e-05 9.64987e-06 7.95477e-06 6.54921e-06 5.38546e-06 4.4233e-06 3.62891e-06 2.97391e-06 2.43453e-06 1.99091e-06 1.62649e-06 1.32747e-06 1.0824e-06 8.81755e-07 7.1766e-07 5.83592e-07 4.74166e-07 3.84939e-07 3.1225e-07 2.53087e-07 2.04977e-07 1.65887e-07 1.34154e-07 1.08414e-07 8.75516e-08 7.06556e-08 5.69822e-08 4.59251e-08 3.699e-08 2.97747e-08 2.39523e-08 1.92569e-08 1.54729e-08 1.24254e-08 9.97253e-09 7.99948e-09 6.41335e-09 5.139e-09 4.11574e-09 3.29456e-09 2.63591e-09 2.10791e-09 1.68486e-09 1.34609e-09 1.07494e-09 8.58014e-10 6.84562e-10 5.45936e-10 4.35195e-10 3.4677e-10 2.76198e-10 2.19898e-10 1.75004e-10 1.39221e-10 1.10711e-10 8.80059e-11 6.9931e-11 5.55479e-11 4.4107e-11
0.000894769 0.00119546 0.00142946 0.00159876 0.00170847 0.00176555 0.00177779 0.00175319 0.00169942 0.00162352 0.00153178 0.0014296 0.00132152 0.00121125 0.00110173 0.000995218 0.00089337 0.000797348 0.000707897 0.000625424 0.000550066 0.000481757 0.000420277 0.000365298 0.000316418 0.000273189 0.000235145 0.000201814 0.000172733 0.000147458 0.000125571 0.00010668 9.04285e-05 7.64884e-05 6.45647e-05 5.43929e-05 4.57374e-05 3.839e-05 3.2167e-05 2.69079e-05 2.24725e-05 1.87392e-05 1.56028e-05 1.29727e-05 1.0771e-05 8.93094e-06 7.39562e-06 6.11655e-06 5.05253e-06 4.16869e-06 3.43553e-06 2.82817e-06 2.32568e-06 1.91047e-06 1.56779e-06 1.2853e-06 1.0527e-06 8.61392e-07 7.04205e-07 5.7519e-07 4.69405e-07 3.82753e-07 3.1184e-07 2.53861e-07 2.065e-07 1.67846e-07 1.36326e-07 1.10644e-07 8.97367e-08 7.2729e-08 5.89045e-08 4.7676e-08 3.85627e-08 3.11715e-08 2.51811e-08 2.03295e-08 1.64028e-08 1.32268e-08 1.06595e-08 8.58574e-09 6.91156e-09 5.56082e-09 4.47167e-09 3.59395e-09 2.88704e-09 2.318e-09 1.8602e-09 1.49209e-09 1.19625e-09 9.58615e-10 7.67834e-10 6.14742e-10 4.91955e-10 3.93521e-10 3.14646e-10 2.51474e-10 2.00902e-10 1.60434e-10 1.28066e-10 1.02187e-10 8.15063e-11
0.0006757 0.00094638 0.00117068 0.00134587 0.00147273 0.00155441 0.00159557 0.00160169 0.00157853 0.00153178 0.00146677 0.00138836 0.00130083 0.00120782 0.00111239 0.001017 0.000923603 0.000833681 0.000748303 0.000668198 0.000593811 0.000525354 0.000462856 0.000406205 0.000355184 0.000309503 0.000268822 0.000232772 0.000200971 0.000173035 0.000148593 0.000127284 0.000108772 9.27404e-05 7.89001e-05 6.69856e-05 5.67569e-05 4.7998e-05 4.05162e-05 3.41401e-05 2.87185e-05 2.41183e-05 2.02229e-05 1.69308e-05 1.41537e-05 1.18153e-05 9.84965e-06 8.20006e-06 6.81792e-06 5.66164e-06 4.69576e-06 3.89007e-06 3.21893e-06 2.66063e-06 2.19678e-06 1.8119e-06 1.49292e-06 1.22887e-06 1.01055e-06 8.3023e-07 6.81459e-07 5.58846e-07 4.57893e-07 3.74857e-07 3.06624e-07 2.50607e-07 2.04661e-07 1.67009e-07 1.36181e-07 1.10961e-07 9.0346e-08 7.35088e-08 5.97679e-08 4.85626e-08 3.94317e-08 3.19969e-08 2.59472e-08 2.10282e-08 1.70313e-08 1.37858e-08 1.11522e-08 9.01649e-09 7.28564e-09 5.88378e-09 4.74905e-09 3.83111e-09 3.08896e-09 2.4893e-09 2.00502e-09 1.61416e-09 1.29885e-09 1.04463e-09 8.39765e-10 6.74764e-10 5.41935e-10 4.35057e-10 3.49102e-10 2.80007e-10 2.24491e-10 1.79906e-10 1.44115e-10
0.000510266 0.000747609 0.000955056 0.00112703 0.00126133 0.00135827 0.00141996 0.00144971 0.00145148 0.0014296 0.00138836 0.00133192 0.00126408 0.00118827 0.00110745 0.00102417 0.00094049 0.000858102 0.000778309 0.000702087 0.00063013 0.000562889 0.000500617 0.000443406 0.000391218 0.00034392 0.000301305 0.000263117 0.000229064 0.000198839 0.000172125 0.000148607 0.000127981 0.000109953 9.4248e-05 8.0609e-05 6.87987e-05 5.86002e-05 4.98167e-05 4.22708e-05 3.58035e-05 3.02732e-05 2.55544e-05 2.15364e-05 1.8122e-05 1.5226e-05 1.27742e-05 1.07021e-05 8.9539e-06 7.48138e-06 6.24302e-06 5.20317e-06 4.33128e-06 3.60126e-06 2.99088e-06 2.48119e-06 2.05615e-06 1.70213e-06 1.40762e-06 1.16291e-06 9.59814e-07 7.91436e-07 6.51994e-07 5.36636e-07 4.413e-07 3.6259e-07 2.97669e-07 2.44171e-07 2.00128e-07 1.63901e-07 1.34128e-07 1.09682e-07 8.96255e-08 7.31839e-08 5.97165e-08 4.86938e-08 3.96789e-08 3.23116e-08 2.62952e-08 2.13854e-08 1.73815e-08 1.41186e-08 1.14614e-08 9.29874e-09 7.53982e-09 6.11015e-09 4.9488e-09 4.006e-09 3.24107e-09 2.62081e-09 2.11816e-09 1.71103e-09 1.38147e-09 1.11483e-09 8.9922e-10 7.24963e-10 5.842e-10 4.70551e-10 3.78839e-10 3.04865e-10 2.45228e-10
0.000385337 0.00058944 0.000776447 0.000939349 0.00107409 0.00117901 0.00125427 0.00130139 0.00132281 0.00132152 0.00130083 0.00126408 0.00121454 0.00115526 0.001089 0.00101822 0.000945009 0.00087115 0.000798085 0.000726964 0.000658668 0.000593844 0.000532934 0.000476209 0.0004238 0.000375722 0.000331902 0.000292197 0.000256414 0.000224327 0.000195685 0.000170229 0.000147694 0.00012782 0.000110354 9.5055e-05 8.16963e-05 7.00663e-05 5.99695e-05 5.12273e-05 4.3677e-05 3.71719e-05 3.15802e-05 2.67844e-05 2.26798e-05 1.91739e-05 1.61852e-05 1.36422e-05 1.14823e-05 9.65097e-06 8.1008e-06 6.79075e-06 5.68535e-06 4.75402e-06 3.9705e-06 3.31226e-06 2.76001e-06 2.2973e-06 1.91011e-06 1.58652e-06 1.31641e-06 1.0912e-06 9.03636e-07 7.47607e-07 6.17949e-07 5.10316e-07 4.21059e-07 3.47115e-07 2.85916e-07 2.35312e-07 1.93509e-07 1.59007e-07 1.30556e-07 1.07115e-07 8.78173e-08 7.19444e-08 5.88986e-08 4.81849e-08 3.93932e-08 3.21841e-08 2.62771e-08 2.14404e-08 1.74829e-08 1.42471e-08 1.16031e-08 9.4442e-09 7.68246e-09 6.24576e-09 5.07486e-09 4.12118e-09 3.34489e-09 2.71337e-09 2.19992e-09 1.78271e-09 1.44388e-09 1.16886e-09 9.45759e-10 7.64869e-10 6.18281e-10 4.99551e-10 4.03434e-10
0.000290994 0.000463908 0.00062926 0.000779616 0.000909955 0.00101734 0.00110055 0.00115972 0.001196 0.00121125 0.00120782 0.00118827 0.00115526 0.0011114 0.00105916 0.00100081 0.000938382 0.000873642 0.000808096 0.000742996 0.000679352 0.000617956 0.000559403 0.000504115 0.00045237 0.000404321 0.000360018 0.000319432 0.000282469 0.000248986 0.000218806 0.000191729 0.000167541 0.000146019 0.000126941 0.000110091 9.52566e-05 8.22388e-05 7.08489e-05 6.09116e-05 5.22649e-05 4.47606e-05 3.82636e-05 3.26518e-05 2.78156e-05 2.36566e-05 2.00873e-05 1.70302e-05 1.44168e-05 1.21867e-05 1.02872e-05 8.67181e-06 7.30042e-06 6.138e-06 5.15421e-06 4.32284e-06 3.62127e-06 3.03006e-06 2.53253e-06 2.11438e-06 1.76339e-06 1.46913e-06 1.22274e-06 1.01666e-06 8.44498e-07 7.00828e-07 5.81064e-07 4.81332e-07 3.98367e-07 3.29418e-07 2.72174e-07 2.24691e-07 1.85343e-07 1.52765e-07 1.25815e-07 1.03542e-07 8.51479e-08 6.99708e-08 5.74579e-08 4.71497e-08 3.86642e-08 3.16846e-08 2.59477e-08 2.12358e-08 1.73685e-08 1.41966e-08 1.15969e-08 9.46748e-09 7.7245e-09 6.29874e-09 5.13321e-09 4.181e-09 3.40353e-09 2.76914e-09 2.25178e-09 1.83012e-09 1.48665e-09 1.20703e-09 9.79504e-10 7.94478e-10 6.44089e-10
0.000219749 0.000364511 0.000508518 0.000644574 0.000767331 0.000873149 0.000959891 0.00102668 0.00107366 0.00110173 0.00111239 0.00110745 0.001089 0.00105916 0.00102005 0.000973696 0.000921979 0.000866593 0.000809034 0.00075059 0.000692345 0.000635189 0.000579829 0.00052681 0.00047653 0.000429262 0.00038517 0.00034433 0.000306742 0.00027235 0.000241049 0.000212705 0.000187155 0.000164223 0.000143724 0.000125468 0.000109267 9.49393e-05 8.23072e-05 7.12038e-05 6.14719e-05 5.29652e-05 4.55487e-05 3.90986e-05 3.35022e-05 2.86576e-05 2.44728e-05 2.08654e-05 1.77621e-05 1.50975e-05 1.28138e-05 1.08601e-05 9.19156e-06 7.76894e-06 6.55795e-06 5.5287e-06 4.65523e-06 3.91506e-06 3.28872e-06 2.75943e-06 2.31276e-06 1.93629e-06 1.61939e-06 1.35295e-06 1.12922e-06 9.41552e-07 7.84322e-07 6.52734e-07 5.42725e-07 4.50851e-07 3.742e-07 3.10315e-07 2.5712e-07 2.12868e-07 1.7609e-07 1.45551e-07 1.20216e-07 9.92148e-08 8.18217e-08 6.74285e-08 5.55275e-08 4.56949e-08 3.75775e-08 3.08812e-08 2.53613e-08 2.08145e-08 1.7072e-08 1.39935e-08 1.14631e-08 9.38454e-09 7.6783e-09 6.27859e-09 5.13108e-09 4.19092e-09 3.42111e-09 2.79117e-09 2.27599e-09 1.85492e-09 1.51095e-09 1.23014e-09 1.00101e-09
0.000165947 0.000285977 0.000409871 0.000531071 0.000644341 0.000745767 0.000832678 0.000903508 0.000957638 0.000995218 0.001017 0.00102417 0.00101822 0.00100081 0.000973696 0.000938613 0.00089724 0.000851142 0.00080175 0.000750335 0.000698005 0.0006457 0.000594205 0.000544152 0.000496034 0.000450225 0.000406987 0.00036649 0.000328822 0.000294007 0.000262017 0.000232778 0.000206186 0.000182113 0.000160412 0.00014093 0.000123505 0.000107975 9.41804e-05 8.19665e-05 7.11845e-05 6.16939e-05 5.33628e-05 4.60685e-05 3.96978e-05 3.41471e-05 2.93218e-05 2.51363e-05 2.15134e-05 1.83837e-05 1.56855e-05 1.33635e-05 1.13689e-05 9.6585e-06 8.19434e-06 6.94297e-06 5.87517e-06 4.96538e-06 4.19138e-06 3.53383e-06 2.97601e-06 2.50342e-06 2.10356e-06 1.76567e-06 1.48051e-06 1.24013e-06 1.03775e-06 8.67545e-07 7.24564e-07 6.04583e-07 5.0401e-07 4.19792e-07 3.49341e-07 2.90464e-07 2.41308e-07 2.00306e-07 1.66137e-07 1.37688e-07 1.14022e-07 9.43527e-08 7.80181e-08 6.44644e-08 5.32271e-08 4.39177e-08 3.62116e-08 2.98374e-08 2.45689e-08 2.02174e-08 1.66259e-08 1.36638e-08 1.12225e-08 9.21172e-09 7.55669e-09 6.19536e-09 5.07632e-09 4.15704e-09 3.40231e-09 2.78307e-09 2.2753e-09 1.85917e-09 1.51835e-09
0.000125318 0.000224049 0.000329568 0.000436164 0.000538988 0.000634157 0.00071876 0.000790812 0.000849159 0.00089337 0.000923603 0.00094049 0.000945009 0.000938382 0.000921979 0.00089724 0.00086561 0.000828491 0.000787203 0.000742956 0.000696838 0.000649806 0.00060268 0.000556149 0.000510779 0.000467019 0.000425212 0.000385608 0.000348376 0.000313614 0.000281362 0.00025161 0.00022431 0.000199384 0.000176728 0.000156224 0.000137742 0.000121145 0.000106294 9.30492e-05 8.12754e-05 7.08403e-05 6.16184e-05 5.3491e-05 4.63467e-05 4.00824e-05 3.46028e-05 2.98206e-05 2.56562e-05 2.20375e-05 1.88993e-05 1.61833e-05 1.38369e-05 1.18137e-05 1.00721e-05 8.5756e-06 7.29173e-06 6.19205e-06 5.25159e-06 4.44851e-06 3.76373e-06 3.18064e-06 2.68483e-06 2.26379e-06 1.90671e-06 1.60425e-06 1.34838e-06 1.13217e-06 9.49685e-07 7.95846e-07 6.66296e-07 5.57318e-07 4.65742e-07 3.88868e-07 3.244e-07 2.7039e-07 2.25184e-07 1.87382e-07 1.55802e-07 1.29441e-07 1.07458e-07 8.91409e-08 7.38911e-08 6.12055e-08 5.06614e-08 4.19044e-08 3.46371e-08 2.86107e-08 2.36171e-08 1.94823e-08 1.60611e-08 1.32322e-08 1.08949e-08 8.96488e-09 7.37235e-09 6.05912e-09 4.97692e-09 4.08566e-09 3.35211e-09 2.74874e-09 2.25274e-09
9.46359e-05 0.000175303 0.000264412 0.00035717 0.000449274 0.000537069 0.000617625 0.000688745 0.000748937 0.000797348 0.000833681 0.000858102 0.00087115 0.000873642 0.000866593 0.000851142 0.000828491 0.000799851 0.000766402 0.000729262 0.000689465 0.000647947 0.000605534 0.000562945 0.000520789 0.00047957 0.000439694 0.000401477 0.000365155 0.000330893 0.000298794 0.000268906 0.000241237 0.000215756 0.000192405 0.000171103 0.000151753 0.000134246 0.000118466 0.000104293 9.16068e-05 8.02866e-05 7.02162e-05 6.12833e-05 5.33811e-05 4.6409e-05 4.0273e-05 3.48858e-05 3.01668e-05 2.60423e-05 2.24451e-05 1.93141e-05 1.65944e-05 1.42364e-05 1.21957e-05 1.04328e-05 8.91252e-06 7.60357e-06 6.47841e-06 5.51275e-06 4.68523e-06 3.97713e-06 3.37207e-06 2.85578e-06 2.41582e-06 2.04141e-06 1.72318e-06 1.45303e-06 1.22399e-06 1.03002e-06 8.65936e-07 7.27297e-07 6.10282e-07 5.11623e-07 4.28529e-07 3.58614e-07 2.99846e-07 2.50497e-07 2.09097e-07 1.74397e-07 1.45339e-07 1.21028e-07 1.00706e-07 8.37335e-08 6.95698e-08 5.77598e-08 4.79204e-08 3.97293e-08 3.29156e-08 2.7252e-08 2.25478e-08 1.86435e-08 1.54053e-08 1.27215e-08 1.04987e-08 8.65896e-09 7.13731e-09 5.87957e-09 4.84064e-09 3.983e-09 3.27546e-09
7.1466e-05 0.000136995 0.000211703 0.000291693 0.000373277 0.00045315 0.000528513 0.000597119 0.000657291 0.000707897 0.000748303 0.000778309 0.000798085 0.000808096 0.000809034 0.00080175 0.000787203 0.000766402 0.000740371 0.000710112 0.000676577 0.000640655 0.000603153 0.000564791 0.000526198 0.000487912 0.000450384 0.000413981 0.000378993 0.000345641 0.000314083 0.000284422 0.000256716 0.000230981 0.000207203 0.000185338 0.000165323 0.00014708 0.000130517 0.000115537 0.000102035 8.99072e-05 7.90475e-05 6.93528e-05 6.07231e-05 5.30625e-05 4.62799e-05 4.02898e-05 3.50122e-05 3.03733e-05 2.63047e-05 2.27439e-05 1.9634e-05 1.69232e-05 1.45648e-05 1.25169e-05 1.07417e-05 9.20552e-06 7.87845e-06 6.73387e-06 5.74822e-06 4.90074e-06 4.17314e-06 3.54935e-06 3.01531e-06 2.55872e-06 2.16888e-06 1.83645e-06 1.55333e-06 1.3125e-06 1.1079e-06 9.34259e-07 7.87074e-07 6.62449e-07 5.5704e-07 4.67978e-07 3.92806e-07 3.2942e-07 2.76027e-07 2.31093e-07 1.93315e-07 1.61582e-07 1.34951e-07 1.12621e-07 9.39145e-08 7.82562e-08 6.51606e-08 5.42171e-08 4.50795e-08 3.74556e-08 3.10997e-08 2.58049e-08 2.13973e-08 1.7731e-08 1.46834e-08 1.21519e-08 1.00506e-08 8.30759e-09 6.8627e-09 5.66574e-09 4.67482e-09
5.39688e-05 0.000106938 0.000169179 0.000237624 0.000309204 0.000381027 0.00045052 0.000515503 0.000574237 0.000625424 0.000668198 0.000702087 0.000726964 0.000742996 0.00075059 0.000750335 0.000742956 0.000729262 0.000710112 0.000686375 0.000658908 0.000628527 0.000595999 0.000562024 0.00052723 0.00049217 0.000457321 0.000423087 0.000389798 0.000357721 0.000327059 0.000297965 0.00027054 0.000244846 0.000220907 0.000198718 0.000178252 0.000159458 0.000142272 0.000126619 0.000112416 9.95724e-05 8.79979e-05 7.75999e-05 6.8287e-05 5.99698e-05 5.25622e-05 4.59821e-05 4.01516e-05 3.49979e-05 3.04529e-05 2.64536e-05 2.29421e-05 1.98651e-05 1.71743e-05 1.48257e-05 1.27796e-05 1.10003e-05 9.45557e-06 8.11683e-06 6.95847e-06 5.95778e-06 5.09461e-06 4.35119e-06 3.71182e-06 3.16272e-06 2.69178e-06 2.28842e-06 1.94339e-06 1.64862e-06 1.39711e-06 1.18277e-06 1.00031e-06 8.45172e-07 7.13412e-07 6.0163e-07 5.06897e-07 4.26697e-07 3.58869e-07 3.01562e-07 2.53191e-07 2.12402e-07 1.78039e-07 1.49115e-07 1.24792e-07 1.04355e-07 8.71993e-08 7.28093e-08 6.07495e-08 5.06507e-08 4.22007e-08 3.5136e-08 2.92339e-08 2.43068e-08 2.01968e-08 1.67707e-08 1.39169e-08 1.15415e-08 9.5655e-09 7.92298e-09 6.55855e-09
4.07554e-05 8.33863e-05 0.000134957 0.000193128 0.000255415 0.000319359 0.000382667 0.000443306 0.000499561 0.000550066 0.000593811 0.00063013 0.000658668 0.000679352 0.000692345 0.000698005 0.000696838 0.000689465 0.000676577 0.000658908 0.000637201 0.000612191 0.000584586 0.000555046 0.000524183 0.000492547 0.000460624 0.00042884 0.000397553 0.000367064 0.000337614 0.000309395 0.000282548 0.000257174 0.000233335 0.000211061 0.000190357 0.000171204 0.000153564 0.000137385 0.000122604 0.000109152 9.69503e-05 8.59204e-05 7.59811e-05 6.70515e-05 5.90519e-05 5.1905e-05 4.55368e-05 3.98766e-05 3.48579e-05 3.04181e-05 2.64993e-05 2.30477e-05 2.0014e-05 1.73527e-05 1.50228e-05 1.29867e-05 1.12106e-05 9.66404e-06 8.31955e-06 7.15267e-06 6.14155e-06 5.26674e-06 4.51101e-06 3.85909e-06 3.29753e-06 2.81446e-06 2.39948e-06 2.04344e-06 1.73838e-06 1.47731e-06 1.25416e-06 1.06365e-06 9.01188e-07 7.62808e-07 6.45067e-07 5.44995e-07 4.6003e-07 3.87966e-07 3.26905e-07 2.75219e-07 2.31509e-07 1.94581e-07 1.63411e-07 1.37125e-07 1.14977e-07 9.63325e-08 8.06504e-08 6.74712e-08 5.64044e-08 4.7119e-08 3.93345e-08 3.28133e-08 2.73545e-08 2.27886e-08 1.89723e-08 1.57848e-08 1.31244e-08 1.09055e-08 9.05617e-09
3.07772e-05 6.49571e-05 0.000107479 0.000156624 0.000210435 0.000266874 0.000323955 0.000379835 0.000432891 0.000481757 0.000525354 0.000562889 0.000593844 0.000617956 0.000635189 0.0006457 0.000649806 0.000647947 0.000640655 0.000628527 0.000612191 0.00059229 0.000569457 0.000544305 0.00051741 0.000489305 0.000460474 0.000431348 0.000402303 0.000373662 0.000345695 0.000318624 0.000292625 0.00026783 0.000244338 0.00022221 0.000201481 0.000182161 0.000164239 0.000147687 0.000132464 0.000118518 0.000105788 9.42085e-05 8.37109e-05 7.42238e-05 6.56756e-05 5.79953e-05 5.11137e-05 4.49638e-05 3.94815e-05 3.46062e-05 3.02807e-05 2.64515e-05 2.3069e-05 2.00871e-05 1.74638e-05 1.51603e-05 1.31414e-05 1.13751e-05 9.83263e-06 8.48779e-06 7.31721e-06 6.29994e-06 5.41728e-06 4.65255e-06 3.99098e-06 3.41946e-06 2.92643e-06 2.50167e-06 2.13621e-06 1.82218e-06 1.55268e-06 1.32167e-06 1.1239e-06 9.54778e-07 8.10318e-07 6.87062e-07 5.82011e-07 4.92572e-07 4.16504e-07 3.51873e-07 2.97014e-07 2.50496e-07 2.11088e-07 1.77734e-07 1.4953e-07 1.25702e-07 1.0559e-07 8.86279e-08 7.43349e-08 6.23011e-08 5.21775e-08 4.36679e-08 3.65205e-08 3.05218e-08 2.54912e-08 2.12755e-08 1.77454e-08 1.47913e-08 1.23212e-08
2.32419e-05 5.05535e-05 8.54637e-05 0.000126762 0.000172955 0.000222395 0.000273401 0.000324348 0.000373743 0.000420277 0.000462856 0.000500617 0.000532934 0.000559403 0.000579829 0.000594205 0.00060268 0.000605534 0.000603153 0.000595999 0.000584586 0.000569457 0.00055117 0.000530273 0.000507301 0.000482756 0.000457106 0.000430777 0.00040415 0.000377562 0.000351302 0.000325613 0.000300699 0.00027672 0.000253802 0.000232037 0.000211488 0.000192191 0.000174161 0.000157392 0.000141866 0.000127548 0.000114396 0.000102359 9.13808e-05 8.14008e-05 7.23568e-05 6.41854e-05 5.68234e-05 5.02086e-05 4.42808e-05 3.89818e-05 3.42564e-05 3.00521e-05 2.63198e-05 2.30137e-05 2.00911e-05 1.75127e-05 1.52423e-05 1.32469e-05 1.14963e-05 9.96327e-06 8.62296e-06 7.45309e-06 6.43362e-06 5.54661e-06 4.77599e-06 4.1075e-06 3.52841e-06 3.02748e-06 2.59473e-06 2.2214e-06 1.89972e-06 1.62291e-06 1.385e-06 1.18077e-06 1.00565e-06 8.55671e-07 7.27362e-07 6.17714e-07 5.24113e-07 4.44293e-07 3.76297e-07 3.18429e-07 2.69231e-07 2.27443e-07 1.91983e-07 1.6192e-07 1.36456e-07 1.14907e-07 9.66867e-08 8.12939e-08 6.83009e-08 5.73427e-08 4.81079e-08 4.03319e-08 3.37892e-08 2.82884e-08 2.36672e-08 1.97878e-08 1.65334e-08
1.75515e-05 3.93092e-05 6.78589e-05 0.000102399 0.000141827 0.000184846 0.000230066 0.000276087 0.000321571 0.000365298 0.000406205 0.000443406 0.000476209 0.000504115 0.00052681 0.000544152 0.000556149 0.000562945 0.000564791 0.000562024 0.000555046 0.000544305 0.000530273 0.000513435 0.000494269 0.000473241 0.000450792 0.000427334 0.000403244 0.00037886 0.000354481 0.000330368 0.000306742 0.000283786 0.000261649 0.000240448 0.000220272 0.000201179 0.00018321 0.00016638 0.000150691 0.000136129 0.000122667 0.000110271 9.88965e-05 8.84962e-05 7.90174e-05 7.04053e-05 6.26038e-05 5.55568e-05 4.92084e-05 4.35043e-05 3.83918e-05 3.38206e-05 2.97428e-05 2.61132e-05 2.28895e-05 2.00321e-05 1.75046e-05 1.52731e-05 1.33066e-05 1.15769e-05 1.00581e-05 8.72666e-06 7.56148e-06 6.54342e-06 5.65529e-06 4.88168e-06 4.20881e-06 3.62441e-06 3.11755e-06 2.67855e-06 2.29882e-06 1.97079e-06 1.68777e-06 1.4439e-06 1.23401e-06 1.05357e-06 8.98638e-07 7.65753e-07 6.51903e-07 5.54468e-07 4.71167e-07 4.00025e-07 3.39327e-07 2.87592e-07 2.4354e-07 2.06064e-07 1.74213e-07 1.47167e-07 1.24222e-07 1.04773e-07 8.83019e-08 7.43646e-08 6.25809e-08 5.26263e-08 4.42235e-08 3.71364e-08 3.11634e-08 2.61333e-08 2.19005e-08
1.32543e-05 3.05405e-05 5.38068e-05 8.25706e-05 0.000116053 0.000153261 0.000193072 0.000234305 0.00027579 0.000316418 0.000355184 0.000391218 0.0004238 0.00045237 0.00047653 0.000496034 0.000510779 0.000520789 0.000526198 0.00052723 0.000524183 0.00051741 0.000507301 0.000494269 0.000478736 0.000461122 0.000441835 0.000421263 0.00039977 0.000377689 0.000355322 0.000332935 0.000310764 0.000289007 0.000267833 0.000247378 0.000227751 0.000209034 0.000191287 0.000174548 0.000158837 0.000144157 0.000130501 0.000117847 0.000106167 9.54254e-05 8.55794e-05 7.6584e-05 6.83911e-05 6.09512e-05 5.4214e-05 4.81296e-05 4.26491e-05 3.77246e-05 3.33105e-05 2.93629e-05 2.58402e-05 2.27036e-05 1.99164e-05 1.74447e-05 1.52569e-05 1.33241e-05 1.16197e-05 1.01192e-05 8.80061e-06 7.64372e-06 6.63034e-06 5.74405e-06 4.9701e-06 4.29524e-06 3.70763e-06 3.19672e-06 2.75309e-06 2.3684e-06 2.03525e-06 1.7471e-06 1.49819e-06 1.28342e-06 1.09835e-06 9.39033e-07 8.02054e-07 6.84409e-07 5.83478e-07 4.96978e-07 4.22922e-07 3.59586e-07 3.0547e-07 2.59279e-07 2.19889e-07 1.8633e-07 1.57765e-07 1.33474e-07 1.12835e-07 9.53143e-08 8.04534e-08 6.78591e-08 5.71946e-08 4.81714e-08 4.05431e-08 3.4099e-08 2.86594e-08
1.00092e-05 2.37092e-05 4.26095e-05 6.64697e-05 9.47713e-05 0.00012678 0.00016161 0.000198288 0.000235809 0.000273189 0.000309503 0.00034392 0.000375722 0.000404321 0.000429262 0.000450225 0.000467019 0.00047957 0.000487912 0.00049217 0.000492547 0.000489305 0.000482756 0.000473241 0.000461122 0.00044677 0.000430553 0.00041283 0.000393945 0.000374218 0.000353945 0.000333396 0.00031281 0.000292398 0.00027234 0.000252789 0.000233871 0.000215687 0.000198315 0.00018181 0.000166212 0.000151541 0.000137806 0.000125 0.000113108 0.000102107 9.19671e-05 8.26514e-05 7.4121e-05 6.63335e-05 5.92452e-05 5.28114e-05 4.69872e-05 4.17285e-05 3.69922e-05 3.27365e-05 2.89214e-05 2.55089e-05 2.24629e-05 1.97497e-05 1.73378e-05 1.51979e-05 1.33027e-05 1.16274e-05 1.0149e-05 8.84663e-06 7.70121e-06 6.69546e-06 5.81371e-06 5.04186e-06 4.3672e-06 3.77835e-06 3.26512e-06 2.81841e-06 2.43012e-06 2.09304e-06 1.8008e-06 1.54775e-06 1.32889e-06 1.13983e-06 9.76708e-07 8.3612e-07 7.15089e-07 6.11008e-07 5.21598e-07 4.44871e-07 3.79096e-07 3.22766e-07 2.74571e-07 2.33377e-07 1.982e-07 1.68189e-07 1.42608e-07 1.20824e-07 1.02288e-07 8.65301e-08 7.31451e-08 6.17852e-08 5.21518e-08 4.3989e-08 3.70779e-08
7.55866e-06 1.83923e-05 3.37013e-05 5.34234e-05 7.72454e-05 0.000104647 0.000134948 0.000167363 0.000201048 0.000235145 0.000268822 0.000301305 0.000331902 0.000360018 0.00038517 0.000406987 0.000425212 0.000439694 0.000450384 0.000457321 0.000460624 0.000460474 0.000457106 0.000450792 0.000441835 0.000430553 0.000417272 0.000402317 0.000386004 0.000368638 0.000350503 0.000331862 0.000312957 0.000294002 0.000275187 0.000256674 0.000238605 0.000221094 0.000204235 0.0001881 0.000172744 0.000158204 0.000144502 0.000131648 0.00011964 0.000108466 9.8108e-05 8.85393e-05 7.97299e-05 7.16455e-05 6.4249e-05 5.75016e-05 5.13634e-05 4.57944e-05 4.07548e-05 3.62054e-05 3.21083e-05 2.8427e-05 2.51266e-05 2.21739e-05 1.95377e-05 1.71889e-05 1.51e-05 1.32458e-05 1.16028e-05 1.01497e-05 8.86658e-06 7.73547e-06 6.73997e-06 5.86518e-06 5.09765e-06 4.42521e-06 3.83693e-06 3.32302e-06 2.87467e-06 2.48406e-06 2.14419e-06 1.84884e-06 1.59251e-06 1.37031e-06 1.17793e-06 1.01155e-06 8.67836e-07 7.43828e-07 6.36945e-07 5.4492e-07 4.6577e-07 3.97763e-07 3.39391e-07 2.89336e-07 2.46457e-07 2.09758e-07 1.78379e-07 1.51572e-07 1.28693e-07 1.09182e-07 9.25592e-08 7.84079e-08 6.63711e-08 5.61413e-08 4.74541e-08
5.70805e-06 1.42576e-05 2.66248e-05 4.28733e-05 6.28474e-05 8.61996e-05 0.000112426 0.000140908 0.000170948 0.000201814 0.000232772 0.000263117 0.000292197 0.000319432 0.00034433 0.00036649 0.000385608 0.000401477 0.000413981 0.000423087 0.00042884 0.000431348 0.000430777 0.000427334 0.000421263 0.00041283 0.000402317 0.00039001 0.000376197 0.00036116 0.000345166 0.000328469 0.000311306 0.00029389 0.000276415 0.000259052 0.000241949 0.000225233 0.000209011 0.00019337 0.000178376 0.000164082 0.000150523 0.000137723 0.000125693 0.000114433 0.000103935 9.4183e-05 8.51568e-05 7.68299e-05 6.91723e-05 6.21517e-05 5.57337e-05 4.98828e-05 4.4563e-05 3.97385e-05 3.53739e-05 3.14347e-05 2.78875e-05 2.47003e-05 2.18426e-05 1.92856e-05 1.70022e-05 1.49671e-05 1.31566e-05 1.15488e-05 1.01236e-05 8.86234e-06 7.74802e-06 6.7651e-06 5.89944e-06 5.13823e-06 4.46984e-06 3.8838e-06 3.3707e-06 2.92208e-06 2.53035e-06 2.18875e-06 1.89124e-06 1.63246e-06 1.40765e-06 1.21257e-06 1.04349e-06 8.97116e-07 7.70539e-07 6.612e-07 5.66855e-07 4.85532e-07 4.15506e-07 3.55269e-07 3.03504e-07 2.59062e-07 2.20945e-07 1.88282e-07 1.60318e-07 1.364e-07 1.1596e-07 9.85069e-08 8.36179e-08 7.09265e-08 6.01174e-08
4.31053e-06 1.10451e-05 2.10112e-05 3.43576e-05 5.10461e-05 7.08662e-05 9.34602e-05 0.000118352 0.000144981 0.000172733 0.000200971 0.000229064 0.000256414 0.000282469 0.000306742 0.000328822 0.000348376 0.000365155 0.000378993 0.000389798 0.000397553 0.000402303 0.00040415 0.000403244 0.00039977 0.000393945 0.000386004 0.000376197 0.000364779 0.000352004 0.000338122 0.000323371 0.000307978 0.000292153 0.00027609 0.00025996 0.00024392 0.000228104 0.000212628 0.000197589 0.000183067 0.000169126 0.000155814 0.000143166 0.000131206 0.000119945 0.000109385 9.95223e-05 9.03437e-05 8.18315e-05 7.39635e-05 6.67139e-05 6.0054e-05 5.39534e-05 4.83807e-05 4.33035e-05 3.86895e-05 3.45067e-05 3.07237e-05 2.731e-05 2.42363e-05 2.14746e-05 1.89983e-05 1.67822e-05 1.48029e-05 1.30383e-05 1.1468e-05 1.0073e-05 8.83578e-06 7.74039e-06 6.77211e-06 5.91752e-06 5.16441e-06 4.50173e-06 3.91946e-06 3.40855e-06 2.96089e-06 2.56917e-06 2.22684e-06 1.92807e-06 1.66763e-06 1.44089e-06 1.24373e-06 1.07247e-06 9.23904e-07 7.95154e-07 6.83704e-07 5.87333e-07 5.04088e-07 4.32257e-07 3.70336e-07 3.17013e-07 2.71137e-07 2.31707e-07 1.97849e-07 1.68802e-07 1.43905e-07 1.22584e-07 1.04342e-07 8.87472e-08 7.54269e-08
3.25517e-06 8.55101e-06 1.6564e-05 2.74962e-05 4.13938e-05 5.81526e-05 7.75337e-05 9.91837e-05 0.00012266 0.000147458 0.000173035 0.000198839 0.000224327 0.000248986 0.00027235 0.000294007 0.000313614 0.000330893 0.000345641 0.000357721 0.000367064 0.000373662 0.000377562 0.00037886 0.000377689 0.000374218 0.000368638 0.00036116 0.000352004 0.000341398 0.000329568 0.000316735 0.000303113 0.000288904 0.000274296 0.000259462 0.000244559 0.000229726 0.000215086 0.000200745 0.000186792 0.000173301 0.000160332 0.000147929 0.000136127 0.000124948 0.000114405 0.000104503 9.5237e-05 8.65988e-05 7.85732e-05 7.11413e-05 6.42806e-05 5.79661e-05 5.21709e-05 4.68668e-05 4.20249e-05 3.76161e-05 3.36115e-05 2.99823e-05 2.6701e-05 2.37405e-05 2.10751e-05 1.86803e-05 1.65329e-05 1.46109e-05 1.2894e-05 1.13629e-05 9.99996e-06 8.78875e-06 7.71414e-06 6.76228e-06 5.92044e-06 5.17705e-06 4.52156e-06 3.94442e-06 3.43698e-06 2.99143e-06 2.60075e-06 2.25864e-06 1.95943e-06 1.69808e-06 1.47008e-06 1.2714e-06 1.09849e-06 9.48166e-07 8.17632e-07 7.04407e-07 6.063e-07 5.21383e-07 4.47959e-07 3.84538e-07 3.2981e-07 2.82631e-07 2.41999e-07 2.07038e-07 1.76984e-07 1.51172e-07 1.29024e-07 1.10035e-07 9.377e-08
2.4582e-06 6.6161e-06 1.30452e-05 2.19768e-05 3.35151e-05 4.76361e-05 6.41953e-05 8.29418e-05 0.000103536 0.000125571 0.000148593 0.000172125 0.000195685 0.000218806 0.000241049 0.000262017 0.000281362 0.000298794 0.000314083 0.000327059 0.000337614 0.000345695 0.000351302 0.000354481 0.000355322 0.000353945 0.000350503 0.000345166 0.000338122 0.000329568 0.000319706 0.000308737 0.00029686 0.000284265 0.000271133 0.000257632 0.000243919 0.000230135 0.000216406 0.000202843 0.000189544 0.00017659 0.000164049 0.000151977 0.000140416 0.000129399 0.000118948 0.000109076 9.97884e-05 9.10839e-05 8.2955e-05 7.53896e-05 6.83715e-05 6.18813e-05 5.5897e-05 5.03948e-05 4.53496e-05 4.07354e-05 3.65261e-05 3.26954e-05 2.92173e-05 2.60664e-05 2.32182e-05 2.06489e-05 1.8336e-05 1.62579e-05 1.43944e-05 1.27264e-05 1.1236e-05 9.9067e-06 8.72303e-06 7.67078e-06 6.73687e-06 5.90927e-06 5.177e-06 4.53004e-06 3.95927e-06 3.45643e-06 3.01404e-06 2.62536e-06 2.28432e-06 1.98547e-06 1.7239e-06 1.49525e-06 1.29563e-06 1.12154e-06 9.69893e-07 8.3795e-07 7.23276e-07 6.23718e-07 5.37375e-07 4.62571e-07 3.97829e-07 3.41853e-07 2.93503e-07 2.51781e-07 2.15811e-07 1.8483e-07 1.5817e-07 1.35249e-07 1.1556e-07
1.85635e-06 5.11608e-06 1.02642e-05 1.75438e-05 2.70963e-05 3.89561e-05 5.30526e-05 6.92183e-05 8.72011e-05 0.00010668 0.000127284 0.000148607 0.000170229 0.000191729 0.000212705 0.000232778 0.00025161 0.000268906 0.000284422 0.000297965 0.000309395 0.000318624 0.000325613 0.000330368 0.000332935 0.000333396 0.000331862 0.000328469 0.000323371 0.000316735 0.000308737 0.000299558 0.000289378 0.000278373 0.000266714 0.000254563 0.000242073 0.000229383 0.000216621 0.000203902 0.000191327 0.000178985 0.00016695 0.000155285 0.000144042 0.000133262 0.000122974 0.000113201 0.000103955 9.52438e-05 8.70663e-05 7.94173e-05 7.22868e-05 6.56611e-05 5.95233e-05 5.38541e-05 4.86326e-05 4.38364e-05 3.94421e-05 3.54261e-05 3.17647e-05 2.84343e-05 2.54116e-05 2.26743e-05 2.02005e-05 1.79693e-05 1.59609e-05 1.41565e-05 1.25383e-05 1.10897e-05 9.79522e-06 8.64037e-06 7.61179e-06 6.69713e-06 5.88505e-06 5.16514e-06 4.52787e-06 3.96457e-06 3.46737e-06 3.0291e-06 2.6433e-06 2.30413e-06 2.00634e-06 1.74521e-06 1.51651e-06 1.31645e-06 1.14165e-06 9.89093e-07 8.56103e-07 7.40297e-07 6.39564e-07 5.52035e-07 4.76059e-07 4.10177e-07 3.53108e-07 3.03719e-07 2.61019e-07 2.24137e-07 1.9231e-07 1.64871e-07 1.41235e-07
1.40186e-06 3.95397e-06 8.0689e-06 1.39887e-05 2.18763e-05 3.18069e-05 4.37661e-05 5.76532e-05 7.32893e-05 9.04285e-05 0.000108772 0.000127981 0.000147694 0.000167541 0.000187155 0.000206186 0.00022431 0.000241237 0.000256716 0.00027054 0.000282548 0.000292625 0.000300699 0.000306742 0.000310764 0.00031281 0.000312957 0.000311306 0.000307978 0.000303113 0.00029686 0.000289378 0.000280826 0.000271367 0.00026116 0.000250356 0.000239102 0.000227534 0.00021578 0.000203954 0.000192161 0.000180493 0.00016903 0.000157842 0.000146986 0.00013651 0.000126453 0.000116843 0.000107701 9.90411e-05 9.0869e-05 8.31863e-05 7.59891e-05 6.92693e-05 6.30153e-05 5.72124e-05 5.18437e-05 4.68907e-05 4.23334e-05 3.81509e-05 3.4322e-05 3.0825e-05 2.76385e-05 2.47415e-05 2.21132e-05 1.97337e-05 1.75837e-05 1.5645e-05 1.38999e-05 1.23322e-05 1.09262e-05 9.66746e-06 8.54245e-06 7.5386e-06 6.6443e-06 5.84883e-06 5.14233e-06 4.51578e-06 3.96094e-06 3.47029e-06 3.03699e-06 2.65486e-06 2.3183e-06 2.02225e-06 1.76216e-06 1.53395e-06 1.33395e-06 1.15887e-06 1.00579e-06 8.72101e-07 7.55467e-07 6.53827e-07 5.65346e-07 4.88401e-07 4.21557e-07 3.63546e-07 3.1325e-07 2.69686e-07 2.31989e-07 1.99398e-07 1.71249e-07
