0.0422835 0.0119439 0.00575679 0.00313566 0.00172127 0.000938674 0.000508166 0.000273336 0.000146214 7.7843e-05 4.12732e-05 2.18052e-05 1.14837e-05 6.03095e-06 3.15939e-06 1.65137e-06 8.61387e-07 4.48486e-07 2.33112e-07 1.20978e-07 6.26945e-08 3.24473e-08 1.67724e-08 8.66001e-09 4.46657e-09 2.30132e-09 1.18437e-09 6.08533e-10 3.11493e-10 1.57542e-10 8.08489e-11
0.0119439 0.00297111 0.00132392 0.000576286 0.000259733 0.000120179 5.659e-05 2.69695e-05 1.29641e-05 6.27175e-06 3.04899e-06 1.48795e-06 7.28366e-07 3.57433e-07 1.75767e-07 8.65818e-08 4.27121e-08 2.10968e-08 1.04316e-08 5.16283e-09 2.55729e-09 1.26761e-09 6.28733e-10 3.12027e-10 1.54929e-10 7.69589e-11 3.82389e-11 1.89976e-11 9.42343e-12 4.64183e-12 2.31052e-12
0.00575679 0.00132392 0.000454552 0.000183815 7.99041e-05 3.61201e-05 1.67225e-05 7.86576e-06 3.74135e-06 1.79426e-06 8.65877e-07 4.19902e-07 2.04424e-07 9.98368e-08 4.8886e-08 2.39898e-08 1.17942e-08 5.80762e-09 2.86362e-09 1.41366e-09 6.98587e-10 3.45534e-10 1.71044e-10 8.47294e-11 4.19986e-11 2.08292e-11 1.03346e-11 5.12811e-12 2.54199e-12 1.25409e-12 6.23488e-13
0.00313566 0.000576286 0.000183815 7.2036e-05 3.06965e-05 1.3673e-05 6.25713e-06 2.91545e-06 1.37584e-06 6.55406e-07 3.14463e-07 1.51729e-07 7.35397e-08 3.57737e-08 1.7455e-08 8.53838e-09 4.18565e-09 2.05564e-09 1.01115e-09 4.98062e-10 2.45625e-10 1.21261e-10 5.99205e-11 2.96342e-11 1.46667e-11 7.2636e-12 3.59915e-12 1.78379e-12 8.83398e-13 4.35478e-13 2.16271e-13
0.00172127 0.000259733 7.99041e-05 3.06965e-05 1.28994e-05 5.68431e-06 2.57891e-06 1.19305e-06 5.59622e-07 2.65205e-07 1.26671e-07 6.08762e-08 2.94011e-08 1.42571e-08 6.93663e-09 3.38441e-09 1.65519e-09 8.11139e-10 3.98204e-10 1.95785e-10 9.63904e-11 4.75117e-11 2.34434e-11 1.15783e-11 5.72307e-12 2.83094e-12 1.40117e-12 6.93726e-13 3.43238e-13 1.69084e-13 8.3895e-14
0.000938674 0.000120179 3.61201e-05 1.3673e-05 5.68431e-06 2.4839e-06 1.11922e-06 5.14813e-07 2.40302e-07 1.13397e-07 5.3961e-08 2.58474e-08 1.24467e-08 6.0196e-09 2.92174e-09 1.42241e-09 6.94256e-10 3.39601e-10 1.66434e-10 8.17021e-11 4.01656e-11 1.97711e-11 9.74318e-12 4.80628e-12 2.37307e-12 1.17262e-12 5.79819e-13 2.86807e-13 1.41788e-13 6.98032e-14 3.46067e-14
0.000508166 5.659e-05 1.67225e-05 6.25713e-06 2.57891e-06 1.11922e-06 5.01472e-07 2.29567e-07 1.06717e-07 5.01788e-08 2.38024e-08 1.13692e-08 5.4609e-09 2.635e-09 1.27628e-09 6.20155e-10 3.02157e-10 1.47564e-10 7.22108e-11 3.53989e-11 1.738e-11 8.54478e-12 4.2061e-12 2.07266e-12 1.02234e-12 5.04701e-13 2.49336e-13 1.23232e-13 6.08767e-14 2.9953e-14 1.48392e-14
0.000273336 2.69695e-05 7.86576e-06 2.91545e-06 1.19305e-06 5.14813e-07 2.29567e-07 1.04666e-07 4.8484e-08 2.27267e-08 1.07508e-08 5.12244e-09 2.45493e-09 1.18216e-09 5.71527e-10 2.77237e-10 1.34866e-10 6.57689e-11 3.2141e-11 1.57363e-11 7.71711e-12 3.78993e-12 1.86365e-12 9.17473e-13 4.52133e-13 2.23015e-13 1.10087e-13 5.43682e-14 2.68394e-14 1.31988e-14 6.53454e-15
0.000146214 1.29641e-05 3.74135e-06 1.37584e-06 5.59622e-07 2.40302e-07 1.06717e-07 4.8484e-08 2.23899e-08 1.04666e-08 4.93915e-09 2.3482e-09 1.12314e-09 5.39858e-10 2.60566e-10 1.26202e-10 6.13061e-11 2.98572e-11 1.45733e-11 7.12697e-12 3.49135e-12 1.71291e-12 8.41509e-13 4.13907e-13 2.03804e-13 1.00447e-13 4.95465e-14 2.44523e-14 1.20635e-14 5.92959e-15 2.93382e-15
7.7843e-05 6.27175e-06 1.79426e-06 6.55406e-07 2.65205e-07 1.13397e-07 5.01788e-08 2.27267e-08 1.04666e-08 4.88099e-09 2.2983e-09 1.09052e-09 5.20658e-10 2.49854e-10 1.20412e-10 5.82386e-11 2.82544e-11 1.37439e-11 6.70085e-12 3.27357e-12 1.60207e-12 7.85277e-13 3.85451e-13 1.89433e-13 9.32028e-14 4.59022e-14 2.2626e-14 1.11592e-14 5.50209e-15 2.70323e-15 1.33672e-15
4.12732e-05 3.04899e-06 8.65877e-07 3.14463e-07 1.26671e-07 5.3961e-08 2.38024e-08 1.07508e-08 4.93915e-09 2.2983e-09 1.08007e-09 5.1157e-10 2.43846e-10 1.16842e-10 5.62317e-11 2.71624e-11 1.31622e-11 6.39543e-12 3.11487e-12 1.52024e-12 7.43319e-13 3.64035e-13 1.78541e-13 8.76782e-14 4.31072e-14 2.12157e-14 1.04508e-14 5.15118e-15 2.5384e-15 1.24661e-15 6.16098e-16
2.18052e-05 1.48795e-06 4.19902e-07 1.51729e-07 6.08762e-08 2.58474e-08 1.13692e-08 5.12244e-09 2.3482e-09 1.09052e-09 5.1157e-10 2.41908e-10 1.15137e-10 5.50936e-11 2.64808e-11 1.27763e-11 6.18427e-12 3.00182e-12 1.46062e-12 7.12224e-13 3.47946e-13 1.70267e-13 8.34443e-14 4.09487e-14 2.01189e-14 9.89533e-15 4.87144e-15 2.39975e-15 1.18193e-15 5.80211e-16 2.86604e-16
1.14837e-05 7.28366e-07 2.04424e-07 7.35397e-08 2.94011e-08 1.24467e-08 5.4609e-09 2.45493e-09 1.12314e-09 5.20658e-10 2.43846e-10 1.15137e-10 5.47246e-11 2.61529e-11 1.25557e-11 6.05119e-12 2.92604e-12 1.41893e-12 6.89803e-13 3.36076e-13 1.64054e-13 8.02197e-14 3.9286e-14 1.92659e-14 9.45964e-15 4.64984e-15 2.28778e-15 1.12638e-15 5.54495e-16 2.72099e-16 1.34341e-16
6.03095e-06 3.57433e-07 9.98368e-08 3.57737e-08 1.42571e-08 6.0196e-09 2.635e-09 1.18216e-09 5.39858e-10 2.49854e-10 1.16842e-10 5.50936e-11 2.61529e-11 1.24838e-11 5.9868e-12 2.8824e-12 1.39245e-12 6.74643e-13 3.27698e-13 1.5953e-13 7.7816e-14 3.80239e-14 1.8609e-14 9.12007e-15 4.4753e-15 2.19855e-15 1.08112e-15 5.32015e-16 2.61777e-16 1.28411e-16 6.33702e-17
3.15939e-06 1.75767e-07 4.8886e-08 1.7455e-08 6.93663e-09 2.92174e-09 1.27628e-09 5.71527e-10 2.60566e-10 1.20412e-10 5.62317e-11 2.64808e-11 1.25557e-11 5.9868e-12 2.86815e-12 1.37958e-12 6.65868e-13 3.22344e-13 1.5645e-13 7.61068e-14 3.70975e-14 1.81152e-14 8.86003e-15 4.33961e-15 2.12827e-15 1.04497e-15 5.13593e-16 2.52613e-16 1.24242e-16 6.09243e-17 3.00526e-17
1.65137e-06 8.65818e-08 2.39898e-08 8.53838e-09 3.38441e-09 1.42241e-09 6.20155e-10 2.77237e-10 1.26202e-10 5.82386e-11 2.71624e-11 1.27763e-11 6.05119e-12 2.8824e-12 1.37958e-12 6.62994e-13 3.19733e-13 1.5466e-13 7.5009e-14 3.64633e-14 1.77619e-14 8.66791e-15 4.23689e-15 2.07403e-15 1.01661e-15 4.98896e-16 2.45082e-16 1.20488e-16 5.92344e-17 2.90371e-17 1.43173e-17
8.61387e-07 4.27121e-08 1.17942e-08 4.18565e-09 1.65519e-09 6.94256e-10 3.02157e-10 1.34866e-10 6.13061e-11 2.82544e-11 1.31622e-11 6.18427e-12 2.92604e-12 1.39245e-12 6.65868e-13 3.19733e-13 1.54072e-13 7.4472e-14 3.60932e-14 1.7534e-14 8.53576e-15 4.16302e-15 2.03374e-15 9.95016e-16 4.87469e-16 2.39105e-16 1.17405e-16 5.76935e-17 2.83517e-17 1.38939e-17 6.84789e-18
4.48486e-07 2.10968e-08 5.80762e-09 2.05564e-09 8.11139e-10 3.39601e-10 1.47564e-10 6.57689e-11 2.98572e-11 1.37439e-11 6.39543e-12 3.00182e-12 1.41893e-12 6.74643e-13 3.22344e-13 1.5466e-13 7.4472e-14 3.59715e-14 1.74223e-14 8.45841e-15 4.11521e-15 2.00592e-15 9.79413e-16 4.78936e-16 2.34521e-16 1.14979e-16 5.64318e-17 2.77192e-17 1.36165e-17 6.67081e-18 3.28659e-18
2.33112e-07 1.04316e-08 2.86362e-09 1.01115e-09 3.98204e-10 1.66434e-10 7.22108e-11 3.2141e-11 1.45733e-11 6.70085e-12 3.11487e-12 1.46062e-12 6.89803e-13 3.27698e-13 1.5645e-13 7.5009e-14 3.60932e-14 1.74223e-14 8.43294e-15 4.09171e-15 1.98959e-15 9.69283e-16 4.73022e-16 2.31196e-16 1.13157e-16 5.54531e-17 2.72048e-17 1.33575e-17 6.55918e-18 3.21246e-18 1.58214e-18
1.20978e-07 5.16283e-09 1.41366e-09 4.98062e-10 1.95785e-10 8.17021e-11 3.53989e-11 1.57363e-11 7.12697e-12 3.27357e-12 1.52024e-12 7.12224e-13 3.36076e-13 1.5953e-13 7.61068e-14 3.64633e-14 1.7534e-14 8.45841e-15 4.09171e-15 1.9842e-15 9.64297e-16 4.69544e-16 2.29032e-16 1.1189e-16 5.47394e-17 2.68138e-17 1.31492e-17 6.45377e-18 3.16798e-18 1.55114e-18 7.63669e-19
6.26945e-08 2.55729e-09 6.98587e-10 2.45625e-10 9.63904e-11 4.01656e-11 1.738e-11 7.71711e-12 3.49135e-12 1.60207e-12 7.43319e-13 3.47946e-13 1.64054e-13 7.7816e-14 3.70975e-14 1.77619e-14 8.53576e-15 4.11521e-15 1.98959e-15 9.64297e-16 4.68396e-16 2.27965e-16 1.11144e-16 5.42735e-17 2.65406e-17 1.29954e-17 6.37035e-18 3.12547e-18 1.53368e-18 7.50741e-19 3.69485e-19
3.24473e-08 1.26761e-09 3.45534e-10 1.21261e-10 4.75117e-11 1.97711e-11 8.54478e-12 3.78993e-12 1.71291e-12 7.85277e-13 3.64035e-13 1.70267e-13 8.02197e-14 3.80239e-14 1.81152e-14 8.66791e-15 4.16302e-15 2.00592e-15 9.69283e-16 4.69544e-16 2.27965e-16 1.10897e-16 5.40434e-17 2.63792e-17 1.28946e-17 6.31128e-18 3.09262e-18 1.51678e-18 7.4405e-19 3.64122e-19 1.79147e-19
1.67724e-08 6.28733e-10 1.71044e-10 5.99205e-11 2.34434e-11 9.74318e-12 4.2061e-12 1.86365e-12 8.41509e-13 3.85451e-13 1.78541e-13 8.34443e-14 3.9286e-14 1.8609e-14 8.86003e-15 4.23689e-15 2.03374e-15 9.79413e-16 4.73022e-16 2.29032e-16 1.11144e-16 5.40434e-17 2.63258e-17 1.28446e-17 6.27621e-18 3.07076e-18 1.50418e-18 7.37475e-19 3.6165e-19 1.7694e-19 8.70271e-20
8.66001e-09 3.12027e-10 8.47294e-11 2.96342e-11 1.15783e-11 4.80628e-12 2.07266e-12 9.17473e-13 4.13907e-13 1.89433e-13 8.76782e-14 4.09487e-14 1.92659e-14 9.12007e-15 4.33961e-15 2.07403e-15 9.95016e-16 4.78936e-16 2.31196e-16 1.1189e-16 5.42735e-17 2.63792e-17 1.28446e-17 6.2646e-18 3.05989e-18 1.49657e-18 7.32824e-19 3.59174e-19 1.76082e-19 8.61294e-20 4.23495e-20
4.46657e-09 1.54929e-10 4.19986e-11 1.46667e-11 5.72307e-12 2.37307e-12 1.02234e-12 4.52133e-13 2.03804e-13 9.32028e-14 4.31072e-14 2.01189e-14 9.45964e-15 4.4753e-15 2.12827e-15 1.01661e-15 4.87469e-16 2.34521e-16 1.13157e-16 5.47394e-17 2.65406e-17 1.28946e-17 6.27621e-18 3.05989e-18 1.49404e-18 7.3047e-19 3.5757e-19 1.75198e-19 8.58642e-20 4.19904e-20 2.06405e-20
2.30132e-09 7.69589e-11 2.08292e-11 7.2636e-12 2.83094e-12 1.17262e-12 5.04701e-13 2.23015e-13 1.00447e-13 4.59022e-14 2.12157e-14 9.89533e-15 4.64984e-15 2.19855e-15 1.04497e-15 4.98896e-16 2.39105e-16 1.14979e-16 5.54531e-17 2.68138e-17 1.29954e-17 6.31128e-18 3.07076e-18 1.49657e-18 7.3047e-19 3.57025e-19 1.7471e-19 8.55762e-20 4.1929e-20 2.05002e-20 1.00741e-20
1.18437e-09 3.82389e-11 1.03346e-11 3.59915e-12 1.40117e-12 5.79819e-13 2.49336e-13 1.10087e-13 4.95465e-14 2.2626e-14 1.04508e-14 4.87144e-15 2.28778e-15 1.08112e-15 5.13593e-16 2.45082e-16 1.17405e-16 5.64318e-17 2.72048e-17 1.31492e-17 6.37035e-18 3.09262e-18 1.50418e-18 7.32824e-19 3.5757e-19 1.7471e-19 8.5468e-20 4.18516e-20 2.05001e-20 1.00209e-20 4.92308e-21
6.08533e-10 1.89976e-11 5.12811e-12 1.78379e-12 6.93726e-13 2.86807e-13 1.23232e-13 5.43682e-14 2.44523e-14 1.11592e-14 5.15118e-15 2.39975e-15 1.12638e-15 5.32015e-16 2.52613e-16 1.20488e-16 5.76935e-17 2.77192e-17 1.33575e-17 6.45377e-18 3.12547e-18 1.51678e-18 7.37475e-19 3.59174e-19 1.75198e-19 8.55762e-20 4.18516e-20 2.04879e-20 1.0033e-20 4.90337e-21 2.40831e-21
3.11493e-10 9.42343e-12 2.54199e-12 8.83398e-13 3.43238e-13 1.41788e-13 6.08767e-14 2.68394e-14 1.20635e-14 5.50209e-15 2.5384e-15 1.18193e-15 5.54495e-16 2.61777e-16 1.24242e-16 5.92344e-17 2.83517e-17 1.36165e-17 6.55918e-18 3.16798e-18 1.53368e-18 7.4405e-19 3.6165e-19 1.76082e-19 8.58642e-20 4.1929e-20 2.05001e-20 1.0033e-20 4.91201e-21 2.40017e-21 1.17857e-21
1.57542e-10 4.64183e-12 1.25409e-12 4.35478e-13 1.69084e-13 6.98032e-14 2.9953e-14 1.31988e-14 5.92959e-15 2.70323e-15 1.24661e-15 5.80211e-16 2.72099e-16 1.28411e-16 6.09243e-17 2.90371e-17 1.38939e-17 6.67081e-18 3.21246e-18 1.55114e-18 7.50741e-19 3.64122e-19 1.7694e-19 8.61294e-20 4.19904e-20 2.05002e-20 1.00209e-20 4.90337e-21 2.40017e-21 1.17264e-21 5.757e-22
8.08489e-11 2.31052e-12 6.23488e-13 2.16271e-13 8.3895e-14 3.46067e-14 1.48392e-14 6.53454e-15 2.93382e-15 1.33672e-15 6.16098e-16 2.86604e-16 1.34341e-16 6.33702e-17 3.00526e-17 1.43173e-17 6.84789e-18 3.28659e-18 1.58214e-18 7.63669e-19 3.69485e-19 1.79147e-19 8.70271e-20 4.23495e-20 2.06405e-20 1.00741e-20 4.92308e-21 2.40831e-21 1.17857e-21 5.757e-22 2.82569e-22
