0.0318911 0.00905618 0.00432351 0.00234593 0.00128376 0.000698571 0.000377614 0.000202892 0.000108442 5.76963e-05 3.05754e-05 1.61466e-05 8.50064e-06 4.46301e-06 2.33742e-06 1.22146e-06 6.3702e-07 3.31613e-07 1.72339e-07 8.94269e-08 4.63382e-08 2.39796e-08 1.23942e-08 6.39884e-09 3.30006e-09 1.70017e-09 8.7493e-10 4.49514e-10 2.30083e-10 1.16363e-10 5.97131e-11
0.00905618 0.00218551 0.000970129 0.000422413 0.000190758 8.84168e-05 4.16895e-05 1.98891e-05 9.56862e-06 4.63226e-06 2.25325e-06 1.10015e-06 5.38763e-07 2.64486e-07 1.30102e-07 6.4106e-08 3.16326e-08 1.56279e-08 7.72902e-09 3.82601e-09 1.89546e-09 9.397e-10 4.6616e-10 2.31377e-10 1.149e-10 5.70817e-11 2.83661e-11 1.40949e-11 6.99373e-12 3.44777e-12 1.7163e-12
0.00432351 0.000970129 0.00033403 0.000135368 5.89136e-05 2.66474e-05 1.23408e-05 5.80575e-06 2.76178e-06 1.32456e-06 6.3923e-07 3.09996e-07 1.50919e-07 7.37062e-08 3.60908e-08 1.77107e-08 8.70718e-09 4.28748e-09 2.11405e-09 1.04362e-09 5.1572e-10 2.55082e-10 1.26268e-10 6.25483e-11 3.10036e-11 1.53762e-11 7.62904e-12 3.78568e-12 1.87673e-12 9.25936e-13 4.60337e-13
0.00234593 0.000422413 0.000135368 5.3163e-05 2.26705e-05 1.01004e-05 4.62248e-06 2.15378e-06 1.01636e-06 4.84138e-07 2.32276e-07 1.12068e-07 5.43137e-08 2.64198e-08 1.28903e-08 6.30522e-09 3.09079e-09 1.51787e-09 7.46601e-10 3.67739e-10 1.81349e-10 8.95259e-11 4.42375e-11 2.18774e-11 1.08274e-11 5.36208e-12 2.65688e-12 1.31678e-12 6.52117e-13 3.21477e-13 1.59651e-13
0.00128376 0.000190758 5.89136e-05 2.26705e-05 9.53074e-06 4.20022e-06 1.90556e-06 8.81499e-07 4.13454e-07 1.95923e-07 9.35728e-08 4.49668e-08 2.17161e-08 1.05299e-08 5.12293e-09 2.49937e-09 1.22229e-09 5.98969e-10 2.94033e-10 1.44562e-10 7.11693e-11 3.50788e-11 1.73082e-11 8.54796e-12 4.22508e-12 2.0899e-12 1.03437e-12 5.12111e-13 2.53379e-13 1.24821e-13 6.19315e-14
0.000698571 8.84168e-05 2.66474e-05 1.01004e-05 4.20022e-06 1.83543e-06 8.26992e-07 3.8037e-07 1.77535e-07 8.37716e-08 3.98607e-08 1.90921e-08 9.19314e-09 4.44585e-09 2.15777e-09 1.05043e-09 5.12676e-10 2.50769e-10 1.22894e-10 6.03261e-11 2.96559e-11 1.45973e-11 7.19333e-12 3.54835e-12 1.75192e-12 8.65666e-13 4.28032e-13 2.11722e-13 1.04668e-13 5.15298e-14 2.55466e-14
0.000377614 4.16895e-05 1.23408e-05 4.62248e-06 1.90556e-06 8.26992e-07 3.70518e-07 1.69607e-07 7.88384e-08 3.70676e-08 1.7582e-08 8.39752e-09 4.03329e-09 1.94605e-09 9.42536e-10 4.57964e-10 2.23124e-10 1.08962e-10 5.33188e-11 2.61368e-11 1.28321e-11 6.30864e-12 3.10529e-12 1.53016e-12 7.54733e-13 3.72582e-13 1.84062e-13 9.09694e-14 4.49385e-14 2.21114e-14 1.09541e-14
0.000202892 1.98891e-05 5.80575e-06 2.15378e-06 8.81499e-07 3.8037e-07 1.69607e-07 7.73236e-08 3.5816e-08 1.67876e-08 7.94081e-09 3.78335e-09 1.81308e-09 8.73033e-10 4.22058e-10 2.04724e-10 9.95871e-11 4.85627e-11 2.37316e-11 1.16186e-11 5.69762e-12 2.79806e-12 1.37587e-12 6.77322e-13 3.33778e-13 1.64632e-13 8.12654e-14 4.01337e-14 1.98123e-14 9.7433e-15 4.82364e-15
0.000108442 9.56862e-06 2.76178e-06 1.01636e-06 4.13454e-07 1.77535e-07 7.88384e-08 3.5816e-08 1.65388e-08 7.73096e-09 3.64799e-09 1.73426e-09 8.29451e-10 3.98674e-10 1.92414e-10 9.31898e-11 4.52677e-11 2.20454e-11 1.076e-11 5.26194e-12 2.57763e-12 1.26459e-12 6.21245e-13 3.0556e-13 1.50451e-13 7.41497e-14 3.65744e-14 1.805e-14 8.90486e-15 4.3771e-15 2.16564e-15
5.76963e-05 4.63226e-06 1.32456e-06 4.84138e-07 1.95923e-07 8.37716e-08 3.70676e-08 1.67876e-08 7.73096e-09 3.60504e-09 1.69741e-09 8.05365e-10 3.84496e-10 1.84504e-10 8.89142e-11 4.30029e-11 2.08621e-11 1.01477e-11 4.94735e-12 2.41686e-12 1.18277e-12 5.79734e-13 2.84553e-13 1.39843e-13 6.88024e-14 3.38843e-14 1.67019e-14 8.23724e-15 4.06139e-15 1.99543e-15 9.86701e-16
3.05754e-05 2.25325e-06 6.3923e-07 2.32276e-07 9.35728e-08 3.98607e-08 1.7582e-08 7.94081e-09 3.64799e-09 1.69741e-09 7.9765e-10 3.77785e-10 1.80068e-10 8.62786e-11 4.15211e-11 2.00558e-11 9.71818e-12 4.72186e-12 2.2997e-12 1.12235e-12 5.48759e-13 2.68744e-13 1.31802e-13 6.47243e-14 3.18211e-14 1.56608e-14 7.71433e-15 3.80232e-15 1.8737e-15 9.20191e-16 4.54767e-16
1.61466e-05 1.10015e-06 3.09996e-07 1.12068e-07 4.49668e-08 1.90921e-08 8.39752e-09 3.78335e-09 1.73426e-09 8.05365e-10 3.77785e-10 1.78637e-10 8.50195e-11 4.06808e-11 1.95526e-11 9.43333e-12 4.56597e-12 2.21624e-12 1.07834e-12 5.25804e-13 2.56867e-13 1.25695e-13 6.15989e-14 3.02278e-14 1.48512e-14 7.30432e-15 3.59583e-15 1.77133e-15 8.72418e-16 4.28279e-16 2.11551e-16
8.50064e-06 5.38763e-07 1.50919e-07 5.43137e-08 2.17161e-08 9.19314e-09 4.03329e-09 1.81308e-09 8.29451e-10 3.84496e-10 1.80068e-10 8.50195e-11 4.04083e-11 1.93105e-11 9.2704e-12 4.46772e-12 2.16029e-12 1.04756e-12 5.09252e-13 2.48104e-13 1.21108e-13 5.92185e-14 2.90005e-14 1.42216e-14 6.98272e-15 3.43225e-15 1.68869e-15 8.31408e-16 4.09283e-16 2.00844e-16 9.91598e-17
4.46301e-06 2.64486e-07 7.37062e-08 2.64198e-08 1.05299e-08 4.44585e-09 1.94605e-09 8.73033e-10 3.98674e-10 1.84504e-10 8.62786e-11 4.06808e-11 1.93105e-11 9.21736e-12 4.42018e-12 2.12807e-12 1.02802e-12 4.98061e-13 2.4192e-13 1.17769e-13 5.74442e-14 2.80688e-14 1.37367e-14 6.73207e-15 3.30342e-15 1.62282e-15 7.98e-16 3.92686e-16 1.93219e-16 9.47827e-17 4.6774e-17
2.33742e-06 1.30102e-07 3.60908e-08 1.28903e-08 5.12293e-09 2.15777e-09 9.42536e-10 4.22058e-10 1.92414e-10 8.89142e-11 4.15211e-11 1.95526e-11 9.2704e-12 4.42018e-12 2.11755e-12 1.01852e-12 4.91583e-13 2.37967e-13 1.15495e-13 5.61825e-14 2.7385e-14 1.33722e-14 6.54012e-15 3.20326e-15 1.57094e-15 7.71314e-16 3.79088e-16 1.86453e-16 9.17025e-17 4.49687e-17 2.21817e-17
1.22146e-06 6.4106e-08 1.77107e-08 6.30522e-09 2.49937e-09 1.05043e-09 4.57964e-10 2.04724e-10 9.31898e-11 4.30029e-11 2.00558e-11 9.43333e-12 4.46772e-12 2.12807e-12 1.01852e-12 4.89461e-13 2.3604e-13 1.14173e-13 5.53721e-14 2.69169e-14 1.31114e-14 6.39831e-15 3.12745e-15 1.53091e-15 7.50384e-16 3.6824e-16 1.80895e-16 8.89311e-17 4.37201e-17 2.14322e-17 1.05674e-17
6.3702e-07 3.16326e-08 8.70718e-09 3.09079e-09 1.22229e-09 5.12676e-10 2.23124e-10 9.95871e-11 4.52677e-11 2.08621e-11 9.71818e-12 4.56597e-12 2.16029e-12 1.02802e-12 4.91583e-13 2.3604e-13 1.13739e-13 5.49757e-14 2.66437e-14 1.29432e-14 6.30076e-15 3.07292e-15 1.50117e-15 7.34442e-16 3.59805e-16 1.76482e-16 8.66549e-17 4.25823e-17 2.09257e-17 1.02549e-17 5.05426e-18
3.31613e-07 1.56279e-08 4.28748e-09 1.51787e-09 5.98969e-10 2.50769e-10 1.08962e-10 4.85627e-11 2.20454e-11 1.01477e-11 4.72186e-12 2.21624e-12 1.04756e-12 4.98061e-13 2.37967e-13 1.14173e-13 5.49757e-14 2.65538e-14 1.28607e-14 6.24366e-15 3.03763e-15 1.48063e-15 7.22926e-16 3.53507e-16 1.73099e-16 8.48646e-17 4.16509e-17 2.04587e-17 1.00499e-17 4.92357e-18 2.42572e-18
1.72339e-07 7.72902e-09 2.11405e-09 7.46601e-10 2.94033e-10 1.22894e-10 5.33188e-11 2.37316e-11 1.076e-11 4.94735e-12 2.2997e-12 1.07834e-12 5.09252e-13 2.4192e-13 1.15495e-13 5.53721e-14 2.66437e-14 1.28607e-14 6.22486e-15 3.02028e-15 1.46858e-15 7.15448e-16 3.49142e-16 1.70645e-16 8.35198e-17 4.09286e-17 2.00789e-17 9.85864e-18 4.84104e-18 2.37101e-18 1.16771e-18
8.94269e-08 3.82601e-09 1.04362e-09 3.67739e-10 1.44562e-10 6.03261e-11 2.61368e-11 1.16186e-11 5.26194e-12 2.41686e-12 1.12235e-12 5.25804e-13 2.48104e-13 1.17769e-13 5.61825e-14 2.69169e-14 1.29432e-14 6.24366e-15 3.02028e-15 1.46461e-15 7.11768e-16 3.46575e-16 1.69048e-16 8.25847e-17 4.04018e-17 1.97903e-17 9.70487e-18 4.7632e-18 2.33812e-18 1.14483e-18 5.63623e-19
4.63382e-08 1.89546e-09 5.1572e-10 1.81349e-10 7.11693e-11 2.96559e-11 1.28321e-11 5.69762e-12 2.57763e-12 1.18277e-12 5.48759e-13 2.56867e-13 1.21108e-13 5.74442e-14 2.7385e-14 1.31114e-14 6.30076e-15 3.03763e-15 1.46858e-15 7.11768e-16 3.45728e-16 1.6826e-16 8.20336e-17 4.00579e-17 1.95887e-17 9.59136e-18 4.70162e-18 2.30672e-18 1.13192e-18 5.54083e-19 2.72694e-19
2.39796e-08 9.397e-10 2.55082e-10 8.95259e-11 3.50788e-11 1.45973e-11 6.30864e-12 2.79806e-12 1.26459e-12 5.79734e-13 2.68744e-13 1.25695e-13 5.92185e-14 2.80688e-14 1.33722e-14 6.39831e-15 3.07292e-15 1.48063e-15 7.15448e-16 3.46575e-16 1.6826e-16 8.18515e-17 3.98881e-17 1.94695e-17 9.5169e-18 4.65801e-18 2.28247e-18 1.11943e-18 5.4913e-19 2.68736e-19 1.32216e-19
1.23942e-08 4.6616e-10 1.26268e-10 4.42375e-11 1.73082e-11 7.19333e-12 3.10529e-12 1.37587e-12 6.21245e-13 2.84553e-13 1.31802e-13 6.15989e-14 2.90005e-14 1.37367e-14 6.54012e-15 3.12745e-15 1.50117e-15 7.22926e-16 3.49142e-16 1.69048e-16 8.20336e-17 3.98881e-17 1.94302e-17 9.48006e-18 4.63213e-18 2.26633e-18 1.11012e-18 5.44272e-19 2.66905e-19 1.30587e-19 6.42279e-20
6.39884e-09 2.31377e-10 6.25483e-11 2.18774e-11 8.54796e-12 3.54835e-12 1.53016e-12 6.77322e-13 3.0556e-13 1.39843e-13 6.47243e-14 3.02278e-14 1.42216e-14 6.73207e-15 3.20326e-15 1.53091e-15 7.34442e-16 3.53507e-16 1.70645e-16 8.25847e-17 4.00579e-17 1.94695e-17 9.48006e-18 4.62356e-18 2.25831e-18 1.10451e-18 5.40839e-19 2.65076e-19 1.29951e-19 6.35654e-20 3.12545e-20
3.30006e-09 1.149e-10 3.10036e-11 1.08274e-11 4.22508e-12 1.75192e-12 7.54733e-13 3.33778e-13 1.50451e-13 6.88024e-14 3.18211e-14 1.48512e-14 6.98272e-15 3.30342e-15 1.57094e-15 7.50384e-16 3.59805e-16 1.73099e-16 8.35198e-17 4.04018e-17 1.95887e-17 9.5169e-18 4.63213e-18 2.25831e-18 1.10264e-18 5.39101e-19 2.63891e-19 1.29297e-19 6.33682e-20 3.09895e-20 1.52328e-20
1.70017e-09 5.70817e-11 1.53762e-11 5.36208e-12 2.0899e-12 8.65666e-13 3.72582e-13 1.64632e-13 7.41497e-14 3.38843e-14 1.56608e-14 7.30432e-15 3.43225e-15 1.62282e-15 7.71314e-16 3.6824e-16 1.76482e-16 8.48646e-17 4.09286e-17 1.97903e-17 9.59136e-18 4.65801e-18 2.26633e-18 1.10451e-18 5.39101e-19 2.63488e-19 1.28937e-19 6.31551e-20 3.09435e-20 1.51293e-20 7.43466e-21
8.7493e-10 2.83661e-11 7.62904e-12 2.65688e-12 1.03437e-12 4.28032e-13 1.84062e-13 8.12654e-14 3.65744e-14 1.67019e-14 7.71433e-15 3.59583e-15 1.68869e-15 7.98e-16 3.79088e-16 1.80895e-16 8.66549e-17 4.16509e-17 2.00789e-17 9.70487e-18 4.70162e-18 2.28247e-18 1.11012e-18 5.40839e-19 2.63891e-19 1.28937e-19 6.30751e-20 3.08861e-20 1.51289e-20 7.39543e-21 3.6332e-21
4.49514e-10 1.40949e-11 3.78568e-12 1.31678e-12 5.12111e-13 2.11722e-13 9.09694e-14 4.01337e-14 1.805e-14 8.23724e-15 3.80232e-15 1.77133e-15 8.31408e-16 3.92686e-16 1.86453e-16 8.89311e-17 4.25823e-17 2.04587e-17 9.85864e-18 4.7632e-18 2.30672e-18 1.11943e-18 5.44272e-19 2.65076e-19 1.29297e-19 6.31551e-20 3.08861e-20 1.51198e-20 7.40419e-21 3.61866e-21 1.7773e-21
2.30083e-10 6.99373e-12 1.87673e-12 6.52117e-13 2.53379e-13 1.04668e-13 4.49385e-14 1.98123e-14 8.90486e-15 4.06139e-15 1.8737e-15 8.72418e-16 4.09283e-16 1.93219e-16 9.17025e-17 4.37201e-17 2.09257e-17 1.00499e-17 4.84104e-18 2.33812e-18 1.13192e-18 5.4913e-19 2.66905e-19 1.29951e-19 6.33682e-20 3.09435e-20 1.51289e-20 7.40419e-21 3.62498e-21 1.77131e-21 8.69769e-22
1.16363e-10 3.44777e-12 9.25936e-13 3.21477e-13 1.24821e-13 5.15298e-14 2.21114e-14 9.7433e-15 4.3771e-15 1.99543e-15 9.20191e-16 4.28279e-16 2.00844e-16 9.47827e-17 4.49687e-17 2.14322e-17 1.02549e-17 4.92357e-18 2.37101e-18 1.14483e-18 5.54083e-19 2.68736e-19 1.30587e-19 6.35654e-20 3.09895e-20 1.51293e-20 7.39543e-21 3.61866e-21 1.77131e-21 8.65409e-22 4.24864e-22
5.97131e-11 1.7163e-12 4.60337e-13 1.59651e-13 6.19315e-14 2.55466e-14 1.09541e-14 4.82364e-15 2.16564e-15 9.86701e-16 4.54767e-16 2.11551e-16 9.91598e-17 4.6774e-17 2.21817e-17 1.05674e-17 5.05426e-18 2.42572e-18 1.16771e-18 5.63623e-19 2.72694e-19 1.32216e-19 6.42279e-20 3.12545e-20 1.52328e-20 7.43466e-21 3.6332e-21 1.7773e-21 8.69769e-22 4.24864e-22 2.08532e-22
