0.0207989 0.0150113 0.0108341 0.00781936 0.00564349 0.0040731 0.00293969 0.00212167 0.00153128 0.00110518 0.000797645 0.000575687 0.000415493 0.000299875 0.00021643 0.000156205 0.000112738 8.1367e-05 5.87253e-05 4.2384e-05 3.059e-05 2.20778e-05 1.59343e-05 1.15003e-05 8.30017e-06 5.99051e-06 4.32355e-06 3.12045e-06 2.25214e-06 1.62544e-06 1.17314e-06 8.46692e-07 6.11086e-07 4.41042e-07 3.18315e-07 2.29738e-07 1.6581e-07 1.19671e-07 8.63703e-08 6.23363e-08 4.49902e-08 3.2471e-08 2.34354e-08 1.69141e-08 1.22075e-08 8.81055e-09 6.35887e-09 4.58941e-09 3.31233e-09 2.39062e-09 1.72539e-09 1.24527e-09 8.98755e-10 6.48662e-10 4.68161e-10 3.37888e-10 2.43865e-10 1.76006e-10 1.27029e-10 9.16812e-11 6.61694e-11 4.77567e-11 3.44676e-11 2.48764e-11 1.79542e-11 1.29581e-11 9.35231e-12 6.74988e-12 4.87161e-12 3.51601e-12 2.53762e-12 1.83149e-12 1.32184e-12 9.5402e-13 6.88548e-13 4.96948e-13 3.58664e-13 2.5886e-13 1.86828e-13 1.3484e-13 9.73187e-14 7.02381e-14 5.06932e-14 3.6587e-14 2.64061e-14 1.90582e-14 1.37549e-14 9.92738e-15 7.16493e-15 5.17117e-15 3.73221e-15 2.69366e-15 1.9441e-15 1.40313e-15 1.01268e-15 7.30887e-16 5.27506e-16 3.80719e-16 2.74778e-16 1.98316e-16 1.43131e-16
0.0150113 0.012012 0.00951963 0.00748421 0.00584444 0.00453774 0.00350571 0.00269667 0.00206644 0.00157814 0.00120159 0.000912399 0.000691112 0.000522329 0.000393966 0.000296595 0.000222909 0.000167266 0.000125329 9.37803e-05 7.00847e-05 5.23149e-05 3.90078e-05 2.90556e-05 2.16217e-05 1.60752e-05 1.19413e-05 8.86328e-06 6.57365e-06 4.87197e-06 3.60832e-06 2.67068e-06 1.97547e-06 1.46037e-06 1.07898e-06 7.96762e-07 5.88061e-07 4.33813e-07 3.19875e-07 2.35756e-07 1.73683e-07 1.27901e-07 9.41494e-08 6.9278e-08 5.09582e-08 3.74696e-08 2.7542e-08 2.02381e-08 1.48665e-08 1.09172e-08 8.01471e-09 5.8822e-09 4.3159e-09 3.16583e-09 2.32162e-09 1.70211e-09 1.2476e-09 9.14249e-10 6.69812e-10 4.9062e-10 3.59289e-10 2.63058e-10 1.92563e-10 1.40931e-10 1.03123e-10 7.54445e-11 5.51847e-11 4.03583e-11 2.95102e-11 2.15744e-11 1.57701e-11 1.15255e-11 8.42208e-12 6.15336e-12 4.49511e-12 3.28327e-12 2.39779e-12 1.75088e-12 1.27833e-12 9.33193e-13 6.81153e-13 4.97123e-13 3.62768e-13 2.64693e-13 1.9311e-13 1.40869e-13 1.02749e-13 7.49367e-14 5.46465e-14 3.9846e-14 2.90511e-14 2.11785e-14 1.54378e-14 1.12521e-14 8.20046e-15 5.9759e-15 4.3544e-15 3.17259e-15 2.31133e-15 1.68372e-15 1.22643e-15
0.0108341 0.00951963 0.00816449 0.00687455 0.00570506 0.0046792 0.0038006 0.00306172 0.00244919 0.00194728 0.00153997 0.0012121 0.000950016 0.000741781 0.000577207 0.000447748 0.000346336 0.000267195 0.000205642 0.000157917 0.000121017 9.25619e-05 7.06702e-05 5.38655e-05 4.09921e-05 3.11492e-05 2.36366e-05 1.79124e-05 1.35575e-05 1.02492e-05 7.73955e-06 5.8382e-06 4.39948e-06 3.31211e-06 2.49119e-06 1.87209e-06 1.40567e-06 1.0546e-06 7.90599e-07 5.92248e-07 4.43345e-07 3.31652e-07 2.47935e-07 1.85233e-07 1.38304e-07 1.03203e-07 7.69674e-08 5.73697e-08 4.27394e-08 3.18238e-08 2.36843e-08 1.76182e-08 1.30997e-08 9.73562e-09 7.23233e-09 5.37043e-09 3.98623e-09 2.95762e-09 2.19358e-09 1.62631e-09 1.20529e-09 8.92954e-10 6.61325e-10 4.89615e-10 3.6237e-10 2.68108e-10 1.98305e-10 1.46631e-10 1.0839e-10 8.00992e-11 5.91758e-11 4.3706e-11 3.22717e-11 2.38226e-11 1.7581e-11 1.29715e-11 9.56824e-12 7.05618e-12 5.20242e-12 3.83479e-12 2.82606e-12 2.08222e-12 1.53383e-12 1.12963e-12 8.31781e-13 6.1234e-13 4.50703e-13 3.31669e-13 2.44026e-13 1.7951e-13 1.32026e-13 9.70855e-14 7.13794e-14 5.24707e-14 3.85644e-14 2.83391e-14 2.08216e-14 1.52958e-14 1.12347e-14 8.25061e-15 6.0582e-15
0.00781936 0.00748421 0.00687455 0.00613269 0.00535208 0.00459125 0.00388429 0.00324868 0.00269089 0.00221045 0.00180274 0.00146096 0.00117734 0.000944037 0.000753549 0.000599039 0.000474435 0.000374467 0.000294635 0.000231149 0.000180855 0.00014115 0.000109904 8.53884e-05 6.62051e-05 5.12326e-05 3.95742e-05 3.05163e-05 2.34934e-05 1.80589e-05 1.38612e-05 1.06245e-05 8.13286e-06 6.21769e-06 4.74779e-06 3.62122e-06 2.75892e-06 2.09974e-06 1.59644e-06 1.2126e-06 9.20193e-07 6.97668e-07 5.28499e-07 4.00017e-07 3.02526e-07 2.28619e-07 1.72638e-07 1.30271e-07 9.82327e-08 7.40237e-08 5.57444e-08 4.19524e-08 3.15534e-08 2.3718e-08 1.78179e-08 1.33781e-08 1.00391e-08 7.52951e-09 5.64436e-09 4.22908e-09 3.16713e-09 2.37072e-09 1.77376e-09 1.32652e-09 9.9162e-10 7.40953e-10 5.5342e-10 4.13184e-10 3.08362e-10 2.30044e-10 1.71552e-10 1.27886e-10 9.52997e-11 7.09919e-11 5.2866e-11 3.93549e-11 2.92872e-11 2.17881e-11 1.6204e-11 1.20474e-11 8.95428e-12 6.65337e-12 4.94227e-12 3.67019e-12 2.72478e-12 2.02234e-12 1.50059e-12 1.11316e-12 8.25542e-13 6.12087e-13 4.53711e-13 3.36233e-13 2.49114e-13 1.84525e-13 1.36651e-13 1.01174e-13 7.48918e-14 5.54247e-14 4.1009e-14 3.03364e-14 2.24367e-14
0.00564349 0.00584444 0.00570506 0.00535208 0.00487835 0.00434974 0.00381121 0.00329202 0.00280981 0.002374 0.00198826 0.00165247 0.0013641 0.00111926 0.000913382 0.000741717 0.000599625 0.000482771 0.000387227 0.000309514 0.000246601 0.000195888 0.000155169 0.000122594 9.66197e-05 7.59732e-05 5.96088e-05 4.66734e-05 3.6474e-05 2.84511e-05 2.21541e-05 1.72221e-05 1.33669e-05 1.03591e-05 8.01647e-06 6.19507e-06 4.78119e-06 3.68533e-06 2.83719e-06 2.1817e-06 1.67577e-06 1.28577e-06 9.85518e-07 7.54623e-07 5.77266e-07 4.41182e-07 3.36874e-07 2.57005e-07 1.95906e-07 1.49211e-07 1.13557e-07 8.6356e-08 6.56221e-08 4.98305e-08 3.78127e-08 2.86739e-08 2.17295e-08 1.64564e-08 1.24551e-08 9.42108e-09 7.12192e-09 5.38077e-09 4.06302e-09 3.06632e-09 2.31289e-09 1.74368e-09 1.3139e-09 9.89559e-10 7.44926e-10 5.60506e-10 4.2155e-10 3.169e-10 2.38125e-10 1.78856e-10 1.34282e-10 1.00776e-10 7.55999e-11 5.66911e-11 4.24954e-11 3.18423e-11 2.38511e-11 1.78589e-11 1.33675e-11 1.00021e-11 7.48149e-12 5.59421e-12 4.18165e-12 3.12477e-12 2.33427e-12 1.74321e-12 1.30142e-12 9.71309e-13 7.24719e-13 5.40577e-13 4.03109e-13 3.00516e-13 2.23973e-13 1.66881e-13 1.24309e-13 9.25738e-14 6.89228e-14
0.0040731 0.00453774 0.0046792 0.00459125 0.00434974 0.00401385 0.00362817 0.00322512 0.00282724 0.00244941 0.00210065 0.00178567 0.00150611 0.00126151 0.00105006 0.000869133 0.000715697 0.000586589 0.000478702 0.000389105 0.000315114 0.000254319 0.000204597 0.000164105 0.000131257 0.000104708 8.33213e-05 6.61471e-05 5.23963e-05 4.14166e-05 3.26722e-05 2.5725e-05 2.02183e-05 1.58629e-05 1.24252e-05 9.7171e-06 7.58774e-06 5.91641e-06 4.60679e-06 3.58227e-06 2.78202e-06 2.15786e-06 1.67174e-06 1.29364e-06 9.99953e-07 7.7211e-07 5.95566e-07 4.58929e-07 3.53298e-07 2.71726e-07 2.08797e-07 1.60302e-07 1.22965e-07 9.42459e-08 7.21765e-08 5.5232e-08 4.22333e-08 3.22701e-08 2.46396e-08 1.88002e-08 1.4335e-08 1.09231e-08 8.31784e-09 6.33001e-09 4.81428e-09 3.65931e-09 2.7798e-09 2.11047e-09 1.60142e-09 1.21449e-09 9.20561e-10 6.97406e-10 5.28079e-10 3.99665e-10 3.02331e-10 2.28593e-10 1.72759e-10 1.30504e-10 9.85394e-11 7.43718e-11 5.61074e-11 4.23108e-11 3.18935e-11 2.40315e-11 1.81003e-11 1.36277e-11 1.02564e-11 7.71626e-12 5.80308e-12 4.36269e-12 3.27867e-12 2.46314e-12 1.84984e-12 1.38878e-12 1.0423e-12 7.82004e-13 5.86527e-13 4.39777e-13 3.29643e-13 2.47016e-13 1.85044e-13
0.00293969 0.00350571 0.0038006 0.00388429 0.00381121 0.00362817 0.00337366 0.00307812 0.00276478 0.00245067 0.00214766 0.00186355 0.00160297 0.00136816 0.00115963 0.000976721 0.000817967 0.000681441 0.000564981 0.000466351 0.000383361 0.000313938 0.000256173 0.000208341 0.000168911 0.000136542 0.00011007 8.84988e-05 7.09788e-05 5.67937e-05 4.53423e-05 3.61231e-05 2.87202e-05 2.27905e-05 1.80517e-05 1.42731e-05 1.12664e-05 8.87866e-06 6.98612e-06 5.48878e-06 4.30619e-06 3.37372e-06 2.63966e-06 2.06267e-06 1.6098e-06 1.25486e-06 9.7705e-07 7.59893e-07 5.90363e-07 4.58174e-07 3.55222e-07 2.75133e-07 2.12898e-07 1.64588e-07 1.27126e-07 9.81045e-08 7.56442e-08 5.82779e-08 4.48624e-08 3.45081e-08 2.65234e-08 2.03711e-08 1.56346e-08 1.19909e-08 9.19006e-09 7.03871e-09 5.38745e-09 4.12094e-09 3.1502e-09 2.40666e-09 1.83752e-09 1.40216e-09 1.06933e-09 8.15056e-10 6.20905e-10 4.72749e-10 3.59757e-10 2.73631e-10 2.0802e-10 1.58063e-10 1.20046e-10 9.11293e-11 6.91463e-11 5.24424e-11 3.97561e-11 3.01255e-11 2.28181e-11 1.7276e-11 1.30745e-11 9.89086e-12 7.47944e-12 5.65372e-12 4.27202e-12 3.22677e-12 2.43637e-12 1.8389e-12 1.38746e-12 1.04647e-12 7.89014e-13 5.94695e-13 4.48084e-13
0.00212167 0.00269667 0.00306172 0.00324868 0.00329202 0.00322512 0.00307812 0.00287689 0.00264272 0.00239247 0.002139 0.00189169 0.00165703 0.00143918 0.00124046 0.00106184 0.000903258 0.000763976 0.000642783 0.000538198 0.000448609 0.000372374 0.000307893 0.000253651 0.000208252 0.000170429 0.000139054 0.000113131 9.17911e-05 7.42856e-05 5.9972e-05 4.83042e-05 3.88204e-05 3.11328e-05 2.49173e-05 1.99042e-05 1.58703e-05 1.26316e-05 1.00367e-05 7.96184e-06 6.30599e-06 4.98696e-06 3.93808e-06 3.10544e-06 2.44552e-06 1.92331e-06 1.5107e-06 1.18515e-06 9.28656e-07 7.26836e-07 5.68244e-07 4.43776e-07 3.46209e-07 2.69818e-07 2.10075e-07 1.63403e-07 1.26982e-07 9.85892e-08 7.64774e-08 5.92739e-08 4.59018e-08 3.55175e-08 2.74606e-08 2.12148e-08 1.63773e-08 1.26335e-08 9.73847e-09 7.50159e-09 5.77454e-09 4.44211e-09 3.41489e-09 2.62353e-09 2.01429e-09 1.54558e-09 1.18522e-09 9.08347e-10 6.95752e-10 5.32614e-10 4.07502e-10 3.11611e-10 2.38158e-10 1.81924e-10 1.38898e-10 1.05994e-10 8.08458e-11 6.16344e-11 4.69659e-11 3.57719e-11 2.72334e-11 2.07238e-11 1.57632e-11 1.19849e-11 9.10832e-12 6.9193e-12 5.25422e-12 3.98822e-12 3.02607e-12 2.29514e-12 1.7401e-12 1.31878e-12 9.99111e-13
0.00153128 0.00206644 0.00244919 0.00269089 0.00280981 0.00282724 0.00276478 0.00264272 0.00247904 0.00228901 0.0020851 0.00187712 0.00167247 0.00147647 0.00129274 0.00112347 0.000969786 0.000831962 0.000709685 0.000602217 0.000508549 0.000427518 0.00035789 0.000298425 0.000247924 0.000205256 0.000169375 0.000139336 0.000114289 9.34855e-05 7.62672e-05 6.20643e-05 5.03859e-05 4.08118e-05 3.2985e-05 2.66037e-05 2.14141e-05 1.72038e-05 1.3796e-05 1.10437e-05 8.82541e-06 7.0412e-06 5.60884e-06 4.46107e-06 3.54297e-06 2.80983e-06 2.22534e-06 1.7601e-06 1.39034e-06 1.09689e-06 8.6434e-07 6.80295e-07 5.34832e-07 4.2001e-07 3.29486e-07 2.58204e-07 2.02139e-07 1.58092e-07 1.23525e-07 9.64264e-08 7.52042e-08 5.86009e-08 4.56239e-08 3.54907e-08 2.75856e-08 2.1424e-08 1.66257e-08 1.28922e-08 9.98972e-09 7.73501e-09 5.98494e-09 4.6276e-09 3.57566e-09 2.761e-09 2.13056e-09 1.64303e-09 1.26626e-09 9.75294e-10 7.50736e-10 5.77542e-10 4.44047e-10 3.41216e-10 2.62053e-10 2.01147e-10 1.54314e-10 1.18323e-10 9.068e-11 6.94598e-11 5.31791e-11 4.06947e-11 3.11262e-11 2.37964e-11 1.81843e-11 1.38894e-11 1.06042e-11 8.09248e-12 6.17303e-12 4.70686e-12 3.58743e-12 2.73311e-12 2.08141e-12
0.00110518 0.00157814 0.00194728 0.00221045 0.002374 0.00244941 0.00245067 0.00239247 0.00228901 0.00215317 0.0019962 0.00182746 0.00165453 0.00148328 0.00131807 0.00116197 0.00101697 0.000884197 0.000764106 0.000656639 0.000561366 0.000477609 0.000404526 0.000341187 0.000286633 0.00023991 0.000200102 0.000166348 0.000137857 0.000113907 9.38527e-05 7.71223e-05 6.32126e-05 5.16854e-05 4.21619e-05 3.43166e-05 2.78715e-05 2.25906e-05 1.82743e-05 1.47547e-05 1.18914e-05 9.56693e-06 7.68388e-06 6.16142e-06 4.93286e-06 3.94328e-06 3.14759e-06 2.5089e-06 1.99705e-06 1.58752e-06 1.26034e-06 9.99336e-07 7.91423e-07 6.26027e-07 4.9463e-07 3.90376e-07 3.07763e-07 2.42377e-07 1.90687e-07 1.49871e-07 1.17677e-07 9.23107e-08 7.23456e-08 5.66475e-08 4.43167e-08 3.46402e-08 2.70539e-08 2.11117e-08 1.64615e-08 1.28256e-08 9.98507e-09 7.76785e-09 6.03856e-09 4.69088e-09 3.64143e-09 2.82482e-09 2.18987e-09 1.69652e-09 1.31347e-09 1.01627e-09 7.85825e-10 6.07267e-10 4.69003e-10 3.62007e-10 2.79261e-10 2.15307e-10 1.65908e-10 1.27773e-10 9.83513e-11 7.56649e-11 5.81816e-11 4.47154e-11 3.43489e-11 2.63729e-11 2.02392e-11 1.55248e-11 1.1903e-11 9.12195e-12 6.98755e-12 5.35021e-12 4.09475e-12
0.000797645 0.00120159 0.00153997 0.00180274 0.00198826 0.00210065 0.00214766 0.002139 0.0020851 0.0019962 0.0018818 0.00175033 0.00160898 0.00146364 0.00131902 0.00117868 0.00104521 0.000920373 0.000805243 0.00070034 0.000605761 0.000521281 0.000446448 0.000380655 0.000323203 0.000273343 0.000230319 0.000193388 0.00016184 0.000135014 0.000112298 9.31381e-05 7.70383e-05 6.35568e-05 5.23049e-05 4.29433e-05 3.51774e-05 2.87533e-05 2.34533e-05 1.90919e-05 1.55116e-05 1.25792e-05 1.0183e-05 8.22893e-06 6.63877e-06 5.34726e-06 4.30029e-06 3.4531e-06 2.76876e-06 2.21691e-06 1.77262e-06 1.41548e-06 1.12884e-06 8.99114e-07 7.15268e-07 5.68341e-07 4.51075e-07 3.57604e-07 2.83193e-07 2.24027e-07 1.77039e-07 1.39765e-07 1.10231e-07 8.68542e-08 6.83709e-08 5.37719e-08 4.22524e-08 3.31718e-08 2.60206e-08 2.0394e-08 1.59712e-08 1.24975e-08 9.77175e-09 7.63467e-09 5.96052e-09 4.65008e-09 3.62515e-09 2.82415e-09 2.19862e-09 1.71049e-09 1.32986e-09 1.03326e-09 8.02298e-10 6.22576e-10 4.82818e-10 3.74209e-10 2.89861e-10 2.24395e-10 1.73616e-10 1.34253e-10 1.03758e-10 8.01466e-11 6.18754e-11 4.77447e-11 3.68223e-11 2.83842e-11 2.1869e-11 1.68411e-11 1.29629e-11 9.97311e-12 7.66933e-12
0.000575687 0.000912399 0.0012121 0.00146096 0.00165247 0.00178567 0.00186355 0.00189169 0.00187712 0.00182746 0.00175033 0.00165289 0.00154158 0.00142198 0.00129875 0.00117567 0.00105566 0.000940914 0.000832962 0.000732789 0.000640932 0.000557574 0.000482623 0.000415787 0.000356628 0.000304619 0.000259179 0.000219703 0.00018559 0.000156253 0.00013114 0.000109733 9.15582e-05 7.61854e-05 6.32286e-05 5.23444e-05 4.32303e-05 3.56213e-05 2.9287e-05 2.40281e-05 1.96734e-05 1.60763e-05 1.31121e-05 1.06749e-05 8.67545e-06 7.03851e-06 5.70104e-06 4.61037e-06 3.72261e-06 3.00131e-06 2.41627e-06 1.94253e-06 1.55955e-06 1.25042e-06 1.00128e-06 8.00771e-07 6.39638e-07 5.10324e-07 4.06684e-07 3.23729e-07 2.57413e-07 2.04464e-07 1.62237e-07 1.28601e-07 1.01838e-07 8.05665e-08 6.36781e-08 5.02835e-08 3.96707e-08 3.12702e-08 2.46274e-08 1.93795e-08 1.52372e-08 1.19707e-08 9.39707e-09 7.37103e-09 5.77744e-09 4.52502e-09 3.54152e-09 2.76981e-09 2.16475e-09 1.6907e-09 1.31957e-09 1.02923e-09 8.02258e-10 6.2494e-10 4.8651e-10 3.78511e-10 2.9431e-10 2.28704e-10 1.7762e-10 1.37868e-10 1.06952e-10 8.29231e-11 6.4258e-11 4.97677e-11 3.85248e-11 2.98063e-11 2.30493e-11 1.78151e-11 1.37628e-11
0.000415493 0.000691112 0.000950016 0.00117734 0.0013641 0.00150611 0.00160297 0.00165703 0.00167247 0.00165453 0.00160898 0.00154158 0.00145784 0.00136276 0.00126072 0.00115546 0.00105002 0.000946814 0.00084769 0.000753969 0.000666538 0.00058592 0.000512341 0.000445795 0.0003861 0.000332945 0.000285931 0.000244606 0.000208485 0.000177081 0.00014991 0.00012651 0.000106442 8.93006e-05 7.47151e-05 6.23483e-05 5.18979e-05 4.30952e-05 3.57029e-05 2.95129e-05 2.43439e-05 2.0039e-05 1.64625e-05 1.34985e-05 1.10477e-05 9.0257e-06 7.36105e-06 5.99337e-06 4.87191e-06 3.95409e-06 3.20429e-06 2.59285e-06 2.09507e-06 1.69051e-06 1.36222e-06 1.09625e-06 8.81076e-07 7.07258e-07 5.67043e-07 4.5409e-07 3.63219e-07 2.90208e-07 2.31619e-07 1.84662e-07 1.47071e-07 1.17014e-07 9.30073e-08 7.38542e-08 5.85898e-08 4.64373e-08 3.67721e-08 2.90928e-08 2.29972e-08 1.81634e-08 1.43337e-08 1.13023e-08 8.90491e-09 7.01057e-09 5.51498e-09 4.33521e-09 3.4053e-09 2.67294e-09 2.09659e-09 1.64338e-09 1.28726e-09 1.00764e-09 7.88239e-10 6.16213e-10 4.81425e-10 3.75886e-10 2.93305e-10 2.28728e-10 1.78264e-10 1.38854e-10 1.08094e-10 8.41014e-11 6.5398e-11 5.08264e-11 3.94805e-11 3.06512e-11 2.37841e-11
0.000299875 0.000522329 0.000741781 0.000944037 0.00111926 0.00126151 0.00136816 0.00143918 0.00147647 0.00148328 0.00146364 0.00142198 0.00136276 0.00129027 0.00120846 0.0011208 0.00103031 0.000939473 0.000850282 0.000764288 0.000682633 0.000606106 0.000535198 0.000470153 0.000411019 0.000357691 0.000309949 0.000267492 0.000229967 0.000196988 0.000168155 0.000143071 0.000121348 0.000102615 8.65256e-05 7.27596e-05 6.10233e-05 5.10514e-05 4.26058e-05 3.54749e-05 2.94714e-05 2.44312e-05 2.0211e-05 1.66863e-05 1.37497e-05 1.13087e-05 9.28423e-06 7.60888e-06 6.22529e-06 5.08493e-06 4.14686e-06 3.37663e-06 2.74534e-06 2.22883e-06 1.80694e-06 1.46289e-06 1.18277e-06 9.55043e-07 7.70185e-07 6.20342e-07 4.9905e-07 4.01004e-07 3.21852e-07 2.58035e-07 2.06647e-07 1.65317e-07 1.32115e-07 1.05475e-07 8.41231e-08 6.70285e-08 5.33571e-08 4.24348e-08 3.37177e-08 2.67675e-08 2.12315e-08 1.68261e-08 1.33236e-08 1.05416e-08 8.33383e-09 6.58325e-09 5.19639e-09 4.09859e-09 3.23032e-09 2.54414e-09 2.00228e-09 1.57473e-09 1.23762e-09 9.72022e-10 7.62915e-10 5.98401e-10 4.69063e-10 3.67448e-10 2.87668e-10 2.25073e-10 1.75993e-10 1.37534e-10 1.07418e-10 8.3848e-11 6.54133e-11 5.10035e-11 3.97464e-11
0.00021643 0.000393966 0.000577207 0.000753549 0.000913382 0.00105006 0.00115963 0.00124046 0.00129274 0.00131807 0.00131902 0.00129875 0.00126072 0.00120846 0.00114534 0.00107451 0.000998768 0.000920554 0.000841906 0.000764487 0.000689602 0.000618233 0.000551075 0.000488581 0.000430995 0.000378399 0.00033074 0.000287866 0.00024955 0.000215515 0.000185453 0.000159038 0.000135941 0.000115836 9.84106e-05 8.33684e-05 7.04325e-05 5.93479e-05 4.9882e-05 4.18245e-05 3.49869e-05 2.92015e-05 2.432e-05 2.02124e-05 1.67647e-05 1.3878e-05 1.14667e-05 9.45713e-06 7.78598e-06 6.39918e-06 5.25067e-06 4.30137e-06 3.51819e-06 2.87325e-06 2.34308e-06 1.908e-06 1.55154e-06 1.25996e-06 1.02183e-06 8.27642e-07 6.69515e-07 5.40937e-07 4.36531e-07 3.51867e-07 2.83301e-07 2.27843e-07 1.83043e-07 1.46897e-07 1.17766e-07 9.43172e-08 7.54624e-08 6.03185e-08 4.81681e-08 3.84295e-08 3.06321e-08 2.43951e-08 1.94111e-08 1.54322e-08 1.22586e-08 9.72969e-09 7.71627e-09 6.11468e-09 4.84176e-09 3.83092e-09 3.02886e-09 2.39298e-09 1.88923e-09 1.49048e-09 1.17507e-09 9.25779e-10 7.28887e-10 5.73492e-10 4.50935e-10 3.54343e-10 2.78267e-10 2.1839e-10 1.71294e-10 1.34274e-10 1.05193e-10 8.23634e-11 6.44516e-11
0.000156205 0.000296595 0.000447748 0.000599039 0.000741717 0.000869133 0.000976721 0.00106184 0.00112347 0.00116197 0.00117868 0.00117567 0.00115546 0.0011208 0.00107451 0.00101927 0.000957631 0.000891855 0.000823932 0.000755547 0.000688087 0.000622656 0.000560097 0.00050102 0.000445835 0.000394781 0.000347955 0.000305342 0.000266838 0.000232273 0.00020143 0.000174063 0.000149904 0.000128681 0.000110121 9.39588e-05 7.99417e-05 6.78306e-05 5.74039e-05 4.84579e-05 4.08072e-05 3.42844e-05 2.87396e-05 2.40393e-05 2.00656e-05 1.6715e-05 1.38966e-05 1.15316e-05 9.5515e-06 7.89738e-06 6.51847e-06 5.37133e-06 4.41889e-06 3.6296e-06 2.97673e-06 2.43766e-06 1.99332e-06 1.62768e-06 1.32728e-06 1.08088e-06 8.79072e-07 7.14035e-07 5.79264e-07 4.69362e-07 3.79862e-07 3.07074e-07 2.47955e-07 1.99997e-07 1.61141e-07 1.29698e-07 1.04283e-07 8.37636e-08 6.72157e-08 5.38849e-08 4.31573e-08 3.45334e-08 2.76077e-08 2.20514e-08 1.75981e-08 1.40321e-08 1.11794e-08 8.89929e-09 7.07854e-09 5.62586e-09 4.46784e-09 3.54548e-09 2.81144e-09 2.22773e-09 1.76394e-09 1.39571e-09 1.10359e-09 8.72007e-10 6.88559e-10 5.43343e-10 4.28475e-10 3.37674e-10 2.65948e-10 2.09328e-10 1.64662e-10 1.29449e-10 1.01706e-10
0.000112738 0.000222909 0.000346336 0.000474435 0.000599625 0.000715697 0.000817967 0.000903258 0.000969786 0.00101697 0.00104521 0.00105566 0.00105002 0.00103031 0.000998768 0.000957631 0.000909096 0.000855211 0.000797836 0.000738605 0.000678917 0.000619933 0.000562589 0.000507609 0.000455526 0.000406709 0.000361383 0.000319654 0.000281531 0.000246946 0.000215772 0.000187839 0.000162949 0.000140884 0.000121416 0.000104318 8.93646e-05 7.63388e-05 6.50352e-05 5.52611e-05 4.68384e-05 3.96036e-05 3.34085e-05 2.81192e-05 2.3616e-05 1.97924e-05 1.65543e-05 1.38188e-05 1.15134e-05 9.57498e-06 7.9487e-06 6.58721e-06 5.44974e-06 4.50133e-06 3.71207e-06 3.05647e-06 2.51288e-06 2.06295e-06 1.69117e-06 1.38447e-06 1.13186e-06 9.24119e-07 7.5354e-07 6.13676e-07 4.99161e-07 4.0553e-07 3.29078e-07 2.66734e-07 2.1596e-07 1.74661e-07 1.41109e-07 1.13883e-07 9.18163e-08 7.39515e-08 5.95044e-08 4.78337e-08 3.8416e-08 3.0824e-08 2.47101e-08 1.97914e-08 1.5838e-08 1.26635e-08 1.01169e-08 8.07574e-09 6.44122e-09 5.13347e-09 4.08806e-09 3.25306e-09 2.58668e-09 2.05529e-09 1.63189e-09 1.29479e-09 1.0266e-09 8.13409e-10 6.44053e-10 5.09619e-10 4.02982e-10 3.18454e-10 2.51497e-10 1.98495e-10 1.56566e-10
8.1367e-05 0.000167266 0.000267195 0.000374467 0.000482771 0.000586589 0.000681441 0.000763976 0.000831962 0.000884197 0.000920373 0.000940914 0.000946814 0.000939473 0.000920554 0.000891855 0.000855211 0.000812407 0.000765121 0.000714881 0.000663041 0.000610768 0.000559037 0.000508643 0.000460208 0.000414198 0.000370941 0.000330648 0.000293425 0.000259299 0.000228226 0.000200113 0.000174826 0.000152207 0.000132076 0.000114244 9.85196e-05 8.47123e-05 7.26362e-05 6.21142e-05 5.29789e-05 4.50744e-05 3.82571e-05 3.23956e-05 2.73707e-05 2.30751e-05 1.94129e-05 1.62988e-05 1.36574e-05 1.14223e-05 9.53538e-06 7.9459e-06 6.60987e-06 5.48919e-06 4.55105e-06 3.76721e-06 3.11354e-06 2.5694e-06 2.11724e-06 1.74215e-06 1.4315e-06 1.17465e-06 9.62602e-07 7.8781e-07 6.43941e-07 5.25695e-07 4.28644e-07 3.49098e-07 2.83986e-07 2.30758e-07 1.87299e-07 1.51861e-07 1.22998e-07 9.95182e-08 8.04388e-08 6.49527e-08 5.23971e-08 4.22282e-08 3.40011e-08 2.73518e-08 2.1983e-08 1.76526e-08 1.41629e-08 1.13534e-08 9.09371e-09 7.2778e-09 5.81982e-09 4.65026e-09 3.71286e-09 2.96216e-09 2.36147e-09 1.88122e-09 1.49755e-09 1.19128e-09 9.46981e-10 7.52265e-10 5.97182e-10 4.73754e-10 3.75591e-10 2.97575e-10 2.35615e-10
5.87253e-05 0.000125329 0.000205642 0.000294635 0.000387227 0.000478702 0.000564981 0.000642783 0.000709685 0.000764106 0.000805243 0.000832962 0.00084769 0.000850282 0.000841906 0.000823932 0.000797836 0.000765121 0.000727254 0.000685617 0.000641477 0.00059596 0.000550041 0.000504546 0.00046015 0.000417387 0.000376665 0.000338276 0.000302412 0.000269178 0.000238609 0.000210683 0.00018533 0.000162445 0.000141901 0.00012355 0.000107236 9.2796e-05 8.0069e-05 6.88958e-05 5.91235e-05 5.06069e-05 4.32096e-05 3.68053e-05 3.12778e-05 2.6521e-05 2.24391e-05 1.89457e-05 1.59638e-05 1.34248e-05 1.12681e-05 9.44046e-06 7.89505e-06 6.59112e-06 5.49323e-06 4.57067e-06 3.79697e-06 3.14931e-06 2.60816e-06 2.1568e-06 1.78098e-06 1.46858e-06 1.20931e-06 9.94488e-07 8.16756e-07 6.69932e-07 5.48817e-07 4.49051e-07 3.66983e-07 2.99564e-07 2.44253e-07 1.98932e-07 1.61844e-07 1.3153e-07 1.06782e-07 8.66017e-08 7.01648e-08 5.67916e-08 4.5923e-08 3.70993e-08 2.99432e-08 2.41455e-08 1.9453e-08 1.56587e-08 1.25936e-08 1.012e-08 8.12544e-09 6.51871e-09 5.2255e-09 4.18556e-09 3.34998e-09 2.67918e-09 2.1411e-09 1.70983e-09 1.36444e-09 1.08805e-09 8.67034e-10 6.90441e-10 5.49443e-10 4.36947e-10 3.47256e-10
4.2384e-05 9.37803e-05 0.000157917 0.000231149 0.000309514 0.000389105 0.000466351 0.000538198 0.000602217 0.000656639 0.00070034 0.000732789 0.000753969 0.000764288 0.000764487 0.000755547 0.000738605 0.000714881 0.000685617 0.000652027 0.000615257 0.00057636 0.000536277 0.000495832 0.00045572 0.000416519 0.000378689 0.000342585 0.000308466 0.000276505 0.000246805 0.000219406 0.000194299 0.000171432 0.000150725 0.000132074 0.000115358 0.000100446 8.72013e-05 7.54872e-05 6.51671e-05 5.61089e-05 4.81865e-05 4.12807e-05 3.52804e-05 3.0083e-05 2.55941e-05 2.17282e-05 1.84077e-05 1.55631e-05 1.31324e-05 1.10601e-05 9.29772e-06 7.8021e-06 6.53565e-06 5.46549e-06 4.56302e-06 3.80344e-06 3.16535e-06 2.6303e-06 2.18244e-06 1.80821e-06 1.49604e-06 1.23605e-06 1.01987e-06 8.40398e-07 6.91617e-07 5.68461e-07 4.66662e-07 3.82634e-07 3.13368e-07 2.56346e-07 2.09464e-07 1.70968e-07 1.39397e-07 1.13535e-07 9.23763e-08 7.50844e-08 6.09687e-08 4.94585e-08 4.00829e-08 3.24542e-08 2.62532e-08 2.12178e-08 1.71331e-08 1.38226e-08 1.11423e-08 8.97419e-09 7.22198e-09 5.80718e-09 4.66582e-09 3.74585e-09 3.00496e-09 2.40878e-09 1.92944e-09 1.54436e-09 1.23524e-09 9.87295e-10 7.88567e-10 6.29407e-10 5.02031e-10
3.059e-05 7.00847e-05 0.000121017 0.000180855 0.000246601 0.000315114 0.000383361 0.000448609 0.000508549 0.000561366 0.000605761 0.000640932 0.000666538 0.000682633 0.000689602 0.000688087 0.000678917 0.000663041 0.000641477 0.000615257 0.000585389 0.00055283 0.000518461 0.000483074 0.000447361 0.000411916 0.000377231 0.000343703 0.000311641 0.000281275 0.000252761 0.000226196 0.000201622 0.000179039 0.000158412 0.000139677 0.000122749 0.000107531 9.39112e-05 8.17759e-05 7.10076e-05 6.14894e-05 5.31073e-05 4.57516e-05 3.93183e-05 3.37097e-05 2.88351e-05 2.46107e-05 2.09602e-05 1.7814e-05 1.51096e-05 1.27907e-05 1.08071e-05 9.11427e-06 7.67282e-06 6.44808e-06 5.40964e-06 4.53093e-06 3.78886e-06 3.16335e-06 2.63708e-06 2.19508e-06 1.82452e-06 1.51436e-06 1.25518e-06 1.03896e-06 8.58845e-07 7.0904e-07 5.84627e-07 4.81449e-07 3.96002e-07 3.25335e-07 2.6697e-07 2.18828e-07 1.79168e-07 1.46537e-07 1.19721e-07 9.77103e-08 7.96648e-08 6.48869e-08 5.27984e-08 4.29205e-08 3.48576e-08 2.82831e-08 2.29276e-08 1.85696e-08 1.50267e-08 1.21493e-08 9.81446e-09 7.92174e-09 6.38879e-09 5.14833e-09 4.14543e-09 3.33529e-09 2.68142e-09 2.15411e-09 1.72922e-09 1.38712e-09 1.1119e-09 8.90653e-10 7.12934e-10
2.20778e-05 5.23149e-05 9.25619e-05 0.00014115 0.000195888 0.000254319 0.000313938 0.000372374 0.000427518 0.000477609 0.000521281 0.000557574 0.00058592 0.000606106 0.000618233 0.000622656 0.000619933 0.000610768 0.00059596 0.00057636 0.00055283 0.000526216 0.000497318 0.000466878 0.000435562 0.000403959 0.000372572 0.000341824 0.000312058 0.000283544 0.000256483 0.000231017 0.000207235 0.000185181 0.000164861 0.00014625 0.000129299 0.000113939 0.00010009 8.76588e-05 7.65491e-05 6.66606e-05 5.7893e-05 5.01479e-05 4.33299e-05 3.73479e-05 3.21162e-05 2.75546e-05 2.35888e-05 2.01507e-05 1.71781e-05 1.46146e-05 1.24094e-05 1.0517e-05 8.89676e-06 7.51265e-06 6.33283e-06 5.32923e-06 4.47727e-06 3.75546e-06 3.14507e-06 2.62986e-06 2.19577e-06 1.83066e-06 1.52409e-06 1.2671e-06 1.05201e-06 8.7228e-07 7.22315e-07 5.97375e-07 4.93433e-07 4.07082e-07 3.35444e-07 2.76091e-07 2.26982e-07 1.86399e-07 1.52905e-07 1.25295e-07 1.02563e-07 8.38685e-08 6.85123e-08 5.59123e-08 4.55852e-08 3.713e-08 3.02147e-08 2.45648e-08 1.99533e-08 1.61931e-08 1.313e-08 1.06372e-08 8.61046e-09 6.96408e-09 5.62791e-09 4.54446e-09 3.6667e-09 2.95619e-09 2.38153e-09 1.91714e-09 1.54217e-09 1.23963e-09 9.95733e-10
1.59343e-05 3.90078e-05 7.06702e-05 0.000109904 0.000155169 0.000204597 0.000256173 0.000307893 0.00035789 0.000404526 0.000446448 0.000482623 0.000512341 0.000535198 0.000551075 0.000560097 0.000562589 0.000559037 0.000550041 0.000536277 0.000518461 0.000497318 0.000473559 0.000447857 0.000420838 0.000393066 0.000365043 0.000337197 0.000309892 0.000283425 0.00025803 0.000233885 0.000211118 0.00018981 0.000170005 0.000151712 0.000134916 0.000119578 0.000105644 9.30446e-05 8.17044e-05 7.15409e-05 6.24686e-05 5.44013e-05 4.72539e-05 4.09434e-05 3.53902e-05 3.05189e-05 2.62587e-05 2.25437e-05 1.93133e-05 1.65117e-05 1.40883e-05 1.19972e-05 1.01972e-05 8.65131e-06 7.32669e-06 6.19408e-06 5.2277e-06 4.4048e-06 3.70546e-06 3.11227e-06 2.61003e-06 2.18558e-06 1.82748e-06 1.52588e-06 1.27228e-06 1.05939e-06 8.80944e-07 7.31605e-07 6.06811e-07 5.02676e-07 4.15905e-07 3.43702e-07 2.83702e-07 2.33908e-07 1.92637e-07 1.58474e-07 1.30229e-07 1.06905e-07 8.76669e-08 7.1818e-08 5.87756e-08 4.80547e-08 3.92515e-08 3.20306e-08 2.61139e-08 2.12708e-08 1.73103e-08 1.40749e-08 1.14343e-08 9.28115e-09 7.52719e-09 6.09967e-09 4.93888e-09 3.99581e-09 3.23028e-09 2.6094e-09 2.10627e-09 1.69887e-09 1.36927e-09
1.15003e-05 2.90556e-05 5.38655e-05 8.53884e-05 0.000122594 0.000164105 0.000208341 0.000253651 0.000298425 0.000341187 0.000380655 0.000415787 0.000445795 0.000470153 0.000488581 0.00050102 0.000507609 0.000508643 0.000504546 0.000495832 0.000483074 0.000466878 0.000447857 0.000426609 0.000403706 0.000379677 0.000355002 0.000330106 0.000305359 0.000281073 0.000257504 0.000234857 0.00021329 0.000192916 0.00017381 0.000156013 0.000139538 0.000124376 0.000110497 9.7856e-05 8.63973e-05 7.60567e-05 6.67643e-05 5.84473e-05 5.10314e-05 4.44429e-05 3.86096e-05 3.34619e-05 2.89335e-05 2.49618e-05 2.14885e-05 1.84595e-05 1.5825e-05 1.35395e-05 1.15617e-05 9.8542e-06 8.38351e-06 7.11961e-06 6.03576e-06 5.10826e-06 4.31616e-06 3.64103e-06 3.06668e-06 2.57898e-06 2.1656e-06 1.81583e-06 1.52038e-06 1.27123e-06 1.06146e-06 8.8512e-07 7.37117e-07 6.13079e-07 5.09277e-07 4.22533e-07 3.50144e-07 2.89817e-07 2.39608e-07 1.97874e-07 1.63229e-07 1.34503e-07 1.10716e-07 9.10399e-08 7.47842e-08 6.13694e-08 5.03113e-08 4.12058e-08 3.37162e-08 2.75621e-08 2.25107e-08 1.83684e-08 1.49751e-08 1.2198e-08 9.92742e-09 8.07267e-09 6.559e-09 5.3248e-09 4.31938e-09 3.50102e-09 2.83551e-09 2.29475e-09 1.85571e-09
8.30017e-06 2.16217e-05 4.09921e-05 6.62051e-05 9.66197e-05 0.000131257 0.000168911 0.000208252 0.000247924 0.000286633 0.000323203 0.000356628 0.0003861 0.000411019 0.000430995 0.000445835 0.000455526 0.000460208 0.00046015 0.00045572 0.000447361 0.000435562 0.000420838 0.000403706 0.000384676 0.000364232 0.000342824 0.000320861 0.000298707 0.000276679 0.000255045 0.000234029 0.000213809 0.000194524 0.000176274 0.000159129 0.000143127 0.000128283 0.000114592 0.000102031 9.05636e-05 8.01441e-05 7.07182e-05 6.22267e-05 5.46071e-05 4.77956e-05 4.17282e-05 3.63421e-05 3.15763e-05 2.73726e-05 2.36758e-05 2.04341e-05 1.75993e-05 1.51269e-05 1.29761e-05 1.11097e-05 9.49394e-06 8.09837e-06 6.89569e-06 5.86145e-06 4.97393e-06 4.21386e-06 3.5642e-06 3.00999e-06 2.53806e-06 2.13693e-06 1.79658e-06 1.50828e-06 1.26448e-06 1.05864e-06 8.85125e-07 7.39086e-07 6.16353e-07 5.13359e-07 4.27051e-07 3.54828e-07 2.94472e-07 2.44101e-07 2.02117e-07 1.67169e-07 1.38113e-07 1.13986e-07 9.39751e-08 7.73976e-08 6.36801e-08 5.23418e-08 4.29805e-08 3.52597e-08 2.88986e-08 2.36633e-08 1.93588e-08 1.58232e-08 1.29219e-08 1.05436e-08 8.59562e-09 7.00172e-09 5.69869e-09 4.6344e-09 3.76588e-09 3.05773e-09 2.48082e-09
5.99051e-06 1.60752e-05 3.11492e-05 5.12326e-05 7.59732e-05 0.000104708 0.000136542 0.000170429 0.000205256 0.00023991 0.000273343 0.000304619 0.000332945 0.000357691 0.000378399 0.000394781 0.000406709 0.000414198 0.000417387 0.000416519 0.000411916 0.000403959 0.000393066 0.000379677 0.000364232 0.000347165 0.000328888 0.000309784 0.000290204 0.000270458 0.000250821 0.000231524 0.00021276 0.000194686 0.000177424 0.000161063 0.000145666 0.000131269 0.000117889 0.000105522 9.41523e-05 8.37499e-05 7.42767e-05 6.5687e-05 5.79305e-05 5.09538e-05 4.47019e-05 3.91192e-05 3.41509e-05 2.97438e-05 2.58466e-05 2.24104e-05 1.93895e-05 1.67409e-05 1.44249e-05 1.24048e-05 1.06472e-05 9.12158e-06 7.8004e-06 6.65879e-06 5.67445e-06 4.8275e-06 4.10022e-06 3.47694e-06 2.94379e-06 2.48859e-06 2.10065e-06 1.77059e-06 1.49027e-06 1.25258e-06 1.05136e-06 8.81293e-07 7.37769e-07 6.16829e-07 5.15069e-07 4.29568e-07 3.57829e-07 2.9772e-07 2.47422e-07 2.05388e-07 1.70305e-07 1.41061e-07 1.16714e-07 9.64673e-08 7.96506e-08 6.56989e-08 5.4137e-08 4.45662e-08 3.66522e-08 3.01151e-08 2.47209e-08 2.02744e-08 1.66127e-08 1.36004e-08 1.11246e-08 9.09171e-09 7.42407e-09 6.05729e-09 4.93812e-09 4.0225e-09 3.27407e-09
4.32355e-06 1.19413e-05 2.36366e-05 3.95742e-05 5.96088e-05 8.33213e-05 0.00011007 0.000139054 0.000169375 0.000200102 0.000230319 0.000259179 0.000285931 0.000309949 0.00033074 0.000347955 0.000361383 0.000370941 0.000376665 0.000378689 0.000377231 0.000372572 0.000365043 0.000355002 0.000342824 0.000328888 0.000313562 0.000297198 0.000280125 0.000262643 0.00024502 0.00022749 0.000210254 0.000193482 0.000177309 0.000161842 0.000147163 0.000133326 0.000120366 0.0001083 9.71259e-05 8.68325e-05 7.73956e-05 6.87834e-05 6.09575e-05 5.3875e-05 4.74901e-05 4.17552e-05 3.66223e-05 3.20435e-05 2.79722e-05 2.43632e-05 2.11734e-05 1.83621e-05 1.58912e-05 1.37252e-05 1.18312e-05 1.01792e-05 8.74167e-06 7.49356e-06 6.41235e-06 5.47772e-06 4.67148e-06 3.97739e-06 3.38103e-06 2.8696e-06 2.43182e-06 2.05777e-06 1.73871e-06 1.46703e-06 1.23608e-06 1.04007e-06 8.7397e-07 7.33439e-07 6.14717e-07 5.14567e-07 4.30204e-07 3.59239e-07 2.99626e-07 2.49616e-07 2.07717e-07 1.72658e-07 1.43359e-07 1.18905e-07 9.85175e-08 8.15414e-08 6.74219e-08 5.56916e-08 4.5957e-08 3.78874e-08 3.12051e-08 2.56774e-08 2.11095e-08 1.73386e-08 1.42286e-08 1.16663e-08 9.55718e-09 7.82275e-09 6.39775e-09 5.22805e-09 4.26875e-09
3.12045e-06 8.86328e-06 1.79124e-05 3.05163e-05 4.66734e-05 6.61471e-05 8.84988e-05 0.000113131 0.000139336 0.000166348 0.000193388 0.000219703 0.000244606 0.000267492 0.000287866 0.000305342 0.000319654 0.000330648 0.000338276 0.000342585 0.000343703 0.000341824 0.000337197 0.000330106 0.000320861 0.000309784 0.000297198 0.00028342 0.00026875 0.000253472 0.000237842 0.000222091 0.000206422 0.00019101 0.000176001 0.000161515 0.000147645 0.000134464 0.00012202 0.000110348 9.94609e-05 8.93619e-05 8.00412e-05 7.14795e-05 6.36504e-05 5.65215e-05 5.00564e-05 4.42155e-05 3.89578e-05 3.42416e-05 3.0025e-05 2.62672e-05 2.29285e-05 1.99707e-05 1.73579e-05 1.50559e-05 1.30332e-05 1.12604e-05 9.71028e-06 8.35813e-06 7.18134e-06 6.15943e-06 5.27391e-06 4.50817e-06 3.84733e-06 3.27814e-06 2.78881e-06 2.36893e-06 2.00927e-06 1.70174e-06 1.43923e-06 1.21552e-06 1.02519e-06 8.63505e-07 7.26372e-07 6.10235e-07 5.12024e-07 4.2909e-07 3.59157e-07 3.00265e-07 2.5074e-07 2.09144e-07 1.74254e-07 1.45026e-07 1.2057e-07 1.00132e-07 8.30726e-08 6.88491e-08 5.70037e-08 4.71498e-08 3.89615e-08 3.21646e-08 2.65286e-08 2.186e-08 1.79966e-08 1.48029e-08 1.21652e-08 9.9889e-09 8.19496e-09 6.71758e-09 5.502e-09
2.25214e-06 6.57365e-06 1.35575e-05 2.34934e-05 3.6474e-05 5.23963e-05 7.09788e-05 9.17911e-05 0.000114289 0.000137857 0.00016184 0.00018559 0.000208485 0.000229967 0.00024955 0.000266838 0.000281531 0.000293425 0.000302412 0.000308466 0.000311641 0.000312058 0.000309892 0.000305359 0.000298707 0.000290204 0.000280125 0.00026875 0.00025635 0.000243184 0.000229494 0.000215502 0.000201408 0.000187386 0.00017359 0.000160145 0.000147156 0.000134708 0.000122863 0.000111666 0.000101147 9.132e-05 8.21894e-05 7.37476e-05 6.59793e-05 5.88622e-05 5.23692e-05 4.64689e-05 4.11276e-05 3.63097e-05 3.19788e-05 2.80985e-05 2.46329e-05 2.1547e-05 1.88072e-05 1.63815e-05 1.42397e-05 1.23533e-05 1.06962e-05 9.24403e-06 7.97435e-06 6.86677e-06 5.90272e-06 5.06539e-06 4.33962e-06 3.71181e-06 3.16979e-06 2.70272e-06 2.30099e-06 1.95607e-06 1.66044e-06 1.40749e-06 1.19142e-06 1.00715e-06 8.50245e-07 7.16848e-07 6.03606e-07 5.07617e-07 4.26367e-07 3.57691e-07 2.99722e-07 2.50856e-07 2.09718e-07 1.7513e-07 1.46086e-07 1.21728e-07 1.01323e-07 8.42512e-08 6.99841e-08 5.80746e-08 4.81442e-08 3.9873e-08 3.29913e-08 2.72717e-08 2.25228e-08 1.8584e-08 1.53203e-08 1.26186e-08 1.03843e-08 8.53837e-09 7.01466e-09
1.62544e-06 4.87197e-06 1.02492e-05 1.80589e-05 2.84511e-05 4.14166e-05 5.67937e-05 7.42856e-05 9.34855e-05 0.000113907 0.000135014 0.000156253 0.000177081 0.000196988 0.000215515 0.000232273 0.000246946 0.000259299 0.000269178 0.000276505 0.000281275 0.000283544 0.000283425 0.000281073 0.000276679 0.000270458 0.000262643 0.000253472 0.000243184 0.000232013 0.000220183 0.000207903 0.000195363 0.000182736 0.000170175 0.000157811 0.000145755 0.0001341 0.000122918 0.000112266 0.000102185 9.26999e-05 8.38267e-05 7.55689e-05 6.79216e-05 6.08722e-05 5.44023e-05 4.84889e-05 4.31053e-05 3.82223e-05 3.38091e-05 2.98342e-05 2.62655e-05 2.30717e-05 2.02219e-05 1.76864e-05 1.54367e-05 1.3446e-05 1.1689e-05 1.01422e-05 8.78363e-06 7.5932e-06 6.55245e-06 5.64455e-06 4.85422e-06 4.16765e-06 3.57241e-06 3.05735e-06 2.61251e-06 2.22903e-06 1.89902e-06 1.61554e-06 1.37243e-06 1.16428e-06 9.86367e-07 8.34527e-07 7.05141e-07 5.95054e-07 5.01525e-07 4.22177e-07 3.54955e-07 2.98083e-07 2.50033e-07 2.0949e-07 1.75324e-07 1.46569e-07 1.22398e-07 1.02105e-07 8.50875e-08 7.08337e-08 5.89083e-08 4.89421e-08 4.06224e-08 3.36847e-08 2.79055e-08 2.30965e-08 1.90987e-08 1.57788e-08 1.30244e-08 1.07415e-08 8.85114e-09
1.17314e-06 3.60832e-06 7.73955e-06 1.38612e-05 2.21541e-05 3.26722e-05 4.53423e-05 5.9972e-05 7.62672e-05 9.38527e-05 0.000112298 0.00013114 0.00014991 0.000168155 0.000185453 0.00020143 0.000215772 0.000228226 0.000238609 0.000246805 0.000252761 0.000256483 0.00025803 0.000257504 0.000255045 0.000250821 0.00024502 0.000237842 0.000229494 0.000220183 0.000210111 0.000199471 0.000188443 0.000177192 0.000165868 0.000154604 0.000143513 0.000132693 0.000122225 0.000112174 0.000102588 9.35051e-05 8.49489e-05 7.69332e-05 6.94625e-05 6.25332e-05 5.61354e-05 5.02538e-05 4.48686e-05 3.99572e-05 3.54943e-05 3.14533e-05 2.78066e-05 2.45264e-05 2.15849e-05 1.89551e-05 1.66105e-05 1.45261e-05 1.26778e-05 1.10431e-05 9.60096e-06 8.33166e-06 7.2171e-06 6.24061e-06 5.38694e-06 4.64222e-06 3.99387e-06 3.43056e-06 2.94206e-06 2.51925e-06 2.15395e-06 1.83892e-06 1.56769e-06 1.33459e-06 1.13457e-06 9.6323e-07 8.16677e-07 6.91521e-07 5.84798e-07 4.93927e-07 4.16664e-07 3.51063e-07 2.95442e-07 2.48344e-07 2.08517e-07 1.7488e-07 1.46509e-07 1.22608e-07 1.02497e-07 8.55951e-08 7.14072e-08 5.9511e-08 4.95475e-08 4.12119e-08 3.42457e-08 2.84302e-08 2.35803e-08 1.95399e-08 1.61772e-08 1.33813e-08 1.1059e-08
8.46692e-07 2.67068e-06 5.8382e-06 1.06245e-05 1.72221e-05 2.5725e-05 3.61231e-05 4.83042e-05 6.20643e-05 7.71223e-05 9.31381e-05 0.000109733 0.00012651 0.000143071 0.000159038 0.000174063 0.000187839 0.000200113 0.000210683 0.000219406 0.000226196 0.000231017 0.000233885 0.000234857 0.000234029 0.000231524 0.00022749 0.000222091 0.000215502 0.000207903 0.000199471 0.000190382 0.000180803 0.00017089 0.000160785 0.00015062 0.000140508 0.000130551 0.000120832 0.000111423 0.00010238 9.3749e-05 8.5561e-05 7.78387e-05 7.05947e-05 6.38338e-05 5.75538e-05 5.17466e-05 4.63993e-05 4.14954e-05 3.70153e-05 3.29373e-05 2.92382e-05 2.58941e-05 2.28804e-05 2.01729e-05 1.77476e-05 1.55813e-05 1.36516e-05 1.19371e-05 1.04178e-05 9.07473e-06 7.89026e-06 6.84806e-06 5.93311e-06 5.1316e-06 4.43093e-06 3.81968e-06 3.28749e-06 2.82502e-06 2.42389e-06 2.0766e-06 1.77646e-06 1.51752e-06 1.2945e-06 1.10274e-06 9.38112e-07 7.97005e-07 6.76244e-07 5.7305e-07 4.84996e-07 4.09969e-07 3.46132e-07 2.9189e-07 2.45862e-07 2.06857e-07 1.73845e-07 1.45941e-07 1.22383e-07 1.02519e-07 8.57896e-08 7.17164e-08 5.98913e-08 4.99663e-08 4.16454e-08 3.46767e-08 2.88469e-08 2.39748e-08 1.99074e-08 1.6515e-08 1.36886e-08
6.11086e-07 1.97547e-06 4.39948e-06 8.13286e-06 1.33669e-05 2.02183e-05 2.87202e-05 3.88204e-05 5.03859e-05 6.32126e-05 7.70383e-05 9.15582e-05 0.000106442 0.000121348 0.000135941 0.000149904 0.000162949 0.000174826 0.00018533 0.000194299 0.000201622 0.000207235 0.000211118 0.00021329 0.000213809 0.00021276 0.000210254 0.000206422 0.000201408 0.000195363 0.000188443 0.000180803 0.000172595 0.000163964 0.000155044 0.000145961 0.000136827 0.000127742 0.000118794 0.000110057 0.000101593 9.34534e-05 8.56762e-05 7.82911e-05 7.1318e-05 6.47689e-05 5.86485e-05 5.29556e-05 4.76836e-05 4.28218e-05 3.83562e-05 3.427e-05 3.05443e-05 2.71592e-05 2.40935e-05 2.1326e-05 1.88351e-05 1.65999e-05 1.45996e-05 1.28145e-05 1.12255e-05 9.81475e-06 8.56521e-06 7.4611e-06 6.48773e-06 5.63151e-06 4.87998e-06 4.22171e-06 3.64629e-06 3.14429e-06 2.70718e-06 2.32729e-06 1.99772e-06 1.71232e-06 1.46559e-06 1.25265e-06 1.06919e-06 9.11359e-07 7.75804e-07 6.59556e-07 5.60014e-07 4.74902e-07 4.02233e-07 3.40275e-07 2.8752e-07 2.42663e-07 2.04571e-07 1.72266e-07 1.44903e-07 1.21754e-07 1.02195e-07 8.56887e-08 7.17745e-08 6.00589e-08 5.02057e-08 4.1928e-08 3.49814e-08 2.9158e-08 2.42814e-08 2.02019e-08 1.67925e-08
