0.90576 0.00778801 0.00623041 0.00498433 0.00398746 0.00318997 0.00255197 0.00204158 0.00163326 0.00130661 0.00104529 0.000836231 0.000668985 0.000535188 0.00042815 0.00034252 0.000274016 0.000219213 0.00017537 0.000140296 0.000112237 8.97896e-05 7.18317e-05 5.74654e-05 4.59723e-05 3.67778e-05 2.94223e-05 2.35378e-05 1.88302e-05 1.50642e-05 1.20514e-05 9.64109e-06 7.71287e-06 6.1703e-06 4.93624e-06 3.94899e-06 3.15919e-06 2.52735e-06 2.02188e-06 1.61751e-06 1.294e-06 1.0352e-06 8.28163e-07 6.6253e-07 5.30024e-07 4.24019e-07 3.39216e-07 2.71372e-07 2.17098e-07 1.73678e-07 1.38943e-07 1.11154e-07 8.89233e-08 7.11387e-08 5.69109e-08 4.55287e-08 3.6423e-08 2.91384e-08 2.33107e-08 1.86486e-08 1.49189e-08 1.19351e-08 9.54807e-09 7.63846e-09 6.11076e-09 4.88861e-09 3.91089e-09 3.12871e-09 2.50297e-09 2.00238e-09 1.6019e-09 1.28152e-09 1.02522e-09 8.20173e-10 6.56138e-10 5.24911e-10 4.19929e-10 3.35943e-10 2.68754e-10 2.15003e-10 1.72003e-10 1.37602e-10 1.10082e-10 8.80654e-11 7.04523e-11 5.63619e-11 4.50895e-11 3.60716e-11 2.88573e-11 2.30858e-11 1.84687e-11 1.47749e-11 1.18199e-11 9.45595e-12 7.56476e-12 6.05181e-12 4.84145e-12 3.87316e-12 3.09853e-12 2.47882e-12 1.98306e-12
0.00778801 0.0005545 0.000451855 0.000368088 0.000299754 0.000244029 0.000198605 0.000161589 0.000131435 0.000106879 8.68883e-05 7.06186e-05 5.73813e-05 4.66141e-05 3.78586e-05 3.07407e-05 2.49556e-05 2.02549e-05 1.64363e-05 1.33349e-05 1.08167e-05 8.77229e-06 7.113e-06 5.76654e-06 4.67414e-06 3.78804e-06 3.06942e-06 2.48672e-06 2.01433e-06 1.63142e-06 1.3211e-06 1.06966e-06 8.65945e-07 7.00931e-07 5.67285e-07 4.5906e-07 3.71434e-07 3.00496e-07 2.43076e-07 1.96604e-07 1.58997e-07 1.28569e-07 1.03953e-07 8.40401e-08 6.79343e-08 5.49093e-08 4.43769e-08 3.5861e-08 2.89765e-08 2.34113e-08 1.89131e-08 1.52778e-08 1.234e-08 9.96629e-09 8.04844e-09 6.49907e-09 5.24752e-09 4.23662e-09 3.42018e-09 2.76085e-09 2.22845e-09 1.79857e-09 1.45151e-09 1.17133e-09 9.45159e-10 7.62604e-10 6.15265e-10 4.96358e-10 4.00402e-10 3.22975e-10 2.60502e-10 2.101e-10 1.69438e-10 1.36637e-10 1.10179e-10 8.88388e-11 7.16274e-11 5.77471e-11 4.65537e-11 3.75279e-11 3.02502e-11 2.43825e-11 1.96518e-11 1.58381e-11 1.27639e-11 1.02858e-11 8.28835e-12 6.67847e-12 5.38101e-12 4.3354e-12 3.49279e-12 2.81381e-12 2.26671e-12 1.82589e-12 1.47074e-12 1.18461e-12 9.54102e-13 7.68413e-13 6.18836e-13 4.98353e-13 4.0131e-13
0.00623041 0.000451855 0.000368676 0.000300703 0.000245179 0.000199842 0.000162837 0.000132644 0.000108018 8.79386e-05 7.15722e-05 5.82362e-05 4.73729e-05 3.85264e-05 3.13244e-05 2.54627e-05 2.06932e-05 1.68134e-05 1.3658e-05 1.10926e-05 9.00715e-06 7.31236e-06 5.93532e-06 4.81671e-06 3.90821e-06 3.1705e-06 2.57161e-06 2.08549e-06 1.69098e-06 1.37089e-06 1.11122e-06 9.00592e-07 7.29783e-07 5.91284e-07 4.79003e-07 3.87989e-07 3.14227e-07 2.54454e-07 2.06025e-07 1.66792e-07 1.35013e-07 1.09277e-07 8.84354e-08 7.15607e-08 5.78995e-08 4.6841e-08 3.78906e-08 3.06472e-08 2.47858e-08 2.00435e-08 1.62069e-08 1.31034e-08 1.05931e-08 8.563e-09 6.92129e-09 5.59382e-09 4.52055e-09 3.65289e-09 2.95151e-09 2.3846e-09 1.92642e-09 1.55615e-09 1.25695e-09 1.01519e-09 8.19872e-10 6.62081e-10 5.34619e-10 4.31663e-10 3.4851e-10 2.81355e-10 2.27124e-10 1.83334e-10 1.47976e-10 1.1943e-10 9.63844e-11 7.77807e-11 6.27638e-11 5.06431e-11 4.08605e-11 3.29657e-11 2.65946e-11 2.14536e-11 1.73054e-11 1.39585e-11 1.12583e-11 9.07989e-12 7.32261e-12 5.9051e-12 4.76175e-12 3.83957e-12 3.09583e-12 2.49603e-12 2.01233e-12 1.62229e-12 1.30779e-12 1.0542e-12 8.4975e-13 6.84917e-13 5.52032e-13 4.44909e-13 3.58558e-13
0.00498433 0.000368088 0.000300703 0.000245563 0.000200462 0.000163589 0.000133454 0.000108835 8.87308e-05 7.23185e-05 5.89251e-05 4.79987e-05 3.90878e-05 3.1823e-05 2.59018e-05 2.10772e-05 1.71472e-05 1.39467e-05 1.13411e-05 9.22024e-06 7.49443e-06 6.0904e-06 4.94842e-06 4.01979e-06 3.26481e-06 2.65114e-06 2.15243e-06 1.74724e-06 1.41808e-06 1.15073e-06 9.33643e-07 7.57388e-07 6.14312e-07 4.9819e-07 4.03959e-07 3.27504e-07 2.65483e-07 2.15178e-07 1.74381e-07 1.41301e-07 1.14482e-07 9.2741e-08 7.51199e-08 6.08396e-08 4.92682e-08 3.98931e-08 3.22984e-08 2.61466e-08 2.11643e-08 1.71295e-08 1.38625e-08 1.12175e-08 9.07625e-09 7.34301e-09 5.9402e-09 4.80493e-09 3.88627e-09 3.14296e-09 2.5416e-09 2.05512e-09 1.66162e-09 1.34335e-09 1.08595e-09 8.77799e-10 7.0949e-10 5.73408e-10 4.63391e-10 3.74454e-10 3.02564e-10 2.44458e-10 1.97497e-10 1.59546e-10 1.28879e-10 1.04099e-10 8.4078e-11 6.79031e-11 5.48364e-11 4.42812e-11 3.57555e-11 2.88695e-11 2.33082e-11 1.88171e-11 1.51904e-11 1.2262e-11 9.8976e-12 7.98863e-12 6.44749e-12 5.20337e-12 4.19909e-12 3.38845e-12 2.73417e-12 2.20611e-12 1.77994e-12 1.43603e-12 1.1585e-12 9.34568e-13 7.53882e-13 6.08099e-13 4.90485e-13 3.956e-13 3.19055e-13
0.00398746 0.000299754 0.000245179 0.000200462 0.00016384 0.00013386 0.000109327 8.9261e-05 7.28542e-05 5.94446e-05 4.84885e-05 3.95402e-05 3.22341e-05 2.62709e-05 2.14052e-05 1.74362e-05 1.41996e-05 1.15611e-05 9.4106e-06 7.6584e-06 6.23109e-06 5.0687e-06 4.1223e-06 3.35192e-06 2.72498e-06 2.21488e-06 1.79993e-06 1.46246e-06 1.18805e-06 9.6496e-07 7.83632e-07 6.36274e-07 5.16544e-07 4.19278e-07 3.40276e-07 2.76119e-07 2.24026e-07 1.81735e-07 1.47407e-07 1.19548e-07 9.69404e-08 7.85983e-08 6.37186e-08 5.16495e-08 4.18613e-08 3.39241e-08 2.74887e-08 2.22715e-08 1.80425e-08 1.46149e-08 1.18372e-08 9.58645e-09 7.76285e-09 6.28551e-09 5.08882e-09 4.11957e-09 3.33461e-09 2.69897e-09 2.18429e-09 1.7676e-09 1.43027e-09 1.15722e-09 9.36218e-10 7.57358e-10 6.12617e-10 4.95499e-10 4.00739e-10 3.24075e-10 2.62058e-10 2.11892e-10 1.71317e-10 1.38502e-10 1.11964e-10 9.05047e-11 7.31532e-11 5.91242e-11 4.77824e-11 3.86138e-11 3.12024e-11 2.52119e-11 2.03702e-11 1.64573e-11 1.32952e-11 1.074e-11 8.67537e-12 7.00723e-12 5.65952e-12 4.57075e-12 3.69123e-12 2.98078e-12 2.40694e-12 1.94347e-12 1.56916e-12 1.26687e-12 1.02277e-12 8.25653e-13 6.66495e-13 5.3799e-13 4.34241e-13 3.50482e-13 2.82865e-13
0.00318997 0.000244029 0.000199842 0.000163589 0.00013386 0.000109491 8.95267e-05 7.31767e-05 5.97923e-05 4.884e-05 3.98813e-05 3.25559e-05 2.65682e-05 2.16756e-05 1.76791e-05 1.44156e-05 1.17515e-05 9.57735e-06 7.80353e-06 6.35674e-06 5.177e-06 4.21527e-06 3.43146e-06 2.79281e-06 2.27255e-06 1.84885e-06 1.50385e-06 1.22299e-06 9.94411e-07 8.08406e-07 6.57079e-07 5.33989e-07 4.33885e-07 3.5249e-07 2.86319e-07 2.32534e-07 1.88825e-07 1.53309e-07 1.24455e-07 1.01018e-07 8.19828e-08 6.65257e-08 5.39759e-08 4.37879e-08 3.55185e-08 2.88072e-08 2.33612e-08 1.89425e-08 1.53579e-08 1.24502e-08 1.00919e-08 8.17937e-09 6.62861e-09 5.3713e-09 4.35204e-09 3.52583e-09 2.85619e-09 2.31351e-09 1.87376e-09 1.51746e-09 1.2288e-09 9.94956e-10 8.05544e-10 6.52134e-10 5.27895e-10 4.27289e-10 3.45828e-10 2.79875e-10 2.26482e-10 1.8326e-10 1.48275e-10 1.1996e-10 9.70451e-11 7.85015e-11 6.34967e-11 5.13562e-11 4.15341e-11 3.35882e-11 2.71606e-11 2.19615e-11 1.77565e-11 1.43557e-11 1.16055e-11 9.38155e-12 7.58332e-12 6.1294e-12 4.95393e-12 4.00365e-12 3.23547e-12 2.61453e-12 2.11264e-12 1.70699e-12 1.37916e-12 1.11423e-12 9.00139e-13 7.27148e-13 5.87371e-13 4.74439e-13 3.832e-13 3.09492e-13 2.49949e-13
0.00255197 0.000198605 0.000162837 0.000133454 0.000109327 8.95267e-05 7.32843e-05 5.99665e-05 4.90516e-05 4.01096e-05 3.27868e-05 2.67925e-05 2.18873e-05 1.78748e-05 1.45937e-05 1.19116e-05 9.71976e-06 7.92918e-06 6.46681e-06 5.27285e-06 4.29831e-06 3.50307e-06 2.85432e-06 2.3252e-06 1.89377e-06 1.54207e-06 1.25543e-06 1.02187e-06 8.31605e-07 6.7664e-07 5.50452e-07 4.47719e-07 3.64096e-07 2.96042e-07 2.40669e-07 1.95622e-07 1.58982e-07 1.29185e-07 1.04957e-07 8.52603e-08 6.92502e-08 5.62387e-08 4.56657e-08 3.70755e-08 3.00974e-08 2.44295e-08 1.98265e-08 1.60888e-08 1.30542e-08 1.05907e-08 8.59116e-09 6.96833e-09 5.65143e-09 4.5829e-09 3.71601e-09 3.01278e-09 2.44238e-09 1.97978e-09 1.60464e-09 1.30046e-09 1.05384e-09 8.53908e-10 6.91844e-10 5.60488e-10 4.54032e-10 3.67764e-10 2.97861e-10 2.41225e-10 1.95342e-10 1.58174e-10 1.28067e-10 1.03683e-10 8.39349e-11 6.79431e-11 5.49941e-11 4.45097e-11 3.60215e-11 2.91499e-11 2.35876e-11 1.90853e-11 1.54413e-11 1.24923e-11 1.01058e-11 8.17467e-12 6.61214e-12 5.34794e-12 4.32518e-12 3.4978e-12 2.82852e-12 2.28717e-12 1.84932e-12 1.4952e-12 1.20882e-12 9.7724e-13 7.89979e-13 6.38566e-13 5.16146e-13 4.17173e-13 3.37161e-13 2.7248e-13 2.20196e-13
0.00204158 0.000161589 0.000132644 0.000108835 8.9261e-05 7.31767e-05 5.99665e-05 4.91222e-05 4.0224e-05 3.29258e-05 2.69425e-05 2.20392e-05 1.80224e-05 1.47331e-05 1.20405e-05 9.83717e-06 8.03476e-06 6.5608e-06 5.35582e-06 4.37104e-06 3.56644e-06 2.90925e-06 2.3726e-06 1.9345e-06 1.57695e-06 1.28521e-06 1.04722e-06 8.53132e-07 6.94875e-07 5.65866e-07 4.60723e-07 3.75047e-07 3.05249e-07 2.48398e-07 2.021e-07 1.64405e-07 1.33719e-07 1.08743e-07 8.84183e-08 7.18817e-08 5.84293e-08 4.74877e-08 3.85896e-08 3.13544e-08 2.54724e-08 2.06911e-08 1.68051e-08 1.36472e-08 1.10813e-08 8.99679e-09 7.30352e-09 5.92824e-09 4.81139e-09 3.90451e-09 3.16821e-09 2.57049e-09 2.08531e-09 1.69154e-09 1.37198e-09 1.11268e-09 9.02302e-10 7.31628e-10 5.93182e-10 4.80889e-10 3.89819e-10 3.15967e-10 2.56084e-10 2.07532e-10 1.68171e-10 1.36263e-10 1.10401e-10 8.94398e-11 7.24527e-11 5.86872e-11 4.75335e-11 3.84966e-11 3.11754e-11 2.52447e-11 2.04408e-11 1.65498e-11 1.33986e-11 1.08466e-11 8.78008e-12 7.10681e-12 5.75204e-12 4.65522e-12 3.76731e-12 3.04856e-12 2.46678e-12 1.9959e-12 1.61481e-12 1.30641e-12 1.05684e-12 8.54898e-13 6.91504e-13 5.59307e-13 4.52357e-13 3.65838e-13 2.9585e-13 2.39239e-13 1.9345e-13
0.00163326 0.000131435 0.000108018 8.87308e-05 7.28542e-05 5.97923e-05 4.90516e-05 4.0224e-05 3.29722e-05 2.70177e-05 2.21306e-05 1.81211e-05 1.48331e-05 1.21377e-05 9.92904e-06 8.1198e-06 6.63828e-06 5.42554e-06 4.43313e-06 3.62129e-06 2.95735e-06 2.41454e-06 1.97087e-06 1.60835e-06 1.31221e-06 1.07036e-06 8.72895e-07 7.11708e-07 5.80167e-07 4.72843e-07 3.85298e-07 3.13902e-07 2.55688e-07 2.08233e-07 1.69555e-07 1.38038e-07 1.1236e-07 9.14444e-08 7.44101e-08 6.05395e-08 4.92469e-08 4.00548e-08 3.25737e-08 2.64861e-08 2.15332e-08 1.75041e-08 1.4227e-08 1.15619e-08 9.39484e-09 7.63301e-09 6.20081e-09 5.03673e-09 4.0907e-09 3.32198e-09 2.69741e-09 2.19002e-09 1.77788e-09 1.44314e-09 1.17131e-09 9.50579e-10 7.71367e-10 6.25879e-10 5.07783e-10 4.1193e-10 3.34139e-10 2.71014e-10 2.19794e-10 1.78239e-10 1.44527e-10 1.17182e-10 9.50018e-11 7.70137e-11 6.24264e-11 5.0598e-11 4.10076e-11 3.32323e-11 2.69292e-11 2.18199e-11 1.76787e-11 1.43224e-11 1.16024e-11 9.39831e-12 7.61239e-12 6.16541e-12 4.99314e-12 4.04348e-12 3.27422e-12 2.65114e-12 2.14649e-12 1.73779e-12 1.40682e-12 1.13881e-12 9.21807e-13 7.46107e-13 6.0386e-13 4.88704e-13 3.95485e-13 3.20029e-13 2.58955e-13 2.09525e-13 1.6952e-13
0.00130661 0.000106879 8.79386e-05 7.23185e-05 5.94446e-05 4.884e-05 4.01096e-05 3.29258e-05 2.70177e-05 2.21611e-05 1.81706e-05 1.48933e-05 1.22028e-05 9.99497e-06 8.18392e-06 6.69891e-06 5.48169e-06 4.48432e-06 3.66737e-06 2.99842e-06 2.45083e-06 2.00272e-06 1.63613e-06 1.33632e-06 1.09118e-06 8.90811e-07 7.27068e-07 5.93294e-07 4.8403e-07 3.94806e-07 3.21965e-07 2.62511e-07 2.13995e-07 1.74413e-07 1.42126e-07 1.15796e-07 9.43269e-08 7.68255e-08 6.2561e-08 5.09368e-08 4.14659e-08 3.37507e-08 2.74669e-08 2.23498e-08 1.81833e-08 1.47915e-08 1.20307e-08 9.78391e-09 7.95565e-09 6.46818e-09 5.25816e-09 4.27397e-09 3.47357e-09 2.82273e-09 2.29356e-09 1.86338e-09 1.51372e-09 1.22953e-09 9.98589e-10 8.10939e-10 6.58482e-10 5.34632e-10 4.34032e-10 3.52327e-10 2.85974e-10 2.32096e-10 1.8835e-10 1.52836e-10 1.24007e-10 1.00606e-10 8.16145e-11 6.62021e-11 5.36957e-11 4.35482e-11 3.53155e-11 2.86369e-11 2.32194e-11 1.88253e-11 1.52616e-11 1.23715e-11 1.0028e-11 8.12783e-12 6.58722e-12 5.33825e-12 4.32578e-12 3.50509e-12 2.83991e-12 2.30081e-12 1.86392e-12 1.50989e-12 1.22302e-12 9.90595e-13 8.02288e-13 6.49737e-13 5.2616e-13 4.26061e-13 3.44984e-13 2.79319e-13 2.2614e-13 1.83075e-13 1.48203e-13
0.00104529 8.68883e-05 7.15722e-05 5.89251e-05 4.84885e-05 3.98813e-05 3.27868e-05 2.69425e-05 2.21306e-05 1.81706e-05 1.49134e-05 1.22354e-05 1.00346e-05 8.22683e-06 6.74242e-06 5.52403e-06 4.52437e-06 3.70448e-06 3.03227e-06 2.48132e-06 2.02991e-06 1.66017e-06 1.35743e-06 1.10961e-06 9.06804e-07 7.4089e-07 6.05192e-07 4.94236e-07 4.03533e-07 3.29406e-07 2.68839e-07 2.19364e-07 1.78958e-07 1.45967e-07 1.19035e-07 9.70545e-08 7.91186e-08 6.4486e-08 5.25507e-08 4.28173e-08 3.4881e-08 2.84112e-08 2.31378e-08 1.88403e-08 1.53388e-08 1.24862e-08 1.01626e-08 8.27031e-09 6.72943e-09 5.47491e-09 4.45368e-09 3.62247e-09 2.94602e-09 2.39559e-09 1.94777e-09 1.58348e-09 1.28716e-09 1.04618e-09 8.5022e-10 6.90888e-10 5.61355e-10 4.56059e-10 3.70475e-10 3.00921e-10 2.44401e-10 1.98477e-10 1.61166e-10 1.30857e-10 1.06238e-10 8.62427e-11 7.00044e-11 5.68184e-11 4.61121e-11 3.742e-11 3.03637e-11 2.46359e-11 1.9987e-11 1.62141e-11 1.31523e-11 1.06678e-11 8.65199e-12 7.01655e-12 5.68982e-12 4.61362e-12 3.7407e-12 3.03272e-12 2.45856e-12 1.99296e-12 1.61543e-12 1.30932e-12 1.06115e-12 8.59954e-13 6.96863e-13 5.64666e-13 4.57518e-13 3.70678e-13 3.00303e-13 2.43273e-13 1.97062e-13 1.5962e-13 1.29284e-13
0.000836231 7.06186e-05 5.82362e-05 4.79987e-05 3.95402e-05 3.25559e-05 2.67925e-05 2.20392e-05 1.81211e-05 1.48933e-05 1.22354e-05 1.00479e-05 8.24834e-06 6.7686e-06 5.55236e-06 4.55311e-06 3.73247e-06 3.05876e-06 2.50588e-06 2.05232e-06 1.68037e-06 1.37544e-06 1.12554e-06 9.20805e-07 7.53116e-07 6.15812e-07 5.03419e-07 4.11442e-07 3.36193e-07 2.74646e-07 2.24317e-07 1.83173e-07 1.49544e-07 1.22065e-07 9.96163e-08 8.12804e-08 6.63072e-08 5.40826e-08 4.41039e-08 3.59602e-08 2.93153e-08 2.38943e-08 1.94726e-08 1.58667e-08 1.29265e-08 1.05296e-08 8.57588e-09 6.98365e-09 5.68623e-09 4.62921e-09 3.76817e-09 3.06688e-09 2.49578e-09 2.03077e-09 1.65219e-09 1.34402e-09 1.0932e-09 8.89088e-10 7.22999e-10 5.8787e-10 4.77944e-10 3.8853e-10 3.1581e-10 2.56673e-10 2.08589e-10 1.69495e-10 1.37714e-10 1.11882e-10 9.08858e-11 7.38231e-11 5.9958e-11 4.86926e-11 3.95402e-11 3.21052e-11 2.6066e-11 2.1161e-11 1.71775e-11 1.39428e-11 1.13162e-11 9.18371e-12 7.45247e-12 6.04711e-12 4.90639e-12 3.98055e-12 3.22917e-12 2.61943e-12 2.12467e-12 1.72323e-12 1.39754e-12 1.13333e-12 9.19004e-13 7.45158e-13 6.04158e-13 4.89805e-13 3.97071e-13 3.21873e-13 2.60899e-13 2.11463e-13 1.71383e-13 1.38891e-13 1.12553e-13
0.000668985 5.73813e-05 4.73729e-05 3.90878e-05 3.22341e-05 2.65682e-05 2.18873e-05 1.80224e-05 1.48331e-05 1.22028e-05 1.00346e-05 8.24834e-06 6.77734e-06 5.56656e-06 4.57041e-06 3.75119e-06 3.07776e-06 2.52439e-06 2.06985e-06 1.69663e-06 1.39029e-06 1.13893e-06 9.32755e-07 7.63693e-07 6.25108e-07 5.1154e-07 4.185e-07 3.42299e-07 2.79907e-07 2.28835e-07 1.8704e-07 1.52845e-07 1.24875e-07 1.02002e-07 8.33025e-08 6.80175e-08 5.55264e-08 4.53209e-08 3.69843e-08 3.01758e-08 2.46165e-08 2.00779e-08 1.63734e-08 1.33503e-08 1.08836e-08 8.87126e-09 7.22992e-09 5.89138e-09 4.79996e-09 3.91017e-09 3.18489e-09 2.59378e-09 2.11209e-09 1.71963e-09 1.39992e-09 1.13951e-09 9.27417e-10 7.54712e-10 6.14095e-10 4.99619e-10 4.06437e-10 3.30596e-10 2.68877e-10 2.18657e-10 1.77798e-10 1.44558e-10 1.17521e-10 9.55309e-11 7.76478e-11 6.31061e-11 5.12828e-11 4.16707e-11 3.38571e-11 2.7506e-11 2.23443e-11 1.81496e-11 1.47411e-11 1.19717e-11 9.72174e-12 7.89397e-12 6.40932e-12 5.20346e-12 4.22414e-12 3.42886e-12 2.7831e-12 2.25877e-12 1.83309e-12 1.48752e-12 1.20701e-12 9.79328e-13 7.94535e-13 6.44567e-13 5.22868e-13 4.24118e-13 3.43995e-13 2.7899e-13 2.26254e-13 1.83474e-13 1.48774e-13 1.20629e-13 9.78018e-14
0.000535188 4.66141e-05 3.85264e-05 3.1823e-05 2.62709e-05 2.16756e-05 1.78748e-05 1.47331e-05 1.21377e-05 9.99497e-06 8.22683e-06 6.7686e-06 5.56656e-06 4.57618e-06 3.76057e-06 3.08919e-06 2.53678e-06 2.08243e-06 1.70889e-06 1.40191e-06 1.14971e-06 9.42604e-07 7.72578e-07 6.33042e-07 5.18566e-07 4.24678e-07 3.47699e-07 2.84602e-07 2.32899e-07 1.90543e-07 1.55854e-07 1.27452e-07 1.04203e-07 8.51767e-08 6.961e-08 5.68767e-08 4.64634e-08 3.79494e-08 3.09896e-08 2.53016e-08 2.06539e-08 1.6857e-08 1.37558e-08 1.12232e-08 9.15538e-09 7.46737e-09 6.08963e-09 4.96532e-09 4.04798e-09 3.29964e-09 2.68925e-09 2.19147e-09 1.78559e-09 1.45468e-09 1.18493e-09 9.65086e-10 7.85927e-10 6.39947e-10 5.21018e-10 4.2414e-10 3.45235e-10 2.80976e-10 2.28651e-10 1.8605e-10 1.5137e-10 1.2314e-10 1.00165e-10 8.14678e-11 6.62539e-11 5.38758e-11 4.38058e-11 3.56146e-11 2.89523e-11 2.3534e-11 1.9128e-11 1.55454e-11 1.26327e-11 1.02648e-11 8.34004e-12 6.7756e-12 5.50416e-12 4.47093e-12 3.63136e-12 2.9492e-12 2.395e-12 1.94479e-12 1.57908e-12 1.28205e-12 1.04081e-12 8.44902e-13 6.85819e-13 5.56648e-13 4.51773e-13 3.66632e-13 2.97515e-13 2.41412e-13 1.95875e-13 1.58917e-13 1.28923e-13 1.04584e-13 8.48342e-14
0.00042815 3.78586e-05 3.13244e-05 2.59018e-05 2.14052e-05 1.76791e-05 1.45937e-05 1.20405e-05 9.92904e-06 8.18392e-06 6.74242e-06 5.55236e-06 4.57041e-06 3.76057e-06 3.09301e-06 2.54298e-06 2.09e-06 1.71709e-06 1.41024e-06 1.15784e-06 9.50307e-07 7.79731e-07 6.3958e-07 5.24467e-07 4.2995e-07 3.5237e-07 2.88712e-07 2.36492e-07 1.93669e-07 1.58561e-07 1.29787e-07 1.0621e-07 8.68959e-08 7.10786e-08 5.8128e-08 4.75272e-08 3.88517e-08 3.17535e-08 2.59471e-08 2.11985e-08 1.73157e-08 1.41416e-08 1.15472e-08 9.42723e-09 7.69515e-09 6.28027e-09 5.12472e-09 4.18112e-09 3.41074e-09 2.78189e-09 2.26864e-09 1.84982e-09 1.5081e-09 1.22934e-09 1.00197e-09 8.16543e-10 6.65344e-10 5.42073e-10 4.41585e-10 3.59681e-10 2.92932e-10 2.38542e-10 1.94228e-10 1.58128e-10 1.28723e-10 1.04775e-10 8.52726e-11 6.93929e-11 5.64644e-11 4.59398e-11 3.73731e-11 3.04009e-11 2.47269e-11 2.011e-11 1.63535e-11 1.32975e-11 1.08116e-11 8.78959e-12 7.14511e-12 5.80779e-12 4.72035e-12 3.8362e-12 3.11739e-12 2.53305e-12 2.05808e-12 1.67203e-12 1.35829e-12 1.10333e-12 8.96162e-13 7.27835e-13 5.91081e-13 4.79986e-13 3.89743e-13 3.16444e-13 2.56911e-13 2.08564e-13 1.69303e-13 1.37424e-13 1.1154e-13 9.05246e-14 7.34641e-14
0.00034252 3.07407e-05 2.54627e-05 2.10772e-05 1.74362e-05 1.44156e-05 1.19116e-05 9.83717e-06 8.1198e-06 6.69891e-06 5.52403e-06 4.55311e-06 3.75119e-06 3.08919e-06 2.54298e-06 2.09252e-06 1.7212e-06 1.41526e-06 1.16328e-06 9.55834e-07 7.85123e-07 6.44694e-07 5.29217e-07 4.34294e-07 3.56293e-07 2.92218e-07 2.396e-07 1.96405e-07 1.60955e-07 1.3187e-07 1.08014e-07 8.8453e-08 7.24175e-08 5.92756e-08 4.8508e-08 3.96878e-08 3.24645e-08 2.65505e-08 2.17096e-08 1.77478e-08 1.45062e-08 1.18545e-08 9.68581e-09 7.91244e-09 6.46263e-09 5.27759e-09 4.30913e-09 3.51781e-09 2.87136e-09 2.34334e-09 1.91212e-09 1.56003e-09 1.27258e-09 1.03795e-09 8.46461e-10 6.90204e-10 5.62717e-10 4.58717e-10 3.73889e-10 3.0471e-10 2.48299e-10 2.02307e-10 1.64814e-10 1.34253e-10 1.09347e-10 8.9051e-11 7.2514e-11 5.90415e-11 4.80668e-11 3.91279e-11 3.18481e-11 2.592e-11 2.10932e-11 1.71635e-11 1.39646e-11 1.13607e-11 9.24154e-12 7.51695e-12 6.11362e-12 4.97183e-12 4.04292e-12 3.28727e-12 2.67263e-12 2.17272e-12 1.76617e-12 1.43557e-12 1.16676e-12 9.4821e-13 7.70534e-13 6.26102e-13 5.08703e-13 4.13286e-13 3.35741e-13 2.72725e-13 2.21521e-13 1.79917e-13 1.46116e-13 1.18657e-13 9.63519e-14 7.82341e-14 6.35188e-14
0.000274016 2.49556e-05 2.06932e-05 1.71472e-05 1.41996e-05 1.17515e-05 9.71976e-06 8.03476e-06 6.63828e-06 5.48169e-06 4.52437e-06 3.73247e-06 3.07776e-06 2.53678e-06 2.09e-06 1.7212e-06 1.41693e-06 1.166e-06 9.59159e-07 7.8873e-07 6.48362e-07 5.32798e-07 4.37692e-07 3.59451e-07 2.95107e-07 2.4221e-07 1.98738e-07 1.63024e-07 1.33692e-07 1.09609e-07 8.98419e-08 7.36214e-08 6.03149e-08 4.9402e-08 4.04544e-08 3.31201e-08 2.71096e-08 2.21852e-08 1.81516e-08 1.48484e-08 1.21439e-08 9.93016e-09 8.11844e-09 6.63605e-09 5.42338e-09 4.43153e-09 3.62047e-09 2.95735e-09 2.4153e-09 1.97228e-09 1.61027e-09 1.31451e-09 1.07291e-09 8.75583e-10 7.14447e-10 5.82883e-10 4.75481e-10 3.87816e-10 3.16271e-10 2.57892e-10 2.10262e-10 1.71407e-10 1.39714e-10 1.13868e-10 9.27922e-11 7.56084e-11 6.15997e-11 5.01808e-11 4.08741e-11 3.32898e-11 2.71099e-11 2.20749e-11 1.79732e-11 1.46321e-11 1.19108e-11 9.69475e-12 7.8902e-12 6.42093e-12 5.22476e-12 4.25104e-12 3.45846e-12 2.8134e-12 2.28846e-12 1.86129e-12 1.51373e-12 1.23097e-12 1.00094e-12 8.13827e-13 6.6164e-13 5.37868e-13 4.37216e-13 3.55371e-13 2.88824e-13 2.34721e-13 1.90739e-13 1.54986e-13 1.25926e-13 1.02307e-13 8.31121e-14 6.75139e-14 5.48392e-14
0.000219213 2.02549e-05 1.68134e-05 1.39467e-05 1.15611e-05 9.57735e-06 7.92918e-06 6.5608e-06 5.42554e-06 4.48432e-06 3.70448e-06 3.05876e-06 2.52439e-06 2.08243e-06 1.71709e-06 1.41526e-06 1.166e-06 9.60269e-07 7.90538e-07 6.50569e-07 5.35194e-07 4.40129e-07 3.61831e-07 2.97366e-07 2.44311e-07 2.00661e-07 1.64762e-07 1.35247e-07 1.10989e-07 9.10572e-08 7.46855e-08 6.12419e-08 5.02058e-08 4.11486e-08 3.37175e-08 2.76221e-08 2.26236e-08 1.85257e-08 1.51668e-08 1.24144e-08 1.01594e-08 8.31241e-09 6.7999e-09 5.56157e-09 4.54791e-09 3.71835e-09 3.03957e-09 2.48427e-09 2.03008e-09 1.65866e-09 1.35498e-09 1.10672e-09 9.03812e-10 7.37992e-10 6.02507e-10 4.91823e-10 4.01416e-10 3.27581e-10 2.67291e-10 2.18068e-10 1.77886e-10 1.4509e-10 1.18325e-10 9.64852e-11 7.8667e-11 6.41317e-11 5.22758e-11 4.26068e-11 3.47222e-11 2.82935e-11 2.30526e-11 1.87804e-11 1.52983e-11 1.24605e-11 1.01481e-11 8.26393e-12 6.72894e-12 5.47853e-12 4.46005e-12 3.63056e-12 2.95506e-12 2.40502e-12 1.95718e-12 1.5926e-12 1.29581e-12 1.05424e-12 8.57625e-13 6.97622e-13 5.67423e-13 4.61485e-13 3.75295e-13 3.05178e-13 2.48141e-13 2.01748e-13 1.64017e-13 1.33332e-13 1.08379e-13 8.80899e-14 7.15936e-14 5.81823e-14 4.728e-14
0.00017537 1.64363e-05 1.3658e-05 1.13411e-05 9.4106e-06 7.80353e-06 6.46681e-06 5.35582e-06 4.43313e-06 3.66737e-06 3.03227e-06 2.50588e-06 2.06985e-06 1.70889e-06 1.41024e-06 1.16328e-06 9.59159e-07 7.90538e-07 6.51306e-07 5.36394e-07 4.41595e-07 3.63423e-07 2.98987e-07 2.45894e-07 2.02165e-07 1.66161e-07 1.36528e-07 1.12147e-07 9.20938e-08 7.56056e-08 6.20528e-08 5.09162e-08 4.17677e-08 3.42546e-08 2.80861e-08 2.30231e-08 1.88685e-08 1.54602e-08 1.26648e-08 1.03727e-08 8.49363e-09 6.95359e-09 5.69166e-09 4.65785e-09 3.8111e-09 3.11772e-09 2.55003e-09 2.08534e-09 1.70504e-09 1.39386e-09 1.13928e-09 9.31054e-10 7.60763e-10 6.21523e-10 5.07691e-10 4.14645e-10 3.38603e-10 2.76467e-10 2.25702e-10 1.84233e-10 1.50363e-10 1.22703e-10 1.00119e-10 8.16809e-11 6.66301e-11 5.43459e-11 4.43211e-11 3.61412e-11 2.94675e-11 2.40234e-11 1.95829e-11 1.59614e-11 1.30082e-11 1.06003e-11 8.63718e-12 7.03689e-12 5.73251e-12 4.66944e-12 3.80314e-12 3.09725e-12 2.52214e-12 2.05362e-12 1.67198e-12 1.36114e-12 1.10798e-12 9.01833e-13 7.33973e-13 5.97305e-13 4.86044e-13 3.95474e-13 3.21754e-13 2.61754e-13 2.12926e-13 1.73192e-13 1.40862e-13 1.14558e-13 9.31589e-14 7.57512e-14 6.15917e-14 5.00752e-14 4.07091e-14
0.000140296 1.33349e-05 1.10926e-05 9.22024e-06 7.6584e-06 6.35674e-06 5.27285e-06 4.37104e-06 3.62129e-06 2.99842e-06 2.48132e-06 2.05232e-06 1.69663e-06 1.40191e-06 1.15784e-06 9.55834e-07 7.8873e-07 6.50569e-07 5.36394e-07 4.42085e-07 3.64221e-07 2.99962e-07 2.46953e-07 2.03244e-07 1.67215e-07 1.3753e-07 1.13079e-07 9.29477e-08 7.6378e-08 6.27445e-08 5.15304e-08 4.23092e-08 3.47291e-08 2.84999e-08 2.33822e-08 1.91789e-08 1.57276e-08 1.28944e-08 1.05692e-08 8.66145e-09 7.09654e-09 5.81318e-09 4.76095e-09 3.89841e-09 3.19152e-09 2.61232e-09 2.13785e-09 1.74923e-09 1.43101e-09 1.17048e-09 9.57217e-10 7.82683e-10 6.3987e-10 5.23032e-10 4.27462e-10 3.49302e-10 2.85391e-10 2.33139e-10 1.90427e-10 1.55518e-10 1.26991e-10 1.03683e-10 8.46411e-11 6.90876e-11 5.6385e-11 4.6012e-11 3.75427e-11 3.06286e-11 2.49849e-11 2.03787e-11 1.66197e-11 1.35526e-11 1.10503e-11 9.00899e-12 7.34398e-12 5.98605e-12 4.8787e-12 3.97578e-12 3.23964e-12 2.63954e-12 2.15039e-12 1.75171e-12 1.42681e-12 1.16206e-12 9.46353e-13 7.70613e-13 6.27452e-13 5.10841e-13 4.15865e-13 3.38518e-13 2.75534e-13 2.24249e-13 1.82495e-13 1.48503e-13 1.20832e-13 9.83099e-14 7.99793e-14 6.50614e-14 5.2922e-14 4.30444e-14 3.50077e-14
0.000112237 1.08167e-05 9.00715e-06 7.49443e-06 6.23109e-06 5.177e-06 4.29831e-06 3.56644e-06 2.95735e-06 2.45083e-06 2.02991e-06 1.68037e-06 1.39029e-06 1.14971e-06 9.50307e-07 7.85123e-07 6.48362e-07 5.35194e-07 4.41595e-07 3.64221e-07 3.00287e-07 2.47484e-07 2.03892e-07 1.6792e-07 1.38248e-07 1.13782e-07 9.36154e-08 7.69997e-08 6.33142e-08 5.20459e-08 4.27711e-08 3.51394e-08 2.88618e-08 2.36995e-08 1.94557e-08 1.59679e-08 1.31021e-08 1.07482e-08 8.81522e-09 7.22825e-09 5.92569e-09 4.85683e-09 3.97995e-09 3.26072e-09 2.67095e-09 2.18743e-09 1.7911e-09 1.46631e-09 1.2002e-09 9.82214e-10 8.0368e-10 6.57486e-10 5.37797e-10 4.39825e-10 3.59644e-10 2.94034e-10 2.40357e-10 1.96449e-10 1.60539e-10 1.31174e-10 1.07165e-10 8.75387e-11 7.14969e-11 5.8387e-11 4.76747e-11 3.89228e-11 3.17735e-11 2.59342e-11 2.11654e-11 1.72714e-11 1.40922e-11 1.14968e-11 9.37836e-12 7.64941e-12 6.23851e-12 5.08729e-12 4.14806e-12 3.38188e-12 2.75693e-12 2.24724e-12 1.83159e-12 1.49267e-12 1.21635e-12 9.91085e-13 8.07461e-13 6.57796e-13 5.35823e-13 4.36427e-13 3.55437e-13 2.89451e-13 2.35695e-13 1.91906e-13 1.56239e-13 1.2719e-13 1.03533e-13 8.42701e-14 6.85854e-14 5.58155e-14 4.54197e-14 3.69572e-14 3.00692e-14
8.97896e-05 8.77229e-06 7.31236e-06 6.0904e-06 5.0687e-06 4.21527e-06 3.50307e-06 2.90925e-06 2.41454e-06 2.00272e-06 1.66017e-06 1.37544e-06 1.13893e-06 9.42604e-07 7.79731e-07 6.44694e-07 5.32798e-07 4.40129e-07 3.63423e-07 2.99962e-07 2.47484e-07 2.04109e-07 1.68274e-07 1.3868e-07 1.14251e-07 9.40943e-08 7.74681e-08 6.37596e-08 5.24608e-08 4.31515e-08 3.54838e-08 2.91704e-08 2.39738e-08 1.96977e-08 1.61801e-08 1.32874e-08 1.09091e-08 8.9544e-09 7.34822e-09 6.02877e-09 4.94515e-09 4.05542e-09 3.32507e-09 2.72569e-09 2.23391e-09 1.83049e-09 1.49964e-09 1.22835e-09 1.00596e-09 8.23681e-10 6.74313e-10 5.51936e-10 4.51692e-10 3.69594e-10 3.02368e-10 2.47331e-10 2.0228e-10 1.6541e-10 1.3524e-10 1.10556e-10 9.0365e-11 7.38508e-11 6.03461e-11 4.93043e-11 4.02774e-11 3.28989e-11 2.68686e-11 2.19408e-11 1.79146e-11 1.46254e-11 1.19386e-11 9.74431e-12 7.95237e-12 6.48921e-12 5.29466e-12 4.31953e-12 3.5236e-12 2.87402e-12 2.34394e-12 1.91143e-12 1.55857e-12 1.27072e-12 1.03592e-12 8.44432e-13 6.8827e-13 5.60934e-13 4.57113e-13 3.72474e-13 3.03478e-13 2.4724e-13 2.01406e-13 1.64055e-13 1.33618e-13 1.0882e-13 8.86157e-14 7.2157e-14 5.87503e-14 4.78307e-14 3.89375e-14 3.16954e-14 2.57982e-14
7.18317e-05 7.113e-06 5.93532e-06 4.94842e-06 4.1223e-06 3.43146e-06 2.85432e-06 2.3726e-06 1.97087e-06 1.63613e-06 1.35743e-06 1.12554e-06 9.32755e-07 7.72578e-07 6.3958e-07 5.29217e-07 4.37692e-07 3.61831e-07 2.98987e-07 2.46953e-07 2.03892e-07 1.68274e-07 1.38824e-07 1.14487e-07 9.43824e-08 7.77815e-08 6.40791e-08 5.27735e-08 4.34489e-08 3.57609e-08 2.94246e-08 2.4204e-08 1.99041e-08 1.63636e-08 1.34493e-08 1.10512e-08 9.07845e-09 7.45601e-09 6.12206e-09 5.02559e-09 4.12457e-09 3.38434e-09 2.77636e-09 2.27712e-09 1.86726e-09 1.53087e-09 1.25483e-09 1.02837e-09 8.42621e-10 6.90294e-10 5.65403e-10 4.63025e-10 3.7912e-10 3.10367e-10 2.5404e-10 2.07901e-10 1.70116e-10 1.39175e-10 1.13845e-10 9.31111e-11 7.6142e-11 6.22564e-11 5.08958e-11 4.16025e-11 3.40015e-11 2.77854e-11 2.27028e-11 1.85475e-11 1.51508e-11 1.23746e-11 1.01058e-11 8.25204e-12 6.7375e-12 5.50028e-12 4.48974e-12 3.66444e-12 2.99051e-12 2.44026e-12 1.99103e-12 1.62433e-12 1.32503e-12 1.08077e-12 8.81441e-13 7.18805e-13 5.86119e-13 4.77879e-13 3.89591e-13 3.17583e-13 2.58861e-13 2.10977e-13 1.71935e-13 1.40105e-13 1.14158e-13 9.30075e-14 7.57694e-14 6.1721e-14 5.0273e-14 4.09451e-14 3.33451e-14 2.71537e-14 2.211e-14
5.74654e-05 5.76654e-06 4.81671e-06 4.01979e-06 3.35192e-06 2.79281e-06 2.3252e-06 1.9345e-06 1.60835e-06 1.33632e-06 1.10961e-06 9.20805e-07 7.63693e-07 6.33042e-07 5.24467e-07 4.34294e-07 3.59451e-07 2.97366e-07 2.45894e-07 2.03244e-07 1.6792e-07 1.3868e-07 1.14487e-07 9.44785e-08 7.79385e-08 6.42713e-08 5.29826e-08 4.36622e-08 3.59697e-08 2.96233e-08 2.43892e-08 2.0074e-08 1.65176e-08 1.35874e-08 1.11741e-08 9.18692e-09 7.55122e-09 6.20519e-09 5.09786e-09 4.18713e-09 3.43831e-09 2.82277e-09 2.31691e-09 1.9013e-09 1.55991e-09 1.27955e-09 1.04937e-09 8.60433e-10 7.05375e-10 5.78151e-10 4.73787e-10 3.88191e-10 3.18004e-10 2.60461e-10 2.13295e-10 1.74641e-10 1.42969e-10 1.17022e-10 9.57688e-11 7.83636e-11 6.41121e-11 5.24446e-11 4.28943e-11 3.5078e-11 2.86821e-11 2.34491e-11 1.91683e-11 1.56669e-11 1.28034e-11 1.0462e-11 8.54762e-12 6.98271e-12 5.7036e-12 4.65825e-12 3.80404e-12 3.10611e-12 2.53594e-12 2.0702e-12 1.68981e-12 1.37916e-12 1.1255e-12 9.18401e-13 7.49329e-13 6.11319e-13 4.98677e-13 4.0675e-13 3.31736e-13 2.70531e-13 2.20596e-13 1.79862e-13 1.46636e-13 1.19537e-13 9.74367e-14 7.94156e-14 6.47218e-14 5.27421e-14 4.29761e-14 3.50155e-14 2.85271e-14 2.3239e-14 1.89297e-14
4.59723e-05 4.67414e-06 3.90821e-06 3.26481e-06 2.72498e-06 2.27255e-06 1.89377e-06 1.57695e-06 1.31221e-06 1.09118e-06 9.06804e-07 7.53116e-07 6.25108e-07 5.18566e-07 4.2995e-07 3.56293e-07 2.95107e-07 2.44311e-07 2.02165e-07 1.67215e-07 1.38248e-07 1.14251e-07 9.43824e-08 7.79385e-08 6.43354e-08 5.30874e-08 4.37905e-08 3.61094e-08 2.97658e-08 2.45288e-08 2.02069e-08 1.66415e-08 1.37012e-08 1.12771e-08 9.2794e-09 7.63349e-09 6.27788e-09 5.16168e-09 4.24289e-09 3.48679e-09 2.86475e-09 2.35314e-09 1.93246e-09 1.58664e-09 1.30242e-09 1.06889e-09 8.77057e-10 7.19505e-10 5.90139e-10 4.8394e-10 3.96777e-10 3.25253e-10 2.66575e-10 2.18444e-10 1.78972e-10 1.46607e-10 1.20076e-10 9.83296e-11 8.05088e-11 6.59075e-11 5.3946e-11 4.41487e-11 3.61254e-11 2.95559e-11 2.41776e-11 1.97753e-11 1.61723e-11 1.32239e-11 1.08117e-11 8.83829e-12 7.22417e-12 5.90408e-12 4.82462e-12 3.94203e-12 3.22052e-12 2.63075e-12 2.14873e-12 1.75483e-12 1.43298e-12 1.17003e-12 9.55222e-13 7.79769e-13 6.36475e-13 5.19459e-13 4.23913e-13 3.45905e-13 2.82225e-13 2.30245e-13 1.8782e-13 1.53198e-13 1.24946e-13 1.01894e-13 8.30882e-14 6.77468e-14 5.5233e-14 4.50268e-14 3.67033e-14 2.99158e-14 2.43815e-14 1.98694e-14 1.61909e-14
3.67778e-05 3.78804e-06 3.1705e-06 2.65114e-06 2.21488e-06 1.84885e-06 1.54207e-06 1.28521e-06 1.07036e-06 8.90811e-07 7.4089e-07 6.15812e-07 5.1154e-07 4.24678e-07 3.5237e-07 2.92218e-07 2.4221e-07 2.00661e-07 1.66161e-07 1.3753e-07 1.13782e-07 9.40943e-08 7.77815e-08 6.42713e-08 5.30874e-08 4.38333e-08 3.61794e-08 2.98515e-08 2.46221e-08 2.03022e-08 1.67348e-08 1.37901e-08 1.13601e-08 9.35554e-09 7.70253e-09 6.33985e-09 5.21683e-09 4.29163e-09 3.5296e-09 2.90217e-09 2.38569e-09 1.96066e-09 1.61098e-09 1.32337e-09 1.08686e-09 8.92436e-10 7.32636e-10 6.01325e-10 4.93451e-10 4.04849e-10 3.32093e-10 2.7236e-10 2.2333e-10 1.83094e-10 1.5008e-10 1.22998e-10 1.00786e-10 8.25709e-11 6.7637e-11 5.53953e-11 4.53621e-11 3.71404e-11 3.04043e-11 2.48862e-11 2.03666e-11 1.66654e-11 1.36349e-11 1.1154e-11 9.12323e-12 7.46121e-12 6.10116e-12 4.98839e-12 4.07805e-12 3.33342e-12 2.72443e-12 2.22643e-12 1.81924e-12 1.48634e-12 1.21423e-12 9.91815e-13 8.10052e-13 6.61527e-13 5.40176e-13 4.41039e-13 3.60058e-13 2.93916e-13 2.399e-13 1.95791e-13 1.59776e-13 1.30373e-13 1.06371e-13 8.67796e-14 7.07898e-14 5.77409e-14 4.7093e-14 3.84052e-14 3.13174e-14 2.55354e-14 2.08191e-14 1.69724e-14 1.38353e-14
2.94223e-05 3.06942e-06 2.57161e-06 2.15243e-06 1.79993e-06 1.50385e-06 1.25543e-06 1.04722e-06 8.72895e-07 7.27068e-07 6.05192e-07 5.03419e-07 4.185e-07 3.47699e-07 2.88712e-07 2.396e-07 1.98738e-07 1.64762e-07 1.36528e-07 1.13079e-07 9.36154e-08 7.74681e-08 6.40791e-08 5.29826e-08 4.37905e-08 3.61794e-08 2.98802e-08 2.46689e-08 2.03595e-08 1.67973e-08 1.38538e-08 1.14225e-08 9.41506e-09 7.75808e-09 6.39086e-09 5.26311e-09 4.33317e-09 3.56659e-09 2.93487e-09 2.41442e-09 1.98578e-09 1.63284e-09 1.34231e-09 1.10322e-09 9.06517e-10 7.44722e-10 6.11672e-10 5.02288e-10 4.1238e-10 3.38498e-10 2.77798e-10 2.27939e-10 1.86994e-10 1.53376e-10 1.25779e-10 1.03129e-10 8.45433e-11 6.92954e-11 5.67882e-11 4.65308e-11 3.812e-11 3.12247e-11 2.55727e-11 2.09405e-11 1.71449e-11 1.40353e-11 1.1488e-11 9.40166e-12 7.69318e-12 6.29431e-12 5.14911e-12 4.21172e-12 3.44454e-12 2.81674e-12 2.30308e-12 1.88286e-12 1.53912e-12 1.25799e-12 1.02809e-12 8.40104e-13 6.86415e-13 5.60779e-13 4.58088e-13 3.74161e-13 3.05578e-13 2.4954e-13 2.03757e-13 1.66356e-13 1.35807e-13 1.10857e-13 9.0482e-14 7.38445e-14 6.02605e-14 4.91707e-14 4.0118e-14 3.2729e-14 2.66984e-14 2.17771e-14 1.77614e-14 1.44849e-14 1.18118e-14
2.35378e-05 2.48672e-06 2.08549e-06 1.74724e-06 1.46246e-06 1.22299e-06 1.02187e-06 8.53132e-07 7.11708e-07 5.93294e-07 4.94236e-07 4.11442e-07 3.42299e-07 2.84602e-07 2.36492e-07 1.96405e-07 1.63024e-07 1.35247e-07 1.12147e-07 9.29477e-08 7.69997e-08 6.37596e-08 5.27735e-08 4.36622e-08 3.61094e-08 2.98515e-08 2.46689e-08 2.03786e-08 1.68285e-08 1.38922e-08 1.14643e-08 9.45774e-09 7.79992e-09 6.43074e-09 5.30033e-09 4.36738e-09 3.59763e-09 2.96274e-09 2.43925e-09 2.00773e-09 1.65213e-09 1.35918e-09 1.11791e-09 9.19251e-10 7.55722e-10 6.21145e-10 5.10421e-10 4.19345e-10 3.44449e-10 2.82871e-10 2.32255e-10 1.90659e-10 1.56483e-10 1.28409e-10 1.05352e-10 8.642e-11 7.08775e-11 5.81202e-11 4.76511e-11 3.90612e-11 3.20146e-11 2.6235e-11 2.14955e-11 1.76094e-11 1.44237e-11 1.18126e-11 9.67276e-12 7.91942e-12 6.48298e-12 5.30635e-12 4.34268e-12 3.55355e-12 2.90743e-12 2.37849e-12 1.94552e-12 1.59117e-12 1.3012e-12 1.06395e-12 8.69849e-13 7.11076e-13 5.81217e-13 4.75019e-13 3.88181e-13 3.17183e-13 2.59142e-13 2.117e-13 1.72924e-13 1.41236e-13 1.15343e-13 9.41875e-14 7.69045e-14 6.27866e-14 5.12555e-14 4.18381e-14 3.41477e-14 2.78684e-14 2.27416e-14 1.85563e-14 1.51399e-14 1.23514e-14 1.00756e-14
1.88302e-05 2.01433e-06 1.69098e-06 1.41808e-06 1.18805e-06 9.94411e-07 8.31605e-07 6.94875e-07 5.80167e-07 4.8403e-07 4.03533e-07 3.36193e-07 2.79907e-07 2.32899e-07 1.93669e-07 1.60955e-07 1.33692e-07 1.10989e-07 9.20938e-08 7.6378e-08 6.33142e-08 5.24608e-08 4.34489e-08 3.59697e-08 2.97658e-08 2.46221e-08 2.03595e-08 1.68285e-08 1.39049e-08 1.14853e-08 9.48341e-09 7.8279e-09 6.45933e-09 5.32837e-09 4.39411e-09 3.62259e-09 2.98569e-09 2.46007e-09 2.02644e-09 1.6688e-09 1.37393e-09 1.13088e-09 9.30594e-10 7.65598e-10 6.2971e-10 5.17823e-10 4.25721e-10 3.49924e-10 2.87562e-10 2.36264e-10 1.94078e-10 1.59393e-10 1.30881e-10 1.07449e-10 8.8195e-11 7.23782e-11 5.93873e-11 4.87196e-11 3.99612e-11 3.27718e-11 2.68713e-11 2.20297e-11 1.80575e-11 1.47992e-11 1.2127e-11 9.93578e-12 8.13928e-12 6.66664e-12 5.45967e-12 4.47058e-12 3.66017e-12 2.99626e-12 2.45245e-12 2.00707e-12 1.64237e-12 1.34376e-12 1.09931e-12 8.99213e-13 7.35451e-13 6.0144e-13 4.9179e-13 4.02085e-13 3.28704e-13 2.68685e-13 2.19601e-13 1.79464e-13 1.46647e-13 1.19819e-13 9.7888e-14 7.9963e-14 6.53138e-14 5.3343e-14 4.35619e-14 3.55708e-14 2.90428e-14 2.37106e-14 1.93555e-14 1.57989e-14 1.28947e-14 1.05234e-14 8.58737e-15
1.50642e-05 1.63142e-06 1.37089e-06 1.15073e-06 9.6496e-07 8.08406e-07 6.7664e-07 5.65866e-07 4.72843e-07 3.94806e-07 3.29406e-07 2.74646e-07 2.28835e-07 1.90543e-07 1.58561e-07 1.3187e-07 1.09609e-07 9.10572e-08 7.56056e-08 6.27445e-08 5.20459e-08 4.31515e-08 3.57609e-08 2.96233e-08 2.45288e-08 2.03022e-08 1.67973e-08 1.38922e-08 1.14853e-08 9.49197e-09 7.84192e-09 6.47653e-09 5.34712e-09 4.41327e-09 3.6414e-09 3.00362e-09 2.47682e-09 2.04184e-09 1.68279e-09 1.3865e-09 1.14208e-09 9.40506e-10 7.74317e-10 6.37338e-10 5.24467e-10 4.31485e-10 3.54907e-10 2.91855e-10 2.39953e-10 1.97239e-10 1.62095e-10 1.33186e-10 1.09411e-10 8.98626e-11 7.37929e-11 6.05856e-11 4.9733e-11 4.08171e-11 3.34937e-11 2.74796e-11 2.25415e-11 1.84878e-11 1.51606e-11 1.24302e-11 1.01899e-11 8.35215e-12 6.84479e-12 5.60863e-12 4.59505e-12 3.7641e-12 3.08299e-12 2.52477e-12 2.06734e-12 1.69257e-12 1.38555e-12 1.13407e-12 9.28121e-13 7.59476e-13 6.21398e-13 5.08361e-13 4.15837e-13 3.40113e-13 2.78146e-13 2.27443e-13 1.85961e-13 1.52028e-13 1.24274e-13 1.01575e-13 8.30134e-14 6.78367e-14 5.54288e-14 4.52858e-14 3.69952e-14 3.02193e-14 2.46821e-14 2.01576e-14 1.64608e-14 1.34408e-14 1.09738e-14 8.95881e-15 7.31314e-15
1.20514e-05 1.3211e-06 1.11122e-06 9.33643e-07 7.83632e-07 6.57079e-07 5.50452e-07 4.60723e-07 3.85298e-07 3.21965e-07 2.68839e-07 2.24317e-07 1.8704e-07 1.55854e-07 1.29787e-07 1.08014e-07 8.98419e-08 7.46855e-08 6.20528e-08 5.15304e-08 4.27711e-08 3.54838e-08 2.94246e-08 2.43892e-08 2.02069e-08 1.67348e-08 1.38538e-08 1.14643e-08 9.48341e-09 7.84192e-09 6.48226e-09 5.35652e-09 4.4248e-09 3.65397e-09 3.01647e-09 2.48944e-09 2.05388e-09 1.69404e-09 1.39684e-09 1.15147e-09 9.48953e-10 7.81847e-10 6.44004e-10 5.30332e-10 4.36618e-10 3.59379e-10 2.95736e-10 2.43309e-10 2.00131e-10 1.64581e-10 1.35317e-10 1.11233e-10 9.14174e-11 7.5117e-11 6.17111e-11 5.06881e-11 4.16263e-11 3.41783e-11 2.8058e-11 2.30296e-11 1.88991e-11 1.55068e-11 1.27213e-11 1.04345e-11 8.55741e-12 7.01689e-12 5.75281e-12 4.71575e-12 3.86506e-12 3.16737e-12 2.59525e-12 2.12617e-12 1.74164e-12 1.42645e-12 1.16815e-12 9.56497e-13 7.8309e-13 6.41039e-13 5.2469e-13 4.29405e-13 3.51382e-13 2.87501e-13 2.35205e-13 1.924e-13 1.57367e-13 1.28698e-13 1.0524e-13 8.60488e-14 7.03495e-14 5.75083e-14 4.70061e-14 3.84179e-14 3.13955e-14 2.56542e-14 2.09607e-14 1.71242e-14 1.39886e-14 1.1426e-14 9.33199e-15 7.62103e-15 6.22319e-15
9.64109e-06 1.06966e-06 9.00592e-07 7.57388e-07 6.36274e-07 5.33989e-07 4.47719e-07 3.75047e-07 3.13902e-07 2.62511e-07 2.19364e-07 1.83173e-07 1.52845e-07 1.27452e-07 1.0621e-07 8.8453e-08 7.36214e-08 6.12419e-08 5.09162e-08 4.23092e-08 3.51394e-08 2.91704e-08 2.4204e-08 2.0074e-08 1.66415e-08 1.37901e-08 1.14225e-08 9.45774e-09 7.8279e-09 6.47653e-09 5.35652e-09 4.42865e-09 3.66027e-09 3.02421e-09 2.49788e-09 2.06251e-09 1.70251e-09 1.40493e-09 1.15903e-09 9.55904e-10 7.88163e-10 6.49684e-10 5.35397e-10 4.41103e-10 3.63327e-10 2.99192e-10 2.46321e-10 2.02746e-10 1.66842e-10 1.37266e-10 1.12909e-10 9.28546e-11 7.63463e-11 6.27604e-11 5.15819e-11 4.23863e-11 3.48235e-11 2.86047e-11 2.34923e-11 1.92901e-11 1.58368e-11 1.29995e-11 1.06688e-11 8.75445e-12 7.18246e-12 5.89181e-12 4.83233e-12 3.96276e-12 3.24918e-12 2.66369e-12 2.1834e-12 1.78944e-12 1.46637e-12 1.20146e-12 9.84268e-13 8.06234e-13 6.60315e-13 5.40736e-13 4.42755e-13 3.62483e-13 2.96727e-13 2.4287e-13 1.98765e-13 1.6265e-13 1.33081e-13 1.08875e-13 8.90623e-14 7.28467e-14 5.95769e-14 4.8719e-14 3.98358e-14 3.25688e-14 2.66248e-14 2.17633e-14 1.77877e-14 1.45369e-14 1.1879e-14 9.70617e-15 7.93e-15 6.47824e-15 5.29177e-15
7.71287e-06 8.65945e-07 7.29783e-07 6.14312e-07 5.16544e-07 4.33885e-07 3.64096e-07 3.05249e-07 2.55688e-07 2.13995e-07 1.78958e-07 1.49544e-07 1.24875e-07 1.04203e-07 8.68959e-08 7.24175e-08 6.03149e-08 5.02058e-08 4.17677e-08 3.47291e-08 2.88618e-08 2.39738e-08 1.99041e-08 1.65176e-08 1.37012e-08 1.13601e-08 9.41506e-09 7.79992e-09 6.45933e-09 5.34712e-09 4.4248e-09 3.66027e-09 3.02679e-09 2.5021e-09 2.0677e-09 1.70817e-09 1.41072e-09 1.16472e-09 9.61337e-10 7.93242e-10 6.54358e-10 5.39645e-10 4.44924e-10 3.66735e-10 3.02211e-10 2.48979e-10 2.05074e-10 1.68871e-10 1.39028e-10 1.14434e-10 9.41693e-11 7.74769e-11 6.37301e-11 5.24117e-11 4.30948e-11 3.54271e-11 2.91181e-11 2.39282e-11 1.96597e-11 1.61497e-11 1.3264e-11 1.0892e-11 8.9427e-12 7.34102e-12 6.02522e-12 4.94446e-12 4.05692e-12 3.32817e-12 2.72991e-12 2.23886e-12 1.83586e-12 1.50519e-12 1.2339e-12 1.01136e-12 8.28844e-13 6.79174e-13 5.56456e-13 4.55852e-13 3.73388e-13 3.05802e-13 2.50419e-13 2.05041e-13 1.67865e-13 1.37413e-13 1.12472e-13 9.20468e-14 7.53225e-14 6.16298e-14 5.04207e-14 4.12457e-14 3.37367e-14 2.75917e-14 2.25637e-14 1.84499e-14 1.50847e-14 1.2332e-14 1.00806e-14 8.23943e-15 6.73388e-15 5.50291e-15 4.49653e-15
