0.140327 0.0179762 0.00997094 0.00636975 0.00436336 0.00310471 0.00225982 0.00166889 0.00124454 0.000934389 0.00070491 0.00053364 0.000405011 0.000307962 0.00023449 0.000178727 0.000136323 0.000104032 7.9416e-05 6.06356e-05 4.62985e-05 3.53478e-05 2.69799e-05 2.05824e-05 1.56882e-05 1.19402e-05 9.06531e-06 6.85413e-06 5.14557e-06 3.81522e-06 2.91118e-06
0.0179762 0.00313358 0.00153352 0.000864774 0.000529182 0.000340785 0.000226973 0.000154723 0.000107247 7.5269e-05 5.33326e-05 3.80744e-05 2.7346e-05 1.97378e-05 1.43047e-05 1.04028e-05 7.58733e-06 5.54765e-06 4.06498e-06 2.98406e-06 2.19403e-06 1.6153e-06 1.19048e-06 8.78049e-07 6.47835e-07 4.77862e-07 3.52075e-07 2.58713e-07 1.89144e-07 1.37029e-07 1.01833e-07
0.00997094 0.00153352 0.000686419 0.000372394 0.000224287 0.000143456 9.52472e-05 6.4829e-05 4.49024e-05 3.15022e-05 2.23179e-05 1.59324e-05 1.14437e-05 8.26062e-06 5.98756e-06 4.35499e-06 3.17685e-06 2.32324e-06 1.70265e-06 1.25016e-06 9.19396e-07 6.77069e-07 4.99178e-07 3.68345e-07 2.7195e-07 2.00796e-07 1.48166e-07 1.09136e-07 8.00965e-08 5.8623e-08 4.3565e-08
0.00636975 0.000864774 0.000372394 0.000198885 0.000119062 7.59274e-05 5.03092e-05 3.41835e-05 2.3639e-05 1.656e-05 1.17157e-05 8.35275e-06 5.99213e-06 4.32046e-06 3.12824e-06 2.27301e-06 1.65654e-06 1.21037e-06 8.86326e-07 6.50284e-07 4.77898e-07 3.51714e-07 2.59162e-07 1.91151e-07 1.41084e-07 1.04161e-07 7.68768e-08 5.66669e-08 4.16824e-08 3.05041e-08 2.26566e-08
0.00436336 0.000529182 0.000224287 0.000119062 7.10793e-05 4.52323e-05 2.99086e-05 2.02799e-05 1.39959e-05 9.78568e-06 6.91043e-06 4.91837e-06 3.52269e-06 2.53612e-06 1.8337e-06 1.33063e-06 9.68553e-07 7.06865e-07 5.17061e-07 3.78975e-07 2.78247e-07 2.04598e-07 1.50636e-07 1.11023e-07 8.1891e-08 6.04276e-08 4.45831e-08 3.28632e-08 2.41645e-08 1.76803e-08 1.31234e-08
0.00310471 0.000340785 0.000143456 7.59274e-05 4.52323e-05 2.87218e-05 1.89489e-05 1.282e-05 8.82877e-06 6.16054e-06 4.3423e-06 3.08516e-06 2.20611e-06 1.58586e-06 1.14502e-06 8.29793e-07 6.03255e-07 4.39757e-07 3.21328e-07 2.35275e-07 1.72577e-07 1.26784e-07 9.32676e-08 6.86876e-08 5.06282e-08 3.7335e-08 2.75314e-08 2.02837e-08 1.49087e-08 1.09055e-08 8.08972e-09
0.00225982 0.000226973 9.52472e-05 5.03092e-05 2.99086e-05 1.89489e-05 1.2473e-05 8.42018e-06 5.78678e-06 4.03016e-06 2.83563e-06 2.01137e-06 1.43607e-06 1.03086e-06 7.43311e-07 5.38012e-07 3.9068e-07 2.84488e-07 2.07663e-07 1.51905e-07 1.11324e-07 8.17153e-08 6.00653e-08 4.42026e-08 3.25583e-08 2.39945e-08 1.76836e-08 1.30218e-08 9.56744e-09 6.99678e-09 5.18718e-09
0.00166889 0.000154723 6.4829e-05 3.41835e-05 2.02799e-05 1.282e-05 8.42018e-06 5.67246e-06 3.89088e-06 2.70494e-06 1.90006e-06 1.3457e-06 9.59441e-07 6.87811e-07 4.95348e-07 3.58126e-07 2.59777e-07 1.88977e-07 1.37814e-07 1.00721e-07 7.37519e-08 5.40937e-08 3.97323e-08 2.9219e-08 2.15078e-08 1.5841e-08 1.16682e-08 8.58808e-09 6.30748e-09 4.61168e-09 3.41709e-09
0.00124454 0.000107247 4.49024e-05 2.3639e-05 1.39959e-05 8.82877e-06 5.78678e-06 3.89088e-06 2.66409e-06 1.84902e-06 1.29686e-06 9.17196e-07 6.5308e-07 4.67618e-07 3.36389e-07 2.42945e-07 1.76053e-07 1.27952e-07 9.3229e-08 6.80801e-08 4.98121e-08 3.65081e-08 2.67969e-08 1.96934e-08 1.44872e-08 1.06641e-08 7.8509e-09 5.77585e-09 4.24054e-09 3.09977e-09 2.29565e-09
0.000934389 7.5269e-05 3.15022e-05 1.656e-05 9.78568e-06 6.16054e-06 4.03016e-06 2.70494e-06 1.84902e-06 1.28138e-06 8.97468e-07 6.33906e-07 4.50823e-07 3.22436e-07 2.31707e-07 1.67179e-07 1.21036e-07 8.78908e-08 6.39874e-08 4.66906e-08 3.41372e-08 2.50025e-08 1.83399e-08 1.34699e-08 9.90327e-09 7.28593e-09 5.36127e-09 3.94257e-09 2.89359e-09 2.11473e-09 1.56539e-09
0.00070491 5.33326e-05 2.23179e-05 1.17157e-05 6.91043e-06 4.3423e-06 2.83563e-06 1.90006e-06 1.29686e-06 8.97468e-07 6.27768e-07 4.42878e-07 3.14616e-07 2.24785e-07 1.61376e-07 1.16328e-07 8.41487e-08 6.10553e-08 4.44164e-08 3.23866e-08 2.36629e-08 1.73198e-08 1.26967e-08 9.31984e-09 6.84833e-09 5.03583e-09 3.70385e-09 2.72263e-09 1.99759e-09 1.45961e-09 1.07996e-09
0.00053364 3.80744e-05 1.59324e-05 8.35275e-06 4.91837e-06 3.08516e-06 2.01137e-06 1.3457e-06 9.17196e-07 6.33906e-07 4.42878e-07 3.12094e-07 2.21479e-07 1.58087e-07 1.1339e-07 8.16677e-08 5.90289e-08 4.27969e-08 3.11115e-08 2.26699e-08 1.65528e-08 1.21083e-08 8.87114e-09 6.50821e-09 4.77985e-09 3.51311e-09 2.58276e-09 1.89781e-09 1.39199e-09 1.01692e-09 7.52091e-10
0.000405011 2.7346e-05 1.14437e-05 5.99213e-06 3.52269e-06 2.20611e-06 1.43607e-06 9.59441e-07 6.5308e-07 4.50823e-07 3.14616e-07 2.21479e-07 1.57021e-07 1.11977e-07 8.0249e-08 5.7752e-08 4.17113e-08 3.02198e-08 2.19538e-08 1.59867e-08 1.16659e-08 8.52866e-09 6.24512e-09 4.57928e-09 3.36154e-09 2.46956e-09 1.8148e-09 1.33303e-09 9.77453e-10 7.13951e-10 5.27806e-10
0.000307962 1.97378e-05 8.26062e-06 4.32046e-06 2.53612e-06 1.58586e-06 1.03086e-06 6.87811e-07 4.67618e-07 3.22436e-07 2.24785e-07 1.58087e-07 1.11977e-07 7.97872e-08 5.71343e-08 4.10863e-08 2.96535e-08 2.14696e-08 1.55871e-08 1.13437e-08 8.27303e-09 6.0449e-09 4.42409e-09 3.24241e-09 2.37907e-09 1.74703e-09 1.28333e-09 9.42315e-10 6.90767e-10 5.04463e-10 3.72792e-10
0.00023449 1.43047e-05 5.98756e-06 3.12824e-06 1.8337e-06 1.14502e-06 7.43311e-07 4.95348e-07 3.36389e-07 2.31707e-07 1.61376e-07 1.1339e-07 8.0249e-08 5.71343e-08 4.08822e-08 2.93784e-08 2.11893e-08 1.53316e-08 1.11242e-08 8.09111e-09 5.89771e-09 4.30709e-09 3.15069e-09 2.30806e-09 1.69276e-09 1.24253e-09 9.12392e-10 6.69723e-10 4.90811e-10 3.58377e-10 2.64738e-10
0.000178727 1.04028e-05 4.35499e-06 2.27301e-06 1.33063e-06 8.29793e-07 5.38012e-07 3.58126e-07 2.42945e-07 1.67179e-07 1.16328e-07 8.16677e-08 5.7752e-08 4.10863e-08 2.93784e-08 2.10975e-08 1.5207e-08 1.09965e-08 7.9742e-09 5.79685e-09 4.22322e-09 3.08269e-09 2.25397e-09 1.65043e-09 1.20994e-09 8.87779e-10 6.5166e-10 4.78185e-10 3.50352e-10 2.55777e-10 1.88878e-10
0.000136323 7.58733e-06 3.17685e-06 1.65654e-06 9.68553e-07 6.03255e-07 3.9068e-07 2.59777e-07 1.76053e-07 1.21036e-07 8.41487e-08 5.90289e-08 4.17113e-08 2.96535e-08 2.11893e-08 1.5207e-08 1.09546e-08 7.91701e-09 5.73796e-09 4.16907e-09 3.03583e-09 2.21493e-09 1.61877e-09 1.18481e-09 8.68242e-10 6.36823e-10 4.67289e-10 3.42789e-10 2.5109e-10 1.83282e-10 1.35298e-10
0.000104032 5.54765e-06 2.32324e-06 1.21037e-06 7.06865e-07 4.39757e-07 2.84488e-07 1.88977e-07 1.27952e-07 8.78908e-08 6.10553e-08 4.27969e-08 3.02198e-08 2.14696e-08 1.53316e-08 1.09965e-08 7.91701e-09 5.7186e-09 4.1425e-09 3.00837e-09 2.18961e-09 1.59682e-09 1.16653e-09 8.53459e-10 6.25183e-10 4.58383e-10 3.36241e-10 2.46585e-10 1.80578e-10 1.31794e-10 9.72576e-11
7.9416e-05 4.06498e-06 1.70265e-06 8.86326e-07 5.17061e-07 3.21328e-07 2.07663e-07 1.37814e-07 9.3229e-08 6.39874e-08 4.44164e-08 3.11115e-08 2.19538e-08 1.55871e-08 1.11242e-08 7.9742e-09 5.73796e-09 4.1425e-09 2.99932e-09 2.17715e-09 1.5839e-09 1.1546e-09 8.43132e-10 6.16616e-10 4.51522e-10 3.30941e-10 2.42681e-10 1.77921e-10 1.30266e-10 9.50598e-11 7.01277e-11
6.06356e-05 2.98406e-06 1.25016e-06 6.50284e-07 3.78975e-07 2.35275e-07 1.51905e-07 1.00721e-07 6.80801e-08 4.66906e-08 3.23866e-08 2.26699e-08 1.59867e-08 1.13437e-08 8.09111e-09 5.79685e-09 4.16907e-09 3.00837e-09 2.17715e-09 1.57964e-09 1.14872e-09 8.3703e-10 6.1099e-10 4.46675e-10 3.26967e-10 2.39569e-10 1.75623e-10 1.28724e-10 9.42249e-11 6.87503e-11 5.07032e-11
4.62985e-05 2.19403e-06 9.19396e-07 4.77898e-07 2.78247e-07 1.72577e-07 1.11324e-07 7.37519e-08 4.98121e-08 3.41372e-08 2.36629e-08 1.65528e-08 1.16659e-08 8.27303e-09 5.89771e-09 4.22322e-09 3.03583e-09 2.18961e-09 1.5839e-09 1.14872e-09 8.35012e-10 6.08204e-10 4.43793e-10 3.24327e-10 2.37327e-10 1.73835e-10 1.27398e-10 9.33522e-11 6.83189e-11 4.98418e-11 3.67475e-11
3.53478e-05 1.6153e-06 6.77069e-07 3.51714e-07 2.04598e-07 1.26784e-07 8.17153e-08 5.40937e-08 3.65081e-08 2.50025e-08 1.73198e-08 1.21083e-08 8.52866e-09 6.0449e-09 4.30709e-09 3.08269e-09 2.21493e-09 1.59682e-09 1.1546e-09 8.3703e-10 6.08204e-10 4.42837e-10 3.23013e-10 2.3598e-10 1.72623e-10 1.26402e-10 9.26096e-11 6.78439e-11 4.96409e-11 3.62108e-11 2.66901e-11
2.69799e-05 1.19048e-06 4.99178e-07 2.59162e-07 1.50636e-07 9.32676e-08 6.00653e-08 3.97323e-08 2.67969e-08 1.83399e-08 1.26967e-08 8.87114e-09 6.24512e-09 4.42409e-09 3.15069e-09 2.25397e-09 1.61877e-09 1.16653e-09 8.43132e-10 6.1099e-10 4.43793e-10 3.23013e-10 2.3553e-10 1.72012e-10 1.2579e-10 9.20824e-11 6.74467e-11 4.93982e-11 3.61373e-11 2.63574e-11 1.94222e-11
2.05824e-05 8.78049e-07 3.68345e-07 1.91151e-07 1.11023e-07 6.86876e-08 4.42026e-08 2.9219e-08 1.96934e-08 1.34699e-08 9.31984e-09 6.50821e-09 4.57928e-09 3.24241e-09 2.30806e-09 1.65043e-09 1.18481e-09 8.53459e-10 6.16616e-10 4.46675e-10 3.24327e-10 2.3598e-10 1.72012e-10 1.25584e-10 9.18109e-11 6.71896e-11 4.92009e-11 3.60267e-11 2.63505e-11 1.9217e-11 1.41569e-11
1.56882e-05 6.47835e-07 2.7195e-07 1.41084e-07 8.1891e-08 5.06282e-08 3.25583e-08 2.15078e-08 1.44872e-08 9.90327e-09 6.84833e-09 4.77985e-09 3.36154e-09 2.37907e-09 1.69276e-09 1.20994e-09 8.68242e-10 6.25183e-10 4.51522e-10 3.26967e-10 2.37327e-10 1.72623e-10 1.2579e-10 9.18109e-11 6.71012e-11 4.90932e-11 3.59406e-11 2.63112e-11 1.9241e-11 1.40306e-11 1.03336e-11
1.19402e-05 4.77862e-07 2.00796e-07 1.04161e-07 6.04276e-08 3.7335e-08 2.39945e-08 1.5841e-08 1.06641e-08 7.28593e-09 5.03583e-09 3.51311e-09 2.46956e-09 1.74703e-09 1.24253e-09 8.87779e-10 6.36823e-10 4.58383e-10 3.30941e-10 2.39569e-10 1.73835e-10 1.26402e-10 9.20824e-11 6.71896e-11 4.90932e-11 3.5909e-11 2.62825e-11 1.92368e-11 1.40652e-11 1.02553e-11 7.55136e-12
9.06531e-06 3.52075e-07 1.48166e-07 7.68768e-08 4.45831e-08 2.75314e-08 1.76836e-08 1.16682e-08 7.8509e-09 5.36127e-09 3.70385e-09 2.58276e-09 1.8148e-09 1.28333e-09 9.12392e-10 6.5166e-10 4.67289e-10 3.36241e-10 2.42681e-10 1.75623e-10 1.27398e-10 9.26096e-11 6.74467e-11 4.92009e-11 3.59406e-11 2.62825e-11 1.92325e-11 1.4074e-11 1.02888e-11 7.50114e-12 5.52215e-12
6.85413e-06 2.58713e-07 1.09136e-07 5.66669e-08 3.28632e-08 2.02837e-08 1.30218e-08 8.58808e-09 5.77585e-09 3.94257e-09 2.72263e-09 1.89781e-09 1.33303e-09 9.42315e-10 6.69723e-10 4.78185e-10 3.42789e-10 2.46585e-10 1.77921e-10 1.28724e-10 9.33522e-11 6.78439e-11 4.93982e-11 3.60267e-11 2.63112e-11 1.92368e-11 1.4074e-11 1.02974e-11 7.52687e-12 5.48705e-12 4.03865e-12
5.14557e-06 1.89144e-07 8.00965e-08 4.16824e-08 2.41645e-08 1.49087e-08 9.56744e-09 6.30748e-09 4.24054e-09 2.89359e-09 1.99759e-09 1.39199e-09 9.77453e-10 6.90767e-10 4.90811e-10 3.50352e-10 2.5109e-10 1.80578e-10 1.30266e-10 9.42249e-11 6.83189e-11 4.96409e-11 3.61373e-11 2.63505e-11 1.9241e-11 1.40652e-11 1.02888e-11 7.52687e-12 5.50116e-12 4.01004e-12 2.95107e-12
3.81522e-06 1.37029e-07 5.8623e-08 3.05041e-08 1.76803e-08 1.09055e-08 6.99678e-09 4.61168e-09 3.09977e-09 2.11473e-09 1.45961e-09 1.01692e-09 7.13951e-10 5.04463e-10 3.58377e-10 2.55777e-10 1.83282e-10 1.31794e-10 9.50598e-11 6.87503e-11 4.98418e-11 3.62108e-11 2.63574e-11 1.9217e-11 1.40306e-11 1.02553e-11 7.50114e-12 5.48705e-12 4.01004e-12 2.92298e-12 2.15086e-12
2.91118e-06 1.01833e-07 4.3565e-08 2.26566e-08 1.31234e-08 8.08972e-09 5.18718e-09 3.41709e-09 2.29565e-09 1.56539e-09 1.07996e-09 7.52091e-10 5.27806e-10 3.72792e-10 2.64738e-10 1.88878e-10 1.35298e-10 9.72576e-11 7.01277e-11 5.07032e-11 3.67475e-11 2.66901e-11 1.94222e-11 1.41569e-11 1.03336e-11 7.55136e-12 5.52215e-12 4.03865e-12 2.95107e-12 2.15086e-12 1.58236e-12
