0.988415 0.00052009 0.000471141 0.000426798 0.000386629 0.00035024 0.000317276 0.000287415 0.000260364 0.000235859 0.000213661 0.000193552 0.000175335 0.000158833 0.000143884 0.000130342 0.000118074 0.000106962 9.68945e-05 8.77751e-05 7.95139e-05 7.20302e-05 6.52509e-05 5.91096e-05 5.35464e-05 4.85067e-05 4.39414e-05 3.98057e-05 3.60593e-05 3.26655e-05 2.95911e-05 2.6806e-05 2.42831e-05 2.19977e-05 1.99273e-05 1.80518e-05 1.63528e-05 1.48137e-05 1.34195e-05 1.21565e-05 1.10123e-05 9.97587e-06 9.03696e-06 8.18643e-06 7.41594e-06 6.71797e-06 6.08569e-06 5.51292e-06 4.99405e-06 4.52403e-06 4.09824e-06 3.71252e-06 3.36311e-06 3.04658e-06 2.75984e-06 2.50009e-06 2.26479e-06 2.05163e-06 1.85854e-06 1.68362e-06 1.52516e-06 1.38161e-06 1.25158e-06 1.13378e-06 1.02707e-06 9.30409e-07 8.42841e-07 7.63515e-07 6.91655e-07 6.26558e-07 5.67588e-07 5.14168e-07 4.65775e-07 4.21938e-07 3.82226e-07 3.46252e-07 3.13663e-07 2.84142e-07 2.57399e-07 2.33173e-07 2.11228e-07 1.91347e-07 1.73338e-07 1.57024e-07 1.42245e-07 1.28858e-07 1.1673e-07 1.05743e-07 9.57911e-08 8.67755e-08 7.86084e-08 7.121e-08 6.45078e-08 5.84365e-08 5.29366e-08 4.79543e-08 4.3441e-08 3.93524e-08 3.56487e-08 3.22935e-08 2.92541e-08
0.00052009 4.52676e-06 4.10935e-06 3.73041e-06 3.38639e-06 3.07409e-06 2.79058e-06 2.5332e-06 2.29955e-06 2.08744e-06 1.89489e-06 1.7201e-06 1.56142e-06 1.41737e-06 1.28661e-06 1.1679e-06 1.06015e-06 9.62327e-07 8.7353e-07 7.92923e-07 7.19752e-07 6.5333e-07 5.93036e-07 5.38304e-07 4.88621e-07 4.43522e-07 4.02584e-07 3.65423e-07 3.31691e-07 3.01071e-07 2.73277e-07 2.48048e-07 2.25147e-07 2.0436e-07 1.85491e-07 1.68364e-07 1.52818e-07 1.38706e-07 1.25897e-07 1.14271e-07 1.03718e-07 9.41388e-08 8.54442e-08 7.75524e-08 7.03892e-08 6.38874e-08 5.7986e-08 5.26295e-08 4.77676e-08 4.33547e-08 3.93494e-08 3.57139e-08 3.24142e-08 2.94193e-08 2.6701e-08 2.42338e-08 2.19944e-08 1.99619e-08 1.81172e-08 1.64429e-08 1.49233e-08 1.35441e-08 1.22923e-08 1.11561e-08 1.01249e-08 9.18905e-09 8.33964e-09 7.56872e-09 6.86904e-09 6.23402e-09 5.65769e-09 5.13462e-09 4.6599e-09 4.22905e-09 3.83802e-09 3.48314e-09 3.16106e-09 2.86876e-09 2.60347e-09 2.36271e-09 2.14421e-09 1.94591e-09 1.76594e-09 1.60261e-09 1.45438e-09 1.31986e-09 1.19778e-09 1.08698e-09 9.86432e-10 8.95182e-10 8.12369e-10 7.37216e-10 6.69013e-10 6.07117e-10 5.50947e-10 4.99971e-10 4.53711e-10 4.1173e-10 3.73632e-10 3.39058e-10 3.07683e-10
0.000471141 4.10935e-06 3.73048e-06 3.38653e-06 3.07427e-06 2.7908e-06 2.53345e-06 2.29983e-06 2.08774e-06 1.8952e-06 1.72041e-06 1.56173e-06 1.41768e-06 1.28691e-06 1.1682e-06 1.06044e-06 9.62613e-07 8.73807e-07 7.93191e-07 7.20009e-07 6.53576e-07 5.9327e-07 5.38527e-07 4.88833e-07 4.43723e-07 4.02774e-07 3.65602e-07 3.3186e-07 3.01231e-07 2.73427e-07 2.48189e-07 2.25279e-07 2.04484e-07 1.85607e-07 1.68472e-07 1.52919e-07 1.38801e-07 1.25985e-07 1.14353e-07 1.03794e-07 9.421e-08 8.55105e-08 7.7614e-08 7.04464e-08 6.39405e-08 5.80353e-08 5.26752e-08 4.781e-08 4.3394e-08 3.93857e-08 3.57476e-08 3.24454e-08 2.94481e-08 2.67276e-08 2.42584e-08 2.20172e-08 1.99829e-08 1.81366e-08 1.64608e-08 1.49398e-08 1.35593e-08 1.23063e-08 1.11691e-08 1.01369e-08 9.20004e-09 8.34977e-09 7.57805e-09 6.87763e-09 6.24193e-09 5.66497e-09 5.14132e-09 4.66605e-09 4.23471e-09 3.84323e-09 3.48793e-09 3.16546e-09 2.8728e-09 2.60719e-09 2.36613e-09 2.14734e-09 1.94879e-09 1.76858e-09 1.60504e-09 1.45661e-09 1.3219e-09 1.19965e-09 1.0887e-09 9.88012e-10 8.96631e-10 8.13699e-10 7.38435e-10 6.7013e-10 6.08142e-10 5.51886e-10 5.00833e-10 4.545e-10 4.12453e-10 3.74295e-10 3.39665e-10 3.08239e-10 2.7972e-10
0.000426798 3.73041e-06 3.38653e-06 3.07434e-06 2.79091e-06 2.53361e-06 2.30001e-06 2.08795e-06 1.89542e-06 1.72065e-06 1.56198e-06 1.41794e-06 1.28717e-06 1.16846e-06 1.06069e-06 9.62862e-07 8.7405e-07 7.93426e-07 7.20237e-07 6.53796e-07 5.93481e-07 5.38729e-07 4.89026e-07 4.43906e-07 4.02948e-07 3.65768e-07 3.32016e-07 3.01378e-07 2.73566e-07 2.4832e-07 2.25403e-07 2.046e-07 1.85716e-07 1.68574e-07 1.53014e-07 1.3889e-07 1.26069e-07 1.14431e-07 1.03867e-07 9.42776e-08 8.55734e-08 7.76726e-08 7.05009e-08 6.39912e-08 5.80823e-08 5.27189e-08 4.78505e-08 4.34316e-08 3.94206e-08 3.57798e-08 3.24752e-08 2.94758e-08 2.67532e-08 2.4282e-08 2.2039e-08 2.00032e-08 1.81553e-08 1.64781e-08 1.49557e-08 1.3574e-08 1.23199e-08 1.11816e-08 1.01484e-08 9.21069e-09 8.35958e-09 7.58709e-09 6.88596e-09 6.2496e-09 5.67203e-09 5.14782e-09 4.67204e-09 4.24022e-09 3.8483e-09 3.49259e-09 3.16975e-09 2.87674e-09 2.61081e-09 2.36945e-09 2.1504e-09 1.9516e-09 1.77116e-09 1.60741e-09 1.45879e-09 1.3239e-09 1.20149e-09 1.09039e-09 9.89557e-10 8.98048e-10 8.14999e-10 7.39627e-10 6.71224e-10 6.09145e-10 5.52806e-10 5.01676e-10 4.55273e-10 4.13162e-10 3.74944e-10 3.40261e-10 3.08784e-10 2.80219e-10 2.54296e-10
0.000386629 3.38639e-06 3.07427e-06 2.79091e-06 2.53366e-06 2.3001e-06 2.08807e-06 1.89557e-06 1.72082e-06 1.56216e-06 1.41813e-06 1.28738e-06 1.16867e-06 1.0609e-06 9.63072e-07 8.74258e-07 7.93631e-07 7.20436e-07 6.53989e-07 5.93669e-07 5.3891e-07 4.89199e-07 4.44072e-07 4.03107e-07 3.65918e-07 3.3216e-07 3.01514e-07 2.73695e-07 2.48442e-07 2.25517e-07 2.04708e-07 1.85817e-07 1.68669e-07 1.53104e-07 1.38974e-07 1.26147e-07 1.14504e-07 1.03935e-07 9.43416e-08 8.56331e-08 7.77282e-08 7.05527e-08 6.40394e-08 5.81271e-08 5.27605e-08 4.78892e-08 4.34675e-08 3.94539e-08 3.58108e-08 3.25039e-08 2.95023e-08 2.67778e-08 2.43048e-08 2.20601e-08 2.00227e-08 1.81733e-08 1.64947e-08 1.49711e-08 1.35882e-08 1.2333e-08 1.11937e-08 1.01596e-08 9.221e-09 8.36908e-09 7.59585e-09 6.89404e-09 6.25704e-09 5.67888e-09 5.15413e-09 4.67785e-09 4.24557e-09 3.85322e-09 3.49712e-09 3.17392e-09 2.88057e-09 2.61433e-09 2.37269e-09 2.15338e-09 1.95433e-09 1.77368e-09 1.60972e-09 1.46091e-09 1.32585e-09 1.20328e-09 1.09203e-09 9.91066e-10 8.99433e-10 8.1627e-10 7.40793e-10 6.72294e-10 6.10127e-10 5.53706e-10 5.02501e-10 4.5603e-10 4.13856e-10 3.7558e-10 3.40844e-10 3.09319e-10 2.80709e-10 2.54744e-10 2.31181e-10
0.00035024 3.07409e-06 2.7908e-06 2.53361e-06 2.3001e-06 2.08811e-06 1.89565e-06 1.72092e-06 1.56229e-06 1.41827e-06 1.28753e-06 1.16883e-06 1.06107e-06 9.63244e-07 8.74431e-07 7.93804e-07 7.20607e-07 6.54158e-07 5.93833e-07 5.39069e-07 4.89353e-07 4.44221e-07 4.03249e-07 3.66055e-07 3.3229e-07 3.01638e-07 2.73813e-07 2.48553e-07 2.25623e-07 2.04808e-07 1.85912e-07 1.68758e-07 1.53187e-07 1.39052e-07 1.26221e-07 1.14573e-07 1.04e-07 9.44019e-08 8.56895e-08 7.77808e-08 7.06018e-08 6.40851e-08 5.81697e-08 5.28002e-08 4.79261e-08 4.35018e-08 3.94857e-08 3.58403e-08 3.25313e-08 2.95278e-08 2.68014e-08 2.43267e-08 2.20804e-08 2.00414e-08 1.81907e-08 1.65108e-08 1.4986e-08 1.36019e-08 1.23457e-08 1.12054e-08 1.01704e-08 9.23096e-09 8.37828e-09 7.60433e-09 6.90185e-09 6.26425e-09 5.68553e-09 5.16025e-09 4.68349e-09 4.25076e-09 3.858e-09 3.50152e-09 3.17797e-09 2.8843e-09 2.61776e-09 2.37585e-09 2.15628e-09 1.957e-09 1.77613e-09 1.61197e-09 1.46298e-09 1.32775e-09 1.20502e-09 1.09363e-09 9.92539e-10 9.00785e-10 8.17511e-10 7.41933e-10 6.7334e-10 6.11086e-10 5.54587e-10 5.03309e-10 4.56771e-10 4.14535e-10 3.76203e-10 3.41415e-10 3.09843e-10 2.81189e-10 2.55184e-10 2.31584e-10 2.10166e-10
0.000317276 2.79058e-06 2.53345e-06 2.30001e-06 2.08807e-06 1.89565e-06 1.72096e-06 1.56235e-06 1.41836e-06 1.28763e-06 1.16895e-06 1.0612e-06 9.63378e-07 8.7457e-07 7.93945e-07 7.2075e-07 6.543e-07 5.93974e-07 5.39207e-07 4.89488e-07 4.44352e-07 4.03376e-07 3.66177e-07 3.32408e-07 3.01751e-07 2.7392e-07 2.48656e-07 2.2572e-07 2.049e-07 1.85999e-07 1.6884e-07 1.53265e-07 1.39125e-07 1.26289e-07 1.14638e-07 1.0406e-07 9.44586e-08 8.57425e-08 7.78304e-08 7.06481e-08 6.41284e-08 5.82101e-08 5.28378e-08 4.79611e-08 4.35344e-08 3.95161e-08 3.58685e-08 3.25575e-08 2.95521e-08 2.6824e-08 2.43476e-08 2.20998e-08 2.00594e-08 1.82073e-08 1.65262e-08 1.50002e-08 1.36151e-08 1.23578e-08 1.12167e-08 1.01808e-08 9.24058e-09 8.38716e-09 7.61253e-09 6.90942e-09 6.27123e-09 5.69196e-09 5.16618e-09 4.68896e-09 4.2558e-09 3.86264e-09 3.50579e-09 3.1819e-09 2.88792e-09 2.6211e-09 2.37892e-09 2.1591e-09 1.9596e-09 1.77852e-09 1.61416e-09 1.465e-09 1.32961e-09 1.20673e-09 1.0952e-09 9.93976e-10 9.02106e-10 8.18724e-10 7.43046e-10 6.74362e-10 6.12024e-10 5.55447e-10 5.04099e-10 4.57496e-10 4.152e-10 3.76813e-10 3.41974e-10 3.10355e-10 2.81659e-10 2.55615e-10 2.31979e-10 2.10528e-10 1.91059e-10
0.000287415 2.5332e-06 2.29983e-06 2.08795e-06 1.89557e-06 1.72092e-06 1.56235e-06 1.41839e-06 1.28768e-06 1.16902e-06 1.06128e-06 9.63473e-07 8.74674e-07 7.94055e-07 7.20864e-07 6.54416e-07 5.94091e-07 5.39324e-07 4.89604e-07 4.44466e-07 4.03487e-07 3.66285e-07 3.32512e-07 3.01851e-07 2.74017e-07 2.48748e-07 2.25808e-07 2.04984e-07 1.86078e-07 1.68916e-07 1.53336e-07 1.39193e-07 1.26353e-07 1.14698e-07 1.04117e-07 9.45117e-08 8.57923e-08 7.78771e-08 7.06918e-08 6.41692e-08 5.82483e-08 5.28734e-08 4.79944e-08 4.35653e-08 3.95449e-08 3.58954e-08 3.25825e-08 2.95753e-08 2.68455e-08 2.43676e-08 2.21183e-08 2.00766e-08 1.82233e-08 1.6541e-08 1.50139e-08 1.36278e-08 1.23696e-08 1.12275e-08 1.01908e-08 9.24985e-09 8.39573e-09 7.62044e-09 6.91672e-09 6.27797e-09 5.69818e-09 5.17192e-09 4.69425e-09 4.26068e-09 3.86714e-09 3.50994e-09 3.18572e-09 2.89144e-09 2.62433e-09 2.3819e-09 2.16185e-09 1.96212e-09 1.78084e-09 1.6163e-09 1.46696e-09 1.33141e-09 1.20839e-09 1.09673e-09 9.95378e-10 9.03393e-10 8.19907e-10 7.44133e-10 6.75359e-10 6.1294e-10 5.56288e-10 5.04871e-10 4.58204e-10 4.1585e-10 3.77409e-10 3.42521e-10 3.10857e-10 2.82119e-10 2.56037e-10 2.32366e-10 2.10882e-10 1.91384e-10 1.73689e-10
0.000260364 2.29955e-06 2.08774e-06 1.89542e-06 1.72082e-06 1.56229e-06 1.41836e-06 1.28768e-06 1.16904e-06 1.06133e-06 9.63531e-07 8.74743e-07 7.94134e-07 7.20949e-07 6.54507e-07 5.94185e-07 5.3942e-07 4.897e-07 4.44562e-07 4.03582e-07 3.66379e-07 3.32603e-07 3.0194e-07 2.74103e-07 2.48831e-07 2.25888e-07 2.0506e-07 1.86151e-07 1.68985e-07 1.53402e-07 1.39255e-07 1.26412e-07 1.14753e-07 1.04169e-07 9.45611e-08 8.58388e-08 7.79207e-08 7.07327e-08 6.42076e-08 5.82842e-08 5.2907e-08 4.80257e-08 4.35946e-08 3.95722e-08 3.59208e-08 3.26062e-08 2.95973e-08 2.6866e-08 2.43867e-08 2.2136e-08 2.0093e-08 1.82385e-08 1.65551e-08 1.5027e-08 1.36399e-08 1.23808e-08 1.12379e-08 1.02005e-08 9.25878e-09 8.40398e-09 7.62807e-09 6.92377e-09 6.28448e-09 5.7042e-09 5.17747e-09 4.69937e-09 4.2654e-09 3.8715e-09 3.51395e-09 3.18942e-09 2.89485e-09 2.62748e-09 2.38479e-09 2.16451e-09 1.96457e-09 1.7831e-09 1.61838e-09 1.46887e-09 1.33317e-09 1.21e-09 1.09821e-09 9.96744e-10 9.04649e-10 8.2106e-10 7.45192e-10 6.76333e-10 6.13834e-10 5.57109e-10 5.05624e-10 4.58896e-10 4.16485e-10 3.77992e-10 3.43056e-10 3.11348e-10 2.82569e-10 2.5645e-10 2.32744e-10 2.11229e-10 1.91703e-10 1.73981e-10 1.57896e-10
0.000235859 2.08744e-06 1.8952e-06 1.72065e-06 1.56216e-06 1.41827e-06 1.28763e-06 1.16902e-06 1.06133e-06 9.6355e-07 8.74778e-07 7.94181e-07 7.21006e-07 6.54571e-07 5.94255e-07 5.39494e-07 4.89778e-07 4.44641e-07 4.03662e-07 3.66458e-07 3.32681e-07 3.02017e-07 2.74178e-07 2.48904e-07 2.25958e-07 2.05128e-07 1.86216e-07 1.69048e-07 1.53461e-07 1.39312e-07 1.26466e-07 1.14804e-07 1.04218e-07 9.46068e-08 8.58819e-08 7.79613e-08 7.0771e-08 6.42435e-08 5.83179e-08 5.29386e-08 4.80553e-08 4.36223e-08 3.9598e-08 3.59449e-08 3.26287e-08 2.96183e-08 2.68855e-08 2.44048e-08 2.21529e-08 2.01087e-08 1.82531e-08 1.65687e-08 1.50396e-08 1.36516e-08 1.23917e-08 1.12479e-08 1.02098e-08 9.26736e-09 8.41192e-09 7.63542e-09 6.93057e-09 6.29076e-09 5.71e-09 5.18283e-09 4.70432e-09 4.26997e-09 3.87571e-09 3.51784e-09 3.19301e-09 2.89815e-09 2.63052e-09 2.3876e-09 2.1671e-09 1.96695e-09 1.78529e-09 1.6204e-09 1.47073e-09 1.33488e-09 1.21158e-09 1.09966e-09 9.98074e-10 9.05871e-10 8.22184e-10 7.46225e-10 6.77282e-10 6.14706e-10 5.5791e-10 5.0636e-10 4.59572e-10 4.17105e-10 3.78562e-10 3.43579e-10 3.11827e-10 2.83009e-10 2.56854e-10 2.33115e-10 2.11569e-10 1.92014e-10 1.74266e-10 1.58158e-10 1.43539e-10
0.000213661 1.89489e-06 1.72041e-06 1.56198e-06 1.41813e-06 1.28753e-06 1.16895e-06 1.06128e-06 9.63531e-07 8.74778e-07 7.94197e-07 7.21035e-07 6.5461e-07 5.94302e-07 5.39547e-07 4.89835e-07 4.44702e-07 4.03725e-07 3.66523e-07 3.32747e-07 3.02082e-07 2.74242e-07 2.48967e-07 2.2602e-07 2.05188e-07 1.86274e-07 1.69104e-07 1.53515e-07 1.39363e-07 1.26515e-07 1.14851e-07 1.04262e-07 9.46489e-08 8.59218e-08 7.7999e-08 7.08065e-08 6.42769e-08 5.83493e-08 5.29681e-08 4.8083e-08 4.36482e-08 3.96224e-08 3.59677e-08 3.26499e-08 2.96381e-08 2.6904e-08 2.44221e-08 2.2169e-08 2.01237e-08 1.8267e-08 1.65816e-08 1.50516e-08 1.36627e-08 1.2402e-08 1.12575e-08 1.02186e-08 9.2756e-09 8.41955e-09 7.64248e-09 6.9371e-09 6.2968e-09 5.71558e-09 5.188e-09 4.70909e-09 4.27438e-09 3.87978e-09 3.5216e-09 3.19647e-09 2.90135e-09 2.63347e-09 2.39031e-09 2.1696e-09 1.96926e-09 1.78741e-09 1.62235e-09 1.47253e-09 1.33654e-09 1.2131e-09 1.10106e-09 9.99368e-10 9.07062e-10 8.23278e-10 7.47232e-10 6.78207e-10 6.15556e-10 5.58691e-10 5.07078e-10 4.60231e-10 4.17711e-10 3.79118e-10 3.44089e-10 3.12296e-10 2.8344e-10 2.57249e-10 2.33477e-10 2.11902e-10 1.92319e-10 1.74546e-10 1.58415e-10 1.43774e-10 1.30486e-10
0.000193552 1.7201e-06 1.56173e-06 1.41794e-06 1.28738e-06 1.16883e-06 1.0612e-06 9.63473e-07 8.74743e-07 7.94181e-07 7.21035e-07 6.54623e-07 5.94325e-07 5.39579e-07 4.89874e-07 4.44746e-07 4.03773e-07 3.66573e-07 3.32799e-07 3.02135e-07 2.74296e-07 2.4902e-07 2.26073e-07 2.0524e-07 1.86325e-07 1.69153e-07 1.53563e-07 1.39409e-07 1.26559e-07 1.14893e-07 1.04302e-07 9.46874e-08 8.59583e-08 7.80336e-08 7.08392e-08 6.43079e-08 5.83785e-08 5.29956e-08 4.81089e-08 4.36725e-08 3.96451e-08 3.5989e-08 3.26699e-08 2.96568e-08 2.69215e-08 2.44384e-08 2.21842e-08 2.01379e-08 1.82802e-08 1.65939e-08 1.5063e-08 1.36734e-08 1.24119e-08 1.12667e-08 1.02272e-08 9.28349e-09 8.42686e-09 7.64925e-09 6.94338e-09 6.30261e-09 5.72096e-09 5.19297e-09 4.71369e-09 4.27863e-09 3.88371e-09 3.52522e-09 3.19982e-09 2.90444e-09 2.63632e-09 2.39295e-09 2.17203e-09 1.9715e-09 1.78948e-09 1.62425e-09 1.47428e-09 1.33815e-09 1.21459e-09 1.10243e-09 1.00063e-09 9.08219e-10 8.24343e-10 7.48211e-10 6.79108e-10 6.16384e-10 5.59453e-10 5.07777e-10 4.60874e-10 4.18301e-10 3.7966e-10 3.44587e-10 3.12754e-10 2.8386e-10 2.57634e-10 2.33831e-10 2.12227e-10 1.92617e-10 1.7482e-10 1.58666e-10 1.44004e-10 1.30697e-10 1.18619e-10
0.000175335 1.56142e-06 1.41768e-06 1.28717e-06 1.16867e-06 1.06107e-06 9.63378e-07 8.74674e-07 7.94134e-07 7.21006e-07 6.5461e-07 5.94325e-07 5.3959e-07 4.89893e-07 4.44772e-07 4.03804e-07 3.66609e-07 3.32838e-07 3.02177e-07 2.74339e-07 2.49064e-07 2.26117e-07 2.05284e-07 1.86369e-07 1.69196e-07 1.53605e-07 1.3945e-07 1.26599e-07 1.14931e-07 1.04339e-07 9.47222e-08 8.59915e-08 7.80653e-08 7.08693e-08 6.43364e-08 5.84055e-08 5.30211e-08 4.81329e-08 4.36952e-08 3.96664e-08 3.6009e-08 3.26887e-08 2.96744e-08 2.6938e-08 2.44538e-08 2.21986e-08 2.01513e-08 1.82927e-08 1.66055e-08 1.50739e-08 1.36835e-08 1.24213e-08 1.12754e-08 1.02353e-08 9.29103e-09 8.43386e-09 7.65574e-09 6.94939e-09 6.30819e-09 5.72612e-09 5.19775e-09 4.71811e-09 4.28272e-09 3.88749e-09 3.52872e-09 3.20305e-09 2.90743e-09 2.63908e-09 2.39549e-09 2.17438e-09 1.97366e-09 1.79147e-09 1.6261e-09 1.47598e-09 1.33972e-09 1.21603e-09 1.10376e-09 1.00185e-09 9.09343e-10 8.25378e-10 7.49163e-10 6.79984e-10 6.1719e-10 5.60194e-10 5.08459e-10 4.615e-10 4.18877e-10 3.80189e-10 3.45073e-10 3.132e-10 2.8427e-10 2.58011e-10 2.34177e-10 2.12544e-10 1.92909e-10 1.75087e-10 1.58911e-10 1.44229e-10 1.30903e-10 1.18808e-10 1.0783e-10
0.000158833 1.41737e-06 1.28691e-06 1.16846e-06 1.0609e-06 9.63244e-07 8.7457e-07 7.94055e-07 7.20949e-07 6.54571e-07 5.94302e-07 5.39579e-07 4.89893e-07 4.44781e-07 4.0382e-07 3.6663e-07 3.32864e-07 3.02206e-07 2.74371e-07 2.49098e-07 2.26153e-07 2.0532e-07 1.86405e-07 1.69232e-07 1.53641e-07 1.39485e-07 1.26633e-07 1.14965e-07 1.04371e-07 9.47533e-08 8.60214e-08 7.80939e-08 7.08966e-08 6.43624e-08 5.84302e-08 5.30445e-08 4.81551e-08 4.37161e-08 3.96862e-08 3.60276e-08 3.27062e-08 2.96908e-08 2.69534e-08 2.44682e-08 2.22121e-08 2.01639e-08 1.83046e-08 1.66166e-08 1.50842e-08 1.36931e-08 1.24302e-08 1.12838e-08 1.0243e-08 9.29822e-09 8.44054e-09 7.66195e-09 6.95515e-09 6.31353e-09 5.73107e-09 5.20234e-09 4.72236e-09 4.28665e-09 3.89113e-09 3.53209e-09 3.20616e-09 2.9103e-09 2.64174e-09 2.39794e-09 2.17664e-09 1.97576e-09 1.7934e-09 1.62788e-09 1.47762e-09 1.34123e-09 1.21742e-09 1.10504e-09 1.00303e-09 9.10435e-10 8.26383e-10 7.50089e-10 6.80835e-10 6.17974e-10 5.60915e-10 5.09122e-10 4.6211e-10 4.19438e-10 3.80705e-10 3.45547e-10 3.13635e-10 2.8467e-10 2.58378e-10 2.34514e-10 2.12854e-10 1.93193e-10 1.75348e-10 1.59151e-10 1.44449e-10 1.31105e-10 1.18994e-10 1.08e-10 9.80226e-11
0.000143884 1.28661e-06 1.1682e-06 1.06069e-06 9.63072e-07 8.74431e-07 7.93945e-07 7.20864e-07 6.54507e-07 5.94255e-07 5.39547e-07 4.89874e-07 4.44772e-07 4.0382e-07 3.66638e-07 3.32877e-07 3.02224e-07 2.74392e-07 2.49123e-07 2.26179e-07 2.05348e-07 1.86434e-07 1.69262e-07 1.5367e-07 1.39515e-07 1.26662e-07 1.14994e-07 1.04399e-07 9.47808e-08 8.6048e-08 7.81195e-08 7.09212e-08 6.4386e-08 5.84527e-08 5.30659e-08 4.81754e-08 4.37354e-08 3.97044e-08 3.60449e-08 3.27224e-08 2.97061e-08 2.69678e-08 2.44817e-08 2.22248e-08 2.01758e-08 1.83157e-08 1.6627e-08 1.50939e-08 1.37022e-08 1.24387e-08 1.12917e-08 1.02504e-08 9.30507e-09 8.44691e-09 7.66787e-09 6.96065e-09 6.31863e-09 5.73581e-09 5.20673e-09 4.72643e-09 4.29043e-09 3.89462e-09 3.53532e-09 3.20916e-09 2.91308e-09 2.6443e-09 2.40031e-09 2.17883e-09 1.97778e-09 1.79527e-09 1.6296e-09 1.47921e-09 1.3427e-09 1.21878e-09 1.10629e-09 1.00418e-09 9.11494e-10 8.27359e-10 7.50987e-10 6.81663e-10 6.18736e-10 5.61616e-10 5.09767e-10 4.62703e-10 4.19984e-10 3.81207e-10 3.46009e-10 3.1406e-10 2.8506e-10 2.58737e-10 2.34844e-10 2.13156e-10 1.93471e-10 1.75603e-10 1.59385e-10 1.44664e-10 1.31303e-10 1.19175e-10 1.08167e-10 9.81751e-11 8.91062e-11
0.000130342 1.1679e-06 1.06044e-06 9.62862e-07 8.74258e-07 7.93804e-07 7.2075e-07 6.54416e-07 5.94185e-07 5.39494e-07 4.89835e-07 4.44746e-07 4.03804e-07 3.6663e-07 3.32877e-07 3.0223e-07 2.74403e-07 2.49137e-07 2.26197e-07 2.05368e-07 1.86456e-07 1.69285e-07 1.53694e-07 1.39539e-07 1.26687e-07 1.15018e-07 1.04424e-07 9.48046e-08 8.60713e-08 7.81421e-08 7.09431e-08 6.4407e-08 5.84729e-08 5.30853e-08 4.81939e-08 4.3753e-08 3.97212e-08 3.60607e-08 3.27375e-08 2.97203e-08 2.69812e-08 2.44943e-08 2.22366e-08 2.0187e-08 1.83261e-08 1.66368e-08 1.51031e-08 1.37107e-08 1.24467e-08 1.12991e-08 1.02573e-08 9.31156e-09 8.45296e-09 7.6735e-09 6.96589e-09 6.3235e-09 5.74034e-09 5.21093e-09 4.73033e-09 4.29404e-09 3.89798e-09 3.53843e-09 3.21204e-09 2.91574e-09 2.64676e-09 2.40259e-09 2.18094e-09 1.97973e-09 1.79707e-09 1.63126e-09 1.48075e-09 1.34411e-09 1.22008e-09 1.1075e-09 1.00529e-09 9.1252e-10 8.28304e-10 7.51858e-10 6.82465e-10 6.19475e-10 5.62296e-10 5.10394e-10 4.6328e-10 4.20514e-10 3.81695e-10 3.46458e-10 3.14473e-10 2.8544e-10 2.59086e-10 2.35165e-10 2.13451e-10 1.93742e-10 1.75852e-10 1.59614e-10 1.44874e-10 1.31495e-10 1.19352e-10 1.08329e-10 9.83242e-11 8.9243e-11 8.10002e-11
0.000118074 1.06015e-06 9.62613e-07 8.7405e-07 7.93631e-07 7.20607e-07 6.543e-07 5.94091e-07 5.3942e-07 4.89778e-07 4.44702e-07 4.03773e-07 3.66609e-07 3.32864e-07 3.02224e-07 2.74403e-07 2.49142e-07 2.26206e-07 2.0538e-07 1.8647e-07 1.69301e-07 1.53712e-07 1.39558e-07 1.26707e-07 1.15038e-07 1.04444e-07 9.48248e-08 8.60912e-08 7.81617e-08 7.09622e-08 6.44256e-08 5.84909e-08 5.31026e-08 4.82105e-08 4.37689e-08 3.97364e-08 3.60752e-08 3.27512e-08 2.97334e-08 2.69935e-08 2.4506e-08 2.22477e-08 2.01973e-08 1.83359e-08 1.66459e-08 1.51117e-08 1.37188e-08 1.24542e-08 1.13062e-08 1.02639e-08 9.31771e-09 8.4587e-09 7.67885e-09 6.97087e-09 6.32814e-09 5.74465e-09 5.21494e-09 4.73405e-09 4.2975e-09 3.90118e-09 3.5414e-09 3.21479e-09 2.91829e-09 2.64913e-09 2.40478e-09 2.18297e-09 1.9816e-09 1.7988e-09 1.63286e-09 1.48223e-09 1.34548e-09 1.22135e-09 1.10866e-09 1.00637e-09 9.13512e-10 8.2922e-10 7.52702e-10 6.83243e-10 6.20192e-10 5.62957e-10 5.11002e-10 4.6384e-10 4.2103e-10 3.8217e-10 3.46895e-10 3.14875e-10 2.85809e-10 2.59426e-10 2.35477e-10 2.13739e-10 1.94006e-10 1.76095e-10 1.59837e-10 1.45079e-10 1.31683e-10 1.19524e-10 1.08488e-10 9.84698e-11 8.93767e-11 8.11229e-11 7.36312e-11
0.000106962 9.62327e-07 8.73807e-07 7.93426e-07 7.20436e-07 6.54158e-07 5.93974e-07 5.39324e-07 4.897e-07 4.44641e-07 4.03725e-07 3.66573e-07 3.32838e-07 3.02206e-07 2.74392e-07 2.49137e-07 2.26206e-07 2.05384e-07 1.86478e-07 1.69311e-07 1.53724e-07 1.39572e-07 1.26721e-07 1.15054e-07 1.0446e-07 9.48413e-08 8.61078e-08 7.81783e-08 7.09786e-08 6.44418e-08 5.85066e-08 5.31179e-08 4.82253e-08 4.37832e-08 3.97501e-08 3.60883e-08 3.27637e-08 2.97453e-08 2.70048e-08 2.45168e-08 2.22578e-08 2.02069e-08 1.83449e-08 1.66545e-08 1.51197e-08 1.37263e-08 1.24613e-08 1.13128e-08 1.02701e-08 9.32351e-09 8.46412e-09 7.6839e-09 6.97558e-09 6.33253e-09 5.74874e-09 5.21875e-09 4.7376e-09 4.30079e-09 3.90425e-09 3.54425e-09 3.21743e-09 2.92074e-09 2.6514e-09 2.40689e-09 2.18491e-09 1.9834e-09 1.80047e-09 1.63441e-09 1.48365e-09 1.3468e-09 1.22257e-09 1.10979e-09 1.00741e-09 9.14472e-10 8.30105e-10 7.53519e-10 6.83997e-10 6.20886e-10 5.63597e-10 5.11592e-10 4.64384e-10 4.21531e-10 3.82631e-10 3.47319e-10 3.15265e-10 2.86169e-10 2.59757e-10 2.35781e-10 2.14018e-10 1.94263e-10 1.76331e-10 1.60054e-10 1.45279e-10 1.31867e-10 1.19693e-10 1.08643e-10 9.8612e-11 8.95072e-11 8.12428e-11 7.37412e-11 6.69321e-11
9.68945e-05 8.7353e-07 7.93191e-07 7.20237e-07 6.53989e-07 5.93833e-07 5.39207e-07 4.89604e-07 4.44562e-07 4.03662e-07 3.66523e-07 3.32799e-07 3.02177e-07 2.74371e-07 2.49123e-07 2.26197e-07 2.0538e-07 1.86478e-07 1.69314e-07 1.5373e-07 1.3958e-07 1.26731e-07 1.15065e-07 1.04472e-07 9.48541e-08 8.61211e-08 7.81919e-08 7.09923e-08 6.44554e-08 5.85201e-08 5.31312e-08 4.82383e-08 4.37958e-08 3.97623e-08 3.61e-08 3.2775e-08 2.97561e-08 2.70151e-08 2.45266e-08 2.22671e-08 2.02158e-08 1.83533e-08 1.66624e-08 1.51271e-08 1.37333e-08 1.24679e-08 1.1319e-08 1.02759e-08 9.32896e-09 8.46922e-09 7.68868e-09 6.98004e-09 6.3367e-09 5.75262e-09 5.22237e-09 4.74097e-09 4.30393e-09 3.90716e-09 3.54696e-09 3.21995e-09 2.92308e-09 2.65357e-09 2.4089e-09 2.18678e-09 1.98513e-09 1.80208e-09 1.63589e-09 1.48503e-09 1.34807e-09 1.22374e-09 1.11087e-09 1.00841e-09 9.15398e-10 8.30961e-10 7.54309e-10 6.84725e-10 6.21559e-10 5.64217e-10 5.12164e-10 4.64911e-10 4.22016e-10 3.83078e-10 3.47731e-10 3.15645e-10 2.86518e-10 2.60078e-10 2.36077e-10 2.1429e-10 1.94514e-10 1.76562e-10 1.60266e-10 1.45473e-10 1.32046e-10 1.19857e-10 1.08794e-10 9.87508e-11 8.96347e-11 8.13599e-11 7.38487e-11 6.70308e-11 6.08421e-11
8.77751e-05 7.92923e-07 7.20009e-07 6.53796e-07 5.93669e-07 5.39069e-07 4.89488e-07 4.44466e-07 4.03582e-07 3.66458e-07 3.32747e-07 3.02135e-07 2.74339e-07 2.49098e-07 2.26179e-07 2.05368e-07 1.8647e-07 1.69311e-07 1.5373e-07 1.39582e-07 1.26736e-07 1.15072e-07 1.0448e-07 9.48633e-08 8.61311e-08 7.82024e-08 7.10033e-08 6.44666e-08 5.85314e-08 5.31424e-08 4.82494e-08 4.38067e-08 3.97729e-08 3.61104e-08 3.2785e-08 2.97657e-08 2.70244e-08 2.45354e-08 2.22756e-08 2.02238e-08 1.8361e-08 1.66696e-08 1.5134e-08 1.37398e-08 1.2474e-08 1.13248e-08 1.02814e-08 9.33406e-09 8.474e-09 7.69316e-09 6.98424e-09 6.34062e-09 5.75629e-09 5.22579e-09 4.74416e-09 4.30691e-09 3.90994e-09 3.54954e-09 3.22235e-09 2.92531e-09 2.65564e-09 2.41082e-09 2.18857e-09 1.98679e-09 1.80361e-09 1.63732e-09 1.48635e-09 1.34929e-09 1.22487e-09 1.11192e-09 1.00938e-09 9.16292e-10 8.31786e-10 7.55071e-10 6.85429e-10 6.22208e-10 5.64817e-10 5.12717e-10 4.65421e-10 4.22487e-10 3.83512e-10 3.48131e-10 3.16013e-10 2.86857e-10 2.6039e-10 2.36365e-10 2.14555e-10 1.94757e-10 1.76786e-10 1.60472e-10 1.45663e-10 1.3222e-10 1.20018e-10 1.08941e-10 9.88861e-11 8.9759e-11 8.14741e-11 7.39536e-11 6.71271e-11 6.09305e-11 5.53058e-11
7.95139e-05 7.19752e-07 6.53576e-07 5.93481e-07 5.3891e-07 4.89353e-07 4.44352e-07 4.03487e-07 3.66379e-07 3.32681e-07 3.02082e-07 2.74296e-07 2.49064e-07 2.26153e-07 2.05348e-07 1.86456e-07 1.69301e-07 1.53724e-07 1.3958e-07 1.26736e-07 1.15074e-07 1.04484e-07 9.48688e-08 8.61378e-08 7.821e-08 7.10115e-08 6.44752e-08 5.85404e-08 5.31516e-08 4.82586e-08 4.38159e-08 3.9782e-08 3.61194e-08 3.27938e-08 2.97743e-08 2.70326e-08 2.45434e-08 2.22832e-08 2.02311e-08 1.83679e-08 1.66763e-08 1.51403e-08 1.37458e-08 1.24797e-08 1.13301e-08 1.02864e-08 9.33881e-09 8.47847e-09 7.69735e-09 6.98818e-09 6.34431e-09 5.75975e-09 5.22902e-09 4.74718e-09 4.30973e-09 3.91257e-09 3.55199e-09 3.22464e-09 2.92744e-09 2.65762e-09 2.41266e-09 2.19027e-09 1.98838e-09 1.80508e-09 1.63868e-09 1.48761e-09 1.35046e-09 1.22596e-09 1.11292e-09 1.01031e-09 9.17151e-10 8.32581e-10 7.55806e-10 6.86109e-10 6.22836e-10 5.65396e-10 5.13252e-10 4.65915e-10 4.22942e-10 3.83931e-10 3.48518e-10 3.1637e-10 2.87186e-10 2.60693e-10 2.36644e-10 2.14812e-10 1.94994e-10 1.77003e-10 1.60672e-10 1.45847e-10 1.3239e-10 1.20174e-10 1.09084e-10 9.90179e-11 8.98802e-11 8.15854e-11 7.40559e-11 6.72211e-11 6.10169e-11 5.53851e-11 5.02729e-11
7.20302e-05 6.5333e-07 5.9327e-07 5.38729e-07 4.89199e-07 4.44221e-07 4.03376e-07 3.66285e-07 3.32603e-07 3.02017e-07 2.74242e-07 2.4902e-07 2.26117e-07 2.0532e-07 1.86434e-07 1.69285e-07 1.53712e-07 1.39572e-07 1.26731e-07 1.15072e-07 1.04484e-07 9.48706e-08 8.61411e-08 7.82145e-08 7.10169e-08 6.44815e-08 5.85471e-08 5.31587e-08 4.82661e-08 4.38235e-08 3.97897e-08 3.6127e-08 3.28013e-08 2.97816e-08 2.70399e-08 2.45504e-08 2.229e-08 2.02377e-08 1.83742e-08 1.66823e-08 1.51461e-08 1.37513e-08 1.24849e-08 1.1335e-08 1.02911e-08 9.3432e-09 8.48261e-09 7.70126e-09 6.99185e-09 6.34776e-09 5.76298e-09 5.23206e-09 4.75002e-09 4.31238e-09 3.91505e-09 3.55431e-09 3.2268e-09 2.92945e-09 2.6595e-09 2.41441e-09 2.1919e-09 1.98989e-09 1.80649e-09 1.63998e-09 1.48882e-09 1.35159e-09 1.227e-09 1.11389e-09 1.0112e-09 9.17978e-10 8.33346e-10 7.56514e-10 6.86763e-10 6.23441e-10 5.65955e-10 5.13768e-10 4.66391e-10 4.23382e-10 3.84338e-10 3.48893e-10 3.16715e-10 2.87504e-10 2.60987e-10 2.36914e-10 2.15061e-10 1.95223e-10 1.77215e-10 1.60867e-10 1.46026e-10 1.32555e-10 1.20325e-10 1.09224e-10 9.91463e-11 8.99982e-11 8.16939e-11 7.41557e-11 6.73128e-11 6.11011e-11 5.54625e-11 5.0344e-11 4.56978e-11
6.52509e-05 5.93036e-07 5.38527e-07 4.89026e-07 4.44072e-07 4.03249e-07 3.66177e-07 3.32512e-07 3.0194e-07 2.74178e-07 2.48967e-07 2.26073e-07 2.05284e-07 1.86405e-07 1.69262e-07 1.53694e-07 1.39558e-07 1.26721e-07 1.15065e-07 1.0448e-07 9.48688e-08 8.61411e-08 7.8216e-08 7.10197e-08 6.44852e-08 5.85516e-08 5.31638e-08 4.82716e-08 4.38294e-08 3.97957e-08 3.61332e-08 3.28076e-08 2.97879e-08 2.7046e-08 2.45565e-08 2.22959e-08 2.02434e-08 1.83798e-08 1.66876e-08 1.51512e-08 1.37562e-08 1.24896e-08 1.13395e-08 1.02953e-08 9.34725e-09 8.48644e-09 7.70488e-09 6.99526e-09 6.35098e-09 5.76601e-09 5.2349e-09 4.75269e-09 4.31488e-09 3.91739e-09 3.5565e-09 3.22884e-09 2.93136e-09 2.66128e-09 2.41607e-09 2.19344e-09 1.99132e-09 1.80782e-09 1.64123e-09 1.48998e-09 1.35266e-09 1.22799e-09 1.11481e-09 1.01206e-09 9.18771e-10 8.34081e-10 7.57194e-10 6.87392e-10 6.24023e-10 5.66493e-10 5.14266e-10 4.66851e-10 4.23807e-10 3.8473e-10 3.49255e-10 3.17049e-10 2.87813e-10 2.61271e-10 2.37177e-10 2.15303e-10 1.95446e-10 1.7742e-10 1.61056e-10 1.462e-10 1.32715e-10 1.20473e-10 1.0936e-10 9.92711e-11 9.01131e-11 8.17996e-11 7.42528e-11 6.74021e-11 6.11832e-11 5.55379e-11 5.04133e-11 4.57614e-11 4.15387e-11
5.91096e-05 5.38304e-07 4.88833e-07 4.43906e-07 4.03107e-07 3.66055e-07 3.32408e-07 3.01851e-07 2.74103e-07 2.48904e-07 2.2602e-07 2.0524e-07 1.86369e-07 1.69232e-07 1.5367e-07 1.39539e-07 1.26707e-07 1.15054e-07 1.04472e-07 9.48633e-08 8.61378e-08 7.82145e-08 7.10197e-08 6.44864e-08 5.85539e-08 5.31669e-08 4.82753e-08 4.38336e-08 3.98003e-08 3.6138e-08 3.28126e-08 2.9793e-08 2.70512e-08 2.45616e-08 2.2301e-08 2.02484e-08 1.83847e-08 1.66924e-08 1.51558e-08 1.37606e-08 1.24938e-08 1.13436e-08 1.02992e-08 9.35095e-09 8.48996e-09 7.70821e-09 6.99841e-09 6.35395e-09 5.76882e-09 5.23754e-09 4.75518e-09 4.31722e-09 3.91958e-09 3.55855e-09 3.23076e-09 2.93316e-09 2.66296e-09 2.41764e-09 2.19491e-09 1.99269e-09 1.8091e-09 1.64241e-09 1.49108e-09 1.35368e-09 1.22894e-09 1.11569e-09 1.01288e-09 9.19531e-10 8.34785e-10 7.57847e-10 6.87997e-10 6.24583e-10 5.67012e-10 5.14745e-10 4.67295e-10 4.24217e-10 3.85108e-10 3.49604e-10 3.17372e-10 2.88111e-10 2.61546e-10 2.3743e-10 2.15537e-10 1.95662e-10 1.77619e-10 1.61239e-10 1.46369e-10 1.3287e-10 1.20616e-10 1.09491e-10 9.93925e-11 9.02248e-11 8.19024e-11 7.43474e-11 6.7489e-11 6.12631e-11 5.56114e-11 5.04809e-11 4.58235e-11 4.15957e-11 3.77579e-11
5.35464e-05 4.88621e-07 4.43723e-07 4.02948e-07 3.65918e-07 3.3229e-07 3.01751e-07 2.74017e-07 2.48831e-07 2.25958e-07 2.05188e-07 1.86325e-07 1.69196e-07 1.53641e-07 1.39515e-07 1.26687e-07 1.15038e-07 1.0446e-07 9.48541e-08 8.61311e-08 7.821e-08 7.10169e-08 6.44852e-08 5.85539e-08 5.31679e-08 4.82772e-08 4.38361e-08 3.98034e-08 3.61415e-08 3.28163e-08 2.9797e-08 2.70553e-08 2.45658e-08 2.23053e-08 2.02527e-08 1.83888e-08 1.66965e-08 1.51598e-08 1.37645e-08 1.24976e-08 1.13472e-08 1.03027e-08 9.35429e-09 8.49315e-09 7.71125e-09 7.0013e-09 6.35669e-09 5.77141e-09 5.23999e-09 4.75749e-09 4.31939e-09 3.92163e-09 3.56047e-09 3.23257e-09 2.93485e-09 2.66454e-09 2.41912e-09 2.19629e-09 1.99398e-09 1.8103e-09 1.64353e-09 1.49212e-09 1.35466e-09 1.22985e-09 1.11654e-09 1.01366e-09 9.20258e-10 8.35459e-10 7.58472e-10 6.88577e-10 6.2512e-10 5.67509e-10 5.15206e-10 4.67721e-10 4.24611e-10 3.85473e-10 3.49941e-10 3.17684e-10 2.88399e-10 2.61812e-10 2.37676e-10 2.15763e-10 1.95871e-10 1.77812e-10 1.61417e-10 1.46533e-10 1.33021e-10 1.20755e-10 1.09619e-10 9.95104e-11 9.03333e-11 8.20023e-11 7.44393e-11 6.75736e-11 6.1341e-11 5.5683e-11 5.05467e-11 4.5884e-11 4.16513e-11 3.7809e-11 3.4321e-11
4.85067e-05 4.43522e-07 4.02774e-07 3.65768e-07 3.3216e-07 3.01638e-07 2.7392e-07 2.48748e-07 2.25888e-07 2.05128e-07 1.86274e-07 1.69153e-07 1.53605e-07 1.39485e-07 1.26662e-07 1.15018e-07 1.04444e-07 9.48413e-08 8.61211e-08 7.82024e-08 7.10115e-08 6.44815e-08 5.85516e-08 5.31669e-08 4.82772e-08 4.38369e-08 3.98049e-08 3.61435e-08 3.28188e-08 2.97998e-08 2.70584e-08 2.45691e-08 2.23087e-08 2.02561e-08 1.83923e-08 1.67e-08 1.51633e-08 1.37679e-08 1.25009e-08 1.13504e-08 1.03058e-08 9.35729e-09 8.49602e-09 7.714e-09 7.00393e-09 6.3592e-09 5.77379e-09 5.24225e-09 4.75962e-09 4.32141e-09 3.92353e-09 3.56226e-09 3.23425e-09 2.93643e-09 2.66602e-09 2.42051e-09 2.19759e-09 1.9952e-09 1.81144e-09 1.6446e-09 1.49311e-09 1.35558e-09 1.23071e-09 1.11734e-09 1.0144e-09 9.2095e-10 8.36103e-10 7.5907e-10 6.89132e-10 6.25635e-10 5.67986e-10 5.15648e-10 4.6813e-10 4.2499e-10 3.85824e-10 3.50266e-10 3.17984e-10 2.88676e-10 2.62068e-10 2.37912e-10 2.15982e-10 1.96073e-10 1.77998e-10 1.61589e-10 1.46692e-10 1.33167e-10 1.2089e-10 1.09744e-10 9.96248e-11 9.04387e-11 8.20993e-11 7.45286e-11 6.76559e-11 6.14166e-11 5.57526e-11 5.06107e-11 4.59429e-11 4.17055e-11 3.78588e-11 3.43667e-11 3.11967e-11
4.39414e-05 4.02584e-07 3.65602e-07 3.32016e-07 3.01514e-07 2.73813e-07 2.48656e-07 2.25808e-07 2.0506e-07 1.86216e-07 1.69104e-07 1.53563e-07 1.3945e-07 1.26633e-07 1.14994e-07 1.04424e-07 9.48248e-08 8.61078e-08 7.81919e-08 7.10033e-08 6.44752e-08 5.85471e-08 5.31638e-08 4.82753e-08 4.38361e-08 3.98049e-08 3.61442e-08 3.28201e-08 2.98015e-08 2.70605e-08 2.45714e-08 2.23112e-08 2.02588e-08 1.83951e-08 1.67028e-08 1.51661e-08 1.37708e-08 1.25037e-08 1.13532e-08 1.03085e-08 9.35993e-09 8.49858e-09 7.71646e-09 7.0063e-09 6.36146e-09 5.77595e-09 5.2443e-09 4.76158e-09 4.32326e-09 3.92528e-09 3.56392e-09 3.23582e-09 2.9379e-09 2.66741e-09 2.42181e-09 2.19881e-09 1.99634e-09 1.81251e-09 1.6456e-09 1.49405e-09 1.35645e-09 1.23152e-09 1.1181e-09 1.01511e-09 9.2161e-10 8.36717e-10 7.5964e-10 6.89661e-10 6.26126e-10 5.68443e-10 5.16071e-10 4.68523e-10 4.25354e-10 3.86161e-10 3.50578e-10 3.18273e-10 2.88943e-10 2.62315e-10 2.38141e-10 2.16193e-10 1.96268e-10 1.78178e-10 1.61755e-10 1.46845e-10 1.33309e-10 1.2102e-10 1.09864e-10 9.97357e-11 9.05409e-11 8.21935e-11 7.46154e-11 6.77357e-11 6.14902e-11 5.58203e-11 5.0673e-11 4.60003e-11 4.17582e-11 3.79073e-11 3.44113e-11 3.12377e-11 2.83566e-11
3.98057e-05 3.65423e-07 3.3186e-07 3.01378e-07 2.73695e-07 2.48553e-07 2.2572e-07 2.04984e-07 1.86151e-07 1.69048e-07 1.53515e-07 1.39409e-07 1.26599e-07 1.14965e-07 1.04399e-07 9.48046e-08 8.60912e-08 7.81783e-08 7.09923e-08 6.44666e-08 5.85404e-08 5.31587e-08 4.82716e-08 4.38336e-08 3.98034e-08 3.61435e-08 3.28201e-08 2.98021e-08 2.70615e-08 2.45728e-08 2.23129e-08 2.02607e-08 1.83972e-08 1.6705e-08 1.51684e-08 1.37731e-08 1.25061e-08 1.13556e-08 1.03109e-08 9.36222e-09 8.50082e-09 7.71864e-09 7.0084e-09 6.36349e-09 5.77789e-09 5.24617e-09 4.76335e-09 4.32496e-09 3.92689e-09 3.56545e-09 3.23726e-09 2.93927e-09 2.6687e-09 2.42302e-09 2.19995e-09 1.99741e-09 1.81351e-09 1.64654e-09 1.49493e-09 1.35728e-09 1.2323e-09 1.11882e-09 1.01578e-09 9.22236e-10 8.37299e-10 7.60183e-10 6.90166e-10 6.26596e-10 5.68879e-10 5.16476e-10 4.68899e-10 4.25702e-10 3.86484e-10 3.50877e-10 3.1855e-10 2.892e-10 2.62553e-10 2.38361e-10 2.16396e-10 1.96455e-10 1.78351e-10 1.61915e-10 1.46993e-10 1.33446e-10 1.21146e-10 1.0998e-10 9.98431e-11 9.06399e-11 8.22847e-11 7.46995e-11 6.78132e-11 6.15615e-11 5.5886e-11 5.07336e-11 4.6056e-11 4.18095e-11 3.79544e-11 3.44547e-11 3.12776e-11 2.83933e-11 2.5775e-11
3.60593e-05 3.31691e-07 3.01231e-07 2.73566e-07 2.48442e-07 2.25623e-07 2.049e-07 1.86078e-07 1.68985e-07 1.53461e-07 1.39363e-07 1.26559e-07 1.14931e-07 1.04371e-07 9.47808e-08 8.60713e-08 7.81617e-08 7.09786e-08 6.44554e-08 5.85314e-08 5.31516e-08 4.82661e-08 4.38294e-08 3.98003e-08 3.61415e-08 3.28188e-08 2.98015e-08 2.70615e-08 2.45733e-08 2.23137e-08 2.02619e-08 1.83986e-08 1.67066e-08 1.51702e-08 1.37749e-08 1.2508e-08 1.13575e-08 1.03128e-08 9.36415e-09 8.50273e-09 7.72052e-09 7.01024e-09 6.36527e-09 5.77962e-09 5.24783e-09 4.76496e-09 4.32649e-09 3.92835e-09 3.56684e-09 3.23859e-09 2.94053e-09 2.66989e-09 2.42415e-09 2.20101e-09 1.99841e-09 1.81445e-09 1.64742e-09 1.49576e-09 1.35805e-09 1.23302e-09 1.1195e-09 1.01642e-09 9.22828e-10 8.37852e-10 7.60698e-10 6.90646e-10 6.27042e-10 5.69294e-10 5.16862e-10 4.69257e-10 4.26035e-10 3.86793e-10 3.51164e-10 3.18816e-10 2.89446e-10 2.62781e-10 2.38572e-10 2.16592e-10 1.96636e-10 1.78519e-10 1.6207e-10 1.47136e-10 1.33578e-10 1.21268e-10 1.10093e-10 9.9947e-11 9.07357e-11 8.23731e-11 7.4781e-11 6.78883e-11 6.16308e-11 5.59498e-11 5.07923e-11 4.61101e-11 4.18593e-11 3.80003e-11 3.44969e-11 3.13164e-11 2.8429e-11 2.58078e-11 2.34282e-11
3.26655e-05 3.01071e-07 2.73427e-07 2.4832e-07 2.25517e-07 2.04808e-07 1.85999e-07 1.68916e-07 1.53402e-07 1.39312e-07 1.26515e-07 1.14893e-07 1.04339e-07 9.47533e-08 8.6048e-08 7.81421e-08 7.09622e-08 6.44418e-08 5.85201e-08 5.31424e-08 4.82586e-08 4.38235e-08 3.97957e-08 3.6138e-08 3.28163e-08 2.97998e-08 2.70605e-08 2.45728e-08 2.23137e-08 2.02623e-08 1.83993e-08 1.67076e-08 1.51713e-08 1.37762e-08 1.25094e-08 1.1359e-08 1.03144e-08 9.36574e-09 8.50433e-09 7.72211e-09 7.01182e-09 6.36682e-09 5.78114e-09 5.24931e-09 4.76638e-09 4.32786e-09 3.92967e-09 3.5681e-09 3.23979e-09 2.94167e-09 2.67098e-09 2.42518e-09 2.20199e-09 1.99934e-09 1.81532e-09 1.64824e-09 1.49653e-09 1.35878e-09 1.2337e-09 1.12013e-09 1.01702e-09 9.23386e-10 8.38374e-10 7.61185e-10 6.911e-10 6.27466e-10 5.69689e-10 5.17229e-10 4.69599e-10 4.26353e-10 3.87088e-10 3.51438e-10 3.1907e-10 2.89682e-10 2.63e-10 2.38775e-10 2.1678e-10 1.9681e-10 1.7868e-10 1.62219e-10 1.47274e-10 1.33705e-10 1.21386e-10 1.10202e-10 1.00047e-10 9.08284e-11 8.24586e-11 7.48598e-11 6.79611e-11 6.16979e-11 5.60116e-11 5.08493e-11 4.61626e-11 4.19077e-11 3.80448e-11 3.45379e-11 3.13542e-11 2.84638e-11 2.58398e-11 2.34576e-11 2.12949e-11
2.95911e-05 2.73277e-07 2.48189e-07 2.25403e-07 2.04708e-07 1.85912e-07 1.6884e-07 1.53336e-07 1.39255e-07 1.26466e-07 1.14851e-07 1.04302e-07 9.47222e-08 8.60214e-08 7.81195e-08 7.09431e-08 6.44256e-08 5.85066e-08 5.31312e-08 4.82494e-08 4.38159e-08 3.97897e-08 3.61332e-08 3.28126e-08 2.9797e-08 2.70584e-08 2.45714e-08 2.23129e-08 2.02619e-08 1.83993e-08 1.67079e-08 1.51719e-08 1.3777e-08 1.25103e-08 1.13601e-08 1.03155e-08 9.36697e-09 8.50561e-09 7.72342e-09 7.01313e-09 6.36813e-09 5.78243e-09 5.25058e-09 4.76762e-09 4.32907e-09 3.93084e-09 3.56923e-09 3.24087e-09 2.94271e-09 2.67197e-09 2.42612e-09 2.20289e-09 2.00019e-09 1.81613e-09 1.649e-09 1.49725e-09 1.35945e-09 1.23434e-09 1.12073e-09 1.01757e-09 9.23911e-10 8.38865e-10 7.61645e-10 6.9153e-10 6.27867e-10 5.70063e-10 5.17578e-10 4.69924e-10 4.26656e-10 3.8737e-10 3.517e-10 3.19313e-10 2.89908e-10 2.63209e-10 2.38969e-10 2.1696e-10 1.96977e-10 1.78834e-10 1.62362e-10 1.47406e-10 1.33827e-10 1.21499e-10 1.10306e-10 1.00144e-10 9.09178e-11 8.25412e-11 7.49361e-11 6.80314e-11 6.17628e-11 5.60715e-11 5.09045e-11 4.62135e-11 4.19546e-11 3.8088e-11 3.45777e-11 3.13908e-11 2.84975e-11 2.58708e-11 2.34862e-11 2.13212e-11 1.93558e-11
2.6806e-05 2.48048e-07 2.25279e-07 2.046e-07 1.85817e-07 1.68758e-07 1.53265e-07 1.39193e-07 1.26412e-07 1.14804e-07 1.04262e-07 9.46874e-08 8.59915e-08 7.80939e-08 7.09212e-08 6.4407e-08 5.84909e-08 5.31179e-08 4.82383e-08 4.38067e-08 3.9782e-08 3.6127e-08 3.28076e-08 2.9793e-08 2.70553e-08 2.45691e-08 2.23112e-08 2.02607e-08 1.83986e-08 1.67076e-08 1.51719e-08 1.37773e-08 1.25108e-08 1.13607e-08 1.03163e-08 9.36785e-09 8.50657e-09 7.72443e-09 7.01418e-09 6.36921e-09 5.78352e-09 5.25166e-09 4.76869e-09 4.33012e-09 3.93187e-09 3.57023e-09 3.24184e-09 2.94364e-09 2.67286e-09 2.42698e-09 2.2037e-09 2.00096e-09 1.81687e-09 1.6497e-09 1.49791e-09 1.36008e-09 1.23493e-09 1.12129e-09 1.0181e-09 9.24402e-10 8.39326e-10 7.62076e-10 6.91934e-10 6.28245e-10 5.70416e-10 5.17908e-10 4.70232e-10 4.26943e-10 3.87637e-10 3.51949e-10 3.19545e-10 2.90123e-10 2.63409e-10 2.39155e-10 2.17132e-10 1.97137e-10 1.78982e-10 1.62499e-10 1.47533e-10 1.33945e-10 1.21608e-10 1.10407e-10 1.00237e-10 9.1004e-11 8.26209e-11 7.50097e-11 6.80994e-11 6.18255e-11 5.61294e-11 5.09579e-11 4.62627e-11 4.2e-11 3.81299e-11 3.46163e-11 3.14264e-11 2.85303e-11 2.5901e-11 2.35139e-11 2.13468e-11 1.93793e-11 1.75931e-11
2.42831e-05 2.25147e-07 2.04484e-07 1.85716e-07 1.68669e-07 1.53187e-07 1.39125e-07 1.26353e-07 1.14753e-07 1.04218e-07 9.46489e-08 8.59583e-08 7.80653e-08 7.08966e-08 6.4386e-08 5.84729e-08 5.31026e-08 4.82253e-08 4.37958e-08 3.97729e-08 3.61194e-08 3.28013e-08 2.97879e-08 2.70512e-08 2.45658e-08 2.23087e-08 2.02588e-08 1.83972e-08 1.67066e-08 1.51713e-08 1.3777e-08 1.25108e-08 1.13609e-08 1.03167e-08 9.36838e-09 8.50721e-09 7.72516e-09 7.01497e-09 6.37004e-09 5.78438e-09 5.25254e-09 4.76958e-09 4.33101e-09 3.93275e-09 3.57109e-09 3.24268e-09 2.94446e-09 2.67365e-09 2.42774e-09 2.20444e-09 2.00167e-09 1.81754e-09 1.65034e-09 1.49852e-09 1.36066e-09 1.23547e-09 1.1218e-09 1.01858e-09 9.24859e-10 8.39756e-10 7.62481e-10 6.92313e-10 6.28601e-10 5.70749e-10 5.18219e-10 4.70523e-10 4.27214e-10 3.8789e-10 3.52185e-10 3.19765e-10 2.90328e-10 2.636e-10 2.39332e-10 2.17297e-10 1.9729e-10 1.79124e-10 1.62631e-10 1.47655e-10 1.34058e-10 1.21713e-10 1.10504e-10 1.00327e-10 9.1087e-11 8.26976e-11 7.50806e-11 6.8165e-11 6.18861e-11 5.61854e-11 5.10096e-11 4.63104e-11 4.2044e-11 3.81705e-11 3.46537e-11 3.14609e-11 2.85621e-11 2.59303e-11 2.35409e-11 2.13716e-11 1.94022e-11 1.76142e-11 1.59909e-11
