0.981632 0.00903608 8.31786e-05 7.65672e-07 7.04813e-09 6.48792e-11 5.97223e-13 5.49753e-15 5.06056e-17 4.65833e-19 4.28807e-21 3.94723e-23 3.63349e-25 3.34469e-27 3.07884e-29 2.83412e-31 2.60885e-33 2.40149e-35 2.21061e-37 2.0349e-39 1.87316e-41 1.72427e-43 1.58722e-45 1.46106e-47 1.34493e-49 1.23803e-51 1.13962e-53 1.04904e-55 9.6566e-58 8.88905e-60 8.18252e-62 7.53213e-64 6.93345e-66 6.38235e-68 5.87505e-70 5.40808e-72 4.97822e-74 4.58253e-76 4.2183e-78 3.88301e-80 3.57437e-82 3.29026e-84 3.02874e-86 2.788e-88 2.5664e-90 2.36241e-92 2.17464e-94 2.00179e-96 1.84268e-98 1.69621e-100 1.56139e-102 1.43729e-104 1.32305e-106 1.21788e-108 1.12108e-110 1.03197e-112 9.49948e-115 8.74442e-117 8.04938e-119 7.40958e-121 6.82064e-123 6.2785e-125 5.77946e-127 5.32009e-129 4.89722e-131 4.50797e-133 4.14966e-135 3.81983e-137 3.51621e-139 3.23673e-141 2.97946e-143 2.74264e-145 2.52464e-147 2.32397e-149 2.13925e-151 1.96922e-153 1.8127e-155 1.66862e-157 1.53599e-159 1.4139e-161 1.30152e-163 1.19807e-165 1.10284e-167 1.01518e-169 9.34491e-172 8.60214e-174 7.91841e-176 7.28902e-178 6.70966e-180 6.17634e-182 5.68542e-184 5.23352e-186 4.81754e-188 4.43462e-190 4.08214e-192 3.75767e-194 3.459e-196 3.18406e-198 2.93098e-200 2.69801e-202 2.48356e-204
0.00903608 0.000124511 1.52662e-06 1.75551e-08 1.93837e-10 2.08106e-12 2.18883e-14 2.26632e-16 2.31766e-18 2.34653e-20 2.35616e-22 2.34943e-24 2.32889e-26 2.29677e-28 2.25505e-30 2.20545e-32 2.14948e-34 2.08848e-36 2.0236e-38 1.95583e-40 1.88606e-42 1.81501e-44 1.74335e-46 1.67161e-48 1.60027e-50 1.5297e-52 1.46024e-54 1.39216e-56 1.32568e-58 1.26097e-60 1.19817e-62 1.13739e-64 1.0787e-66 1.02215e-68 9.6778e-71 9.15594e-73 8.6559e-75 8.17751e-77 7.72048e-79 7.28444e-81 6.86894e-83 6.47347e-85 6.09747e-87 5.74035e-89 5.40147e-91 5.0802e-93 4.77588e-95 4.48784e-97 4.21541e-99 3.95794e-101 3.71477e-103 3.48525e-105 3.26874e-107 3.06464e-109 2.87233e-111 2.69123e-113 2.52077e-115 2.36041e-117 2.20961e-119 2.06787e-121 1.93471e-123 1.80965e-125 1.69225e-127 1.58208e-129 1.47873e-131 1.38181e-133 1.29096e-135 1.20582e-137 1.12606e-139 1.05136e-141 9.81425e-144 9.15963e-146 8.54706e-148 7.97401e-150 7.43806e-152 6.93692e-154 6.46846e-156 6.03065e-158 5.62157e-160 5.23942e-162 4.8825e-164 4.54922e-166 4.23807e-168 3.94765e-170 3.67662e-172 3.42373e-174 3.18782e-176 2.96778e-178 2.76258e-180 2.57125e-182 2.39288e-184 2.22663e-186 2.07168e-188 1.9273e-190 1.79278e-192 1.66747e-194 1.55076e-196 1.44206e-198 1.34085e-200 1.24661e-202 1.15889e-204
8.31786e-05 1.52662e-06 2.27977e-08 3.06376e-10 3.85618e-12 4.63902e-14 5.39801e-16 6.12206e-18 6.80279e-20 7.4341e-22 8.01179e-24 8.53326e-26 8.99724e-28 9.40354e-30 9.75282e-32 1.00465e-33 1.02864e-35 1.0475e-37 1.06148e-39 1.07089e-41 1.07601e-43 1.07716e-45 1.07465e-47 1.06879e-49 1.05988e-51 1.04823e-53 1.03412e-55 1.01783e-57 9.99611e-60 9.79719e-62 9.58387e-64 9.35831e-66 9.12258e-68 8.87855e-70 8.62797e-72 8.37244e-74 8.11345e-76 7.85232e-78 7.59027e-80 7.32839e-82 7.06767e-84 6.80898e-86 6.5531e-88 6.30071e-90 6.05241e-92 5.80872e-94 5.57008e-96 5.33687e-98 5.1094e-100 4.88792e-102 4.67263e-104 4.4637e-106 4.26123e-108 4.06529e-110 3.87592e-112 3.69313e-114 3.5169e-116 3.34719e-118 3.18392e-120 3.027e-122 2.87635e-124 2.73183e-126 2.59332e-128 2.46069e-130 2.33378e-132 2.21244e-134 2.09652e-136 1.98584e-138 1.88025e-140 1.77958e-142 1.68365e-144 1.59231e-146 1.50538e-148 1.42269e-150 1.34408e-152 1.2694e-154 1.19847e-156 1.13115e-158 1.06728e-160 1.00672e-162 9.49308e-165 8.94915e-167 8.43403e-169 7.94638e-171 7.48492e-173 7.04842e-175 6.63568e-177 6.24554e-179 5.87691e-181 5.52871e-183 5.19992e-185 4.88957e-187 4.59671e-189 4.32044e-191 4.0599e-193 3.81427e-195 3.58277e-197 3.36463e-199 3.15915e-201 2.96564e-203 2.78345e-205
7.65672e-07 1.75551e-08 3.06376e-10 4.66863e-12 6.54117e-14 8.6477e-16 1.09517e-17 1.34156e-19 1.60016e-21 1.86729e-23 2.13946e-25 2.41338e-27 2.686e-29 2.95457e-31 3.21663e-33 3.47e-35 3.7128e-37 3.94343e-39 4.16056e-41 4.36313e-43 4.55031e-45 4.72148e-47 4.87624e-49 5.01438e-51 5.13584e-53 5.24072e-55 5.32924e-57 5.40174e-59 5.45866e-61 5.5005e-63 5.52787e-65 5.54139e-67 5.54175e-69 5.52966e-71 5.50588e-73 5.47114e-75 5.42622e-77 5.37187e-79 5.30885e-81 5.23791e-83 5.15977e-85 5.07514e-87 4.98471e-89 4.88914e-91 4.78907e-93 4.68511e-95 4.57783e-97 4.46779e-99 4.35549e-101 4.24143e-103 4.12606e-105 4.00981e-107 3.89306e-109 3.77619e-111 3.65953e-113 3.54338e-115 3.42804e-117 3.31376e-119 3.20077e-121 3.08927e-123 2.97946e-125 2.87149e-127 2.76552e-129 2.66166e-131 2.56003e-133 2.46072e-135 2.36381e-137 2.26935e-139 2.1774e-141 2.08799e-143 2.00115e-145 1.91689e-147 1.83522e-149 1.75614e-151 1.67963e-153 1.60568e-155 1.53426e-157 1.46535e-159 1.3989e-161 1.33488e-163 1.27325e-165 1.21396e-167 1.15696e-169 1.10219e-171 1.04961e-173 9.99156e-176 9.50774e-178 9.04407e-180 8.59995e-182 8.17479e-184 7.768e-186 7.37899e-188 7.00717e-190 6.65196e-192 6.31278e-194 5.98906e-196 5.68022e-198 5.38573e-200 5.10502e-202 4.83757e-204 4.58286e-206
7.04813e-09 1.93837e-10 3.85618e-12 6.54117e-14 1.00523e-15 1.44252e-17 1.96735e-19 2.57904e-21 3.27512e-23 4.05154e-25 4.90291e-27 5.82273e-29 6.80362e-31 7.83755e-33 8.91605e-35 1.00303e-36 1.11715e-38 1.23308e-40 1.34996e-42 1.46693e-44 1.5832e-46 1.698e-48 1.81063e-50 1.92043e-52 2.02679e-54 2.12917e-56 2.2271e-58 2.32014e-60 2.40793e-62 2.49017e-64 2.56661e-66 2.63705e-68 2.70135e-70 2.75941e-72 2.81118e-74 2.85666e-76 2.89586e-78 2.92886e-80 2.95575e-82 2.97666e-84 2.99174e-86 3.00117e-88 3.00512e-90 3.00382e-92 2.99749e-94 2.98636e-96 2.97066e-98 2.95066e-100 2.9266e-102 2.89875e-104 2.86734e-106 2.83265e-108 2.79493e-110 2.75443e-112 2.71138e-114 2.66604e-116 2.61864e-118 2.5694e-120 2.51855e-122 2.46629e-124 2.41283e-126 2.35836e-128 2.30307e-130 2.24713e-132 2.19071e-134 2.13397e-136 2.07705e-138 2.02008e-140 1.96321e-142 1.90655e-144 1.85021e-146 1.79429e-148 1.7389e-150 1.6841e-152 1.62999e-154 1.57664e-156 1.5241e-158 1.47245e-160 1.42171e-162 1.37196e-164 1.32321e-166 1.2755e-168 1.22887e-170 1.18333e-172 1.13891e-174 1.09561e-176 1.05346e-178 1.01245e-180 9.72582e-183 9.33867e-185 8.96297e-187 8.59866e-189 8.24566e-191 7.90388e-193 7.57318e-195 7.25343e-197 6.94446e-199 6.64611e-201 6.35819e-203 6.0805e-205 5.81283e-207
6.48792e-11 2.08106e-12 4.63902e-14 8.6477e-16 1.44252e-17 2.22721e-19 3.24622e-21 4.52359e-23 6.07942e-25 7.92956e-27 1.00854e-28 1.25536e-30 1.53364e-32 1.84317e-34 2.1833e-36 2.55299e-38 2.95084e-40 3.37514e-42 3.82387e-44 4.29479e-46 4.78545e-48 5.29322e-50 5.81537e-52 6.34907e-54 6.89145e-56 7.43963e-58 7.99073e-60 8.54193e-62 9.09047e-64 9.63368e-66 1.0169e-67 1.06941e-69 1.12066e-71 1.17043e-73 1.21855e-75 1.26481e-77 1.30907e-79 1.35118e-81 1.39101e-83 1.42845e-85 1.46342e-87 1.49583e-89 1.52562e-91 1.55276e-93 1.57721e-95 1.59897e-97 1.61802e-99 1.63439e-101 1.6481e-103 1.65918e-105 1.66767e-107 1.67364e-109 1.67714e-111 1.67823e-113 1.67701e-115 1.67354e-117 1.66792e-119 1.66024e-121 1.65058e-123 1.63905e-125 1.62574e-127 1.61075e-129 1.59419e-131 1.57615e-133 1.55674e-135 1.53605e-137 1.51418e-139 1.49124e-141 1.46731e-143 1.4425e-145 1.41688e-147 1.39056e-149 1.36361e-151 1.33612e-153 1.30817e-155 1.27984e-157 1.2512e-159 1.22232e-161 1.19327e-163 1.1641e-165 1.13489e-167 1.10569e-169 1.07655e-171 1.04753e-173 1.01866e-175 9.89995e-178 9.61574e-180 9.33433e-182 9.05608e-184 8.7813e-186 8.51029e-188 8.24329e-190 7.98056e-192 7.72229e-194 7.46868e-196 7.21989e-198 6.97606e-200 6.73733e-202 6.50378e-204 6.27551e-206 6.05258e-208
5.97223e-13 2.18883e-14 5.39801e-16 1.09517e-17 1.96735e-19 3.24622e-21 5.02696e-23 7.4076e-25 1.04867e-26 1.43608e-28 1.91228e-30 2.48593e-32 3.16494e-34 3.95627e-36 4.86584e-38 5.89843e-40 7.05759e-42 8.34557e-44 9.76338e-46 1.13107e-47 1.29859e-49 1.47863e-51 1.67077e-53 1.87451e-55 2.08923e-57 2.31422e-59 2.54869e-61 2.79177e-63 3.04253e-65 3.29998e-67 3.56308e-69 3.83078e-71 4.102e-73 4.37564e-75 4.65059e-77 4.92577e-79 5.20009e-81 5.47251e-83 5.74198e-85 6.00752e-87 6.26818e-89 6.52305e-91 6.77128e-93 7.01205e-95 7.24463e-97 7.46832e-99 7.6825e-101 7.8866e-103 8.08012e-105 8.26261e-107 8.43369e-109 8.59305e-111 8.74041e-113 8.87558e-115 8.99841e-117 9.10881e-119 9.20674e-121 9.29221e-123 9.36527e-125 9.42602e-127 9.47461e-129 9.51122e-131 9.53606e-133 9.54938e-135 9.55146e-137 9.54261e-139 9.52315e-141 9.49344e-143 9.45384e-145 9.40475e-147 9.34657e-149 9.27969e-151 9.20454e-153 9.12156e-155 9.03116e-157 8.93377e-159 8.82985e-161 8.7198e-163 8.60408e-165 8.48309e-167 8.35726e-169 8.227e-171 8.09273e-173 7.95483e-175 7.81368e-177 7.66968e-179 7.52318e-181 7.37454e-183 7.2241e-185 7.07218e-187 6.9191e-189 6.76516e-191 6.61066e-193 6.45586e-195 6.30103e-197 6.14642e-199 5.99226e-201 5.83877e-203 5.68616e-205 5.53462e-207 5.38434e-209
5.49753e-15 2.26632e-16 6.12206e-18 1.34156e-19 2.57904e-21 4.52359e-23 7.4076e-25 1.14947e-26 1.70764e-28 2.44681e-30 3.40042e-32 4.6033e-34 6.09106e-36 7.89954e-38 1.00642e-39 1.26196e-41 1.55987e-43 1.90325e-45 2.29495e-47 2.7375e-49 3.23312e-51 3.78366e-53 4.39057e-55 5.05487e-57 5.77717e-59 6.55764e-61 7.39599e-63 8.29152e-65 9.24307e-67 1.02491e-68 1.13076e-70 1.24162e-72 1.35722e-74 1.47726e-76 1.60141e-78 1.7293e-80 1.86054e-82 1.99474e-84 2.13146e-86 2.27027e-88 2.41072e-90 2.55236e-92 2.69472e-94 2.83735e-96 2.97979e-98 3.12158e-100 3.26229e-102 3.40146e-104 3.53869e-106 3.67356e-108 3.80568e-110 3.93467e-112 4.06018e-114 4.18188e-116 4.29945e-118 4.4126e-120 4.52106e-122 4.6246e-124 4.72299e-126 4.81603e-128 4.90356e-130 4.98544e-132 5.06153e-134 5.13174e-136 5.196e-138 5.25424e-140 5.30644e-142 5.35259e-144 5.39269e-146 5.42677e-148 5.45488e-150 5.47708e-152 5.49345e-154 5.50408e-156 5.50908e-158 5.50857e-160 5.50269e-162 5.49158e-164 5.47539e-166 5.45428e-168 5.42843e-170 5.398e-172 5.36318e-174 5.32417e-176 5.28113e-178 5.23429e-180 5.18381e-182 5.12991e-184 5.07279e-186 5.01263e-188 4.94964e-190 4.88401e-192 4.81594e-194 4.74562e-196 4.67323e-198 4.59896e-200 4.523e-202 4.44552e-204 4.36669e-206 4.28668e-208 4.20566e-210
5.06056e-17 2.31766e-18 6.80279e-20 1.60016e-21 3.27512e-23 6.07942e-25 1.04867e-26 1.70764e-28 2.65381e-30 3.96725e-32 5.73901e-34 8.0707e-36 1.10738e-37 1.48687e-39 1.95837e-41 2.53533e-43 3.23174e-45 4.06189e-47 5.04023e-49 6.18121e-51 7.49908e-53 9.00769e-55 1.07204e-56 1.26497e-58 1.48074e-60 1.72041e-62 1.98493e-64 2.27513e-66 2.59167e-68 2.93509e-70 3.30577e-72 3.70391e-74 4.12957e-76 4.58261e-78 5.06274e-80 5.56952e-82 6.10231e-84 6.66033e-86 7.24264e-88 7.84817e-90 8.47568e-92 9.12381e-94 9.7911e-96 1.0476e-97 1.11767e-99 1.18915e-101 1.26186e-103 1.33561e-105 1.41019e-107 1.48541e-109 1.56106e-111 1.63694e-113 1.71285e-115 1.78857e-117 1.86391e-119 1.93866e-121 2.01264e-123 2.08564e-125 2.15748e-127 2.22798e-129 2.29697e-131 2.36428e-133 2.42975e-135 2.49324e-137 2.55461e-139 2.61372e-141 2.67045e-143 2.7247e-145 2.77636e-147 2.82534e-149 2.87156e-151 2.91496e-153 2.95546e-155 2.99303e-157 3.02762e-159 3.0592e-161 3.08775e-163 3.11325e-165 3.13572e-167 3.15514e-169 3.17154e-171 3.18494e-173 3.19537e-175 3.20286e-177 3.20745e-179 3.20921e-181 3.20817e-183 3.20441e-185 3.19798e-187 3.18897e-189 3.17743e-191 3.16346e-193 3.14713e-195 3.12853e-197 3.10774e-199 3.08485e-201 3.05995e-203 3.03314e-205 3.00451e-207 2.97414e-209 2.94215e-211
4.65833e-19 2.34653e-20 7.4341e-22 1.86729e-23 4.05154e-25 7.92956e-27 1.43608e-28 2.44681e-30 3.96725e-32 6.17255e-34 9.27358e-36 1.35192e-37 1.91978e-39 2.66381e-41 3.62095e-43 4.83212e-45 6.34213e-47 8.1994e-49 1.04558e-50 1.3166e-52 1.63875e-54 2.01799e-56 2.46043e-58 2.97229e-60 3.55984e-62 4.22933e-64 4.98694e-66 5.83869e-68 6.79041e-70 7.84768e-72 9.01573e-74 1.02994e-75 1.17032e-77 1.32309e-79 1.48861e-81 1.66715e-83 1.85894e-85 2.06415e-87 2.28285e-89 2.51509e-91 2.76082e-93 3.01993e-95 3.29224e-97 3.57751e-99 3.8754e-101 4.18556e-103 4.50751e-105 4.84076e-107 5.18475e-109 5.53883e-111 5.90235e-113 6.27457e-115 6.65473e-117 7.04203e-119 7.4356e-121 7.8346e-123 8.2381e-125 8.6452e-127 9.05495e-129 9.4664e-131 9.87861e-133 1.02906e-134 1.07014e-136 1.11101e-138 1.15158e-140 1.19174e-142 1.23141e-144 1.27051e-146 1.30894e-148 1.34663e-150 1.38348e-152 1.41943e-154 1.4544e-156 1.48833e-158 1.52113e-160 1.55277e-162 1.58317e-164 1.61228e-166 1.64007e-168 1.66647e-170 1.69146e-172 1.71499e-174 1.73705e-176 1.75759e-178 1.77661e-180 1.79408e-182 1.80999e-184 1.82433e-186 1.83711e-188 1.84831e-190 1.85794e-192 1.86602e-194 1.87254e-196 1.87753e-198 1.881e-200 1.88298e-202 1.88348e-204 1.88254e-206 1.88017e-208 1.87643e-210 1.87132e-212
4.28807e-21 2.35616e-22 8.01179e-24 2.13946e-25 4.90291e-27 1.00854e-28 1.91228e-30 3.40042e-32 5.73901e-34 9.27358e-36 1.44417e-37 2.17852e-39 3.19624e-41 4.57588e-43 6.40976e-45 8.80476e-47 1.18831e-48 1.57826e-50 2.06575e-52 2.66779e-54 3.40299e-56 4.29152e-58 5.35503e-60 6.61657e-62 8.1005e-64 9.83228e-66 1.18384e-67 1.41462e-69 1.67835e-71 1.97787e-73 2.31603e-75 2.69569e-77 3.11967e-79 3.59074e-81 4.1116e-83 4.68485e-85 5.31298e-87 5.99831e-89 6.74302e-91 7.54908e-93 8.41827e-95 9.35214e-97 1.0352e-98 1.14189e-100 1.25536e-102 1.37566e-104 1.50281e-106 1.63681e-108 1.77762e-110 1.92516e-112 2.07935e-114 2.24005e-116 2.4071e-118 2.58032e-120 2.75949e-122 2.94437e-124 3.13469e-126 3.33015e-128 3.53044e-130 3.73522e-132 3.94413e-134 4.15679e-136 4.37279e-138 4.59174e-140 4.8132e-142 5.03674e-144 5.2619e-146 5.48825e-148 5.71532e-150 5.94265e-152 6.16976e-154 6.39621e-156 6.62152e-158 6.84525e-160 7.06693e-162 7.28612e-164 7.5024e-166 7.71532e-168 7.92448e-170 8.12948e-172 8.32993e-174 8.52546e-176 8.71571e-178 8.90036e-180 9.07907e-182 9.25156e-184 9.41753e-186 9.57673e-188 9.72893e-190 9.87389e-192 1.00114e-193 1.01413e-195 1.02635e-197 1.03778e-199 1.0484e-201 1.05822e-203 1.06721e-205 1.07539e-207 1.08273e-209 1.08925e-211 1.09494e-213
3.94723e-23 2.34943e-24 8.53326e-26 2.41338e-27 5.82273e-29 1.25536e-30 2.48593e-32 4.6033e-34 8.0707e-36 1.35192e-37 2.17852e-39 3.39509e-41 5.13874e-43 7.57994e-45 1.09271e-46 1.54311e-48 2.13897e-50 2.91521e-52 3.91226e-54 5.17643e-56 6.76024e-58 8.72266e-60 1.11293e-61 1.40526e-63 1.75717e-65 2.17726e-67 2.67481e-69 3.25972e-71 3.94253e-73 4.73436e-75 5.64685e-77 6.69214e-79 7.88278e-81 9.23168e-83 1.0752e-84 1.24571e-86 1.43606e-88 1.64758e-90 1.88163e-92 2.13952e-94 2.42257e-96 2.73203e-98 3.06912e-100 3.43501e-102 3.83078e-104 4.25746e-106 4.716e-108 5.20723e-110 5.73191e-112 6.29067e-114 6.88406e-116 7.51248e-118 8.17622e-120 8.87544e-122 9.61018e-124 1.03803e-125 1.11856e-127 1.20257e-129 1.29001e-131 1.38081e-133 1.47489e-135 1.57216e-137 1.67252e-139 1.77585e-141 1.88202e-143 1.99089e-145 2.1023e-147 2.21609e-149 2.3321e-151 2.45012e-153 2.56998e-155 2.69148e-157 2.81441e-159 2.93856e-161 3.0637e-163 3.18963e-165 3.31611e-167 3.44292e-169 3.56983e-171 3.6966e-173 3.82301e-175 3.94883e-177 4.07382e-179 4.19777e-181 4.32044e-183 4.44163e-185 4.5611e-187 4.67866e-189 4.7941e-191 4.90722e-193 5.01782e-195 5.12574e-197 5.23078e-199 5.33278e-201 5.43159e-203 5.52705e-205 5.61901e-207 5.70736e-209 5.79196e-211 5.87271e-213 5.94949e-215
3.63349e-25 2.32889e-26 8.99724e-28 2.686e-29 6.80362e-31 1.53364e-32 3.16494e-34 6.09106e-36 1.10738e-37 1.91978e-39 3.19624e-41 5.13874e-43 8.01329e-45 1.21632e-46 1.80237e-48 2.61376e-50 3.71715e-52 5.19337e-54 7.13915e-56 9.66894e-58 1.29167e-59 1.70375e-61 2.22096e-63 2.86356e-65 3.65441e-67 4.61908e-69 5.78599e-71 7.18648e-73 8.85485e-75 1.08284e-76 1.31475e-78 1.58555e-80 1.89987e-82 2.26262e-84 2.67898e-86 3.15439e-88 3.69455e-90 4.30534e-92 4.99285e-94 5.76335e-96 6.62321e-98 7.57893e-100 8.63707e-102 9.8042e-104 1.10869e-105 1.24917e-107 1.40251e-109 1.56932e-111 1.75024e-113 1.94584e-115 2.1567e-117 2.38336e-119 2.6263e-121 2.88601e-123 3.1629e-125 3.45735e-127 3.7697e-129 4.10022e-131 4.44915e-133 4.81665e-135 5.20283e-137 5.60776e-139 6.03142e-141 6.47374e-143 6.93459e-145 7.41375e-147 7.91098e-149 8.42595e-151 8.95825e-153 9.50744e-155 1.0073e-156 1.06543e-158 1.12509e-160 1.18618e-162 1.24865e-164 1.31241e-166 1.37738e-168 1.44346e-170 1.51057e-172 1.5786e-174 1.64746e-176 1.71704e-178 1.78723e-180 1.85792e-182 1.929e-184 2.00036e-186 2.07188e-188 2.14344e-190 2.21493e-192 2.28623e-194 2.35722e-196 2.42778e-198 2.49781e-200 2.56718e-202 2.63579e-204 2.70351e-206 2.77025e-208 2.8359e-210 2.90035e-212 2.96351e-214 3.02527e-216
3.34469e-27 2.29677e-28 9.40354e-30 2.95457e-31 7.83755e-33 1.84317e-34 3.95627e-36 7.89954e-38 1.48687e-39 2.66381e-41 4.57588e-43 7.57994e-45 1.21632e-46 1.89769e-48 2.88746e-50 4.29563e-52 6.26167e-54 8.95997e-56 1.26056e-57 1.74607e-59 2.38411e-61 3.21232e-63 4.27513e-65 5.6245e-67 7.32068e-69 9.4329e-71 1.20402e-72 1.52319e-74 1.91087e-76 2.37829e-78 2.9379e-80 3.60345e-82 4.38999e-84 5.31393e-86 6.39307e-88 7.64657e-90 9.09499e-92 1.07603e-93 1.26657e-95 1.48358e-97 1.72965e-99 2.00748e-101 2.31989e-103 2.6698e-105 3.06022e-107 3.49424e-109 3.97502e-111 4.50578e-113 5.08978e-115 5.7303e-117 6.43062e-119 7.19402e-121 8.02376e-123 8.92305e-125 9.89503e-127 1.09428e-128 1.20692e-130 1.32772e-132 1.45695e-134 1.59487e-136 1.7417e-138 1.89767e-140 2.06299e-142 2.23782e-144 2.42232e-146 2.61662e-148 2.82081e-150 3.03499e-152 3.25919e-154 3.49343e-156 3.7377e-158 3.99196e-160 4.25614e-162 4.53013e-164 4.8138e-166 5.10699e-168 5.40949e-170 5.72109e-172 6.04153e-174 6.37051e-176 6.70773e-178 7.05283e-180 7.40546e-182 7.76521e-184 8.13167e-186 8.50438e-188 8.88288e-190 9.26668e-192 9.65528e-194 1.00481e-195 1.04447e-197 1.08445e-199 1.12469e-201 1.16513e-203 1.20571e-205 1.24638e-207 1.28707e-209 1.32772e-211 1.36828e-213 1.40868e-215 1.44886e-217
3.07884e-29 2.25505e-30 9.75282e-32 3.21663e-33 8.91605e-35 2.1833e-36 4.86584e-38 1.00642e-39 1.95837e-41 3.62095e-43 6.40976e-45 1.09271e-46 1.80237e-48 2.88746e-50 4.50694e-52 6.87201e-54 1.02586e-55 1.50217e-57 2.16118e-59 3.05933e-61 4.26644e-63 5.86799e-65 7.96752e-67 1.06892e-68 1.41807e-70 1.8616e-72 2.41983e-74 3.11636e-76 3.97832e-78 5.03678e-80 6.32698e-82 7.88872e-84 9.76663e-86 1.20105e-87 1.46755e-89 1.78225e-91 2.15183e-93 2.58359e-95 3.08543e-97 3.66592e-99 4.33427e-101 5.10035e-103 5.97469e-105 6.96844e-107 8.09343e-109 9.36209e-111 1.07875e-112 1.23832e-114 1.41634e-116 1.61427e-118 1.83363e-120 2.07598e-122 2.3429e-124 2.63601e-126 2.95696e-128 3.30741e-130 3.68904e-132 4.10351e-134 4.5525e-136 5.03767e-138 5.56064e-140 6.12303e-142 6.7264e-144 7.37227e-146 8.06212e-148 8.79733e-150 9.57925e-152 1.04091e-153 1.12881e-155 1.22173e-157 1.31976e-159 1.42299e-161 1.5315e-163 1.64534e-165 1.76456e-167 1.88921e-169 2.01929e-171 2.15482e-173 2.2958e-175 2.44219e-177 2.59396e-179 2.75107e-181 2.91343e-183 3.08097e-185 3.25359e-187 3.43118e-189 3.61361e-191 3.80073e-193 3.99238e-195 4.1884e-197 4.3886e-199 4.59278e-201 4.80073e-203 5.01223e-205 5.22703e-207 5.44489e-209 5.66555e-211 5.88876e-213 6.11422e-215 6.34167e-217 6.5708e-219
2.83412e-31 2.20545e-32 1.00465e-33 3.47e-35 1.00303e-36 2.55299e-38 5.89843e-40 1.26196e-41 2.53533e-43 4.83212e-45 8.80476e-47 1.54311e-48 2.61376e-50 4.29563e-52 6.87201e-54 1.07303e-55 1.63911e-57 2.45429e-59 3.60826e-61 5.21632e-63 7.42487e-65 1.04176e-66 1.44223e-68 1.97191e-70 2.66486e-72 3.56217e-74 4.71295e-76 6.17545e-78 8.01824e-80 1.03214e-81 1.3178e-83 1.66951e-85 2.09956e-87 2.62192e-89 3.25243e-91 4.0089e-93 4.9113e-95 5.98185e-97 7.24522e-99 8.72859e-101 1.04618e-102 1.24776e-104 1.48114e-106 1.75017e-108 2.05902e-110 2.41214e-112 2.81432e-114 3.27066e-116 3.78657e-118 4.36779e-120 5.02036e-122 5.75063e-124 6.56525e-126 7.47116e-128 8.47554e-130 9.58588e-132 1.08099e-133 1.21554e-135 1.36306e-137 1.52437e-139 1.70033e-141 1.89177e-143 2.09956e-145 2.32457e-147 2.56766e-149 2.8297e-151 3.11155e-153 3.41405e-155 3.73805e-157 4.08435e-159 4.45376e-161 4.84704e-163 5.26494e-165 5.70816e-167 6.17737e-169 6.6732e-171 7.19622e-173 7.74698e-175 8.32596e-177 8.93358e-179 9.5702e-181 1.02361e-182 1.09316e-184 1.16569e-186 1.24119e-188 1.31969e-190 1.40116e-192 1.48561e-194 1.57301e-196 1.66334e-198 1.75656e-200 1.85263e-202 1.95151e-204 2.05313e-206 2.15743e-208 2.26433e-210 2.37377e-212 2.48564e-214 2.59987e-216 2.71634e-218 2.83494e-220
2.60885e-33 2.14948e-34 1.02864e-35 3.7128e-37 1.11715e-38 2.95084e-40 7.05759e-42 1.55987e-43 3.23174e-45 6.34213e-47 1.18831e-48 2.13897e-50 3.71715e-52 6.26167e-54 1.02586e-55 1.63911e-57 2.56024e-59 3.91722e-61 5.88108e-63 8.67717e-65 1.25985e-66 1.80215e-68 2.54241e-70 3.5407e-72 4.87171e-74 6.62752e-76 8.92056e-78 1.1887e-79 1.56906e-81 2.05264e-83 2.66255e-85 3.42597e-87 4.37464e-89 5.54542e-91 6.98086e-93 8.72977e-95 1.08479e-96 1.33984e-98 1.64528e-100 2.00913e-102 2.44037e-104 2.949e-106 3.54611e-108 4.24392e-110 5.05587e-112 5.99668e-114 7.0824e-116 8.33043e-118 9.75964e-120 1.13904e-121 1.32444e-123 1.53451e-125 1.77174e-127 2.03877e-129 2.33842e-131 2.67365e-133 3.04756e-135 3.46344e-137 3.9247e-139 4.4349e-141 4.99775e-143 5.61707e-145 6.29684e-147 7.04112e-149 7.8541e-151 8.74004e-153 9.7033e-155 1.07483e-156 1.18795e-158 1.31015e-160 1.44188e-162 1.58359e-164 1.73574e-166 1.89879e-168 2.07317e-170 2.25933e-172 2.4577e-174 2.6687e-176 2.89276e-178 3.13025e-180 3.38157e-182 3.64707e-184 3.92711e-186 4.22199e-188 4.53203e-190 4.85749e-192 5.19862e-194 5.55564e-196 5.92873e-198 6.31806e-200 6.72376e-202 7.1459e-204 7.58455e-206 8.03973e-208 8.51141e-210 8.99956e-212 9.50406e-214 1.00248e-215 1.05616e-217 1.11143e-219 1.16825e-221
2.40149e-35 2.08848e-36 1.0475e-37 3.94343e-39 1.23308e-40 3.37514e-42 8.34557e-44 1.90325e-45 4.06189e-47 8.1994e-49 1.57826e-50 2.91521e-52 5.19337e-54 8.95997e-56 1.50217e-57 2.45429e-59 3.91722e-61 6.12031e-63 9.3776e-65 1.41127e-66 2.08891e-68 3.04472e-70 4.37481e-72 6.20254e-74 8.68466e-76 1.20183e-77 1.64493e-79 2.22813e-81 2.98864e-83 3.97171e-85 5.23192e-87 6.8347e-89 8.85792e-91 1.13936e-92 1.45501e-94 1.84536e-96 2.3251e-98 2.9112e-100 3.62315e-102 4.48324e-104 5.51682e-106 6.75262e-108 8.22301e-110 9.96434e-112 1.20172e-113 1.44268e-115 1.72432e-117 2.05218e-119 2.43234e-121 2.87146e-123 3.37683e-125 3.95637e-127 4.61867e-129 5.37301e-131 6.22939e-133 7.19854e-135 8.29195e-137 9.52188e-139 1.09014e-140 1.24442e-142 1.4165e-144 1.60793e-146 1.82031e-148 2.05534e-150 2.3148e-152 2.60053e-154 2.91446e-156 3.25856e-158 3.6349e-160 4.04558e-162 4.49279e-164 4.97875e-166 5.50573e-168 6.07604e-170 6.69204e-172 7.35611e-174 8.07063e-176 8.83804e-178 9.66074e-180 1.05412e-181 1.14817e-183 1.24847e-185 1.35527e-187 1.46878e-189 1.58923e-191 1.71686e-193 1.85187e-195 1.99447e-197 2.14486e-199 2.30323e-201 2.46976e-203 2.64461e-205 2.82796e-207 3.01993e-209 3.22065e-211 3.43025e-213 3.64882e-215 3.87645e-217 4.1132e-219 4.35912e-221 4.61424e-223
2.21061e-37 2.0236e-38 1.06148e-39 4.16056e-41 1.34996e-42 3.82387e-44 9.76338e-46 2.29495e-47 5.04023e-49 1.04558e-50 2.06575e-52 3.91226e-54 7.13915e-56 1.26056e-57 2.16118e-59 3.60826e-61 5.88108e-63 9.3776e-65 1.46554e-66 2.24839e-68 3.39094e-70 5.03365e-72 7.3627e-74 1.06221e-75 1.51281e-77 2.12865e-79 2.96132e-81 4.07575e-83 5.55306e-85 7.49367e-87 1.0021e-88 1.32856e-90 1.74699e-92 2.27933e-94 2.95182e-96 3.79562e-98 4.84757e-100 6.15091e-102 7.75616e-104 9.72205e-106 1.21165e-107 1.50175e-109 1.85147e-111 2.271e-113 2.77193e-115 3.36733e-117 4.07195e-119 4.9023e-121 5.87682e-123 7.01606e-125 8.34274e-127 9.88202e-129 1.16616e-130 1.37117e-132 1.60656e-134 1.87595e-136 2.18326e-138 2.53276e-140 2.92902e-142 3.37701e-144 3.88202e-146 4.44974e-148 5.08623e-150 5.79795e-152 6.59175e-154 7.47486e-156 8.45495e-158 9.54007e-160 1.07387e-161 1.20596e-163 1.35122e-165 1.5106e-167 1.6851e-169 1.87577e-171 2.08367e-173 2.30992e-175 2.55565e-177 2.82203e-179 3.11025e-181 3.42154e-183 3.75713e-185 4.11828e-187 4.50628e-189 4.9224e-191 5.36793e-193 5.84419e-195 6.35246e-197 6.89405e-199 7.47023e-201 8.08229e-203 8.73149e-205 9.41905e-207 1.01462e-208 1.09141e-210 1.17239e-212 1.25767e-214 1.34736e-216 1.44155e-218 1.54035e-220 1.64384e-222 1.7521e-224
2.0349e-39 1.95583e-40 1.07089e-41 4.36313e-43 1.46693e-44 4.29479e-46 1.13107e-47 2.7375e-49 6.18121e-51 1.3166e-52 2.66779e-54 5.17643e-56 9.66894e-58 1.74607e-59 3.05933e-61 5.21632e-63 8.67717e-65 1.41127e-66 2.24839e-68 3.51461e-70 5.39821e-72 8.15717e-74 1.21405e-75 1.78147e-77 2.57962e-79 3.68915e-81 5.21444e-83 7.28939e-85 1.00842e-86 1.38135e-88 1.87456e-90 2.52134e-92 3.36271e-94 4.44887e-96 5.84079e-98 7.61215e-100 9.85133e-102 1.26638e-103 1.61749e-105 2.05321e-107 2.59092e-109 3.25085e-111 4.05659e-113 5.03539e-115 6.21865e-117 7.6424e-119 9.34779e-121 1.13816e-122 1.37969e-124 1.66534e-126 2.00185e-128 2.39674e-130 2.85844e-132 3.39631e-134 4.02071e-136 4.7431e-138 5.57613e-140 6.53366e-142 7.63086e-144 8.8843e-146 1.0312e-147 1.19336e-149 1.37701e-151 1.58445e-153 1.81813e-155 2.08069e-157 2.37496e-159 2.70394e-161 3.07085e-163 3.47909e-165 3.93229e-167 4.43425e-169 4.98901e-171 5.60079e-173 6.27405e-175 7.01343e-177 7.82379e-179 8.7102e-181 9.67791e-183 1.07324e-184 1.18793e-186 1.31244e-188 1.44737e-190 1.59334e-192 1.75099e-194 1.92095e-196 2.10389e-198 2.30047e-200 2.51138e-202 2.7373e-204 2.97894e-206 3.23698e-208 3.51214e-210 3.80512e-212 4.11662e-214 4.44734e-216 4.79798e-218 5.16922e-220 5.56175e-222 5.97622e-224 6.41329e-226
1.87316e-41 1.88606e-42 1.07601e-43 4.55031e-45 1.5832e-46 4.78545e-48 1.29859e-49 3.23312e-51 7.49908e-53 1.63875e-54 3.40299e-56 6.76024e-58 1.29167e-59 2.38411e-61 4.26644e-63 7.42487e-65 1.25985e-66 2.08891e-68 3.39094e-70 5.39821e-72 8.44003e-74 1.29768e-75 1.96435e-77 2.93055e-79 4.31278e-81 6.26624e-83 8.9955e-85 1.27676e-86 1.79281e-88 2.49199e-90 3.43062e-92 4.67977e-94 6.32841e-96 8.48717e-98 1.12926e-99 1.49123e-101 1.95503e-103 2.54541e-105 3.29217e-107 4.23099e-109 5.40441e-111 6.86282e-113 8.66569e-115 1.08828e-116 1.35956e-118 1.6899e-120 2.09027e-122 2.57333e-124 3.15363e-126 3.84779e-128 4.67477e-130 5.65607e-132 6.81604e-134 8.1821e-136 9.78506e-138 1.16594e-139 1.38437e-141 1.63806e-143 1.93177e-145 2.27074e-147 2.66076e-149 3.10819e-151 3.61998e-153 4.20376e-155 4.86781e-157 5.62115e-159 6.47357e-161 7.43562e-163 8.51871e-165 9.73509e-167 1.10979e-168 1.26213e-170 1.43203e-172 1.62109e-174 1.83102e-176 2.06363e-178 2.32082e-180 2.60462e-182 2.91715e-184 3.26066e-186 3.63748e-188 4.05008e-190 4.50101e-192 4.99295e-194 5.52867e-196 6.11107e-198 6.74312e-200 7.4279e-202 8.1686e-204 8.96848e-206 9.8309e-208 1.07593e-209 1.17572e-211 1.28282e-213 1.39759e-215 1.5204e-217 1.65163e-219 1.79165e-221 1.94085e-223 2.09961e-225 2.26832e-227
1.72427e-43 1.81501e-44 1.07716e-45 4.72148e-47 1.698e-48 5.29322e-50 1.47863e-51 3.78366e-53 9.00769e-55 2.01799e-56 4.29152e-58 8.72266e-60 1.70375e-61 3.21232e-63 5.86799e-65 1.04176e-66 1.80215e-68 3.04472e-70 5.03365e-72 8.15717e-74 1.29768e-75 2.02928e-77 3.12301e-79 4.73502e-81 7.07938e-83 1.04464e-84 1.52253e-86 2.19332e-88 3.12503e-90 4.4063e-92 6.15169e-94 8.50809e-96 1.16623e-97 1.58502e-99 2.13674e-101 2.8582e-103 3.79496e-105 5.003e-107 6.55075e-109 8.52135e-111 1.10153e-112 1.41532e-114 1.80796e-116 2.29662e-118 2.90165e-120 3.64703e-122 4.56089e-124 5.6761e-126 7.03092e-128 8.66967e-130 1.06435e-131 1.30112e-133 1.58402e-135 1.92073e-137 2.32e-139 2.79173e-141 3.34714e-143 3.99881e-145 4.76091e-147 5.64925e-149 6.6815e-151 7.87731e-153 9.25845e-155 1.0849e-156 1.26756e-158 1.47673e-160 1.71563e-162 1.98777e-164 2.29696e-166 2.64737e-168 3.04354e-170 3.49034e-172 3.99309e-174 4.55748e-176 5.18967e-178 5.89622e-180 6.68421e-182 7.56118e-184 8.53514e-186 9.61467e-188 1.08088e-189 1.21272e-191 1.35801e-193 1.5178e-195 1.69324e-197 1.88551e-199 2.09584e-201 2.32555e-203 2.576e-205 2.84859e-207 3.14481e-209 3.46617e-211 3.81428e-213 4.19076e-215 4.59731e-217 5.03567e-219 5.50763e-221 6.01504e-223 6.55976e-225 7.14372e-227 7.76889e-229
1.58722e-45 1.74335e-46 1.07465e-47 4.87624e-49 1.81063e-50 5.81537e-52 1.67077e-53 4.39057e-55 1.07204e-56 2.46043e-58 5.35503e-60 1.11293e-61 2.22096e-63 4.27513e-65 7.96752e-67 1.44223e-68 2.54241e-70 4.37481e-72 7.3627e-74 1.21405e-75 1.96435e-77 3.12301e-79 4.88451e-81 7.52361e-83 1.14238e-84 1.7114e-86 2.53156e-88 3.70029e-90 5.34783e-92 7.64666e-94 1.08232e-95 1.51724e-97 2.10749e-99 2.90185e-101 3.96243e-103 5.36763e-105 7.21589e-107 9.62993e-109 1.27618e-110 1.6799e-112 2.19709e-114 2.85571e-116 3.68965e-118 4.73974e-120 6.055e-122 7.69392e-124 9.72606e-126 1.22337e-127 1.53137e-129 1.90799e-131 2.3665e-133 2.92238e-135 3.59356e-137 4.40074e-139 5.36775e-141 6.52195e-143 7.89456e-145 9.52119e-147 1.14422e-148 1.37035e-150 1.63565e-152 1.94593e-154 2.30771e-156 2.72828e-158 3.21575e-160 3.77916e-162 4.42852e-164 5.17494e-166 6.03064e-168 7.00908e-170 8.12504e-172 9.39472e-174 1.08358e-175 1.24675e-177 1.43109e-179 1.63887e-181 1.87255e-183 2.13479e-185 2.42845e-187 2.75663e-189 3.12263e-191 3.52999e-193 3.98251e-195 4.48422e-197 5.03942e-199 5.6527e-201 6.32888e-203 7.07311e-205 7.8908e-207 8.78766e-209 9.76969e-211 1.08432e-212 1.20149e-214 1.32916e-216 1.46805e-218 1.61893e-220 1.78257e-222 1.95979e-224 2.15144e-226 2.35839e-228 2.58155e-230
1.46106e-47 1.67161e-48 1.06879e-49 5.01438e-51 1.92043e-52 6.34907e-54 1.87451e-55 5.05487e-57 1.26497e-58 2.97229e-60 6.61657e-62 1.40526e-63 2.86356e-65 5.6245e-67 1.06892e-68 1.97191e-70 3.5407e-72 6.20254e-74 1.06221e-75 1.78147e-77 2.93055e-79 4.73502e-81 7.52361e-83 1.1769e-84 1.81421e-86 2.75839e-88 4.13993e-90 6.13788e-92 8.99537e-94 1.30395e-95 1.87064e-97 2.65721e-99 3.73919e-101 5.21479e-103 7.21074e-105 9.88945e-107 1.34576e-108 1.81764e-110 2.4374e-112 3.24601e-114 4.29434e-116 5.64514e-118 7.37546e-120 9.57937e-122 1.23712e-123 1.58891e-125 2.02993e-127 2.5801e-129 3.26316e-131 4.10732e-133 5.1459e-135 6.41816e-137 7.97017e-139 9.85572e-141 1.21375e-142 1.48881e-144 1.81915e-146 2.21446e-148 2.68585e-150 3.24602e-152 3.90948e-154 4.69274e-156 5.6145e-158 6.69591e-160 7.9608e-162 9.43597e-164 1.11515e-165 1.31409e-167 1.54417e-169 1.80955e-171 2.11485e-173 2.46519e-175 2.86621e-177 3.32413e-179 3.84578e-181 4.43865e-183 5.11092e-185 5.87154e-187 6.73024e-189 7.69759e-191 8.78506e-193 1.00051e-194 1.1371e-196 1.28973e-198 1.45994e-200 1.64941e-202 1.85993e-204 2.09339e-206 2.35184e-208 2.63745e-210 2.95252e-212 3.2995e-214 3.681e-216 4.09974e-218 4.55864e-220 5.06073e-222 5.60923e-224 6.20752e-226 6.85911e-228 7.56772e-230 8.3372e-232
1.34493e-49 1.60027e-50 1.05988e-51 5.13584e-53 2.02679e-54 6.89145e-56 2.08923e-57 5.77717e-59 1.48074e-60 3.55984e-62 8.1005e-64 1.75717e-65 3.65441e-67 7.32068e-69 1.41807e-70 2.66486e-72 4.87171e-74 8.68466e-76 1.51281e-77 2.57962e-79 4.31278e-81 7.07938e-83 1.14238e-84 1.81421e-86 2.83832e-88 4.37848e-90 6.66546e-92 1.00209e-93 1.48882e-95 2.18733e-97 3.17956e-99 4.57541e-101 6.52098e-103 9.20898e-105 1.28916e-106 1.78965e-108 2.46461e-110 3.36819e-112 4.5693e-114 6.15508e-116 8.23511e-118 1.09464e-119 1.44591e-121 1.89837e-123 2.47791e-125 3.21619e-127 4.1518e-129 5.33148e-131 6.81164e-133 8.66002e-135 1.09577e-136 1.38011e-138 1.73048e-140 2.16041e-142 2.68582e-144 3.3254e-146 4.10098e-148 5.03798e-150 6.1659e-152 7.51887e-154 9.13624e-156 1.10632e-157 1.33516e-159 1.60607e-161 1.92578e-163 2.30194e-165 2.74324e-167 3.25946e-169 3.86163e-171 4.56215e-173 5.37489e-175 6.31538e-177 7.40091e-179 8.65074e-181 1.00862e-182 1.17309e-184 1.3611e-186 1.57553e-188 1.81953e-190 2.09658e-192 2.41047e-194 2.76536e-196 3.16577e-198 3.61662e-200 4.12326e-202 4.69148e-204 5.32755e-206 6.03822e-208 6.83079e-210 7.7131e-212 8.69355e-214 9.78117e-216 1.09856e-217 1.23171e-219 1.37867e-221 1.54061e-223 1.71876e-225 1.91444e-227 2.12905e-229 2.36404e-231 2.62099e-233
1.23803e-51 1.5297e-52 1.04823e-53 5.24072e-55 2.12917e-56 7.43963e-58 2.31422e-59 6.55764e-61 1.72041e-62 4.22933e-64 9.83228e-66 2.17726e-67 4.61908e-69 9.4329e-71 1.8616e-72 3.56217e-74 6.62752e-76 1.20183e-77 2.12865e-79 3.68915e-81 6.26624e-83 1.04464e-84 1.7114e-86 2.75839e-88 4.37848e-90 6.85097e-92 1.05756e-93 1.61179e-95 2.42699e-97 3.61288e-99 5.32012e-101 7.75357e-103 1.11895e-104 1.59973e-106 2.2667e-108 3.18438e-110 4.43707e-112 6.13423e-114 8.41694e-116 1.14659e-117 1.55113e-119 2.08441e-121 2.78308e-123 3.69297e-125 4.87114e-127 6.38821e-129 8.33122e-131 1.08069e-132 1.39454e-134 1.79049e-136 2.28767e-138 2.90914e-140 3.68251e-142 4.64082e-144 5.82333e-146 7.27661e-148 9.05567e-150 1.12252e-151 1.38612e-153 1.70522e-155 2.09017e-157 2.55295e-159 3.10746e-161 3.76971e-163 4.55813e-165 5.49387e-167 6.60109e-169 7.90738e-171 9.44409e-173 1.12468e-174 1.33557e-176 1.58163e-178 1.86796e-180 2.20031e-182 2.5851e-184 3.02951e-186 3.54155e-188 4.13013e-190 4.80513e-192 5.57748e-194 6.45929e-196 7.46388e-198 8.60591e-200 9.9015e-202 1.13683e-203 1.30256e-205 1.48944e-207 1.69977e-209 1.93605e-211 2.20098e-213 2.49749e-215 2.82875e-217 3.19819e-219 3.60949e-221 4.06662e-223 4.57383e-225 5.13568e-227 5.75706e-229 6.44318e-231 7.1996e-233 8.03224e-235
1.13962e-53 1.46024e-54 1.03412e-55 5.32924e-57 2.2271e-58 7.99073e-60 2.54869e-61 7.39599e-63 1.98493e-64 4.98694e-66 1.18384e-67 2.67481e-69 5.78599e-71 1.20402e-72 2.41983e-74 4.71295e-76 8.92056e-78 1.64493e-79 2.96132e-81 5.21444e-83 8.9955e-85 1.52253e-86 2.53156e-88 4.13993e-90 6.66546e-92 1.05756e-93 1.65495e-95 2.55626e-97 3.90007e-99 5.88119e-101 8.77085e-103 1.29431e-104 1.89092e-106 2.7362e-108 3.9233e-110 5.57646e-112 7.86015e-114 1.09906e-115 1.525e-117 2.10043e-119 2.87254e-121 3.90172e-123 5.26491e-125 7.05947e-127 9.40804e-129 1.24642e-130 1.64193e-132 2.15106e-134 2.80309e-136 3.63398e-138 4.68771e-140 6.01781e-142 7.68917e-144 9.78012e-146 1.23849e-147 1.56163e-149 1.9609e-151 2.4523e-153 3.05481e-155 3.79079e-157 4.6866e-159 5.7731e-161 7.0864e-163 8.66854e-165 1.05684e-166 1.28425e-168 1.55561e-170 1.87846e-172 2.26141e-174 2.71435e-176 3.24858e-178 3.87695e-180 4.61405e-182 5.47643e-184 6.4828e-186 7.65423e-188 9.01444e-190 1.05901e-191 1.24109e-193 1.45102e-195 1.69251e-197 1.96969e-199 2.28714e-201 2.64994e-203 3.06369e-205 3.53458e-207 4.06942e-209 4.6757e-211 5.36163e-213 6.13618e-215 7.00918e-217 7.99132e-219 9.09425e-221 1.03306e-222 1.17142e-224 1.32598e-226 1.49836e-228 1.69028e-230 1.90362e-232 2.14038e-234 2.40272e-236
1.04904e-55 1.39216e-56 1.01783e-57 5.40174e-59 2.32014e-60 8.54193e-62 2.79177e-63 8.29152e-65 2.27513e-66 5.83869e-68 1.41462e-69 3.25972e-71 7.18648e-73 1.52319e-74 3.11636e-76 6.17545e-78 1.1887e-79 2.22813e-81 4.07575e-83 7.28939e-85 1.27676e-86 2.19332e-88 3.70029e-90 6.13788e-92 1.00209e-93 1.61179e-95 2.55626e-97 4.00067e-99 6.18305e-101 9.44277e-103 1.42588e-104 2.13009e-106 3.14965e-108 4.61194e-110 6.6904e-112 9.61938e-114 1.3713e-115 1.93893e-117 2.72008e-119 3.78727e-121 5.23507e-123 7.18603e-125 9.79802e-127 1.32732e-128 1.78691e-130 2.39117e-132 3.18119e-134 4.20848e-136 5.53729e-138 7.24737e-140 9.43731e-142 1.22284e-143 1.57691e-145 2.02406e-147 2.58631e-149 3.29029e-151 4.1681e-153 5.25827e-155 6.60693e-157 8.26904e-159 1.03099e-160 1.28068e-162 1.5851e-164 1.95498e-166 2.40289e-168 2.94355e-170 3.59409e-172 4.37442e-174 5.30762e-176 6.42034e-178 7.74329e-180 9.31178e-182 1.11662e-183 1.33529e-185 1.59245e-187 1.89411e-189 2.24706e-191 2.65901e-193 3.13866e-195 3.69581e-197 4.34148e-199 5.08803e-201 5.94931e-203 6.94076e-205 8.07961e-207 9.38503e-209 1.08783e-210 1.25829e-212 1.45251e-214 1.67334e-216 1.92396e-218 2.20786e-220 2.52884e-222 2.89112e-224 3.29924e-226 3.75823e-228 4.27352e-230 4.85104e-232 5.49722e-234 6.21904e-236 7.02404e-238
9.6566e-58 1.32568e-58 9.99611e-60 5.45866e-61 2.40793e-62 9.09047e-64 3.04253e-65 9.24307e-67 2.59167e-68 6.79041e-70 1.67835e-71 3.94253e-73 8.85485e-75 1.91087e-76 3.97832e-78 8.01824e-80 1.56906e-81 2.98864e-83 5.55306e-85 1.00842e-86 1.79281e-88 3.12503e-90 5.34783e-92 8.99537e-94 1.48882e-95 2.42699e-97 3.90007e-99 6.18305e-101 9.67775e-103 1.4965e-104 2.28756e-106 3.45868e-108 5.17503e-110 7.6664e-112 1.12496e-113 1.63582e-115 2.35804e-117 3.37086e-119 4.78026e-121 6.72701e-123 9.39681e-125 1.30331e-126 1.79531e-128 2.45675e-130 3.34053e-132 4.51438e-134 6.06456e-136 8.10039e-138 1.07597e-139 1.42153e-141 1.86831e-143 2.44315e-145 3.17924e-147 4.1175e-149 5.30813e-151 6.81247e-153 8.70517e-155 1.10768e-156 1.40366e-158 1.77162e-160 2.22734e-162 2.78969e-164 3.48112e-166 4.3283e-168 5.36279e-170 6.62179e-172 8.14907e-174 9.99595e-176 1.22224e-177 1.48984e-179 1.81051e-181 2.19368e-183 2.65023e-185 3.19273e-187 3.83562e-189 4.59546e-191 5.49121e-193 6.5445e-195 7.78e-197 9.22568e-199 1.09133e-200 1.28788e-202 1.51626e-204 1.78103e-206 2.08733e-208 2.4409e-210 2.84818e-212 3.31634e-214 3.8534e-216 4.46826e-218 5.17082e-220 5.97202e-222 6.884e-224 7.92012e-226 9.09515e-228 1.04253e-229 1.19284e-231 1.3624e-233 1.55334e-235 1.76801e-237 2.00894e-239
8.88905e-60 1.26097e-60 9.79719e-62 5.5005e-63 2.49017e-64 9.63368e-66 3.29998e-67 1.02491e-68 2.93509e-70 7.84768e-72 1.97787e-73 4.73436e-75 1.08284e-76 2.37829e-78 5.03678e-80 1.03214e-81 2.05264e-83 3.97171e-85 7.49367e-87 1.38135e-88 2.49199e-90 4.4063e-92 7.64666e-94 1.30395e-95 2.18733e-97 3.61288e-99 5.88119e-101 9.44277e-103 1.4965e-104 2.34255e-106 3.62415e-108 5.54469e-110 8.39327e-112 1.25771e-113 1.86648e-115 2.74436e-117 3.99951e-119 5.77933e-121 8.28331e-123 1.17795e-124 1.66254e-126 2.32954e-128 3.2414e-130 4.47992e-132 6.15156e-134 8.39413e-136 1.1385e-137 1.53514e-139 2.05825e-141 2.74452e-143 3.6402e-145 4.80337e-147 6.30663e-149 8.24031e-151 1.07163e-152 1.38727e-154 1.78792e-156 2.29435e-158 2.93188e-160 3.73128e-162 4.72979e-164 5.97231e-166 7.51282e-168 9.41597e-170 1.1759e-171 1.46337e-173 1.81491e-175 2.24341e-177 2.76407e-179 3.39476e-181 4.15643e-183 5.07357e-185 6.17474e-187 7.49314e-189 9.06727e-191 1.09417e-192 1.31677e-194 1.58046e-196 1.89201e-198 2.25921e-200 2.69095e-202 3.19735e-204 3.78994e-206 4.4818e-208 5.28775e-210 6.22454e-212 7.31105e-214 8.56854e-216 1.00209e-217 1.16948e-219 1.36203e-221 1.58308e-223 1.83635e-225 2.12599e-227 2.45661e-229 2.83329e-231 3.2617e-233 3.74806e-235 4.29925e-237 4.92283e-239 5.62713e-241
8.18252e-62 1.19817e-62 9.58387e-64 5.52787e-65 2.56661e-66 1.0169e-67 3.56308e-69 1.13076e-70 3.30577e-72 9.01573e-74 2.31603e-75 5.64685e-77 1.31475e-78 2.9379e-80 6.32698e-82 1.3178e-83 2.66255e-85 5.23192e-87 1.0021e-88 1.87456e-90 3.43062e-92 6.15169e-94 1.08232e-95 1.87064e-97 3.17956e-99 5.32012e-101 8.77085e-103 1.42588e-104 2.28756e-106 3.62415e-108 5.67356e-110 8.78164e-112 1.34461e-113 2.03768e-115 3.0577e-117 4.54523e-119 6.69567e-121 9.77849e-123 1.41625e-124 2.03489e-126 2.9014e-128 4.10644e-130 5.77074e-132 8.05412e-134 1.11668e-135 1.53838e-137 2.10628e-139 2.86665e-141 3.87904e-143 5.21968e-145 6.9857e-147 9.30025e-149 1.23188e-150 1.62365e-152 2.12977e-154 2.78067e-156 3.61408e-158 4.67663e-160 6.0257e-162 7.73162e-164 9.88032e-166 1.25763e-167 1.59464e-169 2.01439e-171 2.53531e-173 3.17958e-175 3.97368e-177 4.94925e-179 6.14389e-181 7.60218e-183 9.37684e-185 1.153e-186 1.41347e-188 1.72765e-190 2.10556e-192 2.55887e-194 3.10116e-196 3.74818e-198 4.51815e-200 5.43213e-202 6.51434e-204 7.79263e-206 9.29894e-208 1.10698e-209 1.31468e-211 1.55775e-213 1.84159e-215 2.17229e-217 2.5568e-219 3.00292e-221 3.51947e-223 4.11636e-225 4.80471e-227 5.597e-229 6.50719e-231 7.55083e-233 8.7453e-235 1.01099e-236 1.16661e-238 1.34377e-240 1.54509e-242
