0.993771 0.00154954 0.000775173 0.000388392 0.0001949 9.79534e-05 4.93043e-05 2.48543e-05 1.25476e-05 6.34382e-06 3.21192e-06 1.6285e-06 8.26821e-07 4.20358e-07 2.13993e-07 1.09077e-07 5.56686e-08 2.84453e-08 1.45519e-08 7.45276e-09 3.82109e-09 1.96115e-09 1.00756e-09 5.18135e-10 2.66692e-10 1.37386e-10 7.08242e-11 3.65229e-11 1.88149e-11 9.63204e-12 4.97812e-12
0.00154954 4.4252e-06 2.21666e-06 1.1123e-06 5.59101e-07 2.815e-07 1.4196e-07 7.17014e-08 3.62688e-08 1.83719e-08 9.3187e-09 4.73268e-09 2.40643e-09 1.22496e-09 6.24191e-10 3.18365e-10 1.62522e-10 8.30322e-11 4.24516e-11 2.17183e-11 1.11176e-11 5.694e-12 2.91749e-12 1.49528e-12 7.66283e-13 3.9214e-13 1.99444e-13 9.90148e-14 4.45009e-14 1.09385e-14 5.52418e-15
0.000775173 2.21666e-06 1.11033e-06 5.57132e-07 2.80029e-07 1.40983e-07 7.10929e-08 3.59051e-08 1.81605e-08 9.19837e-09 4.66524e-09 2.36911e-09 1.20451e-09 6.13077e-10 3.12368e-10 1.59305e-10 8.13149e-11 4.15392e-11 2.12353e-11 1.08628e-11 5.56005e-12 2.84725e-12 1.45855e-12 7.47118e-13 3.82173e-13 1.9429e-13 9.63986e-14 4.32663e-14 1.05504e-14 5.30423e-15 2.67965e-15
0.000388392 1.1123e-06 5.57132e-07 2.79539e-07 1.40494e-07 7.07279e-08 3.56626e-08 1.80095e-08 9.10812e-09 4.6128e-09 2.33925e-09 1.18778e-09 6.03816e-10 3.07293e-10 1.56547e-10 7.98267e-11 4.07408e-11 2.08092e-11 1.06364e-11 5.44022e-12 2.78405e-12 1.42531e-12 7.29696e-13 3.73071e-13 1.89564e-13 9.39872e-14 4.21167e-14 1.01701e-14 5.11821e-15 2.57371e-15 1.30066e-15
0.0001949 5.59101e-07 2.80029e-07 1.40494e-07 7.06062e-08 3.55414e-08 1.79189e-08 9.04796e-09 4.57534e-09 2.31686e-09 1.17476e-09 5.96408e-10 3.03141e-10 1.54249e-10 7.85676e-11 4.00566e-11 2.044e-11 1.04383e-11 5.33449e-12 2.72787e-12 1.39558e-12 7.14018e-13 3.64838e-13 1.85268e-13 9.17846e-14 4.10606e-14 9.81527e-15 4.9361e-15 2.48471e-15 1.2497e-15 6.31768e-16
9.79534e-05 2.815e-07 1.40983e-07 7.07279e-08 3.55414e-08 1.78887e-08 9.01788e-09 4.55286e-09 2.30193e-09 1.16547e-09 5.90852e-10 2.99912e-10 1.52411e-10 7.75374e-11 3.94864e-11 2.01275e-11 1.02686e-11 5.24286e-12 2.67872e-12 1.36935e-12 7.00084e-13 3.57471e-13 1.81401e-13 8.97917e-14 4.01001e-14 9.49015e-15 4.7667e-15 2.39766e-15 1.2072e-15 6.07291e-16 3.07111e-16
4.93043e-05 1.4196e-07 7.10929e-08 3.56626e-08 1.79189e-08 9.01788e-09 4.54537e-09 2.29447e-09 1.15989e-09 5.87148e-10 2.97606e-10 1.51032e-10 7.67362e-11 3.90303e-11 1.98719e-11 1.01271e-11 5.16534e-12 2.63659e-12 1.34661e-12 6.87892e-13 3.50972e-13 1.77965e-13 8.80086e-14 3.92356e-14 9.19574e-15 4.61212e-15 2.31695e-15 1.16567e-15 5.87034e-16 2.95372e-16 1.49422e-16
2.48543e-05 7.17014e-08 3.59051e-08 1.80095e-08 9.04796e-09 4.55286e-09 2.29447e-09 1.15803e-09 5.85296e-10 2.96222e-10 1.50113e-10 7.6164e-11 3.86882e-11 1.96731e-11 1.00139e-11 5.10191e-12 2.60148e-12 1.32738e-12 6.77442e-13 3.4534e-13 1.74958e-13 8.64355e-14 3.84672e-14 8.93228e-15 4.47288e-15 2.24364e-15 1.1273e-15 5.67264e-16 2.8574e-16 1.43802e-16 7.27704e-17
1.25476e-05 3.62688e-08 1.81605e-08 9.10812e-09 4.57534e-09 2.30193e-09 1.15989e-09 5.85296e-10 2.95761e-10 1.49654e-10 7.58206e-11 3.84601e-11 1.95311e-11 9.92902e-12 5.05258e-12 2.5734e-12 1.31164e-12 6.68735e-13 3.40574e-13 1.72381e-13 8.50722e-14 3.77948e-14 8.69982e-15 4.34909e-15 2.17799e-15 1.09263e-15 5.49074e-16 2.76351e-16 1.39233e-16 7.00843e-17 3.54775e-17
6.34382e-06 1.83719e-08 9.19837e-09 4.6128e-09 2.31686e-09 1.16547e-09 5.87148e-10 2.96222e-10 1.49654e-10 7.57062e-11 3.83461e-11 1.94459e-11 9.87243e-12 5.01735e-12 2.55234e-12 1.29941e-12 6.61769e-13 3.36675e-13 1.70234e-13 8.39187e-14 3.72186e-14 8.49837e-15 4.24077e-15 2.12005e-15 1.06179e-15 5.32729e-16 2.67751e-16 1.34786e-16 6.79232e-17 3.41963e-17 1.73161e-17
3.21192e-06 9.3187e-09 4.66524e-09 2.33925e-09 1.17476e-09 5.90852e-10 2.97606e-10 1.50113e-10 7.58206e-11 3.83461e-11 1.94175e-11 9.84414e-12 4.99621e-12 2.5383e-12 1.29066e-12 6.56545e-13 3.33643e-13 1.68516e-13 8.2975e-14 3.67384e-14 8.32792e-15 4.14793e-15 2.06984e-15 1.03479e-15 5.18291e-16 2.60071e-16 1.30732e-16 6.58226e-17 3.31772e-17 1.67063e-17 8.46222e-18
1.6285e-06 4.73268e-09 2.36911e-09 1.18778e-09 5.96408e-10 2.99912e-10 1.51032e-10 7.6164e-11 3.84601e-11 1.94459e-11 9.84414e-12 4.98916e-12 2.53128e-12 1.28542e-12 6.53063e-13 3.31477e-13 1.67228e-13 8.2241e-14 3.63543e-14 8.18847e-15 4.07057e-15 2.02735e-15 1.01165e-15 5.05775e-16 2.53343e-16 1.27138e-16 6.39186e-17 3.21883e-17 1.62274e-17 8.17273e-18 4.14093e-18
8.26821e-07 2.40643e-09 1.20451e-09 6.03816e-10 3.03141e-10 1.52411e-10 7.67362e-11 3.86882e-11 1.95311e-11 9.87243e-12 4.99621e-12 2.53128e-12 1.28367e-12 6.51322e-13 3.30178e-13 1.66369e-13 8.17168e-14 3.60662e-14 8.08002e-15 4.00869e-15 1.99259e-15 9.92363e-16 4.95184e-16 2.47575e-16 1.24019e-16 6.22441e-17 3.12976e-17 1.57636e-17 7.94853e-18 4.00385e-18 2.02922e-18
4.20358e-07 1.22496e-09 6.13077e-10 3.07293e-10 1.54249e-10 7.75374e-11 3.90303e-11 1.96731e-11 9.92902e-12 5.01735e-12 2.5383e-12 1.28542e-12 6.51322e-13 3.29745e-13 1.65939e-13 8.14023e-14 3.58742e-14 8.00255e-15 3.96227e-15 1.96555e-15 9.76937e-16 4.86519e-16 2.42769e-16 1.21379e-16 6.08069e-17 3.05214e-17 1.53487e-17 7.73187e-18 3.89936e-18 1.9645e-18 9.95905e-19
2.13993e-07 6.24191e-10 3.12368e-10 1.56547e-10 7.85676e-11 3.94864e-11 1.98719e-11 1.00139e-11 5.05258e-12 2.55234e-12 1.29066e-12 6.53063e-13 3.30178e-13 1.65939e-13 8.12974e-14 3.57782e-14 7.95607e-15 3.93133e-15 1.94624e-15 9.65368e-16 4.7978e-16 2.38923e-16 1.19219e-16 5.96088e-17 2.98636e-17 1.49911e-17 7.53967e-18 3.79864e-18 1.91605e-18 9.65448e-19 4.89552e-19
1.09077e-07 3.18365e-10 1.59305e-10 7.98267e-11 4.00566e-11 2.01275e-11 1.01271e-11 5.10191e-12 2.5734e-12 1.29941e-12 6.56545e-13 3.31477e-13 1.66369e-13 8.14023e-14 3.57782e-14 7.94058e-15 3.91586e-15 1.93466e-15 9.57655e-16 4.74967e-16 2.36039e-16 1.1754e-16 5.86502e-17 2.93253e-17 1.46926e-17 7.37602e-18 3.71013e-18 1.86948e-18 9.43115e-19 4.75272e-19 2.4105e-19
5.56686e-08 1.62522e-10 8.13149e-11 4.07408e-11 2.044e-11 1.02686e-11 5.16534e-12 2.60148e-12 1.31164e-12 6.61769e-13 3.33643e-13 1.67228e-13 8.17168e-14 3.58742e-14 7.95607e-15 3.91586e-15 1.9308e-15 9.53799e-16 4.72079e-16 2.34117e-16 1.1634e-16 5.79313e-17 2.89066e-17 1.44536e-17 7.24189e-18 3.63587e-18 1.82901e-18 9.2172e-19 4.65049e-19 2.34383e-19 1.18898e-19
2.84453e-08 8.30322e-11 4.15392e-11 2.08092e-11 1.04383e-11 5.24286e-12 2.63659e-12 1.32738e-12 6.68735e-13 3.36675e-13 1.68516e-13 8.2241e-14 3.60662e-14 8.00255e-15 3.93133e-15 1.93466e-15 9.53799e-16 4.71116e-16 2.33156e-16 1.1562e-16 5.74521e-17 2.86074e-17 1.42744e-17 7.13752e-18 3.57634e-18 1.79565e-18 9.03368e-19 4.55293e-19 2.29742e-19 1.15801e-19 5.8753e-20
1.45519e-08 4.24516e-11 2.12353e-11 1.06364e-11 5.33449e-12 2.67872e-12 1.34661e-12 6.77442e-13 3.40574e-13 1.70234e-13 8.2975e-14 3.63543e-14 8.08002e-15 3.96227e-15 1.94624e-15 9.57655e-16 4.72079e-16 2.33156e-16 1.1538e-16 5.72125e-17 2.8428e-17 1.4155e-17 7.06297e-18 3.53168e-18 1.76965e-18 8.88569e-19 4.47058e-19 2.25334e-19 1.13714e-19 5.73219e-20 2.9087e-20
7.45276e-09 2.17183e-11 1.08628e-11 5.44022e-12 2.72787e-12 1.36935e-12 6.87892e-13 3.4534e-13 1.72381e-13 8.39187e-14 3.67384e-14 8.18847e-15 4.00869e-15 1.96555e-15 9.65368e-16 4.74967e-16 2.34117e-16 1.1562e-16 5.72125e-17 2.83682e-17 1.40952e-17 7.01823e-18 3.5019e-18 1.75107e-18 8.77444e-19 4.40596e-19 2.21685e-19 1.11744e-19 5.63955e-20 2.84301e-20 1.44279e-20
3.82109e-09 1.11176e-11 5.56005e-12 2.78405e-12 1.39558e-12 7.00084e-13 3.50972e-13 1.74958e-13 8.50722e-14 3.72186e-14 8.32792e-15 4.07057e-15 1.99259e-15 9.76937e-16 4.7978e-16 2.36039e-16 1.1634e-16 5.74521e-17 2.8428e-17 1.40952e-17 7.00332e-18 3.48701e-18 1.73992e-18 8.70022e-19 4.35968e-19 2.18921e-19 1.10153e-19 5.55274e-20 2.80252e-20 1.41287e-20 7.17063e-21
1.96115e-09 5.694e-12 2.84725e-12 1.42531e-12 7.14018e-13 3.57471e-13 1.77965e-13 8.64355e-14 3.77948e-14 8.49837e-15 4.14793e-15 2.02735e-15 9.92363e-16 4.86519e-16 2.38923e-16 1.1754e-16 5.79313e-17 2.86074e-17 1.4155e-17 7.01823e-18 3.48701e-18 1.7362e-18 8.66311e-19 4.33189e-19 2.17073e-19 1.09005e-19 5.48484e-20 2.76493e-20 1.39552e-20 7.03559e-21 3.57087e-21
1.00756e-09 2.91749e-12 1.45855e-12 7.29696e-13 3.64838e-13 1.81401e-13 8.80086e-14 3.84672e-14 8.69982e-15 4.24077e-15 2.06984e-15 1.01165e-15 4.95184e-16 2.42769e-16 1.19219e-16 5.86502e-17 2.89066e-17 1.42744e-17 7.06297e-18 3.5019e-18 1.73992e-18 8.66311e-19 4.32262e-19 2.16148e-19 1.08313e-19 5.43901e-20 2.73679e-20 1.37963e-20 6.96334e-21 3.51062e-21 1.78181e-21
5.18135e-10 1.49528e-12 7.47118e-13 3.73071e-13 1.85268e-13 8.97917e-14 3.92356e-14 8.93228e-15 4.34909e-15 2.12005e-15 1.03479e-15 5.05775e-16 2.47575e-16 1.21379e-16 5.96088e-17 2.93253e-17 1.44536e-17 7.13752e-18 3.53168e-18 1.75107e-18 8.70022e-19 4.33189e-19 2.16148e-19 1.08082e-19 5.41601e-20 2.71966e-20 1.36846e-20 6.89836e-21 3.48171e-21 1.7553e-21 8.90875e-22
2.66692e-10 7.66283e-13 3.82173e-13 1.89564e-13 9.17846e-14 4.01001e-14 9.19574e-15 4.47288e-15 2.17799e-15 1.06179e-15 5.18291e-16 2.53343e-16 1.24019e-16 6.08069e-17 2.98636e-17 1.46926e-17 7.24189e-18 3.57634e-18 1.76965e-18 8.77444e-19 4.35968e-19 2.17073e-19 1.08313e-19 5.41601e-20 2.71393e-20 1.36278e-20 6.8569e-21 3.45642e-21 1.74444e-21 8.79426e-22 4.46313e-22
1.37386e-10 3.9214e-13 1.9429e-13 9.39872e-14 4.10606e-14 9.49015e-15 4.61212e-15 2.24364e-15 1.09263e-15 5.32729e-16 2.60071e-16 1.27138e-16 6.22441e-17 3.05214e-17 1.49911e-17 7.37602e-18 3.63587e-18 1.79565e-18 8.88569e-19 4.40596e-19 2.18921e-19 1.09005e-19 5.43901e-20 2.71966e-20 1.36278e-20 6.84284e-21 3.44286e-21 1.73538e-21 8.75783e-22 4.41485e-22 2.24035e-22
7.08242e-11 1.99444e-13 9.63986e-14 4.21167e-14 9.81527e-15 4.7667e-15 2.31695e-15 1.1273e-15 5.49074e-16 2.67751e-16 1.30732e-16 6.39186e-17 3.12976e-17 1.53487e-17 7.53967e-18 3.71013e-18 1.82901e-18 9.03368e-19 4.47058e-19 2.21685e-19 1.10153e-19 5.48484e-20 2.73679e-20 1.36846e-20 6.8569e-21 3.44286e-21 1.73211e-21 8.73007e-22 4.40539e-22 2.22061e-22 1.12673e-22
3.65229e-11 9.90148e-14 4.32663e-14 1.01701e-14 4.9361e-15 2.39766e-15 1.16567e-15 5.67264e-16 2.76351e-16 1.34786e-16 6.58226e-17 3.21883e-17 1.57636e-17 7.73187e-18 3.79864e-18 1.86948e-18 9.2172e-19 4.55293e-19 2.25334e-19 1.11744e-19 5.55274e-20 2.76493e-20 1.37963e-20 6.89836e-21 3.45642e-21 1.73538e-21 8.73007e-22 4.39968e-22 2.21995e-22 1.1189e-22 5.67642e-23
1.88149e-11 4.45009e-14 1.05504e-14 5.11821e-15 2.48471e-15 1.2072e-15 5.87034e-16 2.8574e-16 1.39233e-16 6.79232e-17 3.31772e-17 1.62274e-17 7.94853e-18 3.89936e-18 1.91605e-18 9.43115e-19 4.65049e-19 2.29742e-19 1.13714e-19 5.63955e-20 2.80252e-20 1.39552e-20 6.96334e-21 3.48171e-21 1.74444e-21 8.75783e-22 4.40539e-22 2.21995e-22 1.12e-22 5.64445e-23 2.86307e-23
9.63204e-12 1.09385e-14 5.30423e-15 2.57371e-15 1.2497e-15 6.07291e-16 2.95372e-16 1.43802e-16 7.00843e-17 3.41963e-17 1.67063e-17 8.17273e-18 4.00385e-18 1.9645e-18 9.65448e-19 4.75272e-19 2.34383e-19 1.15801e-19 5.73219e-20 2.84301e-20 1.41287e-20 7.03559e-21 3.51062e-21 1.7553e-21 8.79426e-22 4.41485e-22 2.22061e-22 1.1189e-22 5.64445e-23 2.84438e-23 1.44256e-23
4.97812e-12 5.52418e-15 2.67965e-15 1.30066e-15 6.31768e-16 3.07111e-16 1.49422e-16 7.27704e-17 3.54775e-17 1.73161e-17 8.46222e-18 4.14093e-18 2.02922e-18 9.95905e-19 4.89552e-19 2.4105e-19 1.18898e-19 5.8753e-20 2.9087e-20 1.44279e-20 7.17063e-21 3.57087e-21 1.78181e-21 8.90875e-22 4.46313e-22 2.24035e-22 1.12673e-22 5.67642e-23 2.86307e-23 1.44256e-23 7.31431e-24
