0.670827 0.0117928 0.00931938 0.00750533 0.00614639 0.00510728 0.00429718 0.00365415 0.00313528 0.0027104 0.0023579 0.00206208 0.00181132 0.00159689 0.00141214 0.00125189 0.00111209 0.000989501 0.000881519 0.000786013 0.000701225 0.000625692 0.000558184 0.000497657 0.000443222 0.000394111 0.000349663 0.0003093 0.000272515 0.000238863 0.000215676
0.0117928 0.000832794 0.000642227 0.000502387 0.000397984 0.000318789 0.00025784 0.000210318 0.000172831 0.000142949 0.000118905 9.93951e-05 8.34432e-05 7.031e-05 5.94287e-05 5.03605e-05 4.27626e-05 3.63645e-05 3.09515e-05 2.63518e-05 2.24269e-05 1.90649e-05 1.61745e-05 1.36812e-05 1.15239e-05 9.65234e-06 8.02536e-06 6.60915e-06 5.37625e-06 4.30461e-06 3.79542e-06
0.00931938 0.000642227 0.000490145 0.000379676 0.00029805 0.000236764 0.000190061 0.000153986 0.000125774 0.000103464 8.56424e-05 7.12752e-05 5.95964e-05 5.00312e-05 4.21427e-05 3.55956e-05 3.013e-05 2.55425e-05 2.16725e-05 1.83926e-05 1.56006e-05 1.32145e-05 1.11677e-05 9.40626e-06 7.88613e-06 6.57148e-06 5.43312e-06 4.44748e-06 3.59573e-06 3.13398e-06 2.76384e-06
0.00750533 0.000502387 0.000379676 0.000291352 0.000226705 0.000178625 0.000142326 0.000114535 9.29835e-05 7.6072e-05 6.26584e-05 5.19144e-05 4.32317e-05 3.61573e-05 3.03502e-05 2.55506e-05 2.15588e-05 1.82194e-05 1.54108e-05 1.30371e-05 1.10218e-05 9.30378e-06 7.83397e-06 6.57265e-06 5.48777e-06 4.5534e-06 3.74873e-06 3.05723e-06 2.66236e-06 2.31968e-06 2.04617e-06
0.00614639 0.000397984 0.00029805 0.000226705 0.000174929 0.000136755 0.000108181 8.6486e-05 6.97944e-05 5.67933e-05 4.65518e-05 3.83998e-05 3.18491e-05 2.65391e-05 2.22003e-05 1.86292e-05 1.567e-05 1.32029e-05 1.11343e-05 9.39107e-06 7.91519e-06 6.6606e-06 5.59049e-06 4.67535e-06 3.89154e-06 3.22014e-06 2.6462e-06 2.30151e-06 2.00376e-06 1.74538e-06 1.53994e-06
0.00510728 0.000318789 0.000236764 0.000178625 0.000136755 0.000106125 8.33776e-05 6.6239e-05 5.31496e-05 4.30251e-05 3.51011e-05 2.88314e-05 2.38205e-05 1.97788e-05 1.6491e-05 1.37958e-05 1.15706e-05 9.72155e-06 8.17609e-06 6.87757e-06 5.78148e-06 4.85265e-06 4.06318e-06 3.39085e-06 2.81805e-06 2.33088e-06 2.02419e-06 1.76027e-06 1.53227e-06 1.33441e-06 1.17762e-06
0.00429718 0.00025784 0.000190061 0.000142326 0.000108181 8.33776e-05 6.50878e-05 5.14041e-05 4.10242e-05 3.30471e-05 2.68414e-05 2.19587e-05 1.80764e-05 1.49595e-05 1.24349e-05 1.03733e-05 8.67721e-06 7.27249e-06 6.10205e-06 5.12165e-06 4.29671e-06 3.60009e-06 3.01038e-06 2.51071e-06 2.08784e-06 1.81011e-06 1.57187e-06 1.36681e-06 1.18964e-06 1.03586e-06 9.14342e-07
0.00365415 0.000210318 0.000153986 0.000114535 8.6486e-05 6.6239e-05 5.14041e-05 4.03757e-05 3.20617e-05 2.57101e-05 2.07965e-05 1.69505e-05 1.39071e-05 1.14744e-05 9.5119e-06 7.91515e-06 6.60599e-06 5.52519e-06 4.62746e-06 3.87785e-06 3.24926e-06 2.72049e-06 2.27499e-06 1.89982e-06 1.64419e-06 1.42554e-06 1.23793e-06 1.0764e-06 9.36809e-07 8.1563e-07 7.20087e-07
0.00313528 0.000172831 0.000125774 9.29835e-05 6.97944e-05 5.31496e-05 4.10242e-05 3.20617e-05 2.53431e-05 2.02381e-05 1.63091e-05 1.32484e-05 1.08372e-05 8.91771e-06 7.37496e-06 6.12409e-06 5.10185e-06 4.26056e-06 3.56393e-06 2.98415e-06 2.49974e-06 2.09404e-06 1.75413e-06 1.51529e-06 1.31158e-06 1.13727e-06 9.87644e-07 8.58782e-07 7.47394e-07 6.50679e-07 5.74551e-07
0.0027104 0.000142949 0.000103464 7.6072e-05 5.67933e-05 4.30251e-05 3.30471e-05 2.57101e-05 2.02381e-05 1.61008e-05 1.29314e-05 1.04734e-05 8.54479e-06 7.01531e-06 5.7903e-06 4.80029e-06 3.99374e-06 3.33198e-06 2.78573e-06 2.33267e-06 1.95564e-06 1.64145e-06 1.41516e-06 1.22274e-06 1.05854e-06 9.17981e-07 7.9727e-07 6.93275e-07 6.03356e-07 5.25267e-07 4.63873e-07
0.0023579 0.000118905 8.56424e-05 6.26584e-05 4.65518e-05 3.51011e-05 2.68414e-05 2.07965e-05 1.63091e-05 1.29314e-05 1.03551e-05 8.36501e-06 6.80948e-06 5.58014e-06 4.59874e-06 3.80804e-06 3.16579e-06 2.64041e-06 2.20814e-06 1.85091e-06 1.55496e-06 1.33776e-06 1.15366e-06 9.97038e-07 8.63319e-07 7.48789e-07 6.50393e-07 5.6559e-07 4.92246e-07 4.28537e-07 3.78486e-07
0.00206208 9.93951e-05 7.12752e-05 5.19144e-05 3.83998e-05 2.88314e-05 2.19587e-05 1.69505e-05 1.32484e-05 1.04734e-05 8.36501e-06 6.74247e-06 5.47863e-06 4.48307e-06 3.69071e-06 3.0542e-06 2.53868e-06 2.11825e-06 1.77348e-06 1.4897e-06 1.27863e-06 1.1004e-06 9.49252e-07 8.20583e-07 7.10674e-07 6.16491e-07 5.35539e-07 4.65746e-07 4.05366e-07 3.52908e-07 3.11712e-07
0.00181132 8.34432e-05 5.95964e-05 4.32317e-05 3.18491e-05 2.38205e-05 1.80764e-05 1.39071e-05 1.08372e-05 8.54479e-06 6.80948e-06 5.47863e-06 4.44536e-06 3.63391e-06 2.98995e-06 2.47412e-06 2.05755e-06 1.71886e-06 1.44212e-06 1.23458e-06 1.06006e-06 9.12599e-07 7.87478e-07 6.80906e-07 5.89825e-07 5.11739e-07 4.44594e-07 3.86684e-07 3.36571e-07 2.93024e-07 2.58829e-07
0.00159689 7.031e-05 5.00312e-05 3.61573e-05 2.65391e-05 1.97788e-05 1.49595e-05 1.14744e-05 8.91771e-06 7.01531e-06 5.58014e-06 4.48307e-06 3.63391e-06 2.96898e-06 2.44278e-06 2.02246e-06 1.68401e-06 1.40974e-06 1.20331e-06 1.03055e-06 8.85193e-07 7.62308e-07 6.57979e-07 5.6907e-07 4.93045e-07 4.27838e-07 3.71745e-07 3.2335e-07 2.8146e-07 2.45053e-07 2.16459e-07
0.00141214 5.94287e-05 4.21427e-05 3.03502e-05 2.22003e-05 1.6491e-05 1.24349e-05 9.5119e-06 7.37496e-06 5.7903e-06 4.59874e-06 3.69071e-06 2.98995e-06 2.44278e-06 2.01098e-06 1.66703e-06 1.39092e-06 1.18326e-06 1.01042e-06 8.65686e-07 7.43843e-07 6.40779e-07 5.53231e-07 4.78585e-07 4.14726e-07 3.5993e-07 3.12775e-07 2.72079e-07 2.36844e-07 2.06216e-07 1.82154e-07
0.00125189 5.03605e-05 3.55956e-05 2.55506e-05 1.86292e-05 1.37958e-05 1.03733e-05 7.91515e-06 6.12409e-06 4.80029e-06 3.80804e-06 3.0542e-06 2.47412e-06 2.02246e-06 1.66703e-06 1.38475e-06 1.17347e-06 9.987e-07 8.53156e-07 7.31217e-07 6.28505e-07 5.41579e-07 4.67702e-07 4.04681e-07 3.50744e-07 3.04443e-07 2.64585e-07 2.30177e-07 2.0038e-07 1.74474e-07 1.54112e-07
0.00111209 4.27626e-05 3.013e-05 2.15588e-05 1.567e-05 1.15706e-05 8.67721e-06 6.60599e-06 5.10185e-06 3.99374e-06 3.16579e-06 2.53868e-06 2.05755e-06 1.68401e-06 1.39092e-06 1.17347e-06 9.94854e-07 8.47029e-07 7.23858e-07 6.20608e-07 5.33595e-07 4.59918e-07 3.97271e-07 3.43808e-07 2.98032e-07 2.58722e-07 2.24871e-07 1.95641e-07 1.70323e-07 1.4831e-07 1.30997e-07
0.000989501 3.63645e-05 2.55425e-05 1.82194e-05 1.32029e-05 9.72155e-06 7.27249e-06 5.52519e-06 4.26056e-06 3.33198e-06 2.64041e-06 2.11825e-06 1.71886e-06 1.40974e-06 1.18326e-06 9.987e-07 8.47029e-07 7.2144e-07 6.16742e-07 5.28935e-07 4.54901e-07 3.92184e-07 3.38835e-07 2.93287e-07 2.54274e-07 2.20761e-07 1.91894e-07 1.66961e-07 1.45362e-07 1.26579e-07 1.11798e-07
0.000881519 3.09515e-05 2.16725e-05 1.54108e-05 1.11343e-05 8.17609e-06 6.10205e-06 4.62746e-06 3.56393e-06 2.78573e-06 2.20814e-06 1.77348e-06 1.44212e-06 1.20331e-06 1.01042e-06 8.53156e-07 7.23858e-07 6.16742e-07 5.27404e-07 4.52443e-07 3.89212e-07 3.35625e-07 2.90024e-07 2.51077e-07 2.17707e-07 1.89032e-07 1.64327e-07 1.42984e-07 1.24492e-07 1.0841e-07 9.57456e-08
0.000786013 2.63518e-05 1.83926e-05 1.30371e-05 9.39107e-06 6.87757e-06 5.12165e-06 3.87785e-06 2.98415e-06 2.33267e-06 1.85091e-06 1.4897e-06 1.23458e-06 1.03055e-06 8.65686e-07 7.31217e-07 6.20608e-07 5.28935e-07 4.52443e-07 3.88234e-07 3.34051e-07 2.88115e-07 2.4901e-07 2.15601e-07 1.86967e-07 1.62356e-07 1.41147e-07 1.22821e-07 1.0694e-07 9.3129e-08 8.22447e-08
0.000701225 2.24269e-05 1.56006e-05 1.10218e-05 7.91519e-06 5.78148e-06 4.29671e-06 3.24926e-06 2.49974e-06 1.95564e-06 1.55496e-06 1.27863e-06 1.06006e-06 8.85193e-07 7.43843e-07 6.28505e-07 5.33595e-07 4.54901e-07 3.89212e-07 3.34051e-07 2.87486e-07 2.47995e-07 2.14367e-07 1.85629e-07 1.60991e-07 1.39811e-07 1.21554e-07 1.05776e-07 9.21027e-08 8.02098e-08 7.08311e-08
0.000625692 1.90649e-05 1.32145e-05 9.30378e-06 6.6606e-06 4.85265e-06 3.60009e-06 2.72049e-06 2.09404e-06 1.64145e-06 1.33776e-06 1.1004e-06 9.12599e-07 7.62308e-07 6.40779e-07 5.41579e-07 4.59918e-07 3.92184e-07 3.35625e-07 2.88115e-07 2.47995e-07 2.13961e-07 1.84971e-07 1.6019e-07 1.38941e-07 1.20669e-07 1.04917e-07 9.13025e-08 7.9502e-08 6.92379e-08 6.11382e-08
0.000558184 1.61745e-05 1.11677e-05 7.83397e-06 5.59049e-06 4.06318e-06 3.01038e-06 2.27499e-06 1.75413e-06 1.41516e-06 1.15366e-06 9.49252e-07 7.87478e-07 6.57979e-07 5.53231e-07 4.67702e-07 3.97271e-07 3.38835e-07 2.90024e-07 2.4901e-07 2.14367e-07 1.84971e-07 1.59926e-07 1.38513e-07 1.20148e-07 1.04353e-07 9.07348e-08 7.89627e-08 6.87586e-08 5.98826e-08 5.28739e-08
0.000497657 1.36812e-05 9.40626e-06 6.57265e-06 4.67535e-06 3.39085e-06 2.51071e-06 1.89982e-06 1.51529e-06 1.22274e-06 9.97038e-07 8.20583e-07 6.80906e-07 5.6907e-07 4.78585e-07 4.04681e-07 3.43808e-07 2.93287e-07 2.51077e-07 2.15601e-07 1.85629e-07 1.6019e-07 1.38513e-07 1.19976e-07 1.04074e-07 9.03969e-08 7.86022e-08 6.84057e-08 5.95667e-08 5.18781e-08 4.58032e-08
0.000443222 1.15239e-05 7.88613e-06 5.48777e-06 3.89154e-06 2.81805e-06 2.08784e-06 1.64419e-06 1.31158e-06 1.05854e-06 8.63319e-07 7.10674e-07 5.89825e-07 4.93045e-07 4.14726e-07 3.50744e-07 2.98032e-07 2.54274e-07 2.17707e-07 1.86967e-07 1.60991e-07 1.38941e-07 1.20148e-07 1.04074e-07 9.02848e-08 7.84221e-08 6.81914e-08 5.93463e-08 5.16784e-08 4.50083e-08 3.97353e-08
0.000394111 9.65234e-06 6.57148e-06 4.5534e-06 3.22014e-06 2.33088e-06 1.81011e-06 1.42554e-06 1.13727e-06 9.17981e-07 7.48789e-07 6.16491e-07 5.11739e-07 4.27838e-07 3.5993e-07 3.04443e-07 2.58722e-07 2.20761e-07 1.89032e-07 1.62356e-07 1.39811e-07 1.20669e-07 1.04353e-07 9.03969e-08 7.84221e-08 6.81197e-08 5.92339e-08 5.15511e-08 4.48905e-08 3.90966e-08 3.4514e-08
0.000349663 8.02536e-06 5.43312e-06 3.74873e-06 2.6462e-06 2.02419e-06 1.57187e-06 1.23793e-06 9.87644e-07 7.9727e-07 6.50393e-07 5.35539e-07 4.44594e-07 3.71745e-07 3.12775e-07 2.64585e-07 2.24871e-07 1.91894e-07 1.64327e-07 1.41147e-07 1.21554e-07 1.04917e-07 9.07348e-08 7.86022e-08 6.81914e-08 5.92339e-08 5.15075e-08 4.48269e-08 3.90351e-08 3.39969e-08 3.00102e-08
0.0003093 6.60915e-06 4.44748e-06 3.05723e-06 2.30151e-06 1.76027e-06 1.36681e-06 1.0764e-06 8.58782e-07 6.93275e-07 5.6559e-07 4.65746e-07 3.86684e-07 3.2335e-07 2.72079e-07 2.30177e-07 1.95641e-07 1.66961e-07 1.42984e-07 1.22821e-07 1.05776e-07 9.13025e-08 7.89627e-08 6.84057e-08 5.93463e-08 5.15511e-08 4.48269e-08 3.90126e-08 3.39718e-08 2.95869e-08 2.61159e-08
0.000272515 5.37625e-06 3.59573e-06 2.66236e-06 2.00376e-06 1.53227e-06 1.18964e-06 9.36809e-07 7.47394e-07 6.03356e-07 4.92246e-07 4.05366e-07 3.36571e-07 2.8146e-07 2.36844e-07 2.0038e-07 1.70323e-07 1.45362e-07 1.24492e-07 1.0694e-07 9.21027e-08 7.9502e-08 6.87586e-08 5.95667e-08 5.16784e-08 4.48905e-08 3.90351e-08 3.39718e-08 2.9582e-08 2.57635e-08 2.27399e-08
0.000238863 4.30461e-06 3.13398e-06 2.31968e-06 1.74538e-06 1.33441e-06 1.03586e-06 8.1563e-07 6.50679e-07 5.25267e-07 4.28537e-07 3.52908e-07 2.93024e-07 2.45053e-07 2.06216e-07 1.74474e-07 1.4831e-07 1.26579e-07 1.0841e-07 9.3129e-08 8.02098e-08 6.92379e-08 5.98826e-08 5.18781e-08 4.50083e-08 3.90966e-08 3.39969e-08 2.95869e-08 2.57635e-08 2.24377e-08 1.98037e-08
0.000215676 3.79542e-06 2.76384e-06 2.04617e-06 1.53994e-06 1.17762e-06 9.14342e-07 7.20087e-07 5.74551e-07 4.63873e-07 3.78486e-07 3.11712e-07 2.58829e-07 2.16459e-07 1.82154e-07 1.54112e-07 1.30997e-07 1.11798e-07 9.57456e-08 8.22447e-08 7.08311e-08 6.11382e-08 5.28739e-08 4.58032e-08 3.97353e-08 3.4514e-08 3.00102e-08 2.61159e-08 2.27399e-08 1.98037e-08 1.74752e-08
