0.997539 0.000120418 0.000108525 9.78063e-05 8.81464e-05 7.94406e-05 7.15946e-05 6.45236e-05 5.81509e-05 5.24076e-05 4.72315e-05 4.25667e-05 3.83626e-05 3.45737e-05 3.1159e-05 2.80815e-05 2.53081e-05 2.28085e-05 2.05558e-05 1.85256e-05 1.66959e-05 1.50469e-05 1.35608e-05 1.22215e-05 1.10144e-05 9.92658e-06 8.94617e-06 8.0626e-06 7.26629e-06 6.54864e-06 5.90186e-06 5.31896e-06 4.79363e-06 4.32018e-06 3.8935e-06 3.50896e-06 3.16239e-06 2.85006e-06 2.56857e-06 2.31488e-06 2.08625e-06 1.8802e-06 1.6945e-06 1.52715e-06 1.37632e-06 1.24038e-06 1.11788e-06 1.00747e-06 9.07966e-07 8.18291e-07 7.37472e-07 6.64635e-07 5.98992e-07 5.39832e-07 4.86516e-07 4.38465e-07 3.9516e-07 3.56131e-07 3.20958e-07 2.89258e-07 2.6069e-07 2.34943e-07 2.11738e-07 1.90826e-07 1.71979e-07 1.54993e-07 1.39685e-07 1.25889e-07 1.13456e-07 1.0225e-07 9.21515e-08 8.30501e-08 7.48476e-08 6.74553e-08 6.0793e-08 5.47888e-08 4.93775e-08 4.45007e-08 4.01056e-08 3.61446e-08 3.25747e-08 2.93575e-08 2.6458e-08 2.38448e-08 2.14898e-08 1.93673e-08 1.74545e-08 1.57306e-08 1.4177e-08 1.27768e-08 1.15149e-08 1.03776e-08 9.35265e-09 8.42893e-09 7.59645e-09 6.84618e-09 6.17001e-09 5.56063e-09 5.01143e-09 4.51648e-09 4.0704e-09
0.000120418 2.2238e-07 2.00507e-07 1.80786e-07 1.63005e-07 1.46972e-07 1.32516e-07 1.19482e-07 1.0773e-07 9.71343e-08 8.75804e-08 7.89662e-08 7.11992e-08 6.41962e-08 5.7882e-08 5.21888e-08 4.70555e-08 4.24272e-08 3.82541e-08 3.44915e-08 3.10989e-08 2.804e-08 2.5282e-08 2.27953e-08 2.05531e-08 1.85315e-08 1.67087e-08 1.50653e-08 1.35834e-08 1.22473e-08 1.10427e-08 9.9565e-09 8.97716e-09 8.09415e-09 7.29799e-09 6.58015e-09 5.93291e-09 5.34933e-09 4.82316e-09 4.34874e-09 3.92098e-09 3.5353e-09 3.18756e-09 2.87402e-09 2.59132e-09 2.33642e-09 2.1066e-09 1.89939e-09 1.71256e-09 1.5441e-09 1.39222e-09 1.25527e-09 1.1318e-09 1.02047e-09 9.20087e-10 8.29582e-10 7.47979e-10 6.74403e-10 6.08065e-10 5.48252e-10 4.94322e-10 4.45697e-10 4.01855e-10 3.62326e-10 3.26685e-10 2.9455e-10 2.65575e-10 2.39451e-10 2.15897e-10 1.9466e-10 1.75511e-10 1.58246e-10 1.4268e-10 1.28645e-10 1.1599e-10 1.0458e-10 9.42926e-11 8.50171e-11 7.66539e-11 6.91135e-11 6.23148e-11 5.61849e-11 5.06579e-11 4.56747e-11 4.11816e-11 3.71305e-11 3.3478e-11 3.01847e-11 2.72154e-11 2.45381e-11 2.21243e-11 1.99479e-11 1.79856e-11 1.62163e-11 1.4621e-11 1.31827e-11 1.18859e-11 1.07166e-11 9.66241e-12 8.71189e-12 7.85487e-12
0.000108525 2.00507e-07 1.80786e-07 1.63005e-07 1.46972e-07 1.32517e-07 1.19483e-07 1.07731e-07 9.71349e-08 8.75811e-08 7.89668e-08 7.11999e-08 6.41968e-08 5.78826e-08 5.21894e-08 4.70562e-08 4.24278e-08 3.82547e-08 3.4492e-08 3.10994e-08 2.80405e-08 2.52825e-08 2.27957e-08 2.05535e-08 1.85319e-08 1.67091e-08 1.50656e-08 1.35837e-08 1.22476e-08 1.1043e-08 9.95677e-09 8.97741e-09 8.09438e-09 7.29821e-09 6.58035e-09 5.93309e-09 5.3495e-09 4.82332e-09 4.34888e-09 3.92112e-09 3.53543e-09 3.18767e-09 2.87412e-09 2.59142e-09 2.33652e-09 2.10669e-09 1.89947e-09 1.71263e-09 1.54417e-09 1.39228e-09 1.25533e-09 1.13185e-09 1.02051e-09 9.20131e-10 8.29622e-10 7.48016e-10 6.74438e-10 6.08096e-10 5.4828e-10 4.94348e-10 4.45721e-10 4.01877e-10 3.62346e-10 3.26703e-10 2.94567e-10 2.65591e-10 2.39466e-10 2.1591e-10 1.94671e-10 1.75522e-10 1.58256e-10 1.42689e-10 1.28653e-10 1.15998e-10 1.04587e-10 9.4299e-11 8.50229e-11 7.66593e-11 6.91184e-11 6.23192e-11 5.61889e-11 5.06616e-11 4.5678e-11 4.11847e-11 3.71333e-11 3.34805e-11 3.0187e-11 2.72175e-11 2.45401e-11 2.21261e-11 1.99495e-11 1.7987e-11 1.62176e-11 1.46223e-11 1.31838e-11 1.18869e-11 1.07176e-11 9.66326e-12 8.71266e-12 7.85557e-12 7.08279e-12
9.78063e-05 1.80786e-07 1.63005e-07 1.46973e-07 1.32517e-07 1.19483e-07 1.07731e-07 9.71354e-08 8.75815e-08 7.89674e-08 7.12004e-08 6.41974e-08 5.78831e-08 5.21899e-08 4.70567e-08 4.24283e-08 3.82552e-08 3.44925e-08 3.10999e-08 2.8041e-08 2.52829e-08 2.27961e-08 2.05539e-08 1.85323e-08 1.67094e-08 1.50659e-08 1.3584e-08 1.22479e-08 1.10432e-08 9.95701e-09 8.97764e-09 8.0946e-09 7.29841e-09 6.58054e-09 5.93327e-09 5.34967e-09 4.82347e-09 4.34903e-09 3.92125e-09 3.53555e-09 3.18778e-09 2.87423e-09 2.59151e-09 2.33661e-09 2.10677e-09 1.89954e-09 1.7127e-09 1.54423e-09 1.39234e-09 1.25538e-09 1.1319e-09 1.02056e-09 9.20173e-10 8.29661e-10 7.48052e-10 6.7447e-10 6.08126e-10 5.48308e-10 4.94374e-10 4.45745e-10 4.01899e-10 3.62366e-10 3.26721e-10 2.94583e-10 2.65606e-10 2.39479e-10 2.15923e-10 1.94683e-10 1.75533e-10 1.58266e-10 1.42698e-10 1.28661e-10 1.16005e-10 1.04594e-10 9.43052e-11 8.50286e-11 7.66645e-11 6.91231e-11 6.23236e-11 5.61929e-11 5.06652e-11 4.56813e-11 4.11877e-11 3.71361e-11 3.3483e-11 3.01893e-11 2.72196e-11 2.4542e-11 2.21278e-11 1.99511e-11 1.79885e-11 1.62189e-11 1.46235e-11 1.31849e-11 1.18879e-11 1.07185e-11 9.66408e-12 8.71341e-12 7.85626e-12 7.08342e-12 6.38661e-12
8.81464e-05 1.63005e-07 1.46972e-07 1.32517e-07 1.19483e-07 1.07732e-07 9.71357e-08 8.75819e-08 7.89677e-08 7.12008e-08 6.41978e-08 5.78836e-08 5.21904e-08 4.70571e-08 4.24287e-08 3.82556e-08 3.44929e-08 3.11003e-08 2.80413e-08 2.52833e-08 2.27965e-08 2.05543e-08 1.85326e-08 1.67098e-08 1.50662e-08 1.35843e-08 1.22482e-08 1.10435e-08 9.95724e-09 8.97786e-09 8.0948e-09 7.2986e-09 6.58071e-09 5.93343e-09 5.34982e-09 4.82361e-09 4.34916e-09 3.92137e-09 3.53566e-09 3.18789e-09 2.87433e-09 2.5916e-09 2.33669e-09 2.10685e-09 1.89961e-09 1.71276e-09 1.54429e-09 1.39239e-09 1.25543e-09 1.13195e-09 1.0206e-09 9.20214e-10 8.29699e-10 7.48087e-10 6.74502e-10 6.08155e-10 5.48335e-10 4.94398e-10 4.45767e-10 4.01919e-10 3.62385e-10 3.26739e-10 2.94599e-10 2.65621e-10 2.39493e-10 2.15935e-10 1.94694e-10 1.75543e-10 1.58275e-10 1.42707e-10 1.28669e-10 1.16012e-10 1.046e-10 9.43112e-11 8.50341e-11 7.66695e-11 6.91277e-11 6.23278e-11 5.61967e-11 5.06688e-11 4.56846e-11 4.11906e-11 3.71388e-11 3.34855e-11 3.01915e-11 2.72216e-11 2.45439e-11 2.21295e-11 1.99526e-11 1.79899e-11 1.62202e-11 1.46246e-11 1.3186e-11 1.18889e-11 1.07194e-11 9.66489e-12 8.71415e-12 7.85693e-12 7.08403e-12 6.38716e-12 5.75885e-12
7.94406e-05 1.46972e-07 1.32517e-07 1.19483e-07 1.07732e-07 9.71357e-08 8.7582e-08 7.89679e-08 7.12011e-08 6.41981e-08 5.78839e-08 5.21907e-08 4.70575e-08 4.24291e-08 3.8256e-08 3.44932e-08 3.11006e-08 2.80417e-08 2.52836e-08 2.27968e-08 2.05546e-08 1.85329e-08 1.671e-08 1.50665e-08 1.35846e-08 1.22484e-08 1.10437e-08 9.95746e-09 8.97806e-09 8.09499e-09 7.29877e-09 6.58088e-09 5.93359e-09 5.34996e-09 4.82374e-09 4.34928e-09 3.92149e-09 3.53577e-09 3.18799e-09 2.87442e-09 2.59169e-09 2.33677e-09 2.10692e-09 1.89968e-09 1.71283e-09 1.54435e-09 1.39245e-09 1.25548e-09 1.13199e-09 1.02065e-09 9.20253e-10 8.29734e-10 7.4812e-10 6.74532e-10 6.08183e-10 5.4836e-10 4.94422e-10 4.45789e-10 4.01939e-10 3.62403e-10 3.26755e-10 2.94614e-10 2.65635e-10 2.39506e-10 2.15947e-10 1.94705e-10 1.75553e-10 1.58285e-10 1.42715e-10 1.28677e-10 1.16019e-10 1.04607e-10 9.43171e-11 8.50394e-11 7.66744e-11 6.91322e-11 6.23319e-11 5.62005e-11 5.06722e-11 4.56877e-11 4.11935e-11 3.71414e-11 3.34879e-11 3.01937e-11 2.72236e-11 2.45457e-11 2.21311e-11 1.99541e-11 1.79913e-11 1.62215e-11 1.46258e-11 1.3187e-11 1.18898e-11 1.07202e-11 9.66569e-12 8.71487e-12 7.85758e-12 7.08463e-12 6.38771e-12 5.75934e-12 5.19279e-12
7.15946e-05 1.32516e-07 1.19483e-07 1.07731e-07 9.71357e-08 8.7582e-08 7.8968e-08 7.12012e-08 6.41983e-08 5.78841e-08 5.21909e-08 4.70577e-08 4.24294e-08 3.82562e-08 3.44935e-08 3.11009e-08 2.8042e-08 2.52839e-08 2.27971e-08 2.05548e-08 1.85331e-08 1.67103e-08 1.50667e-08 1.35848e-08 1.22486e-08 1.10439e-08 9.95765e-09 8.97824e-09 8.09516e-09 7.29894e-09 6.58103e-09 5.93373e-09 5.3501e-09 4.82387e-09 4.3494e-09 3.9216e-09 3.53587e-09 3.18808e-09 2.87451e-09 2.59177e-09 2.33684e-09 2.10699e-09 1.89975e-09 1.71289e-09 1.54441e-09 1.3925e-09 1.25553e-09 1.13203e-09 1.02069e-09 9.2029e-10 8.29769e-10 7.48151e-10 6.74561e-10 6.0821e-10 5.48385e-10 4.94444e-10 4.4581e-10 4.01958e-10 3.62421e-10 3.26772e-10 2.94629e-10 2.65648e-10 2.39518e-10 2.15958e-10 1.94716e-10 1.75563e-10 1.58293e-10 1.42723e-10 1.28684e-10 1.16026e-10 1.04613e-10 9.43228e-11 8.50447e-11 7.66792e-11 6.91366e-11 6.23359e-11 5.62041e-11 5.06755e-11 4.56907e-11 4.11963e-11 3.71439e-11 3.34902e-11 3.01958e-11 2.72255e-11 2.45474e-11 2.21328e-11 1.99556e-11 1.79926e-11 1.62227e-11 1.46269e-11 1.31881e-11 1.18908e-11 1.07211e-11 9.66646e-12 8.71558e-12 7.85823e-12 7.08522e-12 6.38824e-12 5.75983e-12 5.19324e-12 4.68237e-12
6.45236e-05 1.19482e-07 1.07731e-07 9.71354e-08 8.75819e-08 7.89679e-08 7.12012e-08 6.41983e-08 5.78842e-08 5.21911e-08 4.70579e-08 4.24296e-08 3.82564e-08 3.44938e-08 3.11011e-08 2.80422e-08 2.52841e-08 2.27973e-08 2.05551e-08 1.85334e-08 1.67105e-08 1.50669e-08 1.3585e-08 1.22488e-08 1.10441e-08 9.95782e-09 8.9784e-09 8.09532e-09 7.29908e-09 6.58117e-09 5.93386e-09 5.35022e-09 4.82398e-09 4.34951e-09 3.9217e-09 3.53597e-09 3.18817e-09 2.87459e-09 2.59185e-09 2.33692e-09 2.10706e-09 1.89981e-09 1.71294e-09 1.54446e-09 1.39255e-09 1.25558e-09 1.13208e-09 1.02072e-09 9.20326e-10 8.29802e-10 7.48181e-10 6.74589e-10 6.08236e-10 5.48409e-10 4.94466e-10 4.4583e-10 4.01977e-10 3.62437e-10 3.26787e-10 2.94644e-10 2.65662e-10 2.3953e-10 2.15969e-10 1.94726e-10 1.75572e-10 1.58302e-10 1.42731e-10 1.28691e-10 1.16033e-10 1.04619e-10 9.43283e-11 8.50497e-11 7.66838e-11 6.91408e-11 6.23397e-11 5.62077e-11 5.06787e-11 4.56937e-11 4.1199e-11 3.71464e-11 3.34924e-11 3.01979e-11 2.72274e-11 2.45492e-11 2.21343e-11 1.9957e-11 1.79939e-11 1.62239e-11 1.4628e-11 1.31891e-11 1.18917e-11 1.07219e-11 9.66722e-12 8.71627e-12 7.85886e-12 7.08579e-12 6.38877e-12 5.76031e-12 5.19367e-12 4.68277e-12 4.22213e-12
5.81509e-05 1.0773e-07 9.71349e-08 8.75815e-08 7.89677e-08 7.12011e-08 6.41983e-08 5.78842e-08 5.21911e-08 4.7058e-08 4.24297e-08 3.82566e-08 3.44939e-08 3.11013e-08 2.80424e-08 2.52843e-08 2.27975e-08 2.05552e-08 1.85335e-08 1.67107e-08 1.50671e-08 1.35852e-08 1.2249e-08 1.10442e-08 9.95798e-09 8.97855e-09 8.09546e-09 7.29922e-09 6.58129e-09 5.93398e-09 5.35033e-09 4.82409e-09 4.34961e-09 3.92179e-09 3.53605e-09 3.18825e-09 2.87466e-09 2.59192e-09 2.33698e-09 2.10712e-09 1.89987e-09 1.713e-09 1.54451e-09 1.39259e-09 1.25562e-09 1.13212e-09 1.02076e-09 9.20359e-10 8.29833e-10 7.4821e-10 6.74616e-10 6.0826e-10 5.48431e-10 4.94487e-10 4.45849e-10 4.01995e-10 3.62454e-10 3.26802e-10 2.94657e-10 2.65674e-10 2.39542e-10 2.1598e-10 1.94736e-10 1.75581e-10 1.5831e-10 1.42738e-10 1.28698e-10 1.16039e-10 1.04625e-10 9.43336e-11 8.50546e-11 7.66883e-11 6.91449e-11 6.23435e-11 5.62111e-11 5.06819e-11 4.56966e-11 4.12016e-11 3.71488e-11 3.34946e-11 3.01999e-11 2.72293e-11 2.45508e-11 2.21359e-11 1.99584e-11 1.79952e-11 1.62251e-11 1.46291e-11 1.319e-11 1.18926e-11 1.07227e-11 9.66796e-12 8.71694e-12 7.85947e-12 7.08635e-12 6.38928e-12 5.76077e-12 5.19409e-12 4.68316e-12 4.22248e-12 3.80712e-12
5.24076e-05 9.71343e-08 8.75811e-08 7.89674e-08 7.12008e-08 6.41981e-08 5.78841e-08 5.21911e-08 4.7058e-08 4.24297e-08 3.82567e-08 3.4494e-08 3.11014e-08 2.80425e-08 2.52844e-08 2.27976e-08 2.05554e-08 1.85337e-08 1.67108e-08 1.50673e-08 1.35853e-08 1.22491e-08 1.10444e-08 9.95812e-09 8.97869e-09 8.09559e-09 7.29934e-09 6.58141e-09 5.93409e-09 5.35044e-09 4.82419e-09 4.3497e-09 3.92188e-09 3.53613e-09 3.18833e-09 2.87474e-09 2.59199e-09 2.33704e-09 2.10718e-09 1.89992e-09 1.71305e-09 1.54456e-09 1.39264e-09 1.25566e-09 1.13215e-09 1.0208e-09 9.20392e-10 8.29863e-10 7.48238e-10 6.74641e-10 6.08284e-10 5.48453e-10 4.94507e-10 4.45867e-10 4.02012e-10 3.62469e-10 3.26817e-10 2.94671e-10 2.65686e-10 2.39553e-10 2.1599e-10 1.94745e-10 1.7559e-10 1.58318e-10 1.42746e-10 1.28705e-10 1.16045e-10 1.04631e-10 9.43388e-11 8.50594e-11 7.66926e-11 6.91489e-11 6.23471e-11 5.62144e-11 5.0685e-11 4.56994e-11 4.12042e-11 3.71511e-11 3.34968e-11 3.02019e-11 2.72311e-11 2.45525e-11 2.21374e-11 1.99598e-11 1.79964e-11 1.62262e-11 1.46301e-11 1.3191e-11 1.18934e-11 1.07235e-11 9.66868e-12 8.7176e-12 7.86007e-12 7.0869e-12 6.38978e-12 5.76123e-12 5.19451e-12 4.68354e-12 4.22282e-12 3.80743e-12 3.4329e-12
4.72315e-05 8.75804e-08 7.89668e-08 7.12004e-08 6.41978e-08 5.78839e-08 5.21909e-08 4.70579e-08 4.24297e-08 3.82567e-08 3.4494e-08 3.11015e-08 2.80426e-08 2.52845e-08 2.27977e-08 2.05555e-08 1.85338e-08 1.6711e-08 1.50674e-08 1.35855e-08 1.22493e-08 1.10445e-08 9.95824e-09 8.9788e-09 8.0957e-09 7.29945e-09 6.58151e-09 5.93419e-09 5.35053e-09 4.82428e-09 4.34978e-09 3.92196e-09 3.53621e-09 3.1884e-09 2.8748e-09 2.59205e-09 2.3371e-09 2.10723e-09 1.89997e-09 1.7131e-09 1.5446e-09 1.39268e-09 1.2557e-09 1.13219e-09 1.02083e-09 9.20422e-10 8.29891e-10 7.48264e-10 6.74666e-10 6.08306e-10 5.48474e-10 4.94526e-10 4.45885e-10 4.02028e-10 3.62484e-10 3.2683e-10 2.94683e-10 2.65698e-10 2.39564e-10 2.16e-10 1.94754e-10 1.75598e-10 1.58326e-10 1.42753e-10 1.28711e-10 1.16051e-10 1.04636e-10 9.43438e-11 8.50639e-11 7.66968e-11 6.91527e-11 6.23507e-11 5.62177e-11 5.06879e-11 4.57021e-11 4.12067e-11 3.71534e-11 3.34989e-11 3.02038e-11 2.72328e-11 2.45541e-11 2.21388e-11 1.99611e-11 1.79977e-11 1.62273e-11 1.46311e-11 1.31919e-11 1.18943e-11 1.07243e-11 9.66938e-12 8.71824e-12 7.86066e-12 7.08743e-12 6.39027e-12 5.76168e-12 5.19492e-12 4.68391e-12 4.22316e-12 3.80774e-12 3.43318e-12 3.09547e-12
4.25667e-05 7.89662e-08 7.11999e-08 6.41974e-08 5.78836e-08 5.21907e-08 4.70577e-08 4.24296e-08 3.82566e-08 3.4494e-08 3.11015e-08 2.80426e-08 2.52846e-08 2.27978e-08 2.05556e-08 1.85339e-08 1.67111e-08 1.50675e-08 1.35856e-08 1.22494e-08 1.10446e-08 9.95834e-09 8.9789e-09 8.0958e-09 7.29954e-09 6.5816e-09 5.93428e-09 5.35061e-09 4.82436e-09 4.34986e-09 3.92203e-09 3.53628e-09 3.18847e-09 2.87486e-09 2.5921e-09 2.33716e-09 2.10728e-09 1.90002e-09 1.71314e-09 1.54464e-09 1.39272e-09 1.25573e-09 1.13222e-09 1.02086e-09 9.20451e-10 8.29917e-10 7.48289e-10 6.74688e-10 6.08327e-10 5.48493e-10 4.94544e-10 4.45902e-10 4.02043e-10 3.62499e-10 3.26844e-10 2.94695e-10 2.65709e-10 2.39574e-10 2.1601e-10 1.94763e-10 1.75606e-10 1.58333e-10 1.4276e-10 1.28718e-10 1.16057e-10 1.04641e-10 9.43487e-11 8.50684e-11 7.67009e-11 6.91565e-11 6.23541e-11 5.62208e-11 5.06908e-11 4.57047e-11 4.12091e-11 3.71556e-11 3.35009e-11 3.02056e-11 2.72345e-11 2.45556e-11 2.21402e-11 1.99624e-11 1.79988e-11 1.62284e-11 1.46321e-11 1.31928e-11 1.18951e-11 1.0725e-11 9.67007e-12 8.71887e-12 7.86123e-12 7.08796e-12 6.39074e-12 5.76211e-12 5.19531e-12 4.68427e-12 4.22349e-12 3.80804e-12 3.43346e-12 3.09572e-12 2.7912e-12
3.83626e-05 7.11992e-08 6.41968e-08 5.78831e-08 5.21904e-08 4.70575e-08 4.24294e-08 3.82564e-08 3.44939e-08 3.11014e-08 2.80426e-08 2.52846e-08 2.27978e-08 2.05556e-08 1.8534e-08 1.67111e-08 1.50675e-08 1.35856e-08 1.22495e-08 1.10447e-08 9.95842e-09 8.97899e-09 8.09588e-09 7.29962e-09 6.58168e-09 5.93435e-09 5.35069e-09 4.82443e-09 4.34993e-09 3.92209e-09 3.53634e-09 3.18853e-09 2.87492e-09 2.59216e-09 2.33721e-09 2.10733e-09 1.90006e-09 1.71318e-09 1.54468e-09 1.39275e-09 1.25577e-09 1.13225e-09 1.02089e-09 9.20478e-10 8.29943e-10 7.48312e-10 6.7471e-10 6.08347e-10 5.48512e-10 4.94562e-10 4.45918e-10 4.02058e-10 3.62512e-10 3.26856e-10 2.94707e-10 2.6572e-10 2.39584e-10 2.16019e-10 1.94771e-10 1.75614e-10 1.5834e-10 1.42766e-10 1.28724e-10 1.16062e-10 1.04646e-10 9.43533e-11 8.50727e-11 7.67048e-11 6.91601e-11 6.23574e-11 5.62238e-11 5.06936e-11 4.57073e-11 4.12114e-11 3.71578e-11 3.35028e-11 3.02074e-11 2.72361e-11 2.45571e-11 2.21416e-11 1.99637e-11 1.8e-11 1.62294e-11 1.46331e-11 1.31937e-11 1.18959e-11 1.07258e-11 9.67074e-12 8.71948e-12 7.86179e-12 7.08846e-12 6.39121e-12 5.76253e-12 5.1957e-12 4.68462e-12 4.22381e-12 3.80834e-12 3.43372e-12 3.09596e-12 2.79142e-12 2.51684e-12
3.45737e-05 6.41962e-08 5.78826e-08 5.21899e-08 4.70571e-08 4.24291e-08 3.82562e-08 3.44938e-08 3.11013e-08 2.80425e-08 2.52845e-08 2.27978e-08 2.05556e-08 1.8534e-08 1.67111e-08 1.50676e-08 1.35857e-08 1.22495e-08 1.10448e-08 9.95849e-09 8.97905e-09 8.09594e-09 7.29969e-09 6.58175e-09 5.93442e-09 5.35075e-09 4.82449e-09 4.34999e-09 3.92215e-09 3.5364e-09 3.18858e-09 2.87497e-09 2.5922e-09 2.33725e-09 2.10737e-09 1.9001e-09 1.71322e-09 1.54472e-09 1.39278e-09 1.2558e-09 1.13228e-09 1.02092e-09 9.20503e-10 8.29966e-10 7.48334e-10 6.74731e-10 6.08366e-10 5.4853e-10 4.94578e-10 4.45933e-10 4.02072e-10 3.62525e-10 3.26868e-10 2.94718e-10 2.6573e-10 2.39594e-10 2.16027e-10 1.94779e-10 1.75621e-10 1.58347e-10 1.42772e-10 1.28729e-10 1.16068e-10 1.04651e-10 9.43578e-11 8.50768e-11 7.67086e-11 6.91635e-11 6.23606e-11 5.62268e-11 5.06962e-11 4.57097e-11 4.12137e-11 3.71598e-11 3.35047e-11 3.02091e-11 2.72377e-11 2.45586e-11 2.21429e-11 1.99649e-11 1.80011e-11 1.62305e-11 1.4634e-11 1.31945e-11 1.18967e-11 1.07265e-11 9.67139e-12 8.72007e-12 7.86233e-12 7.08896e-12 6.39166e-12 5.76295e-12 5.19608e-12 4.68497e-12 4.22413e-12 3.80862e-12 3.43399e-12 3.0962e-12 2.79164e-12 2.51704e-12 2.26945e-12
3.1159e-05 5.7882e-08 5.21894e-08 4.70567e-08 4.24287e-08 3.8256e-08 3.44935e-08 3.11011e-08 2.80424e-08 2.52844e-08 2.27977e-08 2.05556e-08 1.8534e-08 1.67111e-08 1.50676e-08 1.35857e-08 1.22495e-08 1.10448e-08 9.95853e-09 8.9791e-09 8.096e-09 7.29975e-09 6.5818e-09 5.93447e-09 5.35081e-09 4.82454e-09 4.35004e-09 3.9222e-09 3.53644e-09 3.18863e-09 2.87501e-09 2.59225e-09 2.33729e-09 2.10741e-09 1.90014e-09 1.71325e-09 1.54475e-09 1.39282e-09 1.25583e-09 1.13231e-09 1.02094e-09 9.20527e-10 8.29988e-10 7.48355e-10 6.7475e-10 6.08384e-10 5.48546e-10 4.94593e-10 4.45947e-10 4.02085e-10 3.62538e-10 3.2688e-10 2.94729e-10 2.6574e-10 2.39603e-10 2.16036e-10 1.94787e-10 1.75628e-10 1.58354e-10 1.42778e-10 1.28735e-10 1.16073e-10 1.04656e-10 9.43621e-11 8.50807e-11 7.67123e-11 6.91669e-11 6.23637e-11 5.62296e-11 5.06988e-11 4.57121e-11 4.12158e-11 3.71618e-11 3.35066e-11 3.02108e-11 2.72393e-11 2.456e-11 2.21442e-11 1.99661e-11 1.80022e-11 1.62315e-11 1.46349e-11 1.31954e-11 1.18974e-11 1.07272e-11 9.67202e-12 8.72065e-12 7.86286e-12 7.08944e-12 6.3921e-12 5.76335e-12 5.19645e-12 4.6853e-12 4.22444e-12 3.8089e-12 3.43424e-12 3.09643e-12 2.79185e-12 2.51723e-12 2.26962e-12 2.04637e-12
2.80815e-05 5.21888e-08 4.70562e-08 4.24283e-08 3.82556e-08 3.44932e-08 3.11009e-08 2.80422e-08 2.52843e-08 2.27976e-08 2.05555e-08 1.85339e-08 1.67111e-08 1.50676e-08 1.35857e-08 1.22496e-08 1.10448e-08 9.95856e-09 8.97913e-09 8.09603e-09 7.29979e-09 6.58185e-09 5.93452e-09 5.35085e-09 4.82459e-09 4.35008e-09 3.92225e-09 3.53649e-09 3.18867e-09 2.87505e-09 2.59229e-09 2.33733e-09 2.10745e-09 1.90017e-09 1.71328e-09 1.54478e-09 1.39284e-09 1.25585e-09 1.13233e-09 1.02097e-09 9.20549e-10 8.30009e-10 7.48374e-10 6.74768e-10 6.08401e-10 5.48562e-10 4.94608e-10 4.45961e-10 4.02098e-10 3.62549e-10 3.2689e-10 2.94739e-10 2.65749e-10 2.39611e-10 2.16044e-10 1.94794e-10 1.75635e-10 1.5836e-10 1.42784e-10 1.2874e-10 1.16078e-10 1.0466e-10 9.43663e-11 8.50846e-11 7.67158e-11 6.91701e-11 6.23666e-11 5.62323e-11 5.07013e-11 4.57144e-11 4.12179e-11 3.71638e-11 3.35083e-11 3.02125e-11 2.72407e-11 2.45613e-11 2.21455e-11 1.99672e-11 1.80032e-11 1.62324e-11 1.46358e-11 1.31962e-11 1.18982e-11 1.07279e-11 9.67264e-12 8.72122e-12 7.86338e-12 7.08992e-12 6.39253e-12 5.76374e-12 5.1968e-12 4.68563e-12 4.22474e-12 3.80918e-12 3.43449e-12 3.09666e-12 2.79206e-12 2.51742e-12 2.2698e-12 2.04653e-12 1.84522e-12
2.53081e-05 4.70555e-08 4.24278e-08 3.82552e-08 3.44929e-08 3.11006e-08 2.8042e-08 2.52841e-08 2.27975e-08 2.05554e-08 1.85338e-08 1.67111e-08 1.50675e-08 1.35857e-08 1.22495e-08 1.10448e-08 9.95857e-09 8.97915e-09 8.09606e-09 7.29981e-09 6.58188e-09 5.93455e-09 5.35089e-09 4.82462e-09 4.35012e-09 3.92228e-09 3.53652e-09 3.1887e-09 2.87509e-09 2.59232e-09 2.33736e-09 2.10748e-09 1.9002e-09 1.71331e-09 1.5448e-09 1.39287e-09 1.25588e-09 1.13236e-09 1.02099e-09 9.20569e-10 8.30028e-10 7.48392e-10 6.74785e-10 6.08417e-10 5.48576e-10 4.94621e-10 4.45973e-10 4.0211e-10 3.6256e-10 3.269e-10 2.94748e-10 2.65758e-10 2.39619e-10 2.16051e-10 1.94801e-10 1.75641e-10 1.58366e-10 1.4279e-10 1.28745e-10 1.16082e-10 1.04665e-10 9.43702e-11 8.50882e-11 7.67191e-11 6.91732e-11 6.23695e-11 5.62349e-11 5.07037e-11 4.57166e-11 4.122e-11 3.71656e-11 3.351e-11 3.0214e-11 2.72422e-11 2.45627e-11 2.21467e-11 1.99683e-11 1.80042e-11 1.62333e-11 1.46366e-11 1.3197e-11 1.18989e-11 1.07285e-11 9.67324e-12 8.72176e-12 7.86388e-12 7.09037e-12 6.39295e-12 5.76413e-12 5.19715e-12 4.68595e-12 4.22503e-12 3.80944e-12 3.43473e-12 3.09688e-12 2.79226e-12 2.51761e-12 2.26997e-12 2.04668e-12 1.84536e-12 1.66385e-12
2.28085e-05 4.24272e-08 3.82547e-08 3.44925e-08 3.11003e-08 2.80417e-08 2.52839e-08 2.27973e-08 2.05552e-08 1.85337e-08 1.6711e-08 1.50675e-08 1.35856e-08 1.22495e-08 1.10448e-08 9.95856e-09 8.97915e-09 8.09606e-09 7.29983e-09 6.5819e-09 5.93457e-09 5.35091e-09 4.82465e-09 4.35015e-09 3.92231e-09 3.53655e-09 3.18873e-09 2.87512e-09 2.59235e-09 2.33739e-09 2.1075e-09 1.90023e-09 1.71334e-09 1.54483e-09 1.39289e-09 1.2559e-09 1.13238e-09 1.02101e-09 9.20588e-10 8.30046e-10 7.48408e-10 6.748e-10 6.08431e-10 5.4859e-10 4.94634e-10 4.45985e-10 4.02121e-10 3.6257e-10 3.2691e-10 2.94757e-10 2.65766e-10 2.39627e-10 2.16058e-10 1.94808e-10 1.75647e-10 1.58372e-10 1.42795e-10 1.2875e-10 1.16087e-10 1.04669e-10 9.4374e-11 8.50917e-11 7.67224e-11 6.91762e-11 6.23722e-11 5.62374e-11 5.07061e-11 4.57187e-11 4.12219e-11 3.71674e-11 3.35117e-11 3.02155e-11 2.72436e-11 2.45639e-11 2.21479e-11 1.99694e-11 1.80052e-11 1.62342e-11 1.46375e-11 1.31977e-11 1.18996e-11 1.07291e-11 9.67382e-12 8.7223e-12 7.86436e-12 7.09082e-12 6.39336e-12 5.7645e-12 5.19749e-12 4.68626e-12 4.22531e-12 3.8097e-12 3.43497e-12 3.0971e-12 2.79246e-12 2.51779e-12 2.27013e-12 2.04683e-12 1.8455e-12 1.66397e-12 1.5003e-12
2.05558e-05 3.82541e-08 3.4492e-08 3.10999e-08 2.80413e-08 2.52836e-08 2.27971e-08 2.05551e-08 1.85335e-08 1.67108e-08 1.50674e-08 1.35856e-08 1.22495e-08 1.10448e-08 9.95853e-09 8.97913e-09 8.09606e-09 7.29983e-09 6.5819e-09 5.93458e-09 5.35093e-09 4.82467e-09 4.35017e-09 3.92233e-09 3.53657e-09 3.18875e-09 2.87514e-09 2.59237e-09 2.33741e-09 2.10753e-09 1.90025e-09 1.71336e-09 1.54485e-09 1.39291e-09 1.25592e-09 1.1324e-09 1.02102e-09 9.20605e-10 8.30062e-10 7.48423e-10 6.74814e-10 6.08445e-10 5.48603e-10 4.94646e-10 4.45996e-10 4.02131e-10 3.6258e-10 3.26919e-10 2.94765e-10 2.65774e-10 2.39634e-10 2.16065e-10 1.94814e-10 1.75653e-10 1.58377e-10 1.428e-10 1.28755e-10 1.16091e-10 1.04673e-10 9.43777e-11 8.50951e-11 7.67254e-11 6.9179e-11 6.23748e-11 5.62399e-11 5.07083e-11 4.57208e-11 4.12238e-11 3.71692e-11 3.35133e-11 3.0217e-11 2.72449e-11 2.45652e-11 2.2149e-11 1.99704e-11 1.80062e-11 1.62351e-11 1.46383e-11 1.31984e-11 1.19003e-11 1.07298e-11 9.67438e-12 8.72281e-12 7.86484e-12 7.09125e-12 6.39375e-12 5.76486e-12 5.19782e-12 4.68656e-12 4.22559e-12 3.80995e-12 3.4352e-12 3.09731e-12 2.79265e-12 2.51796e-12 2.27029e-12 2.04698e-12 1.84563e-12 1.66409e-12 1.50041e-12 1.35282e-12
1.85256e-05 3.44915e-08 3.10994e-08 2.8041e-08 2.52833e-08 2.27968e-08 2.05548e-08 1.85334e-08 1.67107e-08 1.50673e-08 1.35855e-08 1.22494e-08 1.10447e-08 9.95849e-09 8.9791e-09 8.09603e-09 7.29981e-09 6.5819e-09 5.93458e-09 5.35093e-09 4.82468e-09 4.35018e-09 3.92235e-09 3.53659e-09 3.18877e-09 2.87516e-09 2.59239e-09 2.33743e-09 2.10755e-09 1.90027e-09 1.71338e-09 1.54487e-09 1.39293e-09 1.25594e-09 1.13241e-09 1.02104e-09 9.2062e-10 8.30076e-10 7.48437e-10 6.74827e-10 6.08457e-10 5.48614e-10 4.94657e-10 4.46006e-10 4.02141e-10 3.62589e-10 3.26927e-10 2.94773e-10 2.65781e-10 2.39641e-10 2.16071e-10 1.9482e-10 1.75659e-10 1.58382e-10 1.42804e-10 1.28759e-10 1.16095e-10 1.04677e-10 9.43811e-11 8.50982e-11 7.67284e-11 6.91817e-11 6.23773e-11 5.62422e-11 5.07104e-11 4.57227e-11 4.12256e-11 3.71708e-11 3.35148e-11 3.02184e-11 2.72462e-11 2.45664e-11 2.21501e-11 1.99714e-11 1.80071e-11 1.6236e-11 1.4639e-11 1.31992e-11 1.19009e-11 1.07304e-11 9.67493e-12 8.72331e-12 7.86529e-12 7.09167e-12 6.39414e-12 5.76521e-12 5.19815e-12 4.68686e-12 4.22586e-12 3.8102e-12 3.43543e-12 3.09752e-12 2.79284e-12 2.51813e-12 2.27045e-12 2.04712e-12 1.84576e-12 1.66421e-12 1.50052e-12 1.35292e-12 1.21985e-12
1.66959e-05 3.10989e-08 2.80405e-08 2.52829e-08 2.27965e-08 2.05546e-08 1.85331e-08 1.67105e-08 1.50671e-08 1.35853e-08 1.22493e-08 1.10446e-08 9.95842e-09 8.97905e-09 8.096e-09 7.29979e-09 6.58188e-09 5.93457e-09 5.35093e-09 4.82468e-09 4.35018e-09 3.92235e-09 3.5366e-09 3.18878e-09 2.87517e-09 2.59241e-09 2.33745e-09 2.10756e-09 1.90029e-09 1.7134e-09 1.54488e-09 1.39295e-09 1.25595e-09 1.13243e-09 1.02105e-09 9.20633e-10 8.30089e-10 7.48449e-10 6.74839e-10 6.08468e-10 5.48625e-10 4.94667e-10 4.46016e-10 4.02149e-10 3.62597e-10 3.26935e-10 2.94781e-10 2.65788e-10 2.39647e-10 2.16077e-10 1.94826e-10 1.75664e-10 1.58387e-10 1.42809e-10 1.28763e-10 1.16099e-10 1.0468e-10 9.43844e-11 8.51013e-11 7.67312e-11 6.91843e-11 6.23797e-11 5.62444e-11 5.07125e-11 4.57246e-11 4.12273e-11 3.71724e-11 3.35163e-11 3.02198e-11 2.72475e-11 2.45675e-11 2.21511e-11 1.99724e-11 1.8008e-11 1.62368e-11 1.46398e-11 1.31998e-11 1.19015e-11 1.07309e-11 9.67545e-12 8.7238e-12 7.86574e-12 7.09208e-12 6.39451e-12 5.76555e-12 5.19846e-12 4.68714e-12 4.22612e-12 3.81044e-12 3.43564e-12 3.09772e-12 2.79302e-12 2.5183e-12 2.2706e-12 2.04726e-12 1.84589e-12 1.66433e-12 1.50062e-12 1.35302e-12 1.21993e-12 1.09994e-12
1.50469e-05 2.804e-08 2.52825e-08 2.27961e-08 2.05543e-08 1.85329e-08 1.67103e-08 1.50669e-08 1.35852e-08 1.22491e-08 1.10445e-08 9.95834e-09 8.97899e-09 8.09594e-09 7.29975e-09 6.58185e-09 5.93455e-09 5.35091e-09 4.82467e-09 4.35018e-09 3.92235e-09 3.5366e-09 3.18879e-09 2.87518e-09 2.59241e-09 2.33746e-09 2.10757e-09 1.9003e-09 1.71341e-09 1.5449e-09 1.39296e-09 1.25596e-09 1.13244e-09 1.02107e-09 9.20645e-10 8.301e-10 7.4846e-10 6.7485e-10 6.08478e-10 5.48634e-10 4.94676e-10 4.46024e-10 4.02158e-10 3.62605e-10 3.26942e-10 2.94787e-10 2.65795e-10 2.39653e-10 2.16083e-10 1.94831e-10 1.75669e-10 1.58391e-10 1.42813e-10 1.28767e-10 1.16102e-10 1.04683e-10 9.43875e-11 8.51042e-11 7.67339e-11 6.91868e-11 6.2382e-11 5.62465e-11 5.07144e-11 4.57264e-11 4.1229e-11 3.71739e-11 3.35177e-11 3.02211e-11 2.72487e-11 2.45686e-11 2.21521e-11 1.99733e-11 1.80088e-11 1.62376e-11 1.46405e-11 1.32005e-11 1.19021e-11 1.07315e-11 9.67597e-12 8.72426e-12 7.86617e-12 7.09247e-12 6.39487e-12 5.76588e-12 5.19876e-12 4.68742e-12 4.22637e-12 3.81067e-12 3.43586e-12 3.09791e-12 2.7932e-12 2.51846e-12 2.27075e-12 2.0474e-12 1.84602e-12 1.66444e-12 1.50073e-12 1.35311e-12 1.22002e-12 1.10002e-12 9.9182e-13
1.35608e-05 2.5282e-08 2.27957e-08 2.05539e-08 1.85326e-08 1.671e-08 1.50667e-08 1.3585e-08 1.2249e-08 1.10444e-08 9.95824e-09 8.9789e-09 8.09588e-09 7.29969e-09 6.5818e-09 5.93452e-09 5.35089e-09 4.82465e-09 4.35017e-09 3.92235e-09 3.5366e-09 3.18879e-09 2.87518e-09 2.59242e-09 2.33746e-09 2.10758e-09 1.90031e-09 1.71342e-09 1.54491e-09 1.39297e-09 1.25597e-09 1.13245e-09 1.02108e-09 9.20655e-10 8.3011e-10 7.4847e-10 6.74859e-10 6.08487e-10 5.48643e-10 4.94684e-10 4.46032e-10 4.02165e-10 3.62612e-10 3.26949e-10 2.94793e-10 2.658e-10 2.39659e-10 2.16088e-10 1.94836e-10 1.75673e-10 1.58396e-10 1.42817e-10 1.28771e-10 1.16106e-10 1.04687e-10 9.43904e-11 8.51069e-11 7.67364e-11 6.91891e-11 6.23842e-11 5.62485e-11 5.07162e-11 4.57281e-11 4.12306e-11 3.71754e-11 3.3519e-11 3.02223e-11 2.72498e-11 2.45696e-11 2.21531e-11 1.99742e-11 1.80097e-11 1.62383e-11 1.46412e-11 1.32011e-11 1.19027e-11 1.0732e-11 9.67646e-12 8.72472e-12 7.86658e-12 7.09285e-12 6.39522e-12 5.7662e-12 5.19905e-12 4.68769e-12 4.22662e-12 3.8109e-12 3.43606e-12 3.0981e-12 2.79337e-12 2.51862e-12 2.27089e-12 2.04753e-12 1.84614e-12 1.66455e-12 1.50083e-12 1.35321e-12 1.22011e-12 1.1001e-12 9.9189e-13 8.94327e-13
1.22215e-05 2.27953e-08 2.05535e-08 1.85323e-08 1.67098e-08 1.50665e-08 1.35848e-08 1.22488e-08 1.10442e-08 9.95812e-09 8.9788e-09 8.0958e-09 7.29962e-09 6.58175e-09 5.93447e-09 5.35085e-09 4.82462e-09 4.35015e-09 3.92233e-09 3.53659e-09 3.18878e-09 2.87518e-09 2.59242e-09 2.33747e-09 2.10759e-09 1.90031e-09 1.71342e-09 1.54491e-09 1.39298e-09 1.25598e-09 1.13246e-09 1.02109e-09 9.20664e-10 8.30119e-10 7.48478e-10 6.74867e-10 6.08495e-10 5.4865e-10 4.94691e-10 4.46039e-10 4.02172e-10 3.62618e-10 3.26955e-10 2.94799e-10 2.65806e-10 2.39664e-10 2.16093e-10 1.9484e-10 1.75677e-10 1.58399e-10 1.42821e-10 1.28774e-10 1.16109e-10 1.0469e-10 9.43932e-11 8.51094e-11 7.67388e-11 6.91914e-11 6.23862e-11 5.62504e-11 5.0718e-11 4.57297e-11 4.12321e-11 3.71768e-11 3.35203e-11 3.02235e-11 2.72509e-11 2.45707e-11 2.2154e-11 1.99751e-11 1.80104e-11 1.6239e-11 1.46418e-11 1.32018e-11 1.19033e-11 1.07325e-11 9.67693e-12 8.72515e-12 7.86698e-12 7.09322e-12 6.39555e-12 5.76651e-12 5.19934e-12 4.68795e-12 4.22685e-12 3.81111e-12 3.43626e-12 3.09828e-12 2.79354e-12 2.51877e-12 2.27103e-12 2.04766e-12 1.84625e-12 1.66466e-12 1.50093e-12 1.3533e-12 1.22019e-12 1.10017e-12 9.91958e-13 8.9439e-13 8.06418e-13
1.10144e-05 2.05531e-08 1.85319e-08 1.67094e-08 1.50662e-08 1.35846e-08 1.22486e-08 1.10441e-08 9.95798e-09 8.97869e-09 8.0957e-09 7.29954e-09 6.58168e-09 5.93442e-09 5.35081e-09 4.82459e-09 4.35012e-09 3.92231e-09 3.53657e-09 3.18877e-09 2.87517e-09 2.59241e-09 2.33746e-09 2.10759e-09 1.90031e-09 1.71343e-09 1.54492e-09 1.39298e-09 1.25599e-09 1.13247e-09 1.02109e-09 9.20671e-10 8.30126e-10 7.48485e-10 6.74874e-10 6.08502e-10 5.48657e-10 4.94698e-10 4.46045e-10 4.02177e-10 3.62624e-10 3.2696e-10 2.94804e-10 2.65811e-10 2.39668e-10 2.16097e-10 1.94844e-10 1.75681e-10 1.58403e-10 1.42824e-10 1.28777e-10 1.16112e-10 1.04692e-10 9.43958e-11 8.51119e-11 7.6741e-11 6.91934e-11 6.23882e-11 5.62522e-11 5.07197e-11 4.57313e-11 4.12335e-11 3.71781e-11 3.35215e-11 3.02246e-11 2.72519e-11 2.45716e-11 2.21549e-11 1.99759e-11 1.80112e-11 1.62397e-11 1.46425e-11 1.32023e-11 1.19038e-11 1.0733e-11 9.67739e-12 8.72557e-12 7.86737e-12 7.09357e-12 6.39588e-12 5.76681e-12 5.19961e-12 4.6882e-12 4.22708e-12 3.81132e-12 3.43646e-12 3.09846e-12 2.7937e-12 2.51892e-12 2.27117e-12 2.04778e-12 1.84637e-12 1.66476e-12 1.50102e-12 1.35338e-12 1.22027e-12 1.10024e-12 9.92025e-13 8.9445e-13 8.06473e-13 7.27149e-13
9.92658e-06 1.85315e-08 1.67091e-08 1.50659e-08 1.35843e-08 1.22484e-08 1.10439e-08 9.95782e-09 8.97855e-09 8.09559e-09 7.29945e-09 6.5816e-09 5.93435e-09 5.35075e-09 4.82454e-09 4.35008e-09 3.92228e-09 3.53655e-09 3.18875e-09 2.87516e-09 2.59241e-09 2.33746e-09 2.10758e-09 1.90031e-09 1.71343e-09 1.54492e-09 1.39298e-09 1.25599e-09 1.13247e-09 1.0211e-09 9.20676e-10 8.30131e-10 7.48491e-10 6.74879e-10 6.08507e-10 5.48662e-10 4.94703e-10 4.46051e-10 4.02183e-10 3.62629e-10 3.26965e-10 2.94809e-10 2.65815e-10 2.39673e-10 2.16101e-10 1.94848e-10 1.75685e-10 1.58406e-10 1.42827e-10 1.2878e-10 1.16115e-10 1.04695e-10 9.43982e-11 8.51141e-11 7.67431e-11 6.91954e-11 6.239e-11 5.62539e-11 5.07213e-11 4.57328e-11 4.12349e-11 3.71794e-11 3.35227e-11 3.02257e-11 2.72529e-11 2.45725e-11 2.21558e-11 1.99767e-11 1.80119e-11 1.62404e-11 1.46431e-11 1.32029e-11 1.19044e-11 1.07335e-11 9.67783e-12 8.72598e-12 7.86774e-12 7.09391e-12 6.39619e-12 5.7671e-12 5.19988e-12 4.68844e-12 4.22731e-12 3.81153e-12 3.43664e-12 3.09863e-12 2.79386e-12 2.51907e-12 2.2713e-12 2.0479e-12 1.84648e-12 1.66486e-12 1.50111e-12 1.35347e-12 1.22034e-12 1.10031e-12 9.92089e-13 8.94509e-13 8.06527e-13 7.27198e-13 6.55672e-13
8.94617e-06 1.67087e-08 1.50656e-08 1.3584e-08 1.22482e-08 1.10437e-08 9.95765e-09 8.9784e-09 8.09546e-09 7.29934e-09 6.58151e-09 5.93428e-09 5.35069e-09 4.82449e-09 4.35004e-09 3.92225e-09 3.53652e-09 3.18873e-09 2.87514e-09 2.59239e-09 2.33745e-09 2.10757e-09 1.90031e-09 1.71342e-09 1.54492e-09 1.39298e-09 1.25599e-09 1.13247e-09 1.0211e-09 9.20679e-10 8.30135e-10 7.48495e-10 6.74884e-10 6.08512e-10 5.48667e-10 4.94708e-10 4.46055e-10 4.02187e-10 3.62633e-10 3.26969e-10 2.94813e-10 2.65819e-10 2.39676e-10 2.16105e-10 1.94851e-10 1.75688e-10 1.58409e-10 1.4283e-10 1.28783e-10 1.16117e-10 1.04697e-10 9.44004e-11 8.51162e-11 7.67451e-11 6.91972e-11 6.23917e-11 5.62555e-11 5.07227e-11 4.57341e-11 4.12362e-11 3.71805e-11 3.35238e-11 3.02267e-11 2.72539e-11 2.45734e-11 2.21566e-11 1.99774e-11 1.80126e-11 1.6241e-11 1.46437e-11 1.32034e-11 1.19049e-11 1.0734e-11 9.67825e-12 8.72637e-12 7.8681e-12 7.09424e-12 6.3965e-12 5.76738e-12 5.20013e-12 4.68867e-12 4.22752e-12 3.81173e-12 3.43682e-12 3.09879e-12 2.79401e-12 2.51921e-12 2.27143e-12 2.04802e-12 1.84659e-12 1.66496e-12 1.5012e-12 1.35355e-12 1.22042e-12 1.10038e-12 9.92152e-13 8.94567e-13 8.0658e-13 7.27246e-13 6.55716e-13 5.91221e-13
8.0626e-06 1.50653e-08 1.35837e-08 1.22479e-08 1.10435e-08 9.95746e-09 8.97824e-09 8.09532e-09 7.29922e-09 6.58141e-09 5.93419e-09 5.35061e-09 4.82443e-09 4.34999e-09 3.9222e-09 3.53649e-09 3.1887e-09 2.87512e-09 2.59237e-09 2.33743e-09 2.10756e-09 1.9003e-09 1.71342e-09 1.54491e-09 1.39298e-09 1.25599e-09 1.13247e-09 1.0211e-09 9.20681e-10 8.30137e-10 7.48498e-10 6.74887e-10 6.08515e-10 5.48671e-10 4.94711e-10 4.46059e-10 4.02191e-10 3.62637e-10 3.26973e-10 2.94816e-10 2.65822e-10 2.3968e-10 2.16108e-10 1.94854e-10 1.75691e-10 1.58412e-10 1.42833e-10 1.28785e-10 1.1612e-10 1.047e-10 9.44025e-11 8.51182e-11 7.67469e-11 6.91989e-11 6.23933e-11 5.6257e-11 5.07241e-11 4.57354e-11 4.12374e-11 3.71817e-11 3.35248e-11 3.02277e-11 2.72548e-11 2.45742e-11 2.21573e-11 1.99781e-11 1.80133e-11 1.62416e-11 1.46442e-11 1.3204e-11 1.19053e-11 1.07344e-11 9.67866e-12 8.72674e-12 7.86844e-12 7.09456e-12 6.39679e-12 5.76764e-12 5.20038e-12 4.6889e-12 4.22773e-12 3.81192e-12 3.437e-12 3.09896e-12 2.79416e-12 2.51934e-12 2.27155e-12 2.04813e-12 1.84669e-12 1.66506e-12 1.50129e-12 1.35363e-12 1.22049e-12 1.10045e-12 9.92213e-13 8.94623e-13 8.06631e-13 7.27293e-13 6.55759e-13 5.9126e-13 5.33106e-13
7.26629e-06 1.35834e-08 1.22476e-08 1.10432e-08 9.95724e-09 8.97806e-09 8.09516e-09 7.29908e-09 6.58129e-09 5.93409e-09 5.35053e-09 4.82436e-09 4.34993e-09 3.92215e-09 3.53644e-09 3.18867e-09 2.87509e-09 2.59235e-09 2.33741e-09 2.10755e-09 1.90029e-09 1.71341e-09 1.54491e-09 1.39298e-09 1.25599e-09 1.13247e-09 1.0211e-09 9.20681e-10 8.30138e-10 7.48499e-10 6.74889e-10 6.08517e-10 5.48673e-10 4.94714e-10 4.46062e-10 4.02194e-10 3.6264e-10 3.26976e-10 2.94819e-10 2.65825e-10 2.39682e-10 2.16111e-10 1.94857e-10 1.75693e-10 1.58415e-10 1.42835e-10 1.28788e-10 1.16122e-10 1.04702e-10 9.44044e-11 8.512e-11 7.67486e-11 6.92005e-11 6.23948e-11 5.62583e-11 5.07254e-11 4.57366e-11 4.12385e-11 3.71827e-11 3.35258e-11 3.02286e-11 2.72556e-11 2.4575e-11 2.21581e-11 1.99788e-11 1.80139e-11 1.62422e-11 1.46448e-11 1.32045e-11 1.19058e-11 1.07348e-11 9.67905e-12 8.7271e-12 7.86877e-12 7.09486e-12 6.39707e-12 5.7679e-12 5.20061e-12 4.68912e-12 4.22793e-12 3.8121e-12 3.43717e-12 3.09911e-12 2.7943e-12 2.51947e-12 2.27167e-12 2.04824e-12 1.84679e-12 1.66515e-12 1.50137e-12 1.35371e-12 1.22056e-12 1.10051e-12 9.92273e-13 8.94677e-13 8.0668e-13 7.27339e-13 6.558e-13 5.91298e-13 5.3314e-13 4.80702e-13
6.54864e-06 1.22473e-08 1.1043e-08 9.95701e-09 8.97786e-09 8.09499e-09 7.29894e-09 6.58117e-09 5.93398e-09 5.35044e-09 4.82428e-09 4.34986e-09 3.92209e-09 3.5364e-09 3.18863e-09 2.87505e-09 2.59232e-09 2.33739e-09 2.10753e-09 1.90027e-09 1.7134e-09 1.5449e-09 1.39297e-09 1.25598e-09 1.13247e-09 1.0211e-09 9.20679e-10 8.30137e-10 7.48499e-10 6.74889e-10 6.08518e-10 5.48675e-10 4.94716e-10 4.46064e-10 4.02196e-10 3.62642e-10 3.26978e-10 2.94822e-10 2.65828e-10 2.39685e-10 2.16113e-10 1.94859e-10 1.75696e-10 1.58417e-10 1.42837e-10 1.2879e-10 1.16124e-10 1.04703e-10 9.44061e-11 8.51216e-11 7.67501e-11 6.9202e-11 6.23961e-11 5.62596e-11 5.07266e-11 4.57378e-11 4.12395e-11 3.71837e-11 3.35267e-11 3.02294e-11 2.72564e-11 2.45758e-11 2.21588e-11 1.99795e-11 1.80145e-11 1.62428e-11 1.46453e-11 1.32049e-11 1.19062e-11 1.07352e-11 9.67942e-12 8.72744e-12 7.86909e-12 7.09515e-12 6.39733e-12 5.76815e-12 5.20084e-12 4.68933e-12 4.22812e-12 3.81228e-12 3.43733e-12 3.09926e-12 2.79444e-12 2.5196e-12 2.27179e-12 2.04835e-12 1.84689e-12 1.66524e-12 1.50146e-12 1.35378e-12 1.22063e-12 1.10058e-12 9.9233e-13 8.9473e-13 8.06729e-13 7.27383e-13 6.55841e-13 5.91335e-13 5.33174e-13 4.80733e-13 4.3345e-13
5.90186e-06 1.10427e-08 9.95677e-09 8.97764e-09 8.0948e-09 7.29877e-09 6.58103e-09 5.93386e-09 5.35033e-09 4.82419e-09 4.34978e-09 3.92203e-09 3.53634e-09 3.18858e-09 2.87501e-09 2.59229e-09 2.33736e-09 2.1075e-09 1.90025e-09 1.71338e-09 1.54488e-09 1.39296e-09 1.25597e-09 1.13246e-09 1.02109e-09 9.20676e-10 8.30135e-10 7.48498e-10 6.74889e-10 6.08518e-10 5.48675e-10 4.94717e-10 4.46065e-10 4.02197e-10 3.62644e-10 3.2698e-10 2.94824e-10 2.6583e-10 2.39687e-10 2.16115e-10 1.94861e-10 1.75698e-10 1.58419e-10 1.42839e-10 1.28791e-10 1.16125e-10 1.04705e-10 9.44077e-11 8.51231e-11 7.67515e-11 6.92033e-11 6.23974e-11 5.62608e-11 5.07277e-11 4.57388e-11 4.12405e-11 3.71846e-11 3.35276e-11 3.02302e-11 2.72571e-11 2.45765e-11 2.21594e-11 1.99801e-11 1.8015e-11 1.62433e-11 1.46458e-11 1.32054e-11 1.19066e-11 1.07356e-11 9.67977e-12 8.72776e-12 7.86939e-12 7.09543e-12 6.39759e-12 5.76838e-12 5.20106e-12 4.68953e-12 4.22831e-12 3.81245e-12 3.43749e-12 3.0994e-12 2.79457e-12 2.51972e-12 2.2719e-12 2.04845e-12 1.84698e-12 1.66532e-12 1.50153e-12 1.35385e-12 1.2207e-12 1.10064e-12 9.92386e-13 8.94781e-13 8.06775e-13 7.27425e-13 6.5588e-13 5.91371e-13 5.33207e-13 4.80763e-13 4.33478e-13 3.90843e-13
5.31896e-06 9.9565e-09 8.97741e-09 8.0946e-09 7.2986e-09 6.58088e-09 5.93373e-09 5.35022e-09 4.82409e-09 4.3497e-09 3.92196e-09 3.53628e-09 3.18853e-09 2.87497e-09 2.59225e-09 2.33733e-09 2.10748e-09 1.90023e-09 1.71336e-09 1.54487e-09 1.39295e-09 1.25596e-09 1.13245e-09 1.02109e-09 9.20671e-10 8.30131e-10 7.48495e-10 6.74887e-10 6.08517e-10 5.48675e-10 4.94717e-10 4.46065e-10 4.02198e-10 3.62645e-10 3.26981e-10 2.94825e-10 2.65831e-10 2.39688e-10 2.16117e-10 1.94863e-10 1.75699e-10 1.5842e-10 1.42841e-10 1.28793e-10 1.16127e-10 1.04706e-10 9.44091e-11 8.51244e-11 7.67528e-11 6.92045e-11 6.23985e-11 5.62619e-11 5.07288e-11 4.57398e-11 4.12414e-11 3.71855e-11 3.35284e-11 3.0231e-11 2.72578e-11 2.45771e-11 2.216e-11 1.99806e-11 1.80156e-11 1.62438e-11 1.46462e-11 1.32058e-11 1.1907e-11 1.0736e-11 9.6801e-12 8.72807e-12 7.86967e-12 7.09569e-12 6.39783e-12 5.76861e-12 5.20126e-12 4.68972e-12 4.22848e-12 3.81261e-12 3.43764e-12 3.09954e-12 2.7947e-12 2.51983e-12 2.272e-12 2.04855e-12 1.84707e-12 1.66541e-12 1.50161e-12 1.35392e-12 1.22076e-12 1.1007e-12 9.9244e-13 8.9483e-13 8.06821e-13 7.27467e-13 6.55918e-13 5.91406e-13 5.33239e-13 4.80792e-13 4.33504e-13 3.90867e-13 3.52424e-13
4.79363e-06 8.97716e-09 8.09438e-09 7.29841e-09 6.58071e-09 5.93359e-09 5.3501e-09 4.82398e-09 4.34961e-09 3.92188e-09 3.53621e-09 3.18847e-09 2.87492e-09 2.5922e-09 2.33729e-09 2.10745e-09 1.9002e-09 1.71334e-09 1.54485e-09 1.39293e-09 1.25595e-09 1.13244e-09 1.02108e-09 9.20664e-10 8.30126e-10 7.48491e-10 6.74884e-10 6.08515e-10 5.48673e-10 4.94716e-10 4.46065e-10 4.02198e-10 3.62645e-10 3.26982e-10 2.94826e-10 2.65832e-10 2.39689e-10 2.16118e-10 1.94864e-10 1.75701e-10 1.58422e-10 1.42842e-10 1.28794e-10 1.16128e-10 1.04708e-10 9.44103e-11 8.51256e-11 7.67539e-11 6.92056e-11 6.23996e-11 5.62629e-11 5.07297e-11 4.57406e-11 4.12423e-11 3.71862e-11 3.35291e-11 3.02317e-11 2.72585e-11 2.45777e-11 2.21606e-11 1.99811e-11 1.80161e-11 1.62442e-11 1.46466e-11 1.32062e-11 1.19074e-11 1.07363e-11 9.68042e-12 8.72837e-12 7.86994e-12 7.09594e-12 6.39807e-12 5.76882e-12 5.20146e-12 4.6899e-12 4.22865e-12 3.81276e-12 3.43778e-12 3.09967e-12 2.79482e-12 2.51995e-12 2.27211e-12 2.04864e-12 1.84716e-12 1.66549e-12 1.50168e-12 1.35399e-12 1.22082e-12 1.10075e-12 9.92492e-13 8.94878e-13 8.06864e-13 7.27507e-13 6.55955e-13 5.91439e-13 5.3327e-13 4.80821e-13 4.3353e-13 3.90891e-13 3.52445e-13 3.17781e-13
