0.989017 0.00272176 0.00136214 0.000683567 0.000343965 0.000173542 8.77875e-05 4.45218e-05 2.26361e-05 1.15368e-05 5.89384e-06 3.01788e-06 1.54868e-06 7.96411e-07 4.10383e-07 2.11873e-07 1.09585e-07 5.67775e-08 2.94646e-08 1.53137e-08 7.97024e-09 4.15362e-09 2.16722e-09 1.13202e-09 5.91877e-10 3.09728e-10 1.62182e-10 8.49251e-11 4.43805e-11 2.29693e-11 1.20512e-11
0.00272176 1.37082e-05 6.87604e-06 3.45947e-06 1.74558e-06 8.83232e-07 4.48068e-07 2.27864e-07 1.16143e-07 5.93216e-08 3.03569e-08 1.55613e-08 7.98909e-09 4.10711e-09 2.11392e-09 1.08914e-09 5.6164e-10 2.89834e-10 1.49658e-10 7.73143e-11 3.99558e-11 2.06545e-11 1.06786e-11 5.52082e-12 2.85301e-12 1.47178e-12 7.54393e-13 3.77661e-13 1.72262e-13 4.67805e-14 2.36523e-14
0.00136214 6.87604e-06 3.4487e-06 1.73489e-06 8.75264e-07 4.42791e-07 2.24587e-07 1.1419e-07 5.81898e-08 2.97144e-08 1.52022e-08 7.79093e-09 3.99883e-09 2.05524e-09 1.05756e-09 5.44746e-10 2.80842e-10 1.44893e-10 7.47994e-11 3.86329e-11 1.99608e-11 1.03158e-11 5.3316e-12 2.75456e-12 1.42071e-12 7.28059e-13 3.64328e-13 1.65985e-13 4.48117e-14 2.25367e-14 1.14001e-14
0.000683567 3.45947e-06 1.73489e-06 8.72608e-07 4.40153e-07 2.22622e-07 1.12888e-07 5.73815e-08 2.92326e-08 1.4923e-08 7.63242e-09 3.91025e-09 2.00635e-09 1.03085e-09 5.30269e-10 2.73051e-10 1.40725e-10 7.25809e-11 3.74573e-11 1.93403e-11 9.98943e-12 5.16045e-12 2.66508e-12 1.37409e-12 7.03917e-13 3.52041e-13 1.60142e-13 4.28823e-14 2.15944e-14 1.08634e-14 5.49789e-15
0.000343965 1.74558e-06 8.75264e-07 4.40153e-07 2.21966e-07 1.12237e-07 5.68965e-08 2.89114e-08 1.47236e-08 7.51355e-09 3.84136e-09 1.96724e-09 1.00899e-09 5.18207e-10 2.6646e-10 1.37154e-10 7.06586e-11 3.6429e-11 1.87929e-11 9.69938e-12 5.00736e-12 2.58458e-12 1.33193e-12 6.81975e-13 3.40821e-13 1.54775e-13 4.10823e-14 2.06717e-14 1.04132e-14 5.2401e-15 2.65327e-15
0.000173542 8.83232e-07 4.42791e-07 2.22622e-07 1.12237e-07 5.67349e-08 2.87508e-08 1.4604e-08 7.43431e-09 3.79216e-09 1.93792e-09 9.91999e-10 5.08559e-10 2.61068e-10 1.34178e-10 6.90324e-11 3.55477e-11 1.83186e-11 9.44566e-12 4.87232e-12 2.51304e-12 1.29421e-12 6.62232e-13 3.30672e-13 1.49896e-13 3.94335e-14 1.98135e-14 9.97275e-15 5.02539e-15 2.52961e-15 1.28148e-15
8.77875e-05 4.48068e-07 2.24587e-07 1.12888e-07 5.68965e-08 2.87508e-08 1.45641e-08 7.3947e-09 3.76265e-09 1.91837e-09 9.79861e-10 5.01324e-10 2.56875e-10 1.31797e-10 6.77022e-11 3.48134e-11 1.79174e-11 9.22823e-12 4.75531e-12 2.45046e-12 1.26094e-12 6.44688e-13 3.21593e-13 1.45504e-13 3.79407e-14 1.90306e-14 9.56442e-15 4.81553e-15 2.42742e-15 1.22225e-15 6.1949e-16
4.45218e-05 2.27864e-07 1.1419e-07 5.73815e-08 2.89114e-08 1.4604e-08 7.3947e-09 3.75281e-09 1.90859e-09 9.72578e-10 4.965e-10 2.5388e-10 1.30012e-10 6.66676e-11 3.42261e-11 1.75892e-11 9.04707e-12 4.65633e-12 2.39684e-12 1.23212e-12 6.29341e-13 3.13585e-13 1.41602e-13 3.66052e-14 1.83256e-14 9.19362e-15 4.62169e-15 2.32765e-15 1.17372e-15 5.91168e-16 2.99779e-16
2.26361e-05 1.16143e-07 5.81898e-08 2.92326e-08 1.47236e-08 7.43431e-09 3.76265e-09 1.90859e-09 9.70151e-10 4.94089e-10 2.52083e-10 1.28822e-10 6.59287e-11 3.37857e-11 1.73339e-11 8.90216e-12 4.57535e-12 2.35215e-12 1.20773e-12 6.16189e-13 3.06646e-13 1.38188e-13 3.54271e-14 1.76988e-14 8.8616e-15 4.44655e-15 2.23586e-15 1.1264e-15 5.68182e-16 2.8626e-16 1.45233e-16
1.15368e-05 5.93216e-08 2.97144e-08 1.4923e-08 7.51355e-09 3.79216e-09 1.91837e-09 9.72578e-10 4.94089e-10 2.51485e-10 1.28227e-10 6.54854e-11 3.34921e-11 1.71516e-11 8.79349e-12 4.51238e-12 2.31641e-12 1.18778e-12 6.05231e-13 3.00775e-13 1.35263e-13 3.44063e-14 1.71506e-14 8.56865e-15 4.29074e-15 2.15339e-15 1.08306e-15 5.45794e-16 2.75401e-16 1.38793e-16 7.045e-17
5.89384e-06 3.03569e-08 1.52022e-08 7.63242e-09 3.84136e-09 1.93792e-09 9.79861e-10 4.965e-10 2.52083e-10 1.28227e-10 6.53377e-11 3.33453e-11 1.70423e-11 8.72105e-12 4.4674e-12 2.28961e-12 1.17226e-12 5.96466e-13 2.95973e-13 1.32826e-13 3.35427e-14 1.66807e-14 8.3148e-15 4.15441e-15 2.08056e-15 1.04436e-15 5.2539e-16 2.64841e-16 1.33679e-16 6.73889e-17 3.42221e-17
3.01788e-06 1.55613e-08 7.79093e-09 3.91025e-09 1.96724e-09 9.91999e-10 5.01324e-10 2.5388e-10 1.28822e-10 6.54854e-11 3.33453e-11 1.70058e-11 8.68484e-12 4.44042e-12 2.27174e-12 1.16118e-12 5.89893e-13 2.92238e-13 1.30876e-13 3.28362e-14 1.62893e-14 8.10004e-15 4.03757e-15 2.01744e-15 1.01046e-15 5.07301e-16 2.55269e-16 1.28714e-16 6.49887e-17 3.27705e-17 1.66494e-17
1.54868e-06 7.98909e-09 3.99883e-09 2.00635e-09 1.00899e-09 5.08559e-10 2.56875e-10 1.30012e-10 6.59287e-11 3.34921e-11 1.70423e-11 8.68484e-12 4.43143e-12 2.26281e-12 1.15454e-12 5.85512e-13 2.89571e-13 1.29414e-13 3.22869e-14 1.59762e-14 7.92437e-15 3.94022e-15 1.96403e-15 9.81409e-16 4.91608e-16 2.46852e-16 1.24241e-16 6.26626e-17 3.16484e-17 1.59629e-17 8.11365e-18
7.96411e-07 4.10711e-09 2.05524e-09 1.03085e-09 5.18207e-10 2.61068e-10 1.31797e-10 6.66676e-11 3.37857e-11 1.71516e-11 8.72105e-12 4.44042e-12 2.26281e-12 1.15232e-12 5.83321e-13 2.87971e-13 1.28439e-13 3.18945e-14 1.57414e-14 7.78775e-15 3.86235e-15 1.92034e-15 9.57198e-16 4.78327e-16 2.39628e-16 1.20344e-16 6.05821e-17 3.05631e-17 1.54406e-17 7.78987e-18 3.96108e-18
4.10383e-07 2.11392e-09 1.05756e-09 5.30269e-10 2.6646e-10 1.34178e-10 6.77022e-11 3.42261e-11 1.73339e-11 8.79349e-12 4.4674e-12 2.27174e-12 1.15454e-12 5.83321e-13 2.87437e-13 1.27952e-13 3.16591e-14 1.55848e-14 7.69018e-15 3.80396e-15 1.88636e-15 9.37833e-16 4.67461e-16 2.33608e-16 1.17042e-16 5.87886e-17 2.96004e-17 1.49367e-17 7.548e-18 3.8089e-18 1.93753e-18
2.11873e-07 1.08914e-09 5.44746e-10 2.73051e-10 1.37154e-10 6.90324e-11 3.48134e-11 1.75892e-11 8.90216e-12 4.51238e-12 2.28961e-12 1.16118e-12 5.85512e-13 2.87971e-13 1.27952e-13 3.15807e-14 1.55066e-14 7.63164e-15 3.76503e-15 1.8621e-15 9.23311e-16 4.59011e-16 2.28791e-16 1.1434e-16 5.72918e-17 2.87807e-17 1.44938e-17 7.31529e-18 3.69755e-18 1.86626e-18 9.49667e-19
1.09585e-07 5.6164e-10 2.80842e-10 1.40725e-10 7.06586e-11 3.55477e-11 1.79174e-11 9.04707e-12 4.57535e-12 2.31641e-12 1.17226e-12 5.89893e-13 2.89571e-13 1.28439e-13 3.16591e-14 1.55066e-14 7.61213e-15 3.74557e-15 1.84754e-15 9.1363e-16 4.52976e-16 2.2518e-16 1.12239e-16 5.60941e-17 2.8109e-17 1.41223e-17 7.11302e-18 3.59076e-18 1.81535e-18 9.16431e-19 4.6648e-19
5.67775e-08 2.89834e-10 1.44893e-10 7.25809e-11 3.6429e-11 1.83186e-11 9.22823e-12 4.65633e-12 2.35215e-12 1.18778e-12 5.96466e-13 2.92238e-13 1.29414e-13 3.18945e-14 1.55848e-14 7.63164e-15 3.74557e-15 1.84269e-15 9.0879e-16 4.49355e-16 2.22772e-16 1.10738e-16 5.51957e-17 2.75863e-17 1.38245e-17 6.94632e-18 3.49916e-18 1.76672e-18 8.93347e-19 4.51055e-19 2.29656e-19
2.94646e-08 1.49658e-10 7.47994e-11 3.74573e-11 1.87929e-11 9.44566e-12 4.75531e-12 2.39684e-12 1.20773e-12 6.05231e-13 2.95973e-13 1.30876e-13 3.22869e-14 1.57414e-14 7.69018e-15 3.76503e-15 1.84754e-15 9.0879e-16 4.48148e-16 2.21568e-16 1.09837e-16 5.45969e-17 2.7213e-17 1.36011e-17 6.81641e-18 3.42529e-18 1.72565e-18 8.71398e-19 4.40692e-19 2.22536e-19 1.1333e-19
1.53137e-08 7.73143e-11 3.86329e-11 1.93403e-11 9.69938e-12 4.87232e-12 2.45046e-12 1.23212e-12 6.16189e-13 3.00775e-13 1.32826e-13 3.28362e-14 1.59762e-14 7.78775e-15 3.80396e-15 1.8621e-15 9.1363e-16 4.49355e-16 2.21568e-16 1.09537e-16 5.42974e-17 2.6989e-17 1.34522e-17 6.72356e-18 3.36976e-18 1.69343e-18 8.53224e-19 4.30895e-19 2.17941e-19 1.10065e-19 5.60616e-20
7.97024e-09 3.99558e-11 1.99608e-11 9.98943e-12 5.00736e-12 2.51304e-12 1.26094e-12 6.29341e-13 3.06646e-13 1.35263e-13 3.35427e-14 1.62893e-14 7.92437e-15 3.86235e-15 1.88636e-15 9.23311e-16 4.52976e-16 2.22772e-16 1.09837e-16 5.42974e-17 2.69143e-17 1.33777e-17 6.66785e-18 3.33272e-18 1.67036e-18 8.39459e-19 4.2298e-19 2.13628e-19 1.08059e-19 5.45761e-20 2.78015e-20
4.15362e-09 2.06545e-11 1.03158e-11 5.16045e-12 2.58458e-12 1.29421e-12 6.44688e-13 3.13585e-13 1.38188e-13 3.44063e-14 1.66807e-14 8.10004e-15 3.94022e-15 1.92034e-15 9.37833e-16 4.59011e-16 2.2518e-16 1.10738e-16 5.45969e-17 2.6989e-17 1.33777e-17 6.64928e-18 3.31419e-18 1.65651e-18 8.30255e-19 4.17264e-19 2.10254e-19 1.06194e-19 5.37183e-20 2.71318e-20 1.3822e-20
2.16722e-09 1.06786e-11 5.3316e-12 2.66508e-12 1.33193e-12 6.62232e-13 3.21593e-13 1.41602e-13 3.54271e-14 1.71506e-14 8.3148e-15 4.03757e-15 1.96403e-15 9.57198e-16 4.67461e-16 2.28791e-16 1.12239e-16 5.51957e-17 2.7213e-17 1.34522e-17 6.66785e-18 3.31419e-18 1.65189e-18 8.2565e-19 4.13823e-19 2.07977e-19 1.04797e-19 5.29307e-20 2.6775e-20 1.35235e-20 6.88945e-21
1.13202e-09 5.52082e-12 2.75456e-12 1.37409e-12 6.81975e-13 3.30672e-13 1.45504e-13 3.66052e-14 1.76988e-14 8.56865e-15 4.15441e-15 2.01744e-15 9.81409e-16 4.78327e-16 2.33608e-16 1.1434e-16 5.60941e-17 2.75863e-17 1.36011e-17 6.72356e-18 3.33272e-18 1.65651e-18 8.2565e-19 4.12675e-19 2.06834e-19 1.03947e-19 5.23765e-20 2.64533e-20 1.3381e-20 6.75824e-21 3.44277e-21
5.91877e-10 2.85301e-12 1.42071e-12 7.03917e-13 3.40821e-13 1.49896e-13 3.79407e-14 1.83256e-14 8.8616e-15 4.29074e-15 2.08056e-15 1.01046e-15 4.91608e-16 2.39628e-16 1.17042e-16 5.72918e-17 2.8109e-17 1.38245e-17 6.81641e-18 3.36976e-18 1.67036e-18 8.30255e-19 4.13823e-19 2.06834e-19 1.03663e-19 5.20949e-20 2.6248e-20 1.3256e-20 6.70484e-21 3.38615e-21 1.72479e-21
3.09728e-10 1.47178e-12 7.28059e-13 3.52041e-13 1.54775e-13 3.94335e-14 1.90306e-14 9.19362e-15 4.44655e-15 2.15339e-15 1.04436e-15 5.07301e-16 2.46852e-16 1.20344e-16 5.87886e-17 2.87807e-17 1.41223e-17 6.94632e-18 3.42529e-18 1.69343e-18 8.39459e-19 4.17264e-19 2.07977e-19 1.03947e-19 5.20949e-20 2.61783e-20 1.31888e-20 6.66009e-21 3.3683e-21 1.70093e-21 8.6626e-22
1.62182e-10 7.54393e-13 3.64328e-13 1.60142e-13 4.10823e-14 1.98135e-14 9.56442e-15 4.62169e-15 2.23586e-15 1.08306e-15 5.2539e-16 2.55269e-16 1.24241e-16 6.05821e-17 2.96004e-17 1.44938e-17 7.11302e-18 3.49916e-18 1.72565e-18 8.53224e-19 4.2298e-19 2.10254e-19 1.04797e-19 5.23765e-20 2.6248e-20 1.31888e-20 6.64394e-21 3.35462e-21 1.69633e-21 8.5651e-22 4.36119e-22
8.49251e-11 3.77661e-13 1.65985e-13 4.28823e-14 2.06717e-14 9.97275e-15 4.81553e-15 2.32765e-15 1.1264e-15 5.45794e-16 2.64841e-16 1.28714e-16 6.26626e-17 3.05631e-17 1.49367e-17 7.31529e-18 3.59076e-18 1.76672e-18 8.71398e-19 4.30895e-19 2.13628e-19 1.06194e-19 5.29307e-20 2.64533e-20 1.3256e-20 6.66009e-21 3.35462e-21 1.69353e-21 8.56221e-22 4.32256e-22 2.20042e-22
4.43805e-11 1.72262e-13 4.48117e-14 2.15944e-14 1.04132e-14 5.02539e-15 2.42742e-15 1.17372e-15 5.68182e-16 2.75401e-16 1.33679e-16 6.49887e-17 3.16484e-17 1.54406e-17 7.548e-18 3.69755e-18 1.81535e-18 8.93347e-19 4.40692e-19 2.17941e-19 1.08059e-19 5.37183e-20 2.6775e-20 1.3381e-20 6.70484e-21 3.3683e-21 1.69633e-21 8.56221e-22 4.32809e-22 2.18464e-22 1.11179e-22
2.29693e-11 4.67805e-14 2.25367e-14 1.08634e-14 5.2401e-15 2.52961e-15 1.22225e-15 5.91168e-16 2.8626e-16 1.38793e-16 6.73889e-17 3.27705e-17 1.59629e-17 7.78987e-18 3.8089e-18 1.86626e-18 9.16431e-19 4.51055e-19 2.22536e-19 1.10065e-19 5.45761e-20 2.71318e-20 1.35235e-20 6.75824e-21 3.38615e-21 1.70093e-21 8.5651e-22 4.32256e-22 2.18464e-22 1.10255e-22 5.60966e-23
1.20512e-11 2.36523e-14 1.14001e-14 5.49789e-15 2.65327e-15 1.28148e-15 6.1949e-16 2.99779e-16 1.45233e-16 7.045e-17 3.42221e-17 1.66494e-17 8.11365e-18 3.96108e-18 1.93753e-18 9.49667e-19 4.6648e-19 2.29656e-19 1.1333e-19 5.60616e-20 2.78015e-20 1.3822e-20 6.88945e-21 3.44277e-21 1.72479e-21 8.6626e-22 4.36119e-22 2.20042e-22 1.11179e-22 5.60966e-23 2.853e-23
