0.999688 1.56188e-05 1.40555e-05 1.26488e-05 1.13829e-05 1.02439e-05 9.21885e-06 8.29647e-06 7.46645e-06 6.71951e-06 6.04736e-06 5.44248e-06 4.89814e-06 4.40828e-06 3.96744e-06 3.5707e-06 3.21367e-06 2.89235e-06 2.60317e-06 2.34291e-06 2.10867e-06 1.89786e-06 1.70812e-06 1.53735e-06 1.38364e-06 1.24528e-06 1.12074e-06 1.00863e-06 9.07711e-07 8.16851e-07 7.35243e-07
1.56188e-05 1.40245e-09 1.26136e-09 1.13432e-09 1.01991e-09 9.16848e-10 8.23996e-10 7.40314e-10 6.64868e-10 5.96819e-10 5.35408e-10 4.79951e-10 4.29829e-10 3.84485e-10 3.43414e-10 3.0616e-10 2.72306e-10 2.41478e-10 2.13332e-10 1.87556e-10 1.63863e-10 1.41989e-10 1.21694e-10 1.0275e-10 8.49491e-11 6.80933e-11 5.19963e-11 3.64802e-11 2.13736e-11 6.51004e-12 5.85942e-12
1.40555e-05 1.26136e-09 1.13431e-09 1.01988e-09 9.16818e-10 8.23959e-10 7.40273e-10 6.64824e-10 5.96773e-10 5.35361e-10 4.79903e-10 4.29781e-10 3.84438e-10 3.43368e-10 3.06115e-10 2.72264e-10 2.41437e-10 2.13293e-10 1.87519e-10 1.63828e-10 1.41958e-10 1.21664e-10 1.02723e-10 8.4925e-11 6.80719e-11 5.19778e-11 3.64646e-11 2.13611e-11 6.50063e-12 5.85002e-12 5.26536e-12
1.26488e-05 1.13432e-09 1.01988e-09 9.16807e-10 8.23941e-10 7.40248e-10 6.64795e-10 5.9674e-10 5.35325e-10 4.79865e-10 4.29743e-10 3.84399e-10 3.4333e-10 3.06077e-10 2.72227e-10 2.41402e-10 2.13259e-10 1.87487e-10 1.63798e-10 1.41929e-10 1.21638e-10 1.02699e-10 8.4903e-11 6.80523e-11 5.19606e-11 3.645e-11 2.13492e-11 6.49167e-12 5.84194e-12 5.25724e-12 4.73183e-12
1.13829e-05 1.01991e-09 9.16818e-10 8.23941e-10 7.4024e-10 6.6478e-10 5.9672e-10 5.35301e-10 4.79839e-10 4.29714e-10 3.84369e-10 3.43299e-10 3.06046e-10 2.72196e-10 2.41371e-10 2.1323e-10 1.87459e-10 1.63771e-10 1.41904e-10 1.21614e-10 1.02677e-10 8.4883e-11 6.80344e-11 5.19449e-11 3.64366e-11 2.13382e-11 6.48322e-12 5.83425e-12 5.25031e-12 4.72483e-12 4.25263e-12
1.02439e-05 9.16848e-10 8.23959e-10 7.40248e-10 6.6478e-10 5.96713e-10 5.35289e-10 4.79822e-10 4.29695e-10 3.84348e-10 3.43276e-10 3.06022e-10 2.72171e-10 2.41347e-10 2.13206e-10 1.87435e-10 1.63748e-10 1.41882e-10 1.21593e-10 1.02658e-10 8.48653e-11 6.80184e-11 5.19307e-11 3.64243e-11 2.13281e-11 6.47535e-12 5.82702e-12 5.24374e-12 4.71891e-12 4.24661e-12 3.82221e-12
9.21885e-06 8.23996e-10 7.40273e-10 6.64795e-10 5.9672e-10 5.35289e-10 4.79817e-10 4.29685e-10 3.84335e-10 3.43261e-10 3.06005e-10 2.72153e-10 2.41328e-10 2.13186e-10 1.87415e-10 1.63729e-10 1.41863e-10 1.21576e-10 1.02641e-10 8.48497e-11 6.80041e-11 5.1918e-11 3.64133e-11 2.13189e-11 6.46812e-12 5.82032e-12 5.23757e-12 4.71329e-12 4.24155e-12 3.81703e-12 3.43556e-12
8.29647e-06 7.40314e-10 6.64824e-10 5.9674e-10 5.35301e-10 4.79822e-10 4.29685e-10 3.84331e-10 3.43253e-10 3.05995e-10 2.72141e-10 2.41314e-10 2.13171e-10 1.874e-10 1.63713e-10 1.41848e-10 1.21561e-10 1.02627e-10 8.48363e-11 6.79917e-11 5.19068e-11 3.64035e-11 2.13106e-11 6.46156e-12 5.81419e-12 5.23188e-12 4.70805e-12 4.23678e-12 3.81273e-12 3.43113e-12 3.08823e-12
7.46645e-06 6.64868e-10 5.96773e-10 5.35325e-10 4.79839e-10 4.29695e-10 3.84335e-10 3.43253e-10 3.05991e-10 2.72134e-10 2.41306e-10 2.13162e-10 1.87389e-10 1.63702e-10 1.41836e-10 1.21549e-10 1.02615e-10 8.48251e-11 6.79812e-11 5.18971e-11 3.63949e-11 2.13033e-11 6.45571e-12 5.80867e-12 5.22671e-12 4.70324e-12 4.23234e-12 3.80868e-12 3.42748e-12 3.08444e-12 2.77618e-12
6.71951e-06 5.96819e-10 5.35361e-10 4.79865e-10 4.29714e-10 3.84348e-10 3.43261e-10 3.05995e-10 2.72134e-10 2.41303e-10 2.13157e-10 1.87383e-10 1.63694e-10 1.41827e-10 1.2154e-10 1.02606e-10 8.48161e-11 6.79726e-11 5.18891e-11 3.63877e-11 2.1297e-11 6.4506e-12 5.80378e-12 5.22208e-12 4.69889e-12 4.22828e-12 3.80493e-12 3.42406e-12 3.08135e-12 2.77295e-12 2.49583e-12
6.04736e-06 5.35408e-10 4.79903e-10 4.29743e-10 3.84369e-10 3.43276e-10 3.06005e-10 2.72141e-10 2.41306e-10 2.13157e-10 1.8738e-10 1.6369e-10 1.41822e-10 1.21534e-10 1.026e-10 8.48093e-11 6.79659e-11 5.18827e-11 3.63817e-11 2.12918e-11 6.44625e-12 5.79956e-12 5.21802e-12 4.69502e-12 4.22464e-12 3.80153e-12 3.42091e-12 3.07847e-12 2.77036e-12 2.49309e-12 2.24393e-12
5.44248e-06 4.79951e-10 4.29781e-10 3.84399e-10 3.43299e-10 3.06022e-10 2.72153e-10 2.41314e-10 2.13162e-10 1.87383e-10 1.6369e-10 1.41821e-10 1.21531e-10 1.02596e-10 8.48049e-11 6.79611e-11 5.18778e-11 3.63771e-11 2.12875e-11 6.44267e-12 5.79602e-12 5.21456e-12 4.69168e-12 4.22143e-12 3.7985e-12 3.41807e-12 3.07584e-12 2.76795e-12 2.49091e-12 2.24161e-12 2.01758e-12
4.89814e-06 4.29829e-10 3.84438e-10 3.4333e-10 3.06046e-10 2.72171e-10 2.41328e-10 2.13171e-10 1.87389e-10 1.63694e-10 1.41822e-10 1.21531e-10 1.02594e-10 8.48026e-11 6.79582e-11 5.18746e-11 3.63737e-11 2.12844e-11 6.43987e-12 5.79317e-12 5.21171e-12 4.68886e-12 4.21869e-12 3.79586e-12 3.41556e-12 3.07348e-12 2.76575e-12 2.4889e-12 2.23979e-12 2.01562e-12 1.81418e-12
4.40828e-06 3.84485e-10 3.43368e-10 3.06077e-10 2.72196e-10 2.41347e-10 2.13186e-10 1.874e-10 1.63702e-10 1.41827e-10 1.21534e-10 1.02596e-10 8.48026e-11 6.79572e-11 5.1873e-11 3.63717e-11 2.12822e-11 6.43787e-12 5.79102e-12 5.20948e-12 4.6866e-12 4.21643e-12 3.79364e-12 3.4134e-12 3.07142e-12 2.76381e-12 2.48709e-12 2.23813e-12 2.01412e-12 1.81254e-12 1.63139e-12
3.96744e-06 3.43414e-10 3.06115e-10 2.72227e-10 2.41371e-10 2.13206e-10 1.87415e-10 1.63713e-10 1.41836e-10 1.2154e-10 1.026e-10 8.48049e-11 6.79582e-11 5.1873e-11 3.63711e-11 2.12812e-11 6.43667e-12 5.78959e-12 5.20788e-12 4.68489e-12 4.21466e-12 3.79184e-12 3.41162e-12 3.06968e-12 2.76213e-12 2.48549e-12 2.23664e-12 2.01275e-12 1.8113e-12 1.63001e-12 1.46711e-12
3.5707e-06 3.0616e-10 2.72264e-10 2.41402e-10 2.1323e-10 1.87435e-10 1.63729e-10 1.41848e-10 1.21549e-10 1.02606e-10 8.48093e-11 6.79611e-11 5.18746e-11 3.63717e-11 2.12812e-11 6.43626e-12 5.78887e-12 5.20692e-12 4.68375e-12 4.21339e-12 3.79049e-12 3.41022e-12 3.06827e-12 2.76073e-12 2.48414e-12 2.23535e-12 2.01154e-12 1.81018e-12 1.629e-12 1.46596e-12 1.31946e-12
3.21367e-06 2.72306e-10 2.41437e-10 2.13259e-10 1.87459e-10 1.63748e-10 1.41863e-10 1.21561e-10 1.02615e-10 8.48161e-11 6.79659e-11 5.18778e-11 3.63737e-11 2.12822e-11 6.43667e-12 5.78887e-12 5.20659e-12 4.68317e-12 4.21263e-12 3.78958e-12 3.40922e-12 3.0672e-12 2.75964e-12 2.48304e-12 2.23427e-12 2.0105e-12 1.8092e-12 1.6281e-12 1.46515e-12 1.31851e-12 1.18674e-12
2.89235e-06 2.41478e-10 2.13293e-10 1.87487e-10 1.63771e-10 1.41882e-10 1.21576e-10 1.02627e-10 8.48251e-11 6.79726e-11 5.18827e-11 3.63771e-11 2.12844e-11 6.43787e-12 5.78959e-12 5.20692e-12 4.68317e-12 4.21237e-12 3.78913e-12 3.40861e-12 3.06649e-12 2.75885e-12 2.48221e-12 2.23342e-12 2.00965e-12 1.80838e-12 1.62732e-12 1.46442e-12 1.31785e-12 1.18596e-12 1.06743e-12
2.60317e-06 2.13332e-10 1.87519e-10 1.63798e-10 1.41904e-10 1.21593e-10 1.02641e-10 8.48363e-11 6.79812e-11 5.18891e-11 3.63817e-11 2.12875e-11 6.43987e-12 5.79102e-12 5.20788e-12 4.68375e-12 4.21263e-12 3.78913e-12 3.40841e-12 3.06613e-12 2.75837e-12 2.48165e-12 2.2328e-12 2.00901e-12 1.80773e-12 1.62668e-12 1.46381e-12 1.31728e-12 1.18544e-12 1.06679e-12 9.60181e-13
2.34291e-06 1.87556e-10 1.63828e-10 1.41929e-10 1.21614e-10 1.02658e-10 8.48497e-11 6.79917e-11 5.18971e-11 3.63877e-11 2.12918e-11 6.44267e-12 5.79317e-12 5.20948e-12 4.68489e-12 4.21339e-12 3.78958e-12 3.40861e-12 3.06613e-12 2.75822e-12 2.48137e-12 2.23243e-12 2.00858e-12 1.80726e-12 1.62619e-12 1.46332e-12 1.31681e-12 1.185e-12 1.06639e-12 9.59663e-13 8.63756e-13
2.10867e-06 1.63863e-10 1.41958e-10 1.21638e-10 1.02677e-10 8.48653e-11 6.80041e-11 5.19068e-11 3.63949e-11 2.1297e-11 6.44625e-12 5.79602e-12 5.21171e-12 4.6866e-12 4.21466e-12 3.79049e-12 3.40922e-12 3.06649e-12 2.75837e-12 2.48137e-12 2.23231e-12 2.00836e-12 1.80697e-12 1.62586e-12 1.46297e-12 1.31645e-12 1.18464e-12 1.06606e-12 9.59357e-13 8.63339e-13 7.77059e-13
1.89786e-06 1.41989e-10 1.21664e-10 1.02699e-10 8.4883e-11 6.80184e-11 5.1918e-11 3.64035e-11 2.13033e-11 6.4506e-12 5.79956e-12 5.21456e-12 4.68886e-12 4.21643e-12 3.79184e-12 3.41022e-12 3.0672e-12 2.75885e-12 2.48165e-12 2.23243e-12 2.00836e-12 1.80688e-12 1.62569e-12 1.46275e-12 1.3162e-12 1.18438e-12 1.06579e-12 9.59107e-13 8.63113e-13 7.76727e-13 6.99103e-13
1.70812e-06 1.21694e-10 1.02723e-10 8.4903e-11 6.80344e-11 5.19307e-11 3.64133e-11 2.13106e-11 6.45571e-12 5.80378e-12 5.21802e-12 4.69168e-12 4.21869e-12 3.79364e-12 3.41162e-12 3.06827e-12 2.75964e-12 2.48221e-12 2.2328e-12 2.00858e-12 1.80697e-12 1.62569e-12 1.46268e-12 1.31607e-12 1.18422e-12 1.06561e-12 9.58921e-13 8.62933e-13 7.76564e-13 6.98841e-13 6.29e-13
1.53735e-06 1.0275e-10 8.4925e-11 6.80523e-11 5.19449e-11 3.64243e-11 2.13189e-11 6.46156e-12 5.80867e-12 5.22208e-12 4.69502e-12 4.22143e-12 3.79586e-12 3.4134e-12 3.06968e-12 2.76073e-12 2.48304e-12 2.23342e-12 2.00901e-12 1.80726e-12 1.62586e-12 1.46275e-12 1.31607e-12 1.18416e-12 1.06552e-12 9.58808e-13 8.62809e-13 7.76441e-13 6.98729e-13 6.28796e-13 5.65956e-13
1.38364e-06 8.49491e-11 6.80719e-11 5.19606e-11 3.64366e-11 2.13281e-11 6.46812e-12 5.81419e-12 5.22671e-12 4.69889e-12 4.22464e-12 3.7985e-12 3.41556e-12 3.07142e-12 2.76213e-12 2.48414e-12 2.23427e-12 2.00965e-12 1.80773e-12 1.62619e-12 1.46297e-12 1.3162e-12 1.18422e-12 1.06552e-12 9.58769e-13 8.62745e-13 7.76365e-13 6.9865e-13 6.28724e-13 5.65798e-13 5.09253e-13
1.24528e-06 6.80933e-11 5.19778e-11 3.645e-11 2.13382e-11 6.47535e-12 5.82032e-12 5.23188e-12 4.70324e-12 4.22828e-12 3.80153e-12 3.41807e-12 3.07348e-12 2.76381e-12 2.48549e-12 2.23535e-12 2.0105e-12 1.80838e-12 1.62668e-12 1.46332e-12 1.31645e-12 1.18438e-12 1.06561e-12 9.58808e-13 8.62745e-13 7.76339e-13 6.98609e-13 6.28678e-13 5.65755e-13 5.09131e-13 4.58249e-13
1.12074e-06 5.19963e-11 3.64646e-11 2.13492e-11 6.48322e-12 5.82702e-12 5.23757e-12 4.70805e-12 4.23234e-12 3.80493e-12 3.42091e-12 3.07584e-12 2.76575e-12 2.48709e-12 2.23664e-12 2.01154e-12 1.8092e-12 1.62732e-12 1.46381e-12 1.31681e-12 1.18464e-12 1.06579e-12 9.58921e-13 8.62809e-13 7.76365e-13 6.98609e-13 6.28662e-13 5.65733e-13 5.0911e-13 4.58155e-13 4.12368e-13
1.00863e-06 3.64802e-11 2.13611e-11 6.49167e-12 5.83425e-12 5.24374e-12 4.71329e-12 4.23678e-12 3.80868e-12 3.42406e-12 3.07847e-12 2.76795e-12 2.4889e-12 2.23813e-12 2.01275e-12 1.81018e-12 1.6281e-12 1.46442e-12 1.31728e-12 1.185e-12 1.06606e-12 9.59107e-13 8.62933e-13 7.76441e-13 6.9865e-13 6.28678e-13 5.65733e-13 5.09102e-13 4.58148e-13 4.12294e-13 3.7109e-13
9.07711e-07 2.13736e-11 6.50063e-12 5.84194e-12 5.25031e-12 4.71891e-12 4.24155e-12 3.81273e-12 3.42748e-12 3.08135e-12 2.77036e-12 2.49091e-12 2.23979e-12 2.01412e-12 1.8113e-12 1.629e-12 1.46515e-12 1.31785e-12 1.18544e-12 1.06639e-12 9.59357e-13 8.63113e-13 7.76564e-13 6.98729e-13 6.28724e-13 5.65755e-13 5.0911e-13 4.58148e-13 4.12293e-13 3.71028e-13 3.33948e-13
8.16851e-07 6.51004e-12 5.85002e-12 5.25724e-12 4.72483e-12 4.24661e-12 3.81703e-12 3.43113e-12 3.08444e-12 2.77295e-12 2.49309e-12 2.24161e-12 2.01562e-12 1.81254e-12 1.63001e-12 1.46596e-12 1.31851e-12 1.18596e-12 1.06679e-12 9.59663e-13 8.63339e-13 7.76727e-13 6.98841e-13 6.28796e-13 5.65798e-13 5.09131e-13 4.58155e-13 4.12294e-13 3.71028e-13 3.33894e-13 3.00525e-13
7.35243e-07 5.85942e-12 5.26536e-12 4.73183e-12 4.25263e-12 3.82221e-12 3.43556e-12 3.08823e-12 2.77618e-12 2.49583e-12 2.24393e-12 2.01758e-12 1.81418e-12 1.63139e-12 1.46711e-12 1.31946e-12 1.18674e-12 1.06743e-12 9.60181e-13 8.63756e-13 7.77059e-13 6.99103e-13 6.29e-13 5.65956e-13 5.09253e-13 4.58249e-13 4.12368e-13 3.7109e-13 3.33948e-13 3.00525e-13 2.70491e-13
