0.974148 0.0126333 0.000163837 2.12474e-06 2.75549e-08 3.57349e-10 4.63432e-12 6.01007e-14 7.79422e-16 1.0108e-17 1.31087e-19 1.70002e-21 2.20469e-23 2.85917e-25 3.70795e-27 4.80869e-29 6.23621e-31 8.0875e-33 1.04884e-34 1.36019e-36 1.76398e-38 2.28764e-40 2.96675e-42 3.84747e-44 4.98963e-46 6.47086e-48 8.39181e-50 1.0883e-51 1.41138e-53 1.83036e-55 2.37372e-57 3.07839e-59 3.99224e-61 5.17738e-63 6.71434e-65 8.70757e-67 1.12925e-68 1.46448e-70 1.89923e-72 2.46304e-74 3.19422e-76 4.14246e-78 5.37219e-80 6.96698e-82 9.03521e-84 1.17174e-85 1.51959e-87 1.97069e-89 2.55571e-91 3.31441e-93 4.29833e-95 5.57433e-97 7.22913e-99 9.37518e-101 1.21583e-102 1.57676e-104 2.04484e-106 2.65188e-108 3.43912e-110 4.46006e-112 5.78408e-114 7.50115e-116 9.72795e-118 1.26158e-119 1.63609e-121 2.12179e-123 2.75166e-125 3.56852e-127 4.62788e-129 6.00172e-131 7.7834e-133 1.0094e-134 1.30905e-136 1.69766e-138 2.20162e-140 2.8552e-142 3.7028e-144 4.80202e-146 6.22755e-148 8.07626e-150 1.04738e-151 1.35831e-153 1.76153e-155 2.28446e-157 2.96263e-159 3.84212e-161 4.9827e-163 6.46187e-165 8.38015e-167 1.08679e-168 1.40942e-170 1.82782e-172 2.37042e-174 3.07411e-176 3.98669e-178 5.17019e-180 6.70502e-182 8.69548e-184 1.12768e-185 1.46245e-187 1.89659e-189
0.0126333 0.000245041 4.23095e-06 6.8527e-08 1.06582e-09 1.61191e-11 2.38831e-13 3.48362e-15 5.01877e-17 7.15837e-19 1.0126e-20 1.42248e-22 1.98647e-24 2.75995e-26 3.81762e-28 5.26001e-30 7.22235e-32 9.88624e-34 1.34952e-35 1.83758e-37 2.49647e-39 3.38462e-41 4.58007e-43 6.18703e-45 8.34444e-47 1.12375e-48 1.51129e-50 2.02989e-52 2.7232e-54 3.64927e-56 4.88517e-58 6.53326e-60 8.72934e-62 1.16535e-63 1.55446e-65 2.07189e-67 2.75954e-69 3.67287e-71 4.88528e-73 6.49385e-75 8.62694e-77 1.14542e-78 1.51998e-80 2.01599e-82 2.67254e-84 3.54123e-86 4.69015e-88 6.20915e-90 8.21668e-92 1.08689e-93 1.43718e-95 1.89965e-97 2.51005e-99 3.31545e-101 4.37783e-103 5.77879e-105 7.62573e-107 1.006e-108 1.32674e-110 1.74927e-112 2.30574e-114 3.03844e-116 4.00297e-118 5.27238e-120 6.94271e-122 9.14012e-124 1.20303e-125 1.58311e-127 2.08282e-129 2.7397e-131 3.60304e-133 4.73753e-135 6.22806e-137 8.18604e-139 1.07577e-140 1.41347e-142 1.85688e-144 2.43898e-146 3.20305e-148 4.20583e-150 5.5217e-152 7.24818e-154 9.51311e-156 1.2484e-157 1.63805e-159 2.14902e-161 2.81901e-163 3.69739e-165 4.84887e-167 6.35817e-169 8.33626e-171 1.09285e-172 1.43251e-174 1.87752e-176 2.46051e-178 3.22417e-180 4.2244e-182 5.53436e-184 7.24978e-186 9.49596e-188 1.24368e-189
0.000163837 4.23095e-06 8.89535e-08 1.68341e-09 2.98408e-11 5.05628e-13 8.28729e-15 1.32393e-16 2.07232e-18 3.19014e-20 4.84316e-22 7.26672e-24 1.07935e-25 1.58919e-27 2.32193e-29 3.36955e-31 4.86029e-33 6.97259e-35 9.95402e-37 1.41473e-38 2.0026e-40 2.82426e-42 3.96955e-44 5.56182e-46 7.77024e-48 1.08265e-49 1.50471e-51 2.08645e-53 2.88682e-55 3.98606e-57 5.49336e-59 7.55701e-61 1.03783e-62 1.423e-64 1.94818e-66 2.66335e-68 3.63612e-70 4.95779e-72 6.75156e-74 9.18361e-76 1.24778e-77 1.69357e-79 2.29628e-81 3.11047e-83 4.20943e-85 5.6916e-87 7.68907e-89 1.03791e-90 1.39991e-92 1.88674e-94 2.54103e-96 3.41981e-98 4.5994e-100 6.18184e-102 8.3035e-104 1.11466e-105 1.49543e-107 2.00514e-109 2.68712e-111 3.59914e-113 4.81822e-115 6.44702e-117 8.62228e-119 1.15261e-120 1.54009e-122 2.05693e-124 2.74603e-126 3.66448e-128 4.88815e-130 6.51788e-132 8.68765e-134 1.15754e-135 1.54176e-137 2.05278e-139 2.73224e-141 3.63539e-143 4.83551e-145 6.42978e-147 8.54703e-149 1.1358e-150 1.50891e-152 2.00401e-154 2.66082e-156 3.53191e-158 4.68694e-160 6.21806e-162 8.24725e-164 1.09359e-165 1.44976e-167 1.92146e-169 2.54604e-171 3.37288e-173 4.46723e-175 5.91535e-177 7.83122e-179 1.03654e-180 1.37169e-182 1.81483e-184 2.40065e-186 3.17497e-188 4.19823e-190
2.12474e-06 6.8527e-08 1.68341e-09 3.61175e-11 7.12592e-13 1.32674e-14 2.36644e-16 4.08293e-18 6.85948e-20 1.12751e-21 1.81971e-23 2.89148e-25 4.53321e-27 7.02434e-29 1.07728e-30 1.6371e-32 2.46759e-34 3.69209e-36 5.48757e-38 8.10698e-40 1.19107e-41 1.74104e-43 2.53312e-45 3.66967e-47 5.29497e-49 7.61176e-51 1.09044e-52 1.5571e-54 2.21674e-56 3.14687e-58 4.45534e-60 6.29202e-62 8.86477e-64 1.24615e-65 1.74802e-67 2.44709e-69 3.41917e-71 4.76871e-73 6.63939e-75 9.22865e-77 1.28075e-78 1.77474e-80 2.45573e-82 3.39334e-84 4.68275e-86 6.45393e-88 8.88423e-90 1.22154e-91 1.67768e-93 2.30165e-95 3.15441e-97 4.31879e-99 5.90727e-101 8.07246e-103 1.10213e-104 1.50343e-106 2.04913e-108 2.79063e-110 3.79745e-112 5.16359e-114 7.01602e-116 9.52618e-118 1.29255e-119 1.75259e-121 2.37482e-123 3.21593e-125 4.35226e-127 5.88658e-129 7.95716e-131 1.075e-132 1.4515e-134 1.95882e-136 2.64207e-138 3.56184e-140 4.79941e-142 6.46387e-144 8.70146e-146 1.17083e-147 1.5747e-149 2.11697e-151 2.84475e-153 3.82115e-155 5.13058e-157 6.88598e-159 9.2384e-161 1.23897e-162 1.66099e-164 2.22594e-166 2.98198e-168 3.99343e-170 5.34612e-172 7.15462e-174 9.57178e-176 1.28015e-177 1.71156e-179 2.28765e-181 3.05672e-183 4.08315e-185 5.45267e-187 7.27946e-189 9.71559e-191
2.75549e-08 1.06582e-09 2.98408e-11 7.12592e-13 1.5419e-14 3.11576e-16 5.98424e-18 1.10484e-19 1.97606e-21 3.44305e-23 5.86865e-25 9.81709e-27 1.61576e-28 2.62185e-30 4.20141e-32 6.65794e-34 1.04459e-35 1.62418e-37 2.50482e-39 3.83428e-41 5.82949e-43 8.80761e-45 1.32305e-46 1.97685e-48 2.9391e-50 4.34959e-52 6.4093e-54 9.40634e-56 1.37527e-57 2.0036e-59 2.90926e-61 4.21097e-63 6.07695e-65 8.74509e-67 1.25511e-68 1.79677e-70 2.56601e-72 3.65616e-74 5.19806e-76 7.37481e-78 1.04422e-79 1.47573e-81 2.08175e-83 2.9315e-85 4.1212e-87 5.78439e-89 8.10625e-91 1.13432e-92 1.58502e-94 2.21173e-96 3.08215e-98 4.28963e-100 5.9628e-102 8.27873e-104 1.14809e-105 1.5904e-107 2.20075e-109 3.04215e-111 4.201e-113 5.79565e-115 7.98802e-117 1.09996e-118 1.51332e-120 2.08021e-122 2.85706e-124 3.92083e-126 5.37641e-128 7.36668e-130 1.00862e-131 1.37995e-133 1.88666e-135 2.57764e-137 3.51932e-139 4.80188e-141 6.54765e-143 8.92256e-145 1.21515e-146 1.65391e-148 2.24979e-150 3.05863e-152 4.15597e-154 5.64396e-156 7.66067e-158 1.03926e-159 1.40918e-161 1.90982e-163 2.58709e-165 3.50287e-167 4.74064e-169 6.4129e-171 8.67121e-173 1.17197e-174 1.58333e-176 2.13818e-178 2.8863e-180 3.89462e-182 5.25315e-184 7.08285e-186 9.54625e-188 1.28617e-189 1.73223e-191
3.57349e-10 1.61191e-11 5.05628e-13 1.32674e-14 3.11576e-16 6.7735e-18 1.39021e-19 2.72811e-21 5.16348e-23 9.48526e-25 1.69913e-26 2.97887e-28 5.12586e-30 8.67712e-32 1.44777e-33 2.38461e-35 3.88243e-37 6.25523e-39 9.98285e-41 1.57942e-42 2.47905e-44 3.86271e-46 5.97811e-48 9.19419e-50 1.40583e-51 2.13794e-53 3.23485e-55 4.87136e-57 7.30311e-59 1.09029e-60 1.62129e-62 2.40192e-64 3.54585e-66 5.21711e-68 7.65177e-70 1.11888e-71 1.6314e-73 2.37218e-75 3.44037e-77 4.97717e-79 7.18334e-81 1.03438e-82 1.48625e-84 2.13105e-86 3.04947e-88 4.35531e-90 6.20884e-92 8.83545e-94 1.25517e-95 1.78016e-97 2.52072e-99 3.56389e-101 5.03129e-103 7.09273e-105 9.98495e-107 1.40378e-108 1.971e-110 2.76396e-112 3.87123e-114 5.41572e-116 7.56775e-118 1.05632e-119 1.47286e-121 2.0515e-123 2.85457e-125 3.96811e-127 5.51075e-129 7.64597e-131 1.05989e-132 1.46794e-134 2.03133e-136 2.8086e-138 3.88012e-140 5.35619e-142 7.38805e-144 1.0183e-145 1.4025e-147 1.93026e-149 2.65475e-151 3.64866e-153 5.01133e-155 6.87841e-157 9.43507e-159 1.29339e-160 1.77195e-162 2.42611e-164 3.31984e-166 4.54019e-168 6.20566e-170 8.47742e-172 1.15746e-173 1.5795e-175 2.15431e-177 2.93683e-179 4.0016e-181 5.44977e-183 7.4185e-185 1.00937e-186 1.37273e-188 1.86607e-190 2.53558e-192
4.63432e-12 2.38831e-13 8.28729e-15 2.36644e-16 5.98424e-18 1.39021e-19 3.03124e-21 6.28983e-23 1.25392e-24 2.41828e-26 4.53511e-28 8.30329e-30 1.48889e-31 2.62138e-33 4.54109e-35 7.75359e-37 1.30675e-38 2.17657e-40 3.58674e-42 5.85299e-44 9.46575e-46 1.51823e-47 2.41655e-49 3.8192e-51 5.99624e-53 9.3564e-55 1.45156e-56 2.23982e-58 3.43863e-60 5.2539e-62 7.99132e-64 1.21033e-65 1.82574e-67 2.74354e-69 4.10777e-71 6.12917e-73 9.11529e-75 1.35138e-76 1.9975e-78 2.94412e-80 4.32751e-82 6.3443e-84 9.27771e-86 1.35349e-87 1.96999e-89 2.86095e-91 4.14602e-93 5.99598e-95 8.65426e-97 1.24673e-98 1.79274e-100 2.57329e-102 3.68739e-104 5.27507e-106 7.5343e-108 1.07445e-109 1.52994e-111 2.17538e-113 3.08876e-115 4.37966e-117 6.20185e-119 8.7709e-121 1.23887e-122 1.74776e-124 2.46278e-126 3.46635e-128 4.87345e-130 6.84431e-132 9.60208e-134 1.34572e-135 1.88413e-137 2.63538e-139 3.68268e-141 5.14142e-143 7.17149e-145 9.99433e-147 1.39163e-148 1.93611e-150 2.69142e-152 3.73839e-154 5.18857e-156 7.1958e-158 9.97209e-160 1.38094e-161 1.91098e-163 2.6426e-165 3.65182e-167 5.0431e-169 6.95987e-171 9.59899e-173 1.32305e-174 1.82247e-176 2.5089e-178 3.45182e-180 4.74636e-182 6.52269e-184 8.95882e-186 1.22981e-187 1.6873e-189 2.31375e-191 3.17115e-193
6.01007e-14 3.48362e-15 1.32393e-16 4.08293e-18 1.10484e-19 2.72811e-21 6.28983e-23 1.37428e-24 2.87488e-26 5.80084e-28 1.1353e-29 2.16445e-31 4.03355e-33 7.36757e-35 1.32203e-36 2.33482e-38 4.06491e-40 6.98588e-42 1.18649e-43 1.99352e-45 3.31641e-47 5.46693e-49 8.93594e-51 1.44918e-52 2.33305e-54 3.7304e-56 5.92662e-58 9.35945e-60 1.46974e-61 2.29572e-63 3.56793e-65 5.51888e-67 8.49828e-69 1.30304e-70 1.98986e-72 3.027e-74 4.58781e-76 6.9291e-78 1.04302e-79 1.56503e-81 2.34111e-83 3.49178e-85 5.19338e-87 7.7034e-89 1.13969e-90 1.68195e-92 2.47625e-94 3.63726e-96 5.33075e-98 7.79597e-100 1.13777e-101 1.65718e-103 2.40905e-105 3.49553e-107 5.06285e-109 7.32012e-111 1.05659e-112 1.52259e-114 2.19063e-116 3.14692e-118 4.5139e-120 6.46529e-122 9.24723e-124 1.32081e-125 1.88404e-127 2.68397e-129 3.81872e-131 5.42657e-133 7.70219e-135 1.09194e-136 1.54629e-138 2.18727e-140 3.09063e-142 4.36251e-144 6.15149e-146 8.66542e-148 1.21948e-149 1.71454e-151 2.40833e-153 3.37979e-155 4.73889e-157 6.63876e-159 9.2924e-161 1.2996e-162 1.81608e-164 2.53582e-166 3.53803e-168 4.93259e-170 6.8717e-172 9.56612e-174 1.33075e-175 1.84992e-177 2.56987e-179 3.5676e-181 4.94941e-183 6.86199e-185 9.50759e-187 1.3165e-188 1.82182e-190 2.51958e-192 3.48253e-194
7.79422e-16 5.01877e-17 2.07232e-18 6.85948e-20 1.97606e-21 5.16348e-23 1.25392e-24 2.87488e-26 6.29089e-28 1.32427e-29 2.69766e-31 5.34246e-33 1.03234e-34 1.95212e-36 3.62116e-38 6.60266e-40 1.18538e-41 2.09844e-43 3.66753e-45 6.33514e-47 1.08257e-48 1.83161e-50 3.07048e-52 5.10338e-54 8.41474e-56 1.37715e-57 2.23815e-59 3.61363e-61 5.7985e-63 9.25037e-65 1.46762e-66 2.31637e-68 3.63798e-70 5.68694e-72 8.85044e-74 1.37155e-75 2.11692e-77 3.25479e-79 4.98591e-81 7.61091e-83 1.15788e-84 1.75586e-86 2.65443e-88 4.00092e-90 6.01322e-92 9.01281e-94 1.3473e-95 2.00891e-97 2.98807e-99 4.43396e-101 6.56447e-103 9.69721e-105 1.42944e-106 2.10276e-108 3.08706e-110 4.52335e-112 6.61548e-114 9.65768e-116 1.40741e-117 2.0475e-119 2.97378e-121 4.31214e-123 6.24307e-125 9.0249e-127 1.3027e-128 1.87768e-130 2.70266e-132 3.8848e-134 5.5766e-136 7.99482e-138 1.14473e-139 1.63704e-141 2.3383e-143 3.33604e-145 4.75409e-147 6.76737e-149 9.6228e-151 1.36685e-152 1.93951e-154 2.7493e-156 3.89333e-158 5.50809e-160 7.78518e-162 1.09935e-163 1.55098e-165 2.18622e-167 3.07895e-169 4.33255e-171 6.09147e-173 8.55749e-175 1.20122e-176 1.68485e-178 2.36137e-180 3.30704e-182 4.62802e-184 6.47197e-186 9.04418e-188 1.26299e-189 1.76251e-191 2.45795e-193 3.42553e-195
1.0108e-17 7.15837e-19 3.19014e-20 1.12751e-21 3.44305e-23 9.48526e-25 2.41828e-26 5.80084e-28 1.32427e-29 2.90115e-31 6.13756e-33 1.25997e-34 2.51963e-36 4.92356e-38 9.42541e-40 1.77145e-41 3.27453e-43 5.9625e-45 1.07088e-46 1.89926e-48 3.32964e-50 5.77514e-52 9.91787e-54 1.68759e-55 2.84695e-57 4.76429e-59 7.91302e-61 1.30499e-62 2.13785e-64 3.48028e-66 5.63208e-68 9.06312e-70 1.45067e-71 2.31024e-73 3.66144e-75 5.77635e-77 9.07305e-79 1.41918e-80 2.211e-82 3.43145e-84 5.30613e-86 8.17625e-88 1.25565e-89 1.9221e-91 2.93315e-93 4.46265e-95 6.77018e-97 1.02424e-98 1.5454e-100 2.32573e-102 3.49136e-104 5.22857e-106 7.81195e-108 1.16455e-109 1.73224e-111 2.57123e-113 3.80876e-115 5.63074e-117 8.30829e-119 1.22362e-120 1.79884e-122 2.63982e-124 3.86734e-126 5.65624e-128 8.25923e-130 1.20411e-131 1.75279e-133 2.54768e-135 3.69766e-137 5.35913e-139 7.75644e-141 1.1211e-142 1.6183e-144 2.333e-146 3.35913e-148 4.83069e-150 6.93864e-152 9.95481e-154 1.42658e-155 2.04211e-157 2.92003e-159 4.17094e-161 5.95154e-163 8.48364e-165 1.2081e-166 1.7187e-168 2.44276e-170 3.46862e-172 4.92079e-174 6.97465e-176 9.87708e-178 1.39753e-179 1.97572e-181 2.79081e-183 3.93896e-185 5.55503e-187 7.82802e-189 1.10226e-190 1.55092e-192 2.18058e-194 3.06366e-196
1.31087e-19 1.0126e-20 4.84316e-22 1.81971e-23 5.86865e-25 1.69913e-26 4.53511e-28 1.1353e-29 2.69766e-31 6.13756e-33 1.34582e-34 2.85873e-36 5.90621e-38 1.19074e-39 2.34893e-41 4.54405e-43 8.63697e-45 1.61558e-46 2.9782e-48 5.41701e-50 9.73214e-52 1.72864e-53 3.03814e-55 5.28733e-57 9.11752e-59 1.55879e-60 2.6436e-62 4.44956e-64 7.43599e-66 1.23434e-67 2.03596e-69 3.33797e-71 5.44142e-73 8.8223e-75 1.423e-76 2.28396e-78 3.64865e-80 5.80265e-82 9.18876e-84 1.44912e-85 2.27636e-87 3.56238e-89 5.55475e-91 8.63133e-93 1.33671e-94 2.06346e-96 3.17548e-98 4.87217e-100 7.45389e-102 1.13719e-103 1.73028e-105 2.62585e-107 3.97495e-109 6.00256e-111 9.04313e-113 1.35928e-114 2.03864e-116 3.05098e-118 4.55654e-120 6.79131e-122 1.01023e-123 1.49989e-125 2.22276e-127 3.2881e-129 4.85552e-131 7.15792e-133 1.05346e-134 1.5479e-136 2.27084e-138 3.32632e-140 4.86508e-142 7.10531e-144 1.03623e-145 1.50913e-147 2.19487e-149 3.18798e-151 4.62445e-153 6.69969e-155 9.69423e-157 1.40103e-158 2.02241e-160 2.916e-162 4.19968e-164 6.04177e-166 8.68244e-168 1.24641e-169 1.78742e-171 2.56066e-173 3.66475e-175 5.23977e-177 7.48455e-179 1.0681e-180 1.52285e-182 2.16927e-184 3.08734e-186 4.39013e-188 6.23737e-190 8.85447e-192 1.25593e-193 1.78001e-195 2.52077e-197
1.70002e-21 1.42248e-22 7.26672e-24 2.89148e-25 9.81709e-27 2.97887e-28 8.30329e-30 2.16445e-31 5.34246e-33 1.25997e-34 2.85873e-36 6.27315e-38 1.337e-39 2.77713e-41 5.63774e-43 1.12119e-44 2.18867e-46 4.20096e-48 7.93994e-50 1.47958e-51 2.72144e-53 4.9456e-55 8.88748e-57 1.58056e-58 2.78369e-60 4.85819e-62 8.40654e-64 1.44301e-65 2.4583e-67 4.15808e-69 6.98577e-71 1.16615e-72 1.93486e-74 3.1918e-76 5.23641e-78 8.54581e-80 1.38771e-81 2.2427e-83 3.60791e-85 5.77882e-87 9.21723e-89 1.46424e-90 2.31712e-92 3.65316e-94 5.73901e-96 8.98486e-98 1.40199e-99 2.18068e-101 3.38142e-103 5.22774e-105 8.05895e-107 1.2389e-108 1.89944e-110 2.90458e-112 4.43043e-114 6.74137e-116 1.02334e-117 1.54988e-119 2.34209e-121 3.5316e-123 5.31404e-125 7.97979e-127 1.1959e-128 1.78879e-130 2.67059e-132 3.9798e-134 5.92026e-136 8.79157e-138 1.30334e-139 1.929e-141 2.85043e-143 4.20539e-145 6.19494e-147 9.11213e-149 1.33835e-150 1.96291e-152 2.87492e-154 4.20496e-156 6.14216e-158 8.96015e-160 1.30544e-161 1.89959e-163 2.76079e-165 4.00766e-167 5.81087e-169 8.41582e-171 1.21749e-172 1.75938e-174 2.53973e-176 3.66234e-178 5.27572e-180 7.59218e-182 1.09149e-183 1.56766e-185 2.24941e-187 3.22463e-189 4.6184e-191 6.60864e-193 9.44818e-195 1.3496e-196 1.92617e-198
2.20469e-23 1.98647e-24 1.07935e-25 4.53321e-27 1.61576e-28 5.12586e-30 1.48889e-31 4.03355e-33 1.03234e-34 2.51963e-36 5.90621e-38 1.337e-39 2.93569e-41 6.27462e-43 1.3093e-44 2.67378e-46 5.35487e-48 1.0536e-49 2.03973e-51 3.89055e-53 7.31977e-55 1.3598e-56 2.49654e-58 4.53356e-60 8.14873e-62 1.45069e-63 2.55946e-65 4.47756e-67 7.7708e-69 1.33848e-70 2.28907e-72 3.88837e-74 6.56273e-76 1.1009e-77 1.83606e-79 3.04521e-81 5.02398e-83 8.24674e-85 1.34715e-86 2.19045e-88 3.54587e-90 5.71556e-92 9.17522e-94 1.46711e-95 2.33703e-97 3.7092e-99 5.86636e-101 9.24665e-103 1.45271e-104 2.2751e-106 3.55217e-108 5.52975e-110 8.58372e-112 1.32875e-113 2.05139e-115 3.15882e-117 4.85184e-119 7.43409e-121 1.13637e-122 1.73304e-124 2.6371e-126 4.00405e-128 6.06673e-130 9.17309e-132 1.38423e-133 2.08474e-135 3.13381e-137 4.70207e-139 7.04243e-141 1.05291e-142 1.57152e-144 2.34163e-146 3.48344e-148 5.17377e-150 7.67237e-152 1.13604e-153 1.67961e-155 2.47969e-157 3.65567e-159 5.3819e-161 7.9125e-163 1.16176e-164 1.70354e-166 2.49481e-168 3.64906e-170 5.33083e-172 7.77838e-174 1.13364e-175 1.6503e-177 2.39974e-179 3.48565e-181 5.05749e-183 7.33037e-185 1.06136e-186 1.53518e-188 2.2183e-190 3.20224e-192 4.61815e-194 6.65382e-196 9.57788e-198 1.37744e-199
2.85917e-25 2.75995e-26 1.58919e-27 7.02434e-29 2.62185e-30 8.67712e-32 2.62138e-33 7.36757e-35 1.95212e-36 4.92356e-38 1.19074e-39 2.77713e-41 6.27462e-43 1.37844e-44 2.95337e-46 6.18702e-48 1.27002e-49 2.55918e-51 5.07043e-53 9.89094e-55 1.90197e-56 3.60916e-58 6.7648e-60 1.25347e-61 2.29779e-63 4.17004e-65 7.49667e-67 1.33578e-68 2.36028e-70 4.13762e-72 7.19916e-74 1.24373e-75 2.1342e-77 3.6388e-79 6.16629e-81 1.03886e-82 1.74048e-84 2.90049e-86 4.80907e-88 7.93468e-90 1.30306e-91 2.13034e-93 3.46783e-95 5.62164e-97 9.07681e-99 1.45993e-100 2.33948e-102 3.73552e-104 5.94406e-106 9.42684e-108 1.49021e-109 2.34842e-111 3.6897e-113 5.78011e-115 9.02925e-117 1.40661e-118 2.18545e-120 3.38676e-122 5.23527e-124 8.07301e-126 1.24195e-127 1.90621e-129 2.91921e-131 4.46082e-133 6.80211e-135 1.03508e-136 1.57193e-138 2.38254e-140 3.60428e-142 5.44236e-144 8.20288e-146 1.23417e-147 1.85367e-149 2.77944e-151 4.16068e-153 6.21829e-155 9.27884e-157 1.38244e-158 2.05659e-160 3.05497e-162 4.53149e-164 6.71217e-166 9.92855e-168 1.46663e-169 2.16363e-171 3.18773e-173 4.6906e-175 6.89343e-177 1.01184e-178 1.48344e-180 2.1723e-182 3.17739e-184 4.64227e-186 6.77503e-188 9.87688e-190 1.43835e-191 2.09246e-193 3.04091e-195 4.41481e-197 6.40311e-199 9.27784e-201
3.70795e-27 3.81762e-28 2.32193e-29 1.07728e-30 4.20141e-32 1.44777e-33 4.54109e-35 1.32203e-36 3.62116e-38 9.42541e-40 2.34893e-41 5.63774e-43 1.3093e-44 2.95337e-46 6.49097e-48 1.39364e-49 2.92957e-51 6.04086e-53 1.2239e-54 2.43984e-56 4.79172e-58 9.28143e-60 1.77482e-61 3.35345e-63 6.26562e-65 1.15845e-66 2.12084e-68 3.84685e-70 6.9167e-72 1.23338e-73 2.18218e-75 3.83225e-77 6.68267e-79 1.15752e-80 1.99216e-82 3.40775e-84 5.79533e-86 9.8009e-88 1.64867e-89 2.75919e-91 4.59511e-93 7.61665e-95 1.2568e-96 2.06478e-98 3.37801e-100 5.50419e-102 8.93375e-104 1.44458e-105 2.32742e-107 3.73666e-109 5.97889e-111 9.53528e-113 1.51589e-114 2.40252e-116 3.7964e-118 5.98168e-120 9.39847e-122 1.47269e-123 2.30153e-125 3.58763e-127 5.5785e-129 8.65314e-131 1.33908e-132 2.06748e-134 3.18499e-136 4.89585e-138 7.5098e-140 1.14956e-141 1.75615e-143 2.67754e-145 4.07455e-147 6.18886e-149 9.38316e-151 1.42008e-152 2.14546e-154 3.23586e-156 4.87233e-158 7.3245e-160 1.09933e-161 1.64741e-163 2.465e-165 3.68285e-167 5.49438e-169 8.18528e-171 1.2177e-172 1.80906e-174 2.68401e-176 3.97689e-178 5.88495e-180 8.69748e-182 1.28383e-183 1.89274e-185 2.78714e-187 4.09938e-189 6.02252e-191 8.83791e-193 1.29551e-194 1.89697e-196 2.77469e-198 4.0543e-200 5.91792e-202
4.80869e-29 5.26001e-30 3.36955e-31 1.6371e-32 6.65794e-34 2.38461e-35 7.75359e-37 2.33482e-38 6.60266e-40 1.77145e-41 4.54405e-43 1.12119e-44 2.67378e-46 6.18702e-48 1.39364e-49 3.06411e-51 6.59082e-53 1.38965e-54 2.87699e-56 5.85701e-58 1.17403e-59 2.31977e-61 4.52282e-63 8.70893e-65 1.65753e-66 3.12045e-68 5.81456e-70 1.07305e-71 1.96229e-73 3.55762e-75 6.39751e-77 1.14155e-78 2.02201e-80 3.55655e-82 6.21403e-84 1.07883e-85 1.8616e-87 3.19368e-89 5.4485e-91 9.24574e-93 1.56092e-94 2.62228e-96 4.38454e-98 7.29779e-100 1.20936e-101 1.99564e-103 3.27976e-105 5.36901e-107 8.75582e-109 1.42268e-110 2.30343e-112 3.71666e-114 5.97706e-116 9.58129e-118 1.53111e-119 2.43934e-121 3.87494e-123 6.1379e-125 9.69555e-127 1.52742e-128 2.39998e-130 3.76143e-132 5.88065e-134 9.17175e-136 1.42712e-137 2.21553e-139 3.43187e-141 5.30445e-143 8.18149e-145 1.2593e-146 1.93443e-148 2.96567e-150 4.53795e-152 6.93081e-154 1.05661e-155 1.60793e-157 2.44265e-159 3.70437e-161 5.60843e-163 8.47731e-165 1.27932e-166 1.92762e-168 2.90001e-170 4.35636e-172 6.53446e-174 9.78748e-176 1.46392e-177 2.18658e-179 3.26155e-181 4.85852e-183 7.22801e-185 1.07393e-186 1.59364e-188 2.36195e-190 3.49642e-192 5.16967e-194 7.63475e-196 1.12624e-197 1.6595e-199 2.44257e-201 3.59124e-203
6.23621e-31 7.22235e-32 4.86029e-33 2.46759e-34 1.04459e-35 3.88243e-37 1.30675e-38 4.06491e-40 1.18538e-41 3.27453e-43 8.63697e-45 2.18867e-46 5.35487e-48 1.27002e-49 2.92957e-51 6.59082e-53 1.44956e-54 3.12299e-56 6.60237e-58 1.37177e-59 2.80473e-61 5.64988e-63 1.12248e-64 2.20148e-66 4.26587e-68 8.17302e-70 1.5493e-71 2.9076e-73 5.40535e-75 9.95922e-77 1.81946e-78 3.29736e-80 5.93016e-82 1.05878e-83 1.87727e-85 3.30654e-87 5.78724e-89 1.00679e-90 1.74136e-92 2.99517e-94 5.12434e-96 8.72224e-98 1.47733e-99 2.4904e-101 4.17903e-103 6.98185e-105 1.16151e-106 1.92439e-108 3.17575e-110 5.22081e-112 8.5511e-114 1.39557e-115 2.26973e-117 3.67908e-119 5.94416e-121 9.57346e-123 1.53715e-124 2.46078e-126 3.92802e-128 6.25252e-130 9.92545e-132 1.57142e-133 2.48149e-135 3.90876e-137 6.1419e-139 9.62788e-141 1.50573e-142 2.34953e-144 3.65809e-146 5.68317e-148 8.81076e-150 1.36315e-151 2.10476e-153 3.24348e-155 4.98871e-157 7.65865e-159 1.17361e-160 1.79521e-162 2.74125e-164 4.17867e-166 6.35917e-168 9.66163e-170 1.46556e-171 2.21959e-173 3.3564e-175 5.0678e-177 7.64051e-179 1.15026e-180 1.72923e-182 2.59599e-184 3.89188e-186 5.82685e-188 8.71239e-190 1.30101e-191 1.94031e-193 2.89016e-195 4.29974e-197 6.38912e-199 9.48261e-201 1.40576e-202 2.08162e-204
8.0875e-33 9.88624e-34 6.97259e-35 3.69209e-36 1.62418e-37 6.25523e-39 2.17657e-40 6.98588e-42 2.09844e-43 5.9625e-45 1.61558e-46 4.20096e-48 1.0536e-49 2.55918e-51 6.04086e-53 1.38965e-54 3.12299e-56 6.87058e-58 1.48235e-59 3.14134e-61 6.54761e-63 1.34393e-64 2.71935e-66 5.42948e-68 1.07061e-69 2.08651e-71 4.02186e-73 7.67235e-75 1.44936e-76 2.71268e-78 5.03276e-80 9.25964e-82 1.69021e-83 3.06202e-85 5.50747e-87 9.83814e-89 1.74592e-90 3.07897e-92 5.39728e-94 9.40674e-96 1.63041e-97 2.8109e-99 4.82137e-101 8.22919e-103 1.39792e-104 2.36388e-106 3.97969e-108 6.67153e-110 1.11382e-111 1.85215e-113 3.06808e-115 5.06338e-117 8.32624e-119 1.36439e-120 2.22822e-122 3.62702e-124 5.88515e-126 9.51962e-128 1.53523e-129 2.46866e-131 3.95832e-133 6.32938e-135 1.00935e-136 1.60541e-138 2.54695e-140 4.03065e-142 6.36323e-144 1.0022e-145 1.57482e-147 2.46905e-149 3.86257e-151 6.02966e-153 9.39292e-155 1.46023e-156 2.26555e-158 3.50815e-160 5.42195e-162 8.36413e-164 1.28793e-165 1.97966e-167 3.03758e-169 4.65288e-171 7.11522e-173 1.08628e-174 1.65575e-176 2.5198e-178 3.82882e-180 5.80906e-182 8.8004e-184 1.33127e-185 2.01099e-187 3.03351e-189 4.56965e-191 6.87439e-193 1.03279e-194 1.54961e-196 2.32208e-198 3.47527e-200 5.19474e-202 7.75557e-204 1.1565e-205
1.04884e-34 1.34952e-35 9.95402e-37 5.48757e-38 2.50482e-39 9.98285e-41 3.58674e-42 1.18649e-43 3.66753e-45 1.07088e-46 2.9782e-48 7.93994e-50 2.03973e-51 5.07043e-53 1.2239e-54 2.87699e-56 6.60237e-58 1.48235e-59 3.26199e-61 7.04683e-63 1.49654e-64 3.1283e-66 6.44359e-68 1.3091e-69 2.6256e-71 5.2028e-73 1.01932e-74 1.97576e-76 3.79109e-78 7.20506e-80 1.35697e-81 2.53374e-83 4.69242e-85 8.62271e-87 1.57275e-88 2.84834e-90 5.12358e-92 9.1566e-94 1.62626e-95 2.87113e-97 5.03995e-99 8.79845e-101 1.52787e-102 2.63967e-104 4.53815e-106 7.76518e-108 1.32263e-109 2.24289e-111 3.78727e-113 6.36875e-115 1.06672e-116 1.77978e-118 2.95842e-120 4.89982e-122 8.08672e-124 1.3301e-125 2.18051e-127 3.56318e-129 5.80443e-131 9.42677e-133 1.52646e-134 2.46467e-136 3.96843e-138 6.3723e-140 1.02052e-141 1.63015e-143 2.5974e-145 4.12842e-147 6.54618e-149 1.03557e-150 1.63447e-152 2.574e-154 4.04478e-156 6.34247e-158 9.92477e-160 1.54989e-161 2.41556e-163 3.75744e-165 5.83366e-167 9.04029e-169 1.39841e-170 2.15929e-172 3.32836e-174 5.12162e-176 7.86788e-178 1.20669e-179 1.84771e-181 2.82479e-183 4.3119e-185 6.57191e-187 1.00016e-188 1.51989e-190 2.30638e-192 3.49495e-194 5.28872e-196 7.99229e-198 1.20619e-199 1.81798e-201 2.73656e-203 4.11408e-205 6.17735e-207
1.36019e-36 1.83758e-37 1.41473e-38 8.10698e-40 3.83428e-41 1.57942e-42 5.85299e-44 1.99352e-45 6.33514e-47 1.89926e-48 5.41701e-50 1.47958e-51 3.89055e-53 9.89094e-55 2.43984e-56 5.85701e-58 1.37177e-59 3.14134e-61 7.04683e-63 1.55105e-64 3.35456e-66 7.13792e-68 1.49597e-69 3.09121e-71 6.30346e-73 1.26948e-74 2.52693e-76 4.97472e-78 9.6921e-80 1.86975e-81 3.57343e-83 6.7691e-85 1.27148e-86 2.36914e-88 4.38066e-90 8.04091e-92 1.46564e-93 2.65361e-95 4.77368e-97 8.53478e-99 1.51691e-100 2.68074e-102 4.71165e-104 8.23761e-106 1.43293e-107 2.48039e-109 4.27331e-111 7.32868e-113 1.25133e-114 2.12748e-116 3.6022e-118 6.07484e-120 1.02052e-121 1.70796e-123 2.84809e-125 4.73258e-127 7.83706e-129 1.29349e-130 2.12798e-132 3.48985e-134 5.70583e-136 9.30118e-138 1.51182e-139 2.45039e-141 3.96076e-143 6.38497e-145 1.02661e-146 1.64644e-148 2.63397e-150 4.20359e-152 6.69273e-154 1.06312e-155 1.68493e-157 2.66455e-159 4.20466e-161 6.62097e-163 1.04044e-164 1.6317e-166 2.5539e-168 3.98961e-170 6.22067e-172 9.68144e-174 1.50403e-175 2.33239e-177 3.6107e-179 5.58008e-181 8.60923e-183 1.3261e-184 2.03935e-186 3.13128e-188 4.80044e-190 7.34819e-192 1.12314e-193 1.71416e-195 2.61244e-197 3.97585e-199 6.04243e-201 9.1707e-203 1.39e-204 2.10404e-206 3.18079e-208
1.76398e-38 2.49647e-39 2.0026e-40 1.19107e-41 5.82949e-43 2.47905e-44 9.46575e-46 3.31641e-47 1.08257e-48 3.32964e-50 9.73214e-52 2.72144e-53 7.31977e-55 1.90197e-56 4.79172e-58 1.17403e-59 2.80473e-61 6.54761e-63 1.49654e-64 3.35456e-66 7.38511e-68 1.59888e-69 3.40812e-71 7.15977e-73 1.48378e-74 3.03591e-76 6.13739e-78 1.22674e-79 2.42586e-81 4.74866e-83 9.20659e-85 1.76871e-86 3.3685e-88 6.36239e-90 1.19226e-91 2.2174e-93 4.09432e-95 7.50788e-97 1.36766e-98 2.47557e-100 4.45373e-102 7.96569e-104 1.41668e-105 2.50587e-107 4.40932e-109 7.71952e-111 1.3449e-112 2.3321e-114 4.02555e-116 6.91818e-118 1.18388e-119 2.0176e-121 3.42471e-123 5.7907e-125 9.75453e-127 1.63719e-128 2.73812e-130 4.56365e-132 7.58091e-134 1.25522e-135 2.07178e-137 3.40905e-139 5.5927e-141 9.14837e-143 1.49222e-144 2.42727e-146 3.93759e-148 6.37089e-150 1.02814e-151 1.65508e-153 2.65779e-155 4.2578e-157 6.8051e-159 1.08516e-160 1.72656e-162 2.7411e-164 4.34251e-166 6.86515e-168 1.08311e-169 1.70541e-171 2.67999e-173 4.20345e-175 6.58058e-177 1.02831e-178 1.60398e-180 2.49752e-182 3.88211e-184 6.02404e-186 9.33223e-188 1.44336e-189 2.22877e-191 3.43616e-193 5.28947e-195 8.13003e-197 1.24775e-198 1.91216e-200 2.92618e-202 4.47161e-204 6.82377e-206 1.03991e-207 1.58264e-209
2.28764e-40 3.38462e-41 2.82426e-42 1.74104e-43 8.80761e-45 3.86271e-46 1.51823e-47 5.46693e-49 1.83161e-50 5.77514e-52 1.72864e-53 4.9456e-55 1.3598e-56 3.60916e-58 9.28143e-60 2.31977e-61 5.64988e-63 1.34393e-64 3.1283e-66 7.13792e-68 1.59888e-69 3.52061e-71 7.62935e-73 1.62885e-74 3.42932e-76 7.12588e-78 1.46254e-79 2.96701e-81 5.95322e-83 1.18211e-84 2.32419e-86 4.52697e-88 8.73902e-90 1.67271e-91 3.17577e-93 5.98286e-95 1.11878e-96 2.07727e-98 3.83072e-100 7.01827e-102 1.27777e-103 2.31234e-105 4.16032e-107 7.44343e-109 1.32458e-110 2.34488e-112 4.13033e-114 7.24004e-116 1.26317e-117 2.19388e-119 3.79365e-121 6.53215e-123 1.12012e-124 1.91311e-126 3.25487e-128 5.51689e-130 9.31685e-132 1.56785e-133 2.6293e-135 4.39463e-137 7.3213e-139 1.21584e-140 2.01289e-142 3.32246e-144 5.46795e-146 8.97322e-148 1.46846e-149 2.3966e-151 3.901e-153 6.33334e-155 1.02563e-156 1.65683e-158 2.67004e-160 4.29272e-162 6.88568e-164 1.102e-165 1.75979e-167 2.80417e-169 4.45892e-171 7.07553e-173 1.12049e-174 1.77092e-176 2.79349e-178 4.39814e-180 6.91166e-182 1.08418e-183 1.69763e-185 2.65353e-187 4.14053e-189 6.44991e-191 1.00307e-192 1.55741e-194 2.41424e-196 3.73661e-198 5.77438e-200 8.90997e-202 1.37278e-203 2.112e-205 3.24462e-207 4.9776e-209 7.62562e-211
2.96675e-42 4.58007e-43 3.96955e-44 2.53312e-45 1.32305e-46 5.97811e-48 2.41655e-49 8.93594e-51 3.07048e-52 9.91787e-54 3.03814e-55 8.88748e-57 2.49654e-58 6.7648e-60 1.77482e-61 4.52282e-63 1.12248e-64 2.71935e-66 6.44359e-68 1.49597e-69 3.40812e-71 7.62935e-73 1.6802e-74 3.64422e-76 7.79172e-78 1.64371e-79 3.42392e-81 7.04755e-83 1.43434e-84 2.88819e-86 5.75701e-88 1.13654e-89 2.22326e-91 4.31124e-93 8.29074e-95 1.5817e-96 2.99465e-98 5.62856e-100 1.05053e-101 1.94762e-103 3.58756e-105 6.56747e-107 1.1951e-108 2.16229e-110 3.89059e-112 6.96296e-114 1.23974e-115 2.19635e-117 3.87237e-119 6.7956e-121 1.18718e-122 2.06494e-124 3.57649e-126 6.16911e-128 1.05988e-129 1.81388e-131 3.09265e-133 5.25371e-135 8.89324e-137 1.50022e-138 2.52227e-140 4.22678e-142 7.06065e-144 1.1758e-145 1.95214e-147 3.23153e-149 5.33408e-151 8.77999e-153 1.44126e-154 2.35955e-156 3.85288e-158 6.27534e-160 1.01955e-161 1.65243e-163 2.67182e-165 4.31005e-167 6.93696e-169 1.11401e-170 1.78512e-172 2.85442e-174 4.55472e-176 7.25302e-178 1.15267e-179 1.82828e-181 2.89429e-183 4.57324e-185 7.2128e-187 1.13552e-188 1.7845e-190 2.79949e-192 4.38428e-194 6.85468e-196 1.06994e-197 1.66736e-199 2.59424e-201 4.03005e-203 6.25094e-205 9.6811e-207 1.49713e-208 2.31188e-210 3.56489e-212
3.84747e-44 6.18703e-45 5.56182e-46 3.66967e-47 1.97685e-48 9.19419e-50 3.8192e-51 1.44918e-52 5.10338e-54 1.68759e-55 5.28733e-57 1.58056e-58 4.53356e-60 1.25347e-61 3.35345e-63 8.70893e-65 2.20148e-66 5.42948e-68 1.3091e-69 3.09121e-71 7.15977e-73 1.62885e-74 3.64422e-76 8.02685e-78 1.74233e-79 3.73029e-81 7.88373e-83 1.64594e-84 3.39689e-86 6.93419e-88 1.40088e-89 2.80234e-91 5.55343e-93 1.09072e-94 2.12401e-96 4.10252e-98 7.86236e-100 1.49556e-101 2.82449e-103 5.29765e-105 9.8708e-107 1.8275e-108 3.3628e-110 6.15153e-112 1.11891e-113 2.02404e-115 3.64204e-117 6.51996e-119 1.16144e-120 2.05904e-122 3.63346e-124 6.383e-126 1.11645e-127 1.94455e-129 3.37303e-131 5.82766e-133 1.00298e-134 1.71972e-136 2.93792e-138 5.00128e-140 8.48443e-142 1.43451e-143 2.4175e-145 4.06108e-147 6.80094e-149 1.13548e-150 1.8902e-152 3.13751e-154 5.19325e-156 8.57238e-158 1.41123e-159 2.31718e-161 3.79496e-163 6.19968e-165 1.01034e-166 1.64259e-168 2.66424e-170 4.31144e-172 6.96141e-174 1.12155e-175 1.80306e-177 2.89257e-179 4.63088e-181 7.39887e-183 1.1798e-184 1.87761e-186 2.98247e-188 4.72864e-190 7.48342e-192 1.18218e-193 1.86423e-195 2.93471e-197 4.61203e-199 7.23592e-201 1.1334e-202 1.77245e-204 2.76743e-206 4.31423e-208 6.71534e-210 1.04371e-211 1.61976e-213
4.98963e-46 8.34444e-47 7.77024e-48 5.29497e-49 2.9391e-50 1.40583e-51 5.99624e-53 2.33305e-54 8.41474e-56 2.84695e-57 9.11752e-59 2.78369e-60 8.14873e-62 2.29779e-63 6.26562e-65 1.65753e-66 4.26587e-68 1.07061e-69 2.6256e-71 6.30346e-73 1.48378e-74 3.42932e-76 7.79172e-78 1.74233e-79 3.83823e-81 8.33738e-83 1.78723e-84 3.78361e-86 7.91593e-88 1.63771e-89 3.35244e-91 6.79359e-93 1.36353e-94 2.71175e-96 5.34609e-98 1.04518e-99 2.0271e-101 3.90148e-103 7.45402e-105 1.41413e-106 2.66466e-108 4.98841e-110 9.28018e-112 1.71603e-113 3.15471e-115 5.76701e-117 1.04853e-118 1.89641e-120 3.41254e-122 6.11069e-124 1.08902e-125 1.93189e-127 3.41183e-129 5.99945e-131 1.05053e-132 1.83204e-134 3.18229e-136 5.50645e-138 9.49242e-140 1.63042e-141 2.79051e-143 4.75957e-145 8.09083e-147 1.37087e-148 2.31533e-150 3.89833e-152 6.54375e-154 1.09519e-155 1.82766e-157 3.04142e-159 5.04732e-161 8.35364e-163 1.37895e-164 2.27041e-166 3.72879e-168 6.1089e-170 9.98421e-172 1.62795e-173 2.64831e-175 4.29848e-177 6.96149e-179 1.12499e-180 1.81415e-182 2.91942e-184 4.6885e-186 7.51457e-188 1.20205e-189 1.91914e-191 3.05825e-193 4.86446e-195 7.7234e-197 1.22407e-198 1.93663e-200 3.05872e-202 4.82281e-204 7.59173e-206 1.19309e-207 1.87202e-209 2.93268e-211 4.58719e-213 7.16422e-215
6.47086e-48 1.12375e-48 1.08265e-49 7.61176e-51 4.34959e-52 2.13794e-53 9.3564e-55 3.7304e-56 1.37715e-57 4.76429e-59 1.55879e-60 4.85819e-62 1.45069e-63 4.17004e-65 1.15845e-66 3.12045e-68 8.17302e-70 2.08651e-71 5.2028e-73 1.26948e-74 3.03591e-76 7.12588e-78 1.64371e-79 3.73029e-81 8.33738e-83 1.83691e-84 3.99278e-86 8.56887e-88 1.8169e-89 3.80868e-91 7.89778e-93 1.6209e-94 3.29411e-96 6.63215e-98 1.32339e-99 2.61822e-101 5.13776e-103 1.00031e-104 1.93301e-106 3.70848e-108 7.06553e-110 1.3372e-111 2.51453e-113 4.69925e-115 8.72986e-117 1.61244e-118 2.96173e-120 5.41091e-122 9.83416e-124 1.77835e-125 3.20025e-127 5.7319e-129 1.02194e-130 1.81395e-132 3.20593e-134 5.64244e-136 9.89041e-138 1.72682e-139 3.00339e-141 5.20422e-143 8.98503e-145 1.54578e-146 2.6502e-148 4.52845e-150 7.71259e-152 1.30938e-153 2.21604e-155 3.73912e-157 6.29034e-159 1.05517e-160 1.76498e-162 2.94415e-164 4.89786e-166 8.12655e-168 1.34488e-169 2.22007e-171 3.65575e-173 6.00531e-175 9.84163e-177 1.60913e-178 2.62501e-180 4.27272e-182 6.93955e-184 1.12468e-185 1.81895e-187 2.93576e-189 4.72874e-191 7.60174e-193 1.21966e-194 1.95317e-196 3.12197e-198 4.98108e-200 7.93298e-202 1.2612e-203 2.00159e-205 3.17123e-207 5.01595e-209 7.92069e-211 1.24874e-212 1.96557e-214 3.08906e-216
8.39181e-50 1.51129e-50 1.50471e-51 1.09044e-52 6.4093e-54 3.23485e-55 1.45156e-56 5.92662e-58 2.23815e-59 7.91302e-61 2.6436e-62 8.40654e-64 2.55946e-65 7.49667e-67 2.12084e-68 5.81456e-70 1.5493e-71 4.02186e-73 1.01932e-74 2.52693e-76 6.13739e-78 1.46254e-79 3.42392e-81 7.88373e-83 1.78723e-84 3.99278e-86 8.79799e-88 1.91355e-89 4.11102e-91 8.72957e-93 1.83326e-94 3.80963e-96 7.83764e-98 1.59711e-99 3.2249e-101 6.45515e-103 1.28135e-104 2.52318e-106 4.93054e-108 9.56392e-110 1.84204e-111 3.52369e-113 6.69644e-115 1.26457e-116 2.37349e-118 4.42869e-120 8.21659e-122 1.51607e-123 2.7825e-125 5.08061e-127 9.23062e-129 1.66897e-130 3.00353e-132 5.38073e-134 9.59702e-136 1.7044e-137 3.0144e-139 5.30974e-141 9.3162e-143 1.62833e-144 2.83551e-146 4.91976e-148 8.50597e-150 1.46558e-151 2.51674e-153 4.30772e-155 7.34972e-157 1.25009e-158 2.11979e-160 3.5839e-162 6.04171e-164 1.01563e-165 1.70257e-167 2.84644e-169 4.74622e-171 7.89351e-173 1.30946e-174 2.16689e-176 3.57708e-178 5.89098e-180 9.6791e-182 1.58669e-183 2.59524e-185 4.23558e-187 6.89787e-189 1.12099e-190 1.818e-192 2.94241e-194 4.75281e-196 7.66213e-198 1.23287e-199 1.98002e-201 3.17408e-203 5.07902e-205 8.11276e-207 1.29359e-208 2.05911e-210 3.2721e-212 5.19102e-214 8.22185e-216 1.30014e-217
1.0883e-51 2.02989e-52 2.08645e-53 1.5571e-54 9.40634e-56 4.87136e-57 2.23982e-58 9.35945e-60 3.61363e-61 1.30499e-62 4.44956e-64 1.44301e-65 4.47756e-67 1.33578e-68 3.84685e-70 1.07305e-71 2.9076e-73 7.67235e-75 1.97576e-76 4.97472e-78 1.22674e-79 2.96701e-81 7.04755e-83 1.64594e-84 3.78361e-86 8.56887e-88 1.91355e-89 4.21693e-91 9.17702e-93 1.97352e-94 4.19638e-96 8.82761e-98 1.8381e-99 3.79015e-101 7.74279e-103 1.56772e-104 3.14729e-106 6.26691e-108 1.23812e-109 2.42775e-111 4.72605e-113 9.13625e-115 1.75438e-116 3.34713e-118 6.34618e-120 1.19602e-121 2.24098e-123 4.1754e-125 7.73741e-127 1.42629e-128 2.61582e-130 4.77379e-132 8.67039e-134 1.56746e-135 2.82096e-137 5.05469e-139 9.01872e-141 1.60251e-142 2.83601e-144 4.99938e-146 8.77952e-148 1.53608e-149 2.67787e-151 4.65196e-153 8.05362e-155 1.38961e-156 2.38989e-158 4.0971e-160 7.00206e-162 1.19304e-163 2.02673e-165 3.43302e-167 5.79864e-169 9.76725e-171 1.64075e-172 2.7489e-174 4.59356e-176 7.65661e-178 1.27305e-179 2.11151e-181 3.49388e-183 5.76776e-185 9.49974e-187 1.56114e-188 2.55985e-190 4.18843e-192 6.83861e-194 1.11425e-195 1.81181e-197 2.94018e-199 4.76192e-201 7.69757e-203 1.24195e-204 2.00007e-206 3.21509e-208 5.15897e-210 8.26355e-212 1.32135e-213 2.10925e-215 3.36134e-217 5.34786e-219
1.41138e-53 2.7232e-54 2.88682e-55 2.21674e-56 1.37527e-57 7.30311e-59 3.43863e-60 1.46974e-61 5.7985e-63 2.13785e-64 7.43599e-66 2.4583e-67 7.7708e-69 2.36028e-70 6.9167e-72 1.96229e-73 5.40535e-75 1.44936e-76 3.79109e-78 9.6921e-80 2.42586e-81 5.95322e-83 1.43434e-84 3.39689e-86 7.91593e-88 1.8169e-89 4.11102e-91 9.17702e-93 2.02256e-94 4.40391e-96 9.47934e-98 2.0182e-99 4.25227e-101 8.87073e-103 1.83304e-104 3.75354e-106 7.61958e-108 1.53391e-109 3.06336e-111 6.07095e-113 1.19429e-114 2.33278e-116 4.5255e-118 8.72154e-120 1.67015e-121 3.17871e-123 6.01406e-125 1.13134e-126 2.11644e-128 3.93811e-130 7.28968e-132 1.34258e-133 2.46063e-135 4.4884e-137 8.14961e-139 1.47313e-140 2.65128e-142 4.75155e-144 8.48067e-146 1.50761e-147 2.66967e-149 4.70955e-151 8.27747e-153 1.44962e-154 2.52979e-156 4.39977e-158 7.62649e-160 1.31766e-161 2.26936e-163 3.8963e-165 6.66934e-167 1.13822e-168 1.93691e-170 3.2867e-172 5.56171e-174 9.38593e-176 1.57977e-177 2.65205e-179 4.44083e-181 7.41761e-183 1.23596e-184 2.0545e-186 3.40713e-188 5.63733e-190 9.30636e-192 1.53295e-193 2.51961e-195 4.13252e-197 6.7638e-199 1.10478e-200 1.80091e-202 2.92986e-204 4.75731e-206 7.70989e-208 1.24716e-209 2.01372e-211 3.24557e-213 5.2217e-215 8.38639e-217 1.3446e-218 2.15217e-220
1.83036e-55 3.64927e-56 3.98606e-57 3.14687e-58 2.0036e-59 1.09029e-60 5.2539e-62 2.29572e-63 9.25037e-65 3.48028e-66 1.23434e-67 4.15808e-69 1.33848e-70 4.13762e-72 1.23338e-73 3.55762e-75 9.95922e-77 2.71268e-78 7.20506e-80 1.86975e-81 4.74866e-83 1.18211e-84 2.88819e-86 6.93419e-88 1.63771e-89 3.80868e-91 8.72957e-93 1.97352e-94 4.40391e-96 9.70688e-98 2.11462e-99 4.55561e-101 9.71065e-103 2.04905e-104 4.28207e-106 8.86618e-108 1.81958e-109 3.70268e-111 7.47346e-113 1.49667e-114 2.97483e-116 5.87017e-118 1.1503e-119 2.23896e-121 4.32977e-123 8.32074e-125 1.58939e-126 3.01826e-128 5.69934e-130 1.07031e-131 1.99937e-133 3.71569e-135 6.87097e-137 1.26443e-138 2.31595e-140 4.22261e-142 7.66489e-144 1.38534e-145 2.49337e-147 4.46934e-149 7.97947e-151 1.41913e-152 2.5144e-154 4.43864e-156 7.80745e-158 1.36852e-159 2.39061e-161 4.1622e-163 7.22313e-165 1.24954e-166 2.15489e-168 3.70497e-170 6.35124e-172 1.08561e-173 1.85036e-175 3.14511e-177 5.33135e-179 9.01332e-181 1.51985e-182 2.55631e-184 4.28884e-186 7.17802e-188 1.19847e-189 1.99633e-191 3.31767e-193 5.50117e-195 9.1015e-197 1.50254e-198 2.47522e-200 4.06902e-202 6.67534e-204 1.0929e-205 1.78577e-207 2.91222e-209 4.74014e-211 7.70092e-213 1.24879e-214 2.02139e-216 3.26612e-218 5.26809e-220 8.48249e-222
2.37372e-57 4.88517e-58 5.49336e-59 4.45534e-60 2.90926e-61 1.62129e-62 7.99132e-64 3.56793e-65 1.46762e-66 5.63208e-68 2.03596e-69 6.98577e-71 2.28907e-72 7.19916e-74 2.18218e-75 6.39751e-77 1.81946e-78 5.03276e-80 1.35697e-81 3.57343e-83 9.20659e-85 2.32419e-86 5.75701e-88 1.40088e-89 3.35244e-91 7.89778e-93 1.83326e-94 4.19638e-96 9.47934e-98 2.11462e-99 4.66135e-101 1.01594e-102 2.19044e-104 4.67431e-106 9.87707e-108 2.06751e-109 4.28894e-111 8.82055e-113 1.79903e-114 3.64012e-116 7.30912e-118 1.45683e-119 2.88314e-121 5.66691e-123 1.10651e-124 2.1468e-126 4.13951e-128 7.93442e-130 1.51208e-131 2.86556e-133 5.40124e-135 1.01274e-136 1.88927e-138 3.50708e-140 6.4791e-142 1.19141e-143 2.18094e-145 3.9748e-147 7.2132e-149 1.30356e-150 2.34625e-152 4.20632e-154 7.51206e-156 1.33655e-157 2.36933e-159 4.1852e-161 7.36707e-163 1.2924e-164 2.25974e-166 3.93834e-168 6.84215e-170 1.18503e-171 2.04621e-173 3.52278e-175 6.04735e-177 1.03518e-178 1.7671e-180 3.00835e-182 5.10789e-184 8.65018e-186 1.46117e-187 2.46202e-189 4.13828e-191 6.93912e-193 1.16082e-194 1.93743e-196 3.22628e-198 5.36058e-200 8.88741e-202 1.47031e-203 2.42733e-205 3.99901e-207 6.57499e-209 1.07888e-210 1.76686e-212 2.88799e-214 4.7116e-216 7.67245e-218 1.24712e-219 2.02348e-221 3.27737e-223
