0.99157 0.0020763 0.00104692 0.000527882 0.000266171 0.00013421 6.76717e-05 3.41217e-05 1.7205e-05 8.67515e-06 4.37422e-06 2.20558e-06 1.11211e-06 5.60751e-07 2.82744e-07 1.42566e-07 7.18853e-08 3.62463e-08 1.82762e-08 9.21532e-09 4.64658e-09 2.34292e-09 1.18136e-09 5.95667e-10 3.0035e-10 1.51443e-10 7.63614e-11 3.85032e-11 1.94142e-11 9.78913e-12 4.93591e-12 2.4888e-12 1.25491e-12 6.32758e-13 3.19051e-13 1.60873e-13 8.11162e-14 4.09007e-14 2.06231e-14 1.03987e-14 5.24325e-15 2.64377e-15 1.33305e-15 6.72157e-16 3.38918e-16 1.7089e-16 8.6167e-17 4.34474e-17 2.19072e-17 1.10461e-17 5.56973e-18 2.80839e-18 1.41606e-18 7.1401e-19 3.60021e-19 1.81531e-19 9.15323e-20 4.61528e-20 2.32713e-20 1.1734e-20 5.91654e-21 2.98326e-21 1.50423e-21 7.58469e-22 3.82438e-22 1.92834e-22 9.72317e-23 4.90265e-23 2.47203e-23 1.24646e-23 6.28494e-24 3.16902e-24 1.59789e-24 8.05696e-25 4.06251e-25 2.04842e-25 1.03286e-25 5.20792e-26 2.62596e-26 1.32407e-26 6.67628e-27 3.36634e-27 1.69739e-27 8.55864e-28 4.31547e-28 2.17596e-28 1.09717e-28 5.5322e-29 2.78947e-29 1.40652e-29 7.09199e-30 3.57595e-30 1.80308e-30 9.09156e-31 4.58418e-31 2.31145e-31 1.16549e-31 5.87668e-32 2.96316e-32 1.4941e-32 7.53359e-33
0.0020763 1.313e-05 6.63889e-06 3.35677e-06 1.69725e-06 8.58153e-07 4.33891e-07 2.19379e-07 1.10919e-07 5.60804e-08 2.8354e-08 1.43356e-08 7.2479e-09 3.66443e-09 1.85266e-09 9.36666e-10 4.73554e-10 2.39415e-10 1.2104e-10 6.11934e-11 3.09369e-11 1.56403e-11 7.90701e-12 3.99738e-12 2.02086e-12 1.02163e-12 5.16473e-13 2.61095e-13 1.31992e-13 6.67257e-14 3.37315e-14 1.7052e-14 8.6201e-15 4.35759e-15 2.20281e-15 1.11354e-15 5.62901e-16 2.84548e-16 1.43838e-16 7.27097e-17 3.67542e-17 1.85788e-17 9.39134e-18 4.74716e-18 2.39959e-18 1.21294e-18 6.13108e-19 3.09908e-19 1.56648e-19 7.91802e-20 4.00225e-20 2.02297e-20 1.02252e-20 5.16835e-21 2.61234e-21 1.3204e-21 6.67386e-22 3.37324e-22 1.70496e-22 8.61746e-23 4.35554e-23 2.20141e-23 1.11265e-23 5.62359e-24 2.84228e-24 1.43654e-24 7.26046e-25 3.66952e-25 1.85461e-25 9.3733e-26 4.7373e-26 2.39423e-26 1.21004e-26 6.11548e-27 3.09072e-27 1.56202e-27 7.89423e-28 3.98962e-28 2.01628e-28 1.01899e-28 5.14972e-29 2.60253e-29 1.31524e-29 6.64683e-30 3.35908e-30 1.69756e-30 8.57878e-31 4.33536e-31 2.1909e-31 1.10718e-31 5.59512e-32 2.82749e-32 1.42886e-32 7.22063e-33 3.64888e-33 1.84392e-33 9.31797e-34 4.70868e-34 2.37944e-34 1.2024e-34 6.07604e-35
0.00104692 6.63889e-06 3.35689e-06 1.69736e-06 8.58242e-07 4.33951e-07 2.19416e-07 1.10941e-07 5.60939e-08 2.83618e-08 1.434e-08 7.25038e-09 3.66581e-09 1.85342e-09 9.37081e-10 4.7378e-10 2.39537e-10 1.21106e-10 6.12287e-11 3.09558e-11 1.56504e-11 7.91236e-12 4.00022e-12 2.02236e-12 1.02242e-12 5.1689e-13 2.61315e-13 1.32107e-13 6.67861e-14 3.37631e-14 1.70686e-14 8.62874e-15 4.3621e-15 2.20516e-15 1.11476e-15 5.63537e-16 2.84878e-16 1.4401e-16 7.27988e-17 3.68004e-17 1.86028e-17 9.40375e-18 4.75358e-18 2.40291e-18 1.21465e-18 6.13995e-19 3.10366e-19 1.56885e-19 7.93021e-20 4.00854e-20 2.02621e-20 1.02419e-20 5.17695e-21 2.61676e-21 1.32267e-21 6.68557e-22 3.37926e-22 1.70806e-22 8.63336e-23 4.36371e-23 2.20561e-23 1.11481e-23 5.63465e-24 2.84795e-24 1.43945e-24 7.27539e-25 3.67718e-25 1.85853e-25 9.39342e-26 4.7476e-26 2.39951e-26 1.21274e-26 6.12933e-27 3.09781e-27 1.56565e-27 7.91281e-28 3.99913e-28 2.02114e-28 1.02147e-28 5.16243e-29 2.60903e-29 1.31857e-29 6.66382e-30 3.36777e-30 1.70199e-30 8.60146e-31 4.34694e-31 2.19682e-31 1.1102e-31 5.61056e-32 2.83537e-32 1.43288e-32 7.24117e-33 3.65936e-33 1.84927e-33 9.34527e-34 4.72261e-34 2.38655e-34 1.20602e-34 6.09452e-35 3.07979e-35
0.000527882 3.35677e-06 1.69736e-06 8.58271e-07 4.33981e-07 2.19439e-07 1.10957e-07 5.61035e-08 2.83677e-08 1.43434e-08 7.25237e-09 3.66694e-09 1.85406e-09 9.37433e-10 4.73973e-10 2.39643e-10 1.21164e-10 6.12599e-11 3.09726e-11 1.56594e-11 7.91718e-12 4.00278e-12 2.02372e-12 1.02314e-12 5.17273e-13 2.61517e-13 1.32214e-13 6.68421e-14 3.37925e-14 1.7084e-14 8.63681e-15 4.36632e-15 2.20737e-15 1.11591e-15 5.64137e-16 2.8519e-16 1.44173e-16 7.28832e-17 3.68442e-17 1.86255e-17 9.41554e-18 4.75969e-18 2.40608e-18 1.21629e-18 6.14842e-19 3.10804e-19 1.57111e-19 7.94188e-20 4.01456e-20 2.02932e-20 1.02579e-20 5.18521e-21 2.62102e-21 1.32487e-21 6.69685e-22 3.38507e-22 1.71104e-22 8.64872e-23 4.3716e-23 2.20967e-23 1.11689e-23 5.64536e-24 2.85345e-24 1.44227e-24 7.28987e-25 3.68461e-25 1.86234e-25 9.41295e-26 4.75762e-26 2.40465e-26 1.21537e-26 6.14281e-27 3.10471e-27 1.56918e-27 7.9309e-28 4.00839e-28 2.02588e-28 1.0239e-28 5.17484e-29 2.61538e-29 1.32181e-29 6.68042e-30 3.37625e-30 1.70633e-30 8.62363e-31 4.35827e-31 2.2026e-31 1.11316e-31 5.62567e-32 2.84308e-32 1.43682e-32 7.26129e-33 3.66963e-33 1.85451e-33 9.37203e-34 4.73626e-34 2.39352e-34 1.20958e-34 6.11266e-35 3.08904e-35 1.56105e-35
0.000266171 1.69725e-06 8.58242e-07 4.33981e-07 2.19447e-07 1.10964e-07 5.61093e-08 2.83716e-08 1.43459e-08 7.25386e-09 3.66781e-09 1.85456e-09 9.37721e-10 4.74135e-10 2.39733e-10 1.21213e-10 6.12869e-11 3.09873e-11 1.56674e-11 7.92146e-12 4.00508e-12 2.02495e-12 1.0238e-12 5.17621e-13 2.61701e-13 1.32311e-13 6.68936e-14 3.38197e-14 1.70982e-14 8.64431e-15 4.37025e-15 2.20943e-15 1.11699e-15 5.64699e-16 2.85484e-16 1.44325e-16 7.29628e-17 3.68856e-17 1.8647e-17 9.42671e-18 4.76549e-18 2.40909e-18 1.21785e-18 6.15649e-19 3.11221e-19 1.57327e-19 7.95305e-20 4.02033e-20 2.0323e-20 1.02733e-20 5.19314e-21 2.62511e-21 1.32697e-21 6.70771e-22 3.39066e-22 1.71392e-22 8.66354e-23 4.37922e-23 2.21359e-23 1.1189e-23 5.65571e-24 2.85877e-24 1.445e-24 7.3039e-25 3.69181e-25 1.86604e-25 9.43191e-26 4.76734e-26 2.40963e-26 1.21793e-26 6.15591e-27 3.11142e-27 1.57262e-27 7.94851e-28 4.01741e-28 2.0305e-28 1.02626e-28 5.18694e-29 2.62157e-29 1.32498e-29 6.69662e-30 3.38454e-30 1.71057e-30 8.64529e-31 4.36935e-31 2.20826e-31 1.11605e-31 5.64044e-32 2.85063e-32 1.44068e-32 7.28098e-33 3.67969e-33 1.85964e-33 9.39824e-34 4.74965e-34 2.40035e-34 1.21306e-34 6.13045e-35 3.09812e-35 1.56568e-35 7.91232e-36
0.00013421 8.58153e-07 4.33951e-07 2.19439e-07 1.10964e-07 5.61113e-08 2.83735e-08 1.43474e-08 7.25485e-09 3.66844e-09 1.85495e-09 9.37945e-10 4.74264e-10 2.39806e-10 1.21254e-10 6.13098e-11 3.09999e-11 1.56743e-11 7.92521e-12 4.00711e-12 2.02604e-12 1.02438e-12 5.17934e-13 2.61868e-13 1.324e-13 6.69406e-14 3.38446e-14 1.71114e-14 8.65123e-15 4.37389e-15 2.21134e-15 1.11799e-15 5.65224e-16 2.85758e-16 1.44469e-16 7.30376e-17 3.69246e-17 1.86674e-17 9.43727e-18 4.77098e-18 2.41194e-18 1.21933e-18 6.16416e-19 3.11619e-19 1.57533e-19 7.9637e-20 4.02584e-20 2.03515e-20 1.0288e-20 5.20074e-21 2.62903e-21 1.329e-21 6.71815e-22 3.39604e-22 1.71669e-22 8.67781e-23 4.38657e-23 2.21737e-23 1.12085e-23 5.66571e-24 2.86391e-24 1.44764e-24 7.31747e-25 3.69878e-25 1.86962e-25 9.45028e-26 4.77677e-26 2.41447e-26 1.22041e-26 6.16863e-27 3.11795e-27 1.57596e-27 7.96564e-28 4.02618e-28 2.035e-28 1.02856e-28 5.19873e-29 2.6276e-29 1.32807e-29 6.71242e-30 3.39262e-30 1.7147e-30 8.66644e-31 4.38016e-31 2.21379e-31 1.11887e-31 5.65489e-32 2.85801e-32 1.44445e-32 7.30025e-33 3.68953e-33 1.86467e-33 9.42391e-34 4.76275e-34 2.40704e-34 1.21648e-34 6.14788e-35 3.10702e-35 1.57022e-35 7.93549e-36 4.01038e-36
6.76717e-05 4.33891e-07 2.19416e-07 1.10957e-07 5.61093e-08 2.83735e-08 1.43479e-08 7.25535e-09 3.66882e-09 1.8552e-09 9.38105e-10 4.74361e-10 2.39863e-10 1.21287e-10 6.13285e-11 3.10104e-11 1.56801e-11 7.92842e-12 4.00887e-12 2.027e-12 1.0249e-12 5.18213e-13 2.62018e-13 1.3248e-13 6.69832e-14 3.38672e-14 1.71234e-14 8.65758e-15 4.37724e-15 2.2131e-15 1.11892e-15 5.65711e-16 2.86014e-16 1.44603e-16 7.31076e-17 3.69612e-17 1.86864e-17 9.44722e-18 4.77616e-18 2.41463e-18 1.22073e-18 6.17143e-19 3.11996e-19 1.57728e-19 7.97385e-20 4.03109e-20 2.03786e-20 1.03021e-20 5.20801e-21 2.63279e-21 1.33094e-21 6.72816e-22 3.4012e-22 1.71936e-22 8.69153e-23 4.39364e-23 2.22101e-23 1.12272e-23 5.67536e-24 2.86887e-24 1.45019e-24 7.33059e-25 3.70552e-25 1.87308e-25 9.46807e-26 4.78591e-26 2.41916e-26 1.22282e-26 6.18097e-27 3.12428e-27 1.57921e-27 7.98229e-28 4.03471e-28 2.03937e-28 1.0308e-28 5.2102e-29 2.63348e-29 1.33108e-29 6.72782e-30 3.4005e-30 1.71874e-30 8.68707e-31 4.39071e-31 2.21919e-31 1.12163e-31 5.669e-32 2.86522e-32 1.44813e-32 7.31909e-33 3.69916e-33 1.86959e-33 9.44904e-34 4.77559e-34 2.41359e-34 1.21983e-34 6.16497e-35 3.11574e-35 1.57467e-35 7.95821e-36 4.02197e-36 2.03264e-36
3.41217e-05 2.19379e-07 1.10941e-07 5.61035e-08 2.83716e-08 1.43474e-08 7.25535e-09 3.66894e-09 1.85533e-09 9.38201e-10 4.74426e-10 2.39904e-10 1.21312e-10 6.13431e-11 3.10188e-11 1.56849e-11 7.9311e-12 4.01036e-12 2.02782e-12 1.02535e-12 5.18456e-13 2.62149e-13 1.32551e-13 6.70213e-14 3.38876e-14 1.71342e-14 8.66335e-15 4.3803e-15 2.21472e-15 1.11978e-15 5.66162e-16 2.86251e-16 1.44727e-16 7.31728e-17 3.69953e-17 1.87043e-17 9.45655e-18 4.78103e-18 2.41717e-18 1.22205e-18 6.1783e-19 3.12353e-19 1.57914e-19 7.98347e-20 4.03609e-20 2.04045e-20 1.03155e-20 5.21494e-21 2.63637e-21 1.33279e-21 6.73774e-22 3.40615e-22 1.72191e-22 8.70471e-23 4.40043e-23 2.22451e-23 1.12453e-23 5.68465e-24 2.87365e-24 1.45266e-24 7.34325e-25 3.71203e-25 1.87643e-25 9.48528e-26 4.79474e-26 2.4237e-26 1.22515e-26 6.19294e-27 3.13042e-27 1.58236e-27 7.99845e-28 4.043e-28 2.04362e-28 1.03298e-28 5.22135e-29 2.6392e-29 1.33401e-29 6.74281e-30 3.40818e-30 1.72267e-30 8.70718e-31 4.401e-31 2.22445e-31 1.12433e-31 5.68277e-32 2.87227e-32 1.45174e-32 7.3375e-33 3.70857e-33 1.8744e-33 9.47361e-34 4.78814e-34 2.42e-34 1.2231e-34 6.1817e-35 3.12428e-35 1.57903e-35 7.98047e-36 4.03334e-36 2.03844e-36 1.03022e-36
1.7205e-05 1.10919e-07 5.60939e-08 2.83677e-08 1.43459e-08 7.25485e-09 3.66882e-09 1.85533e-09 9.38233e-10 4.74458e-10 2.39928e-10 1.21328e-10 6.13535e-11 3.10251e-11 1.56886e-11 7.93324e-12 4.01157e-12 2.0285e-12 1.02573e-12 5.18665e-13 2.62264e-13 1.32613e-13 6.7055e-14 3.39057e-14 1.7144e-14 8.66855e-15 4.38307e-15 2.21619e-15 1.12056e-15 5.66575e-16 2.86469e-16 1.44842e-16 7.32332e-17 3.70271e-17 1.87209e-17 9.46526e-18 4.78558e-18 2.41955e-18 1.22329e-18 6.18478e-19 3.12691e-19 1.58089e-19 7.99259e-20 4.04082e-20 2.04291e-20 1.03282e-20 5.22154e-21 2.63979e-21 1.33456e-21 6.74689e-22 3.41088e-22 1.72435e-22 8.71733e-23 4.40695e-23 2.22787e-23 1.12626e-23 5.69358e-24 2.87826e-24 1.45503e-24 7.35546e-25 3.71831e-25 1.87966e-25 9.50189e-26 4.80329e-26 2.42809e-26 1.2274e-26 6.20452e-27 3.13637e-27 1.58541e-27 8.01412e-28 4.05104e-28 2.04774e-28 1.0351e-28 5.2322e-29 2.64475e-29 1.33685e-29 6.7574e-30 3.41565e-30 1.72649e-30 8.72677e-31 4.41103e-31 2.22959e-31 1.12696e-31 5.69621e-32 2.87914e-32 1.45525e-32 7.35548e-33 3.71776e-33 1.8791e-33 9.49764e-34 4.80042e-34 2.42628e-34 1.22631e-34 6.19807e-35 3.13264e-35 1.5833e-35 8.00228e-36 4.04447e-36 2.04413e-36 1.03312e-36 5.22147e-37
8.67515e-06 5.60804e-08 2.83618e-08 1.43434e-08 7.25386e-09 3.66844e-09 1.8552e-09 9.38201e-10 4.74458e-10 2.39937e-10 1.21337e-10 6.13597e-11 3.10293e-11 1.56912e-11 7.93485e-12 4.01252e-12 2.02905e-12 1.02604e-12 5.1884e-13 2.62361e-13 1.32666e-13 6.70841e-14 3.39215e-14 1.71525e-14 8.67317e-15 4.38555e-15 2.21752e-15 1.12126e-15 5.6695e-16 2.86668e-16 1.44947e-16 7.32888e-17 3.70564e-17 1.87363e-17 9.47335e-18 4.78983e-18 2.42177e-18 1.22446e-18 6.19085e-19 3.13007e-19 1.58254e-19 8.00118e-20 4.04529e-20 2.04523e-20 1.03403e-20 5.22781e-21 2.64304e-21 1.33624e-21 6.75561e-22 3.41539e-22 1.72669e-22 8.7294e-23 4.41318e-23 2.23109e-23 1.12792e-23 5.70216e-24 2.88268e-24 1.45731e-24 7.3672e-25 3.72436e-25 1.88277e-25 9.51792e-26 4.81153e-26 2.43233e-26 1.22958e-26 6.21573e-27 3.14212e-27 1.58837e-27 8.0293e-28 4.05883e-28 2.05174e-28 1.03715e-28 5.24272e-29 2.65015e-29 1.33962e-29 6.77158e-30 3.42292e-30 1.73022e-30 8.74585e-31 4.4208e-31 2.23459e-31 1.12952e-31 5.70932e-32 2.88585e-32 1.45868e-32 7.37303e-33 3.72674e-33 1.88369e-33 9.5211e-34 4.81242e-34 2.43241e-34 1.22944e-34 6.21408e-35 3.14083e-35 1.58748e-35 8.02363e-36 4.05537e-36 2.04969e-36 1.03596e-36 5.23598e-37 2.64636e-37
4.37422e-06 2.8354e-08 1.434e-08 7.25237e-09 3.66781e-09 1.85495e-09 9.38105e-10 4.74426e-10 2.39928e-10 1.21337e-10 6.13618e-11 3.10314e-11 1.56928e-11 7.93592e-12 4.0132e-12 2.02946e-12 1.02628e-12 5.18979e-13 2.6244e-13 1.32711e-13 6.71088e-14 3.39351e-14 1.716e-14 8.67721e-15 4.38774e-15 2.2187e-15 1.1219e-15 5.67288e-16 2.86848e-16 1.45043e-16 7.33396e-17 3.70832e-17 1.87505e-17 9.48083e-18 4.79376e-18 2.42383e-18 1.22554e-18 6.19652e-19 3.13304e-19 1.58409e-19 8.00927e-20 4.0495e-20 2.04743e-20 1.03517e-20 5.23374e-21 2.64612e-21 1.33784e-21 6.7639e-22 3.41969e-22 1.72891e-22 8.74091e-23 4.41914e-23 2.23417e-23 1.12951e-23 5.71038e-24 2.88692e-24 1.45949e-24 7.37848e-25 3.73018e-25 1.88577e-25 9.53335e-26 4.81948e-26 2.43642e-26 1.23169e-26 6.22654e-27 3.14768e-27 1.59123e-27 8.04398e-28 4.06638e-28 2.05561e-28 1.03914e-28 5.25292e-29 2.65538e-29 1.34231e-29 6.78536e-30 3.42998e-30 1.73384e-30 8.76439e-31 4.4303e-31 2.23946e-31 1.13201e-31 5.72208e-32 2.89238e-32 1.46203e-32 7.39015e-33 3.73549e-33 1.88817e-33 9.54402e-34 4.82413e-34 2.4384e-34 1.2325e-34 6.22974e-35 3.14883e-35 1.59157e-35 8.04452e-36 4.06604e-36 2.05514e-36 1.03875e-36 5.2502e-37 2.65362e-37 1.34122e-37
2.20558e-06 1.43356e-08 7.25038e-09 3.66694e-09 1.85456e-09 9.37945e-10 4.74361e-10 2.39904e-10 1.21328e-10 6.13597e-11 3.10314e-11 1.56934e-11 7.93646e-12 4.0136e-12 2.02973e-12 1.02645e-12 5.19084e-13 2.62501e-13 1.32746e-13 6.7129e-14 3.39465e-14 1.71663e-14 8.68068e-15 4.38964e-15 2.21973e-15 1.12245e-15 5.67589e-16 2.87009e-16 1.45129e-16 7.33856e-17 3.71077e-17 1.87635e-17 9.48768e-18 4.79738e-18 2.42574e-18 1.22654e-18 6.20178e-19 3.1358e-19 1.58554e-19 8.01683e-20 4.05346e-20 2.04949e-20 1.03624e-20 5.23934e-21 2.64903e-21 1.33936e-21 6.77176e-22 3.42377e-22 1.73103e-22 8.75188e-23 4.42482e-23 2.23711e-23 1.13103e-23 5.71823e-24 2.89098e-24 1.46159e-24 7.38931e-25 3.73576e-25 1.88865e-25 9.5482e-26 4.82712e-26 2.44036e-26 1.23372e-26 6.23698e-27 3.15305e-27 1.59399e-27 8.05818e-28 4.07367e-28 2.05936e-28 1.04106e-28 5.26281e-29 2.66046e-29 1.34491e-29 6.79872e-30 3.43683e-30 1.73735e-30 8.78242e-31 4.43954e-31 2.24419e-31 1.13443e-31 5.73451e-32 2.89875e-32 1.46529e-32 7.40683e-33 3.74403e-33 1.89254e-33 9.56637e-34 4.83557e-34 2.44425e-34 1.2355e-34 6.24503e-35 3.15664e-35 1.59557e-35 8.06494e-36 4.07648e-36 2.06048e-36 1.04147e-36 5.26411e-37 2.66073e-37 1.34485e-37 6.79743e-38
1.11211e-06 7.2479e-09 3.66581e-09 1.85406e-09 9.37721e-10 4.74264e-10 2.39863e-10 1.21312e-10 6.13535e-11 3.10293e-11 1.56928e-11 7.93646e-12 4.01374e-12 2.02987e-12 1.02656e-12 5.19153e-13 2.62545e-13 1.32773e-13 6.71447e-14 3.39555e-14 1.71714e-14 8.68357e-15 4.39124e-15 2.22061e-15 1.12294e-15 5.67852e-16 2.87152e-16 1.45206e-16 7.34268e-17 3.71297e-17 1.87752e-17 9.49391e-18 4.80068e-18 2.42749e-18 1.22746e-18 6.20665e-19 3.13836e-19 1.58688e-19 8.02387e-20 4.05715e-20 2.05142e-20 1.03725e-20 5.2446e-21 2.65178e-21 1.34078e-21 6.77919e-22 3.42763e-22 1.73303e-22 8.76228e-23 4.43022e-23 2.23991e-23 1.13248e-23 5.72573e-24 2.89486e-24 1.4636e-24 7.39967e-25 3.74111e-25 1.89141e-25 9.56244e-26 4.83447e-26 2.44414e-26 1.23567e-26 6.24703e-27 3.15823e-27 1.59665e-27 8.07188e-28 4.08072e-28 2.06298e-28 1.04292e-28 5.27238e-29 2.66537e-29 1.34743e-29 6.81167e-30 3.44348e-30 1.74076e-30 8.79991e-31 4.44851e-31 2.24879e-31 1.13679e-31 5.74659e-32 2.90494e-32 1.46846e-32 7.42307e-33 3.75235e-33 1.8968e-33 9.58816e-34 4.84672e-34 2.44996e-34 1.23841e-34 6.25996e-35 3.16428e-35 1.59947e-35 8.0849e-36 4.08668e-36 2.06569e-36 1.04414e-36 5.27772e-37 2.66768e-37 1.3484e-37 6.81557e-38 3.44495e-38
5.60751e-07 3.66443e-09 1.85342e-09 9.37433e-10 4.74135e-10 2.39806e-10 1.21287e-10 6.13431e-11 3.10251e-11 1.56912e-11 7.93592e-12 4.0136e-12 2.02987e-12 1.02659e-12 5.19188e-13 2.62572e-13 1.32791e-13 6.71559e-14 3.39623e-14 1.71754e-14 8.68588e-15 4.39256e-15 2.22135e-15 1.12335e-15 5.68078e-16 2.87275e-16 1.45273e-16 7.34631e-17 3.71492e-17 1.87857e-17 9.49953e-18 4.80367e-18 2.42908e-18 1.22831e-18 6.21111e-19 3.14071e-19 1.58812e-19 8.0304e-20 4.06057e-20 2.05321e-20 1.03819e-20 5.24952e-21 2.65435e-21 1.34213e-21 6.78618e-22 3.43127e-22 1.73493e-22 8.77213e-23 4.43533e-23 2.24256e-23 1.13386e-23 5.73287e-24 2.89856e-24 1.46551e-24 7.40956e-25 3.74623e-25 1.89405e-25 9.57609e-26 4.84152e-26 2.44778e-26 1.23754e-26 6.2567e-27 3.16321e-27 1.59922e-27 8.08509e-28 4.08751e-28 2.06648e-28 1.04472e-28 5.28162e-29 2.67013e-29 1.34987e-29 6.82421e-30 3.44992e-30 1.74407e-30 8.81688e-31 4.45722e-31 2.25326e-31 1.13908e-31 5.75833e-32 2.91096e-32 1.47154e-32 7.43887e-33 3.76044e-33 1.90094e-33 9.60939e-34 4.85759e-34 2.45552e-34 1.24126e-34 6.27453e-35 3.17173e-35 1.60328e-35 8.10439e-36 4.09665e-36 2.07079e-36 1.04674e-36 5.29103e-37 2.67448e-37 1.35188e-37 6.83332e-38 3.45402e-38 1.74588e-38
2.82744e-07 1.85266e-09 9.37081e-10 4.73973e-10 2.39733e-10 1.21254e-10 6.13285e-11 3.10188e-11 1.56886e-11 7.93485e-12 4.0132e-12 2.02973e-12 1.02656e-12 5.19188e-13 2.62581e-13 1.328e-13 6.71627e-14 3.39669e-14 1.71783e-14 8.68762e-15 4.39358e-15 2.22194e-15 1.12368e-15 5.68266e-16 2.8738e-16 1.45331e-16 7.34945e-17 3.71663e-17 1.8795e-17 9.50452e-18 4.80635e-18 2.43051e-18 1.22907e-18 6.21516e-19 3.14286e-19 1.58926e-19 8.03641e-20 4.06374e-20 2.05488e-20 1.03907e-20 5.25411e-21 2.65675e-21 1.34338e-21 6.79274e-22 3.43469e-22 1.73671e-22 8.78143e-23 4.44017e-23 2.24507e-23 1.13517e-23 5.73964e-24 2.90207e-24 1.46733e-24 7.41899e-25 3.75111e-25 1.89658e-25 9.58915e-26 4.84826e-26 2.45126e-26 1.23934e-26 6.26597e-27 3.16799e-27 1.60168e-27 8.09779e-28 4.09406e-28 2.06985e-28 1.04646e-28 5.29055e-29 2.67472e-29 1.35223e-29 6.83634e-30 3.45615e-30 1.74727e-30 8.83332e-31 4.46566e-31 2.25759e-31 1.1413e-31 5.76973e-32 2.9168e-32 1.47454e-32 7.45423e-33 3.76832e-33 1.90498e-33 9.63006e-34 4.86817e-34 2.46094e-34 1.24404e-34 6.28873e-35 3.179e-35 1.607e-35 8.12341e-36 4.10638e-36 2.07576e-36 1.04928e-36 5.30404e-37 2.68113e-37 1.35528e-37 6.85069e-38 3.46289e-38 1.75042e-38 8.84792e-39
1.42566e-07 9.36666e-10 4.7378e-10 2.39643e-10 1.21213e-10 6.13098e-11 3.10104e-11 1.56849e-11 7.93324e-12 4.01252e-12 2.02946e-12 1.02645e-12 5.19153e-13 2.62572e-13 1.328e-13 6.71649e-14 3.39691e-14 1.718e-14 8.68878e-15 4.39431e-15 2.22238e-15 1.12394e-15 5.68416e-16 2.87465e-16 1.45379e-16 7.35212e-17 3.7181e-17 1.8803e-17 9.50888e-18 4.80871e-18 2.43178e-18 1.22975e-18 6.21881e-19 3.14481e-19 1.5903e-19 8.04189e-20 4.06664e-20 2.05641e-20 1.03988e-20 5.25835e-21 2.65898e-21 1.34455e-21 6.79887e-22 3.4379e-22 1.73839e-22 8.79016e-23 4.44472e-23 2.24745e-23 1.1364e-23 5.74606e-24 2.9054e-24 1.46906e-24 7.42796e-25 3.75575e-25 1.89899e-25 9.60161e-26 4.85471e-26 2.45459e-26 1.24106e-26 6.27486e-27 3.17258e-27 1.60405e-27 8.11e-28 4.10035e-28 2.07309e-28 1.04813e-28 5.29915e-29 2.67914e-29 1.35451e-29 6.84805e-30 3.46218e-30 1.75036e-30 8.84922e-31 4.47383e-31 2.26178e-31 1.14346e-31 5.78078e-32 2.92247e-32 1.47745e-32 7.46915e-33 3.77597e-33 1.9089e-33 9.65015e-34 4.87847e-34 2.46621e-34 1.24674e-34 6.30256e-35 3.18608e-35 1.61062e-35 8.14197e-36 4.11587e-36 2.08062e-36 1.05177e-36 5.31675e-37 2.68763e-37 1.3586e-37 6.86767e-38 3.47157e-38 1.75485e-38 8.87058e-39 4.48396e-39
7.18853e-08 4.73554e-10 2.39537e-10 1.21164e-10 6.12869e-11 3.09999e-11 1.56801e-11 7.9311e-12 4.01157e-12 2.02905e-12 1.02628e-12 5.19084e-13 2.62545e-13 1.32791e-13 6.71627e-14 3.39691e-14 1.71806e-14 8.68935e-15 4.39475e-15 2.22268e-15 1.12413e-15 5.68529e-16 2.87531e-16 1.45417e-16 7.3543e-17 3.71933e-17 1.88098e-17 9.51263e-18 4.81076e-18 2.4329e-18 1.23036e-18 6.22206e-19 3.14655e-19 1.59123e-19 8.04686e-20 4.06928e-20 2.05781e-20 1.04062e-20 5.26226e-21 2.66104e-21 1.34563e-21 6.80456e-22 3.44088e-22 1.73995e-22 8.79834e-23 4.44899e-23 2.24967e-23 1.13756e-23 5.75211e-24 2.90855e-24 1.47069e-24 7.43646e-25 3.76016e-25 1.90127e-25 9.61346e-26 4.86085e-26 2.45777e-26 1.24271e-26 6.28336e-27 3.17697e-27 1.60632e-27 8.12171e-28 4.1064e-28 2.07621e-28 1.04973e-28 5.30742e-29 2.6834e-29 1.35671e-29 6.85935e-30 3.46799e-30 1.75335e-30 8.86459e-31 4.48173e-31 2.26584e-31 1.14554e-31 5.79149e-32 2.92797e-32 1.48027e-32 7.48363e-33 3.78339e-33 1.9127e-33 9.66968e-34 4.88848e-34 2.47134e-34 1.24937e-34 6.31603e-35 3.19298e-35 1.61416e-35 8.16005e-36 4.12513e-36 2.08535e-36 1.05419e-36 5.32914e-37 2.69397e-37 1.36184e-37 6.88425e-38 3.48005e-38 1.75918e-38 8.89273e-39 4.49528e-39 2.27235e-39
3.62463e-08 2.39415e-10 1.21106e-10 6.12599e-11 3.09873e-11 1.56743e-11 7.92842e-12 4.01036e-12 2.0285e-12 1.02604e-12 5.18979e-13 2.62501e-13 1.32773e-13 6.71559e-14 3.39669e-14 1.718e-14 8.68935e-15 4.39489e-15 2.22283e-15 1.12424e-15 5.68604e-16 2.87579e-16 1.45446e-16 7.35599e-17 3.7203e-17 1.88154e-17 9.51575e-18 4.81249e-18 2.43385e-18 1.23088e-18 6.2249e-19 3.14809e-19 1.59206e-19 8.0513e-20 4.07166e-20 2.05908e-20 1.04129e-20 5.26583e-21 2.66293e-21 1.34663e-21 6.80982e-22 3.44365e-22 1.7414e-22 8.80595e-23 4.45298e-23 2.25176e-23 1.13865e-23 5.75779e-24 2.91151e-24 1.47224e-24 7.44449e-25 3.76434e-25 1.90344e-25 9.62472e-26 4.86669e-26 2.4608e-26 1.24427e-26 6.29148e-27 3.18117e-27 1.60849e-27 8.13292e-28 4.11219e-28 2.0792e-28 1.05127e-28 5.31538e-29 2.6875e-29 1.35882e-29 6.87023e-30 3.47359e-30 1.75624e-30 8.87943e-31 4.48936e-31 2.26976e-31 1.14756e-31 5.80185e-32 2.93329e-32 1.483e-32 7.49766e-33 3.79059e-33 1.9164e-33 9.68864e-34 4.8982e-34 2.47633e-34 1.25192e-34 6.32912e-35 3.19969e-35 1.61759e-35 8.17765e-36 4.13414e-36 2.08997e-36 1.05655e-36 5.34124e-37 2.70016e-37 1.365e-37 6.90044e-38 3.48833e-38 1.76342e-38 8.91438e-39 4.50635e-39 2.27801e-39 1.15155e-39
1.82762e-08 1.2104e-10 6.12287e-11 3.09726e-11 1.56674e-11 7.92521e-12 4.00887e-12 2.02782e-12 1.02573e-12 5.1884e-13 2.6244e-13 1.32746e-13 6.71447e-14 3.39623e-14 1.71783e-14 8.68878e-15 4.39475e-15 2.22283e-15 1.12428e-15 5.68642e-16 2.87607e-16 1.45465e-16 7.35721e-17 3.72104e-17 1.88197e-17 9.51824e-18 4.81391e-18 2.43465e-18 1.23132e-18 6.22734e-19 3.14942e-19 1.59278e-19 8.05523e-20 4.07377e-20 2.06021e-20 1.0419e-20 5.26906e-21 2.66465e-21 1.34754e-21 6.81463e-22 3.44619e-22 1.74274e-22 8.81301e-23 4.45668e-23 2.2537e-23 1.13967e-23 5.76311e-24 2.91429e-24 1.47369e-24 7.45205e-25 3.76828e-25 1.90549e-25 9.63537e-26 4.87222e-26 2.46367e-26 1.24576e-26 6.2992e-27 3.18517e-27 1.61056e-27 8.14363e-28 4.11772e-28 2.08206e-28 1.05275e-28 5.323e-29 2.69144e-29 1.36085e-29 6.88069e-30 3.47898e-30 1.75901e-30 8.89372e-31 4.49672e-31 2.27355e-31 1.14951e-31 5.81186e-32 2.93844e-32 1.48565e-32 7.51125e-33 3.79757e-33 1.91998e-33 9.70702e-34 4.90763e-34 2.48117e-34 1.2544e-34 6.34185e-35 3.20621e-35 1.62094e-35 8.19478e-36 4.14292e-36 2.09446e-36 1.05886e-36 5.35302e-37 2.70619e-37 1.36809e-37 6.91624e-38 3.49641e-38 1.76755e-38 8.93552e-39 4.51716e-39 2.28354e-39 1.15438e-39 5.83563e-40
9.21532e-09 6.11934e-11 3.09558e-11 1.56594e-11 7.92146e-12 4.00711e-12 2.027e-12 1.02535e-12 5.18665e-13 2.62361e-13 1.32711e-13 6.7129e-14 3.39555e-14 1.71754e-14 8.68762e-15 4.39431e-15 2.22268e-15 1.12424e-15 5.68642e-16 2.87617e-16 1.45475e-16 7.35793e-17 3.72153e-17 1.88228e-17 9.52012e-18 4.81502e-18 2.43528e-18 1.23168e-18 6.22937e-19 3.15055e-19 1.5934e-19 8.05863e-20 4.07562e-20 2.06121e-20 1.04243e-20 5.27196e-21 2.66619e-21 1.34837e-21 6.81902e-22 3.44852e-22 1.74397e-22 8.8195e-23 4.46011e-23 2.2555e-23 1.14061e-23 5.76807e-24 2.91689e-24 1.47505e-24 7.45915e-25 3.77198e-25 1.90742e-25 9.64542e-26 4.87745e-26 2.46639e-26 1.24717e-26 6.30653e-27 3.18897e-27 1.61253e-27 8.15384e-28 4.123e-28 2.08479e-28 1.05417e-28 5.33031e-29 2.69521e-29 1.3628e-29 6.89074e-30 3.48416e-30 1.76168e-30 8.90748e-31 4.5038e-31 2.2772e-31 1.15138e-31 5.82153e-32 2.94341e-32 1.4882e-32 7.52438e-33 3.80432e-33 1.92345e-33 9.72483e-34 4.91678e-34 2.48586e-34 1.25681e-34 6.3542e-35 3.21255e-35 1.62418e-35 8.21143e-36 4.15145e-36 2.09884e-36 1.0611e-36 5.36449e-37 2.71207e-37 1.3711e-37 6.93164e-38 3.50429e-38 1.77158e-38 8.95615e-39 4.52771e-39 2.28894e-39 1.15714e-39 5.84974e-40 2.95722e-40
4.64658e-09 3.09369e-11 1.56504e-11 7.91718e-12 4.00508e-12 2.02604e-12 1.0249e-12 5.18456e-13 2.62264e-13 1.32666e-13 6.71088e-14 3.39465e-14 1.71714e-14 8.68588e-15 4.39358e-15 2.22238e-15 1.12413e-15 5.68604e-16 2.87607e-16 1.45475e-16 7.35817e-17 3.72177e-17 1.88246e-17 9.52136e-18 4.8158e-18 2.43576e-18 1.23196e-18 6.23099e-19 3.15147e-19 1.59392e-19 8.0615e-20 4.0772e-20 2.06208e-20 1.04291e-20 5.27451e-21 2.66757e-21 1.34911e-21 6.82296e-22 3.45062e-22 1.74509e-22 8.82543e-23 4.46324e-23 2.25716e-23 1.14149e-23 5.77266e-24 2.9193e-24 1.47631e-24 7.46577e-25 3.77545e-25 1.90923e-25 9.65487e-26 4.88237e-26 2.46895e-26 1.24851e-26 6.31346e-27 3.19257e-27 1.6144e-27 8.16354e-28 4.12803e-28 2.0874e-28 1.05551e-28 5.33728e-29 2.69882e-29 1.36466e-29 6.90036e-30 3.48913e-30 1.76425e-30 8.92071e-31 4.51062e-31 2.28071e-31 1.15319e-31 5.83084e-32 2.94821e-32 1.49067e-32 7.53707e-33 3.81085e-33 1.9268e-33 9.74206e-34 4.92563e-34 2.4904e-34 1.25914e-34 6.36618e-35 3.21869e-35 1.62734e-35 8.22761e-36 4.15974e-36 2.10309e-36 1.06328e-36 5.37566e-37 2.71778e-37 1.37403e-37 6.94664e-38 3.51197e-38 1.77552e-38 8.97628e-39 4.53801e-39 2.2942e-39 1.15984e-39 5.86352e-40 2.96427e-40 1.49856e-40
2.34292e-09 1.56403e-11 7.91236e-12 4.00278e-12 2.02495e-12 1.02438e-12 5.18213e-13 2.62149e-13 1.32613e-13 6.70841e-14 3.39351e-14 1.71663e-14 8.68357e-15 4.39256e-15 2.22194e-15 1.12394e-15 5.68529e-16 2.87579e-16 1.45465e-16 7.35793e-17 3.72177e-17 1.88252e-17 9.52199e-18 4.81628e-18 2.43608e-18 1.23216e-18 6.23221e-19 3.15219e-19 1.59433e-19 8.06386e-20 4.07852e-20 2.06281e-20 1.04331e-20 5.27672e-21 2.66877e-21 1.34976e-21 6.82647e-22 3.4525e-22 1.7461e-22 8.8308e-23 4.4661e-23 2.25867e-23 1.14229e-23 5.77689e-24 2.92153e-24 1.47748e-24 7.47193e-25 3.77867e-25 1.91092e-25 9.66371e-26 4.88699e-26 2.47136e-26 1.24977e-26 6.32001e-27 3.19598e-27 1.61617e-27 8.17274e-28 4.13281e-28 2.08987e-28 1.0568e-28 5.34393e-29 2.70226e-29 1.36644e-29 6.90956e-30 3.49388e-30 1.7667e-30 8.93338e-31 4.51716e-31 2.28409e-31 1.15493e-31 5.83981e-32 2.95282e-32 1.49305e-32 7.54931e-33 3.81714e-33 1.93004e-33 9.75871e-34 4.93419e-34 2.4948e-34 1.2614e-34 6.37778e-35 3.22465e-35 1.6304e-35 8.2433e-36 4.16779e-36 2.10722e-36 1.06539e-36 5.38651e-37 2.72335e-37 1.37688e-37 6.96124e-38 3.51945e-38 1.77935e-38 8.99589e-39 4.54805e-39 2.29934e-39 1.16246e-39 5.87697e-40 2.97115e-40 1.50208e-40 7.59383e-41
1.18136e-09 7.90701e-12 4.00022e-12 2.02372e-12 1.0238e-12 5.17934e-13 2.62018e-13 1.32551e-13 6.7055e-14 3.39215e-14 1.716e-14 8.68068e-15 4.39124e-15 2.22135e-15 1.12368e-15 5.68416e-16 2.87531e-16 1.45446e-16 7.35721e-17 3.72153e-17 1.88246e-17 9.52199e-18 4.81643e-18 2.43624e-18 1.23229e-18 6.23302e-19 3.1527e-19 1.59464e-19 8.06569e-20 4.07958e-20 2.06341e-20 1.04365e-20 5.2786e-21 2.6698e-21 1.35032e-21 6.82954e-22 3.45416e-22 1.74699e-22 8.8356e-23 4.46866e-23 2.26004e-23 1.14301e-23 5.78075e-24 2.92357e-24 1.47856e-24 7.47761e-25 3.78166e-25 1.91249e-25 9.67195e-26 4.89131e-26 2.47362e-26 1.25094e-26 6.32616e-27 3.19919e-27 1.61784e-27 8.18143e-28 4.13732e-28 2.09222e-28 1.05801e-28 5.35024e-29 2.70553e-29 1.36813e-29 6.91835e-30 3.49843e-30 1.76905e-30 8.94552e-31 4.52343e-31 2.28732e-31 1.1566e-31 5.84842e-32 2.95726e-32 1.49534e-32 7.5611e-33 3.82321e-33 1.93317e-33 9.77478e-34 4.94245e-34 2.49905e-34 1.26359e-34 6.38901e-35 3.23042e-35 1.63336e-35 8.25851e-36 4.1756e-36 2.11122e-36 1.06745e-36 5.39705e-37 2.72875e-37 1.37965e-37 6.97544e-38 3.52673e-38 1.78307e-38 9.01498e-39 4.55782e-39 2.30435e-39 1.16503e-39 5.89009e-40 2.97787e-40 1.50552e-40 7.6114e-41 3.84805e-41
5.95667e-10 3.99738e-12 2.02236e-12 1.02314e-12 5.17621e-13 2.61868e-13 1.3248e-13 6.70213e-14 3.39057e-14 1.71525e-14 8.67721e-15 4.38964e-15 2.22061e-15 1.12335e-15 5.68266e-16 2.87465e-16 1.45417e-16 7.35599e-17 3.72104e-17 1.88228e-17 9.52136e-18 4.81628e-18 2.43624e-18 1.23233e-18 6.23343e-19 3.15301e-19 1.59485e-19 8.067e-20 4.08038e-20 2.06388e-20 1.04392e-20 5.28013e-21 2.67066e-21 1.3508e-21 6.83218e-22 3.4556e-22 1.74778e-22 8.83984e-23 4.47095e-23 2.26127e-23 1.14367e-23 5.78424e-24 2.92543e-24 1.47955e-24 7.48282e-25 3.78442e-25 1.91394e-25 9.67958e-26 4.89531e-26 2.47572e-26 1.25205e-26 6.33192e-27 3.20219e-27 1.61941e-27 8.18961e-28 4.14159e-28 2.09444e-28 1.05917e-28 5.35623e-29 2.70864e-29 1.36975e-29 6.9267e-30 3.50276e-30 1.77129e-30 8.95712e-31 4.52943e-31 2.29042e-31 1.1582e-31 5.85668e-32 2.96153e-32 1.49753e-32 7.57243e-33 3.82905e-33 1.93617e-33 9.79027e-34 4.95043e-34 2.50316e-34 1.2657e-34 6.39986e-35 3.236e-35 1.63622e-35 8.27323e-36 4.18316e-36 2.11511e-36 1.06944e-36 5.40728e-37 2.734e-37 1.38234e-37 6.98924e-38 3.5338e-38 1.7867e-38 9.03356e-39 4.56734e-39 2.30922e-39 1.16752e-39 5.90287e-40 2.98441e-40 1.50887e-40 7.62854e-41 3.85682e-41 1.94991e-41
3.0035e-10 2.02086e-12 1.02242e-12 5.17273e-13 2.61701e-13 1.324e-13 6.69832e-14 3.38876e-14 1.7144e-14 8.67317e-15 4.38774e-15 2.21973e-15 1.12294e-15 5.68078e-16 2.8738e-16 1.45379e-16 7.3543e-17 3.7203e-17 1.88197e-17 9.52012e-18 4.8158e-18 2.43608e-18 1.23229e-18 6.23343e-19 3.15311e-19 1.59496e-19 8.06778e-20 4.0809e-20 2.06422e-20 1.04412e-20 5.28132e-21 2.67135e-21 1.35119e-21 6.83437e-22 3.45682e-22 1.74845e-22 8.84351e-23 4.47295e-23 2.26235e-23 1.14425e-23 5.78737e-24 2.9271e-24 1.48044e-24 7.48756e-25 3.78693e-25 1.91527e-25 9.6866e-26 4.89902e-26 2.47767e-26 1.25307e-26 6.33728e-27 3.205e-27 1.62088e-27 8.19729e-28 4.14559e-28 2.09652e-28 1.06026e-28 5.36189e-29 2.71158e-29 1.37128e-29 6.93464e-30 3.50687e-30 1.77343e-30 8.96817e-31 4.53515e-31 2.29338e-31 1.15973e-31 5.86459e-32 2.96561e-32 1.49964e-32 7.58331e-33 3.83466e-33 1.93907e-33 9.80518e-34 4.95811e-34 2.50711e-34 1.26773e-34 6.41034e-35 3.24138e-35 1.63899e-35 8.28747e-36 4.19048e-36 2.11886e-36 1.07137e-36 5.41719e-37 2.73909e-37 1.38495e-37 7.00263e-38 3.54067e-38 1.79022e-38 9.05162e-39 4.5766e-39 2.31397e-39 1.16995e-39 5.91532e-40 2.99078e-40 1.51213e-40 7.64525e-41 3.86537e-41 1.95429e-41 9.88061e-42
1.51443e-10 1.02163e-12 5.1689e-13 2.61517e-13 1.32311e-13 6.69406e-14 3.38672e-14 1.71342e-14 8.66855e-15 4.38555e-15 2.2187e-15 1.12245e-15 5.67852e-16 2.87275e-16 1.45331e-16 7.35212e-17 3.71933e-17 1.88154e-17 9.51824e-18 4.81502e-18 2.43576e-18 1.23216e-18 6.23302e-19 3.15301e-19 1.59496e-19 8.06805e-20 4.08117e-20 2.06442e-20 1.04426e-20 5.28217e-21 2.67187e-21 1.35149e-21 6.83613e-22 3.45782e-22 1.74901e-22 8.84662e-23 4.47466e-23 2.26329e-23 1.14476e-23 5.79013e-24 2.92859e-24 1.48124e-24 7.49183e-25 3.7892e-25 1.91648e-25 9.69301e-26 4.90241e-26 2.47946e-26 1.25401e-26 6.34225e-27 3.20761e-27 1.62225e-27 8.20445e-28 4.14934e-28 2.09848e-28 1.06128e-28 5.36722e-29 2.71436e-29 1.37272e-29 6.94215e-30 3.51077e-30 1.77545e-30 8.97867e-31 4.54059e-31 2.2962e-31 1.16119e-31 5.87214e-32 2.96951e-32 1.50166e-32 7.59373e-33 3.84004e-33 1.94184e-33 9.81951e-34 4.96549e-34 2.51092e-34 1.2697e-34 6.42043e-35 3.24658e-35 1.64167e-35 8.30122e-36 4.19755e-36 2.1225e-36 1.07324e-36 5.42679e-37 2.74401e-37 1.38748e-37 7.01562e-38 3.54734e-38 1.79364e-38 9.06916e-39 4.58559e-39 2.31858e-39 1.17232e-39 5.92743e-40 2.99699e-40 1.51531e-40 7.66153e-41 3.87371e-41 1.95856e-41 9.90245e-42 5.00665e-42
7.63614e-11 5.16473e-13 2.61315e-13 1.32214e-13 6.68936e-14 3.38446e-14 1.71234e-14 8.66335e-15 4.38307e-15 2.21752e-15 1.1219e-15 5.67589e-16 2.87152e-16 1.45273e-16 7.34945e-17 3.7181e-17 1.88098e-17 9.51575e-18 4.81391e-18 2.43528e-18 1.23196e-18 6.23221e-19 3.1527e-19 1.59485e-19 8.06778e-20 4.08117e-20 2.06448e-20 1.04432e-20 5.28268e-21 2.67221e-21 1.35171e-21 6.83744e-22 3.4586e-22 1.74946e-22 8.84917e-23 4.47609e-23 2.26408e-23 1.1452e-23 5.79252e-24 2.92989e-24 1.48194e-24 7.49562e-25 3.79124e-25 1.91757e-25 9.69882e-26 4.90549e-26 2.4811e-26 1.25488e-26 6.34682e-27 3.21002e-27 1.62352e-27 8.21111e-28 4.15283e-28 2.10031e-28 1.06223e-28 5.37222e-29 2.71697e-29 1.37408e-29 6.94923e-30 3.51446e-30 1.77737e-30 8.98863e-31 4.54576e-31 2.29888e-31 1.16258e-31 5.87934e-32 2.97324e-32 1.50359e-32 7.6037e-33 3.8452e-33 1.9445e-33 9.83324e-34 4.97258e-34 2.51457e-34 1.27158e-34 6.43014e-35 3.25158e-35 1.64424e-35 8.31449e-36 4.20438e-36 2.12601e-36 1.07504e-36 5.43607e-37 2.74878e-37 1.38993e-37 7.02821e-38 3.5538e-38 1.79696e-38 9.08618e-39 4.59432e-39 2.32306e-39 1.17461e-39 5.9392e-40 3.00302e-40 1.5184e-40 7.67737e-41 3.88182e-41 1.96271e-41 9.92373e-42 5.01754e-42 2.53691e-42
3.85032e-11 2.61095e-13 1.32107e-13 6.68421e-14 3.38197e-14 1.71114e-14 8.65758e-15 4.3803e-15 2.21619e-15 1.12126e-15 5.67288e-16 2.87009e-16 1.45206e-16 7.34631e-17 3.71663e-17 1.8803e-17 9.51263e-18 4.81249e-18 2.43465e-18 1.23168e-18 6.23099e-19 3.15219e-19 1.59464e-19 8.067e-20 4.0809e-20 2.06442e-20 1.04432e-20 5.28285e-21 2.67238e-21 1.35184e-21 6.83832e-22 3.45915e-22 1.74979e-22 8.85115e-23 4.47723e-23 2.26473e-23 1.14556e-23 5.79455e-24 2.931e-24 1.48255e-24 7.49894e-25 3.79304e-25 1.91854e-25 9.70401e-26 4.90827e-26 2.48258e-26 1.25567e-26 6.351e-27 3.21223e-27 1.62468e-27 8.21726e-28 4.15607e-28 2.10201e-28 1.06313e-28 5.37689e-29 2.71941e-29 1.37536e-29 6.95589e-30 3.51793e-30 1.77918e-30 8.99804e-31 4.55065e-31 2.30142e-31 1.1639e-31 5.88618e-32 2.97679e-32 1.50543e-32 7.61321e-33 3.85012e-33 1.94705e-33 9.84639e-34 4.97937e-34 2.51808e-34 1.27339e-34 6.43948e-35 3.2564e-35 1.64672e-35 8.32726e-36 4.21096e-36 2.1294e-36 1.07679e-36 5.44503e-37 2.75339e-37 1.3923e-37 7.04038e-38 3.56005e-38 1.80017e-38 9.10267e-39 4.60279e-39 2.3274e-39 1.17684e-39 5.95064e-40 3.00889e-40 1.52141e-40 7.69278e-41 3.88972e-41 1.96676e-41 9.94445e-42 5.02815e-42 2.54234e-42 1.28545e-42
1.94142e-11 1.31992e-13 6.67861e-14 3.37925e-14 1.70982e-14 8.65123e-15 4.37724e-15 2.21472e-15 1.12056e-15 5.6695e-16 2.86848e-16 1.45129e-16 7.34268e-17 3.71492e-17 1.8795e-17 9.50888e-18 4.81076e-18 2.43385e-18 1.23132e-18 6.22937e-19 3.15147e-19 1.59433e-19 8.06569e-20 4.08038e-20 2.06422e-20 1.04426e-20 5.28268e-21 2.67238e-21 1.35189e-21 6.83876e-22 3.45948e-22 1.75002e-22 8.85256e-23 4.47809e-23 2.26523e-23 1.14586e-23 5.79621e-24 2.93193e-24 1.48307e-24 7.50179e-25 3.79459e-25 1.91939e-25 9.7086e-26 4.91074e-26 2.4839e-26 1.25637e-26 6.35478e-27 3.21424e-27 1.62575e-27 8.2229e-28 4.15905e-28 2.10358e-28 1.06395e-28 5.38123e-29 2.72169e-29 1.37655e-29 6.96212e-30 3.52119e-30 1.78088e-30 9.0069e-31 4.55527e-31 2.30382e-31 1.16515e-31 5.89267e-32 2.98016e-32 1.50717e-32 7.62227e-33 3.85481e-33 1.94948e-33 9.85895e-34 4.98587e-34 2.52144e-34 1.27512e-34 6.44843e-35 3.26101e-35 1.64911e-35 8.33954e-36 4.21729e-36 2.13266e-36 1.07847e-36 5.45367e-37 2.75784e-37 1.39459e-37 7.05215e-38 3.5661e-38 1.80328e-38 9.11864e-39 4.61099e-39 2.33161e-39 1.17901e-39 5.96173e-40 3.01458e-40 1.52433e-40 7.70775e-41 3.89739e-41 1.97069e-41 9.96461e-42 5.03848e-42 2.54763e-42 1.28816e-42 6.51333e-43
9.78913e-12 6.67257e-14 3.37631e-14 1.7084e-14 8.64431e-15 4.37389e-15 2.2131e-15 1.11978e-15 5.66575e-16 2.86668e-16 1.45043e-16 7.33856e-17 3.71297e-17 1.87857e-17 9.50452e-18 4.80871e-18 2.4329e-18 1.23088e-18 6.22734e-19 3.15055e-19 1.59392e-19 8.06386e-20 4.07958e-20 2.06388e-20 1.04412e-20 5.28217e-21 2.67221e-21 1.35184e-21 6.83876e-22 3.45959e-22 1.75013e-22 8.85341e-23 4.47866e-23 2.2656e-23 1.14607e-23 5.79749e-24 2.93268e-24 1.48349e-24 7.50416e-25 3.79591e-25 1.92011e-25 9.71257e-26 4.91291e-26 2.48507e-26 1.25701e-26 6.35816e-27 3.21605e-27 1.62671e-27 8.22803e-28 4.16177e-28 2.10502e-28 1.06471e-28 5.38523e-29 2.72379e-29 1.37765e-29 6.96793e-30 3.52423e-30 1.78247e-30 9.01521e-31 4.5596e-31 2.30609e-31 1.16633e-31 5.8988e-32 2.98334e-32 1.50883e-32 7.63086e-33 3.85926e-33 1.95179e-33 9.87092e-34 4.99206e-34 2.52464e-34 1.27678e-34 6.457e-35 3.26544e-35 1.65139e-35 8.35134e-36 4.22337e-36 2.13579e-36 1.08008e-36 5.462e-37 2.76213e-37 1.3968e-37 7.0635e-38 3.57194e-38 1.80628e-38 9.13408e-39 4.61893e-39 2.33569e-39 1.1811e-39 5.97249e-40 3.0201e-40 1.52716e-40 7.72228e-41 3.90485e-41 1.97451e-41 9.98421e-42 5.04853e-42 2.55278e-42 1.2908e-42 6.52684e-43 3.30023e-43
4.93591e-12 3.37315e-14 1.70686e-14 8.63681e-15 4.37025e-15 2.21134e-15 1.11892e-15 5.66162e-16 2.86469e-16 1.44947e-16 7.33396e-17 3.71077e-17 1.87752e-17 9.49953e-18 4.80635e-18 2.43178e-18 1.23036e-18 6.2249e-19 3.14942e-19 1.5934e-19 8.0615e-20 4.07852e-20 2.06341e-20 1.04392e-20 5.28132e-21 2.67187e-21 1.35171e-21 6.83832e-22 3.45948e-22 1.75013e-22 8.85369e-23 4.47895e-23 2.26581e-23 1.14622e-23 5.79842e-24 2.93324e-24 1.48382e-24 7.50606e-25 3.79699e-25 1.92072e-25 9.71594e-26 4.91476e-26 2.48609e-26 1.25756e-26 6.36115e-27 3.21766e-27 1.62758e-27 8.23265e-28 4.16423e-28 2.10633e-28 1.06541e-28 5.38891e-29 2.72573e-29 1.37868e-29 6.97331e-30 3.52705e-30 1.78395e-30 9.02297e-31 4.56366e-31 2.30821e-31 1.16744e-31 5.90457e-32 2.98635e-32 1.51039e-32 7.639e-33 3.86349e-33 1.95398e-33 9.8823e-34 4.99796e-34 2.5277e-34 1.27836e-34 6.46518e-35 3.26967e-35 1.65358e-35 8.36263e-36 4.2292e-36 2.1388e-36 1.08163e-36 5.47001e-37 2.76625e-37 1.39892e-37 7.07445e-38 3.57758e-38 1.80918e-38 9.149e-39 4.6266e-39 2.33963e-39 1.18313e-39 5.9829e-40 3.02545e-40 1.52991e-40 7.73638e-41 3.91208e-41 1.97823e-41 1.00032e-41 5.05829e-42 2.55778e-42 1.29337e-42 6.53999e-43 3.30697e-43 1.67217e-43
2.4888e-12 1.7052e-14 8.62874e-15 4.36632e-15 2.20943e-15 1.11799e-15 5.65711e-16 2.86251e-16 1.44842e-16 7.32888e-17 3.70832e-17 1.87635e-17 9.49391e-18 4.80367e-18 2.43051e-18 1.22975e-18 6.22206e-19 3.14809e-19 1.59278e-19 8.05863e-20 4.0772e-20 2.06281e-20 1.04365e-20 5.28013e-21 2.67135e-21 1.35149e-21 6.83744e-22 3.45915e-22 1.75002e-22 8.85341e-23 4.47895e-23 2.26588e-23 1.14629e-23 5.79897e-24 2.93361e-24 1.48405e-24 7.50748e-25 3.79783e-25 1.9212e-25 9.71869e-26 4.9163e-26 2.48695e-26 1.25803e-26 6.36373e-27 3.21907e-27 1.62834e-27 8.23675e-28 4.16643e-28 2.10751e-28 1.06603e-28 5.39225e-29 2.7275e-29 1.37961e-29 6.97826e-30 3.52966e-30 1.78532e-30 9.03018e-31 4.56745e-31 2.31019e-31 1.16847e-31 5.90998e-32 2.98917e-32 1.51187e-32 7.64667e-33 3.86748e-33 1.95606e-33 9.89309e-34 5.00356e-34 2.5306e-34 1.27987e-34 6.47298e-35 3.27371e-35 1.65567e-35 8.37344e-36 4.23479e-36 2.14169e-36 1.08312e-36 5.47769e-37 2.77022e-37 1.40097e-37 7.08498e-38 3.583e-38 1.81198e-38 9.16339e-39 4.634e-39 2.34344e-39 1.18508e-39 5.99296e-40 3.03062e-40 1.53256e-40 7.75003e-41 3.91909e-41 1.98182e-41 1.00217e-41 5.06777e-42 2.56265e-42 1.29586e-42 6.55277e-43 3.31352e-43 1.67553e-43 8.47248e-44
1.25491e-12 8.6201e-15 4.3621e-15 2.20737e-15 1.11699e-15 5.65224e-16 2.86014e-16 1.44727e-16 7.32332e-17 3.70564e-17 1.87505e-17 9.48768e-18 4.80068e-18 2.42908e-18 1.22907e-18 6.21881e-19 3.14655e-19 1.59206e-19 8.05523e-20 4.07562e-20 2.06208e-20 1.04331e-20 5.2786e-21 2.67066e-21 1.35119e-21 6.83613e-22 3.4586e-22 1.74979e-22 8.85256e-23 4.47866e-23 2.26581e-23 1.14629e-23 5.79915e-24 2.93379e-24 1.4842e-24 7.50843e-25 3.79843e-25 1.92157e-25 9.72083e-26 4.91754e-26 2.48765e-26 1.25842e-26 6.36593e-27 3.22027e-27 1.629e-27 8.24035e-28 4.16838e-28 2.10856e-28 1.0666e-28 5.39525e-29 2.72911e-29 1.38047e-29 6.98278e-30 3.53205e-30 1.78658e-30 9.03684e-31 4.57095e-31 2.31203e-31 1.16944e-31 5.91504e-32 2.99182e-32 1.51325e-32 7.65388e-33 3.87124e-33 1.95802e-33 9.90328e-34 5.00886e-34 2.53336e-34 1.2813e-34 6.4804e-35 3.27756e-35 1.65766e-35 8.38375e-36 4.24012e-36 2.14445e-36 1.08455e-36 5.48505e-37 2.77402e-37 1.40293e-37 7.0951e-38 3.58822e-38 1.81467e-38 9.17724e-39 4.64114e-39 2.34711e-39 1.18697e-39 6.00269e-40 3.03562e-40 1.53513e-40 7.76324e-41 3.92588e-41 1.98531e-41 1.00396e-41 5.07695e-42 2.56736e-42 1.29828e-42 6.56518e-43 3.31988e-43 1.67879e-43 8.48921e-44 4.29275e-44
