0.999219 9.75582e-05 7.31557e-05 5.48607e-05 4.11436e-05 3.08583e-05 2.31456e-05 1.73618e-05 1.30241e-05 9.77083e-06 7.33064e-06 5.50022e-06 4.12712e-06 3.09701e-06 2.32415e-06 1.74428e-06 1.30917e-06 9.82655e-07 7.37625e-07 5.53729e-07 4.15706e-07 3.12105e-07 2.34337e-07 1.75955e-07 1.32123e-07 9.92123e-08 7.44977e-08 5.59346e-08 4.19879e-08 3.15045e-08 2.36648e-08
9.75582e-05 2.65273e-08 1.98938e-08 1.49202e-08 1.11909e-08 8.39443e-09 6.29725e-09 4.72437e-09 3.54463e-09 2.65969e-09 1.99583e-09 1.49777e-09 1.12409e-09 8.43682e-10 6.33255e-10 4.75324e-10 3.56774e-10 2.67769e-10 2.00925e-10 1.50702e-10 1.12938e-10 8.45074e-11 6.30566e-11 4.68116e-11 3.44298e-11 2.48887e-11 1.74011e-11 1.13503e-11 6.23877e-12 1.6473e-12 1.23662e-12
7.31557e-05 1.98938e-08 1.4919e-08 1.11892e-08 8.39244e-09 6.29526e-09 4.72251e-09 3.54295e-09 2.65822e-09 1.99457e-09 1.49672e-09 1.1232e-09 8.42956e-10 6.32661e-10 4.74841e-10 3.56385e-10 2.67456e-10 2.00675e-10 1.50503e-10 1.1278e-10 8.43829e-11 6.29587e-11 4.67351e-11 3.43705e-11 2.48433e-11 1.73672e-11 1.13259e-11 6.22262e-12 1.63875e-12 1.22917e-12 9.22741e-13
5.48607e-05 1.49202e-08 1.11892e-08 8.39178e-09 6.29427e-09 4.72139e-09 3.54184e-09 2.65718e-09 1.99363e-09 1.49589e-09 1.1225e-09 8.42361e-10 6.32166e-10 4.74433e-10 3.56051e-10 2.67185e-10 2.00456e-10 1.50327e-10 1.1264e-10 8.42715e-11 6.28707e-11 4.66659e-11 3.43166e-11 2.48018e-11 1.73359e-11 1.13032e-11 6.2074e-12 1.63038e-12 1.22303e-12 9.17357e-13 6.88664e-13
4.11436e-05 1.11909e-08 8.39244e-09 6.29427e-09 4.72102e-09 3.54128e-09 2.65655e-09 1.993e-09 1.49531e-09 1.12197e-09 8.41899e-10 6.3177e-10 4.74099e-10 3.55773e-10 2.66956e-10 2.00269e-10 1.50175e-10 1.12518e-10 8.41732e-11 6.27923e-11 4.66039e-11 3.4268e-11 2.47642e-11 1.73073e-11 1.12823e-11 6.19326e-12 1.62243e-12 1.21702e-12 9.12953e-13 6.84778e-13 5.14069e-13
3.08583e-05 8.39443e-09 6.29526e-09 4.72139e-09 3.54128e-09 2.65634e-09 1.99269e-09 1.49495e-09 1.12162e-09 8.41569e-10 6.31473e-10 4.7384e-10 3.5555e-10 2.66768e-10 2.00113e-10 1.50046e-10 1.12412e-10 8.4088e-11 6.27238e-11 4.65493e-11 3.42248e-11 2.47305e-11 1.72816e-11 1.12634e-11 6.18032e-12 1.61505e-12 1.21133e-12 9.08651e-13 6.81628e-13 5.11269e-13 3.83816e-13
2.31456e-05 6.29725e-09 4.72251e-09 3.54184e-09 2.65655e-09 1.99269e-09 1.49484e-09 1.12144e-09 8.41371e-10 6.31275e-10 4.73654e-10 3.55384e-10 2.66622e-10 1.99988e-10 1.49941e-10 1.12325e-10 8.40159e-11 6.2665e-11 4.65018e-11 3.41869e-11 2.47007e-11 1.72587e-11 1.12464e-11 6.16862e-12 1.6083e-12 1.20607e-12 9.04588e-13 6.78554e-13 5.09021e-13 3.81802e-13 2.86624e-13
1.73618e-05 4.72437e-09 3.54295e-09 2.65718e-09 1.993e-09 1.49495e-09 1.12144e-09 8.41305e-10 6.31176e-10 4.73543e-10 3.55272e-10 2.66518e-10 1.99894e-10 1.49859e-10 1.12255e-10 8.39569e-11 6.26161e-11 4.64617e-11 3.41545e-11 2.46749e-11 1.72386e-11 1.12314e-11 6.15819e-12 1.60222e-12 1.20127e-12 9.00841e-13 6.75659e-13 5.0683e-13 3.80201e-13 2.85179e-13 2.14089e-13
1.30241e-05 3.54463e-09 2.65822e-09 1.99363e-09 1.49531e-09 1.12162e-09 8.41371e-10 6.31176e-10 4.73506e-10 3.55217e-10 2.66455e-10 1.99831e-10 1.49801e-10 1.12202e-10 8.3911e-11 6.25769e-11 4.64289e-11 3.41274e-11 2.46531e-11 1.72214e-11 1.12184e-11 6.14906e-12 1.59684e-12 1.19699e-12 8.9745e-13 6.73002e-13 5.04773e-13 3.78644e-13 2.84043e-13 2.13053e-13 1.59943e-13
9.77083e-06 2.65969e-09 1.99457e-09 1.49589e-09 1.12197e-09 8.41569e-10 6.31275e-10 4.73543e-10 3.55217e-10 2.66435e-10 1.998e-10 1.49766e-10 1.12167e-10 8.38782e-11 6.25475e-11 4.64034e-11 3.41058e-11 2.46352e-11 1.72071e-11 1.12074e-11 6.14122e-12 1.59216e-12 1.19322e-12 8.94438e-13 6.70611e-13 5.02894e-13 3.77187e-13 2.82939e-13 2.12249e-13 1.59202e-13 1.19517e-13
7.33064e-06 1.99583e-09 1.49672e-09 1.1225e-09 8.41899e-10 6.31473e-10 4.73654e-10 3.55272e-10 2.66455e-10 1.998e-10 1.49754e-10 1.1215e-10 8.38585e-11 6.25279e-11 4.63851e-11 3.40896e-11 2.46213e-11 1.71956e-11 1.11984e-11 6.13468e-12 1.5882e-12 1.18999e-12 8.91818e-13 6.68505e-13 5.01216e-13 3.75864e-13 2.81911e-13 2.11469e-13 1.58636e-13 1.18989e-13 8.9328e-14
5.50022e-06 1.49777e-09 1.1232e-09 8.42361e-10 6.3177e-10 4.7384e-10 3.55384e-10 2.66518e-10 1.99831e-10 1.49766e-10 1.1215e-10 8.3852e-11 6.25181e-11 4.63742e-11 3.40788e-11 2.46114e-11 1.7187e-11 1.11914e-11 6.12945e-12 1.58496e-12 1.18729e-12 8.89595e-13 6.66692e-13 4.9975e-13 3.74691e-13 2.80982e-13 2.10747e-13 1.58087e-13 1.18591e-13 8.8952e-14 6.67789e-14
4.12712e-06 1.12409e-09 8.42956e-10 6.32166e-10 4.74099e-10 3.5555e-10 2.66622e-10 1.99894e-10 1.49801e-10 1.12167e-10 8.38585e-11 6.25181e-11 4.63705e-11 3.40734e-11 2.46054e-11 1.71813e-11 1.11864e-11 6.12553e-12 1.58244e-12 1.18513e-12 8.87774e-13 6.65177e-13 4.98505e-13 3.73678e-13 2.80167e-13 2.10099e-13 1.57581e-13 1.18206e-13 8.86739e-14 6.65122e-14 4.99329e-14
3.09701e-06 8.43682e-10 6.32661e-10 4.74433e-10 3.55773e-10 2.66768e-10 1.99988e-10 1.49859e-10 1.12202e-10 8.38782e-11 6.25279e-11 4.63742e-11 3.40734e-11 2.46034e-11 1.71784e-11 1.11833e-11 6.12291e-12 1.58063e-12 1.18351e-12 8.86356e-13 6.63964e-13 4.97483e-13 3.72829e-13 2.79471e-13 2.09535e-13 1.57131e-13 1.17854e-13 8.8406e-14 6.63188e-14 4.97442e-14 3.73447e-14
2.32415e-06 6.33255e-10 4.74841e-10 3.56051e-10 2.66956e-10 2.00113e-10 1.49941e-10 1.12255e-10 8.3911e-11 6.25475e-11 4.63851e-11 3.40788e-11 2.46054e-11 1.71784e-11 1.11823e-11 6.12161e-12 1.57955e-12 1.18242e-12 8.85343e-13 6.63053e-13 4.96687e-13 3.72149e-13 2.78899e-13 2.09061e-13 1.56745e-13 1.17544e-13 8.81621e-14 6.61332e-14 4.96106e-14 3.72118e-14 2.79363e-14
1.74428e-06 4.75324e-10 3.56385e-10 2.67185e-10 2.00269e-10 1.50046e-10 1.12325e-10 8.39569e-11 6.25769e-11 4.64034e-11 3.40896e-11 2.46114e-11 1.71813e-11 1.11833e-11 6.12161e-12 1.57919e-12 1.18188e-12 8.84735e-13 6.62445e-13 4.96118e-13 3.71637e-13 2.78453e-13 2.08681e-13 1.56426e-13 1.17281e-13 8.79497e-14 6.59655e-14 4.94828e-14 3.71202e-14 2.7843e-14 2.09028e-14
1.30917e-06 3.56774e-10 2.67456e-10 2.00456e-10 1.50175e-10 1.12412e-10 8.40159e-11 6.26161e-11 4.64289e-11 3.41058e-11 2.46213e-11 1.7187e-11 1.11864e-11 6.12291e-12 1.57955e-12 1.18188e-12 8.84532e-13 6.62141e-13 4.95777e-13 3.71296e-13 2.78134e-13 2.08394e-13 1.56176e-13 1.17069e-13 8.77729e-14 6.58214e-14 4.93685e-14 3.70329e-14 2.77807e-14 2.08377e-14 1.56437e-14
9.82655e-07 2.67769e-10 2.00675e-10 1.50327e-10 1.12518e-10 8.4088e-11 6.2665e-11 4.64617e-11 3.41274e-11 2.46352e-11 1.71956e-11 1.11914e-11 6.12553e-12 1.58063e-12 1.18242e-12 8.84735e-13 6.62141e-13 4.95663e-13 3.71125e-13 2.77942e-13 2.08203e-13 1.55997e-13 1.16909e-13 8.76341e-14 6.5704e-14 4.92718e-14 3.69557e-14 2.77217e-14 2.07958e-14 1.55985e-14 1.17105e-14
7.37625e-07 2.00925e-10 1.50503e-10 1.1264e-10 8.41732e-11 6.27238e-11 4.65018e-11 3.41545e-11 2.46531e-11 1.72071e-11 1.11984e-11 6.12945e-12 1.58244e-12 1.18351e-12 8.85343e-13 6.62445e-13 4.95777e-13 3.71125e-13 2.77878e-13 2.08107e-13 1.5589e-13 1.16802e-13 8.75343e-14 6.56151e-14 4.91952e-14 3.68918e-14 2.76702e-14 2.07563e-14 1.55707e-14 1.16792e-14 8.76811e-15
5.53729e-07 1.50702e-10 1.1278e-10 8.42715e-11 6.27923e-11 4.65493e-11 3.41869e-11 2.46749e-11 1.72214e-11 1.12074e-11 6.13468e-12 1.58496e-12 1.18513e-12 8.86356e-13 6.63053e-13 4.96118e-13 3.71296e-13 2.77942e-13 2.08107e-13 1.55854e-13 1.16748e-13 8.74742e-14 6.55554e-14 4.91399e-14 3.68428e-14 2.76286e-14 2.07225e-14 1.55447e-14 1.16611e-14 8.74672e-15 6.56656e-15
4.15706e-07 1.12938e-10 8.43829e-11 6.28707e-11 4.66039e-11 3.42248e-11 2.47007e-11 1.72386e-11 1.12184e-11 6.14122e-12 1.5882e-12 1.18729e-12 8.87774e-13 6.63964e-13 4.96687e-13 3.71637e-13 2.78134e-13 2.08203e-13 1.5589e-13 1.16748e-13 8.74541e-14 6.55255e-14 4.91065e-14 3.68098e-14 2.75983e-14 2.06961e-14 1.55229e-14 1.16442e-14 8.73512e-15 6.55203e-15 4.91891e-15
3.12105e-07 8.45074e-11 6.29587e-11 4.66659e-11 3.4268e-11 2.47305e-11 1.72587e-11 1.12314e-11 6.14906e-12 1.59216e-12 1.18999e-12 8.89595e-13 6.65177e-13 4.97483e-13 3.72149e-13 2.78453e-13 2.08394e-13 1.55997e-13 1.16802e-13 8.74742e-14 6.55255e-14 4.90953e-14 3.67932e-14 2.75799e-14 2.06782e-14 1.55067e-14 1.16306e-14 8.72451e-15 6.54483e-15 4.90914e-15 3.68552e-15
2.34337e-07 6.30566e-11 4.67351e-11 3.43166e-11 2.47642e-11 1.72816e-11 1.12464e-11 6.15819e-12 1.59684e-12 1.19322e-12 8.91818e-13 6.66692e-13 4.98505e-13 3.72829e-13 2.78899e-13 2.08681e-13 1.56176e-13 1.16909e-13 8.75343e-14 6.55554e-14 4.91065e-14 3.67932e-14 2.75738e-14 2.06691e-14 1.54967e-14 1.16211e-14 8.71626e-15 6.53836e-15 4.90486e-15 3.67903e-15 2.76202e-15
1.75955e-07 4.68116e-11 3.43705e-11 2.48018e-11 1.73073e-11 1.12634e-11 6.16862e-12 1.60222e-12 1.19699e-12 8.94438e-13 6.68505e-13 4.9975e-13 3.73678e-13 2.79471e-13 2.09061e-13 1.56426e-13 1.17069e-13 8.76341e-14 6.56151e-14 4.91399e-14 3.68098e-14 2.75799e-14 2.06691e-14 1.54934e-14 1.16162e-14 8.71108e-15 6.53364e-15 4.90111e-15 3.67665e-15 2.75778e-15 2.07039e-15
1.32123e-07 3.44298e-11 2.48433e-11 1.73359e-11 1.12823e-11 6.18032e-12 1.6083e-12 1.20127e-12 8.9745e-13 6.70611e-13 5.01216e-13 3.74691e-13 2.80167e-13 2.09535e-13 1.56745e-13 1.17281e-13 8.77729e-14 6.5704e-14 4.91952e-14 3.68428e-14 2.75983e-14 2.06782e-14 1.54967e-14 1.16162e-14 8.70932e-15 6.53116e-15 4.89862e-15 3.67462e-15 2.75658e-15 2.06765e-15 1.55229e-15
9.92123e-08 2.48887e-11 1.73672e-11 1.13032e-11 6.19326e-12 1.61505e-12 1.20607e-12 9.00841e-13 6.73002e-13 5.02894e-13 3.75864e-13 2.80982e-13 2.10099e-13 1.57131e-13 1.17544e-13 8.79497e-14 6.58214e-14 4.92718e-14 3.68918e-14 2.76286e-14 2.06961e-14 1.55067e-14 1.16211e-14 8.71108e-15 6.53116e-15 4.89776e-15 3.6735e-15 2.75562e-15 2.06717e-15 1.55055e-15 1.16407e-15
7.44977e-08 1.74011e-11 1.13259e-11 6.2074e-12 1.62243e-12 1.21133e-12 9.04588e-13 6.75659e-13 5.04773e-13 3.77187e-13 2.81911e-13 2.10747e-13 1.57581e-13 1.17854e-13 8.81621e-14 6.59655e-14 4.93685e-14 3.69557e-14 2.76702e-14 2.07225e-14 1.55229e-14 1.16306e-14 8.71626e-15 6.53364e-15 4.89862e-15 3.6735e-15 2.75527e-15 2.06682e-15 1.55046e-15 1.16297e-15 8.73094e-16
5.59346e-08 1.13503e-11 6.22262e-12 1.63038e-12 1.21702e-12 9.08651e-13 6.78554e-13 5.0683e-13 3.78644e-13 2.82939e-13 2.11469e-13 1.58087e-13 1.18206e-13 8.8406e-14 6.61332e-14 4.94828e-14 3.70329e-14 2.77217e-14 2.07563e-14 1.55447e-14 1.16442e-14 8.72451e-15 6.53836e-15 4.90111e-15 3.67462e-15 2.75562e-15 2.06682e-15 1.55039e-15 1.16305e-15 8.72381e-16 6.54937e-16
4.19879e-08 6.23877e-12 1.63875e-12 1.22303e-12 9.12953e-13 6.81628e-13 5.09021e-13 3.80201e-13 2.84043e-13 2.12249e-13 1.58636e-13 1.18591e-13 8.86739e-14 6.63188e-14 4.96106e-14 3.71202e-14 2.77807e-14 2.07958e-14 1.55707e-14 1.16611e-14 8.73512e-15 6.54483e-15 4.90486e-15 3.67665e-15 2.75658e-15 2.06717e-15 1.55046e-15 1.16305e-15 8.72482e-16 6.54431e-16 4.91311e-16
3.15045e-08 1.6473e-12 1.22917e-12 9.17357e-13 6.84778e-13 5.11269e-13 3.81802e-13 2.85179e-13 2.13053e-13 1.59202e-13 1.18989e-13 8.8952e-14 6.65122e-14 4.97442e-14 3.72118e-14 2.7843e-14 2.08377e-14 1.55985e-14 1.16792e-14 8.74672e-15 6.55203e-15 4.90914e-15 3.67903e-15 2.75778e-15 2.06765e-15 1.55055e-15 1.16297e-15 8.72381e-16 6.54431e-16 4.90875e-16 3.68522e-16
2.36648e-08 1.23662e-12 9.22741e-13 6.88664e-13 5.14069e-13 3.83816e-13 2.86624e-13 2.14089e-13 1.59943e-13 1.19517e-13 8.9328e-14 6.67789e-14 4.99329e-14 3.73447e-14 2.79363e-14 2.09028e-14 1.56437e-14 1.17105e-14 8.76811e-15 6.56656e-15 4.91891e-15 3.68552e-15 2.76202e-15 2.07039e-15 1.55229e-15 1.16407e-15 8.73094e-16 6.54937e-16 4.91311e-16 3.68522e-16 2.76666e-16
