0.951522 0.0232079 0.000566045 1.3806e-05 3.36731e-07 8.21296e-09 2.00316e-10 4.88576e-12 1.19165e-13 2.90646e-15 7.08892e-17 1.72901e-18 4.21709e-20 1.02856e-21 2.50868e-23 6.11872e-25 1.49237e-26 3.63993e-28 8.87788e-30 2.16534e-31 5.28131e-33 1.28812e-34 3.14177e-36 7.66285e-38 1.86899e-39 4.5585e-41 1.11183e-42 2.71178e-44 6.6141e-46 1.6132e-47 3.93462e-49 9.59664e-51 2.34064e-52 5.70889e-54 1.39241e-55 3.39613e-57 8.28323e-59 2.0203e-60 4.92756e-62 1.20184e-63 2.93133e-65 7.14958e-67 1.7438e-68 4.25317e-70 1.03736e-71 2.53014e-73 6.17108e-75 1.50514e-76 3.67108e-78 8.95385e-80 2.18387e-81 5.3265e-83 1.29915e-84 3.16865e-86 7.72842e-88 1.88498e-89 4.59751e-91 1.12134e-92 2.73499e-94 6.6707e-96 1.627e-97 3.96829e-99 9.67876e-101 2.36067e-102 5.75774e-104 1.40433e-105 3.42519e-107 8.35411e-109 2.03759e-110 4.96973e-112 1.21213e-113 2.95641e-115 7.21076e-117 1.75872e-118 4.28957e-120 1.04624e-121 2.55179e-123 6.22389e-125 1.51802e-126 3.70249e-128 9.03047e-130 2.20255e-131 5.37208e-133 1.31026e-134 3.19576e-136 7.79455e-138 1.90111e-139 4.63685e-141 1.13094e-142 2.75839e-144 6.72778e-146 1.64092e-147 4.00225e-149 9.76158e-151 2.38087e-152 5.80701e-154 1.41634e-155 3.4545e-157 8.4256e-159 2.05502e-160 5.01225e-162
0.0232079 0.000844395 2.7384e-05 8.33488e-07 2.43677e-08 6.92837e-10 1.9301e-11 5.29355e-13 1.43403e-14 3.84624e-16 1.02313e-17 2.70281e-19 7.09801e-21 1.85458e-22 4.82426e-24 1.25004e-25 3.22786e-27 8.30939e-29 2.13316e-30 5.46253e-32 1.39567e-33 3.55856e-35 9.05624e-37 2.30074e-38 5.83573e-40 1.47802e-41 3.73829e-43 9.44301e-45 2.3825e-46 6.00446e-48 1.51169e-49 3.80216e-51 9.55429e-53 2.39879e-54 6.0177e-56 1.50846e-57 3.77853e-59 9.45823e-61 2.36599e-62 5.91484e-64 1.4778e-65 3.69015e-67 9.2095e-69 2.29723e-70 5.72742e-72 1.42728e-73 3.55518e-75 8.8517e-77 2.20298e-78 5.48051e-80 1.3629e-81 3.38804e-83 8.41933e-85 2.0915e-86 5.19391e-88 1.28942e-89 3.20006e-91 7.93951e-93 1.96927e-94 4.8831e-96 1.21051e-97 3.00007e-99 7.43332e-101 1.84132e-102 4.56008e-104 1.12906e-105 2.79488e-107 6.91697e-109 1.71151e-110 4.23401e-112 1.04722e-113 2.58966e-115 6.40273e-117 1.58274e-118 3.91178e-120 9.66641e-122 2.38827e-123 5.89969e-125 1.45715e-126 3.59844e-128 8.885e-130 2.19349e-131 5.41441e-133 1.3363e-134 3.2976e-136 8.13642e-138 2.00729e-139 4.95145e-141 1.22124e-142 3.01171e-144 7.42632e-146 1.83098e-147 4.5138e-149 1.11263e-150 2.7423e-152 6.75818e-154 1.66532e-155 4.1032e-157 1.01089e-158 2.49022e-160 6.13383e-162
0.000566045 2.7384e-05 1.0805e-06 3.8403e-08 1.27898e-09 4.07255e-11 1.25458e-12 3.76749e-14 1.10861e-15 3.20845e-17 9.15801e-19 2.58354e-20 7.21533e-22 1.99756e-23 5.48801e-25 1.49756e-26 4.06192e-28 1.09579e-29 2.94169e-31 7.86222e-33 2.09286e-34 5.5505e-36 1.46707e-37 3.86556e-39 1.01559e-40 2.6611e-42 6.95537e-44 1.81372e-45 4.7193e-47 1.22546e-48 3.17609e-50 8.21685e-52 2.12218e-53 5.47225e-55 1.40894e-56 3.62241e-58 9.30065e-60 2.38489e-61 6.10791e-63 1.56246e-64 3.99249e-66 1.0191e-67 2.59866e-69 6.62004e-71 1.68488e-72 4.28441e-74 1.08853e-75 2.76337e-77 7.00959e-79 1.77672e-80 4.50018e-82 1.13903e-83 2.88104e-85 7.28248e-87 1.83966e-88 4.64442e-90 1.17185e-91 2.95506e-93 7.44772e-95 1.87608e-96 4.7234e-98 1.18862e-99 2.98967e-101 7.51623e-103 1.88878e-104 4.74427e-106 1.19117e-107 2.9895e-109 7.49976e-111 1.88073e-112 4.71455e-114 1.18139e-115 2.9593e-117 7.41025e-119 1.85493e-120 4.64172e-122 1.16115e-123 2.90376e-125 7.25937e-127 1.81429e-128 4.533e-130 1.13224e-131 2.82731e-133 7.0581e-135 1.76151e-136 4.39512e-138 1.09634e-139 2.73407e-141 6.81662e-143 1.69912e-144 4.23427e-146 1.05495e-147 2.62779e-149 6.54414e-151 1.62938e-152 4.05601e-154 1.00945e-155 2.51181e-157 6.24886e-159 1.55428e-160 3.86525e-162
1.3806e-05 8.33488e-07 3.8403e-08 1.54662e-09 5.7306e-11 2.00431e-12 6.71716e-14 2.17791e-15 6.87678e-17 2.12462e-18 6.44558e-20 1.92533e-21 5.67462e-23 1.65311e-24 4.76654e-26 1.3619e-27 3.85962e-29 1.08582e-30 3.03452e-32 8.42945e-34 2.3287e-35 6.40075e-37 1.75116e-38 4.77037e-40 1.29433e-41 3.49889e-43 9.42572e-45 2.53103e-46 6.77591e-48 1.80886e-49 4.816e-51 1.27901e-52 3.38871e-54 8.9582e-56 2.36312e-57 6.22121e-59 1.63469e-60 4.28752e-62 1.1226e-63 2.93447e-65 7.6586e-67 1.9958e-68 5.19349e-70 1.3496e-71 3.50249e-73 9.07821e-75 2.35015e-76 6.07695e-78 1.5696e-79 4.0497e-81 1.04377e-82 2.68753e-84 6.91326e-86 1.77667e-87 4.56186e-89 1.1703e-90 2.99979e-92 7.683e-94 1.96621e-95 5.02802e-97 1.28483e-98 3.28082e-100 8.37181e-102 2.13483e-103 5.44033e-105 1.38552e-106 3.52639e-108 8.96995e-110 2.28032e-111 5.79372e-113 1.47123e-114 3.73396e-116 9.4718e-118 2.40146e-119 6.08559e-121 1.54142e-122 3.90242e-124 9.87525e-126 2.49786e-127 6.31536e-129 1.59604e-130 4.03187e-132 1.01811e-133 2.56986e-135 6.48418e-137 1.63544e-138 4.1234e-140 1.03924e-141 2.61833e-143 6.5945e-145 1.66032e-146 4.17883e-148 1.05142e-149 2.64461e-151 6.64981e-153 1.67157e-154 4.20056e-156 1.05527e-157 2.6503e-159 6.65429e-161 1.67028e-162
3.36731e-07 2.43677e-08 1.27898e-09 5.7306e-11 2.32779e-12 8.83342e-14 3.18682e-15 1.10537e-16 3.7148e-18 1.21633e-19 3.89636e-21 1.22504e-22 3.78982e-24 1.15597e-25 3.48219e-27 1.03737e-28 3.05976e-30 8.9442e-32 2.59334e-33 7.46368e-35 2.13352e-36 6.06077e-38 1.71182e-39 4.80921e-41 1.34443e-42 3.74115e-44 1.03658e-45 2.86058e-47 7.86443e-49 2.15447e-50 5.88252e-52 1.6011e-53 4.34493e-55 1.17577e-56 3.17325e-58 8.54251e-60 2.29414e-61 6.14696e-63 1.64343e-64 4.38466e-66 1.1675e-67 3.10278e-69 8.23103e-71 2.17971e-72 5.76258e-74 1.52103e-75 4.00855e-77 1.05486e-78 2.77191e-80 7.27391e-82 1.90626e-83 4.98932e-85 1.30427e-86 3.40545e-88 8.88143e-90 2.31371e-91 6.02101e-93 1.56523e-94 4.0649e-96 1.05462e-97 2.7336e-99 7.07906e-101 1.83159e-102 4.73487e-104 1.22299e-105 3.15634e-107 8.13957e-109 2.09742e-110 5.40062e-112 1.38959e-113 3.5729e-115 9.18029e-117 2.35722e-118 6.04865e-120 1.5511e-121 3.97513e-123 1.01812e-124 2.60609e-126 6.66696e-128 1.7046e-129 4.35588e-131 1.11249e-132 2.83981e-134 7.24533e-136 1.8476e-137 4.70919e-139 1.19971e-140 3.05491e-142 7.77541e-144 1.97812e-145 5.03024e-147 1.27861e-148 3.24866e-150 8.25068e-152 2.09459e-153 5.3154e-155 1.34835e-156 3.41904e-158 8.66647e-160 2.19594e-161 5.56214e-163
8.21296e-09 6.92837e-10 4.07255e-11 2.00431e-12 8.83342e-14 3.60517e-15 1.3895e-16 5.12152e-18 1.82099e-19 6.2849e-21 2.11547e-22 6.96951e-24 2.25383e-25 7.17073e-27 2.24876e-28 6.9621e-30 2.1307e-31 6.45322e-33 1.93605e-34 5.75837e-36 1.69918e-37 4.97751e-39 1.4483e-40 4.18783e-42 1.20393e-43 3.44239e-45 9.79316e-47 2.77286e-48 7.81633e-50 2.19412e-51 6.13486e-53 1.70896e-54 4.74383e-56 1.31244e-57 3.61953e-59 9.95222e-61 2.72863e-62 7.46082e-64 2.03469e-65 5.5352e-67 1.50223e-68 4.06776e-70 1.09908e-71 2.96345e-73 7.9744e-75 2.14172e-76 5.74153e-78 1.53645e-79 4.10459e-81 1.09472e-82 2.91506e-84 7.75046e-86 2.05762e-87 5.45482e-89 1.4441e-90 3.81798e-92 1.00811e-93 2.65853e-95 7.0024e-97 1.84223e-98 4.8411e-100 1.27076e-101 3.33212e-103 8.72817e-105 2.28395e-106 5.97068e-108 1.55936e-109 4.06877e-111 1.06069e-112 2.76268e-114 7.18954e-116 1.86943e-117 4.85694e-119 1.26088e-120 3.27074e-122 8.47799e-124 2.19593e-125 5.68374e-127 1.47009e-128 3.79976e-130 9.81474e-132 2.53348e-133 6.53548e-135 1.68487e-136 4.34102e-138 1.11778e-139 2.87652e-141 7.39827e-143 1.90173e-144 4.88575e-146 1.25453e-147 3.21958e-149 8.25841e-151 2.11726e-152 5.42546e-154 1.3896e-155 3.55741e-157 9.10285e-159 2.32821e-160 5.95212e-162 1.521e-163
2.00316e-10 1.9301e-11 1.25458e-12 6.71716e-14 3.18682e-15 1.3895e-16 5.68802e-18 2.21635e-19 8.29866e-21 3.00638e-22 1.05921e-23 3.64369e-25 1.2277e-26 4.06189e-28 1.32237e-29 4.24345e-31 1.34417e-32 4.2082e-34 1.30348e-35 3.99833e-37 1.21553e-38 3.66499e-40 1.09665e-41 3.25827e-43 9.6172e-45 2.82125e-46 8.22887e-48 2.38725e-49 6.8906e-51 1.97946e-52 5.66085e-54 1.61202e-55 4.57209e-57 1.29182e-58 3.63677e-60 1.02032e-61 2.85319e-63 7.9537e-65 2.21061e-66 6.12659e-68 1.69333e-69 4.66801e-71 1.28362e-72 3.52125e-74 9.63739e-76 2.63185e-77 7.17195e-79 1.9504e-80 5.29365e-82 1.43404e-83 3.87765e-85 1.04667e-86 2.82036e-88 7.58725e-90 2.03784e-91 5.46493e-93 1.46335e-94 3.91277e-96 1.04474e-97 2.78576e-99 7.41828e-101 1.97291e-102 5.24046e-104 1.3903e-105 3.68413e-107 9.75138e-109 2.57819e-110 6.80918e-112 1.79646e-113 4.73473e-115 1.24664e-116 3.27916e-118 8.61733e-120 2.26247e-121 5.93473e-123 1.55538e-124 4.07288e-126 1.06562e-127 2.78578e-129 7.27686e-131 1.89934e-132 4.95371e-134 1.29102e-135 3.36218e-137 8.74979e-139 2.27547e-140 5.91356e-142 1.5358e-143 3.98601e-145 1.03386e-146 2.67988e-148 6.94224e-150 1.79731e-151 4.65039e-153 1.20255e-154 3.10794e-156 8.02786e-158 2.07248e-159 5.34745e-161 1.37904e-162 3.55451e-164
4.88576e-12 5.29355e-13 3.76749e-14 2.17791e-15 1.10537e-16 5.12152e-18 2.21635e-19 9.09168e-21 3.57142e-22 1.35343e-23 4.97549e-25 1.78199e-26 6.23901e-28 2.14121e-29 7.21965e-31 2.39606e-32 7.83948e-34 2.53204e-35 8.08258e-37 2.55245e-38 7.9813e-40 2.47304e-41 7.59842e-43 2.3164e-44 7.01026e-46 2.10715e-47 6.29342e-49 1.86843e-50 5.516e-52 1.61982e-53 4.73298e-55 1.3764e-56 3.98483e-58 1.14875e-59 3.29826e-61 9.43352e-63 2.68826e-64 7.63399e-66 2.16064e-67 6.09576e-69 1.71454e-70 4.80836e-72 1.34471e-73 3.75051e-75 1.04335e-76 2.89528e-78 8.01518e-80 2.21378e-81 6.10089e-83 1.67773e-84 4.60421e-86 1.26102e-87 3.44709e-89 9.40535e-91 2.56162e-92 6.96461e-94 1.89037e-95 5.12254e-97 1.38591e-98 3.74384e-100 1.00984e-101 2.71992e-103 7.3156e-105 1.96494e-106 5.27075e-108 1.412e-109 3.77788e-111 1.00956e-112 2.69462e-114 7.1839e-116 1.91307e-117 5.0889e-119 1.35223e-120 3.58939e-122 9.51804e-124 2.5214e-125 6.67286e-127 1.76429e-128 4.66041e-130 1.22994e-131 3.24309e-133 8.54392e-135 2.24899e-136 5.91504e-138 1.55445e-139 4.08177e-141 1.07099e-142 2.80795e-144 7.35651e-146 1.92591e-147 5.03839e-149 1.31717e-150 3.44108e-152 8.9837e-154 2.34385e-155 6.11114e-157 1.59235e-158 4.14654e-160 1.07912e-161 2.80666e-163 7.29551e-165
1.19165e-13 1.43403e-14 1.10861e-15 6.87678e-17 3.7148e-18 1.82099e-19 8.29866e-21 3.57142e-22 1.46727e-23 5.79992e-25 2.21894e-26 8.25399e-28 2.99609e-29 1.06436e-30 3.70949e-32 1.27087e-33 4.2873e-35 1.42622e-36 4.68438e-38 1.5207e-39 4.88395e-41 1.55307e-42 4.89352e-44 1.52878e-45 4.73817e-47 1.45763e-48 4.45308e-50 1.35155e-51 4.0769e-53 1.22267e-54 3.64674e-56 1.08205e-57 3.1949e-59 9.38945e-61 2.74724e-62 8.00419e-64 2.32269e-65 6.71424e-67 1.93379e-68 5.55005e-70 1.58754e-71 4.52643e-73 1.2866e-74 3.64624e-76 1.0304e-77 2.90389e-79 8.16218e-81 2.28838e-82 6.4001e-84 1.78574e-85 4.97117e-87 1.38084e-88 3.82738e-90 1.05868e-91 2.92256e-93 8.05237e-95 2.21448e-96 6.07901e-98 1.66583e-99 4.5571e-101 1.24459e-102 3.39366e-104 9.23914e-106 2.51151e-107 6.81708e-109 1.84773e-110 5.00117e-112 1.35181e-113 3.64907e-115 9.83762e-117 2.64881e-118 7.12329e-120 1.91334e-121 5.13328e-123 1.37564e-124 3.68242e-126 9.84668e-128 2.63019e-129 7.01834e-131 1.87087e-132 4.98221e-134 1.32551e-135 3.52315e-137 9.35574e-139 2.48218e-140 6.57966e-142 1.7426e-143 4.61129e-145 1.21923e-146 3.22105e-148 8.50278e-150 2.24277e-151 5.91121e-153 1.55683e-154 4.09719e-156 1.0775e-157 2.83166e-159 7.43638e-161 1.95158e-162 5.11822e-164 1.34143e-165
2.90646e-15 3.84624e-16 3.20845e-17 2.12462e-18 1.21633e-19 6.2849e-21 3.00638e-22 1.35343e-23 5.79992e-25 2.3856e-26 9.47695e-28 3.65372e-29 1.37234e-30 5.0373e-32 1.81155e-33 6.39652e-35 2.22156e-36 7.60075e-38 2.56515e-39 8.54916e-41 2.81658e-42 9.181e-44 2.96323e-45 9.47655e-47 3.00477e-48 9.45132e-50 2.9506e-51 9.14664e-53 2.81661e-54 8.61922e-56 2.62202e-57 7.93173e-59 2.38665e-60 7.14522e-62 2.1289e-63 6.31405e-65 1.86451e-66 5.48294e-68 1.60595e-69 4.68594e-71 1.36231e-72 3.94672e-74 1.13956e-75 3.27974e-77 9.41009e-79 2.69186e-80 7.67829e-82 2.18411e-83 6.1962e-85 1.7533e-86 4.94891e-88 1.39354e-89 3.91487e-91 1.09734e-92 3.06916e-94 8.56611e-96 2.38595e-97 6.63251e-99 1.84019e-100 5.09608e-102 1.40872e-103 3.88732e-105 1.07086e-106 2.94508e-108 8.08645e-110 2.21685e-111 6.06809e-113 1.65852e-114 4.52646e-116 1.23363e-117 3.35745e-119 9.12542e-121 2.47701e-122 6.71499e-124 1.81812e-125 4.91666e-127 1.32801e-128 3.58284e-130 9.65517e-132 2.59903e-133 6.9886e-135 1.87719e-136 5.03705e-138 1.35021e-139 3.61574e-141 9.67318e-143 2.5854e-144 6.90367e-146 1.84177e-147 4.90911e-149 1.30734e-150 3.47857e-152 9.24796e-154 2.45659e-155 6.52028e-157 1.72924e-158 4.58251e-160 1.21345e-161 3.21078e-163 8.48944e-165 2.24302e-166
7.08892e-17 1.02313e-17 9.15801e-19 6.44558e-20 3.89636e-21 2.11547e-22 1.05921e-23 4.97549e-25 2.21894e-26 9.47695e-28 3.90161e-29 1.55622e-30 6.03813e-32 2.28639e-33 8.47194e-35 3.07873e-36 1.09935e-37 3.86349e-39 1.33815e-40 4.57336e-42 1.54394e-43 5.15337e-45 1.70207e-46 5.5668e-48 1.8041e-49 5.79694e-51 1.84778e-52 5.84555e-54 1.83617e-55 5.7291e-57 1.77625e-58 5.47412e-60 1.67744e-61 5.11245e-63 1.55014e-64 4.67717e-66 1.40463e-67 4.19948e-69 1.25018e-70 3.70657e-72 1.09463e-73 3.22054e-75 9.4411e-77 2.75809e-78 8.03056e-80 2.33071e-81 6.74352e-83 1.94531e-84 5.59556e-86 1.60506e-87 4.59172e-89 1.31019e-90 3.72909e-92 1.05881e-93 2.99925e-95 8.47658e-97 2.3904e-98 6.72652e-100 1.88891e-101 5.29365e-103 1.48064e-104 4.13352e-106 1.15183e-107 3.20387e-109 8.89616e-111 2.46599e-112 6.82437e-114 1.88553e-115 5.2014e-117 1.43266e-118 3.94019e-120 1.08208e-121 2.96746e-123 8.12657e-125 2.22251e-126 6.07021e-128 1.65579e-129 4.51084e-131 1.22737e-132 3.33557e-134 9.05424e-136 2.4549e-137 6.64853e-139 1.79862e-140 4.86052e-142 1.3121e-143 3.53836e-145 9.53226e-147 2.56542e-148 6.8976e-150 1.85278e-151 4.97212e-153 1.3331e-154 3.57101e-156 9.55733e-158 2.55568e-159 6.82821e-161 1.82282e-162 4.86214e-164 1.29587e-165 3.45105e-167
1.72901e-18 2.70281e-19 2.58354e-20 1.92533e-21 1.22504e-22 6.96951e-24 3.64369e-25 1.78199e-26 8.25399e-28 3.65372e-29 1.55622e-30 6.41167e-32 2.56601e-33 1.00095e-34 3.81636e-36 1.42558e-37 5.2275e-39 1.88492e-40 6.69302e-42 2.3433e-43 8.0983e-45 2.7653e-46 9.33788e-48 3.12066e-49 1.03285e-50 3.38755e-52 1.10164e-53 3.55399e-55 1.13793e-56 3.61761e-58 1.14236e-59 3.58433e-61 1.11785e-62 3.46621e-64 1.06893e-65 3.27922e-67 1.00098e-68 3.041e-70 9.19656e-72 2.76911e-73 8.30306e-75 2.47967e-76 7.37694e-78 2.1865e-79 6.45769e-81 1.90071e-82 5.57593e-84 1.63056e-85 4.75357e-87 1.3817e-88 4.00464e-90 1.15747e-91 3.33649e-93 9.59273e-95 2.75108e-96 7.87058e-98 2.24638e-99 6.39686e-101 1.81754e-102 5.15304e-104 1.45792e-105 4.11639e-107 1.15995e-108 3.26233e-110 9.15799e-112 2.56614e-113 7.17775e-115 2.00422e-116 5.58688e-118 1.55482e-119 4.32009e-121 1.19847e-122 3.3197e-124 9.18169e-126 2.5358e-127 6.99344e-129 1.92603e-130 5.29721e-132 1.45498e-133 3.99117e-135 1.09344e-136 2.99193e-138 8.17673e-140 2.23199e-141 6.08555e-143 1.65735e-144 4.5086e-146 1.22517e-147 3.32572e-149 9.01819e-151 2.44291e-152 6.61082e-154 1.78721e-155 4.82696e-157 1.30244e-158 3.51105e-160 9.45624e-162 2.54454e-163 6.84094e-165 1.83758e-166 4.93181e-168
4.21709e-20 7.09801e-21 7.21533e-22 5.67462e-23 3.78982e-24 2.25383e-25 1.2277e-26 6.23901e-28 2.99609e-29 1.37234e-30 6.03813e-32 2.56601e-33 1.05785e-34 4.24562e-36 1.6637e-37 6.38093e-39 2.4003e-40 8.8712e-42 3.22624e-43 1.15606e-44 4.08635e-46 1.42628e-47 4.92016e-49 1.67884e-50 5.67034e-52 1.89696e-53 6.28941e-55 2.06774e-56 6.74416e-58 2.1832e-59 7.01732e-61 2.24037e-62 7.10705e-64 2.24086e-65 7.02463e-67 2.18994e-68 6.79126e-70 2.09546e-71 6.43449e-73 1.96672e-74 5.98476e-76 1.81345e-77 5.47257e-79 1.64502e-80 4.9262e-82 1.46985e-83 4.37029e-85 1.29503e-86 3.82502e-88 1.12621e-89 3.30582e-91 9.67526e-93 2.82363e-94 8.2178e-96 2.3853e-97 6.90566e-99 1.99424e-100 5.745e-102 1.65111e-103 4.7344e-105 1.35452e-106 3.86689e-108 1.1016e-109 3.1318e-111 8.88582e-113 2.51627e-114 7.11203e-116 2.00645e-117 5.65046e-119 1.58846e-120 4.45788e-122 1.24898e-123 3.49361e-125 9.75671e-127 2.72056e-128 7.57453e-130 2.10576e-131 5.84566e-133 1.62048e-134 4.48593e-136 1.24015e-137 3.42388e-139 9.44064e-141 2.59976e-142 7.1503e-144 1.96421e-145 5.38931e-147 1.47697e-148 4.04308e-150 1.10552e-151 3.01955e-153 8.23853e-155 2.24542e-156 6.11358e-158 1.66284e-159 4.51827e-161 1.2265e-162 3.32617e-164 9.01177e-166 2.43935e-167 6.59691e-169
1.02856e-21 1.85458e-22 1.99756e-23 1.65311e-24 1.15597e-25 7.17073e-27 4.06189e-28 2.14121e-29 1.06436e-30 5.0373e-32 2.28639e-33 1.00095e-34 4.24562e-36 1.75119e-37 7.04532e-39 2.77167e-40 1.06853e-41 4.04413e-43 1.50504e-44 5.51502e-46 1.99226e-47 7.10237e-49 2.50109e-50 8.70732e-52 2.99914e-53 1.02273e-54 3.45491e-56 1.15683e-57 3.84125e-59 1.26547e-60 4.13795e-62 1.34352e-63 4.33292e-65 1.38848e-66 4.42232e-68 1.40035e-69 4.40977e-71 1.38131e-72 4.30485e-74 1.3351e-75 4.1214e-77 1.26657e-78 3.87567e-80 1.18105e-81 3.58474e-83 1.08388e-84 3.26512e-86 9.80096e-88 2.93185e-89 8.7412e-91 2.59779e-92 7.69636e-94 2.27332e-95 6.69528e-97 1.96631e-98 5.75898e-100 1.68223e-101 4.90126e-103 1.42444e-104 4.12975e-106 1.19448e-107 3.44697e-109 9.9249e-111 2.85149e-112 8.17521e-114 2.33901e-115 6.67875e-117 1.90331e-118 5.41372e-120 1.53701e-121 4.3558e-123 1.23223e-124 3.47992e-126 9.81098e-128 2.76148e-129 7.76019e-131 2.17731e-132 6.0996e-134 1.7062e-135 4.76564e-137 1.32919e-138 3.70206e-140 1.02968e-141 2.86006e-143 7.93369e-145 2.19793e-146 6.08138e-148 1.68055e-149 4.63846e-151 1.27873e-152 3.52106e-154 9.68439e-156 2.66062e-157 7.30151e-159 2.00158e-160 5.48116e-162 1.4994e-163 4.0975e-165 1.11862e-166 3.05084e-168 8.31252e-170
2.50868e-23 4.82426e-24 5.48801e-25 4.76654e-26 3.48219e-27 2.24876e-28 1.32237e-29 7.21965e-31 3.70949e-32 1.81155e-33 8.47194e-35 3.81636e-36 1.6637e-37 7.04532e-39 2.90726e-40 1.17209e-41 4.62689e-43 1.79181e-44 6.81834e-46 2.55308e-47 9.41871e-49 3.42717e-50 1.23117e-51 4.37039e-53 1.53418e-54 5.32955e-56 1.83333e-57 6.24845e-59 2.11113e-60 7.0742e-62 2.35205e-63 7.76246e-65 2.54388e-66 8.28103e-68 2.67857e-69 8.61149e-71 2.75251e-72 8.74918e-74 2.76627e-75 8.70176e-77 2.72393e-78 8.48681e-80 2.63229e-81 8.12899e-83 2.49991e-84 7.65711e-86 2.33624e-87 7.10141e-89 2.1508e-90 6.4914e-92 1.95258e-93 5.85411e-95 1.7496e-96 5.21296e-98 1.54861e-99 4.5872e-101 1.35501e-102 3.99169e-104 1.17282e-105 3.4371e-107 1.00479e-108 2.93027e-110 8.52552e-112 2.4748e-113 7.16789e-115 2.07158e-116 5.97438e-118 1.71945e-119 4.93873e-121 1.41576e-122 4.05075e-124 1.15683e-125 3.29774e-127 9.38402e-129 2.66568e-130 7.55944e-132 2.14019e-133 6.04936e-135 1.70718e-136 4.81032e-138 1.35335e-139 3.80191e-141 1.0665e-142 2.98748e-144 8.35683e-146 2.33445e-147 6.5125e-149 1.81443e-150 5.04866e-152 1.40302e-153 3.89417e-155 1.07954e-156 2.98915e-158 8.26701e-160 2.28377e-161 6.30186e-163 1.73702e-164 4.78268e-166 1.31545e-167 3.61431e-169 9.9204e-171
6.11872e-25 1.25004e-25 1.49756e-26 1.3619e-27 1.03737e-28 6.9621e-30 4.24345e-31 2.39606e-32 1.27087e-33 6.39652e-35 3.07873e-36 1.42558e-37 6.38093e-39 2.77167e-40 1.17209e-41 4.83848e-43 1.95424e-44 7.73776e-46 3.00851e-47 1.15033e-48 4.331e-50 1.60746e-51 5.88728e-53 2.12962e-54 7.61469e-56 2.69327e-57 9.42907e-59 3.26947e-60 1.12342e-61 3.82715e-63 1.29323e-64 4.33636e-66 1.44341e-67 4.77112e-69 1.56662e-70 5.1115e-72 1.65768e-73 5.34484e-75 1.71379e-76 5.46595e-78 1.73443e-79 5.47669e-81 1.7212e-82 5.38484e-84 1.67733e-85 5.20278e-87 1.60727e-88 4.94585e-90 1.51618e-91 4.63096e-93 1.40947e-94 4.2752e-96 1.29246e-97 3.8948e-99 1.17005e-100 3.50437e-102 1.04652e-103 3.11638e-105 9.25455e-107 2.74092e-108 8.09666e-110 2.38569e-111 7.01218e-113 2.05613e-114 6.01494e-116 1.7556e-117 5.11277e-119 1.48576e-120 4.30849e-122 1.24683e-123 3.60099e-125 1.03797e-126 2.98618e-128 8.57508e-130 2.45792e-131 7.03272e-133 2.00873e-134 5.7277e-136 1.63048e-137 4.63386e-139 1.31485e-140 3.72507e-142 1.05372e-143 2.97625e-145 8.39413e-147 2.36406e-148 6.64858e-150 1.86724e-151 5.23703e-153 1.46688e-154 4.10334e-156 1.14637e-157 3.19869e-159 8.91426e-161 2.48127e-162 6.89841e-164 1.91567e-165 5.31367e-167 1.47225e-168 4.07467e-170 1.1265e-171
1.49237e-26 3.22786e-27 4.06192e-28 3.85962e-29 3.05976e-30 2.1307e-31 1.34417e-32 7.83948e-34 4.2873e-35 2.22156e-36 1.09935e-37 5.2275e-39 2.4003e-40 1.06853e-41 4.62689e-43 1.95424e-44 8.06996e-46 3.26467e-47 1.29609e-48 5.05725e-50 1.94201e-51 7.34775e-53 2.74203e-54 1.0102e-55 3.67726e-57 1.32355e-58 4.71364e-60 1.66201e-61 5.80519e-63 2.00968e-64 6.89874e-66 2.34925e-67 7.93928e-69 2.66368e-70 8.87523e-72 2.93773e-73 9.66284e-75 3.1592e-76 1.02693e-77 3.3197e-79 1.06745e-80 3.4149e-82 1.08712e-83 3.44447e-85 1.08641e-86 3.4116e-88 1.06681e-89 3.32231e-91 1.03058e-92 3.18469e-94 9.80509e-96 3.00806e-97 9.19645e-99 2.80221e-100 8.51082e-102 2.57677e-103 7.77773e-105 2.34068e-106 7.02394e-108 2.10186e-109 6.27255e-111 1.86696e-112 5.54253e-114 1.64132e-115 4.84859e-117 1.42891e-118 4.20136e-120 1.23252e-121 3.60776e-123 1.05378e-124 3.0715e-126 8.93432e-128 2.59361e-129 7.51447e-131 2.17302e-132 6.27219e-134 1.8071e-135 5.19722e-137 1.49211e-138 4.27653e-140 1.22365e-141 3.4955e-143 9.96939e-145 2.83888e-146 8.07156e-148 2.29147e-149 6.49578e-151 1.83874e-152 5.19749e-154 1.46711e-155 4.13562e-157 1.16423e-158 3.27313e-160 9.19033e-162 2.57721e-163 7.21819e-165 2.01919e-166 5.64167e-168 1.57444e-169 4.38879e-171 1.22199e-172
3.63993e-28 8.30939e-29 1.09579e-29 1.08582e-30 8.9442e-32 6.45322e-33 4.2082e-34 2.53204e-35 1.42622e-36 7.60075e-38 3.86349e-39 1.88492e-40 8.8712e-42 4.04413e-43 1.79181e-44 7.73776e-46 3.26467e-47 1.34852e-48 5.46319e-50 2.17408e-51 8.51018e-53 3.28061e-54 1.24678e-55 4.67577e-57 1.73189e-58 6.34046e-60 2.29594e-61 8.22835e-63 2.9203e-64 1.02691e-65 3.57965e-67 1.23749e-68 4.24437e-70 1.44484e-71 4.88333e-73 1.63923e-74 5.46668e-76 1.81171e-77 5.96833e-79 1.95488e-80 6.36781e-82 2.06328e-83 6.65139e-85 2.13371e-86 6.81251e-88 2.16521e-89 6.85145e-91 2.15885e-92 6.77459e-94 2.11749e-95 6.5932e-97 2.04531e-98 6.32211e-100 1.94738e-101 5.97827e-103 1.82927e-104 5.57954e-106 1.6966e-107 5.14349e-109 1.55479e-110 4.68655e-112 1.40877e-113 4.22337e-115 1.26283e-116 3.7664e-118 1.12055e-119 3.32574e-121 9.8474e-123 2.90909e-124 8.57472e-126 2.52193e-127 7.40147e-129 2.16769e-130 6.33566e-132 1.84809e-133 5.38031e-135 1.56339e-136 4.53437e-138 1.31273e-139 3.7937e-141 1.09444e-142 3.15196e-144 9.06238e-146 2.60132e-147 7.45501e-149 2.13314e-150 6.09429e-152 1.73848e-153 4.95194e-155 1.40847e-156 4.0004e-158 1.13462e-159 3.21369e-161 9.09018e-163 2.56783e-164 7.24431e-166 2.04115e-167 5.74391e-169 1.61439e-170 4.53193e-172 1.2707e-173
8.87788e-30 2.13316e-30 2.94169e-31 3.03452e-32 2.59334e-33 1.93605e-34 1.30348e-35 8.08258e-37 4.68438e-38 2.56515e-39 1.33815e-40 6.69302e-42 3.22624e-43 1.50504e-44 6.81834e-46 3.00851e-47 1.29609e-48 5.46319e-50 2.25724e-51 9.1563e-53 3.65156e-54 1.43347e-55 5.54527e-57 2.11597e-58 7.97128e-60 2.96703e-61 1.09194e-62 3.97601e-64 1.43324e-65 5.11741e-67 1.81074e-68 6.3524e-70 2.21042e-71 7.63197e-73 2.61566e-74 8.90129e-76 3.00876e-77 1.01044e-78 3.37239e-80 1.11888e-81 3.69104e-83 1.21096e-84 3.95201e-86 1.28322e-87 4.14625e-89 1.3334e-90 4.26862e-92 1.36052e-93 4.31795e-95 1.36479e-96 4.29662e-98 1.34746e-99 4.21007e-101 1.31067e-102 4.06607e-104 1.25713e-105 3.87395e-107 1.18997e-108 3.64391e-110 1.11246e-111 3.38628e-113 1.02782e-114 3.11103e-116 9.39101e-118 2.8273e-119 8.49013e-121 2.54312e-122 7.59898e-124 2.26521e-125 6.73671e-127 1.99895e-128 5.9182e-130 1.74838e-131 5.15422e-133 1.51632e-134 4.45184e-136 1.30445e-137 3.81484e-139 1.11353e-140 3.24431e-142 9.43528e-144 2.73915e-145 7.93818e-147 2.29661e-148 6.63326e-150 1.91274e-151 5.50667e-153 1.58285e-154 4.54276e-156 1.3018e-157 3.72497e-159 1.06431e-160 3.03665e-162 8.65192e-164 2.46168e-165 6.99461e-167 1.98481e-168 5.62481e-170 1.59199e-171 4.50013e-173 1.2705e-174
2.16534e-31 5.46253e-32 7.86222e-33 8.42945e-34 7.46368e-35 5.75837e-36 3.99833e-37 2.55245e-38 1.5207e-39 8.54916e-41 4.57336e-42 2.3433e-43 1.15606e-44 5.51502e-46 2.55308e-47 1.15033e-48 5.05725e-50 2.17408e-51 9.1563e-53 3.784e-54 1.53671e-55 6.14026e-57 2.41672e-58 9.37871e-60 3.59193e-61 1.35873e-62 5.08017e-64 1.87867e-65 6.87568e-67 2.4918e-68 8.94674e-70 3.18401e-71 1.12365e-72 3.93374e-74 1.36666e-75 4.71351e-77 1.61434e-78 5.4922e-80 1.85659e-81 6.23758e-83 2.08332e-84 6.91883e-86 2.28529e-87 7.50876e-89 2.4547e-90 7.98564e-92 2.58569e-93 8.33427e-95 2.67455e-96 8.54649e-98 2.71982e-99 8.62111e-101 2.72214e-102 8.5632e-104 2.68402e-105 8.38319e-107 2.60945e-108 8.09558e-110 2.5035e-111 7.71766e-113 2.37192e-114 7.26821e-116 2.22076e-117 6.76634e-119 2.05597e-120 6.23049e-122 1.8832e-123 5.67767e-125 1.70753e-126 5.12291e-128 1.53335e-129 4.57896e-131 1.36432e-132 4.0561e-134 1.20329e-135 3.56219e-137 1.05238e-138 3.10283e-140 9.13038e-142 2.68154e-143 7.8607e-145 2.30005e-146 6.71783e-148 1.95863e-149 5.70063e-151 1.65636e-152 4.80467e-154 1.39144e-155 4.02316e-157 1.16142e-158 3.34765e-160 9.63463e-162 2.76876e-163 7.94515e-165 2.27666e-166 6.51453e-168 1.86153e-169 5.3121e-171 1.51386e-172 4.30858e-174 1.22469e-175
5.28131e-33 1.39567e-33 2.09286e-34 2.3287e-35 2.13352e-36 1.69918e-37 1.21553e-38 7.9813e-40 4.88395e-41 2.81658e-42 1.54394e-43 8.0983e-45 4.08635e-46 1.99226e-47 9.41871e-49 4.331e-50 1.94201e-51 8.51018e-53 3.65156e-54 1.53671e-55 6.35203e-57 2.58227e-58 1.03361e-59 4.07779e-61 1.5871e-62 6.09892e-64 2.31579e-65 8.69439e-67 3.22955e-68 1.18756e-69 4.32523e-71 1.56101e-72 5.58526e-74 1.98197e-75 6.978e-77 2.43837e-78 8.45954e-80 2.91476e-81 9.97685e-83 3.39339e-84 1.14719e-85 3.85564e-87 1.28859e-88 4.28335e-90 1.4164e-91 4.66016e-93 1.52583e-94 4.9725e-96 1.61314e-97 5.21035e-99 1.67578e-100 5.36763e-102 1.71245e-103 5.44226e-105 1.72311e-106 5.43586e-108 1.7088e-109 5.35337e-111 1.67154e-112 5.20233e-114 1.61403e-115 4.99224e-117 1.53951e-118 4.73378e-120 1.45145e-121 4.43814e-123 1.35341e-124 4.1164e-126 1.2488e-127 3.77908e-129 1.14082e-130 3.4357e-132 1.03229e-133 3.09456e-135 9.25619e-137 2.76262e-138 8.22784e-140 2.44539e-141 7.25313e-143 2.14703e-144 6.34313e-146 1.87042e-147 5.50507e-149 1.6173e-150 4.74283e-152 1.38842e-153 4.05745e-155 1.18373e-156 3.44769e-158 1.00253e-159 2.91054e-161 8.43661e-163 2.44171e-164 7.05609e-166 2.03606e-167 5.86655e-169 1.68793e-170 4.84969e-172 1.39147e-173 3.98699e-175 1.14087e-176
1.28812e-34 3.55856e-35 5.5505e-36 6.40075e-37 6.06077e-38 4.97751e-39 3.66499e-40 2.47304e-41 1.55307e-42 9.181e-44 5.15337e-45 2.7653e-46 1.42628e-47 7.10237e-49 3.42717e-50 1.60746e-51 7.34775e-53 3.28061e-54 1.43347e-55 6.14026e-57 2.58227e-58 1.06759e-59 4.34413e-61 1.74161e-62 6.88587e-64 2.68716e-65 1.03583e-66 3.94681e-68 1.48745e-69 5.54797e-71 2.04903e-72 7.49725e-74 2.71888e-75 9.77675e-77 3.48727e-78 1.2343e-79 4.33653e-81 1.51283e-82 5.24192e-84 1.80452e-85 6.17329e-87 2.09922e-88 7.09721e-90 2.38614e-91 7.97939e-93 2.65456e-94 8.78707e-96 2.89465e-97 9.49117e-99 3.098e-100 1.0068e-101 3.25811e-103 1.05004e-104 3.37069e-106 1.07784e-107 3.43371e-109 1.08992e-110 3.44737e-112 1.08665e-113 3.41384e-115 1.06902e-116 3.33697e-118 1.03844e-119 3.22189e-121 9.96714e-123 3.07463e-124 9.45821e-126 2.90167e-127 8.87851e-129 2.70964e-130 8.24874e-132 2.50493e-133 7.58858e-135 2.29353e-136 6.91593e-138 2.08076e-139 6.24652e-141 1.87121e-142 5.5936e-144 1.66866e-145 4.96784e-147 1.47608e-148 4.37737e-150 1.29567e-151 3.82796e-153 1.12889e-154 3.32321e-156 9.76574e-158 2.86489e-159 8.3903e-161 2.45318e-162 7.16108e-164 2.08706e-165 6.07313e-167 1.76451e-168 5.11893e-170 1.48283e-171 4.28917e-173 1.23889e-174 3.5734e-176 1.02927e-177
3.14177e-36 9.05624e-37 1.46707e-37 1.75116e-38 1.71182e-39 1.4483e-40 1.09665e-41 7.59842e-43 4.89352e-44 2.96323e-45 1.70207e-46 9.33788e-48 4.92016e-49 2.50109e-50 1.23117e-51 5.88728e-53 2.74203e-54 1.24678e-55 5.54527e-57 2.41672e-58 1.03361e-59 4.34413e-61 1.7963e-62 7.31558e-64 2.93719e-65 1.16359e-66 4.55198e-68 1.75969e-69 6.72653e-71 2.54404e-72 9.52518e-74 3.53228e-75 1.29799e-76 4.72834e-78 1.70821e-79 6.12245e-81 2.17778e-82 7.69032e-84 2.6968e-85 9.39391e-87 3.25128e-88 1.11835e-89 3.824e-91 1.30008e-92 4.39566e-94 1.47831e-95 4.9462e-97 1.64672e-98 5.45611e-100 1.7994e-101 5.9077e-103 1.93115e-104 6.28611e-106 2.03783e-107 6.58007e-109 2.1165e-110 6.78233e-112 2.16551e-113 6.88978e-115 2.18452e-116 6.90328e-118 2.1744e-119 6.82726e-121 2.13704e-122 6.66915e-124 2.07517e-125 6.43865e-127 1.99216e-128 6.14707e-130 1.89173e-131 5.80659e-133 1.7778e-134 5.42959e-136 1.65424e-137 5.0281e-139 1.52476e-140 4.61335e-142 1.39273e-143 4.19544e-145 1.26114e-146 3.7831e-148 1.13252e-149 3.38361e-151 1.00894e-152 3.00272e-154 8.91969e-156 2.64475e-157 7.82771e-159 2.31268e-160 6.82089e-162 2.00829e-163 5.90314e-165 1.73231e-166 5.07537e-168 1.48464e-169 4.33609e-171 1.26448e-172 3.68189e-174 1.07051e-175 3.10797e-177 9.0104e-179
7.66285e-38 2.30074e-38 3.86556e-39 4.77037e-40 4.80921e-41 4.18783e-42 3.25827e-43 2.3164e-44 1.52878e-45 9.47655e-47 5.5668e-48 3.12066e-49 1.67884e-50 8.70732e-52 4.37039e-53 2.12962e-54 1.0102e-55 4.67577e-57 2.11597e-58 9.37871e-60 4.07779e-61 1.74161e-62 7.31558e-64 3.02546e-65 1.23312e-66 4.95757e-68 1.96758e-69 7.7146e-71 2.99018e-72 1.14643e-73 4.35019e-75 1.63456e-76 6.08456e-78 2.24484e-79 8.21195e-81 2.97971e-82 1.07281e-83 3.83384e-85 1.36032e-86 4.79366e-88 1.67815e-89 5.8377e-91 2.01838e-92 6.9376e-94 2.37113e-95 8.05982e-97 2.72523e-98 9.1678e-100 3.06892e-101 1.02243e-102 3.39057e-104 1.11936e-105 3.67945e-107 1.2044e-108 3.9263e-110 1.2749e-111 4.12382e-113 1.32892e-114 4.26694e-116 1.36521e-117 4.35302e-119 1.38333e-120 4.38173e-122 1.38352e-123 4.35492e-125 1.36667e-126 4.27631e-128 1.33422e-129 4.15114e-131 1.28801e-132 3.98577e-134 1.23018e-135 3.78721e-137 1.16302e-138 3.56283e-140 1.08885e-141 3.31992e-143 1.00994e-144 3.06545e-146 9.28417e-148 2.80583e-149 8.46191e-151 2.54673e-152 7.64931e-154 2.293e-155 6.86033e-157 2.04862e-158 6.10619e-160 1.81671e-161 5.39539e-163 1.59954e-164 4.7339e-166 1.39864e-167 4.12545e-169 1.21486e-170 3.57177e-172 1.04847e-173 3.07294e-175 8.99274e-177 2.62772e-178 7.66703e-180
1.86899e-39 5.83573e-40 1.01559e-40 1.29433e-41 1.34443e-42 1.20393e-43 9.6172e-45 7.01026e-46 4.73817e-47 3.00477e-48 1.8041e-49 1.03285e-50 5.67034e-52 2.99914e-53 1.53418e-54 7.61469e-56 3.67726e-57 1.73189e-58 7.97128e-60 3.59193e-61 1.5871e-62 6.88587e-64 2.93719e-65 1.23312e-66 5.10044e-68 2.08034e-69 8.37404e-71 3.32915e-72 1.30805e-73 5.08244e-75 1.95401e-76 7.43732e-78 2.80381e-79 1.04741e-80 3.87883e-82 1.42453e-83 5.19014e-85 1.8766e-86 6.73576e-88 2.40076e-89 8.49918e-91 2.98941e-92 1.04491e-93 3.63038e-95 1.25402e-96 4.30748e-98 1.4716e-99 5.00135e-101 1.69117e-102 5.69062e-104 1.90579e-105 6.35327e-107 2.10856e-108 6.9679e-110 2.29297e-111 7.515e-113 2.45326e-114 7.97798e-116 2.58477e-117 8.34397e-119 2.68405e-120 8.60429e-122 2.74907e-123 8.75465e-125 2.77914e-126 8.79502e-128 2.77491e-129 8.72931e-131 2.73817e-132 8.56485e-134 2.67169e-135 8.31166e-137 2.57899e-138 7.98179e-140 2.46412e-141 7.58854e-143 2.33138e-144 7.14579e-146 2.18519e-147 6.66731e-149 2.02981e-150 6.16629e-152 1.86928e-153 5.65489e-155 1.70723e-156 5.14393e-158 1.54686e-159 4.64273e-161 1.39085e-162 4.15898e-164 1.24139e-165 3.69875e-167 1.10014e-168 3.26658e-170 9.683e-172 2.86555e-173 8.46646e-175 2.49748e-176 7.35565e-178 2.16307e-179 6.35129e-181
4.5585e-41 1.47802e-41 2.6611e-42 3.49889e-43 3.74115e-44 3.44239e-45 2.82125e-46 2.10715e-47 1.45763e-48 9.45132e-50 5.79694e-51 3.38755e-52 1.89696e-53 1.02273e-54 5.32955e-56 2.69327e-57 1.32355e-58 6.34046e-60 2.96703e-61 1.35873e-62 6.09892e-64 2.68716e-65 1.16359e-66 4.95757e-68 2.08034e-69 8.60584e-71 3.51244e-72 1.41549e-73 5.63619e-75 2.21881e-76 8.64093e-78 3.33072e-79 1.27136e-80 4.80778e-82 1.802e-83 6.6968e-85 2.46854e-86 9.02866e-88 3.27758e-89 1.1813e-90 4.22832e-92 1.50345e-93 5.31163e-95 1.86505e-96 6.50984e-98 2.25921e-99 7.79717e-101 2.67665e-102 9.14103e-104 3.10615e-105 1.05037e-106 3.53522e-108 1.18444e-109 3.95084e-111 1.3122e-112 4.34013e-114 1.42971e-115 4.69119e-117 1.53341e-118 4.99362e-120 1.62032e-121 5.23908e-123 1.68817e-124 5.42159e-126 1.73548e-127 5.53772e-129 1.76155e-130 5.58656e-132 1.76649e-133 5.5696e-135 1.75111e-136 5.49044e-138 1.71685e-139 5.35445e-141 1.66564e-142 5.16836e-144 1.59976e-145 4.93983e-147 1.52175e-148 4.67707e-150 1.43424e-151 4.38839e-153 1.33982e-154 4.08191e-156 1.24101e-157 3.76528e-159 1.14012e-160 3.44545e-162 1.03921e-163 3.12852e-165 9.40082e-167 2.81968e-168 8.4422e-170 2.52317e-171 7.52812e-173 2.24227e-174 6.66754e-176 1.97938e-177 5.86671e-179 1.73608e-180 5.12943e-182
1.11183e-42 3.73829e-43 6.95537e-44 9.42572e-45 1.03658e-45 9.79316e-47 8.22887e-48 6.29342e-49 4.45308e-50 2.9506e-51 1.84778e-52 1.10164e-53 6.28941e-55 3.45491e-56 1.83333e-57 9.42907e-59 4.71364e-60 2.29594e-61 1.09194e-62 5.08017e-64 2.31579e-65 1.03583e-66 4.55198e-68 1.96758e-69 8.37404e-71 3.51244e-72 1.45318e-73 5.93477e-75 2.39421e-76 9.54714e-78 3.76525e-79 1.46946e-80 5.67787e-82 2.17308e-83 8.24166e-85 3.09869e-86 1.15538e-87 4.27374e-89 1.5688e-90 5.71659e-92 2.06842e-93 7.43341e-95 2.65398e-96 9.41602e-98 3.32045e-99 1.16407e-100 4.05786e-102 1.40681e-103 4.85147e-105 1.6645e-106 5.68247e-108 1.93064e-109 6.52886e-111 2.19791e-112 7.36669e-114 2.45857e-115 8.17136e-117 2.70493e-118 8.91901e-120 2.92969e-121 9.58776e-123 3.12639e-124 1.01588e-125 3.28967e-127 1.06172e-128 3.4155e-130 1.09526e-131 3.50133e-133 1.11592e-134 3.5461e-136 1.1236e-137 3.55018e-139 1.11863e-140 3.51525e-142 1.10174e-143 3.44413e-145 1.07395e-146 3.34053e-148 1.03657e-149 3.20885e-151 9.91048e-153 3.05388e-154 9.38951e-156 2.88061e-157 8.81856e-159 2.69401e-160 8.21307e-162 2.49882e-163 7.58761e-165 2.29948e-166 6.95545e-168 2.09994e-169 6.32834e-171 1.90365e-172 5.71629e-174 1.7135e-175 5.12754e-177 1.5318e-178 4.56853e-180 1.36033e-181 4.04404e-183
2.71178e-44 9.44301e-45 1.81372e-45 2.53103e-46 2.86058e-47 2.77286e-48 2.38725e-49 1.86843e-50 1.35155e-51 9.14664e-53 5.84555e-54 3.55399e-55 2.06774e-56 1.15683e-57 6.24845e-59 3.26947e-60 1.66201e-61 8.22835e-63 3.97601e-64 1.87867e-65 8.69439e-67 3.94681e-68 1.75969e-69 7.7146e-71 3.32915e-72 1.41549e-73 5.93477e-75 2.45563e-76 1.00345e-77 4.05211e-79 1.61801e-80 6.39199e-82 2.49957e-83 9.67999e-85 3.7141e-86 1.41247e-87 5.32614e-89 1.9921e-90 7.39295e-92 2.72312e-93 9.95824e-95 3.61647e-96 1.30463e-97 4.67617e-99 1.6657e-100 5.89792e-102 2.07628e-103 7.26844e-105 2.53072e-106 8.76539e-108 3.0206e-109 1.03581e-110 3.53503e-112 1.20088e-113 4.06117e-115 1.36745e-116 4.5849e-118 1.53094e-119 5.09153e-121 1.68673e-122 5.56664e-124 1.83036e-125 5.99678e-127 1.95783e-128 6.37013e-130 2.06572e-131 6.67703e-133 2.15137e-134 6.91037e-136 2.21296e-137 7.06578e-139 2.24953e-140 7.14163e-142 2.26102e-143 7.13899e-145 2.24813e-146 7.0613e-148 2.21232e-149 6.91409e-151 2.1556e-152 6.70455e-154 2.08046e-155 6.44106e-157 1.98969e-158 6.1328e-160 1.88625e-161 5.78925e-163 1.77316e-164 5.41988e-166 1.65336e-167 5.03377e-169 1.52963e-170 4.63938e-172 1.40452e-173 4.24431e-175 1.28029e-176 3.85519e-178 1.15887e-179 3.47764e-181 1.04186e-182 3.11618e-184
6.6141e-46 2.3825e-46 4.7193e-47 6.77591e-48 7.86443e-49 7.81633e-50 6.8906e-51 5.516e-52 4.0769e-53 2.81661e-54 1.83617e-55 1.13793e-56 6.74416e-58 3.84125e-59 2.11113e-60 1.12342e-61 5.80519e-63 2.9203e-64 1.43324e-65 6.87568e-67 3.22955e-68 1.48745e-69 6.72653e-71 2.99018e-72 1.30805e-73 5.63619e-75 2.39421e-76 1.00345e-77 4.1524e-79 1.6977e-80 6.86194e-82 2.74346e-83 1.08552e-84 4.25284e-86 1.65048e-87 6.34762e-89 2.4202e-90 9.15133e-92 3.43287e-93 1.27793e-94 4.7224e-96 1.73278e-97 6.31486e-99 2.28628e-100 8.22512e-102 2.94101e-103 1.0454e-104 3.69479e-106 1.29865e-107 4.54018e-109 1.57907e-110 5.46446e-112 1.88182e-113 6.44993e-115 2.2006e-116 7.47464e-118 2.5279e-119 8.51335e-121 2.85538e-122 9.53887e-124 3.17428e-125 1.05234e-126 3.47589e-128 1.14398e-129 3.75194e-131 1.22634e-132 3.99504e-134 1.29724e-135 4.19899e-137 1.35495e-138 4.35903e-140 1.39821e-141 4.47197e-143 1.42626e-144 4.53628e-146 1.43889e-147 4.55201e-149 1.43634e-150 4.52072e-152 1.41932e-153 4.44526e-155 1.38893e-156 4.32958e-158 1.34654e-159 4.17845e-161 1.29377e-162 3.99723e-164 1.23237e-165 3.79159e-167 1.16416e-168 3.56727e-170 1.09095e-171 3.32992e-173 1.01447e-174 3.08485e-176 9.3634e-178 2.83695e-179 8.58026e-181 2.59056e-182 7.8081e-184 2.34945e-185
1.6132e-47 6.00446e-48 1.22546e-48 1.80886e-49 2.15447e-50 2.19412e-51 1.97946e-52 1.61982e-53 1.22267e-54 8.61922e-56 5.7291e-57 3.61761e-58 2.1832e-59 1.26547e-60 7.0742e-62 3.82715e-63 2.00968e-64 1.02691e-65 5.11741e-67 2.4918e-68 1.18756e-69 5.54797e-71 2.54404e-72 1.14643e-73 5.08244e-75 2.21881e-76 9.54714e-78 4.05211e-79 1.6977e-80 7.02599e-82 2.874e-83 1.16264e-84 4.65383e-86 1.84415e-87 7.23761e-89 2.81444e-90 1.08482e-91 4.14618e-93 1.57186e-94 5.91276e-96 2.20756e-97 8.18275e-99 3.01209e-100 1.10135e-101 4.00109e-103 1.44451e-104 5.18373e-106 1.84941e-107 6.56107e-109 2.31497e-110 8.12492e-112 2.83705e-113 9.85723e-115 3.40838e-116 1.17303e-117 4.01877e-119 1.37075e-120 4.6554e-122 1.57449e-123 5.30345e-125 1.77933e-126 5.94675e-128 1.98003e-129 6.56859e-131 2.17131e-132 7.15255e-134 2.34814e-135 7.68325e-137 2.50588e-138 8.14709e-140 2.6406e-141 8.53278e-143 2.74914e-144 8.83179e-146 2.82927e-147 9.03857e-149 2.87973e-150 9.15067e-152 2.9002e-153 9.16858e-155 2.89131e-156 9.09556e-158 2.85448e-159 8.93732e-161 2.79184e-162 8.70153e-164 2.70608e-165 8.39741e-167 2.60031e-168 8.03526e-170 2.4779e-171 7.62593e-173 2.34231e-174 7.18044e-176 2.197e-177 6.70958e-179 2.04532e-180 6.22357e-182 1.89036e-183 5.73178e-185 1.73495e-186
3.93462e-49 1.51169e-49 3.17609e-50 4.816e-51 5.88252e-52 6.13486e-53 5.66085e-54 4.73298e-55 3.64674e-56 2.62202e-57 1.77625e-58 1.14236e-59 7.01732e-61 4.13795e-62 2.35205e-63 1.29323e-64 6.89874e-66 3.57965e-67 1.81074e-68 8.94674e-70 4.32523e-71 2.04903e-72 9.52518e-74 4.35019e-75 1.95401e-76 8.64093e-78 3.76525e-79 1.61801e-80 6.86194e-82 2.874e-83 1.18952e-84 4.868e-86 1.97087e-87 7.89781e-89 3.13398e-90 1.232e-91 4.79983e-93 1.85396e-94 7.10203e-96 2.69908e-97 1.01797e-98 3.81118e-100 1.4168e-101 5.23113e-103 1.91876e-104 6.99336e-106 2.53327e-107 9.12215e-109 3.266e-110 1.16284e-111 4.11793e-113 1.45068e-114 5.08465e-116 1.77343e-117 6.15596e-119 2.12697e-120 7.31594e-122 2.50539e-123 8.54336e-125 2.90122e-126 9.81245e-128 3.30572e-129 1.1094e-130 3.70929e-132 1.23569e-133 4.1019e-135 1.35692e-136 4.47356e-138 1.47e-139 4.81479e-141 1.57206e-142 5.11706e-144 1.66059e-145 5.37311e-147 1.73355e-148 5.57726e-150 1.7894e-151 5.72555e-153 1.82717e-154 5.81586e-156 1.84649e-157 5.84786e-159 1.84751e-160 5.82291e-162 1.83093e-163 5.7439e-165 1.79788e-166 5.61502e-168 1.74984e-169 5.44151e-171 1.68861e-172 5.22936e-174 1.61617e-175 4.98501e-177 1.53461e-178 4.71516e-180 1.44603e-181 4.42644e-183 1.35251e-184 4.12525e-186 1.25601e-187
9.59664e-51 3.80216e-51 8.21685e-52 1.27901e-52 1.6011e-53 1.70896e-54 1.61202e-55 1.3764e-56 1.08205e-57 7.93173e-59 5.47412e-60 3.58433e-61 2.24037e-62 1.34352e-63 7.76246e-65 4.33636e-66 2.34925e-67 1.23749e-68 6.3524e-70 3.18401e-71 1.56101e-72 7.49725e-74 3.53228e-75 1.63456e-76 7.43732e-78 3.33072e-79 1.46946e-80 6.39199e-82 2.74346e-83 1.16264e-84 4.868e-86 2.01498e-87 8.24972e-89 3.34253e-90 1.34084e-91 5.32767e-93 2.09762e-94 8.18675e-96 3.16842e-97 1.21637e-98 4.63352e-100 1.7519e-101 6.57621e-103 2.45146e-104 9.07744e-106 3.33956e-107 1.22095e-108 4.4369e-110 1.60295e-111 5.75832e-113 2.05726e-114 7.31086e-116 2.58468e-117 9.09219e-119 3.18286e-120 1.10895e-121 3.84604e-123 1.32793e-124 4.56509e-126 1.56274e-127 5.32765e-129 1.80902e-130 6.11861e-132 2.06162e-133 6.9207e-135 2.31482e-136 7.71525e-138 2.56261e-139 8.48303e-141 2.79891e-142 9.20514e-144 3.0179e-145 9.86381e-147 3.21424e-148 1.04432e-149 3.38328e-151 1.093e-152 3.5213e-154 1.13139e-155 3.62554e-157 1.1588e-158 3.69435e-160 1.17486e-161 3.72714e-163 1.17957e-164 3.72436e-166 1.17322e-167 3.68743e-169 1.15639e-170 3.6186e-172 1.12992e-173 3.52079e-175 1.09481e-176 3.39746e-178 1.05222e-179 3.25244e-181 1.0034e-182 3.08973e-184 9.49639e-186 2.91341e-187 8.92206e-189
