0.983317 0.00404868 0.00205825 0.00104637 0.00053195 0.000270431 0.000137481 6.98921e-05 3.55315e-05 1.80634e-05 9.18302e-06 4.66843e-06 2.37332e-06 1.20654e-06 6.13378e-07 3.11827e-07 1.58526e-07 8.05909e-08 4.09705e-08 2.08285e-08 1.05887e-08 5.38306e-09 2.73662e-09 1.39123e-09 7.07271e-10 3.5956e-10 1.82792e-10 9.29273e-11 4.72421e-11 2.40168e-11 1.22096e-11 6.20707e-12 3.15553e-12 1.6042e-12 8.15537e-13 4.146e-13 2.10773e-13 1.07152e-13 5.44737e-14 2.76932e-14 1.40786e-14 7.15722e-15 3.63856e-15 1.84976e-15 9.40376e-16 4.78065e-16 2.43037e-16 1.23555e-16 6.28123e-17 3.19323e-17 1.62337e-17 8.25281e-18 4.19554e-18 2.13291e-18 1.08432e-18 5.51246e-19 2.8024e-19 1.42468e-19 7.24273e-20 3.68204e-20 1.87186e-20 9.51612e-21 4.83777e-21 2.45941e-21 1.25031e-21 6.35628e-22 3.23138e-22 1.64276e-22 8.35142e-23 4.24567e-23 2.1584e-23 1.09728e-23 5.57832e-24 2.83589e-24 1.4417e-24 7.32927e-25 3.72603e-25 1.89423e-25 9.62981e-26 4.89557e-26 2.4888e-26 1.26525e-26 6.43222e-27 3.26999e-27 1.66239e-27 8.4512e-28 4.29639e-28 2.18419e-28 1.11039e-28 5.64497e-29 2.86977e-29 1.45892e-29 7.41683e-30 3.77055e-30 1.91686e-30 9.74487e-31 4.95407e-31 2.51853e-31 1.28036e-31 6.50907e-32 3.30906e-32
0.00404868 5.06814e-05 2.59057e-05 1.32413e-05 6.76785e-06 3.45907e-06 1.76789e-06 9.03525e-07 4.61756e-07 2.35979e-07 1.20593e-07 6.16251e-08 3.14907e-08 1.60915e-08 8.22239e-09 4.20135e-09 2.14669e-09 1.09682e-09 5.60396e-10 2.86314e-10 1.46278e-10 7.47315e-11 3.81785e-11 1.9504e-11 9.96365e-12 5.08982e-12 2.60002e-12 1.32813e-12 6.78415e-13 3.46529e-13 1.77001e-13 9.04066e-14 4.61759e-14 2.35842e-14 1.20453e-14 6.15186e-15 3.14185e-15 1.60455e-15 8.19435e-16 4.18471e-16 2.13702e-16 1.09129e-16 5.57272e-17 2.84566e-17 1.45309e-17 7.41977e-18 3.78863e-18 1.93448e-18 9.87731e-19 5.04319e-19 2.57492e-19 1.31466e-19 6.71205e-20 3.42681e-20 1.74951e-20 8.93171e-21 4.5598e-21 2.32782e-21 1.18835e-21 6.06642e-22 3.0968e-22 1.58084e-22 8.06962e-23 4.11919e-23 2.10263e-23 1.07327e-23 5.47829e-24 2.79624e-24 1.42724e-24 7.28475e-25 3.71813e-25 1.8977e-25 9.68552e-26 4.94325e-26 2.52287e-26 1.28757e-26 6.57113e-27 3.35354e-27 1.71143e-27 8.73393e-28 4.45711e-28 2.27452e-28 1.1607e-28 5.92307e-29 3.02249e-29 1.54233e-29 7.87018e-30 4.01592e-30 2.04918e-30 1.04561e-30 5.33521e-31 2.72225e-31 1.38899e-31 7.08703e-32 3.61596e-32 1.84492e-32 9.41296e-33 4.80252e-33 2.45022e-33 1.25008e-33 6.37769e-34
0.00205825 2.59057e-05 1.3243e-05 6.76964e-06 3.46044e-06 1.76882e-06 9.04119e-07 4.62119e-07 2.36194e-07 1.20718e-07 6.16972e-08 3.15316e-08 1.61144e-08 8.23513e-09 4.20838e-09 2.15055e-09 1.09893e-09 5.61542e-10 2.86935e-10 1.46613e-10 7.49118e-11 3.82753e-11 1.95558e-11 9.99129e-12 5.10455e-12 2.60786e-12 1.33229e-12 6.8062e-13 3.47696e-13 1.77617e-13 9.07321e-14 4.63476e-14 2.36746e-14 1.20929e-14 6.17685e-15 3.15497e-15 1.61144e-15 8.23044e-16 4.20362e-16 2.14691e-16 1.09647e-16 5.59977e-17 2.85979e-17 1.46046e-17 7.45827e-18 3.8087e-18 1.94494e-18 9.93181e-19 5.07156e-19 2.58969e-19 1.32234e-19 6.75201e-20 3.44757e-20 1.7603e-20 8.98776e-21 4.5889e-21 2.34292e-21 1.19619e-21 6.10707e-22 3.11788e-22 1.59176e-22 8.12623e-23 4.14852e-23 2.11782e-23 1.08113e-23 5.519e-24 2.81732e-24 1.43815e-24 7.34115e-25 3.74729e-25 1.91278e-25 9.76347e-26 4.98353e-26 2.54369e-26 1.29832e-26 6.62668e-27 3.38222e-27 1.72624e-27 8.81038e-28 4.49657e-28 2.29489e-28 1.17121e-28 5.97727e-29 3.05045e-29 1.55675e-29 7.94454e-30 4.05426e-30 2.06894e-30 1.05579e-30 5.3877e-31 2.7493e-31 1.40293e-31 7.15883e-32 3.65294e-32 1.86397e-32 9.51104e-33 4.85302e-33 2.47622e-33 1.26346e-33 6.44659e-34 3.28921e-34
0.00104637 1.32413e-05 6.76964e-06 3.4609e-06 1.76929e-06 9.04475e-07 4.62361e-07 2.36349e-07 1.20813e-07 6.17533e-08 3.15643e-08 1.61331e-08 8.24575e-09 4.21434e-09 2.15386e-09 1.10076e-09 5.62547e-10 2.87483e-10 1.46911e-10 7.50733e-11 3.83624e-11 1.96027e-11 1.00165e-11 5.11802e-12 2.61505e-12 1.33612e-12 6.82658e-13 3.48778e-13 1.78191e-13 9.10358e-14 4.65081e-14 2.37594e-14 1.21376e-14 6.20038e-15 3.16735e-15 1.61794e-15 8.26461e-16 4.22155e-16 2.15631e-16 1.10139e-16 5.62554e-17 2.87327e-17 1.46751e-17 7.49507e-18 3.82791e-18 1.95497e-18 9.9841e-19 5.09882e-19 2.60388e-19 1.32974e-19 6.79048e-20 3.46759e-20 1.77071e-20 9.04187e-21 4.61701e-21 2.35752e-21 1.20377e-21 6.14643e-22 3.1383e-22 1.60235e-22 8.18116e-23 4.17699e-23 2.13258e-23 1.08878e-23 5.5586e-24 2.83782e-24 1.44876e-24 7.39608e-25 3.77572e-25 1.92748e-25 9.83952e-26 5.02285e-26 2.56401e-26 1.30883e-26 6.68097e-27 3.41027e-27 1.74073e-27 8.88521e-28 4.53521e-28 2.31484e-28 1.18151e-28 6.03041e-29 3.07787e-29 1.5709e-29 8.0175e-30 4.09189e-30 2.08835e-30 1.0658e-30 5.43928e-31 2.77589e-31 1.41663e-31 7.22944e-32 3.68932e-32 1.88271e-32 9.60758e-33 4.90274e-33 2.50183e-33 1.27665e-33 6.51448e-34 3.32416e-34 1.69621e-34
0.00053195 6.76785e-06 3.46044e-06 1.76929e-06 9.04594e-07 4.62482e-07 2.36441e-07 1.20876e-07 6.17934e-08 3.15888e-08 1.61477e-08 8.25425e-09 4.21922e-09 2.15662e-09 1.10231e-09 5.63408e-10 2.87959e-10 1.47172e-10 7.5216e-11 3.844e-11 1.96447e-11 1.00391e-11 5.13022e-12 2.62159e-12 1.33963e-12 6.84529e-13 3.49775e-13 1.78721e-13 9.13174e-14 4.66574e-14 2.38384e-14 1.21793e-14 6.22243e-15 3.17898e-15 1.62407e-15 8.29683e-16 4.23848e-16 2.16521e-16 1.10606e-16 5.65001e-17 2.88609e-17 1.47422e-17 7.53017e-18 3.84626e-18 1.96455e-18 1.00341e-18 5.12493e-19 2.6175e-19 1.33683e-19 6.82747e-20 3.48685e-20 1.78073e-20 9.09402e-21 4.64414e-21 2.37162e-21 1.2111e-21 6.18449e-22 3.15806e-22 1.61261e-22 8.23439e-23 4.20461e-23 2.1469e-23 1.0962e-23 5.59708e-24 2.85775e-24 1.45909e-24 7.44955e-25 3.8034e-25 1.94181e-25 9.91365e-26 5.0612e-26 2.58385e-26 1.31909e-26 6.73399e-27 3.43768e-27 1.75489e-27 8.95838e-28 4.57301e-28 2.33436e-28 1.19159e-28 6.08245e-29 3.10474e-29 1.58476e-29 8.08905e-30 4.1288e-30 2.10739e-30 1.07562e-30 5.48993e-31 2.802e-31 1.43009e-31 7.29884e-32 3.7251e-32 1.90114e-32 9.70257e-33 4.95168e-33 2.52704e-33 1.28963e-33 6.58135e-34 3.3586e-34 1.71394e-34 8.74634e-35
0.000270431 3.45907e-06 1.76882e-06 9.04475e-07 4.62482e-07 2.36472e-07 1.20907e-07 6.18175e-08 3.16052e-08 1.61582e-08 8.26063e-09 4.22301e-09 2.15883e-09 1.10358e-09 5.64126e-10 2.88362e-10 1.47396e-10 7.53397e-11 3.85079e-11 1.96818e-11 1.00593e-11 5.14115e-12 2.62749e-12 1.3428e-12 6.86232e-13 3.50687e-13 1.79208e-13 9.15769e-14 4.67954e-14 2.39117e-14 1.22182e-14 6.243e-15 3.18985e-15 1.62981e-15 8.3271e-16 4.25443e-16 2.1736e-16 1.11047e-16 5.67317e-17 2.89824e-17 1.48059e-17 7.56355e-18 3.86373e-18 1.97369e-18 1.00819e-18 5.1499e-19 2.63054e-19 1.34364e-19 6.86295e-20 3.50535e-20 1.79037e-20 9.1442e-21 4.67026e-21 2.38522e-21 1.21817e-21 6.22123e-22 3.17716e-22 1.62253e-22 8.2859e-23 4.23135e-23 2.16077e-23 1.1034e-23 5.6344e-24 2.87711e-24 1.46912e-24 7.50152e-25 3.83032e-25 1.95575e-25 9.98583e-26 5.09856e-26 2.60318e-26 1.32909e-26 6.78572e-27 3.46443e-27 1.76872e-27 9.02987e-28 4.60995e-28 2.35345e-28 1.20145e-28 6.13339e-29 3.13104e-29 1.59834e-29 8.15915e-30 4.16498e-30 2.12606e-30 1.08525e-30 5.53963e-31 2.82764e-31 1.44331e-31 7.36701e-32 3.76024e-32 1.91926e-32 9.79596e-33 4.99981e-33 2.55184e-33 1.30241e-33 6.64718e-34 3.3925e-34 1.7314e-34 8.83627e-35 4.50957e-35
0.000137481 1.76789e-06 9.04119e-07 4.62361e-07 2.36441e-07 1.20907e-07 6.18255e-08 3.16133e-08 1.61644e-08 8.26489e-09 4.22572e-09 2.16049e-09 1.10457e-09 5.64702e-10 2.88691e-10 1.47583e-10 7.54445e-11 3.85662e-11 1.9714e-11 1.0077e-11 5.1508e-12 2.63274e-12 1.34564e-12 6.87767e-13 3.51513e-13 1.79652e-13 9.18141e-14 4.69221e-14 2.39792e-14 1.22541e-14 6.26208e-15 3.19996e-15 1.63516e-15 8.35541e-16 4.26937e-16 2.18148e-16 1.11462e-16 5.69501e-17 2.90973e-17 1.48662e-17 7.5952e-18 3.88033e-18 1.98239e-18 1.01274e-18 5.17371e-19 2.64299e-19 1.35014e-19 6.89691e-20 3.52307e-20 1.79961e-20 9.19239e-21 4.69537e-21 2.39829e-21 1.22497e-21 6.25665e-22 3.19558e-22 1.63211e-22 8.33567e-23 4.2572e-23 2.1742e-23 1.11037e-23 5.67058e-24 2.89587e-24 1.47885e-24 7.55198e-25 3.85647e-25 1.9693e-25 1.0056e-25 5.13492e-26 2.622e-26 1.33883e-26 6.83614e-27 3.49051e-27 1.78222e-27 9.09965e-28 4.64603e-28 2.3721e-28 1.21109e-28 6.18319e-29 3.15677e-29 1.61163e-29 8.22778e-30 4.20042e-30 2.14435e-30 1.0947e-30 5.58836e-31 2.85278e-31 1.45629e-31 7.43392e-32 3.79475e-32 1.93706e-32 9.88771e-33 5.04711e-33 2.57623e-33 1.31498e-33 6.71194e-34 3.42587e-34 1.74859e-34 8.92482e-35 4.55518e-35 2.3249e-35
6.98921e-05 9.03525e-07 4.62119e-07 2.36349e-07 1.20876e-07 6.18175e-08 3.16133e-08 1.61665e-08 8.26702e-09 4.22735e-09 2.1616e-09 1.10527e-09 5.65133e-10 2.88948e-10 1.47733e-10 7.55303e-11 3.86148e-11 1.97412e-11 1.00921e-11 5.15918e-12 2.63734e-12 1.34816e-12 6.89133e-13 3.52253e-13 1.80051e-13 9.20291e-14 4.70375e-14 2.4041e-14 1.22871e-14 6.27966e-15 3.20932e-15 1.64013e-15 8.38174e-16 4.28331e-16 2.18885e-16 1.11851e-16 5.71553e-17 2.92054e-17 1.49231e-17 7.6251e-18 3.89604e-18 1.99063e-18 1.01707e-18 5.19635e-19 2.65484e-19 1.35634e-19 6.92934e-20 3.54001e-20 1.80846e-20 9.23857e-21 4.71945e-21 2.41085e-21 1.23151e-21 6.29073e-22 3.21332e-22 1.64134e-22 8.38368e-23 4.28216e-23 2.18717e-23 1.11711e-23 5.70558e-24 2.91404e-24 1.48828e-24 7.6009e-25 3.88185e-25 1.98246e-25 1.01242e-25 5.17026e-26 2.64031e-26 1.34831e-26 6.88524e-27 3.51593e-27 1.79537e-27 9.1677e-28 4.68123e-28 2.3903e-28 1.2205e-28 6.23185e-29 3.18192e-29 1.62463e-29 8.29492e-30 4.2351e-30 2.16226e-30 1.10394e-30 5.6361e-31 2.87743e-31 1.469e-31 7.49956e-32 3.82862e-32 1.95453e-32 9.97781e-33 5.09357e-33 2.60018e-33 1.32733e-33 6.7756e-34 3.45869e-34 1.7655e-34 9.01196e-35 4.60007e-35 2.34803e-35 1.1985e-35
3.55315e-05 4.61756e-07 2.36194e-07 1.20813e-07 6.17934e-08 3.16052e-08 1.61644e-08 8.26702e-09 4.22789e-09 2.16215e-09 1.1057e-09 5.65421e-10 2.89131e-10 1.47845e-10 7.5597e-11 3.86537e-11 1.97636e-11 1.01048e-11 5.16627e-12 2.64128e-12 1.35034e-12 6.9033e-13 3.52907e-13 1.80406e-13 9.22216e-14 4.71414e-14 2.40969e-14 1.23171e-14 6.29573e-15 3.2179e-15 1.64471e-15 8.40608e-16 4.29624e-16 2.1957e-16 1.12214e-16 5.73472e-17 2.93067e-17 1.49765e-17 7.65325e-18 3.91085e-18 1.99842e-18 1.02116e-18 5.21782e-19 2.6661e-19 1.36224e-19 6.96022e-20 3.55617e-20 1.81691e-20 9.28271e-21 4.7425e-21 2.42288e-21 1.23779e-21 6.32345e-22 3.23037e-22 1.65022e-22 8.42991e-23 4.30622e-23 2.19969e-23 1.12362e-23 5.7394e-24 2.93161e-24 1.4974e-24 7.64828e-25 3.90643e-25 1.99521e-25 1.01904e-25 5.20457e-26 2.6581e-26 1.35753e-26 6.93298e-27 3.54066e-27 1.80817e-27 9.23399e-28 4.71554e-28 2.40805e-28 1.22968e-28 6.27935e-29 3.20648e-29 1.63732e-29 8.36054e-30 4.26901e-30 2.17979e-30 1.113e-30 5.68285e-31 2.90157e-31 1.48147e-31 7.56389e-32 3.86182e-32 1.97166e-32 1.00662e-32 5.13918e-33 2.62371e-33 1.33946e-33 6.83816e-34 3.49094e-34 1.78213e-34 9.09765e-35 4.64423e-35 2.37079e-35 1.21022e-35 6.17778e-36
1.80634e-05 2.35979e-07 1.20718e-07 6.17533e-08 3.15888e-08 1.61582e-08 8.26489e-09 4.22735e-09 2.16215e-09 1.10584e-09 5.65565e-10 2.89242e-10 1.4792e-10 7.56448e-11 3.86829e-11 1.97809e-11 1.01149e-11 5.17207e-12 2.64457e-12 1.35218e-12 6.91356e-13 3.53474e-13 1.80718e-13 9.23917e-14 4.72339e-14 2.4147e-14 1.23442e-14 6.31029e-15 3.22572e-15 1.64889e-15 8.42843e-16 4.30815e-16 2.20204e-16 1.12551e-16 5.75257e-17 2.94012e-17 1.50265e-17 7.67964e-18 3.92477e-18 2.00575e-18 1.02502e-18 5.23811e-19 2.67675e-19 1.36783e-19 6.98954e-20 3.57154e-20 1.82495e-20 9.32481e-21 4.76452e-21 2.43438e-21 1.2438e-21 6.3548e-22 3.24672e-22 1.65875e-22 8.47435e-23 4.32937e-23 2.21174e-23 1.12989e-23 5.77202e-24 2.94858e-24 1.50622e-24 7.69409e-25 3.93023e-25 2.00757e-25 1.02545e-25 5.23783e-26 2.67535e-26 1.36648e-26 6.97937e-27 3.5647e-27 1.82063e-27 9.2985e-28 4.74894e-28 2.42535e-28 1.23863e-28 6.32566e-29 3.23044e-29 1.64972e-29 8.42462e-30 4.30214e-30 2.19691e-30 1.12184e-30 5.72858e-31 2.92519e-31 1.49367e-31 7.6269e-32 3.89435e-32 1.98845e-32 1.01529e-32 5.18391e-33 2.64679e-33 1.35137e-33 6.89958e-34 3.52261e-34 1.79846e-34 9.18188e-35 4.68765e-35 2.39317e-35 1.22176e-35 6.23723e-36 3.18414e-36
9.18302e-06 1.20593e-07 6.16972e-08 3.15643e-08 1.61477e-08 8.26063e-09 4.22572e-09 2.1616e-09 1.1057e-09 5.65565e-10 2.89278e-10 1.47957e-10 7.56734e-11 3.87024e-11 1.97933e-11 1.01225e-11 5.17659e-12 2.64721e-12 1.35369e-12 6.92212e-13 3.53954e-13 1.80985e-13 9.25393e-14 4.73149e-14 2.41913e-14 1.23683e-14 6.32334e-15 3.23276e-15 1.65268e-15 8.44878e-16 4.31905e-16 2.20786e-16 1.12861e-16 5.76907e-17 2.94888e-17 1.5073e-17 7.70425e-18 3.93778e-18 2.01262e-18 1.02864e-18 5.2572e-19 2.68681e-19 1.37312e-19 7.0173e-20 3.58611e-20 1.83259e-20 9.36484e-21 4.78548e-21 2.44535e-21 1.24953e-21 6.38477e-22 3.26238e-22 1.66692e-22 8.51698e-23 4.35159e-23 2.22332e-23 1.13592e-23 5.80343e-24 2.96492e-24 1.51473e-24 7.73831e-25 3.95321e-25 2.01951e-25 1.03165e-25 5.27004e-26 2.69207e-26 1.37515e-26 7.02437e-27 3.58803e-27 1.83273e-27 9.3612e-28 4.78143e-28 2.44217e-28 1.24735e-28 6.37077e-29 3.25379e-29 1.6618e-29 8.48714e-30 4.33448e-30 2.21363e-30 1.13049e-30 5.77327e-31 2.94828e-31 1.5056e-31 7.68855e-32 3.9262e-32 2.0049e-32 1.02378e-32 5.22775e-33 2.66942e-33 1.36305e-33 6.95984e-34 3.5537e-34 1.8145e-34 9.2646e-35 4.73031e-35 2.41517e-35 1.2331e-35 6.29568e-36 3.21427e-36 1.64102e-36
4.66843e-06 6.16251e-08 3.15316e-08 1.61331e-08 8.25425e-09 4.22301e-09 2.16049e-09 1.10527e-09 5.65421e-10 2.89242e-10 1.47957e-10 7.56829e-11 3.87121e-11 1.98008e-11 1.01276e-11 5.17982e-12 2.64918e-12 1.35487e-12 6.92897e-13 3.54347e-13 1.81208e-13 9.26642e-14 4.73844e-14 2.42297e-14 1.23893e-14 6.33486e-15 3.23902e-15 1.65608e-15 8.46711e-16 4.32891e-16 2.21316e-16 1.13145e-16 5.78422e-17 2.95696e-17 1.5116e-17 7.72707e-18 3.94988e-18 2.01903e-18 1.03203e-18 5.2751e-19 2.69625e-19 1.37809e-19 7.04349e-20 3.59987e-20 1.83983e-20 9.4028e-21 4.80539e-21 2.45578e-21 1.255e-21 6.41336e-22 3.27733e-22 1.67473e-22 8.55778e-23 4.37289e-23 2.23443e-23 1.14171e-23 5.83363e-24 2.98065e-24 1.52292e-24 7.78093e-25 3.97539e-25 2.03104e-25 1.03765e-25 5.30119e-26 2.70825e-26 1.38355e-26 7.06798e-27 3.61066e-27 1.84446e-27 9.42207e-28 4.81299e-28 2.45853e-28 1.25582e-28 6.41468e-29 3.27652e-29 1.67357e-29 8.54807e-30 4.36601e-30 2.22995e-30 1.13893e-30 5.81691e-31 2.97085e-31 1.51727e-31 7.74884e-32 3.95735e-32 2.021e-32 1.0321e-32 5.27069e-33 2.69159e-33 1.37449e-33 7.01893e-34 3.5842e-34 1.83024e-34 9.34579e-35 4.7722e-35 2.43677e-35 1.24424e-35 6.35313e-36 3.24389e-36 1.65629e-36 8.45673e-37
2.37332e-06 3.14907e-08 1.61144e-08 8.24575e-09 4.21922e-09 2.15883e-09 1.10457e-09 5.65133e-10 2.89131e-10 1.4792e-10 7.56734e-11 3.87121e-11 1.98033e-11 1.01301e-11 5.18176e-12 2.6505e-12 1.35571e-12 6.93411e-13 3.54653e-13 1.81386e-13 9.27665e-14 4.74424e-14 2.42622e-14 1.24074e-14 6.34485e-15 3.24451e-15 1.65908e-15 8.48342e-16 4.33775e-16 2.21793e-16 1.13402e-16 5.79801e-17 2.96435e-17 1.51554e-17 7.74811e-18 3.96107e-18 2.02498e-18 1.03518e-18 5.29179e-19 2.70507e-19 1.38276e-19 7.06808e-20 3.61283e-20 1.84665e-20 9.43867e-21 4.82423e-21 2.46567e-21 1.26018e-21 6.44054e-22 3.29156e-22 1.68218e-22 8.59674e-23 4.39325e-23 2.24507e-23 1.14727e-23 5.86259e-24 2.99576e-24 1.53079e-24 7.82194e-25 3.99674e-25 2.04216e-25 1.04343e-25 5.33126e-26 2.72388e-26 1.39168e-26 7.11017e-27 3.63257e-27 1.85584e-27 9.48109e-28 4.84361e-28 2.47441e-28 1.26406e-28 6.45735e-29 3.29863e-29 1.68503e-29 8.60739e-30 4.39673e-30 2.24585e-30 1.14716e-30 5.85948e-31 2.99287e-31 1.52866e-31 7.80773e-32 3.9878e-32 2.03673e-32 1.04023e-32 5.3127e-33 2.71329e-33 1.3857e-33 7.07681e-34 3.61409e-34 1.84566e-34 9.42542e-35 4.81329e-35 2.45797e-35 1.25518e-35 6.40956e-36 3.27299e-36 1.6713e-36 8.5341e-37 4.35768e-37
1.20654e-06 1.60915e-08 8.23513e-09 4.21434e-09 2.15662e-09 1.10358e-09 5.64702e-10 2.88948e-10 1.47845e-10 7.56448e-11 3.87024e-11 1.98008e-11 1.01301e-11 5.1824e-12 2.65116e-12 1.35621e-12 6.93754e-13 3.54871e-13 1.8152e-13 9.28461e-14 4.74888e-14 2.42888e-14 1.24225e-14 6.35332e-15 3.24922e-15 1.66168e-15 8.49771e-16 4.34556e-16 2.22218e-16 1.13632e-16 5.81044e-17 2.97103e-17 1.51913e-17 7.76734e-18 3.97135e-18 2.03045e-18 1.0381e-18 5.30728e-19 2.71329e-19 1.3871e-19 7.09108e-20 3.62498e-20 1.85306e-20 9.47243e-21 4.842e-21 2.47502e-21 1.26509e-21 6.46632e-22 3.30508e-22 1.68926e-22 8.63384e-23 4.41267e-23 2.25522e-23 1.15257e-23 5.89031e-24 3.01023e-24 1.53834e-24 7.86132e-25 4.01726e-25 2.05285e-25 1.049e-25 5.36024e-26 2.73896e-26 1.39952e-26 7.15093e-27 3.65375e-27 1.86684e-27 9.53824e-28 4.87327e-28 2.48981e-28 1.27204e-28 6.49877e-29 3.32011e-29 1.69616e-29 8.66509e-30 4.42661e-30 2.26133e-30 1.15517e-30 5.90098e-31 3.01435e-31 1.53977e-31 7.86522e-32 4.01753e-32 2.05211e-32 1.04818e-32 5.35379e-33 2.73452e-33 1.39667e-33 7.13348e-34 3.64336e-34 1.86078e-34 9.50346e-35 4.85358e-35 2.47877e-35 1.26591e-35 6.46494e-36 3.30156e-36 1.68604e-36 8.61012e-37 4.39688e-37 2.2453e-37
6.13378e-07 8.22239e-09 4.20838e-09 2.15386e-09 1.10231e-09 5.64126e-10 2.88691e-10 1.47733e-10 7.5597e-11 3.86829e-11 1.97933e-11 1.01276e-11 5.18176e-12 2.65116e-12 1.35638e-12 6.93925e-13 3.55002e-13 1.81609e-13 9.29029e-14 4.75236e-14 2.43095e-14 1.24346e-14 6.36024e-15 3.25315e-15 1.66388e-15 8.50997e-16 4.35233e-16 2.2259e-16 1.13835e-16 5.8215e-17 2.97703e-17 1.52237e-17 7.78476e-18 3.9807e-18 2.03546e-18 1.04077e-18 5.32154e-19 2.72088e-19 1.39114e-19 7.11247e-20 3.63631e-20 1.85905e-20 9.50408e-21 4.85869e-21 2.48382e-21 1.26972e-21 6.49067e-22 3.31788e-22 1.69598e-22 8.66907e-23 4.43113e-23 2.26489e-23 1.15763e-23 5.91678e-24 3.02406e-24 1.54556e-24 7.89905e-25 4.03695e-25 2.06311e-25 1.05435e-25 5.38812e-26 2.75348e-26 1.40707e-26 7.19026e-27 3.6742e-27 1.87748e-27 9.59349e-28 4.90198e-28 2.50471e-28 1.27978e-28 6.53894e-29 3.34095e-29 1.70697e-29 8.72113e-30 4.45566e-30 2.27638e-30 1.16297e-30 5.94137e-31 3.03527e-31 1.5506e-31 7.92127e-32 4.04653e-32 2.06711e-32 1.05594e-32 5.39392e-33 2.75527e-33 1.4074e-33 7.18891e-34 3.672e-34 1.87558e-34 9.57989e-35 4.89305e-35 2.49915e-35 1.27643e-35 6.51925e-36 3.32959e-36 1.7005e-36 8.68474e-37 4.43538e-37 2.26516e-37 1.1568e-37
3.11827e-07 4.20135e-09 2.15055e-09 1.10076e-09 5.63408e-10 2.88362e-10 1.47583e-10 7.55303e-11 3.86537e-11 1.97809e-11 1.01225e-11 5.17982e-12 2.6505e-12 1.35621e-12 6.93925e-13 3.55046e-13 1.81653e-13 9.29371e-14 4.75468e-14 2.43243e-14 1.24436e-14 6.36564e-15 3.25629e-15 1.66568e-15 8.52019e-16 4.35807e-16 2.22909e-16 1.14011e-16 5.83118e-17 2.98232e-17 1.52525e-17 7.80036e-18 3.98913e-18 2.04e-18 1.04321e-18 5.33459e-19 2.72785e-19 1.39485e-19 7.13224e-20 3.64681e-20 1.86462e-20 9.53359e-21 4.8743e-21 2.49206e-21 1.27407e-21 6.51359e-22 3.32994e-22 1.70233e-22 8.70242e-23 4.44864e-23 2.27407e-23 1.16245e-23 5.94199e-24 3.03726e-24 1.55247e-24 7.93511e-25 4.05579e-25 2.07295e-25 1.05948e-25 5.41489e-26 2.76743e-26 1.41434e-26 7.22812e-27 3.69391e-27 1.88773e-27 9.64684e-28 4.92971e-28 2.51913e-28 1.28727e-28 6.57783e-29 3.36114e-29 1.71745e-29 8.7755e-30 4.48387e-30 2.291e-30 1.17055e-30 5.98066e-31 3.05562e-31 1.56114e-31 7.97586e-32 4.0748e-32 2.08174e-32 1.06351e-32 5.43309e-33 2.77553e-33 1.41788e-33 7.24309e-34 3.7e-34 1.89005e-34 9.65468e-35 4.93169e-35 2.51911e-35 1.28674e-35 6.57248e-36 3.35707e-36 1.71469e-36 8.75796e-37 4.47316e-37 2.28465e-37 1.16686e-37 5.95953e-38
1.58526e-07 2.14669e-09 1.09893e-09 5.62547e-10 2.87959e-10 1.47396e-10 7.54445e-11 3.86148e-11 1.97636e-11 1.01149e-11 5.17659e-12 2.64918e-12 1.35571e-12 6.93754e-13 3.55002e-13 1.81653e-13 9.29485e-14 4.75584e-14 2.43332e-14 1.24497e-14 6.36949e-15 3.25865e-15 1.66709e-15 8.52837e-16 4.36276e-16 2.23175e-16 1.14161e-16 5.83949e-17 2.98691e-17 1.52777e-17 7.81414e-18 3.99663e-18 2.04406e-18 1.0454e-18 5.3464e-19 2.73419e-19 1.39825e-19 7.1504e-20 3.65649e-20 1.86977e-20 9.56096e-21 4.88882e-21 2.49975e-21 1.27814e-21 6.53508e-22 3.34128e-22 1.7083e-22 8.73387e-23 4.46518e-23 2.28277e-23 1.16701e-23 5.96592e-24 3.0498e-24 1.55904e-24 7.96951e-25 4.07378e-25 2.08236e-25 1.0644e-25 5.44054e-26 2.78082e-26 1.42133e-26 7.26451e-27 3.71288e-27 1.89761e-27 9.69824e-28 4.95646e-28 2.53304e-28 1.29451e-28 6.61543e-29 3.38068e-29 1.72759e-29 8.82818e-30 4.51121e-30 2.30519e-30 1.17791e-30 6.01882e-31 3.0754e-31 1.57139e-31 8.02899e-32 4.10231e-32 2.09599e-32 1.07089e-32 5.47128e-33 2.7953e-33 1.4281e-33 7.29598e-34 3.72736e-34 1.9042e-34 9.7278e-35 4.96948e-35 2.53864e-35 1.29683e-35 6.6246e-36 3.38399e-36 1.72859e-36 8.82974e-37 4.51022e-37 2.30378e-37 1.17673e-37 6.01046e-38 3.06995e-38
8.05909e-08 1.09682e-09 5.61542e-10 2.87483e-10 1.47172e-10 7.53397e-11 3.85662e-11 1.97412e-11 1.01048e-11 5.17207e-12 2.64721e-12 1.35487e-12 6.93411e-13 3.54871e-13 1.81609e-13 9.29371e-14 4.75584e-14 2.43362e-14 1.24527e-14 6.3718e-15 3.26022e-15 1.66809e-15 8.53451e-16 4.36642e-16 2.23388e-16 1.14283e-16 5.84642e-17 2.9908e-17 1.52993e-17 7.8261e-18 4.00319e-18 2.04765e-18 1.04736e-18 5.35699e-19 2.73991e-19 1.40133e-19 7.16692e-20 3.66534e-20 1.8745e-20 9.58618e-21 4.90225e-21 2.50688e-21 1.28192e-21 6.55512e-22 3.35188e-22 1.7139e-22 8.76341e-23 4.48075e-23 2.29096e-23 1.17132e-23 5.98858e-24 3.0617e-24 1.56528e-24 8.00222e-25 4.09091e-25 2.09132e-25 1.06909e-25 5.46506e-26 2.79363e-26 1.42801e-26 7.29942e-27 3.73108e-27 1.9071e-27 9.7477e-28 4.98222e-28 2.54645e-28 1.30148e-28 6.65173e-29 3.39955e-29 1.7374e-29 8.87915e-30 4.53768e-30 2.31894e-30 1.18505e-30 6.05584e-31 3.09461e-31 1.58135e-31 8.08062e-32 4.12908e-32 2.10986e-32 1.07807e-32 5.50848e-33 2.81456e-33 1.43807e-33 7.34758e-34 3.75406e-34 1.91801e-34 9.79923e-35 5.00642e-35 2.55773e-35 1.3067e-35 6.67561e-36 3.41035e-36 1.7422e-36 8.90006e-37 4.54653e-37 2.32253e-37 1.18641e-37 6.06042e-38 3.09574e-38 1.58132e-38
4.09705e-08 5.60396e-10 2.86935e-10 1.46911e-10 7.5216e-11 3.85079e-11 1.9714e-11 1.00921e-11 5.16627e-12 2.64457e-12 1.35369e-12 6.92897e-13 3.54653e-13 1.8152e-13 9.29029e-14 4.75468e-14 2.43332e-14 1.24527e-14 6.37257e-15 3.26101e-15 1.66869e-15 8.53861e-16 4.36903e-16 2.23548e-16 1.14378e-16 5.85197e-17 2.99398e-17 1.53174e-17 7.83622e-18 4.00883e-18 2.05077e-18 1.04907e-18 5.36634e-19 2.745e-19 1.40409e-19 7.18182e-20 3.67336e-20 1.87881e-20 9.60924e-21 4.91457e-21 2.51345e-21 1.28542e-21 6.5737e-22 3.36174e-22 1.71912e-22 8.79103e-23 4.49534e-23 2.29866e-23 1.17538e-23 6.00995e-24 3.07294e-24 1.57118e-24 8.03323e-25 4.10718e-25 2.09985e-25 1.07355e-25 5.48844e-26 2.80586e-26 1.43441e-26 7.33283e-27 3.74853e-27 1.9162e-27 9.79519e-28 5.00698e-28 2.55935e-28 1.3082e-28 6.68671e-29 3.41776e-29 1.74687e-29 8.92839e-30 4.56328e-30 2.33224e-30 1.19196e-30 6.09171e-31 3.11323e-31 1.59102e-31 8.13074e-32 4.15507e-32 2.12334e-32 1.08505e-32 5.54468e-33 2.83331e-33 1.44778e-33 7.39787e-34 3.78009e-34 1.93148e-34 9.86895e-35 5.04248e-35 2.57639e-35 1.31635e-35 6.72548e-36 3.43612e-36 1.75553e-36 8.9689e-37 4.5821e-37 2.3409e-37 1.1959e-37 6.10941e-38 3.12103e-38 1.59437e-38 8.14469e-39
2.08285e-08 2.86314e-10 1.46613e-10 7.50733e-11 3.844e-11 1.96818e-11 1.0077e-11 5.15918e-12 2.64128e-12 1.35218e-12 6.92212e-13 3.54347e-13 1.81386e-13 9.28461e-14 4.75236e-14 2.43243e-14 1.24497e-14 6.3718e-15 3.26101e-15 1.66889e-15 8.54066e-16 4.3706e-16 2.23654e-16 1.14446e-16 5.85613e-17 2.99646e-17 1.53318e-17 7.84451e-18 4.01353e-18 2.0534e-18 1.05053e-18 5.37445e-19 2.74945e-19 1.40652e-19 7.19507e-20 3.68054e-20 1.88269e-20 9.63013e-21 4.92579e-21 2.51946e-21 1.28863e-21 6.59083e-22 3.37085e-22 1.72397e-22 8.81673e-23 4.50895e-23 2.30586e-23 1.17918e-23 6.03002e-24 3.08352e-24 1.57675e-24 8.06253e-25 4.12258e-25 2.10794e-25 1.07779e-25 5.51068e-26 2.81751e-26 1.44051e-26 7.36473e-27 3.76521e-27 1.92492e-27 9.84069e-28 5.03072e-28 2.57174e-28 1.31466e-28 6.72036e-29 3.43529e-29 1.756e-29 8.97589e-30 4.58799e-30 2.34509e-30 1.19863e-30 6.12642e-31 3.13126e-31 1.60038e-31 8.17934e-32 4.18029e-32 2.13642e-32 1.09184e-32 5.57986e-33 2.85154e-33 1.45723e-33 7.44682e-34 3.80544e-34 1.94461e-34 9.93692e-35 5.07766e-35 2.59459e-35 1.32577e-35 6.77419e-36 3.46131e-36 1.76855e-36 9.03622e-37 4.61689e-37 2.35888e-37 1.20519e-37 6.15739e-38 3.14581e-38 1.60717e-38 8.21077e-39 4.19469e-39
1.05887e-08 1.46278e-10 7.49118e-11 3.83624e-11 1.96447e-11 1.00593e-11 5.1508e-12 2.63734e-12 1.35034e-12 6.91356e-13 3.53954e-13 1.81208e-13 9.27665e-14 4.74888e-14 2.43095e-14 1.24436e-14 6.36949e-15 3.26022e-15 1.66869e-15 8.54066e-16 4.37112e-16 2.23707e-16 1.14487e-16 5.85891e-17 2.99823e-17 1.53426e-17 7.85096e-18 4.01729e-18 2.05556e-18 1.05176e-18 5.38132e-19 2.75327e-19 1.40863e-19 7.20667e-20 3.68689e-20 1.88614e-20 9.64885e-21 4.9359e-21 2.52491e-21 1.29156e-21 6.60648e-22 3.37922e-22 1.72843e-22 8.84048e-23 4.52158e-23 2.31256e-23 1.18273e-23 6.04879e-24 3.09343e-24 1.58199e-24 8.09011e-25 4.1371e-25 2.11558e-25 1.08181e-25 5.53176e-26 2.82857e-26 1.44631e-26 7.3951e-27 3.78111e-27 1.93323e-27 9.88419e-28 5.05345e-28 2.58361e-28 1.32086e-28 6.75268e-29 3.45213e-29 1.76478e-29 9.02163e-30 4.6118e-30 2.35748e-30 1.20508e-30 6.15995e-31 3.14869e-31 1.60944e-31 8.22639e-32 4.20472e-32 2.1491e-32 1.09842e-32 5.61401e-33 2.86926e-33 1.46642e-33 7.49443e-34 3.83011e-34 1.95739e-34 1.00031e-34 5.11195e-35 2.61234e-35 1.33495e-35 6.82173e-36 3.48591e-36 1.78127e-36 9.10202e-37 4.65091e-37 2.37646e-37 1.21428e-37 6.20436e-38 3.17008e-38 1.6197e-38 8.27552e-39 4.22812e-39 2.1602e-39
5.38306e-09 7.47315e-11 3.82753e-11 1.96027e-11 1.00391e-11 5.14115e-12 2.63274e-12 1.34816e-12 6.9033e-13 3.53474e-13 1.80985e-13 9.26642e-14 4.74424e-14 2.42888e-14 1.24346e-14 6.36564e-15 3.25865e-15 1.66809e-15 8.53861e-16 4.3706e-16 2.23707e-16 1.145e-16 5.86029e-17 2.99929e-17 1.53499e-17 7.85557e-18 4.02011e-18 2.05724e-18 1.05274e-18 5.38694e-19 2.75646e-19 1.41042e-19 7.21663e-20 3.69239e-20 1.88916e-20 9.66538e-21 4.94489e-21 2.52978e-21 1.29419e-21 6.62067e-22 3.38684e-22 1.73251e-22 8.86229e-23 4.53321e-23 2.31875e-23 1.18602e-23 6.06624e-24 3.10268e-24 1.58688e-24 8.11596e-25 4.15074e-25 2.12277e-25 1.0856e-25 5.55168e-26 2.83904e-26 1.4518e-26 7.42395e-27 3.79623e-27 1.94116e-27 9.92566e-28 5.07515e-28 2.59495e-28 1.32678e-28 6.78364e-29 3.46829e-29 1.77321e-29 9.06558e-30 4.63471e-30 2.36941e-30 1.2113e-30 6.19229e-31 3.16551e-31 1.61819e-31 8.27188e-32 4.22836e-32 2.16138e-32 1.1048e-32 5.64712e-33 2.88644e-33 1.47533e-33 7.54067e-34 3.85409e-34 1.96982e-34 1.00675e-34 5.14532e-35 2.62963e-35 1.3439e-35 6.86808e-36 3.5099e-36 1.79369e-36 9.16626e-37 4.68414e-37 2.39365e-37 1.22316e-37 6.2503e-38 3.19382e-38 1.63198e-38 8.33892e-39 4.26088e-39 2.17712e-39 1.11239e-39
2.73662e-09 3.81785e-11 1.95558e-11 1.00165e-11 5.13022e-12 2.62749e-12 1.34564e-12 6.89133e-13 3.52907e-13 1.80718e-13 9.25393e-14 4.73844e-14 2.42622e-14 1.24225e-14 6.36024e-15 3.25629e-15 1.66709e-15 8.53451e-16 4.36903e-16 2.23654e-16 1.14487e-16 5.86029e-17 2.99965e-17 1.53535e-17 7.85834e-18 4.02199e-18 2.05844e-18 1.05347e-18 5.39131e-19 2.75901e-19 1.41189e-19 7.22493e-20 3.69705e-20 1.89176e-20 9.67971e-21 4.95277e-21 2.53409e-21 1.29653e-21 6.63337e-22 3.3937e-22 1.73621e-22 8.88214e-23 4.54384e-23 2.32443e-23 1.18905e-23 6.08238e-24 3.11125e-24 1.59143e-24 8.14007e-25 4.1635e-25 2.12951e-25 1.08915e-25 5.57043e-26 2.84891e-26 1.457e-26 7.45125e-27 3.81057e-27 1.94868e-27 9.96511e-28 5.09582e-28 2.60577e-28 1.33245e-28 6.81324e-29 3.48376e-29 1.78129e-29 9.10774e-30 4.6567e-30 2.38088e-30 1.21727e-30 6.22343e-31 3.18173e-31 1.62663e-31 8.31579e-32 4.2512e-32 2.17326e-32 1.11097e-32 5.67917e-33 2.90309e-33 1.48398e-33 7.58553e-34 3.87737e-34 1.98189e-34 1.01301e-34 5.17777e-35 2.64645e-35 1.35262e-35 6.91322e-36 3.53328e-36 1.80579e-36 9.22892e-37 4.71657e-37 2.41043e-37 1.23184e-37 6.2952e-38 3.21704e-38 1.64398e-38 8.40096e-39 4.29294e-39 2.19368e-39 1.12095e-39 5.72785e-40
1.39123e-09 1.9504e-11 9.99129e-12 5.11802e-12 2.62159e-12 1.3428e-12 6.87767e-13 3.52253e-13 1.80406e-13 9.23917e-14 4.73149e-14 2.42297e-14 1.24074e-14 6.35332e-15 3.25315e-15 1.66568e-15 8.52837e-16 4.36642e-16 2.23548e-16 1.14446e-16 5.85891e-17 2.99929e-17 1.53535e-17 7.85926e-18 4.02293e-18 2.05916e-18 1.05396e-18 5.39444e-19 2.76093e-19 1.41303e-19 7.23158e-20 3.70087e-20 1.89392e-20 9.69185e-21 4.95953e-21 2.53782e-21 1.29859e-21 6.64459e-22 3.39981e-22 1.73952e-22 8.90003e-23 4.55347e-23 2.32961e-23 1.19182e-23 6.09719e-24 3.11916e-24 1.59563e-24 8.16242e-25 4.17536e-25 2.13579e-25 1.09248e-25 5.588e-26 2.85818e-26 1.46189e-26 7.477e-27 3.82411e-27 1.9558e-27 1.00025e-27 5.11544e-28 2.61606e-28 1.33784e-28 6.84146e-29 3.49853e-29 1.78901e-29 9.14809e-30 4.67778e-30 2.39188e-30 1.22301e-30 6.25336e-31 3.19733e-31 1.63475e-31 8.35811e-32 4.27323e-32 2.18472e-32 1.11693e-32 5.71016e-33 2.91919e-33 1.49234e-33 7.62899e-34 3.89993e-34 1.9936e-34 1.01909e-34 5.2093e-35 2.66279e-35 1.36109e-35 6.95715e-36 3.55604e-36 1.81758e-36 9.28998e-37 4.74819e-37 2.4268e-37 1.24031e-37 6.33903e-38 3.23971e-38 1.65571e-38 8.4616e-39 4.32429e-39 2.20989e-39 1.12933e-39 5.77114e-40 2.94915e-40
7.07271e-10 9.96365e-12 5.10455e-12 2.61505e-12 1.33963e-12 6.86232e-13 3.51513e-13 1.80051e-13 9.22216e-14 4.72339e-14 2.41913e-14 1.23893e-14 6.34485e-15 3.24922e-15 1.66388e-15 8.52019e-16 4.36276e-16 2.23388e-16 1.14378e-16 5.85613e-17 2.99823e-17 1.53499e-17 7.85834e-18 4.02293e-18 2.0594e-18 1.05421e-18 5.39632e-19 2.7622e-19 1.41384e-19 7.23657e-20 3.70384e-20 1.89565e-20 9.70179e-21 4.96516e-21 2.54099e-21 1.30035e-21 6.65433e-22 3.40516e-22 1.74244e-22 8.91594e-23 4.5621e-23 2.33427e-23 1.19433e-23 6.11068e-24 3.12638e-24 1.5995e-24 8.18303e-25 4.18633e-25 2.14162e-25 1.09557e-25 5.60439e-26 2.86686e-26 1.46647e-26 7.50118e-27 3.83686e-27 1.96252e-27 1.00378e-27 5.13401e-28 2.62581e-28 1.34295e-28 6.86829e-29 3.51259e-29 1.79637e-29 9.18662e-30 4.69792e-30 2.40241e-30 1.22851e-30 6.28206e-31 3.2123e-31 1.64256e-31 8.39882e-32 4.29443e-32 2.19576e-32 1.12268e-32 5.74008e-33 2.93475e-33 1.50043e-33 7.67104e-34 3.92178e-34 2.00495e-34 1.02498e-34 5.23988e-35 2.67866e-35 1.36933e-35 6.99983e-36 3.57817e-36 1.82905e-36 9.34942e-37 4.77898e-37 2.44275e-37 1.24857e-37 6.38178e-38 3.26184e-38 1.66716e-38 8.52084e-39 4.35494e-39 2.22574e-39 1.13752e-39 5.81349e-40 2.97104e-40 1.51835e-40
3.5956e-10 5.08982e-12 2.60786e-12 1.33612e-12 6.84529e-13 3.50687e-13 1.79652e-13 9.20291e-14 4.71414e-14 2.4147e-14 1.23683e-14 6.33486e-15 3.24451e-15 1.66168e-15 8.50997e-16 4.35807e-16 2.23175e-16 1.14283e-16 5.85197e-17 2.99646e-17 1.53426e-17 7.85557e-18 4.02199e-18 2.05916e-18 1.05421e-18 5.39694e-19 2.76284e-19 1.41433e-19 7.23989e-20 3.70596e-20 1.89695e-20 9.70953e-21 4.96967e-21 2.54358e-21 1.30182e-21 6.66257e-22 3.40974e-22 1.74498e-22 8.92988e-23 4.56972e-23 2.33842e-23 1.19658e-23 6.12283e-24 3.13293e-24 1.60301e-24 8.20186e-25 4.1964e-25 2.14699e-25 1.09843e-25 5.61959e-26 2.87492e-26 1.47074e-26 7.5238e-27 3.84881e-27 1.96882e-27 1.00711e-27 5.15152e-28 2.63503e-28 1.3478e-28 6.89374e-29 3.52594e-29 1.80337e-29 9.22331e-30 4.71713e-30 2.41246e-30 1.23377e-30 6.30953e-31 3.22665e-31 1.65005e-31 8.4379e-32 4.31482e-32 2.20639e-32 1.12821e-32 5.76891e-33 2.94976e-33 1.50824e-33 7.71166e-34 3.9429e-34 2.01593e-34 1.03069e-34 5.2695e-35 2.69404e-35 1.37731e-35 7.04127e-36 3.59967e-36 1.8402e-36 9.40722e-37 4.80894e-37 2.45827e-37 1.25662e-37 6.42344e-38 3.28341e-38 1.67832e-38 8.57865e-39 4.38485e-39 2.24121e-39 1.14553e-39 5.85489e-40 2.99245e-40 1.52942e-40 7.81663e-41
1.82792e-10 2.60002e-12 1.33229e-12 6.82658e-13 3.49775e-13 1.79208e-13 9.18141e-14 4.70375e-14 2.40969e-14 1.23442e-14 6.32334e-15 3.23902e-15 1.65908e-15 8.49771e-16 4.35233e-16 2.22909e-16 1.14161e-16 5.84642e-17 2.99398e-17 1.53318e-17 7.85096e-18 4.02011e-18 2.05844e-18 1.05396e-18 5.39632e-19 2.76284e-19 1.41449e-19 7.24155e-20 3.70723e-20 1.89782e-20 9.71505e-21 4.97306e-21 2.54559e-21 1.30299e-21 6.66932e-22 3.41357e-22 1.74712e-22 8.94184e-23 4.57633e-23 2.34205e-23 1.19857e-23 6.13364e-24 3.13879e-24 1.60618e-24 8.21892e-25 4.20556e-25 2.1519e-25 1.10106e-25 5.6336e-26 2.88238e-26 1.47471e-26 7.54483e-27 3.85996e-27 1.97472e-27 1.01022e-27 5.16797e-28 2.6437e-28 1.35237e-28 6.91778e-29 3.53858e-29 1.81001e-29 9.25814e-30 4.7354e-30 2.42203e-30 1.23878e-30 6.33576e-31 3.24037e-31 1.65722e-31 8.47535e-32 4.33437e-32 2.21659e-32 1.13354e-32 5.79664e-33 2.96421e-33 1.51577e-33 7.75083e-34 3.96328e-34 2.02653e-34 1.0362e-34 5.29817e-35 2.70894e-35 1.38505e-35 7.08144e-36 3.62052e-36 1.85102e-36 9.46336e-37 4.83806e-37 2.47337e-37 1.26444e-37 6.464e-38 3.30443e-38 1.68921e-38 8.63501e-39 4.41403e-39 2.25632e-39 1.15334e-39 5.89534e-40 3.01337e-40 1.54024e-40 7.87258e-41 4.02382e-41
9.29273e-11 1.32813e-12 6.8062e-13 3.48778e-13 1.78721e-13 9.15769e-14 4.69221e-14 2.4041e-14 1.23171e-14 6.31029e-15 3.23276e-15 1.65608e-15 8.48342e-16 4.34556e-16 2.2259e-16 1.14011e-16 5.83949e-17 2.9908e-17 1.53174e-17 7.84451e-18 4.01729e-18 2.05724e-18 1.05347e-18 5.39444e-19 2.7622e-19 1.41433e-19 7.24155e-20 3.70765e-20 1.89825e-20 9.71837e-21 4.97531e-21 2.54703e-21 1.30387e-21 6.67457e-22 3.41663e-22 1.74888e-22 8.95181e-23 4.58193e-23 2.34517e-23 1.20029e-23 6.14311e-24 3.14397e-24 1.609e-24 8.23421e-25 4.21382e-25 2.15635e-25 1.10345e-25 5.6464e-26 2.88922e-26 1.47836e-26 7.56427e-27 3.87029e-27 1.98021e-27 1.01313e-27 5.18336e-28 2.65183e-28 1.35666e-28 6.9404e-29 3.55049e-29 1.81628e-29 9.29111e-30 4.75272e-30 2.43112e-30 1.24355e-30 6.36074e-31 3.25345e-31 1.66407e-31 8.51115e-32 4.35308e-32 2.22636e-32 1.13864e-32 5.82327e-33 2.9781e-33 1.52301e-33 7.78855e-34 3.98293e-34 2.03676e-34 1.04152e-34 5.32585e-35 2.72334e-35 1.39253e-35 7.12033e-36 3.64072e-36 1.86152e-36 9.51782e-37 4.86632e-37 2.48803e-37 1.27205e-37 6.50343e-38 3.32487e-38 1.6998e-38 8.6899e-39 4.44246e-39 2.27104e-39 1.16097e-39 5.9348e-40 3.03379e-40 1.55081e-40 7.92725e-41 4.0521e-41 2.07124e-41
4.72421e-11 6.78415e-13 3.47696e-13 1.78191e-13 9.13174e-14 4.67954e-14 2.39792e-14 1.22871e-14 6.29573e-15 3.22572e-15 1.65268e-15 8.46711e-16 4.33775e-16 2.22218e-16 1.13835e-16 5.83118e-17 2.98691e-17 1.52993e-17 7.83622e-18 4.01353e-18 2.05556e-18 1.05274e-18 5.39131e-19 2.76093e-19 1.41384e-19 7.23989e-20 3.70723e-20 1.89825e-20 9.71948e-21 4.97644e-21 2.5479e-21 1.30446e-21 6.67832e-22 3.41893e-22 1.75025e-22 8.95979e-23 4.58651e-23 2.34777e-23 1.20175e-23 6.15124e-24 3.14846e-24 1.61147e-24 8.2477e-25 4.22117e-25 2.16033e-25 1.1056e-25 5.658e-26 2.89545e-26 1.4817e-26 7.58212e-27 3.87982e-27 1.98528e-27 1.01583e-27 5.19766e-28 2.65941e-28 1.36067e-28 6.96161e-29 3.56169e-29 1.82218e-29 9.3222e-30 4.76908e-30 2.43972e-30 1.24806e-30 6.38446e-31 3.26588e-31 1.67058e-31 8.54528e-32 4.37094e-32 2.2357e-32 1.14352e-32 5.84878e-33 2.99142e-33 1.52996e-33 7.82481e-34 4.00183e-34 2.04661e-34 1.04665e-34 5.35256e-35 2.73723e-35 1.39976e-35 7.15793e-36 3.66027e-36 1.87167e-36 9.57058e-37 4.89372e-37 2.50226e-37 1.27943e-37 6.54173e-38 3.34473e-38 1.7101e-38 8.74331e-39 4.47014e-39 2.28538e-39 1.16839e-39 5.97327e-40 3.05371e-40 1.56112e-40 7.98062e-41 4.07972e-41 2.08553e-41 1.06609e-41
2.40168e-11 3.46529e-13 1.77617e-13 9.10358e-14 4.66574e-14 2.39117e-14 1.22541e-14 6.27966e-15 3.2179e-15 1.64889e-15 8.44878e-16 4.32891e-16 2.21793e-16 1.13632e-16 5.8215e-17 2.98232e-17 1.52777e-17 7.8261e-18 4.00883e-18 2.0534e-18 1.05176e-18 5.38694e-19 2.75901e-19 1.41303e-19 7.23657e-20 3.70596e-20 1.89782e-20 9.71837e-21 4.97644e-21 2.54818e-21 1.30475e-21 6.68057e-22 3.42046e-22 1.75123e-22 8.96578e-23 4.59008e-23 2.34985e-23 1.20295e-23 6.15801e-24 3.15226e-24 1.61358e-24 8.25941e-25 4.22761e-25 2.16385e-25 1.10751e-25 5.66839e-26 2.90107e-26 1.48472e-26 7.59837e-27 3.88852e-27 1.98993e-27 1.01831e-27 5.21089e-28 2.66644e-28 1.3644e-28 6.98138e-29 3.57216e-29 1.82772e-29 9.3514e-30 4.78448e-30 2.44784e-30 1.25233e-30 6.4069e-31 3.27768e-31 1.67677e-31 8.57774e-32 4.38795e-32 2.24461e-32 1.14818e-32 5.87316e-33 3.00416e-33 1.53662e-33 7.85957e-34 4.01997e-34 2.05607e-34 1.05159e-34 5.37827e-35 2.75063e-35 1.40673e-35 7.19422e-36 3.67915e-36 1.88149e-36 9.62162e-37 4.92024e-37 2.51603e-37 1.28659e-37 6.57889e-38 3.36402e-38 1.72011e-38 8.7952e-39 4.49705e-39 2.29934e-39 1.17563e-39 6.01074e-40 3.07312e-40 1.57117e-40 8.03267e-41 4.10666e-41 2.09948e-41 1.07331e-41 5.48697e-42
1.22096e-11 1.77001e-13 9.07321e-14 4.65081e-14 2.38384e-14 1.22182e-14 6.26208e-15 3.20932e-15 1.64471e-15 8.42843e-16 4.31905e-16 2.21316e-16 1.13402e-16 5.81044e-17 2.97703e-17 1.52525e-17 7.81414e-18 4.00319e-18 2.05077e-18 1.05053e-18 5.38132e-19 2.75646e-19 1.41189e-19 7.23158e-20 3.70384e-20 1.89695e-20 9.71505e-21 4.97531e-21 2.5479e-21 1.30475e-21 6.68132e-22 3.42123e-22 1.75182e-22 8.96978e-23 4.59263e-23 2.35141e-23 1.20388e-23 6.16344e-24 3.15538e-24 1.61535e-24 8.26933e-25 4.23313e-25 2.16691e-25 1.10919e-25 5.67756e-26 2.90606e-26 1.48743e-26 7.61301e-27 3.89641e-27 1.99417e-27 1.02058e-27 5.22303e-28 2.67292e-28 1.36785e-28 6.99972e-29 3.58189e-29 1.83288e-29 9.37871e-30 4.79891e-30 2.45546e-30 1.25635e-30 6.42807e-31 3.28882e-31 1.68263e-31 8.60851e-32 4.4041e-32 2.25308e-32 1.15262e-32 5.89641e-33 3.01633e-33 1.54298e-33 7.89285e-34 4.03736e-34 2.06515e-34 1.05632e-34 5.40298e-35 2.76351e-35 1.41345e-35 7.22919e-36 3.69736e-36 1.89097e-36 9.67093e-37 4.94589e-37 2.52937e-37 1.29351e-37 6.61488e-38 3.38271e-38 1.72981e-38 8.84558e-39 4.52319e-39 2.31289e-39 1.18266e-39 6.0472e-40 3.09202e-40 1.58096e-40 8.08339e-41 4.13293e-41 2.11308e-41 1.08035e-41 5.52342e-42 2.82386e-42
6.20707e-12 9.04066e-14 4.63476e-14 2.37594e-14 1.21793e-14 6.243e-15 3.19996e-15 1.64013e-15 8.40608e-16 4.30815e-16 2.20786e-16 1.13145e-16 5.79801e-17 2.97103e-17 1.52237e-17 7.80036e-18 3.99663e-18 2.04765e-18 1.04907e-18 5.37445e-19 2.75327e-19 1.41042e-19 7.22493e-20 3.70087e-20 1.89565e-20 9.70953e-21 4.97306e-21 2.54703e-21 1.30446e-21 6.68057e-22 3.42123e-22 1.75201e-22 8.97177e-23 4.59416e-23 2.35245e-23 1.20454e-23 6.1675e-24 3.1578e-24 1.61676e-24 8.27745e-25 4.23773e-25 2.16949e-25 1.11063e-25 5.68552e-26 2.91044e-26 1.48982e-26 7.62604e-27 3.90348e-27 1.99799e-27 1.02264e-27 5.23408e-28 2.67884e-28 1.37102e-28 7.01662e-29 3.59089e-29 1.83766e-29 9.4041e-30 4.81237e-30 2.46258e-30 1.26012e-30 6.44795e-31 3.2993e-31 1.68815e-31 8.63758e-32 4.41939e-32 2.26111e-32 1.15684e-32 5.91852e-33 3.02792e-33 1.54905e-33 7.92462e-34 4.05398e-34 2.07384e-34 1.06086e-34 5.42668e-35 2.77588e-35 1.4199e-35 7.26283e-36 3.71489e-36 1.9001e-36 9.71848e-37 4.97064e-37 2.54224e-37 1.30021e-37 6.6497e-38 3.40081e-38 1.73922e-38 8.89441e-39 4.54855e-39 2.32605e-39 1.18949e-39 6.08262e-40 3.11039e-40 1.59049e-40 8.13277e-41 4.15852e-41 2.12633e-41 1.08722e-41 5.55897e-42 2.84227e-42 1.45321e-42
3.15553e-12 4.61759e-14 2.36746e-14 1.21376e-14 6.22243e-15 3.18985e-15 1.63516e-15 8.38174e-16 4.29624e-16 2.20204e-16 1.12861e-16 5.78422e-17 2.96435e-17 1.51913e-17 7.78476e-18 3.98913e-18 2.04406e-18 1.04736e-18 5.36634e-19 2.74945e-19 1.40863e-19 7.21663e-20 3.69705e-20 1.89392e-20 9.70179e-21 4.96967e-21 2.54559e-21 1.30387e-21 6.67832e-22 3.42046e-22 1.75182e-22 8.97177e-23 4.59467e-23 2.35297e-23 1.20494e-23 6.17022e-24 3.15953e-24 1.61783e-24 8.28376e-25 4.24142e-25 2.17161e-25 1.11183e-25 5.69226e-26 2.91419e-26 1.4919e-26 7.63745e-27 3.90972e-27 2.00138e-27 1.02448e-27 5.24404e-28 2.68421e-28 1.3739e-28 7.03207e-29 3.59915e-29 1.84207e-29 9.42758e-30 4.82485e-30 2.46921e-30 1.26363e-30 6.46654e-31 3.30913e-31 1.69334e-31 8.66494e-32 4.4338e-32 2.2687e-32 1.16083e-32 5.93948e-33 3.03892e-33 1.55482e-33 7.95487e-34 4.06982e-34 2.08213e-34 1.0652e-34 5.44936e-35 2.78773e-35 1.42609e-35 7.29513e-36 3.73173e-36 1.90888e-36 9.76427e-37 4.99449e-37 2.55466e-37 1.30668e-37 6.68333e-38 3.4183e-38 1.74831e-38 8.94168e-39 4.57311e-39 2.33881e-39 1.19611e-39 6.117e-40 3.12823e-40 1.59974e-40 8.18077e-41 4.18341e-41 2.13924e-41 1.09391e-41 5.59362e-42 2.86021e-42 1.4625e-42 7.47803e-43
