0.96925 0.00375233 0.00279462 0.00208684 0.00156237 0.00117269 0.000882411 0.000665603 0.000503256 0.000381382 0.000289664 0.000220473 0.000168153 0.0001285 9.83797e-05 7.5452e-05 5.79633e-05 4.45971e-05 3.43623e-05 2.6511e-05 2.04777e-05 1.58335e-05 1.22526e-05 9.4866e-06 7.34602e-06 5.68564e-06 4.39388e-06 3.38468e-06 2.59129e-06 1.96151e-06 1.52414e-06
0.00375233 4.00382e-05 2.99068e-05 2.24027e-05 1.68268e-05 1.26707e-05 9.5637e-06 7.23427e-06 5.48312e-06 4.16335e-06 3.16637e-06 2.41159e-06 1.83904e-06 1.40394e-06 1.07276e-06 8.20305e-07 6.27601e-07 4.80322e-07 3.67625e-07 2.81281e-07 2.15031e-07 1.64107e-07 1.24863e-07 9.45082e-08 7.08969e-08 5.23746e-08 3.76597e-08 2.57547e-08 1.58803e-08 7.42671e-09 5.58653e-09
0.00279462 2.99068e-05 2.23334e-05 1.67247e-05 1.2558e-05 9.45303e-06 7.1324e-06 5.3931e-06 4.086e-06 3.10126e-06 2.35763e-06 1.79487e-06 1.36815e-06 1.04399e-06 7.97334e-07 6.0937e-07 4.65928e-07 3.56311e-07 2.72425e-07 2.08126e-07 1.58743e-07 1.20716e-07 9.1319e-08 6.84637e-08 5.05411e-08 3.63076e-08 2.47972e-08 1.52576e-08 7.10336e-09 5.30434e-09 3.99165e-09
0.00208684 2.24027e-05 1.67247e-05 1.25204e-05 9.39771e-06 7.07131e-06 5.33312e-06 4.0308e-06 3.05247e-06 2.31571e-06 1.75958e-06 1.3389e-06 1.02004e-06 7.77927e-07 5.93771e-07 4.53476e-07 3.46431e-07 2.64626e-07 2.02e-07 1.53955e-07 1.16991e-07 8.84385e-08 6.62541e-08 4.88669e-08 3.5065e-08 2.39096e-08 1.46717e-08 6.78713e-09 5.07426e-09 3.78954e-09 2.85293e-09
0.00156237 1.68268e-05 1.2558e-05 9.39771e-06 7.05096e-06 5.30315e-06 3.99769e-06 3.01996e-06 2.28578e-06 1.73313e-06 1.31617e-06 1.00091e-06 7.6207e-07 5.8079e-07 4.42956e-07 3.37976e-07 2.57879e-07 1.9665e-07 1.49737e-07 1.13686e-07 8.5866e-08 6.42686e-08 4.73535e-08 3.39348e-08 2.30964e-08 1.41294e-08 6.48757e-09 4.84939e-09 3.62612e-09 2.70835e-09 2.03984e-09
0.00117269 1.26707e-05 9.45303e-06 7.07131e-06 5.30315e-06 3.98666e-06 3.00372e-06 2.26784e-06 1.71551e-06 1.29995e-06 9.86573e-07 7.49749e-07 5.70418e-07 4.3436e-07 3.3094e-07 2.52179e-07 1.92072e-07 1.46089e-07 1.10799e-07 8.36002e-08 6.25067e-08 4.60013e-08 3.29183e-08 2.236e-08 1.3634e-08 6.20976e-09 4.63684e-09 3.46652e-09 2.5925e-09 1.93656e-09 1.45921e-09
0.000882411 9.5637e-06 7.1324e-06 5.33312e-06 3.99769e-06 3.00372e-06 2.26186e-06 1.70671e-06 1.29022e-06 9.77021e-07 7.40956e-07 5.62645e-07 4.27681e-07 3.25318e-07 2.47521e-07 1.88262e-07 1.43006e-07 1.08329e-07 8.16397e-08 6.09675e-08 4.48099e-08 3.20158e-08 2.17013e-08 1.31873e-08 5.95641e-09 4.4404e-09 3.31601e-09 2.47945e-09 1.85461e-09 1.38553e-09 1.04448e-09
0.000665603 7.23427e-06 5.3931e-06 4.0308e-06 3.01996e-06 2.26784e-06 1.70671e-06 1.28698e-06 9.72247e-07 7.35683e-07 5.57467e-07 4.22914e-07 3.21106e-07 2.43902e-07 1.85218e-07 1.40487e-07 1.06274e-07 7.99833e-08 5.96503e-08 4.37789e-08 3.12271e-08 2.11206e-08 1.27902e-08 5.72886e-09 4.26208e-09 3.17745e-09 2.37313e-09 1.77472e-09 1.3277e-09 9.92012e-10 7.48178e-10
0.000503256 5.48312e-06 4.086e-06 3.05247e-06 2.28578e-06 1.71551e-06 1.29022e-06 9.72247e-07 7.33925e-07 5.54879e-07 4.20055e-07 3.18299e-07 2.4132e-07 1.82937e-07 1.3853e-07 1.04631e-07 7.86298e-08 5.8554e-08 4.29077e-08 3.0552e-08 2.06179e-08 1.24428e-08 5.5278e-09 4.10291e-09 3.05232e-09 2.27566e-09 1.69981e-09 1.27139e-09 9.51317e-10 7.10876e-10 5.36399e-10
0.000381382 4.16335e-06 3.10126e-06 2.31571e-06 1.73313e-06 1.29995e-06 9.77021e-07 7.35683e-07 5.54879e-07 4.19103e-07 3.16896e-07 2.39771e-07 1.81418e-07 1.37133e-07 1.034e-07 7.75781e-08 5.7678e-08 4.21958e-08 2.99901e-08 2.0193e-08 1.21454e-08 5.35351e-09 3.96338e-09 2.9414e-09 2.18815e-09 1.63145e-09 1.21876e-09 9.11729e-10 6.82324e-10 5.09933e-10 3.8496e-10
0.000289664 3.16637e-06 2.35763e-06 1.75958e-06 1.31617e-06 9.86573e-07 7.40956e-07 5.57467e-07 4.20055e-07 3.16896e-07 2.39255e-07 1.80658e-07 1.36296e-07 1.0258e-07 7.68275e-08 5.70215e-08 4.16426e-08 2.95411e-08 1.98457e-08 1.18977e-08 5.20609e-09 3.84373e-09 2.84506e-09 2.11119e-09 1.57049e-09 1.17099e-09 8.74876e-10 6.54586e-10 4.89969e-10 3.66223e-10 2.76603e-10
0.000220473 2.41159e-06 1.79487e-06 1.3389e-06 1.00091e-06 7.49749e-07 5.62645e-07 4.22914e-07 3.18299e-07 2.39771e-07 1.80658e-07 1.36017e-07 1.0217e-07 7.63774e-08 5.65842e-08 4.12478e-08 2.92046e-08 1.95759e-08 1.16998e-08 5.08555e-09 3.74404e-09 2.76348e-09 2.04505e-09 1.51736e-09 1.12872e-09 8.41631e-10 6.28875e-10 4.70605e-10 3.52318e-10 2.6337e-10 1.99015e-10
0.000168153 1.83904e-06 1.36815e-06 1.02004e-06 7.6207e-07 5.70418e-07 4.27681e-07 3.21106e-07 2.4132e-07 1.81418e-07 1.36296e-07 1.0217e-07 7.62274e-08 5.63656e-08 4.1011e-08 2.89804e-08 1.93832e-08 1.15515e-08 4.99187e-09 3.66432e-09 2.69673e-09 1.98988e-09 1.47227e-09 1.09225e-09 8.12462e-10 6.05844e-10 4.52744e-10 3.38856e-10 2.53728e-10 1.89694e-10 1.4341e-10
0.0001285 1.40394e-06 1.04399e-06 7.77927e-07 5.8079e-07 4.3436e-07 3.25318e-07 2.43902e-07 1.82937e-07 1.37133e-07 1.0258e-07 7.63774e-08 5.63656e-08 4.09321e-08 2.88684e-08 1.92677e-08 1.14526e-08 4.92499e-09 3.60457e-09 2.64482e-09 1.94574e-09 1.43533e-09 1.06176e-09 7.8761e-10 5.85839e-10 4.36873e-10 3.2651e-10 2.44415e-10 1.83044e-10 1.36865e-10 1.03519e-10
9.83797e-05 1.07276e-06 7.97334e-07 5.93771e-07 4.42956e-07 3.3094e-07 2.47521e-07 1.85218e-07 1.3853e-07 1.034e-07 7.68275e-08 5.65842e-08 4.1011e-08 2.88684e-08 1.92292e-08 1.14032e-08 4.88488e-09 3.56475e-09 2.60776e-09 1.91263e-09 1.40659e-09 1.03733e-09 7.67202e-10 5.69043e-10 4.23251e-10 3.15641e-10 2.35929e-10 1.76636e-10 1.32306e-10 9.89387e-11 7.48663e-11
7.5452e-05 8.20305e-07 6.0937e-07 4.53476e-07 3.37976e-07 2.52179e-07 1.88262e-07 1.40487e-07 1.04631e-07 7.75781e-08 5.70215e-08 4.12478e-08 2.89804e-08 1.92677e-08 1.14032e-08 4.87151e-09 3.54484e-09 2.58553e-09 1.89056e-09 1.38605e-09 1.019e-09 7.51297e-10 5.5555e-10 4.12014e-10 3.06444e-10 2.28542e-10 1.70843e-10 1.27926e-10 9.58355e-11 7.1674e-11 5.42583e-11
5.79633e-05 6.27601e-07 4.65928e-07 3.46431e-07 2.57879e-07 1.92072e-07 1.43006e-07 1.06274e-07 7.86298e-08 5.7678e-08 4.16426e-08 2.92046e-08 1.93832e-08 1.14526e-08 4.88488e-09 3.54484e-09 2.57812e-09 1.87953e-09 1.37373e-09 1.00677e-09 7.39926e-10 5.45408e-10 4.03234e-10 2.99021e-10 2.22397e-10 1.65867e-10 1.24003e-10 9.28653e-11 6.958e-11 5.20432e-11 3.94132e-11
4.45971e-05 4.80322e-07 3.56311e-07 2.64626e-07 1.9665e-07 1.46089e-07 1.08329e-07 7.99833e-08 5.8554e-08 4.21958e-08 2.95411e-08 1.95759e-08 1.15515e-08 4.92499e-09 3.56475e-09 2.58553e-09 1.87953e-09 1.36963e-09 1.00066e-09 7.331e-10 5.38638e-10 3.96947e-10 2.93426e-10 2.17572e-10 1.61814e-10 1.20688e-10 9.02349e-11 6.75848e-11 5.06452e-11 3.78842e-11 2.87008e-11
3.43623e-05 3.67625e-07 2.72425e-07 2.02e-07 1.49737e-07 1.10799e-07 8.16397e-08 5.96503e-08 4.29077e-08 2.99901e-08 1.98457e-08 1.16998e-08 4.99187e-09 3.60457e-09 2.60776e-09 1.89056e-09 1.37373e-09 1.00066e-09 7.30825e-10 5.35252e-10 3.93169e-10 2.89685e-10 2.14107e-10 1.58744e-10 1.18059e-10 8.80559e-11 6.58422e-11 4.93204e-11 3.6963e-11 2.76518e-11 2.09557e-11
2.6511e-05 2.81281e-07 2.08126e-07 1.53955e-07 1.13686e-07 8.36002e-08 6.09675e-08 4.37789e-08 3.0552e-08 2.0193e-08 1.18977e-08 5.08555e-09 3.66432e-09 2.64482e-09 1.91263e-09 1.38605e-09 1.00677e-09 7.331e-10 5.35252e-10 3.9191e-10 2.87812e-10 2.12021e-10 1.56685e-10 1.16162e-10 8.63883e-11 6.44353e-11 4.81835e-11 3.60962e-11 2.70549e-11 2.02411e-11 1.53438e-11
2.04777e-05 2.15031e-07 1.58743e-07 1.16991e-07 8.5866e-08 6.25067e-08 4.48099e-08 3.12271e-08 2.06179e-08 1.21454e-08 5.20609e-09 3.74404e-09 2.69673e-09 1.94574e-09 1.40659e-09 1.019e-09 7.39926e-10 5.38638e-10 3.93169e-10 2.87812e-10 2.11325e-10 1.55653e-10 1.15016e-10 8.52638e-11 6.34086e-11 4.7296e-11 3.53689e-11 2.64984e-11 1.98628e-11 1.48611e-11 1.12682e-11
1.58335e-05 1.64107e-07 1.20716e-07 8.84385e-08 6.42686e-08 4.60013e-08 3.20158e-08 2.11206e-08 1.24428e-08 5.35351e-09 3.84373e-09 2.76348e-09 1.98988e-09 1.43533e-09 1.03733e-09 7.51297e-10 5.45408e-10 3.96947e-10 2.89685e-10 2.12021e-10 1.55653e-10 1.14633e-10 8.46982e-11 6.27853e-11 4.6691e-11 3.48269e-11 2.60453e-11 1.95143e-11 1.46285e-11 1.09453e-11 8.30058e-12
1.22526e-05 1.24863e-07 9.1319e-08 6.62541e-08 4.73535e-08 3.29183e-08 2.17013e-08 1.27902e-08 5.5278e-09 3.96338e-09 2.84506e-09 2.04505e-09 1.47227e-09 1.06176e-09 7.67202e-10 5.5555e-10 4.03234e-10 2.93426e-10 2.14107e-10 1.56685e-10 1.15016e-10 8.46982e-11 6.25765e-11 4.6385e-11 3.44942e-11 2.57294e-11 1.92422e-11 1.44176e-11 1.08083e-11 8.08723e-12 6.13383e-12
9.4866e-06 9.45082e-08 6.84637e-08 4.88669e-08 3.39348e-08 2.236e-08 1.31873e-08 5.72886e-09 4.10291e-09 2.9414e-09 2.11119e-09 1.51736e-09 1.09225e-09 7.8761e-10 5.69043e-10 4.12014e-10 2.99021e-10 2.17572e-10 1.58744e-10 1.16162e-10 8.52638e-11 6.27853e-11 4.6385e-11 3.43821e-11 2.55679e-11 1.90712e-11 1.42629e-11 1.06869e-11 8.01173e-12 5.99475e-12 4.54707e-12
7.34602e-06 7.08969e-08 5.05411e-08 3.5065e-08 2.30964e-08 1.3634e-08 5.95641e-09 4.26208e-09 3.05232e-09 2.18815e-09 1.57049e-09 1.12872e-09 8.12462e-10 5.85839e-10 4.23251e-10 3.06444e-10 2.22397e-10 1.61814e-10 1.18059e-10 8.63883e-11 6.34086e-11 4.6691e-11 3.44942e-11 2.55679e-11 1.90131e-11 1.41818e-11 1.06062e-11 7.94698e-12 5.95763e-12 4.45775e-12 3.38126e-12
5.68564e-06 5.23746e-08 3.63076e-08 2.39096e-08 1.41294e-08 6.20976e-09 4.4404e-09 3.17745e-09 2.27566e-09 1.63145e-09 1.17099e-09 8.41631e-10 6.05844e-10 4.36873e-10 3.15641e-10 2.28542e-10 1.65867e-10 1.20688e-10 8.80559e-11 6.44353e-11 4.7296e-11 3.48269e-11 2.57294e-11 1.90712e-11 1.41818e-11 1.05781e-11 7.91086e-12 5.9273e-12 4.44341e-12 3.32468e-12 2.52169e-12
4.39388e-06 3.76597e-08 2.47972e-08 1.46717e-08 6.48757e-09 4.63684e-09 3.31601e-09 2.37313e-09 1.69981e-09 1.21876e-09 8.74876e-10 6.28875e-10 4.52744e-10 3.2651e-10 2.35929e-10 1.70843e-10 1.24003e-10 9.02349e-11 6.58422e-11 4.81835e-11 3.53689e-11 2.60453e-11 1.92422e-11 1.42629e-11 1.06062e-11 7.91086e-12 5.91598e-12 4.43243e-12 3.32264e-12 2.486e-12 1.88539e-12
3.38468e-06 2.57547e-08 1.52576e-08 6.78713e-09 4.84939e-09 3.46652e-09 2.47945e-09 1.77472e-09 1.27139e-09 9.11729e-10 6.54586e-10 4.70605e-10 3.38856e-10 2.44415e-10 1.76636e-10 1.27926e-10 9.28653e-11 6.75848e-11 4.93204e-11 3.60962e-11 2.64984e-11 1.95143e-11 1.44176e-11 1.06869e-11 7.94698e-12 5.9273e-12 4.43243e-12 3.32073e-12 2.48915e-12 1.8623e-12 1.4122e-12
2.59129e-06 1.58803e-08 7.10336e-09 5.07426e-09 3.62612e-09 2.5925e-09 1.85461e-09 1.3277e-09 9.51317e-10 6.82324e-10 4.89969e-10 3.52318e-10 2.53728e-10 1.83044e-10 1.32306e-10 9.58355e-11 6.958e-11 5.06452e-11 3.6963e-11 2.70549e-11 1.98628e-11 1.46285e-11 1.08083e-11 8.01173e-12 5.95763e-12 4.44341e-12 3.32264e-12 2.48915e-12 1.8657e-12 1.3958e-12 1.0583e-12
1.96151e-06 7.42671e-09 5.30434e-09 3.78954e-09 2.70835e-09 1.93656e-09 1.38553e-09 9.92012e-10 7.10876e-10 5.09933e-10 3.66223e-10 2.6337e-10 1.89694e-10 1.36865e-10 9.89387e-11 7.1674e-11 5.20432e-11 3.78842e-11 2.76518e-11 2.02411e-11 1.48611e-11 1.09453e-11 8.08723e-12 5.99475e-12 4.45775e-12 3.32468e-12 2.486e-12 1.8623e-12 1.3958e-12 1.0442e-12 7.91639e-13
1.52414e-06 5.58653e-09 3.99165e-09 2.85293e-09 2.03984e-09 1.45921e-09 1.04448e-09 7.48178e-10 5.36399e-10 3.8496e-10 2.76603e-10 1.99015e-10 1.4341e-10 1.03519e-10 7.48663e-11 5.42583e-11 3.94132e-11 2.87008e-11 2.09557e-11 1.53438e-11 1.12682e-11 8.30058e-12 6.13383e-12 4.54707e-12 3.38126e-12 2.52169e-12 1.88539e-12 1.4122e-12 1.0583e-12 7.91639e-13 5.99961e-13
