0.90063 0.0228544 0.011529 0.0059554 0.00314151 0.00168718 0.000919623 0.000507151 0.000282149 0.000157943 8.87613e-05 4.9984e-05 2.8162e-05 1.58563e-05 8.91358e-06 4.99941e-06 2.79635e-06 1.55929e-06 8.66625e-07 4.80014e-07 2.64955e-07 1.45743e-07 7.98946e-08 4.36505e-08 2.37702e-08 1.29022e-08 6.9794e-09 3.75964e-09 2.0102e-09 1.05375e-09 5.63957e-10
0.0228544 0.00104301 0.000534132 0.000278698 0.000147315 7.84965e-05 4.20018e-05 2.25044e-05 1.20502e-05 6.43988e-06 3.43216e-06 1.82331e-06 9.65289e-07 5.09247e-07 2.67726e-07 1.40277e-07 7.32625e-08 3.81457e-08 1.98041e-08 1.02538e-08 5.29561e-09 2.72844e-09 1.40263e-09 7.19512e-10 3.68253e-10 1.879e-10 9.52819e-11 4.747e-11 2.22618e-11 8.06523e-12 4.03485e-12
0.011529 0.000534132 0.000271639 0.000140666 7.37938e-05 3.90417e-05 2.07557e-05 1.10572e-05 5.89113e-06 3.13474e-06 1.66445e-06 8.8139e-07 4.65331e-07 2.44903e-07 1.28486e-07 6.72001e-08 3.50414e-08 1.82199e-08 9.44772e-09 4.88642e-09 2.52118e-09 1.29784e-09 6.66611e-10 3.41592e-10 1.74491e-10 8.85724e-11 4.41685e-11 2.07438e-11 7.58005e-12 3.76438e-12 1.88439e-12
0.0059554 0.000278698 0.000140666 7.22309e-05 3.75683e-05 1.97127e-05 1.04002e-05 5.50267e-06 2.914e-06 1.54235e-06 8.1516e-07 4.29927e-07 2.2619e-07 1.18683e-07 6.21015e-08 3.24051e-08 1.68634e-08 8.75259e-09 4.53142e-09 2.3404e-09 1.20601e-09 6.20066e-10 3.18048e-10 1.62612e-10 8.2609e-11 4.12223e-11 1.93773e-11 7.12244e-12 3.54406e-12 1.76067e-12 8.81903e-13
0.00314151 0.000147315 7.37938e-05 3.75683e-05 1.93661e-05 1.00732e-05 5.27098e-06 2.76793e-06 1.45592e-06 7.66002e-07 4.02715e-07 2.11417e-07 1.1078e-07 5.79208e-08 3.02133e-08 1.57225e-08 8.16223e-09 4.22742e-09 2.18449e-09 1.12633e-09 5.79463e-10 2.97414e-10 1.52158e-10 7.73416e-11 3.86109e-11 1.81607e-11 6.70981e-12 3.33597e-12 1.66066e-12 8.25304e-13 4.13639e-13
0.00168718 7.84965e-05 3.90417e-05 1.97127e-05 1.00732e-05 5.19398e-06 2.69522e-06 1.40437e-06 7.33475e-07 3.83452e-07 2.00453e-07 1.04705e-07 5.46203e-08 2.84461e-08 1.4787e-08 7.67135e-09 3.9717e-09 2.05207e-09 1.05809e-09 5.44443e-10 2.79508e-10 1.43038e-10 7.27245e-11 3.63123e-11 1.70857e-11 6.34345e-12 3.14863e-12 1.56607e-12 7.79932e-13 3.87743e-13 1.94451e-13
0.000919623 4.20018e-05 2.07557e-05 1.04002e-05 5.27098e-06 2.69522e-06 1.38723e-06 7.17284e-07 3.71962e-07 1.93197e-07 1.00405e-07 5.21706e-08 2.70878e-08 1.40484e-08 7.27556e-09 3.762e-09 1.94195e-09 1.00068e-09 5.14695e-10 2.64171e-10 1.3517e-10 6.87172e-11 3.43067e-11 1.61435e-11 6.02119e-12 2.98278e-12 1.48106e-12 7.36951e-13 3.6717e-13 1.82602e-13 9.16276e-14
0.000507151 2.25044e-05 1.10572e-05 5.50267e-06 2.76793e-06 1.40437e-06 7.17284e-07 3.68144e-07 1.89586e-07 9.78398e-08 5.05495e-08 2.61262e-08 1.35001e-08 6.97133e-09 3.59644e-09 1.85316e-09 9.536e-10 4.89955e-10 2.51267e-10 1.28486e-10 6.52844e-11 3.25764e-11 1.53258e-11 5.74031e-12 2.83747e-12 1.40606e-12 6.98408e-13 3.47652e-13 1.73281e-13 8.62063e-14 4.32816e-14
0.000282149 1.20502e-05 5.89113e-06 2.914e-06 1.45592e-06 7.33475e-07 3.71962e-07 1.89586e-07 9.69874e-08 4.97426e-08 2.55527e-08 1.31373e-08 6.75595e-09 3.47354e-09 1.78491e-09 9.16427e-10 4.70005e-10 2.40684e-10 1.22927e-10 6.23959e-11 3.11063e-11 1.46255e-11 5.49829e-12 2.71149e-12 1.34064e-12 6.64527e-13 3.30193e-13 1.64425e-13 8.19873e-14 4.08014e-14 2.04962e-14
0.000157943 6.43988e-06 3.13474e-06 1.54235e-06 7.66002e-07 3.83452e-07 1.93197e-07 9.78398e-08 4.97426e-08 2.5362e-08 1.29568e-08 6.62748e-09 3.39222e-09 1.73659e-09 8.88831e-10 4.54668e-10 2.32327e-10 1.18443e-10 6.00266e-11 2.98835e-11 1.40362e-11 5.29289e-12 2.60369e-12 1.28426e-12 6.35128e-13 3.14911e-13 1.56525e-13 7.79727e-14 3.8894e-14 1.93618e-14 9.7311e-15
8.87613e-05 3.43216e-06 1.66445e-06 8.1516e-07 4.02715e-07 2.00453e-07 1.00405e-07 5.05495e-08 2.55527e-08 1.29568e-08 6.58478e-09 3.35173e-09 1.70776e-09 8.70569e-10 4.43809e-10 2.26122e-10 1.14996e-10 5.81555e-11 2.88974e-11 1.35529e-11 5.1222e-12 2.51309e-12 1.23642e-12 6.09971e-13 3.01729e-13 1.49645e-13 7.44034e-14 3.70764e-14 1.85007e-14 9.21248e-15 4.63228e-15
4.9984e-05 1.82331e-06 8.8139e-07 4.29927e-07 2.11417e-07 1.04705e-07 5.21706e-08 2.61262e-08 1.31373e-08 6.62748e-09 3.35173e-09 1.69818e-09 8.61478e-10 4.37331e-10 2.22016e-10 1.12556e-10 5.67663e-11 2.81391e-11 1.31713e-11 4.98465e-12 2.43883e-12 1.19666e-12 5.88827e-13 2.90542e-13 1.43751e-13 7.13122e-14 3.54665e-14 1.7679e-14 8.82444e-15 4.39531e-15 2.21102e-15
2.8162e-05 9.65289e-07 4.65331e-07 2.2619e-07 1.1078e-07 5.46203e-08 2.70878e-08 1.35001e-08 6.75595e-09 3.39222e-09 1.70776e-09 8.61478e-10 4.35179e-10 2.19972e-10 1.111e-10 5.58469e-11 2.76022e-11 1.2888e-11 4.87896e-12 2.38024e-12 1.16463e-12 5.71499e-13 2.81246e-13 1.38796e-13 6.86856e-14 3.40815e-14 1.69545e-14 8.45368e-15 4.22083e-15 2.10282e-15 1.0582e-15
1.58563e-05 5.09247e-07 2.44903e-07 1.18683e-07 5.79208e-08 2.84461e-08 1.40484e-08 6.97133e-09 3.47354e-09 1.73659e-09 8.70569e-10 4.37331e-10 2.19972e-10 1.10616e-10 5.53892e-11 2.72819e-11 1.27005e-11 4.80416e-12 2.33677e-12 1.14002e-12 5.57828e-13 2.73756e-13 1.34736e-13 6.65028e-14 3.29158e-14 1.6336e-14 8.12849e-15 4.05392e-15 2.02458e-15 1.00885e-15 5.07847e-16
8.91358e-06 2.67726e-07 1.28486e-07 6.21015e-08 3.02133e-08 1.4787e-08 7.27556e-09 3.59644e-09 1.78491e-09 8.88831e-10 4.43809e-10 2.22016e-10 1.111e-10 5.53892e-11 2.71755e-11 1.26071e-11 4.75956e-12 2.308e-12 1.1226e-12 5.47684e-13 2.68002e-13 1.31533e-13 6.47441e-14 3.19604e-14 1.58213e-14 7.85339e-15 3.90845e-15 1.94966e-15 9.73882e-16 4.85367e-16 2.44395e-16
4.99941e-06 1.40277e-07 6.72001e-08 3.24051e-08 1.57225e-08 7.67135e-09 3.762e-09 1.85316e-09 9.16427e-10 4.54668e-10 2.26122e-10 1.12556e-10 5.58469e-11 2.72819e-11 1.26071e-11 4.74474e-12 2.29369e-12 1.11222e-12 5.40974e-13 2.6393e-13 1.29156e-13 6.3393e-14 3.12065e-14 1.54065e-14 7.62759e-15 3.78672e-15 1.88485e-15 9.40372e-16 4.69805e-16 2.34173e-16 1.17937e-16
2.79635e-06 7.32625e-08 3.50414e-08 1.68634e-08 8.16223e-09 3.9717e-09 1.94195e-09 9.536e-10 4.70005e-10 2.32327e-10 1.14996e-10 5.67663e-11 2.76022e-11 1.27005e-11 4.75956e-12 2.29369e-12 1.10877e-12 5.37635e-13 2.61502e-13 1.27584e-13 6.2437e-14 3.06473e-14 1.50878e-14 7.44938e-15 3.68846e-15 1.83132e-15 9.11645e-16 4.54883e-16 2.27283e-16 1.13299e-16 5.70691e-17
1.55929e-06 3.81457e-08 1.82199e-08 8.75259e-09 4.22742e-09 2.05207e-09 1.00068e-09 4.89955e-10 2.40684e-10 1.18443e-10 5.81555e-11 2.81391e-11 1.2888e-11 4.80416e-12 2.308e-12 1.11222e-12 5.37635e-13 2.60695e-13 1.26802e-13 6.18669e-14 3.02773e-14 1.48623e-14 7.31715e-15 3.61294e-15 1.78901e-15 8.88302e-16 4.42233e-16 2.20675e-16 1.10268e-16 5.49703e-17 2.76911e-17
8.66625e-07 1.98041e-08 9.44772e-09 4.53142e-09 2.18449e-09 1.05809e-09 5.14695e-10 2.51267e-10 1.22927e-10 6.00266e-11 2.88974e-11 1.31713e-11 4.87896e-12 2.33677e-12 1.1226e-12 5.40974e-13 2.61502e-13 1.26802e-13 6.16775e-14 3.00932e-14 1.47278e-14 7.22969e-15 3.5595e-15 1.7576e-15 8.70328e-16 4.32158e-16 2.15151e-16 1.07363e-16 5.36483e-17 2.67446e-17 1.34727e-17
4.80014e-07 1.02538e-08 4.88642e-09 2.3404e-09 1.12633e-09 5.44443e-10 2.64171e-10 1.28486e-10 6.23959e-11 2.98835e-11 1.35529e-11 4.98465e-12 2.38024e-12 1.14002e-12 5.47684e-13 2.6393e-13 1.27584e-13 6.18669e-14 3.00932e-14 1.46832e-14 7.18617e-15 3.52763e-15 1.73682e-15 8.57601e-16 4.24664e-16 2.10862e-16 1.04976e-16 5.23826e-17 2.61742e-17 1.30478e-17 6.57255e-18
2.64955e-07 5.29561e-09 2.52118e-09 1.20601e-09 5.79463e-10 2.79508e-10 1.3517e-10 6.52844e-11 3.11063e-11 1.40362e-11 5.1222e-12 2.43883e-12 1.16463e-12 5.57828e-13 2.68002e-13 1.29156e-13 6.2437e-14 3.02773e-14 1.47278e-14 7.18617e-15 3.51704e-15 1.72648e-15 8.50012e-16 4.19703e-16 2.07818e-16 1.03184e-16 5.13655e-17 2.56293e-17 1.28051e-17 6.38281e-18 3.21484e-18
1.45743e-07 2.72844e-09 1.29784e-09 6.20066e-10 2.97414e-10 1.43038e-10 6.87172e-11 3.25764e-11 1.46255e-11 5.29289e-12 2.51309e-12 1.19666e-12 5.71499e-13 2.73756e-13 1.31533e-13 6.3393e-14 3.06473e-14 1.48623e-14 7.22969e-15 3.52763e-15 1.72648e-15 8.4749e-16 4.17234e-16 2.06002e-16 1.01995e-16 5.06364e-17 2.52042e-17 1.25742e-17 6.2816e-18 3.13072e-18 1.57657e-18
7.98946e-08 1.40263e-09 6.66611e-10 3.18048e-10 1.52158e-10 7.27245e-11 3.43067e-11 1.53258e-11 5.49829e-12 2.60369e-12 1.23642e-12 5.88827e-13 2.81246e-13 1.34736e-13 6.47441e-14 3.12065e-14 1.50878e-14 7.31715e-15 3.5595e-15 1.73682e-15 8.50012e-16 4.17234e-16 2.05398e-16 1.01402e-16 5.02e-17 2.49189e-17 1.24014e-17 6.18589e-18 3.08965e-18 1.53961e-18 7.75133e-19
4.36505e-08 7.19512e-10 3.41592e-10 1.62612e-10 7.73416e-11 3.63123e-11 1.61435e-11 5.74031e-12 2.71149e-12 1.28426e-12 6.09971e-13 2.90542e-13 1.38796e-13 6.65028e-14 3.19604e-14 1.54065e-14 7.44938e-15 3.61294e-15 1.7576e-15 8.57601e-16 4.19703e-16 2.06002e-16 1.01402e-16 5.00548e-17 2.47763e-17 1.22966e-17 6.11842e-18 3.05122e-18 1.52363e-18 7.59083e-19 3.82053e-19
2.37702e-08 3.68253e-10 1.74491e-10 8.2609e-11 3.86109e-11 1.70857e-11 6.02119e-12 2.83747e-12 1.34064e-12 6.35128e-13 3.01729e-13 1.43751e-13 6.86856e-14 3.29158e-14 1.58213e-14 7.62759e-15 3.68846e-15 1.78901e-15 8.70328e-16 4.24664e-16 2.07818e-16 1.01995e-16 5.02e-17 2.47763e-17 1.22616e-17 6.0842e-18 3.02657e-18 1.50893e-18 7.53274e-19 3.75194e-19 1.88771e-19
1.29022e-08 1.879e-10 8.85724e-11 4.12223e-11 1.81607e-11 6.34345e-12 2.98278e-12 1.40606e-12 6.64527e-13 3.14911e-13 1.49645e-13 7.13122e-14 3.40815e-14 1.6336e-14 7.85339e-15 3.78672e-15 1.83132e-15 8.88302e-16 4.32158e-16 2.10862e-16 1.03184e-16 5.06364e-17 2.49189e-17 1.22966e-17 6.0842e-18 3.01821e-18 1.50098e-18 7.48096e-19 3.73338e-19 1.85901e-19 9.34933e-20
6.9794e-09 9.52819e-11 4.41685e-11 1.93773e-11 6.70981e-12 3.14863e-12 1.48106e-12 6.98408e-13 3.30193e-13 1.56525e-13 7.44034e-14 3.54665e-14 1.69545e-14 8.12849e-15 3.90845e-15 1.88485e-15 9.11645e-16 4.42233e-16 2.15151e-16 1.04976e-16 5.13655e-17 2.52042e-17 1.24014e-17 6.11842e-18 3.02657e-18 1.50098e-18 7.46208e-19 3.71785e-19 1.85473e-19 9.23253e-20 4.64108e-20
3.75964e-09 4.747e-11 2.07438e-11 7.12244e-12 3.33597e-12 1.56607e-12 7.36951e-13 3.47652e-13 1.64425e-13 7.79727e-14 3.70764e-14 1.7679e-14 8.45368e-15 4.05392e-15 1.94966e-15 9.40372e-16 4.54883e-16 2.20675e-16 1.07363e-16 5.23826e-17 2.56293e-17 1.25742e-17 6.18589e-18 3.05122e-18 1.50893e-18 7.48096e-19 3.71785e-19 1.85165e-19 9.2337e-20 4.5948e-20 2.30859e-20
2.0102e-09 2.22618e-11 7.58005e-12 3.54406e-12 1.66066e-12 7.79932e-13 3.6717e-13 1.73281e-13 8.19873e-14 3.8894e-14 1.85007e-14 8.82444e-15 4.22083e-15 2.02458e-15 9.73882e-16 4.69805e-16 2.27283e-16 1.10268e-16 5.36483e-17 2.61742e-17 1.28051e-17 6.2816e-18 3.08965e-18 1.52363e-18 7.53274e-19 3.73338e-19 1.85473e-19 9.2337e-20 4.60273e-20 2.28956e-20 1.14976e-20
1.05375e-09 8.06523e-12 3.76438e-12 1.76067e-12 8.25304e-13 3.87743e-13 1.82602e-13 8.62063e-14 4.08014e-14 1.93618e-14 9.21248e-15 4.39531e-15 2.10282e-15 1.00885e-15 4.85367e-16 2.34173e-16 1.13299e-16 5.49703e-17 2.67446e-17 1.30478e-17 6.38281e-18 3.13072e-18 1.53961e-18 7.59083e-19 3.75194e-19 1.85901e-19 9.23253e-20 4.5948e-20 2.28956e-20 1.13855e-20 5.71489e-21
5.63957e-10 4.03485e-12 1.88439e-12 8.81903e-13 4.13639e-13 1.94451e-13 9.16276e-14 4.32816e-14 2.04962e-14 9.7311e-15 4.63228e-15 2.21102e-15 1.0582e-15 5.07847e-16 2.44395e-16 1.17937e-16 5.70691e-17 2.76911e-17 1.34727e-17 6.57255e-18 3.21484e-18 1.57657e-18 7.75133e-19 3.82053e-19 1.88771e-19 9.34933e-20 4.64108e-20 2.30859e-20 1.14976e-20 5.71489e-21 2.86664e-21
