0.984675 0.00372827 0.00189281 0.000960967 0.000487876 0.000247691 0.000125751 6.38427e-05 3.24124e-05 1.64555e-05 8.35435e-06 4.24144e-06 2.15335e-06 1.09324e-06 5.55028e-07 2.81784e-07 1.43059e-07 7.26301e-08 3.68738e-08 1.87205e-08 9.50426e-09 4.82524e-09 2.44974e-09 1.24371e-09 6.31424e-10 3.20569e-10 1.6275e-10 8.26271e-11 4.19492e-11 2.12973e-11 1.08125e-11 5.4894e-12 2.78693e-12 1.4149e-12 7.18334e-13 3.64693e-13 1.85152e-13 9.40001e-14 4.77231e-14 2.42287e-14 1.23007e-14 6.24498e-15 3.17053e-15 1.60965e-15 8.17208e-16 4.1489e-16 2.10637e-16 1.06939e-16 5.42919e-17 2.75636e-17 1.39938e-17 7.10455e-18 3.60693e-18 1.83121e-18 9.2969e-19 4.71997e-19 2.39629e-19 1.21658e-19 6.17647e-20 3.13575e-20 1.592e-20 8.08244e-21 4.10339e-21 2.08326e-21 1.05766e-21 5.36963e-22 2.72612e-22 1.38403e-22 7.02662e-23 3.56736e-23 1.81112e-23 9.19493e-24 4.66819e-24 2.37001e-24 1.20323e-24 6.10873e-25 3.10135e-25 1.57453e-25 7.99378e-26 4.05838e-26 2.06041e-26 1.04605e-26 5.31074e-27 2.69622e-27 1.36885e-27 6.94955e-28 3.52823e-28 1.79126e-28 9.09407e-29 4.61699e-29 2.34401e-29 1.19004e-29 6.04172e-30 3.06733e-30 1.55726e-30 7.9061e-31 4.01387e-31 2.03781e-31 1.03458e-31 5.25248e-32 2.66664e-32
0.00372827 4.287e-05 2.18739e-05 1.11606e-05 5.69431e-06 2.90524e-06 1.48222e-06 7.56195e-07 3.85783e-07 1.96808e-07 1.004e-07 5.12169e-08 2.61266e-08 1.33273e-08 6.79819e-09 3.46764e-09 1.76874e-09 9.02166e-10 4.60149e-10 2.34694e-10 1.197e-10 6.10493e-11 3.11355e-11 1.5879e-11 8.09806e-12 4.12981e-12 2.10606e-12 1.07399e-12 5.47678e-13 2.7928e-13 1.42412e-13 7.26181e-14 3.70284e-14 1.88806e-14 9.62697e-15 4.90857e-15 2.50272e-15 1.27603e-15 6.50585e-16 3.31694e-16 1.69108e-16 8.6215e-17 4.39535e-17 2.24077e-17 1.14233e-17 5.82347e-18 2.96868e-18 1.51334e-18 7.71444e-19 3.93246e-19 2.00455e-19 1.02179e-19 5.20836e-20 2.6548e-20 1.35319e-20 6.89724e-21 3.51549e-21 1.79181e-21 9.13248e-22 4.65457e-22 2.37227e-22 1.20905e-22 6.1619e-23 3.14036e-23 1.60044e-23 8.15627e-24 4.1566e-24 2.11825e-24 1.07947e-24 5.50098e-25 2.80325e-25 1.42849e-25 7.27926e-26 3.70929e-26 1.89012e-26 9.63122e-27 4.90758e-27 2.50062e-27 1.27416e-27 6.4922e-28 3.30792e-28 1.68544e-28 8.58747e-29 4.37534e-29 2.22922e-29 1.13577e-29 5.78655e-30 2.94812e-30 1.50198e-30 7.65207e-31 3.89842e-31 1.98606e-31 1.01179e-31 5.15448e-32 2.62587e-32 1.33769e-32 6.81451e-33 3.47143e-33 1.76838e-33 9.00824e-34 4.58879e-34
0.00189281 2.18739e-05 1.11619e-05 5.69559e-06 2.90622e-06 1.48288e-06 7.56616e-07 3.86041e-07 1.96961e-07 1.00489e-07 5.12677e-08 2.61553e-08 1.33434e-08 6.80712e-09 3.47257e-09 1.77144e-09 9.03639e-10 4.60949e-10 2.35126e-10 1.19933e-10 6.11744e-11 3.12026e-11 1.59148e-11 8.11716e-12 4.13997e-12 2.11145e-12 1.07686e-12 5.49192e-13 2.8008e-13 1.42834e-13 7.28406e-14 3.71455e-14 1.89422e-14 9.65933e-15 4.92555e-15 2.51162e-15 1.2807e-15 6.53026e-16 3.32971e-16 1.69775e-16 8.65634e-17 4.41354e-17 2.25025e-17 1.14728e-17 5.84923e-18 2.98209e-18 1.52032e-18 7.75074e-19 3.95133e-19 2.01436e-19 1.02689e-19 5.23481e-20 2.66853e-20 1.36031e-20 6.93417e-21 3.53464e-21 1.80173e-21 9.18389e-22 4.6812e-22 2.38606e-22 1.21618e-22 6.19882e-23 3.15946e-23 1.61031e-23 8.20732e-24 4.18299e-24 2.13189e-24 1.08652e-24 5.53736e-25 2.82204e-25 1.43819e-25 7.32933e-26 3.73513e-26 1.90345e-26 9.69998e-27 4.94305e-27 2.51891e-27 1.28358e-27 6.5408e-28 3.33297e-28 1.69834e-28 8.65396e-29 4.40959e-29 2.24686e-29 1.14485e-29 5.83332e-30 2.97219e-30 1.51437e-30 7.71585e-31 3.93124e-31 2.00295e-31 1.02048e-31 5.19916e-32 2.64885e-32 1.34951e-32 6.87529e-33 3.50268e-33 1.78445e-33 9.09081e-34 4.63123e-34 2.35931e-34
0.000960967 1.11606e-05 5.69559e-06 2.90654e-06 1.48321e-06 7.56868e-07 3.86212e-07 1.9707e-07 1.00555e-07 5.13073e-08 2.61784e-08 1.33566e-08 6.81458e-09 3.47674e-09 1.77376e-09 9.04917e-10 4.61649e-10 2.35508e-10 1.20141e-10 6.12865e-11 3.1263e-11 1.59473e-11 8.13454e-12 4.14926e-12 2.11641e-12 1.07949e-12 5.50592e-13 2.80822e-13 1.43227e-13 7.30481e-14 3.7255e-14 1.89999e-14 9.68972e-15 4.94153e-15 2.52002e-15 1.2851e-15 6.55336e-16 3.34181e-16 1.70409e-16 8.68947e-17 4.43085e-17 2.2593e-17 1.152e-17 5.87385e-18 2.99492e-18 1.52701e-18 7.78555e-19 3.96945e-19 2.02378e-19 1.03179e-19 5.26027e-20 2.68176e-20 1.36717e-20 6.96982e-21 3.55314e-21 1.81132e-21 9.23361e-22 4.70697e-22 2.39941e-22 1.2231e-22 6.23462e-23 3.17799e-23 1.6199e-23 8.25693e-24 4.20864e-24 2.14515e-24 1.09337e-24 5.57279e-25 2.84034e-25 1.44764e-25 7.37815e-26 3.76033e-26 1.91646e-26 9.76712e-27 4.97769e-27 2.53678e-27 1.2928e-27 6.58832e-28 3.35747e-28 1.71098e-28 8.71906e-29 4.44314e-29 2.26415e-29 1.15375e-29 5.87918e-30 2.99581e-30 1.52653e-30 7.77845e-31 3.96346e-31 2.01953e-31 1.02901e-31 5.24308e-32 2.67145e-32 1.36113e-32 6.93507e-33 3.53342e-33 1.80026e-33 9.17209e-34 4.67302e-34 2.38079e-34 1.21294e-34
0.000487876 5.69431e-06 2.90622e-06 1.48321e-06 7.56953e-07 3.86298e-07 1.97136e-07 1.006e-07 5.13356e-08 2.61956e-08 1.33669e-08 6.82055e-09 3.48016e-09 1.77569e-09 9.05998e-10 4.6225e-10 2.35839e-10 1.20322e-10 6.13855e-11 3.13167e-11 1.59763e-11 8.1502e-12 4.15767e-12 2.12092e-12 1.0819e-12 5.51876e-13 2.81506e-13 1.4359e-13 7.32405e-14 3.73569e-14 1.90538e-14 9.71813e-15 4.95651e-15 2.5279e-15 1.28925e-15 6.57514e-16 3.35324e-16 1.71008e-16 8.72087e-17 4.44729e-17 2.26789e-17 1.15649e-17 5.89731e-18 3.00717e-18 1.5334e-18 7.81886e-19 3.9868e-19 2.03282e-19 1.03649e-19 5.28473e-20 2.69448e-20 1.37379e-20 7.00416e-21 3.57097e-21 1.82057e-21 9.28163e-22 4.73187e-22 2.41232e-22 1.22979e-22 6.26929e-23 3.19595e-23 1.6292e-23 8.30506e-24 4.23354e-24 2.15804e-24 1.10004e-24 5.60725e-25 2.85815e-25 1.45685e-25 7.4257e-26 3.7849e-26 1.92914e-26 9.83261e-27 5.01149e-27 2.55423e-27 1.3018e-27 6.63477e-28 3.38143e-28 1.72333e-28 8.78276e-29 4.47597e-29 2.28107e-29 1.16248e-29 5.92411e-30 3.01896e-30 1.53846e-30 7.83986e-31 3.99508e-31 2.03581e-31 1.03739e-31 5.28621e-32 2.69364e-32 1.37256e-32 6.99383e-33 3.56365e-33 1.8158e-33 9.25205e-34 4.71414e-34 2.40194e-34 1.22381e-34 6.2354e-35
0.000247691 2.90524e-06 1.48288e-06 7.56868e-07 3.86298e-07 1.97157e-07 1.00622e-07 5.13525e-08 2.62072e-08 1.33742e-08 6.82502e-09 3.48281e-09 1.77724e-09 9.06884e-10 4.62751e-10 2.3612e-10 1.20478e-10 6.14714e-11 3.13638e-11 1.6002e-11 8.16414e-12 4.16521e-12 2.12498e-12 1.08408e-12 5.53045e-13 2.8213e-13 1.43923e-13 7.34178e-14 3.7451e-14 1.91037e-14 9.74454e-15 4.97047e-15 2.53527e-15 1.29313e-15 6.59559e-16 3.364e-16 1.71573e-16 8.75053e-17 4.46284e-17 2.27604e-17 1.16076e-17 5.91962e-18 3.01883e-18 1.53949e-18 7.85065e-19 4.00338e-19 2.04146e-19 1.04099e-19 5.30819e-20 2.70669e-20 1.38014e-20 7.03718e-21 3.58813e-21 1.82949e-21 9.32793e-22 4.75591e-22 2.42479e-22 1.23626e-22 6.30282e-23 3.21333e-23 1.63821e-23 8.3517e-24 4.2577e-24 2.17054e-24 1.10651e-24 5.64072e-25 2.87546e-25 1.4658e-25 7.47197e-26 3.80881e-26 1.9415e-26 9.89644e-27 5.04446e-27 2.57125e-27 1.31059e-27 6.68011e-28 3.40483e-28 1.7354e-28 8.84502e-29 4.50808e-29 2.29763e-29 1.17101e-29 5.9681e-30 3.04163e-30 1.55014e-30 7.90004e-31 4.02608e-31 2.05177e-31 1.04561e-31 5.32854e-32 2.71543e-32 1.38377e-32 7.05155e-33 3.59335e-33 1.83109e-33 9.33068e-34 4.75458e-34 2.42274e-34 1.23451e-34 6.2904e-35 3.20521e-35
0.000125751 1.48222e-06 7.56616e-07 3.86212e-07 1.97136e-07 1.00622e-07 5.13582e-08 2.62129e-08 1.33786e-08 6.82801e-09 3.48471e-09 1.7784e-09 9.07573e-10 4.63152e-10 2.36349e-10 1.20608e-10 6.15441e-11 3.14042e-11 1.60243e-11 8.17634e-12 4.17187e-12 2.12859e-12 1.08604e-12 5.54098e-13 2.82696e-13 1.44226e-13 7.35798e-14 3.75374e-14 1.91497e-14 9.76896e-15 4.98342e-15 2.54213e-15 1.29676e-15 6.61471e-16 3.37407e-16 1.72104e-16 8.77844e-17 4.4775e-17 2.28374e-17 1.16479e-17 5.94077e-18 3.0299e-18 1.54528e-18 7.88091e-19 4.01919e-19 2.04971e-19 1.0453e-19 5.33063e-20 2.71838e-20 1.38623e-20 7.06888e-21 3.60462e-21 1.83807e-21 9.3725e-22 4.77906e-22 2.43681e-22 1.2425e-22 6.33521e-23 3.23013e-23 1.64692e-23 8.39685e-24 4.28109e-24 2.18266e-24 1.11278e-24 5.6732e-25 2.89227e-25 1.4745e-25 7.51695e-26 3.83207e-26 1.95352e-26 9.95858e-27 5.07657e-27 2.58783e-27 1.31916e-27 6.72435e-28 3.42766e-28 1.74719e-28 8.90584e-29 4.53946e-29 2.31381e-29 1.17936e-29 6.01115e-30 3.06382e-30 1.56158e-30 7.95899e-31 4.05645e-31 2.06742e-31 1.05368e-31 5.37005e-32 2.73681e-32 1.39478e-32 7.10822e-33 3.62252e-33 1.8461e-33 9.40794e-34 4.79433e-34 2.44319e-34 1.24503e-34 6.34451e-35 3.23304e-35 1.64748e-35
6.38427e-05 7.56195e-07 3.86041e-07 1.9707e-07 1.006e-07 5.13525e-08 2.62129e-08 1.338e-08 6.8295e-09 3.48585e-09 1.77917e-09 9.08065e-10 4.63452e-10 2.36528e-10 1.20712e-10 6.16036e-11 3.14378e-11 1.60431e-11 8.18681e-12 4.17764e-12 2.13175e-12 1.08776e-12 5.55035e-13 2.83203e-13 1.44499e-13 7.37266e-14 3.76161e-14 1.91917e-14 9.79138e-15 4.99534e-15 2.54846e-15 1.30011e-15 6.63249e-16 3.38347e-16 1.726e-16 8.80459e-17 4.49127e-17 2.29098e-17 1.1686e-17 5.96074e-18 3.04038e-18 1.55077e-18 7.90964e-19 4.03422e-19 2.05757e-19 1.0494e-19 5.35205e-20 2.72956e-20 1.39205e-20 7.09924e-21 3.62043e-21 1.8463e-21 9.41531e-22 4.80132e-22 2.44839e-22 1.24851e-22 6.36643e-23 3.24634e-23 1.65533e-23 8.44048e-24 4.30371e-24 2.19438e-24 1.11886e-24 5.70467e-25 2.90857e-25 1.48293e-25 7.56062e-26 3.85467e-26 1.96521e-26 1.0019e-26 5.10781e-27 2.60398e-27 1.3275e-27 6.76745e-28 3.44992e-28 1.75868e-28 8.96519e-29 4.5701e-29 2.32962e-29 1.18751e-29 6.05322e-30 3.08552e-30 1.57277e-30 8.01668e-31 4.08619e-31 2.08275e-31 1.06157e-31 5.41075e-32 2.75777e-32 1.40558e-32 7.16382e-33 3.65115e-33 1.86084e-33 9.48381e-34 4.83339e-34 2.46329e-34 1.25537e-34 6.39772e-35 3.26041e-35 1.66155e-35 8.46742e-36
3.24124e-05 3.85783e-07 1.96961e-07 1.00555e-07 5.13356e-08 2.62072e-08 1.33786e-08 6.8295e-09 3.48623e-09 1.77956e-09 9.08361e-10 4.63653e-10 2.36656e-10 1.2079e-10 6.16499e-11 3.14648e-11 1.60585e-11 8.19554e-12 4.18253e-12 2.13447e-12 1.08926e-12 5.55856e-13 2.83651e-13 1.44742e-13 7.3858e-14 3.76869e-14 1.92298e-14 9.81178e-15 5.00625e-15 2.55428e-15 1.30321e-15 6.64893e-16 3.39219e-16 1.73061e-16 8.82898e-17 4.50415e-17 2.29777e-17 1.17217e-17 5.97954e-18 3.05025e-18 1.55595e-18 7.93683e-19 4.04846e-19 2.06503e-19 1.0533e-19 5.37245e-20 2.74021e-20 1.39761e-20 7.12825e-21 3.63556e-21 1.85418e-21 9.45637e-22 4.82269e-22 2.45951e-22 1.25429e-22 6.39649e-23 3.26195e-23 1.66344e-23 8.48258e-24 4.32556e-24 2.20572e-24 1.12473e-24 5.73514e-25 2.92436e-25 1.49111e-25 7.60297e-26 3.87659e-26 1.97656e-26 1.00777e-26 5.13818e-27 2.61969e-27 1.33562e-27 6.80942e-28 3.47161e-28 1.76989e-28 9.02306e-29 4.59998e-29 2.34505e-29 1.19548e-29 6.09432e-30 3.10672e-30 1.58371e-30 8.0731e-31 4.11529e-31 2.09775e-31 1.06931e-31 5.4506e-32 2.77831e-32 1.41616e-32 7.21834e-33 3.67923e-33 1.8753e-33 9.55828e-34 4.87173e-34 2.48302e-34 1.26553e-34 6.45e-35 3.28731e-35 1.6754e-35 8.53863e-36 4.35165e-36
1.64555e-05 1.96808e-07 1.00489e-07 5.13073e-08 2.61956e-08 1.33742e-08 6.82801e-09 3.48585e-09 1.77956e-09 9.08459e-10 4.63753e-10 2.36732e-10 1.20842e-10 6.1683e-11 3.1485e-11 1.60705e-11 8.20252e-12 4.18653e-12 2.13673e-12 1.09053e-12 5.5656e-13 2.84039e-13 1.44955e-13 7.39741e-14 3.77499e-14 1.92639e-14 9.83015e-15 5.01612e-15 2.55957e-15 1.30604e-15 6.66401e-16 3.40022e-16 1.73488e-16 8.85159e-17 4.51612e-17 2.30409e-17 1.17551e-17 5.99715e-18 3.05953e-18 1.56083e-18 7.96246e-19 4.06192e-19 2.07208e-19 1.057e-19 5.39181e-20 2.75034e-20 1.40291e-20 7.15591e-21 3.65e-21 1.86171e-21 9.49565e-22 4.84316e-22 2.47017e-22 1.25984e-22 6.42536e-23 3.27697e-23 1.67124e-23 8.52313e-24 4.34662e-24 2.21665e-24 1.13041e-24 5.76458e-25 2.93962e-25 1.49903e-25 7.64398e-26 3.89784e-26 1.98756e-26 1.01347e-26 5.16766e-27 2.63494e-27 1.34351e-27 6.85023e-28 3.49271e-28 1.78079e-28 9.07942e-29 4.6291e-29 2.36009e-29 1.20325e-29 6.13442e-30 3.12743e-30 1.59439e-30 8.12823e-31 4.14373e-31 2.11242e-31 1.07687e-31 5.48961e-32 2.79842e-32 1.42652e-32 7.27175e-33 3.70675e-33 1.88948e-33 9.63131e-34 4.90934e-34 2.50239e-34 1.2755e-34 6.50134e-35 3.31374e-35 1.689e-35 8.60862e-36 4.38766e-36 2.23629e-36
8.35435e-06 1.004e-07 5.12677e-08 2.61784e-08 1.33669e-08 6.82502e-09 3.48471e-09 1.77917e-09 9.08361e-10 4.63753e-10 2.36758e-10 1.20868e-10 6.17029e-11 3.14985e-11 1.60791e-11 8.20777e-12 4.18964e-12 2.13854e-12 1.09156e-12 5.57147e-13 2.84368e-13 1.45138e-13 7.40748e-14 3.78051e-14 1.9294e-14 9.84651e-15 5.02497e-15 2.56434e-15 1.3086e-15 6.67774e-16 3.40755e-16 1.73879e-16 8.87242e-17 4.52718e-17 2.30996e-17 1.17862e-17 6.01357e-18 3.06819e-18 1.5654e-18 7.98653e-19 4.07458e-19 2.07874e-19 1.06049e-19 5.41013e-20 2.75994e-20 1.40793e-20 7.1822e-21 3.66374e-21 1.86889e-21 9.53314e-22 4.86273e-22 2.48037e-22 1.26516e-22 6.45305e-23 3.29138e-23 1.67874e-23 8.56214e-24 4.3669e-24 2.22719e-24 1.13588e-24 5.79298e-25 2.95437e-25 1.50667e-25 7.68365e-26 3.9184e-26 1.99822e-26 1.01899e-26 5.19626e-27 2.64975e-27 1.35117e-27 6.88988e-28 3.51322e-28 1.7914e-28 9.13427e-29 4.65745e-29 2.37474e-29 1.21082e-29 6.17352e-30 3.14762e-30 1.60482e-30 8.18205e-31 4.1715e-31 2.12675e-31 1.08427e-31 5.52775e-32 2.81809e-32 1.43667e-32 7.32405e-33 3.73371e-33 1.90337e-33 9.7029e-34 4.94622e-34 2.52139e-34 1.28529e-34 6.55173e-35 3.33968e-35 1.70235e-35 8.67738e-36 4.42305e-36 2.2545e-36 1.14914e-36
4.24144e-06 5.12169e-08 2.61553e-08 1.33566e-08 6.82055e-09 3.48281e-09 1.7784e-09 9.08065e-10 4.63653e-10 2.36732e-10 1.20868e-10 6.17095e-11 3.15052e-11 1.60843e-11 8.21126e-12 4.19187e-12 2.1399e-12 1.09237e-12 5.57617e-13 2.84637e-13 1.4529e-13 7.41601e-14 3.78525e-14 1.93201e-14 9.86083e-15 5.03278e-15 2.56858e-15 1.31089e-15 6.69011e-16 3.4142e-16 1.74235e-16 8.89146e-17 4.53734e-17 2.31537e-17 1.18149e-17 6.0288e-18 3.07626e-18 1.56966e-18 8.00903e-19 4.08645e-19 2.08498e-19 1.06378e-19 5.4274e-20 2.769e-20 1.41269e-20 7.20712e-21 3.67679e-21 1.87572e-21 9.56883e-22 4.88137e-22 2.4901e-22 1.27024e-22 6.47954e-23 3.30519e-23 1.68593e-23 8.59957e-24 4.38638e-24 2.23732e-24 1.14115e-24 5.82035e-25 2.96858e-25 1.51405e-25 7.72195e-26 3.93827e-26 2.00852e-26 1.02433e-26 5.22394e-27 2.66409e-27 1.3586e-27 6.92835e-28 3.53314e-28 1.80171e-28 9.18758e-29 4.68502e-29 2.389e-29 1.21818e-29 6.21161e-30 3.1673e-30 1.61498e-30 8.23455e-31 4.19861e-31 2.14075e-31 1.09149e-31 5.56502e-32 2.83732e-32 1.44659e-32 7.3752e-33 3.76009e-33 1.91697e-33 9.773e-34 4.98235e-34 2.54001e-34 1.29488e-34 6.60114e-35 3.36514e-35 1.71546e-35 8.74487e-36 4.4578e-36 2.27239e-36 1.15835e-36 5.90458e-37
2.15335e-06 2.61266e-08 1.33434e-08 6.81458e-09 3.48016e-09 1.77724e-09 9.07573e-10 4.63452e-10 2.36656e-10 1.20842e-10 6.17029e-11 3.15052e-11 1.6086e-11 8.21301e-12 4.1932e-12 2.14081e-12 1.09295e-12 5.57969e-13 2.84846e-13 1.45412e-13 7.42299e-14 3.7892e-14 1.93422e-14 9.87311e-15 5.03955e-15 2.57229e-15 1.31292e-15 6.70111e-16 3.42016e-16 1.74556e-16 8.90871e-17 4.54658e-17 2.32031e-17 1.18412e-17 6.04283e-18 3.08371e-18 1.57361e-18 8.02996e-19 4.09751e-19 2.09083e-19 1.06686e-19 5.44362e-20 2.77753e-20 1.41717e-20 7.23066e-21 3.68914e-21 1.88219e-21 9.60272e-22 4.8991e-22 2.49937e-22 1.27508e-22 6.50482e-23 3.31838e-23 1.69281e-23 8.63543e-24 4.40506e-24 2.24704e-24 1.14621e-24 5.84667e-25 2.98226e-25 1.52116e-25 7.75888e-26 3.95744e-26 2.01847e-26 1.0295e-26 5.25072e-27 2.67798e-27 1.3658e-27 6.96563e-28 3.55245e-28 1.8117e-28 9.23933e-29 4.7118e-29 2.40285e-29 1.22535e-29 6.24867e-30 3.18646e-30 1.62488e-30 8.28571e-31 4.22504e-31 2.1544e-31 1.09854e-31 5.60141e-32 2.8561e-32 1.45628e-32 7.42521e-33 3.78588e-33 1.93028e-33 9.84161e-34 5.01772e-34 2.55824e-34 1.30428e-34 6.64958e-35 3.39009e-35 1.72832e-35 8.81109e-36 4.4919e-36 2.28995e-36 1.16739e-36 5.95113e-37 3.03374e-37
1.09324e-06 1.33273e-08 6.80712e-09 3.47674e-09 1.77569e-09 9.06884e-10 4.63152e-10 2.36528e-10 1.2079e-10 6.1683e-11 3.14985e-11 1.60843e-11 8.21301e-12 4.19365e-12 2.14126e-12 1.09329e-12 5.58204e-13 2.84996e-13 1.45503e-13 7.42842e-14 3.79236e-14 1.93603e-14 9.88335e-15 5.04529e-15 2.57548e-15 1.31468e-15 6.71075e-16 3.42541e-16 1.74842e-16 8.92415e-17 4.55491e-17 2.32478e-17 1.18652e-17 6.05565e-18 3.09055e-18 1.57725e-18 8.0493e-19 4.10777e-19 2.09626e-19 1.06973e-19 5.45878e-20 2.78553e-20 1.42138e-20 7.25282e-21 3.70078e-21 1.8883e-21 9.63478e-22 4.9159e-22 2.50817e-22 1.27968e-22 6.52889e-23 3.33096e-23 1.69938e-23 8.66969e-24 4.42292e-24 2.25636e-24 1.15106e-24 5.87193e-25 2.99541e-25 1.528e-25 7.79443e-26 3.97592e-26 2.02807e-26 1.03448e-26 5.27658e-27 2.69139e-27 1.37276e-27 7.00171e-28 3.57115e-28 1.82139e-28 9.28952e-29 4.73779e-29 2.41631e-29 1.23231e-29 6.28469e-30 3.20509e-30 1.63452e-30 8.33551e-31 4.25078e-31 2.1677e-31 1.10541e-31 5.6369e-32 2.87443e-32 1.46574e-32 7.47405e-33 3.81109e-33 1.94328e-33 9.9087e-34 5.05233e-34 2.57609e-34 1.31348e-34 6.69701e-35 3.41454e-35 1.74092e-35 8.87601e-36 4.52535e-36 2.30718e-36 1.17626e-36 5.99682e-37 3.05727e-37 1.55862e-37
5.55028e-07 6.79819e-09 3.47257e-09 1.77376e-09 9.05998e-10 4.62751e-10 2.36349e-10 1.20712e-10 6.16499e-11 3.1485e-11 1.60791e-11 8.21126e-12 4.1932e-12 2.14126e-12 1.09341e-12 5.58322e-13 2.85085e-13 1.45564e-13 7.4323e-14 3.79473e-14 1.93744e-14 9.89155e-15 5.04999e-15 2.57813e-15 1.31617e-15 6.71902e-16 3.42997e-16 1.75092e-16 8.9378e-17 4.56232e-17 2.32879e-17 1.18868e-17 6.06726e-18 3.09677e-18 1.58058e-18 8.06705e-19 4.11722e-19 2.10128e-19 1.07239e-19 5.47288e-20 2.79298e-20 1.42532e-20 7.27357e-21 3.71171e-21 1.89405e-21 9.665e-22 4.93177e-22 2.51649e-22 1.28405e-22 6.55174e-23 3.34291e-23 1.70563e-23 8.70236e-24 4.43998e-24 2.26526e-24 1.1557e-24 5.89612e-25 3.00801e-25 1.53456e-25 7.82858e-26 3.99368e-26 2.03731e-26 1.03928e-26 5.30152e-27 2.70434e-27 1.37948e-27 7.03658e-28 3.58923e-28 1.83077e-28 9.33812e-29 4.76297e-29 2.42935e-29 1.23907e-29 6.31966e-30 3.22319e-30 1.64388e-30 8.38395e-31 4.27583e-31 2.18065e-31 1.1121e-31 5.67149e-32 2.8923e-32 1.47497e-32 7.52172e-33 3.8357e-33 1.95598e-33 9.97426e-34 5.08616e-34 2.59354e-34 1.32248e-34 6.74343e-35 3.43848e-35 1.75326e-35 8.93961e-36 4.55813e-36 2.32407e-36 1.18496e-36 6.04165e-37 3.08035e-37 1.57051e-37 8.00708e-38
2.81784e-07 3.46764e-09 1.77144e-09 9.04917e-10 4.6225e-10 2.3612e-10 1.20608e-10 6.16036e-11 3.14648e-11 1.60705e-11 8.20777e-12 4.19187e-12 2.14081e-12 1.09329e-12 5.58322e-13 2.85115e-13 1.45595e-13 7.43463e-14 3.79631e-14 1.93844e-14 9.8977e-15 5.05364e-15 2.58026e-15 1.31738e-15 6.72591e-16 3.43383e-16 1.75306e-16 8.94963e-17 4.56881e-17 2.33233e-17 1.19061e-17 6.07767e-18 3.10238e-18 1.5836e-18 8.08321e-19 4.12585e-19 2.10589e-19 1.07485e-19 5.48591e-20 2.7999e-20 1.42898e-20 7.29293e-21 3.72193e-21 1.89944e-21 9.69339e-22 4.94671e-22 2.52434e-22 1.28817e-22 6.57336e-23 3.35424e-23 1.71156e-23 8.73341e-24 4.45622e-24 2.27374e-24 1.16013e-24 5.91924e-25 3.02007e-25 1.54085e-25 7.86132e-26 4.01073e-26 2.04618e-26 1.04389e-26 5.32551e-27 2.71681e-27 1.38596e-27 7.07022e-28 3.60669e-28 1.83983e-28 9.38512e-29 4.78735e-29 2.44198e-29 1.24561e-29 6.35357e-30 3.24075e-30 1.65297e-30 8.431e-31 4.30018e-31 2.19324e-31 1.11861e-31 5.70516e-32 2.9097e-32 1.48396e-32 7.56818e-33 3.8597e-33 1.96838e-33 1.00383e-33 5.11919e-34 2.61059e-34 1.33128e-34 6.78882e-35 3.46189e-35 1.76533e-35 9.00188e-36 4.59023e-36 2.34061e-36 1.19349e-36 6.0856e-37 3.103e-37 1.58217e-37 8.06716e-38 4.11322e-38
1.43059e-07 1.76874e-09 9.03639e-10 4.61649e-10 2.35839e-10 1.20478e-10 6.15441e-11 3.14378e-11 1.60585e-11 8.20252e-12 4.18964e-12 2.1399e-12 1.09295e-12 5.58204e-13 2.85085e-13 1.45595e-13 7.4354e-14 3.7971e-14 1.93905e-14 9.9018e-15 5.05625e-15 2.58186e-15 1.31833e-15 6.73143e-16 3.43699e-16 1.75485e-16 8.95965e-17 4.57437e-17 2.3354e-17 1.19229e-17 6.08685e-18 3.10737e-18 1.5863e-18 8.09777e-19 4.13368e-19 2.11008e-19 1.07709e-19 5.49787e-20 2.80626e-20 1.43236e-20 7.31087e-21 3.73144e-21 1.90447e-21 9.71992e-22 4.9607e-22 2.53171e-22 1.29204e-22 6.59374e-23 3.36495e-23 1.71718e-23 8.76284e-24 4.47163e-24 2.28181e-24 1.16435e-24 5.94128e-25 3.03158e-25 1.54685e-25 7.89265e-26 4.02706e-26 2.05469e-26 1.04832e-26 5.34857e-27 2.7288e-27 1.39219e-27 7.10263e-28 3.62353e-28 1.84858e-28 9.43051e-29 4.8109e-29 2.4542e-29 1.25195e-29 6.38641e-30 3.25776e-30 1.66179e-30 8.47665e-31 4.32381e-31 2.20547e-31 1.12494e-31 5.7379e-32 2.92664e-32 1.49272e-32 7.61344e-33 3.88309e-33 1.98046e-33 1.01007e-33 5.15143e-34 2.62723e-34 1.33987e-34 6.83317e-35 3.48478e-35 1.77714e-35 9.06279e-36 4.62165e-36 2.35681e-36 1.20184e-36 6.12865e-37 3.12519e-37 1.59361e-37 8.12608e-38 4.14357e-38 2.11282e-38
7.26301e-08 9.02166e-10 4.60949e-10 2.35508e-10 1.20322e-10 6.14714e-11 3.14042e-11 1.60431e-11 8.19554e-12 4.18653e-12 2.13854e-12 1.09237e-12 5.57969e-13 2.84996e-13 1.45564e-13 7.43463e-14 3.7971e-14 1.93925e-14 9.90385e-15 5.05782e-15 2.58292e-15 1.31901e-15 6.73557e-16 3.43945e-16 1.75628e-16 8.96785e-17 4.57901e-17 2.338e-17 1.19374e-17 6.09482e-18 3.11174e-18 1.58868e-18 8.11072e-19 4.14069e-19 2.11386e-19 1.07912e-19 5.50876e-20 2.81209e-20 1.43547e-20 7.3274e-21 3.74022e-21 1.90913e-21 9.7446e-22 4.97375e-22 2.5386e-22 1.29568e-22 6.61288e-23 3.37502e-23 1.72247e-23 8.79064e-24 4.48621e-24 2.28945e-24 1.16835e-24 5.96223e-25 3.04253e-25 1.55258e-25 7.92254e-26 4.04266e-26 2.06282e-26 1.05257e-26 5.37067e-27 2.74031e-27 1.39818e-27 7.1338e-28 3.63974e-28 1.857e-28 9.47427e-29 4.83362e-29 2.466e-29 1.25807e-29 6.41816e-30 3.27423e-30 1.67032e-30 8.52089e-31 4.34673e-31 2.21734e-31 1.13109e-31 5.76971e-32 2.9431e-32 1.50123e-32 7.65747e-33 3.90586e-33 1.99223e-33 1.01615e-33 5.18286e-34 2.64347e-34 1.34826e-34 6.87647e-35 3.50713e-35 1.78868e-35 9.12233e-36 4.65236e-36 2.37266e-36 1.21002e-36 6.1708e-37 3.14692e-37 1.60481e-37 8.18382e-38 4.17333e-38 2.12816e-38 1.08522e-38
3.68738e-08 4.60149e-10 2.35126e-10 1.20141e-10 6.13855e-11 3.13638e-11 1.60243e-11 8.18681e-12 4.18253e-12 2.13673e-12 1.09156e-12 5.57617e-13 2.84846e-13 1.45503e-13 7.4323e-14 3.79631e-14 1.93905e-14 9.90385e-15 5.05834e-15 2.58345e-15 1.31942e-15 6.73833e-16 3.44121e-16 1.75736e-16 8.97423e-17 4.58273e-17 2.34013e-17 1.19494e-17 6.10157e-18 3.11549e-18 1.59075e-18 8.12206e-19 4.14687e-19 2.11722e-19 1.08094e-19 5.51857e-20 2.81736e-20 1.4383e-20 7.34252e-21 3.74828e-21 1.91342e-21 9.76741e-22 4.98585e-22 2.54501e-22 1.29907e-22 6.63078e-23 3.38445e-23 1.72744e-23 8.81679e-24 4.49996e-24 2.29667e-24 1.17214e-24 5.98209e-25 3.05293e-25 1.55802e-25 7.95101e-26 4.05754e-26 2.07059e-26 1.05662e-26 5.39182e-27 2.75134e-27 1.40393e-27 7.16371e-28 3.65531e-28 1.8651e-28 9.51639e-29 4.85552e-29 2.47737e-29 1.26398e-29 6.44883e-30 3.29014e-30 1.67858e-30 8.5637e-31 4.36892e-31 2.22884e-31 1.13705e-31 5.80057e-32 2.95907e-32 1.5095e-32 7.70027e-33 3.928e-33 2.00369e-33 1.02207e-33 5.21347e-34 2.65929e-34 1.35643e-34 6.9187e-35 3.52894e-35 1.79994e-35 9.18048e-36 4.68238e-36 2.38815e-36 1.21801e-36 6.21203e-37 3.16819e-37 1.61578e-37 8.24037e-38 4.20248e-38 2.14318e-38 1.09297e-38 5.57377e-39
1.87205e-08 2.34694e-10 1.19933e-10 6.12865e-11 3.13167e-11 1.6002e-11 8.17634e-12 4.17764e-12 2.13447e-12 1.09053e-12 5.57147e-13 2.84637e-13 1.45412e-13 7.42842e-14 3.79473e-14 1.93844e-14 9.9018e-15 5.05782e-15 2.58345e-15 1.31955e-15 6.73971e-16 3.44227e-16 1.75807e-16 8.97879e-17 4.58551e-17 2.34179e-17 1.1959e-17 6.10709e-18 3.11862e-18 1.5925e-18 8.13178e-19 4.15224e-19 2.12016e-19 1.08254e-19 5.52729e-20 2.82208e-20 1.44084e-20 7.3562e-21 3.75562e-21 1.91734e-21 9.78834e-22 4.99699e-22 2.55093e-22 1.30221e-22 6.64742e-23 3.39325e-23 1.73209e-23 8.8413e-24 4.51287e-24 2.30346e-24 1.17571e-24 6.00084e-25 3.06277e-25 1.56318e-25 7.97803e-26 4.07168e-26 2.07799e-26 1.06048e-26 5.412e-27 2.76187e-27 1.40942e-27 7.19236e-28 3.67023e-28 1.87287e-28 9.55685e-29 4.87657e-29 2.48832e-29 1.26967e-29 6.47839e-30 3.3055e-30 1.68655e-30 8.60507e-31 4.39038e-31 2.23997e-31 1.14282e-31 5.83047e-32 2.97457e-32 1.51753e-32 7.74182e-33 3.9495e-33 2.01482e-33 1.02783e-33 5.24325e-34 2.67469e-34 1.36439e-34 6.95985e-35 3.5502e-35 1.81093e-35 9.23722e-36 4.71168e-36 2.40328e-36 1.22582e-36 6.25233e-37 3.18898e-37 1.62651e-37 8.29571e-38 4.23102e-38 2.1579e-38 1.10055e-38 5.61287e-39 2.86255e-39
9.50426e-09 1.197e-10 6.11744e-11 3.1263e-11 1.59763e-11 8.16414e-12 4.17187e-12 2.13175e-12 1.08926e-12 5.5656e-13 2.84368e-13 1.4529e-13 7.42299e-14 3.79236e-14 1.93744e-14 9.8977e-15 5.05625e-15 2.58292e-15 1.31942e-15 6.73971e-16 3.44262e-16 1.75843e-16 8.98152e-17 4.58737e-17 2.34297e-17 1.19663e-17 6.11139e-18 3.12112e-18 1.59393e-18 8.1399e-19 4.15679e-19 2.12269e-19 1.08394e-19 5.53493e-20 2.82625e-20 1.44311e-20 7.36846e-21 3.76223e-21 1.9209e-21 9.80739e-22 5.00718e-22 2.55637e-22 1.3051e-22 6.6628e-23 3.40141e-23 1.73641e-23 8.86416e-24 4.52494e-24 2.30983e-24 1.17907e-24 6.01849e-25 3.07205e-25 1.56805e-25 8.00359e-26 4.08508e-26 2.08501e-26 1.06416e-26 5.43122e-27 2.77192e-27 1.41467e-27 7.21974e-28 3.68451e-28 1.88032e-28 9.59565e-29 4.89677e-29 2.49883e-29 1.27514e-29 6.50685e-30 3.32029e-30 1.69424e-30 8.64498e-31 4.41111e-31 2.25073e-31 1.1484e-31 5.85941e-32 2.98957e-32 1.5253e-32 7.78211e-33 3.97037e-33 2.02562e-33 1.03342e-33 5.2722e-34 2.68967e-34 1.37214e-34 6.99991e-35 3.57091e-35 1.82163e-35 9.29253e-36 4.74026e-36 2.41804e-36 1.23344e-36 6.29169e-37 3.2093e-37 1.63699e-37 8.34981e-38 4.25894e-38 2.1723e-38 1.10798e-38 5.65117e-39 2.8823e-39 1.47005e-39
4.82524e-09 6.10493e-11 3.12026e-11 1.59473e-11 8.1502e-12 4.16521e-12 2.12859e-12 1.08776e-12 5.55856e-13 2.84039e-13 1.45138e-13 7.41601e-14 3.7892e-14 1.93603e-14 9.89155e-15 5.05364e-15 2.58186e-15 1.31901e-15 6.73833e-16 3.44227e-16 1.75843e-16 8.98244e-17 4.5883e-17 2.34368e-17 1.19711e-17 6.11446e-18 3.12299e-18 1.59505e-18 8.14639e-19 4.16051e-19 2.12479e-19 1.08512e-19 5.54149e-20 2.82987e-20 1.44509e-20 7.37929e-21 3.76811e-21 1.92408e-21 9.82455e-22 5.01641e-22 2.56132e-22 1.30775e-22 6.67691e-23 3.40893e-23 1.74041e-23 8.88535e-24 4.53617e-24 2.31577e-24 1.1822e-24 6.03503e-25 3.08076e-25 1.57264e-25 8.02769e-26 4.09774e-26 2.09165e-26 1.06764e-26 5.44946e-27 2.78146e-27 1.41966e-27 7.24583e-28 3.69814e-28 1.88743e-28 9.63276e-29 4.91612e-29 2.50892e-29 1.28039e-29 6.53418e-30 3.33451e-30 1.70163e-30 8.68344e-31 4.43109e-31 2.26111e-31 1.15379e-31 5.88738e-32 3.00408e-32 1.53283e-32 7.82112e-33 3.99059e-33 2.0361e-33 1.03885e-33 5.3003e-34 2.70421e-34 1.37967e-34 7.03886e-35 3.59106e-35 1.83205e-35 9.34641e-36 4.7681e-36 2.43243e-36 1.24088e-36 6.33009e-37 3.22913e-37 1.64723e-37 8.40268e-38 4.28622e-38 2.18638e-38 1.11524e-38 5.68864e-39 2.90162e-39 1.48002e-39 7.54898e-40
2.44974e-09 3.11355e-11 1.59148e-11 8.13454e-12 4.15767e-12 2.12498e-12 1.08604e-12 5.55035e-13 2.83651e-13 1.44955e-13 7.40748e-14 3.78525e-14 1.93422e-14 9.88335e-15 5.04999e-15 2.58026e-15 1.31833e-15 6.73557e-16 3.44121e-16 1.75807e-16 8.98152e-17 4.5883e-17 2.34392e-17 1.19735e-17 6.1163e-18 3.12424e-18 1.59584e-18 8.15126e-19 4.1634e-19 2.12648e-19 1.08608e-19 5.54695e-20 2.83293e-20 1.44679e-20 7.38868e-21 3.77326e-21 1.92689e-21 9.83982e-22 5.02467e-22 2.56577e-22 1.31014e-22 6.68976e-23 3.4158e-23 1.74407e-23 8.90487e-24 4.54654e-24 2.32127e-24 1.18512e-24 6.05045e-25 3.08891e-25 1.57693e-25 8.05033e-26 4.10965e-26 2.09791e-26 1.07093e-26 5.46672e-27 2.79051e-27 1.4244e-27 7.27064e-28 3.71112e-28 1.89421e-28 9.66818e-29 4.93461e-29 2.51856e-29 1.28542e-29 6.56039e-30 3.34816e-30 1.70874e-30 8.72041e-31 4.45032e-31 2.2711e-31 1.15898e-31 5.91436e-32 3.01809e-32 1.5401e-32 7.85885e-33 4.01016e-33 2.04624e-33 1.04411e-33 5.32755e-34 2.71833e-34 1.38698e-34 7.0767e-35 3.61065e-35 1.84218e-35 9.39882e-36 4.79521e-36 2.44644e-36 1.24812e-36 6.36753e-37 3.24847e-37 1.65722e-37 8.45429e-38 4.31287e-38 2.20014e-38 1.12234e-38 5.72528e-39 2.92053e-39 1.48977e-39 7.59929e-40 3.87632e-40
1.24371e-09 1.5879e-11 8.11716e-12 4.14926e-12 2.12092e-12 1.08408e-12 5.54098e-13 2.83203e-13 1.44742e-13 7.39741e-14 3.78051e-14 1.93201e-14 9.87311e-15 5.04529e-15 2.57813e-15 1.31738e-15 6.73143e-16 3.43945e-16 1.75736e-16 8.97879e-17 4.58737e-17 2.34368e-17 1.19735e-17 6.11691e-18 3.12487e-18 1.59632e-18 8.15451e-19 4.16547e-19 2.12774e-19 1.08683e-19 5.55133e-20 2.83543e-20 1.44821e-20 7.39663e-21 3.77768e-21 1.92933e-21 9.8532e-22 5.03197e-22 2.56974e-22 1.31229e-22 6.70133e-23 3.42202e-23 1.74741e-23 8.92271e-24 4.55606e-24 2.32634e-24 1.18781e-24 6.06475e-25 3.09648e-25 1.58094e-25 8.07148e-26 4.12081e-26 2.10379e-26 1.07402e-26 5.48299e-27 2.79906e-27 1.42889e-27 7.29415e-28 3.72343e-28 1.90066e-28 9.70191e-29 4.95224e-29 2.52777e-29 1.29023e-29 6.58547e-30 3.36124e-30 1.71555e-30 8.7559e-31 4.46879e-31 2.28072e-31 1.16398e-31 5.94035e-32 3.0316e-32 1.54712e-32 7.89528e-33 4.02907e-33 2.05605e-33 1.0492e-33 5.35393e-34 2.732e-34 1.39407e-34 7.11341e-35 3.62966e-35 1.85202e-35 9.44976e-36 4.82157e-36 2.46008e-36 1.25517e-36 6.40399e-37 3.26732e-37 1.66697e-37 8.50462e-38 4.33887e-38 2.21356e-38 1.12928e-38 5.76108e-39 2.93901e-39 1.49931e-39 7.6485e-40 3.90171e-40 1.99034e-40
6.31424e-10 8.09806e-12 4.13997e-12 2.11641e-12 1.0819e-12 5.53045e-13 2.82696e-13 1.44499e-13 7.3858e-14 3.77499e-14 1.9294e-14 9.86083e-15 5.03955e-15 2.57548e-15 1.31617e-15 6.72591e-16 3.43699e-16 1.75628e-16 8.97423e-17 4.58551e-17 2.34297e-17 1.19711e-17 6.1163e-18 3.12487e-18 1.59648e-18 8.15613e-19 4.16671e-19 2.12859e-19 1.08737e-19 5.55461e-20 2.83738e-20 1.44935e-20 7.40313e-21 3.78136e-21 1.93139e-21 9.86467e-22 5.0383e-22 2.57321e-22 1.31419e-22 6.71163e-23 3.42759e-23 1.75041e-23 8.93887e-24 4.56473e-24 2.33097e-24 1.19028e-24 6.07791e-25 3.10348e-25 1.58465e-25 8.09116e-26 4.13121e-26 2.10929e-26 1.07692e-26 5.49826e-27 2.8071e-27 1.43311e-27 7.31636e-28 3.73509e-28 1.90677e-28 9.73391e-29 4.96899e-29 2.53654e-29 1.29481e-29 6.6094e-30 3.37373e-30 1.72207e-30 8.78988e-31 4.4865e-31 2.28994e-31 1.16878e-31 5.96534e-32 3.04459e-32 1.55387e-32 7.9304e-33 4.04731e-33 2.06553e-33 1.05411e-33 5.37945e-34 2.74524e-34 1.40093e-34 7.14898e-35 3.64809e-35 1.86157e-35 9.49921e-36 4.84717e-36 2.47333e-36 1.26203e-36 6.43947e-37 3.28567e-37 1.67645e-37 8.55366e-38 4.36422e-38 2.22666e-38 1.13605e-38 5.79603e-39 2.95706e-39 1.50863e-39 7.69659e-40 3.92653e-40 2.00315e-40 1.0219e-40
3.20569e-10 4.12981e-12 2.11145e-12 1.07949e-12 5.51876e-13 2.8213e-13 1.44226e-13 7.37266e-14 3.76869e-14 1.92639e-14 9.84651e-15 5.03278e-15 2.57229e-15 1.31468e-15 6.71902e-16 3.43383e-16 1.75485e-16 8.96785e-17 4.58273e-17 2.34179e-17 1.19663e-17 6.11446e-18 3.12424e-18 1.59632e-18 8.15613e-19 4.16712e-19 2.12901e-19 1.08769e-19 5.5568e-20 2.83878e-20 1.4502e-20 7.4082e-21 3.78431e-21 1.93308e-21 9.87423e-22 5.04366e-22 2.57619e-22 1.31583e-22 6.72065e-23 3.43252e-23 1.75309e-23 8.95335e-24 4.57253e-24 2.33517e-24 1.19254e-24 6.08995e-25 3.10991e-25 1.58808e-25 8.10934e-26 4.14086e-26 2.1144e-26 1.07963e-26 5.51255e-27 2.81463e-27 1.43708e-27 7.33725e-28 3.74607e-28 1.91254e-28 9.7642e-29 4.98487e-29 2.54485e-29 1.29916e-29 6.63218e-30 3.38564e-30 1.72829e-30 8.82236e-31 4.50345e-31 2.29878e-31 1.17339e-31 5.98933e-32 3.05708e-32 1.56037e-32 7.9642e-33 4.06488e-33 2.07466e-33 1.05886e-33 5.40408e-34 2.75803e-34 1.40756e-34 7.1834e-35 3.66594e-35 1.87083e-35 9.54716e-36 4.87201e-36 2.4862e-36 1.26869e-36 6.47395e-37 3.30351e-37 1.68568e-37 8.6014e-38 4.3889e-38 2.23942e-38 1.14264e-38 5.83011e-39 2.97466e-39 1.51772e-39 7.74356e-40 3.95078e-40 2.01566e-40 1.02837e-40 5.24651e-41
1.6275e-10 2.10606e-12 1.07686e-12 5.50592e-13 2.81506e-13 1.43923e-13 7.35798e-14 3.76161e-14 1.92298e-14 9.83015e-15 5.02497e-15 2.56858e-15 1.31292e-15 6.71075e-16 3.42997e-16 1.75306e-16 8.95965e-17 4.57901e-17 2.34013e-17 1.1959e-17 6.11139e-18 3.12299e-18 1.59584e-18 8.15451e-19 4.16671e-19 2.12901e-19 1.0878e-19 5.55789e-20 2.83962e-20 1.45077e-20 7.41182e-21 3.78652e-21 1.9344e-21 9.88189e-22 5.04805e-22 2.57867e-22 1.31722e-22 6.72838e-23 3.43678e-23 1.75543e-23 8.96613e-24 4.57948e-24 2.33893e-24 1.19456e-24 6.10086e-25 3.11575e-25 1.5912e-25 8.12603e-26 4.14975e-26 2.11912e-26 1.08213e-26 5.52583e-27 2.82166e-27 1.44079e-27 7.35683e-28 3.75639e-28 1.91797e-28 9.79275e-29 4.99987e-29 2.55273e-29 1.30329e-29 6.6538e-30 3.39696e-30 1.73421e-30 8.85332e-31 4.51962e-31 2.30722e-31 1.17779e-31 6.0123e-32 3.06905e-32 1.56661e-32 7.99667e-33 4.08178e-33 2.08345e-33 1.06343e-33 5.42783e-34 2.77037e-34 1.41397e-34 7.21666e-35 3.6832e-35 1.87978e-35 9.59359e-36 4.89608e-36 2.49867e-36 1.27515e-36 6.50741e-37 3.32084e-37 1.69465e-37 8.64782e-38 4.41292e-38 2.25184e-38 1.14906e-38 5.86332e-39 2.99183e-39 1.52659e-39 7.78938e-40 3.97445e-40 2.02789e-40 1.03468e-40 5.2791e-41 2.69345e-41
8.26271e-11 1.07399e-12 5.49192e-13 2.80822e-13 1.4359e-13 7.34178e-14 3.75374e-14 1.91917e-14 9.81178e-15 5.01612e-15 2.56434e-15 1.31089e-15 6.70111e-16 3.42541e-16 1.75092e-16 8.94963e-17 4.57437e-17 2.338e-17 1.19494e-17 6.10709e-18 3.12112e-18 1.59505e-18 8.15126e-19 4.16547e-19 2.12859e-19 1.08769e-19 5.55789e-20 2.83989e-20 1.45105e-20 7.41399e-21 3.788e-21 1.93534e-21 9.88763e-22 5.05146e-22 2.58066e-22 1.31836e-22 6.73483e-23 3.4404e-23 1.75744e-23 8.97721e-24 4.58556e-24 2.34225e-24 1.19637e-24 6.11062e-25 3.12102e-25 1.59403e-25 8.14122e-26 4.15788e-26 2.12346e-26 1.08444e-26 5.5381e-27 2.82817e-27 1.44424e-27 7.37509e-28 3.76604e-28 1.92306e-28 9.81956e-29 5.01398e-29 2.56015e-29 1.30719e-29 6.67426e-30 3.40769e-30 1.73983e-30 8.88274e-31 4.53501e-31 2.31527e-31 1.182e-31 6.03425e-32 3.08051e-32 1.57258e-32 8.0278e-33 4.098e-33 2.09189e-33 1.06782e-33 5.45069e-34 2.78225e-34 1.42015e-34 7.24876e-35 3.69987e-35 1.88843e-35 9.63849e-36 4.91937e-36 2.51075e-36 1.28141e-36 6.53986e-37 3.33765e-37 1.70336e-37 8.69291e-38 4.43626e-38 2.26392e-38 1.15531e-38 5.89565e-39 3.00854e-39 1.53523e-39 7.83405e-40 3.99753e-40 2.03982e-40 1.04084e-40 5.31092e-41 2.70988e-41 1.38268e-41
4.19492e-11 5.47678e-13 2.8008e-13 1.43227e-13 7.32405e-14 3.7451e-14 1.91497e-14 9.79138e-15 5.00625e-15 2.55957e-15 1.3086e-15 6.69011e-16 3.42016e-16 1.74842e-16 8.9378e-17 4.56881e-17 2.3354e-17 1.19374e-17 6.10157e-18 3.11862e-18 1.59393e-18 8.14639e-19 4.1634e-19 2.12774e-19 1.08737e-19 5.5568e-20 2.83962e-20 1.45105e-20 7.41471e-21 3.78874e-21 1.9359e-21 9.89146e-22 5.0539e-22 2.58215e-22 1.31925e-22 6.73999e-23 3.44336e-23 1.75911e-23 8.9866e-24 4.59078e-24 2.34513e-24 1.19795e-24 6.11925e-25 3.12571e-25 1.59657e-25 8.1549e-26 4.16523e-26 2.12741e-26 1.08655e-26 5.54937e-27 2.83417e-27 1.44743e-27 7.39201e-28 3.775e-28 1.9278e-28 9.84463e-29 5.02721e-29 2.56712e-29 1.31086e-29 6.69355e-30 3.41782e-30 1.74515e-30 8.91063e-31 4.54962e-31 2.32292e-31 1.186e-31 6.05518e-32 3.09144e-32 1.57829e-32 8.05758e-33 4.11353e-33 2.09999e-33 1.07204e-33 5.47265e-34 2.79368e-34 1.42609e-34 7.27967e-35 3.71593e-35 1.89678e-35 9.68184e-36 4.94188e-36 2.52243e-36 1.28747e-36 6.57129e-37 3.35394e-37 1.7118e-37 8.73665e-38 4.45892e-38 2.27566e-38 1.16139e-38 5.92708e-39 3.02481e-39 1.54365e-39 7.87756e-40 4.02002e-40 2.05144e-40 1.04685e-40 5.34196e-41 2.72591e-41 1.39097e-41 7.09766e-42
2.12973e-11 2.7928e-13 1.42834e-13 7.30481e-14 3.73569e-14 1.91037e-14 9.76896e-15 4.99534e-15 2.55428e-15 1.30604e-15 6.67774e-16 3.4142e-16 1.74556e-16 8.92415e-17 4.56232e-17 2.33233e-17 1.19229e-17 6.09482e-18 3.11549e-18 1.5925e-18 8.1399e-19 4.16051e-19 2.12648e-19 1.08683e-19 5.55461e-20 2.83878e-20 1.45077e-20 7.41399e-21 3.78874e-21 1.93609e-21 9.89337e-22 5.05536e-22 2.58315e-22 1.31988e-22 6.74386e-23 3.44566e-23 1.76045e-23 8.99428e-24 4.59513e-24 2.34757e-24 1.1993e-24 6.12672e-25 3.12981e-25 1.59881e-25 8.16708e-26 4.17182e-26 2.13096e-26 1.08847e-26 5.55962e-27 2.83965e-27 1.45036e-27 7.4076e-28 3.78329e-28 1.9322e-28 9.86793e-29 5.03954e-29 2.57363e-29 1.31429e-29 6.71166e-30 3.42735e-30 1.75016e-30 8.93697e-31 4.56345e-31 2.33017e-31 1.1898e-31 6.07507e-32 3.10185e-32 1.58373e-32 8.08601e-33 4.12837e-33 2.10773e-33 1.07608e-33 5.4937e-34 2.80465e-34 1.4318e-34 7.30939e-35 3.7314e-35 1.90482e-35 9.72363e-36 4.96359e-36 2.5337e-36 1.29333e-36 6.60167e-37 3.36971e-37 1.71998e-37 8.77904e-38 4.48088e-38 2.28704e-38 1.16728e-38 5.95761e-39 3.04061e-39 1.55183e-39 7.91988e-40 4.04192e-40 2.06276e-40 1.0527e-40 5.37223e-41 2.74155e-41 1.39905e-41 7.13941e-42 3.64322e-42
1.08125e-11 1.42412e-13 7.28406e-14 3.7255e-14 1.90538e-14 9.74454e-15 4.98342e-15 2.54846e-15 1.30321e-15 6.66401e-16 3.40755e-16 1.74235e-16 8.90871e-17 4.55491e-17 2.32879e-17 1.19061e-17 6.08685e-18 3.11174e-18 1.59075e-18 8.13178e-19 4.15679e-19 2.12479e-19 1.08608e-19 5.55133e-20 2.83738e-20 1.4502e-20 7.41182e-21 3.788e-21 1.9359e-21 9.89337e-22 5.05585e-22 2.58364e-22 1.32026e-22 6.74645e-23 3.4473e-23 1.76146e-23 9.00026e-24 4.59861e-24 2.34956e-24 1.20043e-24 6.13306e-25 3.13333e-25 1.60075e-25 8.17774e-26 4.17764e-26 2.13412e-26 1.09018e-26 5.56886e-27 2.84462e-27 1.45303e-27 7.42186e-28 3.7909e-28 1.93625e-28 9.88947e-29 5.05097e-29 2.57969e-29 1.3175e-29 6.72859e-30 3.43629e-30 1.75487e-30 8.96176e-31 4.57648e-31 2.33702e-31 1.19339e-31 6.09392e-32 3.11172e-32 1.5889e-32 8.11306e-33 4.14252e-33 2.11512e-33 1.07994e-33 5.51385e-34 2.81515e-34 1.43728e-34 7.33792e-35 3.74625e-35 1.91255e-35 9.76385e-36 4.98451e-36 2.54458e-36 1.29898e-36 6.63101e-37 3.38494e-37 1.72788e-37 8.82005e-38 4.50215e-38 2.29807e-38 1.173e-38 5.98723e-39 3.05595e-39 1.55977e-39 7.96102e-40 4.06321e-40 2.07378e-40 1.0584e-40 5.4017e-41 2.75679e-41 1.40693e-41 7.18012e-42 3.66426e-42 1.86997e-42
5.4894e-12 7.26181e-14 3.71455e-14 1.89999e-14 9.71813e-15 4.97047e-15 2.54213e-15 1.30011e-15 6.64893e-16 3.40022e-16 1.73879e-16 8.89146e-17 4.54658e-17 2.32478e-17 1.18868e-17 6.07767e-18 3.10737e-18 1.58868e-18 8.12206e-19 4.15224e-19 2.12269e-19 1.08512e-19 5.54695e-20 2.83543e-20 1.44935e-20 7.4082e-21 3.78652e-21 1.93534e-21 9.89146e-22 5.05536e-22 2.58364e-22 1.32039e-22 6.74774e-23 3.44829e-23 1.76213e-23 9.00453e-24 4.60122e-24 2.35112e-24 1.20134e-24 6.13824e-25 3.13626e-25 1.6024e-25 8.18688e-26 4.18269e-26 2.13689e-26 1.09169e-26 5.57708e-27 2.84907e-27 1.45543e-27 7.43476e-28 3.79782e-28 1.93996e-28 9.90924e-29 5.0615e-29 2.58528e-29 1.32047e-29 6.74434e-30 3.44462e-30 1.75927e-30 8.98498e-31 4.58872e-31 2.34346e-31 1.19678e-31 6.11172e-32 3.12107e-32 1.5938e-32 8.13875e-33 4.15597e-33 2.12216e-33 1.08362e-33 5.53307e-34 2.82519e-34 1.44252e-34 7.36524e-35 3.76049e-35 1.91997e-35 9.80249e-36 5.00462e-36 2.55504e-36 1.30442e-36 6.65929e-37 3.39963e-37 1.73552e-37 8.85968e-38 4.52272e-38 2.30874e-38 1.17853e-38 6.01593e-39 3.07083e-39 1.56748e-39 8.00094e-40 4.08389e-40 2.08449e-40 1.06394e-40 5.43037e-41 2.77163e-41 1.4146e-41 7.21979e-42 3.68477e-42 1.88057e-42 9.59756e-43
2.78693e-12 3.70284e-14 1.89422e-14 9.68972e-15 4.95651e-15 2.53527e-15 1.29676e-15 6.63249e-16 3.39219e-16 1.73488e-16 8.87242e-17 4.53734e-17 2.32031e-17 1.18652e-17 6.06726e-18 3.10238e-18 1.5863e-18 8.11072e-19 4.14687e-19 2.12016e-19 1.08394e-19 5.54149e-20 2.83293e-20 1.44821e-20 7.40313e-21 3.78431e-21 1.9344e-21 9.88763e-22 5.0539e-22 2.58315e-22 1.32026e-22 6.74774e-23 3.44862e-23 1.76247e-23 9.0071e-24 4.60297e-24 2.35223e-24 1.20201e-24 6.14227e-25 3.13861e-25 1.60375e-25 8.19451e-26 4.18697e-26 2.13927e-26 1.093e-26 5.58427e-27 2.853e-27 1.45756e-27 7.44633e-28 3.80406e-28 1.94331e-28 9.92723e-29 5.07112e-29 2.59042e-29 1.32321e-29 6.75889e-30 3.45234e-30 1.76337e-30 9.00663e-31 4.60016e-31 2.3495e-31 1.19996e-31 6.12847e-32 3.12988e-32 1.59843e-32 8.16304e-33 4.16871e-33 2.12884e-33 1.08711e-33 5.55136e-34 2.83476e-34 1.44752e-34 7.39134e-35 3.77411e-35 1.92708e-35 9.83953e-36 5.02392e-36 2.56509e-36 1.30965e-36 6.68651e-37 3.41379e-37 1.74287e-37 8.89791e-38 4.54258e-38 2.31905e-38 1.18389e-38 6.04369e-39 3.08523e-39 1.57495e-39 8.03965e-40 4.10394e-40 2.09488e-40 1.06932e-40 5.45823e-41 2.78605e-41 1.42206e-41 7.2584e-42 3.70474e-42 1.89089e-42 9.65095e-43 4.92568e-43
