0.990816 0.00225902 0.00113991 0.0005752 0.000290248 0.00014646 7.39039e-05 3.72921e-05 1.88177e-05 9.49546e-06 4.79143e-06 2.41777e-06 1.22001e-06 6.15621e-07 3.10644e-07 1.56752e-07 7.90974e-08 3.99127e-08 2.01401e-08 1.01627e-08 5.12814e-09 2.58767e-09 1.30575e-09 6.58883e-10 3.32474e-10 1.67767e-10 8.46558e-11 4.27175e-11 2.15554e-11 1.08769e-11 5.48851e-12 2.76952e-12 1.39751e-12 7.05185e-13 3.55838e-13 1.79557e-13 9.06048e-14 4.57194e-14 2.30701e-14 1.16413e-14 5.87421e-15 2.96414e-15 1.49571e-15 7.54741e-16 3.80844e-16 1.92175e-16 9.69719e-17 4.89323e-17 2.46914e-17 1.24593e-17 6.28701e-18 3.17244e-18 1.60082e-18 8.07779e-19 4.07607e-19 2.0568e-19 1.03786e-19 5.23709e-20 2.64265e-20 1.33349e-20 6.72882e-21 3.39538e-21 1.71332e-21 8.64544e-22 4.36251e-22 2.20133e-22 1.1108e-22 5.60512e-23 2.82836e-23 1.4272e-23 7.20167e-24 3.63398e-24 1.83372e-24 9.25298e-25 4.66908e-25 2.35603e-25 1.18886e-25 5.99901e-26 3.02712e-26 1.52749e-26 7.70776e-27 3.88935e-27 1.96258e-27 9.90322e-28 4.99719e-28 2.52159e-28 1.2724e-28 6.42058e-29 3.23984e-29 1.63483e-29 8.2494e-30 4.16267e-30 2.10049e-30 1.05991e-30 5.34836e-31 2.6988e-31 1.36182e-31 6.87177e-32 3.46751e-32 1.74972e-32 8.82912e-33
0.00225902 1.55639e-05 7.87736e-06 3.98694e-06 2.01787e-06 1.02128e-06 5.16882e-07 2.61598e-07 1.32395e-07 6.70052e-08 3.39109e-08 1.7162e-08 8.68543e-09 4.39553e-09 2.22448e-09 1.12575e-09 5.69705e-10 2.88307e-10 1.45901e-10 7.38339e-11 3.73638e-11 1.89078e-11 9.56818e-12 4.84187e-12 2.45016e-12 1.23986e-12 6.274e-13 3.17479e-13 1.6065e-13 8.12915e-14 4.11344e-14 2.08143e-14 1.05321e-14 5.32923e-15 2.69657e-15 1.36444e-15 6.90391e-16 3.49327e-16 1.76752e-16 8.94326e-17 4.52504e-17 2.28953e-17 1.15842e-17 5.86118e-18 2.96551e-18 1.50041e-18 7.59136e-19 3.84083e-19 1.94324e-19 9.83164e-20 4.97419e-20 2.51661e-20 1.27323e-20 6.44158e-21 3.25894e-21 1.64876e-21 8.34134e-22 4.21999e-22 2.13493e-22 1.08007e-22 5.46411e-23 2.76429e-23 1.39844e-23 7.0746e-24 3.57896e-24 1.81055e-24 9.15923e-25 4.63347e-25 2.34396e-25 1.18574e-25 5.99832e-26 3.03435e-26 1.53497e-26 7.76478e-27 3.92787e-27 1.98693e-27 1.00509e-27 5.08422e-28 2.57182e-28 1.30094e-28 6.58064e-29 3.32872e-29 1.68377e-29 8.51703e-30 4.30814e-30 2.17916e-30 1.10226e-30 5.57544e-31 2.82014e-31 1.42646e-31 7.21517e-32 3.64948e-32 1.84592e-32 9.33666e-33 4.72246e-33 2.38859e-33 1.20813e-33 6.1106e-34 3.09066e-34 1.5632e-34 7.90639e-35
0.00113991 7.87736e-06 3.9871e-06 2.01804e-06 1.0214e-06 5.16966e-07 2.61651e-07 1.32428e-07 6.70243e-08 3.3922e-08 1.71683e-08 8.68896e-09 4.39749e-09 2.22556e-09 1.12634e-09 5.70027e-10 2.88481e-10 1.45995e-10 7.38843e-11 3.73907e-11 1.89222e-11 9.57583e-12 4.84593e-12 2.45231e-12 1.24099e-12 6.27999e-13 3.17794e-13 1.60816e-13 8.13784e-14 4.11799e-14 2.08381e-14 1.05446e-14 5.33574e-15 2.69996e-15 1.36621e-15 6.91312e-16 3.49806e-16 1.77001e-16 8.95619e-17 4.53176e-17 2.29301e-17 1.16023e-17 5.87053e-18 2.97035e-18 1.50292e-18 7.6043e-19 3.84752e-19 1.9467e-19 9.84948e-20 4.98339e-20 2.52135e-20 1.27567e-20 6.4542e-21 3.26544e-21 1.65211e-21 8.35858e-22 4.22886e-22 2.13949e-22 1.08242e-22 5.47618e-23 2.77049e-23 1.40163e-23 7.09099e-24 3.58738e-24 1.81487e-24 9.18141e-25 4.64485e-25 2.3498e-25 1.18874e-25 6.01369e-26 3.04223e-26 1.539e-26 7.78548e-27 3.93847e-27 1.99236e-27 1.00787e-27 5.09847e-28 2.57912e-28 1.30467e-28 6.59976e-29 3.3385e-29 1.68878e-29 8.54264e-30 4.32124e-30 2.18586e-30 1.10569e-30 5.59296e-31 2.8291e-31 1.43104e-31 7.23857e-32 3.66143e-32 1.85203e-32 9.36787e-33 4.7384e-33 2.39674e-33 1.21229e-33 6.13184e-34 3.1015e-34 1.56874e-34 7.93465e-35 4.0133e-35
0.0005752 3.98694e-06 2.01804e-06 1.02145e-06 5.17009e-07 2.61683e-07 1.32449e-07 6.70379e-08 3.39303e-08 1.71731e-08 8.69177e-09 4.39909e-09 2.22646e-09 1.12684e-09 5.70303e-10 2.88632e-10 1.46077e-10 7.39288e-11 3.74147e-11 1.89351e-11 9.58272e-12 4.84961e-12 2.45426e-12 1.24203e-12 6.28548e-13 3.18084e-13 1.60969e-13 8.1459e-14 4.12223e-14 2.08603e-14 1.05562e-14 5.34184e-15 2.70315e-15 1.36787e-15 6.9218e-16 3.50258e-16 1.77237e-16 8.96844e-17 4.53812e-17 2.29632e-17 1.16194e-17 5.87943e-18 2.97496e-18 1.50531e-18 7.61667e-19 3.85391e-19 1.95001e-19 9.86658e-20 4.99223e-20 2.52591e-20 1.27803e-20 6.46634e-21 3.2717e-21 1.65534e-21 8.3752e-22 4.23742e-22 2.1439e-22 1.08469e-22 5.48786e-23 2.7765e-23 1.40472e-23 7.10685e-24 3.59553e-24 1.81906e-24 9.20293e-25 4.65589e-25 2.35547e-25 1.19165e-25 6.02862e-26 3.04989e-26 1.54293e-26 7.80562e-27 3.9488e-27 1.99765e-27 1.01058e-27 5.11236e-28 2.58624e-28 1.30832e-28 6.61841e-29 3.34806e-29 1.69367e-29 8.56767e-30 4.33405e-30 2.19241e-30 1.10904e-30 5.6101e-31 2.83786e-31 1.43552e-31 7.26148e-32 3.67314e-32 1.85801e-32 9.39845e-33 4.75403e-33 2.40472e-33 1.21637e-33 6.15267e-34 3.11214e-34 1.57417e-34 7.96239e-35 4.02747e-35 2.03713e-35
0.000290248 2.01787e-06 1.0214e-06 5.17009e-07 2.61694e-07 1.3246e-07 6.70461e-08 3.39358e-08 1.71766e-08 8.69389e-09 4.40034e-09 2.22718e-09 1.12725e-09 5.70532e-10 2.8876e-10 1.46147e-10 7.39674e-11 3.74357e-11 1.89465e-11 9.58885e-12 4.8529e-12 2.45602e-12 1.24297e-12 6.29048e-13 3.18349e-13 1.61109e-13 8.15331e-14 4.12614e-14 2.08809e-14 1.0567e-14 5.34751e-15 2.70612e-15 1.36943e-15 6.92994e-16 3.50683e-16 1.77459e-16 8.97999e-17 4.54414e-17 2.29945e-17 1.16357e-17 5.88788e-18 2.97935e-18 1.50758e-18 7.62846e-19 3.86002e-19 1.95317e-19 9.88293e-20 5.00068e-20 2.53028e-20 1.28028e-20 6.47799e-21 3.27772e-21 1.65844e-21 8.3912e-22 4.24567e-22 2.14815e-22 1.08688e-22 5.49912e-23 2.7823e-23 1.4077e-23 7.1222e-24 3.60342e-24 1.82311e-24 9.22377e-25 4.6666e-25 2.36097e-25 1.19447e-25 6.04311e-26 3.05733e-26 1.54675e-26 7.8252e-27 3.95884e-27 2.0028e-27 1.01322e-27 5.12589e-28 2.59317e-28 1.31187e-28 6.63661e-29 3.35737e-29 1.69844e-29 8.59209e-30 4.34655e-30 2.19881e-30 1.11232e-30 5.62685e-31 2.84643e-31 1.4399e-31 7.28389e-32 3.6846e-32 1.86387e-32 9.4284e-33 4.76934e-33 2.41254e-33 1.22037e-33 6.17309e-34 3.12257e-34 1.5795e-34 7.9896e-35 4.04136e-35 2.04422e-35 1.03401e-35
0.00014646 1.02128e-06 5.16966e-07 2.61683e-07 1.3246e-07 6.70489e-08 3.39385e-08 1.71787e-08 8.6953e-09 4.40123e-09 2.22772e-09 1.12757e-09 5.70716e-10 2.88865e-10 1.46206e-10 7.4e-11 3.74537e-11 1.89563e-11 9.59421e-12 4.8558e-12 2.45759e-12 1.24381e-12 6.29497e-13 3.18589e-13 1.61237e-13 8.16008e-14 4.12972e-14 2.08999e-14 1.0577e-14 5.35277e-15 2.70889e-15 1.37088e-15 6.93754e-16 3.51081e-16 1.77667e-16 8.99086e-17 4.54981e-17 2.3024e-17 1.16511e-17 5.89588e-18 2.98351e-18 1.50974e-18 7.63966e-19 3.86583e-19 1.95618e-19 9.89854e-20 5.00876e-20 2.53446e-20 1.28245e-20 6.48916e-21 3.28349e-21 1.66142e-21 8.40658e-22 4.2536e-22 2.15224e-22 1.08899e-22 5.50999e-23 2.78789e-23 1.41058e-23 7.13703e-24 3.61105e-24 1.82704e-24 9.24395e-25 4.67697e-25 2.3663e-25 1.19721e-25 6.05718e-26 3.06455e-26 1.55046e-26 7.84422e-27 3.9686e-27 2.00781e-27 1.01579e-27 5.13906e-28 2.59992e-28 1.31533e-28 6.65434e-29 3.36646e-29 1.70309e-29 8.61592e-30 4.35875e-30 2.20506e-30 1.11551e-30 5.64322e-31 2.85481e-31 1.44419e-31 7.3058e-32 3.69581e-32 1.8696e-32 9.45771e-33 4.78432e-33 2.4202e-33 1.22428e-33 6.1931e-34 3.1328e-34 1.58473e-34 8.01629e-35 4.05499e-35 2.05118e-35 1.03757e-35 5.24838e-36
7.39039e-05 5.16882e-07 2.61651e-07 1.32449e-07 6.70461e-08 3.39385e-08 1.71794e-08 8.696e-09 4.40177e-09 2.22808e-09 1.12779e-09 5.70854e-10 2.88946e-10 1.46253e-10 7.40267e-11 3.74687e-11 1.89646e-11 9.59881e-12 4.85832e-12 2.45896e-12 1.24455e-12 6.29897e-13 3.18804e-13 1.61352e-13 8.16621e-14 4.13298e-14 2.09172e-14 1.05862e-14 5.35761e-15 2.71144e-15 1.37222e-15 6.9446e-16 3.51452e-16 1.77861e-16 9.00102e-17 4.55512e-17 2.30518e-17 1.16656e-17 5.90342e-18 2.98744e-18 1.51178e-18 7.65029e-19 3.87135e-19 1.95904e-19 9.91339e-20 5.01646e-20 2.53845e-20 1.28451e-20 6.49985e-21 3.28901e-21 1.66427e-21 8.42133e-22 4.26122e-22 2.15617e-22 1.09101e-22 5.52044e-23 2.79328e-23 1.41336e-23 7.15133e-24 3.61841e-24 1.83083e-24 9.26345e-25 4.687e-25 2.37146e-25 1.19986e-25 6.0708e-26 3.07155e-26 1.55405e-26 7.86268e-27 3.97808e-27 2.01267e-27 1.01829e-27 5.15186e-28 2.60649e-28 1.31869e-28 6.6716e-29 3.3753e-29 1.70763e-29 8.63915e-30 4.37065e-30 2.21115e-30 1.11863e-30 5.65919e-31 2.86298e-31 1.44837e-31 7.32722e-32 3.70677e-32 1.87521e-32 9.48638e-33 4.79898e-33 2.4277e-33 1.22811e-33 6.21269e-34 3.14281e-34 1.58984e-34 8.04244e-35 4.06835e-35 2.05801e-35 1.04105e-35 5.26619e-36 2.6639e-36
3.72921e-05 2.61598e-07 1.32428e-07 6.70379e-08 3.39358e-08 1.71787e-08 8.696e-09 4.40194e-09 2.22826e-09 1.12793e-09 5.70946e-10 2.89004e-10 1.46288e-10 7.40475e-11 3.74807e-11 1.89715e-11 9.60264e-12 4.86045e-12 2.46013e-12 1.24519e-12 6.30247e-13 3.18993e-13 1.61454e-13 8.1717e-14 4.13592e-14 2.09328e-14 1.05945e-14 5.36203e-15 2.71378e-15 1.37346e-15 6.95112e-16 3.51795e-16 1.78041e-16 9.01049e-17 4.56008e-17 2.30778e-17 1.16792e-17 5.91052e-18 2.99114e-18 1.51371e-18 7.66033e-19 3.87657e-19 1.96176e-19 9.9275e-20 5.02378e-20 2.54225e-20 1.28648e-20 6.51004e-21 3.29429e-21 1.667e-21 8.43545e-22 4.26851e-22 2.15994e-22 1.09296e-22 5.53049e-23 2.79846e-23 1.41603e-23 7.1651e-24 3.62551e-24 1.83448e-24 9.28227e-25 4.69669e-25 2.37644e-25 1.20243e-25 6.08399e-26 3.07833e-26 1.55754e-26 7.88058e-27 3.98727e-27 2.01739e-27 1.02071e-27 5.1643e-28 2.61287e-28 1.32197e-28 6.68839e-29 3.38391e-29 1.71204e-29 8.66177e-30 4.38224e-30 2.21709e-30 1.12168e-30 5.67477e-31 2.87096e-31 1.45246e-31 7.34813e-32 3.71747e-32 1.88068e-32 9.5144e-33 4.81332e-33 2.43503e-33 1.23186e-33 6.23186e-34 3.15261e-34 1.59485e-34 8.06805e-35 4.08144e-35 2.0647e-35 1.04447e-35 5.28365e-36 2.67282e-36 1.35208e-36
1.88177e-05 1.32395e-07 6.70243e-08 3.39303e-08 1.71766e-08 8.6953e-09 4.40177e-09 2.22826e-09 1.12798e-09 5.70992e-10 2.89039e-10 1.46312e-10 7.40623e-11 3.74897e-11 1.89768e-11 9.6057e-12 4.86219e-12 2.46111e-12 1.24574e-12 6.30547e-13 3.19158e-13 1.61543e-13 8.17654e-14 4.13853e-14 2.09469e-14 1.0602e-14 5.36603e-15 2.71591e-15 1.37459e-15 6.9571e-16 3.52111e-16 1.78208e-16 9.01927e-17 4.5647e-17 2.3102e-17 1.16918e-17 5.91716e-18 2.99461e-18 1.51553e-18 7.66979e-19 3.8815e-19 1.96433e-19 9.94085e-20 5.03072e-20 2.54585e-20 1.28835e-20 6.51975e-21 3.29932e-21 1.66961e-21 8.44894e-22 4.27549e-22 2.16355e-22 1.09483e-22 5.54012e-23 2.80344e-23 1.4186e-23 7.17835e-24 3.63235e-24 1.838e-24 9.30042e-25 4.70604e-25 2.38126e-25 1.20491e-25 6.09674e-26 3.08488e-26 1.56091e-26 7.89791e-27 3.99618e-27 2.02197e-27 1.02306e-27 5.17637e-28 2.61906e-28 1.32515e-28 6.70471e-29 3.39228e-29 1.71634e-29 8.68379e-30 4.39353e-30 2.22287e-30 1.12464e-30 5.68996e-31 2.87874e-31 1.45644e-31 7.36854e-32 3.72792e-32 1.88603e-32 9.54178e-33 4.82733e-33 2.4422e-33 1.23553e-33 6.25062e-34 3.1622e-34 1.59976e-34 8.09312e-35 4.09426e-35 2.07125e-35 1.04782e-35 5.30076e-36 2.68156e-36 1.35654e-36 6.86244e-37
9.49546e-06 6.70052e-08 3.3922e-08 1.71731e-08 8.69389e-09 4.40123e-09 2.22808e-09 1.12793e-09 5.70992e-10 2.89051e-10 1.46323e-10 7.40712e-11 3.74957e-11 1.89806e-11 9.608e-12 4.86355e-12 2.46189e-12 1.24618e-12 6.30798e-13 3.19297e-13 1.6162e-13 8.18074e-14 4.14081e-14 2.09592e-14 1.06087e-14 5.36962e-15 2.71783e-15 1.37561e-15 6.96254e-16 3.524e-16 1.78361e-16 9.02734e-17 4.56896e-17 2.31244e-17 1.17036e-17 5.92334e-18 2.99785e-18 1.51722e-18 7.67866e-19 3.88614e-19 1.96674e-19 9.95344e-20 5.03728e-20 2.54927e-20 1.29012e-20 6.52896e-21 3.3041e-21 1.67209e-21 8.4618e-22 4.28215e-22 2.167e-22 1.09661e-22 5.54935e-23 2.80821e-23 1.42106e-23 7.19107e-24 3.63891e-24 1.84139e-24 9.31789e-25 4.71505e-25 2.38589e-25 1.2073e-25 6.10904e-26 3.09122e-26 1.56417e-26 7.91468e-27 4.0048e-27 2.0264e-27 1.02534e-27 5.18807e-28 2.62507e-28 1.32823e-28 6.72055e-29 3.40042e-29 1.72051e-29 8.70519e-30 4.40451e-30 2.2285e-30 1.12753e-30 5.70476e-31 2.88632e-31 1.46033e-31 7.38844e-32 3.73811e-32 1.89125e-32 9.5685e-33 4.841e-33 2.4492e-33 1.23911e-33 6.26895e-34 3.17158e-34 1.60455e-34 8.11766e-35 4.1068e-35 2.07766e-35 1.0511e-35 5.31752e-36 2.69012e-36 1.36092e-36 6.8848e-37 3.48295e-37
4.79143e-06 3.39109e-08 1.71683e-08 8.69177e-09 4.40034e-09 2.22772e-09 1.12779e-09 5.70946e-10 2.89039e-10 1.46323e-10 7.40742e-11 3.74987e-11 1.89828e-11 9.60954e-12 4.86452e-12 2.46248e-12 1.24653e-12 6.30998e-13 3.19411e-13 1.61684e-13 8.18429e-14 4.14277e-14 2.097e-14 1.06145e-14 5.37278e-15 2.71953e-15 1.37653e-15 6.96744e-16 3.52661e-16 1.785e-16 9.03472e-17 4.57286e-17 2.3145e-17 1.17145e-17 5.92907e-18 3.00086e-18 1.5188e-18 7.68694e-19 3.89047e-19 1.96901e-19 9.96529e-20 5.04346e-20 2.55249e-20 1.2918e-20 6.53768e-21 3.30864e-21 1.67444e-21 8.47402e-22 4.28849e-22 2.17029e-22 1.09831e-22 5.55817e-23 2.81277e-23 1.42342e-23 7.20326e-24 3.64521e-24 1.84464e-24 9.33467e-25 4.7237e-25 2.39036e-25 1.2096e-25 6.1209e-26 3.09733e-26 1.56731e-26 7.93087e-27 4.01313e-27 2.03069e-27 1.02754e-27 5.1994e-28 2.6309e-28 1.33123e-28 6.73592e-29 3.40831e-29 1.72456e-29 8.72599e-30 4.41518e-30 2.23398e-30 1.13033e-30 5.71916e-31 2.89371e-31 1.46411e-31 7.40783e-32 3.74805e-32 1.89634e-32 9.59457e-33 4.85435e-33 2.45604e-33 1.24261e-33 6.28686e-34 3.18075e-34 1.60924e-34 8.14164e-35 4.11907e-35 2.08394e-35 1.05431e-35 5.33393e-36 2.69851e-36 1.36521e-36 6.90671e-37 3.49415e-37 1.7677e-37
2.41777e-06 1.7162e-08 8.68896e-09 4.39909e-09 2.22718e-09 1.12757e-09 5.70854e-10 2.89004e-10 1.46312e-10 7.40712e-11 3.74987e-11 1.89836e-11 9.6103e-12 4.8651e-12 2.46287e-12 1.24678e-12 6.31148e-13 3.19499e-13 1.61735e-13 8.1872e-14 4.14441e-14 2.0979e-14 1.06195e-14 5.37552e-15 2.72102e-15 1.37734e-15 6.9718e-16 3.52895e-16 1.78625e-16 9.0414e-17 4.57641e-17 2.31639e-17 1.17245e-17 5.93435e-18 3.00364e-18 1.52027e-18 7.69464e-19 3.89451e-19 1.97113e-19 9.97637e-20 5.04925e-20 2.55551e-20 1.29338e-20 6.54591e-21 3.31292e-21 1.67667e-21 8.48561e-22 4.29451e-22 2.17341e-22 1.09993e-22 5.56657e-23 2.81712e-23 1.42567e-23 7.21492e-24 3.65124e-24 1.84776e-24 9.35077e-25 4.73202e-25 2.39465e-25 1.21181e-25 6.13232e-26 3.10321e-26 1.57034e-26 7.94649e-27 4.02118e-27 2.03483e-27 1.02967e-27 5.21036e-28 2.63653e-28 1.33412e-28 6.75081e-29 3.41596e-29 1.72849e-29 8.74617e-30 4.42554e-30 2.2393e-30 1.13306e-30 5.73316e-31 2.90089e-31 1.46779e-31 7.42671e-32 3.75772e-32 1.9013e-32 9.61997e-33 4.86737e-33 2.4627e-33 1.24603e-33 6.30434e-34 3.18969e-34 1.61382e-34 8.16508e-35 4.13107e-35 2.09007e-35 1.05745e-35 5.34998e-36 2.70672e-36 1.36941e-36 6.92817e-37 3.50511e-37 1.7733e-37 8.97144e-38
1.22001e-06 8.68543e-09 4.39749e-09 2.22646e-09 1.12725e-09 5.70716e-10 2.88946e-10 1.46288e-10 7.40623e-11 3.74957e-11 1.89828e-11 9.6103e-12 4.86529e-12 2.46307e-12 1.24692e-12 6.31248e-13 3.19562e-13 1.61774e-13 8.18946e-14 4.14571e-14 2.09865e-14 1.06237e-14 5.37784e-15 2.7223e-15 1.37804e-15 6.97561e-16 3.53101e-16 1.78736e-16 9.04738e-17 4.57961e-17 2.31809e-17 1.17336e-17 5.93916e-18 3.00619e-18 1.52162e-18 7.70175e-19 3.89826e-19 1.97309e-19 9.9867e-20 5.05466e-20 2.55835e-20 1.29486e-20 6.55365e-21 3.31696e-21 1.67878e-21 8.49656e-22 4.30021e-22 2.17637e-22 1.10147e-22 5.57455e-23 2.82126e-23 1.42782e-23 7.22605e-24 3.657e-24 1.85074e-24 9.36619e-25 4.73999e-25 2.39877e-25 1.21394e-25 6.14329e-26 3.10887e-26 1.57326e-26 7.96154e-27 4.02893e-27 2.03882e-27 1.03173e-27 5.22095e-28 2.64198e-28 1.33693e-28 6.76522e-29 3.42337e-29 1.7323e-29 8.76573e-30 4.43559e-30 2.24446e-30 1.13571e-30 5.74676e-31 2.90786e-31 1.47137e-31 7.44507e-32 3.76714e-32 1.90613e-32 9.64472e-33 4.88005e-33 2.4692e-33 1.24936e-33 6.32139e-34 3.19843e-34 1.6183e-34 8.18797e-35 4.14278e-35 2.09607e-35 1.06051e-35 5.36567e-36 2.71475e-36 1.37351e-36 6.94917e-37 3.51585e-37 1.77879e-37 8.99949e-38 4.55311e-38
6.15621e-07 4.39553e-09 2.22556e-09 1.12684e-09 5.70532e-10 2.88865e-10 1.46253e-10 7.40475e-11 3.74897e-11 1.89806e-11 9.60954e-12 4.8651e-12 2.46307e-12 1.24697e-12 6.31298e-13 3.196e-13 1.61799e-13 8.19107e-14 4.14669e-14 2.09922e-14 1.0627e-14 5.37974e-15 2.72337e-15 1.37863e-15 6.97888e-16 3.5328e-16 1.78834e-16 9.05265e-17 4.58246e-17 2.31962e-17 1.17417e-17 5.94352e-18 3.00851e-18 1.52285e-18 7.70827e-19 3.9017e-19 1.97491e-19 9.99626e-20 5.05969e-20 2.56099e-20 1.29624e-20 6.56089e-21 3.32074e-21 1.68076e-21 8.50688e-22 4.30559e-22 2.17917e-22 1.10293e-22 5.58213e-23 2.8252e-23 1.42986e-23 7.23664e-24 3.66249e-24 1.85358e-24 9.38091e-25 4.74761e-25 2.40271e-25 1.21597e-25 6.15381e-26 3.11431e-26 1.57607e-26 7.97601e-27 4.03639e-27 2.04267e-27 1.03371e-27 5.23116e-28 2.64724e-28 1.33963e-28 6.77915e-29 3.43053e-29 1.73598e-29 8.78468e-30 4.44532e-30 2.24946e-30 1.13828e-30 5.75995e-31 2.91464e-31 1.47485e-31 7.46292e-32 3.7763e-32 1.91082e-32 9.66881e-33 4.8924e-33 2.47553e-33 1.2526e-33 6.33801e-34 3.20694e-34 1.62266e-34 8.21031e-35 4.15422e-35 2.10192e-35 1.06351e-35 5.38101e-36 2.7226e-36 1.37753e-36 6.9697e-37 3.52635e-37 1.78416e-37 9.02696e-38 4.56715e-38 2.31072e-38
3.10644e-07 2.22448e-09 1.12634e-09 5.70303e-10 2.8876e-10 1.46206e-10 7.40267e-11 3.74807e-11 1.89768e-11 9.608e-12 4.86452e-12 2.46287e-12 1.24692e-12 6.31298e-13 3.19613e-13 1.61812e-13 8.19204e-14 4.14735e-14 2.09964e-14 1.06295e-14 5.38121e-15 2.72422e-15 1.37912e-15 6.9816e-16 3.53432e-16 1.78917e-16 9.05722e-17 4.58495e-17 2.32097e-17 1.1749e-17 5.94743e-18 3.0106e-18 1.52396e-18 7.7142e-19 3.90485e-19 1.97658e-19 1.00051e-19 5.06434e-20 2.56343e-20 1.29753e-20 6.56763e-21 3.32428e-21 1.68261e-21 8.51656e-22 4.31064e-22 2.18181e-22 1.1043e-22 5.58929e-23 2.82892e-23 1.4318e-23 7.2467e-24 3.66771e-24 1.85629e-24 9.39495e-25 4.75488e-25 2.40647e-25 1.21792e-25 6.16389e-26 3.11951e-26 1.57876e-26 7.98991e-27 4.04356e-27 2.04637e-27 1.03562e-27 5.241e-28 2.65231e-28 1.34224e-28 6.7926e-29 3.43746e-29 1.73954e-29 8.803e-30 4.45475e-30 2.2543e-30 1.14077e-30 5.77275e-31 2.92121e-31 1.47823e-31 7.48024e-32 3.78519e-32 1.91539e-32 9.69222e-33 4.90441e-33 2.48169e-33 1.25576e-33 6.3542e-34 3.21524e-34 1.62691e-34 8.23209e-35 4.16538e-35 2.10764e-35 1.06644e-35 5.39598e-36 2.73026e-36 1.38145e-36 6.98978e-37 3.53662e-37 1.78942e-37 9.05383e-38 4.58089e-38 2.31774e-38 1.17268e-38
1.56752e-07 1.12575e-09 5.70027e-10 2.88632e-10 1.46147e-10 7.4e-11 3.74687e-11 1.89715e-11 9.6057e-12 4.86355e-12 2.46248e-12 1.24678e-12 6.31248e-13 3.196e-13 1.61812e-13 8.19237e-14 4.14767e-14 2.09988e-14 1.06312e-14 5.38227e-15 2.72486e-15 1.37949e-15 6.98378e-16 3.53556e-16 1.78987e-16 9.06109e-17 4.58708e-17 2.32214e-17 1.17554e-17 5.95087e-18 3.01246e-18 1.52496e-18 7.71954e-19 3.9077e-19 1.97809e-19 1.00131e-19 5.0686e-20 2.56568e-20 1.29872e-20 6.57388e-21 3.32756e-21 1.68433e-21 8.52559e-22 4.31538e-22 2.18428e-22 1.1056e-22 5.59603e-23 2.83243e-23 1.43363e-23 7.25622e-24 3.67266e-24 1.85886e-24 9.40829e-25 4.7618e-25 2.41006e-25 1.21978e-25 6.17351e-26 3.12449e-26 1.58133e-26 8.00322e-27 4.05044e-27 2.04992e-27 1.03745e-27 5.25046e-28 2.65719e-28 1.34476e-28 6.80556e-29 3.44413e-29 1.74298e-29 8.8207e-30 4.46386e-30 2.25899e-30 1.14318e-30 5.78514e-31 2.92758e-31 1.4815e-31 7.49705e-32 3.79382e-32 1.91982e-32 9.71497e-33 4.91609e-33 2.48768e-33 1.25883e-33 6.36995e-34 3.22332e-34 1.63105e-34 8.25331e-35 4.17625e-35 2.11321e-35 1.06929e-35 5.4106e-36 2.73774e-36 1.38528e-36 7.00939e-37 3.54666e-37 1.79455e-37 9.0801e-38 4.59433e-38 2.32462e-38 1.17619e-38 5.95116e-39
7.90974e-08 5.69705e-10 2.88481e-10 1.46077e-10 7.39674e-11 3.74537e-11 1.89646e-11 9.60264e-12 4.86219e-12 2.46189e-12 1.24653e-12 6.31148e-13 3.19562e-13 1.61799e-13 8.19204e-14 4.14767e-14 2.09997e-14 1.0632e-14 5.3829e-15 2.72529e-15 1.37976e-15 6.98541e-16 3.53652e-16 1.79043e-16 9.06426e-17 4.58886e-17 2.32313e-17 1.17608e-17 5.95386e-18 3.01409e-18 1.52584e-18 7.72429e-19 3.91025e-19 1.97946e-19 1.00204e-19 5.07247e-20 2.56774e-20 1.2998e-20 6.57964e-21 3.3306e-21 1.68593e-21 8.53399e-22 4.31978e-22 2.18659e-22 1.1068e-22 5.60235e-23 2.83574e-23 1.43535e-23 7.2652e-24 3.67734e-24 1.8613e-24 9.42095e-25 4.76837e-25 2.41347e-25 1.22155e-25 6.18269e-26 3.12925e-26 1.5838e-26 8.01595e-27 4.05703e-27 2.05333e-27 1.03921e-27 5.25954e-28 2.66188e-28 1.34718e-28 6.81803e-29 3.45056e-29 1.7463e-29 8.83777e-30 4.47265e-30 2.26352e-30 1.14551e-30 5.79712e-31 2.93374e-31 1.48467e-31 7.51334e-32 3.80219e-32 1.92412e-32 9.73705e-33 4.92742e-33 2.4935e-33 1.26181e-33 6.38527e-34 3.23117e-34 1.63508e-34 8.27397e-35 4.18684e-35 2.11864e-35 1.07207e-35 5.42485e-36 2.74504e-36 1.38902e-36 7.02853e-37 3.55646e-37 1.79957e-37 9.10578e-38 4.60747e-38 2.33134e-38 1.17963e-38 5.96875e-39 3.02008e-39
3.99127e-08 2.88307e-10 1.45995e-10 7.39288e-11 3.74357e-11 1.89563e-11 9.59881e-12 4.86045e-12 2.46111e-12 1.24618e-12 6.30998e-13 3.19499e-13 1.61774e-13 8.19107e-14 4.14735e-14 2.09988e-14 1.0632e-14 5.38311e-15 2.7255e-15 1.37992e-15 6.9865e-16 3.53721e-16 1.79084e-16 9.06673e-17 4.59028e-17 2.32394e-17 1.17654e-17 5.95639e-18 3.01548e-18 1.5266e-18 7.72844e-19 3.9125e-19 1.98067e-19 1.00269e-19 5.07596e-20 2.5696e-20 1.30079e-20 6.58489e-21 3.33338e-21 1.6874e-21 8.54175e-22 4.32387e-22 2.18874e-22 1.10793e-22 5.60825e-23 2.83883e-23 1.43697e-23 7.27364e-24 3.68174e-24 1.86359e-24 9.4329e-25 4.77459e-25 2.41671e-25 1.22323e-25 6.19141e-26 3.13377e-26 1.58614e-26 8.02811e-27 4.06332e-27 2.05658e-27 1.0409e-27 5.26824e-28 2.66637e-28 1.3495e-28 6.83002e-29 3.45675e-29 1.74949e-29 8.85422e-30 4.48112e-30 2.26788e-30 1.14776e-30 5.80869e-31 2.9397e-31 1.48773e-31 7.5291e-32 3.81029e-32 1.92828e-32 9.75845e-33 4.93841e-33 2.49914e-33 1.26471e-33 6.40015e-34 3.23881e-34 1.639e-34 8.29407e-35 4.19715e-35 2.12392e-35 1.07478e-35 5.43873e-36 2.75216e-36 1.39266e-36 7.0472e-37 3.56602e-37 1.80447e-37 9.13084e-38 4.6203e-38 2.33791e-38 1.18299e-38 5.98594e-39 3.02888e-39 1.5326e-39
2.01401e-08 1.45901e-10 7.38843e-11 3.74147e-11 1.89465e-11 9.59421e-12 4.85832e-12 2.46013e-12 1.24574e-12 6.30798e-13 3.19411e-13 1.61735e-13 8.18946e-14 4.14669e-14 2.09964e-14 1.06312e-14 5.3829e-15 2.7255e-15 1.37998e-15 6.98705e-16 3.53762e-16 1.79112e-16 9.06849e-17 4.59135e-17 2.32457e-17 1.1769e-17 5.95846e-18 3.01664e-18 1.52725e-18 7.732e-19 3.91445e-19 1.98173e-19 1.00327e-19 5.07906e-20 2.57126e-20 1.30169e-20 6.58965e-21 3.33591e-21 1.68874e-21 8.54886e-22 4.32762e-22 2.19072e-22 1.10897e-22 5.61374e-23 2.84171e-23 1.43848e-23 7.28155e-24 3.68587e-24 1.86575e-24 9.44416e-25 4.78046e-25 2.41976e-25 1.22482e-25 6.19968e-26 3.13807e-26 1.58837e-26 8.03968e-27 4.06932e-27 2.05969e-27 1.04251e-27 5.27657e-28 2.67068e-28 1.35173e-28 6.84152e-29 3.46269e-29 1.75255e-29 8.87004e-30 4.48928e-30 2.27209e-30 1.14993e-30 5.81986e-31 2.94545e-31 1.49069e-31 7.54433e-32 3.81813e-32 1.93231e-32 9.77917e-33 4.94906e-33 2.50462e-33 1.26753e-33 6.41459e-34 3.24623e-34 1.6428e-34 8.3136e-35 4.20717e-35 2.12906e-35 1.07742e-35 5.45225e-36 2.75909e-36 1.39622e-36 7.0654e-37 3.57535e-37 1.80924e-37 9.15531e-38 4.63283e-38 2.34432e-38 1.18627e-38 6.00275e-39 3.03747e-39 1.537e-39 7.77732e-40
1.01627e-08 7.38339e-11 3.73907e-11 1.89351e-11 9.58885e-12 4.8558e-12 2.45896e-12 1.24519e-12 6.30547e-13 3.19297e-13 1.61684e-13 8.1872e-14 4.14571e-14 2.09922e-14 1.06295e-14 5.38227e-15 2.72529e-15 1.37992e-15 6.98705e-16 3.53776e-16 1.79126e-16 9.06954e-17 4.59206e-17 2.32502e-17 1.17717e-17 5.96006e-18 3.01757e-18 1.52778e-18 7.73497e-19 3.9161e-19 1.98264e-19 1.00376e-19 5.08177e-20 2.57273e-20 1.30248e-20 6.5939e-21 3.33819e-21 1.68996e-21 8.55532e-22 4.33106e-22 2.19254e-22 1.10994e-22 5.61881e-23 2.84438e-23 1.43988e-23 7.28891e-24 3.68973e-24 1.86777e-24 9.45473e-25 4.78598e-25 2.42264e-25 1.22632e-25 6.2075e-26 3.14213e-26 1.59049e-26 8.05066e-27 4.07502e-27 2.06265e-27 1.04404e-27 5.28451e-28 2.67479e-28 1.35386e-28 6.85253e-29 3.46838e-29 1.75549e-29 8.88523e-30 4.49712e-30 2.27613e-30 1.15201e-30 5.83062e-31 2.95099e-31 1.49355e-31 7.55904e-32 3.8257e-32 1.93621e-32 9.79921e-33 4.95937e-33 2.50992e-33 1.27025e-33 6.42859e-34 3.25342e-34 1.6465e-34 8.33256e-35 4.2169e-35 2.13406e-35 1.07998e-35 5.4654e-36 2.76583e-36 1.39967e-36 7.08313e-37 3.58443e-37 1.8139e-37 9.17916e-38 4.64505e-38 2.35058e-38 1.18948e-38 6.01915e-39 3.04587e-39 1.54129e-39 7.79932e-40 3.94662e-40
5.12814e-09 3.73638e-11 1.89222e-11 9.58272e-12 4.8529e-12 2.45759e-12 1.24455e-12 6.30247e-13 3.19158e-13 1.6162e-13 8.18429e-14 4.14441e-14 2.09865e-14 1.0627e-14 5.38121e-15 2.72486e-15 1.37976e-15 6.9865e-16 3.53762e-16 1.79126e-16 9.06989e-17 4.59242e-17 2.32529e-17 1.17736e-17 5.96121e-18 3.01827e-18 1.52819e-18 7.73735e-19 3.91745e-19 1.9834e-19 1.00419e-19 5.0841e-20 2.57401e-20 1.30317e-20 6.59766e-21 3.34021e-21 1.69104e-21 8.56115e-22 4.33416e-22 2.19419e-22 1.11081e-22 5.62345e-23 2.84683e-23 1.44118e-23 7.29573e-24 3.69332e-24 1.86965e-24 9.46459e-25 4.79115e-25 2.42534e-25 1.22773e-25 6.21486e-26 3.14597e-26 1.59248e-26 8.06106e-27 4.08043e-27 2.06545e-27 1.0455e-27 5.29208e-28 2.67871e-28 1.35589e-28 6.86305e-29 3.47382e-29 1.75831e-29 8.89978e-30 4.50464e-30 2.28002e-30 1.15402e-30 5.84096e-31 2.95633e-31 1.4963e-31 7.57321e-32 3.833e-32 1.93997e-32 9.81857e-33 4.96934e-33 2.51504e-33 1.27289e-33 6.44215e-34 3.26038e-34 1.65008e-34 8.35096e-35 4.22635e-35 2.13891e-35 1.08247e-35 5.47818e-36 2.77239e-36 1.40304e-36 7.10038e-37 3.59328e-37 1.81843e-37 9.20241e-38 4.65696e-38 2.35668e-38 1.1926e-38 6.03517e-39 3.05407e-39 1.54549e-39 7.82081e-40 3.95762e-40 2.00269e-40
2.58767e-09 1.89078e-11 9.57583e-12 4.84961e-12 2.45602e-12 1.24381e-12 6.29897e-13 3.18993e-13 1.61543e-13 8.18074e-14 4.14277e-14 2.0979e-14 1.06237e-14 5.37974e-15 2.72422e-15 1.37949e-15 6.98541e-16 3.53721e-16 1.79112e-16 9.06954e-17 4.59242e-17 2.32538e-17 1.17745e-17 5.9619e-18 3.01873e-18 1.52848e-18 7.73913e-19 3.9185e-19 1.98401e-19 1.00453e-19 5.08604e-20 2.57509e-20 1.30377e-20 6.60092e-21 3.34199e-21 1.692e-21 8.56633e-22 4.33694e-22 2.19568e-22 1.11161e-22 5.62768e-23 2.84908e-23 1.44236e-23 7.302e-24 3.69663e-24 1.8714e-24 9.47376e-25 4.79596e-25 2.42787e-25 1.22905e-25 6.22176e-26 3.14958e-26 1.59437e-26 8.07087e-27 4.08554e-27 2.06811e-27 1.04688e-27 5.29926e-28 2.68244e-28 1.35782e-28 6.87308e-29 3.47902e-29 1.761e-29 8.9137e-30 4.51184e-30 2.28374e-30 1.15594e-30 5.85089e-31 2.96145e-31 1.49894e-31 7.58686e-32 3.84004e-32 1.9436e-32 9.83725e-33 4.97896e-33 2.52e-33 1.27543e-33 6.45526e-34 3.26713e-34 1.65354e-34 8.36878e-35 4.23551e-35 2.14361e-35 1.08489e-35 5.49059e-36 2.77876e-36 1.40631e-36 7.11715e-37 3.60188e-37 1.82285e-37 9.22503e-38 4.66856e-38 2.36263e-38 1.19565e-38 6.05078e-39 3.06207e-39 1.54959e-39 7.84178e-40 3.96835e-40 2.00818e-40 1.01623e-40
1.30575e-09 9.56818e-12 4.84593e-12 2.45426e-12 1.24297e-12 6.29497e-13 3.18804e-13 1.61454e-13 8.17654e-14 4.14081e-14 2.097e-14 1.06195e-14 5.37784e-15 2.72337e-15 1.37912e-15 6.98378e-16 3.53652e-16 1.79084e-16 9.06849e-17 4.59206e-17 2.32529e-17 1.17745e-17 5.96213e-18 3.01897e-18 1.52866e-18 7.74032e-19 3.91925e-19 1.98446e-19 1.0048e-19 5.08759e-20 2.57597e-20 1.30426e-20 6.60367e-21 3.34351e-21 1.69284e-21 8.57086e-22 4.3394e-22 2.19701e-22 1.11232e-22 5.63149e-23 2.85111e-23 1.44344e-23 7.30774e-24 3.69966e-24 1.873e-24 9.48223e-25 4.80042e-25 2.43021e-25 1.23028e-25 6.22821e-26 3.15295e-26 1.59613e-26 8.08009e-27 4.09035e-27 2.07062e-27 1.04819e-27 5.30606e-28 2.68598e-28 1.35966e-28 6.88261e-29 3.48396e-29 1.76356e-29 8.92698e-30 4.51872e-30 2.2873e-30 1.15778e-30 5.86041e-31 2.96637e-31 1.50148e-31 7.59997e-32 3.8468e-32 1.94709e-32 9.85524e-33 4.98823e-33 2.52477e-33 1.27789e-33 6.46792e-34 3.27365e-34 1.6569e-34 8.38603e-35 4.24438e-35 2.14817e-35 1.08723e-35 5.50263e-36 2.78494e-36 1.40948e-36 7.13345e-37 3.61025e-37 1.82714e-37 9.24705e-38 4.67985e-38 2.36842e-38 1.19862e-38 6.06599e-39 3.06987e-39 1.55358e-39 7.86224e-40 3.97883e-40 2.01355e-40 1.01898e-40 5.15665e-41
6.58883e-10 4.84187e-12 2.45231e-12 1.24203e-12 6.29048e-13 3.18589e-13 1.61352e-13 8.1717e-14 4.13853e-14 2.09592e-14 1.06145e-14 5.37552e-15 2.7223e-15 1.37863e-15 6.9816e-16 3.53556e-16 1.79043e-16 9.06673e-17 4.59135e-17 2.32502e-17 1.17736e-17 5.9619e-18 3.01897e-18 1.52872e-18 7.74091e-19 3.9197e-19 1.98477e-19 1.00499e-19 5.08875e-20 2.57665e-20 1.30466e-20 6.60593e-21 3.34477e-21 1.69354e-21 8.57474e-22 4.34153e-22 2.19816e-22 1.11295e-22 5.63487e-23 2.85292e-23 1.44442e-23 7.31293e-24 3.70243e-24 1.87447e-24 9.48999e-25 4.80452e-25 2.43237e-25 1.23142e-25 6.2342e-26 3.1561e-26 1.59778e-26 8.08872e-27 4.09486e-27 2.07298e-27 1.04942e-27 5.31247e-28 2.68932e-28 1.3614e-28 6.89165e-29 3.48866e-29 1.766e-29 8.93963e-30 4.52527e-30 2.29069e-30 1.15954e-30 5.86951e-31 2.97108e-31 1.50392e-31 7.61254e-32 3.8533e-32 1.95044e-32 9.87255e-33 4.99715e-33 2.52937e-33 1.28027e-33 6.48014e-34 3.27994e-34 1.66014e-34 8.4027e-35 4.25296e-35 2.15258e-35 1.0895e-35 5.51429e-36 2.79093e-36 1.41256e-36 7.14926e-37 3.61837e-37 1.83131e-37 9.26844e-38 4.69083e-38 2.37405e-38 1.20151e-38 6.0808e-39 3.07746e-39 1.55747e-39 7.88219e-40 3.98905e-40 2.01879e-40 1.02166e-40 5.17038e-41 2.61659e-41
3.32474e-10 2.45016e-12 1.24099e-12 6.28548e-13 3.18349e-13 1.61237e-13 8.16621e-14 4.13592e-14 2.09469e-14 1.06087e-14 5.37278e-15 2.72102e-15 1.37804e-15 6.97888e-16 3.53432e-16 1.78987e-16 9.06426e-17 4.59028e-17 2.32457e-17 1.17717e-17 5.96121e-18 3.01873e-18 1.52866e-18 7.74091e-19 3.91985e-19 1.98492e-19 1.00511e-19 5.08953e-20 2.57714e-20 1.30496e-20 6.60768e-21 3.34579e-21 1.69412e-21 8.57798e-22 4.34333e-22 2.19916e-22 1.11349e-22 5.63783e-23 2.85453e-23 1.44528e-23 7.31757e-24 3.70491e-24 1.87579e-24 9.49705e-25 4.80827e-25 2.43436e-25 1.23247e-25 6.23973e-26 3.15901e-26 1.59931e-26 8.09676e-27 4.09908e-27 2.07519e-27 1.05057e-27 5.3185e-28 2.69246e-28 1.36303e-28 6.90019e-29 3.4931e-29 1.76831e-29 8.95163e-30 4.53151e-30 2.29393e-30 1.16122e-30 5.8782e-31 2.97558e-31 1.50624e-31 7.62458e-32 3.85952e-32 1.95366e-32 9.88916e-33 5.00573e-33 2.5338e-33 1.28255e-33 6.49191e-34 3.286e-34 1.66326e-34 8.41879e-35 4.26124e-35 2.15685e-35 1.09169e-35 5.52557e-36 2.79674e-36 1.41554e-36 7.16459e-37 3.62624e-37 1.83535e-37 9.28921e-38 4.70149e-38 2.37952e-38 1.20432e-38 6.09521e-39 3.08485e-39 1.56126e-39 7.90161e-40 3.99901e-40 2.02389e-40 1.02428e-40 5.18378e-41 2.62345e-41 1.32769e-41
1.67767e-10 1.23986e-12 6.27999e-13 3.18084e-13 1.61109e-13 8.16008e-14 4.13298e-14 2.09328e-14 1.0602e-14 5.36962e-15 2.71953e-15 1.37734e-15 6.97561e-16 3.5328e-16 1.78917e-16 9.06109e-17 4.58886e-17 2.32394e-17 1.1769e-17 5.96006e-18 3.01827e-18 1.52848e-18 7.74032e-19 3.9197e-19 1.98492e-19 1.00515e-19 5.08992e-20 2.57744e-20 1.30515e-20 6.60894e-21 3.34655e-21 1.69457e-21 8.58057e-22 4.3448e-22 2.19999e-22 1.11395e-22 5.64037e-23 2.85592e-23 1.44604e-23 7.32167e-24 3.70712e-24 1.87698e-24 9.50341e-25 4.81166e-25 2.43616e-25 1.23343e-25 6.24481e-26 3.16169e-26 1.60073e-26 8.10421e-27 4.10299e-27 2.07724e-27 1.05165e-27 5.32414e-28 2.69541e-28 1.36458e-28 6.90823e-29 3.4973e-29 1.77049e-29 8.963e-30 4.53742e-30 2.297e-30 1.16281e-30 5.88647e-31 2.97987e-31 1.50847e-31 7.63609e-32 3.86548e-32 1.95674e-32 9.90508e-33 5.01395e-33 2.53805e-33 1.28474e-33 6.50323e-34 3.29184e-34 1.66627e-34 8.43431e-35 4.26924e-35 2.16096e-35 1.09381e-35 5.53648e-36 2.80235e-36 1.41843e-36 7.17943e-37 3.63387e-37 1.83927e-37 9.30935e-38 4.71184e-38 2.38483e-38 1.20704e-38 6.10921e-39 3.09203e-39 1.56495e-39 7.92052e-40 4.0087e-40 2.02886e-40 1.02683e-40 5.19683e-41 2.63014e-41 1.33111e-41 6.73672e-42
8.46558e-11 6.274e-13 3.17794e-13 1.60969e-13 8.15331e-14 4.12972e-14 2.09172e-14 1.05945e-14 5.36603e-15 2.71783e-15 1.37653e-15 6.9718e-16 3.53101e-16 1.78834e-16 9.05722e-17 4.58708e-17 2.32313e-17 1.17654e-17 5.95846e-18 3.01757e-18 1.52819e-18 7.73913e-19 3.91925e-19 1.98477e-19 1.00511e-19 5.08992e-20 2.57754e-20 1.30525e-20 6.60969e-21 3.34706e-21 1.69489e-21 8.58252e-22 4.34595e-22 2.20065e-22 1.11433e-22 5.64249e-23 2.85709e-23 1.44669e-23 7.32523e-24 3.70906e-24 1.87803e-24 9.50906e-25 4.81469e-25 2.43779e-25 1.2343e-25 6.24942e-26 3.16414e-26 1.60202e-26 8.11106e-27 4.10661e-27 2.07915e-27 1.05265e-27 5.3294e-28 2.69817e-28 1.36602e-28 6.91578e-29 3.50124e-29 1.77255e-29 8.97372e-30 4.543e-30 2.2999e-30 1.16432e-30 5.89432e-31 2.98394e-31 1.51058e-31 7.64705e-32 3.87116e-32 1.95968e-32 9.9203e-33 5.02183e-33 2.54212e-33 1.28685e-33 6.5141e-34 3.29745e-34 1.66917e-34 8.44924e-35 4.27693e-35 2.16493e-35 1.09586e-35 5.54701e-36 2.80777e-36 1.42122e-36 7.19379e-37 3.64125e-37 1.84307e-37 9.32887e-38 4.72187e-38 2.38999e-38 1.20969e-38 6.1228e-39 3.09901e-39 1.56853e-39 7.93889e-40 4.01813e-40 2.03369e-40 1.02931e-40 5.20955e-41 2.63665e-41 1.33445e-41 6.75384e-42 3.41818e-42
4.27175e-11 3.17479e-13 1.60816e-13 8.1459e-14 4.12614e-14 2.08999e-14 1.05862e-14 5.36203e-15 2.71591e-15 1.37561e-15 6.96744e-16 3.52895e-16 1.78736e-16 9.05265e-17 4.58495e-17 2.32214e-17 1.17608e-17 5.95639e-18 3.01664e-18 1.52778e-18 7.73735e-19 3.9185e-19 1.98446e-19 1.00499e-19 5.08953e-20 2.57744e-20 1.30525e-20 6.60994e-21 3.34731e-21 1.69508e-21 8.58381e-22 4.34677e-22 2.20114e-22 1.11462e-22 5.64418e-23 2.85806e-23 1.44723e-23 7.32824e-24 3.71072e-24 1.87894e-24 9.514e-25 4.81737e-25 2.43923e-25 1.23507e-25 6.25358e-26 3.16636e-26 1.6032e-26 8.11733e-27 4.10992e-27 2.0809e-27 1.05357e-27 5.33427e-28 2.70073e-28 1.36736e-28 6.92282e-29 3.50493e-29 1.77448e-29 8.9838e-30 4.54826e-30 2.30265e-30 1.16575e-30 5.90175e-31 2.98781e-31 1.51259e-31 7.65747e-32 3.87657e-32 1.96248e-32 9.93483e-33 5.02935e-33 2.54601e-33 1.28886e-33 6.52451e-34 3.30283e-34 1.67195e-34 8.46359e-35 4.28434e-35 2.16875e-35 1.09782e-35 5.55716e-36 2.813e-36 1.42391e-36 7.20765e-37 3.64839e-37 1.84674e-37 9.34776e-38 4.73158e-38 2.39498e-38 1.21226e-38 6.13598e-39 3.10578e-39 1.57201e-39 7.95675e-40 4.0273e-40 2.0384e-40 1.03172e-40 5.22192e-41 2.643e-41 1.33771e-41 6.77052e-42 3.42673e-42 1.73434e-42
2.15554e-11 1.6065e-13 8.13784e-14 4.12223e-14 2.08809e-14 1.0577e-14 5.35761e-15 2.71378e-15 1.37459e-15 6.96254e-16 3.52661e-16 1.78625e-16 9.04738e-17 4.58246e-17 2.32097e-17 1.17554e-17 5.95386e-18 3.01548e-18 1.52725e-18 7.73497e-19 3.91745e-19 1.98401e-19 1.0048e-19 5.08875e-20 2.57714e-20 1.30515e-20 6.60969e-21 3.34731e-21 1.69514e-21 8.58446e-22 4.34726e-22 2.20148e-22 1.11483e-22 5.64545e-23 2.85881e-23 1.44766e-23 7.3307e-24 3.7121e-24 1.87971e-24 9.51825e-25 4.8197e-25 2.4405e-25 1.23576e-25 6.25727e-26 3.16834e-26 1.60427e-26 8.123e-27 4.11294e-27 2.0825e-27 1.05442e-27 5.33875e-28 2.70309e-28 1.36861e-28 6.92937e-29 3.50836e-29 1.77628e-29 8.99323e-30 4.55319e-30 2.30522e-30 1.1671e-30 5.90876e-31 2.99146e-31 1.51449e-31 7.66736e-32 3.8817e-32 1.96515e-32 9.94866e-33 5.03652e-33 2.54973e-33 1.29078e-33 6.53447e-34 3.30798e-34 1.67461e-34 8.47735e-35 4.29145e-35 2.17242e-35 1.09972e-35 5.56693e-36 2.81804e-36 1.42651e-36 7.22103e-37 3.65528e-37 1.85029e-37 9.36602e-38 4.74098e-38 2.39981e-38 1.21474e-38 6.14876e-39 3.11235e-39 1.57538e-39 7.97407e-40 4.03619e-40 2.04296e-40 1.03406e-40 5.23395e-41 2.64917e-41 1.34087e-41 6.78675e-42 3.43506e-42 1.73861e-42 8.79972e-43
1.08769e-11 8.12915e-14 4.11799e-14 2.08603e-14 1.0567e-14 5.35277e-15 2.71144e-15 1.37346e-15 6.9571e-16 3.524e-16 1.785e-16 9.0414e-17 4.57961e-17 2.31962e-17 1.1749e-17 5.95087e-18 3.01409e-18 1.5266e-18 7.732e-19 3.9161e-19 1.9834e-19 1.00453e-19 5.08759e-20 2.57665e-20 1.30496e-20 6.60894e-21 3.34706e-21 1.69508e-21 8.58446e-22 4.34742e-22 2.20164e-22 1.11495e-22 5.6463e-23 2.85934e-23 1.44799e-23 7.33261e-24 3.71321e-24 1.88034e-24 9.52178e-25 4.82166e-25 2.44158e-25 1.23635e-25 6.2605e-26 3.1701e-26 1.60521e-26 8.12807e-27 4.11566e-27 2.08395e-27 1.05519e-27 5.34284e-28 2.70526e-28 1.36975e-28 6.93541e-29 3.51155e-29 1.77796e-29 9.00202e-30 4.5578e-30 2.30764e-30 1.16836e-30 5.91535e-31 2.9949e-31 1.51628e-31 7.6767e-32 3.88656e-32 1.96767e-32 9.96179e-33 5.04334e-33 2.55327e-33 1.29262e-33 6.54397e-34 3.31291e-34 1.67716e-34 8.49053e-35 4.29826e-35 2.17594e-35 1.10154e-35 5.57632e-36 2.82288e-36 1.42901e-36 7.23392e-37 3.66192e-37 1.85371e-37 9.38365e-38 4.75005e-38 2.40448e-38 1.21714e-38 6.16112e-39 3.1187e-39 1.57865e-39 7.99087e-40 4.04482e-40 2.0474e-40 1.03634e-40 5.24564e-41 2.65517e-41 1.34395e-41 6.80255e-42 3.44316e-42 1.74277e-42 8.82102e-43 4.46473e-43
5.48851e-12 4.11344e-14 2.08381e-14 1.05562e-14 5.34751e-15 2.70889e-15 1.37222e-15 6.95112e-16 3.52111e-16 1.78361e-16 9.03472e-17 4.57641e-17 2.31809e-17 1.17417e-17 5.94743e-18 3.01246e-18 1.52584e-18 7.72844e-19 3.91445e-19 1.98264e-19 1.00419e-19 5.08604e-20 2.57597e-20 1.30466e-20 6.60768e-21 3.34655e-21 1.69489e-21 8.58381e-22 4.34726e-22 2.20164e-22 1.115e-22 5.64672e-23 2.85966e-23 1.4482e-23 7.33398e-24 3.71404e-24 1.88083e-24 9.52461e-25 4.82327e-25 2.44249e-25 1.23686e-25 6.26328e-26 3.17161e-26 1.60604e-26 8.13255e-27 4.11807e-27 2.08525e-27 1.05589e-27 5.34655e-28 2.70723e-28 1.3708e-28 6.94096e-29 3.51448e-29 1.7795e-29 9.01016e-30 4.56208e-30 2.30988e-30 1.16954e-30 5.92152e-31 2.99812e-31 1.51797e-31 7.68549e-32 3.89115e-32 1.97006e-32 9.97422e-33 5.04981e-33 2.55662e-33 1.29436e-33 6.55302e-34 3.3176e-34 1.67959e-34 8.50312e-35 4.30478e-35 2.17931e-35 1.10328e-35 5.58532e-36 2.82753e-36 1.43141e-36 7.24631e-37 3.66832e-37 1.85701e-37 9.40064e-38 4.7588e-38 2.40899e-38 1.21947e-38 6.17307e-39 3.12485e-39 1.58181e-39 8.00713e-40 4.05318e-40 2.05169e-40 1.03855e-40 5.25698e-41 2.66099e-41 1.34694e-41 6.81789e-42 3.45103e-42 1.74681e-42 8.84175e-43 4.47536e-43 2.26525e-43
2.76952e-12 2.08143e-14 1.05446e-14 5.34184e-15 2.70612e-15 1.37088e-15 6.9446e-16 3.51795e-16 1.78208e-16 9.02734e-17 4.57286e-17 2.31639e-17 1.17336e-17 5.94352e-18 3.0106e-18 1.52496e-18 7.72429e-19 3.9125e-19 1.98173e-19 1.00376e-19 5.0841e-20 2.57509e-20 1.30426e-20 6.60593e-21 3.34579e-21 1.69457e-21 8.58252e-22 4.34677e-22 2.20148e-22 1.11495e-22 5.64672e-23 2.85977e-23 1.44831e-23 7.3348e-24 3.71459e-24 1.88118e-24 9.52673e-25 4.82452e-25 2.44321e-25 1.23727e-25 6.26559e-26 3.1729e-26 1.60675e-26 8.13643e-27 4.12019e-27 2.08639e-27 1.0565e-27 5.34986e-28 2.70901e-28 1.37175e-28 6.946e-29 3.51715e-29 1.78092e-29 9.01766e-30 4.56604e-30 2.31196e-30 1.17063e-30 5.92727e-31 3.00114e-31 1.51954e-31 7.69374e-32 3.89546e-32 1.97231e-32 9.98595e-33 5.05591e-33 2.5598e-33 1.29602e-33 6.56161e-34 3.32206e-34 1.6819e-34 8.51511e-35 4.31099e-35 2.18253e-35 1.10495e-35 5.59394e-36 2.83199e-36 1.43371e-36 7.25821e-37 3.67446e-37 1.86018e-37 9.41699e-38 4.76724e-38 2.41334e-38 1.22171e-38 6.1846e-39 3.13079e-39 1.58487e-39 8.02286e-40 4.06128e-40 2.05586e-40 1.04069e-40 5.26798e-41 2.66664e-41 1.34984e-41 6.8328e-42 3.45868e-42 1.75073e-42 8.8619e-43 4.4857e-43 2.27055e-43 1.14929e-43
1.39751e-12 1.05321e-14 5.33574e-15 2.70315e-15 1.36943e-15 6.93754e-16 3.51452e-16 1.78041e-16 9.01927e-17 4.56896e-17 2.3145e-17 1.17245e-17 5.93916e-18 3.00851e-18 1.52396e-18 7.71954e-19 3.91025e-19 1.98067e-19 1.00327e-19 5.08177e-20 2.57401e-20 1.30377e-20 6.60367e-21 3.34477e-21 1.69412e-21 8.58057e-22 4.34595e-22 2.20114e-22 1.11483e-22 5.6463e-23 2.85966e-23 1.44831e-23 7.33508e-24 3.71487e-24 1.88139e-24 9.52815e-25 4.82542e-25 2.44375e-25 1.23759e-25 6.26744e-26 3.17395e-26 1.60734e-26 8.13972e-27 4.122e-27 2.08738e-27 1.05704e-27 5.35279e-28 2.71059e-28 1.3726e-28 6.95054e-29 3.51958e-29 1.78221e-29 9.0245e-30 4.56966e-30 2.31388e-30 1.17164e-30 5.93259e-31 3.00394e-31 1.52101e-31 7.70145e-32 3.89949e-32 1.97442e-32 9.99697e-33 5.06167e-33 2.5628e-33 1.29758e-33 6.56974e-34 3.32628e-34 1.6841e-34 8.52652e-35 4.31691e-35 2.1856e-35 1.10654e-35 5.60218e-36 2.83625e-36 1.43592e-36 7.26961e-37 3.68035e-37 1.86322e-37 9.4327e-38 4.77535e-38 2.41752e-38 1.22386e-38 6.19572e-39 3.13652e-39 1.58782e-39 8.03806e-40 4.0691e-40 2.05988e-40 1.04276e-40 5.27862e-41 2.67212e-41 1.35266e-41 6.84725e-42 3.46611e-42 1.75455e-42 8.88147e-43 4.49575e-43 2.27571e-43 1.15193e-43 5.83091e-44
