0.960799 0.00190088 0.00168857 0.00150177 0.0013372 0.00119206 0.00106387 0.000950529 0.000850181 0.000761227 0.000682273 0.000612103 0.00054966 0.000494019 0.000444372 0.000400014 0.000360324 0.00032476 0.000292844 0.000264157 0.000238328 0.000215031 0.000193978 0.000174911 0.000157604 0.000141855 0.000127482 0.000114326 0.00010224 9.10943e-05 8.27004e-05
0.00190088 2.08472e-05 1.853e-05 1.64872e-05 1.46832e-05 1.30874e-05 1.16732e-05 1.04177e-05 9.3012e-06 8.30641e-06 7.4184e-06 6.62419e-06 5.91244e-06 5.27327e-06 4.69803e-06 4.17915e-06 3.70999e-06 3.28471e-06 2.89818e-06 2.54586e-06 2.22378e-06 1.92842e-06 1.65667e-06 1.40582e-06 1.17346e-06 9.57516e-07 7.56165e-07 5.67853e-07 3.91268e-07 2.25332e-07 2.02006e-07
0.00168857 1.853e-05 1.64631e-05 1.46408e-05 1.30314e-05 1.16076e-05 1.03457e-05 9.22531e-06 8.22863e-06 7.34032e-06 6.54706e-06 5.83723e-06 5.2007e-06 4.62863e-06 4.11332e-06 3.64799e-06 3.2267e-06 2.84426e-06 2.49608e-06 2.17813e-06 1.88687e-06 1.61919e-06 1.37235e-06 1.14396e-06 9.31923e-07 7.3445e-07 5.49995e-07 3.77267e-07 2.15212e-07 1.91892e-07 1.72064e-07
0.00150177 1.64872e-05 1.46408e-05 1.30128e-05 1.15749e-05 1.03026e-05 9.17476e-06 8.17313e-06 7.28184e-06 6.48716e-06 5.77715e-06 5.14142e-06 4.57091e-06 4.05772e-06 3.59494e-06 3.17652e-06 2.79717e-06 2.45223e-06 2.13761e-06 1.84974e-06 1.58548e-06 1.34207e-06 1.1171e-06 9.08488e-07 7.14439e-07 5.33419e-07 3.6415e-07 2.05595e-07 1.83293e-07 1.63427e-07 1.46572e-07
0.0013372 1.46832e-05 1.30314e-05 1.15749e-05 1.02882e-05 9.14951e-06 8.13986e-06 7.24289e-06 6.44443e-06 5.73215e-06 5.09538e-06 4.5248e-06 4.0123e-06 3.55081e-06 3.13414e-06 2.75687e-06 2.41428e-06 2.10221e-06 1.81702e-06 1.55554e-06 1.31497e-06 1.09291e-06 8.87241e-07 6.96175e-07 5.18181e-07 3.51986e-07 1.96566e-07 1.75139e-07 1.56135e-07 1.39208e-07 1.2488e-07
0.00119206 1.30874e-05 1.16076e-05 1.03026e-05 9.14951e-06 8.12877e-06 7.22342e-06 6.4188e-06 5.70218e-06 5.06253e-06 4.49026e-06 3.97702e-06 3.51555e-06 3.0995e-06 2.72334e-06 2.38222e-06 2.0719e-06 1.78869e-06 1.52936e-06 1.29107e-06 1.0714e-06 8.68206e-07 6.79692e-07 5.04322e-07 3.40827e-07 1.8819e-07 1.67503e-07 1.49234e-07 1.33037e-07 1.1861e-07 1.06427e-07
0.00106387 1.16732e-05 1.03457e-05 9.17476e-06 8.13986e-06 7.22342e-06 6.41026e-06 5.6872e-06 5.04283e-06 4.46725e-06 3.95184e-06 3.48914e-06 3.0726e-06 2.69655e-06 2.35602e-06 2.04668e-06 1.76475e-06 1.50694e-06 1.27037e-06 1.05257e-06 8.51396e-07 6.6501e-07 4.91873e-07 3.30713e-07 1.80516e-07 1.60443e-07 1.42792e-07 1.27211e-07 1.134e-07 1.01099e-07 9.07376e-08
0.000950529 1.04177e-05 9.22531e-06 8.17313e-06 7.24289e-06 6.4188e-06 5.6872e-06 5.03627e-06 4.45575e-06 3.93675e-06 3.47154e-06 3.0534e-06 2.67647e-06 2.33566e-06 2.02652e-06 1.74518e-06 1.48827e-06 1.25287e-06 1.03644e-06 8.36821e-07 6.52145e-07 4.80857e-07 3.21675e-07 1.73581e-07 1.54006e-07 1.3686e-07 1.2179e-07 1.08494e-07 9.67118e-08 8.62182e-08 7.74019e-08
0.000850181 9.3012e-06 8.22863e-06 7.28184e-06 6.44443e-06 5.70218e-06 5.04283e-06 4.45575e-06 3.93172e-06 3.46275e-06 3.04188e-06 2.6631e-06 2.32113e-06 2.01141e-06 1.72996e-06 1.47334e-06 1.23855e-06 1.02301e-06 8.24486e-07 6.41108e-07 4.71289e-07 3.13734e-07 1.67415e-07 1.48224e-07 1.31478e-07 1.16821e-07 1.03947e-07 9.25935e-08 8.25347e-08 7.35768e-08 6.60708e-08
0.000761227 8.30641e-06 7.34032e-06 6.48716e-06 5.73215e-06 5.06253e-06 4.46725e-06 3.93675e-06 3.46275e-06 3.03805e-06 2.65641e-06 2.31241e-06 2.00134e-06 1.71911e-06 1.46216e-06 1.22742e-06 1.01226e-06 8.14393e-07 6.31904e-07 4.63181e-07 3.06906e-07 1.62039e-07 1.43123e-07 1.26677e-07 1.1234e-07 9.97998e-08 8.8792e-08 7.90887e-08 7.04944e-08 6.28411e-08 5.64456e-08
0.000682273 7.4184e-06 6.54706e-06 5.77715e-06 5.09538e-06 4.49026e-06 3.95184e-06 3.47154e-06 3.04188e-06 2.65641e-06 2.30951e-06 1.99631e-06 1.71259e-06 1.4547e-06 1.21948e-06 1.0042e-06 8.06544e-07 6.24539e-07 4.56539e-07 3.01202e-07 1.57469e-07 1.38723e-07 1.22481e-07 1.08373e-07 9.60846e-08 8.53448e-08 7.59231e-08 6.76218e-08 6.02713e-08 5.3726e-08 4.82716e-08
0.000612103 6.62419e-06 5.83723e-06 5.14142e-06 4.5248e-06 3.97702e-06 3.48914e-06 3.0534e-06 2.6631e-06 2.31241e-06 1.99631e-06 1.71042e-06 1.45098e-06 1.21471e-06 9.98829e-07 8.00937e-07 6.19013e-07 4.5137e-07 2.96632e-07 1.53717e-07 1.35039e-07 1.18907e-07 1.04943e-07 9.28262e-08 8.22806e-08 7.30713e-08 6.49974e-08 5.78869e-08 5.15926e-08 4.59882e-08 4.1331e-08
0.00054966 5.91244e-06 5.2007e-06 4.57091e-06 4.0123e-06 3.51555e-06 3.0726e-06 2.67647e-06 2.32113e-06 2.00134e-06 1.71259e-06 1.45098e-06 1.21312e-06 9.96144e-07 7.97574e-07 6.15329e-07 4.47675e-07 2.932e-07 1.50792e-07 1.32081e-07 1.15968e-07 1.02065e-07 9.00434e-08 7.96215e-08 7.0559e-08 6.2651e-08 5.57222e-08 4.96232e-08 4.42258e-08 3.94202e-08 3.54381e-08
0.000494019 5.27327e-06 4.62863e-06 4.05772e-06 3.55081e-06 3.0995e-06 2.69655e-06 2.33566e-06 2.01141e-06 1.71911e-06 1.4547e-06 1.21471e-06 9.96144e-07 7.96453e-07 6.13487e-07 4.45458e-07 2.9091e-07 1.48698e-07 1.29857e-07 1.13673e-07 9.97503e-08 8.77503e-08 7.73842e-08 6.84059e-08 6.06054e-08 5.38038e-08 4.78482e-08 4.26082e-08 3.79723e-08 3.3845e-08 3.04347e-08
0.000444372 4.69803e-06 4.11332e-06 3.59494e-06 3.13414e-06 2.72334e-06 2.35602e-06 2.02652e-06 1.72996e-06 1.46216e-06 1.21948e-06 9.98829e-07 7.97574e-07 6.13487e-07 4.44719e-07 2.89764e-07 1.47441e-07 1.28371e-07 1.12029e-07 9.80076e-08 8.59573e-08 7.55813e-08 6.66269e-08 5.88783e-08 5.21519e-08 4.62912e-08 4.11627e-08 3.66525e-08 3.26634e-08 2.91121e-08 2.61858e-08
0.000400014 4.17915e-06 3.64799e-06 3.17652e-06 2.75687e-06 2.38222e-06 2.04668e-06 1.74518e-06 1.47334e-06 1.22742e-06 1.0042e-06 8.00937e-07 6.15329e-07 4.45458e-07 2.89764e-07 1.47021e-07 1.27627e-07 1.11042e-07 9.68428e-08 8.46716e-08 7.42219e-08 6.5233e-08 5.74828e-08 5.07822e-08 4.49703e-08 3.99101e-08 3.54847e-08 3.15946e-08 2.81549e-08 2.50929e-08 2.25767e-08
0.000360324 3.70999e-06 3.2267e-06 2.79717e-06 2.41428e-06 2.0719e-06 1.76475e-06 1.48827e-06 1.23855e-06 1.01226e-06 8.06544e-07 6.19013e-07 4.47675e-07 2.9091e-07 1.47441e-07 1.27627e-07 1.10712e-07 9.62595e-08 8.38984e-08 7.33124e-08 6.42321e-08 5.64284e-08 4.97061e-08 4.38992e-08 3.88663e-08 3.44875e-08 3.06601e-08 2.72973e-08 2.43245e-08 2.16783e-08 1.95095e-08
0.00032476 3.28471e-06 2.84426e-06 2.45223e-06 2.10221e-06 1.78869e-06 1.50694e-06 1.25287e-06 1.02301e-06 8.14393e-07 6.24539e-07 4.5137e-07 2.932e-07 1.48698e-07 1.28371e-07 1.11042e-07 9.62595e-08 8.36403e-08 7.28566e-08 6.36296e-08 5.5722e-08 4.89319e-08 4.30877e-08 3.80434e-08 3.36747e-08 2.98762e-08 2.6558e-08 2.36436e-08 2.10679e-08 1.87753e-08 1.69011e-08
0.000292844 2.89818e-06 2.49608e-06 2.13761e-06 1.81702e-06 1.52936e-06 1.27037e-06 1.03644e-06 8.24486e-07 6.31904e-07 4.56539e-07 2.96632e-07 1.50792e-07 1.29857e-07 1.12029e-07 9.68428e-08 8.38984e-08 7.28566e-08 6.34284e-08 5.53677e-08 4.84653e-08 4.25431e-08 3.74498e-08 3.30569e-08 2.9255e-08 2.59513e-08 2.30668e-08 2.05344e-08 1.82967e-08 1.63051e-08 1.46808e-08
0.000264157 2.54586e-06 2.17813e-06 1.84974e-06 1.55554e-06 1.29107e-06 1.05257e-06 8.36821e-07 6.41108e-07 4.63181e-07 3.01202e-07 1.53717e-07 1.32081e-07 1.13673e-07 9.80076e-08 8.46716e-08 7.33124e-08 6.36296e-08 5.53677e-08 4.83094e-08 4.22697e-08 3.70915e-08 3.26412e-08 2.88054e-08 2.54878e-08 2.26065e-08 2.0092e-08 1.78852e-08 1.59357e-08 1.42006e-08 1.27885e-08
0.000238328 2.22378e-06 1.88687e-06 1.58548e-06 1.31497e-06 1.0714e-06 8.51396e-07 6.52145e-07 4.71289e-07 3.06906e-07 1.57469e-07 1.35039e-07 1.15968e-07 9.97503e-08 8.59573e-08 7.42219e-08 6.42321e-08 5.5722e-08 4.84653e-08 4.22697e-08 3.69717e-08 3.24322e-08 2.85334e-08 2.51749e-08 2.22717e-08 1.97516e-08 1.75532e-08 1.56244e-08 1.39209e-08 1.24048e-08 1.11733e-08
0.000215031 1.92842e-06 1.61919e-06 1.34207e-06 1.09291e-06 8.68206e-07 6.6501e-07 4.80857e-07 3.13734e-07 1.62039e-07 1.38723e-07 1.18907e-07 1.02065e-07 8.77503e-08 7.55813e-08 6.5233e-08 5.64284e-08 4.89319e-08 4.25431e-08 3.70915e-08 3.24322e-08 2.84423e-08 2.50173e-08 2.20685e-08 1.95207e-08 1.731e-08 1.53823e-08 1.36914e-08 1.21982e-08 1.08694e-08 9.79178e-09
0.000193978 1.65667e-06 1.37235e-06 1.1171e-06 8.87241e-07 6.79692e-07 4.91873e-07 3.21675e-07 1.67415e-07 1.43123e-07 1.22481e-07 1.04943e-07 9.00434e-08 7.73842e-08 6.66269e-08 5.74828e-08 4.97061e-08 4.30877e-08 3.74498e-08 3.26412e-08 2.85334e-08 2.50173e-08 2.20004e-08 1.94041e-08 1.71617e-08 1.52168e-08 1.35213e-08 1.20344e-08 1.07216e-08 9.55341e-09 8.60731e-09
0.000174911 1.40582e-06 1.14396e-06 9.08488e-07 6.96175e-07 5.04322e-07 3.30713e-07 1.73581e-07 1.48224e-07 1.26677e-07 1.08373e-07 9.28262e-08 7.96215e-08 6.84059e-08 5.88783e-08 5.07822e-08 4.38992e-08 3.80434e-08 3.30569e-08 2.88054e-08 2.51749e-08 2.20685e-08 1.94041e-08 1.71119e-08 1.51329e-08 1.34168e-08 1.19212e-08 1.06099e-08 9.45222e-09 8.42207e-09 7.58872e-09
0.000157604 1.17346e-06 9.31923e-07 7.14439e-07 5.18181e-07 3.40827e-07 1.80516e-07 1.54006e-07 1.31478e-07 1.1234e-07 9.60846e-08 8.22806e-08 7.0559e-08 6.06054e-08 5.21519e-08 4.49703e-08 3.88663e-08 3.36747e-08 2.9255e-08 2.54878e-08 2.22717e-08 1.95207e-08 1.71617e-08 1.51329e-08 1.33816e-08 1.18634e-08 1.05404e-08 9.38068e-09 8.35691e-09 7.44594e-09 6.70961e-09
0.000141855 9.57516e-07 7.3445e-07 5.33419e-07 3.51986e-07 1.8819e-07 1.60443e-07 1.3686e-07 1.16821e-07 9.97998e-08 8.53448e-08 7.30713e-08 6.2651e-08 5.38038e-08 4.62912e-08 3.99101e-08 3.44875e-08 2.98762e-08 2.59513e-08 2.26065e-08 1.97516e-08 1.731e-08 1.52168e-08 1.34168e-08 1.18634e-08 1.05169e-08 9.34371e-09 8.31539e-09 7.4077e-09 6.60004e-09 5.94759e-09
0.000127482 7.56165e-07 5.49995e-07 3.6415e-07 1.96566e-07 1.67503e-07 1.42792e-07 1.2179e-07 1.03947e-07 8.8792e-08 7.59231e-08 6.49974e-08 5.57222e-08 4.78482e-08 4.11627e-08 3.54847e-08 3.06601e-08 2.6558e-08 2.30668e-08 2.0092e-08 1.75532e-08 1.53823e-08 1.35213e-08 1.19212e-08 1.05404e-08 9.34371e-09 8.30115e-09 7.38738e-09 6.58083e-09 5.86319e-09 5.28367e-09
0.000114326 5.67853e-07 3.77267e-07 2.05595e-07 1.75139e-07 1.49234e-07 1.27211e-07 1.08494e-07 9.25935e-08 7.90887e-08 6.76218e-08 5.78869e-08 4.96232e-08 4.26082e-08 3.66525e-08 3.15946e-08 2.72973e-08 2.36436e-08 2.05344e-08 1.78852e-08 1.56244e-08 1.36914e-08 1.20344e-08 1.06099e-08 9.38068e-09 8.31539e-09 7.38738e-09 6.57403e-09 5.85615e-09 5.21743e-09 4.70173e-09
0.00010224 3.91268e-07 2.15212e-07 1.83293e-07 1.56135e-07 1.33037e-07 1.134e-07 9.67118e-08 8.25347e-08 7.04944e-08 6.02713e-08 5.15926e-08 4.42258e-08 3.79723e-08 3.26634e-08 2.81549e-08 2.43245e-08 2.10679e-08 1.82967e-08 1.59357e-08 1.39209e-08 1.21982e-08 1.07216e-08 9.45222e-09 8.35691e-09 7.4077e-09 6.58083e-09 5.85615e-09 5.21656e-09 4.6475e-09 4.18808e-09
9.10943e-05 2.25332e-07 1.91892e-07 1.63427e-07 1.39208e-07 1.1861e-07 1.01099e-07 8.62182e-08 7.35768e-08 6.28411e-08 5.3726e-08 4.59882e-08 3.94202e-08 3.3845e-08 2.91121e-08 2.50929e-08 2.16783e-08 1.87753e-08 1.63051e-08 1.42006e-08 1.24048e-08 1.08694e-08 9.55341e-09 8.42207e-09 7.44594e-09 6.60004e-09 5.86319e-09 5.21743e-09 4.6475e-09 4.14042e-09 3.73109e-09
8.27004e-05 2.02006e-07 1.72064e-07 1.46572e-07 1.2488e-07 1.06427e-07 9.07376e-08 7.74019e-08 6.60708e-08 5.64456e-08 4.82716e-08 4.1331e-08 3.54381e-08 3.04347e-08 2.61858e-08 2.25767e-08 1.95095e-08 1.69011e-08 1.46808e-08 1.27885e-08 1.11733e-08 9.79178e-09 8.60731e-09 7.58872e-09 6.70961e-09 5.94759e-09 5.28367e-09 4.70173e-09 4.18808e-09 3.73109e-09 3.36178e-09
