0.00793176 0.00611405 0.0047129 0.00363284 0.00280031 0.00215856 0.00166389 0.00128257 0.000988648 0.00076208 0.000587435 0.000452813 0.000349042 0.000269052 0.000207394 0.000159865 0.000123229 9.49888e-05 7.32203e-05 5.64405e-05 4.3506e-05 3.35358e-05 2.58504e-05 1.99263e-05 1.53598e-05 1.18398e-05 9.12648e-06 7.03497e-06 5.42277e-06 4.18004e-06 3.2221e-06 2.4837e-06 1.91451e-06 1.47576e-06 1.13756e-06 8.76868e-07 6.75917e-07 5.21017e-07 4.01616e-07 3.09578e-07 2.38632e-07 1.83945e-07 1.41791e-07 1.09296e-07 8.42491e-08 6.49418e-08 5.00591e-08 3.85871e-08 2.97441e-08 2.29277e-08 1.76734e-08 1.36232e-08 1.05012e-08 8.09461e-09 6.23958e-09 4.80966e-09 3.70743e-09 2.8578e-09 2.20288e-09 1.69805e-09 1.30891e-09 1.00895e-09 7.77727e-10 5.99496e-10 4.6211e-10 3.56208e-10 2.74576e-10 2.11652e-10 1.63148e-10 1.25759e-10 9.69391e-11 7.47236e-11 5.75992e-11 4.43993e-11 3.42243e-11 2.63812e-11 2.03354e-11 1.56752e-11 1.20829e-11 9.31386e-12 7.17941e-12 5.53411e-12 4.26586e-12 3.28826e-12 2.53469e-12 1.95382e-12 1.50606e-12 1.16092e-12 8.94871e-13 6.89794e-13 5.31715e-13 4.09862e-13 3.15934e-13 2.43532e-13 1.87722e-13 1.44702e-13 1.1154e-13 8.59788e-14 6.62751e-14 5.10869e-14 3.93793e-14
0.00611405 0.00506655 0.00417806 0.00343071 0.00280647 0.00228817 0.00186004 0.00150796 0.00121957 0.000984161 0.0007926 0.000637152 0.000511326 0.000409708 0.000327812 0.000261935 0.000209035 0.000166625 0.000132675 0.000105535 8.38658e-05 6.65861e-05 5.28219e-05 4.18693e-05 3.31626e-05 2.62476e-05 2.07604e-05 1.64096e-05 1.29627e-05 1.02338e-05 8.07494e-06 6.36807e-06 5.01944e-06 3.9545e-06 3.11405e-06 2.45113e-06 1.9285e-06 1.51668e-06 1.19234e-06 9.36997e-07 7.36069e-07 5.78025e-07 4.53761e-07 3.56095e-07 2.79362e-07 2.19097e-07 1.71782e-07 1.34647e-07 1.05511e-07 8.2657e-08 6.47368e-08 5.06891e-08 3.96801e-08 3.10549e-08 2.4299e-08 1.90086e-08 1.48668e-08 1.16251e-08 9.08842e-09 7.10386e-09 5.55158e-09 4.33769e-09 3.38861e-09 2.64672e-09 2.0669e-09 1.61384e-09 1.25988e-09 9.83394e-10 7.67467e-10 5.98861e-10 4.67228e-10 3.64476e-10 2.84281e-10 2.21701e-10 1.72873e-10 1.34782e-10 1.0507e-10 8.18981e-11 6.38285e-11 4.97397e-11 3.87561e-11 3.01945e-11 2.35216e-11 1.83214e-11 1.42693e-11 1.11122e-11 8.65276e-12 6.73696e-12 5.24482e-12 4.08277e-12 3.17788e-12 2.47331e-12 1.92478e-12 1.49777e-12 1.16538e-12 9.06682e-13 7.0535e-13 5.48679e-13 4.26772e-13 3.31924e-13 2.58135e-13
0.0047129 0.00417806 0.00365661 0.00316689 0.00271896 0.00231723 0.0019624 0.0016528 0.00138534 0.00115622 0.000961323 0.000796546 0.000657973 0.000541981 0.00044529 0.000364987 0.000298516 0.000243661 0.000198515 0.000161454 0.000131099 0.00010629 8.60527e-05 6.95757e-05 5.61827e-05 4.53139e-05 3.65065e-05 2.93797e-05 2.36202e-05 1.89715e-05 1.52238e-05 1.22057e-05 9.77784e-06 7.82666e-06 6.26007e-06 5.0034e-06 3.9962e-06 3.18961e-06 2.54418e-06 2.0281e-06 1.61574e-06 1.28648e-06 1.02375e-06 8.14245e-07 6.47278e-07 5.14293e-07 4.08434e-07 3.24213e-07 2.57243e-07 2.04017e-07 1.61736e-07 1.28165e-07 1.01522e-07 8.03863e-08 6.36271e-08 5.03436e-08 3.98192e-08 3.14841e-08 2.48855e-08 1.96634e-08 1.55323e-08 1.22653e-08 9.68253e-09 7.6414e-09 6.02884e-09 4.75525e-09 3.74969e-09 2.95599e-09 2.32969e-09 1.83562e-09 1.44598e-09 1.13877e-09 8.96616e-10 7.05794e-10 5.55458e-10 4.37048e-10 3.43807e-10 2.704e-10 2.12623e-10 1.67158e-10 1.31388e-10 1.03253e-10 8.11268e-11 6.37304e-11 5.00553e-11 3.93075e-11 3.0862e-11 2.42269e-11 1.90152e-11 1.49221e-11 1.17081e-11 9.18495e-12 7.20441e-12 5.65006e-12 4.43039e-12 3.47349e-12 2.72287e-12 2.13416e-12 1.67249e-12 1.31051e-12 1.02674e-12
0.00363284 0.00343071 0.00316689 0.00287262 0.00256966 0.00227265 0.00199097 0.00173021 0.00149319 0.00128088 0.0010929 0.00092811 0.000784825 0.000661125 0.00055499 0.000464418 0.000387499 0.000322455 0.000267666 0.000221676 0.000183195 0.000151093 0.000124383 0.000102215 8.38598e-05 6.86934e-05 5.61872e-05 4.58938e-05 3.74366e-05 3.04996e-05 2.48184e-05 2.01725e-05 1.63784e-05 1.32842e-05 1.07638e-05 8.71337e-06 7.04709e-06 5.69448e-06 4.59763e-06 3.70905e-06 2.98988e-06 2.40835e-06 1.93853e-06 1.55928e-06 1.25338e-06 1.00683e-06 8.0828e-07 6.48488e-07 5.1998e-07 4.167e-07 3.3375e-07 2.67169e-07 2.1376e-07 1.70941e-07 1.36633e-07 1.09158e-07 8.71677e-08 6.95761e-08 5.55104e-08 4.42694e-08 3.52901e-08 2.81207e-08 2.2399e-08 1.78346e-08 1.4195e-08 1.1294e-08 8.98271e-09 7.14191e-09 5.67641e-09 4.51012e-09 3.5823e-09 2.84444e-09 2.25787e-09 1.79171e-09 1.42137e-09 1.12725e-09 8.93734e-10 7.08397e-10 5.6134e-10 4.44692e-10 3.52192e-10 2.78861e-10 2.20742e-10 1.74694e-10 1.38218e-10 1.09332e-10 8.64625e-11 6.83613e-11 5.40375e-11 4.27055e-11 3.37427e-11 2.66552e-11 2.1052e-11 1.66233e-11 1.31236e-11 1.03586e-11 8.17462e-12 6.44985e-12 5.08803e-12 4.01301e-12 3.16454e-12
0.00280031 0.00280647 0.00271896 0.00256966 0.00238277 0.00217627 0.00196321 0.00175277 0.00155118 0.00136239 0.00118865 0.00103101 0.000889622 0.000764029 0.00065339 0.000556622 0.000472517 0.000399822 0.000337301 0.000283769 0.000238119 0.000199334 0.000166491 0.000138767 0.000115431 9.58398e-05 7.94336e-05 6.57261e-05 5.42981e-05 4.47898e-05 3.68937e-05 3.03484e-05 2.49318e-05 2.04566e-05 1.67648e-05 1.37236e-05 1.12219e-05 9.16661e-06 7.48025e-06 6.09823e-06 4.96692e-06 4.04187e-06 3.28626e-06 2.66969e-06 2.16705e-06 1.75768e-06 1.42457e-06 1.15375e-06 9.3376e-07 7.55199e-07 6.1038e-07 4.93015e-07 3.97969e-07 3.21053e-07 2.5885e-07 2.08579e-07 1.67978e-07 1.35208e-07 1.08773e-07 8.74614e-08 7.02905e-08 5.64632e-08 4.53344e-08 3.63823e-08 2.91848e-08 2.34008e-08 1.87551e-08 1.50254e-08 1.20324e-08 9.63178e-09 7.70709e-09 6.16464e-09 4.92904e-09 3.93965e-09 3.14772e-09 2.51411e-09 2.00734e-09 1.60218e-09 1.27838e-09 1.01969e-09 8.13088e-10 6.48145e-10 5.16505e-10 4.11479e-10 3.27712e-10 2.60924e-10 2.07688e-10 1.65268e-10 1.31476e-10 1.04566e-10 8.3142e-11 6.60904e-11 5.25225e-11 4.17297e-11 3.31465e-11 2.63225e-11 2.08984e-11 1.65881e-11 1.31639e-11 1.04441e-11 8.28445e-12
0.00215856 0.00228817 0.00231723 0.00227265 0.00217627 0.00204552 0.00189398 0.00173207 0.00156752 0.00140594 0.00125123 0.00110595 0.000971611 0.000848954 0.000738148 0.00063895 0.000550837 0.000473105 0.000404946 0.000345505 0.000293918 0.000249345 0.000210987 0.000178098 0.000149996 0.000126058 0.000105726 8.85045e-05 7.3954e-05 6.16895e-05 5.13748e-05 4.27182e-05 3.54674e-05 2.94056e-05 2.43467e-05 2.0132e-05 1.66261e-05 1.37144e-05 1.12995e-05 9.29965e-06 7.64557e-06 6.27925e-06 5.15201e-06 4.22309e-06 3.45848e-06 2.82978e-06 2.31337e-06 1.88963e-06 1.54226e-06 1.25777e-06 1.02497e-06 8.34651e-07 6.79184e-07 5.52292e-07 4.48804e-07 3.64469e-07 2.95793e-07 2.39909e-07 1.94465e-07 1.57537e-07 1.27548e-07 1.03211e-07 8.34712e-08 6.74713e-08 5.451e-08 4.40163e-08 3.55252e-08 2.86582e-08 2.31078e-08 1.86237e-08 1.5003e-08 1.20809e-08 9.72376e-09 7.82321e-09 6.29153e-09 5.05769e-09 4.0642e-09 3.2646e-09 2.62132e-09 2.10401e-09 1.68818e-09 1.35404e-09 1.08566e-09 8.70172e-10 6.9722e-10 5.58458e-10 4.47167e-10 3.5794e-10 2.86427e-10 2.29131e-10 1.83241e-10 1.46498e-10 1.17088e-10 9.35556e-11 7.47316e-11 5.96785e-11 4.76444e-11 3.80268e-11 3.03426e-11 2.42049e-11 1.93038e-11
0.00166389 0.00186004 0.0019624 0.00199097 0.00196321 0.00189398 0.00179568 0.00167838 0.0015501 0.00141711 0.00128415 0.00115469 0.0010312 0.000915287 0.000807939 0.000709625 0.00062044 0.000540202 0.000468534 0.00040493 0.000348806 0.000299538 0.00025649 0.000219037 0.00018658 0.000158554 0.000134435 0.000113742 9.60406e-05 8.09386e-05 6.80871e-05 5.71769e-05 4.79355e-05 4.01242e-05 3.35351e-05 2.79874e-05 2.33251e-05 1.94135e-05 1.61373e-05 1.33974e-05 1.11095e-05 9.20186e-06 7.61337e-06 6.2924e-06 5.19529e-06 4.28522e-06 3.53117e-06 2.90711e-06 2.39118e-06 1.9651e-06 1.61358e-06 1.32386e-06 1.08529e-06 8.8902e-07 7.27701e-07 5.95218e-07 4.86509e-07 3.97379e-07 3.2436e-07 2.64584e-07 2.15686e-07 1.75716e-07 1.43066e-07 1.16413e-07 9.4671e-08 7.69461e-08 6.25052e-08 5.07472e-08 4.11793e-08 3.33981e-08 2.70736e-08 2.1936e-08 1.77647e-08 1.43798e-08 1.16345e-08 9.4091e-09 7.60597e-09 6.14571e-09 4.96369e-09 4.00735e-09 3.23393e-09 2.60874e-09 2.10358e-09 1.69559e-09 1.36621e-09 1.10041e-09 8.85993e-10 7.13102e-10 5.73746e-10 4.61464e-10 3.71029e-10 2.98218e-10 2.39617e-10 1.92469e-10 1.54548e-10 1.24061e-10 9.95568e-11 7.98686e-11 6.40549e-11 5.13573e-11 4.11649e-11
0.00128257 0.00150796 0.0016528 0.00173021 0.00175277 0.00173207 0.00167838 0.00160059 0.00150623 0.00140148 0.00129133 0.00117971 0.00106962 0.000963289 0.000862282 0.000767637 0.000679967 0.000599554 0.000526424 0.000460413 0.000401224 0.000348468 0.000301696 0.000260432 0.000224189 0.000192487 0.000164861 0.000140872 0.000120107 0.000102189 8.67708e-05 7.35391e-05 6.22123e-05 5.25391e-05 4.42966e-05 3.72881e-05 3.13408e-05 2.63037e-05 2.20453e-05 1.84514e-05 1.54233e-05 1.28761e-05 1.07367e-05 8.94226e-06 7.4394e-06 6.1824e-06 5.13239e-06 4.25638e-06 3.52642e-06 2.91886e-06 2.41374e-06 1.99424e-06 1.64621e-06 1.35777e-06 1.11894e-06 9.21389e-07 7.58123e-07 6.23315e-07 5.121e-07 4.20426e-07 3.44921e-07 2.82783e-07 2.31685e-07 1.89697e-07 1.5522e-07 1.2693e-07 1.03733e-07 8.4726e-08 6.91613e-08 5.64241e-08 4.60072e-08 3.74932e-08 3.05387e-08 2.48612e-08 2.0229e-08 1.64517e-08 1.33732e-08 1.08656e-08 8.82405e-09 7.16282e-09 5.81173e-09 4.71341e-09 3.821e-09 3.09624e-09 2.50791e-09 2.03054e-09 1.64338e-09 1.32951e-09 1.07517e-09 8.69161e-10 7.02359e-10 5.6736e-10 4.58144e-10 3.6982e-10 2.9842e-10 2.40723e-10 1.94115e-10 1.56479e-10 1.26099e-10 1.01585e-10 8.18101e-11
0.000988648 0.00121957 0.00138534 0.00149319 0.00155118 0.00156752 0.0015501 0.00150623 0.00144242 0.00136435 0.00127683 0.00118387 0.0010887 0.000993883 0.000901371 0.000812618 0.000728643 0.00065011 0.000577397 0.000510657 0.000449866 0.00039487 0.000345419 0.000301199 0.000261854 0.000227007 0.000196274 0.000169276 0.000145643 0.000125027 0.000107098 9.15517e-05 7.81094e-05 6.65164e-05 5.6543e-05 4.79828e-05 4.06518e-05 3.43866e-05 2.90431e-05 2.44943e-05 2.0629e-05 1.73502e-05 1.45736e-05 1.22259e-05 1.0244e-05 8.57336e-06 7.16701e-06 5.98477e-06 4.99224e-06 4.16002e-06 3.46307e-06 2.88009e-06 2.39299e-06 1.98645e-06 1.64751e-06 1.36523e-06 1.13035e-06 9.35122e-07 7.72994e-07 6.38478e-07 5.26971e-07 4.34617e-07 3.5819e-07 2.94996e-07 2.42784e-07 1.99679e-07 1.6412e-07 1.34807e-07 1.1066e-07 9.0783e-08 7.44318e-08 6.099e-08 4.99471e-08 4.08807e-08 3.34416e-08 2.73416e-08 2.23425e-08 1.8248e-08 1.48963e-08 1.21542e-08 9.91206e-09 8.07967e-09 6.58295e-09 5.36102e-09 4.36394e-09 3.55073e-09 2.88781e-09 2.34765e-09 1.90773e-09 1.5496e-09 1.2582e-09 1.02118e-09 8.28493e-10 6.71904e-10 5.44705e-10 4.41422e-10 3.57592e-10 2.89578e-10 2.34416e-10 1.89697e-10 1.53456e-10
0.00076208 0.000984161 0.00115622 0.00128088 0.00136239 0.00140594 0.00141711 0.00140148 0.00136435 0.00131062 0.00124465 0.00117024 0.00109062 0.00100845 0.000925919 0.000844731 0.000766195 0.000691274 0.000620635 0.000554701 0.000493698 0.000437692 0.000386628 0.000340358 0.000298667 0.000261292 0.000227945 0.000198319 0.000172104 0.000148993 0.000128688 0.000110908 9.53841e-05 8.18695e-05 7.01356e-05 5.99736e-05 5.11941e-05 4.36263e-05 3.71172e-05 3.15301e-05 2.67439e-05 2.26516e-05 1.91587e-05 1.61827e-05 1.36513e-05 1.15014e-05 9.6783e-06 8.13464e-06 6.82942e-06 5.72729e-06 4.7979e-06 4.01514e-06 3.35671e-06 2.8035e-06 2.33924e-06 1.95005e-06 1.62415e-06 1.35153e-06 1.12371e-06 9.3352e-07 7.74888e-07 6.42704e-07 5.32658e-07 4.41122e-07 3.65048e-07 3.01876e-07 2.49462e-07 2.06007e-07 1.70008e-07 1.40208e-07 1.15557e-07 9.51805e-08 7.83491e-08 6.44554e-08 5.29943e-08 4.35461e-08 3.57622e-08 2.93534e-08 2.40801e-08 1.97436e-08 1.61796e-08 1.32522e-08 1.0849e-08 8.87725e-09 7.26033e-09 5.93511e-09 4.84952e-09 3.96068e-09 3.23329e-09 2.63833e-09 2.15191e-09 1.75442e-09 1.42976e-09 1.16469e-09 9.4838e-10 7.71936e-10 6.28072e-10 5.10822e-10 4.15303e-10 3.37519e-10 2.74202e-10
0.000587435 0.0007926 0.000961323 0.0010929 0.00118865 0.00125123 0.00128415 0.00129133 0.00127683 0.00124465 0.00119852 0.00114187 0.00107771 0.00100868 0.000937011 0.000864542 0.000792764 0.000722847 0.000655678 0.0005919 0.000531952 0.000476099 0.000424464 0.00037706 0.000333812 0.00029458 0.000259174 0.000227372 0.000198934 0.000173605 0.000151132 0.000131262 0.000113752 9.83683e-05 8.4893e-05 7.31216e-05 6.28653e-05 5.39511e-05 4.62215e-05 3.9534e-05 3.37603e-05 2.87857e-05 2.45079e-05 2.08361e-05 1.769e-05 1.4999e-05 1.27009e-05 1.07416e-05 9.0735e-06 7.65551e-06 6.45178e-06 5.43134e-06 4.5674e-06 3.8369e-06 3.21997e-06 2.69958e-06 2.26113e-06 1.89213e-06 1.58191e-06 1.32139e-06 1.10282e-06 9.19627e-07 7.6624e-07 6.37926e-07 5.30686e-07 4.41137e-07 3.66425e-07 3.04146e-07 2.52272e-07 2.091e-07 1.73199e-07 1.43366e-07 1.18594e-07 9.80399e-08 8.09976e-08 6.68768e-08 5.51846e-08 4.55099e-08 3.75096e-08 3.08983e-08 2.54382e-08 2.09315e-08 1.72141e-08 1.41495e-08 1.16244e-08 9.54522e-09 7.83401e-09 6.42644e-09 5.26926e-09 4.31842e-09 3.53752e-09 2.89652e-09 2.3706e-09 1.93933e-09 1.58583e-09 1.29621e-09 1.05905e-09 8.64921e-10 7.06091e-10 5.76199e-10 4.70017e-10
0.000452813 0.000637152 0.000796546 0.00092811 0.00103101 0.00110595 0.00115469 0.00117971 0.00118387 0.00117024 0.00114187 0.00110167 0.00105237 0.00099642 0.000935984 0.000872926 0.000808819 0.000744957 0.00068238 0.000621899 0.00056412 0.000509475 0.000458248 0.000410599 0.000366585 0.000326185 0.000289314 0.000255837 0.000225589 0.000198379 0.000174001 0.000152245 0.000132898 0.00011575 0.000100599 8.72527e-05 7.55284e-05 6.52565e-05 5.62795e-05 4.84529e-05 4.16449e-05 3.57356e-05 3.06171e-05 2.61923e-05 2.23745e-05 1.90863e-05 1.62592e-05 1.38327e-05 1.17533e-05 9.97419e-06 8.45423e-06 7.15756e-06 6.05294e-06 5.11317e-06 4.31471e-06 3.63716e-06 3.06291e-06 2.5768e-06 2.16576e-06 1.81859e-06 1.52568e-06 1.27882e-06 1.07098e-06 8.96153e-07 7.49251e-07 6.25926e-07 5.2249e-07 4.35811e-07 3.63239e-07 3.0253e-07 2.51786e-07 2.09406e-07 1.7404e-07 1.44549e-07 1.19976e-07 9.95163e-08 8.24932e-08 6.83396e-08 5.65799e-08 4.68158e-08 3.87141e-08 3.1996e-08 2.64289e-08 2.18183e-08 1.80022e-08 1.48457e-08 1.22362e-08 1.00802e-08 8.29994e-09 6.83067e-09 5.61874e-09 4.61963e-09 3.79638e-09 3.11839e-09 2.56032e-09 2.10117e-09 1.7236e-09 1.41327e-09 1.15831e-09 9.48952e-10 7.7711e-10
0.000349042 0.000511326 0.000657973 0.000784825 0.000889622 0.000971611 0.0010312 0.00106962 0.0010887 0.00109062 0.00107771 0.00105237 0.00101693 0.000973575 0.000924321 0.000870963 0.000815073 0.000757998 0.000700865 0.000644595 0.000589923 0.000537413 0.000487482 0.000440418 0.000396401 0.000355519 0.000317788 0.000283163 0.000251555 0.000222841 0.00019687 0.000173479 0.000152492 0.000133729 0.000117012 0.000102165 8.90181e-05 7.74096e-05 6.71872e-05 5.82081e-05 5.03404e-05 4.34623e-05 3.74626e-05 3.22402e-05 2.77036e-05 2.37702e-05 2.03662e-05 1.74256e-05 1.48897e-05 1.27063e-05 1.08294e-05 9.21853e-06 7.83797e-06 6.65649e-06 5.64677e-06 4.785e-06 4.05045e-06 3.42513e-06 2.89344e-06 2.44189e-06 2.05885e-06 1.73427e-06 1.45954e-06 1.22724e-06 1.03102e-06 8.65441e-07 7.25855e-07 6.08291e-07 5.09366e-07 4.26201e-07 3.56345e-07 2.97718e-07 2.48557e-07 2.07367e-07 1.72883e-07 1.44036e-07 1.19922e-07 9.97802e-08 8.29682e-08 6.89456e-08 5.72577e-08 4.75225e-08 3.94192e-08 3.26786e-08 2.70752e-08 2.242e-08 1.8555e-08 1.5348e-08 1.26885e-08 1.04844e-08 8.65869e-09 7.14731e-09 5.89682e-09 4.86274e-09 4.00807e-09 3.30206e-09 2.71915e-09 2.23811e-09 1.84135e-09 1.51425e-09 1.24471e-09
0.000269052 0.000409708 0.000541981 0.000661125 0.000764029 0.000848954 0.000915287 0.000963289 0.000993883 0.00100845 0.00100868 0.00099642 0.000973575 0.000942027 0.000903568 0.000859862 0.000812416 0.000762565 0.000711466 0.000660103 0.000609293 0.000559699 0.000511841 0.000466114 0.000422802 0.000382094 0.0003441 0.000308859 0.00027636 0.000246547 0.000219328 0.000194589 0.000172197 0.000152009 0.000133873 0.000117637 0.000103147 9.02545e-05 7.8817e-05 6.86976e-05 5.97673e-05 5.19058e-05 4.50014e-05 3.8951e-05 3.36604e-05 2.90436e-05 2.50226e-05 2.15273e-05 1.84943e-05 1.58671e-05 1.35952e-05 1.16338e-05 9.94297e-06 8.48767e-06 7.2369e-06 6.16343e-06 5.24337e-06 4.45585e-06 3.78263e-06 3.20783e-06 2.71767e-06 2.30017e-06 1.94495e-06 1.64307e-06 1.38679e-06 1.16945e-06 9.85316e-07 8.29476e-07 6.97708e-07 5.86399e-07 4.92459e-07 4.13248e-07 3.46516e-07 2.90345e-07 2.43103e-07 2.03403e-07 1.70068e-07 1.42099e-07 1.1865e-07 9.90057e-08 8.25606e-08 6.88036e-08 5.73034e-08 4.76964e-08 3.96763e-08 3.29854e-08 2.7407e-08 2.27592e-08 1.8889e-08 1.56684e-08 1.29899e-08 1.07636e-08 8.91428e-09 7.3789e-09 6.1049e-09 5.04836e-09 4.17264e-09 3.44718e-09 2.84651e-09 2.34941e-09 1.93824e-09
0.000207394 0.000327812 0.00044529 0.00055499 0.00065339 0.000738148 0.000807939 0.000862282 0.000901371 0.000925919 0.000937011 0.000935984 0.000924321 0.000903568 0.000875265 0.000840894 0.000801848 0.000759399 0.000714687 0.000668714 0.000622339 0.000576288 0.000531156 0.000487422 0.000445456 0.000405532 0.000367843 0.000332508 0.000299587 0.000269091 0.000240988 0.000215215 0.000191685 0.000170291 0.000150916 0.000133433 0.00011771 0.000103617 9.10226e-05 7.97999e-05 6.9827e-05 6.09877e-05 5.31725e-05 4.62792e-05 4.02127e-05 3.48853e-05 3.02167e-05 2.61336e-05 2.25693e-05 1.94636e-05 1.67623e-05 1.44167e-05 1.23834e-05 1.06235e-05 9.10255e-06 7.79013e-06 6.65924e-06 5.68613e-06 4.84991e-06 4.13225e-06 3.51712e-06 2.99053e-06 2.54027e-06 2.15571e-06 1.82765e-06 1.54808e-06 1.3101e-06 1.10773e-06 9.35813e-07 7.89912e-07 6.6621e-07 5.61427e-07 4.72752e-07 3.97776e-07 3.34437e-07 2.80976e-07 2.3589e-07 1.97897e-07 1.65908e-07 1.38994e-07 1.16368e-07 9.73615e-08 8.14064e-08 6.80228e-08 5.68042e-08 4.74067e-08 3.95402e-08 3.29596e-08 2.74582e-08 2.2862e-08 1.90245e-08 1.58225e-08 1.31522e-08 1.09268e-08 9.07315e-09 7.53009e-09 6.24628e-09 5.17876e-09 4.29158e-09 3.55466e-09 2.94287e-09
0.000159865 0.000261935 0.000364987 0.000464418 0.000556622 0.00063895 0.000709625 0.000767637 0.000812618 0.000844731 0.000864542 0.000872926 0.000870963 0.000859862 0.000840894 0.000815335 0.000784425 0.000749336 0.000711154 0.000670857 0.000629315 0.000587282 0.000545403 0.000504213 0.00046415 0.000425558 0.0003887 0.000353766 0.00032088 0.000290117 0.000261501 0.000235022 0.000210638 0.000188283 0.000167875 0.000149314 0.000132497 0.000117311 0.000103643 9.1378e-05 8.04042e-05 7.06128e-05 6.18991e-05 5.41639e-05 4.73136e-05 4.12609e-05 3.59244e-05 3.12293e-05 2.71068e-05 2.3494e-05 2.03337e-05 1.75742e-05 1.51689e-05 1.30757e-05 1.12571e-05 9.67951e-06 8.31301e-06 7.13109e-06 6.11026e-06 5.22977e-06 4.47132e-06 3.81883e-06 3.25821e-06 2.77711e-06 2.36472e-06 2.01165e-06 1.70969e-06 1.45173e-06 1.23159e-06 1.04392e-06 8.84091e-07 7.48105e-07 6.32518e-07 5.34361e-07 4.51081e-07 3.80488e-07 3.207e-07 2.70107e-07 2.27331e-07 1.91193e-07 1.60687e-07 1.34957e-07 1.1327e-07 9.50058e-08 7.96349e-08 6.67084e-08 5.58453e-08 4.67225e-08 3.90664e-08 3.26455e-08 2.7264e-08 2.27566e-08 1.89837e-08 1.58276e-08 1.3189e-08 1.09843e-08 9.1434e-09 7.60705e-09 6.32561e-09 5.2574e-09 4.3674e-09
0.000123229 0.000209035 0.000298516 0.000387499 0.000472517 0.000550837 0.00062044 0.000679967 0.000728643 0.000766195 0.000792764 0.000808819 0.000815073 0.000812416 0.000801848 0.000784425 0.000761215 0.000733265 0.000701572 0.000667065 0.000630591 0.000592907 0.000554678 0.000516476 0.000478785 0.000442002 0.000406447 0.000372368 0.00033995 0.000309321 0.000280561 0.000253708 0.000228766 0.000205709 0.00018449 0.000165044 0.000147292 0.000131145 0.000116508 0.000103283 9.13714e-05 8.06728e-05 7.10905e-05 6.25306e-05 5.49032e-05 4.8123e-05 4.21096e-05 3.67881e-05 3.20887e-05 2.79471e-05 2.43042e-05 2.11059e-05 1.83031e-05 1.5851e-05 1.37095e-05 1.18421e-05 1.02164e-05 8.80319e-06 7.57655e-06 6.51334e-06 5.59307e-06 4.79758e-06 4.11085e-06 3.51876e-06 3.00889e-06 2.57035e-06 2.1936e-06 1.8703e-06 1.59317e-06 1.35587e-06 1.1529e-06 9.79465e-07 8.31412e-07 7.05152e-07 5.97579e-07 5.06013e-07 4.28142e-07 3.61978e-07 3.05808e-07 2.58164e-07 2.17785e-07 1.83592e-07 1.54659e-07 1.30197e-07 1.0953e-07 9.20833e-08 7.73654e-08 6.49585e-08 5.45072e-08 4.57094e-08 3.83084e-08 3.20867e-08 2.68598e-08 2.24714e-08 1.87894e-08 1.57019e-08 1.31146e-08 1.09477e-08 9.13405e-09 7.61685e-09 6.34841e-09
9.49888e-05 0.000166625 0.000243661 0.000322455 0.000399822 0.000473105 0.000540202 0.000599554 0.00065011 0.000691274 0.000722847 0.000744957 0.000757998 0.000762565 0.000759399 0.000749336 0.000733265 0.000712088 0.000686695 0.000657941 0.000626625 0.000593484 0.000559181 0.000524303 0.000489359 0.000454784 0.000420942 0.000388127 0.000356574 0.000326458 0.000297908 0.000271008 0.000245805 0.000222313 0.00020052 0.000180394 0.000161883 0.000144924 0.000129444 0.000115361 0.000102592 9.1049e-05 8.06449e-05 7.12932e-05 6.29097e-05 5.54129e-05 4.87253e-05 4.27732e-05 3.74874e-05 3.28032e-05 2.86606e-05 2.50041e-05 2.17829e-05 1.89501e-05 1.64634e-05 1.42841e-05 1.23774e-05 1.07118e-05 9.25904e-06 7.99382e-06 6.8935e-06 5.93793e-06 5.10919e-06 4.39139e-06 3.77048e-06 3.23404e-06 2.77114e-06 2.37218e-06 2.02871e-06 1.73335e-06 1.47963e-06 1.26192e-06 1.0753e-06 9.15486e-07 7.7877e-07 6.61925e-07 5.62156e-07 4.77046e-07 4.04508e-07 3.42738e-07 2.90183e-07 2.45507e-07 2.07559e-07 1.75353e-07 1.48042e-07 1.24899e-07 1.05303e-07 8.87233e-08 7.47057e-08 6.28629e-08 5.28644e-08 4.44288e-08 3.73168e-08 3.13246e-08 2.62793e-08 2.20339e-08 1.84639e-08 1.54637e-08 1.29439e-08 1.08288e-08 9.05457e-09
7.32203e-05 0.000132675 0.000198515 0.000267666 0.000337301 0.000404946 0.000468534 0.000526424 0.000577397 0.000620635 0.000655678 0.00068238 0.000700865 0.000711466 0.000714687 0.000711154 0.000701572 0.000686695 0.000667293 0.000644128 0.000617936 0.000589411 0.000559195 0.000527871 0.000495959 0.000463914 0.000432128 0.000400931 0.000370596 0.00034134 0.000313333 0.0002867 0.000261527 0.000237866 0.00021574 0.000195147 0.000176067 0.00015846 0.000142275 0.000127453 0.000113924 0.000101616 9.0452e-05 8.03563e-05 7.12516e-05 6.30622e-05 5.57147e-05 4.91384e-05 4.32659e-05 3.80336e-05 3.33815e-05 2.92538e-05 2.55985e-05 2.23677e-05 1.95174e-05 1.7007e-05 1.48e-05 1.28627e-05 1.1165e-05 9.67951e-06 8.38164e-06 7.24934e-06 6.26289e-06 5.40467e-06 4.65901e-06 4.01197e-06 3.45123e-06 2.96586e-06 2.54623e-06 2.18387e-06 1.8713e-06 1.60199e-06 1.37019e-06 1.17089e-06 9.99716e-07 8.52837e-07 7.26931e-07 6.19105e-07 5.26851e-07 4.47991e-07 3.80641e-07 3.23171e-07 2.74175e-07 2.32437e-07 1.96911e-07 1.66698e-07 1.41024e-07 1.19222e-07 1.00724e-07 8.50399e-08 7.17518e-08 6.05017e-08 5.09838e-08 4.29368e-08 3.61381e-08 3.03978e-08 2.55544e-08 2.14704e-08 1.80288e-08 1.51305e-08 1.26912e-08
5.64405e-05 0.000105535 0.000161454 0.000221676 0.000283769 0.000345505 0.00040493 0.000460413 0.000510657 0.000554701 0.0005919 0.000621899 0.000644595 0.000660103 0.000668714 0.000670857 0.000667065 0.000657941 0.000644128 0.000626287 0.000605077 0.000581135 0.000555065 0.000527431 0.000498746 0.000469472 0.000440017 0.000410734 0.000381924 0.000353837 0.000326677 0.000300604 0.000275739 0.000252169 0.000229949 0.000209108 0.000189653 0.000171571 0.000154834 0.000139402 0.000125224 0.000112243 0.000100396 8.9618e-05 7.98399e-05 7.09939e-05 6.30123e-05 5.58288e-05 4.93791e-05 4.36018e-05 3.84381e-05 3.38327e-05 2.97337e-05 2.60926e-05 2.28644e-05 2.00076e-05 1.74838e-05 1.5258e-05 1.32984e-05 1.15759e-05 1.00641e-05 8.73923e-06 7.5799e-06 6.56687e-06 5.68288e-06 4.91253e-06 4.24209e-06 3.65934e-06 3.15343e-06 2.71476e-06 2.33484e-06 2.00617e-06 1.72216e-06 1.47701e-06 1.26562e-06 1.08353e-06 9.26849e-07 7.92153e-07 6.76473e-07 5.77217e-07 4.92134e-07 4.19265e-07 3.56911e-07 3.03603e-07 2.58066e-07 2.19201e-07 1.86056e-07 1.57812e-07 1.33764e-07 1.13303e-07 9.59088e-08 8.11317e-08 6.85873e-08 5.79459e-08 4.8925e-08 4.12832e-08 3.48141e-08 2.93413e-08 2.47144e-08 2.08051e-08 1.75043e-08
4.3506e-05 8.38658e-05 0.000131099 0.000183195 0.000238119 0.000293918 0.000348806 0.000401224 0.000449866 0.000493698 0.000531952 0.00056412 0.000589923 0.000609293 0.000622339 0.000629315 0.000630591 0.000626625 0.000617936 0.000605077 0.000588621 0.000569137 0.000547182 0.000523284 0.00049794 0.000471603 0.000444686 0.000417554 0.000390525 0.000363875 0.000337832 0.000312587 0.00028829 0.000265058 0.000242976 0.000222102 0.000202469 0.00018409 0.000166959 0.000151056 0.000136351 0.000122802 0.00011036 9.89719e-05 8.85802e-05 7.91252e-05 7.05462e-05 6.27826e-05 5.57746e-05 4.94639e-05 4.37943e-05 3.8712e-05 3.41658e-05 3.01076e-05 2.64922e-05 2.32773e-05 2.04238e-05 1.78957e-05 1.56597e-05 1.36853e-05 1.19447e-05 1.04127e-05 9.06621e-06 7.88459e-06 6.84912e-06 5.94297e-06 5.15106e-06 4.4599e-06 3.85744e-06 3.33295e-06 2.87689e-06 2.4808e-06 2.1372e-06 1.83945e-06 1.58173e-06 1.35889e-06 1.16642e-06 1.00034e-06 8.57174e-07 7.33888e-07 6.2782e-07 5.36652e-07 4.58361e-07 3.91189e-07 3.33608e-07 2.8429e-07 2.42086e-07 2.05999e-07 1.75167e-07 1.48846e-07 1.26394e-07 1.07256e-07 9.09562e-08 7.70832e-08 6.52843e-08 5.52567e-08 4.67403e-08 3.95125e-08 3.33822e-08 2.81864e-08 2.37855e-08
3.35358e-05 6.65861e-05 0.00010629 0.000151093 0.000199334 0.000249345 0.000299538 0.000348468 0.00039487 0.000437692 0.000476099 0.000509475 0.000537413 0.000559699 0.000576288 0.000587282 0.000592907 0.000593484 0.000589411 0.000581135 0.000569137 0.000553915 0.000535965 0.000515775 0.000493809 0.000470505 0.000446268 0.000421464 0.000396421 0.000371429 0.000346738 0.000322557 0.000299064 0.000276401 0.000254677 0.000233978 0.000214361 0.000195862 0.000178499 0.000162272 0.000147168 0.000133164 0.000120225 0.00010831 9.73749e-05 8.73686e-05 7.82389e-05 6.9932e-05 6.23936e-05 5.55699e-05 4.94079e-05 4.38565e-05 3.88662e-05 3.43898e-05 3.03827e-05 2.68029e-05 2.36108e-05 2.07697e-05 1.82455e-05 1.60068e-05 1.40245e-05 1.22722e-05 1.07256e-05 9.36256e-06 8.16314e-06 7.1092e-06 6.18437e-06 5.37394e-06 4.6647e-06 4.04481e-06 3.5037e-06 3.03192e-06 2.62108e-06 2.26373e-06 1.95325e-06 1.68379e-06 1.45019e-06 1.24788e-06 1.07287e-06 9.21604e-07 7.91004e-07 6.78352e-07 5.81273e-07 4.97692e-07 4.25797e-07 3.64008e-07 3.10952e-07 2.65432e-07 2.26412e-07 1.9299e-07 1.64386e-07 1.39925e-07 1.19023e-07 1.01176e-07 8.59482e-08 7.29652e-08 6.1904e-08 5.24868e-08 4.44747e-08 3.76628e-08 3.18751e-08
2.58504e-05 5.28219e-05 8.60527e-05 0.000124383 0.000166491 0.000210987 0.00025649 0.000301696 0.000345419 0.000386628 0.000424464 0.000458248 0.000487482 0.000511841 0.000531156 0.000545403 0.000554678 0.000559181 0.000559195 0.000555065 0.000547182 0.000535965 0.000521849 0.00050527 0.000486654 0.000466414 0.000444936 0.000422582 0.000399679 0.000376524 0.000353377 0.000330466 0.000307986 0.0002861 0.00026494 0.000244612 0.000225198 0.000206755 0.000189321 0.000172917 0.000157548 0.000143207 0.000129875 0.000117526 0.000106126 9.56347e-05 8.60099e-05 7.72052e-05 6.91729e-05 6.18645e-05 5.52314e-05 4.92257e-05 4.38007e-05 3.89111e-05 3.45134e-05 3.05663e-05 2.70307e-05 2.38697e-05 2.10488e-05 1.8536e-05 1.63014e-05 1.43176e-05 1.25594e-05 1.10034e-05 9.62855e-06 8.41556e-06 7.34691e-06 6.40673e-06 5.58072e-06 4.85597e-06 4.22089e-06 3.66507e-06 3.17924e-06 2.75508e-06 2.38519e-06 2.06301e-06 1.78268e-06 1.53904e-06 1.32751e-06 1.14404e-06 9.85087e-07 8.475e-07 7.28524e-07 6.25741e-07 5.3703e-07 4.60533e-07 3.94627e-07 3.37898e-07 2.89107e-07 2.47181e-07 2.11182e-07 1.80299e-07 1.53825e-07 1.31148e-07 1.11739e-07 9.51391e-08 8.09524e-08 6.8837e-08 5.84978e-08 4.96805e-08 4.21664e-08
1.99263e-05 4.18693e-05 6.95757e-05 0.000102215 0.000138767 0.000178098 0.000219037 0.000260432 0.000301199 0.000340358 0.00037706 0.000410599 0.000440418 0.000466114 0.000487422 0.000504213 0.000516476 0.000524303 0.000527871 0.000527431 0.000523284 0.000515775 0.00050527 0.00049215 0.000476799 0.000459596 0.000440903 0.000421067 0.000400408 0.000379222 0.000357775 0.000336304 0.000315017 0.000294092 0.00027368 0.000253907 0.000234871 0.000216652 0.000199305 0.000182871 0.000167371 0.000152816 0.000139201 0.000126515 0.000114735 0.000103833 9.37769e-05 8.45278e-05 7.60458e-05 6.82885e-05 6.12126e-05 5.47745e-05 4.89306e-05 4.36385e-05 3.88566e-05 3.4545e-05 3.06654e-05 2.71814e-05 2.40587e-05 2.1265e-05 1.87701e-05 1.65459e-05 1.45664e-05 1.28074e-05 1.12469e-05 9.86468e-06 8.64208e-06 7.56228e-06 6.60993e-06 5.77114e-06 5.03335e-06 4.38525e-06 3.81664e-06 3.31839e-06 2.88233e-06 2.50113e-06 2.16828e-06 1.87796e-06 1.62503e-06 1.4049e-06 1.21352e-06 1.0473e-06 9.03077e-07 7.78068e-07 6.69815e-07 5.76159e-07 4.95206e-07 4.25297e-07 3.64979e-07 3.1298e-07 2.68192e-07 2.29646e-07 1.965e-07 1.6802e-07 1.43569e-07 1.22592e-07 1.04611e-07 8.9208e-08 7.60238e-08 6.47467e-08 5.51079e-08
1.53598e-05 3.31626e-05 5.61827e-05 8.38598e-05 0.000115431 0.000149996 0.00018658 0.000224189 0.000261854 0.000298667 0.000333812 0.000366585 0.000396401 0.000422802 0.000445456 0.00046415 0.000478785 0.000489359 0.000495959 0.000498746 0.00049794 0.000493809 0.000486654 0.000476799 0.000464581 0.000450338 0.000434406 0.000417107 0.000398751 0.000379624 0.000359992 0.000340095 0.00032015 0.000300345 0.000280846 0.000261791 0.000243297 0.000225459 0.000208351 0.000192029 0.000176532 0.000161885 0.0001481 0.000135178 0.000123109 0.000111876 0.000101458 9.18242e-05 8.29435e-05 7.478e-05 6.72964e-05 6.04539e-05 5.42133e-05 4.85352e-05 4.33809e-05 3.87124e-05 3.44928e-05 3.06869e-05 2.72609e-05 2.41828e-05 2.14223e-05 1.89511e-05 1.67428e-05 1.47726e-05 1.30178e-05 1.14573e-05 1.00716e-05 8.84314e-06 7.75553e-06 6.794e-06 5.94511e-06 5.19666e-06 4.53762e-06 3.95806e-06 3.44901e-06 3.00244e-06 2.61115e-06 2.26867e-06 1.96927e-06 1.70781e-06 1.47972e-06 1.28096e-06 1.10794e-06 9.57468e-07 8.26738e-07 7.1327e-07 6.14878e-07 5.29637e-07 4.55857e-07 3.92053e-07 3.36925e-07 2.89334e-07 2.48284e-07 2.12905e-07 1.82438e-07 1.56223e-07 1.33682e-07 1.14317e-07 9.76927e-08 8.34312e-08 7.12058e-08
1.18398e-05 2.62476e-05 4.53139e-05 6.86934e-05 9.58398e-05 0.000126058 0.000158554 0.000192487 0.000227007 0.000261292 0.00029458 0.000326185 0.000355519 0.000382094 0.000405532 0.000425558 0.000442002 0.000454784 0.000463914 0.000469472 0.000471603 0.000470505 0.000466414 0.000459596 0.000450338 0.000438938 0.000425698 0.000410914 0.000394875 0.000377856 0.000360117 0.000341896 0.000323412 0.000304859 0.000286411 0.00026822 0.000250415 0.000233104 0.000216376 0.000200303 0.000184938 0.000170321 0.000156478 0.000143422 0.000131158 0.000119678 0.000108972 9.90194e-05 8.97966e-05 8.12755e-05 7.34252e-05 6.62125e-05 5.96029e-05 5.35609e-05 4.80511e-05 4.30381e-05 3.84871e-05 3.43645e-05 3.06374e-05 2.72747e-05 2.42464e-05 2.15245e-05 1.90822e-05 1.68946e-05 1.49385e-05 1.31921e-05 1.16356e-05 1.02503e-05 9.01934e-06 7.92702e-06 6.95913e-06 6.10266e-06 5.34581e-06 4.67786e-06 4.08912e-06 3.57084e-06 3.11515e-06 2.71494e-06 2.36389e-06 2.05629e-06 1.78707e-06 1.55169e-06 1.34611e-06 1.16676e-06 1.01043e-06 8.7431e-07 7.55903e-07 6.53001e-07 5.63657e-07 4.86155e-07 4.18986e-07 3.60823e-07 3.10502e-07 2.67003e-07 2.29432e-07 1.97008e-07 1.69047e-07 1.44955e-07 1.24212e-07 1.06367e-07 9.10252e-08
9.12648e-06 2.07604e-05 3.65065e-05 5.61872e-05 7.94336e-05 0.000105726 0.000134435 0.000164861 0.000196274 0.000227945 0.000259174 0.000289314 0.000317788 0.0003441 0.000367843 0.0003887 0.000406447 0.000420942 0.000432128 0.000440017 0.000444686 0.000446268 0.000444936 0.000440903 0.000434406 0.000425698 0.000415044 0.000402713 0.00038897 0.000374073 0.000358269 0.000341791 0.000324855 0.000307658 0.000290378 0.000273175 0.000256187 0.000239534 0.000223317 0.000207621 0.000192511 0.000178042 0.000164251 0.000151165 0.000138799 0.000127159 0.000116242 0.00010604 9.65366e-05 8.77114e-05 7.95406e-05 7.1997e-05 6.50513e-05 5.86726e-05 5.28292e-05 4.74889e-05 4.26195e-05 3.81893e-05 3.41673e-05 3.05232e-05 2.72282e-05 2.42543e-05 2.15754e-05 1.91664e-05 1.7004e-05 1.5066e-05 1.33321e-05 1.17832e-05 1.04017e-05 9.17141e-06 8.07727e-06 7.10564e-06 6.24398e-06 5.48087e-06 4.80592e-06 4.20971e-06 3.68372e-06 3.22022e-06 2.81229e-06 2.45367e-06 2.13877e-06 1.86256e-06 1.62055e-06 1.40872e-06 1.22351e-06 1.06174e-06 9.20583e-07 7.97528e-07 6.90358e-07 5.9711e-07 5.16051e-07 4.45649e-07 3.84559e-07 3.31594e-07 2.85713e-07 2.46002e-07 2.11658e-07 1.81981e-07 1.56357e-07 1.34249e-07 1.1519e-07
7.03497e-06 1.64096e-05 2.93797e-05 4.58938e-05 6.57261e-05 8.85045e-05 0.000113742 0.000140872 0.000169276 0.000198319 0.000227372 0.000255837 0.000283163 0.000308859 0.000332508 0.000353766 0.000372368 0.000388127 0.000400931 0.000410734 0.000417554 0.000421464 0.000422582 0.000421067 0.000417107 0.000410914 0.000402713 0.000392742 0.000381239 0.000368442 0.000354583 0.000339885 0.000324555 0.000308791 0.000292772 0.000276659 0.000260599 0.00024472 0.000229131 0.000213928 0.000199189 0.000184978 0.000171346 0.00015833 0.000145957 0.000134243 0.000123196 0.000112816 0.000103097 9.4025e-05 8.55841e-05 7.77533e-05 7.05091e-05 6.38255e-05 5.76749e-05 5.20289e-05 4.68584e-05 4.2134e-05 3.78268e-05 3.39082e-05 3.03504e-05 2.71266e-05 2.4211e-05 2.1579e-05 1.92071e-05 1.70735e-05 1.51574e-05 1.34395e-05 1.19015e-05 1.0527e-05 9.30016e-06 8.20688e-06 7.23396e-06 6.36933e-06 5.60198e-06 4.92185e-06 4.31981e-06 3.78754e-06 3.31754e-06 2.90301e-06 2.53784e-06 2.21651e-06 1.93407e-06 1.68609e-06 1.46859e-06 1.27802e-06 1.11122e-06 9.65378e-07 8.37976e-07 7.26793e-07 6.29854e-07 5.45413e-07 4.71925e-07 4.08026e-07 3.52514e-07 3.04328e-07 2.62537e-07 2.26323e-07 1.94966e-07 1.67836e-07 1.44383e-07
5.42277e-06 1.29627e-05 2.36202e-05 3.74366e-05 5.42981e-05 7.3954e-05 9.60406e-05 0.000120107 0.000145643 0.000172104 0.000198934 0.000225589 0.000251555 0.00027636 0.000299587 0.00032088 0.00033995 0.000356574 0.000370596 0.000381924 0.000390525 0.000396421 0.000399679 0.000400408 0.000398751 0.000394875 0.00038897 0.000381239 0.000371893 0.000361147 0.000349214 0.000336301 0.000322611 0.000308331 0.000293639 0.000278698 0.000263657 0.000248648 0.000233791 0.000219186 0.000204923 0.000191075 0.000177702 0.000164853 0.000152565 0.000140864 0.000129766 0.000119282 0.000109414 0.000100155 9.14982e-05 8.34279e-05 7.59267e-05 6.89739e-05 6.25468e-05 5.66207e-05 5.11701e-05 4.61686e-05 4.15897e-05 3.74067e-05 3.35936e-05 3.01246e-05 2.6975e-05 2.41206e-05 2.15387e-05 1.92074e-05 1.7106e-05 1.52149e-05 1.3516e-05 1.1992e-05 1.06271e-05 9.40653e-06 8.31655e-06 7.3446e-06 6.47908e-06 5.70938e-06 5.02579e-06 4.41945e-06 3.8823e-06 3.40703e-06 2.98701e-06 2.61625e-06 2.28935e-06 2.00144e-06 1.74814e-06 1.52553e-06 1.3301e-06 1.1587e-06 1.00854e-06 8.771e-07 7.62166e-07 6.61759e-07 5.74123e-07 4.97704e-07 4.31126e-07 3.73171e-07 3.22767e-07 2.78967e-07 2.40936e-07 2.07942e-07 1.79342e-07
4.18004e-06 1.02338e-05 1.89715e-05 3.04996e-05 4.47898e-05 6.16895e-05 8.09386e-05 0.000102189 0.000125027 0.000148993 0.000173605 0.000198379 0.000222841 0.000246547 0.000269091 0.000290117 0.000309321 0.000326458 0.00034134 0.000353837 0.000363875 0.000371429 0.000376524 0.000379222 0.000379624 0.000377856 0.000374073 0.000368442 0.000361147 0.000352376 0.000342323 0.000331179 0.000319132 0.000306363 0.000293043 0.000279334 0.000265383 0.000251328 0.000237289 0.000223375 0.000209682 0.000196292 0.000183273 0.000170682 0.000158567 0.000146961 0.000135893 0.000125378 0.000115428 0.000106045 9.72278e-05 8.89681e-05 8.12546e-05 7.4072e-05 6.74023e-05 6.12255e-05 5.55196e-05 5.02617e-05 4.54279e-05 4.09941e-05 3.6936e-05 3.32295e-05 2.98512e-05 2.67779e-05 2.39874e-05 2.14584e-05 1.91703e-05 1.71039e-05 1.52407e-05 1.35635e-05 1.20562e-05 1.07035e-05 9.49148e-06 8.40705e-06 7.43814e-06 6.57365e-06 5.80337e-06 5.11792e-06 4.50875e-06 3.96804e-06 3.48869e-06 3.06424e-06 2.68883e-06 2.35719e-06 2.06454e-06 1.80657e-06 1.57942e-06 1.37962e-06 1.20405e-06 1.04993e-06 9.14769e-07 7.96355e-07 6.92708e-07 6.02072e-07 5.22886e-07 4.53765e-07 3.93482e-07 3.40953e-07 2.9522e-07 2.55436e-07 2.20856e-07
3.2221e-06 8.07494e-06 1.52238e-05 2.48184e-05 3.68937e-05 5.13748e-05 6.80871e-05 8.67708e-05 0.000107098 0.000128688 0.000151132 0.000174001 0.00019687 0.000219328 0.000240988 0.000261501 0.000280561 0.000297908 0.000313333 0.000326677 0.000337832 0.000346738 0.000353377 0.000357775 0.000359992 0.000360117 0.000358269 0.000354583 0.000349214 0.000342323 0.000334083 0.000324666 0.000314246 0.000302991 0.000291067 0.000278628 0.00026582 0.000252781 0.000239633 0.000226488 0.000213448 0.0002006 0.00018802 0.000175774 0.000163914 0.000152485 0.000141521 0.000131049 0.000121085 0.00011164 0.00010272 9.43236e-05 8.64447e-05 7.90742e-05 7.21992e-05 6.5804e-05 5.98709e-05 5.43803e-05 4.93118e-05 4.46436e-05 4.0354e-05 3.64207e-05 3.28217e-05 2.95352e-05 2.65399e-05 2.38152e-05 2.13412e-05 1.90988e-05 1.70697e-05 1.52369e-05 1.35839e-05 1.20955e-05 1.07573e-05 9.55603e-06 8.47918e-06 7.51523e-06 6.65355e-06 5.88432e-06 5.19852e-06 4.58789e-06 4.04487e-06 3.56256e-06 3.13468e-06 2.75554e-06 2.41997e-06 2.12329e-06 1.86128e-06 1.63015e-06 1.42646e-06 1.24714e-06 1.08943e-06 9.5087e-07 8.29249e-07 7.22599e-07 6.29163e-07 5.47379e-07 4.75859e-07 4.13369e-07 3.58817e-07 3.11234e-07 2.69766e-07
2.4837e-06 6.36807e-06 1.22057e-05 2.01725e-05 3.03484e-05 4.27182e-05 5.71769e-05 7.35391e-05 9.15517e-05 0.000110908 0.000131262 0.000152245 0.000173479 0.000194589 0.000215215 0.000235022 0.000253708 0.000271008 0.0002867 0.000300604 0.000312587 0.000322557 0.000330466 0.000336304 0.000340095 0.000341896 0.000341791 0.000339885 0.000336301 0.000331179 0.000324666 0.000316915 0.000308084 0.000298328 0.000287802 0.000276653 0.000265023 0.000253046 0.000240845 0.000228535 0.000216218 0.000203986 0.000191922 0.000180096 0.00016857 0.000157393 0.000146608 0.000136247 0.000126336 0.000116892 0.000107927 9.94466e-05 9.14511e-05 8.39368e-05 7.68957e-05 7.03171e-05 6.41875e-05 5.84911e-05 5.32107e-05 4.83277e-05 4.38228e-05 3.96758e-05 3.58667e-05 3.23752e-05 2.91813e-05 2.62652e-05 2.36078e-05 2.11905e-05 1.89956e-05 1.70061e-05 1.52056e-05 1.35789e-05 1.21115e-05 1.07899e-05 9.60123e-06 8.5338e-06 7.57656e-06 6.71931e-06 5.95265e-06 5.2679e-06 4.65709e-06 4.11293e-06 3.62872e-06 3.19839e-06 2.81637e-06 2.47765e-06 2.17764e-06 1.91221e-06 1.67763e-06 1.47053e-06 1.28787e-06 1.12695e-06 9.85307e-07 8.60756e-07 7.5134e-07 6.55309e-07 5.71103e-07 4.97333e-07 4.32761e-07 3.76291e-07 3.26948e-07
1.91451e-06 5.01944e-06 9.77784e-06 1.63784e-05 2.49318e-05 3.54674e-05 4.79355e-05 6.22123e-05 7.81094e-05 9.53841e-05 0.000113752 0.000132898 0.000152492 0.000172197 0.000191685 0.000210638 0.000228766 0.000245805 0.000261527 0.000275739 0.00028829 0.000299064 0.000307986 0.000315017 0.00032015 0.000323412 0.000324855 0.000324555 0.000322611 0.000319132 0.000314246 0.000308084 0.000300787 0.000292495 0.000283352 0.000273495 0.00026306 0.000252175 0.000240963 0.000229536 0.000218 0.000206448 0.000194967 0.000183631 0.000172507 0.000161652 0.000151114 0.000140932 0.000131138 0.000121756 0.000112804 0.000104293 9.62304e-05 8.86175e-05 8.14516e-05 7.47266e-05 6.84334e-05 6.25603e-05 5.70935e-05 5.20177e-05 4.73162e-05 4.29714e-05 3.89653e-05 3.52794e-05 3.1895e-05 2.87938e-05 2.59576e-05 2.33686e-05 2.10095e-05 1.88637e-05 1.69152e-05 1.51489e-05 1.35503e-05 1.21057e-05 1.08024e-05 9.62814e-06 8.57179e-06 7.62282e-06 6.77151e-06 6.00881e-06 5.3264e-06 4.71662e-06 4.17241e-06 3.68731e-06 3.25543e-06 2.87137e-06 2.53023e-06 2.22755e-06 1.9593e-06 1.7218e-06 1.51176e-06 1.32619e-06 1.16241e-06 1.018e-06 8.90796e-07 7.78854e-07 6.80435e-07 5.93985e-07 5.18117e-07 4.51595e-07 3.93318e-07
