0.510399 0.00375281 0.00323067 0.00278118 0.00239423 0.00206111 0.00177434 0.00152747 0.00131495 0.001132 0.000974498 0.000838913 0.000722192 0.000621711 0.000535211 0.000460745 0.00039664 0.000341454 0.000293947 0.000253049 0.000217841 0.000187532 0.000161441 0.000138979 0.000119642 0.000102996 8.86658e-05 7.63295e-05 6.57095e-05 5.65671e-05 4.86968e-05 4.19214e-05 3.60888e-05 3.10676e-05 2.67451e-05 2.3024e-05 1.98206e-05 1.70629e-05 1.46889e-05 1.26451e-05 1.08858e-05 9.37122e-06 8.06737e-06 6.94493e-06 5.97866e-06 5.14683e-06 4.43073e-06 3.81427e-06 3.28358e-06 2.82673e-06 2.43343e-06 2.09486e-06 1.8034e-06 1.55249e-06 1.33648e-06 1.15053e-06 9.90457e-07 8.52651e-07 7.34019e-07 6.31893e-07 5.43976e-07 4.6829e-07 4.03136e-07 3.47046e-07 2.98761e-07 2.57193e-07 2.21409e-07 1.90604e-07 1.64084e-07 1.41255e-07 1.21602e-07 1.04683e-07 9.01179e-08 7.75795e-08 6.67856e-08 5.74935e-08 4.94943e-08 4.2608e-08 3.66798e-08 3.15764e-08 2.71831e-08 2.3401e-08 2.01452e-08 1.73423e-08 1.49294e-08 1.28522e-08 1.10641e-08 9.52468e-09 8.19948e-09 7.05866e-09 6.07657e-09 5.23112e-09 4.50329e-09 3.87674e-09 3.33735e-09 2.87302e-09 2.47329e-09 2.12917e-09 1.83293e-09 1.57791e-09 1.35837e-09
0.00375281 0.00150151 0.00134573 0.00120423 0.00107606 0.000960245 0.000855825 0.000761873 0.000677497 0.000601852 0.000534142 0.000473622 0.000419603 0.000371448 0.000328569 0.000290432 0.000256547 0.000226468 0.000199794 0.000176157 0.000155231 0.000136717 0.000120351 0.000105892 9.31262e-05 8.18632e-05 7.19316e-05 6.31788e-05 5.54693e-05 4.8682e-05 4.27096e-05 3.74567e-05 3.28388e-05 2.87808e-05 2.52163e-05 2.20865e-05 1.93396e-05 1.69294e-05 1.48155e-05 1.29622e-05 1.13377e-05 9.91441e-06 8.66767e-06 7.57593e-06 6.62019e-06 5.78375e-06 5.05191e-06 4.41176e-06 3.85194e-06 3.3625e-06 2.93468e-06 2.56082e-06 2.23419e-06 1.94887e-06 1.6997e-06 1.48214e-06 1.29221e-06 1.12645e-06 9.81792e-07 8.55585e-07 7.45491e-07 6.4947e-07 5.65738e-07 4.92732e-07 4.29091e-07 3.7362e-07 3.25278e-07 2.83156e-07 2.46458e-07 2.14491e-07 1.86648e-07 1.62401e-07 1.41288e-07 1.22906e-07 1.06904e-07 9.29755e-08 8.08536e-08 7.03049e-08 6.11264e-08 5.3141e-08 4.61944e-08 4.01521e-08 3.48969e-08 3.03268e-08 2.63529e-08 2.28977e-08 1.98939e-08 1.72826e-08 1.50129e-08 1.30402e-08 1.13258e-08 9.83604e-09 8.54158e-09 7.41692e-09 6.43987e-09 5.59112e-09 4.85389e-09 4.21357e-09 3.65747e-09 3.17454e-09 2.7552e-09
0.00323067 0.00134573 0.00122549 0.00111342 0.00100945 0.000913421 0.000825051 0.000744002 0.000669891 0.000602306 0.000540824 0.000485018 0.000434466 0.000388761 0.000347508 0.000310334 0.000276884 0.000246827 0.000219853 0.000195676 0.000174029 0.000154669 0.000137371 0.00012193 0.000108158 9.58866e-05 8.496e-05 7.52384e-05 6.65951e-05 5.89157e-05 5.20973e-05 4.60471e-05 4.06817e-05 3.59263e-05 3.17139e-05 2.79845e-05 2.46842e-05 2.17652e-05 1.91846e-05 1.69042e-05 1.48899e-05 1.31114e-05 1.15418e-05 1.0157e-05 8.93573e-06 7.85908e-06 6.91024e-06 6.07433e-06 5.33814e-06 4.68999e-06 4.11951e-06 3.61756e-06 3.17603e-06 2.78775e-06 2.4464e-06 2.14638e-06 1.88275e-06 1.65117e-06 1.44778e-06 1.26919e-06 1.11242e-06 9.74829e-07 8.54101e-07 7.48191e-07 6.55299e-07 5.73842e-07 5.02426e-07 4.39826e-07 3.84964e-07 3.36892e-07 2.94777e-07 2.57889e-07 2.25583e-07 1.97296e-07 1.72531e-07 1.50854e-07 1.31882e-07 1.15281e-07 1.00756e-07 8.80504e-08 7.69369e-08 6.72178e-08 5.87193e-08 5.12891e-08 4.47938e-08 3.91166e-08 3.4155e-08 2.98194e-08 2.60314e-08 2.2722e-08 1.98313e-08 1.73065e-08 1.51016e-08 1.31763e-08 1.14953e-08 1.00278e-08 8.74677e-09 7.62867e-09 6.65288e-09 5.80137e-09 5.05838e-09
0.00278118 0.00120423 0.00111342 0.00102616 0.000943006 0.000864332 0.000790338 0.000721106 0.000656623 0.000596804 0.00054151 0.00049056 0.000443749 0.000400852 0.000361635 0.000325861 0.000293291 0.000263693 0.000236842 0.000212522 0.000190526 0.000170659 0.000152739 0.000136593 0.000122064 0.000109003 9.72727e-05 8.67488e-05 7.73154e-05 6.88667e-05 6.13061e-05 5.45455e-05 4.85048e-05 4.3111e-05 3.82983e-05 3.40067e-05 3.01822e-05 2.67761e-05 2.37442e-05 2.10469e-05 1.86486e-05 1.65172e-05 1.46239e-05 1.29429e-05 1.14511e-05 1.01278e-05 8.9545e-06 7.91453e-06 6.99316e-06 6.17716e-06 5.45476e-06 4.81545e-06 4.24987e-06 3.74969e-06 3.3075e-06 2.91669e-06 2.57141e-06 2.26644e-06 1.99716e-06 1.75945e-06 1.54968e-06 1.36461e-06 1.20138e-06 1.05745e-06 9.30563e-07 8.18733e-07 7.20197e-07 6.33395e-07 5.56947e-07 4.89634e-07 4.30376e-07 3.7822e-07 3.32326e-07 2.9195e-07 2.56436e-07 2.25204e-07 1.97743e-07 1.73602e-07 1.52384e-07 1.33739e-07 1.17357e-07 1.02967e-07 9.03271e-08 7.92277e-08 6.94822e-08 6.0927e-08 5.34178e-08 4.68278e-08 4.10452e-08 3.59721e-08 3.15219e-08 2.76187e-08 2.41958e-08 2.11946e-08 1.85633e-08 1.62568e-08 1.42352e-08 1.24636e-08 1.09112e-08 9.55109e-09 8.3596e-09
0.00239423 0.00107606 0.00100945 0.000943006 0.00087766 0.00081412 0.000752913 0.00069441 0.000638864 0.000586425 0.000537165 0.000491093 0.00044817 0.000408319 0.000371435 0.000337394 0.000306056 0.000277276 0.0002509 0.000226776 0.000204752 0.000184679 0.000166414 0.000149818 0.00013476 0.000121115 0.000108765 9.76006e-05 8.75187e-05 7.84239e-05 7.02274e-05 6.28474e-05 5.62084e-05 5.02411e-05 4.48818e-05 4.00722e-05 3.57591e-05 3.1894e-05 2.84326e-05 2.53348e-05 2.25642e-05 2.00876e-05 1.7875e-05 1.58996e-05 1.41367e-05 1.25643e-05 1.11626e-05 9.91351e-06 8.80105e-06 7.81069e-06 6.9294e-06 6.1455e-06 5.44852e-06 4.82906e-06 4.27872e-06 3.78996e-06 3.35605e-06 2.97097e-06 2.62935e-06 2.32637e-06 2.05776e-06 1.8197e-06 1.60876e-06 1.42193e-06 1.25649e-06 1.11003e-06 9.80417e-07 8.65742e-07 7.6431e-07 6.74615e-07 5.95319e-07 5.25233e-07 4.63304e-07 4.08594e-07 3.60274e-07 3.17606e-07 2.79939e-07 2.46692e-07 2.17355e-07 1.91472e-07 1.68641e-07 1.48507e-07 1.30755e-07 1.15105e-07 1.01312e-07 8.91571e-08 7.84482e-08 6.90147e-08 6.07063e-08 5.339e-08 4.69485e-08 4.12782e-08 3.62874e-08 3.18956e-08 2.80314e-08 2.46319e-08 2.16418e-08 1.90122e-08 1.66998e-08 1.46668e-08 1.28797e-08
0.00206111 0.000960245 0.000913421 0.000864332 0.00081412 0.000763698 0.000713789 0.000664955 0.000617624 0.000572114 0.00052865 0.000487379 0.000448392 0.000411724 0.000377375 0.000345312 0.000315479 0.0002878 0.000262188 0.000238545 0.000216769 0.000196752 0.000178388 0.00016157 0.000146193 0.000132155 0.000119358 0.000107707 9.71144e-05 8.74948e-05 7.87688e-05 7.08621e-05 6.37049e-05 5.72326e-05 5.13849e-05 4.61063e-05 4.13454e-05 3.70549e-05 3.31912e-05 2.97145e-05 2.65883e-05 2.3779e-05 2.12563e-05 1.89923e-05 1.69617e-05 1.51415e-05 1.35109e-05 1.20509e-05 1.07443e-05 9.57556e-06 8.53072e-06 7.59706e-06 6.76314e-06 6.01863e-06 5.35424e-06 4.7616e-06 4.23316e-06 3.76218e-06 3.34255e-06 2.96883e-06 2.63611e-06 2.34e-06 2.07656e-06 1.84227e-06 1.63397e-06 1.44883e-06 1.28434e-06 1.13824e-06 1.00851e-06 8.9334e-07 7.91137e-07 7.00462e-07 6.20038e-07 5.48724e-07 4.85505e-07 4.29477e-07 3.79834e-07 3.35859e-07 2.96915e-07 2.62433e-07 2.3191e-07 2.04898e-07 1.80997e-07 1.59855e-07 1.41156e-07 1.24622e-07 1.10005e-07 9.70856e-08 8.56687e-08 7.55816e-08 6.66712e-08 5.88015e-08 5.18525e-08 4.57174e-08 4.03019e-08 3.55224e-08 3.1305e-08 2.75842e-08 2.43021e-08 2.14074e-08 1.88548e-08
0.00177434 0.000855825 0.000825051 0.000790338 0.000752913 0.000713789 0.000673796 0.00063361 0.000593768 0.000554698 0.000516729 0.00048011 0.000445024 0.000411595 0.000379903 0.000349987 0.000321858 0.000295503 0.000270886 0.000247959 0.000226662 0.000206927 0.00018868 0.000171842 0.000156335 0.000142079 0.000128994 0.000117003 0.000106031 9.60041e-05 8.68533e-05 7.85123e-05 7.09181e-05 6.40114e-05 5.77366e-05 5.20415e-05 4.68775e-05 4.21992e-05 3.79647e-05 3.4135e-05 3.06741e-05 2.7549e-05 2.47291e-05 2.21864e-05 1.98952e-05 1.78319e-05 1.59751e-05 1.43051e-05 1.2804e-05 1.14554e-05 1.02446e-05 9.15806e-06 8.18348e-06 7.30977e-06 6.52688e-06 5.8257e-06 5.19798e-06 4.63627e-06 4.13386e-06 3.68465e-06 3.28319e-06 2.92454e-06 2.60426e-06 2.31835e-06 2.06321e-06 1.83562e-06 1.63267e-06 1.45175e-06 1.29053e-06 1.1469e-06 1.01899e-06 9.0512e-07 8.03768e-07 7.13589e-07 6.33375e-07 5.62044e-07 4.9863e-07 4.4227e-07 3.92193e-07 3.47708e-07 3.08203e-07 2.73128e-07 2.41995e-07 2.14366e-07 1.89853e-07 1.6811e-07 1.48828e-07 1.31733e-07 1.16579e-07 1.03149e-07 9.12499e-08 8.07089e-08 7.13728e-08 6.31058e-08 5.57868e-08 4.93083e-08 4.35749e-08 3.85018e-08 3.40139e-08 3.00444e-08 2.65339e-08
0.00152747 0.000761873 0.000744002 0.000721106 0.00069441 0.000664955 0.00063361 0.000601102 0.000568032 0.000534891 0.000502076 0.000469904 0.000438623 0.000408422 0.00037944 0.000351776 0.000325492 0.000300624 0.000277183 0.000255162 0.000234537 0.000215273 0.000197327 0.000180648 0.00016518 0.000150864 0.000137638 0.000125442 0.000114214 0.000103892 9.44182e-05 8.57335e-05 7.7783e-05 7.05133e-05 6.38741e-05 5.78172e-05 5.22975e-05 4.72723e-05 4.27017e-05 3.85483e-05 3.47775e-05 3.13567e-05 2.82562e-05 2.54479e-05 2.29063e-05 2.06077e-05 1.85303e-05 1.66541e-05 1.49606e-05 1.34331e-05 1.2056e-05 1.08153e-05 9.69814e-06 8.6927e-06 7.78832e-06 6.97525e-06 6.24463e-06 5.58843e-06 4.99933e-06 4.47071e-06 3.99658e-06 3.5715e-06 3.19056e-06 2.84932e-06 2.54375e-06 2.27023e-06 2.0255e-06 1.80661e-06 1.6109e-06 1.43597e-06 1.27968e-06 1.14008e-06 1.01543e-06 9.04172e-07 8.04891e-07 7.16328e-07 6.37348e-07 5.66937e-07 5.04182e-07 4.48266e-07 3.98458e-07 3.54104e-07 3.14615e-07 2.79468e-07 2.48193e-07 2.20371e-07 1.95627e-07 1.73625e-07 1.54066e-07 1.36683e-07 1.21237e-07 1.07516e-07 9.53295e-08 8.45083e-08 7.49017e-08 6.6375e-08 5.88084e-08 5.20951e-08 4.61401e-08 4.08589e-08 3.6176e-08
0.00131495 0.000677497 0.000669891 0.000656623 0.000638864 0.000617624 0.000593768 0.000568032 0.000541038 0.00051331 0.000485283 0.000457313 0.000429693 0.000402655 0.000376384 0.000351021 0.00032667 0.000303406 0.000281276 0.000260308 0.00024051 0.000221876 0.000204389 0.000188022 0.00017274 0.000158505 0.000145272 0.000132995 0.000121626 0.000111116 0.000101414 9.24736e-05 8.42456e-05 7.66838e-05 6.97432e-05 6.33803e-05 5.75539e-05 5.22246e-05 4.73551e-05 4.29101e-05 3.88566e-05 3.51634e-05 3.18016e-05 2.87438e-05 2.5965e-05 2.34415e-05 2.11517e-05 1.90755e-05 1.71941e-05 1.54906e-05 1.3949e-05 1.25548e-05 1.12948e-05 1.01567e-05 9.12927e-06 8.20225e-06 7.3663e-06 6.61287e-06 5.93414e-06 5.32301e-06 4.77302e-06 4.27827e-06 3.83343e-06 3.43363e-06 3.07446e-06 2.75193e-06 2.46243e-06 2.20267e-06 1.96969e-06 1.7608e-06 1.57359e-06 1.40587e-06 1.25566e-06 1.12117e-06 1.00081e-06 8.93127e-07 7.96813e-07 7.10697e-07 6.33724e-07 5.64943e-07 5.035e-07 4.4863e-07 3.99643e-07 3.5592e-07 3.16906e-07 2.82104e-07 2.51068e-07 2.23396e-07 1.98731e-07 1.76751e-07 1.57169e-07 1.39727e-07 1.24195e-07 1.10368e-07 9.80605e-08 8.71085e-08 7.73648e-08 6.86979e-08 6.09906e-08 5.4138e-08 4.80467e-08
0.001132 0.000601852 0.000602306 0.000596804 0.000586425 0.000572114 0.000554698 0.000534891 0.00051331 0.000490485 0.000466864 0.000442825 0.000418685 0.000394707 0.000371103 0.000348047 0.000325672 0.000304085 0.000283362 0.000263559 0.000244709 0.000226833 0.000209935 0.000194011 0.000179045 0.000165015 0.000151893 0.000139648 0.000128243 0.000117642 0.000107805 9.86916e-05 9.02624e-05 8.24776e-05 7.52977e-05 6.86847e-05 6.26014e-05 5.7012e-05 5.18823e-05 4.71797e-05 4.2873e-05 3.89328e-05 3.53314e-05 3.20426e-05 2.9042e-05 2.63065e-05 2.38148e-05 2.15469e-05 1.94843e-05 1.76097e-05 1.59072e-05 1.43621e-05 1.29606e-05 1.16904e-05 1.05397e-05 9.49793e-06 8.55537e-06 7.70302e-06 6.93266e-06 6.23678e-06 5.6085e-06 5.04153e-06 4.53013e-06 4.06909e-06 3.65363e-06 3.27941e-06 2.94249e-06 2.63927e-06 2.36651e-06 2.12123e-06 1.90077e-06 1.70268e-06 1.52476e-06 1.36501e-06 1.22164e-06 1.09301e-06 9.77643e-07 8.74206e-07 7.81497e-07 6.98431e-07 6.24027e-07 5.57404e-07 4.97765e-07 4.44396e-07 3.9665e-07 3.53947e-07 3.15766e-07 2.81637e-07 2.51139e-07 2.23892e-07 1.99556e-07 1.77827e-07 1.58428e-07 1.41116e-07 1.25669e-07 1.1189e-07 9.96009e-08 8.86438e-08 7.88765e-08 7.01717e-08 6.24155e-08
0.000974498 0.000534142 0.000540824 0.00054151 0.000537165 0.00052865 0.000516729 0.000502076 0.000485283 0.000466864 0.000447265 0.00042687 0.000406006 0.000384951 0.000363937 0.000343155 0.000322765 0.000302892 0.000283637 0.000265077 0.000247269 0.000230251 0.00021405 0.000198677 0.000184135 0.000170418 0.000157512 0.000145399 0.000134055 0.000123453 0.000113564 0.000104357 9.57994e-05 8.78579e-05 8.04996e-05 7.36914e-05 6.74007e-05 6.15957e-05 5.62456e-05 5.13204e-05 4.67915e-05 4.26314e-05 3.8814e-05 3.53145e-05 3.21095e-05 2.91768e-05 2.64957e-05 2.40465e-05 2.1811e-05 1.97722e-05 1.79142e-05 1.6222e-05 1.46821e-05 1.32817e-05 1.20089e-05 1.08529e-05 9.80357e-06 8.85165e-06 7.98861e-06 7.20659e-06 6.49836e-06 5.8573e-06 5.27734e-06 4.75293e-06 4.27897e-06 3.85081e-06 3.46421e-06 3.1153e-06 2.80053e-06 2.51669e-06 2.26084e-06 2.03033e-06 1.82273e-06 1.63582e-06 1.46762e-06 1.31631e-06 1.18024e-06 1.05793e-06 9.4801e-07 8.49269e-07 7.60599e-07 6.80999e-07 6.09564e-07 5.45476e-07 4.87999e-07 4.36466e-07 3.90275e-07 3.48886e-07 3.1181e-07 2.78607e-07 2.4888e-07 2.22274e-07 1.98466e-07 1.77168e-07 1.5812e-07 1.4109e-07 1.25866e-07 1.12261e-07 1.00106e-07 8.92485e-08 7.95523e-08
0.000838913 0.000473622 0.000485018 0.00049056 0.000491093 0.000487379 0.00048011 0.000469904 0.000457313 0.000442825 0.00042687 0.000409824 0.000392016 0.000373725 0.000355195 0.000336629 0.000318199 0.000300048 0.000282293 0.000265028 0.000248325 0.000232243 0.000216821 0.000202089 0.000188062 0.00017475 0.000162151 0.000150259 0.000139061 0.00012854 0.000118678 0.00010945 0.000100831 9.27966e-05 8.53181e-05 7.83681e-05 7.19188e-05 6.59424e-05 6.04116e-05 5.52996e-05 5.05803e-05 4.62286e-05 4.22202e-05 3.85319e-05 3.51415e-05 3.2028e-05 2.91715e-05 2.6553e-05 2.41548e-05 2.19602e-05 1.99534e-05 1.81198e-05 1.64458e-05 1.49185e-05 1.3526e-05 1.22573e-05 1.11021e-05 1.0051e-05 9.09514e-06 8.22643e-06 7.43737e-06 6.72107e-06 6.07117e-06 5.48183e-06 4.94768e-06 4.46381e-06 4.02569e-06 3.62918e-06 3.27051e-06 2.94621e-06 2.65312e-06 2.38834e-06 2.14925e-06 1.93345e-06 1.73873e-06 1.56312e-06 1.4048e-06 1.26212e-06 1.13359e-06 1.01784e-06 9.13634e-07 8.19861e-07 7.35504e-07 6.59641e-07 5.9144e-07 5.30147e-07 4.7508e-07 4.25621e-07 3.81213e-07 3.41352e-07 3.05583e-07 2.73495e-07 2.44717e-07 2.18915e-07 1.95788e-07 1.75064e-07 1.56498e-07 1.3987e-07 1.24981e-07 1.11652e-07 9.9724e-08
0.000722192 0.000419603 0.000434466 0.000443749 0.00044817 0.000448392 0.000445024 0.000438623 0.000429693 0.000418685 0.000406006 0.000392016 0.000377031 0.000361332 0.000345161 0.000328727 0.000312211 0.000295764 0.000279515 0.000263571 0.000248017 0.000232924 0.000218345 0.000204323 0.000190887 0.000178055 0.000165841 0.000154247 0.000143271 0.000132905 0.000123139 0.000113957 0.000105342 9.7273e-05 8.97297e-05 8.26892e-05 7.61285e-05 7.0024e-05 6.4352e-05 5.90888e-05 5.42114e-05 4.96969e-05 4.55233e-05 4.1669e-05 3.81135e-05 3.4837e-05 3.18206e-05 2.90461e-05 2.64967e-05 2.41559e-05 2.20087e-05 2.00405e-05 1.82379e-05 1.65883e-05 1.50796e-05 1.37009e-05 1.24419e-05 1.12929e-05 1.0245e-05 9.28986e-06 8.41985e-06 7.62784e-06 6.90726e-06 6.25202e-06 5.65653e-06 5.11562e-06 4.62456e-06 4.17897e-06 3.77484e-06 3.40848e-06 3.07653e-06 2.77589e-06 2.50373e-06 2.25745e-06 2.0347e-06 1.8333e-06 1.65129e-06 1.48686e-06 1.33838e-06 1.20434e-06 1.0834e-06 9.74302e-07 8.7593e-07 7.8726e-07 7.07362e-07 6.35393e-07 5.70588e-07 5.12252e-07 4.59756e-07 4.12531e-07 3.7006e-07 3.31877e-07 2.97558e-07 2.66722e-07 2.39022e-07 2.14148e-07 1.91817e-07 1.71775e-07 1.53791e-07 1.37659e-07 1.23191e-07
0.000621711 0.000371448 0.000388761 0.000400852 0.000408319 0.000411724 0.000411595 0.000408422 0.000402655 0.000394707 0.000384951 0.000373725 0.000361332 0.000348041 0.00033409 0.000319689 0.000305019 0.000290237 0.00027548 0.000260862 0.000246479 0.00023241 0.00021872 0.000205461 0.000192674 0.000180386 0.000168621 0.000157391 0.000146703 0.000136557 0.00012695 0.000117875 0.000109321 0.000101273 9.37173e-05 8.6635e-05 8.00082e-05 7.38174e-05 6.80426e-05 6.26636e-05 5.76602e-05 5.30121e-05 4.86995e-05 4.47029e-05 4.10033e-05 3.75824e-05 3.44225e-05 3.15066e-05 2.88185e-05 2.63426e-05 2.40643e-05 2.19695e-05 2.00451e-05 1.82787e-05 1.66585e-05 1.51736e-05 1.38136e-05 1.25689e-05 1.14305e-05 1.03901e-05 9.43973e-06 8.57224e-06 7.78085e-06 7.05931e-06 6.40185e-06 5.80309e-06 5.2581e-06 4.76231e-06 4.31152e-06 3.90184e-06 3.5297e-06 3.19184e-06 2.88524e-06 2.60713e-06 2.35498e-06 2.12646e-06 1.91945e-06 1.73201e-06 1.56234e-06 1.40884e-06 1.27e-06 1.14449e-06 1.03106e-06 9.28589e-07 8.36051e-07 7.52512e-07 6.77124e-07 6.09115e-07 5.47783e-07 4.9249e-07 4.42658e-07 3.97762e-07 3.57326e-07 3.20917e-07 2.88145e-07 2.58654e-07 2.32124e-07 2.08265e-07 1.86813e-07 1.67531e-07 1.50204e-07
0.000535211 0.000328569 0.000347508 0.000361635 0.000371435 0.000377375 0.000379903 0.00037944 0.000376384 0.000371103 0.000363937 0.000355195 0.000345161 0.00033409 0.000322212 0.000309729 0.000296824 0.000283653 0.000270356 0.000257052 0.000243844 0.000230817 0.000218046 0.000205588 0.000193494 0.0001818 0.000170537 0.000159726 0.000149381 0.000139512 0.000130121 0.000121207 0.000112766 0.000104791 9.72699e-05 9.01915e-05 8.35414e-05 7.73043e-05 7.1464e-05 6.60036e-05 6.09058e-05 5.6153e-05 5.17278e-05 4.76126e-05 4.37905e-05 4.02446e-05 3.69585e-05 3.39165e-05 3.11033e-05 2.85041e-05 2.61051e-05 2.38927e-05 2.18542e-05 1.99776e-05 1.82515e-05 1.66649e-05 1.52077e-05 1.38704e-05 1.2644e-05 1.152e-05 1.04907e-05 9.54857e-06 8.68687e-06 7.89921e-06 7.17965e-06 6.5227e-06 5.92324e-06 5.37655e-06 4.87825e-06 4.4243e-06 4.01096e-06 3.6348e-06 3.29263e-06 2.98153e-06 2.69881e-06 2.442e-06 2.20884e-06 1.99723e-06 1.80526e-06 1.63119e-06 1.47341e-06 1.33046e-06 1.20099e-06 1.08377e-06 9.77685e-07 8.81716e-07 7.94928e-07 7.1647e-07 6.45567e-07 5.81514e-07 5.23669e-07 4.71446e-07 4.24316e-07 3.81794e-07 3.43443e-07 3.08863e-07 2.77694e-07 2.49607e-07 2.24305e-07 2.01518e-07 1.81002e-07
0.000460745 0.000290432 0.000310334 0.000325861 0.000337394 0.000345312 0.000349987 0.000351776 0.000351021 0.000348047 0.000343155 0.000336629 0.000328727 0.000319689 0.000309729 0.000299045 0.000287811 0.000276184 0.000264301 0.000252285 0.000240241 0.00022826 0.000216421 0.000204789 0.000193419 0.000182357 0.000171638 0.000161291 0.000151338 0.000141792 0.000132665 0.000123961 0.000115681 0.000107824 0.000100382 9.33498e-05 8.67166e-05 8.04711e-05 7.46008e-05 6.90921e-05 6.39307e-05 5.91016e-05 5.45898e-05 5.03801e-05 4.64571e-05 4.28058e-05 3.94114e-05 3.62592e-05 3.3335e-05 3.06253e-05 2.81167e-05 2.57965e-05 2.36525e-05 2.16732e-05 1.98474e-05 1.81646e-05 1.66149e-05 1.51888e-05 1.38774e-05 1.26725e-05 1.15661e-05 1.05509e-05 9.61999e-06 8.76692e-06 7.98568e-06 7.27065e-06 6.61662e-06 6.01872e-06 5.47244e-06 4.97362e-06 4.51836e-06 4.10308e-06 3.72446e-06 3.37944e-06 3.06519e-06 2.77911e-06 2.51878e-06 2.28201e-06 2.06674e-06 1.87112e-06 1.69343e-06 1.53209e-06 1.38566e-06 1.25281e-06 1.13234e-06 1.02312e-06 9.24148e-07 8.34493e-07 7.53309e-07 6.79821e-07 6.13322e-07 5.53169e-07 4.98774e-07 4.49603e-07 4.05168e-07 3.65025e-07 3.28773e-07 2.96043e-07 2.66502e-07 2.39848e-07 2.15806e-07
0.00039664 0.000256547 0.000276884 0.000293291 0.000306056 0.000315479 0.000321858 0.000325492 0.00032667 0.000325672 0.000322765 0.000318199 0.000312211 0.000305019 0.000296824 0.000287811 0.000278148 0.000267986 0.000257461 0.000246694 0.000235792 0.000224848 0.000213944 0.00020315 0.000192525 0.000182121 0.000171978 0.000162131 0.000152607 0.000143426 0.000134604 0.000126152 0.000118074 0.000110375 0.000103054 9.61061e-05 8.95269e-05 8.33084e-05 7.74417e-05 7.19163e-05 6.67208e-05 6.1843e-05 5.72702e-05 5.29894e-05 4.89872e-05 4.52504e-05 4.17655e-05 3.85194e-05 3.54991e-05 3.26919e-05 3.00856e-05 2.76681e-05 2.54279e-05 2.33539e-05 2.14356e-05 1.96628e-05 1.80258e-05 1.65154e-05 1.5123e-05 1.38402e-05 1.26594e-05 1.15732e-05 1.05747e-05 9.65747e-06 8.81543e-06 8.04292e-06 7.33463e-06 6.68561e-06 6.09126e-06 5.54728e-06 5.04969e-06 4.59477e-06 4.17908e-06 3.79945e-06 3.45291e-06 3.13675e-06 2.84843e-06 2.58564e-06 2.34621e-06 2.12818e-06 1.92972e-06 1.74915e-06 1.58492e-06 1.43563e-06 1.29996e-06 1.17673e-06 1.06484e-06 9.63278e-07 8.71132e-07 7.87558e-07 7.11787e-07 6.43114e-07 5.80897e-07 5.24547e-07 4.73529e-07 4.27354e-07 3.85575e-07 3.47787e-07 3.13618e-07 2.82731e-07 2.54821e-07
0.000341454 0.000226468 0.000246827 0.000263693 0.000277276 0.0002878 0.000295503 0.000300624 0.000303406 0.000304085 0.000302892 0.000300048 0.000295764 0.000290237 0.000283653 0.000276184 0.000267986 0.000259206 0.000249974 0.000240408 0.000230614 0.000220687 0.00021071 0.000200755 0.000190886 0.000181156 0.000171612 0.000162291 0.000153227 0.000144444 0.000135962 0.000127796 0.000119958 0.000112454 0.000105288 9.84605e-05 9.19694e-05 8.58108e-05 7.9979e-05 7.44666e-05 6.92652e-05 6.43651e-05 5.97561e-05 5.54272e-05 5.13672e-05 4.75644e-05 4.40071e-05 4.06836e-05 3.75821e-05 3.46912e-05 3.19993e-05 2.94954e-05 2.71688e-05 2.5009e-05 2.30059e-05 2.11498e-05 1.94314e-05 1.78418e-05 1.63727e-05 1.50159e-05 1.37639e-05 1.26093e-05 1.15454e-05 1.05657e-05 9.66426e-06 8.83529e-06 8.07348e-06 7.37383e-06 6.73166e-06 6.14259e-06 5.60256e-06 5.10775e-06 4.65464e-06 4.23993e-06 3.86057e-06 3.51372e-06 3.19676e-06 2.90725e-06 2.64295e-06 2.40177e-06 2.18179e-06 1.98123e-06 1.79847e-06 1.632e-06 1.48042e-06 1.34247e-06 1.21696e-06 1.10283e-06 9.99081e-07 9.04803e-07 8.19166e-07 7.41407e-07 6.70826e-07 6.06784e-07 5.48695e-07 4.96024e-07 4.48282e-07 4.05021e-07 3.65835e-07 3.3035e-07 2.98227e-07
0.000293947 0.000199794 0.000219853 0.000236842 0.0002509 0.000262188 0.000270886 0.000277183 0.000281276 0.000283362 0.000283637 0.000282293 0.000279515 0.00027548 0.000270356 0.000264301 0.000257461 0.000249974 0.000241963 0.000233542 0.000224817 0.000215878 0.000206811 0.000197688 0.000188574 0.000179527 0.000170596 0.000161821 0.000153239 0.00014488 0.000136766 0.000128918 0.00012135 0.000114073 0.000107094 0.000100417 9.40451e-05 8.79763e-05 8.22084e-05 7.6737e-05 7.15561e-05 6.66589e-05 6.20373e-05 5.76827e-05 5.35855e-05 4.97361e-05 4.61243e-05 4.27398e-05 3.95722e-05 3.66111e-05 3.38463e-05 3.12674e-05 2.88646e-05 2.66281e-05 2.45483e-05 2.26162e-05 2.08229e-05 1.91599e-05 1.7619e-05 1.61925e-05 1.48728e-05 1.3653e-05 1.25264e-05 1.14865e-05 1.05274e-05 9.64344e-06 8.82924e-06 8.0798e-06 7.39041e-06 6.75664e-06 6.17437e-06 5.63972e-06 5.14908e-06 4.69907e-06 4.28656e-06 3.90863e-06 3.56255e-06 3.24581e-06 2.95606e-06 2.69113e-06 2.449e-06 2.22783e-06 2.02589e-06 1.84158e-06 1.67345e-06 1.52013e-06 1.38039e-06 1.25307e-06 1.13712e-06 1.03156e-06 9.35496e-07 8.48111e-07 7.68649e-07 6.96419e-07 6.30786e-07 5.71169e-07 5.17035e-07 4.67896e-07 4.23308e-07 3.82861e-07 3.46184e-07
0.000253049 0.000176157 0.000195676 0.000212522 0.000226776 0.000238545 0.000247959 0.000255162 0.000260308 0.000263559 0.000265077 0.000265028 0.000263571 0.000260862 0.000257052 0.000252285 0.000246694 0.000240408 0.000233542 0.000226207 0.000218502 0.000210517 0.000202334 0.000194028 0.000185664 0.0001773 0.000168987 0.00016077 0.000152687 0.000144771 0.000137048 0.000129542 0.000122269 0.000115246 0.000108481 0.000101984 9.57581e-05 8.98064e-05 8.41289e-05 7.87241e-05 7.35886e-05 6.87179e-05 6.41062e-05 5.9747e-05 5.56327e-05 5.17554e-05 4.81066e-05 4.46773e-05 4.14587e-05 3.84413e-05 3.56162e-05 3.29739e-05 3.05054e-05 2.82016e-05 2.60539e-05 2.40535e-05 2.21921e-05 2.04617e-05 1.88545e-05 1.73629e-05 1.59798e-05 1.46984e-05 1.3512e-05 1.24146e-05 1.14001e-05 1.04629e-05 9.59785e-06 8.79983e-06 8.06417e-06 7.38641e-06 6.7624e-06 6.18821e-06 5.6602e-06 5.17491e-06 4.72916e-06 4.31994e-06 3.94446e-06 3.60013e-06 3.28452e-06 2.99538e-06 2.73062e-06 2.4883e-06 2.26663e-06 2.06394e-06 1.87868e-06 1.70945e-06 1.5549e-06 1.41384e-06 1.28514e-06 1.16775e-06 1.06074e-06 9.63227e-07 8.74395e-07 7.93505e-07 7.19874e-07 6.52877e-07 5.91936e-07 5.36525e-07 4.86159e-07 4.40394e-07 3.98824e-07
0.000217841 0.000155231 0.000174029 0.000190526 0.000204752 0.000216769 0.000226662 0.000234537 0.00024051 0.000244709 0.000247269 0.000248325 0.000248017 0.000246479 0.000243844 0.000240241 0.000235792 0.000230614 0.000224817 0.000218502 0.000211764 0.000204691 0.000197363 0.000189852 0.000182224 0.000174537 0.000166843 0.000159189 0.000151615 0.000144155 0.00013684 0.000129694 0.000122739 0.000115991 0.000109465 0.000103171 9.71157e-05 9.13053e-05 8.57422e-05 8.04275e-05 7.53601e-05 7.0538e-05 6.59574e-05 6.16138e-05 5.75016e-05 5.36144e-05 4.99455e-05 4.64874e-05 4.32324e-05 4.01725e-05 3.72997e-05 3.46056e-05 3.2082e-05 2.97208e-05 2.75139e-05 2.54532e-05 2.3531e-05 2.17397e-05 2.00718e-05 1.85204e-05 1.70784e-05 1.57393e-05 1.44968e-05 1.33447e-05 1.22774e-05 1.12893e-05 1.03752e-05 9.53017e-06 8.74949e-06 8.02875e-06 7.36378e-06 6.75065e-06 6.18567e-06 5.66536e-06 5.18648e-06 4.74598e-06 4.341e-06 3.9689e-06 3.62717e-06 3.3135e-06 3.02574e-06 2.76188e-06 2.52005e-06 2.29851e-06 2.09567e-06 1.91002e-06 1.74018e-06 1.58488e-06 1.44293e-06 1.31325e-06 1.19481e-06 1.08669e-06 9.88034e-07 8.98041e-07 8.15984e-07 7.41193e-07 6.73049e-07 6.10984e-07 5.54476e-07 5.03045e-07 4.56252e-07
0.000187532 0.000136717 0.000154669 0.000170659 0.000184679 0.000196752 0.000206927 0.000215273 0.000221876 0.000226833 0.000230251 0.000232243 0.000232924 0.00023241 0.000230817 0.00022826 0.000224848 0.000220687 0.000215878 0.000210517 0.000204691 0.000198486 0.000191976 0.000185233 0.000178322 0.0001713 0.00016422 0.000157128 0.000150067 0.000143072 0.000136175 0.000129405 0.000122783 0.00011633 0.000110062 0.000103991 9.81277e-05 9.24799e-05 8.70526e-05 8.18492e-05 7.68709e-05 7.21176e-05 6.75878e-05 6.32787e-05 5.91866e-05 5.53069e-05 5.16341e-05 4.81625e-05 4.48856e-05 4.17967e-05 3.88887e-05 3.61544e-05 3.35865e-05 3.11777e-05 2.89206e-05 2.68078e-05 2.48322e-05 2.29867e-05 2.12644e-05 1.96585e-05 1.81625e-05 1.67701e-05 1.54752e-05 1.42719e-05 1.31547e-05 1.21182e-05 1.11573e-05 1.0267e-05 9.44288e-06 8.68045e-06 7.97558e-06 7.32435e-06 6.72305e-06 6.1682e-06 5.65653e-06 5.18495e-06 4.75057e-06 4.35068e-06 3.98274e-06 3.64438e-06 3.33339e-06 3.04771e-06 2.78539e-06 2.54466e-06 2.32384e-06 2.12137e-06 1.93583e-06 1.76587e-06 1.61025e-06 1.46782e-06 1.33753e-06 1.21839e-06 1.10948e-06 1.00997e-06 9.1909e-07 8.36116e-07 7.60392e-07 6.9131e-07 6.28311e-07 5.70881e-07 5.18544e-07
0.000161441 0.000120351 0.000137371 0.000152739 0.000166414 0.000178388 0.00018868 0.000197327 0.000204389 0.000209935 0.00021405 0.000216821 0.000218345 0.00021872 0.000218046 0.000216421 0.000213944 0.00021071 0.000206811 0.000202334 0.000197363 0.000191976 0.000186246 0.00018024 0.000174022 0.000167648 0.00016117 0.000154636 0.000148086 0.00014156 0.00013509 0.000128704 0.000122428 0.000116284 0.000110289 0.000104459 9.88058e-05 9.33393e-05 8.80667e-05 8.29934e-05 7.8123e-05 7.34571e-05 6.89962e-05 6.47393e-05 6.06843e-05 5.68282e-05 5.31672e-05 4.96968e-05 4.64119e-05 4.3307e-05 4.03761e-05 3.76131e-05 3.50116e-05 3.2565e-05 3.02668e-05 2.81103e-05 2.6089e-05 2.41963e-05 2.24258e-05 2.07712e-05 1.92263e-05 1.77851e-05 1.6442e-05 1.51911e-05 1.40273e-05 1.29452e-05 1.19398e-05 1.10066e-05 1.01408e-05 9.33826e-06 8.5948e-06 7.90655e-06 7.26983e-06 6.68115e-06 6.13722e-06 5.63496e-06 5.17145e-06 4.74393e-06 4.34985e-06 3.98678e-06 3.65248e-06 3.34481e-06 3.06181e-06 2.80163e-06 2.56254e-06 2.34295e-06 2.14136e-06 1.95639e-06 1.78673e-06 1.63119e-06 1.48867e-06 1.35812e-06 1.23859e-06 1.12919e-06 1.02912e-06 9.37599e-07 8.53943e-07 7.77503e-07 7.07683e-07 6.43932e-07 5.85745e-07
0.000138979 0.000105892 0.00012193 0.000136593 0.000149818 0.00016157 0.000171842 0.000180648 0.000188022 0.000194011 0.000198677 0.000202089 0.000204323 0.000205461 0.000205588 0.000204789 0.00020315 0.000200755 0.000197688 0.000194028 0.000189852 0.000185233 0.00018024 0.000174938 0.000169385 0.000163638 0.000157748 0.000151761 0.000145718 0.00013966 0.000133618 0.000127623 0.000121701 0.000115877 0.000110168 0.000104592 9.9164e-05 9.38944e-05 8.87929e-05 8.38665e-05 7.91207e-05 7.4559e-05 7.01835e-05 6.59949e-05 6.19927e-05 5.81756e-05 5.4541e-05 5.10859e-05 4.78063e-05 4.46981e-05 4.17563e-05 3.89757e-05 3.6351e-05 3.38764e-05 3.15461e-05 2.93543e-05 2.7295e-05 2.53622e-05 2.355e-05 2.18525e-05 2.02641e-05 1.87791e-05 1.73921e-05 1.60976e-05 1.48906e-05 1.37659e-05 1.2719e-05 1.17451e-05 1.08398e-05 9.99893e-06 9.21843e-06 8.49448e-06 7.82343e-06 7.20183e-06 6.6264e-06 6.09405e-06 5.60185e-06 5.14704e-06 4.72704e-06 4.33939e-06 3.9818e-06 3.65213e-06 3.34835e-06 3.06858e-06 2.81105e-06 2.57412e-06 2.35623e-06 2.15596e-06 1.97197e-06 1.80301e-06 1.64793e-06 1.50564e-06 1.37515e-06 1.25554e-06 1.14593e-06 1.04555e-06 9.53636e-07 8.6952e-07 7.92569e-07 7.22198e-07 6.57869e-07
0.000119642 9.31262e-05 0.000108158 0.000122064 0.00013476 0.000146193 0.000156335 0.00016518 0.00017274 0.000179045 0.000184135 0.000188062 0.000190887 0.000192674 0.000193494 0.000193419 0.000192525 0.000190886 0.000188574 0.000185664 0.000182224 0.000178322 0.000174022 0.000169385 0.000164468 0.000159324 0.000154003 0.000148549 0.000143005 0.000137409 0.000131795 0.000126193 0.000120631 0.000115133 0.000109719 0.000104409 9.92175e-05 9.4158e-05 8.92413e-05 8.44763e-05 7.98699e-05 7.54272e-05 7.1152e-05 6.70465e-05 6.31117e-05 5.93476e-05 5.57532e-05 5.23265e-05 4.9065e-05 4.59655e-05 4.30242e-05 4.0237e-05 3.75993e-05 3.51063e-05 3.2753e-05 3.05342e-05 2.84446e-05 2.64788e-05 2.46315e-05 2.28973e-05 2.12709e-05 1.97471e-05 1.83207e-05 1.69867e-05 1.57402e-05 1.45764e-05 1.34908e-05 1.24789e-05 1.15364e-05 1.06592e-05 9.84344e-06 9.08533e-06 8.38127e-06 7.72786e-06 7.12185e-06 6.56018e-06 6.03992e-06 5.55831e-06 5.11276e-06 4.7008e-06 4.32012e-06 3.96854e-06 3.64402e-06 3.34462e-06 3.06856e-06 2.81415e-06 2.57979e-06 2.36403e-06 2.16548e-06 1.98285e-06 1.81495e-06 1.66065e-06 1.51892e-06 1.3888e-06 1.26937e-06 1.15982e-06 1.05936e-06 9.67281e-07 8.82913e-07 8.05642e-07 7.34898e-07
0.000102996 8.18632e-05 9.58866e-05 0.000109003 0.000121115 0.000132155 0.000142079 0.000150864 0.000158505 0.000165015 0.000170418 0.00017475 0.000178055 0.000180386 0.0001818 0.000182357 0.000182121 0.000181156 0.000179527 0.0001773 0.000174537 0.0001713 0.000167648 0.000163638 0.000159324 0.000154756 0.000149982 0.000145046 0.000139989 0.000134847 0.000129656 0.000124446 0.000119245 0.000114077 0.000108965 0.000103928 9.89828e-05 9.4144e-05 8.94238e-05 8.48323e-05 8.0378e-05 7.60675e-05 7.19058e-05 6.78966e-05 6.40424e-05 6.03444e-05 5.68027e-05 5.34169e-05 5.01854e-05 4.71061e-05 4.41764e-05 4.13929e-05 3.87522e-05 3.62501e-05 3.38826e-05 3.1645e-05 2.95328e-05 2.75412e-05 2.56654e-05 2.39006e-05 2.22419e-05 2.06844e-05 1.92233e-05 1.78541e-05 1.6572e-05 1.53726e-05 1.42514e-05 1.32043e-05 1.22271e-05 1.13159e-05 1.04669e-05 9.6763e-06 8.94073e-06 8.25681e-06 7.62135e-06 7.03129e-06 6.48376e-06 5.976e-06 5.50542e-06 5.06956e-06 4.6661e-06 4.29283e-06 3.94771e-06 3.62877e-06 3.33419e-06 3.06226e-06 2.81136e-06 2.57998e-06 2.36672e-06 2.17024e-06 1.98932e-06 1.82279e-06 1.66959e-06 1.52871e-06 1.39921e-06 1.28023e-06 1.17097e-06 1.07066e-06 9.7862e-07 8.94193e-07 8.16782e-07
8.86658e-05 7.19316e-05 8.496e-05 9.72727e-05 0.000108765 0.000119358 0.000128994 0.000137638 0.000145272 0.000151893 0.000157512 0.000162151 0.000165841 0.000168621 0.000170537 0.000171638 0.000171978 0.000171612 0.000170596 0.000168987 0.000166843 0.00016422 0.00016117 0.000157748 0.000154003 0.000149982 0.000145732 0.000141294 0.000136708 0.000132011 0.000127235 0.000122413 0.000117571 0.000112735 0.000107928 0.000103169 9.84773e-05 9.38674e-05 8.93529e-05 8.49451e-05 8.06538e-05 7.64866e-05 7.24501e-05 6.85492e-05 6.47874e-05 6.11672e-05 5.76901e-05 5.43565e-05 5.11661e-05 4.81179e-05 4.52101e-05 4.24404e-05 3.98061e-05 3.7304e-05 3.49307e-05 3.26825e-05 3.05552e-05 2.85449e-05 2.66473e-05 2.48579e-05 2.31725e-05 2.15866e-05 2.00957e-05 1.86957e-05 1.7382e-05 1.61506e-05 1.49973e-05 1.3918e-05 1.29088e-05 1.19659e-05 1.10857e-05 1.02646e-05 9.49924e-06 8.78628e-06 8.12263e-06 7.5053e-06 6.93143e-06 6.39832e-06 5.90338e-06 5.44417e-06 5.01836e-06 4.62376e-06 4.25828e-06 3.91998e-06 3.607e-06 3.31761e-06 3.05017e-06 2.80314e-06 2.57509e-06 2.36465e-06 2.17056e-06 1.99164e-06 1.82679e-06 1.67495e-06 1.53518e-06 1.40656e-06 1.28827e-06 1.17951e-06 1.07956e-06 9.87746e-07 9.0344e-07
7.63295e-05 6.31788e-05 7.52384e-05 8.67488e-05 9.76006e-05 0.000107707 0.000117003 0.000125442 0.000132995 0.000139648 0.000145399 0.000150259 0.000154247 0.000157391 0.000159726 0.000161291 0.000162131 0.000162291 0.000161821 0.00016077 0.000159189 0.000157128 0.000154636 0.000151761 0.000148549 0.000145046 0.000141294 0.000137334 0.000133202 0.000128935 0.000124566 0.000120124 0.000115637 0.000111132 0.000106631 0.000102153 9.77192e-05 9.33441e-05 8.90424e-05 8.48265e-05 8.0707e-05 7.66929e-05 7.27916e-05 6.90092e-05 6.53503e-05 6.18186e-05 5.84166e-05 5.51458e-05 5.20069e-05 4.89997e-05 4.61236e-05 4.3377e-05 4.07582e-05 3.82649e-05 3.58941e-05 3.3643e-05 3.15082e-05 2.94861e-05 2.75731e-05 2.57653e-05 2.40589e-05 2.24498e-05 2.0934e-05 1.95076e-05 1.81666e-05 1.6907e-05 1.57249e-05 1.46165e-05 1.35782e-05 1.26063e-05 1.16972e-05 1.08476e-05 1.00542e-05 9.31387e-06 8.62346e-06 7.98011e-06 7.381e-06 6.82347e-06 6.30497e-06 5.82308e-06 5.37549e-06 4.96e-06 4.57455e-06 4.21718e-06 3.88601e-06 3.57931e-06 3.29542e-06 3.03278e-06 2.78992e-06 2.56548e-06 2.35816e-06 2.16675e-06 1.99011e-06 1.82718e-06 1.67696e-06 1.53853e-06 1.41102e-06 1.29362e-06 1.18556e-06 1.08616e-06 9.94758e-07
6.57095e-05 5.54693e-05 6.65951e-05 7.73154e-05 8.75187e-05 9.71144e-05 0.000106031 0.000114214 0.000121626 0.000128243 0.000134055 0.000139061 0.000143271 0.000146703 0.000149381 0.000151338 0.000152607 0.000153227 0.000153239 0.000152687 0.000151615 0.000150067 0.000148086 0.000145718 0.000143005 0.000139989 0.000136708 0.000133202 0.000129506 0.000125654 0.000121679 0.000117609 0.000113472 0.000109294 0.000105096 0.000100901 9.67269e-05 9.25905e-05 8.85068e-05 8.4489e-05 8.05486e-05 7.66953e-05 7.29377e-05 6.92827e-05 6.5736e-05 6.23023e-05 5.89848e-05 5.57863e-05 5.27082e-05 4.97515e-05 4.69161e-05 4.42016e-05 4.16069e-05 3.91304e-05 3.67701e-05 3.45237e-05 3.23884e-05 3.03614e-05 2.84395e-05 2.66193e-05 2.48975e-05 2.32705e-05 2.17347e-05 2.02865e-05 1.89222e-05 1.76383e-05 1.6431e-05 1.52968e-05 1.42323e-05 1.3234e-05 1.22986e-05 1.14227e-05 1.06033e-05 9.83724e-06 9.12164e-06 8.45365e-06 7.83051e-06 7.24963e-06 6.7085e-06 6.20473e-06 5.73603e-06 5.30024e-06 4.89529e-06 4.51923e-06 4.17018e-06 3.84641e-06 3.54624e-06 3.26811e-06 3.01053e-06 2.77212e-06 2.55156e-06 2.34761e-06 2.15911e-06 1.98499e-06 1.82422e-06 1.67584e-06 1.53896e-06 1.41275e-06 1.29643e-06 1.18927e-06 1.09059e-06
5.65671e-05 4.8682e-05 5.89157e-05 6.88667e-05 7.84239e-05 8.74948e-05 9.60041e-05 0.000103892 0.000111116 0.000117642 0.000123453 0.00012854 0.000132905 0.000136557 0.000139512 0.000141792 0.000143426 0.000144444 0.00014488 0.000144771 0.000144155 0.000143072 0.00014156 0.00013966 0.000137409 0.000134847 0.000132011 0.000128935 0.000125654 0.000122201 0.000118606 0.000114897 0.000111102 0.000107244 0.000103348 9.94331e-05 9.55192e-05 9.16234e-05 8.7761e-05 8.39458e-05 8.01898e-05 7.65038e-05 7.28968e-05 6.93768e-05 6.59502e-05 6.26226e-05 5.93982e-05 5.62805e-05 5.32718e-05 5.0374e-05 4.75878e-05 4.49136e-05 4.2351e-05 3.98992e-05 3.75569e-05 3.53223e-05 3.31935e-05 3.11681e-05 2.92434e-05 2.74168e-05 2.56852e-05 2.40455e-05 2.24946e-05 2.10291e-05 1.96459e-05 1.83415e-05 1.71126e-05 1.5956e-05 1.48683e-05 1.38464e-05 1.28871e-05 1.19873e-05 1.11439e-05 1.03541e-05 9.615e-06 8.92387e-06 8.27806e-06 7.67501e-06 7.11229e-06 6.58755e-06 6.09854e-06 5.64312e-06 5.21924e-06 4.82497e-06 4.45846e-06 4.11794e-06 3.80176e-06 3.50833e-06 3.23618e-06 2.98389e-06 2.75013e-06 2.53366e-06 2.3333e-06 2.14794e-06 1.97654e-06 1.81813e-06 1.67179e-06 1.53666e-06 1.41194e-06 1.29687e-06 1.19077e-06
4.86968e-05 4.27096e-05 5.20973e-05 6.13061e-05 7.02274e-05 7.87688e-05 8.68533e-05 9.44182e-05 0.000101414 0.000107805 0.000113564 0.000118678 0.000123139 0.00012695 0.000130121 0.000132665 0.000134604 0.000135962 0.000136766 0.000137048 0.00013684 0.000136175 0.00013509 0.000133618 0.000131795 0.000129656 0.000127235 0.000124566 0.000121679 0.000118606 0.000115375 0.000112015 0.000108552 0.000105008 0.000101407 9.77698e-05 9.41149e-05 9.04598e-05 8.68203e-05 8.32104e-05 7.96429e-05 7.61288e-05 7.26781e-05 6.92992e-05 6.59994e-05 6.2785e-05 5.9661e-05 5.66317e-05 5.37001e-05 5.08689e-05 4.81395e-05 4.55132e-05 4.29902e-05 4.05704e-05 3.82531e-05 3.60373e-05 3.39215e-05 3.1904e-05 2.99827e-05 2.81553e-05 2.64193e-05 2.4772e-05 2.32108e-05 2.17326e-05 2.03346e-05 1.90137e-05 1.77669e-05 1.65912e-05 1.54835e-05 1.44409e-05 1.34603e-05 1.25389e-05 1.16738e-05 1.08622e-05 1.01014e-05 9.38879e-06 8.72174e-06 8.09783e-06 7.51466e-06 6.96996e-06 6.46153e-06 5.98726e-06 5.54514e-06 5.13324e-06 4.74974e-06 4.39289e-06 4.06103e-06 3.75259e-06 3.46607e-06 3.20007e-06 2.95325e-06 2.72433e-06 2.51215e-06 2.31556e-06 2.13352e-06 1.96503e-06 1.80916e-06 1.66502e-06 1.5318e-06 1.40873e-06 1.29508e-06
4.19214e-05 3.74567e-05 4.60471e-05 5.45455e-05 6.28474e-05 7.08621e-05 7.85123e-05 8.57335e-05 9.24736e-05 9.86916e-05 0.000104357 0.00010945 0.000113957 0.000117875 0.000121207 0.000123961 0.000126152 0.000127796 0.000128918 0.000129542 0.000129694 0.000129405 0.000128704 0.000127623 0.000126193 0.000124446 0.000122413 0.000120124 0.000117609 0.000114897 0.000112015 0.000108991 0.000105847 0.000102608 9.92963e-05 9.59314e-05 9.25324e-05 8.91167e-05 8.57e-05 8.22969e-05 7.89201e-05 7.55814e-05 7.22911e-05 6.90583e-05 6.58908e-05 6.27955e-05 5.97783e-05 5.68439e-05 5.39962e-05 5.12384e-05 4.85729e-05 4.60014e-05 4.35248e-05 4.11438e-05 3.88582e-05 3.66676e-05 3.45711e-05 3.25675e-05 3.06553e-05 2.88327e-05 2.70976e-05 2.54478e-05 2.38809e-05 2.23945e-05 2.09859e-05 1.96524e-05 1.83914e-05 1.72e-05 1.60754e-05 1.5015e-05 1.40159e-05 1.30754e-05 1.21908e-05 1.13595e-05 1.05789e-05 9.84646e-06 9.15972e-06 8.51633e-06 7.91397e-06 7.35042e-06 6.82355e-06 6.3313e-06 5.87169e-06 5.44284e-06 5.04293e-06 4.67024e-06 4.32312e-06 4.00001e-06 3.69942e-06 3.41994e-06 3.16023e-06 2.91901e-06 2.69509e-06 2.48734e-06 2.29469e-06 2.11612e-06 1.9507e-06 1.79752e-06 1.65574e-06 1.52458e-06 1.4033e-06
3.60888e-05 3.28388e-05 4.06817e-05 4.85048e-05 5.62084e-05 6.37049e-05 7.09181e-05 7.7783e-05 8.42456e-05 9.02624e-05 9.57994e-05 0.000100831 0.000105342 0.000109321 0.000112766 0.000115681 0.000118074 0.000119958 0.00012135 0.000122269 0.000122739 0.000122783 0.000122428 0.000121701 0.000120631 0.000119245 0.000117571 0.000115637 0.000113472 0.000111102 0.000108552 0.000105847 0.000103011 0.000100068 9.70363e-05 9.39377e-05 9.07902e-05 8.7611e-05 8.44158e-05 8.12192e-05 7.80343e-05 7.4873e-05 7.1746e-05 6.86629e-05 6.56321e-05 6.26609e-05 5.97556e-05 5.69218e-05 5.41639e-05 5.14858e-05 4.88903e-05 4.63798e-05 4.3956e-05 4.16199e-05 3.93721e-05 3.72127e-05 3.51415e-05 3.31575e-05 3.12599e-05 2.94474e-05 2.77182e-05 2.60707e-05 2.45029e-05 2.30125e-05 2.15975e-05 2.02553e-05 1.89837e-05 1.778e-05 1.66418e-05 1.55665e-05 1.45516e-05 1.35946e-05 1.26928e-05 1.1844e-05 1.10455e-05 1.0295e-05 9.59022e-06 8.92882e-06 8.30859e-06 7.7274e-06 7.18316e-06 6.67389e-06 6.19764e-06 5.75257e-06 5.33691e-06 4.94895e-06 4.58706e-06 4.24971e-06 3.9354e-06 3.64274e-06 3.37037e-06 3.11705e-06 2.88155e-06 2.66275e-06 2.45956e-06 2.27097e-06 2.09601e-06 1.93378e-06 1.78343e-06 1.64414e-06 1.51517e-06
