0.702177 0.0336961 0.0224641 0.0149761 0.00998404 0.00665603 0.00443735 0.00295824 0.00197216 0.00131477 0.000876514 0.000584343 0.000389562 0.000259708 0.000173139 0.000115426 7.69505e-05 5.13003e-05 3.42002e-05 2.28001e-05 1.52001e-05 1.01334e-05 6.7556e-06 4.50373e-06 3.00249e-06 2.00166e-06 1.33444e-06 8.89626e-07 5.93084e-07 3.95389e-07 2.63593e-07 1.75729e-07 1.17152e-07 7.81016e-08 5.20677e-08 3.47118e-08 2.31412e-08 1.54275e-08 1.0285e-08 6.85666e-09 4.5711e-09 3.0474e-09 2.0316e-09 1.3544e-09 9.02934e-10 6.01956e-10 4.01304e-10 2.67536e-10 1.78357e-10 1.18905e-10 7.92699e-11 5.28466e-11 3.52311e-11 2.34874e-11 1.56583e-11 1.04388e-11 6.95923e-12 4.63948e-12 3.09299e-12 2.06199e-12 1.37466e-12 9.16441e-13 6.10961e-13 4.07307e-13 2.71538e-13 1.81025e-13 1.20684e-13 8.04558e-14 5.36372e-14 3.57581e-14 2.38387e-14 1.58925e-14 1.0595e-14 7.06333e-15 4.70889e-15 3.13926e-15 2.09284e-15 1.39523e-15 9.30151e-16 6.201e-16 4.134e-16 2.756e-16 1.83733e-16 1.22489e-16 8.16593e-17 5.44395e-17 3.6293e-17 2.41954e-17 1.61302e-17 1.07535e-17 7.16899e-18 4.77933e-18 3.18622e-18 2.12415e-18 1.4161e-18 9.44065e-19 6.29377e-19 4.19584e-19 2.79723e-19 1.86482e-19 1.24321e-19
0.0336961 0.00764238 0.00543264 0.00384691 0.00271471 0.00190987 0.00133996 0.00093778 0.000654836 0.000456324 0.000317393 0.000220381 0.000152777 0.000105756 7.31069e-05 5.04732e-05 3.48057e-05 2.3975e-05 1.64975e-05 1.13411e-05 7.78927e-06 5.34519e-06 3.66502e-06 2.51106e-06 1.71918e-06 1.17621e-06 8.04203e-07 5.4951e-07 3.75257e-07 2.56115e-07 1.74706e-07 1.19113e-07 8.11698e-08 5.52874e-08 3.76411e-08 2.56159e-08 1.74252e-08 1.18487e-08 8.05377e-09 5.47226e-09 3.7169e-09 2.52375e-09 1.71304e-09 1.16239e-09 7.88501e-10 5.34717e-10 3.62511e-10 2.45696e-10 1.66479e-10 1.12774e-10 7.63741e-11 5.17106e-11 3.50034e-11 2.36887e-11 1.60279e-11 1.08422e-11 7.33275e-12 4.95825e-12 3.352e-12 2.26567e-12 1.53111e-12 1.03452e-12 6.98864e-13 4.72033e-13 3.18771e-13 2.15235e-13 1.45305e-13 9.80793e-14 6.61926e-14 4.4666e-14 3.01357e-14 2.03294e-14 1.37122e-14 9.24767e-15 6.23591e-15 4.20447e-15 2.83444e-15 1.9106e-15 1.28772e-15 8.67803e-16 5.8475e-16 3.93977e-16 2.65413e-16 1.78784e-16 1.20417e-16 8.10963e-17 5.46099e-17 3.67703e-17 2.47561e-17 1.66657e-17 1.12182e-17 7.55068e-18 5.08169e-18 3.41973e-18 2.30111e-18 1.54827e-18 1.04164e-18 7.00734e-19 4.71361e-19 3.17045e-19 2.13232e-19
0.0224641 0.00543264 0.00392351 0.00282022 0.00201877 0.00143977 0.00102346 0.000725387 0.000512756 0.000361578 0.000254411 0.000178645 0.00012521 8.76075e-05 6.12003e-05 4.26898e-05 2.9737e-05 2.06877e-05 1.43748e-05 9.9771e-06 6.91741e-06 4.79124e-06 3.31544e-06 2.29217e-06 1.58337e-06 1.09287e-06 7.53746e-07 5.19474e-07 3.57768e-07 2.46236e-07 1.69366e-07 1.16423e-07 7.99834e-08 5.49186e-08 3.76884e-08 2.58508e-08 1.77225e-08 1.21443e-08 8.31802e-09 5.69479e-09 3.89719e-09 2.66592e-09 1.82294e-09 1.24604e-09 8.51391e-10 5.8153e-10 3.97068e-10 2.71027e-10 1.84935e-10 1.2615e-10 8.60249e-11 5.8645e-11 3.99681e-11 2.72316e-11 1.85488e-11 1.26311e-11 8.59916e-12 5.85277e-12 3.98254e-12 2.70929e-12 1.84268e-12 1.25298e-12 8.51814e-13 5.78963e-13 3.93428e-13 2.67295e-13 1.81563e-13 1.23305e-13 8.37238e-14 5.68377e-14 3.85784e-14 2.61803e-14 1.77635e-14 1.20505e-14 8.17357e-15 5.54301e-15 3.75846e-15 2.54803e-15 1.72716e-15 1.17056e-15 7.93215e-16 5.37433e-16 3.64079e-16 2.46607e-16 1.67015e-16 1.13096e-16 7.65738e-17 5.1839e-17 3.50896e-17 2.37489e-17 1.60715e-17 1.08747e-17 7.3574e-18 4.97715e-18 3.36657e-18 2.27691e-18 1.53976e-18 1.04115e-18 7.0393e-19 4.7588e-19 3.21677e-19
0.0149761 0.00384691 0.00282022 0.00205584 0.00149124 0.00107701 0.000774846 0.000555541 0.000397075 0.000283016 0.000201207 0.000142713 0.000101008 7.13498e-05 5.03081e-05 3.54119e-05 2.48872e-05 1.74648e-05 1.22393e-05 8.56618e-06 5.98813e-06 4.18117e-06 2.91632e-06 2.03203e-06 1.4145e-06 9.8373e-07 6.83549e-07 4.74572e-07 3.29222e-07 2.28217e-07 1.58085e-07 1.09429e-07 7.56982e-08 5.23313e-08 3.61553e-08 2.49647e-08 1.7228e-08 1.18825e-08 8.19127e-09 5.64384e-09 3.88675e-09 2.67542e-09 1.84077e-09 1.26595e-09 8.70254e-10 5.97993e-10 4.10745e-10 2.8202e-10 1.93563e-10 1.32802e-10 9.10824e-11 6.24473e-11 4.28002e-11 2.93249e-11 2.00858e-11 1.37533e-11 9.41438e-12 6.44244e-12 4.40742e-12 3.01437e-12 2.06106e-12 1.40886e-12 9.62793e-13 6.57791e-13 4.49298e-13 3.06815e-13 2.09467e-13 1.42973e-13 9.75648e-14 6.65635e-14 4.54031e-14 3.09629e-14 2.1111e-14 1.43908e-14 9.80793e-15 6.68318e-15 4.55309e-15 3.10132e-15 2.11207e-15 1.4381e-15 9.79029e-16 6.66385e-16 4.53503e-16 3.08576e-16 2.09929e-16 1.42795e-16 9.71147e-17 6.60372e-17 4.48978e-17 3.05208e-17 2.07445e-17 1.40976e-17 9.57917e-18 6.508e-18 4.42086e-18 3.00267e-18 2.03915e-18 1.38463e-18 9.40072e-19 6.38166e-19 4.33162e-19
0.00998404 0.00271471 0.00201877 0.00149124 0.00109522 0.000800324 0.000582238 0.000421909 0.00030465 0.00021928 0.000157376 0.000112651 8.04416e-05 5.73141e-05 4.07522e-05 2.89211e-05 2.04885e-05 1.44907e-05 1.02329e-05 7.2157e-06 5.08122e-06 3.57355e-06 2.51019e-06 1.76123e-06 1.2344e-06 8.64262e-07 6.04521e-07 4.22446e-07 2.94948e-07 2.05755e-07 1.43418e-07 9.9889e-08 6.95198e-08 4.83491e-08 3.36024e-08 2.33381e-08 1.61989e-08 1.12367e-08 7.78995e-09 5.3974e-09 3.73762e-09 2.58688e-09 1.7895e-09 1.2373e-09 8.55078e-10 5.90657e-10 4.0782e-10 2.81456e-10 1.94164e-10 1.3389e-10 9.22892e-11 6.35894e-11 4.3798e-11 3.01552e-11 2.07546e-11 1.42796e-11 9.82125e-12 6.75265e-12 4.64131e-12 3.18911e-12 2.1906e-12 1.50427e-12 1.03267e-12 7.08716e-13 4.86251e-13 3.33526e-13 2.28708e-13 1.5679e-13 1.07459e-13 7.36311e-14 5.04395e-14 3.45442e-14 2.36525e-14 1.61911e-14 1.1081e-14 7.58202e-15 5.18675e-15 3.54742e-15 2.42571e-15 1.65835e-15 1.13351e-15 7.74617e-16 5.29255e-16 3.61542e-16 2.46929e-16 1.68618e-16 1.15122e-16 7.8584e-17 5.36332e-17 3.65981e-17 2.49695e-17 1.70329e-17 1.1617e-17 7.92197e-18 5.40134e-18 3.68215e-18 2.50978e-18 1.71042e-18 1.16548e-18 7.94043e-19 5.40904e-19
0.00665603 0.00190987 0.00143977 0.00107701 0.000800324 0.000591311 0.000434688 0.000318128 0.000231899 0.000168439 0.00012195 8.80331e-05 6.33785e-05 4.55162e-05 3.26138e-05 2.33196e-05 1.66415e-05 1.18541e-05 8.42959e-06 5.9848e-06 4.24269e-06 3.00344e-06 2.12332e-06 1.49922e-06 1.05729e-06 7.44789e-07 5.24085e-07 3.68404e-07 2.58715e-07 1.81515e-07 1.27237e-07 8.91137e-08 6.23617e-08 4.36063e-08 3.04686e-08 2.12735e-08 1.4843e-08 1.03493e-08 7.21138e-09 5.02173e-09 3.49482e-09 2.43076e-09 1.68971e-09 1.17394e-09 8.15171e-10 5.65754e-10 3.92455e-10 2.72108e-10 1.88578e-10 1.30629e-10 9.04475e-11 6.25989e-11 4.33066e-11 2.99478e-11 2.07015e-11 1.43045e-11 9.88045e-12 6.82216e-12 4.70882e-12 3.249e-12 2.24098e-12 1.54519e-12 1.06509e-12 7.3392e-13 5.05566e-13 3.48156e-13 2.39685e-13 1.64961e-13 1.13501e-13 7.80718e-14 5.36872e-14 3.69089e-14 2.53675e-14 1.74306e-14 1.1974e-14 8.2235e-15 5.64637e-15 3.87596e-15 2.66004e-15 1.82514e-15 1.25201e-15 8.58664e-16 5.88769e-16 4.03621e-16 2.76638e-16 1.89566e-16 1.29874e-16 8.89605e-17 6.09239e-17 4.17152e-17 2.85575e-17 1.95463e-17 1.33761e-17 9.15201e-18 6.26076e-18 4.28215e-18 2.92834e-18 2.00221e-18 1.36875e-18 9.35551e-19 6.39353e-19
0.00443735 0.00133996 0.00102346 0.000774846 0.000582238 0.000434688 0.000322705 0.000238384 0.00017532 0.000128431 9.37473e-05 6.82091e-05 4.94815e-05 3.57988e-05 2.58352e-05 1.86017e-05 1.33649e-05 9.58327e-06 6.85889e-06 4.90046e-06 3.49551e-06 2.48951e-06 1.77046e-06 1.25737e-06 8.91817e-07 6.31759e-07 4.4701e-07 3.15936e-07 2.23058e-07 1.57324e-07 1.10853e-07 7.80366e-08 5.4886e-08 3.85702e-08 2.70823e-08 1.9001e-08 1.3321e-08 9.33209e-09 6.53301e-09 4.57038e-09 3.19525e-09 2.23245e-09 1.5588e-09 1.08778e-09 7.58647e-10 5.28806e-10 3.68398e-10 2.56514e-10 1.78518e-10 1.24176e-10 8.6334e-11 5.99962e-11 4.16742e-11 2.89346e-11 2.00808e-11 1.39303e-11 9.65968e-12 6.69561e-12 4.63926e-12 3.21322e-12 2.2247e-12 1.53973e-12 1.06528e-12 7.3677e-13 5.09393e-13 3.52071e-13 2.43257e-13 1.68021e-13 1.16019e-13 8.00864e-14 5.52663e-14 3.81273e-14 2.62958e-14 1.81308e-14 1.24976e-14 8.6123e-15 5.93331e-15 4.08661e-15 2.81396e-15 1.93716e-15 1.33323e-15 9.17363e-16 6.31065e-16 4.34017e-16 2.98428e-16 2.05152e-16 1.40999e-16 9.68862e-17 6.65604e-17 4.57171e-17 3.13944e-17 2.15544e-17 1.47957e-17 1.01543e-17 6.96752e-18 4.77997e-18 3.27861e-18 2.24841e-18 1.54164e-18 1.05684e-18 7.24375e-19
0.00295824 0.00093778 0.000725387 0.000555541 0.000421909 0.000318128 0.000238384 0.000177656 0.000131758 9.72964e-05 7.15692e-05 5.24596e-05 3.83293e-05 2.79229e-05 2.02869e-05 1.47024e-05 1.06305e-05 7.66987e-06 5.52266e-06 3.9691e-06 2.84753e-06 2.03951e-06 1.45848e-06 1.04144e-06 7.42609e-07 5.28821e-07 3.76104e-07 2.67169e-07 1.89568e-07 1.3436e-07 9.51308e-08 6.72879e-08 4.75484e-08 3.35688e-08 2.36783e-08 1.66877e-08 1.17514e-08 8.26871e-09 5.81375e-09 4.08467e-09 2.86781e-09 2.01208e-09 1.41077e-09 9.88519e-10 6.92223e-10 4.84447e-10 3.38838e-10 2.36861e-10 1.65484e-10 1.15554e-10 8.06477e-11 5.62572e-11 3.9224e-11 2.73349e-11 1.90406e-11 1.32571e-11 9.22622e-12 6.41818e-12 4.4629e-12 3.10202e-12 2.15526e-12 1.49687e-12 1.0392e-12 7.21202e-13 5.00328e-13 3.46974e-13 2.40541e-13 1.66698e-13 1.15486e-13 7.99805e-14 5.53733e-14 3.83248e-14 2.65171e-14 1.83418e-14 1.26832e-14 8.76775e-15 6.05934e-15 4.1864e-15 2.8916e-15 1.99673e-15 1.37843e-15 9.51342e-16 6.56416e-16 4.52807e-16 3.12277e-16 2.15309e-16 1.48416e-16 1.02282e-16 7.0472e-17 4.85441e-17 3.34318e-17 2.30191e-17 1.58461e-17 1.0906e-17 7.50447e-18 5.16278e-18 3.55108e-18 2.44202e-18 1.67902e-18 1.15419e-18 7.93258e-19
0.00197216 0.000654836 0.000512756 0.000397075 0.00030465 0.000231899 0.00017532 0.000131758 9.84999e-05 7.32923e-05 5.43066e-05 4.00863e-05 2.94874e-05 2.16225e-05 1.58093e-05 1.1528e-05 8.38535e-06 6.08534e-06 4.40671e-06 3.18471e-06 2.29723e-06 1.65413e-06 1.18907e-06 8.5341e-07 6.11588e-07 4.37667e-07 3.12783e-07 2.23246e-07 1.59146e-07 1.13318e-07 8.05969e-08 5.7263e-08 4.0643e-08 2.88184e-08 2.04148e-08 1.44487e-08 1.02172e-08 7.21887e-09 5.09631e-09 3.59503e-09 2.53409e-09 1.78494e-09 1.25638e-09 8.83732e-10 6.21203e-10 4.36383e-10 3.0636e-10 2.14949e-10 1.50724e-10 1.05629e-10 7.39852e-11 5.17932e-11 3.62387e-11 2.53427e-11 1.7714e-11 1.23757e-11 8.64213e-12 6.03213e-12 4.20849e-12 2.9349e-12 2.04585e-12 1.42552e-12 9.92878e-13 6.91267e-13 4.81091e-13 3.3469e-13 2.32754e-13 1.61805e-13 1.12443e-13 7.8113e-14 5.42456e-14 3.76583e-14 2.61344e-14 1.81312e-14 1.25748e-14 8.71856e-15 6.04303e-15 4.18731e-15 2.90061e-15 2.00872e-15 1.39067e-15 9.62526e-16 6.66011e-16 4.60717e-16 3.1862e-16 2.20293e-16 1.52271e-16 1.05227e-16 7.2699e-17 5.02142e-17 3.46754e-17 2.39395e-17 1.65238e-17 1.14026e-17 7.8669e-18 5.42635e-18 3.74213e-18 2.5801e-18 1.77854e-18 1.22575e-18 8.44603e-19
0.00131477 0.000456324 0.000361578 0.000283016 0.00021928 0.000168439 0.000128431 9.72964e-05 7.32923e-05 5.49325e-05 4.09864e-05 3.04565e-05 2.25482e-05 1.66372e-05 1.22377e-05 8.97592e-06 6.56615e-06 4.79155e-06 3.48856e-06 2.53448e-06 1.83763e-06 1.32987e-06 9.60705e-07 6.92853e-07 4.98887e-07 3.58682e-07 2.57511e-07 1.84626e-07 1.32198e-07 9.45409e-08 6.75307e-08 4.81827e-08 3.43408e-08 2.445e-08 1.73905e-08 1.23575e-08 8.77295e-09 6.22265e-09 4.40994e-09 3.1227e-09 2.20943e-09 1.56206e-09 1.10354e-09 7.79048e-10 5.49588e-10 3.8745e-10 2.72966e-10 1.92187e-10 1.35229e-10 9.50942e-11 6.6832e-11 4.69427e-11 3.29542e-11 2.31217e-11 1.62144e-11 1.13647e-11 7.96161e-12 5.57484e-12 3.90173e-12 2.72949e-12 1.90858e-12 1.33397e-12 9.31955e-13 6.5082e-13 4.54306e-13 3.17001e-13 2.21107e-13 1.54161e-13 1.07445e-13 7.48573e-14 5.21346e-14 3.62964e-14 2.5261e-14 1.75748e-14 1.22232e-14 8.49835e-15 5.90672e-15 4.10413e-15 2.85077e-15 1.97957e-15 1.3742e-15 9.53677e-16 6.6165e-16 4.58915e-16 3.18211e-16 2.20587e-16 1.52872e-16 1.05916e-16 7.33639e-17 5.08034e-17 3.51717e-17 2.43437e-17 1.68451e-17 1.16536e-17 8.0601e-18 5.57341e-18 3.85304e-18 2.6631e-18 1.84024e-18 1.27136e-18 8.78147e-19
0.000876514 0.000317393 0.000254411 0.000201207 0.000157376 0.00012195 9.37473e-05 7.15692e-05 5.43066e-05 4.09864e-05 3.07846e-05 2.3022e-05 1.71492e-05 1.27288e-05 9.41678e-06 6.94548e-06 5.10842e-06 3.7475e-06 2.74249e-06 2.00247e-06 1.45904e-06 1.06097e-06 7.70054e-07 5.5792e-07 4.03548e-07 2.91426e-07 2.10139e-07 1.51308e-07 1.08798e-07 7.81299e-08 5.60364e-08 4.01426e-08 2.8724e-08 2.05309e-08 1.46594e-08 1.04564e-08 7.45122e-09 5.30475e-09 3.7732e-09 2.6815e-09 1.90405e-09 1.35091e-09 9.57708e-10 6.78437e-10 4.80248e-10 3.39712e-10 2.40135e-10 1.69632e-10 1.19751e-10 8.44836e-11 5.95661e-11 4.19725e-11 2.95582e-11 2.08039e-11 1.46343e-11 1.02888e-11 7.22986e-12 5.07777e-12 3.5645e-12 2.501e-12 1.75397e-12 1.2295e-12 8.61462e-13 6.03327e-13 4.22358e-13 2.95546e-13 2.06723e-13 1.44536e-13 1.01016e-13 7.05725e-14 4.92851e-14 3.4406e-14 2.401e-14 1.67493e-14 1.16801e-14 8.14228e-15 5.67414e-15 3.95284e-15 2.75281e-15 1.91648e-15 1.33382e-15 9.28017e-16 6.4548e-16 4.48828e-16 3.11997e-16 2.16818e-16 1.50632e-16 1.04621e-16 7.26446e-17 5.04277e-17 3.49962e-17 2.42806e-17 1.68417e-17 1.1679e-17 8.09681e-18 5.612e-18 3.88881e-18 2.6941e-18 1.86598e-18 1.29212e-18 8.94539e-19
0.000584343 0.000220381 0.000178645 0.000142713 0.000112651 8.80331e-05 6.82091e-05 5.24596e-05 4.00863e-05 3.04565e-05 2.3022e-05 1.73225e-05 1.29799e-05 9.68913e-06 7.20761e-06 5.34454e-06 3.95137e-06 2.91337e-06 2.14258e-06 1.57197e-06 1.15075e-06 8.40642e-07 6.12891e-07 4.46013e-07 3.24001e-07 2.34975e-07 1.70141e-07 1.2301e-07 8.88075e-08 6.40272e-08 4.61011e-08 3.31524e-08 2.38121e-08 1.70837e-08 1.22429e-08 8.76455e-09 6.26802e-09 4.47821e-09 3.19644e-09 2.27947e-09 1.62411e-09 1.15619e-09 8.22398e-10 5.84507e-10 4.15109e-10 2.94584e-10 2.08901e-10 1.48036e-10 1.04832e-10 7.41882e-11 5.2468e-11 3.70836e-11 2.61941e-11 1.84913e-11 1.3046e-11 9.19911e-12 6.48296e-12 4.56634e-12 3.21467e-12 2.26195e-12 1.59079e-12 1.11823e-12 7.85674e-13 5.51763e-13 3.87315e-13 2.71759e-13 1.90596e-13 1.33617e-13 9.36323e-14 6.55863e-14 4.59227e-14 3.21419e-14 2.24879e-14 1.57276e-14 1.09956e-14 7.68449e-15 5.36857e-15 3.7493e-15 2.61754e-15 1.8268e-15 1.27452e-15 8.88918e-16 6.19781e-16 4.31995e-16 3.01014e-16 2.09683e-16 1.4602e-16 1.01656e-16 7.07507e-17 4.92273e-17 3.42421e-17 2.3812e-17 1.65545e-17 1.15059e-17 7.99486e-18 5.55381e-18 3.8571e-18 2.67808e-18 1.859e-18 1.29013e-18 8.95118e-19
0.000389562 0.000152777 0.00012521 0.000101008 8.04416e-05 6.33785e-05 4.94815e-05 3.83293e-05 2.94874e-05 2.25482e-05 1.71492e-05 1.29799e-05 9.78124e-06 7.3415e-06 5.49024e-06 4.09204e-06 3.04049e-06 2.25268e-06 1.66454e-06 1.22689e-06 9.02198e-07 6.61981e-07 4.84722e-07 3.54236e-07 2.58401e-07 1.88164e-07 1.36791e-07 9.92882e-08 7.19589e-08 5.20775e-08 3.76376e-08 2.7166e-08 1.95833e-08 1.41001e-08 1.01405e-08 7.28479e-09 5.2277e-09 3.74764e-09 2.68396e-09 1.92034e-09 1.37272e-09 9.80388e-10 6.99585e-10 4.98794e-10 3.55346e-10 2.52954e-10 1.7993e-10 1.27892e-10 9.08399e-11 6.44774e-11 4.57346e-11 3.24189e-11 2.29654e-11 1.62585e-11 1.15033e-11 8.13415e-12 5.74845e-12 4.06019e-12 2.86619e-12 2.02223e-12 1.42604e-12 1.00511e-12 7.08071e-13 4.98575e-13 3.50896e-13 2.46845e-13 1.7357e-13 1.21992e-13 8.57033e-14 6.01839e-14 4.22456e-14 2.96418e-14 2.079e-14 1.45759e-14 1.02152e-14 7.15641e-15 5.01168e-15 3.50843e-15 2.4552e-15 1.71755e-15 1.20111e-15 8.39674e-16 5.86805e-16 4.09954e-16 2.8631e-16 1.99895e-16 1.39519e-16 9.73493e-17 6.79051e-17 4.73526e-17 3.3011e-17 2.30065e-17 1.60295e-17 1.11653e-17 7.77505e-18 5.41276e-18 3.76722e-18 2.62126e-18 1.82342e-18 1.26811e-18 8.81691e-19
0.000259708 0.000105756 8.76075e-05 7.13498e-05 5.73141e-05 4.55162e-05 3.57988e-05 2.79229e-05 2.16225e-05 1.66372e-05 1.27288e-05 9.68913e-06 7.3415e-06 5.53949e-06 4.16384e-06 3.11884e-06 2.32855e-06 1.7333e-06 1.28661e-06 9.52556e-07 7.03515e-07 5.18396e-07 3.81166e-07 2.79695e-07 2.04842e-07 1.49749e-07 1.09285e-07 7.96233e-08 5.79219e-08 4.20724e-08 3.05164e-08 2.21043e-08 1.59902e-08 1.15529e-08 8.33685e-09 6.00916e-09 4.32657e-09 3.11178e-09 2.23577e-09 1.60477e-09 1.15075e-09 8.24423e-10 5.90103e-10 4.22016e-10 3.01555e-10 2.15303e-10 1.53599e-10 1.09496e-10 7.79979e-11 5.55207e-11 3.94931e-11 2.80732e-11 1.99423e-11 1.41572e-11 1.0044e-11 7.12145e-12 5.04628e-12 3.57373e-12 2.52944e-12 1.78932e-12 1.26507e-12 8.93948e-13 6.31372e-13 4.45697e-13 3.1447e-13 2.21773e-13 1.56327e-13 1.10143e-13 7.75686e-14 5.46036e-14 3.84209e-14 2.70228e-14 1.89981e-14 1.3351e-14 9.37875e-15 6.58573e-15 4.62271e-15 3.24358e-15 2.27505e-15 1.59514e-15 1.11803e-15 7.83344e-16 5.4866e-16 3.84155e-16 2.68884e-16 1.8814e-16 1.31601e-16 9.20232e-17 6.43281e-17 4.49544e-17 3.14059e-17 2.19343e-17 1.53147e-17 1.06897e-17 7.4594e-18 5.2038e-18 3.62925e-18 2.53044e-18 1.76385e-18 1.22917e-18 8.56347e-19
0.000173139 7.31069e-05 6.12003e-05 5.03081e-05 4.07522e-05 3.26138e-05 2.58352e-05 2.02869e-05 1.58093e-05 1.22377e-05 9.41678e-06 7.20761e-06 5.49024e-06 4.16384e-06 3.14531e-06 2.36724e-06 1.77563e-06 1.32772e-06 9.89903e-07 7.3604e-07 5.45892e-07 4.03903e-07 2.98177e-07 2.19661e-07 1.61497e-07 1.18509e-07 8.68083e-08 6.34788e-08 4.63437e-08 3.37815e-08 2.45881e-08 1.78713e-08 1.29718e-08 9.40324e-09 6.80792e-09 4.92301e-09 3.55587e-09 2.56555e-09 1.84905e-09 1.33128e-09 9.57544e-10 6.88065e-10 4.93965e-10 3.543e-10 2.53904e-10 1.81802e-10 1.30069e-10 9.29829e-11 6.64198e-11 4.74097e-11 3.38158e-11 2.41027e-11 1.71677e-11 1.22199e-11 8.69239e-12 6.17924e-12 4.38997e-12 3.11691e-12 2.21173e-12 1.56852e-12 1.11174e-12 7.87553e-13 5.576e-13 3.94583e-13 2.79081e-13 1.9729e-13 1.39402e-13 9.84516e-14 6.94981e-14 4.9037e-14 3.45843e-14 2.43805e-14 1.71798e-14 1.21007e-14 8.51964e-15 5.99592e-15 4.2181e-15 2.96624e-15 2.08512e-15 1.46517e-15 1.02917e-15 7.22647e-16 5.07236e-16 3.55911e-16 2.49645e-16 1.75048e-16 1.227e-16 8.59786e-17 6.02276e-17 4.21758e-17 2.95253e-17 2.0663e-17 1.44564e-17 1.0111e-17 7.06978e-18 4.94185e-18 3.45343e-18 2.41262e-18 1.68503e-18 1.17655e-18 8.21285e-19
0.000115426 5.04732e-05 4.26898e-05 3.54119e-05 2.89211e-05 2.33196e-05 1.86017e-05 1.47024e-05 1.1528e-05 8.97592e-06 6.94548e-06 5.34454e-06 4.09204e-06 3.11884e-06 2.36724e-06 1.78993e-06 1.34866e-06 1.01288e-06 7.58398e-07 5.66257e-07 4.21681e-07 3.13242e-07 2.32148e-07 1.71672e-07 1.26687e-07 9.33063e-08 6.85934e-08 5.03367e-08 3.6877e-08 2.6973e-08 1.96986e-08 1.4365e-08 1.04608e-08 7.6075e-09 5.52531e-09 4.00803e-09 2.90394e-09 2.10158e-09 1.51922e-09 1.09707e-09 7.91404e-10 5.70335e-10 4.10623e-10 2.9536e-10 2.1226e-10 1.52407e-10 1.09338e-10 7.8376e-11 5.61367e-11 4.01767e-11 2.87326e-11 2.05332e-11 1.46632e-11 1.0464e-11 7.46236e-12 5.31823e-12 3.78774e-12 2.696e-12 1.91777e-12 1.36337e-12 9.68675e-13 6.87853e-13 4.88172e-13 3.46269e-13 2.45485e-13 1.73945e-13 1.2319e-13 8.72022e-14 6.16974e-14 4.36314e-14 3.08411e-14 2.17902e-14 1.53886e-14 1.08629e-14 7.66489e-15 5.40609e-15 3.81137e-15 2.68597e-15 1.89213e-15 1.33238e-15 9.37863e-16 6.59913e-16 4.64166e-16 3.26363e-16 2.2939e-16 1.61174e-16 1.13205e-16 7.94853e-17 5.5791e-17 3.9147e-17 2.74595e-17 1.92552e-17 1.34979e-17 9.45915e-18 6.62683e-18 4.64119e-18 3.24956e-18 2.27455e-18 1.59162e-18 1.11343e-18 7.78694e-19
7.69505e-05 3.48057e-05 2.9737e-05 2.48872e-05 2.04885e-05 1.66415e-05 1.33649e-05 1.06305e-05 8.38535e-06 6.56615e-06 5.10842e-06 3.95137e-06 3.04049e-06 2.32855e-06 1.77563e-06 1.34866e-06 1.02063e-06 7.69784e-07 5.78772e-07 4.33888e-07 3.24385e-07 2.41897e-07 1.79951e-07 1.33565e-07 9.89232e-08 7.31175e-08 5.39397e-08 3.97191e-08 2.91967e-08 2.14263e-08 1.5699e-08 1.14851e-08 8.39018e-09 6.1207e-09 4.45914e-09 3.24447e-09 2.35777e-09 1.71136e-09 1.24075e-09 8.98563e-10 6.50054e-10 4.69789e-10 3.39175e-10 2.4464e-10 1.76289e-10 1.2692e-10 9.12969e-11 6.56164e-11 4.71205e-11 3.38111e-11 2.42422e-11 1.73682e-11 1.24342e-11 8.89546e-12 6.35941e-12 4.54328e-12 3.24366e-12 2.3143e-12 1.65018e-12 1.17591e-12 8.37446e-13 5.96053e-13 4.23998e-13 3.01439e-13 2.14189e-13 1.52112e-13 1.07969e-13 7.65978e-14 5.43143e-14 3.84944e-14 2.72692e-14 1.93083e-14 1.36651e-14 9.66686e-15 6.83542e-15 4.83121e-15 3.41319e-15 2.41037e-15 1.70149e-15 1.2006e-15 8.46825e-16 5.97064e-16 4.20806e-16 2.96469e-16 2.08793e-16 1.46993e-16 1.03448e-16 7.27767e-17 5.11816e-17 3.59823e-17 2.52882e-17 1.77666e-17 1.24781e-17 8.76107e-18 6.14933e-18 4.31484e-18 3.0267e-18 2.12249e-18 1.48796e-18 1.04283e-18 7.30647e-19
5.13003e-05 2.3975e-05 2.06877e-05 1.74648e-05 1.44907e-05 1.18541e-05 9.58327e-06 7.66987e-06 6.08534e-06 4.79155e-06 3.7475e-06 2.91337e-06 2.25268e-06 1.7333e-06 1.32772e-06 1.01288e-06 7.69784e-07 5.82994e-07 4.401e-07 3.31227e-07 2.48585e-07 1.86068e-07 1.38927e-07 1.03487e-07 7.69165e-08 5.70483e-08 4.22281e-08 3.11989e-08 2.30089e-08 1.69398e-08 1.24511e-08 9.13754e-09 6.69575e-09 4.89942e-09 3.58008e-09 2.61255e-09 1.90407e-09 1.38602e-09 1.00773e-09 7.31854e-10 5.30917e-10 3.8474e-10 2.78523e-10 2.0143e-10 1.45536e-10 1.05054e-10 7.57635e-11 5.45919e-11 3.93031e-11 2.82726e-11 2.03216e-11 1.45952e-11 1.04745e-11 7.5116e-12 5.38296e-12 3.85483e-12 2.75862e-12 1.97283e-12 1.40996e-12 1.00704e-12 7.18815e-13 5.12774e-13 3.65576e-13 2.60483e-13 1.85496e-13 1.32024e-13 9.39148e-14 6.67708e-14 4.74476e-14 3.36994e-14 2.39229e-14 1.69744e-14 1.20384e-14 8.53378e-15 6.04664e-15 4.28244e-15 3.03164e-15 2.14524e-15 1.51737e-15 1.07281e-15 7.58194e-16 5.35626e-16 3.78244e-16 2.67001e-16 1.88404e-16 1.32893e-16 9.37038e-17 6.60471e-17 4.65367e-17 3.27782e-17 2.30795e-17 1.6245e-17 1.14305e-17 8.0403e-18 5.65376e-18 3.97433e-18 2.79289e-18 1.96205e-18 1.37796e-18 9.67451e-19 6.7904e-19
3.42002e-05 1.64975e-05 1.43748e-05 1.22393e-05 1.02329e-05 8.42959e-06 6.85889e-06 5.52266e-06 4.40671e-06 3.48856e-06 2.74249e-06 2.14258e-06 1.66454e-06 1.28661e-06 9.89903e-07 7.58398e-07 5.78772e-07 4.401e-07 3.33535e-07 2.51986e-07 1.89821e-07 1.42602e-07 1.06854e-07 7.98744e-08 5.95703e-08 4.43315e-08 3.29234e-08 2.44034e-08 1.80547e-08 1.33341e-08 9.83114e-09 7.23675e-09 5.31878e-09 3.90336e-09 2.86054e-09 2.09346e-09 1.53008e-09 1.1169e-09 8.143e-10 5.92988e-10 4.31337e-10 3.13409e-10 2.27482e-10 1.64945e-10 1.19482e-10 8.64663e-11 6.25156e-11 4.51583e-11 3.25917e-11 2.35021e-11 1.69335e-11 1.2191e-11 8.76984e-12 6.30397e-12 4.52808e-12 3.25013e-12 2.33122e-12 1.67096e-12 1.1969e-12 8.56778e-13 6.12916e-13 4.38191e-13 3.13085e-13 2.23564e-13 1.59548e-13 1.13797e-13 8.11207e-14 5.77957e-14 4.11555e-14 2.9291e-14 2.08362e-14 1.48145e-14 1.05279e-14 7.478e-15 5.30917e-15 3.76762e-15 2.67245e-15 1.89479e-15 1.34283e-15 9.5125e-16 6.73576e-16 4.76759e-16 3.37314e-16 2.3856e-16 1.68651e-16 1.19183e-16 8.41927e-17 5.94529e-17 4.19674e-17 2.96139e-17 2.08893e-17 1.473e-17 1.03832e-17 7.31664e-18 5.15405e-18 3.62947e-18 2.55504e-18 1.7981e-18 1.26501e-18 8.89696e-19 6.25542e-19
2.28001e-05 1.13411e-05 9.9771e-06 8.56618e-06 7.2157e-06 5.9848e-06 4.90046e-06 3.9691e-06 3.18471e-06 2.53448e-06 2.00247e-06 1.57197e-06 1.22689e-06 9.52556e-07 7.3604e-07 5.66257e-07 4.33888e-07 3.31227e-07 2.51986e-07 1.91086e-07 1.4447e-07 1.08919e-07 8.18995e-08 6.14294e-08 4.59673e-08 3.43206e-08 2.55708e-08 1.90135e-08 1.41108e-08 1.04532e-08 7.73027e-09 5.70715e-09 4.20682e-09 3.09619e-09 2.27545e-09 1.66993e-09 1.22389e-09 8.95826e-10 6.5488e-10 4.78162e-10 3.48726e-10 2.54041e-10 1.84864e-10 1.34383e-10 9.75873e-11 7.07969e-11 5.13121e-11 3.71555e-11 2.68804e-11 1.94298e-11 1.40324e-11 1.0126e-11 7.30117e-12 5.26028e-12 3.78699e-12 2.72432e-12 1.95843e-12 1.40686e-12 1.00994e-12 7.24519e-13 5.1942e-13 3.72144e-13 2.66459e-13 1.90671e-13 1.36358e-13 9.74593e-14 6.96173e-14 4.97014e-14 3.54636e-14 2.52909e-14 1.80267e-14 1.28424e-14 9.14446e-15 6.50811e-15 4.62958e-15 3.29171e-15 2.33938e-15 1.6618e-15 1.17995e-15 8.37447e-16 5.94105e-16 4.21293e-16 2.98624e-16 2.11586e-16 1.49856e-16 1.06093e-16 7.50817e-17 5.31146e-17 3.75604e-17 2.65513e-17 1.87621e-17 1.32533e-17 9.35863e-18 6.60617e-18 4.66164e-18 3.28838e-18 2.31889e-18 1.6347e-18 1.152e-18 8.11584e-19 5.71581e-19
1.52001e-05 7.78927e-06 6.91741e-06 5.98813e-06 5.08122e-06 4.24269e-06 3.49551e-06 2.84753e-06 2.29723e-06 1.83763e-06 1.45904e-06 1.15075e-06 9.02198e-07 7.03515e-07 5.45892e-07 4.21681e-07 3.24385e-07 2.48585e-07 1.89821e-07 1.4447e-07 1.09615e-07 8.29283e-08 6.25684e-08 4.70863e-08 3.53494e-08 2.64775e-08 1.97892e-08 1.476e-08 1.09873e-08 8.16364e-09 6.05484e-09 4.48313e-09 3.31399e-09 2.44592e-09 1.80253e-09 1.32647e-09 9.74784e-10 7.15388e-10 5.24346e-10 3.83845e-10 2.80656e-10 2.04971e-10 1.49529e-10 1.08966e-10 7.9323e-11 5.76859e-11 4.19097e-11 3.0419e-11 2.20584e-11 1.59814e-11 1.15685e-11 8.36697e-12 6.04649e-12 4.36606e-12 3.15019e-12 2.27119e-12 1.63624e-12 1.17795e-12 8.47423e-13 6.09221e-13 4.37681e-13 3.14235e-13 2.25462e-13 1.61667e-13 1.15852e-13 8.29703e-14 5.93866e-14 4.24821e-14 3.03724e-14 2.17027e-14 1.54994e-14 1.10633e-14 7.89283e-15 5.62808e-15 4.01117e-15 2.8574e-15 2.03452e-15 1.44794e-15 1.03001e-15 7.32372e-16 5.20513e-16 3.69778e-16 2.62583e-16 1.86383e-16 1.32242e-16 9.37897e-17 6.64917e-17 4.71204e-17 3.33797e-17 2.36369e-17 1.67316e-17 1.18393e-17 8.3744e-18 5.92145e-18 4.18553e-18 2.95749e-18 2.08904e-18 1.47512e-18 1.04127e-18 7.34778e-19 5.18336e-19
1.01334e-05 5.34519e-06 4.79124e-06 4.18117e-06 3.57355e-06 3.00344e-06 2.48951e-06 2.03951e-06 1.65413e-06 1.32987e-06 1.06097e-06 8.40642e-07 6.61981e-07 5.18396e-07 4.03903e-07 3.13242e-07 2.41897e-07 1.86068e-07 1.42602e-07 1.08919e-07 8.29283e-08 6.2952e-08 4.76544e-08 3.59794e-08 2.70972e-08 2.03599e-08 1.52637e-08 1.14189e-08 8.52541e-09 6.35292e-09 4.72538e-09 3.50865e-09 2.60086e-09 1.92485e-09 1.42236e-09 1.04949e-09 7.73271e-10 5.68972e-10 4.18098e-10 3.06842e-10 2.24915e-10 1.64667e-10 1.2042e-10 8.79652e-11 6.41885e-11 4.679e-11 3.40731e-11 2.47882e-11 1.80164e-11 1.30826e-11 9.49135e-12 6.87996e-12 4.98283e-12 3.60587e-12 2.60733e-12 1.88383e-12 1.36006e-12 9.81189e-13 7.07348e-13 5.09574e-13 3.66844e-13 2.63915e-13 1.89741e-13 1.36326e-13 9.78868e-14 7.02429e-14 5.03756e-14 3.61063e-14 2.5864e-14 1.85167e-14 1.32492e-14 9.47512e-15 6.77248e-15 4.83822e-15 3.45464e-15 2.46548e-15 1.75869e-15 1.25391e-15 8.93595e-16 6.36521e-16 4.53197e-16 3.22528e-16 2.29434e-16 1.6314e-16 1.15952e-16 8.23793e-17 5.8503e-17 4.15302e-17 2.94698e-17 2.09036e-17 1.48217e-17 1.05054e-17 7.44332e-18 5.27183e-18 3.7325e-18 2.6417e-18 1.86903e-18 1.32191e-18 9.34627e-19 6.60588e-19 4.66746e-19
6.7556e-06 3.66502e-06 3.31544e-06 2.91632e-06 2.51019e-06 2.12332e-06 1.77046e-06 1.45848e-06 1.18907e-06 9.60705e-07 7.70054e-07 6.12891e-07 4.84722e-07 3.81166e-07 2.98177e-07 2.32148e-07 1.79951e-07 1.38927e-07 1.06854e-07 8.18995e-08 6.25684e-08 4.76544e-08 3.61915e-08 2.74118e-08 2.07091e-08 1.56077e-08 1.17362e-08 8.80583e-09 6.59354e-09 4.92735e-09 3.6753e-09 2.73649e-09 2.034e-09 1.50936e-09 1.11828e-09 8.27281e-10 6.11113e-10 4.50798e-10 3.3209e-10 2.44323e-10 1.79527e-10 1.31755e-10 9.65816e-11 7.07181e-11 5.17237e-11 3.77909e-11 2.75827e-11 2.01119e-11 1.46503e-11 1.06619e-11 7.75213e-12 5.63147e-12 4.0874e-12 2.9642e-12 2.14788e-12 1.55513e-12 1.12508e-12 8.13341e-13 5.87543e-13 4.24123e-13 3.05942e-13 2.20539e-13 1.5887e-13 1.1437e-13 8.22813e-14 5.91587e-14 4.25078e-14 3.05251e-14 2.19074e-14 1.57135e-14 1.12644e-14 8.07062e-15 5.7792e-15 4.13617e-15 2.95871e-15 2.11536e-15 1.51164e-15 1.07969e-15 7.70795e-16 5.50013e-16 3.92289e-16 2.79666e-16 1.99287e-16 1.41947e-16 1.01061e-16 7.19213e-17 5.11622e-17 3.63799e-17 2.58582e-17 1.83722e-17 1.30483e-17 9.26362e-18 6.57417e-18 4.66379e-18 3.30733e-18 2.34454e-18 1.66144e-18 1.17695e-18 8.33451e-19 5.90004e-19 4.17526e-19
4.50373e-06 2.51106e-06 2.29217e-06 2.03203e-06 1.76123e-06 1.49922e-06 1.25737e-06 1.04144e-06 8.5341e-07 6.92853e-07 5.5792e-07 4.46013e-07 3.54236e-07 2.79695e-07 2.19661e-07 1.71672e-07 1.33565e-07 1.03487e-07 7.98744e-08 6.14294e-08 4.70863e-08 3.59794e-08 2.74118e-08 2.08267e-08 1.57823e-08 1.19302e-08 8.99721e-09 6.77025e-09 5.08375e-09 3.80969e-09 2.84945e-09 2.12733e-09 1.58543e-09 1.17958e-09 8.76209e-10 6.49853e-10 4.81255e-10 3.55888e-10 2.62815e-10 1.93825e-10 1.42762e-10 1.05021e-10 7.71645e-11 5.66313e-11 4.15152e-11 3.04008e-11 2.22385e-11 1.62511e-11 1.18639e-11 8.65274e-12 6.30483e-12 4.58985e-12 3.3384e-12 2.42607e-12 1.76159e-12 1.27806e-12 9.26513e-13 6.71142e-13 4.8579e-13 3.51368e-13 2.53958e-13 1.83424e-13 1.32389e-13 9.5489e-14 6.88289e-14 4.95802e-14 3.56922e-14 2.56786e-14 1.84632e-14 1.32674e-14 9.52829e-15 6.83908e-15 4.90614e-15 3.51759e-15 2.52069e-15 1.80537e-15 1.29238e-15 9.24692e-16 6.61285e-16 4.72682e-16 3.37709e-16 2.41165e-16 1.72141e-16 1.22818e-16 8.75877e-17 6.24362e-17 4.44881e-17 3.1686e-17 2.25586e-17 1.60538e-17 1.14202e-17 8.1207e-18 5.77227e-18 4.10141e-18 2.91311e-18 2.06832e-18 1.46799e-18 1.04153e-18 7.38693e-19 5.23728e-19 3.71192e-19
3.00249e-06 1.71918e-06 1.58337e-06 1.4145e-06 1.2344e-06 1.05729e-06 8.91817e-07 7.42609e-07 6.11588e-07 4.98887e-07 4.03548e-07 3.24001e-07 2.58401e-07 2.04842e-07 1.61497e-07 1.26687e-07 9.89232e-08 7.69165e-08 5.95703e-08 4.59673e-08 3.53494e-08 2.70972e-08 2.07091e-08 1.57823e-08 1.19955e-08 9.09426e-09 6.87826e-09 5.19042e-09 3.9083e-09 2.93683e-09 2.20251e-09 1.6487e-09 1.23192e-09 9.18926e-10 6.84321e-10 5.08805e-10 3.7773e-10 2.80011e-10 2.07279e-10 1.5323e-10 1.13126e-10 8.34124e-11 6.14279e-11 4.51841e-11 3.31977e-11 2.43639e-11 1.78615e-11 1.30808e-11 9.56999e-12 6.99455e-12 5.10732e-12 3.72582e-12 2.71555e-12 1.97748e-12 1.43877e-12 1.04595e-12 7.59757e-13 5.51435e-13 3.99925e-13 2.89824e-13 2.09879e-13 1.51877e-13 1.09827e-13 7.93651e-14 5.73134e-14 4.13617e-14 2.98305e-14 2.15006e-14 1.54872e-14 1.11489e-14 8.02116e-15 5.76753e-15 4.14473e-15 2.97688e-15 2.13693e-15 1.53316e-15 1.0994e-15 7.87957e-16 5.64455e-16 4.04148e-16 2.89228e-16 2.06887e-16 1.47918e-16 1.05709e-16 7.55096e-17 5.39139e-17 3.84777e-17 2.74492e-17 1.95734e-17 1.39516e-17 9.94034e-18 7.07953e-18 5.04006e-18 3.58671e-18 2.55147e-18 1.81435e-18 1.2897e-18 9.16423e-19 6.50949e-19 4.62214e-19 3.28085e-19
2.00166e-06 1.17621e-06 1.09287e-06 9.8373e-07 8.64262e-07 7.44789e-07 6.31759e-07 5.28821e-07 4.37667e-07 3.58682e-07 2.91426e-07 2.34975e-07 1.88164e-07 1.49749e-07 1.18509e-07 9.33063e-08 7.31175e-08 5.70483e-08 4.43315e-08 3.43206e-08 2.64775e-08 2.03599e-08 1.56077e-08 1.19302e-08 9.09426e-09 6.91459e-09 5.24449e-09 3.96854e-09 2.9964e-09 2.25764e-09 1.69761e-09 1.27405e-09 9.5442e-10 7.13722e-10 5.32828e-10 3.97138e-10 2.95542e-10 2.19608e-10 1.62948e-10 1.20739e-10 8.93437e-11 6.60263e-11 4.87333e-11 3.5926e-11 2.64535e-11 1.94565e-11 1.42944e-11 1.04907e-11 7.69123e-12 5.63311e-12 4.1217e-12 3.01295e-12 2.20042e-12 1.60557e-12 1.1705e-12 8.52601e-13 6.20523e-13 4.5125e-13 3.27895e-13 2.38076e-13 1.72731e-13 1.2523e-13 9.07258e-14 6.56825e-14 4.75194e-14 3.43558e-14 2.48225e-14 1.7923e-14 1.29332e-14 9.32675e-15 6.72193e-15 4.84174e-15 3.48544e-15 2.50766e-15 1.80317e-15 1.29589e-15 9.30823e-16 6.68249e-16 4.79497e-16 3.43885e-16 2.46505e-16 1.76614e-16 1.26479e-16 9.05327e-17 6.47727e-17 4.63214e-17 3.31113e-17 2.36582e-17 1.68965e-17 1.20623e-17 8.60755e-18 6.13975e-18 4.3777e-18 3.1201e-18 2.2229e-18 1.58308e-18 1.127e-18 8.02007e-19 5.70523e-19 4.05705e-19 2.88398e-19
1.33444e-06 8.04203e-07 7.53746e-07 6.83549e-07 6.04521e-07 5.24085e-07 4.4701e-07 3.76104e-07 3.12783e-07 2.57511e-07 2.10139e-07 1.70141e-07 1.36791e-07 1.09285e-07 8.68083e-08 6.85934e-08 5.39397e-08 4.22281e-08 3.29234e-08 2.55708e-08 1.97892e-08 1.52637e-08 1.17362e-08 8.99721e-09 6.87826e-09 5.24449e-09 3.9888e-09 3.02657e-09 2.29129e-09 1.73092e-09 1.30492e-09 9.81835e-10 7.37362e-10 5.52768e-10 4.13674e-10 3.09069e-10 2.30549e-10 1.71715e-10 1.27706e-10 9.4842e-11 7.03387e-11 5.20972e-11 3.85371e-11 2.84712e-11 2.10095e-11 1.54853e-11 1.14008e-11 8.38458e-12 6.1598e-12 4.5207e-12 3.31446e-12 2.42771e-12 1.77653e-12 1.29882e-12 9.48724e-13 6.92391e-13 5.04887e-13 3.67857e-13 2.67801e-13 1.94807e-13 1.416e-13 1.02848e-13 7.46468e-14 5.41396e-14 3.92388e-14 2.84196e-14 2.05698e-14 1.48785e-14 1.07549e-14 7.76934e-15 5.60911e-15 4.04708e-15 2.91832e-15 2.10317e-15 1.51484e-15 1.09049e-15 7.84577e-16 5.64181e-16 4.05483e-16 2.91275e-16 2.09129e-16 1.50075e-16 1.07644e-16 7.71727e-17 5.53009e-17 3.96095e-17 2.83575e-17 2.02928e-17 1.45153e-17 1.03782e-17 7.41702e-18 5.29854e-18 3.78359e-18 2.70069e-18 1.92695e-18 1.37435e-18 9.79837e-19 6.98304e-19 4.97476e-19 3.54273e-19 2.522e-19
8.89626e-07 5.4951e-07 5.19474e-07 4.74572e-07 4.22446e-07 3.68404e-07 3.15936e-07 2.67169e-07 2.23246e-07 1.84626e-07 1.51308e-07 1.2301e-07 9.92882e-08 7.96233e-08 6.34788e-08 5.03367e-08 3.97191e-08 3.11989e-08 2.44034e-08 1.90135e-08 1.476e-08 1.14189e-08 8.80583e-09 6.77025e-09 5.19042e-09 3.96854e-09 3.02657e-09 2.30261e-09 1.74779e-09 1.32375e-09 1.0005e-09 7.54671e-10 5.68158e-10 4.26958e-10 3.20287e-10 2.39862e-10 1.79341e-10 1.33882e-10 9.97952e-11 7.42798e-11 5.52109e-11 4.0982e-11 3.03806e-11 2.24932e-11 1.66332e-11 1.22854e-11 9.06368e-12 6.6794e-12 4.91702e-12 3.61586e-12 2.65632e-12 1.94949e-12 1.42936e-12 1.04703e-12 7.66262e-13 5.60289e-13 4.09328e-13 2.98789e-13 2.17922e-13 1.58814e-13 1.15648e-13 8.41496e-14 6.11848e-14 4.44548e-14 3.22763e-14 2.34177e-14 1.69789e-14 1.23023e-14 8.90795e-15 6.44602e-15 4.66158e-15 3.36905e-15 2.43345e-15 1.75663e-15 1.26732e-15 9.13788e-16 6.58512e-16 4.74291e-16 3.41424e-16 2.45649e-16 1.76649e-16 1.26966e-16 9.12107e-17 6.54926e-17 4.70035e-17 3.37181e-17 2.41765e-17 1.73271e-17 1.24126e-17 8.8881e-18 6.36158e-18 4.5513e-18 3.25479e-18 2.32665e-18 1.6625e-18 1.18745e-18 8.47812e-19 6.05082e-19 4.3168e-19 3.07854e-19 2.19465e-19
5.93084e-07 3.75257e-07 3.57768e-07 3.29222e-07 2.94948e-07 2.58715e-07 2.23058e-07 1.89568e-07 1.59146e-07 1.32198e-07 1.08798e-07 8.88075e-08 7.19589e-08 5.79219e-08 4.63437e-08 3.6877e-08 2.91967e-08 2.30089e-08 1.80547e-08 1.41108e-08 1.09873e-08 8.52541e-09 6.59354e-09 5.08375e-09 3.9083e-09 2.9964e-09 2.29129e-09 1.74779e-09 1.33009e-09 1.00995e-09 7.6523e-10 5.78629e-10 4.36679e-10 3.28938e-10 2.47337e-10 1.85659e-10 1.39132e-10 1.041e-10 7.77689e-11 5.80125e-11 4.32135e-11 3.21456e-11 2.38806e-11 1.77179e-11 1.31292e-11 9.71724e-12 7.18357e-12 5.30452e-12 3.91268e-12 2.88297e-12 2.12205e-12 1.56039e-12 1.14627e-12 8.41252e-13 6.16825e-13 4.51862e-13 3.30725e-13 2.41855e-13 1.76717e-13 1.29018e-13 9.41178e-14 6.86052e-14 4.99702e-14 3.637e-14 2.6452e-14 1.9225e-14 1.39628e-14 1.0134e-14 7.35027e-15 5.32772e-15 3.85924e-15 2.79377e-15 2.02122e-15 1.46142e-15 1.05604e-15 7.62671e-16 5.50486e-16 3.97113e-16 2.86315e-16 2.06321e-16 1.48598e-16 1.06969e-16 7.69631e-17 5.53466e-17 3.9782e-17 2.85807e-17 2.05236e-17 1.4731e-17 1.05685e-17 7.57874e-18 5.43236e-18 3.89217e-18 2.78745e-18 1.99545e-18 1.42788e-18 1.02133e-18 7.30242e-19 5.21907e-19 3.72864e-19 2.66281e-19 1.90092e-19
3.95389e-07 2.56115e-07 2.46236e-07 2.28217e-07 2.05755e-07 1.81515e-07 1.57324e-07 1.3436e-07 1.13318e-07 9.45409e-08 7.81299e-08 6.40272e-08 5.20775e-08 4.20724e-08 3.37815e-08 2.6973e-08 2.14263e-08 1.69398e-08 1.33341e-08 1.04532e-08 8.16364e-09 6.35292e-09 4.92735e-09 3.80969e-09 2.93683e-09 2.25764e-09 1.73092e-09 1.32375e-09 1.00995e-09 7.68778e-10 5.83929e-10 4.42606e-10 3.34821e-10 2.52803e-10 1.90529e-10 1.43344e-10 1.07663e-10 8.07329e-11 6.04447e-11 4.5187e-11 3.37318e-11 2.51453e-11 1.87192e-11 1.39172e-11 1.03339e-11 7.66379e-12 5.67686e-12 4.20022e-12 3.1042e-12 2.29169e-12 1.69007e-12 1.24511e-12 9.16386e-13 6.73794e-13 4.94954e-13 3.63248e-13 2.6635e-13 1.95129e-13 1.42831e-13 1.04462e-13 7.63388e-14 5.57425e-14 4.06715e-14 2.96529e-14 2.16034e-14 1.57276e-14 1.14418e-14 8.31816e-15 6.04317e-15 4.38748e-15 3.18334e-15 2.3082e-15 1.67261e-15 1.21129e-15 8.76682e-16 6.34133e-16 4.58425e-16 3.31216e-16 2.39173e-16 1.72614e-16 1.24511e-16 8.97659e-17 6.4683e-17 4.65853e-17 3.35344e-17 2.41279e-17 1.73516e-17 1.24725e-17 8.96119e-18 6.43544e-18 4.6195e-18 3.31451e-18 2.37713e-18 1.70412e-18 1.22114e-18 8.74677e-19 6.26256e-19 4.4821e-19 3.20655e-19 2.2931e-19 1.63923e-19
2.63593e-07 1.74706e-07 1.69366e-07 1.58085e-07 1.43418e-07 1.27237e-07 1.10853e-07 9.51308e-08 8.05969e-08 6.75307e-08 5.60364e-08 4.61011e-08 3.76376e-08 3.05164e-08 2.45881e-08 1.96986e-08 1.5699e-08 1.24511e-08 9.83114e-09 7.73027e-09 6.05484e-09 4.72538e-09 3.6753e-09 2.84945e-09 2.20251e-09 1.69761e-09 1.30492e-09 1.0005e-09 7.6523e-10 5.83929e-10 4.44598e-10 3.37798e-10 2.56135e-10 1.93838e-10 1.46422e-10 1.10407e-10 8.31083e-11 6.24563e-11 4.68619e-11 3.51074e-11 2.62626e-11 1.96181e-11 1.46346e-11 1.09024e-11 8.11163e-12 6.02769e-12 4.47371e-12 3.31647e-12 2.45578e-12 1.81645e-12 1.34212e-12 9.90617e-13 7.30431e-13 5.38052e-13 3.9596e-13 2.9112e-13 2.13844e-13 1.56941e-13 1.15079e-13 8.43122e-14 6.17199e-14 4.5145e-14 3.29953e-14 2.40968e-14 1.75849e-14 1.28234e-14 9.34439e-15 6.80446e-15 4.9515e-15 3.6007e-15 2.61667e-15 1.90034e-15 1.37923e-15 1.0004e-15 7.25175e-16 5.25356e-16 3.80373e-16 2.75243e-16 1.99056e-16 1.43878e-16 1.03939e-16 7.50462e-17 5.41566e-17 3.90615e-17 2.81596e-17 2.02903e-17 1.46129e-17 1.0519e-17 7.56848e-18 5.44301e-18 3.91264e-18 2.81129e-18 2.01905e-18 1.44944e-18 1.04008e-18 7.46014e-19 5.34868e-19 3.83326e-19 2.74608e-19 1.96646e-19 1.40762e-19
1.75729e-07 1.19113e-07 1.16423e-07 1.09429e-07 9.9889e-08 8.91137e-08 7.80366e-08 6.72879e-08 5.7263e-08 4.81827e-08 4.01426e-08 3.31524e-08 2.7166e-08 2.21043e-08 1.78713e-08 1.4365e-08 1.14851e-08 9.13754e-09 7.23675e-09 5.70715e-09 4.48313e-09 3.50865e-09 2.73649e-09 2.12733e-09 1.6487e-09 1.27405e-09 9.81835e-10 7.54671e-10 5.78629e-10 4.42606e-10 3.37798e-10 2.57254e-10 1.95513e-10 1.48297e-10 1.12271e-10 8.48434e-11 6.40046e-11 4.82033e-11 3.62444e-11 2.721e-11 2.0397e-11 1.52677e-11 1.14123e-11 8.51892e-12 6.35078e-12 4.72844e-12 3.51621e-12 2.61164e-12 1.93754e-12 1.43581e-12 1.06285e-12 7.85931e-13 5.80563e-13 4.28428e-13 3.15851e-13 2.32634e-13 1.71183e-13 1.2585e-13 9.24412e-14 6.78427e-14 4.9748e-14 3.64496e-14 2.66846e-14 1.95204e-14 1.42687e-14 1.04221e-14 7.60692e-15 5.54818e-15 4.04378e-15 2.94528e-15 2.14375e-15 1.55932e-15 1.13348e-15 8.23419e-16 5.97802e-16 4.3374e-16 3.14516e-16 2.2793e-16 1.65086e-16 1.19502e-16 8.64567e-17 6.25153e-17 4.51795e-17 3.26339e-17 2.35599e-17 1.70003e-17 1.22609e-17 8.83846e-18 6.36826e-18 4.58627e-18 3.30138e-18 2.37538e-18 1.70833e-18 1.22806e-18 8.82424e-19 6.33793e-19 4.55023e-19 3.26541e-19 2.34241e-19 1.67962e-19 1.20389e-19
1.17152e-07 8.11698e-08 7.99834e-08 7.56982e-08 6.95198e-08 6.23617e-08 5.4886e-08 4.75484e-08 4.0643e-08 3.43408e-08 2.8724e-08 2.38121e-08 1.95833e-08 1.59902e-08 1.29718e-08 1.04608e-08 8.39018e-09 6.69575e-09 5.31878e-09 4.20682e-09 3.31399e-09 2.60086e-09 2.034e-09 1.58543e-09 1.23192e-09 9.5442e-10 7.37362e-10 5.68158e-10 4.36679e-10 3.34821e-10 2.56135e-10 1.95513e-10 1.48927e-10 1.13214e-10 8.59002e-11 6.5056e-11 4.91826e-11 3.71189e-11 2.79683e-11 2.10402e-11 1.58042e-11 1.18537e-11 8.87803e-12 6.64022e-12 4.95986e-12 3.69995e-12 2.75664e-12 2.05133e-12 1.52469e-12 1.13196e-12 8.39459e-13 6.21869e-13 4.60196e-13 3.40207e-13 2.51253e-13 1.85379e-13 1.36646e-13 1.00632e-13 7.40436e-14 5.44324e-14 3.99813e-14 2.93423e-14 2.15168e-14 1.57657e-14 1.15429e-14 8.44469e-15 6.17348e-15 4.50983e-15 3.29215e-15 2.40158e-15 1.75073e-15 1.27541e-15 9.28524e-16 6.75553e-16 4.91192e-16 3.56923e-16 2.592e-16 1.88121e-16 1.36454e-16 9.89199e-17 7.16702e-17 5.18983e-17 3.75606e-17 2.71693e-17 1.96426e-17 1.41937e-17 1.02511e-17 7.39996e-18 5.33919e-18 3.85046e-18 2.77552e-18 1.99974e-18 1.44013e-18 1.03666e-18 7.45893e-19 5.36446e-19 3.85646e-19 2.77119e-19 1.9905e-19 1.42916e-19 1.0257e-19
