0.7394 0.0342 0.0219857 0.0141337 0.00908593 0.00584096 0.0037549 0.00241387 0.00155177 0.000997567 0.000641293 0.00041226 0.000265024 0.000170373 0.000109525 7.04091e-05 4.5263e-05 2.90976e-05 1.87056e-05 1.2025e-05 7.73039e-06 4.96953e-06 3.1947e-06 2.05374e-06 1.32026e-06 8.48738e-07 5.45617e-07 3.50754e-07 2.25485e-07 1.44954e-07 9.3185e-08 5.99046e-08 3.85101e-08 2.47565e-08 1.59149e-08 1.0231e-08 6.57707e-09 4.22812e-09 2.71808e-09 1.74733e-09 1.12329e-09 7.22113e-10 4.64215e-10 2.98424e-10 1.91844e-10 1.23328e-10 7.92825e-11 5.09673e-11 3.27647e-11 2.1063e-11 1.35405e-11 8.70462e-12 5.59583e-12 3.59732e-12 2.31256e-12 1.48665e-12 9.55701e-13 6.14379e-13 3.94958e-13 2.53902e-13 1.63223e-13 1.04929e-13 6.74542e-14 4.33634e-14 2.78765e-14 1.79206e-14 1.15204e-14 7.40596e-15 4.76097e-15 3.06063e-15 1.96755e-15 1.26485e-15 8.13118e-16 5.22719e-16 3.36034e-16 2.16022e-16 1.38871e-16 8.92742e-17 5.73906e-17 3.68939e-17 2.37175e-17 1.5247e-17 9.80163e-18 6.30105e-18 4.05068e-18 2.60401e-18 1.674e-18 1.07615e-18 6.91808e-19 4.44733e-19 2.859e-19 1.83793e-19 1.18153e-19 7.59552e-20 4.88284e-20 3.13897e-20 2.01791e-20 1.29723e-20 8.33931e-21 5.36098e-21 3.44635e-21
0.0342 0.00676525 0.00461759 0.00314106 0.00213022 0.00144076 0.00097206 0.000654375 0.000439621 0.000294797 0.000197344 0.000131899 8.80287e-05 5.86706e-05 3.90544e-05 2.59663e-05 1.72454e-05 1.14417e-05 7.58382e-06 5.02217e-06 3.32295e-06 2.19687e-06 1.45129e-06 9.58054e-07 6.32016e-07 4.16661e-07 2.74517e-07 1.80759e-07 1.18956e-07 7.8242e-08 5.14364e-08 3.37979e-08 2.21975e-08 1.45722e-08 9.56219e-09 6.27207e-09 4.11237e-09 2.6953e-09 1.76589e-09 1.15655e-09 7.57218e-10 4.95602e-10 3.2427e-10 2.12104e-10 1.38696e-10 9.06676e-11 5.92546e-11 3.87147e-11 2.52881e-11 1.65139e-11 1.07814e-11 7.03724e-12 4.59228e-12 2.99611e-12 1.95431e-12 1.2745e-12 8.30994e-13 5.41713e-13 3.53068e-13 2.30073e-13 1.49897e-13 9.76441e-14 6.3595e-14 4.14121e-14 2.69625e-14 1.75519e-14 1.14241e-14 7.43448e-15 4.83746e-15 3.14717e-15 2.04721e-15 1.33151e-15 8.65902e-16 5.63035e-16 3.66055e-16 2.37959e-16 1.5467e-16 1.00521e-16 6.53214e-17 4.24429e-17 2.75744e-17 1.79126e-17 1.16349e-17 7.55656e-18 4.90726e-18 3.18647e-18 2.06889e-18 1.34314e-18 8.71898e-19 5.65937e-19 3.67308e-19 2.38371e-19 1.54682e-19 1.00366e-19 6.51172e-20 4.22444e-20 2.74036e-20 1.7775e-20 1.15286e-20 7.47674e-21 4.84856e-21
0.0219857 0.00461759 0.00319418 0.00220062 0.00151068 0.00103373 0.000705332 0.000480011 0.000325899 0.00022079 0.000149286 0.000100755 6.78875e-05 4.56707e-05 3.06802e-05 2.05824e-05 1.37908e-05 9.22933e-06 6.16983e-06 4.12027e-06 2.74886e-06 1.83223e-06 1.22019e-06 8.11927e-07 5.3984e-07 3.58666e-07 2.38126e-07 1.5799e-07 1.04754e-07 6.9414e-08 4.59692e-08 3.04257e-08 2.01271e-08 1.33075e-08 8.79417e-09 5.80879e-09 3.8351e-09 2.5309e-09 1.66951e-09 1.10084e-09 7.25581e-10 4.78059e-10 3.14859e-10 2.07298e-10 1.36435e-10 8.97651e-11 5.90404e-11 3.88199e-11 2.55168e-11 1.67676e-11 1.10151e-11 7.23414e-12 4.7497e-12 3.11767e-12 2.0459e-12 1.34223e-12 8.80375e-13 5.77303e-13 3.78477e-13 2.48072e-13 1.62563e-13 1.06505e-13 6.97638e-14 4.56879e-14 2.99148e-14 1.95833e-14 1.28175e-14 8.38766e-15 5.48782e-15 3.58989e-15 2.34794e-15 1.53539e-15 1.00388e-15 6.56251e-16 4.28935e-16 2.80314e-16 1.8316e-16 1.19661e-16 7.81647e-17 5.10512e-17 3.33381e-17 2.17678e-17 1.42112e-17 9.27657e-18 6.05464e-18 3.95124e-18 2.57824e-18 1.68213e-18 1.09735e-18 7.15774e-19 4.66828e-19 3.04431e-19 1.98505e-19 1.29421e-19 8.43704e-20 5.49958e-20 3.58445e-20 2.33599e-20 1.52221e-20 9.91824e-21 6.46177e-21
0.0141337 0.00314106 0.00220062 0.0015344 0.00106539 0.000736983 0.000508113 0.000349271 0.000239434 0.000163734 0.000111716 7.6066e-05 5.16939e-05 3.5069e-05 2.37518e-05 1.60624e-05 1.08469e-05 7.31517e-06 4.92722e-06 3.31491e-06 2.22772e-06 1.49554e-06 1.00302e-06 6.72066e-07 4.49916e-07 3.00943e-07 2.01136e-07 1.34327e-07 8.96439e-08 5.97826e-08 3.98419e-08 2.65355e-08 1.76623e-08 1.17494e-08 7.81151e-09 5.19062e-09 3.44729e-09 2.28832e-09 1.51825e-09 1.00686e-09 6.67415e-10 4.42216e-10 2.92879e-10 1.93894e-10 1.28312e-10 8.48802e-11 5.61283e-11 3.71023e-11 2.4517e-11 1.61952e-11 1.06945e-11 7.05989e-12 4.65906e-12 3.07373e-12 2.02724e-12 1.33666e-12 8.81072e-13 5.8061e-13 3.82509e-13 2.51934e-13 1.6589e-13 1.09206e-13 7.18733e-14 4.72918e-14 3.11103e-14 2.04608e-14 1.34539e-14 8.84459e-15 5.81321e-15 3.82001e-15 2.50972e-15 1.64854e-15 1.08266e-15 7.10883e-16 4.66686e-16 3.06318e-16 2.01021e-16 1.31897e-16 8.65274e-17 5.67543e-17 3.72197e-17 2.44048e-17 1.59996e-17 1.04875e-17 6.8734e-18 4.50406e-18 2.95102e-18 1.9332e-18 1.26625e-18 8.29276e-19 5.43025e-19 3.55534e-19 2.32747e-19 1.52346e-19 9.97056e-20 6.52459e-20 4.26906e-20 2.79292e-20 1.82697e-20 1.19495e-20 7.81484e-21
0.00908593 0.00213022 0.00151068 0.00106539 0.000747716 0.000522526 0.000363771 0.000252387 0.000174572 0.000120412 8.2845e-05 5.68659e-05 3.89502e-05 2.66263e-05 1.81685e-05 1.23762e-05 8.41722e-06 5.7162e-06 3.87653e-06 2.6255e-06 1.77602e-06 1.19999e-06 8.09907e-07 5.4606e-07 3.67805e-07 2.47507e-07 1.66407e-07 1.11786e-07 7.50322e-08 5.03238e-08 3.37269e-08 2.25876e-08 1.51171e-08 1.01107e-08 6.75809e-09 4.51442e-09 3.01388e-09 2.01098e-09 1.34108e-09 8.93865e-10 5.95485e-10 3.96514e-10 2.639e-10 1.75559e-10 1.16739e-10 7.75924e-11 5.15517e-11 3.42366e-11 2.27284e-11 1.50828e-11 1.00054e-11 6.6348e-12 4.39815e-12 2.91451e-12 1.9307e-12 1.27857e-12 8.46444e-13 5.60192e-13 3.70635e-13 2.45148e-13 1.62101e-13 1.07158e-13 7.08176e-14 4.6789e-14 3.09053e-14 2.04086e-14 1.34736e-14 8.89301e-15 5.86828e-15 3.87143e-15 2.55348e-15 1.68382e-15 1.11011e-15 7.31712e-16 4.82197e-16 3.17701e-16 2.09279e-16 1.3783e-16 9.07571e-17 5.97493e-17 3.93282e-17 2.58818e-17 1.70297e-17 1.12032e-17 7.36887e-18 4.84602e-18 3.18637e-18 2.09477e-18 1.37691e-18 9.04906e-19 5.94612e-19 3.90658e-19 2.56622e-19 1.68549e-19 1.10686e-19 7.26771e-20 4.77133e-20 3.13199e-20 2.05561e-20 1.34897e-20 8.85128e-21
0.00584096 0.00144076 0.00103373 0.000736983 0.000522526 0.000368685 0.000259025 0.000181287 0.000126445 8.79201e-05 6.09606e-05 4.21591e-05 2.90874e-05 2.0025e-05 1.37583e-05 9.43497e-06 6.45892e-06 4.4144e-06 3.01245e-06 2.0528e-06 1.39697e-06 9.49452e-07 6.44522e-07 4.37026e-07 2.96011e-07 2.00291e-07 1.35391e-07 9.14358e-08 6.16957e-08 4.15934e-08 2.80182e-08 1.88589e-08 1.26844e-08 8.52533e-09 5.72601e-09 3.84331e-09 2.57799e-09 1.72818e-09 1.15781e-09 7.75244e-10 5.18797e-10 3.46996e-10 2.31967e-10 1.54992e-10 1.0351e-10 6.90953e-11 4.61017e-11 3.07463e-11 2.04966e-11 1.3658e-11 9.0974e-12 6.05724e-12 4.03148e-12 2.6822e-12 1.78386e-12 1.18597e-12 7.882e-13 5.23664e-13 3.47796e-13 2.30918e-13 1.53268e-13 1.01699e-13 6.746e-14 4.47354e-14 2.96572e-14 1.96557e-14 1.30235e-14 8.62678e-15 5.7129e-15 3.78227e-15 2.50345e-15 1.6566e-15 1.09595e-15 7.24874e-16 4.79327e-16 3.16886e-16 2.09448e-16 1.38406e-16 9.14407e-17 6.03993e-17 3.98873e-17 2.63359e-17 1.73851e-17 1.14741e-17 7.57139e-18 4.99518e-18 3.29492e-18 2.173e-18 1.43283e-18 9.44615e-19 6.22641e-19 4.10343e-19 2.70384e-19 1.78133e-19 1.17337e-19 7.72785e-20 5.08875e-20 3.3504e-20 2.20554e-20 1.45167e-20 9.55333e-21
0.0037549 0.00097206 0.000705332 0.000508113 0.000363771 0.000259025 0.000183562 0.000129533 9.1061e-05 6.37967e-05 4.45571e-05 3.10318e-05 2.15562e-05 1.49383e-05 1.03294e-05 7.12785e-06 4.90928e-06 3.37526e-06 2.31672e-06 1.58769e-06 1.08647e-06 7.42458e-07 5.06708e-07 3.45388e-07 2.35151e-07 1.5992e-07 1.08642e-07 7.3732e-08 4.99913e-08 3.38635e-08 2.29186e-08 1.5498e-08 1.04716e-08 7.06986e-09 4.76963e-09 3.21548e-09 2.16624e-09 1.4584e-09 9.81223e-10 6.59764e-10 4.43351e-10 2.97753e-10 1.99857e-10 1.34074e-10 8.98967e-11 6.02448e-11 4.03534e-11 2.70167e-11 1.80792e-11 1.20929e-11 8.08519e-12 5.40334e-12 3.60955e-12 2.41028e-12 1.60883e-12 1.07345e-12 7.15969e-13 4.77359e-13 3.18156e-13 2.11974e-13 1.41182e-13 9.40001e-14 6.25658e-14 4.163e-14 2.76912e-14 1.84138e-14 1.2241e-14 8.13509e-15 5.40485e-15 3.58992e-15 2.38378e-15 1.58245e-15 1.05022e-15 6.96818e-16 4.62219e-16 3.06527e-16 2.03228e-16 1.34709e-16 8.92701e-17 5.91447e-17 3.91767e-17 2.59444e-17 1.71777e-17 1.13708e-17 7.52538e-18 4.97938e-18 3.29408e-18 2.17874e-18 1.44076e-18 9.52565e-19 6.29673e-19 4.16153e-19 2.74987e-19 1.81674e-19 1.20004e-19 7.9254e-20 5.23327e-20 3.45502e-20 2.28063e-20 1.50518e-20 9.9323e-21
0.00241387 0.000654375 0.000480011 0.000349271 0.000252387 0.000181287 0.000129533 9.21243e-05 6.52474e-05 4.60395e-05 3.23765e-05 2.26984e-05 1.58687e-05 1.10653e-05 7.6975e-06 5.34291e-06 3.70096e-06 2.55871e-06 1.76583e-06 1.2166e-06 8.36874e-07 5.74814e-07 3.94261e-07 2.70062e-07 1.84755e-07 1.26243e-07 8.61638e-08 5.8745e-08 4.00099e-08 2.72229e-08 1.8505e-08 1.25676e-08 8.52777e-09 5.78172e-09 3.91679e-09 2.65135e-09 1.79342e-09 1.21223e-09 8.18822e-10 5.52718e-10 3.72853e-10 2.51362e-10 1.69356e-10 1.14038e-10 7.67451e-11 5.16195e-11 3.47013e-11 2.3316e-11 1.56583e-11 1.05105e-11 7.05172e-12 4.72897e-12 3.16989e-12 2.12389e-12 1.42244e-12 9.52262e-13 6.3724e-13 4.26264e-13 2.85028e-13 1.90516e-13 1.27297e-13 8.50254e-14 5.6771e-14 3.78928e-14 2.52837e-14 1.68648e-14 1.12457e-14 7.49639e-15 4.99558e-15 3.32804e-15 2.21648e-15 1.47575e-15 9.82292e-16 6.53653e-16 4.34847e-16 2.89207e-16 1.92295e-16 1.27825e-16 8.49483e-17 5.64399e-17 3.74897e-17 2.48962e-17 1.65293e-17 1.09717e-17 7.2811e-18 4.83084e-18 3.20445e-18 2.12516e-18 1.40908e-18 9.34097e-19 6.19097e-19 4.1024e-19 2.71788e-19 1.80028e-19 1.19224e-19 7.89419e-20 5.22601e-20 3.45902e-20 2.28906e-20 1.51455e-20 1.00193e-20
0.00155177 0.000439621 0.000325899 0.000239434 0.000174572 0.000126445 9.1061e-05 6.52474e-05 4.6541e-05 3.30638e-05 2.34037e-05 1.65112e-05 1.16133e-05 8.14574e-06 5.69892e-06 3.97764e-06 2.77015e-06 1.92527e-06 1.33551e-06 9.24751e-07 6.39247e-07 4.41187e-07 3.04036e-07 2.09224e-07 1.43785e-07 9.86872e-08 6.76521e-08 4.63232e-08 3.16838e-08 2.1648e-08 1.47761e-08 1.00759e-08 6.86442e-09 4.67238e-09 3.17762e-09 2.15927e-09 1.46612e-09 9.94721e-10 6.74392e-10 4.56894e-10 3.09329e-10 2.09285e-10 1.41506e-10 9.56188e-11 6.45728e-11 4.35815e-11 2.93974e-11 1.98188e-11 1.3354e-11 8.99338e-12 6.05361e-12 4.07279e-12 2.73882e-12 1.84091e-12 1.23681e-12 8.30584e-13 5.5754e-13 3.74099e-13 2.50911e-13 1.6822e-13 1.12737e-13 7.55252e-14 5.05771e-14 3.38577e-14 2.26572e-14 1.51567e-14 1.01357e-14 6.77574e-15 4.52813e-15 3.02512e-15 2.02036e-15 1.34891e-15 9.00339e-16 6.0076e-16 4.00747e-16 2.67249e-16 1.78172e-16 1.18753e-16 7.9129e-17 5.27122e-17 3.51054e-17 2.33736e-17 1.55586e-17 1.0354e-17 6.88874e-18 4.58216e-18 3.04718e-18 2.02595e-18 1.34666e-18 8.94941e-19 5.94614e-19 3.94987e-19 2.62324e-19 1.74182e-19 1.15633e-19 7.67484e-20 5.09298e-20 3.37902e-20 2.24143e-20 1.48654e-20 9.85707e-21
0.000997567 0.000294797 0.00022079 0.000163734 0.000120412 8.79201e-05 6.37967e-05 4.60395e-05 3.30638e-05 2.36422e-05 1.68393e-05 1.19514e-05 8.45488e-06 5.96361e-06 4.19494e-06 2.94338e-06 2.06039e-06 1.43915e-06 1.00318e-06 6.97949e-07 4.84719e-07 3.36065e-07 2.3263e-07 1.60788e-07 1.10975e-07 7.64903e-08 5.26537e-08 3.62009e-08 2.48601e-08 1.7053e-08 1.16852e-08 7.99879e-09 5.47001e-09 3.73718e-09 2.55097e-09 1.73977e-09 1.18553e-09 8.07201e-10 5.49179e-10 3.73353e-10 2.53636e-10 1.72185e-10 1.16812e-10 7.91939e-11 5.36562e-11 3.63312e-11 2.45855e-11 1.66275e-11 1.1239e-11 7.59264e-12 5.12654e-12 3.45964e-12 2.33355e-12 1.57322e-12 1.06012e-12 7.14033e-13 4.80709e-13 3.23485e-13 2.17589e-13 1.46298e-13 9.83236e-14 6.60546e-14 4.43585e-14 2.97772e-14 1.99814e-14 1.34032e-14 8.98741e-15 6.02431e-15 4.03673e-15 2.70399e-15 1.81066e-15 1.21207e-15 8.11108e-16 5.42619e-16 3.62893e-16 2.42622e-16 1.62165e-16 1.08357e-16 7.2382e-17 4.83377e-17 3.22717e-17 2.15398e-17 1.43729e-17 9.5882e-18 6.39467e-18 4.26374e-18 2.84221e-18 1.89415e-18 1.26204e-18 8.40671e-19 5.59861e-19 3.72766e-19 2.48139e-19 1.65142e-19 1.09882e-19 7.30977e-20 4.86171e-20 3.23284e-20 2.14927e-20 1.4286e-20 9.4939e-21
0.000641293 0.000197344 0.000149286 0.000111716 8.2845e-05 6.09606e-05 4.45571e-05 3.23765e-05 2.34037e-05 1.68393e-05 1.20656e-05 8.61261e-06 6.1267e-06 4.34461e-06 3.07198e-06 2.16633e-06 1.52389e-06 1.0695e-06 7.48985e-07 5.23468e-07 3.65161e-07 2.54277e-07 1.76766e-07 1.22688e-07 8.50257e-08 5.88409e-08 4.06649e-08 2.80671e-08 1.93483e-08 1.33222e-08 9.16262e-09 6.29501e-09 4.3204e-09 2.96225e-09 2.02911e-09 1.38865e-09 9.49501e-10 6.48679e-10 4.42801e-10 3.02025e-10 2.05848e-10 1.40194e-10 9.54115e-11 6.48891e-11 4.41014e-11 2.99537e-11 2.03317e-11 1.37922e-11 9.35047e-12 6.33553e-12 4.29031e-12 2.90374e-12 1.96424e-12 1.32803e-12 8.97433e-13 6.06154e-13 4.09219e-13 2.76137e-13 1.8625e-13 1.25567e-13 8.46185e-14 5.69995e-14 3.83792e-14 2.58312e-14 1.73789e-14 1.16878e-14 7.85733e-15 5.28028e-15 3.54717e-15 2.38205e-15 1.59908e-15 1.0731e-15 7.19886e-16 4.82776e-16 3.23658e-16 2.16916e-16 1.45332e-16 9.73416e-17 6.51788e-17 4.36301e-17 2.91972e-17 1.95332e-17 1.30643e-17 8.73533e-18 5.83924e-18 3.90228e-18 2.60716e-18 1.74143e-18 1.16288e-18 7.76352e-19 5.18174e-19 3.45771e-19 2.30675e-19 1.53855e-19 1.02594e-19 6.83969e-20 4.55884e-20 3.03793e-20 2.02399e-20 1.34818e-20 8.97833e-21
0.00041226 0.000131899 0.000100755 7.6066e-05 5.68659e-05 4.21591e-05 3.10318e-05 2.26984e-05 1.65112e-05 1.19514e-05 8.61261e-06 6.18179e-06 4.42092e-06 3.15114e-06 2.23921e-06 1.5867e-06 1.12141e-06 7.90634e-07 5.56164e-07 3.904e-07 2.73497e-07 1.91241e-07 1.33489e-07 9.30213e-08 6.47194e-08 4.4961e-08 3.11903e-08 2.16079e-08 1.49502e-08 1.0331e-08 7.13062e-09 4.9161e-09 3.38567e-09 2.32925e-09 1.60087e-09 1.0992e-09 7.54044e-10 5.16809e-10 3.53908e-10 2.42154e-10 1.65556e-10 1.131e-10 7.72063e-11 5.26659e-11 3.59006e-11 2.44555e-11 1.66482e-11 1.1326e-11 7.70048e-12 5.23234e-12 3.55319e-12 2.41153e-12 1.63578e-12 1.10897e-12 7.5143e-13 5.089e-13 3.44476e-13 2.33063e-13 1.57608e-13 1.06533e-13 7.19763e-14 4.86074e-14 3.28116e-14 2.21395e-14 1.49323e-14 1.00672e-14 6.78456e-15 4.5705e-15 3.0778e-15 2.07183e-15 1.39415e-15 9.378e-16 6.30606e-16 4.23893e-16 2.84845e-16 1.91345e-16 1.28494e-16 8.62605e-17 5.78901e-17 3.88386e-17 2.60491e-17 1.74659e-17 1.17075e-17 7.84538e-18 5.25583e-18 3.52004e-18 2.35688e-18 1.57765e-18 1.05577e-18 7.06342e-19 4.72445e-19 3.15921e-19 2.11202e-19 1.41161e-19 9.43245e-20 6.30135e-20 4.20865e-20 2.8103e-20 1.87613e-20 1.25222e-20 8.35605e-21
0.000265024 8.80287e-05 6.78875e-05 5.16939e-05 3.89502e-05 2.90874e-05 2.15562e-05 1.58687e-05 1.16133e-05 8.45488e-06 6.1267e-06 4.42092e-06 3.17786e-06 2.27633e-06 1.62533e-06 1.15707e-06 8.21465e-07 5.81715e-07 4.1096e-07 2.89683e-07 2.0377e-07 1.43056e-07 1.00247e-07 7.01258e-08 4.8974e-08 3.41486e-08 2.37757e-08 1.65302e-08 1.14772e-08 7.95858e-09 5.51186e-09 3.81283e-09 2.63455e-09 1.81842e-09 1.2538e-09 8.63628e-10 5.94301e-10 4.08585e-10 2.80652e-10 1.9261e-10 1.32077e-10 9.04948e-11 6.19556e-11 4.23847e-11 2.89747e-11 1.97934e-11 1.35121e-11 9.21797e-12 6.28442e-12 4.28174e-12 2.91548e-12 1.98399e-12 1.34933e-12 9.17167e-13 6.23076e-13 4.23059e-13 2.871e-13 1.94735e-13 1.32019e-13 8.94582e-14 6.05894e-14 4.10177e-14 2.77556e-14 1.87731e-14 1.26921e-14 8.57724e-15 5.79403e-15 3.91236e-15 2.64072e-15 1.78172e-15 1.20168e-15 8.10171e-16 5.46016e-16 3.67857e-16 2.47741e-16 1.66789e-16 1.12251e-16 7.55214e-17 5.07933e-17 3.4151e-17 2.29543e-17 1.54238e-17 1.03606e-17 6.95746e-18 4.67077e-18 3.13473e-18 2.10325e-18 1.41078e-18 9.46035e-19 6.34219e-19 4.25066e-19 2.84813e-19 1.90788e-19 1.27771e-19 8.55472e-20 5.72628e-20 3.83208e-20 2.56385e-20 1.71494e-20 1.14685e-20 7.66768e-21
0.000170373 5.86706e-05 4.56707e-05 3.5069e-05 2.66263e-05 2.0025e-05 1.49383e-05 1.10653e-05 8.14574e-06 5.96361e-06 4.34461e-06 3.15114e-06 2.27633e-06 1.63837e-06 1.17523e-06 8.40408e-07 5.99253e-07 4.2616e-07 3.02312e-07 2.13959e-07 1.51099e-07 1.06489e-07 7.49043e-08 5.2592e-08 3.68625e-08 2.57952e-08 1.80227e-08 1.25736e-08 8.75965e-09 6.0944e-09 4.23464e-09 2.93879e-09 2.03708e-09 1.41045e-09 9.75521e-10 6.74002e-10 4.6521e-10 3.20787e-10 2.20994e-10 1.52108e-10 1.04603e-10 7.18743e-11 4.93456e-11 3.38518e-11 2.32051e-11 1.58952e-11 1.08801e-11 7.44221e-12 5.08716e-12 3.47507e-12 2.37233e-12 1.61852e-12 1.10356e-12 7.52004e-13 5.12147e-13 3.486e-13 2.3715e-13 1.61246e-13 1.09579e-13 7.44301e-14 5.05307e-14 3.42887e-14 2.32564e-14 1.57665e-14 1.06839e-14 7.23662e-15 4.89951e-15 3.31579e-15 2.24306e-15 1.51677e-15 1.02524e-15 6.9273e-16 4.67882e-16 3.15898e-16 2.13205e-16 1.43844e-16 9.70141e-17 6.54073e-17 4.4083e-17 2.9701e-17 2.00045e-17 1.34693e-17 9.06623e-18 6.1006e-18 4.1038e-18 2.75974e-18 1.85534e-18 1.24696e-18 8.37835e-19 5.62784e-19 3.77925e-19 2.53718e-19 1.70287e-19 1.1426e-19 7.66475e-20 5.14031e-20 3.44645e-20 2.31019e-20 1.54816e-20 1.03724e-20 6.94773e-21
0.000109525 3.90544e-05 3.06802e-05 2.37518e-05 1.81685e-05 1.37583e-05 1.03294e-05 7.6975e-06 5.69892e-06 4.19494e-06 3.07198e-06 2.23921e-06 1.62533e-06 1.17523e-06 8.46797e-07 6.08175e-07 4.3549e-07 3.10972e-07 2.21483e-07 1.57366e-07 1.11556e-07 7.89141e-08 5.57113e-08 3.92563e-08 2.76119e-08 1.93886e-08 1.35924e-08 9.51431e-09 6.65003e-09 4.64156e-09 3.23537e-09 2.25232e-09 1.56605e-09 1.0876e-09 7.54475e-10 5.22817e-10 3.6191e-10 2.50274e-10 1.72906e-10 1.19343e-10 8.22991e-11 5.67038e-11 3.90358e-11 2.68509e-11 1.84549e-11 1.26745e-11 8.69812e-12 5.96496e-12 4.08776e-12 2.79941e-12 1.91585e-12 1.31031e-12 8.95607e-13 6.11779e-13 4.17651e-13 2.84958e-13 1.94313e-13 1.3243e-13 9.02059e-14 6.14125e-14 4.17884e-14 2.84209e-14 1.932e-14 1.31271e-14 8.91513e-15 6.05185e-15 4.10633e-15 2.78503e-15 1.88808e-15 1.27946e-15 8.66675e-16 5.86827e-16 3.97184e-16 2.68724e-16 1.81742e-16 1.22869e-16 8.30369e-17 5.60976e-17 3.78847e-17 2.55761e-17 1.72606e-17 1.16448e-17 7.8536e-18 5.29498e-18 3.5688e-18 2.40461e-18 1.6197e-18 1.09067e-18 7.34219e-19 4.94117e-19 3.32438e-19 2.23598e-19 1.50351e-19 1.01071e-19 6.79245e-20 4.56367e-20 3.0654e-20 2.0585e-20 1.38198e-20 9.27571e-21 6.22422e-21
7.04091e-05 2.59663e-05 2.05824e-05 1.60624e-05 1.23762e-05 9.43497e-06 7.12785e-06 5.34291e-06 3.97764e-06 2.94338e-06 2.16633e-06 1.5867e-06 1.15707e-06 8.40408e-07 6.08175e-07 4.38636e-07 3.15375e-07 2.26098e-07 1.61658e-07 1.15294e-07 8.20344e-08 5.82403e-08 4.12617e-08 2.91754e-08 2.05911e-08 1.4507e-08 1.02034e-08 7.16515e-09 5.02395e-09 3.51753e-09 2.4594e-09 1.71729e-09 1.1976e-09 8.34158e-10 5.80335e-10 4.03294e-10 2.79959e-10 1.94141e-10 1.34494e-10 9.30827e-11 6.43618e-11 4.44627e-11 3.06891e-11 2.11643e-11 1.45837e-11 1.00413e-11 6.90834e-12 4.74935e-12 3.26272e-12 2.23985e-12 1.5366e-12 1.05344e-12 7.21742e-13 4.94171e-13 3.38148e-13 2.31246e-13 1.58048e-13 1.07958e-13 7.37023e-14 5.02888e-14 3.4295e-14 2.33757e-14 1.5925e-14 1.08438e-14 7.38023e-15 5.02058e-15 3.4138e-15 2.3202e-15 1.57623e-15 1.07035e-15 7.26516e-16 4.92929e-16 3.34308e-16 2.26639e-16 1.53586e-16 1.0404e-16 7.04511e-17 4.76884e-17 3.22685e-17 2.18268e-17 1.47587e-17 9.97602e-18 6.74091e-18 4.5534e-18 3.07475e-18 2.07561e-18 1.40069e-18 9.44941e-19 6.37285e-19 4.29668e-19 2.89603e-19 1.9514e-19 1.31451e-19 8.85239e-20 5.95985e-20 4.01136e-20 2.69917e-20 1.81574e-20 1.22114e-20 8.21037e-21 5.51887e-21
4.5263e-05 1.72454e-05 1.37908e-05 1.08469e-05 8.41722e-06 6.45892e-06 4.90928e-06 3.70096e-06 2.77015e-06 2.06039e-06 1.52389e-06 1.12141e-06 8.21465e-07 5.99253e-07 4.3549e-07 3.15375e-07 2.27653e-07 1.6384e-07 1.17585e-07 8.41698e-08 6.01035e-08 4.28203e-08 3.04412e-08 2.15969e-08 1.52927e-08 1.0809e-08 7.62668e-09 5.37242e-09 3.77853e-09 2.65354e-09 1.86083e-09 1.30315e-09 9.11406e-10 6.36625e-10 4.44152e-10 3.09511e-10 2.15444e-10 1.49805e-10 1.04056e-10 7.22063e-11 5.00568e-11 3.46693e-11 2.39903e-11 1.65862e-11 1.14575e-11 7.90816e-12 5.45402e-12 3.75857e-12 2.58823e-12 1.78101e-12 1.22468e-12 8.41552e-13 5.77893e-13 3.9658e-13 2.71981e-13 1.86413e-13 1.27689e-13 8.74125e-14 5.9806e-14 4.08952e-14 2.79488e-14 1.90906e-14 1.30332e-14 8.89325e-15 6.06531e-15 4.1346e-15 2.81712e-15 1.91856e-15 1.30601e-15 8.88631e-16 6.04375e-16 4.1087e-16 2.79202e-16 1.89651e-16 1.28769e-16 8.73975e-17 5.92946e-17 4.02129e-17 2.72616e-17 1.84747e-17 1.25155e-17 8.47542e-18 5.73751e-18 3.88272e-18 2.62665e-18 1.77633e-18 1.20089e-18 8.11602e-19 5.48335e-19 3.70351e-19 2.50063e-19 1.68793e-19 1.13901e-19 7.68384e-20 5.18206e-20 3.49385e-20 2.35496e-20 1.58689e-20 1.06903e-20 7.19976e-21 4.84766e-21
2.90976e-05 1.14417e-05 9.22933e-06 7.31517e-06 5.7162e-06 4.4144e-06 3.37526e-06 2.55871e-06 1.92527e-06 1.43915e-06 1.0695e-06 7.90634e-07 5.81715e-07 4.2616e-07 3.10972e-07 2.26098e-07 1.6384e-07 1.18357e-07 8.52543e-08 6.12447e-08 4.3886e-08 3.13729e-08 2.23777e-08 1.59281e-08 1.13148e-08 8.02258e-09 5.67811e-09 4.01194e-09 2.8301e-09 1.99333e-09 1.40189e-09 9.84547e-10 6.90512e-10 4.83663e-10 3.38355e-10 2.3642e-10 1.65004e-10 1.15033e-10 8.011e-11 5.57317e-11 3.87334e-11 2.68937e-11 1.86557e-11 1.29295e-11 8.95307e-12 6.19434e-12 4.28215e-12 2.9579e-12 2.04159e-12 1.40808e-12 9.70443e-13 6.6835e-13 4.59979e-13 3.16359e-13 2.17439e-13 1.49355e-13 1.02525e-13 7.03356e-14 4.82242e-14 3.30448e-14 2.26307e-14 1.549e-14 1.05967e-14 7.24543e-15 4.95145e-15 3.38207e-15 2.30897e-15 1.5756e-15 1.07465e-15 7.32634e-16 4.99242e-16 3.4005e-16 2.31518e-16 1.57559e-16 1.07181e-16 7.28812e-17 4.9538e-17 3.36581e-17 2.28598e-17 1.55199e-17 1.05328e-17 7.14565e-18 4.84597e-18 3.28523e-18 2.22639e-18 1.50829e-18 1.02147e-18 6.91545e-19 4.68031e-19 3.16657e-19 2.14174e-19 1.44814e-19 9.7886e-20 6.61455e-20 4.4684e-20 3.01771e-20 2.0374e-20 1.37516e-20 9.27921e-21 6.25963e-21 4.22152e-21
1.87056e-05 7.58382e-06 6.16983e-06 4.92722e-06 3.87653e-06 3.01245e-06 2.31672e-06 1.76583e-06 1.33551e-06 1.00318e-06 7.48985e-07 5.56164e-07 4.1096e-07 3.02312e-07 2.21483e-07 1.61658e-07 1.17585e-07 8.52543e-08 6.1629e-08 4.44269e-08 3.19431e-08 2.29111e-08 1.63952e-08 1.1707e-08 8.34229e-09 5.93308e-09 4.21187e-09 2.98475e-09 2.11162e-09 1.49153e-09 1.05193e-09 7.4082e-10 5.20992e-10 3.65906e-10 2.56656e-10 1.79803e-10 1.25814e-10 8.7935e-11 6.13929e-11 4.28167e-11 2.98306e-11 2.07626e-11 1.44372e-11 1.00296e-11 6.96134e-12 4.82752e-12 3.34494e-12 2.31578e-12 1.60199e-12 1.10736e-12 7.64873e-13 5.27927e-13 3.64124e-13 2.50971e-13 1.72864e-13 1.18988e-13 8.18504e-14 5.62689e-14 3.86591e-14 2.65446e-14 1.82158e-14 1.24932e-14 8.56368e-15 5.86693e-15 4.01727e-15 2.74933e-15 1.88063e-15 1.28577e-15 8.78641e-16 6.00142e-16 4.09726e-16 2.79599e-16 1.90714e-16 1.30029e-16 8.86156e-17 6.03667e-17 4.11059e-17 2.79792e-17 1.90367e-17 1.29473e-17 8.80238e-18 5.98214e-18 4.06398e-18 2.75987e-18 1.87357e-18 1.27144e-18 8.62532e-19 5.84932e-19 3.96542e-19 2.68739e-19 1.82067e-19 1.23308e-19 8.34867e-20 5.65078e-20 3.82355e-20 2.5864e-20 1.74902e-20 1.18241e-20 7.99133e-21 5.3994e-21 3.64713e-21
1.2025e-05 5.02217e-06 4.12027e-06 3.31491e-06 2.6255e-06 2.0528e-06 1.58769e-06 1.2166e-06 9.24751e-07 6.97949e-07 5.23468e-07 3.904e-07 2.89683e-07 2.13959e-07 1.57366e-07 1.15294e-07 8.41698e-08 6.12447e-08 4.44269e-08 3.21351e-08 2.31818e-08 1.6681e-08 1.19748e-08 8.57716e-09 6.13059e-09 4.37314e-09 3.11357e-09 2.2128e-09 1.56992e-09 1.112e-09 7.86411e-10 5.55322e-10 3.91577e-10 2.75736e-10 1.93908e-10 1.36191e-10 9.55368e-11 6.69396e-11 4.68493e-11 3.27529e-11 2.28738e-11 1.59582e-11 1.11225e-11 7.74469e-12 5.38773e-12 3.74472e-12 2.6005e-12 1.80438e-12 1.25096e-12 8.6659e-13 5.99859e-13 4.14914e-13 2.86781e-13 1.98077e-13 1.36715e-13 9.42986e-14 6.49993e-14 4.47748e-14 3.08238e-14 2.12068e-14 1.45815e-14 1.00203e-14 6.88188e-15 4.72383e-15 3.24074e-15 2.2221e-15 1.52285e-15 1.04311e-15 7.1414e-16 4.88682e-16 3.34242e-16 2.28503e-16 1.56144e-16 1.0665e-16 7.28122e-17 4.96889e-17 3.38946e-17 2.31111e-17 1.57519e-17 1.07317e-17 7.3086e-18 4.97543e-18 3.38581e-18 2.3032e-18 1.56617e-18 1.06461e-18 7.23416e-19 4.91398e-19 3.33679e-19 2.26505e-19 1.53703e-19 1.04266e-19 7.07072e-20 4.79343e-20 3.24858e-20 2.20094e-20 1.4907e-20 1.00935e-20 6.83228e-21 4.62343e-21 3.12779e-21
7.73039e-06 3.32295e-06 2.74886e-06 2.22772e-06 1.77602e-06 1.39697e-06 1.08647e-06 8.36874e-07 6.39247e-07 4.84719e-07 3.65161e-07 2.73497e-07 2.0377e-07 1.51099e-07 1.11556e-07 8.20344e-08 6.01035e-08 4.3886e-08 3.19431e-08 2.31818e-08 1.67771e-08 1.21106e-08 8.72073e-09 6.26532e-09 4.4915e-09 3.21326e-09 2.29432e-09 1.63515e-09 1.1633e-09 8.26224e-10 5.85874e-10 4.14804e-10 2.93252e-10 2.07027e-10 1.45957e-10 1.02768e-10 7.22676e-11 5.07584e-11 3.56095e-11 2.49539e-11 1.74679e-11 1.22148e-11 8.53286e-12 5.95493e-12 4.15191e-12 2.89214e-12 2.01282e-12 1.39963e-12 9.72431e-13 6.75071e-13 4.6827e-13 3.2457e-13 2.24799e-13 1.55584e-13 1.07603e-13 7.43678e-14 5.13631e-14 3.54513e-14 2.44531e-14 1.68564e-14 1.16125e-14 7.99524e-15 5.50151e-15 3.78342e-15 2.60042e-15 1.78635e-15 1.22647e-15 8.41629e-16 5.77247e-16 3.95718e-16 2.71141e-16 1.85694e-16 1.27114e-16 8.69738e-17 5.94822e-17 4.06624e-17 2.77849e-17 1.89775e-17 1.29564e-17 8.84206e-18 6.03178e-18 4.11306e-18 2.80359e-18 1.91028e-18 1.30111e-18 8.85873e-19 6.02934e-19 4.10216e-19 2.78998e-19 1.89688e-19 1.28923e-19 8.75939e-20 5.94941e-20 4.03954e-20 2.7419e-20 1.86051e-20 1.26206e-20 8.55841e-21 5.80197e-21 3.93214e-21 2.66412e-21
4.96953e-06 2.19687e-06 1.83223e-06 1.49554e-06 1.19999e-06 9.49452e-07 7.42458e-07 5.74814e-07 4.41187e-07 3.36065e-07 2.54277e-07 1.91241e-07 1.43056e-07 1.06489e-07 7.89141e-08 5.82403e-08 4.28203e-08 3.13729e-08 2.29111e-08 1.6681e-08 1.21106e-08 8.76903e-09 6.33362e-09 4.56381e-09 3.28122e-09 2.35411e-09 1.68557e-09 1.2046e-09 8.5931e-10 6.11938e-10 4.35059e-10 3.08818e-10 2.18878e-10 1.54908e-10 1.09481e-10 7.72726e-11 5.44696e-11 3.83482e-11 2.69661e-11 1.89405e-11 1.32887e-11 9.3134e-12 6.52054e-12 4.5606e-12 3.18669e-12 2.22457e-12 1.55152e-12 1.08115e-12 7.52725e-13 5.23632e-13 3.63968e-13 2.52788e-13 1.75435e-13 1.21661e-13 8.43082e-14 5.83821e-14 4.04008e-14 2.79387e-14 1.9308e-14 1.33349e-14 9.20381e-15 6.34864e-15 4.37657e-15 3.01531e-15 2.07627e-15 1.42886e-15 9.82788e-16 6.75611e-16 4.642e-16 3.1878e-16 2.18806e-16 1.50111e-16 1.02933e-16 7.05491e-17 4.83311e-17 3.30952e-17 2.26521e-17 1.54975e-17 1.05981e-17 7.24449e-18 4.95005e-18 3.38091e-18 2.30826e-18 1.5753e-18 1.07467e-18 7.32859e-19 4.99579e-19 3.4043e-19 2.31896e-19 1.57909e-19 1.07489e-19 7.31435e-20 4.97552e-20 3.38342e-20 2.30002e-20 1.56302e-20 1.06185e-20 7.21142e-21 4.89605e-21 3.32306e-21 2.25476e-21
3.1947e-06 1.45129e-06 1.22019e-06 1.00302e-06 8.09907e-07 6.44522e-07 5.06708e-07 3.94261e-07 3.04036e-07 2.3263e-07 1.76766e-07 1.33489e-07 1.00247e-07 7.49043e-08 5.57113e-08 4.12617e-08 3.04412e-08 2.23777e-08 1.63952e-08 1.19748e-08 8.72073e-09 6.33362e-09 4.58814e-09 3.31566e-09 2.39061e-09 1.71992e-09 1.23486e-09 8.84867e-10 6.32896e-10 4.51873e-10 3.22082e-10 2.292e-10 1.62851e-10 1.15537e-10 8.18527e-11 5.79096e-11 4.09164e-11 2.8873e-11 2.03497e-11 1.43255e-11 1.00733e-11 7.07543e-12 4.96448e-12 3.47975e-12 2.43663e-12 1.70456e-12 1.19132e-12 8.31862e-13 5.80352e-13 4.04538e-13 2.81752e-13 1.96075e-13 1.36344e-13 9.47364e-14 6.5777e-14 4.56368e-14 3.16409e-14 2.19222e-14 1.51783e-14 1.05022e-14 7.26199e-15 5.01834e-15 3.46575e-15 2.39208e-15 1.65005e-15 1.13756e-15 7.83797e-16 5.39754e-16 3.71497e-16 2.55556e-16 1.75709e-16 1.20748e-16 8.29382e-17 5.69399e-17 3.90726e-17 2.67995e-17 1.8373e-17 1.25904e-17 8.62397e-18 5.90455e-18 4.04094e-18 2.76437e-18 1.8903e-18 1.29209e-18 8.82837e-19 6.02976e-19 4.11673e-19 2.80959e-19 1.91677e-19 1.3072e-19 8.91161e-20 6.0732e-20 4.13741e-20 2.81767e-20 1.91826e-20 1.3055e-20 8.88196e-21 6.04087e-21 4.10726e-21 2.79171e-21 1.89694e-21
2.05374e-06 9.58054e-07 8.11927e-07 6.72066e-07 5.4606e-07 4.37026e-07 3.45388e-07 2.70062e-07 2.09224e-07 1.60788e-07 1.22688e-07 9.30213e-08 7.01258e-08 5.2592e-08 3.92563e-08 2.91754e-08 2.15969e-08 1.59281e-08 1.1707e-08 8.57716e-09 6.26532e-09 4.56381e-09 3.31566e-09 2.40289e-09 1.73732e-09 1.25333e-09 9.02267e-10 6.48243e-10 4.64851e-10 3.32738e-10 2.3776e-10 1.69612e-10 1.20805e-10 8.59121e-11 6.10084e-11 4.32631e-11 3.0638e-11 2.1669e-11 1.53065e-11 1.07991e-11 7.61017e-12 5.35689e-12 3.76669e-12 2.64575e-12 1.85651e-12 1.30141e-12 9.11419e-13 6.37702e-13 4.45786e-13 3.11354e-13 2.17276e-13 1.515e-13 1.05551e-13 7.34803e-14 5.11151e-14 3.55307e-14 2.46799e-14 1.71308e-14 1.18826e-14 8.23671e-15 5.70572e-15 3.94992e-15 2.73271e-15 1.88944e-15 1.30561e-15 9.01649e-16 6.2232e-16 4.29285e-16 2.95965e-16 2.03939e-16 1.40453e-16 9.66804e-17 6.65159e-17 4.57402e-17 3.14382e-17 2.15979e-17 1.48307e-17 1.01792e-17 6.98341e-18 4.78884e-18 3.28249e-18 2.24902e-18 1.54028e-18 1.05445e-18 7.21567e-19 4.93577e-19 3.37492e-19 2.30677e-19 1.57609e-19 1.07645e-19 7.34939e-20 5.01591e-20 3.42211e-20 2.33393e-20 1.59122e-20 1.08449e-20 7.38887e-21 5.03253e-21 3.42653e-21 2.33229e-21 1.587e-21
1.32026e-06 6.32016e-07 5.3984e-07 4.49916e-07 3.67805e-07 2.96011e-07 2.35151e-07 1.84755e-07 1.43785e-07 1.10975e-07 8.50257e-08 6.47194e-08 4.8974e-08 3.68625e-08 2.76119e-08 2.05911e-08 1.52927e-08 1.13148e-08 8.34229e-09 6.13059e-09 4.4915e-09 3.28122e-09 2.39061e-09 1.73732e-09 1.25954e-09 9.11077e-10 6.57604e-10 4.73681e-10 3.40535e-10 2.44361e-10 1.75038e-10 1.25169e-10 8.93634e-11 6.3701e-11 4.53404e-11 3.22257e-11 2.28729e-11 1.6213e-11 1.14776e-11 8.11526e-12 5.7311e-12 4.04272e-12 2.84857e-12 2.005e-12 1.40977e-12 9.90249e-13 6.94889e-13 4.87164e-13 3.4122e-13 2.38784e-13 1.66954e-13 1.16633e-13 8.14125e-14 5.67822e-14 3.95725e-14 2.75579e-14 1.91768e-14 1.3335e-14 9.26625e-15 6.43452e-15 4.46516e-15 3.09651e-15 2.14601e-15 1.48634e-15 1.02881e-15 7.117e-16 4.92043e-16 3.39985e-16 2.34786e-16 1.62049e-16 1.11786e-16 7.70725e-17 5.31112e-17 3.65808e-17 2.51828e-17 1.73278e-17 1.19172e-17 8.19226e-18 5.629e-18 3.86601e-18 2.654e-18 1.82117e-18 1.24915e-18 8.56433e-19 5.8694e-19 4.02085e-19 2.75339e-19 1.88472e-19 1.28961e-19 8.8207e-20 6.03096e-20 4.12201e-20 2.81627e-20 1.92347e-20 1.31324e-20 8.96294e-21 6.11519e-21 4.17084e-21 2.84376e-21 1.9383e-21 1.32072e-21
8.48738e-07 4.16661e-07 3.58666e-07 3.00943e-07 2.47507e-07 2.00291e-07 1.5992e-07 1.26243e-07 9.86872e-08 7.64903e-08 5.88409e-08 4.4961e-08 3.41486e-08 2.57952e-08 1.93886e-08 1.4507e-08 1.0809e-08 8.02258e-09 5.93308e-09 4.37314e-09 3.21326e-09 2.35411e-09 1.71992e-09 1.25333e-09 9.11077e-10 6.60751e-10 4.7815e-10 3.45289e-10 2.4885e-10 1.79006e-10 1.28533e-10 9.21312e-11 6.59297e-11 4.71048e-11 3.36037e-11 2.39373e-11 1.70275e-11 1.20959e-11 8.58139e-12 6.08039e-12 4.30306e-12 3.04167e-12 2.14761e-12 1.51468e-12 1.06715e-12 7.51072e-13 5.28086e-13 3.70942e-13 2.60315e-13 1.82514e-13 1.27852e-13 8.94835e-14 6.25769e-14 4.3725e-14 3.05281e-14 2.12977e-14 1.4847e-14 1.03424e-14 7.19938e-15 5.00798e-15 3.48123e-15 2.41831e-15 1.67883e-15 1.16473e-15 8.07554e-16 5.59567e-16 3.87501e-16 2.68189e-16 1.85506e-16 1.28243e-16 8.86072e-17 6.11887e-17 4.22323e-17 2.91335e-17 2.00872e-17 1.38431e-17 9.53525e-18 6.56483e-18 4.51764e-18 3.10741e-18 2.13643e-18 1.4682e-18 1.00854e-18 6.92488e-19 4.75279e-19 3.26066e-19 2.23606e-19 1.53281e-19 1.05032e-19 7.19426e-20 4.92588e-20 3.37147e-20 2.30671e-20 1.57764e-20 1.07862e-20 7.37184e-21 5.03652e-21 3.43983e-21 2.34854e-21 1.60292e-21 1.09367e-21
5.45617e-07 2.74517e-07 2.38126e-07 2.01136e-07 1.66407e-07 1.35391e-07 1.08642e-07 8.61638e-08 6.76521e-08 5.26537e-08 4.06649e-08 3.11903e-08 2.37757e-08 1.80227e-08 1.35924e-08 1.02034e-08 7.62668e-09 5.67811e-09 4.21187e-09 3.11357e-09 2.29432e-09 1.68557e-09 1.23486e-09 9.02267e-10 6.57604e-10 4.7815e-10 3.46887e-10 2.51121e-10 1.81425e-10 1.30819e-10 9.4154e-11 6.76458e-11 4.85186e-11 3.47434e-11 2.48405e-11 1.77337e-11 1.2642e-11 8.99971e-12 6.39829e-12 4.54299e-12 3.22167e-12 2.28191e-12 1.61441e-12 1.14089e-12 8.0538e-13 5.67939e-13 4.00092e-13 2.81571e-13 1.9797e-13 1.39061e-13 9.75933e-14 6.84307e-14 4.79413e-14 3.35588e-14 2.3472e-14 1.6404e-14 1.14555e-14 7.99378e-15 5.57406e-15 3.88401e-15 2.70449e-15 1.88189e-15 1.30862e-15 9.09386e-16 6.31549e-16 4.38324e-16 3.04031e-16 2.10757e-16 1.46013e-16 1.01101e-16 6.99635e-17 4.83895e-17 3.34501e-17 2.31107e-17 1.5959e-17 1.10148e-17 7.59857e-18 5.23932e-18 3.61085e-18 2.48737e-18 1.71265e-18 1.1787e-18 8.10849e-19 5.57555e-19 3.8322e-19 2.63285e-19 1.8081e-19 1.24119e-19 8.51693e-20 5.8419e-20 4.00549e-20 2.74531e-20 1.88089e-20 1.28817e-20 8.81907e-21 6.03556e-21 4.12912e-21 2.82388e-21 1.93056e-21 1.3194e-21 9.01408e-22
3.50754e-07 1.80759e-07 1.5799e-07 1.34327e-07 1.11786e-07 9.14358e-08 7.3732e-08 5.8745e-08 4.63232e-08 3.62009e-08 2.80671e-08 2.16079e-08 1.65302e-08 1.25736e-08 9.51431e-09 7.16515e-09 5.37242e-09 4.01194e-09 2.98475e-09 2.2128e-09 1.63515e-09 1.2046e-09 8.84867e-10 6.48243e-10 4.73681e-10 3.45289e-10 2.51121e-10 1.82237e-10 1.31975e-10 9.53863e-11 6.88117e-11 4.95513e-11 3.56204e-11 2.55637e-11 1.83172e-11 1.31049e-11 9.36205e-12 6.67876e-12 4.75807e-12 3.38529e-12 2.40554e-12 1.70725e-12 1.21024e-12 8.56931e-13 6.06096e-13 4.28224e-13 3.02238e-13 2.13103e-13 1.50108e-13 1.05635e-13 7.42693e-14 5.217e-14 3.66144e-14 2.56753e-14 1.79894e-14 1.25942e-14 8.81011e-15 6.15828e-15 4.30143e-15 3.00226e-15 2.09399e-15 1.45948e-15 1.01655e-15 7.07569e-16 4.92184e-16 3.42144e-16 2.37696e-16 1.65032e-16 1.14514e-16 7.94135e-17 5.50405e-17 3.81265e-17 2.63957e-17 1.82644e-17 1.26314e-17 8.7311e-18 6.03209e-18 4.16534e-18 2.87488e-18 1.98327e-18 1.36754e-18 9.42529e-19 6.49311e-19 4.47113e-19 3.07745e-19 2.11727e-19 1.45606e-19 1.00092e-19 6.87768e-20 4.72399e-20 3.24342e-20 2.22601e-20 1.52716e-20 1.04732e-20 7.17974e-21 4.92017e-21 3.3705e-21 2.30809e-21 1.58001e-21 1.08123e-21 7.39649e-22
2.25485e-07 1.18956e-07 1.04754e-07 8.96439e-08 7.50322e-08 6.16957e-08 4.99913e-08 4.00099e-08 3.16838e-08 2.48601e-08 1.93483e-08 1.49502e-08 1.14772e-08 8.75965e-09 6.65003e-09 5.02395e-09 3.77853e-09 2.8301e-09 2.11162e-09 1.56992e-09 1.1633e-09 8.5931e-10 6.32896e-10 4.64851e-10 3.40535e-10 2.4885e-10 1.81425e-10 1.31975e-10 9.58002e-11 6.94012e-11 5.01801e-11 3.62158e-11 2.60916e-11 1.8766e-11 1.34753e-11 9.66121e-12 6.91633e-12 4.94419e-12 3.5295e-12 2.51624e-12 1.79155e-12 1.27399e-12 9.04858e-13 6.41932e-13 4.54891e-13 3.21997e-13 2.27686e-13 1.60833e-13 1.13496e-13 8.00136e-14 5.63559e-14 3.96568e-14 2.78811e-14 1.95851e-14 1.37459e-14 9.63975e-15 6.75476e-15 4.72949e-15 3.30894e-15 2.31334e-15 1.61613e-15 1.12824e-15 7.87099e-16 5.48735e-16 3.82303e-16 2.66178e-16 1.85209e-16 1.2879e-16 8.9503e-17 6.21636e-17 4.31501e-17 2.9935e-17 2.07556e-17 1.43831e-17 9.96178e-18 6.89592e-18 4.77115e-18 3.29939e-18 2.28049e-18 1.57547e-18 1.08789e-18 7.50848e-19 5.17988e-19 3.57182e-19 2.46187e-19 1.69609e-19 1.16801e-19 8.04005e-20 5.5321e-20 3.80489e-20 2.61588e-20 1.79772e-20 1.23497e-20 8.48048e-21 5.82131e-21 3.99447e-21 2.73991e-21 1.8787e-21 1.28772e-21 8.82338e-22 6.04361e-22
1.44954e-07 7.8242e-08 6.9414e-08 5.97826e-08 5.03238e-08 4.15934e-08 3.38635e-08 2.72229e-08 2.1648e-08 1.7053e-08 1.33222e-08 1.0331e-08 7.95858e-09 6.0944e-09 4.64156e-09 3.51753e-09 2.65354e-09 1.99333e-09 1.49153e-09 1.112e-09 8.26224e-10 6.11938e-10 4.51873e-10 3.32738e-10 2.44361e-10 1.79006e-10 1.30819e-10 9.53863e-11 6.94012e-11 5.03913e-11 3.65168e-11 2.6413e-11 1.90705e-11 1.37455e-11 9.89113e-12 7.10628e-12 5.09774e-12 3.65155e-12 2.61194e-12 1.86578e-12 1.33102e-12 9.4833e-13 6.74842e-13 4.79655e-13 3.40531e-13 2.41492e-13 1.71072e-13 1.2106e-13 8.5582e-14 6.04416e-14 4.26454e-14 3.00611e-14 2.11711e-14 1.4897e-14 1.04732e-14 7.35699e-15 5.16375e-15 3.62146e-15 2.53785e-15 1.77713e-15 1.24352e-15 8.69504e-16 6.07554e-16 4.24227e-16 2.96019e-16 2.06421e-16 1.4385e-16 1.00182e-16 6.97271e-17 4.85011e-17 3.37166e-17 2.34252e-17 1.62659e-17 1.12883e-17 7.82965e-18 5.42779e-18 3.76076e-18 2.60437e-18 1.80265e-18 1.2471e-18 8.62347e-19 5.96009e-19 4.11737e-19 2.84305e-19 1.96224e-19 1.35371e-19 9.33484e-20 6.4343e-20 4.43313e-20 3.05308e-20 2.10177e-20 1.4463e-20 9.9485e-21 6.84048e-21 4.70161e-21 3.2303e-21 2.21858e-21 1.52316e-21 1.04535e-21 7.17164e-22 4.9184e-22
9.3185e-08 5.14364e-08 4.59692e-08 3.98419e-08 3.37269e-08 2.80182e-08 2.29186e-08 1.8505e-08 1.47761e-08 1.16852e-08 9.16262e-09 7.13062e-09 5.51186e-09 4.23464e-09 3.23537e-09 2.4594e-09 1.86083e-09 1.40189e-09 1.05193e-09 7.86411e-10 5.85874e-10 4.35059e-10 3.22082e-10 2.3776e-10 1.75038e-10 1.28533e-10 9.4154e-11 6.88117e-11 5.01801e-11 3.65168e-11 2.65209e-11 1.92244e-11 1.391e-11 1.00471e-11 7.24479e-12 5.21568e-12 3.74907e-12 2.69085e-12 1.92855e-12 1.38029e-12 9.86572e-13 7.04251e-13 5.02093e-13 3.57533e-13 2.54297e-13 1.80665e-13 1.28212e-13 9.08916e-14 6.43678e-14 4.55384e-14 3.21857e-14 2.27268e-14 1.60329e-14 1.13004e-14 7.95789e-15 5.59928e-15 3.93646e-15 2.76521e-15 1.94092e-15 1.36129e-15 9.54048e-16 6.68143e-16 4.67581e-16 3.26994e-16 2.28521e-16 1.59595e-16 1.11386e-16 7.7689e-17 5.41523e-17 3.77231e-17 2.62625e-17 1.82729e-17 1.27066e-17 8.83087e-18 6.13389e-18 4.25826e-18 2.95458e-18 2.04895e-18 1.42017e-18 9.8386e-19 6.81254e-19 4.7149e-19 3.26158e-19 2.25516e-19 1.55857e-19 1.07666e-19 7.43424e-20 5.13101e-20 3.53982e-20 2.44104e-20 1.68262e-20 1.15936e-20 7.98497e-21 5.49738e-21 3.78327e-21 2.60262e-21 1.78973e-21 1.23028e-21 8.45388e-22 5.80699e-22 3.98741e-22
5.99046e-08 3.37979e-08 3.04257e-08 2.65355e-08 2.25876e-08 1.88589e-08 1.5498e-08 1.25676e-08 1.00759e-08 7.99879e-09 6.29501e-09 4.9161e-09 3.81283e-09 2.93879e-09 2.25232e-09 1.71729e-09 1.30315e-09 9.84547e-10 7.4082e-10 5.55322e-10 4.14804e-10 3.08818e-10 2.292e-10 1.69612e-10 1.25169e-10 9.21312e-11 6.76458e-11 4.95513e-11 3.62158e-11 2.6413e-11 1.92244e-11 1.39652e-11 1.01259e-11 7.32905e-12 5.29566e-12 3.82015e-12 2.75142e-12 1.97867e-12 1.42087e-12 1.01889e-12 7.29635e-13 5.21813e-13 3.72712e-13 2.65888e-13 1.89455e-13 1.34839e-13 9.58602e-14 6.80756e-14 4.82934e-14 3.42249e-14 2.42306e-14 1.71383e-14 1.21106e-14 8.54997e-15 6.03085e-15 4.25027e-15 2.99287e-15 2.10572e-15 1.48036e-15 1.0399e-15 7.29935e-16 5.1198e-16 3.58843e-16 2.51331e-16 1.75908e-16 1.23035e-16 8.59969e-17 6.00693e-17 4.1932e-17 2.92527e-17 2.03949e-17 1.42107e-17 9.89585e-18 6.88717e-18 4.79052e-18 3.33031e-18 2.31392e-18 1.60687e-18 1.11529e-18 7.73693e-19 5.36452e-19 3.71773e-19 2.57521e-19 1.78295e-19 1.23385e-19 8.53459e-20 5.90073e-20 4.07789e-20 2.81691e-20 1.94502e-20 1.34242e-20 9.26128e-21 6.38668e-21 4.40253e-21 3.03358e-21 2.08948e-21 1.43864e-21 9.90149e-22 6.81217e-22 4.68499e-22 3.22088e-22
3.85101e-08 2.21975e-08 2.01271e-08 1.76623e-08 1.51171e-08 1.26844e-08 1.04716e-08 8.52777e-09 6.86442e-09 5.47001e-09 4.3204e-09 3.38567e-09 2.63455e-09 2.03708e-09 1.56605e-09 1.1976e-09 9.11406e-10 6.90512e-10 5.20992e-10 3.91577e-10 2.93252e-10 2.18878e-10 1.62851e-10 1.20805e-10 8.93634e-11 6.59297e-11 4.85186e-11 3.56204e-11 2.60916e-11 1.90705e-11 1.391e-11 1.01259e-11 7.35733e-12 5.33606e-12 3.86337e-12 2.79247e-12 2.01518e-12 1.45201e-12 1.04468e-12 7.50533e-13 5.38466e-13 3.85803e-13 2.76066e-13 1.97296e-13 1.40831e-13 1.00409e-13 7.15073e-14 5.08687e-14 3.61483e-14 2.5661e-14 1.81979e-14 1.28927e-14 9.12544e-15 6.45296e-15 4.55903e-15 3.21813e-15 2.26966e-15 1.5994e-15 1.12615e-15 7.92303e-16 5.56992e-16 3.9127e-16 2.74652e-16 1.92652e-16 1.35038e-16 9.45885e-17 6.62104e-17 4.63155e-17 3.23775e-17 2.26196e-17 1.57927e-17 1.10195e-17 7.68438e-18 5.35551e-18 3.73029e-18 2.59681e-18 1.80675e-18 1.25637e-18 8.73189e-19 6.06556e-19 4.21125e-19 2.92234e-19 2.02692e-19 1.40518e-19 9.73682e-20 6.74371e-20 4.66853e-20 3.23045e-20 2.23436e-20 1.54472e-20 1.06748e-20 7.37372e-21 5.09131e-21 3.51393e-21 2.42427e-21 1.67184e-21 1.15249e-21 7.94164e-22 5.47039e-22 3.76671e-22 2.59266e-22
