0.691384 0.111741 0.0180596 0.00291879 0.000471735 7.62418e-05 1.23222e-05 1.99151e-06 3.21868e-07 5.20202e-08 8.4075e-09 1.35882e-09 2.19612e-10 3.54937e-11 5.73648e-12 9.27129e-13 1.49843e-13 2.42175e-14 3.91403e-15 6.32586e-16 1.02238e-16 1.65238e-17 2.67057e-18 4.31617e-19 6.97578e-20 1.12743e-20 1.82214e-21 2.94495e-22 4.75962e-23 7.69249e-24 1.24326e-24 2.00935e-25 3.24751e-26 5.24863e-27 8.48282e-28 1.37099e-28 2.2158e-29 3.58117e-30 5.78788e-31 9.35436e-32 1.51185e-32 2.44345e-33 3.9491e-34 6.38253e-35 1.03154e-35 1.66718e-36 2.69449e-37 4.35484e-38 7.03828e-39 1.13753e-39 1.83847e-40 2.97133e-41 4.80226e-42 7.76141e-43 1.2544e-43 2.02736e-44 3.27661e-45 5.29565e-46 8.55883e-47 1.38328e-47 2.23565e-48 3.61325e-49 5.83973e-50 9.43817e-51 1.5254e-51 2.46534e-52 3.98448e-53 6.43972e-54 1.04079e-54 1.68212e-55 2.71864e-56 4.39386e-57 7.10134e-58 1.14772e-58 1.85494e-59 2.99795e-60 4.84529e-61 7.83095e-62 1.26564e-62 2.04552e-63 3.30597e-64 5.3431e-65 8.63551e-66 1.39567e-66 2.25568e-67 3.64563e-68 5.89206e-69 9.52273e-70 1.53906e-70 2.48743e-71 4.02018e-72 6.49741e-73 1.05011e-73 1.69719e-74 2.74299e-75 4.43322e-76 7.16497e-77 1.158e-77 1.87156e-78 3.02481e-79 4.8887e-80
0.111741 0.0260087 0.00548825 0.00109465 0.000210475 3.94407e-05 7.25097e-06 1.31357e-06 2.35197e-07 4.17131e-08 7.33975e-09 1.28291e-09 2.22967e-10 3.85609e-11 6.64029e-12 1.13916e-12 1.9477e-13 3.32015e-14 5.64445e-15 9.57257e-16 1.61985e-16 2.73554e-17 4.61116e-18 7.75959e-19 1.30373e-19 2.18729e-20 3.66471e-21 6.1324e-22 1.02498e-22 1.71129e-23 2.85423e-24 4.75594e-25 7.91757e-26 1.31697e-26 2.18884e-27 3.63512e-28 6.03271e-29 1.00048e-29 1.65815e-30 2.74645e-31 4.54635e-32 7.52163e-33 1.24374e-33 2.05553e-34 3.39553e-35 5.60645e-36 9.25282e-37 1.52642e-37 2.51707e-38 4.149e-39 6.83639e-40 1.12603e-40 1.85406e-41 3.05174e-42 5.02145e-43 8.25989e-44 1.35827e-44 2.23291e-45 3.66971e-46 6.02938e-47 9.90372e-48 1.62634e-48 2.67003e-49 4.38245e-50 7.19142e-51 1.17981e-51 1.93516e-52 3.17341e-53 5.2029e-54 8.52859e-55 1.39773e-55 2.29026e-56 3.75204e-57 6.14569e-58 1.00646e-58 1.64797e-59 2.69791e-60 4.41607e-61 7.22728e-62 1.18262e-62 1.93487e-63 3.16515e-64 5.17694e-65 8.46625e-66 1.38436e-66 2.26334e-67 3.69992e-68 6.04754e-69 9.88351e-70 1.61507e-70 2.63887e-71 4.31116e-72 7.04239e-73 1.15026e-73 1.87857e-74 3.06768e-75 5.00894e-76 8.17783e-77 1.33501e-77 2.17916e-78 3.55674e-79
0.0180596 0.00548825 0.00139368 0.000321905 7.00354e-05 1.46156e-05 2.95731e-06 5.84223e-07 1.13225e-07 2.16017e-08 4.06751e-09 7.57401e-10 1.39686e-10 2.55477e-11 4.63831e-12 8.36648e-13 1.50039e-13 2.67671e-14 4.75282e-15 8.40319e-16 1.47994e-16 2.59711e-17 4.54266e-18 7.92163e-19 1.37753e-19 2.38921e-20 4.13387e-21 7.13637e-22 1.22936e-22 2.11357e-23 3.627e-24 6.21322e-25 1.06259e-25 1.81443e-26 3.09365e-27 5.26737e-28 8.95653e-29 1.52103e-29 2.57997e-30 4.37114e-31 7.39779e-32 1.25071e-32 2.11241e-33 3.56442e-34 6.009e-35 1.01213e-35 1.70336e-36 2.86436e-37 4.81296e-38 8.08117e-39 1.35589e-39 2.27341e-40 3.80927e-41 6.37863e-42 1.06744e-42 1.78526e-43 2.98407e-44 4.98511e-45 8.32349e-46 1.38902e-46 2.31683e-47 3.86248e-48 6.43623e-49 1.07201e-49 1.78472e-50 2.96997e-51 4.94029e-52 8.21439e-53 1.36529e-53 2.26833e-54 3.76726e-55 6.2544e-56 1.03798e-56 1.72204e-57 2.85596e-58 4.73496e-59 7.84768e-60 1.30026e-60 2.15371e-61 3.56626e-62 5.90356e-63 9.76993e-64 1.6164e-64 2.67355e-65 4.42091e-66 7.30843e-67 1.20789e-67 1.99582e-68 3.29694e-69 5.44501e-70 8.99053e-71 1.48413e-71 2.44943e-72 4.04169e-73 6.66757e-74 1.09972e-74 1.81346e-75 2.98983e-76 4.92834e-77 8.12214e-78 1.33832e-78
0.00291879 0.00109465 0.000321905 8.36717e-05 2.01347e-05 4.59217e-06 1.00641e-06 2.13832e-07 4.43154e-08 8.99774e-09 1.79571e-09 3.53152e-10 6.85764e-11 1.31696e-11 2.50451e-12 4.72169e-13 8.83263e-14 1.64073e-14 3.02846e-15 5.55767e-16 1.01453e-16 1.84301e-17 3.33306e-18 6.00288e-19 1.07698e-19 1.92531e-20 3.43041e-21 6.09308e-22 1.07909e-22 1.90584e-23 3.35734e-24 5.8999e-25 1.03442e-25 1.80968e-26 3.15947e-27 5.50523e-28 9.57482e-29 1.66233e-29 2.8812e-30 4.98578e-31 8.61441e-32 1.48622e-32 2.56053e-33 4.4055e-34 7.57008e-35 1.29918e-35 2.22702e-36 3.81316e-37 6.52181e-38 1.11428e-38 1.90186e-39 3.24293e-40 5.52442e-41 9.40242e-42 1.59886e-42 2.71651e-43 4.61163e-44 7.82262e-45 1.32592e-45 2.24572e-46 3.80084e-47 6.42837e-48 1.08649e-48 1.83512e-49 3.0976e-50 5.22535e-51 8.80934e-52 1.48428e-52 2.49942e-53 4.20652e-54 7.07572e-55 1.18957e-55 1.99888e-56 3.35711e-57 5.63551e-58 9.45572e-59 1.58582e-59 2.65839e-60 4.45443e-61 7.46067e-62 1.24905e-62 2.09029e-63 3.49669e-64 5.84707e-65 9.77356e-66 1.63307e-66 2.72771e-67 4.55445e-68 7.60188e-69 1.2684e-69 2.11567e-70 3.52774e-71 5.88036e-72 9.79886e-73 1.63235e-73 2.71843e-74 4.52579e-75 7.53261e-76 1.25335e-76 2.08486e-77 3.46707e-78
0.000471735 0.000210475 7.00354e-05 2.01347e-05 5.28475e-06 1.30186e-06 3.05909e-07 6.9283e-08 1.52328e-08 3.26808e-09 6.86829e-10 1.41822e-10 2.88401e-11 5.78677e-12 1.14745e-12 2.25137e-13 4.37571e-14 8.4321e-15 1.61232e-15 3.06119e-16 5.77444e-17 1.08277e-17 2.01914e-18 3.74611e-19 6.91722e-20 1.27164e-20 2.32809e-21 4.24576e-22 7.71499e-23 1.39712e-23 2.52192e-24 4.53851e-25 8.14417e-26 1.45747e-26 2.60155e-27 4.63235e-28 8.22922e-29 1.45865e-29 2.58004e-30 4.55432e-31 8.02384e-32 1.41104e-32 2.47701e-33 4.34092e-34 7.59502e-35 1.32678e-35 2.31428e-36 4.03095e-37 7.01124e-38 1.21787e-38 2.11275e-39 3.66063e-40 6.33493e-41 1.09502e-41 1.89069e-42 3.26096e-43 5.61843e-44 9.67041e-45 1.66283e-45 2.85652e-46 4.90258e-47 8.40668e-48 1.44028e-48 2.46548e-49 4.21698e-50 7.20702e-51 1.23076e-51 2.10022e-52 3.58127e-53 6.10239e-54 1.03911e-54 1.7682e-55 3.00685e-56 5.10994e-57 8.67856e-58 1.47304e-58 2.49875e-59 4.23622e-60 7.17774e-61 1.2155e-61 2.05727e-62 3.48012e-63 5.88403e-64 9.94342e-65 1.67951e-65 2.83543e-66 4.78466e-67 8.07016e-68 1.36056e-68 2.29276e-69 3.86201e-70 6.50253e-71 1.09439e-71 1.84113e-72 3.09615e-73 5.20464e-74 8.74565e-75 1.46903e-75 2.46665e-76 4.14027e-77 6.94697e-78
7.62418e-05 3.94407e-05 1.46156e-05 4.59217e-06 1.30186e-06 3.43532e-07 8.59245e-08 2.06111e-08 4.77991e-09 1.07796e-09 2.37433e-10 5.12512e-11 1.08704e-11 2.27038e-12 4.67765e-13 9.5207e-14 1.9167e-14 3.82068e-15 7.54772e-16 1.47883e-16 2.87569e-17 5.55323e-18 1.06551e-18 2.03224e-19 3.85465e-20 7.27354e-21 1.36585e-21 2.55324e-22 4.75255e-23 8.81088e-24 1.6273e-24 2.99475e-25 5.49268e-26 1.00418e-26 1.83029e-27 3.32635e-28 6.02863e-29 1.08975e-29 1.96493e-30 3.53449e-31 6.34325e-32 1.13591e-32 2.02984e-33 3.61998e-34 6.44331e-35 1.14473e-35 2.03013e-36 3.59414e-37 6.35253e-38 1.121e-38 1.97512e-39 3.47485e-40 6.10459e-41 1.07096e-41 1.87633e-42 3.28306e-43 5.73726e-44 1.00139e-44 1.74577e-45 3.04001e-46 5.28789e-47 9.18803e-48 1.59481e-48 2.76538e-49 4.79041e-50 8.29037e-51 1.43341e-51 2.47613e-52 4.2736e-53 7.36954e-54 1.26977e-54 2.18601e-55 3.76042e-56 6.46375e-57 1.11021e-57 1.90547e-58 3.26806e-59 5.60108e-60 9.59304e-61 1.64191e-61 2.8084e-62 4.80054e-63 8.20068e-64 1.40005e-64 2.3888e-65 4.07342e-66 6.94212e-67 1.18244e-67 2.01294e-68 3.42491e-69 5.82422e-70 9.89928e-71 1.6817e-71 2.85549e-72 4.8462e-73 8.22082e-74 1.39388e-74 2.36233e-75 4.00182e-76 6.77617e-77 1.1469e-77
1.23222e-05 7.25097e-06 2.95731e-06 1.00641e-06 3.05909e-07 8.59245e-08 2.27505e-08 5.75157e-09 1.40069e-09 3.30698e-10 7.60577e-11 1.71035e-11 3.77166e-12 8.17549e-13 1.74531e-13 3.67546e-14 7.64577e-15 1.57291e-15 3.20328e-16 6.46347e-17 1.29314e-17 2.56694e-18 5.05868e-19 9.90217e-20 1.92619e-20 3.72496e-21 7.16411e-22 1.37078e-22 2.61018e-23 4.94759e-24 9.33785e-25 1.75522e-25 3.28657e-26 6.13149e-27 1.13993e-27 2.11231e-28 3.90182e-29 7.18577e-30 1.31957e-30 2.41659e-31 4.41402e-32 8.04217e-33 1.46173e-33 2.65066e-34 4.79599e-35 8.65915e-36 1.5602e-36 2.80559e-37 5.0355e-38 9.02115e-39 1.61328e-39 2.88016e-40 5.13338e-41 9.13474e-42 1.62299e-42 2.8793e-43 5.10067e-44 9.02314e-45 1.59403e-45 2.8123e-46 4.95531e-47 8.72044e-48 1.53279e-48 2.69101e-49 4.71903e-50 8.26625e-51 1.44642e-51 2.52828e-52 4.4148e-53 7.70131e-54 1.34213e-54 2.33677e-55 4.06477e-56 7.06424e-57 1.22663e-57 2.12809e-58 3.68894e-59 6.3894e-60 1.10579e-60 1.91225e-61 3.30437e-62 5.70569e-63 9.8449e-64 1.69748e-64 2.92481e-65 5.03609e-66 8.66563e-67 1.49012e-67 2.56075e-68 4.39785e-69 7.54827e-70 1.29477e-70 2.21964e-71 3.80296e-72 6.512e-73 1.11446e-73 1.90626e-74 3.25885e-75 5.56827e-76 9.50937e-77 1.62317e-77
1.99151e-06 1.31357e-06 5.84223e-07 2.13832e-07 6.9283e-08 2.06111e-08 5.75157e-09 1.52644e-09 3.88973e-10 9.583e-11 2.29444e-11 5.3603e-12 1.22579e-12 2.75089e-13 6.0712e-14 1.32002e-14 2.83164e-15 6.00055e-16 1.2575e-16 2.60857e-17 5.36073e-18 1.09217e-18 2.20736e-19 4.42816e-20 8.82182e-21 1.74613e-21 3.43523e-22 6.71981e-23 1.30745e-23 2.53103e-24 4.87631e-25 9.35235e-26 1.78602e-26 3.39692e-27 6.43581e-28 1.21485e-28 2.28515e-29 4.28403e-30 8.00571e-31 1.49148e-31 2.77053e-32 5.13201e-33 9.48073e-34 1.74692e-34 3.21087e-35 5.88754e-36 1.07707e-36 1.96605e-37 3.58108e-38 6.50936e-39 1.18086e-39 2.13807e-40 3.86402e-41 6.97069e-42 1.25533e-42 2.25687e-43 4.05086e-44 7.25941e-45 1.29894e-45 2.32076e-46 4.14043e-47 7.37651e-48 1.31239e-48 2.33186e-49 4.13792e-50 7.33359e-51 1.29814e-51 2.29516e-52 4.05322e-53 7.14989e-54 1.25986e-54 2.21758e-55 3.89928e-56 6.84931e-57 1.20193e-57 2.10712e-58 3.69052e-59 6.45781e-60 1.12899e-60 1.97203e-61 3.4416e-62 6.00124e-63 1.04559e-63 1.82027e-64 3.16639e-65 5.50373e-66 9.5592e-67 1.65907e-67 2.87734e-68 4.98666e-69 8.63625e-70 1.49467e-70 2.58507e-71 4.46803e-72 7.71757e-73 1.3322e-73 2.29822e-74 3.96231e-75 6.82726e-76 1.17568e-76 2.02341e-77
3.21868e-07 2.35197e-07 1.13225e-07 4.43154e-08 1.52328e-08 4.77991e-09 1.40069e-09 3.88973e-10 1.03409e-10 2.65128e-11 6.5919e-12 1.59618e-12 3.777e-13 8.7578e-14 1.99438e-14 4.46891e-15 9.86879e-16 2.15071e-16 4.63085e-17 9.86141e-18 2.07873e-18 4.34087e-19 8.98609e-20 1.84521e-20 3.76045e-21 7.60966e-22 1.52973e-22 3.05604e-23 6.06959e-24 1.19883e-24 2.35553e-25 4.60544e-26 8.96222e-27 1.7363e-27 3.34961e-28 6.43591e-29 1.23184e-29 2.34911e-30 4.46403e-31 8.45457e-32 1.59609e-32 3.00388e-33 5.63665e-34 1.05469e-34 1.96806e-35 3.66278e-36 6.79957e-37 1.25919e-37 2.32637e-38 4.28823e-39 7.88723e-40 1.4476e-40 2.65145e-41 4.84682e-42 8.84291e-43 1.61037e-43 2.92734e-44 5.31204e-45 9.62307e-46 1.74041e-46 3.14264e-47 5.66584e-48 1.01995e-48 1.8334e-49 3.2909e-50 5.89889e-51 1.05594e-51 1.88771e-52 3.37037e-53 6.01002e-54 1.0704e-54 1.90415e-55 3.38339e-56 6.00499e-57 1.06462e-57 1.88542e-58 3.33554e-59 5.89492e-60 1.04077e-60 1.83571e-61 3.23471e-62 5.69457e-63 1.00158e-63 1.76005e-64 3.09015e-65 5.42076e-66 9.50114e-67 1.66392e-67 2.91165e-68 5.09097e-69 8.89457e-70 1.55281e-70 2.70888e-71 4.72218e-72 8.2259e-73 1.43192e-73 2.49089e-74 4.33008e-75 7.52225e-76 1.30592e-76 2.26572e-77
5.20202e-08 4.17131e-08 2.16017e-08 8.99774e-09 3.26808e-09 1.07796e-09 3.30698e-10 9.583e-11 2.65128e-11 7.05778e-12 1.81834e-12 4.55458e-13 1.11313e-13 2.66214e-14 6.24515e-15 1.43995e-15 3.26872e-16 7.31571e-17 1.61629e-17 3.52884e-18 7.62086e-19 1.62927e-19 3.45076e-20 7.24524e-21 1.5089e-21 3.11864e-22 6.39988e-23 1.30456e-23 2.64249e-24 5.32075e-25 1.06533e-25 2.12165e-26 4.20399e-27 8.29009e-28 1.6273e-28 3.18037e-29 6.18985e-30 1.19993e-30 2.31727e-31 4.45879e-32 8.54952e-33 1.63385e-33 3.11235e-34 5.91047e-35 1.11909e-35 2.11285e-36 3.97811e-37 7.47017e-38 1.39917e-38 2.61421e-39 4.87272e-40 9.06149e-41 1.68135e-41 3.113e-42 5.75164e-43 1.06053e-43 1.95165e-44 3.5847e-45 6.57206e-46 1.20274e-46 2.19726e-47 4.00735e-48 7.29657e-49 1.32643e-49 2.40754e-50 4.36319e-51 7.89576e-52 1.42679e-52 2.57464e-53 4.63959e-54 8.3496e-55 1.50068e-55 2.69376e-56 4.8294e-57 8.64776e-58 1.54669e-58 2.76312e-59 4.93071e-60 8.78905e-61 1.56497e-61 2.78365e-62 4.94626e-63 8.78015e-64 1.55704e-64 2.75853e-65 4.88254e-66 8.63401e-67 1.52541e-67 2.69262e-68 4.74882e-69 8.36809e-70 1.47334e-70 2.59195e-71 4.55616e-72 8.00258e-73 1.40451e-73 2.46314e-74 4.3165e-75 7.55885e-76 1.32272e-76 2.31299e-77
8.4075e-09 7.33975e-09 4.06751e-09 1.79571e-09 6.86829e-10 2.37433e-10 7.60577e-11 2.29444e-11 6.5919e-12 1.81834e-12 4.84551e-13 1.25333e-13 3.15862e-14 7.77971e-15 1.87739e-15 4.44822e-16 1.03664e-16 2.37977e-17 5.3886e-18 1.20488e-18 2.66296e-19 5.82264e-20 1.26051e-20 2.70358e-21 5.74868e-22 1.21248e-22 2.5379e-23 5.27428e-24 1.08873e-24 2.23312e-25 4.55286e-26 9.22943e-27 1.86085e-27 3.73256e-28 7.45028e-29 1.48015e-29 2.92754e-30 5.76562e-31 1.13088e-31 2.20949e-32 4.30071e-33 8.34118e-34 1.61219e-34 3.10573e-35 5.96383e-36 1.1417e-36 2.17918e-37 4.14757e-38 7.87223e-39 1.49021e-39 2.8137e-40 5.29945e-41 9.95725e-42 1.86654e-42 3.49104e-43 6.51514e-44 1.21331e-44 2.25491e-45 4.18235e-46 7.74229e-47 1.43054e-47 2.63839e-48 4.85742e-49 8.9273e-50 1.63796e-50 3.00038e-51 5.48727e-52 1.00198e-52 1.82687e-53 3.32593e-54 6.04634e-55 1.09765e-55 1.98993e-56 3.60272e-57 6.51412e-58 1.17632e-58 2.12157e-59 3.82171e-60 6.87607e-61 1.23571e-61 2.2182e-62 3.97739e-63 7.12397e-64 1.27463e-64 2.27818e-65 4.06772e-66 7.25566e-67 1.29293e-67 2.30175e-68 4.09383e-69 7.27444e-70 1.29144e-70 2.29068e-71 4.05953e-72 7.1881e-73 1.27171e-73 2.24804e-74 3.97071e-75 7.00788e-76 1.23585e-76 2.17778e-77
1.35882e-09 1.28291e-09 7.57401e-10 3.53152e-10 1.41822e-10 5.12512e-11 1.71035e-11 5.3603e-12 1.59618e-12 4.55458e-13 1.25333e-13 3.34268e-14 8.67457e-15 2.19743e-15 5.44805e-16 1.32489e-16 3.16621e-17 7.44746e-18 1.72655e-18 3.94976e-19 8.9255e-20 1.99417e-20 4.40872e-21 9.65157e-22 2.09362e-22 4.50265e-23 9.60584e-24 2.03379e-24 4.27533e-25 8.92682e-26 1.85202e-26 3.8191e-27 7.83023e-28 1.59665e-28 3.23879e-29 6.53724e-30 1.31324e-30 2.62619e-31 5.22903e-32 1.03684e-32 2.04771e-33 4.02868e-34 7.89698e-35 1.5425e-35 3.00268e-36 5.82601e-37 1.12684e-37 2.17285e-38 4.17754e-39 8.009e-40 1.53124e-40 2.91982e-41 5.55333e-42 1.05359e-42 1.99407e-43 3.76527e-44 7.09363e-45 1.33348e-45 2.50137e-46 4.6824e-47 8.74753e-48 1.63099e-48 3.03524e-49 5.63804e-50 1.0454e-50 1.93496e-51 3.57537e-52 6.59547e-53 1.21469e-53 2.23356e-54 4.10072e-55 7.51739e-56 1.37606e-56 2.51525e-57 4.59111e-58 8.36871e-59 1.52342e-59 2.76956e-60 5.02859e-61 9.11883e-62 1.65158e-62 2.98773e-63 5.3985e-64 9.74331e-65 1.75652e-65 3.16315e-66 5.69009e-67 1.02249e-67 1.83548e-68 3.29155e-69 5.89682e-70 1.05539e-70 1.88708e-71 3.37101e-72 6.01632e-73 1.07277e-73 1.91117e-74 3.40183e-75 6.04999e-76 1.07506e-76 1.90875e-77
2.19612e-10 2.22967e-10 1.39686e-10 6.85764e-11 2.88401e-11 1.08704e-11 3.77166e-12 1.22579e-12 3.777e-13 1.11313e-13 3.15862e-14 8.67457e-15 2.31514e-15 6.02468e-16 1.53288e-16 3.82201e-17 9.35688e-18 2.2529e-18 5.3425e-19 1.24933e-19 2.8841e-20 6.57902e-21 1.48422e-21 3.31396e-22 7.32832e-23 1.60596e-23 3.48959e-24 7.52215e-25 1.60929e-25 3.41848e-26 7.21274e-27 1.51213e-27 3.15094e-28 6.52798e-29 1.34501e-29 2.75673e-30 5.62191e-31 1.14101e-31 2.30517e-32 4.63668e-33 9.28705e-34 1.85264e-34 3.6814e-35 7.28803e-36 1.43761e-36 2.82597e-37 5.53655e-38 1.08121e-38 2.10487e-39 4.08539e-40 7.90638e-41 1.52581e-41 2.93655e-42 5.63675e-43 1.07922e-43 2.06117e-44 3.92711e-45 7.46481e-46 1.41573e-46 2.67908e-47 5.05896e-48 9.53309e-49 1.79278e-49 3.36485e-50 6.30334e-51 1.1786e-51 2.19974e-52 4.09832e-53 7.62239e-54 1.41528e-54 2.62351e-55 4.8554e-56 8.97195e-57 1.65533e-57 3.04954e-58 5.60982e-59 1.03049e-59 1.89032e-60 3.46283e-61 6.33505e-62 1.15745e-62 2.11202e-63 3.84903e-64 7.00606e-65 1.27372e-65 2.31295e-66 4.19525e-67 7.60081e-68 1.37557e-68 2.48675e-69 4.49079e-70 8.10139e-71 1.46e-71 2.62851e-72 4.72759e-73 8.49473e-74 1.52492e-74 2.7349e-75 4.90047e-76 8.7729e-77 1.56915e-77
3.54937e-11 3.85609e-11 2.55477e-11 1.31696e-11 5.78677e-12 2.27038e-12 8.17549e-13 2.75089e-13 8.7578e-14 2.66214e-14 7.77971e-15 2.19743e-15 6.02468e-16 1.60886e-16 4.19664e-17 1.07181e-17 2.6856e-18 6.61328e-19 1.60283e-19 3.82839e-20 9.02175e-21 2.09963e-21 4.83012e-22 1.0992e-22 2.4763e-23 5.52608e-24 1.22226e-24 2.68084e-25 5.83369e-26 1.26e-26 2.70222e-27 5.75647e-28 1.21848e-28 2.56358e-29 5.36244e-30 1.11553e-30 2.30839e-31 4.7528e-32 9.73851e-33 1.98621e-33 4.03304e-34 8.15432e-35 1.64196e-35 3.29327e-36 6.58028e-37 1.31e-37 2.59878e-38 5.13795e-39 1.01247e-39 1.98883e-40 3.89473e-41 7.60447e-42 1.48051e-42 2.87438e-43 5.5655e-44 1.0748e-44 2.07037e-45 3.97831e-46 7.62621e-47 1.45851e-47 2.78309e-48 5.29895e-49 1.00676e-49 1.90877e-50 3.61164e-51 6.8202e-52 1.28545e-52 2.41823e-53 4.54094e-54 8.51177e-55 1.59272e-55 2.97522e-56 5.54856e-57 1.03309e-57 1.92047e-58 3.56457e-59 6.60617e-60 1.22251e-60 2.25904e-61 4.16854e-62 7.68144e-63 1.41356e-63 2.59781e-64 4.76803e-65 8.74013e-66 1.60013e-66 2.92593e-67 5.34383e-68 9.74836e-69 1.77628e-69 3.23297e-70 5.87775e-71 1.06745e-71 1.93653e-72 3.50951e-73 6.35363e-74 1.14911e-74 2.0762e-75 3.74762e-76 6.75815e-77 1.21757e-77
5.73648e-12 6.64029e-12 4.63831e-12 2.50451e-12 1.14745e-12 4.67765e-13 1.74531e-13 6.0712e-14 1.99438e-14 6.24515e-15 1.87739e-15 5.44805e-16 1.53288e-16 4.19664e-17 1.12125e-17 2.93071e-18 7.5097e-19 1.88982e-19 4.67772e-20 1.14036e-20 2.7413e-21 6.5046e-22 1.52487e-22 3.53468e-23 8.10752e-24 1.84133e-24 4.14326e-25 9.24171e-26 2.04445e-26 4.48754e-27 9.77751e-28 2.11544e-28 4.54647e-29 9.70939e-30 2.06102e-30 4.34975e-31 9.12957e-32 1.90609e-32 3.95953e-33 8.18538e-34 1.68428e-34 3.45026e-35 7.03758e-36 1.42956e-36 2.89235e-37 5.82957e-38 1.17062e-38 2.34231e-39 4.67064e-40 9.28242e-41 1.83885e-41 3.63143e-42 7.14986e-43 1.40361e-43 2.74767e-44 5.36399e-45 1.04437e-45 2.02811e-46 3.92861e-47 7.59142e-48 1.46344e-48 2.81464e-49 5.40123e-50 1.03422e-50 1.97608e-51 3.76787e-52 7.16979e-53 1.36164e-53 2.58095e-54 4.88294e-55 9.22122e-56 1.73827e-56 3.27107e-57 6.14497e-58 1.15246e-58 2.15787e-59 4.03396e-60 7.52943e-61 1.40324e-61 2.61127e-62 4.85222e-63 9.00343e-64 1.66828e-64 3.08698e-65 5.70449e-66 1.05276e-66 1.94036e-67 3.5718e-68 6.5668e-69 1.20585e-69 2.21165e-70 4.05165e-71 7.41395e-72 1.35512e-72 2.47416e-73 4.51239e-74 8.22097e-75 1.49619e-75 2.72021e-76 4.94061e-77 8.96455e-78
9.27129e-13 1.13916e-12 8.36648e-13 4.72169e-13 2.25137e-13 9.5207e-14 3.67546e-14 1.32002e-14 4.46891e-15 1.43995e-15 4.44822e-16 1.32489e-16 3.82201e-17 1.07181e-17 2.93071e-18 7.83356e-19 2.0512e-19 5.27128e-20 1.3316e-20 3.31113e-21 8.11429e-22 1.96183e-22 4.68399e-23 1.10531e-23 2.57983e-24 5.95987e-25 1.3636e-25 3.09159e-26 6.94939e-27 1.54946e-27 3.42824e-28 7.52985e-29 1.64242e-29 3.55885e-30 7.66295e-31 1.64009e-31 3.49015e-32 7.38632e-33 1.55497e-33 3.25704e-34 6.78916e-35 1.40859e-35 2.90942e-36 5.9835e-37 1.22546e-37 2.49979e-38 5.07962e-39 1.02834e-39 2.07435e-40 4.16976e-41 8.35368e-42 1.66812e-42 3.32053e-43 6.58958e-44 1.30383e-44 2.57236e-45 5.06094e-46 9.93007e-47 1.94325e-47 3.7931e-48 7.38547e-49 1.43453e-49 2.77983e-50 5.3744e-51 1.03674e-51 1.99557e-52 3.83302e-53 7.34711e-54 1.40545e-54 2.68324e-55 5.11292e-56 9.7244e-57 1.84613e-57 3.49851e-58 6.61827e-59 1.24987e-59 2.35644e-60 4.43547e-61 8.33544e-62 1.564e-62 2.93009e-63 5.48117e-64 1.02383e-64 1.90967e-65 3.55693e-66 6.61597e-67 1.22892e-67 2.2797e-68 4.22345e-69 7.81452e-70 1.44409e-70 2.66534e-71 4.91346e-72 9.04708e-73 1.66389e-73 3.05666e-74 5.60897e-75 1.02811e-75 1.88248e-76 3.44317e-77 6.29119e-78
1.49843e-13 1.9477e-13 1.50039e-13 8.83263e-14 4.37571e-14 1.9167e-14 7.64577e-15 2.83164e-15 9.86879e-16 3.26872e-16 1.03664e-16 3.16621e-17 9.35688e-18 2.6856e-18 7.5097e-19 2.0512e-19 5.48474e-20 1.43843e-20 3.70605e-21 9.39387e-22 2.34546e-22 5.77482e-23 1.40346e-23 3.3697e-24 7.99927e-25 1.87881e-25 4.36882e-26 1.00634e-26 2.29751e-27 5.20121e-28 1.1681e-28 2.60352e-29 5.76115e-30 1.26612e-30 2.76435e-31 5.99785e-32 1.29361e-32 2.77412e-33 5.91652e-34 1.25524e-34 2.64967e-35 5.56614e-36 1.16383e-36 2.42257e-37 5.02094e-38 1.03629e-38 2.13026e-39 4.36211e-40 8.89878e-41 1.80879e-41 3.66371e-42 7.3957e-43 1.48801e-43 2.98435e-44 5.96691e-45 1.18945e-45 2.36416e-46 4.68576e-47 9.26166e-48 1.82573e-48 3.5897e-49 7.04013e-50 1.37732e-50 2.68812e-51 5.23419e-52 1.01686e-52 1.97112e-53 3.81263e-54 7.35904e-55 1.4175e-55 2.72493e-56 5.22799e-57 1.00111e-57 1.91345e-58 3.65055e-59 6.95222e-60 1.32169e-60 2.50837e-61 4.75257e-62 8.9899e-63 1.69779e-63 3.20135e-64 6.02718e-65 1.13303e-65 2.12681e-66 3.98647e-67 7.46161e-68 1.39468e-68 2.60329e-69 4.8528e-70 9.03425e-71 1.67971e-71 3.11908e-72 5.78472e-73 1.07154e-73 1.98252e-74 3.66367e-75 6.76262e-76 1.24687e-76 2.29639e-77 4.22469e-78
2.42175e-14 3.32015e-14 2.67671e-14 1.64073e-14 8.4321e-15 3.82068e-15 1.57291e-15 6.00055e-16 2.15071e-16 7.31571e-17 2.37977e-17 7.44746e-18 2.2529e-18 6.61328e-19 1.88982e-19 5.27128e-20 1.43843e-20 3.8475e-21 1.01045e-21 2.60937e-22 6.63426e-23 1.66256e-23 4.11081e-24 1.00376e-24 2.42235e-25 5.78174e-26 1.36578e-26 3.19494e-27 7.40525e-28 1.70148e-28 3.8772e-29 8.76595e-30 1.96714e-30 4.38309e-31 9.70015e-32 2.13286e-32 4.66075e-33 1.01245e-33 2.18687e-34 4.69791e-35 1.00395e-35 2.13471e-36 4.51713e-37 9.51398e-38 1.99486e-38 4.16471e-39 8.65848e-40 1.79286e-40 3.69794e-41 7.59865e-42 1.55571e-42 3.17386e-43 6.453e-44 1.30766e-44 2.64139e-45 5.31882e-46 1.06778e-46 2.13733e-47 4.26599e-48 8.49105e-49 1.6855e-49 3.33698e-50 6.58972e-51 1.29807e-51 2.55079e-52 5.0006e-53 9.78066e-54 1.9087e-54 3.71665e-55 7.22166e-56 1.40028e-56 2.70959e-57 5.2327e-58 1.00856e-58 1.94022e-59 3.72556e-60 7.14068e-61 1.3662e-61 2.60935e-62 4.97517e-63 9.47018e-64 1.79969e-64 3.41462e-65 6.46851e-66 1.22348e-66 2.31067e-67 4.35748e-68 8.20546e-69 1.54296e-69 2.89734e-70 5.43313e-71 1.01746e-71 1.90289e-72 3.55425e-73 6.63027e-74 1.2353e-74 2.29869e-75 4.27236e-76 7.93123e-77 1.47065e-77 2.72384e-78
3.91403e-15 5.64445e-15 4.75282e-15 3.02846e-15 1.61232e-15 7.54772e-16 3.20328e-16 1.2575e-16 4.63085e-17 1.61629e-17 5.3886e-18 1.72655e-18 5.3425e-19 1.60283e-19 4.67772e-20 1.3316e-20 3.70605e-21 1.01045e-21 2.70354e-22 7.10907e-23 1.83961e-23 4.69004e-24 1.17927e-24 2.92706e-25 7.17783e-26 1.74029e-26 4.17452e-27 9.91325e-28 2.3318e-28 5.43565e-29 1.25632e-29 2.88023e-30 6.55241e-31 1.47973e-31 3.3183e-32 7.39164e-33 1.636e-33 3.59885e-34 7.87031e-35 1.71147e-35 3.70167e-36 7.9646e-37 1.70512e-37 3.6329e-38 7.70429e-39 1.62654e-39 3.41917e-40 7.15749e-41 1.49227e-41 3.09913e-42 6.41194e-43 1.32175e-43 2.71502e-44 5.55778e-45 1.13392e-45 2.306e-46 4.6749e-47 9.44843e-48 1.90397e-48 3.82567e-49 7.66544e-50 1.53173e-50 3.05262e-51 6.06792e-52 1.20313e-52 2.37967e-53 4.6955e-54 9.24341e-55 1.81548e-55 3.55783e-56 6.95722e-57 1.35758e-57 2.64358e-58 5.13738e-59 9.96392e-60 1.92876e-60 3.72652e-61 7.18662e-62 1.38343e-62 2.65841e-63 5.09954e-64 9.76564e-65 1.86701e-65 3.56356e-66 6.79088e-67 1.29207e-67 2.4546e-68 4.65606e-69 8.8189e-70 1.66794e-70 3.15013e-71 5.94113e-72 1.11896e-72 2.10463e-73 3.95332e-74 7.41625e-75 1.38948e-75 2.60002e-76 4.85923e-77 9.0705e-78 1.69114e-78
6.32586e-16 9.57257e-16 8.40319e-16 5.55767e-16 3.06119e-16 1.47883e-16 6.46347e-17 2.60857e-17 9.86141e-18 3.52884e-18 1.20488e-18 3.94976e-19 1.24933e-19 3.82839e-20 1.14036e-20 3.31113e-21 9.39387e-22 2.60937e-22 7.10907e-23 1.90258e-23 5.00851e-24 1.29846e-24 3.31864e-25 8.36977e-26 2.08476e-26 5.13237e-27 1.24969e-27 3.01145e-28 7.18607e-29 1.69893e-29 3.98138e-30 9.25253e-31 2.1332e-31 4.881e-32 1.10878e-32 2.50139e-33 5.60592e-34 1.24843e-34 2.76343e-35 6.0814e-36 1.33086e-36 2.89685e-37 6.27299e-38 1.35164e-38 2.89842e-39 6.18659e-40 1.31462e-40 2.78147e-41 5.86054e-42 1.22983e-42 2.57075e-43 5.3534e-44 1.11073e-44 2.29637e-45 4.73128e-46 9.71544e-47 1.98854e-47 4.05729e-48 8.25288e-49 1.6737e-49 3.38447e-50 6.82459e-51 1.37236e-51 2.7523e-52 5.5054e-53 1.09844e-53 2.18619e-54 4.34059e-55 8.59771e-56 1.69909e-56 3.3502e-57 6.59131e-58 1.29401e-58 2.5351e-59 4.95632e-60 9.67057e-61 1.88318e-61 3.66014e-62 7.10047e-63 1.37492e-63 2.65758e-64 5.12775e-65 9.87683e-66 1.89921e-66 3.64592e-67 6.9877e-68 1.33711e-68 2.5546e-69 4.87317e-70 9.28209e-71 1.76538e-71 3.35275e-72 6.35835e-73 1.20415e-73 2.27731e-74 4.30108e-75 8.11256e-76 1.52817e-76 2.87496e-77 5.40188e-78 1.01373e-78
1.02238e-16 1.61985e-16 1.47994e-16 1.01453e-16 5.77444e-17 2.87569e-17 1.29314e-17 5.36073e-18 2.07873e-18 7.62086e-19 2.66296e-19 8.9255e-20 2.8841e-20 9.02175e-21 2.7413e-21 8.11429e-22 2.34546e-22 6.63426e-23 1.83961e-23 5.00851e-24 1.34072e-24 3.53302e-25 9.17482e-26 2.35025e-26 5.94389e-27 1.48528e-27 3.6697e-28 8.97057e-29 2.17085e-29 5.20346e-30 1.23601e-30 2.9108e-31 6.79905e-32 1.57578e-32 3.625e-33 8.28002e-34 1.87845e-34 4.23387e-35 9.48336e-36 2.11146e-36 4.67415e-37 1.029e-37 2.25329e-38 4.90894e-39 1.06416e-39 2.29592e-40 4.93065e-41 1.05419e-41 2.2442e-42 4.75771e-43 1.00458e-43 2.11288e-44 4.42712e-45 9.24221e-46 1.92258e-46 3.98559e-47 8.23464e-48 1.69582e-48 3.48129e-49 7.12462e-50 1.45372e-50 2.95756e-51 6e-52 1.21386e-52 2.44913e-53 4.92849e-54 9.89242e-55 1.98064e-55 3.95591e-56 7.8823e-57 1.56693e-57 3.10783e-58 6.15037e-59 1.21451e-59 2.39321e-60 4.70606e-61 9.23533e-62 1.80877e-62 3.53567e-63 6.89814e-64 1.34333e-64 2.6112e-65 5.06665e-66 9.81386e-67 1.89763e-67 3.66314e-68 7.05954e-69 1.3583e-69 2.60931e-70 5.0047e-71 9.58441e-72 1.83274e-72 3.49941e-73 6.67207e-74 1.27031e-74 2.41518e-75 4.58559e-76 8.69471e-77 1.64641e-77 3.11356e-78 5.88056e-79
1.65238e-17 2.73554e-17 2.59711e-17 1.84301e-17 1.08277e-17 5.55323e-18 2.56694e-18 1.09217e-18 4.34087e-19 1.62927e-19 5.82264e-20 1.99417e-20 6.57902e-21 2.09963e-21 6.5046e-22 1.96183e-22 5.77482e-23 1.66256e-23 4.69004e-24 1.29846e-24 3.53302e-25 9.45949e-26 2.49502e-26 6.48922e-27 1.66575e-27 4.22346e-28 1.05849e-28 2.62391e-29 6.43746e-30 1.56395e-30 3.76435e-31 8.98088e-32 2.12468e-32 4.98641e-33 1.16134e-33 2.68506e-34 6.1647e-35 1.40592e-35 3.1858e-36 7.17461e-37 1.60622e-37 3.57552e-38 7.91573e-39 1.74321e-39 3.81941e-40 8.32739e-41 1.80701e-41 3.90323e-42 8.39386e-43 1.79737e-43 3.83276e-44 8.14026e-45 1.72216e-45 3.62967e-46 7.62199e-47 1.59486e-47 3.32566e-48 6.91151e-49 1.43169e-49 2.95629e-50 6.08557e-51 1.24896e-51 2.55579e-52 5.21508e-53 1.06118e-53 2.15346e-54 4.35851e-55 8.79869e-56 1.77176e-56 3.55895e-57 7.13175e-58 1.42578e-58 2.84388e-59 5.65976e-60 1.12391e-60 2.22709e-61 4.40383e-62 8.69026e-63 1.71144e-63 3.36387e-64 6.59901e-65 1.29211e-65 2.52532e-66 4.92661e-67 9.59419e-68 1.86514e-68 3.61972e-69 7.01311e-70 1.35654e-70 2.61972e-71 5.05115e-72 9.72415e-73 1.86918e-73 3.58756e-74 6.87558e-75 1.31581e-75 2.51454e-76 4.79865e-77 9.14502e-78 1.74046e-78 3.30804e-79
2.67057e-18 4.61116e-18 4.54266e-18 3.33306e-18 2.01914e-18 1.06551e-18 5.05868e-19 2.20736e-19 8.98609e-20 3.45076e-20 1.26051e-20 4.40872e-21 1.48422e-21 4.83012e-22 1.52487e-22 4.68399e-23 1.40346e-23 4.11081e-24 1.17927e-24 3.31864e-25 9.17482e-26 2.49502e-26 6.68157e-27 1.7638e-27 4.59386e-28 1.18146e-28 3.00259e-29 7.54563e-30 1.87623e-30 4.61863e-31 1.12615e-31 2.72108e-32 6.51839e-33 1.5487e-33 3.65076e-34 8.54165e-35 1.98418e-35 4.57758e-36 1.04912e-36 2.38926e-37 5.40831e-38 1.21708e-38 2.72351e-39 6.06153e-40 1.34203e-40 2.95633e-41 6.48074e-42 1.414e-42 3.07113e-43 6.64098e-44 1.42992e-44 3.06618e-45 6.5485e-46 1.39315e-46 2.95269e-47 6.23513e-48 1.31199e-48 2.75114e-49 5.74957e-50 1.19767e-50 2.48691e-51 5.14798e-52 1.06244e-52 2.18622e-53 4.48581e-54 9.17855e-55 1.87294e-55 3.81172e-56 7.73731e-57 1.5666e-57 3.16413e-58 6.37528e-59 1.2815e-59 2.57001e-60 5.14245e-61 1.02671e-61 2.04543e-62 4.06633e-63 8.0672e-64 1.59721e-64 3.15602e-65 6.22405e-66 1.22512e-66 2.40698e-67 4.72032e-68 9.24039e-69 1.8057e-69 3.52249e-70 6.85991e-71 1.33372e-71 2.58883e-72 5.01701e-73 9.70742e-74 1.87539e-74 3.6176e-75 6.96791e-76 1.34013e-76 2.57376e-77 4.93599e-78 9.45314e-79 1.80794e-79
4.31617e-19 7.75959e-19 7.92163e-19 6.00288e-19 3.74611e-19 2.03224e-19 9.90217e-20 4.42816e-20 1.84521e-20 7.24524e-21 2.70358e-21 9.65157e-22 3.31396e-22 1.0992e-22 3.53468e-23 1.10531e-23 3.3697e-24 1.00376e-24 2.92706e-25 8.36977e-26 2.35025e-26 6.48922e-27 1.7638e-27 4.72421e-28 1.24805e-28 3.25479e-29 8.38543e-30 2.13569e-30 5.38062e-31 1.3417e-31 3.31313e-32 8.10564e-33 1.96561e-33 4.7266e-34 1.12747e-34 2.66884e-35 6.27112e-36 1.4632e-36 3.391e-37 7.80787e-38 1.7866e-38 4.06364e-39 9.18957e-40 2.0666e-40 4.62262e-41 1.02865e-41 2.2776e-42 5.01865e-43 1.10069e-43 2.40314e-44 5.22383e-45 1.13072e-45 2.43746e-46 5.23339e-47 1.1193e-47 2.38495e-48 5.06318e-49 1.07109e-49 2.25802e-50 4.74429e-51 9.93562e-52 2.07413e-52 4.3165e-53 8.95601e-54 1.85276e-54 3.82188e-55 7.86172e-56 1.61277e-56 3.29964e-57 6.73335e-58 1.37053e-58 2.78272e-59 5.63628e-60 1.1389e-60 2.29598e-61 4.6181e-62 9.26817e-63 1.856e-63 3.70885e-64 7.39593e-65 1.47183e-65 2.92318e-66 5.79429e-67 1.14633e-67 2.26361e-68 4.46159e-69 8.7779e-70 1.72393e-70 3.37979e-71 6.6148e-72 1.29245e-72 2.52112e-73 4.90988e-74 9.54677e-75 1.85337e-75 3.59255e-76 6.95323e-77 1.34377e-77 2.59318e-78 4.99709e-79 9.61589e-80
6.97578e-20 1.30373e-19 1.37753e-19 1.07698e-19 6.91722e-20 3.85465e-20 1.92619e-20 8.82182e-21 3.76045e-21 1.5089e-21 5.74868e-22 2.09362e-22 7.32832e-23 2.4763e-23 8.10752e-24 2.57983e-24 7.99927e-25 2.42235e-25 7.17783e-26 2.08476e-26 5.94389e-27 1.66575e-27 4.59386e-28 1.24805e-28 3.34335e-29 8.8388e-30 2.30781e-30 5.95532e-31 1.5198e-31 3.83791e-32 9.59544e-33 2.37635e-33 5.83213e-34 1.41906e-34 3.42449e-35 8.19927e-36 1.94842e-36 4.5968e-37 1.07701e-37 2.50669e-38 5.79701e-39 1.33241e-39 3.04441e-40 6.91656e-41 1.56275e-41 3.51222e-42 7.85324e-43 1.74729e-43 3.86899e-44 8.52739e-45 1.87104e-45 4.08754e-46 8.89215e-47 1.92652e-47 4.15735e-48 8.93682e-49 1.91391e-49 4.08393e-50 8.68353e-51 1.84e-51 3.88581e-52 8.17949e-53 1.71629e-53 3.5901e-54 7.48705e-55 1.55681e-55 3.22782e-56 6.67368e-57 1.37604e-57 2.82967e-58 5.80371e-59 1.18731e-59 2.42294e-60 4.9324e-61 1.0017e-61 2.02957e-62 4.10277e-63 8.27522e-64 1.66545e-64 3.34465e-65 6.70285e-66 1.34052e-66 2.67555e-67 5.32958e-68 1.05957e-68 2.10254e-69 4.16436e-70 8.23299e-71 1.62476e-71 3.20076e-72 6.2946e-73 1.23579e-73 2.42214e-74 4.7396e-75 9.25948e-76 1.80611e-76 3.51745e-77 6.83989e-78 1.32806e-78 2.57483e-79 4.98479e-80
1.12743e-20 2.18729e-20 2.38921e-20 1.92531e-20 1.27164e-20 7.27354e-21 3.72496e-21 1.74613e-21 7.60966e-22 3.11864e-22 1.21248e-22 4.50265e-23 1.60596e-23 5.52608e-24 1.84133e-24 5.95987e-25 1.87881e-25 5.78174e-26 1.74029e-26 5.13237e-27 1.48528e-27 4.22346e-28 1.18146e-28 3.25479e-29 8.8388e-30 2.36813e-30 6.2647e-31 1.63751e-31 4.23195e-32 1.082e-32 2.7383e-33 6.86308e-34 1.70429e-34 4.19508e-35 1.02396e-35 2.4793e-36 5.95703e-37 1.42078e-37 3.36471e-38 7.91435e-39 1.84946e-39 4.2948e-40 9.91314e-41 2.27481e-41 5.1908e-42 1.17805e-42 2.65959e-43 5.97396e-44 1.3353e-44 2.97052e-45 6.57791e-46 1.45013e-46 3.1831e-47 6.95782e-48 1.5147e-48 3.28447e-49 7.09473e-50 1.52681e-50 3.27384e-51 6.99513e-52 1.4895e-52 3.16105e-53 6.68661e-54 1.40994e-54 2.96379e-55 6.2113e-56 1.29789e-56 2.70422e-57 5.61858e-58 1.16418e-58 2.40573e-59 4.95837e-60 1.01934e-60 2.0903e-61 4.276e-62 8.72619e-63 1.77662e-63 3.60883e-64 7.31415e-65 1.47913e-65 2.98476e-66 6.01032e-67 1.20778e-67 2.42211e-68 4.84771e-69 9.6835e-70 1.93062e-70 3.8419e-71 7.63124e-72 1.51307e-72 2.99468e-73 5.91679e-74 1.16702e-74 2.29794e-75 4.51734e-76 8.86589e-77 1.73727e-77 3.39886e-78 6.63941e-79 1.29499e-79 2.52207e-80
1.82214e-21 3.66471e-21 4.13387e-21 3.43041e-21 2.32809e-21 1.36585e-21 7.16411e-22 3.43523e-22 1.52973e-22 6.39988e-23 2.5379e-23 9.60584e-24 3.48959e-24 1.22226e-24 4.14326e-25 1.3636e-25 4.36882e-26 1.36578e-26 4.17452e-27 1.24969e-27 3.6697e-28 1.05849e-28 3.00259e-29 8.38543e-30 2.30781e-30 6.2647e-31 1.67869e-31 4.44352e-32 1.16266e-32 3.00896e-33 7.70643e-34 1.95428e-34 4.90935e-35 1.22223e-35 3.0168e-36 7.38539e-37 1.79384e-37 4.32432e-38 1.03493e-38 2.45973e-39 5.80713e-40 1.36221e-40 3.17571e-41 7.35947e-42 1.69571e-42 3.88549e-43 8.85541e-44 2.00779e-44 4.52949e-45 1.01688e-45 2.2722e-46 5.0541e-47 1.11923e-47 2.46794e-48 5.41926e-49 1.18519e-49 2.58184e-50 5.60289e-51 1.21138e-51 2.60963e-52 5.60207e-53 1.19847e-53 2.5554e-54 5.43095e-55 1.15057e-55 2.43001e-56 5.1167e-57 1.07422e-57 2.24877e-58 4.69435e-59 9.7727e-60 2.02903e-60 4.20167e-61 8.67843e-62 1.78801e-62 3.67481e-63 7.5345e-64 1.54118e-64 3.14522e-65 6.40426e-66 1.30115e-66 2.63782e-67 5.33632e-68 1.0773e-68 2.17041e-69 4.36395e-70 8.75719e-71 1.75394e-71 3.50624e-72 6.99624e-73 1.39347e-73 2.77046e-74 5.49849e-75 1.0894e-75 2.15473e-76 4.25478e-77 8.38783e-78 1.65091e-78 3.24422e-79 6.36535e-80 1.24701e-80
2.94495e-22 6.1324e-22 7.13637e-22 6.09308e-22 4.24576e-22 2.55324e-22 1.37078e-22 6.71981e-23 3.05604e-23 1.30456e-23 5.27428e-24 2.03379e-24 7.52215e-25 2.68084e-25 9.24171e-26 3.09159e-26 1.00634e-26 3.19494e-27 9.91325e-28 3.01145e-28 8.97057e-29 2.62391e-29 7.54563e-30 2.13569e-30 5.95532e-31 1.63751e-31 4.44352e-32 1.19083e-32 3.15392e-33 8.26019e-34 2.1405e-34 5.49103e-35 1.39512e-35 3.51223e-36 8.76487e-37 2.16904e-37 5.32478e-38 1.29716e-38 3.13675e-39 7.53157e-40 1.7961e-40 4.25525e-41 1.00179e-41 2.34412e-42 5.45294e-43 1.2613e-43 2.90152e-44 6.63944e-45 1.51151e-45 3.424e-46 7.71915e-47 1.73213e-47 3.86928e-48 8.60548e-49 1.90577e-49 4.20312e-50 9.23267e-51 2.02016e-51 4.40347e-52 9.56308e-53 2.06937e-53 4.46225e-54 9.58931e-55 2.05388e-55 4.38483e-56 9.33157e-57 1.97977e-57 4.18761e-58 8.83156e-59 1.8572e-59 3.89459e-60 8.14461e-61 1.69869e-61 3.53358e-62 7.33166e-63 1.51739e-63 3.13274e-64 6.45216e-65 1.32575e-65 2.71779e-66 5.55886e-67 1.13447e-67 2.31024e-68 4.69457e-69 9.51977e-70 1.92649e-70 3.89076e-71 7.84233e-72 1.57767e-72 3.16781e-73 6.34883e-74 1.27008e-74 2.53623e-75 5.05565e-76 1.00603e-76 1.9985e-77 3.96342e-78 7.84726e-79 1.55118e-79 3.06136e-80 6.03233e-81
4.75962e-23 1.02498e-22 1.22936e-22 1.07909e-22 7.71499e-23 4.75255e-23 2.61018e-23 1.30745e-23 6.06959e-24 2.64249e-24 1.08873e-24 4.27533e-25 1.60929e-25 5.83369e-26 2.04445e-26 6.94939e-27 2.29751e-27 7.40525e-28 2.3318e-28 7.18607e-29 2.17085e-29 6.43746e-30 1.87623e-30 5.38062e-31 1.5198e-31 4.23195e-32 1.16266e-32 3.15392e-33 8.45328e-34 2.24001e-34 5.87184e-35 1.52345e-35 3.91399e-36 9.96207e-37 2.51303e-37 6.2854e-38 1.55924e-38 3.83784e-39 9.3754e-40 2.2738e-40 5.47637e-41 1.31017e-41 3.1143e-42 7.35691e-43 1.72753e-43 4.03313e-44 9.36329e-45 2.16205e-45 4.96627e-46 1.135e-46 2.58123e-47 5.84244e-48 1.31631e-48 2.9524e-49 6.59333e-50 1.46623e-50 3.24725e-51 7.16303e-52 1.57395e-52 3.44546e-53 7.51458e-54 1.63308e-54 3.53666e-55 7.63311e-56 1.64199e-56 3.52072e-57 7.52527e-58 1.60352e-58 3.40658e-59 7.21582e-60 1.52407e-60 3.21e-61 6.74238e-62 1.41239e-62 2.95091e-63 6.1495e-64 1.2783e-64 2.65066e-65 5.48312e-66 1.13156e-66 2.3298e-67 4.78605e-68 9.81e-69 2.00639e-69 4.09478e-70 8.33944e-71 1.69492e-71 3.43783e-72 6.95921e-73 1.40602e-73 2.83525e-74 5.7066e-75 1.14647e-75 2.29913e-76 4.60248e-77 9.19731e-78 1.83478e-78 3.65405e-79 7.26513e-80 1.44213e-80 2.85803e-81
7.69249e-24 1.71129e-23 2.11357e-23 1.90584e-23 1.39712e-23 8.81088e-24 4.94759e-24 2.53103e-24 1.19883e-24 5.32075e-25 2.23312e-25 8.92682e-26 3.41848e-26 1.26e-26 4.48754e-27 1.54946e-27 5.20121e-28 1.70148e-28 5.43565e-29 1.69893e-29 5.20346e-30 1.56395e-30 4.61863e-31 1.3417e-31 3.83791e-32 1.082e-32 3.00896e-33 8.26019e-34 2.24001e-34 6.00443e-35 1.59187e-35 4.17629e-36 1.08477e-36 2.7909e-37 7.11538e-38 1.79834e-38 4.50736e-39 1.12073e-39 2.76535e-40 6.77323e-41 1.64727e-41 3.97895e-42 9.54817e-43 2.27677e-43 5.3959e-44 1.27129e-44 2.97816e-45 6.93835e-46 1.60785e-46 3.70674e-47 8.50284e-48 1.94101e-48 4.41009e-49 9.97433e-50 2.24592e-50 5.03537e-51 1.12422e-51 2.49978e-52 5.53648e-53 1.22149e-53 2.68482e-54 5.87968e-55 1.28305e-55 2.79014e-56 6.04696e-57 1.30621e-57 2.81247e-58 6.03664e-59 1.29172e-59 2.75573e-60 5.86179e-61 1.24331e-61 2.62972e-62 5.54686e-63 1.16687e-63 2.44824e-64 5.12354e-65 1.06953e-65 2.22713e-66 4.62648e-67 9.58798e-68 1.98243e-68 4.08959e-69 8.41773e-70 1.72886e-70 3.5432e-71 7.24631e-72 1.47891e-72 3.01222e-73 6.12306e-74 1.24223e-74 2.51537e-75 5.08376e-76 1.02557e-76 2.06515e-77 4.15111e-78 8.32941e-79 1.66845e-79 3.33639e-80 6.6606e-81 1.32751e-81
1.24326e-24 2.85423e-24 3.627e-24 3.35734e-24 2.52192e-24 1.6273e-24 9.33785e-25 4.87631e-25 2.35553e-25 1.06533e-25 4.55286e-26 1.85202e-26 7.21274e-27 2.70222e-27 9.77751e-28 3.42824e-28 1.1681e-28 3.8772e-29 1.25632e-29 3.98138e-30 1.23601e-30 3.76435e-31 1.12615e-31 3.31313e-32 9.59544e-33 2.7383e-33 7.70643e-34 2.1405e-34 5.87184e-35 1.59187e-35 4.26749e-36 1.13189e-36 2.97184e-37 7.7274e-38 1.99076e-38 5.0834e-39 1.28708e-39 3.23236e-40 8.05456e-41 1.99207e-41 4.8914e-42 1.19273e-42 2.889e-43 6.95263e-44 1.66282e-44 3.95303e-45 9.34309e-46 2.19589e-46 5.13296e-47 1.19354e-47 2.76117e-48 6.35624e-49 1.45621e-49 3.32065e-50 7.53807e-51 1.70368e-51 3.8341e-52 8.59279e-53 1.91801e-53 4.26442e-54 9.4451e-55 2.08417e-55 4.58227e-56 1.0039e-56 2.19179e-57 4.76917e-58 1.03433e-58 2.23604e-59 4.81878e-60 1.03529e-60 2.21764e-61 4.73636e-62 1.00869e-62 2.14216e-63 4.53689e-64 9.58297e-65 2.01884e-65 4.24218e-66 8.89165e-67 1.85911e-67 3.87774e-68 8.06908e-69 1.67518e-69 3.46985e-70 7.17117e-71 1.47883e-71 3.04309e-72 6.24878e-73 1.28049e-73 2.61864e-74 5.34452e-75 1.08865e-75 2.21328e-76 4.49119e-77 9.09659e-78 1.83909e-78 3.71149e-79 7.477e-80 1.50367e-80 3.01881e-81 6.05049e-82
2.00935e-25 4.75594e-25 6.21322e-25 5.8999e-25 4.53851e-25 2.99475e-25 1.75522e-25 9.35235e-26 4.60544e-26 2.12165e-26 9.22943e-27 3.8191e-27 1.51213e-27 5.75647e-28 2.11544e-28 7.52985e-29 2.60352e-29 8.76595e-30 2.88023e-30 9.25253e-31 2.9108e-31 8.98088e-32 2.72108e-32 8.10564e-33 2.37635e-33 6.86308e-34 1.95428e-34 5.49103e-35 1.52345e-35 4.17629e-36 1.13189e-36 3.03467e-37 8.05246e-38 2.11575e-38 5.5069e-39 1.42048e-39 3.63257e-40 9.21291e-41 2.31808e-41 5.78819e-42 1.43472e-42 3.53119e-43 8.63209e-44 2.09632e-44 5.05879e-45 1.21332e-45 2.89293e-46 6.85823e-47 1.6169e-47 3.7916e-48 8.84519e-49 2.05307e-49 4.74217e-50 1.09016e-50 2.49462e-51 5.68295e-52 1.289e-52 2.91137e-53 6.54865e-54 1.46712e-54 3.27407e-55 7.27875e-56 1.6122e-56 3.55803e-57 7.82479e-58 1.71492e-58 3.7459e-59 8.15543e-60 1.7699e-60 3.82907e-61 8.2587e-62 1.77596e-62 3.80792e-63 8.14144e-64 1.73581e-64 3.69075e-65 7.82646e-66 1.6553e-66 3.492e-67 7.34818e-68 1.54246e-68 3.22998e-69 6.74772e-70 1.40639e-70 2.92459e-71 6.06812e-72 1.25629e-72 2.59533e-73 5.35031e-74 1.10069e-74 2.25977e-75 4.63015e-76 9.46833e-77 1.93247e-77 3.93667e-78 8.00453e-79 1.6246e-79 3.29135e-80 6.6563e-81 1.3438e-81 2.70826e-82
3.24751e-26 7.91757e-26 1.06259e-25 1.03442e-25 8.14417e-26 5.49268e-26 3.28657e-26 1.78602e-26 8.96222e-27 4.20399e-27 1.86085e-27 7.83023e-28 3.15094e-28 1.21848e-28 4.54647e-29 1.64242e-29 5.76115e-30 1.96714e-30 6.55241e-31 2.1332e-31 6.79905e-32 2.12468e-32 6.51839e-33 1.96561e-33 5.83213e-34 1.70429e-34 4.90935e-35 1.39512e-35 3.91399e-36 1.08477e-36 2.97184e-37 8.05246e-38 2.1591e-38 5.73144e-39 1.50694e-39 3.92598e-40 1.01389e-40 2.59642e-41 6.59554e-42 1.66247e-42 4.15923e-43 1.03312e-43 2.54845e-44 6.24454e-45 1.52029e-45 3.67828e-46 8.84604e-47 2.11507e-47 5.02868e-48 1.18908e-48 2.79688e-49 6.545e-50 1.524e-50 3.53152e-51 8.14523e-52 1.8701e-52 4.27469e-53 9.7291e-54 2.20506e-54 4.97733e-55 1.11904e-55 2.5062e-56 5.59172e-57 1.24302e-57 2.7533e-58 6.07725e-59 1.33683e-59 2.93088e-60 6.40477e-61 1.39517e-61 3.02969e-62 6.55916e-63 1.41582e-63 3.0472e-64 6.53972e-65 1.39961e-65 2.98723e-66 6.35875e-67 1.35001e-67 2.85884e-68 6.03881e-69 1.27246e-69 2.67477e-70 5.6092e-71 1.17356e-71 2.44976e-72 5.10234e-73 1.06038e-73 2.19897e-74 4.55049e-75 9.39712e-76 1.93662e-76 3.98314e-77 8.1762e-78 1.67508e-78 3.42527e-79 6.99104e-80 1.42426e-80 2.89637e-81 5.87956e-82 1.19145e-82
