0.979991 0.00982925 9.85868e-05 9.88819e-07 9.9178e-09 9.94749e-11 9.97728e-13 1.00071e-14 1.00371e-16 1.00672e-18 1.00973e-20 1.01275e-22 1.01579e-24 1.01883e-26 1.02188e-28 1.02494e-30 1.02801e-32 1.03108e-34 1.03417e-36 1.03727e-38 1.04037e-40 1.04349e-42 1.04661e-44 1.04974e-46 1.05289e-48 1.05604e-50 1.0592e-52 1.06237e-54 1.06555e-56 1.06874e-58 1.07194e-60 1.07515e-62 1.07837e-64 1.0816e-66 1.08484e-68 1.08809e-70 1.09135e-72 1.09461e-74 1.09789e-76 1.10118e-78 1.10447e-80 1.10778e-82 1.1111e-84 1.11442e-86 1.11776e-88 1.12111e-90 1.12446e-92 1.12783e-94 1.13121e-96 1.13459e-98 1.13799e-100 1.1414e-102 1.14482e-104 1.14824e-106 1.15168e-108 1.15513e-110 1.15859e-112 1.16206e-114 1.16554e-116 1.16903e-118 1.17253e-120 1.17604e-122 1.17956e-124 1.18309e-126 1.18663e-128 1.19018e-130 1.19375e-132 1.19732e-134 1.20091e-136 1.2045e-138 1.20811e-140 1.21172e-142 1.21535e-144 1.21899e-146 1.22264e-148 1.2263e-150 1.22997e-152 1.23366e-154 1.23735e-156 1.24105e-158 1.24477e-160 1.2485e-162 1.25223e-164 1.25598e-166 1.25974e-168 1.26352e-170 1.2673e-172 1.27109e-174 1.2749e-176 1.27872e-178 1.28254e-180 1.28638e-182 1.29024e-184 1.2941e-186 1.29797e-188 1.30186e-190 1.30576e-192 1.30967e-194 1.31359e-196 1.31752e-198 1.32147e-200
0.00982925 0.000147548 1.97099e-06 2.46944e-08 2.97086e-10 3.47526e-12 3.98266e-14 4.49306e-16 5.00648e-18 5.52294e-20 6.04245e-22 6.56501e-24 7.09066e-26 7.61939e-28 8.15122e-30 8.68617e-32 9.22425e-34 9.76547e-36 1.03099e-37 1.08574e-39 1.14081e-41 1.19621e-43 1.25192e-45 1.30796e-47 1.36433e-49 1.42101e-51 1.47803e-53 1.53537e-55 1.59305e-57 1.65105e-59 1.70939e-61 1.76807e-63 1.82708e-65 1.88642e-67 1.94611e-69 2.00614e-71 2.06651e-73 2.12722e-75 2.18828e-77 2.24968e-79 2.31143e-81 2.37353e-83 2.43599e-85 2.49879e-87 2.56195e-89 2.62547e-91 2.68934e-93 2.75357e-95 2.81816e-97 2.88312e-99 2.94844e-101 3.01412e-103 3.08017e-105 3.14659e-107 3.21338e-109 3.28054e-111 3.34807e-113 3.41598e-115 3.48426e-117 3.55293e-119 3.62197e-121 3.6914e-123 3.76121e-125 3.8314e-127 3.90198e-129 3.97295e-131 4.04431e-133 4.11606e-135 4.1882e-137 4.26074e-139 4.33367e-141 4.40701e-143 4.48074e-145 4.55488e-147 4.62942e-149 4.70436e-151 4.77971e-153 4.85548e-155 4.93165e-157 5.00823e-159 5.08523e-161 5.16265e-163 5.24048e-165 5.31874e-167 5.39741e-169 5.47651e-171 5.55603e-173 5.63598e-175 5.71636e-177 5.79717e-179 5.87842e-181 5.9601e-183 6.04221e-185 6.12476e-187 6.20775e-189 6.29119e-191 6.37507e-193 6.45939e-195 6.54416e-197 6.62939e-199 6.71506e-201
9.85868e-05 1.97099e-06 3.20661e-08 4.69497e-10 6.4383e-12 8.43885e-14 1.06989e-15 1.32207e-17 1.60065e-19 1.90587e-21 2.23796e-23 2.59715e-25 2.98367e-27 3.39777e-29 3.83967e-31 4.30962e-33 4.80785e-35 5.33462e-37 5.89016e-39 6.47471e-41 7.08852e-43 7.73185e-45 8.40493e-47 9.10802e-49 9.84137e-51 1.06052e-52 1.13999e-54 1.22255e-56 1.30824e-58 1.39709e-60 1.48912e-62 1.58435e-64 1.68282e-66 1.78455e-68 1.88956e-70 1.99788e-72 2.10954e-74 2.22457e-76 2.343e-78 2.46485e-80 2.59014e-82 2.71891e-84 2.85119e-86 2.987e-88 3.12637e-90 3.26933e-92 3.41591e-94 3.56613e-96 3.72003e-98 3.87764e-100 4.03898e-102 4.20408e-104 4.37298e-106 4.5457e-108 4.72227e-110 4.90272e-112 5.08709e-114 5.2754e-116 5.46769e-118 5.66398e-120 5.8643e-122 6.06869e-124 6.27718e-126 6.4898e-128 6.70659e-130 6.92756e-132 7.15276e-134 7.38222e-136 7.61596e-138 7.85403e-140 8.09645e-142 8.34326e-144 8.5945e-146 8.85018e-148 9.11036e-150 9.37505e-152 9.6443e-154 9.91814e-156 1.01966e-157 1.04797e-159 1.07675e-161 1.10601e-163 1.13574e-165 1.16595e-167 1.19664e-169 1.22782e-171 1.25949e-173 1.29166e-175 1.32432e-177 1.35748e-179 1.39115e-181 1.42533e-183 1.46002e-185 1.49522e-187 1.53095e-189 1.5672e-191 1.60398e-193 1.64128e-195 1.67912e-197 1.71751e-199 1.75643e-201
9.88819e-07 2.46944e-08 4.69497e-10 7.79428e-12 1.18977e-13 1.71372e-15 2.36462e-17 3.15595e-19 4.10137e-21 5.21469e-23 6.50986e-25 8.00101e-27 9.70242e-29 1.16285e-30 1.37939e-32 1.62134e-34 1.89019e-36 2.18745e-38 2.51464e-40 2.87331e-42 3.26502e-44 3.69134e-46 4.15388e-48 4.65423e-50 5.19403e-52 5.77493e-54 6.39859e-56 7.06669e-58 7.78093e-60 8.54303e-62 9.35472e-64 1.02178e-65 1.11339e-67 1.2105e-69 1.31328e-71 1.42191e-73 1.53659e-75 1.65749e-77 1.7848e-79 1.91872e-81 2.05944e-83 2.20715e-85 2.36205e-87 2.52434e-89 2.69421e-91 2.87188e-93 3.05754e-95 3.2514e-97 3.45366e-99 3.66455e-101 3.88428e-103 4.11305e-105 4.35108e-107 4.5986e-109 4.85582e-111 5.12297e-113 5.40028e-115 5.68796e-117 5.98626e-119 6.2954e-121 6.61562e-123 6.94716e-125 7.29025e-127 7.64513e-129 8.01205e-131 8.39126e-133 8.783e-135 9.18753e-137 9.60509e-139 1.00359e-140 1.04803e-142 1.09386e-144 1.14108e-146 1.18975e-148 1.23987e-150 1.29148e-152 1.3446e-154 1.39927e-156 1.45551e-158 1.51334e-160 1.5728e-162 1.63392e-164 1.69672e-166 1.76123e-168 1.82749e-170 1.89551e-172 1.96534e-174 2.037e-176 2.11052e-178 2.18593e-180 2.26326e-182 2.34255e-184 2.42383e-186 2.50712e-188 2.59247e-190 2.6799e-192 2.76944e-194 2.86112e-196 2.95499e-198 3.05108e-200 3.14941e-202
9.9178e-09 2.97086e-10 6.4383e-12 1.18977e-13 1.99198e-15 3.11432e-17 4.62754e-19 6.60939e-21 9.14471e-23 1.23255e-24 1.62512e-26 2.10283e-28 2.67711e-30 3.36015e-32 4.16488e-34 5.10505e-36 6.19516e-38 7.45054e-40 8.88733e-42 1.05225e-43 1.23738e-45 1.44599e-47 1.68003e-49 1.94153e-51 2.23262e-53 2.55551e-55 2.9125e-57 3.30599e-59 3.73847e-61 4.21251e-63 4.73079e-65 5.29608e-67 5.91125e-69 6.57927e-71 7.3032e-73 8.08622e-75 8.93158e-77 9.84267e-79 1.0823e-80 1.1876e-82 1.30056e-84 1.42154e-86 1.55095e-88 1.68917e-90 1.83663e-92 1.99374e-94 2.16095e-96 2.33871e-98 2.52746e-100 2.7277e-102 2.93989e-104 3.16453e-106 3.40214e-108 3.65323e-110 3.91834e-112 4.19801e-114 4.49281e-116 4.8033e-118 5.13007e-120 5.47372e-122 5.83486e-124 6.21412e-126 6.61214e-128 7.02957e-130 7.46709e-132 7.92537e-134 8.40511e-136 8.90702e-138 9.43183e-140 9.98028e-142 1.05531e-143 1.11512e-145 1.17751e-147 1.24259e-149 1.31042e-151 1.38109e-153 1.45469e-155 1.5313e-157 1.61102e-159 1.69393e-161 1.78011e-163 1.86968e-165 1.96272e-167 2.05933e-169 2.1596e-171 2.26365e-173 2.37156e-175 2.48345e-177 2.59942e-179 2.71958e-181 2.84403e-183 2.97289e-185 3.10628e-187 3.24431e-189 3.38709e-191 3.53474e-193 3.68739e-195 3.84516e-197 4.00818e-199 4.17656e-201 4.35045e-203
9.94749e-11 3.47526e-12 8.43885e-14 1.71372e-15 3.11432e-17 5.23858e-19 8.31863e-21 1.26294e-22 1.84924e-24 2.62795e-26 3.64165e-28 4.93875e-30 6.57383e-32 8.60808e-34 1.11097e-35 1.41542e-37 1.78252e-39 2.22143e-41 2.74219e-43 3.35576e-45 4.07405e-47 4.90998e-49 5.87751e-51 6.99171e-53 8.26879e-55 9.72614e-57 1.13824e-58 1.32575e-60 1.53728e-62 1.77508e-64 2.04158e-66 2.33933e-68 2.67104e-70 3.0396e-72 3.44804e-74 3.89959e-76 4.39762e-78 4.94572e-80 5.54765e-82 6.20737e-84 6.92902e-86 7.71698e-88 8.57583e-90 9.51036e-92 1.05256e-93 1.16268e-95 1.28194e-97 1.41092e-99 1.55022e-101 1.70046e-103 1.8623e-105 2.0364e-107 2.22349e-109 2.42428e-111 2.63955e-113 2.8701e-115 3.11674e-117 3.38033e-119 3.66176e-121 3.96196e-123 4.28187e-125 4.6225e-127 4.98486e-129 5.37002e-131 5.77907e-133 6.21316e-135 6.67347e-137 7.1612e-139 7.67761e-141 8.224e-143 8.80171e-145 9.41212e-147 1.00567e-148 1.07368e-150 1.14541e-152 1.221e-154 1.30063e-156 1.38445e-158 1.47263e-160 1.56536e-162 1.66282e-164 1.76518e-166 1.87265e-168 1.98541e-170 2.10369e-172 2.22767e-174 2.35758e-176 2.49363e-178 2.63606e-180 2.78509e-182 2.94097e-184 3.10394e-186 3.27425e-188 3.45216e-190 3.63793e-192 3.83184e-194 4.03416e-196 4.24518e-198 4.4652e-200 4.69451e-202 4.93341e-204
9.97728e-13 3.98266e-14 1.06989e-15 2.36462e-17 4.62754e-19 8.31863e-21 1.40343e-22 2.25312e-24 3.47511e-26 5.18491e-28 7.52224e-30 1.06542e-31 1.47787e-33 2.0128e-35 2.69722e-37 3.56238e-39 4.64416e-41 5.98351e-43 7.62693e-45 9.62698e-47 1.20427e-48 1.49405e-50 1.8394e-52 2.24854e-54 2.73058e-56 3.29556e-58 3.95457e-60 4.71974e-62 5.60442e-64 6.62314e-66 7.79179e-68 9.12763e-70 1.06494e-71 1.23774e-73 1.43336e-75 1.65418e-77 1.90274e-79 2.1818e-81 2.49432e-83 2.84346e-85 3.23262e-87 3.66543e-89 4.14578e-91 4.67781e-93 5.26594e-95 5.91487e-97 6.6296e-99 7.41544e-101 8.27804e-103 9.22337e-105 1.02578e-106 1.1388e-108 1.2621e-110 1.39644e-112 1.5426e-114 1.70143e-116 1.87379e-118 2.06062e-120 2.26289e-122 2.48162e-124 2.71789e-126 2.97284e-128 3.24764e-130 3.54355e-132 3.86187e-134 4.20396e-136 4.57127e-138 4.96529e-140 5.38758e-142 5.83979e-144 6.32364e-146 6.8409e-148 7.39344e-150 7.98322e-152 8.61226e-154 9.28269e-156 9.99671e-158 1.07566e-159 1.15648e-161 1.24238e-163 1.33361e-165 1.43045e-167 1.53317e-169 1.64207e-171 1.75744e-173 1.87961e-175 2.0089e-177 2.14564e-179 2.29018e-181 2.4429e-183 2.60416e-185 2.77435e-187 2.95389e-189 3.14318e-191 3.34266e-193 3.55278e-195 3.774e-197 4.00681e-199 4.25169e-201 4.50917e-203 4.77976e-205
1.00071e-14 4.49306e-16 1.32207e-17 3.15595e-19 6.60939e-21 1.26294e-22 2.25312e-24 3.80905e-26 6.16503e-28 9.62418e-30 1.45722e-31 2.14928e-33 3.0985e-35 4.37823e-37 6.07739e-39 8.30281e-41 1.11818e-42 1.4865e-44 1.95293e-46 2.53814e-48 3.26613e-50 4.1646e-52 5.26541e-54 6.60501e-56 8.22492e-58 1.01723e-59 1.25003e-61 1.52691e-63 1.8546e-65 2.24065e-67 2.69349e-69 3.22248e-71 3.83805e-73 4.55172e-75 5.37624e-77 6.32563e-79 7.41536e-81 8.66238e-83 1.00853e-84 1.17044e-86 1.35418e-88 1.56218e-90 1.79707e-92 2.0617e-94 2.35916e-96 2.69283e-98 3.06631e-100 3.48355e-102 3.94875e-104 4.46649e-106 5.04165e-108 5.67952e-110 6.38573e-112 7.16637e-114 8.02791e-116 8.97732e-118 1.0022e-119 1.117e-121 1.24296e-123 1.381e-125 1.53207e-127 1.6972e-129 1.87748e-131 2.07406e-133 2.28818e-135 2.52112e-137 2.77429e-139 3.04913e-141 3.34719e-143 3.67012e-145 4.01965e-147 4.39761e-149 4.80592e-151 5.24663e-153 5.72189e-155 6.23396e-157 6.78522e-159 7.37821e-161 8.01554e-163 8.70001e-165 9.43454e-167 1.02222e-168 1.10662e-170 1.197e-172 1.2937e-174 1.3971e-176 1.5076e-178 1.62559e-180 1.75151e-182 1.8858e-184 2.02894e-186 2.18141e-188 2.34373e-190 2.51642e-192 2.70006e-194 2.89522e-196 3.10251e-198 3.32257e-200 3.55606e-202 3.80368e-204 4.06613e-206
1.00371e-16 5.00648e-18 1.60065e-19 4.10137e-21 9.14471e-23 1.84924e-24 3.47511e-26 6.16503e-28 1.04381e-29 1.70005e-31 2.67937e-33 4.1052e-35 6.13691e-37 8.9776e-39 1.2883e-40 1.81717e-42 2.5237e-44 3.45598e-46 4.67237e-48 6.24317e-50 8.25249e-52 1.08004e-53 1.4005e-55 1.80054e-57 2.29642e-59 2.90707e-61 3.65444e-63 4.56387e-65 5.66448e-67 6.98966e-69 8.57751e-71 1.04714e-72 1.27205e-74 1.53804e-76 1.85139e-78 2.21914e-80 2.64922e-82 3.15049e-84 3.73282e-86 4.40723e-88 5.18598e-90 6.08263e-92 7.11223e-94 8.29138e-96 9.63842e-98 1.11735e-99 1.29189e-101 1.48988e-103 1.714e-105 1.96716e-107 2.25255e-109 2.57364e-111 2.93423e-113 3.33844e-115 3.79073e-117 4.29598e-119 4.85945e-121 5.48684e-123 6.18433e-125 6.95856e-127 7.81674e-129 8.76661e-131 9.81653e-133 1.09755e-134 1.22531e-136 1.36597e-138 1.52066e-140 1.69055e-142 1.87693e-144 2.08117e-146 2.30472e-148 2.54915e-150 2.81612e-152 3.10742e-154 3.42495e-156 3.77072e-158 4.14689e-160 4.55574e-162 4.99971e-164 5.48139e-166 6.00353e-168 6.56904e-170 7.181e-172 7.84271e-174 8.55762e-176 9.32942e-178 1.0162e-179 1.10595e-181 1.20262e-183 1.30667e-185 1.41859e-187 1.53889e-189 1.66811e-191 1.80681e-193 1.95561e-195 2.11513e-197 2.28603e-199 2.46902e-201 2.66483e-203 2.87425e-205 3.09807e-207
1.00672e-18 5.52294e-20 1.90587e-21 5.21469e-23 1.23255e-24 2.62795e-26 5.18491e-28 9.62418e-30 1.70005e-31 2.88171e-33 4.71686e-35 7.49168e-37 1.15906e-38 1.75221e-40 2.59501e-42 3.77302e-44 5.39539e-46 7.59991e-48 1.0559e-49 1.44864e-51 1.96456e-53 2.63582e-55 3.50149e-57 4.60871e-59 6.01404e-61 7.78496e-63 1.00016e-64 1.27585e-66 1.61671e-68 2.03577e-70 2.54824e-72 3.17179e-74 3.92689e-76 4.83714e-78 5.92972e-80 7.23575e-82 8.79083e-84 1.06355e-85 1.2816e-87 1.53846e-89 1.84004e-91 2.19303e-93 2.60493e-95 3.0842e-97 3.6403e-99 4.28382e-101 5.0266e-103 5.8818e-105 6.86409e-107 7.98974e-109 9.27682e-111 1.07453e-112 1.24172e-114 1.4317e-116 1.64714e-118 1.891e-120 2.16652e-122 2.47726e-124 2.82712e-126 3.22036e-128 3.66164e-130 4.15607e-132 4.70918e-134 5.32702e-136 6.01616e-138 6.78376e-140 7.63758e-142 8.58602e-144 9.63821e-146 1.0804e-147 1.20941e-149 1.352e-151 1.50942e-153 1.68301e-155 1.87422e-157 2.08459e-159 2.31582e-161 2.5697e-163 2.84817e-165 3.1533e-167 3.48732e-169 3.85263e-171 4.25177e-173 4.68748e-175 5.1627e-177 5.68055e-179 6.24437e-181 6.85774e-183 7.52445e-185 8.24858e-187 9.03444e-189 9.88663e-191 1.08101e-192 1.181e-194 1.28918e-196 1.40616e-198 1.53255e-200 1.66902e-202 1.81627e-204 1.97505e-206 2.14615e-208
1.00973e-20 6.04245e-22 2.23796e-23 6.50986e-25 1.62512e-26 3.64165e-28 7.52224e-30 1.45722e-31 2.67937e-33 4.71686e-35 8.00271e-37 1.31522e-38 2.10233e-40 3.27915e-42 5.00446e-44 7.48969e-46 1.10131e-47 1.59366e-49 2.27264e-51 3.19774e-53 4.44418e-55 6.10638e-57 8.3019e-59 1.11762e-60 1.49079e-62 1.97154e-64 2.58638e-66 3.36733e-68 4.35289e-70 5.58911e-72 7.13083e-74 9.04308e-76 1.14027e-77 1.42999e-79 1.78408e-81 2.21489e-83 2.73683e-85 3.36661e-87 4.12356e-89 5.02999e-91 6.11155e-93 7.39768e-95 8.92204e-97 1.07231e-98 1.28446e-100 1.53363e-102 1.82546e-104 2.16633e-106 2.56344e-108 3.02489e-110 3.55982e-112 4.17846e-114 4.89229e-116 5.71414e-118 6.65833e-120 7.74084e-122 8.97946e-124 1.03939e-125 1.20062e-127 1.38405e-129 1.59238e-131 1.82858e-133 2.09593e-135 2.39804e-137 2.73888e-139 3.12284e-141 3.55472e-143 4.03978e-145 4.5838e-147 5.1931e-149 5.87458e-151 6.6358e-153 7.48497e-155 8.43109e-157 9.48391e-159 1.06541e-160 1.19531e-162 1.33936e-164 1.49892e-166 1.67545e-168 1.87057e-170 2.08599e-172 2.3236e-174 2.5854e-176 2.87359e-178 3.19052e-180 3.53873e-182 3.92094e-184 4.34012e-186 4.79941e-188 5.30224e-190 5.85225e-192 6.45337e-194 7.10982e-196 7.82611e-198 8.60709e-200 9.45795e-202 1.03842e-203 1.13919e-205 1.24872e-207 1.3677e-209
1.01275e-22 6.56501e-24 2.59715e-25 8.00101e-27 2.10283e-28 4.93875e-30 1.06542e-31 2.14928e-33 4.1052e-35 7.49168e-37 1.31522e-38 2.23308e-40 3.68238e-42 5.91779e-44 9.29444e-46 1.43002e-47 2.15964e-49 3.20685e-51 4.6889e-53 6.75942e-55 9.61787e-57 1.35209e-58 1.87959e-60 2.58579e-62 3.52284e-64 4.75592e-66 6.36593e-68 8.4527e-70 1.11388e-71 1.45737e-73 1.89393e-75 2.44552e-77 3.1386e-79 4.00486e-81 5.08214e-83 6.41545e-85 8.0581e-87 1.0073e-88 1.25343e-90 1.55288e-92 1.9158e-94 2.35404e-96 2.88136e-98 3.51371e-100 4.26954e-102 5.17012e-104 6.23992e-106 7.50703e-108 9.00363e-110 1.07665e-111 1.28374e-113 1.52642e-115 1.81009e-117 2.1409e-119 2.52578e-121 2.97258e-123 3.49013e-125 4.08838e-127 4.7785e-129 5.57303e-131 6.48601e-133 7.53313e-135 8.73193e-137 1.01019e-138 1.16649e-140 1.34451e-142 1.54694e-144 1.77675e-146 2.03726e-148 2.33211e-150 2.66534e-152 3.0414e-154 3.46522e-156 3.94221e-158 4.4783e-160 5.08006e-162 5.75465e-164 6.50997e-166 7.35463e-168 8.2981e-170 9.35069e-172 1.05237e-173 1.18294e-175 1.32814e-177 1.48941e-179 1.66837e-181 1.86673e-183 2.08639e-185 2.3294e-187 2.59798e-189 2.89453e-191 3.22168e-193 3.58225e-195 3.97929e-197 4.41613e-199 4.89634e-201 5.42378e-203 6.00261e-205 6.63734e-207 7.33281e-209 8.09423e-211
1.01579e-24 7.09066e-26 2.98367e-27 9.70242e-29 2.67711e-30 6.57383e-32 1.47787e-33 3.0985e-35 6.13691e-37 1.15906e-38 2.10233e-40 3.68238e-42 6.25602e-44 1.03456e-45 1.67021e-47 2.63886e-49 4.08873e-51 6.22382e-53 9.3215e-55 1.37547e-56 2.00197e-58 2.87706e-60 4.08622e-62 5.7402e-64 7.98137e-66 1.09915e-67 1.50011e-69 2.03004e-71 2.7253e-73 3.63115e-75 4.80363e-77 6.31181e-79 8.24033e-81 1.06925e-82 1.37939e-84 1.76963e-86 2.25829e-88 2.86732e-90 3.62301e-92 4.55667e-94 5.70549e-96 7.11354e-98 8.83277e-100 1.09244e-101 1.34601e-103 1.6524e-105 2.0214e-107 2.46443e-109 2.99472e-111 3.62763e-113 4.38088e-115 5.27492e-117 6.33327e-119 7.58294e-121 9.05487e-123 1.07844e-124 1.28121e-126 1.51837e-128 1.79517e-130 2.11754e-132 2.49221e-134 2.9268e-136 3.42991e-138 4.01123e-140 4.68168e-142 5.45354e-144 6.3406e-146 7.35831e-148 8.52399e-150 9.85696e-152 1.13789e-153 1.31137e-155 1.50885e-157 1.73329e-159 1.98803e-161 2.27673e-163 2.60349e-165 2.97283e-167 3.38974e-169 3.85976e-171 4.38898e-173 4.98414e-175 5.65265e-177 6.40266e-179 7.24316e-181 8.18399e-183 9.23598e-185 1.0411e-186 1.1722e-188 1.31833e-190 1.48104e-192 1.66203e-194 1.86317e-196 2.08647e-198 2.33414e-200 2.60861e-202 2.91248e-204 3.2486e-206 3.62009e-208 4.0303e-210 4.48289e-212
1.01883e-26 7.61939e-28 3.39777e-29 1.16285e-30 3.36015e-32 8.60808e-34 2.0128e-35 4.37823e-37 8.9776e-39 1.75221e-40 3.27915e-42 5.91779e-44 1.03456e-45 1.75851e-47 2.91511e-49 4.72483e-51 7.50368e-53 1.16981e-54 1.79309e-56 2.70602e-58 4.02557e-60 5.90954e-62 8.5688e-64 1.22826e-65 1.74179e-67 2.44529e-69 3.40062e-71 4.68729e-73 6.40681e-75 8.68796e-77 1.16932e-78 1.56265e-80 2.07421e-82 2.73559e-84 3.58585e-86 4.67302e-88 6.05595e-90 7.80643e-92 1.00117e-93 1.27773e-95 1.62308e-97 2.0525e-99 2.58435e-101 3.24052e-103 4.04707e-105 5.03494e-107 6.24072e-109 7.70761e-111 9.48642e-113 1.16368e-114 1.42287e-116 1.73436e-118 2.10766e-120 2.55383e-122 3.08569e-124 3.71808e-126 4.46815e-128 5.35566e-130 6.40336e-132 7.63737e-134 9.08762e-136 1.07884e-137 1.27788e-139 1.51034e-141 1.78131e-143 2.09656e-145 2.46264e-147 2.88697e-149 3.37795e-151 3.94507e-153 4.59903e-155 5.3519e-157 6.21723e-159 7.21027e-161 8.34813e-163 9.64997e-165 1.11373e-166 1.2834e-168 1.47669e-170 1.69659e-172 1.94643e-174 2.22991e-176 2.55116e-178 2.91474e-180 3.32573e-182 3.78976e-184 4.31304e-186 4.90248e-188 5.56567e-190 6.31103e-192 7.14782e-194 8.08626e-196 9.13759e-198 1.03142e-199 1.16296e-201 1.30989e-203 1.47384e-205 1.6566e-207 1.86015e-209 2.08664e-211 2.33843e-213
1.02188e-28 8.15122e-30 3.83967e-31 1.37939e-32 4.16488e-34 1.11097e-35 2.69722e-37 6.07739e-39 1.2883e-40 2.59501e-42 5.00446e-44 9.29444e-46 1.67021e-47 2.91511e-49 4.9572e-51 8.23486e-53 1.33931e-54 2.13666e-56 3.34915e-58 5.16531e-60 7.84811e-62 1.17604e-63 1.73975e-65 2.54299e-67 3.67565e-69 5.25725e-71 7.44553e-73 1.04471e-74 1.45308e-76 2.0044e-78 2.74328e-80 3.7267e-82 5.02697e-84 6.73547e-86 8.96696e-88 1.1865e-89 1.56083e-91 2.04182e-93 2.65679e-95 3.43933e-97 4.43054e-99 5.68056e-101 7.2503e-103 9.21356e-105 1.16594e-106 1.46949e-108 1.84487e-110 2.30745e-112 2.87554e-114 3.57094e-116 4.41949e-118 5.45176e-120 6.70381e-122 8.21807e-124 1.00444e-125 1.22411e-127 1.48765e-129 1.80302e-131 2.17947e-133 2.62776e-135 3.16037e-137 3.79172e-139 4.53847e-141 5.41982e-143 6.45788e-145 7.67803e-147 9.10937e-149 1.07852e-150 1.27437e-152 1.50282e-154 1.76882e-156 2.07802e-158 2.43682e-160 2.85247e-162 3.33321e-164 3.88834e-166 4.52838e-168 5.26521e-170 6.11219e-172 7.08439e-174 8.19874e-176 9.47423e-178 1.09322e-179 1.25965e-181 1.4494e-183 1.66544e-185 1.91111e-187 2.19014e-189 2.50668e-191 2.86534e-193 3.27126e-195 3.73015e-197 4.24834e-199 4.83285e-201 5.49148e-203 6.23283e-205 7.06643e-207 8.00282e-209 9.05363e-211 1.02317e-212 1.15511e-214
1.02494e-30 8.68617e-32 4.30962e-33 1.62134e-34 5.10505e-36 1.41542e-37 3.56238e-39 8.30281e-41 1.81717e-42 3.77302e-44 7.48969e-46 1.43002e-47 2.63886e-49 4.72483e-51 8.23486e-53 1.40088e-54 2.33139e-56 3.80323e-58 6.09182e-60 9.59488e-62 1.48796e-63 2.27456e-65 3.4308e-67 5.1107e-69 7.52492e-71 1.09592e-72 1.57976e-74 2.2553e-76 3.19046e-78 4.4746e-80 6.2245e-82 8.59184e-84 1.17725e-85 1.60178e-87 2.16488e-89 2.90734e-91 3.88072e-93 5.1499e-95 6.79612e-97 8.92074e-99 1.16496e-100 1.51385e-102 1.95793e-104 2.52077e-106 3.23118e-108 4.12434e-110 5.24296e-112 6.6388e-114 8.37437e-116 1.05249e-117 1.31809e-119 1.64505e-121 2.0463e-123 2.53722e-125 3.13611e-127 3.86465e-129 4.74846e-131 5.81777e-133 7.10816e-135 8.66143e-137 1.05265e-138 1.27608e-140 1.5431e-142 1.8615e-144 2.24035e-146 2.69014e-148 3.22305e-150 3.85317e-152 4.59675e-154 5.47251e-156 6.50201e-158 7.71002e-160 9.12494e-162 1.07793e-163 1.27103e-165 1.49605e-167 1.75782e-169 2.06187e-171 2.41447e-173 2.82275e-175 3.29479e-177 3.83975e-179 4.46798e-181 5.19119e-183 6.0226e-185 6.97711e-187 8.07148e-189 9.32459e-191 1.07576e-192 1.23944e-194 1.42616e-196 1.63892e-198 1.88104e-200 2.15627e-202 2.4688e-204 2.82326e-206 3.22485e-208 3.67935e-210 4.19319e-212 4.77351e-214 5.42826e-216
1.02801e-32 9.22425e-34 4.80785e-35 1.89019e-36 6.19516e-38 1.78252e-39 4.64416e-41 1.11818e-42 2.5237e-44 5.39539e-46 1.10131e-47 2.15964e-49 4.08873e-51 7.50368e-53 1.33931e-54 2.33139e-56 3.96736e-58 6.61328e-60 1.08172e-61 1.73884e-63 2.7506e-65 4.28672e-67 6.58883e-69 9.99726e-71 1.49867e-72 2.2213e-74 3.25749e-76 4.72933e-78 6.80146e-80 9.69423e-82 1.37005e-83 1.92071e-85 2.67216e-87 3.69059e-89 5.06189e-91 6.89684e-93 9.3376e-95 1.25657e-96 1.6812e-98 2.23684e-100 2.96025e-102 3.89758e-104 5.10646e-106 6.6586e-108 8.64292e-110 1.11693e-111 1.43729e-113 1.84196e-115 2.35124e-117 2.98987e-119 3.78789e-121 4.78175e-123 6.01546e-125 7.54208e-127 9.42536e-129 1.17417e-130 1.45826e-132 1.80569e-134 2.22944e-136 2.7449e-138 3.37033e-140 4.12727e-142 5.04116e-144 6.14193e-146 7.46474e-148 9.05081e-150 1.09484e-151 1.32138e-153 1.59126e-155 1.91215e-157 2.2929e-159 2.74383e-161 3.27684e-163 3.90574e-165 4.64643e-167 5.51724e-169 6.53927e-171 7.73676e-173 9.13753e-175 1.07734e-176 1.2681e-178 1.49017e-180 1.74833e-182 2.04799e-184 2.39531e-186 2.79731e-188 3.26194e-190 3.79823e-192 4.41641e-194 5.12804e-196 5.94619e-198 6.88563e-200 7.963e-202 9.19704e-204 1.06089e-205 1.22222e-207 1.40636e-209 1.61631e-211 1.85541e-213 2.12741e-215 2.4365e-217
1.03108e-34 9.76547e-36 5.33462e-37 2.18745e-38 7.45054e-40 2.22143e-41 5.98351e-43 1.4865e-44 3.45598e-46 7.59991e-48 1.59366e-49 3.20685e-51 6.22382e-53 1.16981e-54 2.13666e-56 3.80323e-58 6.61328e-60 1.12571e-61 1.87916e-63 3.08107e-65 4.96861e-67 7.89018e-69 1.23516e-70 1.90793e-72 2.91056e-74 4.38832e-76 6.54388e-78 9.65742e-80 1.41133e-81 2.04347e-83 2.93284e-85 4.17431e-87 5.89435e-89 8.26051e-91 1.14934e-92 1.58821e-94 2.18027e-96 2.9743e-98 4.03313e-100 5.43741e-102 7.29011e-104 9.72216e-106 1.28993e-107 1.70307e-109 2.23787e-111 2.92717e-113 3.81194e-115 4.94301e-117 6.38335e-119 8.21065e-121 1.05205e-122 1.34299e-124 1.70822e-126 2.16519e-128 2.73511e-130 3.4437e-132 4.32205e-134 5.40765e-136 6.74558e-138 8.38995e-140 1.04055e-141 1.28696e-143 1.58744e-145 1.95295e-147 2.39649e-149 2.93345e-151 3.58203e-153 4.36368e-155 5.30365e-157 6.43162e-159 7.78236e-161 9.39661e-163 1.1322e-164 1.3614e-166 1.63373e-168 1.95671e-170 2.33907e-172 2.79092e-174 3.32399e-176 3.95181e-178 4.68998e-180 5.55652e-182 6.57212e-184 7.76059e-186 9.14925e-188 1.07694e-189 1.26568e-191 1.48525e-193 1.74033e-195 2.03624e-197 2.37906e-199 2.7757e-201 3.23402e-203 3.76293e-205 4.37253e-207 5.07429e-209 5.88114e-211 6.80774e-213 7.87061e-215 9.08841e-217 1.04821e-218
1.03417e-36 1.03099e-37 5.89016e-39 2.51464e-40 8.88733e-42 2.74219e-43 7.62693e-45 1.95293e-46 4.67237e-48 1.0559e-49 2.27264e-51 4.6889e-53 9.3215e-55 1.79309e-56 3.34915e-58 6.09182e-60 1.08172e-61 1.87916e-63 3.19954e-65 5.34784e-67 8.78713e-69 1.42112e-70 2.26469e-72 3.55966e-74 5.52344e-76 8.46758e-78 1.28342e-79 1.92453e-81 2.85681e-83 4.20028e-85 6.1197e-87 8.83969e-89 1.26644e-90 1.80027e-92 2.54015e-94 3.55871e-96 4.95192e-98 6.8459e-100 9.40547e-102 1.2845e-103 1.7442e-105 2.35539e-107 3.16392e-109 4.22836e-111 5.62318e-113 7.44274e-115 9.8061e-117 1.2863e-118 1.68009e-120 2.1854e-122 2.83137e-124 3.65411e-126 4.69832e-128 6.01904e-130 7.68395e-132 9.77595e-134 1.23964e-135 1.56687e-137 1.97431e-139 2.48014e-141 3.10638e-143 3.87958e-145 4.83169e-147 6.0011e-149 7.43379e-151 9.18475e-153 1.13196e-154 1.39163e-156 1.70678e-158 2.08841e-160 2.54954e-162 3.10557e-164 3.77462e-166 4.57807e-168 5.54101e-170 6.69287e-172 8.06814e-174 9.70711e-176 1.16568e-177 1.39722e-179 1.67169e-181 1.99652e-183 2.3803e-185 2.83301e-187 3.36617e-189 3.99311e-191 4.7292e-193 5.59213e-195 6.60231e-197 7.78314e-199 9.1615e-201 1.07682e-202 1.26386e-204 1.4813e-206 1.73375e-208 2.02647e-210 2.36546e-212 2.75754e-214 3.21048e-216 3.7331e-218 4.33541e-220
1.03727e-38 1.08574e-39 6.47471e-41 2.87331e-42 1.05225e-43 3.35576e-45 9.62698e-47 2.53814e-48 6.24317e-50 1.44864e-51 3.19774e-53 6.75942e-55 1.37547e-56 2.70602e-58 5.16531e-60 9.59488e-62 1.73884e-63 3.08107e-65 5.34784e-67 9.10751e-69 1.52402e-70 2.50899e-72 4.06834e-74 6.50404e-76 1.02609e-77 1.59876e-79 2.46203e-81 3.74979e-83 5.65183e-85 8.43496e-87 1.24713e-88 1.82759e-90 2.65566e-92 3.82797e-94 5.47556e-96 7.77503e-98 1.0963e-99 1.53546e-101 2.13676e-103 2.95523e-105 4.06304e-107 5.55442e-109 7.55172e-111 1.02132e-112 1.37426e-114 1.84013e-116 2.4523e-118 3.25322e-120 4.29672e-122 5.65076e-124 7.40088e-126 9.65433e-128 1.25452e-129 1.62407e-131 2.09484e-133 2.69253e-135 3.4489e-137 4.40306e-139 5.60302e-141 7.10761e-143 8.98867e-145 1.13338e-146 1.42493e-148 1.78643e-150 2.2335e-152 2.78498e-154 3.46356e-156 4.29653e-158 5.31658e-160 6.56288e-162 8.08217e-164 9.93019e-166 1.21732e-167 1.48901e-169 1.8174e-171 2.21354e-173 2.69048e-175 3.2636e-177 3.95099e-179 4.77394e-181 5.7574e-183 6.93062e-185 8.32779e-187 9.98888e-189 1.19604e-190 1.42967e-192 1.70609e-194 2.0326e-196 2.41772e-198 2.87127e-200 3.40464e-202 4.03096e-204 4.76538e-206 5.62539e-208 6.63106e-210 7.80551e-212 9.17525e-214 1.07707e-215 1.26267e-217 1.4783e-219 1.72853e-221
1.04037e-40 1.14081e-41 7.08852e-43 3.26502e-44 1.23738e-45 4.07405e-47 1.20427e-48 3.26613e-50 8.25249e-52 1.96456e-53 4.44418e-55 9.61787e-57 2.00197e-58 4.02557e-60 7.84811e-62 1.48796e-63 2.7506e-65 4.96861e-67 8.78713e-69 1.52402e-70 2.59597e-72 4.34851e-74 7.17154e-76 1.16564e-77 1.86894e-79 2.95849e-81 4.62716e-83 7.1553e-85 1.09466e-86 1.65776e-88 2.48646e-90 3.69544e-92 5.44465e-94 7.9556e-96 1.1533e-97 1.65931e-99 2.37014e-101 3.36215e-103 4.73784e-105 6.63408e-107 9.23268e-109 1.27739e-110 1.75738e-112 2.40461e-114 3.27301e-116 4.43255e-118 5.97365e-120 8.0127e-122 1.06989e-123 1.42228e-125 1.8827e-127 2.48189e-129 3.25872e-131 4.26215e-133 5.55361e-135 7.21004e-137 9.3274e-139 1.20251e-140 1.54513e-142 1.97891e-144 2.52648e-146 3.21564e-148 4.08054e-150 5.16298e-152 6.51401e-154 8.19582e-156 1.0284e-157 1.28703e-159 1.60657e-161 2.00041e-163 2.4847e-165 3.07886e-167 3.8062e-169 4.69463e-171 5.77752e-173 7.09469e-175 8.69357e-177 1.06305e-178 1.29726e-180 1.57989e-182 1.92034e-184 2.32968e-186 2.82098e-188 3.4096e-190 4.11361e-192 4.95422e-194 5.95629e-196 7.14888e-198 8.56597e-200 1.02472e-201 1.22387e-203 1.45944e-205 1.73765e-207 2.06576e-209 2.45218e-211 2.90662e-213 3.44034e-215 4.06632e-217 4.79953e-219 5.65723e-221 6.65929e-223
1.04349e-42 1.19621e-43 7.73185e-45 3.69134e-46 1.44599e-47 4.90998e-49 1.49405e-50 4.1646e-52 1.08004e-53 2.63582e-55 6.10638e-57 1.35209e-58 2.87706e-60 5.90954e-62 1.17604e-63 2.27456e-65 4.28672e-67 7.89018e-69 1.42112e-70 2.50899e-72 4.34851e-74 7.4085e-76 1.24217e-77 2.05186e-79 3.34228e-81 5.37323e-83 8.53221e-85 1.33914e-86 2.07876e-88 3.19339e-90 4.85739e-92 7.31933e-94 1.09309e-95 1.6186e-97 2.37733e-99 3.46472e-101 5.01208e-103 7.1991e-105 1.02701e-106 1.45557e-108 2.05002e-110 2.86985e-112 3.99423e-114 5.5281e-116 7.6098e-118 1.0421e-119 1.41992e-121 1.92534e-123 2.59845e-125 3.491e-127 4.66956e-129 6.2195e-131 8.24981e-133 1.08993e-134 1.43439e-136 1.88062e-138 2.45668e-140 3.19782e-142 4.14821e-144 5.36305e-146 6.91106e-148 8.87766e-150 1.13686e-151 1.45148e-153 1.84773e-155 2.34544e-157 2.96892e-159 3.74793e-161 4.7188e-163 5.92579e-165 7.42269e-167 9.27479e-169 1.15611e-170 1.4377e-172 1.78376e-174 2.20812e-176 2.72743e-178 3.36161e-180 4.1345e-182 5.07459e-184 6.21585e-186 7.59869e-188 9.27115e-190 1.12902e-191 1.37234e-193 1.66505e-195 2.01657e-197 2.43802e-199 2.94247e-201 3.5453e-203 4.26456e-205 5.12138e-207 6.14053e-209 7.35095e-211 8.78641e-213 1.04863e-214 1.24965e-216 1.48703e-218 1.76696e-220 2.09662e-222 2.48435e-224
1.04661e-44 1.25192e-45 8.40493e-47 4.15388e-48 1.68003e-49 5.87751e-51 1.8394e-52 5.26541e-54 1.4005e-55 3.50149e-57 8.3019e-59 1.87959e-60 4.08622e-62 8.5688e-64 1.73975e-65 3.4308e-67 6.58883e-69 1.23516e-70 2.26469e-72 4.06834e-74 7.17154e-76 1.24217e-77 2.11662e-79 3.55195e-81 5.87584e-83 9.59028e-85 1.54558e-86 2.4613e-88 3.87553e-90 6.03744e-92 9.31037e-94 1.42198e-95 2.15196e-97 3.22832e-99 4.80281e-101 7.08844e-103 1.03823e-104 1.5096e-106 2.17966e-108 3.12605e-110 4.45449e-112 6.30817e-114 8.88e-116 1.24286e-117 1.72991e-119 2.39496e-121 3.2986e-123 4.52056e-125 6.16536e-127 8.36946e-129 1.13103e-130 1.52177e-132 2.03883e-134 2.72037e-136 3.61527e-138 4.78599e-140 6.31204e-142 8.29431e-144 1.08605e-145 1.41715e-147 1.84299e-149 2.38897e-151 3.08684e-153 3.97622e-155 5.10639e-157 6.53848e-159 8.34818e-161 1.06289e-162 1.34958e-164 1.70902e-166 2.15856e-168 2.7194e-170 3.41745e-172 4.28425e-174 5.35815e-176 6.68567e-178 8.32312e-180 1.03386e-181 1.28142e-183 1.58487e-185 1.95609e-187 2.40933e-189 2.96165e-191 3.63344e-193 4.44905e-195 5.43748e-197 6.63321e-199 8.07723e-201 9.81813e-203 1.19134e-204 1.44311e-206 1.74516e-208 2.10693e-210 2.53959e-212 3.05623e-214 3.67222e-216 4.40559e-218 5.27746e-220 6.3125e-222 7.53955e-224 8.99222e-226
1.04974e-46 1.30796e-47 9.10802e-49 4.65423e-50 1.94153e-51 6.99171e-53 2.24854e-54 6.60501e-56 1.80054e-57 4.60871e-59 1.11762e-60 2.58579e-62 5.7402e-64 1.22826e-65 2.54299e-67 5.1107e-69 9.99726e-71 1.90793e-72 3.55966e-74 6.50404e-76 1.16564e-77 2.05186e-79 3.55195e-81 6.05335e-83 1.01663e-84 1.68403e-86 2.75364e-88 4.4479e-90 7.10199e-92 1.12163e-93 1.75308e-95 2.71311e-97 4.15957e-99 6.32029e-101 9.52164e-103 1.42277e-104 2.10942e-106 3.10412e-108 4.53516e-110 6.5804e-112 9.48495e-114 1.35847e-115 1.93376e-117 2.73647e-119 3.85039e-121 5.38805e-123 7.49989e-125 1.03861e-126 1.43119e-128 1.96272e-130 2.6792e-132 3.64081e-134 4.92605e-136 6.63688e-138 8.9053e-140 1.19016e-141 1.58446e-143 2.10149e-145 2.77707e-147 3.65682e-149 4.79866e-151 6.27589e-153 8.18103e-155 1.06305e-156 1.37705e-158 1.7784e-160 2.28995e-162 2.94014e-164 3.76433e-166 4.80633e-168 6.12032e-170 7.77313e-172 9.84703e-174 1.24431e-175 1.5685e-177 1.97244e-179 2.4746e-181 3.09749e-183 3.86849e-185 4.8208e-187 5.99463e-189 7.43859e-191 9.21133e-193 1.13835e-194 1.404e-196 1.72829e-198 2.12343e-200 2.60403e-202 3.18756e-204 3.89484e-206 4.75066e-208 5.7845e-210 7.03134e-212 8.53268e-214 1.03376e-215 1.25041e-217 1.51008e-219 1.82084e-221 2.19219e-223 2.63531e-225 3.16332e-227
1.05289e-48 1.36433e-49 9.84137e-51 5.19403e-52 2.23262e-53 8.26879e-55 2.73058e-56 8.22492e-58 2.29642e-59 6.01404e-61 1.49079e-62 3.52284e-64 7.98137e-66 1.74179e-67 3.67565e-69 7.52492e-71 1.49867e-72 2.91056e-74 5.52344e-76 1.02609e-77 1.86894e-79 3.34228e-81 5.87584e-83 1.01663e-84 1.73281e-86 2.91226e-88 4.83011e-90 7.91139e-92 1.2806e-93 2.04978e-95 3.24628e-97 5.0895e-99 7.90289e-101 1.21594e-102 1.85455e-104 2.80498e-106 4.20864e-108 6.26648e-110 9.26211e-112 1.35934e-113 1.98153e-115 2.8697e-117 4.12993e-119 5.90774e-121 8.40164e-123 1.18812e-124 1.67107e-126 2.33801e-128 3.25455e-130 4.50816e-132 6.21499e-134 8.5286e-136 1.16513e-137 1.58485e-139 2.14671e-141 2.8959e-143 3.8911e-145 5.20819e-147 6.94501e-149 9.22731e-151 1.22162e-152 1.61175e-154 2.11933e-156 2.77763e-158 3.62882e-160 4.72609e-162 6.13649e-164 7.94422e-166 1.02548e-167 1.32e-169 1.69443e-171 2.16922e-173 2.76975e-175 3.52744e-177 4.4811e-179 5.6786e-181 7.1788e-183 9.05397e-185 1.13926e-186 1.4303e-188 1.79173e-190 2.23962e-192 2.79354e-194 3.47721e-196 4.31939e-198 5.35483e-200 6.62547e-202 8.18186e-204 1.00848e-205 1.24074e-207 1.52372e-209 1.86789e-211 2.28581e-213 2.79242e-215 3.40555e-217 4.14643e-219 5.04026e-221 6.11696e-223 7.41198e-225 8.96728e-227 1.08325e-228
1.05604e-50 1.42101e-51 1.06052e-52 5.77493e-54 2.55551e-55 9.72614e-57 3.29556e-58 1.01723e-59 2.90707e-61 7.78496e-63 1.97154e-64 4.75592e-66 1.09915e-67 2.44529e-69 5.25725e-71 1.09592e-72 2.2213e-74 4.38832e-76 8.46758e-78 1.59876e-79 2.95849e-81 5.37323e-83 9.59028e-85 1.68403e-86 2.91226e-88 4.9645e-90 8.34921e-92 1.38634e-93 2.2743e-95 3.68856e-97 5.91763e-99 9.39622e-101 1.47737e-102 2.30118e-104 3.55244e-106 5.43734e-108 8.25447e-110 1.24332e-111 1.85871e-113 2.75867e-115 4.06604e-117 5.95309e-119 8.66004e-121 1.25201e-122 1.79928e-124 2.5709e-126 3.65302e-128 5.16277e-130 7.25859e-132 1.01539e-133 1.41351e-135 1.95844e-137 2.70104e-139 3.70872e-141 5.07042e-143 6.90312e-145 9.3601e-147 1.26415e-148 1.70078e-150 2.27969e-152 3.04453e-154 4.05162e-156 5.37326e-158 7.1021e-160 9.3565e-162 1.22872e-163 1.60856e-165 2.09944e-167 2.73199e-169 3.54484e-171 4.58653e-173 5.91795e-175 7.61525e-177 9.77349e-179 1.2511e-180 1.59749e-182 2.03475e-184 2.58543e-186 3.27737e-188 4.14486e-190 5.23008e-192 6.58476e-194 8.27228e-196 1.03701e-197 1.29726e-199 1.61951e-201 2.01773e-203 2.5089e-205 3.1136e-207 3.8567e-209 4.76823e-211 5.88441e-213 7.24881e-215 8.9138e-217 1.09422e-218 1.34093e-220 1.64051e-222 2.00372e-224 2.44338e-226 2.97478e-228 3.61609e-230
1.0592e-52 1.47803e-53 1.13999e-54 6.39859e-56 2.9125e-57 1.13824e-58 3.95457e-60 1.25003e-61 3.65444e-63 1.00016e-64 2.58638e-66 6.36593e-68 1.50011e-69 3.40062e-71 7.44553e-73 1.57976e-74 3.25749e-76 6.54388e-78 1.28342e-79 2.46203e-81 4.62716e-83 8.53221e-85 1.54558e-86 2.75364e-88 4.83011e-90 8.34921e-92 1.42345e-93 2.39541e-95 3.98168e-97 6.54153e-99 1.06286e-100 1.70882e-102 2.71992e-104 4.28803e-106 6.69866e-108 1.03734e-109 1.59303e-111 2.42685e-113 3.66879e-115 5.50549e-117 8.20324e-119 1.21397e-120 1.78475e-122 2.60732e-124 3.7858e-126 5.4646e-128 7.84306e-130 1.11949e-131 1.58944e-133 2.24507e-135 3.15536e-137 4.41333e-139 6.14395e-141 8.51441e-143 1.17475e-144 1.61388e-146 2.20797e-148 3.00854e-150 4.08327e-152 5.52076e-154 7.43655e-156 9.98086e-158 1.33484e-159 1.77908e-161 2.36322e-163 3.1289e-165 4.12944e-167 5.43298e-169 7.12629e-171 9.31965e-173 1.21528e-174 1.58023e-176 2.04909e-178 2.64988e-180 3.41775e-182 4.39672e-184 5.64178e-186 7.22148e-188 9.22106e-190 1.17463e-191 1.49284e-193 1.89291e-195 2.39484e-197 3.02323e-199 3.80831e-201 4.78715e-203 6.00516e-205 7.51781e-207 9.39278e-209 1.17125e-210 1.45771e-212 1.81082e-214 2.24532e-216 2.77902e-218 3.43346e-220 4.23459e-222 5.21366e-224 6.40827e-226 7.8635e-228 9.63345e-230 1.17828e-231
1.06237e-54 1.53537e-55 1.22255e-56 7.06669e-58 3.30599e-59 1.32575e-60 4.71974e-62 1.52691e-63 4.56387e-65 1.27585e-66 3.36733e-68 8.4527e-70 2.03004e-71 4.68729e-73 1.04471e-74 2.2553e-76 4.72933e-78 9.65742e-80 1.92453e-81 3.74979e-83 7.1553e-85 1.33914e-86 2.4613e-88 4.4479e-90 7.91139e-92 1.38634e-93 2.39541e-95 4.08435e-97 6.87719e-99 1.14426e-100 1.88248e-102 3.06384e-104 4.93576e-106 7.87408e-108 1.2445e-109 1.94947e-111 3.02781e-113 4.66431e-115 7.12914e-117 1.08146e-118 1.62869e-120 2.43578e-122 3.61843e-124 5.34062e-126 7.83344e-128 1.14208e-129 1.65544e-131 2.38608e-133 3.42053e-135 4.8777e-137 6.92024e-139 9.76968e-141 1.37264e-142 1.91962e-144 2.67248e-146 3.70433e-148 5.11275e-150 7.02753e-152 9.62059e-154 1.3119e-155 1.78215e-157 2.41198e-159 3.25263e-161 4.37083e-163 5.85332e-165 7.81241e-167 1.03932e-168 1.37825e-170 1.82202e-172 2.40137e-174 3.15554e-176 4.13455e-178 5.40195e-180 7.03831e-182 9.14551e-184 1.18521e-185 1.53198e-187 1.97519e-189 2.54029e-191 3.2591e-193 4.17135e-195 5.32647e-197 6.78589e-199 8.62578e-201 1.09404e-202 1.38462e-204 1.74866e-206 2.20384e-208 2.77184e-210 3.47926e-212 4.35865e-214 5.44978e-216 6.80117e-218 8.47188e-220 1.05337e-221 1.30739e-223 1.6198e-225 2.00338e-227 2.47358e-229 3.04902e-231 3.75214e-233
1.06555e-56 1.59305e-57 1.30824e-58 7.78093e-60 3.73847e-61 1.53728e-62 5.60442e-64 1.8546e-65 5.66448e-67 1.61671e-68 4.35289e-70 1.11388e-71 2.7253e-73 6.40681e-75 1.45308e-76 3.19046e-78 6.80146e-80 1.41133e-81 2.85681e-83 5.65183e-85 1.09466e-86 2.07876e-88 3.87553e-90 7.10199e-92 1.2806e-93 2.2743e-95 3.98168e-97 6.87719e-99 1.17273e-100 1.97568e-102 3.29028e-104 5.41989e-106 8.83518e-108 1.42599e-109 2.27975e-111 3.61169e-113 5.6722e-115 8.83423e-117 1.36492e-118 2.0927e-120 3.1849e-122 4.81277e-124 7.22301e-126 1.07689e-127 1.59537e-129 2.34897e-131 3.43806e-133 5.0033e-135 7.24078e-137 1.04227e-138 1.49248e-140 2.12642e-142 3.01482e-144 4.25413e-146 5.97529e-148 8.3553e-150 1.16326e-151 1.61269e-153 2.2266e-155 3.06192e-157 4.19425e-159 5.72356e-161 7.78168e-163 1.05418e-164 1.42309e-166 1.91453e-168 2.56709e-170 3.43085e-172 4.57068e-174 6.07028e-176 8.03743e-178 1.06105e-179 1.39667e-181 1.83325e-183 2.39962e-185 3.13245e-187 4.07822e-189 5.29577e-191 6.85931e-193 8.86235e-195 1.14224e-196 1.46867e-198 1.88396e-200 2.41114e-202 3.07888e-204 3.92286e-206 4.98736e-208 6.32723e-210 8.01033e-212 1.01204e-213 1.27605e-215 1.60577e-217 2.01676e-219 2.52813e-221 3.16322e-223 3.95058e-225 4.92502e-227 6.12891e-229 7.61377e-231 9.44213e-233 1.16898e-234
1.06874e-58 1.65105e-59 1.39709e-60 8.54303e-62 4.21251e-63 1.77508e-64 6.62314e-66 2.24065e-67 6.98966e-69 2.03577e-70 5.58911e-72 1.45737e-73 3.63115e-75 8.68796e-77 2.0044e-78 4.4746e-80 9.69423e-82 2.04347e-83 4.20028e-85 8.43496e-87 1.65776e-88 3.19339e-90 6.03744e-92 1.12163e-93 2.04978e-95 3.68856e-97 6.54153e-99 1.14426e-100 1.97568e-102 3.36935e-104 5.67911e-106 9.46609e-108 1.56115e-109 2.54869e-111 4.1208e-113 6.60121e-115 1.04813e-116 1.6501e-118 2.5767e-120 3.99221e-122 6.13889e-124 9.37167e-126 1.42073e-127 2.13934e-129 3.20056e-131 4.75828e-133 7.03141e-135 1.03298e-136 1.50896e-138 2.1922e-140 3.16793e-142 4.55443e-144 6.51513e-146 9.27485e-148 1.31416e-149 1.85354e-151 2.60274e-153 3.639e-155 5.06652e-157 7.02527e-159 9.7026e-161 1.33484e-162 1.82951e-164 2.49827e-166 3.39928e-168 4.60909e-170 6.22818e-172 8.38802e-174 1.12602e-175 1.50678e-177 2.01005e-179 2.6733e-181 3.54486e-183 4.68696e-185 6.17947e-187 8.12467e-189 1.06532e-190 1.39316e-192 1.81715e-194 2.36413e-196 3.06809e-198 3.97193e-200 5.12972e-202 6.60943e-204 8.49636e-206 1.08973e-207 1.39458e-209 1.78082e-211 2.26918e-213 2.88541e-215 3.66145e-217 4.63681e-219 5.86036e-221 7.39235e-223 9.30697e-225 1.16954e-226 1.46697e-228 1.8367e-230 2.29549e-232 2.86386e-234 3.56678e-236
1.07194e-60 1.70939e-61 1.48912e-62 9.35472e-64 4.73079e-65 2.04158e-66 7.79179e-68 2.69349e-69 8.57751e-71 2.54824e-72 7.13083e-74 1.89393e-75 4.80363e-77 1.16932e-78 2.74328e-80 6.2245e-82 1.37005e-83 2.93284e-85 6.1197e-87 1.24713e-88 2.48646e-90 4.85739e-92 9.31037e-94 1.75308e-95 3.24628e-97 5.91763e-99 1.06286e-100 1.88248e-102 3.29028e-104 5.67911e-106 9.68606e-108 1.63337e-109 2.72474e-111 4.49867e-113 7.35467e-115 1.1911e-116 1.91165e-118 3.04167e-120 4.7996e-122 7.51334e-124 1.16715e-125 1.79976e-127 2.75556e-129 4.19012e-131 6.32949e-133 9.50026e-135 1.41716e-136 2.10142e-138 3.0981e-140 4.54203e-142 6.62295e-144 9.60666e-146 1.38638e-147 1.99088e-149 2.84527e-151 4.04741e-153 5.73145e-155 8.08053e-157 1.13437e-158 1.58583e-160 2.208e-162 3.06213e-164 4.23034e-166 5.82233e-168 7.98414e-170 1.09096e-171 1.48551e-173 2.01589e-175 2.72656e-177 3.67582e-179 4.93989e-181 6.61812e-183 8.8397e-185 1.17721e-186 1.56319e-188 2.06985e-190 2.73314e-192 3.59919e-194 4.72708e-196 6.19228e-198 8.09094e-200 1.05454e-201 1.37107e-203 1.77834e-205 2.30115e-207 2.97079e-209 3.82662e-211 4.91803e-213 6.30695e-215 8.07081e-217 1.03063e-218 1.31337e-220 1.67029e-222 2.11999e-224 2.68548e-226 3.39528e-228 4.28457e-230 5.39674e-232 6.78519e-234 8.51554e-236 1.06683e-237
