0.892177 0.0246112 0.0124251 0.00643544 0.00340858 0.00183974 0.00100824 0.000559076 0.00031267 0.000175866 9.92478e-05 5.6087e-05 3.16912e-05 1.78831e-05 1.00692e-05 5.65364e-06 3.16412e-06 1.76463e-06 9.80527e-07 5.42803e-07 2.99364e-07 1.64494e-07 9.00595e-08 4.91334e-08 2.67138e-08 1.44754e-08 7.81648e-09 4.20282e-09 2.24303e-09 1.17383e-09 6.26991e-10
0.0246112 0.00121855 0.000624995 0.000326888 0.000173222 9.25007e-05 4.95732e-05 2.65853e-05 1.42389e-05 7.60704e-06 4.05079e-06 2.14922e-06 1.136e-06 5.98173e-07 3.13814e-07 1.64052e-07 8.54739e-08 4.43931e-08 2.29888e-08 1.1872e-08 6.11536e-09 3.14259e-09 1.61135e-09 8.24457e-10 4.209e-10 2.14238e-10 1.08394e-10 5.39123e-11 2.52926e-11 9.26706e-12 4.63214e-12
0.0124251 0.000624995 0.00031798 0.000164873 8.66239e-05 4.58911e-05 2.44195e-05 1.30143e-05 6.93296e-06 3.68681e-06 1.9555e-06 1.03403e-06 5.44967e-07 2.86246e-07 1.49849e-07 7.81905e-08 4.06727e-08 2.10945e-08 1.09101e-08 5.62808e-09 2.89622e-09 1.48699e-09 7.61781e-10 3.89359e-10 1.98397e-10 1.00477e-10 5.00208e-11 2.35038e-11 8.69111e-12 4.31202e-12 2.15664e-12
0.00643544 0.000326888 0.000164873 8.46719e-05 4.40598e-05 2.31293e-05 1.22052e-05 6.45655e-06 3.41717e-06 1.80693e-06 9.5373e-07 5.02189e-07 2.63708e-07 1.38077e-07 7.20856e-08 3.75245e-08 1.94787e-08 1.0084e-08 5.20709e-09 2.68227e-09 1.37852e-09 7.06895e-10 3.61641e-10 1.84433e-10 9.34764e-11 4.65665e-11 2.19023e-11 8.15155e-12 4.05227e-12 2.01118e-12 1.00648e-12
0.00340858 0.000173222 8.66239e-05 4.40598e-05 2.27007e-05 1.18027e-05 6.17273e-06 3.23901e-06 1.70193e-06 8.94246e-07 4.69382e-07 2.45959e-07 1.28613e-07 6.70944e-08 3.49153e-08 1.81242e-08 9.38491e-09 4.84794e-09 2.49849e-09 1.28478e-09 6.59221e-10 3.37457e-10 1.72201e-10 8.73224e-11 4.35196e-11 2.04838e-11 7.66769e-12 3.80853e-12 1.89406e-12 9.40365e-13 4.70875e-13
0.00183974 9.25007e-05 4.58911e-05 2.31293e-05 1.18027e-05 6.07846e-06 3.1504e-06 1.63938e-06 8.5494e-07 4.46195e-07 2.32811e-07 1.21354e-07 6.31636e-08 3.28172e-08 1.70167e-08 8.80541e-09 4.54684e-09 2.34294e-09 1.2048e-09 6.18262e-10 3.16555e-10 1.61573e-10 8.19517e-11 4.08499e-11 1.92364e-11 7.24023e-12 3.59026e-12 1.78398e-12 8.87573e-13 4.40811e-13 2.20856e-13
0.00100824 4.95732e-05 2.44195e-05 1.22052e-05 6.17273e-06 3.1504e-06 1.6186e-06 8.35391e-07 4.32381e-07 2.24122e-07 1.16224e-07 6.02515e-08 3.12079e-08 1.61445e-08 8.33939e-09 4.30062e-09 2.21398e-09 1.13774e-09 5.8359e-10 2.98717e-10 1.52441e-10 7.7309e-11 3.85302e-11 1.81477e-11 6.86593e-12 3.39796e-12 1.68556e-12 8.37863e-13 4.17025e-13 2.07182e-13 1.0386e-13
0.000559076 2.65853e-05 1.30143e-05 6.45655e-06 3.23901e-06 1.63938e-06 8.35391e-07 4.27793e-07 2.19801e-07 1.13167e-07 5.83271e-08 3.00705e-08 1.54982e-08 7.98194e-09 4.10668e-09 2.11027e-09 1.0829e-09 5.54841e-10 2.83757e-10 1.44709e-10 7.33461e-11 3.65365e-11 1.72067e-11 6.54105e-12 3.23022e-12 1.59912e-12 7.93508e-13 3.94588e-13 1.96472e-13 9.76402e-14 4.89728e-14
0.00031267 1.42389e-05 6.93296e-06 3.41717e-06 1.70193e-06 8.5494e-07 4.32381e-07 2.19801e-07 1.12152e-07 5.737e-08 2.93929e-08 1.50712e-08 7.72927e-09 3.96298e-09 2.03071e-09 1.03969e-09 5.31717e-10 2.71521e-10 1.38297e-10 7.00221e-11 3.48482e-11 1.64035e-11 6.26217e-12 3.08536e-12 1.52404e-12 7.54691e-13 3.74613e-13 1.8635e-13 9.2821e-14 4.6143e-14 2.31552e-14
0.000175866 7.60704e-06 3.68681e-06 1.80693e-06 8.94246e-07 4.46195e-07 2.24122e-07 1.13167e-07 5.737e-08 2.91678e-08 1.48587e-08 7.57873e-09 3.86801e-09 1.97448e-09 1.00768e-09 5.13977e-10 2.61881e-10 1.33139e-10 6.73028e-11 3.3448e-11 1.57299e-11 6.02627e-12 2.96186e-12 1.45959e-12 7.21146e-13 3.57203e-13 1.77363e-13 8.82585e-14 4.39766e-14 2.18677e-14 1.09786e-14
9.92478e-05 4.05079e-06 1.9555e-06 9.5373e-07 4.69382e-07 2.32811e-07 1.16224e-07 5.83271e-08 2.93929e-08 1.48587e-08 7.52873e-09 3.82078e-09 1.94097e-09 9.86518e-10 5.01435e-10 2.54737e-10 1.29181e-10 6.51602e-11 3.23216e-11 1.51789e-11 5.83081e-12 2.85838e-12 1.40508e-12 6.92544e-13 3.42245e-13 1.69567e-13 8.42195e-14 4.1922e-14 2.08951e-14 1.0393e-14 5.21997e-15
5.6087e-05 2.14922e-06 1.03403e-06 5.02189e-07 2.45959e-07 1.21354e-07 6.02515e-08 3.00705e-08 1.50712e-08 7.57873e-09 3.82078e-09 1.92984e-09 9.75994e-10 4.93962e-10 2.50015e-10 1.26383e-10 6.35723e-11 3.14572e-11 1.47447e-11 5.67368e-12 2.77381e-12 1.35992e-12 6.68581e-13 3.29592e-13 1.62913e-13 8.07352e-14 4.01097e-14 1.9971e-14 9.95699e-15 4.95364e-15 2.48895e-15
3.16912e-05 1.136e-06 5.44967e-07 2.63708e-07 1.28613e-07 6.31636e-08 3.12079e-08 1.54982e-08 7.72927e-09 3.86801e-09 1.94097e-09 9.75994e-10 4.9148e-10 2.47666e-10 1.24716e-10 6.25226e-11 3.0846e-11 1.4423e-11 5.5532e-12 2.70722e-12 1.32362e-12 6.48997e-13 3.19111e-13 1.57338e-13 7.77849e-14 3.85562e-14 1.91594e-14 9.54203e-15 4.75858e-15 2.36789e-15 1.19014e-15
1.78831e-05 5.98173e-07 2.86246e-07 1.38077e-07 6.70944e-08 3.28172e-08 1.61445e-08 7.98194e-09 3.96298e-09 1.97448e-09 9.86518e-10 4.93962e-10 2.47666e-10 1.24162e-10 6.20005e-11 3.04818e-11 1.42103e-11 5.46805e-12 2.6579e-12 1.29579e-12 6.3358e-13 3.10687e-13 1.52782e-13 7.53404e-14 3.7253e-14 1.84688e-14 9.17939e-15 4.57262e-15 2.28084e-15 1.13515e-15 5.70699e-16
1.00692e-05 3.13814e-07 1.49849e-07 7.20856e-08 3.49153e-08 1.70167e-08 8.33939e-09 4.10668e-09 2.03071e-09 1.00768e-09 5.01435e-10 2.50015e-10 1.24716e-10 6.20005e-11 3.03608e-11 1.41045e-11 5.41732e-12 2.62531e-12 1.27612e-12 6.22162e-13 3.04228e-13 1.49196e-13 7.33759e-14 3.61878e-14 1.7896e-14 8.87361e-15 4.41109e-15 2.19772e-15 1.09642e-15 5.4575e-16 2.74437e-16
5.65364e-06 1.64052e-07 7.81905e-08 3.75245e-08 1.81242e-08 8.80541e-09 4.30062e-09 2.11027e-09 1.03969e-09 5.13977e-10 2.54737e-10 1.26383e-10 6.25226e-11 3.04818e-11 1.41045e-11 5.40047e-12 2.6091e-12 1.2644e-12 6.14618e-13 2.99664e-13 1.4654e-13 7.18698e-14 3.53493e-14 1.74355e-14 8.62333e-15 4.27633e-15 2.12604e-15 1.05939e-15 5.28582e-16 2.63132e-16 1.32341e-16
3.16412e-06 8.54739e-08 4.06727e-08 1.94787e-08 9.38491e-09 4.54684e-09 2.21398e-09 1.0829e-09 5.31717e-10 2.61881e-10 1.29181e-10 6.35723e-11 3.0846e-11 1.42103e-11 5.41732e-12 2.6091e-12 1.26051e-12 6.10867e-13 2.96946e-13 1.44785e-13 7.08057e-14 3.47284e-14 1.70824e-14 8.42626e-15 4.16784e-15 2.06701e-15 1.02773e-15 5.12154e-16 2.5556e-16 1.27227e-16 6.39946e-17
1.76463e-06 4.43931e-08 2.10945e-08 1.0084e-08 4.84794e-09 2.34294e-09 1.13774e-09 5.54841e-10 2.71521e-10 1.33139e-10 6.51602e-11 3.14572e-11 1.4423e-11 5.46805e-12 2.62531e-12 1.2644e-12 6.10867e-13 2.96043e-13 1.43913e-13 7.01718e-14 3.43182e-14 1.6833e-14 8.28031e-15 4.08463e-15 2.02046e-15 1.00208e-15 4.98262e-16 2.4831e-16 1.23909e-16 6.16875e-17 3.10297e-17
9.80527e-07 2.29888e-08 1.09101e-08 5.20709e-09 2.49849e-09 1.2048e-09 5.8359e-10 2.83757e-10 1.38297e-10 6.73028e-11 3.23216e-11 1.47447e-11 5.5532e-12 2.6579e-12 1.27612e-12 6.14618e-13 2.96946e-13 1.43913e-13 6.99613e-14 3.41142e-14 1.66844e-14 8.1839e-15 4.02584e-15 1.98596e-15 9.82365e-16 4.87223e-16 2.42261e-16 1.2073e-16 6.02446e-17 2.99919e-17 1.5086e-17
5.42803e-07 1.1872e-08 5.62808e-09 2.68227e-09 1.28478e-09 6.18262e-10 2.98717e-10 1.44709e-10 7.00221e-11 3.3448e-11 1.51789e-11 5.67368e-12 2.70722e-12 1.29579e-12 6.22162e-13 2.99664e-13 1.44785e-13 7.01718e-14 3.41142e-14 1.66351e-14 8.13596e-15 3.99082e-15 1.96317e-15 9.68429e-16 4.79027e-16 2.37575e-16 1.18123e-16 5.88635e-17 2.93711e-17 1.46211e-17 7.35381e-18
2.99364e-07 6.11536e-09 2.89622e-09 1.37852e-09 6.59221e-10 3.16555e-10 1.52441e-10 7.33461e-11 3.48482e-11 1.57299e-11 5.83081e-12 2.77381e-12 1.32362e-12 6.3358e-13 3.04228e-13 1.4654e-13 7.08057e-14 3.43182e-14 1.66844e-14 8.13596e-15 3.97919e-15 1.95184e-15 9.60127e-16 4.73609e-16 2.34254e-16 1.1617e-16 5.77554e-17 2.87778e-17 1.43577e-17 7.14658e-18 3.59392e-18
1.64494e-07 3.14259e-09 1.48699e-09 7.06895e-10 3.37457e-10 1.61573e-10 7.7309e-11 3.65365e-11 1.64035e-11 6.02627e-12 2.85838e-12 1.35992e-12 6.48997e-13 3.10687e-13 1.49196e-13 7.18698e-14 3.47284e-14 1.6833e-14 8.1839e-15 3.99082e-15 1.95184e-15 9.5737e-16 4.70914e-16 2.32274e-16 1.14876e-16 5.69622e-17 2.83156e-17 1.41068e-17 7.03695e-18 3.50217e-18 1.76083e-18
9.00595e-08 1.61135e-09 7.61781e-10 3.61641e-10 1.72201e-10 8.19517e-11 3.85302e-11 1.72067e-11 6.26217e-12 2.96186e-12 1.40508e-12 6.68581e-13 3.19111e-13 1.52782e-13 7.33759e-14 3.53493e-14 1.70824e-14 8.28031e-15 4.02584e-15 1.96317e-15 9.60127e-16 4.70914e-16 2.31617e-16 1.14231e-16 5.64879e-17 2.80058e-17 1.39191e-17 6.93311e-18 3.45778e-18 1.72056e-18 8.64842e-19
4.91334e-08 8.24457e-10 3.89359e-10 1.84433e-10 8.73224e-11 4.08499e-11 1.81477e-11 6.54105e-12 3.08536e-12 1.45959e-12 6.92544e-13 3.29592e-13 1.57338e-13 7.53404e-14 3.61878e-14 1.74355e-14 8.42626e-15 4.08463e-15 1.98596e-15 9.68429e-16 4.73609e-16 2.32274e-16 1.14231e-16 5.63302e-17 2.7851e-17 1.38054e-17 6.85994e-18 3.41612e-18 1.70331e-18 8.47368e-19 4.25795e-19
2.67138e-08 4.209e-10 1.98397e-10 9.34764e-11 4.35196e-11 1.92364e-11 6.86593e-12 3.23022e-12 1.52404e-12 7.21146e-13 3.42245e-13 1.62913e-13 7.77849e-14 3.7253e-14 1.7896e-14 8.62333e-15 4.16784e-15 2.02046e-15 9.82365e-16 4.79027e-16 2.34254e-16 1.14876e-16 5.64879e-17 2.7851e-17 1.37675e-17 6.82285e-18 3.38942e-18 1.6874e-18 8.41109e-19 4.18329e-19 2.10129e-19
1.44754e-08 2.14238e-10 1.00477e-10 4.65665e-11 2.04838e-11 7.24023e-12 3.39796e-12 1.59912e-12 7.54691e-13 3.57203e-13 1.69567e-13 8.07352e-14 3.85562e-14 1.84688e-14 8.87361e-15 4.27633e-15 2.06701e-15 1.00208e-15 4.87223e-16 2.37575e-16 1.1617e-16 5.69622e-17 2.80058e-17 1.38054e-17 6.82285e-18 3.38036e-18 1.67879e-18 8.35505e-19 4.16333e-19 2.07005e-19 1.03936e-19
7.81648e-09 1.08394e-10 5.00208e-11 2.19023e-11 7.66769e-12 3.59026e-12 1.68556e-12 7.93508e-13 3.74613e-13 1.77363e-13 8.42195e-14 4.01097e-14 1.91594e-14 9.17939e-15 4.41109e-15 2.12604e-15 1.02773e-15 4.98262e-16 2.42261e-16 1.18123e-16 5.77554e-17 2.83156e-17 1.39191e-17 6.85994e-18 3.38942e-18 1.67879e-18 8.33461e-19 4.14654e-19 2.06547e-19 1.02664e-19 5.15231e-20
4.20282e-09 5.39123e-11 2.35038e-11 8.15155e-12 3.80853e-12 1.78398e-12 8.37863e-13 3.94588e-13 1.8635e-13 8.82585e-14 4.1922e-14 1.9971e-14 9.54203e-15 4.57262e-15 2.19772e-15 1.05939e-15 5.12154e-16 2.4831e-16 1.2073e-16 5.88635e-17 2.87778e-17 1.41068e-17 6.93311e-18 3.41612e-18 1.6874e-18 8.35505e-19 4.14654e-19 2.06214e-19 1.02679e-19 5.10187e-20 2.55915e-20
2.24303e-09 2.52926e-11 8.69111e-12 4.05227e-12 1.89406e-12 8.87573e-13 4.17025e-13 1.96472e-13 9.2821e-14 4.39766e-14 2.08951e-14 9.95699e-15 4.75858e-15 2.28084e-15 1.09642e-15 5.28582e-16 2.5556e-16 1.23909e-16 6.02446e-17 2.93711e-17 1.43577e-17 7.03695e-18 3.45778e-18 1.70331e-18 8.41109e-19 4.16333e-19 2.06547e-19 1.02679e-19 5.11052e-20 2.53839e-20 1.27262e-20
1.17383e-09 9.26706e-12 4.31202e-12 2.01118e-12 9.40365e-13 4.40811e-13 2.07182e-13 9.76402e-14 4.6143e-14 2.18677e-14 1.0393e-14 4.95364e-15 2.36789e-15 1.13515e-15 5.4575e-16 2.63132e-16 1.27227e-16 6.16875e-17 2.99919e-17 1.46211e-17 7.14658e-18 3.50217e-18 1.72056e-18 8.47368e-19 4.18329e-19 2.07005e-19 1.02664e-19 5.10187e-20 2.53839e-20 1.26042e-20 6.31627e-21
6.26991e-10 4.63214e-12 2.15664e-12 1.00648e-12 4.70875e-13 2.20856e-13 1.0386e-13 4.89728e-14 2.31552e-14 1.09786e-14 5.21997e-15 2.48895e-15 1.19014e-15 5.70699e-16 2.74437e-16 1.32341e-16 6.39946e-17 3.10297e-17 1.5086e-17 7.35381e-18 3.59392e-18 1.76083e-18 8.64842e-19 4.25795e-19 2.10129e-19 1.03936e-19 5.15231e-20 2.55915e-20 1.27262e-20 6.31627e-21 3.16315e-21
