0.939863 0.0284807 0.000863051 2.61531e-05 7.92517e-07 2.40157e-08 7.27747e-10 2.2053e-11 6.68271e-13 2.02506e-14 6.13656e-16 1.85956e-17 5.63504e-19 1.70759e-20 5.17451e-22 1.56803e-23 4.75162e-25 1.43988e-26 4.36328e-28 1.32221e-29 4.00669e-31 1.21415e-32 3.67924e-34 1.11492e-35 3.37855e-37 1.0238e-38 3.10243e-40 9.4013e-42 2.84888e-43 8.63297e-45 2.61605e-46 7.92743e-48 2.40225e-49 7.27955e-51 2.20592e-52 6.68462e-54 2.02564e-55 6.13831e-57 1.86009e-58 5.63664e-60 1.70807e-61 5.17598e-63 1.56848e-64 4.75297e-66 1.44029e-67 4.36453e-69 1.32258e-70 4.00783e-72 1.21449e-73 3.68028e-75 1.11524e-76 3.37951e-78 1.02409e-79 3.10331e-81 9.40398e-83 2.84969e-84 8.63542e-86 2.6168e-87 7.92968e-89 2.40293e-90 7.28162e-92 2.20655e-93 6.68652e-95 2.02622e-96 6.14005e-98 1.86062e-99 5.63825e-101 1.70856e-102 5.17746e-104 1.56893e-105 4.75432e-107 1.4407e-108 4.36577e-110 1.32296e-111 4.00897e-113 1.21484e-114 3.68133e-116 1.11555e-117 3.38047e-119 1.02438e-120 3.1042e-122 9.40665e-124 2.8505e-125 8.63788e-127 2.61754e-128 7.93194e-130 2.40362e-131 7.28369e-133 2.20718e-134 6.68842e-136 2.02679e-137 6.1418e-139 1.86115e-140 5.63985e-142 1.70905e-143 5.17893e-145 1.56937e-146 4.75568e-148 1.44111e-149 4.36701e-151 1.32334e-152
0.0284807 0.00128569 5.17676e-05 1.95681e-06 7.1058e-08 2.50965e-09 8.68495e-11 2.95906e-12 9.95853e-14 3.31825e-15 1.09659e-16 3.59896e-18 1.17421e-19 3.81162e-21 1.23183e-22 3.96549e-24 1.27218e-25 4.06875e-27 1.2977e-28 4.12865e-30 1.31056e-31 4.15157e-33 1.31265e-34 4.14318e-36 1.30564e-37 4.10843e-39 1.29102e-40 4.05168e-42 1.27006e-43 3.97677e-45 1.2439e-46 3.88704e-48 1.21354e-49 3.78542e-51 1.17983e-52 3.67444e-54 1.14353e-55 3.55632e-57 1.10528e-58 3.43297e-60 1.06564e-61 3.30602e-63 1.0251e-64 3.1769e-66 9.84069e-68 3.0468e-69 9.42898e-71 2.91674e-72 9.01883e-74 2.78759e-75 8.61275e-77 2.66007e-78 8.2128e-80 2.53478e-81 7.8207e-83 2.4122e-84 7.43783e-86 2.29272e-87 7.06531e-89 2.17666e-90 6.704e-92 2.06426e-93 6.35456e-95 1.95569e-96 6.01745e-98 1.85108e-99 5.69301e-101 1.75051e-102 5.3814e-104 1.65401e-105 5.0827e-107 1.56159e-108 4.79688e-110 1.47323e-111 4.52383e-113 1.38889e-114 4.26338e-116 1.30849e-117 4.01527e-119 1.23195e-120 3.77925e-122 1.15919e-123 3.55499e-125 1.09009e-126 3.34214e-128 1.02454e-129 3.14033e-131 9.62425e-133 2.94919e-134 9.0362e-136 2.76832e-137 8.47999e-139 2.59731e-140 7.95433e-142 2.43577e-143 7.45796e-145 2.28328e-146 6.98959e-148 2.13944e-149 6.54797e-151 2.00387e-152
0.000863051 5.17676e-05 2.53497e-06 1.11857e-07 4.62592e-09 1.82933e-10 6.99921e-12 2.61069e-13 9.54233e-15 3.4305e-16 1.21635e-17 4.26266e-19 1.4789e-20 5.08631e-22 1.73598e-23 5.88498e-25 1.98302e-26 6.64596e-28 2.21651e-29 7.35972e-31 2.43389e-32 8.01937e-34 2.63335e-35 8.62025e-37 2.8137e-38 9.15953e-40 2.97432e-41 9.6359e-43 3.11498e-44 1.00493e-45 3.23583e-47 1.04005e-48 3.33728e-50 1.06914e-51 3.41996e-53 1.09241e-54 3.48468e-56 1.11015e-57 3.53237e-59 1.12265e-60 3.56403e-62 1.13026e-63 3.58074e-65 1.13331e-66 3.5836e-68 1.13215e-69 3.57373e-71 1.12715e-72 3.55223e-74 1.11864e-75 3.5202e-77 1.10698e-78 3.4787e-80 1.09248e-81 3.42875e-83 1.07547e-84 3.37134e-86 1.05624e-87 3.3074e-89 1.03509e-90 3.23781e-92 1.01229e-93 3.16339e-95 9.88088e-97 3.08491e-98 9.62718e-100 3.0031e-101 9.364e-103 2.91862e-104 9.09335e-106 2.83208e-107 8.81709e-109 2.74403e-110 8.5369e-112 2.65499e-113 8.25432e-115 2.56542e-116 7.97073e-118 2.47573e-119 7.68739e-121 2.38631e-122 7.40541e-124 2.29747e-125 7.12578e-127 2.20952e-128 6.84939e-130 2.12272e-131 6.57699e-133 2.0373e-134 6.30926e-136 1.95344e-137 6.04677e-139 1.87132e-140 5.79001e-142 1.79109e-143 5.5394e-145 1.71285e-146 5.29526e-148 1.6367e-149 5.05788e-151 1.56273e-152
2.61531e-05 1.95681e-06 1.11857e-07 5.59133e-09 2.57199e-10 1.11696e-11 4.64851e-13 1.87178e-14 7.34033e-16 2.81674e-17 1.0614e-18 3.93811e-20 1.44177e-21 5.21731e-23 1.86872e-24 6.63265e-26 2.33504e-27 8.16059e-29 2.83315e-30 9.77689e-32 3.35537e-33 1.14574e-34 3.89414e-36 1.31787e-37 4.44223e-39 1.49185e-40 4.99284e-42 1.66561e-43 5.53969e-45 1.83725e-46 6.07709e-48 2.00508e-49 6.59994e-51 2.16758e-52 7.10379e-54 2.32344e-55 7.58481e-57 2.47155e-58 8.03974e-60 2.61096e-61 8.46594e-63 2.74093e-64 8.8613e-66 2.86088e-67 9.22421e-69 2.97037e-70 9.55355e-72 3.06911e-73 9.8486e-75 3.15695e-76 1.01091e-77 3.23385e-79 1.0335e-80 3.29985e-82 1.05266e-83 3.35512e-85 1.06847e-86 3.39989e-88 1.081e-89 3.43444e-91 1.09035e-92 3.45912e-94 1.09664e-95 3.47435e-97 1.10002e-98 3.48056e-100 1.10061e-101 3.4782e-103 1.09856e-104 3.46778e-106 1.09405e-107 3.44978e-109 1.08723e-110 3.42473e-112 1.07825e-113 3.39314e-115 1.06729e-116 3.35552e-118 1.0545e-119 3.31239e-121 1.04004e-122 3.26423e-124 1.02408e-125 3.21155e-127 1.00676e-128 3.15481e-130 9.88234e-132 3.09448e-133 9.68639e-135 3.03099e-136 9.48113e-138 2.96477e-139 9.26787e-141 2.89621e-142 9.04784e-144 2.8257e-145 8.8222e-147 2.75359e-148 8.59207e-150 2.68023e-151 8.35846e-153
7.92517e-07 7.1058e-08 4.62592e-09 2.57199e-10 1.29678e-11 6.10916e-13 2.7365e-14 1.17862e-15 4.91883e-17 2.00015e-18 7.95753e-20 3.10738e-21 1.19399e-22 4.52356e-24 1.69258e-25 6.26325e-27 2.29474e-28 8.33249e-30 3.00113e-31 1.07294e-32 3.80999e-34 1.34451e-35 4.71742e-37 1.6464e-38 5.71768e-40 1.97654e-41 6.80345e-43 2.33242e-44 7.96615e-46 2.71114e-47 9.1962e-49 3.10956e-50 1.04833e-51 3.52434e-53 1.18168e-54 3.95204e-56 1.31856e-57 4.38916e-59 1.45786e-60 4.83223e-62 1.59851e-63 5.27784e-65 1.73943e-66 5.72271e-68 1.87962e-69 6.16369e-71 2.0181e-72 6.59781e-74 2.15396e-75 7.02231e-77 2.28638e-78 7.43467e-80 2.41458e-81 7.83256e-83 2.53787e-84 8.21394e-86 2.65563e-87 8.57696e-89 2.76734e-90 8.92007e-92 2.87253e-93 9.24191e-95 2.97081e-96 9.5414e-98 3.06187e-99 9.81764e-101 3.14546e-102 1.007e-103 3.22142e-105 1.02979e-106 3.28962e-108 1.05013e-109 3.35001e-111 1.06799e-112 3.40259e-114 1.08339e-115 3.44741e-117 1.09634e-118 3.48455e-120 1.10689e-121 3.51415e-123 1.11507e-124 3.53638e-126 1.12096e-127 3.55145e-129 1.12462e-130 3.55957e-132 1.12612e-133 3.56102e-135 1.12555e-136 3.55605e-138 1.123e-139 3.54496e-141 1.11857e-142 3.52806e-144 1.11234e-145 3.50565e-147 1.10442e-148 3.47807e-150 1.09492e-151 3.44562e-153
2.40157e-08 2.50965e-09 1.82933e-10 1.11696e-11 6.10916e-13 3.09486e-14 1.48081e-15 6.77659e-17 2.99177e-18 1.28221e-19 5.35961e-21 2.19287e-22 8.80714e-24 3.48011e-25 1.35551e-26 5.21244e-28 1.98141e-29 7.45398e-31 2.77776e-32 1.02625e-33 3.76162e-35 1.36878e-36 4.94731e-38 1.77704e-39 6.34611e-41 2.25409e-42 7.96604e-44 2.80194e-45 9.81177e-47 3.42153e-48 1.18846e-49 4.11276e-51 1.41826e-52 4.87449e-54 1.67005e-55 5.70464e-57 1.94305e-58 6.60022e-60 2.23617e-61 7.55745e-63 2.5481e-64 8.57181e-66 2.8773e-67 9.63817e-69 3.22208e-70 1.07509e-71 3.58056e-73 1.19039e-74 3.95078e-76 1.30907e-77 4.33066e-79 1.43048e-80 4.71809e-82 1.55393e-83 5.1109e-85 1.67874e-86 5.50694e-88 1.80424e-89 5.90406e-91 1.92974e-92 6.30017e-94 2.0546e-95 6.69323e-97 2.17818e-98 7.08127e-100 2.29987e-101 7.46242e-103 2.4191e-104 7.83491e-106 2.53532e-107 8.1971e-109 2.64804e-110 8.54744e-112 2.75679e-113 8.88454e-115 2.86114e-116 9.20713e-118 2.96072e-119 9.51407e-121 3.05519e-122 9.80436e-124 3.14425e-125 1.00771e-126 3.22766e-128 1.03317e-129 3.30519e-131 1.05674e-132 3.3767e-134 1.07838e-135 3.44204e-137 1.09806e-138 3.50112e-140 1.11574e-141 3.55389e-143 1.13143e-144 3.60033e-146 1.14512e-147 3.64046e-149 1.15681e-150 3.67431e-152 1.16653e-153
7.27747e-10 8.68495e-11 6.99921e-12 4.64851e-13 2.7365e-14 1.48081e-15 7.52438e-17 3.63973e-18 1.692e-19 7.61085e-21 3.32961e-22 1.42233e-23 5.95137e-25 2.44533e-26 9.88695e-28 3.94039e-29 1.55024e-30 6.028e-32 2.31913e-33 8.83587e-35 3.33653e-36 1.24958e-37 4.64441e-39 1.71407e-40 6.2845e-42 2.29008e-43 8.29734e-45 2.99014e-46 1.07213e-47 3.82594e-49 1.35919e-50 4.80813e-52 1.69406e-53 5.94607e-55 2.0795e-56 7.24762e-58 2.51774e-59 8.71908e-61 3.01049e-62 1.0365e-63 3.55892e-65 1.21881e-66 4.16361e-68 1.41894e-69 4.82456e-71 1.63679e-72 5.54121e-74 1.8721e-75 6.31242e-77 2.12441e-78 7.13652e-80 2.39313e-81 8.01132e-83 2.67748e-84 8.93416e-86 2.97654e-87 9.90194e-89 3.28928e-90 1.09112e-91 3.61452e-93 1.1958e-94 3.95102e-96 1.30383e-97 4.2974e-99 1.41476e-100 4.65226e-102 1.52814e-103 5.0141e-105 1.64349e-106 5.38142e-108 1.76033e-109 5.75265e-111 1.87816e-112 6.12625e-114 1.99649e-115 6.50065e-117 2.11483e-118 6.87432e-120 2.23269e-121 7.24574e-123 2.34962e-124 7.61343e-126 2.46513e-127 7.97596e-129 2.5788e-130 8.33197e-132 2.69019e-133 8.68014e-135 2.7989e-136 9.01923e-138 2.90456e-139 9.34809e-141 3.0068e-142 9.66562e-144 3.1053e-145 9.97084e-147 3.19976e-148 1.02628e-149 3.28991e-151 1.05408e-152 3.37549e-154
2.2053e-11 2.95906e-12 2.61069e-13 1.87178e-14 1.17862e-15 6.77659e-17 3.63973e-18 1.85331e-19 9.03783e-21 4.2522e-22 1.94088e-23 8.63133e-25 3.75251e-26 1.59926e-27 6.69642e-29 2.75998e-30 1.12148e-31 4.49867e-33 1.78353e-34 6.99546e-36 2.71687e-37 1.04561e-38 3.99036e-40 1.51098e-41 5.67993e-43 2.12067e-44 7.8675e-46 2.90139e-47 1.06398e-48 3.88117e-50 1.40871e-51 5.08892e-53 1.83014e-54 6.55391e-56 2.33756e-57 8.30532e-59 2.9401e-60 1.03717e-61 3.64665e-63 1.27807e-64 4.4657e-66 1.55581e-67 5.40516e-69 1.8728e-70 6.47225e-72 2.23121e-73 7.67342e-75 2.63292e-76 9.01416e-78 3.07953e-79 1.0499e-80 3.5723e-82 1.21314e-83 4.11214e-85 1.39137e-86 4.69961e-88 1.58471e-89 5.33489e-91 1.79314e-92 6.01779e-94 2.01656e-95 6.74773e-97 2.25473e-98 7.52378e-100 2.50728e-101 8.34464e-103 2.77375e-104 9.20866e-106 3.05357e-107 1.01139e-108 3.34607e-110 1.1058e-111 3.65047e-113 1.20384e-114 3.96592e-116 1.30523e-117 4.29148e-119 1.40966e-120 4.62616e-122 1.51681e-123 4.96888e-125 1.62633e-126 5.31852e-128 1.73785e-129 5.67393e-131 1.85102e-132 6.03392e-134 1.96544e-135 6.39728e-137 2.08072e-138 6.76276e-140 2.19649e-141 7.12915e-143 2.31235e-144 7.4952e-146 2.42791e-147 7.85969e-149 2.54278e-150 8.22144e-152 2.6566e-153 8.57925e-155
6.68271e-13 9.95853e-14 9.54233e-15 7.34033e-16 4.91883e-17 2.99177e-18 1.692e-19 9.03783e-21 4.60903e-22 2.26172e-23 1.07426e-24 4.96141e-26 2.23612e-27 9.86397e-29 4.2689e-30 1.81618e-31 7.6087e-33 3.14338e-34 1.2822e-35 5.16955e-37 2.06202e-38 8.14396e-40 3.1871e-41 1.23668e-42 4.76067e-44 1.8191e-45 6.90278e-47 2.6023e-48 9.75037e-50 3.6322e-51 1.34568e-52 4.9598e-54 1.8191e-55 6.64086e-57 2.41362e-58 8.73541e-60 3.14885e-61 1.13072e-62 4.04547e-64 1.44231e-65 5.125e-67 1.81523e-68 6.40958e-70 2.25653e-71 7.92169e-73 2.77335e-74 9.68385e-76 3.37279e-77 1.17184e-78 4.06182e-80 1.4047e-81 4.84721e-83 1.66908e-84 5.73544e-86 1.96695e-87 6.73259e-89 2.30017e-90 7.84428e-92 2.67044e-93 9.07557e-95 3.07927e-96 1.04309e-97 3.52795e-99 1.19141e-100 4.01757e-102 1.35282e-103 4.54897e-105 1.52755e-106 5.12276e-108 1.71574e-109 5.73926e-111 1.91747e-112 6.39854e-114 2.13269e-115 7.10039e-117 2.36132e-118 7.84434e-120 2.60315e-121 8.62964e-123 2.85791e-124 9.45527e-126 3.12522e-127 1.032e-128 3.40466e-130 1.12222e-131 3.6957e-133 1.21602e-134 3.99775e-136 1.3132e-137 4.31014e-139 1.41353e-140 4.63214e-142 1.51679e-143 4.96298e-145 1.6227e-146 5.3018e-148 1.73101e-149 5.64772e-151 1.84141e-152 5.99982e-154 1.95362e-155
2.02506e-14 3.31825e-15 3.4305e-16 2.81674e-17 2.00015e-18 1.28221e-19 7.61085e-21 4.2522e-22 2.26172e-23 1.15476e-24 5.69479e-26 2.72576e-27 1.27111e-28 5.79312e-30 2.58688e-31 1.13422e-32 4.89166e-34 2.07833e-35 8.71045e-37 3.60523e-38 1.47511e-39 5.97165e-41 2.39376e-42 9.50788e-44 3.74431e-45 1.4628e-46 5.67206e-48 2.18392e-49 8.35319e-51 3.17504e-52 1.19971e-53 4.5079e-55 1.68486e-56 6.2656e-58 2.31888e-59 8.54301e-61 3.13366e-62 1.14468e-63 4.16479e-65 1.50956e-66 5.45159e-68 1.96191e-69 7.03689e-71 2.51584e-72 8.96688e-74 3.18644e-75 1.12908e-76 3.98974e-78 1.40607e-79 4.94256e-81 1.73308e-82 6.06237e-84 2.11573e-85 7.36719e-87 2.55977e-88 8.87537e-90 3.07104e-91 1.06054e-92 3.65541e-94 1.25758e-95 4.31869e-97 1.48049e-98 5.06663e-100 1.73106e-101 5.9048e-103 2.01102e-104 6.83855e-106 2.32202e-107 7.87299e-109 2.66563e-110 9.01285e-112 3.04328e-113 1.02625e-114 3.45629e-116 1.16259e-117 3.90583e-119 1.31064e-120 4.3929e-122 1.4707e-123 4.91833e-125 1.64301e-126 5.48279e-128 1.82773e-129 6.08671e-131 2.02499e-132 6.73037e-134 2.23482e-135 7.4138e-137 2.45721e-138 8.13685e-140 2.69209e-141 8.89915e-143 2.93929e-144 9.70011e-146 3.1986e-147 1.05389e-148 3.46973e-150 1.14146e-151 3.75233e-153 1.2326e-154 4.046e-156
6.13656e-16 1.09659e-16 1.21635e-17 1.0614e-18 7.95753e-20 5.35961e-21 3.32961e-22 1.94088e-23 1.07426e-24 5.69479e-26 2.91028e-27 1.44104e-28 6.94138e-30 3.26331e-31 1.50132e-32 6.77432e-34 3.00366e-35 1.31078e-36 5.6377e-38 2.39272e-39 1.00313e-40 4.15816e-42 1.70561e-43 6.92798e-45 2.7885e-46 1.11282e-47 4.40552e-49 1.73101e-50 6.7534e-52 2.6172e-53 1.00786e-54 3.85797e-56 1.46841e-57 5.55889e-59 2.0936e-60 7.84643e-62 2.92698e-63 1.087e-64 4.0196e-66 1.48034e-67 5.43052e-69 1.98468e-70 7.22722e-72 2.6227e-73 9.48592e-75 3.41993e-76 1.22917e-77 4.40471e-79 1.57388e-80 5.60822e-82 1.99303e-83 7.06447e-85 2.4978e-86 8.81017e-88 3.10022e-89 1.08846e-90 3.81309e-92 1.33295e-93 4.64999e-95 1.61888e-96 5.62511e-98 1.95084e-99 6.75325e-101 2.33358e-102 8.04964e-104 2.77199e-105 9.52992e-107 3.27105e-108 1.12099e-109 3.8358e-111 1.31057e-112 4.4713e-114 1.52332e-115 5.18259e-117 1.76082e-118 5.97463e-120 2.02463e-121 6.85228e-123 2.31627e-124 7.82024e-126 2.63718e-127 8.88302e-129 2.98876e-130 1.00449e-131 3.37231e-133 1.13097e-134 3.78903e-136 1.26813e-137 4.24003e-139 1.41628e-140 4.72627e-142 1.57573e-143 5.24861e-145 1.7467e-146 5.80776e-148 1.92941e-149 6.40427e-151 2.124e-152 7.03855e-154 2.33058e-155 7.71083e-157
1.85956e-17 3.59896e-18 4.26266e-19 3.93811e-20 3.10738e-21 2.19287e-22 1.42233e-23 8.63133e-25 4.96141e-26 2.72576e-27 1.44104e-28 7.36984e-30 3.66147e-31 1.77315e-32 8.39349e-34 3.8928e-35 1.7724e-36 7.93546e-38 3.49886e-39 1.52115e-40 6.52814e-42 2.76821e-43 1.16086e-44 4.8179e-46 1.98033e-47 8.06651e-49 3.25795e-50 1.30537e-51 5.19101e-53 2.04966e-54 8.03883e-56 3.13282e-57 1.21353e-58 4.67379e-60 1.79024e-61 6.82164e-63 2.58645e-64 9.7601e-66 3.66631e-67 1.37124e-68 5.1072e-70 1.89458e-71 7.00123e-73 2.57768e-74 9.4567e-76 3.45751e-77 1.25995e-78 4.57682e-80 1.65745e-81 5.98452e-83 2.15464e-84 7.73606e-86 2.77013e-87 9.89365e-89 3.5247e-90 1.25265e-91 4.44136e-93 1.57111e-94 5.54543e-96 1.95311e-97 6.8645e-99 2.40773e-100 8.42844e-102 2.94477e-103 1.02693e-104 3.57472e-106 1.24214e-107 4.30872e-109 1.49209e-110 5.15856e-112 1.7806e-113 6.13658e-115 2.11166e-116 7.25564e-118 2.48941e-119 8.52905e-121 2.91812e-122 9.97051e-124 3.40218e-125 1.1594e-126 3.94603e-128 1.34137e-129 4.5542e-131 1.5444e-132 5.23122e-134 1.76991e-135 5.98161e-137 2.01934e-138 6.80983e-140 2.29408e-141 7.7203e-143 2.59551e-144 8.71729e-146 2.92496e-147 9.80496e-149 3.28372e-150 1.09873e-151 3.67301e-153 1.22679e-154 4.09397e-156 1.36505e-157
5.63504e-19 1.17421e-19 1.4789e-20 1.44177e-21 1.19399e-22 8.80714e-24 5.95137e-25 3.75251e-26 2.23612e-27 1.27111e-28 6.94138e-30 3.66147e-31 1.87373e-32 9.33543e-34 4.54152e-35 2.16254e-36 1.00999e-37 4.63474e-39 2.09288e-40 9.31207e-42 4.08726e-43 1.77152e-44 7.58881e-46 3.21564e-47 1.34877e-48 5.60363e-50 2.30734e-51 9.42094e-53 3.81618e-54 1.53428e-55 6.1249e-57 2.42868e-58 9.56898e-60 3.74734e-61 1.45905e-62 5.64962e-64 2.17612e-65 8.33993e-67 3.18091e-68 1.20764e-69 4.56459e-71 1.71801e-72 6.43989e-74 2.40452e-75 8.94423e-77 3.31497e-78 1.22432e-79 4.50658e-81 1.65342e-82 6.0472e-84 2.20498e-85 8.01636e-87 2.90613e-88 1.05065e-89 3.78826e-91 1.36239e-92 4.88733e-94 1.74899e-95 6.24418e-97 2.22417e-98 7.90486e-100 2.80336e-101 9.92087e-103 3.50373e-104 1.23494e-105 4.34427e-107 1.52534e-108 5.34587e-110 1.87021e-111 6.53132e-113 2.27704e-114 7.92531e-116 2.75395e-117 9.55448e-119 3.30967e-120 1.14473e-121 3.95351e-123 1.36343e-124 4.69536e-126 1.61475e-127 5.54565e-129 1.90207e-130 6.51536e-132 2.22894e-133 7.6159e-135 2.59906e-136 8.85917e-138 3.01623e-139 1.02574e-140 3.48438e-142 1.18232e-143 4.00755e-145 1.35695e-146 4.58983e-148 1.55092e-149 5.23536e-151 1.76555e-152 5.94832e-154 2.00216e-155 6.7329e-157 2.26208e-158
1.70759e-20 3.81162e-21 5.08631e-22 5.21731e-23 4.52356e-24 3.48011e-25 2.44533e-26 1.59926e-27 9.86397e-29 5.79312e-30 3.26331e-31 1.77315e-32 9.33543e-34 4.77982e-35 2.3872e-36 1.1659e-37 5.58026e-39 2.62218e-40 1.21163e-41 5.51273e-43 2.47273e-44 1.09461e-45 4.78653e-47 2.06929e-48 8.85096e-50 3.74816e-51 1.57242e-52 6.53853e-54 2.69633e-55 1.10318e-56 4.48006e-58 1.80655e-59 7.23602e-61 2.8799e-62 1.13923e-63 4.48054e-65 1.75243e-66 6.81795e-68 2.63915e-69 1.01664e-70 3.89805e-72 1.48794e-73 5.65535e-75 2.14062e-76 8.07036e-78 3.03098e-79 1.13415e-80 4.22874e-82 1.5713e-83 5.81922e-85 2.14821e-86 7.90569e-88 2.90067e-89 1.06119e-90 3.87136e-92 1.40847e-93 5.1107e-95 1.84968e-96 6.6777e-98 2.40494e-99 8.64088e-101 3.09754e-102 1.10792e-103 3.95418e-105 1.40828e-106 5.00527e-108 1.77541e-109 6.28522e-111 2.22084e-112 7.83264e-114 2.75749e-115 9.69063e-117 3.39971e-118 1.1907e-119 4.16339e-121 1.45343e-122 5.06597e-124 1.76304e-125 6.1265e-127 2.12581e-128 7.3657e-130 2.54855e-131 8.80594e-133 3.0386e-134 1.04713e-135 3.60383e-137 1.23874e-138 4.25263e-140 1.45817e-141 4.99392e-143 1.70831e-144 5.83709e-146 1.99222e-147 6.79203e-149 2.31309e-150 7.8691e-152 2.67426e-153 9.07903e-155 3.07921e-156 1.0433e-157 3.5315e-159
5.17451e-22 1.23183e-22 1.73598e-23 1.86872e-24 1.69258e-25 1.35551e-26 9.88695e-28 6.69642e-29 4.2689e-30 2.58688e-31 1.50132e-32 8.39349e-34 4.54152e-35 2.3872e-36 1.22281e-37 6.11988e-39 2.99917e-40 1.44195e-41 6.81242e-43 3.16714e-44 1.45073e-45 6.55445e-47 2.92374e-48 1.28875e-49 5.61775e-51 2.42341e-52 1.03522e-53 4.38158e-55 1.83843e-56 7.65051e-58 3.15899e-59 1.29478e-60 5.26977e-62 2.13052e-63 8.55886e-65 3.4175e-66 1.35669e-67 5.35606e-69 2.10331e-70 8.2177e-72 3.19505e-73 1.23643e-74 4.76327e-76 1.82708e-77 6.9791e-79 2.65519e-80 1.00626e-81 3.79924e-83 1.42928e-84 5.35826e-86 2.002e-87 7.45571e-89 2.76784e-90 1.02439e-91 3.78009e-93 1.39088e-94 5.1035e-96 1.86754e-97 6.81601e-99 2.48132e-100 9.01066e-102 3.26425e-103 1.17975e-104 4.25408e-106 1.53058e-107 5.49495e-109 1.9686e-110 7.03811e-112 2.51122e-113 8.94263e-115 3.17846e-116 1.12761e-117 3.99313e-119 1.41155e-120 4.9811e-122 1.75477e-123 6.17155e-125 2.16704e-126 7.59715e-128 2.65927e-129 9.29428e-131 3.24359e-132 1.13033e-133 3.93339e-135 1.36686e-136 4.7434e-138 1.6439e-139 5.68972e-141 1.96675e-142 6.78988e-144 2.3412e-145 8.06286e-147 2.77347e-148 9.52912e-150 3.27028e-151 1.12106e-152 3.8388e-154 1.31308e-155 4.48669e-157 1.53147e-158 5.22208e-160
1.56803e-23 3.96549e-24 5.88498e-25 6.63265e-26 6.26325e-27 5.21244e-28 3.94039e-29 2.75998e-30 1.81618e-31 1.13422e-32 6.77432e-34 3.8928e-35 2.16254e-36 1.1659e-37 6.11988e-39 3.13602e-40 1.57238e-41 7.72895e-43 3.73079e-44 1.77106e-45 8.2789e-47 3.81516e-48 1.73495e-49 7.79269e-51 3.45988e-52 1.51957e-53 6.6062e-55 2.84454e-56 1.21376e-57 5.13494e-59 2.15482e-60 8.97303e-62 3.70928e-63 1.5227e-64 6.20949e-66 2.51621e-67 1.01347e-68 4.05842e-70 1.61621e-71 6.40223e-73 2.52319e-74 9.89563e-76 3.86271e-77 1.50098e-78 5.80714e-80 2.23731e-81 8.58478e-83 3.28121e-84 1.24939e-85 4.74001e-87 1.79195e-88 6.75134e-90 2.53523e-91 9.48975e-93 3.54114e-94 1.31742e-95 4.88695e-97 1.80767e-98 6.66813e-100 2.45317e-101 9.00162e-103 3.2947e-104 1.20293e-105 4.38155e-107 1.59221e-108 5.7728e-110 2.08839e-111 7.53875e-113 2.71565e-114 9.76238e-116 3.50242e-117 1.2541e-118 4.48196e-120 1.5988e-121 5.69282e-123 2.02344e-124 7.17952e-126 2.5431e-127 8.99307e-129 3.17502e-130 1.11916e-131 3.93878e-133 1.3841e-134 4.85652e-136 1.70156e-137 5.95313e-139 2.07986e-140 7.25644e-142 2.52829e-143 8.79743e-145 3.05718e-146 1.06104e-147 3.6779e-149 1.27331e-150 4.40299e-152 1.52071e-153 5.24618e-155 1.80777e-156 6.2224e-158 2.13941e-159 7.34789e-161
4.75162e-25 1.27218e-25 1.98302e-26 2.33504e-27 2.29474e-28 1.98141e-29 1.55024e-30 1.12148e-31 7.6087e-33 4.89166e-34 3.00366e-35 1.7724e-36 1.00999e-37 5.58026e-39 2.99917e-40 1.57238e-41 8.06005e-43 4.04774e-44 1.99496e-45 9.66396e-47 4.60733e-48 2.16433e-49 1.00282e-50 4.5873e-52 2.07338e-53 9.26646e-55 4.09784e-56 1.79419e-57 7.78209e-59 3.34549e-60 1.42614e-61 6.03101e-63 2.53114e-64 1.05462e-65 4.36396e-67 1.79393e-68 7.32819e-70 2.97559e-71 1.20128e-72 4.82297e-74 1.92611e-75 7.65302e-77 3.02591e-78 1.19078e-79 4.66482e-81 1.81944e-82 7.06651e-84 2.7334e-85 1.05315e-86 4.04228e-88 1.54584e-89 5.89052e-91 2.2369e-92 8.46617e-94 3.1939e-95 1.20113e-96 4.50336e-98 1.68343e-99 6.2749e-101 2.33241e-102 8.64613e-104 3.19663e-105 1.17881e-106 4.33622e-108 1.59118e-109 5.82499e-111 2.12749e-112 7.7528e-114 2.819e-115 1.02282e-116 3.70333e-118 1.33813e-119 4.82546e-121 1.73672e-122 6.23871e-124 2.23692e-125 8.006e-127 2.86027e-128 1.0201e-129 3.63193e-131 1.29094e-132 4.58109e-134 1.62307e-135 5.74148e-137 2.02789e-138 7.15178e-140 2.51851e-141 8.85616e-143 3.1098e-144 1.09048e-145 3.81866e-147 1.33544e-148 4.66411e-150 1.62688e-151 5.66751e-153 1.97193e-154 6.8527e-156 2.37855e-157 8.24621e-159 2.85558e-160 9.8774e-162
1.43988e-26 4.06875e-27 6.64596e-28 8.16059e-29 8.33249e-30 7.45398e-31 6.028e-32 4.49867e-33 3.14338e-34 2.07833e-35 1.31078e-36 7.93546e-38 4.63474e-39 2.62218e-40 1.44195e-41 7.72895e-43 4.04774e-44 2.07549e-45 1.0438e-46 5.15667e-48 2.50594e-49 1.19934e-50 5.65904e-52 2.63504e-53 1.21184e-54 5.50868e-56 2.47685e-57 1.10223e-58 4.85757e-60 2.12111e-61 9.18159e-63 3.9416e-64 1.67883e-65 7.09711e-67 2.97887e-68 1.24181e-69 5.14311e-71 2.11682e-72 8.66051e-74 3.52299e-75 1.42524e-76 5.73546e-78 2.29635e-79 9.14914e-81 3.62806e-82 1.43217e-83 5.6287e-85 2.20284e-86 8.58579e-88 3.33319e-89 1.28908e-90 4.96693e-92 1.90695e-93 7.29596e-95 2.78203e-96 1.05736e-97 4.00592e-99 1.51302e-100 5.69756e-102 2.13929e-103 8.00979e-105 2.99073e-106 1.11371e-107 4.1365e-109 1.53247e-110 5.66338e-112 2.08791e-113 7.67942e-115 2.81805e-116 1.0318e-117 3.76962e-119 1.37427e-120 4.99967e-122 1.81521e-123 6.57736e-125 2.37865e-126 8.5859e-128 3.09338e-129 1.11248e-130 3.99372e-132 1.43123e-133 5.12033e-135 1.82879e-136 6.52107e-138 2.32156e-139 8.25197e-141 2.92865e-142 1.03782e-143 3.6723e-145 1.29754e-146 4.57813e-148 1.61305e-149 5.67563e-151 1.99432e-152 6.99849e-154 2.45274e-155 8.58508e-157 3.0012e-158 1.04788e-159 3.65432e-161 1.27288e-162
4.36328e-28 1.2977e-28 2.21651e-29 2.83315e-30 3.00113e-31 2.77776e-32 2.31913e-33 1.78353e-34 1.2822e-35 8.71045e-37 5.6377e-38 3.49886e-39 2.09288e-40 1.21163e-41 6.81242e-43 3.73079e-44 1.99496e-45 1.0438e-46 5.35348e-48 2.69578e-49 1.33464e-50 6.50447e-52 3.12391e-53 1.47996e-54 6.9222e-56 3.19908e-57 1.46185e-58 6.60931e-60 2.95831e-61 1.3116e-62 5.76291e-64 2.51052e-65 1.0848e-66 4.65123e-68 1.97959e-69 8.36594e-71 3.51175e-72 1.46462e-73 6.07073e-75 2.50137e-76 1.0248e-77 4.17561e-79 1.69244e-80 6.82502e-82 2.73888e-83 1.09395e-84 4.34955e-86 1.72182e-87 6.78715e-89 2.66445e-90 1.04185e-91 4.05819e-93 1.57487e-94 6.08967e-96 2.34651e-97 9.01111e-99 3.44909e-100 1.31596e-101 5.00529e-103 1.89804e-104 7.1764e-106 2.70562e-107 1.01723e-108 3.81412e-110 1.42635e-111 5.32033e-113 1.97954e-114 7.34733e-116 2.72057e-117 1.00503e-118 3.70436e-120 1.36234e-121 4.99938e-123 1.83075e-124 6.69027e-126 2.43995e-127 8.88096e-129 3.22626e-130 1.16982e-131 4.23382e-133 1.52954e-134 5.51592e-136 1.98574e-137 7.13651e-139 2.56051e-140 9.17185e-142 3.28014e-143 1.17124e-144 4.17571e-146 1.48648e-147 5.28379e-149 1.87542e-150 6.64713e-152 2.35267e-153 8.31553e-155 2.93517e-156 1.03467e-157 3.64252e-159 1.2807e-160 4.49725e-162 1.57728e-163
1.32221e-29 4.12865e-30 7.35972e-31 9.77689e-32 1.07294e-32 1.02625e-33 8.83587e-35 6.99546e-36 5.16955e-37 3.60523e-38 2.39272e-39 1.52115e-40 9.31207e-42 5.51273e-43 3.16714e-44 1.77106e-45 9.66396e-47 5.15667e-48 2.69578e-49 1.38295e-50 6.9719e-52 3.45835e-53 1.68983e-54 8.14158e-56 3.87129e-57 1.81817e-58 8.44037e-60 3.8755e-61 1.76115e-62 7.92511e-64 3.53328e-65 1.56141e-66 6.84241e-68 2.97459e-69 1.28331e-70 5.49635e-72 2.33771e-73 9.87664e-75 4.14623e-76 1.72995e-77 7.17561e-79 2.95955e-80 1.21403e-81 4.954e-83 2.01136e-84 8.12661e-86 3.26804e-87 1.30826e-88 5.21432e-90 2.06947e-91 8.17968e-93 3.22025e-94 1.2629e-95 4.93436e-97 1.92097e-98 7.4522e-100 2.88117e-101 1.11024e-102 4.26446e-104 1.63288e-105 6.23338e-107 2.37251e-108 9.0041e-110 3.40765e-111 1.28612e-112 4.84118e-114 1.81758e-115 6.80669e-117 2.54276e-118 9.47604e-120 3.52311e-121 1.30686e-122 4.83676e-124 1.78619e-125 6.58218e-127 2.42048e-128 8.88264e-130 3.25321e-131 1.18913e-132 4.33824e-134 1.57972e-135 5.7418e-137 2.08321e-138 7.54482e-140 2.72781e-141 9.84561e-143 3.54772e-144 1.27628e-145 4.58406e-147 1.64389e-148 5.88607e-150 2.10438e-151 7.51237e-153 2.67793e-154 9.53235e-156 3.38838e-157 1.20278e-158 4.26373e-160 1.50945e-161 5.33676e-163 1.88443e-164
4.00669e-31 1.31056e-31 2.43389e-32 3.35537e-33 3.80999e-34 3.76162e-35 3.33653e-36 2.71687e-37 2.06202e-38 1.47511e-39 1.00313e-40 6.52814e-42 4.08726e-43 2.47273e-44 1.45073e-45 8.2789e-47 4.60733e-48 2.50594e-49 1.33464e-50 6.9719e-52 3.57736e-53 1.80534e-54 8.97086e-56 4.39375e-57 2.12305e-58 1.0129e-59 4.77511e-61 2.22589e-62 1.02659e-63 4.68717e-65 2.11968e-66 9.49916e-68 4.22033e-69 1.85965e-70 8.13027e-72 3.52793e-73 1.51991e-74 6.50328e-76 2.76431e-77 1.16761e-78 4.902e-80 2.04605e-81 8.4922e-83 3.50572e-84 1.4397e-85 5.88284e-87 2.39219e-88 9.68212e-90 3.90103e-91 1.5649e-92 6.25109e-94 2.48681e-95 9.85379e-97 3.88947e-98 1.52952e-99 5.993e-101 2.33994e-102 9.10499e-104 3.5311e-105 1.36501e-106 5.26016e-108 2.02084e-109 7.74053e-111 2.95631e-112 1.12591e-113 4.2762e-115 1.61975e-116 6.11925e-118 2.3059e-119 8.66758e-121 3.25011e-122 1.21581e-123 4.53757e-125 1.68965e-126 6.27775e-128 2.32739e-129 8.61019e-131 3.17874e-132 1.17115e-133 4.30635e-135 1.58037e-136 5.78871e-138 2.11637e-139 7.72339e-141 2.81349e-142 1.0231e-143 3.71401e-145 1.34597e-146 4.86975e-148 1.75902e-149 6.34372e-151 2.28421e-152 8.21224e-154 2.94803e-155 1.05672e-156 3.78227e-158 1.35184e-159 4.82493e-161 1.71971e-162 6.12114e-164 2.17585e-165
1.21415e-32 4.15157e-33 8.01937e-34 1.14574e-34 1.34451e-35 1.36878e-36 1.24958e-37 1.04561e-38 8.14396e-40 5.97165e-41 4.15816e-42 2.76821e-43 1.77152e-44 1.09461e-45 6.55445e-47 3.81516e-48 2.16433e-49 1.19934e-50 6.50447e-52 3.45835e-53 1.80534e-54 9.26511e-56 4.68009e-57 2.32928e-58 1.1433e-59 5.53912e-61 2.65089e-62 1.25405e-63 5.86801e-65 2.71749e-66 1.24617e-67 5.66155e-69 2.54939e-70 1.13831e-71 5.04173e-73 2.21589e-74 9.66745e-76 4.18801e-77 1.80203e-78 7.70356e-80 3.27274e-81 1.38205e-82 5.80266e-84 2.42279e-85 1.00618e-86 4.15707e-88 1.70896e-89 6.99168e-91 2.84713e-92 1.15418e-93 4.65848e-95 1.87232e-96 7.4944e-98 2.98792e-99 1.18666e-100 4.69529e-102 1.85106e-103 7.27189e-105 2.84698e-106 1.1109e-107 4.32071e-109 1.6752e-110 6.47502e-112 2.49526e-113 9.58794e-115 3.67367e-116 1.40369e-117 5.34891e-119 2.0329e-120 7.70631e-122 2.91397e-123 1.09915e-124 4.13607e-126 1.55274e-127 5.81587e-129 2.17349e-130 8.10487e-132 3.01581e-133 1.11982e-134 4.14957e-136 1.53455e-137 5.66377e-139 2.08637e-140 7.67103e-142 2.81521e-143 1.03129e-144 3.77116e-146 1.37661e-147 5.01652e-149 1.825e-150 6.62839e-152 2.40353e-153 8.70161e-155 3.14538e-156 1.13522e-157 4.09103e-159 1.47212e-160 5.28962e-162 1.89795e-163 6.8004e-165 2.43325e-166
3.67924e-34 1.31265e-34 2.63335e-35 3.89414e-36 4.71742e-37 4.94731e-38 4.64441e-39 3.99036e-40 3.1871e-41 2.39376e-42 1.70561e-43 1.16086e-44 7.58881e-46 4.78653e-47 2.92374e-48 1.73495e-49 1.00282e-50 5.65904e-52 3.12391e-53 1.68983e-54 8.97086e-56 4.68009e-57 2.40226e-58 1.2145e-59 6.05337e-61 2.97713e-62 1.4459e-63 6.9395e-65 3.29343e-66 1.54652e-67 7.18932e-69 3.31026e-70 1.51035e-71 6.83164e-73 3.06459e-74 1.36389e-75 6.0242e-77 2.6416e-78 1.15031e-79 4.97578e-81 2.13857e-82 9.13496e-84 3.87894e-85 1.63771e-86 6.87647e-88 2.87201e-89 1.19338e-90 4.93418e-92 2.03035e-93 8.31594e-95 3.39081e-96 1.37659e-97 5.56518e-99 2.24067e-100 8.98573e-102 3.58971e-103 1.4287e-104 5.66561e-106 2.23882e-107 8.81659e-109 3.46044e-110 1.35379e-111 5.27954e-113 2.05259e-114 7.95614e-116 3.0749e-117 1.185e-118 4.55405e-120 1.7454e-121 6.67173e-123 2.54365e-124 9.67333e-126 3.66961e-127 1.38872e-128 5.24302e-130 1.9749e-131 7.42209e-133 2.78321e-134 1.04142e-135 3.88853e-137 1.44891e-138 5.38786e-140 1.99952e-141 7.40605e-143 2.73789e-144 1.01026e-145 3.72091e-147 1.36799e-148 5.02051e-150 1.83933e-151 6.72715e-153 2.45627e-154 8.95383e-156 3.25867e-157 1.18409e-158 4.29592e-160 1.55619e-161 5.62881e-163 2.03297e-164 7.33188e-166 2.64047e-167
1.11492e-35 4.14318e-36 8.62025e-37 1.31787e-37 1.6464e-38 1.77704e-39 1.71407e-40 1.51098e-41 1.23668e-42 9.50788e-44 6.92798e-45 4.8179e-46 3.21564e-47 2.06929e-48 1.28875e-49 7.79269e-51 4.5873e-52 2.63504e-53 1.47996e-54 8.14158e-56 4.39375e-57 2.32928e-58 1.2145e-59 6.2349e-61 3.15462e-62 1.57445e-63 7.75753e-65 3.77611e-66 1.8171e-67 8.64953e-69 4.07497e-70 1.90106e-71 8.78647e-73 4.02502e-74 1.82824e-75 8.2371e-77 3.6825e-78 1.6341e-79 7.19978e-81 3.15054e-82 1.3696e-83 5.91636e-85 2.54021e-86 1.08427e-87 4.60204e-89 1.94264e-90 8.15727e-92 3.4079e-93 1.41674e-94 5.86174e-96 2.41412e-97 9.89813e-99 4.04079e-100 1.64269e-101 6.65085e-103 2.68214e-104 1.0775e-105 4.31252e-107 1.71977e-108 6.83402e-110 2.7064e-111 1.06821e-112 4.20248e-114 1.64808e-115 6.44331e-117 2.51149e-118 9.76061e-120 3.78249e-121 1.46172e-122 5.63331e-124 2.16524e-125 8.3007e-127 3.17408e-128 1.21071e-129 4.60688e-131 1.7488e-132 6.62308e-134 2.5026e-135 9.43527e-137 3.54951e-138 1.33246e-139 4.9915e-141 1.86602e-142 6.96191e-144 2.59229e-145 9.63387e-147 3.5735e-148 1.32306e-149 4.88963e-151 1.80382e-152 6.64276e-154 2.44205e-155 8.96246e-157 3.2838e-158 1.20121e-159 4.38697e-161 1.59965e-162 5.82392e-164 2.11711e-165 7.68465e-167 2.78526e-168
3.37855e-37 1.30564e-37 2.8137e-38 4.44223e-39 5.71768e-40 6.34611e-41 6.2845e-42 5.67993e-43 4.76067e-44 3.74431e-45 2.7885e-46 1.98033e-47 1.34877e-48 8.85096e-50 5.61775e-51 3.45988e-52 2.07338e-53 1.21184e-54 6.9222e-56 3.87129e-57 2.12305e-58 1.1433e-59 6.05337e-61 3.15462e-62 1.61973e-63 8.2011e-65 4.09817e-66 2.02264e-67 9.86613e-69 4.75933e-70 2.27175e-71 1.07354e-72 5.02489e-74 2.33067e-75 1.07167e-76 4.88687e-78 2.2108e-79 9.92563e-81 4.42379e-82 1.95788e-83 8.60694e-85 3.75922e-86 1.63168e-87 7.03985e-89 3.01976e-90 1.28811e-91 5.46497e-93 2.30651e-94 9.68566e-96 4.04746e-97 1.68338e-98 6.96935e-100 2.87259e-101 1.17892e-102 4.81814e-104 1.96116e-105 7.95122e-107 3.21138e-108 1.29221e-109 5.18082e-111 2.06983e-112 8.24101e-114 3.2702e-115 1.29346e-116 5.09983e-118 2.00453e-119 7.85524e-121 3.06921e-122 1.19577e-123 4.64565e-125 1.79993e-126 6.95509e-128 2.68048e-129 1.03042e-130 3.95117e-132 1.51139e-133 5.76749e-135 2.19573e-136 8.34022e-138 3.16082e-139 1.19527e-140 4.51024e-142 1.6983e-143 6.38164e-145 2.39314e-146 8.95658e-148 3.34556e-149 1.24728e-150 4.64138e-152 1.72397e-153 6.39184e-155 2.36567e-156 8.74025e-158 3.22368e-159 1.187e-160 4.36348e-162 1.60144e-163 5.86809e-165 2.14686e-166 7.84224e-168 2.86036e-169
1.0238e-38 4.10843e-39 9.15953e-40 1.49185e-40 1.97654e-41 2.25409e-42 2.29008e-43 2.12067e-44 1.8191e-45 1.4628e-46 1.11282e-47 8.06651e-49 5.60363e-50 3.74816e-51 2.42341e-52 1.51957e-53 9.26646e-55 5.50868e-56 3.19908e-57 1.81817e-58 1.0129e-59 5.53912e-61 2.97713e-62 1.57445e-63 8.2011e-65 4.21137e-66 2.13375e-67 1.06747e-68 5.27672e-70 2.57891e-71 1.24688e-72 5.96704e-74 2.82784e-75 1.32772e-76 6.17875e-78 2.85105e-79 1.3049e-80 5.92604e-82 2.67121e-83 1.19546e-84 5.31332e-86 2.34594e-87 1.02919e-88 4.48744e-90 1.94503e-91 8.38237e-93 3.59256e-94 1.53151e-95 6.49519e-97 2.74088e-98 1.15102e-99 4.81106e-101 2.0018e-102 8.29248e-104 3.42048e-105 1.40503e-106 5.74814e-108 2.34242e-109 9.50919e-111 3.846e-112 1.54991e-113 6.22406e-115 2.49088e-116 9.93533e-118 3.95e-119 1.56543e-120 6.1848e-122 2.43616e-123 9.56762e-125 3.74673e-126 1.46311e-127 5.69785e-129 2.21298e-130 8.57242e-132 3.31218e-133 1.27654e-134 4.9078e-136 1.88233e-137 7.20246e-139 2.74957e-140 1.0473e-141 3.98027e-143 1.50943e-144 5.71206e-146 2.15708e-147 8.12933e-149 3.05754e-150 1.14772e-151 4.29996e-153 1.60794e-154 6.00164e-156 2.23603e-157 8.31588e-159 3.08728e-160 1.14418e-161 4.23325e-163 1.56362e-164 5.76603e-166 2.12287e-167 7.80338e-169 2.86396e-170
3.10243e-40 1.29102e-40 2.97432e-41 4.99284e-42 6.80345e-43 7.96604e-44 8.29734e-45 7.8675e-46 6.90278e-47 5.67206e-48 4.40552e-49 3.25795e-50 2.30734e-51 1.57242e-52 1.03522e-53 6.6062e-55 4.09784e-56 2.47685e-57 1.46185e-58 8.44037e-60 4.77511e-61 2.65089e-62 1.4459e-63 7.75753e-65 4.09817e-66 2.13375e-67 1.09584e-68 5.55564e-70 2.78232e-71 1.37735e-72 6.74376e-74 3.26748e-75 1.56746e-76 7.44818e-78 3.50721e-79 1.63721e-80 7.57951e-82 3.48113e-83 1.58666e-84 7.17894e-86 3.22535e-87 1.43929e-88 6.38096e-90 2.81119e-91 1.231e-92 5.35899e-94 2.3198e-95 9.98721e-97 4.27701e-98 1.82228e-99 7.72565e-101 3.25964e-102 1.36894e-103 5.72313e-105 2.38221e-106 9.87368e-108 4.0755e-109 1.67547e-110 6.86112e-112 2.79899e-113 1.13763e-114 4.60716e-116 1.85927e-117 7.47765e-119 2.99737e-120 1.19757e-121 4.76964e-123 1.89376e-124 7.49639e-126 2.95867e-127 1.16437e-128 4.56941e-130 1.78827e-131 6.97973e-133 2.71707e-134 1.05498e-135 4.08594e-137 1.57859e-138 6.08413e-140 2.33938e-141 8.97422e-143 3.43485e-144 1.31176e-145 4.99864e-147 1.90074e-148 7.21246e-150 2.73119e-151 1.03215e-152 3.89294e-154 1.46544e-155 5.50595e-157 2.06482e-158 7.72922e-160 2.88805e-161 1.07722e-162 4.01096e-164 1.4909e-165 5.53246e-167 2.04961e-168 7.58083e-170 2.79943e-171
9.4013e-42 4.05168e-42 9.6359e-43 1.66561e-43 2.33242e-44 2.80194e-45 2.99014e-46 2.90139e-47 2.6023e-48 2.18392e-49 1.73101e-50 1.30537e-51 9.42094e-53 6.53853e-54 4.38158e-55 2.84454e-56 1.79419e-57 1.10223e-58 6.60931e-60 3.8755e-61 2.22589e-62 1.25405e-63 6.9395e-65 3.77611e-66 2.02264e-67 1.06747e-68 5.55564e-70 2.85355e-71 1.44751e-72 7.25642e-74 3.59706e-75 1.76416e-76 8.5647e-78 4.11789e-79 1.96162e-80 9.26212e-82 4.33634e-83 2.01376e-84 9.27913e-86 4.2438e-87 1.92698e-88 8.68946e-90 3.89235e-91 1.73237e-92 7.66261e-94 3.36911e-95 1.47279e-96 6.4024e-98 2.76819e-99 1.19063e-100 5.09519e-102 2.16975e-103 9.19585e-105 3.87943e-106 1.62929e-107 6.81298e-109 2.83687e-110 1.1764e-111 4.85887e-113 1.99906e-114 8.19353e-116 3.34591e-117 1.36144e-118 5.5203e-120 2.23071e-121 8.98421e-123 3.60666e-124 1.44329e-125 5.75785e-127 2.2901e-128 9.08167e-130 3.59108e-131 1.41599e-132 5.56797e-134 2.18355e-135 8.54054e-137 3.33185e-138 1.29655e-139 5.0329e-141 1.94893e-142 7.52909e-144 2.90188e-145 1.11591e-146 4.2816e-148 1.6392e-149 6.26221e-151 2.3873e-152 9.08218e-154 3.4482e-155 1.30656e-156 4.94105e-158 1.86499e-159 7.02611e-161 2.64211e-162 9.91737e-164 3.71593e-165 1.38988e-166 5.18963e-168 1.93446e-169 7.1988e-171 2.67453e-172
2.84888e-43 1.27006e-43 3.11498e-44 5.53969e-45 7.96615e-46 9.81177e-47 1.07213e-47 1.06398e-48 9.75037e-50 8.35319e-51 6.7534e-52 5.19101e-53 3.81618e-54 2.69633e-55 1.83843e-56 1.21376e-57 7.78209e-59 4.85757e-60 2.95831e-61 1.76115e-62 1.02659e-63 5.86801e-65 3.29343e-66 1.8171e-67 9.86613e-69 5.27672e-70 2.78232e-71 1.44751e-72 7.43563e-74 3.77385e-75 1.89358e-76 9.39851e-78 4.61673e-79 2.24552e-80 1.08193e-81 5.16608e-83 2.44551e-84 1.1481e-85 5.34731e-87 2.47158e-88 1.13404e-89 5.16668e-91 2.33798e-92 1.05105e-93 4.69522e-95 2.08467e-96 9.20147e-98 4.03831e-99 1.76257e-100 7.65194e-102 3.30485e-103 1.42021e-104 6.07357e-106 2.58515e-107 1.09532e-108 4.62021e-110 1.94047e-111 8.11573e-113 3.38045e-114 1.40247e-115 5.79606e-117 2.38635e-118 9.78909e-120 4.00125e-121 1.6298e-122 6.61597e-124 2.67678e-125 1.0795e-126 4.3397e-128 1.73922e-129 6.94927e-131 2.76849e-132 1.09975e-133 4.35632e-135 1.72087e-136 6.7796e-138 2.66387e-139 1.044e-140 4.08121e-142 1.59148e-143 6.19095e-145 2.4026e-146 9.30234e-148 3.59344e-149 1.38502e-150 5.32654e-152 2.04409e-153 7.82771e-155 2.99136e-156 1.14082e-157 4.34208e-159 1.6494e-160 6.25338e-162 2.36636e-163 8.938e-165 3.3698e-166 1.2682e-167 4.76437e-169 1.78677e-170 6.68943e-172 2.50024e-173
8.63297e-45 3.97677e-45 1.00493e-45 1.83725e-46 2.71114e-47 3.42153e-48 3.82594e-49 3.88117e-50 3.6322e-51 3.17504e-52 2.6172e-53 2.04966e-54 1.53428e-55 1.10318e-56 7.65051e-58 5.13494e-59 3.34549e-60 2.12111e-61 1.3116e-62 7.92511e-64 4.68717e-65 2.71749e-66 1.54652e-67 8.64953e-69 4.75933e-70 2.57891e-71 1.37735e-72 7.25642e-74 3.77385e-75 1.93875e-76 9.84474e-78 4.94397e-79 2.45678e-80 1.2086e-81 5.88878e-83 2.84297e-84 1.36049e-85 6.45584e-87 3.03872e-88 1.41922e-89 6.57898e-91 3.02789e-92 1.38392e-93 6.28312e-95 2.83426e-96 1.27057e-97 5.66168e-99 2.50822e-100 1.10495e-101 4.84117e-103 2.10993e-104 9.14877e-106 3.94733e-107 1.69494e-108 7.24394e-110 3.08194e-111 1.30544e-112 5.50592e-114 2.31254e-115 9.67357e-117 4.03058e-118 1.67293e-119 6.91764e-121 2.85005e-122 1.17003e-123 4.78669e-125 1.95164e-126 7.93095e-128 3.21254e-129 1.29718e-130 5.2217e-132 2.09563e-133 8.38568e-135 3.34588e-136 1.33125e-137 5.28212e-139 2.09019e-140 8.24928e-142 3.2473e-143 1.27506e-144 4.9941e-146 1.95132e-147 7.60615e-149 2.95791e-150 1.14765e-151 4.44284e-153 1.71614e-154 6.61461e-156 2.5441e-157 9.76471e-159 3.7402e-160 1.42975e-161 5.45464e-163 2.07697e-164 7.89348e-166 2.99429e-167 1.13376e-168 4.28511e-170 1.61671e-171 6.08896e-173 2.28932e-174
2.61605e-46 1.2439e-46 3.23583e-47 6.07709e-48 9.1962e-49 1.18846e-49 1.35919e-50 1.40871e-51 1.34568e-52 1.19971e-53 1.00786e-54 8.03883e-56 6.1249e-57 4.48006e-58 3.15899e-59 2.15482e-60 1.42614e-61 9.18159e-63 5.76291e-64 3.53328e-65 2.11968e-66 1.24617e-67 7.18932e-69 4.07497e-70 2.27175e-71 1.24688e-72 6.74376e-74 3.59706e-75 1.89358e-76 9.84474e-78 5.05803e-79 2.56959e-80 1.29147e-81 6.42476e-83 3.16503e-84 1.54467e-85 7.47132e-87 3.58284e-88 1.70402e-89 8.04044e-91 3.7651e-92 1.7502e-93 8.07847e-95 3.70351e-96 1.68672e-97 7.63338e-99 3.43343e-100 1.5352e-101 6.82511e-103 3.01747e-104 1.3269e-105 5.80458e-107 2.52642e-108 1.09423e-109 4.71675e-111 2.0238e-112 8.64444e-114 3.67627e-115 1.55679e-116 6.56529e-118 2.75757e-119 1.15371e-120 4.80842e-122 1.99659e-123 8.26033e-125 3.40537e-126 1.39904e-127 5.72831e-129 2.33771e-130 9.50945e-132 3.85614e-133 1.55888e-134 6.28301e-136 2.5249e-137 1.01174e-138 4.04272e-140 1.61094e-141 6.40198e-143 2.53747e-144 1.00315e-145 3.95572e-147 1.55599e-148 6.10565e-150 2.39012e-151 9.33447e-153 3.63716e-154 1.41402e-155 5.48518e-157 2.12316e-158 8.20068e-160 3.16089e-161 1.21584e-162 4.66731e-164 1.78812e-165 6.83727e-167 2.60938e-168 9.93974e-170 3.77929e-171 1.43436e-172 5.4341e-174 2.05511e-175
7.92743e-48 3.88704e-48 1.04005e-48 2.00508e-49 3.10956e-50 4.11276e-51 4.80813e-52 5.08892e-53 4.9598e-54 4.5079e-55 3.85797e-56 3.13282e-57 2.42868e-58 1.80655e-59 1.29478e-60 8.97303e-62 6.03101e-63 3.9416e-64 2.51052e-65 1.56141e-66 9.49916e-68 5.66155e-69 3.31026e-70 1.90106e-71 1.07354e-72 5.96704e-74 3.26748e-75 1.76416e-76 9.39851e-78 4.94397e-79 2.56959e-80 1.32031e-81 6.71042e-83 3.37518e-84 1.68083e-85 8.29111e-87 4.05268e-88 1.96369e-89 9.43539e-91 4.49722e-92 2.12696e-93 9.98468e-95 4.65355e-96 2.15389e-97 9.90279e-99 4.52361e-100 2.05353e-101 9.26606e-103 4.15673e-104 1.85418e-105 8.22569e-107 3.62982e-108 1.59353e-109 6.96088e-111 3.02593e-112 1.3092e-113 5.63846e-115 2.41757e-116 1.03209e-117 4.38751e-119 1.85753e-120 7.8328e-122 3.29006e-123 1.3767e-124 5.73935e-126 2.38406e-127 9.8682e-129 4.07064e-130 1.6735e-131 6.85743e-133 2.80093e-134 1.14046e-135 4.62941e-137 1.87355e-138 7.56018e-140 3.04194e-141 1.22053e-142 4.88368e-144 1.94884e-145 7.75639e-147 3.07906e-148 1.2192e-149 4.81562e-151 1.89745e-152 7.45849e-154 2.92491e-155 1.1444e-156 4.46744e-158 1.74012e-159 6.76326e-161 2.62304e-162 1.01518e-163 3.92091e-165 1.5113e-166 5.81371e-168 2.23206e-169 8.55314e-171 3.27133e-172 1.24887e-173 4.75903e-175 1.81025e-176
