0.0154387 0.011406 0.00842672 0.00622563 0.00459947 0.00339807 0.00251048 0.00185473 0.00137027 0.00101235 0.00074792 0.000552561 0.00040823 0.000301599 0.00022282 0.000164618 0.000121619 8.9852e-05 6.63823e-05 4.9043e-05 3.62328e-05 2.67686e-05 1.97766e-05 1.46108e-05 1.07944e-05 7.97489e-06 5.89182e-06 4.35285e-06 3.21587e-06 2.37587e-06 1.75528e-06 1.2968e-06 9.58069e-07 7.07818e-07 5.22933e-07 3.86341e-07 2.85427e-07 2.10872e-07 1.55792e-07 1.15098e-07 8.50342e-08 6.28229e-08 4.64133e-08 3.429e-08 2.53333e-08 1.87162e-08 1.38274e-08 1.02156e-08 7.54728e-09 5.5759e-09 4.11946e-09 3.04344e-09 2.24848e-09 1.66117e-09 1.22726e-09 9.06698e-10 6.69865e-10 4.94894e-10 3.65626e-10 2.70123e-10 1.99566e-10 1.47438e-10 1.08927e-10 8.04748e-11 5.94544e-11 4.39247e-11 3.24514e-11 2.3975e-11 1.77126e-11 1.3086e-11 9.6679e-12 7.1426e-12 5.27693e-12 3.89857e-12 2.88025e-12 2.12792e-12 1.5721e-12 1.16146e-12 8.58082e-13 6.33948e-13 4.68358e-13 3.46021e-13 2.55639e-13 1.88865e-13 1.39533e-13 1.03086e-13 7.61598e-14 5.62666e-14 4.15695e-14 3.07114e-14 2.26895e-14 1.67629e-14 1.23844e-14 9.14951e-15 6.75962e-15 4.99398e-15 3.68954e-15 2.72582e-15 2.01382e-15 1.4878e-15 1.09918e-15
0.011406 0.00924171 0.00742985 0.00593398 0.00471264 0.00372448 0.00293101 0.00229795 0.00179562 0.00139893 0.00108697 0.00084253 0.000651627 0.000502969 0.000387513 0.000298055 0.000228892 0.000175525 0.00013442 0.000102813 7.8547e-05 5.99429e-05 4.56987e-05 3.4806e-05 2.64858e-05 2.01375e-05 1.52985e-05 1.16135e-05 8.80976e-06 6.67838e-06 5.05938e-06 3.83051e-06 2.89842e-06 2.19192e-06 1.65675e-06 1.2516e-06 9.45074e-07 7.13284e-07 5.38103e-07 4.05773e-07 3.05859e-07 2.30456e-07 1.73577e-07 1.30688e-07 9.83618e-08 7.40066e-08 5.56638e-08 4.18542e-08 3.1461e-08 2.36416e-08 1.77607e-08 1.3339e-08 1.00155e-08 7.51808e-09 5.64202e-09 4.23309e-09 3.17525e-09 2.38122e-09 1.78536e-09 1.33832e-09 1.00301e-09 7.51552e-10 5.63027e-10 4.21712e-10 3.15807e-10 2.36456e-10 1.77011e-10 1.32488e-10 9.91475e-11 7.41848e-11 5.54983e-11 4.15123e-11 3.10461e-11 2.32153e-11 1.73572e-11 1.29755e-11 9.69856e-12 7.24825e-12 5.41629e-12 4.04683e-12 3.02325e-12 2.25829e-12 1.68668e-12 1.25961e-12 9.40564e-13 7.02251e-13 5.24262e-13 3.91343e-13 2.92093e-13 2.17992e-13 1.62673e-13 1.2138e-13 9.05596e-14 6.75589e-14 5.03952e-14 3.75886e-14 2.8034e-14 2.09061e-14 1.55893e-14 1.16236e-14 8.66601e-15
0.00842672 0.00742985 0.00642184 0.00546529 0.00459378 0.00382202 0.00315283 0.00258193 0.00210116 0.00170056 0.0013697 0.00109848 0.000877576 0.000698669 0.000554488 0.0004388 0.000346338 0.000272699 0.000214239 0.000167964 0.000131431 0.00010266 8.00533e-05 6.23267e-05 4.84539e-05 3.76167e-05 2.91651e-05 2.25845e-05 1.74681e-05 1.34959e-05 1.04159e-05 8.03076e-06 6.18588e-06 4.76047e-06 3.66033e-06 2.81209e-06 2.1587e-06 1.65586e-06 1.26922e-06 9.72177e-07 7.4415e-07 5.69237e-07 4.35166e-07 3.32472e-07 2.53865e-07 1.93735e-07 1.47767e-07 1.12648e-07 8.58315e-08 6.53671e-08 4.97584e-08 3.78596e-08 2.87933e-08 2.18888e-08 1.6633e-08 1.26341e-08 9.59285e-09 7.2809e-09 5.52411e-09 4.1897e-09 3.17651e-09 2.40753e-09 1.8241e-09 1.3816e-09 1.04612e-09 7.91862e-10 5.9922e-10 4.53311e-10 3.42834e-10 2.59209e-10 1.95929e-10 1.48058e-10 1.11855e-10 8.44826e-11 6.3793e-11 4.81586e-11 3.63473e-11 2.74266e-11 2.06906e-11 1.56055e-11 1.17676e-11 8.87174e-12 6.68711e-12 5.03942e-12 3.79696e-12 2.86027e-12 2.15425e-12 1.6222e-12 1.22133e-12 9.19352e-13 6.91919e-13 5.20659e-13 3.91722e-13 2.94666e-13 2.21622e-13 1.66657e-13 1.25305e-13 9.41983e-14 7.08033e-14 5.32107e-14 3.99835e-14
0.00622563 0.00593398 0.00546529 0.0049093 0.00432628 0.00375506 0.00321915 0.00273137 0.00229729 0.00191766 0.00159026 0.00131112 0.00107542 0.000878017 0.000713863 0.000578203 0.000466706 0.000375514 0.000301258 0.000241033 0.000192364 0.000153163 0.000121685 9.64781e-05 7.63462e-05 6.03061e-05 4.75548e-05 3.74393e-05 2.94306e-05 2.31015e-05 1.81087e-05 1.41764e-05 1.10841e-05 8.6561e-06 6.75227e-06 5.26146e-06 4.09554e-06 3.1848e-06 2.47423e-06 1.92042e-06 1.48926e-06 1.15392e-06 8.93361e-07 6.91091e-07 5.34211e-07 4.1264e-07 3.1851e-07 2.45683e-07 1.89383e-07 1.45891e-07 1.12317e-07 8.64174e-08 6.64513e-08 5.10693e-08 3.92264e-08 3.01137e-08 2.31061e-08 1.77202e-08 1.35831e-08 1.04069e-08 7.96973e-09 6.10056e-09 4.66772e-09 3.56988e-09 2.72911e-09 2.08551e-09 1.59306e-09 1.21641e-09 9.2847e-10 7.08425e-10 5.40335e-10 4.11984e-10 3.14012e-10 2.39259e-10 1.82241e-10 1.38766e-10 1.0563e-10 8.0381e-11 6.11492e-11 4.6505e-11 3.53576e-11 2.68746e-11 2.04212e-11 1.55133e-11 1.17817e-11 8.94545e-12 6.79021e-12 5.15294e-12 3.90949e-12 2.96538e-12 2.24873e-12 1.70488e-12 1.29226e-12 9.79282e-13 7.41943e-13 5.62004e-13 4.25614e-13 3.22256e-13 2.43948e-13 1.84632e-13 1.3971e-13
0.00459947 0.00471264 0.00459378 0.00432628 0.00397205 0.00357577 0.0031687 0.00277181 0.00239838 0.00205603 0.0017484 0.00147632 0.00123879 0.00103367 0.000858184 0.000709241 0.000583713 0.000478573 0.000390996 0.000318411 0.000258522 0.00020931 0.000169023 0.000136157 0.00010943 8.77593e-05 7.02368e-05 5.61047e-05 4.47344e-05 3.56067e-05 2.8295e-05 2.24495e-05 1.77851e-05 1.40699e-05 1.11156e-05 8.77022e-06 6.91111e-06 5.4396e-06 4.27649e-06 3.35839e-06 2.6346e-06 2.06469e-06 1.61648e-06 1.26437e-06 9.88055e-07 7.71445e-07 6.0181e-07 4.6909e-07 3.65348e-07 2.84329e-07 2.21112e-07 1.71826e-07 1.33432e-07 1.03546e-07 8.03011e-08 6.22342e-08 4.82021e-08 3.73111e-08 2.88638e-08 2.23162e-08 1.72442e-08 1.33177e-08 1.02798e-08 7.93075e-09 6.1154e-09 4.71327e-09 3.63087e-09 2.79573e-09 2.15169e-09 1.65528e-09 1.27284e-09 9.78336e-10 7.51661e-10 5.7727e-10 4.43162e-10 3.40076e-10 2.60869e-10 2.00036e-10 1.53332e-10 1.1749e-10 8.99951e-11 6.89106e-11 5.2748e-11 4.03628e-11 3.08757e-11 2.36109e-11 1.80499e-11 1.37944e-11 1.0539e-11 8.04947e-12 6.14624e-12 4.69168e-12 3.58036e-12 2.73152e-12 2.08337e-12 1.58859e-12 1.211e-12 9.22922e-13 7.03197e-13 5.3565e-13 4.07925e-13
0.00339807 0.00372448 0.00382202 0.00375506 0.00357577 0.00332518 0.00303469 0.00272755 0.00242043 0.00212472 0.00184776 0.0015938 0.00136484 0.00116125 0.000982316 0.000826604 0.000692259 0.000577217 0.000479361 0.000396618 0.000327028 0.000268785 0.000220255 0.000179982 0.000146687 0.000119256 9.67282e-05 7.82834e-05 6.32237e-05 5.09601e-05 4.09981e-05 3.29246e-05 2.63958e-05 2.11273e-05 1.6884e-05 1.34729e-05 1.07357e-05 8.54283e-06 6.78898e-06 5.38839e-06 4.27156e-06 3.38226e-06 2.67509e-06 2.11349e-06 1.66803e-06 1.31514e-06 1.03589e-06 8.15159e-07 6.40878e-07 5.03412e-07 3.95092e-07 3.09822e-07 2.42759e-07 1.90063e-07 1.48692e-07 1.16241e-07 9.08063e-08 7.08875e-08 5.53004e-08 4.31121e-08 3.35884e-08 2.61521e-08 2.03497e-08 1.58252e-08 1.22996e-08 9.55393e-09 7.41709e-09 5.75506e-09 4.4631e-09 3.45938e-09 2.68004e-09 2.07525e-09 1.60616e-09 1.24252e-09 9.60761e-10 7.42561e-10 5.73662e-10 4.42989e-10 3.41936e-10 2.63825e-10 2.03474e-10 1.56866e-10 1.20887e-10 9.31246e-11 7.17108e-11 5.52007e-11 4.24763e-11 3.26734e-11 2.51241e-11 1.93125e-11 1.48402e-11 1.13998e-11 8.7541e-12 6.72031e-12 5.1574e-12 3.95674e-12 3.03469e-12 2.32681e-12 1.78352e-12 1.3667e-12 1.04699e-12
0.00251048 0.00293101 0.00315283 0.00321915 0.0031687 0.00303469 0.00284461 0.0026205 0.00237945 0.00213432 0.00189439 0.00166606 0.00145342 0.0012588 0.0010832 0.000926642 0.000788496 0.000667679 0.000562843 0.000472506 0.000395148 0.000329276 0.000273472 0.000226418 0.000186911 0.000153874 0.000126347 0.00010349 8.45715e-05 6.8959e-05 5.6111e-05 4.55658e-05 3.69321e-05 2.98801e-05 2.41328e-05 1.94586e-05 1.56648e-05 1.25915e-05 1.01063e-05 8.10028e-06 6.48363e-06 5.18287e-06 4.13787e-06 3.29957e-06 2.62804e-06 2.09081e-06 1.66159e-06 1.31909e-06 1.04612e-06 8.28812e-07 6.56018e-07 5.18766e-07 4.0986e-07 3.23533e-07 2.55171e-07 2.01088e-07 1.5834e-07 1.24582e-07 9.79468e-08 7.69489e-08 6.0409e-08 4.73909e-08 3.71527e-08 2.91069e-08 2.27886e-08 1.78304e-08 1.39424e-08 1.08956e-08 8.50949e-09 6.64211e-09 5.18159e-09 4.03998e-09 3.14818e-09 2.45195e-09 1.9087e-09 1.48505e-09 1.15487e-09 8.97655e-10 6.97398e-10 5.41563e-10 4.20357e-10 3.26131e-10 2.52915e-10 1.96052e-10 1.51909e-10 1.17656e-10 9.10895e-11 7.04934e-11 5.45328e-11 4.21697e-11 3.2597e-11 2.5188e-11 1.94558e-11 1.50228e-11 1.15957e-11 8.94735e-12 6.90148e-12 5.32163e-12 4.10207e-12 3.16098e-12 2.43501e-12
0.00185473 0.00229795 0.00258193 0.00273137 0.00277181 0.00272755 0.0026205 0.00246955 0.00229043 0.00209585 0.00189569 0.00169741 0.0015064 0.00132634 0.00115953 0.00100721 0.000869795 0.000747127 0.000638614 0.000543392 0.00046043 0.000388611 0.000326801 0.000273886 0.000228804 0.000190568 0.000158271 0.000131095 0.00010831 8.92692e-05 7.34074e-05 6.02325e-05 4.93195e-05 4.03037e-05 3.28736e-05 2.67646e-05 2.1753e-05 1.76504e-05 1.42985e-05 1.15654e-05 9.34088e-06 7.53346e-06 6.06742e-06 4.8802e-06 3.92026e-06 3.14525e-06 2.52044e-06 2.01742e-06 1.61297e-06 1.28822e-06 1.02776e-06 8.19132e-07 6.52207e-07 5.18799e-07 4.12295e-07 3.27357e-07 2.59689e-07 2.05831e-07 1.63007e-07 1.28988e-07 1.01987e-07 8.05767e-08 6.36128e-08 5.01835e-08 3.95609e-08 3.1165e-08 2.45342e-08 1.93014e-08 1.51747e-08 1.19227e-08 9.36184e-09 7.34653e-09 5.76162e-09 4.516e-09 3.53765e-09 2.76971e-09 2.16728e-09 1.69498e-09 1.32491e-09 1.0351e-09 8.08281e-10 6.3085e-10 4.9213e-10 3.83731e-10 2.99069e-10 2.32979e-10 1.81413e-10 1.41197e-10 1.09849e-10 8.54246e-11 6.64029e-11 5.15957e-11 4.00741e-11 3.11131e-11 2.41464e-11 1.87325e-11 1.45269e-11 1.12614e-11 8.72675e-12 6.76016e-12 5.23489e-12
0.00137027 0.00179562 0.00210116 0.00229729 0.00239838 0.00242043 0.00237945 0.00229043 0.00216676 0.00201995 0.00185954 0.00169323 0.001527 0.00136533 0.00121143 0.00106744 0.000934635 0.000813644 0.000704566 0.00060713 0.0005208 0.000444864 0.000378506 0.000320861 0.000271057 0.000228239 0.000191596 0.000160371 0.000133866 0.000111451 9.25605e-05 7.66907e-05 6.33994e-05 5.22994e-05 4.30545e-05 3.53744e-05 2.90097e-05 2.37474e-05 1.9406e-05 1.5832e-05 1.28955e-05 1.04875e-05 8.51647e-06 6.90598e-06 5.5923e-06 4.52246e-06 3.65256e-06 2.9463e-06 2.37373e-06 1.91018e-06 1.53541e-06 1.23281e-06 9.88785e-07 7.92239e-07 6.34121e-07 5.07062e-07 4.05076e-07 3.23301e-07 2.57801e-07 2.05391e-07 1.63495e-07 1.30036e-07 1.0334e-07 8.20597e-08 6.51108e-08 5.16235e-08 4.08997e-08 3.23802e-08 2.56172e-08 2.02528e-08 1.60009e-08 1.26333e-08 9.96803e-09 7.86008e-09 6.19408e-09 4.87824e-09 3.83965e-09 3.02043e-09 2.37464e-09 1.86588e-09 1.46532e-09 1.15014e-09 9.02273e-10 7.0746e-10 5.54428e-10 4.34283e-10 3.40008e-10 2.6607e-10 2.08113e-10 1.62706e-10 1.27148e-10 9.93161e-11 7.75427e-11 6.05167e-11 4.7209e-11 3.68124e-11 2.86936e-11 2.23564e-11 1.74119e-11 1.35557e-11 1.05494e-11
0.00101235 0.00139893 0.00170056 0.00191766 0.00205603 0.00212472 0.00213432 0.00209585 0.00201995 0.00191637 0.00179373 0.00165934 0.00151924 0.00137826 0.0012401 0.00110753 0.000982462 0.000866152 0.000759288 0.000662132 0.000574612 0.000496414 0.000427056 0.000365943 0.000312418 0.000265796 0.000225391 0.000190536 0.0001606 0.00013499 0.000113164 9.46291e-05 7.894e-05 6.57013e-05 5.45631e-05 4.52183e-05 3.73987e-05 3.08718e-05 2.54369e-05 2.09215e-05 1.71782e-05 1.40814e-05 1.15246e-05 9.41755e-06 7.68435e-06 6.26117e-06 5.09451e-06 4.1397e-06 3.35947e-06 2.72288e-06 2.20423e-06 1.78227e-06 1.43943e-06 1.16125e-06 9.35812e-07 7.53349e-07 6.05842e-07 4.86733e-07 3.90661e-07 3.13257e-07 2.50958e-07 2.00869e-07 1.60637e-07 1.28353e-07 1.02473e-07 8.1744e-08 6.51567e-08 5.18951e-08 4.13013e-08 3.28459e-08 2.61025e-08 2.0729e-08 1.64502e-08 1.30458e-08 1.03391e-08 8.18863e-09 6.48133e-09 5.12679e-09 4.05286e-09 3.20198e-09 2.52825e-09 1.99513e-09 1.57353e-09 1.24034e-09 9.77168e-10 7.69425e-10 6.05529e-10 4.763e-10 3.74461e-10 2.9425e-10 2.31108e-10 1.81429e-10 1.42361e-10 1.11654e-10 8.75311e-11 6.8589e-11 5.37224e-11 4.20598e-11 3.29151e-11 2.57478e-11 2.01329e-11
0.00074792 0.00108697 0.0013697 0.00159026 0.0017484 0.00184776 0.00189439 0.00189569 0.00185954 0.00179373 0.00170557 0.00160162 0.00148758 0.00136823 0.0012475 0.00112848 0.00101351 0.000904303 0.000802015 0.000707354 0.000620659 0.000541988 0.000471178 0.00040791 0.000351755 0.000302212 0.000258746 0.000220803 0.000187838 0.000159324 0.000134759 0.000113678 9.565e-05 8.02858e-05 6.72331e-05 5.61774e-05 4.68396e-05 3.89742e-05 3.23659e-05 2.68273e-05 2.21962e-05 1.83324e-05 1.51156e-05 1.2443e-05 1.02269e-05 8.39269e-06 6.87735e-06 5.6276e-06 4.59862e-06 3.75277e-06 3.05854e-06 2.48962e-06 2.02405e-06 1.6436e-06 1.33313e-06 1.0801e-06 8.74143e-07 7.06711e-07 5.7076e-07 4.605e-07 3.71178e-07 2.98896e-07 2.40466e-07 1.93284e-07 1.55221e-07 1.24547e-07 9.985e-08 7.99844e-08 6.40195e-08 5.12009e-08 4.09175e-08 3.26748e-08 2.60733e-08 2.07906e-08 1.65665e-08 1.31915e-08 1.0497e-08 8.34728e-09 6.63351e-09 5.26824e-09 4.18134e-09 3.31664e-09 2.62919e-09 2.08299e-09 1.64931e-09 1.30518e-09 1.03227e-09 8.15982e-10 6.44664e-10 5.09045e-10 4.01748e-10 3.16905e-10 2.49854e-10 1.96893e-10 1.55082e-10 1.22092e-10 9.60744e-11 7.55662e-11 5.94088e-11 4.66852e-11 3.66705e-11
0.000552561 0.00084253 0.00109848 0.00131112 0.00147632 0.0015938 0.00166606 0.00169741 0.00169323 0.00165934 0.00160162 0.00152564 0.00143651 0.00133871 0.0012361 0.00113189 0.00102864 0.000928355 0.000832542 0.000742251 0.000658165 0.000580664 0.000509881 0.000445755 0.000388085 0.000336563 0.000290811 0.000250409 0.000214913 0.000183875 0.000156854 0.000133427 0.000113195 9.57843e-05 8.08532e-05 6.80897e-05 5.72121e-05 4.79687e-05 4.01354e-05 3.35144e-05 2.79321e-05 2.32366e-05 1.9296e-05 1.59962e-05 1.32387e-05 1.09391e-05 9.02483e-06 7.43441e-06 6.11537e-06 5.02329e-06 4.12059e-06 3.37564e-06 2.76181e-06 2.25679e-06 1.84187e-06 1.50146e-06 1.22257e-06 9.94363e-07 8.07877e-07 6.5567e-07 5.3159e-07 4.30558e-07 3.48385e-07 2.81625e-07 2.27446e-07 1.83522e-07 1.47949e-07 1.19167e-07 9.59027e-08 7.7116e-08 6.1959e-08 4.97415e-08 3.9902e-08 3.19845e-08 2.56189e-08 2.05052e-08 1.64005e-08 1.31082e-08 1.04696e-08 8.35655e-09 6.66554e-09 5.31327e-09 4.23265e-09 3.3697e-09 2.68104e-09 2.13184e-09 1.69414e-09 1.34553e-09 1.06804e-09 8.47308e-10 6.71822e-10 5.32394e-10 4.21678e-10 3.33812e-10 2.64119e-10 2.08871e-10 1.65097e-10 1.30433e-10 1.02998e-10 8.12952e-11 6.41353e-11
0.00040823 0.000651627 0.000877576 0.00107542 0.00123879 0.00136484 0.00145342 0.0015064 0.001527 0.00151924 0.00148758 0.00143651 0.00137038 0.00129322 0.00120863 0.00111973 0.00102915 0.000939047 0.000851135 0.000766718 0.000686746 0.000611862 0.000542454 0.000478698 0.000420605 0.000368055 0.000320832 0.000278652 0.000241184 0.000208073 0.000178951 0.00015345 0.000131212 0.000111896 9.51775e-05 8.0758e-05 6.83615e-05 5.77369e-05 4.86577e-05 4.09204e-05 3.43443e-05 2.87692e-05 2.4054e-05 2.00754e-05 1.67258e-05 1.39115e-05 1.1552e-05 9.57757e-06 7.92849e-06 6.55366e-06 5.40946e-06 4.45882e-06 3.67028e-06 3.01723e-06 2.47722e-06 2.03134e-06 1.6637e-06 1.36101e-06 1.11211e-06 9.07722e-07 7.40092e-07 6.02781e-07 4.9044e-07 3.98634e-07 3.23696e-07 2.62592e-07 2.12824e-07 1.7233e-07 1.39417e-07 1.1269e-07 9.10098e-08 7.34388e-08 5.92117e-08 4.77025e-08 3.84002e-08 3.08882e-08 2.48269e-08 1.99404e-08 1.60041e-08 1.28357e-08 1.02874e-08 8.23939e-09 6.59469e-09 5.27482e-09 4.2164e-09 3.36822e-09 2.68899e-09 2.14542e-09 1.71071e-09 1.36327e-09 1.08577e-09 8.64265e-10 6.87563e-10 5.46688e-10 4.34441e-10 3.45057e-10 2.73921e-10 2.17337e-10 1.72355e-10 1.36614e-10 1.08232e-10
0.000301599 0.000502969 0.000698669 0.000878017 0.00103367 0.00116125 0.0012588 0.00132634 0.00136533 0.00137826 0.00136823 0.00133871 0.00129322 0.00123522 0.00116791 0.0010942 0.00101666 0.000937469 0.000858434 0.000781021 0.000706365 0.000635314 0.000568463 0.000506192 0.000448701 0.000396045 0.000348163 0.000304908 0.000266067 0.000231382 0.000200566 0.000173317 0.000149329 0.0001283 0.000109937 9.3959e-05 8.01056e-05 6.81332e-05 5.78185e-05 4.89582e-05 4.13686e-05 3.48847e-05 2.93596e-05 2.4663e-05 2.06801e-05 1.73098e-05 1.44642e-05 1.20665e-05 1.00502e-05 8.35784e-06 6.94008e-06 5.75443e-06 4.7646e-06 3.93963e-06 3.25315e-06 2.68282e-06 2.20968e-06 1.81775e-06 1.49355e-06 1.22575e-06 1.00482e-06 8.22801e-07 6.73028e-07 5.49938e-07 4.48898e-07 3.66054e-07 2.98207e-07 2.42702e-07 1.97344e-07 1.60315e-07 1.30118e-07 1.05516e-07 8.54929e-08 6.92111e-08 5.5984e-08 4.52483e-08 3.65425e-08 2.94889e-08 2.37788e-08 1.91601e-08 1.54273e-08 1.24129e-08 9.98044e-09 8.01915e-09 6.43892e-09 5.16666e-09 4.14309e-09 3.32017e-09 2.65904e-09 2.12823e-09 1.70236e-09 1.36089e-09 1.08728e-09 8.68181e-10 6.92838e-10 5.526e-10 4.40507e-10 3.50961e-10 2.7947e-10 2.22425e-10 1.76933e-10
0.00022282 0.000387513 0.000554488 0.000713863 0.000858184 0.000982316 0.0010832 0.00115953 0.00121143 0.0012401 0.0012475 0.0012361 0.00120863 0.00116791 0.00111669 0.00105758 0.00099297 0.000924955 0.00085536 0.000785717 0.000717277 0.000651029 0.000587727 0.000527913 0.00047195 0.000420048 0.000372289 0.000328656 0.00028905 0.000253313 0.000221246 0.000192616 0.000167178 0.000144674 0.000124849 0.000107453 9.22425e-05 7.89904e-05 6.74821e-05 5.75194e-05 4.89201e-05 4.15187e-05 3.51654e-05 2.97258e-05 2.508e-05 2.11215e-05 1.77563e-05 1.49017e-05 1.24852e-05 1.04437e-05 8.72239e-06 7.27375e-06 6.05678e-06 5.03621e-06 4.18179e-06 3.46764e-06 2.87167e-06 2.37509e-06 1.96193e-06 1.61867e-06 1.3339e-06 1.09795e-06 9.02727e-07 7.41399e-07 6.08251e-07 4.98492e-07 4.08122e-07 3.33801e-07 2.72748e-07 2.22649e-07 1.81583e-07 1.47955e-07 1.20448e-07 9.79686e-08 7.96164e-08 6.46477e-08 5.24502e-08 4.25197e-08 3.44421e-08 2.78775e-08 2.25469e-08 1.8222e-08 1.47159e-08 1.18759e-08 9.57723e-09 7.71815e-09 6.21571e-09 5.0024e-09 4.02329e-09 3.23374e-09 2.59748e-09 2.08512e-09 1.67279e-09 1.3412e-09 1.0747e-09 8.60652e-10 6.88842e-10 5.51019e-10 4.40527e-10 3.51999e-10 2.81111e-10
0.000164618 0.000298055 0.0004388 0.000578203 0.000709241 0.000826604 0.000926642 0.00100721 0.00106744 0.00110753 0.00112848 0.00113189 0.00111973 0.0010942 0.00105758 0.00101212 0.000959928 0.000902979 0.000843023 0.000781588 0.000719973 0.000659251 0.000600285 0.000543741 0.000490111 0.000439736 0.000392825 0.000349477 0.000309703 0.000273444 0.000240584 0.000210965 0.000184405 0.000160698 0.000139633 0.000120991 0.000104559 9.0127e-05 7.74963e-05 6.64783e-05 5.68971e-05 4.859e-05 4.14082e-05 3.52159e-05 2.98907e-05 2.53224e-05 2.14128e-05 1.80746e-05 1.52304e-05 1.28124e-05 1.07607e-05 9.0234e-06 7.55499e-06 6.31615e-06 5.27283e-06 4.39568e-06 3.65943e-06 3.04246e-06 2.52623e-06 2.09495e-06 1.73516e-06 1.43544e-06 1.1861e-06 9.7896e-07 8.07093e-07 6.64675e-07 5.46806e-07 4.49373e-07 3.68926e-07 3.0258e-07 2.47925e-07 2.02949e-07 1.65978e-07 1.35618e-07 1.10713e-07 9.03023e-08 7.35916e-08 5.9923e-08 4.87531e-08 3.96333e-08 3.2194e-08 2.61308e-08 2.11934e-08 1.71761e-08 1.39101e-08 1.1257e-08 9.10346e-09 7.35682e-09 5.94125e-09 4.79483e-09 3.86708e-09 3.11682e-09 2.51052e-09 2.0209e-09 1.62576e-09 1.30709e-09 1.05026e-09 8.43399e-10 6.76891e-10 5.42946e-10 4.35264e-10
0.000121619 0.000228892 0.000346338 0.000466706 0.000583713 0.000692259 0.000788496 0.000869795 0.000934635 0.000982462 0.00101351 0.00102864 0.00102915 0.00101666 0.00099297 0.000959928 0.000919378 0.000873076 0.000822651 0.000769569 0.00071512 0.000660412 0.000606367 0.000553736 0.000503109 0.00045493 0.000409515 0.000367065 0.000327691 0.000291423 0.000258228 0.000228023 0.000200688 0.000176073 0.000154013 0.000134329 0.000116837 0.000101353 8.76981e-05 7.56968e-05 6.5184e-05 5.60038e-05 4.80112e-05 4.10724e-05 3.50647e-05 2.98767e-05 2.54078e-05 2.15674e-05 1.82748e-05 1.5458e-05 1.30534e-05 1.10049e-05 9.26315e-06 7.78508e-06 6.53308e-06 5.47445e-06 4.58088e-06 3.82788e-06 3.19436e-06 2.66221e-06 2.21589e-06 1.8421e-06 1.52951e-06 1.26846e-06 1.05075e-06 8.6943e-07 7.18605e-07 5.93305e-07 4.89337e-07 4.03174e-07 3.31848e-07 2.72871e-07 2.2416e-07 1.8397e-07 1.50847e-07 1.23575e-07 1.01144e-07 8.27129e-08 6.75827e-08 5.5174e-08 4.50067e-08 3.66835e-08 2.98759e-08 2.43128e-08 1.97706e-08 1.60649e-08 1.30443e-08 1.0584e-08 8.58163e-09 6.95326e-09 5.63003e-09 4.55555e-09 3.6837e-09 2.97677e-09 2.40397e-09 1.94016e-09 1.56488e-09 1.26141e-09 1.01619e-09 8.18156e-10 6.58332e-10
8.9852e-05 0.000175525 0.000272699 0.000375514 0.000478573 0.000577217 0.000667679 0.000747127 0.000813644 0.000866152 0.000904303 0.000928355 0.000939047 0.000937469 0.000924955 0.000902979 0.000873076 0.000836769 0.000795519 0.000750689 0.000703513 0.000655086 0.000606353 0.000558112 0.000511017 0.00046559 0.000422229 0.000381224 0.000342769 0.000306977 0.000273891 0.000243498 0.00021574 0.000190525 0.000167734 0.00014723 0.000128863 0.000112479 9.79195e-05 8.50292e-05 7.36561e-05 6.36545e-05 5.48866e-05 4.72231e-05 4.05439e-05 3.47385e-05 2.97057e-05 2.53536e-05 2.15991e-05 1.83676e-05 1.55924e-05 1.32143e-05 1.11805e-05 9.44466e-06 7.96601e-06 6.70875e-06 5.64166e-06 4.73754e-06 3.9728e-06 3.327e-06 2.78251e-06 2.32414e-06 1.93885e-06 1.61546e-06 1.34439e-06 1.11751e-06 9.27859e-07 7.69536e-07 6.37533e-07 5.27612e-07 4.36188e-07 3.60239e-07 2.97218e-07 2.44982e-07 2.01734e-07 1.65965e-07 1.36413e-07 1.12022e-07 9.19112e-08 7.53456e-08 6.17134e-08 5.05055e-08 4.12994e-08 3.37443e-08 2.75496e-08 2.24748e-08 1.83208e-08 1.49235e-08 1.21473e-08 9.8804e-09 8.03087e-09 6.52302e-09 5.29466e-09 4.29472e-09 3.48132e-09 2.82015e-09 2.28308e-09 1.84712e-09 1.49349e-09 1.20682e-09 9.74592e-10
6.63823e-05 0.00013442 0.000214239 0.000301258 0.000390996 0.000479361 0.000562843 0.000638614 0.000704566 0.000759288 0.000802015 0.000832542 0.000851135 0.000858434 0.00085536 0.000843023 0.000822651 0.000795519 0.0007629 0.000726018 0.000686019 0.000643949 0.000600741 0.000557205 0.000514032 0.000471794 0.00043095 0.000391859 0.000354786 0.000319912 0.00028735 0.000257152 0.000229319 0.000203812 0.000180562 0.000159473 0.000140433 0.000123317 0.000107993 9.43267e-05 8.2183e-05 7.14295e-05 6.19382e-05 5.35871e-05 4.62612e-05 3.98529e-05 3.42625e-05 2.93983e-05 2.51765e-05 2.15212e-05 1.83636e-05 1.56421e-05 1.33014e-05 1.12924e-05 9.57149e-06 8.10029e-06 6.84488e-06 5.77553e-06 4.86628e-06 4.09445e-06 3.44036e-06 2.88693e-06 2.41939e-06 2.02502e-06 1.69284e-06 1.41345e-06 1.17878e-06 9.81945e-07 8.17059e-07 6.79114e-07 5.63852e-07 4.67661e-07 3.8748e-07 3.20723e-07 2.65205e-07 2.19086e-07 1.80815e-07 1.49091e-07 1.22821e-07 1.0109e-07 8.31308e-08 6.83034e-08 5.60733e-08 4.5995e-08 3.76975e-08 3.08722e-08 2.52629e-08 2.06568e-08 1.68778e-08 1.37799e-08 1.12423e-08 9.16552e-09 7.46707e-09 6.07913e-09 4.9458e-09 4.02105e-09 3.26705e-09 2.6527e-09 2.1525e-09 1.74552e-09 1.41461e-09
4.9043e-05 0.000102813 0.000167964 0.000241033 0.000318411 0.000396618 0.000472506 0.000543392 0.00060713 0.000662132 0.000707354 0.000742251 0.000766718 0.000781021 0.000785717 0.000781588 0.000769569 0.000750689 0.000726018 0.000696625 0.000663543 0.000627742 0.000590111 0.000551449 0.000512454 0.000473725 0.000435761 0.000398971 0.000363674 0.00033011 0.000298451 0.000268804 0.000241228 0.000215733 0.000192295 0.000170863 0.000151359 0.000133691 0.000117757 0.000103442 9.06333e-05 7.92126e-05 6.90647e-05 6.00773e-05 5.21424e-05 4.51575e-05 3.90265e-05 3.36595e-05 2.89736e-05 2.48925e-05 2.13469e-05 1.82734e-05 1.56153e-05 1.33213e-05 1.13456e-05 9.64753e-06 8.19083e-06 6.94356e-06 5.87755e-06 4.96805e-06 4.19341e-06 3.53472e-06 2.97553e-06 2.50155e-06 2.1004e-06 1.7614e-06 1.47532e-06 1.23424e-06 1.03136e-06 8.60859e-07 7.17747e-07 5.97778e-07 4.97334e-07 4.13338e-07 3.43179e-07 2.84644e-07 2.35864e-07 1.95256e-07 1.61488e-07 1.33436e-07 1.10159e-07 9.0861e-08 7.48788e-08 6.16552e-08 5.07245e-08 4.16973e-08 3.4249e-08 2.81088e-08 2.30515e-08 1.88896e-08 1.54674e-08 1.26559e-08 1.03479e-08 8.45473e-09 6.90306e-09 5.63226e-09 4.59227e-09 3.7418e-09 3.04682e-09 2.47931e-09 2.01622e-09
3.62328e-05 7.8547e-05 0.000131431 0.000192364 0.000258522 0.000327028 0.000395148 0.00046043 0.0005208 0.000574612 0.000620659 0.000658165 0.000686746 0.000706365 0.000717277 0.000719973 0.00071512 0.000703513 0.000686019 0.000663543 0.000636988 0.00060723 0.000575095 0.000541344 0.00050666 0.000471649 0.00043683 0.000402643 0.000369447 0.000337528 0.000307104 0.000278333 0.000251321 0.000226125 0.000202764 0.000181226 0.000161472 0.000143441 0.000127058 0.000112235 9.88781e-05 8.68877e-05 7.61628e-05 6.66026e-05 5.81083e-05 5.05846e-05 4.39403e-05 3.80891e-05 3.29505e-05 2.84494e-05 2.45165e-05 2.10884e-05 1.81072e-05 1.55204e-05 1.32807e-05 1.13455e-05 9.67687e-06 8.24077e-06 7.00717e-06 5.94943e-06 5.04409e-06 4.27051e-06 3.61062e-06 3.04862e-06 2.57074e-06 2.165e-06 1.82103e-06 1.52985e-06 1.28369e-06 1.07589e-06 9.00703e-07 7.53201e-07 6.29167e-07 5.24997e-07 4.37617e-07 3.64406e-07 3.03139e-07 2.51924e-07 2.0916e-07 1.7349e-07 1.4377e-07 1.19033e-07 9.84641e-08 8.1378e-08 6.71988e-08 5.54433e-08 4.57062e-08 3.76485e-08 3.09864e-08 2.54831e-08 2.09409e-08 1.71953e-08 1.4109e-08 1.15682e-08 9.47805e-09 7.76002e-09 6.34894e-09 5.19087e-09 4.24115e-09 3.46288e-09 2.82556e-09
2.67686e-05 5.99429e-05 0.00010266 0.000153163 0.00020931 0.000268785 0.000329276 0.000388611 0.000444864 0.000496414 0.000541988 0.000580664 0.000611862 0.000635314 0.000651029 0.000659251 0.000660412 0.000655086 0.000643949 0.000627742 0.00060723 0.000583184 0.000556349 0.000527431 0.000497084 0.000465897 0.000434394 0.000403029 0.000372186 0.000342185 0.000313281 0.00028567 0.0002595 0.000234869 0.000211835 0.000190423 0.000170629 0.000152423 0.000135758 0.000120573 0.000106794 9.43416e-05 8.31296e-05 7.3071e-05 6.40776e-05 5.60628e-05 4.89421e-05 4.26344e-05 3.70627e-05 3.21545e-05 2.78419e-05 2.40621e-05 2.07573e-05 1.78744e-05 1.53652e-05 1.3186e-05 1.12973e-05 9.66367e-06 8.25339e-06 7.03824e-06 5.99312e-06 5.09584e-06 4.32681e-06 3.66879e-06 3.10667e-06 2.62724e-06 2.21895e-06 1.87177e-06 1.57698e-06 1.32703e-06 1.1154e-06 9.36438e-07 7.85311e-07 6.57852e-07 5.50488e-07 4.60162e-07 3.8426e-07 3.20553e-07 2.67144e-07 2.22417e-07 1.85001e-07 1.53736e-07 1.27638e-07 1.05874e-07 8.77438e-08 7.26549e-08 6.01095e-08 4.96886e-08 4.10405e-08 3.38701e-08 2.79303e-08 2.30141e-08 1.89486e-08 1.55895e-08 1.28163e-08 1.05287e-08 8.64325e-09 7.09037e-09 5.81242e-09 4.76154e-09 3.89801e-09
1.97766e-05 4.56987e-05 8.00533e-05 0.000121685 0.000169023 0.000220255 0.000273472 0.000326801 0.000378506 0.000427056 0.000471178 0.000509881 0.000542454 0.000568463 0.000587727 0.000600285 0.000606367 0.000606353 0.000600741 0.000590111 0.000575095 0.000556349 0.000534529 0.000510275 0.000484193 0.000456845 0.000428742 0.00040034 0.000372034 0.000344163 0.000317009 0.0002908 0.000265715 0.000241888 0.000219411 0.000198343 0.00017871 0.000160515 0.000143736 0.000128338 0.000114268 0.000101467 8.98661e-05 7.93918e-05 6.99684e-05 6.15192e-05 5.39677e-05 4.72393e-05 4.12619e-05 3.59667e-05 3.12883e-05 2.71658e-05 2.3542e-05 2.03643e-05 1.75842e-05 1.51574e-05 1.30435e-05 1.12061e-05 9.61208e-06 8.23201e-06 7.03941e-06 6.01068e-06 5.12489e-06 4.36349e-06 3.7101e-06 3.15031e-06 2.67148e-06 2.26253e-06 1.91377e-06 1.6168e-06 1.36426e-06 1.14982e-06 9.67978e-07 8.13974e-07 6.83718e-07 5.73687e-07 4.80853e-07 4.02624e-07 3.36779e-07 2.81421e-07 2.34933e-07 1.95936e-07 1.63258e-07 1.35905e-07 1.13031e-07 9.39239e-08 7.79782e-08 6.46839e-08 5.36108e-08 4.43963e-08 3.67356e-08 3.03723e-08 2.50915e-08 2.07127e-08 1.7085e-08 1.40821e-08 1.15984e-08 9.54579e-09 7.85082e-09 6.45226e-09 5.29915e-09
1.46108e-05 3.4806e-05 6.23267e-05 9.64781e-05 0.000136157 0.000179982 0.000226418 0.000273886 0.000320861 0.000365943 0.00040791 0.000445755 0.000478698 0.000506192 0.000527913 0.000543741 0.000553736 0.000558112 0.000557205 0.000551449 0.000541344 0.000527431 0.000510275 0.000490439 0.000468473 0.000444899 0.000420204 0.000394831 0.000369177 0.000343589 0.000318364 0.000293753 0.000269959 0.000247145 0.000225432 0.000204907 0.000185625 0.000167617 0.000150888 0.000135424 0.000121198 0.000108166 9.6279e-05 8.54781e-05 7.57007e-05 6.68809e-05 5.89516e-05 5.18457e-05 4.54971e-05 3.98417e-05 3.48179e-05 3.03672e-05 2.64344e-05 2.29677e-05 1.99194e-05 1.7245e-05 1.4904e-05 1.28592e-05 1.10767e-05 9.52617e-06 8.17995e-06 7.01334e-06 6.00422e-06 5.13289e-06 4.38183e-06 3.73553e-06 3.18027e-06 2.704e-06 2.2961e-06 1.94728e-06 1.64942e-06 1.39545e-06 1.17919e-06 9.95301e-07 8.39138e-07 7.06695e-07 5.94511e-07 4.99604e-07 4.1941e-07 3.51729e-07 2.94675e-07 2.46632e-07 2.06223e-07 1.72271e-07 1.43775e-07 1.19883e-07 9.98718e-08 8.31275e-08 6.91305e-08 5.74414e-08 4.76888e-08 3.95595e-08 3.27894e-08 2.71563e-08 2.24733e-08 1.85835e-08 1.53554e-08 1.26785e-08 1.04606e-08 8.62448e-09 7.10556e-09
1.07944e-05 2.64858e-05 4.84539e-05 7.63462e-05 0.00010943 0.000146687 0.000186911 0.000228804 0.000271057 0.000312418 0.000351755 0.000388085 0.000420605 0.000448701 0.00047195 0.000490111 0.000503109 0.000511017 0.000514032 0.000512454 0.00050666 0.000497084 0.000484193 0.000468473 0.00045041 0.000430479 0.000409133 0.000386792 0.000363843 0.000340632 0.000317464 0.000294601 0.000272266 0.000250641 0.00022987 0.000210067 0.00019131 0.000173655 0.000157131 0.000141746 0.000127493 0.00011435 0.000102283 9.12486e-05 8.11981e-05 7.20774e-05 6.38294e-05 5.63953e-05 4.97162e-05 4.37336e-05 3.83904e-05 3.36315e-05 2.94044e-05 2.56594e-05 2.23496e-05 1.94315e-05 1.68646e-05 1.46117e-05 1.26385e-05 1.0914e-05 9.40986e-06 8.10042e-06 6.96267e-06 5.97589e-06 5.12157e-06 4.38321e-06 3.74614e-06 3.19736e-06 2.72539e-06 2.32011e-06 1.9726e-06 1.67509e-06 1.42073e-06 1.20358e-06 1.01844e-06 8.60799e-07 7.26755e-07 6.12917e-07 5.16359e-07 4.34558e-07 3.65341e-07 3.0684e-07 2.57451e-07 2.15803e-07 1.8072e-07 1.51199e-07 1.26384e-07 1.05546e-07 8.80662e-08 7.34169e-08 6.11521e-08 5.08933e-08 4.23204e-08 3.51629e-08 2.91925e-08 2.42167e-08 2.00735e-08 1.66264e-08 1.37609e-08 1.13808e-08 9.40551e-09
7.97489e-06 2.01375e-05 3.76167e-05 6.03061e-05 8.77593e-05 0.000119256 0.000153874 0.000190568 0.000228239 0.000265796 0.000302212 0.000336563 0.000368055 0.000396045 0.000420048 0.000439736 0.00045493 0.00046559 0.000471794 0.000473725 0.000471649 0.000465897 0.000456845 0.000444899 0.000430479 0.000414007 0.000395893 0.000376529 0.000356284 0.000335493 0.00031446 0.000293452 0.000272703 0.000252409 0.000232732 0.000213805 0.000195728 0.000178577 0.000162402 0.000147234 0.000133082 0.000119944 0.000107802 9.66291e-05 8.63897e-05 7.70417e-05 6.85386e-05 6.08309e-05 5.38671e-05 4.75954e-05 4.19639e-05 3.6922e-05 3.24203e-05 2.84118e-05 2.48515e-05 2.1697e-05 1.89089e-05 1.64501e-05 1.42865e-05 1.23869e-05 1.07224e-05 9.26688e-06 7.99657e-06 6.88998e-06 5.92779e-06 5.09264e-06 4.369e-06 3.74303e-06 3.20245e-06 2.73634e-06 2.33507e-06 1.99013e-06 1.69406e-06 1.4403e-06 1.2231e-06 1.03746e-06 8.78994e-07 7.43905e-07 6.28892e-07 5.31092e-07 4.4803e-07 3.7757e-07 3.1787e-07 2.67344e-07 2.24631e-07 1.88561e-07 1.58134e-07 1.32495e-07 1.10912e-07 9.27623e-08 7.75145e-08 6.47173e-08 5.39871e-08 4.49984e-08 3.74755e-08 3.11852e-08 2.59301e-08 2.15437e-08 1.78856e-08 1.48373e-08 1.22994e-08
5.89182e-06 1.52985e-05 2.91651e-05 4.75548e-05 7.02368e-05 9.67282e-05 0.000126347 0.000158271 0.000191596 0.000225391 0.000258746 0.000290811 0.000320832 0.000348163 0.000372289 0.000392825 0.000409515 0.000422229 0.00043095 0.000435761 0.00043683 0.000434394 0.000428742 0.000420204 0.000409133 0.000395893 0.00038085 0.000364361 0.000346769 0.000328394 0.000309529 0.000290442 0.000271368 0.000252513 0.000234052 0.000216131 0.000198868 0.000182355 0.000166661 0.000151835 0.000137905 0.000124884 0.000112771 0.000101555 9.12114e-05 8.1712e-05 7.30206e-05 6.50973e-05 5.78989e-05 5.13806e-05 4.54966e-05 4.0201e-05 3.54487e-05 3.11957e-05 2.73995e-05 2.40198e-05 2.10182e-05 1.83588e-05 1.60078e-05 1.39342e-05 1.21091e-05 1.0506e-05 9.10077e-06 7.87135e-06 6.79778e-06 5.86201e-06 5.0478e-06 4.34058e-06 3.72733e-06 3.19643e-06 2.73755e-06 2.34153e-06 2.00028e-06 1.70667e-06 1.45439e-06 1.23794e-06 1.05248e-06 8.93794e-07 7.58186e-07 6.4245e-07 5.43798e-07 4.59811e-07 3.88394e-07 3.27737e-07 2.76278e-07 2.32671e-07 1.95759e-07 1.64548e-07 1.38185e-07 1.1594e-07 9.71885e-08 8.13983e-08 6.81146e-08 5.69501e-08 4.75757e-08 3.97117e-08 3.31206e-08 2.76015e-08 2.29839e-08 1.91241e-08 1.59003e-08
4.35285e-06 1.16135e-05 2.25845e-05 3.74393e-05 5.61047e-05 7.82834e-05 0.00010349 0.000131095 0.000160371 0.000190536 0.000220803 0.000250409 0.000278652 0.000304908 0.000328656 0.000349477 0.000367065 0.000381224 0.000391859 0.000398971 0.000402643 0.000403029 0.00040034 0.000394831 0.000386792 0.000376529 0.000364361 0.000350607 0.000335577 0.000319571 0.000302869 0.000285728 0.000268384 0.000251044 0.00023389 0.000217079 0.000200741 0.000184981 0.000169886 0.000155517 0.000141919 0.000129122 0.000117138 0.00010597 9.5607e-05 8.60325e-05 7.72213e-05 6.9143e-05 6.17631e-05 5.50442e-05 4.89469e-05 4.34309e-05 3.84556e-05 3.39808e-05 2.99671e-05 2.63765e-05 2.31725e-05 2.03205e-05 1.77878e-05 1.55438e-05 1.35598e-05 1.18096e-05 1.02687e-05 8.91484e-06 7.7276e-06 6.68844e-06 5.78053e-06 4.98872e-06 4.29935e-06 3.70016e-06 3.18021e-06 2.72975e-06 2.34008e-06 2.00352e-06 1.71325e-06 1.46327e-06 1.24829e-06 1.06365e-06 9.053e-07 7.69663e-07 6.53632e-07 5.54498e-07 4.69904e-07 3.97804e-07 3.36425e-07 2.84232e-07 2.39902e-07 2.0229e-07 1.70415e-07 1.43428e-07 1.20605e-07 1.01322e-07 8.50473e-08 7.13246e-08 5.97649e-08 5.00366e-08 4.18572e-08 3.49863e-08 2.92198e-08 2.43845e-08 2.03335e-08
3.21587e-06 8.80976e-06 1.74681e-05 2.94306e-05 4.47344e-05 6.32237e-05 8.45715e-05 0.00010831 0.000133866 0.0001606 0.000187838 0.000214913 0.000241184 0.000266067 0.00028905 0.000309703 0.000327691 0.000342769 0.000354786 0.000363674 0.000369447 0.000372186 0.000372034 0.000369177 0.000363843 0.000356284 0.000346769 0.000335577 0.000322986 0.000309269 0.000294687 0.000279485 0.00026389 0.00024811 0.000232327 0.000216705 0.00020138 0.000186471 0.000172073 0.000158263 0.000145099 0.000132623 0.000120862 0.000109829 9.95292e-05 8.99551e-05 8.10926e-05 7.2921e-05 6.54145e-05 5.85433e-05 5.22748e-05 4.65747e-05 4.14073e-05 3.67366e-05 3.25269e-05 2.87429e-05 2.53505e-05 2.23168e-05 1.96105e-05 1.72019e-05 1.50631e-05 1.3168e-05 1.14925e-05 1.0014e-05 8.71217e-06 7.56796e-06 6.56421e-06 5.68528e-06 4.91701e-06 4.24662e-06 3.66262e-06 3.15472e-06 2.71369e-06 2.33132e-06 2.00032e-06 1.7142e-06 1.46723e-06 1.25437e-06 1.07114e-06 9.13637e-07 7.78424e-07 6.62497e-07 5.63229e-07 4.7833e-07 4.05808e-07 3.43931e-07 2.91198e-07 2.46309e-07 2.08138e-07 1.75716e-07 1.48206e-07 1.24889e-07 1.05145e-07 8.8444e-08 7.4331e-08 6.24163e-08 5.23673e-08 4.38996e-08 3.6771e-08 3.07752e-08 2.57366e-08
2.37587e-06 6.67838e-06 1.34959e-05 2.31015e-05 3.56067e-05 5.09601e-05 6.8959e-05 8.92692e-05 0.000111451 0.00013499 0.000159324 0.000183875 0.000208073 0.000231382 0.000253313 0.000273444 0.000291423 0.000306977 0.000319912 0.00033011 0.000337528 0.000342185 0.000344163 0.000343589 0.000340632 0.000335493 0.000328394 0.000319571 0.000309269 0.000297731 0.000285197 0.000271895 0.000258042 0.000243837 0.000229462 0.000215082 0.000200838 0.000186856 0.00017324 0.000160076 0.000147433 0.000135366 0.000123913 0.000113099 0.00010294 9.34391e-05 8.45927e-05 7.63893e-05 6.88118e-05 6.18381e-05 5.54425e-05 4.95968e-05 4.42707e-05 3.94328e-05 3.50513e-05 3.10941e-05 2.75299e-05 2.4328e-05 2.14587e-05 1.88937e-05 1.66061e-05 1.45704e-05 1.27629e-05 1.11614e-05 9.74528e-06 8.49558e-06 7.39488e-06 6.42721e-06 5.57805e-06 4.83419e-06 4.1837e-06 3.6158e-06 3.12083e-06 2.6901e-06 2.31585e-06 1.99116e-06 1.7099e-06 1.4666e-06 1.25643e-06 1.07513e-06 9.18948e-07 7.84578e-07 6.69123e-07 5.70045e-07 4.85125e-07 4.12427e-07 3.50267e-07 2.97178e-07 2.51888e-07 2.13294e-07 1.80441e-07 1.52506e-07 1.28778e-07 1.08643e-07 9.15748e-08 7.71206e-08 6.48919e-08 5.45561e-08 4.58282e-08 3.8465e-08 3.22588e-08
1.75528e-06 5.05938e-06 1.04159e-05 1.81087e-05 2.8295e-05 4.09981e-05 5.6111e-05 7.34074e-05 9.25605e-05 0.000113164 0.000134759 0.000156854 0.000178951 0.000200566 0.000221246 0.000240584 0.000258228 0.000273891 0.00028735 0.000298451 0.000307104 0.000313281 0.000317009 0.000318364 0.000317464 0.00031446 0.000309529 0.000302869 0.000294687 0.000285197 0.000274614 0.000263148 0.000251 0.000238361 0.000225407 0.000212299 0.000199183 0.000186184 0.000173415 0.000160969 0.000148925 0.000137344 0.000126276 0.000115756 0.00010581 9.64522e-05 8.76869e-05 7.95121e-05 7.19188e-05 6.48927e-05 5.84152e-05 5.24639e-05 4.70144e-05 4.20401e-05 3.75132e-05 3.34054e-05 2.96884e-05 2.6334e-05 2.33146e-05 2.06036e-05 1.81751e-05 1.6005e-05 1.40699e-05 1.23483e-05 1.08197e-05 9.46537e-06 8.2677e-06 7.21064e-06 6.27942e-06 5.46054e-06 4.74172e-06 4.11181e-06 3.56075e-06 3.07943e-06 2.65971e-06 2.29426e-06 1.97655e-06 1.70075e-06 1.46168e-06 1.25473e-06 1.07583e-06 9.21392e-07 7.88245e-07 6.73601e-07 5.75012e-07 4.90335e-07 4.17694e-07 3.55452e-07 3.02183e-07 2.56643e-07 2.17756e-07 1.84585e-07 1.56321e-07 1.32263e-07 1.11806e-07 9.44291e-08 7.9683e-08 6.71815e-08 5.65933e-08 4.7634e-08 4.00601e-08
1.2968e-06 3.83051e-06 8.03076e-06 1.41764e-05 2.24495e-05 3.29246e-05 4.55658e-05 6.02325e-05 7.66907e-05 9.46291e-05 0.000113678 0.000133427 0.00015345 0.000173317 0.000192616 0.000210965 0.000228023 0.000243498 0.000257152 0.000268804 0.000278333 0.00028567 0.0002908 0.000293753 0.000294601 0.000293452 0.000290442 0.000285728 0.000279485 0.000271895 0.000263148 0.000253432 0.000242932 0.000231827 0.000220283 0.000208458 0.000196493 0.000184517 0.000172645 0.000160974 0.000149589 0.00013856 0.000127945 0.000117788 0.000108122 9.89709e-05 9.03481e-05 8.22597e-05 7.47046e-05 6.76758e-05 6.11613e-05 5.51455e-05 4.9609e-05 4.45304e-05 3.98864e-05 3.56526e-05 3.18038e-05 2.83147e-05 2.516e-05 2.23151e-05 1.97559e-05 1.74591e-05 1.54026e-05 1.35653e-05 1.19275e-05 1.04705e-05 9.17699e-06 8.03088e-06 7.01733e-06 6.12265e-06 5.33434e-06 4.64097e-06 4.03214e-06 3.49845e-06 3.03137e-06 2.62324e-06 2.26716e-06 1.95698e-06 1.68717e-06 1.45281e-06 1.24953e-06 1.07345e-06 9.21138e-07 7.89558e-07 6.76033e-07 5.7821e-07 4.9402e-07 4.2165e-07 3.59516e-07 3.06231e-07 2.60586e-07 2.21531e-07 1.88149e-07 1.59648e-07 1.3534e-07 1.14628e-07 9.7e-08 8.20105e-08 6.92774e-08 5.84715e-08 4.93097e-08
9.58069e-07 2.89842e-06 6.18588e-06 1.10841e-05 1.77851e-05 2.63958e-05 3.69321e-05 4.93195e-05 6.33994e-05 7.894e-05 9.565e-05 0.000113195 0.000131212 0.000149329 0.000167178 0.000184405 0.000200688 0.00021574 0.000229319 0.000241228 0.000251321 0.0002595 0.000265715 0.000269959 0.000272266 0.000272703 0.000271368 0.000268384 0.00026389 0.000258042 0.000251 0.000242932 0.000234005 0.000224382 0.000214219 0.000203666 0.000192859 0.000181927 0.000170984 0.00016013 0.000149454 0.000139032 0.000128927 0.000119191 0.000109865 0.00010098 9.25565e-05 8.46091e-05 7.71438e-05 7.01604e-05 6.36538e-05 5.7614e-05 5.20275e-05 4.68778e-05 4.21462e-05 3.78122e-05 3.38542e-05 3.02499e-05 2.69766e-05 2.40119e-05 2.13334e-05 1.89195e-05 1.67491e-05 1.48023e-05 1.30597e-05 1.15034e-05 1.01163e-05 8.88254e-06 7.78729e-06 6.81685e-06 5.9586e-06 5.20092e-06 4.53321e-06 3.94579e-06 3.42985e-06 2.97744e-06 2.58136e-06 2.23512e-06 1.93292e-06 1.66954e-06 1.44032e-06 1.2411e-06 1.06821e-06 9.18364e-07 7.88658e-07 6.76531e-07 5.79723e-07 4.96244e-07 4.24346e-07 3.62494e-07 3.09348e-07 2.63734e-07 2.24628e-07 1.91139e-07 1.62489e-07 1.38007e-07 1.17107e-07 9.92831e-08 8.40982e-08 7.1174e-08 6.01846e-08
