0.462356 0.136856 0.0405089 0.0119905 0.00354915 0.00105054 0.000310956 9.2042e-05 2.72441e-05 8.06418e-06 2.38697e-06 7.06536e-07 2.09132e-07 6.19026e-08 1.8323e-08 5.42354e-09 1.60535e-09 4.75179e-10 1.40651e-10 4.16324e-11 1.23231e-11 3.64758e-12 1.07967e-12 3.1958e-13 9.45947e-14 2.79997e-14 8.28783e-15 2.45317e-15 7.26131e-16 2.14933e-16 6.36194e-17 1.88311e-17 5.57396e-18 1.64987e-18 4.88357e-19 1.44552e-19 4.2787e-20 1.26648e-20 3.74875e-21 1.10962e-21 3.28443e-22 9.72182e-23 2.87763e-23 8.51769e-24 2.52121e-24 7.4627e-25 2.20894e-25 6.53838e-26 1.93534e-26 5.72854e-27 1.69563e-27 5.01901e-28 1.48561e-28 4.39737e-29 1.30161e-29 3.85272e-30 1.14039e-30 3.37552e-31 9.99144e-32 2.95744e-32 8.75392e-33 2.59113e-33 7.66967e-34 2.2702e-34 6.71971e-35 1.98901e-35 5.88742e-36 1.74266e-36 5.15821e-37 1.52681e-37 4.51932e-38 1.33771e-38 3.95957e-39 1.17202e-39 3.46914e-40 1.02685e-40 3.03946e-41 8.9967e-42 2.66299e-42 7.88238e-43 2.33316e-43 6.90608e-44 2.04418e-44 6.0507e-45 1.79099e-45 5.30127e-46 1.56916e-46 4.64466e-47 1.37481e-47 4.06938e-48 1.20452e-48 3.56535e-49 1.05533e-49 3.12375e-50 9.24621e-51 2.73685e-51 8.10099e-52 2.39787e-52 7.09761e-53 2.10087e-53 6.21851e-54
0.136856 0.055889 0.0210954 0.0075917 0.00264598 0.000901263 0.000301717 9.96511e-05 3.25582e-05 1.05434e-05 3.38906e-06 1.08255e-06 3.43935e-07 1.0876e-07 3.42519e-08 1.0748e-08 3.36178e-09 1.04848e-09 3.26152e-10 1.01219e-10 3.13453e-11 9.68804e-12 2.98897e-12 9.2064e-13 2.83137e-13 8.69544e-14 2.66696e-14 8.16982e-15 2.49984e-15 7.641e-16 2.33321e-16 7.11786e-17 2.1695e-17 6.60708e-18 2.01056e-18 6.11364e-19 1.8577e-19 5.64107e-20 1.71187e-20 5.19178e-21 1.57366e-21 4.76724e-22 1.44343e-22 4.36822e-23 1.32131e-23 3.99492e-24 1.20731e-24 3.64707e-25 1.10127e-25 3.32411e-26 1.00298e-26 3.0252e-27 9.12144e-28 2.74934e-28 8.28423e-29 2.4954e-29 7.51447e-30 2.2622e-30 6.80831e-31 2.04848e-31 6.1618e-32 1.85299e-32 5.571e-33 1.67451e-33 5.03201e-34 1.51181e-34 4.54108e-35 1.36373e-35 4.09457e-36 1.22914e-36 3.689e-37 1.10697e-37 3.32108e-38 9.96201e-39 2.98771e-39 8.95893e-40 2.68597e-40 8.0515e-41 2.41315e-41 7.23142e-42 2.1667e-42 6.49097e-43 1.94428e-43 5.82301e-44 1.74372e-44 5.22093e-45 1.56301e-45 4.67867e-46 1.40032e-46 4.19064e-47 1.25395e-47 3.75173e-48 1.12236e-48 3.35726e-49 1.00413e-49 3.00295e-50 8.97967e-51 2.6849e-51 8.02699e-52 2.39957e-52 7.17255e-53
0.0405089 0.0210954 0.00945083 0.00389801 0.0015244 0.00057418 0.000210279 7.53403e-05 2.65216e-05 9.20161e-06 3.15377e-06 1.06974e-06 3.59609e-07 1.19943e-07 3.97302e-08 1.30798e-08 4.28251e-09 1.39524e-09 4.52544e-10 1.46186e-10 4.70475e-11 1.50899e-11 4.82476e-12 1.53817e-12 4.89065e-13 1.55112e-13 4.90807e-14 1.54965e-14 4.88284e-15 1.53561e-15 4.8207e-16 1.51079e-16 4.7272e-17 1.47689e-17 4.60758e-18 1.43552e-18 4.46669e-19 1.38814e-19 4.30896e-20 1.33607e-20 4.13837e-21 1.28052e-21 3.95846e-22 1.22254e-22 3.77238e-23 1.16305e-23 3.58282e-24 1.10284e-24 3.39213e-25 1.0426e-25 3.20227e-26 9.82896e-27 3.01492e-27 9.24211e-28 2.83142e-28 8.6693e-29 2.65289e-29 8.11366e-30 2.48019e-30 7.57761e-31 2.314e-31 7.06296e-32 2.15481e-32 6.57103e-33 2.00294e-33 6.10265e-34 1.85861e-34 5.65829e-35 1.72192e-35 5.2381e-36 1.59285e-36 4.84195e-37 1.47134e-37 4.4695e-38 1.35725e-38 4.12022e-39 1.25039e-39 3.79344e-40 1.15052e-40 3.48838e-41 1.05738e-41 3.20419e-42 9.70702e-43 2.93994e-43 8.90178e-44 2.69467e-44 8.15502e-45 2.4674e-45 7.46363e-46 2.25715e-46 6.82449e-47 2.06293e-47 6.2345e-48 1.88377e-48 5.69065e-49 1.71873e-49 5.18996e-50 1.56688e-50 4.72959e-51 1.42734e-51 4.30678e-52
0.0119905 0.0075917 0.00389801 0.00179395 0.000770365 0.000315131 0.000124313 4.76683e-05 1.78653e-05 6.57028e-06 2.37819e-06 8.49171e-07 2.99655e-07 1.04655e-07 3.62187e-08 1.24329e-08 4.23683e-09 1.43432e-09 4.82676e-10 1.61546e-10 5.37978e-11 1.78335e-11 5.88665e-12 1.9355e-12 6.34065e-13 2.07013e-13 6.73729e-14 2.18616e-14 7.07403e-15 2.28305e-15 7.35006e-16 2.36078e-16 7.56597e-17 2.41974e-17 7.7235e-18 2.46062e-18 7.82529e-19 2.48438e-19 7.87469e-20 2.49217e-20 7.87553e-21 2.48525e-21 7.83198e-22 2.46497e-22 7.7484e-23 2.43273e-23 7.62921e-24 2.38994e-24 7.47881e-25 2.33795e-25 7.30147e-26 2.2781e-26 7.10133e-27 2.21167e-27 6.88227e-28 2.13985e-28 6.64798e-29 2.06376e-29 6.40182e-30 1.98442e-30 6.14691e-31 1.90276e-31 5.88606e-32 1.81964e-32 5.62182e-33 1.73582e-33 5.35644e-34 1.65196e-34 5.0919e-35 1.56865e-35 4.82994e-36 1.4864e-36 4.57204e-37 1.40564e-37 4.31947e-38 1.32674e-38 4.07329e-39 1.25001e-39 3.83436e-40 1.17568e-40 3.60338e-41 1.10396e-41 3.38088e-42 1.03499e-42 3.16725e-43 9.68878e-44 2.96278e-44 9.05686e-45 2.76762e-45 8.45453e-46 2.58184e-46 7.88189e-47 2.40543e-47 7.33876e-48 2.23831e-48 6.82478e-49 2.08032e-49 6.33941e-50 1.93128e-50 5.88197e-51 1.79095e-51
0.00354915 0.00264598 0.0015244 0.000770365 0.000358551 0.000157539 6.63002e-05 2.69779e-05 1.06827e-05 4.13586e-06 1.57105e-06 5.87124e-07 2.16332e-07 7.8725e-08 2.8335e-08 1.00987e-08 3.56755e-09 1.25027e-09 4.34992e-10 1.5034e-10 5.16442e-11 1.76413e-11 5.99496e-12 2.02746e-12 6.82609e-13 2.28864e-13 7.64342e-14 2.54336e-14 8.43398e-15 2.78774e-15 9.18638e-16 3.01845e-16 9.89096e-17 3.23272e-17 1.05398e-17 3.42831e-18 1.11266e-18 3.60351e-19 1.16469e-19 3.75714e-20 1.20977e-20 3.88846e-21 1.24773e-21 3.99719e-22 1.27854e-22 4.08339e-23 1.30227e-23 4.14746e-24 1.31911e-24 4.19009e-25 1.32931e-25 4.21219e-26 1.33318e-26 4.21486e-27 1.3311e-27 4.19934e-28 1.32347e-28 4.16698e-29 1.31074e-29 4.1192e-30 1.29336e-30 4.05745e-31 1.2718e-31 3.9832e-32 1.24652e-32 3.89792e-33 1.21798e-33 3.80304e-34 1.18662e-34 3.69994e-35 1.15288e-35 3.58995e-36 1.11716e-36 3.47434e-37 1.07985e-37 3.35428e-38 1.04132e-38 3.23088e-39 1.00189e-39 3.10517e-40 9.61881e-41 2.97806e-41 9.21571e-42 2.85043e-42 8.81216e-43 2.72302e-43 8.41044e-44 2.59652e-44 8.01258e-45 2.47153e-45 7.62038e-46 2.34859e-46 7.23537e-47 2.22814e-47 6.85889e-48 2.11057e-48 6.49207e-49 1.99621e-49 6.13583e-50 1.88533e-50 5.79094e-51
0.00105054 0.000901263 0.00057418 0.000315131 0.000157539 7.37749e-05 3.28996e-05 1.41202e-05 5.87535e-06 2.38269e-06 9.45511e-07 3.68269e-07 1.4113e-07 5.33189e-08 1.98907e-08 7.33677e-09 2.67878e-09 9.69093e-10 3.47653e-10 1.23763e-10 4.37491e-11 1.53645e-11 5.36355e-12 1.86189e-12 6.42972e-13 2.20962e-13 7.55895e-14 2.57484e-14 8.73557e-15 2.95248e-15 9.94327e-16 3.33735e-16 1.11656e-16 3.7243e-17 1.23866e-17 4.10833e-18 1.35907e-18 4.48471e-19 1.47635e-19 4.84906e-20 1.5892e-20 5.19744e-21 1.69641e-21 5.52635e-22 1.79698e-22 5.8328e-23 1.89003e-23 6.11428e-24 1.97485e-24 6.36881e-25 2.05089e-25 6.5949e-26 2.11776e-26 6.7915e-27 2.17519e-27 6.95804e-28 2.22307e-28 7.09433e-29 2.2614e-29 7.20056e-30 2.2903e-30 7.27727e-31 2.30998e-31 7.32526e-32 2.32074e-32 7.3456e-33 2.32294e-33 7.33956e-34 2.31703e-34 7.30859e-35 2.30348e-35 7.25425e-36 2.2828e-36 7.17824e-37 2.25554e-37 7.08229e-38 2.22226e-38 6.9682e-39 2.18352e-39 6.83776e-40 2.13991e-40 6.69277e-41 2.09197e-41 6.535e-42 2.04026e-42 6.36617e-43 1.98532e-43 6.18794e-44 1.92766e-44 6.0019e-45 1.86778e-45 5.80957e-46 1.80614e-46 5.61239e-47 1.74317e-47 5.41168e-48 1.6793e-48 5.20869e-49 1.61488e-49 5.00457e-50 1.55028e-50
0.000310956 0.000301717 0.000210279 0.000124313 6.63002e-05 3.28996e-05 1.54668e-05 6.96957e-06 3.03463e-06 1.28419e-06 5.30486e-07 2.14641e-07 8.52918e-08 3.3358e-08 1.28636e-08 4.89819e-09 1.84401e-09 6.8708e-10 2.53608e-10 9.28058e-11 3.36934e-11 1.21432e-11 4.3469e-12 1.54628e-12 5.46818e-13 1.92315e-13 6.72898e-14 2.34308e-14 8.12172e-15 2.80316e-15 9.63577e-16 3.29959e-16 1.12579e-16 3.82782e-17 1.29725e-17 4.38266e-18 1.47625e-18 4.95846e-19 1.66094e-19 5.54926e-20 1.84942e-20 6.14892e-21 2.03972e-21 6.75129e-22 2.22991e-22 7.35029e-23 2.4181e-23 7.94008e-24 2.60248e-24 8.51509e-25 2.78135e-25 9.07014e-26 2.95315e-26 9.60052e-27 3.11646e-27 1.0102e-27 3.27001e-28 1.05708e-28 3.41271e-29 1.10038e-29 3.54367e-30 1.13984e-30 3.66213e-31 1.17526e-31 3.76754e-32 1.20648e-32 3.85948e-33 1.23339e-33 3.93774e-34 1.25596e-34 4.00221e-35 1.27417e-35 4.05294e-36 1.28806e-36 4.09013e-37 1.29771e-37 4.11405e-38 1.30322e-38 4.1251e-39 1.30474e-39 4.12376e-40 1.30242e-40 4.11059e-41 1.29646e-41 4.08622e-42 1.28706e-42 4.0513e-43 1.27443e-43 4.00655e-44 1.25881e-44 3.9527e-45 1.24044e-45 3.89051e-46 1.21954e-46 3.82075e-47 1.19637e-47 3.74417e-48 1.17117e-48 3.66154e-49 1.14417e-49 3.57359e-50
9.2042e-05 9.96511e-05 7.53403e-05 4.76683e-05 2.69779e-05 1.41202e-05 6.96957e-06 3.28533e-06 1.4919e-06 6.56781e-07 2.81632e-07 1.18064e-07 4.8527e-08 1.96021e-08 7.79676e-09 3.05854e-09 1.18492e-09 4.53886e-10 1.72074e-10 6.46201e-11 2.40565e-11 8.8838e-12 3.25627e-12 1.18529e-12 4.28658e-13 1.54087e-13 5.50746e-14 1.95802e-14 6.92622e-15 2.43845e-15 8.54641e-16 2.98268e-16 1.03676e-16 3.58995e-17 1.23855e-17 4.25829e-18 1.45921e-18 4.98457e-19 1.69756e-19 5.76458e-20 1.95212e-20 6.59313e-21 2.2211e-21 7.46418e-22 2.50249e-22 8.37102e-23 2.79406e-23 9.30634e-24 3.09343e-24 1.02625e-24 3.39814e-25 1.12315e-25 3.70565e-26 1.22053e-26 4.01341e-27 1.31759e-27 4.31891e-28 1.41355e-28 4.61971e-29 1.50765e-29 4.91346e-30 1.59916e-30 5.19795e-31 1.68741e-31 5.47113e-32 1.77179e-32 5.73111e-33 1.85171e-33 5.97622e-34 1.92669e-34 6.20497e-35 1.99629e-35 6.4161e-36 2.06013e-36 6.60853e-37 2.11793e-37 6.78144e-38 2.16944e-38 6.93419e-39 2.2145e-39 7.06636e-40 2.25301e-40 7.1777e-41 2.28491e-41 7.26816e-42 2.31023e-42 7.33789e-43 2.32903e-43 7.38714e-44 2.34142e-44 7.41636e-45 2.34756e-45 7.42611e-46 2.34764e-46 7.41705e-47 2.34189e-47 7.38996e-48 2.33058e-48 7.34571e-49 2.31397e-49 7.28521e-50
2.72441e-05 3.25582e-05 2.65216e-05 1.78653e-05 1.06827e-05 5.87535e-06 3.03463e-06 1.4919e-06 7.04637e-07 3.21892e-07 1.42946e-07 6.19513e-08 2.62845e-08 1.09449e-08 4.4821e-09 1.80826e-09 7.19742e-10 2.8299e-10 1.10029e-10 4.23435e-11 1.61421e-11 6.10014e-12 2.28664e-12 8.50702e-13 3.14267e-13 1.15334e-13 4.20658e-14 1.52537e-14 5.50103e-15 1.97363e-15 7.04629e-16 2.50405e-16 8.85963e-17 3.12156e-17 1.09547e-17 3.82984e-18 1.33411e-18 4.63126e-19 1.6024e-19 5.52675e-20 1.90042e-20 6.51576e-21 2.22775e-21 7.59629e-22 2.58353e-22 8.76488e-23 2.96645e-23 1.00167e-23 3.37476e-24 1.13456e-24 3.80634e-25 1.27442e-25 4.25869e-26 1.42043e-26 4.72904e-27 1.57166e-27 5.21434e-28 1.7271e-28 5.71134e-29 1.88572e-29 6.21664e-30 2.04641e-30 6.72674e-31 2.20806e-31 7.23812e-32 2.36955e-32 7.74723e-33 2.52977e-33 8.2506e-34 2.68764e-34 8.74484e-35 2.8421e-35 9.22671e-36 2.99216e-36 9.69313e-37 3.13686e-37 1.01412e-37 3.27535e-38 1.05684e-38 3.40682e-39 1.09721e-39 3.53054e-40 1.13504e-40 3.6459e-41 1.17013e-41 3.75234e-42 1.20232e-42 3.8494e-43 1.23149e-43 3.93673e-44 1.25753e-44 4.01403e-45 1.28036e-45 4.08112e-46 1.29995e-46 4.13789e-47 1.31626e-47 4.1843e-48 1.3293e-48 4.22039e-49 1.3391e-49
8.06418e-06 1.05434e-05 9.20161e-06 6.57028e-06 4.13586e-06 2.38269e-06 1.28419e-06 6.56781e-07 3.21892e-07 1.52261e-07 6.98856e-08 3.12543e-08 1.36643e-08 5.85569e-09 2.46511e-09 1.0213e-09 4.17066e-10 1.68097e-10 6.6944e-11 2.63687e-11 1.02817e-11 3.97167e-12 1.5209e-12 5.77709e-13 2.17787e-13 8.15225e-14 3.03134e-14 1.12015e-14 4.11486e-15 1.50319e-15 5.46243e-16 1.97509e-16 7.10769e-17 2.54631e-17 9.083e-18 3.22678e-18 1.14186e-18 4.02562e-19 1.41417e-19 4.95091e-20 1.72759e-20 6.0094e-21 2.08404e-21 7.20641e-22 2.48494e-22 8.54558e-23 2.93116e-23 1.00288e-23 3.42301e-24 1.16561e-24 3.9602e-25 1.34256e-25 4.54185e-26 1.53336e-26 5.16648e-27 1.73745e-27 5.83203e-28 1.95408e-28 6.53589e-29 2.18236e-29 7.27495e-30 2.42122e-30 8.04562e-31 2.66946e-31 8.84392e-32 2.92576e-32 9.66549e-33 3.1887e-33 1.05057e-33 3.45677e-34 1.13597e-34 3.7284e-35 1.22223e-35 4.00198e-36 1.30886e-36 4.27588e-37 1.39534e-37 4.54848e-38 1.48114e-38 4.81816e-39 1.56577e-39 5.08334e-40 1.64874e-40 5.3425e-41 1.72956e-41 5.59417e-42 1.8078e-42 5.837e-43 1.88304e-43 6.06968e-44 1.95487e-44 6.29104e-45 2.02295e-45 6.5e-46 2.08695e-46 6.6956e-47 2.1466e-47 6.87701e-48 2.20163e-48 7.04351e-49 2.25185e-49
2.38697e-06 3.38906e-06 3.15377e-06 2.37819e-06 1.57105e-06 9.45511e-07 5.30486e-07 2.81632e-07 1.42946e-07 6.98856e-08 3.30965e-08 1.52494e-08 6.85971e-09 3.02107e-09 1.30564e-09 5.5479e-10 2.32159e-10 9.58072e-11 3.90379e-11 1.57218e-11 6.26383e-12 2.47087e-12 9.65693e-13 3.74182e-13 1.43823e-13 5.48649e-14 2.07818e-14 7.81943e-15 2.92372e-15 1.08671e-15 4.01652e-16 1.47662e-16 5.40114e-17 1.96612e-17 7.12429e-18 2.57023e-18 9.23393e-19 3.30419e-19 1.17783e-19 4.1832e-20 1.4805e-20 5.22205e-21 1.83597e-21 6.43483e-22 2.24856e-22 7.83458e-23 2.72218e-23 9.43298e-24 3.26027e-24 1.12401e-24 3.86573e-25 1.3264e-25 4.54082e-26 1.55109e-26 5.28707e-27 1.79844e-27 6.10529e-28 2.06858e-28 6.99551e-29 2.3614e-29 7.95692e-30 2.67651e-30 8.98794e-31 3.01328e-31 1.00861e-31 3.37082e-32 1.12483e-32 3.74801e-33 1.24706e-33 4.14347e-34 1.37482e-34 4.55563e-35 1.50759e-35 4.98273e-36 1.64479e-36 5.4228e-37 1.78576e-37 5.87376e-38 1.92982e-38 6.33337e-39 2.07626e-39 6.79932e-40 2.22432e-40 7.26921e-41 2.37325e-41 7.74058e-42 2.52225e-42 8.21099e-43 2.67056e-43 8.67796e-44 2.8174e-44 9.13909e-45 2.96201e-45 9.59198e-46 3.10366e-46 1.00344e-46 3.24162e-47 1.0464e-47 3.37523e-48 1.08788e-48 3.50383e-49
7.06536e-07 1.08255e-06 1.06974e-06 8.49171e-07 5.87124e-07 3.68269e-07 2.14641e-07 1.18064e-07 6.19513e-08 3.12543e-08 1.52494e-08 7.22877e-09 3.34135e-09 1.51044e-09 6.69355e-10 2.91382e-10 1.24814e-10 5.26855e-11 2.19428e-11 9.02689e-12 3.67154e-12 1.4777e-12 5.88945e-13 2.32598e-13 9.10827e-14 3.53833e-14 1.36428e-14 5.22328e-15 1.9865e-15 7.5076e-16 2.82048e-16 1.05363e-16 3.9149e-17 1.44722e-17 5.32391e-18 1.94944e-18 7.10658e-19 2.5797e-19 9.32635e-20 3.35864e-20 1.20501e-20 4.30787e-21 1.53474e-21 5.44964e-22 1.92891e-22 6.80645e-23 2.39464e-23 8.4007e-24 2.93893e-24 1.02542e-24 3.56858e-25 1.2388e-25 4.28998e-26 1.48215e-26 5.10905e-27 1.75725e-27 6.0311e-28 2.06566e-28 7.06068e-29 2.4087e-29 8.2015e-30 2.7874e-30 9.45636e-31 3.20248e-31 1.0827e-31 3.65434e-32 1.23142e-32 4.14302e-33 1.39174e-33 4.6682e-34 1.56352e-34 5.22922e-35 1.74648e-35 5.82502e-36 1.94023e-36 6.45422e-37 2.14428e-37 7.11507e-38 2.35802e-38 7.80549e-39 2.58075e-39 8.52308e-40 2.81166e-40 9.26518e-41 3.04986e-41 1.00288e-41 3.29438e-42 1.08109e-42 3.5442e-43 1.16079e-43 3.79821e-44 1.24165e-44 4.05528e-45 1.32329e-45 4.31424e-46 1.40533e-46 4.57389e-47 1.48741e-47 4.83302e-48 1.56913e-48 5.09044e-49
2.09132e-07 3.43935e-07 3.59609e-07 2.99655e-07 2.16332e-07 1.4113e-07 8.52918e-08 4.8527e-08 2.62845e-08 1.36643e-08 6.85971e-09 3.34135e-09 1.58518e-09 7.34691e-10 3.33502e-10 1.48585e-10 6.50887e-11 2.80772e-11 1.19423e-11 5.01425e-12 2.08036e-12 8.53627e-13 3.46685e-13 1.39457e-13 5.55974e-14 2.19797e-14 8.6211e-15 3.35641e-15 1.2976e-15 4.98344e-16 1.9019e-16 7.21537e-17 2.72188e-17 1.02127e-17 3.81222e-18 1.41608e-18 5.23558e-19 1.92706e-19 7.06255e-20 2.57776e-20 9.37148e-21 3.39413e-21 1.2248e-21 4.40432e-22 1.57843e-22 5.63845e-23 2.00784e-23 7.12825e-24 2.52328e-24 8.90676e-25 3.13535e-25 1.10078e-25 3.85482e-26 1.34657e-26 4.69253e-27 1.63144e-27 5.65914e-28 1.95873e-28 6.76504e-29 2.33165e-29 8.02013e-30 2.75325e-30 9.43364e-31 3.2263e-31 1.1014e-31 3.75334e-32 1.27686e-32 4.33652e-33 1.47038e-33 4.97764e-34 1.68245e-34 5.67806e-35 1.91343e-35 6.43869e-36 2.16355e-36 7.25996e-37 2.43284e-37 8.14177e-38 2.72121e-38 9.08351e-39 3.02836e-39 1.0084e-39 3.35386e-40 1.11417e-40 3.69709e-41 1.22542e-41 4.05727e-42 1.34189e-42 4.43345e-43 1.46325e-43 4.82456e-44 1.58915e-44 5.22935e-45 1.71916e-45 5.64645e-46 1.85283e-46 6.07439e-47 1.98968e-47 6.51155e-48 2.12918e-48 6.95625e-49
6.19026e-08 1.0876e-07 1.19943e-07 1.04655e-07 7.8725e-08 5.33189e-08 3.3358e-08 1.96021e-08 1.09449e-08 5.85569e-09 3.02107e-09 1.51044e-09 7.34691e-10 3.48779e-10 1.62023e-10 7.38132e-11 3.3039e-11 1.45527e-11 6.31646e-12 2.70479e-12 1.14387e-12 4.78186e-13 1.97765e-13 8.09745e-14 3.28455e-14 1.32064e-14 5.26628e-15 2.08374e-15 8.18448e-16 3.19242e-16 1.23706e-16 4.7637e-17 1.82356e-17 6.94126e-18 2.62795e-18 9.89827e-19 3.70994e-19 1.38398e-19 5.13969e-20 1.90049e-20 6.99834e-21 2.5668e-21 9.37833e-22 3.41395e-22 1.23836e-22 4.47659e-23 1.61292e-23 5.7929e-24 2.07415e-24 7.40439e-25 2.63565e-25 9.35569e-26 3.312e-26 1.16941e-26 4.11855e-27 1.44694e-27 5.07131e-28 1.7733e-28 6.18678e-29 2.15375e-29 7.48173e-30 2.59363e-30 8.97302e-31 3.09825e-31 1.06773e-31 3.67283e-32 1.2611e-32 4.32245e-33 1.47897e-33 5.05193e-34 1.72282e-34 5.86579e-35 1.99403e-35 6.76815e-36 2.29381e-36 7.76267e-37 2.62326e-37 8.85248e-38 2.98327e-38 1.00401e-38 3.37455e-39 1.13275e-39 3.79757e-40 1.27158e-40 4.25262e-41 1.42055e-41 4.7397e-42 1.57962e-42 5.25861e-43 1.74869e-43 5.80887e-44 1.92758e-44 6.38974e-45 2.116e-45 7.00026e-46 2.31361e-46 7.6392e-47 2.51998e-47 8.30507e-48 2.73461e-48 8.99618e-49
1.8323e-08 3.42519e-08 3.97302e-08 3.62187e-08 2.8335e-08 1.98907e-08 1.28636e-08 7.79676e-09 4.4821e-09 2.46511e-09 1.30564e-09 6.69355e-10 3.33502e-10 1.62023e-10 7.69606e-11 3.58227e-11 1.63712e-11 7.3577e-12 3.25658e-12 1.42125e-12 6.12263e-13 2.60601e-13 1.09686e-13 4.56864e-14 1.88443e-14 7.70176e-15 3.12074e-15 1.25429e-15 5.00274e-16 1.98092e-16 7.79004e-17 3.04353e-17 1.18174e-17 4.56141e-18 1.75077e-18 6.68382e-19 2.53855e-19 9.59425e-20 3.60901e-20 1.35146e-20 5.03885e-21 1.87089e-21 6.9187e-22 2.54872e-22 9.35418e-23 3.42082e-23 1.24667e-23 4.52818e-24 1.63943e-24 5.91704e-25 2.12914e-25 7.63899e-26 2.73298e-26 9.75092e-27 3.46975e-27 1.23148e-27 4.35984e-28 1.53977e-28 5.42515e-29 1.90708e-29 6.68892e-30 2.34098e-30 8.17559e-31 2.84934e-31 9.91054e-32 3.44033e-32 1.19199e-32 4.12229e-33 1.42303e-33 4.90367e-34 1.68685e-34 5.79294e-35 1.98612e-35 6.79845e-36 2.32344e-36 7.92834e-37 2.70135e-37 9.19048e-38 3.12226e-38 1.05923e-38 3.58845e-39 1.21406e-39 4.102e-40 1.38417e-40 4.66475e-41 1.5701e-41 5.27833e-42 1.77233e-42 5.94406e-43 1.99123e-43 6.66298e-44 2.22707e-44 7.43577e-45 2.48001e-45 8.26278e-46 2.75012e-46 9.14401e-47 3.03732e-47 1.0079e-47 3.34142e-48 1.10671e-48
5.42354e-09 1.0748e-08 1.30798e-08 1.24329e-08 1.00987e-08 7.33677e-09 4.89819e-09 3.05854e-09 1.80826e-09 1.0213e-09 5.5479e-10 2.91382e-10 1.48585e-10 7.38132e-11 3.58227e-11 1.70241e-11 7.93793e-12 3.6377e-12 1.6408e-12 7.29363e-13 3.19873e-13 1.38542e-13 5.93112e-14 2.51176e-14 1.05295e-14 4.37223e-15 1.79931e-15 7.34245e-16 2.97244e-16 1.19428e-16 4.76425e-17 1.88769e-17 7.43128e-18 2.90753e-18 1.13093e-18 4.37438e-19 1.68294e-19 6.44164e-20 2.45352e-20 9.30113e-21 3.51008e-21 1.31889e-21 4.93497e-22 1.83912e-22 6.82733e-23 2.52503e-23 9.30492e-24 3.41699e-24 1.25058e-24 4.56208e-25 1.65899e-25 6.01451e-26 2.17406e-26 7.83602e-27 2.81651e-27 1.00962e-27 3.60962e-28 1.28725e-28 4.57919e-29 1.62506e-29 5.75354e-30 2.03241e-30 7.16352e-31 2.51944e-31 8.84234e-32 3.097e-32 1.08255e-32 3.77665e-33 1.31505e-33 4.57056e-34 1.58566e-34 5.4914e-35 1.89848e-35 6.55231e-36 2.2577e-36 7.76672e-37 2.66761e-37 9.14823e-38 3.13253e-38 1.07105e-38 3.65677e-39 1.24672e-39 4.2446e-40 1.44315e-40 4.90016e-41 1.66165e-41 5.62746e-42 1.90344e-42 6.43029e-43 2.16969e-43 7.3122e-44 2.46147e-44 8.27642e-45 2.77974e-45 9.32583e-46 3.12537e-46 1.04629e-46 3.49905e-47 1.16897e-47 3.90137e-48 1.30077e-48
1.60535e-09 3.36178e-09 4.28251e-09 4.23683e-09 3.56755e-09 2.67878e-09 1.84401e-09 1.18492e-09 7.19742e-10 4.17066e-10 2.32159e-10 1.24814e-10 6.50887e-11 3.3039e-11 1.63712e-11 7.93793e-12 3.77396e-12 1.7624e-12 8.0963e-13 3.66361e-13 1.63482e-13 7.20135e-14 3.1342e-14 1.34883e-14 5.74409e-15 2.42212e-15 1.0119e-15 4.19063e-16 1.72119e-16 7.01419e-17 2.83729e-17 1.13965e-17 4.547e-18 1.80263e-18 7.10303e-19 2.78262e-19 1.08405e-19 4.20078e-20 1.61955e-20 6.21346e-21 2.37262e-21 9.01906e-22 3.41354e-22 1.28656e-22 4.82949e-23 1.80585e-23 6.72715e-24 2.49692e-24 9.23536e-25 3.40432e-25 1.25078e-25 4.58088e-26 1.67256e-26 6.08856e-27 2.20999e-27 7.99917e-28 2.88745e-28 1.03952e-28 3.73275e-29 1.33702e-29 4.77735e-30 1.70297e-30 6.0565e-31 2.14912e-31 7.60932e-32 2.68846e-32 9.47887e-33 3.33523e-33 1.17121e-33 4.10489e-34 1.43598e-34 5.01409e-35 1.74764e-35 6.08062e-36 2.112e-36 7.32334e-37 2.53517e-37 8.76205e-38 3.02356e-38 1.04174e-38 3.5838e-39 1.23107e-39 4.22274e-40 1.4464e-40 4.94737e-41 1.68993e-41 5.76475e-42 1.96391e-42 6.68195e-43 2.27057e-43 7.706e-44 2.61212e-44 8.84381e-45 2.99072e-45 1.01021e-45 3.40842e-46 1.14872e-46 3.86723e-47 1.30053e-47 4.36898e-48 1.46619e-48
4.75179e-10 1.04848e-09 1.39524e-09 1.43432e-09 1.25027e-09 9.69093e-10 6.8708e-10 4.53886e-10 2.8299e-10 1.68097e-10 9.58072e-11 5.26855e-11 2.80772e-11 1.45527e-11 7.3577e-12 3.6377e-12 1.7624e-12 8.3822e-13 3.91973e-13 1.80461e-13 8.18948e-14 3.66712e-14 1.62178e-14 7.0895e-15 3.06562e-15 1.31217e-15 5.56276e-16 2.33701e-16 9.73454e-17 4.02212e-17 1.64915e-17 6.71269e-18 2.71344e-18 1.08962e-18 4.34799e-19 1.72459e-19 6.80115e-20 2.66736e-20 1.0406e-20 4.0391e-21 1.56015e-21 5.99811e-22 2.29564e-22 8.74794e-23 3.31964e-23 1.25465e-23 4.72347e-24 1.77159e-24 6.62044e-25 2.46536e-25 9.14942e-26 3.38434e-26 1.24786e-26 4.58678e-27 1.68091e-27 6.14206e-28 2.23796e-28 8.1319e-29 2.94693e-29 1.06516e-29 3.84026e-30 1.38113e-30 4.95526e-31 1.77371e-31 6.33442e-32 2.25718e-32 8.02573e-33 2.84764e-33 1.0083e-33 3.56302e-34 1.25659e-34 4.42317e-35 1.55403e-35 5.44989e-36 1.90782e-36 6.6669e-37 2.32577e-37 8.09988e-38 2.81629e-38 9.77636e-39 3.38839e-39 1.17257e-39 4.0516e-40 1.39789e-40 4.816e-41 1.65685e-41 5.69209e-42 1.95284e-42 6.69081e-43 2.28938e-43 7.82341e-44 2.67007e-44 9.10138e-45 3.09857e-45 1.05364e-45 3.57858e-46 1.21402e-46 4.11383e-47 1.39245e-47 4.70798e-48 1.59008e-48
1.40651e-10 3.26152e-10 4.52544e-10 4.82676e-10 4.34992e-10 3.47653e-10 2.53608e-10 1.72074e-10 1.10029e-10 6.6944e-11 3.90379e-11 2.19428e-11 1.19423e-11 6.31646e-12 3.25658e-12 1.6408e-12 8.0963e-13 3.91973e-13 1.86488e-13 8.73125e-14 4.02768e-14 1.83254e-14 8.23163e-15 3.65358e-15 1.60355e-15 6.96428e-16 2.99481e-16 1.27587e-16 5.38777e-17 2.25623e-17 9.37379e-18 3.86525e-18 1.58244e-18 6.43446e-19 2.59937e-19 1.04357e-19 4.16474e-20 1.65264e-20 6.52222e-21 2.56056e-21 1.00019e-21 3.88803e-22 1.50435e-22 5.79453e-23 2.22232e-23 8.48751e-24 3.22851e-24 1.2233e-24 4.6177e-25 1.73675e-25 6.509e-26 2.43113e-26 9.05032e-27 3.35834e-27 1.24231e-27 4.58167e-28 1.68477e-28 6.17757e-29 2.25886e-29 8.23735e-30 2.99603e-30 1.08691e-30 3.93332e-31 1.41995e-31 5.11396e-32 1.83756e-32 6.58796e-33 2.35671e-33 8.41265e-34 2.99676e-34 1.06533e-34 3.77963e-35 1.33835e-35 4.73002e-36 1.66858e-36 5.87544e-37 2.06519e-37 7.24639e-38 2.5383e-38 8.87641e-39 3.099e-39 1.08021e-39 3.75938e-40 1.30633e-40 4.53248e-41 1.57027e-41 5.43231e-42 1.87662e-42 6.47384e-43 2.23024e-43 7.67289e-44 2.63628e-44 9.04613e-45 3.10014e-45 1.0611e-45 3.62742e-46 1.23856e-46 4.22396e-47 1.43886e-47 4.89573e-48 1.6639e-48
4.16324e-11 1.01219e-10 1.46186e-10 1.61546e-10 1.5034e-10 1.23763e-10 9.28058e-11 6.46201e-11 4.23435e-11 2.63687e-11 1.57218e-11 9.02689e-12 5.01425e-12 2.70479e-12 1.42125e-12 7.29363e-13 3.66361e-13 1.80461e-13 8.73125e-14 4.15529e-14 1.9476e-14 9.00007e-15 4.10455e-15 1.849e-15 8.23373e-16 3.62704e-16 1.58154e-16 6.83018e-17 2.92305e-17 1.24023e-17 5.2194e-18 2.17957e-18 9.03468e-19 3.71877e-19 1.52044e-19 6.17664e-20 2.49384e-20 1.00099e-20 3.99527e-21 1.58602e-21 6.26348e-22 2.46121e-22 9.62482e-23 3.74647e-23 1.45181e-23 5.60178e-24 2.15245e-24 8.23742e-25 3.14022e-25 1.1926e-25 4.51278e-26 1.70162e-26 6.39429e-27 2.39487e-27 8.9407e-28 3.32739e-28 1.23457e-28 4.56717e-29 1.68474e-29 6.19732e-30 2.27351e-30 8.3184e-31 3.03574e-31 1.1051e-31 4.01303e-32 1.45382e-32 5.25456e-33 1.89486e-33 6.81798e-34 2.44791e-34 8.77035e-35 3.13576e-35 1.1189e-35 3.98459e-36 1.41625e-36 5.0243e-37 1.77914e-37 6.28868e-38 2.21892e-38 7.81578e-39 2.74831e-39 9.64803e-40 3.38146e-40 1.18325e-40 4.134e-41 1.44211e-41 5.02311e-42 1.74706e-42 6.06753e-43 2.10427e-43 7.28759e-44 2.52042e-44 8.70518e-45 3.00268e-45 1.03438e-45 3.55872e-46 1.22283e-46 4.19667e-47 1.43853e-47 4.92511e-48 1.68425e-48
1.23231e-11 3.13453e-11 4.70475e-11 5.37978e-11 5.16442e-11 4.37491e-11 3.36934e-11 2.40565e-11 1.61421e-11 1.02817e-11 6.26383e-12 3.67154e-12 2.08036e-12 1.14387e-12 6.12263e-13 3.19873e-13 1.63482e-13 8.18948e-14 4.02768e-14 1.9476e-14 9.27127e-15 4.34975e-15 2.0133e-15 9.20147e-16 4.15584e-16 1.85621e-16 8.20436e-17 3.59062e-17 1.55681e-17 6.69048e-18 2.85123e-18 1.20543e-18 5.05768e-19 2.10677e-19 8.7153e-20 3.58162e-20 1.46262e-20 5.93683e-21 2.39584e-21 9.61477e-22 3.83792e-22 1.52411e-22 6.02257e-23 2.3685e-23 9.27183e-24 3.61349e-24 1.40225e-24 5.41901e-25 2.08581e-25 7.99728e-26 3.05477e-26 1.16261e-26 4.40915e-27 1.66644e-27 6.27744e-28 2.35708e-28 8.82275e-29 3.29239e-29 1.22499e-29 4.54467e-30 1.68134e-30 6.20329e-31 2.28262e-31 8.37763e-32 3.06698e-32 1.12004e-32 4.08047e-33 1.4831e-33 5.37817e-34 1.94594e-34 7.0255e-35 2.53103e-35 9.09943e-36 3.26471e-36 1.16899e-36 4.17762e-37 1.49012e-37 5.30517e-38 1.88532e-38 6.68797e-39 2.36833e-39 8.37226e-40 2.9547e-40 1.04104e-40 3.66201e-41 1.28612e-41 4.50993e-42 1.57904e-42 5.52037e-43 1.9271e-43 6.71761e-44 2.33835e-44 8.12831e-45 2.82162e-45 9.78168e-46 3.38654e-46 1.17095e-46 4.04356e-47 1.39459e-47 4.80394e-48 1.65281e-48
3.64758e-12 9.68804e-12 1.50899e-11 1.78335e-11 1.76413e-11 1.53645e-11 1.21432e-11 8.8838e-12 6.10014e-12 3.97167e-12 2.47087e-12 1.4777e-12 8.53627e-13 4.78186e-13 2.60601e-13 1.38542e-13 7.20135e-14 3.66712e-14 1.83254e-14 9.00007e-15 4.34975e-15 2.07114e-15 9.72573e-16 4.50817e-16 2.06443e-16 9.34629e-17 4.1861e-17 1.85598e-17 8.15027e-18 3.5467e-18 1.53014e-18 6.54757e-19 2.77998e-19 1.17158e-19 4.90252e-20 2.03761e-20 8.41397e-21 3.45287e-21 1.40853e-21 5.71303e-22 2.30449e-22 9.24665e-23 3.6913e-23 1.46636e-23 5.79754e-24 2.28171e-24 8.94049e-25 3.48826e-25 1.35538e-25 5.24544e-26 2.02219e-26 7.76664e-27 2.97213e-27 1.13337e-27 4.30713e-28 1.63141e-28 6.15936e-29 2.31818e-29 8.69827e-30 3.25409e-30 1.21387e-30 4.51538e-31 1.67504e-31 6.19723e-32 2.28686e-32 8.41741e-33 3.0906e-33 1.13203e-33 4.13663e-34 1.50812e-34 5.48591e-35 1.99116e-35 7.21157e-36 2.6064e-36 9.40067e-37 3.38379e-37 1.21561e-37 4.35861e-38 1.55985e-38 5.57207e-39 1.98684e-39 7.07199e-40 2.51284e-40 8.91351e-41 3.15651e-41 1.11598e-41 3.93918e-42 1.38827e-42 4.88503e-43 1.71634e-43 6.02134e-44 2.10934e-44 7.37866e-45 2.57748e-45 8.99108e-46 3.13211e-46 1.08963e-46 3.78576e-47 1.3136e-47 4.55222e-48 1.57558e-48
1.07967e-12 2.98897e-12 4.82476e-12 5.88665e-12 5.99496e-12 5.36355e-12 4.3469e-12 3.25627e-12 2.28664e-12 1.5209e-12 9.65693e-13 5.88945e-13 3.46685e-13 1.97765e-13 1.09686e-13 5.93112e-14 3.1342e-14 1.62178e-14 8.23163e-15 4.10455e-15 2.0133e-15 9.72573e-16 4.63192e-16 2.17685e-16 1.01039e-16 4.63518e-17 2.10311e-17 9.44365e-18 4.19903e-18 1.84975e-18 8.07676e-19 3.49713e-19 1.50215e-19 6.40324e-20 2.70972e-20 1.13875e-20 4.75373e-21 1.97183e-21 8.12916e-22 3.33172e-22 1.3578e-22 5.50354e-23 2.21909e-23 8.90262e-24 3.55424e-24 1.41233e-24 5.58672e-25 2.20025e-25 8.62872e-26 3.37006e-26 1.311e-26 5.08038e-27 1.9614e-27 7.54509e-28 2.89224e-28 1.1049e-28 4.20695e-29 1.59666e-29 6.0408e-30 2.27851e-30 8.56877e-31 3.21313e-31 1.20148e-31 4.48032e-32 1.66625e-32 6.18067e-33 2.28678e-33 8.43985e-34 3.10735e-34 1.14134e-34 4.18249e-35 1.52922e-35 5.57887e-36 2.03087e-36 7.37732e-37 2.67433e-37 9.67504e-38 3.49324e-38 1.25881e-38 4.52758e-39 1.62541e-39 5.82461e-40 2.0835e-40 7.43975e-41 2.65202e-41 9.4376e-42 3.35296e-42 1.18929e-42 4.21171e-43 1.48919e-43 5.25742e-44 1.85328e-44 6.5233e-45 2.29278e-45 8.04703e-46 2.82033e-46 9.87108e-47 3.45017e-47 1.20431e-47 4.19822e-48 1.46162e-48
3.1958e-13 9.2064e-13 1.53817e-12 1.9355e-12 2.02746e-12 1.86189e-12 1.54628e-12 1.18529e-12 8.50702e-13 5.77709e-13 3.74182e-13 2.32598e-13 1.39457e-13 8.09745e-14 4.56864e-14 2.51176e-14 1.34883e-14 7.0895e-15 3.65358e-15 1.849e-15 9.20147e-16 4.50817e-16 2.17685e-16 1.03694e-16 4.87692e-17 2.26641e-17 1.04144e-17 4.7349e-18 2.13116e-18 9.50121e-19 4.19769e-19 1.83868e-19 7.98806e-20 3.44337e-20 1.47328e-20 6.25881e-21 2.64077e-21 1.10695e-21 4.61108e-22 1.90923e-22 7.85952e-23 3.21747e-23 1.31009e-23 5.30691e-24 2.13902e-24 8.58018e-25 3.42576e-25 1.36165e-25 5.38868e-26 2.1236e-26 8.33469e-27 3.2583e-27 1.2689e-27 4.92321e-28 1.90328e-28 7.33218e-29 2.81504e-29 1.0772e-29 4.10877e-30 1.5623e-30 5.92234e-31 2.23836e-31 8.43549e-32 3.17004e-32 1.18802e-32 4.44038e-33 1.6553e-33 6.15496e-34 2.28291e-34 8.44686e-35 3.11793e-35 1.14823e-35 4.21892e-36 1.54671e-36 5.65811e-37 2.06542e-37 7.52388e-38 2.7352e-38 9.92359e-39 3.59334e-39 1.29866e-39 4.68467e-40 1.68679e-40 6.06262e-41 2.17516e-41 7.79055e-42 2.78551e-42 9.94299e-43 3.54337e-43 1.26072e-43 4.4785e-44 1.58845e-44 5.62539e-45 1.98921e-45 7.0238e-46 2.47648e-46 8.71927e-47 3.06563e-47 1.07637e-47 3.77416e-48 1.3216e-48
9.45947e-14 2.83137e-13 4.89065e-13 6.34065e-13 6.82609e-13 6.42972e-13 5.46818e-13 4.28658e-13 3.14267e-13 2.17787e-13 1.43823e-13 9.10827e-14 5.55974e-14 3.28455e-14 1.88443e-14 1.05295e-14 5.74409e-15 3.06562e-15 1.60355e-15 8.23373e-16 4.15584e-16 2.06443e-16 1.01039e-16 4.87692e-17 2.32353e-17 1.09355e-17 5.08774e-18 2.34145e-18 1.06654e-18 4.81098e-19 2.15015e-19 9.52539e-20 4.18461e-20 1.82371e-20 7.88755e-21 3.38656e-21 1.44391e-21 6.11523e-22 2.57333e-22 1.07621e-22 4.4743e-23 1.84958e-23 7.60384e-24 3.10951e-24 1.26512e-24 5.12188e-25 2.06375e-25 8.27718e-26 3.305e-26 1.31398e-26 5.20221e-27 2.0513e-27 8.05681e-28 3.15241e-28 1.22889e-28 4.77336e-29 1.84764e-29 7.1275e-30 2.74045e-30 1.05029e-30 4.01272e-31 1.52842e-31 5.80443e-32 2.19795e-32 8.29948e-33 3.12527e-33 1.1737e-33 4.39632e-34 1.64251e-34 6.12128e-35 2.2757e-35 8.44013e-36 3.12298e-36 1.15292e-36 4.24676e-37 1.56087e-37 5.72463e-38 2.09516e-38 7.6524e-39 2.78936e-39 1.01475e-39 3.68445e-40 1.33526e-40 4.83009e-41 1.74403e-41 6.28607e-42 2.26175e-42 8.12388e-43 2.91307e-43 1.04285e-43 3.72723e-44 1.33002e-44 4.7386e-45 1.68568e-45 5.98744e-46 2.12355e-46 7.52058e-47 2.6596e-47 9.3922e-48 3.3122e-48 1.16647e-48
2.79997e-14 8.69544e-14 1.55112e-13 2.07013e-13 2.28864e-13 2.20962e-13 1.92315e-13 1.54087e-13 1.15334e-13 8.15225e-14 5.48649e-14 3.53833e-14 2.19797e-14 1.32064e-14 7.70176e-15 4.37223e-15 2.42212e-15 1.31217e-15 6.96428e-16 3.62704e-16 1.85621e-16 9.34629e-17 4.63518e-17 2.26641e-17 1.09355e-17 5.21093e-18 2.45403e-18 1.14293e-18 5.2674e-19 2.40351e-19 1.0864e-19 4.86659e-20 2.16143e-20 9.52157e-21 4.16187e-21 1.80563e-21 7.77794e-22 3.32758e-22 1.41429e-22 5.97322e-23 2.50752e-23 1.04651e-23 4.34312e-24 1.79269e-24 7.36102e-25 3.00731e-25 1.22265e-25 4.94738e-26 1.99282e-26 7.99176e-27 3.19123e-27 1.26904e-27 5.02623e-28 1.98297e-28 7.79368e-29 3.05191e-29 1.19082e-29 4.63033e-30 1.79435e-30 6.93063e-31 2.66837e-31 1.02415e-31 3.91885e-32 1.49509e-32 5.68745e-33 2.15747e-33 8.16159e-34 3.0792e-34 1.15868e-34 4.34882e-35 1.62815e-35 6.08069e-36 2.26554e-36 8.42121e-37 3.12307e-37 1.15562e-37 4.26676e-38 1.57198e-38 5.77938e-39 2.12042e-39 7.76399e-40 2.83719e-40 1.03479e-40 3.76691e-41 1.36871e-41 4.96412e-42 1.79719e-42 6.49502e-43 2.34324e-43 8.43947e-44 3.03452e-44 1.08932e-44 3.9041e-45 1.39702e-45 4.99123e-46 1.78054e-46 6.34227e-47 2.25578e-47 8.01164e-48 2.84136e-48 1.00629e-48
8.28783e-15 2.66696e-14 4.90807e-14 6.73729e-14 7.64342e-14 7.55895e-14 6.72898e-14 5.50746e-14 4.20658e-14 3.03134e-14 2.07818e-14 1.36428e-14 8.6211e-15 5.26628e-15 3.12074e-15 1.79931e-15 1.0119e-15 5.56276e-16 2.99481e-16 1.58154e-16 8.20436e-17 4.1861e-17 2.10311e-17 1.04144e-17 5.08774e-18 2.45403e-18 1.16956e-18 5.51115e-19 2.56924e-19 1.18564e-19 5.41885e-20 2.45401e-20 1.10166e-20 4.9045e-21 2.16613e-21 9.49431e-22 4.13118e-22 1.78504e-22 7.66141e-23 3.26715e-23 1.38464e-23 5.83331e-24 2.44342e-24 1.01783e-24 4.21726e-25 1.73838e-25 7.1301e-26 2.91039e-26 1.18245e-26 4.78246e-27 1.92584e-27 7.72231e-28 3.08381e-28 1.22658e-28 4.85981e-29 1.91826e-29 7.54409e-30 2.95639e-30 1.15455e-30 4.49365e-31 1.74326e-31 6.74119e-32 2.59872e-32 9.98767e-33 3.82721e-33 1.46234e-33 5.5717e-34 2.11706e-34 8.02255e-35 3.03216e-35 1.14308e-35 4.29845e-36 1.61244e-36 6.03411e-37 2.25281e-37 8.39149e-38 3.11872e-38 1.15654e-38 4.27963e-39 1.58029e-39 5.82328e-40 2.1415e-40 7.85972e-41 2.87905e-41 1.05259e-41 3.84112e-42 1.39912e-42 5.08711e-43 1.84636e-43 6.68968e-44 2.41965e-44 8.7372e-45 3.14975e-45 1.13364e-45 4.07366e-46 1.46155e-46 5.23573e-47 1.87277e-47 6.68874e-48 2.38545e-48 8.49518e-49
2.45317e-15 8.16982e-15 1.54965e-14 2.18616e-14 2.54336e-14 2.57484e-14 2.34308e-14 1.95802e-14 1.52537e-14 1.12015e-14 7.81943e-15 5.22328e-15 3.35641e-15 2.08374e-15 1.25429e-15 7.34245e-16 4.19063e-16 2.33701e-16 1.27587e-16 6.83018e-17 3.59062e-17 1.85598e-17 9.44365e-18 4.7349e-18 2.34145e-18 1.14293e-18 5.51115e-19 2.62692e-19 1.23852e-19 5.77906e-20 2.67016e-20 1.22223e-20 5.54488e-21 2.49424e-21 1.1129e-21 4.92715e-22 2.16523e-22 9.4474e-23 4.09399e-23 1.76248e-23 7.5397e-24 3.20582e-24 1.35512e-24 5.69587e-25 2.38107e-25 9.9014e-26 4.09647e-26 1.68649e-26 6.91019e-27 2.81833e-27 1.14434e-27 4.6263e-28 1.86246e-28 7.46743e-29 2.98219e-29 1.18639e-29 4.70214e-30 1.85688e-30 7.30695e-31 2.86545e-31 1.11994e-31 4.3629e-32 1.69424e-32 6.55881e-33 2.53141e-33 9.74129e-34 3.73782e-34 1.43021e-34 5.45741e-35 2.07686e-35 7.88297e-36 2.98441e-36 1.12703e-36 4.24571e-37 1.59559e-37 5.98236e-38 2.23782e-38 8.35218e-39 3.11041e-39 1.15583e-39 4.28603e-40 1.58604e-40 5.85718e-41 2.15872e-41 7.94065e-42 2.91529e-42 1.06829e-42 3.90746e-43 1.42663e-43 5.19942e-44 1.89164e-44 6.87031e-45 2.49104e-45 9.01708e-46 3.25869e-46 1.17578e-46 4.23567e-47 1.52352e-47 5.47158e-48 1.96213e-48 7.0259e-49
7.26131e-16 2.49984e-15 4.88284e-15 7.07403e-15 8.43398e-15 8.73557e-15 8.12172e-15 6.92622e-15 5.50103e-15 4.11486e-15 2.92372e-15 1.9865e-15 1.2976e-15 8.18448e-16 5.00274e-16 2.97244e-16 1.72119e-16 9.73454e-17 5.38777e-17 2.92305e-17 1.55681e-17 8.15027e-18 4.19903e-18 2.13116e-18 1.06654e-18 5.2674e-19 2.56924e-19 1.23852e-19 5.90424e-20 2.78509e-20 1.30065e-20 6.01641e-21 2.75783e-21 1.25324e-21 5.64807e-22 2.52538e-22 1.12062e-22 4.9366e-23 2.15957e-23 9.38407e-24 4.05149e-24 1.73836e-24 7.41426e-25 3.14406e-25 1.32585e-25 5.56117e-26 2.32049e-26 9.63415e-27 3.98047e-27 1.63686e-27 6.7005e-28 2.73076e-28 1.10814e-28 4.47816e-29 1.80239e-29 7.22589e-30 2.88586e-30 1.14828e-30 4.5525e-31 1.79856e-31 7.0813e-32 2.77877e-32 1.08687e-32 4.23769e-33 1.64716e-33 6.38314e-34 2.46634e-34 9.50217e-35 3.65068e-35 1.39873e-35 5.34476e-36 2.03697e-36 7.74335e-37 2.93619e-37 1.11064e-37 4.19102e-38 1.57778e-38 5.92615e-39 2.22086e-39 8.30441e-40 3.09854e-40 1.15368e-40 4.28655e-41 1.58945e-41 5.88186e-42 2.17236e-42 8.00778e-43 2.94626e-43 1.08199e-43 3.96631e-44 1.45135e-44 5.30145e-45 1.93315e-45 7.03724e-46 2.55749e-46 9.27927e-47 3.36135e-47 1.2157e-47 4.38998e-48 1.58283e-48 5.69835e-49
2.14933e-16 7.641e-16 1.53561e-15 2.28305e-15 2.78774e-15 2.95248e-15 2.80316e-15 2.43845e-15 1.97363e-15 1.50319e-15 1.08671e-15 7.5076e-16 4.98344e-16 3.19242e-16 1.98092e-16 1.19428e-16 7.01419e-17 4.02212e-17 2.25623e-17 1.24023e-17 6.69048e-18 3.5467e-18 1.84975e-18 9.50121e-19 4.81098e-19 2.40351e-19 1.18564e-19 5.77906e-20 2.78509e-20 1.32786e-20 6.26663e-21 2.92885e-21 1.35625e-21 6.22513e-22 2.8333e-22 1.27918e-22 5.7308e-23 2.54847e-23 1.12526e-23 4.93468e-24 2.14986e-24 9.30705e-25 4.00467e-25 1.71304e-25 7.28625e-26 3.0822e-26 1.29693e-26 5.42938e-27 2.26168e-27 9.37618e-28 3.86902e-28 1.58935e-28 6.50033e-29 2.64733e-29 1.07372e-29 4.33742e-30 1.74535e-30 6.99659e-31 2.79441e-31 1.11208e-31 4.41025e-32 1.74306e-32 6.86628e-33 2.69603e-33 1.05526e-33 4.11769e-34 1.60193e-34 6.21384e-35 2.40343e-35 9.27014e-36 3.56576e-36 1.36791e-36 5.23388e-37 1.99747e-37 7.6041e-38 2.88769e-38 1.09399e-38 4.13477e-39 1.55916e-39 5.86613e-40 2.20217e-40 8.24917e-41 3.08352e-41 1.15021e-41 4.28175e-42 1.59072e-42 5.89809e-43 2.18268e-43 8.06206e-44 2.9723e-44 1.09382e-44 4.01808e-45 1.47342e-45 5.39361e-46 1.97103e-46 7.19084e-47 2.61909e-47 9.52399e-48 3.45776e-48 1.25341e-48 4.53648e-49
6.36194e-17 2.33321e-16 4.8207e-16 7.35006e-16 9.18638e-16 9.94327e-16 9.63577e-16 8.54641e-16 7.04629e-16 5.46243e-16 4.01652e-16 2.82048e-16 1.9019e-16 1.23706e-16 7.79004e-17 4.76425e-17 2.83729e-17 1.64915e-17 9.37379e-18 5.2194e-18 2.85123e-18 1.53014e-18 8.07676e-19 4.19769e-19 2.15015e-19 1.0864e-19 5.41885e-20 2.67016e-20 1.30065e-20 6.26663e-21 2.98812e-21 1.41082e-21 6.59861e-22 3.05867e-22 1.40567e-22 6.40721e-23 2.89758e-23 1.30055e-23 5.79524e-24 2.56445e-24 1.12722e-24 4.92297e-25 2.13672e-25 9.21864e-26 3.95437e-26 1.6868e-26 7.1566e-27 3.02053e-27 1.26843e-27 5.30063e-28 2.2046e-28 9.12716e-29 3.76189e-29 1.54382e-29 6.30901e-30 2.56775e-30 1.04093e-30 4.20349e-31 1.6911e-31 6.77856e-32 2.70745e-32 1.07764e-32 4.27484e-33 1.69018e-33 6.66111e-34 2.61697e-34 1.02499e-34 4.00256e-35 1.55843e-35 6.0506e-36 2.34259e-36 9.04497e-37 3.48305e-37 1.33776e-37 5.12489e-38 1.95842e-38 7.46558e-39 2.83909e-39 1.07715e-39 4.07728e-40 1.53988e-40 5.80285e-41 2.182e-41 8.18736e-42 3.06568e-42 1.14557e-42 4.27212e-43 1.59004e-43 5.90655e-44 2.18994e-44 8.1044e-45 2.99373e-45 1.10388e-45 4.06315e-46 1.49296e-46 5.47633e-47 2.0054e-47 7.33154e-48 2.67598e-48 9.75157e-49 3.548e-49
1.88311e-17 7.11786e-17 1.51079e-16 2.36078e-16 3.01845e-16 3.33735e-16 3.29959e-16 2.98268e-16 2.50405e-16 1.97509e-16 1.47662e-16 1.05363e-16 7.21537e-17 4.7637e-17 3.04353e-17 1.88769e-17 1.13965e-17 6.71269e-18 3.86525e-18 2.17957e-18 1.20543e-18 6.54757e-19 3.49713e-19 1.83868e-19 9.52539e-20 4.86659e-20 2.45401e-20 1.22223e-20 6.01641e-21 2.92885e-21 1.41082e-21 6.72791e-22 3.17784e-22 1.48736e-22 6.90091e-23 3.17518e-23 1.44929e-23 6.56462e-24 2.95164e-24 1.31778e-24 5.84336e-25 2.57416e-25 1.12684e-25 4.90282e-26 2.12067e-26 9.12081e-27 3.9013e-27 1.65988e-27 7.02608e-28 2.95928e-28 1.24041e-28 5.17499e-29 2.14923e-29 8.88674e-30 3.65884e-30 1.50016e-30 6.12598e-31 2.49175e-31 1.00965e-31 4.07587e-32 1.63943e-32 6.57096e-33 2.62463e-33 1.04483e-33 4.14574e-34 1.63971e-34 6.46512e-35 2.54133e-35 9.95979e-36 3.89202e-36 1.51658e-36 5.89312e-37 2.28373e-37 8.82646e-38 3.40249e-38 1.30828e-38 5.01786e-39 1.91988e-39 7.32809e-40 2.79053e-40 1.06019e-40 4.01884e-41 1.52005e-41 5.73682e-42 2.16053e-42 8.11978e-43 3.04535e-43 1.13987e-43 4.25813e-44 1.58759e-44 5.90788e-45 2.19438e-45 8.13567e-46 3.01086e-46 1.11229e-46 4.10189e-47 1.5101e-47 5.55005e-48 2.03641e-48 7.45977e-49 2.72827e-49
5.57396e-18 2.1695e-17 4.7272e-17 7.56597e-17 9.89096e-17 1.11656e-16 1.12579e-16 1.03676e-16 8.85963e-17 7.10769e-17 5.40114e-17 3.9149e-17 2.72188e-17 1.82356e-17 1.18174e-17 7.43128e-18 4.547e-18 2.71344e-18 1.58244e-18 9.03468e-19 5.05768e-19 2.77998e-19 1.50215e-19 7.98806e-20 4.18461e-20 2.16143e-20 1.10166e-20 5.54488e-21 2.75783e-21 1.35625e-21 6.59861e-22 3.17784e-22 1.5156e-22 7.16153e-23 3.35407e-23 1.55758e-23 7.17454e-24 3.27907e-24 1.48749e-24 6.69929e-25 2.99638e-25 1.33128e-25 5.87692e-26 2.57834e-26 1.12443e-26 4.87542e-27 2.10217e-27 9.01522e-28 3.84604e-28 1.63249e-28 6.89533e-29 2.89862e-29 1.21289e-29 5.05247e-30 2.09553e-30 8.65457e-31 3.55967e-31 1.45826e-31 5.95068e-32 2.41909e-32 9.79787e-33 3.9541e-33 1.59016e-33 6.37301e-34 2.54566e-34 1.01354e-34 4.02252e-35 1.5915e-35 6.27766e-36 2.46889e-36 9.68155e-37 3.7858e-37 1.47627e-37 5.74114e-38 2.22677e-38 8.6144e-39 3.32406e-39 1.27947e-39 4.91285e-40 1.8819e-40 7.19185e-41 2.74212e-41 1.04317e-41 3.95968e-42 1.49977e-42 5.66847e-43 2.13796e-43 8.04715e-44 3.02281e-44 1.13324e-44 4.24021e-45 1.58353e-45 5.9027e-46 2.19621e-46 8.15667e-47 3.02398e-47 1.11914e-47 4.13468e-48 1.52498e-48 5.61518e-49 2.0642e-49
