0.985925 0.00343203 0.00174026 0.00088242 0.000447442 0.000226881 0.000115043 5.83341e-05 2.95791e-05 1.49984e-05 7.60516e-06 3.85629e-06 1.95538e-06 9.91502e-07 5.02754e-07 2.54928e-07 1.29264e-07 6.55452e-08 3.32355e-08 1.68525e-08 8.54528e-09 4.333e-09 2.1971e-09 1.11407e-09 5.64903e-10 2.86441e-10 1.45244e-10 7.36477e-11 3.7344e-11 1.89358e-11 9.60163e-12 4.86863e-12 2.4687e-12 1.25179e-12 6.34734e-13 3.2185e-13 1.63198e-13 8.27518e-14 4.19604e-14 2.12766e-14 1.07886e-14 5.47047e-15 2.77387e-15 1.40653e-15 7.13199e-16 3.61636e-16 1.83372e-16 9.29814e-17 4.71474e-17 2.39067e-17 1.21222e-17 6.14672e-18 3.11677e-18 1.5804e-18 8.01362e-19 4.06341e-19 2.0604e-19 1.04475e-19 5.29756e-20 2.6862e-20 1.36207e-20 6.90656e-21 3.50206e-21 1.77576e-21 9.00424e-22 4.56572e-22 2.31511e-22 1.1739e-22 5.95243e-23 3.01826e-23 1.53045e-23 7.76032e-24 3.93497e-24 1.99528e-24 1.01173e-24 5.13012e-25 2.60129e-25 1.31902e-25 6.68825e-26 3.39137e-26 1.71964e-26 8.71963e-27 4.4214e-27 2.24193e-27 1.1368e-27 5.76429e-28 2.92286e-28 1.48207e-28 7.51504e-29 3.8106e-29 1.93221e-29 9.79753e-30 4.96796e-30 2.51907e-30 1.27733e-30 6.47685e-31 3.28417e-31 1.66528e-31 8.44402e-32 4.28165e-32 2.17107e-32
0.00343203 3.6245e-05 1.84633e-05 9.40504e-06 4.79075e-06 2.44026e-06 1.24297e-06 6.33107e-07 3.22466e-07 1.64242e-07 8.36513e-08 4.26044e-08 2.16984e-08 1.10507e-08 5.62792e-09 2.86613e-09 1.45961e-09 7.43305e-10 3.78522e-10 1.92756e-10 9.81555e-11 4.99821e-11 2.54511e-11 1.29596e-11 6.59886e-12 3.35999e-12 1.7108e-12 8.71074e-13 4.43509e-13 2.25809e-13 1.14967e-13 5.85329e-14 2.98001e-14 1.51715e-14 7.72385e-15 3.93216e-15 2.0018e-15 1.01907e-15 5.18778e-16 2.6409e-16 1.34436e-16 6.84339e-17 3.48354e-17 1.77323e-17 9.02613e-18 4.59444e-18 2.3386e-18 1.19035e-18 6.05879e-19 3.08384e-19 1.5696e-19 7.98883e-20 4.06603e-20 2.06943e-20 1.05324e-20 5.36037e-21 2.72808e-21 1.3884e-21 7.06587e-22 3.59593e-22 1.83e-22 9.31289e-23 4.73928e-23 2.41177e-23 1.2273e-23 6.24545e-24 3.17812e-24 1.61722e-24 8.22935e-25 4.1875e-25 2.13078e-25 1.08422e-25 5.51686e-26 2.80712e-26 1.42831e-26 7.26745e-27 3.69773e-27 1.88141e-27 9.5725e-28 4.87038e-28 2.47797e-28 1.26073e-28 6.41426e-29 3.26336e-29 1.66027e-29 8.44668e-30 4.29724e-30 2.18619e-30 1.1122e-30 5.65811e-31 2.87843e-31 1.46432e-31 7.44922e-32 3.7895e-32 1.92774e-32 9.8064e-33 4.98846e-33 2.53758e-33 1.29083e-33 6.56616e-34 3.34003e-34
0.00174026 1.84633e-05 9.40594e-06 4.79166e-06 2.44096e-06 1.24344e-06 6.33406e-07 3.22649e-07 1.6435e-07 8.37141e-08 4.26402e-08 2.17186e-08 1.10621e-08 5.6342e-09 2.86959e-09 1.4615e-09 7.44335e-10 3.7908e-10 1.93057e-10 9.83177e-11 5.00691e-11 2.54977e-11 1.29844e-11 6.61208e-12 3.36702e-12 1.71453e-12 8.73045e-13 4.44551e-13 2.26359e-13 1.15257e-13 5.86854e-14 2.98803e-14 1.52136e-14 7.74593e-15 3.94373e-15 2.00786e-15 1.02224e-15 5.20434e-16 2.64955e-16 1.34887e-16 6.86694e-17 3.49582e-17 1.77962e-17 9.0594e-18 4.61175e-18 2.3476e-18 1.19503e-18 6.08308e-19 3.09645e-19 1.57615e-19 8.02278e-20 4.08363e-20 2.07855e-20 1.05796e-20 5.38484e-21 2.74075e-21 1.39496e-21 7.09979e-22 3.61347e-22 1.83907e-22 9.35977e-23 4.76351e-23 2.42428e-23 1.23377e-23 6.27881e-24 3.19534e-24 1.62611e-24 8.27519e-25 4.21115e-25 2.14298e-25 1.09051e-25 5.54926e-26 2.82381e-26 1.43692e-26 7.31176e-27 3.72055e-27 1.89316e-27 9.63301e-28 4.90153e-28 2.494e-28 1.26898e-28 6.45669e-29 3.28518e-29 1.67149e-29 8.50441e-30 4.32692e-30 2.20145e-30 1.12004e-30 5.69842e-31 2.89915e-31 1.47496e-31 7.50391e-32 3.81759e-32 1.94217e-32 9.88049e-33 5.02651e-33 2.55711e-33 1.30085e-33 6.61764e-34 3.36645e-34 1.71253e-34
0.00088242 9.40504e-06 4.79166e-06 2.44119e-06 1.24368e-06 6.33585e-07 3.2277e-07 1.64427e-07 8.37611e-08 4.26682e-08 2.17348e-08 1.10713e-08 5.63943e-09 2.87251e-09 1.46312e-09 7.45229e-10 3.79569e-10 1.93323e-10 9.8462e-11 5.01471e-11 2.55396e-11 1.30069e-11 6.62411e-12 3.37344e-12 1.71795e-12 8.74861e-13 4.45514e-13 2.26869e-13 1.15527e-13 5.88276e-14 2.99553e-14 1.52531e-14 7.76667e-15 3.95462e-15 2.01357e-15 1.02523e-15 5.22002e-16 2.65775e-16 1.35316e-16 6.88932e-17 3.5075e-17 1.78571e-17 9.09115e-18 4.62828e-18 2.35621e-18 1.1995e-18 6.10637e-19 3.10855e-19 1.58243e-19 8.05541e-20 4.10056e-20 2.08734e-20 1.06252e-20 5.40845e-21 2.75298e-21 1.40129e-21 7.13259e-22 3.63044e-22 1.84785e-22 9.40519e-23 4.78699e-23 2.43642e-23 1.24004e-23 6.31121e-24 3.21207e-24 1.63475e-24 8.31978e-25 4.23416e-25 2.15485e-25 1.09663e-25 5.58084e-26 2.84009e-26 1.44531e-26 7.355e-27 3.74283e-27 1.90464e-27 9.69212e-28 4.93197e-28 2.50967e-28 1.27705e-28 6.49822e-29 3.30655e-29 1.68249e-29 8.56096e-30 4.35601e-30 2.21641e-30 1.12773e-30 5.73796e-31 2.91947e-31 1.48541e-31 7.5576e-32 3.84517e-32 1.95634e-32 9.95329e-33 5.0639e-33 2.57632e-33 1.31072e-33 6.66827e-34 3.39245e-34 1.72587e-34 8.78012e-35
0.000447442 4.79075e-06 2.44096e-06 1.24368e-06 6.33645e-07 3.22831e-07 1.64473e-07 8.37925e-08 4.26881e-08 2.1747e-08 1.10785e-08 5.64362e-09 2.87491e-09 1.46447e-09 7.45985e-10 3.79988e-10 1.93554e-10 9.85884e-11 5.02159e-11 2.55769e-11 1.30271e-11 6.63495e-12 3.37925e-12 1.72106e-12 8.76521e-13 4.46397e-13 2.27339e-13 1.15776e-13 5.89594e-14 3.00249e-14 1.52898e-14 7.78605e-15 3.96482e-15 2.01894e-15 1.02805e-15 5.23479e-16 2.66549e-16 1.35721e-16 6.91052e-17 3.51858e-17 1.7915e-17 9.12137e-18 4.64404e-18 2.36442e-18 1.20378e-18 6.12864e-19 3.12013e-19 1.58846e-19 8.08672e-20 4.11683e-20 2.09578e-20 1.0669e-20 5.43118e-21 2.76477e-21 1.4074e-21 7.16424e-22 3.64684e-22 1.85634e-22 9.44912e-23 4.80972e-23 2.44817e-23 1.24612e-23 6.34263e-24 3.2283e-24 1.64314e-24 8.36309e-25 4.25652e-25 2.16639e-25 1.10259e-25 5.61157e-26 2.85595e-26 1.45348e-26 7.39716e-27 3.76456e-27 1.91584e-27 9.74983e-28 4.9617e-28 2.52498e-28 1.28494e-28 6.53881e-29 3.32745e-29 1.69324e-29 8.61632e-30 4.38449e-30 2.23106e-30 1.13527e-30 5.77672e-31 2.9394e-31 1.49566e-31 7.61027e-32 3.87225e-32 1.97025e-32 1.00248e-32 5.10063e-33 2.59519e-33 1.32041e-33 6.71805e-34 3.41801e-34 1.739e-34 8.84751e-35 4.5013e-35
0.000226881 2.44026e-06 1.24344e-06 6.33585e-07 3.22831e-07 1.64488e-07 8.38082e-08 4.27001e-08 2.17551e-08 1.10837e-08 5.64676e-09 2.87677e-09 1.46555e-09 7.46604e-10 3.80338e-10 1.93749e-10 9.86967e-11 5.02755e-11 2.56096e-11 1.30449e-11 6.64459e-12 3.38446e-12 1.72386e-12 8.78025e-13 4.47202e-13 2.27768e-13 1.16004e-13 5.90808e-14 3.00893e-14 1.53239e-14 7.80406e-15 3.97433e-15 2.02395e-15 1.03069e-15 5.24866e-16 2.67277e-16 1.36103e-16 6.93055e-17 3.52906e-17 1.79699e-17 9.15004e-18 4.65902e-18 2.37224e-18 1.20786e-18 6.14989e-19 3.1312e-19 1.59422e-19 8.11671e-20 4.13242e-20 2.10389e-20 1.07111e-20 5.45304e-21 2.77611e-21 1.41329e-21 7.19476e-22 3.66266e-22 1.86453e-22 9.49156e-23 4.83169e-23 2.45955e-23 1.252e-23 6.37307e-24 3.24404e-24 1.65127e-24 8.40513e-25 4.27824e-25 2.17761e-25 1.10838e-25 5.64147e-26 2.87138e-26 1.46144e-26 7.43822e-27 3.78574e-27 1.92675e-27 9.80611e-28 4.99071e-28 2.53993e-28 1.29264e-28 6.57848e-29 3.34788e-29 1.70376e-29 8.67046e-30 4.41236e-30 2.2454e-30 1.14265e-30 5.81469e-31 2.95893e-31 1.5057e-31 7.66191e-32 3.8988e-32 1.9839e-32 1.00949e-32 5.13669e-33 2.61371e-33 1.32993e-33 6.76696e-34 3.44313e-34 1.7519e-34 8.91377e-35 4.53532e-35 2.30755e-35
0.000115043 1.24297e-06 6.33406e-07 3.2277e-07 1.64473e-07 8.38082e-08 4.2704e-08 2.17592e-08 1.10868e-08 5.64886e-09 2.8781e-09 1.46637e-09 7.47085e-10 3.80618e-10 1.93909e-10 9.87871e-11 5.03261e-11 2.56376e-11 1.30603e-11 6.65304e-12 3.38906e-12 1.72635e-12 8.79371e-13 4.47926e-13 2.28156e-13 1.16212e-13 5.91918e-14 3.01484e-14 1.53553e-14 7.82071e-15 3.98314e-15 2.02861e-15 1.03315e-15 5.26162e-16 2.67959e-16 1.36462e-16 6.94939e-17 3.53895e-17 1.80217e-17 9.17716e-18 4.67321e-18 2.37966e-18 1.21173e-18 6.17011e-19 3.14175e-19 1.59972e-19 8.14535e-20 4.14733e-20 2.11164e-20 1.07514e-20 5.47401e-21 2.78701e-21 1.41894e-21 7.22411e-22 3.67789e-22 1.87243e-22 9.5325e-23 4.8529e-23 2.47053e-23 1.25769e-23 6.40251e-24 3.25927e-24 1.65915e-24 8.44588e-25 4.2993e-25 2.18849e-25 1.114e-25 5.67051e-26 2.88637e-26 1.46919e-26 7.47818e-27 3.80635e-27 1.93739e-27 9.86096e-28 5.01899e-28 2.55451e-28 1.30015e-28 6.6172e-29 3.36783e-29 1.71404e-29 8.72338e-30 4.43961e-30 2.25943e-30 1.14987e-30 5.85185e-31 2.97805e-31 1.51554e-31 7.71251e-32 3.92483e-32 1.99728e-32 1.01638e-32 5.17207e-33 2.6319e-33 1.33927e-33 6.81498e-34 3.46781e-34 1.76458e-34 8.97889e-35 4.56877e-35 2.32473e-35 1.18288e-35
5.83341e-05 6.33107e-07 3.22649e-07 1.64427e-07 8.37925e-08 4.27001e-08 2.17592e-08 1.10878e-08 5.6499e-09 2.8789e-09 1.46691e-09 7.4743e-10 3.80828e-10 1.94034e-10 9.88594e-11 5.03674e-11 2.56609e-11 1.30733e-11 6.66028e-12 3.39304e-12 1.72854e-12 8.80559e-13 4.48571e-13 2.28505e-13 1.16399e-13 5.92923e-14 3.02022e-14 1.5384e-14 7.83599e-15 3.99126e-15 2.03291e-15 1.03543e-15 5.27367e-16 2.68596e-16 1.36797e-16 6.96703e-17 3.54823e-17 1.80704e-17 9.20273e-18 4.68661e-18 2.38668e-18 1.21541e-18 6.1893e-19 3.15178e-19 1.60495e-19 8.17264e-20 4.16156e-20 2.11906e-20 1.079e-20 5.49409e-21 2.79745e-21 1.42437e-21 7.25231e-22 3.69253e-22 1.88003e-22 9.57192e-23 4.87335e-23 2.48113e-23 1.26318e-23 6.43095e-24 3.274e-24 1.66677e-24 8.48532e-25 4.3197e-25 2.19904e-25 1.11946e-25 5.6987e-26 2.90094e-26 1.47671e-26 7.51702e-27 3.8264e-27 1.94774e-27 9.91436e-28 5.04653e-28 2.56872e-28 1.30748e-28 6.65497e-29 3.38729e-29 1.72407e-29 8.77506e-30 4.46623e-30 2.27314e-30 1.15693e-30 5.88819e-31 2.99676e-31 1.52517e-31 7.76206e-32 3.95032e-32 2.0104e-32 1.02312e-32 5.20675e-33 2.64973e-33 1.34844e-33 6.86212e-34 3.49204e-34 1.77703e-34 9.04286e-35 4.60164e-35 2.34161e-35 1.19155e-35 6.06323e-36
2.95791e-05 3.22466e-07 1.6435e-07 8.37611e-08 4.26881e-08 2.17551e-08 1.10868e-08 5.6499e-09 2.87917e-09 1.46718e-09 7.47636e-10 3.80968e-10 1.94123e-10 9.89137e-11 5.03996e-11 2.56796e-11 1.3084e-11 6.66631e-12 3.39642e-12 1.73041e-12 8.8159e-13 4.49135e-13 2.28812e-13 1.16566e-13 5.93823e-14 3.02506e-14 1.541e-14 7.8499e-15 3.99868e-15 2.03686e-15 1.03753e-15 5.28481e-16 2.69185e-16 1.37109e-16 6.98349e-17 3.5569e-17 1.81161e-17 9.22674e-18 4.69922e-18 2.39329e-18 1.21887e-18 6.20746e-19 3.16128e-19 1.60992e-19 8.19859e-20 4.1751e-20 2.12612e-20 1.08268e-20 5.51327e-21 2.80744e-21 1.42957e-21 7.27933e-22 3.70657e-22 1.88733e-22 9.60981e-23 4.89302e-23 2.49133e-23 1.26847e-23 6.45838e-24 3.28822e-24 1.67414e-24 8.52345e-25 4.33944e-25 2.20926e-25 1.12474e-25 5.72602e-26 2.91506e-26 1.48401e-26 7.55473e-27 3.84588e-27 1.9578e-27 9.96629e-28 5.07334e-28 2.58255e-28 1.31461e-28 6.69177e-29 3.40627e-29 1.73385e-29 8.82549e-30 4.49221e-30 2.28653e-30 1.16383e-30 5.92372e-31 3.01505e-31 1.53458e-31 7.81054e-32 3.97527e-32 2.02324e-32 1.02973e-32 5.24074e-33 2.66721e-33 1.35743e-33 6.90834e-34 3.5158e-34 1.78925e-34 9.10565e-35 4.63391e-35 2.35819e-35 1.20007e-35 6.107e-36 3.10774e-36
1.49984e-05 1.64242e-07 8.37141e-08 4.26682e-08 2.1747e-08 1.10837e-08 5.64886e-09 2.8789e-09 1.46718e-09 7.47705e-10 3.81038e-10 1.94176e-10 9.89498e-11 5.04226e-11 2.56936e-11 1.30923e-11 6.67115e-12 3.39918e-12 1.73197e-12 8.82463e-13 4.49619e-13 2.29078e-13 1.16712e-13 5.94618e-14 3.02937e-14 1.54333e-14 7.86242e-15 4.0054e-15 2.04046e-15 1.03945e-15 5.29503e-16 2.69728e-16 1.37397e-16 6.99874e-17 3.56496e-17 1.81586e-17 9.24917e-18 4.71103e-18 2.3995e-18 1.22213e-18 6.22457e-19 3.17025e-19 1.61462e-19 8.22316e-20 4.18795e-20 2.13283e-20 1.08619e-20 5.53155e-21 2.81697e-21 1.43453e-21 7.30518e-22 3.72002e-22 1.89432e-22 9.64617e-23 4.91191e-23 2.50114e-23 1.27356e-23 6.4848e-24 3.30192e-24 1.68124e-24 8.56026e-25 4.35851e-25 2.21913e-25 1.12985e-25 5.75247e-26 2.92874e-26 1.49108e-26 7.59131e-27 3.86479e-27 1.96756e-27 1.00167e-27 5.09939e-28 2.596e-28 1.32155e-28 6.72759e-29 3.42475e-29 1.74338e-29 8.87465e-30 4.51756e-30 2.2996e-30 1.17056e-30 5.95841e-31 3.03293e-31 1.54379e-31 7.85795e-32 3.99968e-32 2.0358e-32 1.03619e-32 5.27402e-33 2.68434e-33 1.36624e-33 6.95365e-34 3.5391e-34 1.80123e-34 9.16726e-35 4.66558e-35 2.37447e-35 1.20843e-35 6.14999e-36 3.12983e-36 1.59281e-36
7.60516e-06 8.36513e-08 4.26402e-08 2.17348e-08 1.10785e-08 5.64676e-09 2.8781e-09 1.46691e-09 7.47636e-10 3.81038e-10 1.94194e-10 9.89679e-11 5.04364e-11 2.5703e-11 1.30983e-11 6.67477e-12 3.40133e-12 1.73322e-12 8.83177e-13 4.50022e-13 2.29304e-13 1.16837e-13 5.95307e-14 3.03314e-14 1.54538e-14 7.87357e-15 4.01142e-15 2.0437e-15 1.04118e-15 5.30433e-16 2.70225e-16 1.37661e-16 7.01279e-17 3.57241e-17 1.81981e-17 9.27003e-18 4.72204e-18 2.4053e-18 1.22519e-18 6.24064e-19 3.17869e-19 1.61905e-19 8.24638e-20 4.2001e-20 2.13919e-20 1.08951e-20 5.54892e-21 2.82603e-21 1.43926e-21 7.32984e-22 3.73287e-22 1.90101e-22 9.68099e-23 4.93001e-23 2.51056e-23 1.27845e-23 6.5102e-24 3.3151e-24 1.68808e-24 8.59573e-25 4.3769e-25 2.22866e-25 1.13479e-25 5.77803e-26 2.94197e-26 1.49793e-26 7.62674e-27 3.88311e-27 1.97704e-27 1.00657e-27 5.12469e-28 2.60907e-28 1.3283e-28 6.76244e-29 3.44274e-29 1.75266e-29 8.92253e-30 4.54226e-30 2.31233e-30 1.17713e-30 5.99226e-31 3.05037e-31 1.55278e-31 7.90425e-32 4.02353e-32 2.04809e-32 1.04252e-32 5.30658e-33 2.7011e-33 1.37487e-33 6.99803e-34 3.56193e-34 1.81297e-34 9.22766e-35 4.69664e-35 2.39044e-35 1.21664e-35 6.19219e-36 3.15152e-36 1.60395e-36 8.16316e-37
3.85629e-06 4.26044e-08 2.17186e-08 1.10713e-08 5.64362e-09 2.87677e-09 1.46637e-09 7.4743e-10 3.80968e-10 1.94176e-10 9.89679e-11 5.0441e-11 2.57077e-11 1.31019e-11 6.67719e-12 3.40287e-12 1.73415e-12 8.83733e-13 4.50345e-13 2.29489e-13 1.16941e-13 5.9589e-14 3.03638e-14 1.54717e-14 7.88332e-15 4.01674e-15 2.04658e-15 1.04274e-15 5.31271e-16 2.70674e-16 1.37902e-16 7.02563e-17 3.57925e-17 1.82344e-17 9.28931e-18 4.73224e-18 2.4107e-18 1.22804e-18 6.25566e-19 3.18659e-19 1.6232e-19 8.26821e-20 4.21156e-20 2.1452e-20 1.09266e-20 5.56538e-21 2.83464e-21 1.44376e-21 7.35331e-22 3.74512e-22 1.90739e-22 9.71425e-23 4.94733e-23 2.51957e-23 1.28314e-23 6.53456e-24 3.32776e-24 1.69465e-24 8.62986e-25 4.39461e-25 2.23784e-25 1.13955e-25 5.80271e-26 2.95476e-26 1.50455e-26 7.66101e-27 3.90085e-27 1.98621e-27 1.01132e-27 5.14922e-28 2.62175e-28 1.33486e-28 6.79629e-29 3.46022e-29 1.76169e-29 8.96912e-30 4.5663e-30 2.32474e-30 1.18353e-30 6.02526e-31 3.06739e-31 1.56155e-31 7.94946e-32 4.04682e-32 2.06009e-32 1.0487e-32 5.33841e-33 2.71749e-33 1.3833e-33 7.04146e-34 3.58429e-34 1.82448e-34 9.28684e-35 4.72708e-35 2.4061e-35 1.2247e-35 6.23359e-36 3.17281e-36 1.61489e-36 8.21939e-37 4.18341e-37
1.95538e-06 2.16984e-08 1.10621e-08 5.63943e-09 2.87491e-09 1.46555e-09 7.47085e-10 3.80828e-10 1.94123e-10 9.89498e-11 5.04364e-11 2.57077e-11 1.3103e-11 6.6784e-12 3.40379e-12 1.73478e-12 8.8413e-13 4.50588e-13 2.29632e-13 1.17025e-13 5.96368e-14 3.03908e-14 1.54867e-14 7.89169e-15 4.02134e-15 2.0491e-15 1.04412e-15 5.32016e-16 2.71077e-16 1.38119e-16 7.03726e-17 3.58547e-17 1.82676e-17 9.30699e-18 4.74164e-18 2.41569e-18 1.23068e-18 6.26962e-19 3.19396e-19 1.62709e-19 8.28867e-20 4.22232e-20 2.15085e-20 1.09562e-20 5.58092e-21 2.84278e-21 1.44802e-21 7.37559e-22 3.75675e-22 1.91347e-22 9.74594e-23 4.96385e-23 2.52818e-23 1.28762e-23 6.55789e-24 3.3399e-24 1.70096e-24 8.66264e-25 4.41163e-25 2.24668e-25 1.14414e-25 5.82649e-26 2.96709e-26 1.51094e-26 7.69411e-27 3.91799e-27 1.99509e-27 1.01591e-27 5.17299e-28 2.63404e-28 1.34121e-28 6.82913e-29 3.47719e-29 1.77046e-29 9.01441e-30 4.58969e-30 2.33681e-30 1.18975e-30 6.0574e-31 3.08397e-31 1.5701e-31 7.99355e-32 4.06955e-32 2.0718e-32 1.05474e-32 5.36951e-33 2.73351e-33 1.39155e-33 7.08395e-34 3.60616e-34 1.83573e-34 9.34478e-35 4.7569e-35 2.42144e-35 1.23259e-35 6.27418e-36 3.19368e-36 1.62563e-36 8.27457e-37 4.21178e-37 2.14378e-37
9.91502e-07 1.10507e-08 5.6342e-09 2.87251e-09 1.46447e-09 7.46604e-10 3.80618e-10 1.94034e-10 9.89137e-11 5.04226e-11 2.5703e-11 1.31019e-11 6.6784e-12 3.4041e-12 1.73509e-12 8.84369e-13 4.50749e-13 2.29735e-13 1.17088e-13 5.9674e-14 3.04124e-14 1.54991e-14 7.89867e-15 4.02525e-15 2.05127e-15 1.04531e-15 5.32668e-16 2.71432e-16 1.38311e-16 7.04767e-17 3.59108e-17 1.82977e-17 9.32309e-18 4.75024e-18 2.42026e-18 1.23311e-18 6.28252e-19 3.2008e-19 1.6307e-19 8.30774e-20 4.23237e-20 2.15614e-20 1.09841e-20 5.59555e-21 2.85045e-21 1.45204e-21 7.39665e-22 3.76778e-22 1.91923e-22 9.77606e-23 4.97958e-23 2.53638e-23 1.2919e-23 6.58018e-24 3.3515e-24 1.707e-24 8.69405e-25 4.42796e-25 2.25517e-25 1.14854e-25 5.84937e-26 2.97896e-26 1.5171e-26 7.72605e-27 3.93454e-27 2.00366e-27 1.02035e-27 5.19598e-28 2.64594e-28 1.34737e-28 6.86097e-29 3.49365e-29 1.77897e-29 9.05838e-30 4.6124e-30 2.34854e-30 1.19581e-30 6.08867e-31 3.10011e-31 1.57843e-31 8.03651e-32 4.09171e-32 2.08323e-32 1.06063e-32 5.39987e-33 2.74915e-33 1.39961e-33 7.12547e-34 3.62754e-34 1.84675e-34 9.40148e-35 4.78608e-35 2.43646e-35 1.24032e-35 6.31395e-36 3.21414e-36 1.63615e-36 8.3287e-37 4.23961e-37 2.15809e-37 1.09852e-37
5.02754e-07 5.62792e-09 2.86959e-09 1.46312e-09 7.45985e-10 3.80338e-10 1.93909e-10 9.88594e-11 5.03996e-11 2.56936e-11 1.30983e-11 6.67719e-12 3.40379e-12 1.73509e-12 8.84448e-13 4.5083e-13 2.29797e-13 1.17129e-13 5.97005e-14 3.04285e-14 1.55087e-14 7.90425e-15 4.02844e-15 2.05307e-15 1.04632e-15 5.33228e-16 2.71741e-16 1.3848e-16 7.05686e-17 3.59607e-17 1.83246e-17 9.33759e-18 4.75802e-18 2.42443e-18 1.23533e-18 6.29436e-19 3.20709e-19 1.63404e-19 8.32542e-20 4.24172e-20 2.16108e-20 1.10101e-20 5.60925e-21 2.85766e-21 1.45582e-21 7.41652e-22 3.77819e-22 1.92469e-22 9.8046e-23 4.9945e-23 2.54418e-23 1.29597e-23 6.60142e-24 3.36257e-24 1.71277e-24 8.7241e-25 4.4436e-25 2.2633e-25 1.15277e-25 5.87135e-26 2.99038e-26 1.52303e-26 7.7568e-27 3.95049e-27 2.01193e-27 1.02464e-27 5.21818e-28 2.65744e-28 1.35332e-28 6.89179e-29 3.5096e-29 1.78722e-29 9.10103e-30 4.63445e-30 2.35993e-30 1.2017e-30 6.11907e-31 3.1158e-31 1.58653e-31 8.07833e-32 4.11329e-32 2.09436e-32 1.06637e-32 5.42948e-33 2.76441e-33 1.40748e-33 7.16601e-34 3.64844e-34 1.85751e-34 9.45691e-35 4.81462e-35 2.45115e-35 1.24788e-35 6.35289e-36 3.23418e-36 1.64646e-36 8.38174e-37 4.26689e-37 2.17212e-37 1.10574e-37 5.62879e-38
2.54928e-07 2.86613e-09 1.4615e-09 7.45229e-10 3.79988e-10 1.93749e-10 9.87871e-11 5.03674e-11 2.56796e-11 1.30923e-11 6.67477e-12 3.40287e-12 1.73478e-12 8.84369e-13 4.5083e-13 2.29817e-13 1.1715e-13 5.97164e-14 3.04394e-14 1.55156e-14 7.90844e-15 4.03093e-15 2.05452e-15 1.04714e-15 5.33695e-16 2.72001e-16 1.38625e-16 7.06484e-17 3.60043e-17 1.83484e-17 9.35049e-18 4.76499e-18 2.42818e-18 1.23735e-18 6.30513e-19 3.21284e-19 1.6371e-19 8.3417e-20 4.25036e-20 2.16565e-20 1.10343e-20 5.62202e-21 2.86439e-21 1.45937e-21 7.43516e-22 3.78798e-22 1.92983e-22 9.83155e-23 5.00862e-23 2.55157e-23 1.29984e-23 6.6216e-24 3.37311e-24 1.71827e-24 8.75277e-25 4.45854e-25 2.27108e-25 1.15682e-25 5.89241e-26 3.00133e-26 1.52872e-26 7.78635e-27 3.96584e-27 2.0199e-27 1.02877e-27 5.2396e-28 2.66854e-28 1.35907e-28 6.92158e-29 3.52502e-29 1.7952e-29 9.14233e-30 4.65581e-30 2.37098e-30 1.20741e-30 6.14859e-31 3.13105e-31 1.59441e-31 8.119e-32 4.13428e-32 2.1052e-32 1.07196e-32 5.45833e-33 2.77929e-33 1.41516e-33 7.20557e-34 3.66883e-34 1.86802e-34 9.51105e-35 4.84252e-35 2.46552e-35 1.25528e-35 6.39099e-36 3.25379e-36 1.65656e-36 8.43369e-37 4.29363e-37 2.18588e-37 1.11281e-37 5.66517e-38 2.88403e-38
1.29264e-07 1.45961e-09 7.44335e-10 3.79569e-10 1.93554e-10 9.86967e-11 5.03261e-11 2.56609e-11 1.3084e-11 6.67115e-12 3.40133e-12 1.73415e-12 8.8413e-13 4.50749e-13 2.29797e-13 1.1715e-13 5.97217e-14 3.04448e-14 1.55197e-14 7.91123e-15 4.0327e-15 2.0556e-15 1.04778e-15 5.34068e-16 2.72215e-16 1.38746e-16 7.07159e-17 3.60418e-17 1.8369e-17 9.36178e-18 4.77114e-18 2.43152e-18 1.23915e-18 6.31484e-19 3.21805e-19 1.63989e-19 8.35658e-20 4.25829e-20 2.16987e-20 1.10566e-20 5.63385e-21 2.87065e-21 1.46267e-21 7.45259e-22 3.79716e-22 1.93465e-22 9.8569e-23 5.02192e-23 2.55854e-23 1.30349e-23 6.64073e-24 3.38311e-24 1.7235e-24 8.78005e-25 4.47277e-25 2.2785e-25 1.16069e-25 5.91256e-26 3.01181e-26 1.53417e-26 7.81471e-27 3.98057e-27 2.02755e-27 1.03274e-27 5.26023e-28 2.67924e-28 1.36462e-28 6.95034e-29 3.53992e-29 1.80292e-29 9.18229e-30 4.67649e-30 2.38168e-30 1.21294e-30 6.17721e-31 3.14585e-31 1.60206e-31 8.15852e-32 4.15469e-32 2.11573e-32 1.0774e-32 5.48641e-33 2.79379e-33 1.42263e-33 7.24414e-34 3.68872e-34 1.87827e-34 9.56391e-35 4.86976e-35 2.47956e-35 1.26251e-35 6.42823e-36 3.27297e-36 1.66643e-36 8.48454e-37 4.3198e-37 2.19935e-37 1.11974e-37 5.70083e-38 2.90237e-38 1.47762e-38
6.55452e-08 7.43305e-10 3.7908e-10 1.93323e-10 9.85884e-11 5.02755e-11 2.56376e-11 1.30733e-11 6.66631e-12 3.39918e-12 1.73322e-12 8.83733e-13 4.50588e-13 2.29735e-13 1.17129e-13 5.97164e-14 3.04448e-14 1.55211e-14 7.91263e-15 4.03377e-15 2.05632e-15 1.04824e-15 5.34348e-16 2.72381e-16 1.38842e-16 7.07711e-17 3.6073e-17 1.83865e-17 9.37147e-18 4.77647e-18 2.43444e-18 1.24074e-18 6.32347e-19 3.22271e-19 1.6424e-19 8.37006e-20 4.2655e-20 2.17372e-20 1.10772e-20 5.64476e-21 2.87644e-21 1.46574e-21 7.46879e-22 3.80571e-22 1.93916e-22 9.88065e-23 5.03442e-23 2.56511e-23 1.30693e-23 6.65879e-24 3.39257e-24 1.72845e-24 8.80595e-25 4.4863e-25 2.28557e-25 1.16438e-25 5.93178e-26 3.02183e-26 1.53939e-26 7.84186e-27 3.9947e-27 2.03489e-27 1.03656e-27 5.28005e-28 2.68953e-28 1.36996e-28 6.97805e-29 3.55429e-29 1.81036e-29 9.22089e-30 4.69649e-30 2.39203e-30 1.2183e-30 6.20494e-31 3.16019e-31 1.60947e-31 8.19686e-32 4.17451e-32 2.12597e-32 1.08269e-32 5.51372e-33 2.80789e-33 1.42991e-33 7.2817e-34 3.70809e-34 1.88827e-34 9.61546e-35 4.89634e-35 2.49326e-35 1.26957e-35 6.46462e-36 3.29172e-36 1.67609e-36 8.53427e-37 4.34541e-37 2.21253e-37 1.12653e-37 5.73576e-38 2.92035e-38 1.48687e-38 7.57018e-39
3.32355e-08 3.78522e-10 1.93057e-10 9.8462e-11 5.02159e-11 2.56096e-11 1.30603e-11 6.66028e-12 3.39642e-12 1.73197e-12 8.83177e-13 4.50345e-13 2.29632e-13 1.17088e-13 5.97005e-14 3.04394e-14 1.55197e-14 7.91263e-15 4.03412e-15 2.05668e-15 1.04852e-15 5.34535e-16 2.725e-16 1.38915e-16 7.08141e-17 3.6098e-17 1.84008e-17 9.37954e-18 4.78099e-18 2.43694e-18 1.24212e-18 6.33103e-19 3.22683e-19 1.64463e-19 8.38213e-20 4.272e-20 2.1772e-20 1.10958e-20 5.65472e-21 2.88174e-21 1.46856e-21 7.48376e-22 3.81364e-22 1.94336e-22 9.90279e-23 5.04609e-23 2.57125e-23 1.31017e-23 6.67578e-24 3.40149e-24 1.73312e-24 8.83044e-25 4.49912e-25 2.29227e-25 1.16788e-25 5.95007e-26 3.03137e-26 1.54436e-26 7.8678e-27 4.00821e-27 2.04193e-27 1.04022e-27 5.29907e-28 2.69942e-28 1.3751e-28 7.00471e-29 3.56813e-29 1.81754e-29 9.25811e-30 4.71578e-30 2.40203e-30 1.22348e-30 6.23176e-31 3.17407e-31 1.61666e-31 8.23402e-32 4.19373e-32 2.13591e-32 1.08783e-32 5.54026e-33 2.82159e-33 1.43699e-33 7.31825e-34 3.72696e-34 1.898e-34 9.66569e-35 4.92225e-35 2.50662e-35 1.27646e-35 6.50014e-36 3.31002e-36 1.68552e-36 8.58287e-37 4.37044e-37 2.22542e-37 1.13317e-37 5.76995e-38 2.93794e-38 1.49593e-38 7.61678e-39 3.87818e-39
1.68525e-08 1.92756e-10 9.83177e-11 5.01471e-11 2.55769e-11 1.30449e-11 6.65304e-12 3.39304e-12 1.73041e-12 8.82463e-13 4.50022e-13 2.29489e-13 1.17025e-13 5.9674e-14 3.04285e-14 1.55156e-14 7.91123e-15 4.03377e-15 2.05668e-15 1.04861e-15 5.34629e-16 2.72571e-16 1.38963e-16 7.08448e-17 3.61167e-17 1.84119e-17 9.38601e-18 4.78469e-18 2.43903e-18 1.24329e-18 6.33751e-19 3.2304e-19 1.64659e-19 8.39278e-20 4.27778e-20 2.18033e-20 1.11126e-20 5.66375e-21 2.88657e-21 1.47114e-21 7.4975e-22 3.82095e-22 1.94723e-22 9.92332e-23 5.05695e-23 2.57698e-23 1.31319e-23 6.69169e-24 3.40986e-24 1.73752e-24 8.85352e-25 4.51123e-25 2.29861e-25 1.1712e-25 5.96743e-26 3.04044e-26 1.5491e-26 7.89252e-27 4.0211e-27 2.04864e-27 1.04371e-27 5.31729e-28 2.70889e-28 1.38002e-28 7.03032e-29 3.58143e-29 1.82445e-29 9.29396e-30 4.73438e-30 2.41168e-30 1.22848e-30 6.25766e-31 3.18749e-31 1.6236e-31 8.26999e-32 4.21234e-32 2.14554e-32 1.09281e-32 5.566e-33 2.8349e-33 1.44387e-33 7.35377e-34 3.7453e-34 1.90747e-34 9.71458e-35 4.94748e-35 2.51964e-35 1.28318e-35 6.53477e-36 3.32789e-36 1.69473e-36 8.63033e-37 4.3949e-37 2.23802e-37 1.13966e-37 5.80338e-38 2.95516e-38 1.50479e-38 7.66241e-39 3.90167e-39 1.98669e-39
8.54528e-09 9.81555e-11 5.00691e-11 2.55396e-11 1.30271e-11 6.64459e-12 3.38906e-12 1.72854e-12 8.8159e-13 4.49619e-13 2.29304e-13 1.16941e-13 5.96368e-14 3.04124e-14 1.55087e-14 7.90844e-15 4.0327e-15 2.05632e-15 1.04852e-15 5.34629e-16 2.72595e-16 1.38987e-16 7.08633e-17 3.61292e-17 1.84199e-17 9.39086e-18 4.78757e-18 2.4407e-18 1.24425e-18 6.34292e-19 3.23343e-19 1.64827e-19 8.40202e-20 4.28284e-20 2.18308e-20 1.11276e-20 5.67183e-21 2.89093e-21 1.47347e-21 7.51e-22 3.82762e-22 1.95079e-22 9.94222e-23 5.06698e-23 2.5823e-23 1.316e-23 6.70653e-24 3.41769e-24 1.74164e-24 8.8752e-25 4.52262e-25 2.30459e-25 1.17433e-25 5.98385e-26 3.04904e-26 1.5536e-26 7.91601e-27 4.03336e-27 2.05505e-27 1.04705e-27 5.33468e-28 2.71795e-28 1.38474e-28 7.05486e-29 3.59419e-29 1.83108e-29 9.32842e-30 4.75227e-30 2.42096e-30 1.2333e-30 6.28265e-31 3.20044e-31 1.63032e-31 8.30476e-32 4.23035e-32 2.15486e-32 1.09763e-32 5.59095e-33 2.84781e-33 1.45054e-33 7.38825e-34 3.76313e-34 1.91668e-34 9.76213e-35 4.97203e-35 2.53231e-35 1.28972e-35 6.56853e-36 3.3453e-36 1.70371e-36 8.67663e-37 4.41877e-37 2.25033e-37 1.146e-37 5.83605e-38 2.97199e-38 1.51346e-38 7.70706e-39 3.92465e-39 1.99852e-39 1.01768e-39
4.333e-09 4.99821e-11 2.54977e-11 1.30069e-11 6.63495e-12 3.38446e-12 1.72635e-12 8.80559e-13 4.49135e-13 2.29078e-13 1.16837e-13 5.9589e-14 3.03908e-14 1.54991e-14 7.90425e-15 4.03093e-15 2.0556e-15 1.04824e-15 5.34535e-16 2.72571e-16 1.38987e-16 7.08694e-17 3.61355e-17 1.84246e-17 9.39409e-18 4.78962e-18 2.44196e-18 1.24499e-18 6.34724e-19 3.2359e-19 1.64967e-19 8.40985e-20 4.28718e-20 2.18548e-20 1.11407e-20 5.67896e-21 2.8948e-21 1.47557e-21 7.52126e-22 3.83367e-22 1.95402e-22 9.9595e-23 5.07618e-23 2.58719e-23 1.3186e-23 6.72028e-24 3.42496e-24 1.74548e-24 8.89545e-25 4.53328e-25 2.3102e-25 1.17728e-25 5.99933e-26 3.05715e-26 1.55785e-26 7.93827e-27 4.045e-27 2.06113e-27 1.05023e-27 5.35126e-28 2.7266e-28 1.38925e-28 7.07833e-29 3.60641e-29 1.83744e-29 9.36148e-30 4.76945e-30 2.42989e-30 1.23793e-30 6.30671e-31 3.21293e-31 1.63679e-31 8.33832e-32 4.24774e-32 2.16387e-32 1.10229e-32 5.61511e-33 2.86031e-33 1.457e-33 7.4217e-34 3.78042e-34 1.92562e-34 9.80832e-35 4.9959e-35 2.54464e-35 1.29608e-35 6.60138e-36 3.36225e-36 1.71246e-36 8.72177e-37 4.44205e-37 2.26233e-37 1.15219e-37 5.86795e-38 2.98843e-38 1.52193e-38 7.7507e-39 3.94713e-39 2.0101e-39 1.02364e-39 5.21282e-40
2.1971e-09 2.54511e-11 1.29844e-11 6.62411e-12 3.37925e-12 1.72386e-12 8.79371e-13 4.48571e-13 2.28812e-13 1.16712e-13 5.95307e-14 3.03638e-14 1.54867e-14 7.89867e-15 4.02844e-15 2.05452e-15 1.04778e-15 5.34348e-16 2.725e-16 1.38963e-16 7.08633e-17 3.61355e-17 1.84262e-17 9.39571e-18 4.79085e-18 2.4428e-18 1.24552e-18 6.35049e-19 3.23783e-19 1.65079e-19 8.41625e-20 4.2908e-20 2.1875e-20 1.11519e-20 5.68515e-21 2.89819e-21 1.47741e-21 7.53128e-22 3.83908e-22 1.95694e-22 9.97515e-23 5.08456e-23 2.59166e-23 1.32098e-23 6.73295e-24 3.43168e-24 1.74904e-24 8.91428e-25 4.54323e-25 2.31545e-25 1.18004e-25 6.01386e-26 3.06479e-26 1.56186e-26 7.95928e-27 4.05601e-27 2.06689e-27 1.05324e-27 5.36702e-28 2.73483e-28 1.39354e-28 7.10073e-29 3.61808e-29 1.84352e-29 9.39313e-30 4.78592e-30 2.43845e-30 1.24239e-30 6.32983e-31 3.22494e-31 1.64302e-31 8.37066e-32 4.26451e-32 2.17256e-32 1.1068e-32 5.63846e-33 2.8724e-33 1.46326e-33 7.45409e-34 3.79718e-34 1.93429e-34 9.85314e-35 5.01907e-35 2.55661e-35 1.30227e-35 6.63333e-36 3.37875e-36 1.72098e-36 8.76573e-37 4.46473e-37 2.27404e-37 1.15823e-37 5.89908e-38 3.00448e-38 1.5302e-38 7.79333e-39 3.9691e-39 2.02142e-39 1.02947e-39 5.24284e-40 2.67002e-40
1.11407e-09 1.29596e-11 6.61208e-12 3.37344e-12 1.72106e-12 8.78025e-13 4.47926e-13 2.28505e-13 1.16566e-13 5.94618e-14 3.03314e-14 1.54717e-14 7.89169e-15 4.02525e-15 2.05307e-15 1.04714e-15 5.34068e-16 2.72381e-16 1.38915e-16 7.08448e-17 3.61292e-17 1.84246e-17 9.39571e-18 4.79127e-18 2.44321e-18 1.24584e-18 6.35265e-19 3.2392e-19 1.65163e-19 8.42123e-20 4.29369e-20 2.18916e-20 1.11613e-20 5.69039e-21 2.90109e-21 1.47901e-21 7.54005e-22 3.84386e-22 1.95953e-22 9.98916e-23 5.0921e-23 2.59571e-23 1.32315e-23 6.74453e-24 3.43785e-24 1.75232e-24 8.93169e-25 4.55245e-25 2.32032e-25 1.18262e-25 6.02743e-26 3.07194e-26 1.56562e-26 7.97905e-27 4.06639e-27 2.07234e-27 1.0561e-27 5.38195e-28 2.74264e-28 1.39762e-28 7.12204e-29 3.62921e-29 1.84932e-29 9.42336e-30 4.80167e-30 2.44665e-30 1.24665e-30 6.35202e-31 3.23647e-31 1.64902e-31 8.40178e-32 4.28066e-32 2.18094e-32 1.11115e-32 5.66099e-33 2.88408e-33 1.46931e-33 7.48543e-34 3.8134e-34 1.94268e-34 9.89658e-35 5.04153e-35 2.56823e-35 1.30828e-35 6.66437e-36 3.39479e-36 1.72926e-36 8.8085e-37 4.48681e-37 2.28543e-37 1.16411e-37 5.92942e-38 3.02013e-38 1.53827e-38 7.83495e-39 3.99055e-39 2.03247e-39 1.03517e-39 5.27219e-40 2.68514e-40 1.36753e-40
5.64903e-10 6.59886e-12 3.36702e-12 1.71795e-12 8.76521e-13 4.47202e-13 2.28156e-13 1.16399e-13 5.93823e-14 3.02937e-14 1.54538e-14 7.88332e-15 4.02134e-15 2.05127e-15 1.04632e-15 5.33695e-16 2.72215e-16 1.38842e-16 7.08141e-17 3.61167e-17 1.84199e-17 9.39409e-18 4.79085e-18 2.44321e-18 1.24595e-18 6.35374e-19 3.24003e-19 1.65219e-19 8.42479e-20 4.29586e-20 2.19045e-20 1.11688e-20 5.69468e-21 2.90352e-21 1.48037e-21 7.54757e-22 3.848e-22 1.9618e-22 1.00015e-22 5.09881e-23 2.59934e-23 1.3251e-23 6.75501e-24 3.44346e-24 1.75532e-24 8.94765e-25 4.56094e-25 2.32483e-25 1.185e-25 6.04006e-26 3.07861e-26 1.56913e-26 7.99757e-27 4.07614e-27 2.07746e-27 1.05878e-27 5.39604e-28 2.75002e-28 1.40149e-28 7.14226e-29 3.63978e-29 1.85484e-29 9.45217e-30 4.8167e-30 2.45449e-30 1.25073e-30 6.37326e-31 3.24752e-31 1.65476e-31 8.43166e-32 4.29619e-32 2.18901e-32 1.11533e-32 5.68271e-33 2.89534e-33 1.47515e-33 7.5157e-34 3.82908e-34 1.9508e-34 9.93863e-35 5.0633e-35 2.57949e-35 1.3141e-35 6.69448e-36 3.41035e-36 1.7373e-36 8.85007e-37 4.50829e-37 2.29652e-37 1.16983e-37 5.95897e-38 3.03538e-38 1.54614e-38 7.87553e-39 4.01148e-39 2.04326e-39 1.04073e-39 5.30086e-40 2.69991e-40 1.37514e-40 7.0039e-41
2.86441e-10 3.35999e-12 1.71453e-12 8.74861e-13 4.46397e-13 2.27768e-13 1.16212e-13 5.92923e-14 3.02506e-14 1.54333e-14 7.87357e-15 4.01674e-15 2.0491e-15 1.04531e-15 5.33228e-16 2.72001e-16 1.38746e-16 7.07711e-17 3.6098e-17 1.84119e-17 9.39086e-18 4.78962e-18 2.4428e-18 1.24584e-18 6.35374e-19 3.2403e-19 1.65247e-19 8.42693e-20 4.29731e-20 2.19137e-20 1.11744e-20 5.69802e-21 2.90546e-21 1.48148e-21 7.55384e-22 3.85151e-22 1.96375e-22 1.00123e-22 5.10469e-23 2.60254e-23 1.32684e-23 6.7644e-24 3.44852e-24 1.75803e-24 8.96218e-25 4.5687e-25 2.32896e-25 1.1872e-25 6.05172e-26 3.08479e-26 1.5724e-26 8.01484e-27 4.08524e-27 2.08225e-27 1.06131e-27 5.4093e-28 2.75698e-28 1.40514e-28 7.16139e-29 3.64979e-29 1.86008e-29 9.47955e-30 4.831e-30 2.46195e-30 1.25463e-30 6.39356e-31 3.2581e-31 1.66027e-31 8.4603e-32 4.31109e-32 2.19675e-32 1.11936e-32 5.7036e-33 2.90619e-33 1.48078e-33 7.54489e-34 3.84422e-34 1.95865e-34 9.97927e-35 5.08434e-35 2.59039e-35 1.31974e-35 6.72367e-36 3.42545e-36 1.74511e-36 8.89043e-37 4.52915e-37 2.3073e-37 1.1754e-37 5.98772e-38 3.05022e-38 1.5538e-38 7.91507e-39 4.03188e-39 2.05379e-39 1.04616e-39 5.32885e-40 2.71434e-40 1.38258e-40 7.04222e-41 3.58694e-41
1.45244e-10 1.7108e-12 8.73045e-13 4.45514e-13 2.27339e-13 1.16004e-13 5.91918e-14 3.02022e-14 1.541e-14 7.86242e-15 4.01142e-15 2.04658e-15 1.04412e-15 5.32668e-16 2.71741e-16 1.38625e-16 7.07159e-17 3.6073e-17 1.84008e-17 9.38601e-18 4.78757e-18 2.44196e-18 1.24552e-18 6.35265e-19 3.24003e-19 1.65247e-19 8.42764e-20 4.29804e-20 2.19192e-20 1.11781e-20 5.7004e-21 2.90691e-21 1.48234e-21 7.55886e-22 3.85439e-22 1.96537e-22 1.00213e-22 5.10973e-23 2.60532e-23 1.32836e-23 6.77269e-24 3.45302e-24 1.76046e-24 8.97527e-25 4.57572e-25 2.33273e-25 1.18921e-25 6.06243e-26 3.09048e-26 1.57542e-26 8.03084e-27 4.09371e-27 2.08672e-27 1.06367e-27 5.42172e-28 2.76352e-28 1.40857e-28 7.17942e-29 3.65925e-29 1.86504e-29 9.5055e-30 4.84457e-30 2.46904e-30 1.25833e-30 6.41289e-31 3.26818e-31 1.66553e-31 8.48769e-32 4.32535e-32 2.20417e-32 1.12322e-32 5.72367e-33 2.91661e-33 1.4862e-33 7.573e-34 3.8588e-34 1.96621e-34 1.00185e-34 5.10468e-35 2.60092e-35 1.3252e-35 6.75192e-36 3.44007e-36 1.75268e-36 8.92957e-37 4.54938e-37 2.31776e-37 1.18081e-37 6.01566e-38 3.06466e-38 1.56126e-38 7.95356e-39 4.05175e-39 2.06404e-39 1.05145e-39 5.35614e-40 2.72842e-40 1.38984e-40 7.07964e-41 3.60623e-41 1.83692e-41
7.36477e-11 8.71074e-13 4.44551e-13 2.26869e-13 1.15776e-13 5.90808e-14 3.01484e-14 1.5384e-14 7.8499e-15 4.0054e-15 2.0437e-15 1.04274e-15 5.32016e-16 2.71432e-16 1.3848e-16 7.06484e-17 3.60418e-17 1.83865e-17 9.37954e-18 4.78469e-18 2.4407e-18 1.24499e-18 6.35049e-19 3.2392e-19 1.65219e-19 8.42693e-20 4.29804e-20 2.1921e-20 1.118e-20 5.70183e-21 2.90788e-21 1.48296e-21 7.56263e-22 3.85662e-22 1.96667e-22 1.00288e-22 5.11393e-23 2.60767e-23 1.32966e-23 6.77988e-24 3.45695e-24 1.76261e-24 8.98692e-25 4.58202e-25 2.33611e-25 1.19103e-25 6.07217e-26 3.09568e-26 1.5782e-26 8.04558e-27 4.10153e-27 2.09087e-27 1.06586e-27 5.4333e-28 2.76963e-28 1.41179e-28 7.19635e-29 3.66815e-29 1.86971e-29 9.52999e-30 4.85741e-30 2.47576e-30 1.26185e-30 6.43127e-31 3.27778e-31 1.67054e-31 8.51382e-32 4.33897e-32 2.21127e-32 1.12691e-32 5.7429e-33 2.92661e-33 1.4914e-33 7.60002e-34 3.87284e-34 1.9735e-34 1.00563e-34 5.12429e-35 2.61109e-35 1.33047e-35 6.77922e-36 3.45422e-36 1.76e-36 8.96747e-37 4.569e-37 2.32791e-37 1.18606e-37 6.04279e-38 3.07868e-38 1.5685e-38 7.99099e-39 4.07108e-39 2.07402e-39 1.0566e-39 5.38273e-40 2.74214e-40 1.39691e-40 7.11614e-41 3.62505e-41 1.84662e-41 9.40668e-42
3.7344e-11 4.43509e-13 2.26359e-13 1.15527e-13 5.89594e-14 3.00893e-14 1.53553e-14 7.83599e-15 3.99868e-15 2.04046e-15 1.04118e-15 5.31271e-16 2.71077e-16 1.38311e-16 7.05686e-17 3.60043e-17 1.8369e-17 9.37147e-18 4.78099e-18 2.43903e-18 1.24425e-18 6.34724e-19 3.23783e-19 1.65163e-19 8.42479e-20 4.29731e-20 2.19192e-20 1.118e-20 5.70231e-21 2.90837e-21 1.48333e-21 7.56514e-22 3.85822e-22 1.96765e-22 1.00346e-22 5.11729e-23 2.60959e-23 1.33075e-23 6.78596e-24 3.46033e-24 1.76447e-24 8.99711e-25 4.58757e-25 2.33913e-25 1.19266e-25 6.08095e-26 3.1004e-26 1.58072e-26 8.05906e-27 4.10871e-27 2.09468e-27 1.06788e-27 5.44404e-28 2.7753e-28 1.41479e-28 7.21217e-29 3.67648e-29 1.87409e-29 9.55304e-30 4.86951e-30 2.48211e-30 1.26517e-30 6.44868e-31 3.28689e-31 1.6753e-31 8.53869e-32 4.35195e-32 2.21804e-32 1.13044e-32 5.76129e-33 2.93619e-33 1.49638e-33 7.62594e-34 3.88631e-34 1.9805e-34 1.00927e-34 5.14317e-35 2.62089e-35 1.33555e-35 6.80558e-36 3.46788e-36 1.76708e-36 9.00414e-37 4.58799e-37 2.33774e-37 1.19114e-37 6.0691e-38 3.09229e-38 1.57554e-38 8.02735e-39 4.08987e-39 2.08373e-39 1.06161e-39 5.40862e-40 2.7555e-40 1.40381e-40 7.15173e-41 3.64341e-41 1.85609e-41 9.4555e-42 4.81687e-42
1.89358e-11 2.25809e-13 1.15257e-13 5.88276e-14 3.00249e-14 1.53239e-14 7.82071e-15 3.99126e-15 2.03686e-15 1.03945e-15 5.30433e-16 2.70674e-16 1.38119e-16 7.04767e-17 3.59607e-17 1.83484e-17 9.36178e-18 4.77647e-18 2.43694e-18 1.24329e-18 6.34292e-19 3.2359e-19 1.65079e-19 8.42123e-20 4.29586e-20 2.19137e-20 1.11781e-20 5.70183e-21 2.90837e-21 1.48345e-21 7.5664e-22 3.85918e-22 1.9683e-22 1.00387e-22 5.11981e-23 2.61109e-23 1.33162e-23 6.79095e-24 3.46315e-24 1.76605e-24 9.00586e-25 4.59239e-25 2.34177e-25 1.1941e-25 6.08875e-26 3.10461e-26 1.58299e-26 8.07126e-27 4.11524e-27 2.09817e-27 1.06974e-27 5.45392e-28 2.78055e-28 1.41757e-28 7.22688e-29 3.68425e-29 1.87819e-29 9.57463e-30 4.88086e-30 2.48808e-30 1.26831e-30 6.46512e-31 3.2955e-31 1.67981e-31 8.56229e-32 4.36429e-32 2.22448e-32 1.1338e-32 5.77883e-33 2.94534e-33 1.50115e-33 7.65075e-34 3.89923e-34 1.98722e-34 1.01276e-34 5.16132e-35 2.63032e-35 1.34044e-35 6.83098e-36 3.48105e-36 1.77391e-36 9.03956e-37 4.60634e-37 2.34724e-37 1.19606e-37 6.09458e-38 3.10547e-38 1.58236e-38 8.06263e-39 4.10811e-39 2.09315e-39 1.06649e-39 5.43378e-40 2.7685e-40 1.41052e-40 7.18638e-41 3.66129e-41 1.86532e-41 9.50312e-42 4.84143e-42 2.46647e-42
9.60163e-12 1.14967e-13 5.86854e-14 2.99553e-14 1.52898e-14 7.80406e-15 3.98314e-15 2.03291e-15 1.03753e-15 5.29503e-16 2.70225e-16 1.37902e-16 7.03726e-17 3.59108e-17 1.83246e-17 9.35049e-18 4.77114e-18 2.43444e-18 1.24212e-18 6.33751e-19 3.23343e-19 1.64967e-19 8.41625e-20 4.29369e-20 2.19045e-20 1.11744e-20 5.7004e-21 2.90788e-21 1.48333e-21 7.5664e-22 3.8595e-22 1.96862e-22 1.00412e-22 5.1215e-23 2.61216e-23 1.33227e-23 6.79482e-24 3.4654e-24 1.76734e-24 9.01315e-25 4.59647e-25 2.34403e-25 1.19535e-25 6.09559e-26 3.10834e-26 1.58501e-26 8.08218e-27 4.12113e-27 2.10133e-27 1.07143e-27 5.46296e-28 2.78537e-28 1.42013e-28 7.24047e-29 3.69145e-29 1.882e-29 9.59475e-30 4.89148e-30 2.49367e-30 1.27125e-30 6.48059e-31 3.30362e-31 1.68407e-31 8.58461e-32 4.37597e-32 2.2306e-32 1.137e-32 5.79553e-33 2.95405e-33 1.50569e-33 7.67446e-34 3.91158e-34 1.99365e-34 1.01611e-34 5.17873e-35 2.63937e-35 1.34515e-35 6.85542e-36 3.49374e-36 1.7805e-36 9.07371e-37 4.62405e-37 2.35642e-37 1.20082e-37 6.11923e-38 3.11823e-38 1.58897e-38 8.09681e-39 4.1258e-39 2.1023e-39 1.07122e-39 5.45823e-40 2.78113e-40 1.41705e-40 7.22009e-41 3.6787e-41 1.87431e-41 9.54951e-42 4.86537e-42 2.47882e-42 1.2629e-42
4.86863e-12 5.85329e-14 2.98803e-14 1.52531e-14 7.78605e-15 3.97433e-15 2.02861e-15 1.03543e-15 5.28481e-16 2.69728e-16 1.37661e-16 7.02563e-17 3.58547e-17 1.82977e-17 9.33759e-18 4.76499e-18 2.43152e-18 1.24074e-18 6.33103e-19 3.2304e-19 1.64827e-19 8.40985e-20 4.2908e-20 2.18916e-20 1.11688e-20 5.69802e-21 2.90691e-21 1.48296e-21 7.56514e-22 3.85918e-22 1.96862e-22 1.0042e-22 5.12234e-23 2.6128e-23 1.33271e-23 6.79759e-24 3.46709e-24 1.76834e-24 9.01898e-25 4.59981e-25 2.34592e-25 1.1964e-25 6.10145e-26 3.11157e-26 1.58678e-26 8.09183e-27 4.12636e-27 2.10416e-27 1.07296e-27 5.47114e-28 2.78975e-28 1.42247e-28 7.25294e-29 3.69808e-29 1.88552e-29 9.6134e-30 4.90135e-30 2.49888e-30 1.274e-30 6.49507e-31 3.31125e-31 1.68807e-31 8.60565e-32 4.38701e-32 2.23638e-32 1.14003e-32 5.81138e-33 2.96234e-33 1.51002e-33 7.69705e-34 3.92336e-34 1.99979e-34 1.01931e-34 5.1954e-35 2.64804e-35 1.34966e-35 6.87888e-36 3.50594e-36 1.78683e-36 9.1066e-37 4.64112e-37 2.36528e-37 1.20541e-37 6.14303e-38 3.13057e-38 1.59536e-38 8.12991e-39 4.14293e-39 2.11117e-39 1.0758e-39 5.48196e-40 2.7934e-40 1.42339e-40 7.25286e-41 3.69563e-41 1.88305e-41 9.59467e-42 4.88868e-42 2.49085e-42 1.26911e-42 6.46611e-43
2.4687e-12 2.98001e-14 1.52136e-14 7.76667e-15 3.96482e-15 2.02395e-15 1.03315e-15 5.27367e-16 2.69185e-16 1.37397e-16 7.01279e-17 3.57925e-17 1.82676e-17 9.32309e-18 4.75802e-18 2.42818e-18 1.23915e-18 6.32347e-19 3.22683e-19 1.64659e-19 8.40202e-20 4.28718e-20 2.1875e-20 1.11613e-20 5.69468e-21 2.90546e-21 1.48234e-21 7.56263e-22 3.85822e-22 1.9683e-22 1.00412e-22 5.12234e-23 2.61302e-23 1.33293e-23 6.79925e-24 3.46822e-24 1.76906e-24 9.02336e-25 4.60241e-25 2.34743e-25 1.19727e-25 6.10633e-26 3.1143e-26 1.5883e-26 8.10019e-27 4.13094e-27 2.10666e-27 1.07431e-27 5.47847e-28 2.79369e-28 1.42459e-28 7.26429e-29 3.70414e-29 1.88875e-29 9.63058e-30 4.91047e-30 2.50372e-30 1.27656e-30 6.50858e-31 3.31837e-31 1.69183e-31 8.6254e-32 4.39739e-32 2.24183e-32 1.14289e-32 5.82636e-33 2.97019e-33 1.51413e-33 7.71851e-34 3.93458e-34 2.00565e-34 1.02236e-34 5.21132e-35 2.65634e-35 1.35398e-35 6.90137e-36 3.51763e-36 1.79291e-36 9.13821e-37 4.65754e-37 2.37381e-37 1.20984e-37 6.16599e-38 3.14247e-38 1.60153e-38 8.16189e-39 4.1595e-39 2.11975e-39 1.08024e-39 5.50495e-40 2.80529e-40 1.42954e-40 7.28467e-41 3.71208e-41 1.89155e-41 9.63857e-42 4.91136e-42 2.50256e-42 1.27515e-42 6.49732e-43 3.31055e-43
