0.989995 0.00245731 0.00124098 0.000626713 0.0003165 0.000159837 8.07201e-05 4.07648e-05 2.05869e-05 1.03967e-05 5.25048e-06 2.65157e-06 1.33908e-06 6.76256e-07 3.4152e-07 1.72472e-07 8.71012e-08 4.39874e-08 2.22143e-08 1.12186e-08 5.66554e-09 2.86118e-09 1.44494e-09 7.29716e-10 3.68518e-10 1.86107e-10 9.39867e-11 4.74647e-11 2.39704e-11 1.21054e-11 6.11341e-12 3.08736e-12 1.55917e-12 7.87402e-13 3.9765e-13 2.00819e-13 1.01417e-13 5.12169e-14 2.58653e-14 1.30624e-14 6.59669e-15 3.33143e-15 1.68242e-15 8.49648e-16 4.29085e-16 2.16694e-16 1.09434e-16 5.52657e-17 2.791e-17 1.4095e-17 7.11818e-18 3.59479e-18 1.81542e-18 9.16814e-19 4.63005e-19 2.33824e-19 1.18085e-19 5.96346e-20 3.01164e-20 1.52092e-20 7.68088e-21 3.87896e-21 1.95893e-21 9.89291e-22 4.99607e-22 2.52309e-22 1.2742e-22 6.43489e-23 3.24971e-23 1.64115e-23 8.28808e-24 4.1856e-24 2.11379e-24 1.0675e-24 5.39102e-25 2.72254e-25 1.37493e-25 6.94358e-26 3.50661e-26 1.77089e-26 8.94327e-27 4.51648e-27 2.28089e-27 1.15188e-27 5.81719e-28 2.93777e-28 1.48362e-28 7.49249e-29 3.78382e-29 1.91088e-29 9.65025e-30 4.87352e-30 2.4612e-30 1.24294e-30 6.27705e-31 3.17001e-31 1.6009e-31 8.08479e-32 4.08294e-32 2.06194e-32 1.04131e-32
0.00245731 1.84436e-05 9.34497e-06 4.73485e-06 2.399e-06 1.21548e-06 6.15833e-07 3.12013e-07 1.58081e-07 8.00902e-08 4.05766e-08 2.05574e-08 1.04149e-08 5.27641e-09 2.67311e-09 1.35423e-09 6.86059e-10 3.47558e-10 1.76071e-10 8.91961e-11 4.51855e-11 2.28901e-11 1.15956e-11 5.874e-12 2.97557e-12 1.50731e-12 7.63539e-13 3.86772e-13 1.95919e-13 9.92413e-14 5.02695e-14 2.54632e-14 1.28979e-14 6.53309e-15 3.30915e-15 1.67613e-15 8.48981e-16 4.30015e-16 2.17804e-16 1.10317e-16 5.5875e-17 2.83001e-17 1.43336e-17 7.25969e-18 3.67686e-18 1.86223e-18 9.43161e-19 4.77677e-19 2.41925e-19 1.22524e-19 6.20526e-20 3.14264e-20 1.59157e-20 8.06034e-21 4.08204e-21 2.06728e-21 1.04693e-21 5.30188e-22 2.68498e-22 1.35972e-22 6.88576e-23 3.48701e-23 1.76584e-23 8.9422e-24 4.5283e-24 2.2931e-24 1.1612e-24 5.88016e-25 2.97761e-25 1.50779e-25 7.63509e-26 3.86619e-26 1.95771e-26 9.91313e-27 5.01961e-27 2.54171e-27 1.287e-27 6.51673e-28 3.29972e-28 1.67079e-28 8.45985e-29 4.28352e-29 2.16888e-29 1.09817e-29 5.5603e-30 2.8153e-30 1.42544e-30 7.2172e-31 3.65415e-31 1.85013e-31 9.3673e-32 4.74268e-32 2.40121e-32 1.21572e-32 6.1551e-33 3.11626e-33 1.57772e-33 7.9877e-34 4.04401e-34 2.04738e-34 1.03653e-34
0.00124098 9.34497e-06 4.73508e-06 2.39923e-06 1.21566e-06 6.15953e-07 3.12089e-07 1.58126e-07 8.01172e-08 4.05922e-08 2.05663e-08 1.04199e-08 5.27918e-09 2.67464e-09 1.35507e-09 6.86517e-10 3.47806e-10 1.76205e-10 8.92681e-11 4.5224e-11 2.29107e-11 1.16065e-11 5.87981e-12 2.97865e-12 1.50894e-12 7.64399e-13 3.87226e-13 1.96157e-13 9.93666e-14 5.03353e-14 2.54977e-14 1.29159e-14 6.54251e-15 3.31406e-15 1.6787e-15 8.50318e-16 4.30711e-16 2.18166e-16 1.10505e-16 5.59728e-17 2.83509e-17 1.43599e-17 7.27334e-18 3.68394e-18 1.86589e-18 9.45057e-19 4.78658e-19 2.42431e-19 1.22786e-19 6.21879e-20 3.14962e-20 1.59518e-20 8.07894e-21 4.09164e-21 2.07222e-21 1.04947e-21 5.31501e-22 2.69174e-22 1.3632e-22 6.90368e-23 3.49622e-23 1.77058e-23 8.96658e-24 4.54083e-24 2.29954e-24 1.16451e-24 5.89716e-25 2.98633e-25 1.51228e-25 7.65809e-26 3.87799e-26 1.96377e-26 9.9442e-27 5.03555e-27 2.54988e-27 1.29119e-27 6.53821e-28 3.31073e-28 1.67643e-28 8.48874e-29 4.29832e-29 2.17646e-29 1.10205e-29 5.58017e-30 2.82547e-30 1.43065e-30 7.24385e-31 3.66779e-31 1.85711e-31 9.40299e-32 4.76093e-32 2.41055e-32 1.2205e-32 6.17951e-33 3.12874e-33 1.5841e-33 8.0203e-34 4.06067e-34 2.0559e-34 1.04089e-34 5.26989e-35
0.000626713 4.73485e-06 2.39923e-06 1.21572e-06 6.16012e-07 3.12134e-07 1.58157e-07 8.01365e-08 4.06039e-08 2.05732e-08 1.04239e-08 5.28146e-09 2.67592e-09 1.35578e-09 6.86909e-10 3.48021e-10 1.76322e-10 8.93316e-11 4.52583e-11 2.29291e-11 1.16164e-11 5.88508e-12 2.98146e-12 1.51043e-12 7.65189e-13 3.87643e-13 1.96378e-13 9.94827e-14 5.03963e-14 2.55297e-14 1.29327e-14 6.55132e-15 3.31867e-15 1.68111e-15 8.51577e-16 4.31367e-16 2.18508e-16 1.10684e-16 5.60655e-17 2.8399e-17 1.43849e-17 7.28633e-18 3.69068e-18 1.86939e-18 9.46868e-19 4.79596e-19 2.42917e-19 1.23037e-19 6.23177e-20 3.15633e-20 1.59864e-20 8.09684e-21 4.10087e-21 2.07699e-21 1.05193e-21 5.32768e-22 2.69827e-22 1.36656e-22 6.921e-23 3.50514e-23 1.77517e-23 8.99019e-24 4.55298e-24 2.30579e-24 1.16772e-24 5.91365e-25 2.99481e-25 1.51663e-25 7.68045e-26 3.88947e-26 1.96966e-26 9.97445e-27 5.05107e-27 2.55785e-27 1.29528e-27 6.55915e-28 3.32146e-28 1.68193e-28 8.51695e-29 4.31277e-29 2.18387e-29 1.10584e-29 5.5996e-30 2.83542e-30 1.43574e-30 7.26993e-31 3.68114e-31 1.86394e-31 9.43794e-32 4.77882e-32 2.41969e-32 1.22517e-32 6.20344e-33 3.14097e-33 1.59035e-33 8.05229e-34 4.07702e-34 2.06426e-34 1.04516e-34 5.29172e-35 2.67922e-35
0.0003165 2.399e-06 1.21566e-06 6.16012e-07 3.12149e-07 1.58172e-07 8.01481e-08 4.06117e-08 2.05781e-08 1.04269e-08 5.28323e-09 2.67695e-09 1.35636e-09 6.87236e-10 3.48203e-10 1.76423e-10 8.93867e-11 4.52883e-11 2.29454e-11 1.16252e-11 5.8898e-12 2.98398e-12 1.51178e-12 7.65907e-13 3.88025e-13 1.9658e-13 9.95895e-14 5.04527e-14 2.55595e-14 1.29483e-14 6.55954e-15 3.32298e-15 1.68337e-15 8.52757e-16 4.31985e-16 2.1883e-16 1.10852e-16 5.61531e-17 2.84447e-17 1.44087e-17 7.29867e-18 3.69709e-18 1.87272e-18 9.48594e-19 4.80491e-19 2.43381e-19 1.23277e-19 6.2442e-20 3.16276e-20 1.60197e-20 8.11402e-21 4.10975e-21 2.08157e-21 1.0543e-21 5.33988e-22 2.70456e-22 1.3698e-22 6.93772e-23 3.51376e-23 1.7796e-23 9.01303e-24 4.56473e-24 2.31183e-24 1.17083e-24 5.92965e-25 3.00303e-25 1.52086e-25 7.70217e-26 3.90063e-26 1.97539e-26 1.00039e-26 5.06617e-27 2.5656e-27 1.29925e-27 6.57955e-28 3.33193e-28 1.6873e-28 8.54446e-29 4.32688e-29 2.1911e-29 1.10955e-29 5.61857e-30 2.84514e-30 1.44072e-30 7.29542e-31 3.69419e-31 1.87062e-31 9.47214e-32 4.79632e-32 2.42865e-32 1.22976e-32 6.22689e-33 3.15297e-33 1.59649e-33 8.08366e-34 4.09306e-34 2.07246e-34 1.04935e-34 5.31314e-35 2.69017e-35 1.36209e-35
0.000159837 1.21548e-06 6.15953e-07 3.12134e-07 1.58172e-07 8.01519e-08 4.06156e-08 2.05811e-08 1.04289e-08 5.28449e-09 2.67771e-09 1.35681e-09 6.87498e-10 3.48352e-10 1.76507e-10 8.94333e-11 4.5314e-11 2.29595e-11 1.16329e-11 5.89396e-12 2.98623e-12 1.51299e-12 7.66553e-13 3.8837e-13 1.96763e-13 9.96871e-14 5.05045e-14 2.55868e-14 1.29628e-14 6.56715e-15 3.32698e-15 1.68547e-15 8.53861e-16 4.32563e-16 2.19133e-16 1.1101e-16 5.62356e-17 2.84877e-17 1.44311e-17 7.31036e-18 3.70317e-18 1.87588e-18 9.50236e-19 4.81343e-19 2.43823e-19 1.23507e-19 6.25608e-20 3.16892e-20 1.60515e-20 8.13049e-21 4.11827e-21 2.08597e-21 1.05657e-21 5.35162e-22 2.71062e-22 1.37293e-22 6.95384e-23 3.52207e-23 1.78389e-23 9.0351e-24 4.5761e-24 2.31769e-24 1.17384e-24 5.94515e-25 3.01101e-25 1.52496e-25 7.72324e-26 3.91146e-26 1.98095e-26 1.00324e-26 5.08085e-27 2.57313e-27 1.30312e-27 6.59941e-28 3.34212e-28 1.69252e-28 8.57127e-29 4.34063e-29 2.19815e-29 1.11316e-29 5.6371e-30 2.85463e-30 1.44558e-30 7.32033e-31 3.70695e-31 1.87715e-31 9.5056e-32 4.81345e-32 2.43742e-32 1.23424e-32 6.24985e-33 3.16472e-33 1.6025e-33 8.1144e-34 4.10878e-34 2.0805e-34 1.05346e-34 5.33416e-35 2.70092e-35 1.36758e-35 6.92459e-36
8.07201e-05 6.15833e-07 3.12089e-07 1.58157e-07 8.01481e-08 4.06156e-08 2.05821e-08 1.04299e-08 5.28525e-09 2.67822e-09 1.35714e-09 6.87695e-10 3.48468e-10 1.76574e-10 8.94714e-11 4.53355e-11 2.29714e-11 1.16394e-11 5.89756e-12 2.98819e-12 1.51405e-12 7.67128e-13 3.88679e-13 1.96929e-13 9.97755e-14 5.05515e-14 2.56118e-14 1.2976e-14 6.57415e-15 3.33068e-15 1.68742e-15 8.54885e-16 4.33101e-16 2.19415e-16 1.11158e-16 5.6313e-17 2.85282e-17 1.44523e-17 7.32138e-18 3.70891e-18 1.87887e-18 9.51792e-19 4.82152e-19 2.44243e-19 1.23725e-19 6.2674e-20 3.17479e-20 1.60819e-20 8.14625e-21 4.12642e-21 2.09019e-21 1.05875e-21 5.3629e-22 2.71644e-22 1.37594e-22 6.96936e-23 3.53008e-23 1.78802e-23 9.05639e-24 4.58707e-24 2.32334e-24 1.17675e-24 5.96014e-25 3.01872e-25 1.52893e-25 7.74366e-26 3.92196e-26 1.98635e-26 1.00602e-26 5.09511e-27 2.58046e-27 1.30688e-27 6.61872e-28 3.35203e-28 1.69761e-28 8.59738e-29 4.35402e-29 2.20502e-29 1.11668e-29 5.65516e-30 2.86389e-30 1.45033e-30 7.34466e-31 3.71941e-31 1.88354e-31 9.5383e-32 4.83019e-32 2.44599e-32 1.23863e-32 6.27232e-33 3.17622e-33 1.60838e-33 8.14452e-34 4.12419e-34 2.08838e-34 1.05749e-34 5.35477e-35 2.71146e-35 1.37297e-35 6.95214e-36 3.52024e-36
4.07648e-05 3.12013e-07 1.58126e-07 8.01365e-08 4.06117e-08 2.05811e-08 1.04299e-08 5.2855e-09 2.67848e-09 1.35733e-09 6.87826e-10 3.48551e-10 1.76624e-10 8.95011e-11 4.53526e-11 2.29812e-11 1.16449e-11 5.90062e-12 2.98988e-12 1.51497e-12 7.67631e-13 3.88951e-13 1.97076e-13 9.98546e-14 5.05939e-14 2.56344e-14 1.29881e-14 6.58055e-15 3.33407e-15 1.68921e-15 8.55832e-16 4.336e-16 2.19677e-16 1.11296e-16 5.63854e-17 2.85661e-17 1.44721e-17 7.33175e-18 3.71432e-18 1.88169e-18 9.53264e-19 4.82919e-19 2.44642e-19 1.23932e-19 6.27817e-20 3.18038e-20 1.61109e-20 8.16128e-21 4.13421e-21 2.09423e-21 1.06084e-21 5.3737e-22 2.72203e-22 1.37883e-22 6.98428e-23 3.53778e-23 1.79199e-23 9.07691e-24 4.59765e-24 2.32879e-24 1.17957e-24 5.97462e-25 3.02618e-25 1.53277e-25 7.76343e-26 3.93213e-26 1.99158e-26 1.00871e-26 5.10894e-27 2.58757e-27 1.31054e-27 6.63749e-28 3.36167e-28 1.70256e-28 8.62279e-29 4.36706e-29 2.21171e-29 1.12012e-29 5.67277e-30 2.87292e-30 1.45496e-30 7.36839e-31 3.73158e-31 1.88977e-31 9.57024e-32 4.84656e-32 2.45438e-32 1.24293e-32 6.2943e-33 3.18747e-33 1.61414e-33 8.174e-34 4.13927e-34 2.0961e-34 1.06144e-34 5.37497e-35 2.72179e-35 1.37826e-35 6.97916e-36 3.53405e-36 1.78953e-36
2.05869e-05 1.58081e-07 8.01172e-08 4.06039e-08 2.05781e-08 1.04289e-08 5.28525e-09 2.67848e-09 1.3574e-09 6.87891e-10 3.48601e-10 1.76657e-10 8.95223e-11 4.53655e-11 2.29888e-11 1.16493e-11 5.90312e-12 2.99128e-12 1.51576e-12 7.68062e-13 3.89188e-13 1.97205e-13 9.99244e-14 5.06315e-14 2.56547e-14 1.29989e-14 6.58634e-15 3.33716e-15 1.69085e-15 8.567e-16 4.34059e-16 2.1992e-16 1.11423e-16 5.64526e-17 2.86014e-17 1.44906e-17 7.34145e-18 3.7194e-18 1.88435e-18 9.5465e-19 4.83642e-19 2.45019e-19 1.24128e-19 6.28838e-20 3.18569e-20 1.61385e-20 8.1756e-21 4.14164e-21 2.09808e-21 1.06284e-21 5.38404e-22 2.72738e-22 1.38159e-22 6.99859e-23 3.54518e-23 1.79581e-23 9.09664e-24 4.60784e-24 2.33405e-24 1.18228e-24 5.98859e-25 3.03338e-25 1.53648e-25 7.78254e-26 3.94197e-26 1.99665e-26 1.01132e-26 5.12234e-27 2.59446e-27 1.31408e-27 6.65571e-28 3.37103e-28 1.70737e-28 8.64749e-29 4.37974e-29 2.21822e-29 1.12346e-29 5.68992e-30 2.88172e-30 1.45947e-30 7.39154e-31 3.74344e-31 1.89585e-31 9.60142e-32 4.86254e-32 2.46256e-32 1.24712e-32 6.31578e-33 3.19847e-33 1.61978e-33 8.20284e-34 4.15404e-34 2.10365e-34 1.06531e-34 5.39476e-35 2.73191e-35 1.38344e-35 7.00564e-36 3.5476e-36 1.79646e-36 9.097e-37
1.03967e-05 8.00902e-08 4.05922e-08 2.05732e-08 1.04269e-08 5.28449e-09 2.67822e-09 1.35733e-09 6.87891e-10 3.48617e-10 1.76674e-10 8.9535e-11 4.53741e-11 2.29942e-11 1.16526e-11 5.90506e-12 2.99241e-12 1.5164e-12 7.68422e-13 3.89388e-13 1.97315e-13 9.99849e-14 5.06645e-14 2.56725e-14 1.30086e-14 6.59152e-15 3.33993e-15 1.69233e-15 8.5749e-16 4.34478e-16 2.20142e-16 1.11541e-16 5.65146e-17 2.86341e-17 1.45078e-17 7.35049e-18 3.72414e-18 1.88683e-18 9.5595e-19 4.84321e-19 2.45374e-19 1.24314e-19 6.29803e-20 3.19071e-20 1.61647e-20 8.1892e-21 4.1487e-21 2.10174e-21 1.06474e-21 5.3939e-22 2.73249e-22 1.38424e-22 7.0123e-23 3.55227e-23 1.79948e-23 9.11559e-24 4.61763e-24 2.3391e-24 1.18489e-24 6.00206e-25 3.04033e-25 1.54006e-25 7.80099e-26 3.95148e-26 2.00155e-26 1.01384e-26 5.13532e-27 2.60114e-27 1.31752e-27 6.67337e-28 3.38011e-28 1.71204e-28 8.67147e-29 4.39207e-29 2.22455e-29 1.12671e-29 5.7066e-30 2.89029e-30 1.46386e-30 7.41408e-31 3.75501e-31 1.90179e-31 9.63183e-32 4.87813e-32 2.47055e-32 1.25122e-32 6.33676e-33 3.20922e-33 1.62528e-33 8.23104e-34 4.16848e-34 2.11105e-34 1.06909e-34 5.41413e-35 2.74183e-35 1.38851e-35 7.0316e-36 3.56087e-36 1.80325e-36 9.13173e-37 4.62431e-37
5.25048e-06 4.05766e-08 2.05663e-08 1.04239e-08 5.28323e-09 2.67771e-09 1.35714e-09 6.87826e-10 3.48601e-10 1.76674e-10 8.95392e-11 4.53784e-11 2.29974e-11 1.16548e-11 5.90645e-12 2.99325e-12 1.51689e-12 7.6871e-13 3.89552e-13 1.97407e-13 1.00036e-13 5.06928e-14 2.5688e-14 1.3017e-14 6.5961e-15 3.3424e-15 1.69366e-15 8.58201e-16 4.34858e-16 2.20344e-16 1.11648e-16 5.65715e-17 2.86642e-17 1.45237e-17 7.35886e-18 3.72855e-18 1.88915e-18 9.57164e-19 4.84958e-19 2.45707e-19 1.24488e-19 6.30712e-20 3.19545e-20 1.61894e-20 8.20207e-21 4.1554e-21 2.10523e-21 1.06655e-21 5.4033e-22 2.73737e-22 1.38677e-22 7.02539e-23 3.55905e-23 1.80299e-23 9.13375e-24 4.62702e-24 2.34396e-24 1.18739e-24 6.01501e-25 3.04701e-25 1.54351e-25 7.81878e-26 3.96065e-26 2.00627e-26 1.01627e-26 5.14786e-27 2.6076e-27 1.32084e-27 6.69048e-28 3.38891e-28 1.71657e-28 8.69475e-29 4.40403e-29 2.23069e-29 1.12987e-29 5.72282e-30 2.89861e-30 1.46814e-30 7.43603e-31 3.76627e-31 1.90756e-31 9.66147e-32 4.89333e-32 2.47835e-32 1.25521e-32 6.35725e-33 3.21972e-33 1.63066e-33 8.25859e-34 4.18259e-34 2.11828e-34 1.07279e-34 5.43309e-35 2.75153e-35 1.39347e-35 7.05701e-36 3.57388e-36 1.8099e-36 9.16577e-37 4.64172e-37 2.35064e-37
2.65157e-06 2.05574e-08 1.04199e-08 5.28146e-09 2.67695e-09 1.35681e-09 6.87695e-10 3.48551e-10 1.76657e-10 8.9535e-11 4.53784e-11 2.29985e-11 1.16559e-11 5.90728e-12 2.99381e-12 1.51725e-12 7.68926e-13 3.89679e-13 1.97481e-13 1.00078e-13 5.07164e-14 2.57012e-14 1.30243e-14 6.60007e-15 3.34456e-15 1.69483e-15 8.58833e-16 4.35198e-16 2.20526e-16 1.11746e-16 5.66233e-17 2.86917e-17 1.45383e-17 7.36657e-18 3.73262e-18 1.89129e-18 9.58293e-19 4.8555e-19 2.46018e-19 1.24651e-19 6.31565e-20 3.19991e-20 1.62126e-20 8.21421e-21 4.16173e-21 2.10852e-21 1.06826e-21 5.41222e-22 2.742e-22 1.38917e-22 7.03788e-23 3.56552e-23 1.80634e-23 9.15112e-24 4.63601e-24 2.34861e-24 1.1898e-24 6.02744e-25 3.05344e-25 1.54682e-25 7.83591e-26 3.96949e-26 2.01083e-26 1.01862e-26 5.15998e-27 2.61384e-27 1.32406e-27 6.70703e-28 3.39743e-28 1.72095e-28 8.7173e-29 4.41563e-29 2.23666e-29 1.13293e-29 5.73857e-30 2.90671e-30 1.4723e-30 7.45737e-31 3.77723e-31 1.91319e-31 9.69034e-32 4.90814e-32 2.48595e-32 1.25911e-32 6.37723e-33 3.22996e-33 1.63591e-33 8.2855e-34 4.19638e-34 2.12534e-34 1.07641e-34 5.45162e-35 2.76102e-35 1.39833e-35 7.08188e-36 3.58661e-36 1.81642e-36 9.1991e-37 4.65878e-37 2.35937e-37 1.19486e-37
1.33908e-06 1.04149e-08 5.27918e-09 2.67592e-09 1.35636e-09 6.87498e-10 3.48468e-10 1.76624e-10 8.95223e-11 4.53741e-11 2.29974e-11 1.16559e-11 5.90756e-12 2.99409e-12 1.51746e-12 7.69069e-13 3.8977e-13 1.97536e-13 1.00111e-13 5.07352e-14 2.57119e-14 1.30303e-14 6.60343e-15 3.34642e-15 1.69585e-15 8.59387e-16 4.35498e-16 2.20688e-16 1.11833e-16 5.66699e-17 2.87166e-17 1.45515e-17 7.37362e-18 3.73635e-18 1.89326e-18 9.59335e-19 4.861e-19 2.46307e-19 1.24802e-19 6.32362e-20 3.20409e-20 1.62345e-20 8.22563e-21 4.16769e-21 2.11163e-21 1.06989e-21 5.42066e-22 2.7464e-22 1.39146e-22 7.04975e-23 3.57168e-23 1.80954e-23 9.16771e-24 4.64461e-24 2.35306e-24 1.1921e-24 6.03936e-25 3.0596e-25 1.55001e-25 7.85237e-26 3.97799e-26 2.01522e-26 1.02089e-26 5.17166e-27 2.61986e-27 1.32716e-27 6.72302e-28 3.40567e-28 1.72519e-28 8.73913e-29 4.42686e-29 2.24244e-29 1.1359e-29 5.75386e-30 2.91456e-30 1.47633e-30 7.47811e-31 3.78788e-31 1.91866e-31 9.71842e-32 4.92256e-32 2.49334e-32 1.2629e-32 6.3967e-33 3.23995e-33 1.64103e-33 8.31176e-34 4.20984e-34 2.13224e-34 1.07995e-34 5.46972e-35 2.77029e-35 1.40308e-35 7.10621e-36 3.59906e-36 1.8228e-36 9.23174e-37 4.67548e-37 2.36791e-37 1.19923e-37 6.07347e-38
6.76256e-07 5.27641e-09 2.67464e-09 1.35578e-09 6.87236e-10 3.48352e-10 1.76574e-10 8.95011e-11 4.53655e-11 2.29942e-11 1.16548e-11 5.90728e-12 2.99409e-12 1.51753e-12 7.69141e-13 3.89825e-13 1.97573e-13 1.00134e-13 5.07494e-14 2.57202e-14 1.30351e-14 6.60617e-15 3.34796e-15 1.69671e-15 8.59861e-16 4.35758e-16 2.2083e-16 1.11909e-16 5.67114e-17 2.87389e-17 1.45635e-17 7.37999e-18 3.73975e-18 1.89507e-18 9.60291e-19 4.86605e-19 2.46574e-19 1.24943e-19 6.33102e-20 3.20797e-20 1.62549e-20 8.23632e-21 4.17329e-21 2.11456e-21 1.07141e-21 5.42863e-22 2.75055e-22 1.39362e-22 7.061e-23 3.57754e-23 1.81258e-23 9.18349e-24 4.6528e-24 2.35731e-24 1.19431e-24 6.05077e-25 3.0655e-25 1.55306e-25 7.86816e-26 3.98615e-26 2.01944e-26 1.02307e-26 5.1829e-27 2.62566e-27 1.33015e-27 6.73845e-28 3.41362e-28 1.72929e-28 8.76024e-29 4.43773e-29 2.24803e-29 1.13878e-29 5.76867e-30 2.92218e-30 1.48025e-30 7.49825e-31 3.79823e-31 1.92397e-31 9.74573e-32 4.93658e-32 2.50054e-32 1.2666e-32 6.41566e-33 3.24968e-33 1.64602e-33 8.33735e-34 4.22297e-34 2.13897e-34 1.0834e-34 5.4874e-35 2.77935e-35 1.40772e-35 7.12999e-36 3.61124e-36 1.82903e-36 9.26367e-37 4.69183e-37 2.37628e-37 1.20351e-37 6.09538e-38 3.08708e-38
3.4152e-07 2.67311e-09 1.35507e-09 6.86909e-10 3.48203e-10 1.76507e-10 8.94714e-11 4.53526e-11 2.29888e-11 1.16526e-11 5.90645e-12 2.99381e-12 1.51746e-12 7.69141e-13 3.89843e-13 1.97592e-13 1.00148e-13 5.07588e-14 2.57262e-14 1.30387e-14 6.60831e-15 3.3492e-15 1.69741e-15 8.60257e-16 4.35978e-16 2.20952e-16 1.11976e-16 5.67477e-17 2.87585e-17 1.45741e-17 7.3857e-18 3.74281e-18 1.8967e-18 9.6116e-19 4.87067e-19 2.46818e-19 1.25073e-19 6.33785e-20 3.21158e-20 1.62738e-20 8.24628e-21 4.17851e-21 2.1173e-21 1.07285e-21 5.43612e-22 2.75446e-22 1.39566e-22 7.07164e-23 3.58308e-23 1.81547e-23 9.19849e-24 4.66059e-24 2.36135e-24 1.1964e-24 6.06165e-25 3.07114e-25 1.55598e-25 7.88328e-26 3.99397e-26 2.02348e-26 1.02516e-26 5.19371e-27 2.63124e-27 1.33303e-27 6.75332e-28 3.42129e-28 1.73324e-28 8.78061e-29 4.44823e-29 2.25344e-29 1.14157e-29 5.783e-30 2.92956e-30 1.48404e-30 7.51777e-31 3.80827e-31 1.92913e-31 9.77224e-32 4.9502e-32 2.50754e-32 1.27019e-32 6.43411e-33 3.25915e-33 1.65088e-33 8.36229e-34 4.23576e-34 2.14553e-34 1.08676e-34 5.50466e-35 2.7882e-35 1.41226e-35 7.15321e-36 3.62314e-36 1.83513e-36 9.29489e-37 4.70782e-37 2.38447e-37 1.2077e-37 6.11684e-38 3.09806e-38 1.5691e-38
1.72472e-07 1.35423e-09 6.86517e-10 3.48021e-10 1.76423e-10 8.94333e-11 4.53355e-11 2.29812e-11 1.16493e-11 5.90506e-12 2.99325e-12 1.51725e-12 7.69069e-13 3.89825e-13 1.97592e-13 1.00153e-13 5.07635e-14 2.57298e-14 1.30412e-14 6.60984e-15 3.35013e-15 1.69796e-15 8.60573e-16 4.36158e-16 2.21053e-16 1.12032e-16 5.67788e-17 2.87756e-17 1.45834e-17 7.39073e-18 3.74552e-18 1.89816e-18 9.61943e-19 4.87485e-19 2.47041e-19 1.25191e-19 6.34412e-20 3.21489e-20 1.62914e-20 8.25551e-21 4.18337e-21 2.11985e-21 1.07418e-21 5.44313e-22 2.75813e-22 1.39758e-22 7.08166e-23 3.58831e-23 1.81819e-23 9.21268e-24 4.66797e-24 2.3652e-24 1.1984e-24 6.07201e-25 3.07652e-25 1.55877e-25 7.89773e-26 4.00146e-26 2.02736e-26 1.02716e-26 5.20407e-27 2.6366e-27 1.3358e-27 6.76761e-28 3.42867e-28 1.73705e-28 8.80026e-29 4.45836e-29 2.25866e-29 1.14426e-29 5.79686e-30 2.93669e-30 1.48772e-30 7.53667e-31 3.81799e-31 1.93414e-31 9.79796e-32 4.96342e-32 2.51434e-32 1.27368e-32 6.45205e-33 3.26836e-33 1.65561e-33 8.38657e-34 4.24822e-34 2.15192e-34 1.09004e-34 5.52148e-35 2.79682e-35 1.41668e-35 7.17588e-36 3.63476e-36 1.84108e-36 9.3254e-37 4.72344e-37 2.39247e-37 1.2118e-37 6.13783e-38 3.10881e-38 1.5746e-38 7.97524e-39
8.71012e-08 6.86059e-10 3.47806e-10 1.76322e-10 8.93867e-11 4.5314e-11 2.29714e-11 1.16449e-11 5.90312e-12 2.99241e-12 1.51689e-12 7.68926e-13 3.8977e-13 1.97573e-13 1.00148e-13 5.07635e-14 2.5731e-14 1.30424e-14 6.61076e-15 3.35074e-15 1.69835e-15 8.60811e-16 4.36299e-16 2.21134e-16 1.12078e-16 5.68047e-17 2.879e-17 1.45913e-17 7.3951e-18 3.7479e-18 1.89945e-18 9.62639e-19 4.87859e-19 2.47241e-19 1.25298e-19 6.34982e-20 3.21792e-20 1.63074e-20 8.264e-21 4.18785e-21 2.12221e-21 1.07543e-21 5.44967e-22 2.76156e-22 1.39938e-22 7.09107e-23 3.59322e-23 1.82076e-23 9.22607e-24 4.67496e-24 2.36883e-24 1.20029e-24 6.08185e-25 3.08163e-25 1.56143e-25 7.91151e-26 4.0086e-26 2.03106e-26 1.02908e-26 5.214e-27 2.64174e-27 1.33846e-27 6.78135e-28 3.43577e-28 1.74071e-28 8.81918e-29 4.46812e-29 2.2637e-29 1.14685e-29 5.81024e-30 2.94359e-30 1.49127e-30 7.55496e-31 3.82741e-31 1.93898e-31 9.82289e-32 4.97624e-32 2.52093e-32 1.27707e-32 6.46946e-33 3.27731e-33 1.66021e-33 8.41018e-34 4.26034e-34 2.15814e-34 1.09323e-34 5.53786e-35 2.80523e-35 1.42099e-35 7.19799e-36 3.6461e-36 1.84689e-36 9.35519e-37 4.73871e-37 2.40029e-37 1.21581e-37 6.15835e-38 3.11932e-38 1.57998e-38 8.00279e-39 4.05348e-39
4.39874e-08 3.47558e-10 1.76205e-10 8.93316e-11 4.52883e-11 2.29595e-11 1.16394e-11 5.90062e-12 2.99128e-12 1.5164e-12 7.6871e-13 3.89679e-13 1.97536e-13 1.00134e-13 5.07588e-14 2.57298e-14 1.30424e-14 6.61106e-15 3.35105e-15 1.69858e-15 8.60969e-16 4.36399e-16 2.21195e-16 1.12114e-16 5.68255e-17 2.88018e-17 1.4598e-17 7.3988e-18 3.74994e-18 1.90057e-18 9.63249e-19 4.8819e-19 2.4742e-19 1.25394e-19 6.35496e-20 3.22066e-20 1.6322e-20 8.27176e-21 4.19197e-21 2.12439e-21 1.07658e-21 5.45572e-22 2.76475e-22 1.40105e-22 7.09985e-23 3.59782e-23 1.82317e-23 9.23866e-24 4.68153e-24 2.37226e-24 1.20208e-24 6.09116e-25 3.08648e-25 1.56395e-25 7.9246e-26 4.0154e-26 2.03459e-26 1.03091e-26 5.22348e-27 2.64665e-27 1.341e-27 6.79451e-28 3.44257e-28 1.74423e-28 8.83736e-29 4.47751e-29 2.26854e-29 1.14936e-29 5.82315e-30 2.95024e-30 1.4947e-30 7.57263e-31 3.83651e-31 1.94367e-31 9.84702e-32 4.98866e-32 2.52732e-32 1.28036e-32 6.48636e-33 3.28599e-33 1.66467e-33 8.43311e-34 4.27212e-34 2.16419e-34 1.09634e-34 5.55381e-35 2.81342e-35 1.42519e-35 7.21954e-36 3.65715e-36 1.85256e-36 9.38425e-37 4.75361e-37 2.40793e-37 1.21972e-37 6.1784e-38 3.12959e-38 1.58524e-38 8.02974e-39 4.06728e-39 2.06017e-39
2.22143e-08 1.76071e-10 8.92681e-11 4.52583e-11 2.29454e-11 1.16329e-11 5.89756e-12 2.98988e-12 1.51576e-12 7.68422e-13 3.89552e-13 1.97481e-13 1.00111e-13 5.07494e-14 2.57262e-14 1.30412e-14 6.61076e-15 3.35105e-15 1.69866e-15 8.61048e-16 4.36459e-16 2.21235e-16 1.1214e-16 5.6841e-17 2.8811e-17 1.46033e-17 7.40182e-18 3.75164e-18 1.90152e-18 9.63771e-19 4.88476e-19 2.47576e-19 1.25478e-19 6.35952e-20 3.22312e-20 1.63352e-20 8.27878e-21 4.19571e-21 2.12637e-21 1.07763e-21 5.46129e-22 2.76769e-22 1.4026e-22 7.108e-23 3.60211e-23 1.82542e-23 9.25045e-24 4.6877e-24 2.37549e-24 1.20376e-24 6.09995e-25 3.09106e-25 1.56633e-25 7.93702e-26 4.02186e-26 2.03794e-26 1.03265e-26 5.23253e-27 2.65134e-27 1.34343e-27 6.80709e-28 3.44909e-28 1.74761e-28 8.8548e-29 4.48653e-29 2.2732e-29 1.15176e-29 5.83557e-30 2.95665e-30 1.49801e-30 7.58968e-31 3.8453e-31 1.9482e-31 9.87035e-32 5.00068e-32 2.5335e-32 1.28354e-32 6.50274e-33 3.29442e-33 1.669e-33 8.45538e-34 4.28357e-34 2.17007e-34 1.09936e-34 5.56933e-35 2.82138e-35 1.42928e-35 7.24053e-36 3.66792e-36 1.85809e-36 9.41259e-37 4.76814e-37 2.41538e-37 1.22354e-37 6.19798e-38 3.13962e-38 1.59038e-38 8.05607e-39 4.08077e-39 2.06708e-39 1.04705e-39
1.12186e-08 8.91961e-11 4.5224e-11 2.29291e-11 1.16252e-11 5.89396e-12 2.98819e-12 1.51497e-12 7.68062e-13 3.89388e-13 1.97407e-13 1.00078e-13 5.07352e-14 2.57202e-14 1.30387e-14 6.60984e-15 3.35074e-15 1.69858e-15 8.61048e-16 4.36479e-16 2.21255e-16 1.12155e-16 5.68514e-17 2.88176e-17 1.46073e-17 7.40418e-18 3.753e-18 1.90229e-18 9.64207e-19 4.88718e-19 2.4771e-19 1.25552e-19 6.36352e-20 3.22529e-20 1.63469e-20 8.28507e-21 4.19907e-21 2.12817e-21 1.07859e-21 5.46638e-22 2.77039e-22 1.40403e-22 7.11554e-23 3.60608e-23 1.82751e-23 9.26143e-24 4.69346e-24 2.37851e-24 1.20535e-24 6.10822e-25 3.09538e-25 1.56859e-25 7.94876e-26 4.02797e-26 2.04113e-26 1.03431e-26 5.24112e-27 2.6558e-27 1.34575e-27 6.81911e-28 3.45532e-28 1.75083e-28 8.8715e-29 4.49517e-29 2.27767e-29 1.15407e-29 5.84751e-30 2.96282e-30 1.50119e-30 7.60611e-31 3.85377e-31 1.95257e-31 9.89288e-32 5.01228e-32 2.53948e-32 1.28662e-32 6.51859e-33 3.30258e-33 1.6732e-33 8.47697e-34 4.29467e-34 2.17578e-34 1.10229e-34 5.5844e-35 2.82912e-35 1.43326e-35 7.26095e-36 3.6784e-36 1.86347e-36 9.4402e-37 4.7823e-37 2.42265e-37 1.22727e-37 6.21708e-38 3.14942e-38 1.5954e-38 8.0818e-39 4.09395e-39 2.07383e-39 1.05051e-39 5.32141e-40
5.66554e-09 4.51855e-11 2.29107e-11 1.16164e-11 5.8898e-12 2.98623e-12 1.51405e-12 7.67631e-13 3.89188e-13 1.97315e-13 1.00036e-13 5.07164e-14 2.57119e-14 1.30351e-14 6.60831e-15 3.35013e-15 1.69835e-15 8.60969e-16 4.36459e-16 2.21255e-16 1.1216e-16 5.68566e-17 2.88215e-17 1.46099e-17 7.40586e-18 3.75403e-18 1.90289e-18 9.64555e-19 4.88917e-19 2.47821e-19 1.25614e-19 6.36695e-20 3.22716e-20 1.63571e-20 8.29062e-21 4.20207e-21 2.12978e-21 1.07945e-21 5.47099e-22 2.77284e-22 1.40533e-22 7.12245e-23 3.60974e-23 1.82944e-23 9.27161e-24 4.69882e-24 2.38132e-24 1.20682e-24 6.11595e-25 3.09943e-25 1.5707e-25 7.95982e-26 4.03374e-26 2.04413e-26 1.03587e-26 5.24928e-27 2.66004e-27 1.34795e-27 6.83055e-28 3.46125e-28 1.75391e-28 8.88745e-29 4.50343e-29 2.28195e-29 1.15629e-29 5.85896e-30 2.96874e-30 1.50425e-30 7.62191e-31 3.86193e-31 1.95678e-31 9.9146e-32 5.02348e-32 2.54525e-32 1.2896e-32 6.53391e-33 3.31047e-33 1.67727e-33 8.49788e-34 4.30543e-34 2.18132e-34 1.10514e-34 5.59903e-35 2.83664e-35 1.43712e-35 7.2808e-36 3.6886e-36 1.8687e-36 9.46707e-37 4.7961e-37 2.42973e-37 1.2309e-37 6.23571e-38 3.15897e-38 1.6003e-38 8.10691e-39 4.10682e-39 2.08043e-39 1.05389e-39 5.33873e-40 2.70443e-40
2.86118e-09 2.28901e-11 1.16065e-11 5.88508e-12 2.98398e-12 1.51299e-12 7.67128e-13 3.88951e-13 1.97205e-13 9.99849e-14 5.06928e-14 2.57012e-14 1.30303e-14 6.60617e-15 3.3492e-15 1.69796e-15 8.60811e-16 4.36399e-16 2.21235e-16 1.12155e-16 5.68566e-17 2.88229e-17 1.46113e-17 7.40687e-18 3.75471e-18 1.90332e-18 9.64817e-19 4.89071e-19 2.4791e-19 1.25665e-19 6.3698e-20 3.22875e-20 1.63659e-20 8.29543e-21 4.20469e-21 2.1312e-21 1.08022e-21 5.47511e-22 2.77505e-22 1.40651e-22 7.12874e-23 3.61308e-23 1.83121e-23 9.28097e-24 4.70376e-24 2.38393e-24 1.20819e-24 6.12316e-25 3.10321e-25 1.57269e-25 7.97019e-26 4.03917e-26 2.04697e-26 1.03735e-26 5.25698e-27 2.66406e-27 1.35004e-27 6.84141e-28 3.4669e-28 1.75684e-28 8.90267e-29 4.51132e-29 2.28604e-29 1.1584e-29 5.86992e-30 2.97441e-30 1.50718e-30 7.63709e-31 3.86977e-31 1.96083e-31 9.9355e-32 5.03427e-32 2.55082e-32 1.29247e-32 6.54871e-33 3.31809e-33 1.68119e-33 8.51811e-34 4.31584e-34 2.18668e-34 1.1079e-34 5.61321e-35 2.84394e-35 1.44087e-35 7.30007e-36 3.6985e-36 1.87379e-36 9.4932e-37 4.80952e-37 2.43661e-37 1.23444e-37 6.25386e-38 3.16828e-38 1.60508e-38 8.1314e-39 4.11938e-39 2.08687e-39 1.05719e-39 5.35564e-40 2.7131e-40 1.37441e-40
1.44494e-09 1.15956e-11 5.87981e-12 2.98146e-12 1.51178e-12 7.66553e-13 3.88679e-13 1.97076e-13 9.99244e-14 5.06645e-14 2.5688e-14 1.30243e-14 6.60343e-15 3.34796e-15 1.69741e-15 8.60573e-16 4.36299e-16 2.21195e-16 1.1214e-16 5.68514e-17 2.88215e-17 1.46113e-17 7.4072e-18 3.75505e-18 1.90358e-18 9.64991e-19 4.89181e-19 2.47977e-19 1.25704e-19 6.37209e-20 3.23005e-20 1.63732e-20 8.2995e-21 4.20694e-21 2.13244e-21 1.08089e-21 5.47875e-22 2.77701e-22 1.40757e-22 7.1344e-23 3.6161e-23 1.83282e-23 9.28953e-24 4.7083e-24 2.38633e-24 1.20946e-24 6.12984e-25 3.10672e-25 1.57453e-25 7.97988e-26 4.04424e-26 2.04962e-26 1.03874e-26 5.26424e-27 2.66784e-27 1.35201e-27 6.8517e-28 3.47225e-28 1.75962e-28 8.91713e-29 4.51883e-29 2.28994e-29 1.16043e-29 5.8804e-30 2.97984e-30 1.50999e-30 7.65163e-31 3.87729e-31 1.96472e-31 9.9556e-32 5.04465e-32 2.55618e-32 1.29523e-32 6.56298e-33 3.32545e-33 1.68499e-33 8.53766e-34 4.32591e-34 2.19186e-34 1.11057e-34 5.62695e-35 2.85101e-35 1.44451e-35 7.31877e-36 3.70811e-36 1.87873e-36 9.5186e-37 4.82256e-37 2.44331e-37 1.23788e-37 6.27152e-38 3.17735e-38 1.60973e-38 8.15527e-39 4.13162e-39 2.09315e-39 1.06041e-39 5.37215e-40 2.72156e-40 1.37875e-40 6.9847e-41
7.29716e-10 5.874e-12 2.97865e-12 1.51043e-12 7.65907e-13 3.8837e-13 1.96929e-13 9.98546e-14 5.06315e-14 2.56725e-14 1.3017e-14 6.60007e-15 3.34642e-15 1.69671e-15 8.60257e-16 4.36158e-16 2.21134e-16 1.12114e-16 5.6841e-17 2.88176e-17 1.46099e-17 7.40687e-18 3.75505e-18 1.90367e-18 9.65078e-19 4.89248e-19 2.48022e-19 1.25732e-19 6.3738e-20 3.23107e-20 1.6379e-20 8.30283e-21 4.20881e-21 2.13348e-21 1.08146e-21 5.48191e-22 2.77873e-22 1.4085e-22 7.13943e-23 3.61881e-23 1.83427e-23 9.29727e-24 4.71242e-24 2.38852e-24 1.21062e-24 6.13598e-25 3.10997e-25 1.57624e-25 7.98888e-26 4.04897e-26 2.05211e-26 1.04004e-26 5.27105e-27 2.6714e-27 1.35387e-27 6.8614e-28 3.47731e-28 1.76226e-28 8.93084e-29 4.52597e-29 2.29364e-29 1.16235e-29 5.89039e-30 2.98502e-30 1.51268e-30 7.66554e-31 3.8845e-31 1.96844e-31 9.97487e-32 5.05462e-32 2.56133e-32 1.29789e-32 6.57671e-33 3.33254e-33 1.68864e-33 8.55651e-34 4.33563e-34 2.19687e-34 1.11315e-34 5.64025e-35 2.85785e-35 1.44803e-35 7.3369e-36 3.71744e-36 1.88353e-36 9.54324e-37 4.83523e-37 2.44982e-37 1.24122e-37 6.2887e-38 3.18617e-38 1.61426e-38 8.17852e-39 4.14355e-39 2.09927e-39 1.06355e-39 5.38825e-40 2.72982e-40 1.38298e-40 7.0064e-41 3.54953e-41
3.68518e-10 2.97557e-12 1.50894e-12 7.65189e-13 3.88025e-13 1.96763e-13 9.97755e-14 5.05939e-14 2.56547e-14 1.30086e-14 6.5961e-15 3.34456e-15 1.69585e-15 8.59861e-16 4.35978e-16 2.21053e-16 1.12078e-16 5.68255e-17 2.8811e-17 1.46073e-17 7.40586e-18 3.75471e-18 1.90358e-18 9.65078e-19 4.8927e-19 2.48044e-19 1.25749e-19 6.37495e-20 3.23179e-20 1.63834e-20 8.30543e-21 4.21031e-21 2.13433e-21 1.08194e-21 5.48458e-22 2.78021e-22 1.40931e-22 7.14384e-23 3.62119e-23 1.83556e-23 9.3042e-24 4.71614e-24 2.3905e-24 1.21168e-24 6.1416e-25 3.11294e-25 1.57782e-25 7.9972e-26 4.05336e-26 2.05441e-26 1.04125e-26 5.27741e-27 2.67474e-27 1.35562e-27 6.87052e-28 3.48207e-28 1.76475e-28 8.94381e-29 4.53272e-29 2.29716e-29 1.16418e-29 5.89989e-30 2.98995e-30 1.51524e-30 7.67882e-31 3.89138e-31 1.97201e-31 9.99333e-32 5.06417e-32 2.56627e-32 1.30045e-32 6.58991e-33 3.33936e-33 1.69216e-33 8.57468e-34 4.345e-34 2.2017e-34 1.11564e-34 5.65309e-35 2.86447e-35 1.45144e-35 7.35444e-36 3.72647e-36 1.88817e-36 9.56714e-37 4.84752e-37 2.45614e-37 1.24447e-37 6.30539e-38 3.19474e-38 1.61866e-38 8.20113e-39 4.15516e-39 2.10523e-39 1.06661e-39 5.40395e-40 2.73787e-40 1.38711e-40 7.02757e-41 3.56038e-41 1.80379e-41
1.86107e-10 1.50731e-12 7.64399e-13 3.87643e-13 1.9658e-13 9.96871e-14 5.05515e-14 2.56344e-14 1.29989e-14 6.59152e-15 3.3424e-15 1.69483e-15 8.59387e-16 4.35758e-16 2.20952e-16 1.12032e-16 5.68047e-17 2.88018e-17 1.46033e-17 7.40418e-18 3.75403e-18 1.90332e-18 9.64991e-19 4.89248e-19 2.48044e-19 1.25755e-19 6.37552e-20 3.23222e-20 1.63864e-20 8.30728e-21 4.21144e-21 2.135e-21 1.08233e-21 5.48677e-22 2.78144e-22 1.40999e-22 7.14761e-23 3.62327e-23 1.83669e-23 9.31032e-24 4.71944e-24 2.39228e-24 1.21263e-24 6.14668e-25 3.11565e-25 1.57926e-25 8.00482e-26 4.05739e-26 2.05654e-26 1.04238e-26 5.28332e-27 2.67784e-27 1.35725e-27 6.87906e-28 3.48654e-28 1.76708e-28 8.95602e-29 4.53909e-29 2.30048e-29 1.16591e-29 5.9089e-30 2.99464e-30 1.51767e-30 7.69146e-31 3.89794e-31 1.97541e-31 1.0011e-31 5.07331e-32 2.571e-32 1.3029e-32 6.60257e-33 3.3459e-33 1.69555e-33 8.59216e-34 4.35403e-34 2.20636e-34 1.11804e-34 5.66548e-35 2.87085e-35 1.45473e-35 7.3714e-36 3.7352e-36 1.89267e-36 9.59029e-37 4.85943e-37 2.46227e-37 1.24762e-37 6.32159e-38 3.20307e-38 1.62294e-38 8.22312e-39 4.16645e-39 2.11103e-39 1.06959e-39 5.41923e-40 2.74571e-40 1.39113e-40 7.04821e-41 3.57097e-41 1.80922e-41 9.16625e-42
9.39867e-11 7.63539e-13 3.87226e-13 1.96378e-13 9.95895e-14 5.05045e-14 2.56118e-14 1.29881e-14 6.58634e-15 3.33993e-15 1.69366e-15 8.58833e-16 4.35498e-16 2.2083e-16 1.11976e-16 5.67788e-17 2.879e-17 1.4598e-17 7.40182e-18 3.753e-18 1.90289e-18 9.64817e-19 4.89181e-19 2.48022e-19 1.25749e-19 6.37552e-20 3.23237e-20 1.63878e-20 8.30839e-21 4.21219e-21 2.13547e-21 1.08262e-21 5.48847e-22 2.78242e-22 1.41055e-22 7.15076e-23 3.62502e-23 1.83765e-23 9.31563e-24 4.72233e-24 2.39384e-24 1.21348e-24 6.15123e-25 3.11809e-25 1.58056e-25 8.01176e-26 4.06108e-26 2.0585e-26 1.04341e-26 5.28878e-27 2.68072e-27 1.35876e-27 6.88702e-28 3.49072e-28 1.76927e-28 8.96747e-29 4.54508e-29 2.30361e-29 1.16754e-29 5.91741e-30 2.99907e-30 1.51998e-30 7.70346e-31 3.90418e-31 1.97865e-31 1.00278e-31 5.08203e-32 2.57552e-32 1.30524e-32 6.6147e-33 3.35218e-33 1.69879e-33 8.60894e-34 4.3627e-34 2.21084e-34 1.12036e-34 5.67741e-35 2.87701e-35 1.45791e-35 7.38777e-36 3.74364e-36 1.89702e-36 9.61268e-37 4.87096e-37 2.4682e-37 1.25067e-37 6.33729e-38 3.21115e-38 1.6271e-38 8.24447e-39 4.17743e-39 2.11666e-39 1.07248e-39 5.4341e-40 2.75334e-40 1.39505e-40 7.06832e-41 3.58129e-41 1.81451e-41 9.1934e-42 4.6579e-42
4.74647e-11 3.86772e-13 1.96157e-13 9.94827e-14 5.04527e-14 2.55868e-14 1.2976e-14 6.58055e-15 3.33716e-15 1.69233e-15 8.58201e-16 4.35198e-16 2.20688e-16 1.11909e-16 5.67477e-17 2.87756e-17 1.45913e-17 7.3988e-18 3.75164e-18 1.90229e-18 9.64555e-19 4.89071e-19 2.47977e-19 1.25732e-19 6.37495e-20 3.23222e-20 1.63878e-20 8.30876e-21 4.21256e-21 2.13575e-21 1.08281e-21 5.48968e-22 2.78316e-22 1.41099e-22 7.15328e-23 3.62645e-23 1.83846e-23 9.32012e-24 4.72481e-24 2.3952e-24 1.21422e-24 6.15524e-25 3.12025e-25 1.58172e-25 8.018e-26 4.06441e-26 2.06027e-26 1.04435e-26 5.29378e-27 2.68337e-27 1.36016e-27 6.89439e-28 3.4946e-28 1.77131e-28 8.97817e-29 4.55069e-29 2.30654e-29 1.16908e-29 5.92543e-30 3.00326e-30 1.52216e-30 7.71482e-31 3.91009e-31 1.98173e-31 1.00438e-31 5.09033e-32 2.57983e-32 1.30747e-32 6.62628e-33 3.35818e-33 1.7019e-33 8.62502e-34 4.37102e-34 2.21514e-34 1.12258e-34 5.6889e-35 2.88294e-35 1.46097e-35 7.40356e-36 3.75178e-36 1.90121e-36 9.63432e-37 4.88211e-37 2.47395e-37 1.25363e-37 6.35251e-38 3.21898e-38 1.63112e-38 8.26518e-39 4.18808e-39 2.12214e-39 1.0753e-39 5.44855e-40 2.76077e-40 1.39886e-40 7.0879e-41 3.59134e-41 1.81967e-41 9.21986e-42 4.67147e-42 2.3669e-42
2.39704e-11 1.95919e-13 9.93666e-14 5.03963e-14 2.55595e-14 1.29628e-14 6.57415e-15 3.33407e-15 1.69085e-15 8.5749e-16 4.34858e-16 2.20526e-16 1.11833e-16 5.67114e-17 2.87585e-17 1.45834e-17 7.3951e-18 3.74994e-18 1.90152e-18 9.64207e-19 4.88917e-19 2.4791e-19 1.25704e-19 6.3738e-20 3.23179e-20 1.63864e-20 8.30839e-21 4.21256e-21 2.13585e-21 1.0829e-21 5.49041e-22 2.78365e-22 1.4113e-22 7.15517e-23 3.62757e-23 1.8391e-23 9.32379e-24 4.72687e-24 2.39635e-24 1.21485e-24 6.15873e-25 3.12215e-25 1.58275e-25 8.02356e-26 4.0674e-26 2.06187e-26 1.04521e-26 5.29833e-27 2.68579e-27 1.36144e-27 6.90118e-28 3.49818e-28 1.7732e-28 8.98811e-29 4.55591e-29 2.30929e-29 1.17051e-29 5.93295e-30 3.00719e-30 1.52422e-30 7.72555e-31 3.91568e-31 1.98464e-31 1.00589e-31 5.09821e-32 2.58393e-32 1.3096e-32 6.63733e-33 3.36391e-33 1.70487e-33 8.64041e-34 4.37898e-34 2.21926e-34 1.12471e-34 5.69992e-35 2.88864e-35 1.46391e-35 7.41876e-36 3.75963e-36 1.90526e-36 9.65519e-37 4.89287e-37 2.47949e-37 1.25649e-37 6.36723e-38 3.22655e-38 1.63502e-38 8.28525e-39 4.1984e-39 2.12745e-39 1.07803e-39 5.46259e-40 2.76798e-40 1.40257e-40 7.10693e-41 3.60112e-41 1.82469e-41 9.24563e-42 4.6847e-42 2.37369e-42 1.20271e-42
1.21054e-11 9.92413e-14 5.03353e-14 2.55297e-14 1.29483e-14 6.56715e-15 3.33068e-15 1.68921e-15 8.567e-16 4.34478e-16 2.20344e-16 1.11746e-16 5.66699e-17 2.87389e-17 1.45741e-17 7.39073e-18 3.7479e-18 1.90057e-18 9.63771e-19 4.88718e-19 2.47821e-19 1.25665e-19 6.37209e-20 3.23107e-20 1.63834e-20 8.30728e-21 4.21219e-21 2.13575e-21 1.0829e-21 5.49066e-22 2.7839e-22 1.41149e-22 7.15643e-23 3.62837e-23 1.83959e-23 9.32665e-24 4.72853e-24 2.39729e-24 1.21538e-24 6.16167e-25 3.12378e-25 1.58364e-25 8.02842e-26 4.07003e-26 2.0633e-26 1.04597e-26 5.30243e-27 2.68798e-27 1.36261e-27 6.90738e-28 3.50147e-28 1.77494e-28 8.99729e-29 4.56075e-29 2.31183e-29 1.17185e-29 5.93997e-30 3.01087e-30 1.52615e-30 7.73563e-31 3.92095e-31 1.98739e-31 1.00733e-31 5.10568e-32 2.58781e-32 1.31162e-32 6.64783e-33 3.36936e-33 1.7077e-33 8.65509e-34 4.3866e-34 2.22321e-34 1.12675e-34 5.71049e-35 2.89411e-35 1.46674e-35 7.43336e-36 3.76717e-36 1.90916e-36 9.6753e-37 4.90324e-37 2.48484e-37 1.25925e-37 6.38145e-38 3.23388e-38 1.6388e-38 8.30468e-39 4.2084e-39 2.13259e-39 1.08068e-39 5.4762e-40 2.77498e-40 1.40617e-40 7.12543e-41 3.61062e-41 1.82957e-41 9.2707e-42 4.69757e-42 2.38029e-42 1.2061e-42 6.11132e-43
6.11341e-12 5.02695e-14 2.54977e-14 1.29327e-14 6.55954e-15 3.32698e-15 1.68742e-15 8.55832e-16 4.34059e-16 2.20142e-16 1.11648e-16 5.66233e-17 2.87166e-17 1.45635e-17 7.3857e-18 3.74552e-18 1.89945e-18 9.63249e-19 4.88476e-19 2.4771e-19 1.25614e-19 6.3698e-20 3.23005e-20 1.6379e-20 8.30543e-21 4.21144e-21 2.13547e-21 1.08281e-21 5.49041e-22 2.7839e-22 1.41155e-22 7.15706e-23 3.62884e-23 1.83991e-23 9.32869e-24 4.72977e-24 2.39803e-24 1.2158e-24 6.16408e-25 3.12513e-25 1.5844e-25 8.03258e-26 4.07232e-26 2.06454e-26 1.04665e-26 5.30608e-27 2.68994e-27 1.36366e-27 6.91299e-28 3.50446e-28 1.77653e-28 9.00572e-29 4.56521e-29 2.31419e-29 1.17309e-29 5.9465e-30 3.0143e-30 1.52795e-30 7.74506e-31 3.92589e-31 1.98997e-31 1.00868e-31 5.11272e-32 2.59148e-32 1.31353e-32 6.65779e-33 3.37454e-33 1.71039e-33 8.66907e-34 4.39385e-34 2.22697e-34 1.1287e-34 5.7206e-35 2.89934e-35 1.46944e-35 7.44738e-36 3.77442e-36 1.9129e-36 9.69464e-37 4.91323e-37 2.49e-37 1.26191e-37 6.39517e-38 3.24095e-38 1.64244e-38 8.32346e-39 4.21808e-39 2.13758e-39 1.08324e-39 5.4894e-40 2.78177e-40 1.40966e-40 7.14338e-41 3.61985e-41 1.83431e-41 9.29507e-42 4.71009e-42 2.38672e-42 1.2094e-42 6.12827e-43 3.10528e-43
3.08736e-12 2.54632e-14 1.29159e-14 6.55132e-15 3.32298e-15 1.68547e-15 8.54885e-16 4.336e-16 2.1992e-16 1.11541e-16 5.65715e-17 2.86917e-17 1.45515e-17 7.37999e-18 3.74281e-18 1.89816e-18 9.62639e-19 4.8819e-19 2.47576e-19 1.25552e-19 6.36695e-20 3.22875e-20 1.63732e-20 8.30283e-21 4.21031e-21 2.135e-21 1.08262e-21 5.48968e-22 2.78365e-22 1.41149e-22 7.15706e-23 3.629e-23 1.84007e-23 9.32992e-24 4.73059e-24 2.39855e-24 1.21612e-24 6.16596e-25 3.12622e-25 1.58502e-25 8.03606e-26 4.07425e-26 2.06561e-26 1.04723e-26 5.30927e-27 2.69167e-27 1.36459e-27 6.91801e-28 3.50715e-28 1.77796e-28 9.01337e-29 4.56928e-29 2.31634e-29 1.17423e-29 5.95253e-30 3.01748e-30 1.52962e-30 7.75385e-31 3.9305e-31 1.99239e-31 1.00994e-31 5.11934e-32 2.59494e-32 1.31534e-32 6.6672e-33 3.37944e-33 1.71294e-33 8.68234e-34 4.40075e-34 2.23055e-34 1.13056e-34 5.73025e-35 2.90434e-35 1.47204e-35 7.4608e-36 3.78136e-36 1.91649e-36 9.71322e-37 4.92283e-37 2.49496e-37 1.26447e-37 6.40838e-38 3.24777e-38 1.64596e-38 8.3416e-39 4.22742e-39 2.14239e-39 1.08572e-39 5.50217e-40 2.78835e-40 1.41304e-40 7.16079e-41 3.6288e-41 1.83892e-41 9.31874e-42 4.72225e-42 2.39297e-42 1.21261e-42 6.14475e-43 3.11375e-43 1.57782e-43
1.55917e-12 1.28979e-14 6.54251e-15 3.31867e-15 1.68337e-15 8.53861e-16 4.33101e-16 2.19677e-16 1.11423e-16 5.65146e-17 2.86642e-17 1.45383e-17 7.37362e-18 3.73975e-18 1.8967e-18 9.61943e-19 4.87859e-19 2.4742e-19 1.25478e-19 6.36352e-20 3.22716e-20 1.63659e-20 8.2995e-21 4.20881e-21 2.13433e-21 1.08233e-21 5.48847e-22 2.78316e-22 1.4113e-22 7.15643e-23 3.62884e-23 1.84007e-23 9.33033e-24 4.73101e-24 2.39886e-24 1.21633e-24 6.1673e-25 3.12703e-25 1.5855e-25 8.03884e-26 4.07584e-26 2.0665e-26 1.04773e-26 5.31201e-27 2.69317e-27 1.36541e-27 6.92244e-28 3.50954e-28 1.77925e-28 9.02027e-29 4.57296e-29 2.31831e-29 1.17528e-29 5.95806e-30 3.02041e-30 1.53116e-30 7.762e-31 3.93479e-31 1.99464e-31 1.01112e-31 5.12554e-32 2.59819e-32 1.31704e-32 6.67606e-33 3.38407e-33 1.71536e-33 8.69491e-34 4.40729e-34 2.23396e-34 1.13233e-34 5.73943e-35 2.90911e-35 1.47451e-35 7.47362e-36 3.788e-36 1.91993e-36 9.73102e-37 4.93204e-37 2.49972e-37 1.26693e-37 6.4211e-38 3.25434e-38 1.64935e-38 8.35908e-39 4.23644e-39 2.14704e-39 1.08812e-39 5.51452e-40 2.79471e-40 1.41632e-40 7.17765e-41 3.63748e-41 1.84338e-41 9.34169e-42 4.73405e-42 2.39904e-42 1.21573e-42 6.16078e-43 3.12198e-43 1.58205e-43 8.01693e-44
