0.522556 0.00751863 0.00626552 0.00522127 0.00435106 0.00362588 0.00302157 0.00251797 0.00209831 0.00174859 0.00145716 0.0012143 0.00101192 0.000843264 0.00070272 0.0005856 0.000488 0.000406667 0.000338889 0.000282407 0.00023534 0.000196116 0.00016343 0.000136192 0.000113493 9.45777e-05 7.88147e-05 6.56789e-05 5.47324e-05 4.56104e-05 3.80086e-05 3.16739e-05 2.63949e-05 2.19957e-05 1.83298e-05 1.52748e-05 1.2729e-05 1.06075e-05 8.8396e-06 7.36633e-06 6.13861e-06 5.11551e-06 4.26292e-06 3.55244e-06 2.96036e-06 2.46697e-06 2.05581e-06 1.71317e-06 1.42764e-06 1.1897e-06 9.9142e-07 8.26183e-07 6.88486e-07 5.73738e-07 4.78115e-07 3.98429e-07 3.32024e-07 2.76687e-07 2.30572e-07 1.92144e-07 1.6012e-07 1.33433e-07 1.11194e-07 9.26619e-08 7.72183e-08 6.43486e-08 5.36238e-08 4.46865e-08 3.72387e-08 3.10323e-08 2.58602e-08 2.15502e-08 1.79585e-08 1.49654e-08 1.24712e-08 1.03927e-08 8.66054e-09 7.21712e-09 6.01427e-09 5.01189e-09 4.17657e-09 3.48048e-09 2.9004e-09 2.417e-09 2.01417e-09 1.67847e-09 1.39873e-09 1.1656e-09 9.71337e-10 8.09448e-10 6.7454e-10 5.62117e-10 4.6843e-10 3.90359e-10 3.25299e-10 2.71082e-10 2.25902e-10 1.88252e-10 1.56876e-10 1.3073e-10 1.08942e-10
0.00751863 0.00287838 0.0025227 0.00220563 0.00192418 0.00167527 0.00145589 0.00126309 0.00109413 0.000946393 0.000817512 0.000705303 0.000607788 0.000523187 0.000449903 0.000386514 0.000331757 0.000284516 0.000243807 0.000208764 0.00017863 0.000152741 0.00013052 0.000111463 9.51332e-05 8.11503e-05 6.91858e-05 5.89552e-05 5.02131e-05 4.27473e-05 3.63753e-05 3.09399e-05 2.63059e-05 2.23571e-05 1.89938e-05 1.61306e-05 1.36942e-05 1.16219e-05 9.85991e-06 8.36245e-06 7.09025e-06 6.00983e-06 5.09259e-06 4.31417e-06 3.65375e-06 3.09364e-06 2.61874e-06 2.2162e-06 1.8751e-06 1.58614e-06 1.34141e-06 1.1342e-06 9.58801e-07 8.10361e-07 6.84767e-07 5.78528e-07 4.88681e-07 4.12712e-07 3.48492e-07 2.94215e-07 2.48349e-07 2.096e-07 1.76868e-07 1.49225e-07 1.25883e-07 1.06176e-07 8.95421e-08 7.55032e-08 6.36566e-08 5.36616e-08 4.52301e-08 3.81184e-08 3.21209e-08 2.70637e-08 2.28e-08 1.92058e-08 1.61763e-08 1.36232e-08 1.14717e-08 9.659e-09 8.13186e-09 6.84546e-09 5.76198e-09 4.84951e-09 4.08114e-09 3.43418e-09 2.88951e-09 2.431e-09 2.04507e-09 1.72025e-09 1.4469e-09 1.21688e-09 1.02334e-09 8.60513e-10 7.23535e-10 6.08313e-10 5.114e-10 4.29894e-10 3.61351e-10 3.03715e-10 2.55252e-10
0.00626552 0.0025227 0.00225313 0.00200538 0.00177933 0.00157435 0.00138946 0.00122345 0.001075 0.000942741 0.000825276 0.000721254 0.000629379 0.000548425 0.000477248 0.000414792 0.00036009 0.000312258 0.000270501 0.0002341 0.000202411 0.000174859 0.000150933 0.000130178 0.000112193 9.66248e-05 8.316e-05 7.15253e-05 6.14802e-05 5.28146e-05 4.53446e-05 3.891e-05 3.3371e-05 2.86061e-05 2.45098e-05 2.09902e-05 1.7968e-05 1.53743e-05 1.31496e-05 1.12422e-05 9.60777e-06 8.20786e-06 7.00939e-06 5.9838e-06 5.10653e-06 4.35643e-06 3.71532e-06 3.16758e-06 2.69977e-06 2.30038e-06 1.95951e-06 1.66869e-06 1.42065e-06 1.20916e-06 1.02889e-06 8.75284e-07 7.44428e-07 6.32985e-07 5.38101e-07 4.57338e-07 3.88612e-07 3.30142e-07 2.80412e-07 2.38124e-07 2.02173e-07 1.71616e-07 1.4565e-07 1.2359e-07 1.04852e-07 8.89387e-08 7.54277e-08 6.39583e-08 5.42238e-08 4.59635e-08 3.89552e-08 3.30103e-08 2.79684e-08 2.3693e-08 2.00682e-08 1.69955e-08 1.43912e-08 1.21842e-08 1.03143e-08 8.73023e-09 7.38844e-09 6.25207e-09 5.2898e-09 4.47507e-09 3.78537e-09 3.20157e-09 2.70749e-09 2.28939e-09 1.93563e-09 1.63635e-09 1.38319e-09 1.16907e-09 9.87991e-10 8.3487e-10 7.05407e-10 5.95958e-10 5.03441e-10
0.00522127 0.00220563 0.00200538 0.0018148 0.00163558 0.00146865 0.00131444 0.00117293 0.00104385 0.000926696 0.000820851 0.000725596 0.000640176 0.000563816 0.000495752 0.000435239 0.000381568 0.000334068 0.000292114 0.000255127 0.000222575 0.000193971 0.000168875 0.000146887 0.000127647 0.000110832 9.61538e-05 8.33547e-05 7.22056e-05 6.25033e-05 5.40679e-05 4.67404e-05 4.03807e-05 3.48653e-05 3.00859e-05 2.59472e-05 2.23658e-05 1.92688e-05 1.65923e-05 1.42808e-05 1.22855e-05 1.05643e-05 9.08025e-06 7.8014e-06 6.69992e-06 5.75168e-06 4.93575e-06 4.23399e-06 3.63069e-06 3.11226e-06 2.66695e-06 2.28459e-06 1.95642e-06 1.67487e-06 1.43339e-06 1.22636e-06 1.04893e-06 8.96915e-07 7.66718e-07 6.55244e-07 5.5983e-07 4.78186e-07 4.08347e-07 3.48622e-07 2.97561e-07 2.53919e-07 2.16628e-07 1.84772e-07 1.57566e-07 1.34337e-07 1.14508e-07 9.75864e-08 8.31484e-08 7.08324e-08 6.0329e-08 5.13733e-08 4.37389e-08 3.72322e-08 3.16878e-08 2.69643e-08 2.29409e-08 1.95145e-08 1.65971e-08 1.41136e-08 1.19998e-08 1.02009e-08 8.67036e-09 7.36834e-09 6.2609e-09 5.31912e-09 4.51836e-09 3.83759e-09 3.25894e-09 2.76716e-09 2.34927e-09 1.99423e-09 1.69261e-09 1.43643e-09 1.21887e-09 1.03413e-09 8.77283e-10
0.00435106 0.00192418 0.00177933 0.00163558 0.00149563 0.0013614 0.0012342 0.00111483 0.00100371 0.000901004 0.00080663 0.000720364 0.000641869 0.000570734 0.000506502 0.000448692 0.000396815 0.000350387 0.000308938 0.000272017 0.000239198 0.000210081 0.000184295 0.000161497 0.000141372 0.000123633 0.000108017 9.42897e-05 8.22362e-05 7.16649e-05 6.24035e-05 5.42983e-05 4.72117e-05 4.10217e-05 3.56195e-05 3.0909e-05 2.68049e-05 2.3232e-05 2.01238e-05 1.74218e-05 1.50745e-05 1.30368e-05 1.12688e-05 9.73595e-06 8.40765e-06 7.25727e-06 6.26153e-06 5.4001e-06 4.65525e-06 4.01152e-06 3.45545e-06 2.97532e-06 2.56096e-06 2.20351e-06 1.89528e-06 1.62961e-06 1.40071e-06 1.20357e-06 1.03385e-06 8.87787e-07 7.62128e-07 6.54061e-07 5.61156e-07 4.81312e-07 4.12714e-07 3.53798e-07 3.03212e-07 2.59792e-07 2.22533e-07 1.90571e-07 1.63159e-07 1.39658e-07 1.19514e-07 1.02252e-07 8.74635e-08 7.47976e-08 6.39522e-08 5.46678e-08 4.67216e-08 3.99223e-08 3.41057e-08 2.91309e-08 2.48769e-08 2.12402e-08 1.81317e-08 1.54753e-08 1.32058e-08 1.12671e-08 9.6113e-09 8.19748e-09 6.99046e-09 5.96018e-09 5.08093e-09 4.33069e-09 3.69065e-09 3.14472e-09 2.67914e-09 2.28215e-09 1.94369e-09 1.65519e-09 1.40931e-09
0.00362588 0.00167527 0.00157435 0.00146865 0.0013614 0.00125505 0.00115142 0.00105182 0.000957153 0.000868003 0.000784697 0.000707367 0.000635996 0.000570457 0.00051054 0.000455979 0.000406474 0.000361699 0.000321321 0.000285005 0.000252424 0.000223258 0.000197204 0.000173976 0.000153304 0.000134938 0.000118647 0.000104217 9.14546e-05 8.01813e-05 7.02359e-05 6.14723e-05 5.37588e-05 4.69768e-05 4.10199e-05 3.57927e-05 3.12101e-05 2.71961e-05 2.36832e-05 2.06114e-05 1.79272e-05 1.55836e-05 1.35389e-05 1.1756e-05 1.02026e-05 8.85e-06 7.67291e-06 6.64921e-06 5.75941e-06 4.98644e-06 4.31532e-06 3.73294e-06 3.22781e-06 2.78991e-06 2.41047e-06 2.08184e-06 1.79734e-06 1.55115e-06 1.33821e-06 1.15411e-06 9.94993e-07 8.57531e-07 7.38822e-07 6.36346e-07 5.47914e-07 4.71629e-07 4.05845e-07 3.49137e-07 3.00267e-07 2.58166e-07 2.21908e-07 1.90692e-07 1.63825e-07 1.40707e-07 1.20821e-07 1.0372e-07 8.90181e-08 7.63822e-08 6.55248e-08 5.61979e-08 4.81879e-08 4.13105e-08 3.54071e-08 3.03409e-08 2.59941e-08 2.22656e-08 1.90681e-08 1.63265e-08 1.39764e-08 1.19623e-08 1.02365e-08 8.75811e-09 7.49186e-09 6.40754e-09 5.47919e-09 4.68454e-09 4.00445e-09 3.42252e-09 2.92467e-09 2.49884e-09 2.13467e-09
0.00302157 0.00145589 0.00138946 0.00131444 0.0012342 0.00115142 0.00106818 0.000986066 0.000906274 0.000829667 0.000756845 0.000688196 0.000623938 0.000564159 0.000508844 0.000457902 0.000411184 0.000368502 0.000329641 0.000294368 0.000262441 0.00023362 0.000207664 0.000184339 0.000163423 0.000144703 0.000127978 0.00011306 9.97752e-05 8.79626e-05 7.74736e-05 6.81722e-05 5.99344e-05 5.26471e-05 4.62082e-05 4.05248e-05 3.55136e-05 3.10994e-05 2.72148e-05 2.37992e-05 2.07986e-05 1.81649e-05 1.5855e-05 1.38306e-05 1.20577e-05 1.05063e-05 9.14952e-06 7.9638e-06 6.92821e-06 6.02432e-06 5.23583e-06 4.54843e-06 3.94947e-06 3.42787e-06 2.97388e-06 2.57894e-06 2.23552e-06 1.93707e-06 1.67781e-06 1.45269e-06 1.25732e-06 1.08782e-06 9.40847e-07 8.13446e-07 7.0306e-07 6.07452e-07 5.24676e-07 4.53037e-07 3.91058e-07 3.37456e-07 2.91114e-07 2.51064e-07 2.16462e-07 1.86576e-07 1.60773e-07 1.38501e-07 1.19283e-07 1.02705e-07 8.84084e-08 7.60831e-08 6.54601e-08 5.63068e-08 4.8422e-08 4.16317e-08 3.57854e-08 3.07533e-08 2.64229e-08 2.26974e-08 1.9493e-08 1.67376e-08 1.43686e-08 1.23325e-08 1.05828e-08 9.07953e-09 7.78831e-09 6.67945e-09 5.7274e-09 4.91014e-09 4.20873e-09 3.60687e-09 3.09054e-09
0.00251797 0.00126309 0.00122345 0.00117293 0.00111483 0.00105182 0.000986066 0.000919277 0.000852795 0.000787648 0.000724609 0.000664238 0.000606922 0.000552905 0.000502322 0.000455219 0.00041157 0.000371301 0.000334294 0.000300406 0.000269475 0.000241325 0.000215776 0.000192645 0.000171752 0.00015292 0.000135981 0.000120772 0.000107141 9.49444e-05 8.40479e-05 7.43273e-05 6.56677e-05 5.79635e-05 5.11179e-05 4.50424e-05 3.96564e-05 3.48869e-05 3.06677e-05 2.6939e-05 2.36468e-05 2.07428e-05 1.81833e-05 1.59295e-05 1.39463e-05 1.22027e-05 1.06708e-05 9.32598e-06 8.14615e-06 7.11177e-06 6.20552e-06 5.41202e-06 4.71766e-06 4.11042e-06 3.57968e-06 3.11605e-06 2.71127e-06 2.35805e-06 2.04999e-06 1.78144e-06 1.54746e-06 1.34368e-06 1.16628e-06 1.01193e-06 8.77689e-07 7.60982e-07 6.59563e-07 5.71465e-07 4.94968e-07 4.28571e-07 3.70962e-07 3.20995e-07 2.77673e-07 2.40126e-07 2.07594e-07 1.79417e-07 1.55021e-07 1.33904e-07 1.15632e-07 9.98268e-08 8.61589e-08 7.43431e-08 6.41314e-08 5.53084e-08 4.76876e-08 4.11068e-08 3.54258e-08 3.05227e-08 2.62922e-08 2.2643e-08 1.94958e-08 1.67825e-08 1.44436e-08 1.24281e-08 1.06916e-08 9.19583e-09 7.90772e-09 6.79869e-09 5.84405e-09 5.02248e-09 4.31559e-09
0.00209831 0.00109413 0.001075 0.00104385 0.00100371 0.000957153 0.000906274 0.000852795 0.000798105 0.000743313 0.000689287 0.000636693 0.000586029 0.000537652 0.000491807 0.000448641 0.00040823 0.000370587 0.000335679 0.000303438 0.000273769 0.000246556 0.000221671 0.00019898 0.00017834 0.000159612 0.000142656 0.000127336 0.000113521 0.000101085 8.99106e-05 7.98851e-05 7.09042e-05 6.28707e-05 5.56945e-05 4.92922e-05 4.35876e-05 3.85106e-05 3.39972e-05 2.99892e-05 2.64335e-05 2.32823e-05 2.04923e-05 1.80241e-05 1.58427e-05 1.39164e-05 1.22166e-05 1.07179e-05 9.39755e-06 8.23514e-06 7.21249e-06 6.31342e-06 5.52352e-06 4.82998e-06 4.22141e-06 3.68772e-06 3.21999e-06 2.81028e-06 2.45159e-06 2.13775e-06 1.86328e-06 1.62338e-06 1.41378e-06 1.23075e-06 1.071e-06 9.31626e-07 8.10088e-07 7.04147e-07 6.11841e-07 5.31449e-07 4.61461e-07 4.00556e-07 3.47574e-07 3.01502e-07 2.61455e-07 2.26656e-07 1.96429e-07 1.70182e-07 1.47399e-07 1.27629e-07 1.1048e-07 9.56083e-08 8.27158e-08 7.15427e-08 6.18625e-08 5.34783e-08 4.62186e-08 3.99343e-08 3.44961e-08 2.97912e-08 2.57219e-08 2.22032e-08 1.91614e-08 1.65326e-08 1.42613e-08 1.22993e-08 1.06049e-08 9.142e-09 7.87924e-09 6.78949e-09 5.84927e-09
0.00174859 0.000946393 0.000942741 0.000926696 0.000901004 0.000868003 0.000829667 0.000787648 0.000743313 0.000697785 0.000651968 0.000606586 0.000562203 0.000519251 0.000478049 0.000438824 0.000401725 0.000366836 0.000334192 0.000303787 0.000275582 0.000249515 0.000225504 0.000203455 0.000183266 0.000164827 0.000148027 0.000132757 0.000118904 0.000106364 9.50319e-05 8.48098e-05 7.5604e-05 6.73265e-05 5.98946e-05 5.32313e-05 4.7265e-05 4.19297e-05 3.71643e-05 3.2913e-05 2.91245e-05 2.57519e-05 2.27526e-05 2.0088e-05 1.77229e-05 1.56256e-05 1.37673e-05 1.21222e-05 1.06669e-05 9.38072e-06 8.24471e-06 7.24211e-06 6.35787e-06 5.57856e-06 4.89219e-06 4.28804e-06 3.75662e-06 3.28944e-06 2.87898e-06 2.51857e-06 2.20227e-06 1.92483e-06 1.68162e-06 1.46851e-06 1.28188e-06 1.11851e-06 9.75571e-07 8.5057e-07 7.41304e-07 6.45833e-07 5.62452e-07 4.89661e-07 4.26142e-07 3.70734e-07 3.22422e-07 2.80313e-07 2.43625e-07 2.11672e-07 1.83851e-07 1.59639e-07 1.38573e-07 1.20252e-07 1.04323e-07 9.04778e-08 7.84483e-08 6.79994e-08 5.89264e-08 5.10503e-08 4.42154e-08 3.82857e-08 3.31429e-08 2.86837e-08 2.48184e-08 2.14688e-08 1.85669e-08 1.60534e-08 1.38771e-08 1.1993e-08 1.03624e-08 8.95159e-09 7.73115e-09
0.00145716 0.000817512 0.000825276 0.000820851 0.00080663 0.000784697 0.000756845 0.000724609 0.000689287 0.000651968 0.000613554 0.000574785 0.000536258 0.000498448 0.000461725 0.000426367 0.000392578 0.000360497 0.000330213 0.00030177 0.000275176 0.000250413 0.00022744 0.0002062 0.000186624 0.000168631 0.000152139 0.000137059 0.000123301 0.000110777 9.93983e-05 8.90804e-05 7.97406e-05 7.13006e-05 6.36857e-05 5.68256e-05 5.06543e-05 4.51103e-05 4.01362e-05 3.5679e-05 3.16897e-05 2.81232e-05 2.49382e-05 2.20968e-05 1.95645e-05 1.73099e-05 1.53044e-05 1.3522e-05 1.19393e-05 1.05351e-05 9.29023e-06 8.18749e-06 7.21139e-06 6.34801e-06 5.58487e-06 4.9108e-06 4.31579e-06 3.79091e-06 3.32819e-06 2.92051e-06 2.56153e-06 2.24562e-06 1.96777e-06 1.72352e-06 1.50893e-06 1.32049e-06 1.1551e-06 1.01001e-06 8.82786e-07 7.71286e-07 6.7361e-07 5.88081e-07 5.13222e-07 4.4773e-07 3.90456e-07 3.4039e-07 2.96643e-07 2.58431e-07 2.25067e-07 1.95947e-07 1.70541e-07 1.48382e-07 1.29063e-07 1.12226e-07 9.75562e-08 8.47794e-08 7.3655e-08 6.39722e-08 5.55471e-08 4.82184e-08 4.18455e-08 3.63053e-08 3.14905e-08 2.73072e-08 2.36737e-08 2.05187e-08 1.77798e-08 1.54028e-08 1.33404e-08 1.15515e-08 1.00002e-08
0.0012143 0.000705303 0.000721254 0.000725596 0.000720364 0.000707367 0.000688196 0.000664238 0.000636693 0.000606586 0.000574785 0.000542019 0.000508892 0.000475897 0.000443431 0.000411808 0.000381268 0.000351992 0.000324107 0.000297698 0.000272811 0.000249466 0.000227656 0.000207355 0.000188523 0.000171108 0.00015505 0.000140282 0.000126734 0.000114335 0.00010301 9.26891e-05 8.32999e-05 7.4774e-05 6.70452e-05 6.00503e-05 5.37292e-05 4.80254e-05 4.28858e-05 3.82605e-05 3.41034e-05 3.03717e-05 2.70256e-05 2.40286e-05 2.13472e-05 1.89506e-05 1.68107e-05 1.49017e-05 1.32003e-05 1.16853e-05 1.03374e-05 9.13917e-06 8.0748e-06 7.13009e-06 6.2922e-06 5.5496e-06 4.89191e-06 4.30982e-06 3.79498e-06 3.33991e-06 2.93792e-06 2.58304e-06 2.26994e-06 1.99384e-06 1.75053e-06 1.53621e-06 1.34754e-06 1.18153e-06 1.03553e-06 9.07202e-07 7.94454e-07 6.95443e-07 6.08534e-07 5.32284e-07 4.65414e-07 4.06796e-07 3.55433e-07 3.10446e-07 2.71059e-07 2.36589e-07 2.06433e-07 1.80062e-07 1.5701e-07 1.36865e-07 1.19268e-07 1.03902e-07 9.04885e-08 7.87833e-08 6.85723e-08 5.96678e-08 5.1905e-08 4.51396e-08 3.92454e-08 3.41118e-08 2.96418e-08 2.57509e-08 2.2365e-08 1.94195e-08 1.68577e-08 1.46303e-08 1.26941e-08
0.00101192 0.000607788 0.000629379 0.000640176 0.000641869 0.000635996 0.000623938 0.000606922 0.000586029 0.000562203 0.000536258 0.000508892 0.000480695 0.000452159 0.000423693 0.000395629 0.000368231 0.000341708 0.000316215 0.000291867 0.000268743 0.00024689 0.00022633 0.000207066 0.000189083 0.000172351 0.000156832 0.00014248 0.000129242 0.000117061 0.000105881 9.56394e-05 8.6278e-05 7.77373e-05 6.99595e-05 6.28885e-05 5.64707e-05 5.06547e-05 4.53918e-05 4.06361e-05 3.63444e-05 3.24765e-05 2.89947e-05 2.58643e-05 2.30529e-05 2.05307e-05 1.82703e-05 1.62466e-05 1.44366e-05 1.28192e-05 1.13752e-05 1.00871e-05 8.93906e-06 7.91668e-06 7.00693e-06 6.19801e-06 5.47928e-06 4.84114e-06 4.27495e-06 3.77293e-06 3.3281e-06 2.93421e-06 2.58563e-06 2.27733e-06 2.00483e-06 1.76411e-06 1.55157e-06 1.36403e-06 1.19862e-06 1.05282e-06 9.24364e-07 8.11243e-07 7.11676e-07 6.24081e-07 5.47053e-07 4.79349e-07 4.19867e-07 3.6763e-07 3.21776e-07 2.81541e-07 2.46251e-07 2.15311e-07 1.88195e-07 1.6444e-07 1.43636e-07 1.25425e-07 1.09488e-07 9.55463e-08 8.33548e-08 7.26972e-08 6.33837e-08 5.52474e-08 4.81419e-08 4.19385e-08 3.65243e-08 3.18005e-08 2.76803e-08 2.40876e-08 2.09557e-08 1.82264e-08 1.58486e-08
0.000843264 0.000523187 0.000548425 0.000563816 0.000570734 0.000570457 0.000564159 0.000552905 0.000537652 0.000519251 0.000498448 0.000475897 0.000452159 0.000427714 0.000402967 0.000378257 0.000353859 0.000329998 0.000306852 0.000284556 0.000263213 0.000242893 0.000223642 0.000205484 0.000188426 0.00017246 0.000157566 0.000143714 0.00013087 0.000118991 0.000108032 9.79447e-05 8.86807e-05 8.019e-05 7.24229e-05 6.53309e-05 5.88664e-05 5.29836e-05 4.76384e-05 4.27889e-05 3.83954e-05 3.44205e-05 3.08287e-05 2.75874e-05 2.46656e-05 2.2035e-05 1.96691e-05 1.75435e-05 1.56358e-05 1.39253e-05 1.2393e-05 1.10217e-05 9.79545e-06 8.69993e-06 7.72198e-06 6.84968e-06 6.07223e-06 5.37982e-06 4.76361e-06 4.21561e-06 3.72859e-06 3.29606e-06 2.91218e-06 2.57168e-06 2.26986e-06 2.00247e-06 1.76574e-06 1.55626e-06 1.371e-06 1.20725e-06 1.06259e-06 9.34859e-07 8.22135e-07 7.22703e-07 6.35038e-07 5.57784e-07 4.89737e-07 4.29826e-07 3.77102e-07 3.30723e-07 2.89942e-07 2.541e-07 2.2261e-07 1.94956e-07 1.70679e-07 1.49376e-07 1.30688e-07 1.14302e-07 9.99392e-08 8.73538e-08 7.63299e-08 6.66771e-08 5.82278e-08 5.08344e-08 4.4367e-08 3.87114e-08 3.37674e-08 2.94468e-08 2.5672e-08 2.23752e-08 1.94967e-08
0.00070272 0.000449903 0.000477248 0.000495752 0.000506502 0.00051054 0.000508844 0.000502322 0.000491807 0.000478049 0.000461725 0.000443431 0.000423693 0.000402967 0.000381646 0.000360062 0.000338497 0.000317183 0.000296308 0.000276025 0.000256452 0.000237677 0.000219764 0.000202757 0.000186679 0.00017154 0.000157336 0.000144055 0.000131674 0.000120164 0.000109494 9.96263e-05 9.05214e-05 8.21389e-05 7.44372e-05 6.73747e-05 6.09102e-05 5.50033e-05 4.96148e-05 4.47069e-05 4.02434e-05 3.61899e-05 3.25137e-05 2.91841e-05 2.6172e-05 2.34506e-05 2.09946e-05 1.87805e-05 1.67867e-05 1.49931e-05 1.33812e-05 1.1934e-05 1.06358e-05 9.47231e-06 8.4305e-06 7.49841e-06 6.66516e-06 5.92085e-06 5.2565e-06 4.66396e-06 4.13584e-06 3.66547e-06 3.24683e-06 2.87446e-06 2.54348e-06 2.24945e-06 1.98843e-06 1.75683e-06 1.55147e-06 1.36947e-06 1.20827e-06 1.06556e-06 9.39299e-07 8.27639e-07 7.28945e-07 6.41754e-07 5.64762e-07 4.96809e-07 4.36861e-07 3.83999e-07 3.37406e-07 2.96357e-07 2.60207e-07 2.28385e-07 2.00384e-07 1.75755e-07 1.54101e-07 1.3507e-07 1.18351e-07 1.03667e-07 9.07765e-08 7.94639e-08 6.95397e-08 6.08365e-08 5.32066e-08 4.65201e-08 4.0662e-08 3.55316e-08 3.10397e-08 2.71082e-08 2.36683e-08
0.0005856 0.000386514 0.000414792 0.000435239 0.000448692 0.000455979 0.000457902 0.000455219 0.000448641 0.000438824 0.000426367 0.000411808 0.000395629 0.000378257 0.000360062 0.000341369 0.000322453 0.000303548 0.000284848 0.000266513 0.000248674 0.000231433 0.000214866 0.000199031 0.000183967 0.000169698 0.000156234 0.000143575 0.000131713 0.00012063 0.000110306 0.000100712 9.18203e-05 8.35975e-05 7.60099e-05 6.90229e-05 6.26012e-05 5.671e-05 5.13148e-05 4.63821e-05 4.18791e-05 3.77747e-05 3.40389e-05 3.06433e-05 2.7561e-05 2.47665e-05 2.2236e-05 1.99473e-05 1.78795e-05 1.60134e-05 1.4331e-05 1.28157e-05 1.14524e-05 1.02268e-05 9.12602e-06 8.13828e-06 7.25269e-06 6.45934e-06 5.74919e-06 5.11401e-06 4.5463e-06 4.03928e-06 3.58677e-06 3.18319e-06 2.82349e-06 2.50312e-06 2.21795e-06 1.96427e-06 1.73875e-06 1.53838e-06 1.36044e-06 1.20253e-06 1.06247e-06 9.38297e-07 8.28275e-07 7.3084e-07 6.44595e-07 5.68292e-07 5.00819e-07 4.4118e-07 3.88492e-07 3.41965e-07 3.00896e-07 2.64662e-07 2.32706e-07 2.04535e-07 1.79711e-07 1.57846e-07 1.38593e-07 1.21649e-07 1.0674e-07 9.36288e-08 8.21016e-08 7.1971e-08 6.3071e-08 5.52547e-08 4.83926e-08 4.23702e-08 3.70865e-08 3.24524e-08 2.83893e-08
0.000488 0.000331757 0.00036009 0.000381568 0.000396815 0.000406474 0.000411184 0.00041157 0.00040823 0.000401725 0.000392578 0.000381268 0.000368231 0.000353859 0.000338497 0.000322453 0.000305992 0.000289345 0.000272705 0.000256238 0.000240079 0.000224339 0.000209105 0.000194446 0.000180412 0.000167039 0.000154349 0.000142352 0.000131051 0.000120441 0.000110508 0.000101236 9.26026e-05 8.45843e-05 7.71541e-05 7.02836e-05 6.39437e-05 5.81046e-05 5.27366e-05 4.78103e-05 4.32967e-05 3.91678e-05 3.53964e-05 3.19566e-05 2.88235e-05 2.59735e-05 2.33843e-05 2.10349e-05 1.89055e-05 1.69778e-05 1.52344e-05 1.36595e-05 1.22382e-05 1.09567e-05 9.80245e-06 8.76368e-06 7.82967e-06 6.99059e-06 6.23741e-06 5.56188e-06 4.95647e-06 4.41431e-06 3.92916e-06 3.49533e-06 3.10766e-06 2.76148e-06 2.45255e-06 2.17704e-06 1.93149e-06 1.71278e-06 1.51808e-06 1.34488e-06 1.19087e-06 1.05401e-06 9.32457e-07 8.24556e-07 7.28823e-07 6.4393e-07 5.68687e-07 5.02029e-07 4.43005e-07 3.90765e-07 3.44551e-07 3.03686e-07 2.67568e-07 2.35657e-07 2.07477e-07 1.82601e-07 1.60652e-07 1.41292e-07 1.24222e-07 1.09178e-07 9.59249e-08 8.4253e-08 7.39776e-08 6.49349e-08 5.698e-08 4.99843e-08 4.38344e-08 3.84297e-08 3.36816e-08
0.000406667 0.000284516 0.000312258 0.000334068 0.000350387 0.000361699 0.000368502 0.000371301 0.000370587 0.000366836 0.000360497 0.000351992 0.000341708 0.000329998 0.000317183 0.000303548 0.000289345 0.000274795 0.00026009 0.000245395 0.000230846 0.000216561 0.000202632 0.000189137 0.000176134 0.000163668 0.000151771 0.000140462 0.000129755 0.000119651 0.000110147 0.000101234 9.28981e-05 8.51225e-05 7.7887e-05 7.11693e-05 6.49458e-05 5.91917e-05 5.38819e-05 4.8991e-05 4.44937e-05 4.03651e-05 3.6581e-05 3.31179e-05 2.9953e-05 2.70647e-05 2.44322e-05 2.2036e-05 1.98574e-05 1.78791e-05 1.60846e-05 1.44587e-05 1.2987e-05 1.16563e-05 1.04542e-05 9.36941e-06 8.39128e-06 7.51014e-06 6.71706e-06 6.00383e-06 5.36294e-06 4.7875e-06 4.27122e-06 3.80837e-06 3.39372e-06 3.02251e-06 2.69042e-06 2.39352e-06 2.12827e-06 1.89143e-06 1.68009e-06 1.49163e-06 1.32366e-06 1.17405e-06 1.04086e-06 9.22362e-07 8.16984e-07 7.23327e-07 6.40129e-07 5.6626e-07 5.00706e-07 4.4256e-07 3.91009e-07 3.45326e-07 3.04862e-07 2.69037e-07 2.37332e-07 2.09287e-07 1.84489e-07 1.6257e-07 1.43206e-07 1.26105e-07 1.11008e-07 9.76854e-08 8.59337e-08 7.55711e-08 6.6437e-08 5.83885e-08 5.12991e-08 4.50567e-08 3.95621e-08
0.000338889 0.000243807 0.000270501 0.000292114 0.000308938 0.000321321 0.000329641 0.000334294 0.000335679 0.000334192 0.000330213 0.000324107 0.000316215 0.000306852 0.000296308 0.000284848 0.000272705 0.00026009 0.000247188 0.000234159 0.00022114 0.00020825 0.000195586 0.000183229 0.000171245 0.000159685 0.000148588 0.000137983 0.000127889 0.000118317 0.00010927 0.000100746 9.27394e-05 8.52385e-05 7.82296e-05 7.1696e-05 6.56193e-05 5.99795e-05 5.47558e-05 4.99267e-05 4.54705e-05 4.13654e-05 3.75901e-05 3.41234e-05 3.09449e-05 2.80348e-05 2.53742e-05 2.29448e-05 2.07293e-05 1.87115e-05 1.68757e-05 1.52075e-05 1.36933e-05 1.23202e-05 1.10763e-05 9.95072e-06 8.93306e-06 8.01384e-06 7.18429e-06 6.43631e-06 5.76244e-06 5.15584e-06 4.61023e-06 4.11985e-06 3.67944e-06 3.28421e-06 2.92976e-06 2.61211e-06 2.32764e-06 2.07304e-06 1.84533e-06 1.64179e-06 1.45997e-06 1.29765e-06 1.15282e-06 1.02367e-06 9.08566e-07 8.06041e-07 7.14766e-07 6.3355e-07 5.6132e-07 4.97116e-07 4.40073e-07 3.89417e-07 3.44454e-07 3.04563e-07 2.69187e-07 2.3783e-07 2.10047e-07 1.85442e-07 1.63659e-07 1.44384e-07 1.27335e-07 1.1226e-07 9.89358e-08 8.71642e-08 7.67679e-08 6.75897e-08 5.94899e-08 5.23442e-08 4.60426e-08
0.000282407 0.000208764 0.0002341 0.000255127 0.000272017 0.000285005 0.000294368 0.000300406 0.000303438 0.000303787 0.00030177 0.000297698 0.000291867 0.000284556 0.000276025 0.000266513 0.000256238 0.000245395 0.000234159 0.000222685 0.000211108 0.000199544 0.000188093 0.000176838 0.00016585 0.000155185 0.000144887 0.00013499 0.000125521 0.000116497 0.000107926 9.9815e-05 9.21616e-05 8.49613e-05 7.82054e-05 7.18825e-05 6.59789e-05 6.04791e-05 5.53663e-05 5.06228e-05 4.62302e-05 4.21699e-05 3.84232e-05 3.49715e-05 3.17965e-05 2.88806e-05 2.62062e-05 2.37569e-05 2.15166e-05 1.947e-05 1.76028e-05 1.59011e-05 1.43521e-05 1.29436e-05 1.16642e-05 1.05033e-05 9.45095e-06 8.49788e-06 7.63553e-06 6.85598e-06 6.15189e-06 5.5165e-06 4.94356e-06 4.42736e-06 3.96264e-06 3.54458e-06 3.16877e-06 2.83119e-06 2.52816e-06 2.25632e-06 2.01263e-06 1.79432e-06 1.59887e-06 1.42398e-06 1.2676e-06 1.12784e-06 1.00302e-06 8.91593e-07 7.92181e-07 7.03537e-07 6.24536e-07 5.54166e-07 4.91515e-07 4.35765e-07 3.8618e-07 3.42098e-07 3.02927e-07 2.68137e-07 2.37252e-07 2.09844e-07 1.85534e-07 1.6398e-07 1.44877e-07 1.27955e-07 1.1297e-07 9.97053e-08 8.79686e-08 7.75875e-08 6.84091e-08 6.02969e-08 5.31298e-08
0.00023534 0.00017863 0.000202411 0.000222575 0.000239198 0.000252424 0.000262441 0.000269475 0.000273769 0.000275582 0.000275176 0.000272811 0.000268743 0.000263213 0.000256452 0.000248674 0.000240079 0.000230846 0.00022114 0.000211108 0.000200878 0.000190565 0.000180269 0.000170073 0.000160049 0.000150258 0.000140747 0.000131556 0.000122715 0.000114247 0.000106166 9.84826e-05 9.12012e-05 8.43216e-05 7.78401e-05 7.175e-05 6.60417e-05 6.0704e-05 5.57238e-05 5.10868e-05 4.6778e-05 4.27818e-05 3.90819e-05 3.56624e-05 3.25071e-05 2.96001e-05 2.69258e-05 2.44692e-05 2.22156e-05 2.0151e-05 1.82619e-05 1.65354e-05 1.49596e-05 1.35227e-05 1.22141e-05 1.10235e-05 9.94134e-06 8.95879e-06 8.06751e-06 7.25978e-06 6.52842e-06 5.86678e-06 5.26874e-06 4.72863e-06 4.24122e-06 3.80171e-06 3.40571e-06 3.04916e-06 2.72838e-06 2.43997e-06 2.18084e-06 1.94818e-06 1.73942e-06 1.55223e-06 1.38447e-06 1.23424e-06 1.09976e-06 9.79472e-07 8.71927e-07 7.75832e-07 6.90014e-07 6.13416e-07 5.45082e-07 4.84153e-07 4.29852e-07 3.81483e-07 3.38419e-07 3.00096e-07 2.66007e-07 2.35699e-07 2.08765e-07 1.84839e-07 1.63594e-07 1.44739e-07 1.28011e-07 1.13176e-07 1.00026e-07 8.83734e-08 7.8052e-08 6.89132e-08 6.08245e-08
0.000196116 0.000152741 0.000174859 0.000193971 0.000210081 0.000223258 0.00023362 0.000241325 0.000246556 0.000249515 0.000250413 0.000249466 0.00024689 0.000242893 0.000237677 0.000231433 0.000224339 0.000216561 0.00020825 0.000199544 0.000190565 0.000181425 0.000172219 0.000163031 0.000153933 0.000144988 0.000136246 0.00012775 0.000119533 0.000111622 0.000104037 9.6792e-05 8.98952e-05 8.33513e-05 7.71609e-05 7.1321e-05 6.58265e-05 6.06694e-05 5.58404e-05 5.13284e-05 4.71213e-05 4.32063e-05 3.95699e-05 3.61982e-05 3.30772e-05 3.01931e-05 2.75319e-05 2.508e-05 2.28243e-05 2.07518e-05 1.88501e-05 1.71074e-05 1.55124e-05 1.40542e-05 1.27225e-05 1.15079e-05 1.0401e-05 9.39351e-06 8.47729e-06 7.6449e-06 6.88937e-06 6.20422e-06 5.58345e-06 5.02148e-06 4.51317e-06 4.05376e-06 3.63887e-06 3.26448e-06 2.92688e-06 2.62269e-06 2.34878e-06 2.10231e-06 1.88068e-06 1.68153e-06 1.50268e-06 1.34216e-06 1.1982e-06 1.06914e-06 9.53532e-07 8.50018e-07 7.5739e-07 6.74547e-07 6.00495e-07 5.34338e-07 4.75263e-07 4.22539e-07 3.75507e-07 3.33573e-07 2.96202e-07 2.62913e-07 2.33274e-07 2.06896e-07 1.83432e-07 1.62567e-07 1.44024e-07 1.27549e-07 1.12919e-07 9.99313e-08 8.84071e-08 7.81853e-08 6.91222e-08
0.00016343 0.00013052 0.000150933 0.000168875 0.000184295 0.000197204 0.000207664 0.000215776 0.000221671 0.000225504 0.00022744 0.000227656 0.00022633 0.000223642 0.000219764 0.000214866 0.000209105 0.000202632 0.000195586 0.000188093 0.000180269 0.000172219 0.000164035 0.0001558 0.000147585 0.000139453 0.000131455 0.000123637 0.000116034 0.000108677 0.000101588 9.47854e-05 8.82809e-05 8.20829e-05 7.61955e-05 7.06197e-05 6.53534e-05 6.03923e-05 5.57301e-05 5.13587e-05 4.72689e-05 4.34503e-05 3.9892e-05 3.65823e-05 3.35093e-05 3.06608e-05 2.80246e-05 2.55888e-05 2.33414e-05 2.12707e-05 1.93654e-05 1.76147e-05 1.6008e-05 1.45353e-05 1.31869e-05 1.19538e-05 1.08273e-05 9.79939e-06 8.86228e-06 8.00885e-06 7.23236e-06 6.52655e-06 5.88554e-06 5.30392e-06 4.77662e-06 4.29897e-06 3.86664e-06 3.47565e-06 3.12231e-06 2.80323e-06 2.5153e-06 2.25567e-06 2.02171e-06 1.81103e-06 1.62144e-06 1.45094e-06 1.2977e-06 1.16006e-06 1.03651e-06 9.25662e-07 8.26278e-07 7.37219e-07 6.57457e-07 5.86059e-07 5.22184e-07 4.65067e-07 4.14021e-07 3.68422e-07 3.27709e-07 2.91376e-07 2.58968e-07 2.30073e-07 2.04323e-07 1.81386e-07 1.60963e-07 1.42787e-07 1.26616e-07 1.12237e-07 9.94558e-08 8.80991e-08 7.80124e-08
0.000136192 0.000111463 0.000130178 0.000146887 0.000161497 0.000173976 0.000184339 0.000192645 0.00019898 0.000203455 0.0002062 0.000207355 0.000207066 0.000205484 0.000202757 0.000199031 0.000194446 0.000189137 0.000183229 0.000176838 0.000170073 0.000163031 0.0001558 0.00014846 0.000141081 0.000133723 0.000126441 0.000119279 0.000112275 0.000105462 9.88649e-05 9.2504e-05 8.63949e-05 8.05486e-05 7.49724e-05 6.96704e-05 6.46436e-05 5.98906e-05 5.54079e-05 5.11903e-05 4.7231e-05 4.35221e-05 4.00548e-05 3.68197e-05 3.38067e-05 3.10054e-05 2.84054e-05 2.5996e-05 2.37667e-05 2.1707e-05 1.98067e-05 1.80558e-05 1.64447e-05 1.49641e-05 1.36051e-05 1.23591e-05 1.1218e-05 1.01742e-05 9.22025e-06 8.34945e-06 7.55529e-06 6.83172e-06 6.17308e-06 5.57409e-06 5.02983e-06 4.53572e-06 4.08751e-06 3.68126e-06 3.31334e-06 2.98039e-06 2.67931e-06 2.40725e-06 2.16158e-06 1.9399e-06 1.74001e-06 1.55988e-06 1.39766e-06 1.25166e-06 1.12035e-06 1.00232e-06 8.9628e-07 8.01079e-07 7.15652e-07 6.39041e-07 5.70371e-07 5.08854e-07 4.53772e-07 4.04478e-07 3.60387e-07 3.20967e-07 2.85742e-07 2.54281e-07 2.26193e-07 2.01129e-07 1.78774e-07 1.58843e-07 1.41081e-07 1.2526e-07 1.11172e-07 9.86342e-08 8.74792e-08
0.000113493 9.51332e-05 0.000112193 0.000127647 0.000141372 0.000153304 0.000163423 0.000171752 0.00017834 0.000183266 0.000186624 0.000188523 0.000189083 0.000188426 0.000186679 0.000183967 0.000180412 0.000176134 0.000171245 0.00016585 0.000160049 0.000153933 0.000147585 0.000141081 0.000134487 0.000127863 0.000121263 0.000114732 0.000108308 0.000102025 9.59112e-05 8.99878e-05 8.42729e-05 7.87803e-05 7.35198e-05 6.8498e-05 6.37187e-05 5.9183e-05 5.48899e-05 5.08366e-05 4.70188e-05 4.34308e-05 4.00658e-05 3.69163e-05 3.39741e-05 3.12305e-05 2.86767e-05 2.63033e-05 2.41011e-05 2.20609e-05 2.01735e-05 1.843e-05 1.68214e-05 1.53393e-05 1.39755e-05 1.2722e-05 1.15712e-05 1.0516e-05 9.54933e-06 8.66483e-06 7.8563e-06 7.11795e-06 6.44433e-06 5.83035e-06 5.27122e-06 4.7625e-06 4.30004e-06 3.87998e-06 3.49875e-06 3.15302e-06 2.83973e-06 2.55606e-06 2.29939e-06 2.06731e-06 1.85762e-06 1.66828e-06 1.49744e-06 1.34338e-06 1.20455e-06 1.07952e-06 9.66988e-07 8.65761e-07 7.74758e-07 6.92992e-07 6.19569e-07 5.53672e-07 4.94562e-07 4.41568e-07 3.94082e-07 3.51552e-07 3.13481e-07 2.79417e-07 2.48953e-07 2.21722e-07 1.97392e-07 1.75664e-07 1.56268e-07 1.38961e-07 1.23525e-07 1.09764e-07 9.7501e-08
9.45777e-05 8.11503e-05 9.66248e-05 0.000110832 0.000123633 0.000134938 0.000144703 0.00015292 0.000159612 0.000164827 0.000168631 0.000171108 0.000172351 0.00017246 0.00017154 0.000169698 0.000167039 0.000163668 0.000159685 0.000155185 0.000150258 0.000144988 0.000139453 0.000133723 0.000127863 0.000121931 0.000115978 0.000110048 0.000104182 9.84125e-05 9.27688e-05 8.72746e-05 8.19496e-05 7.68092e-05 7.18655e-05 6.71272e-05 6.26004e-05 5.82884e-05 5.41925e-05 5.03119e-05 4.66445e-05 4.31866e-05 3.99333e-05 3.6879e-05 3.4017e-05 3.13404e-05 2.88417e-05 2.65129e-05 2.43462e-05 2.23334e-05 2.04664e-05 1.8737e-05 1.71375e-05 1.56601e-05 1.42971e-05 1.30413e-05 1.18856e-05 1.08233e-05 9.84799e-06 8.95343e-06 8.13383e-06 7.38368e-06 6.69777e-06 6.0712e-06 5.49936e-06 4.97796e-06 4.50295e-06 4.07059e-06 3.67737e-06 3.32003e-06 2.99557e-06 2.70117e-06 2.43427e-06 2.19246e-06 1.97354e-06 1.77549e-06 1.59644e-06 1.43467e-06 1.28861e-06 1.15683e-06 1.03799e-06 9.30894e-07 8.34438e-07 7.47616e-07 6.6951e-07 5.99285e-07 5.36181e-07 4.79505e-07 4.2863e-07 3.82986e-07 3.42056e-07 3.05372e-07 2.72508e-07 2.43082e-07 2.16747e-07 1.93188e-07 1.72123e-07 1.53296e-07 1.36476e-07 1.21457e-07 1.08051e-07
7.88147e-05 6.91858e-05 8.316e-05 9.61538e-05 0.000108017 0.000118647 0.000127978 0.000135981 0.000142656 0.000148027 0.000152139 0.00015505 0.000156832 0.000157566 0.000157336 0.000156234 0.000154349 0.000151771 0.000148588 0.000144887 0.000140747 0.000136246 0.000131455 0.000126441 0.000121263 0.000115978 0.000110634 0.000105275 9.99408e-05 9.46649e-05 8.94765e-05 8.44005e-05 7.94577e-05 7.46651e-05 7.00365e-05 6.55823e-05 6.13104e-05 5.7226e-05 5.33324e-05 4.96308e-05 4.61208e-05 4.28004e-05 3.96666e-05 3.67154e-05 3.39418e-05 3.13402e-05 2.89045e-05 2.66281e-05 2.45043e-05 2.2526e-05 2.06862e-05 1.89776e-05 1.73933e-05 1.59262e-05 1.45694e-05 1.33163e-05 1.21603e-05 1.10952e-05 1.01151e-05 9.21402e-06 8.38662e-06 7.62763e-06 6.93211e-06 6.29537e-06 5.71301e-06 5.18088e-06 4.69508e-06 4.25197e-06 3.84815e-06 3.48043e-06 3.14587e-06 2.8417e-06 2.5654e-06 2.31458e-06 2.08707e-06 1.88085e-06 1.69406e-06 1.52498e-06 1.37203e-06 1.23377e-06 1.10887e-06 9.96104e-07 8.94357e-07 8.02608e-07 7.19923e-07 6.4545e-07 5.7841e-07 5.18095e-07 4.63859e-07 4.15117e-07 3.71334e-07 3.32027e-07 2.96754e-07 2.65118e-07 2.36758e-07 2.11346e-07 1.88586e-07 1.68212e-07 1.49981e-07 1.33675e-07 1.19097e-07
6.56789e-05 5.89552e-05 7.15253e-05 8.33547e-05 9.42897e-05 0.000104217 0.00011306 0.000120772 0.000127336 0.000132757 0.000137059 0.000140282 0.00014248 0.000143714 0.000144055 0.000143575 0.000142352 0.000140462 0.000137983 0.00013499 0.000131556 0.00012775 0.000123637 0.000119279 0.000114732 0.000110048 0.000105275 0.000100455 9.56258e-05 9.08212e-05 8.60706e-05 8.13991e-05 7.68285e-05 7.23768e-05 6.80589e-05 6.38868e-05 5.98698e-05 5.60148e-05 5.23266e-05 4.88081e-05 4.54605e-05 4.22834e-05 3.92754e-05 3.64339e-05 3.37554e-05 3.12357e-05 2.88699e-05 2.66527e-05 2.45784e-05 2.26412e-05 2.08347e-05 1.91529e-05 1.75894e-05 1.61379e-05 1.47924e-05 1.35466e-05 1.23947e-05 1.1331e-05 1.03497e-05 9.44568e-06 8.61365e-06 7.84874e-06 7.14626e-06 6.50177e-06 5.91107e-06 5.37019e-06 4.87537e-06 4.42312e-06 4.01012e-06 3.6333e-06 3.28976e-06 2.97683e-06 2.69201e-06 2.43296e-06 2.19753e-06 1.98373e-06 1.78971e-06 1.61376e-06 1.45431e-06 1.30991e-06 1.17922e-06 1.06102e-06 9.54177e-07 8.57663e-07 7.70531e-07 6.91916e-07 6.21025e-07 5.57137e-07 4.99591e-07 4.47786e-07 4.01174e-07 3.59256e-07 3.21579e-07 2.87732e-07 2.57339e-07 2.30062e-07 2.05593e-07 1.83653e-07 1.6399e-07 1.46375e-07 1.30603e-07
5.47324e-05 5.02131e-05 6.14802e-05 7.22056e-05 8.22362e-05 9.14546e-05 9.97752e-05 0.000107141 0.000113521 0.000118904 0.000123301 0.000126734 0.000129242 0.00013087 0.000131674 0.000131713 0.000131051 0.000129755 0.000127889 0.000125521 0.000122715 0.000119533 0.000116034 0.000112275 0.000108308 0.000104182 9.99408e-05 9.56258e-05 9.12734e-05 8.69166e-05 8.25842e-05 7.83017e-05 7.4091e-05 6.9971e-05 6.59575e-05 6.20634e-05 5.82993e-05 5.46734e-05 5.11917e-05 4.78586e-05 4.46767e-05 4.16471e-05 3.87696e-05 3.6043e-05 3.34652e-05 3.10331e-05 2.87431e-05 2.6591e-05 2.45721e-05 2.26816e-05 2.09141e-05 1.92644e-05 1.77269e-05 1.62961e-05 1.49664e-05 1.37324e-05 1.25888e-05 1.15302e-05 1.05515e-05 9.64777e-06 8.81421e-06 8.04621e-06 7.33938e-06 6.68953e-06 6.09266e-06 5.54499e-06 5.04295e-06 4.58315e-06 4.16243e-06 3.7778e-06 3.42646e-06 3.1058e-06 2.81338e-06 2.54692e-06 2.3043e-06 2.08355e-06 1.88286e-06 1.70053e-06 1.53499e-06 1.38481e-06 1.24864e-06 1.12527e-06 1.01356e-06 9.12475e-07 8.21058e-07 7.38434e-07 6.63802e-07 5.96428e-07 5.35641e-07 4.80828e-07 4.31427e-07 3.86929e-07 3.46868e-07 3.1082e-07 2.784e-07 2.49257e-07 2.23072e-07 1.99557e-07 1.78449e-07 1.59511e-07 1.42527e-07
4.56104e-05 4.27473e-05 5.28146e-05 6.25033e-05 7.16649e-05 8.01813e-05 8.79626e-05 9.49444e-05 0.000101085 0.000106364 0.000110777 0.000114335 0.000117061 0.000118991 0.000120164 0.00012063 0.000120441 0.000119651 0.000118317 0.000116497 0.000114247 0.000111622 0.000108677 0.000105462 0.000102025 9.84125e-05 9.46649e-05 9.08212e-05 8.69166e-05 8.29826e-05 7.90477e-05 7.5137e-05 7.12725e-05 6.74733e-05 6.37559e-05 6.01339e-05 5.66188e-05 5.32197e-05 4.9944e-05 4.67971e-05 4.37827e-05 4.09031e-05 3.81595e-05 3.55518e-05 3.3079e-05 3.07392e-05 2.85298e-05 2.64478e-05 2.44894e-05 2.26506e-05 2.09271e-05 1.93143e-05 1.78074e-05 1.64017e-05 1.50923e-05 1.38742e-05 1.27427e-05 1.16929e-05 1.07202e-05 9.81994e-06 8.9878e-06 8.21947e-06 7.51082e-06 6.85793e-06 6.25703e-06 5.70453e-06 5.19704e-06 4.73132e-06 4.30434e-06 3.91321e-06 3.55526e-06 3.22793e-06 2.92886e-06 2.65584e-06 2.40678e-06 2.17976e-06 1.97298e-06 1.78478e-06 1.61361e-06 1.45805e-06 1.31675e-06 1.18851e-06 1.07219e-06 9.66746e-07 8.71228e-07 7.84753e-07 7.06512e-07 6.35763e-07 5.71825e-07 5.14075e-07 4.61944e-07 4.14911e-07 3.72499e-07 3.34276e-07 2.99844e-07 2.68844e-07 2.40948e-07 2.15857e-07 1.933e-07 1.7303e-07 1.54825e-07
3.80086e-05 3.63753e-05 4.53446e-05 5.40679e-05 6.24035e-05 7.02359e-05 7.74736e-05 8.40479e-05 8.99106e-05 9.50319e-05 9.93983e-05 0.00010301 0.000105881 0.000108032 0.000109494 0.000110306 0.000110508 0.000110147 0.00010927 0.000107926 0.000106166 0.000104037 0.000101588 9.88649e-05 9.59112e-05 9.27688e-05 8.94765e-05 8.60706e-05 8.25842e-05 7.90477e-05 7.54886e-05 7.19313e-05 6.83978e-05 6.49071e-05 6.1476e-05 5.81186e-05 5.4847e-05 5.16713e-05 4.85994e-05 4.56378e-05 4.27912e-05 4.0063e-05 3.74554e-05 3.49693e-05 3.26048e-05 3.03609e-05 2.82362e-05 2.62283e-05 2.43346e-05 2.25519e-05 2.08766e-05 1.9305e-05 1.7833e-05 1.64565e-05 1.51712e-05 1.39728e-05 1.28569e-05 1.18194e-05 1.08558e-05 9.96211e-06 9.13422e-06 8.36817e-06 7.66015e-06 7.00648e-06 6.40363e-06 5.84821e-06 5.33702e-06 4.86698e-06 4.43519e-06 4.0389e-06 3.67552e-06 3.34261e-06 3.03787e-06 2.75915e-06 2.50443e-06 2.27182e-06 2.05958e-06 1.86607e-06 1.68975e-06 1.52922e-06 1.38317e-06 1.25038e-06 1.12973e-06 1.02018e-06 9.20774e-07 8.30628e-07 7.48931e-07 6.74936e-07 6.07955e-07 5.4736e-07 4.92572e-07 4.43063e-07 3.98349e-07 3.57986e-07 3.21572e-07 2.88736e-07 2.59141e-07 2.32483e-07 2.0848e-07 1.86878e-07 1.67448e-07
3.16739e-05 3.09399e-05 3.891e-05 4.67404e-05 5.42983e-05 6.14723e-05 6.81722e-05 7.43273e-05 7.98851e-05 8.48098e-05 8.90804e-05 9.26891e-05 9.56394e-05 9.79447e-05 9.96263e-05 0.000100712 0.000101236 0.000101234 0.000100746 9.9815e-05 9.84826e-05 9.6792e-05 9.47854e-05 9.2504e-05 8.99878e-05 8.72746e-05 8.44005e-05 8.13991e-05 7.83017e-05 7.5137e-05 7.19313e-05 6.87085e-05 6.54898e-05 6.22942e-05 5.91384e-05 5.60368e-05 5.3002e-05 5.00445e-05 4.7173e-05 4.43946e-05 4.17149e-05 3.91382e-05 3.66675e-05 3.43047e-05 3.20506e-05 2.99054e-05 2.78683e-05 2.59379e-05 2.41124e-05 2.23894e-05 2.07661e-05 1.92394e-05 1.7806e-05 1.64623e-05 1.52046e-05 1.40293e-05 1.29324e-05 1.19102e-05 1.09588e-05 1.00744e-05 9.25345e-06 8.49219e-06 7.78713e-06 7.13485e-06 6.53206e-06 5.97559e-06 5.46241e-06 4.98962e-06 4.55447e-06 4.15433e-06 3.78672e-06 3.44931e-06 3.13988e-06 2.85635e-06 2.59676e-06 2.35929e-06 2.14223e-06 1.94396e-06 1.763e-06 1.59796e-06 1.44755e-06 1.31056e-06 1.18589e-06 1.0725e-06 9.69433e-07 8.75817e-07 7.90837e-07 7.13743e-07 6.43846e-07 5.80512e-07 5.23157e-07 4.71247e-07 4.24291e-07 3.81839e-07 3.43481e-07 3.08839e-07 2.77571e-07 2.49361e-07 2.23923e-07 2.00997e-07 1.80344e-07
2.63949e-05 2.63059e-05 3.3371e-05 4.03807e-05 4.72117e-05 5.37588e-05 5.99344e-05 6.56677e-05 7.09042e-05 7.5604e-05 7.97406e-05 8.32999e-05 8.6278e-05 8.86807e-05 9.05214e-05 9.18203e-05 9.26026e-05 9.28981e-05 9.27394e-05 9.21616e-05 9.12012e-05 8.98952e-05 8.82809e-05 8.63949e-05 8.42729e-05 8.19496e-05 7.94577e-05 7.68285e-05 7.4091e-05 7.12725e-05 6.83978e-05 6.54898e-05 6.25691e-05 5.96543e-05 5.67619e-05 5.39064e-05 5.11005e-05 4.8355e-05 4.56793e-05 4.30809e-05 4.05661e-05 3.81399e-05 3.5806e-05 3.3567e-05 3.14246e-05 2.93798e-05 2.74325e-05 2.55823e-05 2.38278e-05 2.21674e-05 2.05992e-05 1.91205e-05 1.77288e-05 1.64211e-05 1.51943e-05 1.40451e-05 1.29702e-05 1.19662e-05 1.10297e-05 1.01573e-05 9.34573e-06 8.59161e-06 7.89171e-06 7.24289e-06 6.64209e-06 6.08636e-06 5.57285e-06 5.09885e-06 4.66175e-06 4.25905e-06 3.88841e-06 3.54758e-06 3.23444e-06 2.94699e-06 2.68335e-06 2.44174e-06 2.2205e-06 2.01808e-06 1.833e-06 1.66392e-06 1.50956e-06 1.36874e-06 1.24037e-06 1.12342e-06 1.01695e-06 9.20087e-07 8.32015e-07 7.51988e-07 6.79317e-07 6.13365e-07 5.53547e-07 4.99323e-07 4.50199e-07 4.0572e-07 3.65468e-07 3.29062e-07 2.96151e-07 2.66416e-07 2.39563e-07 2.15326e-07 1.9346e-07
