0.77303 0.0334234 0.0208032 0.0129483 0.00805922 0.00501619 0.00312216 0.00194328 0.00120953 0.000752832 0.000468575 0.000291649 0.000181527 0.000112985 7.03239e-05 4.37707e-05 2.72436e-05 1.69569e-05 1.05542e-05 6.56913e-06 4.08873e-06 2.5449e-06 1.58398e-06 9.85898e-07 6.13639e-07 3.81939e-07 2.37725e-07 1.47964e-07 9.20952e-08 5.73215e-08 3.56779e-08 2.22065e-08 1.38217e-08 8.60284e-09 5.35455e-09 3.33276e-09 2.07436e-09 1.29112e-09 8.03613e-10 5.00182e-10 3.11321e-10 1.93771e-10 1.20607e-10 7.50675e-11 4.67232e-11 2.90813e-11 1.81007e-11 1.12662e-11 7.01224e-12 4.36453e-12 2.71656e-12 1.69083e-12 1.0524e-12 6.55031e-13 4.07702e-13 2.5376e-13 1.57945e-13 9.83073e-14 6.11881e-14 3.80845e-14 2.37044e-14 1.4754e-14 9.18313e-15 5.71573e-15 3.55756e-15 2.21429e-15 1.37821e-15 8.57819e-16 5.33921e-16 3.32321e-16 2.06842e-16 1.28742e-16 8.0131e-17 4.98749e-17 3.10429e-17 1.93216e-17 1.20261e-17 7.48524e-18 4.65893e-18 2.8998e-18 1.80488e-18 1.12339e-18 6.99215e-19 4.35203e-19 2.70877e-19 1.68598e-19 1.04938e-19 6.53154e-20 4.06534e-20 2.53033e-20 1.57492e-20 9.80256e-21 6.10127e-21 3.79753e-21 2.36365e-21 1.47117e-21 9.15682e-22 5.69935e-22 3.54737e-22 2.20794e-22 1.37426e-22
0.0334234 0.00574458 0.00377788 0.00247736 0.00162034 0.00105732 0.000688464 0.000447414 0.000290243 0.000187975 0.000121557 7.84957e-05 5.06227e-05 3.26074e-05 2.09795e-05 1.34837e-05 8.65749e-06 5.55351e-06 3.55926e-06 2.27924e-06 1.45841e-06 9.32491e-07 5.95805e-07 3.80429e-07 2.42754e-07 1.54809e-07 9.86682e-08 6.2852e-08 4.00159e-08 2.54641e-08 1.61963e-08 1.02969e-08 6.54339e-09 4.15639e-09 2.63909e-09 1.67503e-09 1.06274e-09 6.74029e-10 4.27343e-10 2.70851e-10 1.7161e-10 1.08698e-10 6.88285e-11 4.35702e-11 2.75733e-11 1.74449e-11 1.10341e-11 6.97738e-12 4.41104e-12 2.78796e-12 1.7617e-12 1.11296e-12 7.02959e-13 4.43904e-13 2.80259e-13 1.76906e-13 1.11646e-13 7.04464e-14 4.44421e-14 2.8032e-14 1.76781e-14 1.11467e-14 7.0272e-15 4.42944e-15 2.79156e-15 1.75905e-15 1.10827e-15 6.98149e-16 4.39733e-16 2.76929e-16 1.74377e-16 1.09788e-16 6.9113e-17 4.35022e-17 2.73785e-17 1.72287e-17 1.08404e-17 6.82007e-18 4.29024e-18 2.69852e-18 1.69716e-18 1.06727e-18 6.71087e-19 4.21929e-19 2.6525e-19 1.66736e-19 1.048e-19 6.58646e-20 4.13906e-20 2.60083e-20 1.63412e-20 1.02664e-20 6.44931e-21 4.0511e-21 2.54446e-21 1.59802e-21 1.00354e-21 6.30166e-22 3.95676e-22 2.48423e-22 1.55959e-22
0.0208032 0.00377788 0.00251214 0.00166486 0.00110003 0.000724857 0.000476467 0.000312494 0.000204533 0.00013362 8.71422e-05 5.67404e-05 3.68904e-05 2.39517e-05 1.55311e-05 1.00589e-05 6.50737e-06 4.20537e-06 2.71501e-06 1.75119e-06 1.12852e-06 7.26649e-07 4.67513e-07 3.00564e-07 1.93094e-07 1.23967e-07 7.95358e-08 5.09976e-08 3.26798e-08 2.09298e-08 1.33972e-08 8.57114e-09 5.48084e-09 3.50307e-09 2.23795e-09 1.42909e-09 9.1219e-10 5.82013e-10 3.712e-10 2.36657e-10 1.50824e-10 9.60873e-11 6.11946e-11 3.89597e-11 2.47958e-11 1.57763e-11 1.00347e-11 6.38074e-12 4.05618e-12 2.57776e-12 1.63777e-12 1.04028e-12 6.60594e-13 4.19386e-13 2.66189e-13 1.68913e-13 1.07162e-13 6.79704e-14 4.31028e-14 2.73276e-14 1.73223e-14 1.09781e-14 6.95601e-15 4.40669e-15 2.79115e-15 1.76756e-15 1.11915e-15 7.08484e-16 4.48431e-16 2.83785e-16 1.79561e-16 1.13597e-16 7.18545e-17 4.54438e-17 2.87363e-17 1.81687e-17 1.14856e-17 7.25978e-18 4.5881e-18 2.89924e-18 1.8318e-18 1.15722e-18 7.30967e-19 4.61664e-19 2.91541e-19 1.84087e-19 1.16223e-19 7.33693e-20 4.63112e-20 2.92286e-20 1.84452e-20 1.16389e-20 7.34331e-21 4.63264e-21 2.92227e-21 1.84318e-21 1.16244e-21 7.3305e-22 4.62225e-22 2.91429e-22 1.83726e-22
0.0129483 0.00247736 0.00166486 0.00111448 0.000743454 0.000494406 0.000327865 0.00021687 0.000143119 9.42488e-05 6.19451e-05 4.06403e-05 2.66186e-05 1.74077e-05 1.13677e-05 7.41349e-06 4.82865e-06 3.14135e-06 2.04139e-06 1.3252e-06 8.59424e-07 5.56838e-07 3.60467e-07 2.33151e-07 1.50683e-07 9.73107e-08 6.27975e-08 4.04971e-08 2.60987e-08 1.68089e-08 1.08193e-08 6.95991e-09 4.47474e-09 2.87541e-09 1.84675e-09 1.1855e-09 7.60657e-10 4.87838e-10 3.1273e-10 2.00391e-10 1.28353e-10 8.21792e-11 5.25955e-11 3.3649e-11 2.15198e-11 1.37579e-11 8.79261e-12 5.61745e-12 3.58774e-12 2.2907e-12 1.46212e-12 9.32971e-13 5.95154e-13 3.79551e-13 2.41987e-13 1.5424e-13 9.82862e-14 6.26149e-14 3.98801e-14 2.5394e-14 1.6166e-14 1.02891e-14 6.54718e-15 4.1652e-15 2.64927e-15 1.68471e-15 1.07111e-15 6.80864e-16 4.32713e-16 2.74952e-16 1.74676e-16 1.1095e-16 7.04608e-17 4.47393e-17 2.84025e-17 1.80282e-17 1.14413e-17 7.25983e-18 4.60584e-18 2.92162e-18 1.85299e-18 1.17505e-18 7.45033e-19 4.72315e-19 2.99383e-19 1.89741e-19 1.20236e-19 7.61815e-20 4.82622e-20 3.05709e-20 1.93621e-20 1.22615e-20 7.76391e-21 4.91545e-21 3.11168e-21 1.96958e-21 1.24653e-21 7.8883e-22 4.9913e-22 3.15788e-22 1.9977e-22
0.00805922 0.00162034 0.00110003 0.000743454 0.000500472 0.000335714 0.000224482 0.000149674 9.95365e-05 6.60369e-05 4.37165e-05 2.88824e-05 1.90466e-05 1.25388e-05 8.24145e-06 5.40884e-06 3.54486e-06 2.32021e-06 1.51678e-06 9.90418e-07 6.4601e-07 4.20933e-07 2.74007e-07 1.78201e-07 1.15791e-07 7.51751e-08 4.87672e-08 3.16119e-08 2.04765e-08 1.32544e-08 8.57379e-09 5.54253e-09 3.58077e-09 2.312e-09 1.49194e-09 9.6223e-10 6.20264e-10 3.99626e-10 2.57346e-10 1.65644e-10 1.0657e-10 6.85335e-11 4.40538e-11 2.83063e-11 1.81806e-11 1.16725e-11 7.4913e-12 4.80606e-12 3.08223e-12 1.97602e-12 1.2664e-12 8.11351e-13 5.19645e-13 3.32713e-13 2.12962e-13 1.36272e-13 8.71735e-14 5.57495e-14 3.56434e-14 2.27825e-14 1.45582e-14 9.30051e-15 5.94013e-15 3.79297e-15 2.42137e-15 1.5454e-15 9.86099e-16 6.29078e-16 4.0123e-16 2.55852e-16 1.63115e-16 1.03971e-16 6.62584e-17 4.22168e-17 2.68934e-17 1.71287e-17 1.09074e-17 6.94447e-18 4.42058e-18 2.81348e-18 1.79033e-18 1.13907e-18 7.24594e-19 4.60859e-19 2.9307e-19 1.86341e-19 1.18461e-19 7.5297e-20 4.78536e-20 3.0408e-20 1.93196e-20 1.22729e-20 7.79534e-21 4.95066e-21 3.14363e-21 1.99592e-21 1.26706e-21 8.04255e-22 5.1043e-22 3.2391e-22 2.05522e-22
0.00501619 0.00105732 0.000724857 0.000494406 0.000335714 0.000227054 0.000153019 0.000102796 6.8857e-05 4.60022e-05 3.06593e-05 2.03886e-05 1.35309e-05 8.96283e-06 5.92656e-06 3.91248e-06 2.57892e-06 1.69748e-06 1.1158e-06 7.32522e-07 4.80328e-07 3.14605e-07 2.0584e-07 1.34541e-07 8.78542e-08 5.73156e-08 3.73598e-08 2.43318e-08 1.58343e-08 1.02966e-08 6.69072e-09 4.34458e-09 2.81923e-09 1.82824e-09 1.18486e-09 7.67437e-10 4.96784e-10 3.21404e-10 2.07827e-10 1.34316e-10 8.67635e-11 5.60191e-11 3.61519e-11 2.33201e-11 1.50362e-11 9.69078e-12 6.24311e-12 4.02039e-12 2.58801e-12 1.66533e-12 1.0712e-12 6.88793e-13 4.42745e-13 2.84492e-13 1.82744e-13 1.17348e-13 7.53307e-14 4.8343e-14 3.10146e-14 1.98916e-14 1.27541e-14 8.17541e-15 5.23902e-15 3.3564e-15 2.14973e-15 1.37653e-15 8.81204e-16 5.63977e-16 3.60863e-16 2.30846e-16 1.47639e-16 9.44025e-17 6.03489e-17 3.85711e-17 2.46469e-17 1.5746e-17 1.00576e-17 6.42283e-18 4.10086e-18 2.61782e-18 1.67079e-18 1.06616e-18 6.80215e-19 4.33901e-19 2.76731e-19 1.76462e-19 1.12504e-19 7.17157e-20 4.57076e-20 2.91267e-20 1.85578e-20 1.1822e-20 7.52991e-21 4.79538e-21 3.05345e-21 1.94399e-21 1.23747e-21 7.87613e-22 5.01222e-22 3.18924e-22 2.02902e-22
0.00312216 0.000688464 0.000476467 0.000327865 0.000224482 0.000153019 0.000103897 7.02953e-05 4.74098e-05 3.18826e-05 2.13843e-05 1.43083e-05 9.5524e-06 6.36421e-06 4.23202e-06 2.80919e-06 1.86163e-06 1.23178e-06 8.13845e-07 5.36976e-07 3.53841e-07 2.3288e-07 1.53092e-07 1.00531e-07 6.59472e-08 4.32178e-08 2.82956e-08 1.85091e-08 1.2097e-08 7.89979e-09 5.15478e-09 3.36106e-09 2.18992e-09 1.42586e-09 9.27762e-10 6.03275e-10 3.92034e-10 2.54608e-10 1.65261e-10 1.07207e-10 6.95093e-11 4.50438e-11 2.91748e-11 1.88872e-11 1.22214e-11 7.9045e-12 5.11014e-12 3.3022e-12 2.133e-12 1.37721e-12 8.88861e-13 5.73457e-13 3.69831e-13 2.38422e-13 1.5365e-13 9.89846e-14 6.37462e-14 4.1039e-14 2.64118e-14 1.69927e-14 1.09293e-14 7.02731e-15 4.51709e-15 2.9027e-15 1.86476e-15 1.19763e-15 7.68967e-16 4.93601e-16 3.16761e-16 2.03225e-16 1.30351e-16 8.35885e-17 5.35888e-17 3.43479e-17 2.20103e-17 1.41011e-17 9.03205e-18 5.78394e-18 3.70313e-18 2.37041e-18 1.51701e-18 9.70657e-19 6.20951e-19 3.97158e-19 2.53973e-19 1.62379e-19 1.03798e-19 6.63395e-20 4.23913e-20 2.70835e-20 1.73005e-20 1.10493e-20 7.05574e-21 4.50481e-21 2.87568e-21 1.83541e-21 1.17128e-21 7.47339e-22 4.76771e-22 3.04114e-22 1.93953e-22
0.00194328 0.000447414 0.000312494 0.00021687 0.000149674 0.000102796 7.02953e-05 4.78851e-05 3.25061e-05 2.1997e-05 1.48429e-05 9.98928e-06 6.70663e-06 4.49272e-06 3.00345e-06 2.00401e-06 1.33476e-06 8.87528e-07 5.89225e-07 3.90608e-07 2.58582e-07 1.70958e-07 1.12886e-07 7.44528e-08 4.90499e-08 3.22801e-08 2.12223e-08 1.3939e-08 9.14686e-09 5.99693e-09 3.92844e-09 2.57134e-09 1.68176e-09 1.09911e-09 7.17809e-10 4.68464e-10 3.05531e-10 1.99138e-10 1.29714e-10 8.44415e-11 5.49383e-11 3.57233e-11 2.32163e-11 1.50802e-11 9.79034e-12 6.35295e-12 4.12045e-12 2.67124e-12 1.73095e-12 1.12115e-12 7.25871e-13 4.69758e-13 3.03887e-13 1.96508e-13 1.27022e-13 8.20763e-14 5.30148e-14 3.42311e-14 2.2095e-14 1.42567e-14 9.19606e-15 5.92984e-15 3.82249e-15 2.46329e-15 1.58691e-15 1.02202e-15 6.58027e-16 4.23548e-16 2.72547e-16 1.75332e-16 1.12763e-16 7.25031e-17 4.66054e-17 2.99507e-17 1.92429e-17 1.23603e-17 7.9375e-18 5.0961e-18 3.27109e-18 2.09918e-18 1.34683e-18 8.63931e-19 5.54056e-19 3.55254e-19 2.27737e-19 1.45962e-19 9.35324e-20 5.99236e-20 3.83841e-20 2.45823e-20 1.57403e-20 1.00768e-20 6.44992e-21 4.12772e-21 2.64113e-21 1.68964e-21 1.08075e-21 6.91169e-22 4.41948e-22 2.82546e-22 1.80608e-22
0.00120953 0.000290243 0.000204533 0.000143119 9.95365e-05 6.8857e-05 4.74098e-05 3.25061e-05 2.22038e-05 1.51152e-05 1.02579e-05 6.94186e-06 4.68565e-06 3.15521e-06 2.11996e-06 1.42147e-06 9.51297e-07 6.35507e-07 4.23836e-07 2.82224e-07 1.87649e-07 1.24593e-07 8.26164e-08 5.47136e-08 3.61917e-08 2.39129e-08 1.5783e-08 1.04064e-08 6.85463e-09 4.51089e-09 2.96586e-09 1.94834e-09 1.27886e-09 8.38752e-10 5.49686e-10 3.59978e-10 2.35576e-10 1.5406e-10 1.00684e-10 6.57593e-11 4.29226e-11 2.79999e-11 1.82548e-11 1.18947e-11 7.74636e-12 5.04212e-12 3.28025e-12 2.13298e-12 1.3863e-12 9.00586e-13 5.84784e-13 3.79555e-13 2.46244e-13 1.5969e-13 1.03516e-13 6.70762e-14 4.3447e-14 2.81311e-14 1.82076e-14 1.17804e-14 7.61934e-15 4.92633e-15 3.18408e-15 2.05731e-15 1.32886e-15 8.58061e-16 5.53891e-16 3.57437e-16 2.30593e-16 1.4872e-16 9.58884e-17 6.18078e-17 3.98292e-17 2.56593e-17 1.65262e-17 1.06412e-17 6.85012e-18 4.40857e-18 2.83656e-18 1.82466e-18 1.17347e-18 7.54502e-19 4.8501e-19 3.11706e-19 2.00283e-19 1.28662e-19 8.26348e-20 5.30623e-20 3.4066e-20 2.18659e-20 1.40323e-20 9.0034e-21 5.77564e-21 3.70434e-21 2.37543e-21 1.52298e-21 9.76263e-22 6.25695e-22 4.00943e-22 2.56878e-22 1.6455e-22
0.000752832 0.000187975 0.00013362 9.42488e-05 6.60369e-05 4.60022e-05 3.18826e-05 2.1997e-05 1.51152e-05 1.03485e-05 7.06159e-06 4.80416e-06 3.25935e-06 2.20567e-06 1.48911e-06 1.00315e-06 6.74405e-07 4.52536e-07 3.03119e-07 2.02698e-07 1.35333e-07 9.02225e-08 6.00645e-08 3.99342e-08 2.65171e-08 1.75868e-08 1.16508e-08 7.70993e-09 5.09677e-09 3.36597e-09 2.22082e-09 1.46393e-09 9.64158e-10 6.34472e-10 4.17183e-10 2.74096e-10 1.79951e-10 1.18058e-10 7.73981e-11 5.07078e-11 3.31999e-11 2.17233e-11 1.42053e-11 9.28369e-12 6.06375e-12 3.95842e-12 2.58267e-12 1.68418e-12 1.09771e-12 7.15109e-13 4.65639e-13 3.03056e-13 1.97151e-13 1.28199e-13 8.3326e-14 5.41371e-14 3.51585e-14 2.28241e-14 1.4811e-14 9.60755e-15 6.22986e-15 4.03818e-15 2.6166e-15 1.69488e-15 1.09747e-15 7.10399e-16 4.59696e-16 2.97372e-16 1.92306e-16 1.24324e-16 8.03497e-17 5.19143e-17 3.35324e-17 2.16531e-17 1.39783e-17 9.02135e-18 5.82067e-18 3.75457e-18 2.42123e-18 1.561e-18 1.00614e-18 6.48355e-19 4.17697e-19 2.69035e-19 1.73243e-19 1.11533e-19 7.17883e-20 4.61965e-20 2.97215e-20 1.91179e-20 1.22947e-20 7.90508e-21 5.08168e-21 3.26604e-21 2.0987e-21 1.34832e-21 8.66077e-22 5.56208e-22 3.57139e-22 2.29276e-22 1.47164e-22
0.000468575 0.000121557 8.71422e-05 6.19451e-05 4.37165e-05 3.06593e-05 2.13843e-05 1.48429e-05 1.02579e-05 7.06159e-06 4.84413e-06 3.31233e-06 2.25827e-06 1.53548e-06 1.04143e-06 7.04708e-07 4.75834e-07 3.2065e-07 2.15671e-07 1.44806e-07 9.70644e-08 6.49615e-08 4.34121e-08 2.89706e-08 1.93077e-08 1.28515e-08 8.54391e-09 5.67366e-09 3.76353e-09 2.49387e-09 1.65089e-09 1.09181e-09 7.21405e-10 4.7624e-10 3.14127e-10 2.07028e-10 1.36336e-10 8.97148e-11 5.89928e-11 3.87639e-11 2.54541e-11 1.67033e-11 1.09539e-11 7.17903e-12 4.70221e-12 3.07812e-12 2.01383e-12 1.31681e-12 8.60577e-13 5.62124e-13 3.66991e-13 2.39478e-13 1.56195e-13 1.01828e-13 6.63548e-14 4.32199e-14 2.8139e-14 1.83126e-14 1.19128e-14 7.74646e-15 5.03527e-15 3.27172e-15 2.12504e-15 1.37974e-15 8.9552e-16 5.81032e-16 3.76857e-16 2.44347e-16 1.58378e-16 1.02623e-16 6.64744e-17 4.30459e-17 2.78662e-17 1.80341e-17 1.16677e-17 7.5466e-18 4.87973e-18 3.15443e-18 2.03859e-18 1.31711e-18 8.50748e-19 5.49376e-19 3.54673e-19 2.28918e-19 1.47716e-19 9.52947e-20 6.14624e-20 3.96323e-20 2.555e-20 1.64678e-20 1.06117e-20 6.83659e-21 4.40354e-21 2.83578e-21 1.82581e-21 1.1753e-21 7.56404e-22 4.86714e-22 3.13119e-22 2.01402e-22 1.29519e-22
0.000291649 7.84957e-05 5.67404e-05 4.06403e-05 2.88824e-05 2.03886e-05 1.43083e-05 9.98928e-06 6.94186e-06 4.80416e-06 3.31233e-06 2.276e-06 1.55905e-06 1.0649e-06 7.25462e-07 4.93015e-07 3.34289e-07 2.26186e-07 1.5274e-07 1.02952e-07 6.9272e-08 4.65338e-08 3.12109e-08 2.09029e-08 1.39798e-08 9.3373e-09 6.22867e-09 4.15e-09 2.76187e-09 1.83605e-09 1.2193e-09 8.08909e-10 5.36131e-10 3.55011e-10 2.34869e-10 1.55252e-10 1.0254e-10 6.76709e-11 4.4625e-11 2.94058e-11 1.93632e-11 1.27415e-11 8.37865e-12 5.50611e-12 3.61612e-12 2.37342e-12 1.55687e-12 1.02065e-12 6.68745e-13 4.37934e-13 2.86634e-13 1.87509e-13 1.22603e-13 8.0125e-14 5.23394e-14 3.41734e-14 2.23025e-14 1.45487e-14 9.48662e-15 6.18323e-15 4.02848e-15 2.62358e-15 1.70795e-15 1.11145e-15 7.23012e-16 4.70153e-16 3.05618e-16 1.98593e-16 1.29004e-16 8.37709e-17 5.43802e-17 3.52898e-17 2.28938e-17 1.48475e-17 9.62623e-18 6.2392e-18 4.04273e-18 2.61875e-18 1.69587e-18 1.09792e-18 7.10604e-19 4.59801e-19 2.97439e-19 1.92359e-19 1.24371e-19 8.03924e-20 5.19523e-20 3.35652e-20 2.16806e-20 1.40007e-20 9.03922e-21 5.83462e-21 3.76528e-21 2.42933e-21 1.56705e-21 1.01061e-21 6.51623e-22 4.20067e-22 2.7074e-22 1.74461e-22 1.12398e-22
0.000181527 5.06227e-05 3.68904e-05 2.66186e-05 1.90466e-05 1.35309e-05 9.5524e-06 6.70663e-06 4.68565e-06 3.25935e-06 2.25827e-06 1.55905e-06 1.07281e-06 7.36007e-07 5.03544e-07 3.43622e-07 2.33932e-07 1.58905e-07 1.07717e-07 7.28767e-08 4.92153e-08 3.31791e-08 2.23318e-08 1.50078e-08 1.00711e-08 6.74892e-09 4.51671e-09 3.01901e-09 2.01552e-09 1.34405e-09 8.95295e-10 5.95748e-10 3.96024e-10 2.63004e-10 1.74502e-10 1.15677e-10 7.66169e-11 5.07038e-11 3.35281e-11 2.21534e-11 1.46268e-11 9.65036e-12 6.3626e-12 4.1921e-12 2.76022e-12 1.81627e-12 1.19439e-12 7.84972e-13 5.15594e-13 3.38467e-13 2.22068e-13 1.4562e-13 9.54404e-14 6.25204e-14 4.09351e-14 2.67893e-14 1.75235e-14 1.14573e-14 7.48772e-15 4.89132e-15 3.19387e-15 2.08462e-15 1.36006e-15 8.8699e-16 5.7824e-16 3.76819e-16 2.45468e-16 1.59844e-16 1.04051e-16 6.77078e-17 4.40438e-17 2.86407e-17 1.86183e-17 1.20991e-17 7.86016e-18 5.10473e-18 3.31422e-18 2.1511e-18 1.39576e-18 9.05387e-19 5.87132e-19 3.80641e-19 2.46704e-19 1.59852e-19 1.03549e-19 6.70598e-20 4.34176e-20 2.81035e-20 1.81864e-20 1.1766e-20 7.61034e-21 4.92127e-21 3.18163e-21 2.05647e-21 1.32892e-21 8.58573e-22 5.54576e-22 3.58138e-22 2.31233e-22 1.49264e-22 9.63326e-23
0.000112985 3.26074e-05 2.39517e-05 1.74077e-05 1.25388e-05 8.96283e-06 6.36421e-06 4.49272e-06 3.15521e-06 2.20567e-06 1.53548e-06 1.0649e-06 7.36007e-07 5.07091e-07 3.48361e-07 2.38676e-07 1.6312e-07 1.11224e-07 7.56744e-08 5.1383e-08 3.48226e-08 2.35572e-08 1.59093e-08 1.07271e-08 7.22195e-09 4.85512e-09 3.25949e-09 2.18541e-09 1.46343e-09 9.78807e-10 6.53922e-10 4.36396e-10 2.90925e-10 1.93752e-10 1.28911e-10 8.569e-11 5.69091e-11 3.77623e-11 2.50365e-11 1.65859e-11 1.09792e-11 7.26226e-12 4.80019e-12 3.17059e-12 2.09278e-12 1.38045e-12 9.09996e-13 5.99497e-13 3.94704e-13 2.59717e-13 1.70797e-13 1.12258e-13 7.3743e-14 4.84166e-14 3.17719e-14 2.08389e-14 1.36614e-14 8.95174e-15 5.86296e-15 3.83822e-15 2.51159e-15 1.64278e-15 1.07406e-15 7.0193e-16 4.58547e-16 2.99435e-16 1.95457e-16 1.27537e-16 8.31875e-17 5.42403e-17 3.53534e-17 2.3035e-17 1.50036e-17 9.76914e-18 6.35878e-18 4.13763e-18 2.69147e-18 1.75022e-18 1.13779e-18 7.39441e-19 4.80413e-19 3.12033e-19 2.0261e-19 1.31523e-19 8.53533e-20 5.53761e-20 3.59177e-20 2.32906e-20 1.50988e-20 9.78571e-21 6.34066e-21 4.10743e-21 2.66011e-21 1.72237e-21 1.11494e-21 7.21568e-22 4.66878e-22 3.02017e-22 1.95328e-22 1.263e-22 8.16485e-23
7.03239e-05 2.09795e-05 1.55311e-05 1.13677e-05 8.24145e-06 5.92656e-06 4.23202e-06 3.00345e-06 2.11996e-06 1.48911e-06 1.04143e-06 7.25462e-07 5.03544e-07 3.48361e-07 2.40273e-07 1.65259e-07 1.1337e-07 7.75855e-08 5.29765e-08 3.60967e-08 2.45466e-08 1.66611e-08 1.12889e-08 7.63611e-09 5.15714e-09 3.47772e-09 2.34186e-09 1.57485e-09 1.05768e-09 7.09463e-10 4.75327e-10 3.181e-10 2.12648e-10 1.42006e-10 9.47365e-11 6.31405e-11 4.20432e-11 2.79701e-11 1.85916e-11 1.23475e-11 8.19385e-12 5.43326e-12 3.60002e-12 2.38359e-12 1.57707e-12 1.04273e-12 6.88979e-13 4.54943e-13 3.00218e-13 1.97993e-13 1.30498e-13 8.59627e-14 5.6594e-14 3.72386e-14 2.44897e-14 1.60971e-14 1.05753e-14 6.94421e-15 4.55767e-15 2.98991e-15 1.96053e-15 1.28497e-15 8.41825e-16 5.51269e-16 3.60847e-16 2.36104e-16 1.54422e-16 1.00959e-16 6.59797e-17 4.31035e-17 2.81484e-17 1.83755e-17 1.19913e-17 7.82249e-18 5.10122e-18 3.3255e-18 2.16719e-18 1.41187e-18 9.19511e-19 5.98663e-19 3.89651e-19 2.53535e-19 1.64919e-19 1.07245e-19 6.97206e-20 4.5313e-20 2.94417e-20 1.91244e-20 1.24192e-20 8.06282e-21 5.2332e-21 3.39576e-21 2.20292e-21 1.42874e-21 9.26404e-22 6.00544e-22 3.89212e-22 2.5219e-22 1.63369e-22 1.05807e-22 6.8511e-23
4.37707e-05 1.34837e-05 1.00589e-05 7.41349e-06 5.40884e-06 3.91248e-06 2.80919e-06 2.00401e-06 1.42147e-06 1.00315e-06 7.04708e-07 4.93015e-07 3.43622e-07 2.38676e-07 1.65259e-07 1.14092e-07 7.85549e-08 5.3951e-08 3.69664e-08 2.52732e-08 1.72433e-08 1.17418e-08 7.981e-09 5.41537e-09 3.66849e-09 2.48125e-09 1.67576e-09 1.13017e-09 7.61186e-10 5.12014e-10 3.43985e-10 2.30827e-10 1.5472e-10 1.03594e-10 6.92905e-11 4.62997e-11 3.09076e-11 2.06133e-11 1.37355e-11 9.14457e-12 6.08304e-12 4.04323e-12 2.68532e-12 1.78212e-12 1.18184e-12 7.83195e-13 5.18661e-13 3.43247e-13 2.27011e-13 1.50042e-13 9.91088e-14 6.54263e-14 4.31657e-14 2.8463e-14 1.87578e-14 1.23552e-14 8.1337e-15 5.35186e-15 3.5197e-15 2.31363e-15 1.52011e-15 9.98284e-16 6.55293e-16 4.29956e-16 2.81984e-16 1.84858e-16 1.21136e-16 7.93467e-17 5.19531e-17 3.40036e-17 2.2247e-17 1.45497e-17 9.51216e-18 6.2165e-18 4.06124e-18 2.65229e-18 1.73155e-18 1.13007e-18 7.37276e-19 4.80857e-19 3.13519e-19 2.04351e-19 1.33155e-19 8.67375e-20 5.64844e-20 3.67725e-20 2.39328e-20 1.5572e-20 1.01291e-20 6.58693e-21 4.2823e-21 2.78328e-21 1.80853e-21 1.17485e-21 7.63008e-22 4.95415e-22 3.2159e-22 2.08705e-22 1.35413e-22 8.78386e-23 5.69654e-23
2.72436e-05 8.65749e-06 6.50737e-06 4.82865e-06 3.54486e-06 2.57892e-06 1.86163e-06 1.33476e-06 9.51297e-07 6.74405e-07 4.75834e-07 3.34289e-07 2.33932e-07 1.6312e-07 1.1337e-07 7.85549e-08 5.42789e-08 3.74073e-08 2.57173e-08 1.76403e-08 1.20742e-08 8.24781e-09 5.62336e-09 3.82715e-09 2.60027e-09 1.76385e-09 1.19465e-09 8.07958e-10 5.45674e-10 3.68045e-10 2.47924e-10 1.66805e-10 1.12097e-10 7.52475e-11 5.04574e-11 3.37994e-11 2.26184e-11 1.51216e-11 1.01003e-11 6.74031e-12 4.4942e-12 2.99408e-12 1.99308e-12 1.3257e-12 8.81126e-13 5.8521e-13 3.88398e-13 2.57597e-13 1.70732e-13 1.13085e-13 7.48545e-14 4.95181e-14 3.27378e-14 2.16312e-14 1.42845e-14 9.4277e-15 6.21889e-15 4.10006e-15 2.70174e-15 1.77942e-15 1.17138e-15 7.70746e-16 5.06897e-16 3.33218e-16 2.18949e-16 1.43802e-16 9.44063e-17 6.19519e-17 4.06377e-17 2.66457e-17 1.74645e-17 1.14423e-17 7.49389e-18 4.90613e-18 3.21079e-18 2.10053e-18 1.37371e-18 8.98066e-19 5.86915e-19 3.8344e-19 2.50425e-19 1.635e-19 1.06714e-19 6.96292e-20 4.5418e-20 2.96165e-20 1.93069e-20 1.25824e-20 8.19771e-21 5.33948e-21 3.47685e-21 2.26336e-21 1.47301e-21 9.58393e-22 6.23402e-22 4.05399e-22 2.63565e-22 1.7131e-22 1.1132e-22 7.23204e-23 4.69726e-23
1.69569e-05 5.55351e-06 4.20537e-06 3.14135e-06 2.32021e-06 1.69748e-06 1.23178e-06 8.87528e-07 6.35507e-07 4.52536e-07 3.2065e-07 2.26186e-07 1.58905e-07 1.11224e-07 7.75855e-08 5.3951e-08 3.74073e-08 2.58667e-08 1.78415e-08 1.22772e-08 8.42965e-09 5.77585e-09 3.94977e-09 2.69603e-09 1.83702e-09 1.24964e-09 8.48726e-10 5.75569e-10 3.89767e-10 2.63583e-10 1.78017e-10 1.20078e-10 8.08984e-11 5.44399e-11 3.65944e-11 2.45724e-11 1.6483e-11 1.10457e-11 7.39503e-12 4.94635e-12 3.30556e-12 2.20714e-12 1.4725e-12 9.81589e-13 6.53832e-13 4.35184e-13 2.89442e-13 1.92372e-13 1.27767e-13 8.48022e-14 5.62483e-14 3.72852e-14 2.46998e-14 1.63527e-14 1.08201e-14 7.15519e-15 4.72901e-15 3.1238e-15 2.06236e-15 1.36088e-15 8.97547e-16 5.91668e-16 3.89843e-16 2.56741e-16 1.69005e-16 1.11201e-16 7.31346e-17 4.80784e-17 3.15931e-17 2.07517e-17 1.36251e-17 8.94232e-18 5.86667e-18 3.84739e-18 2.52218e-18 1.65283e-18 1.08273e-18 7.0902e-19 4.64136e-19 3.03726e-19 1.98689e-19 1.29933e-19 8.49429e-20 5.5513e-20 3.62681e-20 2.36876e-20 1.54663e-20 1.00953e-20 6.58762e-21 4.29744e-21 2.80264e-21 1.82728e-21 1.19103e-21 7.76104e-22 5.05594e-22 3.29284e-22 2.14401e-22 1.39563e-22 9.08252e-23 5.90927e-23 3.84375e-23
1.05542e-05 3.55926e-06 2.71501e-06 2.04139e-06 1.51678e-06 1.1158e-06 8.13845e-07 5.89225e-07 4.23836e-07 3.03119e-07 2.15671e-07 1.5274e-07 1.07717e-07 7.56744e-08 5.29765e-08 3.69664e-08 2.57173e-08 1.78415e-08 1.23455e-08 8.52177e-09 5.86894e-09 4.03328e-09 2.76618e-09 1.89353e-09 1.29383e-09 8.82553e-10 6.01029e-10 4.08674e-10 2.77471e-10 1.88124e-10 1.27376e-10 8.61324e-11 5.81714e-11 3.92407e-11 2.64404e-11 1.7796e-11 1.19652e-11 8.03664e-12 5.39265e-12 3.61509e-12 2.42124e-12 1.62021e-12 1.08327e-12 7.23666e-13 4.8305e-13 3.22187e-13 2.14732e-13 1.4301e-13 9.51755e-14 6.32972e-14 4.2068e-14 2.79405e-14 1.85456e-14 1.2302e-14 8.1555e-15 5.40342e-15 3.57798e-15 2.3679e-15 1.56621e-15 1.03539e-15 6.84125e-16 4.51797e-16 2.98219e-16 1.9675e-16 1.29745e-16 8.55185e-17 5.63422e-17 3.71033e-17 2.44232e-17 1.60697e-17 1.05689e-17 6.94819e-18 4.56604e-18 2.99942e-18 1.96954e-18 1.29279e-18 8.48262e-19 5.56381e-19 3.64803e-19 2.39107e-19 1.56666e-19 1.02614e-19 6.71889e-20 4.39789e-20 2.87773e-20 1.88243e-20 1.23098e-20 8.04728e-21 5.25916e-21 3.43601e-21 2.24422e-21 1.46539e-21 9.56565e-22 6.24247e-22 4.07266e-22 2.65633e-22 1.73209e-22 1.12914e-22 7.35882e-23 4.79468e-23 3.12321e-23
6.56913e-06 2.27924e-06 1.75119e-06 1.3252e-06 9.90418e-07 7.32522e-07 5.36976e-07 3.90608e-07 2.82224e-07 2.02698e-07 1.44806e-07 1.02952e-07 7.28767e-08 5.1383e-08 3.60967e-08 2.52732e-08 1.76403e-08 1.22772e-08 8.52177e-09 5.90025e-09 4.07558e-09 2.80898e-09 1.93198e-09 1.32619e-09 9.0865e-10 6.21473e-10 4.24346e-10 2.89284e-10 1.96911e-10 1.33839e-10 9.08435e-11 6.15783e-11 4.16878e-11 2.81877e-11 1.90371e-11 1.28425e-11 8.65426e-12 5.82578e-12 3.91778e-12 2.63211e-12 1.76668e-12 1.18472e-12 7.93769e-13 5.31375e-13 3.55427e-13 2.37548e-13 1.58641e-13 1.05865e-13 7.05943e-14 4.70413e-14 3.13248e-14 2.08452e-14 1.38624e-14 9.21285e-15 6.119e-15 4.06166e-15 2.69445e-15 1.78643e-15 1.18375e-15 7.83961e-16 5.18915e-16 3.43297e-16 2.26998e-16 1.50023e-16 9.91016e-17 6.54328e-17 4.31824e-17 2.84852e-17 1.87818e-17 1.23784e-17 8.15461e-18 5.36982e-18 3.53456e-18 2.32561e-18 1.52955e-18 1.00559e-18 6.60865e-19 4.34151e-19 2.85107e-19 1.87163e-19 1.22822e-19 8.05709e-20 5.28364e-20 3.4637e-20 2.26989e-20 1.48705e-20 9.73887e-21 6.37608e-21 4.17315e-21 2.7305e-21 1.78603e-21 1.16791e-21 7.63485e-22 4.98963e-22 3.25997e-22 2.1293e-22 1.39041e-22 9.07675e-23 5.92384e-23 3.86511e-23 2.52121e-23
4.08873e-06 1.45841e-06 1.12852e-06 8.59424e-07 6.4601e-07 4.80328e-07 3.53841e-07 2.58582e-07 1.87649e-07 1.35333e-07 9.70644e-08 6.9272e-08 4.92153e-08 3.48226e-08 2.45466e-08 1.72433e-08 1.20742e-08 8.42965e-09 5.86894e-09 4.07558e-09 2.82337e-09 1.95145e-09 1.34592e-09 9.26402e-10 6.36428e-10 4.36427e-10 2.98762e-10 2.04186e-10 1.39331e-10 9.49342e-11 6.45919e-11 4.38874e-11 2.97807e-11 2.01829e-11 1.36618e-11 9.23701e-12 6.23835e-12 4.20863e-12 2.83636e-12 1.90963e-12 1.28445e-12 8.63132e-13 5.79491e-13 3.88719e-13 2.60529e-13 1.7447e-13 1.16745e-13 7.80588e-14 5.21529e-14 3.48191e-14 2.323e-14 1.54874e-14 1.03186e-14 6.87028e-15 4.57143e-15 3.03991e-15 2.02026e-15 1.34182e-15 8.90705e-16 5.90919e-16 3.91817e-16 2.5966e-16 1.71989e-16 1.1386e-16 7.53399e-17 4.9827e-17 3.2938e-17 2.17633e-17 1.43731e-17 9.48818e-18 6.2607e-18 4.12928e-18 2.72233e-18 1.79402e-18 1.18178e-18 7.78165e-19 5.12196e-19 3.37003e-19 2.21649e-19 1.45726e-19 9.57743e-20 6.29224e-20 4.13246e-20 2.71307e-20 1.7806e-20 1.16822e-20 7.66201e-21 5.02364e-21 3.29273e-21 2.15753e-21 1.41327e-21 9.25467e-22 6.05853e-22 3.96502e-22 2.59417e-22 1.69678e-22 1.10951e-22 7.25302e-23 4.74009e-23 3.09698e-23 2.0229e-23
2.5449e-06 9.32491e-07 7.26649e-07 5.56838e-07 4.20933e-07 3.14605e-07 2.3288e-07 1.70958e-07 1.24593e-07 9.02225e-08 6.49615e-08 4.65338e-08 3.31791e-08 2.35572e-08 1.66611e-08 1.17418e-08 8.24781e-09 5.77585e-09 4.03328e-09 2.80898e-09 1.95145e-09 1.35255e-09 9.35385e-10 6.45544e-10 4.4464e-10 3.0569e-10 2.0979e-10 1.43733e-10 9.83181e-11 6.71498e-11 4.57952e-11 3.1188e-11 2.12115e-11 1.44078e-11 9.77427e-12 6.62302e-12 4.48261e-12 3.03059e-12 2.04674e-12 1.38086e-12 9.30701e-13 6.2669e-13 4.21593e-13 2.83364e-13 1.90291e-13 1.27681e-13 8.56012e-14 5.73441e-14 3.83852e-14 2.56751e-14 1.71611e-14 1.14623e-14 7.65067e-15 5.10312e-15 3.40163e-15 2.26602e-15 1.50858e-15 1.00372e-15 6.6742e-16 4.43542e-16 2.94596e-16 1.95559e-16 1.29747e-16 8.60375e-17 5.70236e-17 3.77749e-17 2.50114e-17 1.65525e-17 1.09493e-17 7.23943e-18 4.7844e-18 3.16052e-18 2.08689e-18 1.37739e-18 9.08722e-19 5.99277e-19 3.95048e-19 2.60315e-19 1.71467e-19 1.12901e-19 7.43105e-20 4.88927e-20 3.21574e-20 2.11429e-20 1.38962e-20 9.13014e-21 5.99671e-21 3.93736e-21 2.58437e-21 1.69576e-21 1.11234e-21 7.29419e-22 4.7817e-22 3.13369e-22 2.05306e-22 1.34469e-22 8.8047e-23 5.76348e-23 3.77167e-23 2.46754e-23 1.61389e-23
1.58398e-06 5.95805e-07 4.67513e-07 3.60467e-07 2.74007e-07 2.0584e-07 1.53092e-07 1.12886e-07 8.26164e-08 6.00645e-08 4.34121e-08 3.12109e-08 2.23318e-08 1.59093e-08 1.12889e-08 7.981e-09 5.62336e-09 3.94977e-09 2.76618e-09 1.93198e-09 1.34592e-09 9.35385e-10 6.48607e-10 4.48794e-10 3.09911e-10 2.13598e-10 1.46949e-10 1.00923e-10 6.91983e-11 4.73719e-11 3.23813e-11 2.21026e-11 1.5066e-11 1.0256e-11 6.97279e-12 4.73486e-12 3.21143e-12 2.1757e-12 1.47241e-12 9.95403e-13 6.72249e-13 4.5356e-13 3.05723e-13 2.05884e-13 1.38525e-13 9.31242e-14 6.25507e-14 4.19807e-14 2.8153e-14 1.88654e-14 1.26324e-14 8.45255e-15 5.65178e-15 3.77646e-15 2.5217e-15 1.68275e-15 1.1222e-15 7.4791e-16 4.98158e-16 3.3161e-16 2.20617e-16 1.46692e-16 9.74838e-17 6.47479e-17 4.29824e-17 2.85188e-17 1.89127e-17 1.25361e-17 8.3054e-18 5.49989e-18 3.64037e-18 2.40846e-18 1.59272e-18 1.05282e-18 6.95629e-19 4.59432e-19 3.03309e-19 2.00158e-19 1.32035e-19 8.70635e-20 5.73874e-20 3.78123e-20 2.49052e-20 1.63979e-20 1.07927e-20 7.10105e-21 4.6705e-21 3.07084e-21 2.01839e-21 1.32621e-21 8.71118e-22 5.72011e-22 3.75487e-22 2.46407e-22 1.61651e-22 1.06016e-22 6.9509e-23 4.55598e-23 2.98538e-23 1.95566e-23 1.28076e-23
9.85898e-07 3.80429e-07 3.00564e-07 2.33151e-07 1.78201e-07 1.34541e-07 1.00531e-07 7.44528e-08 5.47136e-08 3.99342e-08 2.89706e-08 2.09029e-08 1.50078e-08 1.07271e-08 7.63611e-09 5.41537e-09 3.82715e-09 2.69603e-09 1.89353e-09 1.32619e-09 9.26402e-10 6.45544e-10 4.48794e-10 3.11329e-10 2.15523e-10 1.48908e-10 1.02691e-10 7.06939e-11 4.85846e-11 3.33362e-11 2.28385e-11 1.56236e-11 1.06729e-11 7.28109e-12 4.96075e-12 3.37565e-12 2.29428e-12 1.55752e-12 1.05617e-12 7.15437e-13 4.84123e-13 3.27269e-13 2.2102e-13 1.49125e-13 1.00525e-13 6.77042e-14 4.55601e-14 3.06332e-14 2.05802e-14 1.38155e-14 9.26732e-15 6.21182e-15 4.16074e-15 2.78495e-15 1.8628e-15 1.24516e-15 8.3177e-16 5.55272e-16 3.70458e-16 2.47008e-16 1.64598e-16 1.0962e-16 7.29643e-17 4.85391e-17 3.2273e-17 2.14466e-17 1.42447e-17 9.45649e-18 6.27468e-18 4.16143e-18 2.7586e-18 1.82782e-18 1.21054e-18 8.01367e-19 5.30266e-19 3.50727e-19 2.3188e-19 1.53241e-19 1.01231e-19 6.68461e-20 4.41235e-20 2.91136e-20 1.92026e-20 1.26608e-20 8.34454e-21 5.4978e-21 3.62095e-21 2.38399e-21 1.56906e-21 1.03235e-21 6.79005e-22 4.46454e-22 2.93454e-22 1.92827e-22 1.26666e-22 8.31803e-23 5.46072e-23 3.58385e-23 2.35138e-23 1.54231e-23 1.01134e-23
6.13639e-07 2.42754e-07 1.93094e-07 1.50683e-07 1.15791e-07 8.78542e-08 6.59472e-08 4.90499e-08 3.61917e-08 2.65171e-08 1.93077e-08 1.39798e-08 1.00711e-08 7.22195e-09 5.15714e-09 3.66849e-09 2.60027e-09 1.83702e-09 1.29383e-09 9.0865e-10 6.36428e-10 4.4464e-10 3.09911e-10 2.15523e-10 1.49566e-10 1.03586e-10 7.16044e-11 4.94077e-11 3.4033e-11 2.34041e-11 1.60695e-11 1.10169e-11 7.54203e-12 5.15607e-12 3.52025e-12 2.40035e-12 1.63471e-12 1.11198e-12 7.55539e-13 5.1279e-13 3.47665e-13 2.3547e-13 1.59324e-13 1.07698e-13 7.27331e-14 4.90754e-14 3.30838e-14 2.22843e-14 1.49977e-14 1.00856e-14 6.77704e-15 4.55041e-15 3.0531e-15 2.047e-15 1.37149e-15 9.18274e-16 6.14417e-16 4.10839e-16 2.74541e-16 1.83347e-16 1.22371e-16 8.16258e-17 5.44161e-17 3.62562e-17 2.41434e-17 1.60687e-17 1.0689e-17 7.10667e-18 4.72256e-18 3.13671e-18 2.08238e-18 1.38179e-18 9.16472e-19 6.07575e-19 4.02611e-19 2.66674e-19 1.76559e-19 1.16846e-19 7.72966e-20 5.11126e-20 3.37849e-20 2.23227e-20 1.47436e-20 9.73405e-21 6.42426e-21 4.23831e-21 2.79516e-21 1.84275e-21 1.21443e-21 8.00079e-22 5.26921e-22 3.46907e-22 2.28317e-22 1.50219e-22 9.88037e-23 6.4966e-23 4.27036e-23 2.80616e-23 1.84344e-23 1.21065e-23 7.94847e-24
3.81939e-07 1.54809e-07 1.23967e-07 9.73107e-08 7.51751e-08 5.73156e-08 4.32178e-08 3.22801e-08 2.39129e-08 1.75868e-08 1.28515e-08 9.3373e-09 6.74892e-09 4.85512e-09 3.47772e-09 2.48125e-09 1.76385e-09 1.24964e-09 8.82553e-10 6.21473e-10 4.36427e-10 3.0569e-10 2.13598e-10 1.48908e-10 1.03586e-10 7.19101e-11 4.98237e-11 3.44571e-11 2.37878e-11 1.63946e-11 1.12811e-11 7.75054e-12 5.31709e-12 3.64253e-12 2.49197e-12 1.70262e-12 1.16185e-12 7.91871e-13 5.39082e-13 3.66579e-13 2.49006e-13 1.68965e-13 1.14536e-13 7.75646e-14 5.24772e-14 3.54714e-14 2.39551e-14 1.61637e-14 1.08973e-14 7.34076e-15 4.94103e-15 3.32322e-15 2.23343e-15 1.49992e-15 1.0066e-15 6.75055e-16 4.52406e-16 3.02992e-16 2.02793e-16 1.35644e-16 9.0674e-17 6.05763e-17 4.04453e-17 2.69888e-17 1.79993e-17 1.19975e-17 7.99264e-18 5.32184e-18 3.54169e-18 2.35581e-18 1.56622e-18 1.04078e-18 6.91283e-19 4.58936e-19 3.04544e-19 2.02001e-19 1.33926e-19 8.87544e-20 5.87937e-20 3.89307e-20 2.57677e-20 1.70484e-20 1.12751e-20 7.45404e-21 4.92602e-21 3.25416e-21 2.14892e-21 1.41855e-21 9.36086e-22 6.17496e-22 4.07195e-22 2.68426e-22 1.76889e-22 1.16529e-22 7.67408e-23 5.0522e-23 3.32506e-23 2.18767e-23 1.43891e-23 9.46139e-24 6.21939e-24
2.37725e-07 9.86682e-08 7.95358e-08 6.27975e-08 4.87672e-08 3.73598e-08 2.82956e-08 2.12223e-08 1.5783e-08 1.16508e-08 8.54391e-09 6.22867e-09 4.51671e-09 3.25949e-09 2.34186e-09 1.67576e-09 1.19465e-09 8.48726e-10 6.01029e-10 4.24346e-10 2.98762e-10 2.0979e-10 1.46949e-10 1.02691e-10 7.16044e-11 4.98237e-11 3.45994e-11 2.39817e-11 1.65924e-11 1.14602e-11 7.90251e-12 5.4407e-12 3.74017e-12 2.56746e-12 1.76e-12 1.20488e-12 8.23801e-13 5.62553e-13 3.83698e-13 2.61407e-13 1.77895e-13 1.20933e-13 8.21258e-14 5.57157e-14 3.7762e-14 2.55696e-14 1.7298e-14 1.16919e-14 7.8959e-15 5.32788e-15 3.59216e-15 2.41999e-15 1.62907e-15 1.09582e-15 7.36585e-16 4.94765e-16 3.32104e-16 2.2277e-16 1.49332e-16 1.00039e-16 6.69754e-17 4.4812e-17 2.99649e-17 2.00252e-17 1.3375e-17 8.92821e-18 5.9566e-18 3.97191e-18 2.64712e-18 1.76328e-18 1.17396e-18 7.81213e-19 5.19607e-19 3.45442e-19 2.29547e-19 1.52466e-19 1.01222e-19 6.71722e-20 4.4557e-20 2.95432e-20 1.95803e-20 1.29719e-20 8.59035e-21 5.68654e-21 3.76285e-21 2.48897e-21 1.64574e-21 1.08778e-21 7.18723e-22 4.7471e-22 3.13432e-22 2.06875e-22 1.36497e-22 9.00314e-23 5.93637e-23 3.91297e-23 2.57842e-23 1.69849e-23 1.11851e-23 7.36344e-24 4.84609e-24
1.47964e-07 6.2852e-08 5.09976e-08 4.04971e-08 3.16119e-08 2.43318e-08 1.85091e-08 1.3939e-08 1.04064e-08 7.70993e-09 5.67366e-09 4.15e-09 3.01901e-09 2.18541e-09 1.57485e-09 1.13017e-09 8.07958e-10 5.75569e-10 4.08674e-10 2.89284e-10 2.04186e-10 1.43733e-10 1.00923e-10 7.06939e-11 4.94077e-11 3.44571e-11 2.39817e-11 1.66588e-11 1.15507e-11 7.99493e-12 5.52449e-12 3.81131e-12 2.62537e-12 1.80579e-12 1.24031e-12 8.50759e-13 5.82793e-13 3.98728e-13 2.72466e-13 1.85969e-13 1.26788e-13 8.6346e-14 5.87419e-14 3.99218e-14 2.71046e-14 1.83848e-14 1.24587e-14 8.43516e-15 5.70603e-15 3.85661e-15 2.60446e-15 1.75744e-15 1.18496e-15 7.98352e-16 5.37482e-16 3.61592e-16 2.4309e-16 1.63312e-16 1.09642e-16 7.35615e-17 4.93227e-17 3.305e-17 2.21326e-17 1.48126e-17 9.90786e-18 6.62337e-18 4.42523e-18 2.95498e-18 1.97216e-18 1.31553e-18 8.77073e-19 5.84457e-19 3.89274e-19 2.59148e-19 1.72439e-19 1.14688e-19 7.62439e-20 5.06636e-20 3.36509e-20 2.23413e-20 1.48264e-20 9.83523e-21 6.52159e-21 4.32263e-21 2.86399e-21 1.89681e-21 1.25578e-21 8.31068e-22 5.49795e-22 3.63585e-22 2.40357e-22 1.58837e-22 1.0493e-22 6.92942e-23 4.57455e-23 3.01895e-23 1.99169e-23 1.31356e-23 8.6604e-24 5.7081e-24 3.76107e-24
9.20952e-08 4.00159e-08 3.26798e-08 2.60987e-08 2.04765e-08 1.58343e-08 1.2097e-08 9.14686e-09 6.85463e-09 5.09677e-09 3.76353e-09 2.76187e-09 2.01552e-09 1.46343e-09 1.05768e-09 7.61186e-10 5.45674e-10 3.89767e-10 2.77471e-10 1.96911e-10 1.39331e-10 9.83181e-11 6.91983e-11 4.85846e-11 3.4033e-11 2.37878e-11 1.65924e-11 1.15507e-11 8.02594e-12 5.5668e-12 3.85455e-12 2.6646e-12 1.83913e-12 1.26748e-12 8.72258e-13 5.99443e-13 4.11408e-13 2.81995e-13 1.93052e-13 1.32004e-13 9.01577e-14 6.15085e-14 4.19179e-14 2.85373e-14 1.94083e-14 1.31868e-14 8.95116e-15 6.07044e-15 4.11314e-15 2.78452e-15 1.88348e-15 1.27296e-15 8.59653e-16 5.80089e-16 3.91144e-16 2.63548e-16 1.77448e-16 1.19392e-16 8.0276e-17 5.39393e-17 3.62195e-17 2.43054e-17 1.63002e-17 1.09249e-17 7.31789e-18 4.89893e-18 3.2777e-18 2.19177e-18 1.46482e-18 9.78457e-19 6.53239e-19 4.35892e-19 2.90716e-19 1.93795e-19 1.29124e-19 8.59939e-20 5.72434e-20 3.80876e-20 2.53308e-20 1.68392e-20 1.11894e-20 7.43204e-21 4.93433e-21 3.27469e-21 2.17239e-21 1.44056e-21 9.54899e-22 6.32728e-22 4.19095e-22 2.7749e-22 1.83664e-22 1.21519e-22 8.03731e-23 5.31406e-23 3.51232e-23 2.32067e-23 1.53282e-23 1.0121e-23 6.68064e-24 4.40833e-24 2.908e-24
5.73215e-08 2.54641e-08 2.09298e-08 1.68089e-08 1.32544e-08 1.02966e-08 7.89979e-09 5.99693e-09 4.51089e-09 3.36597e-09 2.49387e-09 1.83605e-09 1.34405e-09 9.78807e-10 7.09463e-10 5.12014e-10 3.68045e-10 2.63583e-10 1.88124e-10 1.33839e-10 9.49342e-11 6.71498e-11 4.73719e-11 3.33362e-11 2.34041e-11 1.63946e-11 1.14602e-11 7.99493e-12 5.5668e-12 3.86906e-12 2.68441e-12 1.85939e-12 1.28588e-12 8.87905e-13 6.12204e-13 4.21515e-13 2.89829e-13 1.99023e-13 1.36495e-13 9.34988e-14 6.39712e-14 4.37192e-14 2.98458e-14 2.03533e-14 1.38657e-14 9.43657e-15 6.41607e-15 4.3583e-15 2.95781e-15 2.00558e-15 1.35875e-15 9.19758e-16 6.22094e-16 4.20431e-16 2.83922e-16 1.91592e-16 1.29193e-16 8.70544e-17 5.86192e-17 3.94452e-17 2.65253e-17 1.78256e-17 1.19716e-17 8.03516e-18 5.3898e-18 3.61321e-18 2.42082e-18 1.62101e-18 1.08484e-18 7.25626e-19 4.85095e-19 3.24127e-19 2.16461e-19 1.44487e-19 9.63966e-20 6.42815e-20 4.28455e-20 2.85445e-20 1.90082e-20 1.26522e-20 8.4178e-21 5.59814e-21 3.72139e-21 2.47278e-21 1.64243e-21 1.09047e-21 7.23717e-22 4.80124e-22 3.184e-22 2.1107e-22 1.39869e-22 9.26523e-23 6.13529e-23 4.06125e-23 2.68741e-23 1.7777e-23 1.17553e-23 7.77084e-24 5.13521e-24 3.39241e-24 2.24037e-24
3.56779e-08 1.61963e-08 1.33972e-08 1.08193e-08 8.57379e-09 6.69072e-09 5.15478e-09 3.92844e-09 2.96586e-09 2.22082e-09 1.65089e-09 1.2193e-09 8.95295e-10 6.53922e-10 4.75327e-10 3.43985e-10 2.47924e-10 1.78017e-10 1.27376e-10 9.08435e-11 6.45919e-11 4.57952e-11 3.23813e-11 2.28385e-11 1.60695e-11 1.12811e-11 7.90251e-12 5.52449e-12 3.85455e-12 2.68441e-12 1.86619e-12 1.29517e-12 8.97412e-13 6.20843e-13 4.28867e-13 2.95829e-13 2.03779e-13 1.40185e-13 9.63136e-14 6.60901e-14 4.52968e-14 3.10097e-14 2.12053e-14 1.44851e-14 9.88428e-15 6.73797e-15 4.58868e-15 3.12199e-15 2.12214e-15 1.44121e-15 9.77912e-16 6.62986e-16 4.49107e-16 3.03981e-16 2.0559e-16 1.3894e-16 9.38269e-17 6.3316e-17 4.26964e-17 2.8772e-17 1.93756e-17 1.30393e-17 8.76945e-18 5.8941e-18 3.95909e-18 2.65774e-18 1.78309e-18 1.19559e-18 8.01212e-19 5.36626e-19 3.5922e-19 2.40336e-19 1.60713e-19 1.07414e-19 7.17557e-20 4.79111e-20 3.19748e-20 2.13291e-20 1.42212e-20 9.47773e-21 6.31359e-21 4.20395e-21 2.79802e-21 1.86149e-21 1.23791e-21 8.22883e-22 5.4678e-22 3.63175e-22 2.41129e-22 1.60035e-22 1.06174e-22 7.0414e-23 4.66811e-23 3.09362e-23 2.04946e-23 1.35725e-23 8.98523e-24 5.94638e-24 3.93397e-24 2.60176e-24 1.72013e-24
2.22065e-08 1.02969e-08 8.57114e-09 6.95991e-09 5.54253e-09 4.34458e-09 3.36106e-09 2.57134e-09 1.94834e-09 1.46393e-09 1.09181e-09 8.08909e-10 5.95748e-10 4.36396e-10 3.181e-10 2.30827e-10 1.66805e-10 1.20078e-10 8.61324e-11 6.15783e-11 4.38874e-11 3.1188e-11 2.21026e-11 1.56236e-11 1.10169e-11 7.75054e-12 5.4407e-12 3.81131e-12 2.6646e-12 1.85939e-12 1.29517e-12 9.006e-13 6.25202e-13 4.33333e-13 2.99891e-13 2.07238e-13 1.4301e-13 9.85546e-14 6.78298e-14 4.6625e-14 3.20103e-14 2.19508e-14 1.50356e-14 1.02876e-14 7.03144e-15 4.80096e-15 3.27475e-15 2.23155e-15 1.51925e-15 1.03336e-15 7.02249e-16 4.7682e-16 3.23484e-16 2.19278e-16 1.48522e-16 1.0052e-16 6.79803e-17 4.59402e-17 3.10235e-17 2.09355e-17 1.41181e-17 9.51439e-18 6.40766e-18 4.31261e-18 2.90074e-18 1.9499e-18 1.30995e-18 8.79512e-19 5.90174e-19 3.95798e-19 2.65295e-19 1.77725e-19 1.18998e-19 7.96351e-20 5.32658e-20 3.56103e-20 2.37953e-20 1.58927e-20 1.06096e-20 7.07942e-21 4.72172e-21 3.14781e-21 2.09761e-21 1.39719e-21 9.30254e-22 6.19108e-22 4.11863e-22 2.73883e-22 1.82056e-22 1.20969e-22 8.03485e-23 5.33478e-23 3.54074e-23 2.34916e-23 1.55803e-23 1.03296e-23 6.84602e-24 4.5357e-24 3.00403e-24 1.98892e-24 1.3164e-24
1.38217e-08 6.54339e-09 5.48084e-09 4.47474e-09 3.58077e-09 2.81923e-09 2.18992e-09 1.68176e-09 1.27886e-09 9.64158e-10 7.21405e-10 5.36131e-10 3.96024e-10 2.90925e-10 2.12648e-10 1.5472e-10 1.12097e-10 8.08984e-11 5.81714e-11 4.16878e-11 2.97807e-11 2.12115e-11 1.5066e-11 1.06729e-11 7.54203e-12 5.31709e-12 3.74017e-12 2.62537e-12 1.83913e-12 1.28588e-12 8.97412e-13 6.25202e-13 4.34831e-13 3.0194e-13 2.09338e-13 1.44922e-13 1.00184e-13 6.91613e-14 4.76819e-14 3.28314e-14 2.25782e-14 1.55085e-14 1.06403e-14 7.29204e-15 4.99202e-15 3.41389e-15 2.33228e-15 1.59179e-15 1.08536e-15 7.39367e-16 5.03215e-16 3.42188e-16 2.32491e-16 1.57829e-16 1.07057e-16 7.25604e-17 4.91418e-17 3.32565e-17 2.24897e-17 1.51978e-17 1.0263e-17 6.92586e-18 4.67071e-18 3.14782e-18 2.12012e-18 1.42705e-18 9.59965e-19 6.45375e-19 4.33626e-19 2.91186e-19 1.95426e-19 1.31086e-19 8.7881e-20 5.88852e-20 3.94359e-20 2.63972e-20 1.76607e-20 1.18099e-20 7.89361e-21 5.27352e-21 3.52148e-21 2.35046e-21 1.56814e-21 1.04575e-21 6.97083e-22 4.64468e-22 3.09348e-22 2.05949e-22 1.37056e-22 9.11724e-23 6.06261e-23 4.02985e-23 2.67765e-23 1.77852e-23 1.18087e-23 7.83774e-24 5.20026e-24 3.4491e-24 2.28685e-24 1.51573e-24 1.00429e-24
