0.505601 0.00211498 0.00185607 0.00162885 0.00142946 0.00125447 0.0011009 0.000966132 0.000847862 0.000744069 0.000652983 0.000573047 0.000502897 0.000441334 0.000387308 0.000339895 0.000298286 0.000261771 0.000229726 0.000201604 0.000176924 0.000155266 0.000136259 0.000119578 0.00010494 9.20937e-05 8.08199e-05 7.09262e-05 6.22437e-05 5.46241e-05 4.79372e-05 4.20689e-05 3.6919e-05 3.23995e-05 2.84333e-05 2.49526e-05 2.1898e-05 1.92173e-05 1.68648e-05 1.48003e-05 1.29885e-05 1.13985e-05 1.00031e-05 8.77856e-06 7.70392e-06 6.76083e-06 5.9332e-06 5.20688e-06 4.56947e-06 4.01009e-06 3.51919e-06 3.08838e-06 2.71032e-06 2.37853e-06 2.08736e-06 1.83183e-06 1.60759e-06 1.41079e-06 1.23809e-06 1.08652e-06 9.53516e-07 8.3679e-07 7.34353e-07 6.44457e-07 5.65565e-07 4.9633e-07 4.35571e-07 3.8225e-07 3.35457e-07 2.94391e-07 2.58353e-07 2.26726e-07 1.98971e-07 1.74614e-07 1.53238e-07 1.34479e-07 1.18017e-07 1.0357e-07 9.08911e-08 7.97646e-08 7.00001e-08 6.14309e-08 5.39108e-08 4.73112e-08 4.15196e-08 3.64369e-08 3.19764e-08 2.8062e-08 2.46267e-08 2.1612e-08 1.89664e-08 1.66446e-08 1.4607e-08 1.28189e-08 1.12496e-08 9.87248e-09 8.66393e-09 7.60332e-09 6.67255e-09 5.85572e-09 5.13889e-09
0.00211498 0.000866833 0.00078649 0.000712827 0.000645413 0.000583822 0.000527638 0.000476461 0.000429907 0.000387611 0.000349227 0.000314433 0.000282924 0.000254417 0.00022865 0.000205379 0.000184379 0.000165442 0.000148379 0.000133014 0.000119188 0.000106753 9.55768e-05 8.55369e-05 7.65229e-05 6.8434e-05 6.11787e-05 5.46742e-05 4.88454e-05 4.36244e-05 3.89497e-05 3.47657e-05 3.10224e-05 2.76746e-05 2.46816e-05 2.20066e-05 1.96167e-05 1.74821e-05 1.55762e-05 1.38749e-05 1.23567e-05 1.10023e-05 9.79436e-06 8.71726e-06 7.75709e-06 6.90137e-06 6.13891e-06 5.45971e-06 4.85479e-06 4.31617e-06 3.83666e-06 3.40987e-06 3.03008e-06 2.69218e-06 2.39159e-06 2.12426e-06 1.88653e-06 1.67518e-06 1.4873e-06 1.32032e-06 1.17193e-06 1.04008e-06 9.22957e-07 8.1892e-07 7.26523e-07 6.44477e-07 5.7163e-07 5.06961e-07 4.49558e-07 3.98612e-07 3.53403e-07 3.13289e-07 2.777e-07 2.46129e-07 2.18127e-07 1.93292e-07 1.71268e-07 1.5174e-07 1.34427e-07 1.19078e-07 1.05473e-07 9.34144e-08 8.27275e-08 7.32572e-08 6.48658e-08 5.74311e-08 5.08446e-08 4.501e-08 3.9842e-08 3.52647e-08 3.12111e-08 2.76215e-08 2.4443e-08 2.16287e-08 1.91372e-08 1.69316e-08 1.49792e-08 1.32511e-08 1.17216e-08 1.0368e-08 9.1701e-09
0.00185607 0.00078649 0.000723389 0.000664266 0.000609053 0.000557645 0.000509909 0.000465689 0.000424818 0.000387118 0.000352409 0.000320506 0.00029123 0.000264404 0.000239856 0.000217421 0.000196943 0.00017827 0.000161262 0.000145786 0.000131716 0.000118936 0.000107337 9.6819e-05 8.72878e-05 7.86569e-05 7.08467e-05 6.37836e-05 5.74001e-05 5.16342e-05 4.6429e-05 4.17326e-05 3.74973e-05 3.36798e-05 3.02405e-05 2.71434e-05 2.43556e-05 2.18473e-05 1.95913e-05 1.75632e-05 1.57405e-05 1.4103e-05 1.26326e-05 1.13124e-05 1.01277e-05 9.06481e-06 8.11152e-06 7.25678e-06 6.49064e-06 5.8041e-06 5.18906e-06 4.63821e-06 4.145e-06 3.70349e-06 3.30836e-06 2.95482e-06 2.63858e-06 2.35575e-06 2.10287e-06 1.8768e-06 1.67476e-06 1.49422e-06 1.33292e-06 1.18885e-06 1.06019e-06 9.45302e-07 8.42742e-07 7.512e-07 6.69506e-07 5.96612e-07 5.31582e-07 4.73577e-07 4.21845e-07 3.75716e-07 3.34589e-07 2.97926e-07 2.65248e-07 2.36126e-07 2.10177e-07 1.87058e-07 1.66463e-07 1.48119e-07 1.31782e-07 1.17234e-07 1.04281e-07 9.275e-08 8.24853e-08 7.33493e-08 6.52187e-08 5.79836e-08 5.15463e-08 4.58193e-08 4.07248e-08 3.61935e-08 3.21634e-08 2.85796e-08 2.53929e-08 2.25595e-08 2.00407e-08 1.78015e-08 1.58113e-08
0.00162885 0.000712827 0.000664266 0.000617592 0.000572991 0.000530585 0.000490443 0.000452592 0.000417023 0.000383703 0.000352576 0.000323571 0.000296606 0.00027159 0.000248427 0.000227018 0.000207263 0.000189061 0.000172315 0.000156928 0.000142808 0.000129866 0.000118016 0.000107178 9.7274e-05 8.82328e-05 7.99861e-05 7.24704e-05 6.56263e-05 5.93985e-05 5.37354e-05 4.85894e-05 4.39164e-05 3.96754e-05 3.58288e-05 3.23421e-05 2.91831e-05 2.63226e-05 2.37338e-05 2.1392e-05 1.92745e-05 1.73608e-05 1.5632e-05 1.4071e-05 1.26619e-05 1.13905e-05 1.02438e-05 9.20998e-06 8.2782e-06 7.4387e-06 6.68259e-06 6.00182e-06 5.38906e-06 4.83769e-06 4.34172e-06 3.8957e-06 3.49471e-06 3.13431e-06 2.81048e-06 2.51958e-06 2.25832e-06 2.02375e-06 1.8132e-06 1.62423e-06 1.45469e-06 1.30261e-06 1.16622e-06 1.04392e-06 9.3429e-07 8.36031e-07 7.47982e-07 6.69098e-07 5.98438e-07 5.35156e-07 4.78493e-07 4.27765e-07 3.82359e-07 3.41723e-07 3.05362e-07 2.72833e-07 2.43735e-07 2.17711e-07 1.9444e-07 1.73633e-07 1.55034e-07 1.38409e-07 1.23552e-07 1.10276e-07 9.84146e-08 8.78189e-08 7.83549e-08 6.99028e-08 6.23555e-08 5.56168e-08 4.9601e-08 4.42312e-08 3.94385e-08 3.51615e-08 3.13451e-08 2.79401e-08 2.49025e-08
0.00142946 0.000645413 0.000609053 0.000572991 0.00053758 0.000503096 0.000469747 0.000437689 0.000407031 0.000377845 0.000350171 0.000324024 0.000299399 0.000276272 0.000254611 0.00023437 0.000215497 0.000197935 0.000181623 0.000166498 0.000152496 0.000139552 0.000127603 0.000116587 0.000106444 9.71146e-05 8.85431e-05 8.06759e-05 7.34622e-05 6.68537e-05 6.08049e-05 5.52729e-05 5.02177e-05 4.56015e-05 4.13892e-05 3.75483e-05 3.40481e-05 3.08605e-05 2.79594e-05 2.53205e-05 2.29214e-05 2.07416e-05 1.87619e-05 1.6965e-05 1.53347e-05 1.38564e-05 1.25163e-05 1.13021e-05 1.02025e-05 9.20701e-06 8.30616e-06 7.49126e-06 6.75437e-06 6.08827e-06 5.48637e-06 4.94267e-06 4.45169e-06 4.00847e-06 3.60849e-06 3.24764e-06 2.92219e-06 2.62874e-06 2.36423e-06 2.12587e-06 1.91112e-06 1.71771e-06 1.54355e-06 1.38677e-06 1.24566e-06 1.1187e-06 1.00448e-06 9.01761e-07 8.09395e-07 7.2636e-07 6.51728e-07 5.84663e-07 5.2441e-07 4.70289e-07 4.21684e-07 3.78041e-07 3.38862e-07 3.03696e-07 2.72138e-07 2.43822e-07 2.18421e-07 1.95638e-07 1.75206e-07 1.56886e-07 1.40462e-07 1.2574e-07 1.12547e-07 1.00724e-07 9.0132e-08 8.06434e-08 7.21446e-08 6.45335e-08 5.77183e-08 5.16166e-08 4.61546e-08 4.12657e-08 3.68904e-08
0.00125447 0.000583822 0.000557645 0.000530585 0.000503096 0.000475548 0.000448245 0.000421428 0.000395289 0.000369973 0.000345592 0.000322226 0.000299927 0.000278729 0.000258645 0.000239675 0.000221806 0.000205018 0.000189282 0.000174562 0.00016082 0.000148015 0.000136102 0.000125037 0.000114774 0.000105269 9.64767e-05 8.83534e-05 8.0857e-05 7.39465e-05 6.75826e-05 6.17279e-05 5.63465e-05 5.14045e-05 4.68698e-05 4.27122e-05 3.89032e-05 3.54161e-05 3.2226e-05 2.93095e-05 2.66449e-05 2.42119e-05 2.19917e-05 1.99668e-05 1.81212e-05 1.64397e-05 1.49086e-05 1.35152e-05 1.22476e-05 1.1095e-05 1.00476e-05 9.09598e-06 8.23187e-06 7.44753e-06 6.73586e-06 6.09039e-06 5.50518e-06 4.97478e-06 4.49425e-06 4.05903e-06 3.665e-06 3.30836e-06 2.98567e-06 2.69379e-06 2.42986e-06 2.19127e-06 1.97564e-06 1.78084e-06 1.60488e-06 1.446e-06 1.30256e-06 1.17311e-06 1.05631e-06 9.50947e-07 8.55924e-07 7.70247e-07 6.93014e-07 6.23409e-07 5.60692e-07 5.04195e-07 4.53309e-07 4.07489e-07 3.66238e-07 3.29107e-07 2.95692e-07 2.65627e-07 2.3858e-07 2.14254e-07 1.92379e-07 1.72711e-07 1.5503e-07 1.39139e-07 1.24859e-07 1.12028e-07 1.00502e-07 9.01489e-08 8.08515e-08 7.25033e-08 6.50085e-08 5.82808e-08 5.22426e-08
0.0011009 0.000527638 0.000509909 0.000490443 0.000469747 0.000448245 0.000426295 0.000404193 0.000382182 0.000360463 0.000339195 0.000318504 0.000298489 0.000279221 0.000260755 0.000243124 0.00022635 0.00021044 0.000195392 0.000181196 0.000167835 0.000155288 0.000143529 0.000132528 0.000122255 0.000112676 0.000103758 9.54677e-05 8.77706e-05 8.06333e-05 7.40228e-05 6.79071e-05 6.22551e-05 5.7037e-05 5.2224e-05 4.77886e-05 4.37048e-05 3.99479e-05 3.64944e-05 3.33221e-05 3.04104e-05 2.77397e-05 2.52916e-05 2.3049e-05 2.09961e-05 1.91178e-05 1.74002e-05 1.58306e-05 1.43969e-05 1.3088e-05 1.18937e-05 1.08045e-05 9.81154e-06 8.90678e-06 8.08274e-06 7.33254e-06 6.64985e-06 6.02884e-06 5.46416e-06 4.95091e-06 4.48456e-06 4.06098e-06 3.6764e-06 3.32733e-06 3.01061e-06 2.72333e-06 2.46283e-06 2.2267e-06 2.01271e-06 1.81886e-06 1.64329e-06 1.48433e-06 1.34044e-06 1.21023e-06 1.09244e-06 9.859e-07 8.89565e-07 8.02479e-07 7.23773e-07 6.52657e-07 5.88415e-07 5.30395e-07 4.78007e-07 4.30713e-07 3.88029e-07 3.49513e-07 3.14764e-07 2.83422e-07 2.55157e-07 2.29672e-07 2.06699e-07 1.85994e-07 1.67337e-07 1.50527e-07 1.35385e-07 1.21748e-07 1.09468e-07 9.84121e-08 8.846e-08 7.9503e-08 7.14428e-08
0.000966132 0.000476461 0.000465689 0.000452592 0.000437689 0.000421428 0.000404193 0.000386308 0.000368049 0.000349649 0.000331298 0.000313157 0.000295354 0.000277993 0.000261156 0.000244904 0.000229284 0.000214329 0.000200057 0.000186481 0.000173601 0.000161414 0.00014991 0.000139073 0.000128884 0.000119324 0.000110369 0.000101993 9.41723e-05 8.68792e-05 8.00875e-05 7.37708e-05 6.79027e-05 6.24576e-05 5.74105e-05 5.27369e-05 4.84135e-05 4.44176e-05 4.07278e-05 3.73235e-05 3.4185e-05 3.1294e-05 2.86328e-05 2.61849e-05 2.39348e-05 2.18679e-05 1.99704e-05 1.82296e-05 1.66334e-05 1.51706e-05 1.38309e-05 1.26046e-05 1.14826e-05 1.04565e-05 9.51869e-06 8.66191e-06 7.87952e-06 7.16537e-06 6.51381e-06 5.91959e-06 5.37788e-06 4.88424e-06 4.43458e-06 4.02513e-06 3.65244e-06 3.31332e-06 3.00487e-06 2.72439e-06 2.46944e-06 2.23777e-06 2.02732e-06 1.8362e-06 1.66269e-06 1.50522e-06 1.36235e-06 1.23275e-06 1.11523e-06 1.00869e-06 9.12125e-07 8.24631e-07 7.45372e-07 6.73593e-07 6.08603e-07 5.49773e-07 4.96533e-07 4.48362e-07 4.04788e-07 3.6538e-07 3.29748e-07 2.97538e-07 2.68426e-07 2.4212e-07 2.18355e-07 1.96889e-07 1.77504e-07 1.60001e-07 1.442e-07 1.29939e-07 1.17071e-07 1.0546e-07 9.49863e-08
0.000847862 0.000429907 0.000424818 0.000417023 0.000407031 0.000395289 0.000382182 0.000368049 0.000353179 0.000337821 0.000322185 0.000306453 0.000290773 0.000275271 0.000260049 0.000245191 0.000230762 0.000216814 0.000203386 0.000190503 0.000178186 0.000166443 0.000155279 0.000144692 0.000134673 0.000125214 0.0001163 0.000107914 0.00010004 9.26578e-05 8.57468e-05 7.92862e-05 7.32547e-05 6.76309e-05 6.23934e-05 5.75211e-05 5.29936e-05 4.87906e-05 4.48928e-05 4.12813e-05 3.7938e-05 3.48457e-05 3.19878e-05 2.93487e-05 2.69134e-05 2.46679e-05 2.25987e-05 2.06933e-05 1.89398e-05 1.73272e-05 1.5845e-05 1.44835e-05 1.32335e-05 1.20866e-05 1.10347e-05 1.00706e-05 9.18726e-06 8.37839e-06 7.63802e-06 6.96068e-06 6.34126e-06 5.77505e-06 5.25771e-06 4.7852e-06 4.35382e-06 3.96012e-06 3.60097e-06 3.27344e-06 2.97485e-06 2.70275e-06 2.45488e-06 2.22914e-06 2.02363e-06 1.83659e-06 1.66643e-06 1.51165e-06 1.37092e-06 1.243e-06 1.12675e-06 1.02114e-06 9.25218e-07 8.38122e-07 7.5906e-07 6.87309e-07 6.2221e-07 5.6316e-07 5.09611e-07 4.61062e-07 4.17056e-07 3.77177e-07 3.41047e-07 3.0832e-07 2.78681e-07 2.51847e-07 2.27555e-07 2.05571e-07 1.85678e-07 1.67681e-07 1.51404e-07 1.36684e-07 1.23374e-07
0.000744069 0.000387611 0.000387118 0.000383703 0.000377845 0.000369973 0.000360463 0.000349649 0.000337821 0.000325233 0.000312107 0.000298631 0.00028497 0.000271262 0.000257624 0.000244153 0.000230931 0.000218023 0.000205483 0.000193352 0.00018166 0.000170431 0.000159679 0.000149414 0.000139639 0.000130352 0.000121549 0.000113222 0.00010536 9.79499e-05 9.09776e-05 8.44274e-05 7.82829e-05 7.25268e-05 6.71417e-05 6.21099e-05 5.74137e-05 5.30358e-05 4.89588e-05 4.51659e-05 4.16407e-05 3.83674e-05 3.53307e-05 3.25159e-05 2.99088e-05 2.74961e-05 2.52649e-05 2.3203e-05 2.1299e-05 1.9542e-05 1.79216e-05 1.64282e-05 1.50526e-05 1.37863e-05 1.26213e-05 1.155e-05 1.05655e-05 9.66123e-06 8.83099e-06 8.06913e-06 7.37035e-06 6.72973e-06 6.14267e-06 5.60495e-06 5.11262e-06 4.66204e-06 4.24983e-06 3.87288e-06 3.5283e-06 3.21343e-06 2.92581e-06 2.66318e-06 2.42345e-06 2.2047e-06 2.00516e-06 1.8232e-06 1.65732e-06 1.50616e-06 1.36845e-06 1.24302e-06 1.12882e-06 1.02487e-06 9.30278e-07 8.44225e-07 7.65961e-07 6.948e-07 6.30114e-07 5.71329e-07 5.1792e-07 4.69408e-07 4.25354e-07 3.85357e-07 3.49053e-07 3.16108e-07 2.86218e-07 2.59106e-07 2.34519e-07 2.12227e-07 1.92019e-07 1.73705e-07 1.5711e-07
0.000652983 0.000349227 0.000352409 0.000352576 0.000350171 0.000345592 0.000339195 0.000331298 0.000322185 0.000312107 0.000301283 0.000289908 0.000278151 0.000266158 0.000254054 0.000241948 0.00022993 0.000218079 0.000206456 0.000195115 0.000184097 0.000173435 0.000163155 0.000153274 0.000143804 0.000134753 0.000126124 0.000117916 0.000110125 0.000102743 9.57635e-05 8.91745e-05 8.29645e-05 7.71207e-05 7.16294e-05 6.64761e-05 6.16464e-05 5.71254e-05 5.28983e-05 4.89504e-05 4.5267e-05 4.18339e-05 3.86371e-05 3.56631e-05 3.28989e-05 3.03317e-05 2.79495e-05 2.57407e-05 2.36941e-05 2.17993e-05 2.00462e-05 1.84253e-05 1.69276e-05 1.55447e-05 1.42684e-05 1.30913e-05 1.20063e-05 1.10067e-05 1.00864e-05 9.23936e-06 8.46027e-06 7.744e-06 7.0858e-06 6.48124e-06 5.92621e-06 5.41687e-06 4.94967e-06 4.52129e-06 4.12866e-06 3.76896e-06 3.43955e-06 3.13798e-06 2.86202e-06 2.60957e-06 2.37872e-06 2.16769e-06 1.97484e-06 1.79867e-06 1.63779e-06 1.49091e-06 1.35687e-06 1.23456e-06 1.12301e-06 1.02129e-06 9.28569e-07 8.44069e-07 7.67083e-07 6.96962e-07 6.33112e-07 5.74986e-07 5.22086e-07 4.73952e-07 4.30168e-07 3.90349e-07 3.54144e-07 3.21234e-07 2.91326e-07 2.64152e-07 2.39467e-07 2.17049e-07 1.96693e-07
0.000573047 0.000314433 0.000320506 0.000323571 0.000324024 0.000322226 0.000318504 0.000313157 0.000306453 0.000298631 0.000289908 0.000280475 0.0002705 0.000260132 0.000249502 0.000238724 0.000227895 0.000217099 0.000206409 0.000195883 0.000185574 0.000175521 0.000165758 0.00015631 0.000147199 0.000138438 0.000130037 0.000122001 0.000114333 0.000107032 0.000100094 9.35131e-05 8.72825e-05 8.13931e-05 7.5835e-05 7.05971e-05 6.5668e-05 6.10355e-05 5.66872e-05 5.26106e-05 4.87929e-05 4.52217e-05 4.18844e-05 3.87687e-05 3.58628e-05 3.31549e-05 3.06338e-05 2.82885e-05 2.61085e-05 2.40837e-05 2.22045e-05 2.04617e-05 1.88465e-05 1.73505e-05 1.59659e-05 1.46851e-05 1.35012e-05 1.24073e-05 1.13973e-05 1.04653e-05 9.60562e-06 8.81313e-06 8.08294e-06 7.41048e-06 6.79149e-06 6.22198e-06 5.69824e-06 5.2168e-06 4.77443e-06 4.36815e-06 3.99515e-06 3.65286e-06 3.33886e-06 3.05093e-06 2.787e-06 2.54516e-06 2.32364e-06 2.12081e-06 1.93515e-06 1.76526e-06 1.60986e-06 1.46776e-06 1.33786e-06 1.21915e-06 1.11069e-06 1.01164e-06 9.21203e-07 8.38651e-07 7.6332e-07 6.94597e-07 6.3192e-07 5.74771e-07 5.22677e-07 4.75203e-07 4.3195e-07 3.92552e-07 3.56675e-07 3.24012e-07 2.94281e-07 2.67226e-07 2.42612e-07
0.000502897 0.000282924 0.00029123 0.000296606 0.000299399 0.000299927 0.000298489 0.000295354 0.000290773 0.00028497 0.000278151 0.0002705 0.000262181 0.000253343 0.000244117 0.000234619 0.000224949 0.000215198 0.00020544 0.000195744 0.000186165 0.000176751 0.000167541 0.000158567 0.000149857 0.000141431 0.000133304 0.000125488 0.00011799 0.000110815 0.000103963 9.74341e-05 9.12243e-05 8.53289e-05 7.97414e-05 7.44542e-05 6.94586e-05 6.47452e-05 6.03042e-05 5.6125e-05 5.21972e-05 4.85097e-05 4.50518e-05 4.18125e-05 3.87811e-05 3.5947e-05 3.32999e-05 3.08295e-05 2.85261e-05 2.63801e-05 2.43824e-05 2.25241e-05 2.07968e-05 1.91924e-05 1.77032e-05 1.63219e-05 1.50414e-05 1.38551e-05 1.27568e-05 1.17405e-05 1.08006e-05 9.93196e-06 9.12951e-06 8.38861e-06 7.7049e-06 7.07427e-06 6.49288e-06 5.95714e-06 5.46369e-06 5.0094e-06 4.59133e-06 4.20677e-06 3.85317e-06 3.52817e-06 3.22958e-06 2.95537e-06 2.70362e-06 2.47259e-06 2.26066e-06 2.0663e-06 1.88813e-06 1.72485e-06 1.57527e-06 1.43828e-06 1.31286e-06 1.19808e-06 1.09305e-06 9.96989e-07 9.09148e-07 8.28848e-07 7.55464e-07 6.88418e-07 6.27179e-07 5.7126e-07 5.20212e-07 4.73623e-07 4.31114e-07 3.92337e-07 3.56975e-07 3.24733e-07 2.95344e-07
0.000441334 0.000254417 0.000264404 0.00027159 0.000276272 0.000278729 0.000279221 0.000277993 0.000275271 0.000271262 0.000266158 0.000260132 0.000253343 0.000245935 0.000238036 0.000229761 0.000221213 0.000212482 0.000203649 0.000194784 0.000185947 0.00017719 0.000168559 0.00016009 0.000151816 0.000143762 0.000135948 0.000128392 0.000121105 0.000114096 0.000107371 0.000100933 9.47823e-05 8.89175e-05 8.33357e-05 7.80324e-05 7.30018e-05 6.82371e-05 6.3731e-05 5.9475e-05 5.54607e-05 5.1679e-05 4.81205e-05 4.47759e-05 4.16358e-05 3.86905e-05 3.59309e-05 3.33476e-05 3.09316e-05 2.86739e-05 2.65661e-05 2.45997e-05 2.27667e-05 2.10593e-05 1.94701e-05 1.7992e-05 1.66181e-05 1.53419e-05 1.41572e-05 1.30581e-05 1.20392e-05 1.1095e-05 1.02206e-05 9.41124e-06 8.66254e-06 7.9703e-06 7.33059e-06 6.7397e-06 6.19417e-06 5.69076e-06 5.22643e-06 4.79834e-06 4.40383e-06 4.04042e-06 3.70579e-06 3.3978e-06 3.11444e-06 2.85383e-06 2.61424e-06 2.39406e-06 2.19179e-06 2.00604e-06 1.83552e-06 1.67903e-06 1.53546e-06 1.4038e-06 1.28309e-06 1.17247e-06 1.0711e-06 9.78262e-07 8.93249e-07 8.15427e-07 7.44209e-07 6.79053e-07 6.19458e-07 5.64966e-07 5.15152e-07 4.69628e-07 4.28034e-07 3.9004e-07 3.55345e-07
0.000387308 0.00022865 0.000239856 0.000248427 0.000254611 0.000258645 0.000260755 0.000261156 0.000260049 0.000257624 0.000254054 0.000249502 0.000244117 0.000238036 0.000231382 0.000224268 0.000216795 0.000209054 0.000201127 0.000193086 0.000184993 0.000176904 0.000168868 0.000160926 0.000153114 0.000145462 0.000137994 0.000130732 0.000123691 0.000116884 0.000110322 0.00010401 9.79525e-05 9.21522e-05 8.66087e-05 8.13205e-05 7.62847e-05 7.1497e-05 6.69523e-05 6.26445e-05 5.8567e-05 5.47126e-05 5.10737e-05 4.76422e-05 4.44102e-05 4.13693e-05 3.85112e-05 3.58276e-05 3.33103e-05 3.09512e-05 2.87424e-05 2.66759e-05 2.47442e-05 2.294e-05 2.12562e-05 1.96858e-05 1.82223e-05 1.68594e-05 1.5591e-05 1.44113e-05 1.33149e-05 1.22964e-05 1.13509e-05 1.04736e-05 9.66018e-06 8.90629e-06 8.20798e-06 7.56149e-06 6.96327e-06 6.40999e-06 5.89852e-06 5.42592e-06 4.98944e-06 4.58649e-06 4.21467e-06 3.8717e-06 3.5555e-06 3.26408e-06 2.99561e-06 2.74837e-06 2.52079e-06 2.31136e-06 2.11872e-06 1.94157e-06 1.77874e-06 1.62912e-06 1.49167e-06 1.36546e-06 1.2496e-06 1.14327e-06 1.04573e-06 9.56263e-07 8.74239e-07 7.99056e-07 7.30165e-07 6.67056e-07 6.09261e-07 5.56346e-07 5.07913e-07 4.63593e-07 4.23048e-07
0.000339895 0.000205379 0.000217421 0.000227018 0.00023437 0.000239675 0.000243124 0.000244904 0.000245191 0.000244153 0.000241948 0.000238724 0.000234619 0.000229761 0.000224268 0.000218247 0.000211798 0.00020501 0.000197963 0.000190729 0.000183375 0.000175956 0.000168525 0.000161124 0.000153793 0.000146566 0.00013947 0.000132529 0.000125764 0.000119191 0.000112822 0.000106667 0.000100735 9.50299e-05 8.95546e-05 8.43106e-05 7.92974e-05 7.45134e-05 6.99555e-05 6.56199e-05 6.15019e-05 5.75961e-05 5.38964e-05 5.03964e-05 4.70894e-05 4.39684e-05 4.10262e-05 3.82554e-05 3.56487e-05 3.31989e-05 3.08985e-05 2.87406e-05 2.67179e-05 2.48237e-05 2.30511e-05 2.13937e-05 1.98452e-05 1.83994e-05 1.70506e-05 1.5793e-05 1.46212e-05 1.35302e-05 1.2515e-05 1.15708e-05 1.06933e-05 9.87817e-06 9.12143e-06 8.41927e-06 7.7681e-06 7.16452e-06 6.60534e-06 6.08755e-06 5.60831e-06 5.16496e-06 4.75499e-06 4.37607e-06 4.02598e-06 3.70268e-06 3.40424e-06 3.12886e-06 2.87486e-06 2.64067e-06 2.42482e-06 2.22596e-06 2.04281e-06 1.87419e-06 1.71901e-06 1.57624e-06 1.44493e-06 1.32421e-06 1.21325e-06 1.11131e-06 1.01767e-06 9.3168e-07 8.52749e-07 7.80315e-07 7.13862e-07 6.52913e-07 5.97029e-07 5.45803e-07 4.9886e-07
0.000298286 0.000184379 0.000196943 0.000207263 0.000215497 0.000221806 0.00022635 0.000229284 0.000230762 0.000230931 0.00022993 0.000227895 0.000224949 0.000221213 0.000216795 0.000211798 0.000206317 0.000200437 0.000194238 0.000187792 0.000181163 0.00017441 0.000167585 0.000160733 0.000153896 0.00014711 0.000140406 0.00013381 0.000127345 0.00012103 0.000114882 0.000108913 0.000103133 9.75507e-05 9.2171e-05 8.69978e-05 8.20332e-05 7.72778e-05 7.27308e-05 6.83903e-05 6.42535e-05 6.03167e-05 5.65755e-05 5.30251e-05 4.966e-05 4.64745e-05 4.34625e-05 4.06178e-05 3.79339e-05 3.54043e-05 3.30226e-05 3.07823e-05 2.86768e-05 2.66998e-05 2.48451e-05 2.31064e-05 2.14779e-05 1.99536e-05 1.85281e-05 1.71958e-05 1.59516e-05 1.47903e-05 1.37072e-05 1.26976e-05 1.17572e-05 1.08817e-05 1.0067e-05 9.30953e-06 8.60551e-06 7.95155e-06 7.34442e-06 6.78104e-06 6.25852e-06 5.77414e-06 5.32532e-06 4.90965e-06 4.52484e-06 4.16878e-06 3.83944e-06 3.53496e-06 3.25358e-06 2.99364e-06 2.75361e-06 2.53205e-06 2.32762e-06 2.13906e-06 1.9652e-06 1.80495e-06 1.65731e-06 1.52132e-06 1.39611e-06 1.28086e-06 1.17481e-06 1.07727e-06 9.87566e-07 9.05106e-07 8.29326e-07 7.59705e-07 6.9576e-07 6.37047e-07 5.83152e-07
0.000261771 0.000165442 0.00017827 0.000189061 0.000197935 0.000205018 0.00021044 0.000214329 0.000216814 0.000218023 0.000218079 0.000217099 0.000215198 0.000212482 0.000209054 0.00020501 0.000200437 0.000195419 0.000190032 0.000184346 0.000178425 0.000172326 0.000166103 0.000159802 0.000153466 0.000147132 0.000140834 0.0001346 0.000128455 0.000122421 0.000116516 0.000110756 0.000105153 9.97177e-05 9.4458e-05 8.93801e-05 8.4488e-05 7.97844e-05 7.52708e-05 7.0947e-05 6.68121e-05 6.2864e-05 5.91001e-05 5.55168e-05 5.21101e-05 4.88756e-05 4.58082e-05 4.29028e-05 4.0154e-05 3.75561e-05 3.51034e-05 3.27901e-05 3.06104e-05 2.85584e-05 2.66284e-05 2.48147e-05 2.31116e-05 2.15139e-05 2.00159e-05 1.86127e-05 1.72992e-05 1.60704e-05 1.49218e-05 1.38487e-05 1.28469e-05 1.19123e-05 1.10407e-05 1.02286e-05 9.47214e-06 8.76805e-06 8.11301e-06 7.50394e-06 6.9379e-06 6.41212e-06 5.92397e-06 5.47099e-06 5.05082e-06 4.66128e-06 4.3003e-06 3.96592e-06 3.65633e-06 3.3698e-06 3.10472e-06 2.85959e-06 2.63299e-06 2.42361e-06 2.23021e-06 2.05164e-06 1.88682e-06 1.73474e-06 1.59447e-06 1.46513e-06 1.34592e-06 1.23608e-06 1.1349e-06 1.04174e-06 9.55971e-07 8.77047e-07 8.04438e-07 7.37659e-07 6.76261e-07
0.000229726 0.000148379 0.000161262 0.000172315 0.000181623 0.000189282 0.000195392 0.000200057 0.000203386 0.000205483 0.000206456 0.000206409 0.00020544 0.000203649 0.000201127 0.000197963 0.000194238 0.000190032 0.000185417 0.000180459 0.000175222 0.000169763 0.000164132 0.000158379 0.000152545 0.00014667 0.000140787 0.000134927 0.000129117 0.000123381 0.000117739 0.000112208 0.000106803 0.000101537 9.64188e-05 9.14579e-05 8.666e-05 8.20297e-05 7.75703e-05 7.32835e-05 6.91701e-05 6.52295e-05 6.14607e-05 5.78616e-05 5.44294e-05 5.1161e-05 4.80524e-05 4.50997e-05 4.22983e-05 3.96435e-05 3.71303e-05 3.47537e-05 3.25086e-05 3.03897e-05 2.83918e-05 2.65097e-05 2.47381e-05 2.30721e-05 2.15066e-05 2.00366e-05 1.86574e-05 1.73644e-05 1.61529e-05 1.50187e-05 1.39575e-05 1.29654e-05 1.20382e-05 1.11725e-05 1.03644e-05 9.61078e-06 8.90821e-06 8.25364e-06 7.6441e-06 7.0768e-06 6.54908e-06 6.05843e-06 5.60247e-06 5.17894e-06 4.78572e-06 4.42081e-06 4.08232e-06 3.76848e-06 3.47761e-06 3.20814e-06 2.95861e-06 2.72763e-06 2.5139e-06 2.31621e-06 2.13343e-06 1.96449e-06 1.80841e-06 1.66425e-06 1.53116e-06 1.40832e-06 1.29498e-06 1.19044e-06 1.09406e-06 1.00521e-06 9.23345e-07 8.47932e-07 7.78485e-07
0.000201604 0.000133014 0.000145786 0.000156928 0.000166498 0.000174562 0.000181196 0.000186481 0.000190503 0.000193352 0.000195115 0.000195883 0.000195744 0.000194784 0.000193086 0.000190729 0.000187792 0.000184346 0.000180459 0.000176197 0.000171617 0.000166776 0.000161725 0.000156511 0.000151177 0.000145761 0.000140299 0.000134822 0.000129358 0.000123933 0.000118568 0.000113283 0.000108094 0.000103015 9.80585e-05 9.32341e-05 8.855e-05 8.40125e-05 7.96265e-05 7.53955e-05 7.13218e-05 6.74066e-05 6.36499e-05 6.00513e-05 5.66091e-05 5.33215e-05 5.01857e-05 4.71987e-05 4.4357e-05 4.16567e-05 3.90937e-05 3.66637e-05 3.43623e-05 3.21848e-05 3.01266e-05 2.8183e-05 2.63493e-05 2.46207e-05 2.29926e-05 2.14604e-05 2.00196e-05 1.86659e-05 1.73948e-05 1.62022e-05 1.5084e-05 1.40362e-05 1.30552e-05 1.21372e-05 1.12787e-05 1.04764e-05 9.72693e-06 9.02731e-06 8.37456e-06 7.76588e-06 7.19859e-06 6.67015e-06 6.17815e-06 5.72031e-06 5.29445e-06 4.89853e-06 4.53062e-06 4.18888e-06 3.8716e-06 3.57715e-06 3.30401e-06 3.05073e-06 2.81597e-06 2.59847e-06 2.39702e-06 2.21052e-06 2.03793e-06 1.87826e-06 1.73059e-06 1.59409e-06 1.46794e-06 1.3514e-06 1.24377e-06 1.14441e-06 1.05271e-06 9.6811e-07 8.90077e-07
0.000176924 0.000119188 0.000131716 0.000142808 0.000152496 0.00016082 0.000167835 0.000173601 0.000178186 0.00018166 0.000184097 0.000185574 0.000186165 0.000185947 0.000184993 0.000183375 0.000181163 0.000178425 0.000175222 0.000171617 0.000167665 0.00016342 0.000158931 0.000154245 0.000149402 0.000144443 0.000139403 0.000134313 0.000129203 0.000124099 0.000119023 0.000113997 0.000109039 0.000104163 9.93843e-05 9.47136e-05 9.01606e-05 8.57334e-05 8.14384e-05 7.72805e-05 7.32636e-05 6.93902e-05 6.56618e-05 6.20791e-05 5.8642e-05 5.53494e-05 5.21999e-05 4.91914e-05 4.63215e-05 4.3587e-05 4.09848e-05 3.85113e-05 3.61627e-05 3.39352e-05 3.18245e-05 2.98266e-05 2.79372e-05 2.6152e-05 2.44668e-05 2.28774e-05 2.13794e-05 1.99688e-05 1.86416e-05 1.73936e-05 1.62211e-05 1.51201e-05 1.40872e-05 1.31187e-05 1.22112e-05 1.13613e-05 1.05659e-05 9.822e-06 9.12659e-06 8.47691e-06 7.87028e-06 7.30414e-06 6.77608e-06 6.28378e-06 5.82506e-06 5.39782e-06 5.00011e-06 4.63004e-06 4.28586e-06 3.9659e-06 3.66859e-06 3.39243e-06 3.13604e-06 2.89809e-06 2.67735e-06 2.47265e-06 2.28291e-06 2.10708e-06 1.94423e-06 1.79343e-06 1.65386e-06 1.52471e-06 1.40526e-06 1.29481e-06 1.19272e-06 1.09839e-06 1.01125e-06
0.000155266 0.000106753 0.000118936 0.000129866 0.000139552 0.000148015 0.000155288 0.000161414 0.000166443 0.000170431 0.000173435 0.000175521 0.000176751 0.00017719 0.000176904 0.000175956 0.00017441 0.000172326 0.000169763 0.000166776 0.00016342 0.000159745 0.000155798 0.000151623 0.000147263 0.000142754 0.000138133 0.000133431 0.000128679 0.000123901 0.000119124 0.000114368 0.000109651 0.000104992 0.000100405 9.59029e-05 9.14965e-05 8.71952e-05 8.30069e-05 7.8938e-05 7.49934e-05 7.11772e-05 6.74922e-05 6.39401e-05 6.0522e-05 5.72381e-05 5.4088e-05 5.10705e-05 4.8184e-05 4.54266e-05 4.27956e-05 4.02885e-05 3.7902e-05 3.5633e-05 3.34778e-05 3.1433e-05 2.94947e-05 2.76591e-05 2.59225e-05 2.42809e-05 2.27304e-05 2.12672e-05 1.98876e-05 1.85876e-05 1.73638e-05 1.62123e-05 1.51298e-05 1.41127e-05 1.31579e-05 1.22619e-05 1.14219e-05 1.06346e-05 9.89738e-06 9.20731e-06 8.56178e-06 7.95826e-06 7.39431e-06 6.86762e-06 6.37598e-06 5.91729e-06 5.48955e-06 5.09087e-06 4.71944e-06 4.37357e-06 4.05164e-06 3.75212e-06 3.47359e-06 3.21466e-06 2.97407e-06 2.75061e-06 2.54314e-06 2.35059e-06 2.17196e-06 2.0063e-06 1.85273e-06 1.71042e-06 1.57859e-06 1.45651e-06 1.34349e-06 1.23891e-06 1.14216e-06
0.000136259 9.55768e-05 0.000107337 0.000118016 0.000127603 0.000136102 0.000143529 0.00014991 0.000155279 0.000159679 0.000163155 0.000165758 0.000167541 0.000168559 0.000168868 0.000168525 0.000167585 0.000166103 0.000164132 0.000161725 0.000158931 0.000155798 0.00015237 0.000148689 0.000144797 0.00014073 0.000136522 0.000132207 0.000127812 0.000123365 0.000118891 0.000114412 0.000109947 0.000105515 0.000101132 9.68105e-05 9.25638e-05 8.84021e-05 8.43346e-05 8.03687e-05 7.65109e-05 7.2766e-05 6.91382e-05 6.56305e-05 6.22448e-05 5.89825e-05 5.58442e-05 5.28296e-05 4.99381e-05 4.71685e-05 4.45192e-05 4.19881e-05 3.95729e-05 3.72709e-05 3.50793e-05 3.29949e-05 3.10147e-05 2.91352e-05 2.7353e-05 2.56646e-05 2.40665e-05 2.25553e-05 2.11273e-05 1.9779e-05 1.8507e-05 1.7308e-05 1.61784e-05 1.51151e-05 1.41149e-05 1.31747e-05 1.22914e-05 1.14621e-05 1.0684e-05 9.95438e-06 9.27063e-06 8.63024e-06 8.03077e-06 7.46994e-06 6.94551e-06 6.4554e-06 5.99758e-06 5.57013e-06 5.17125e-06 4.79919e-06 4.45232e-06 4.12907e-06 3.82798e-06 3.54764e-06 3.28674e-06 3.04403e-06 2.81833e-06 2.60854e-06 2.41362e-06 2.23257e-06 2.06448e-06 1.90848e-06 1.76375e-06 1.62953e-06 1.50509e-06 1.38976e-06 1.28292e-06
0.000119578 8.55369e-05 9.6819e-05 0.000107178 0.000116587 0.000125037 0.000132528 0.000139073 0.000144692 0.000149414 0.000153274 0.00015631 0.000158567 0.00016009 0.000160926 0.000161124 0.000160733 0.000159802 0.000158379 0.000156511 0.000154245 0.000151623 0.000148689 0.000145484 0.000142044 0.000138406 0.000134604 0.000130669 0.00012663 0.000122515 0.000118347 0.00011415 0.000109943 0.000105746 0.000101576 9.74457e-05 9.337e-05 8.93599e-05 8.54254e-05 8.15753e-05 7.78169e-05 7.41564e-05 7.05987e-05 6.71479e-05 6.38071e-05 6.05786e-05 5.74639e-05 5.44636e-05 5.15781e-05 4.8807e-05 4.61493e-05 4.36038e-05 4.11689e-05 3.88425e-05 3.66224e-05 3.4506e-05 3.24908e-05 3.05738e-05 2.87521e-05 2.70225e-05 2.5382e-05 2.38273e-05 2.23552e-05 2.09625e-05 1.9646e-05 1.84024e-05 1.72287e-05 1.61217e-05 1.50784e-05 1.40957e-05 1.31709e-05 1.2301e-05 1.14834e-05 1.07153e-05 9.99426e-06 9.31771e-06 8.6833e-06 8.08875e-06 7.53185e-06 7.0105e-06 6.52269e-06 6.0665e-06 5.64008e-06 5.24169e-06 4.86967e-06 4.52244e-06 4.19848e-06 3.89638e-06 3.61479e-06 3.35243e-06 3.10808e-06 2.88061e-06 2.66894e-06 2.47204e-06 2.28896e-06 2.1188e-06 1.96069e-06 1.81385e-06 1.67752e-06 1.55099e-06 1.43359e-06
0.00010494 7.65229e-05 8.72878e-05 9.7274e-05 0.000106444 0.000114774 0.000122255 0.000128884 0.000134673 0.000139639 0.000143804 0.000147199 0.000149857 0.000151816 0.000153114 0.000153793 0.000153896 0.000153466 0.000152545 0.000151177 0.000149402 0.000147263 0.000144797 0.000142044 0.000139039 0.000135816 0.000132409 0.000128847 0.00012516 0.000121374 0.000117513 0.0001136 0.000109656 0.0001057 0.000101749 9.78194e-05 9.3924e-05 9.00754e-05 8.62848e-05 8.25615e-05 7.8914e-05 7.53493e-05 7.18734e-05 6.84913e-05 6.5207e-05 6.20237e-05 5.89436e-05 5.59686e-05 5.30996e-05 5.03369e-05 4.76806e-05 4.513e-05 4.26842e-05 4.03418e-05 3.81011e-05 3.59603e-05 3.39171e-05 3.19692e-05 3.0114e-05 2.83489e-05 2.66712e-05 2.50779e-05 2.35662e-05 2.21331e-05 2.07757e-05 1.94911e-05 1.82762e-05 1.71283e-05 1.60443e-05 1.50215e-05 1.40571e-05 1.31483e-05 1.22926e-05 1.14873e-05 1.073e-05 1.00182e-05 9.34963e-06 8.72197e-06 8.13307e-06 7.58085e-06 7.0633e-06 6.57851e-06 6.12462e-06 5.69989e-06 5.30264e-06 4.93127e-06 4.58426e-06 4.26016e-06 3.9576e-06 3.67526e-06 3.41192e-06 3.16639e-06 2.93758e-06 2.72443e-06 2.52594e-06 2.34118e-06 2.16928e-06 2.00938e-06 1.86072e-06 1.72256e-06 1.59419e-06
9.20937e-05 6.8434e-05 7.86569e-05 8.82328e-05 9.71146e-05 0.000105269 0.000112676 0.000119324 0.000125214 0.000130352 0.000134753 0.000138438 0.000141431 0.000143762 0.000145462 0.000146566 0.00014711 0.000147132 0.00014667 0.000145761 0.000144443 0.000142754 0.00014073 0.000138406 0.000135816 0.000132993 0.000129968 0.000126771 0.000123428 0.000119967 0.000116411 0.000112783 0.000109104 0.000105393 0.000101667 9.79432e-05 9.42355e-05 9.05569e-05 8.69191e-05 8.33323e-05 7.98057e-05 7.63473e-05 7.29637e-05 6.96608e-05 6.64436e-05 6.33159e-05 6.0281e-05 5.73414e-05 5.44988e-05 5.17543e-05 4.91087e-05 4.6562e-05 4.41139e-05 4.17637e-05 3.95103e-05 3.73523e-05 3.52881e-05 3.33158e-05 3.14334e-05 2.96385e-05 2.79289e-05 2.6302e-05 2.47552e-05 2.3286e-05 2.18917e-05 2.05695e-05 1.93168e-05 1.81308e-05 1.70088e-05 1.59482e-05 1.49463e-05 1.40006e-05 1.31085e-05 1.22675e-05 1.14752e-05 1.07293e-05 1.00274e-05 9.36743e-06 8.74719e-06 8.16461e-06 7.61773e-06 7.10462e-06 6.62347e-06 6.17251e-06 5.75007e-06 5.35454e-06 4.98438e-06 4.63814e-06 4.31441e-06 4.01187e-06 3.72927e-06 3.4654e-06 3.21912e-06 2.98937e-06 2.77512e-06 2.5754e-06 2.38931e-06 2.21598e-06 2.0546e-06 1.9044e-06 1.76466e-06
8.08199e-05 6.11787e-05 7.08467e-05 7.99861e-05 8.85431e-05 9.64767e-05 0.000103758 0.000110369 0.0001163 0.000121549 0.000126124 0.000130037 0.000133304 0.000135948 0.000137994 0.00013947 0.000140406 0.000140834 0.000140787 0.000140299 0.000139403 0.000138133 0.000136522 0.000134604 0.000132409 0.000129968 0.000127312 0.000124467 0.00012146 0.000118318 0.000115063 0.000111718 0.000108304 0.000104839 0.000101342 9.78295e-05 9.43153e-05 9.08133e-05 8.73358e-05 8.38937e-05 8.04967e-05 7.71535e-05 7.38716e-05 7.06576e-05 6.75171e-05 6.44548e-05 6.14747e-05 5.85799e-05 5.57731e-05 5.3056e-05 5.04299e-05 4.78957e-05 4.54536e-05 4.31036e-05 4.0845e-05 3.86772e-05 3.65989e-05 3.46087e-05 3.27051e-05 3.08863e-05 2.91502e-05 2.74947e-05 2.59176e-05 2.44167e-05 2.29894e-05 2.16334e-05 2.03462e-05 1.91252e-05 1.79681e-05 1.68722e-05 1.58352e-05 1.48546e-05 1.39279e-05 1.30529e-05 1.22271e-05 1.14483e-05 1.07143e-05 1.00229e-05 9.37212e-06 8.75986e-06 8.18419e-06 7.64322e-06 7.13514e-06 6.6582e-06 6.21073e-06 5.79112e-06 5.39784e-06 5.0294e-06 4.68442e-06 4.36154e-06 4.05949e-06 3.77705e-06 3.51307e-06 3.26644e-06 3.03613e-06 2.82113e-06 2.62053e-06 2.43342e-06 2.25897e-06 2.09639e-06 1.94492e-06
7.09262e-05 5.46742e-05 6.37836e-05 7.24704e-05 8.06759e-05 8.83534e-05 9.54677e-05 0.000101993 0.000107914 0.000113222 0.000117916 0.000122001 0.000125488 0.000128392 0.000130732 0.000132529 0.00013381 0.0001346 0.000134927 0.000134822 0.000134313 0.000133431 0.000132207 0.000130669 0.000128847 0.000126771 0.000124467 0.000121962 0.000119281 0.00011645 0.000113491 0.000110426 0.000107275 0.000104057 0.00010079 9.74912e-05 9.41746e-05 9.08544e-05 8.75433e-05 8.42525e-05 8.09925e-05 7.77724e-05 7.46004e-05 7.14838e-05 6.84287e-05 6.54406e-05 6.25241e-05 5.96831e-05 5.69207e-05 5.42395e-05 5.16415e-05 4.91279e-05 4.66998e-05 4.43576e-05 4.21013e-05 3.99306e-05 3.7845e-05 3.58434e-05 3.39248e-05 3.20877e-05 3.03305e-05 2.86516e-05 2.7049e-05 2.55206e-05 2.40646e-05 2.26786e-05 2.13604e-05 2.01078e-05 1.89184e-05 1.77901e-05 1.67204e-05 1.57071e-05 1.47479e-05 1.38406e-05 1.29829e-05 1.21727e-05 1.14078e-05 1.06862e-05 1.00058e-05 9.36464e-06 8.76087e-06 8.19261e-06 7.65806e-06 7.15551e-06 6.68329e-06 6.23981e-06 5.82352e-06 5.43296e-06 5.06672e-06 4.72345e-06 4.40185e-06 4.10071e-06 3.81884e-06 3.55514e-06 3.30853e-06 3.078e-06 2.86261e-06 2.66143e-06 2.47361e-06 2.29833e-06 2.13481e-06
6.22437e-05 4.88454e-05 5.74001e-05 6.56263e-05 7.34622e-05 8.0857e-05 8.77706e-05 9.41723e-05 0.00010004 0.00010536 0.000110125 0.000114333 0.00011799 0.000121105 0.000123691 0.000125764 0.000127345 0.000128455 0.000129117 0.000129358 0.000129203 0.000128679 0.000127812 0.00012663 0.00012516 0.000123428 0.00012146 0.000119281 0.000116916 0.000114387 0.000111716 0.000108926 0.000106035 0.000103062 0.000100026 9.69419e-05 9.38255e-05 9.06907e-05 8.75505e-05 8.44165e-05 8.12996e-05 7.82092e-05 7.51543e-05 7.21424e-05 6.91805e-05 6.62745e-05 6.34297e-05 6.06505e-05 5.79407e-05 5.53035e-05 5.27413e-05 5.02562e-05 4.78496e-05 4.55225e-05 4.32756e-05 4.1109e-05 3.90226e-05 3.70159e-05 3.50882e-05 3.32386e-05 3.14658e-05 2.97684e-05 2.8145e-05 2.65939e-05 2.51132e-05 2.37011e-05 2.23556e-05 2.10747e-05 1.98562e-05 1.86982e-05 1.75985e-05 1.65549e-05 1.55654e-05 1.46277e-05 1.37399e-05 1.28998e-05 1.21055e-05 1.13548e-05 1.0646e-05 9.97692e-06 9.34588e-06 8.75103e-06 8.19062e-06 7.66295e-06 7.16638e-06 6.69933e-06 6.26027e-06 5.84775e-06 5.46035e-06 5.09672e-06 4.75557e-06 4.43567e-06 4.13581e-06 3.85489e-06 3.59182e-06 3.34557e-06 3.11517e-06 2.89969e-06 2.69824e-06 2.50999e-06 2.33414e-06
5.46241e-05 4.36244e-05 5.16342e-05 5.93985e-05 6.68537e-05 7.39465e-05 8.06333e-05 8.68792e-05 9.26578e-05 9.79499e-05 0.000102743 0.000107032 0.000110815 0.000114096 0.000116884 0.000119191 0.00012103 0.000122421 0.000123381 0.000123933 0.000124099 0.000123901 0.000123365 0.000122515 0.000121374 0.000119967 0.000118318 0.00011645 0.000114387 0.000112149 0.000109759 0.000107237 0.000104602 0.000101872 9.9064e-05 9.61951e-05 9.32802e-05 9.03331e-05 8.73671e-05 8.4394e-05 8.14249e-05 7.84699e-05 7.5538e-05 7.26373e-05 6.97753e-05 6.69585e-05 6.41926e-05 6.14826e-05 5.88328e-05 5.62469e-05 5.3728e-05 5.12786e-05 4.89007e-05 4.65959e-05 4.43651e-05 4.22092e-05 4.01284e-05 3.81227e-05 3.61918e-05 3.43352e-05 3.25521e-05 3.08414e-05 2.9202e-05 2.76326e-05 2.61315e-05 2.46973e-05 2.33281e-05 2.20224e-05 2.07781e-05 1.95934e-05 1.84663e-05 1.7395e-05 1.63773e-05 1.54115e-05 1.44955e-05 1.36272e-05 1.2805e-05 1.20267e-05 1.12905e-05 1.05947e-05 9.93731e-06 9.31671e-06 8.73114e-06 8.17896e-06 7.65855e-06 7.16835e-06 6.70686e-06 6.27264e-06 5.86427e-06 5.48042e-06 5.11979e-06 4.78114e-06 4.46328e-06 4.16507e-06 3.88544e-06 3.62333e-06 3.37776e-06 3.14779e-06 2.93251e-06 2.73106e-06 2.54265e-06
4.79372e-05 3.89497e-05 4.6429e-05 5.37354e-05 6.08049e-05 6.75826e-05 7.40228e-05 8.00875e-05 8.57468e-05 9.09776e-05 9.57635e-05 0.000100094 0.000103963 0.000107371 0.000110322 0.000112822 0.000114882 0.000116516 0.000117739 0.000118568 0.000119023 0.000119124 0.000118891 0.000118347 0.000117513 0.000116411 0.000115063 0.000113491 0.000111716 0.000109759 0.00010764 0.000105379 0.000102993 0.000100501 9.79198e-05 9.52648e-05 9.25511e-05 8.97929e-05 8.70031e-05 8.41938e-05 8.13764e-05 7.8561e-05 7.5757e-05 7.29731e-05 7.02169e-05 6.74955e-05 6.48149e-05 6.21807e-05 5.95976e-05 5.70699e-05 5.46011e-05 5.21942e-05 4.98517e-05 4.75756e-05 4.53675e-05 4.32285e-05 4.11594e-05 3.91607e-05 3.72323e-05 3.53743e-05 3.35861e-05 3.18671e-05 3.02164e-05 2.86331e-05 2.7116e-05 2.56636e-05 2.42746e-05 2.29475e-05 2.16806e-05 2.04722e-05 1.93207e-05 1.82242e-05 1.71809e-05 1.61891e-05 1.52468e-05 1.43523e-05 1.35037e-05 1.26993e-05 1.19373e-05 1.12158e-05 1.05332e-05 9.8878e-06 9.27792e-06 8.70194e-06 8.15831e-06 7.64549e-06 7.16201e-06 6.70644e-06 6.27739e-06 5.87353e-06 5.49358e-06 5.13629e-06 4.80047e-06 4.485e-06 4.18876e-06 3.91073e-06 3.64989e-06 3.4053e-06 3.17603e-06 2.96122e-06 2.76005e-06
4.20689e-05 3.47657e-05 4.17326e-05 4.85894e-05 5.52729e-05 6.17279e-05 6.79071e-05 7.37708e-05 7.92862e-05 8.44274e-05 8.91745e-05 9.35131e-05 9.74341e-05 0.000100933 0.00010401 0.000106667 0.000108913 0.000110756 0.000112208 0.000113283 0.000113997 0.000114368 0.000114412 0.00011415 0.0001136 0.000112783 0.000111718 0.000110426 0.000108926 0.000107237 0.000105379 0.00010337 0.000101227 9.89677e-05 9.66085e-05 9.41648e-05 9.16512e-05 8.90815e-05 8.64688e-05 8.38252e-05 8.1162e-05 7.84896e-05 7.58176e-05 7.31549e-05 7.05095e-05 6.78887e-05 6.52991e-05 6.27466e-05 6.02363e-05 5.77729e-05 5.53604e-05 5.30023e-05 5.07014e-05 4.84604e-05 4.6281e-05 4.4165e-05 4.21135e-05 4.01273e-05 3.8207e-05 3.63529e-05 3.45647e-05 3.28423e-05 3.11851e-05 2.95924e-05 2.80633e-05 2.65968e-05 2.51918e-05 2.38468e-05 2.25606e-05 2.13318e-05 2.01586e-05 1.90397e-05 1.79732e-05 1.69577e-05 1.59914e-05 1.50725e-05 1.41995e-05 1.33705e-05 1.2584e-05 1.18383e-05 1.11316e-05 1.04625e-05 9.82921e-06 9.23027e-06 8.66414e-06 8.12933e-06 7.6244e-06 7.14793e-06 6.69858e-06 6.27502e-06 5.87597e-06 5.50022e-06 5.14658e-06 4.81391e-06 4.50112e-06 4.20715e-06 3.931e-06 3.67172e-06 3.42836e-06 3.20007e-06 2.98599e-06
3.6919e-05 3.10224e-05 3.74973e-05 4.39164e-05 5.02177e-05 5.63465e-05 6.22551e-05 6.79027e-05 7.32547e-05 7.82829e-05 8.29645e-05 8.72825e-05 9.12243e-05 9.47823e-05 9.79525e-05 0.000100735 0.000103133 0.000105153 0.000106803 0.000108094 0.000109039 0.000109651 0.000109947 0.000109943 0.000109656 0.000109104 0.000108304 0.000107275 0.000106035 0.000104602 0.000102993 0.000101227 9.93192e-05 9.72866e-05 9.51449e-05 9.29089e-05 9.0593e-05 8.82108e-05 8.5775e-05 8.32978e-05 8.07904e-05 7.82633e-05 7.57263e-05 7.31884e-05 7.06579e-05 6.81423e-05 6.56485e-05 6.31828e-05 6.07507e-05 5.83572e-05 5.60067e-05 5.37031e-05 5.14497e-05 4.92493e-05 4.71045e-05 4.5017e-05 4.29887e-05 4.10206e-05 3.91136e-05 3.72684e-05 3.54853e-05 3.37642e-05 3.2105e-05 3.05074e-05 2.89706e-05 2.7494e-05 2.60766e-05 2.47174e-05 2.34153e-05 2.21691e-05 2.09773e-05 1.98386e-05 1.87516e-05 1.77148e-05 1.67266e-05 1.57854e-05 1.48898e-05 1.4038e-05 1.32287e-05 1.246e-05 1.17306e-05 1.10389e-05 1.03833e-05 9.7623e-06 9.17449e-06 8.61841e-06 8.09265e-06 7.59584e-06 7.12664e-06 6.68377e-06 6.26596e-06 5.87201e-06 5.50075e-06 5.15103e-06 4.82178e-06 4.51194e-06 4.2205e-06 3.94651e-06 3.68902e-06 3.44716e-06 3.22008e-06
