0.92858 0.0168331 0.0084696 0.00433591 0.00225531 0.00118998 0.000635782 0.000343334 0.000187052 0.000102631 5.6617e-05 3.1356e-05 1.74113e-05 9.68258e-06 5.38756e-06 2.99708e-06 1.66586e-06 9.24698e-07 5.1241e-07 2.83378e-07 1.56371e-07 8.60845e-08 4.72747e-08 2.58966e-08 1.41498e-08 7.7111e-09 4.19027e-09 2.26845e-09 1.21926e-09 6.42411e-10 3.45833e-10
0.0168331 0.000552189 0.000281192 0.000145383 7.60543e-05 4.01255e-05 2.12899e-05 1.13339e-05 6.04294e-06 3.22248e-06 1.71702e-06 9.1349e-07 4.85035e-07 2.56953e-07 1.35792e-07 7.15813e-08 3.76376e-08 1.97403e-08 1.03282e-08 5.39092e-09 2.80745e-09 1.45885e-09 7.56478e-10 3.91448e-10 2.02098e-10 1.04005e-10 5.31632e-11 2.66476e-11 1.24821e-11 4.33547e-12 2.17615e-12
0.0084696 0.000281192 0.000142657 7.34429e-05 3.82484e-05 2.00899e-05 1.06142e-05 5.62837e-06 2.99016e-06 1.58942e-06 8.44461e-07 4.48131e-07 2.3741e-07 1.25522e-07 6.62189e-08 3.48527e-08 1.83005e-08 9.5867e-09 5.01035e-09 2.61269e-09 1.35943e-09 7.0584e-10 3.65709e-10 1.89041e-10 9.73986e-11 4.9838e-11 2.50028e-11 1.17237e-11 4.09751e-12 2.04237e-12 1.02583e-12
0.00433591 0.000145383 7.34429e-05 3.76236e-05 1.94912e-05 1.01837e-05 5.35302e-06 2.82497e-06 1.49422e-06 7.91093e-07 4.18806e-07 2.2154e-07 1.17034e-07 6.1722e-08 3.24886e-08 1.70656e-08 8.94509e-09 4.67851e-09 2.44173e-09 1.27165e-09 6.60898e-10 3.4276e-10 1.77352e-10 9.14612e-11 4.68388e-11 2.35125e-11 1.10298e-11 3.8686e-12 1.932e-12 9.6338e-13 4.84204e-13
0.00225531 7.60543e-05 3.82484e-05 1.94912e-05 1.00404e-05 5.21565e-06 2.72615e-06 1.431e-06 7.53144e-07 3.96928e-07 2.0927e-07 1.10289e-07 5.80702e-08 3.05347e-08 1.60301e-08 8.40045e-09 4.39389e-09 2.29379e-09 1.19511e-09 6.21448e-10 3.22497e-10 1.66976e-10 8.61671e-11 4.41532e-11 2.21727e-11 1.04029e-11 3.65882e-12 1.82577e-12 9.12235e-13 4.55066e-13 2.28875e-13
0.00118998 4.01255e-05 2.00899e-05 1.01837e-05 5.21565e-06 2.69326e-06 1.39945e-06 7.30444e-07 3.82398e-07 2.00545e-07 1.05257e-07 5.5247e-08 2.89821e-08 1.51891e-08 7.9503e-09 4.15521e-09 2.16821e-09 1.12945e-09 5.8731e-10 3.04828e-10 1.57869e-10 8.14924e-11 4.17694e-11 2.09779e-11 9.84144e-12 3.46981e-12 1.72862e-12 8.6298e-13 4.31391e-13 2.15286e-13 1.08351e-13
0.000635782 2.12899e-05 1.06142e-05 5.35302e-06 2.72615e-06 1.39945e-06 7.22888e-07 3.75149e-07 1.95326e-07 1.01915e-07 5.32394e-08 2.78237e-08 1.45389e-08 7.5926e-09 3.96139e-09 2.06441e-09 1.0744e-09 5.58331e-10 2.89673e-10 1.49987e-10 7.74161e-11 3.96769e-11 1.99229e-11 9.34307e-12 3.30129e-12 1.64139e-12 8.18046e-13 4.08578e-13 2.0434e-13 1.02018e-13 5.13793e-14
0.000343334 1.13339e-05 5.62837e-06 2.82497e-06 1.431e-06 7.30444e-07 3.75149e-07 1.93589e-07 1.00248e-07 5.20385e-08 2.70544e-08 1.40766e-08 7.32574e-09 3.81153e-09 1.98194e-09 1.02969e-09 5.34379e-10 2.76963e-10 1.43297e-10 7.39197e-11 3.78661e-11 1.9003e-11 8.90563e-12 3.15261e-12 1.56397e-12 7.77854e-13 3.87823e-13 1.93788e-13 9.69645e-14 4.84299e-14 2.44068e-14
0.000187052 6.04294e-06 2.99016e-06 1.49422e-06 7.53144e-07 3.82398e-07 1.95326e-07 1.00248e-07 5.16388e-08 2.66706e-08 1.38001e-08 7.1485e-09 3.70498e-09 1.92041e-09 9.9512e-10 5.15347e-10 2.66642e-10 1.37767e-10 7.09875e-11 3.63289e-11 1.82139e-11 8.52713e-12 3.02307e-12 1.49606e-12 7.42363e-13 3.69339e-13 1.84217e-13 9.20903e-14 4.61003e-14 2.30344e-14 1.1616e-14
0.000102631 3.22248e-06 1.58942e-06 7.91093e-07 3.96928e-07 2.00545e-07 1.01915e-07 5.20385e-08 2.66706e-08 1.3708e-08 7.06008e-09 3.64124e-09 1.87954e-09 9.70541e-10 5.01147e-10 2.58663e-10 1.33373e-10 6.86063e-11 3.50583e-11 1.75522e-11 8.20586e-12 2.91205e-12 1.43734e-12 7.11434e-13 3.5311e-13 1.75735e-13 8.76851e-14 4.38527e-14 2.19626e-14 1.09781e-14 5.53959e-15
5.6617e-05 1.71702e-06 8.44461e-07 4.18806e-07 2.0927e-07 1.05257e-07 5.32394e-08 2.70544e-08 1.38001e-08 7.06008e-09 3.62002e-09 1.85915e-09 9.55838e-10 4.91716e-10 2.52988e-10 1.30094e-10 6.67653e-11 3.40487e-11 1.70148e-11 7.94034e-12 2.81901e-12 1.38752e-12 6.84927e-13 3.39075e-13 1.68336e-13 8.38022e-14 4.18295e-14 2.09283e-14 1.0486e-14 5.24341e-15 2.64743e-15
3.1356e-05 9.1349e-07 4.48131e-07 2.2154e-07 1.10289e-07 5.5247e-08 2.78237e-08 1.40766e-08 7.1485e-09 3.64124e-09 1.85915e-09 9.50944e-10 4.87011e-10 2.49594e-10 1.27917e-10 6.54561e-11 3.32954e-11 1.65994e-11 7.72936e-12 2.74349e-12 1.34638e-12 6.62712e-13 3.27168e-13 1.61993e-13 8.04407e-14 4.00573e-14 2.00014e-14 1.00111e-14 5.01807e-15 2.51011e-15 1.26809e-15
1.74113e-05 4.85035e-07 2.3741e-07 1.17034e-07 5.80702e-08 2.89821e-08 1.45389e-08 7.32574e-09 3.70498e-09 1.87954e-09 9.55838e-10 4.87011e-10 2.48465e-10 1.26831e-10 6.4673e-11 3.27951e-11 1.63039e-11 7.57197e-12 2.68514e-12 1.3137e-12 6.44683e-13 3.17334e-13 1.56677e-13 7.75884e-14 3.85365e-14 1.91954e-14 9.58772e-15 4.8006e-15 2.40724e-15 1.20453e-15 6.08836e-16
9.68258e-06 2.56953e-07 1.25522e-07 6.1722e-08 3.05347e-08 1.51891e-08 7.5926e-09 3.81153e-09 1.92041e-09 9.70541e-10 4.91716e-10 2.49594e-10 1.26831e-10 6.44124e-11 3.25455e-11 1.61272e-11 7.46744e-12 2.64366e-12 1.28933e-12 6.30751e-13 3.09524e-13 1.52362e-13 7.52323e-14 3.72615e-14 1.85107e-14 9.22266e-15 4.60791e-15 2.30796e-15 1.15772e-15 5.7947e-16 2.93037e-16
5.38756e-06 1.35792e-07 6.62189e-08 3.24886e-08 1.60301e-08 7.9503e-09 3.96139e-09 1.98194e-09 9.9512e-10 5.01147e-10 2.52988e-10 1.27917e-10 6.4673e-11 3.25455e-11 1.60684e-11 7.41529e-12 2.61885e-12 1.27315e-12 6.20847e-13 3.03699e-13 1.49028e-13 7.33611e-14 3.62266e-14 1.79449e-14 8.91623e-15 4.44338e-15 2.22063e-15 1.11258e-15 5.58266e-16 2.795e-16 1.41402e-16
2.99708e-06 7.15813e-08 3.48527e-08 1.70656e-08 8.40045e-09 4.15521e-09 2.06441e-09 1.02969e-09 5.15347e-10 2.58663e-10 1.30094e-10 6.54561e-11 3.27951e-11 1.61272e-11 7.41529e-12 2.6106e-12 1.26508e-12 6.14925e-13 2.99832e-13 1.46659e-13 7.19656e-14 3.54269e-14 1.74955e-14 8.66743e-15 4.30724e-15 2.14692e-15 1.07319e-15 5.37827e-16 2.69942e-16 1.35179e-16 6.84132e-17
1.66586e-06 3.76376e-08 1.83005e-08 8.94509e-09 4.39389e-09 2.16821e-09 1.0744e-09 5.34379e-10 2.66642e-10 1.33373e-10 6.67653e-11 3.32954e-11 1.63039e-11 7.46744e-12 2.61885e-12 1.26508e-12 6.12954e-13 2.97903e-13 1.45241e-13 7.10391e-14 3.48585e-14 1.71604e-14 8.47515e-15 4.19907e-15 2.08698e-15 1.04041e-15 5.20173e-16 2.60738e-16 1.30896e-16 6.55611e-17 3.31899e-17
9.24698e-07 1.97403e-08 9.5867e-09 4.67851e-09 2.29379e-09 1.12945e-09 5.58331e-10 2.76963e-10 1.37767e-10 6.86063e-11 3.40487e-11 1.65994e-11 7.57197e-12 2.64366e-12 1.27315e-12 6.14925e-13 2.97903e-13 1.4477e-13 7.0577e-14 3.45186e-14 1.69379e-14 8.33848e-15 4.11839e-15 2.04063e-15 1.01432e-15 5.05724e-16 2.52883e-16 1.26779e-16 6.36566e-17 3.18876e-17 1.61466e-17
5.1241e-07 1.03282e-08 5.01035e-09 2.44173e-09 1.19511e-09 5.8731e-10 2.89673e-10 1.43297e-10 7.09875e-11 3.50583e-11 1.70148e-11 7.72936e-12 2.68514e-12 1.28933e-12 6.20847e-13 2.99832e-13 1.45241e-13 7.0577e-14 3.44055e-14 1.68269e-14 8.25674e-15 4.06482e-15 2.00769e-15 9.94848e-16 4.94533e-16 2.46588e-16 1.23316e-16 6.18295e-17 3.10485e-17 1.55546e-17 7.87739e-18
2.83378e-07 5.39092e-09 2.61269e-09 1.27165e-09 6.21448e-10 3.04828e-10 1.49987e-10 7.39197e-11 3.63289e-11 1.75522e-11 7.94034e-12 2.74349e-12 1.3137e-12 6.30751e-13 3.03699e-13 1.46659e-13 7.10391e-14 3.45186e-14 1.68269e-14 8.22954e-15 4.0381e-15 1.98799e-15 9.81919e-16 4.86572e-16 2.41881e-16 1.20614e-16 6.03208e-17 3.02458e-17 1.51892e-17 7.60974e-18 3.85413e-18
1.56371e-07 2.80745e-09 1.35943e-09 6.60898e-10 3.22497e-10 1.57869e-10 7.74161e-11 3.78661e-11 1.82139e-11 8.20586e-12 2.81901e-12 1.34638e-12 6.44683e-13 3.09524e-13 1.49028e-13 7.19656e-14 3.48585e-14 1.69379e-14 8.25674e-15 4.0381e-15 1.98143e-15 9.7547e-16 4.81811e-16 2.38753e-16 1.18687e-16 5.91831e-17 2.95984e-17 1.48411e-17 7.45301e-18 3.73391e-18 1.89112e-18
8.60845e-08 1.45885e-09 7.0584e-10 3.4276e-10 1.66976e-10 8.14924e-11 3.96769e-11 1.9003e-11 8.52713e-12 2.91205e-12 1.38752e-12 6.62712e-13 3.17334e-13 1.52362e-13 7.33611e-14 3.54269e-14 1.71604e-14 8.33848e-15 4.06482e-15 1.98799e-15 9.7547e-16 4.80226e-16 2.37192e-16 1.17533e-16 5.84251e-17 2.91324e-17 1.45688e-17 7.30459e-18 3.66804e-18 1.83756e-18 9.30592e-19
4.72747e-08 7.56478e-10 3.65709e-10 1.77352e-10 8.61671e-11 4.17694e-11 1.99229e-11 8.90563e-12 3.02307e-12 1.43734e-12 6.84927e-13 3.27168e-13 1.56677e-13 7.52323e-14 3.62266e-14 1.74955e-14 8.47515e-15 4.11839e-15 2.00769e-15 9.81919e-16 4.81811e-16 2.37192e-16 1.17149e-16 5.80467e-17 2.88527e-17 1.43855e-17 7.19329e-18 3.60619e-18 1.81065e-18 9.06968e-19 4.59242e-19
2.58966e-08 3.91448e-10 1.89041e-10 9.14612e-11 4.41532e-11 2.09779e-11 9.34307e-12 3.15261e-12 1.49606e-12 7.11434e-13 3.39075e-13 1.61993e-13 7.75884e-14 3.72615e-14 1.79449e-14 8.66743e-15 4.19907e-15 2.04063e-15 9.94848e-16 4.86572e-16 2.38753e-16 1.17533e-16 5.80467e-17 2.87595e-17 1.42936e-17 7.12566e-18 3.56256e-18 1.7857e-18 8.96429e-19 4.48956e-19 2.27274e-19
1.41498e-08 2.02098e-10 9.73986e-11 4.68388e-11 2.21727e-11 9.84144e-12 3.30129e-12 1.56397e-12 7.42363e-13 3.5311e-13 1.68336e-13 8.04407e-14 3.85365e-14 1.85107e-14 8.91623e-15 4.30724e-15 2.08698e-15 1.01432e-15 4.94533e-16 2.41881e-16 1.18687e-16 5.84251e-17 2.88527e-17 1.42936e-17 7.10305e-18 3.5404e-18 1.76971e-18 8.86855e-19 4.45098e-19 2.22871e-19 1.12788e-19
7.7111e-09 1.04005e-10 4.9838e-11 2.35125e-11 1.04029e-11 3.46981e-12 1.64139e-12 7.77854e-13 3.69339e-13 1.75735e-13 8.38022e-14 4.00573e-14 1.91954e-14 9.22266e-15 4.44338e-15 2.14692e-15 1.04041e-15 5.05724e-16 2.46588e-16 1.20614e-16 5.91831e-17 2.91324e-17 1.43855e-17 7.12566e-18 3.5404e-18 1.76429e-18 8.81684e-19 4.41716e-19 2.21626e-19 1.10945e-19 5.61247e-20
4.19027e-09 5.31632e-11 2.50028e-11 1.10298e-11 3.65882e-12 1.72862e-12 8.18046e-13 3.87823e-13 1.84217e-13 8.76851e-14 4.18295e-14 2.00014e-14 9.58772e-15 4.60791e-15 2.22063e-15 1.07319e-15 5.20173e-16 2.52883e-16 1.23316e-16 6.03208e-17 2.95984e-17 1.45688e-17 7.19329e-18 3.56256e-18 1.76971e-18 8.81684e-19 4.40486e-19 2.20609e-19 1.10651e-19 5.5375e-20 2.80005e-20
2.26845e-09 2.66476e-11 1.17237e-11 3.8686e-12 1.82577e-12 8.6298e-13 4.08578e-13 1.93788e-13 9.20903e-14 4.38527e-14 2.09283e-14 1.00111e-14 4.8006e-15 2.30796e-15 1.11258e-15 5.37827e-16 2.60738e-16 1.26779e-16 6.18295e-17 3.02458e-17 1.48411e-17 7.30459e-18 3.60619e-18 1.7857e-18 8.86855e-19 4.41716e-19 2.20609e-19 1.10448e-19 5.53766e-20 2.77039e-20 1.40016e-20
1.21926e-09 1.24821e-11 4.09751e-12 1.932e-12 9.12235e-13 4.31391e-13 2.0434e-13 9.69645e-14 4.61003e-14 2.19626e-14 1.0486e-14 5.01807e-15 2.40724e-15 1.15772e-15 5.58266e-16 2.69942e-16 1.30896e-16 6.36566e-17 3.10485e-17 1.51892e-17 7.45301e-18 3.66804e-18 1.81065e-18 8.96429e-19 4.45098e-19 2.21626e-19 1.10651e-19 5.53766e-20 2.77538e-20 1.38799e-20 7.01126e-21
6.42411e-10 4.33547e-12 2.04237e-12 9.6338e-13 4.55066e-13 2.15286e-13 1.02018e-13 4.84299e-14 2.30344e-14 1.09781e-14 5.24341e-15 2.51011e-15 1.20453e-15 5.7947e-16 2.795e-16 1.35179e-16 6.55611e-17 3.18876e-17 1.55546e-17 7.60974e-18 3.73391e-18 1.83756e-18 9.06968e-19 4.48956e-19 2.22871e-19 1.10945e-19 5.5375e-20 2.77039e-20 1.38799e-20 6.93934e-21 3.50372e-21
3.45833e-10 2.17615e-12 1.02583e-12 4.84204e-13 2.28875e-13 1.08351e-13 5.13793e-14 2.44068e-14 1.1616e-14 5.53959e-15 2.64743e-15 1.26809e-15 6.08836e-16 2.93037e-16 1.41402e-16 6.84132e-17 3.31899e-17 1.61466e-17 7.87739e-18 3.85413e-18 1.89112e-18 9.30592e-19 4.59242e-19 2.27274e-19 1.12788e-19 5.61247e-20 2.80005e-20 1.40016e-20 7.01126e-21 3.50372e-21 1.76782e-21
