0.962304 0.00124608 0.00114639 0.00105468 0.000970309 0.000892684 0.000821269 0.000755568 0.000695122 0.000639512 0.000588351 0.000541283 0.000497981 0.000458142 0.000421491 0.000387772 0.00035675 0.00032821 0.000301953 0.000277797 0.000255573 0.000235127 0.000216317 0.000199012 0.000183091 0.000168443 0.000154968 0.000142571 0.000131165 0.000120672 0.000111018 0.000102137 9.39656e-05 8.64484e-05 7.95325e-05 7.31699e-05 6.73163e-05 6.1931e-05 5.69765e-05 5.24184e-05 4.82249e-05 4.43669e-05 4.08176e-05 3.75522e-05 3.4548e-05 3.17842e-05 2.92414e-05 2.69021e-05 2.47499e-05 2.27699e-05 2.09484e-05 1.92725e-05 1.77307e-05 1.63122e-05 1.50073e-05 1.38067e-05 1.27021e-05 1.1686e-05 1.07511e-05 9.891e-06 9.09972e-06 8.37175e-06 7.70201e-06 7.08585e-06 6.51898e-06 5.99746e-06 5.51766e-06 5.07625e-06 4.67015e-06 4.29654e-06 3.95281e-06 3.63659e-06 3.34566e-06 3.07801e-06 2.83177e-06 2.60523e-06 2.39681e-06 2.20506e-06 2.02866e-06 1.86637e-06 1.71706e-06 1.57969e-06 1.45332e-06 1.33705e-06 1.23009e-06 1.13168e-06 1.04115e-06 9.57854e-07 8.81226e-07 8.10728e-07 7.4587e-07 6.862e-07 6.31304e-07 5.808e-07 5.34336e-07 4.91589e-07 4.52262e-07 4.16081e-07 3.82794e-07 3.52171e-07 3.23997e-07
0.00124608 3.5488e-05 3.28603e-05 3.04259e-05 2.81707e-05 2.60816e-05 2.41465e-05 2.2354e-05 2.06938e-05 1.91562e-05 1.77322e-05 1.64134e-05 1.51921e-05 1.40612e-05 1.3014e-05 1.20444e-05 1.11466e-05 1.03154e-05 9.54579e-06 8.83333e-06 8.17378e-06 7.56322e-06 6.99804e-06 6.47488e-06 5.99064e-06 5.54244e-06 5.12761e-06 4.74369e-06 4.38837e-06 4.05955e-06 3.75525e-06 3.47366e-06 3.21308e-06 2.97197e-06 2.74888e-06 2.54246e-06 2.35147e-06 2.17477e-06 2.01129e-06 1.86005e-06 1.72013e-06 1.5907e-06 1.47097e-06 1.36022e-06 1.25777e-06 1.163e-06 1.07535e-06 9.94285e-07 9.19305e-07 8.49958e-07 7.85823e-07 7.2651e-07 6.71658e-07 6.20932e-07 5.74024e-07 5.30647e-07 4.90537e-07 4.53448e-07 4.19154e-07 3.87445e-07 3.58127e-07 3.3102e-07 3.05958e-07 2.82788e-07 2.61366e-07 2.41563e-07 2.23255e-07 2.0633e-07 1.90685e-07 1.76222e-07 1.62853e-07 1.50495e-07 1.39072e-07 1.28514e-07 1.18755e-07 1.09735e-07 1.01398e-07 9.36923e-08 8.65709e-08 7.99893e-08 7.39066e-08 6.82853e-08 6.30904e-08 5.82896e-08 5.38532e-08 4.97536e-08 4.59652e-08 4.24646e-08 3.92299e-08 3.62409e-08 3.34791e-08 3.09273e-08 2.85695e-08 2.6391e-08 2.43782e-08 2.25186e-08 2.08005e-08 1.92131e-08 1.77466e-08 1.63918e-08 1.51402e-08
0.00114639 3.28603e-05 3.04319e-05 2.81818e-05 2.6097e-05 2.41654e-05 2.23759e-05 2.0718e-05 1.91823e-05 1.77596e-05 1.64419e-05 1.52214e-05 1.40909e-05 1.30439e-05 1.20742e-05 1.11763e-05 1.03447e-05 9.5747e-06 8.86168e-06 8.20148e-06 7.5902e-06 7.02425e-06 6.50028e-06 6.01519e-06 5.56612e-06 5.15042e-06 4.76561e-06 4.40941e-06 4.0797e-06 3.77454e-06 3.49209e-06 3.23068e-06 2.98875e-06 2.76486e-06 2.55766e-06 2.36592e-06 2.1885e-06 2.02432e-06 1.87241e-06 1.73184e-06 1.60179e-06 1.48146e-06 1.37014e-06 1.26715e-06 1.17186e-06 1.08372e-06 1.00218e-06 9.26748e-07 8.56974e-07 7.92434e-07 7.32736e-07 6.77519e-07 6.26448e-07 5.79212e-07 5.35526e-07 4.95122e-07 4.57757e-07 4.23201e-07 3.91245e-07 3.61694e-07 3.34368e-07 3.09099e-07 2.85733e-07 2.64128e-07 2.44152e-07 2.25681e-07 2.08603e-07 1.92814e-07 1.78216e-07 1.64719e-07 1.52242e-07 1.40707e-07 1.30043e-07 1.20186e-07 1.11073e-07 1.02649e-07 9.48621e-08 8.76643e-08 8.10111e-08 7.48614e-08 6.91772e-08 6.39235e-08 5.90677e-08 5.45797e-08 5.04318e-08 4.65983e-08 4.30555e-08 3.97813e-08 3.67554e-08 3.39592e-08 3.13751e-08 2.89871e-08 2.67805e-08 2.47414e-08 2.28571e-08 2.11161e-08 1.95073e-08 1.80208e-08 1.66473e-08 1.53783e-08 1.42057e-08
0.00105468 3.04259e-05 2.81818e-05 2.61021e-05 2.41749e-05 2.2389e-05 2.07342e-05 1.92009e-05 1.77803e-05 1.64641e-05 1.52448e-05 1.41152e-05 1.30688e-05 1.20996e-05 1.12018e-05 1.03702e-05 9.60003e-06 8.88673e-06 8.22614e-06 7.61438e-06 7.04788e-06 6.52329e-06 6.03755e-06 5.58779e-06 5.17137e-06 4.78582e-06 4.42887e-06 4.09841e-06 3.79249e-06 3.5093e-06 3.24715e-06 3.00449e-06 2.77988e-06 2.57199e-06 2.37957e-06 2.20149e-06 2.03667e-06 1.88414e-06 1.74298e-06 1.61235e-06 1.49147e-06 1.37961e-06 1.27611e-06 1.18034e-06 1.09173e-06 1.00975e-06 9.33898e-07 8.63721e-07 7.98798e-07 7.38735e-07 6.83172e-07 6.31772e-07 5.84225e-07 5.40243e-07 4.9956e-07 4.6193e-07 4.27124e-07 3.94932e-07 3.65157e-07 3.3762e-07 3.12152e-07 2.88598e-07 2.66816e-07 2.46673e-07 2.28045e-07 2.10819e-07 1.94891e-07 1.80162e-07 1.66542e-07 1.53949e-07 1.42305e-07 1.3154e-07 1.21586e-07 1.12383e-07 1.03875e-07 9.60085e-08 8.87363e-08 8.20134e-08 7.57983e-08 7.00529e-08 6.47417e-08 5.98321e-08 5.52938e-08 5.10988e-08 4.72212e-08 4.3637e-08 4.03241e-08 3.72621e-08 3.4432e-08 3.18163e-08 2.93988e-08 2.71645e-08 2.50996e-08 2.31912e-08 2.14276e-08 1.97978e-08 1.82916e-08 1.68998e-08 1.56136e-08 1.4425e-08 1.33267e-08
0.000970309 2.81707e-05 2.6097e-05 2.41749e-05 2.23933e-05 2.07422e-05 1.9212e-05 1.7794e-05 1.648e-05 1.52624e-05 1.41341e-05 1.30888e-05 1.21203e-05 1.1223e-05 1.03918e-05 9.62177e-06 8.90847e-06 8.24774e-06 7.63575e-06 7.06891e-06 6.54393e-06 6.05772e-06 5.60744e-06 5.19045e-06 4.80431e-06 4.44675e-06 4.11567e-06 3.80911e-06 3.52527e-06 3.26248e-06 3.01919e-06 2.79395e-06 2.58543e-06 2.39241e-06 2.21372e-06 2.04833e-06 1.89523e-06 1.75353e-06 1.62237e-06 1.50098e-06 1.38864e-06 1.28466e-06 1.18844e-06 1.0994e-06 1.017e-06 9.40751e-07 8.70196e-07 8.04911e-07 7.44504e-07 6.88614e-07 6.36902e-07 5.8906e-07 5.44797e-07 5.03848e-07 4.65966e-07 4.30921e-07 3.98502e-07 3.68514e-07 3.40774e-07 3.15115e-07 2.91381e-07 2.69429e-07 2.49125e-07 2.30346e-07 2.12978e-07 1.96915e-07 1.82059e-07 1.68321e-07 1.55616e-07 1.43867e-07 1.33002e-07 1.22955e-07 1.13665e-07 1.05074e-07 9.7131e-08 8.97865e-08 8.29957e-08 7.67169e-08 7.09118e-08 6.55447e-08 6.05826e-08 5.59952e-08 5.17541e-08 4.78333e-08 4.42088e-08 4.08581e-08 3.77608e-08 3.48975e-08 3.22509e-08 2.98044e-08 2.7543e-08 2.54527e-08 2.35207e-08 2.17349e-08 2.00844e-08 1.85589e-08 1.7149e-08 1.5846e-08 1.46417e-08 1.35287e-08 1.25001e-08
0.000892684 2.60816e-05 2.41654e-05 2.2389e-05 2.07422e-05 1.92158e-05 1.78009e-05 1.64895e-05 1.52741e-05 1.41477e-05 1.31038e-05 1.21364e-05 1.12401e-05 1.04095e-05 9.6399e-06 8.92688e-06 8.26629e-06 7.6543e-06 7.08735e-06 6.56216e-06 6.07567e-06 5.62504e-06 5.20766e-06 4.82108e-06 4.46304e-06 4.13146e-06 3.82438e-06 3.54e-06 3.27667e-06 3.03283e-06 2.80704e-06 2.59798e-06 2.40442e-06 2.22521e-06 2.05929e-06 1.90569e-06 1.76349e-06 1.63185e-06 1.51e-06 1.3972e-06 1.29279e-06 1.19615e-06 1.10671e-06 1.02392e-06 9.47303e-07 8.76393e-07 8.1077e-07 7.5004e-07 6.93841e-07 6.41836e-07 5.93714e-07 5.49185e-07 5.07984e-07 4.69861e-07 4.34589e-07 4.01955e-07 3.71762e-07 3.43829e-07 3.17988e-07 2.94081e-07 2.71965e-07 2.51507e-07 2.32583e-07 2.15077e-07 1.98885e-07 1.83907e-07 1.70054e-07 1.57241e-07 1.4539e-07 1.34429e-07 1.24292e-07 1.14917e-07 1.06247e-07 9.8229e-08 9.08142e-08 8.39574e-08 7.76168e-08 7.17536e-08 6.6332e-08 6.13188e-08 5.66834e-08 5.23974e-08 4.84346e-08 4.47706e-08 4.1383e-08 3.8251e-08 3.53554e-08 3.26784e-08 3.02036e-08 2.79157e-08 2.58006e-08 2.38454e-08 2.20379e-08 2.03671e-08 1.88226e-08 1.7395e-08 1.60754e-08 1.48556e-08 1.37281e-08 1.2686e-08 1.17229e-08
0.000821269 2.41465e-05 2.23759e-05 2.07342e-05 1.9212e-05 1.78009e-05 1.64927e-05 1.52799e-05 1.41558e-05 1.31138e-05 1.2148e-05 1.12528e-05 1.04232e-05 9.65443e-06 8.94197e-06 8.28176e-06 7.67001e-06 7.10317e-06 6.57798e-06 6.0914e-06 5.6406e-06 5.22298e-06 4.83611e-06 4.47773e-06 4.14577e-06 3.83828e-06 3.55348e-06 3.28971e-06 3.04541e-06 2.81916e-06 2.60963e-06 2.4156e-06 2.23593e-06 2.06955e-06 1.91549e-06 1.77285e-06 1.64078e-06 1.51851e-06 1.4053e-06 1.3005e-06 1.20347e-06 1.11366e-06 1.03051e-06 9.53551e-07 8.82311e-07 8.16372e-07 7.55339e-07 6.98851e-07 6.4657e-07 5.98184e-07 5.53405e-07 5.11964e-07 4.73615e-07 4.38127e-07 4.05288e-07 3.74901e-07 3.46784e-07 3.20767e-07 2.96696e-07 2.74424e-07 2.53818e-07 2.34754e-07 2.17116e-07 2.00799e-07 1.85704e-07 1.7174e-07 1.58823e-07 1.46874e-07 1.35821e-07 1.25596e-07 1.1614e-07 1.07392e-07 9.93019e-08 9.1819e-08 8.48982e-08 7.84974e-08 7.25777e-08 6.71031e-08 6.20402e-08 5.73581e-08 5.30284e-08 4.90245e-08 4.53221e-08 4.18985e-08 3.87327e-08 3.58055e-08 3.30989e-08 3.05963e-08 2.82824e-08 2.6143e-08 2.4165e-08 2.23363e-08 2.06456e-08 1.90825e-08 1.76375e-08 1.63016e-08 1.50666e-08 1.3925e-08 1.28696e-08 1.18941e-08 1.09923e-08
0.000755568 2.2354e-05 2.0718e-05 1.92009e-05 1.7794e-05 1.64895e-05 1.52799e-05 1.41585e-05 1.31188e-05 1.21549e-05 1.12614e-05 1.04331e-05 9.66533e-06 8.95371e-06 8.29415e-06 7.68287e-06 7.11637e-06 6.59139e-06 6.1049e-06 5.65411e-06 5.23641e-06 4.84939e-06 4.49081e-06 4.1586e-06 3.85082e-06 3.5657e-06 3.30158e-06 3.05692e-06 2.83029e-06 2.62037e-06 2.42595e-06 2.24588e-06 2.0791e-06 1.92465e-06 1.78162e-06 1.64916e-06 1.52651e-06 1.41293e-06 1.30777e-06 1.2104e-06 1.12024e-06 1.03677e-06 9.5949e-07 8.87946e-07 8.21713e-07 7.60399e-07 7.03641e-07 6.51102e-07 6.02469e-07 5.57454e-07 5.15788e-07 4.77224e-07 4.41532e-07 4.08499e-07 3.77928e-07 3.49635e-07 3.23453e-07 2.99224e-07 2.76803e-07 2.56056e-07 2.36858e-07 2.19094e-07 2.02658e-07 1.8745e-07 1.7338e-07 1.60362e-07 1.48318e-07 1.37176e-07 1.26868e-07 1.17331e-07 1.0851e-07 1.00349e-07 9.28002e-08 8.58174e-08 7.93583e-08 7.33838e-08 6.78577e-08 6.27465e-08 5.80191e-08 5.36467e-08 4.96029e-08 4.5863e-08 4.24042e-08 3.92056e-08 3.62475e-08 3.35119e-08 3.09822e-08 2.8643e-08 2.64798e-08 2.44796e-08 2.263e-08 2.09199e-08 1.93386e-08 1.78765e-08 1.65246e-08 1.52747e-08 1.41192e-08 1.30508e-08 1.2063e-08 1.11498e-08 1.03056e-08
0.000695122 2.06938e-05 1.91823e-05 1.77803e-05 1.648e-05 1.52741e-05 1.41558e-05 1.31188e-05 1.21572e-05 1.12656e-05 1.0439e-05 9.6726e-06 8.9621e-06 8.30345e-06 7.69289e-06 7.12694e-06 6.60237e-06 6.11616e-06 5.66555e-06 5.24793e-06 4.86091e-06 4.50227e-06 4.16993e-06 3.86199e-06 3.57665e-06 3.31228e-06 3.06735e-06 2.84043e-06 2.6302e-06 2.43545e-06 2.25505e-06 2.08794e-06 1.93315e-06 1.78978e-06 1.65699e-06 1.534e-06 1.4201e-06 1.31461e-06 1.21692e-06 1.12646e-06 1.04269e-06 9.65119e-07 8.93294e-07 8.26791e-07 7.65217e-07 7.08209e-07 6.55429e-07 6.06565e-07 5.61329e-07 5.19453e-07 4.80688e-07 4.44803e-07 4.11587e-07 3.80841e-07 3.52383e-07 3.26043e-07 3.01664e-07 2.79101e-07 2.58219e-07 2.38894e-07 2.2101e-07 2.04459e-07 1.89144e-07 1.74971e-07 1.61857e-07 1.49722e-07 1.38494e-07 1.28105e-07 1.18492e-07 1.09598e-07 1.0137e-07 9.37574e-08 8.67146e-08 8.0199e-08 7.41715e-08 6.85955e-08 6.34373e-08 5.86658e-08 5.42521e-08 5.01695e-08 4.63931e-08 4.29001e-08 3.96693e-08 3.66811e-08 3.39174e-08 3.13612e-08 2.89972e-08 2.68108e-08 2.47889e-08 2.29189e-08 2.11897e-08 1.95906e-08 1.81118e-08 1.67443e-08 1.54798e-08 1.43105e-08 1.32294e-08 1.22297e-08 1.13053e-08 1.04506e-08 9.66042e-09
0.000639512 1.91562e-05 1.77596e-05 1.64641e-05 1.52624e-05 1.41477e-05 1.31138e-05 1.21549e-05 1.12656e-05 1.0441e-05 9.67623e-06 8.96713e-06 8.30965e-06 7.70005e-06 7.13487e-06 6.61091e-06 6.12518e-06 5.67492e-06 5.25754e-06 4.87067e-06 4.5121e-06 4.17977e-06 3.87177e-06 3.58633e-06 3.32182e-06 3.0767e-06 2.84957e-06 2.63911e-06 2.44411e-06 2.26345e-06 2.09606e-06 1.94099e-06 1.79733e-06 1.66425e-06 1.54097e-06 1.42678e-06 1.32101e-06 1.22304e-06 1.1323e-06 1.04826e-06 9.70433e-07 8.98353e-07 8.31603e-07 7.6979e-07 7.12551e-07 6.59548e-07 6.10471e-07 5.6503e-07 5.22957e-07 4.84003e-07 4.47938e-07 4.1455e-07 3.8364e-07 3.55025e-07 3.28536e-07 3.04016e-07 2.81318e-07 2.60308e-07 2.40861e-07 2.22862e-07 2.06202e-07 1.90784e-07 1.76513e-07 1.63307e-07 1.51085e-07 1.39774e-07 1.29307e-07 1.19621e-07 1.10658e-07 1.02364e-07 9.46901e-08 8.75893e-08 8.10192e-08 7.49402e-08 6.93159e-08 6.41123e-08 5.92981e-08 5.48442e-08 5.07238e-08 4.6912e-08 4.33858e-08 4.01238e-08 3.71063e-08 3.4315e-08 3.17331e-08 2.93449e-08 2.71359e-08 2.50927e-08 2.32029e-08 2.1455e-08 1.98384e-08 1.83433e-08 1.69605e-08 1.56817e-08 1.4499e-08 1.34053e-08 1.23939e-08 1.14586e-08 1.05937e-08 9.79389e-09 9.05431e-09
0.000588351 1.77322e-05 1.64419e-05 1.52448e-05 1.41341e-05 1.31038e-05 1.2148e-05 1.12614e-05 1.0439e-05 9.67623e-06 8.96881e-06 8.31275e-06 7.70434e-06 7.14016e-06 6.61702e-06 6.13195e-06 5.68221e-06 5.26524e-06 4.87867e-06 4.52031e-06 4.1881e-06 3.88016e-06 3.59473e-06 3.33017e-06 3.08496e-06 2.85771e-06 2.6471e-06 2.45192e-06 2.27106e-06 2.10346e-06 1.94816e-06 1.80427e-06 1.67095e-06 1.54742e-06 1.43299e-06 1.32697e-06 1.22875e-06 1.13777e-06 1.05349e-06 9.75429e-07 9.0312e-07 8.36146e-07 7.74115e-07 7.16665e-07 6.63459e-07 6.14185e-07 5.68553e-07 5.26298e-07 4.87168e-07 4.50936e-07 4.17386e-07 3.86322e-07 3.5756e-07 3.30931e-07 3.06276e-07 2.83451e-07 2.62321e-07 2.42759e-07 2.2465e-07 2.07887e-07 1.92369e-07 1.78006e-07 1.64711e-07 1.52405e-07 1.41015e-07 1.30474e-07 1.20717e-07 1.11688e-07 1.03331e-07 9.55978e-08 8.84411e-08 8.18183e-08 7.56897e-08 7.00187e-08 6.47711e-08 5.99155e-08 5.54228e-08 5.12658e-08 4.74196e-08 4.3861e-08 4.05687e-08 3.75227e-08 3.47047e-08 3.20977e-08 2.96859e-08 2.74548e-08 2.53909e-08 2.34817e-08 2.17156e-08 2.0082e-08 1.85709e-08 1.71732e-08 1.58803e-08 1.46846e-08 1.35786e-08 1.25557e-08 1.16096e-08 1.07347e-08 9.92547e-09 9.17711e-09 8.48502e-09
0.000541283 1.64134e-05 1.52214e-05 1.41152e-05 1.30888e-05 1.21364e-05 1.12528e-05 1.04331e-05 9.6726e-06 8.96713e-06 8.31275e-06 7.70578e-06 7.14281e-06 6.62069e-06 6.13647e-06 5.68742e-06 5.27101e-06 4.88489e-06 4.52688e-06 4.19493e-06 3.88717e-06 3.60184e-06 3.33734e-06 3.09213e-06 2.86484e-06 2.65415e-06 2.45887e-06 2.27788e-06 2.11013e-06 1.95466e-06 1.81059e-06 1.67707e-06 1.55335e-06 1.43871e-06 1.33248e-06 1.23406e-06 1.14287e-06 1.05838e-06 9.80105e-07 9.07592e-07 8.40418e-07 7.78191e-07 7.20549e-07 6.67157e-07 6.17703e-07 5.71898e-07 5.29473e-07 4.90182e-07 4.53793e-07 4.20094e-07 3.88886e-07 3.59987e-07 3.33226e-07 3.08446e-07 2.85501e-07 2.64256e-07 2.44585e-07 2.26372e-07 2.09511e-07 1.939e-07 1.79448e-07 1.66069e-07 1.53683e-07 1.42218e-07 1.31605e-07 1.21781e-07 1.12687e-07 1.0427e-07 9.648e-08 8.92694e-08 8.25959e-08 7.64195e-08 7.07034e-08 6.54134e-08 6.05178e-08 5.59874e-08 5.1795e-08 4.79155e-08 4.43256e-08 4.10038e-08 3.79301e-08 3.50862e-08 3.24547e-08 3.00201e-08 2.77675e-08 2.56834e-08 2.37552e-08 2.19714e-08 2.03211e-08 1.87945e-08 1.73821e-08 1.60756e-08 1.4867e-08 1.37491e-08 1.27149e-08 1.17583e-08 1.08735e-08 1.00551e-08 9.29813e-09 8.59799e-09 7.95042e-09
0.000497981 1.51921e-05 1.40909e-05 1.30688e-05 1.21203e-05 1.12401e-05 1.04232e-05 9.66533e-06 8.9621e-06 8.30965e-06 7.70434e-06 7.14281e-06 6.62191e-06 6.13872e-06 5.69055e-06 5.27487e-06 4.88934e-06 4.53181e-06 4.20024e-06 3.89278e-06 3.60767e-06 3.34332e-06 3.09821e-06 2.87096e-06 2.66028e-06 2.46496e-06 2.2839e-06 2.11606e-06 1.96049e-06 1.81628e-06 1.68263e-06 1.55875e-06 1.44394e-06 1.33755e-06 1.23895e-06 1.14758e-06 1.06291e-06 9.84458e-07 9.11767e-07 8.44415e-07 7.82014e-07 7.24202e-07 6.70642e-07 6.21025e-07 5.75061e-07 5.32483e-07 4.93042e-07 4.5651e-07 4.22672e-07 3.91331e-07 3.62304e-07 3.3542e-07 3.10522e-07 2.87465e-07 2.66112e-07 2.46339e-07 2.28029e-07 2.11074e-07 1.95375e-07 1.80838e-07 1.67379e-07 1.54918e-07 1.43381e-07 1.32699e-07 1.22811e-07 1.13656e-07 1.05181e-07 9.73362e-08 9.0074e-08 8.33517e-08 7.71293e-08 7.13697e-08 6.60388e-08 6.11046e-08 5.65378e-08 5.23112e-08 4.83994e-08 4.47792e-08 4.14289e-08 3.83284e-08 3.54592e-08 3.28041e-08 3.03472e-08 2.80737e-08 2.597e-08 2.40234e-08 2.22223e-08 2.05558e-08 1.90139e-08 1.75873e-08 1.62675e-08 1.50463e-08 1.39166e-08 1.28715e-08 1.19046e-08 1.10102e-08 1.01827e-08 9.41732e-09 8.70928e-09 8.05432e-09 7.44848e-09
0.000458142 1.40612e-05 1.30439e-05 1.20996e-05 1.1223e-05 1.04095e-05 9.65443e-06 8.95371e-06 8.30345e-06 7.70005e-06 7.14016e-06 6.62069e-06 6.13872e-06 5.69159e-06 5.27679e-06 4.89201e-06 4.53509e-06 4.20404e-06 3.89698e-06 3.61221e-06 3.3481e-06 3.10318e-06 2.87607e-06 2.66547e-06 2.47019e-06 2.28913e-06 2.12127e-06 1.96564e-06 1.82136e-06 1.6876e-06 1.56362e-06 1.44869e-06 1.34216e-06 1.24342e-06 1.15191e-06 1.06709e-06 9.88486e-07 9.15641e-07 8.48137e-07 7.85583e-07 7.2762e-07 6.73912e-07 6.24148e-07 5.78041e-07 5.35324e-07 4.95748e-07 4.59084e-07 4.25119e-07 3.93655e-07 3.64509e-07 3.37512e-07 3.12505e-07 2.89342e-07 2.67889e-07 2.4802e-07 2.29618e-07 2.12575e-07 1.96792e-07 1.82176e-07 1.68642e-07 1.56108e-07 1.44503e-07 1.33756e-07 1.23806e-07 1.14593e-07 1.06063e-07 9.81659e-08 9.08543e-08 8.40852e-08 7.78186e-08 7.20173e-08 6.6647e-08 6.16756e-08 5.70738e-08 5.28141e-08 4.88712e-08 4.52217e-08 4.18438e-08 3.87173e-08 3.58237e-08 3.31456e-08 3.06671e-08 2.83733e-08 2.62505e-08 2.4286e-08 2.24681e-08 2.07858e-08 1.92291e-08 1.77886e-08 1.64557e-08 1.52224e-08 1.40812e-08 1.30254e-08 1.20484e-08 1.11446e-08 1.03083e-08 9.53462e-09 8.81884e-09 8.15664e-09 7.54403e-09 6.9773e-09
0.000421491 1.3014e-05 1.20742e-05 1.12018e-05 1.03918e-05 9.6399e-06 8.94197e-06 8.29415e-06 7.69289e-06 7.13487e-06 6.61702e-06 6.13647e-06 5.69055e-06 5.27679e-06 4.8929e-06 4.53674e-06 4.20632e-06 3.89979e-06 3.61545e-06 3.3517e-06 3.10706e-06 2.88016e-06 2.66972e-06 2.47455e-06 2.29357e-06 2.12573e-06 1.9701e-06 1.8258e-06 1.692e-06 1.56795e-06 1.45294e-06 1.34632e-06 1.24748e-06 1.15585e-06 1.07091e-06 9.92186e-07 9.19214e-07 8.5158e-07 7.88896e-07 7.30802e-07 6.76963e-07 6.27071e-07 5.80837e-07 5.37995e-07 4.98297e-07 4.61514e-07 4.27434e-07 3.95857e-07 3.66603e-07 3.395e-07 3.14392e-07 2.91133e-07 2.69586e-07 2.49627e-07 2.31139e-07 2.14014e-07 1.98153e-07 1.83462e-07 1.69856e-07 1.57254e-07 1.45584e-07 1.34776e-07 1.24767e-07 1.15499e-07 1.06916e-07 9.89688e-08 9.16099e-08 8.47961e-08 7.84872e-08 7.26458e-08 6.72376e-08 6.22306e-08 5.7595e-08 5.33035e-08 4.93306e-08 4.56528e-08 4.22482e-08 3.90967e-08 3.61794e-08 3.34791e-08 3.09796e-08 2.86661e-08 2.65248e-08 2.4543e-08 2.27087e-08 2.10111e-08 1.944e-08 1.7986e-08 1.66404e-08 1.53951e-08 1.42428e-08 1.31764e-08 1.21897e-08 1.12766e-08 1.04317e-08 9.64998e-09 8.92662e-09 8.25734e-09 7.63809e-09 7.06515e-09 6.53507e-09
0.000387772 1.20444e-05 1.11763e-05 1.03702e-05 9.62177e-06 8.92688e-06 8.28176e-06 7.68287e-06 7.12694e-06 6.61091e-06 6.13195e-06 5.68742e-06 5.27487e-06 4.89201e-06 4.53674e-06 4.20708e-06 3.9012e-06 3.61739e-06 3.35409e-06 3.10983e-06 2.88322e-06 2.67302e-06 2.47804e-06 2.29719e-06 2.12946e-06 1.97389e-06 1.82962e-06 1.69582e-06 1.57175e-06 1.4567e-06 1.35002e-06 1.25111e-06 1.1594e-06 1.07438e-06 9.95556e-07 9.22483e-07 8.54743e-07 7.91951e-07 7.33746e-07 6.79796e-07 6.29792e-07 5.83447e-07 5.40495e-07 5.00689e-07 4.63799e-07 4.29614e-07 3.97937e-07 3.68583e-07 3.41385e-07 3.16184e-07 2.92834e-07 2.71201e-07 2.51159e-07 2.32591e-07 2.1539e-07 1.99455e-07 1.84694e-07 1.7102e-07 1.58355e-07 1.46623e-07 1.35757e-07 1.25693e-07 1.16372e-07 1.07739e-07 9.97445e-08 9.23405e-08 8.5484e-08 7.91346e-08 7.32549e-08 6.78105e-08 6.27692e-08 5.81012e-08 5.37791e-08 4.97774e-08 4.60723e-08 4.2642e-08 3.94663e-08 3.65262e-08 3.38043e-08 3.12846e-08 2.89521e-08 2.67928e-08 2.47941e-08 2.2944e-08 2.12315e-08 1.96464e-08 1.81792e-08 1.68213e-08 1.55644e-08 1.44012e-08 1.33247e-08 1.23283e-08 1.14063e-08 1.0553e-08 9.76332e-09 9.03257e-09 8.35636e-09 7.73062e-09 7.15161e-09 6.61583e-09 6.12008e-09
0.00035675 1.11466e-05 1.03447e-05 9.60003e-06 8.90847e-06 8.26629e-06 7.67001e-06 7.11637e-06 6.60237e-06 6.12518e-06 5.68221e-06 5.27101e-06 4.88934e-06 4.53509e-06 4.20632e-06 3.9012e-06 3.61804e-06 3.35529e-06 3.11149e-06 2.88527e-06 2.67539e-06 2.48066e-06 2.30002e-06 2.13244e-06 1.97699e-06 1.8328e-06 1.69905e-06 1.57501e-06 1.45996e-06 1.35327e-06 1.25432e-06 1.16257e-06 1.07749e-06 9.98595e-07 9.25446e-07 8.57625e-07 7.94745e-07 7.36451e-07 6.82408e-07 6.3231e-07 5.8587e-07 5.42822e-07 5.02921e-07 4.65938e-07 4.3166e-07 3.99891e-07 3.70449e-07 3.43164e-07 3.17878e-07 2.94447e-07 2.72734e-07 2.52615e-07 2.33974e-07 2.16701e-07 2.00698e-07 1.85871e-07 1.72135e-07 1.59409e-07 1.47621e-07 1.367e-07 1.26583e-07 1.17212e-07 1.08532e-07 1.00492e-07 9.30456e-08 8.61484e-08 7.97605e-08 7.38443e-08 6.83652e-08 6.32911e-08 5.85921e-08 5.42407e-08 5.02112e-08 4.648e-08 4.3025e-08 3.98259e-08 3.68638e-08 3.41212e-08 3.15819e-08 2.9231e-08 2.70544e-08 2.50393e-08 2.31739e-08 2.14469e-08 1.98482e-08 1.83683e-08 1.69983e-08 1.57302e-08 1.45564e-08 1.34699e-08 1.24643e-08 1.15335e-08 1.0672e-08 9.8746e-09 9.13664e-09 8.45366e-09 7.82158e-09 7.23662e-09 6.69528e-09 6.19432e-09 5.73073e-09
0.00032821 1.03154e-05 9.5747e-06 8.88673e-06 8.24774e-06 7.6543e-06 7.10317e-06 6.59139e-06 6.11616e-06 5.67492e-06 5.26524e-06 4.88489e-06 4.53181e-06 4.20404e-06 3.89979e-06 3.61739e-06 3.35529e-06 3.11204e-06 2.88629e-06 2.67681e-06 2.48241e-06 2.30204e-06 2.13468e-06 1.9794e-06 1.83535e-06 1.7017e-06 1.57773e-06 1.46273e-06 1.35605e-06 1.25711e-06 1.16534e-06 1.08023e-06 1.0013e-06 9.28102e-07 8.60223e-07 7.97279e-07 7.38914e-07 6.84798e-07 6.34623e-07 5.88103e-07 5.44975e-07 5.04993e-07 4.67928e-07 4.3357e-07 4.01721e-07 3.72199e-07 3.44836e-07 3.19474e-07 2.95969e-07 2.74184e-07 2.53995e-07 2.35286e-07 2.17948e-07 2.01881e-07 1.86994e-07 1.73199e-07 1.60418e-07 1.48575e-07 1.37603e-07 1.27437e-07 1.1802e-07 1.09295e-07 1.01212e-07 9.37249e-08 8.67891e-08 8.03645e-08 7.44136e-08 6.89015e-08 6.37961e-08 5.90675e-08 5.4688e-08 5.0632e-08 4.68756e-08 4.33969e-08 4.01754e-08 3.71921e-08 3.44295e-08 3.18714e-08 2.95027e-08 2.73094e-08 2.52785e-08 2.33982e-08 2.16572e-08 2.00454e-08 1.85531e-08 1.71715e-08 1.58924e-08 1.47084e-08 1.36122e-08 1.25975e-08 1.16581e-08 1.07886e-08 9.98377e-09 9.23877e-09 8.54918e-09 7.91091e-09 7.32015e-09 6.77337e-09 6.26731e-09 5.79895e-09 5.36548e-09
0.000301953 9.54579e-06 8.86168e-06 8.22614e-06 7.63575e-06 7.08735e-06 6.57798e-06 6.1049e-06 5.66555e-06 5.25754e-06 4.87867e-06 4.52688e-06 4.20024e-06 3.89698e-06 3.61545e-06 3.35409e-06 3.11149e-06 2.88629e-06 2.67728e-06 2.48329e-06 2.30325e-06 2.13617e-06 1.98113e-06 1.83726e-06 1.70376e-06 1.5799e-06 1.46499e-06 1.35838e-06 1.25947e-06 1.16772e-06 1.08262e-06 1.00367e-06 9.30449e-07 8.62535e-07 7.99549e-07 7.41135e-07 6.86964e-07 6.36729e-07 5.90147e-07 5.46953e-07 5.06903e-07 4.6977e-07 4.35342e-07 4.03423e-07 3.73833e-07 3.46401e-07 3.20972e-07 2.974e-07 2.7555e-07 2.55298e-07 2.36527e-07 2.19129e-07 2.03005e-07 1.88061e-07 1.74213e-07 1.61379e-07 1.49486e-07 1.38466e-07 1.28255e-07 1.18793e-07 1.10026e-07 1.01904e-07 9.4378e-08 8.74058e-08 8.09465e-08 7.49625e-08 6.94191e-08 6.42839e-08 5.95271e-08 5.51208e-08 5.10394e-08 4.7259e-08 4.37575e-08 4.05145e-08 3.75109e-08 3.47291e-08 3.21529e-08 2.9767e-08 2.75576e-08 2.55115e-08 2.36168e-08 2.18624e-08 2.02378e-08 1.87335e-08 1.73406e-08 1.6051e-08 1.48569e-08 1.37514e-08 1.27278e-08 1.17802e-08 1.09029e-08 1.00908e-08 9.3389e-09 8.64289e-09 7.99858e-09 7.40215e-09 6.85006e-09 6.33902e-09 5.866e-09 5.42816e-09 5.02291e-09
0.000277797 8.83333e-06 8.20148e-06 7.61438e-06 7.06891e-06 6.56216e-06 6.0914e-06 5.65411e-06 5.24793e-06 4.87067e-06 4.52031e-06 4.19493e-06 3.89278e-06 3.61221e-06 3.3517e-06 3.10983e-06 2.88527e-06 2.67681e-06 2.48329e-06 2.30365e-06 2.13692e-06 1.98216e-06 1.83853e-06 1.70524e-06 1.58154e-06 1.46675e-06 1.36024e-06 1.26141e-06 1.16971e-06 1.08463e-06 1.00571e-06 9.32485e-07 8.64562e-07 8.01556e-07 7.43113e-07 6.88905e-07 6.38629e-07 5.91999e-07 5.48755e-07 5.08651e-07 4.71462e-07 4.36976e-07 4.04999e-07 3.75349e-07 3.47858e-07 3.2237e-07 2.98739e-07 2.76832e-07 2.56523e-07 2.37696e-07 2.20244e-07 2.04067e-07 1.89072e-07 1.75174e-07 1.62293e-07 1.50354e-07 1.39289e-07 1.29035e-07 1.19532e-07 1.10726e-07 1.02566e-07 9.50045e-08 8.7998e-08 8.1506e-08 7.54908e-08 6.99177e-08 6.47543e-08 5.99706e-08 5.55389e-08 5.14333e-08 4.763e-08 4.41068e-08 4.08431e-08 3.78201e-08 3.50199e-08 3.24262e-08 3.00239e-08 2.7799e-08 2.57382e-08 2.38297e-08 2.20622e-08 2.04253e-08 1.89095e-08 1.75057e-08 1.62058e-08 1.5002e-08 1.38874e-08 1.28553e-08 1.18997e-08 1.10148e-08 1.01955e-08 9.43701e-09 8.73473e-09 8.08454e-09 7.48259e-09 6.92533e-09 6.40943e-09 5.93185e-09 5.48974e-09 5.08048e-09 4.70165e-09
0.000255573 8.17378e-06 7.5902e-06 7.04788e-06 6.54393e-06 6.07567e-06 5.6406e-06 5.23641e-06 4.86091e-06 4.5121e-06 4.1881e-06 3.88717e-06 3.60767e-06 3.3481e-06 3.10706e-06 2.88322e-06 2.67539e-06 2.48241e-06 2.30325e-06 2.13692e-06 1.98251e-06 1.83917e-06 1.70612e-06 1.58263e-06 1.46801e-06 1.36163e-06 1.26291e-06 1.1713e-06 1.08629e-06 1.0074e-06 9.34211e-07 8.66301e-07 8.03297e-07 7.44846e-07 6.90621e-07 6.40319e-07 5.9366e-07 5.50379e-07 5.10236e-07 4.73003e-07 4.38471e-07 4.06446e-07 3.76747e-07 3.49206e-07 3.23667e-07 2.99986e-07 2.78028e-07 2.57669e-07 2.38793e-07 2.21292e-07 2.05068e-07 1.90027e-07 1.76084e-07 1.63158e-07 1.51177e-07 1.40072e-07 1.29778e-07 1.20237e-07 1.11395e-07 1.03199e-07 9.56042e-08 8.85655e-08 8.20427e-08 7.59982e-08 7.03971e-08 6.5207e-08 6.03979e-08 5.5942e-08 5.18134e-08 4.79883e-08 4.44444e-08 4.11611e-08 3.81194e-08 3.53016e-08 3.26913e-08 3.02732e-08 2.80333e-08 2.59585e-08 2.40367e-08 2.22567e-08 2.06079e-08 1.90809e-08 1.76666e-08 1.63567e-08 1.51436e-08 1.40202e-08 1.29798e-08 1.20164e-08 1.11242e-08 1.0298e-08 9.53302e-09 8.82465e-09 8.16875e-09 7.56143e-09 6.99912e-09 6.47849e-09 5.99647e-09 5.5502e-09 5.13703e-09 4.75453e-09 4.40042e-09
0.000235127 7.56322e-06 7.02425e-06 6.52329e-06 6.05772e-06 5.62504e-06 5.22298e-06 4.84939e-06 4.50227e-06 4.17977e-06 3.88016e-06 3.60184e-06 3.34332e-06 3.10318e-06 2.88016e-06 2.67302e-06 2.48066e-06 2.30204e-06 2.13617e-06 1.98216e-06 1.83917e-06 1.70642e-06 1.58317e-06 1.46876e-06 1.36256e-06 1.26399e-06 1.17249e-06 1.08757e-06 1.00876e-06 9.35623e-07 8.67752e-07 8.04772e-07 7.46333e-07 6.9211e-07 6.41801e-07 5.95127e-07 5.51825e-07 5.11656e-07 4.74392e-07 4.39827e-07 4.07765e-07 3.78026e-07 3.50444e-07 3.24864e-07 3.0114e-07 2.79139e-07 2.58736e-07 2.39817e-07 2.22274e-07 2.06007e-07 1.90924e-07 1.76941e-07 1.63976e-07 1.51956e-07 1.40813e-07 1.30483e-07 1.20907e-07 1.12031e-07 1.03803e-07 9.61767e-08 8.9108e-08 8.25565e-08 7.64844e-08 7.0857e-08 6.56417e-08 6.08087e-08 5.63299e-08 5.21796e-08 4.83337e-08 4.47702e-08 4.14682e-08 3.84088e-08 3.55742e-08 3.2948e-08 3.05148e-08 2.82606e-08 2.61723e-08 2.42377e-08 2.24456e-08 2.07855e-08 1.92476e-08 1.78232e-08 1.65038e-08 1.52817e-08 1.41497e-08 1.31013e-08 1.21303e-08 1.1231e-08 1.03982e-08 9.62691e-09 8.91262e-09 8.25116e-09 7.63863e-09 7.07141e-09 6.54618e-09 6.05983e-09 5.60949e-09 5.19252e-09 4.80644e-09 4.44898e-09 4.11802e-09
0.000216317 6.99804e-06 6.50028e-06 6.03755e-06 5.60744e-06 5.20766e-06 4.83611e-06 4.49081e-06 4.16993e-06 3.87177e-06 3.59473e-06 3.33734e-06 3.09821e-06 2.87607e-06 2.66972e-06 2.47804e-06 2.30002e-06 2.13468e-06 1.98113e-06 1.83853e-06 1.70612e-06 1.58317e-06 1.46902e-06 1.36303e-06 1.26463e-06 1.17329e-06 1.08849e-06 1.00978e-06 9.36723e-07 8.68914e-07 8.0598e-07 7.47573e-07 6.93371e-07 6.43073e-07 5.964e-07 5.53093e-07 5.1291e-07 4.75629e-07 4.41041e-07 4.08953e-07 3.79186e-07 3.51572e-07 3.25958e-07 3.02199e-07 2.80162e-07 2.59723e-07 2.40767e-07 2.23187e-07 2.06883e-07 1.91764e-07 1.77744e-07 1.64744e-07 1.5269e-07 1.41513e-07 1.3115e-07 1.21542e-07 1.12635e-07 1.04377e-07 9.67217e-08 8.96252e-08 8.30469e-08 7.69492e-08 7.12971e-08 6.60583e-08 6.12027e-08 5.67024e-08 5.25316e-08 4.86662e-08 4.5084e-08 4.17644e-08 3.86881e-08 3.58375e-08 3.31961e-08 3.07485e-08 2.84807e-08 2.63795e-08 2.44327e-08 2.26289e-08 2.09579e-08 1.94097e-08 1.79755e-08 1.66468e-08 1.5416e-08 1.42759e-08 1.32197e-08 1.22415e-08 1.13353e-08 1.0496e-08 9.71861e-09 8.9986e-09 8.33174e-09 7.71414e-09 7.14216e-09 6.61245e-09 6.12189e-09 5.66761e-09 5.24692e-09 4.85736e-09 4.49663e-09 4.16261e-09 3.85332e-09
0.000199012 6.47488e-06 6.01519e-06 5.58779e-06 5.19045e-06 4.82108e-06 4.47773e-06 4.1586e-06 3.86199e-06 3.58633e-06 3.33017e-06 3.09213e-06 2.87096e-06 2.66547e-06 2.47455e-06 2.29719e-06 2.13244e-06 1.9794e-06 1.83726e-06 1.70524e-06 1.58263e-06 1.46876e-06 1.36303e-06 1.26485e-06 1.17369e-06 1.08904e-06 1.01046e-06 9.37509e-07 8.69786e-07 8.0692e-07 7.48566e-07 6.94404e-07 6.44133e-07 5.97478e-07 5.5418e-07 5.13999e-07 4.76713e-07 4.42115e-07 4.10011e-07 3.80225e-07 3.52589e-07 3.2695e-07 3.03164e-07 2.81099e-07 2.6063e-07 2.41643e-07 2.24032e-07 2.07697e-07 1.92546e-07 1.78495e-07 1.65463e-07 1.53378e-07 1.42171e-07 1.31778e-07 1.22141e-07 1.13206e-07 1.04921e-07 9.72389e-08 9.01168e-08 8.35138e-08 7.73923e-08 7.17173e-08 6.64565e-08 6.15799e-08 5.70594e-08 5.28693e-08 4.89855e-08 4.53858e-08 4.20494e-08 3.89572e-08 3.60914e-08 3.34355e-08 3.09743e-08 2.86935e-08 2.65799e-08 2.46214e-08 2.28066e-08 2.1125e-08 1.9567e-08 1.81234e-08 1.67858e-08 1.55467e-08 1.43986e-08 1.3335e-08 1.23497e-08 1.14369e-08 1.05914e-08 9.80808e-09 9.08253e-09 8.41045e-09 7.78793e-09 7.21133e-09 6.67727e-09 6.18263e-09 5.72451e-09 5.30021e-09 4.90726e-09 4.54335e-09 4.20634e-09 3.89424e-09 3.60523e-09
0.000183091 5.99064e-06 5.56612e-06 5.17137e-06 4.80431e-06 4.46304e-06 4.14577e-06 3.85082e-06 3.57665e-06 3.32182e-06 3.08496e-06 2.86484e-06 2.66028e-06 2.47019e-06 2.29357e-06 2.12946e-06 1.97699e-06 1.83535e-06 1.70376e-06 1.58154e-06 1.46801e-06 1.36256e-06 1.26463e-06 1.17369e-06 1.08923e-06 1.0108e-06 9.37981e-07 8.70367e-07 8.07592e-07 7.49312e-07 6.95207e-07 6.44983e-07 5.98361e-07 5.55087e-07 5.14922e-07 4.77643e-07 4.43046e-07 4.10939e-07 3.81143e-07 3.53495e-07 3.27839e-07 3.04034e-07 2.81948e-07 2.61456e-07 2.42445e-07 2.24808e-07 2.08447e-07 1.93269e-07 1.79191e-07 1.66132e-07 1.5402e-07 1.42786e-07 1.32367e-07 1.22705e-07 1.13744e-07 1.05434e-07 9.77281e-08 9.05825e-08 8.39568e-08 7.78134e-08 7.21173e-08 6.68362e-08 6.19399e-08 5.74007e-08 5.31925e-08 4.92915e-08 4.56752e-08 4.23231e-08 3.92158e-08 3.63357e-08 3.36662e-08 3.11919e-08 2.88988e-08 2.67735e-08 2.48038e-08 2.29785e-08 2.12869e-08 1.97193e-08 1.82667e-08 1.69207e-08 1.56735e-08 1.45179e-08 1.34471e-08 1.2455e-08 1.15358e-08 1.06843e-08 9.89529e-09 9.16437e-09 8.48725e-09 7.85998e-09 7.2789e-09 6.74062e-09 6.24202e-09 5.78016e-09 5.35237e-09 4.95612e-09 4.58911e-09 4.24919e-09 3.93437e-09 3.64279e-09 3.37275e-09
0.000168443 5.54244e-06 5.15042e-06 4.78582e-06 4.44675e-06 4.13146e-06 3.83828e-06 3.5657e-06 3.31228e-06 3.0767e-06 2.85771e-06 2.65415e-06 2.46496e-06 2.28913e-06 2.12573e-06 1.97389e-06 1.8328e-06 1.7017e-06 1.5799e-06 1.46675e-06 1.36163e-06 1.26399e-06 1.17329e-06 1.08904e-06 1.0108e-06 9.38138e-07 8.70658e-07 8.07995e-07 7.49809e-07 6.95782e-07 6.4562e-07 5.99049e-07 5.55814e-07 5.15677e-07 4.78419e-07 4.43835e-07 4.11734e-07 3.8194e-07 3.54288e-07 3.28625e-07 3.04809e-07 2.82709e-07 2.62201e-07 2.43171e-07 2.25515e-07 2.09133e-07 1.93934e-07 1.79833e-07 1.66752e-07 1.54616e-07 1.43359e-07 1.32918e-07 1.23232e-07 1.14249e-07 1.05917e-07 9.81889e-08 9.10222e-08 8.43759e-08 7.82124e-08 7.24969e-08 6.7197e-08 6.22827e-08 5.7726e-08 5.35011e-08 4.95839e-08 4.59522e-08 4.25853e-08 3.94639e-08 3.65703e-08 3.38879e-08 3.14014e-08 2.90965e-08 2.69601e-08 2.49799e-08 2.31445e-08 2.14433e-08 1.98667e-08 1.84056e-08 1.70514e-08 1.57965e-08 1.46336e-08 1.3556e-08 1.25574e-08 1.1632e-08 1.07746e-08 9.98018e-09 9.2441e-09 8.5621e-09 7.93023e-09 7.34482e-09 6.80247e-09 6.30002e-09 5.83455e-09 5.40335e-09 5.00391e-09 4.6339e-09 4.29115e-09 3.97367e-09 3.67959e-09 3.40721e-09 3.15493e-09
0.000154968 5.12761e-06 4.76561e-06 4.42887e-06 4.11567e-06 3.82438e-06 3.55348e-06 3.30158e-06 3.06735e-06 2.84957e-06 2.6471e-06 2.45887e-06 2.2839e-06 2.12127e-06 1.9701e-06 1.82962e-06 1.69905e-06 1.57773e-06 1.46499e-06 1.36024e-06 1.26291e-06 1.17249e-06 1.08849e-06 1.01046e-06 9.37981e-07 8.70658e-07 8.08129e-07 7.50057e-07 6.96127e-07 6.46045e-07 5.9954e-07 5.56359e-07 5.16265e-07 4.7904e-07 4.44481e-07 4.12398e-07 3.82615e-07 3.54969e-07 3.29307e-07 3.05488e-07 2.83381e-07 2.62864e-07 2.43822e-07 2.26152e-07 2.09755e-07 1.94539e-07 1.8042e-07 1.6732e-07 1.55166e-07 1.4389e-07 1.33428e-07 1.23723e-07 1.1472e-07 1.06368e-07 9.86212e-08 9.14355e-08 8.47706e-08 7.8589e-08 7.28559e-08 6.75389e-08 6.26079e-08 5.80352e-08 5.37948e-08 4.98627e-08 4.62167e-08 4.2836e-08 3.97014e-08 3.67951e-08 3.41006e-08 3.16025e-08 2.92866e-08 2.71397e-08 2.51494e-08 2.33045e-08 2.15943e-08 2.00091e-08 1.85398e-08 1.71779e-08 1.59156e-08 1.47457e-08 1.36615e-08 1.26566e-08 1.17254e-08 1.08624e-08 1.00627e-08 9.32166e-09 8.63496e-09 7.99865e-09 7.40906e-09 6.86277e-09 6.35661e-09 5.88765e-09 5.45315e-09 5.05061e-09 4.67768e-09 4.33219e-09 4.01213e-09 3.71563e-09 3.44097e-09 3.18654e-09 2.95086e-09
0.000142571 4.74369e-06 4.40941e-06 4.09841e-06 3.80911e-06 3.54e-06 3.28971e-06 3.05692e-06 2.84043e-06 2.63911e-06 2.45192e-06 2.27788e-06 2.11606e-06 1.96564e-06 1.8258e-06 1.69582e-06 1.57501e-06 1.46273e-06 1.35838e-06 1.26141e-06 1.1713e-06 1.08757e-06 1.00978e-06 9.37509e-07 8.70367e-07 8.07995e-07 7.50057e-07 6.96242e-07 6.46258e-07 5.99835e-07 5.56722e-07 5.16685e-07 4.79507e-07 4.44984e-07 4.12929e-07 3.83168e-07 3.55536e-07 3.29884e-07 3.0607e-07 2.83964e-07 2.63444e-07 2.44398e-07 2.26719e-07 2.10312e-07 1.95084e-07 1.80953e-07 1.67838e-07 1.55669e-07 1.44377e-07 1.33899e-07 1.24177e-07 1.15157e-07 1.06788e-07 9.90246e-08 9.18223e-08 8.51409e-08 7.89431e-08 7.31941e-08 6.78616e-08 6.29155e-08 5.83281e-08 5.40735e-08 5.01277e-08 4.64684e-08 4.30749e-08 3.99281e-08 3.701e-08 3.43042e-08 3.17953e-08 2.9469e-08 2.73122e-08 2.53125e-08 2.34585e-08 2.17398e-08 2.01464e-08 1.86693e-08 1.73e-08 1.60307e-08 1.48542e-08 1.37637e-08 1.27528e-08 1.1816e-08 1.09476e-08 1.01429e-08 9.39701e-09 8.70579e-09 8.06522e-09 7.4716e-09 6.92151e-09 6.41176e-09 5.93942e-09 5.50174e-09 5.0962e-09 4.72044e-09 4.37229e-09 4.04972e-09 3.75087e-09 3.474e-09 3.21749e-09 2.97986e-09 2.75971e-09
0.000131165 4.38837e-06 4.0797e-06 3.79249e-06 3.52527e-06 3.27667e-06 3.04541e-06 2.83029e-06 2.6302e-06 2.44411e-06 2.27106e-06 2.11013e-06 1.96049e-06 1.82136e-06 1.692e-06 1.57175e-06 1.45996e-06 1.35605e-06 1.25947e-06 1.16971e-06 1.08629e-06 1.00876e-06 9.36723e-07 8.69786e-07 8.07592e-07 7.49809e-07 6.96127e-07 6.46258e-07 5.99933e-07 5.56904e-07 5.16937e-07 4.79818e-07 4.45343e-07 4.13328e-07 3.83598e-07 3.55991e-07 3.30357e-07 3.06556e-07 2.84458e-07 2.63943e-07 2.44897e-07 2.27217e-07 2.10804e-07 1.9557e-07 1.8143e-07 1.68305e-07 1.56125e-07 1.4482e-07 1.34329e-07 1.24594e-07 1.1556e-07 1.07177e-07 9.93991e-08 9.21823e-08 8.54865e-08 7.92744e-08 7.35113e-08 6.81649e-08 6.32053e-08 5.86046e-08 5.43371e-08 5.03787e-08 4.67073e-08 4.3302e-08 4.01438e-08 3.72148e-08 3.44985e-08 3.19795e-08 2.96435e-08 2.74774e-08 2.54688e-08 2.36064e-08 2.18796e-08 2.02785e-08 1.8794e-08 1.74177e-08 1.61418e-08 1.4959e-08 1.38624e-08 1.28459e-08 1.19036e-08 1.10302e-08 1.02206e-08 9.47013e-09 8.77457e-09 8.1299e-09 7.5324e-09 6.97865e-09 6.46545e-09 5.98984e-09 5.54909e-09 5.14065e-09 4.76216e-09 4.41144e-09 4.08645e-09 3.78531e-09 3.50629e-09 3.24776e-09 3.00823e-09 2.7863e-09 2.58069e-09
0.000120672 4.05955e-06 3.77454e-06 3.5093e-06 3.26248e-06 3.03283e-06 2.81916e-06 2.62037e-06 2.43545e-06 2.26345e-06 2.10346e-06 1.95466e-06 1.81628e-06 1.6876e-06 1.56795e-06 1.4567e-06 1.35327e-06 1.25711e-06 1.16772e-06 1.08463e-06 1.0074e-06 9.35623e-07 8.68914e-07 8.0692e-07 7.49312e-07 6.95782e-07 6.46045e-07 5.99835e-07 5.56904e-07 5.17021e-07 4.79973e-07 4.45559e-07 4.13594e-07 3.83906e-07 3.56332e-07 3.30725e-07 3.06945e-07 2.84863e-07 2.64359e-07 2.4532e-07 2.27643e-07 2.11232e-07 1.95996e-07 1.81851e-07 1.68721e-07 1.56533e-07 1.4522e-07 1.3472e-07 1.24974e-07 1.15929e-07 1.07534e-07 9.97443e-08 9.25153e-08 8.58073e-08 7.95828e-08 7.38074e-08 6.84488e-08 6.34771e-08 5.88646e-08 5.45854e-08 5.06157e-08 4.69332e-08 4.35172e-08 4.03486e-08 3.74095e-08 3.46835e-08 3.21551e-08 2.98101e-08 2.76354e-08 2.56185e-08 2.37481e-08 2.20137e-08 2.04053e-08 1.89139e-08 1.7531e-08 1.62488e-08 1.506e-08 1.39577e-08 1.29358e-08 1.19884e-08 1.111e-08 1.02958e-08 9.54096e-09 8.84125e-09 8.19265e-09 7.59143e-09 7.03416e-09 6.51764e-09 6.0389e-09 5.59518e-09 5.18394e-09 4.80282e-09 4.4496e-09 4.12227e-09 3.81893e-09 3.53783e-09 3.27734e-09 3.03597e-09 2.8123e-09 2.60506e-09 2.41304e-09
0.000111018 3.75525e-06 3.49209e-06 3.24715e-06 3.01919e-06 2.80704e-06 2.60963e-06 2.42595e-06 2.25505e-06 2.09606e-06 1.94816e-06 1.81059e-06 1.68263e-06 1.56362e-06 1.45294e-06 1.35002e-06 1.25432e-06 1.16534e-06 1.08262e-06 1.00571e-06 9.34211e-07 8.67752e-07 8.0598e-07 7.48566e-07 6.95207e-07 6.4562e-07 5.9954e-07 5.56722e-07 5.16937e-07 4.79973e-07 4.45631e-07 4.13727e-07 3.8409e-07 3.5656e-07 3.30988e-07 3.07237e-07 2.85178e-07 2.64692e-07 2.45666e-07 2.27999e-07 2.11594e-07 1.96361e-07 1.82217e-07 1.69086e-07 1.56894e-07 1.45576e-07 1.35069e-07 1.25316e-07 1.16263e-07 1.0786e-07 1.0006e-07 9.28213e-08 8.6103e-08 7.98682e-08 7.40822e-08 6.8713e-08 6.37308e-08 5.91078e-08 5.48183e-08 5.08385e-08 4.7146e-08 4.37203e-08 4.05422e-08 3.75939e-08 3.4859e-08 3.2322e-08 2.99687e-08 2.77859e-08 2.57613e-08 2.38836e-08 2.2142e-08 2.05268e-08 1.90289e-08 1.76398e-08 1.63517e-08 1.51572e-08 1.40495e-08 1.30224e-08 1.20701e-08 1.11872e-08 1.03685e-08 9.60949e-09 8.90581e-09 8.25345e-09 7.64867e-09 7.08803e-09 6.56831e-09 6.08655e-09 5.63999e-09 5.22606e-09 4.84239e-09 4.48678e-09 4.15718e-09 3.85171e-09 3.56859e-09 3.30621e-09 3.06305e-09 2.83771e-09 2.62889e-09 2.43538e-09 2.25606e-09
0.000102137 3.47366e-06 3.23068e-06 3.00449e-06 2.79395e-06 2.59798e-06 2.4156e-06 2.24588e-06 2.08794e-06 1.94099e-06 1.80427e-06 1.67707e-06 1.55875e-06 1.44869e-06 1.34632e-06 1.25111e-06 1.16257e-06 1.08023e-06 1.00367e-06 9.32485e-07 8.66301e-07 8.04772e-07 7.47573e-07 6.94404e-07 6.44983e-07 5.99049e-07 5.56359e-07 5.16685e-07 4.79818e-07 4.45559e-07 4.13727e-07 3.84152e-07 3.56674e-07 3.31146e-07 3.07432e-07 2.85403e-07 2.64942e-07 2.45936e-07 2.28284e-07 2.1189e-07 1.96665e-07 1.82527e-07 1.69398e-07 1.57207e-07 1.45888e-07 1.35378e-07 1.25621e-07 1.16562e-07 1.08153e-07 1.00346e-07 9.30999e-08 8.63735e-08 8.01302e-08 7.43355e-08 6.89575e-08 6.39662e-08 5.93342e-08 5.50357e-08 5.10469e-08 4.73456e-08 4.39112e-08 4.07246e-08 3.7768e-08 3.5025e-08 3.24801e-08 3.01192e-08 2.7929e-08 2.58973e-08 2.40127e-08 2.22645e-08 2.0643e-08 1.9139e-08 1.77441e-08 1.64503e-08 1.52505e-08 1.41377e-08 1.31058e-08 1.21489e-08 1.12615e-08 1.04387e-08 9.67567e-09 8.96821e-09 8.31226e-09 7.70408e-09 7.14021e-09 6.61744e-09 6.13279e-09 5.68349e-09 5.26697e-09 4.88086e-09 4.52294e-09 4.19116e-09 3.88363e-09 3.59858e-09 3.33437e-09 3.08948e-09 2.86251e-09 2.65216e-09 2.4572e-09 2.27653e-09 2.10909e-09
9.39656e-05 3.21308e-06 2.98875e-06 2.77988e-06 2.58543e-06 2.40442e-06 2.23593e-06 2.0791e-06 1.93315e-06 1.79733e-06 1.67095e-06 1.55335e-06 1.44394e-06 1.34216e-06 1.24748e-06 1.1594e-06 1.07749e-06 1.0013e-06 9.30449e-07 8.64562e-07 8.03297e-07 7.46333e-07 6.93371e-07 6.44133e-07 5.98361e-07 5.55814e-07 5.16265e-07 4.79507e-07 4.45343e-07 4.13594e-07 3.8409e-07 3.56674e-07 3.31199e-07 3.07529e-07 2.85538e-07 2.65108e-07 2.46129e-07 2.28498e-07 2.12121e-07 1.96909e-07 1.82781e-07 1.69659e-07 1.57473e-07 1.46156e-07 1.35647e-07 1.25888e-07 1.16827e-07 1.08414e-07 1.00603e-07 9.33511e-08 8.66187e-08 8.03689e-08 7.45673e-08 6.9182e-08 6.41833e-08 5.95437e-08 5.52375e-08 5.12409e-08 4.75319e-08 4.40899e-08 4.08957e-08 3.79317e-08 3.51813e-08 3.26293e-08 3.02615e-08 2.80646e-08 2.60263e-08 2.41354e-08 2.23811e-08 2.07537e-08 1.92441e-08 1.78437e-08 1.65447e-08 1.53399e-08 1.42224e-08 1.31859e-08 1.22246e-08 1.1333e-08 1.05062e-08 9.73947e-09 9.02842e-09 8.36905e-09 7.75763e-09 7.19069e-09 6.665e-09 6.17759e-09 5.72567e-09 5.30667e-09 4.91821e-09 4.55807e-09 4.2242e-09 3.91468e-09 3.62776e-09 3.36178e-09 3.11523e-09 2.88669e-09 2.67486e-09 2.47851e-09 2.29652e-09 2.12784e-09 1.97151e-09
