0.450386 0.0136427 0.00961816 0.00713742 0.00551552 0.00439751 0.00359097 0.0029866 0.00251944 0.00214909 0.00184941 0.00160283 0.00139712 0.00122354 0.00107566 0.000948644 0.000838791 0.000743206 0.000659594 0.000586111 0.000521253 0.000463786 0.000412682 0.000367077 0.000326242 0.000289556 0.000256483 0.000226564 0.000199396 0.000174628 0.00015739
0.0136427 0.00127392 0.000841646 0.000582529 0.000419413 0.00031203 0.000238469 0.000186296 0.00014817 0.000119587 9.76872e-05 8.05948e-05 6.70424e-05 5.61509e-05 4.72962e-05 4.0025e-05 3.4002e-05 2.89747e-05 2.47503e-05 2.11791e-05 1.81438e-05 1.55514e-05 1.33275e-05 1.14119e-05 9.75585e-06 8.31956e-06 7.07038e-06 5.98163e-06 5.03162e-06 4.20304e-06 3.71162e-06
0.00961816 0.000841646 0.000540651 0.000365307 0.00025792 0.000188971 0.00014275 0.000110557 8.73742e-05 7.01962e-05 5.71545e-05 4.70473e-05 3.90768e-05 3.26978e-05 2.75278e-05 2.32924e-05 1.97903e-05 1.68709e-05 1.442e-05 1.23495e-05 1.05907e-05 9.08916e-06 7.80149e-06 6.69283e-06 5.73491e-06 4.90474e-06 4.18359e-06 3.55629e-06 3.01074e-06 2.62231e-06 2.31709e-06
0.00713742 0.000582529 0.000365307 0.000241734 0.000167797 0.000121335 9.07678e-05 6.98081e-05 5.49031e-05 4.3966e-05 3.57238e-05 2.93713e-05 2.43818e-05 2.04e-05 1.71795e-05 1.45447e-05 1.23681e-05 1.05547e-05 9.03276e-06 7.74728e-06 6.65536e-06 5.72318e-06 4.92383e-06 4.23569e-06 3.64131e-06 3.1265e-06 2.6798e-06 2.29203e-06 1.99692e-06 1.73912e-06 1.53742e-06
0.00551552 0.000419413 0.00025792 0.000167797 0.000114889 8.22225e-05 6.10582e-05 4.67275e-05 3.66363e-05 2.9286e-05 2.3776e-05 1.95449e-05 1.62296e-05 1.3588e-05 1.14532e-05 9.70738e-06 8.26523e-06 7.06358e-06 6.05484e-06 5.20255e-06 4.47835e-06 3.85991e-06 3.32946e-06 2.87277e-06 2.47832e-06 2.13682e-06 1.84078e-06 1.60418e-06 1.39779e-06 1.21732e-06 1.07648e-06
0.00439751 0.00031203 0.000188971 0.000121335 8.22225e-05 5.8406e-05 4.3158e-05 3.29307e-05 2.57801e-05 2.05974e-05 1.67249e-05 1.3757e-05 1.14337e-05 9.58311e-06 8.08742e-06 6.8638e-06 5.85246e-06 5.00926e-06 4.30099e-06 3.70219e-06 3.19308e-06 2.75811e-06 2.38487e-06 2.06344e-06 1.78579e-06 1.54547e-06 1.34706e-06 1.17419e-06 1.02324e-06 8.91147e-07 7.8817e-07
0.00359097 0.000238469 0.00014275 9.07678e-05 6.10582e-05 4.3158e-05 3.17983e-05 2.42301e-05 1.89633e-05 1.5157e-05 1.23174e-05 1.01422e-05 8.43926e-06 7.08208e-06 5.98438e-06 5.08558e-06 4.34206e-06 3.72162e-06 3.20004e-06 2.75876e-06 2.38333e-06 2.06239e-06 1.78687e-06 1.54951e-06 1.34446e-06 1.17184e-06 1.02166e-06 8.90708e-07 7.76276e-07 6.7609e-07 5.97985e-07
0.0029866 0.000186296 0.000110557 6.98081e-05 4.67275e-05 3.29307e-05 2.42301e-05 1.84593e-05 1.44543e-05 1.15637e-05 9.40781e-06 7.75567e-06 6.46124e-06 5.42856e-06 4.59242e-06 3.90707e-06 3.33957e-06 2.86558e-06 2.4668e-06 2.12917e-06 1.84175e-06 1.59592e-06 1.3848e-06 1.20287e-06 1.04811e-06 9.13747e-07 7.96788e-07 6.94741e-07 6.05529e-07 5.27396e-07 4.66441e-07
0.00251944 0.00014817 8.73742e-05 5.49031e-05 3.66363e-05 2.57801e-05 1.89633e-05 1.44543e-05 1.1329e-05 9.07391e-06 7.39101e-06 6.1001e-06 5.08751e-06 4.27871e-06 3.62309e-06 3.08513e-06 2.63926e-06 2.26655e-06 1.95276e-06 1.68694e-06 1.46053e-06 1.2668e-06 1.10038e-06 9.58174e-07 8.3504e-07 7.28096e-07 6.34968e-07 5.53687e-07 4.82608e-07 4.20346e-07 3.71718e-07
0.00214909 0.000119587 7.01962e-05 4.3966e-05 2.9286e-05 2.05974e-05 1.5157e-05 1.15637e-05 9.07391e-06 7.27634e-06 5.93353e-06 4.9022e-06 4.09218e-06 3.4444e-06 2.91871e-06 2.48696e-06 2.12882e-06 1.82926e-06 1.5769e-06 1.36302e-06 1.18079e-06 1.02482e-06 8.91454e-07 7.76332e-07 6.76625e-07 5.90011e-07 5.14572e-07 4.48718e-07 3.91123e-07 3.40667e-07 3.01207e-07
0.00184941 9.76872e-05 5.71545e-05 3.57238e-05 2.3776e-05 1.67249e-05 1.23174e-05 9.40781e-06 7.39101e-06 5.93353e-06 4.84338e-06 4.00498e-06 3.34564e-06 2.81776e-06 2.38895e-06 2.03649e-06 1.74392e-06 1.49907e-06 1.29273e-06 1.11778e-06 9.68696e-07 8.4142e-07 7.3195e-07 6.37446e-07 5.55591e-07 4.8448e-07 4.22539e-07 3.68465e-07 3.21171e-07 2.7974e-07 2.47291e-07
0.00160283 8.05948e-05 4.70473e-05 2.93713e-05 1.95449e-05 1.3757e-05 1.01422e-05 7.75567e-06 6.1001e-06 4.9022e-06 4.00498e-06 3.31403e-06 2.77e-06 2.33398e-06 1.9795e-06 1.68794e-06 1.4458e-06 1.24307e-06 1.07218e-06 9.27261e-07 8.0394e-07 6.98301e-07 6.0744e-07 5.29002e-07 4.61064e-07 4.02044e-07 3.50636e-07 3.05759e-07 2.66511e-07 2.3213e-07 2.05162e-07
0.00139712 6.70424e-05 3.90768e-05 2.43818e-05 1.62296e-05 1.14337e-05 8.43926e-06 6.46124e-06 5.08751e-06 4.09218e-06 3.34564e-06 2.77e-06 2.31625e-06 1.95227e-06 1.65615e-06 1.41245e-06 1.20999e-06 1.04043e-06 8.97468e-07 7.76342e-07 6.73055e-07 5.8458e-07 5.08487e-07 4.42803e-07 3.85915e-07 3.365e-07 2.93463e-07 2.55895e-07 2.23042e-07 1.94267e-07 1.71663e-07
0.00122354 5.61509e-05 3.26978e-05 2.04e-05 1.3588e-05 9.58311e-06 7.08208e-06 5.42856e-06 4.27871e-06 3.4444e-06 2.81776e-06 2.33398e-06 1.95227e-06 1.64583e-06 1.39638e-06 1.191e-06 1.02033e-06 8.77365e-07 7.56889e-07 6.54678e-07 5.67526e-07 4.9288e-07 4.28687e-07 3.73281e-07 3.25303e-07 2.83631e-07 2.47343e-07 2.1567e-07 1.87976e-07 1.63723e-07 1.44642e-07
0.00107566 4.72962e-05 2.75278e-05 1.71795e-05 1.14532e-05 8.08742e-06 5.98438e-06 4.59242e-06 3.62309e-06 2.91871e-06 2.38895e-06 1.9795e-06 1.65615e-06 1.39638e-06 1.18482e-06 1.01058e-06 8.65741e-07 7.44465e-07 6.42168e-07 5.55387e-07 4.81399e-07 4.18035e-07 3.63553e-07 3.16536e-07 2.75827e-07 2.40476e-07 2.09696e-07 1.82836e-07 1.59353e-07 1.3879e-07 1.2259e-07
0.000948644 4.0025e-05 2.32924e-05 1.45447e-05 9.70738e-06 6.8638e-06 5.08558e-06 3.90707e-06 3.08513e-06 2.48696e-06 2.03649e-06 1.68794e-06 1.41245e-06 1.191e-06 1.01058e-06 8.61937e-07 7.38409e-07 6.34893e-07 5.47582e-07 4.73523e-07 4.10389e-07 3.56329e-07 3.09853e-07 2.69753e-07 2.3504e-07 2.049e-07 1.78661e-07 1.55768e-07 1.35756e-07 1.18236e-07 1.04414e-07
0.000838791 3.4002e-05 1.97903e-05 1.23681e-05 8.26523e-06 5.85246e-06 4.34206e-06 3.33957e-06 2.63926e-06 2.12882e-06 1.74392e-06 1.4458e-06 1.20999e-06 1.02033e-06 8.65741e-07 7.38409e-07 6.32505e-07 5.43762e-07 4.6892e-07 4.05443e-07 3.51339e-07 3.05019e-07 2.65204e-07 2.30857e-07 2.01129e-07 1.75323e-07 1.52861e-07 1.33267e-07 1.16141e-07 1.01151e-07 8.93085e-08
0.000743206 2.89747e-05 1.68709e-05 1.05547e-05 7.06358e-06 5.00926e-06 3.72162e-06 2.86558e-06 2.26655e-06 1.82926e-06 1.49907e-06 1.24307e-06 1.04043e-06 8.77365e-07 7.44465e-07 6.34893e-07 5.43762e-07 4.67405e-07 4.03014e-07 3.4841e-07 3.01875e-07 2.62042e-07 2.27809e-07 1.98283e-07 1.72733e-07 1.50557e-07 1.31259e-07 1.14427e-07 9.97187e-08 8.68461e-08 7.6664e-08
0.000659594 2.47503e-05 1.442e-05 9.03276e-06 6.05484e-06 4.30099e-06 3.20004e-06 2.4668e-06 1.95276e-06 1.5769e-06 1.29273e-06 1.07218e-06 8.97468e-07 7.56889e-07 6.42168e-07 5.47582e-07 4.6892e-07 4.03014e-07 3.47444e-07 3.00327e-07 2.60178e-07 2.25818e-07 1.96293e-07 1.70833e-07 1.48805e-07 1.2969e-07 1.13058e-07 9.8555e-08 8.58834e-08 7.47954e-08 6.60141e-08
0.000586111 2.11791e-05 1.23495e-05 7.74728e-06 5.20255e-06 3.70219e-06 2.75876e-06 2.12917e-06 1.68694e-06 1.36302e-06 1.11778e-06 9.27261e-07 7.76342e-07 6.54678e-07 5.55387e-07 4.73523e-07 4.05443e-07 3.4841e-07 3.00327e-07 2.59562e-07 2.24833e-07 1.95115e-07 1.69585e-07 1.47573e-07 1.28531e-07 1.12011e-07 9.76401e-08 8.51099e-08 7.41642e-08 6.4588e-08 5.69951e-08
0.000521253 1.81438e-05 1.05907e-05 6.65536e-06 4.47835e-06 3.19308e-06 2.38333e-06 1.84175e-06 1.46053e-06 1.18079e-06 9.68696e-07 8.0394e-07 6.73055e-07 5.67526e-07 4.81399e-07 4.10389e-07 3.51339e-07 3.01875e-07 2.60178e-07 2.24833e-07 1.94725e-07 1.68966e-07 1.4684e-07 1.27767e-07 1.11271e-07 9.69611e-08 8.45152e-08 7.36655e-08 6.41893e-08 5.59001e-08 4.93204e-08
0.000463786 1.55514e-05 9.08916e-06 5.72318e-06 3.85991e-06 2.75811e-06 2.06239e-06 1.59592e-06 1.2668e-06 1.02482e-06 8.4142e-07 6.98301e-07 5.8458e-07 4.9288e-07 4.18035e-07 3.56329e-07 3.05019e-07 2.62042e-07 2.25818e-07 1.95115e-07 1.68966e-07 1.46597e-07 1.27387e-07 1.10829e-07 9.65111e-08 8.40931e-08 7.32943e-08 6.38818e-08 5.56623e-08 4.84734e-08 4.27612e-08
0.000412682 1.33275e-05 7.80149e-06 4.92383e-06 3.32946e-06 2.38487e-06 1.78687e-06 1.3848e-06 1.10038e-06 8.91454e-07 7.3195e-07 6.0744e-07 5.08487e-07 4.28687e-07 3.63553e-07 3.09853e-07 2.65204e-07 2.27809e-07 1.96293e-07 1.69585e-07 1.4684e-07 1.27387e-07 1.10682e-07 9.62868e-08 8.38405e-08 7.30475e-08 6.36633e-08 5.54851e-08 4.83444e-08 4.21e-08 3.71335e-08
0.000367077 1.14119e-05 6.69283e-06 4.23569e-06 2.87277e-06 2.06344e-06 1.54951e-06 1.20287e-06 9.58174e-07 7.76332e-07 6.37446e-07 5.29002e-07 4.42803e-07 3.73281e-07 3.16536e-07 2.69753e-07 2.30857e-07 1.98283e-07 1.70833e-07 1.47573e-07 1.27767e-07 1.10829e-07 9.62868e-08 8.37564e-08 7.29243e-08 6.35324e-08 5.53675e-08 4.82529e-08 4.20418e-08 3.66109e-08 3.22877e-08
0.000326242 9.75585e-06 5.73491e-06 3.64131e-06 2.47832e-06 1.78579e-06 1.34446e-06 1.04811e-06 8.3504e-07 6.76625e-07 5.55591e-07 4.61064e-07 3.85915e-07 3.25303e-07 2.75827e-07 2.3504e-07 2.01129e-07 1.72733e-07 1.48805e-07 1.28531e-07 1.11271e-07 9.65111e-08 8.38405e-08 7.29243e-08 6.34887e-08 5.53088e-08 4.81984e-08 4.20035e-08 3.65958e-08 3.18681e-08 2.81016e-08
0.000289556 8.31956e-06 4.90474e-06 3.1265e-06 2.13682e-06 1.54547e-06 1.17184e-06 9.13747e-07 7.28096e-07 5.90011e-07 4.8448e-07 4.02044e-07 3.365e-07 2.83631e-07 2.40476e-07 2.049e-07 1.75323e-07 1.50557e-07 1.2969e-07 1.12011e-07 9.69611e-08 8.40931e-08 7.30475e-08 6.35324e-08 5.53088e-08 4.81803e-08 4.19845e-08 3.65871e-08 3.18761e-08 2.77578e-08 2.44746e-08
0.000256483 7.07038e-06 4.18359e-06 2.6798e-06 1.84078e-06 1.34706e-06 1.02166e-06 7.96788e-07 6.34968e-07 5.14572e-07 4.22539e-07 3.50636e-07 2.93463e-07 2.47343e-07 2.09696e-07 1.78661e-07 1.52861e-07 1.31259e-07 1.13058e-07 9.76401e-08 8.45152e-08 7.32943e-08 6.36633e-08 5.53675e-08 4.81984e-08 4.19845e-08 3.65843e-08 3.18802e-08 2.77748e-08 2.41862e-08 2.13236e-08
0.000226564 5.98163e-06 3.55629e-06 2.29203e-06 1.60418e-06 1.17419e-06 8.90708e-07 6.94741e-07 5.53687e-07 4.48718e-07 3.68465e-07 3.05759e-07 2.55895e-07 2.1567e-07 1.82836e-07 1.55768e-07 1.33267e-07 1.14427e-07 9.8555e-08 8.51099e-08 7.36655e-08 6.38818e-08 5.54851e-08 4.82529e-08 4.20035e-08 3.65871e-08 3.18802e-08 2.77805e-08 2.42026e-08 2.10754e-08 1.85798e-08
0.000199396 5.03162e-06 3.01074e-06 1.99692e-06 1.39779e-06 1.02324e-06 7.76276e-07 6.05529e-07 4.82608e-07 3.91123e-07 3.21171e-07 2.66511e-07 2.23042e-07 1.87976e-07 1.59353e-07 1.35756e-07 1.16141e-07 9.97187e-08 8.58834e-08 7.41642e-08 6.41893e-08 5.56623e-08 4.83444e-08 4.20418e-08 3.65958e-08 3.18761e-08 2.77748e-08 2.42026e-08 2.10854e-08 1.83609e-08 1.61859e-08
0.000174628 4.20304e-06 2.62231e-06 1.73912e-06 1.21732e-06 8.91147e-07 6.7609e-07 5.27396e-07 4.20346e-07 3.40667e-07 2.7974e-07 2.3213e-07 1.94267e-07 1.63723e-07 1.3879e-07 1.18236e-07 1.01151e-07 8.68461e-08 7.47954e-08 6.4588e-08 5.59001e-08 4.84734e-08 4.21e-08 3.66109e-08 3.18681e-08 2.77578e-08 2.41862e-08 2.10754e-08 1.83609e-08 1.59884e-08 1.4094e-08
0.00015739 3.71162e-06 2.31709e-06 1.53742e-06 1.07648e-06 7.8817e-07 5.97985e-07 4.66441e-07 3.71718e-07 3.01207e-07 2.47291e-07 2.05162e-07 1.71663e-07 1.44642e-07 1.2259e-07 1.04414e-07 8.93085e-08 7.6664e-08 6.60141e-08 5.69951e-08 4.93204e-08 4.27612e-08 3.71335e-08 3.22877e-08 2.81016e-08 2.44746e-08 2.13236e-08 1.85798e-08 1.61859e-08 1.4094e-08 1.2422e-08
