0.875166 0.0242758 0.0137087 0.00774139 0.00437162 0.00246868 0.00139408 0.000787247 0.000444564 0.000251048 0.000141769 8.00576e-05 4.52091e-05 2.55299e-05 1.44169e-05 8.14132e-06 4.59746e-06 2.59621e-06 1.4661e-06 8.27916e-07 4.6753e-07 2.64017e-07 1.49092e-07 8.41935e-08 4.75446e-08 2.68488e-08 1.51617e-08 8.5619e-09 4.83496e-09 2.73034e-09 1.54184e-09 8.70687e-10 4.91683e-10 2.77657e-10 1.56795e-10 8.85429e-11 5.00008e-11 2.82358e-11 1.59449e-11 9.00421e-12 5.08474e-12 2.87139e-12 1.62149e-12 9.15667e-13 5.17083e-13 2.92001e-13 1.64895e-13 9.31171e-14 5.25839e-14 2.96945e-14 1.67687e-14 9.46938e-15 5.34742e-15 3.01972e-15 1.70526e-15 9.62971e-16 5.43796e-16 3.07085e-16 1.73413e-16 9.79276e-17 5.53004e-17 3.12285e-17 1.76349e-17 9.95857e-18 5.62367e-18 3.17573e-18 1.79335e-18 1.01272e-18 5.71889e-19 3.2295e-19 1.82372e-19 1.02987e-19 5.81572e-20 3.28418e-20 1.8546e-20 1.0473e-20 5.91419e-21 3.33978e-21 1.886e-21 1.06504e-21 6.01433e-22 3.39633e-22 1.91793e-22 1.08307e-22 6.11617e-23 3.45384e-23 1.95041e-23 1.10141e-23 6.21972e-24 3.51232e-24 1.98343e-24 1.12006e-24 6.32504e-25 3.57179e-25 2.01701e-25 1.13902e-25 6.43213e-26 3.63227e-26 2.05117e-26 1.15831e-26 6.54104e-27
0.0242758 0.00228255 0.00133502 0.000779904 0.000455104 0.000265294 0.000154497 8.989e-05 5.2255e-05 3.03522e-05 1.76163e-05 1.0217e-05 5.9215e-06 3.42968e-06 1.9852e-06 1.1484e-06 6.63957e-07 3.83663e-07 2.21582e-07 1.2791e-07 7.38026e-08 4.25638e-08 2.45369e-08 1.4139e-08 8.14412e-09 4.68924e-09 2.69898e-09 1.5529e-09 8.93174e-10 5.13554e-10 2.95187e-10 1.69619e-10 9.7437e-11 5.59561e-11 3.21255e-11 1.8439e-11 1.05806e-11 6.06979e-12 3.48122e-12 1.99612e-12 1.1443e-12 6.55842e-13 3.75806e-13 2.15296e-13 1.23316e-13 7.06186e-14 4.04327e-14 2.31455e-14 1.32471e-14 7.58046e-15 4.33707e-15 2.48099e-15 1.41899e-15 8.1146e-16 4.63966e-16 2.6524e-16 1.5161e-16 8.66466e-17 4.95125e-17 2.8289e-17 1.61608e-17 9.23102e-18 5.27206e-18 3.01063e-18 1.71901e-18 9.81407e-19 5.60232e-19 3.19769e-19 1.82497e-19 1.04142e-19 5.94225e-20 3.39023e-20 1.93402e-20 1.10319e-20 6.29209e-21 3.58837e-21 2.04624e-21 1.16675e-21 6.65206e-22 3.79224e-22 2.16171e-22 1.23214e-22 7.02243e-23 4.002e-23 2.2805e-23 1.29942e-23 7.40343e-24 4.21777e-24 2.4027e-24 1.36862e-24 7.79531e-25 4.43969e-25 2.52837e-25 1.43979e-25 8.19835e-26 4.66793e-26 2.65762e-26 1.51298e-26 8.6128e-27 4.90262e-27 2.79052e-27
0.0137087 0.00133502 0.000784235 0.000460082 0.000269584 0.000157783 9.22492e-05 5.38803e-05 3.14405e-05 1.83301e-05 1.06777e-05 6.21505e-06 3.61483e-06 2.10099e-06 1.2203e-06 7.08322e-07 4.10895e-07 2.3822e-07 1.38034e-07 7.99396e-08 4.62721e-08 2.6771e-08 1.54814e-08 8.94872e-09 5.17042e-09 2.98616e-09 1.72396e-09 9.94898e-10 5.73944e-10 3.30984e-10 1.90808e-10 1.09963e-10 6.33512e-11 3.64865e-11 2.10078e-11 1.20922e-11 6.95836e-12 4.00307e-12 2.30233e-12 1.32383e-12 7.61007e-13 4.37364e-13 2.51303e-13 1.44362e-13 8.29119e-14 4.76088e-14 2.73318e-14 1.56878e-14 9.00269e-15 5.16534e-15 2.9631e-15 1.69947e-15 9.74556e-16 5.58759e-16 3.2031e-16 1.83588e-16 1.05208e-16 6.0282e-17 3.4535e-17 1.97819e-17 1.13295e-17 6.48777e-18 3.71466e-18 2.12659e-18 1.21728e-18 6.96691e-19 3.9869e-19 2.28127e-19 1.30517e-19 7.46625e-20 4.2706e-20 2.44245e-20 1.39673e-20 7.98643e-21 4.5661e-21 2.61031e-21 1.49209e-21 8.52811e-22 4.8738e-22 2.78509e-22 1.59136e-22 9.09198e-23 5.19407e-23 2.96699e-23 1.69468e-23 9.67874e-24 5.52731e-24 3.15625e-24 1.80216e-24 1.02891e-24 5.87392e-25 3.35308e-25 1.91393e-25 1.09238e-25 6.23433e-26 3.55773e-26 2.03013e-26 1.15836e-26 6.60897e-27 3.77044e-27 2.15091e-27
0.00774139 0.000779904 0.000460082 0.000271023 0.00015944 9.36808e-05 5.49792e-05 3.22311e-05 1.88759e-05 1.10439e-05 6.45575e-06 3.7705e-06 2.2004e-06 1.28313e-06 7.47699e-07 4.35394e-07 2.5337e-07 1.47352e-07 8.56442e-08 4.97501e-08 2.88838e-08 1.67606e-08 9.72091e-09 5.63532e-09 3.26536e-09 1.89127e-09 1.09495e-09 6.33658e-10 3.66562e-10 2.11971e-10 1.22531e-10 7.08052e-11 4.09012e-11 2.36192e-11 1.36351e-11 7.86896e-12 4.53991e-12 2.61851e-12 1.50987e-12 8.70376e-13 5.01605e-13 2.89005e-13 1.66473e-13 9.58686e-14 5.51962e-14 3.17719e-14 1.82844e-14 1.05203e-14 6.05176e-15 3.48055e-15 2.00138e-15 1.1506e-15 6.61364e-16 3.80081e-16 2.18391e-16 1.25463e-16 7.20648e-17 4.13865e-17 2.37642e-17 1.36433e-17 7.83153e-18 4.49478e-18 2.57932e-18 1.47993e-18 8.49009e-19 4.86994e-19 2.79303e-19 1.60166e-19 9.18348e-20 5.26489e-20 3.01798e-20 1.72977e-20 9.9131e-21 5.6804e-21 3.2546e-21 1.86452e-21 1.06804e-21 6.11729e-22 3.50336e-22 2.00615e-22 1.14868e-22 6.5764e-23 3.76473e-23 2.15495e-23 1.23338e-23 7.05858e-24 4.03921e-24 2.31118e-24 1.32231e-24 7.56474e-25 4.32729e-25 2.47514e-25 1.41562e-25 8.09579e-26 4.6295e-26 2.64712e-26 1.51349e-26 8.65268e-27 4.94639e-27 2.82743e-27 1.61608e-27
0.00437162 0.000455104 0.000269584 0.00015944 9.41606e-05 5.55333e-05 3.27107e-05 1.92448e-05 1.13099e-05 6.63975e-06 3.89423e-06 2.28188e-06 1.33594e-06 7.81486e-07 4.56793e-07 2.66806e-07 1.55728e-07 9.0834e-08 5.29484e-08 3.08456e-08 1.7959e-08 1.04503e-08 6.07778e-09 3.53297e-09 2.05269e-09 1.19207e-09 6.91967e-10 4.01495e-10 2.3286e-10 1.35e-10 7.82356e-11 4.53224e-11 2.62461e-11 1.51937e-11 8.7926e-12 5.08662e-12 2.94174e-12 1.70077e-12 9.8301e-13 5.67997e-13 3.28105e-13 1.89479e-13 1.09395e-13 6.31424e-14 3.64366e-14 2.10208e-14 1.21243e-14 6.99146e-15 4.0307e-15 2.32327e-15 1.33883e-15 7.71372e-16 4.44339e-16 2.55905e-16 1.47354e-16 8.48324e-17 4.88296e-17 2.81013e-17 1.61694e-17 9.30227e-18 5.3507e-18 3.07724e-18 1.76947e-18 1.01732e-18 5.84796e-19 3.36114e-19 1.93155e-19 1.10985e-19 6.37614e-20 3.66263e-20 2.10363e-20 1.20806e-20 6.93669e-21 3.98254e-21 2.28619e-21 1.31224e-21 7.53111e-22 4.3217e-22 2.4797e-22 1.42264e-22 8.16098e-23 4.68102e-23 2.68468e-23 1.53956e-23 8.82791e-24 5.06142e-24 2.90164e-24 1.6633e-24 9.53359e-25 5.46386e-25 3.13113e-25 1.79417e-25 1.02798e-25 5.88933e-26 3.37372e-26 1.93247e-26 1.10683e-26 6.33886e-27 3.62998e-27 2.07856e-27 1.1901e-27
0.00246868 0.000265294 0.000157783 9.36808e-05 5.55333e-05 3.28714e-05 1.94308e-05 1.14712e-05 6.7641e-06 3.98405e-06 2.34414e-06 1.37789e-06 8.09165e-07 4.74765e-07 2.78328e-07 1.63039e-07 9.54336e-08 5.58212e-08 3.26289e-08 1.906e-08 1.11269e-08 6.49187e-09 3.78546e-09 2.20613e-09 1.28504e-09 7.48148e-10 4.3536e-10 2.53227e-10 1.47224e-10 8.55579e-11 4.97007e-11 2.88598e-11 1.67516e-11 9.71983e-12 5.63774e-12 3.26889e-12 1.89474e-12 1.09789e-12 6.3596e-13 3.68272e-13 2.13196e-13 1.23385e-13 7.13881e-14 4.12925e-14 2.38782e-14 1.38045e-14 7.97867e-15 4.61036e-15 2.6634e-15 1.53829e-15 8.8826e-16 5.128e-16 2.9598e-16 1.708e-16 9.85422e-17 5.68423e-17 3.2782e-17 1.89024e-17 1.08973e-17 6.28117e-18 3.61981e-18 2.08572e-18 1.20158e-18 6.92108e-19 3.9859e-19 2.29514e-19 1.32137e-19 7.60629e-20 4.3778e-20 2.51927e-20 1.44955e-20 8.33924e-21 4.7969e-21 2.7589e-21 1.58655e-21 9.12248e-22 5.24465e-22 3.01485e-22 1.73285e-22 9.95867e-23 5.72256e-23 3.28797e-23 1.88893e-23 1.08506e-23 6.23222e-24 3.57918e-24 2.05531e-24 1.18011e-24 6.77526e-25 3.8894e-25 2.23252e-25 1.28134e-25 7.35341e-26 4.21961e-26 2.4211e-26 1.38904e-26 7.96846e-27 4.57082e-27 2.62166e-27 1.50355e-27 8.62228e-28
0.00139408 0.000154497 9.22492e-05 5.49792e-05 3.27107e-05 1.94308e-05 1.15253e-05 6.82677e-06 4.03852e-06 2.38621e-06 1.40833e-06 8.30309e-07 4.89037e-07 2.87763e-07 1.69177e-07 9.93755e-08 5.83271e-08 3.42082e-08 2.00482e-08 1.17414e-08 6.87196e-09 4.01945e-09 2.34958e-09 1.37266e-09 8.0149e-10 4.67737e-10 2.72825e-10 1.59057e-10 9.26868e-11 5.39865e-11 3.14314e-11 1.82918e-11 1.06408e-11 6.18759e-12 3.59669e-12 2.0899e-12 1.21393e-12 7.04871e-13 4.09149e-13 2.37418e-13 1.37723e-13 7.98675e-14 4.63024e-14 2.68356e-14 1.55489e-14 9.00673e-15 5.21579e-15 3.01968e-15 1.74781e-15 1.01139e-15 5.85114e-16 3.38424e-16 1.95697e-16 1.13138e-16 6.53945e-17 3.77903e-17 2.18339e-17 1.26123e-17 7.28401e-18 4.20595e-18 2.42815e-18 1.40154e-18 8.08833e-19 4.66697e-19 2.69237e-19 1.55297e-19 8.95605e-20 5.16417e-20 2.97725e-20 1.71617e-20 9.89102e-21 5.69974e-21 3.28401e-21 1.89187e-21 1.08973e-21 6.27598e-22 3.61398e-22 2.08081e-22 1.1979e-22 6.89529e-23 3.96852e-23 2.28376e-23 1.31407e-23 7.5602e-24 4.34907e-24 2.50154e-24 1.4387e-24 8.27335e-25 4.75713e-25 2.73502e-25 1.57227e-25 9.03753e-26 5.19428e-26 2.98508e-26 1.71531e-26 9.85564e-27 5.66218e-27 3.25267e-27 1.86834e-27 1.07307e-27 6.16257e-28
0.000787247 8.989e-05 5.38803e-05 3.22311e-05 1.92448e-05 1.14712e-05 6.82677e-06 4.05678e-06 2.40741e-06 1.42679e-06 8.44589e-07 4.99391e-07 2.94967e-07 1.74048e-07 1.02602e-07 6.04295e-08 3.55609e-08 2.09096e-08 1.22853e-08 7.21283e-09 4.23178e-09 2.48114e-09 1.45379e-09 8.51308e-10 4.98216e-10 2.91411e-10 1.70356e-10 9.95376e-11 5.81298e-11 3.39315e-11 1.97973e-11 1.15456e-11 6.73035e-12 3.92174e-12 2.28427e-12 1.32998e-12 7.74071e-13 4.50358e-13 2.61928e-13 1.52285e-13 8.85091e-14 5.14255e-14 2.98699e-14 1.73443e-14 1.00682e-14 5.84279e-15 3.38976e-15 1.96607e-15 1.14002e-15 6.60867e-16 3.83007e-16 2.21918e-16 1.2855e-16 7.4448e-17 4.31055e-17 2.49526e-17 1.44413e-17 8.35605e-18 4.834e-18 2.79591e-18 1.61679e-18 9.34758e-19 5.40333e-19 3.12279e-19 1.80445e-19 1.04248e-19 6.02167e-20 3.47768e-20 2.00812e-20 1.15935e-20 6.69227e-21 3.86243e-21 2.22885e-21 1.28598e-21 7.41858e-22 4.27902e-22 2.46777e-22 1.42299e-22 8.20426e-23 4.72952e-23 2.72606e-23 1.57107e-23 9.05313e-24 5.21611e-24 3.00496e-24 1.73092e-24 9.96924e-25 5.74109e-25 3.30579e-25 1.90329e-25 1.09568e-25 6.3069e-26 3.62993e-26 2.08897e-26 1.20204e-26 6.91609e-27 3.97883e-27 2.28879e-27 1.31647e-27 7.57135e-28 4.35403e-28
0.000444564 5.2255e-05 3.14405e-05 1.88759e-05 1.13099e-05 6.7641e-06 4.03852e-06 2.40741e-06 1.43297e-06 8.51786e-07 5.05668e-07 2.99832e-07 1.77582e-07 1.05064e-07 6.20976e-08 3.66675e-08 2.16319e-08 1.27508e-08 7.50978e-09 4.41956e-09 2.59903e-09 1.52734e-09 8.96954e-10 5.26409e-10 3.08751e-10 1.80983e-10 1.06027e-10 6.20815e-11 3.63311e-11 2.12508e-11 1.2424e-11 7.26008e-12 4.24058e-12 2.47582e-12 1.44488e-12 8.42876e-13 4.91501e-13 2.86496e-13 1.66937e-13 9.72365e-14 5.6618e-14 3.29558e-14 1.91764e-14 1.11548e-14 6.4867e-15 3.77097e-15 2.19156e-15 1.2733e-15 7.39581e-16 4.2946e-16 2.49313e-16 1.44695e-16 8.39565e-17 4.87021e-17 2.82446e-17 1.63765e-17 9.49312e-18 5.50172e-18 3.18781e-18 1.84669e-18 1.06955e-18 6.19332e-19 3.58556e-19 2.07541e-19 1.20107e-19 6.94945e-20 4.02024e-20 2.32528e-20 1.34469e-20 7.77482e-21 4.49455e-21 2.59782e-21 1.50127e-21 8.67442e-22 5.01132e-22 2.89465e-22 1.67176e-22 9.65354e-23 5.57358e-23 3.21751e-23 1.85713e-23 1.07178e-23 6.18452e-24 3.5682e-24 2.05842e-24 1.1873e-24 6.84753e-25 3.94866e-25 2.27673e-25 1.31256e-25 7.56617e-26 4.36094e-26 2.51323e-26 1.44822e-26 8.34424e-27 4.80717e-27 2.76914e-27 1.59497e-27 9.18572e-28 5.28966e-28 3.04577e-28
0.000251048 3.03522e-05 1.83301e-05 1.10439e-05 6.63975e-06 3.98405e-06 2.38621e-06 1.42679e-06 8.51786e-07 5.07771e-07 3.02283e-07 1.79723e-07 1.06727e-07 6.33071e-08 3.75119e-08 2.22048e-08 1.31315e-08 7.75864e-09 4.58021e-09 2.70166e-09 1.59235e-09 9.37829e-10 5.51951e-10 3.24626e-10 1.90803e-10 1.12076e-10 6.57939e-11 3.86018e-11 2.26355e-11 1.3266e-11 7.77089e-12 4.54973e-12 2.66253e-12 1.55741e-12 9.10585e-13 5.32171e-13 3.10886e-13 1.81542e-13 1.0597e-13 6.18335e-14 3.60667e-14 2.10298e-14 1.22578e-14 7.14243e-15 4.16042e-15 2.42264e-15 1.41029e-15 8.20724e-16 4.77483e-16 2.77712e-16 1.61477e-16 9.38664e-17 5.45499e-17 3.16931e-17 1.84089e-17 1.06901e-17 6.2063e-18 3.60231e-18 2.0904e-18 1.21277e-18 7.03453e-19 4.07941e-19 2.3652e-19 1.37103e-19 7.94585e-20 4.60412e-20 2.66729e-20 1.54493e-20 8.94681e-21 5.18021e-21 2.99881e-21 1.7357e-21 1.00444e-21 5.81166e-22 3.36205e-22 1.94463e-22 1.1246e-22 6.50271e-23 3.75943e-23 2.17311e-23 1.25597e-23 7.25789e-24 4.19353e-24 2.42263e-24 1.39937e-24 8.08201e-25 4.66709e-25 2.69473e-25 1.55571e-25 8.98016e-26 5.18304e-26 2.9911e-26 1.72593e-26 9.95778e-27 5.74447e-27 3.31349e-27 1.91104e-27 1.10206e-27 6.35466e-28 3.66378e-28 2.11212e-28
0.000141769 1.76163e-05 1.06777e-05 6.45575e-06 3.89423e-06 2.34414e-06 1.40833e-06 8.44589e-07 5.05668e-07 3.02283e-07 1.80441e-07 1.07564e-07 6.404e-08 3.80817e-08 2.26201e-08 1.34218e-08 7.95595e-09 4.71151e-09 2.78763e-09 1.64793e-09 9.73391e-10 5.74509e-10 3.38831e-10 1.99692e-10 1.1761e-10 6.92215e-11 4.07163e-11 2.3935e-11 1.4062e-11 8.25697e-12 4.84575e-12 2.84235e-12 1.66639e-12 9.76493e-13 5.71951e-13 3.34852e-13 1.95956e-13 1.14626e-13 6.70238e-14 3.91746e-14 2.28882e-14 1.33678e-14 7.80458e-15 4.55499e-15 2.65752e-15 1.54997e-15 9.03708e-16 5.26741e-16 3.06925e-16 1.78788e-16 1.04116e-16 6.06145e-17 3.52788e-17 2.05274e-17 1.19409e-17 6.94436e-18 4.03754e-18 2.3469e-18 1.36385e-18 7.92389e-19 4.60267e-19 2.6729e-19 1.55189e-19 9.00835e-20 5.22802e-20 3.03347e-20 1.75977e-20 1.02066e-20 5.9187e-21 3.43152e-21 1.98914e-21 1.15283e-21 6.68015e-22 3.87017e-22 2.24181e-22 1.29835e-22 7.51818e-23 4.35274e-23 2.51966e-23 1.45831e-23 8.43903e-24 4.88278e-24 2.82473e-24 1.63388e-24 9.44934e-25 5.46411e-25 3.15919e-25 1.8263e-25 1.05562e-25 6.10078e-26 3.52537e-26 2.03689e-26 1.17672e-26 6.7971e-27 3.92573e-27 2.26706e-27 1.30904e-27 7.5577e-28 4.3629e-28 2.51832e-28 1.45343e-28
8.00576e-05 1.0217e-05 6.21505e-06 3.7705e-06 2.28188e-06 1.37789e-06 8.30309e-07 4.99391e-07 2.99832e-07 1.79723e-07 1.07564e-07 6.42855e-08 3.83687e-08 2.28716e-08 1.36177e-08 8.09891e-09 4.81162e-09 2.85577e-09 1.69333e-09 1.00316e-09 5.93786e-10 3.51182e-10 2.07538e-10 1.22557e-10 7.23221e-11 4.26488e-11 2.51338e-11 1.48026e-11 8.71272e-12 5.12529e-12 3.01328e-12 1.77063e-12 1.03989e-12 6.10426e-13 3.58151e-13 2.10037e-13 1.2312e-13 7.21395e-14 4.22504e-14 2.47349e-14 1.44749e-14 8.46747e-15 4.95139e-15 2.89429e-15 1.69123e-15 9.87901e-16 5.7687e-16 3.36744e-16 1.9651e-16 1.14639e-16 6.68574e-17 3.89797e-17 2.27197e-17 1.32386e-17 7.71197e-18 4.49129e-18 2.61495e-18 1.5221e-18 8.85759e-19 5.15325e-19 2.99739e-19 1.74302e-19 1.01336e-19 5.89014e-20 3.42289e-20 1.98868e-20 1.15517e-20 6.70871e-21 3.89531e-21 2.26131e-21 1.31248e-21 7.61623e-22 4.41883e-22 2.56327e-22 1.48663e-22 8.62052e-23 4.99791e-23 2.89713e-23 1.67909e-23 9.72993e-24 5.63733e-24 3.26564e-24 1.89144e-24 1.09535e-24 6.34225e-25 3.67172e-25 2.12536e-25 1.23008e-25 7.11817e-26 4.11855e-26 2.38265e-26 1.37821e-26 7.971e-27 4.60949e-27 2.66523e-27 1.54086e-27 8.90705e-28 5.14815e-28 2.97519e-28 1.7192e-28 9.93308e-29
4.52091e-05 5.9215e-06 3.61483e-06 2.2004e-06 1.33594e-06 8.09165e-07 4.89037e-07 2.94967e-07 1.77582e-07 1.06727e-07 6.404e-08 3.83687e-08 2.29559e-08 1.37164e-08 8.1855e-09 4.87915e-09 2.90512e-09 1.72794e-09 1.02675e-09 6.09525e-10 3.61518e-10 2.14239e-10 1.26857e-10 7.50568e-11 4.43756e-11 2.62174e-11 1.54789e-11 9.1328e-12 5.38512e-12 3.1734e-12 1.86896e-12 1.1001e-12 6.47186e-13 3.80539e-13 2.23641e-13 1.31368e-13 7.71303e-14 4.52649e-14 2.65525e-14 1.55691e-14 9.12519e-15 5.34619e-15 3.13096e-15 1.83292e-15 1.07263e-15 6.27484e-16 3.66945e-16 2.14512e-16 1.2536e-16 7.32362e-17 4.27716e-17 2.4972e-17 1.45754e-17 8.50469e-18 4.96106e-18 2.89314e-18 1.68673e-18 9.83119e-19 5.72867e-19 3.33727e-19 1.94366e-19 1.13173e-19 6.58815e-20 3.83426e-20 2.23101e-20 1.29785e-20 7.5483e-21 4.38917e-21 2.55167e-21 1.48312e-21 8.61864e-22 5.00744e-22 2.90876e-22 1.68934e-22 9.80941e-23 5.69494e-23 3.30565e-23 1.91843e-23 1.11317e-23 6.45802e-24 3.74597e-24 2.17249e-24 1.25973e-24 7.30348e-25 4.23363e-25 2.45373e-25 1.42192e-25 8.23868e-26 4.77282e-26 2.76458e-26 1.60111e-26 9.27151e-27 5.36808e-27 3.10762e-27 1.79878e-27 1.04104e-27 6.02426e-28 3.48563e-28 2.01652e-28 1.16646e-28 6.74656e-29
2.55299e-05 3.42968e-06 2.10099e-06 1.28313e-06 7.81486e-07 4.74765e-07 2.87763e-07 1.74048e-07 1.05064e-07 6.33071e-08 3.80817e-08 2.28716e-08 1.37164e-08 8.2145e-09 4.91315e-09 2.935e-09 1.75128e-09 1.04383e-09 6.21518e-10 3.69702e-10 2.19708e-10 1.30452e-10 7.73912e-11 4.58753e-11 2.71726e-11 1.60828e-11 9.51224e-12 5.62223e-12 3.32086e-12 1.96029e-12 1.15644e-12 6.81832e-13 4.01778e-13 2.36624e-13 1.39285e-13 8.19463e-14 4.81883e-14 2.83236e-14 1.66401e-14 9.77171e-15 5.73585e-15 3.36545e-15 1.97384e-15 1.1572e-15 6.78173e-16 3.97292e-16 2.3266e-16 1.36201e-16 7.97055e-17 4.66285e-17 2.72692e-17 1.59425e-17 9.3176e-18 5.44403e-18 3.17987e-18 1.85683e-18 1.08396e-18 6.32604e-19 3.69092e-19 2.1529e-19 1.25545e-19 7.31925e-20 4.26605e-20 2.48588e-20 1.44821e-20 8.43494e-21 4.91172e-21 2.85949e-21 1.66436e-21 9.68535e-22 5.63495e-22 3.27775e-22 1.90622e-22 1.10837e-22 6.44334e-23 3.74502e-23 2.17629e-23 1.26444e-23 7.34512e-24 4.26602e-24 2.47726e-24 1.43828e-24 8.34916e-25 4.84584e-25 2.81206e-25 1.63158e-25 9.46509e-26 5.49e-26 3.18385e-26 1.84615e-26 1.07033e-26 6.20444e-27 3.59604e-27 2.08394e-27 1.20749e-27 6.99557e-28 4.05231e-28 2.34706e-28 1.35921e-28 7.87033e-29 4.55662e-29
1.44169e-05 1.9852e-06 1.2203e-06 7.47699e-07 4.56793e-07 2.78328e-07 1.69177e-07 1.02602e-07 6.20976e-08 3.75119e-08 2.26201e-08 1.36177e-08 8.1855e-09 4.91315e-09 2.94501e-09 1.76303e-09 1.05417e-09 6.29604e-10 3.75627e-10 2.23873e-10 1.33299e-10 7.92956e-11 4.71291e-11 2.79875e-11 1.66069e-11 9.84648e-12 5.83382e-12 3.45396e-12 2.04356e-12 1.2083e-12 7.13982e-13 4.21636e-13 2.48849e-13 1.46788e-13 8.65381e-14 5.09914e-14 3.00308e-14 1.76776e-14 1.0401e-14 6.11678e-15 3.59566e-15 2.11274e-15 1.24088e-15 7.28516e-16 4.27537e-16 2.50808e-16 1.47077e-16 8.62167e-17 5.05222e-17 2.95953e-17 1.73307e-17 1.01453e-17 5.93714e-18 3.47338e-18 2.03139e-18 1.1877e-18 6.9421e-19 4.0565e-19 2.36969e-19 1.38393e-19 8.08013e-20 4.7164e-20 2.75227e-20 1.6057e-20 9.36546e-21 5.46123e-21 3.18383e-21 1.8557e-21 1.08136e-21 6.2999e-22 3.66947e-22 2.13688e-22 1.24413e-22 7.24209e-23 4.21476e-23 2.45242e-23 1.4267e-23 8.2983e-24 4.82572e-24 2.80579e-24 1.63106e-24 9.47996e-25 5.50892e-25 3.20075e-25 1.85936e-25 1.07994e-25 6.27146e-26 3.64137e-26 2.11394e-26 1.22702e-26 7.12104e-27 4.13209e-27 2.39734e-27 1.39068e-27 8.06602e-28 4.67767e-28 2.71231e-28 1.57249e-28 9.11541e-29 5.28331e-29 3.06181e-29
8.14132e-06 1.1484e-06 7.08322e-07 4.35394e-07 2.66806e-07 1.63039e-07 9.93755e-08 6.04295e-08 3.66675e-08 2.22048e-08 1.34218e-08 8.09891e-09 4.87915e-09 2.935e-09 1.76303e-09 1.05763e-09 6.33674e-10 3.79214e-10 2.26681e-10 1.35359e-10 8.07456e-11 4.81211e-11 2.8652e-11 1.70449e-11 1.01315e-11 6.01736e-12 3.57114e-12 2.11782e-12 1.25507e-12 7.43276e-13 4.39897e-13 2.60184e-13 1.53797e-13 9.0858e-14 5.36456e-14 3.1657e-14 1.86714e-14 1.10069e-14 6.4854e-15 3.81947e-15 2.24838e-15 1.32294e-15 7.78077e-16 4.57427e-16 2.68808e-16 1.57903e-16 9.27191e-17 5.44233e-17 3.1933e-17 1.87301e-17 1.09822e-17 6.43707e-18 3.77176e-18 2.20933e-18 1.29371e-18 7.57325e-19 4.43196e-19 2.59287e-19 1.51649e-19 8.86703e-20 5.18318e-20 3.02898e-20 1.76963e-20 1.03361e-20 6.0356e-21 3.52352e-21 2.05649e-21 1.19998e-21 7.00036e-22 4.08288e-22 2.38076e-22 1.38793e-22 8.0896e-23 4.71405e-23 2.74644e-23 1.59977e-23 9.3166e-24 5.42465e-24 3.15792e-24 1.83801e-24 1.06958e-24 6.22299e-25 3.61998e-25 2.1054e-25 1.2243e-25 7.11812e-26 4.1378e-26 2.40492e-26 1.39753e-26 8.11988e-27 4.71704e-27 2.73982e-27 1.59113e-27 9.23898e-28 5.36385e-28 3.11361e-28 1.80713e-28 1.0487e-28 6.08489e-29 3.53015e-29 2.04773e-29
4.59746e-06 6.63957e-07 4.10895e-07 2.5337e-07 1.55728e-07 9.54336e-08 5.83271e-08 3.55609e-08 2.16319e-08 1.31315e-08 7.95595e-09 4.81162e-09 2.90512e-09 1.75128e-09 1.05417e-09 6.33674e-10 3.80414e-10 2.28094e-10 1.36606e-10 8.17229e-11 4.88388e-11 2.91578e-11 1.73914e-11 1.03638e-11 6.17066e-12 3.67101e-12 2.18221e-12 1.29622e-12 7.69384e-13 4.56358e-13 2.70505e-13 1.60238e-13 9.48603e-14 5.61232e-14 3.31855e-14 1.96115e-14 1.15835e-14 6.83814e-15 4.03475e-15 2.37948e-15 1.40262e-15 8.26418e-16 4.86702e-16 2.86508e-16 1.68588e-16 9.91604e-17 5.8301e-17 3.42645e-17 2.01302e-17 1.1822e-17 6.94029e-18 4.07298e-18 2.38945e-18 1.40132e-18 8.21557e-19 4.81503e-19 2.82114e-19 1.65241e-19 9.67571e-20 5.66398e-20 3.31464e-20 1.93924e-20 1.13425e-20 6.63236e-21 3.87718e-21 2.26596e-21 1.32397e-21 7.73393e-22 4.51665e-22 2.63713e-22 1.53937e-22 8.98377e-23 5.24175e-23 3.05773e-23 1.78332e-23 1.03984e-23 6.06198e-24 3.53325e-24 2.05895e-24 1.19959e-24 6.98774e-25 4.06965e-25 2.36972e-25 1.37961e-25 8.03041e-26 4.67349e-26 2.71937e-26 1.58205e-26 9.20239e-27 5.35189e-27 3.11202e-27 1.80928e-27 1.05172e-27 6.11264e-28 3.55213e-28 2.06387e-28 1.19897e-28 6.96424e-29 4.04458e-29 2.34861e-29 1.3636e-29
2.59621e-06 3.83663e-07 2.3822e-07 1.47352e-07 9.0834e-08 5.58212e-08 3.42082e-08 2.09096e-08 1.27508e-08 7.75864e-09 4.71151e-09 2.85577e-09 1.72794e-09 1.04383e-09 6.29604e-10 3.79214e-10 2.28094e-10 1.37023e-10 8.22146e-11 4.92731e-11 2.94986e-11 1.76419e-11 1.05406e-11 6.29188e-12 3.75238e-12 2.23596e-12 1.33127e-12 7.92008e-13 4.70833e-13 2.79699e-13 1.6604e-13 9.85021e-14 5.83982e-14 3.46006e-14 2.04884e-14 1.2125e-14 7.17155e-15 4.23945e-15 2.50483e-15 1.4792e-15 8.73099e-16 5.15101e-16 3.03753e-16 1.79042e-16 1.05487e-16 6.21238e-17 3.65712e-17 2.15202e-17 1.26585e-17 7.44311e-18 4.37487e-18 2.57051e-18 1.5098e-18 8.86486e-19 5.20328e-19 3.0531e-19 1.79087e-19 1.05016e-19 6.15615e-20 3.60774e-20 2.11365e-20 1.23797e-20 7.24873e-21 4.24322e-21 2.48321e-21 1.45283e-21 8.49781e-22 4.96922e-22 2.90511e-22 1.69797e-22 9.92192e-23 5.79641e-23 3.3855e-23 1.97692e-23 1.15414e-23 6.7365e-24 3.93113e-24 2.29356e-24 1.33786e-24 7.80238e-25 4.54941e-25 2.65216e-25 1.54582e-25 9.00818e-26 5.24848e-26 3.05739e-26 1.7807e-26 1.03694e-26 6.03725e-27 3.5144e-27 2.04545e-27 1.1903e-27 6.92547e-28 4.02878e-28 2.3433e-28 1.36275e-28 7.92382e-29 4.60668e-29 2.67779e-29 1.55632e-29 9.04397e-30
1.4661e-06 2.21582e-07 1.38034e-07 8.56442e-08 5.29484e-08 3.26289e-08 2.00482e-08 1.22853e-08 7.50978e-09 4.58021e-09 2.78763e-09 1.69333e-09 1.02675e-09 6.21518e-10 3.75627e-10 2.26681e-10 1.36606e-10 8.22146e-11 4.94185e-11 2.96701e-11 1.77935e-11 1.06597e-11 6.37953e-12 3.81429e-12 2.27845e-12 1.35982e-12 8.10888e-13 4.83158e-13 2.87661e-13 1.71139e-13 1.01744e-13 6.04462e-14 3.58874e-14 2.1293e-14 1.2626e-14 7.48229e-15 4.43154e-15 2.62321e-15 1.55195e-15 9.17688e-16 5.42368e-16 3.2039e-16 1.89173e-16 1.11644e-16 6.58599e-17 3.88343e-17 2.2889e-17 1.34852e-17 7.94171e-18 4.67521e-18 2.7512e-18 1.61839e-18 9.51666e-19 5.59414e-19 3.28725e-19 1.93101e-19 1.13395e-19 6.6568e-20 3.90661e-20 2.29192e-20 1.34422e-20 7.88155e-21 4.61986e-21 2.70722e-21 1.58598e-21 9.28872e-22 5.43874e-22 3.18367e-22 1.86315e-22 1.09008e-22 6.37621e-23 3.72875e-23 2.18002e-23 1.27426e-23 7.44658e-24 4.3507e-24 2.54136e-24 1.48415e-24 8.66563e-25 5.05861e-25 2.95239e-25 1.72277e-25 1.00507e-25 5.8625e-26 3.41888e-26 1.99345e-26 1.1621e-26 6.77337e-27 3.94719e-27 2.29982e-27 1.33975e-27 7.80334e-28 4.54426e-28 2.6459e-28 1.54033e-28 8.96568e-29 5.21776e-29 3.0361e-29 1.76637e-29 1.0275e-29 5.97604e-30
8.27916e-07 1.2791e-07 7.99396e-08 4.97501e-08 3.08456e-08 1.906e-08 1.17414e-08 7.21283e-09 4.41956e-09 2.70166e-09 1.64793e-09 1.00316e-09 6.09525e-10 3.69702e-10 2.23873e-10 1.35359e-10 8.17229e-11 4.92731e-11 2.96701e-11 1.78443e-11 1.07196e-11 6.43255e-12 3.85598e-12 2.30916e-12 1.38154e-12 8.25806e-13 4.93192e-13 2.94303e-13 1.75479e-13 1.0455e-13 6.22453e-14 3.70322e-14 2.2017e-14 1.30813e-14 7.76724e-15 4.60912e-15 2.73346e-15 1.62016e-15 9.59765e-16 5.68248e-16 3.36268e-16 1.98891e-16 1.17579e-16 6.94772e-17 4.10349e-17 2.42253e-17 1.42954e-17 8.43216e-18 4.97168e-18 2.93016e-18 1.72628e-18 1.01663e-18 5.9849e-19 3.52201e-19 2.07191e-19 1.21843e-19 7.16284e-20 4.20945e-20 2.47301e-20 1.45241e-20 8.52742e-21 5.00513e-21 2.93687e-21 1.72278e-21 1.0103e-21 5.92313e-22 3.47163e-22 2.03423e-22 1.19166e-22 6.97904e-23 4.08629e-23 2.39196e-23 1.39983e-23 8.19018e-24 4.79082e-24 2.80174e-24 1.63812e-24 9.5757e-25 5.59629e-25 3.26992e-25 1.91022e-25 1.11568e-25 6.51489e-26 3.80354e-26 2.22016e-26 1.29568e-26 7.5601e-27 4.41039e-27 2.57244e-27 1.50015e-27 8.74679e-28 5.099e-28 2.97198e-28 1.73194e-28 1.00913e-28 5.87883e-29 3.42422e-29 1.99418e-29 1.16117e-29 6.76023e-30 3.93513e-30
4.6753e-07 7.38026e-08 4.62721e-08 2.88838e-08 1.7959e-08 1.11269e-08 6.87196e-09 4.23178e-09 2.59903e-09 1.59235e-09 9.73391e-10 5.93786e-10 3.61518e-10 2.19708e-10 1.33299e-10 8.07456e-11 4.88388e-11 2.94986e-11 1.77935e-11 1.07196e-11 6.4503e-12 3.87695e-12 2.32774e-12 1.39616e-12 8.36587e-13 5.00822e-13 2.99549e-13 1.79012e-13 1.06891e-13 6.37758e-14 3.80228e-14 2.26526e-14 1.34861e-14 8.02346e-15 4.7704e-15 2.83449e-15 1.68318e-15 9.98925e-16 5.92499e-16 3.5124e-16 2.08108e-16 1.23239e-16 7.2944e-17 4.31539e-17 2.55179e-17 1.50824e-17 8.91052e-18 5.26194e-18 3.10603e-18 1.83267e-18 1.08091e-18 6.37274e-19 3.75575e-19 2.21261e-19 1.30303e-19 7.67099e-20 4.51437e-20 2.65581e-20 1.56189e-20 9.18262e-21 5.39689e-21 3.17093e-21 1.86251e-21 1.09366e-21 6.42004e-22 3.76765e-22 2.21046e-22 1.29651e-22 7.60245e-23 4.45673e-23 2.61197e-23 1.53042e-23 8.96486e-24 5.25015e-24 3.07395e-24 1.79936e-24 1.05303e-24 6.1612e-25 3.60407e-25 2.10778e-25 1.23244e-25 7.20465e-26 4.21086e-26 2.46059e-26 1.43754e-26 8.39684e-27 4.90373e-27 2.86322e-27 1.67148e-27 9.75587e-28 5.69314e-28 3.32169e-28 1.93772e-28 1.13017e-28 6.5906e-29 3.84265e-29 2.24009e-29 1.30565e-29 7.60884e-30 4.43343e-30 2.58282e-30
2.64017e-07 4.25638e-08 2.6771e-08 1.67606e-08 1.04503e-08 6.49187e-09 4.01945e-09 2.48114e-09 1.52734e-09 9.37829e-10 5.74509e-10 3.51182e-10 2.14239e-10 1.30452e-10 7.92956e-11 4.81211e-11 2.91578e-11 1.76419e-11 1.06597e-11 6.43255e-12 3.87695e-12 2.33396e-12 1.40351e-12 8.43107e-13 5.05957e-13 3.0334e-13 1.81696e-13 1.08738e-13 6.5021e-14 3.88485e-14 2.3193e-14 1.38362e-14 8.2483e-15 4.91373e-15 2.92528e-15 1.74038e-15 1.03479e-15 6.14888e-16 3.65164e-16 2.16738e-16 1.28571e-16 7.62294e-17 4.5173e-17 2.67558e-17 1.58397e-17 9.37283e-18 5.54365e-18 3.27739e-18 1.93674e-18 1.14401e-18 6.75479e-19 3.98675e-19 2.3521e-19 1.38716e-19 8.17783e-20 4.81937e-20 2.83915e-20 1.672e-20 9.84319e-21 5.79285e-21 3.40807e-21 2.00441e-21 1.1785e-21 6.92693e-22 4.07027e-22 2.391e-22 1.40414e-22 8.24368e-23 4.83852e-23 2.83914e-23 1.66551e-23 9.76775e-24 5.72707e-24 3.35708e-24 1.96736e-24 1.15267e-24 6.7518e-25 3.95399e-25 2.31501e-25 1.3551e-25 7.93041e-26 4.64008e-26 2.71434e-26 1.58749e-26 9.28256e-27 5.42672e-27 3.17191e-27 1.85361e-27 1.08301e-27 6.32651e-28 3.695e-28 2.15767e-28 1.25973e-28 7.35342e-29 4.29167e-29 2.50431e-29 1.46109e-29 8.52295e-30 4.97086e-30 2.89869e-30 1.69006e-30
1.49092e-07 2.45369e-08 1.54814e-08 9.72091e-09 6.07778e-09 3.78546e-09 2.34958e-09 1.45379e-09 8.96954e-10 5.51951e-10 3.38831e-10 2.07538e-10 1.26857e-10 7.73912e-11 4.71291e-11 2.8652e-11 1.73914e-11 1.05406e-11 6.37953e-12 3.85598e-12 2.32774e-12 1.40351e-12 8.45289e-13 5.0854e-13 3.05632e-13 1.83503e-13 1.10073e-13 6.59672e-14 3.95002e-14 2.36326e-14 1.41279e-14 8.43942e-15 5.03764e-15 3.00492e-15 1.79119e-15 1.067e-15 6.35197e-16 3.77907e-16 2.247e-16 1.33527e-16 7.93036e-17 4.7074e-17 2.7928e-17 1.65606e-17 9.81518e-18 5.81447e-18 3.44285e-18 2.03765e-18 1.20544e-18 7.12813e-19 4.2133e-19 2.48938e-19 1.47023e-19 8.67982e-20 5.12236e-20 3.02182e-20 1.782e-20 1.0505e-20 6.19057e-21 3.64686e-21 2.14765e-21 1.26435e-21 7.44104e-22 4.37788e-22 2.57492e-22 1.51402e-22 8.89969e-23 5.2299e-23 3.07249e-23 1.80454e-23 1.05956e-23 6.21973e-24 3.65009e-24 2.14154e-24 1.25614e-24 7.36622e-25 4.31863e-25 2.53131e-25 1.48334e-25 8.6904e-26 5.09026e-26 2.98088e-26 1.74524e-26 1.02158e-26 5.97855e-27 3.4981e-27 2.04634e-27 1.19685e-27 6.99862e-28 4.09169e-28 2.39171e-28 1.39776e-28 8.16729e-29 4.77136e-29 2.78695e-29 1.62756e-29 9.50323e-30 5.54792e-30 3.23828e-30 1.88984e-30 1.10272e-30
8.41935e-08 1.4139e-08 8.94872e-09 5.63532e-09 3.53297e-09 2.20613e-09 1.37266e-09 8.51308e-10 5.26409e-10 3.24626e-10 1.99692e-10 1.22557e-10 7.50568e-11 4.58753e-11 2.79875e-11 1.70449e-11 1.03638e-11 6.29188e-12 3.81429e-12 2.30916e-12 1.39616e-12 8.43107e-13 5.0854e-13 3.06398e-13 1.84412e-13 1.1088e-13 6.66039e-14 3.9971e-14 2.39666e-14 1.43581e-14 8.59481e-15 5.14084e-15 3.07259e-15 1.8351e-15 1.09524e-15 6.53229e-16 3.89348e-16 2.31919e-16 1.3806e-16 8.21382e-17 4.88396e-17 2.90241e-17 1.72389e-17 1.02338e-17 6.07211e-18 3.60105e-18 2.13458e-18 1.26471e-18 7.48984e-19 4.43366e-19 2.6234e-19 1.55162e-19 9.17335e-20 5.42122e-20 3.20256e-20 1.89118e-20 1.11636e-20 6.58753e-21 3.88584e-21 2.29138e-21 1.35071e-21 7.95942e-22 4.68879e-22 2.76123e-22 1.62558e-22 9.56717e-23 5.62896e-23 3.3109e-23 1.94688e-23 1.14449e-23 6.72608e-24 3.95181e-24 2.32121e-24 1.36308e-24 8.00231e-25 4.69679e-25 2.756e-25 1.61679e-25 9.48249e-26 5.56021e-26 3.25956e-26 1.91042e-26 1.11945e-26 6.55817e-27 3.84121e-27 2.24937e-27 1.31694e-27 7.70866e-28 4.51134e-28 2.63965e-28 1.54419e-28 9.03178e-29 5.28156e-29 3.08795e-29 1.80509e-29 1.05499e-29 6.16482e-30 3.60177e-30 2.10395e-30 1.2288e-30 7.17551e-31
4.75446e-08 8.14412e-09 5.17042e-09 3.26536e-09 2.05269e-09 1.28504e-09 8.0149e-10 4.98216e-10 3.08751e-10 1.90803e-10 1.1761e-10 7.23221e-11 4.43756e-11 2.71726e-11 1.66069e-11 1.01315e-11 6.17066e-12 3.75238e-12 2.27845e-12 1.38154e-12 8.36587e-13 5.05957e-13 3.05632e-13 1.84412e-13 1.1115e-13 6.6924e-14 4.02555e-14 2.41912e-14 1.45244e-14 8.71282e-15 5.22226e-15 3.12759e-15 1.87165e-15 1.11923e-15 6.68804e-16 3.99374e-16 2.38325e-16 1.42128e-16 8.47068e-17 5.04538e-17 3.00342e-17 1.78686e-17 1.06249e-17 6.31436e-18 3.75065e-18 2.22672e-18 1.32133e-18 7.83701e-19 4.64609e-19 2.75314e-19 1.63072e-19 9.65477e-20 5.71379e-20 3.3801e-20 1.99876e-20 1.18147e-20 6.98108e-21 4.12345e-21 2.43467e-21 1.43703e-21 8.47898e-22 5.00118e-22 2.94888e-22 1.73821e-22 1.02426e-22 6.03365e-23 3.55319e-23 2.09184e-23 1.23115e-23 7.24382e-24 4.26091e-24 2.50564e-24 1.47304e-24 8.6576e-25 5.08705e-25 2.9883e-25 1.75498e-25 1.03042e-25 6.0485e-26 3.5496e-26 2.08261e-26 1.22162e-26 7.16421e-27 4.20051e-27 2.4623e-27 1.44306e-27 8.45545e-28 4.95334e-28 2.90115e-28 1.69885e-28 9.94607e-29 5.82188e-29 3.40715e-29 1.99359e-29 1.16627e-29 6.82153e-30 3.9892e-30 2.33244e-30 1.36351e-30 7.96951e-31 4.65725e-31
2.68488e-08 4.68924e-09 2.98616e-09 1.89127e-09 1.19207e-09 7.48148e-10 4.67737e-10 2.91411e-10 1.80983e-10 1.12076e-10 6.92215e-11 4.26488e-11 2.62174e-11 1.60828e-11 9.84648e-12 6.01736e-12 3.67101e-12 2.23596e-12 1.35982e-12 8.25806e-13 5.00822e-13 3.0334e-13 1.83503e-13 1.1088e-13 6.6924e-14 4.03507e-14 2.43042e-14 1.46248e-14 8.7922e-15 5.28103e-15 3.16934e-15 1.90048e-15 1.13871e-15 6.81767e-16 4.07886e-16 2.43856e-16 1.45691e-16 8.69851e-17 5.19015e-17 3.0949e-17 1.84439e-17 1.09852e-17 6.53909e-18 3.89036e-18 2.3133e-18 1.37484e-18 8.16682e-19 4.8489e-19 2.87758e-19 1.70691e-19 1.01204e-19 5.99788e-20 3.55313e-20 2.10399e-20 1.24537e-20 7.36856e-21 4.3581e-21 2.57661e-21 1.52279e-21 8.99648e-22 5.31316e-22 3.13677e-22 1.85125e-22 1.09221e-22 6.44175e-23 3.79808e-23 2.23867e-23 1.31912e-23 7.77046e-24 4.57597e-24 2.69398e-24 1.58556e-24 9.32939e-25 5.48788e-25 3.2273e-25 1.89741e-25 1.11525e-25 6.5535e-26 3.85005e-26 2.26128e-26 1.32781e-26 7.79503e-27 4.57508e-27 2.6846e-27 1.57494e-27 9.23748e-28 5.41686e-28 3.17578e-28 1.86149e-28 1.09089e-28 6.39166e-29 3.7442e-29 2.1929e-29 1.28408e-29 7.5177e-30 4.40042e-30 2.57527e-30 1.50686e-30 8.81542e-31 5.15627e-31 3.01545e-31
1.51617e-08 2.69898e-09 1.72396e-09 1.09495e-09 6.91967e-10 4.3536e-10 2.72825e-10 1.70356e-10 1.06027e-10 6.57939e-11 4.07163e-11 2.51338e-11 1.54789e-11 9.51224e-12 5.83382e-12 3.57114e-12 2.18221e-12 1.33127e-12 8.10888e-13 4.93192e-13 2.99549e-13 1.81696e-13 1.10073e-13 6.66039e-14 4.02555e-14 2.43042e-14 1.46584e-14 8.8321e-15 5.31655e-15 3.19743e-15 1.92129e-15 1.15351e-15 6.91988e-16 4.148e-16 2.48458e-16 1.48715e-16 8.89515e-17 5.3169e-17 3.17601e-17 1.89596e-17 1.13113e-17 6.74432e-18 4.01896e-18 2.39358e-18 1.42478e-18 8.47653e-19 5.04042e-19 2.99571e-19 1.7796e-19 1.05668e-19 6.27135e-20 3.72037e-20 2.20609e-20 1.3076e-20 7.74722e-21 4.5882e-21 2.71623e-21 1.6074e-21 9.5086e-22 5.62276e-22 3.32374e-22 1.96404e-22 1.16018e-22 6.85095e-23 4.04421e-23 2.38659e-23 1.40793e-23 8.30333e-24 4.89543e-24 2.88535e-24 1.70012e-24 1.00147e-24 5.89752e-25 3.47203e-25 2.04352e-25 1.20243e-25 7.07335e-26 4.15987e-26 2.44582e-26 1.43768e-26 8.44873e-27 4.96384e-27 2.91569e-27 1.71224e-27 1.00528e-27 5.90086e-28 3.46295e-28 2.0318e-28 1.19186e-28 6.98998e-29 4.09862e-29 2.40276e-29 1.4083e-29 8.25266e-30 4.83513e-30 2.83229e-30 1.65877e-30 9.71299e-31 5.68643e-31 3.32849e-31 1.94795e-31
8.5619e-09 1.5529e-09 9.94898e-10 6.33658e-10 4.01495e-10 2.53227e-10 1.59057e-10 9.95376e-11 6.20815e-11 3.86018e-11 2.3935e-11 1.48026e-11 9.1328e-12 5.62223e-12 3.45396e-12 2.11782e-12 1.29622e-12 7.92008e-13 4.83158e-13 2.94303e-13 1.79012e-13 1.08738e-13 6.59672e-14 3.9971e-14 2.41912e-14 1.46248e-14 8.8321e-15 5.32843e-15 3.21154e-15 1.93386e-15 1.16346e-15 6.99363e-16 4.20047e-16 2.52086e-16 1.51171e-16 9.05871e-17 5.42445e-17 3.24598e-17 1.9411e-17 1.16003e-17 6.9282e-18 4.13532e-18 2.46686e-18 1.47072e-18 8.76353e-19 5.21908e-19 3.10658e-19 1.84821e-19 1.09902e-19 6.53207e-20 3.88055e-20 2.3043e-20 1.3677e-20 8.11436e-21 4.8121e-21 2.85257e-21 1.6903e-21 1.00119e-21 5.92799e-22 3.50859e-22 2.07587e-22 1.22775e-22 7.25883e-23 4.29017e-23 2.53476e-23 1.49711e-23 8.8396e-24 5.21763e-24 3.07878e-24 1.81615e-24 1.07102e-24 6.31412e-25 3.72139e-25 2.19268e-25 1.29159e-25 7.60598e-26 4.47786e-26 2.63556e-26 1.55082e-26 9.12309e-27 5.36555e-27 3.15486e-27 1.85456e-27 1.08993e-27 6.40408e-28 3.76197e-28 2.2094e-28 1.2973e-28 7.61568e-29 4.46977e-29 2.62282e-29 1.53873e-29 9.02542e-30 5.29279e-30 3.10324e-30 1.81912e-30 1.06616e-30 6.24741e-31 3.66014e-31 2.14395e-31 1.2556e-31
4.83496e-09 8.93174e-10 5.73944e-10 3.66562e-10 2.3286e-10 1.47224e-10 9.26868e-11 5.81298e-11 3.63311e-11 2.26355e-11 1.4062e-11 8.71272e-12 5.38512e-12 3.32086e-12 2.04356e-12 1.25507e-12 7.69384e-13 4.70833e-13 2.87661e-13 1.75479e-13 1.06891e-13 6.5021e-14 3.95002e-14 2.39666e-14 1.45244e-14 8.7922e-15 5.31655e-15 3.21154e-15 1.93807e-15 1.16846e-15 7.03819e-16 4.23575e-16 2.54703e-16 1.53034e-16 9.18759e-17 5.51175e-17 3.30416e-17 1.97938e-17 1.18496e-17 7.08908e-18 4.2384e-18 2.53248e-18 1.51228e-18 9.02535e-19 5.38335e-19 3.20926e-19 1.91217e-19 1.13873e-19 6.77798e-20 4.03242e-20 2.39787e-20 1.42522e-20 8.46727e-21 5.0282e-21 2.98466e-21 1.7709e-21 1.05031e-21 6.22679e-22 3.69013e-22 2.18602e-22 1.2945e-22 7.66289e-23 4.53448e-23 2.68232e-23 1.58615e-23 9.37628e-24 5.54084e-24 3.27325e-24 1.93307e-24 1.14125e-24 6.73566e-25 3.97421e-25 2.3442e-25 1.38234e-25 8.14913e-26 4.80273e-26 2.82974e-26 1.66683e-26 9.81565e-27 5.77878e-27 3.40129e-27 2.00144e-27 1.17743e-27 6.92505e-28 4.07201e-28 2.39382e-28 1.40694e-28 8.26729e-29 4.85684e-29 2.85265e-29 1.67514e-29 9.83467e-30 5.7727e-30 3.38773e-30 1.98769e-30 1.16602e-30 6.8387e-31 4.01013e-31 2.35104e-31 1.3781e-31 8.07644e-32
2.73034e-09 5.13554e-10 3.30984e-10 2.11971e-10 1.35e-10 8.55579e-11 5.39865e-11 3.39315e-11 2.12508e-11 1.3266e-11 8.25697e-12 5.12529e-12 3.1734e-12 1.96029e-12 1.2083e-12 7.43276e-13 4.56358e-13 2.79699e-13 1.71139e-13 1.0455e-13 6.37758e-14 3.88485e-14 2.36326e-14 1.43581e-14 8.71282e-15 5.28103e-15 3.19743e-15 1.93386e-15 1.16846e-15 7.05309e-16 4.25348e-16 2.56284e-16 1.54286e-16 9.28057e-17 5.57797e-17 3.35001e-17 2.01045e-17 1.20567e-17 7.22549e-18 4.32726e-18 2.58987e-18 1.54907e-18 9.25974e-19 5.53186e-19 3.30289e-19 1.97095e-19 1.1755e-19 7.00711e-20 4.17479e-20 2.48607e-20 1.47973e-20 8.8033e-21 5.2349e-21 3.11155e-21 1.84865e-21 1.09786e-21 6.51713e-22 3.86714e-22 2.29377e-22 1.36001e-22 8.06059e-23 4.77563e-23 2.82837e-23 1.67451e-23 9.91028e-24 5.86323e-24 3.4677e-24 2.05024e-24 1.21179e-24 7.15999e-25 4.22925e-25 2.49737e-25 1.47426e-25 8.70035e-26 5.13305e-26 3.02756e-26 1.78521e-26 1.05237e-26 6.20197e-27 3.65408e-27 2.15236e-27 1.26748e-27 7.4621e-28 4.39211e-28 2.58452e-28 1.5205e-28 8.94311e-29 5.25886e-29 3.0917e-29 1.81721e-29 1.06787e-29 6.27393e-30 3.68526e-30 2.16424e-30 1.27073e-30 7.45952e-31 4.37807e-31 2.56903e-31 1.5072e-31 8.84076e-32 5.18473e-32
1.54184e-09 2.95187e-10 1.90808e-10 1.22531e-10 7.82356e-11 4.97007e-11 3.14314e-11 1.97973e-11 1.2424e-11 7.77089e-12 4.84575e-12 3.01328e-12 1.86896e-12 1.15644e-12 7.13982e-13 4.39897e-13 2.70505e-13 1.6604e-13 1.01744e-13 6.22453e-14 3.80228e-14 2.3193e-14 1.41279e-14 8.59481e-15 5.22226e-15 3.16934e-15 1.92129e-15 1.16346e-15 7.03819e-16 4.25348e-16 2.56813e-16 1.54916e-16 9.33672e-17 5.62248e-17 3.38307e-17 2.03401e-17 1.22199e-17 7.33616e-18 4.40111e-18 2.63852e-18 1.58078e-18 9.46466e-19 5.6633e-19 3.38667e-19 2.02406e-19 1.209e-19 7.2176e-20 4.30651e-20 2.56821e-20 1.5308e-20 9.11987e-21 5.43064e-21 3.23229e-21 1.92296e-21 1.1435e-21 6.79697e-22 4.03839e-22 2.3984e-22 1.42383e-22 8.44934e-23 5.01209e-23 2.97201e-23 1.76166e-23 1.04384e-23 6.18292e-24 3.66101e-24 2.16701e-24 1.28226e-24 7.58487e-25 4.48519e-25 2.65141e-25 1.5669e-25 9.25702e-26 5.4673e-26 3.22811e-26 1.90546e-26 1.12442e-26 6.6334e-27 3.91226e-27 2.30676e-27 1.35976e-27 8.01333e-28 4.7212e-28 2.78089e-28 1.6376e-28 9.64113e-29 5.67472e-29 3.33934e-29 1.96461e-29 1.15556e-29 6.79539e-30 3.99521e-30 2.3484e-30 1.3801e-30 8.10884e-31 4.7634e-31 2.79761e-31 1.64274e-31 9.64421e-32 5.66081e-32 3.32206e-32
8.70687e-10 1.69619e-10 1.09963e-10 7.08052e-11 4.53224e-11 2.88598e-11 1.82918e-11 1.15456e-11 7.26008e-12 4.54973e-12 2.84235e-12 1.77063e-12 1.1001e-12 6.81832e-13 4.21636e-13 2.60184e-13 1.60238e-13 9.85021e-14 6.04462e-14 3.70322e-14 2.26526e-14 1.38362e-14 8.43942e-15 5.14084e-15 3.12759e-15 1.90048e-15 1.15351e-15 6.99363e-16 4.23575e-16 2.56284e-16 1.54916e-16 9.35549e-17 5.64485e-17 3.40303e-17 2.04985e-17 1.23376e-17 7.42008e-18 4.45926e-18 2.67798e-18 1.60712e-18 9.63829e-19 5.77655e-19 3.45989e-19 2.07106e-19 1.23898e-19 7.4077e-20 4.42651e-20 2.64364e-20 1.57802e-20 9.41454e-21 5.61394e-21 3.34598e-21 1.9933e-21 1.18691e-21 7.0643e-22 4.20269e-22 2.49918e-22 1.48554e-22 8.82655e-23 5.24232e-23 3.11233e-23 1.84705e-23 1.09574e-23 6.49799e-24 3.85205e-24 2.28271e-24 1.35226e-24 8.00796e-25 4.74066e-25 2.80552e-25 1.65978e-25 9.81636e-26 5.80386e-26 3.43046e-26 2.02702e-26 1.1974e-26 7.07122e-27 4.17472e-27 2.46401e-27 1.45391e-27 8.57667e-28 5.05808e-28 2.98223e-28 1.75786e-28 1.03591e-28 6.10313e-29 3.59483e-29 2.1169e-29 1.2463e-29 7.33573e-30 4.31684e-30 2.53976e-30 1.49391e-30 8.78537e-31 5.1654e-31 3.03639e-31 1.78452e-31 1.04856e-31 6.16002e-32 3.61812e-32 2.12471e-32
4.91683e-10 9.7437e-11 6.33512e-11 4.09012e-11 2.62461e-11 1.67516e-11 1.06408e-11 6.73035e-12 4.24058e-12 2.66253e-12 1.66639e-12 1.03989e-12 6.47186e-13 4.01778e-13 2.48849e-13 1.53797e-13 9.48603e-14 5.83982e-14 3.58874e-14 2.2017e-14 1.34861e-14 8.2483e-15 5.03764e-15 3.07259e-15 1.87165e-15 1.13871e-15 6.91988e-16 4.20047e-16 2.54703e-16 1.54286e-16 9.33672e-17 5.64485e-17 3.40971e-17 2.0578e-17 1.24087e-17 7.47646e-18 4.50119e-18 2.70789e-18 1.62786e-18 9.77909e-19 5.8706e-19 3.52192e-19 2.11153e-19 1.26516e-19 7.57585e-20 4.5338e-20 2.71173e-20 1.62103e-20 9.68498e-21 5.78336e-21 3.45175e-21 2.05913e-21 1.22777e-21 7.31719e-22 4.35885e-22 2.5954e-22 1.5447e-22 9.18966e-23 5.46478e-23 3.24838e-23 1.93014e-23 1.14641e-23 6.80649e-24 4.03966e-24 2.39666e-24 1.42139e-24 8.42685e-25 4.99423e-25 2.95886e-25 1.75242e-25 1.03755e-25 6.14102e-26 3.6336e-26 2.14932e-26 1.27096e-26 7.51342e-27 4.44033e-27 2.62343e-27 1.54954e-27 9.14986e-28 5.40144e-28 3.18778e-28 1.88085e-28 1.10945e-28 6.54264e-29 3.85735e-29 2.27363e-29 1.33981e-29 7.89343e-30 4.64929e-30 2.73783e-30 1.61187e-30 9.48756e-31 5.58321e-31 3.28489e-31 1.93225e-31 1.13636e-31 6.68155e-32 3.92781e-32 2.30853e-32 1.35655e-32
