0.530779 0.0692073 0.0359651 0.0201923 0.0117306 0.00687013 0.00400169 0.00230471 0.00131024 0.000735493 0.000408133 0.000224196 0.000122083 6.59824e-05 3.54331e-05 1.89232e-05 1.0058e-05 5.32402e-06 2.80803e-06 1.47635e-06 7.74033e-07 4.04807e-07 2.11236e-07 1.10005e-07 5.71822e-08 2.96733e-08 1.53715e-08 7.94509e-09 4.08834e-09 2.076e-09 1.07057e-09
0.0692073 0.0140663 0.00727046 0.00376591 0.00192308 0.000967536 0.000481242 0.000237517 0.000116671 5.71632e-05 2.79768e-05 1.36907e-05 6.70292e-06 3.28442e-06 1.61097e-06 7.91011e-07 3.88818e-07 1.91322e-07 9.42357e-08 4.6459e-08 2.29245e-08 1.13208e-08 5.59462e-09 2.76661e-09 1.36885e-09 6.77431e-10 3.35026e-10 1.65053e-10 8.01073e-11 3.67831e-11 1.82631e-11
0.0359651 0.00727046 0.00338431 0.0016316 0.000794915 0.000387719 0.000188846 9.18571e-05 4.46554e-05 2.17141e-05 1.05678e-05 5.14967e-06 2.51314e-06 1.22839e-06 6.01355e-07 2.94835e-07 1.44757e-07 7.11652e-08 3.50281e-08 1.726e-08 8.51328e-09 4.20285e-09 2.07653e-09 1.02666e-09 5.07808e-10 2.51094e-10 1.23824e-10 6.04057e-11 2.8349e-11 1.39456e-11 6.92643e-12
0.0201923 0.00376591 0.0016316 0.000742592 0.000346852 0.000164176 7.82761e-05 3.74941e-05 1.80236e-05 8.69113e-06 4.20311e-06 2.03822e-06 9.90933e-07 4.82909e-07 2.35846e-07 1.15411e-07 5.65761e-08 2.77787e-08 1.36587e-08 6.72453e-09 3.31443e-09 1.63529e-09 8.07529e-10 3.9902e-10 1.97175e-10 9.72632e-11 4.76125e-11 2.26865e-11 1.11975e-11 5.50851e-12 2.73617e-12
0.0117306 0.00192308 0.000794915 0.000346852 0.000156638 7.22691e-05 3.38062e-05 1.59651e-05 7.59328e-06 3.63208e-06 1.74561e-06 8.42397e-07 4.07978e-07 1.98205e-07 9.6557e-08 4.71522e-08 2.3075e-08 1.13134e-08 5.55594e-09 2.73246e-09 1.34557e-09 6.63344e-10 3.27303e-10 1.61561e-10 7.96724e-11 3.9087e-11 1.88267e-11 9.29481e-12 4.58766e-12 2.25664e-12 1.12075e-12
0.00687013 0.000967536 0.000387719 0.000164176 7.22691e-05 3.26694e-05 1.50426e-05 7.01845e-06 3.30726e-06 1.57064e-06 7.50634e-07 3.60629e-07 1.74029e-07 8.42994e-08 4.09674e-08 1.99651e-08 9.75345e-09 4.77489e-09 2.3419e-09 1.15047e-09 5.65957e-10 2.78736e-10 1.37381e-10 6.76926e-11 3.32464e-11 1.61318e-11 7.96021e-12 3.92959e-12 1.93921e-12 9.53691e-13 4.73496e-13
0.00400169 0.000481242 0.000188846 7.82761e-05 3.38062e-05 1.50426e-05 6.83962e-06 3.15979e-06 1.47751e-06 6.97429e-07 3.31707e-07 1.58744e-07 7.63615e-08 3.68918e-08 1.78886e-08 8.70127e-09 4.24381e-09 2.0746e-09 1.01622e-09 4.98645e-10 2.45037e-10 1.20544e-10 5.93192e-11 2.91385e-11 1.42036e-11 7.00302e-12 3.45493e-12 1.70511e-12 8.41211e-13 4.13584e-13 2.05249e-13
0.00230471 0.000237517 9.18571e-05 3.74941e-05 1.59651e-05 7.01845e-06 3.15979e-06 1.44828e-06 6.72972e-07 3.16073e-07 1.49721e-07 7.14148e-08 3.42587e-08 1.65127e-08 7.99097e-09 3.8802e-09 1.88958e-09 9.2248e-10 4.51311e-10 2.21199e-10 1.08573e-10 5.33355e-11 2.61827e-11 1.27943e-11 6.30136e-12 3.10587e-12 1.53177e-12 7.55704e-13 3.72684e-13 1.83169e-13 9.08542e-14
0.00131024 0.000116671 4.46554e-05 1.80236e-05 7.59328e-06 3.30726e-06 1.47751e-06 6.72972e-07 3.11126e-07 1.45526e-07 6.8703e-08 3.26788e-08 1.56395e-08 7.52294e-09 3.63415e-09 1.7619e-09 8.56816e-10 4.17762e-10 2.04145e-10 9.9941e-11 4.89902e-11 2.40188e-11 1.1747e-11 5.77773e-12 2.84442e-12 1.40141e-12 6.90861e-13 3.40694e-13 1.67945e-13 8.25128e-14 4.09046e-14
0.000735493 5.71632e-05 2.17141e-05 8.69113e-06 3.63208e-06 1.57064e-06 6.97429e-07 3.16073e-07 1.45526e-07 6.78388e-08 3.19367e-08 1.51547e-08 7.23802e-09 3.47548e-09 1.67628e-09 8.11547e-10 3.94152e-10 1.91951e-10 9.36912e-11 4.58106e-11 2.24187e-11 1.09608e-11 5.38222e-12 2.6459e-12 1.30196e-12 6.41151e-13 3.15924e-13 1.55723e-13 7.6729e-14 3.76833e-14 1.86703e-14
0.000408133 2.79768e-05 1.05678e-05 4.20311e-06 1.74561e-06 7.50634e-07 3.31707e-07 1.49721e-07 6.8703e-08 3.19367e-08 1.49993e-08 7.10302e-09 3.38643e-09 1.6235e-09 7.8194e-10 3.78078e-10 1.83406e-10 8.92164e-11 4.3495e-11 2.1236e-11 1.03698e-11 5.08213e-12 2.4941e-12 1.22542e-12 6.0267e-13 2.96632e-13 1.46091e-13 7.19752e-14 3.54477e-14 1.74025e-14 8.61724e-15
0.000224196 1.36907e-05 5.14967e-06 2.03822e-06 8.42397e-07 3.60629e-07 1.58744e-07 7.14148e-08 3.26788e-08 1.51547e-08 7.10302e-09 3.35772e-09 1.59831e-09 7.6517e-10 3.68061e-10 1.7775e-10 8.61294e-11 4.18488e-11 2.03752e-11 9.93008e-12 4.85566e-12 2.3782e-12 1.16642e-12 5.72763e-13 2.81532e-13 1.38496e-13 6.81742e-14 3.35712e-14 1.65261e-14 8.11019e-15 4.01371e-15
0.000122083 6.70292e-06 2.51314e-06 9.90933e-07 4.07978e-07 1.74029e-07 7.63615e-08 3.42587e-08 1.56395e-08 7.23802e-09 3.38643e-09 1.59831e-09 7.59737e-10 3.63248e-10 1.74521e-10 8.41879e-11 4.07476e-11 1.97739e-11 9.61238e-12 4.68815e-12 2.29089e-12 1.12131e-12 5.49621e-13 2.6973e-13 1.32507e-13 6.51502e-14 3.20537e-14 1.57766e-14 7.76282e-15 3.80822e-15 1.88366e-15
6.59824e-05 3.28442e-06 1.22839e-06 4.82909e-07 1.98205e-07 8.42994e-08 3.68918e-08 1.65127e-08 7.52294e-09 3.47548e-09 1.6235e-09 7.6517e-10 3.63248e-10 1.73471e-10 8.32499e-11 4.01146e-11 1.93925e-11 9.39738e-12 4.56976e-12 2.22719e-12 1.0876e-12 5.31997e-13 2.60604e-13 1.27818e-13 6.27571e-14 3.08397e-14 1.51655e-14 7.46077e-15 3.66942e-15 1.79947e-15 8.89612e-16
3.54331e-05 1.61097e-06 6.01355e-07 2.35846e-07 9.6557e-08 4.09674e-08 1.78886e-08 7.99097e-09 3.63415e-09 1.67628e-09 7.8194e-10 3.68061e-10 1.74521e-10 8.32499e-11 3.9908e-11 1.92074e-11 9.27286e-12 4.49404e-12 2.18378e-12 1.06359e-12 5.19032e-13 2.53723e-13 1.24214e-13 6.08883e-14 2.98791e-14 1.46755e-14 7.21315e-15 3.54692e-15 1.74372e-15 8.54826e-16 4.22393e-16
1.89232e-05 7.91011e-07 2.94835e-07 1.15411e-07 4.71522e-08 1.99651e-08 8.70127e-09 3.8802e-09 1.7619e-09 8.11547e-10 3.78078e-10 1.7775e-10 8.41879e-11 4.01146e-11 1.92074e-11 9.23207e-12 4.4571e-12 2.15852e-12 1.04815e-12 5.10142e-13 2.48789e-13 1.21543e-13 5.94682e-14 2.91344e-14 1.42893e-14 7.01484e-15 3.44623e-15 1.69386e-15 8.32383e-16 4.07925e-16 2.01471e-16
1.0058e-05 3.88818e-07 1.44757e-07 5.65761e-08 2.3075e-08 9.75345e-09 4.24381e-09 1.88958e-09 8.56816e-10 3.94152e-10 1.83406e-10 8.61294e-11 4.07476e-11 1.93925e-11 9.27286e-12 4.4571e-12 2.15023e-12 1.04059e-12 5.0495e-13 2.45602e-13 1.19702e-13 5.84439e-14 2.8579e-14 1.39938e-14 6.8599e-15 3.366e-15 1.65288e-15 8.12055e-16 3.98895e-16 1.95425e-16 9.64745e-17
5.32402e-06 1.91322e-07 7.11652e-08 2.77787e-08 1.13134e-08 4.77489e-09 2.0746e-09 9.2248e-10 4.17762e-10 1.91951e-10 8.92164e-11 4.18488e-11 1.97739e-11 9.39738e-12 4.49404e-12 2.15852e-12 1.04059e-12 5.03241e-13 2.44038e-13 1.18622e-13 5.77794e-14 2.81943e-14 1.37795e-14 6.74364e-15 3.30417e-15 1.62053e-15 7.95412e-16 3.9062e-16 1.91806e-16 9.394e-17 4.63547e-17
2.80803e-06 9.42357e-08 3.50281e-08 1.36587e-08 5.55594e-09 2.3419e-09 1.01622e-09 4.51311e-10 2.04145e-10 9.36912e-11 4.3495e-11 2.03752e-11 9.61238e-12 4.56976e-12 2.18378e-12 1.04815e-12 5.0495e-13 2.44038e-13 1.18267e-13 5.74525e-14 2.79681e-14 1.36399e-14 6.66276e-15 3.25911e-15 1.59611e-15 7.82456e-16 3.83894e-16 1.88451e-16 9.2501e-17 4.52907e-17 2.23394e-17
1.47635e-06 4.6459e-08 1.726e-08 6.72453e-09 2.73246e-09 1.15047e-09 4.98645e-10 2.21199e-10 9.9941e-11 4.58106e-11 2.1236e-11 9.93008e-12 4.68815e-12 2.22719e-12 1.06359e-12 5.10142e-13 2.45602e-13 1.18622e-13 5.74525e-14 2.78935e-14 1.35711e-14 6.61507e-15 3.22966e-15 1.57904e-15 7.72962e-16 3.78764e-16 1.85756e-16 9.11514e-17 4.47257e-17 2.18927e-17 1.07941e-17
7.74033e-07 2.29245e-08 8.51328e-09 3.31443e-09 1.34557e-09 5.65957e-10 2.45037e-10 1.08573e-10 4.89902e-11 2.24187e-11 1.03698e-11 4.85566e-12 2.29089e-12 1.0876e-12 5.19032e-13 2.48789e-13 1.19702e-13 5.77794e-14 2.79681e-14 1.35711e-14 6.5993e-15 3.21511e-15 1.56895e-15 7.66737e-16 3.75164e-16 1.8376e-16 9.00855e-17 4.41891e-17 2.16751e-17 1.06069e-17 5.22769e-18
4.04807e-07 1.13208e-08 4.20285e-09 1.63529e-09 6.63344e-10 2.78736e-10 1.20544e-10 5.33355e-11 2.40188e-11 1.09608e-11 5.08213e-12 2.3782e-12 1.12131e-12 5.31997e-13 2.53723e-13 1.21543e-13 5.84439e-14 2.81943e-14 1.36399e-14 6.61507e-15 3.21511e-15 1.56561e-15 7.63655e-16 3.73029e-16 1.82446e-16 8.93293e-17 4.37757e-17 2.14654e-17 1.05256e-17 5.14946e-18 2.53701e-18
2.11236e-07 5.59462e-09 2.07653e-09 8.07529e-10 3.27303e-10 1.37381e-10 5.93192e-11 2.61827e-11 1.1747e-11 5.38222e-12 2.4941e-12 1.16642e-12 5.49621e-13 2.60604e-13 1.24214e-13 5.94682e-14 2.8579e-14 1.37795e-14 6.66276e-15 3.22966e-15 1.56895e-15 7.63655e-16 3.72321e-16 1.81794e-16 8.88791e-17 4.35004e-17 2.13096e-17 1.04456e-17 5.12043e-18 2.50447e-18 1.23346e-18
1.10005e-07 2.76661e-09 1.02666e-09 3.9902e-10 1.61561e-10 6.76926e-11 2.91385e-11 1.27943e-11 5.77773e-12 2.6459e-12 1.22542e-12 5.72763e-13 2.6973e-13 1.27818e-13 6.08883e-14 2.91344e-14 1.39938e-14 6.74364e-15 3.25911e-15 1.57904e-15 7.66737e-16 3.73029e-16 1.81794e-16 8.87297e-17 4.33633e-17 2.12157e-17 1.03894e-17 5.09108e-18 2.49489e-18 1.22e-18 6.00652e-19
5.71822e-08 1.36885e-09 5.07808e-10 1.97175e-10 7.96724e-11 3.32464e-11 1.42036e-11 6.30136e-12 2.84442e-12 1.30196e-12 6.0267e-13 2.81532e-13 1.32507e-13 6.27571e-14 2.98791e-14 1.42893e-14 6.8599e-15 3.30417e-15 1.59611e-15 7.72962e-16 3.75164e-16 1.82446e-16 8.88791e-17 4.33633e-17 2.11844e-17 1.0361e-17 5.07216e-18 2.48472e-18 1.21729e-18 5.95124e-19 2.92908e-19
2.96733e-08 6.77431e-10 2.51094e-10 9.72632e-11 3.9087e-11 1.61318e-11 7.00302e-12 3.10587e-12 1.40141e-12 6.41151e-13 2.96632e-13 1.38496e-13 6.51502e-14 3.08397e-14 1.46755e-14 7.01484e-15 3.366e-15 1.62053e-15 7.82456e-16 3.78764e-16 1.8376e-16 8.93293e-17 4.35004e-17 2.12157e-17 1.0361e-17 5.06575e-18 2.47913e-18 1.2141e-18 5.94642e-19 2.90654e-19 1.4301e-19
1.53715e-08 3.35026e-10 1.23824e-10 4.76125e-11 1.88267e-11 7.96021e-12 3.45493e-12 1.53177e-12 6.90861e-13 3.15924e-13 1.46091e-13 6.81742e-14 3.20537e-14 1.51655e-14 7.21315e-15 3.44623e-15 1.65288e-15 7.95412e-16 3.83894e-16 1.85756e-16 9.00855e-17 4.37757e-17 2.13096e-17 1.03894e-17 5.07216e-18 2.47913e-18 1.2129e-18 5.93825e-19 2.90769e-19 1.42096e-19 6.98951e-20
7.94509e-09 1.65053e-10 6.04057e-11 2.26865e-11 9.29481e-12 3.92959e-12 1.70511e-12 7.55704e-13 3.40694e-13 1.55723e-13 7.19752e-14 3.35712e-14 1.57766e-14 7.46077e-15 3.54692e-15 1.69386e-15 8.12055e-16 3.9062e-16 1.88451e-16 9.11514e-17 4.41891e-17 2.14654e-17 1.04456e-17 5.09108e-18 2.48472e-18 1.2141e-18 5.93825e-19 2.90655e-19 1.42286e-19 6.95205e-20 3.41869e-20
4.08834e-09 8.01073e-11 2.8349e-11 1.11975e-11 4.58766e-12 1.93921e-12 8.41211e-13 3.72684e-13 1.67945e-13 7.6729e-14 3.54477e-14 1.65261e-14 7.76282e-15 3.66942e-15 1.74372e-15 8.32383e-16 3.98895e-16 1.91806e-16 9.2501e-17 4.47257e-17 2.16751e-17 1.05256e-17 5.12043e-18 2.49489e-18 1.21729e-18 5.94642e-19 2.90769e-19 1.42286e-19 6.96386e-20 3.40193e-20 1.67249e-20
2.076e-09 3.67831e-11 1.39456e-11 5.50851e-12 2.25664e-12 9.53691e-13 4.13584e-13 1.83169e-13 8.25128e-14 3.76833e-14 1.74025e-14 8.11019e-15 3.80822e-15 1.79947e-15 8.54826e-16 4.07925e-16 1.95425e-16 9.394e-17 4.52907e-17 2.18927e-17 1.06069e-17 5.14946e-18 2.50447e-18 1.22e-18 5.95124e-19 2.90654e-19 1.42096e-19 6.95205e-20 3.40193e-20 1.66166e-20 8.16761e-21
1.07057e-09 1.82631e-11 6.92643e-12 2.73617e-12 1.12075e-12 4.73496e-13 2.05249e-13 9.08542e-14 4.09046e-14 1.86703e-14 8.61724e-15 4.01371e-15 1.88366e-15 8.89612e-16 4.22393e-16 2.01471e-16 9.64745e-17 4.63547e-17 2.23394e-17 1.07941e-17 5.22769e-18 2.53701e-18 1.23346e-18 6.00652e-19 2.92908e-19 1.4301e-19 6.98951e-20 3.41869e-20 1.67249e-20 8.16761e-21 4.01354e-21
