0.98788 0.00145049 0.00109671 0.000829222 0.000626972 0.000474052 0.00035843 0.000271008 0.000204908 0.000154931 0.000117143 8.85714e-05 6.69686e-05 5.06348e-05 3.82848e-05 2.89471e-05 2.18868e-05 1.65486e-05 1.25123e-05 9.46054e-06 7.15309e-06 5.40844e-06 4.08931e-06 3.09191e-06 2.33779e-06 1.7676e-06 1.33648e-06 1.01051e-06 7.64041e-07 5.77689e-07 4.3679e-07 3.30255e-07 2.49705e-07 1.88802e-07 1.42752e-07 1.07935e-07 8.16092e-08 6.17045e-08 4.66546e-08 3.52755e-08 2.66717e-08 2.01664e-08 1.52478e-08 1.15288e-08 8.7169e-09 6.59082e-09 4.98331e-09 3.76787e-09 2.84887e-09 2.15403e-09 1.62865e-09 1.23142e-09 9.31075e-10 7.03983e-10 5.3228e-10 4.02456e-10 3.04296e-10 2.30077e-10 1.73961e-10 1.31531e-10 9.94506e-11 7.51943e-11 5.68543e-11 4.29874e-11 3.25026e-11 2.45752e-11 1.85812e-11 1.40492e-11 1.06226e-11 8.03171e-12 6.07275e-12 4.59159e-12 3.47169e-12 2.62494e-12 1.98471e-12 1.50063e-12 1.13463e-12 8.57888e-13 6.48647e-13 4.9044e-13 3.70821e-13 2.80377e-13 2.11992e-13 1.60287e-13 1.21192e-13 9.16333e-14 6.92837e-14 5.23852e-14 3.96084e-14 2.99478e-14 2.26434e-14 1.71207e-14 1.29449e-14 9.78759e-15 7.40038e-15 5.59541e-15 4.23067e-15 3.1988e-15 2.41861e-15 1.8287e-15 1.38268e-15
0.00145049 1.31937e-05 1.00022e-05 7.5827e-06 5.74842e-06 4.35783e-06 3.30361e-06 2.50441e-06 1.89853e-06 1.43922e-06 1.09102e-06 8.27063e-07 6.26959e-07 4.75267e-07 3.60274e-07 2.73102e-07 2.07021e-07 1.56928e-07 1.18956e-07 9.01709e-08 6.83509e-08 5.18108e-08 3.92729e-08 2.97689e-08 2.25647e-08 1.71039e-08 1.29645e-08 9.82687e-09 7.44855e-09 5.6458e-09 4.27934e-09 3.24358e-09 2.4585e-09 1.86343e-09 1.41239e-09 1.07051e-09 8.11386e-10 6.14979e-10 4.66112e-10 3.53279e-10 2.67759e-10 2.02939e-10 1.53811e-10 1.16575e-10 8.83526e-11 6.69625e-11 5.07507e-11 3.84636e-11 2.91511e-11 2.20932e-11 1.6744e-11 1.26899e-11 9.61729e-12 7.28863e-12 5.52379e-12 4.18625e-12 3.17257e-12 2.40434e-12 1.82212e-12 1.38088e-12 1.04649e-12 7.93064e-13 6.01009e-13 4.55461e-13 3.45159e-13 2.61568e-13 1.9822e-13 1.50213e-13 1.13833e-13 8.6263e-14 6.53701e-14 4.95372e-14 3.75389e-14 2.84465e-14 2.15564e-14 1.6335e-14 1.23783e-14 9.37994e-15 7.10783e-15 5.38607e-15 4.08136e-15 3.09269e-15 2.3435e-15 1.77579e-15 1.3456e-15 1.01962e-15 7.72609e-16 5.85435e-16 4.43603e-16 3.36132e-16 2.54696e-16 1.92989e-16 1.46231e-16 1.10802e-16 8.3956e-17 6.36142e-17 4.82009e-17 3.65219e-17 2.76726e-17 2.09674e-17 1.58868e-17
0.00109671 1.00022e-05 7.58295e-06 5.74879e-06 4.35825e-06 3.30403e-06 2.5048e-06 1.89889e-06 1.43954e-06 1.0913e-06 8.27297e-07 6.27157e-07 4.75431e-07 3.60409e-07 2.73213e-07 2.07112e-07 1.57002e-07 1.19015e-07 9.02187e-08 6.83892e-08 5.18414e-08 3.92973e-08 2.97883e-08 2.25801e-08 1.7116e-08 1.29741e-08 9.83445e-09 7.45452e-09 5.65049e-09 4.28302e-09 3.24647e-09 2.46077e-09 1.8652e-09 1.41377e-09 1.07159e-09 8.12229e-10 6.15636e-10 4.66624e-10 3.53677e-10 2.68068e-10 2.0318e-10 1.53997e-10 1.16719e-10 8.84649e-11 6.70496e-11 5.08181e-11 3.85158e-11 2.91915e-11 2.21244e-11 1.67681e-11 1.27085e-11 9.63171e-12 7.29977e-12 5.53238e-12 4.19289e-12 3.17769e-12 2.40828e-12 1.82516e-12 1.38323e-12 1.04829e-12 7.94454e-13 6.02079e-13 4.56284e-13 3.45792e-13 2.62055e-13 1.98595e-13 1.50502e-13 1.14054e-13 8.64333e-14 6.55009e-14 4.96377e-14 3.76161e-14 2.85058e-14 2.16018e-14 1.63699e-14 1.24051e-14 9.4005e-15 7.1236e-15 5.39817e-15 4.09064e-15 3.0998e-15 2.34895e-15 1.77997e-15 1.3488e-15 1.02208e-15 7.74489e-16 5.86875e-16 4.44706e-16 3.36976e-16 2.55343e-16 1.93484e-16 1.4661e-16 1.11092e-16 8.4178e-17 6.37841e-17 4.83309e-17 3.66214e-17 2.77487e-17 2.10256e-17 1.59313e-17 1.20713e-17
0.000829222 7.5827e-06 5.74879e-06 4.35839e-06 3.30424e-06 2.50504e-06 1.89913e-06 1.43977e-06 1.09151e-06 8.27479e-07 6.27314e-07 4.75565e-07 3.60523e-07 2.73308e-07 2.0719e-07 1.57066e-07 1.19067e-07 9.02608e-08 6.84233e-08 5.18688e-08 3.93192e-08 2.98058e-08 2.25941e-08 1.71272e-08 1.29829e-08 9.84143e-09 7.46003e-09 5.65484e-09 4.28645e-09 3.24916e-09 2.46288e-09 1.86686e-09 1.41507e-09 1.07261e-09 8.13022e-10 6.16255e-10 4.67107e-10 3.54054e-10 2.68361e-10 2.03408e-10 1.54175e-10 1.16857e-10 8.85719e-11 6.71326e-11 5.08826e-11 3.85657e-11 2.92302e-11 2.21544e-11 1.67913e-11 1.27265e-11 9.64557e-12 7.31048e-12 5.54066e-12 4.19928e-12 3.18262e-12 2.41209e-12 1.8281e-12 1.38549e-12 1.05004e-12 7.95798e-13 6.03114e-13 4.57082e-13 3.46406e-13 2.62528e-13 1.98959e-13 1.50781e-13 1.1427e-13 8.65986e-14 6.5628e-14 4.97354e-14 3.76911e-14 2.85635e-14 2.16461e-14 1.64039e-14 1.24312e-14 9.42053e-15 7.13898e-15 5.40996e-15 4.09969e-15 3.10674e-15 2.35427e-15 1.78405e-15 1.35193e-15 1.02447e-15 7.76326e-16 5.88282e-16 4.45785e-16 3.37803e-16 2.55975e-16 1.93969e-16 1.46982e-16 1.11376e-16 8.43955e-17 6.39506e-17 4.84583e-17 3.67189e-17 2.78233e-17 2.10827e-17 1.5975e-17 1.21047e-17 9.17204e-18
0.000626972 5.74842e-06 4.35825e-06 3.30424e-06 2.50512e-06 1.89925e-06 1.4399e-06 1.09164e-06 8.2761e-07 6.27433e-07 4.7567e-07 3.60613e-07 2.73385e-07 2.07254e-07 1.5712e-07 1.19112e-07 9.02974e-08 6.84531e-08 5.18929e-08 3.93388e-08 2.98215e-08 2.26067e-08 1.71372e-08 1.2991e-08 9.84781e-09 7.46509e-09 5.65884e-09 4.28961e-09 3.25166e-09 2.46484e-09 1.8684e-09 1.41628e-09 1.07356e-09 8.13766e-10 6.16838e-10 4.67562e-10 3.54409e-10 2.68638e-10 2.03624e-10 1.54343e-10 1.16988e-10 8.86737e-11 6.72117e-11 5.09439e-11 3.86134e-11 2.92671e-11 2.2183e-11 1.68135e-11 1.27436e-11 9.65886e-12 7.32076e-12 5.54861e-12 4.20542e-12 3.18737e-12 2.41575e-12 1.83093e-12 1.38767e-12 1.05172e-12 7.97097e-13 6.04115e-13 4.57853e-13 3.47e-13 2.62985e-13 1.99311e-13 1.51052e-13 1.14478e-13 8.67591e-14 6.57514e-14 4.98302e-14 3.77641e-14 2.86195e-14 2.16892e-14 1.6437e-14 1.24566e-14 9.44003e-15 7.15395e-15 5.42146e-15 4.10851e-15 3.11351e-15 2.35947e-15 1.78803e-15 1.35499e-15 1.02681e-15 7.78121e-16 5.89658e-16 4.46839e-16 3.3861e-16 2.56594e-16 1.94443e-16 1.47345e-16 1.11654e-16 8.46085e-17 6.41136e-17 4.85831e-17 3.68144e-17 2.78964e-17 2.11386e-17 1.60178e-17 1.21375e-17 9.19709e-18 6.96901e-18
0.000474052 4.35783e-06 3.30403e-06 2.50504e-06 1.89925e-06 1.43995e-06 1.09171e-06 8.27688e-07 6.27511e-07 4.75745e-07 3.60681e-07 2.73444e-07 2.07306e-07 1.57164e-07 1.19149e-07 9.03283e-08 6.84787e-08 5.19139e-08 3.93558e-08 2.98354e-08 2.26179e-08 1.71462e-08 1.29982e-08 9.85358e-09 7.46969e-09 5.6625e-09 4.29251e-09 3.25395e-09 2.46665e-09 1.86983e-09 1.41741e-09 1.07444e-09 8.14461e-10 6.17382e-10 4.67989e-10 3.54743e-10 2.68899e-10 2.03828e-10 1.54502e-10 1.17112e-10 8.87701e-11 6.72867e-11 5.10023e-11 3.86587e-11 2.93023e-11 2.22103e-11 1.68347e-11 1.27601e-11 9.67158e-12 7.33061e-12 5.55623e-12 4.21132e-12 3.19193e-12 2.41928e-12 1.83365e-12 1.38977e-12 1.05334e-12 7.98349e-13 6.05081e-13 4.58597e-13 3.47574e-13 2.63428e-13 1.99651e-13 1.51315e-13 1.1468e-13 8.69146e-14 6.58711e-14 4.99223e-14 3.78348e-14 2.86739e-14 2.1731e-14 1.64691e-14 1.24813e-14 9.45901e-15 7.16852e-15 5.43265e-15 4.1171e-15 3.1201e-15 2.36453e-15 1.79191e-15 1.35796e-15 1.0291e-15 7.79873e-16 5.91002e-16 4.47869e-16 3.394e-16 2.57199e-16 1.94906e-16 1.477e-16 1.11926e-16 8.48169e-17 6.42732e-17 4.87053e-17 3.69079e-17 2.7968e-17 2.11934e-17 1.60598e-17 1.21696e-17 9.22166e-18 6.98781e-18 5.29506e-18
0.00035843 3.30361e-06 2.5048e-06 1.89913e-06 1.4399e-06 1.09171e-06 8.27714e-07 6.27551e-07 4.75789e-07 3.60726e-07 2.73487e-07 2.07345e-07 1.57198e-07 1.19179e-07 9.03536e-08 6.85e-08 5.19316e-08 3.93705e-08 2.98474e-08 2.26277e-08 1.71542e-08 1.30046e-08 9.85874e-09 7.47383e-09 5.66581e-09 4.29514e-09 3.25605e-09 2.46832e-09 1.87115e-09 1.41845e-09 1.07526e-09 8.15107e-10 6.1789e-10 4.68387e-10 3.55055e-10 2.69144e-10 2.04019e-10 1.54651e-10 1.17229e-10 8.88612e-11 6.73578e-11 5.10576e-11 3.87017e-11 2.93358e-11 2.22363e-11 1.68549e-11 1.27757e-11 9.68373e-12 7.34003e-12 5.56353e-12 4.21697e-12 3.1963e-12 2.42266e-12 1.83626e-12 1.39179e-12 1.0549e-12 7.99554e-13 6.06011e-13 4.59316e-13 3.48128e-13 2.63855e-13 1.99981e-13 1.51569e-13 1.14876e-13 8.70651e-14 6.59869e-14 5.00115e-14 3.79035e-14 2.87267e-14 2.17716e-14 1.65004e-14 1.25053e-14 9.47746e-15 7.1827e-15 5.44354e-15 4.12546e-15 3.12652e-15 2.36946e-15 1.7957e-15 1.36087e-15 1.03133e-15 7.81582e-16 5.92312e-16 4.48874e-16 3.40171e-16 2.5779e-16 1.95359e-16 1.48047e-16 1.12192e-16 8.50207e-17 6.44294e-17 4.88249e-17 3.69995e-17 2.80382e-17 2.12471e-17 1.61009e-17 1.2201e-17 9.24574e-18 7.00623e-18 5.30916e-18 4.02314e-18
0.000271008 2.50441e-06 1.89889e-06 1.43977e-06 1.09164e-06 8.27688e-07 6.27551e-07 4.75804e-07 3.60749e-07 2.73513e-07 2.07371e-07 1.57223e-07 1.19201e-07 9.03733e-08 6.8517e-08 5.19462e-08 3.93827e-08 2.98576e-08 2.26361e-08 1.71611e-08 1.30102e-08 9.8633e-09 7.47751e-09 5.66877e-09 4.29752e-09 3.25794e-09 2.46983e-09 1.87235e-09 1.4194e-09 1.07602e-09 8.15703e-10 6.1836e-10 4.68757e-10 3.55347e-10 2.69373e-10 2.04198e-10 1.54792e-10 1.17339e-10 8.8947e-11 6.74248e-11 5.11099e-11 3.87425e-11 2.93675e-11 2.2261e-11 1.68741e-11 1.27906e-11 9.69532e-12 7.34902e-12 5.5705e-12 4.22237e-12 3.20049e-12 2.4259e-12 1.83877e-12 1.39373e-12 1.0564e-12 8.00714e-13 6.06907e-13 4.60007e-13 3.48662e-13 2.64267e-13 2.00299e-13 1.51814e-13 1.15064e-13 8.72107e-14 6.60991e-14 5.00978e-14 3.797e-14 2.87779e-14 2.1811e-14 1.65307e-14 1.25286e-14 9.49537e-15 7.19647e-15 5.45412e-15 4.13359e-15 3.13277e-15 2.37425e-15 1.79938e-15 1.3637e-15 1.0335e-15 7.83248e-16 5.93591e-16 4.49855e-16 3.40923e-16 2.58367e-16 1.95802e-16 1.48386e-16 1.12452e-16 8.52199e-17 6.4582e-17 4.89418e-17 3.70891e-17 2.81068e-17 2.12997e-17 1.61411e-17 1.22318e-17 9.26933e-18 7.02429e-18 5.32298e-18 4.03371e-18 3.0567e-18
0.000204908 1.89853e-06 1.43954e-06 1.09151e-06 8.2761e-07 6.27511e-07 4.75789e-07 3.60749e-07 2.73521e-07 2.07384e-07 1.57237e-07 1.19216e-07 9.03874e-08 6.85298e-08 5.19574e-08 3.93925e-08 2.98659e-08 2.26431e-08 1.71669e-08 1.3015e-08 9.86725e-09 7.48073e-09 5.67138e-09 4.29963e-09 3.25964e-09 2.47119e-09 1.87344e-09 1.42027e-09 1.07671e-09 8.1625e-10 6.18793e-10 4.69099e-10 3.55616e-10 2.69585e-10 2.04365e-10 1.54923e-10 1.17441e-10 8.90275e-11 6.74877e-11 5.11591e-11 3.87809e-11 2.93975e-11 2.22844e-11 1.68923e-11 1.28048e-11 9.70632e-12 7.35757e-12 5.57714e-12 4.22752e-12 3.20448e-12 2.429e-12 1.84117e-12 1.39559e-12 1.05784e-12 8.01826e-13 6.07767e-13 4.60672e-13 3.49176e-13 2.64663e-13 2.00605e-13 1.5205e-13 1.15247e-13 8.73512e-14 6.62074e-14 5.01813e-14 3.80343e-14 2.88274e-14 2.18492e-14 1.656e-14 1.25512e-14 9.51275e-15 7.20984e-15 5.4644e-15 4.14149e-15 3.13884e-15 2.37892e-15 1.80297e-15 1.36645e-15 1.03561e-15 7.84871e-16 5.94837e-16 4.50811e-16 3.41656e-16 2.5893e-16 1.96233e-16 1.48717e-16 1.12706e-16 8.54145e-17 6.47312e-17 4.90561e-17 3.71767e-17 2.81739e-17 2.13511e-17 1.61805e-17 1.2262e-17 9.29242e-18 7.04198e-18 5.33652e-18 4.04408e-18 3.06463e-18 2.32239e-18
0.000154931 1.43922e-06 1.0913e-06 8.27479e-07 6.27433e-07 4.75745e-07 3.60726e-07 2.73513e-07 2.07384e-07 1.57242e-07 1.19223e-07 9.03958e-08 6.85383e-08 5.19655e-08 3.93998e-08 2.98724e-08 2.26487e-08 1.71717e-08 1.30191e-08 9.87059e-09 7.48349e-09 5.67364e-09 4.30147e-09 3.26114e-09 2.4724e-09 1.87441e-09 1.42105e-09 1.07733e-09 8.16747e-10 6.19188e-10 4.69413e-10 3.55864e-10 2.69781e-10 2.0452e-10 1.55045e-10 1.17537e-10 8.91027e-11 6.75467e-11 5.12052e-11 3.8817e-11 2.94257e-11 2.23064e-11 1.69095e-11 1.28182e-11 9.71676e-12 7.36569e-12 5.58345e-12 4.23243e-12 3.20829e-12 2.43196e-12 1.84347e-12 1.39737e-12 1.05922e-12 8.02893e-13 6.08593e-13 4.61311e-13 3.49669e-13 2.65045e-13 2.009e-13 1.52278e-13 1.15422e-13 8.74868e-14 6.6312e-14 5.0262e-14 3.80965e-14 2.88754e-14 2.18861e-14 1.65884e-14 1.25731e-14 9.52959e-15 7.2228e-15 5.47437e-15 4.14916e-15 3.14474e-15 2.38345e-15 1.80645e-15 1.36913e-15 1.03767e-15 7.86451e-16 5.9605e-16 4.51742e-16 3.42371e-16 2.59478e-16 1.96654e-16 1.4904e-16 1.12954e-16 8.56044e-17 6.48768e-17 4.91678e-17 3.72623e-17 2.82395e-17 2.14014e-17 1.6219e-17 1.22915e-17 9.31503e-18 7.05929e-18 5.34977e-18 4.05422e-18 3.0724e-18 2.32834e-18 1.76447e-18
0.000117143 1.09102e-06 8.27297e-07 6.27314e-07 4.7567e-07 3.60681e-07 2.73487e-07 2.07371e-07 1.57237e-07 1.19223e-07 9.03986e-08 6.85426e-08 5.19704e-08 3.94047e-08 2.9877e-08 2.26529e-08 1.71754e-08 1.30223e-08 9.87333e-09 7.48579e-09 5.67556e-09 4.30306e-09 3.26244e-09 2.47346e-09 1.87527e-09 1.42174e-09 1.07789e-09 8.17194e-10 6.19546e-10 4.69698e-10 3.56091e-10 2.69961e-10 2.04662e-10 1.55157e-10 1.17626e-10 8.91725e-11 6.76016e-11 5.12483e-11 3.88508e-11 2.94522e-11 2.23271e-11 1.69256e-11 1.28308e-11 9.72662e-12 7.37337e-12 5.58944e-12 4.23709e-12 3.21191e-12 2.43477e-12 1.84565e-12 1.39907e-12 1.06053e-12 8.03912e-13 6.09383e-13 4.61922e-13 3.50143e-13 2.65411e-13 2.01183e-13 1.52496e-13 1.15592e-13 8.76174e-14 6.64128e-14 5.03398e-14 3.81565e-14 2.89216e-14 2.19217e-14 1.66159e-14 1.25942e-14 9.5459e-15 7.23535e-15 5.48403e-15 4.1566e-15 3.15046e-15 2.38785e-15 1.80983e-15 1.37173e-15 1.03967e-15 7.87987e-16 5.9723e-16 4.52649e-16 3.43067e-16 2.60013e-16 1.97064e-16 1.49355e-16 1.13195e-16 8.57897e-17 6.5019e-17 4.92768e-17 3.73459e-17 2.83036e-17 2.14505e-17 1.62567e-17 1.23204e-17 9.33713e-18 7.07622e-18 5.36274e-18 4.06416e-18 3.08001e-18 2.33417e-18 1.76892e-18 1.34056e-18
8.85714e-05 8.27063e-07 6.27157e-07 4.75565e-07 3.60613e-07 2.73444e-07 2.07345e-07 1.57223e-07 1.19216e-07 9.03958e-08 6.85426e-08 5.1972e-08 3.94071e-08 2.98798e-08 2.26557e-08 1.7178e-08 1.30247e-08 9.87546e-09 7.48763e-09 5.67713e-09 4.30438e-09 3.26354e-09 2.47437e-09 1.87602e-09 1.42235e-09 1.07838e-09 8.17592e-10 6.19866e-10 4.69954e-10 3.56296e-10 2.70124e-10 2.04792e-10 1.5526e-10 1.17707e-10 8.9237e-11 6.76524e-11 5.12884e-11 3.88823e-11 2.94769e-11 2.23465e-11 1.69408e-11 1.28427e-11 9.7359e-12 7.38062e-12 5.59509e-12 4.24149e-12 3.21535e-12 2.43744e-12 1.84773e-12 1.40068e-12 1.06179e-12 8.04885e-13 6.10137e-13 4.62507e-13 3.50596e-13 2.65762e-13 2.01454e-13 1.52706e-13 1.15754e-13 8.77429e-14 6.65098e-14 5.04147e-14 3.82143e-14 2.89662e-14 2.19561e-14 1.66425e-14 1.26147e-14 9.56167e-15 7.2475e-15 5.49339e-15 4.1638e-15 3.15601e-15 2.39212e-15 1.81312e-15 1.37425e-15 1.04161e-15 7.89479e-16 5.98377e-16 4.5353e-16 3.43744e-16 2.60533e-16 1.97464e-16 1.49661e-16 1.13431e-16 8.59704e-17 6.51576e-17 4.93831e-17 3.74275e-17 2.83661e-17 2.14985e-17 1.62934e-17 1.23486e-17 9.35874e-18 7.09278e-18 5.37543e-18 4.07388e-18 3.08746e-18 2.33987e-18 1.77329e-18 1.3439e-18 1.01848e-18
6.69686e-05 6.26959e-07 4.75431e-07 3.60523e-07 2.73385e-07 2.07306e-07 1.57198e-07 1.19201e-07 9.03874e-08 6.85383e-08 5.19704e-08 3.94071e-08 2.98807e-08 2.26571e-08 1.71796e-08 1.30263e-08 9.87698e-09 7.48901e-09 5.67835e-09 4.30543e-09 3.26444e-09 2.47512e-09 1.87665e-09 1.42287e-09 1.07881e-09 8.1794e-10 6.20148e-10 4.70183e-10 3.5648e-10 2.70271e-10 2.0491e-10 1.55354e-10 1.17782e-10 8.92961e-11 6.76992e-11 5.13254e-11 3.89115e-11 2.94999e-11 2.23646e-11 1.6955e-11 1.28538e-11 9.74461e-12 7.38744e-12 5.60042e-12 4.24565e-12 3.21859e-12 2.43997e-12 1.8497e-12 1.40221e-12 1.06298e-12 8.05811e-13 6.10856e-13 4.63065e-13 3.51029e-13 2.66097e-13 2.01714e-13 1.52908e-13 1.1591e-13 8.78634e-14 6.6603e-14 5.04867e-14 3.82699e-14 2.90092e-14 2.19893e-14 1.66681e-14 1.26344e-14 9.5769e-15 7.25924e-15 5.50244e-15 4.17077e-15 3.16137e-15 2.39625e-15 1.8163e-15 1.3767e-15 1.04349e-15 7.90928e-16 5.9949e-16 4.54386e-16 3.44402e-16 2.61039e-16 1.97852e-16 1.4996e-16 1.1366e-16 8.61463e-17 6.52926e-17 4.94868e-17 3.7507e-17 2.84272e-17 2.15453e-17 1.63293e-17 1.23761e-17 9.37984e-18 7.10895e-18 5.38783e-18 4.08338e-18 3.09474e-18 2.34545e-18 1.77756e-18 1.34717e-18 1.02098e-18 7.7377e-19
5.06348e-05 4.75267e-07 3.60409e-07 2.73308e-07 2.07254e-07 1.57164e-07 1.19179e-07 9.03733e-08 6.85298e-08 5.19655e-08 3.94047e-08 2.98798e-08 2.26571e-08 1.71802e-08 1.30271e-08 9.87789e-09 7.48993e-09 5.67922e-09 4.30622e-09 3.26514e-09 2.47573e-09 1.87716e-09 1.4233e-09 1.07917e-09 8.18239e-10 6.20393e-10 4.70382e-10 3.56642e-10 2.70402e-10 2.05015e-10 1.55438e-10 1.17849e-10 8.93499e-11 6.7742e-11 5.13593e-11 3.89383e-11 2.95211e-11 2.23813e-11 1.69682e-11 1.28642e-11 9.75274e-12 7.39382e-12 5.60541e-12 4.24956e-12 3.22165e-12 2.44235e-12 1.85156e-12 1.40366e-12 1.06411e-12 8.0669e-13 6.11539e-13 4.63596e-13 3.51441e-13 2.66418e-13 2.01962e-13 1.531e-13 1.16059e-13 8.79789e-14 6.66923e-14 5.05558e-14 3.83234e-14 2.90505e-14 2.20212e-14 1.66927e-14 1.26535e-14 9.59158e-15 7.27057e-15 5.51117e-15 4.17751e-15 3.16656e-15 2.40025e-15 1.81938e-15 1.37907e-15 1.04532e-15 7.92333e-16 6.00571e-16 4.55218e-16 3.45042e-16 2.6153e-16 1.9823e-16 1.5025e-16 1.13883e-16 8.63176e-17 6.54241e-17 4.95878e-17 3.75845e-17 2.84866e-17 2.15909e-17 1.63644e-17 1.24029e-17 9.40044e-18 7.12475e-18 5.39994e-18 4.09266e-18 3.10185e-18 2.3509e-18 1.78174e-18 1.35037e-18 1.02343e-18 7.75648e-19 5.87851e-19
3.82848e-05 3.60274e-07 2.73213e-07 2.0719e-07 1.5712e-07 1.19149e-07 9.03536e-08 6.8517e-08 5.19574e-08 3.93998e-08 2.9877e-08 2.26557e-08 1.71796e-08 1.30271e-08 9.87819e-09 7.4904e-09 5.67975e-09 4.30675e-09 3.26564e-09 2.47618e-09 1.87756e-09 1.42365e-09 1.07947e-09 8.18488e-10 6.20601e-10 4.70554e-10 3.56782e-10 2.70517e-10 2.05108e-10 1.55513e-10 1.1791e-10 8.93983e-11 6.77807e-11 5.13901e-11 3.89628e-11 2.95405e-11 2.23967e-11 1.69803e-11 1.28738e-11 9.7603e-12 7.39976e-12 5.61008e-12 4.25322e-12 3.22451e-12 2.4446e-12 1.85331e-12 1.40503e-12 1.06518e-12 8.07522e-13 6.12187e-13 4.641e-13 3.51833e-13 2.66722e-13 2.02199e-13 1.53284e-13 1.16201e-13 8.80893e-14 6.67779e-14 5.06221e-14 3.83746e-14 2.90902e-14 2.20519e-14 1.67164e-14 1.26718e-14 9.60573e-15 7.28149e-15 5.5196e-15 4.18401e-15 3.17158e-15 2.40412e-15 1.82236e-15 1.38137e-15 1.04709e-15 7.93693e-16 6.01619e-16 4.56024e-16 3.45662e-16 2.62007e-16 1.98597e-16 1.50532e-16 1.141e-16 8.64841e-17 6.55521e-17 4.9686e-17 3.766e-17 2.85446e-17 2.16354e-17 1.63985e-17 1.24291e-17 9.42054e-18 7.14017e-18 5.41176e-18 4.10173e-18 3.1088e-18 2.35623e-18 1.78583e-18 1.3535e-18 1.02583e-18 7.77486e-19 5.89259e-19 4.46599e-19
2.89471e-05 2.73102e-07 2.07112e-07 1.57066e-07 1.19112e-07 9.03283e-08 6.85e-08 5.19462e-08 3.93925e-08 2.98724e-08 2.26529e-08 1.7178e-08 1.30263e-08 9.87789e-09 7.4904e-09 5.67992e-09 4.30702e-09 3.26594e-09 2.47649e-09 1.87785e-09 1.42391e-09 1.0797e-09 8.18687e-10 6.2077e-10 4.70696e-10 3.56901e-10 2.70615e-10 2.05188e-10 1.55579e-10 1.17963e-10 8.94413e-11 6.78153e-11 5.14179e-11 3.8985e-11 2.95582e-11 2.24108e-11 1.69915e-11 1.28826e-11 9.76727e-12 7.40526e-12 5.61441e-12 4.25663e-12 3.22719e-12 2.44669e-12 1.85495e-12 1.40632e-12 1.06618e-12 8.08306e-13 6.128e-13 4.64578e-13 3.52205e-13 2.67011e-13 2.02424e-13 1.53459e-13 1.16337e-13 8.81946e-14 6.68596e-14 5.06854e-14 3.84237e-14 2.91282e-14 2.20813e-14 1.67392e-14 1.26894e-14 9.61933e-15 7.292e-15 5.52771e-15 4.19027e-15 3.17641e-15 2.40785e-15 1.82523e-15 1.38358e-15 1.04879e-15 7.9501e-16 6.02633e-16 4.56804e-16 3.46263e-16 2.62469e-16 1.98953e-16 1.50806e-16 1.1431e-16 8.66459e-17 6.56764e-17 4.97816e-17 3.77334e-17 2.8601e-17 2.16787e-17 1.64318e-17 1.24547e-17 9.44013e-18 7.1552e-18 5.4233e-18 4.11058e-18 3.11559e-18 2.36143e-18 1.78982e-18 1.35656e-18 1.02818e-18 7.79282e-19 5.90635e-19 4.47653e-19 3.39283e-19
2.18868e-05 2.07021e-07 1.57002e-07 1.19067e-07 9.02974e-08 6.84787e-08 5.19316e-08 3.93827e-08 2.98659e-08 2.26487e-08 1.71754e-08 1.30247e-08 9.87698e-09 7.48993e-09 5.67975e-09 4.30702e-09 3.26604e-09 2.47664e-09 1.87802e-09 1.42409e-09 1.07986e-09 8.18836e-10 6.20902e-10 4.7081e-10 3.56998e-10 2.70697e-10 2.05256e-10 1.55635e-10 1.18009e-10 8.9479e-11 6.78458e-11 5.14425e-11 3.90049e-11 2.95742e-11 2.24235e-11 1.70016e-11 1.28907e-11 9.77367e-12 7.41032e-12 5.61841e-12 4.25978e-12 3.22967e-12 2.44865e-12 1.85649e-12 1.40752e-12 1.06712e-12 8.09044e-13 6.13376e-13 4.65028e-13 3.52556e-13 2.67285e-13 2.02637e-13 1.53624e-13 1.16466e-13 8.82949e-14 6.69375e-14 5.07458e-14 3.84706e-14 2.91645e-14 2.21095e-14 1.6761e-14 1.27063e-14 9.63238e-15 7.30209e-15 5.53552e-15 4.1963e-15 3.18107e-15 2.41144e-15 1.82801e-15 1.38572e-15 1.05044e-15 7.96282e-16 6.03613e-16 4.5756e-16 3.46845e-16 2.62917e-16 1.99297e-16 1.51071e-16 1.14514e-16 8.68029e-17 6.57972e-17 4.98745e-17 3.78048e-17 2.86558e-17 2.17208e-17 1.64641e-17 1.24795e-17 9.45922e-18 7.16985e-18 5.43454e-18 4.11921e-18 3.12221e-18 2.36651e-18 1.79371e-18 1.35955e-18 1.03047e-18 7.81038e-19 5.91981e-19 4.48684e-19 3.40073e-19 2.57752e-19
1.65486e-05 1.56928e-07 1.19015e-07 9.02608e-08 6.84531e-08 5.19139e-08 3.93705e-08 2.98576e-08 2.26431e-08 1.71717e-08 1.30223e-08 9.87546e-09 7.48901e-09 5.67922e-09 4.30675e-09 3.26594e-09 2.47664e-09 1.87808e-09 1.42417e-09 1.07996e-09 8.18936e-10 6.20996e-10 4.70896e-10 3.57074e-10 2.70762e-10 2.05312e-10 1.55682e-10 1.18048e-10 8.95113e-11 6.78723e-11 5.14641e-11 3.90224e-11 2.95883e-11 2.24349e-11 1.70108e-11 1.2898e-11 9.77949e-12 7.41495e-12 5.62208e-12 4.26269e-12 3.23197e-12 2.45046e-12 1.85791e-12 1.40864e-12 1.068e-12 8.09734e-13 6.13917e-13 4.65451e-13 3.52887e-13 2.67543e-13 2.02839e-13 1.53782e-13 1.16588e-13 8.83901e-14 6.70115e-14 5.08033e-14 3.85153e-14 2.91992e-14 2.21364e-14 1.67818e-14 1.27224e-14 9.64489e-15 7.31177e-15 5.54301e-15 4.20209e-15 3.18554e-15 2.4149e-15 1.83068e-15 1.38779e-15 1.05204e-15 7.9751e-16 6.0456e-16 4.5829e-16 3.47407e-16 2.63351e-16 1.99631e-16 1.51328e-16 1.14712e-16 8.69552e-17 6.59144e-17 4.99646e-17 3.78741e-17 2.87091e-17 2.17618e-17 1.64956e-17 1.25037e-17 9.47779e-18 7.18411e-18 5.44549e-18 4.12761e-18 3.12866e-18 2.37146e-18 1.79751e-18 1.36246e-18 1.0327e-18 7.82752e-19 5.93295e-19 4.49692e-19 3.40845e-19 2.58343e-19 1.9581e-19
1.25123e-05 1.18956e-07 9.02187e-08 6.84233e-08 5.18929e-08 3.93558e-08 2.98474e-08 2.26361e-08 1.71669e-08 1.30191e-08 9.87333e-09 7.48763e-09 5.67835e-09 4.30622e-09 3.26564e-09 2.47649e-09 1.87802e-09 1.42417e-09 1.07999e-09 8.18986e-10 6.21053e-10 4.70953e-10 3.57128e-10 2.70811e-10 2.05356e-10 1.5572e-10 1.1808e-10 8.95382e-11 6.78947e-11 5.14827e-11 3.90376e-11 2.96007e-11 2.24449e-11 1.70189e-11 1.29045e-11 9.78473e-12 7.41913e-12 5.62542e-12 4.26534e-12 3.23407e-12 2.45213e-12 1.85923e-12 1.40968e-12 1.06882e-12 8.10377e-13 6.14422e-13 4.65847e-13 3.53197e-13 2.67786e-13 2.03028e-13 1.5393e-13 1.16704e-13 8.84801e-14 6.70816e-14 5.08579e-14 3.85577e-14 2.92322e-14 2.2162e-14 1.68017e-14 1.27378e-14 9.65685e-15 7.32104e-15 5.55018e-15 4.20765e-15 3.18984e-15 2.41822e-15 1.83325e-15 1.38977e-15 1.05357e-15 7.98693e-16 6.05473e-16 4.58994e-16 3.4795e-16 2.6377e-16 1.99954e-16 1.51577e-16 1.14904e-16 8.71028e-17 6.60279e-17 5.0052e-17 3.79413e-17 2.87608e-17 2.18016e-17 1.65262e-17 1.25272e-17 9.49585e-18 7.19799e-18 5.45615e-18 4.1358e-18 3.13495e-18 2.37629e-18 1.80121e-18 1.3653e-18 1.03488e-18 7.84424e-19 5.94578e-19 4.50676e-19 3.416e-19 2.58922e-19 1.96254e-19 1.48753e-19
9.46054e-06 9.01709e-08 6.83892e-08 5.18688e-08 3.93388e-08 2.98354e-08 2.26277e-08 1.71611e-08 1.3015e-08 9.87059e-09 7.48579e-09 5.67713e-09 4.30543e-09 3.26514e-09 2.47618e-09 1.87785e-09 1.42409e-09 1.07996e-09 8.18986e-10 6.21072e-10 4.70982e-10 3.5716e-10 2.70844e-10 2.05387e-10 1.55748e-10 1.18105e-10 8.95597e-11 6.79131e-11 5.14981e-11 3.90504e-11 2.96113e-11 2.24536e-11 1.7026e-11 1.29103e-11 9.78938e-12 7.42288e-12 5.62842e-12 4.26774e-12 3.23598e-12 2.45365e-12 1.86044e-12 1.41064e-12 1.06958e-12 8.10973e-13 6.14891e-13 4.66216e-13 3.53487e-13 2.68013e-13 2.03206e-13 1.54069e-13 1.16813e-13 8.85651e-14 6.71479e-14 5.09096e-14 3.8598e-14 2.92635e-14 2.21863e-14 1.68206e-14 1.27525e-14 9.66826e-15 7.32989e-15 5.55704e-15 4.21296e-15 3.19396e-15 2.42141e-15 1.83571e-15 1.39168e-15 1.05504e-15 7.99832e-16 6.06353e-16 4.59673e-16 3.48474e-16 2.64174e-16 2.00266e-16 1.51817e-16 1.15089e-16 8.72455e-17 6.61379e-17 5.01366e-17 3.80065e-17 2.8811e-17 2.18402e-17 1.65558e-17 1.255e-17 9.5134e-18 7.21148e-18 5.46652e-18 4.14376e-18 3.14106e-18 2.38098e-18 1.80482e-18 1.36807e-18 1.03701e-18 7.86055e-19 5.95829e-19 4.51636e-19 3.42336e-19 2.59486e-19 1.96687e-19 1.49085e-19 1.13003e-19
7.15309e-06 6.83509e-08 5.18414e-08 3.93192e-08 2.98215e-08 2.26179e-08 1.71542e-08 1.30102e-08 9.86725e-09 7.48349e-09 5.67556e-09 4.30438e-09 3.26444e-09 2.47573e-09 1.87756e-09 1.42391e-09 1.07986e-09 8.18936e-10 6.21053e-10 4.70982e-10 3.57171e-10 2.7086e-10 2.05405e-10 1.55767e-10 1.18123e-10 8.95759e-11 6.79274e-11 5.15105e-11 3.9061e-11 2.96202e-11 2.2461e-11 1.70321e-11 1.29153e-11 9.79346e-12 7.42619e-12 5.63109e-12 4.26989e-12 3.23771e-12 2.45502e-12 1.86153e-12 1.41151e-12 1.07027e-12 8.11521e-13 6.15324e-13 4.66557e-13 3.53756e-13 2.68225e-13 2.03372e-13 1.54199e-13 1.16915e-13 8.8645e-14 6.72104e-14 5.09584e-14 3.8636e-14 2.92932e-14 2.22094e-14 1.68386e-14 1.27665e-14 9.67912e-15 7.33832e-15 5.56359e-15 4.21804e-15 3.19789e-15 2.42446e-15 1.83807e-15 1.39351e-15 1.05646e-15 8.00926e-16 6.07198e-16 4.60327e-16 3.48979e-16 2.64564e-16 2.00567e-16 1.52049e-16 1.15268e-16 8.73834e-17 6.62442e-17 5.02185e-17 3.80696e-17 2.88595e-17 2.18776e-17 1.65846e-17 1.25722e-17 9.53043e-18 7.22458e-18 5.47659e-18 4.1515e-18 3.14701e-18 2.38556e-18 1.80833e-18 1.37077e-18 1.03908e-18 7.87645e-19 5.97049e-19 4.52572e-19 3.43054e-19 2.60038e-19 1.97109e-19 1.49409e-19 1.13251e-19 8.58434e-20
5.40844e-06 5.18108e-08 3.92973e-08 2.98058e-08 2.26067e-08 1.71462e-08 1.30046e-08 9.8633e-09 7.48073e-09 5.67364e-09 4.30306e-09 3.26354e-09 2.47512e-09 1.87716e-09 1.42365e-09 1.0797e-09 8.18836e-10 6.20996e-10 4.70953e-10 3.5716e-10 2.7086e-10 2.05411e-10 1.55776e-10 1.18134e-10 8.95866e-11 6.79376e-11 5.15197e-11 3.90691e-11 2.96273e-11 2.2467e-11 1.70372e-11 1.29195e-11 9.79695e-12 7.42905e-12 5.63343e-12 4.27179e-12 3.23924e-12 2.45626e-12 1.86252e-12 1.4123e-12 1.0709e-12 8.12022e-13 6.15721e-13 4.66872e-13 3.54004e-13 2.68421e-13 2.03527e-13 1.54321e-13 1.1701e-13 8.87197e-14 6.72689e-14 5.10042e-14 3.86718e-14 2.93211e-14 2.22313e-14 1.68556e-14 1.27798e-14 9.68943e-15 7.34634e-15 5.56982e-15 4.22288e-15 3.20165e-15 2.42737e-15 1.84033e-15 1.39526e-15 1.05781e-15 8.01975e-16 6.0801e-16 4.60954e-16 3.49464e-16 2.64939e-16 2.00856e-16 1.52273e-16 1.1544e-16 8.75165e-17 6.63468e-17 5.02977e-17 3.81306e-17 2.89065e-17 2.19138e-17 1.66125e-17 1.25936e-17 9.54695e-18 7.23729e-18 5.48636e-18 4.15902e-18 3.15279e-18 2.39e-18 1.81175e-18 1.37339e-18 1.04109e-18 7.89192e-19 5.98237e-19 4.53484e-19 3.43755e-19 2.60575e-19 1.97522e-19 1.49725e-19 1.13494e-19 8.60294e-20 6.52109e-20
4.08931e-06 3.92729e-08 2.97883e-08 2.25941e-08 1.71372e-08 1.29982e-08 9.85874e-09 7.47751e-09 5.67138e-09 4.30147e-09 3.26244e-09 2.47437e-09 1.87665e-09 1.4233e-09 1.07947e-09 8.18687e-10 6.20902e-10 4.70896e-10 3.57128e-10 2.70844e-10 2.05405e-10 1.55776e-10 1.18137e-10 8.9592e-11 6.79437e-11 5.15259e-11 3.9075e-11 2.96326e-11 2.24717e-11 1.70412e-11 1.2923e-11 9.79986e-12 7.43148e-12 5.63543e-12 4.27343e-12 3.24058e-12 2.45734e-12 1.8634e-12 1.41301e-12 1.07147e-12 8.12475e-13 6.16082e-13 4.67159e-13 3.54232e-13 2.68601e-13 2.03669e-13 1.54433e-13 1.17099e-13 8.87894e-14 6.73236e-14 5.10471e-14 3.87054e-14 2.93474e-14 2.22518e-14 1.68717e-14 1.27923e-14 9.69919e-15 7.35394e-15 5.57574e-15 4.22748e-15 3.20523e-15 2.43015e-15 1.84249e-15 1.39693e-15 1.05911e-15 8.02979e-16 6.08788e-16 4.61556e-16 3.4993e-16 2.65299e-16 2.01135e-16 1.52488e-16 1.15606e-16 8.76448e-17 6.64458e-17 5.03741e-17 3.81895e-17 2.8952e-17 2.19488e-17 1.66395e-17 1.26144e-17 9.56295e-18 7.2496e-18 5.49584e-18 4.16632e-18 3.1584e-18 2.39431e-18 1.81506e-18 1.37594e-18 1.04305e-18 7.90698e-19 5.99394e-19 4.54372e-19 3.44437e-19 2.61098e-19 1.97923e-19 1.50033e-19 1.1373e-19 8.6211e-20 6.53502e-20 4.95369e-20
3.09191e-06 2.97689e-08 2.25801e-08 1.71272e-08 1.2991e-08 9.85358e-09 7.47383e-09 5.66877e-09 4.29963e-09 3.26114e-09 2.47346e-09 1.87602e-09 1.42287e-09 1.07917e-09 8.18488e-10 6.2077e-10 4.7081e-10 3.57074e-10 2.70811e-10 2.05387e-10 1.55767e-10 1.18134e-10 8.9592e-11 6.79457e-11 5.1529e-11 3.90785e-11 2.96361e-11 2.24751e-11 1.70443e-11 1.29256e-11 9.80219e-12 7.43346e-12 5.6371e-12 4.27482e-12 3.24173e-12 2.45829e-12 1.86417e-12 1.41363e-12 1.07197e-12 8.1288e-13 6.16407e-13 4.67419e-13 3.54439e-13 2.68766e-13 2.038e-13 1.54536e-13 1.1718e-13 8.88538e-14 6.73744e-14 5.1087e-14 3.87368e-14 2.9372e-14 2.22711e-14 1.68867e-14 1.28041e-14 9.70839e-15 7.36112e-15 5.58134e-15 4.23184e-15 3.20862e-15 2.43279e-15 1.84454e-15 1.39852e-15 1.06034e-15 8.03939e-16 6.09531e-16 4.62133e-16 3.50376e-16 2.65644e-16 2.01402e-16 1.52695e-16 1.15766e-16 8.77683e-17 6.65412e-17 5.04477e-17 3.82463e-17 2.89958e-17 2.19826e-17 1.66655e-17 1.26345e-17 9.57842e-18 7.26153e-18 5.50502e-18 4.17338e-18 3.16384e-18 2.3985e-18 1.81828e-18 1.37842e-18 1.04496e-18 7.92161e-19 6.00519e-19 4.55237e-19 3.451e-19 2.61608e-19 1.98315e-19 1.50334e-19 1.13961e-19 8.6388e-20 6.5486e-20 4.96411e-20 3.76298e-20
2.33779e-06 2.25647e-08 1.7116e-08 1.29829e-08 9.84781e-09 7.46969e-09 5.66581e-09 4.29752e-09 3.25964e-09 2.4724e-09 1.87527e-09 1.42235e-09 1.07881e-09 8.18239e-10 6.20601e-10 4.70696e-10 3.56998e-10 2.70762e-10 2.05356e-10 1.55748e-10 1.18123e-10 8.95866e-11 6.79437e-11 5.1529e-11 3.90797e-11 2.96379e-11 2.24771e-11 1.70463e-11 1.29276e-11 9.80394e-12 7.43501e-12 5.63844e-12 4.27596e-12 3.24269e-12 2.45909e-12 1.86483e-12 1.41417e-12 1.07241e-12 8.13238e-13 6.16696e-13 4.67651e-13 3.54626e-13 2.68915e-13 2.03919e-13 1.54631e-13 1.17255e-13 8.89132e-14 6.74213e-14 5.1124e-14 3.87659e-14 2.93949e-14 2.22891e-14 1.69009e-14 1.28151e-14 9.71705e-15 7.36789e-15 5.58662e-15 4.23596e-15 3.21183e-15 2.43529e-15 1.84649e-15 1.40003e-15 1.06152e-15 8.04853e-16 6.10241e-16 4.62683e-16 3.50803e-16 2.65975e-16 2.01658e-16 1.52893e-16 1.1592e-16 8.78869e-17 6.66329e-17 5.05185e-17 3.8301e-17 2.9038e-17 2.20152e-17 1.66907e-17 1.26539e-17 9.59338e-18 7.27305e-18 5.51391e-18 4.18023e-18 3.16911e-18 2.40255e-18 1.8214e-18 1.38082e-18 1.04681e-18 7.93583e-19 6.01611e-19 4.56076e-19 3.45746e-19 2.62104e-19 1.98696e-19 1.50627e-19 1.14186e-19 8.65605e-20 6.56184e-20 4.97427e-20 3.77078e-20 2.85845e-20
1.7676e-06 1.71039e-08 1.29741e-08 9.84143e-09 7.46509e-09 5.6625e-09 4.29514e-09 3.25794e-09 2.47119e-09 1.87441e-09 1.42174e-09 1.07838e-09 8.1794e-10 6.20393e-10 4.70554e-10 3.56901e-10 2.70697e-10 2.05312e-10 1.5572e-10 1.18105e-10 8.95759e-11 6.79376e-11 5.15259e-11 3.90785e-11 2.96379e-11 2.24778e-11 1.70473e-11 1.29287e-11 9.80511e-12 7.43611e-12 5.63944e-12 4.27684e-12 3.24345e-12 2.45974e-12 1.86538e-12 1.41463e-12 1.07279e-12 8.13549e-13 6.1695e-13 4.67857e-13 3.54791e-13 2.69048e-13 2.04026e-13 1.54716e-13 1.17324e-13 8.89674e-14 6.74643e-14 5.11581e-14 3.87928e-14 2.94162e-14 2.23058e-14 1.6914e-14 1.28255e-14 9.72514e-15 7.37423e-15 5.59158e-15 4.23984e-15 3.21486e-15 2.43765e-15 1.84833e-15 1.40147e-15 1.06264e-15 8.05722e-16 6.10916e-16 4.63208e-16 3.5121e-16 2.66291e-16 2.01903e-16 1.53083e-16 1.16067e-16 8.80006e-17 6.67209e-17 5.05866e-17 3.83536e-17 2.90787e-17 2.20466e-17 1.67149e-17 1.26726e-17 9.60782e-18 7.28419e-18 5.52249e-18 4.18684e-18 3.17421e-18 2.40648e-18 1.82443e-18 1.38315e-18 1.0486e-18 7.94961e-19 6.02672e-19 4.56892e-19 3.46373e-19 2.62586e-19 1.99066e-19 1.50911e-19 1.14404e-19 8.67285e-20 6.57474e-20 4.98417e-20 3.77838e-20 2.86428e-20 2.17132e-20
1.33648e-06 1.29645e-08 9.83445e-09 7.46003e-09 5.65884e-09 4.29251e-09 3.25605e-09 2.46983e-09 1.87344e-09 1.42105e-09 1.07789e-09 8.17592e-10 6.20148e-10 4.70382e-10 3.56782e-10 2.70615e-10 2.05256e-10 1.55682e-10 1.1808e-10 8.95597e-11 6.79274e-11 5.15197e-11 3.9075e-11 2.96361e-11 2.24771e-11 1.70473e-11 1.29291e-11 9.80569e-12 7.43677e-12 5.64011e-12 4.27748e-12 3.24403e-12 2.46025e-12 1.86582e-12 1.415e-12 1.0731e-12 8.13811e-13 6.17166e-13 4.68035e-13 3.54937e-13 2.69166e-13 2.04121e-13 1.54793e-13 1.17385e-13 8.90165e-14 6.75034e-14 5.11892e-14 3.88175e-14 2.94357e-14 2.23212e-14 1.69262e-14 1.2835e-14 9.73269e-15 7.38015e-15 5.59623e-15 4.24348e-15 3.21771e-15 2.43988e-15 1.85007e-15 1.40283e-15 1.0637e-15 8.06545e-16 6.11557e-16 4.63706e-16 3.51598e-16 2.66592e-16 2.02136e-16 1.53264e-16 1.16207e-16 8.81095e-17 6.68052e-17 5.06518e-17 3.84041e-17 2.91178e-17 2.20768e-17 1.67383e-17 1.26906e-17 9.62173e-18 7.29493e-18 5.53078e-18 4.19323e-18 3.17914e-18 2.41028e-18 1.82735e-18 1.3854e-18 1.05033e-18 7.96298e-19 6.037e-19 4.57683e-19 3.46982e-19 2.63055e-19 1.99426e-19 1.51188e-19 1.14617e-19 8.68919e-20 6.58729e-20 4.99381e-20 3.78578e-20 2.86996e-20 2.17568e-20 1.64935e-20
1.01051e-06 9.82687e-09 7.45452e-09 5.65484e-09 4.28961e-09 3.25395e-09 2.46832e-09 1.87235e-09 1.42027e-09 1.07733e-09 8.17194e-10 6.19866e-10 4.70183e-10 3.56642e-10 2.70517e-10 2.05188e-10 1.55635e-10 1.18048e-10 8.95382e-11 6.79131e-11 5.15105e-11 3.90691e-11 2.96326e-11 2.24751e-11 1.70463e-11 1.29287e-11 9.80569e-12 7.43699e-12 5.64045e-12 4.27786e-12 3.24441e-12 2.46061e-12 1.86615e-12 1.41529e-12 1.07336e-12 8.14026e-13 6.17347e-13 4.68185e-13 3.55061e-13 2.69268e-13 2.04204e-13 1.54861e-13 1.17439e-13 8.90604e-14 6.75386e-14 5.12173e-14 3.88399e-14 2.94535e-14 2.23354e-14 1.69374e-14 1.28439e-14 9.73967e-15 7.38566e-15 5.60055e-15 4.24688e-15 3.22038e-15 2.44197e-15 1.8517e-15 1.4041e-15 1.06469e-15 8.07324e-16 6.12164e-16 4.64179e-16 3.51965e-16 2.66878e-16 2.02359e-16 1.53437e-16 1.16341e-16 8.82134e-17 6.68858e-17 5.07143e-17 3.84525e-17 2.91552e-17 2.21057e-17 1.67607e-17 1.2708e-17 9.63512e-18 7.30527e-18 5.53876e-18 4.1994e-18 3.18389e-18 2.41395e-18 1.83018e-18 1.38758e-18 1.05201e-18 7.97591e-19 6.04697e-19 4.5845e-19 3.47572e-19 2.63509e-19 1.99776e-19 1.51457e-19 1.14824e-19 8.70507e-20 6.5995e-20 5.00319e-20 3.79299e-20 2.8755e-20 2.17993e-20 1.65261e-20 1.25284e-20
7.64041e-07 7.44855e-09 5.65049e-09 4.28645e-09 3.25166e-09 2.46665e-09 1.87115e-09 1.4194e-09 1.07671e-09 8.16747e-10 6.19546e-10 4.69954e-10 3.5648e-10 2.70402e-10 2.05108e-10 1.55579e-10 1.18009e-10 8.95113e-11 6.78947e-11 5.14981e-11 3.9061e-11 2.96273e-11 2.24717e-11 1.70443e-11 1.29276e-11 9.80511e-12 7.43677e-12 5.64045e-12 4.27798e-12 3.2446e-12 2.46083e-12 1.86637e-12 1.4155e-12 1.07355e-12 8.14193e-13 6.17492e-13 4.68309e-13 3.55165e-13 2.69355e-13 2.04276e-13 1.54919e-13 1.17487e-13 8.90991e-14 6.75699e-14 5.12425e-14 3.88601e-14 2.94697e-14 2.23483e-14 1.69476e-14 1.2852e-14 9.7461e-15 7.39074e-15 5.60456e-15 4.25004e-15 3.22286e-15 2.44392e-15 1.85323e-15 1.4053e-15 1.06563e-15 8.08056e-16 6.12736e-16 4.64625e-16 3.52314e-16 2.67149e-16 2.0257e-16 1.53601e-16 1.16469e-16 8.83125e-17 6.69627e-17 5.0774e-17 3.84988e-17 2.91911e-17 2.21335e-17 1.67822e-17 1.27246e-17 9.64798e-18 7.31521e-18 5.54644e-18 4.20533e-18 3.18847e-18 2.41748e-18 1.83291e-18 1.38969e-18 1.05363e-18 7.98842e-19 6.0566e-19 4.59193e-19 3.48144e-19 2.63949e-19 2.00115e-19 1.51717e-19 1.15024e-19 8.7205e-20 6.61136e-20 5.01231e-20 3.79999e-20 2.88088e-20 2.18407e-20 1.65578e-20 1.25528e-20 9.51641e-21
5.77689e-07 5.6458e-09 4.28302e-09 3.24916e-09 2.46484e-09 1.86983e-09 1.41845e-09 1.07602e-09 8.1625e-10 6.19188e-10 4.69698e-10 3.56296e-10 2.70271e-10 2.05015e-10 1.55513e-10 1.17963e-10 8.9479e-11 6.78723e-11 5.14827e-11 3.90504e-11 2.96202e-11 2.2467e-11 1.70412e-11 1.29256e-11 9.80394e-12 7.43611e-12 5.64011e-12 4.27786e-12 3.2446e-12 2.4609e-12 1.86648e-12 1.41563e-12 1.07367e-12 8.14312e-13 6.176e-13 4.68404e-13 3.55248e-13 2.69425e-13 2.04335e-13 1.54969e-13 1.17528e-13 8.91327e-14 6.75973e-14 5.12647e-14 3.88781e-14 2.94841e-14 2.23598e-14 1.69569e-14 1.28594e-14 9.75197e-15 7.3954e-15 5.60825e-15 4.25295e-15 3.22516e-15 2.44573e-15 1.85466e-15 1.40642e-15 1.06651e-15 8.08744e-16 6.13274e-16 4.65046e-16 3.52642e-16 2.67405e-16 2.02769e-16 1.53756e-16 1.1659e-16 8.84067e-17 6.70359e-17 5.08309e-17 3.85429e-17 2.92253e-17 2.21601e-17 1.68027e-17 1.27405e-17 9.66032e-18 7.32475e-18 5.55383e-18 4.21104e-18 3.19288e-18 2.42089e-18 1.83554e-18 1.39172e-18 1.0552e-18 8.0005e-19 6.06592e-19 4.59911e-19 3.48697e-19 2.64375e-19 2.00443e-19 1.5197e-19 1.15219e-19 8.73546e-20 6.62287e-20 5.02116e-20 3.8068e-20 2.88612e-20 2.18809e-20 1.65888e-20 1.25765e-20 9.53465e-21 7.22848e-21
4.3679e-07 4.27934e-09 3.24647e-09 2.46288e-09 1.8684e-09 1.41741e-09 1.07526e-09 8.15703e-10 6.18793e-10 4.69413e-10 3.56091e-10 2.70124e-10 2.0491e-10 1.55438e-10 1.1791e-10 8.94413e-11 6.78458e-11 5.14641e-11 3.90376e-11 2.96113e-11 2.2461e-11 1.70372e-11 1.2923e-11 9.80219e-12 7.43501e-12 5.63944e-12 4.27748e-12 3.24441e-12 2.46083e-12 1.86648e-12 1.41567e-12 1.07373e-12 8.14384e-13 6.17673e-13 4.68473e-13 3.5531e-13 2.6948e-13 2.04383e-13 1.55009e-13 1.17562e-13 8.91612e-14 6.76208e-14 5.1284e-14 3.88938e-14 2.94969e-14 2.23701e-14 1.69652e-14 1.28661e-14 9.75729e-15 7.39963e-15 5.61162e-15 4.25563e-15 3.22727e-15 2.4474e-15 1.85598e-15 1.40746e-15 1.06733e-15 8.09386e-16 6.13778e-16 4.6544e-16 3.52951e-16 2.67646e-16 2.02958e-16 1.53903e-16 1.16704e-16 8.8496e-17 6.71054e-17 5.08849e-17 3.85849e-17 2.92579e-17 2.21854e-17 1.68224e-17 1.27558e-17 9.67212e-18 7.3339e-18 5.56091e-18 4.21651e-18 3.19712e-18 2.42416e-18 1.83807e-18 1.39367e-18 1.05671e-18 8.01215e-19 6.07491e-19 4.60604e-19 3.49232e-19 2.64787e-19 2.0076e-19 1.52215e-19 1.15407e-19 8.74996e-20 6.63403e-20 5.02975e-20 3.81341e-20 2.8912e-20 2.192e-20 1.66188e-20 1.25996e-20 9.55239e-21 7.24211e-21 5.49055e-21
3.30255e-07 3.24358e-09 2.46077e-09 1.86686e-09 1.41628e-09 1.07444e-09 8.15107e-10 6.1836e-10 4.69099e-10 3.55864e-10 2.69961e-10 2.04792e-10 1.55354e-10 1.17849e-10 8.93983e-11 6.78153e-11 5.14425e-11 3.90224e-11 2.96007e-11 2.24536e-11 1.70321e-11 1.29195e-11 9.79986e-12 7.43346e-12 5.63844e-12 4.27684e-12 3.24403e-12 2.46061e-12 1.86637e-12 1.41563e-12 1.07373e-12 8.14408e-13 6.17709e-13 4.68514e-13 3.55351e-13 2.6952e-13 2.04418e-13 1.55041e-13 1.1759e-13 8.91844e-14 6.76404e-14 5.13003e-14 3.89073e-14 2.95079e-14 2.23792e-14 1.69725e-14 1.2872e-14 9.76205e-15 7.40345e-15 5.61467e-15 4.25806e-15 3.22921e-15 2.44894e-15 1.85719e-15 1.40842e-15 1.06808e-15 8.09982e-16 6.14247e-16 4.65809e-16 3.5324e-16 2.67873e-16 2.03135e-16 1.54042e-16 1.16813e-16 8.85804e-17 6.71712e-17 5.09362e-17 3.86248e-17 2.9289e-17 2.22095e-17 1.68411e-17 1.27703e-17 9.6834e-18 7.34264e-18 5.56768e-18 4.22176e-18 3.20118e-18 2.42731e-18 1.8405e-18 1.39555e-18 1.05816e-18 8.02337e-19 6.08357e-19 4.61273e-19 3.49748e-19 2.65185e-19 2.01067e-19 1.52451e-19 1.15589e-19 8.764e-20 6.64485e-20 5.03808e-20 3.81982e-20 2.89613e-20 2.19579e-20 1.6648e-20 1.2622e-20 9.56964e-21 7.25536e-21 5.50073e-21 4.17042e-21
2.49705e-07 2.4585e-09 1.8652e-09 1.41507e-09 1.07356e-09 8.14461e-10 6.1789e-10 4.68757e-10 3.55616e-10 2.69781e-10 2.04662e-10 1.5526e-10 1.17782e-10 8.93499e-11 6.77807e-11 5.14179e-11 3.90049e-11 2.95883e-11 2.24449e-11 1.7026e-11 1.29153e-11 9.79695e-12 7.43148e-12 5.6371e-12 4.27596e-12 3.24345e-12 2.46025e-12 1.86615e-12 1.4155e-12 1.07367e-12 8.14384e-13 6.17709e-13 4.68528e-13 3.55372e-13 2.69543e-13 2.04442e-13 1.55063e-13 1.1761e-13 8.92025e-14 6.76561e-14 5.13137e-14 3.89185e-14 2.95173e-14 2.23869e-14 1.69788e-14 1.28771e-14 9.76624e-15 7.40684e-15 5.6174e-15 4.26025e-15 3.23096e-15 2.45033e-15 1.8583e-15 1.4093e-15 1.06878e-15 8.10533e-16 6.14681e-16 4.66151e-16 3.53509e-16 2.68084e-16 2.03301e-16 1.54172e-16 1.16914e-16 8.86599e-17 6.72333e-17 5.09846e-17 3.86626e-17 2.93184e-17 2.22324e-17 1.68589e-17 1.27841e-17 9.69415e-18 7.35099e-18 5.57415e-18 4.22678e-18 3.20507e-18 2.43032e-18 1.84283e-18 1.39736e-18 1.05956e-18 8.03416e-19 6.09191e-19 4.61917e-19 3.50245e-19 2.65569e-19 2.01363e-19 1.5268e-19 1.15765e-19 8.77758e-20 6.65531e-20 5.04614e-20 3.82602e-20 2.90091e-20 2.19947e-20 1.66763e-20 1.26438e-20 9.58638e-21 7.26824e-21 5.51063e-21 4.17803e-21 3.16766e-21
