0.986954 0.00322774 0.00161565 0.000811342 0.000408745 0.00020657 0.000104718 5.32448e-05 2.7152e-05 1.38853e-05 7.12019e-06 3.66069e-06 1.88678e-06 9.7479e-07 5.04752e-07 2.61919e-07 1.36181e-07 7.09369e-08 3.70145e-08 1.93445e-08 1.01245e-08 5.30587e-09 2.78392e-09 1.46223e-09 7.68735e-10 4.04458e-10 2.12908e-10 1.12057e-10 5.88345e-11 3.05565e-11 1.61088e-11
0.00322774 1.93124e-05 9.69279e-06 4.88209e-06 2.46739e-06 1.25102e-06 6.36193e-07 3.24427e-07 1.65861e-07 8.49896e-08 4.36392e-08 2.24478e-08 1.15653e-08 5.96667e-09 3.08184e-09 1.59334e-09 8.24418e-10 4.26836e-10 2.21098e-10 1.14567e-10 5.93792e-11 3.07794e-11 1.59547e-11 8.26872e-12 4.28285e-12 2.21413e-12 1.13721e-12 5.70568e-13 2.61349e-13 7.29946e-14 3.69107e-14
0.00161565 9.69279e-06 4.8641e-06 2.44954e-06 1.23773e-06 6.27405e-07 3.18977e-07 1.62617e-07 8.31119e-08 4.25745e-08 2.18535e-08 1.12377e-08 5.78788e-09 2.98506e-09 1.54132e-09 7.96623e-10 4.1206e-10 2.13277e-10 1.10444e-10 5.72128e-11 2.96447e-11 1.53619e-11 7.95991e-12 4.12236e-12 2.13097e-12 1.09438e-12 5.48906e-13 2.51162e-13 6.98022e-14 3.51017e-14 1.77588e-14
0.000811342 4.88209e-06 2.44954e-06 1.2333e-06 6.23011e-07 3.15708e-07 1.60454e-07 8.17708e-08 4.17761e-08 2.13914e-08 1.09757e-08 5.64163e-09 2.90444e-09 1.49732e-09 7.72806e-10 3.99257e-10 2.06436e-10 1.06807e-10 5.52879e-11 2.86299e-11 1.48287e-11 7.68065e-12 3.97653e-12 2.05508e-12 1.05513e-12 5.28948e-13 2.4168e-13 6.66736e-14 3.35748e-14 1.68893e-14 8.5492e-15
0.000408745 2.46739e-06 1.23773e-06 6.23011e-07 3.14618e-07 1.59373e-07 8.09662e-08 4.12439e-08 2.10614e-08 1.07792e-08 5.5279e-09 2.83996e-09 1.46132e-09 7.52964e-10 3.88428e-10 2.00574e-10 1.03656e-10 5.36042e-11 2.77348e-11 1.4355e-11 7.43088e-12 3.84534e-12 1.98645e-12 1.01945e-12 5.10725e-13 2.32973e-13 6.37553e-14 3.20796e-14 1.61602e-14 8.13174e-15 4.11842e-15
0.00020657 1.25102e-06 6.27405e-07 3.15708e-07 1.59373e-07 8.0698e-08 4.09778e-08 2.08634e-08 1.06482e-08 5.44668e-09 2.7916e-09 1.43333e-09 7.37094e-10 3.79569e-10 1.95691e-10 1.00991e-10 5.21615e-11 2.69592e-11 1.39406e-11 7.21059e-12 3.72878e-12 1.92506e-12 9.87353e-13 4.94243e-13 2.25056e-13 6.10823e-14 3.0689e-14 1.54468e-14 7.78425e-15 3.91829e-15 1.98554e-15
0.000104718 6.36193e-07 3.18977e-07 1.60454e-07 8.09662e-08 4.09778e-08 2.07974e-08 1.05827e-08 5.39795e-09 2.75937e-09 1.41334e-09 7.25193e-10 3.72681e-10 1.91785e-10 9.88103e-11 5.09595e-11 2.63032e-11 1.35855e-11 7.01972e-12 3.62682e-12 1.87092e-12 9.58835e-13 4.79502e-13 2.17934e-13 5.86628e-14 2.94206e-14 1.47856e-14 7.44459e-15 3.75301e-15 1.88974e-15 9.58118e-16
5.32448e-05 3.24427e-07 1.62617e-07 8.17708e-08 4.12439e-08 2.08634e-08 1.05827e-08 5.38171e-09 2.74325e-09 1.40135e-09 7.1726e-10 3.67761e-10 1.88856e-10 9.71149e-11 4.99982e-11 2.57666e-11 1.32897e-11 6.85827e-12 3.53945e-12 1.82401e-12 9.3389e-13 4.665e-13 2.11605e-13 5.64984e-14 2.82785e-14 1.41852e-14 7.13088e-15 3.59162e-15 1.8113e-15 9.12336e-16 4.62817e-16
2.7152e-05 1.65861e-07 8.31119e-08 4.17761e-08 2.10614e-08 1.06482e-08 5.39795e-09 2.74325e-09 1.39735e-09 7.13293e-10 3.6481e-10 1.86903e-10 9.5904e-11 4.92773e-11 2.53493e-11 1.30531e-11 6.72621e-12 3.46666e-12 1.78433e-12 9.12515e-13 4.55235e-13 2.06069e-13 5.45893e-14 2.72634e-14 1.36477e-14 6.84748e-15 3.44316e-15 1.7348e-15 8.75204e-16 4.40977e-16 2.23823e-16
1.38853e-05 8.49896e-08 4.25745e-08 2.13914e-08 1.07792e-08 5.44668e-09 2.75937e-09 1.40135e-09 7.13293e-10 3.63826e-10 1.85927e-10 9.51776e-11 4.87967e-11 2.50513e-11 1.28756e-11 6.62351e-12 3.40844e-12 1.75187e-12 8.94708e-13 4.45706e-13 2.01325e-13 5.29353e-14 2.63755e-14 1.31735e-14 6.59539e-15 3.30979e-15 1.66473e-15 8.39034e-16 4.23447e-16 2.13425e-16 1.08384e-16
7.12019e-06 4.36392e-08 2.18535e-08 1.09757e-08 5.5279e-09 2.7916e-09 1.41334e-09 7.1726e-10 3.6481e-10 1.85927e-10 9.49355e-11 4.85565e-11 2.48725e-11 1.27573e-11 6.55016e-12 3.36479e-12 1.72663e-12 8.80465e-13 4.37911e-13 1.97374e-13 5.15363e-14 2.56147e-14 1.27627e-14 6.37483e-15 3.19202e-15 1.60219e-15 8.0607e-16 4.06395e-16 2.05174e-16 1.03444e-16 5.25596e-17
3.66069e-06 2.24478e-08 1.12377e-08 5.64163e-09 2.83996e-09 1.43333e-09 7.25193e-10 3.67761e-10 1.86903e-10 9.51776e-11 4.85565e-11 2.48129e-11 1.26982e-11 6.50616e-12 3.33569e-12 1.70861e-12 8.69784e-13 4.3185e-13 1.94213e-13 5.03919e-14 2.49809e-14 1.24151e-14 6.18583e-15 3.08996e-15 1.54741e-15 7.76851e-16 3.9094e-16 1.97161e-16 9.95739e-17 5.02183e-17 2.55286e-17
1.88678e-06 1.15653e-08 5.78788e-09 2.90444e-09 1.46132e-09 7.37094e-10 3.72681e-10 1.88856e-10 9.5904e-11 4.87967e-11 2.48725e-11 1.26982e-11 6.49149e-12 3.32114e-12 1.69779e-12 8.62665e-13 4.27521e-13 1.91842e-13 4.9502e-14 2.44739e-14 1.21308e-14 6.02837e-15 3.00361e-15 1.50046e-15 7.51503e-16 3.7735e-16 1.89944e-16 9.58222e-17 4.84099e-17 2.44218e-17 1.24209e-17
9.7479e-07 5.96667e-09 2.98506e-09 1.49732e-09 7.52964e-10 3.79569e-10 1.91785e-10 9.71149e-11 4.92773e-11 2.50513e-11 1.27573e-11 6.50616e-12 3.32114e-12 1.69419e-12 8.59105e-13 4.24924e-13 1.90262e-13 4.88664e-14 2.40938e-14 1.19097e-14 5.90243e-15 2.93299e-15 1.46134e-15 7.30053e-16 3.65689e-16 1.83655e-16 9.24667e-17 4.66606e-17 2.35806e-17 1.18992e-17 6.05465e-18
5.04752e-07 3.08184e-09 1.54132e-09 7.72806e-10 3.88428e-10 1.95691e-10 9.88103e-11 4.99982e-11 2.53493e-11 1.28756e-11 6.55016e-12 3.33569e-12 1.69779e-12 8.59105e-13 4.24058e-13 1.89473e-13 4.84851e-14 2.38404e-14 1.17519e-14 5.80799e-15 2.87807e-15 1.43005e-15 7.12506e-16 3.55971e-16 1.78328e-16 8.95743e-17 4.51086e-17 2.27687e-17 1.15099e-17 5.80958e-18 2.95733e-18
2.61919e-07 1.59334e-09 7.96623e-10 3.99257e-10 2.00574e-10 1.00991e-10 5.09595e-11 2.57666e-11 1.30531e-11 6.62351e-12 3.36479e-12 1.70861e-12 8.62665e-13 4.24924e-13 1.89473e-13 4.8358e-14 2.37137e-14 1.16571e-14 5.74504e-15 2.83884e-15 1.40659e-15 6.98861e-16 3.48197e-16 1.73969e-16 8.71606e-17 4.37874e-17 2.20552e-17 1.11351e-17 5.63044e-18 2.84262e-18 1.44757e-18
1.36181e-07 8.24418e-10 4.1206e-10 2.06436e-10 1.03656e-10 5.21615e-11 2.63032e-11 1.32897e-11 6.72621e-12 3.40844e-12 1.72663e-12 8.69784e-13 4.27521e-13 1.90262e-13 4.84851e-14 2.37137e-14 1.16256e-14 5.71357e-15 2.81531e-15 1.39095e-15 6.89115e-16 3.42367e-16 1.70578e-16 8.52292e-17 4.27047e-17 2.14567e-17 1.08094e-17 5.45858e-18 2.76076e-18 1.3941e-18 7.10174e-19
7.09369e-08 4.26836e-10 2.13277e-10 1.06807e-10 5.36042e-11 2.69592e-11 1.35855e-11 6.85827e-12 3.46666e-12 1.75187e-12 8.80465e-13 4.3185e-13 1.91842e-13 4.88664e-14 2.38404e-14 1.16571e-14 5.71357e-15 2.80747e-15 1.38313e-15 6.83269e-16 3.38481e-16 1.68157e-16 8.37807e-17 4.18624e-17 2.0977e-17 1.0541e-17 5.31115e-18 2.68253e-18 1.35701e-18 6.85372e-19 3.4924e-19
3.70145e-08 2.21098e-10 1.10444e-10 5.52879e-11 2.77348e-11 1.39406e-11 7.01972e-12 3.53945e-12 1.78433e-12 8.94708e-13 4.37911e-13 1.94213e-13 4.9502e-14 2.40938e-14 1.17519e-14 5.74504e-15 2.81531e-15 1.38313e-15 6.8132e-16 3.36539e-16 1.66704e-16 8.28151e-17 4.12607e-17 2.06172e-17 1.03318e-17 5.19225e-18 2.61648e-18 1.32172e-18 6.68728e-19 3.37798e-19 1.72171e-19
1.93445e-08 1.14567e-10 5.72128e-11 2.86299e-11 1.4355e-11 7.21059e-12 3.62682e-12 1.82401e-12 9.12515e-13 4.45706e-13 1.97374e-13 5.03919e-14 2.44739e-14 1.19097e-14 5.80799e-15 2.83884e-15 1.39095e-15 6.83269e-16 3.36539e-16 1.6622e-16 8.23323e-17 4.08997e-17 2.03772e-17 1.01823e-17 5.10289e-18 2.56464e-18 1.2925e-18 6.52985e-19 3.30422e-19 1.66927e-19 8.5096e-20
1.01245e-08 5.93792e-11 2.96447e-11 1.48287e-11 7.43088e-12 3.72878e-12 1.87092e-12 9.3389e-13 4.55235e-13 2.01325e-13 5.15363e-14 2.49809e-14 1.21308e-14 5.90243e-15 2.87807e-15 1.40659e-15 6.89115e-16 3.38481e-16 1.66704e-16 8.23323e-17 4.07794e-17 2.02573e-17 1.00926e-17 5.04328e-18 2.52753e-18 1.27037e-18 6.40265e-19 3.23495e-19 1.63709e-19 8.27108e-20 4.21698e-20
5.30587e-09 3.07794e-11 1.53619e-11 7.68065e-12 3.84534e-12 1.92506e-12 9.58835e-13 4.665e-13 2.06069e-13 5.29353e-14 2.56147e-14 1.24151e-14 6.02837e-15 2.93299e-15 1.43005e-15 6.98861e-16 3.42367e-16 1.68157e-16 8.28151e-17 4.08997e-17 2.02573e-17 1.00627e-17 5.01347e-18 2.50524e-18 1.25557e-18 6.31079e-19 3.18075e-19 1.60715e-19 8.13355e-20 4.10948e-20 2.09534e-20
2.78392e-09 1.59547e-11 7.95991e-12 3.97653e-12 1.98645e-12 9.87353e-13 4.79502e-13 2.11605e-13 5.45893e-14 2.63755e-14 1.27627e-14 6.18583e-15 3.00361e-15 1.46134e-15 7.12506e-16 3.48197e-16 1.70578e-16 8.37807e-17 4.12607e-17 2.03772e-17 1.00926e-17 5.01347e-18 2.49781e-18 1.24816e-18 6.25549e-19 3.14417e-19 1.58472e-19 8.00717e-20 4.05233e-20 2.04745e-20 1.04396e-20
1.46223e-09 8.26872e-12 4.12236e-12 2.05508e-12 1.01945e-12 4.94243e-13 2.17934e-13 5.64984e-14 2.72634e-14 1.31735e-14 6.37483e-15 3.08996e-15 1.50046e-15 7.30053e-16 3.55971e-16 1.73969e-16 8.52292e-17 4.18624e-17 2.06172e-17 1.01823e-17 5.04328e-18 2.50524e-18 1.24816e-18 6.23704e-19 3.1258e-19 1.57107e-19 7.91824e-20 4.00073e-20 2.02464e-20 1.02291e-20 5.21536e-21
7.68735e-10 4.28285e-12 2.13097e-12 1.05513e-12 5.10725e-13 2.25056e-13 5.86628e-14 2.82785e-14 1.36477e-14 6.59539e-15 3.19202e-15 1.54741e-15 7.51503e-16 3.65689e-16 1.78328e-16 8.71606e-17 4.27047e-17 2.0977e-17 1.03318e-17 5.10289e-18 2.52753e-18 1.25557e-18 6.25549e-19 3.1258e-19 1.5665e-19 7.87305e-20 3.96779e-20 2.0046e-20 1.01437e-20 5.12459e-21 2.61247e-21
4.04458e-10 2.21413e-12 1.09438e-12 5.28948e-13 2.32973e-13 6.10823e-14 2.94206e-14 1.41852e-14 6.84748e-15 3.30979e-15 1.60219e-15 7.76851e-16 3.7735e-16 1.83655e-16 8.95743e-17 4.37874e-17 2.14567e-17 1.0541e-17 5.19225e-18 2.56464e-18 1.27037e-18 6.31079e-19 3.14417e-19 1.57107e-19 7.87305e-20 3.95662e-20 1.99384e-20 1.00721e-20 5.09607e-21 2.57424e-21 1.31209e-21
2.12908e-10 1.13721e-12 5.48906e-13 2.4168e-13 6.37553e-14 3.0689e-14 1.47856e-14 7.13088e-15 3.44316e-15 1.66473e-15 8.0607e-16 3.9094e-16 1.89944e-16 9.24667e-17 4.51086e-17 2.20552e-17 1.08094e-17 5.31115e-18 2.61648e-18 1.2925e-18 6.40265e-19 3.18075e-19 1.58472e-19 7.91824e-20 3.96779e-20 1.99384e-20 1.00462e-20 5.07418e-21 2.56692e-21 1.29647e-21 6.60659e-22
1.12057e-10 5.70568e-13 2.51162e-13 6.66736e-14 3.20796e-14 1.54468e-14 7.44459e-15 3.59162e-15 1.7348e-15 8.39034e-16 4.06395e-16 1.97161e-16 9.58222e-17 4.66606e-17 2.27687e-17 1.11351e-17 5.45858e-18 2.68253e-18 1.32172e-18 6.52985e-19 3.23495e-19 1.60715e-19 8.00717e-20 4.00073e-20 2.0046e-20 1.00721e-20 5.07418e-21 2.56244e-21 1.29603e-21 6.54471e-22 3.33413e-22
5.88345e-11 2.61349e-13 6.98022e-14 3.35748e-14 1.61602e-14 7.78425e-15 3.75301e-15 1.8113e-15 8.75204e-16 4.23447e-16 2.05174e-16 9.95739e-17 4.84099e-17 2.35806e-17 1.15099e-17 5.63044e-18 2.76076e-18 1.35701e-18 6.68728e-19 3.30422e-19 1.63709e-19 8.13355e-20 4.05233e-20 2.02464e-20 1.01437e-20 5.09607e-21 2.56692e-21 1.29603e-21 6.55365e-22 3.30884e-22 1.68513e-22
3.05565e-11 7.29946e-14 3.51017e-14 1.68893e-14 8.13174e-15 3.91829e-15 1.88974e-15 9.12336e-16 4.40977e-16 2.13425e-16 1.03444e-16 5.02183e-17 2.44218e-17 1.18992e-17 5.80958e-18 2.84262e-18 1.3941e-18 6.85372e-19 3.37798e-19 1.66927e-19 8.27108e-20 4.10948e-20 2.04745e-20 1.02291e-20 5.12459e-21 2.57424e-21 1.29647e-21 6.54471e-22 3.30884e-22 1.67031e-22 8.50422e-23
1.61088e-11 3.69107e-14 1.77588e-14 8.5492e-15 4.11842e-15 1.98554e-15 9.58118e-16 4.62817e-16 2.23823e-16 1.08384e-16 5.25596e-17 2.55286e-17 1.24209e-17 6.05465e-18 2.95733e-18 1.44757e-18 7.10174e-19 3.4924e-19 1.72171e-19 8.5096e-20 4.21698e-20 2.09534e-20 1.04396e-20 5.21536e-21 2.61247e-21 1.31209e-21 6.60659e-22 3.33413e-22 1.68513e-22 8.50422e-23 4.32791e-23
