0.975385 0.0120418 0.000148664 1.83536e-06 2.26588e-08 2.79738e-10 3.45355e-12 4.26365e-14 5.26376e-16 6.49847e-18 8.0228e-20 9.90469e-22 1.2228e-23 1.50963e-25 1.86374e-27 2.30092e-29 2.84064e-31 3.50696e-33 4.32958e-35 5.34516e-37 6.59897e-39 8.14687e-41 1.00579e-42 1.24171e-44 1.53298e-46 1.89257e-48 2.3365e-50 2.88457e-52 3.5612e-54 4.39654e-56 5.42782e-58 6.70102e-60 8.27286e-62 1.02134e-63 1.26091e-65 1.55668e-67 1.92183e-69 2.37263e-71 2.92918e-73 3.61627e-75 4.46453e-77 5.51176e-79 6.80465e-81 8.4008e-83 1.03714e-84 1.28041e-86 1.58076e-88 1.95155e-90 2.40932e-92 2.97448e-94 3.67219e-96 4.53357e-98 5.597e-100 6.90988e-102 8.53071e-104 1.05317e-105 1.30022e-107 1.6052e-109 1.98173e-111 2.44658e-113 3.02047e-115 3.72898e-117 4.60368e-119 5.68356e-121 7.01674e-123 8.66264e-125 1.06946e-126 1.32032e-128 1.63003e-130 2.01238e-132 2.48442e-134 3.06718e-136 3.78665e-138 4.67487e-140 5.77145e-142 7.12525e-144 8.7966e-146 1.086e-147 1.34074e-149 1.65524e-151 2.0435e-153 2.52284e-155 3.11462e-157 3.84521e-159 4.74717e-161 5.8607e-163 7.23544e-165 8.93264e-167 1.10279e-168 1.36147e-170 1.68083e-172 2.0751e-174 2.56186e-176 3.16278e-178 3.90467e-180 4.82058e-182 5.95134e-184 7.34733e-186 9.07078e-188 1.11985e-189 1.38253e-191
0.0120418 0.00022238 3.6555e-06 5.6365e-08 8.34573e-10 1.20158e-11 1.69485e-13 2.35341e-15 3.22767e-17 4.3826e-19 5.90174e-21 7.89243e-23 1.04923e-24 1.38776e-26 1.82737e-28 2.39687e-30 3.13299e-32 4.08258e-34 5.30526e-36 6.87692e-38 8.89399e-40 1.1479e-41 1.47873e-43 1.9016e-45 2.4415e-47 3.13005e-49 4.00729e-51 5.12386e-53 6.54375e-55 8.34785e-57 1.06383e-58 1.35439e-60 1.72273e-62 2.18934e-64 2.78008e-66 3.52749e-68 4.47258e-70 5.66695e-72 7.17554e-74 9.08007e-76 1.14833e-77 1.45143e-79 1.83354e-81 2.31506e-83 2.92159e-85 3.68528e-87 4.6465e-89 5.85588e-91 7.37698e-93 9.28947e-95 1.16933e-96 1.47137e-98 1.85077e-100 2.3272e-102 2.9253e-104 3.67596e-106 4.61781e-108 5.79927e-110 7.2809e-112 9.13854e-114 1.14671e-115 1.43851e-117 1.80412e-119 2.26211e-121 2.83568e-123 3.55387e-125 4.45296e-127 5.5783e-129 6.98658e-131 8.7486e-133 1.09528e-134 1.37098e-136 1.71574e-138 2.14682e-140 2.68573e-142 3.35933e-144 4.20117e-146 5.25311e-148 6.5674e-150 8.20923e-152 1.02599e-153 1.2821e-155 1.60191e-157 2.00121e-159 2.49969e-161 3.12191e-163 3.8985e-165 4.86765e-167 6.07695e-169 7.58575e-171 9.46802e-173 1.18159e-174 1.47444e-176 1.83966e-178 2.29509e-180 2.86295e-182 3.57094e-184 4.45354e-186 5.55373e-188 6.92501e-190 8.63403e-192
0.000148664 3.6555e-06 7.31715e-08 1.31833e-09 2.22479e-11 3.58881e-13 5.59974e-15 8.51638e-17 1.26905e-18 1.85977e-20 2.68787e-22 3.83924e-24 5.42869e-26 7.60914e-28 1.05837e-29 1.46212e-31 2.0077e-33 2.74192e-35 3.72636e-37 5.04179e-39 6.79403e-41 9.12143e-43 1.22046e-44 1.62788e-46 2.16503e-48 2.87169e-50 3.79951e-52 5.01541e-54 6.60602e-56 8.68336e-58 1.13921e-59 1.4919e-61 1.95046e-63 2.54589e-65 3.31806e-67 4.31825e-69 5.61229e-71 7.2847e-73 9.44388e-75 1.22287e-76 1.58172e-78 2.04369e-80 2.63791e-82 3.4016e-84 4.38231e-86 5.64073e-88 7.25433e-90 9.32188e-92 1.19693e-93 1.53569e-95 1.96889e-97 2.52253e-99 3.22966e-101 4.13233e-103 5.28397e-105 6.75246e-107 8.62401e-109 1.10081e-110 1.40435e-112 1.79063e-114 2.28201e-116 2.90678e-118 3.70081e-120 4.70954e-122 5.99051e-124 7.61655e-126 9.67982e-128 1.22969e-129 1.56153e-131 1.98213e-133 2.51507e-135 3.19012e-137 4.0449e-139 5.12691e-141 6.49612e-143 8.22827e-145 1.04189e-146 1.31885e-148 1.66893e-150 2.11129e-152 2.67012e-154 3.37589e-156 4.26701e-158 5.39189e-160 6.81148e-162 8.60258e-164 1.08619e-165 1.37111e-167 1.73035e-169 2.18319e-171 2.7539e-173 3.473e-175 4.37889e-177 5.51986e-179 6.95662e-181 8.76552e-183 1.10425e-184 1.39081e-186 1.7514e-188 2.20504e-190 2.77565e-192
1.83536e-06 5.6365e-08 1.31833e-09 2.69288e-11 5.0582e-13 8.96579e-15 1.52245e-16 2.50069e-18 3.9996e-20 6.25865e-22 9.61603e-24 1.45461e-25 2.17102e-27 3.20253e-29 4.67567e-31 6.76427e-33 9.70611e-35 1.38252e-36 1.95617e-38 2.75114e-40 3.84782e-42 5.35445e-44 7.41628e-46 1.02278e-47 1.4049e-49 1.92261e-51 2.62201e-53 3.56428e-55 4.83051e-57 6.52801e-59 8.79848e-61 1.18288e-62 1.58651e-64 2.12308e-66 2.8351e-68 3.77828e-70 5.02561e-72 6.67255e-74 8.84387e-76 1.17024e-77 1.54605e-79 2.03947e-81 2.6865e-83 3.53392e-85 4.64251e-87 6.09114e-89 7.98209e-91 1.04479e-92 1.366e-94 1.78404e-96 2.32759e-98 3.0337e-100 3.9502e-102 5.13878e-104 6.67899e-106 8.67328e-108 1.12536e-109 1.45897e-111 1.88998e-113 2.44647e-115 3.16447e-117 4.09027e-119 5.28324e-121 6.81958e-123 8.79692e-125 1.13404e-126 1.46103e-128 1.88117e-130 2.42073e-132 3.11327e-134 4.00174e-136 5.141e-138 6.60116e-140 8.47172e-142 1.0867e-143 1.39327e-145 1.78548e-147 2.28706e-149 2.92824e-151 3.74752e-153 4.79398e-155 6.1301e-157 7.83541e-159 1.00111e-160 1.2786e-162 1.63239e-164 2.08329e-166 2.65777e-168 3.38947e-170 4.3211e-172 5.50692e-174 7.01582e-176 8.93525e-178 1.13762e-179 1.44793e-181 1.84233e-183 2.34346e-185 2.98001e-187 3.78838e-189 4.81467e-191 6.11727e-193
2.26588e-08 8.34573e-10 2.22479e-11 5.0582e-13 1.04202e-14 2.00466e-16 3.66552e-18 6.44275e-20 1.09703e-21 1.8197e-23 2.95279e-25 4.70234e-27 7.3679e-29 1.13817e-30 1.73631e-32 2.61941e-34 3.91236e-36 5.79107e-38 8.50217e-40 1.23898e-41 1.79325e-43 2.57927e-45 3.68844e-47 5.24645e-49 7.42564e-51 1.04615e-52 1.46752e-54 2.05031e-56 2.85373e-58 3.95787e-60 5.47088e-62 7.53844e-64 1.03564e-65 1.41877e-67 1.93845e-69 2.64175e-71 3.59154e-73 4.87161e-75 6.59345e-77 8.90524e-79 1.20036e-80 1.61492e-82 2.16868e-84 2.90723e-86 3.89078e-88 5.1987e-90 6.93554e-92 9.23891e-94 1.22897e-95 1.63253e-97 2.16574e-99 2.86943e-101 3.79708e-103 5.01864e-105 6.62555e-107 8.73726e-109 1.15096e-110 1.51459e-112 1.99108e-114 2.61494e-116 3.431e-118 4.49762e-120 5.89058e-122 7.70827e-124 1.00784e-125 1.31666e-127 1.71874e-129 2.24188e-131 2.92205e-133 3.80582e-135 4.95336e-137 6.44246e-139 8.37358e-141 1.08764e-142 1.41183e-144 1.83151e-146 2.37449e-148 3.07663e-150 3.98408e-152 5.15626e-154 6.66965e-156 8.62257e-158 1.11414e-159 1.43887e-161 1.85731e-163 2.39626e-165 3.09011e-167 3.98299e-169 5.1315e-171 6.60821e-173 8.50612e-175 1.09444e-176 1.40756e-178 1.80952e-180 2.32531e-182 2.98695e-184 3.83534e-186 4.92282e-188 6.31627e-190 8.10117e-192 1.03867e-193
2.79738e-10 1.20158e-11 3.58881e-13 8.96579e-15 2.00466e-16 4.14908e-18 8.10728e-20 1.51464e-21 2.72922e-23 4.77299e-25 8.13975e-27 1.35855e-28 2.22551e-30 3.58654e-32 5.69685e-34 8.93281e-36 1.38455e-37 2.12364e-39 3.22644e-41 4.85957e-43 7.26132e-45 1.07709e-46 1.58692e-48 2.32345e-50 3.38206e-52 4.89634e-54 7.05276e-56 1.01107e-57 1.443e-59 2.05083e-61 2.90318e-63 4.09447e-65 5.75421e-67 8.05975e-69 1.12533e-70 1.56648e-72 2.17434e-74 3.00983e-76 4.15551e-78 5.72303e-80 7.86312e-82 1.07789e-83 1.47438e-85 2.0125e-87 2.74152e-89 3.72743e-91 5.05854e-93 6.85279e-95 9.26757e-97 1.25126e-98 1.68669e-100 2.27017e-102 3.05097e-104 4.09445e-106 5.48721e-108 7.3439e-110 9.81611e-112 1.31041e-113 1.74722e-115 2.3269e-117 3.09537e-119 4.11307e-121 5.4595e-123 7.23913e-125 9.58914e-127 1.26895e-128 1.67763e-130 2.21585e-132 2.9241e-134 3.85532e-136 5.07874e-138 6.6848e-140 8.79158e-142 1.15531e-143 1.51704e-145 1.99052e-147 2.60984e-149 3.4194e-151 4.47693e-153 5.85752e-155 7.65871e-157 1.00072e-158 1.30675e-160 1.7053e-162 2.22405e-164 2.89885e-166 3.7762e-168 4.91626e-170 6.39692e-172 8.31895e-174 1.08127e-175 1.40465e-177 1.82382e-179 2.36687e-181 3.07009e-183 3.98031e-185 5.15795e-187 6.68089e-189 8.64953e-191 1.11932e-192 1.44786e-194
3.45355e-12 1.69485e-13 5.59974e-15 1.52245e-16 3.66552e-18 8.10728e-20 1.68298e-21 3.32472e-23 6.31015e-25 1.15858e-26 2.06849e-28 3.60546e-30 6.15482e-32 1.03163e-33 1.70134e-35 2.76549e-37 4.43711e-39 7.0358e-41 1.10376e-42 1.7147e-44 2.63996e-46 4.031e-48 6.10806e-50 9.18988e-52 1.37356e-53 2.04036e-55 3.01344e-57 4.4266e-59 6.46951e-61 9.41014e-63 1.36258e-64 1.9646e-66 2.82121e-68 4.03586e-70 5.75252e-72 8.17111e-74 1.15685e-75 1.63271e-77 2.29745e-79 3.22359e-81 4.51074e-83 6.29535e-85 8.764e-87 1.21714e-88 1.68646e-90 2.33157e-92 3.21658e-94 4.42841e-96 6.08475e-98 8.34467e-100 1.14229e-101 1.5609e-103 2.12926e-105 2.89977e-107 3.94278e-109 5.35265e-111 7.25577e-113 9.82126e-115 1.32752e-116 1.79192e-118 2.4156e-120 3.25216e-122 4.37297e-124 5.87294e-126 7.87813e-128 1.05559e-129 1.4128e-131 1.88885e-133 2.52265e-135 3.36566e-137 4.4859e-139 5.97318e-141 7.94602e-143 1.05607e-144 1.4023e-146 1.86041e-148 2.46605e-150 3.26612e-152 4.3222e-154 5.7152e-156 7.55123e-158 9.96947e-160 1.31523e-161 1.73386e-163 2.28411e-165 3.00687e-167 3.95564e-169 5.20029e-171 6.83209e-173 8.97017e-175 1.17699e-176 1.54341e-178 2.02267e-180 2.64919e-182 3.46776e-184 4.53668e-186 5.93177e-188 7.75164e-190 1.01244e-191 1.32165e-193 1.72441e-195
4.26365e-14 2.35341e-15 8.51638e-17 2.50069e-18 6.44275e-20 1.51464e-21 3.32472e-23 6.91598e-25 1.37738e-26 2.64594e-28 4.93004e-30 8.94822e-32 1.58753e-33 2.76059e-35 4.71586e-37 7.92892e-39 1.31417e-40 2.1501e-42 3.47649e-44 5.56074e-46 8.80675e-48 1.38205e-49 2.15058e-51 3.32024e-53 5.08866e-55 7.74582e-57 1.17152e-58 1.76126e-60 2.63297e-62 3.9152e-64 5.7927e-66 8.52992e-68 1.25041e-69 1.82519e-71 2.6534e-73 3.84255e-75 5.54423e-77 7.97151e-79 1.14231e-80 1.6317e-82 2.32363e-84 3.29928e-86 4.67142e-88 6.5964e-90 9.29051e-92 1.30524e-93 1.82935e-95 2.55802e-97 3.56897e-99 4.96879e-101 6.90334e-103 9.57195e-105 1.32465e-106 1.82976e-108 2.52291e-110 3.47256e-112 4.77158e-114 6.54581e-116 8.96549e-118 1.22607e-119 1.6742e-121 2.2828e-123 3.10824e-125 4.22637e-127 5.73908e-129 7.78312e-131 1.05419e-132 1.4261e-134 1.92691e-136 2.60058e-138 3.50579e-140 4.72087e-142 6.35024e-144 8.53302e-146 1.14543e-147 1.53604e-149 2.05785e-151 2.75429e-153 3.68299e-155 4.92036e-157 6.56762e-159 8.75873e-161 1.16709e-162 1.55385e-164 2.06709e-166 2.74768e-168 3.64949e-170 4.84361e-172 6.42364e-174 8.51287e-176 1.12735e-177 1.4919e-179 1.97297e-181 2.6074e-183 3.44357e-185 4.54494e-187 5.99475e-189 7.90212e-191 1.041e-192 1.37056e-194 1.80338e-196
5.26376e-16 3.22767e-17 1.26905e-18 3.9996e-20 1.09703e-21 2.72922e-23 6.31015e-25 1.37738e-26 2.86953e-28 5.75084e-30 1.11531e-31 2.10282e-33 3.86841e-35 6.9641e-37 1.22985e-38 2.13484e-40 3.64878e-42 6.14931e-44 1.02316e-45 1.68253e-47 2.73717e-49 4.40874e-51 7.03596e-53 1.11329e-54 1.74754e-56 2.72272e-58 4.21251e-60 6.47484e-62 9.89085e-64 1.50213e-65 2.26879e-67 3.40894e-69 5.09685e-71 7.58492e-73 1.12374e-74 1.65784e-76 2.43592e-78 3.56543e-80 5.1995e-82 7.55583e-84 1.09431e-85 1.57977e-87 2.27353e-89 3.26225e-91 4.66757e-93 6.65996e-95 9.47769e-97 1.34532e-98 1.90495e-100 2.69098e-102 3.79266e-104 5.33356e-106 7.48451e-108 1.04812e-109 1.46485e-111 2.04331e-113 2.84486e-115 3.95364e-117 5.48491e-119 7.59626e-121 1.05029e-122 1.44983e-124 1.99824e-126 2.7499e-128 3.77872e-130 5.18497e-132 7.10461e-134 9.7217e-136 1.32852e-137 1.81314e-139 2.47143e-141 3.36459e-143 4.57504e-145 6.21371e-147 8.42968e-149 1.14232e-150 1.5463e-152 2.09092e-154 2.82444e-156 3.81141e-158 5.13818e-160 6.9201e-162 9.31117e-164 1.25168e-165 1.68108e-167 2.2558e-169 3.02436e-171 4.05132e-173 5.42249e-175 7.25181e-177 9.69052e-179 1.29392e-180 1.72637e-182 2.30162e-184 3.06629e-186 4.08204e-188 5.43041e-190 7.21915e-192 9.59051e-194 1.27323e-195 1.68921e-197
6.49847e-18 4.3826e-19 1.85977e-20 6.25865e-22 1.8197e-23 4.77299e-25 1.15858e-26 2.64594e-28 5.75084e-30 1.19947e-31 2.41586e-33 4.72161e-35 8.98916e-37 1.67229e-38 3.04776e-40 5.45326e-42 9.59667e-44 1.66358e-45 2.84444e-47 4.80266e-49 8.01557e-51 1.32354e-52 2.16387e-54 3.50524e-56 5.62946e-58 8.96852e-60 1.41807e-61 2.22638e-63 3.47219e-65 5.38112e-67 8.2901e-69 1.26999e-70 1.93519e-72 2.93389e-74 4.4266e-76 6.64816e-78 9.94104e-80 1.48029e-81 2.19546e-83 3.24374e-85 4.77502e-87 7.00455e-89 1.02405e-90 1.49231e-92 2.16793e-94 3.14002e-96 4.5349e-98 6.53127e-100 9.38134e-102 1.34403e-103 1.92075e-105 2.73834e-107 3.89485e-109 5.52732e-111 7.82694e-113 1.10599e-114 1.55963e-116 2.19497e-118 3.08319e-120 4.32276e-122 6.0497e-124 8.45164e-126 1.1787e-127 1.64114e-129 2.2813e-131 3.16619e-133 4.38757e-135 6.07105e-137 8.38825e-139 1.15735e-140 1.59462e-142 2.19414e-144 3.0151e-146 4.13793e-148 5.67179e-150 7.76475e-152 1.06174e-153 1.45011e-155 1.97828e-157 2.69584e-159 3.66967e-161 4.98998e-163 6.77825e-165 9.19802e-167 1.24692e-168 1.68873e-170 2.28489e-172 3.08862e-174 4.17126e-176 5.62832e-178 7.58767e-180 1.02203e-181 1.37547e-183 1.84961e-185 2.48517e-187 3.33645e-189 4.47584e-191 5.9997e-193 8.03633e-195 1.07564e-196 1.43865e-198
8.0228e-20 5.90174e-21 2.68787e-22 9.61603e-24 2.95279e-25 8.13975e-27 2.06849e-28 4.93004e-30 1.11531e-31 2.41586e-33 5.04341e-35 1.01992e-36 2.00613e-38 3.85053e-40 7.23142e-42 1.33182e-43 2.40997e-45 4.29166e-47 7.53171e-49 1.30419e-50 2.23066e-52 3.77198e-54 6.31121e-56 1.04564e-57 1.71656e-59 2.79387e-61 4.51079e-63 7.22784e-65 1.14992e-66 1.81718e-68 2.85342e-70 4.45362e-72 6.91156e-74 1.06679e-75 1.63807e-77 2.50294e-79 3.80649e-81 5.76302e-83 8.68783e-85 1.30433e-86 1.95055e-88 2.90593e-90 4.3136e-92 6.38091e-94 9.40744e-96 1.38248e-97 2.02536e-99 2.95831e-101 4.30856e-103 6.25765e-105 9.06404e-107 1.30949e-108 1.88709e-110 2.71285e-112 3.89076e-114 5.56741e-116 7.94897e-118 1.1325e-119 1.61012e-121 2.28457e-123 3.23517e-125 4.57259e-127 6.45094e-129 9.08451e-131 1.27708e-132 1.79224e-134 2.51102e-136 3.5124e-138 4.90538e-140 6.8403e-142 9.52417e-144 1.32417e-145 1.83842e-147 2.54883e-149 3.52897e-151 4.87954e-153 6.73826e-155 9.29326e-157 1.28012e-158 1.76121e-160 2.42023e-162 3.322e-164 4.55463e-166 6.23772e-168 8.53352e-170 1.16619e-171 1.59207e-173 2.17126e-175 2.9582e-177 4.02644e-179 5.47518e-181 7.43821e-183 1.00958e-184 1.36905e-186 1.85487e-188 2.51091e-190 3.39608e-192 4.58948e-194 6.19715e-196 8.36123e-198 1.12721e-199
9.90469e-22 7.89243e-23 3.83924e-24 1.45461e-25 4.70234e-27 1.35855e-28 3.60546e-30 8.94822e-32 2.10282e-33 4.72161e-35 1.01992e-36 2.13079e-38 4.3236e-40 8.55001e-42 1.65245e-43 3.12862e-45 5.8144e-47 1.06248e-48 1.91177e-50 3.39159e-52 5.93891e-54 1.02747e-55 1.75781e-57 2.97609e-59 4.98992e-61 8.29061e-63 1.36574e-64 2.23181e-66 3.61959e-68 5.82847e-70 9.32206e-72 1.48144e-73 2.34001e-75 3.67483e-77 5.73943e-79 8.91706e-81 1.37848e-82 2.12082e-84 3.24804e-86 4.95264e-88 7.52021e-90 1.1373e-91 1.71332e-93 2.57152e-95 3.84582e-97 5.73183e-99 8.51448e-101 1.26076e-102 1.8611e-104 2.73914e-106 4.01983e-108 5.88293e-110 8.58641e-112 1.24997e-113 1.81505e-115 2.62917e-117 3.79945e-119 5.47802e-121 7.88059e-123 1.13124e-124 1.62044e-126 2.31648e-128 3.3049e-130 4.70598e-132 6.68844e-134 9.48866e-136 1.34373e-137 1.8996e-139 2.6809e-141 3.77731e-143 5.31356e-145 7.46289e-147 1.04656e-148 1.46546e-150 2.04903e-152 2.86091e-154 3.98893e-156 5.55415e-158 7.72328e-160 1.07256e-161 1.48761e-163 2.06071e-165 2.85112e-167 3.94002e-169 5.43843e-171 7.49814e-173 1.03264e-174 1.42058e-176 1.95218e-178 2.67988e-180 3.67505e-182 5.03468e-184 6.89049e-186 9.42121e-188 1.28691e-189 1.75624e-191 2.39453e-193 3.26185e-195 4.4394e-197 6.03681e-199 8.20199e-201
1.2228e-23 1.04923e-24 5.42869e-26 2.17102e-27 7.3679e-29 2.22551e-30 6.15482e-32 1.58753e-33 3.86841e-35 8.98916e-37 2.00613e-38 4.3236e-40 9.03826e-42 1.83917e-43 3.65366e-45 7.10344e-47 1.35439e-48 2.53701e-50 4.67592e-52 8.49088e-54 1.52085e-55 2.68973e-57 4.70127e-59 8.12752e-61 1.39075e-62 2.35709e-64 3.95903e-66 6.59359e-68 1.08939e-69 1.78636e-71 2.9084e-73 4.70325e-75 7.55704e-77 1.20685e-78 1.91613e-80 3.02545e-82 4.75176e-84 7.42545e-86 1.15475e-87 1.78748e-89 2.75462e-91 4.22698e-93 6.45981e-95 9.83328e-97 1.49118e-98 2.25309e-100 3.39232e-102 5.0903e-104 7.61321e-106 1.13506e-107 1.68711e-109 2.50026e-111 3.69474e-113 5.4448e-115 8.0023e-117 1.17306e-118 1.71526e-120 2.50196e-122 3.64082e-124 5.28588e-126 7.65709e-128 1.10679e-129 1.59642e-131 2.29793e-133 3.30107e-135 4.7329e-137 6.7729e-139 9.67427e-141 1.37936e-142 1.96325e-144 2.78952e-146 3.9569e-148 5.60366e-150 7.92313e-152 1.11852e-153 1.57665e-155 2.2191e-157 3.11882e-159 4.37711e-161 6.13453e-163 8.5859e-165 1.20009e-166 1.67524e-168 2.33553e-170 3.25203e-172 4.52267e-174 6.28224e-176 8.71618e-178 1.20792e-179 1.67211e-181 2.31212e-183 3.19364e-185 4.40658e-187 6.07387e-189 8.36346e-191 1.15046e-192 1.58099e-194 2.17054e-196 2.97712e-198 4.07961e-200 5.58528e-202
1.50963e-25 1.38776e-26 7.60914e-28 3.20253e-29 1.13817e-30 3.58654e-32 1.03163e-33 2.76059e-35 6.9641e-37 1.67229e-38 3.85053e-40 8.55001e-42 1.83917e-43 3.84665e-45 7.84642e-47 1.56492e-48 3.05825e-50 5.86702e-52 1.10665e-53 2.0552e-55 3.76243e-57 6.79701e-59 1.21286e-60 2.13951e-62 3.73384e-64 6.451e-66 1.10407e-67 1.87286e-69 3.15045e-71 5.25775e-73 8.70902e-75 1.43236e-76 2.33991e-78 3.79803e-80 6.12717e-82 9.82718e-84 1.56739e-85 2.48665e-87 3.92499e-89 6.16511e-91 9.63852e-93 1.50013e-94 2.32471e-96 3.58763e-98 5.51455e-100 8.44385e-102 1.28813e-103 1.95805e-105 2.96611e-107 4.47817e-109 6.73928e-111 1.01105e-112 1.51223e-114 2.25524e-116 3.35381e-118 4.97383e-120 7.35676e-122 1.08532e-123 1.59714e-125 2.3446e-127 3.43371e-129 5.01719e-131 7.31449e-133 1.06405e-134 1.54461e-136 2.23758e-138 3.23493e-140 4.66766e-142 6.72209e-144 9.66275e-146 1.38646e-147 1.98584e-149 2.83941e-151 4.05303e-153 5.77582e-155 8.21764e-157 1.16734e-158 1.65568e-160 2.34479e-162 3.31581e-164 4.6822e-166 6.60235e-168 9.29709e-170 1.3074e-171 1.8361e-173 2.57526e-175 3.60739e-177 5.04692e-179 7.05227e-181 9.84267e-183 1.37211e-184 1.91057e-186 2.65735e-188 3.69194e-190 5.12376e-192 7.10331e-194 9.83734e-196 1.36097e-197 1.88097e-199 2.59708e-201 3.58234e-203
1.86374e-27 1.82737e-28 1.05837e-29 4.67567e-31 1.73631e-32 5.69685e-34 1.70134e-35 4.71586e-37 1.22985e-38 3.04776e-40 7.23142e-42 1.65245e-43 3.65366e-45 7.84642e-47 1.64181e-48 3.356e-50 6.71635e-52 1.31851e-53 2.5432e-55 4.82669e-57 9.02463e-59 1.66418e-60 3.02963e-62 5.44969e-64 9.69368e-66 1.70626e-67 2.97385e-69 5.13523e-71 8.79013e-73 1.49223e-74 2.51344e-76 4.20215e-78 6.97599e-80 1.15033e-81 1.88476e-83 3.06928e-85 4.96917e-87 8.00033e-89 1.28119e-90 2.04124e-92 3.23626e-94 5.10677e-96 8.02198e-98 1.25465e-99 1.95409e-101 3.03117e-103 4.68364e-105 7.20982e-107 1.10583e-108 1.69017e-110 2.57453e-112 3.9088e-114 5.91573e-116 8.92562e-118 1.34269e-119 2.01398e-121 3.01245e-123 4.49369e-125 6.68558e-127 9.92112e-129 1.46859e-130 2.16863e-132 3.19482e-134 4.69582e-136 6.88662e-138 1.00776e-139 1.47158e-141 2.14445e-143 3.11869e-145 4.52665e-147 6.55765e-149 9.48216e-151 1.36859e-152 1.97181e-154 2.83596e-156 4.0719e-158 5.83675e-160 8.35293e-162 1.19348e-163 1.70262e-165 2.42527e-167 3.44948e-169 4.89908e-171 6.94793e-173 9.83988e-175 1.39165e-176 1.96556e-178 2.7725e-180 3.90568e-182 5.49508e-184 7.72169e-186 1.08374e-187 1.51921e-189 2.12717e-191 2.97501e-193 4.15609e-195 5.79964e-197 8.08436e-199 1.12571e-200 1.56586e-202 2.17587e-204
2.30092e-29 2.39687e-30 1.46212e-31 6.76427e-33 2.61941e-34 8.93281e-36 2.76549e-37 7.92892e-39 2.13484e-40 5.45326e-42 1.33182e-43 3.12862e-45 7.10344e-47 1.56492e-48 3.356e-50 7.02486e-52 1.43857e-53 2.88772e-55 5.6917e-57 1.10315e-58 2.10518e-60 3.96008e-62 7.35051e-64 1.34747e-65 2.44155e-67 4.37589e-69 7.76266e-71 1.36382e-72 2.37434e-74 4.09811e-76 7.01577e-78 1.1918e-79 2.00969e-81 3.36522e-83 5.59755e-85 9.25154e-87 1.5198e-88 2.48216e-90 4.03136e-92 6.51258e-94 1.04671e-95 1.67403e-97 2.66466e-99 4.22226e-101 6.66104e-103 1.04642e-104 1.63719e-106 2.55143e-108 3.96113e-110 6.12719e-112 9.44415e-114 1.45068e-115 2.22095e-117 3.38928e-119 5.15609e-121 7.82023e-123 1.18261e-124 1.78332e-126 2.68171e-128 4.02186e-130 6.01599e-132 8.97601e-134 1.33593e-135 1.98354e-137 2.93819e-139 4.34237e-141 6.40336e-143 9.42209e-145 1.38347e-146 2.02719e-148 2.96446e-150 4.32657e-152 6.30246e-154 9.16352e-156 1.3299e-157 1.92664e-159 2.78628e-161 4.02258e-163 5.79774e-165 8.34263e-167 1.19854e-168 1.71918e-170 2.46222e-172 3.5211e-174 5.02796e-176 7.16934e-178 1.02083e-179 1.45154e-181 2.06116e-183 2.92294e-185 4.13962e-187 5.85525e-189 8.27153e-191 1.16705e-192 1.64464e-194 2.31492e-196 3.25457e-198 4.57042e-200 6.41106e-202 8.98305e-204 1.25732e-205
2.84064e-31 3.13299e-32 2.0077e-33 9.70611e-35 3.91236e-36 1.38455e-37 4.43711e-39 1.31417e-40 3.64878e-42 9.59667e-44 2.40997e-45 5.8144e-47 1.35439e-48 3.05825e-50 6.71635e-52 1.43857e-53 3.01224e-55 6.17849e-57 1.24356e-58 2.45982e-60 4.78815e-62 9.18266e-64 1.73684e-65 3.24298e-67 5.98254e-69 1.09121e-70 1.96928e-72 3.51846e-74 6.2271e-76 1.09227e-77 1.89973e-79 3.27761e-81 5.61176e-83 9.53844e-85 1.61006e-86 2.69977e-88 4.49846e-90 7.45024e-92 1.22675e-93 2.00876e-95 3.27176e-97 5.30162e-99 8.5486e-101 1.3719e-102 2.19161e-104 3.48573e-106 5.52052e-108 8.70735e-110 1.36796e-111 2.14091e-113 3.33823e-115 5.18655e-117 8.03036e-119 1.23917e-120 1.90597e-122 2.92231e-124 4.4669e-126 6.8076e-128 1.03449e-129 1.56761e-131 2.369e-133 3.57057e-135 5.3677e-137 8.04907e-139 1.20404e-140 1.79679e-142 2.67513e-144 3.97382e-146 5.88994e-148 8.71117e-150 1.28567e-151 1.8936e-153 2.7834e-155 4.08332e-157 5.97886e-159 8.73799e-161 1.27471e-162 1.85623e-164 2.69831e-166 3.91571e-168 5.67284e-170 8.205e-172 1.18484e-173 1.70827e-175 2.45915e-177 3.53474e-179 5.07327e-181 7.27091e-183 1.04057e-184 1.48713e-186 2.12243e-188 3.02507e-190 4.30591e-192 6.12116e-194 8.69065e-196 1.23234e-197 1.74533e-199 2.46889e-201 3.48831e-203 4.92295e-205 6.93971e-207
3.50696e-33 4.08258e-34 2.74192e-35 1.38252e-36 5.79107e-38 2.12364e-39 7.0358e-41 2.1501e-42 6.14931e-44 1.66358e-45 4.29166e-47 1.06248e-48 2.53701e-50 5.86702e-52 1.31851e-53 2.88772e-55 6.17849e-57 1.29409e-58 2.65815e-60 5.36294e-62 1.06421e-63 2.07958e-65 4.00603e-67 7.61481e-69 1.42949e-70 2.65228e-72 4.86715e-74 8.83941e-76 1.5897e-77 2.83259e-79 5.00307e-81 8.76331e-83 1.52285e-84 2.62644e-86 4.49731e-88 7.64812e-90 1.29213e-91 2.16934e-93 3.62023e-95 6.00674e-97 9.9114e-99 1.62675e-100 2.65634e-102 4.31625e-104 6.98024e-106 1.12369e-107 1.80098e-109 2.87421e-111 4.56817e-113 7.23168e-115 1.14042e-116 1.79173e-118 2.80488e-120 4.37561e-122 6.80285e-124 1.05418e-125 1.62838e-127 2.50755e-129 3.84979e-131 5.89325e-133 8.99576e-135 1.36936e-136 2.07889e-138 3.14779e-140 4.75413e-142 7.16238e-144 1.07644e-145 1.61398e-147 2.41437e-149 3.60357e-151 5.36673e-153 7.97547e-155 1.18275e-156 1.75042e-158 2.58539e-160 3.81118e-162 5.60745e-164 8.23493e-166 1.20715e-167 1.76639e-169 2.5802e-171 3.76249e-173 5.47734e-175 7.9607e-177 1.15514e-178 1.67352e-180 2.4208e-182 3.49645e-184 5.04257e-186 7.26178e-188 1.04427e-189 1.4996e-191 2.15051e-193 3.07979e-195 4.40477e-197 6.29161e-199 8.97521e-201 1.27874e-202 1.81964e-204 2.5862e-206 3.67131e-208
4.32958e-35 5.30526e-36 3.72636e-37 1.95617e-38 8.50217e-40 3.22644e-41 1.10376e-42 3.47649e-44 1.02316e-45 2.84444e-47 7.53171e-49 1.91177e-50 4.67592e-52 1.10665e-53 2.5432e-55 5.6917e-57 1.24356e-58 2.65815e-60 5.56896e-62 1.14536e-63 2.31578e-65 4.60863e-67 9.03743e-69 1.74801e-70 3.33772e-72 6.29664e-74 1.17444e-75 2.16723e-77 3.95896e-79 7.16311e-81 1.28434e-82 2.28306e-84 4.02528e-86 7.04184e-88 1.22277e-89 2.10823e-91 3.61029e-93 6.14248e-95 1.03858e-96 1.74559e-98 2.91712e-100 4.84813e-102 8.01478e-104 1.31824e-105 2.15755e-107 3.51455e-109 5.69894e-111 9.20026e-113 1.47895e-114 2.36765e-116 3.77527e-118 5.99654e-120 9.48918e-122 1.49618e-123 2.35077e-125 3.68091e-127 5.74464e-129 8.93665e-131 1.38589e-132 2.14272e-134 3.30309e-136 5.07723e-138 7.78249e-140 1.18968e-141 1.81379e-143 2.75818e-145 4.18375e-147 6.33055e-149 9.55601e-151 1.43912e-152 2.16235e-154 3.24182e-156 4.8496e-158 7.23935e-160 1.07843e-161 1.60325e-163 2.37874e-165 3.5225e-167 5.20631e-169 7.68069e-171 1.13105e-172 1.6626e-174 2.43969e-176 3.57389e-178 5.22661e-180 7.63107e-182 1.11238e-183 1.61895e-185 2.35258e-187 3.41346e-189 4.94539e-191 7.15436e-193 1.03352e-194 1.49093e-196 2.1478e-198 3.08988e-200 4.43927e-202 6.36962e-204 9.12761e-206 1.30633e-207 1.86728e-209
5.34516e-37 6.87692e-38 5.04179e-39 2.75114e-40 1.23898e-41 4.85957e-43 1.7147e-44 5.56074e-46 1.68253e-47 4.80266e-49 1.30419e-50 3.39159e-52 8.49088e-54 2.0552e-55 4.82669e-57 1.10315e-58 2.45982e-60 5.36294e-62 1.14536e-63 2.40014e-65 4.94203e-67 1.00115e-68 1.99759e-70 3.92976e-72 7.62903e-74 1.46275e-75 2.77196e-77 5.19532e-79 9.63629e-81 1.76979e-82 3.22012e-84 5.80717e-86 1.03845e-87 1.8421e-89 3.2427e-91 5.66651e-93 9.83288e-95 1.69485e-96 2.90262e-98 4.94049e-100 8.35944e-102 1.40641e-103 2.35326e-105 3.91686e-107 6.48633e-109 1.06889e-110 1.75313e-112 2.86229e-114 4.65261e-116 7.53056e-118 1.21385e-119 1.9488e-121 3.11666e-123 4.96571e-125 7.88303e-127 1.24701e-128 1.9659e-130 3.08891e-132 4.83775e-134 7.55295e-136 1.1756e-137 1.82437e-139 2.82298e-141 4.35589e-143 6.70274e-145 1.02864e-146 1.5745e-148 2.4039e-150 3.66109e-152 5.56228e-154 8.43076e-156 1.2749e-157 1.92357e-159 2.89588e-161 4.35028e-163 6.52137e-165 9.75586e-167 1.45652e-168 2.17026e-170 3.22751e-172 4.79076e-174 7.09801e-176 1.04974e-177 1.54973e-179 2.28389e-181 3.36011e-183 4.93522e-185 7.23682e-187 1.05948e-188 1.54864e-190 2.26015e-192 3.29356e-194 4.79233e-196 6.96295e-198 1.01022e-199 1.46362e-201 2.11757e-203 3.05954e-205 4.41463e-207 6.36155e-209 9.15526e-211
6.59897e-39 8.89399e-40 6.79403e-41 3.84782e-42 1.79325e-43 7.26132e-45 2.63996e-46 8.80675e-48 2.73717e-49 8.01557e-51 2.23066e-52 5.93891e-54 1.52085e-55 3.76243e-57 9.02463e-59 2.10518e-60 4.78815e-62 1.06421e-63 2.31578e-65 4.94203e-67 1.03583e-68 2.13504e-70 4.33273e-72 8.66566e-74 1.70973e-75 3.33042e-77 6.40983e-79 1.21974e-80 2.2963e-82 4.27942e-84 7.89879e-86 1.44466e-87 2.61935e-89 4.71001e-91 8.40269e-93 1.48777e-94 2.61527e-96 4.56558e-98 7.91768e-100 1.36439e-101 2.33684e-103 3.97895e-105 6.73686e-107 1.13445e-108 1.90037e-110 3.16734e-112 5.25332e-114 8.67217e-116 1.4251e-117 2.33157e-119 3.79841e-121 6.16261e-123 9.95843e-125 1.603e-126 2.57066e-128 4.10745e-130 6.53975e-132 1.03766e-133 1.64097e-135 2.58662e-137 4.06435e-139 6.36669e-141 9.94342e-143 1.54843e-144 2.40443e-146 3.72333e-148 5.75012e-150 8.85685e-152 1.36071e-153 2.08527e-155 3.18784e-157 4.86174e-159 7.39729e-161 1.12295e-162 1.70092e-164 2.57073e-166 3.87706e-168 5.83503e-170 8.76389e-172 1.31366e-173 1.96525e-175 2.93441e-177 4.37329e-179 6.50575e-181 9.6606e-183 1.432e-184 2.119e-186 3.13026e-188 4.61644e-190 6.7971e-192 9.99182e-194 1.4665e-195 2.14906e-197 3.14454e-199 4.59431e-201 6.70267e-203 9.76453e-205 1.4205e-206 2.06363e-208 2.99385e-210 4.33757e-212
8.14687e-41 1.1479e-41 9.12143e-43 5.35445e-44 2.57927e-45 1.07709e-46 4.031e-48 1.38205e-49 4.40874e-51 1.32354e-52 3.77198e-54 1.02747e-55 2.68973e-57 6.79701e-59 1.66418e-60 3.96008e-62 9.18266e-64 2.07958e-65 4.60863e-67 1.00115e-68 2.13504e-70 4.47577e-72 9.23413e-74 1.87692e-75 3.76209e-77 7.44244e-79 1.45425e-80 2.80868e-82 5.36521e-84 1.01425e-85 1.89849e-87 3.5204e-89 6.46985e-91 1.17896e-92 2.13096e-94 3.8219e-96 6.80393e-98 1.20269e-99 2.11147e-101 3.68279e-103 6.38324e-105 1.09972e-106 1.88365e-108 3.20839e-110 5.43539e-112 9.16041e-114 1.5361e-115 2.56339e-117 4.25768e-119 7.03984e-121 1.1589e-122 1.89968e-124 3.10119e-126 5.04244e-128 8.16714e-130 1.31785e-131 2.11874e-133 3.39428e-135 5.41901e-137 8.62257e-139 1.36753e-140 2.16202e-142 3.40752e-144 5.35441e-146 8.389e-148 1.31059e-149 2.04181e-151 3.17235e-153 4.91581e-155 7.59774e-157 1.17132e-158 1.80134e-160 2.76354e-162 4.22973e-164 6.45891e-166 9.84072e-168 1.49602e-169 2.2694e-171 3.43532e-173 5.18952e-175 7.82363e-177 1.17714e-178 1.7677e-180 2.64948e-182 3.96372e-184 5.91907e-186 8.82319e-188 1.31291e-189 1.95028e-191 2.89217e-193 4.28185e-195 6.32896e-197 9.33984e-199 1.37615e-200 2.02452e-202 2.97387e-204 4.36191e-206 6.38848e-208 9.34318e-210 1.36452e-211 1.99005e-213
1.00579e-42 1.47873e-43 1.22046e-44 7.41628e-46 3.68844e-47 1.58692e-48 6.10806e-50 2.15058e-51 7.03596e-53 2.16387e-54 6.31121e-56 1.75781e-57 4.70127e-59 1.21286e-60 3.02963e-62 7.35051e-64 1.73684e-65 4.00603e-67 9.03743e-69 1.99759e-70 4.33273e-72 9.23413e-74 1.93611e-75 3.9979e-77 8.13802e-79 1.63443e-80 3.24131e-82 6.35168e-84 1.23071e-85 2.35929e-87 4.47717e-89 8.41474e-91 1.5671e-92 2.89305e-94 5.29656e-96 9.61994e-98 1.73396e-99 3.10268e-101 5.51307e-103 9.73047e-105 1.70636e-106 2.97381e-108 5.15184e-110 8.87387e-112 1.52004e-113 2.58986e-115 4.38988e-117 7.40394e-119 1.24274e-120 2.0762e-122 3.453e-124 5.71776e-126 9.42787e-128 1.54816e-129 2.53214e-131 4.12551e-133 6.69632e-135 1.08295e-136 1.74517e-138 2.80265e-140 4.48581e-142 7.15639e-144 1.13806e-145 1.80421e-147 2.85167e-149 4.49398e-151 7.06182e-153 1.10659e-154 1.72928e-156 2.69518e-158 4.18964e-160 6.49623e-162 1.00477e-163 1.55029e-165 2.38632e-167 3.66468e-169 5.61507e-171 8.58437e-173 1.30953e-174 1.99342e-176 3.02813e-178 4.59053e-180 6.94514e-182 1.04869e-183 1.58044e-185 2.37734e-187 3.56945e-189 5.34963e-191 8.00339e-193 1.19527e-194 1.78203e-196 2.65238e-198 3.94129e-200 5.84706e-202 8.66057e-204 1.28079e-205 1.89121e-207 2.78836e-209 4.10501e-211 6.03458e-213 8.85845e-215
1.24171e-44 1.9016e-45 1.62788e-46 1.02278e-47 5.24645e-49 2.32345e-50 9.18988e-52 3.32024e-53 1.11329e-54 3.50524e-56 1.04564e-57 2.97609e-59 8.12752e-61 2.13951e-62 5.44969e-64 1.34747e-65 3.24298e-67 7.61481e-69 1.74801e-70 3.92976e-72 8.66566e-74 1.87692e-75 3.9979e-77 8.38366e-79 1.73251e-80 3.5314e-82 7.10547e-84 1.41231e-85 2.77493e-87 5.39287e-89 1.03723e-90 1.97537e-92 3.72682e-94 6.96853e-96 1.29191e-97 2.37561e-99 4.33434e-101 7.84913e-103 1.41125e-104 2.51995e-106 4.46997e-108 7.87869e-110 1.3802e-111 2.40362e-113 4.16216e-115 7.16782e-117 1.22787e-118 2.09264e-120 3.54883e-122 5.98956e-124 1.00621e-125 1.68281e-127 2.80212e-129 4.64628e-131 7.67264e-133 1.26199e-134 2.06772e-136 3.37517e-138 5.48927e-140 8.89594e-142 1.43671e-143 2.31253e-145 3.71009e-147 5.9333e-149 9.45929e-151 1.5035e-152 2.38269e-154 3.76512e-156 5.93291e-158 9.32317e-160 1.46115e-161 2.28396e-163 3.56099e-165 5.53816e-167 8.59207e-169 1.32981e-170 2.05337e-172 3.16336e-174 4.86247e-176 7.45781e-178 1.14139e-179 1.74317e-181 2.65675e-183 4.04095e-185 6.13418e-187 9.29364e-189 1.40536e-190 2.12119e-192 3.19575e-194 4.80604e-196 7.21498e-198 1.08126e-199 1.61766e-201 2.41612e-203 3.60278e-205 5.36362e-207 7.97243e-209 1.18317e-210 1.75324e-212 2.59407e-214 3.8325e-216
1.53298e-46 2.4415e-47 2.16503e-48 1.4049e-49 7.42564e-51 3.38206e-52 1.37356e-53 5.08866e-55 1.74754e-56 5.62946e-58 1.71656e-59 4.98992e-61 1.39075e-62 3.73384e-64 9.69368e-66 2.44155e-67 5.98254e-69 1.42949e-70 3.33772e-72 7.62903e-74 1.70973e-75 3.76209e-77 8.13802e-79 1.73251e-80 3.63361e-82 7.51443e-84 1.53357e-85 3.09091e-87 6.15656e-89 1.21263e-90 2.36322e-92 4.55927e-94 8.71188e-96 1.64948e-97 3.09588e-99 5.76222e-101 1.06395e-102 1.94949e-104 3.54593e-106 6.40434e-108 1.14888e-109 2.04757e-111 3.62641e-113 6.38394e-115 1.11729e-116 1.94447e-118 3.3657e-120 5.79519e-122 9.92785e-124 1.69242e-125 2.87141e-127 4.84931e-129 8.15315e-131 1.36486e-132 2.27523e-134 3.77738e-136 6.24646e-138 1.02897e-139 1.68867e-141 2.76125e-143 4.49911e-145 7.30547e-147 1.18225e-148 1.90699e-150 3.06621e-152 4.91477e-154 7.85392e-156 1.25136e-157 1.98804e-159 3.14949e-161 4.97576e-163 7.83987e-165 1.23201e-166 1.9311e-168 3.01927e-170 4.70903e-172 7.32681e-174 1.1373e-175 1.76131e-177 2.72154e-179 4.19599e-181 6.45525e-183 9.90993e-185 1.51819e-186 2.3211e-188 3.54157e-190 5.3932e-192 8.19714e-194 1.24354e-195 1.88301e-197 2.84615e-199 4.29425e-201 6.46781e-203 9.72481e-205 1.45973e-206 2.18747e-208 3.27269e-210 4.88846e-212 7.29048e-214 1.0856e-215 1.61406e-217
1.89257e-48 3.13005e-49 2.87169e-50 1.92261e-51 1.04615e-52 4.89634e-54 2.04036e-55 7.74582e-57 2.72272e-58 8.96852e-60 2.79387e-61 8.29061e-63 2.35709e-64 6.451e-66 1.70626e-67 4.37589e-69 1.09121e-70 2.65228e-72 6.29664e-74 1.46275e-75 3.33042e-77 7.44244e-79 1.63443e-80 3.5314e-82 7.51443e-84 1.57621e-85 3.26183e-87 6.66449e-89 1.34534e-90 2.68492e-92 5.30049e-94 1.03566e-95 2.0038e-97 3.84081e-99 7.29636e-101 1.37428e-102 2.56739e-104 4.75887e-106 8.75485e-108 1.59904e-109 2.90037e-111 5.22577e-113 9.35528e-115 1.66446e-116 2.94372e-118 5.17628e-120 9.05152e-122 1.57431e-123 2.72395e-125 4.68945e-127 8.03394e-129 1.36989e-130 2.32516e-132 3.92909e-134 6.6109e-136 1.10768e-137 1.84841e-139 3.07235e-141 5.08715e-143 8.3918e-145 1.3793e-146 2.25903e-148 3.68715e-150 5.9979e-152 9.72493e-154 1.57176e-155 2.53242e-157 4.06784e-159 6.51484e-161 1.04037e-162 1.65669e-164 2.63084e-166 4.16654e-168 6.58128e-170 1.03687e-171 1.62944e-173 2.55436e-175 3.99462e-177 6.23218e-179 9.70059e-181 1.5065e-182 2.33441e-184 3.60941e-186 5.56889e-188 8.57415e-190 1.31742e-191 2.02013e-193 3.09157e-195 4.72212e-197 7.19894e-199 1.09544e-200 1.66386e-202 2.52267e-204 3.81801e-206 5.76847e-208 8.7005e-210 1.31009e-211 1.96943e-213 2.95583e-215 4.42921e-217 6.62666e-219
2.3365e-50 4.00729e-51 3.79951e-52 2.62201e-53 1.46752e-54 7.05276e-56 3.01344e-57 1.17152e-58 4.21251e-60 1.41807e-61 4.51079e-63 1.36574e-64 3.95903e-66 1.10407e-67 2.97385e-69 7.76266e-71 1.96928e-72 4.86715e-74 1.17444e-75 2.77196e-77 6.40983e-79 1.45425e-80 3.24131e-82 7.10547e-84 1.53357e-85 3.26183e-87 6.84274e-89 1.41692e-90 2.8981e-92 5.85885e-94 1.17139e-95 2.31747e-97 4.5391e-99 8.80584e-101 1.6928e-102 3.22587e-104 6.09617e-106 1.14285e-107 2.1261e-109 3.92621e-111 7.19918e-113 1.31108e-114 2.37204e-116 4.26448e-118 7.62004e-120 1.3536e-121 2.39083e-123 4.19972e-125 7.33803e-127 1.27557e-128 2.20628e-130 3.79769e-132 6.50645e-134 1.10967e-135 1.88422e-137 3.18571e-139 5.36383e-141 8.99472e-143 1.50242e-144 2.49997e-146 4.14439e-148 6.84561e-150 1.12676e-151 1.84822e-153 3.02148e-155 4.92341e-157 7.99698e-159 1.29489e-160 2.09036e-162 3.3645e-164 5.39958e-166 8.6411e-168 1.37904e-169 2.19486e-171 3.48408e-173 5.51626e-175 8.71167e-177 1.3724e-178 2.15678e-180 3.38141e-182 5.28907e-184 8.25411e-186 1.28526e-187 1.99691e-189 3.09594e-191 4.78975e-193 7.39496e-195 1.13941e-196 1.7521e-198 2.68899e-200 4.11898e-202 6.29756e-204 9.61066e-206 1.46402e-207 2.22621e-209 3.3793e-211 5.12082e-213 7.74672e-215 1.16997e-216 1.7641e-218 2.65567e-220
2.88457e-52 5.12386e-53 5.01541e-54 3.56428e-55 2.05031e-56 1.01107e-57 4.4266e-59 1.76126e-60 6.47484e-62 2.22638e-63 7.22784e-65 2.23181e-66 6.59359e-68 1.87286e-69 5.13523e-71 1.36382e-72 3.51846e-74 8.83941e-76 2.16723e-77 5.19532e-79 1.21974e-80 2.80868e-82 6.35168e-84 1.41231e-85 3.09091e-87 6.66449e-89 1.41692e-90 2.97277e-92 6.15923e-94 1.26102e-95 2.55278e-97 5.11256e-99 1.01349e-100 1.98958e-102 3.8695e-104 7.45897e-106 1.4256e-107 2.70249e-109 5.08306e-111 9.48886e-113 1.75856e-114 3.2365e-116 5.91669e-118 1.07467e-119 1.93981e-121 3.48041e-123 6.20835e-125 1.10123e-126 1.94277e-128 3.4094e-130 5.9528e-132 1.03423e-133 1.78828e-135 3.07777e-137 5.27323e-139 8.99531e-141 1.52794e-142 2.58465e-144 4.35462e-146 7.30799e-148 1.22178e-149 2.03505e-151 3.37745e-153 5.58564e-155 9.2059e-157 1.51219e-158 2.47587e-160 4.04077e-162 6.5743e-164 1.06639e-165 1.72462e-167 2.78105e-169 4.47193e-171 7.17096e-173 1.14678e-174 1.82909e-176 2.90978e-178 4.61723e-180 7.30843e-182 1.15401e-183 1.81784e-185 2.85686e-187 4.47948e-189 7.00795e-191 1.09395e-192 1.70399e-194 2.64861e-196 4.10833e-198 6.35958e-200 9.82476e-202 1.51483e-203 2.33113e-205 3.58054e-207 5.48936e-209 8.40045e-211 1.28323e-212 1.95677e-214 2.97866e-216 4.52651e-218 6.86718e-220 1.04011e-221
3.5612e-54 6.54375e-55 6.60602e-56 4.83051e-57 2.85373e-58 1.443e-59 6.46951e-61 2.63297e-62 9.89085e-64 3.47219e-65 1.14992e-66 3.61959e-68 1.08939e-69 3.15045e-71 8.79013e-73 2.37434e-74 6.2271e-76 1.5897e-77 3.95896e-79 9.63629e-81 2.2963e-82 5.36521e-84 1.23071e-85 2.77493e-87 6.15656e-89 1.34534e-90 2.8981e-92 6.15923e-94 1.29237e-95 2.67906e-97 5.4901e-99 1.11281e-100 2.23222e-102 4.43333e-104 8.72161e-106 1.70027e-107 3.28595e-109 6.29771e-111 1.19737e-112 2.25912e-114 4.23098e-116 7.86783e-118 1.4531e-119 2.66606e-121 4.86049e-123 8.80686e-125 1.58629e-126 2.84089e-128 5.05956e-130 8.96269e-132 1.57944e-133 2.76934e-135 4.832e-137 8.39102e-139 1.45045e-140 2.49602e-142 4.27665e-144 7.29667e-146 1.23983e-147 2.09826e-149 3.53727e-151 5.94059e-153 9.94002e-155 1.65722e-156 2.75329e-158 4.55864e-160 7.52261e-162 1.23733e-163 2.02872e-165 3.31595e-167 5.40351e-169 8.77921e-171 1.42225e-172 2.29754e-174 3.70124e-176 5.94637e-178 9.52804e-180 1.52274e-181 2.42742e-183 3.85993e-185 6.12286e-187 9.68925e-189 1.5297e-190 2.4095e-192 3.78676e-194 5.93811e-196 9.29154e-198 1.45079e-199 2.26054e-201 3.51506e-203 5.4548e-205 8.44827e-207 1.30591e-208 2.01481e-210 3.10271e-212 4.76925e-214 7.31769e-216 1.1208e-217 1.71365e-219 2.6156e-221 3.98554e-223
4.39654e-56 8.34785e-57 8.68336e-58 6.52801e-59 3.95787e-60 2.05083e-61 9.41014e-63 3.9152e-64 1.50213e-65 5.38112e-67 1.81718e-68 5.82847e-70 1.78636e-71 5.25775e-73 1.49223e-74 4.09811e-76 1.09227e-77 2.83259e-79 7.16311e-81 1.76979e-82 4.27942e-84 1.01425e-85 2.35929e-87 5.39287e-89 1.21263e-90 2.68492e-92 5.85885e-94 1.26102e-95 2.67906e-97 5.62191e-99 1.16599e-100 2.39148e-102 4.85319e-104 9.74959e-106 1.93974e-107 3.82367e-109 7.47082e-111 1.44733e-112 2.78115e-114 5.30249e-116 1.00338e-117 1.88497e-119 3.51651e-121 6.51624e-123 1.19967e-124 2.19487e-126 3.99138e-128 7.21599e-130 1.29721e-131 2.31922e-133 4.12446e-135 7.29723e-137 1.28464e-138 2.25061e-140 3.92445e-142 6.81197e-144 1.17717e-145 2.0255e-147 3.4706e-149 5.92245e-151 1.00664e-152 1.70436e-154 2.87484e-156 4.83135e-158 8.09034e-160 1.35004e-161 2.24515e-163 3.72132e-165 6.14805e-167 1.01251e-168 1.66231e-170 2.72088e-172 4.44038e-174 7.22557e-176 1.17245e-177 1.89718e-179 3.06158e-181 4.92752e-183 7.9101e-185 1.26657e-186 2.02297e-188 3.22322e-190 5.12329e-192 8.12431e-194 1.28536e-195 2.02899e-197 3.19574e-199 5.02249e-201 7.87662e-203 1.23268e-204 1.92516e-206 3.00059e-208 4.66751e-210 7.24631e-212 1.12284e-213 1.7366e-215 2.68091e-217 4.13117e-219 6.3546e-221 9.75755e-223 1.4957e-224
5.42782e-58 1.06383e-58 1.13921e-59 8.79848e-61 5.47088e-62 2.90318e-63 1.36258e-64 5.7927e-66 2.26879e-67 8.2901e-69 2.85342e-70 9.32206e-72 2.9084e-73 8.70902e-75 2.51344e-76 7.01577e-78 1.89973e-79 5.00307e-81 1.28434e-82 3.22012e-84 7.89879e-86 1.89849e-87 4.47717e-89 1.03723e-90 2.36322e-92 5.30049e-94 1.17139e-95 2.55278e-97 5.4901e-99 1.16599e-100 2.44701e-102 5.0775e-104 1.04225e-105 2.11746e-107 4.25973e-109 8.48901e-111 1.67654e-112 3.28257e-114 6.37394e-116 1.22783e-117 2.34714e-119 4.45383e-121 8.39151e-123 1.57025e-124 2.91896e-126 5.39153e-128 9.89731e-130 1.80606e-131 3.27671e-133 5.91178e-135 1.06083e-136 1.89364e-138 3.36308e-140 5.94337e-142 1.04531e-143 1.82994e-145 3.18905e-147 5.53318e-149 9.55938e-151 1.64466e-152 2.81812e-154 4.80981e-156 8.17759e-158 1.38514e-159 2.33762e-161 3.931e-163 6.5875e-165 1.10018e-166 1.83132e-168 3.03848e-170 5.02543e-172 8.28603e-174 1.36209e-175 2.23244e-177 3.64835e-179 5.94542e-181 9.66197e-183 1.56592e-184 2.53116e-186 4.08074e-188 6.56222e-190 1.05263e-191 1.68438e-193 2.68881e-195 4.28211e-197 6.8038e-199 1.0786e-200 1.70611e-202 2.6928e-204 4.24103e-206 6.6654e-208 1.0454e-209 1.63629e-211 2.55607e-213 3.98505e-215 6.20098e-217 9.63089e-219 1.49302e-220 2.31031e-222 3.56859e-224 5.50243e-226
