0.569537 0.0188868 0.0145732 0.0112448 0.00867653 0.00669487 0.0051658 0.00398597 0.0030756 0.00237316 0.00183114 0.00141292 0.00109022 0.000841221 0.000649092 0.000500844 0.000386455 0.000298191 0.000230086 0.000177536 0.000136988 0.000105701 8.15595e-05 6.29319e-05 4.85587e-05 3.74682e-05 2.89107e-05 2.23077e-05 1.72128e-05 1.32815e-05 1.02481e-05 7.9075e-06 6.10148e-06 4.70794e-06 3.63268e-06 2.803e-06 2.16282e-06 1.66884e-06 1.28769e-06 9.93591e-07 7.66662e-07 5.91561e-07 4.56453e-07 3.52202e-07 2.71761e-07 2.09693e-07 1.61801e-07 1.24846e-07 9.63323e-08 7.43307e-08 5.73541e-08 4.42548e-08 3.41473e-08 2.63483e-08 2.03305e-08 1.56872e-08 1.21043e-08 9.33978e-09 7.20664e-09 5.56069e-09 4.29067e-09 3.31071e-09 2.55456e-09 1.97112e-09 1.52093e-09 1.17356e-09 9.05526e-10 6.9871e-10 5.3913e-10 4.15996e-10 3.20985e-10 2.47674e-10 1.91107e-10 1.4746e-10 1.13781e-10 8.77941e-11 6.77426e-11 5.22706e-11 4.03324e-11 3.11207e-11 2.4013e-11 1.85286e-11 1.42968e-11 1.10315e-11 8.51197e-12 6.56789e-12 5.06783e-12 3.91037e-12 3.01727e-12 2.32815e-12 1.79641e-12 1.38612e-12 1.06954e-12 8.25267e-13 6.36782e-13 4.91345e-13 3.79125e-13 2.92536e-13 2.25722e-13 1.74169e-13 1.3439e-13
0.0188868 0.00633937 0.00522003 0.00428131 0.00349909 0.00285085 0.00231619 0.00187705 0.00151768 0.00122455 0.000986151 0.000792774 0.000636287 0.000509928 0.000408097 0.000326181 0.000260396 0.000207645 0.000165408 0.000131632 0.000104656 8.31364e-05 6.59873e-05 5.23349e-05 4.14767e-05 3.28484e-05 2.59978e-05 2.0563e-05 1.62546e-05 1.28415e-05 1.01397e-05 8.00209e-06 6.31202e-06 4.97653e-06 3.92182e-06 3.08929e-06 2.43248e-06 1.91454e-06 1.5063e-06 1.18467e-06 9.31383e-07 7.31997e-07 5.75104e-07 4.51694e-07 3.54657e-07 2.78383e-07 2.1845e-07 1.71372e-07 1.34403e-07 1.05382e-07 8.26066e-08 6.47375e-08 5.07217e-08 3.97312e-08 3.11152e-08 2.43623e-08 1.9071e-08 1.49259e-08 1.16794e-08 9.13724e-09 7.14708e-09 5.58937e-09 4.37039e-09 3.41666e-09 2.6706e-09 2.08711e-09 1.63084e-09 1.27412e-09 9.95275e-10 7.77339e-10 6.07036e-10 4.73977e-10 3.70032e-10 2.88844e-10 2.25439e-10 1.75929e-10 1.37275e-10 1.07101e-10 8.35491e-11 6.51686e-11 5.08259e-11 3.96353e-11 3.09052e-11 2.40953e-11 1.8784e-11 1.46419e-11 1.14121e-11 8.89378e-12 6.93052e-12 5.40012e-12 4.20727e-12 3.27761e-12 2.55314e-12 1.98862e-12 1.54879e-12 1.20613e-12 9.39207e-13 7.31293e-13 5.6936e-13 4.43248e-13 3.45043e-13
0.0145732 0.00522003 0.00439158 0.00367498 0.00306104 0.00253924 0.00209874 0.00172903 0.00142028 0.00116358 0.000950979 0.000775513 0.000631146 0.000512698 0.000415762 0.000336616 0.000272131 0.000219695 0.000177132 0.000142642 0.000114736 9.21903e-05 7.39995e-05 5.9341e-05 4.7543e-05 3.80577e-05 3.04399e-05 2.43279e-05 1.94287e-05 1.55051e-05 1.23655e-05 9.8552e-06 7.84967e-06 6.24855e-06 4.97118e-06 3.95277e-06 3.14135e-06 2.49523e-06 1.98104e-06 1.57207e-06 1.24696e-06 9.88654e-07 7.83525e-07 6.20704e-07 4.91524e-07 3.8908e-07 3.07874e-07 2.43529e-07 1.92565e-07 1.52216e-07 1.20281e-07 9.50166e-08 7.50356e-08 5.92386e-08 4.67536e-08 3.68896e-08 2.90986e-08 2.29469e-08 1.80909e-08 1.4259e-08 1.12359e-08 8.85161e-09 6.97163e-09 5.48966e-09 4.32175e-09 3.40156e-09 2.67672e-09 2.1059e-09 1.65647e-09 1.30269e-09 1.02427e-09 8.05202e-10 6.32868e-10 4.97327e-10 3.90745e-10 3.0695e-10 2.41083e-10 1.89319e-10 1.48644e-10 1.16689e-10 9.15897e-11 7.18776e-11 5.63994e-11 4.42477e-11 3.4709e-11 2.72227e-11 2.13481e-11 1.67388e-11 1.3123e-11 1.02868e-11 8.06258e-12 6.31844e-12 4.95097e-12 3.87897e-12 3.03871e-12 2.38017e-12 1.86413e-12 1.4598e-12 1.14304e-12 8.94913e-13 7.00569e-13
0.0112448 0.00428131 0.00367498 0.00313302 0.0026553 0.00223892 0.00187934 0.0015712 0.0013089 0.00108689 0.000899902 0.000743113 0.000612155 0.000503152 0.00041271 0.000337882 0.000276133 0.000225297 0.000183537 0.000149303 0.00012129 9.84072e-05 7.97458e-05 6.455e-05 5.21936e-05 4.21596e-05 3.40216e-05 2.74291e-05 2.20947e-05 1.77828e-05 1.4301e-05 1.1492e-05 9.22806e-06 7.40489e-06 5.93791e-06 4.75846e-06 3.81092e-06 3.05022e-06 2.43995e-06 1.9507e-06 1.55871e-06 1.24484e-06 9.93678e-07 7.92804e-07 6.3224e-07 5.03966e-07 4.01539e-07 3.19794e-07 2.54584e-07 2.0259e-07 1.61152e-07 1.28141e-07 1.01854e-07 8.09313e-08 6.42837e-08 5.10432e-08 4.05164e-08 3.21502e-08 2.55036e-08 2.02248e-08 1.60339e-08 1.27077e-08 1.00686e-08 7.97538e-09 6.31562e-09 4.99995e-09 3.95733e-09 3.13133e-09 2.47713e-09 1.95912e-09 1.54908e-09 1.22457e-09 9.67817e-10 7.64728e-10 6.04125e-10 4.77148e-10 3.7678e-10 2.97464e-10 2.34797e-10 1.85296e-10 1.46202e-10 1.15335e-10 9.09673e-11 7.17349e-11 5.65585e-11 4.45849e-11 3.51401e-11 2.76914e-11 2.18179e-11 1.71874e-11 1.35374e-11 1.06609e-11 8.39427e-12 6.60854e-12 5.20191e-12 4.09407e-12 3.22169e-12 2.53484e-12 1.99414e-12 1.56855e-12 1.23363e-12
0.00867653 0.00349909 0.00306104 0.0026553 0.00228687 0.00195741 0.00166641 0.00141194 0.00119129 0.00100133 0.000838807 0.000700493 0.000583342 0.000484532 0.000401505 0.000331977 0.000273931 0.000225608 0.000185482 0.000152241 0.000124764 0.000102097 8.34335e-05 6.80934e-05 5.55055e-05 4.51921e-05 3.67543e-05 2.98605e-05 2.42354e-05 1.96512e-05 1.59196e-05 1.28853e-05 1.04206e-05 8.42064e-06 6.79926e-06 5.48601e-06 4.42326e-06 3.56395e-06 2.86968e-06 2.30919e-06 1.85703e-06 1.49252e-06 1.19887e-06 9.62459e-07 7.72254e-07 6.19316e-07 4.96416e-07 3.9771e-07 3.1848e-07 2.54916e-07 2.03947e-07 1.63099e-07 1.30376e-07 1.04176e-07 8.32082e-08 6.64344e-08 5.30219e-08 4.23017e-08 3.37367e-08 2.68965e-08 2.14358e-08 1.7078e-08 1.36017e-08 1.08296e-08 8.6197e-09 6.8587e-09 5.45584e-09 4.33866e-09 3.44925e-09 2.7414e-09 2.17822e-09 1.73028e-09 1.37409e-09 1.09095e-09 8.65929e-10 6.87154e-10 5.45156e-10 4.32399e-10 3.42884e-10 2.71839e-10 2.15466e-10 1.70746e-10 1.35278e-10 1.07155e-10 8.4861e-11 6.71915e-11 5.31905e-11 4.20986e-11 3.33133e-11 2.63563e-11 2.08483e-11 1.64883e-11 1.30378e-11 1.03075e-11 8.14753e-12 6.43909e-12 5.08803e-12 4.01977e-12 3.17528e-12 2.5078e-12 1.98031e-12
0.00669487 0.00285085 0.00253924 0.00223892 0.00195741 0.00169894 0.00146537 0.001257 0.00107304 0.000912058 0.000772225 0.000651544 0.000547974 0.000459527 0.000384328 0.000320643 0.000266901 0.000221696 0.000183784 0.000152073 0.000125617 0.000103594 8.53018e-05 7.01377e-05 5.75904e-05 4.72264e-05 3.86799e-05 3.16429e-05 2.58573e-05 2.1107e-05 1.72119e-05 1.4022e-05 1.14126e-05 9.28053e-06 7.54029e-06 6.12134e-06 4.96547e-06 4.02479e-06 3.25992e-06 2.63854e-06 2.13414e-06 1.72502e-06 1.39345e-06 1.12491e-06 9.07579e-07 7.31814e-07 5.89757e-07 4.75017e-07 3.82398e-07 3.0768e-07 2.47438e-07 1.98895e-07 1.598e-07 1.28331e-07 1.03013e-07 8.26538e-08 6.62904e-08 5.31446e-08 4.25886e-08 3.4116e-08 2.73184e-08 2.18671e-08 1.74972e-08 1.39956e-08 1.11908e-08 8.94508e-09 7.14764e-09 5.70953e-09 4.55931e-09 3.63967e-09 2.90465e-09 2.31736e-09 1.84828e-09 1.47373e-09 1.17475e-09 9.36165e-10 7.45835e-10 5.94043e-10 4.7302e-10 3.76557e-10 2.99691e-10 2.38457e-10 1.89688e-10 1.50858e-10 1.19949e-10 9.53506e-11 7.57798e-11 6.02126e-11 4.7833e-11 3.79905e-11 3.01669e-11 2.39495e-11 1.90097e-11 1.50857e-11 1.19694e-11 9.495e-12 7.53068e-12 5.97162e-12 4.73446e-12 3.75292e-12 2.97434e-12
0.0051658 0.00231619 0.00209874 0.00187934 0.00166641 0.00146537 0.00127942 0.00111016 0.000958053 0.000822791 0.000703573 0.000599285 0.000508651 0.000430334 0.000363 0.000305369 0.000256241 0.000214516 0.000179194 0.000149385 0.000124297 0.000103238 8.56032e-05 7.08678e-05 5.85809e-05 4.83555e-05 3.9861e-05 3.28166e-05 2.69841e-05 2.21624e-05 1.8182e-05 1.49007e-05 1.2199e-05 9.97749e-06 8.15286e-06 6.65591e-06 5.42911e-06 4.42474e-06 3.60328e-06 2.93205e-06 2.38408e-06 1.93712e-06 1.57285e-06 1.27622e-06 1.03486e-06 8.38614e-07 6.79165e-07 5.49706e-07 4.44666e-07 3.59496e-07 2.90481e-07 2.34591e-07 1.89357e-07 1.52769e-07 1.2319e-07 9.92907e-08 7.99911e-08 6.44138e-08 5.18471e-08 4.17142e-08 3.35476e-08 2.69688e-08 2.16715e-08 1.74079e-08 1.39777e-08 1.12193e-08 9.00198e-09 7.22029e-09 5.78921e-09 4.64019e-09 3.71798e-09 2.97808e-09 2.38466e-09 1.90888e-09 1.52756e-09 1.22205e-09 9.77343e-10 7.81413e-10 6.24583e-10 4.99089e-10 3.98701e-10 3.18419e-10 2.54235e-10 2.02936e-10 1.61947e-10 1.29204e-10 1.03056e-10 8.218e-11 6.55171e-11 5.22205e-11 4.16129e-11 3.31525e-11 2.64063e-11 2.10283e-11 1.67419e-11 1.33265e-11 1.06056e-11 8.4385e-12 6.71285e-12 5.33903e-12 4.24553e-12
0.00398597 0.00187705 0.00172903 0.0015712 0.00141194 0.001257 0.00111016 0.000973734 0.000848925 0.000736171 0.000635357 0.000546005 0.000467405 0.00039871 0.000339015 0.000287403 0.000242982 0.000204906 0.000172388 0.000144711 0.000121227 0.000101357 8.459e-05 7.04752e-05 5.86202e-05 4.86844e-05 4.03737e-05 3.34352e-05 2.76525e-05 2.28412e-05 1.88443e-05 1.5529e-05 1.27828e-05 1.05112e-05 8.63448e-06 7.08596e-06 5.80972e-06 4.75905e-06 3.89501e-06 3.18518e-06 2.6026e-06 2.12492e-06 1.73361e-06 1.41333e-06 1.1514e-06 9.3738e-07 7.62633e-07 6.20064e-07 5.03833e-07 4.09142e-07 3.32051e-07 2.69332e-07 2.18338e-07 1.76904e-07 1.43256e-07 1.1595e-07 9.38009e-08 7.58461e-08 6.12989e-08 4.95189e-08 3.99847e-08 3.22718e-08 2.60355e-08 2.09955e-08 1.69241e-08 1.36368e-08 1.09837e-08 8.84332e-09 7.11736e-09 5.72615e-09 4.60521e-09 3.70239e-09 2.97553e-09 2.39056e-09 1.91995e-09 1.54148e-09 1.23722e-09 9.92703e-10 7.96266e-10 6.38507e-10 5.11852e-10 4.10201e-10 3.28643e-10 2.63227e-10 2.10773e-10 1.68727e-10 1.35032e-10 1.08037e-10 8.64172e-11 6.91061e-11 5.5249e-11 4.41597e-11 3.52876e-11 2.81914e-11 2.25169e-11 1.79805e-11 1.43547e-11 1.14575e-11 9.1431e-12 7.2946e-12 5.81858e-12
0.0030756 0.00151768 0.00142028 0.0013089 0.00119129 0.00107304 0.000958053 0.000848925 0.000747272 0.000653971 0.000569361 0.000493399 0.000425781 0.000366031 0.000313571 0.000267772 0.000227987 0.000193583 0.000163954 0.000138531 0.000116791 9.82574e-05 8.25036e-05 6.9148e-05 5.78534e-05 4.83239e-05 4.03009e-05 3.356e-05 2.79071e-05 2.3175e-05 1.92206e-05 1.59213e-05 1.31728e-05 1.08865e-05 8.98726e-06 7.41163e-06 6.10612e-06 5.02573e-06 4.13266e-06 3.39524e-06 2.787e-06 2.28582e-06 1.87325e-06 1.53395e-06 1.25516e-06 1.02629e-06 8.38554e-07 6.84691e-07 5.58687e-07 4.55577e-07 3.71263e-07 3.02368e-07 2.46111e-07 2.00205e-07 1.6277e-07 1.32263e-07 1.07415e-07 8.71905e-08 7.07377e-08 5.73612e-08 4.64916e-08 3.7664e-08 3.04984e-08 2.4685e-08 1.99709e-08 1.61501e-08 1.30547e-08 1.05483e-08 8.51969e-09 6.87847e-09 5.55127e-09 4.47846e-09 3.61164e-09 2.91153e-09 2.3463e-09 1.89014e-09 1.52215e-09 1.22538e-09 9.86154e-10 7.93372e-10 6.38074e-10 5.13015e-10 4.1234e-10 3.31322e-10 2.66144e-10 2.13726e-10 1.71583e-10 1.37711e-10 1.10495e-10 8.86339e-11 7.10789e-11 5.6986e-11 4.56754e-11 3.66005e-11 2.93213e-11 2.3484e-11 1.88042e-11 1.50534e-11 1.20479e-11 9.64028e-12 7.71201e-12
0.00237316 0.00122455 0.00116358 0.00108689 0.00100133 0.000912058 0.000822791 0.000736171 0.000653971 0.000577307 0.000506793 0.000442674 0.00038493 0.000333353 0.000287612 0.000247299 0.000211967 0.000181153 0.000154399 0.000131264 0.000111332 9.4218e-05 7.95686e-05 6.70651e-05 5.64216e-05 4.73841e-05 3.9728e-05 3.32563e-05 2.7797e-05 2.32006e-05 1.93377e-05 1.6097e-05 1.33825e-05 1.11125e-05 9.2169e-06 7.63621e-06 6.31989e-06 5.22512e-06 4.31574e-06 3.56125e-06 2.93596e-06 2.41832e-06 1.99025e-06 1.63659e-06 1.3447e-06 1.10401e-06 9.05718e-07 7.42501e-07 6.08267e-07 4.97958e-07 4.07381e-07 3.33064e-07 2.72132e-07 2.22211e-07 1.81339e-07 1.47899e-07 1.20557e-07 9.82149e-08 7.99705e-08 6.50809e-08 5.29364e-08 4.30365e-08 3.4971e-08 2.84034e-08 2.30584e-08 1.87107e-08 1.5176e-08 1.23037e-08 9.97069e-09 8.0767e-09 6.5398e-09 5.29323e-09 4.28259e-09 3.46357e-09 2.80012e-09 2.26292e-09 1.82811e-09 1.47633e-09 1.19182e-09 9.61805e-10 7.75923e-10 6.25758e-10 5.0449e-10 4.06593e-10 3.2759e-10 2.63857e-10 2.12458e-10 1.71021e-10 1.37625e-10 1.10719e-10 8.90477e-11 7.15982e-11 5.75523e-11 4.62493e-11 3.71564e-11 2.98433e-11 2.39634e-11 1.92372e-11 1.54392e-11 1.2388e-11 9.9374e-12
0.00183114 0.000986151 0.000950979 0.000899902 0.000838807 0.000772225 0.000703573 0.000635357 0.000569361 0.000506793 0.000448416 0.000394655 0.000345675 0.00030146 0.00026186 0.000226636 0.000195494 0.00016811 0.000144147 0.00012327 0.000105152 8.94872e-05 7.59882e-05 6.43917e-05 5.4458e-05 4.59713e-05 3.8739e-05 3.259e-05 2.73735e-05 2.29571e-05 1.92255e-05 1.60782e-05 1.34283e-05 1.1201e-05 9.33176e-06 7.76539e-06 6.45471e-06 5.35945e-06 4.44542e-06 3.68358e-06 3.04934e-06 2.52196e-06 2.0839e-06 1.72042e-06 1.41915e-06 1.16967e-06 9.6329e-07 7.92711e-07 6.51852e-07 5.35633e-07 4.39826e-07 3.60908e-07 2.95953e-07 2.42531e-07 1.98627e-07 1.62571e-07 1.3298e-07 1.08712e-07 8.88225e-08 7.25314e-08 5.91962e-08 4.82872e-08 3.93682e-08 3.20804e-08 2.61289e-08 2.12712e-08 1.73084e-08 1.40774e-08 1.14444e-08 9.29973e-09 7.5537e-09 6.13289e-09 4.97726e-09 4.03774e-09 3.27426e-09 2.6541e-09 2.15058e-09 1.74193e-09 1.41041e-09 1.14157e-09 9.23643e-10 7.47058e-10 6.04026e-10 4.88214e-10 3.94477e-10 3.18633e-10 2.5729e-10 2.0769e-10 1.67601e-10 1.35208e-10 1.09044e-10 8.79167e-11 7.08624e-11 5.71e-11 4.59975e-11 3.70436e-11 2.98246e-11 2.40059e-11 1.93174e-11 1.55405e-11 1.24989e-11
0.00141292 0.000792774 0.000775513 0.000743113 0.000700493 0.000651544 0.000599285 0.000546005 0.000493399 0.000442674 0.000394655 0.00034986 0.000308576 0.000270914 0.000236853 0.000206281 0.000179021 0.000154857 0.000133549 0.000114848 9.85061e-05 8.42809e-05 7.19427e-05 6.12767e-05 5.20844e-05 4.41848e-05 3.74139e-05 3.16251e-05 2.66872e-05 2.24845e-05 1.89149e-05 1.58889e-05 1.33285e-05 1.11658e-05 9.34207e-06 7.80665e-06 6.5159e-06 5.43239e-06 4.52412e-06 3.76374e-06 3.12798e-06 2.59706e-06 2.15421e-06 1.78524e-06 1.47816e-06 1.22284e-06 1.01078e-06 8.34824e-07 6.88956e-07 5.68143e-07 4.68169e-07 3.8551e-07 3.17223e-07 2.60855e-07 2.14361e-07 1.7604e-07 1.44479e-07 1.18504e-07 9.71407e-08 7.95823e-08 6.51606e-08 5.33227e-08 4.36118e-08 3.56505e-08 2.91275e-08 2.37859e-08 1.94143e-08 1.58385e-08 1.29152e-08 1.05265e-08 8.57573e-09 6.98337e-09 5.6842e-09 4.62475e-09 3.76119e-09 3.05762e-09 2.48466e-09 2.01827e-09 1.63878e-09 1.33015e-09 1.07923e-09 8.7533e-10 7.09695e-10 5.75199e-10 4.66029e-10 3.7745e-10 3.05605e-10 2.47354e-10 2.0014e-10 1.61887e-10 1.30904e-10 1.05818e-10 8.55136e-11 6.90845e-11 5.57953e-11 4.50494e-11 3.63627e-11 2.93428e-11 2.36715e-11 1.90911e-11 1.53929e-11
0.00109022 0.000636287 0.000631146 0.000612155 0.000583342 0.000547974 0.000508651 0.000467405 0.000425781 0.00038493 0.000345675 0.000308576 0.000273986 0.000242097 0.000212978 0.000186606 0.000162894 0.000141707 0.000122885 0.000106248 9.16093e-05 7.87833e-05 6.75884e-05 5.78516e-05 4.94105e-05 4.21149e-05 3.5827e-05 3.04219e-05 2.5787e-05 2.18219e-05 1.84372e-05 1.55538e-05 1.31022e-05 1.10217e-05 9.25922e-06 7.76859e-06 6.5099e-06 5.44869e-06 4.55526e-06 3.80414e-06 3.17349e-06 2.64468e-06 2.20181e-06 1.83134e-06 1.52179e-06 1.26343e-06 1.04802e-06 8.68597e-07 7.19305e-07 5.95199e-07 4.92126e-07 4.06596e-07 3.35686e-07 2.76946e-07 2.28326e-07 1.88115e-07 1.54884e-07 1.27441e-07 1.04796e-07 8.61219e-08 7.07334e-08 5.80609e-08 4.76318e-08 3.90544e-08 3.20042e-08 2.62129e-08 2.14584e-08 1.75574e-08 1.43585e-08 1.17367e-08 9.58907e-09 7.83079e-09 6.39199e-09 5.21522e-09 4.25324e-09 3.46721e-09 2.82525e-09 2.3012e-09 1.8736e-09 1.52484e-09 1.24052e-09 1.00883e-09 8.201e-10 6.66431e-10 5.41359e-10 4.39603e-10 3.56848e-10 2.89572e-10 2.34899e-10 1.90485e-10 1.54419e-10 1.2514e-10 1.01381e-10 8.21069e-11 6.64766e-11 5.38055e-11 4.35367e-11 3.52173e-11 2.84794e-11 2.30241e-11 1.86085e-11
0.000841221 0.000509928 0.000512698 0.000503152 0.000484532 0.000459527 0.000430334 0.00039871 0.000366031 0.000333353 0.00030146 0.000270914 0.000242097 0.000215248 0.000190494 0.000167876 0.000147369 0.000128904 0.000112378 9.76675e-05 8.46379e-05 7.31484e-05 6.30581e-05 5.42298e-05 4.65324e-05 3.98425e-05 3.40454e-05 2.9036e-05 2.47186e-05 2.10065e-05 1.78223e-05 1.50968e-05 1.27688e-05 1.07841e-05 9.09519e-06 7.66054e-06 6.44391e-06 5.4138e-06 4.54295e-06 3.80781e-06 3.1881e-06 2.66639e-06 2.22775e-06 1.85942e-06 1.55048e-06 1.29166e-06 1.07507e-06 8.94016e-07 7.42816e-07 6.16676e-07 5.11544e-07 4.24003e-07 3.51176e-07 2.90642e-07 2.4037e-07 1.98653e-07 1.64065e-07 1.35408e-07 1.11684e-07 9.20583e-08 7.58343e-08 6.24318e-08 5.13676e-08 4.22399e-08 3.47145e-08 2.85141e-08 2.34086e-08 1.92071e-08 1.57515e-08 1.29112e-08 1.05777e-08 8.66182e-09 7.08957e-09 5.80001e-09 4.74284e-09 3.87664e-09 3.16724e-09 2.58654e-09 2.11142e-09 1.72286e-09 1.40523e-09 1.14571e-09 9.33744e-10 7.60703e-10 6.19495e-10 5.04311e-10 4.10394e-10 3.33846e-10 2.7148e-10 2.20688e-10 1.79338e-10 1.45686e-10 1.1831e-10 9.60466e-11 7.79477e-11 6.32394e-11 5.12905e-11 4.15866e-11 3.37084e-11 2.73146e-11 2.2127e-11
0.000649092 0.000408097 0.000415762 0.00041271 0.000401505 0.000384328 0.000363 0.000339015 0.000313571 0.000287612 0.00026186 0.000236853 0.000212978 0.000190494 0.000169564 0.000150268 0.00013263 0.000116624 0.000102196 8.92633e-05 7.77333e-05 6.75021e-05 5.84627e-05 5.05079e-05 4.35331e-05 3.74382e-05 3.2129e-05 2.75177e-05 2.35236e-05 2.00728e-05 1.70988e-05 1.45414e-05 1.2347e-05 1.0468e-05 8.86205e-06 7.49209e-06 6.32545e-06 5.33362e-06 4.49175e-06 3.77825e-06 3.17444e-06 2.66416e-06 2.23351e-06 1.87053e-06 1.56496e-06 1.30804e-06 1.09227e-06 9.11257e-07 7.59569e-07 6.32586e-07 5.26391e-07 4.37667e-07 3.6361e-07 3.01852e-07 2.50396e-07 2.0756e-07 1.7193e-07 1.42318e-07 1.17726e-07 9.73197e-08 8.03987e-08 6.63781e-08 5.4769e-08 4.51631e-08 3.72202e-08 3.06567e-08 2.52365e-08 2.07632e-08 1.70737e-08 1.40324e-08 1.15269e-08 9.46403e-09 7.76649e-09 6.37036e-09 5.22272e-09 4.27985e-09 3.50559e-09 2.87013e-09 2.34882e-09 1.92137e-09 1.57105e-09 1.28407e-09 1.04908e-09 8.56754e-10 6.99411e-10 5.70743e-10 4.65569e-10 3.79634e-10 3.09447e-10 2.52145e-10 2.05381e-10 1.67232e-10 1.36122e-10 1.10762e-10 9.00964e-11 7.32626e-11 5.95547e-11 4.83963e-11 3.93163e-11 3.193e-11 2.59234e-11
0.000500844 0.000326181 0.000336616 0.000337882 0.000331977 0.000320643 0.000305369 0.000287403 0.000267772 0.000247299 0.000226636 0.000206281 0.000186606 0.000167876 0.000150268 0.000133891 0.000118797 0.000104995 9.24629e-05 8.1154e-05 7.10059e-05 6.19453e-05 5.38926e-05 4.67657e-05 4.04825e-05 3.49628e-05 3.01299e-05 2.59113e-05 2.22395e-05 1.90523e-05 1.62927e-05 1.3909e-05 1.18546e-05 1.00879e-05 8.57163e-06 7.27277e-06 6.16218e-06 5.21424e-06 4.40647e-06 3.71924e-06 3.13544e-06 2.64024e-06 2.22078e-06 1.86595e-06 1.56619e-06 1.31325e-06 1.10009e-06 9.2066e-07 7.69786e-07 6.43062e-07 5.36734e-07 4.4761e-07 3.7298e-07 3.10545e-07 2.58361e-07 2.14783e-07 1.78424e-07 1.48114e-07 1.22867e-07 1.01854e-07 8.43785e-08 6.98558e-08 5.77959e-08 4.77884e-08 3.94898e-08 3.26129e-08 2.69179e-08 2.22048e-08 1.83068e-08 1.50849e-08 1.24234e-08 1.02261e-08 8.41317e-09 6.91818e-09 5.68605e-09 4.67111e-09 3.83553e-09 3.14796e-09 2.58247e-09 2.11762e-09 1.73568e-09 1.42202e-09 1.16455e-09 9.53302e-10 7.80056e-10 6.38039e-10 5.21672e-10 4.26363e-10 3.48335e-10 2.84479e-10 2.32244e-10 1.89532e-10 1.5462e-10 1.26094e-10 1.02796e-10 8.37736e-11 6.82487e-11 5.55825e-11 4.52523e-11 3.68303e-11 2.99662e-11
0.000386455 0.000260396 0.000272131 0.000276133 0.000273931 0.000266901 0.000256241 0.000242982 0.000227987 0.000211967 0.000195494 0.000179021 0.000162894 0.000147369 0.00013263 0.000118797 0.000105942 9.40983e-05 8.32666e-05 7.34261e-05 6.45392e-05 5.65561e-05 4.94197e-05 4.30684e-05 3.74387e-05 3.24673e-05 2.80925e-05 2.42552e-05 2.08994e-05 1.79729e-05 1.54277e-05 1.32195e-05 1.13082e-05 9.65764e-06 8.23519e-06 7.0118e-06 5.9616e-06 5.06173e-06 4.29199e-06 3.63465e-06 3.0742e-06 2.59707e-06 2.19148e-06 1.84717e-06 1.55528e-06 1.30815e-06 1.09918e-06 9.22689e-07 7.738e-07 6.48338e-07 5.42731e-07 4.53931e-07 3.79339e-07 3.16744e-07 2.64265e-07 2.20309e-07 1.83525e-07 1.52769e-07 1.27075e-07 1.05628e-07 8.77406e-08 7.28332e-08 6.04189e-08 5.00885e-08 4.14984e-08 3.43603e-08 2.84331e-08 2.35145e-08 1.94356e-08 1.60552e-08 1.32555e-08 1.09381e-08 9.02104e-09 7.43614e-09 6.12659e-09 5.04514e-09 4.15257e-09 3.41627e-09 2.8092e-09 2.30895e-09 1.89692e-09 1.55772e-09 1.27862e-09 1.04908e-09 8.60381e-10 7.05332e-10 5.7799e-10 4.73448e-10 3.87663e-10 3.17298e-10 2.59607e-10 2.12326e-10 1.73591e-10 1.41872e-10 1.15907e-10 9.46609e-11 7.72825e-11 6.3073e-11 5.14589e-11 4.19694e-11 3.42188e-11
0.000298191 0.000207645 0.000219695 0.000225297 0.000225608 0.000221696 0.000214516 0.000204906 0.000193583 0.000181153 0.00016811 0.000154857 0.000141707 0.000128904 0.000116624 0.000104995 9.40983e-05 8.39809e-05 7.46621e-05 6.61393e-05 5.83934e-05 5.13934e-05 4.50996e-05 3.94673e-05 3.44484e-05 2.99938e-05 2.60542e-05 2.25821e-05 1.95315e-05 1.68592e-05 1.45248e-05 1.24907e-05 1.07228e-05 9.18975e-06 7.86326e-06 6.7179e-06 5.73089e-06 4.88196e-06 4.15309e-06 3.52838e-06 2.99383e-06 2.53715e-06 2.14758e-06 1.81574e-06 1.53347e-06 1.29369e-06 1.09027e-06 9.17904e-07 7.72033e-07 6.48725e-07 5.44608e-07 4.56791e-07 3.828e-07 3.20521e-07 2.68153e-07 2.2416e-07 1.87237e-07 1.56277e-07 1.30339e-07 1.08627e-07 9.04671e-08 7.52911e-08 6.26185e-08 5.20444e-08 4.3228e-08 3.58824e-08 2.97666e-08 2.46782e-08 2.04475e-08 1.69324e-08 1.40135e-08 1.15914e-08 9.58267e-09 7.91783e-09 6.53881e-09 5.3972e-09 4.45266e-09 3.67161e-09 3.0261e-09 2.49289e-09 2.05267e-09 1.68942e-09 1.38983e-09 1.14285e-09 9.39362e-10 7.71772e-10 6.33816e-10 5.20305e-10 4.26949e-10 3.50205e-10 2.87142e-10 2.35344e-10 1.92817e-10 1.57916e-10 1.29284e-10 1.05805e-10 8.65593e-11 7.07894e-11 5.78726e-11 4.72965e-11 3.86401e-11
0.000230086 0.000165408 0.000177132 0.000183537 0.000185482 0.000183784 0.000179194 0.000172388 0.000163954 0.000154399 0.000144147 0.000133549 0.000122885 0.000112378 0.000102196 9.24629e-05 8.32666e-05 7.46621e-05 6.66802e-05 5.9331e-05 5.26096e-05 4.6499e-05 4.09737e-05 3.60021e-05 3.15487e-05 2.7576e-05 2.40456e-05 2.09194e-05 1.81601e-05 1.57323e-05 1.36022e-05 1.17384e-05 1.01118e-05 8.69564e-06 7.46545e-06 6.39914e-06 5.47679e-06 4.68053e-06 3.9944e-06 3.40422e-06 2.89744e-06 2.46298e-06 2.09111e-06 1.77329e-06 1.50205e-06 1.2709e-06 1.07416e-06 9.06936e-07 7.64971e-07 6.44596e-07 5.42647e-07 4.56399e-07 3.83514e-07 3.21987e-07 2.701e-07 2.26387e-07 1.89595e-07 1.58657e-07 1.32666e-07 1.1085e-07 9.25531e-08 7.72213e-08 6.43845e-08 5.36449e-08 4.4667e-08 3.71675e-08 3.09074e-08 2.56857e-08 2.13331e-08 1.77076e-08 1.46896e-08 1.2179e-08 1.00919e-08 8.3578e-09 6.91796e-09 5.72315e-09 4.73224e-09 3.91091e-09 3.23051e-09 2.66719e-09 2.20103e-09 1.81549e-09 1.49679e-09 1.23347e-09 1.01602e-09 8.36541e-10 6.88467e-10 5.66362e-10 4.65719e-10 3.82803e-10 3.14522e-10 2.58318e-10 2.12074e-10 1.74042e-10 1.42776e-10 1.17083e-10 9.59782e-11 7.86493e-11 6.44261e-11 5.27566e-11 4.31858e-11
0.000177536 0.000131632 0.000142642 0.000149303 0.000152241 0.000152073 0.000149385 0.000144711 0.000138531 0.000131264 0.00012327 0.000114848 0.000106248 9.76675e-05 8.92633e-05 8.1154e-05 7.34261e-05 6.61393e-05 5.9331e-05 5.30205e-05 4.72127e-05 4.19012e-05 3.70712e-05 3.27017e-05 2.87675e-05 2.52404e-05 2.2091e-05 1.92892e-05 1.68051e-05 1.46099e-05 1.26756e-05 1.09762e-05 9.48709e-06 8.18545e-06 7.05042e-06 6.06288e-06 5.2055e-06 4.46264e-06 3.82024e-06 3.26575e-06 2.78798e-06 2.37701e-06 2.02407e-06 1.72145e-06 1.46235e-06 1.24083e-06 1.05171e-06 8.90455e-07 7.53145e-07 6.36367e-07 5.3717e-07 4.53004e-07 3.81673e-07 3.21284e-07 2.70214e-07 2.27067e-07 1.90652e-07 1.59947e-07 1.34081e-07 1.12312e-07 9.40058e-08 7.8626e-08 6.57153e-08 5.48861e-08 4.58101e-08 3.82093e-08 3.18487e-08 2.653e-08 2.20857e-08 1.83746e-08 1.52779e-08 1.26956e-08 1.05437e-08 8.75162e-09 7.26009e-09 6.0195e-09 4.98823e-09 4.13149e-09 3.42014e-09 2.82984e-09 2.34027e-09 1.93445e-09 1.59825e-09 1.31986e-09 1.08946e-09 8.9887e-10 7.41294e-10 6.11075e-10 5.03514e-10 4.14711e-10 3.41428e-10 2.8098e-10 2.3114e-10 1.90066e-10 1.5623e-10 1.28368e-10 1.05436e-10 8.65674e-11 7.10498e-11 5.82927e-11 4.78091e-11
0.000136988 0.000104656 0.000114736 0.00012129 0.000124764 0.000125617 0.000124297 0.000121227 0.000116791 0.000111332 0.000105152 9.85061e-05 9.16093e-05 8.46379e-05 7.77333e-05 7.10059e-05 6.45392e-05 5.83934e-05 5.26096e-05 4.72127e-05 4.22143e-05 3.7616e-05 3.3411e-05 2.95866e-05 2.61254e-05 2.30071e-05 2.02095e-05 1.77092e-05 1.54827e-05 1.35066e-05 1.17581e-05 1.02157e-05 8.85874e-06 7.66804e-06 6.62582e-06 5.71567e-06 4.92261e-06 4.23304e-06 3.63464e-06 3.11636e-06 2.66828e-06 2.28158e-06 1.9484e-06 1.6618e-06 1.41565e-06 1.20454e-06 1.02376e-06 8.69155e-07 7.37111e-07 6.2448e-07 5.28528e-07 4.46883e-07 3.77491e-07 3.1858e-07 2.6862e-07 2.26297e-07 1.9048e-07 1.60198e-07 1.34621e-07 1.13039e-07 9.48429e-08 7.95161e-08 6.66171e-08 5.57704e-08 4.6657e-08 3.9006e-08 3.25877e-08 2.72076e-08 2.27012e-08 1.89292e-08 1.57743e-08 1.31372e-08 1.09345e-08 9.09587e-09 7.56209e-09 6.28344e-09 5.21814e-09 4.33113e-09 3.593e-09 2.97913e-09 2.46889e-09 2.04501e-09 1.69309e-09 1.40105e-09 1.15884e-09 9.58054e-10 7.91698e-10 6.53934e-10 5.39905e-10 4.45566e-10 3.67554e-10 3.03074e-10 2.49802e-10 2.0581e-10 1.69498e-10 1.39537e-10 1.14828e-10 9.44584e-11 7.76728e-11 6.38464e-11 5.2462e-11
0.000105701 8.31364e-05 9.21903e-05 9.84072e-05 0.000102097 0.000103594 0.000103238 0.000101357 9.82574e-05 9.4218e-05 8.94872e-05 8.42809e-05 7.87833e-05 7.31484e-05 6.75021e-05 6.19453e-05 5.65561e-05 5.13934e-05 4.6499e-05 4.19012e-05 3.7616e-05 3.36504e-05 3.00037e-05 2.66693e-05 2.36362e-05 2.08903e-05 1.84152e-05 1.61931e-05 1.42057e-05 1.24342e-05 1.08604e-05 9.46648e-06 8.23537e-06 7.15099e-06 6.19829e-06 5.36328e-06 4.63311e-06 3.996e-06 3.44123e-06 2.95912e-06 2.54094e-06 2.17887e-06 1.86592e-06 1.59587e-06 1.36322e-06 1.16308e-06 9.9118e-07 8.43731e-07 7.17432e-07 6.09392e-07 5.17089e-07 4.38327e-07 3.712e-07 3.14056e-07 2.65463e-07 2.24188e-07 1.89165e-07 1.59477e-07 1.34337e-07 1.13068e-07 9.50909e-08 7.99104e-08 6.71027e-08 5.63063e-08 4.72128e-08 3.95601e-08 3.3125e-08 2.7718e-08 2.31782e-08 1.93695e-08 1.61764e-08 1.35013e-08 1.12618e-08 9.38817e-09 7.82169e-09 6.51286e-09 5.42e-09 4.50804e-09 3.74751e-09 3.11363e-09 2.58562e-09 2.14606e-09 1.78033e-09 1.4762e-09 1.22343e-09 1.01346e-09 8.39134e-10 6.94475e-10 5.74493e-10 4.75029e-10 3.92614e-10 3.24358e-10 2.67854e-10 2.21102e-10 1.82435e-10 1.50469e-10 1.24055e-10 1.02238e-10 8.42249e-11 6.93593e-11 5.70961e-11
8.15595e-05 6.59873e-05 7.39995e-05 7.97458e-05 8.34335e-05 8.53018e-05 8.56032e-05 8.459e-05 8.25036e-05 7.95686e-05 7.59882e-05 7.19427e-05 6.75884e-05 6.30581e-05 5.84627e-05 5.38926e-05 4.94197e-05 4.50996e-05 4.09737e-05 3.70712e-05 3.3411e-05 3.00037e-05 2.68527e-05 2.39563e-05 2.13084e-05 1.88995e-05 1.6718e-05 1.47508e-05 1.29837e-05 1.1402e-05 9.99108e-06 8.73646e-06 7.62412e-06 6.64068e-06 5.77349e-06 5.01071e-06 4.34136e-06 3.7553e-06 3.24328e-06 2.79685e-06 2.40835e-06 2.07091e-06 1.77834e-06 1.5251e-06 1.30626e-06 1.11744e-06 9.54787e-07 8.14865e-07 6.94669e-07 5.91559e-07 5.03223e-07 4.27638e-07 3.63044e-07 3.07908e-07 2.60898e-07 2.20863e-07 1.86803e-07 1.57858e-07 1.33285e-07 1.12443e-07 9.47835e-08 7.98342e-08 6.71907e-08 5.65069e-08 4.74869e-08 3.98779e-08 3.34645e-08 2.80631e-08 2.35177e-08 1.96954e-08 1.64837e-08 1.3787e-08 1.15243e-08 9.62708e-09 8.03739e-09 6.70628e-09 5.5924e-09 4.66091e-09 3.88242e-09 3.23221e-09 2.68946e-09 2.23667e-09 1.85916e-09 1.54459e-09 1.28261e-09 1.06454e-09 8.83125e-10 7.32282e-10 6.06923e-10 5.02795e-10 4.16345e-10 3.44607e-10 2.85107e-10 2.35779e-10 1.94903e-10 1.61048e-10 1.33019e-10 1.09824e-10 9.06379e-11 7.47744e-11 6.16637e-11
6.29319e-05 5.23349e-05 5.9341e-05 6.455e-05 6.80934e-05 7.01377e-05 7.08678e-05 7.04752e-05 6.9148e-05 6.70651e-05 6.43917e-05 6.12767e-05 5.78516e-05 5.42298e-05 5.05079e-05 4.67657e-05 4.30684e-05 3.94673e-05 3.60021e-05 3.27017e-05 2.95866e-05 2.66693e-05 2.39563e-05 2.14494e-05 1.91458e-05 1.70401e-05 1.51245e-05 1.33892e-05 1.18238e-05 1.04169e-05 9.15676e-06 8.03186e-06 7.03075e-06 6.14236e-06 5.35615e-06 4.66217e-06 4.05108e-06 3.51423e-06 3.04364e-06 2.632e-06 2.27265e-06 1.95954e-06 1.68722e-06 1.4508e-06 1.24588e-06 1.06857e-06 9.15369e-07 7.8321e-07 6.69365e-07 5.71431e-07 4.87299e-07 4.15118e-07 3.53268e-07 3.00335e-07 2.55086e-07 2.16451e-07 1.83499e-07 1.55425e-07 1.31531e-07 1.11216e-07 9.39603e-08 7.93178e-08 6.69042e-08 5.63899e-08 4.7492e-08 3.99686e-08 3.36128e-08 2.82477e-08 2.37225e-08 1.99088e-08 1.66971e-08 1.39944e-08 1.17218e-08 9.81209e-09 8.2085e-09 6.86288e-09 5.73447e-09 4.78884e-09 3.99688e-09 3.33404e-09 2.77961e-09 2.31614e-09 1.92894e-09 1.60563e-09 1.33584e-09 1.11083e-09 9.23261e-10 7.66998e-10 6.36881e-10 5.28591e-10 4.38512e-10 3.6362e-10 3.01385e-10 2.49693e-10 2.06778e-10 1.71166e-10 1.41628e-10 1.1714e-10 9.68463e-11 8.00366e-11 6.61187e-11
4.85587e-05 4.14767e-05 4.7543e-05 5.21936e-05 5.55055e-05 5.75904e-05 5.85809e-05 5.86202e-05 5.78534e-05 5.64216e-05 5.4458e-05 5.20844e-05 4.94105e-05 4.65324e-05 4.35331e-05 4.04825e-05 3.74387e-05 3.44484e-05 3.15487e-05 2.87675e-05 2.61254e-05 2.36362e-05 2.13084e-05 1.91458e-05 1.71487e-05 1.53144e-05 1.3638e-05 1.21127e-05 1.07308e-05 9.48376e-06 8.36239e-06 7.35747e-06 6.45977e-06 5.66024e-06 4.95015e-06 4.32117e-06 3.76544e-06 3.27559e-06 2.8448e-06 2.46677e-06 2.13571e-06 1.84637e-06 1.59397e-06 1.37418e-06 1.18312e-06 1.01732e-06 8.73663e-07 7.49388e-07 6.42037e-07 5.4944e-07 4.69678e-07 4.01064e-07 3.42117e-07 2.91538e-07 2.4819e-07 2.11085e-07 1.79359e-07 1.52262e-07 1.29144e-07 1.09441e-07 9.26649e-08 7.83956e-08 6.62701e-08 5.59758e-08 4.72441e-08 3.98444e-08 3.35789e-08 2.82782e-08 2.37975e-08 2.00129e-08 1.68187e-08 1.4125e-08 1.1855e-08 9.94352e-09 8.33501e-09 6.98243e-09 5.84582e-09 4.89135e-09 4.09036e-09 3.41859e-09 2.85556e-09 2.38395e-09 1.98917e-09 1.65888e-09 1.38272e-09 1.15195e-09 9.59206e-10 7.98322e-10 6.64101e-10 5.52183e-10 4.58911e-10 3.81219e-10 3.16536e-10 2.62711e-10 2.17942e-10 1.80725e-10 1.49799e-10 1.24113e-10 1.02789e-10 8.50941e-11 7.04171e-11
3.74682e-05 3.28484e-05 3.80577e-05 4.21596e-05 4.51921e-05 4.72264e-05 4.83555e-05 4.86844e-05 4.83239e-05 4.73841e-05 4.59713e-05 4.41848e-05 4.21149e-05 3.98425e-05 3.74382e-05 3.49628e-05 3.24673e-05 2.99938e-05 2.7576e-05 2.52404e-05 2.30071e-05 2.08903e-05 1.88995e-05 1.70401e-05 1.53144e-05 1.37218e-05 1.22595e-05 1.09233e-05 9.70752e-06 8.60588e-06 7.61139e-06 6.71676e-06 5.91462e-06 5.19761e-06 4.55856e-06 3.99056e-06 3.48702e-06 3.04172e-06 2.64885e-06 2.303e-06 1.99919e-06 1.73286e-06 1.49983e-06 1.29632e-06 1.1189e-06 9.64501e-07 8.30348e-07 7.13973e-07 6.13174e-07 5.25995e-07 4.50701e-07 3.85763e-07 3.29829e-07 2.81713e-07 2.40374e-07 2.04899e-07 1.74493e-07 1.4846e-07 1.26196e-07 1.07176e-07 9.09439e-08 7.71049e-08 6.53178e-08 5.52881e-08 4.67615e-08 3.95195e-08 3.33738e-08 2.81631e-08 2.37488e-08 2.00123e-08 1.6852e-08 1.41812e-08 1.19257e-08 1.00224e-08 8.41756e-09 7.06524e-09 5.92655e-09 4.96838e-09 4.16267e-09 3.4856e-09 2.917e-09 2.43979e-09 2.03953e-09 1.70401e-09 1.42294e-09 1.18761e-09 9.90696e-10 8.26015e-10 6.88367e-10 5.73379e-10 4.7737e-10 3.9725e-10 3.30425e-10 2.74715e-10 2.28296e-10 1.89636e-10 1.57455e-10 1.30679e-10 1.0841e-10 8.98989e-11 7.4518e-11
2.89107e-05 2.59978e-05 3.04399e-05 3.40216e-05 3.67543e-05 3.86799e-05 3.9861e-05 4.03737e-05 4.03009e-05 3.9728e-05 3.8739e-05 3.74139e-05 3.5827e-05 3.40454e-05 3.2129e-05 3.01299e-05 2.80925e-05 2.60542e-05 2.40456e-05 2.2091e-05 2.02095e-05 1.84152e-05 1.6718e-05 1.51245e-05 1.3638e-05 1.22595e-05 1.09881e-05 9.82116e-06 8.75501e-06 7.78501e-06 6.90592e-06 6.11211e-06 5.39773e-06 4.7569e-06 4.18375e-06 3.67258e-06 3.21793e-06 2.81455e-06 2.45753e-06 2.14227e-06 1.86449e-06 1.62024e-06 1.40591e-06 1.21818e-06 1.05406e-06 9.1083e-07 7.8604e-07 6.77494e-07 5.83225e-07 5.01477e-07 4.30692e-07 3.69485e-07 3.16631e-07 2.71051e-07 2.31794e-07 1.98023e-07 1.69008e-07 1.44107e-07 1.2276e-07 1.04481e-07 8.88456e-08 7.54846e-08 6.40789e-08 5.43518e-08 4.60642e-08 3.90096e-08 3.301e-08 2.79121e-08 2.35842e-08 1.99129e-08 1.68013e-08 1.41661e-08 1.19362e-08 1.00506e-08 8.45734e-09 7.11213e-09 5.97715e-09 5.02021e-09 4.21394e-09 3.53507e-09 2.96384e-09 2.4835e-09 2.07985e-09 1.74084e-09 1.45631e-09 1.21763e-09 1.01754e-09 8.49896e-10 7.09513e-10 5.92024e-10 4.93749e-10 4.1159e-10 3.4294e-10 2.85607e-10 2.37751e-10 1.97824e-10 1.64529e-10 1.36778e-10 1.13659e-10 9.44075e-11 7.83841e-11
2.23077e-05 2.0563e-05 2.43279e-05 2.74291e-05 2.98605e-05 3.16429e-05 3.28166e-05 3.34352e-05 3.356e-05 3.32563e-05 3.259e-05 3.16251e-05 3.04219e-05 2.9036e-05 2.75177e-05 2.59113e-05 2.42552e-05 2.25821e-05 2.09194e-05 1.92892e-05 1.77092e-05 1.61931e-05 1.47508e-05 1.33892e-05 1.21127e-05 1.09233e-05 9.82116e-06 8.80524e-06 7.87315e-06 7.02171e-06 6.24705e-06 5.54491e-06 4.91073e-06 4.33981e-06 3.82743e-06 3.36893e-06 2.95978e-06 2.59561e-06 2.27228e-06 1.98589e-06 1.73278e-06 1.50957e-06 1.31313e-06 1.14059e-06 9.89321e-07 8.56941e-07 7.41292e-07 6.40428e-07 5.52599e-07 4.76239e-07 4.09949e-07 3.52484e-07 3.02738e-07 2.59733e-07 2.22602e-07 1.90585e-07 1.6301e-07 1.3929e-07 1.18909e-07 1.01416e-07 8.64188e-08 7.35746e-08 6.25856e-08 5.31932e-08 4.51733e-08 3.83319e-08 3.2501e-08 2.7536e-08 2.3312e-08 1.97214e-08 1.66718e-08 1.40839e-08 1.18895e-08 1.00302e-08 8.45608e-09 7.12435e-09 5.99852e-09 5.04744e-09 4.24455e-09 3.56722e-09 2.99621e-09 2.51514e-09 2.1101e-09 1.7693e-09 1.48272e-09 1.24189e-09 1.03963e-09 8.69847e-10 7.2742e-10 6.08006e-10 5.07942e-10 4.24139e-10 3.53992e-10 2.95306e-10 2.46234e-10 2.05222e-10 1.70964e-10 1.42361e-10 1.18492e-10 9.85815e-11 8.1982e-11
1.72128e-05 1.62546e-05 1.94287e-05 2.20947e-05 2.42354e-05 2.58573e-05 2.69841e-05 2.76525e-05 2.79071e-05 2.7797e-05 2.73735e-05 2.66872e-05 2.5787e-05 2.47186e-05 2.35236e-05 2.22395e-05 2.08994e-05 1.95315e-05 1.81601e-05 1.68051e-05 1.54827e-05 1.42057e-05 1.29837e-05 1.18238e-05 1.07308e-05 9.70752e-06 8.75501e-06 7.87315e-06 7.06069e-06 6.31553e-06 5.63495e-06 5.01578e-06 4.4545e-06 3.94744e-06 3.49081e-06 3.08083e-06 2.71379e-06 2.38607e-06 2.0942e-06 1.83489e-06 1.60503e-06 1.40173e-06 1.2223e-06 1.06426e-06 9.25313e-07 8.03389e-07 6.9659e-07 6.03199e-07 5.21665e-07 4.50597e-07 3.88746e-07 3.34995e-07 2.8835e-07 2.47927e-07 2.12943e-07 1.82705e-07 1.56601e-07 1.34095e-07 1.14712e-07 9.80387e-08 8.3712e-08 7.14149e-08 6.08709e-08 5.18393e-08 4.41108e-08 3.7504e-08 3.18612e-08 2.70463e-08 2.29414e-08 1.9445e-08 1.64694e-08 1.39391e-08 1.17893e-08 9.96417e-09 8.4159e-09 7.1035e-09 5.99186e-09 5.05096e-09 4.25515e-09 3.58252e-09 3.0144e-09 2.53487e-09 2.13039e-09 1.78943e-09 1.50219e-09 1.26036e-09 1.0569e-09 8.85803e-10 7.42018e-10 6.21252e-10 5.19877e-10 4.34828e-10 3.63514e-10 3.03749e-10 2.53689e-10 2.1178e-10 1.76713e-10 1.47386e-10 1.2287e-10 1.02388e-10 8.52827e-11
1.32815e-05 1.28415e-05 1.55051e-05 1.77828e-05 1.96512e-05 2.1107e-05 2.21624e-05 2.28412e-05 2.3175e-05 2.32006e-05 2.29571e-05 2.24845e-05 2.18219e-05 2.10065e-05 2.00728e-05 1.90523e-05 1.79729e-05 1.68592e-05 1.57323e-05 1.46099e-05 1.35066e-05 1.24342e-05 1.1402e-05 1.04169e-05 9.48376e-06 8.60588e-06 7.78501e-06 7.02171e-06 6.31553e-06 5.66526e-06 5.06906e-06 4.52462e-06 4.02932e-06 3.5803e-06 3.17457e-06 2.80909e-06 2.48082e-06 2.1868e-06 1.92415e-06 1.69008e-06 1.482e-06 1.29743e-06 1.13407e-06 9.89771e-07 8.62571e-07 7.50652e-07 6.52357e-07 5.66178e-07 4.9075e-07 4.24837e-07 3.67329e-07 3.17229e-07 2.73648e-07 2.35789e-07 2.02947e-07 1.74495e-07 1.49876e-07 1.28601e-07 1.10238e-07 9.44059e-08 8.07723e-08 6.90446e-08 5.89672e-08 5.03167e-08 4.28988e-08 3.6544e-08 3.11053e-08 2.64549e-08 2.24823e-08 1.90917e-08 1.62003e-08 1.37368e-08 1.16395e-08 9.85555e-09 8.33926e-09 7.0515e-09 5.95865e-09 5.0319e-09 4.24658e-09 3.58159e-09 3.01888e-09 2.54304e-09 2.14094e-09 1.80137e-09 1.51479e-09 1.27309e-09 1.06937e-09 8.97755e-10 7.53281e-10 6.31726e-10 5.29512e-10 4.43612e-10 3.71461e-10 3.10892e-10 2.60073e-10 2.17457e-10 1.81739e-10 1.51818e-10 1.26765e-10 1.05799e-10 8.82617e-11
1.02481e-05 1.01397e-05 1.23655e-05 1.4301e-05 1.59196e-05 1.72119e-05 1.8182e-05 1.88443e-05 1.92206e-05 1.93377e-05 1.92255e-05 1.89149e-05 1.84372e-05 1.78223e-05 1.70988e-05 1.62927e-05 1.54277e-05 1.45248e-05 1.36022e-05 1.26756e-05 1.17581e-05 1.08604e-05 9.99108e-06 9.15676e-06 8.36239e-06 7.61139e-06 6.90592e-06 6.24705e-06 5.63495e-06 5.06906e-06 4.54822e-06 4.07084e-06 3.63499e-06 3.23849e-06 2.87901e-06 2.55413e-06 2.2614e-06 1.99839e-06 1.76272e-06 1.55209e-06 1.36429e-06 1.19723e-06 1.04895e-06 9.17622e-07 8.01539e-07 6.9913e-07 6.08953e-07 5.29689e-07 4.60136e-07 3.99207e-07 3.45916e-07 2.99378e-07 2.58798e-07 2.23463e-07 1.92739e-07 1.6606e-07 1.42924e-07 1.22885e-07 1.0555e-07 9.05716e-08 7.76453e-08 6.6502e-08 5.69062e-08 4.8652e-08 4.1559e-08 3.54701e-08 3.02483e-08 2.57743e-08 2.19446e-08 1.86695e-08 1.58711e-08 1.34822e-08 1.14445e-08 9.7078e-09 8.2289e-09 6.97051e-09 5.90059e-09 4.99159e-09 4.21989e-09 3.56523e-09 3.01024e-09 2.5401e-09 2.14209e-09 1.80537e-09 1.5207e-09 1.28019e-09 1.07711e-09 9.05742e-10 7.61227e-10 6.39429e-10 5.36837e-10 4.50472e-10 3.77809e-10 3.16709e-10 2.65359e-10 2.22227e-10 1.86016e-10 1.55633e-10 1.30153e-10 1.08794e-10 9.08994e-11
7.9075e-06 8.00209e-06 9.8552e-06 1.1492e-05 1.28853e-05 1.4022e-05 1.49007e-05 1.5529e-05 1.59213e-05 1.6097e-05 1.60782e-05 1.58889e-05 1.55538e-05 1.50968e-05 1.45414e-05 1.3909e-05 1.32195e-05 1.24907e-05 1.17384e-05 1.09762e-05 1.02157e-05 9.46648e-06 8.73646e-06 8.03186e-06 7.35747e-06 6.71676e-06 6.11211e-06 5.54491e-06 5.01578e-06 4.52462e-06 4.07084e-06 3.65339e-06 3.27089e-06 2.92172e-06 2.60409e-06 2.3161e-06 2.05579e-06 1.82119e-06 1.61034e-06 1.42132e-06 1.25232e-06 1.10155e-06 9.67366e-07 8.48195e-07 7.42577e-07 6.49156e-07 5.66681e-07 4.94002e-07 4.30069e-07 3.73924e-07 3.24699e-07 2.81609e-07 2.43946e-07 2.11076e-07 1.82429e-07 1.57497e-07 1.35826e-07 1.17016e-07 1.00708e-07 8.65868e-08 7.43738e-08 6.38231e-08 5.47186e-08 4.68707e-08 4.0113e-08 3.43001e-08 2.93048e-08 2.50164e-08 2.13384e-08 1.81868e-08 1.54887e-08 1.31809e-08 1.12086e-08 9.52455e-09 8.08775e-09 6.8629e-09 5.81956e-09 4.93153e-09 4.17624e-09 3.53435e-09 2.98922e-09 2.52659e-09 2.13425e-09 1.80175e-09 1.52015e-09 1.28182e-09 1.08024e-09 9.0985e-10 7.65912e-10 6.44395e-10 5.41868e-10 4.55414e-10 3.82556e-10 3.2119e-10 2.69533e-10 2.26073e-10 1.89528e-10 1.58814e-10 1.33016e-10 1.11356e-10 9.31807e-11
6.10148e-06 6.31202e-06 7.84967e-06 9.22806e-06 1.04206e-05 1.14126e-05 1.2199e-05 1.27828e-05 1.31728e-05 1.33825e-05 1.34283e-05 1.33285e-05 1.31022e-05 1.27688e-05 1.2347e-05 1.18546e-05 1.13082e-05 1.07228e-05 1.01118e-05 9.48709e-06 8.85874e-06 8.23537e-06 7.62412e-06 7.03075e-06 6.45977e-06 5.91462e-06 5.39773e-06 4.91073e-06 4.4545e-06 4.02932e-06 3.63499e-06 3.27089e-06 2.93609e-06 2.62941e-06 2.3495e-06 2.09489e-06 1.86403e-06 1.65533e-06 1.46719e-06 1.29806e-06 1.14638e-06 1.01071e-06 8.89617e-07 7.81787e-07 6.85968e-07 6.00994e-07 5.25785e-07 4.59344e-07 4.00752e-07 3.49173e-07 3.03843e-07 2.64068e-07 2.29223e-07 1.98741e-07 1.72115e-07 1.4889e-07 1.28659e-07 1.11059e-07 9.57677e-08 8.24986e-08 7.09982e-08 6.10423e-08 5.24333e-08 4.49972e-08 3.85812e-08 3.30511e-08 2.82894e-08 2.41935e-08 2.06737e-08 1.76518e-08 1.50598e-08 1.28385e-08 1.09366e-08 9.30958e-09 7.91888e-09 6.73115e-09 5.71758e-09 4.85332e-09 4.11694e-09 3.48999e-09 2.95661e-09 2.50316e-09 2.11793e-09 1.7909e-09 1.51345e-09 1.27823e-09 1.07894e-09 9.10204e-10 7.67425e-10 6.46687e-10 5.44648e-10 4.58465e-10 3.85716e-10 3.24343e-10 2.72597e-10 2.28991e-10 1.92266e-10 1.61353e-10 1.35345e-10 1.13475e-10 9.50953e-11
