0.820041 0.0383666 0.0195025 0.0103232 0.00564087 0.00315481 0.00179206 0.00102728 0.000591275 0.000340438 0.000195567 0.000111894 6.36936e-05 3.605e-05 2.02822e-05 1.13425e-05 6.30561e-06 3.48548e-06 1.91614e-06 1.04797e-06 5.70368e-07 3.09016e-07 1.66707e-07 8.95775e-08 4.79539e-08 2.5581e-08 1.35984e-08 7.19922e-09 3.78553e-09 1.95572e-09 1.02905e-09
0.0383666 0.0031604 0.00163784 0.000868811 0.000465901 0.000250499 0.000134387 7.17518e-05 3.80835e-05 2.00875e-05 1.05307e-05 5.48896e-06 2.84593e-06 1.46852e-06 7.54525e-07 3.86196e-07 1.97003e-07 1.00193e-07 5.08225e-08 2.57199e-08 1.29896e-08 6.54853e-09 3.29613e-09 1.65668e-09 8.31462e-10 4.16476e-10 2.07735e-10 1.02327e-10 4.827e-11 1.91444e-11 9.52361e-12
0.0195025 0.00163784 0.000831631 0.000432509 0.000227914 0.000120753 6.40056e-05 3.38416e-05 1.78205e-05 9.33945e-06 4.87051e-06 2.52773e-06 1.3059e-06 6.71837e-07 3.44318e-07 1.75858e-07 8.95419e-08 4.54677e-08 2.30317e-08 1.16417e-08 5.87332e-09 2.95816e-09 1.48763e-09 7.46966e-10 3.74303e-10 1.86772e-10 9.20587e-11 4.35265e-11 1.74965e-11 8.63241e-12 4.29623e-12
0.0103232 0.000868811 0.000432509 0.000220465 0.000114044 5.94549e-05 3.10868e-05 1.62509e-05 8.47755e-06 4.40865e-06 2.28439e-06 1.17925e-06 6.06517e-07 3.10857e-07 1.58806e-07 8.08876e-08 4.10892e-08 2.0822e-08 1.05288e-08 5.31369e-09 2.67711e-09 1.34665e-09 6.76321e-10 3.38962e-10 1.69165e-10 8.34103e-11 3.95033e-11 1.60473e-11 7.93303e-12 3.91473e-12 1.94912e-12
0.00564087 0.000465901 0.000227914 0.000114044 5.7954e-05 2.97311e-05 1.53287e-05 7.91769e-06 4.08876e-06 2.10827e-06 1.08462e-06 5.56533e-07 2.84779e-07 1.45324e-07 7.39659e-08 3.75545e-08 1.90244e-08 9.61758e-09 4.85302e-09 2.44471e-09 1.2296e-09 6.17473e-10 3.09435e-10 1.54416e-10 7.61476e-11 3.61136e-11 1.48123e-11 7.31584e-12 3.61753e-12 1.78547e-12 8.89306e-13
0.00315481 0.000250499 0.000120753 5.94549e-05 2.97311e-05 1.50245e-05 7.64213e-06 3.90078e-06 1.99383e-06 1.01906e-06 5.20337e-07 2.65281e-07 1.35e-07 6.85668e-08 3.47569e-08 1.7585e-08 8.88105e-09 4.47774e-09 2.25414e-09 1.1331e-09 5.68727e-10 2.84878e-10 1.42108e-10 7.00684e-11 3.32682e-11 1.37703e-11 6.78984e-12 3.35431e-12 1.65901e-12 8.18948e-13 4.08036e-13
0.00179206 0.000134387 6.40056e-05 3.10868e-05 1.53287e-05 7.64213e-06 3.83877e-06 1.93749e-06 9.80514e-07 4.96808e-07 2.51765e-07 1.27519e-07 6.4527e-08 3.26127e-08 1.64612e-08 8.29747e-09 4.17687e-09 2.09989e-09 1.05437e-09 5.28693e-10 2.64598e-10 1.31895e-10 6.50037e-11 3.08896e-11 1.28954e-11 6.34648e-12 3.12997e-12 1.54659e-12 7.65078e-13 3.7772e-13 1.88249e-13
0.00102728 7.17518e-05 3.38416e-05 1.62509e-05 7.91769e-06 3.90078e-06 1.93749e-06 9.67798e-07 4.85223e-07 2.43817e-07 1.22654e-07 6.1725e-08 3.1058e-08 1.56195e-08 7.84974e-09 3.94169e-09 1.97752e-09 9.91167e-10 4.9624e-10 2.48026e-10 1.23493e-10 6.08141e-11 2.89127e-11 1.21647e-11 5.97502e-12 2.94115e-12 1.45079e-12 7.16992e-13 3.54745e-13 1.75157e-13 8.73142e-14
0.000591275 3.80835e-05 1.78205e-05 8.47755e-06 4.08876e-06 1.99383e-06 9.80514e-07 4.85223e-07 2.41194e-07 1.20258e-07 6.00766e-08 3.00463e-08 1.50354e-08 7.52483e-09 3.76541e-09 1.88354e-09 9.41703e-10 4.70461e-10 2.34703e-10 1.16672e-10 5.73853e-11 2.7284e-11 1.15588e-11 5.66578e-12 2.78337e-12 1.37031e-12 6.76036e-13 3.3415e-13 1.65348e-13 8.16473e-14 4.07072e-14
0.000340438 2.00875e-05 9.33945e-06 4.40865e-06 2.10827e-06 1.01906e-06 4.96808e-07 2.43817e-07 1.20258e-07 5.95326e-08 2.95479e-08 1.46916e-08 7.31331e-09 3.64297e-09 1.81528e-09 9.0459e-10 4.5064e-10 2.24263e-10 1.11246e-10 5.46249e-11 2.59599e-11 1.10618e-11 5.41063e-12 2.65255e-12 1.30328e-12 6.41713e-13 3.16623e-13 1.56516e-13 7.74557e-14 3.82488e-14 1.90719e-14
0.000195567 1.05307e-05 4.87051e-06 2.28439e-06 1.08462e-06 5.20337e-07 2.51765e-07 1.22654e-07 6.00766e-08 2.95479e-08 1.45781e-08 7.20905e-09 3.57087e-09 1.77081e-09 8.78792e-10 4.36231e-10 2.16422e-10 1.0707e-10 5.24592e-11 2.49054e-11 1.06609e-11 5.2029e-12 2.54526e-12 1.24797e-12 6.13238e-13 3.01978e-13 1.49009e-13 7.36646e-14 3.64563e-14 1.80029e-14 8.97725e-15
0.000111894 5.48896e-06 2.52773e-06 1.17925e-06 5.56533e-07 2.65281e-07 1.27519e-07 6.1725e-08 3.00463e-08 1.46916e-08 7.20905e-09 3.54707e-09 1.74889e-09 8.63594e-10 4.26837e-10 2.10967e-10 1.04031e-10 5.08309e-11 2.40927e-11 1.03457e-11 5.03725e-12 2.45872e-12 1.20296e-12 5.89888e-13 2.89889e-13 1.4276e-13 7.04473e-14 3.48274e-14 1.72361e-14 8.51144e-15 4.24425e-15
6.36936e-05 2.84593e-06 1.3059e-06 6.06517e-07 2.84779e-07 1.35e-07 6.4527e-08 3.1058e-08 1.50354e-08 7.31331e-09 3.57087e-09 1.74889e-09 8.58575e-10 4.22204e-10 2.07751e-10 1.02048e-10 4.96973e-11 2.35009e-11 1.01085e-11 4.90946e-12 2.39071e-12 1.16707e-12 5.71058e-13 2.80049e-13 1.37632e-13 6.77812e-14 3.34481e-14 1.65357e-14 8.18329e-15 4.04085e-15 2.01487e-15
3.605e-05 1.46852e-06 6.71837e-07 3.10857e-07 1.45324e-07 6.85668e-08 3.26127e-08 1.56195e-08 7.52483e-09 3.64297e-09 1.77081e-09 8.63594e-10 4.22204e-10 2.06689e-10 1.0107e-10 4.90287e-11 2.31146e-11 9.94305e-12 4.8163e-12 2.3395e-12 1.13938e-12 5.56264e-13 2.72207e-13 1.33498e-13 6.56101e-14 3.23117e-14 1.59445e-14 7.88208e-15 3.90047e-15 1.92588e-15 9.60194e-16
2.02822e-05 7.54525e-07 3.44318e-07 1.58806e-07 7.39659e-08 3.47569e-08 1.64612e-08 7.84974e-09 3.76541e-09 1.81528e-09 8.78792e-10 4.26837e-10 2.07751e-10 1.0107e-10 4.88077e-11 2.29239e-11 9.84541e-12 4.75545e-12 2.30381e-12 1.1192e-12 5.45127e-13 2.66159e-13 1.3025e-13 6.38797e-14 3.13947e-14 1.54607e-14 7.62877e-15 3.77093e-15 1.86587e-15 9.2119e-16 4.59214e-16
1.13425e-05 3.86196e-07 1.75858e-07 8.08876e-08 3.75545e-08 1.7585e-08 8.29747e-09 3.94169e-09 1.88354e-09 9.0459e-10 4.36231e-10 2.10967e-10 1.02048e-10 4.90287e-11 2.29239e-11 9.81313e-12 4.7254e-12 2.28275e-12 1.10603e-12 5.37366e-13 2.61752e-13 1.27807e-13 6.25459e-14 3.06746e-14 1.50749e-14 7.42334e-15 3.66255e-15 1.8102e-15 8.95572e-16 4.42093e-16 2.20342e-16
6.30561e-06 1.97003e-07 8.95419e-08 4.10892e-08 1.90244e-08 8.88105e-09 4.17687e-09 1.97752e-09 9.41703e-10 4.5064e-10 2.16422e-10 1.04031e-10 4.96973e-11 2.31146e-11 9.84541e-12 4.7254e-12 2.27578e-12 1.09952e-12 5.32785e-13 2.58874e-13 1.26104e-13 6.15742e-14 3.01328e-14 1.47775e-14 7.26185e-15 3.57561e-15 1.76392e-15 8.71683e-16 4.31183e-16 2.12818e-16 1.06046e-16
3.48548e-06 1.00193e-07 4.54677e-08 2.0822e-08 9.61758e-09 4.47774e-09 2.09989e-09 9.91167e-10 4.70461e-10 2.24263e-10 1.0707e-10 5.08309e-11 2.35009e-11 9.94305e-12 4.75545e-12 2.28275e-12 1.09952e-12 5.31271e-13 2.57453e-13 1.25099e-13 6.09398e-14 2.97555e-14 1.4561e-14 7.14038e-15 3.50852e-15 1.72732e-15 8.51991e-16 4.20956e-16 2.08188e-16 1.02738e-16 5.11804e-17
1.91614e-06 5.08225e-08 2.30317e-08 1.05288e-08 4.85302e-09 2.25414e-09 1.05437e-09 4.9624e-10 2.34703e-10 1.11246e-10 5.24592e-11 2.40927e-11 1.01085e-11 4.8163e-12 2.30381e-12 1.10603e-12 5.32785e-13 2.57453e-13 1.24767e-13 6.06266e-14 2.95329e-14 1.44196e-14 7.05581e-15 3.45967e-15 1.69974e-15 8.36686e-16 4.12617e-16 2.03827e-16 1.00783e-16 4.97251e-17 2.47643e-17
1.04797e-06 2.57199e-08 1.16417e-08 5.31369e-09 2.44471e-09 1.1331e-09 5.28693e-10 2.48026e-10 1.16672e-10 5.46249e-11 2.49054e-11 1.03457e-11 4.90946e-12 2.3395e-12 1.1192e-12 5.37366e-13 2.58874e-13 1.25099e-13 6.06266e-14 2.94593e-14 1.43498e-14 7.00592e-15 3.4278e-15 1.68054e-15 8.25524e-16 4.06285e-16 2.00321e-16 9.8933e-17 4.89061e-17 2.41246e-17 1.20108e-17
5.70368e-07 1.29896e-08 5.87332e-09 2.67711e-09 1.2296e-09 5.68727e-10 2.64598e-10 1.23493e-10 5.73853e-11 2.59599e-11 1.06609e-11 5.03725e-12 2.39071e-12 1.13938e-12 5.45127e-13 2.61752e-13 1.26104e-13 6.09398e-14 2.95329e-14 1.43498e-14 6.98944e-15 3.41207e-15 1.66922e-15 8.1824e-16 4.01868e-16 1.9774e-16 9.74744e-17 4.81279e-17 2.37852e-17 1.17301e-17 5.83809e-18
3.09016e-07 6.54853e-09 2.95816e-09 1.34665e-09 6.17473e-10 2.84878e-10 1.31895e-10 6.08141e-11 2.7284e-11 1.10618e-11 5.2029e-12 2.45872e-12 1.16707e-12 5.56264e-13 2.66159e-13 1.27807e-13 6.15742e-14 2.97555e-14 1.44196e-14 7.00592e-15 3.41207e-15 1.66548e-15 8.14646e-16 3.99262e-16 1.96052e-16 9.64461e-17 4.75303e-17 2.34617e-17 1.15917e-17 5.71527e-18 2.84348e-18
1.66707e-07 3.29613e-09 1.48763e-09 6.76321e-10 3.09435e-10 1.42108e-10 6.50037e-11 2.89127e-11 1.15588e-11 5.41063e-12 2.54526e-12 1.20296e-12 5.71058e-13 2.72207e-13 1.3025e-13 6.25459e-14 3.01328e-14 1.4561e-14 7.05581e-15 3.4278e-15 1.66922e-15 8.14646e-16 3.98401e-16 1.95219e-16 9.58378e-17 4.71347e-17 2.32225e-17 1.14596e-17 5.66017e-18 2.79002e-18 1.38758e-18
8.95775e-08 1.65668e-09 7.46966e-10 3.38962e-10 1.54416e-10 7.00684e-11 3.08896e-11 1.21647e-11 5.66578e-12 2.65255e-12 1.24797e-12 5.89888e-13 2.80049e-13 1.33498e-13 6.38797e-14 3.06746e-14 1.47775e-14 7.14038e-15 3.45967e-15 1.68054e-15 8.1824e-16 3.99262e-16 1.95219e-16 9.56367e-17 4.69387e-17 2.3079e-17 1.13673e-17 5.60772e-18 2.76891e-18 1.36448e-18 6.7834e-19
4.79539e-08 8.31462e-10 3.74303e-10 1.69165e-10 7.61476e-11 3.32682e-11 1.28954e-11 5.97502e-12 2.78337e-12 1.30328e-12 6.13238e-13 2.89889e-13 1.37632e-13 6.56101e-14 3.13947e-14 1.50749e-14 7.26185e-15 3.50852e-15 1.69974e-15 8.25524e-16 4.01868e-16 1.96052e-16 9.58378e-17 4.69387e-17 2.30314e-17 1.13209e-17 5.57424e-18 2.74899e-18 1.35691e-18 6.68476e-19 3.32191e-19
2.5581e-08 4.16476e-10 1.86772e-10 8.34103e-11 3.61136e-11 1.37703e-11 6.34648e-12 2.94115e-12 1.37031e-12 6.41713e-13 3.01978e-13 1.4276e-13 6.77812e-14 3.23117e-14 1.54607e-14 7.42334e-15 3.57561e-15 1.72732e-15 8.36686e-16 4.06285e-16 1.9774e-16 9.64461e-17 4.71347e-17 2.3079e-17 1.13209e-17 5.56294e-18 2.73822e-18 1.34991e-18 6.66095e-19 3.2805e-19 1.62952e-19
1.35984e-08 2.07735e-10 9.20587e-11 3.95033e-11 1.48123e-11 6.78984e-12 3.12997e-12 1.45079e-12 6.76036e-13 3.16623e-13 1.49009e-13 7.04473e-14 3.34481e-14 1.59445e-14 7.62877e-15 3.66255e-15 1.76392e-15 8.51991e-16 4.12617e-16 2.00321e-16 9.74744e-17 4.75303e-17 2.32225e-17 1.13673e-17 5.57424e-18 2.73822e-18 1.34736e-18 6.63996e-19 3.27521e-19 1.61253e-19 8.00639e-20
7.19922e-09 1.02327e-10 4.35265e-11 1.60473e-11 7.31584e-12 3.35431e-12 1.54659e-12 7.16992e-13 3.3415e-13 1.56516e-13 7.36646e-14 3.48274e-14 1.65357e-14 7.88208e-15 3.77093e-15 1.8102e-15 8.71683e-16 4.20956e-16 2.03827e-16 9.8933e-17 4.81279e-17 2.34617e-17 1.14596e-17 5.60772e-18 2.74899e-18 1.34991e-18 6.63996e-19 3.27105e-19 1.61288e-19 7.93835e-20 3.93971e-20
3.78553e-09 4.827e-11 1.74965e-11 7.93303e-12 3.61753e-12 1.65901e-12 7.65078e-13 3.54745e-13 1.65348e-13 7.74557e-14 3.64563e-14 1.72361e-14 8.18329e-15 3.90047e-15 1.86587e-15 8.95572e-16 4.31183e-16 2.08188e-16 1.00783e-16 4.89061e-17 2.37852e-17 1.15917e-17 5.66017e-18 2.76891e-18 1.35691e-18 6.66095e-19 3.27521e-19 1.61288e-19 7.94977e-20 3.91151e-20 1.94038e-20
1.95572e-09 1.91444e-11 8.63241e-12 3.91473e-12 1.78547e-12 8.18948e-13 3.7772e-13 1.75157e-13 8.16473e-14 3.82488e-14 1.80029e-14 8.51144e-15 4.04085e-15 1.92588e-15 9.2119e-16 4.42093e-16 2.12818e-16 1.02738e-16 4.97251e-17 2.41246e-17 1.17301e-17 5.71527e-18 2.79002e-18 1.36448e-18 6.68476e-19 3.2805e-19 1.61253e-19 7.93835e-20 3.91151e-20 1.92404e-20 9.54087e-21
1.02905e-09 9.52361e-12 4.29623e-12 1.94912e-12 8.89306e-13 4.08036e-13 1.88249e-13 8.73142e-14 4.07072e-14 1.90719e-14 8.97725e-15 4.24425e-15 2.01487e-15 9.60194e-16 4.59214e-16 2.20342e-16 1.06046e-16 5.11804e-17 2.47643e-17 1.20108e-17 5.83809e-18 2.84348e-18 1.38758e-18 6.7834e-19 3.32191e-19 1.62952e-19 8.00639e-20 3.93971e-20 1.94038e-20 9.54087e-21 4.72857e-21
