0.904511 0.000300745 0.00029072 0.00028103 0.000271662 0.000262607 0.000253853 0.000245391 0.000237211 0.000229304 0.000221661 0.000214272 0.00020713 0.000200226 0.000193551 0.0001871 0.000180863 0.000174834 0.000169006 0.000163373 0.000157927 0.000152663 0.000147574 0.000142655 0.0001379 0.000133303 0.00012886 0.000124564 0.000120412 0.000116398 0.000112519 0.000108768 0.000105142 0.000101638 9.82497e-05 9.49747e-05 9.18088e-05 8.87486e-05 8.57903e-05 8.29306e-05 8.01662e-05 7.7494e-05 7.49109e-05 7.24139e-05 7.00001e-05 6.76667e-05 6.54112e-05 6.32308e-05 6.11231e-05 5.90857e-05 5.71162e-05 5.52123e-05 5.33719e-05 5.15928e-05 4.9873e-05 4.82106e-05 4.66036e-05 4.50501e-05 4.35485e-05 4.20969e-05 4.06936e-05 3.93372e-05 3.80259e-05 3.67584e-05 3.55331e-05 3.43487e-05 3.32037e-05 3.20969e-05 3.1027e-05 2.99928e-05 2.8993e-05 2.80266e-05 2.70924e-05 2.61893e-05 2.53163e-05 2.44725e-05 2.36567e-05 2.28681e-05 2.21059e-05 2.1369e-05 2.06567e-05 1.99682e-05 1.93026e-05 1.86591e-05 1.80372e-05 1.74359e-05 1.68547e-05 1.62929e-05 1.57498e-05 1.52248e-05 1.47173e-05 1.42267e-05 1.37525e-05 1.32941e-05 1.2851e-05 1.24226e-05 1.20085e-05 1.16082e-05 1.12213e-05 1.08472e-05 1.04857e-05
0.000300745 2.3027e-05 2.24579e-05 2.19012e-05 2.13567e-05 2.08241e-05 2.03032e-05 1.9794e-05 1.92962e-05 1.88095e-05 1.83339e-05 1.7869e-05 1.74148e-05 1.6971e-05 1.65375e-05 1.6114e-05 1.57003e-05 1.52963e-05 1.49019e-05 1.45167e-05 1.41406e-05 1.37735e-05 1.34151e-05 1.30654e-05 1.2724e-05 1.23909e-05 1.20658e-05 1.17487e-05 1.14393e-05 1.11374e-05 1.0843e-05 1.05558e-05 1.02758e-05 1.00026e-05 9.73628e-06 9.47659e-06 9.22338e-06 8.97653e-06 8.73588e-06 8.50131e-06 8.27267e-06 8.04982e-06 7.83264e-06 7.62099e-06 7.41475e-06 7.21379e-06 7.01799e-06 6.82723e-06 6.64139e-06 6.46035e-06 6.284e-06 6.11223e-06 5.94493e-06 5.78199e-06 5.62331e-06 5.46878e-06 5.31831e-06 5.17179e-06 5.02913e-06 4.89023e-06 4.75501e-06 4.62336e-06 4.49521e-06 4.37047e-06 4.24905e-06 4.13086e-06 4.01584e-06 3.90389e-06 3.79495e-06 3.68893e-06 3.58576e-06 3.48537e-06 3.38769e-06 3.29264e-06 3.20017e-06 3.11021e-06 3.02269e-06 2.93754e-06 2.85472e-06 2.77415e-06 2.69578e-06 2.61956e-06 2.54542e-06 2.47331e-06 2.40318e-06 2.33498e-06 2.26865e-06 2.20416e-06 2.14144e-06 2.08045e-06 2.02115e-06 1.96349e-06 1.90743e-06 1.85293e-06 1.79994e-06 1.74842e-06 1.69834e-06 1.64965e-06 1.60233e-06 1.55632e-06 1.5116e-06
0.00029072 2.24579e-05 2.19164e-05 2.13862e-05 2.0867e-05 2.03589e-05 1.98615e-05 1.93749e-05 1.88986e-05 1.84328e-05 1.7977e-05 1.75313e-05 1.70955e-05 1.66692e-05 1.62525e-05 1.58452e-05 1.5447e-05 1.50579e-05 1.46776e-05 1.4306e-05 1.39429e-05 1.35883e-05 1.32418e-05 1.29034e-05 1.25729e-05 1.22502e-05 1.19351e-05 1.16274e-05 1.13271e-05 1.10339e-05 1.07477e-05 1.04684e-05 1.01958e-05 9.92981e-06 9.67026e-06 9.41702e-06 9.16997e-06 8.92897e-06 8.69388e-06 8.46458e-06 8.24095e-06 8.02286e-06 7.81018e-06 7.60281e-06 7.40061e-06 7.20347e-06 7.01129e-06 6.82394e-06 6.64133e-06 6.46333e-06 6.28984e-06 6.12077e-06 5.956e-06 5.79544e-06 5.63899e-06 5.48656e-06 5.33804e-06 5.19335e-06 5.05239e-06 4.91508e-06 4.78133e-06 4.65105e-06 4.52417e-06 4.40059e-06 4.28024e-06 4.16304e-06 4.04891e-06 3.93778e-06 3.82958e-06 3.72422e-06 3.62165e-06 3.52179e-06 3.42458e-06 3.32995e-06 3.23783e-06 3.14817e-06 3.0609e-06 2.97595e-06 2.89328e-06 2.81283e-06 2.73453e-06 2.65834e-06 2.5842e-06 2.51205e-06 2.44185e-06 2.37355e-06 2.3071e-06 2.24245e-06 2.17955e-06 2.11836e-06 2.05883e-06 2.00093e-06 1.9446e-06 1.88982e-06 1.83653e-06 1.7847e-06 1.73428e-06 1.68526e-06 1.63758e-06 1.59121e-06 1.54612e-06
0.00028103 2.19012e-05 2.13862e-05 2.08814e-05 2.03867e-05 1.99021e-05 1.94274e-05 1.89624e-05 1.85071e-05 1.80613e-05 1.76248e-05 1.71976e-05 1.67795e-05 1.63703e-05 1.59699e-05 1.55782e-05 1.51951e-05 1.48203e-05 1.44539e-05 1.40955e-05 1.37451e-05 1.34025e-05 1.30677e-05 1.27404e-05 1.24206e-05 1.2108e-05 1.18026e-05 1.15042e-05 1.12128e-05 1.0928e-05 1.06499e-05 1.03783e-05 1.01131e-05 9.85415e-06 9.6013e-06 9.35444e-06 9.11346e-06 8.87824e-06 8.64865e-06 8.42458e-06 8.20592e-06 7.99255e-06 7.78435e-06 7.58122e-06 7.38306e-06 7.18974e-06 7.00117e-06 6.81724e-06 6.63786e-06 6.46291e-06 6.29231e-06 6.12595e-06 5.96374e-06 5.80559e-06 5.6514e-06 5.50109e-06 5.35457e-06 5.21174e-06 5.07252e-06 4.93684e-06 4.80461e-06 4.67574e-06 4.55016e-06 4.42779e-06 4.30856e-06 4.19239e-06 4.07921e-06 3.96895e-06 3.86154e-06 3.7569e-06 3.65498e-06 3.55571e-06 3.45902e-06 3.36485e-06 3.27314e-06 3.18382e-06 3.09685e-06 3.01216e-06 2.9297e-06 2.8494e-06 2.77123e-06 2.69512e-06 2.62102e-06 2.54889e-06 2.47867e-06 2.41032e-06 2.34378e-06 2.27902e-06 2.21599e-06 2.15464e-06 2.09493e-06 2.03683e-06 1.98028e-06 1.92525e-06 1.87171e-06 1.8196e-06 1.7689e-06 1.71957e-06 1.67158e-06 1.62488e-06 1.57945e-06
0.000271662 2.13567e-05 2.0867e-05 2.03867e-05 1.99157e-05 1.94537e-05 1.90008e-05 1.85568e-05 1.81216e-05 1.76951e-05 1.72773e-05 1.68679e-05 1.64669e-05 1.60743e-05 1.56897e-05 1.53132e-05 1.49447e-05 1.45839e-05 1.42308e-05 1.38853e-05 1.35472e-05 1.32165e-05 1.2893e-05 1.25765e-05 1.22671e-05 1.19644e-05 1.16685e-05 1.13793e-05 1.10965e-05 1.08201e-05 1.05499e-05 1.02859e-05 1.00279e-05 9.77585e-06 9.52959e-06 9.28902e-06 9.05403e-06 8.82452e-06 8.60037e-06 8.38148e-06 8.16774e-06 7.95905e-06 7.75531e-06 7.55641e-06 7.36225e-06 7.17274e-06 6.98778e-06 6.80728e-06 6.63113e-06 6.45924e-06 6.29153e-06 6.12791e-06 5.96828e-06 5.81256e-06 5.66066e-06 5.5125e-06 5.36799e-06 5.22706e-06 5.08963e-06 4.95561e-06 4.82493e-06 4.69751e-06 4.57328e-06 4.45217e-06 4.33411e-06 4.21901e-06 4.10683e-06 3.99748e-06 3.89091e-06 3.78704e-06 3.68582e-06 3.58718e-06 3.49105e-06 3.39739e-06 3.30614e-06 3.21723e-06 3.1306e-06 3.04621e-06 2.964e-06 2.88392e-06 2.80592e-06 2.72994e-06 2.65594e-06 2.58386e-06 2.51367e-06 2.44531e-06 2.37874e-06 2.31391e-06 2.25079e-06 2.18932e-06 2.12948e-06 2.07121e-06 2.01449e-06 1.95926e-06 1.9055e-06 1.85316e-06 1.80221e-06 1.75262e-06 1.70434e-06 1.65736e-06 1.61163e-06
0.000262607 2.08241e-05 2.03589e-05 1.99021e-05 1.94537e-05 1.90136e-05 1.85816e-05 1.81578e-05 1.77421e-05 1.73343e-05 1.69344e-05 1.65423e-05 1.6158e-05 1.57813e-05 1.5412e-05 1.50503e-05 1.46959e-05 1.43487e-05 1.40086e-05 1.36756e-05 1.33495e-05 1.30303e-05 1.27178e-05 1.24119e-05 1.21126e-05 1.18197e-05 1.15331e-05 1.12527e-05 1.09784e-05 1.07101e-05 1.04478e-05 1.01912e-05 9.94034e-06 9.69508e-06 9.45531e-06 9.22093e-06 8.99186e-06 8.76798e-06 8.54921e-06 8.33544e-06 8.12658e-06 7.92253e-06 7.72321e-06 7.52851e-06 7.33835e-06 7.15263e-06 6.97127e-06 6.79418e-06 6.62127e-06 6.45245e-06 6.28764e-06 6.12676e-06 5.96973e-06 5.81646e-06 5.66687e-06 5.52089e-06 5.37843e-06 5.23943e-06 5.10381e-06 4.97148e-06 4.8424e-06 4.71647e-06 4.59363e-06 4.47381e-06 4.35695e-06 4.24298e-06 4.13183e-06 4.02345e-06 3.91775e-06 3.8147e-06 3.71422e-06 3.61626e-06 3.52075e-06 3.42765e-06 3.33689e-06 3.24843e-06 3.1622e-06 3.07816e-06 2.99625e-06 2.91643e-06 2.83864e-06 2.76284e-06 2.68897e-06 2.617e-06 2.54687e-06 2.47855e-06 2.41199e-06 2.34714e-06 2.28397e-06 2.22244e-06 2.1625e-06 2.10411e-06 2.04724e-06 1.99186e-06 1.93792e-06 1.88538e-06 1.83422e-06 1.7844e-06 1.73589e-06 1.68865e-06 1.64265e-06
0.000253853 2.03032e-05 1.98615e-05 1.94274e-05 1.90008e-05 1.85816e-05 1.81699e-05 1.77656e-05 1.73686e-05 1.69788e-05 1.65963e-05 1.62209e-05 1.58526e-05 1.54913e-05 1.5137e-05 1.47895e-05 1.44488e-05 1.41148e-05 1.37874e-05 1.34665e-05 1.31522e-05 1.28441e-05 1.25424e-05 1.22468e-05 1.19573e-05 1.16739e-05 1.13964e-05 1.11247e-05 1.08587e-05 1.05984e-05 1.03437e-05 1.00945e-05 9.85058e-06 9.612e-06 9.37862e-06 9.15035e-06 8.9271e-06 8.70879e-06 8.49533e-06 8.28662e-06 8.08259e-06 7.88315e-06 7.6882e-06 7.49768e-06 7.31149e-06 7.12955e-06 6.95177e-06 6.77809e-06 6.60841e-06 6.44266e-06 6.28077e-06 6.12264e-06 5.96821e-06 5.81741e-06 5.67015e-06 5.52637e-06 5.38599e-06 5.24894e-06 5.11516e-06 4.98457e-06 4.8571e-06 4.7327e-06 4.61129e-06 4.4928e-06 4.37719e-06 4.26438e-06 4.15431e-06 4.04692e-06 3.94215e-06 3.83995e-06 3.74026e-06 3.64302e-06 3.54817e-06 3.45567e-06 3.36546e-06 3.27749e-06 3.1917e-06 3.10805e-06 3.02649e-06 2.94696e-06 2.86943e-06 2.79385e-06 2.72017e-06 2.64834e-06 2.57833e-06 2.51009e-06 2.44357e-06 2.37875e-06 2.31557e-06 2.254e-06 2.19401e-06 2.13554e-06 2.07857e-06 2.02306e-06 1.96898e-06 1.91629e-06 1.86495e-06 1.81494e-06 1.76622e-06 1.71876e-06 1.67253e-06
0.000245391 1.9794e-05 1.93749e-05 1.89624e-05 1.85568e-05 1.81578e-05 1.77656e-05 1.738e-05 1.7001e-05 1.66287e-05 1.6263e-05 1.59037e-05 1.5551e-05 1.52046e-05 1.48647e-05 1.4531e-05 1.42036e-05 1.38824e-05 1.35673e-05 1.32582e-05 1.29552e-05 1.26581e-05 1.23668e-05 1.20812e-05 1.18014e-05 1.15272e-05 1.12586e-05 1.09954e-05 1.07376e-05 1.04851e-05 1.02379e-05 9.99581e-06 9.7588e-06 9.52678e-06 9.29968e-06 9.07742e-06 8.85992e-06 8.6471e-06 8.43888e-06 8.23518e-06 8.03593e-06 7.84104e-06 7.65044e-06 7.46406e-06 7.28181e-06 7.10363e-06 6.92943e-06 6.75914e-06 6.59269e-06 6.43001e-06 6.27103e-06 6.11567e-06 5.96386e-06 5.81553e-06 5.67062e-06 5.52906e-06 5.39078e-06 5.25571e-06 5.12379e-06 4.99496e-06 4.86915e-06 4.74629e-06 4.62634e-06 4.50923e-06 4.39489e-06 4.28327e-06 4.17432e-06 4.06797e-06 3.96417e-06 3.86286e-06 3.764e-06 3.66752e-06 3.57337e-06 3.48152e-06 3.39189e-06 3.30445e-06 3.21915e-06 3.13593e-06 3.05475e-06 2.97557e-06 2.89835e-06 2.82302e-06 2.74956e-06 2.67793e-06 2.60807e-06 2.53994e-06 2.47352e-06 2.40876e-06 2.34561e-06 2.28405e-06 2.22403e-06 2.16553e-06 2.10849e-06 2.0529e-06 1.99871e-06 1.9459e-06 1.89442e-06 1.84426e-06 1.79536e-06 1.74772e-06 1.70129e-06
0.000237211 1.92962e-05 1.88986e-05 1.85071e-05 1.81216e-05 1.77421e-05 1.73686e-05 1.7001e-05 1.66395e-05 1.6284e-05 1.59344e-05 1.55908e-05 1.5253e-05 1.49212e-05 1.45951e-05 1.42748e-05 1.39603e-05 1.36515e-05 1.33484e-05 1.30508e-05 1.27588e-05 1.24723e-05 1.21912e-05 1.19154e-05 1.1645e-05 1.13799e-05 1.11199e-05 1.0865e-05 1.06152e-05 1.03704e-05 1.01305e-05 9.89542e-06 9.66515e-06 9.43958e-06 9.21867e-06 9.00232e-06 8.79048e-06 8.58307e-06 8.38002e-06 8.18127e-06 7.98674e-06 7.79636e-06 7.61007e-06 7.42779e-06 7.24946e-06 7.07501e-06 6.90437e-06 6.73747e-06 6.57424e-06 6.41462e-06 6.25855e-06 6.10595e-06 5.95677e-06 5.81093e-06 5.66838e-06 5.52906e-06 5.39289e-06 5.25982e-06 5.12979e-06 5.00274e-06 4.87861e-06 4.75734e-06 4.63888e-06 4.52316e-06 4.41014e-06 4.29975e-06 4.19195e-06 4.08667e-06 3.98387e-06 3.8835e-06 3.7855e-06 3.68982e-06 3.59642e-06 3.50524e-06 3.41624e-06 3.32937e-06 3.24459e-06 3.16185e-06 3.0811e-06 3.0023e-06 2.92542e-06 2.85039e-06 2.7772e-06 2.70579e-06 2.63612e-06 2.56816e-06 2.50186e-06 2.43719e-06 2.37412e-06 2.3126e-06 2.2526e-06 2.19409e-06 2.13703e-06 2.08139e-06 2.02713e-06 1.97423e-06 1.92265e-06 1.87236e-06 1.82332e-06 1.77553e-06 1.72893e-06
0.000229304 1.88095e-05 1.84328e-05 1.80613e-05 1.76951e-05 1.73343e-05 1.69788e-05 1.66287e-05 1.6284e-05 1.59447e-05 1.56107e-05 1.52821e-05 1.49589e-05 1.4641e-05 1.43284e-05 1.40211e-05 1.37191e-05 1.34224e-05 1.31308e-05 1.28444e-05 1.25631e-05 1.22869e-05 1.20157e-05 1.17495e-05 1.14883e-05 1.12319e-05 1.09804e-05 1.07337e-05 1.04917e-05 1.02543e-05 1.00216e-05 9.79344e-06 9.56978e-06 9.35056e-06 9.13571e-06 8.92518e-06 8.71891e-06 8.51684e-06 8.31889e-06 8.12502e-06 7.93516e-06 7.74925e-06 7.56722e-06 7.38901e-06 7.21457e-06 7.04382e-06 6.87672e-06 6.71319e-06 6.55317e-06 6.39661e-06 6.24345e-06 6.09362e-06 5.94706e-06 5.80372e-06 5.66354e-06 5.52646e-06 5.39243e-06 5.26138e-06 5.13326e-06 5.00802e-06 4.88559e-06 4.76593e-06 4.64898e-06 4.5347e-06 4.42301e-06 4.31389e-06 4.20726e-06 4.1031e-06 4.00133e-06 3.90193e-06 3.80483e-06 3.70999e-06 3.61736e-06 3.5269e-06 3.43857e-06 3.35231e-06 3.26809e-06 3.18585e-06 3.10557e-06 3.0272e-06 2.95069e-06 2.876e-06 2.80311e-06 2.73196e-06 2.66252e-06 2.59475e-06 2.52862e-06 2.46409e-06 2.40112e-06 2.33969e-06 2.27974e-06 2.22126e-06 2.16421e-06 2.10855e-06 2.05426e-06 2.0013e-06 1.94964e-06 1.89926e-06 1.85012e-06 1.8022e-06 1.75547e-06
0.000221661 1.83339e-05 1.7977e-05 1.76248e-05 1.72773e-05 1.69344e-05 1.65963e-05 1.6263e-05 1.59344e-05 1.56107e-05 1.52918e-05 1.49778e-05 1.46686e-05 1.43642e-05 1.40647e-05 1.377e-05 1.34801e-05 1.3195e-05 1.29146e-05 1.2639e-05 1.23682e-05 1.2102e-05 1.18405e-05 1.15836e-05 1.13313e-05 1.10835e-05 1.08403e-05 1.06015e-05 1.03671e-05 1.01371e-05 9.91143e-06 9.69002e-06 9.47285e-06 9.25984e-06 9.05096e-06 8.84616e-06 8.64537e-06 8.44855e-06 8.25564e-06 8.06659e-06 7.88134e-06 7.69983e-06 7.52202e-06 7.34785e-06 7.17726e-06 7.0102e-06 6.8466e-06 6.68642e-06 6.52961e-06 6.37609e-06 6.22583e-06 6.07877e-06 5.93484e-06 5.79401e-06 5.65621e-06 5.52139e-06 5.3895e-06 5.26048e-06 5.13429e-06 5.01087e-06 4.89017e-06 4.77214e-06 4.65674e-06 4.5439e-06 4.43359e-06 4.32575e-06 4.22034e-06 4.11731e-06 4.01662e-06 3.91821e-06 3.82204e-06 3.72807e-06 3.63626e-06 3.54655e-06 3.45892e-06 3.3733e-06 3.28968e-06 3.20799e-06 3.12821e-06 3.05029e-06 2.9742e-06 2.89989e-06 2.82733e-06 2.75648e-06 2.68731e-06 2.61977e-06 2.55384e-06 2.48948e-06 2.42665e-06 2.36533e-06 2.30547e-06 2.24705e-06 2.19004e-06 2.1344e-06 2.0801e-06 2.02712e-06 1.97542e-06 1.92498e-06 1.87577e-06 1.82776e-06 1.78091e-06
0.000214272 1.7869e-05 1.75313e-05 1.71976e-05 1.68679e-05 1.65423e-05 1.62209e-05 1.59037e-05 1.55908e-05 1.52821e-05 1.49778e-05 1.46778e-05 1.43821e-05 1.40908e-05 1.38039e-05 1.35214e-05 1.32432e-05 1.29694e-05 1.27e-05 1.24349e-05 1.21742e-05 1.19178e-05 1.16657e-05 1.14178e-05 1.11742e-05 1.09349e-05 1.06997e-05 1.04686e-05 1.02417e-05 1.00189e-05 9.80009e-06 9.5853e-06 9.37448e-06 9.16758e-06 8.96457e-06 8.76538e-06 8.56999e-06 8.37834e-06 8.19039e-06 8.00609e-06 7.82539e-06 7.64825e-06 7.47461e-06 7.30443e-06 7.13766e-06 6.97425e-06 6.81414e-06 6.6573e-06 6.50366e-06 6.35319e-06 6.20582e-06 6.06152e-06 5.92022e-06 5.78189e-06 5.64647e-06 5.51392e-06 5.38418e-06 5.25721e-06 5.13296e-06 5.01139e-06 4.89243e-06 4.77606e-06 4.66222e-06 4.55086e-06 4.44194e-06 4.33542e-06 4.23125e-06 4.12939e-06 4.02979e-06 3.93241e-06 3.83721e-06 3.74414e-06 3.65317e-06 3.56425e-06 3.47735e-06 3.39241e-06 3.30941e-06 3.22831e-06 3.14906e-06 3.07164e-06 2.99599e-06 2.92209e-06 2.8499e-06 2.77939e-06 2.71051e-06 2.64324e-06 2.57755e-06 2.51339e-06 2.45073e-06 2.38956e-06 2.32982e-06 2.2715e-06 2.21456e-06 2.15897e-06 2.1047e-06 2.05172e-06 2.00002e-06 1.94954e-06 1.90028e-06 1.85221e-06 1.80529e-06
0.00020713 1.74148e-05 1.70955e-05 1.67795e-05 1.64669e-05 1.6158e-05 1.58526e-05 1.5551e-05 1.5253e-05 1.49589e-05 1.46686e-05 1.43821e-05 1.40995e-05 1.38209e-05 1.35462e-05 1.32754e-05 1.30086e-05 1.27458e-05 1.2487e-05 1.22321e-05 1.19812e-05 1.17343e-05 1.14913e-05 1.12523e-05 1.10172e-05 1.0786e-05 1.05587e-05 1.03352e-05 1.01156e-05 9.89975e-06 9.68771e-06 9.47941e-06 9.27482e-06 9.07391e-06 8.87665e-06 8.68299e-06 8.4929e-06 8.30635e-06 8.12328e-06 7.94367e-06 7.76746e-06 7.59462e-06 7.42511e-06 7.25888e-06 7.09589e-06 6.9361e-06 6.77946e-06 6.62592e-06 6.47545e-06 6.328e-06 6.18352e-06 6.04197e-06 5.9033e-06 5.76747e-06 5.63444e-06 5.50416e-06 5.37659e-06 5.25167e-06 5.12938e-06 5.00966e-06 4.89247e-06 4.77776e-06 4.6655e-06 4.55565e-06 4.44815e-06 4.34297e-06 4.24006e-06 4.13939e-06 4.04092e-06 3.94459e-06 3.85039e-06 3.75825e-06 3.66815e-06 3.58005e-06 3.49391e-06 3.40968e-06 3.32735e-06 3.24685e-06 3.16818e-06 3.09127e-06 3.01611e-06 2.94265e-06 2.87086e-06 2.80071e-06 2.73217e-06 2.6652e-06 2.59977e-06 2.53584e-06 2.4734e-06 2.4124e-06 2.35281e-06 2.29462e-06 2.23778e-06 2.18227e-06 2.12806e-06 2.07512e-06 2.02343e-06 1.97296e-06 1.92368e-06 1.87557e-06 1.8286e-06
0.000200226 1.6971e-05 1.66692e-05 1.63703e-05 1.60743e-05 1.57813e-05 1.54913e-05 1.52046e-05 1.49212e-05 1.4641e-05 1.43642e-05 1.40908e-05 1.38209e-05 1.35545e-05 1.32915e-05 1.30322e-05 1.27764e-05 1.25242e-05 1.22757e-05 1.20307e-05 1.17894e-05 1.15517e-05 1.13176e-05 1.10871e-05 1.08603e-05 1.06371e-05 1.04174e-05 1.02013e-05 9.98883e-06 9.77987e-06 9.57442e-06 9.37247e-06 9.17399e-06 8.97896e-06 8.78734e-06 8.59911e-06 8.41424e-06 8.23269e-06 8.05444e-06 7.87944e-06 7.70766e-06 7.53908e-06 7.37364e-06 7.21132e-06 7.05207e-06 6.89587e-06 6.74266e-06 6.59241e-06 6.44508e-06 6.30063e-06 6.15903e-06 6.02022e-06 5.88418e-06 5.75085e-06 5.62021e-06 5.4922e-06 5.36679e-06 5.24395e-06 5.12362e-06 5.00576e-06 4.89035e-06 4.77733e-06 4.66667e-06 4.55833e-06 4.45227e-06 4.34846e-06 4.24684e-06 4.14739e-06 4.05006e-06 3.95482e-06 3.86163e-06 3.77046e-06 3.68126e-06 3.594e-06 3.50865e-06 3.42517e-06 3.34352e-06 3.26367e-06 3.18559e-06 3.10924e-06 3.03459e-06 2.9616e-06 2.89025e-06 2.8205e-06 2.75231e-06 2.68567e-06 2.62053e-06 2.55688e-06 2.49467e-06 2.43388e-06 2.37447e-06 2.31643e-06 2.25973e-06 2.20433e-06 2.1502e-06 2.09733e-06 2.04569e-06 1.99525e-06 1.94598e-06 1.89786e-06 1.85087e-06
0.000193551 1.65375e-05 1.62525e-05 1.59699e-05 1.56897e-05 1.5412e-05 1.5137e-05 1.48647e-05 1.45951e-05 1.43284e-05 1.40647e-05 1.38039e-05 1.35462e-05 1.32915e-05 1.30401e-05 1.27917e-05 1.25466e-05 1.23047e-05 1.20661e-05 1.18308e-05 1.15987e-05 1.137e-05 1.11446e-05 1.09224e-05 1.07036e-05 1.04882e-05 1.0276e-05 1.00672e-05 9.86161e-06 9.65934e-06 9.46035e-06 9.26461e-06 9.07211e-06 8.88284e-06 8.69676e-06 8.51386e-06 8.33412e-06 8.15749e-06 7.98397e-06 7.81352e-06 7.64612e-06 7.48173e-06 7.32032e-06 7.16186e-06 7.00631e-06 6.85366e-06 6.70385e-06 6.55686e-06 6.41266e-06 6.2712e-06 6.13245e-06 5.99638e-06 5.86295e-06 5.73212e-06 5.60386e-06 5.47813e-06 5.3549e-06 5.23412e-06 5.11576e-06 4.99979e-06 4.88616e-06 4.77484e-06 4.6658e-06 4.559e-06 4.4544e-06 4.35196e-06 4.25165e-06 4.15344e-06 4.05728e-06 3.96315e-06 3.871e-06 3.78081e-06 3.69254e-06 3.60616e-06 3.52162e-06 3.43891e-06 3.35798e-06 3.2788e-06 3.20135e-06 3.12558e-06 3.05147e-06 2.97898e-06 2.90809e-06 2.83877e-06 2.77098e-06 2.70469e-06 2.63988e-06 2.57652e-06 2.51457e-06 2.45402e-06 2.39483e-06 2.33697e-06 2.28043e-06 2.22516e-06 2.17116e-06 2.11838e-06 2.06681e-06 2.01642e-06 1.96719e-06 1.91909e-06 1.8721e-06
0.0001871 1.6114e-05 1.58452e-05 1.55782e-05 1.53132e-05 1.50503e-05 1.47895e-05 1.4531e-05 1.42748e-05 1.40211e-05 1.377e-05 1.35214e-05 1.32754e-05 1.30322e-05 1.27917e-05 1.25541e-05 1.23193e-05 1.20874e-05 1.18584e-05 1.16324e-05 1.14094e-05 1.11893e-05 1.09723e-05 1.07583e-05 1.05473e-05 1.03394e-05 1.01346e-05 9.93277e-06 9.734e-06 9.53828e-06 9.3456e-06 9.15595e-06 8.96931e-06 8.78568e-06 8.60504e-06 8.42737e-06 8.25265e-06 8.08088e-06 7.91201e-06 7.74604e-06 7.58294e-06 7.42268e-06 7.26525e-06 7.1106e-06 6.95872e-06 6.80958e-06 6.66315e-06 6.51939e-06 6.37828e-06 6.23979e-06 6.10389e-06 5.97054e-06 5.83971e-06 5.71137e-06 5.58549e-06 5.46204e-06 5.34098e-06 5.22227e-06 5.1059e-06 4.99181e-06 4.87998e-06 4.77038e-06 4.66296e-06 4.55771e-06 4.45458e-06 4.35354e-06 4.25456e-06 4.15761e-06 4.06264e-06 3.96964e-06 3.87856e-06 3.78938e-06 3.70206e-06 3.61657e-06 3.53288e-06 3.45096e-06 3.37078e-06 3.2923e-06 3.21549e-06 3.14034e-06 3.06679e-06 2.99484e-06 2.92444e-06 2.85557e-06 2.78819e-06 2.72229e-06 2.65784e-06 2.5948e-06 2.53315e-06 2.47286e-06 2.4139e-06 2.35626e-06 2.2999e-06 2.2448e-06 2.19094e-06 2.13828e-06 2.08681e-06 2.0365e-06 1.98733e-06 1.93928e-06 1.89232e-06
0.000180863 1.57003e-05 1.5447e-05 1.51951e-05 1.49447e-05 1.46959e-05 1.44488e-05 1.42036e-05 1.39603e-05 1.37191e-05 1.34801e-05 1.32432e-05 1.30086e-05 1.27764e-05 1.25466e-05 1.23193e-05 1.20945e-05 1.18723e-05 1.16526e-05 1.14357e-05 1.12214e-05 1.10098e-05 1.08009e-05 1.05948e-05 1.03915e-05 1.0191e-05 9.99321e-06 9.79827e-06 9.60613e-06 9.41681e-06 9.23029e-06 9.04659e-06 8.86569e-06 8.68759e-06 8.51227e-06 8.33973e-06 8.16996e-06 8.00295e-06 7.83866e-06 7.6771e-06 7.51824e-06 7.36206e-06 7.20854e-06 7.05767e-06 6.90941e-06 6.76374e-06 6.62064e-06 6.48009e-06 6.34205e-06 6.20651e-06 6.07343e-06 5.94279e-06 5.81455e-06 5.6887e-06 5.56519e-06 5.44401e-06 5.32512e-06 5.20849e-06 5.0941e-06 4.9819e-06 4.87188e-06 4.764e-06 4.65823e-06 4.55454e-06 4.4529e-06 4.35327e-06 4.25564e-06 4.15996e-06 4.0662e-06 3.97435e-06 3.88436e-06 3.79621e-06 3.70986e-06 3.62529e-06 3.54247e-06 3.46137e-06 3.38195e-06 3.30419e-06 3.22807e-06 3.15355e-06 3.0806e-06 3.0092e-06 2.93932e-06 2.87093e-06 2.804e-06 2.73851e-06 2.67443e-06 2.61174e-06 2.55041e-06 2.49041e-06 2.43173e-06 2.37432e-06 2.31818e-06 2.26327e-06 2.20957e-06 2.15706e-06 2.10571e-06 2.05551e-06 2.00643e-06 1.95844e-06 1.91153e-06
0.000174834 1.52963e-05 1.50579e-05 1.48203e-05 1.45839e-05 1.43487e-05 1.41148e-05 1.38824e-05 1.36515e-05 1.34224e-05 1.3195e-05 1.29694e-05 1.27458e-05 1.25242e-05 1.23047e-05 1.20874e-05 1.18723e-05 1.16594e-05 1.14488e-05 1.12406e-05 1.10348e-05 1.08314e-05 1.06305e-05 1.04321e-05 1.02362e-05 1.00428e-05 9.85201e-06 9.66376e-06 9.47809e-06 9.29501e-06 9.11453e-06 8.93664e-06 8.76136e-06 8.58867e-06 8.41858e-06 8.25107e-06 8.08616e-06 7.92381e-06 7.76403e-06 7.60681e-06 7.45212e-06 7.29996e-06 7.15031e-06 7.00315e-06 6.85847e-06 6.71624e-06 6.57644e-06 6.43906e-06 6.30407e-06 6.17145e-06 6.04118e-06 5.91322e-06 5.78757e-06 5.66418e-06 5.54305e-06 5.42413e-06 5.30741e-06 5.19286e-06 5.08045e-06 4.97015e-06 4.86194e-06 4.75579e-06 4.65167e-06 4.54955e-06 4.44941e-06 4.35121e-06 4.25494e-06 4.16055e-06 4.06803e-06 3.97734e-06 3.88846e-06 3.80135e-06 3.716e-06 3.63237e-06 3.55044e-06 3.47018e-06 3.39155e-06 3.31454e-06 3.23912e-06 3.16526e-06 3.09293e-06 3.02211e-06 2.95276e-06 2.88488e-06 2.81842e-06 2.75337e-06 2.6897e-06 2.62738e-06 2.5664e-06 2.50672e-06 2.44832e-06 2.39118e-06 2.33527e-06 2.28058e-06 2.22707e-06 2.17473e-06 2.12353e-06 2.07346e-06 2.02449e-06 1.97659e-06 1.92976e-06
0.000169006 1.49019e-05 1.46776e-05 1.44539e-05 1.42308e-05 1.40086e-05 1.37874e-05 1.35673e-05 1.33484e-05 1.31308e-05 1.29146e-05 1.27e-05 1.2487e-05 1.22757e-05 1.20661e-05 1.18584e-05 1.16526e-05 1.14488e-05 1.1247e-05 1.10473e-05 1.08498e-05 1.06544e-05 1.04612e-05 1.02702e-05 1.00815e-05 9.89513e-06 9.71106e-06 9.52935e-06 9.34999e-06 9.17301e-06 8.99841e-06 8.82621e-06 8.65642e-06 8.48903e-06 8.32406e-06 8.16149e-06 8.00133e-06 7.84358e-06 7.68823e-06 7.53527e-06 7.38469e-06 7.23649e-06 7.09065e-06 6.94716e-06 6.806e-06 6.66717e-06 6.53064e-06 6.3964e-06 6.26442e-06 6.1347e-06 6.00721e-06 5.88193e-06 5.75884e-06 5.63792e-06 5.51914e-06 5.40248e-06 5.28793e-06 5.17545e-06 5.06502e-06 4.95662e-06 4.85023e-06 4.74581e-06 4.64335e-06 4.54281e-06 4.44418e-06 4.34743e-06 4.25252e-06 4.15944e-06 4.06817e-06 3.97866e-06 3.8909e-06 3.80487e-06 3.72053e-06 3.63786e-06 3.55684e-06 3.47743e-06 3.39962e-06 3.32338e-06 3.24868e-06 3.1755e-06 3.10381e-06 3.03359e-06 2.96482e-06 2.89746e-06 2.8315e-06 2.76691e-06 2.70367e-06 2.64175e-06 2.58113e-06 2.52179e-06 2.46371e-06 2.40685e-06 2.35121e-06 2.29675e-06 2.24346e-06 2.19132e-06 2.14029e-06 2.09037e-06 2.04153e-06 1.99375e-06 1.94701e-06
0.000163373 1.45167e-05 1.4306e-05 1.40955e-05 1.38853e-05 1.36756e-05 1.34665e-05 1.32582e-05 1.30508e-05 1.28444e-05 1.2639e-05 1.24349e-05 1.22321e-05 1.20307e-05 1.18308e-05 1.16324e-05 1.14357e-05 1.12406e-05 1.10473e-05 1.08559e-05 1.06663e-05 1.04786e-05 1.02929e-05 1.01092e-05 9.92754e-06 9.74795e-06 9.57046e-06 9.39511e-06 9.22191e-06 9.05087e-06 8.88203e-06 8.71539e-06 8.55097e-06 8.38878e-06 8.22881e-06 8.07108e-06 7.9156e-06 7.76235e-06 7.61135e-06 7.46258e-06 7.31605e-06 7.17174e-06 7.02966e-06 6.88978e-06 6.75211e-06 6.61663e-06 6.48333e-06 6.35219e-06 6.22321e-06 6.09636e-06 5.97163e-06 5.849e-06 5.72845e-06 5.60997e-06 5.49354e-06 5.37914e-06 5.26675e-06 5.15634e-06 5.04789e-06 4.9414e-06 4.83682e-06 4.73414e-06 4.63334e-06 4.5344e-06 4.43728e-06 4.34198e-06 4.24846e-06 4.1567e-06 4.06668e-06 3.97837e-06 3.89175e-06 3.8068e-06 3.72349e-06 3.6418e-06 3.56171e-06 3.48318e-06 3.40621e-06 3.33075e-06 3.2568e-06 3.18432e-06 3.1133e-06 3.0437e-06 2.97551e-06 2.90871e-06 2.84326e-06 2.77916e-06 2.71637e-06 2.65487e-06 2.59464e-06 2.53567e-06 2.47792e-06 2.42137e-06 2.36601e-06 2.31182e-06 2.25877e-06 2.20684e-06 2.15601e-06 2.10626e-06 2.05758e-06 2.00993e-06 1.96332e-06
0.000157927 1.41406e-05 1.39429e-05 1.37451e-05 1.35472e-05 1.33495e-05 1.31522e-05 1.29552e-05 1.27588e-05 1.25631e-05 1.23682e-05 1.21742e-05 1.19812e-05 1.17894e-05 1.15987e-05 1.14094e-05 1.12214e-05 1.10348e-05 1.08498e-05 1.06663e-05 1.04844e-05 1.03043e-05 1.01258e-05 9.94918e-06 9.77435e-06 9.60137e-06 9.43029e-06 9.26114e-06 9.09393e-06 8.92871e-06 8.76548e-06 8.60428e-06 8.44511e-06 8.28799e-06 8.13293e-06 7.97995e-06 7.82904e-06 7.68022e-06 7.53348e-06 7.38884e-06 7.24628e-06 7.10581e-06 6.96742e-06 6.83112e-06 6.69688e-06 6.56471e-06 6.4346e-06 6.30653e-06 6.1805e-06 6.0565e-06 5.9345e-06 5.8145e-06 5.69649e-06 5.58044e-06 5.46635e-06 5.35419e-06 5.24394e-06 5.1356e-06 5.02913e-06 4.92453e-06 4.82178e-06 4.72084e-06 4.62171e-06 4.52436e-06 4.42877e-06 4.33493e-06 4.2428e-06 4.15237e-06 4.06362e-06 3.97652e-06 3.89106e-06 3.80721e-06 3.72495e-06 3.64425e-06 3.5651e-06 3.48747e-06 3.41135e-06 3.3367e-06 3.26351e-06 3.19176e-06 3.12142e-06 3.05247e-06 2.98489e-06 2.91865e-06 2.85375e-06 2.79014e-06 2.72783e-06 2.66677e-06 2.60696e-06 2.54837e-06 2.49097e-06 2.43476e-06 2.37971e-06 2.3258e-06 2.273e-06 2.22131e-06 2.1707e-06 2.12115e-06 2.07264e-06 2.02516e-06 1.97868e-06
0.000152663 1.37735e-05 1.35883e-05 1.34025e-05 1.32165e-05 1.30303e-05 1.28441e-05 1.26581e-05 1.24723e-05 1.22869e-05 1.2102e-05 1.19178e-05 1.17343e-05 1.15517e-05 1.137e-05 1.11893e-05 1.10098e-05 1.08314e-05 1.06544e-05 1.04786e-05 1.03043e-05 1.01314e-05 9.96001e-06 9.79021e-06 9.62201e-06 9.45547e-06 9.29063e-06 9.12751e-06 8.96616e-06 8.8066e-06 8.64886e-06 8.49296e-06 8.33892e-06 8.18677e-06 8.03652e-06 7.88818e-06 7.74176e-06 7.59727e-06 7.45473e-06 7.31413e-06 7.17548e-06 7.03879e-06 6.90404e-06 6.77125e-06 6.6404e-06 6.5115e-06 6.38454e-06 6.2595e-06 6.1364e-06 6.01521e-06 5.89592e-06 5.77853e-06 5.66303e-06 5.5494e-06 5.43762e-06 5.32769e-06 5.21959e-06 5.1133e-06 5.00881e-06 4.90611e-06 4.80517e-06 4.70598e-06 4.60851e-06 4.51277e-06 4.41871e-06 4.32633e-06 4.2356e-06 4.14652e-06 4.05905e-06 3.97317e-06 3.88887e-06 3.80614e-06 3.72493e-06 3.64525e-06 3.56706e-06 3.49035e-06 3.41509e-06 3.34127e-06 3.26886e-06 3.19785e-06 3.12821e-06 3.05992e-06 2.99297e-06 2.92733e-06 2.86298e-06 2.7999e-06 2.73808e-06 2.67749e-06 2.61811e-06 2.55992e-06 2.5029e-06 2.44705e-06 2.39232e-06 2.33871e-06 2.2862e-06 2.23476e-06 2.18439e-06 2.13505e-06 2.08674e-06 2.03944e-06 1.99312e-06
0.000147574 1.34151e-05 1.32418e-05 1.30677e-05 1.2893e-05 1.27178e-05 1.25424e-05 1.23668e-05 1.21912e-05 1.20157e-05 1.18405e-05 1.16657e-05 1.14913e-05 1.13176e-05 1.11446e-05 1.09723e-05 1.08009e-05 1.06305e-05 1.04612e-05 1.02929e-05 1.01258e-05 9.96001e-06 9.79549e-06 9.63234e-06 9.4706e-06 9.31032e-06 9.15154e-06 8.9943e-06 8.83865e-06 8.68462e-06 8.53223e-06 8.38151e-06 8.23249e-06 8.0852e-06 7.93965e-06 7.79585e-06 7.65384e-06 7.51361e-06 7.37517e-06 7.23855e-06 7.10375e-06 6.97076e-06 6.8396e-06 6.71026e-06 6.58276e-06 6.45708e-06 6.33322e-06 6.21119e-06 6.09097e-06 5.97257e-06 5.85597e-06 5.74116e-06 5.62815e-06 5.51691e-06 5.40744e-06 5.29973e-06 5.19376e-06 5.08952e-06 4.987e-06 4.88619e-06 4.78706e-06 4.68961e-06 4.59382e-06 4.49968e-06 4.40716e-06 4.31625e-06 4.22693e-06 4.13919e-06 4.05301e-06 3.96837e-06 3.88525e-06 3.80363e-06 3.7235e-06 3.64484e-06 3.56763e-06 3.49185e-06 3.41747e-06 3.34449e-06 3.27288e-06 3.20263e-06 3.13371e-06 3.0661e-06 2.9998e-06 2.93476e-06 2.87099e-06 2.80846e-06 2.74715e-06 2.68704e-06 2.62811e-06 2.57035e-06 2.51373e-06 2.45825e-06 2.40387e-06 2.35058e-06 2.29837e-06 2.24721e-06 2.19709e-06 2.14799e-06 2.0999e-06 2.05279e-06 2.00665e-06
0.000142655 1.30654e-05 1.29034e-05 1.27404e-05 1.25765e-05 1.24119e-05 1.22468e-05 1.20812e-05 1.19154e-05 1.17495e-05 1.15836e-05 1.14178e-05 1.12523e-05 1.10871e-05 1.09224e-05 1.07583e-05 1.05948e-05 1.04321e-05 1.02702e-05 1.01092e-05 9.94918e-06 9.79021e-06 9.63234e-06 9.47564e-06 9.32017e-06 9.16597e-06 9.0131e-06 8.86159e-06 8.7115e-06 8.56284e-06 8.41568e-06 8.27002e-06 8.12591e-06 7.98336e-06 7.84241e-06 7.70307e-06 7.56536e-06 7.4293e-06 7.2949e-06 7.16218e-06 7.03115e-06 6.90181e-06 6.77418e-06 6.64825e-06 6.52403e-06 6.40153e-06 6.28074e-06 6.16167e-06 6.04431e-06 5.92866e-06 5.81471e-06 5.70247e-06 5.59192e-06 5.48306e-06 5.37588e-06 5.27037e-06 5.16652e-06 5.06432e-06 4.96376e-06 4.86484e-06 4.76752e-06 4.67181e-06 4.57769e-06 4.48515e-06 4.39417e-06 4.30473e-06 4.21683e-06 4.13045e-06 4.04556e-06 3.96216e-06 3.88023e-06 3.79975e-06 3.72071e-06 3.64308e-06 3.56685e-06 3.49201e-06 3.41854e-06 3.34641e-06 3.27562e-06 3.20614e-06 3.13795e-06 3.07105e-06 3.0054e-06 2.941e-06 2.87782e-06 2.81585e-06 2.75507e-06 2.69546e-06 2.637e-06 2.57968e-06 2.52348e-06 2.46839e-06 2.41437e-06 2.36143e-06 2.30953e-06 2.25867e-06 2.20883e-06 2.15998e-06 2.11212e-06 2.06523e-06 2.01929e-06
0.0001379 1.2724e-05 1.25729e-05 1.24206e-05 1.22671e-05 1.21126e-05 1.19573e-05 1.18014e-05 1.1645e-05 1.14883e-05 1.13313e-05 1.11742e-05 1.10172e-05 1.08603e-05 1.07036e-05 1.05473e-05 1.03915e-05 1.02362e-05 1.00815e-05 9.92754e-06 9.77435e-06 9.62201e-06 9.4706e-06 9.32017e-06 9.17079e-06 9.0225e-06 8.87537e-06 8.72944e-06 8.58476e-06 8.44136e-06 8.29928e-06 8.15856e-06 8.01924e-06 7.88133e-06 7.74488e-06 7.60989e-06 7.47641e-06 7.34444e-06 7.214e-06 7.08511e-06 6.95778e-06 6.83203e-06 6.70786e-06 6.58528e-06 6.46431e-06 6.34494e-06 6.22717e-06 6.11102e-06 5.99648e-06 5.88355e-06 5.77224e-06 5.66253e-06 5.55442e-06 5.44792e-06 5.34301e-06 5.23968e-06 5.13794e-06 5.03777e-06 4.93917e-06 4.84212e-06 4.74661e-06 4.65264e-06 4.56019e-06 4.46925e-06 4.3798e-06 4.29185e-06 4.20536e-06 4.12034e-06 4.03675e-06 3.9546e-06 3.87387e-06 3.79453e-06 3.71658e-06 3.64e-06 3.56478e-06 3.49089e-06 3.41833e-06 3.34707e-06 3.27711e-06 3.20841e-06 3.14098e-06 3.07479e-06 3.00982e-06 2.94606e-06 2.88349e-06 2.8221e-06 2.76186e-06 2.70277e-06 2.64481e-06 2.58795e-06 2.53218e-06 2.47749e-06 2.42387e-06 2.37128e-06 2.31972e-06 2.26917e-06 2.21962e-06 2.17105e-06 2.12344e-06 2.07678e-06 2.03105e-06
0.000133303 1.23909e-05 1.22502e-05 1.2108e-05 1.19644e-05 1.18197e-05 1.16739e-05 1.15272e-05 1.13799e-05 1.12319e-05 1.10835e-05 1.09349e-05 1.0786e-05 1.06371e-05 1.04882e-05 1.03394e-05 1.0191e-05 1.00428e-05 9.89513e-06 9.74795e-06 9.60137e-06 9.45547e-06 9.31032e-06 9.16597e-06 9.0225e-06 8.87997e-06 8.73842e-06 8.59792e-06 8.4585e-06 8.32022e-06 8.18311e-06 8.04721e-06 7.91256e-06 7.77919e-06 7.64713e-06 7.51641e-06 7.38706e-06 7.25909e-06 7.13253e-06 7.0074e-06 6.88371e-06 6.76148e-06 6.64072e-06 6.52144e-06 6.40366e-06 6.28737e-06 6.17259e-06 6.05932e-06 5.94756e-06 5.83733e-06 5.72861e-06 5.6214e-06 5.51572e-06 5.41155e-06 5.30889e-06 5.20774e-06 5.10809e-06 5.00994e-06 4.91327e-06 4.81809e-06 4.72438e-06 4.63214e-06 4.54136e-06 4.45202e-06 4.36412e-06 4.27764e-06 4.19258e-06 4.10891e-06 4.02664e-06 3.94574e-06 3.86621e-06 3.78803e-06 3.71118e-06 3.63566e-06 3.56144e-06 3.48852e-06 3.41688e-06 3.34651e-06 3.27738e-06 3.20949e-06 3.14282e-06 3.07736e-06 3.01308e-06 2.94998e-06 2.88804e-06 2.82724e-06 2.76757e-06 2.70901e-06 2.65155e-06 2.59517e-06 2.53985e-06 2.48559e-06 2.43236e-06 2.38015e-06 2.32895e-06 2.27873e-06 2.22949e-06 2.1812e-06 2.13386e-06 2.08745e-06 2.04196e-06
0.00012886 1.20658e-05 1.19351e-05 1.18026e-05 1.16685e-05 1.15331e-05 1.13964e-05 1.12586e-05 1.11199e-05 1.09804e-05 1.08403e-05 1.06997e-05 1.05587e-05 1.04174e-05 1.0276e-05 1.01346e-05 9.99321e-06 9.85201e-06 9.71106e-06 9.57046e-06 9.43029e-06 9.29063e-06 9.15154e-06 9.0131e-06 8.87537e-06 8.73842e-06 8.60231e-06 8.46708e-06 8.3328e-06 8.19949e-06 8.06722e-06 7.93603e-06 7.80594e-06 7.677e-06 7.54924e-06 7.4227e-06 7.29739e-06 7.17334e-06 7.05058e-06 6.92914e-06 6.80902e-06 6.69025e-06 6.57284e-06 6.4568e-06 6.34215e-06 6.2289e-06 6.11706e-06 6.00663e-06 5.89763e-06 5.79005e-06 5.68389e-06 5.57917e-06 5.47588e-06 5.37402e-06 5.27359e-06 5.1746e-06 5.07702e-06 4.98087e-06 4.88614e-06 4.79282e-06 4.70091e-06 4.61039e-06 4.52127e-06 4.43353e-06 4.34716e-06 4.26217e-06 4.17852e-06 4.09623e-06 4.01526e-06 3.93563e-06 3.8573e-06 3.78028e-06 3.70454e-06 3.63008e-06 3.55689e-06 3.48494e-06 3.41424e-06 3.34475e-06 3.27648e-06 3.20941e-06 3.14351e-06 3.07879e-06 3.01522e-06 2.95279e-06 2.89149e-06 2.8313e-06 2.77221e-06 2.7142e-06 2.65726e-06 2.60137e-06 2.54652e-06 2.4927e-06 2.43989e-06 2.38807e-06 2.33723e-06 2.28736e-06 2.23845e-06 2.19047e-06 2.14341e-06 2.09727e-06 2.05202e-06
0.000124564 1.17487e-05 1.16274e-05 1.15042e-05 1.13793e-05 1.12527e-05 1.11247e-05 1.09954e-05 1.0865e-05 1.07337e-05 1.06015e-05 1.04686e-05 1.03352e-05 1.02013e-05 1.00672e-05 9.93277e-06 9.79827e-06 9.66376e-06 9.52935e-06 9.39511e-06 9.26114e-06 9.12751e-06 8.9943e-06 8.86159e-06 8.72944e-06 8.59792e-06 8.46708e-06 8.33699e-06 8.2077e-06 8.07925e-06 7.9517e-06 7.82509e-06 7.69945e-06 7.57484e-06 7.45128e-06 7.32881e-06 7.20746e-06 7.08726e-06 6.96822e-06 6.85039e-06 6.73377e-06 6.6184e-06 6.50428e-06 6.39143e-06 6.27987e-06 6.16961e-06 6.06067e-06 5.95304e-06 5.84674e-06 5.74178e-06 5.63816e-06 5.53589e-06 5.43497e-06 5.3354e-06 5.23718e-06 5.14032e-06 5.04481e-06 4.95065e-06 4.85783e-06 4.76636e-06 4.67623e-06 4.58744e-06 4.49997e-06 4.41382e-06 4.329e-06 4.24547e-06 4.16325e-06 4.08232e-06 4.00268e-06 3.9243e-06 3.84719e-06 3.77133e-06 3.69671e-06 3.62332e-06 3.55116e-06 3.4802e-06 3.41043e-06 3.34185e-06 3.27444e-06 3.20819e-06 3.14309e-06 3.07912e-06 3.01627e-06 2.95453e-06 2.89388e-06 2.83431e-06 2.77581e-06 2.71837e-06 2.66196e-06 2.60658e-06 2.55221e-06 2.49885e-06 2.44646e-06 2.39505e-06 2.3446e-06 2.2951e-06 2.24652e-06 2.19886e-06 2.15211e-06 2.10624e-06 2.06126e-06
0.000120412 1.14393e-05 1.13271e-05 1.12128e-05 1.10965e-05 1.09784e-05 1.08587e-05 1.07376e-05 1.06152e-05 1.04917e-05 1.03671e-05 1.02417e-05 1.01156e-05 9.98883e-06 9.86161e-06 9.734e-06 9.60613e-06 9.47809e-06 9.34999e-06 9.22191e-06 9.09393e-06 8.96616e-06 8.83865e-06 8.7115e-06 8.58476e-06 8.4585e-06 8.3328e-06 8.2077e-06 8.08326e-06 7.95954e-06 7.83659e-06 7.71444e-06 7.59316e-06 7.47277e-06 7.35331e-06 7.23483e-06 7.11735e-06 7.00091e-06 6.88552e-06 6.77123e-06 6.65805e-06 6.546e-06 6.43512e-06 6.3254e-06 6.21688e-06 6.10956e-06 6.00346e-06 5.8986e-06 5.79497e-06 5.6926e-06 5.59149e-06 5.49164e-06 5.39306e-06 5.29575e-06 5.19972e-06 5.10497e-06 5.01151e-06 4.91932e-06 4.82841e-06 4.73878e-06 4.65042e-06 4.56333e-06 4.47752e-06 4.39296e-06 4.30966e-06 4.22762e-06 4.14682e-06 4.06726e-06 3.98892e-06 3.91181e-06 3.83592e-06 3.76123e-06 3.68773e-06 3.61542e-06 3.54429e-06 3.47432e-06 3.40551e-06 3.33784e-06 3.27131e-06 3.20589e-06 3.14159e-06 3.07838e-06 3.01626e-06 2.95522e-06 2.89524e-06 2.8363e-06 2.77841e-06 2.72154e-06 2.66568e-06 2.61082e-06 2.55695e-06 2.50405e-06 2.45211e-06 2.40113e-06 2.35107e-06 2.30194e-06 2.25372e-06 2.2064e-06 2.15996e-06 2.11439e-06 2.06969e-06
0.000116398 1.11374e-05 1.10339e-05 1.0928e-05 1.08201e-05 1.07101e-05 1.05984e-05 1.04851e-05 1.03704e-05 1.02543e-05 1.01371e-05 1.00189e-05 9.89975e-06 9.77987e-06 9.65934e-06 9.53828e-06 9.41681e-06 9.29501e-06 9.17301e-06 9.05087e-06 8.92871e-06 8.8066e-06 8.68462e-06 8.56284e-06 8.44136e-06 8.32022e-06 8.19949e-06 8.07925e-06 7.95954e-06 7.84042e-06 7.72195e-06 7.60416e-06 7.48711e-06 7.37085e-06 7.2554e-06 7.14081e-06 7.02712e-06 6.91435e-06 6.80254e-06 6.69172e-06 6.58191e-06 6.47313e-06 6.36542e-06 6.25878e-06 6.15324e-06 6.04882e-06 5.94553e-06 5.84338e-06 5.74239e-06 5.64257e-06 5.54392e-06 5.44646e-06 5.3502e-06 5.25513e-06 5.16127e-06 5.06861e-06 4.97717e-06 4.88694e-06 4.79792e-06 4.71011e-06 4.62352e-06 4.53814e-06 4.45396e-06 4.37099e-06 4.28922e-06 4.20865e-06 4.12926e-06 4.05107e-06 3.97405e-06 3.89821e-06 3.82353e-06 3.75001e-06 3.67765e-06 3.60642e-06 3.53633e-06 3.46736e-06 3.3995e-06 3.33275e-06 3.2671e-06 3.20253e-06 3.13904e-06 3.07661e-06 3.01523e-06 2.95489e-06 2.89559e-06 2.8373e-06 2.78002e-06 2.72374e-06 2.66844e-06 2.61412e-06 2.56075e-06 2.50834e-06 2.45686e-06 2.40631e-06 2.35667e-06 2.30793e-06 2.26008e-06 2.2131e-06 2.16699e-06 2.12174e-06 2.07732e-06
0.000112519 1.0843e-05 1.07477e-05 1.06499e-05 1.05499e-05 1.04478e-05 1.03437e-05 1.02379e-05 1.01305e-05 1.00216e-05 9.91143e-06 9.80009e-06 9.68771e-06 9.57442e-06 9.46035e-06 9.3456e-06 9.23029e-06 9.11453e-06 8.99841e-06 8.88203e-06 8.76548e-06 8.64886e-06 8.53223e-06 8.41568e-06 8.29928e-06 8.18311e-06 8.06722e-06 7.9517e-06 7.83659e-06 7.72195e-06 7.60783e-06 7.49429e-06 7.38138e-06 7.26914e-06 7.1576e-06 7.04682e-06 6.93683e-06 6.82766e-06 6.71935e-06 6.61192e-06 6.50541e-06 6.39984e-06 6.29524e-06 6.19163e-06 6.08902e-06 5.98744e-06 5.88691e-06 5.78744e-06 5.68905e-06 5.59174e-06 5.49553e-06 5.40043e-06 5.30645e-06 5.2136e-06 5.12188e-06 5.0313e-06 4.94186e-06 4.85357e-06 4.76642e-06 4.68043e-06 4.59559e-06 4.5119e-06 4.42935e-06 4.34796e-06 4.26771e-06 4.18861e-06 4.11064e-06 4.03381e-06 3.95811e-06 3.88353e-06 3.81007e-06 3.73773e-06 3.66649e-06 3.59635e-06 3.5273e-06 3.45934e-06 3.39245e-06 3.32663e-06 3.26186e-06 3.19815e-06 3.13547e-06 3.07382e-06 3.0132e-06 2.95358e-06 2.89496e-06 2.83733e-06 2.78068e-06 2.725e-06 2.67028e-06 2.6165e-06 2.56365e-06 2.51173e-06 2.46073e-06 2.41062e-06 2.36141e-06 2.31307e-06 2.2656e-06 2.21899e-06 2.17322e-06 2.12829e-06 2.08418e-06
0.000108768 1.05558e-05 1.04684e-05 1.03783e-05 1.02859e-05 1.01912e-05 1.00945e-05 9.99581e-06 9.89542e-06 9.79344e-06 9.69002e-06 9.5853e-06 9.47941e-06 9.37247e-06 9.26461e-06 9.15595e-06 9.04659e-06 8.93664e-06 8.82621e-06 8.71539e-06 8.60428e-06 8.49296e-06 8.38151e-06 8.27002e-06 8.15856e-06 8.04721e-06 7.93603e-06 7.82509e-06 7.71444e-06 7.60416e-06 7.49429e-06 7.38489e-06 7.27601e-06 7.16769e-06 7.05998e-06 6.95291e-06 6.84654e-06 6.74089e-06 6.636e-06 6.5319e-06 6.42863e-06 6.3262e-06 6.22465e-06 6.12401e-06 6.02428e-06 5.9255e-06 5.82768e-06 5.73085e-06 5.63501e-06 5.54018e-06 5.44637e-06 5.3536e-06 5.26188e-06 5.17122e-06 5.08162e-06 4.99309e-06 4.90563e-06 4.81926e-06 4.73398e-06 4.64978e-06 4.56668e-06 4.48466e-06 4.40374e-06 4.32392e-06 4.24519e-06 4.16754e-06 4.09099e-06 4.01552e-06 3.94113e-06 3.86782e-06 3.79558e-06 3.72442e-06 3.65431e-06 3.58526e-06 3.51726e-06 3.45031e-06 3.38439e-06 3.3195e-06 3.25563e-06 3.19277e-06 3.13092e-06 3.07007e-06 3.0102e-06 2.95131e-06 2.89339e-06 2.83643e-06 2.78042e-06 2.72534e-06 2.6712e-06 2.61798e-06 2.56567e-06 2.51426e-06 2.46373e-06 2.41409e-06 2.36531e-06 2.31739e-06 2.27032e-06 2.22408e-06 2.17867e-06 2.13407e-06 2.09027e-06
0.000105142 1.02758e-05 1.01958e-05 1.01131e-05 1.00279e-05 9.94034e-06 9.85058e-06 9.7588e-06 9.66515e-06 9.56978e-06 9.47285e-06 9.37448e-06 9.27482e-06 9.17399e-06 9.07211e-06 8.96931e-06 8.86569e-06 8.76136e-06 8.65642e-06 8.55097e-06 8.44511e-06 8.33892e-06 8.23249e-06 8.12591e-06 8.01924e-06 7.91256e-06 7.80594e-06 7.69945e-06 7.59316e-06 7.48711e-06 7.38138e-06 7.27601e-06 7.17105e-06 7.06656e-06 6.96257e-06 6.85914e-06 6.7563e-06 6.65409e-06 6.55255e-06 6.45171e-06 6.35161e-06 6.25226e-06 6.15371e-06 6.05597e-06 5.95908e-06 5.86305e-06 5.7679e-06 5.67365e-06 5.58033e-06 5.48794e-06 5.39651e-06 5.30604e-06 5.21654e-06 5.12804e-06 5.04053e-06 4.95403e-06 4.86854e-06 4.78407e-06 4.70063e-06 4.61821e-06 4.53683e-06 4.45649e-06 4.37718e-06 4.29892e-06 4.22169e-06 4.1455e-06 4.07036e-06 3.99624e-06 3.92317e-06 3.85112e-06 3.7801e-06 3.71011e-06 3.64114e-06 3.57318e-06 3.50623e-06 3.44029e-06 3.37535e-06 3.3114e-06 3.24843e-06 3.18644e-06 3.12542e-06 3.06537e-06 3.00626e-06 2.94811e-06 2.8909e-06 2.83461e-06 2.77925e-06 2.7248e-06 2.67125e-06 2.6186e-06 2.56683e-06 2.51593e-06 2.4659e-06 2.41673e-06 2.3684e-06 2.32091e-06 2.27424e-06 2.22839e-06 2.18334e-06 2.13909e-06 2.09563e-06
