0.822579 0.07478 0.00679818 0.000618016 5.61833e-05 5.10757e-06 4.64325e-07 4.22113e-08 3.83739e-09 3.48854e-10 3.1714e-11 2.88309e-12 2.62099e-13 2.38272e-14 2.16611e-15 1.96919e-16 1.79017e-17 1.62743e-18 1.47948e-19 1.34498e-20 1.22271e-21 1.11156e-22 1.01051e-23 9.18642e-25 8.35129e-26 7.59208e-27 6.90189e-28 6.27445e-29 5.70404e-30 5.18549e-31 4.71408e-32 4.28553e-33 3.89594e-34 3.54176e-35 3.21978e-36 2.92708e-37 2.66098e-38 2.41907e-39 2.19915e-40 1.99923e-41 1.81748e-42 1.65226e-43 1.50205e-44 1.3655e-45 1.24137e-46 1.12851e-47 1.02592e-48 9.32656e-50 8.47869e-51 7.7079e-52 7.00719e-53 6.37017e-54 5.79106e-55 5.2646e-56 4.786e-57 4.35091e-58 3.95537e-59 3.59579e-60 3.2689e-61 2.97173e-62 2.70157e-63 2.45598e-64 2.23271e-65 2.02973e-66 1.84521e-67 1.67746e-68 1.52497e-69 1.38633e-70 1.2603e-71 1.14573e-72 1.04157e-73 9.46885e-75 8.60805e-76 7.8255e-77 7.11409e-78 6.46735e-79 5.87941e-80 5.34492e-81 4.85902e-82 4.41729e-83 4.01572e-84 3.65065e-85 3.31877e-86 3.01707e-87 2.74279e-88 2.49344e-89 2.26677e-90 2.0607e-91 1.87336e-92 1.70306e-93 1.54823e-94 1.40748e-95 1.27953e-96 1.16321e-97 1.05746e-98 9.61331e-100 8.73937e-101 7.94488e-102 7.22262e-103 6.56602e-104 5.96911e-105
0.07478 0.00997894 0.00119634 0.000135045 1.46666e-05 1.55058e-06 1.60711e-07 1.64056e-08 1.65464e-09 1.6526e-10 1.63726e-11 1.61105e-12 1.57608e-13 1.53414e-14 1.48681e-15 1.43541e-16 1.38106e-17 1.32473e-18 1.26723e-19 1.20924e-20 1.15131e-21 1.09393e-22 1.03746e-23 9.82223e-25 9.28452e-26 8.7634e-27 8.2603e-28 7.77624e-29 7.31193e-30 6.86778e-31 6.44395e-32 6.04042e-33 5.657e-34 5.29338e-35 4.94912e-36 4.6237e-37 4.31655e-38 4.02703e-39 3.75448e-40 3.4982e-41 3.25749e-42 3.03163e-43 2.81992e-44 2.62164e-45 2.43611e-46 2.26265e-47 2.10059e-48 1.9493e-49 1.80815e-50 1.67656e-51 1.55395e-52 1.43978e-53 1.33352e-54 1.23469e-55 1.1428e-56 1.05741e-57 9.7811e-59 9.04486e-60 8.36164e-61 7.72789e-62 7.14027e-63 6.59562e-64 6.09098e-65 5.62359e-66 5.19084e-67 4.7903e-68 4.41968e-69 4.07686e-70 3.75984e-71 3.46677e-72 3.19591e-73 2.94565e-74 2.71448e-75 2.501e-76 2.30389e-77 2.12196e-78 1.95406e-79 1.79915e-80 1.65626e-81 1.52448e-82 1.40297e-83 1.29096e-84 1.18771e-85 1.09257e-86 1.00491e-87 9.24164e-89 8.49791e-90 7.81302e-91 7.18243e-92 6.60192e-93 6.0676e-94 5.57587e-95 5.1234e-96 4.70711e-97 4.32417e-98 3.97195e-99 3.64804e-100 3.35019e-101 3.07635e-102 2.82461e-103 2.59322e-104
0.00679818 0.00119634 0.000173632 2.28005e-05 2.81221e-06 3.32119e-07 3.79838e-08 4.23774e-09 4.63525e-10 4.98857e-11 5.29673e-12 5.55979e-13 5.77867e-14 5.95491e-15 6.09054e-16 6.18792e-17 6.24965e-18 6.27846e-19 6.27715e-20 6.24852e-21 6.19534e-22 6.1203e-23 6.02599e-24 5.91486e-25 5.78924e-26 5.65132e-27 5.50312e-28 5.34651e-29 5.18321e-30 5.0148e-31 4.8427e-32 4.6682e-33 4.49245e-34 4.31649e-35 4.14122e-36 3.96743e-37 3.79584e-38 3.62703e-39 3.46152e-40 3.29975e-41 3.14206e-42 2.98877e-43 2.8401e-44 2.69623e-45 2.55729e-46 2.42338e-47 2.29453e-48 2.17077e-49 2.05208e-50 1.93842e-51 1.82974e-52 1.72595e-53 1.62696e-54 1.53266e-55 1.44292e-56 1.35762e-57 1.27661e-58 1.19977e-59 1.12694e-60 1.05797e-61 9.9272e-63 9.31032e-64 8.7276e-65 8.17756e-66 7.65873e-67 7.16969e-68 6.70903e-69 6.27538e-70 5.86741e-71 5.48382e-72 5.12338e-73 4.78486e-74 4.4671e-75 4.16899e-76 3.88945e-77 3.62745e-78 3.38201e-79 3.15218e-80 2.93707e-81 2.73581e-82 2.5476e-83 2.37167e-84 2.20726e-85 2.0537e-86 1.9103e-87 1.77646e-88 1.65158e-89 1.53509e-90 1.42647e-91 1.32523e-92 1.23088e-93 1.14299e-94 1.06113e-95 9.84928e-97 9.14e-98 8.48001e-99 7.86607e-100 7.29511e-101 6.76425e-102 6.27082e-103 5.81227e-104
0.000618016 0.000135045 2.28005e-05 3.38197e-06 4.62839e-07 5.99017e-08 7.43814e-09 8.94404e-10 1.04812e-10 1.2025e-11 1.35532e-12 1.50462e-13 1.64867e-14 1.78602e-15 1.91546e-16 2.03602e-17 2.14696e-18 2.24771e-19 2.33792e-20 2.41738e-21 2.48604e-22 2.54398e-23 2.59138e-24 2.62851e-25 2.65573e-26 2.67347e-27 2.68218e-28 2.68239e-29 2.67461e-30 2.65942e-31 2.63737e-32 2.60902e-33 2.57495e-34 2.53571e-35 2.49184e-36 2.44387e-37 2.3923e-38 2.33762e-39 2.28029e-40 2.22074e-41 2.15939e-42 2.09661e-43 2.03276e-44 1.96818e-45 1.90317e-46 1.838e-47 1.77293e-48 1.70819e-49 1.64399e-50 1.58051e-51 1.51793e-52 1.45637e-53 1.39598e-54 1.33686e-55 1.2791e-56 1.22278e-57 1.16797e-58 1.11472e-59 1.06307e-60 1.01305e-61 9.64673e-63 9.17959e-64 8.72906e-65 8.29512e-66 7.87764e-67 7.47648e-68 7.09141e-69 6.72219e-70 6.36851e-71 6.03006e-72 5.70647e-73 5.39738e-74 5.10239e-75 4.82109e-76 4.55305e-77 4.29786e-78 4.05508e-79 3.82427e-80 3.60499e-81 3.39682e-82 3.1993e-83 3.01203e-84 2.83457e-85 2.66651e-86 2.50745e-87 2.35699e-88 2.21474e-89 2.08032e-90 1.95337e-91 1.83354e-92 1.72047e-93 1.61384e-94 1.51333e-95 1.41863e-96 1.32944e-97 1.24548e-98 1.16647e-99 1.09216e-100 1.02228e-101 9.56607e-103 8.94905e-104
5.61833e-05 1.46666e-05 2.81221e-06 4.62839e-07 6.92798e-08 9.70837e-09 1.29535e-09 1.66358e-10 2.07185e-11 2.51576e-12 2.99035e-13 3.49031e-14 4.01011e-15 4.54418e-16 5.08698e-17 5.6331e-18 6.17741e-19 6.71504e-20 7.2415e-21 7.75266e-22 8.24484e-23 8.71474e-24 9.15953e-25 9.57681e-26 9.96456e-27 1.03212e-27 1.06456e-28 1.09368e-29 1.11944e-30 1.14182e-31 1.16082e-32 1.1765e-33 1.18889e-34 1.19809e-35 1.2042e-36 1.20731e-37 1.20756e-38 1.20509e-39 1.20004e-40 1.19255e-41 1.18278e-42 1.1709e-43 1.15705e-44 1.14139e-45 1.12409e-46 1.1053e-47 1.08516e-48 1.06383e-49 1.04145e-50 1.01816e-51 9.9409e-53 9.69362e-54 9.44099e-55 9.18414e-56 8.92413e-57 8.66196e-58 8.39857e-59 8.13481e-60 7.87149e-61 7.60936e-62 7.34907e-63 7.09125e-64 6.83646e-65 6.58519e-66 6.33789e-67 6.09497e-68 5.85677e-69 5.62358e-70 5.39569e-71 5.17329e-72 4.95658e-73 4.7457e-74 4.54077e-75 4.34187e-76 4.14905e-77 3.96235e-78 3.78178e-79 3.60731e-80 3.43892e-81 3.27656e-82 3.12016e-83 2.96963e-84 2.8249e-85 2.68584e-86 2.55236e-87 2.42433e-88 2.30163e-89 2.18411e-90 2.07165e-91 1.9641e-92 1.86132e-93 1.76316e-94 1.66948e-95 1.58012e-96 1.49495e-97 1.4138e-98 1.33655e-99 1.26303e-100 1.19312e-101 1.12666e-102 1.06352e-103
5.10757e-06 1.55058e-06 3.32119e-07 5.99017e-08 9.70837e-09 1.46049e-09 2.07836e-10 2.83212e-11 3.72657e-12 4.76372e-13 5.94281e-14 7.2605e-15 8.7111e-16 1.02868e-16 1.19777e-17 1.37728e-18 1.56593e-19 1.76237e-20 1.96517e-21 2.17285e-22 2.38391e-23 2.59686e-24 2.81022e-25 3.02256e-26 3.2325e-27 3.43872e-28 3.64e-29 3.83519e-30 4.02325e-31 4.20322e-32 4.37427e-33 4.53566e-34 4.68676e-35 4.82703e-36 4.95606e-37 5.0735e-38 5.17912e-39 5.27279e-40 5.35443e-41 5.42406e-42 5.48178e-43 5.52774e-44 5.56216e-45 5.58531e-46 5.59751e-47 5.59912e-48 5.59055e-49 5.57222e-50 5.5446e-51 5.50815e-52 5.46337e-53 5.41078e-54 5.35087e-55 5.28416e-56 5.21118e-57 5.13244e-58 5.04844e-59 4.95968e-60 4.86665e-61 4.76982e-62 4.66967e-63 4.56662e-64 4.46112e-65 4.35358e-66 4.24438e-67 4.13389e-68 4.02248e-69 3.91048e-70 3.79819e-71 3.68592e-72 3.57393e-73 3.46248e-74 3.35181e-75 3.24212e-76 3.13363e-77 3.02651e-78 2.92092e-79 2.81701e-80 2.71491e-81 2.61474e-82 2.51659e-83 2.42056e-84 2.32673e-85 2.23515e-86 2.14587e-87 2.05894e-88 1.97439e-89 1.89224e-90 1.8125e-91 1.73518e-92 1.66027e-93 1.58777e-94 1.51766e-95 1.44992e-96 1.38452e-97 1.32144e-98 1.26064e-99 1.20208e-100 1.14572e-101 1.09152e-102 1.03943e-103
4.64325e-07 1.60711e-07 3.79838e-08 7.43814e-09 1.29535e-09 2.07836e-10 3.13657e-11 4.51209e-12 6.24423e-13 8.3684e-14 1.09153e-14 1.391e-15 1.73717e-16 2.13132e-17 2.57408e-18 3.0654e-19 3.60462e-20 4.19044e-21 4.82098e-22 5.49381e-23 6.20602e-24 6.95426e-25 7.7348e-26 8.54358e-27 9.37631e-28 1.02285e-28 1.10955e-29 1.19726e-30 1.28551e-31 1.37383e-32 1.46175e-33 1.54883e-34 1.63464e-35 1.71875e-36 1.80077e-37 1.88034e-38 1.95712e-39 2.03078e-40 2.10105e-41 2.16767e-42 2.23043e-43 2.28911e-44 2.34357e-45 2.39367e-46 2.4393e-47 2.4804e-48 2.51691e-49 2.54882e-50 2.57611e-51 2.59883e-52 2.61701e-53 2.63073e-54 2.64007e-55 2.64513e-56 2.64603e-57 2.64289e-58 2.63587e-59 2.62512e-60 2.61078e-61 2.59304e-62 2.57206e-63 2.54803e-64 2.52113e-65 2.49153e-66 2.45942e-67 2.42499e-68 2.38843e-69 2.3499e-70 2.30959e-71 2.26768e-72 2.22434e-73 2.17973e-74 2.13401e-75 2.08735e-76 2.03989e-77 1.99177e-78 1.94315e-79 1.89414e-80 1.84487e-81 1.79547e-82 1.74604e-83 1.69669e-84 1.64751e-85 1.59861e-86 1.55007e-87 1.50196e-88 1.45437e-89 1.40735e-90 1.36096e-91 1.31528e-92 1.27033e-93 1.22618e-94 1.18285e-95 1.14039e-96 1.09882e-97 1.05817e-98 1.01847e-99 9.7972e-101 9.41948e-102 9.0516e-103 8.69365e-104
4.22113e-08 1.64056e-08 4.23774e-09 8.94404e-10 1.66358e-10 2.83212e-11 4.51209e-12 6.82444e-13 9.89635e-14 1.38583e-14 1.88413e-15 2.49738e-16 3.23788e-17 4.11714e-18 5.14564e-19 6.3326e-20 7.68578e-21 9.21137e-22 1.09139e-22 1.2796e-23 1.48586e-24 1.71006e-25 1.95194e-26 2.21103e-27 2.4867e-28 2.77817e-29 3.08447e-30 3.40454e-31 3.73717e-32 4.08104e-33 4.43474e-34 4.79678e-35 5.16562e-36 5.53966e-37 5.91728e-38 6.29683e-39 6.67667e-40 7.0552e-41 7.4308e-42 7.80191e-43 8.16704e-44 8.52473e-45 8.8736e-46 9.21235e-47 9.53976e-48 9.8547e-49 1.01561e-49 1.04431e-50 1.07148e-51 1.09704e-52 1.12093e-53 1.1431e-54 1.1635e-55 1.18209e-56 1.19885e-57 1.21376e-58 1.22682e-59 1.23802e-60 1.24738e-61 1.2549e-62 1.2606e-63 1.26453e-64 1.26672e-65 1.26719e-66 1.26601e-67 1.26321e-68 1.25886e-69 1.25301e-70 1.24572e-71 1.23706e-72 1.22709e-73 1.21587e-74 1.20348e-75 1.18999e-76 1.17546e-77 1.15996e-78 1.14357e-79 1.12635e-80 1.10837e-81 1.0897e-82 1.07041e-83 1.05056e-84 1.03022e-85 1.00944e-86 9.88284e-88 9.66815e-89 9.45087e-90 9.23152e-91 9.01063e-92 8.78868e-93 8.56615e-94 8.34346e-95 8.12106e-96 7.89932e-97 7.67862e-98 7.45932e-99 7.24173e-100 7.02616e-101 6.81289e-102 6.60217e-103 6.39425e-104
3.83739e-09 1.65464e-09 4.63525e-10 1.04812e-10 2.07185e-11 3.72657e-12 6.24423e-13 9.89635e-14 1.49922e-14 2.18757e-15 3.0921e-16 4.25277e-17 5.71142e-18 7.51115e-19 9.6956e-20 1.23082e-20 1.53915e-21 1.89863e-22 2.31311e-23 2.78615e-24 3.32092e-25 3.92019e-26 4.58628e-27 5.32098e-28 6.12556e-29 7.00073e-30 7.94662e-31 8.9628e-32 1.00482e-32 1.12013e-33 1.24199e-34 1.37013e-35 1.50423e-36 1.64392e-37 1.78879e-38 1.93839e-39 2.09223e-40 2.24979e-41 2.41053e-42 2.57387e-43 2.73924e-44 2.90604e-45 3.07366e-46 3.24149e-47 3.40893e-48 3.57539e-49 3.74026e-50 3.90298e-51 4.06298e-52 4.21973e-53 4.3727e-54 4.52142e-55 4.66541e-56 4.80424e-57 4.93751e-58 5.06486e-59 5.18594e-60 5.30045e-61 5.40813e-62 5.50874e-63 5.60209e-64 5.68802e-65 5.76639e-66 5.8371e-67 5.90011e-68 5.95536e-69 6.00287e-70 6.04265e-71 6.07477e-72 6.09929e-73 6.11633e-74 6.12601e-75 6.12848e-76 6.1239e-77 6.11246e-78 6.09437e-79 6.06983e-80 6.03908e-81 6.00236e-82 5.95991e-83 5.91198e-84 5.85886e-85 5.80079e-86 5.73806e-87 5.67095e-88 5.59972e-89 5.52465e-90 5.44602e-91 5.36411e-92 5.27918e-93 5.1915e-94 5.10133e-95 5.00893e-96 4.91456e-97 4.81845e-98 4.72085e-99 4.62199e-100 4.52208e-101 4.42135e-102 4.32e-103 4.21823e-104
3.48854e-10 1.6526e-10 4.98857e-11 1.2025e-11 2.51576e-12 4.76372e-13 8.3684e-14 1.38583e-14 2.18757e-15 3.31809e-16 4.86544e-17 6.92948e-18 9.6215e-19 1.30635e-19 1.73869e-20 2.27318e-21 2.92448e-22 3.70778e-23 4.63859e-24 5.73253e-25 7.00516e-26 8.47171e-27 1.01469e-27 1.20449e-28 1.41786e-29 1.65601e-30 1.92002e-31 2.2108e-32 2.52914e-33 2.87564e-34 3.2507e-35 3.65457e-36 4.08728e-37 4.54867e-38 5.03839e-39 5.55588e-40 6.10039e-41 6.67099e-42 7.26654e-43 7.88577e-44 8.5272e-45 9.18923e-46 9.8701e-47 1.05679e-47 1.12808e-48 1.20065e-49 1.27429e-50 1.34877e-51 1.42388e-52 1.49937e-53 1.57502e-54 1.65057e-55 1.72581e-56 1.8005e-57 1.87441e-58 1.94732e-59 2.019e-60 2.08926e-61 2.15788e-62 2.22467e-63 2.28945e-64 2.35205e-65 2.41231e-66 2.47007e-67 2.52519e-68 2.57756e-69 2.62706e-70 2.67358e-71 2.71704e-72 2.75737e-73 2.79451e-74 2.8284e-75 2.859e-76 2.8863e-77 2.91028e-78 2.93094e-79 2.94828e-80 2.96234e-81 2.97312e-82 2.98069e-83 2.98507e-84 2.98634e-85 2.98454e-86 2.97977e-87 2.97208e-88 2.96157e-89 2.94832e-90 2.93243e-91 2.91399e-92 2.89311e-93 2.8699e-94 2.84445e-95 2.81688e-96 2.78731e-97 2.75583e-98 2.72257e-99 2.68764e-100 2.65115e-101 2.61321e-102 2.57394e-103 2.53344e-104
3.1714e-11 1.63726e-11 5.29673e-12 1.35532e-12 2.99035e-13 5.94281e-14 1.09153e-14 1.88413e-15 3.0921e-16 4.86544e-17 7.38706e-18 1.08754e-18 1.55862e-19 2.18139e-20 2.98923e-21 4.01939e-22 5.31294e-23 6.91457e-24 8.87232e-25 1.12373e-25 1.4063e-26 1.74055e-27 2.13221e-28 2.58713e-29 3.11121e-30 3.71031e-31 4.39022e-32 5.15658e-33 6.01479e-34 6.96997e-35 8.02692e-36 9.18999e-37 1.04631e-37 1.18496e-38 1.33524e-39 1.49736e-40 1.67149e-41 1.85772e-42 2.05606e-43 2.26648e-44 2.48885e-45 2.72297e-46 2.9686e-47 3.2254e-48 3.49296e-49 3.77083e-50 4.05847e-51 4.35529e-52 4.66064e-53 4.97384e-54 5.29413e-55 5.62073e-56 5.95282e-57 6.28952e-58 6.62996e-59 6.97322e-60 7.31838e-61 7.66451e-62 8.01066e-63 8.35589e-64 8.69925e-65 9.03982e-66 9.37667e-67 9.70891e-68 1.00357e-68 1.03561e-69 1.06693e-70 1.09746e-71 1.12712e-72 1.15584e-73 1.18355e-74 1.21019e-75 1.2357e-76 1.26002e-77 1.28312e-78 1.30494e-79 1.32544e-80 1.34459e-81 1.36237e-82 1.37874e-83 1.39369e-84 1.4072e-85 1.41927e-86 1.42988e-87 1.43904e-88 1.44675e-89 1.45302e-90 1.45785e-91 1.46127e-92 1.46329e-93 1.46394e-94 1.46323e-95 1.4612e-96 1.45788e-97 1.4533e-98 1.44749e-99 1.44051e-100 1.43237e-101 1.42313e-102 1.41283e-103 1.40151e-104
2.88309e-12 1.61105e-12 5.55979e-13 1.50462e-13 3.49031e-14 7.2605e-15 1.391e-15 2.49738e-16 4.25277e-17 6.92948e-18 1.08754e-18 1.65249e-19 2.44092e-20 3.51668e-21 4.95516e-22 6.84412e-23 9.28429e-24 1.23898e-24 1.62884e-25 2.11216e-26 2.70443e-27 3.42245e-28 4.28425e-29 5.30904e-30 6.51704e-31 7.92939e-32 9.56799e-33 1.14553e-33 1.36142e-34 1.60678e-35 1.88391e-36 2.19511e-37 2.5426e-38 2.92856e-39 3.35508e-40 3.82412e-41 4.33752e-42 4.89697e-43 5.50398e-44 6.15986e-45 6.86575e-46 7.62251e-47 8.43082e-48 9.29107e-49 1.02034e-49 1.11678e-50 1.21838e-51 1.32507e-52 1.43678e-53 1.55337e-54 1.67471e-55 1.80062e-56 1.93091e-57 2.06536e-58 2.20374e-59 2.34576e-60 2.49116e-61 2.63963e-62 2.79085e-63 2.94448e-64 3.10018e-65 3.25758e-66 3.41632e-67 3.57602e-68 3.7363e-69 3.89676e-70 4.05703e-71 4.2167e-72 4.37539e-73 4.53273e-74 4.68832e-75 4.84179e-76 4.99279e-77 5.14096e-78 5.28596e-79 5.42745e-80 5.56513e-81 5.69868e-82 5.82783e-83 5.9523e-84 6.07185e-85 6.18625e-86 6.29527e-87 6.39872e-88 6.49642e-89 6.58823e-90 6.67399e-91 6.7536e-92 6.82695e-93 6.89397e-94 6.95459e-95 7.00877e-96 7.0565e-97 7.09776e-98 7.13256e-99 7.16094e-100 7.18294e-101 7.19862e-102 7.20804e-103 7.21131e-104 7.20853e-105
2.62099e-13 1.57608e-13 5.77867e-14 1.64867e-14 4.01011e-15 8.7111e-16 1.73717e-16 3.23788e-17 5.71142e-18 9.6215e-19 1.55862e-19 2.44092e-20 3.71134e-21 5.49749e-22 7.9559e-23 1.12755e-23 1.56809e-24 2.14359e-25 2.88462e-26 3.82622e-27 5.0081e-28 6.47482e-29 8.2759e-30 1.04659e-30 1.31043e-31 1.62556e-32 1.99889e-33 2.4378e-34 2.95007e-35 3.54388e-36 4.22776e-37 5.01049e-38 5.90111e-39 6.90882e-40 8.04294e-41 9.31279e-42 1.07277e-42 1.22967e-43 1.40289e-44 1.5933e-45 1.80172e-46 2.02895e-47 2.27573e-48 2.54273e-49 2.83057e-50 3.13979e-51 3.47085e-52 3.82413e-53 4.19992e-54 4.59842e-55 5.01972e-56 5.46383e-57 5.93064e-58 6.41995e-59 6.93144e-60 7.46469e-61 8.01919e-62 8.59431e-63 9.18932e-64 9.80341e-65 1.04357e-65 1.1085e-66 1.17505e-67 1.24308e-68 1.31248e-69 1.3831e-70 1.45482e-71 1.52749e-72 1.60095e-73 1.67506e-74 1.74966e-75 1.82459e-76 1.89968e-77 1.97478e-78 2.04971e-79 2.12432e-80 2.19844e-81 2.27191e-82 2.34457e-83 2.41626e-84 2.48682e-85 2.55611e-86 2.62399e-87 2.6903e-88 2.75492e-89 2.81771e-90 2.87855e-91 2.93733e-92 2.99393e-93 3.04826e-94 3.10021e-95 3.14969e-96 3.19663e-97 3.24096e-98 3.28261e-99 3.32152e-100 3.35764e-101 3.39094e-102 3.42138e-103 3.44894e-104 3.47359e-105
2.38272e-14 1.53414e-14 5.95491e-15 1.78602e-15 4.54418e-16 1.02868e-16 2.13132e-17 4.11714e-18 7.51115e-19 1.30635e-19 2.18139e-20 3.51668e-21 5.49749e-22 8.36332e-23 1.24181e-23 1.80408e-24 2.56975e-25 3.59527e-26 4.94813e-27 6.70812e-28 8.96847e-29 1.1837e-29 1.5437e-30 1.99086e-31 2.54092e-32 3.21143e-33 4.02179e-34 4.99331e-35 6.14919e-36 7.51455e-37 9.11635e-38 1.09834e-38 1.31461e-39 1.56366e-40 1.84886e-41 2.1737e-42 2.54179e-43 2.95683e-44 3.42262e-45 3.94298e-46 4.52178e-47 5.16288e-48 5.87011e-49 6.64725e-50 7.49799e-51 8.42592e-52 9.43447e-53 1.05269e-53 1.17063e-54 1.29755e-55 1.43371e-56 1.57933e-57 1.73463e-58 1.89975e-59 2.07485e-60 2.26002e-61 2.45531e-62 2.66074e-63 2.8763e-64 3.10193e-65 3.33751e-66 3.58291e-67 3.83793e-68 4.10236e-69 4.37591e-70 4.65829e-71 4.94913e-72 5.24805e-73 5.55463e-74 5.86841e-75 6.18888e-76 6.51553e-77 6.8478e-78 7.18511e-79 7.52686e-80 7.87241e-81 8.22111e-82 8.57231e-83 8.92533e-84 9.27947e-85 9.63405e-86 9.98834e-87 1.03417e-87 1.06933e-88 1.10426e-89 1.13887e-90 1.17311e-91 1.20691e-92 1.24019e-93 1.2729e-94 1.30496e-95 1.33633e-96 1.36694e-97 1.39673e-98 1.42564e-99 1.45364e-100 1.48066e-101 1.50666e-102 1.53161e-103 1.55545e-104 1.57815e-105
2.16611e-15 1.48681e-15 6.09054e-16 1.91546e-16 5.08698e-17 1.19777e-17 2.57408e-18 5.14564e-19 9.6956e-20 1.73869e-20 2.98923e-21 4.95516e-22 7.9559e-23 1.24181e-23 1.89004e-24 2.81219e-25 4.0993e-26 5.86497e-27 8.24902e-28 1.14214e-28 1.55862e-29 2.09862e-30 2.79065e-31 3.66796e-32 4.76893e-33 6.13746e-34 7.82341e-35 9.88291e-36 1.23788e-36 1.53806e-37 1.89653e-38 2.3217e-39 2.82273e-40 3.40951e-41 4.09269e-42 4.88365e-43 5.79448e-44 6.83795e-45 8.02748e-46 9.37709e-47 1.09014e-47 1.26153e-48 1.45345e-49 1.66747e-50 1.90519e-51 2.16825e-52 2.45827e-53 2.77689e-54 3.12572e-55 3.50635e-56 3.92034e-57 4.36921e-58 4.85441e-59 5.37732e-60 5.93926e-61 6.54144e-62 7.18498e-63 7.8709e-64 8.60008e-65 9.37329e-66 1.01912e-66 1.10542e-67 1.19626e-68 1.29167e-69 1.39165e-70 1.49618e-71 1.60523e-72 1.71875e-73 1.83668e-74 1.95892e-75 2.08539e-76 2.21597e-77 2.35051e-78 2.48888e-79 2.6309e-80 2.7764e-81 2.92517e-82 3.07701e-83 3.23169e-84 3.38899e-85 3.54864e-86 3.7104e-87 3.87399e-88 4.03913e-89 4.20555e-90 4.37296e-91 4.54104e-92 4.70952e-93 4.87807e-94 5.04639e-95 5.21419e-96 5.38114e-97 5.54694e-98 5.71129e-99 5.87389e-100 6.03444e-101 6.19265e-102 6.34824e-103 6.50092e-104 6.65042e-105 6.79649e-106
1.96919e-16 1.43541e-16 6.18792e-17 2.03602e-17 5.6331e-18 1.37728e-18 3.0654e-19 6.3326e-20 1.23082e-20 2.27318e-21 4.01939e-22 6.84412e-23 1.12755e-23 1.80408e-24 2.81219e-25 4.2819e-26 6.38257e-27 9.3314e-28 1.3403e-28 1.894e-29 2.63647e-30 3.6192e-31 4.90424e-32 6.56568e-33 8.69115e-34 1.13833e-34 1.47616e-35 1.89637e-36 2.4147e-37 3.04904e-38 3.81959e-39 4.74897e-40 5.86235e-41 7.18763e-42 8.75545e-43 1.05994e-43 1.27558e-44 1.52643e-45 1.81673e-46 2.15101e-47 2.53413e-48 2.9712e-49 3.46763e-50 4.02909e-51 4.6615e-52 5.37103e-53 6.16403e-54 7.04704e-55 8.02678e-56 9.11009e-57 1.03039e-57 1.16151e-58 1.30509e-59 1.46181e-60 1.63238e-61 1.81747e-62 2.01775e-63 2.23389e-64 2.4665e-65 2.71619e-66 2.98352e-67 3.26904e-68 3.57325e-69 3.89658e-70 4.23945e-71 4.60221e-72 4.98516e-73 5.38854e-74 5.81253e-75 6.25725e-76 6.72275e-77 7.20903e-78 7.71598e-79 8.24348e-80 8.79127e-81 9.35908e-82 9.94654e-83 1.05532e-83 1.11786e-84 1.1822e-85 1.2483e-86 1.31607e-87 1.38544e-88 1.45632e-89 1.52862e-90 1.60225e-91 1.67711e-92 1.75308e-93 1.83006e-94 1.90794e-95 1.98658e-96 2.06588e-97 2.14569e-98 2.2259e-99 2.30638e-100 2.38698e-101 2.46757e-102 2.54803e-103 2.62821e-104 2.70798e-105 2.7872e-106
1.79017e-17 1.38106e-17 6.24965e-18 2.14696e-18 6.17741e-19 1.56593e-19 3.60462e-20 7.68578e-21 1.53915e-21 2.92448e-22 5.31294e-23 9.28429e-24 1.56809e-24 2.56975e-25 4.0993e-26 6.38257e-27 9.72164e-28 1.45141e-28 2.12756e-29 3.06654e-30 4.35164e-31 6.08679e-32 8.40025e-33 1.14487e-33 1.54216e-34 2.0546e-35 2.70919e-36 3.5377e-37 4.57732e-38 5.87115e-39 7.4689e-40 9.42743e-41 1.18114e-41 1.46938e-42 1.81566e-43 2.22914e-44 2.71999e-45 3.29943e-46 3.97978e-47 4.77451e-48 5.69828e-49 6.76692e-50 7.9975e-51 9.40832e-52 1.10189e-52 1.285e-53 1.49235e-54 1.72625e-55 1.98912e-56 2.28349e-57 2.61198e-58 2.97732e-59 3.38231e-60 3.82981e-61 4.32277e-62 4.86417e-63 5.45704e-64 6.10441e-65 6.80935e-66 7.5749e-67 8.40408e-68 9.29988e-69 1.02652e-69 1.1303e-70 1.24159e-71 1.36067e-72 1.48778e-73 1.62316e-74 1.76704e-75 1.91963e-76 2.0811e-77 2.25164e-78 2.43137e-79 2.62042e-80 2.81889e-81 3.02684e-82 3.24432e-83 3.47135e-84 3.70791e-85 3.95397e-86 4.20944e-87 4.47423e-88 4.74821e-89 5.03121e-90 5.32305e-91 5.62349e-92 5.93229e-93 6.24917e-94 6.57381e-95 6.90588e-96 7.24501e-97 7.59082e-98 7.94287e-99 8.30074e-100 8.66396e-101 9.03204e-102 9.40448e-103 9.78077e-104 1.01604e-104 1.05427e-105 1.09272e-106
1.62743e-18 1.32473e-18 6.27846e-19 2.24771e-19 6.71504e-20 1.76237e-20 4.19044e-21 9.21137e-22 1.89863e-22 3.70778e-23 6.91457e-24 1.23898e-24 2.14359e-25 3.59527e-26 5.86497e-27 9.3314e-28 1.45141e-28 2.21141e-29 3.30623e-30 4.8578e-31 7.02367e-32 1.00049e-32 1.40552e-33 1.94912e-34 2.67041e-35 3.61728e-36 4.8478e-37 6.43177e-38 8.4525e-39 1.10086e-39 1.42158e-40 1.82093e-41 2.31456e-42 2.92052e-43 3.65944e-44 4.55479e-45 5.63314e-46 6.92436e-47 8.46188e-48 1.02829e-48 1.24287e-49 1.49446e-50 1.78806e-51 2.12911e-52 2.52353e-53 2.97772e-54 3.4986e-55 4.09358e-56 4.77058e-57 5.53805e-58 6.40492e-59 7.38065e-60 8.47519e-61 9.69894e-62 1.10628e-62 1.25781e-63 1.42564e-64 1.61101e-65 1.81513e-66 2.03929e-67 2.28479e-68 2.55295e-69 2.84509e-70 3.16256e-71 3.5067e-72 3.87887e-73 4.2804e-74 4.7126e-75 5.17677e-76 5.67419e-77 6.20608e-78 6.77364e-79 7.37799e-80 8.02023e-81 8.70138e-82 9.42237e-83 1.01841e-83 1.09873e-84 1.18327e-85 1.27209e-86 1.36524e-87 1.46276e-88 1.56468e-89 1.67101e-90 1.78175e-91 1.89691e-92 2.01646e-93 2.14037e-94 2.2686e-95 2.40108e-96 2.53774e-97 2.6785e-98 2.82326e-99 2.97191e-100 3.12433e-101 3.28039e-102 3.43992e-103 3.60279e-104 3.76881e-105 3.9378e-106 4.10957e-107
1.47948e-19 1.26723e-19 6.27715e-20 2.33792e-20 7.2415e-21 1.96517e-21 4.82098e-22 1.09139e-22 2.31311e-23 4.63859e-24 8.87232e-25 1.62884e-25 2.88462e-26 4.94813e-27 8.24902e-28 1.3403e-28 2.12756e-29 3.30623e-30 5.03883e-31 7.54297e-32 1.11061e-32 1.61031e-33 2.30168e-34 3.24626e-35 4.52164e-36 6.22467e-37 8.47512e-38 1.14198e-38 1.52373e-39 2.01427e-40 2.63938e-41 3.42967e-42 4.42125e-43 5.65647e-44 7.18466e-45 9.06294e-46 1.1357e-46 1.41422e-47 1.75041e-48 2.15396e-49 2.63582e-50 3.20824e-51 3.88488e-52 4.68094e-53 5.6132e-54 6.70017e-55 7.96212e-56 9.42116e-57 1.11014e-57 1.30288e-58 1.52316e-59 1.77399e-60 2.05862e-61 2.38048e-62 2.74326e-63 3.15083e-64 3.60729e-65 4.11695e-66 4.68434e-67 5.31416e-68 6.01133e-69 6.78094e-70 7.62823e-71 8.55864e-72 9.57771e-73 1.06911e-73 1.19047e-74 1.32243e-75 1.46558e-76 1.62052e-77 1.78786e-78 1.96819e-79 2.16211e-80 2.37021e-81 2.59307e-82 2.83126e-83 3.08533e-84 3.35583e-85 3.64327e-86 3.94815e-87 4.27093e-88 4.61206e-89 4.97194e-90 5.35096e-91 5.74943e-92 6.16767e-93 6.60592e-94 7.06441e-95 7.54329e-96 8.04268e-97 8.56265e-98 9.10322e-99 9.66434e-100 1.02459e-100 1.08478e-101 1.14699e-102 1.21118e-103 1.27732e-104 1.34538e-105 1.41532e-106 1.48708e-107
1.34498e-20 1.20924e-20 6.24852e-21 2.41738e-21 7.75266e-22 2.17285e-22 5.49381e-23 1.2796e-23 2.78615e-24 5.73253e-25 1.12373e-25 2.11216e-26 3.82622e-27 6.70812e-28 1.14214e-28 1.894e-29 3.06654e-30 4.8578e-31 7.54297e-32 1.14986e-32 1.72326e-33 2.5421e-34 3.69528e-35 5.2983e-36 7.49962e-37 1.04882e-37 1.4502e-38 1.98382e-39 2.68648e-40 3.60333e-41 4.78938e-42 6.31115e-43 8.24848e-44 1.06966e-44 1.37681e-45 1.75959e-46 2.23353e-47 2.81669e-48 3.52999e-49 4.39746e-50 5.44665e-51 6.70894e-52 8.21987e-53 1.00196e-53 1.21531e-54 1.46709e-55 1.76289e-56 2.10895e-57 2.51213e-58 2.98e-59 3.52081e-60 4.14363e-61 4.85826e-62 5.67537e-63 6.60644e-64 7.66386e-65 8.86087e-66 1.02117e-66 1.17313e-67 1.34359e-68 1.53423e-69 1.74685e-70 1.98332e-71 2.24561e-72 2.53578e-73 2.85599e-74 3.20844e-75 3.59544e-76 4.01937e-77 4.48266e-78 4.98782e-79 5.53741e-80 6.13402e-81 6.7803e-82 7.4789e-83 8.23253e-84 9.04388e-85 9.91564e-86 1.08505e-86 1.18511e-87 1.29202e-88 1.40602e-89 1.52737e-90 1.65632e-91 1.79311e-92 1.93795e-93 2.09108e-94 2.2527e-95 2.42299e-96 2.60214e-97 2.79032e-98 2.98766e-99 3.19431e-100 3.41036e-101 3.63591e-102 3.87104e-103 4.11579e-104 4.3702e-105 4.63426e-106 4.90796e-107 5.19126e-108
1.22271e-21 1.15131e-21 6.19534e-22 2.48604e-22 8.24484e-23 2.38391e-23 6.20602e-24 1.48586e-24 3.32092e-25 7.00516e-26 1.4063e-26 2.70443e-27 5.0081e-28 8.96847e-29 1.55862e-29 2.63647e-30 4.35164e-31 7.02367e-32 1.11061e-32 1.72326e-33 2.62753e-34 3.94184e-35 5.82491e-36 8.48695e-37 1.22032e-37 1.73305e-38 2.43262e-39 3.3772e-40 4.64002e-41 6.31253e-42 8.50803e-43 1.13658e-43 1.50557e-44 1.97838e-45 2.57977e-46 3.33941e-47 4.2925e-48 5.48067e-49 6.95282e-50 8.76607e-51 1.09868e-51 1.36918e-52 1.69693e-53 2.09206e-54 2.56607e-55 3.13205e-56 3.80478e-57 4.60086e-58 5.53891e-59 6.63971e-60 7.92635e-61 9.42437e-62 1.1162e-62 1.31702e-63 1.54829e-64 1.81372e-65 2.11734e-66 2.46352e-67 2.85698e-68 3.30279e-69 3.80643e-70 4.37373e-71 5.01093e-72 5.72466e-73 6.52196e-74 7.41025e-75 8.39739e-76 9.49161e-77 1.07016e-77 1.20363e-78 1.35051e-79 1.51179e-80 1.68848e-81 1.88162e-82 2.09229e-83 2.3216e-84 2.57067e-85 2.84068e-86 3.13279e-87 3.4482e-88 3.78812e-89 4.15376e-90 4.54634e-91 4.9671e-92 5.41725e-93 5.898e-94 6.41056e-95 6.9561e-96 7.53579e-97 8.15076e-98 8.8021e-99 9.49088e-100 1.02181e-100 1.09848e-101 1.17918e-102 1.264e-103 1.35302e-104 1.44631e-105 1.54394e-106 1.64596e-107 1.75242e-108
1.11156e-22 1.09393e-22 6.1203e-23 2.54398e-23 8.71474e-24 2.59686e-24 6.95426e-25 1.71006e-25 3.92019e-26 8.47171e-27 1.74055e-27 3.42245e-28 6.47482e-29 1.1837e-29 2.09862e-30 3.6192e-31 6.08679e-32 1.00049e-32 1.61031e-33 2.5421e-34 3.94184e-35 6.01148e-36 9.02687e-37 1.33601e-37 1.95071e-38 2.81221e-39 4.0059e-40 5.64213e-41 7.86223e-42 1.08456e-42 1.48182e-43 2.00621e-44 2.6927e-45 3.58434e-46 4.73372e-47 6.20471e-48 8.07436e-49 1.04351e-49 1.3397e-50 1.70906e-51 2.16699e-52 2.73154e-53 3.42377e-54 4.26813e-55 5.2929e-56 6.53058e-57 8.01841e-58 9.79885e-59 1.19201e-59 1.44368e-60 1.74102e-61 2.09093e-62 2.50112e-63 2.98017e-64 3.53761e-65 4.18396e-66 4.93085e-67 5.79102e-68 6.77844e-69 7.90836e-70 9.19736e-71 1.06634e-71 1.2326e-72 1.42061e-73 1.63261e-74 1.87104e-75 2.13847e-76 2.43765e-77 2.7715e-78 3.14314e-79 3.55582e-80 4.01301e-81 4.51834e-82 5.07561e-83 5.6888e-84 6.36206e-85 7.09971e-86 7.90623e-87 8.78624e-88 9.74453e-89 1.0786e-89 1.19157e-90 1.31388e-91 1.44606e-92 1.58864e-93 1.74217e-94 1.9072e-95 2.08427e-96 2.27396e-97 2.47682e-98 2.6934e-99 2.92427e-100 3.16997e-101 3.43105e-102 3.70804e-103 4.00148e-104 4.31186e-105 4.63969e-106 4.98544e-107 5.34957e-108 5.73252e-109
1.01051e-23 1.03746e-23 6.02599e-24 2.59138e-24 9.15953e-25 2.81022e-25 7.7348e-26 1.95194e-26 4.58628e-27 1.01469e-27 2.13221e-28 4.28425e-29 8.2759e-30 1.5437e-30 2.79065e-31 4.90424e-32 8.40025e-33 1.40552e-33 2.30168e-34 3.69528e-35 5.82491e-36 9.02687e-37 1.37689e-37 2.06929e-38 3.06702e-39 4.4869e-40 6.48402e-41 9.26212e-42 1.30864e-42 1.82988e-43 2.53369e-44 3.47552e-45 4.72522e-46 6.36998e-47 8.518e-48 1.13026e-48 1.48868e-49 1.9469e-50 2.52892e-51 3.26356e-52 4.18528e-53 5.33505e-54 6.76132e-55 8.52112e-56 1.06812e-56 1.33195e-57 1.65261e-58 2.04056e-59 2.50778e-60 3.06803e-61 3.73698e-62 4.53246e-63 5.47465e-64 6.5863e-65 7.89297e-66 9.42331e-67 1.12093e-67 1.32864e-68 1.56941e-69 1.84758e-70 2.16796e-71 2.53581e-72 2.95689e-73 3.43748e-74 3.98445e-75 4.6052e-76 5.30779e-77 6.10088e-78 6.99381e-79 7.9966e-80 9.11996e-81 1.03753e-81 1.17749e-82 1.33317e-83 1.50593e-84 1.69722e-85 1.90857e-86 2.14159e-87 2.39796e-88 2.67944e-89 2.98787e-90 3.32517e-91 3.69331e-92 4.09435e-93 4.53043e-94 5.00374e-95 5.51652e-96 6.07109e-97 6.66982e-98 7.31512e-99 8.00943e-100 8.75526e-101 9.55513e-102 1.04116e-102 1.13272e-103 1.23045e-104 1.3346e-105 1.44544e-106 1.56322e-107 1.6882e-108 1.82061e-109
9.18642e-25 9.82223e-25 5.91486e-25 2.62851e-25 9.57681e-26 3.02256e-26 8.54358e-27 2.21103e-27 5.32098e-28 1.20449e-28 2.58713e-29 5.30904e-30 1.04659e-30 1.99086e-31 3.66796e-32 6.56568e-33 1.14487e-33 1.94912e-34 3.24626e-35 5.2983e-36 8.48695e-37 1.33601e-37 2.06929e-38 3.15685e-39 4.74806e-40 7.04665e-41 1.03274e-41 1.49572e-42 2.1421e-43 3.0354e-44 4.25809e-45 5.91633e-46 8.14572e-47 1.11181e-47 1.50497e-48 2.02107e-49 2.69363e-50 3.564e-51 4.68284e-52 6.11186e-53 7.92584e-54 1.02148e-54 1.30867e-55 1.66701e-56 2.11175e-57 2.66091e-58 3.33564e-59 4.16069e-60 5.16488e-61 6.38163e-62 7.84953e-63 9.61296e-64 1.17228e-64 1.42371e-65 1.72218e-66 2.07518e-67 2.49114e-68 2.97959e-69 3.55116e-70 4.21778e-71 4.99271e-72 5.89072e-73 6.92811e-74 8.12294e-75 9.49502e-76 1.10662e-76 1.28602e-77 1.49032e-78 1.72234e-79 1.98516e-80 2.28212e-81 2.6168e-82 2.99309e-83 3.41514e-84 3.88741e-85 4.41468e-86 5.00204e-87 5.65489e-88 6.37897e-89 7.18039e-90 8.06555e-91 9.04123e-92 1.01146e-92 1.1293e-93 1.25844e-94 1.39969e-95 1.5539e-96 1.72195e-97 1.90478e-98 2.10331e-99 2.31854e-100 2.55147e-101 2.80314e-102 3.07461e-103 3.36698e-104 3.68135e-105 4.01885e-106 4.38063e-107 4.76784e-108 5.18168e-109 5.6233e-110
8.35129e-26 9.28452e-26 5.78924e-26 2.65573e-26 9.96456e-27 3.2325e-27 9.37631e-28 2.4867e-28 6.12556e-29 1.41786e-29 3.11121e-30 6.51704e-31 1.31043e-31 2.54092e-32 4.76893e-33 8.69115e-34 1.54216e-34 2.67041e-35 4.52164e-36 7.49962e-37 1.22032e-37 1.95071e-38 3.06702e-39 4.74806e-40 7.24456e-41 1.0904e-41 1.62024e-42 2.37853e-43 3.4519e-44 4.95552e-45 7.04115e-46 9.90697e-47 1.38097e-47 1.90795e-48 2.61372e-49 3.55161e-50 4.78869e-51 6.40879e-52 8.51597e-53 1.12387e-53 1.47345e-54 1.91957e-55 2.48555e-56 3.19954e-57 4.09536e-58 5.21339e-59 6.60167e-60 8.31707e-61 1.04266e-61 1.30089e-62 1.61558e-63 1.99742e-64 2.4588e-65 3.01402e-66 3.67954e-67 4.4742e-68 5.41955e-69 6.54006e-70 7.86351e-71 9.42131e-72 1.12488e-72 1.33858e-73 1.58766e-74 1.87711e-75 2.21243e-76 2.59975e-77 3.04587e-78 3.55826e-79 4.14515e-80 4.81559e-81 5.57946e-82 6.44755e-83 7.43162e-84 8.54443e-85 9.79982e-86 1.12127e-86 1.27993e-87 1.45768e-88 1.65639e-89 1.87804e-90 2.12477e-91 2.39885e-92 2.70267e-93 3.03881e-94 3.40996e-95 3.81899e-96 4.26891e-97 4.76289e-98 5.30426e-99 5.8965e-100 6.54325e-101 7.24831e-102 8.01564e-103 8.84932e-104 9.75362e-105 1.07329e-105 1.17918e-106 1.29348e-107 1.41669e-108 1.54929e-109 1.69178e-110
7.59208e-27 8.7634e-27 5.65132e-27 2.67347e-27 1.03212e-27 3.43872e-28 1.02285e-28 2.77817e-29 7.00073e-30 1.65601e-30 3.71031e-31 7.92939e-32 1.62556e-32 3.21143e-33 6.13746e-34 1.13833e-34 2.0546e-35 3.61728e-36 6.22467e-37 1.04882e-37 1.73305e-38 2.81221e-39 4.4869e-40 7.04665e-41 1.0904e-41 1.66395e-42 2.50611e-43 3.72806e-44 5.48124e-45 7.96994e-46 1.14672e-46 1.63346e-47 2.30472e-48 3.22239e-49 4.46651e-50 6.13977e-51 8.37309e-52 1.13322e-52 1.52254e-53 2.03132e-54 2.69192e-55 3.54429e-56 4.63751e-57 6.03154e-58 7.79922e-59 1.00286e-59 1.28258e-60 1.63176e-61 2.06553e-62 2.60186e-63 3.26195e-64 4.07076e-65 5.05757e-66 6.25651e-67 7.70731e-68 9.45598e-69 1.15556e-69 1.40673e-70 1.7061e-71 2.06167e-72 2.48255e-73 2.97907e-74 3.56292e-75 4.24728e-76 5.04697e-77 5.97862e-78 7.0608e-79 8.31422e-80 9.76191e-81 1.14294e-81 1.33448e-82 1.55394e-83 1.80474e-84 2.09062e-85 2.4157e-86 2.78447e-87 3.20181e-88 3.67303e-89 4.20389e-90 4.80061e-91 5.4699e-92 6.21901e-93 7.05569e-94 7.98828e-95 9.02567e-96 1.01774e-96 1.14535e-97 1.28649e-98 1.44229e-99 1.61395e-100 1.80276e-101 2.01006e-102 2.23727e-103 2.48586e-104 2.75741e-105 3.05352e-106 3.37591e-107 3.72634e-108 4.10666e-109 4.51876e-110 4.96462e-111
6.90189e-28 8.2603e-28 5.50312e-28 2.68218e-28 1.06456e-28 3.64e-29 1.10955e-29 3.08447e-30 7.94662e-31 1.92002e-31 4.39022e-32 9.56799e-33 1.99889e-33 4.02179e-34 7.82341e-35 1.47616e-35 2.70919e-36 4.8478e-37 8.47512e-38 1.4502e-38 2.43262e-39 4.0059e-40 6.48402e-41 1.03274e-41 1.62024e-42 2.50611e-43 3.82481e-44 5.76415e-45 8.58361e-46 1.26382e-46 1.84091e-47 2.65423e-48 3.7898e-49 5.36118e-50 7.51716e-51 1.04512e-51 1.44129e-52 1.97224e-53 2.67873e-54 3.6123e-55 4.83781e-56 6.43628e-57 8.50842e-58 1.11787e-58 1.46002e-59 1.89601e-60 2.4486e-61 3.14538e-62 4.01961e-63 5.11116e-64 6.46771e-65 8.14594e-66 1.0213e-66 1.27482e-67 1.58445e-68 1.9611e-69 2.41749e-70 2.96838e-71 3.6309e-72 4.42478e-73 5.37274e-74 6.50082e-75 7.83876e-76 9.42045e-77 1.12844e-77 1.34742e-78 1.6039e-79 1.90342e-80 2.25219e-81 2.65719e-82 3.12617e-83 3.66779e-84 4.29165e-85 5.0084e-86 5.8298e-87 6.76882e-88 7.83969e-89 9.05807e-90 1.0441e-90 1.20073e-91 1.37773e-92 1.57729e-93 1.80184e-94 2.05396e-95 2.33645e-96 2.65235e-97 3.00489e-98 3.39757e-99 3.83411e-100 4.31852e-101 4.85504e-102 5.44821e-103 6.10284e-104 6.82404e-105 7.61721e-106 8.48806e-107 9.44259e-108 1.04872e-108 1.16284e-109 1.28733e-110 1.42291e-111
6.27445e-29 7.77624e-29 5.34651e-29 2.68239e-29 1.09368e-29 3.83519e-30 1.19726e-30 3.40454e-31 8.9628e-32 2.2108e-32 5.15658e-33 1.14553e-33 2.4378e-34 4.99331e-35 9.88291e-36 1.89637e-36 3.5377e-37 6.43177e-38 1.14198e-38 1.98382e-39 3.3772e-40 5.64213e-41 9.26212e-42 1.49572e-42 2.37853e-43 3.72806e-44 5.76415e-45 8.79824e-46 1.32668e-46 1.97753e-47 2.91552e-48 4.25384e-49 6.14516e-50 8.79369e-51 1.24704e-51 1.7532e-52 2.44448e-53 3.38137e-54 4.64186e-55 6.32577e-56 8.56014e-57 1.15056e-57 1.53641e-58 2.03882e-59 2.68916e-60 3.52626e-61 4.5979e-62 5.96254e-63 7.69144e-64 9.87105e-65 1.26057e-65 1.60209e-66 2.02667e-67 2.55221e-68 3.19998e-69 3.99511e-70 4.96721e-71 6.15105e-72 7.58729e-73 9.32332e-74 1.14142e-74 1.39236e-75 1.69251e-76 2.05033e-77 2.47552e-78 2.97914e-79 3.57385e-80 4.274e-81 5.09585e-82 6.05778e-83 7.1805e-84 8.4873e-85 1.00043e-85 1.17606e-86 1.37887e-87 1.61249e-88 1.88093e-89 2.18864e-90 2.54051e-91 2.94197e-92 3.39896e-93 3.91799e-94 4.50621e-95 5.1714e-96 5.92206e-97 6.76743e-98 7.71751e-99 8.78317e-100 9.97613e-101 1.1309e-101 1.27955e-102 1.44501e-103 1.62885e-104 1.83276e-105 2.05852e-106 2.30805e-107 2.58337e-108 2.88664e-109 3.22016e-110 3.58633e-111 3.98773e-112
5.70404e-30 7.31193e-30 5.18321e-30 2.67461e-30 1.11944e-30 4.02325e-31 1.28551e-31 3.73717e-32 1.00482e-32 2.52914e-33 6.01479e-34 1.36142e-34 2.95007e-35 6.14919e-36 1.23788e-36 2.4147e-37 4.57732e-38 8.4525e-39 1.52373e-39 2.68648e-40 4.64002e-41 7.86223e-42 1.30864e-42 2.1421e-43 3.4519e-44 5.48124e-45 8.58361e-46 1.32668e-46 2.02523e-47 3.05544e-48 4.5585e-49 6.72907e-50 9.83316e-51 1.42311e-51 2.04069e-52 2.90059e-53 4.08815e-54 5.71548e-55 7.92875e-56 1.09173e-56 1.49249e-57 2.02633e-58 2.73288e-59 3.66225e-60 4.8774e-61 6.4571e-62 8.49927e-63 1.11251e-63 1.44838e-64 1.87584e-65 2.41719e-66 3.09953e-67 3.95564e-68 5.02497e-69 6.35485e-70 8.00182e-71 1.00331e-71 1.25285e-72 1.5582e-73 1.93046e-74 2.38261e-75 2.92984e-76 3.58983e-77 4.38311e-78 5.33345e-79 6.46825e-80 7.81906e-81 9.42204e-82 1.13185e-82 1.35557e-83 1.61871e-84 1.92735e-85 2.28837e-86 2.70953e-87 3.19954e-88 3.76819e-89 4.42645e-90 5.18655e-91 6.06211e-92 7.0683e-93 8.22191e-94 9.54153e-95 1.10477e-95 1.27629e-96 1.47122e-97 1.69226e-98 1.9424e-99 2.2249e-100 2.5433e-101 2.90147e-102 3.30359e-103 3.75421e-104 4.25823e-105 4.82095e-106 5.44808e-107 6.14576e-108 6.92057e-109 7.77957e-110 8.73031e-111 9.78084e-112 1.09397e-112
5.18549e-31 6.86778e-31 5.0148e-31 2.65942e-31 1.14182e-31 4.20322e-32 1.37383e-32 4.08104e-33 1.12013e-33 2.87564e-34 6.96997e-35 1.60678e-35 3.54388e-36 7.51455e-37 1.53806e-37 3.04904e-38 5.87115e-39 1.10086e-39 2.01427e-40 3.60333e-41 6.31253e-42 1.08456e-42 1.82988e-43 3.0354e-44 4.95552e-45 7.96994e-46 1.26382e-46 1.97753e-47 3.05544e-48 4.66472e-49 7.04107e-50 1.05136e-50 1.55379e-51 2.27384e-52 3.29647e-53 4.73626e-54 6.74661e-55 9.53135e-56 1.33593e-56 1.85829e-57 2.56606e-58 3.51856e-59 4.79201e-60 6.48386e-61 8.7179e-62 1.16505e-62 1.54784e-63 2.04473e-64 2.68632e-65 3.51046e-66 4.56384e-67 5.90371e-68 7.59997e-69 9.73767e-70 1.24198e-70 1.57704e-71 1.99388e-72 2.51035e-73 3.14773e-74 3.93129e-75 4.89096e-76 6.06203e-77 7.48597e-78 9.21139e-79 1.1295e-79 1.3803e-80 1.68119e-81 2.04105e-82 2.47011e-83 2.98013e-84 3.58463e-85 4.29904e-86 5.14098e-87 6.13048e-88 7.29028e-89 8.64611e-90 1.0227e-90 1.20657e-91 1.4199e-92 1.6668e-93 1.95188e-94 2.28028e-95 2.65771e-96 3.09053e-97 3.58577e-98 4.15122e-99 4.79546e-100 5.52794e-101 6.35906e-102 7.30021e-103 8.36386e-104 9.56362e-105 1.09143e-105 1.24322e-106 1.41347e-107 1.60409e-108 1.81714e-109 2.05484e-110 2.31958e-111 2.61395e-112 2.94071e-113
4.71408e-32 6.44395e-32 4.8427e-32 2.63737e-32 1.16082e-32 4.37427e-33 1.46175e-33 4.43474e-34 1.24199e-34 3.2507e-35 8.02692e-36 1.88391e-36 4.22776e-37 9.11635e-38 1.89653e-38 3.81959e-39 7.4689e-40 1.42158e-40 2.63938e-41 4.78938e-42 8.50803e-43 1.48182e-43 2.53369e-44 4.25809e-45 7.04115e-46 1.14672e-46 1.84091e-47 2.91552e-48 4.5585e-49 7.04107e-50 1.07506e-50 1.62347e-51 2.42606e-52 3.58933e-53 5.25986e-54 7.63771e-55 1.09938e-55 1.56923e-56 2.2219e-57 3.12177e-58 4.35355e-59 6.02799e-60 8.28903e-61 1.13225e-61 1.53672e-62 2.07278e-63 2.77912e-64 3.70463e-65 4.91075e-66 6.4743e-67 8.4909e-68 1.1079e-68 1.43846e-69 1.85872e-70 2.39058e-71 3.06075e-72 3.9016e-73 4.9522e-74 6.25961e-75 7.88019e-76 9.88129e-77 1.23431e-77 1.53605e-78 1.9046e-79 2.35319e-80 2.89737e-81 3.55532e-82 4.34828e-83 5.30095e-84 6.44199e-85 7.80455e-86 9.42687e-87 1.13529e-87 1.36332e-88 1.63254e-89 1.94953e-90 2.32181e-91 2.75787e-92 3.26736e-93 3.86118e-94 4.5516e-95 5.35243e-96 6.27916e-97 7.34913e-98 8.58171e-99 9.99849e-100 1.16235e-100 1.34833e-101 1.56075e-102 1.80287e-103 2.07829e-104 2.39096e-105 2.74524e-106 3.1459e-107 3.59815e-108 4.10772e-109 4.68081e-110 5.3242e-111 6.04524e-112 6.85192e-113 7.75287e-114
4.28553e-33 6.04042e-33 4.6682e-33 2.60902e-33 1.1765e-33 4.53566e-34 1.54883e-34 4.79678e-35 1.37013e-35 3.65457e-36 9.18999e-37 2.19511e-37 5.01049e-38 1.09834e-38 2.3217e-39 4.74897e-40 9.42743e-41 1.82093e-41 3.42967e-42 6.31115e-43 1.13658e-43 2.00621e-44 3.47552e-45 5.91633e-46 9.90697e-47 1.63346e-47 2.65423e-48 4.25384e-49 6.72907e-50 1.05136e-50 1.62347e-51 2.47899e-52 3.74519e-53 5.60085e-54 8.29491e-55 1.21711e-55 1.77002e-56 2.55221e-57 3.65002e-58 5.17905e-59 7.29315e-60 1.01956e-60 1.41533e-61 1.95146e-62 2.67315e-63 3.63868e-64 4.92283e-65 6.62099e-66 8.85423e-67 1.17754e-67 1.55768e-68 2.04985e-69 2.68398e-70 3.49714e-71 4.53507e-72 5.854e-73 7.52271e-74 9.62504e-75 1.22628e-75 1.5559e-76 1.96621e-77 2.47502e-78 3.10362e-79 3.87743e-80 4.82662e-81 5.98696e-82 7.40063e-83 9.11732e-84 1.11953e-84 1.37027e-85 1.67191e-86 2.03369e-87 2.46633e-88 2.98224e-89 3.59571e-90 4.32319e-91 5.18357e-92 6.19844e-93 7.39246e-94 8.79371e-95 1.04341e-95 1.23497e-96 1.45816e-97 1.71756e-98 2.01839e-99 2.36646e-100 2.76831e-101 3.23124e-102 3.76341e-103 4.37389e-104 5.07278e-105 5.87125e-106 6.78171e-107 7.81784e-108 8.99472e-109 1.0329e-109 1.18388e-110 1.35443e-111 1.54673e-112 1.76317e-113 2.00636e-114
3.89594e-34 5.657e-34 4.49245e-34 2.57495e-34 1.18889e-34 4.68676e-35 1.63464e-35 5.16562e-36 1.50423e-36 4.08728e-37 1.04631e-37 2.5426e-38 5.90111e-39 1.31461e-39 2.82273e-40 5.86235e-41 1.18114e-41 2.31456e-42 4.42125e-43 8.24848e-44 1.50557e-44 2.6927e-45 4.72522e-46 8.14572e-47 1.38097e-47 2.30472e-48 3.7898e-49 6.14516e-50 9.83316e-51 1.55379e-51 2.42606e-52 3.74519e-53 5.71926e-54 8.64401e-55 1.2936e-55 1.91768e-56 2.81721e-57 4.1029e-58 5.92573e-59 8.49011e-60 1.20709e-60 1.70349e-61 2.38693e-62 3.32158e-63 4.59157e-64 6.30649e-65 8.6083e-66 1.16799e-66 1.57557e-67 2.11346e-68 2.81955e-69 3.74172e-70 4.94009e-71 6.48988e-72 8.48477e-73 1.10409e-73 1.43016e-74 1.84433e-75 2.36818e-76 3.02808e-77 3.85603e-78 4.89083e-79 6.17925e-80 7.77758e-81 9.7532e-82 1.21867e-82 1.51738e-83 1.88283e-84 2.32847e-85 2.87016e-86 3.52656e-87 4.31952e-88 5.27461e-89 6.42162e-90 7.79518e-91 9.43543e-92 1.13888e-92 1.37089e-93 1.64572e-94 1.97044e-95 2.35314e-96 2.80307e-97 3.33074e-98 3.94812e-99 4.66878e-100 5.50805e-101 6.48327e-102 7.61397e-103 8.92208e-104 1.04322e-104 1.2172e-105 1.41721e-106 1.6467e-107 1.90947e-108 2.20978e-109 2.55234e-110 2.94233e-111 3.38551e-112 3.88822e-113 4.45743e-114 5.1008e-115
