0.984966 0.00178004 0.00134852 0.0010216 0.000773942 0.00058632 0.000444182 0.000336501 0.000254925 0.000193125 0.000146307 0.000110839 8.39686e-05 6.36126e-05 4.81914e-05 3.65086e-05 2.7658e-05 2.09531e-05 1.58735e-05 1.20254e-05 9.11015e-06 6.90163e-06 5.22851e-06 3.96099e-06 3.00075e-06 2.2733e-06 1.72219e-06 1.30469e-06 9.88403e-07 7.48791e-07 5.67266e-07 4.29747e-07 3.25566e-07 2.46641e-07 1.86849e-07 1.41552e-07 1.07237e-07 8.12398e-08 6.15453e-08 4.66252e-08 3.53221e-08 2.67592e-08 2.02721e-08 1.53577e-08 1.16346e-08 8.81409e-09 6.67734e-09 5.05859e-09 3.83227e-09 2.90323e-09 2.19942e-09 1.66623e-09 1.26229e-09 9.56282e-10 7.24456e-10 5.4883e-10 4.15781e-10 3.14985e-10 2.38625e-10 1.80777e-10 1.36952e-10 1.03752e-10 7.85996e-11 5.95452e-11 4.511e-11 3.41742e-11 2.58896e-11 1.96133e-11 1.48586e-11 1.12565e-11 8.52765e-12 6.46034e-12 4.8942e-12 3.70772e-12 2.80888e-12 2.12794e-12 1.61208e-12 1.22127e-12 9.25204e-13 7.00912e-13 5.30994e-13 4.02268e-13 3.04749e-13 2.3087e-13 1.74902e-13 1.32501e-13 1.0038e-13 7.60453e-14 5.76101e-14 4.3644e-14 3.30636e-14 2.50482e-14 1.89759e-14 1.43757e-14 1.08907e-14 8.25051e-15 6.25039e-15 4.73514e-15 3.58723e-15 2.7176e-15 2.05879e-15
0.00178004 2.00889e-05 1.52689e-05 1.16053e-05 8.82057e-06 6.704e-06 5.09527e-06 3.87254e-06 2.9432e-06 2.23686e-06 1.70002e-06 1.292e-06 9.81906e-07 7.46228e-07 5.67112e-07 4.30985e-07 3.2753e-07 2.48906e-07 1.89154e-07 1.43745e-07 1.09235e-07 8.30102e-08 6.30805e-08 4.79352e-08 3.64259e-08 2.76797e-08 2.10333e-08 1.59828e-08 1.21448e-08 9.2284e-09 7.01226e-09 5.32826e-09 4.04864e-09 3.0763e-09 2.33746e-09 1.77606e-09 1.34948e-09 1.02534e-09 7.79059e-10 5.91926e-10 4.49739e-10 3.41704e-10 2.59619e-10 1.97251e-10 1.49864e-10 1.1386e-10 8.65055e-11 6.57222e-11 4.99317e-11 3.79347e-11 2.882e-11 2.18952e-11 1.66341e-11 1.26371e-11 9.6004e-12 7.29339e-12 5.54072e-12 4.2092e-12 3.19764e-12 2.42916e-12 1.84536e-12 1.40185e-12 1.06492e-12 8.08967e-13 6.14527e-13 4.66819e-13 3.54611e-13 2.69372e-13 2.04621e-13 1.55434e-13 1.18069e-13 8.9686e-14 6.81255e-14 5.17478e-14 3.93071e-14 2.9857e-14 2.26788e-14 1.72262e-14 1.30845e-14 9.93848e-15 7.54885e-15 5.73375e-15 4.35506e-15 3.30785e-15 2.51244e-15 1.90828e-15 1.44939e-15 1.10084e-15 8.36109e-16 6.35035e-16 4.82314e-16 3.66318e-16 2.78218e-16 2.11304e-16 1.60483e-16 1.21884e-16 9.25684e-17 7.03033e-17 5.33931e-17 4.05502e-17 3.07962e-17
0.00134852 1.52689e-05 1.16058e-05 8.82143e-06 6.70498e-06 5.09626e-06 3.87347e-06 2.94405e-06 2.23761e-06 1.70067e-06 1.29256e-06 9.82377e-07 7.46622e-07 5.67438e-07 4.31253e-07 3.27748e-07 2.49084e-07 1.89298e-07 1.43861e-07 1.09329e-07 8.30848e-08 6.31401e-08 4.79827e-08 3.64636e-08 2.77096e-08 2.10571e-08 1.60015e-08 1.21596e-08 9.24005e-09 7.02142e-09 5.33546e-09 4.05429e-09 3.08073e-09 2.34093e-09 1.77877e-09 1.3516e-09 1.027e-09 7.80354e-10 5.92936e-10 4.50526e-10 3.42317e-10 2.60096e-10 1.97622e-10 1.50152e-10 1.14084e-10 8.66794e-11 6.58571e-11 5.00363e-11 3.80159e-11 2.88829e-11 2.19439e-11 1.66718e-11 1.26662e-11 9.62297e-12 7.31084e-12 5.55421e-12 4.21963e-12 3.2057e-12 2.43538e-12 1.85016e-12 1.40555e-12 1.06778e-12 8.11172e-13 6.16228e-13 4.6813e-13 3.55622e-13 2.70151e-13 2.05221e-13 1.55896e-13 1.18425e-13 8.99599e-14 6.83363e-14 5.191e-14 3.94319e-14 2.9953e-14 2.27526e-14 1.7283e-14 1.31281e-14 9.97203e-15 7.57464e-15 5.75357e-15 4.37028e-15 3.31954e-15 2.52142e-15 1.91517e-15 1.45468e-15 1.10491e-15 8.39229e-16 6.3743e-16 4.84151e-16 3.67729e-16 2.793e-16 2.12134e-16 1.6112e-16 1.22372e-16 9.29428e-17 7.05903e-17 5.36132e-17 4.07188e-17 3.09255e-17 2.34874e-17
0.0010216 1.16053e-05 8.82143e-06 6.7053e-06 5.09675e-06 3.87403e-06 2.94462e-06 2.23815e-06 1.70116e-06 1.293e-06 9.82754e-07 7.46943e-07 5.67709e-07 4.31479e-07 3.27936e-07 2.49238e-07 1.89424e-07 1.43963e-07 1.09411e-07 8.31516e-08 6.31937e-08 4.80256e-08 3.64979e-08 2.7737e-08 2.10788e-08 1.60187e-08 1.21733e-08 9.25084e-09 7.02994e-09 5.34218e-09 4.05957e-09 3.08488e-09 2.34419e-09 1.78133e-09 1.3536e-09 1.02857e-09 7.81578e-10 5.93892e-10 4.51272e-10 3.42899e-10 2.60549e-10 1.97975e-10 1.50427e-10 1.14298e-10 8.68455e-11 6.59861e-11 5.01365e-11 3.80936e-11 2.89432e-11 2.19906e-11 1.6708e-11 1.26943e-11 9.64469e-12 7.32766e-12 5.56722e-12 4.22969e-12 3.21347e-12 2.44139e-12 1.8548e-12 1.40914e-12 1.07055e-12 8.13308e-13 6.17876e-13 4.69401e-13 3.56602e-13 2.70907e-13 2.05804e-13 1.56345e-13 1.18771e-13 9.02263e-14 6.85414e-14 5.20679e-14 3.95534e-14 3.00466e-14 2.28246e-14 1.73383e-14 1.31707e-14 1.00048e-14 7.59981e-15 5.77291e-15 4.38515e-15 3.33097e-15 2.5302e-15 1.92192e-15 1.45986e-15 1.10889e-15 8.42283e-16 6.39775e-16 4.85951e-16 3.6911e-16 2.8036e-16 2.12948e-16 1.61744e-16 1.22851e-16 9.33099e-17 7.08719e-17 5.38291e-17 4.08844e-17 3.10524e-17 2.35847e-17 1.79128e-17
0.000773942 8.82057e-06 6.70498e-06 5.09675e-06 3.87422e-06 2.9449e-06 2.23848e-06 1.70149e-06 1.29331e-06 9.83037e-07 7.47193e-07 5.67926e-07 4.31664e-07 3.28092e-07 2.49368e-07 1.89532e-07 1.44052e-07 1.09484e-07 8.32105e-08 6.32414e-08 4.80641e-08 3.65288e-08 2.77617e-08 2.10986e-08 1.60345e-08 1.21858e-08 9.26078e-09 7.03781e-09 5.34839e-09 4.06448e-09 3.08875e-09 2.34724e-09 1.78372e-09 1.35548e-09 1.03004e-09 7.82731e-10 5.94794e-10 4.51977e-10 3.4345e-10 2.60979e-10 1.9831e-10 1.50688e-10 1.14501e-10 8.70038e-11 6.61093e-11 5.02322e-11 3.8168e-11 2.90009e-11 2.20354e-11 1.67428e-11 1.27212e-11 9.66557e-12 7.34383e-12 5.57974e-12 4.23938e-12 3.22097e-12 2.44719e-12 1.85928e-12 1.4126e-12 1.07322e-12 8.15375e-13 6.19472e-13 4.70633e-13 3.57552e-13 2.7164e-13 2.06369e-13 1.5678e-13 1.19107e-13 9.04851e-14 6.87408e-14 5.22215e-14 3.96717e-14 3.01376e-14 2.28947e-14 1.73923e-14 1.32122e-14 1.00367e-14 7.62436e-15 5.79179e-15 4.39967e-15 3.34213e-15 2.53877e-15 1.92851e-15 1.46493e-15 1.11277e-15 8.45271e-16 6.42069e-16 4.87713e-16 3.70462e-16 2.81398e-16 2.13745e-16 1.62355e-16 1.2332e-16 9.36699e-17 7.1148e-17 5.40409e-17 4.10468e-17 3.1177e-17 2.36802e-17 1.7986e-17 1.36609e-17
0.00058632 6.704e-06 5.09626e-06 3.87403e-06 2.9449e-06 2.23858e-06 1.70165e-06 1.29349e-06 9.83225e-07 7.47372e-07 5.68089e-07 4.31808e-07 3.28217e-07 2.49475e-07 1.89622e-07 1.44127e-07 1.09546e-07 8.32616e-08 6.32832e-08 4.80981e-08 3.65563e-08 2.77839e-08 2.11164e-08 1.60488e-08 1.21972e-08 9.26986e-09 7.04503e-09 5.35412e-09 4.06901e-09 3.09233e-09 2.35006e-09 1.78595e-09 1.35723e-09 1.03142e-09 7.83812e-10 5.95642e-10 4.52642e-10 3.4397e-10 2.61386e-10 1.98627e-10 1.50936e-10 1.14695e-10 8.71544e-11 6.62265e-11 5.03235e-11 3.82389e-11 2.90561e-11 2.20783e-11 1.6776e-11 1.27471e-11 9.6856e-12 7.35936e-12 5.59177e-12 4.2487e-12 3.22819e-12 2.45277e-12 1.8636e-12 1.41594e-12 1.07581e-12 8.17372e-13 6.21014e-13 4.71824e-13 3.58472e-13 2.7235e-13 2.06917e-13 1.57203e-13 1.19433e-13 9.07364e-14 6.89345e-14 5.23708e-14 3.97867e-14 3.02262e-14 2.29629e-14 1.74448e-14 1.32526e-14 1.00678e-14 7.64829e-15 5.8102e-15 4.41382e-15 3.35302e-15 2.54714e-15 1.93494e-15 1.46987e-15 1.11658e-15 8.48191e-16 6.44312e-16 4.89436e-16 3.71785e-16 2.82414e-16 2.14525e-16 1.62954e-16 1.2378e-16 9.40226e-17 7.14186e-17 5.42485e-17 4.12061e-17 3.12991e-17 2.37739e-17 1.80578e-17 1.3716e-17 1.04181e-17
0.000444182 5.09527e-06 3.87347e-06 2.94462e-06 2.23848e-06 1.70165e-06 1.29356e-06 9.8332e-07 7.4748e-07 5.68197e-07 4.31911e-07 3.28311e-07 2.49558e-07 1.89694e-07 1.44188e-07 1.09598e-07 8.33049e-08 6.3319e-08 4.81275e-08 3.65804e-08 2.78035e-08 2.11322e-08 1.60615e-08 1.22074e-08 9.27808e-09 7.05159e-09 5.35935e-09 4.07317e-09 3.09563e-09 2.35268e-09 1.78801e-09 1.35886e-09 1.0327e-09 7.84823e-10 5.96436e-10 4.53265e-10 3.44458e-10 2.61768e-10 1.98927e-10 1.5117e-10 1.14878e-10 8.72972e-11 6.63379e-11 5.04103e-11 3.83065e-11 2.91087e-11 2.21192e-11 1.68078e-11 1.27718e-11 9.70478e-12 7.37424e-12 5.60332e-12 4.25765e-12 3.23512e-12 2.45815e-12 1.86776e-12 1.41916e-12 1.0783e-12 8.19298e-13 6.22504e-13 4.72975e-13 3.59361e-13 2.73037e-13 2.07447e-13 1.57612e-13 1.19748e-13 9.098e-14 6.91224e-14 5.25156e-14 3.98983e-14 3.03122e-14 2.30291e-14 1.74958e-14 1.32919e-14 1.00981e-14 7.67159e-15 5.82814e-15 4.42762e-15 3.36363e-15 2.55531e-15 1.94122e-15 1.4747e-15 1.12029e-15 8.51043e-16 6.46504e-16 4.9112e-16 3.73079e-16 2.83408e-16 2.15288e-16 1.6354e-16 1.2423e-16 9.43679e-17 7.16837e-17 5.4452e-17 4.13622e-17 3.14189e-17 2.38658e-17 1.81283e-17 1.37701e-17 1.04595e-17 7.94486e-18
0.000336501 3.87254e-06 2.94405e-06 2.23815e-06 1.70149e-06 1.29349e-06 9.8332e-07 7.47515e-07 5.68252e-07 4.31973e-07 3.28373e-07 2.49617e-07 1.89748e-07 1.44236e-07 1.09639e-07 8.33403e-08 6.33489e-08 4.81524e-08 3.6601e-08 2.78204e-08 2.11461e-08 1.60728e-08 1.22166e-08 9.28543e-09 7.0575e-09 5.36408e-09 4.07695e-09 3.09865e-09 2.35507e-09 1.78991e-09 1.36037e-09 1.03389e-09 7.85761e-10 5.97176e-10 4.53847e-10 3.44916e-10 2.62127e-10 1.99209e-10 1.51391e-10 1.1505e-10 8.74322e-11 6.64433e-11 5.04926e-11 3.83707e-11 2.91587e-11 2.21581e-11 1.68381e-11 1.27953e-11 9.72311e-12 7.38848e-12 5.61437e-12 4.26623e-12 3.24178e-12 2.46331e-12 1.87176e-12 1.42226e-12 1.0807e-12 8.21154e-13 6.2394e-13 4.74086e-13 3.6022e-13 2.737e-13 2.0796e-13 1.58008e-13 1.20054e-13 9.12159e-14 6.93045e-14 5.26561e-14 4.00067e-14 3.03958e-14 2.30935e-14 1.75454e-14 1.33302e-14 1.01275e-14 7.69427e-15 5.84559e-15 4.44106e-15 3.37397e-15 2.56326e-15 1.94734e-15 1.47941e-15 1.12391e-15 8.53827e-16 6.48644e-16 4.92765e-16 3.74343e-16 2.84379e-16 2.16034e-16 1.64113e-16 1.2467e-16 9.47059e-17 7.19432e-17 5.46512e-17 4.15151e-17 3.15363e-17 2.39558e-17 1.81974e-17 1.38231e-17 1.05002e-17 7.97604e-18 6.05863e-18
0.000254925 2.9432e-06 2.23761e-06 1.70116e-06 1.29331e-06 9.83225e-07 7.4748e-07 5.68252e-07 4.31994e-07 3.28405e-07 2.49653e-07 1.89784e-07 1.4427e-07 1.09671e-07 8.33679e-08 6.33728e-08 4.81728e-08 3.66182e-08 2.78348e-08 2.1158e-08 1.60826e-08 1.22245e-08 9.29192e-09 7.06276e-09 5.36832e-09 4.08036e-09 3.10137e-09 2.35725e-09 1.79165e-09 1.36175e-09 1.03499e-09 7.86628e-10 5.97861e-10 4.54388e-10 3.45342e-10 2.62463e-10 1.99472e-10 1.51598e-10 1.15213e-10 8.75593e-11 6.65428e-11 5.05704e-11 3.84315e-11 2.92061e-11 2.21951e-11 1.6867e-11 1.28178e-11 9.74058e-12 7.40207e-12 5.62494e-12 4.27443e-12 3.24815e-12 2.46825e-12 1.8756e-12 1.42523e-12 1.083e-12 8.2294e-13 6.25322e-13 4.75156e-13 3.61048e-13 2.7434e-13 2.08455e-13 1.58391e-13 1.2035e-13 9.14442e-14 6.94807e-14 5.27921e-14 4.01117e-14 3.04767e-14 2.3156e-14 1.75936e-14 1.33673e-14 1.01561e-14 7.71631e-15 5.86257e-15 4.45414e-15 3.38404e-15 2.57101e-15 1.95331e-15 1.484e-15 1.12744e-15 8.56542e-16 6.50732e-16 4.9437e-16 3.75578e-16 2.85328e-16 2.16763e-16 1.64673e-16 1.251e-16 9.50365e-17 7.21971e-17 5.48462e-17 4.16648e-17 3.16512e-17 2.4044e-17 1.82651e-17 1.3875e-17 1.05401e-17 8.00662e-18 6.08209e-18 4.62012e-18
0.000193125 2.23686e-06 1.70067e-06 1.293e-06 9.83037e-07 7.47372e-07 5.68197e-07 4.31973e-07 3.28405e-07 2.49665e-07 1.89802e-07 1.44291e-07 1.09691e-07 8.33875e-08 6.33907e-08 4.81887e-08 3.6632e-08 2.78465e-08 2.11679e-08 1.60908e-08 1.22314e-08 9.29755e-09 7.06736e-09 5.37206e-09 4.08339e-09 3.10381e-09 2.35921e-09 1.79322e-09 1.363e-09 1.03599e-09 7.87424e-10 5.98492e-10 4.54888e-10 3.45737e-10 2.62775e-10 1.99718e-10 1.51791e-10 1.15364e-10 8.76786e-11 6.66363e-11 5.06436e-11 3.84888e-11 2.9251e-11 2.22301e-11 1.68943e-11 1.28391e-11 9.7572e-12 7.41501e-12 5.63501e-12 4.28227e-12 3.25424e-12 2.47298e-12 1.87927e-12 1.42808e-12 1.08521e-12 8.24654e-13 6.26651e-13 4.76185e-13 3.61845e-13 2.74957e-13 2.08932e-13 1.5876e-13 1.20635e-13 9.16648e-14 6.96511e-14 5.29237e-14 4.02133e-14 3.05552e-14 2.32165e-14 1.76403e-14 1.34033e-14 1.01839e-14 7.73772e-15 5.87907e-15 4.46685e-15 3.39383e-15 2.57855e-15 1.95911e-15 1.48847e-15 1.13088e-15 8.59189e-16 6.52768e-16 4.95937e-16 3.76782e-16 2.86254e-16 2.17475e-16 1.65221e-16 1.25521e-16 9.53597e-17 7.24454e-17 5.50369e-17 4.18113e-17 3.17637e-17 2.41304e-17 1.83314e-17 1.39259e-17 1.05791e-17 8.03659e-18 6.10508e-18 4.63776e-18 3.52308e-18
0.000146307 1.70002e-06 1.29256e-06 9.82754e-07 7.47193e-07 5.68089e-07 4.31911e-07 3.28373e-07 2.49653e-07 1.89802e-07 1.44298e-07 1.09702e-07 8.33993e-08 6.34026e-08 4.82e-08 3.66423e-08 2.78557e-08 2.11758e-08 1.60976e-08 1.22371e-08 9.30232e-09 7.0713e-09 5.3753e-09 4.08604e-09 3.10597e-09 2.36096e-09 1.79463e-09 1.36413e-09 1.03689e-09 7.88147e-10 5.99068e-10 4.55346e-10 3.461e-10 2.63063e-10 1.99945e-10 1.51971e-10 1.15506e-10 8.779e-11 6.67239e-11 5.07123e-11 3.85427e-11 2.92932e-11 2.22632e-11 1.69201e-11 1.28593e-11 9.77295e-12 7.4273e-12 5.64459e-12 4.28973e-12 3.26004e-12 2.4775e-12 1.88278e-12 1.43081e-12 1.08733e-12 8.26298e-13 6.27925e-13 4.77173e-13 3.62611e-13 2.75551e-13 2.09391e-13 1.59116e-13 1.2091e-13 9.18776e-14 6.98157e-14 5.30509e-14 4.03115e-14 3.06311e-14 2.32751e-14 1.76855e-14 1.34382e-14 1.02108e-14 7.75849e-15 5.89508e-15 4.47919e-15 3.40335e-15 2.58588e-15 1.96476e-15 1.49281e-15 1.13423e-15 8.61767e-16 6.54752e-16 4.97463e-16 3.77956e-16 2.87157e-16 2.1817e-16 1.65755e-16 1.25932e-16 9.56753e-17 7.2688e-17 5.52232e-17 4.19545e-17 3.18737e-17 2.42149e-17 1.83963e-17 1.39757e-17 1.06174e-17 8.06594e-18 6.12761e-18 4.65505e-18 3.53634e-18 2.68647e-18
0.000110839 1.292e-06 9.82377e-07 7.46943e-07 5.67926e-07 4.31808e-07 3.28311e-07 2.49617e-07 1.89784e-07 1.44291e-07 1.09702e-07 8.34033e-08 6.34086e-08 4.82068e-08 3.66492e-08 2.78622e-08 2.11817e-08 1.61029e-08 1.22417e-08 9.30621e-09 7.07459e-09 5.37805e-09 4.08831e-09 3.10784e-09 2.36248e-09 1.79587e-09 1.36514e-09 1.0377e-09 7.88798e-10 5.9959e-10 4.55763e-10 3.46433e-10 2.63327e-10 2.00155e-10 1.52137e-10 1.15637e-10 8.78935e-11 6.68055e-11 5.07765e-11 3.85932e-11 2.93328e-11 2.22942e-11 1.69445e-11 1.28783e-11 9.78784e-12 7.43893e-12 5.65366e-12 4.29681e-12 3.26556e-12 2.4818e-12 1.88613e-12 1.43341e-12 1.08935e-12 8.27869e-13 6.29146e-13 4.78121e-13 3.63346e-13 2.7612e-13 2.09833e-13 1.59458e-13 1.21175e-13 9.20826e-14 6.99743e-14 5.31736e-14 4.04064e-14 3.07044e-14 2.33318e-14 1.77293e-14 1.3472e-14 1.02369e-14 7.77861e-15 5.91061e-15 4.49117e-15 3.41258e-15 2.593e-15 1.97024e-15 1.49704e-15 1.13748e-15 8.64274e-16 6.56683e-16 4.9895e-16 3.79101e-16 2.88037e-16 2.18847e-16 1.66276e-16 1.26332e-16 9.59834e-17 7.29248e-17 5.54053e-17 4.20944e-17 3.19812e-17 2.42975e-17 1.84597e-17 1.40245e-17 1.06548e-17 8.09468e-18 6.14967e-18 4.67198e-18 3.54934e-18 2.69644e-18 2.04848e-18
8.39686e-05 9.81906e-07 7.46622e-07 5.67709e-07 4.31664e-07 3.28217e-07 2.49558e-07 1.89748e-07 1.4427e-07 1.09691e-07 8.33993e-08 6.34086e-08 4.82091e-08 3.66526e-08 2.78661e-08 2.11857e-08 1.61066e-08 1.22451e-08 9.30925e-09 7.07722e-09 5.38029e-09 4.0902e-09 3.10942e-09 2.36379e-09 1.79694e-09 1.36602e-09 1.03842e-09 7.89377e-10 6.00057e-10 4.56138e-10 3.46733e-10 2.63567e-10 2.00346e-10 1.52289e-10 1.15758e-10 8.79891e-11 6.6881e-11 5.08362e-11 3.86402e-11 2.93698e-11 2.23233e-11 1.69673e-11 1.28962e-11 9.80186e-12 7.4499e-12 5.66225e-12 4.30351e-12 3.2708e-12 2.48588e-12 1.88931e-12 1.43589e-12 1.09128e-12 8.2937e-13 6.30312e-13 4.79027e-13 3.64049e-13 2.76667e-13 2.10257e-13 1.59786e-13 1.2143e-13 9.22799e-14 7.0127e-14 5.32918e-14 4.04979e-14 3.07752e-14 2.33865e-14 1.77716e-14 1.35047e-14 1.02621e-14 7.7981e-15 5.92565e-15 4.50277e-15 3.42153e-15 2.59991e-15 1.97557e-15 1.50115e-15 1.14065e-15 8.66712e-16 6.58561e-16 5.00396e-16 3.80214e-16 2.88895e-16 2.19507e-16 1.66783e-16 1.26723e-16 9.62839e-17 7.31559e-17 5.5583e-17 4.2231e-17 3.20862e-17 2.43782e-17 1.85218e-17 1.40721e-17 1.06914e-17 8.1228e-18 6.17126e-18 4.68856e-18 3.56207e-18 2.70621e-18 2.05598e-18 1.56197e-18
6.36126e-05 7.46228e-07 5.67438e-07 4.31479e-07 3.28092e-07 2.49475e-07 1.89694e-07 1.44236e-07 1.09671e-07 8.33875e-08 6.34026e-08 4.82068e-08 3.66526e-08 2.78674e-08 2.11877e-08 1.61089e-08 1.22474e-08 9.31141e-09 7.07919e-09 5.38204e-09 4.09172e-09 3.11071e-09 2.36488e-09 1.79786e-09 1.36677e-09 1.03904e-09 7.89884e-10 6.00469e-10 4.56472e-10 3.47002e-10 2.63783e-10 2.0052e-10 1.52427e-10 1.15868e-10 8.80768e-11 6.69506e-11 5.08913e-11 3.86837e-11 2.94042e-11 2.23504e-11 1.69886e-11 1.2913e-11 9.81502e-12 7.46022e-12 5.67033e-12 4.30984e-12 3.27574e-12 2.48974e-12 1.89232e-12 1.43824e-12 1.09312e-12 8.30798e-13 6.31424e-13 4.79892e-13 3.64722e-13 2.77189e-13 2.10662e-13 1.60101e-13 1.21674e-13 9.24693e-14 7.02738e-14 5.34055e-14 4.05859e-14 3.08433e-14 2.34392e-14 1.78124e-14 1.35362e-14 1.02865e-14 7.81693e-15 5.9402e-15 4.51401e-15 3.43021e-15 2.6066e-15 1.98073e-15 1.50513e-15 1.14372e-15 8.6908e-16 6.60386e-16 5.01802e-16 3.81297e-16 2.89729e-16 2.20149e-16 1.67278e-16 1.27103e-16 9.65768e-17 7.33813e-17 5.57564e-17 4.23644e-17 3.21887e-17 2.4457e-17 1.85823e-17 1.41187e-17 1.07272e-17 8.15029e-18 6.19238e-18 4.70478e-18 3.57453e-18 2.71578e-18 2.06332e-18 1.56761e-18 1.19098e-18
4.81914e-05 5.67112e-07 4.31253e-07 3.27936e-07 2.49368e-07 1.89622e-07 1.44188e-07 1.09639e-07 8.33679e-08 6.33907e-08 4.82e-08 3.66492e-08 2.78661e-08 2.11877e-08 1.61096e-08 1.22485e-08 9.31271e-09 7.08051e-09 5.38329e-09 4.09286e-09 3.11172e-09 2.36576e-09 1.7986e-09 1.3674e-09 1.03956e-09 7.90319e-10 6.00827e-10 4.56764e-10 3.4724e-10 2.63975e-10 2.00675e-10 1.52552e-10 1.15968e-10 8.81565e-11 6.70142e-11 5.09418e-11 3.87238e-11 2.94359e-11 2.23755e-11 1.70084e-11 1.29286e-11 9.82731e-12 7.46988e-12 5.67792e-12 4.31579e-12 3.2804e-12 2.49339e-12 1.89518e-12 1.44047e-12 1.09485e-12 8.32155e-13 6.32481e-13 4.80715e-13 3.65363e-13 2.77688e-13 2.1105e-13 1.60402e-13 1.21908e-13 9.26508e-14 7.04146e-14 5.35147e-14 4.06706e-14 3.09089e-14 2.349e-14 1.78517e-14 1.35666e-14 1.031e-14 7.83512e-15 5.95426e-15 4.52487e-15 3.4386e-15 2.61308e-15 1.98573e-15 1.50899e-15 1.14669e-15 8.71377e-16 6.62157e-16 5.03167e-16 3.8235e-16 2.9054e-16 2.20774e-16 1.67759e-16 1.27474e-16 9.6862e-17 7.36008e-17 5.59253e-17 4.24943e-17 3.22887e-17 2.45339e-17 1.86415e-17 1.41642e-17 1.07621e-17 8.17715e-18 6.21302e-18 4.72064e-18 3.58671e-18 2.72514e-18 2.07051e-18 1.57313e-18 1.19522e-18 9.08086e-19
3.65086e-05 4.30985e-07 3.27748e-07 2.49238e-07 1.89532e-07 1.44127e-07 1.09598e-07 8.33403e-08 6.33728e-08 4.81887e-08 3.66423e-08 2.78622e-08 2.11857e-08 1.61089e-08 1.22485e-08 9.31315e-09 7.08116e-09 5.38404e-09 4.09361e-09 3.11244e-09 2.36641e-09 1.79918e-09 1.3679e-09 1.03999e-09 7.90681e-10 6.01129e-10 4.57014e-10 3.47446e-10 2.64144e-10 2.00811e-10 1.52663e-10 1.16057e-10 8.82283e-11 6.70717e-11 5.09878e-11 3.87604e-11 2.9465e-11 2.23986e-11 1.70267e-11 1.29431e-11 9.83873e-12 7.47888e-12 5.685e-12 4.32136e-12 3.28477e-12 2.49682e-12 1.89786e-12 1.44257e-12 1.0965e-12 8.33439e-13 6.33484e-13 4.81497e-13 3.65972e-13 2.78162e-13 2.11419e-13 1.6069e-13 1.22131e-13 9.28244e-14 7.05495e-14 5.36194e-14 4.07517e-14 3.09718e-14 2.35388e-14 1.78895e-14 1.35959e-14 1.03327e-14 7.85265e-15 5.96782e-15 4.53536e-15 3.4467e-15 2.61935e-15 1.99057e-15 1.51273e-15 1.14958e-15 8.73603e-16 6.63874e-16 5.04492e-16 3.83371e-16 2.91327e-16 2.21381e-16 1.68227e-16 1.27834e-16 9.71396e-17 7.38145e-17 5.60898e-17 4.2621e-17 3.23862e-17 2.46089e-17 1.86992e-17 1.42085e-17 1.07962e-17 8.20338e-18 6.23319e-18 4.73614e-18 3.59862e-18 2.73429e-18 2.07754e-18 1.57853e-18 1.19936e-18 9.1127e-19 6.92374e-19
2.7658e-05 3.2753e-07 2.49084e-07 1.89424e-07 1.44052e-07 1.09546e-07 8.33049e-08 6.33489e-08 4.81728e-08 3.6632e-08 2.78557e-08 2.11817e-08 1.61066e-08 1.22474e-08 9.31271e-09 7.08116e-09 5.38429e-09 4.09399e-09 3.11287e-09 2.36685e-09 1.7996e-09 1.36828e-09 1.04033e-09 7.90971e-10 6.01377e-10 4.57223e-10 3.4762e-10 2.64288e-10 2.0093e-10 1.5276e-10 1.16136e-10 8.82922e-11 6.71232e-11 5.10292e-11 3.87936e-11 2.94915e-11 2.24197e-11 1.70435e-11 1.29564e-11 9.84928e-12 7.48722e-12 5.69158e-12 4.32654e-12 3.28886e-12 2.50003e-12 1.90038e-12 1.44455e-12 1.09805e-12 8.34651e-13 6.34431e-13 4.82237e-13 3.6655e-13 2.78613e-13 2.11771e-13 1.60963e-13 1.22344e-13 9.29901e-14 7.06783e-14 5.37195e-14 4.08295e-14 3.10322e-14 2.35856e-14 1.79258e-14 1.3624e-14 1.03545e-14 7.86953e-15 5.98089e-15 4.54547e-15 3.45452e-15 2.62539e-15 1.99525e-15 1.51634e-15 1.15237e-15 8.75757e-16 6.65538e-16 5.05776e-16 3.84362e-16 2.92091e-16 2.2197e-16 1.68681e-16 1.28184e-16 9.74093e-17 7.40223e-17 5.62499e-17 4.27442e-17 3.24811e-17 2.46819e-17 1.87554e-17 1.42518e-17 1.08295e-17 8.22897e-18 6.25287e-18 4.75127e-18 3.61025e-18 2.74323e-18 2.08441e-18 1.5838e-18 1.20342e-18 9.14385e-19 6.94766e-19 5.27892e-19
2.09531e-05 2.48906e-07 1.89298e-07 1.43963e-07 1.09484e-07 8.32616e-08 6.3319e-08 4.81524e-08 3.66182e-08 2.78465e-08 2.11758e-08 1.61029e-08 1.22451e-08 9.31141e-09 7.08051e-09 5.38404e-09 4.09399e-09 3.11301e-09 2.36707e-09 1.79984e-09 1.36853e-09 1.04057e-09 7.91188e-10 6.01569e-10 4.5739e-10 3.47763e-10 2.64408e-10 2.01031e-10 1.52843e-10 1.16205e-10 8.83481e-11 6.71686e-11 5.1066e-11 3.88233e-11 2.95154e-11 2.24388e-11 1.70588e-11 1.29686e-11 9.85895e-12 7.4949e-12 5.69766e-12 4.33135e-12 3.29265e-12 2.50302e-12 1.90274e-12 1.4464e-12 1.0995e-12 8.3579e-13 6.35324e-13 4.82936e-13 3.67096e-13 2.7904e-13 2.12104e-13 1.61223e-13 1.22547e-13 9.31479e-14 7.08012e-14 5.3815e-14 4.09038e-14 3.10899e-14 2.36304e-14 1.79606e-14 1.3651e-14 1.03754e-14 7.88576e-15 5.99346e-15 4.5552e-15 3.46206e-15 2.63122e-15 1.99976e-15 1.51983e-15 1.15506e-15 8.77841e-16 6.67147e-16 5.07018e-16 3.85321e-16 2.92832e-16 2.22541e-16 1.69122e-16 1.28524e-16 9.76713e-17 7.42243e-17 5.64055e-17 4.28641e-17 3.25734e-17 2.47531e-17 1.88101e-17 1.42939e-17 1.08619e-17 8.25392e-18 6.27206e-18 4.76603e-18 3.6216e-18 2.75196e-18 2.09112e-18 1.58896e-18 1.20738e-18 9.17431e-19 6.97106e-19 5.29689e-19 4.02477e-19
1.58735e-05 1.89154e-07 1.43861e-07 1.09411e-07 8.32105e-08 6.32832e-08 4.81275e-08 3.6601e-08 2.78348e-08 2.11679e-08 1.60976e-08 1.22417e-08 9.30925e-09 7.07919e-09 5.38329e-09 4.09361e-09 3.11287e-09 2.36707e-09 1.79993e-09 1.36866e-09 1.04071e-09 7.91333e-10 6.01707e-10 4.57515e-10 3.47874e-10 2.64504e-10 2.01113e-10 1.52912e-10 1.16262e-10 8.8396e-11 6.7208e-11 5.10982e-11 3.88495e-11 2.95366e-11 2.24559e-11 1.70725e-11 1.29796e-11 9.86775e-12 7.50191e-12 5.70324e-12 4.33577e-12 3.29615e-12 2.50579e-12 1.90492e-12 1.44812e-12 1.10086e-12 8.36856e-13 6.36161e-13 4.83593e-13 3.67611e-13 2.79443e-13 2.12419e-13 1.61469e-13 1.22739e-13 9.32978e-14 7.09179e-14 5.3906e-14 4.09746e-14 3.1145e-14 2.36733e-14 1.79938e-14 1.36769e-14 1.03955e-14 7.90132e-15 6.00553e-15 4.56456e-15 3.46931e-15 2.63684e-15 2.0041e-15 1.52319e-15 1.15767e-15 8.79852e-16 6.68702e-16 5.0822e-16 3.86249e-16 2.93549e-16 2.23095e-16 1.69549e-16 1.28854e-16 9.79255e-17 7.44203e-17 5.65566e-17 4.29806e-17 3.26631e-17 2.48222e-17 1.88634e-17 1.43349e-17 1.08935e-17 8.27823e-18 6.29077e-18 4.78043e-18 3.63268e-18 2.76047e-18 2.09767e-18 1.594e-18 1.21125e-18 9.20407e-19 6.99393e-19 5.31447e-19 4.03827e-19 3.06851e-19
1.20254e-05 1.43745e-07 1.09329e-07 8.31516e-08 6.32414e-08 4.80981e-08 3.65804e-08 2.78204e-08 2.1158e-08 1.60908e-08 1.22371e-08 9.30621e-09 7.07722e-09 5.38204e-09 4.09286e-09 3.11244e-09 2.36685e-09 1.79984e-09 1.36866e-09 1.04076e-09 7.91406e-10 6.01789e-10 4.57599e-10 3.47953e-10 2.64577e-10 2.01177e-10 1.52968e-10 1.1631e-10 8.84359e-11 6.72414e-11 5.11258e-11 3.88722e-11 2.95552e-11 2.2471e-11 1.70848e-11 1.29894e-11 9.87567e-12 7.50826e-12 5.70831e-12 4.33981e-12 3.29937e-12 2.50834e-12 1.90694e-12 1.44972e-12 1.10212e-12 8.3785e-13 6.36943e-13 4.84207e-13 3.68093e-13 2.79821e-13 2.12715e-13 1.61701e-13 1.2292e-13 9.34396e-14 7.10287e-14 5.39924e-14 4.10419e-14 3.11974e-14 2.37141e-14 1.80256e-14 1.37016e-14 1.04147e-14 7.91623e-15 6.0171e-15 4.57353e-15 3.47627e-15 2.64223e-15 2.00828e-15 1.52643e-15 1.16017e-15 8.81791e-16 6.70202e-16 5.0938e-16 3.87146e-16 2.94242e-16 2.2363e-16 1.69962e-16 1.29173e-16 9.81718e-17 7.46103e-17 5.67032e-17 4.30937e-17 3.27503e-17 2.48894e-17 1.89152e-17 1.43748e-17 1.09242e-17 8.30189e-18 6.30899e-18 4.79445e-18 3.64347e-18 2.76878e-18 2.10406e-18 1.59891e-18 1.21503e-18 9.23313e-19 7.01627e-19 5.33164e-19 4.05146e-19 3.07865e-19 2.3394e-19
9.11015e-06 1.09235e-07 8.30848e-08 6.31937e-08 4.80641e-08 3.65563e-08 2.78035e-08 2.11461e-08 1.60826e-08 1.22314e-08 9.30232e-09 7.07459e-09 5.38029e-09 4.09172e-09 3.11172e-09 2.36641e-09 1.7996e-09 1.36853e-09 1.04071e-09 7.91406e-10 6.01817e-10 4.5764e-10 3.48e-10 2.64625e-10 2.01222e-10 1.53009e-10 1.16347e-10 8.84679e-11 6.72687e-11 5.11488e-11 3.88914e-11 2.95711e-11 2.24841e-11 1.70955e-11 1.29981e-11 9.88272e-12 7.51394e-12 5.71287e-12 4.34347e-12 3.30229e-12 2.51067e-12 1.90879e-12 1.45119e-12 1.10328e-12 8.3877e-13 6.3767e-13 4.8478e-13 3.68544e-13 2.80176e-13 2.12994e-13 1.6192e-13 1.23091e-13 9.35735e-14 7.11334e-14 5.40742e-14 4.11058e-14 3.12472e-14 2.37529e-14 1.80559e-14 1.37251e-14 1.0433e-14 7.93047e-15 6.02816e-15 4.58213e-15 3.48294e-15 2.64741e-15 2.0123e-15 1.52954e-15 1.16258e-15 8.83658e-16 6.71647e-16 5.10498e-16 3.88011e-16 2.94911e-16 2.24147e-16 1.70362e-16 1.29482e-16 9.84102e-17 7.47944e-17 5.68453e-17 4.32033e-17 3.28349e-17 2.49546e-17 1.89654e-17 1.44136e-17 1.09541e-17 8.3249e-18 6.32671e-18 4.8081e-18 3.65398e-18 2.77687e-18 2.11029e-18 1.6037e-18 1.21872e-18 9.26148e-19 7.03807e-19 5.3484e-19 4.06435e-19 3.08856e-19 2.34702e-19 1.78351e-19
6.90163e-06 8.30102e-08 6.31401e-08 4.80256e-08 3.65288e-08 2.77839e-08 2.11322e-08 1.60728e-08 1.22245e-08 9.29755e-09 7.0713e-09 5.37805e-09 4.0902e-09 3.11071e-09 2.36576e-09 1.79918e-09 1.36828e-09 1.04057e-09 7.91333e-10 6.01789e-10 4.5764e-10 3.48016e-10 2.64649e-10 2.0125e-10 1.53037e-10 1.16373e-10 8.84919e-11 6.72899e-11 5.11672e-11 3.89071e-11 2.95843e-11 2.24952e-11 1.71046e-11 1.30057e-11 9.88888e-12 7.51895e-12 5.71693e-12 4.34675e-12 3.30492e-12 2.51278e-12 1.91048e-12 1.45253e-12 1.10435e-12 8.39618e-13 6.38341e-13 4.85311e-13 3.68963e-13 2.80506e-13 2.13254e-13 1.62124e-13 1.23252e-13 9.36993e-14 7.12319e-14 5.41514e-14 4.11661e-14 3.12944e-14 2.37897e-14 1.80846e-14 1.37475e-14 1.04504e-14 7.94404e-15 6.03872e-15 4.59034e-15 3.48932e-15 2.65236e-15 2.01614e-15 1.53252e-15 1.1649e-15 8.85452e-16 6.73037e-16 5.11575e-16 3.88845e-16 2.95556e-16 2.24646e-16 1.70748e-16 1.2978e-16 9.86408e-17 7.49725e-17 5.69828e-17 4.33095e-17 3.29168e-17 2.50178e-17 1.90142e-17 1.44512e-17 1.09831e-17 8.34726e-18 6.34394e-18 4.82138e-18 3.66421e-18 2.78474e-18 2.11635e-18 1.60837e-18 1.22231e-18 9.28912e-19 7.05934e-19 5.36476e-19 4.07693e-19 3.09823e-19 2.35446e-19 1.78922e-19 1.35968e-19
5.22851e-06 6.30805e-08 4.79827e-08 3.64979e-08 2.77617e-08 2.11164e-08 1.60615e-08 1.22166e-08 9.29192e-09 7.06736e-09 5.3753e-09 4.08831e-09 3.10942e-09 2.36488e-09 1.7986e-09 1.3679e-09 1.04033e-09 7.91188e-10 6.01707e-10 4.57599e-10 3.48e-10 2.64649e-10 2.01259e-10 1.53051e-10 1.16389e-10 8.85079e-11 6.73051e-11 5.1181e-11 3.89194e-11 2.9595e-11 2.25043e-11 1.71123e-11 1.30121e-11 9.89417e-12 7.5233e-12 5.72049e-12 4.34964e-12 3.30726e-12 2.51466e-12 1.912e-12 1.45375e-12 1.10532e-12 8.40392e-13 6.38957e-13 4.85799e-13 3.6935e-13 2.80812e-13 2.13495e-13 1.62314e-13 1.23402e-13 9.38171e-14 7.13244e-14 5.42239e-14 4.1223e-14 3.13389e-14 2.38245e-14 1.81118e-14 1.37687e-14 1.0467e-14 7.95695e-15 6.04878e-15 4.59817e-15 3.49541e-15 2.6571e-15 2.01982e-15 1.53538e-15 1.16712e-15 8.87174e-16 6.74372e-16 5.1261e-16 3.89646e-16 2.96177e-16 2.25127e-16 1.7112e-16 1.30068e-16 9.88633e-17 7.51445e-17 5.71158e-17 4.34122e-17 3.29962e-17 2.50791e-17 1.90615e-17 1.44877e-17 1.10113e-17 8.36896e-18 6.36068e-18 4.83428e-18 3.67415e-18 2.7924e-18 2.12225e-18 1.61291e-18 1.22581e-18 9.31605e-19 7.08007e-19 5.38071e-19 4.0892e-19 3.10767e-19 2.36172e-19 1.7948e-19 1.36397e-19 1.03654e-19
3.96099e-06 4.79352e-08 3.64636e-08 2.7737e-08 2.10986e-08 1.60488e-08 1.22074e-08 9.28543e-09 7.06276e-09 5.37206e-09 4.08604e-09 3.10784e-09 2.36379e-09 1.79786e-09 1.3674e-09 1.03999e-09 7.90971e-10 6.01569e-10 4.57515e-10 3.47953e-10 2.64625e-10 2.0125e-10 1.53051e-10 1.16394e-10 8.85159e-11 6.73142e-11 5.11903e-11 3.89281e-11 2.96029e-11 2.25113e-11 1.71184e-11 1.30173e-11 9.89858e-12 7.52698e-12 5.72353e-12 4.35214e-12 3.30931e-12 2.51633e-12 1.91335e-12 1.45484e-12 1.10619e-12 8.41092e-13 6.39517e-13 4.86246e-13 3.69705e-13 2.81093e-13 2.13718e-13 1.62491e-13 1.23541e-13 9.39268e-14 7.14108e-14 5.42918e-14 4.12763e-14 3.13807e-14 2.38573e-14 1.81374e-14 1.37888e-14 1.04827e-14 7.96919e-15 6.05833e-15 4.60561e-15 3.50121e-15 2.66161e-15 2.02334e-15 1.53811e-15 1.16924e-15 8.88822e-16 6.75652e-16 5.13603e-16 3.90416e-16 2.96773e-16 2.25589e-16 1.71478e-16 1.30345e-16 9.90779e-17 7.53106e-17 5.72442e-17 4.35114e-17 3.30729e-17 2.51383e-17 1.91073e-17 1.4523e-17 1.10385e-17 8.39001e-18 6.37691e-18 4.8468e-18 3.6838e-18 2.79984e-18 2.12798e-18 1.61733e-18 1.22921e-18 9.34227e-19 7.10025e-19 5.39625e-19 4.10116e-19 3.11687e-19 2.3688e-19 1.80025e-19 1.36816e-19 1.03976e-19 7.90189e-20
3.00075e-06 3.64259e-08 2.77096e-08 2.10788e-08 1.60345e-08 1.21972e-08 9.27808e-09 7.0575e-09 5.36832e-09 4.08339e-09 3.10597e-09 2.36248e-09 1.79694e-09 1.36677e-09 1.03956e-09 7.90681e-10 6.01377e-10 4.5739e-10 3.47874e-10 2.64577e-10 2.01222e-10 1.53037e-10 1.16389e-10 8.85159e-11 6.73172e-11 5.11949e-11 3.89334e-11 2.96082e-11 2.25164e-11 1.7123e-11 1.30213e-11 9.9021e-12 7.52999e-12 5.72607e-12 4.35427e-12 3.31107e-12 2.51778e-12 1.91453e-12 1.4558e-12 1.10697e-12 8.4172e-13 6.40021e-13 4.86649e-13 3.70028e-13 2.81351e-13 2.13923e-13 1.62653e-13 1.2367e-13 9.40285e-14 7.14911e-14 5.43551e-14 4.13261e-14 3.14199e-14 2.3888e-14 1.81615e-14 1.38077e-14 1.04975e-14 7.98076e-15 6.06737e-15 4.61267e-15 3.50672e-15 2.66591e-15 2.02668e-15 1.54071e-15 1.17126e-15 8.90397e-16 6.76875e-16 5.14553e-16 3.91154e-16 2.97346e-16 2.26033e-16 1.71822e-16 1.30612e-16 9.92845e-17 7.54705e-17 5.73679e-17 4.36072e-17 3.31469e-17 2.51956e-17 1.91515e-17 1.45572e-17 1.10649e-17 8.41039e-18 6.39264e-18 4.85894e-18 3.69316e-18 2.80707e-18 2.13355e-18 1.62163e-18 1.23252e-18 9.36776e-19 7.11989e-19 5.41137e-19 4.11281e-19 3.12584e-19 2.3757e-19 1.80556e-19 1.37224e-19 1.04291e-19 7.92606e-20 6.02374e-20
2.2733e-06 2.76797e-08 2.10571e-08 1.60187e-08 1.21858e-08 9.26986e-09 7.05159e-09 5.36408e-09 4.08036e-09 3.10381e-09 2.36096e-09 1.79587e-09 1.36602e-09 1.03904e-09 7.90319e-10 6.01129e-10 4.57223e-10 3.47763e-10 2.64504e-10 2.01177e-10 1.53009e-10 1.16373e-10 8.85079e-11 6.73142e-11 5.11949e-11 3.89351e-11 2.96109e-11 2.25194e-11 1.7126e-11 1.30242e-11 9.90475e-12 7.53233e-12 5.72811e-12 4.356e-12 3.31253e-12 2.519e-12 1.91554e-12 1.45663e-12 1.10765e-12 8.42273e-13 6.40469e-13 4.87011e-13 3.70318e-13 2.81583e-13 2.14109e-13 1.62801e-13 1.23788e-13 9.41221e-14 7.15652e-14 5.44137e-14 4.13724e-14 3.14564e-14 2.39168e-14 1.81841e-14 1.38254e-14 1.05114e-14 7.99166e-15 6.0759e-15 4.61934e-15 3.51193e-15 2.66998e-15 2.02986e-15 1.54319e-15 1.17319e-15 8.91898e-16 6.78044e-16 5.15461e-16 3.9186e-16 2.97894e-16 2.26459e-16 1.72152e-16 1.30868e-16 9.9483e-17 7.56243e-17 5.74871e-17 4.36994e-17 3.32183e-17 2.52508e-17 1.91942e-17 1.45902e-17 1.10904e-17 8.43011e-18 6.40787e-18 4.87069e-18 3.70224e-18 2.81407e-18 2.13896e-18 1.62579e-18 1.23574e-18 9.39253e-19 7.13898e-19 5.42608e-19 4.12414e-19 3.13456e-19 2.38242e-19 1.81073e-19 1.37622e-19 1.04597e-19 7.94964e-20 6.04187e-20 4.59191e-20
1.72219e-06 2.10333e-08 1.60015e-08 1.21733e-08 9.26078e-09 7.04503e-09 5.35935e-09 4.07695e-09 3.10137e-09 2.35921e-09 1.79463e-09 1.36514e-09 1.03842e-09 7.89884e-10 6.00827e-10 4.57014e-10 3.4762e-10 2.64408e-10 2.01113e-10 1.52968e-10 1.16347e-10 8.84919e-11 6.73051e-11 5.11903e-11 3.89334e-11 2.96109e-11 2.25204e-11 1.71276e-11 1.3026e-11 9.90651e-12 7.53401e-12 5.72963e-12 4.35735e-12 3.3137e-12 2.52e-12 1.91638e-12 1.45734e-12 1.10824e-12 8.42753e-13 6.40861e-13 4.8733e-13 3.70577e-13 2.81792e-13 2.14276e-13 1.62936e-13 1.23895e-13 9.42076e-14 7.16332e-14 5.44677e-14 4.14151e-14 3.14902e-14 2.39434e-14 1.82051e-14 1.3842e-14 1.05244e-14 8.00188e-15 6.08392e-15 4.62563e-15 3.51685e-15 2.67382e-15 2.03286e-15 1.54554e-15 1.17502e-15 8.93326e-16 6.79156e-16 5.16327e-16 3.92534e-16 2.98418e-16 2.26866e-16 1.72468e-16 1.31113e-16 9.96735e-17 7.5772e-17 5.76016e-17 4.37882e-17 3.3287e-17 2.5304e-17 1.92354e-17 1.46221e-17 1.11151e-17 8.44916e-18 6.42259e-18 4.88207e-18 3.71103e-18 2.82085e-18 2.14419e-18 1.62983e-18 1.23885e-18 9.41657e-19 7.15752e-19 5.44037e-19 4.13515e-19 3.14305e-19 2.38895e-19 1.81577e-19 1.3801e-19 1.04896e-19 7.97261e-20 6.05956e-20 4.60551e-20 3.50035e-20
1.30469e-06 1.59828e-08 1.21596e-08 9.25084e-09 7.03781e-09 5.35412e-09 4.07317e-09 3.09865e-09 2.35725e-09 1.79322e-09 1.36413e-09 1.0377e-09 7.89377e-10 6.00469e-10 4.56764e-10 3.47446e-10 2.64288e-10 2.01031e-10 1.52912e-10 1.1631e-10 8.84679e-11 6.72899e-11 5.1181e-11 3.89281e-11 2.96082e-11 2.25194e-11 1.71276e-11 1.30266e-11 9.90739e-12 7.53501e-12 5.73065e-12 4.35832e-12 3.31458e-12 2.52078e-12 1.91706e-12 1.45791e-12 1.10872e-12 8.43159e-13 6.41198e-13 4.87607e-13 3.70803e-13 2.81976e-13 2.14425e-13 1.63056e-13 1.23991e-13 9.4285e-14 7.16951e-14 5.4517e-14 4.14543e-14 3.15213e-14 2.39681e-14 1.82246e-14 1.38573e-14 1.05365e-14 8.01143e-15 6.09142e-15 4.63152e-15 3.52147e-15 2.67745e-15 2.0357e-15 1.54775e-15 1.17676e-15 8.94679e-16 6.80212e-16 5.17151e-16 3.93175e-16 2.98917e-16 2.27254e-16 1.72771e-16 1.31348e-16 9.98559e-17 7.59136e-17 5.77115e-17 4.38734e-17 3.33531e-17 2.53552e-17 1.9275e-17 1.46528e-17 1.11388e-17 8.46754e-18 6.43681e-18 4.89306e-18 3.71952e-18 2.82742e-18 2.14926e-18 1.63375e-18 1.24187e-18 9.43988e-19 7.1755e-19 5.45425e-19 4.14585e-19 3.1513e-19 2.39531e-19 1.82067e-19 1.38387e-19 1.05186e-19 7.99498e-20 6.07678e-20 4.61877e-20 3.51055e-20 2.66822e-20
9.88403e-07 1.21448e-08 9.24005e-09 7.02994e-09 5.34839e-09 4.06901e-09 3.09563e-09 2.35507e-09 1.79165e-09 1.363e-09 1.03689e-09 7.88798e-10 6.00057e-10 4.56472e-10 3.4724e-10 2.64144e-10 2.0093e-10 1.52843e-10 1.16262e-10 8.84359e-11 6.72687e-11 5.11672e-11 3.89194e-11 2.96029e-11 2.25164e-11 1.7126e-11 1.3026e-11 9.90739e-12 7.53535e-12 5.73116e-12 4.35889e-12 3.31517e-12 2.52133e-12 1.91756e-12 1.45836e-12 1.10911e-12 8.43492e-13 6.41478e-13 4.87841e-13 3.70997e-13 2.82135e-13 2.14556e-13 1.63162e-13 1.24077e-13 9.43543e-14 7.17508e-14 5.45616e-14 4.149e-14 3.15497e-14 2.39907e-14 1.82426e-14 1.38716e-14 1.05478e-14 8.0203e-15 6.09842e-15 4.63703e-15 3.5258e-15 2.68085e-15 2.03837e-15 1.54984e-15 1.17839e-15 8.95959e-16 6.81211e-16 5.17931e-16 3.93784e-16 2.99392e-16 2.27624e-16 1.73059e-16 1.31572e-16 1.0003e-16 7.60491e-17 5.78167e-17 4.3955e-17 3.34165e-17 2.54044e-17 1.93131e-17 1.46823e-17 1.11617e-17 8.48524e-18 6.45051e-18 4.90366e-18 3.72772e-18 2.83376e-18 2.15416e-18 1.63753e-18 1.2448e-18 9.46246e-19 7.19293e-19 5.4677e-19 4.15623e-19 3.1593e-19 2.40148e-19 1.82542e-19 1.38754e-19 1.05469e-19 8.01675e-20 6.09355e-20 4.63168e-20 3.52049e-20 2.67587e-20 2.03387e-20
7.48791e-07 9.2284e-09 7.02142e-09 5.34218e-09 4.06448e-09 3.09233e-09 2.35268e-09 1.78991e-09 1.36175e-09 1.03599e-09 7.88147e-10 5.9959e-10 4.56138e-10 3.47002e-10 2.63975e-10 2.00811e-10 1.5276e-10 1.16205e-10 8.8396e-11 6.72414e-11 5.11488e-11 3.89071e-11 2.9595e-11 2.25113e-11 1.7123e-11 1.30242e-11 9.90651e-12 7.53501e-12 5.73116e-12 4.35909e-12 3.31546e-12 2.52167e-12 1.9179e-12 1.45868e-12 1.1094e-12 8.4375e-13 6.41703e-13 4.88033e-13 3.71158e-13 2.8227e-13 2.14668e-13 1.63254e-13 1.24152e-13 9.44154e-14 7.18003e-14 5.46015e-14 4.15221e-14 3.15754e-14 2.40113e-14 1.8259e-14 1.38846e-14 1.05581e-14 8.0285e-15 6.1049e-15 4.64214e-15 3.52983e-15 2.68402e-15 2.04086e-15 1.5518e-15 1.17993e-15 8.97164e-16 6.82155e-16 5.18669e-16 3.94361e-16 2.99842e-16 2.27976e-16 1.73332e-16 1.31785e-16 1.00196e-16 7.61783e-17 5.79172e-17 4.40332e-17 3.34771e-17 2.54515e-17 1.93497e-17 1.47106e-17 1.11837e-17 8.50228e-18 6.46371e-18 4.91388e-18 3.73563e-18 2.83987e-18 2.15889e-18 1.64119e-18 1.24763e-18 9.48431e-19 7.2098e-19 5.48072e-19 4.16628e-19 3.16706e-19 2.40747e-19 1.83004e-19 1.3911e-19 1.05743e-19 8.03791e-20 6.10985e-20 4.64424e-20 3.53017e-20 2.68332e-20 2.03961e-20 1.55031e-20
5.67266e-07 7.01226e-09 5.33546e-09 4.05957e-09 3.08875e-09 2.35006e-09 1.78801e-09 1.36037e-09 1.03499e-09 7.87424e-10 5.99068e-10 4.55763e-10 3.46733e-10 2.63783e-10 2.00675e-10 1.52663e-10 1.16136e-10 8.83481e-11 6.7208e-11 5.11258e-11 3.88914e-11 2.95843e-11 2.25043e-11 1.71184e-11 1.30213e-11 9.90475e-12 7.53401e-12 5.73065e-12 4.35889e-12 3.31546e-12 2.52178e-12 1.91807e-12 1.45887e-12 1.1096e-12 8.43935e-13 6.41871e-13 4.88182e-13 3.71288e-13 2.82381e-13 2.14761e-13 1.63332e-13 1.24217e-13 9.44684e-14 7.18436e-14 5.46368e-14 4.15506e-14 3.15985e-14 2.40298e-14 1.82738e-14 1.38964e-14 1.05675e-14 8.03601e-15 6.11086e-15 4.64687e-15 3.53357e-15 2.68697e-15 2.04319e-15 1.55364e-15 1.18137e-15 8.98294e-16 6.83042e-16 5.19364e-16 3.94905e-16 3.00268e-16 2.28308e-16 1.73592e-16 1.31988e-16 1.00354e-16 7.63014e-17 5.8013e-17 4.41077e-17 3.35351e-17 2.54965e-17 1.93847e-17 1.47378e-17 1.12048e-17 8.51863e-18 6.47638e-18 4.9237e-18 3.74324e-18 2.84577e-18 2.16345e-18 1.64472e-18 1.25035e-18 9.50541e-19 7.22611e-19 5.49333e-19 4.17602e-19 3.17458e-19 2.41327e-19 1.83452e-19 1.39456e-19 1.0601e-19 8.05846e-20 6.12569e-20 4.65645e-20 3.53958e-20 2.69057e-20 2.04519e-20 1.55461e-20 1.18169e-20
4.29747e-07 5.32826e-09 4.05429e-09 3.08488e-09 2.34724e-09 1.78595e-09 1.35886e-09 1.03389e-09 7.86628e-10 5.98492e-10 4.55346e-10 3.46433e-10 2.63567e-10 2.0052e-10 1.52552e-10 1.16057e-10 8.82922e-11 6.71686e-11 5.10982e-11 3.88722e-11 2.95711e-11 2.24952e-11 1.71123e-11 1.30173e-11 9.9021e-12 7.53233e-12 5.72963e-12 4.35832e-12 3.31517e-12 2.52167e-12 1.91807e-12 1.45894e-12 1.1097e-12 8.44046e-13 6.41983e-13 4.88288e-13 3.71385e-13 2.82467e-13 2.14835e-13 1.63395e-13 1.24271e-13 9.45133e-14 7.18808e-14 5.46674e-14 4.15756e-14 3.16188e-14 2.40462e-14 1.82871e-14 1.39071e-14 1.05761e-14 8.04285e-15 6.11631e-15 4.6512e-15 3.53701e-15 2.6897e-15 2.04534e-15 1.55534e-15 1.18271e-15 8.9935e-16 6.83872e-16 5.20016e-16 3.95416e-16 3.00669e-16 2.28622e-16 1.73838e-16 1.3218e-16 1.00504e-16 7.64182e-17 5.81041e-17 4.41787e-17 3.35904e-17 2.55395e-17 1.94181e-17 1.47638e-17 1.1225e-17 8.53431e-18 6.48855e-18 4.93314e-18 3.75055e-18 2.85143e-18 2.16784e-18 1.64812e-18 1.25299e-18 9.52577e-19 7.24186e-19 5.5055e-19 4.18543e-19 3.18185e-19 2.41889e-19 1.83886e-19 1.3979e-19 1.06268e-19 8.0784e-20 6.14107e-20 4.66831e-20 3.54872e-20 2.69762e-20 2.05062e-20 1.55879e-20 1.18491e-20 9.00705e-21
3.25566e-07 4.04864e-09 3.08073e-09 2.34419e-09 1.78372e-09 1.35723e-09 1.0327e-09 7.85761e-10 5.97861e-10 4.54888e-10 3.461e-10 2.63327e-10 2.00346e-10 1.52427e-10 1.15968e-10 8.82283e-11 6.71232e-11 5.1066e-11 3.88495e-11 2.95552e-11 2.24841e-11 1.71046e-11 1.30121e-11 9.89858e-12 7.52999e-12 5.72811e-12 4.35735e-12 3.31458e-12 2.52133e-12 1.9179e-12 1.45887e-12 1.1097e-12 8.44083e-13 6.42039e-13 4.88352e-13 3.7145e-13 2.82528e-13 2.14891e-13 1.63445e-13 1.24314e-13 9.455e-14 7.19118e-14 5.46932e-14 4.15971e-14 3.16364e-14 2.40606e-14 1.82988e-14 1.39166e-14 1.05838e-14 8.049e-15 6.12124e-15 4.65514e-15 3.54015e-15 2.69219e-15 2.04733e-15 1.55691e-15 1.18395e-15 9.00331e-16 6.84645e-16 5.20625e-16 3.95895e-16 3.01045e-16 2.28917e-16 1.74069e-16 1.32361e-16 1.00646e-16 7.65289e-17 5.81905e-17 4.42461e-17 3.36429e-17 2.55805e-17 1.945e-17 1.47886e-17 1.12443e-17 8.5493e-18 6.5002e-18 4.94218e-18 3.75757e-18 2.85688e-18 2.17206e-18 1.65139e-18 1.25552e-18 9.54538e-19 7.25704e-19 5.51725e-19 4.19451e-19 3.18887e-19 2.42432e-19 1.84305e-19 1.40114e-19 1.06518e-19 8.09772e-20 6.15598e-20 4.67981e-20 3.55759e-20 2.70446e-20 2.0559e-20 1.56286e-20 1.18805e-20 9.03119e-21 6.86519e-21
