0.34603 0.129029 0.0481131 0.0179407 0.0066898 0.00249453 0.000930171 0.000346847 0.000129334 4.82267e-05 1.7983e-05 6.70559e-06 2.50041e-06 9.32366e-07 3.47665e-07 1.29639e-07 4.83404e-08 1.80254e-08 6.72141e-09 2.50631e-09 9.34565e-10 3.48485e-10 1.29945e-10 4.84545e-11 1.80679e-11 6.73726e-12 2.51222e-12 9.3677e-13 3.49308e-13 1.30251e-13 4.85688e-14 1.81106e-14 6.75316e-15 2.51815e-15 9.3898e-16 3.50132e-16 1.30559e-16 4.86834e-17 1.81533e-17 6.76909e-18 2.52409e-18 9.41196e-19 3.50958e-19 1.30867e-19 4.87983e-20 1.81961e-20 6.78506e-21 2.53005e-21 9.43416e-22 3.51786e-22 1.31176e-22 4.89134e-23 1.82391e-23 6.80107e-24 2.53602e-24 9.45642e-25 3.52616e-25 1.31485e-25 4.90288e-26 1.82821e-26 6.81712e-27 2.542e-27 9.47873e-28 3.53448e-28 1.31795e-28 4.91445e-29 1.83252e-29 6.8332e-30 2.548e-30 9.5011e-31 3.54281e-31 1.32106e-31 4.92604e-32 1.83685e-32 6.84932e-33 2.55401e-33 9.52351e-34 3.55117e-34 1.32418e-34 4.93766e-35 1.84118e-35 6.86548e-36 2.56003e-36 9.54598e-37 3.55955e-37 1.3273e-37 4.94931e-38 1.84552e-38 6.88168e-39 2.56607e-39 9.5685e-40 3.56795e-40 1.33043e-40 4.96099e-41 1.84988e-41 6.89791e-42 2.57213e-42 9.59108e-43 3.57637e-43 1.33357e-43 4.97269e-44
0.129029 0.0644607 0.0301321 0.0135088 0.00588481 0.0025104 0.00105394 0.000436942 0.000179315 7.29741e-05 2.94893e-05 1.18457e-05 4.73387e-06 1.88332e-06 7.46308e-07 2.94712e-07 1.16018e-07 4.55451e-08 1.78347e-08 6.96781e-09 2.7166e-09 1.05713e-09 4.10651e-10 1.59265e-10 6.16765e-11 2.38518e-11 9.21227e-12 3.5538e-12 1.36941e-12 5.27136e-13 2.02715e-13 7.78838e-14 2.98973e-14 1.14673e-14 4.39494e-15 1.68317e-15 6.44169e-16 2.46369e-16 9.41672e-17 3.59711e-17 1.37329e-17 5.24003e-18 1.99839e-18 7.61751e-19 2.90228e-19 1.10527e-19 4.20735e-20 1.60091e-20 6.08908e-21 2.3151e-21 8.79884e-22 3.34293e-22 1.26963e-22 4.82044e-23 1.8296e-23 6.94211e-24 2.63328e-24 9.9857e-25 3.78563e-25 1.43477e-25 5.43641e-26 2.05936e-26 7.79913e-27 2.95296e-27 1.11781e-27 4.23041e-28 1.60067e-28 6.05525e-29 2.29019e-29 8.66016e-30 3.27413e-30 1.23761e-30 4.67727e-31 1.76736e-31 6.67698e-32 2.5221e-32 9.5252e-33 3.5968e-33 1.35797e-33 5.12621e-34 1.93481e-34 7.30161e-35 2.7551e-35 1.03943e-35 3.92097e-36 1.47889e-36 5.57725e-37 2.10305e-37 7.92916e-38 2.98917e-38 1.12674e-38 4.24665e-39 1.60037e-39 6.03038e-40 2.27208e-40 8.55962e-41 3.22434e-41 1.21446e-41 4.57385e-42 1.72241e-42 6.48562e-43
0.0481131 0.0301321 0.0165541 0.00844389 0.00410284 0.00192575 0.000880627 0.00039455 0.000173874 7.55849e-05 3.24815e-05 1.38218e-05 5.8317e-06 2.44224e-06 1.01607e-06 4.20261e-07 1.72916e-07 7.08103e-08 2.88733e-08 1.17274e-08 4.7463e-09 1.91463e-09 7.70016e-10 3.08817e-10 1.23531e-10 4.92949e-11 1.96268e-11 7.79802e-12 3.09216e-12 1.22387e-12 4.8356e-13 1.90745e-13 7.51243e-14 2.95441e-14 1.16027e-14 4.55063e-15 1.78255e-15 6.97417e-16 2.72553e-16 1.06399e-16 4.14934e-17 1.61655e-17 6.29201e-18 2.44679e-18 9.50662e-19 3.69059e-19 1.43159e-19 5.54889e-20 2.14918e-20 8.31827e-21 3.21733e-21 1.24357e-21 4.80364e-22 1.8544e-22 7.15448e-23 2.7587e-23 1.06314e-23 4.09491e-24 1.57642e-24 6.06571e-25 2.33282e-25 8.96756e-26 3.44564e-26 1.32334e-26 5.08027e-27 1.94949e-27 7.47786e-28 2.86723e-28 1.09896e-28 4.21053e-29 1.61263e-29 6.17417e-30 2.36305e-30 9.0411e-31 3.45802e-31 1.32219e-31 5.05392e-32 1.93121e-32 7.37735e-33 2.81739e-33 1.07565e-33 4.10559e-34 1.56662e-34 5.97634e-35 2.27927e-35 8.69058e-36 3.31279e-36 1.26251e-36 4.81032e-37 1.83237e-37 6.97835e-38 2.65704e-38 1.01146e-38 3.84953e-39 1.4648e-39 5.5726e-40 2.11959e-40 8.0605e-41 3.0647e-41 1.16502e-41 4.4279e-42
0.0179407 0.0135088 0.00844389 0.00477753 0.00253621 0.00128716 0.000631549 0.000301775 0.000141143 6.48528e-05 2.93558e-05 1.31185e-05 5.79739e-06 2.53708e-06 1.10072e-06 4.73875e-07 2.02599e-07 8.60763e-08 3.63626e-08 1.52815e-08 6.39147e-09 2.66151e-09 1.1038e-09 4.56056e-10 1.8777e-10 7.70577e-11 3.15269e-11 1.28619e-11 5.23318e-12 2.12387e-12 8.59921e-13 3.47387e-13 1.40038e-13 5.6338e-14 2.26219e-14 9.0671e-15 3.62792e-15 1.44921e-15 5.77998e-16 2.30181e-16 9.15358e-17 3.63511e-17 1.4417e-17 5.71063e-18 2.25928e-18 8.92797e-19 3.52413e-19 1.38958e-19 5.47356e-20 2.15389e-20 8.46759e-21 3.32579e-21 1.3051e-21 5.11702e-22 2.0046e-22 7.84676e-23 3.06912e-23 1.19952e-23 4.68476e-24 1.82834e-24 7.13064e-25 2.77914e-25 1.08246e-25 4.21348e-26 1.63909e-26 6.3725e-27 2.47608e-27 9.61562e-28 3.73209e-28 1.44776e-28 5.61328e-29 2.17529e-29 8.42569e-30 3.26201e-30 1.2623e-30 4.88251e-31 1.88769e-31 7.29508e-32 2.81803e-32 1.08813e-32 4.19994e-33 1.62044e-33 6.24965e-34 2.40943e-34 9.28569e-35 3.57732e-35 1.37768e-35 5.3038e-36 2.04118e-36 7.85292e-37 3.02024e-37 1.16122e-37 4.46324e-38 1.71497e-38 6.58766e-39 2.52976e-39 9.71191e-40 3.72741e-40 1.43018e-40 5.48599e-41 2.1038e-41
0.0066898 0.00588481 0.00410284 0.00253621 0.00145285 0.000788882 0.000411496 0.000207992 0.000102484 4.94404e-05 2.34284e-05 1.09329e-05 5.0342e-06 2.29102e-06 1.03182e-06 4.60406e-07 2.03722e-07 8.9463e-08 3.90166e-08 1.69088e-08 7.2855e-09 3.12235e-09 1.33154e-09 5.65239e-10 2.38919e-10 1.00586e-10 4.21889e-11 1.76335e-11 7.3459e-12 3.05073e-12 1.26325e-12 5.21641e-13 2.1484e-13 8.82626e-14 3.61753e-14 1.47935e-14 6.03672e-15 2.45835e-15 9.99169e-16 4.05346e-16 1.64149e-16 6.63605e-17 2.67836e-17 1.07931e-17 4.34282e-18 1.74488e-18 7.00089e-19 2.80517e-19 1.12254e-19 4.48646e-20 1.79095e-20 7.141e-21 2.84411e-21 1.13152e-21 4.49703e-22 1.78544e-22 7.08175e-23 2.80622e-23 1.11097e-23 4.39432e-24 1.73663e-24 6.85732e-25 2.7055e-25 1.06658e-25 4.20153e-26 1.65384e-26 6.50521e-27 2.55694e-27 1.00434e-27 3.94226e-28 1.54642e-28 6.06219e-29 2.37499e-29 9.29884e-30 3.63864e-30 1.42297e-30 5.56173e-31 2.17262e-31 8.48248e-32 3.31004e-32 1.29098e-32 5.03256e-33 1.96085e-33 7.63644e-34 2.97257e-34 1.15658e-34 4.49802e-35 1.74854e-35 6.79429e-36 2.63893e-36 1.02455e-36 3.97613e-37 1.54246e-37 5.98138e-38 2.31857e-38 8.98418e-39 3.47997e-39 1.34746e-39 5.2156e-40 2.01809e-40 7.80603e-41
0.00249453 0.0025104 0.00192575 0.00128716 0.000788882 0.000454953 0.000250666 0.000133251 6.88084e-05 3.46852e-05 1.7131e-05 8.31389e-06 3.97366e-06 1.87386e-06 8.7317e-07 4.02549e-07 1.83804e-07 8.31954e-08 3.73583e-08 1.66537e-08 7.37432e-09 3.24524e-09 1.41998e-09 6.18022e-10 2.67652e-10 1.15377e-10 4.95203e-11 2.11677e-11 9.01352e-12 3.82422e-12 1.61698e-12 6.81495e-13 2.86343e-13 1.19962e-13 5.01189e-14 2.08839e-14 8.68026e-15 3.59925e-15 1.489e-15 6.1465e-16 2.53192e-16 1.04087e-16 4.27079e-17 1.7491e-17 7.15068e-18 2.91835e-18 1.18908e-18 4.83722e-19 1.96479e-19 7.96885e-20 3.22742e-20 1.30533e-20 5.27234e-21 2.12682e-21 8.5687e-22 3.44808e-22 1.3859e-22 5.5641e-23 2.23142e-23 8.93934e-24 3.57751e-24 1.43027e-24 5.71261e-25 2.2795e-25 9.08745e-26 3.61956e-26 1.44043e-26 5.7274e-27 2.27544e-27 9.03279e-28 3.58292e-28 1.42011e-28 5.62445e-29 2.22599e-29 8.80353e-30 3.47928e-30 1.37413e-30 5.4235e-31 2.13919e-31 8.43229e-32 3.3218e-32 1.30779e-32 5.14575e-33 2.02352e-33 7.95279e-34 3.12386e-34 1.22639e-34 4.81211e-35 1.8872e-35 7.39737e-36 2.89815e-36 1.13489e-36 4.44198e-37 1.73778e-37 6.7954e-38 2.65606e-38 1.03769e-38 4.05239e-39 1.58186e-39 6.17224e-40 2.40735e-40
0.000930171 0.00105394 0.000880627 0.000631549 0.000411496 0.000250666 0.000145175 8.08096e-05 4.35578e-05 2.2859e-05 1.17276e-05 5.90053e-06 2.91872e-06 1.4223e-06 6.83925e-07 3.24972e-07 1.52761e-07 7.11114e-08 3.28093e-08 1.50145e-08 6.81965e-09 3.07608e-09 1.3786e-09 6.14156e-10 2.72078e-10 1.19906e-10 5.25848e-11 2.29552e-11 9.97746e-12 4.319e-12 1.86237e-12 8.0013e-13 3.42568e-13 1.46184e-13 6.21859e-14 2.63746e-14 1.11543e-14 4.70452e-15 1.97906e-15 8.30464e-16 3.47654e-16 1.45204e-16 6.05144e-17 2.51664e-17 1.04449e-17 4.32652e-18 1.78878e-18 7.38223e-19 3.04131e-19 1.25084e-19 5.13609e-20 2.10563e-20 8.61926e-21 3.52305e-21 1.43796e-21 5.86107e-22 2.38575e-22 9.69862e-23 3.93775e-23 1.59682e-23 6.46765e-24 2.6166e-24 1.05741e-24 4.26848e-25 1.72125e-25 6.93374e-26 2.79032e-26 1.1218e-26 4.50574e-27 1.80805e-27 7.24877e-28 2.90358e-28 1.16206e-28 4.64687e-29 1.85667e-29 7.41245e-30 2.95698e-30 1.1787e-30 4.695e-31 1.86874e-31 7.43283e-32 2.9543e-32 1.17344e-32 4.65773e-33 1.84758e-33 7.32414e-34 2.90159e-34 1.14881e-34 4.5457e-35 1.79762e-35 7.10464e-36 2.80634e-36 1.10789e-36 4.37139e-37 1.72389e-37 6.7947e-38 2.67676e-38 1.05397e-38 4.14793e-39 1.63164e-39 6.41519e-40
0.000346847 0.000436942 0.00039455 0.000301775 0.000207992 0.000133251 8.08096e-05 4.69383e-05 2.63263e-05 1.43418e-05 7.62243e-06 3.96591e-06 2.02551e-06 1.0177e-06 5.03941e-07 2.46305e-07 1.18973e-07 5.68562e-08 2.69069e-08 1.262e-08 5.8704e-09 2.70996e-09 1.24218e-09 5.65643e-10 2.55994e-10 1.15191e-10 5.15535e-11 2.29559e-11 1.01731e-11 4.48793e-12 1.97145e-12 8.62514e-13 3.75905e-13 1.63231e-13 7.0635e-14 3.04647e-14 1.30979e-14 5.61429e-15 2.39957e-15 1.02275e-15 4.34767e-16 1.84348e-16 7.79757e-17 3.29049e-17 1.38542e-17 5.82047e-18 2.4402e-18 1.02098e-18 4.26343e-19 1.77699e-19 7.39305e-20 3.07042e-20 1.27301e-20 5.26932e-21 2.17763e-21 8.9855e-22 3.70212e-22 1.5231e-22 6.2574e-23 2.56723e-23 1.05186e-23 4.3042e-24 1.75906e-24 7.18021e-25 2.92737e-25 1.19211e-25 4.84915e-26 1.97033e-26 7.99735e-27 3.24266e-27 1.31346e-27 5.31494e-28 2.14863e-28 8.67788e-29 3.50159e-29 1.41165e-29 5.68597e-30 2.28828e-30 9.2013e-31 3.69685e-31 1.48411e-31 5.95329e-32 2.38624e-32 9.55752e-33 3.82521e-33 1.52986e-33 6.11422e-34 2.44191e-34 9.74592e-35 3.88712e-35 1.54935e-35 6.17151e-36 2.45676e-36 9.77386e-37 3.88604e-37 1.54416e-37 6.1323e-38 2.43392e-38 9.65489e-39 3.82779e-39 1.51675e-39
0.000129334 0.000179315 0.000173874 0.000141143 0.000102484 6.88084e-05 4.35578e-05 2.63263e-05 1.53244e-05 8.64534e-06 4.74942e-06 2.55008e-06 1.34209e-06 6.93988e-07 3.53265e-07 1.77309e-07 8.78682e-08 4.30438e-08 2.08641e-08 1.00157e-08 4.76516e-09 2.24846e-09 1.05283e-09 4.89472e-10 2.26047e-10 1.03742e-10 4.73328e-11 2.1477e-11 9.69447e-12 4.35452e-12 1.94686e-12 8.66595e-13 3.84131e-13 1.69595e-13 7.45934e-14 3.26903e-14 1.42771e-14 6.21479e-15 2.69677e-15 1.16667e-15 5.03264e-16 2.16489e-16 9.28781e-17 3.97444e-17 1.69654e-17 7.2247e-18 3.06958e-18 1.30129e-18 5.50484e-19 2.3239e-19 9.79095e-20 4.11713e-20 1.72804e-20 7.23981e-21 3.0279e-21 1.26421e-21 5.26963e-22 2.19305e-22 9.11264e-23 3.78082e-23 1.56636e-23 6.48008e-24 2.67712e-24 1.10452e-24 4.551e-25 1.87279e-25 7.69716e-26 3.15971e-26 1.29554e-26 5.30585e-27 2.17056e-27 8.86981e-28 3.6207e-28 1.47644e-28 6.01449e-29 2.44765e-29 9.95123e-30 4.04196e-30 1.64022e-30 6.64996e-31 2.6937e-31 1.09019e-31 4.40843e-32 1.78116e-32 7.19067e-33 2.9006e-33 1.16914e-33 4.70881e-34 1.89509e-34 7.62126e-35 3.06274e-35 1.22995e-35 4.93583e-36 1.97942e-36 7.93275e-37 3.17706e-37 1.27159e-37 5.08618e-38 2.03314e-38 8.12228e-39 3.24286e-39
4.82267e-05 7.29741e-05 7.55849e-05 6.48528e-05 4.94404e-05 3.46852e-05 2.2859e-05 1.43418e-05 8.64534e-06 5.04065e-06 2.85693e-06 1.58019e-06 8.55579e-07 4.54606e-07 2.37535e-07 1.22259e-07 6.20763e-08 3.11314e-08 1.54369e-08 7.57555e-09 3.68222e-09 1.77402e-09 8.4768e-10 4.01954e-10 1.89238e-10 8.84968e-11 4.11253e-11 1.89983e-11 8.7275e-12 3.98813e-12 1.81333e-12 8.2058e-13 3.69665e-13 1.65818e-13 7.40771e-14 3.29643e-14 1.46146e-14 6.45633e-15 2.84254e-15 1.24741e-15 5.45699e-16 2.38008e-16 1.03509e-16 4.48908e-17 1.94167e-17 8.37675e-18 3.60493e-18 1.54767e-18 6.62911e-19 2.8331e-19 1.20817e-19 5.1415e-20 2.1836e-20 9.25557e-21 3.9157e-21 1.65355e-21 6.97026e-22 2.93311e-22 1.23218e-22 5.1679e-23 2.16402e-23 9.04772e-24 3.77715e-24 1.57454e-24 6.55427e-25 2.72454e-25 1.13103e-25 4.68905e-26 1.9415e-26 8.02874e-27 3.31609e-27 1.368e-27 5.63693e-28 2.32009e-28 9.53859e-29 3.91736e-29 1.6071e-29 6.58627e-30 2.69648e-30 1.10287e-30 4.50642e-31 1.83961e-31 7.50266e-32 3.0571e-32 1.24457e-32 5.06228e-33 2.05733e-33 8.35403e-34 3.38947e-34 1.3741e-34 5.56623e-35 2.25303e-35 9.11261e-36 3.68294e-36 1.4874e-36 6.00275e-37 2.42083e-37 9.75617e-38 3.92914e-38 1.58134e-38 6.36017e-39
1.7983e-05 2.94893e-05 3.24815e-05 2.93558e-05 2.34284e-05 1.7131e-05 1.17276e-05 7.62243e-06 4.74942e-06 2.85693e-06 1.66788e-06 9.4889e-07 5.27797e-07 2.87781e-07 1.54149e-07 8.12628e-08 4.22256e-08 2.16551e-08 1.09732e-08 5.49943e-09 2.72826e-09 1.3408e-09 6.53198e-10 3.15633e-10 1.51359e-10 7.20667e-11 3.40836e-11 1.60181e-11 7.48322e-12 3.47631e-12 1.60631e-12 7.38488e-13 3.37884e-13 1.53888e-13 6.97825e-14 3.15124e-14 1.41739e-14 6.3511e-15 2.83547e-15 1.2615e-15 5.59365e-16 2.47233e-16 1.08937e-16 4.7858e-17 2.09647e-17 9.15854e-18 3.99032e-18 1.7341e-18 7.51733e-19 3.25096e-19 1.40267e-19 6.03841e-20 2.59387e-20 1.11189e-20 4.75651e-21 2.03075e-21 8.6535e-22 3.6806e-22 1.56264e-22 6.62275e-23 2.80204e-23 1.18356e-23 4.99116e-24 2.10151e-24 8.83476e-25 3.70861e-25 1.55452e-25 6.50674e-26 2.71977e-26 1.13531e-26 4.73287e-27 1.97051e-27 8.19382e-28 3.40301e-28 1.41163e-28 5.84882e-29 2.42058e-29 1.00066e-29 4.13216e-30 1.70453e-30 7.02387e-31 2.89137e-31 1.18903e-31 4.88493e-32 2.00495e-32 8.2213e-33 3.36803e-33 1.37853e-33 5.63732e-34 2.3033e-34 9.40279e-35 3.8353e-35 1.56309e-35 6.36531e-36 2.59006e-36 1.05308e-36 4.27843e-37 1.73692e-37 7.04622e-38 2.85639e-38 1.1571e-38
6.70559e-06 1.18457e-05 1.38218e-05 1.31185e-05 1.09329e-05 8.31389e-06 5.90053e-06 3.96591e-06 2.55008e-06 1.58019e-06 9.4889e-07 5.54542e-07 3.1648e-07 1.76868e-07 9.7013e-08 5.23254e-08 2.77967e-08 1.45635e-08 7.53431e-09 3.85274e-09 1.94911e-09 9.76304e-10 4.84531e-10 2.38405e-10 1.16362e-10 5.63675e-11 2.71121e-11 1.29537e-11 6.15016e-12 2.9026e-12 1.36218e-12 6.35848e-13 2.95297e-13 1.36476e-13 6.27839e-14 2.87556e-14 1.31149e-14 5.95742e-15 2.69571e-15 1.21529e-15 5.45934e-16 2.4441e-16 1.09062e-16 4.85126e-17 2.15137e-17 9.51265e-18 4.1943e-18 1.8443e-18 8.0883e-19 3.53815e-19 1.54392e-19 6.72101e-20 2.91905e-20 1.26496e-20 5.46975e-21 2.36018e-21 1.01633e-21 4.36778e-22 1.87349e-22 8.02096e-23 3.42776e-23 1.46226e-23 6.22718e-24 2.64745e-24 1.12371e-24 4.762e-25 2.01488e-25 8.51241e-26 3.59099e-26 1.51269e-26 6.3632e-27 2.67303e-27 1.12138e-27 4.69818e-28 1.96586e-28 8.21544e-29 3.42909e-29 1.42958e-29 5.95289e-30 2.476e-30 1.0287e-30 4.26921e-31 1.76987e-31 7.32956e-32 3.03226e-32 1.25319e-32 5.17412e-33 2.1342e-33 8.79469e-34 3.62076e-34 1.4893e-34 6.12033e-35 2.51295e-35 1.0309e-35 4.22553e-36 1.73055e-36 7.08159e-37 2.89553e-37 1.18299e-37 4.82946e-38 1.97008e-38
2.50041e-06 4.73387e-06 5.8317e-06 5.79739e-06 5.0342e-06 3.97366e-06 2.91872e-06 2.02551e-06 1.34209e-06 8.55579e-07 5.27797e-07 3.1648e-07 1.85114e-07 1.05925e-07 5.94359e-08 3.27683e-08 1.77803e-08 9.50877e-09 5.01817e-09 2.61618e-09 1.34865e-09 6.8801e-10 3.47598e-10 1.74032e-10 8.63979e-11 4.2553e-11 2.08025e-11 1.00983e-11 4.86965e-12 2.33357e-12 1.11163e-12 5.2656e-13 2.48087e-13 1.1629e-13 5.42452e-14 2.51862e-14 1.16421e-14 5.35866e-15 2.45646e-15 1.12167e-15 5.10262e-16 2.31289e-16 1.04475e-16 4.70348e-17 2.11072e-17 9.44273e-18 4.21178e-18 1.87318e-18 8.30775e-19 3.67465e-19 1.62112e-19 7.13376e-20 3.13155e-20 1.37142e-20 5.99219e-21 2.61235e-21 1.13641e-21 4.9332e-22 2.13715e-22 9.24013e-23 3.98734e-23 1.71741e-23 7.38361e-24 3.16878e-24 1.35757e-24 5.80627e-25 2.47924e-25 1.05692e-25 4.49867e-26 1.91189e-26 8.11325e-27 3.4379e-27 1.4547e-27 6.14681e-28 2.5938e-28 1.09306e-28 4.60035e-29 1.93368e-29 8.11778e-30 3.40378e-30 1.42551e-30 5.96308e-31 2.49159e-31 1.03991e-31 4.33549e-32 1.80557e-32 7.51163e-33 3.1218e-33 1.29609e-33 5.37571e-34 2.22747e-34 9.2209e-35 3.81353e-35 1.57573e-35 6.50491e-36 2.68297e-36 1.10564e-36 4.55236e-37 1.87282e-37 7.6983e-38 3.16185e-38
9.32366e-07 1.88332e-06 2.44224e-06 2.53708e-06 2.29102e-06 1.87386e-06 1.4223e-06 1.0177e-06 6.93988e-07 4.54606e-07 2.87781e-07 1.76868e-07 1.05925e-07 6.20019e-08 3.55584e-08 2.00218e-08 1.10877e-08 6.04787e-09 3.25346e-09 1.72803e-09 9.0708e-10 4.70979e-10 2.42076e-10 1.23251e-10 6.21986e-11 3.11289e-11 1.54581e-11 7.61991e-12 3.73014e-12 1.81403e-12 8.76714e-13 4.21212e-13 2.01233e-13 9.5625e-14 4.52089e-14 2.12696e-14 9.96018e-15 4.64341e-15 2.15551e-15 9.96508e-16 4.58882e-16 2.10512e-16 9.62215e-17 4.38273e-17 1.98953e-17 9.00207e-18 4.0604e-18 1.8259e-18 8.18676e-19 3.66029e-19 1.63202e-19 7.25745e-20 3.21902e-20 1.42423e-20 6.28617e-21 2.76804e-21 1.2161e-21 5.33093e-22 2.33186e-22 1.01788e-22 4.43408e-23 1.92776e-23 8.36498e-24 3.62295e-24 1.56626e-24 6.75918e-25 2.91185e-25 1.2523e-25 5.37687e-26 2.30489e-26 9.86478e-27 4.21557e-27 1.79876e-27 7.66393e-28 3.26068e-28 1.38533e-28 5.87766e-29 2.49042e-29 1.05383e-29 4.45357e-30 1.87975e-30 7.92423e-31 3.33649e-31 1.40316e-31 5.89419e-32 2.47313e-32 1.03654e-32 4.33959e-33 1.81488e-33 7.58212e-34 3.16436e-34 1.31929e-34 5.49497e-35 2.28647e-35 9.50497e-36 3.94755e-36 1.63796e-36 6.79024e-37 2.81241e-37 1.16384e-37 4.81208e-38
3.47665e-07 7.46308e-07 1.01607e-06 1.10072e-06 1.03182e-06 8.7317e-07 6.83925e-07 5.03941e-07 3.53265e-07 2.37535e-07 1.54149e-07 9.7013e-08 5.94359e-08 3.55584e-08 2.08266e-08 1.19675e-08 6.75892e-09 3.75761e-09 2.05912e-09 1.1135e-09 5.94812e-10 3.14147e-10 1.64171e-10 8.49526e-11 4.35561e-11 2.21391e-11 1.11618e-11 5.58435e-12 2.77373e-12 1.36828e-12 6.70595e-13 3.26636e-13 1.58167e-13 7.6162e-14 3.6479e-14 1.73834e-14 8.24345e-15 3.89097e-15 1.82837e-15 8.5548e-16 3.98626e-16 1.85013e-16 8.55431e-17 3.94071e-17 1.80896e-17 8.27569e-18 3.77355e-18 1.71521e-18 7.77228e-19 3.51149e-19 1.58192e-19 7.10674e-20 3.18409e-20 1.42287e-20 6.34222e-21 2.82001e-21 1.2509e-21 5.53584e-22 2.44437e-22 1.07695e-22 4.73479e-23 2.07731e-23 9.09548e-24 3.9746e-24 1.73352e-24 7.54659e-25 3.2793e-25 1.42246e-25 6.15947e-26 2.66263e-26 1.14911e-26 4.95119e-27 2.12996e-27 9.14881e-28 3.92376e-28 1.68035e-28 7.18573e-29 3.06852e-29 1.30854e-29 5.5726e-30 2.37003e-30 1.00667e-30 4.2704e-31 1.8093e-31 7.65634e-32 3.23604e-32 1.36614e-32 5.76077e-33 2.42647e-33 1.02091e-33 4.29074e-34 1.80141e-34 7.55505e-35 3.16532e-35 1.32483e-35 5.5395e-36 2.31398e-36 9.65681e-37 4.02624e-37 1.67712e-37 6.97968e-38
1.29639e-07 2.94712e-07 4.20261e-07 4.73875e-07 4.60406e-07 4.02549e-07 3.24972e-07 2.46305e-07 1.77309e-07 1.22259e-07 8.12628e-08 5.23254e-08 3.27683e-08 2.00218e-08 1.19675e-08 7.0131e-09 4.03676e-09 2.28593e-09 1.27526e-09 7.01705e-10 3.81232e-10 2.04693e-10 1.08705e-10 5.7141e-11 2.97498e-11 1.53501e-11 7.85351e-12 3.98612e-12 2.008e-12 1.00433e-12 4.98948e-13 2.46287e-13 1.2083e-13 5.89354e-14 2.85869e-14 1.37928e-14 6.62121e-15 3.16308e-15 1.50405e-15 7.11987e-16 3.35598e-16 1.57534e-16 7.36555e-17 3.43065e-17 1.59201e-17 7.36163e-18 3.39243e-18 1.55815e-18 7.1337e-19 3.25593e-19 1.48161e-19 6.72248e-20 3.04161e-20 1.37244e-20 6.17633e-21 2.77238e-21 1.24134e-21 5.54469e-22 2.47081e-22 1.09851e-22 4.87307e-23 2.15704e-23 9.52787e-24 4.1999e-24 1.84761e-24 8.11211e-25 3.55491e-25 1.55494e-25 6.7891e-26 2.95897e-26 1.28741e-26 5.5919e-27 2.42485e-27 1.0498e-27 4.5378e-28 1.95845e-28 8.43966e-29 3.63158e-29 1.5604e-29 6.69521e-30 2.86872e-30 1.22751e-30 5.24543e-31 2.23858e-31 9.54131e-32 4.06163e-32 1.72687e-32 7.3332e-33 3.1104e-33 1.31775e-33 5.57645e-34 2.3572e-34 9.95312e-35 4.19811e-35 1.76884e-35 7.44515e-36 3.13051e-36 1.31498e-36 5.5182e-37 2.31342e-37 9.6894e-38
4.83404e-08 1.16018e-07 1.72916e-07 2.02599e-07 2.03722e-07 1.83804e-07 1.52761e-07 1.18973e-07 8.78682e-08 6.20763e-08 4.22256e-08 2.77967e-08 1.77803e-08 1.10877e-08 6.75892e-09 4.03676e-09 2.36669e-09 1.36432e-09 7.74409e-10 4.33352e-10 2.39329e-10 1.30572e-10 7.04319e-11 3.75909e-11 1.98648e-11 1.04001e-11 5.39734e-12 2.778e-12 1.4187e-12 7.19178e-13 3.62023e-13 1.81026e-13 8.99482e-14 4.44243e-14 2.18145e-14 1.06532e-14 5.17516e-15 2.50138e-15 1.20319e-15 5.76069e-16 2.74586e-16 1.30323e-16 6.15989e-17 2.90001e-17 1.36007e-17 6.35508e-18 2.9589e-18 1.37291e-18 6.34905e-19 2.92668e-19 1.34489e-19 6.16148e-20 2.81457e-20 1.28205e-20 5.82373e-21 2.63837e-21 1.19218e-21 5.37344e-22 2.416e-22 1.08369e-22 4.84957e-23 2.16531e-23 9.64674e-24 4.28854e-24 1.90253e-24 8.42301e-25 3.72169e-25 1.64124e-25 7.22404e-26 3.17385e-26 1.3919e-26 6.09348e-27 2.66302e-27 1.16185e-27 5.06074e-28 2.20078e-28 9.55553e-29 4.14251e-29 1.79315e-29 7.75048e-30 3.34512e-30 1.44171e-30 6.20502e-31 2.66696e-31 1.14475e-31 4.90722e-32 2.10089e-32 8.98308e-33 3.83629e-33 1.63633e-33 6.9713e-34 2.96654e-34 1.26092e-34 5.3535e-35 2.27043e-35 9.61847e-36 4.07043e-36 1.72076e-36 7.26695e-37 3.0658e-37 1.29212e-37
1.80254e-08 4.55451e-08 7.08103e-08 8.60763e-08 8.9463e-08 8.31954e-08 7.11114e-08 5.68562e-08 4.30438e-08 3.11314e-08 2.16551e-08 1.45635e-08 9.50877e-09 6.04787e-09 3.75761e-09 2.28593e-09 1.36432e-09 8.00204e-10 4.61905e-10 2.62737e-10 1.47431e-10 8.16926e-11 4.47384e-11 2.42337e-11 1.29928e-11 6.89926e-12 3.63049e-12 1.89415e-12 9.80291e-13 5.0347e-13 2.56708e-13 1.29991e-13 6.53937e-14 3.26922e-14 1.62466e-14 8.02793e-15 3.94527e-15 1.92878e-15 9.38237e-16 4.54209e-16 2.18873e-16 1.05003e-16 5.01597e-17 2.38627e-17 1.13073e-17 5.3375e-18 2.5102e-18 1.17633e-18 5.49348e-19 2.55691e-19 1.18625e-19 5.48626e-20 2.52963e-20 1.16294e-20 5.33109e-21 2.43707e-21 1.11109e-21 5.05234e-22 2.29155e-22 1.03679e-22 4.67952e-23 2.10714e-23 9.46658e-24 4.24351e-24 1.89807e-24 8.47192e-25 3.77358e-25 1.67745e-25 7.44204e-26 3.29534e-26 1.45644e-26 6.42525e-27 2.82949e-27 1.24385e-27 5.45861e-28 2.39149e-28 1.04603e-28 4.56797e-29 1.99168e-29 8.67061e-30 3.76899e-30 1.63591e-30 7.09032e-31 3.06872e-31 1.32631e-31 5.72456e-32 2.46751e-32 1.0622e-32 4.56663e-33 1.96082e-33 8.40893e-34 3.60178e-34 1.5409e-34 6.58449e-35 2.81041e-35 1.19819e-35 5.1027e-36 2.1707e-36 9.22429e-37 3.91568e-37 1.66047e-37
6.72141e-09 1.78347e-08 2.88733e-08 3.63626e-08 3.90166e-08 3.73583e-08 3.28093e-08 2.69069e-08 2.08641e-08 1.54369e-08 1.09732e-08 7.53431e-09 5.01817e-09 3.25346e-09 2.05912e-09 1.27526e-09 7.74409e-10 4.61905e-10 2.71016e-10 1.56625e-10 8.92588e-11 5.0211e-11 2.79058e-11 1.5335e-11 8.33837e-12 4.48914e-12 2.39433e-12 1.26583e-12 6.63662e-13 3.45215e-13 1.78229e-13 9.13648e-14 4.65197e-14 2.35338e-14 1.18323e-14 5.91416e-15 2.93947e-15 1.45312e-15 7.14638e-16 3.49715e-16 1.70322e-16 8.25718e-17 3.98543e-17 1.91544e-17 9.16813e-18 4.37091e-18 2.07588e-18 9.82263e-19 4.63127e-19 2.17606e-19 1.01903e-19 4.75658e-20 2.21328e-20 1.02672e-20 4.74878e-21 2.1901e-21 1.00724e-21 4.61981e-22 2.11334e-22 9.64268e-23 4.38876e-23 1.99264e-23 9.02585e-24 4.07891e-24 1.83917e-24 8.27461e-25 3.71487e-25 1.6643e-25 7.44104e-26 3.32025e-26 1.47864e-26 6.5725e-27 2.91602e-27 1.29141e-27 5.70903e-28 2.51946e-28 1.10998e-28 4.88202e-29 2.14376e-29 9.39852e-30 4.114e-30 1.79806e-30 7.84681e-31 3.41934e-31 1.48787e-31 6.4651e-32 2.80532e-32 1.21562e-32 5.2606e-33 2.27354e-33 9.81322e-34 4.23031e-34 1.82135e-34 7.83225e-35 3.36403e-35 1.44319e-35 6.18421e-36 2.64699e-36 1.13171e-36 4.83329e-37 2.06197e-37
2.50631e-09 6.96781e-09 1.17274e-08 1.52815e-08 1.69088e-08 1.66537e-08 1.50145e-08 1.262e-08 1.00157e-08 7.57555e-09 5.49943e-09 3.85274e-09 2.61618e-09 1.72803e-09 1.1135e-09 7.01705e-10 4.33352e-10 2.62737e-10 1.56625e-10 9.19272e-11 5.31833e-11 3.03602e-11 1.71171e-11 9.53917e-12 5.2585e-12 2.86928e-12 1.55062e-12 8.30412e-13 4.40914e-13 2.32211e-13 1.21356e-13 6.2959e-14 3.24357e-14 1.65996e-14 8.44145e-15 4.26678e-15 2.14418e-15 1.07153e-15 5.3264e-16 2.63413e-16 1.29629e-16 6.3491e-17 3.09558e-17 1.50267e-17 7.26351e-18 3.49667e-18 1.67667e-18 8.00909e-19 3.81168e-19 1.80759e-19 8.5424e-20 4.02352e-20 1.88895e-20 8.84031e-21 4.12464e-21 1.91873e-21 8.89999e-22 4.11668e-22 1.89898e-22 8.73657e-23 4.00904e-23 1.83505e-23 8.37897e-24 3.81678e-24 1.73457e-24 7.86508e-25 3.55838e-25 1.60643e-25 7.23696e-26 3.25354e-26 1.45976e-26 6.53661e-27 2.92139e-27 1.3032e-27 5.80272e-28 2.57913e-28 1.14432e-28 5.06848e-29 2.24117e-29 9.89356e-30 4.36042e-30 1.91874e-30 8.43002e-31 3.69811e-31 1.61988e-31 7.08515e-32 3.09451e-32 1.34965e-32 5.87831e-33 2.55678e-33 1.11059e-33 4.8178e-34 2.08729e-34 9.03173e-35 3.90319e-35 1.68477e-35 7.26339e-36 3.12772e-36 1.34528e-36 5.7797e-37 2.48034e-37
9.34565e-10 2.7166e-09 4.7463e-09 6.39147e-09 7.2855e-09 7.37432e-09 6.81965e-09 5.8704e-09 4.76516e-09 3.68222e-09 2.72826e-09 1.94911e-09 1.34865e-09 9.0708e-10 5.94812e-10 3.81232e-10 2.39329e-10 1.47431e-10 8.92588e-11 5.31833e-11 3.12235e-11 1.80814e-11 1.03379e-11 5.84052e-12 3.26296e-12 1.80389e-12 9.87445e-13 5.35504e-13 2.8786e-13 1.53451e-13 8.11544e-14 4.25972e-14 2.2199e-14 1.14898e-14 5.90822e-15 3.01918e-15 1.53365e-15 7.74597e-16 3.89082e-16 1.94409e-16 9.66476e-17 4.78133e-17 2.35433e-17 1.15404e-17 5.63225e-18 2.73724e-18 1.32489e-18 6.38759e-19 3.06792e-19 1.46809e-19 7.00025e-20 3.3264e-20 1.57537e-20 7.43666e-21 3.49949e-21 1.64173e-21 7.67904e-22 3.58143e-22 1.66565e-22 7.72542e-23 3.57358e-23 1.64877e-23 7.58782e-24 3.48341e-24 1.59533e-24 7.28916e-25 3.32287e-25 1.5114e-25 6.85964e-26 3.1067e-26 1.40409e-26 6.33297e-27 2.85075e-27 1.28076e-27 5.74317e-28 2.57057e-28 1.14846e-28 5.12191e-29 2.28029e-29 1.01346e-29 4.49676e-30 1.99195e-30 8.80972e-31 3.8901e-31 1.7151e-31 7.55025e-32 3.31885e-32 1.45674e-32 6.38491e-33 2.79459e-33 1.22147e-33 5.33164e-34 2.32413e-34 1.0118e-34 4.39918e-35 1.9103e-35 8.285e-36 3.58885e-36 1.55274e-36 6.71012e-37 2.89641e-37
3.48485e-10 1.05713e-09 1.91463e-09 2.66151e-09 3.12235e-09 3.24524e-09 3.07608e-09 2.70996e-09 2.24846e-09 1.77402e-09 1.3408e-09 9.76304e-10 6.8801e-10 4.70979e-10 3.14147e-10 2.04693e-10 1.30572e-10 8.16926e-11 5.0211e-11 3.03602e-11 1.80814e-11 1.06182e-11 6.15437e-12 3.52369e-12 1.99448e-12 1.11681e-12 6.19049e-13 3.39868e-13 1.84911e-13 9.97443e-14 5.33676e-14 2.83338e-14 1.49325e-14 7.81461e-15 4.06227e-15 2.09819e-15 1.0771e-15 5.49679e-16 2.78942e-16 1.40788e-16 7.06892e-17 3.53155e-17 1.75583e-17 8.6892e-18 4.28084e-18 2.0999e-18 1.02577e-18 4.99053e-19 2.41849e-19 1.16761e-19 5.61643e-20 2.69202e-20 1.28588e-20 6.12168e-21 2.9049e-21 1.37412e-21 6.48017e-22 3.04688e-22 1.42845e-22 6.67812e-23 3.11351e-23 1.44773e-23 6.71416e-24 3.10596e-24 1.43326e-24 6.59792e-25 3.03016e-25 1.38844e-25 6.34768e-26 2.89568e-26 1.31812e-26 5.98759e-27 2.71432e-27 1.228e-27 5.54484e-28 2.49889e-28 1.12406e-28 5.04706e-29 2.26207e-29 1.01206e-29 4.52025e-30 2.0155e-30 8.97188e-31 3.98731e-31 1.76923e-31 7.8381e-32 3.46715e-32 1.53137e-32 6.7538e-33 2.97431e-33 1.308e-33 5.74411e-34 2.51908e-34 1.10326e-34 4.82543e-35 2.10781e-35 9.19538e-36 4.00648e-36 1.74349e-36 7.57791e-37 3.28972e-37
1.29945e-10 4.10651e-10 7.70016e-10 1.1038e-09 1.33154e-09 1.41998e-09 1.3786e-09 1.24218e-09 1.05283e-09 8.4768e-10 6.53198e-10 4.84531e-10 3.47598e-10 2.42076e-10 1.64171e-10 1.08705e-10 7.04319e-11 4.47384e-11 2.79058e-11 1.71171e-11 1.03379e-11 6.15437e-12 3.61498e-12 2.09693e-12 1.20215e-12 6.81613e-13 3.82474e-13 2.12521e-13 1.16997e-13 6.38445e-14 3.45501e-14 1.85493e-14 9.88381e-15 5.22867e-15 2.74707e-15 1.43381e-15 7.43663e-16 3.8339e-16 1.96513e-16 1.00167e-16 5.07855e-17 2.56165e-17 1.28573e-17 6.42249e-18 3.19344e-18 1.58082e-18 7.79189e-19 3.82471e-19 1.86986e-19 9.10611e-20 4.41794e-20 2.13561e-20 1.02869e-20 4.93809e-21 2.36256e-21 1.12668e-21 5.35614e-22 2.53848e-22 1.1995e-22 5.65162e-23 2.65533e-23 1.24415e-23 5.81383e-24 2.70969e-24 1.25972e-24 5.84183e-25 2.70254e-25 1.2473e-25 5.74334e-26 2.63864e-26 1.20959e-26 5.53304e-27 2.52565e-27 1.15051e-27 5.23034e-28 2.3731e-28 1.07464e-28 4.85725e-29 2.19136e-29 9.86852e-30 4.43628e-30 1.99081e-30 8.91868e-31 3.98883e-31 1.78106e-31 7.93985e-32 3.53396e-32 1.5705e-32 6.96874e-33 3.08762e-33 1.36602e-33 6.03482e-34 2.66231e-34 1.17287e-34 5.16e-35 2.26708e-35 9.94744e-36 4.35907e-36 1.90776e-36 8.3389e-37 3.64048e-37
4.84545e-11 1.59265e-10 3.08817e-10 4.56056e-10 5.65239e-10 6.18022e-10 6.14156e-10 5.65643e-10 4.89472e-10 4.01954e-10 3.15633e-10 2.38405e-10 1.74032e-10 1.23251e-10 8.49526e-11 5.7141e-11 3.75909e-11 2.42337e-11 1.5335e-11 9.53917e-12 5.84052e-12 3.52369e-12 2.09693e-12 1.23197e-12 7.15148e-13 4.10474e-13 2.33106e-13 1.31057e-13 7.29857e-14 4.02816e-14 2.20427e-14 1.19644e-14 6.44405e-15 3.44525e-15 1.82903e-15 9.6448e-16 5.05317e-16 2.63117e-16 1.36194e-16 7.00956e-17 3.58794e-17 1.82688e-17 9.25482e-18 4.66554e-18 2.34091e-18 1.1692e-18 5.81403e-19 2.87885e-19 1.41961e-19 6.97252e-20 3.41139e-20 1.66282e-20 8.07577e-21 3.90833e-21 1.885e-21 9.06128e-22 4.34174e-22 2.07384e-22 9.87547e-23 4.68867e-23 2.21965e-23 1.04784e-23 4.93299e-24 2.31613e-24 1.08463e-24 5.06632e-25 2.36061e-25 1.09724e-25 5.08803e-26 2.35392e-26 1.08655e-26 5.00437e-27 2.2999e-27 1.05475e-27 4.82714e-28 2.20471e-28 1.00497e-28 4.57206e-29 2.07608e-29 9.40955e-30 4.25697e-30 1.92245e-30 8.6666e-31 3.90028e-31 1.75231e-31 7.85974e-32 3.51966e-32 1.57362e-32 7.02463e-33 3.13097e-33 1.39342e-33 6.19212e-34 2.74769e-34 1.21752e-34 5.38732e-35 2.38052e-35 1.05047e-35 4.62929e-36 2.0374e-36 8.95529e-37 3.93126e-37
1.80679e-11 6.16765e-11 1.23531e-10 1.8777e-10 2.38919e-10 2.67652e-10 2.72078e-10 2.55994e-10 2.26047e-10 1.89238e-10 1.51359e-10 1.16362e-10 8.63979e-11 6.21986e-11 4.35561e-11 2.97498e-11 1.98648e-11 1.29928e-11 8.33837e-12 5.2585e-12 3.26296e-12 1.99448e-12 1.20215e-12 7.15148e-13 4.20241e-13 2.4411e-13 1.40265e-13 7.97726e-14 4.49303e-14 2.50741e-14 1.38713e-14 7.61023e-15 4.14229e-15 2.23771e-15 1.20015e-15 6.39254e-16 3.38254e-16 1.77854e-16 9.29495e-17 4.82944e-17 2.49523e-17 1.28228e-17 6.55532e-18 3.3345e-18 1.68798e-18 8.505e-19 4.26603e-19 2.13049e-19 1.0595e-19 5.24746e-20 2.58867e-20 1.27215e-20 6.22853e-21 3.03852e-21 1.47712e-21 7.15635e-22 3.45564e-22 1.66328e-22 7.98076e-23 3.81767e-23 1.8208e-23 8.65909e-24 4.10636e-24 1.942e-24 9.15964e-25 4.30895e-25 2.02189e-25 9.46373e-26 4.41886e-26 2.05839e-26 9.5661e-27 4.43565e-27 2.05218e-27 9.47396e-28 4.36441e-28 2.00639e-28 9.20499e-29 4.21469e-29 1.92602e-29 8.78466e-30 3.99923e-30 1.81731e-30 8.24332e-31 3.73257e-31 1.68718e-31 7.6134e-32 3.42983e-32 1.54261e-32 6.92693e-33 3.10558e-33 1.39018e-33 6.21357e-34 2.77308e-34 1.2358e-34 5.49926e-35 2.4437e-35 1.08439e-35 4.80538e-36 2.1266e-36 9.39873e-37 4.14846e-37
6.73726e-12 2.38518e-11 4.92949e-11 7.70577e-11 1.00586e-10 1.15377e-10 1.19906e-10 1.15191e-10 1.03742e-10 8.84968e-11 7.20667e-11 5.63675e-11 4.2553e-11 3.11289e-11 2.21391e-11 1.53501e-11 1.04001e-11 6.89926e-12 4.48914e-12 2.86928e-12 1.80389e-12 1.11681e-12 6.81613e-13 4.10474e-13 2.4411e-13 1.43472e-13 8.33919e-14 4.79652e-14 2.73162e-14 1.5411e-14 8.6171e-15 4.77754e-15 2.62745e-15 1.43388e-15 7.76769e-16 4.17839e-16 2.23252e-16 1.18515e-16 6.25248e-17 3.279e-17 1.70978e-17 8.86631e-18 4.57336e-18 2.34694e-18 1.19845e-18 6.09067e-19 3.0811e-19 1.5517e-19 7.78097e-20 3.88548e-20 1.9324e-20 9.57288e-21 4.72427e-21 2.32285e-21 1.13801e-21 5.55598e-22 2.70334e-22 1.31102e-22 6.33761e-23 3.05411e-23 1.46732e-23 7.02876e-24 3.35721e-24 1.59903e-24 7.59528e-25 3.59805e-25 1.70003e-25 8.01193e-26 3.76648e-26 1.76635e-26 8.26392e-27 3.85731e-27 1.79637e-27 8.34717e-28 3.87024e-28 1.79066e-28 8.26762e-29 3.80944e-29 1.75176e-29 8.03962e-30 3.68267e-30 1.68373e-30 7.68389e-31 3.50029e-31 1.59168e-31 7.22522e-32 3.27419e-32 1.48125e-32 6.6902e-33 3.01681e-33 1.35821e-33 6.10531e-34 2.74021e-34 1.22802e-34 5.49524e-35 2.45548e-35 1.09563e-35 4.88182e-36 2.1722e-36 9.65223e-37 4.28326e-37
2.51222e-12 9.21227e-12 1.96268e-11 3.15269e-11 4.21889e-11 4.95203e-11 5.25848e-11 5.15535e-11 4.73328e-11 4.11253e-11 3.40836e-11 2.71121e-11 2.08025e-11 1.54581e-11 1.11618e-11 7.85351e-12 5.39734e-12 3.63049e-12 2.39433e-12 1.55062e-12 9.87445e-13 6.19049e-13 3.82474e-13 2.33106e-13 1.40265e-13 8.33919e-14 4.90204e-14 2.85091e-14 1.64132e-14 9.35911e-15 5.28833e-15 2.96236e-15 1.64578e-15 9.07158e-16 4.9628e-16 2.69554e-16 1.45402e-16 7.7916e-17 4.14886e-17 2.19576e-17 1.1553e-17 6.04448e-18 3.14531e-18 1.62814e-18 8.38544e-19 4.29774e-19 2.19233e-19 1.11325e-19 5.62808e-20 2.83317e-20 1.42032e-20 7.0918e-21 3.52724e-21 1.74772e-21 8.62809e-22 4.24433e-22 2.08064e-22 1.01653e-22 4.95017e-23 2.40288e-23 1.16277e-23 5.60972e-24 2.69839e-24 1.29425e-24 6.19032e-25 2.95269e-25 1.40463e-25 6.66454e-26 3.15407e-26 1.48899e-26 7.01219e-27 3.29444e-27 1.54418e-27 7.2215e-28 3.36967e-28 1.56892e-28 7.28931e-29 3.37959e-29 1.56369e-29 7.22051e-30 3.32759e-30 1.53058e-30 7.02683e-31 3.22002e-31 1.47288e-31 6.72517e-32 3.06534e-32 1.39478e-32 6.33582e-33 2.87329e-33 1.30092e-33 5.88067e-34 2.65413e-34 1.19604e-34 5.38163e-35 2.41787e-35 1.08472e-35 4.85932e-36 2.1738e-36 9.71085e-37 4.33212e-37
9.3677e-13 3.5538e-12 7.79802e-12 1.28619e-11 1.76335e-11 2.11677e-11 2.29552e-11 2.29559e-11 2.1477e-11 1.89983e-11 1.60181e-11 1.29537e-11 1.00983e-11 7.61991e-12 5.58435e-12 3.98612e-12 2.778e-12 1.89415e-12 1.26583e-12 8.30412e-13 5.35504e-13 3.39868e-13 2.12521e-13 1.31057e-13 7.97726e-14 4.79652e-14 2.85091e-14 1.67611e-14 9.75306e-15 5.61991e-15 3.20835e-15 1.81549e-15 1.01871e-15 5.67045e-16 3.13221e-16 1.71749e-16 9.35159e-17 5.05764e-17 2.71769e-17 1.45129e-17 7.70387e-18 4.06598e-18 2.1341e-18 1.11414e-18 5.78663e-19 2.99053e-19 1.53808e-19 7.87382e-20 4.01269e-20 2.03606e-20 1.02875e-20 5.17661e-21 2.5945e-21 1.29535e-21 6.44304e-22 3.1931e-22 1.57687e-22 7.76036e-23 3.80639e-23 1.86092e-23 9.06903e-24 4.40606e-24 2.13417e-24 1.03069e-24 4.96345e-25 2.38354e-25 1.14149e-25 5.45211e-26 2.59731e-26 1.23417e-26 5.8499e-27 2.76607e-27 1.3048e-27 6.14061e-28 2.88331e-28 1.35083e-28 6.31485e-29 2.94575e-29 1.37126e-29 6.37016e-30 2.9533e-30 1.3665e-30 6.31059e-31 2.90876e-31 1.33825e-31 6.14573e-32 2.8173e-32 1.28922e-32 5.88943e-33 2.68586e-33 1.22284e-33 5.55835e-34 2.52246e-34 1.14293e-34 5.17056e-35 2.33558e-35 1.05342e-35 4.74422e-36 2.13354e-36 9.58112e-37 4.29658e-37
3.49308e-13 1.36941e-12 3.09216e-12 5.23318e-12 7.3459e-12 9.01352e-12 9.97746e-12 1.01731e-11 9.69447e-12 8.7275e-12 7.48322e-12 6.15016e-12 4.86965e-12 3.73014e-12 2.77373e-12 2.008e-12 1.4187e-12 9.80291e-13 6.63662e-13 4.40914e-13 2.8786e-13 1.84911e-13 1.16997e-13 7.29857e-14 4.49303e-14 2.73162e-14 1.64132e-14 9.75306e-15 5.73486e-15 3.33869e-15 1.92538e-15 1.10039e-15 6.23518e-16 3.50425e-16 1.95409e-16 1.08154e-16 5.9433e-17 3.24361e-17 1.75859e-17 9.47429e-18 5.07319e-18 2.70064e-18 1.42954e-18 7.52592e-19 3.94127e-19 2.05355e-19 1.06473e-19 5.49429e-20 2.82219e-20 1.4432e-20 7.34842e-21 3.726e-21 1.88161e-21 9.46464e-22 4.7426e-22 2.36763e-22 1.17772e-22 5.83768e-23 2.88373e-23 1.41978e-23 6.96752e-24 3.4085e-24 1.6623e-24 8.08259e-25 3.9185e-25 1.89429e-25 9.13187e-26 4.39025e-26 2.10505e-26 1.00671e-26 4.80225e-27 2.28509e-27 1.08469e-27 5.13658e-28 2.42678e-28 1.14393e-28 5.38018e-29 2.52491e-29 1.1824e-29 5.52551e-30 2.57684e-30 1.1993e-30 5.57068e-31 2.58254e-31 1.19498e-31 5.51903e-32 2.54431e-32 1.17084e-32 5.37845e-33 2.46641e-33 1.1291e-33 5.16031e-34 2.35453e-34 1.07259e-34 4.87833e-35 2.2153e-35 1.00445e-35 4.54745e-36 2.05572e-36 9.27952e-37 4.18278e-37
1.30251e-13 5.27136e-13 1.22387e-12 2.12387e-12 3.05073e-12 3.82422e-12 4.319e-12 4.48793e-12 4.35452e-12 3.98813e-12 3.47631e-12 2.9026e-12 2.33357e-12 1.81403e-12 1.36828e-12 1.00433e-12 7.19178e-13 5.0347e-13 3.45215e-13 2.32211e-13 1.53451e-13 9.97443e-14 6.38445e-14 4.02816e-14 2.50741e-14 1.5411e-14 9.35911e-15 5.61991e-15 3.33869e-15 1.96343e-15 1.14359e-15 6.59995e-16 3.77587e-16 2.14226e-16 1.20577e-16 6.73519e-17 3.73476e-17 2.05653e-17 1.12484e-17 6.11278e-18 3.30134e-18 1.77233e-18 9.46011e-19 5.02151e-19 2.6512e-19 1.39252e-19 7.27756e-20 3.78501e-20 1.95935e-20 1.00968e-20 5.18021e-21 2.6464e-21 1.34638e-21 6.82235e-22 3.44354e-22 1.73153e-22 8.67463e-23 4.33028e-23 2.15409e-23 1.06792e-23 5.27682e-24 2.599e-24 1.27608e-24 6.24618e-25 3.04827e-25 1.48329e-25 7.19713e-26 3.48245e-26 1.68047e-26 8.08766e-27 3.88229e-27 1.85887e-27 8.87839e-28 4.23022e-28 2.01076e-28 9.53556e-29 4.51173e-29 2.12995e-29 1.00334e-29 4.71624e-30 2.21224e-30 1.03555e-30 4.83769e-31 2.2555e-31 1.04955e-31 4.8746e-32 2.25975e-32 1.04565e-32 4.82977e-33 2.22689e-33 1.02498e-33 4.70969e-34 2.16043e-34 9.89395e-35 4.52372e-35 2.06505e-35 9.41204e-36 4.2832e-36 1.94623e-36 8.83024e-37 4.00049e-37
4.85688e-14 2.02715e-13 4.8356e-13 8.59921e-13 1.26325e-12 1.61698e-12 1.86237e-12 1.97145e-12 1.94686e-12 1.81333e-12 1.60631e-12 1.36218e-12 1.11163e-12 8.76714e-13 6.70595e-13 4.98948e-13 3.62023e-13 2.56708e-13 1.78229e-13 1.21356e-13 8.11544e-14 5.33676e-14 3.45501e-14 2.20427e-14 1.38713e-14 8.6171e-15 5.28833e-15 3.20835e-15 1.92538e-15 1.14359e-15 6.7261e-16 3.91927e-16 2.26352e-16 1.29622e-16 7.36297e-17 4.15009e-17 2.32185e-17 1.28978e-17 7.11585e-18 3.90015e-18 2.12417e-18 1.14988e-18 6.18827e-19 3.31152e-19 1.76243e-19 9.33054e-20 4.91457e-20 2.57586e-20 1.34365e-20 6.97652e-21 3.60617e-21 1.85595e-21 9.51159e-22 4.8547e-22 2.468e-22 1.24982e-22 6.30549e-23 3.16958e-23 1.5876e-23 7.92455e-24 3.94224e-24 1.95472e-24 9.66126e-25 4.7602e-25 2.33826e-25 1.14517e-25 5.59219e-26 2.7231e-26 1.32234e-26 6.40388e-27 3.09311e-27 1.49012e-27 7.16062e-28 3.43243e-28 1.64135e-28 7.83013e-29 3.72673e-29 1.76969e-29 8.38491e-30 3.96415e-30 1.87013e-30 8.80403e-31 4.13615e-31 1.93925e-31 9.07424e-32 4.23782e-32 1.97536e-32 9.19042e-33 4.26801e-33 1.97848e-33 9.15516e-34 4.22906e-34 1.95019e-34 8.978e-35 4.12632e-35 1.89339e-35 8.67406e-36 3.96754e-36 1.81196e-36 8.26253e-37 3.76208e-37
1.81106e-14 7.78838e-14 1.90745e-13 3.47387e-13 5.21641e-13 6.81495e-13 8.0013e-13 8.62514e-13 8.66595e-13 8.2058e-13 7.38488e-13 6.35848e-13 5.2656e-13 4.21212e-13 3.26636e-13 2.46287e-13 1.81026e-13 1.29991e-13 9.13648e-14 6.2959e-14 4.25972e-14 2.83338e-14 1.85493e-14 1.19644e-14 7.61023e-15 4.77754e-15 2.96236e-15 1.81549e-15 1.10039e-15 6.59995e-16 3.91927e-16 2.30541e-16 1.3439e-16 7.7667e-17 4.45169e-17 2.53155e-17 1.42878e-17 8.00565e-18 4.45456e-18 2.46211e-18 1.35212e-18 7.3796e-19 4.00366e-19 2.15964e-19 1.15848e-19 6.18111e-20 3.28087e-20 1.73273e-20 9.10669e-21 4.76372e-21 2.48056e-21 1.28597e-21 6.63816e-22 3.41235e-22 1.74703e-22 8.90917e-23 4.52598e-23 2.29071e-23 1.1552e-23 5.80508e-24 2.90715e-24 1.45102e-24 7.21874e-25 3.57986e-25 1.76979e-25 8.72291e-26 4.28662e-26 2.10045e-26 1.02633e-26 5.00102e-27 2.4303e-27 1.17792e-27 5.69443e-28 2.74593e-28 1.32085e-28 6.33823e-29 3.03426e-29 1.44921e-29 6.9059e-30 3.28354e-30 1.55782e-30 7.37497e-31 3.48411e-31 1.64259e-31 7.72839e-32 3.629e-32 1.70075e-32 7.95542e-33 3.71425e-33 1.73093e-33 8.05195e-34 3.73896e-34 1.73317e-34 8.02021e-35 3.70508e-35 1.70879e-35 7.86809e-36 3.61705e-36 1.66017e-36 7.60813e-37 3.48128e-37
6.75316e-15 2.98973e-14 7.51243e-14 1.40038e-13 2.1484e-13 2.86343e-13 3.42568e-13 3.75905e-13 3.84131e-13 3.69665e-13 3.37884e-13 2.95297e-13 2.48087e-13 2.01233e-13 1.58167e-13 1.2083e-13 8.99482e-14 6.53937e-14 4.65197e-14 3.24357e-14 2.2199e-14 1.49325e-14 9.88381e-15 6.44405e-15 4.14229e-15 2.62745e-15 1.64578e-15 1.01871e-15 6.23518e-16 3.77587e-16 2.26352e-16 1.3439e-16 7.90601e-17 4.61042e-17 2.66614e-17 1.52947e-17 8.70692e-18 4.92024e-18 2.7608e-18 1.53862e-18 8.5189e-19 4.68706e-19 2.56319e-19 1.39353e-19 7.53353e-20 4.05049e-20 2.16633e-20 1.15271e-20 6.1034e-21 3.21619e-21 1.68692e-21 8.80831e-22 4.57923e-22 2.37055e-22 1.22213e-22 6.27546e-23 3.20983e-23 1.63558e-23 8.30352e-24 4.20041e-24 2.1174e-24 1.06373e-24 5.32622e-25 2.65826e-25 1.32252e-25 6.55945e-26 3.24357e-26 1.59919e-26 7.86195e-27 3.85424e-27 1.88431e-27 9.18759e-28 4.46795e-28 2.16719e-28 1.04856e-28 5.06082e-29 2.43668e-29 1.17044e-29 5.60914e-30 2.68198e-30 1.27953e-30 6.0911e-31 2.89343e-31 1.37157e-31 6.48828e-32 3.06311e-32 1.44323e-32 6.78675e-33 3.18536e-33 1.49224e-33 6.97779e-34 3.25694e-34 1.5175e-34 7.05809e-35 3.27717e-35 1.51906e-35 7.02957e-36 3.24767e-36 1.49802e-36 6.89879e-37 3.17214e-37
