0.983141 0.0083052 7.01592e-05 5.92678e-07 5.00672e-09 4.22949e-11 3.57291e-13 3.01826e-15 2.54971e-17 2.1539e-19 1.81953e-21 1.53707e-23 1.29846e-25 1.09689e-27 9.26612e-30 7.82767e-32 6.61252e-34 5.586e-36 4.71884e-38 3.9863e-40 3.36748e-42 2.84472e-44 2.40311e-46 2.03005e-48 1.71491e-50 1.44869e-52 1.2238e-54 1.03382e-56 8.73333e-59 7.37759e-61 6.23231e-63 5.26482e-65 4.44752e-67 3.7571e-69 3.17385e-71 2.68115e-73 2.26493e-75 1.91333e-77 1.61631e-79 1.3654e-81 1.15344e-83 9.74379e-86 8.23118e-88 6.95339e-90 5.87396e-92 4.9621e-94 4.19179e-96 3.54107e-98 2.99136e-100 2.52699e-102 2.1347e-104 1.80332e-106 1.52337e-108 1.28689e-110 1.08711e-112 9.18353e-115 7.7579e-117 6.55358e-119 5.53622e-121 4.67679e-123 3.95077e-125 3.33746e-127 2.81936e-129 2.38169e-131 2.01196e-133 1.69963e-135 1.43578e-137 1.21289e-139 1.02461e-141 8.6555e-144 7.31184e-146 6.17676e-148 5.2179e-150 4.40788e-152 3.72361e-154 3.14557e-156 2.65725e-158 2.24475e-160 1.89628e-162 1.6019e-164 1.35323e-166 1.14316e-168 9.65695e-171 8.15782e-173 6.89142e-175 5.82161e-177 4.91788e-179 4.15444e-181 3.50951e-183 2.9647e-185 2.50447e-187 2.11568e-189 1.78725e-191 1.5098e-193 1.27542e-195 1.07743e-197 9.10169e-200 7.68876e-202 6.49517e-204 5.48688e-206 4.63511e-208
0.0083052 0.00010504 1.182e-06 1.24743e-08 1.26406e-10 1.24546e-12 1.20218e-14 1.14232e-16 1.07207e-18 9.96108e-21 9.17893e-23 8.39956e-25 7.64097e-27 6.91549e-29 6.23111e-31 5.59256e-33 5.0021e-35 4.46019e-37 3.96599e-39 3.51774e-41 3.11308e-43 2.74929e-45 2.42342e-47 2.13248e-49 1.87346e-51 1.64347e-53 1.43974e-55 1.25966e-57 1.10079e-59 9.60891e-62 8.379e-64 7.29938e-66 6.35303e-68 5.52459e-70 4.80026e-72 4.16769e-74 3.61583e-76 3.13487e-78 2.71611e-80 2.35181e-82 2.03516e-84 1.76015e-86 1.52148e-88 1.31449e-90 1.1351e-92 9.79732e-95 8.45245e-97 7.28903e-99 6.28313e-101 5.41388e-103 4.6631e-105 4.01495e-107 3.45566e-109 2.97326e-111 2.55735e-113 2.19892e-115 1.89015e-117 1.62425e-119 1.39536e-121 1.19839e-123 1.02895e-125 8.83231e-128 7.57961e-130 6.503e-132 5.57799e-134 4.78345e-136 4.10118e-138 3.51546e-140 3.01276e-142 2.58142e-144 2.21139e-146 1.89404e-148 1.62193e-150 1.38866e-152 1.18873e-154 1.0174e-156 8.70622e-159 7.44896e-161 6.37224e-163 5.45031e-165 4.66105e-167 3.98549e-169 3.40735e-171 2.91266e-173 2.48945e-175 2.12744e-177 1.81784e-179 1.55309e-181 1.32673e-183 1.13322e-185 9.67822e-188 8.26465e-190 7.05673e-192 6.02467e-194 5.14298e-196 4.38984e-198 3.7466e-200 3.19728e-202 2.72822e-204 2.32774e-206 1.98585e-208
7.01592e-05 1.182e-06 1.6201e-08 1.99824e-10 2.30825e-12 2.54846e-14 2.72148e-16 2.83261e-18 2.88863e-20 2.89699e-22 2.86523e-24 2.80063e-26 2.70995e-28 2.59927e-30 2.474e-32 2.33879e-34 2.1976e-36 2.05374e-38 1.9099e-40 1.76827e-42 1.63052e-44 1.49794e-46 1.37147e-48 1.25175e-50 1.13918e-52 1.03394e-54 9.36086e-57 8.45518e-59 7.62052e-61 6.85425e-63 6.15324e-65 5.51398e-67 4.93276e-69 4.40574e-71 3.92907e-73 3.49895e-75 3.11168e-77 2.76371e-79 2.45163e-81 2.17226e-83 1.92257e-85 1.69978e-87 1.50128e-89 1.32467e-91 1.16775e-93 1.02851e-95 9.0509e-98 7.95831e-100 6.9921e-102 6.13855e-104 5.38526e-106 4.72111e-108 4.13607e-110 3.62116e-112 3.16836e-114 2.77051e-116 2.42119e-118 2.11471e-120 1.84602e-122 1.61061e-124 1.4045e-126 1.22416e-128 1.06646e-130 9.28644e-133 8.08269e-135 7.03189e-137 6.11508e-139 5.3156e-141 4.61878e-143 4.01173e-145 3.48314e-147 3.02307e-149 2.62283e-151 2.27477e-153 1.97223e-155 1.70936e-157 1.48104e-159 1.28281e-161 1.11077e-163 9.61515e-166 8.32069e-168 7.19843e-170 6.22579e-172 5.38309e-174 4.65322e-176 4.02125e-178 3.47422e-180 3.00086e-182 2.59136e-184 2.23721e-186 1.931e-188 1.66633e-190 1.43761e-192 1.24001e-194 1.06934e-196 9.21966e-199 7.94739e-201 6.84931e-203 5.90178e-205 5.08434e-207 4.37929e-209
5.92678e-07 1.24743e-08 1.99824e-10 2.79473e-12 3.59378e-14 4.36045e-16 5.06808e-18 5.69766e-20 6.23694e-22 6.67946e-24 7.02346e-26 7.27089e-28 7.42648e-30 7.49696e-32 7.49038e-34 7.41556e-36 7.2816e-38 7.09757e-40 6.87223e-42 6.61383e-44 6.33001e-46 6.02767e-48 5.71301e-50 5.39144e-52 5.06765e-54 4.74562e-56 4.42868e-58 4.11954e-60 3.82039e-62 3.53289e-64 3.2583e-66 2.99749e-68 2.75101e-70 2.51913e-72 2.30188e-74 2.09914e-76 1.91058e-78 1.7358e-80 1.57427e-82 1.42541e-84 1.2886e-86 1.16316e-88 1.04843e-90 9.43703e-93 8.48318e-95 7.61609e-97 6.82931e-99 6.11665e-101 5.47221e-103 4.89038e-105 4.36586e-107 3.8937e-109 3.46924e-111 3.08817e-113 2.74648e-115 2.44047e-117 2.16674e-119 1.92214e-121 1.70381e-123 1.50914e-125 1.33571e-127 1.18138e-129 1.04414e-131 9.22234e-134 8.14026e-136 7.18057e-138 6.33013e-140 5.57707e-142 4.91073e-144 4.32156e-146 3.80098e-148 3.34131e-150 2.9357e-152 2.57802e-154 2.2628e-156 1.98515e-158 1.74076e-160 1.52575e-162 1.3367e-164 1.17056e-166 1.02463e-168 8.96522e-171 7.84111e-173 6.85521e-175 5.99095e-177 5.23365e-179 4.57039e-181 3.98973e-183 3.4816e-185 3.03713e-187 2.64849e-189 2.30882e-191 2.01206e-193 1.75287e-195 1.5266e-197 1.32913e-199 1.15685e-201 1.00661e-203 8.75621e-206 7.61464e-208 6.62007e-210
5.00672e-09 1.26406e-10 2.30825e-12 3.59378e-14 5.06893e-16 6.67603e-18 8.35631e-20 1.00537e-21 1.17172e-23 1.33028e-25 1.4774e-27 1.61025e-29 1.72673e-31 1.82551e-33 1.90587e-35 1.96766e-37 2.01124e-39 2.03731e-41 2.04689e-43 2.04125e-45 2.02178e-47 1.98998e-49 1.94738e-51 1.89552e-53 1.8359e-55 1.76995e-57 1.69901e-59 1.62435e-61 1.5471e-63 1.46829e-65 1.38883e-67 1.30953e-69 1.23108e-71 1.15406e-73 1.07897e-75 1.0062e-77 9.36073e-80 8.68835e-82 8.04661e-84 7.43671e-86 6.85933e-88 6.31471e-90 5.80272e-92 5.32291e-94 4.87459e-96 4.45684e-98 4.0686e-100 3.70865e-102 3.37572e-104 3.06844e-106 2.78543e-108 2.52529e-110 2.28662e-112 2.06804e-114 1.8682e-116 1.68579e-118 1.51956e-120 1.36829e-122 1.23084e-124 1.10612e-126 9.93088e-129 8.90792e-131 7.98321e-133 7.14831e-135 6.39535e-137 5.71704e-139 5.10663e-141 4.55787e-143 4.06503e-145 3.62284e-147 3.22646e-149 2.87146e-151 2.5538e-153 2.26979e-155 2.01608e-157 1.78961e-159 1.58761e-161 1.40758e-163 1.24724e-165 1.10454e-167 9.7763e-170 8.64832e-172 7.64646e-174 6.75718e-176 5.96832e-178 5.26895e-180 4.6493e-182 4.10059e-184 3.61497e-186 3.18543e-188 2.80568e-190 2.47014e-192 2.1738e-194 1.91222e-196 1.68144e-198 1.47791e-200 1.29852e-202 1.14046e-204 1.00127e-206 8.78739e-209 7.70925e-211
4.22949e-11 1.24546e-12 2.54846e-14 4.36045e-16 6.67603e-18 9.46041e-20 1.26553e-21 1.61852e-23 1.99633e-25 2.38974e-27 2.78947e-29 3.18658e-31 3.57277e-33 3.94066e-35 4.28387e-37 4.59717e-39 4.87648e-41 5.1188e-43 5.32226e-45 5.48593e-47 5.60976e-49 5.6945e-51 5.7415e-53 5.75269e-55 5.73038e-57 5.67721e-59 5.59604e-61 5.48985e-63 5.36168e-65 5.21455e-67 5.05142e-69 4.87514e-71 4.6884e-73 4.49374e-75 4.2935e-77 4.08981e-79 3.88462e-81 3.67965e-83 3.47641e-85 3.27623e-87 3.08023e-89 2.88937e-91 2.70443e-93 2.52604e-95 2.35469e-97 2.19073e-99 2.03442e-101 1.8859e-103 1.74523e-105 1.61238e-107 1.48728e-109 1.36977e-111 1.25968e-113 1.15678e-115 1.06081e-117 9.71508e-120 8.88568e-122 8.1169e-124 7.40563e-126 6.74874e-128 6.14309e-130 5.58561e-132 5.07326e-134 4.60309e-136 4.17227e-138 3.77805e-140 3.41779e-142 3.08901e-144 2.78933e-146 2.5165e-148 2.2684e-150 2.04305e-152 1.83859e-154 1.65328e-156 1.48549e-158 1.33372e-160 1.19658e-162 1.07276e-164 9.61082e-167 8.60438e-169 7.69818e-171 6.8829e-173 6.15003e-175 5.49175e-177 4.90094e-179 4.37107e-181 3.8962e-183 3.47093e-185 3.09035e-187 2.74999e-189 2.44579e-191 2.17411e-193 1.9316e-195 1.71528e-197 1.52243e-199 1.3506e-201 1.1976e-203 1.06143e-205 9.40318e-208 8.32649e-210 7.36983e-212
3.57291e-13 1.20218e-14 2.72148e-16 5.06808e-18 8.35631e-20 1.26553e-21 1.79868e-23 2.43261e-25 3.16062e-27 3.97239e-29 4.85465e-31 5.79198e-33 6.76754e-35 7.76386e-37 8.76343e-39 9.74935e-41 1.07057e-42 1.16181e-44 1.24738e-46 1.32619e-48 1.39736e-50 1.46019e-52 1.51419e-54 1.55908e-56 1.5947e-58 1.62111e-60 1.63847e-62 1.64707e-64 1.64733e-66 1.63971e-68 1.62478e-70 1.60312e-72 1.57538e-74 1.5422e-76 1.50424e-78 1.46215e-80 1.41657e-82 1.36812e-84 1.31737e-86 1.26488e-88 1.21117e-90 1.15671e-92 1.10192e-94 1.04721e-96 9.92915e-99 9.39348e-101 8.86775e-103 8.35427e-105 7.85495e-107 7.3714e-109 6.9049e-111 6.45645e-113 6.02677e-115 5.61638e-117 5.22555e-119 4.85439e-121 4.50282e-123 4.17065e-125 3.85755e-127 3.56308e-129 3.28674e-131 3.02793e-133 2.78602e-135 2.56033e-137 2.35015e-139 2.15476e-141 1.97342e-143 1.80537e-145 1.6499e-147 1.50627e-149 1.37376e-151 1.2517e-153 1.13939e-155 1.0362e-157 9.41508e-160 8.54714e-162 7.75254e-164 7.02591e-166 6.36217e-168 5.75652e-170 5.20445e-172 4.70173e-174 4.24439e-176 3.82874e-178 3.45133e-180 3.10894e-182 2.7986e-184 2.51756e-186 2.26325e-188 2.03333e-190 1.82561e-192 1.6381e-194 1.46897e-196 1.31652e-198 1.1792e-200 1.05561e-202 9.44444e-205 8.44523e-207 7.54768e-209 6.74197e-211 6.01915e-213
3.01826e-15 1.14232e-16 2.83261e-18 5.69766e-20 1.00537e-21 1.61852e-23 2.43261e-25 3.46452e-27 4.72378e-29 6.21206e-31 7.92332e-33 9.84416e-35 1.19546e-36 1.4229e-38 1.66372e-40 1.91458e-42 2.1719e-44 2.43204e-46 2.69134e-48 2.94626e-50 3.19344e-52 3.42979e-54 3.65253e-56 3.85923e-58 4.04783e-60 4.21668e-62 4.3645e-64 4.49042e-66 4.59391e-68 4.67481e-70 4.73328e-72 4.76973e-74 4.78486e-76 4.77956e-78 4.75493e-80 4.71219e-82 4.65268e-84 4.57783e-86 4.48912e-88 4.38805e-90 4.27613e-92 4.15485e-94 4.02566e-96 3.88996e-98 3.7491e-100 3.60433e-102 3.45685e-104 3.30775e-106 3.15804e-108 3.00864e-110 2.86038e-112 2.71398e-114 2.57011e-116 2.42932e-118 2.2921e-120 2.15885e-122 2.02991e-124 1.90553e-126 1.78594e-128 1.67127e-130 1.56162e-132 1.45705e-134 1.35756e-136 1.26313e-138 1.1737e-140 1.0892e-142 1.0095e-144 9.34485e-147 8.64012e-149 7.97925e-151 7.36057e-153 6.78237e-155 6.24285e-157 5.74022e-159 5.27265e-161 4.83832e-163 4.43544e-165 4.06223e-167 3.71696e-169 3.39794e-171 3.10354e-173 2.83218e-175 2.58236e-177 2.35262e-179 2.14157e-181 1.9479e-183 1.77037e-185 1.60779e-187 1.45906e-189 1.32311e-191 1.19897e-193 1.08572e-195 9.82486e-198 8.8847e-200 8.0292e-202 7.25137e-204 6.54472e-206 5.90326e-208 5.32141e-210 4.79403e-212 4.31636e-214
2.54971e-17 1.07207e-18 2.88863e-20 6.23694e-22 1.17172e-23 1.99633e-25 3.16062e-27 4.72378e-29 6.73775e-31 9.24447e-33 1.22736e-34 1.58411e-36 1.99484e-38 2.45821e-40 2.97147e-42 3.53055e-44 4.1302e-46 4.76419e-48 5.42546e-50 6.10637e-52 6.79892e-54 7.49492e-56 8.18623e-58 8.8649e-60 9.52337e-62 1.01546e-63 1.07521e-65 1.13102e-67 1.18239e-69 1.2289e-71 1.27023e-73 1.30613e-75 1.33642e-77 1.36102e-79 1.37991e-81 1.39314e-83 1.40083e-85 1.40313e-87 1.40027e-89 1.3925e-91 1.3801e-93 1.3634e-95 1.34273e-97 1.31845e-99 1.2909e-101 1.26045e-103 1.22747e-105 1.1923e-107 1.1553e-109 1.11679e-111 1.0771e-113 1.03652e-115 9.95339e-118 9.53821e-120 9.12208e-122 8.70722e-124 8.29566e-126 7.88919e-128 7.48941e-130 7.09774e-132 6.7154e-134 6.34341e-136 5.98266e-138 5.63383e-140 5.2975e-142 4.97407e-144 4.66386e-146 4.36703e-148 4.08366e-150 3.81374e-152 3.55718e-154 3.3138e-156 3.08337e-158 2.86561e-160 2.6602e-162 2.46676e-164 2.2849e-166 2.1142e-168 1.95423e-170 1.80452e-172 1.66464e-174 1.53411e-176 1.41248e-178 1.29929e-180 1.19408e-182 1.09642e-184 1.00587e-186 9.22015e-189 8.44446e-191 7.72772e-193 7.06616e-195 6.45617e-197 5.8943e-199 5.37728e-201 4.90199e-203 4.46547e-205 4.06493e-207 3.69774e-209 3.36142e-211 3.05363e-213 2.7722e-215
2.1539e-19 9.96108e-21 2.89699e-22 6.67946e-24 1.33028e-25 2.38974e-27 3.97239e-29 6.21206e-31 9.24447e-33 1.3201e-34 1.82028e-36 2.43549e-38 3.17414e-40 4.04218e-42 5.04278e-44 6.17617e-46 7.43956e-48 8.82722e-50 1.03306e-51 1.19385e-53 1.36375e-55 1.54122e-57 1.72456e-59 1.91197e-61 2.10156e-63 2.29141e-65 2.47961e-67 2.66431e-69 2.84369e-71 3.0161e-73 3.17996e-75 3.33388e-77 3.47661e-79 3.6071e-81 3.72446e-83 3.828e-85 3.91721e-87 3.99176e-89 4.0515e-91 4.09642e-93 4.12668e-95 4.14259e-97 4.14456e-99 4.13313e-101 4.10891e-103 4.07262e-105 4.02503e-107 3.96695e-109 3.89924e-111 3.8228e-113 3.73851e-115 3.64726e-117 3.54996e-119 3.44746e-121 3.34062e-123 3.23026e-125 3.11714e-127 3.00202e-129 2.88558e-131 2.76847e-133 2.6513e-135 2.53462e-137 2.41892e-139 2.30466e-141 2.19224e-143 2.08202e-145 1.97431e-147 1.86938e-149 1.76745e-151 1.66871e-153 1.57331e-155 1.48137e-157 1.39297e-159 1.30816e-161 1.22698e-163 1.14943e-165 1.0755e-167 1.00515e-169 9.38337e-172 8.74987e-174 8.15027e-176 7.58367e-178 7.04912e-180 6.54557e-182 6.07194e-184 5.62709e-186 5.20984e-188 4.81902e-190 4.45344e-192 4.11189e-194 3.79319e-196 3.49618e-198 3.2197e-200 2.96263e-202 2.72387e-204 2.50235e-206 2.29704e-208 2.10696e-210 1.93116e-212 1.76871e-214 1.61875e-216
1.81953e-21 9.17893e-23 2.86523e-24 7.02346e-26 1.4774e-27 2.78947e-29 4.85465e-31 7.92332e-33 1.22736e-34 1.82028e-36 2.60172e-38 3.60206e-40 4.85035e-42 6.37309e-44 8.19324e-46 1.03292e-47 1.27942e-49 1.55954e-51 1.87338e-53 2.22038e-55 2.59935e-57 3.00844e-59 3.44522e-61 3.90673e-63 4.3895e-65 4.88967e-67 5.40306e-69 5.92524e-71 6.45163e-73 6.97757e-75 7.49843e-77 8.00965e-79 8.50686e-81 8.98589e-83 9.44288e-85 9.87429e-87 1.02769e-88 1.0648e-90 1.09852e-92 1.12866e-94 1.15506e-96 1.17763e-98 1.19628e-100 1.211e-102 1.22181e-104 1.22873e-106 1.23187e-108 1.23132e-110 1.22722e-112 1.21973e-114 1.20902e-116 1.19529e-118 1.17875e-120 1.15961e-122 1.13809e-124 1.11442e-126 1.08883e-128 1.06155e-130 1.0328e-132 1.0028e-134 9.71755e-137 9.3988e-139 9.07366e-141 8.74399e-143 8.41153e-145 8.07791e-147 7.74464e-149 7.41312e-151 7.0846e-153 6.76025e-155 6.44109e-157 6.12804e-159 5.8219e-161 5.52337e-163 5.23303e-165 4.95138e-167 4.67883e-169 4.41569e-171 4.1622e-173 3.91852e-175 3.68475e-177 3.46092e-179 3.24701e-181 3.04295e-183 2.84863e-185 2.66389e-187 2.48854e-189 2.32237e-191 2.16514e-193 2.01658e-195 1.87642e-197 1.74436e-199 1.6201e-201 1.50334e-203 1.39376e-205 1.29104e-207 1.19488e-209 1.10495e-211 1.02095e-213 9.42579e-216 8.69534e-218
1.53707e-23 8.39956e-25 2.80063e-26 7.27089e-28 1.61025e-29 3.18658e-31 5.79198e-33 9.84416e-35 1.58411e-36 2.43549e-38 3.60206e-40 5.15219e-42 7.15724e-44 9.68945e-46 1.28197e-47 1.66154e-49 2.11376e-51 2.64397e-53 3.25648e-55 3.95442e-57 4.73963e-59 5.61255e-61 6.57214e-63 7.61589e-65 8.73984e-67 9.93861e-69 1.12055e-70 1.25326e-72 1.3911e-74 1.53308e-76 1.67815e-78 1.8252e-80 1.97307e-82 2.12062e-84 2.26667e-86 2.4101e-88 2.5498e-90 2.68471e-92 2.81385e-94 2.9363e-96 3.05123e-98 3.1579e-100 3.25568e-102 3.34402e-104 3.42249e-106 3.49076e-108 3.54859e-110 3.59585e-112 3.63251e-114 3.65862e-116 3.67432e-118 3.67983e-120 3.67543e-122 3.66149e-124 3.6384e-126 3.60662e-128 3.56665e-130 3.51902e-132 3.46429e-134 3.40302e-136 3.33581e-138 3.26325e-140 3.18592e-142 3.10441e-144 3.0193e-146 2.93115e-148 2.8405e-150 2.74788e-152 2.65378e-154 2.55867e-156 2.46301e-158 2.3672e-160 2.27164e-162 2.17668e-164 2.08265e-166 1.98984e-168 1.89852e-170 1.80893e-172 1.72127e-174 1.63573e-176 1.55247e-178 1.47161e-180 1.39327e-182 1.31753e-184 1.24445e-186 1.17408e-188 1.10645e-190 1.04158e-192 9.79453e-195 9.20066e-197 8.63388e-199 8.09383e-201 7.58003e-203 7.09194e-205 6.62895e-207 6.19039e-209 5.77553e-211 5.38361e-213 5.01384e-215 4.6654e-217 4.33748e-219
1.29846e-25 7.64097e-27 2.70995e-28 7.42648e-30 1.72673e-31 3.57277e-33 6.76754e-35 1.19546e-36 1.99484e-38 3.17414e-40 4.85035e-42 7.15724e-44 1.02436e-45 1.42704e-47 1.94079e-49 2.58309e-51 3.37151e-53 4.32317e-55 5.45426e-57 6.77956e-59 8.31201e-61 1.00622e-62 1.20381e-64 1.42447e-66 1.66836e-68 1.93533e-70 2.22486e-72 2.5361e-74 2.86784e-76 3.21856e-78 3.58644e-80 3.96937e-82 4.36501e-84 4.77081e-86 5.18406e-88 5.60191e-90 6.02143e-92 6.43967e-94 6.85366e-96 7.26049e-98 7.65731e-100 8.0414e-102 8.41019e-104 8.76127e-106 9.09244e-108 9.40171e-110 9.68733e-112 9.94778e-114 1.01818e-115 1.03884e-117 1.05668e-119 1.07166e-121 1.08374e-123 1.09292e-125 1.09923e-127 1.10271e-129 1.10341e-131 1.10141e-133 1.0968e-135 1.0897e-137 1.08022e-139 1.0685e-141 1.05467e-143 1.03887e-145 1.02126e-147 1.00199e-149 9.81222e-152 9.59103e-154 9.35793e-156 9.11443e-158 8.86205e-160 8.60224e-162 8.33642e-164 8.06594e-166 7.79208e-168 7.51607e-170 7.23907e-172 6.96216e-174 6.68633e-176 6.41252e-178 6.14157e-180 5.87425e-182 5.61127e-184 5.35323e-186 5.1007e-188 4.85415e-190 4.61399e-192 4.38058e-194 4.1542e-196 3.93509e-198 3.72342e-200 3.51933e-202 3.3229e-204 3.13416e-206 2.95313e-208 2.77977e-210 2.614e-212 2.45575e-214 2.3049e-216 2.16129e-218 2.02478e-220
1.09689e-27 6.91549e-29 2.59927e-30 7.49696e-32 1.82551e-33 3.94066e-35 7.76386e-37 1.4229e-38 2.45821e-40 4.04218e-42 6.37309e-44 9.68945e-46 1.42704e-47 2.04345e-49 2.85366e-51 3.89635e-53 5.21272e-55 6.84575e-57 8.83929e-59 1.12371e-60 1.40816e-62 1.74132e-64 2.12687e-66 2.56807e-68 3.06763e-70 3.62765e-72 4.24953e-74 4.93389e-76 5.68057e-78 6.48858e-80 7.35607e-82 8.28038e-84 9.25801e-86 1.02847e-87 1.13555e-89 1.24648e-91 1.36063e-93 1.47734e-95 1.5959e-97 1.71556e-99 1.83557e-101 1.95516e-103 2.07356e-105 2.19e-107 2.30374e-109 2.41407e-111 2.5203e-113 2.62179e-115 2.71795e-117 2.80824e-119 2.89217e-121 2.96932e-123 3.03933e-125 3.10189e-127 3.15677e-129 3.20381e-131 3.24288e-133 3.27396e-135 3.29703e-137 3.31218e-139 3.31952e-141 3.31921e-143 3.31148e-145 3.29656e-147 3.27475e-149 3.24637e-151 3.21176e-153 3.1713e-155 3.12536e-157 3.07434e-159 3.01867e-161 2.95874e-163 2.89499e-165 2.82782e-167 2.75765e-169 2.68488e-171 2.60992e-173 2.53313e-175 2.45491e-177 2.37559e-179 2.29552e-181 2.21503e-183 2.1344e-185 2.05393e-187 1.97388e-189 1.89449e-191 1.81599e-193 1.73857e-195 1.66242e-197 1.5877e-199 1.51457e-201 1.44314e-203 1.37353e-205 1.30583e-207 1.24013e-209 1.17647e-211 1.11491e-213 1.05549e-215 9.98224e-218 9.43133e-220 8.90215e-222
9.26612e-30 6.23111e-31 2.474e-32 7.49038e-34 1.90587e-35 4.28387e-37 8.76343e-39 1.66372e-40 2.97147e-42 5.04278e-44 8.19324e-46 1.28197e-47 1.94079e-49 2.85366e-51 4.08808e-53 5.72096e-55 7.83822e-57 1.0534e-58 1.39093e-60 1.80709e-62 2.3129e-64 2.91956e-66 3.63819e-68 4.47962e-70 5.45413e-72 6.57118e-74 7.83921e-76 9.26536e-78 1.08553e-79 1.26131e-81 1.45409e-83 1.6639e-85 1.89055e-87 2.13367e-89 2.39267e-91 2.66674e-93 2.9549e-95 3.25595e-97 3.56854e-99 3.89115e-101 4.22212e-103 4.55967e-105 4.90193e-107 5.24693e-109 5.59268e-111 5.93714e-113 6.27828e-115 6.61408e-117 6.94257e-119 7.26183e-121 7.57003e-123 7.86544e-125 8.14645e-127 8.41156e-129 8.65944e-131 8.88887e-133 9.09882e-135 9.2884e-137 9.4569e-139 9.60375e-141 9.72858e-143 9.83113e-145 9.91134e-147 9.96927e-149 1.00051e-150 1.00193e-152 1.00122e-154 9.98443e-157 9.93669e-159 9.86975e-161 9.78448e-163 9.68179e-165 9.5627e-167 9.42823e-169 9.27945e-171 9.11749e-173 8.94344e-175 8.75846e-177 8.56366e-179 8.36017e-181 8.14909e-183 7.9315e-185 7.70848e-187 7.48102e-189 7.25013e-191 7.01674e-193 6.78175e-195 6.546e-197 6.31031e-199 6.07541e-201 5.84201e-203 5.61075e-205 5.38221e-207 5.15694e-209 4.93542e-211 4.7181e-213 4.50535e-215 4.29752e-217 4.0949e-219 3.89775e-221 3.70626e-223
7.82767e-32 5.59256e-33 2.33879e-34 7.41556e-36 1.96766e-37 4.59717e-39 9.74935e-41 1.91458e-42 3.53055e-44 6.17617e-46 1.03292e-47 1.66154e-49 2.58309e-51 3.89635e-53 5.72096e-55 8.19877e-57 1.14946e-58 1.57963e-60 2.13143e-62 2.828e-64 3.69439e-66 4.75727e-68 6.04454e-70 7.58491e-72 9.40746e-74 1.1541e-75 1.40137e-77 1.68524e-79 2.00817e-81 2.37241e-83 2.77988e-85 3.23216e-87 3.73042e-89 4.27537e-91 4.86728e-93 5.50589e-95 6.19044e-97 6.91964e-99 7.69168e-101 8.50423e-103 9.35447e-105 1.02391e-106 1.11544e-108 1.20963e-110 1.30602e-112 1.40414e-114 1.50349e-116 1.60354e-118 1.70375e-120 1.8036e-122 1.90252e-124 1.99998e-126 2.09545e-128 2.18842e-130 2.27838e-132 2.36486e-134 2.44741e-136 2.52564e-138 2.59915e-140 2.66761e-142 2.73071e-144 2.78821e-146 2.83987e-148 2.88553e-150 2.92506e-152 2.95835e-154 2.98537e-156 3.00611e-158 3.02059e-160 3.02888e-162 3.03108e-164 3.02732e-166 3.01777e-168 3.00262e-170 2.98208e-172 2.95638e-174 2.92578e-176 2.89055e-178 2.85098e-180 2.80734e-182 2.75995e-184 2.70911e-186 2.65513e-188 2.59832e-190 2.53898e-192 2.47742e-194 2.41395e-196 2.34884e-198 2.28239e-200 2.21487e-202 2.14655e-204 2.07767e-206 2.00847e-208 1.93919e-210 1.87003e-212 1.8012e-214 1.73288e-216 1.66524e-218 1.59845e-220 1.53264e-222 1.46794e-224
6.61252e-34 5.0021e-35 2.1976e-36 7.2816e-38 2.01124e-39 4.87648e-41 1.07057e-42 2.1719e-44 4.1302e-46 7.43956e-48 1.27942e-49 2.11376e-51 3.37151e-53 5.21272e-55 7.83822e-57 1.14946e-58 1.64784e-60 2.31398e-62 3.18849e-64 4.31768e-66 5.75352e-68 7.55346e-70 9.78001e-72 1.25003e-73 1.57851e-75 1.97084e-77 2.43459e-79 2.97741e-81 3.60692e-83 4.33051e-85 5.1553e-87 6.0879e-89 7.13434e-91 8.2999e-93 9.58899e-95 1.10051e-96 1.25504e-98 1.42262e-100 1.60324e-102 1.79676e-104 2.00291e-106 2.22128e-108 2.45132e-110 2.69237e-112 2.94364e-114 3.2042e-116 3.47302e-118 3.74899e-120 4.03087e-122 4.31738e-124 4.60715e-126 4.89877e-128 5.1908e-130 5.48177e-132 5.7702e-134 6.05463e-136 6.33362e-138 6.60576e-140 6.86968e-142 7.12408e-144 7.36773e-146 7.59949e-148 7.81828e-150 8.02314e-152 8.2132e-154 8.3877e-156 8.54599e-158 8.68753e-160 8.81189e-162 8.91875e-164 9.0079e-166 9.07926e-168 9.13281e-170 9.16868e-172 9.18707e-174 9.18826e-176 9.17265e-178 9.14067e-180 9.09287e-182 9.02982e-184 8.95219e-186 8.86067e-188 8.75599e-190 8.63895e-192 8.51033e-194 8.37097e-196 8.22171e-198 8.0634e-200 7.8969e-202 7.72305e-204 7.54269e-206 7.35667e-208 7.16578e-210 6.97083e-212 6.77258e-214 6.57178e-216 6.36914e-218 6.16533e-220 5.961e-222 5.75677e-224 5.5532e-226
5.586e-36 4.46019e-37 2.05374e-38 7.09757e-40 2.03731e-41 5.1188e-43 1.16181e-44 2.43204e-46 4.76419e-48 8.82722e-50 1.55954e-51 2.64397e-53 4.32317e-55 6.84575e-57 1.0534e-58 1.57963e-60 2.31398e-62 3.31823e-64 4.6663e-66 6.4452e-68 8.75569e-70 1.17128e-71 1.54459e-73 2.00985e-75 2.58276e-77 3.28029e-79 4.12051e-81 5.12245e-83 6.30585e-85 7.69092e-87 9.29807e-89 1.11476e-90 1.32594e-92 1.56524e-94 1.83447e-96 2.13527e-98 2.46911e-100 2.83724e-102 3.24067e-104 3.68014e-106 4.15609e-108 4.66865e-110 5.21762e-112 5.80245e-114 6.42226e-116 7.07579e-118 7.76147e-120 8.47737e-122 9.22123e-124 9.9905e-126 1.07823e-127 1.15936e-129 1.2421e-131 1.3261e-133 1.41098e-135 1.49636e-137 1.58185e-139 1.66704e-141 1.75154e-143 1.83495e-145 1.91686e-147 1.99689e-149 2.07466e-151 2.14981e-153 2.22201e-155 2.29091e-157 2.35623e-159 2.41769e-161 2.47503e-163 2.52803e-165 2.57651e-167 2.62029e-169 2.65923e-171 2.69324e-173 2.72223e-175 2.74617e-177 2.76503e-179 2.77882e-181 2.78757e-183 2.79136e-185 2.79026e-187 2.78439e-189 2.77387e-191 2.75886e-193 2.7395e-195 2.716e-197 2.68854e-199 2.65732e-201 2.62256e-203 2.58449e-205 2.54333e-207 2.49932e-209 2.45268e-211 2.40367e-213 2.35252e-215 2.29946e-217 2.24472e-219 2.18853e-221 2.13112e-223 2.0727e-225 2.01348e-227
4.71884e-38 3.96599e-39 1.9099e-40 6.87223e-42 2.04689e-43 5.32226e-45 1.24738e-46 2.69134e-48 5.42546e-50 1.03306e-51 1.87338e-53 3.25648e-55 5.45426e-57 8.83929e-59 1.39093e-60 2.13143e-62 3.18849e-64 4.6663e-66 6.69315e-68 9.42436e-70 1.30451e-71 1.77727e-73 2.38589e-75 3.1591e-77 4.12931e-79 5.33257e-81 6.80854e-83 8.60028e-85 1.0754e-86 1.33189e-88 1.63462e-90 1.98893e-92 2.40026e-94 2.87412e-96 3.41598e-98 4.03122e-100 4.72504e-102 5.50233e-104 6.36767e-106 7.32515e-108 8.37837e-110 9.53029e-112 1.07832e-113 1.21387e-115 1.35975e-117 1.51595e-119 1.68237e-121 1.85884e-123 2.04505e-125 2.24066e-127 2.44518e-129 2.65808e-131 2.87871e-133 3.10635e-135 3.34022e-137 3.57946e-139 3.82314e-141 4.07028e-143 4.31987e-145 4.57085e-147 4.82213e-149 5.07262e-151 5.3212e-153 5.56678e-155 5.80825e-157 6.04454e-159 6.2746e-161 6.49743e-163 6.71205e-165 6.91755e-167 7.11308e-169 7.29785e-171 7.47112e-173 7.63225e-175 7.78066e-177 7.91584e-179 8.03738e-181 8.14493e-183 8.23824e-185 8.31712e-187 8.38147e-189 8.43126e-191 8.46655e-193 8.48744e-195 8.49413e-197 8.48688e-199 8.46598e-201 8.43181e-203 8.38478e-205 8.32537e-207 8.25407e-209 8.17142e-211 8.07801e-213 7.97443e-215 7.8613e-217 7.73926e-219 7.60897e-221 7.47108e-223 7.32626e-225 7.17518e-227 7.01848e-229
3.9863e-40 3.51774e-41 1.76827e-42 6.61383e-44 2.04125e-45 5.48593e-47 1.32619e-48 2.94626e-50 6.10637e-52 1.19385e-53 2.22038e-55 3.95442e-57 6.77956e-59 1.12371e-60 1.80709e-62 2.828e-64 4.31768e-66 6.4452e-68 9.42436e-70 1.3521e-71 1.90602e-73 2.64341e-75 3.61082e-77 4.86284e-79 6.46265e-81 8.48243e-83 1.10037e-84 1.41176e-86 1.79246e-88 2.25344e-90 2.80656e-92 3.46449e-94 4.24063e-96 5.14898e-98 6.20403e-100 7.42059e-102 8.81364e-104 1.03981e-105 1.21887e-107 1.41996e-109 1.64445e-111 1.89361e-113 2.1686e-115 2.47045e-117 2.80003e-119 3.15805e-121 3.54504e-123 3.9613e-125 4.40693e-127 4.8818e-129 5.38554e-131 5.91753e-133 6.47693e-135 7.06262e-137 7.67327e-139 8.3073e-141 8.96291e-143 9.63808e-145 1.03306e-146 1.10381e-148 1.17579e-150 1.24875e-152 1.32239e-154 1.39642e-156 1.47055e-158 1.54447e-160 1.61786e-162 1.69044e-164 1.76188e-166 1.83189e-168 1.90017e-170 1.96645e-172 2.03044e-174 2.0919e-176 2.15057e-178 2.20622e-180 2.25866e-182 2.30767e-184 2.3531e-186 2.3948e-188 2.43262e-190 2.46648e-192 2.49627e-194 2.52193e-196 2.54343e-198 2.56074e-200 2.57385e-202 2.58279e-204 2.5876e-206 2.58833e-208 2.58505e-210 2.57786e-212 2.56687e-214 2.55218e-216 2.53393e-218 2.51226e-220 2.48733e-222 2.4593e-224 2.42833e-226 2.3946e-228 2.3583e-230
3.36748e-42 3.11308e-43 1.63052e-44 6.33001e-46 2.02178e-47 5.60976e-49 1.39736e-50 3.19344e-52 6.79892e-54 1.36375e-55 2.59935e-57 4.73963e-59 8.31201e-61 1.40816e-62 2.3129e-64 3.69439e-66 5.75352e-68 8.75569e-70 1.30451e-71 1.90602e-73 2.7351e-75 3.85962e-77 5.3622e-79 7.34205e-81 9.91675e-83 1.32239e-84 1.74228e-86 2.26957e-88 2.92486e-90 3.73124e-92 4.71428e-94 5.90204e-96 7.32497e-98 9.01585e-100 1.10096e-101 1.33429e-103 1.60543e-105 1.91833e-107 2.27707e-109 2.68575e-111 3.14846e-113 3.66927e-115 4.25212e-117 4.90081e-119 5.6189e-121 6.4097e-123 7.27618e-125 8.22093e-127 9.2461e-129 1.03534e-130 1.15439e-132 1.28182e-134 1.41764e-136 1.56178e-138 1.71411e-140 1.87445e-142 2.04252e-144 2.21802e-146 2.40054e-148 2.58965e-150 2.78482e-152 2.98549e-154 3.19105e-156 3.4008e-158 3.61406e-160 3.83004e-162 4.04798e-164 4.26706e-166 4.48643e-168 4.70526e-170 4.92268e-172 5.13783e-174 5.34986e-176 5.55793e-178 5.76121e-180 5.95889e-182 6.15021e-184 6.33442e-186 6.51083e-188 6.67877e-190 6.83763e-192 6.98685e-194 7.12593e-196 7.25441e-198 7.37189e-200 7.47805e-202 7.57259e-204 7.6553e-206 7.72603e-208 7.78467e-210 7.83117e-212 7.86556e-214 7.8879e-216 7.89831e-218 7.89696e-220 7.88406e-222 7.85988e-224 7.82472e-226 7.77891e-228 7.72284e-230 7.6569e-232
2.84472e-44 2.74929e-45 1.49794e-46 6.02767e-48 1.98998e-49 5.6945e-51 1.46019e-52 3.42979e-54 7.49492e-56 1.54122e-57 3.00844e-59 5.61255e-61 1.00622e-62 1.74132e-64 2.91956e-66 4.75727e-68 7.55346e-70 1.17128e-71 1.77727e-73 2.64341e-75 3.85962e-77 5.53948e-79 7.82437e-81 1.08879e-82 1.49404e-84 2.02337e-86 2.70657e-88 3.57847e-90 4.67937e-92 6.05543e-94 7.75896e-96 9.84866e-98 1.23898e-99 1.54542e-101 1.91205e-103 2.34732e-105 2.86035e-107 3.46077e-109 4.15875e-111 4.96489e-113 5.89012e-115 6.94564e-117 8.1428e-119 9.49295e-121 1.10074e-122 1.2697e-124 1.45726e-126 1.66442e-128 1.89212e-130 2.14123e-132 2.4125e-134 2.70659e-136 3.02404e-138 3.36523e-140 3.73042e-142 4.1197e-144 4.533e-146 4.97009e-148 5.43053e-150 5.91375e-152 6.41898e-154 6.94526e-156 7.49148e-158 8.05634e-160 8.63839e-162 9.23603e-164 9.84749e-166 1.04709e-167 1.11042e-169 1.17454e-171 1.23921e-173 1.30422e-175 1.36933e-177 1.4343e-179 1.4989e-181 1.56286e-183 1.62597e-185 1.68798e-187 1.74865e-189 1.80776e-191 1.86509e-193 1.92042e-195 1.97356e-197 2.02432e-199 2.0725e-201 2.11796e-203 2.16054e-205 2.20011e-207 2.23654e-209 2.26973e-211 2.29959e-213 2.32605e-215 2.34906e-217 2.36857e-219 2.38457e-221 2.39704e-223 2.406e-225 2.41146e-227 2.41347e-229 2.41207e-231 2.40733e-233
2.40311e-46 2.42342e-47 1.37147e-48 5.71301e-50 1.94738e-51 5.7415e-53 1.51419e-54 3.65253e-56 8.18623e-58 1.72456e-59 3.44522e-61 6.57214e-63 1.20381e-64 2.12687e-66 3.63819e-68 6.04454e-70 9.78001e-72 1.54459e-73 2.38589e-75 3.61082e-77 5.3622e-79 7.82437e-81 1.12317e-82 1.58782e-84 2.21275e-86 3.0424e-88 4.13046e-90 5.54101e-92 7.34972e-94 9.64506e-96 1.25294e-97 1.612e-99 2.055e-101 2.59691e-103 3.25445e-105 4.04606e-107 4.99198e-109 6.11418e-111 7.43635e-113 8.9838e-115 1.07834e-116 1.28632e-118 1.52528e-120 1.79824e-122 2.1083e-124 2.45863e-126 2.85239e-128 3.29272e-130 3.78271e-132 4.32536e-134 4.92355e-136 5.57998e-138 6.29714e-140 7.07728e-142 7.92239e-144 8.83411e-146 9.81375e-148 1.08622e-149 1.19801e-151 1.31674e-153 1.44238e-155 1.57484e-157 1.714e-159 1.85967e-161 2.01163e-163 2.1696e-165 2.33326e-167 2.50223e-169 2.6761e-171 2.85442e-173 3.03669e-175 3.22237e-177 3.4109e-179 3.60169e-181 3.7941e-183 3.98751e-185 4.18125e-187 4.37465e-189 4.56704e-191 4.75772e-193 4.94601e-195 5.13125e-197 5.31277e-199 5.48992e-201 5.66206e-203 5.82859e-205 5.98892e-207 6.14251e-209 6.28883e-211 6.42741e-213 6.55779e-215 6.67956e-217 6.79238e-219 6.89591e-221 6.98987e-223 7.07405e-225 7.14825e-227 7.21234e-229 7.26621e-231 7.30981e-233 7.34315e-235
2.03005e-48 2.13248e-49 1.25175e-50 5.39144e-52 1.89552e-53 5.75269e-55 1.55908e-56 3.85923e-58 8.8649e-60 1.91197e-61 3.90673e-63 7.61589e-65 1.42447e-66 2.56807e-68 4.47962e-70 7.58491e-72 1.25003e-73 2.00985e-75 3.1591e-77 4.86284e-79 7.34205e-81 1.08879e-82 1.58782e-84 2.27963e-86 3.22523e-88 4.50065e-90 6.19953e-92 8.43582e-94 1.13467e-95 1.50958e-97 1.98757e-99 2.59119e-101 3.34648e-103 4.28336e-105 5.4358e-107 6.84212e-109 8.54514e-111 1.05924e-112 1.3036e-114 1.59331e-116 1.93454e-118 2.33392e-120 2.79853e-122 3.33586e-124 3.95376e-126 4.66042e-128 5.4643e-130 6.37407e-132 7.39853e-134 8.54655e-136 9.82695e-138 1.12485e-139 1.28196e-141 1.45485e-143 1.6443e-145 1.85103e-147 2.07572e-149 2.31894e-151 2.58121e-153 2.86296e-155 3.1645e-157 3.48605e-159 3.8277e-161 4.18944e-163 4.57112e-165 4.97247e-167 5.39308e-169 5.83242e-171 6.2898e-173 6.76442e-175 7.25535e-177 7.76152e-179 8.28175e-181 8.81474e-183 9.35907e-185 9.91324e-187 1.04757e-188 1.10446e-190 1.16184e-192 1.21951e-194 1.27729e-196 1.335e-198 1.39243e-200 1.4494e-202 1.50572e-204 1.56118e-206 1.6156e-208 1.66879e-210 1.72057e-212 1.77078e-214 1.81922e-216 1.86576e-218 1.91024e-220 1.9525e-222 1.99243e-224 2.0299e-226 2.0648e-228 2.09704e-230 2.12652e-232 2.15317e-234 2.17694e-236
1.71491e-50 1.87346e-51 1.13918e-52 5.06765e-54 1.8359e-55 5.73038e-57 1.5947e-58 4.04783e-60 9.52337e-62 2.10156e-63 4.3895e-65 8.73984e-67 1.66836e-68 3.06763e-70 5.45413e-72 9.40746e-74 1.57851e-75 2.58276e-77 4.12931e-79 6.46265e-81 9.91675e-83 1.49404e-84 2.21275e-86 3.22523e-88 4.6311e-90 6.55685e-92 9.16113e-94 1.26406e-95 1.72366e-97 2.32416e-99 3.1007e-101 4.09509e-103 5.35656e-105 6.94261e-107 8.91981e-109 1.13645e-110 1.43638e-112 1.80157e-114 2.24305e-116 2.77304e-118 3.40505e-120 4.15389e-122 5.03566e-124 6.06774e-126 7.26877e-128 8.6586e-130 1.02582e-131 1.20895e-133 1.41756e-135 1.65399e-137 1.9207e-139 2.22014e-141 2.55481e-143 2.9272e-145 3.33979e-147 3.79498e-149 4.29513e-151 4.84249e-153 5.43915e-155 6.08709e-157 6.78807e-159 7.54366e-161 8.35519e-163 9.22373e-165 1.01501e-166 1.11347e-168 1.21778e-170 1.32791e-172 1.44382e-174 1.56542e-176 1.69258e-178 1.82515e-180 1.96292e-182 2.10566e-184 2.2531e-186 2.40493e-188 2.56082e-190 2.72039e-192 2.88324e-194 3.04895e-196 3.21705e-198 3.38706e-200 3.5585e-202 3.73084e-204 3.90355e-206 4.07609e-208 4.24792e-210 4.41849e-212 4.58723e-214 4.75361e-216 4.91707e-218 5.07708e-220 5.23313e-222 5.3847e-224 5.5313e-226 5.67247e-228 5.80776e-230 5.93676e-232 6.05906e-234 6.17432e-236 6.2822e-238
1.44869e-52 1.64347e-53 1.03394e-54 4.74562e-56 1.76995e-57 5.67721e-59 1.62111e-60 4.21668e-62 1.01546e-63 2.29141e-65 4.88967e-67 9.93861e-69 1.93533e-70 3.62765e-72 6.57118e-74 1.1541e-75 1.97084e-77 3.28029e-79 5.33257e-81 8.48243e-83 1.32239e-84 2.02337e-86 3.0424e-88 4.50065e-90 6.55685e-92 9.41616e-94 1.33406e-95 1.86607e-97 2.57888e-99 3.5234e-101 4.76181e-103 6.36934e-105 8.43615e-107 1.10693e-108 1.43948e-110 1.85598e-112 2.37346e-114 3.0115e-116 3.79238e-118 4.74134e-120 5.88671e-122 7.26008e-124 8.89643e-126 1.08342e-127 1.31154e-129 1.57856e-131 1.88938e-133 2.24926e-135 2.66378e-137 3.13883e-139 3.68059e-141 4.2955e-143 4.99023e-145 5.7716e-147 6.64658e-149 7.62222e-151 8.70557e-153 9.90365e-155 1.12234e-156 1.26715e-158 1.42545e-160 1.59785e-162 1.78492e-164 1.98721e-166 2.20518e-168 2.43925e-170 2.68977e-172 2.95701e-174 3.24116e-176 3.54233e-178 3.86053e-180 4.19569e-182 4.54764e-184 4.9161e-186 5.30069e-188 5.70094e-190 6.11625e-192 6.54596e-194 6.98927e-196 7.44531e-198 7.9131e-200 8.39157e-202 8.87958e-204 9.3759e-206 9.87923e-208 1.03882e-209 1.09014e-211 1.14174e-213 1.19346e-215 1.24515e-217 1.29666e-219 1.34782e-221 1.39848e-223 1.44848e-225 1.49767e-227 1.54588e-229 1.59297e-231 1.6388e-233 1.68321e-235 1.72608e-237 1.76727e-239
1.2238e-54 1.43974e-55 9.36086e-57 4.42868e-58 1.69901e-59 5.59604e-61 1.63847e-62 4.3645e-64 1.07521e-65 2.47961e-67 5.40306e-69 1.12055e-70 2.22486e-72 4.24953e-74 7.83921e-76 1.40137e-77 2.43459e-79 4.12051e-81 6.80854e-83 1.10037e-84 1.74228e-86 2.70657e-88 4.13046e-90 6.19953e-92 9.16113e-94 1.33406e-95 1.91604e-97 2.71628e-99 3.80355e-101 5.26414e-103 7.20523e-105 9.7586e-107 1.30847e-108 1.73772e-110 2.28678e-112 2.98312e-114 3.85905e-116 4.9523e-118 6.30656e-120 7.97202e-122 1.0006e-123 1.24734e-125 1.54473e-127 1.90093e-129 2.32501e-131 2.82696e-133 3.41775e-135 4.10931e-137 4.91454e-139 5.84733e-141 6.92252e-143 8.15585e-145 9.56394e-147 1.11642e-148 1.29749e-150 1.50146e-152 1.73028e-154 1.98592e-156 2.27036e-158 2.58563e-160 2.93371e-162 3.31659e-164 3.73621e-166 4.19444e-168 4.69308e-170 5.23384e-172 5.81829e-174 6.44786e-176 7.12385e-178 7.84735e-180 8.61928e-182 9.44032e-184 1.0311e-185 1.12314e-187 1.22016e-189 1.32214e-191 1.429e-193 1.54067e-195 1.65704e-197 1.77796e-199 1.90326e-201 2.03274e-203 2.16618e-205 2.30332e-207 2.44388e-209 2.58756e-211 2.73402e-213 2.88292e-215 3.03388e-217 3.18651e-219 3.34041e-221 3.49516e-223 3.65032e-225 3.80546e-227 3.96012e-229 4.11385e-231 4.26619e-233 4.4167e-235 4.56492e-237 4.71041e-239 4.85273e-241
1.03382e-56 1.25966e-57 8.45518e-59 4.11954e-60 1.62435e-61 5.48985e-63 1.64707e-64 4.49042e-66 1.13102e-67 2.66431e-69 5.92524e-71 1.25326e-72 2.5361e-74 4.93389e-76 9.26536e-78 1.68524e-79 2.97741e-81 5.12245e-83 8.60028e-85 1.41176e-86 2.26957e-88 3.57847e-90 5.54101e-92 8.43582e-94 1.26406e-95 1.86607e-97 2.71628e-99 3.90168e-101 5.5344e-103 7.75736e-105 1.07509e-106 1.47402e-108 2.00037e-110 2.68828e-112 3.57919e-114 4.72302e-116 6.17937e-118 8.01887e-120 1.03245e-121 1.31932e-123 1.67372e-125 2.10855e-127 2.63857e-129 3.2805e-131 4.0532e-133 4.97782e-135 6.07785e-137 7.37933e-139 8.91085e-141 1.07037e-142 1.27917e-144 1.52117e-146 1.80029e-148 2.12075e-150 2.48699e-152 2.90371e-154 3.37585e-156 3.90854e-158 4.50709e-160 5.17698e-162 5.9238e-164 6.75322e-166 7.67098e-168 8.68278e-170 9.79433e-172 1.10112e-173 1.23388e-175 1.37825e-177 1.53472e-179 1.70376e-181 1.88581e-183 2.08126e-185 2.29045e-187 2.51368e-189 2.75119e-191 3.00316e-193 3.2697e-195 3.55085e-197 3.84658e-199 4.1568e-201 4.48132e-203 4.81989e-205 5.17215e-207 5.5377e-209 5.91604e-211 6.30657e-213 6.70865e-215 7.12154e-217 7.54443e-219 7.97644e-221 8.41663e-223 8.86398e-225 9.31744e-227 9.77587e-229 1.02381e-230 1.0703e-232 1.11692e-234 1.16356e-236 1.21007e-238 1.25633e-240 1.30222e-242
8.73333e-59 1.10079e-59 7.62052e-61 3.82039e-62 1.5471e-63 5.36168e-65 1.64733e-66 4.59391e-68 1.18239e-69 2.84369e-71 6.45163e-73 1.3911e-74 2.86784e-76 5.68057e-78 1.08553e-79 2.00817e-81 3.60692e-83 6.30585e-85 1.0754e-86 1.79246e-88 2.92486e-90 4.67937e-92 7.34972e-94 1.13467e-95 1.72366e-97 2.57888e-99 3.80355e-101 5.5344e-103 7.95045e-105 1.12835e-106 1.58302e-108 2.19669e-110 3.0166e-112 4.10147e-114 5.52369e-116 7.37171e-118 9.75267e-120 1.27954e-121 1.66534e-123 2.15085e-125 2.75744e-127 3.51002e-129 4.43748e-131 5.57305e-133 6.95475e-135 8.62576e-137 1.06349e-138 1.30368e-140 1.58926e-142 1.927e-144 2.32437e-146 2.78956e-148 3.33149e-150 3.95984e-152 4.68505e-154 5.51829e-156 6.47149e-158 7.55729e-160 8.78903e-162 1.01807e-163 1.17468e-165 1.35025e-167 1.54632e-169 1.76451e-171 2.00641e-173 2.27367e-175 2.56793e-177 2.89083e-179 3.24398e-181 3.62896e-183 4.0473e-185 4.50049e-187 4.9899e-189 5.51686e-191 6.08255e-193 6.68805e-195 7.3343e-197 8.02209e-199 8.75205e-201 9.52463e-203 1.03401e-204 1.11985e-206 1.20998e-208 1.30436e-210 1.40293e-212 1.50561e-214 1.6123e-216 1.72289e-218 1.83721e-220 1.95511e-222 2.07638e-224 2.20083e-226 2.32821e-228 2.45828e-230 2.59075e-232 2.72534e-234 2.86174e-236 2.99963e-238 3.13867e-240 3.27852e-242 3.41883e-244
7.37759e-61 9.60891e-62 6.85425e-63 3.53289e-64 1.46829e-65 5.21455e-67 1.63971e-68 4.67481e-70 1.2289e-71 3.0161e-73 6.97757e-75 1.53308e-76 3.21856e-78 6.48858e-80 1.26131e-81 2.37241e-83 4.33051e-85 7.69092e-87 1.33189e-88 2.25344e-90 3.73124e-92 6.05543e-94 9.64506e-96 1.50958e-97 2.32416e-99 3.5234e-101 5.26414e-103 7.75736e-105 1.12835e-106 1.62108e-108 2.30182e-110 3.23213e-112 4.49045e-114 6.17567e-116 8.41144e-118 1.13509e-119 1.51823e-121 2.01349e-123 2.6486e-125 3.45682e-127 4.47778e-129 5.75834e-131 7.35353e-133 9.32758e-135 1.17549e-136 1.47212e-138 1.83247e-140 2.26768e-142 2.7904e-144 3.4148e-146 4.15677e-148 5.03394e-150 6.06582e-152 7.27385e-154 8.68151e-156 1.03143e-157 1.21999e-159 1.43679e-161 1.68503e-163 1.9681e-165 2.28958e-167 2.65328e-169 3.06315e-171 3.52335e-173 4.03817e-175 4.61205e-177 5.24951e-179 5.9552e-181 6.73379e-183 7.59002e-185 8.52858e-187 9.55416e-189 1.06714e-190 1.18847e-192 1.31984e-194 1.46167e-196 1.61435e-198 1.77824e-200 1.95367e-202 2.14094e-204 2.3403e-206 2.55198e-208 2.77612e-210 3.01285e-212 3.26224e-214 3.52428e-216 3.79893e-218 4.08608e-220 4.38554e-222 4.69709e-224 5.02042e-226 5.35517e-228 5.7009e-230 6.05713e-232 6.42329e-234 6.79877e-236 7.1829e-238 7.57493e-240 7.97408e-242 8.37952e-244 8.79036e-246
6.23231e-63 8.379e-64 6.15324e-65 3.2583e-66 1.38883e-67 5.05142e-69 1.62478e-70 4.73328e-72 1.27023e-73 3.17996e-75 7.49843e-77 1.67815e-78 3.58644e-80 7.35607e-82 1.45409e-83 2.77988e-85 5.1553e-87 9.29807e-89 1.63462e-90 2.80656e-92 4.71428e-94 7.75896e-96 1.25294e-97 1.98757e-99 3.1007e-101 4.76181e-103 7.20523e-105 1.07509e-106 1.58302e-108 2.30182e-110 3.30728e-112 4.69828e-114 6.6025e-116 9.1832e-118 1.26473e-119 1.72545e-121 2.33283e-123 3.12682e-125 4.15635e-127 5.48092e-129 7.17231e-131 9.31655e-133 1.2016e-134 1.53916e-136 1.95853e-138 2.47628e-140 3.11162e-142 3.88669e-144 4.82683e-146 5.96094e-148 7.32172e-150 8.94601e-152 1.08751e-153 1.31549e-155 1.58365e-157 1.8976e-159 2.26351e-161 2.68811e-163 3.17869e-165 3.74317e-167 4.39003e-169 5.12834e-171 5.96779e-173 6.9186e-175 7.99158e-177 9.19804e-179 1.05498e-180 1.20591e-182 1.37386e-184 1.56013e-186 1.76605e-188 1.99296e-190 2.24222e-192 2.51519e-194 2.81323e-196 3.13767e-198 3.48983e-200 3.87099e-202 4.28236e-204 4.72513e-206 5.20037e-208 5.70911e-210 6.25227e-212 6.83067e-214 7.445e-216 8.09584e-218 8.78363e-220 9.50866e-222 1.02711e-223 1.10709e-225 1.19079e-227 1.27817e-229 1.36918e-231 1.46375e-233 1.56178e-235 1.66318e-237 1.76782e-239 1.87554e-241 1.98619e-243 2.0996e-245 2.21555e-247
