0.759387 0.0338765 0.0213626 0.0134713 0.00849501 0.00535697 0.00337812 0.00213025 0.00134334 0.000847111 0.00053419 0.000336861 0.000212425 0.000133956 8.44728e-05 5.32687e-05 3.35913e-05 2.11828e-05 1.33579e-05 8.42352e-06 5.31188e-06 3.34968e-06 2.11232e-06 1.33203e-06 8.39982e-07 5.29694e-07 3.34026e-07 2.10638e-07 1.32828e-07 8.37619e-08 5.28204e-08 3.33086e-08 2.10045e-08 1.32455e-08 8.35262e-09 5.26718e-09 3.32149e-09 2.09454e-09 1.32082e-09 8.32912e-10 5.25236e-10 3.31215e-10 2.08865e-10 1.31711e-10 8.30569e-11 5.23759e-11 3.30283e-11 2.08277e-11 1.3134e-11 8.28233e-12 5.22285e-12 3.29354e-12 2.07691e-12 1.30971e-12 8.25903e-13 5.20816e-13 3.28427e-13 2.07107e-13 1.30602e-13 8.23579e-14 5.19351e-14 3.27504e-14 2.06524e-14 1.30235e-14 8.21262e-15 5.1789e-15 3.26582e-15 2.05943e-15 1.29868e-15 8.18952e-16 5.16433e-16 3.25663e-16 2.05364e-16 1.29503e-16 8.16648e-17 5.1498e-17 3.24747e-17 2.04786e-17 1.29139e-17 8.14351e-18 5.13531e-18 3.23834e-18 2.0421e-18 1.28775e-18 8.1206e-19 5.12086e-19 3.22923e-19 2.03636e-19 1.28413e-19 8.09775e-20 5.10646e-20 3.22014e-20 2.03063e-20 1.28052e-20 8.07497e-21 5.09209e-21 3.21108e-21 2.02492e-21 1.27692e-21 8.05225e-22 5.07777e-22
0.0338765 0.00617815 0.004125 0.00274568 0.00182251 0.00120672 0.00079718 0.000525544 0.000345812 0.000227153 0.000148971 9.7553e-05 6.37948e-05 4.16654e-05 2.718e-05 1.77109e-05 1.15287e-05 7.49715e-06 4.87094e-06 3.16194e-06 2.05088e-06 1.32921e-06 8.60849e-07 5.57135e-07 3.60337e-07 2.32909e-07 1.50454e-07 9.71351e-08 6.26778e-08 4.04228e-08 2.60571e-08 1.67888e-08 1.08122e-08 6.96025e-09 4.4787e-09 2.88075e-09 1.85222e-09 1.19047e-09 7.64876e-10 4.91263e-10 3.15423e-10 2.02458e-10 1.2991e-10 8.33336e-11 5.34408e-11 3.42615e-11 2.19595e-11 1.4071e-11 9.01403e-12 5.77307e-12 3.69651e-12 2.36634e-12 1.51449e-12 9.69082e-13 6.1996e-13 3.96532e-13 2.53576e-13 1.62126e-13 1.03637e-13 6.62369e-14 4.2326e-14 2.7042e-14 1.72742e-14 1.10328e-14 7.04534e-15 4.49833e-15 2.87167e-15 1.83296e-15 1.1698e-15 7.46456e-16 4.76254e-16 3.03818e-16 1.9379e-16 1.23593e-16 7.88137e-17 5.02523e-17 3.20374e-17 2.04224e-17 1.30169e-17 8.29578e-18 5.2864e-18 3.36833e-18 2.14597e-18 1.36706e-18 8.70779e-19 5.54606e-19 3.53198e-19 2.24911e-19 1.43206e-19 9.11742e-20 5.80421e-20 3.69468e-20 2.35164e-20 1.49668e-20 9.52467e-21 6.06088e-21 3.85643e-21 2.45358e-21 1.56093e-21 9.92956e-22 6.31605e-22
0.0213626 0.004125 0.00278745 0.00187675 0.00125948 0.000842775 0.000562456 0.000374479 0.000248783 0.000164949 0.000109165 7.21246e-05 4.75778e-05 3.13397e-05 2.06157e-05 1.35443e-05 8.88792e-06 5.82592e-06 3.81484e-06 2.49554e-06 1.63099e-06 1.06502e-06 6.94872e-07 4.53014e-07 2.95118e-07 1.9212e-07 1.24984e-07 8.12569e-08 5.27957e-08 3.42832e-08 2.22495e-08 1.4432e-08 9.35636e-09 6.0628e-09 3.92675e-09 2.54211e-09 1.645e-09 1.06402e-09 6.87956e-10 4.44629e-10 2.87257e-10 1.85517e-10 1.19769e-10 7.72952e-11 4.98675e-11 3.2162e-11 2.07364e-11 1.33657e-11 8.61239e-12 5.54794e-12 3.57289e-12 2.30033e-12 1.48064e-12 9.52788e-13 6.12967e-13 3.94251e-13 2.53517e-13 1.62983e-13 1.04757e-13 6.73175e-14 4.32495e-14 2.77809e-14 1.78411e-14 1.14555e-14 7.354e-15 4.7201e-15 3.029e-15 1.94343e-15 1.24671e-15 7.99623e-16 5.12783e-16 3.28784e-16 2.10774e-16 1.35101e-16 8.65826e-17 5.54802e-17 3.55453e-17 2.277e-17 1.45842e-17 9.33991e-18 5.98058e-18 3.829e-18 2.45116e-18 1.56892e-18 1.0041e-18 6.42537e-19 4.11118e-19 2.63017e-19 1.68248e-19 1.07613e-19 6.88229e-20 4.401e-20 2.81399e-20 1.79907e-20 1.15007e-20 7.35122e-21 4.69839e-21 3.00258e-21 1.91865e-21 1.22591e-21 7.83205e-22
0.0134713 0.00274568 0.00187675 0.00127735 0.000866118 0.000585303 0.00039434 0.000264956 0.000177582 0.000118752 7.92469e-05 5.27828e-05 3.50943e-05 2.32954e-05 1.54398e-05 1.02188e-05 6.75431e-06 4.45885e-06 2.94007e-06 1.93649e-06 1.27416e-06 8.37541e-07 5.5003e-07 3.60898e-07 2.36603e-07 1.54993e-07 1.01455e-07 6.63623e-08 4.33781e-08 2.83357e-08 1.84979e-08 1.20684e-08 7.86906e-09 5.12808e-09 3.34006e-09 2.17435e-09 1.41479e-09 9.20117e-10 5.98129e-10 3.88646e-10 2.52421e-10 1.63877e-10 1.06349e-10 6.89892e-11 4.47368e-11 2.89994e-11 1.87915e-11 1.21726e-11 7.88242e-12 5.10265e-12 3.30214e-12 2.13629e-12 1.38165e-12 8.93324e-13 5.77427e-13 3.73135e-13 2.41057e-13 1.55689e-13 1.00528e-13 6.48945e-14 4.18816e-14 2.70231e-14 1.7432e-14 1.12425e-14 7.24905e-15 4.67311e-15 3.01189e-15 1.94081e-15 1.25037e-15 8.05395e-16 5.18675e-16 3.33964e-16 2.14992e-16 1.38378e-16 8.90501e-17 5.72962e-17 3.6859e-17 2.37076e-17 1.52461e-17 9.80308e-18 6.30226e-18 4.051e-18 2.60353e-18 1.673e-18 1.0749e-18 6.90518e-19 4.43528e-19 2.84844e-19 1.82908e-19 1.17435e-19 7.53891e-20 4.83906e-20 3.10569e-20 1.99297e-20 1.27876e-20 8.20396e-21 5.26267e-21 3.37549e-21 2.1648e-21 1.38819e-21 8.90082e-22
0.00849501 0.00182251 0.00125948 0.000866118 0.000593038 0.000404501 0.000274957 0.000186324 0.000125909 8.48676e-05 5.70709e-05 3.82966e-05 2.56477e-05 1.71454e-05 1.14422e-05 7.62406e-06 5.07253e-06 3.37026e-06 2.23636e-06 1.48214e-06 9.81158e-07 6.4881e-07 4.28598e-07 2.82853e-07 1.86496e-07 1.22856e-07 8.08644e-08 5.3183e-08 3.49508e-08 2.29522e-08 1.50622e-08 9.87778e-09 6.4737e-09 4.24011e-09 2.77552e-09 1.81578e-09 1.18725e-09 7.75873e-10 5.06777e-10 3.30848e-10 2.1589e-10 1.40811e-10 9.18006e-11 5.98228e-11 3.89678e-11 2.53728e-11 1.65142e-11 1.07444e-11 6.9879e-12 4.5431e-12 2.95261e-12 1.91828e-12 1.24587e-12 8.08896e-13 5.2502e-13 3.40664e-13 2.20976e-13 1.43297e-13 9.28983e-14 6.02083e-14 3.9011e-14 2.52699e-14 1.63646e-14 1.0595e-14 6.85781e-15 4.43778e-15 2.87107e-15 1.85704e-15 1.20088e-15 7.76397e-16 5.01848e-16 3.24316e-16 2.09543e-16 1.3536e-16 8.74217e-17 5.64499e-17 3.64438e-17 2.35235e-17 1.5181e-17 9.79533e-18 6.31917e-18 4.07591e-18 2.62854e-18 1.69485e-18 1.09264e-18 7.04286e-19 4.53892e-19 2.92474e-19 1.88432e-19 1.21383e-19 7.81793e-20 5.03459e-20 3.2417e-20 2.08698e-20 1.3434e-20 8.64629e-21 5.56411e-21 3.58017e-21 2.30332e-21 1.48166e-21 9.52983e-22
0.00535697 0.00120672 0.000842775 0.000585303 0.000404501 0.000278341 0.000190793 0.00013033 8.87517e-05 6.0267e-05 4.0819e-05 2.75816e-05 1.85965e-05 1.25132e-05 8.40426e-06 5.63477e-06 3.77182e-06 2.52097e-06 1.68255e-06 1.12148e-06 7.4656e-07 4.96391e-07 3.29682e-07 2.18727e-07 1.44968e-07 9.59895e-08 6.35005e-08 4.19711e-08 2.7718e-08 1.82905e-08 1.20603e-08 7.94646e-09 5.23218e-09 3.44269e-09 2.26377e-09 1.48763e-09 9.76999e-10 6.41272e-10 4.20675e-10 2.75814e-10 1.80742e-10 1.18381e-10 7.74983e-11 5.07103e-11 3.31666e-11 2.16826e-11 1.41689e-11 9.25501e-12 6.04284e-12 3.94396e-12 2.57311e-12 1.67811e-12 1.09402e-12 7.12972e-13 4.64485e-13 3.02499e-13 1.9694e-13 1.28176e-13 8.3395e-14 5.42428e-14 3.52708e-14 2.29277e-14 1.48999e-14 9.68023e-15 6.28738e-15 4.08261e-15 2.65029e-15 1.72003e-15 1.11602e-15 7.23942e-16 4.69494e-16 3.04407e-16 1.97324e-16 1.27881e-16 8.28585e-17 5.36752e-17 3.47631e-17 2.25099e-17 1.45727e-17 9.43228e-18 6.10393e-18 3.94928e-18 2.55472e-18 1.6523e-18 1.06845e-18 6.90782e-19 4.4653e-19 2.88592e-19 1.86485e-19 1.20484e-19 7.78295e-20 5.02675e-20 3.2461e-20 2.09588e-20 1.35302e-20 8.73321e-21 5.63611e-21 3.63681e-21 2.34637e-21 1.5136e-21 9.76258e-22
0.00337812 0.00079718 0.000562456 0.00039434 0.000274957 0.000190793 0.000131826 9.07357e-05 6.22393e-05 4.25599e-05 2.90207e-05 1.97375e-05 1.33919e-05 9.06651e-06 6.1257e-06 4.13098e-06 2.7809e-06 1.86898e-06 1.25416e-06 8.40375e-07 5.62342e-07 3.75811e-07 2.50847e-07 1.67243e-07 1.11381e-07 7.41005e-08 4.92494e-08 3.27017e-08 2.16944e-08 1.43797e-08 9.52338e-09 6.30216e-09 4.16733e-09 2.75365e-09 1.81825e-09 1.19979e-09 7.9118e-10 5.214e-10 3.43403e-10 2.26039e-10 1.48702e-10 9.77713e-11 6.42505e-11 4.22007e-11 2.77042e-11 1.81787e-11 1.19228e-11 7.81616e-12 5.12175e-12 3.35473e-12 2.19642e-12 1.43746e-12 9.40388e-13 6.14964e-13 4.02004e-13 2.62695e-13 1.71601e-13 1.12056e-13 7.31483e-14 4.77342e-14 3.11397e-14 2.03078e-14 1.32397e-14 8.62899e-15 5.62231e-15 3.66222e-15 2.3848e-15 1.55253e-15 1.01044e-15 6.57451e-16 4.27666e-16 2.78123e-16 1.80826e-16 1.17538e-16 7.63819e-17 4.96251e-17 3.22339e-17 2.09327e-17 1.35907e-17 8.82192e-18 5.72521e-18 3.71475e-18 2.40978e-18 1.56292e-18 1.01347e-18 6.57047e-19 4.25893e-19 2.76008e-19 1.78839e-19 1.15858e-19 7.50425e-20 4.85974e-20 3.14661e-20 2.03703e-20 1.3185e-20 8.53275e-21 5.52112e-21 3.57186e-21 2.31043e-21 1.49425e-21 9.66246e-22
0.00213025 0.000525544 0.000374479 0.000264956 0.000186324 0.00013033 9.07357e-05 6.2906e-05 4.34485e-05 2.99079e-05 2.05239e-05 1.40448e-05 9.5863e-06 6.52764e-06 4.43515e-06 3.00729e-06 2.03526e-06 1.37497e-06 9.27357e-07 6.24488e-07 4.19917e-07 2.81969e-07 1.89092e-07 1.2665e-07 8.47277e-08 5.66189e-08 3.77951e-08 2.52039e-08 1.67911e-08 1.11761e-08 7.43216e-09 4.93823e-09 3.27848e-09 2.17487e-09 1.44168e-09 9.54967e-10 6.32128e-10 4.18147e-10 2.76421e-10 1.82617e-10 1.20572e-10 7.95606e-11 5.2469e-11 3.45835e-11 2.27826e-11 1.50008e-11 9.87204e-12 6.49364e-12 4.26937e-12 2.80569e-12 1.84299e-12 1.21008e-12 7.94191e-13 5.21021e-13 3.41673e-13 2.23973e-13 1.46763e-13 9.61335e-14 6.2947e-14 4.12023e-14 2.69599e-14 1.76346e-14 1.15311e-14 7.53766e-15 4.92565e-15 3.21778e-15 2.10145e-15 1.37199e-15 8.95484e-16 5.84307e-16 3.81157e-16 2.48569e-16 1.6206e-16 1.0563e-16 6.88321e-17 4.48419e-17 2.92058e-17 1.90173e-17 1.23801e-17 8.05748e-18 5.24293e-18 3.41076e-18 2.21835e-18 1.4425e-18 9.37797e-19 6.09551e-19 3.96115e-19 2.57362e-19 1.67178e-19 1.08575e-19 7.05012e-20 4.57699e-20 2.97086e-20 1.92798e-20 1.25097e-20 8.11541e-21 5.26379e-21 3.41359e-21 2.21335e-21 1.43488e-21 9.30054e-22
0.00134334 0.000345812 0.000248783 0.000177582 0.000125909 8.87517e-05 6.22393e-05 4.34485e-05 3.02076e-05 2.09251e-05 1.44469e-05 9.94416e-06 6.82587e-06 4.67349e-06 3.19229e-06 2.17578e-06 1.47995e-06 1.00474e-06 6.80911e-07 4.60685e-07 3.11199e-07 2.09909e-07 1.41389e-07 9.51104e-08 6.38992e-08 4.28791e-08 2.87411e-08 1.92439e-08 1.28716e-08 8.60091e-09 5.74178e-09 3.82962e-09 2.55204e-09 1.69925e-09 1.13052e-09 7.51567e-10 4.99266e-10 3.31425e-10 2.19857e-10 1.45748e-10 9.65577e-11 6.39292e-11 4.23009e-11 2.79735e-11 1.84883e-11 1.22126e-11 8.06285e-12 5.3204e-12 3.50898e-12 2.31316e-12 1.52413e-12 1.00378e-12 6.60788e-13 4.34804e-13 2.85982e-13 1.8802e-13 1.23564e-13 8.11725e-14 5.33037e-14 3.49899e-14 2.29597e-14 1.50603e-14 9.8753e-15 6.47316e-15 4.24166e-15 2.77851e-15 1.81949e-15 1.1911e-15 7.79499e-16 5.09976e-16 3.33546e-16 2.1809e-16 1.42558e-16 9.31593e-17 6.08615e-17 3.97504e-17 2.59554e-17 1.69434e-17 1.10576e-17 7.21468e-18 4.70614e-18 3.06908e-18 2.00101e-18 1.30434e-18 8.50025e-19 5.53829e-19 3.60765e-19 2.34951e-19 1.52982e-19 9.95887e-20 6.48173e-20 4.21777e-20 2.74403e-20 1.78488e-20 1.16077e-20 7.54742e-21 4.90648e-21 3.18905e-21 2.0724e-21 1.3465e-21 8.74712e-22
0.000847111 0.000227153 0.000164949 0.000118752 8.48676e-05 6.0267e-05 4.25599e-05 2.99079e-05 2.09251e-05 1.45827e-05 1.01266e-05 7.00938e-06 4.83739e-06 3.32936e-06 2.28571e-06 1.56557e-06 1.07e-06 7.29828e-07 4.96865e-07 3.37666e-07 2.29095e-07 1.5519e-07 1.0497e-07 7.09028e-08 4.7828e-08 3.2222e-08 2.16821e-08 1.45732e-08 9.78436e-09 6.56231e-09 4.39691e-09 2.94322e-09 1.96833e-09 1.3152e-09 8.78046e-10 5.85717e-10 3.90407e-10 2.60027e-10 1.73062e-10 1.15101e-10 7.64999e-11 5.08107e-11 3.37266e-11 2.23729e-11 1.48324e-11 9.82759e-12 6.50787e-12 4.30718e-12 2.84916e-12 1.88371e-12 1.24479e-12 8.22175e-13 5.42782e-13 3.58167e-13 2.36238e-13 1.55748e-13 1.02638e-13 6.76107e-14 4.45187e-14 2.9302e-14 1.92789e-14 1.26795e-14 8.33604e-15 5.47848e-15 3.5992e-15 2.36375e-15 1.55184e-15 1.01847e-15 6.68205e-16 4.38259e-16 2.87354e-16 1.88351e-16 1.23421e-16 8.08506e-17 5.29482e-17 3.46653e-17 2.26892e-17 1.48465e-17 9.71207e-18 6.35164e-18 4.15286e-18 2.71455e-18 1.77395e-18 1.15898e-18 7.57021e-19 4.94352e-19 3.22748e-19 2.10664e-19 1.37474e-19 8.9692e-20 5.85049e-20 3.81538e-20 2.48766e-20 1.62164e-20 1.05688e-20 6.88674e-21 4.48656e-21 2.92233e-21 1.90309e-21 1.23911e-21 8.06633e-22
0.00053419 0.000148971 0.000109165 7.92469e-05 5.70709e-05 4.0819e-05 2.90207e-05 2.05239e-05 1.44469e-05 1.01266e-05 7.07132e-06 4.92087e-06 3.41363e-06 2.36122e-06 1.62893e-06 1.12097e-06 7.69657e-07 5.27317e-07 3.60563e-07 2.46082e-07 1.67655e-07 1.14034e-07 7.74412e-08 5.25133e-08 3.55597e-08 2.40474e-08 1.62417e-08 1.09564e-08 7.38254e-09 4.96897e-09 3.34095e-09 2.24407e-09 1.50585e-09 1.00955e-09 6.7621e-10 4.52548e-10 3.02614e-10 2.02193e-10 1.34993e-10 9.00603e-11 6.00404e-11 3.99993e-11 2.663e-11 1.77176e-11 1.17806e-11 7.82823e-12 5.19879e-12 3.45057e-12 2.28896e-12 1.51757e-12 1.00561e-12 6.66018e-13 4.40886e-13 2.91712e-13 1.9292e-13 1.27526e-13 8.42606e-14 5.56492e-14 3.67372e-14 2.42422e-14 1.59904e-14 1.05432e-14 6.94893e-15 4.57821e-15 3.01517e-15 1.98503e-15 1.30638e-15 8.59445e-16 5.65221e-16 3.71597e-16 2.44221e-16 1.60455e-16 1.05387e-16 6.91968e-17 4.54205e-17 2.9805e-17 1.95523e-17 1.28228e-17 8.4071e-18 5.51046e-18 3.61087e-18 2.36548e-18 1.54922e-18 1.01437e-18 6.63997e-19 4.3454e-19 2.84306e-19 1.85968e-19 1.21615e-19 7.95124e-20 5.19736e-20 3.39651e-20 2.21915e-20 1.44959e-20 9.46691e-21 6.18131e-21 4.03517e-21 2.63363e-21 1.71853e-21 1.12118e-21 7.31319e-22
0.000336861 9.7553e-05 7.21246e-05 5.27828e-05 3.82966e-05 2.75816e-05 1.97375e-05 1.40448e-05 9.94416e-06 7.00938e-06 4.92087e-06 3.44206e-06 2.39966e-06 1.66784e-06 1.15595e-06 7.99091e-07 5.51069e-07 3.79176e-07 2.60354e-07 1.78416e-07 1.2204e-07 8.33328e-08 5.68089e-08 3.86672e-08 2.62803e-08 1.78366e-08 1.20897e-08 8.18412e-09 5.53354e-09 3.73709e-09 2.52107e-09 1.69893e-09 1.14374e-09 7.69235e-10 5.16872e-10 3.46989e-10 2.32741e-10 1.5598e-10 1.04451e-10 6.98907e-11 4.67305e-11 3.12224e-11 2.08461e-11 1.39088e-11 9.27402e-12 6.1797e-12 4.11527e-12 2.73884e-12 1.82172e-12 1.21101e-12 8.04592e-13 5.3428e-13 3.54597e-13 2.35223e-13 1.55958e-13 1.03354e-13 6.84603e-14 4.53264e-14 2.99964e-14 1.98425e-14 1.31201e-14 8.67151e-15 5.72896e-15 3.7834e-15 2.49758e-15 1.64812e-15 1.08717e-15 7.1688e-16 4.7254e-16 3.11371e-16 2.05101e-16 1.35055e-16 8.89018e-17 5.85018e-17 3.84848e-17 2.53089e-17 1.66389e-17 1.09356e-17 7.18516e-18 4.71957e-18 3.09917e-18 2.03454e-18 1.33527e-18 8.76096e-19 5.74673e-19 3.76857e-19 2.4707e-19 1.6194e-19 1.06116e-19 6.95186e-20 4.5532e-20 2.98147e-20 1.95183e-20 1.27748e-20 8.35929e-21 5.46874e-21 3.57693e-21 2.33905e-21 1.52924e-21 9.9959e-22 6.53248e-22
0.000212425 6.37948e-05 4.75778e-05 3.50943e-05 2.56477e-05 1.85965e-05 1.33919e-05 9.5863e-06 6.82587e-06 4.83739e-06 3.41363e-06 2.39966e-06 1.68096e-06 1.17374e-06 8.17155e-07 5.6735e-07 3.92914e-07 2.7147e-07 1.8715e-07 1.28755e-07 8.84097e-08 6.0596e-08 4.14612e-08 2.83227e-08 1.93178e-08 1.31568e-08 8.9482e-09 6.07783e-09 4.123e-09 2.79354e-09 1.89058e-09 1.27808e-09 8.63097e-10 5.82265e-10 3.92426e-10 2.64233e-10 1.77755e-10 1.19476e-10 8.02368e-11 5.38411e-11 3.61006e-11 2.41871e-11 1.61933e-11 1.08338e-11 7.24309e-12 4.83925e-12 3.2311e-12 2.15601e-12 1.43776e-12 9.58215e-13 6.38248e-13 4.24886e-13 2.82694e-13 1.87989e-13 1.24945e-13 8.30022e-14 5.51119e-14 3.65756e-14 2.42625e-14 1.60872e-14 1.06618e-14 7.063e-15 4.67696e-15 3.09569e-15 2.0482e-15 1.35461e-15 8.95546e-16 5.91827e-16 3.90965e-16 2.5818e-16 1.70432e-16 1.12467e-16 7.4191e-17 4.89248e-17 3.22525e-17 2.12547e-17 1.40026e-17 9.222e-18 6.07167e-18 3.99632e-18 2.62956e-18 1.72973e-18 1.1375e-18 7.47824e-19 4.91506e-19 3.22953e-19 2.12145e-19 1.3932e-19 9.14704e-20 6.00395e-20 3.9399e-20 2.58479e-20 1.69535e-20 1.11171e-20 7.28821e-21 4.77693e-21 3.13024e-21 2.05073e-21 1.34321e-21 8.79599e-22 5.75879e-22
0.000133956 4.16654e-05 3.13397e-05 2.32954e-05 1.71454e-05 1.25132e-05 9.06651e-06 6.52764e-06 4.67349e-06 3.32936e-06 2.36122e-06 1.66784e-06 1.17374e-06 8.23244e-07 5.75626e-07 4.01339e-07 2.79082e-07 1.9359e-07 1.33979e-07 9.2524e-08 6.3767e-08 4.38644e-08 3.01197e-08 2.06468e-08 1.41305e-08 9.65611e-09 6.58897e-09 4.48988e-09 3.05549e-09 2.07674e-09 1.40982e-09 9.55967e-10 6.47508e-10 4.38114e-10 2.96134e-10 1.9997e-10 1.34907e-10 9.09302e-11 6.12354e-11 4.12031e-11 2.77015e-11 1.86094e-11 1.2492e-11 8.37934e-12 5.61664e-12 3.7622e-12 2.51834e-12 1.68463e-12 1.1262e-12 7.52422e-13 5.02395e-13 3.35256e-13 2.23594e-13 1.4904e-13 9.92916e-14 6.6114e-14 4.39999e-14 2.9268e-14 1.94591e-14 1.29314e-14 8.58947e-15 5.70282e-15 3.7846e-15 2.51051e-15 1.66464e-15 1.10331e-15 7.30967e-16 4.8409e-16 3.20468e-16 2.12069e-16 1.40284e-16 9.2764e-17 6.1319e-17 4.05189e-17 2.67652e-17 1.7674e-17 1.16669e-17 7.69902e-18 5.07897e-18 3.34949e-18 2.20825e-18 1.45541e-18 9.58946e-19 6.31648e-19 4.1594e-19 2.73819e-19 1.80209e-19 1.18568e-19 7.7991e-20 5.12868e-20 3.37173e-20 2.2161e-20 1.45618e-20 9.56609e-21 6.2827e-21 4.12528e-21 2.70806e-21 1.7773e-21 1.16617e-21 7.65011e-22 5.01735e-22
8.44728e-05 2.718e-05 2.06157e-05 1.54398e-05 1.14422e-05 8.40426e-06 6.1257e-06 4.43515e-06 3.19229e-06 2.28571e-06 1.62893e-06 1.15595e-06 8.17155e-07 5.75626e-07 4.04178e-07 2.8295e-07 1.97536e-07 1.37552e-07 9.55542e-08 6.62306e-08 4.58093e-08 3.16221e-08 2.1788e-08 1.49857e-08 1.029e-08 7.05447e-09 4.82903e-09 3.30091e-09 2.25328e-09 1.53613e-09 1.04593e-09 7.11306e-10 4.83186e-10 3.27865e-10 2.22237e-10 1.50487e-10 1.01802e-10 6.88024e-11 4.64577e-11 3.13423e-11 2.1127e-11 1.42294e-11 9.5762e-12 6.43971e-12 4.32729e-12 2.90572e-12 1.94979e-12 1.30746e-12 8.76154e-13 5.86753e-13 3.92699e-13 2.62665e-13 1.75585e-13 1.17307e-13 7.83281e-14 5.22727e-14 3.48659e-14 2.32435e-14 1.54876e-14 1.03145e-14 6.86605e-15 4.56835e-15 3.03817e-15 2.01962e-15 1.34195e-15 8.91281e-16 5.91712e-16 3.92669e-16 2.60476e-16 1.72718e-16 1.14482e-16 7.58534e-17 5.02399e-17 3.32633e-17 2.20153e-17 1.45657e-17 9.63364e-18 6.36944e-18 4.20986e-18 2.78159e-18 1.83729e-18 1.21319e-18 8.00835e-19 5.28477e-19 3.48642e-19 2.29935e-19 1.51602e-19 9.99269e-20 6.58473e-20 4.33785e-20 2.85689e-20 1.88104e-20 1.23819e-20 8.14826e-21 5.36083e-21 3.52607e-21 2.31869e-21 1.52437e-21 1.00192e-21 6.58375e-22 4.32527e-22
5.32687e-05 1.77109e-05 1.35443e-05 1.02188e-05 7.62406e-06 5.63477e-06 4.13098e-06 3.00729e-06 2.17578e-06 1.56557e-06 1.12097e-06 7.99091e-07 5.6735e-07 4.01339e-07 2.8295e-07 1.98865e-07 1.39367e-07 9.74096e-08 6.79145e-08 4.72402e-08 3.27879e-08 2.27103e-08 1.56997e-08 1.08334e-08 7.46259e-09 5.13215e-09 3.52397e-09 2.41613e-09 1.65422e-09 1.13104e-09 7.72331e-10 5.26734e-10 3.58809e-10 2.44142e-10 1.65938e-10 1.12666e-10 7.64191e-11 5.17829e-11 3.5056e-11 2.37107e-11 1.60231e-11 1.08188e-11 7.2989e-12 4.92028e-12 3.31427e-12 2.23081e-12 1.50046e-12 1.00851e-12 6.7739e-13 4.54685e-13 3.05002e-13 2.04467e-13 1.36986e-13 9.17221e-14 6.1379e-14 4.10507e-14 2.74399e-14 1.83321e-14 1.22409e-14 8.16945e-15 5.44949e-15 3.63335e-15 2.42132e-15 1.61285e-15 1.07384e-15 7.14643e-16 4.75391e-16 3.16102e-16 2.10098e-16 1.39585e-16 9.27003e-17 6.15394e-17 4.08374e-17 2.70893e-17 1.7963e-17 1.19069e-17 7.88982e-18 5.22615e-18 3.46057e-18 2.29069e-18 1.5158e-18 1.00271e-18 6.63088e-19 4.38359e-19 2.89704e-19 1.91402e-19 1.26418e-19 8.34728e-20 5.51004e-20 3.63614e-20 2.39887e-20 1.58216e-20 1.04323e-20 6.87687e-21 4.53199e-21 2.98589e-21 1.96675e-21 1.29513e-21 8.52654e-22 5.6121e-22 3.69296e-22
3.35913e-05 1.15287e-05 8.88792e-06 6.75431e-06 5.07253e-06 3.77182e-06 2.7809e-06 2.03526e-06 1.47995e-06 1.07e-06 7.69657e-07 5.51069e-07 3.92914e-07 2.79082e-07 1.97536e-07 1.39367e-07 9.80344e-08 6.87692e-08 4.81158e-08 3.35841e-08 2.33882e-08 1.62531e-08 1.12721e-08 7.80283e-09 5.39164e-09 3.71922e-09 2.56142e-09 1.76134e-09 1.2094e-09 8.29258e-10 5.67844e-10 3.88341e-10 2.65255e-10 1.80969e-10 1.23326e-10 8.39524e-11 5.70896e-11 3.87832e-11 2.63214e-11 1.7847e-11 1.20901e-11 8.18302e-12 5.53388e-12 3.73929e-12 2.52467e-12 1.70327e-12 1.14826e-12 7.73537e-13 5.20735e-13 3.50311e-13 2.35507e-13 1.58224e-13 1.06234e-13 7.12842e-14 4.78037e-14 3.20389e-14 2.14608e-14 1.43673e-14 9.61321e-15 6.42885e-15 4.29709e-15 2.87076e-15 1.91693e-15 1.2794e-15 8.53495e-16 5.69111e-16 3.79313e-16 2.52701e-16 1.68278e-16 1.12012e-16 7.45288e-17 4.95686e-17 3.29546e-17 2.19006e-17 1.45489e-17 9.66141e-18 6.41345e-18 4.25585e-18 2.8231e-18 1.87204e-18 1.24095e-18 8.22336e-19 5.44754e-19 3.60753e-19 2.38826e-19 1.58058e-19 1.04573e-19 6.91654e-20 4.5733e-20 3.02303e-20 1.9977e-20 1.31976e-20 8.71639e-21 5.75519e-21 3.79896e-21 2.507e-21 1.65398e-21 1.09092e-21 7.19357e-22 4.74228e-22 3.12552e-22
2.11828e-05 7.49715e-06 5.82592e-06 4.45885e-06 3.37026e-06 2.52097e-06 1.86898e-06 1.37497e-06 1.00474e-06 7.29828e-07 5.27317e-07 3.79176e-07 2.7147e-07 1.9359e-07 1.37552e-07 9.74096e-08 6.87692e-08 4.84105e-08 3.3988e-08 2.38028e-08 1.66308e-08 1.15943e-08 8.06628e-09 5.60085e-09 3.88178e-09 2.68563e-09 1.85497e-09 1.2792e-09 8.80811e-10 6.05621e-10 4.15835e-10 2.85146e-10 1.95283e-10 1.33578e-10 9.12635e-11 6.22836e-11 4.24602e-11 2.89161e-11 1.96726e-11 1.3371e-11 9.07945e-12 6.15976e-12 4.17531e-12 2.82779e-12 1.91359e-12 1.29391e-12 8.74234e-13 5.90236e-13 3.98206e-13 2.68463e-13 1.80868e-13 1.21773e-13 8.19328e-14 5.50922e-14 3.70216e-14 2.48633e-14 1.66882e-14 1.11946e-14 7.50534e-15 5.02915e-15 3.36812e-15 2.25453e-15 1.50836e-15 1.00864e-15 6.74153e-16 4.50376e-16 3.00739e-16 2.00728e-16 1.33916e-16 8.93034e-17 5.95276e-17 3.96631e-17 2.64166e-17 1.75871e-17 1.17041e-17 7.78602e-18 5.17759e-18 3.44174e-18 2.28702e-18 1.51917e-18 1.00876e-18 6.6961e-19 4.44331e-19 2.94745e-19 1.95453e-19 1.29569e-19 8.58655e-20 5.68855e-20 3.76748e-20 2.49442e-20 1.65104e-20 1.0925e-20 7.22699e-21 4.77938e-21 3.15983e-21 2.08851e-21 1.38004e-21 9.11655e-22 6.02082e-22 3.97528e-22 2.62403e-22
1.33579e-05 4.87094e-06 3.81484e-06 2.94007e-06 2.23636e-06 1.68255e-06 1.25416e-06 9.27357e-07 6.80911e-07 4.96865e-07 3.60563e-07 2.60354e-07 1.8715e-07 1.33979e-07 9.55542e-08 6.79145e-08 4.81158e-08 3.3988e-08 2.39423e-08 1.68223e-08 1.17911e-08 8.24594e-09 5.75435e-09 4.00753e-09 2.78565e-09 1.93282e-09 1.33878e-09 9.25801e-10 6.39218e-10 4.40691e-10 3.03391e-10 2.08584e-10 1.43216e-10 9.82112e-11 6.7268e-11 4.60209e-11 3.14498e-11 2.14693e-11 1.46409e-11 9.97439e-12 6.78871e-12 4.6162e-12 3.13611e-12 2.12872e-12 1.44372e-12 9.78338e-13 6.62448e-13 4.48209e-13 3.0303e-13 2.04726e-13 1.38215e-13 9.32482e-14 6.28687e-14 4.23591e-14 2.85222e-14 1.91933e-14 1.29079e-14 8.67579e-15 5.82789e-15 3.91265e-15 2.62539e-15 1.7607e-15 1.18018e-15 7.90662e-16 5.29441e-16 3.54349e-16 2.37049e-16 1.58505e-16 1.05937e-16 7.07717e-17 4.72585e-17 3.15438e-17 2.10457e-17 1.40357e-17 9.35685e-18 6.23522e-18 4.15341e-18 2.76561e-18 1.84083e-18 1.22483e-18 8.1467e-19 5.41667e-19 3.60023e-19 2.3921e-19 1.58885e-19 1.05497e-19 7.00255e-20 4.64658e-20 3.08228e-20 2.04398e-20 1.35503e-20 8.98025e-21 5.94977e-21 3.94081e-21 2.60943e-21 1.72736e-21 1.14314e-21 7.56304e-22 5.00237e-22 3.3078e-22 2.1867e-22
8.42352e-06 3.16194e-06 2.49554e-06 1.93649e-06 1.48214e-06 1.12148e-06 8.40375e-07 6.24488e-07 4.60685e-07 3.37666e-07 2.46082e-07 1.78416e-07 1.28755e-07 9.2524e-08 6.62306e-08 4.72402e-08 3.35841e-08 2.38028e-08 1.68223e-08 1.18574e-08 8.33699e-09 5.84811e-09 4.09322e-09 2.85898e-09 1.99299e-09 1.38672e-09 9.63171e-10 6.67863e-10 4.62355e-10 3.19594e-10 2.2059e-10 1.52043e-10 1.04656e-10 7.19458e-11 4.9398e-11 3.38764e-11 2.32054e-11 1.58783e-11 1.08532e-11 7.41082e-12 5.05529e-12 3.44517e-12 2.3457e-12 1.59569e-12 1.08454e-12 7.3651e-13 4.99756e-13 3.3884e-13 2.2956e-13 1.55408e-13 1.05133e-13 7.10714e-14 4.80124e-14 3.24132e-14 2.18679e-14 1.47441e-14 9.93479e-15 6.69018e-15 4.50258e-15 3.02855e-15 2.03594e-15 1.36791e-15 9.18578e-16 6.16521e-16 4.13578e-16 2.77299e-16 1.85835e-16 1.2448e-16 8.33421e-17 5.57738e-17 3.73079e-17 2.49448e-17 1.66713e-17 1.11372e-17 7.43707e-18 4.9642e-18 3.31225e-18 2.20915e-18 1.47286e-18 9.81593e-19 6.53943e-19 4.35502e-19 2.89923e-19 1.92941e-19 1.28355e-19 8.53599e-20 5.67479e-20 3.77139e-20 2.5056e-20 1.66412e-20 1.10489e-20 7.33368e-21 4.86621e-21 3.22798e-21 2.14063e-21 1.41914e-21 9.40558e-22 6.23194e-22 4.12801e-22 2.73362e-22 1.80975e-22
5.31188e-06 2.05088e-06 1.63099e-06 1.27416e-06 9.81158e-07 7.4656e-07 5.62342e-07 4.19917e-07 3.11199e-07 2.29095e-07 1.67655e-07 1.2204e-07 8.84097e-08 6.3767e-08 4.58093e-08 3.27879e-08 2.33882e-08 1.66308e-08 1.17911e-08 8.33699e-09 5.87964e-09 4.13663e-09 2.90375e-09 2.03396e-09 1.42183e-09 9.92024e-10 6.90885e-10 4.80328e-10 3.33392e-10 2.31041e-10 1.59871e-10 1.10466e-10 7.6223e-11 5.25256e-11 3.61498e-11 2.48491e-11 1.70611e-11 1.17007e-11 8.01574e-12 5.48553e-12 3.75019e-12 2.56131e-12 1.74767e-12 1.19139e-12 8.11459e-13 5.52209e-13 3.75471e-13 2.55092e-13 1.73171e-13 1.17469e-13 7.9624e-14 5.39327e-14 3.65052e-14 2.46921e-14 1.66906e-14 1.12747e-14 7.6113e-15 5.13506e-15 3.46234e-15 2.33312e-15 1.57129e-15 1.05762e-15 7.11481e-16 4.78371e-16 3.21468e-16 2.15917e-16 1.4495e-16 9.72606e-17 6.52296e-17 4.37268e-17 2.92988e-17 1.96226e-17 1.31361e-17 8.79004e-18 5.87934e-18 3.93083e-18 2.62701e-18 1.75494e-18 1.1719e-18 7.82263e-19 5.21972e-19 3.4816e-19 2.3214e-19 1.54726e-19 1.03092e-19 6.86644e-20 4.57182e-20 3.04299e-20 2.02473e-20 1.34676e-20 8.95517e-21 5.95278e-21 3.95576e-21 2.62789e-21 1.74523e-21 1.15869e-21 7.69052e-22 5.10291e-22 3.38499e-22 2.24478e-22 1.48823e-22
3.34968e-06 1.32921e-06 1.06502e-06 8.37541e-07 6.4881e-07 4.96391e-07 3.75811e-07 2.81969e-07 2.09909e-07 1.5519e-07 1.14034e-07 8.33328e-08 6.0596e-08 4.38644e-08 3.16221e-08 2.27103e-08 1.62531e-08 1.15943e-08 8.24594e-09 5.84811e-09 4.13663e-09 2.9188e-09 2.05471e-09 1.44326e-09 1.01166e-09 7.07737e-10 4.94194e-10 3.4447e-10 2.39702e-10 1.66529e-10 1.15516e-10 8.00109e-11 5.53407e-11 3.82254e-11 2.6369e-11 1.81674e-11 1.25017e-11 8.59293e-12 5.89969e-12 4.04621e-12 2.77215e-12 1.89735e-12 1.29734e-12 8.86245e-13 6.04862e-13 4.12454e-13 2.8101e-13 1.91296e-13 1.30119e-13 8.84371e-14 6.00615e-14 4.07601e-14 2.76415e-14 1.87319e-14 1.26854e-14 8.58496e-15 5.80616e-15 3.92431e-15 2.65076e-15 1.78942e-15 1.20726e-15 8.14024e-16 5.48567e-16 3.69473e-16 2.48715e-16 1.67337e-16 1.12527e-16 7.56319e-17 5.08087e-17 3.41162e-17 2.28969e-17 1.536e-17 1.02993e-17 6.90291e-18 4.62451e-18 3.09679e-18 2.07289e-18 1.38695e-18 9.27615e-19 6.20158e-19 4.14445e-19 2.76863e-19 1.84883e-19 1.23416e-19 8.23538e-20 5.4934e-20 3.66308e-20 2.44174e-20 1.62707e-20 1.08384e-20 7.21743e-21 4.8046e-21 3.19738e-21 2.12713e-21 1.41468e-21 9.40568e-22 6.2516e-22 4.15398e-22 2.75937e-22 1.83244e-22 1.21654e-22
2.11232e-06 8.60849e-07 6.94872e-07 5.5003e-07 4.28598e-07 3.29682e-07 2.50847e-07 1.89092e-07 1.41389e-07 1.0497e-07 7.74412e-08 5.68089e-08 4.14612e-08 3.01197e-08 2.1788e-08 1.56997e-08 1.12721e-08 8.06628e-09 5.75435e-09 4.09322e-09 2.90375e-09 2.05471e-09 1.45046e-09 1.0216e-09 7.18014e-10 5.03625e-10 3.52574e-10 2.46379e-10 1.71871e-10 1.19697e-10 8.32295e-11 5.7785e-11 4.00612e-11 2.77351e-11 1.9176e-11 1.32412e-11 9.13194e-12 6.29046e-12 4.32818e-12 2.97473e-12 2.04234e-12 1.40075e-12 9.59754e-13 6.56963e-13 4.49278e-13 3.06971e-13 2.09555e-13 1.42931e-13 9.7409e-14 6.63316e-14 4.51339e-14 3.06871e-14 2.08491e-14 1.41549e-14 9.60328e-15 6.51084e-15 4.41128e-15 2.98683e-15 2.02107e-15 1.36673e-15 9.23682e-16 6.23886e-16 4.21151e-16 2.84136e-16 1.91591e-16 1.29118e-16 8.69707e-17 5.85509e-17 3.9398e-17 2.64972e-17 1.78121e-17 1.19681e-17 8.03767e-18 5.39558e-18 3.62036e-18 2.42814e-18 1.62783e-18 1.09084e-18 7.30685e-19 4.89242e-19 3.27449e-19 2.19074e-19 1.46512e-19 9.79462e-20 6.54547e-20 4.37255e-20 2.91992e-20 1.94919e-20 1.30073e-20 8.67695e-21 5.78632e-21 3.85738e-21 2.57064e-21 1.71257e-21 1.14056e-21 7.59371e-22 5.05422e-22 3.36297e-22 2.23698e-22 1.48756e-22 9.88915e-23
1.33203e-06 5.57135e-07 4.53014e-07 3.60898e-07 2.82853e-07 2.18727e-07 1.67243e-07 1.2665e-07 9.51104e-08 7.09028e-08 5.25133e-08 3.86672e-08 2.83227e-08 2.06468e-08 1.49857e-08 1.08334e-08 7.80283e-09 5.60085e-09 4.00753e-09 2.85898e-09 2.03396e-09 1.44326e-09 1.0216e-09 7.21467e-10 5.08398e-10 3.57514e-10 2.50917e-10 1.75775e-10 1.22918e-10 8.58094e-11 5.9807e-11 4.16196e-11 2.89201e-11 2.0067e-11 1.39051e-11 9.6227e-12 6.65076e-12 4.59111e-12 3.16559e-12 2.18023e-12 1.49994e-12 1.03084e-12 7.07721e-13 4.85407e-13 3.32609e-13 2.27699e-13 1.55739e-13 1.06428e-13 7.26682e-14 4.95767e-14 3.37958e-14 2.30203e-14 1.56686e-14 1.06569e-14 7.24301e-15 4.91931e-15 3.33882e-15 2.26461e-15 1.53501e-15 1.03981e-15 7.03932e-16 4.7626e-16 3.22034e-16 2.17625e-16 1.46984e-16 9.92185e-17 6.69392e-17 4.51377e-17 3.0421e-17 2.04922e-17 1.3797e-17 9.28482e-18 6.24531e-18 4.19886e-18 2.8217e-18 1.89537e-18 1.27258e-18 8.54062e-19 5.7294e-19 3.84191e-19 2.57518e-19 1.72541e-19 1.1556e-19 7.73662e-20 5.17762e-20 3.46375e-20 2.31634e-20 1.54846e-20 1.03477e-20 6.91247e-21 4.61608e-21 3.08153e-21 2.05643e-21 1.37188e-21 9.14912e-22 6.09963e-22 4.06528e-22 2.70859e-22 1.80411e-22 1.2013e-22 7.99672e-23
8.39982e-07 3.60337e-07 2.95118e-07 2.36603e-07 1.86496e-07 1.44968e-07 1.11381e-07 8.47277e-08 6.38992e-08 4.7828e-08 3.55597e-08 2.62803e-08 1.93178e-08 1.41305e-08 1.029e-08 7.46259e-09 5.39164e-09 3.88178e-09 2.78565e-09 1.99299e-09 1.42183e-09 1.01166e-09 7.18014e-10 5.08398e-10 3.59174e-10 2.53213e-10 1.78155e-10 1.25106e-10 8.7694e-11 6.13634e-11 4.28676e-11 2.98994e-11 2.08227e-11 1.44804e-11 1.00558e-11 6.97381e-12 4.83019e-12 3.34132e-12 2.30862e-12 1.59326e-12 1.09833e-12 7.56334e-13 5.20285e-13 3.57545e-13 2.45468e-13 1.68364e-13 1.15373e-13 7.899e-14 5.40337e-14 3.69311e-14 2.52211e-14 1.72104e-14 1.1735e-14 7.99556e-15 5.44372e-15 3.70367e-15 2.51806e-15 1.71083e-15 1.1616e-15 7.88185e-16 5.34472e-16 3.62204e-16 2.45313e-16 1.66047e-16 1.12329e-16 7.59467e-17 5.13199e-17 3.466e-17 2.3396e-17 1.57844e-17 1.06438e-17 7.17381e-18 4.83271e-18 3.25405e-18 2.19005e-18 1.47328e-18 9.90652e-19 6.65831e-19 4.47321e-19 3.00392e-19 2.0164e-19 1.35296e-19 9.07444e-20 6.08389e-20 4.0773e-20 2.73148e-20 1.8292e-20 1.22451e-20 8.19413e-21 5.48137e-21 3.66541e-21 2.45022e-21 1.63734e-21 1.09377e-21 7.30412e-22 4.87606e-22 3.2541e-22 2.17097e-22 1.44791e-22 9.65379e-23 6.43459e-23
5.29694e-07 2.32909e-07 1.9212e-07 1.54993e-07 1.22856e-07 9.59895e-08 7.41005e-08 5.66189e-08 4.28791e-08 3.2222e-08 2.40474e-08 1.78366e-08 1.31568e-08 9.65611e-09 7.05447e-09 5.13215e-09 3.71922e-09 2.68563e-09 1.93282e-09 1.38672e-09 9.92024e-10 7.07737e-10 5.03625e-10 3.57514e-10 2.53213e-10 1.78954e-10 1.26213e-10 8.88418e-11 6.24203e-11 4.37788e-11 3.06526e-11 2.14274e-11 1.49554e-11 1.04227e-11 7.25344e-12 5.04095e-12 3.49872e-12 2.42523e-12 1.67906e-12 1.1611e-12 8.02001e-13 5.53354e-13 3.81389e-13 2.62595e-13 1.80623e-13 1.24119e-13 8.52108e-14 5.84464e-14 4.00531e-14 2.74248e-14 1.87623e-14 1.28256e-14 8.76048e-15 5.9792e-15 4.07787e-15 2.77912e-15 1.89266e-15 1.28806e-15 8.76004e-16 5.95374e-16 4.04383e-16 2.74488e-16 1.86203e-16 1.26237e-16 8.55331e-17 5.79203e-17 3.91997e-17 2.65152e-17 1.79256e-17 1.21122e-17 8.17989e-18 5.52143e-18 3.72512e-18 2.51198e-18 1.69311e-18 1.14065e-18 7.681e-19 5.16997e-19 3.47829e-19 2.33913e-19 1.57238e-19 1.05652e-19 7.0961e-20 4.76415e-20 3.19727e-20 2.14487e-20 1.43833e-20 9.64159e-21 6.46068e-21 4.32762e-21 2.89776e-21 1.93965e-21 1.29787e-21 8.6814e-22 5.80499e-22 3.88033e-22 2.59295e-22 1.73212e-22 1.15671e-22 7.72205e-23 5.15356e-23
3.34026e-07 1.50454e-07 1.24984e-07 1.01455e-07 8.08644e-08 6.35005e-08 4.92494e-08 3.77951e-08 2.87411e-08 2.16821e-08 1.62417e-08 1.20897e-08 8.9482e-09 6.58897e-09 4.82903e-09 3.52397e-09 2.56142e-09 1.85497e-09 1.33878e-09 9.63171e-10 6.90885e-10 4.94194e-10 3.52574e-10 2.50917e-10 1.78155e-10 1.26213e-10 8.92273e-11 6.29546e-11 4.43336e-11 3.11639e-11 2.18686e-11 1.53205e-11 1.07161e-11 7.48416e-12 5.21935e-12 3.63482e-12 2.52793e-12 1.75583e-12 1.21804e-12 8.43943e-13 5.84066e-13 4.03759e-13 2.78812e-13 1.92328e-13 1.32536e-13 9.12418e-14 6.27537e-14 4.31203e-14 2.96028e-14 2.0305e-14 1.39157e-14 9.52898e-15 6.51986e-15 4.45748e-15 3.04516e-15 2.07877e-15 1.41804e-15 9.66637e-16 6.58474e-16 4.48251e-16 3.04943e-16 2.07318e-16 1.40858e-16 9.56447e-17 6.49052e-17 4.40193e-17 2.98372e-17 2.02129e-17 1.36855e-17 9.26099e-18 6.26363e-18 4.23418e-18 2.86084e-18 1.93197e-18 1.30406e-18 8.79803e-19 5.93295e-19 3.99904e-19 2.69429e-19 1.81443e-19 1.22137e-19 8.21802e-20 5.5272e-20 3.7159e-20 2.49716e-20 1.67747e-20 1.1264e-20 7.56075e-21 5.07307e-21 3.40263e-21 2.28138e-21 1.52906e-21 1.02446e-21 6.86147e-22 4.59396e-22 3.07475e-22 2.05725e-22 1.376e-22 9.20052e-23 6.14987e-23 4.10944e-23
2.10638e-07 9.71351e-08 8.12569e-08 6.63623e-08 5.3183e-08 4.19711e-08 3.27017e-08 2.52039e-08 1.92439e-08 1.45732e-08 1.09564e-08 8.18412e-09 6.07783e-09 4.48988e-09 3.30091e-09 2.41613e-09 1.76134e-09 1.2792e-09 9.25801e-10 6.67863e-10 4.80328e-10 3.4447e-10 2.46379e-10 1.75775e-10 1.25106e-10 8.88418e-11 6.29546e-11 4.45198e-11 3.14223e-11 2.21371e-11 1.55682e-11 1.09301e-11 7.6614e-12 5.36192e-12 3.74703e-12 2.61478e-12 1.82216e-12 1.26813e-12 8.81429e-13 6.11896e-13 4.24281e-13 2.93854e-13 2.03295e-13 1.40494e-13 9.69926e-14 6.68931e-14 4.60894e-14 3.17255e-14 2.18182e-14 1.49913e-14 1.02916e-14 7.0593e-15 4.83819e-15 3.31328e-15 2.26722e-15 1.55025e-15 1.05922e-15 7.23202e-16 4.93432e-16 3.36431e-16 2.29231e-16 1.56087e-16 1.06214e-16 7.22317e-17 4.90915e-17 3.33446e-17 2.26355e-17 1.5357e-17 1.04131e-17 7.05689e-18 4.77985e-18 3.23583e-18 2.18944e-18 1.48068e-18 1.00086e-18 6.76194e-19 4.56629e-19 3.08214e-19 2.07941e-19 1.40227e-19 9.45218e-20 6.36857e-20 4.28909e-20 2.8874e-20 1.94298e-20 1.30693e-20 8.78744e-21 5.90612e-21 3.96802e-21 2.66489e-21 1.78905e-21 1.20062e-21 8.05439e-22 5.40136e-22 3.62094e-22 2.42654e-22 1.62558e-22 1.08863e-22 7.28803e-23 4.87751e-23 3.26322e-23
1.32828e-07 6.26778e-08 5.27957e-08 4.33781e-08 3.49508e-08 2.7718e-08 2.16944e-08 1.67911e-08 1.28716e-08 9.78436e-09 7.38254e-09 5.53354e-09 4.123e-09 3.05549e-09 2.25328e-09 1.65422e-09 1.2094e-09 8.80811e-10 6.39218e-10 4.62355e-10 3.33392e-10 2.39702e-10 1.71871e-10 1.22918e-10 8.7694e-11 6.24203e-11 4.43336e-11 3.14223e-11 2.22273e-11 1.56934e-11 1.10603e-11 7.7816e-12 5.46584e-12 3.83318e-12 2.68414e-12 1.8768e-12 1.31046e-12 9.13787e-13 6.36358e-13 4.42603e-13 3.0747e-13 2.13346e-13 1.47868e-13 1.02374e-13 7.08022e-14 4.89168e-14 3.37627e-14 2.32808e-14 1.60381e-14 1.10385e-14 7.59077e-15 5.21539e-15 3.58035e-15 2.4559e-15 1.68326e-15 1.1528e-15 7.88919e-16 5.39499e-16 3.6867e-16 2.51757e-16 1.71802e-16 1.17162e-16 7.98474e-17 5.43825e-17 3.70157e-17 2.51796e-17 1.7118e-17 1.16306e-17 7.89779e-18 5.36001e-18 3.63569e-18 2.46476e-18 1.67007e-18 1.13102e-18 7.65574e-19 5.1795e-19 3.50249e-19 2.36733e-19 1.59932e-19 1.07998e-19 7.28946e-20 4.91795e-20 3.31652e-20 2.23561e-20 1.50635e-20 1.01455e-20 6.83041e-21 4.59669e-21 3.09224e-21 2.07937e-21 1.39774e-21 9.39193e-22 6.30848e-22 4.23581e-22 2.8431e-22 1.90763e-22 1.27952e-22 8.57927e-23 5.75052e-23 3.85318e-23 2.58101e-23
8.37619e-08 4.04228e-08 3.42832e-08 2.83357e-08 2.29522e-08 1.82905e-08 1.43797e-08 1.11761e-08 8.60091e-09 6.56231e-09 4.96897e-09 3.73709e-09 2.79354e-09 2.07674e-09 1.53613e-09 1.13104e-09 8.29258e-10 6.05621e-10 4.40691e-10 3.19594e-10 2.31041e-10 1.66529e-10 1.19697e-10 8.58094e-11 6.13634e-11 4.37788e-11 3.11639e-11 2.21371e-11 1.56934e-11 1.1104e-11 7.84232e-12 5.52904e-12 3.89158e-12 2.73467e-12 1.91873e-12 1.34425e-12 9.40427e-13 6.57015e-13 4.58407e-13 3.19428e-13 2.22311e-13 1.54536e-13 1.07301e-13 7.44201e-14 5.15597e-14 3.56843e-14 2.46719e-14 1.70413e-14 1.17595e-14 8.10725e-15 5.58427e-15 3.84308e-15 2.64254e-15 1.81554e-15 1.24634e-15 8.54925e-16 5.85984e-16 4.01345e-16 2.74685e-16 1.87863e-16 1.28394e-16 8.76912e-17 5.98519e-17 4.08242e-17 2.78281e-17 1.89574e-17 1.29066e-17 8.78183e-18 5.97182e-18 4.05864e-18 2.75685e-18 1.87158e-18 1.2699e-18 8.612e-19 5.83733e-19 3.95462e-19 2.67782e-19 1.81236e-19 1.22603e-19 8.29003e-20 5.60286e-20 3.78501e-20 2.55583e-20 1.72507e-20 1.16384e-20 7.84873e-21 5.29084e-21 3.56511e-21 2.4013e-21 1.61677e-21 1.08813e-21 7.32065e-22 4.92327e-22 3.30977e-22 2.22424e-22 1.49421e-22 1.00343e-22 6.73614e-23 4.5205e-23 3.03259e-23 2.03375e-23
5.28204e-08 2.60571e-08 2.22495e-08 1.84979e-08 1.50622e-08 1.20603e-08 9.52338e-09 7.43216e-09 5.74178e-09 4.39691e-09 3.34095e-09 2.52107e-09 1.89058e-09 1.40982e-09 1.04593e-09 7.72331e-10 5.67844e-10 4.15835e-10 3.03391e-10 2.2059e-10 1.59871e-10 1.15516e-10 8.32295e-11 5.9807e-11 4.28676e-11 3.06526e-11 2.18686e-11 1.55682e-11 1.10603e-11 7.84232e-12 5.55024e-12 3.92107e-12 2.76539e-12 1.94714e-12 1.36885e-12 9.60857e-13 6.73491e-13 4.71409e-13 3.29518e-13 2.30037e-13 1.60388e-13 1.11691e-13 7.76887e-14 5.39765e-14 3.74607e-14 2.59708e-14 1.79865e-14 1.24445e-14 8.60166e-15 5.9399e-15 4.09806e-15 2.82482e-15 1.94548e-15 1.33874e-15 9.20471e-16 6.32376e-16 4.34112e-16 2.97782e-16 2.04113e-16 1.39808e-16 9.56935e-17 6.54537e-17 4.47397e-17 3.05608e-17 2.08621e-17 1.42323e-17 9.70343e-18 6.6117e-18 4.50239e-18 3.06424e-18 2.08428e-18 1.41692e-18 9.62722e-19 6.53768e-19 4.4373e-19 3.01016e-19 2.041e-19 1.38319e-19 9.36932e-20 6.34348e-20 4.29283e-20 2.90376e-20 1.96328e-20 1.32681e-20 8.96286e-21 6.05199e-21 4.08476e-21 2.75585e-21 1.85852e-21 1.25286e-21 8.44244e-22 5.68675e-22 3.82908e-22 2.57727e-22 1.73407e-22 1.16631e-22 7.84157e-23 5.27035e-23 3.54099e-23 2.37826e-23 1.59679e-23
3.33086e-08 1.67888e-08 1.4432e-08 1.20684e-08 9.87778e-09 7.94646e-09 6.30216e-09 4.93823e-09 3.82962e-09 2.94322e-09 2.24407e-09 1.69893e-09 1.27808e-09 9.55967e-10 7.11306e-10 5.26734e-10 3.88341e-10 2.85146e-10 2.08584e-10 1.52043e-10 1.10466e-10 8.00109e-11 5.7785e-11 4.16196e-11 2.98994e-11 2.14274e-11 1.53205e-11 1.09301e-11 7.7816e-12 5.52904e-12 3.92107e-12 2.7757e-12 1.96148e-12 1.3838e-12 9.74695e-13 6.85483e-13 4.81375e-13 3.37562e-13 2.36389e-13 1.65321e-13 1.15472e-13 8.05543e-14 5.61286e-14 3.90642e-14 2.71575e-14 1.88595e-14 1.30833e-14 9.06693e-15 6.27735e-15 4.34186e-15 3.00034e-15 2.07143e-15 1.42886e-15 9.84771e-16 6.78138e-16 4.66603e-16 3.20799e-16 2.20385e-16 1.51287e-16 1.03778e-16 7.11364e-17 4.87277e-17 3.3355e-17 2.28168e-17 1.55978e-17 1.0656e-17 7.27534e-18 4.96414e-18 3.38512e-18 2.30701e-18 1.57135e-18 1.06967e-18 7.2776e-19 4.94868e-19 3.36326e-19 2.28456e-19 1.55104e-19 1.05251e-19 7.13861e-20 4.83939e-20 3.27915e-20 2.2209e-20 1.50348e-20 1.01734e-20 6.88092e-21 4.65196e-21 3.14369e-21 2.12353e-21 1.43383e-21 9.67747e-22 6.52905e-22 4.40318e-22 2.96834e-22 2.0003e-22 1.34745e-22 9.07336e-23 6.10753e-23 4.10966e-23 2.76435e-23 1.85878e-23 1.24943e-23
2.10045e-08 1.08122e-08 9.35636e-09 7.86906e-09 6.4737e-09 5.23218e-09 4.16733e-09 3.27848e-09 2.55204e-09 1.96833e-09 1.50585e-09 1.14374e-09 8.63097e-10 6.47508e-10 4.83186e-10 3.58809e-10 2.65255e-10 1.95283e-10 1.43216e-10 1.04656e-10 7.6223e-11 5.53407e-11 4.00612e-11 2.89201e-11 2.08227e-11 1.49554e-11 1.07161e-11 7.6614e-12 5.46584e-12 3.89158e-12 2.76539e-12 1.96148e-12 1.38882e-12 9.8168e-13 6.92769e-13 4.88123e-13 3.43414e-13 2.41256e-13 1.69252e-13 1.18579e-13 8.29691e-14 5.79805e-14 4.0469e-14 2.82132e-14 1.96468e-14 1.36664e-14 9.49623e-15 6.59175e-15 4.57104e-15 3.16669e-15 2.19172e-15 1.51553e-15 1.04702e-15 7.22713e-16 4.98435e-16 3.43472e-16 2.36497e-16 1.62711e-16 1.1186e-16 7.68437e-17 5.27502e-17 3.61851e-17 2.48046e-17 1.69918e-17 1.1632e-17 7.95774e-18 5.44059e-18 3.71734e-18 2.53835e-18 1.73226e-18 1.18146e-18 8.05331e-19 5.48638e-19 3.73558e-19 2.54211e-19 1.72902e-19 1.17539e-19 7.98616e-20 5.42348e-20 3.68132e-20 2.49758e-20 1.69367e-20 1.14798e-20 7.77755e-21 5.26689e-21 3.56511e-21 2.41214e-21 1.63135e-21 1.10283e-21 7.45224e-22 5.03373e-22 3.39875e-22 2.29391e-22 1.54762e-22 1.04372e-22 7.03627e-23 4.74175e-23 3.1943e-23 2.15108e-23 1.44805e-23 9.74445e-24
