0.952966 0.0107849 0.00564924 0.00295913 0.00155002 0.000811914 0.000425289 0.00022277 0.000116689 6.11229e-05 3.20167e-05 1.67707e-05 8.78464e-06 4.60148e-06 2.4103e-06 1.26254e-06 6.61329e-07 3.4641e-07 1.81453e-07 9.50468e-08 4.97864e-08 2.60786e-08 1.36602e-08 7.15536e-09 3.74804e-09 1.96326e-09 1.02837e-09 5.38673e-10 2.82162e-10 1.47799e-10 7.74185e-11 4.05526e-11 2.12418e-11 1.11267e-11 5.82826e-12 3.0529e-12 1.59914e-12 8.37643e-13 4.38765e-13 2.29829e-13 1.20387e-13 6.30598e-14 3.30313e-14 1.73021e-14 9.06301e-15 4.74729e-15 2.48668e-15 1.30254e-15 6.82285e-16 3.57388e-16 1.87203e-16 9.80587e-17 5.13641e-17 2.6905e-17 1.40931e-17 7.3821e-18 3.86681e-18 2.02547e-18 1.06096e-18 5.55742e-19 2.91103e-19 1.52483e-19 7.98718e-20 4.18376e-20 2.19149e-20 1.14793e-20 6.01294e-21 3.14964e-21 1.64981e-21 8.64186e-22 4.52669e-22 2.37112e-22 1.24202e-22 6.5058e-23 3.4078e-23 1.78504e-23 9.3502e-24 4.89772e-24 2.56547e-24 1.34382e-24 7.03906e-25 3.68713e-25 1.93135e-25 1.01166e-25 5.29917e-26 2.77576e-26 1.45397e-26 7.61602e-27 3.98935e-27 2.08966e-27 1.09458e-27 5.73353e-28 3.00328e-28 1.57314e-28 8.24028e-29 4.31634e-29 2.26094e-29 1.1843e-29 6.20348e-30 3.24944e-30 1.70209e-30
0.0107849 0.000380975 0.000202515 0.000107628 5.7188e-05 3.03806e-05 1.61363e-05 8.56893e-06 4.54956e-06 2.4151e-06 1.28181e-06 6.80202e-07 3.60894e-07 1.91448e-07 1.01544e-07 5.38506e-08 2.85536e-08 1.5138e-08 8.02439e-09 4.253e-09 2.25382e-09 1.19422e-09 6.32696e-10 3.35157e-10 1.7752e-10 9.40145e-11 4.9784e-11 2.63593e-11 1.39549e-11 7.38709e-12 3.90995e-12 2.06929e-12 1.09503e-12 5.79414e-13 3.06553e-13 1.62173e-13 8.57849e-14 4.53734e-14 2.39967e-14 1.269e-14 6.71015e-15 3.54785e-15 1.87569e-15 9.91558e-16 5.24131e-16 2.7703e-16 1.46412e-16 7.7374e-17 4.08864e-17 2.16037e-17 1.14142e-17 6.03021e-18 3.18557e-18 1.68271e-18 8.88797e-19 4.69424e-19 2.47913e-19 1.30919e-19 6.91321e-20 3.6503e-20 1.9273e-20 1.01752e-20 5.37166e-21 2.83563e-21 1.4968e-21 7.90046e-22 4.16981e-22 2.20067e-22 1.16137e-22 6.12859e-23 3.23391e-23 1.70636e-23 9.0031e-24 4.74996e-24 2.50591e-24 1.32196e-24 6.97351e-25 3.67843e-25 1.94022e-25 1.02334e-25 5.39721e-26 2.84641e-26 1.50108e-26 7.91578e-27 4.1741e-27 2.20096e-27 1.16049e-27 6.11864e-28 3.22588e-28 1.70069e-28 8.96565e-29 4.7263e-29 2.4914e-29 1.31325e-29 6.92209e-30 3.64845e-30 1.92293e-30 1.01345e-30 5.34099e-31 2.81467e-31 1.48326e-31
0.00564924 0.000202515 0.000107733 5.72983e-05 3.04679e-05 1.61976e-05 8.60941e-06 4.57519e-06 2.43087e-06 1.29132e-06 6.85846e-07 3.64202e-07 1.93368e-07 1.02648e-07 5.44815e-08 2.89119e-08 1.53404e-08 8.13826e-09 4.3168e-09 2.28944e-09 1.21405e-09 6.43697e-10 3.41247e-10 1.80884e-10 9.58682e-11 5.08036e-11 2.69192e-11 1.42619e-11 7.55508e-12 4.00177e-12 2.11942e-12 1.12236e-12 5.94295e-13 3.14648e-13 1.66573e-13 8.81734e-14 4.6669e-14 2.46988e-14 1.30702e-14 6.9159e-15 3.6591e-15 1.9358e-15 1.02402e-15 5.41649e-16 2.86478e-16 1.51505e-16 8.01175e-17 4.23636e-17 2.23987e-17 1.18419e-17 6.26013e-18 3.30913e-18 1.74909e-18 9.2444e-19 4.88556e-19 2.58178e-19 1.36425e-19 7.20839e-20 3.8085e-20 2.01206e-20 1.06292e-20 5.61477e-21 2.96576e-21 1.56643e-21 8.27299e-22 4.36905e-22 2.3072e-22 1.21831e-22 6.43291e-23 3.3965e-23 1.79321e-23 9.46687e-24 4.99757e-24 2.63808e-24 1.3925e-24 7.34984e-25 3.87918e-25 2.04729e-25 1.08043e-25 5.70157e-26 3.00864e-26 1.58754e-26 8.37647e-27 4.41953e-27 2.33169e-27 1.23012e-27 6.48936e-28 3.42325e-28 1.80575e-28 9.52481e-29 5.02386e-29 2.64972e-29 1.39748e-29 7.3701e-30 3.88672e-30 2.04963e-30 1.08082e-30 5.69917e-31 3.00506e-31 1.58445e-31 8.35391e-32
0.00295913 0.000107628 5.72983e-05 3.0497e-05 1.62284e-05 8.63375e-06 4.59232e-06 2.44217e-06 1.29848e-06 6.90252e-07 3.6686e-07 1.94945e-07 1.03573e-07 5.50184e-08 2.92209e-08 1.5517e-08 8.23861e-09 4.37352e-09 2.32136e-09 1.23193e-09 6.53688e-10 3.4681e-10 1.83972e-10 9.75783e-11 5.17485e-11 2.74401e-11 1.45485e-11 7.71253e-12 4.08811e-12 2.16669e-12 1.14821e-12 6.08411e-13 3.22347e-13 1.70767e-13 9.04557e-14 4.79097e-14 2.53727e-14 1.34359e-14 7.11413e-15 3.76649e-15 1.99393e-15 1.05546e-15 5.58645e-16 2.95659e-16 1.56461e-16 8.27915e-17 4.38054e-17 2.31758e-17 1.22604e-17 6.48545e-18 3.43038e-18 1.8143e-18 9.59499e-19 5.07396e-19 2.68298e-19 1.41859e-19 7.50004e-20 3.96498e-20 2.09599e-20 1.10792e-20 5.85594e-21 3.09498e-21 1.63565e-21 8.64363e-22 4.56746e-22 2.41338e-22 1.27512e-22 6.73675e-23 3.55897e-23 1.88006e-23 9.93107e-24 5.2456e-24 2.77058e-24 1.46326e-24 7.72771e-25 4.0809e-25 2.15496e-25 1.13789e-25 6.00809e-26 3.17214e-26 1.67474e-26 8.8414e-27 4.66739e-27 2.4638e-27 1.30052e-27 6.86452e-28 3.62311e-28 1.9122e-28 1.00918e-28 5.32576e-29 2.81046e-29 1.48304e-29 7.82551e-30 4.12908e-30 2.17859e-30 1.14943e-30 6.06413e-31 3.19918e-31 1.68769e-31 8.90286e-32 4.69623e-32
0.00155002 5.7188e-05 3.04679e-05 1.62284e-05 8.64187e-06 4.6009e-06 2.44897e-06 1.30326e-06 6.93409e-07 3.6886e-07 1.96177e-07 1.04317e-07 5.54598e-08 2.94798e-08 1.56674e-08 8.32516e-09 4.42301e-09 2.34948e-09 1.24784e-09 6.6264e-10 3.51829e-10 1.86776e-10 9.91401e-11 5.26159e-11 2.79206e-11 1.48141e-11 7.859e-12 4.16874e-12 2.211e-12 1.17252e-12 6.21724e-13 3.29629e-13 1.74744e-13 9.26258e-14 4.90923e-14 2.60165e-14 1.3786e-14 7.30435e-15 3.86974e-15 2.04993e-15 1.08581e-15 5.75078e-16 3.0455e-16 1.61269e-16 8.53896e-17 4.52085e-17 2.3933e-17 1.26688e-17 6.70565e-18 3.54902e-18 1.8782e-18 9.93893e-19 5.25901e-19 2.7825e-19 1.47208e-19 7.78751e-20 4.11939e-20 2.17889e-20 1.15241e-20 6.09467e-21 3.22302e-21 1.7043e-21 9.01158e-22 4.76461e-22 2.51899e-22 1.33167e-22 7.03949e-23 3.72099e-23 1.96675e-23 1.03948e-23 5.49358e-24 2.90316e-24 1.53413e-24 8.10639e-25 4.28321e-25 2.26302e-25 1.19559e-25 6.31621e-26 3.33662e-26 1.76252e-26 9.30978e-27 4.91726e-27 2.59708e-27 1.3716e-27 7.24348e-28 3.82514e-28 2.01989e-28 1.06656e-28 5.63154e-29 2.97336e-29 1.56982e-29 8.28764e-30 4.37516e-30 2.30961e-30 1.21917e-30 6.43539e-31 3.39676e-31 1.79283e-31 9.46225e-32 4.99382e-32 2.63545e-32
0.000811914 3.03806e-05 1.61976e-05 8.63375e-06 4.6009e-06 2.45123e-06 1.30565e-06 6.95307e-07 3.70196e-07 1.9706e-07 1.04876e-07 5.58044e-08 2.96878e-08 1.57909e-08 8.39767e-09 4.46512e-09 2.37374e-09 1.26171e-09 6.70528e-10 3.56291e-10 1.89289e-10 1.00549e-10 5.34034e-11 2.83594e-11 1.50579e-11 7.99411e-12 4.24344e-12 2.25221e-12 1.19521e-12 6.34198e-13 3.36474e-13 1.78495e-13 9.46783e-14 5.02139e-14 2.66286e-14 1.41197e-14 7.48607e-15 3.96859e-15 2.10366e-15 1.11498e-15 5.90905e-16 3.1313e-16 1.65917e-16 8.79053e-17 4.65693e-17 2.46686e-17 1.30662e-17 6.92019e-18 3.66478e-18 1.94063e-18 1.02754e-18 5.44028e-19 2.88011e-19 1.52462e-19 8.07014e-20 4.27137e-20 2.26059e-20 1.19631e-20 6.33043e-21 3.3496e-21 1.77224e-21 9.37606e-22 4.9601e-22 2.6238e-22 1.38785e-22 7.34051e-23 3.88224e-23 2.0531e-23 1.08571e-23 5.74101e-24 3.03556e-24 1.60495e-24 8.48517e-25 4.48574e-25 2.37128e-25 1.25345e-25 6.62535e-26 3.50176e-26 1.85072e-26 9.78075e-27 5.1687e-27 2.73129e-27 1.44322e-27 7.62563e-28 4.029e-28 2.12862e-28 1.12455e-28 5.94069e-29 3.13817e-29 1.65766e-29 8.75578e-30 4.6246e-30 2.4425e-30 1.28996e-30 6.8124e-31 3.59753e-31 1.89972e-31 1.00313e-31 5.29674e-32 2.79667e-32 1.47658e-32
0.000425289 1.61363e-05 8.60941e-06 4.59232e-06 2.44897e-06 1.30565e-06 6.9594e-07 3.70865e-07 1.9759e-07 1.0525e-07 5.60512e-08 2.98443e-08 1.58874e-08 8.45592e-09 4.49974e-09 2.39406e-09 1.27352e-09 6.77331e-10 3.60183e-10 1.91503e-10 1.01802e-10 5.41091e-11 2.87553e-11 1.52792e-11 8.11748e-12 4.31201e-12 2.29022e-12 1.21623e-12 6.45801e-13 3.42866e-13 1.8201e-13 9.66076e-14 5.12714e-14 2.72074e-14 1.44361e-14 7.65882e-15 4.0628e-15 2.15497e-15 1.14291e-15 6.06089e-16 3.21378e-16 1.70393e-16 9.03326e-17 4.78845e-17 2.53808e-17 1.34516e-17 7.12856e-18 3.77739e-18 2.00144e-18 1.06037e-18 5.61736e-19 2.97559e-19 1.57607e-19 8.3473e-20 4.42059e-20 2.34089e-20 1.2395e-20 6.5627e-21 3.47444e-21 1.83931e-21 9.73629e-22 5.1535e-22 2.7276e-22 1.44354e-22 7.63919e-23 4.04238e-23 2.13894e-23 1.1317e-23 5.9874e-24 3.16751e-24 1.6756e-24 8.86331e-25 4.68809e-25 2.47954e-25 1.31135e-25 6.93496e-26 3.66728e-26 1.93919e-26 1.02535e-26 5.42126e-27 2.8662e-27 1.51526e-27 8.0103e-28 4.23435e-28 2.23822e-28 1.18303e-28 6.25273e-29 3.30462e-29 1.74644e-29 9.2292e-30 4.87702e-30 2.57706e-30 1.36168e-30 7.19461e-31 3.80119e-31 2.00823e-31 1.06093e-31 5.60457e-32 2.9606e-32 1.56387e-32 8.2604e-33
0.00022277 8.56893e-06 4.57519e-06 2.44217e-06 1.30326e-06 6.95307e-07 3.70865e-07 1.97767e-07 1.05437e-07 5.61996e-08 2.99489e-08 1.59565e-08 8.49975e-09 4.52676e-09 2.41038e-09 1.28322e-09 6.83029e-10 3.63495e-10 1.93412e-10 1.02895e-10 5.47308e-11 2.91072e-11 1.54775e-11 8.22878e-12 4.37426e-12 2.32493e-12 1.23553e-12 6.56502e-13 3.48786e-13 1.85278e-13 9.84088e-14 5.22622e-14 2.77515e-14 1.47344e-14 7.82216e-15 4.15212e-15 2.20376e-15 1.16952e-15 6.2059e-16 3.29272e-16 1.74686e-16 9.26654e-17 4.9151e-17 2.60678e-17 1.3824e-17 7.33027e-18 3.88657e-18 2.0605e-18 1.09229e-18 5.78983e-19 3.06871e-19 1.62633e-19 8.61834e-20 4.56671e-20 2.41962e-20 1.28191e-20 6.79096e-21 3.59726e-21 1.90537e-21 1.00915e-21 5.34439e-22 2.83016e-22 1.49862e-22 7.93489e-23 4.20108e-23 2.22409e-23 1.17737e-23 6.23226e-24 3.29875e-24 1.74593e-24 9.24006e-25 4.88987e-25 2.58757e-25 1.36918e-25 7.24444e-26 3.83286e-26 2.02775e-26 1.07271e-26 5.67449e-27 3.00156e-27 1.5876e-27 8.39682e-28 4.44083e-28 2.3485e-28 1.24192e-28 6.56714e-29 3.47245e-29 1.83601e-29 9.70715e-30 5.13201e-30 2.71308e-30 1.43423e-30 7.58145e-31 4.00744e-31 2.11817e-31 1.11953e-31 5.91688e-32 3.12702e-32 1.65253e-32 8.73269e-33 4.61455e-33
0.000116689 4.54956e-06 2.43087e-06 1.29848e-06 6.93409e-07 3.70196e-07 1.9759e-07 1.05437e-07 5.62492e-08 3.00013e-08 1.59981e-08 8.52904e-09 4.54612e-09 2.42267e-09 1.2908e-09 6.87607e-10 3.66218e-10 1.95011e-10 1.03825e-10 5.52669e-11 2.94142e-11 1.56522e-11 8.32771e-12 4.43002e-12 2.35624e-12 1.25305e-12 6.66272e-13 3.5422e-13 1.88293e-13 1.00077e-13 5.31835e-14 2.82594e-14 1.50139e-14 7.97568e-15 4.23633e-15 2.24988e-15 1.19475e-15 6.34373e-16 3.36793e-16 1.78786e-16 9.4898e-17 5.03656e-17 2.6728e-17 1.41825e-17 7.52482e-18 3.99206e-18 2.11765e-18 1.12324e-18 5.95729e-19 3.15926e-19 1.67526e-19 8.88265e-20 4.70938e-20 2.4966e-20 1.32342e-20 7.0147e-21 3.7178e-21 1.97028e-21 1.04409e-21 5.53238e-22 2.93126e-22 1.55297e-22 8.227e-23 4.35801e-23 2.30836e-23 1.22261e-23 6.47507e-24 3.42902e-24 1.8158e-24 9.61469e-25 5.09068e-25 2.69518e-25 1.42683e-25 7.55321e-26 3.99819e-26 2.11626e-26 1.12008e-26 5.92793e-27 3.13713e-27 1.66011e-27 8.78451e-28 4.64808e-28 2.45927e-28 1.30112e-28 6.88338e-29 3.64138e-29 1.92622e-29 1.01889e-29 5.38918e-30 2.85035e-30 1.50748e-30 7.97233e-31 4.21597e-31 2.22941e-31 1.17886e-31 6.23322e-32 3.29568e-32 1.74244e-32 9.21191e-33 4.86994e-33 2.57442e-33
6.11229e-05 2.4151e-06 1.29132e-06 6.90252e-07 3.6886e-07 1.9706e-07 1.0525e-07 5.61996e-08 3.00013e-08 1.60119e-08 8.5437e-09 4.55776e-09 2.43087e-09 1.29623e-09 6.91051e-10 3.68343e-10 1.96295e-10 1.04589e-10 5.5716e-11 2.96754e-11 1.58029e-11 8.414e-12 4.47915e-12 2.38407e-12 1.26874e-12 6.75085e-13 3.59152e-13 1.91045e-13 1.01608e-13 5.40331e-14 2.87298e-14 1.52737e-14 8.11897e-15 4.3152e-15 2.29322e-15 1.21853e-15 6.47402e-16 3.43923e-16 1.82682e-16 9.70249e-17 5.15254e-17 2.73597e-17 1.45263e-17 7.71175e-18 4.09361e-18 2.17278e-18 1.15314e-18 6.11934e-19 3.24703e-19 1.72277e-19 9.13961e-20 4.8483e-20 2.57165e-20 1.36394e-20 7.23342e-21 3.83578e-21 2.0339e-21 1.07837e-21 5.71704e-22 3.03069e-22 1.60649e-22 8.5149e-23 4.51284e-23 2.39159e-23 1.26734e-23 6.71534e-24 3.55805e-24 1.88507e-24 9.98644e-25 5.29012e-25 2.80215e-25 1.48419e-25 7.86067e-26 4.16295e-26 2.20453e-26 1.16736e-26 6.1811e-27 3.27267e-27 1.73265e-27 9.17268e-28 4.85574e-28 2.57034e-28 1.36051e-28 7.20092e-29 3.81111e-29 2.01693e-29 1.06735e-29 5.64809e-30 2.98864e-30 1.58133e-30 8.36663e-31 4.42646e-31 2.34175e-31 1.23881e-31 6.55312e-32 3.46633e-32 1.83347e-32 9.69739e-33 5.12882e-33 2.71244e-33 1.43444e-33
3.20167e-05 1.28181e-06 6.85846e-07 3.6686e-07 1.96177e-07 1.04876e-07 5.60512e-08 2.99489e-08 1.59981e-08 8.5437e-09 4.56164e-09 2.43498e-09 1.29949e-09 6.93353e-10 3.69866e-10 1.97262e-10 1.05185e-10 5.60767e-11 2.98901e-11 1.59291e-11 8.48742e-12 4.52151e-12 2.40834e-12 1.28256e-12 6.82917e-13 3.6357e-13 1.93527e-13 1.02998e-13 5.48087e-14 2.91614e-14 1.55133e-14 8.25166e-15 4.38853e-15 2.33367e-15 1.2408e-15 6.59645e-16 3.50642e-16 1.86365e-16 9.90406e-17 5.26273e-17 2.79614e-17 1.48545e-17 7.8906e-18 4.19097e-18 2.22573e-18 1.18191e-18 6.27559e-19 3.3318e-19 1.76873e-19 9.38863e-20 4.98312e-20 2.6446e-20 1.40339e-20 7.44663e-21 3.95095e-21 2.09607e-21 1.11192e-21 5.89798e-22 3.12822e-22 1.65904e-22 8.79797e-23 4.66523e-23 2.4736e-23 1.31146e-23 6.95259e-24 3.68558e-24 1.95359e-24 1.03546e-24 5.48781e-25 2.90828e-25 1.54114e-25 8.16622e-26 4.32683e-26 2.2924e-26 1.21446e-26 6.43354e-27 3.40791e-27 1.8051e-27 9.56062e-28 5.06344e-28 2.68151e-28 1.42e-28 7.51921e-29 3.98136e-29 2.10798e-29 1.11603e-29 5.90833e-30 3.12773e-30 1.65566e-30 8.76373e-31 4.63858e-31 2.45504e-31 1.29931e-31 6.87609e-32 3.63874e-32 1.92548e-32 1.01884e-32 5.39081e-33 2.8522e-33 1.50899e-33 7.98315e-34
1.67707e-05 6.80202e-07 3.64202e-07 1.94945e-07 1.04317e-07 5.58044e-08 2.98443e-08 1.59565e-08 8.52904e-09 4.55776e-09 2.43498e-09 1.30058e-09 6.94506e-10 3.70781e-10 1.97908e-10 1.05613e-10 5.63482e-11 3.00577e-11 1.60304e-11 8.54776e-12 4.55699e-12 2.42899e-12 1.29448e-12 6.89749e-13 3.67462e-13 1.95733e-13 1.04242e-13 5.55082e-14 2.95531e-14 1.5732e-14 8.37342e-15 4.45614e-15 2.37112e-15 1.26151e-15 6.7107e-16 3.56935e-16 1.89825e-16 1.0094e-16 5.36689e-17 2.85317e-17 1.51664e-17 8.06094e-18 4.28391e-18 2.27639e-18 1.2095e-18 6.42567e-19 3.41339e-19 1.81304e-19 9.62913e-20 5.11355e-20 2.71529e-20 1.44168e-20 7.65384e-21 4.06304e-21 2.15666e-21 1.14466e-21 6.07479e-22 3.22366e-22 1.71053e-22 9.07559e-23 4.81487e-23 2.55422e-23 1.35487e-23 7.1863e-24 3.81134e-24 2.02124e-24 1.07183e-24 5.68333e-25 3.01334e-25 1.59758e-25 8.46926e-26 4.48952e-26 2.37971e-26 1.2613e-26 6.68477e-27 3.54262e-27 1.87731e-27 9.94763e-28 5.2708e-28 2.79258e-28 1.47948e-28 7.83768e-29 4.15184e-29 2.19921e-29 1.16485e-29 6.16946e-30 3.26739e-30 1.73034e-30 9.16298e-31 4.85199e-31 2.56909e-31 1.36024e-31 7.20165e-32 3.81263e-32 2.01835e-32 1.06843e-32 5.65553e-33 2.99351e-33 1.58441e-33 8.38557e-34 4.4379e-34
8.78464e-06 3.60894e-07 1.93368e-07 1.03573e-07 5.54598e-08 2.96878e-08 1.58874e-08 8.49975e-09 4.54612e-09 2.43087e-09 1.29949e-09 6.94506e-10 3.71086e-10 1.98231e-10 1.0587e-10 5.65295e-11 3.01777e-11 1.61067e-11 8.59487e-12 4.58549e-12 2.44596e-12 1.30446e-12 6.9556e-13 3.70818e-13 1.97657e-13 1.05339e-13 5.61298e-14 2.9904e-14 1.59293e-14 8.48393e-15 4.51785e-15 2.40549e-15 1.2806e-15 6.81648e-16 3.62785e-16 1.93054e-16 1.02719e-16 5.46473e-17 2.90691e-17 1.54611e-17 8.22234e-18 4.3722e-18 2.32463e-18 1.23583e-18 6.56923e-19 3.49159e-19 1.8556e-19 9.86055e-20 5.23928e-20 2.78355e-20 1.47871e-20 7.85459e-21 4.17179e-21 2.21555e-21 1.17652e-21 6.24707e-22 3.31677e-22 1.76083e-22 9.34717e-23 4.96142e-23 2.63327e-23 1.39749e-23 7.41599e-24 3.93508e-24 2.08787e-24 1.10769e-24 5.87629e-25 3.11712e-25 1.65338e-25 8.7692e-26 4.65068e-26 2.46628e-26 1.30779e-26 6.9343e-27 3.67654e-27 1.94916e-27 1.0333e-27 5.47743e-28 2.90335e-28 1.53885e-28 8.15578e-29 4.32223e-29 2.29047e-29 1.21371e-29 6.43103e-30 3.40738e-30 1.80525e-30 9.56373e-31 5.06634e-31 2.68372e-31 1.42153e-31 7.52927e-32 3.98774e-32 2.11192e-32 1.11842e-32 5.92259e-33 3.13615e-33 1.66058e-33 8.79226e-34 4.65502e-34 2.46446e-34
4.60148e-06 1.91448e-07 1.02648e-07 5.50184e-08 2.94798e-08 1.57909e-08 8.45592e-09 4.52676e-09 2.42267e-09 1.29623e-09 6.93353e-10 3.70781e-10 1.98231e-10 1.05955e-10 5.66203e-11 3.02499e-11 1.61577e-11 8.6286e-12 4.60693e-12 2.45921e-12 1.31248e-12 7.00337e-13 3.73628e-13 1.99293e-13 1.06284e-13 5.6672e-14 3.02131e-14 1.61046e-14 8.58289e-15 4.5735e-15 2.43668e-15 1.29802e-15 6.91353e-16 3.68177e-16 1.96043e-16 1.04373e-16 5.55602e-17 2.95722e-17 1.57379e-17 8.37442e-18 4.45563e-18 2.37034e-18 1.26084e-18 6.70593e-19 3.56622e-19 1.89631e-19 1.00823e-19 5.36002e-20 2.84922e-20 1.5144e-20 8.0484e-21 4.27696e-21 2.27258e-21 1.20742e-21 6.41446e-22 3.40737e-22 1.80983e-22 9.61211e-23 5.10458e-23 2.71059e-23 1.43923e-23 7.64117e-24 4.05652e-24 2.15333e-24 1.14297e-24 6.06629e-25 3.21942e-25 1.70844e-25 9.06543e-26 4.81e-26 2.55193e-26 1.35382e-26 7.18166e-27 3.8094e-27 2.0205e-27 1.0716e-27 5.68295e-28 3.01362e-28 1.59799e-28 8.47292e-29 4.49225e-29 2.38159e-29 1.26254e-29 6.6926e-30 3.54747e-30 1.88026e-30 9.96531e-31 5.28128e-31 2.79874e-31 1.48307e-31 7.85845e-32 4.16378e-32 2.20605e-32 1.16875e-32 6.19159e-33 3.2799e-33 1.73739e-33 9.20264e-34 4.87423e-34 2.58153e-34 1.36718e-34
2.4103e-06 1.01544e-07 5.44815e-08 2.92209e-08 1.56674e-08 8.39767e-09 4.49974e-09 2.41038e-09 1.2908e-09 6.91051e-10 3.69866e-10 1.97908e-10 1.0587e-10 5.66203e-11 3.02739e-11 1.61832e-11 8.64888e-12 4.62126e-12 2.4687e-12 1.31851e-12 7.04065e-13 3.75885e-13 2.00638e-13 1.07076e-13 5.71331e-14 3.04795e-14 1.62574e-14 8.67005e-15 4.62296e-15 2.4646e-15 1.31373e-15 7.0016e-16 3.73098e-16 1.98786e-16 1.05897e-16 5.64054e-17 3.00398e-17 1.59962e-17 8.5168e-18 4.53399e-18 2.4134e-18 1.28447e-18 6.83543e-19 3.6371e-19 1.93506e-19 1.0294e-19 5.47547e-20 2.91215e-20 1.54866e-20 8.23484e-21 4.37832e-21 2.32763e-21 1.23731e-21 6.57656e-22 3.49524e-22 1.85744e-22 9.86983e-23 5.24403e-23 2.786e-23 1.47999e-23 7.86137e-24 4.17541e-24 2.2175e-24 1.17759e-24 6.25295e-25 3.32003e-25 1.76264e-25 9.35736e-26 4.96716e-26 2.63651e-26 1.39933e-26 7.42636e-27 3.94096e-27 2.0912e-27 1.10958e-27 5.88699e-28 3.12318e-28 1.6568e-28 8.78853e-29 4.66158e-29 2.47242e-29 1.31124e-29 6.95369e-30 3.68741e-30 1.95525e-30 1.0367e-30 5.49645e-31 2.91396e-31 1.54476e-31 8.18864e-32 4.34049e-32 2.3006e-32 1.21932e-32 6.46211e-33 3.42457e-33 1.81474e-33 9.6161e-34 5.09521e-34 2.69962e-34 1.43028e-34 7.57735e-35
1.26254e-06 5.38506e-08 2.89119e-08 1.5517e-08 8.32516e-09 4.46512e-09 2.39406e-09 1.28322e-09 6.87607e-10 3.68343e-10 1.97262e-10 1.05613e-10 5.65295e-11 3.02499e-11 1.61832e-11 8.65565e-12 4.62844e-12 2.4744e-12 1.32254e-12 7.06735e-13 3.77583e-13 2.01688e-13 1.07711e-13 5.75121e-14 3.07026e-14 1.63874e-14 8.74519e-15 4.66608e-15 2.4892e-15 1.32769e-15 7.08046e-16 3.77536e-16 2.01274e-16 1.07288e-16 5.71806e-17 3.04709e-17 1.62352e-17 8.64913e-18 4.60709e-18 2.45371e-18 1.30666e-18 6.95742e-19 3.70406e-19 1.97176e-19 1.04949e-19 5.58538e-20 2.97218e-20 1.58143e-20 8.41347e-21 4.47562e-21 2.38059e-21 1.26611e-21 6.73303e-22 3.5802e-22 1.90353e-22 1.01198e-22 5.37947e-23 2.85935e-23 1.51969e-23 8.0761e-24 4.29151e-24 2.28024e-24 1.21147e-24 6.43587e-25 3.41874e-25 1.81588e-25 9.64439e-26 5.12185e-26 2.71984e-26 1.4442e-26 7.66793e-27 4.07095e-27 2.16113e-27 1.14719e-27 6.08914e-28 3.23182e-28 1.71517e-28 9.10203e-29 4.82991e-29 2.56278e-29 1.35973e-29 7.21386e-30 3.82696e-30 2.03008e-30 1.07682e-30 5.71148e-31 3.02919e-31 1.60649e-31 8.5193e-32 4.51756e-32 2.39541e-32 1.27008e-32 6.73372e-33 3.56991e-33 1.89249e-33 1.0032e-33 5.31763e-34 2.81855e-34 1.49386e-34 7.91721e-35 4.19577e-35
6.61329e-07 2.85536e-08 1.53404e-08 8.23861e-09 4.42301e-09 2.37374e-09 1.27352e-09 6.83029e-10 3.66218e-10 1.96295e-10 1.05185e-10 5.63482e-11 3.01777e-11 1.61577e-11 8.64888e-12 4.62844e-12 2.4763e-12 1.32456e-12 7.0834e-13 3.78718e-13 2.0244e-13 1.0819e-13 5.78079e-14 3.08818e-14 1.64943e-14 8.80811e-15 4.70275e-15 2.51041e-15 1.33986e-15 7.14992e-16 3.81478e-16 2.03502e-16 1.08542e-16 5.7884e-17 3.08642e-17 1.64545e-17 8.77108e-18 4.67475e-18 2.49117e-18 1.32736e-18 7.0716e-19 3.76694e-19 2.00634e-19 1.06848e-19 5.68948e-20 3.02919e-20 1.61261e-20 8.58388e-21 4.56864e-21 2.43132e-21 1.29375e-21 6.88349e-22 3.66204e-22 1.94802e-22 1.03614e-22 5.51059e-23 2.93047e-23 1.55824e-23 8.28492e-24 4.40456e-24 2.34141e-24 1.24455e-24 6.61467e-25 3.51533e-25 1.86805e-25 9.92594e-26 5.27375e-26 2.80176e-26 1.48836e-26 7.90589e-27 4.19912e-27 2.23015e-27 1.18434e-27 6.28903e-28 3.33934e-28 1.77299e-28 9.41283e-29 4.99693e-29 2.65251e-29 1.40793e-29 7.47263e-30 3.96587e-30 2.10462e-30 1.11682e-30 5.926e-31 3.14423e-31 1.66817e-31 8.84989e-32 4.69472e-32 2.49032e-32 1.32092e-32 7.006e-33 3.71569e-33 1.97054e-33 1.04497e-33 5.54117e-34 2.93815e-34 1.55784e-34 8.25938e-35 4.37874e-35 2.32129e-35
3.4641e-07 1.5138e-08 8.13826e-09 4.37352e-09 2.34948e-09 1.26171e-09 6.77331e-10 3.63495e-10 1.95011e-10 1.04589e-10 5.60767e-11 3.00577e-11 1.61067e-11 8.6286e-12 4.62126e-12 2.4744e-12 1.32456e-12 7.08876e-13 3.79286e-13 2.02892e-13 1.08509e-13 5.80198e-14 3.10166e-14 1.65777e-14 8.85864e-15 4.73289e-15 2.52816e-15 1.35021e-15 7.20978e-16 3.84916e-16 2.05464e-16 1.09656e-16 5.85138e-17 3.12187e-17 1.66535e-17 8.88234e-18 4.73681e-18 2.52569e-18 1.34652e-18 7.17771e-19 3.82559e-19 2.0387e-19 1.0863e-19 5.78752e-20 3.08304e-20 1.64215e-20 8.74567e-21 4.65717e-21 2.47971e-21 1.32017e-21 7.02762e-22 3.74059e-22 1.99079e-22 1.05941e-22 5.63712e-23 2.9992e-23 1.59555e-23 8.48736e-24 4.51432e-24 2.40088e-24 1.27676e-24 6.78898e-25 3.60962e-25 1.91902e-25 1.02014e-25 5.42255e-26 2.8821e-26 1.53172e-26 8.13975e-27 4.32523e-27 2.29812e-27 1.22096e-27 6.48628e-28 3.44554e-28 1.83015e-28 9.72036e-29 5.16234e-29 2.74145e-29 1.45573e-29 7.72954e-30 4.10389e-30 2.17875e-30 1.15662e-30 6.13965e-31 3.25888e-31 1.72968e-31 9.17984e-32 4.87166e-32 2.58519e-32 1.37177e-32 7.27851e-33 3.8617e-33 2.04875e-33 1.08686e-33 5.76546e-34 3.05822e-34 1.62211e-34 8.60334e-35 4.56279e-35 2.41974e-35 1.28317e-35
1.81453e-07 8.02439e-09 4.3168e-09 2.32136e-09 1.24784e-09 6.70528e-10 3.60183e-10 1.93412e-10 1.03825e-10 5.5716e-11 2.98901e-11 1.60304e-11 8.59487e-12 4.60693e-12 2.4687e-12 1.32254e-12 7.0834e-13 3.79286e-13 2.03043e-13 1.08669e-13 5.81471e-14 3.11067e-14 1.66374e-14 8.89666e-15 4.75642e-15 2.54242e-15 1.35872e-15 7.2599e-16 3.8784e-16 2.07155e-16 1.10627e-16 5.90684e-17 3.15337e-17 1.68316e-17 8.98266e-18 4.79311e-18 2.55719e-18 1.36409e-18 7.27548e-19 3.87987e-19 2.06877e-19 1.10293e-19 5.87927e-20 3.1336e-20 1.66996e-20 8.89847e-21 4.741e-21 2.52564e-21 1.34531e-21 7.16508e-22 3.81567e-22 2.03175e-22 1.08174e-22 5.75876e-23 3.0654e-23 1.63155e-23 8.68299e-24 4.62055e-24 2.45853e-24 1.30802e-24 6.95843e-25 3.70141e-25 1.96871e-25 1.04703e-25 5.56795e-26 2.96069e-26 1.57418e-26 8.36906e-27 4.44901e-27 2.3649e-27 1.25698e-27 6.68049e-28 3.5502e-28 1.88653e-28 1.0024e-28 5.32582e-29 2.82943e-29 1.50307e-29 7.98412e-30 4.24077e-30 2.25232e-30 1.19615e-30 6.35204e-31 3.37295e-31 1.79093e-31 9.5086e-32 5.04809e-32 2.67985e-32 1.42254e-32 7.5508e-33 4.00769e-33 2.127e-33 1.1288e-33 5.99017e-34 3.1786e-34 1.68658e-34 8.94858e-35 4.74763e-35 2.51869e-35 1.33613e-35 7.08758e-36
9.50468e-08 4.253e-09 2.28944e-09 1.23193e-09 6.6264e-10 3.56291e-10 1.91503e-10 1.02895e-10 5.52669e-11 2.96754e-11 1.59291e-11 8.54776e-12 4.58549e-12 2.45921e-12 1.31851e-12 7.06735e-13 3.78718e-13 2.02892e-13 1.08669e-13 5.81896e-14 3.11517e-14 1.66733e-14 8.92206e-15 4.77326e-15 2.55314e-15 1.36536e-15 7.30016e-16 3.90242e-16 2.08571e-16 1.11453e-16 5.95464e-17 3.18084e-17 1.69884e-17 9.07176e-18 4.8435e-18 2.58558e-18 1.38003e-18 7.36467e-19 3.92964e-19 2.09647e-19 1.11831e-19 5.96452e-20 3.18074e-20 1.69599e-20 9.04191e-21 4.81994e-21 2.56902e-21 1.36911e-21 7.29556e-22 3.8871e-22 2.07082e-22 1.10308e-22 5.87524e-23 3.12892e-23 1.66616e-23 8.87137e-24 4.72302e-24 2.51423e-24 1.33827e-24 7.12265e-25 3.79049e-25 2.01701e-25 1.07319e-25 5.70964e-26 3.03738e-26 1.61566e-26 8.59336e-27 4.57022e-27 2.43038e-27 1.29233e-27 6.87128e-28 3.65313e-28 1.94204e-28 1.03232e-28 5.48706e-29 2.91629e-29 1.54984e-29 8.2359e-30 4.37626e-30 2.32521e-30 1.23535e-30 6.5628e-31 3.48623e-31 1.8518e-31 9.83559e-32 5.2237e-32 2.77414e-32 1.47315e-32 7.82241e-33 4.15342e-33 2.20517e-33 1.17072e-33 6.21493e-34 3.29908e-34 1.75115e-34 9.29458e-35 4.93298e-35 2.61797e-35 1.38929e-35 7.37224e-36 3.91183e-36
4.97864e-08 2.25382e-09 1.21405e-09 6.53688e-10 3.51829e-10 1.89289e-10 1.01802e-10 5.47308e-11 2.94142e-11 1.58029e-11 8.48742e-12 4.55699e-12 2.44596e-12 1.31248e-12 7.04065e-13 3.77583e-13 2.0244e-13 1.08509e-13 5.81471e-14 3.11517e-14 1.66853e-14 8.93477e-15 4.78339e-15 2.56031e-15 1.37011e-15 7.33044e-16 3.92117e-16 2.09708e-16 1.12132e-16 5.99466e-17 3.20419e-17 1.71236e-17 9.14945e-18 4.88788e-18 2.6108e-18 1.3943e-18 7.44507e-19 3.97479e-19 2.12174e-19 1.13242e-19 6.04305e-20 3.22436e-20 1.72017e-20 9.17567e-21 4.8938e-21 2.60974e-21 1.39153e-21 7.41876e-22 3.95473e-22 2.1079e-22 1.12339e-22 5.98631e-23 3.18961e-23 1.69929e-23 9.0521e-24 4.82151e-24 2.56786e-24 1.36745e-24 7.28129e-25 3.87669e-25 2.06381e-25 1.09859e-25 5.84734e-26 3.11201e-26 1.65608e-26 8.81217e-27 4.68862e-27 2.49441e-27 1.32694e-27 7.05829e-28 3.75413e-28 1.99656e-28 1.06175e-28 5.64576e-29 3.00185e-29 1.59596e-29 8.4844e-30 4.51011e-30 2.39728e-30 1.27415e-30 6.77154e-31 3.59852e-31 1.91218e-31 1.01602e-31 5.3982e-32 2.86789e-32 1.52352e-32 8.0929e-33 4.29864e-33 2.28313e-33 1.21255e-33 6.43939e-34 3.41948e-34 1.81572e-34 9.64078e-35 5.11857e-35 2.71743e-35 1.44259e-35 7.65778e-36 4.06478e-36 2.15748e-36
2.60786e-08 1.19422e-09 6.43697e-10 3.4681e-10 1.86776e-10 1.00549e-10 5.41091e-11 2.91072e-11 1.56522e-11 8.414e-12 4.52151e-12 2.42899e-12 1.30446e-12 7.00337e-13 3.75885e-13 2.01688e-13 1.0819e-13 5.80198e-14 3.11067e-14 1.66733e-14 8.93477e-15 4.78677e-15 2.5639e-15 1.37297e-15 7.35067e-16 3.93459e-16 2.10563e-16 1.12662e-16 6.02679e-17 3.22338e-17 1.72367e-17 9.21551e-18 4.92612e-18 2.63279e-18 1.40686e-18 7.51648e-19 4.0152e-19 2.14452e-19 1.14521e-19 6.11468e-20 3.26436e-20 1.74244e-20 9.29942e-21 4.96241e-21 2.6477e-21 1.4125e-21 7.5344e-22 4.0184e-22 2.1429e-22 1.14261e-22 6.09171e-23 3.24735e-23 1.73088e-23 9.22478e-24 4.91581e-24 2.6193e-24 1.39549e-24 7.43402e-25 3.95981e-25 2.10901e-25 1.12315e-25 5.98075e-26 3.18441e-26 1.69535e-26 9.02506e-27 4.80396e-27 2.55686e-27 1.36074e-27 7.24114e-28 3.85299e-28 2.04999e-28 1.09061e-28 5.80161e-29 3.08597e-29 1.64135e-29 8.72918e-30 4.64207e-30 2.4684e-30 1.31246e-30 6.9779e-31 3.70962e-31 1.97198e-31 1.0482e-31 5.57127e-32 2.96096e-32 1.57355e-32 8.3618e-33 4.44313e-33 2.36074e-33 1.25423e-33 6.66317e-34 3.53961e-34 1.88019e-34 9.98665e-35 5.3041e-35 2.81693e-35 1.49594e-35 7.94377e-36 4.21806e-36 2.23962e-36 1.18908e-36
1.36602e-08 6.32696e-10 3.41247e-10 1.83972e-10 9.91401e-11 5.34034e-11 2.87553e-11 1.54775e-11 8.32771e-12 4.47915e-12 2.40834e-12 1.29448e-12 6.9556e-13 3.73628e-13 2.00638e-13 1.07711e-13 5.78079e-14 3.10166e-14 1.66374e-14 8.92206e-15 4.78339e-15 2.5639e-15 1.37392e-15 7.3608e-16 3.94266e-16 2.11135e-16 1.13041e-16 6.05097e-17 3.23836e-17 1.73276e-17 9.26978e-18 4.95814e-18 2.65148e-18 1.41769e-18 7.57873e-19 4.05078e-19 2.16475e-19 1.15666e-19 6.17925e-20 3.30063e-20 1.76276e-20 9.41287e-21 5.02561e-21 2.68283e-21 1.43198e-21 7.64221e-22 4.07796e-22 2.17576e-22 1.1607e-22 6.19122e-23 3.302e-23 1.76086e-23 9.38902e-24 5.0057e-24 2.66845e-24 1.42234e-24 7.58051e-25 4.03968e-25 2.15252e-25 1.14684e-25 6.10959e-26 3.25445e-26 1.7334e-26 9.2316e-27 4.91601e-27 2.61762e-27 1.39367e-27 7.41946e-28 3.94953e-28 2.10222e-28 1.11885e-28 5.9543e-29 3.16848e-29 1.68591e-29 8.96975e-30 4.7719e-30 2.53844e-30 1.35023e-30 7.18149e-31 3.81933e-31 2.03108e-31 1.08003e-31 5.74261e-32 3.05318e-32 1.62317e-32 8.62866e-33 4.58662e-33 2.43788e-33 1.29569e-33 6.88591e-34 3.65925e-34 1.94444e-34 1.03316e-34 5.48927e-35 2.9163e-35 1.54926e-35 8.22978e-36 4.37145e-36 2.32186e-36 1.23317e-36 6.5491e-37
7.15536e-09 3.35157e-10 1.80884e-10 9.75783e-11 5.26159e-11 2.83594e-11 1.52792e-11 8.22878e-12 4.43002e-12 2.38407e-12 1.28256e-12 6.89749e-13 3.70818e-13 1.99293e-13 1.07076e-13 5.75121e-14 3.08818e-14 1.65777e-14 8.89666e-15 4.77326e-15 2.56031e-15 1.37297e-15 7.3608e-16 3.94536e-16 2.11421e-16 1.13269e-16 6.06712e-17 3.24908e-17 1.7396e-17 9.31214e-18 4.98385e-18 2.66684e-18 1.42675e-18 7.63167e-19 4.08144e-19 2.18239e-19 1.16674e-19 6.23659e-20 3.3331e-20 1.78107e-20 9.51576e-21 5.08325e-21 2.71502e-21 1.44992e-21 7.74193e-22 4.13328e-22 2.20638e-22 1.17763e-22 6.28459e-23 3.35344e-23 1.78916e-23 9.54446e-24 5.09098e-24 2.71518e-24 1.44792e-24 7.72044e-25 4.11612e-25 2.19425e-25 1.1696e-25 6.2336e-26 3.32197e-26 1.77014e-26 9.43134e-27 5.02454e-27 2.67655e-27 1.42565e-27 7.5929e-28 4.04354e-28 2.15315e-28 1.14643e-28 6.10355e-29 3.24921e-29 1.72956e-29 9.20567e-30 4.89935e-30 2.60726e-30 1.38738e-30 7.38194e-31 3.92745e-31 2.08938e-31 1.11145e-31 5.91191e-32 3.14437e-32 1.67227e-32 8.893e-33 4.72887e-33 2.51441e-33 1.33685e-33 7.10724e-34 3.77823e-34 2.00838e-34 1.06752e-34 5.67379e-35 3.0154e-35 1.60246e-35 8.51535e-36 4.52471e-36 2.40409e-36 1.27728e-36 6.78566e-37 3.60473e-37
3.74804e-09 1.7752e-10 9.58682e-11 5.17485e-11 2.79206e-11 1.50579e-11 8.11748e-12 4.37426e-12 2.35624e-12 1.26874e-12 6.82917e-13 3.67462e-13 1.97657e-13 1.06284e-13 5.71331e-14 3.07026e-14 1.64943e-14 8.85864e-15 4.75642e-15 2.55314e-15 1.37011e-15 7.35067e-16 3.94266e-16 2.11421e-16 1.13345e-16 6.0752e-17 3.25552e-17 1.74416e-17 9.34247e-18 5.00319e-18 2.67883e-18 1.43403e-18 7.67515e-19 4.1071e-19 2.19738e-19 1.17543e-19 6.28657e-20 3.36168e-20 1.79732e-20 9.60785e-21 5.13519e-21 2.74422e-21 1.46628e-21 7.83335e-22 4.18423e-22 2.23471e-22 1.19334e-22 6.37163e-23 3.40155e-23 1.81571e-23 9.69076e-24 5.17148e-24 2.75941e-24 1.4722e-24 7.85349e-25 4.18898e-25 2.2341e-25 1.19137e-25 6.3525e-26 3.38683e-26 1.80549e-26 9.62388e-27 5.12932e-27 2.73354e-27 1.45662e-27 7.7611e-28 4.13484e-28 2.20268e-28 1.17328e-28 6.24905e-29 3.32802e-29 1.77222e-29 9.43648e-30 5.02417e-30 2.67474e-30 1.42384e-30 7.57888e-31 4.03378e-31 2.14676e-31 1.14241e-31 6.07888e-32 3.23439e-32 1.72079e-32 9.15437e-33 4.86965e-33 2.59021e-33 1.37765e-33 7.32678e-34 3.89633e-34 2.0719e-34 1.10167e-34 5.85737e-35 3.11405e-35 1.65546e-35 8.80005e-36 4.67759e-36 2.48617e-36 1.32133e-36 7.0221e-37 3.7316e-37 1.98288e-37
1.96326e-09 9.40145e-11 5.08036e-11 2.74401e-11 1.48141e-11 7.99411e-12 4.31201e-12 2.32493e-12 1.25305e-12 6.75085e-13 3.6357e-13 1.95733e-13 1.05339e-13 5.6672e-14 3.04795e-14 1.63874e-14 8.80811e-15 4.73289e-15 2.54242e-15 1.36536e-15 7.33044e-16 3.93459e-16 2.11135e-16 1.13269e-16 6.0752e-17 3.25768e-17 1.74645e-17 9.3607e-18 5.0161e-18 2.68741e-18 1.4395e-18 7.70909e-19 4.12771e-19 2.2097e-19 1.1827e-19 6.32906e-20 3.3863e-20 1.8115e-20 9.68891e-21 5.18132e-21 2.77035e-21 1.48102e-21 7.91624e-22 4.23069e-22 2.26068e-22 1.20782e-22 6.45213e-23 3.44623e-23 1.84045e-23 9.82758e-24 5.247e-24 2.80104e-24 1.49511e-24 7.9794e-25 4.25809e-25 2.272e-25 1.21213e-25 6.46606e-26 3.4489e-26 1.83938e-26 9.80882e-27 5.23015e-27 2.78846e-27 1.48652e-27 7.92373e-28 4.22324e-28 2.25071e-28 1.19936e-28 6.39053e-29 3.40474e-29 1.8138e-29 9.66174e-30 5.14614e-30 2.74075e-30 1.45955e-30 7.77194e-31 4.13812e-31 2.20313e-31 1.17285e-31 6.24321e-32 3.32306e-32 1.76862e-32 9.4123e-33 5.00869e-33 2.66513e-33 1.41802e-33 7.54416e-34 4.01337e-34 2.13489e-34 1.13556e-34 6.03969e-35 3.2121e-35 1.70818e-35 9.08341e-36 4.82986e-36 2.56798e-36 1.36528e-36 7.25807e-37 3.85828e-37 2.05088e-37 1.09008e-37
1.02837e-09 4.9784e-11 2.69192e-11 1.45485e-11 7.859e-12 4.24344e-12 2.29022e-12 1.23553e-12 6.66272e-13 3.59152e-13 1.93527e-13 1.04242e-13 5.61298e-14 3.02131e-14 1.62574e-14 8.74519e-15 4.70275e-15 2.52816e-15 1.35872e-15 7.30016e-16 3.92117e-16 2.10563e-16 1.13041e-16 6.06712e-17 3.25552e-17 1.74645e-17 9.36678e-18 5.02257e-18 2.69257e-18 1.44316e-18 7.73338e-19 4.14321e-19 2.21931e-19 1.18854e-19 6.36397e-20 3.40692e-20 1.82354e-20 9.75875e-21 5.22152e-21 2.79335e-21 1.49411e-21 7.99042e-22 4.27255e-22 2.28422e-22 1.22102e-22 6.52592e-23 3.48737e-23 1.86334e-23 9.95462e-24 5.31738e-24 2.83996e-24 1.5166e-24 8.09787e-25 4.32331e-25 2.30785e-25 1.23181e-25 6.57401e-26 3.50804e-26 1.87175e-26 9.98577e-27 5.3268e-27 2.84121e-27 1.51528e-27 8.08046e-28 4.30857e-28 2.29713e-28 1.2246e-28 6.52769e-29 3.47922e-29 1.85422e-29 9.881e-30 5.26501e-30 2.80515e-30 1.49443e-30 7.96075e-31 4.24028e-31 2.25838e-31 1.20272e-31 6.40459e-32 3.41023e-32 1.81569e-32 9.66635e-33 5.14576e-33 2.73906e-33 1.45788e-33 7.759e-34 4.12913e-34 2.19725e-34 1.16914e-34 6.22047e-35 3.30939e-35 1.76053e-35 9.36498e-36 4.98128e-36 2.64939e-36 1.40903e-36 7.49319e-37 3.9846e-37 2.11872e-37 1.12651e-37 5.98921e-38
5.38673e-10 2.63593e-11 1.42619e-11 7.71253e-12 4.16874e-12 2.25221e-12 1.21623e-12 6.56502e-13 3.5422e-13 1.91045e-13 1.02998e-13 5.55082e-14 2.9904e-14 1.61046e-14 8.67005e-15 4.66608e-15 2.51041e-15 1.35021e-15 7.2599e-16 3.90242e-16 2.09708e-16 1.12662e-16 6.05097e-17 3.24908e-17 1.74416e-17 9.3607e-18 5.02257e-18 2.69429e-18 1.44499e-18 7.74799e-19 4.15356e-19 2.22619e-19 1.19293e-19 6.39121e-20 3.42347e-20 1.83344e-20 9.8172e-21 5.25569e-21 2.81317e-21 1.50552e-21 8.05571e-22 4.30972e-22 2.30529e-22 1.23291e-22 6.59281e-23 3.52488e-23 1.88431e-23 1.00716e-23 5.38247e-24 2.8761e-24 1.53662e-24 8.20865e-25 4.38449e-25 2.34158e-25 1.25039e-25 6.67614e-26 3.56413e-26 1.90252e-26 1.01544e-26 5.41908e-27 2.89167e-27 1.54285e-27 8.23096e-28 4.39066e-28 2.34187e-28 1.24896e-28 6.66028e-29 3.55132e-29 1.89341e-29 1.00938e-29 5.38055e-30 2.86784e-30 1.52842e-30 8.14495e-31 4.34006e-31 2.31241e-31 1.23195e-31 6.56274e-32 3.49574e-32 1.8619e-32 9.91604e-33 5.2806e-33 2.81186e-33 1.49716e-33 7.97094e-34 4.24342e-34 2.25886e-34 1.20235e-34 6.39938e-35 3.40576e-35 1.81242e-35 9.6443e-36 5.1316e-36 2.73026e-36 1.45253e-36 7.7271e-37 4.11035e-37 2.18631e-37 1.16283e-37 6.18432e-38 3.28882e-38
2.82162e-10 1.39549e-11 7.55508e-12 4.08811e-12 2.211e-12 1.19521e-12 6.45801e-13 3.48786e-13 1.88293e-13 1.01608e-13 5.48087e-14 2.95531e-14 1.59293e-14 8.58289e-15 4.62296e-15 2.4892e-15 1.33986e-15 7.20978e-16 3.8784e-16 2.08571e-16 1.12132e-16 6.02679e-17 3.23836e-17 1.7396e-17 9.34247e-18 5.0161e-18 2.69257e-18 1.44499e-18 7.75286e-19 4.15875e-19 2.23033e-19 1.19587e-19 6.41071e-20 3.43591e-20 1.84116e-20 9.86414e-21 5.28377e-21 2.82975e-21 1.51522e-21 8.11196e-22 4.34211e-22 2.32383e-22 1.24347e-22 6.65267e-23 3.55867e-23 1.90333e-23 1.01782e-23 5.44212e-24 2.90938e-24 1.55514e-24 8.31149e-25 4.44149e-25 2.37312e-25 1.26781e-25 6.77222e-26 3.61704e-26 1.93162e-26 1.03142e-26 5.50679e-27 2.93974e-27 1.56917e-27 8.37492e-28 4.46933e-28 2.38482e-28 1.2724e-28 6.78801e-29 3.6209e-29 1.93128e-29 1.02999e-29 5.49253e-30 2.92868e-30 1.56145e-30 8.3242e-31 4.43728e-31 2.3651e-31 1.2605e-31 6.71736e-32 3.57944e-32 1.90719e-32 1.01609e-32 5.41299e-33 2.8834e-33 1.5358e-33 8.1796e-34 4.35605e-34 2.31963e-34 1.23513e-34 6.57614e-35 3.50104e-35 1.86376e-35 9.92091e-36 5.28057e-36 2.81047e-36 1.4957e-36 7.95942e-37 4.23533e-37 2.25353e-37 1.19897e-37 6.37863e-38 3.39325e-38 1.805e-38
1.47799e-10 7.38709e-12 4.00177e-12 2.16669e-12 1.17252e-12 6.34198e-13 3.42866e-13 1.85278e-13 1.00077e-13 5.40331e-14 2.91614e-14 1.5732e-14 8.48393e-15 4.5735e-15 2.4646e-15 1.32769e-15 7.14992e-16 3.84916e-16 2.07155e-16 1.11453e-16 5.99466e-17 3.22338e-17 1.73276e-17 9.31214e-18 5.00319e-18 2.68741e-18 1.44316e-18 7.74799e-19 4.15875e-19 2.23171e-19 1.19733e-19 6.42243e-20 3.44423e-20 1.84669e-20 9.89943e-21 5.30567e-21 2.84307e-21 1.52319e-21 8.15903e-22 4.36965e-22 2.3398e-22 1.25267e-22 6.70534e-23 3.58868e-23 1.92034e-23 1.02743e-23 5.49619e-24 2.93971e-24 1.57211e-24 8.40618e-25 4.4942e-25 2.4024e-25 1.28404e-25 6.86205e-26 3.66667e-26 1.959e-26 1.0465e-26 5.58975e-27 2.98533e-27 1.59418e-27 8.51204e-28 4.54442e-28 2.4259e-28 1.29485e-28 6.91064e-29 3.68782e-29 1.96777e-29 1.04986e-29 5.60075e-30 2.98755e-30 1.59346e-30 8.49816e-31 4.53175e-31 2.41638e-31 1.28832e-31 6.86816e-32 3.66116e-32 1.95145e-32 1.04006e-32 5.54268e-33 2.95355e-33 1.57374e-33 8.38461e-34 4.46681e-34 2.37946e-34 1.26742e-34 6.75044e-35 3.59508e-35 1.91448e-35 1.01943e-35 5.42795e-36 2.88988e-36 1.53848e-36 8.18979e-37 4.35936e-37 2.32028e-37 1.23489e-37 6.57186e-38 3.49717e-38 1.86087e-38 9.90119e-39
7.74185e-11 3.90995e-12 2.11942e-12 1.14821e-12 6.21724e-13 3.36474e-13 1.8201e-13 9.84088e-14 5.31835e-14 2.87298e-14 1.55133e-14 8.37342e-15 4.51785e-15 2.43668e-15 1.31373e-15 7.08046e-16 3.81478e-16 2.05464e-16 1.10627e-16 5.95464e-17 3.20419e-17 1.72367e-17 9.26978e-18 4.98385e-18 2.67883e-18 1.4395e-18 7.73338e-19 4.15356e-19 2.23033e-19 1.19733e-19 6.42634e-20 3.44839e-20 1.85002e-20 9.92301e-21 5.32136e-21 2.85308e-21 1.5294e-21 8.19683e-22 4.39227e-22 2.35317e-22 1.26049e-22 6.75072e-23 3.61482e-23 1.93531e-23 1.03596e-23 5.54457e-24 2.96704e-24 1.58749e-24 8.49249e-25 4.54249e-25 2.42935e-25 1.29905e-25 6.94543e-26 3.71291e-26 1.98459e-26 1.06065e-26 5.66779e-27 3.02832e-27 1.61784e-27 8.64205e-28 4.61578e-28 2.46503e-28 1.31628e-28 7.02791e-29 3.75193e-29 2.00279e-29 1.06898e-29 5.70498e-30 3.04435e-30 1.62439e-30 8.66648e-31 4.62328e-31 2.46613e-31 1.31534e-31 7.01487e-32 3.74076e-32 1.99462e-32 1.06345e-32 5.66943e-33 3.02219e-33 1.61089e-33 8.58561e-34 4.57552e-34 2.43822e-34 1.29918e-34 6.92198e-35 3.6877e-35 1.96448e-35 1.04642e-35 5.5735e-36 2.96837e-36 1.58079e-36 8.41783e-37 4.48222e-37 2.38646e-37 1.27053e-37 6.76369e-38 3.60042e-38 1.91642e-38 1.02e-38 5.42851e-39
4.05526e-11 2.06929e-12 1.12236e-12 6.08411e-13 3.29629e-13 1.78495e-13 9.66076e-14 5.22622e-14 2.82594e-14 1.52737e-14 8.25166e-15 4.45614e-15 2.40549e-15 1.29802e-15 7.0016e-16 3.77536e-16 2.03502e-16 1.09656e-16 5.90684e-17 3.18084e-17 1.71236e-17 9.21551e-18 4.95814e-18 2.66684e-18 1.43403e-18 7.70909e-19 4.14321e-19 2.22619e-19 1.19587e-19 6.42243e-20 3.44839e-20 1.85113e-20 9.93482e-21 5.33078e-21 2.85977e-21 1.53385e-21 8.22525e-22 4.40992e-22 2.3639e-22 1.26691e-22 6.7887e-23 3.63704e-23 1.94821e-23 1.04339e-23 5.58714e-24 2.9913e-24 1.60125e-24 8.57024e-25 4.58627e-25 2.45392e-25 1.3128e-25 7.02219e-26 3.75565e-26 2.00834e-26 1.07382e-26 5.74073e-27 3.06864e-27 1.64009e-27 8.76467e-28 4.68326e-28 2.50212e-28 1.33665e-28 7.13959e-29 3.81311e-29 2.03627e-29 1.08729e-29 5.80503e-30 3.09897e-30 1.65418e-30 8.82884e-31 4.71172e-31 2.51426e-31 1.34152e-31 7.15719e-32 3.81808e-32 2.0366e-32 1.08624e-32 5.79301e-33 3.08919e-33 1.64719e-33 8.78224e-34 4.68197e-34 2.49583e-34 1.33034e-34 7.09046e-35 3.77877e-35 2.01368e-35 1.07299e-35 5.71697e-36 3.0458e-36 1.62257e-36 8.64317e-37 4.60372e-37 2.45196e-37 1.30582e-37 6.95383e-38 3.70282e-38 1.97156e-38 1.04968e-38 5.58824e-39 2.97483e-39
2.12418e-11 1.09503e-12 5.94295e-13 3.22347e-13 1.74744e-13 9.46783e-14 5.12714e-14 2.77515e-14 1.50139e-14 8.11897e-15 4.38853e-15 2.37112e-15 1.2806e-15 6.91353e-16 3.73098e-16 2.01274e-16 1.08542e-16 5.85138e-17 3.15337e-17 1.69884e-17 9.14945e-18 4.92612e-18 2.65148e-18 1.42675e-18 7.67515e-19 4.12771e-19 2.21931e-19 1.19293e-19 6.41071e-20 3.44423e-20 1.85002e-20 9.93482e-21 5.33393e-21 2.86312e-21 1.53653e-21 8.24423e-22 4.42255e-22 2.37197e-22 1.27193e-22 6.81918e-23 3.6553e-23 1.959e-23 1.04971e-23 5.62381e-24 3.01243e-24 1.61336e-24 8.63926e-25 4.62543e-25 2.47605e-25 1.32526e-25 7.09214e-26 3.79481e-26 2.03021e-26 1.086e-26 5.80843e-27 3.10619e-27 1.66089e-27 8.87964e-28 4.74673e-28 2.5371e-28 1.3559e-28 7.24546e-29 3.87125e-29 2.06816e-29 1.10476e-29 5.90068e-30 3.15128e-30 1.68277e-30 8.98492e-31 4.79687e-31 2.56068e-31 1.36681e-31 7.29487e-32 3.89298e-32 2.07733e-32 1.10837e-32 5.9132e-33 3.15442e-33 1.68258e-33 8.97415e-34 4.78598e-34 2.55217e-34 1.36085e-34 7.25559e-35 3.86811e-35 2.06199e-35 1.09911e-35 5.85811e-36 3.12205e-36 1.66375e-36 8.86543e-37 4.72367e-37 2.51666e-37 1.34072e-37 7.14197e-38 3.80423e-38 2.0262e-38 1.07912e-38 5.74675e-39 3.06017e-39 1.62944e-39
