0.12632 0.0329172 0.0165497 0.00918861 0.00514266 0.00284805 0.00155953 0.000846007 0.000455498 0.000243745 0.000129768 6.87904e-05 3.63307e-05 1.91257e-05 1.00398e-05 5.25701e-06 2.74644e-06 1.43192e-06 7.45185e-07 3.87152e-07 2.00831e-07 1.04032e-07 5.38189e-08 2.78085e-08 1.43525e-08 7.39943e-09 3.81028e-09 1.95875e-09 1.0031e-09 5.07509e-10 2.60561e-10
0.0329172 0.00913068 0.0042206 0.00187637 0.000845605 0.000389003 0.000182021 8.62586e-05 4.12637e-05 1.98799e-05 9.63017e-06 4.68513e-06 2.28721e-06 1.11973e-06 5.4945e-07 2.70139e-07 1.33034e-07 6.56067e-08 3.23937e-08 1.60115e-08 7.92138e-09 3.92214e-09 1.94337e-09 9.63527e-10 4.77983e-10 2.37222e-10 1.17759e-10 5.84286e-11 2.89063e-11 1.41357e-11 7.03239e-12
0.0165497 0.0042206 0.00149449 0.000605267 0.000261973 0.000117935 5.44377e-05 2.55531e-05 1.21369e-05 5.81454e-06 2.80386e-06 1.35893e-06 6.61286e-07 3.22847e-07 1.58041e-07 7.75376e-08 3.81132e-08 1.87644e-08 9.25116e-09 4.56643e-09 2.25638e-09 1.11595e-09 5.52372e-10 2.73608e-10 1.35613e-10 6.72505e-11 3.33598e-11 1.65429e-11 8.18379e-12 4.03533e-12 2.00631e-12
0.00918861 0.00187637 0.000605267 0.000235042 9.9547e-05 4.41975e-05 2.01943e-05 9.40294e-06 4.4364e-06 2.11343e-06 1.01419e-06 4.89461e-07 2.37294e-07 1.15465e-07 5.63547e-08 2.75746e-08 1.35212e-08 6.64223e-09 3.26809e-09 1.61015e-09 7.94246e-10 3.92192e-10 1.93841e-10 9.58841e-11 4.74639e-11 2.35096e-11 1.16496e-11 5.77223e-12 2.8582e-12 1.40854e-12 6.9966e-13
0.00514266 0.000845605 0.000261973 9.9547e-05 4.16042e-05 1.82929e-05 8.29323e-06 3.83638e-06 1.79996e-06 8.53328e-07 4.07757e-07 1.96052e-07 9.47291e-08 4.59559e-08 2.23687e-08 1.09181e-08 5.34168e-09 2.61867e-09 1.28599e-09 6.32483e-10 3.11482e-10 1.53576e-10 7.57983e-11 3.74449e-11 1.8513e-11 9.15939e-12 4.53404e-12 2.24504e-12 1.11074e-12 5.47042e-13 2.71489e-13
0.00284805 0.000389003 0.000117935 4.41975e-05 1.82929e-05 7.98177e-06 3.59554e-06 1.65422e-06 7.72477e-07 3.64708e-07 1.73639e-07 8.32159e-08 4.00918e-08 1.93987e-08 9.41973e-09 4.58778e-09 2.2401e-09 1.09617e-09 5.37403e-10 2.63896e-10 1.29774e-10 6.38984e-11 3.14977e-11 1.55417e-11 7.67544e-12 3.79354e-12 1.87613e-12 9.28143e-13 4.58839e-13 2.25846e-13 1.11994e-13
0.00155953 0.000182021 5.44377e-05 2.01943e-05 8.29323e-06 3.59554e-06 1.61095e-06 7.3772e-07 3.43102e-07 1.61412e-07 7.66062e-08 3.66095e-08 1.75929e-08 8.49284e-09 4.11534e-09 2.00049e-09 9.75066e-10 4.76361e-10 2.33187e-10 1.14348e-10 5.61589e-11 2.7618e-11 1.35984e-11 6.70261e-12 3.30684e-12 1.63285e-12 8.0683e-13 3.98822e-13 1.97019e-13 9.69217e-14 4.80267e-14
0.000846007 8.62586e-05 2.55531e-05 9.40294e-06 3.83638e-06 1.65422e-06 7.3772e-07 3.36475e-07 1.55939e-07 7.31332e-08 3.46128e-08 1.65e-08 7.91128e-09 3.81129e-09 1.84337e-09 8.94528e-10 4.35316e-10 2.12358e-10 1.03812e-10 5.0842e-11 2.49401e-11 1.22516e-11 6.02609e-12 2.96735e-12 1.46265e-12 7.21606e-13 3.56272e-13 1.75975e-13 8.68728e-14 4.27146e-14 2.11516e-14
0.000455498 4.12637e-05 1.21369e-05 4.4364e-06 1.79996e-06 7.72477e-07 3.43102e-07 1.55939e-07 7.20462e-08 3.36957e-08 1.59084e-08 7.56672e-09 3.62072e-09 1.74109e-09 8.40672e-10 4.07318e-10 1.97934e-10 9.64286e-11 4.7081e-11 2.30313e-11 1.12856e-11 5.53832e-12 2.72149e-12 1.33891e-12 6.5941e-13 3.25063e-13 1.6037e-13 7.91562e-14 3.90521e-14 1.91924e-14 9.49782e-15
0.000243745 1.98799e-05 5.81454e-06 2.11343e-06 8.53328e-07 3.64708e-07 1.61412e-07 7.31332e-08 3.36957e-08 1.57207e-08 7.40568e-09 3.51542e-09 1.67909e-09 8.06073e-10 3.8861e-10 1.88021e-10 9.12478e-11 4.43995e-11 2.16533e-11 1.05812e-11 5.17972e-12 2.53953e-12 1.24681e-12 6.1289e-13 3.0161e-13 1.48571e-13 7.3246e-14 3.61295e-14 1.78141e-14 8.75094e-15 4.32806e-15
0.000129768 9.63017e-06 2.80386e-06 1.01419e-06 4.07757e-07 1.73639e-07 7.66062e-08 3.46128e-08 1.59084e-08 7.40568e-09 3.4817e-09 1.64974e-09 7.86671e-10 3.7708e-10 1.81536e-10 8.77185e-11 4.2519e-11 2.06657e-11 1.00679e-11 4.91498e-12 2.40377e-12 1.1775e-12 5.77631e-13 2.83724e-13 1.39521e-13 6.86796e-14 3.3837e-14 1.66802e-14 8.21983e-15 4.03618e-15 1.99512e-15
6.87904e-05 4.68513e-06 1.35893e-06 4.89461e-07 1.96052e-07 8.32159e-08 3.66095e-08 1.65e-08 7.56672e-09 3.51542e-09 1.64974e-09 7.80413e-10 3.71572e-10 1.77859e-10 8.55158e-11 4.12718e-11 1.9983e-11 9.7023e-12 4.72215e-12 2.30316e-12 1.12544e-12 5.50853e-13 2.70018e-13 1.32533e-13 6.5128e-14 3.20385e-14 1.57749e-14 7.77186e-15 3.82788e-15 1.87885e-15 9.28246e-16
3.63307e-05 2.28721e-06 6.61286e-07 2.37294e-07 9.47291e-08 4.00918e-08 1.75929e-08 7.91128e-09 3.62072e-09 1.67909e-09 7.86671e-10 3.71572e-10 1.76667e-10 8.44561e-11 4.05585e-11 1.95527e-11 9.45723e-12 4.5873e-12 2.23063e-12 1.08703e-12 5.30745e-13 2.59579e-13 1.27149e-13 6.2366e-14 3.06275e-14 1.50573e-14 7.40953e-15 3.64846e-15 1.79609e-15 8.81245e-16 4.35164e-16
1.91257e-05 1.11973e-06 3.22847e-07 1.15465e-07 4.59559e-08 1.93987e-08 8.49284e-09 3.81129e-09 1.74109e-09 8.06073e-10 3.7708e-10 1.77859e-10 8.44561e-11 4.03263e-11 1.93446e-11 9.31612e-12 4.50165e-12 2.18158e-12 1.05992e-12 5.16103e-13 2.51799e-13 1.23063e-13 6.02388e-14 2.95278e-14 1.4492e-14 7.12055e-15 3.502e-15 1.72349e-15 8.48052e-16 4.15945e-16 2.053e-16
1.00398e-05 5.4945e-07 1.58041e-07 5.63547e-08 2.23687e-08 9.41973e-09 4.11534e-09 1.84337e-09 8.40672e-10 3.8861e-10 1.81536e-10 8.55158e-11 4.05585e-11 1.93446e-11 9.27003e-12 4.46004e-12 2.1532e-12 1.04259e-12 5.06136e-13 2.46266e-13 1.20064e-13 5.86399e-14 2.86856e-14 1.40525e-14 6.8929e-15 3.38491e-15 1.66388e-15 8.18468e-16 4.0255e-16 1.97372e-16 9.73739e-17
5.25701e-06 2.70139e-07 7.75376e-08 2.75746e-08 1.09181e-08 4.58778e-09 2.00049e-09 8.94528e-10 4.07318e-10 1.88021e-10 8.77185e-11 4.12718e-11 1.95527e-11 9.31612e-12 4.46004e-12 2.1439e-12 1.03414e-12 5.00341e-13 2.42713e-13 1.18011e-13 5.7496e-14 2.80635e-14 1.37198e-14 6.71722e-15 3.29305e-15 1.61628e-15 7.94101e-16 3.90437e-16 1.91948e-16 9.40821e-17 4.63959e-17
2.74644e-06 1.33034e-07 3.81132e-08 1.35212e-08 5.34168e-09 2.2401e-09 9.75066e-10 4.35316e-10 1.97934e-10 9.12478e-11 4.2519e-11 1.9983e-11 9.45723e-12 4.50165e-12 2.1532e-12 1.03414e-12 4.98439e-13 2.40975e-13 1.16813e-13 5.67581e-14 2.76355e-14 1.34806e-14 6.5867e-15 3.22308e-15 1.57926e-15 7.74739e-16 3.8046e-16 1.86978e-16 9.18852e-17 4.50229e-17 2.21937e-17
1.43192e-06 6.56067e-08 1.87644e-08 6.64223e-09 2.61867e-09 1.09617e-09 4.76361e-10 2.12358e-10 9.64286e-11 4.43995e-11 2.06657e-11 9.7023e-12 4.5873e-12 2.18158e-12 1.04259e-12 5.00341e-13 2.40975e-13 1.16419e-13 5.63963e-14 2.7385e-14 1.33257e-14 6.49656e-15 3.17253e-15 1.55161e-15 7.59888e-16 3.72603e-16 1.82896e-16 8.9846e-17 4.41352e-17 2.16194e-17 1.0653e-17
7.45185e-07 3.23937e-08 9.25116e-09 3.26809e-09 1.28599e-09 5.37403e-10 2.33187e-10 1.03812e-10 4.7081e-11 2.16533e-11 1.00679e-11 4.72215e-12 2.23063e-12 1.05992e-12 5.06136e-13 2.42713e-13 1.16813e-13 5.63963e-14 2.73025e-14 1.32496e-14 6.44366e-15 3.13971e-15 1.53245e-15 7.49114e-16 3.66699e-16 1.79726e-16 8.81819e-17 4.3301e-17 2.12629e-17 1.04125e-17 5.12886e-18
3.87152e-07 1.60115e-08 4.56643e-09 1.61015e-09 6.32483e-10 2.63896e-10 1.14348e-10 5.0842e-11 2.30313e-11 1.05812e-11 4.91498e-12 2.30316e-12 1.08703e-12 5.16103e-13 2.46266e-13 1.18011e-13 5.67581e-14 2.7385e-14 1.32496e-14 6.42622e-15 3.12355e-15 1.52118e-15 7.42099e-16 3.62593e-16 1.77413e-16 8.69155e-17 4.26273e-17 2.09236e-17 1.02708e-17 5.0283e-18 2.47588e-18
2.00831e-07 7.92138e-09 2.25638e-09 7.94246e-10 3.11482e-10 1.29774e-10 5.61589e-11 2.49401e-11 1.12856e-11 5.17972e-12 2.40377e-12 1.12544e-12 5.30745e-13 2.51799e-13 1.20064e-13 5.7496e-14 2.76355e-14 1.33257e-14 6.44366e-15 3.12355e-15 1.51746e-15 7.38641e-16 3.60173e-16 1.75902e-16 8.603e-17 4.21292e-17 2.06539e-17 1.01342e-17 4.97288e-18 2.43394e-18 1.19803e-18
1.04032e-07 3.92214e-09 1.11595e-09 3.92192e-10 1.53576e-10 6.38984e-11 2.7618e-11 1.22516e-11 5.53832e-12 2.53953e-12 1.1775e-12 5.50853e-13 2.59579e-13 1.23063e-13 5.86399e-14 2.80635e-14 1.34806e-14 6.49656e-15 3.13971e-15 1.52118e-15 7.38641e-16 3.59373e-16 1.75157e-16 8.55068e-17 4.18022e-17 2.04626e-17 1.0028e-17 4.91863e-18 2.4128e-18 1.18063e-18 5.80938e-19
5.38189e-08 1.94337e-09 5.52372e-10 1.93841e-10 7.57983e-11 3.14977e-11 1.35984e-11 6.02609e-12 2.72149e-12 1.24681e-12 5.77631e-13 2.70018e-13 1.27149e-13 6.02388e-14 2.86856e-14 1.37198e-14 6.5867e-15 3.17253e-15 1.53245e-15 7.42099e-16 3.60173e-16 1.75157e-16 8.53337e-17 4.16404e-17 2.03489e-17 9.95722e-18 4.87792e-18 2.39174e-18 1.17288e-18 5.73774e-19 2.8224e-19
2.78085e-08 9.63527e-10 2.73608e-10 9.58841e-11 3.74449e-11 1.55417e-11 6.70261e-12 2.96735e-12 1.33891e-12 6.1289e-13 2.83724e-13 1.32533e-13 6.2366e-14 2.95278e-14 1.40525e-14 6.71722e-15 3.22308e-15 1.55161e-15 7.49114e-16 3.62593e-16 1.75902e-16 8.55068e-17 4.16404e-17 2.03113e-17 9.922e-18 4.8533e-18 2.37674e-18 1.16497e-18 5.71117e-19 2.79325e-19 1.37358e-19
1.43525e-08 4.77983e-10 1.35613e-10 4.74639e-11 1.8513e-11 7.67544e-12 3.30684e-12 1.46265e-12 6.5941e-13 3.0161e-13 1.39521e-13 6.5128e-14 3.06275e-14 1.4492e-14 6.8929e-15 3.29305e-15 1.57926e-15 7.59888e-16 3.66699e-16 1.77413e-16 8.603e-17 4.18022e-17 2.03489e-17 9.922e-18 4.8451e-18 2.36913e-18 1.15981e-18 5.68307e-19 2.78525e-19 1.36192e-19 6.69527e-20
7.39943e-09 2.37222e-10 6.72505e-11 2.35096e-11 9.15939e-12 3.79354e-12 1.63285e-12 7.21606e-13 3.25063e-13 1.48571e-13 6.86796e-14 3.20385e-14 1.50573e-14 7.12055e-15 3.38491e-15 1.61628e-15 7.74739e-16 3.72603e-16 1.79726e-16 8.69155e-17 4.21292e-17 2.04626e-17 9.95722e-18 4.8533e-18 2.36913e-18 1.15805e-18 5.66743e-19 2.77619e-19 1.36021e-19 6.64967e-20 3.26808e-20
3.81028e-09 1.17759e-10 3.33598e-11 1.16496e-11 4.53404e-12 1.87613e-12 8.0683e-13 3.56272e-13 1.6037e-13 7.3246e-14 3.3837e-14 1.57749e-14 7.40953e-15 3.502e-15 1.66388e-15 7.94101e-16 3.8046e-16 1.82896e-16 8.81819e-17 4.26273e-17 2.06539e-17 1.0028e-17 4.87792e-18 2.37674e-18 1.15981e-18 5.66743e-19 2.77274e-19 1.35782e-19 6.65096e-20 3.25077e-20 1.5972e-20
1.95875e-09 5.84286e-11 1.65429e-11 5.77223e-12 2.24504e-12 9.28143e-13 3.98822e-13 1.75975e-13 7.91562e-14 3.61295e-14 1.66802e-14 7.77186e-15 3.64846e-15 1.72349e-15 8.18468e-16 3.90437e-16 1.86978e-16 8.9846e-17 4.3301e-17 2.09236e-17 1.01342e-17 4.91863e-18 2.39174e-18 1.16497e-18 5.68307e-19 2.77619e-19 1.35782e-19 6.64745e-20 3.25525e-20 1.59074e-20 7.81375e-21
1.0031e-09 2.89063e-11 8.18379e-12 2.8582e-12 1.11074e-12 4.58839e-13 1.97019e-13 8.68728e-14 3.90521e-14 1.78141e-14 8.21983e-15 3.82788e-15 1.79609e-15 8.48052e-16 4.0255e-16 1.91948e-16 9.18852e-17 4.41352e-17 2.12629e-17 1.02708e-17 4.97288e-18 2.4128e-18 1.17288e-18 5.71117e-19 2.78525e-19 1.36021e-19 6.65096e-20 3.25525e-20 1.59371e-20 7.78655e-21 3.82385e-21
5.07509e-10 1.41357e-11 4.03533e-12 1.40854e-12 5.47042e-13 2.25846e-13 9.69217e-14 4.27146e-14 1.91924e-14 8.75094e-15 4.03618e-15 1.87885e-15 8.81245e-16 4.15945e-16 1.97372e-16 9.40821e-17 4.50229e-17 2.16194e-17 1.04125e-17 5.0283e-18 2.43394e-18 1.18063e-18 5.73774e-19 2.79325e-19 1.36192e-19 6.64967e-20 3.25077e-20 1.59074e-20 7.78655e-21 3.80381e-21 1.86765e-21
2.60561e-10 7.03239e-12 2.00631e-12 6.9966e-13 2.71489e-13 1.11994e-13 4.80267e-14 2.11516e-14 9.49782e-15 4.32806e-15 1.99512e-15 9.28246e-16 4.35164e-16 2.053e-16 9.73739e-17 4.63959e-17 2.21937e-17 1.0653e-17 5.12886e-18 2.47588e-18 1.19803e-18 5.80938e-19 2.8224e-19 1.37358e-19 6.69527e-20 3.26808e-20 1.5972e-20 7.81375e-21 3.82385e-21 1.86765e-21 9.16778e-22
