0.904994 0.0109887 0.00806203 0.00596561 0.00445025 0.00334511 0.00253212 0.00192907 0.00147818 0.00113853 0.000880922 0.000684283 0.000533324 0.000416838 0.000326548 0.000256289 0.000201435 0.000158488 0.000124786 9.82884e-05 7.74244e-05 6.09759e-05 4.79949e-05 3.77403e-05 2.96306e-05 2.32073e-05 1.81078e-05 1.40438e-05 1.07847e-05 8.14473e-06 6.3787e-06
0.0109887 0.000358159 0.000264295 0.000196501 0.000147037 0.000110614 8.35741e-05 6.33597e-05 4.81592e-05 3.66747e-05 2.7965e-05 2.13408e-05 1.62921e-05 1.24385e-05 9.49447e-06 7.24406e-06 5.52353e-06 4.20814e-06 3.20263e-06 2.43413e-06 1.84681e-06 1.39785e-06 1.0544e-06 7.91263e-07 5.89075e-07 4.3298e-07 3.11578e-07 2.16142e-07 1.40028e-07 7.82483e-08 5.83605e-08
0.00806203 0.000264295 0.000194608 0.000144355 0.000107759 8.08716e-05 6.09585e-05 4.61091e-05 3.49711e-05 2.6577e-05 2.02265e-05 1.54077e-05 1.17429e-05 8.95138e-06 6.82261e-06 5.19812e-06 3.95796e-06 3.01101e-06 2.28785e-06 1.73549e-06 1.31341e-06 9.90595e-07 7.43283e-07 5.53259e-07 4.06561e-07 2.92494e-07 2.02887e-07 1.31544e-07 7.38452e-08 5.45674e-08 4.07169e-08
0.00596561 0.000196501 0.000144355 0.00010681 7.95256e-05 5.95253e-05 4.47512e-05 3.37638e-05 2.55455e-05 1.93687e-05 1.47083e-05 1.11811e-05 8.5052e-06 6.47147e-06 4.92381e-06 3.74498e-06 2.8465e-06 2.16135e-06 1.63862e-06 1.23952e-06 9.34484e-07 7.00898e-07 5.21482e-07 3.83017e-07 2.75397e-07 1.90926e-07 1.23787e-07 6.96787e-08 5.15601e-08 3.81031e-08 2.8445e-08
0.00445025 0.000147037 0.000107759 7.95256e-05 5.90488e-05 4.40749e-05 3.30432e-05 2.48623e-05 1.87609e-05 1.41886e-05 1.07487e-05 8.1524e-06 6.18786e-06 4.69844e-06 3.56752e-06 2.70781e-06 2.05365e-06 1.55545e-06 1.17562e-06 8.85647e-07 6.63799e-07 4.93525e-07 3.62202e-07 2.60207e-07 1.80234e-07 1.16792e-07 6.5845e-08 4.87112e-08 3.60505e-08 2.66438e-08 1.99001e-08
0.00334511 0.000110614 8.08716e-05 5.95253e-05 4.40749e-05 3.28036e-05 2.4522e-05 1.83981e-05 1.38444e-05 1.04422e-05 7.8902e-06 5.96956e-06 4.52023e-06 3.42419e-06 2.59386e-06 1.96391e-06 1.48532e-06 1.12121e-06 8.43708e-07 6.31707e-07 4.69185e-07 3.43974e-07 2.46831e-07 1.70767e-07 1.10555e-07 6.23822e-08 4.60919e-08 3.41038e-08 2.52439e-08 1.86589e-08 1.39432e-08
0.00253212 8.35741e-05 6.09585e-05 4.47512e-05 3.30432e-05 2.4522e-05 1.82774e-05 1.3673e-05 1.02593e-05 7.71654e-06 5.81484e-06 4.38778e-06 3.31385e-06 2.50375e-06 1.89142e-06 1.4277e-06 1.07587e-06 8.08347e-07 6.04377e-07 4.4828e-07 3.28202e-07 2.3518e-07 1.6247e-07 1.05052e-07 5.92988e-08 4.37312e-08 3.23157e-08 2.39148e-08 1.77051e-08 1.3088e-08 9.78521e-09
0.00192907 6.33597e-05 4.61091e-05 3.37638e-05 2.48623e-05 1.83981e-05 1.3673e-05 1.01985e-05 7.63005e-06 5.7225e-06 4.30005e-06 3.23566e-06 2.43678e-06 1.83562e-06 1.38214e-06 1.03924e-06 7.79288e-07 5.816e-07 4.30651e-07 3.14768e-07 2.25171e-07 1.55287e-07 1.00254e-07 5.6589e-08 4.16365e-08 3.07082e-08 2.26954e-08 1.67985e-08 1.24388e-08 9.19615e-09 6.87903e-09
0.00147818 4.81592e-05 3.49711e-05 2.55455e-05 1.87609e-05 1.38444e-05 1.02593e-05 7.63005e-06 5.69179e-06 4.25636e-06 3.18898e-06 2.39243e-06 1.79607e-06 1.34827e-06 1.01104e-06 7.56308e-07 5.632e-07 4.16164e-07 3.03571e-07 2.1673e-07 1.49169e-07 9.61317e-08 5.42407e-08 3.98048e-08 2.92875e-08 2.16023e-08 1.59679e-08 1.18212e-08 8.75497e-09 6.4734e-09 4.84484e-09
0.00113853 3.66747e-05 2.6577e-05 1.93687e-05 1.41886e-05 1.04422e-05 7.71654e-06 5.7225e-06 4.25636e-06 3.17346e-06 2.37033e-06 1.77246e-06 1.32584e-06 9.91058e-07 7.39227e-07 5.49035e-07 4.04706e-07 2.94526e-07 2.09793e-07 1.44069e-07 9.26545e-08 5.22398e-08 3.82283e-08 2.80524e-08 2.06408e-08 1.5226e-08 1.12564e-08 8.33482e-09 6.17407e-09 4.56566e-09 3.41882e-09
0.000880922 2.7965e-05 2.02265e-05 1.47083e-05 1.07487e-05 7.8902e-06 5.81484e-06 4.30005e-06 3.18898e-06 2.37033e-06 1.76461e-06 1.31466e-06 9.79129e-07 7.27912e-07 5.38994e-07 3.96189e-07 2.87562e-07 2.04306e-07 1.39949e-07 8.97971e-08 5.05724e-08 3.6898e-08 2.69979e-08 1.98104e-08 1.45767e-08 1.07538e-08 7.95139e-09 5.88877e-09 4.36299e-09 3.22679e-09 2.41751e-09
0.000684283 2.13408e-05 1.54077e-05 1.11811e-05 8.1524e-06 5.96956e-06 4.38778e-06 3.23566e-06 2.39243e-06 1.77246e-06 1.31466e-06 9.75162e-07 7.22277e-07 5.33001e-07 3.90547e-07 2.82626e-07 2.00228e-07 1.36777e-07 8.75376e-08 4.92259e-08 3.58046e-08 2.61181e-08 1.91081e-08 1.40204e-08 1.03168e-08 7.61179e-09 5.62908e-09 4.16969e-09 3.08992e-09 2.28554e-09 1.71318e-09
0.000533324 1.62921e-05 1.17429e-05 8.5052e-06 6.18786e-06 4.52023e-06 3.31385e-06 2.43678e-06 1.79607e-06 1.32584e-06 9.79129e-07 7.22277e-07 5.31008e-07 3.87738e-07 2.7968e-07 1.97527e-07 1.34529e-07 8.58584e-08 4.81898e-08 3.49401e-08 2.54073e-08 1.85302e-08 1.35553e-08 9.94571e-09 7.31868e-09 5.40033e-09 3.99429e-09 2.95929e-09 2.19338e-09 1.62259e-09 1.21685e-09
0.000416838 1.24385e-05 8.95138e-06 6.47147e-06 4.69844e-06 3.42419e-06 2.50375e-06 1.83562e-06 1.34827e-06 9.91058e-07 7.27912e-07 5.33001e-07 3.87738e-07 2.787e-07 1.96182e-07 1.33187e-07 8.47462e-08 4.74557e-08 3.42978e-08 2.48601e-08 1.8073e-08 1.31789e-08 9.63967e-09 7.07255e-09 5.20463e-09 3.84079e-09 2.84122e-09 2.10539e-09 1.56077e-09 1.15475e-09 8.66398e-10
0.000326548 9.49447e-06 6.82261e-06 4.92381e-06 3.56752e-06 2.59386e-06 1.89142e-06 1.38214e-06 1.01104e-06 7.39227e-07 5.38994e-07 3.90547e-07 2.7968e-07 1.96182e-07 1.32741e-07 8.41924e-08 4.70177e-08 3.38725e-08 2.44723e-08 1.77332e-08 1.28889e-08 9.39717e-09 6.8729e-09 5.04246e-09 3.71084e-09 2.73871e-09 2.02625e-09 1.50175e-09 1.11347e-09 8.23901e-10 6.18439e-10
0.000256289 7.24406e-06 5.19812e-06 3.74498e-06 2.70781e-06 1.96391e-06 1.4277e-06 1.03924e-06 7.56308e-07 5.49035e-07 3.96189e-07 2.82626e-07 1.97527e-07 1.33187e-07 8.41924e-08 4.68721e-08 3.36607e-08 2.42409e-08 1.75081e-08 1.26834e-08 9.21675e-09 6.71885e-09 4.91362e-09 3.60491e-09 2.65302e-09 1.95818e-09 1.44897e-09 1.07407e-09 7.96495e-10 5.89423e-10 4.42614e-10
0.000201435 5.52353e-06 3.95796e-06 2.8465e-06 2.05365e-06 1.48532e-06 1.07587e-06 7.79288e-07 5.632e-07 4.04706e-07 2.87562e-07 2.00228e-07 1.34529e-07 8.47462e-08 4.70177e-08 3.36607e-08 2.41639e-08 1.73959e-08 1.25607e-08 9.09721e-09 6.60953e-09 4.8176e-09 3.52294e-09 2.58458e-09 1.90218e-09 1.4041e-09 1.0391e-09 7.70365e-10 5.71359e-10 4.22857e-10 3.17651e-10
0.000158488 4.20814e-06 3.01101e-06 2.16135e-06 1.55545e-06 1.12121e-06 8.08347e-07 5.816e-07 4.16164e-07 2.94526e-07 2.04306e-07 1.36777e-07 8.58584e-08 4.74557e-08 3.38725e-08 2.42409e-08 1.73959e-08 1.25199e-08 9.03765e-09 6.54425e-09 4.75392e-09 3.46468e-09 2.53343e-09 1.8586e-09 1.36792e-09 1.00981e-09 7.47384e-10 5.54163e-10 4.11059e-10 3.04245e-10 2.28623e-10
0.000124786 3.20263e-06 2.28785e-06 1.63862e-06 1.17562e-06 8.43708e-07 6.04377e-07 4.30651e-07 3.03571e-07 2.09793e-07 1.39949e-07 8.75376e-08 4.81898e-08 3.42978e-08 2.44723e-08 1.75081e-08 1.25607e-08 9.03765e-09 6.52254e-09 4.72218e-09 3.42984e-09 2.49944e-09 1.82752e-09 1.34071e-09 9.86772e-10 7.28487e-10 5.39219e-10 3.99857e-10 2.9663e-10 2.19565e-10 1.65034e-10
9.82884e-05 2.43413e-06 1.73549e-06 1.23952e-06 8.85647e-07 6.31707e-07 4.4828e-07 3.14768e-07 2.1673e-07 1.44069e-07 8.97971e-08 4.92259e-08 3.49401e-08 2.48601e-08 1.77332e-08 1.26834e-08 9.09721e-09 6.54425e-09 4.72218e-09 3.41826e-09 2.48248e-09 1.80891e-09 1.32257e-09 9.70243e-10 7.14118e-10 5.27222e-10 3.90271e-10 2.89427e-10 2.14725e-10 1.58946e-10 1.19496e-10
7.74244e-05 1.84681e-06 1.31341e-06 9.34484e-07 6.63799e-07 4.69185e-07 3.28202e-07 2.25171e-07 1.49169e-07 9.26545e-08 5.05724e-08 3.58046e-08 2.54073e-08 1.8073e-08 1.28889e-08 9.21675e-09 6.60953e-09 4.75392e-09 3.42984e-09 2.48248e-09 1.80272e-09 1.3135e-09 9.6031e-10 7.04477e-10 5.18512e-10 3.82819e-10 2.8339e-10 2.10175e-10 1.55936e-10 1.15431e-10 8.67947e-11
6.09759e-05 1.39785e-06 9.90595e-07 7.00898e-07 4.93525e-07 3.43974e-07 2.3518e-07 1.55287e-07 9.61317e-08 5.22398e-08 3.6898e-08 2.61181e-08 1.85302e-08 1.31789e-08 9.39717e-09 6.71885e-09 4.8176e-09 3.46468e-09 2.49944e-09 1.80891e-09 1.3135e-09 9.56997e-10 6.99644e-10 5.13244e-10 3.77758e-10 2.78902e-10 2.06466e-10 1.53128e-10 1.13613e-10 8.41021e-11 6.32432e-11
4.79949e-05 1.0544e-06 7.43283e-07 5.21482e-07 3.62202e-07 2.46831e-07 1.6247e-07 1.00254e-07 5.42407e-08 3.82283e-08 2.69979e-08 1.91081e-08 1.35553e-08 9.63967e-09 6.8729e-09 4.91362e-09 3.52294e-09 2.53343e-09 1.82752e-09 1.32257e-09 9.6031e-10 6.99644e-10 5.11482e-10 3.75204e-10 2.76153e-10 2.03883e-10 1.5093e-10 1.11938e-10 8.30509e-11 6.14772e-11 4.62305e-11
3.77403e-05 7.91263e-07 5.53259e-07 3.83017e-07 2.60207e-07 1.70767e-07 1.05052e-07 5.6589e-08 3.98048e-08 2.80524e-08 1.98104e-08 1.40204e-08 9.94571e-09 7.07255e-09 5.04246e-09 3.60491e-09 2.58458e-09 1.8586e-09 1.34071e-09 9.70243e-10 7.04477e-10 5.13244e-10 3.75204e-10 2.75228e-10 2.02564e-10 1.49548e-10 1.10702e-10 8.20993e-11 6.091e-11 4.50857e-11 3.39025e-11
2.96306e-05 5.89075e-07 4.06561e-07 2.75397e-07 1.80234e-07 1.10555e-07 5.92988e-08 4.16365e-08 2.92875e-08 2.06408e-08 1.45767e-08 1.03168e-08 7.31868e-09 5.20463e-09 3.71084e-09 2.65302e-09 1.90218e-09 1.36792e-09 9.86772e-10 7.14118e-10 5.18512e-10 3.77758e-10 2.76153e-10 2.02564e-10 1.49078e-10 1.10054e-10 8.14617e-11 6.04096e-11 4.48149e-11 3.31698e-11 2.49394e-11
2.32073e-05 4.3298e-07 2.92494e-07 1.90926e-07 1.16792e-07 6.23822e-08 4.37312e-08 3.07082e-08 2.16023e-08 1.5226e-08 1.07538e-08 7.61179e-09 5.40033e-09 3.84079e-09 2.73871e-09 1.95818e-09 1.4041e-09 1.00981e-09 7.28487e-10 5.27222e-10 3.82819e-10 2.78902e-10 2.03883e-10 1.49548e-10 1.10054e-10 8.12394e-11 6.01278e-11 4.45844e-11 3.30715e-11 2.44758e-11 1.83993e-11
1.81078e-05 3.11578e-07 2.02887e-07 1.23787e-07 6.5845e-08 4.60919e-08 3.23157e-08 2.26954e-08 1.59679e-08 1.12564e-08 7.95139e-09 5.62908e-09 3.99429e-09 2.84122e-09 2.02625e-09 1.44897e-09 1.0391e-09 7.47384e-10 5.39219e-10 3.90271e-10 2.8339e-10 2.06466e-10 1.5093e-10 1.10702e-10 8.14617e-11 6.01278e-11 4.44975e-11 3.29904e-11 2.44683e-11 1.81067e-11 1.36084e-11
1.40438e-05 2.16142e-07 1.31544e-07 6.96787e-08 4.87112e-08 3.41038e-08 2.39148e-08 1.67985e-08 1.18212e-08 8.33482e-09 5.88877e-09 4.16969e-09 2.95929e-09 2.10539e-09 1.50175e-09 1.07407e-09 7.70365e-10 5.54163e-10 3.99857e-10 2.89427e-10 2.10175e-10 1.53128e-10 1.11938e-10 8.20993e-11 6.04096e-11 4.45844e-11 3.29904e-11 2.44556e-11 1.81356e-11 1.34188e-11 1.00825e-11
1.07847e-05 1.40028e-07 7.38452e-08 5.15601e-08 3.60505e-08 2.52439e-08 1.77051e-08 1.24388e-08 8.75497e-09 6.17407e-09 4.36299e-09 3.08992e-09 2.19338e-09 1.56077e-09 1.11347e-09 7.96495e-10 5.71359e-10 4.11059e-10 2.9663e-10 2.14725e-10 1.55936e-10 1.13613e-10 8.30509e-11 6.091e-11 4.48149e-11 3.30715e-11 2.44683e-11 1.81356e-11 1.34469e-11 9.94839e-12 7.47297e-12
8.14473e-06 7.82483e-08 5.45674e-08 3.81031e-08 2.66438e-08 1.86589e-08 1.3088e-08 9.19615e-09 6.4734e-09 4.56566e-09 3.22679e-09 2.28554e-09 1.62259e-09 1.15475e-09 8.23901e-10 5.89423e-10 4.22857e-10 3.04245e-10 2.19565e-10 1.58946e-10 1.15431e-10 8.41021e-11 6.14772e-11 4.50857e-11 3.31698e-11 2.44758e-11 1.81067e-11 1.34188e-11 9.94839e-12 7.35934e-12 5.527e-12
6.3787e-06 5.83605e-08 4.07169e-08 2.8445e-08 1.99001e-08 1.39432e-08 9.78521e-09 6.87903e-09 4.84484e-09 3.41882e-09 2.41751e-09 1.71318e-09 1.21685e-09 8.66398e-10 6.18439e-10 4.42614e-10 3.17651e-10 2.28623e-10 1.65034e-10 1.19496e-10 8.67947e-11 6.32432e-11 4.62305e-11 3.39025e-11 2.49394e-11 1.83993e-11 1.36084e-11 1.00825e-11 7.47297e-12 5.527e-12 4.14873e-12
