0.99152 0.00210585 0.00105367 0.000528328 0.000265467 0.000133665 6.74393e-05 3.40942e-05 1.72706e-05 8.76542e-06 4.45718e-06 2.27064e-06 1.15881e-06 5.92423e-07 3.03375e-07 1.55607e-07 7.99383e-08 4.11269e-08 2.11892e-08 1.09318e-08 5.64705e-09 2.92065e-09 1.51228e-09 7.83881e-10 4.06721e-10 2.11217e-10 1.09767e-10 5.70571e-11 2.9614e-11 1.52478e-11 7.94333e-12
0.00210585 8.18864e-06 4.1045e-06 2.06221e-06 1.03848e-06 5.24105e-07 2.65066e-07 1.34326e-07 6.82004e-08 3.46881e-08 1.76721e-08 9.01691e-09 4.60714e-09 2.35698e-09 1.2072e-09 6.18936e-10 3.17621e-10 1.63126e-10 8.3838e-11 4.31142e-11 2.2183e-11 1.14183e-11 5.87924e-12 3.02765e-12 1.55877e-12 8.01263e-13 4.09303e-13 2.04152e-13 9.25023e-14 2.403e-14 1.21449e-14
0.00105367 4.1045e-06 2.05723e-06 1.03353e-06 5.20413e-07 2.62618e-07 1.32804e-07 6.72914e-08 3.41606e-08 1.73722e-08 8.84907e-09 4.51436e-09 2.30621e-09 1.17964e-09 6.04087e-10 3.09666e-10 1.58886e-10 8.15878e-11 4.19247e-11 2.15564e-11 1.10893e-11 5.70693e-12 2.93765e-12 1.51187e-12 7.76904e-13 3.96725e-13 1.97774e-13 8.94963e-14 2.30861e-14 1.16099e-14 5.87013e-15
0.000528328 2.06221e-06 1.03353e-06 5.19182e-07 2.61393e-07 1.3189e-07 6.66855e-08 3.37838e-08 1.71473e-08 8.71853e-09 4.44015e-09 2.26468e-09 1.15669e-09 5.91524e-10 3.02848e-10 1.55211e-10 7.96191e-11 4.08754e-11 2.09996e-11 1.07949e-11 5.55188e-12 2.85623e-12 1.46925e-12 7.54665e-13 3.85192e-13 1.91897e-13 8.66975e-14 2.21611e-14 1.11578e-14 5.61264e-15 2.83902e-15
0.000265467 1.03848e-06 5.20413e-07 2.61393e-07 1.31585e-07 6.63826e-08 3.35578e-08 1.69974e-08 8.6253e-09 4.38449e-09 2.23237e-09 1.13832e-09 5.81246e-10 2.97167e-10 1.52102e-10 7.79319e-11 3.99661e-11 2.05124e-11 1.05353e-11 5.41409e-12 2.7834e-12 1.43089e-12 7.34547e-13 3.74708e-13 1.86529e-13 8.41267e-14 2.1298e-14 1.07151e-14 5.39645e-15 2.71524e-15 1.37402e-15
0.000133665 5.24105e-07 2.62618e-07 1.3189e-07 6.63826e-08 3.34824e-08 1.69224e-08 8.56936e-09 4.34739e-09 2.2093e-09 1.12455e-09 5.73253e-10 2.92623e-10 1.49559e-10 7.65261e-11 3.91967e-11 2.00949e-11 1.03102e-11 5.29353e-12 2.71914e-12 1.3968e-12 7.1655e-13 3.65274e-13 1.81672e-13 8.17887e-14 2.05073e-14 1.03033e-14 5.18497e-15 2.61206e-15 1.3146e-15 6.65523e-16
6.74393e-05 2.65066e-07 1.32804e-07 6.66855e-08 3.35578e-08 1.69224e-08 8.55072e-09 4.32884e-09 2.19546e-09 1.11537e-09 5.67543e-10 2.89214e-10 1.47581e-10 7.54015e-11 3.85674e-11 1.9747e-11 1.01199e-11 5.19021e-12 2.66346e-12 1.36698e-12 7.00673e-13 3.5689e-13 1.77327e-13 7.96846e-14 1.97914e-14 9.92764e-15 4.98891e-15 2.51123e-15 1.26546e-15 6.37044e-16 3.22644e-16
3.40942e-05 1.34326e-07 6.72914e-08 3.37838e-08 1.69974e-08 8.56936e-09 4.32884e-09 2.19085e-09 1.11078e-09 5.64118e-10 2.86942e-10 1.46168e-10 7.45581e-11 3.80779e-11 1.94687e-11 9.96412e-12 5.10412e-12 2.61635e-12 1.34142e-12 6.86915e-13 3.49555e-13 1.73494e-13 7.78145e-14 1.91508e-14 9.58923e-15 4.81085e-15 2.41809e-15 1.21749e-15 6.13691e-16 3.09016e-16 1.56574e-16
1.72706e-05 6.82004e-08 3.41606e-08 1.71473e-08 8.6253e-09 4.34739e-09 2.19546e-09 1.11078e-09 5.62976e-10 2.85807e-10 1.45321e-10 7.39959e-11 3.77283e-11 1.926e-11 9.84299e-12 5.03525e-12 2.57781e-12 1.32013e-12 6.75275e-13 3.43268e-13 1.70173e-13 7.61784e-14 1.85856e-14 9.2884e-15 4.65138e-15 2.33393e-15 1.17335e-15 5.90922e-16 2.97946e-16 1.50065e-16 7.60671e-17
8.76542e-06 3.46881e-08 1.73722e-08 8.71853e-09 4.38449e-09 2.2093e-09 1.11537e-09 5.64118e-10 2.85807e-10 1.45038e-10 7.37148e-11 3.75185e-11 1.91209e-11 9.75648e-12 4.98361e-12 2.54784e-12 1.30309e-12 6.65752e-13 3.3803e-13 1.67363e-13 7.47762e-14 1.80958e-14 9.0252e-15 4.51066e-15 2.25904e-15 1.13369e-15 5.70067e-16 2.87167e-16 1.44832e-16 7.29643e-17 3.70004e-17
4.45718e-06 1.76721e-08 8.84907e-09 4.44015e-09 2.23237e-09 1.12455e-09 5.67543e-10 2.86942e-10 1.45321e-10 7.37148e-11 3.74486e-11 1.90513e-11 9.70457e-12 4.94918e-12 2.52643e-12 1.29031e-12 6.58346e-13 3.3384e-13 1.65064e-13 7.36078e-14 1.76814e-14 8.79962e-15 4.38872e-15 2.19351e-15 1.09867e-15 5.51445e-16 2.77343e-16 1.39744e-16 7.04981e-17 3.55245e-17 1.80217e-17
2.27064e-06 9.01691e-09 4.51436e-09 2.26468e-09 1.13832e-09 5.73253e-10 2.89214e-10 1.46168e-10 7.39959e-11 3.75185e-11 1.90513e-11 9.68727e-12 4.93196e-12 2.51359e-12 1.2818e-12 6.53056e-13 3.30697e-13 1.63276e-13 7.26732e-14 1.73425e-14 8.61166e-15 4.28554e-15 2.13735e-15 1.06831e-15 5.35133e-16 2.68633e-16 1.35132e-16 6.81043e-17 3.43662e-17 1.73214e-17 8.79056e-18
1.15881e-06 4.60714e-09 2.30621e-09 1.15669e-09 5.81246e-10 2.92623e-10 1.47581e-10 7.45581e-11 3.77283e-11 1.91209e-11 9.70457e-12 4.93196e-12 2.50931e-12 1.27754e-12 6.49882e-13 3.28602e-13 1.61999e-13 7.19723e-14 1.70788e-14 8.46131e-15 4.20114e-15 2.09055e-15 1.04262e-15 5.21149e-16 2.61076e-16 1.31076e-16 6.5948e-17 3.32441e-17 1.67795e-17 8.45912e-18 4.29454e-18
5.92423e-07 2.35698e-09 1.17964e-09 5.91524e-10 2.97167e-10 1.49559e-10 7.54015e-11 3.80779e-11 1.926e-11 9.75648e-12 4.94918e-12 2.51359e-12 1.27754e-12 6.48824e-13 3.27555e-13 1.61233e-13 7.1505e-14 1.68905e-14 8.34856e-15 4.13549e-15 2.05311e-15 1.0216e-15 5.09495e-16 2.5468e-16 1.27595e-16 6.40691e-17 3.22404e-17 1.62556e-17 8.20672e-18 4.13814e-18 2.10157e-18
3.03375e-07 1.2072e-09 6.04087e-10 3.02848e-10 1.52102e-10 7.65261e-11 3.85674e-11 1.94687e-11 9.84299e-12 4.98361e-12 2.52643e-12 1.2818e-12 6.49882e-13 3.27555e-13 1.60977e-13 7.12714e-14 1.67775e-14 8.27339e-15 4.08861e-15 2.02503e-15 1.00525e-15 5.00173e-16 2.49446e-16 1.24694e-16 6.2477e-17 3.13751e-17 1.57909e-17 7.96331e-18 4.02117e-18 2.02801e-18 1.03026e-18
1.55607e-07 6.18936e-10 3.09666e-10 1.55211e-10 7.79319e-11 3.91967e-11 1.9747e-11 9.96412e-12 5.03525e-12 2.54784e-12 1.29031e-12 6.53056e-13 3.28602e-13 1.61233e-13 7.12714e-14 1.67399e-14 8.23581e-15 4.06048e-15 2.00632e-15 9.93578e-16 4.93182e-16 2.45376e-16 1.22373e-16 6.1174e-17 3.06529e-17 1.53952e-17 7.7494e-18 3.90869e-18 1.97413e-18 9.95792e-19 5.06022e-19
7.99383e-08 3.17621e-10 1.58886e-10 7.96191e-11 3.99661e-11 2.00949e-11 1.01199e-11 5.10412e-12 2.57781e-12 1.30309e-12 6.58346e-13 3.30697e-13 1.61999e-13 7.1505e-14 1.67775e-14 8.23581e-15 4.0511e-15 1.99696e-15 9.86574e-16 4.88522e-16 2.42469e-16 1.20632e-16 6.01605e-17 3.0075e-17 1.50709e-17 7.56993e-18 3.81093e-18 1.92248e-18 9.7114e-19 4.89938e-19 2.49031e-19
4.11269e-08 1.63126e-10 8.15878e-11 4.08754e-11 2.05124e-11 1.03102e-11 5.19021e-12 2.61635e-12 1.32013e-12 6.65752e-13 3.3384e-13 1.63276e-13 7.19723e-14 1.68905e-14 8.27339e-15 4.06048e-15 1.99696e-15 9.84239e-16 4.86192e-16 2.40725e-16 1.19471e-16 5.94366e-17 2.96415e-17 1.48185e-17 7.42609e-18 3.73036e-18 1.87818e-18 9.47604e-19 4.78753e-19 2.41562e-19 1.2281e-19
2.11892e-08 8.3838e-11 4.19247e-11 2.09996e-11 1.05353e-11 5.29353e-12 2.66346e-12 1.34142e-12 6.75275e-13 3.3803e-13 1.65064e-13 7.26732e-14 1.70788e-14 8.34856e-15 4.08861e-15 2.00632e-15 9.86574e-16 4.86192e-16 2.40143e-16 1.18891e-16 5.90023e-17 2.93525e-17 1.46383e-17 7.31816e-18 3.66756e-18 1.84245e-18 9.27733e-19 4.68124e-19 2.36537e-19 1.19361e-19 6.06941e-20
1.09318e-08 4.31142e-11 2.15564e-11 1.07949e-11 5.41409e-12 2.71914e-12 1.36698e-12 6.86915e-13 3.43268e-13 1.67363e-13 7.36078e-14 1.73425e-14 8.46131e-15 4.13549e-15 2.02503e-15 9.93578e-16 4.88522e-16 2.40725e-16 1.18891e-16 5.88575e-17 2.9208e-17 1.45301e-17 7.2462e-18 3.62268e-18 1.8156e-18 9.12141e-19 4.59324e-19 2.31789e-19 1.17131e-19 5.91116e-20 3.0062e-20
5.64705e-09 2.2183e-11 1.10893e-11 5.55188e-12 2.7834e-12 1.3968e-12 7.00673e-13 3.49555e-13 1.70173e-13 7.47762e-14 1.76814e-14 8.61166e-15 4.20114e-15 2.05311e-15 1.00525e-15 4.93182e-16 2.42469e-16 1.19471e-16 5.90023e-17 2.9208e-17 1.4494e-17 7.21022e-18 3.59575e-18 1.79768e-18 9.00975e-19 4.52659e-19 2.27955e-19 1.1504e-19 5.81376e-20 2.93415e-20 1.49235e-20
2.92065e-09 1.14183e-11 5.70693e-12 2.85623e-12 1.43089e-12 7.1655e-13 3.5689e-13 1.73494e-13 7.61784e-14 1.80958e-14 8.79962e-15 4.28554e-15 2.09055e-15 1.0216e-15 5.00173e-16 2.45376e-16 1.20632e-16 5.94366e-17 2.93525e-17 1.45301e-17 7.21022e-18 3.58677e-18 1.78872e-18 8.9427e-19 4.48202e-19 2.25186e-19 1.13404e-19 5.72328e-20 2.89246e-20 1.45985e-20 7.42535e-21
1.51228e-09 5.87924e-12 2.93765e-12 1.46925e-12 7.34547e-13 3.65274e-13 1.77327e-13 7.78145e-14 1.85856e-14 9.0252e-15 4.38872e-15 2.13735e-15 1.04262e-15 5.09495e-16 2.49446e-16 1.22373e-16 6.01605e-17 2.96415e-17 1.46383e-17 7.2462e-18 3.59575e-18 1.78872e-18 8.92035e-19 4.45972e-19 2.23519e-19 1.123e-19 5.65552e-20 2.85423e-20 1.44249e-20 7.2804e-21 3.70312e-21
7.83881e-10 3.02765e-12 1.51187e-12 7.54665e-13 3.74708e-13 1.81672e-13 7.96846e-14 1.91508e-14 9.2884e-15 4.51066e-15 2.19351e-15 1.06831e-15 5.21149e-16 2.5468e-16 1.24694e-16 6.1174e-17 3.0075e-17 1.48185e-17 7.31816e-18 3.62268e-18 1.79768e-18 8.9427e-19 4.45972e-19 2.22962e-19 1.11746e-19 5.61429e-20 2.82733e-20 1.42687e-20 7.21103e-21 3.63939e-21 1.85108e-21
4.06721e-10 1.55877e-12 7.76904e-13 3.85192e-13 1.86529e-13 8.17887e-14 1.97914e-14 9.58923e-15 4.65138e-15 2.25904e-15 1.09867e-15 5.35133e-16 2.61076e-16 1.27595e-16 6.2477e-17 3.06529e-17 1.50709e-17 7.42609e-18 3.66756e-18 1.8156e-18 9.00975e-19 4.48202e-19 2.23519e-19 1.11746e-19 5.60049e-20 2.81367e-20 1.4169e-20 7.15027e-21 3.61336e-21 1.82357e-21 9.27434e-22
2.11217e-10 8.01263e-13 3.96725e-13 1.91897e-13 8.41267e-14 2.05073e-14 9.92764e-15 4.81085e-15 2.33393e-15 1.13369e-15 5.51445e-16 2.68633e-16 1.31076e-16 6.40691e-17 3.13751e-17 1.53952e-17 7.56993e-18 3.73036e-18 1.84245e-18 9.12141e-19 4.52659e-19 2.25186e-19 1.123e-19 5.61429e-20 2.81367e-20 1.41351e-20 7.11765e-21 3.5916e-21 1.81485e-21 9.15834e-22 4.65719e-22
1.09767e-10 4.09303e-13 1.97774e-13 8.66975e-14 2.1298e-14 1.03033e-14 4.98891e-15 2.41809e-15 1.17335e-15 5.70067e-16 2.77343e-16 1.35132e-16 6.5948e-17 3.22404e-17 1.57909e-17 7.7494e-18 3.81093e-18 1.87818e-18 9.27733e-19 4.59324e-19 2.27955e-19 1.13404e-19 5.65552e-20 2.82733e-20 1.4169e-20 7.11765e-21 3.58374e-21 1.80819e-21 9.1358e-22 4.60977e-22 2.34377e-22
5.70571e-11 2.04152e-13 8.94963e-14 2.21611e-14 1.07151e-14 5.18497e-15 2.51123e-15 1.21749e-15 5.90922e-16 2.87167e-16 1.39744e-16 6.81043e-17 3.32441e-17 1.62556e-17 7.96331e-18 3.90869e-18 1.92248e-18 9.47604e-19 4.68124e-19 2.31789e-19 1.1504e-19 5.72328e-20 2.85423e-20 1.42687e-20 7.15027e-21 3.5916e-21 1.80819e-21 9.12212e-22 4.60828e-22 2.32498e-22 1.18186e-22
2.9614e-11 9.25023e-14 2.30861e-14 1.11578e-14 5.39645e-15 2.61206e-15 1.26546e-15 6.13691e-16 2.97946e-16 1.44832e-16 7.04981e-17 3.43662e-17 1.67795e-17 8.20672e-18 4.02117e-18 1.97413e-18 9.7114e-19 4.78753e-19 2.36537e-19 1.17131e-19 5.81376e-20 2.89246e-20 1.44249e-20 7.21103e-21 3.61336e-21 1.81485e-21 9.1358e-22 4.60828e-22 2.32764e-22 1.17419e-22 5.96744e-23
1.52478e-11 2.403e-14 1.16099e-14 5.61264e-15 2.71524e-15 1.3146e-15 6.37044e-16 3.09016e-16 1.50065e-16 7.29643e-17 3.55245e-17 1.73214e-17 8.45912e-18 4.13814e-18 2.02801e-18 9.95792e-19 4.89938e-19 2.41562e-19 1.19361e-19 5.91116e-20 2.93415e-20 1.45985e-20 7.2804e-21 3.63939e-21 1.82357e-21 9.15834e-22 4.60977e-22 2.32498e-22 1.17419e-22 5.92251e-23 3.00934e-23
7.94333e-12 1.21449e-14 5.87013e-15 2.83902e-15 1.37402e-15 6.65523e-16 3.22644e-16 1.56574e-16 7.60671e-17 3.70004e-17 1.80217e-17 8.79056e-18 4.29454e-18 2.10157e-18 1.03026e-18 5.06022e-19 2.49031e-19 1.2281e-19 6.06941e-20 3.0062e-20 1.49235e-20 7.42535e-21 3.70312e-21 1.85108e-21 9.27434e-22 4.65719e-22 2.34377e-22 1.18186e-22 5.96744e-23 3.00934e-23 1.5286e-23
