0.433479 0.136271 0.0428387 0.013467 0.00423355 0.00133088 0.000418382 0.000131525 4.13468e-05 1.2998e-05 4.08611e-06 1.28453e-06 4.03812e-07 1.26944e-07 3.99068e-08 1.25453e-08 3.94381e-09 1.23979e-09 3.89748e-10 1.22523e-10 3.8517e-11 1.21084e-11 3.80646e-12 1.19662e-12 3.76174e-13 1.18256e-13 3.71756e-14 1.16867e-14 3.67389e-15 1.15494e-15 3.63074e-16 1.14138e-16 3.58809e-17 1.12797e-17 3.54594e-18 1.11472e-18 3.50429e-19 1.10163e-19 3.46313e-20 1.08869e-20 3.42245e-21 1.0759e-21 3.38225e-22 1.06326e-22 3.34252e-23 1.05077e-23 3.30326e-24 1.03843e-24 3.26445e-25 1.02623e-25 3.22611e-26 1.01418e-26 3.18821e-27 1.00226e-27 3.15076e-28 9.9049e-29 3.11375e-29 9.78855e-30 3.07718e-30 9.67358e-31 3.04103e-31 9.55995e-32 3.00531e-32 9.44765e-33 2.97001e-33 9.33668e-34 2.93512e-34 9.22701e-35 2.90065e-35 9.11862e-36 2.86658e-36 9.01151e-37 2.8329e-37 8.90566e-38 2.79963e-38 8.80105e-39 2.76674e-39 8.69767e-40 2.73424e-40 8.59551e-41 2.70213e-41 8.49454e-42 2.67039e-42 8.39476e-43 2.63902e-43 8.29615e-44 2.60802e-44 8.1987e-45 2.57739e-45 8.1024e-46 2.54711e-46 8.00723e-47 2.51719e-47 7.91317e-48 2.48762e-48 7.82022e-49 2.4584e-49 7.72836e-50 2.42953e-50 7.63758e-51 2.40099e-51
0.136271 0.0587111 0.0234465 0.00893934 0.00330333 0.00119347 0.000423917 0.000148584 5.15256e-05 1.77118e-05 6.04391e-06 2.04961e-06 6.91362e-07 2.32126e-07 7.76205e-08 2.58624e-08 8.5896e-09 2.84468e-09 9.39664e-10 3.09669e-10 1.01835e-10 3.34238e-11 1.09506e-11 3.58188e-12 1.16983e-12 3.81529e-13 1.24269e-13 4.04272e-14 1.31368e-14 4.26428e-15 1.38283e-15 4.48008e-16 1.45017e-16 4.69022e-17 1.51574e-17 4.8948e-18 1.57957e-18 5.09394e-19 1.64169e-19 5.28772e-20 1.70214e-20 5.47624e-21 1.76093e-21 5.6596e-22 1.81811e-22 5.83791e-23 1.87371e-23 6.01124e-24 1.92775e-24 6.17969e-25 1.98026e-25 6.34336e-26 2.03127e-26 6.50233e-27 2.0808e-27 6.65669e-28 2.1289e-28 6.80653e-29 2.17558e-29 6.95193e-30 2.22086e-30 7.09297e-31 2.26479e-31 7.22974e-32 2.30737e-32 7.36232e-33 2.34864e-33 7.49079e-34 2.38863e-34 7.61522e-35 2.42735e-35 7.7357e-36 2.46483e-36 7.85229e-37 2.50109e-37 7.96508e-38 2.53617e-38 8.07413e-39 2.57007e-39 8.17953e-40 2.60283e-40 8.28133e-41 2.63447e-41 8.37962e-42 2.665e-42 8.47445e-43 2.69445e-43 8.5659e-44 2.72284e-44 8.65403e-45 2.75019e-45 8.73891e-46 2.77653e-46 8.8206e-47 2.80186e-47 8.89916e-48 2.82622e-48 8.97467e-49 2.84962e-49 9.04717e-50 2.87208e-50
0.0428387 0.0234465 0.0110891 0.00483767 0.00200314 0.000799404 0.000310325 0.000117893 4.40161e-05 1.61998e-05 5.89079e-06 2.1202e-06 7.56352e-07 2.67734e-07 9.41271e-08 3.28918e-08 1.14314e-08 3.95356e-09 1.36129e-09 4.66836e-10 1.59506e-10 5.43154e-11 1.84381e-11 6.24108e-12 2.10691e-12 7.09503e-13 2.38374e-13 7.99147e-14 2.67372e-14 8.92856e-15 2.97626e-15 9.90446e-16 3.2908e-16 1.09174e-16 3.61678e-17 1.19657e-17 3.95366e-18 1.30477e-18 4.30093e-19 1.41616e-19 4.65806e-20 1.5306e-20 5.02457e-21 1.64792e-21 5.39996e-22 1.76798e-22 5.78376e-23 1.89062e-23 6.17552e-24 2.01571e-24 6.57478e-25 2.14311e-25 6.98112e-26 2.27267e-26 7.3941e-27 2.40426e-27 7.81331e-28 2.53777e-28 8.23835e-29 2.67305e-29 8.66884e-30 2.81e-30 9.10438e-31 2.94849e-31 9.54461e-32 3.0884e-32 9.98917e-33 3.22962e-33 1.04377e-33 3.37205e-34 1.08899e-34 3.51558e-35 1.13454e-35 3.66011e-36 1.18039e-36 3.80553e-37 1.2265e-37 3.95174e-38 1.27286e-38 4.09867e-39 1.31942e-39 4.2462e-40 1.36616e-40 4.39426e-41 1.41305e-41 4.54276e-42 1.46007e-42 4.69162e-43 1.50719e-43 4.84074e-44 1.55438e-44 4.99006e-45 1.60162e-45 5.1395e-46 1.64889e-46 5.28898e-47 1.69616e-47 5.43844e-48 1.74341e-48 5.5878e-49 1.79062e-49
0.013467 0.00893934 0.00483767 0.00235174 0.00106808 0.000462457 0.000193205 7.84936e-05 3.11787e-05 1.21559e-05 4.66549e-06 1.76672e-06 6.61271e-07 2.44995e-07 8.99525e-08 3.27624e-08 1.18468e-08 4.25595e-09 1.51992e-09 5.39881e-10 1.90822e-10 6.71397e-11 2.35238e-11 8.21001e-12 2.85503e-12 9.89495e-13 3.41862e-13 1.17763e-13 4.04543e-14 1.38609e-14 4.73759e-15 1.61554e-15 5.49707e-16 1.86658e-16 6.32569e-17 2.13974e-17 7.22511e-18 2.43554e-18 8.19686e-19 2.75444e-19 9.24235e-20 3.09687e-20 1.03628e-20 3.46319e-21 1.15595e-21 3.85375e-22 1.28332e-22 4.26886e-23 1.4185e-23 4.70877e-24 1.56157e-24 5.17372e-25 1.71258e-25 5.66391e-26 1.8716e-26 6.17949e-27 2.03867e-27 6.7206e-28 2.21383e-28 7.28733e-29 2.39711e-29 7.87977e-30 2.58853e-30 8.49795e-31 2.78808e-31 9.14188e-32 2.99579e-32 9.81157e-33 3.21163e-33 1.0507e-33 3.43559e-34 1.1228e-34 3.66766e-35 1.19747e-35 3.90779e-36 1.27467e-36 4.15596e-37 1.35442e-37 4.41213e-38 1.43668e-38 4.67623e-39 1.52145e-39 4.94823e-40 1.6087e-40 5.22805e-41 1.69842e-41 5.51563e-42 1.79058e-42 5.8109e-43 1.88516e-43 6.11379e-44 1.98213e-44 6.42421e-45 2.08148e-45 6.74207e-46 2.18316e-46 7.06729e-47 2.28716e-47 7.39977e-48 2.39343e-48 7.73941e-49
0.00423355 0.00330333 0.00200314 0.00106808 0.000525231 0.000244051 0.000108689 4.68245e-05 1.96385e-05 8.05545e-06 3.24281e-06 1.28459e-06 5.01803e-07 1.9363e-07 7.39076e-08 2.79375e-08 1.04687e-08 3.89193e-09 1.43654e-09 5.26764e-10 1.91998e-10 6.95931e-11 2.5096e-11 9.00685e-12 3.21822e-12 1.14515e-12 4.05909e-13 1.43357e-13 5.0458e-14 1.7703e-14 6.19226e-15 2.15978e-15 7.51266e-16 2.60654e-16 9.02144e-17 3.11517e-17 1.07332e-17 3.69033e-18 1.26628e-18 4.33672e-19 1.48251e-19 5.05907e-20 1.72351e-20 5.86217e-21 1.99081e-21 6.75079e-22 2.2859e-22 7.72972e-23 2.61032e-23 8.80377e-24 2.96557e-24 9.97772e-25 3.35317e-25 1.12563e-25 3.77462e-26 1.26444e-26 4.23142e-27 1.41466e-27 4.72506e-28 1.57676e-28 5.25702e-29 1.75121e-29 5.82875e-30 1.93847e-30 6.4417e-31 2.13899e-31 7.0973e-32 2.35322e-32 7.79696e-33 2.5816e-33 8.54205e-34 2.82457e-34 9.33395e-35 3.08255e-35 1.0174e-35 3.35596e-36 1.10635e-36 3.64522e-37 1.20037e-37 3.95072e-38 1.2996e-38 4.27287e-39 1.40415e-39 4.61205e-40 1.51414e-40 4.96862e-41 1.6297e-41 5.34297e-42 1.75093e-42 5.73544e-43 1.87794e-43 6.14638e-44 2.01085e-44 6.57612e-45 2.14976e-45 7.025e-46 2.29477e-46 7.49331e-47 2.44598e-47 7.98137e-48 2.60347e-48
0.00133088 0.00119347 0.000799404 0.000462457 0.000244051 0.000120768 5.6951e-05 2.5862e-05 1.13908e-05 4.89154e-06 2.05603e-06 8.48442e-07 3.44557e-07 1.37971e-07 5.45615e-08 2.13371e-08 8.26065e-09 3.1691e-09 1.20574e-09 4.55272e-10 1.7071e-10 6.35988e-11 2.35532e-11 8.67454e-12 3.17836e-12 1.15896e-12 4.20701e-13 1.52069e-13 5.47493e-14 1.96375e-14 7.01869e-15 2.50018e-15 8.87782e-16 3.14292e-16 1.10948e-16 3.90589e-17 1.3715e-17 4.80392e-18 1.67869e-18 5.85278e-19 2.03617e-19 7.06916e-20 2.44939e-20 8.4707e-21 2.92405e-21 1.00759e-21 3.46617e-22 1.19044e-22 4.08205e-23 1.39763e-23 4.77825e-24 1.63129e-24 5.56163e-25 1.89364e-25 6.43932e-26 2.18698e-26 7.4187e-27 2.51367e-27 8.50744e-28 2.87618e-28 9.71344e-29 3.27705e-29 1.10448e-29 3.7189e-30 1.25101e-30 4.20442e-31 1.41177e-31 4.73637e-32 1.58767e-32 5.31759e-33 1.7796e-33 5.95099e-34 1.98849e-34 6.63952e-35 2.21531e-35 7.38623e-36 2.461e-36 8.1942e-37 2.72656e-37 9.06658e-38 3.01299e-38 1.00066e-38 3.32132e-39 1.10174e-39 3.65257e-40 1.21024e-40 4.00781e-41 1.3265e-41 4.3881e-42 1.45084e-42 4.7945e-43 1.58362e-43 5.22813e-44 1.72518e-44 5.69007e-45 1.87587e-45 6.18144e-46 2.03604e-46 6.70337e-47 2.20605e-47 7.25697e-48
0.000418382 0.000423917 0.000310325 0.000193205 0.000108689 5.6951e-05 2.8294e-05 1.34819e-05 6.21026e-06 2.78141e-06 1.21642e-06 5.21218e-07 2.19388e-07 9.09066e-08 3.71471e-08 1.49911e-08 5.98219e-09 2.36296e-09 9.24727e-10 3.58816e-10 1.38142e-10 5.28006e-11 2.00465e-11 7.56368e-12 2.83729e-12 1.05856e-12 3.92929e-13 1.45157e-13 5.33835e-14 1.95493e-14 7.13043e-15 2.5909e-15 9.38042e-16 3.38462e-16 1.21727e-16 4.36435e-17 1.56017e-17 5.56161e-18 1.97725e-18 7.01139e-19 2.48014e-19 8.75231e-20 3.08166e-20 1.08268e-20 3.79583e-21 1.32813e-21 4.638e-22 1.61663e-22 5.62481e-23 1.95367e-23 6.77431e-24 2.34518e-24 8.10599e-25 2.79755e-25 9.6408e-26 3.31766e-26 1.14012e-26 3.91285e-27 1.34113e-27 4.59099e-28 1.56968e-28 5.36044e-29 1.82848e-29 6.23012e-30 2.12045e-30 7.20945e-31 2.44866e-31 8.30842e-32 2.81634e-32 9.53758e-33 3.22692e-33 1.0908e-33 3.68401e-34 1.24314e-34 4.19139e-35 1.41201e-35 4.75303e-36 1.59869e-36 5.37309e-37 1.80452e-37 6.05593e-38 2.03091e-38 6.80607e-39 2.27932e-39 7.62826e-40 2.55129e-40 8.52741e-41 2.8484e-41 9.50864e-42 3.1723e-42 1.05773e-42 3.52469e-43 1.17388e-43 3.90736e-44 1.29989e-44 4.32214e-45 1.43636e-45 4.77092e-46 1.58388e-46 5.25566e-47 1.74309e-47
0.000131525 0.000148584 0.000117893 7.84936e-05 4.68245e-05 2.5862e-05 1.34819e-05 6.71631e-06 3.22497e-06 1.50186e-06 6.81504e-07 3.02421e-07 1.31614e-07 5.63048e-08 2.37228e-08 9.85943e-09 4.04747e-09 1.64307e-09 6.60227e-10 2.62825e-10 1.03728e-10 4.06136e-11 1.57847e-11 6.09285e-12 2.33679e-12 8.90875e-13 3.37731e-13 1.27359e-13 4.77892e-14 1.78479e-14 6.63618e-15 2.45709e-15 9.06134e-16 3.32903e-16 1.21864e-16 4.44573e-17 1.61654e-17 5.85966e-18 2.11767e-18 7.63131e-19 2.74252e-19 9.83006e-20 3.51452e-20 1.25349e-20 4.46029e-21 1.58354e-21 5.60991e-22 1.98324e-22 6.99718e-23 2.46392e-23 8.65995e-24 3.0382e-24 1.06404e-24 3.72015e-25 1.29852e-25 4.52532e-26 1.57463e-26 5.47088e-27 1.89805e-27 6.57573e-28 2.27503e-28 7.86055e-29 2.71243e-29 9.34797e-30 3.2177e-30 1.10626e-30 3.79898e-31 1.30312e-31 4.46507e-32 1.52829e-32 5.22551e-33 1.78488e-33 6.0906e-34 2.07629e-34 7.07142e-35 2.40615e-35 8.17988e-36 2.77836e-36 9.42877e-37 3.1971e-37 1.08318e-37 3.66684e-38 1.24034e-38 4.19235e-39 1.41594e-39 4.77871e-40 1.61162e-40 5.43132e-41 1.82914e-41 6.1559e-42 2.07037e-42 6.95855e-43 2.33728e-43 7.84568e-44 2.63198e-44 8.82409e-45 2.95665e-45 9.90094e-46 3.31363e-46 1.10838e-46 3.70537e-47
4.13468e-05 5.15256e-05 4.40161e-05 3.11787e-05 1.96385e-05 1.13908e-05 6.21026e-06 3.22497e-06 1.60982e-06 7.77581e-07 3.65256e-07 1.67499e-07 7.52173e-08 3.31584e-08 1.43788e-08 6.14387e-09 2.59045e-09 1.07908e-09 4.44564e-10 1.81306e-10 7.32549e-11 2.93434e-11 1.16602e-11 4.59898e-12 1.80133e-12 7.00967e-13 2.7111e-13 1.04255e-13 3.98744e-14 1.5173e-14 5.74573e-15 2.16585e-15 8.12871e-16 3.03822e-16 1.13111e-16 4.1953e-17 1.55047e-17 5.71058e-18 2.0964e-18 7.672e-19 2.79922e-19 1.01839e-19 3.69479e-20 1.33693e-20 4.82522e-21 1.73722e-21 6.23966e-22 2.23601e-22 7.99514e-23 2.85267e-23 1.01574e-23 3.60951e-24 1.2802e-24 4.53205e-25 1.6015e-25 5.64936e-26 1.98945e-26 6.99444e-27 2.45515e-27 8.60455e-28 3.01109e-28 1.05216e-28 3.67132e-29 1.27927e-29 4.45157e-30 1.54702e-30 5.36935e-31 1.86126e-31 6.44416e-32 2.22849e-32 7.69758e-33 2.65588e-33 9.15347e-34 3.15135e-34 1.08381e-34 3.72363e-35 1.27804e-35 4.38227e-36 1.5012e-36 5.13775e-37 1.75675e-37 6.00151e-38 2.04848e-38 6.98601e-39 2.38048e-39 8.10481e-40 2.75722e-40 9.37259e-41 3.18356e-41 1.08053e-41 3.66471e-42 1.24201e-42 4.20633e-43 1.42356e-43 4.81451e-44 1.62718e-44 5.49581e-45 1.85501e-45 6.25727e-46 2.10936e-46 7.10643e-47
1.2998e-05 1.77118e-05 1.61998e-05 1.21559e-05 8.05545e-06 4.89154e-06 2.78141e-06 1.50186e-06 7.77581e-07 3.88743e-07 1.88658e-07 8.92411e-08 4.128e-08 1.87216e-08 8.34286e-09 3.65963e-09 1.5826e-09 6.75591e-10 2.85009e-10 1.18937e-10 4.91396e-11 2.01152e-11 8.16364e-12 3.28675e-12 1.31342e-12 5.21193e-13 2.05466e-13 8.04999e-14 3.13559e-14 1.21465e-14 4.68079e-15 1.79491e-15 6.85059e-16 2.60302e-16 9.84875e-17 3.7113e-17 1.39313e-17 5.2102e-18 1.94169e-18 7.21165e-19 2.6698e-19 9.85301e-20 3.62542e-20 1.33014e-20 4.86669e-21 1.77587e-21 6.46352e-22 2.34666e-22 8.49949e-23 3.07135e-23 1.10738e-23 3.98403e-24 1.43034e-24 5.12482e-25 1.83259e-25 6.54069e-26 2.33014e-26 8.28633e-27 2.94163e-27 1.04251e-27 3.68858e-28 1.30301e-28 4.5958e-29 1.61852e-29 5.69167e-30 1.99866e-30 7.00865e-31 2.45437e-31 8.58362e-32 2.99806e-32 1.04584e-32 3.64381e-33 1.26802e-33 4.40746e-34 1.53022e-34 5.30683e-35 1.83841e-35 6.36189e-36 2.19926e-36 7.59496e-37 2.62024e-37 9.03092e-38 3.10963e-38 1.06974e-38 3.67663e-39 1.2625e-39 4.33145e-40 1.48477e-40 5.08535e-41 1.74029e-41 5.95074e-42 2.03317e-42 6.94126e-43 2.36793e-43 8.07189e-44 2.74954e-44 9.35903e-45 3.18341e-45 1.08206e-45 3.67548e-46 1.24762e-46
4.08611e-06 6.04391e-06 5.89079e-06 4.66549e-06 3.24281e-06 2.05603e-06 1.21642e-06 6.81504e-07 3.65256e-07 1.88658e-07 9.44319e-08 4.60041e-08 2.18875e-08 1.01981e-08 4.66397e-09 2.09765e-09 9.2928e-10 4.06063e-10 1.75221e-10 7.4743e-11 3.15454e-11 1.31833e-11 5.4594e-12 2.24163e-12 9.13118e-13 3.69191e-13 1.48229e-13 5.91225e-14 2.34354e-14 9.23509e-15 3.61904e-15 1.41077e-15 5.47196e-16 2.11232e-16 8.11719e-17 3.10578e-17 1.18342e-17 4.49152e-18 1.69826e-18 6.3979e-19 2.40194e-19 8.98744e-20 3.3521e-20 1.2464e-20 4.62069e-21 1.7081e-21 6.29683e-22 2.31512e-22 8.49004e-23 3.10575e-23 1.13339e-23 4.12655e-24 1.49905e-24 5.43375e-25 1.96547e-25 7.09488e-26 2.55601e-26 9.19056e-27 3.29845e-27 1.18165e-27 4.22572e-28 1.50858e-28 5.3766e-29 1.91312e-29 6.79659e-30 2.41085e-30 8.53878e-31 3.01986e-31 1.06649e-31 3.76119e-32 1.32465e-32 4.65913e-33 1.63661e-33 5.74166e-34 2.01184e-34 7.04087e-35 2.4612e-35 8.59346e-36 2.99709e-36 1.04412e-36 3.6336e-37 1.26317e-37 4.38673e-38 1.52188e-38 5.27458e-39 1.82631e-39 6.31754e-40 2.18332e-40 7.53859e-41 2.6006e-41 8.96346e-42 3.08677e-42 1.0621e-42 3.65145e-43 1.25433e-43 4.3054e-44 1.47664e-44 5.06057e-45 1.73299e-45 5.93022e-46 2.02781e-46
1.28453e-06 2.04961e-06 2.1202e-06 1.76672e-06 1.28459e-06 8.48442e-07 5.21218e-07 3.02421e-07 1.67499e-07 8.92411e-08 4.60041e-08 2.30496e-08 1.12648e-08 5.38558e-09 2.52481e-09 1.163e-09 5.27247e-10 2.3559e-10 1.03884e-10 4.52537e-11 1.94933e-11 8.30997e-12 3.50849e-12 1.46801e-12 6.09094e-13 2.50734e-13 1.02453e-13 4.15725e-14 1.67583e-14 6.71351e-15 2.67369e-15 1.05887e-15 4.17129e-16 1.63494e-16 6.37739e-17 2.47622e-17 9.57255e-18 3.68506e-18 1.41291e-18 5.39651e-19 2.05355e-19 7.78676e-20 2.94257e-20 1.10833e-20 4.16142e-21 1.55772e-21 5.81385e-22 2.16374e-22 8.03081e-23 2.97279e-23 1.09763e-23 4.04275e-24 1.48544e-24 5.44533e-25 1.99167e-25 7.26879e-26 2.64721e-26 9.62102e-27 3.48969e-27 1.26331e-27 4.56474e-28 1.64636e-28 5.92733e-29 2.13029e-29 7.64336e-30 2.73788e-30 9.79147e-31 3.49624e-31 1.2465e-31 4.4375e-32 1.57744e-32 5.59953e-33 1.98495e-33 7.02685e-34 2.48426e-34 8.77151e-35 3.09317e-35 1.08942e-35 3.83235e-36 1.34655e-36 4.72581e-37 1.65668e-37 5.80126e-38 2.02924e-38 7.09063e-39 2.47505e-39 8.63057e-40 3.0065e-40 1.0463e-40 3.63778e-41 1.26359e-41 4.38505e-42 1.52037e-42 5.26667e-43 1.82282e-43 6.30348e-44 2.17796e-44 7.51901e-45 2.59369e-45 8.93984e-46 3.07893e-46
4.03812e-07 6.91362e-07 7.56352e-07 6.61271e-07 5.01803e-07 3.44557e-07 2.19388e-07 1.31614e-07 7.52173e-08 4.128e-08 2.18875e-08 1.12648e-08 5.64861e-09 2.76799e-09 1.32884e-09 6.26281e-10 2.9028e-10 1.32516e-10 5.96599e-11 2.65187e-11 1.16493e-11 5.06185e-12 2.17726e-12 9.27686e-13 3.91786e-13 1.64095e-13 6.81954e-14 2.81337e-14 1.15263e-14 4.69143e-15 1.8977e-15 7.63114e-16 3.05156e-16 1.21378e-16 4.80345e-17 1.89174e-17 7.41581e-18 2.89423e-18 1.12477e-18 4.3534e-19 1.67841e-19 6.44672e-20 2.46726e-20 9.40986e-21 3.57685e-21 1.35525e-21 5.11907e-22 1.92779e-22 7.23885e-23 2.71059e-23 1.01224e-23 3.7702e-24 1.40069e-24 5.19103e-25 1.91924e-25 7.07948e-26 2.60555e-26 9.56863e-27 3.50657e-27 1.28239e-27 4.68049e-28 1.70497e-28 6.199e-29 2.2497e-29 8.14986e-30 2.94724e-30 1.064e-30 3.83481e-31 1.37989e-31 4.95745e-32 1.77829e-32 6.3693e-33 2.27794e-33 8.13523e-34 2.90126e-34 1.03326e-34 3.67492e-35 1.30532e-35 4.6305e-36 1.64057e-36 5.80533e-37 2.05181e-37 7.24327e-38 2.55406e-38 8.99576e-39 3.16492e-39 1.11228e-39 3.90487e-40 1.36944e-40 4.79775e-41 1.67917e-41 5.87116e-42 2.05085e-42 7.157e-43 2.49531e-43 8.69201e-44 3.02501e-44 1.05184e-44 3.65423e-45 1.26845e-45 4.39933e-46
1.26944e-07 2.32126e-07 2.67734e-07 2.44995e-07 1.9363e-07 1.37971e-07 9.09066e-08 5.63048e-08 3.31584e-08 1.87216e-08 1.01981e-08 5.38558e-09 2.76799e-09 1.38892e-09 6.82176e-10 3.28667e-10 1.55615e-10 7.25202e-11 3.33091e-11 1.50964e-11 6.75822e-12 2.99112e-12 1.30987e-12 5.67963e-13 2.44001e-13 1.03918e-13 4.38984e-14 1.8402e-14 7.65823e-15 3.16526e-15 1.29977e-15 5.30444e-16 2.15211e-16 8.68283e-17 3.48453e-17 1.39129e-17 5.52818e-18 2.18638e-18 8.60862e-19 3.3751e-19 1.31782e-19 5.12528e-20 1.98578e-20 7.66588e-21 2.94895e-21 1.13058e-21 4.3203e-22 1.64573e-22 6.24998e-23 2.36657e-23 8.93556e-24 3.36454e-24 1.26348e-24 4.73247e-25 1.76814e-25 6.59e-26 2.45035e-26 9.0902e-27 3.36473e-27 1.24275e-27 4.5804e-28 1.68473e-28 6.18431e-29 2.26572e-29 8.28515e-30 3.02408e-30 1.1018e-30 4.00731e-31 1.45499e-31 5.274e-32 1.9086e-32 6.89599e-33 2.48773e-33 8.96091e-34 3.22297e-34 1.15752e-34 4.15134e-35 1.48677e-35 5.31752e-36 1.89932e-36 6.77521e-37 2.41376e-37 8.58865e-38 3.05228e-38 1.08344e-38 3.84128e-39 1.36034e-39 4.81205e-40 1.70033e-40 6.00156e-41 2.11609e-41 7.45334e-42 2.62254e-42 9.21846e-43 3.23717e-43 1.13567e-43 3.98038e-44 1.39377e-44 4.87595e-45 1.70426e-45 5.95149e-46
3.99068e-08 7.76205e-08 9.41271e-08 8.99525e-08 7.39076e-08 5.45615e-08 3.71471e-08 2.37228e-08 1.43788e-08 8.34286e-09 4.66397e-09 2.52481e-09 1.32884e-09 6.82176e-10 3.42501e-10 1.68554e-10 8.14614e-11 3.87258e-11 1.81338e-11 8.37429e-12 3.818e-12 1.72013e-12 7.66449e-13 3.38007e-13 1.47631e-13 6.38991e-14 2.74231e-14 1.16749e-14 4.9329e-15 2.06937e-15 8.6223e-16 3.56951e-16 1.46869e-16 6.00782e-17 2.44391e-17 9.88886e-18 3.98107e-18 1.59493e-18 6.36002e-19 2.52484e-19 9.98039e-20 3.92889e-20 1.54053e-20 6.01743e-21 2.34183e-21 9.08151e-22 3.50974e-22 1.35194e-22 5.191e-23 1.98703e-23 7.58333e-24 2.88576e-24 1.09507e-24 4.14424e-25 1.56424e-25 5.88915e-26 2.21169e-26 8.28608e-27 3.09711e-27 1.15499e-27 4.29768e-28 1.59572e-28 5.91246e-29 2.18622e-29 8.06777e-30 2.97148e-30 1.09237e-30 4.00837e-31 1.4682e-31 5.36833e-32 1.95952e-32 7.14058e-33 2.59781e-33 9.43602e-34 3.42209e-34 1.23917e-34 4.48048e-35 1.61764e-35 5.83204e-36 2.09967e-36 7.54897e-37 2.71046e-37 9.71912e-38 3.48059e-38 1.24489e-38 4.44707e-39 1.58668e-39 5.65447e-40 2.01274e-40 7.15626e-41 2.54155e-41 9.01642e-42 3.19522e-42 1.13111e-42 4.00001e-43 1.4131e-43 4.98708e-44 1.7583e-44 6.19326e-45 2.17938e-45 7.66193e-46
1.25453e-08 2.58624e-08 3.28918e-08 3.27624e-08 2.79375e-08 2.13371e-08 1.49911e-08 9.85943e-09 6.14387e-09 3.65963e-09 2.09765e-09 1.163e-09 6.26281e-10 3.28667e-10 1.68554e-10 8.46685e-11 4.17398e-11 2.02279e-11 9.6505e-12 4.53828e-12 2.10596e-12 9.65275e-13 4.37386e-13 1.96076e-13 8.70223e-14 3.82605e-14 1.66735e-14 7.20579e-15 3.08969e-15 1.31496e-15 5.55698e-16 2.33266e-16 9.72958e-17 4.03363e-17 1.66257e-17 6.81492e-18 2.7787e-18 1.12726e-18 4.55088e-19 1.82871e-19 7.31563e-20 2.91401e-20 1.15594e-20 4.56719e-21 1.79761e-21 7.04915e-22 2.75439e-22 1.07255e-22 4.16256e-23 1.61029e-23 6.21001e-24 2.38764e-24 9.15322e-25 3.49902e-25 1.3339e-25 5.07157e-26 1.92324e-26 7.27499e-27 2.74516e-27 1.0334e-27 3.88118e-28 1.45439e-28 5.43809e-29 2.02901e-29 7.55469e-30 2.80717e-30 1.04103e-30 3.85316e-31 1.42349e-31 5.24923e-32 1.93222e-32 7.09997e-33 2.60444e-33 9.53771e-34 3.4871e-34 1.27289e-34 4.63915e-35 1.68819e-35 6.13415e-36 2.22562e-36 8.06352e-37 2.91735e-37 1.05403e-37 3.80307e-38 1.37038e-38 4.93155e-39 1.77246e-39 6.36249e-40 2.28112e-40 8.16862e-41 2.92172e-41 1.04382e-41 3.72498e-42 1.32781e-42 4.72799e-43 1.68171e-43 5.97539e-44 2.12096e-44 7.52068e-45 2.66408e-45 9.42781e-46
3.94381e-09 8.5896e-09 1.14314e-08 1.18468e-08 1.04687e-08 8.26065e-09 5.98219e-09 4.04747e-09 2.59045e-09 1.5826e-09 9.2928e-10 5.27247e-10 2.9028e-10 1.55615e-10 8.14614e-11 4.17398e-11 2.09759e-11 1.03565e-11 5.03113e-12 2.40794e-12 1.13669e-12 5.29775e-13 2.43993e-13 1.11133e-13 5.00954e-14 2.23624e-14 9.89138e-15 4.33751e-15 1.88659e-15 8.14247e-16 3.48861e-16 1.48431e-16 6.27366e-17 2.63498e-17 1.10007e-17 4.56635e-18 1.88508e-18 7.74112e-19 3.16292e-19 1.28609e-19 5.20517e-20 2.09729e-20 8.41423e-21 3.3618e-21 1.33782e-21 5.30337e-22 2.09456e-22 8.24279e-23 3.23259e-23 1.26348e-23 4.92241e-24 1.9117e-24 7.40186e-25 2.85744e-25 1.09994e-25 4.22235e-26 1.61646e-26 6.17216e-27 2.35072e-27 8.93076e-28 3.38476e-28 1.27982e-28 4.82807e-29 1.81733e-29 6.82575e-30 2.55828e-30 9.56865e-31 3.57174e-31 1.33062e-31 4.94765e-32 1.83624e-32 6.80246e-33 2.51552e-33 9.28604e-34 3.4221e-34 1.25901e-34 4.62442e-35 1.69587e-35 6.20937e-36 2.27007e-36 8.28665e-37 3.02052e-37 1.09941e-37 3.99601e-38 1.45042e-38 5.25742e-39 1.90316e-39 6.88039e-40 2.48425e-40 8.95849e-41 3.22656e-41 1.1607e-41 4.17049e-42 1.49675e-42 5.36554e-43 1.92129e-43 6.87213e-44 2.45539e-44 8.76369e-45 3.12464e-45 1.11292e-45
1.23979e-09 2.84468e-09 3.95356e-09 4.25595e-09 3.89193e-09 3.1691e-09 2.36296e-09 1.64307e-09 1.07908e-09 6.75591e-10 4.06063e-10 2.3559e-10 1.32516e-10 7.25202e-11 3.87258e-11 2.02279e-11 1.03565e-11 5.20652e-12 2.57409e-12 1.25319e-12 6.01501e-13 2.84921e-13 1.33315e-13 6.16674e-14 2.82208e-14 1.27852e-14 5.73758e-15 2.55192e-15 1.12548e-15 4.9242e-16 2.13816e-16 9.21753e-17 3.94651e-17 1.67871e-17 7.09634e-18 2.98199e-18 1.24597e-18 5.17774e-19 2.14044e-19 8.8042e-20 3.60399e-20 1.46847e-20 5.9568e-21 2.406e-21 9.67793e-22 3.87735e-22 1.54744e-22 6.15286e-23 2.43768e-23 9.62419e-24 3.78694e-24 1.48524e-24 5.8067e-25 2.26324e-25 8.79508e-26 3.40796e-26 1.31683e-26 5.07439e-27 1.95023e-27 7.476e-28 2.85867e-28 1.09043e-28 4.14955e-29 1.57543e-29 5.96783e-30 2.25569e-30 8.50766e-31 3.20208e-31 1.20273e-31 4.50856e-32 1.6868e-32 6.29884e-33 2.34775e-33 8.73484e-34 3.24404e-34 1.20272e-34 4.45146e-35 1.64482e-35 6.06777e-36 2.23485e-36 8.21842e-37 3.01762e-37 1.10635e-37 4.05025e-38 1.48063e-38 5.40504e-39 1.97038e-39 7.17321e-40 2.60795e-40 9.46927e-41 3.43383e-41 1.24364e-41 4.49856e-42 1.62527e-42 5.86491e-43 2.11392e-43 7.61058e-44 2.73688e-44 9.83132e-45 3.52772e-45 1.26447e-45
3.89748e-10 9.39664e-10 1.36129e-09 1.51992e-09 1.43654e-09 1.20574e-09 9.24727e-10 6.60227e-10 4.44564e-10 2.85009e-10 1.75221e-10 1.03884e-10 5.96599e-11 3.33091e-11 1.81338e-11 9.6505e-12 5.03113e-12 2.57409e-12 1.29452e-12 6.4078e-13 3.1257e-13 1.50411e-13 7.1469e-14 3.356e-14 1.55855e-14 7.16316e-15 3.26019e-15 1.47019e-15 6.57237e-16 2.91397e-16 1.28188e-16 5.59733e-17 2.42684e-17 1.04513e-17 4.47206e-18 1.90184e-18 8.04053e-19 3.38026e-19 1.41341e-19 5.87946e-20 2.43356e-20 1.00246e-20 4.11048e-21 1.67799e-21 6.82066e-22 2.76102e-22 1.11322e-22 4.47118e-23 1.78914e-23 7.13349e-24 2.83429e-24 1.12233e-24 4.42967e-25 1.74279e-25 6.83564e-26 2.6731e-26 1.04229e-26 4.05261e-27 1.57141e-27 6.07694e-28 2.34397e-28 9.0182e-29 3.46113e-29 1.32518e-29 5.06192e-30 1.92915e-30 7.33583e-31 2.7835e-31 1.05393e-31 3.98232e-32 1.5017e-32 5.65161e-33 2.12288e-33 7.95899e-34 2.97845e-34 1.11261e-34 4.14883e-35 1.5444e-35 5.73932e-36 2.12933e-36 7.88717e-37 2.91683e-37 1.07702e-37 3.97079e-38 1.46177e-38 5.37337e-39 1.97238e-39 7.22971e-40 2.64638e-40 9.67371e-41 3.53148e-41 1.28751e-41 4.68803e-42 1.70483e-42 6.19205e-43 2.24626e-43 8.13889e-44 2.94551e-44 1.06477e-44 3.84466e-45 1.38668e-45
1.22523e-10 3.09669e-10 4.66836e-10 5.39881e-10 5.26764e-10 4.55272e-10 3.58816e-10 2.62825e-10 1.81306e-10 1.18937e-10 7.4743e-11 4.52537e-11 2.65187e-11 1.50964e-11 8.37429e-12 4.53828e-12 2.40794e-12 1.25319e-12 6.4078e-13 3.22347e-13 1.59733e-13 7.80539e-14 3.76478e-14 1.79392e-14 8.45126e-15 3.93907e-15 1.81758e-15 8.30748e-16 3.76311e-16 1.69018e-16 7.53037e-17 3.32944e-17 1.46137e-17 6.36985e-18 2.75815e-18 1.18673e-18 5.07523e-19 2.15791e-19 9.12418e-20 3.83735e-20 1.6056e-20 6.68494e-21 2.77008e-21 1.14261e-21 4.69228e-22 1.91875e-22 7.81386e-23 3.16946e-23 1.28066e-23 5.15547e-24 2.06793e-24 8.26587e-25 3.29285e-25 1.30746e-25 5.17492e-26 2.0419e-26 8.03271e-27 3.1508e-27 1.23239e-27 4.80702e-28 1.86998e-28 7.25541e-29 2.80789e-29 1.08398e-29 4.17456e-30 1.6039e-30 6.14811e-31 2.35143e-31 8.97368e-32 3.41727e-32 1.29862e-32 4.92487e-33 1.86398e-33 7.04112e-34 2.65468e-34 9.99017e-35 3.75266e-35 1.40712e-35 5.26697e-36 1.9681e-36 7.34183e-37 2.73431e-37 1.0167e-37 3.77441e-38 1.39905e-38 5.17798e-39 1.91355e-39 7.0613e-40 2.602e-40 9.57457e-41 3.51829e-41 1.29109e-41 4.73153e-42 1.73173e-42 6.32995e-43 2.31086e-43 8.42574e-44 3.06841e-44 1.11609e-44 4.05484e-45 1.47145e-45
3.8517e-11 1.01835e-10 1.59506e-10 1.90822e-10 1.91998e-10 1.7071e-10 1.38142e-10 1.03728e-10 7.32549e-11 4.91396e-11 3.15454e-11 1.94933e-11 1.16493e-11 6.75822e-12 3.818e-12 2.10596e-12 1.13669e-12 6.01501e-13 3.1257e-13 1.59733e-13 8.03762e-14 3.9868e-14 1.95126e-14 9.43152e-15 4.50574e-15 2.12901e-15 9.95623e-16 4.61077e-16 2.11566e-16 9.62322e-17 4.34104e-17 1.94288e-17 8.63054e-18 3.80649e-18 1.66743e-18 7.25668e-19 3.13846e-19 1.34927e-19 5.76754e-20 2.45183e-20 1.0368e-20 4.36201e-21 1.82622e-21 7.60971e-22 3.15651e-22 1.30358e-22 5.36077e-23 2.19551e-23 8.95619e-24 3.63952e-24 1.47351e-24 5.94425e-25 2.38961e-25 9.57385e-26 3.82314e-26 1.52184e-26 6.03908e-27 2.38927e-27 9.42515e-28 3.70744e-28 1.45431e-28 5.68938e-29 2.21989e-29 8.63945e-30 3.35395e-30 1.29888e-30 5.0182e-31 1.93428e-31 7.43892e-32 2.85456e-32 1.09303e-32 4.17645e-33 1.59253e-33 6.06027e-34 2.30166e-34 8.72471e-35 3.30097e-35 1.24661e-35 4.6993e-36 1.76834e-36 6.64273e-37 2.49109e-37 9.32625e-38 3.48591e-38 1.30086e-38 4.84689e-39 1.80313e-39 6.69783e-40 2.48426e-40 9.20089e-41 3.40284e-41 1.25674e-41 4.635e-42 1.70713e-42 6.27925e-43 2.30665e-43 8.46249e-44 3.10076e-44 1.13475e-44 4.14763e-45 1.5142e-45
1.21084e-11 3.34238e-11 5.43154e-11 6.71397e-11 6.95931e-11 6.35988e-11 5.28006e-11 4.06136e-11 2.93434e-11 2.01152e-11 1.31833e-11 8.30997e-12 5.06185e-12 2.99112e-12 1.72013e-12 9.65275e-13 5.29775e-13 2.84921e-13 1.50411e-13 7.80539e-14 3.9868e-14 2.00661e-14 9.96201e-15 4.88279e-15 2.3647e-15 1.13237e-15 5.36522e-16 2.51674e-16 1.16943e-16 5.38535e-17 2.45899e-17 1.11374e-17 5.0057e-18 2.23335e-18 9.89471e-19 4.3545e-19 1.9041e-19 8.27504e-20 3.57513e-20 1.53587e-20 6.56231e-21 2.78924e-21 1.17958e-21 4.96435e-22 2.07952e-22 8.67166e-23 3.60036e-23 1.48853e-23 6.12913e-24 2.51377e-24 1.02705e-24 4.18069e-25 1.69569e-25 6.85377e-26 2.76087e-26 1.1085e-26 4.43649e-27 1.77009e-27 7.04115e-28 2.79265e-28 1.10446e-28 4.35586e-29 1.71326e-29 6.72085e-30 2.62971e-30 1.02636e-30 3.99606e-31 1.55211e-31 6.01454e-32 2.32537e-32 8.97045e-33 3.45296e-33 1.32631e-33 5.08391e-34 1.94476e-34 7.42455e-35 2.82897e-35 1.07587e-35 4.08395e-36 1.54742e-36 5.85271e-37 2.20976e-37 8.32888e-38 3.13398e-38 1.1773e-38 4.41547e-39 1.65339e-39 6.18153e-40 2.30756e-40 8.60115e-41 3.20126e-41 1.18975e-41 4.41543e-42 1.63638e-42 6.0562e-43 2.23836e-43 8.26199e-44 3.04561e-44 1.12126e-44 4.12281e-45 1.51406e-45
3.80646e-12 1.09506e-11 1.84381e-11 2.35238e-11 2.5096e-11 2.35532e-11 2.00465e-11 1.57847e-11 1.16602e-11 8.16364e-12 5.4594e-12 3.50849e-12 2.17726e-12 1.30987e-12 7.66449e-13 4.37386e-13 2.43993e-13 1.33315e-13 7.1469e-14 3.76478e-14 1.95126e-14 9.96201e-15 5.01512e-15 2.49183e-15 1.22297e-15 5.93329e-16 2.84742e-16 1.35254e-16 6.36255e-17 2.96564e-17 1.37029e-17 6.27922e-18 2.85474e-18 1.28812e-18 5.77059e-19 2.56744e-19 1.1348e-19 4.98429e-20 2.176e-20 9.44477e-21 4.07662e-21 1.75015e-21 7.4749e-22 3.17666e-22 1.34353e-22 5.65601e-23 2.37042e-23 9.89145e-24 4.11031e-24 1.70109e-24 7.01252e-25 2.87984e-25 1.17831e-25 4.8039e-26 1.95173e-26 7.90279e-27 3.18945e-27 1.28312e-27 5.14601e-28 2.05761e-28 8.20316e-29 3.26105e-29 1.29277e-29 5.11102e-30 2.01532e-30 7.92607e-31 3.10941e-31 1.21683e-31 4.75049e-32 1.85024e-32 7.18992e-33 2.78771e-33 1.0785e-33 4.16354e-34 1.60397e-34 6.16652e-35 2.36599e-35 9.06014e-36 3.46275e-36 1.32096e-36 5.0299e-37 1.91181e-37 7.25368e-38 2.74739e-38 1.03882e-38 3.92138e-39 1.47783e-39 5.56048e-40 2.08889e-40 7.83512e-41 2.93438e-41 1.09734e-41 4.09757e-42 1.52787e-42 5.68898e-43 2.11533e-43 7.85467e-44 2.91269e-44 1.07867e-44 3.9895e-45 1.47365e-45
1.19662e-12 3.58188e-12 6.24108e-12 8.21001e-12 9.00685e-12 8.67454e-12 7.56368e-12 6.09285e-12 4.59898e-12 3.28675e-12 2.24163e-12 1.46801e-12 9.27686e-13 5.67963e-13 3.38007e-13 1.96076e-13 1.11133e-13 6.16674e-14 3.356e-14 1.79392e-14 9.43152e-15 4.88279e-15 2.49183e-15 1.2547e-15 6.23879e-16 3.06568e-16 1.48977e-16 7.16386e-17 3.41083e-17 1.60873e-17 7.52012e-18 3.48558e-18 1.60255e-18 7.31134e-19 3.31118e-19 1.48905e-19 6.65129e-20 2.95187e-20 1.30195e-20 5.70833e-21 2.48849e-21 1.07888e-21 4.65271e-22 1.99627e-22 8.52301e-23 3.62159e-23 1.53182e-23 6.45043e-24 2.70459e-24 1.12929e-24 4.69636e-25 1.94545e-25 8.02848e-26 3.30104e-26 1.35244e-26 5.52181e-27 2.24689e-27 9.11298e-28 3.68431e-28 1.48493e-28 5.96687e-29 2.39062e-29 9.55064e-30 3.80489e-30 1.51172e-30 5.99028e-31 2.36755e-31 9.33371e-32 3.6706e-32 1.44004e-32 5.63621e-33 2.20091e-33 8.5751e-34 3.33366e-34 1.29321e-34 5.00612e-35 1.93392e-35 7.4559e-36 2.86882e-36 1.10171e-36 4.22285e-37 1.61561e-37 6.16992e-38 2.35204e-38 8.95058e-39 3.40025e-39 1.28955e-39 4.88258e-40 1.84567e-40 6.96576e-41 2.62484e-41 9.87578e-42 3.71009e-42 1.39173e-42 5.21304e-43 1.94988e-43 7.28304e-44 2.71655e-44 1.01189e-44 3.76415e-45 1.3984e-45
3.76174e-13 1.16983e-12 2.10691e-12 2.85503e-12 3.21822e-12 3.17836e-12 2.83729e-12 2.33679e-12 1.80133e-12 1.31342e-12 9.13118e-13 6.09094e-13 3.91786e-13 2.44001e-13 1.47631e-13 8.70223e-14 5.00954e-14 2.82208e-14 1.55855e-14 8.45126e-15 4.50574e-15 2.3647e-15 1.22297e-15 6.23879e-16 3.14197e-16 1.56336e-16 7.69084e-17 3.74303e-17 1.80327e-17 8.60428e-18 4.06817e-18 1.90682e-18 8.86387e-19 4.08799e-19 1.87121e-19 8.50361e-20 3.83785e-20 1.72068e-20 7.66577e-21 3.39442e-21 1.49427e-21 6.54102e-22 2.84776e-22 1.23335e-22 5.3147e-23 2.27905e-23 9.7271e-24 4.13271e-24 1.74813e-24 7.36312e-25 3.08856e-25 1.29036e-25 5.37007e-26 2.22645e-26 9.19723e-27 3.78581e-27 1.55296e-27 6.34901e-28 2.58722e-28 1.05094e-28 4.25581e-29 1.71821e-29 6.91667e-30 2.77635e-30 1.11132e-30 4.43631e-31 1.76625e-31 7.01382e-32 2.77817e-32 1.09771e-32 4.32682e-33 1.70146e-33 6.67536e-34 2.61304e-34 1.0206e-34 3.97767e-35 1.54697e-35 6.00394e-36 2.32546e-36 8.98915e-37 3.46803e-37 1.33542e-37 5.13264e-38 1.9691e-38 7.54072e-39 2.88265e-39 1.10007e-39 4.19092e-40 1.59395e-40 6.05245e-41 2.2945e-41 8.68483e-42 3.28217e-42 1.23851e-42 4.66645e-43 1.75564e-43 6.59566e-44 2.47436e-44 9.26962e-45 3.46787e-45 1.29562e-45
1.18256e-13 3.81529e-13 7.09503e-13 9.89495e-13 1.14515e-12 1.15896e-12 1.05856e-12 8.90875e-13 7.00967e-13 5.21193e-13 3.69191e-13 2.50734e-13 1.64095e-13 1.03918e-13 6.38991e-14 3.82605e-14 2.23624e-14 1.27852e-14 7.16316e-15 3.93907e-15 2.12901e-15 1.13237e-15 5.93329e-16 3.06568e-16 1.56336e-16 7.87472e-17 3.92072e-17 1.93077e-17 9.41001e-18 4.54127e-18 2.17124e-18 1.02892e-18 4.83485e-19 2.25362e-19 1.04239e-19 4.78609e-20 2.18206e-20 9.88137e-21 4.44579e-21 1.98781e-21 8.8348e-22 3.90405e-22 1.71562e-22 7.49898e-23 3.26092e-23 1.41095e-23 6.07561e-24 2.60403e-24 1.11108e-24 4.72004e-25 1.9967e-25 8.412e-26 3.52988e-26 1.47552e-26 6.14476e-27 2.54967e-27 1.05421e-27 4.3439e-28 1.78393e-28 7.30238e-29 2.97971e-29 1.21211e-29 4.91593e-30 1.9879e-30 8.01574e-31 3.22315e-31 1.29251e-31 5.16934e-32 2.06209e-32 8.20505e-33 3.25671e-33 1.28951e-33 5.0938e-34 2.00749e-34 7.89372e-35 3.09704e-35 1.21247e-35 4.73665e-36 1.84658e-36 7.18424e-37 2.78949e-37 1.08099e-37 4.18101e-38 1.61408e-38 6.21969e-39 2.39236e-39 9.1857e-40 3.5208e-40 1.34719e-40 5.14618e-41 1.96257e-41 7.47246e-42 2.8406e-42 1.07815e-42 4.08583e-43 1.54606e-43 5.84155e-44 2.20392e-44 8.30312e-45 3.12374e-45 1.17356e-45
3.71756e-14 1.24269e-13 2.38374e-13 3.41862e-13 4.05909e-13 4.20701e-13 3.92929e-13 3.37731e-13 2.7111e-13 2.05466e-13 1.48229e-13 1.02453e-13 6.81954e-14 4.38984e-14 2.74231e-14 1.66735e-14 9.89138e-15 5.73758e-15 3.26019e-15 1.81758e-15 9.95623e-16 5.36522e-16 2.84742e-16 1.48977e-16 7.69084e-17 3.92072e-17 1.97519e-17 9.83995e-18 4.8504e-18 2.36702e-18 1.14416e-18 5.48071e-19 2.60277e-19 1.22591e-19 5.72878e-20 2.65705e-20 1.22351e-20 5.5952e-21 2.54182e-21 1.14739e-21 5.14775e-22 2.29596e-22 1.01823e-22 4.49112e-23 1.97046e-23 8.60139e-24 3.7362e-24 1.61519e-24 6.95048e-25 2.97761e-25 1.27012e-25 5.39512e-26 2.28241e-26 9.61771e-27 4.03726e-27 1.68844e-27 7.03582e-28 2.92157e-28 1.20902e-28 4.98657e-29 2.05005e-29 8.40143e-30 3.43247e-30 1.39816e-30 5.67854e-31 2.29973e-31 9.28765e-32 3.74071e-32 1.50262e-32 6.02029e-33 2.40593e-33 9.59121e-34 3.81426e-34 1.51327e-34 5.98988e-35 2.36555e-35 9.3214e-36 3.66509e-36 1.43802e-36 5.63035e-37 2.19998e-37 8.57889e-38 3.3388e-38 1.29691e-38 5.0282e-39 1.94584e-39 7.51644e-40 2.89829e-40 1.1156e-40 4.28677e-41 1.64444e-41 6.29772e-42 2.40791e-42 9.19185e-43 3.50333e-43 1.33318e-43 5.06563e-44 1.9219e-44 7.28094e-45 2.75434e-45 1.04047e-45
1.16867e-14 4.04272e-14 7.99147e-14 1.17763e-13 1.43357e-13 1.52069e-13 1.45157e-13 1.27359e-13 1.04255e-13 8.04999e-14 5.91225e-14 4.15725e-14 2.81337e-14 1.8402e-14 1.16749e-14 7.20579e-15 4.33751e-15 2.55192e-15 1.47019e-15 8.30748e-16 4.61077e-16 2.51674e-16 1.35254e-16 7.16386e-17 3.74303e-17 1.93077e-17 9.83995e-18 4.95792e-18 2.47126e-18 1.21925e-18 5.95724e-19 2.88392e-19 1.38387e-19 6.58507e-20 3.10842e-20 1.45608e-20 6.77076e-21 3.12629e-21 1.43379e-21 6.53307e-22 2.95826e-22 1.33151e-22 5.95847e-23 2.65155e-23 1.17361e-23 5.16759e-24 2.26396e-24 9.87042e-25 4.28311e-25 1.85013e-25 7.95664e-26 3.4072e-26 1.45299e-26 6.17129e-27 2.6109e-27 1.10041e-27 4.62076e-28 1.93335e-28 8.06102e-29 3.34959e-29 1.38725e-29 5.72682e-30 2.35672e-30 9.66871e-31 3.95486e-31 1.61297e-31 6.55968e-32 2.66031e-32 1.07597e-32 4.34028e-33 1.74626e-33 7.00806e-34 2.8055e-34 1.12039e-34 4.46373e-35 1.77426e-35 7.03639e-36 2.7843e-36 1.09935e-36 4.33137e-37 1.70297e-37 6.68185e-38 2.61646e-38 1.02252e-38 3.98835e-39 1.5527e-39 6.03357e-40 2.34027e-40 9.06107e-41 3.50209e-41 1.35121e-41 5.20453e-42 2.00131e-42 7.68308e-43 2.9448e-43 1.12691e-43 4.3057e-44 1.64261e-44 6.25707e-45 2.37993e-45 9.0391e-46
3.67389e-15 1.31368e-14 2.67372e-14 4.04543e-14 5.0458e-14 5.47493e-14 5.33835e-14 4.77892e-14 3.98744e-14 3.13559e-14 2.34354e-14 1.67583e-14 1.15263e-14 7.65823e-15 4.9329e-15 3.08969e-15 1.88659e-15 1.12548e-15 6.57237e-16 3.76311e-16 2.11566e-16 1.16943e-16 6.36255e-17 3.41083e-17 1.80327e-17 9.41001e-18 4.8504e-18 2.47126e-18 1.24533e-18 6.21042e-19 3.0666e-19 1.50004e-19 7.27196e-20 3.49527e-20 1.66632e-20 7.88201e-21 3.70051e-21 1.7249e-21 7.98498e-22 3.67202e-22 1.67791e-22 7.62026e-23 3.44036e-23 1.54441e-23 6.89501e-24 3.06197e-24 1.35281e-24 5.9473e-25 2.60205e-25 1.13316e-25 4.91261e-26 2.12048e-26 9.11415e-27 3.90132e-27 1.6633e-27 7.06393e-28 2.9887e-28 1.25987e-28 5.29197e-29 2.21514e-29 9.24088e-30 3.84233e-30 1.5925e-30 6.57969e-31 2.71021e-31 1.11303e-31 4.55769e-32 1.86101e-32 7.57791e-33 3.07731e-33 1.24636e-33 5.03487e-34 2.02877e-34 8.15459e-35 3.26977e-35 1.30798e-35 5.22009e-36 2.07857e-36 8.25817e-37 3.27382e-37 1.29508e-37 5.11241e-38 2.01401e-38 7.91814e-39 3.10688e-39 1.2167e-39 4.7557e-40 1.85538e-40 7.22529e-41 2.80863e-41 1.08985e-41 4.22165e-42 1.63251e-42 6.30234e-43 2.42902e-43 9.34666e-44 3.59079e-44 1.37734e-44 5.27504e-45 2.01721e-45 7.70244e-46
1.15494e-15 4.26428e-15 8.92856e-15 1.38609e-14 1.7703e-14 1.96375e-14 1.95493e-14 1.78479e-14 1.5173e-14 1.21465e-14 9.23509e-15 6.71351e-15 4.69143e-15 3.16526e-15 2.06937e-15 1.31496e-15 8.14247e-16 4.9242e-16 2.91397e-16 1.69018e-16 9.62322e-17 5.38535e-17 2.96564e-17 1.60873e-17 8.60428e-18 4.54127e-18 2.36702e-18 1.21925e-18 6.21042e-19 3.12997e-19 1.56164e-19 7.71715e-20 3.77889e-20 1.83436e-20 8.83054e-21 4.21724e-21 1.99873e-21 9.40375e-22 4.39336e-22 2.03874e-22 9.39951e-23 4.30661e-23 1.96133e-23 8.8806e-24 3.99854e-24 1.79064e-24 7.97711e-25 3.53578e-25 1.55954e-25 6.84622e-26 2.99163e-26 1.30146e-26 5.63738e-27 2.43165e-27 1.04461e-27 4.46983e-28 1.90526e-28 8.09081e-29 3.42333e-29 1.44333e-29 6.06431e-30 2.53943e-30 1.05991e-30 4.40973e-31 1.82894e-31 7.56253e-32 3.11777e-32 1.28163e-32 5.25349e-33 2.1475e-33 8.75473e-34 3.55962e-34 1.44358e-34 5.83955e-35 2.35636e-35 9.48533e-36 3.80918e-36 1.52617e-36 6.10076e-37 2.43331e-37 9.68412e-38 3.84586e-38 1.5241e-38 6.02753e-39 2.37896e-39 9.37073e-40 3.68396e-40 1.44553e-40 5.6614e-41 2.2132e-41 8.63641e-42 3.36414e-42 1.30815e-42 5.07802e-43 1.96789e-43 7.61355e-44 2.9408e-44 1.1341e-44 4.36665e-45 1.67871e-45 6.44376e-46
3.63074e-16 1.38283e-15 2.97626e-15 4.73759e-15 6.19226e-15 7.01869e-15 7.13043e-15 6.63618e-15 5.74573e-15 4.68079e-15 3.61904e-15 2.67369e-15 1.8977e-15 1.29977e-15 8.6223e-16 5.55698e-16 3.48861e-16 2.13816e-16 1.28188e-16 7.53037e-17 4.34104e-17 2.45899e-17 1.37029e-17 7.52012e-18 4.06817e-18 2.17124e-18 1.14416e-18 5.95724e-19 3.0666e-19 1.56164e-19 7.87138e-20 3.92901e-20 1.94302e-20 9.52394e-21 4.62887e-21 2.23157e-21 1.06751e-21 5.06869e-22 2.38954e-22 1.11879e-22 5.20368e-23 2.40497e-23 1.1047e-23 5.04442e-24 2.29033e-24 1.03417e-24 4.64486e-25 2.07546e-25 9.22759e-26 4.08287e-26 1.79808e-26 7.8828e-27 3.44065e-27 1.49535e-27 6.47204e-28 2.7899e-28 1.19793e-28 5.1241e-29 2.18369e-29 9.27245e-30 3.92346e-30 1.65445e-30 6.95325e-31 2.91276e-31 1.2163e-31 5.06325e-32 2.10137e-32 8.69542e-33 3.58776e-33 1.47615e-33 6.05674e-34 2.47842e-34 1.0115e-34 4.11752e-35 1.67189e-35 6.77182e-36 2.73622e-36 1.10298e-36 4.43584e-37 1.7799e-37 7.12598e-38 2.84672e-38 1.13479e-38 4.51409e-39 1.79197e-39 7.09921e-40 2.80691e-40 1.10764e-40 4.36253e-41 1.71499e-41 6.72951e-42 2.63583e-42 1.03057e-42 4.02231e-43 1.56721e-43 6.09599e-44 2.36722e-44 9.17747e-45 3.55229e-45 1.3728e-45 5.29698e-46
1.14138e-16 4.48008e-16 9.90446e-16 1.61554e-15 2.15978e-15 2.50018e-15 2.5909e-15 2.45709e-15 2.16585e-15 1.79491e-15 1.41077e-15 1.05887e-15 7.63114e-16 5.30444e-16 3.56951e-16 2.33266e-16 1.48431e-16 9.21753e-17 5.59733e-17 3.32944e-17 1.94288e-17 1.11374e-17 6.27922e-18 3.48558e-18 1.90682e-18 1.02892e-18 5.48071e-19 2.88392e-19 1.50004e-19 7.71715e-20 3.92901e-20 1.98061e-20 9.89033e-21 4.89444e-21 2.40132e-21 1.16846e-21 5.64086e-22 2.70262e-22 1.28548e-22 6.07166e-23 2.84859e-23 1.32782e-23 6.15088e-24 2.83219e-24 1.29653e-24 5.90212e-25 2.67225e-25 1.20356e-25 5.39329e-26 2.40493e-26 1.06729e-26 4.71469e-27 2.07337e-27 9.07841e-28 3.95828e-28 1.71877e-28 7.43352e-29 3.20245e-29 1.37445e-29 5.87727e-30 2.50418e-30 1.06325e-30 4.49913e-31 1.89749e-31 7.97666e-32 3.34264e-32 1.39643e-32 5.81617e-33 2.41533e-33 1.00016e-33 4.12987e-34 1.70063e-34 6.98419e-35 2.86074e-35 1.16875e-35 4.76291e-36 1.9362e-36 7.85194e-37 3.17669e-37 1.28223e-37 5.16378e-38 2.07492e-38 8.31928e-39 3.32842e-39 1.32885e-39 5.29443e-40 2.10514e-40 8.35372e-41 3.30849e-41 1.30782e-41 5.15996e-42 2.03209e-42 7.98819e-43 3.13458e-43 1.22785e-43 4.80136e-44 1.87433e-44 7.30467e-45 2.84213e-45 1.10404e-45 4.2819e-46
3.58809e-17 1.45017e-16 3.2908e-16 5.49707e-16 7.51266e-16 8.87782e-16 9.38042e-16 9.06134e-16 8.12871e-16 6.85059e-16 5.47196e-16 4.17129e-16 3.05156e-16 2.15211e-16 1.46869e-16 9.72958e-17 6.27366e-17 3.94651e-17 2.42684e-17 1.46137e-17 8.63054e-18 5.0057e-18 2.85474e-18 1.60255e-18 8.86387e-19 4.83485e-19 2.60277e-19 1.38387e-19 7.27196e-20 3.77889e-20 1.94302e-20 9.89033e-21 4.98623e-21 2.49087e-21 1.23345e-21 6.05694e-22 2.95049e-22 1.42623e-22 6.84338e-23 3.26036e-23 1.54272e-23 7.2519e-24 3.38734e-24 1.57256e-24 7.25755e-25 3.33038e-25 1.51985e-25 6.89908e-26 3.11557e-26 1.39994e-26 6.26002e-27 2.78611e-27 1.23436e-27 5.44449e-28 2.39114e-28 1.04577e-28 4.55515e-29 1.97629e-29 8.54133e-30 3.67767e-30 1.57774e-30 6.74453e-31 2.87317e-31 1.21984e-31 5.16193e-32 2.17732e-32 9.15518e-33 3.83777e-33 1.60394e-33 6.6838e-34 2.77725e-34 1.15077e-34 4.75527e-35 1.95973e-35 8.05522e-36 3.3025e-36 1.35057e-36 5.50959e-37 2.2422e-37 9.10339e-38 3.68744e-38 1.49025e-38 6.00933e-39 2.41793e-39 9.70799e-40 3.88957e-40 1.55517e-40 6.20543e-41 2.47117e-41 9.82162e-42 3.89611e-42 1.54262e-42 6.09653e-43 2.405e-43 9.47042e-44 3.72271e-44 1.46083e-44 5.72266e-45 2.23805e-45 8.73831e-46 3.40628e-46
