0.984506 0.00382576 0.00191539 0.00096265 0.000485653 0.00024592 0.000124978 6.3738e-05 3.26164e-05 1.67452e-05 8.62387e-06 4.45455e-06 2.30742e-06 1.19839e-06 6.23945e-07 3.25607e-07 1.70281e-07 8.92247e-08 4.68355e-08 2.46242e-08 1.29651e-08 6.83502e-09 3.60737e-09 1.90573e-09 1.00759e-09 5.33066e-10 2.82116e-10 1.49245e-10 7.87244e-11 4.10266e-11 2.17298e-11
0.00382576 2.7188e-05 1.36549e-05 6.88676e-06 3.48707e-06 1.77219e-06 9.03739e-07 4.623e-07 2.37147e-07 1.21951e-07 6.28487e-08 3.24503e-08 1.67815e-08 8.68999e-09 4.50481e-09 2.33726e-09 1.21346e-09 6.30305e-10 3.27503e-10 1.70199e-10 8.84553e-11 4.59689e-11 2.38851e-11 1.24061e-11 6.43895e-12 3.335e-12 1.71593e-12 8.62596e-13 3.96672e-13 1.13786e-13 5.75369e-14
0.00191539 1.36549e-05 6.85672e-06 3.4573e-06 1.75008e-06 8.89131e-07 4.53255e-07 2.3177e-07 1.18843e-07 6.10891e-08 3.14696e-08 1.62417e-08 8.39577e-09 4.34579e-09 2.2519e-09 1.16791e-09 6.06124e-10 3.14722e-10 1.6347e-10 8.49247e-11 4.41221e-11 2.29217e-11 1.19049e-11 6.17879e-12 3.20039e-12 1.64668e-12 8.27617e-13 3.80242e-13 1.08643e-13 5.46226e-14 2.76356e-14
0.00096265 6.88676e-06 3.4573e-06 1.74271e-06 8.81829e-07 4.47828e-07 2.28185e-07 1.16624e-07 5.97698e-08 3.07071e-08 1.58099e-08 8.15512e-09 4.21331e-09 2.17971e-09 1.12889e-09 5.85177e-10 3.03545e-10 1.57536e-10 8.17881e-11 4.24706e-11 2.20552e-11 1.14517e-11 5.94244e-12 3.07755e-12 1.58322e-12 7.95397e-13 3.64953e-13 1.03602e-13 5.21644e-14 2.62358e-14 1.32811e-14
0.000485653 3.48707e-06 1.75008e-06 8.81829e-07 4.4602e-07 2.26394e-07 1.15293e-07 5.88903e-08 3.01625e-08 1.54862e-08 7.96801e-09 4.10737e-09 2.12065e-09 1.09638e-09 5.67459e-10 2.93968e-10 1.52395e-10 7.90449e-11 4.10143e-11 2.12854e-11 1.10464e-11 5.72986e-12 2.96648e-12 1.52557e-12 7.65985e-13 3.50916e-13 9.89012e-14 4.97572e-14 2.50629e-14 1.26096e-14 6.38695e-15
0.00024592 1.77219e-06 8.89131e-07 4.47828e-07 2.26394e-07 1.14849e-07 5.84507e-08 2.98358e-08 1.52704e-08 7.83438e-09 4.02792e-09 2.07474e-09 1.07038e-09 5.52968e-10 2.8599e-10 1.48047e-10 7.66946e-11 3.97527e-11 2.06122e-11 1.0689e-11 5.541e-12 2.86717e-12 1.47371e-12 7.39387e-13 3.38156e-13 9.45964e-14 4.7519e-14 2.39154e-14 1.20511e-14 6.06526e-15 3.07393e-15
0.000124978 9.03739e-07 4.53255e-07 2.28185e-07 1.15293e-07 5.84507e-08 2.97269e-08 1.51625e-08 7.75421e-09 3.97497e-09 2.04195e-09 1.05088e-09 5.417e-10 2.7961e-10 1.44491e-10 7.47368e-11 3.86856e-11 2.00354e-11 1.03794e-11 5.37584e-12 2.77958e-12 1.42763e-12 7.15604e-13 3.26678e-13 9.07006e-14 4.54778e-14 2.28519e-14 1.15051e-14 5.79981e-15 2.92005e-15 1.48078e-15
6.3738e-05 4.623e-07 2.3177e-07 1.16624e-07 5.88903e-08 2.98358e-08 1.51625e-08 7.72749e-09 3.9485e-09 2.02227e-09 1.03789e-09 5.33653e-10 2.74826e-10 1.41726e-10 7.3171e-11 3.78128e-11 1.9555e-11 1.01175e-11 5.23433e-12 2.70371e-12 1.38734e-12 6.94629e-13 3.16481e-13 8.72163e-14 4.36402e-14 2.18865e-14 1.10009e-14 5.54058e-15 2.79417e-15 1.40729e-15 7.14067e-16
3.26164e-05 2.37147e-07 1.18843e-07 5.97698e-08 3.01625e-08 1.52704e-08 7.75421e-09 3.9485e-09 2.01572e-09 1.03139e-09 5.28825e-10 2.71637e-10 1.39751e-10 7.1997e-11 3.71342e-11 1.91707e-11 9.90336e-12 5.11645e-12 2.63953e-12 1.35282e-12 6.76459e-13 3.07563e-13 8.41435e-14 4.20073e-14 2.10223e-14 1.05455e-14 5.30216e-15 2.67138e-15 1.34775e-15 6.79038e-16 3.44748e-16
1.67452e-05 1.21951e-07 6.10891e-08 3.07071e-08 1.54862e-08 7.83438e-09 3.97497e-09 2.02227e-09 1.03139e-09 5.27216e-10 2.70043e-10 1.38566e-10 7.12144e-11 3.66495e-11 1.88826e-11 9.73682e-12 5.02217e-12 2.58705e-12 1.32406e-12 6.61091e-13 2.99923e-13 8.14818e-14 4.05792e-14 2.026e-14 1.01405e-14 5.088e-15 2.55894e-15 1.28974e-15 6.50947e-16 3.28083e-16 1.66664e-16
8.62387e-06 6.28487e-08 3.14696e-08 1.58099e-08 7.96801e-09 4.02792e-09 2.04195e-09 1.03789e-09 5.28825e-10 2.70043e-10 1.38171e-10 7.08231e-11 3.63588e-11 1.86905e-11 9.61788e-12 4.95148e-12 2.54623e-12 1.30106e-12 6.48522e-13 2.93558e-13 7.92305e-14 3.93557e-14 1.95997e-14 9.78624e-15 4.89893e-15 2.45858e-15 1.23687e-15 6.23617e-16 3.14871e-16 1.58752e-16 8.06905e-17
4.45455e-06 3.24503e-08 1.62417e-08 8.15512e-09 4.10737e-09 2.07474e-09 1.05088e-09 5.33653e-10 2.71637e-10 1.38566e-10 7.08231e-11 3.62619e-11 1.85945e-11 9.54653e-12 4.90436e-12 2.51709e-12 1.28382e-12 6.38748e-13 2.88468e-13 7.73893e-14 3.83365e-14 1.90411e-14 9.48268e-15 4.73509e-15 2.3707e-15 1.19002e-15 5.98849e-16 3.02037e-16 1.52559e-16 7.69431e-17 3.91301e-17
2.30742e-06 1.67815e-08 8.39577e-09 4.21331e-09 2.12065e-09 1.07038e-09 5.417e-10 2.74826e-10 1.39751e-10 7.12144e-11 3.63588e-11 1.85945e-11 9.52275e-12 4.88081e-12 2.4996e-12 1.27232e-12 6.31768e-13 2.84651e-13 7.59576e-14 3.75215e-14 1.85843e-14 9.22981e-15 4.59651e-15 2.29538e-15 1.14938e-15 5.77073e-16 2.90478e-16 1.46554e-16 7.40516e-17 3.73598e-17 1.90096e-17
1.19839e-06 8.68999e-09 4.34579e-09 2.17971e-09 1.09638e-09 5.52968e-10 2.7961e-10 1.41726e-10 7.1997e-11 3.66495e-11 1.86905e-11 9.54653e-12 4.88081e-12 2.49377e-12 1.26657e-12 6.27581e-13 2.82107e-13 7.49352e-14 3.69103e-14 1.82291e-14 9.02759e-15 4.48317e-15 2.23264e-15 1.11499e-15 5.5839e-16 2.80409e-16 1.41184e-16 7.12536e-17 3.60157e-17 1.81758e-17 9.25288e-18
6.23945e-07 4.50481e-09 2.2519e-09 1.12889e-09 5.67459e-10 2.8599e-10 1.44491e-10 7.3171e-11 3.71342e-11 1.88826e-11 9.61788e-12 4.90436e-12 2.4996e-12 1.26657e-12 6.26185e-13 2.80835e-13 7.43219e-14 3.6503e-14 1.79755e-14 8.87595e-15 4.39504e-15 2.18246e-15 1.08687e-15 5.42821e-16 2.71879e-16 1.36555e-16 6.87714e-17 3.4718e-17 1.75541e-17 8.86138e-18 4.51321e-18
3.25607e-07 2.33726e-09 1.16791e-09 5.85177e-10 2.93968e-10 1.48047e-10 7.47368e-11 3.78128e-11 1.91707e-11 9.73682e-12 4.95148e-12 2.51709e-12 1.27232e-12 6.27581e-13 2.80835e-13 7.41174e-14 3.62993e-14 1.78233e-14 8.77488e-15 4.3321e-15 2.14483e-15 1.065e-15 5.30369e-16 2.649e-16 1.32693e-16 6.66584e-17 3.35776e-17 1.69555e-17 8.57554e-18 4.33008e-18 2.20629e-18
1.70281e-07 1.21346e-09 6.06124e-10 3.03545e-10 1.52395e-10 7.66946e-11 3.86856e-11 1.9555e-11 9.90336e-12 5.02217e-12 2.54623e-12 1.28382e-12 6.31768e-13 2.82107e-13 7.43219e-14 3.62993e-14 1.77726e-14 8.72435e-15 4.29434e-15 2.11975e-15 1.04938e-15 5.21032e-16 2.59472e-16 1.29603e-16 6.4927e-17 3.26209e-17 1.64352e-17 8.30119e-18 4.19956e-18 2.12098e-18 1.0811e-18
8.92247e-08 6.30305e-10 3.14722e-10 1.57536e-10 7.90449e-11 3.97527e-11 2.00354e-11 1.01175e-11 5.11645e-12 2.58705e-12 1.30106e-12 6.38748e-13 2.84651e-13 7.49352e-14 3.6503e-14 1.78233e-14 8.72435e-15 4.28176e-15 2.10722e-15 1.04001e-15 5.14808e-16 2.55596e-16 1.27286e-16 6.35801e-17 3.18544e-17 1.60065e-17 8.06582e-18 4.07475e-18 2.06187e-18 1.04155e-18 5.31064e-19
4.68355e-08 3.27503e-10 1.6347e-10 8.17881e-11 4.10143e-11 2.06122e-11 1.03794e-11 5.23433e-12 2.63953e-12 1.32406e-12 6.48522e-13 2.88468e-13 7.59576e-14 3.69103e-14 1.79755e-14 8.77488e-15 4.29434e-15 2.10722e-15 1.03689e-15 5.11696e-16 2.53271e-16 1.25741e-16 6.26181e-17 3.12793e-17 1.56724e-17 7.87603e-18 3.96936e-18 2.0056e-18 1.01504e-18 5.12828e-19 2.6155e-19
2.46242e-08 1.70199e-10 8.49247e-11 4.24706e-11 2.12854e-11 1.0689e-11 5.37584e-12 2.70371e-12 1.35282e-12 6.61091e-13 2.93558e-13 7.73893e-14 3.75215e-14 1.82291e-14 8.87595e-15 4.3321e-15 2.11975e-15 1.04001e-15 5.11696e-16 2.52496e-16 1.24969e-16 6.2041e-17 3.08959e-17 1.54336e-17 7.73339e-18 3.88667e-18 1.95901e-18 9.89958e-19 5.01091e-19 2.53196e-19 1.2916e-19
1.29651e-08 8.84553e-11 4.41221e-11 2.20552e-11 1.10464e-11 5.541e-12 2.77958e-12 1.38734e-12 6.76459e-13 2.99923e-13 7.92305e-14 3.83365e-14 1.85843e-14 9.02759e-15 4.39504e-15 2.14483e-15 1.04938e-15 5.14808e-16 2.53271e-16 1.24969e-16 6.18486e-17 3.07042e-17 1.52904e-17 7.63824e-18 3.82746e-18 1.92372e-18 9.69687e-19 4.9006e-19 2.4808e-19 1.25362e-19 6.39583e-20
6.83502e-09 4.59689e-11 2.29217e-11 1.14517e-11 5.72986e-12 2.86717e-12 1.42763e-12 6.94629e-13 3.07563e-13 8.14818e-14 3.93557e-14 1.90411e-14 9.22981e-15 4.48317e-15 2.18246e-15 1.065e-15 5.21032e-16 2.55596e-16 1.25741e-16 6.2041e-17 3.07042e-17 1.52426e-17 7.59066e-18 3.79191e-18 1.90012e-18 9.55048e-19 4.81427e-19 2.43314e-19 1.23177e-19 6.22479e-20 3.17603e-20
3.60737e-09 2.38851e-11 1.19049e-11 5.94244e-12 2.96648e-12 1.47371e-12 7.15604e-13 3.16481e-13 8.41435e-14 4.05792e-14 1.95997e-14 9.48268e-15 4.59651e-15 2.23264e-15 1.08687e-15 5.30369e-16 2.59472e-16 1.27286e-16 6.26181e-17 3.08959e-17 1.52904e-17 7.59066e-18 3.78005e-18 1.88832e-18 9.46236e-19 4.756e-19 2.39744e-19 1.21167e-19 6.13404e-20 3.09985e-20 1.58162e-20
1.90573e-09 1.24061e-11 6.17879e-12 3.07755e-12 1.52557e-12 7.39387e-13 3.26678e-13 8.72163e-14 4.20073e-14 2.026e-14 9.78624e-15 4.73509e-15 2.29538e-15 1.11499e-15 5.42821e-16 2.649e-16 1.29603e-16 6.35801e-17 3.12793e-17 1.54336e-17 7.63824e-18 3.79191e-18 1.88832e-18 9.43296e-19 4.72676e-19 2.37571e-19 1.19752e-19 6.05202e-20 3.06367e-20 1.54817e-20 7.89858e-21
1.00759e-09 6.43895e-12 3.20039e-12 1.58322e-12 7.65985e-13 3.38156e-13 9.07006e-14 4.36402e-14 2.10223e-14 1.01405e-14 4.89893e-15 2.3707e-15 1.14938e-15 5.5839e-16 2.71879e-16 1.32693e-16 6.4927e-17 3.18544e-17 1.56724e-17 7.73339e-18 3.82746e-18 1.90012e-18 9.46236e-19 4.72676e-19 2.36844e-19 1.19033e-19 5.99964e-20 3.03183e-20 1.53464e-20 7.75434e-21 3.95564e-21
5.33066e-10 3.335e-12 1.64668e-12 7.95397e-13 3.50916e-13 9.45964e-14 4.54778e-14 2.18865e-14 1.05455e-14 5.088e-15 2.45858e-15 1.19002e-15 5.77073e-16 2.80409e-16 1.36555e-16 6.66584e-17 3.26209e-17 1.60065e-17 7.87603e-18 3.88667e-18 1.92372e-18 9.55048e-19 4.756e-19 2.37571e-19 1.19033e-19 5.98188e-20 3.01473e-20 1.52326e-20 7.70924e-21 3.89491e-21 1.98647e-21
2.82116e-10 1.71593e-12 8.27617e-13 3.64953e-13 9.89012e-14 4.7519e-14 2.28519e-14 1.10009e-14 5.30216e-15 2.55894e-15 1.23687e-15 5.98849e-16 2.90478e-16 1.41184e-16 6.87714e-17 3.35776e-17 1.64352e-17 8.06582e-18 3.96936e-18 1.95901e-18 9.69687e-19 4.81427e-19 2.39744e-19 1.19752e-19 5.99964e-20 3.01473e-20 1.51914e-20 7.67451e-21 3.88338e-21 1.96167e-21 1.00022e-21
1.49245e-10 8.62596e-13 3.80242e-13 1.03602e-13 4.97572e-14 2.39154e-14 1.15051e-14 5.54058e-15 2.67138e-15 1.28974e-15 6.23617e-16 3.02037e-16 1.46554e-16 7.12536e-17 3.4718e-17 1.69555e-17 8.30119e-18 4.07475e-18 2.0056e-18 9.89958e-19 4.9006e-19 2.43314e-19 1.21167e-19 6.05202e-20 3.03183e-20 1.52326e-20 7.67451e-21 3.87628e-21 1.96101e-21 9.90401e-22 5.04831e-22
7.87244e-11 3.96672e-13 1.08643e-13 5.21644e-14 2.50629e-14 1.20511e-14 5.79981e-15 2.79417e-15 1.34775e-15 6.50947e-16 3.14871e-16 1.52559e-16 7.40516e-17 3.60157e-17 1.75541e-17 8.57554e-18 4.19956e-18 2.06187e-18 1.01504e-18 5.01091e-19 2.4808e-19 1.23177e-19 6.13404e-20 3.06367e-20 1.53464e-20 7.70924e-21 3.88338e-21 1.96101e-21 9.91833e-22 5.00816e-22 2.5519e-22
4.10266e-11 1.13786e-13 5.46226e-14 2.62358e-14 1.26096e-14 6.06526e-15 2.92005e-15 1.40729e-15 6.79038e-16 3.28083e-16 1.58752e-16 7.69431e-17 3.73598e-17 1.81758e-17 8.86138e-18 4.33008e-18 2.12098e-18 1.04155e-18 5.12828e-19 2.53196e-19 1.25362e-19 6.22479e-20 3.09985e-20 1.54817e-20 7.75434e-21 3.89491e-21 1.96167e-21 9.90401e-22 5.00816e-22 2.52834e-22 1.28792e-22
2.17298e-11 5.75369e-14 2.76356e-14 1.32811e-14 6.38695e-15 3.07393e-15 1.48078e-15 7.14067e-16 3.44748e-16 1.66664e-16 8.06905e-17 3.91301e-17 1.90096e-17 9.25288e-18 4.51321e-18 2.20629e-18 1.0811e-18 5.31064e-19 2.6155e-19 1.2916e-19 6.39583e-20 3.17603e-20 1.58162e-20 7.89858e-21 3.95564e-21 1.98647e-21 1.00022e-21 5.04831e-22 2.5519e-22 1.28792e-22 6.55735e-23
