0.971849 0.0137281 0.000193921 2.73928e-06 3.86946e-08 5.46591e-10 7.72104e-12 1.09066e-13 1.54064e-15 2.17628e-17 3.07416e-19 4.3425e-21 6.13412e-23 8.66493e-25 1.22399e-26 1.72898e-28 2.44232e-30 3.44998e-32 4.87336e-34 6.88401e-36 9.72421e-38 1.37362e-39 1.94035e-41 2.7409e-43 3.87173e-45 5.46913e-47 7.72558e-49 1.0913e-50 1.54155e-52 2.17756e-54 3.07597e-56 4.34505e-58 6.13773e-60 8.67003e-62 1.22471e-63 1.73e-65 2.44376e-67 3.45201e-69 4.87623e-71 6.88807e-73 9.72994e-75 1.37443e-76 1.94149e-78 2.74251e-80 3.87401e-82 5.47235e-84 7.73013e-86 1.09194e-87 1.54245e-89 2.17884e-91 3.07778e-93 4.34761e-95 6.14135e-97 8.67514e-99 1.22543e-100 1.73102e-102 2.4452e-104 3.45404e-106 4.87911e-108 6.89212e-110 9.73567e-112 1.37524e-113 1.94264e-115 2.74413e-117 3.8763e-119 5.47557e-121 7.73468e-123 1.09259e-124 1.54336e-126 2.18012e-128 3.07959e-130 4.35017e-132 6.14496e-134 8.68024e-136 1.22615e-137 1.73204e-139 2.44664e-141 3.45607e-143 4.88198e-145 6.89618e-147 9.7414e-149 1.37605e-150 1.94378e-152 2.74574e-154 3.87858e-156 5.4788e-158 7.73924e-160 1.09323e-161 1.54427e-163 2.18141e-165 3.08141e-167 4.35273e-169 6.14858e-171 8.68535e-173 1.22688e-174 1.73306e-176 2.44808e-178 3.45811e-180 4.88485e-182 6.90024e-184 9.74714e-186
0.0137281 0.00028996 5.45254e-06 9.6185e-08 1.62939e-09 2.68402e-11 4.33154e-13 6.88165e-15 1.07987e-16 1.67765e-18 2.58487e-20 3.95512e-22 6.01606e-24 9.10433e-26 1.37169e-27 2.05857e-29 3.07876e-31 4.59034e-33 6.82515e-35 1.01227e-36 1.49793e-38 2.21205e-40 3.26043e-42 4.79737e-44 7.04752e-46 1.03378e-47 1.51434e-49 2.21547e-51 3.23737e-53 4.72538e-55 6.89016e-57 1.00369e-58 1.46073e-60 2.12404e-62 3.08606e-64 4.48033e-66 6.49978e-68 9.42295e-70 1.36518e-71 1.97661e-73 2.86019e-75 4.13639e-77 5.97881e-79 8.6374e-81 1.2472e-82 1.80006e-84 2.5968e-86 3.74457e-88 5.39742e-90 7.7767e-92 1.12005e-93 1.61258e-95 2.32086e-97 3.33908e-99 4.80245e-101 6.90494e-103 9.92483e-105 1.42612e-106 2.04865e-108 2.94209e-110 4.22405e-112 6.06301e-114 8.70038e-116 1.2482e-117 1.79029e-119 2.56724e-121 3.68053e-123 5.27548e-125 7.56e-127 1.08316e-128 1.5516e-130 2.22218e-132 3.182e-134 4.55555e-136 6.52086e-138 9.3324e-140 1.33539e-141 1.91052e-143 2.73292e-145 3.90871e-147 5.58951e-149 7.99189e-151 1.14252e-152 1.6331e-154 2.33402e-156 3.33532e-158 4.76554e-160 6.80818e-162 9.72513e-164 1.38901e-165 1.98365e-167 2.83251e-169 4.04416e-171 5.77345e-173 8.24129e-175 1.17627e-176 1.6787e-178 2.39549e-180 3.418e-182 4.87646e-184 6.95658e-186
0.000193921 5.45254e-06 1.24839e-07 2.57298e-09 4.96743e-11 9.16721e-13 1.63648e-14 2.84748e-16 4.8546e-18 8.1397e-20 1.34596e-21 2.19963e-23 3.55862e-25 5.70697e-27 9.08221e-29 1.43557e-30 2.25542e-32 3.5243e-34 5.48014e-36 8.48363e-38 1.30802e-39 2.00929e-41 3.07605e-43 4.69445e-45 7.14362e-47 1.08414e-48 1.64123e-50 2.4788e-52 3.73567e-54 5.61837e-56 8.43375e-58 1.26372e-59 1.89035e-61 2.82319e-63 4.20998e-65 6.269e-67 9.32235e-69 1.3845e-70 2.05365e-72 3.04266e-74 4.50295e-76 6.657e-78 9.83148e-80 1.45057e-81 2.13823e-83 3.14907e-85 4.63384e-87 6.81307e-89 1.00093e-90 1.46938e-92 2.15551e-94 3.15981e-96 4.62891e-98 6.77662e-100 9.91459e-102 1.44968e-103 2.11844e-105 3.09396e-107 4.51622e-109 6.58877e-111 9.60753e-113 1.40024e-114 2.03979e-116 2.97005e-118 4.32261e-120 6.28835e-122 9.14414e-124 1.32913e-125 1.93116e-127 2.80478e-129 4.07206e-131 5.90974e-133 8.57365e-135 1.2434e-136 1.80263e-138 2.61251e-140 3.78501e-142 5.48201e-144 7.9374e-146 1.14891e-147 1.66251e-149 2.40503e-151 3.47819e-153 5.02884e-155 7.26885e-157 1.05039e-158 1.51748e-160 2.19174e-162 3.16481e-164 4.5688e-166 6.5941e-168 9.51502e-170 1.37267e-171 1.97983e-173 2.85493e-175 4.11597e-177 5.93279e-179 8.54985e-181 1.23189e-182 1.7746e-184 2.55592e-186
2.73928e-06 9.6185e-08 2.57298e-09 6.01173e-11 1.29175e-12 2.61934e-14 5.08838e-16 9.56183e-18 1.74964e-19 3.13237e-21 5.50619e-23 9.52947e-25 1.62726e-26 2.74637e-28 4.58761e-30 7.59349e-32 1.24665e-33 2.03167e-35 3.28905e-37 5.29248e-39 8.46929e-41 1.34844e-42 2.13693e-44 3.3719e-46 5.29935e-48 8.29771e-50 1.29476e-51 2.0138e-53 3.12269e-55 4.82845e-57 7.44603e-59 1.14538e-60 1.75769e-62 2.69128e-64 4.112e-66 6.27005e-68 9.54241e-70 1.44962e-71 2.19835e-73 3.32831e-75 5.03113e-77 7.59371e-79 1.1445e-80 1.72258e-82 2.58923e-84 3.88697e-86 5.82805e-88 8.72828e-90 1.30571e-91 1.95117e-93 2.91267e-95 4.34363e-97 6.47134e-99 9.63232e-101 1.43244e-102 2.12836e-104 3.15972e-106 4.68703e-108 6.94714e-110 1.02892e-111 1.52279e-113 2.25209e-115 3.32837e-117 4.91568e-119 7.25526e-121 1.07016e-122 1.57751e-124 2.32402e-126 3.42178e-128 5.03523e-130 7.40539e-132 1.08854e-133 1.59923e-135 2.34833e-137 3.44661e-139 5.05609e-141 7.41367e-143 1.08656e-144 1.59175e-146 2.33083e-148 3.41161e-150 4.99145e-152 7.29992e-154 1.06718e-155 1.5595e-157 2.27808e-159 3.32654e-161 4.85576e-163 7.08546e-165 1.03354e-166 1.50709e-168 2.19687e-170 3.20133e-172 4.66354e-174 6.7915e-176 9.88741e-178 1.43903e-179 2.09376e-181 3.0455e-183 4.42861e-185 6.43808e-187
3.86946e-08 1.62939e-09 4.96743e-11 1.29175e-12 3.04392e-14 6.69878e-16 1.40122e-17 2.81753e-19 5.48846e-21 1.04154e-22 1.93357e-24 3.52287e-26 6.31518e-28 1.11612e-29 1.94804e-31 3.36236e-33 5.74579e-35 9.73069e-37 1.63452e-38 2.72523e-40 4.51291e-42 7.42663e-44 1.21512e-45 1.97753e-47 3.20239e-49 5.16201e-51 8.28498e-53 1.32438e-54 2.10907e-56 3.34678e-58 5.2931e-60 8.34492e-62 1.31171e-63 2.05604e-65 3.21411e-67 5.01173e-69 7.7959e-71 1.20989e-72 1.87361e-74 2.89536e-76 4.46539e-78 6.87367e-80 1.05615e-81 1.61995e-83 2.48056e-85 3.79228e-87 5.78867e-89 8.82291e-91 1.34284e-92 2.04098e-94 3.09796e-96 4.69634e-98 7.1106e-100 1.07531e-101 1.6243e-103 2.45083e-105 3.69396e-107 5.56185e-109 8.36583e-111 1.25711e-112 1.88725e-114 2.83064e-116 4.24184e-118 6.35109e-120 9.50119e-122 1.42021e-123 2.12122e-125 3.16579e-127 4.72122e-129 7.03573e-131 1.04775e-132 1.5592e-134 2.31877e-136 3.4461e-138 5.11823e-140 7.59698e-142 1.12693e-143 1.6707e-145 2.47541e-147 3.66564e-149 5.42517e-151 8.02496e-153 1.18643e-154 1.75316e-156 2.58928e-158 3.82229e-160 5.63975e-162 8.31747e-164 1.22609e-165 1.80658e-167 2.66073e-169 3.91704e-171 5.76407e-173 8.47854e-175 1.24663e-176 1.83222e-178 2.69185e-180 3.95328e-182 5.80365e-184 8.51695e-186 1.24943e-187
5.46591e-10 2.68402e-11 9.16721e-13 2.61934e-14 6.69878e-16 1.58594e-17 3.54491e-19 7.57619e-21 1.56171e-22 3.12452e-24 6.09595e-26 1.16399e-27 2.18149e-29 4.02209e-31 7.30916e-33 1.31123e-34 2.32522e-36 4.08039e-38 7.09272e-40 1.22224e-41 2.08952e-43 3.54615e-45 5.97768e-47 1.00135e-48 1.66768e-50 2.76237e-52 4.55249e-54 7.46711e-56 1.21932e-57 1.98273e-59 3.21138e-61 5.18201e-63 8.33242e-65 1.33534e-66 2.13321e-68 3.39757e-70 5.3958e-72 8.54588e-74 1.34998e-75 2.12724e-77 3.34405e-79 5.24496e-81 8.20852e-83 1.28198e-84 1.99814e-86 3.10838e-88 4.82658e-90 7.48122e-92 1.15761e-93 1.78827e-95 2.75812e-97 4.24744e-99 6.53128e-101 1.00288e-102 1.53778e-104 2.35485e-106 3.60137e-108 5.50083e-110 8.39192e-112 1.27874e-113 1.9463e-115 2.95908e-117 4.49404e-119 6.8181e-121 1.03336e-122 1.56462e-124 2.36675e-126 3.57677e-128 5.40053e-130 8.14703e-132 1.22797e-133 1.84933e-135 2.78284e-137 4.18422e-139 6.28646e-141 9.43776e-143 1.41583e-144 2.12247e-146 3.17956e-148 4.75987e-150 7.12085e-152 1.0646e-153 1.59059e-155 2.37499e-157 3.54405e-159 5.28539e-161 7.87773e-163 1.17348e-164 1.74706e-166 2.59956e-168 3.86599e-170 5.74634e-172 8.53687e-174 1.26761e-175 1.88131e-177 2.79075e-179 4.13787e-181 6.13238e-183 9.08413e-185 1.34506e-186 1.99072e-188
7.72104e-12 4.33154e-13 1.63648e-14 5.08838e-16 1.40122e-17 3.54491e-19 8.41764e-21 1.90222e-22 4.13003e-24 8.67472e-26 1.77178e-27 3.53305e-29 6.89989e-31 1.3231e-32 2.49637e-34 4.64239e-36 8.52166e-38 1.54595e-39 2.77472e-41 4.93166e-43 8.68696e-45 1.51757e-46 2.63093e-48 4.52884e-50 7.74454e-52 1.31622e-53 2.22412e-55 3.73803e-57 6.25059e-59 1.04021e-60 1.72332e-62 2.84289e-64 4.67091e-66 7.64509e-68 1.24677e-69 2.02625e-71 3.28224e-73 5.30015e-75 8.53312e-77 1.36989e-78 2.19321e-80 3.50217e-82 5.57836e-84 8.86403e-86 1.40525e-87 2.22286e-89 3.5087e-91 5.52698e-93 8.68902e-95 1.36341e-96 2.13542e-98 3.33865e-100 5.21091e-102 8.11965e-104 1.26318e-105 1.9621e-107 3.04318e-109 4.71304e-111 7.28895e-113 1.12573e-114 1.73633e-116 2.67467e-118 4.11497e-120 6.3232e-122 9.70502e-124 1.48785e-125 2.27844e-127 3.48536e-129 5.32597e-131 8.13026e-133 1.23987e-134 1.88897e-136 2.87516e-138 4.37217e-140 6.64262e-142 1.00832e-143 1.52928e-145 2.31745e-147 3.50895e-149 5.3088e-151 8.02557e-153 1.21234e-154 1.82999e-156 2.76029e-158 4.16055e-160 6.26676e-162 9.43276e-164 1.41887e-165 2.13287e-167 3.20409e-169 4.81032e-171 7.2173e-173 1.08222e-174 1.62179e-176 2.42899e-178 3.63588e-180 5.4394e-182 8.13308e-184 1.21542e-185 1.81538e-187 2.71011e-189
1.09066e-13 6.88165e-15 2.84748e-16 9.56183e-18 2.81753e-19 7.57619e-21 1.90222e-22 4.52628e-24 1.03119e-25 2.26604e-27 4.83005e-29 1.00291e-30 2.03551e-32 4.04937e-34 7.91379e-36 1.52223e-37 2.88646e-39 5.40286e-41 9.99443e-43 1.82897e-44 3.31396e-46 5.95e-48 1.05928e-49 1.87107e-51 3.28088e-53 5.71377e-55 9.88724e-57 1.70067e-58 2.90879e-60 4.94875e-62 8.37716e-64 1.41135e-65 2.36712e-67 3.95324e-69 6.57544e-71 1.08948e-72 1.79855e-74 2.9587e-76 4.85096e-78 7.92802e-80 1.29173e-81 2.09849e-83 3.39954e-85 5.4924e-87 8.85072e-89 1.4227e-90 2.28143e-92 3.65004e-94 5.8267e-96 9.28147e-98 1.47541e-99 2.34067e-101 3.7062e-103 5.85744e-105 9.24066e-107 1.45526e-108 2.28792e-110 3.59112e-112 5.62768e-114 8.80561e-116 1.37575e-117 2.1463e-119 3.3437e-121 5.202e-123 8.0823e-125 1.25411e-126 1.94353e-128 3.00825e-130 4.65069e-132 7.18152e-134 1.1077e-135 1.70667e-137 2.6267e-139 4.03844e-141 6.20259e-143 9.51697e-145 1.45881e-146 2.23402e-148 3.418e-150 5.22469e-152 7.97928e-154 1.21756e-155 1.85629e-157 2.82776e-159 4.30414e-161 6.54613e-163 9.94821e-165 1.51069e-166 2.29234e-168 3.47591e-170 5.26678e-172 7.97477e-174 1.20668e-175 1.82462e-177 2.7572e-179 4.16372e-181 6.28375e-183 9.47731e-185 1.42852e-186 2.15192e-188 3.23974e-190
1.54064e-15 1.07987e-16 4.8546e-18 1.74964e-19 5.48846e-21 1.56171e-22 4.13003e-24 1.03119e-25 2.45739e-27 5.63365e-29 1.24985e-30 2.69573e-32 5.67316e-34 1.16837e-35 2.36047e-37 4.68757e-39 9.16577e-41 1.76722e-42 3.36397e-44 6.32883e-46 1.17791e-47 2.17061e-49 3.96321e-51 7.1745e-53 1.28846e-54 2.29672e-56 4.06548e-58 7.14933e-60 1.2495e-61 2.17111e-63 3.75178e-65 6.44961e-67 1.10329e-68 1.8785e-70 3.1842e-72 5.37466e-74 9.03543e-76 1.51312e-77 2.52465e-79 4.19759e-81 6.95561e-83 1.14886e-84 1.89172e-86 3.10566e-88 5.08405e-90 8.29987e-92 1.3514e-93 2.19478e-95 3.55575e-97 5.74701e-99 9.26744e-101 1.49114e-102 2.39414e-104 3.83604e-106 6.13408e-108 9.78985e-110 1.55951e-111 2.47978e-113 3.93615e-115 6.23718e-117 9.86699e-119 1.55841e-120 2.45754e-122 3.86952e-124 6.08376e-126 9.55131e-128 1.49743e-129 2.34443e-131 3.66565e-133 5.72407e-135 8.92711e-137 1.39054e-138 2.1634e-140 3.36189e-142 5.21835e-144 8.09098e-146 1.25313e-147 1.93879e-149 2.99652e-151 4.62659e-153 7.13635e-155 1.09969e-156 1.69299e-158 2.60396e-160 4.0015e-162 6.14362e-164 9.42431e-166 1.44446e-167 2.21207e-169 3.38485e-171 5.17526e-173 7.90651e-175 1.20699e-176 1.84118e-178 2.80652e-180 4.27489e-182 6.50689e-184 9.89737e-186 1.50442e-187 2.28521e-189 3.46894e-191
2.17628e-17 1.67765e-18 8.1397e-20 3.13237e-21 1.04154e-22 3.12452e-24 8.67472e-26 2.26604e-27 5.63365e-29 1.34409e-30 3.09675e-32 6.92352e-34 1.50787e-35 3.20903e-37 6.6906e-39 1.36952e-40 2.75717e-42 5.46791e-44 1.06958e-45 2.06606e-47 3.94495e-49 7.45235e-51 1.39392e-52 2.58332e-54 4.74659e-56 8.65155e-58 1.56506e-59 2.81121e-61 5.01602e-63 8.89393e-65 1.56764e-66 2.74761e-68 4.7901e-70 8.30873e-72 1.43427e-73 2.46453e-75 4.21635e-77 7.18332e-79 1.21893e-80 2.0605e-82 3.47039e-84 5.82452e-86 9.74269e-88 1.6244e-89 2.69997e-91 4.47429e-93 7.39332e-95 1.21829e-96 2.00215e-98 3.28188e-100 5.3662e-102 8.75314e-104 1.42446e-105 2.3129e-107 3.74729e-109 6.05843e-111 9.77494e-113 1.57401e-114 2.52967e-116 4.05797e-118 6.4978e-120 1.03863e-121 1.65733e-123 2.64019e-125 4.19914e-127 6.66807e-129 1.05724e-130 1.67379e-132 2.64604e-134 4.17712e-136 6.58503e-138 1.0367e-139 1.62997e-141 2.55946e-143 4.01398e-145 6.2874e-147 9.8367e-149 1.53717e-150 2.39939e-152 3.74107e-154 5.82664e-156 9.06525e-158 1.40893e-159 2.18754e-161 3.39305e-163 5.25777e-165 8.13951e-167 1.25889e-168 1.94528e-170 3.0032e-172 4.6324e-174 7.13925e-176 1.09934e-177 1.69142e-179 2.60027e-181 3.99429e-183 6.13084e-185 9.40303e-187 1.44108e-188 2.20692e-190 3.37731e-192
3.07416e-19 2.58487e-20 1.34596e-21 5.50619e-23 1.93357e-24 6.09595e-26 1.77178e-27 4.83005e-29 1.24985e-30 3.09675e-32 7.39508e-34 1.71072e-35 3.8492e-37 8.45163e-39 1.81576e-40 3.8256e-42 7.91935e-44 1.61336e-45 3.23916e-47 6.4168e-49 1.25559e-50 2.429e-52 4.6496e-54 8.81316e-56 1.65524e-57 3.08219e-59 5.69326e-61 1.0437e-62 1.89972e-64 3.43464e-66 6.17035e-68 1.10184e-69 1.95635e-71 3.45473e-73 6.06927e-75 1.06101e-76 1.84614e-78 3.19786e-80 5.51558e-82 9.47415e-84 1.62099e-85 2.76301e-87 4.69258e-89 7.94198e-91 1.33965e-92 2.25246e-94 3.77551e-96 6.3095e-98 1.05138e-99 1.74711e-101 2.8954e-103 4.78597e-105 7.89113e-107 1.29793e-108 2.12982e-110 3.48692e-112 5.69616e-114 9.28518e-116 1.51041e-117 2.45202e-119 3.97283e-121 6.42463e-123 1.03703e-124 1.67092e-126 2.68756e-128 4.31538e-130 6.91767e-132 1.10713e-133 1.7691e-135 2.82255e-137 4.49655e-139 7.15294e-141 1.13624e-142 1.80241e-144 2.85527e-146 4.51717e-148 7.13712e-150 1.12624e-151 1.77502e-153 2.79415e-155 4.39323e-157 6.89948e-159 1.08233e-160 1.69597e-162 2.65467e-164 4.1509e-166 6.4837e-168 1.01172e-169 1.57713e-171 2.45613e-173 3.82137e-175 5.9399e-177 9.22444e-179 1.43123e-180 2.21868e-182 3.43639e-184 5.31791e-186 8.22275e-188 1.27039e-189 1.96113e-191 3.02505e-193
4.3425e-21 3.95512e-22 2.19963e-23 9.52947e-25 3.52287e-26 1.16399e-27 3.53305e-29 1.00291e-30 2.69573e-32 6.92352e-34 1.71072e-35 4.08825e-37 9.48929e-39 2.14662e-40 4.74595e-42 1.02792e-43 2.18539e-45 4.56842e-47 9.4039e-49 1.90856e-50 3.82334e-52 7.56733e-54 1.4811e-55 2.8688e-57 5.50293e-59 1.04601e-60 1.97136e-62 3.68559e-64 6.83851e-66 1.25983e-67 2.3053e-69 4.1914e-71 7.57444e-73 1.36092e-74 2.43179e-76 4.32258e-78 7.64518e-80 1.34573e-81 2.35799e-83 4.11363e-85 7.1464e-87 1.23652e-88 2.13127e-90 3.65983e-92 6.26227e-94 1.06785e-95 1.81488e-97 3.07467e-99 5.19291e-101 8.74439e-103 1.46825e-104 2.45846e-106 4.10542e-108 6.8379e-110 1.13604e-111 1.88279e-113 3.11302e-115 5.1353e-117 8.45242e-119 1.38821e-120 2.2752e-122 3.72129e-124 6.07444e-126 9.89647e-128 1.6093e-129 2.61217e-131 4.23244e-133 6.84584e-135 1.10542e-136 1.78202e-138 2.86815e-140 4.60901e-142 7.39521e-144 1.1848e-145 1.89542e-147 3.02794e-149 4.83042e-151 7.69543e-153 1.22434e-154 1.9454e-156 3.0872e-158 4.89304e-160 7.74579e-162 1.22472e-163 1.93419e-165 3.05117e-167 4.80783e-169 7.56756e-171 1.18986e-172 1.86888e-174 2.93236e-176 4.59638e-178 7.19752e-180 1.12597e-181 1.75978e-183 2.74779e-185 4.28657e-187 6.68104e-189 1.04039e-190 1.6187e-192 2.51634e-194
6.13412e-23 6.01606e-24 3.55862e-25 1.62726e-26 6.31518e-28 2.18149e-29 6.89989e-31 2.03551e-32 5.67316e-34 1.50787e-35 3.8492e-37 9.48929e-39 2.26912e-40 5.28185e-42 1.2003e-43 2.66955e-45 5.82269e-47 1.24772e-48 2.63076e-50 5.46502e-52 1.11983e-53 2.26572e-55 4.53052e-57 8.96041e-59 1.75412e-60 3.40117e-62 6.53561e-64 1.24528e-65 2.35384e-67 4.41585e-69 8.22528e-71 1.52177e-72 2.79743e-74 5.11112e-76 9.28428e-78 1.67715e-79 3.0137e-81 5.38804e-83 9.5865e-85 1.69776e-86 2.9934e-88 5.25533e-90 9.18877e-92 1.60031e-93 2.77656e-95 4.79981e-97 8.26826e-99 1.41949e-100 2.42901e-102 4.14337e-104 7.04615e-106 1.19472e-107 2.01996e-109 3.40577e-111 5.72697e-113 9.60521e-115 1.60692e-116 2.68177e-118 4.46498e-120 7.41679e-122 1.22925e-123 2.03293e-125 3.35494e-127 5.52527e-129 9.08141e-131 1.48973e-132 2.43913e-134 3.98622e-136 6.50285e-138 1.05897e-139 1.72155e-141 2.79401e-143 4.52719e-145 7.32381e-147 1.18296e-148 1.90784e-150 3.07235e-152 4.94047e-154 7.93323e-156 1.27212e-157 2.03713e-159 3.25786e-161 5.20332e-163 8.29998e-165 1.32231e-166 2.10406e-168 3.34399e-170 5.3084e-172 8.41713e-174 1.33314e-175 2.10916e-177 3.33329e-179 5.26231e-181 8.29904e-183 1.30748e-184 2.05783e-186 3.23561e-188 5.08258e-190 7.97628e-192 1.25058e-193 1.95897e-195
8.66493e-25 9.10433e-26 5.70697e-27 2.74637e-28 1.11612e-29 4.02209e-31 1.3231e-32 4.04937e-34 1.16837e-35 3.20903e-37 8.45163e-39 2.14662e-40 5.28185e-42 1.26367e-43 2.94858e-45 6.72714e-47 1.50389e-48 3.30043e-50 7.12162e-52 1.513e-53 3.16866e-55 6.54863e-57 1.33682e-58 2.69779e-60 5.38622e-62 1.06462e-63 2.08451e-65 4.04534e-67 7.78515e-69 1.48642e-70 2.81682e-72 5.30017e-74 9.90582e-76 1.83951e-77 3.39516e-79 6.22996e-81 1.13682e-82 2.06342e-84 3.72625e-86 6.69633e-88 1.19776e-89 2.1328e-91 3.78143e-93 6.67667e-95 1.17416e-96 2.05697e-98 3.59016e-100 6.24378e-102 1.08213e-103 1.86924e-105 3.21847e-107 5.52431e-109 9.45359e-111 1.61304e-112 2.74451e-114 4.65685e-116 7.88067e-118 1.33018e-119 2.2396e-121 3.7616e-123 6.30298e-125 1.05371e-126 1.7576e-128 2.92535e-130 4.85861e-132 8.05288e-134 1.33204e-135 2.19903e-137 3.62341e-139 5.95928e-141 9.78322e-143 1.60324e-144 2.62281e-146 4.2835e-148 6.98418e-150 1.13692e-151 1.84784e-153 2.99866e-155 4.85889e-157 7.86153e-159 1.27014e-160 2.0492e-162 3.30154e-164 5.31206e-166 8.53563e-168 1.36976e-169 2.19535e-171 3.51416e-173 5.61837e-175 8.97181e-177 1.431e-178 2.27983e-180 3.62807e-182 5.76723e-184 9.15775e-186 1.4526e-187 2.30171e-189 3.64343e-191 5.76144e-193 9.10169e-195 1.43645e-196
1.22399e-26 1.37169e-27 9.08221e-29 4.58761e-30 1.94804e-31 7.30916e-33 2.49637e-34 7.91379e-36 2.36047e-37 6.6906e-39 1.81576e-40 4.74595e-42 1.2003e-43 2.94858e-45 7.05749e-47 1.65022e-48 3.77789e-50 8.48402e-52 1.87201e-53 4.06433e-55 8.69332e-57 1.83391e-58 3.81935e-60 7.85958e-62 1.59936e-63 3.2206e-65 6.42163e-67 1.2686e-68 2.48427e-70 4.82482e-72 9.29734e-74 1.77831e-75 3.37747e-77 6.37171e-79 1.19438e-80 2.22524e-82 4.12171e-84 7.59202e-86 1.39097e-87 2.53547e-89 4.59905e-91 8.30292e-93 1.4922e-94 2.67013e-96 4.75792e-98 8.44398e-100 1.49275e-101 2.62902e-103 4.61344e-105 8.06741e-107 1.40595e-108 2.44222e-110 4.22883e-112 7.29998e-114 1.2564e-115 2.15617e-117 3.68994e-119 6.2976e-121 1.07198e-122 1.82004e-124 3.08244e-126 5.20782e-128 8.77795e-130 1.47616e-131 2.47688e-133 4.14698e-135 6.92849e-137 1.15518e-138 1.92213e-140 3.19202e-142 5.29074e-144 8.75296e-146 1.44544e-147 2.38272e-149 3.92093e-151 6.4412e-153 1.05638e-154 1.7297e-156 2.82768e-158 4.61546e-160 7.52208e-162 1.22409e-163 1.98911e-165 3.22763e-167 5.22999e-169 8.46298e-171 1.36762e-172 2.20716e-174 3.55749e-176 5.72671e-178 9.20723e-180 1.47851e-181 2.37139e-183 3.79904e-185 6.07919e-187 9.71691e-189 1.55142e-190 2.47435e-192 3.94211e-194 6.27395e-196 9.97486e-198
1.72898e-28 2.05857e-29 1.43557e-30 7.59349e-32 3.36236e-33 1.31123e-34 4.64239e-36 1.52223e-37 4.68757e-39 1.36952e-40 3.8256e-42 1.02792e-43 2.66955e-45 6.72714e-47 1.65022e-48 3.95131e-50 9.25607e-52 2.12543e-53 4.79222e-55 1.06251e-56 2.31954e-58 4.99151e-60 1.0599e-61 2.22274e-63 4.60743e-65 9.44689e-67 1.91719e-68 3.8534e-70 7.67478e-72 1.51546e-73 2.96809e-75 5.76827e-77 1.1128e-78 2.13181e-80 4.05676e-82 7.67087e-84 1.44168e-85 2.69379e-87 5.00541e-89 9.25114e-91 1.70108e-92 3.11257e-94 5.66836e-96 1.02759e-97 1.85472e-99 3.33351e-101 5.96702e-103 1.06391e-104 1.88976e-106 3.34437e-108 5.89768e-110 1.03647e-111 1.81548e-113 3.16978e-115 5.5171e-117 9.57369e-119 1.65643e-120 2.85779e-122 4.91682e-124 8.43669e-126 1.44386e-127 2.46476e-129 4.19711e-131 7.12985e-133 1.20835e-134 2.04322e-136 3.44725e-138 5.80347e-140 9.74957e-142 1.63451e-143 2.73474e-145 4.5666e-147 7.61092e-149 1.2661e-150 2.10235e-152 3.4847e-154 5.7659e-156 9.52418e-158 1.57059e-159 2.58575e-161 4.25028e-163 6.97539e-165 1.14302e-166 1.8702e-168 3.0555e-170 4.98485e-172 8.121e-174 1.32119e-175 2.14651e-177 3.48276e-179 5.6435e-181 9.13308e-183 1.47619e-184 2.38303e-186 3.84233e-188 6.18791e-190 9.95376e-192 1.59931e-193 2.5668e-195 4.11502e-197 6.58993e-199
2.44232e-30 3.07876e-31 2.25542e-32 1.24665e-33 5.74579e-35 2.32522e-36 8.52166e-38 2.88646e-39 9.16577e-41 2.75717e-42 7.91935e-44 2.18539e-45 5.82269e-47 1.50389e-48 3.77789e-50 9.25607e-52 2.21702e-53 5.20182e-55 1.19767e-56 2.71003e-58 6.03453e-60 1.3239e-61 2.86457e-63 6.11874e-65 1.29129e-66 2.69445e-68 5.56284e-70 1.13703e-71 2.30216e-73 4.61971e-75 9.19204e-77 1.81432e-78 3.55383e-80 6.91064e-82 1.33452e-83 2.56011e-85 4.88025e-87 9.24692e-89 1.74194e-90 3.2633e-92 6.08084e-94 1.12731e-95 2.07963e-97 3.81829e-99 6.97862e-101 1.26987e-102 2.30094e-104 4.15214e-106 7.46312e-108 1.33631e-109 2.38391e-111 4.23756e-113 7.5065e-115 1.32526e-116 2.33212e-118 4.091e-120 7.15446e-122 1.24748e-123 2.16888e-125 3.76025e-127 6.5015e-129 1.12113e-130 1.92832e-132 3.30834e-134 5.66208e-136 9.66734e-138 1.64675e-139 2.79876e-141 4.74616e-143 8.03126e-145 1.35616e-146 2.28532e-148 3.84336e-150 6.45097e-152 1.08071e-153 1.80708e-155 3.01616e-157 5.0252e-159 8.35783e-161 1.38768e-162 2.30017e-164 3.80642e-166 6.28894e-168 1.03742e-169 1.70869e-171 2.81007e-173 4.61455e-175 7.56678e-177 1.23901e-178 2.02598e-180 3.30827e-182 5.39492e-184 8.78613e-186 1.42906e-187 2.3214e-189 3.76627e-191 6.10297e-193 9.87758e-195 1.59679e-196 2.57835e-198 4.15855e-200
3.44998e-32 4.59034e-33 3.5243e-34 2.03167e-35 9.73069e-37 4.08039e-38 1.54595e-39 5.40286e-41 1.76722e-42 5.46791e-44 1.61336e-45 4.56842e-47 1.24772e-48 3.30043e-50 8.48402e-52 2.12543e-53 5.20182e-55 1.2463e-56 2.92839e-58 6.75847e-60 1.53417e-61 3.42946e-63 7.55744e-65 1.64336e-66 3.52916e-68 7.49079e-70 1.57255e-71 3.26722e-73 6.72201e-75 1.37024e-76 2.76874e-78 5.54815e-80 1.10299e-81 2.17632e-83 4.26332e-85 8.29454e-87 1.6032e-88 3.07932e-90 5.8791e-92 1.11599e-93 2.10673e-95 3.95589e-97 7.39026e-99 1.37384e-100 2.54188e-102 4.68153e-104 8.58432e-106 1.56738e-107 2.85009e-109 5.16196e-111 9.31324e-113 1.67406e-114 2.9983e-116 5.35134e-118 9.51873e-120 1.6876e-121 2.98246e-123 5.25454e-125 9.22974e-127 1.6165e-128 2.8231e-130 4.91673e-132 8.54e-134 1.47946e-135 2.55646e-137 4.40652e-139 7.57706e-141 1.29981e-142 2.22464e-144 3.79894e-146 6.4731e-148 1.10061e-149 1.86743e-151 3.16205e-153 5.34351e-155 9.01232e-157 1.51711e-158 2.54912e-160 4.27532e-162 7.15766e-164 1.19623e-165 1.99579e-167 3.3242e-169 5.52774e-171 9.17717e-173 1.5212e-174 2.51763e-176 4.16046e-178 6.86508e-180 1.13114e-181 1.8611e-183 3.05783e-185 5.01717e-187 8.2209e-189 1.34525e-190 2.19849e-192 3.5883e-194 5.84938e-196 9.52346e-198 1.54865e-199 2.51534e-201
4.87336e-34 6.82515e-35 5.48014e-36 3.28905e-37 1.63452e-38 7.09272e-40 2.77472e-41 9.99443e-43 3.36397e-44 1.06958e-45 3.23916e-47 9.4039e-49 2.63076e-50 7.12162e-52 1.87201e-53 4.79222e-55 1.19767e-56 2.92839e-58 7.01794e-60 1.65109e-61 3.81873e-63 8.69349e-65 1.95017e-66 4.31497e-68 9.42532e-70 2.03409e-71 4.34022e-73 9.16228e-75 1.91472e-76 3.96324e-78 8.1294e-80 1.6532e-81 3.33455e-83 6.67364e-85 1.32574e-86 2.61499e-88 5.12313e-90 9.97192e-92 1.92894e-93 3.70909e-95 7.0913e-97 1.34832e-98 2.55012e-100 4.79858e-102 8.98529e-104 1.67454e-105 3.10651e-107 5.73765e-109 1.05522e-110 1.9327e-112 3.52577e-114 6.40717e-116 1.15999e-117 2.09252e-119 3.76147e-121 6.73854e-123 1.2032e-124 2.14148e-126 3.79956e-128 6.72101e-130 1.18537e-131 2.08463e-133 3.65584e-135 6.3939e-137 1.1153e-138 1.94043e-140 3.36752e-142 5.82984e-144 1.00685e-145 1.73482e-147 2.98233e-149 5.11552e-151 8.75547e-153 1.49536e-154 2.54866e-156 4.33506e-158 7.35897e-160 1.2468e-161 2.10838e-163 3.55874e-165 5.99587e-167 1.0084e-168 1.69301e-170 2.83755e-172 4.74787e-174 7.93126e-176 1.32278e-177 2.20266e-179 3.66215e-181 6.07947e-183 1.00774e-184 1.66802e-186 2.75694e-188 4.55035e-190 7.50003e-192 1.2345e-193 2.02928e-195 3.33139e-197 5.46199e-199 8.94391e-201 1.46273e-202
6.88401e-36 1.01227e-36 8.48363e-38 5.29248e-39 2.72523e-40 1.22224e-41 4.93166e-43 1.82897e-44 6.32883e-46 2.06606e-47 6.4168e-49 1.90856e-50 5.46502e-52 1.513e-53 4.06433e-55 1.06251e-56 2.71003e-58 6.75847e-60 1.65109e-61 3.95776e-63 9.32198e-65 2.16022e-66 4.93066e-68 1.1096e-69 2.46421e-71 5.40492e-73 1.17171e-74 2.51225e-76 5.33064e-78 1.11999e-79 2.33125e-81 4.80959e-83 9.83919e-85 1.99672e-86 4.02109e-88 8.03875e-90 1.59585e-91 3.14689e-93 6.16567e-95 1.20061e-96 2.32409e-98 4.47336e-100 8.56323e-102 1.63062e-103 3.08933e-105 5.82436e-107 1.0929e-108 2.04142e-110 3.79638e-112 7.02999e-114 1.29643e-115 2.38127e-117 4.357e-119 7.94214e-121 1.44248e-122 2.61064e-124 4.70866e-126 8.46454e-128 1.51672e-129 2.7092e-131 4.82447e-133 8.56578e-135 1.51644e-136 2.67708e-138 4.71307e-140 8.27529e-142 1.44921e-143 2.53146e-145 4.41098e-147 7.66736e-149 1.32963e-150 2.30044e-152 3.97111e-154 6.84001e-156 1.17562e-157 2.01632e-159 3.45111e-161 5.89499e-163 1.00497e-164 1.70994e-166 2.90397e-168 4.92265e-170 8.32952e-172 1.40692e-173 2.37227e-175 3.99319e-177 6.71041e-179 1.12581e-180 1.88577e-182 3.15373e-184 5.2661e-186 8.78002e-188 1.46169e-189 2.42986e-191 4.0335e-193 6.6861e-195 1.10678e-196 1.82962e-198 3.0205e-200 4.97998e-202 8.20004e-204
9.72421e-38 1.49793e-38 1.30802e-39 8.46929e-41 4.51291e-42 2.08952e-43 8.68696e-45 3.31396e-46 1.17791e-47 3.94495e-49 1.25559e-50 3.82334e-52 1.11983e-53 3.16866e-55 8.69332e-57 2.31954e-58 6.03453e-60 1.53417e-61 3.81873e-63 9.32198e-65 2.23499e-66 5.2697e-68 1.22331e-69 2.79883e-71 6.3169e-73 1.40761e-74 3.09913e-76 6.7464e-78 1.45295e-79 3.0976e-81 6.54066e-83 1.36852e-84 2.83859e-86 5.83929e-88 1.19175e-89 2.41399e-91 4.85458e-93 9.69541e-95 1.92356e-96 3.79215e-98 7.43045e-100 1.44743e-101 2.80369e-103 5.40136e-105 1.03515e-106 1.97382e-108 3.74537e-110 7.07356e-112 1.32986e-113 2.48921e-115 4.63948e-117 8.61164e-119 1.59209e-120 2.93202e-122 5.37941e-124 9.83376e-126 1.7913e-127 3.25179e-129 5.88337e-131 1.06101e-132 1.90739e-134 3.41842e-136 6.10817e-138 1.08825e-139 1.93338e-141 3.42531e-143 6.05218e-145 1.06655e-146 1.87471e-148 3.28699e-150 5.7491e-152 1.00315e-153 1.74628e-155 3.03301e-157 5.25611e-159 9.08883e-161 1.56829e-162 2.70046e-164 4.64048e-166 7.95831e-168 1.36216e-169 2.32705e-171 3.96795e-173 6.75351e-175 1.14739e-176 1.94592e-178 3.29448e-180 5.56817e-182 9.39538e-184 1.58273e-185 2.66198e-187 4.47012e-189 7.49485e-191 1.25473e-192 2.09744e-194 3.50102e-196 5.83548e-198 9.71284e-200 1.61441e-201 2.67973e-203 4.44208e-205
1.37362e-39 2.21205e-40 2.00929e-41 1.34844e-42 7.42663e-44 3.54615e-45 1.51757e-46 5.95e-48 2.17061e-49 7.45235e-51 2.429e-52 7.56733e-54 2.26572e-55 6.54863e-57 1.83391e-58 4.99151e-60 1.3239e-61 3.42946e-63 8.69349e-65 2.16022e-66 5.2697e-68 1.26367e-69 2.98231e-71 6.93424e-73 1.58994e-74 3.59806e-76 8.04261e-78 1.77693e-79 3.88299e-81 8.39726e-83 1.79812e-84 3.81437e-86 8.01951e-88 1.67177e-89 3.45684e-91 7.09272e-93 1.44452e-94 2.92111e-96 5.86699e-98 1.1707e-99 2.32138e-101 4.57537e-103 8.9657e-105 1.74708e-106 3.38611e-108 6.52875e-110 1.2525e-111 2.39124e-113 4.54391e-115 8.59546e-117 1.61883e-118 3.03592e-120 5.67009e-122 1.05477e-123 1.95452e-125 3.60821e-127 6.63681e-129 1.21643e-130 2.22187e-132 4.04477e-134 7.33928e-136 1.3275e-137 2.39374e-139 4.30339e-141 7.71388e-143 1.37877e-144 2.45756e-146 4.36852e-148 7.74487e-150 1.36952e-151 2.41561e-153 4.25023e-155 7.46021e-157 1.30637e-158 2.28234e-160 3.97848e-162 6.91985e-164 1.20099e-165 2.08002e-167 3.59499e-169 6.20083e-171 1.06744e-172 1.83397e-174 3.14498e-176 5.38312e-178 9.19723e-180 1.56857e-181 2.67046e-183 4.5386e-185 7.70059e-187 1.30439e-188 2.20588e-190 3.72448e-192 6.27866e-194 1.05682e-195 1.77614e-197 2.98063e-199 4.99466e-201 8.35759e-203 1.39651e-204 2.33027e-206
1.94035e-41 3.26043e-42 3.07605e-43 2.13693e-44 1.21512e-45 5.97768e-47 2.63093e-48 1.05928e-49 3.96321e-51 1.39392e-52 4.6496e-54 1.4811e-55 4.53052e-57 1.33682e-58 3.81935e-60 1.0599e-61 2.86457e-63 7.55744e-65 1.95017e-66 4.93066e-68 1.22331e-69 2.98231e-71 7.15278e-73 1.68953e-74 3.93412e-76 9.03846e-78 2.05045e-79 4.59645e-81 1.01882e-82 2.23426e-84 4.85031e-86 1.04285e-87 2.22176e-89 4.69222e-91 9.82744e-93 2.04194e-94 4.21055e-96 8.61916e-98 1.75208e-99 3.53774e-101 7.09738e-103 1.41507e-104 2.80455e-106 5.52655e-108 1.08302e-109 2.11105e-111 4.09374e-113 7.89905e-115 1.51683e-116 2.89917e-118 5.51633e-120 1.04503e-121 1.97136e-123 3.70357e-125 6.93018e-127 1.29178e-128 2.39883e-130 4.4384e-132 8.18301e-134 1.50349e-135 2.75315e-137 5.02506e-139 9.14262e-141 1.65827e-142 2.99865e-144 5.40655e-146 9.72001e-148 1.7426e-149 3.1156e-151 5.55555e-153 9.88055e-155 1.75279e-156 3.1017e-158 5.47538e-160 9.64266e-162 1.69422e-163 2.97001e-165 5.19492e-167 9.06683e-169 1.57909e-170 2.74443e-172 4.76003e-174 8.23947e-176 1.42343e-177 2.45436e-179 4.22399e-181 7.25613e-183 1.24423e-184 2.12972e-186 3.63906e-188 6.20743e-190 1.05707e-191 1.79714e-193 3.0504e-195 5.1694e-197 8.74673e-199 1.4777e-200 2.4927e-202 4.19866e-204 7.06187e-206 1.18606e-207
2.7409e-43 4.79737e-44 4.69445e-45 3.3719e-46 1.97753e-47 1.00135e-48 4.52884e-50 1.87107e-51 7.1745e-53 2.58332e-54 8.81316e-56 2.8688e-57 8.96041e-59 2.69779e-60 7.85958e-62 2.22274e-63 6.11874e-65 1.64336e-66 4.31497e-68 1.1096e-69 2.79883e-71 6.93424e-73 1.68953e-74 4.05279e-76 9.5805e-78 2.23384e-79 5.14158e-81 1.16906e-82 2.62761e-84 5.84166e-86 1.2853e-87 2.80019e-89 6.04357e-91 1.29275e-92 2.74173e-94 5.76752e-96 1.20382e-97 2.49395e-99 5.12975e-101 1.04789e-102 2.12648e-104 4.28788e-106 8.59342e-108 1.71209e-109 3.3917e-111 6.68229e-113 1.30958e-114 2.55338e-116 4.95393e-118 9.56542e-120 1.83842e-121 3.51751e-123 6.70095e-125 1.27117e-126 2.40156e-128 4.51915e-130 8.47115e-132 1.58197e-133 2.94356e-135 5.45764e-137 1.00841e-138 1.857e-140 3.40852e-142 6.23642e-144 1.13751e-145 2.06853e-147 3.75046e-149 6.78041e-151 1.22238e-152 2.19768e-154 3.94057e-156 7.04718e-158 1.25707e-159 2.23676e-161 3.97024e-163 7.03033e-165 1.24199e-166 2.1891e-168 3.84983e-170 6.75559e-172 1.18291e-173 2.06694e-175 3.60419e-177 6.27206e-179 1.08931e-180 1.88822e-182 3.26681e-184 5.64139e-186 9.72416e-188 1.67316e-189 2.87381e-191 4.92749e-193 8.43442e-195 1.44132e-196 2.45897e-198 4.18839e-200 7.12285e-202 1.20944e-203 2.05047e-205 3.47112e-207 5.86739e-209
3.87173e-45 7.04752e-46 7.14362e-47 5.29935e-48 3.20239e-49 1.66768e-50 7.74454e-52 3.28088e-53 1.28846e-54 4.74659e-56 1.65524e-57 5.50293e-59 1.75412e-60 5.38622e-62 1.59936e-63 4.60743e-65 1.29129e-66 3.52916e-68 9.42532e-70 2.46421e-71 6.3169e-73 1.58994e-74 3.93412e-76 9.5805e-78 2.29846e-79 5.43732e-81 1.26937e-82 2.92663e-84 6.66836e-86 1.50249e-87 3.34962e-89 7.39259e-91 1.61594e-92 3.50006e-94 7.515e-96 1.60012e-97 3.37991e-99 7.08483e-101 1.47422e-102 3.04603e-104 6.25117e-106 1.27455e-107 2.58243e-109 5.20085e-111 1.04133e-112 2.07329e-114 4.10555e-116 8.08729e-118 1.58501e-119 3.09119e-121 6.00007e-123 1.15927e-124 2.22986e-126 4.27058e-128 8.14464e-130 1.54698e-131 2.9267e-133 5.51567e-135 1.0356e-136 1.93734e-138 3.61143e-140 6.70895e-142 1.24214e-143 2.29227e-145 4.21673e-147 7.73276e-149 1.41376e-150 2.5771e-152 4.68416e-154 8.49001e-156 1.53457e-157 2.76629e-159 4.97356e-161 8.91906e-163 1.59544e-164 2.8469e-166 5.06781e-168 9.00007e-170 1.59467e-171 2.81913e-173 4.9728e-175 8.7528e-177 1.53735e-178 2.6946e-180 4.71337e-182 8.22815e-184 1.43358e-185 2.49291e-187 4.32687e-189 7.49613e-191 1.29632e-192 2.23776e-194 3.85616e-196 6.63362e-198 1.13923e-199 1.95324e-201 3.34343e-203 5.7139e-205 9.74967e-207 1.66102e-208 2.82554e-210
5.46913e-47 1.03378e-47 1.08414e-48 8.29771e-50 5.16201e-51 2.76237e-52 1.31622e-53 5.71377e-55 2.29672e-56 8.65155e-58 3.08219e-59 1.04601e-60 3.40117e-62 1.06462e-63 3.2206e-65 9.44689e-67 2.69445e-68 7.49079e-70 2.03409e-71 5.40492e-73 1.40761e-74 3.59806e-76 9.03846e-78 2.23384e-79 5.43732e-81 1.30463e-82 3.08835e-84 7.21816e-86 1.66682e-87 3.80529e-89 8.59362e-91 1.92081e-92 4.25138e-94 9.322e-96 2.02584e-97 4.36508e-99 9.32881e-101 1.97814e-102 4.16318e-104 8.69879e-106 1.80501e-107 3.72053e-109 7.61975e-111 1.55092e-112 3.13794e-114 6.31247e-116 1.26281e-117 2.51272e-119 4.97383e-121 9.79612e-123 1.92e-124 3.74541e-126 7.27295e-128 1.40603e-129 2.70651e-131 5.18809e-133 9.9047e-135 1.88348e-136 3.56791e-138 6.73358e-140 1.26619e-141 2.37256e-143 4.43034e-145 8.24518e-147 1.52947e-148 2.82812e-150 5.21317e-152 9.58047e-154 1.75544e-155 3.2072e-157 5.84304e-159 1.06158e-160 1.92351e-162 3.47607e-164 6.26561e-166 1.12653e-167 2.02044e-169 3.61495e-171 6.45255e-173 1.14909e-174 2.04169e-176 3.61961e-178 6.40305e-180 1.13028e-181 1.99102e-183 3.50004e-185 6.14042e-187 1.07514e-188 1.87885e-190 3.27712e-192 5.70536e-194 9.91467e-196 1.71986e-197 2.97811e-199 5.14795e-201 8.8836e-203 1.53044e-204 2.63226e-206 4.52001e-208 7.74924e-210 1.32648e-211
7.72558e-49 1.51434e-49 1.64123e-50 1.29476e-51 8.28498e-53 4.55249e-54 2.22412e-55 9.88724e-57 4.06548e-58 1.56506e-59 5.69326e-61 1.97136e-62 6.53561e-64 2.08451e-65 6.42163e-67 1.91719e-68 5.56284e-70 1.57255e-71 4.34022e-73 1.17171e-74 3.09913e-76 8.04261e-78 2.05045e-79 5.14158e-81 1.26937e-82 3.08835e-84 7.41109e-86 1.75545e-87 4.10724e-89 9.4983e-91 2.17237e-92 4.91642e-94 1.10157e-95 2.44467e-97 5.37607e-99 1.17198e-100 2.53364e-102 5.43369e-104 1.1564e-105 2.44298e-107 5.12451e-109 1.06764e-110 2.20975e-112 4.5448e-114 9.29045e-116 1.88799e-117 3.81499e-119 7.66652e-121 1.53248e-122 3.04758e-124 6.03046e-126 1.18754e-127 2.32763e-129 4.54159e-131 8.8224e-133 1.7065e-134 3.28716e-136 6.30636e-138 1.20512e-139 2.29415e-141 4.35108e-143 8.2224e-145 1.54834e-146 2.90564e-148 5.43452e-150 1.01312e-151 1.88267e-153 3.48769e-155 6.44141e-157 1.18614e-158 2.17787e-160 3.98749e-162 7.28056e-164 1.32573e-165 2.40767e-167 4.36127e-169 7.88008e-171 1.42027e-172 2.55363e-174 4.5805e-176 8.19705e-178 1.46356e-179 2.60733e-181 4.63477e-183 8.22106e-185 1.45517e-186 2.57041e-188 4.53119e-190 7.97183e-192 1.39977e-193 2.45315e-195 4.29117e-197 7.49248e-199 1.30583e-200 2.27184e-202 3.94554e-204 6.84053e-206 1.18397e-207 2.04582e-209 3.52928e-211 6.07867e-213
1.0913e-50 2.21547e-51 2.4788e-52 2.0138e-53 1.32438e-54 7.46711e-56 3.73803e-57 1.70067e-58 7.14933e-60 2.81121e-61 1.0437e-62 3.68559e-64 1.24528e-65 4.04534e-67 1.2686e-68 3.8534e-70 1.13703e-71 3.26722e-73 9.16228e-75 2.51225e-76 6.7464e-78 1.77693e-79 4.59645e-81 1.16906e-82 2.92663e-84 7.21816e-86 1.75545e-87 4.213e-89 9.98496e-91 2.3385e-92 5.41532e-94 1.24065e-95 2.81339e-97 6.31797e-99 1.40566e-100 3.09965e-102 6.77709e-104 1.46969e-105 3.16229e-107 6.7532e-109 1.43177e-110 3.01449e-112 6.30436e-114 1.30997e-115 2.70505e-117 5.55233e-119 1.13305e-120 2.29925e-122 4.64047e-124 9.31651e-126 1.86094e-127 3.69885e-129 7.31683e-131 1.44066e-132 2.82387e-134 5.51094e-136 1.07093e-137 2.07252e-139 3.99477e-141 7.66984e-143 1.46699e-144 2.79549e-146 5.30788e-148 1.00428e-149 1.89365e-151 3.55869e-153 6.66597e-155 1.24467e-156 2.31682e-158 4.29945e-160 7.9551e-162 1.46764e-163 2.69998e-165 4.95336e-167 9.0628e-169 1.65376e-170 3.00994e-172 5.46437e-174 9.89561e-176 1.78767e-177 3.22179e-179 5.79285e-181 1.03919e-182 1.86003e-184 3.32193e-186 5.92003e-188 1.05278e-189 1.86832e-191 3.30887e-193 5.84843e-195 1.03168e-196 1.81642e-198 3.19202e-200 5.59895e-202 9.80292e-204 1.71327e-205 2.98902e-207 5.20572e-209 9.05091e-211 1.571e-212 2.72237e-214
1.54155e-52 3.23737e-53 3.73567e-54 3.12269e-55 2.10907e-56 1.21932e-57 6.25059e-59 2.90879e-60 1.2495e-61 5.01602e-63 1.89972e-64 6.83851e-66 2.35384e-67 7.78515e-69 2.48427e-70 7.67478e-72 2.30216e-73 6.72201e-75 1.91472e-76 5.33064e-78 1.45295e-79 3.88299e-81 1.01882e-82 2.62761e-84 6.66836e-86 1.66682e-87 4.10724e-89 9.98496e-91 2.39659e-92 5.68303e-94 1.3322e-95 3.08894e-97 7.08797e-99 1.61034e-100 3.624e-102 8.08196e-104 1.78677e-105 3.91744e-107 8.52046e-109 1.83903e-110 3.9401e-112 8.38187e-114 1.77094e-115 3.71707e-117 7.75239e-119 1.60695e-120 3.31126e-122 6.78412e-124 1.38224e-125 2.80118e-127 5.64728e-129 1.13279e-130 2.26118e-132 4.49221e-134 8.88355e-136 1.74893e-137 3.42822e-139 6.69163e-141 1.3008e-142 2.51857e-144 4.85744e-146 9.33286e-148 1.78657e-149 3.4077e-151 6.47709e-153 1.22691e-154 2.31631e-156 4.35879e-158 8.17624e-160 1.52895e-161 2.85045e-163 5.29843e-165 9.82023e-167 1.81495e-168 3.34507e-170 6.14847e-172 1.12714e-173 2.0609e-175 3.75867e-177 6.83799e-179 1.24097e-180 2.24677e-182 4.05824e-184 7.31338e-186 1.31499e-187 2.3592e-189 4.22344e-191 7.54477e-193 1.34499e-194 2.39278e-196 4.24829e-198 7.52781e-200 1.33132e-201 2.35e-203 4.14039e-205 7.28143e-207 1.27823e-208 2.2399e-210 3.91825e-212 6.84242e-214 1.19288e-215
2.17756e-54 4.72538e-55 5.61837e-56 4.82845e-57 3.34678e-58 1.98273e-59 1.04021e-60 4.94875e-62 2.17111e-63 8.89393e-65 3.43464e-66 1.25983e-67 4.41585e-69 1.48642e-70 4.82482e-72 1.51546e-73 4.61971e-75 1.37024e-76 3.96324e-78 1.11999e-79 3.0976e-81 8.39726e-83 2.23426e-84 5.84166e-86 1.50249e-87 3.80529e-89 9.4983e-91 2.3385e-92 5.68303e-94 1.36417e-95 3.23646e-97 7.59337e-99 1.76275e-100 4.05087e-102 9.21949e-104 2.07897e-105 4.64667e-107 1.02979e-108 2.26369e-110 4.93726e-112 1.06878e-113 2.2969e-115 4.90195e-117 1.03914e-118 2.18858e-120 4.5807e-122 9.52955e-124 1.97093e-125 4.05335e-127 8.29042e-129 1.68668e-130 3.41395e-132 6.87566e-134 1.37806e-135 2.74905e-137 5.45903e-139 1.07925e-140 2.12449e-142 4.16453e-144 8.13028e-146 1.58096e-147 3.06234e-149 5.90949e-151 1.13619e-152 2.17668e-154 4.15549e-156 7.90623e-158 1.49924e-159 2.83375e-161 5.33917e-163 1.00286e-164 1.87797e-166 3.50633e-168 6.52767e-170 1.21181e-171 2.24339e-173 4.14187e-175 7.6267e-177 1.4007e-178 2.56596e-180 4.6889e-182 8.54732e-184 1.55435e-185 2.81998e-187 5.10438e-189 9.21848e-191 1.66117e-192 2.98692e-194 5.35928e-196 9.59576e-198 1.71459e-199 3.05748e-201 5.44135e-203 9.66503e-205 1.71344e-206 3.03192e-208 5.35506e-210 9.4411e-212 1.66152e-213 2.91894e-215 5.11911e-217
3.07597e-56 6.89016e-57 8.43375e-58 7.44603e-59 5.2931e-60 3.21138e-61 1.72332e-62 8.37716e-64 3.75178e-65 1.56764e-66 6.17035e-68 2.3053e-69 8.22528e-71 2.81682e-72 9.29734e-74 2.96809e-75 9.19204e-77 2.76874e-78 8.1294e-80 2.33125e-81 6.54066e-83 1.79812e-84 4.85031e-86 1.2853e-87 3.34962e-89 8.59362e-91 2.17237e-92 5.41532e-94 1.3322e-95 3.23646e-97 7.76957e-99 1.84417e-100 4.33028e-102 1.00637e-103 2.3159e-105 5.27955e-107 1.19277e-108 2.67154e-110 5.93424e-112 1.30769e-113 2.85969e-115 6.20765e-117 1.33798e-118 2.86417e-120 6.09082e-122 1.28701e-123 2.70277e-125 5.64219e-127 1.17107e-128 2.41707e-130 4.96189e-132 1.01328e-133 2.05873e-135 4.16225e-137 8.37482e-139 1.67726e-140 3.34397e-142 6.63765e-144 1.31192e-145 2.58222e-147 5.06196e-149 9.88393e-151 1.92252e-152 3.72548e-154 7.19293e-156 1.38383e-157 2.65305e-159 5.06915e-161 9.65348e-163 1.83242e-164 3.46732e-166 6.54059e-168 1.23006e-169 2.3065e-171 4.31244e-173 8.04013e-175 1.49486e-176 2.77178e-178 5.12583e-180 9.45452e-182 1.73943e-183 3.19221e-185 5.84403e-187 1.06731e-188 1.94468e-190 3.53509e-192 6.41167e-194 1.16032e-195 2.09525e-197 3.77541e-199 6.7886e-201 1.21815e-202 2.18143e-204 3.89866e-206 6.95411e-208 1.23803e-209 2.1999e-211 3.90182e-213 6.90777e-215 1.22076e-216 2.15355e-218
