0.559515 0.0168018 0.0131442 0.0102828 0.00804434 0.00629317 0.0049232 0.00385147 0.00301304 0.00235713 0.00184401 0.00144258 0.00112855 0.000882873 0.00069068 0.000540326 0.000422702 0.000330684 0.000258697 0.000202381 0.000158325 0.000123859 9.68961e-05 7.58027e-05 5.93012e-05 4.63919e-05 3.62928e-05 2.83922e-05 2.22115e-05 1.73763e-05 1.35936e-05 1.06344e-05 8.31941e-06 6.50835e-06 5.09155e-06 3.98317e-06 3.11607e-06 2.43773e-06 1.90706e-06 1.49191e-06 1.16714e-06 9.13062e-07 7.14297e-07 5.58802e-07 4.37156e-07 3.41991e-07 2.67543e-07 2.09301e-07 1.63738e-07 1.28094e-07 1.00209e-07 7.83947e-08 6.13289e-08 4.79782e-08 3.75338e-08 2.93631e-08 2.2971e-08 1.79704e-08 1.40584e-08 1.09981e-08 8.60388e-09 6.7309e-09 5.26565e-09 4.11937e-09 3.22262e-09 2.52109e-09 1.97227e-09 1.54293e-09 1.20705e-09 9.44283e-10 7.38722e-10 5.77909e-10 4.52104e-10 3.53685e-10 2.76691e-10 2.16458e-10 1.69337e-10 1.32474e-10 1.03636e-10 8.10753e-11 6.3426e-11 4.96188e-11 3.88172e-11 3.03671e-11 2.37565e-11 1.85849e-11 1.45392e-11 1.13741e-11 8.89808e-12 6.96105e-12 5.4457e-12 4.26022e-12 3.33281e-12 2.60729e-12 2.03971e-12 1.59568e-12 1.24832e-12 9.76572e-13 7.63981e-13 5.9767e-13 4.67563e-13
0.0168018 0.00579264 0.00482788 0.00400864 0.0033173 0.00273699 0.00225213 0.00184867 0.00151414 0.00123765 0.00100978 0.000822476 0.000668865 0.000543158 0.000440484 0.000356772 0.000288633 0.000233253 0.000188307 0.000151875 0.000122382 9.8532e-05 7.92663e-05 6.37192e-05 5.11847e-05 4.10878e-05 3.29614e-05 2.64259e-05 2.11738e-05 1.69561e-05 1.35713e-05 1.08566e-05 8.68074e-06 6.93771e-06 5.54219e-06 4.42548e-06 3.53232e-06 2.81831e-06 2.24777e-06 1.79208e-06 1.42826e-06 1.13792e-06 9.06307e-07 7.21606e-07 5.74372e-07 4.57044e-07 3.6358e-07 2.89149e-07 2.29895e-07 1.82736e-07 1.45214e-07 1.15369e-07 9.16368e-08 7.27697e-08 5.77743e-08 4.58592e-08 3.63938e-08 2.88762e-08 2.2907e-08 1.81682e-08 1.44071e-08 1.14225e-08 9.05461e-09 7.17635e-09 5.68676e-09 4.50562e-09 3.56924e-09 2.82703e-09 2.23881e-09 1.77273e-09 1.40347e-09 1.11097e-09 8.79314e-10 6.95867e-10 5.5062e-10 4.35633e-10 3.44617e-10 2.72583e-10 2.1558e-10 1.70477e-10 1.34796e-10 1.0657e-10 8.42457e-11 6.65906e-11 5.26299e-11 4.15917e-11 3.28653e-11 2.59672e-11 2.05149e-11 1.62059e-11 1.28008e-11 1.01102e-11 7.9844e-12 6.30503e-12 4.97846e-12 3.93066e-12 3.10313e-12 2.44961e-12 1.93358e-12 1.52612e-12 1.20444e-12
0.0131442 0.00482788 0.00411078 0.00348232 0.00293677 0.00246691 0.00206495 0.00172304 0.00143367 0.00118983 0.00098515 0.000813931 0.000671145 0.000552403 0.000453904 0.000372387 0.000305065 0.000249575 0.000203918 0.000166416 0.000135658 0.000110468 8.98659e-05 7.30371e-05 5.93066e-05 4.81165e-05 3.90064e-05 3.15968e-05 2.5576e-05 2.06881e-05 1.67231e-05 1.35094e-05 1.09067e-05 8.80019e-06 7.09656e-06 5.71966e-06 4.60751e-06 3.70976e-06 2.9855e-06 2.40152e-06 1.93091e-06 1.55185e-06 1.24668e-06 1.00112e-06 8.03619e-07 6.44836e-07 5.17237e-07 4.1474e-07 3.3244e-07 2.66383e-07 2.13383e-07 1.70874e-07 1.36792e-07 1.09475e-07 8.75882e-08 7.00574e-08 5.60202e-08 4.47836e-08 3.57917e-08 2.8598e-08 2.28445e-08 1.82442e-08 1.45668e-08 1.1628e-08 9.28007e-09 7.4046e-09 5.90691e-09 4.71116e-09 3.75672e-09 2.99504e-09 2.38733e-09 1.90256e-09 1.51595e-09 1.20768e-09 9.6193e-10 7.66052e-10 6.09956e-10 4.85586e-10 3.86512e-10 3.07603e-10 2.44765e-10 1.94733e-10 1.54905e-10 1.23204e-10 9.79769e-11 7.79039e-11 6.19347e-11 4.92321e-11 3.91294e-11 3.10958e-11 2.47083e-11 1.96303e-11 1.5594e-11 1.23861e-11 9.83689e-12 7.8114e-12 6.20225e-12 4.92401e-12 3.90876e-12 3.10249e-12 2.46226e-12
0.0102828 0.00400864 0.00348232 0.00300516 0.00257861 0.00220161 0.0018715 0.00158469 0.00133715 0.00112474 0.000943382 0.000789212 0.00065867 0.000548521 0.000455871 0.000378164 0.000313158 0.000258908 0.000213732 0.000176189 0.000145047 0.00011926 9.79416e-05 8.0344e-05 6.58385e-05 5.38976e-05 4.40803e-05 3.60185e-05 2.94056e-05 2.39869e-05 1.95513e-05 1.59239e-05 1.29601e-05 1.05406e-05 8.56713e-06 6.95865e-06 5.64869e-06 4.58261e-06 3.7156e-06 3.01097e-06 2.43867e-06 1.97414e-06 1.5973e-06 1.29177e-06 1.0442e-06 8.43694e-07 6.81394e-07 5.50082e-07 4.43894e-07 3.58062e-07 2.88715e-07 2.32711e-07 1.87502e-07 1.51022e-07 1.21598e-07 9.78732e-08 7.87517e-08 6.33458e-08 5.09378e-08 4.09479e-08 3.29074e-08 2.64381e-08 2.12347e-08 1.70506e-08 1.36873e-08 1.09846e-08 8.81323e-09 7.06933e-09 5.66911e-09 4.54514e-09 3.64316e-09 2.9195e-09 2.33906e-09 1.8736e-09 1.50044e-09 1.20135e-09 9.61681e-10 7.69667e-10 6.15869e-10 4.92707e-10 3.94099e-10 3.15167e-10 2.51997e-10 2.01451e-10 1.61016e-10 1.28674e-10 1.02811e-10 8.2132e-11 6.56016e-11 5.23896e-11 4.18318e-11 3.33964e-11 2.66579e-11 2.12757e-11 1.69777e-11 1.35459e-11 1.08063e-11 8.61948e-12 6.87424e-12 5.48162e-12 4.37052e-12
0.00804434 0.0033173 0.00293677 0.00257861 0.00224835 0.00194858 0.0016799 0.00144154 0.0012319 0.00104885 0.00089002 0.000752955 0.000635239 0.000534568 0.000448802 0.000375984 0.000314351 0.000262332 0.000218541 0.000181763 0.000150944 0.000125171 0.000103657 8.57319e-05 7.08204e-05 5.84352e-05 4.81634e-05 3.96559e-05 3.26189e-05 2.68053e-05 2.2008e-05 1.80536e-05 1.47976e-05 1.21191e-05 9.91793e-06 8.11061e-06 6.62797e-06 5.41269e-06 4.41736e-06 3.60279e-06 2.93664e-06 2.39226e-06 1.94768e-06 1.58486e-06 1.28894e-06 1.04773e-06 8.51239e-07 6.91263e-07 5.61088e-07 4.55219e-07 3.69163e-07 2.99246e-07 2.4247e-07 1.96386e-07 1.58997e-07 1.28678e-07 1.041e-07 8.41865e-08 6.80578e-08 5.49999e-08 4.44323e-08 3.58832e-08 2.89696e-08 2.33807e-08 1.88642e-08 1.52155e-08 1.22689e-08 9.89014e-09 7.97031e-09 6.42137e-09 5.17205e-09 4.16469e-09 3.35266e-09 2.69827e-09 2.17107e-09 1.74645e-09 1.40454e-09 1.1293e-09 9.07792e-10 7.29565e-10 5.862e-10 4.70904e-10 3.78205e-10 3.03689e-10 2.43805e-10 1.9569e-10 1.57039e-10 1.25998e-10 1.01073e-10 8.10628e-11 6.50025e-11 5.21145e-11 4.17743e-11 3.34799e-11 2.68276e-11 2.14935e-11 1.7217e-11 1.37891e-11 1.10419e-11 8.84065e-12 7.07708e-12
0.00629317 0.00273699 0.00246691 0.00220161 0.00194858 0.00171242 0.00149565 0.0012993 0.00112336 0.000967131 0.000829455 0.000708927 0.000604015 0.000513153 0.000434812 0.000367536 0.00030997 0.000260875 0.000219127 0.000183725 0.000153779 0.000128507 0.000107226 8.93414e-05 7.4339e-05 6.17765e-05 5.12745e-05 4.25086e-05 3.52024e-05 2.91213e-05 2.40665e-05 1.98699e-05 1.639e-05 1.35077e-05 1.11227e-05 9.15145e-06 7.52363e-06 6.1807e-06 5.07378e-06 4.16219e-06 3.41206e-06 2.79531e-06 2.28858e-06 1.87257e-06 1.53128e-06 1.25147e-06 1.02222e-06 8.34518e-07 6.80925e-07 5.55319e-07 4.52659e-07 3.68801e-07 3.00338e-07 2.44473e-07 1.98912e-07 1.61772e-07 1.31511e-07 1.06868e-07 8.68075e-08 7.04853e-08 5.72104e-08 4.64185e-08 3.76487e-08 3.0525e-08 2.47407e-08 2.00457e-08 1.62363e-08 1.31466e-08 1.06415e-08 8.61107e-09 6.96595e-09 5.63346e-09 4.55453e-09 3.68119e-09 2.97449e-09 2.4028e-09 1.94047e-09 1.56669e-09 1.26458e-09 1.02047e-09 8.23274e-10 6.64025e-10 5.35451e-10 4.31672e-10 3.47926e-10 2.80364e-10 2.25871e-10 1.8193e-10 1.46505e-10 1.17954e-10 9.49465e-11 7.64112e-11 6.1482e-11 4.94599e-11 3.97808e-11 3.19897e-11 2.57197e-11 2.06747e-11 1.66163e-11 1.33522e-11 1.07273e-11
0.0049232 0.00225213 0.00206495 0.0018715 0.0016799 0.00149565 0.0013223 0.00116192 0.00101553 0.000883351 0.000765105 0.000660141 0.000567591 0.000486464 0.000415717 0.000354304 0.000301213 0.000255488 0.000216238 0.00018265 0.00015399 0.000129598 0.000108888 9.13439e-05 7.65129e-05 6.39998e-05 5.34616e-05 4.4602e-05 3.71656e-05 3.09334e-05 2.57179e-05 2.13593e-05 1.77214e-05 1.46889e-05 1.21641e-05 1.00642e-05 8.31975e-06 6.87197e-06 5.67161e-06 4.67734e-06 3.85451e-06 3.17416e-06 2.61209e-06 2.14812e-06 1.76541e-06 1.44998e-06 1.19018e-06 9.76357e-07 8.0049e-07 6.55936e-07 5.37196e-07 4.3972e-07 3.59748e-07 2.94174e-07 2.40436e-07 1.96423e-07 1.60393e-07 1.30913e-07 1.06805e-07 8.70996e-08 7.10003e-08 5.78533e-08 4.71221e-08 3.83665e-08 3.1226e-08 2.54051e-08 2.06617e-08 1.67981e-08 1.36522e-08 1.10917e-08 9.00848e-09 7.31413e-09 5.93657e-09 4.81696e-09 3.90731e-09 3.16849e-09 2.56862e-09 2.08172e-09 1.68664e-09 1.36616e-09 1.10627e-09 8.95585e-10 7.24833e-10 5.86485e-10 4.74423e-10 3.83678e-10 3.10214e-10 2.50756e-10 2.02647e-10 1.63729e-10 1.32256e-10 1.06808e-10 8.6238e-11 6.96142e-11 5.6183e-11 4.53336e-11 3.65717e-11 2.94972e-11 2.37865e-11 1.91776e-11 1.54587e-11
0.00385147 0.00184867 0.00172304 0.00158469 0.00144154 0.0012993 0.00116192 0.00103202 0.000911197 0.000800287 0.000699577 0.00060896 0.000528055 0.000456305 0.000393048 0.000337568 0.000289135 0.000247029 0.000210562 0.000179087 0.000152007 0.000128774 0.000108895 9.19283e-05 7.74804e-05 6.52038e-05 5.47932e-05 4.59814e-05 3.85364e-05 3.22565e-05 2.69678e-05 2.25206e-05 1.87863e-05 1.56548e-05 1.30322e-05 1.08385e-05 9.00574e-06 7.47622e-06 6.20113e-06 5.13926e-06 4.25581e-06 3.52151e-06 2.91173e-06 2.4058e-06 1.98638e-06 1.63898e-06 1.35145e-06 1.11365e-06 9.17123e-07 7.54827e-07 6.20888e-07 5.10427e-07 4.19387e-07 3.444e-07 2.82673e-07 2.31891e-07 1.90138e-07 1.55828e-07 1.27649e-07 1.04517e-07 8.55389e-08 6.99762e-08 5.72204e-08 4.67703e-08 3.82131e-08 3.12091e-08 2.54789e-08 2.07928e-08 1.69623e-08 1.38324e-08 1.12759e-08 9.18875e-09 7.48534e-09 6.09565e-09 4.96232e-09 4.0384e-09 3.28546e-09 2.67206e-09 2.17253e-09 1.76585e-09 1.43488e-09 1.1656e-09 9.46588e-10 7.68514e-10 6.23768e-10 5.06149e-10 4.10599e-10 3.33001e-10 2.69998e-10 2.18861e-10 1.77365e-10 1.43702e-10 1.164e-10 9.42626e-11 7.63179e-11 6.17752e-11 4.99925e-11 4.04482e-11 3.2719e-11 2.6461e-11 2.13955e-11
0.00301304 0.00151414 0.00143367 0.00133715 0.0012319 0.00112336 0.00101553 0.000911197 0.000812266 0.000719921 0.000634816 0.000557205 0.000487057 0.000424138 0.000368075 0.000318413 0.000274648 0.000236258 0.000202723 0.000173541 0.000148233 0.000126356 0.000107499 9.12893e-05 7.73901e-05 6.55e-05 5.53509e-05 4.67055e-05 3.93552e-05 3.31174e-05 2.78327e-05 2.33628e-05 1.95879e-05 1.64046e-05 1.37238e-05 1.14693e-05 9.57568e-06 7.98706e-06 6.65587e-06 5.54163e-06 4.60997e-06 3.83178e-06 3.18241e-06 2.64104e-06 2.19013e-06 1.81489e-06 1.50288e-06 1.24367e-06 1.02848e-06 8.49982e-07 7.02025e-07 5.79471e-07 4.7803e-07 3.94121e-07 3.24759e-07 2.67459e-07 2.20152e-07 1.81119e-07 1.48931e-07 1.22404e-07 1.00553e-07 8.25642e-08 6.77626e-08 5.55897e-08 4.55836e-08 3.73627e-08 3.06116e-08 2.50701e-08 2.05236e-08 1.6795e-08 1.37385e-08 1.12341e-08 9.18279e-09 7.50336e-09 6.12891e-09 5.00449e-09 4.08498e-09 3.3333e-09 2.71905e-09 2.21728e-09 1.80753e-09 1.47305e-09 1.2001e-09 9.77438e-10 7.95853e-10 6.47815e-10 5.27164e-10 4.28865e-10 3.48799e-10 2.83605e-10 2.30535e-10 1.87348e-10 1.52211e-10 1.23634e-10 1.00397e-10 8.1507e-11 6.61556e-11 5.36828e-11 4.35514e-11 3.5324e-11 2.86444e-11
0.00235713 0.00123765 0.00118983 0.00112474 0.00104885 0.000967131 0.000883351 0.000800287 0.000719921 0.000643611 0.00057222 0.000506241 0.000445877 0.000391125 0.000341832 0.00029774 0.000258527 0.000223831 0.000193271 0.000166467 0.000143044 0.000122648 0.000104943 8.96195e-05 7.6393e-05 6.50054e-05 5.52241e-05 4.68412e-05 3.96716e-05 3.35517e-05 2.83374e-05 2.39025e-05 2.01366e-05 1.69439e-05 1.42412e-05 1.19565e-05 1.00277e-05 8.40155e-06 7.03224e-06 5.88056e-06 4.91303e-06 4.10109e-06 3.42043e-06 2.8504e-06 2.37348e-06 1.97484e-06 1.64193e-06 1.36415e-06 1.13257e-06 9.39664e-07 7.79099e-07 6.45555e-07 5.34567e-07 4.42392e-07 3.65893e-07 3.02448e-07 2.49863e-07 2.06308e-07 1.70254e-07 1.40428e-07 1.15768e-07 9.53907e-08 7.85621e-08 6.46718e-08 5.32126e-08 4.37641e-08 3.59773e-08 2.95631e-08 2.42822e-08 1.99364e-08 1.63616e-08 1.34225e-08 1.10071e-08 9.02285e-09 7.39355e-09 6.05622e-09 4.959e-09 4.05913e-09 3.3214e-09 2.71682e-09 2.22155e-09 1.81597e-09 1.48395e-09 1.21225e-09 9.89995e-10 8.08238e-10 6.59652e-10 5.38223e-10 4.39019e-10 3.57997e-10 2.91846e-10 2.37853e-10 1.93796e-10 1.57858e-10 1.2855e-10 1.04656e-10 8.51816e-11 6.93136e-11 5.63876e-11 4.58609e-11 3.72904e-11
0.00184401 0.00100978 0.00098515 0.000943382 0.00089002 0.000829455 0.000765105 0.000699577 0.000634816 0.00057222 0.00051276 0.000457059 0.000405478 0.000358171 0.000315143 0.000276288 0.000241421 0.000210308 0.000182684 0.000158268 0.000136776 0.000117927 0.000101455 8.71034e-05 7.4637e-05 6.38374e-05 5.45053e-05 4.64604e-05 3.95406e-05 3.36009e-05 2.85126e-05 2.41617e-05 2.04479e-05 1.72833e-05 1.45908e-05 1.23035e-05 1.03633e-05 8.71969e-06 7.3292e-06 6.15432e-06 5.16283e-06 4.32706e-06 3.62334e-06 3.03144e-06 2.53411e-06 2.11665e-06 1.76658e-06 1.47327e-06 1.22776e-06 1.02242e-06 8.50832e-07 7.0756e-07 5.88025e-07 4.8837e-07 4.05351e-07 3.36239e-07 2.78746e-07 2.30949e-07 1.91241e-07 1.58272e-07 1.30917e-07 1.08233e-07 8.94337e-08 7.38626e-08 6.09728e-08 5.03083e-08 4.14897e-08 3.42012e-08 2.81805e-08 2.32095e-08 1.91072e-08 1.57233e-08 1.29334e-08 1.06342e-08 8.74034e-09 7.18094e-09 5.89751e-09 4.84166e-09 3.97339e-09 3.25965e-09 2.67318e-09 2.19146e-09 1.79595e-09 1.47132e-09 1.20497e-09 9.86523e-10 8.07421e-10 6.60628e-10 5.40357e-10 4.41849e-10 3.61191e-10 2.95171e-10 2.4115e-10 1.96959e-10 1.60822e-10 1.31279e-10 1.07134e-10 8.74067e-11 7.12932e-11 5.81353e-11 4.73938e-11
0.00144258 0.000822476 0.000813931 0.000789212 0.000752955 0.000708927 0.000660141 0.00060896 0.000557205 0.000506241 0.000457059 0.000410351 0.000366565 0.000325962 0.000288654 0.000254646 0.000223859 0.000196158 0.000171369 0.000149295 0.000129725 0.000112445 9.72421e-05 8.3913e-05 7.2263e-05 6.21101e-05 5.32858e-05 4.56358e-05 3.90193e-05 3.33095e-05 2.83924e-05 2.41663e-05 2.0541e-05 1.74365e-05 1.47825e-05 1.25172e-05 1.05867e-05 8.94389e-06 7.54781e-06 6.36301e-06 5.35878e-06 4.50866e-06 3.78984e-06 3.18273e-06 2.67052e-06 2.23883e-06 1.87538e-06 1.56967e-06 1.31278e-06 1.0971e-06 9.16179e-07 7.64552e-07 6.37577e-07 5.31331e-07 4.42499e-07 3.68283e-07 3.06324e-07 2.54634e-07 2.11541e-07 1.7564e-07 1.45749e-07 1.20878e-07 1.00198e-07 8.30119e-08 6.87384e-08 5.68906e-08 4.70617e-08 3.89123e-08 3.21589e-08 2.65654e-08 2.19349e-08 1.81035e-08 1.49349e-08 1.23157e-08 1.01516e-08 8.36434e-09 6.889e-09 5.67166e-09 4.66764e-09 3.83991e-09 3.15779e-09 2.5959e-09 2.13322e-09 1.7524e-09 1.43906e-09 1.18135e-09 9.69469e-10 7.95328e-10 6.52258e-10 5.34754e-10 4.38282e-10 3.59104e-10 2.94141e-10 2.40859e-10 1.97171e-10 1.6136e-10 1.32017e-10 1.07979e-10 8.82939e-11 7.21779e-11 5.89878e-11
0.00112855 0.000668865 0.000671145 0.00065867 0.000635239 0.000604015 0.000567591 0.000528055 0.000487057 0.000445877 0.000405478 0.000366565 0.000329632 0.000294999 0.000262853 0.000233275 0.000206265 0.000181763 0.000159667 0.000139846 0.00012215 0.00010642 9.24927e-05 8.02054e-05 6.94015e-05 5.99313e-05 5.16541e-05 4.44389e-05 3.81653e-05 3.27232e-05 2.8013e-05 2.39446e-05 2.04376e-05 1.74202e-05 1.48286e-05 1.26065e-05 1.07044e-05 9.07851e-06 7.69089e-06 6.50825e-06 5.50167e-06 4.64604e-06 3.91963e-06 3.30365e-06 2.78191e-06 2.34048e-06 1.9674e-06 1.6524e-06 1.38671e-06 1.16282e-06 9.74333e-07 8.15791e-07 6.82551e-07 5.70671e-07 4.76802e-07 3.98107e-07 3.32184e-07 2.77002e-07 2.30843e-07 1.9226e-07 1.60032e-07 1.33129e-07 1.10686e-07 9.19767e-08 7.63886e-08 6.34091e-08 5.26079e-08 4.36247e-08 3.61577e-08 2.99544e-08 2.48036e-08 2.05291e-08 1.69835e-08 1.40441e-08 1.16083e-08 9.59094e-09 7.92085e-09 6.53889e-09 5.39587e-09 4.4509e-09 3.67e-09 3.02495e-09 2.49235e-09 2.05277e-09 1.69011e-09 1.39103e-09 1.14447e-09 9.41292e-10 7.73925e-10 6.36105e-10 5.22658e-10 4.29306e-10 3.52517e-10 2.89373e-10 2.37466e-10 1.94812e-10 1.59773e-10 1.30997e-10 1.07373e-10 8.79847e-11 7.20771e-11
0.000882873 0.000543158 0.000552403 0.000548521 0.000534568 0.000513153 0.000486464 0.000456305 0.000424138 0.000391125 0.000358171 0.000325962 0.000294999 0.000265636 0.000238102 0.000212529 0.000188973 0.000167431 0.000147856 0.00013017 0.000114271 0.000100046 8.73709e-05 7.6121e-05 6.61715e-05 5.74008e-05 4.96929e-05 4.29382e-05 3.70346e-05 3.18876e-05 2.74109e-05 2.35256e-05 2.01607e-05 1.72523e-05 1.4743e-05 1.25821e-05 1.07241e-05 9.12938e-06 7.76261e-06 6.59294e-06 5.59338e-06 4.74033e-06 4.01327e-06 3.39436e-06 2.86814e-06 2.42125e-06 2.04215e-06 1.72091e-06 1.44897e-06 1.219e-06 1.02471e-06 8.60723e-07 7.22431e-07 6.05914e-07 5.07825e-07 4.25319e-07 3.55977e-07 2.97743e-07 2.48874e-07 2.07896e-07 1.73558e-07 1.44805e-07 1.20745e-07 1.00625e-07 8.38103e-08 6.97675e-08 5.80466e-08 4.82695e-08 4.01187e-08 3.33275e-08 2.76724e-08 2.29658e-08 1.90507e-08 1.57957e-08 1.3091e-08 1.08446e-08 8.97974e-09 7.4324e-09 6.14912e-09 5.08532e-09 4.20385e-09 3.4738e-09 2.86942e-09 2.36928e-09 1.95558e-09 1.61352e-09 1.33081e-09 1.09724e-09 9.04347e-10 7.45107e-10 6.13699e-10 5.05297e-10 4.15906e-10 3.42219e-10 2.81497e-10 2.31477e-10 1.90286e-10 1.56378e-10 1.28473e-10 1.05517e-10 8.66375e-11
0.00069068 0.000440484 0.000453904 0.000455871 0.000448802 0.000434812 0.000415717 0.000393048 0.000368075 0.000341832 0.000315143 0.000288654 0.000262853 0.000238102 0.00021465 0.000192664 0.000172236 0.000153404 0.000136161 0.000120471 0.000106271 9.34838e-05 8.20194e-05 7.17835e-05 6.26789e-05 5.46087e-05 4.74785e-05 4.11975e-05 3.56803e-05 3.08465e-05 2.6622e-05 2.29386e-05 1.97339e-05 1.69516e-05 1.45407e-05 1.24554e-05 1.06551e-05 9.10343e-06 7.76817e-06 6.62092e-06 5.63667e-06 4.79345e-06 4.07204e-06 3.45564e-06 2.92963e-06 2.48129e-06 2.0996e-06 1.77501e-06 1.49928e-06 1.26531e-06 1.06696e-06 8.98976e-07 7.56849e-07 6.36706e-07 5.35236e-07 4.49612e-07 3.7742e-07 3.16602e-07 2.65406e-07 2.22344e-07 1.86149e-07 1.5575e-07 1.30236e-07 1.08836e-07 9.09003e-08 7.58771e-08 6.33016e-08 5.27816e-08 4.39865e-08 3.66379e-08 3.05014e-08 2.53801e-08 2.11083e-08 1.75471e-08 1.45798e-08 1.21088e-08 1.0052e-08 8.34086e-09 6.918e-09 5.73541e-09 4.75299e-09 3.93723e-09 3.26015e-09 2.69844e-09 2.23264e-09 1.84654e-09 1.52663e-09 1.26168e-09 1.04233e-09 8.60804e-10 7.10643e-10 5.86473e-10 4.83834e-10 3.99024e-10 3.28971e-10 2.71129e-10 2.23385e-10 1.8399e-10 1.51496e-10 1.24702e-10 1.02616e-10
0.000540326 0.000356772 0.000372387 0.000378164 0.000375984 0.000367536 0.000354304 0.000337568 0.000318413 0.00029774 0.000276288 0.000254646 0.000233275 0.000212529 0.000192664 0.000173863 0.000156241 0.000139865 0.000124759 0.000110915 9.83013e-05 8.687e-05 7.65592e-05 6.72995e-05 5.90169e-05 5.16355e-05 4.50797e-05 3.92754e-05 3.41517e-05 2.96412e-05 2.56808e-05 2.22119e-05 1.91805e-05 1.65371e-05 1.42368e-05 1.22389e-05 1.0507e-05 9.00828e-06 7.71351e-06 6.59674e-06 5.63499e-06 4.80797e-06 4.0978e-06 3.4888e-06 2.96724e-06 2.52114e-06 2.14002e-06 1.81482e-06 1.53763e-06 1.30162e-06 1.10089e-06 9.30343e-07 7.85576e-07 6.62811e-07 5.58801e-07 4.70759e-07 3.963e-07 3.3338e-07 2.80255e-07 2.35437e-07 1.97655e-07 1.65829e-07 1.3904e-07 1.16507e-07 9.7567e-08 8.16579e-08 6.83036e-08 5.71011e-08 4.77097e-08 3.98413e-08 3.32531e-08 2.77399e-08 2.31291e-08 1.92751e-08 1.60555e-08 1.33672e-08 1.11239e-08 9.2528e-09 7.69296e-09 6.39325e-09 5.31081e-09 4.40976e-09 3.66005e-09 3.03655e-09 2.51825e-09 2.08758e-09 1.72989e-09 1.43294e-09 1.18652e-09 9.82103e-10 8.12609e-10 6.72126e-10 5.55732e-10 4.59335e-10 3.79529e-10 3.13483e-10 2.58844e-10 2.13659e-10 1.76304e-10 1.45435e-10 1.19932e-10
0.000422702 0.000288633 0.000305065 0.000313158 0.000314351 0.00030997 0.000301213 0.000289135 0.000274648 0.000258527 0.000241421 0.000223859 0.000206265 0.000188973 0.000172236 0.000156241 0.000141118 0.00012695 0.000113781 0.000101628 9.04816e-05 8.03159e-05 7.10914e-05 6.27595e-05 5.52656e-05 4.85515e-05 4.25576e-05 3.72244e-05 3.24938e-05 2.83098e-05 2.46194e-05 2.13725e-05 1.85227e-05 1.60272e-05 1.38465e-05 1.19449e-05 1.02898e-05 8.85195e-06 7.605e-06 6.52543e-06 5.59227e-06 4.78689e-06 4.09283e-06 3.49555e-06 2.98224e-06 2.54168e-06 2.16404e-06 1.84072e-06 1.56423e-06 1.32805e-06 1.12653e-06 9.54768e-07 8.08513e-07 6.84103e-07 5.78376e-07 4.8861e-07 4.12465e-07 3.4793e-07 2.93282e-07 2.47045e-07 2.07955e-07 1.74933e-07 1.47059e-07 1.23548e-07 1.03731e-07 8.70403e-08 7.29915e-08 6.11746e-08 5.12416e-08 4.28976e-08 3.58926e-08 3.00155e-08 2.50876e-08 2.09579e-08 1.74993e-08 1.46042e-08 1.21821e-08 1.0157e-08 8.46452e-09 7.05085e-09 5.87065e-09 4.88584e-09 4.06447e-09 3.37975e-09 2.8092e-09 2.33402e-09 1.93842e-09 1.60924e-09 1.33544e-09 1.1078e-09 9.18615e-10 7.61456e-10 6.30953e-10 5.22628e-10 4.32748e-10 3.582e-10 2.96393e-10 2.45167e-10 2.02728e-10 1.67579e-10 1.3848e-10
0.000330684 0.000233253 0.000249575 0.000258908 0.000262332 0.000260875 0.000255488 0.000247029 0.000236258 0.000223831 0.000210308 0.000196158 0.000181763 0.000167431 0.000153404 0.000139865 0.00012695 0.000114751 0.000103327 9.27091e-05 8.29065e-05 7.39102e-05 6.56983e-05 5.82387e-05 5.14927e-05 4.54169e-05 3.99654e-05 3.50911e-05 3.0747e-05 2.68871e-05 2.34673e-05 2.04454e-05 1.77818e-05 1.54396e-05 1.33847e-05 1.15855e-05 1.00135e-05 8.6426e-06 7.44926e-06 6.4123e-06 5.51272e-06 4.73357e-06 4.05976e-06 3.47791e-06 2.97616e-06 2.54409e-06 2.1725e-06 1.85332e-06 1.5795e-06 1.34486e-06 1.14404e-06 9.72329e-07 8.25678e-07 7.00554e-07 5.93905e-07 5.03088e-07 4.25828e-07 3.60159e-07 3.04391e-07 2.57073e-07 2.16958e-07 1.82977e-07 1.54214e-07 1.29888e-07 1.09328e-07 9.19655e-08 7.73127e-08 6.49555e-08 5.45413e-08 4.57705e-08 3.83886e-08 3.21794e-08 2.696e-08 2.25752e-08 1.88937e-08 1.58045e-08 1.32139e-08 1.10425e-08 9.22342e-09 7.70041e-09 6.42591e-09 5.35991e-09 4.46876e-09 3.72413e-09 3.10225e-09 2.58311e-09 2.14996e-09 1.7887e-09 1.48755e-09 1.23661e-09 1.02761e-09 8.53596e-10 7.08785e-10 5.88323e-10 4.88155e-10 4.04897e-10 3.3572e-10 2.78264e-10 2.30563e-10 1.90974e-10 1.5813e-10
0.000258697 0.000188307 0.000203918 0.000213732 0.000218541 0.000219127 0.000216238 0.000210562 0.000202723 0.000193271 0.000182684 0.000171369 0.000159667 0.000147856 0.000136161 0.000124759 0.000113781 0.000103327 9.34618e-05 8.42283e-05 7.5647e-05 6.77224e-05 6.04457e-05 5.37984e-05 4.77545e-05 4.22828e-05 3.73488e-05 3.29159e-05 2.89468e-05 2.54041e-05 2.22515e-05 1.94538e-05 1.69775e-05 1.47911e-05 1.28652e-05 1.11725e-05 9.68786e-06 8.3883e-06 7.25292e-06 6.26276e-06 5.40075e-06 4.65154e-06 4.00141e-06 3.43812e-06 2.95076e-06 2.52971e-06 2.16644e-06 1.85341e-06 1.58403e-06 1.35248e-06 1.15369e-06 9.8322e-07 8.37189e-07 7.12227e-07 6.05406e-07 5.14183e-07 4.36355e-07 3.70018e-07 3.13527e-07 2.65463e-07 2.24604e-07 1.899e-07 1.60447e-07 1.3547e-07 1.14306e-07 9.63857e-08 8.12237e-08 6.84045e-08 5.75737e-08 4.84291e-08 4.07133e-08 3.42074e-08 2.87251e-08 2.41083e-08 2.02228e-08 1.69545e-08 1.42072e-08 1.1899e-08 9.9609e-09 8.33442e-09 6.9702e-09 5.82655e-09 4.86831e-09 4.06583e-09 3.39411e-09 2.83214e-09 2.3622e-09 1.96941e-09 1.64125e-09 1.36721e-09 1.13847e-09 9.4763e-10 7.88472e-10 6.55794e-10 5.45237e-10 4.53151e-10 3.7648e-10 3.12669e-10 2.59581e-10 2.15432e-10 1.78731e-10
0.000202381 0.000151875 0.000166416 0.000176189 0.000181763 0.000183725 0.00018265 0.000179087 0.000173541 0.000166467 0.000158268 0.000149295 0.000139846 0.00013017 0.000120471 0.000110915 0.000101628 9.27091e-05 8.42283e-05 7.62337e-05 6.87544e-05 6.18042e-05 5.53847e-05 4.94874e-05 4.40968e-05 3.91914e-05 3.47462e-05 3.07335e-05 2.7124e-05 2.38879e-05 2.09957e-05 1.84182e-05 1.61275e-05 1.40969e-05 1.23013e-05 1.0717e-05 9.32221e-06 8.09686e-06 7.02247e-06 6.08219e-06 5.26078e-06 4.54442e-06 3.92072e-06 3.37854e-06 2.90794e-06 2.50006e-06 2.14704e-06 1.84192e-06 1.57852e-06 1.35145e-06 1.15591e-06 9.87733e-07 8.4325e-07 7.19259e-07 6.12967e-07 5.21941e-07 4.44066e-07 3.77506e-07 3.20672e-07 2.72186e-07 2.30858e-07 1.95664e-07 1.65716e-07 1.40255e-07 1.18625e-07 1.00264e-07 8.46905e-08 7.14902e-08 6.03099e-08 5.0847e-08 4.28434e-08 3.60786e-08 3.03645e-08 2.5541e-08 2.1472e-08 1.80415e-08 1.51511e-08 1.27171e-08 1.06687e-08 8.94583e-09 7.49747e-09 6.28059e-09 5.25872e-09 4.40107e-09 3.68162e-09 3.07839e-09 2.57287e-09 2.14943e-09 1.79491e-09 1.49824e-09 1.25009e-09 1.04261e-09 8.69226e-10 7.24389e-10 6.03452e-10 5.02514e-10 4.18303e-10 3.48075e-10 2.89532e-10 2.4075e-10 2.00116e-10
0.000158325 0.000122382 0.000135658 0.000145047 0.000150944 0.000153779 0.00015399 0.000152007 0.000148233 0.000143044 0.000136776 0.000129725 0.00012215 0.000114271 0.000106271 9.83013e-05 9.04816e-05 8.29065e-05 7.5647e-05 6.87544e-05 6.22629e-05 5.61929e-05 5.05532e-05 4.53434e-05 4.05557e-05 3.61768e-05 3.21893e-05 2.85728e-05 2.53048e-05 2.23621e-05 1.97208e-05 1.73572e-05 1.5248e-05 1.3371e-05 1.17048e-05 1.02292e-05 8.9253e-06 7.7757e-06 6.76416e-06 5.87583e-06 5.09716e-06 4.41582e-06 3.82066e-06 3.30161e-06 2.84967e-06 2.45673e-06 2.1156e-06 1.81985e-06 1.56379e-06 1.34238e-06 1.15117e-06 9.86235e-07 8.44138e-07 7.21852e-07 6.16731e-07 5.2646e-07 4.49022e-07 3.82659e-07 3.25841e-07 2.77242e-07 2.35711e-07 2.00252e-07 1.70002e-07 1.44219e-07 1.22262e-07 1.03576e-07 8.76879e-08 7.41885e-08 6.27272e-08 5.30035e-08 4.47596e-08 3.77754e-08 3.18622e-08 2.68591e-08 2.26289e-08 1.90544e-08 1.60358e-08 1.34883e-08 1.13395e-08 9.52814e-09 8.00211e-09 6.71717e-09 5.63582e-09 4.72629e-09 3.96169e-09 3.31926e-09 2.77974e-09 2.32688e-09 1.94695e-09 1.62835e-09 1.36131e-09 1.13759e-09 9.50246e-10 7.93435e-10 6.62238e-10 5.52519e-10 4.608e-10 3.84161e-10 3.20149e-10 2.66705e-10 2.22102e-10
0.000123859 9.8532e-05 0.000110468 0.00011926 0.000125171 0.000128507 0.000129598 0.000128774 0.000126356 0.000122648 0.000117927 0.000112445 0.00010642 0.000100046 9.34838e-05 8.687e-05 8.03159e-05 7.39102e-05 6.77224e-05 6.18042e-05 5.61929e-05 5.09128e-05 4.59781e-05 4.1394e-05 3.7159e-05 3.3266e-05 2.97036e-05 2.64576e-05 2.35112e-05 2.08465e-05 1.84447e-05 1.62866e-05 1.43531e-05 1.26258e-05 1.10866e-05 9.71848e-06 8.50524e-06 7.43174e-06 6.48389e-06 5.64867e-06 4.91411e-06 4.26926e-06 3.70416e-06 3.20977e-06 2.77795e-06 2.40137e-06 2.07344e-06 1.7883e-06 1.54069e-06 1.32597e-06 1.14001e-06 9.79156e-07 8.40185e-07 7.20261e-07 6.16889e-07 5.27883e-07 4.51326e-07 3.85546e-07 3.29082e-07 2.80661e-07 2.39176e-07 2.03667e-07 1.733e-07 1.47353e-07 1.25202e-07 1.06306e-07 9.01998e-08 7.64828e-08 6.48095e-08 5.48826e-08 4.6447e-08 3.92839e-08 3.32054e-08 2.8051e-08 2.36829e-08 1.99837e-08 1.68529e-08 1.42049e-08 1.19665e-08 1.00755e-08 8.479e-09 7.13184e-09 5.99573e-09 5.03814e-09 4.23146e-09 3.55226e-09 2.98069e-09 2.49996e-09 2.09581e-09 1.75623e-09 1.47102e-09 1.23161e-09 1.03073e-09 8.62259e-10 7.21029e-10 6.0269e-10 5.03574e-10 4.20595e-10 3.51155e-10 2.93069e-10 2.445e-10
9.68961e-05 7.92663e-05 8.98659e-05 9.79416e-05 0.000103657 0.000107226 0.000108888 0.000108895 0.000107499 0.000104943 0.000101455 9.72421e-05 9.24927e-05 8.73709e-05 8.20194e-05 7.65592e-05 7.10914e-05 6.56983e-05 6.04457e-05 5.53847e-05 5.05532e-05 4.59781e-05 4.16768e-05 3.76588e-05 3.3927e-05 3.04793e-05 2.73091e-05 2.44071e-05 2.17612e-05 1.93579e-05 1.71826e-05 1.52202e-05 1.34551e-05 1.18722e-05 1.04564e-05 9.19337e-06 8.06936e-06 7.07134e-06 6.18713e-06 5.40539e-06 4.7156e-06 4.10811e-06 3.57406e-06 3.10539e-06 2.69479e-06 2.33562e-06 2.02193e-06 1.74837e-06 1.51014e-06 1.30297e-06 1.12304e-06 9.66972e-07 8.31769e-07 7.14781e-07 6.13672e-07 5.26385e-07 4.51111e-07 3.86267e-07 3.30465e-07 2.82491e-07 2.41287e-07 2.05931e-07 1.75621e-07 1.4966e-07 1.27444e-07 1.08447e-07 9.2218e-08 7.83636e-08 6.65461e-08 5.64735e-08 4.78948e-08 4.05937e-08 3.43843e-08 2.91072e-08 2.46254e-08 2.08215e-08 1.75952e-08 1.48605e-08 1.2544e-08 1.05829e-08 8.92362e-09 7.52062e-09 6.33497e-09 5.33357e-09 4.48826e-09 3.77509e-09 3.17374e-09 2.66693e-09 2.24002e-09 1.8806e-09 1.57815e-09 1.32376e-09 1.1099e-09 9.30195e-10 7.79262e-10 6.52551e-10 5.46223e-10 4.57038e-10 3.82265e-10 3.19602e-10 2.67109e-10
7.58027e-05 6.37192e-05 7.30371e-05 8.0344e-05 8.57319e-05 8.93414e-05 9.13439e-05 9.19283e-05 9.12893e-05 8.96195e-05 8.71034e-05 8.3913e-05 8.02054e-05 7.6121e-05 7.17835e-05 6.72995e-05 6.27595e-05 5.82387e-05 5.37984e-05 4.94874e-05 4.53434e-05 4.1394e-05 3.76588e-05 3.41499e-05 3.08737e-05 2.78316e-05 2.5021e-05 2.24361e-05 2.0069e-05 1.79097e-05 1.59472e-05 1.41695e-05 1.25645e-05 1.11196e-05 9.8226e-06 8.66134e-06 7.62425e-06 6.70026e-06 5.87889e-06 5.15031e-06 4.50536e-06 3.93556e-06 3.43308e-06 2.99077e-06 2.60209e-06 2.2611e-06 1.96242e-06 1.7012e-06 1.47307e-06 1.27413e-06 1.10087e-06 9.50187e-07 8.19295e-07 7.05738e-07 6.07338e-07 5.2217e-07 4.48536e-07 3.84945e-07 3.30083e-07 2.82802e-07 2.42094e-07 2.07079e-07 1.76989e-07 1.51156e-07 1.28997e-07 1.10005e-07 9.37424e-08 7.9828e-08 6.79323e-08 5.77704e-08 4.90964e-08 4.16978e-08 3.53918e-08 3.0021e-08 2.54497e-08 2.15617e-08 1.8257e-08 1.545e-08 1.30672e-08 1.10458e-08 9.33206e-09 7.88002e-09 6.65044e-09 5.60985e-09 4.72969e-09 3.98566e-09 3.35704e-09 2.82621e-09 2.3782e-09 2.00028e-09 1.68166e-09 1.41315e-09 1.18699e-09 9.96599e-10 8.36387e-10 7.01635e-10 5.8835e-10 4.93155e-10 4.13197e-10 3.46066e-10 2.89728e-10
5.93012e-05 5.11847e-05 5.93066e-05 6.58385e-05 7.08204e-05 7.4339e-05 7.65129e-05 7.74804e-05 7.73901e-05 7.6393e-05 7.4637e-05 7.2263e-05 6.94015e-05 6.61715e-05 6.26789e-05 5.90169e-05 5.52656e-05 5.14927e-05 4.77545e-05 4.40968e-05 4.05557e-05 3.7159e-05 3.3927e-05 3.08737e-05 2.80077e-05 2.5333e-05 2.28499e-05 2.05558e-05 1.84456e-05 1.65126e-05 1.47485e-05 1.31442e-05 1.16901e-05 1.03763e-05 9.1925e-06 8.12891e-06 7.17575e-06 6.32366e-06 5.56369e-06 4.88739e-06 4.28681e-06 3.75456e-06 3.28375e-06 2.86808e-06 2.50172e-06 2.17938e-06 1.89622e-06 1.64788e-06 1.4304e-06 1.24022e-06 1.07415e-06 9.2932e-07 8.0319e-07 6.93479e-07 5.98167e-07 5.15462e-07 4.4378e-07 3.8172e-07 3.28048e-07 2.8168e-07 2.41662e-07 2.07159e-07 1.7744e-07 1.51866e-07 1.29878e-07 1.1099e-07 9.47797e-08 8.08789e-08 6.89685e-08 5.87717e-08 5.00488e-08 4.25925e-08 3.62237e-08 3.07877e-08 2.61513e-08 2.21996e-08 1.88338e-08 1.5969e-08 1.35322e-08 1.14608e-08 9.70106e-09 8.20709e-09 6.93948e-09 5.8646e-09 4.95365e-09 4.18209e-09 3.52895e-09 2.97635e-09 2.50909e-09 2.11418e-09 1.78059e-09 1.49896e-09 1.2613e-09 1.06086e-09 8.91876e-10 7.4949e-10 6.2957e-10 5.28616e-10 4.4367e-10 3.72223e-10 3.12157e-10
4.63919e-05 4.10878e-05 4.81165e-05 5.38976e-05 5.84352e-05 6.17765e-05 6.39998e-05 6.52038e-05 6.55e-05 6.50054e-05 6.38374e-05 6.21101e-05 5.99313e-05 5.74008e-05 5.46087e-05 5.16355e-05 4.85515e-05 4.54169e-05 4.22828e-05 3.91914e-05 3.61768e-05 3.3266e-05 3.04793e-05 2.78316e-05 2.5333e-05 2.29894e-05 2.08032e-05 1.87741e-05 1.68994e-05 1.51749e-05 1.35946e-05 1.21519e-05 1.08392e-05 9.64874e-06 8.57228e-06 7.60168e-06 6.72889e-06 5.94604e-06 5.24554e-06 4.62016e-06 4.06306e-06 3.56781e-06 3.12842e-06 2.73933e-06 2.39541e-06 2.09193e-06 1.8246e-06 1.58948e-06 1.38302e-06 1.20199e-06 1.04349e-06 9.04898e-07 7.83886e-07 6.7836e-07 5.86451e-07 5.06501e-07 4.37035e-07 3.76747e-07 3.24483e-07 2.79223e-07 2.40069e-07 2.06233e-07 1.7702e-07 1.51824e-07 1.30113e-07 1.11421e-07 9.53426e-08 8.1525e-08 6.96599e-08 5.948e-08 5.07529e-08 4.32772e-08 3.68783e-08 3.14053e-08 2.67275e-08 2.27325e-08 1.93228e-08 1.64147e-08 1.39361e-08 1.1825e-08 1.0028e-08 8.49943e-09 7.19991e-09 6.09582e-09 5.15832e-09 4.36276e-09 3.68802e-09 3.11608e-09 2.63154e-09 2.22128e-09 1.87409e-09 1.58042e-09 1.33216e-09 1.12239e-09 9.45233e-10 7.95688e-10 6.69513e-10 5.63106e-10 4.73413e-10 3.97842e-10 3.34199e-10
3.62928e-05 3.29614e-05 3.90064e-05 4.40803e-05 4.81634e-05 5.12745e-05 5.34616e-05 5.47932e-05 5.53509e-05 5.52241e-05 5.45053e-05 5.32858e-05 5.16541e-05 4.96929e-05 4.74785e-05 4.50797e-05 4.25576e-05 3.99654e-05 3.73488e-05 3.47462e-05 3.21893e-05 2.97036e-05 2.73091e-05 2.5021e-05 2.28499e-05 2.08032e-05 1.88847e-05 1.70959e-05 1.5436e-05 1.39025e-05 1.24917e-05 1.11986e-05 1.00176e-05 8.94258e-06 7.96705e-06 7.08441e-06 6.28801e-06 5.57132e-06 4.92794e-06 4.35174e-06 3.83686e-06 3.37776e-06 2.96923e-06 2.6064e-06 2.28476e-06 2.00016e-06 1.74875e-06 1.52703e-06 1.33181e-06 1.16018e-06 1.00951e-06 8.77438e-07 7.6182e-07 6.60743e-07 5.7249e-07 4.95532e-07 4.28504e-07 3.70192e-07 3.19521e-07 2.75538e-07 2.37401e-07 2.04367e-07 1.75783e-07 1.51074e-07 1.29734e-07 1.11322e-07 9.54495e-08 8.17794e-08 7.00159e-08 5.99016e-08 5.12126e-08 4.37539e-08 3.73564e-08 3.18733e-08 2.71774e-08 2.31587e-08 1.9722e-08 1.67851e-08 1.4277e-08 1.21366e-08 1.03111e-08 8.75519e-09 7.42996e-09 6.30189e-09 5.34222e-09 4.52631e-09 3.83303e-09 3.24428e-09 2.74459e-09 2.32072e-09 1.96136e-09 1.65685e-09 1.39897e-09 1.18068e-09 9.95998e-10 8.39828e-10 7.07833e-10 5.96326e-10 5.02169e-10 4.22702e-10 3.55663e-10
2.83922e-05 2.64259e-05 3.15968e-05 3.60185e-05 3.96559e-05 4.25086e-05 4.4602e-05 4.59814e-05 4.67055e-05 4.68412e-05 4.64604e-05 4.56358e-05 4.44389e-05 4.29382e-05 4.11975e-05 3.92754e-05 3.72244e-05 3.50911e-05 3.29159e-05 3.07335e-05 2.85728e-05 2.64576e-05 2.44071e-05 2.24361e-05 2.05558e-05 1.87741e-05 1.70959e-05 1.55239e-05 1.40588e-05 1.26997e-05 1.14441e-05 1.02888e-05 9.22972e-06 8.26213e-06 7.38098e-06 6.58098e-06 5.85673e-06 5.20282e-06 4.61393e-06 4.08488e-06 3.61068e-06 3.18658e-06 2.80808e-06 2.47096e-06 2.17127e-06 1.90534e-06 1.66978e-06 1.46148e-06 1.27758e-06 1.11549e-06 9.72825e-07 8.47448e-07 7.37417e-07 6.40985e-07 5.56584e-07 4.82805e-07 4.18393e-07 3.62225e-07 3.13303e-07 2.7074e-07 2.3375e-07 2.01638e-07 1.73789e-07 1.49662e-07 1.28779e-07 1.10722e-07 9.51232e-08 8.16596e-08 7.00494e-08 6.00461e-08 5.14346e-08 4.40273e-08 3.76609e-08 3.21935e-08 2.75017e-08 2.34785e-08 2.00312e-08 1.70794e-08 1.45538e-08 1.23942e-08 1.05488e-08 8.97306e-09 7.62836e-09 6.48157e-09 5.50417e-09 4.67165e-09 3.96295e-09 3.36002e-09 2.84737e-09 2.41173e-09 2.04173e-09 1.72765e-09 1.46119e-09 1.23524e-09 1.04375e-09 8.81545e-10 7.44212e-10 6.27995e-10 5.29697e-10 4.46593e-10 3.76368e-10
2.22115e-05 2.11738e-05 2.5576e-05 2.94056e-05 3.26189e-05 3.52024e-05 3.71656e-05 3.85364e-05 3.93552e-05 3.96716e-05 3.95406e-05 3.90193e-05 3.81653e-05 3.70346e-05 3.56803e-05 3.41517e-05 3.24938e-05 3.0747e-05 2.89468e-05 2.7124e-05 2.53048e-05 2.35112e-05 2.17612e-05 2.0069e-05 1.84456e-05 1.68994e-05 1.5436e-05 1.40588e-05 1.27697e-05 1.15687e-05 1.04547e-05 9.42576e-06 8.47892e-06 7.61075e-06 6.81736e-06 6.09457e-06 5.43803e-06 4.84334e-06 4.30607e-06 3.82191e-06 3.38663e-06 2.99618e-06 2.6467e-06 2.33454e-06 2.05625e-06 1.80864e-06 1.58871e-06 1.39371e-06 1.22111e-06 1.06858e-06 9.3399e-07 8.15411e-07 7.11089e-07 6.19437e-07 5.39025e-07 4.68567e-07 4.06909e-07 3.53018e-07 3.05971e-07 2.64946e-07 2.29213e-07 1.98124e-07 1.71102e-07 1.4764e-07 1.2729e-07 1.09656e-07 9.439e-08 8.11863e-08 6.97765e-08 5.99258e-08 5.14283e-08 4.41043e-08 3.77969e-08 3.23694e-08 2.77026e-08 2.36931e-08 2.02509e-08 1.72978e-08 1.47661e-08 1.25973e-08 1.07407e-08 9.15226e-09 7.79426e-09 6.634e-09 5.64331e-09 4.79794e-09 4.07701e-09 3.46258e-09 2.93921e-09 2.49368e-09 2.11462e-09 1.79229e-09 1.51835e-09 1.28567e-09 1.08813e-09 9.2051e-10 7.78358e-10 6.57862e-10 5.55772e-10 4.6932e-10 3.96145e-10
1.73763e-05 1.69561e-05 2.06881e-05 2.39869e-05 2.68053e-05 2.91213e-05 3.09334e-05 3.22565e-05 3.31174e-05 3.35517e-05 3.36009e-05 3.33095e-05 3.27232e-05 3.18876e-05 3.08465e-05 2.96412e-05 2.83098e-05 2.68871e-05 2.54041e-05 2.38879e-05 2.23621e-05 2.08465e-05 1.93579e-05 1.79097e-05 1.65126e-05 1.51749e-05 1.39025e-05 1.26997e-05 1.15687e-05 1.05105e-05 9.52518e-06 8.61146e-06 7.76752e-06 6.9909e-06 6.27867e-06 5.62762e-06 5.0343e-06 4.49513e-06 4.0065e-06 3.56481e-06 3.16652e-06 2.80821e-06 2.48657e-06 2.19846e-06 1.9409e-06 1.71111e-06 1.50647e-06 1.32455e-06 1.16311e-06 1.02007e-06 8.93539e-07 7.81786e-07 6.83229e-07 5.96433e-07 5.20101e-07 4.53061e-07 3.94257e-07 3.42743e-07 2.97669e-07 2.58278e-07 2.23891e-07 1.93907e-07 1.6779e-07 1.45065e-07 1.25312e-07 1.08159e-07 9.32794e-08 8.03829e-08 6.92159e-08 5.95552e-08 5.1205e-08 4.39935e-08 3.77709e-08 3.24058e-08 2.77838e-08 2.38051e-08 2.03828e-08 1.74412e-08 1.49147e-08 1.27463e-08 1.08865e-08 9.29252e-09 7.92726e-09 6.75868e-09 5.7591e-09 4.90462e-09 4.17463e-09 3.55138e-09 3.01958e-09 2.56607e-09 2.17956e-09 1.85034e-09 1.57006e-09 1.33159e-09 1.1288e-09 9.56437e-10 8.10017e-10 6.85697e-10 5.80196e-10 4.90708e-10 4.14841e-10
1.35936e-05 1.35713e-05 1.67231e-05 1.95513e-05 2.2008e-05 2.40665e-05 2.57179e-05 2.69678e-05 2.78327e-05 2.83374e-05 2.85126e-05 2.83924e-05 2.8013e-05 2.74109e-05 2.6622e-05 2.56808e-05 2.46194e-05 2.34673e-05 2.22515e-05 2.09957e-05 1.97208e-05 1.84447e-05 1.71826e-05 1.59472e-05 1.47485e-05 1.35946e-05 1.24917e-05 1.14441e-05 1.04547e-05 9.52518e-06 8.65606e-06 7.847e-06 7.09693e-06 6.40421e-06 5.76672e-06 5.182e-06 4.64738e-06 4.16e-06 3.71693e-06 3.3152e-06 2.95188e-06 2.62406e-06 2.32896e-06 2.06388e-06 1.82627e-06 1.6137e-06 1.4239e-06 1.25472e-06 1.10421e-06 9.70519e-07 8.51966e-07 7.47001e-07 6.54207e-07 5.72292e-07 5.00084e-07 4.36518e-07 3.80635e-07 3.31568e-07 2.8854e-07 2.50853e-07 2.17882e-07 1.89071e-07 1.63922e-07 1.41993e-07 1.22892e-07 1.06271e-07 9.18229e-08 7.92751e-08 6.83883e-08 5.89511e-08 5.07779e-08 4.37055e-08 3.7591e-08 3.23091e-08 2.775e-08 2.3818e-08 2.04295e-08 1.75115e-08 1.50007e-08 1.28418e-08 1.09868e-08 9.394e-09 8.02733e-09 6.85546e-09 5.85129e-09 4.99137e-09 4.25546e-09 3.62606e-09 3.08809e-09 2.62854e-09 2.23621e-09 1.90146e-09 1.61601e-09 1.37273e-09 1.1655e-09 9.89081e-10 8.38967e-10 7.11305e-10 6.0279e-10 5.106e-10 4.32316e-10
1.06344e-05 1.08566e-05 1.35094e-05 1.59239e-05 1.80536e-05 1.98699e-05 2.13593e-05 2.25206e-05 2.33628e-05 2.39025e-05 2.41617e-05 2.41663e-05 2.39446e-05 2.35256e-05 2.29386e-05 2.22119e-05 2.13725e-05 2.04454e-05 1.94538e-05 1.84182e-05 1.73572e-05 1.62866e-05 1.52202e-05 1.41695e-05 1.31442e-05 1.21519e-05 1.11986e-05 1.02888e-05 9.42576e-06 8.61146e-06 7.847e-06 7.1326e-06 6.46783e-06 5.85167e-06 5.28266e-06 4.759e-06 4.27864e-06 3.83934e-06 3.43873e-06 3.07441e-06 2.74394e-06 2.44491e-06 2.17497e-06 1.93181e-06 1.71326e-06 1.51722e-06 1.34172e-06 1.18489e-06 1.04501e-06 9.20447e-07 8.09722e-07 7.1145e-07 6.24367e-07 5.47312e-07 4.79231e-07 4.19161e-07 3.66231e-07 3.19655e-07 2.7872e-07 2.42789e-07 2.11286e-07 1.83699e-07 1.59568e-07 1.38483e-07 1.20078e-07 1.04031e-07 9.00535e-08 7.789e-08 6.73156e-08 5.81312e-08 5.01615e-08 4.32519e-08 3.72666e-08 3.20865e-08 2.76069e-08 2.37362e-08 2.03944e-08 1.75114e-08 1.50261e-08 1.28852e-08 1.10424e-08 9.45732e-09 8.09483e-09 6.9245e-09 5.91989e-09 5.05812e-09 4.31935e-09 3.68642e-09 3.14452e-09 2.68083e-09 2.2843e-09 1.94541e-09 1.65595e-09 1.40885e-09 1.19802e-09 1.01824e-09 8.65026e-10 7.34515e-10 6.23404e-10 5.28857e-10 4.48446e-10
8.31941e-06 8.68074e-06 1.09067e-05 1.29601e-05 1.47976e-05 1.639e-05 1.77214e-05 1.87863e-05 1.95879e-05 2.01366e-05 2.04479e-05 2.0541e-05 2.04376e-05 2.01607e-05 1.97339e-05 1.91805e-05 1.85227e-05 1.77818e-05 1.69775e-05 1.61275e-05 1.5248e-05 1.43531e-05 1.34551e-05 1.25645e-05 1.16901e-05 1.08392e-05 1.00176e-05 9.22972e-06 8.47892e-06 7.76752e-06 7.09693e-06 6.46783e-06 5.88024e-06 5.33365e-06 4.82715e-06 4.35945e-06 3.92902e-06 3.53413e-06 3.17292e-06 2.84345e-06 2.54371e-06 2.27171e-06 2.02548e-06 1.80308e-06 1.60264e-06 1.42238e-06 1.26057e-06 1.11563e-06 9.86011e-07 8.70314e-07 7.67215e-07 6.75494e-07 5.94024e-07 5.21769e-07 4.57782e-07 4.01197e-07 3.51227e-07 3.07158e-07 2.68343e-07 2.34198e-07 2.04199e-07 1.77873e-07 1.54796e-07 1.34591e-07 1.1692e-07 1.0148e-07 8.8005e-08 7.62555e-08 6.6021e-08 5.71147e-08 4.93713e-08 4.26452e-08 3.68079e-08 3.17463e-08 2.73611e-08 2.3565e-08 2.02816e-08 1.74438e-08 1.49932e-08 1.28784e-08 1.10548e-08 9.48347e-09 8.13046e-09 6.96626e-09 5.9652e-09 5.105e-09 4.36633e-09 3.73242e-09 3.18877e-09 2.72282e-09 2.3237e-09 1.98203e-09 1.68972e-09 1.43978e-09 1.22619e-09 1.04376e-09 8.88045e-10 7.55193e-10 6.41911e-10 5.45366e-10 4.63129e-10
