0.975335 0.00604531 0.00302901 0.00152699 0.000774384 0.000394978 0.000202575 0.000104443 5.41165e-05 2.81709e-05 1.47281e-05 7.73077e-06 4.0726e-06 2.15248e-06 1.14097e-06 6.06347e-07 3.22952e-07 1.72338e-07 9.21132e-08 4.92984e-08 2.64119e-08 1.41616e-08 7.59763e-09 4.07759e-09 2.18879e-09 1.17485e-09 6.30357e-10 3.37767e-10 1.80202e-10 9.46697e-11 5.06974e-11
0.00604531 6.84169e-05 3.44481e-05 1.74561e-05 8.8977e-06 4.55927e-06 2.34705e-06 1.21306e-06 6.29074e-07 3.27131e-07 1.70491e-07 8.90079e-08 4.65273e-08 2.43428e-08 1.2743e-08 6.67251e-09 3.49394e-09 1.82921e-09 9.57335e-10 5.0079e-10 2.61812e-10 1.36782e-10 7.14051e-11 3.72417e-11 1.93983e-11 1.00785e-11 5.20019e-12 2.62306e-12 1.21704e-12 3.72599e-13 1.88263e-13
0.00302901 3.44481e-05 1.73364e-05 8.77974e-06 4.4721e-06 2.2898e-06 1.1778e-06 6.08224e-07 3.15144e-07 1.6374e-07 8.5265e-08 4.44776e-08 2.32315e-08 1.21455e-08 6.35338e-09 3.32452e-09 1.73972e-09 9.10267e-10 4.76131e-10 2.48937e-10 1.3008e-10 6.79259e-11 3.544e-11 1.84677e-11 9.59914e-12 4.95477e-12 2.49964e-12 1.15932e-12 3.54581e-13 1.78059e-13 9.00245e-14
0.00152699 1.74561e-05 8.77974e-06 4.44305e-06 2.26117e-06 1.15665e-06 5.94329e-07 3.06586e-07 1.5868e-07 8.23559e-08 4.28391e-08 2.23231e-08 1.16479e-08 6.08363e-09 3.17946e-09 1.66225e-09 8.69136e-10 4.54402e-10 2.3751e-10 1.24092e-10 6.47997e-11 3.38127e-11 1.76231e-11 9.16227e-12 4.73013e-12 2.3861e-12 1.10566e-12 3.36937e-13 1.69478e-13 8.51393e-14 4.30733e-14
0.000774384 8.8977e-06 4.4721e-06 2.26117e-06 1.1496e-06 5.87384e-07 3.01454e-07 1.55308e-07 8.0279e-08 4.1611e-08 2.1617e-08 1.12502e-08 5.86312e-09 3.05869e-09 1.59676e-09 8.33919e-10 4.35594e-10 2.27523e-10 1.18817e-10 6.20249e-11 3.2359e-11 1.68642e-11 8.76767e-12 4.52625e-12 2.28257e-12 1.05646e-12 3.20501e-13 1.61079e-13 8.1059e-14 4.07373e-14 2.06232e-14
0.000394978 4.55927e-06 2.2898e-06 1.15665e-06 5.87384e-07 2.99743e-07 1.53623e-07 7.90333e-08 4.07926e-08 2.11129e-08 1.09521e-08 5.69172e-09 2.96214e-09 1.54323e-09 8.04599e-10 4.19695e-10 2.18973e-10 1.1425e-10 5.96e-11 3.1078e-11 1.61906e-11 8.41515e-12 4.34305e-12 2.18905e-12 1.01179e-12 3.05469e-13 1.53279e-13 7.70684e-14 3.88006e-14 1.95077e-14 9.88237e-15
0.000202575 2.34705e-06 1.1778e-06 5.94329e-07 3.01454e-07 1.53623e-07 7.86182e-08 4.03835e-08 2.08105e-08 1.07535e-08 5.56936e-09 2.88978e-09 1.50162e-09 7.81162e-10 4.06698e-10 2.11854e-10 1.1039e-10 5.75239e-11 2.99692e-11 1.5602e-11 8.10453e-12 4.18044e-12 2.1055e-12 9.71649e-13 2.9188e-13 1.46174e-13 7.33739e-14 3.69079e-14 1.85902e-14 9.35043e-15 4.74002e-15
0.000104443 1.21306e-06 6.08224e-07 3.06586e-07 1.55308e-07 7.90333e-08 4.03835e-08 2.07098e-08 1.06542e-08 5.49597e-09 2.84156e-09 1.47192e-09 7.63594e-10 3.96597e-10 2.06164e-10 1.07234e-10 5.57954e-11 2.90319e-11 1.5098e-11 7.83565e-12 4.03834e-12 2.03189e-12 9.36016e-13 2.79739e-13 1.39784e-13 7.00237e-14 3.51618e-14 1.76944e-14 8.91674e-15 4.48676e-15 2.27602e-15
5.41165e-05 6.29074e-07 3.15144e-07 1.5868e-07 8.0279e-08 4.07926e-08 2.08105e-08 1.06542e-08 5.47151e-09 2.81745e-09 1.4541e-09 7.51887e-10 3.89385e-10 2.01898e-10 1.04781e-10 5.44137e-11 2.82657e-11 1.46784e-11 7.60837e-12 3.91668e-12 1.96816e-12 9.04878e-13 2.69042e-13 1.34112e-13 6.70278e-14 3.35863e-14 1.68712e-14 8.49369e-15 4.28224e-15 2.15564e-15 1.09424e-15
2.81709e-05 3.27131e-07 1.6374e-07 8.23559e-08 4.1611e-08 2.11129e-08 1.07535e-08 5.49597e-09 2.81745e-09 1.44816e-09 7.46036e-10 3.85059e-10 1.99056e-10 1.0303e-10 5.3378e-11 2.76701e-11 1.4343e-11 7.42257e-12 3.81538e-12 1.91429e-12 8.78218e-13 2.59783e-13 1.29155e-13 6.43876e-14 3.21864e-14 1.61324e-14 8.10659e-15 4.08295e-15 2.05945e-15 1.03714e-15 5.26822e-16
1.47281e-05 1.70491e-07 8.5265e-08 4.28391e-08 2.1617e-08 1.09521e-08 5.56936e-09 2.84156e-09 1.4541e-09 7.46036e-10 3.83618e-10 1.97635e-10 1.0198e-10 5.26879e-11 2.7245e-11 1.40916e-11 7.27816e-12 3.73441e-12 1.87026e-12 8.56023e-13 2.51957e-13 1.24912e-13 6.21023e-14 3.09629e-14 1.54808e-14 7.76138e-15 3.90148e-15 1.96584e-15 9.9203e-16 4.99785e-16 2.54037e-16
7.73077e-06 8.90079e-08 4.44776e-08 2.23231e-08 1.12502e-08 5.69172e-09 2.88978e-09 1.47192e-09 7.51887e-10 3.85059e-10 1.97635e-10 1.0163e-10 5.23429e-11 2.699e-11 1.39241e-11 7.17506e-12 3.67372e-12 1.83603e-12 8.38281e-13 2.45561e-13 1.21379e-13 6.01708e-14 2.99154e-14 1.49166e-14 7.45936e-15 3.74078e-15 1.88105e-15 9.48194e-16 4.78705e-16 2.41266e-16 1.22712e-16
4.0726e-06 4.65273e-08 2.32315e-08 1.16479e-08 5.86312e-09 2.96214e-09 1.50162e-09 7.63594e-10 3.89385e-10 1.99056e-10 1.0198e-10 5.23429e-11 2.6905e-11 1.38403e-11 7.11322e-12 3.63328e-12 1.8116e-12 8.24983e-13 2.40589e-13 1.18555e-13 5.85919e-14 2.90433e-14 1.44397e-14 7.20072e-15 3.6015e-15 1.80657e-15 9.08735e-16 4.58251e-16 2.31452e-16 1.16695e-16 5.93892e-17
2.15248e-06 2.43428e-08 1.21455e-08 6.08363e-09 3.05869e-09 1.54323e-09 7.81162e-10 3.96597e-10 2.01898e-10 1.0303e-10 5.26879e-11 2.699e-11 1.38403e-11 7.09261e-12 3.61306e-12 1.79694e-12 8.16121e-13 2.3704e-13 1.16439e-13 5.73648e-14 2.83463e-14 1.40499e-14 6.98538e-15 3.48374e-15 1.74271e-15 8.74384e-16 4.39967e-16 2.21946e-16 1.12145e-16 5.65621e-17 2.88027e-17
1.14097e-06 1.2743e-08 6.35338e-09 3.17946e-09 1.59676e-09 8.04599e-10 4.06698e-10 2.06164e-10 1.04781e-10 5.3378e-11 2.7245e-11 1.39241e-11 7.11322e-12 3.61306e-12 1.79206e-12 8.11691e-13 2.34912e-13 1.15029e-13 5.64888e-14 2.78238e-14 1.37469e-14 6.81325e-15 3.38746e-15 1.68953e-15 8.45305e-16 4.24217e-16 2.13517e-16 1.07748e-16 5.44637e-17 2.74786e-17 1.40002e-17
6.06347e-07 6.67251e-09 3.32452e-09 1.66225e-09 8.33919e-10 4.19695e-10 2.11854e-10 1.07234e-10 5.44137e-11 2.76701e-11 1.40916e-11 7.17506e-12 3.63328e-12 1.79694e-12 8.11691e-13 2.34202e-13 1.14324e-13 5.59634e-14 2.74757e-14 1.35306e-14 6.68424e-15 3.31264e-15 1.64701e-15 8.21525e-16 4.11084e-16 2.06345e-16 1.03885e-16 5.24407e-17 2.65164e-17 1.33824e-17 6.82158e-18
3.22952e-07 3.49394e-09 1.73972e-09 8.69136e-10 4.35594e-10 2.18973e-10 1.1039e-10 5.57954e-11 2.82657e-11 1.4343e-11 7.27816e-12 3.67372e-12 1.8116e-12 8.16121e-13 2.34912e-13 1.14324e-13 5.57882e-14 2.73016e-14 1.34009e-14 6.59827e-15 3.25922e-15 1.61515e-15 8.03041e-16 4.00581e-16 2.00472e-16 1.00646e-16 5.06826e-17 2.55915e-17 1.29442e-17 6.53441e-18 3.33232e-18
1.72338e-07 1.82921e-09 9.10267e-10 4.54402e-10 2.27523e-10 1.1425e-10 5.75239e-11 2.90319e-11 1.46784e-11 7.42257e-12 3.73441e-12 1.83603e-12 8.24983e-13 2.3704e-13 1.15029e-13 5.59634e-14 2.73016e-14 1.33577e-14 6.5553e-15 3.22718e-15 1.59391e-15 7.89845e-16 3.92708e-16 1.95905e-16 9.80522e-17 4.92344e-17 2.4798e-17 1.25244e-17 6.33649e-18 3.19948e-18 1.63222e-18
9.21132e-08 9.57335e-10 4.76131e-10 2.3751e-10 1.18817e-10 5.96e-11 2.99692e-11 1.5098e-11 7.60837e-12 3.81538e-12 1.87026e-12 8.38281e-13 2.40589e-13 1.16439e-13 5.64888e-14 2.74757e-14 1.34009e-14 6.5553e-15 3.21651e-15 1.5833e-15 7.8193e-16 3.87461e-16 1.92645e-16 9.61068e-17 4.81064e-17 2.41584e-17 1.21699e-17 6.1477e-18 3.11097e-18 1.57111e-18 8.01745e-19
4.92984e-08 5.0079e-10 2.48937e-10 1.24092e-10 6.20249e-11 3.1078e-11 1.5602e-11 7.83565e-12 3.91668e-12 1.91429e-12 8.56023e-13 2.45561e-13 1.18555e-13 5.73648e-14 2.78238e-14 1.35306e-14 6.59827e-15 3.22718e-15 1.5833e-15 7.79293e-16 3.84839e-16 1.90689e-16 9.48102e-17 4.73006e-17 2.36779e-17 1.18919e-17 5.99133e-18 3.02699e-18 1.53201e-18 7.73808e-19 3.94967e-19
2.64119e-08 2.61812e-10 1.3008e-10 6.47997e-11 3.2359e-11 1.61906e-11 8.10453e-12 4.03834e-12 1.96816e-12 8.78218e-13 2.51957e-13 1.21379e-13 5.85919e-14 2.83463e-14 1.37469e-14 6.68424e-15 3.25922e-15 1.59391e-15 7.8193e-16 3.84839e-16 1.90037e-16 9.41621e-17 4.68172e-17 2.33575e-17 1.16929e-17 5.87293e-18 2.95911e-18 1.49517e-18 7.56809e-19 3.82292e-19 1.95158e-19
1.41616e-08 1.36782e-10 6.79259e-11 3.38127e-11 1.68642e-11 8.41515e-12 4.18044e-12 2.03189e-12 9.04878e-13 2.59783e-13 1.24912e-13 6.01708e-14 2.90433e-14 1.40499e-14 6.81325e-15 3.31264e-15 1.61515e-15 7.89845e-16 3.87461e-16 1.90689e-16 9.41621e-17 4.66561e-17 2.31973e-17 1.15734e-17 5.79379e-18 2.9101e-18 1.46632e-18 7.40927e-19 3.75052e-19 1.89459e-19 9.67242e-20
7.59763e-09 7.14051e-11 3.544e-11 1.76231e-11 8.76767e-12 4.34305e-12 2.1055e-12 9.36016e-13 2.69042e-13 1.29155e-13 6.21023e-14 2.99154e-14 1.44397e-14 6.98538e-15 3.38746e-15 1.64701e-15 8.03041e-16 3.92708e-16 1.92645e-16 9.48102e-17 4.68172e-17 2.31973e-17 1.15336e-17 5.75419e-18 2.8806e-18 1.44685e-18 7.2902e-19 3.68367e-19 1.86462e-19 9.41909e-20 4.80861e-20
4.07759e-09 3.72417e-11 1.84677e-11 9.16227e-12 4.52625e-12 2.18905e-12 9.71649e-13 2.79739e-13 1.34112e-13 6.43876e-14 3.09629e-14 1.49166e-14 7.20072e-15 3.48374e-15 1.68953e-15 8.21525e-16 4.00581e-16 1.95905e-16 9.61068e-17 4.73006e-17 2.33575e-17 1.15734e-17 5.75419e-18 2.87076e-18 1.43708e-18 7.21774e-19 3.63658e-19 1.8374e-19 9.29997e-20 4.69756e-20 2.39794e-20
2.18879e-09 1.93983e-11 9.59914e-12 4.73013e-12 2.28257e-12 1.01179e-12 2.9188e-13 1.39784e-13 6.70278e-14 3.21864e-14 1.54808e-14 7.45936e-15 3.6015e-15 1.74271e-15 8.45305e-16 4.11084e-16 2.00472e-16 9.80522e-17 4.81064e-17 2.36779e-17 1.16929e-17 5.79379e-18 2.8806e-18 1.43708e-18 7.19349e-19 3.61265e-19 1.82e-19 9.19456e-20 4.6532e-20 2.35013e-20 1.19944e-20
1.17485e-09 1.00785e-11 4.95477e-12 2.3861e-12 1.05646e-12 3.05469e-13 1.46174e-13 7.00237e-14 3.35863e-14 1.61324e-14 7.76138e-15 3.74078e-15 1.80657e-15 8.74384e-16 4.24217e-16 2.06345e-16 1.00646e-16 4.92344e-17 2.41584e-17 1.18919e-17 5.87293e-18 2.9101e-18 1.44685e-18 7.21774e-19 3.61265e-19 1.8141e-19 9.13787e-20 4.61561e-20 2.33544e-20 1.17934e-20 6.01747e-21
6.30357e-10 5.20019e-12 2.49964e-12 1.10566e-12 3.20501e-13 1.53279e-13 7.33739e-14 3.51618e-14 1.68712e-14 8.10659e-15 3.90148e-15 1.88105e-15 9.08735e-16 4.39967e-16 2.13517e-16 1.03885e-16 5.06826e-17 2.4798e-17 1.21699e-17 5.99133e-18 2.95911e-18 1.46632e-18 7.2902e-19 3.63658e-19 1.82e-19 9.13787e-20 4.60202e-20 2.32401e-20 1.17564e-20 5.93546e-21 3.0275e-21
3.37767e-10 2.62306e-12 1.15932e-12 3.36937e-13 1.61079e-13 7.70684e-14 3.69079e-14 1.76944e-14 8.49369e-15 4.08295e-15 1.96584e-15 9.48194e-16 4.58251e-16 2.21946e-16 1.07748e-16 5.24407e-17 2.55915e-17 1.25244e-17 6.1477e-18 3.02699e-18 1.49517e-18 7.40927e-19 3.68367e-19 1.8374e-19 9.19456e-20 4.61561e-20 2.32401e-20 1.17332e-20 5.93376e-21 2.99504e-21 1.52708e-21
1.80202e-10 1.21704e-12 3.54581e-13 1.69478e-13 8.1059e-14 3.88006e-14 1.85902e-14 8.91674e-15 4.28224e-15 2.05945e-15 9.9203e-16 4.78705e-16 2.31452e-16 1.12145e-16 5.44637e-17 2.65164e-17 1.29442e-17 6.33649e-18 3.11097e-18 1.53201e-18 7.56809e-19 3.75052e-19 1.86462e-19 9.29997e-20 4.6532e-20 2.33544e-20 1.17564e-20 5.93376e-21 2.99994e-21 1.5138e-21 7.71512e-22
9.46697e-11 3.72599e-13 1.78059e-13 8.51393e-14 4.07373e-14 1.95077e-14 9.35043e-15 4.48676e-15 2.15564e-15 1.03714e-15 4.99785e-16 2.41266e-16 1.16695e-16 5.65621e-17 2.74786e-17 1.33824e-17 6.53441e-18 3.19948e-18 1.57111e-18 7.73808e-19 3.82292e-19 1.89459e-19 9.41909e-20 4.69756e-20 2.35013e-20 1.17934e-20 5.93546e-21 2.99504e-21 1.5138e-21 7.63703e-22 3.89076e-22
5.06974e-11 1.88263e-13 9.00245e-14 4.30733e-14 2.06232e-14 9.88237e-15 4.74002e-15 2.27602e-15 1.09424e-15 5.26822e-16 2.54037e-16 1.22712e-16 5.93892e-17 2.88027e-17 1.40002e-17 6.82158e-18 3.33232e-18 1.63222e-18 8.01745e-19 3.94967e-19 1.95158e-19 9.67242e-20 4.80861e-20 2.39794e-20 1.19944e-20 6.01747e-21 3.0275e-21 1.52708e-21 7.71512e-22 3.89076e-22 1.98099e-22
