0.932071 0.0149461 0.00799004 0.00427141 0.00228346 0.00122072 0.000652586 0.000348867 0.000186501 9.97021e-05 5.32999e-05 2.84937e-05 1.52325e-05 8.14316e-06 4.35327e-06 2.32722e-06 1.24411e-06 6.65092e-07 3.55553e-07 1.90076e-07 1.01613e-07 5.43214e-08 2.90397e-08 1.55244e-08 8.29922e-09 4.43669e-09 2.37182e-09 1.26795e-09 6.77838e-10 3.62367e-10 1.93718e-10 1.0356e-10 5.53624e-11 2.95963e-11 1.58219e-11 8.45827e-12 4.52172e-12 2.41727e-12 1.29225e-12 6.90828e-13 3.69311e-13 1.97431e-13 1.05545e-13 5.64234e-14 3.01635e-14 1.61251e-14 8.62036e-15 4.60837e-15 2.4636e-15 1.31702e-15 7.04067e-16 3.76389e-16 2.01214e-16 1.07567e-16 5.75047e-17 3.07415e-17 1.64342e-17 8.78556e-18 4.69669e-18 2.51081e-18 1.34226e-18 7.1756e-19 3.83602e-19 2.0507e-19 1.09629e-19 5.86067e-20 3.13306e-20 1.67491e-20 8.95393e-21 4.7867e-21 2.55893e-21 1.36798e-21 7.31312e-22 3.90953e-22 2.09e-22 1.1173e-22 5.97298e-23 3.19311e-23 1.70701e-23 9.12553e-24 4.87843e-24 2.60797e-24 1.3942e-24 7.45327e-25 3.98445e-25 2.13006e-25 1.13871e-25 6.08745e-26 3.2543e-26 1.73972e-26 9.30041e-27 4.97192e-27 2.65795e-27 1.42092e-27 7.5961e-28 4.06081e-28 2.17088e-28 1.16053e-28 6.20411e-29 3.31667e-29 1.77306e-29
0.0149461 0.000763055 0.000416434 0.000227172 0.000123877 6.75238e-05 3.67928e-05 2.00407e-05 1.09123e-05 5.93982e-06 3.23215e-06 1.75823e-06 9.56163e-07 5.19831e-07 2.82535e-07 1.5352e-07 8.33956e-08 4.52911e-08 2.4591e-08 1.33486e-08 7.24429e-09 3.9306e-09 2.1322e-09 1.15639e-09 6.27039e-10 3.39936e-10 1.84253e-10 9.98509e-11 5.41015e-11 2.93082e-11 1.58743e-11 8.59657e-12 4.65463e-12 2.51985e-12 1.36395e-12 7.38164e-13 3.99433e-13 2.16109e-13 1.16906e-13 6.3233e-14 3.41973e-14 1.84919e-14 9.99803e-15 5.40497e-15 2.92158e-15 1.57903e-15 8.53319e-16 4.61086e-16 2.49117e-16 1.34579e-16 7.26947e-17 3.92629e-17 2.1204e-17 1.145e-17 6.18235e-18 3.33778e-18 1.80186e-18 9.72616e-19 5.24955e-19 2.83311e-19 1.52886e-19 8.24958e-20 4.45102e-20 2.40132e-20 1.2954e-20 6.98755e-21 3.76886e-21 2.03264e-21 1.09617e-21 5.91103e-22 3.18725e-22 1.71845e-22 9.26458e-23 4.99441e-23 2.69223e-23 1.45115e-23 7.82134e-24 4.21524e-24 2.27161e-24 1.22411e-24 6.59594e-25 3.55391e-25 1.91474e-25 1.03155e-25 5.557e-26 2.99342e-26 1.61239e-26 8.68452e-27 4.67734e-27 2.519e-27 1.35654e-27 7.30492e-28 3.93346e-28 2.11793e-28 1.14032e-28 6.13932e-29 3.30515e-29 1.77927e-29 9.57791e-30 5.1556e-30 2.77503e-30
0.00799004 0.000416434 0.000227607 0.000124346 6.79041e-05 3.70667e-05 2.02256e-05 1.10321e-05 6.01526e-06 3.2787e-06 1.7865e-06 9.73114e-07 5.29894e-07 2.88459e-07 1.56983e-07 8.54078e-08 4.64542e-08 2.52602e-08 1.37322e-08 7.46335e-09 4.05531e-09 2.20299e-09 1.19648e-09 6.49682e-10 3.52699e-10 1.91434e-10 1.03883e-10 5.6362e-11 3.05735e-11 1.65815e-11 8.99133e-12 4.87471e-12 2.6424e-12 1.43211e-12 7.76038e-13 4.20457e-13 2.27768e-13 1.23367e-13 6.68099e-14 3.6176e-14 1.95857e-14 1.06022e-14 5.73851e-15 3.10558e-15 1.68047e-15 9.09213e-16 4.91866e-16 2.66058e-16 1.43898e-16 7.78183e-17 4.20786e-17 2.27506e-17 1.22992e-17 6.64839e-18 3.59344e-18 1.94205e-18 1.04946e-18 5.67064e-19 3.06376e-19 1.65515e-19 8.94085e-20 4.82927e-20 2.60823e-20 1.40855e-20 7.6061e-21 4.10691e-21 2.21734e-21 1.19706e-21 6.46192e-22 3.48799e-22 1.88259e-22 1.01602e-22 5.483e-23 2.9587e-23 1.59644e-23 8.61341e-24 4.64694e-24 2.50685e-24 1.35226e-24 7.29399e-25 3.93406e-25 2.12172e-25 1.14422e-25 6.17024e-26 3.32712e-26 1.79395e-26 9.67218e-27 5.21451e-27 2.81111e-27 1.51537e-27 8.16834e-28 4.40276e-28 2.37298e-28 1.2789e-28 6.89223e-29 3.71415e-29 2.00141e-29 1.07843e-29 5.81065e-30 3.13067e-30 1.68666e-30
0.00427141 0.000227172 0.000124346 6.80311e-05 3.7204e-05 2.03369e-05 1.11123e-05 6.06946e-06 3.31384e-06 1.80865e-06 9.86791e-07 5.38206e-07 2.93447e-07 1.59946e-07 8.71537e-08 4.74755e-08 2.58541e-08 1.40757e-08 7.66117e-09 4.16877e-09 2.26784e-09 1.23342e-09 6.70666e-10 3.64589e-10 1.98155e-10 1.07674e-10 5.84963e-11 3.17729e-11 1.72544e-11 9.36824e-12 5.08552e-12 2.76016e-12 1.4978e-12 8.12645e-13 4.40832e-13 2.39097e-13 1.2966e-13 7.03024e-14 3.81125e-14 2.06586e-14 1.11962e-14 6.06706e-15 3.28719e-15 1.7808e-15 9.64595e-16 5.2242e-16 2.82904e-16 1.53181e-16 8.29311e-17 4.4893e-17 2.4299e-17 1.31507e-17 7.11644e-18 3.85059e-18 2.08327e-18 1.12699e-18 6.09603e-19 3.29709e-19 1.78309e-19 9.6421e-20 5.2135e-20 2.81868e-20 1.52378e-20 8.23685e-21 4.45206e-21 2.40615e-21 1.30031e-21 7.02645e-22 3.79654e-22 2.05119e-22 1.10812e-22 5.98601e-23 3.23335e-23 1.74637e-23 9.43161e-24 5.09336e-24 2.75037e-24 1.48508e-24 8.01816e-25 4.32884e-25 2.33689e-25 1.26147e-25 6.80906e-26 3.6751e-26 1.98346e-26 1.07041e-26 5.77634e-27 3.11693e-27 1.68181e-27 9.074e-28 4.8955e-28 2.64101e-28 1.42468e-28 7.68498e-29 4.14518e-29 2.23574e-29 1.2058e-29 6.5029e-30 3.50684e-30 1.89105e-30 1.01969e-30
0.00228346 0.000123877 6.79041e-05 3.7204e-05 2.03741e-05 1.11525e-05 6.1021e-06 3.33738e-06 1.82457e-06 9.97118e-07 5.4472e-07 2.97472e-07 1.62394e-07 8.86236e-08 4.83494e-08 2.63693e-08 1.43773e-08 7.83667e-09 4.27036e-09 2.32638e-09 1.26702e-09 6.89882e-10 3.75544e-10 2.04382e-10 1.11205e-10 6.04938e-11 3.29004e-11 1.78896e-11 9.72542e-12 5.28604e-12 2.87255e-12 1.56071e-12 8.47809e-13 4.60463e-13 2.50043e-13 1.35757e-13 7.36947e-14 3.99981e-14 2.17057e-14 1.17772e-14 6.38917e-15 3.46563e-15 1.87957e-15 1.01923e-15 5.52619e-16 2.99586e-16 1.62391e-16 8.80123e-17 4.76948e-17 2.58432e-17 1.40013e-17 7.58471e-18 4.10827e-18 2.225e-18 1.20491e-18 6.52422e-19 3.5323e-19 1.91224e-19 1.0351e-19 5.60242e-20 3.03199e-20 1.64073e-20 8.87784e-21 4.80325e-21 2.59851e-21 1.40564e-21 7.60298e-22 4.11204e-22 2.22379e-22 1.20252e-22 6.50214e-23 3.51548e-23 1.90055e-23 1.0274e-23 5.55348e-24 3.00164e-24 1.62226e-24 8.76695e-25 4.73747e-25 2.55984e-25 1.38309e-25 7.47233e-26 4.03676e-26 2.18063e-26 1.17788e-26 6.36197e-27 3.43602e-27 1.85563e-27 1.00208e-27 5.41108e-28 2.92174e-28 1.57751e-28 8.51682e-29 4.59788e-29 2.48207e-29 1.33982e-29 7.23191e-30 3.90334e-30 2.10667e-30 1.13693e-30 6.13549e-31
0.00122072 6.75238e-05 3.70667e-05 2.03369e-05 1.11525e-05 6.11301e-06 3.34919e-06 1.83415e-06 1.00403e-06 5.49399e-07 3.0051e-07 1.64312e-07 8.98095e-08 4.90711e-08 2.68031e-08 1.46354e-08 7.98891e-09 4.35954e-09 2.37831e-09 1.2971e-09 7.07229e-10 3.85507e-10 2.10084e-10 1.14458e-10 6.23441e-11 3.39502e-11 1.84838e-11 1.00611e-11 5.47527e-12 2.97903e-12 1.62053e-12 8.81361e-13 4.79255e-13 2.60554e-13 1.41629e-13 7.69709e-14 4.18242e-14 2.27224e-14 1.23427e-14 6.70341e-15 3.6401e-15 1.97636e-15 1.07288e-15 5.82337e-16 3.16035e-16 1.71489e-16 9.30413e-17 5.04729e-17 2.73769e-17 1.48476e-17 8.05139e-18 4.36549e-18 2.3667e-18 1.28293e-18 6.95365e-19 3.76854e-19 2.04214e-19 1.1065e-19 5.99472e-20 3.24745e-20 1.75902e-20 9.52699e-21 5.15938e-21 2.79382e-21 1.51271e-21 8.18983e-22 4.43357e-22 2.39989e-22 1.29895e-22 7.03e-23 3.80436e-23 2.05859e-23 1.11384e-23 6.02617e-24 3.26005e-24 1.76349e-24 9.53868e-25 5.15906e-25 2.7901e-25 1.50882e-25 8.15874e-26 4.41142e-26 2.38508e-26 1.28943e-26 6.97045e-27 3.76787e-27 2.03659e-27 1.10073e-27 5.94882e-28 3.2148e-28 1.7372e-28 9.3868e-29 5.07178e-29 2.74016e-29 1.48036e-29 7.99709e-30 4.31989e-30 2.3334e-30 1.26032e-30 6.80687e-31 3.67613e-31
0.000652586 3.67928e-05 2.02256e-05 1.11123e-05 6.1021e-06 3.34919e-06 1.83735e-06 1.0075e-06 5.52217e-07 3.02545e-07 1.65689e-07 9.07047e-08 4.96366e-08 2.7153e-08 1.48485e-08 8.11706e-09 4.43584e-09 2.42335e-09 1.3235e-09 7.22614e-10 3.94425e-10 2.1523e-10 1.17416e-10 6.40378e-11 3.49171e-11 1.90342e-11 1.03736e-11 5.65227e-12 3.07908e-12 1.67697e-12 9.13138e-13 4.97118e-13 2.7058e-13 1.47248e-13 8.01159e-14 4.35821e-14 2.37039e-14 1.28901e-14 7.00839e-15 3.80984e-15 2.07074e-15 1.12532e-15 6.11445e-16 3.3218e-16 1.80437e-16 9.79973e-17 5.32159e-17 2.88941e-17 1.56862e-17 8.51466e-18 4.62127e-18 2.50784e-18 1.36077e-18 7.38273e-19 4.00495e-19 2.17233e-19 1.17816e-19 6.38902e-20 3.46431e-20 1.87824e-20 1.01822e-20 5.5193e-21 2.99146e-21 1.62121e-21 8.78519e-22 4.76016e-22 2.579e-22 1.39714e-22 7.56811e-23 4.09918e-23 2.22007e-23 1.20227e-23 6.51022e-24 3.52496e-24 1.90844e-24 1.03315e-24 5.59265e-25 3.02716e-25 1.6384e-25 8.86688e-26 4.79832e-26 2.59642e-26 1.40485e-26 7.60068e-27 4.11192e-27 2.22437e-27 1.2032e-27 6.5079e-28 3.51977e-28 1.90353e-28 1.02938e-28 5.56628e-29 3.00972e-29 1.62728e-29 8.79769e-30 4.75609e-30 2.57102e-30 1.38975e-30 7.51174e-31 4.05995e-31 2.1942e-31
0.000348867 2.00407e-05 1.10321e-05 6.06946e-06 3.33738e-06 1.83415e-06 1.0075e-06 5.53158e-07 3.03566e-07 1.66519e-07 9.13043e-08 5.00428e-08 2.74171e-08 1.50154e-08 8.22043e-09 4.49883e-09 2.46126e-09 1.34609e-09 7.35956e-10 4.02251e-10 2.19793e-10 1.20062e-10 6.55662e-11 3.57961e-11 1.95379e-11 1.06613e-11 5.81616e-12 3.17219e-12 1.72974e-12 9.42986e-13 5.13966e-13 2.80073e-13 1.52587e-13 8.31147e-14 4.52639e-14 2.46458e-14 1.34169e-14 7.30271e-15 3.97409e-15 2.1623e-15 1.17631e-15 6.39818e-16 3.47953e-16 1.89198e-16 1.0286e-16 5.59124e-17 3.03884e-17 1.65137e-17 8.97268e-18 4.8746e-18 2.64787e-18 1.43813e-18 7.80984e-19 4.24065e-19 2.30233e-19 1.24983e-19 6.78395e-20 3.68183e-20 1.99799e-20 1.08412e-20 5.88181e-21 3.19079e-21 1.73077e-21 9.38719e-22 5.09082e-22 2.76055e-22 1.49679e-22 8.11491e-23 4.39911e-23 2.38455e-23 1.29243e-23 7.00437e-24 3.7957e-24 2.05673e-24 1.11436e-24 6.0372e-25 3.27047e-25 1.77153e-25 9.59518e-26 5.19664e-26 2.81422e-26 1.52391e-26 8.25144e-27 4.46752e-27 2.41864e-27 1.30932e-27 7.0874e-28 3.83618e-28 2.07625e-28 1.12365e-28 6.08072e-29 3.2904e-29 1.78039e-29 9.63278e-30 5.21148e-30 2.81931e-30 1.5251e-30 8.2495e-31 4.46201e-31 2.41328e-31 1.30514e-31
0.000186501 1.09123e-05 6.01526e-06 3.31384e-06 1.82457e-06 1.00403e-06 5.52217e-07 3.03566e-07 1.66796e-07 9.1605e-08 5.02874e-08 2.7594e-08 1.51353e-08 8.29845e-09 4.54818e-09 2.49184e-09 1.36473e-09 7.47184e-10 4.08945e-10 2.2375e-10 1.22385e-10 6.69213e-11 3.65826e-11 1.99923e-11 1.09228e-11 5.96612e-12 3.2579e-12 1.7786e-12 9.7076e-13 5.29718e-13 2.88988e-13 1.57622e-13 8.59533e-14 4.68616e-14 2.55436e-14 1.39207e-14 7.58504e-15 4.13211e-15 2.25064e-15 1.22564e-15 6.67332e-16 3.63285e-16 1.97734e-16 1.07608e-16 5.85513e-17 3.18539e-17 1.73269e-17 9.4236e-18 5.12446e-18 2.78624e-18 1.5147e-18 8.23336e-19 4.47475e-19 2.43166e-19 1.32124e-19 7.17806e-20 3.89922e-20 2.11786e-20 1.15017e-20 6.24568e-21 3.39115e-21 1.84105e-21 9.99391e-22 5.42449e-22 2.94399e-22 1.5976e-22 8.66875e-23 4.70328e-23 2.55154e-23 1.38408e-23 7.50723e-24 4.07153e-24 2.20798e-24 1.19727e-24 6.4916e-25 3.51943e-25 1.9079e-25 1.0342e-25 5.60549e-26 3.038e-26 1.64637e-26 8.92138e-27 4.83396e-27 2.61903e-27 1.41887e-27 7.68627e-28 4.16346e-28 2.25508e-28 1.22135e-28 6.6143e-29 3.58178e-29 1.93948e-29 1.05012e-29 5.68548e-30 3.07797e-30 1.66623e-30 9.01938e-31 4.88192e-31 2.64227e-31 1.43001e-31 7.73877e-32
9.97021e-05 5.93982e-06 3.2787e-06 1.80865e-06 9.97118e-07 5.49399e-07 3.02545e-07 1.66519e-07 9.1605e-08 5.03691e-08 2.76827e-08 1.52075e-08 8.35071e-09 4.58363e-09 2.51491e-09 1.37934e-09 7.5624e-10 4.14471e-10 2.2708e-10 1.24371e-10 6.80962e-11 3.72727e-11 2.03952e-11 1.11568e-11 6.10139e-12 3.3358e-12 1.82329e-12 9.96321e-13 5.44296e-13 2.9728e-13 1.62328e-13 8.86182e-14 4.83677e-14 2.63933e-14 1.43992e-14 7.8541e-15 4.28318e-15 2.33535e-15 1.27307e-15 6.93865e-16 3.7811e-16 2.06008e-16 1.12221e-16 6.11213e-17 3.32843e-17 1.81224e-17 9.86558e-18 5.36987e-18 2.92239e-18 1.59019e-18 8.65164e-19 4.70637e-19 2.55984e-19 1.39213e-19 7.56992e-20 4.11572e-20 2.2374e-20 1.21615e-20 6.60966e-21 3.59185e-21 1.95166e-21 1.06033e-21 5.7601e-22 3.12874e-22 1.69926e-22 9.22796e-23 5.01077e-23 2.72056e-23 1.47696e-23 8.0174e-24 4.35168e-24 2.36177e-24 1.28167e-24 6.95466e-25 3.77342e-25 2.04717e-25 1.11054e-25 6.02389e-26 3.26725e-26 1.77194e-26 9.60906e-27 5.21047e-27 2.82512e-27 1.53166e-27 8.30335e-28 4.50102e-28 2.43969e-28 1.32229e-28 7.16614e-29 3.8834e-29 2.1043e-29 1.14018e-29 6.17742e-30 3.34666e-30 1.81295e-30 9.82044e-31 5.31921e-31 2.88095e-31 1.56025e-31 8.44941e-32 4.57542e-32
5.32999e-05 3.23215e-06 1.7865e-06 9.86791e-07 5.4472e-07 3.0051e-07 1.65689e-07 9.13043e-08 5.02874e-08 2.76827e-08 1.52316e-08 8.3769e-09 4.60497e-09 2.53037e-09 1.38983e-09 7.63074e-10 4.18799e-10 2.29765e-10 1.26011e-10 6.90847e-11 3.78627e-11 2.07444e-11 1.1362e-11 6.22129e-12 3.40547e-12 1.8636e-12 1.01955e-12 5.5763e-13 3.04911e-13 1.66683e-13 9.10967e-14 4.9775e-14 2.71907e-14 1.48502e-14 8.10863e-15 4.42661e-15 2.41604e-15 1.31841e-15 7.19301e-16 3.92362e-16 2.13985e-16 1.16681e-16 6.36116e-17 3.46736e-17 1.88967e-17 1.02968e-17 5.60981e-18 3.05579e-18 1.6643e-18 9.06305e-19 4.93459e-19 2.68637e-19 1.46223e-19 7.95807e-20 4.33051e-20 2.3562e-20 1.28182e-20 6.97246e-21 3.79219e-21 2.06225e-21 1.12134e-21 6.09654e-22 3.31419e-22 1.80145e-22 9.79076e-23 5.32063e-23 2.89109e-23 1.57078e-23 8.53338e-24 4.63535e-24 2.51768e-24 1.36733e-24 7.42515e-25 4.03175e-25 2.18898e-25 1.18836e-25 6.45082e-26 3.50141e-26 1.90034e-26 1.03129e-26 5.59621e-27 3.03647e-27 1.64743e-27 8.9374e-28 4.84818e-28 2.62973e-28 1.4263e-28 7.73525e-29 4.19474e-29 2.27459e-29 1.2333e-29 6.68656e-30 3.62497e-30 1.96506e-30 1.06516e-30 5.77332e-31 3.129e-31 1.69573e-31 9.1892e-32 4.97932e-32 2.69795e-32
2.84937e-05 1.75823e-06 9.73114e-07 5.38206e-07 2.97472e-07 1.64312e-07 9.07047e-08 5.00428e-08 2.7594e-08 1.52075e-08 8.3769e-09 4.6121e-09 2.53812e-09 1.39615e-09 7.67651e-10 4.21907e-10 2.31791e-10 1.27295e-10 6.98818e-11 3.83497e-11 2.10383e-11 1.15375e-11 6.32522e-12 3.46659e-12 1.89932e-12 1.04032e-12 5.69653e-13 3.11842e-13 1.70665e-13 9.33768e-14 5.1077e-14 2.79321e-14 1.52714e-14 8.34746e-15 4.56174e-15 2.49236e-15 1.36144e-15 7.43525e-16 4.05979e-16 2.21629e-16 1.20966e-16 6.60115e-17 3.6016e-17 1.96468e-17 1.07155e-17 5.84331e-18 3.18589e-18 1.73673e-18 9.46595e-19 5.15854e-19 2.81076e-19 1.53128e-19 8.34103e-20 4.5428e-20 2.4738e-20 1.34694e-20 7.33279e-21 3.99148e-21 2.17241e-21 1.18221e-21 6.43267e-22 3.49973e-22 1.90382e-22 1.03553e-22 5.63187e-23 3.06261e-23 1.66526e-23 9.05362e-24 4.92171e-24 2.67525e-24 1.45401e-24 7.90174e-25 4.29374e-25 2.33295e-25 1.26745e-25 6.88519e-26 3.7399e-26 2.03124e-26 1.10312e-26 5.99028e-27 3.2526e-27 1.76594e-27 9.58705e-28 5.20423e-28 2.82482e-28 1.53317e-28 8.32055e-29 4.51523e-29 2.45004e-29 1.32933e-29 7.21204e-30 3.91247e-30 2.12232e-30 1.15117e-30 6.24361e-31 3.38611e-31 1.83626e-31 9.95723e-32 5.39898e-32 2.92722e-32 1.58698e-32
1.52325e-05 9.56163e-07 5.29894e-07 2.93447e-07 1.62394e-07 8.98095e-08 4.96366e-08 2.74171e-08 1.51353e-08 8.35071e-09 4.60497e-09 2.53812e-09 1.39825e-09 7.69945e-10 4.23779e-10 2.33148e-10 1.28217e-10 7.04833e-11 3.87311e-11 2.12752e-11 1.16823e-11 6.41264e-12 3.51883e-12 1.93028e-12 1.05853e-12 5.80307e-13 3.18041e-13 1.74255e-13 9.54477e-14 5.22673e-14 2.86141e-14 1.56611e-14 8.56948e-15 4.68795e-15 2.56396e-15 1.40197e-15 7.66429e-16 4.189e-16 2.28907e-16 1.25059e-16 6.83106e-17 3.73056e-17 2.03694e-17 1.11199e-17 6.06939e-18 3.31216e-18 1.80719e-18 9.85872e-19 5.37732e-19 2.93252e-19 1.59899e-19 8.71736e-20 4.75179e-20 2.58979e-20 1.41126e-20 7.68935e-21 4.189e-21 2.28176e-21 1.24272e-21 6.76733e-22 3.68473e-22 2.00604e-22 1.09199e-22 5.9435e-23 3.23456e-23 1.7601e-23 9.57652e-24 5.2099e-24 2.83401e-24 1.54144e-24 8.38309e-25 4.55864e-25 2.47868e-25 1.3476e-25 7.32586e-26 3.9821e-26 2.16433e-26 1.17623e-26 6.39174e-27 3.47301e-27 1.88692e-27 1.02508e-27 5.56837e-28 3.02453e-28 1.64267e-28 8.92084e-29 4.84423e-29 2.63031e-29 1.42809e-29 7.75293e-30 4.20866e-30 2.28448e-30 1.23993e-30 6.72934e-31 3.65188e-31 1.98165e-31 1.07525e-31 5.83386e-32 3.165e-32 1.71696e-32 9.31357e-33
8.14316e-06 5.19831e-07 2.88459e-07 1.59946e-07 8.86236e-08 4.90711e-08 2.7153e-08 1.50154e-08 8.29845e-09 4.58363e-09 2.53037e-09 1.39615e-09 7.69945e-10 4.24404e-10 2.33828e-10 1.28772e-10 7.0886e-11 3.9005e-11 2.14539e-11 1.17958e-11 6.48312e-12 3.56194e-12 1.95632e-12 1.0741e-12 5.89539e-13 3.23476e-13 1.77435e-13 9.72993e-14 5.33402e-14 2.92334e-14 1.60172e-14 8.77364e-15 4.80466e-15 2.6305e-15 1.43982e-15 7.8791e-16 4.31068e-16 2.35786e-16 1.28942e-16 7.04988e-17 3.8537e-17 2.10614e-17 1.15083e-17 6.28711e-18 3.43408e-18 1.87538e-18 1.02398e-18 5.59005e-19 3.05118e-19 1.66512e-19 9.08558e-20 4.95667e-20 2.70371e-20 1.47456e-20 8.04081e-21 4.38402e-21 2.38992e-21 1.30266e-21 7.09937e-22 3.86856e-22 2.10775e-22 1.14824e-22 6.25449e-23 3.4064e-23 1.855e-23 1.01004e-23 5.49901e-24 2.99349e-24 1.62937e-24 8.86776e-25 4.82569e-25 2.62577e-25 1.42859e-25 7.77161e-26 4.22737e-26 2.29924e-26 1.25042e-26 6.79957e-27 3.69714e-27 2.01006e-27 1.09272e-27 5.93978e-28 3.22843e-28 1.75458e-28 9.53487e-29 5.18106e-29 2.81504e-29 1.52938e-29 8.3082e-30 4.51298e-30 2.45123e-30 1.33128e-30 7.22972e-31 3.92589e-31 2.13168e-31 1.15737e-31 6.28332e-32 3.41094e-32 1.85151e-32 1.00496e-32 5.4543e-33
4.35327e-06 2.82535e-07 1.56983e-07 8.71537e-08 4.83494e-08 2.68031e-08 1.48485e-08 8.22043e-09 4.54818e-09 2.51491e-09 1.38983e-09 7.67651e-10 4.23779e-10 2.33828e-10 1.28958e-10 7.10879e-11 3.91699e-11 2.15736e-11 1.18772e-11 6.5363e-12 3.5957e-12 1.97731e-12 1.08695e-12 5.97304e-13 3.28122e-13 1.80191e-13 9.89226e-14 5.42907e-14 2.9787e-14 1.63382e-14 8.95901e-15 4.91132e-15 2.69167e-15 1.47481e-15 8.07869e-16 4.42426e-16 2.42236e-16 1.32598e-16 7.25667e-17 3.97048e-17 2.17199e-17 1.1879e-17 6.49555e-18 3.55112e-18 1.94103e-18 1.06076e-18 5.79588e-19 3.16625e-19 1.7294e-19 9.44427e-20 5.15667e-20 2.81513e-20 1.53659e-20 8.38587e-21 4.57584e-21 2.49648e-21 1.36182e-21 7.42761e-22 4.05057e-22 2.20862e-22 1.20411e-22 6.5638e-23 3.57755e-23 1.94966e-23 1.06237e-23 5.78815e-24 3.15319e-24 1.71754e-24 9.35432e-25 5.0941e-25 2.77378e-25 1.51018e-25 8.2212e-26 4.47503e-26 2.43562e-26 1.32549e-26 7.21271e-27 3.92443e-27 2.13506e-27 1.16145e-27 6.31757e-28 3.43603e-28 1.86863e-28 1.01613e-28 5.525e-29 3.00385e-29 1.633e-29 8.87675e-30 4.82486e-30 2.62228e-30 1.42507e-30 7.74385e-31 4.20768e-31 2.28609e-31 1.24196e-31 6.74668e-32 3.66469e-32 1.99045e-32 1.08102e-32 5.87061e-33 3.18787e-33
2.32722e-06 1.5352e-07 8.54078e-08 4.74755e-08 2.63693e-08 1.46354e-08 8.11706e-09 4.49883e-09 2.49184e-09 1.37934e-09 7.63074e-10 4.21907e-10 2.33148e-10 1.28772e-10 7.10879e-11 3.92249e-11 2.16336e-11 1.19262e-11 6.5719e-12 3.61994e-12 1.99315e-12 1.09701e-12 6.03562e-13 3.31954e-13 1.82509e-13 1.0031e-13 5.51141e-14 3.02723e-14 1.66225e-14 9.12469e-15 5.00743e-15 2.74721e-15 1.50678e-15 8.26216e-16 4.52925e-16 2.48228e-16 1.3601e-16 7.45051e-17 4.08039e-17 2.23419e-17 1.22305e-17 6.69384e-18 3.66282e-18 2.00386e-18 1.09606e-18 5.99397e-19 3.27728e-19 1.79156e-19 9.792e-20 5.35099e-20 2.92363e-20 1.59711e-20 8.72322e-21 4.76373e-21 2.60105e-21 1.41998e-21 7.75086e-22 4.23012e-22 2.30829e-22 1.25941e-22 6.87037e-23 3.74743e-23 2.04375e-23 1.11446e-23 6.07637e-24 3.31259e-24 1.80566e-24 9.84127e-25 5.36306e-25 2.92228e-25 1.59213e-25 8.67335e-26 4.72438e-26 2.57308e-26 1.40125e-26 7.63008e-27 4.15429e-27 2.26161e-27 1.2311e-27 6.70081e-28 3.64684e-28 1.98455e-28 1.07986e-28 5.87527e-29 3.19631e-29 1.73872e-29 9.45737e-30 5.14365e-30 2.79727e-30 1.5211e-30 8.27077e-31 4.49672e-31 2.4446e-31 1.32888e-31 7.22316e-32 3.92585e-32 2.13356e-32 1.15942e-32 6.30008e-33 3.42308e-33 1.85975e-33
1.24411e-06 8.33956e-08 4.64542e-08 2.58541e-08 1.43773e-08 7.98891e-09 4.43584e-09 2.46126e-09 1.36473e-09 7.5624e-10 4.18799e-10 2.31791e-10 1.28217e-10 7.0886e-11 3.91699e-11 2.16336e-11 1.19426e-11 6.58975e-12 3.63453e-12 2.00375e-12 1.10423e-12 6.08284e-13 3.34955e-13 1.84376e-13 1.01454e-13 5.58065e-14 3.0687e-14 1.68687e-14 9.2699e-15 5.09255e-15 2.79683e-15 1.53558e-15 8.42867e-16 4.62516e-16 2.53735e-16 1.39162e-16 7.63054e-17 4.18295e-17 2.29249e-17 1.25612e-17 6.88111e-18 3.76869e-18 2.06361e-18 1.12973e-18 6.1835e-19 3.38381e-19 1.85137e-19 1.01274e-19 5.53888e-20 3.02877e-20 1.6559e-20 9.05158e-21 4.947e-21 2.70325e-21 1.47693e-21 8.06796e-22 4.40656e-22 2.4064e-22 1.31393e-22 7.17314e-23 3.91548e-23 2.13697e-23 1.16614e-23 6.36275e-24 3.4712e-24 1.89346e-24 1.03271e-24 5.63174e-25 3.07081e-25 1.67421e-25 9.12672e-26 4.9747e-26 2.71125e-26 1.47748e-26 8.05051e-27 4.38609e-27 2.38937e-27 1.3015e-27 7.08853e-28 3.86033e-28 2.10207e-28 1.14453e-28 6.23106e-29 3.39199e-29 1.84631e-29 1.00488e-29 5.46868e-30 2.97585e-30 1.61919e-30 8.80943e-31 4.79245e-31 2.60694e-31 1.41796e-31 7.71192e-32 4.19395e-32 2.2806e-32 1.24005e-32 6.74206e-33 3.66532e-33 1.9925e-33 1.08305e-33
6.65092e-07 4.52911e-08 2.52602e-08 1.40757e-08 7.83667e-09 4.35954e-09 2.42335e-09 1.34609e-09 7.47184e-10 4.14471e-10 2.29765e-10 1.27295e-10 7.04833e-11 3.9005e-11 2.15736e-11 1.19262e-11 6.58975e-12 3.6394e-12 2.00906e-12 1.10858e-12 6.11444e-13 3.37108e-13 1.85785e-13 1.0235e-13 5.63645e-14 3.1029e-14 1.70758e-14 9.39396e-15 5.16626e-15 2.84032e-15 1.56109e-15 8.57745e-16 4.71156e-16 2.58732e-16 1.42042e-16 7.79596e-17 4.2777e-17 2.34662e-17 1.28698e-17 7.05658e-18 3.86827e-18 2.12003e-18 1.16164e-18 6.36368e-19 3.48541e-19 1.90858e-19 1.04491e-19 5.71957e-20 3.13015e-20 1.71271e-20 9.3697e-21 5.12494e-21 2.80269e-21 1.53245e-21 8.37773e-22 4.57925e-22 2.5026e-22 1.36748e-22 7.47106e-23 4.08111e-23 2.22899e-23 1.21724e-23 6.64632e-24 3.62848e-24 1.98065e-24 1.08102e-24 5.8993e-25 3.21892e-25 1.75616e-25 9.57995e-26 5.22526e-26 2.84971e-26 1.55396e-26 8.47283e-27 4.61919e-27 2.51799e-27 1.37244e-27 7.47971e-28 4.07595e-28 2.22088e-28 1.20998e-28 6.59149e-29 3.59042e-29 1.95552e-29 1.06497e-29 5.79922e-30 3.15762e-30 1.71913e-30 9.35871e-31 5.09429e-31 2.77276e-31 1.50904e-31 8.21205e-32 4.46853e-32 2.43131e-32 1.32275e-32 7.1958e-33 3.91422e-33 2.129e-33 1.1579e-33 6.29695e-34
3.55553e-07 2.4591e-08 1.37322e-08 7.66117e-09 4.27036e-09 2.37831e-09 1.3235e-09 7.35956e-10 4.08945e-10 2.2708e-10 1.26011e-10 6.98818e-11 3.87311e-11 2.14539e-11 1.18772e-11 6.5719e-12 3.63453e-12 2.00906e-12 1.11003e-12 6.13029e-13 3.38405e-13 1.86729e-13 1.02993e-13 5.67853e-14 3.12968e-14 1.72426e-14 9.49629e-15 5.22823e-15 2.87748e-15 1.58317e-15 8.70782e-16 4.78804e-16 2.63196e-16 1.44636e-16 7.94603e-17 4.36423e-17 2.39635e-17 1.31547e-17 7.21947e-18 3.96116e-18 2.17288e-18 1.19165e-18 6.53378e-19 3.58166e-19 1.96295e-19 1.07558e-19 5.89236e-20 3.22736e-20 1.76734e-20 9.67632e-21 5.29686e-21 2.89899e-21 1.58634e-21 8.67903e-22 4.74756e-22 2.59654e-22 1.41987e-22 7.76307e-23 4.24373e-23 2.3195e-23 1.26758e-23 6.92613e-24 3.78392e-24 2.06695e-24 1.12891e-24 6.16488e-25 3.36614e-25 1.83773e-25 1.00317e-25 5.4753e-26 2.98805e-26 1.63047e-26 8.89582e-27 4.85294e-27 2.64712e-27 1.44374e-27 7.8733e-28 4.29313e-28 2.34069e-28 1.27604e-28 6.95567e-29 3.79111e-29 2.06609e-29 1.12587e-29 6.1345e-30 3.34217e-30 1.82069e-30 9.91744e-31 5.4016e-31 2.94173e-31 1.60193e-31 8.72258e-32 4.74904e-32 2.5854e-32 1.40738e-32 7.66052e-33 4.16934e-33 2.26902e-33 1.23474e-33 6.71852e-34 3.65542e-34
1.90076e-07 1.33486e-08 7.46335e-09 4.16877e-09 2.32638e-09 1.2971e-09 7.22614e-10 4.02251e-10 2.2375e-10 1.24371e-10 6.90847e-11 3.83497e-11 2.12752e-11 1.17958e-11 6.5363e-12 3.61994e-12 2.00375e-12 1.10858e-12 6.13029e-13 3.38838e-13 1.87201e-13 1.0338e-13 5.7067e-14 3.14889e-14 1.73685e-14 9.57638e-15 5.27817e-15 2.90811e-15 1.60174e-15 8.81917e-16 4.85427e-16 2.67107e-16 1.46931e-16 8.08009e-17 4.44215e-17 2.44146e-17 1.34149e-17 7.36908e-18 4.04694e-18 2.22193e-18 1.21963e-18 6.69307e-19 3.67215e-19 2.01427e-19 1.10463e-19 6.05655e-20 3.32002e-20 1.81956e-20 9.97026e-21 5.46211e-21 2.99178e-21 1.6384e-21 8.97072e-22 4.91086e-22 2.68789e-22 1.47092e-22 8.04811e-23 4.40278e-23 2.40818e-23 1.31699e-23 7.20122e-24 3.93699e-24 2.15207e-24 1.17621e-24 6.42762e-25 3.51199e-25 1.91865e-25 1.04804e-25 5.72405e-26 3.12586e-26 1.70679e-26 9.31824e-27 5.08666e-27 2.77638e-27 1.5152e-27 8.26821e-28 4.51129e-28 2.46116e-28 1.34254e-28 7.32266e-29 3.99357e-29 2.17774e-29 1.18742e-29 6.47374e-30 3.52909e-30 1.92364e-30 1.04844e-30 5.71369e-31 3.1135e-31 1.69644e-31 9.24245e-32 5.03494e-32 2.74259e-32 1.49379e-32 8.13536e-33 4.43022e-33 2.41233e-33 1.31344e-33 7.15065e-34 3.89264e-34 2.11889e-34
1.01613e-07 7.24429e-09 4.05531e-09 2.26784e-09 1.26702e-09 7.07229e-10 3.94425e-10 2.19793e-10 1.22385e-10 6.80962e-11 3.78627e-11 2.10383e-11 1.16823e-11 6.48312e-12 3.5957e-12 1.99315e-12 1.10423e-12 6.11444e-13 3.38405e-13 1.87201e-13 1.0351e-13 5.72082e-14 3.16046e-14 1.74527e-14 9.63386e-15 5.31582e-15 2.9321e-15 1.6167e-15 8.91099e-16 4.90994e-16 2.70447e-16 1.48919e-16 8.19752e-17 4.51112e-17 2.48175e-17 1.36492e-17 7.50477e-18 4.12524e-18 2.26698e-18 1.24547e-18 6.84089e-19 3.75651e-19 2.06231e-19 1.13194e-19 6.21146e-20 3.40775e-20 1.86917e-20 1.02503e-20 5.62003e-21 3.08071e-21 1.68841e-21 9.25169e-22 5.06854e-22 2.77628e-22 1.52043e-22 8.32516e-23 4.55767e-23 2.49471e-23 1.36529e-23 7.47064e-24 4.08716e-24 2.23572e-24 1.22277e-24 6.68665e-25 3.65601e-25 1.99868e-25 1.09248e-25 5.97073e-26 3.26271e-26 1.78267e-26 9.73882e-27 5.31967e-27 2.9054e-27 1.58662e-27 8.66334e-28 4.72982e-28 2.58197e-28 1.40931e-28 7.6915e-29 4.19726e-29 2.29018e-29 1.24947e-29 6.8161e-30 3.7179e-30 2.02775e-30 1.10582e-30 6.02988e-31 3.28768e-31 1.79236e-31 9.77057e-32 5.32563e-32 2.90256e-32 1.58179e-32 8.61939e-33 4.69638e-33 2.55865e-33 1.39386e-33 7.59258e-34 4.13544e-34 2.25225e-34 1.22651e-34
5.43214e-08 3.9306e-09 2.20299e-09 1.23342e-09 6.89882e-10 3.85507e-10 2.1523e-10 1.20062e-10 6.69213e-11 3.72727e-11 2.07444e-11 1.15375e-11 6.41264e-12 3.56194e-12 1.97731e-12 1.09701e-12 6.08284e-13 3.37108e-13 1.86729e-13 1.0338e-13 5.72082e-14 3.16432e-14 1.74949e-14 9.66846e-15 5.34103e-15 2.94931e-15 1.62797e-15 8.98285e-16 4.95478e-16 2.73201e-16 1.50589e-16 8.2978e-17 4.57081e-17 2.51704e-17 1.38565e-17 7.62594e-18 4.19574e-18 2.30783e-18 1.26906e-18 6.97661e-19 3.83439e-19 2.10689e-19 1.15739e-19 6.35646e-20 3.4902e-20 1.91597e-20 1.05155e-20 5.77e-21 3.16543e-21 1.7362e-21 9.52089e-22 5.22e-22 2.86141e-22 1.56822e-22 8.5932e-23 4.70786e-23 2.57878e-23 1.41231e-23 7.73345e-24 4.23392e-24 2.31761e-24 1.26844e-24 6.94112e-25 3.79772e-25 2.07754e-25 1.13635e-25 6.21455e-26 3.39818e-26 1.85789e-26 1.01563e-26 5.55125e-27 3.0338e-27 1.65778e-27 9.05755e-28 4.9481e-28 2.70279e-28 1.47615e-28 8.06119e-29 4.40164e-29 2.40314e-29 1.31187e-29 7.16072e-30 3.90816e-30 2.13275e-30 1.16375e-30 6.3494e-31 3.46386e-31 1.88948e-31 1.03058e-31 5.62048e-32 3.06495e-32 1.67121e-32 9.11163e-33 4.96729e-33 2.70771e-33 1.47586e-33 8.04351e-34 4.38337e-34 2.38854e-34 1.30142e-34 7.0903e-35
2.90397e-08 2.1322e-09 1.19648e-09 6.70666e-10 3.75544e-10 2.10084e-10 1.17416e-10 6.55662e-11 3.65826e-11 2.03952e-11 1.1362e-11 6.32522e-12 3.51883e-12 1.95632e-12 1.08695e-12 6.03562e-13 3.34955e-13 1.85785e-13 1.02993e-13 5.7067e-14 3.16046e-14 1.74949e-14 9.68002e-15 5.35366e-15 2.95966e-15 1.63552e-15 9.03442e-16 4.98859e-16 2.75357e-16 1.51935e-16 8.38048e-17 4.62098e-17 2.54717e-17 1.4036e-17 7.73205e-18 4.25811e-18 2.34429e-18 1.29028e-18 7.09965e-19 3.90546e-19 2.1478e-19 1.18088e-19 6.49097e-20 3.56703e-20 1.95976e-20 1.07646e-20 5.91144e-21 3.24559e-21 1.78156e-21 9.77726e-22 5.36467e-22 2.94294e-22 1.61412e-22 8.85124e-23 4.85279e-23 2.6601e-23 1.45789e-23 7.98871e-24 4.37675e-24 2.39747e-24 1.31305e-24 7.19015e-25 3.93664e-25 2.15498e-25 1.17949e-25 6.45475e-26 3.53183e-26 1.93221e-26 1.05694e-26 5.7807e-27 3.1612e-27 1.72848e-27 9.44967e-28 5.1655e-28 2.82327e-28 1.54289e-28 8.43071e-29 4.60616e-29 2.51629e-29 1.37445e-29 7.5067e-30 4.09936e-30 2.23838e-30 1.22209e-30 6.6715e-31 3.64164e-31 1.98757e-31 1.08468e-31 5.91883e-32 3.22942e-32 1.76185e-32 9.61106e-33 5.24239e-33 2.8592e-33 1.55926e-33 8.50258e-34 4.63598e-34 2.52751e-34 1.37786e-34 7.51064e-35 4.09365e-35
1.55244e-08 1.15639e-09 6.49682e-10 3.64589e-10 2.04382e-10 1.14458e-10 6.40378e-11 3.57961e-11 1.99923e-11 1.11568e-11 6.22129e-12 3.46659e-12 1.93028e-12 1.0741e-12 5.97304e-13 3.31954e-13 1.84376e-13 1.0235e-13 5.67853e-14 3.14889e-14 1.74527e-14 9.66846e-15 5.35366e-15 2.96312e-15 1.63931e-15 9.06546e-16 5.01122e-16 2.76903e-16 1.52949e-16 8.44517e-17 4.66138e-17 2.572e-17 1.41868e-17 7.82265e-18 4.31209e-18 2.37623e-18 1.30906e-18 7.20949e-19 3.96942e-19 2.18489e-19 1.20231e-19 6.61442e-20 3.63793e-20 2.00037e-20 1.09967e-20 6.04378e-21 3.3209e-21 1.82434e-21 1.00198e-21 5.502e-22 3.02057e-22 1.65794e-22 9.09832e-23 4.99192e-23 2.73836e-23 1.50186e-23 8.23552e-24 4.51515e-24 2.47501e-24 1.35645e-24 7.43291e-25 4.0723e-25 2.23074e-25 1.22177e-25 6.69053e-26 3.66323e-26 2.0054e-26 1.09767e-26 6.00732e-27 3.2872e-27 1.79849e-27 9.83856e-28 5.38139e-28 2.94305e-28 1.60933e-28 8.79902e-29 4.81025e-29 2.62934e-29 1.43705e-29 7.85312e-30 4.29103e-30 2.34438e-30 1.28069e-30 6.99538e-31 3.82057e-31 2.0864e-31 1.13924e-31 6.22e-32 3.39561e-32 1.85352e-32 1.01166e-32 5.52109e-33 3.01281e-33 1.6439e-33 8.96885e-34 4.89278e-34 2.6689e-34 1.45569e-34 7.93898e-35 4.32932e-35 2.36068e-35
8.29922e-09 6.27039e-10 3.52699e-10 1.98155e-10 1.11205e-10 6.23441e-11 3.49171e-11 1.95379e-11 1.09228e-11 6.10139e-12 3.40547e-12 1.89932e-12 1.05853e-12 5.89539e-13 3.28122e-13 1.82509e-13 1.01454e-13 5.63645e-14 3.12968e-14 1.73685e-14 9.63386e-15 5.34103e-15 2.95966e-15 1.63931e-15 9.07582e-16 5.02256e-16 2.77834e-16 1.53628e-16 8.49159e-17 4.69185e-17 2.59144e-17 1.43082e-17 7.89732e-18 4.35744e-18 2.40349e-18 1.32531e-18 7.30566e-19 4.02599e-19 2.218e-19 1.2216e-19 6.7263e-20 3.70261e-20 2.03764e-20 1.12108e-20 6.16648e-21 3.39105e-21 1.86435e-21 1.02476e-21 5.63144e-22 3.094e-22 1.69953e-22 9.33351e-23 5.12474e-23 2.81327e-23 1.54407e-23 8.47298e-24 4.64862e-24 2.54995e-24 1.39849e-24 7.66854e-25 4.20425e-25 2.30457e-25 1.26304e-25 6.92111e-26 3.79195e-26 2.07721e-26 1.13771e-26 6.23038e-27 3.41141e-27 1.86762e-27 1.0223e-27 5.59511e-28 3.0618e-28 1.67527e-28 9.16506e-29 5.01334e-29 2.74197e-29 1.49948e-29 8.19907e-30 4.48264e-30 2.45047e-30 1.33941e-30 7.32021e-31 4.00022e-31 2.18572e-31 1.19414e-31 6.52327e-32 3.56311e-32 1.94601e-32 1.06271e-32 5.80279e-33 3.16821e-33 1.72961e-33 9.44138e-34 5.15324e-34 2.81243e-34 1.53476e-34 8.37451e-35 4.56915e-35 2.4927e-35 1.35977e-35
4.43669e-09 3.39936e-10 1.91434e-10 1.07674e-10 6.04938e-11 3.39502e-11 1.90342e-11 1.06613e-11 5.96612e-12 3.3358e-12 1.8636e-12 1.04032e-12 5.80307e-13 3.23476e-13 1.80191e-13 1.0031e-13 5.58065e-14 3.1029e-14 1.72426e-14 9.57638e-15 5.31582e-15 2.94931e-15 1.63552e-15 9.06546e-16 5.02256e-16 2.78145e-16 1.53969e-16 8.51953e-17 4.71223e-17 2.60538e-17 1.43997e-17 7.95575e-18 4.39396e-18 2.42596e-18 1.33896e-18 7.38775e-19 4.07494e-19 2.24698e-19 1.23865e-19 6.82615e-20 3.7608e-20 2.07141e-20 1.14061e-20 6.27906e-21 3.45576e-21 1.90145e-21 1.04598e-21 5.7525e-22 3.16295e-22 1.73872e-22 9.55592e-23 5.25076e-23 2.88456e-23 1.58434e-23 8.70023e-24 4.77669e-24 2.62204e-24 1.43903e-24 7.89622e-25 4.33202e-25 2.37621e-25 1.30317e-25 7.14572e-26 3.91757e-26 2.14742e-26 1.17691e-26 6.44919e-27 3.53343e-27 1.93563e-27 1.06019e-27 5.80602e-28 3.17915e-28 1.74053e-28 9.52778e-29 5.21484e-29 2.85385e-29 1.56158e-29 8.54357e-30 4.67367e-30 2.55636e-30 1.39808e-30 7.64516e-31 4.18012e-31 2.28528e-31 1.24922e-31 6.8279e-32 3.73153e-32 2.03909e-32 1.11414e-32 6.08684e-33 3.32505e-33 1.81618e-33 9.91915e-34 5.41682e-34 2.95781e-34 1.61492e-34 8.81636e-35 4.81266e-35 2.62687e-35 1.43368e-35 7.82387e-36
2.37182e-09 1.84253e-10 1.03883e-10 5.84963e-11 3.29004e-11 1.84838e-11 1.03736e-11 5.81616e-12 3.2579e-12 1.82329e-12 1.01955e-12 5.69653e-13 3.18041e-13 1.77435e-13 9.89226e-14 5.51141e-14 3.0687e-14 1.70758e-14 9.49629e-15 5.27817e-15 2.9321e-15 1.62797e-15 9.03442e-16 5.01122e-16 2.77834e-16 1.53969e-16 8.52886e-17 4.72245e-17 2.61377e-17 1.4461e-17 7.99767e-18 4.42149e-18 2.44353e-18 1.34995e-18 7.4554e-19 4.11606e-19 2.27172e-19 1.25341e-19 6.91355e-20 3.81225e-20 2.10154e-20 1.15818e-20 6.38106e-21 3.51477e-21 1.93548e-21 1.06554e-21 5.86471e-22 3.22714e-22 1.77537e-22 9.76471e-23 5.36949e-23 2.95197e-23 1.62255e-23 8.91644e-24 4.89888e-24 2.69101e-24 1.47791e-24 8.11517e-25 4.45517e-25 2.44541e-25 1.34202e-25 7.36361e-26 4.03967e-26 2.21578e-26 1.21516e-26 6.66302e-27 3.65289e-27 2.00232e-27 1.0974e-27 6.01347e-28 3.29475e-28 1.80491e-28 9.88608e-29 5.41416e-29 2.96468e-29 1.62317e-29 8.88566e-30 4.8636e-30 2.66176e-30 1.45654e-30 7.96935e-31 4.35981e-31 2.38483e-31 1.30435e-31 7.13314e-32 3.90045e-32 2.13254e-32 1.16582e-32 6.37258e-33 3.48298e-33 1.90344e-33 1.04011e-33 5.68294e-34 3.10471e-34 1.69599e-34 9.26365e-35 5.05937e-35 2.76291e-35 1.50867e-35 8.23721e-36 4.49701e-36
1.26795e-09 9.98509e-11 5.6362e-11 3.17729e-11 1.78896e-11 1.00611e-11 5.65227e-12 3.17219e-12 1.7786e-12 9.96321e-13 5.5763e-13 3.11842e-13 1.74255e-13 9.72993e-14 5.42907e-14 3.02723e-14 1.68687e-14 9.39396e-15 5.22823e-15 2.90811e-15 1.6167e-15 8.98285e-16 4.98859e-16 2.76903e-16 1.53628e-16 8.51953e-17 4.72245e-17 2.61658e-17 1.44917e-17 8.02289e-18 4.43991e-18 2.45615e-18 1.35824e-18 7.50832e-19 4.14917e-19 2.2921e-19 1.2658e-19 6.98813e-20 3.85676e-20 2.12792e-20 1.17371e-20 6.47206e-21 3.56784e-21 1.9663e-21 1.08338e-21 5.96762e-22 3.28634e-22 1.80933e-22 9.95907e-23 5.48048e-23 3.01523e-23 1.65853e-23 9.1208e-24 5.01475e-24 2.75661e-24 1.515e-24 8.32459e-25 4.57328e-25 2.51194e-25 1.37946e-25 7.57403e-26 4.15784e-26 2.28208e-26 1.25233e-26 6.87119e-27 3.7694e-27 2.06748e-27 1.13381e-27 6.21682e-28 3.40824e-28 1.8682e-28 1.02389e-28 5.61072e-29 3.07411e-29 1.68407e-29 9.22437e-30 5.0519e-30 2.76639e-30 1.51465e-30 8.29192e-31 4.5388e-31 2.48411e-31 1.3594e-31 7.43821e-32 4.06946e-32 2.22614e-32 1.21764e-32 6.65934e-33 3.64162e-33 1.99117e-33 1.08861e-33 5.95102e-34 3.25283e-34 1.77781e-34 9.71542e-35 5.30876e-35 2.90055e-35 1.58461e-35 8.65609e-36 4.728e-36 2.58221e-36
6.77838e-10 5.41015e-11 3.05735e-11 1.72544e-11 9.72542e-12 5.47527e-12 3.07908e-12 1.72974e-12 9.7076e-13 5.44296e-13 3.04911e-13 1.70665e-13 9.54477e-14 5.33402e-14 2.9787e-14 1.66225e-14 9.2699e-15 5.16626e-15 2.87748e-15 1.60174e-15 8.91099e-16 4.95478e-16 2.75357e-16 1.52949e-16 8.49159e-17 4.71223e-17 2.61377e-17 1.44917e-17 8.03132e-18 4.44914e-18 2.46373e-18 1.36378e-18 7.54628e-19 4.17412e-19 2.30805e-19 1.27578e-19 7.04959e-20 3.89414e-20 2.15042e-20 1.18714e-20 6.55169e-21 3.61475e-21 1.9938e-21 1.09942e-21 6.06083e-22 3.3403e-22 1.84047e-22 1.01383e-22 5.58332e-23 3.0741e-23 1.69217e-23 9.31257e-24 5.12388e-24 2.81861e-24 1.55016e-24 8.52373e-25 4.68591e-25 2.57555e-25 1.41535e-25 7.77626e-26 4.27167e-26 2.34609e-26 1.28829e-26 7.073e-27 3.88257e-27 2.13089e-27 1.16931e-27 6.41542e-28 3.51926e-28 1.93023e-28 1.05852e-28 5.80391e-29 3.18184e-29 1.7441e-29 9.55872e-30 5.23801e-30 2.86993e-30 1.57223e-30 8.61198e-31 4.71661e-31 2.58286e-31 1.41421e-31 7.74232e-32 4.23812e-32 2.31965e-32 1.26945e-32 6.9464e-33 3.80059e-33 2.07917e-33 1.13731e-33 6.22043e-34 3.40182e-34 1.86018e-34 1.01707e-34 5.56031e-35 3.0395e-35 1.66134e-35 9.07968e-36 4.96178e-36 2.7112e-36 1.4813e-36
3.62367e-10 2.93082e-11 1.65815e-11 9.36824e-12 5.28604e-12 2.97903e-12 1.67697e-12 9.42986e-13 5.29718e-13 2.9728e-13 1.66683e-13 9.33768e-14 5.22673e-14 2.92334e-14 1.63382e-14 9.12469e-15 5.09255e-15 2.84032e-15 1.58317e-15 8.81917e-16 4.90994e-16 2.73201e-16 1.51935e-16 8.44517e-17 4.69185e-17 2.60538e-17 1.4461e-17 8.02289e-18 4.44914e-18 2.46627e-18 1.36656e-18 7.56913e-19 4.19082e-19 2.31948e-19 1.2833e-19 7.09766e-20 3.92423e-20 2.16896e-20 1.19842e-20 6.61964e-21 3.65533e-21 2.01786e-21 1.1136e-21 6.14397e-22 3.38882e-22 1.86867e-22 1.03016e-22 5.67761e-23 3.12838e-23 1.72333e-23 9.49102e-24 5.22586e-24 2.87677e-24 1.58327e-24 8.71189e-25 4.79266e-25 2.63604e-25 1.44956e-25 7.9696e-26 4.38078e-26 2.40759e-26 1.32292e-26 7.26779e-27 3.99203e-27 2.19234e-27 1.20378e-27 6.60864e-28 3.62747e-28 1.99078e-28 1.09238e-28 5.99315e-29 3.28752e-29 1.80308e-29 9.88771e-30 5.42141e-30 2.97211e-30 1.62913e-30 8.92863e-31 4.89276e-31 2.68079e-31 1.46864e-31 8.04465e-32 4.40599e-32 2.41282e-32 1.32114e-32 7.23306e-33 3.9595e-33 2.16723e-33 1.18609e-33 6.49055e-34 3.55135e-34 1.94293e-34 1.06284e-34 5.81346e-35 3.17945e-35 1.73869e-35 9.50708e-36 5.19787e-36 2.84157e-36 1.55327e-36 8.4897e-37
1.93718e-10 1.58743e-11 8.99133e-12 5.08552e-12 2.87255e-12 1.62053e-12 9.13138e-13 5.13966e-13 2.88988e-13 1.62328e-13 9.10967e-14 5.1077e-14 2.86141e-14 1.60172e-14 8.95901e-15 5.00743e-15 2.79683e-15 1.56109e-15 8.70782e-16 4.85427e-16 2.70447e-16 1.50589e-16 8.38048e-17 4.66138e-17 2.59144e-17 1.43997e-17 7.99767e-18 4.43991e-18 2.46373e-18 1.36656e-18 7.57676e-19 4.19918e-19 2.32637e-19 1.28833e-19 7.13214e-20 3.94691e-20 2.18346e-20 1.20751e-20 6.67562e-21 3.6894e-21 2.03839e-21 1.12587e-21 6.21671e-22 3.43171e-22 1.89382e-22 1.04484e-22 5.76298e-23 3.17784e-23 1.75189e-23 9.65549e-24 5.32032e-24 2.93088e-24 1.61421e-24 8.88838e-25 4.89316e-25 2.69317e-25 1.48199e-25 8.15337e-26 4.48478e-26 2.46637e-26 1.3561e-26 7.4549e-27 4.09742e-27 2.25164e-27 1.23712e-27 6.79585e-28 3.73252e-28 2.04968e-28 1.12538e-28 6.17786e-29 3.39085e-29 1.86084e-29 1.02104e-29 5.60155e-30 3.07262e-30 1.68518e-30 9.24098e-31 5.06674e-31 2.77765e-31 1.52253e-31 8.34441e-32 4.57263e-32 2.50541e-32 1.37257e-32 7.51858e-33 4.11795e-33 2.25513e-33 1.23484e-33 6.76073e-34 3.70106e-34 2.02585e-34 1.10876e-34 6.06765e-35 3.32011e-35 1.8165e-35 9.93739e-36 5.43577e-36 2.97306e-36 1.62592e-36 8.89101e-37 4.86136e-37
1.0356e-10 8.59657e-12 4.87471e-12 2.76016e-12 1.56071e-12 8.81361e-13 4.97118e-13 2.80073e-13 1.57622e-13 8.86182e-14 4.9775e-14 2.79321e-14 1.56611e-14 8.77364e-15 4.91132e-15 2.74721e-15 1.53558e-15 8.57745e-16 4.78804e-16 2.67107e-16 1.48919e-16 8.2978e-17 4.62098e-17 2.572e-17 1.43082e-17 7.95575e-18 4.42149e-18 2.45615e-18 1.36378e-18 7.56913e-19 4.19918e-19 2.32866e-19 1.29085e-19 7.15289e-20 3.96209e-20 2.19387e-20 1.21435e-20 6.71939e-21 3.71683e-21 2.0553e-21 1.13616e-21 6.27876e-22 3.46879e-22 1.91583e-22 1.05782e-22 5.83911e-23 3.2223e-23 1.77775e-23 9.80535e-24 5.40689e-24 2.98075e-24 1.64285e-24 9.05255e-25 4.98704e-25 2.74675e-25 1.51251e-25 8.32693e-26 4.58332e-26 2.52223e-26 1.38772e-26 7.6337e-27 4.19839e-27 2.30859e-27 1.2692e-27 6.97645e-28 3.83407e-28 2.10673e-28 1.1574e-28 6.35746e-29 3.49149e-29 1.9172e-29 1.05257e-29 5.77789e-30 3.17116e-30 1.74021e-30 9.54812e-31 5.23806e-31 2.87316e-31 1.57575e-31 8.64075e-32 4.73758e-32 2.59718e-32 1.4236e-32 7.80221e-33 4.27553e-33 2.34264e-33 1.28342e-33 7.03031e-34 3.85059e-34 2.10876e-34 1.15472e-34 6.32228e-35 3.46115e-35 1.8946e-35 1.03697e-35 5.67497e-36 3.10538e-36 1.6991e-36 9.29556e-37 5.08495e-37 2.78133e-37
5.53624e-11 4.65463e-12 2.6424e-12 1.4978e-12 8.47809e-13 4.79255e-13 2.7058e-13 1.52587e-13 8.59533e-14 4.83677e-14 2.71907e-14 1.52714e-14 8.56948e-15 4.80466e-15 2.69167e-15 1.50678e-15 8.42867e-16 4.71156e-16 2.63196e-16 1.46931e-16 8.19752e-17 4.57081e-17 2.54717e-17 1.41868e-17 7.89732e-18 4.39396e-18 2.44353e-18 1.35824e-18 7.54628e-19 4.19082e-19 2.32637e-19 1.29085e-19 7.15981e-20 3.96969e-20 2.20012e-20 1.21893e-20 6.75079e-21 3.73749e-21 2.06852e-21 1.14445e-21 6.32986e-22 3.49992e-22 1.93459e-22 1.06904e-22 5.9057e-23 3.26158e-23 1.8008e-23 9.94003e-24 5.48525e-24 3.02617e-24 1.6691e-24 9.2038e-25 5.07396e-25 2.79658e-25 1.54101e-25 8.48965e-26 4.67604e-26 2.57498e-26 1.41768e-26 7.80357e-27 4.29458e-27 2.363e-27 1.29993e-27 7.14985e-28 3.9318e-28 2.16176e-28 1.18835e-28 6.53138e-29 3.58914e-29 1.97198e-29 1.08328e-29 5.94991e-30 3.26745e-30 1.79406e-30 9.84917e-31 5.40623e-31 2.96705e-31 1.62813e-31 8.93287e-32 4.90039e-32 2.68787e-32 1.4741e-32 8.08322e-33 4.43184e-33 2.42955e-33 1.33171e-33 7.2986e-34 3.99957e-34 2.19146e-34 1.2006e-34 6.57676e-35 3.60224e-35 1.9728e-35 1.08029e-35 5.91493e-36 3.23824e-36 1.77264e-36 9.7025e-37 5.31006e-37 2.90582e-37 1.58998e-37
