0.982258 0.0007478 0.000679818 0.000618016 0.000561833 0.000510757 0.000464325 0.000422113 0.000383739 0.000348854 0.00031714 0.000288309 0.000262099 0.000238272 0.000216611 0.000196919 0.000179017 0.000162743 0.000147948 0.000134498 0.000122271 0.000111156 0.000101051 9.18642e-05 8.35129e-05 7.59208e-05 6.90189e-05 6.27445e-05 5.70404e-05 5.18549e-05 4.71408e-05 4.28553e-05 3.89594e-05 3.54176e-05 3.21978e-05 2.92708e-05 2.66098e-05 2.41907e-05 2.19915e-05 1.99923e-05 1.81748e-05 1.65226e-05 1.50205e-05 1.3655e-05 1.24137e-05 1.12851e-05 1.02592e-05 9.32656e-06 8.47869e-06 7.7079e-06 7.00719e-06 6.37017e-06 5.79106e-06 5.2646e-06 4.786e-06 4.35091e-06 3.95537e-06 3.59579e-06 3.2689e-06 2.97173e-06 2.70157e-06 2.45598e-06 2.23271e-06 2.02973e-06 1.84521e-06 1.67746e-06 1.52497e-06 1.38633e-06 1.2603e-06 1.14573e-06 1.04157e-06 9.46885e-07 8.60805e-07 7.8255e-07 7.11409e-07 6.46735e-07 5.87941e-07 5.34492e-07 4.85902e-07 4.41729e-07 4.01572e-07 3.65065e-07 3.31877e-07 3.01707e-07 2.74279e-07 2.49344e-07 2.26677e-07 2.0607e-07 1.87336e-07 1.70306e-07 1.54823e-07 1.40748e-07 1.27953e-07 1.16321e-07 1.05746e-07 9.61331e-08 8.73937e-08 7.94488e-08 7.22262e-08 6.56602e-08 5.96911e-08
0.0007478 9.97894e-06 9.10068e-06 8.29963e-06 7.56901e-06 6.90265e-06 6.29488e-06 5.74058e-06 5.23503e-06 4.77396e-06 4.35345e-06 3.96994e-06 3.62019e-06 3.30122e-06 3.01032e-06 2.74503e-06 2.5031e-06 2.28246e-06 2.08126e-06 1.89778e-06 1.73045e-06 1.57787e-06 1.43872e-06 1.31184e-06 1.19613e-06 1.09062e-06 9.94409e-07 9.06677e-07 8.26678e-07 7.53731e-07 6.87215e-07 6.26564e-07 5.71261e-07 5.20834e-07 4.74855e-07 4.32932e-07 3.94706e-07 3.59853e-07 3.28074e-07 2.991e-07 2.72682e-07 2.48595e-07 2.26635e-07 2.06612e-07 1.88357e-07 1.71714e-07 1.5654e-07 1.42706e-07 1.30093e-07 1.18594e-07 1.08111e-07 9.85538e-08 8.98407e-08 8.18973e-08 7.46556e-08 6.80538e-08 6.20354e-08 5.65487e-08 5.1547e-08 4.69873e-08 4.28306e-08 3.90414e-08 3.55872e-08 3.24383e-08 2.95678e-08 2.69512e-08 2.4566e-08 2.23917e-08 2.04097e-08 1.8603e-08 1.69561e-08 1.54549e-08 1.40865e-08 1.28392e-08 1.17023e-08 1.06659e-08 9.72132e-09 8.8603e-09 8.07549e-09 7.36014e-09 6.70812e-09 6.11382e-09 5.57213e-09 5.07841e-09 4.6284e-09 4.21824e-09 3.84441e-09 3.50368e-09 3.19313e-09 2.91009e-09 2.65212e-09 2.41701e-09 2.20272e-09 2.00742e-09 1.82943e-09 1.66721e-09 1.51936e-09 1.38461e-09 1.26181e-09 1.14989e-09 1.0479e-09
0.000679818 9.10068e-06 8.30001e-06 7.56972e-06 6.90361e-06 6.29605e-06 5.7419e-06 5.23648e-06 4.77549e-06 4.35505e-06 3.97158e-06 3.62185e-06 3.30288e-06 3.01197e-06 2.74666e-06 2.50469e-06 2.28402e-06 2.08277e-06 1.89924e-06 1.73186e-06 1.57922e-06 1.44002e-06 1.31308e-06 1.19732e-06 1.09175e-06 9.95481e-07 9.07694e-07 8.27641e-07 7.54641e-07 6.88075e-07 6.27374e-07 5.72024e-07 5.21553e-07 4.7553e-07 4.33565e-07 3.95301e-07 3.6041e-07 3.28596e-07 2.99588e-07 2.73138e-07 2.49022e-07 2.27033e-07 2.06984e-07 1.88704e-07 1.72037e-07 1.56841e-07 1.42986e-07 1.30354e-07 1.18837e-07 1.08337e-07 9.87636e-08 9.00356e-08 8.20783e-08 7.48237e-08 6.82097e-08 6.218e-08 5.66828e-08 5.16713e-08 4.71025e-08 4.29374e-08 3.91402e-08 3.56787e-08 3.2523e-08 2.96462e-08 2.70237e-08 2.4633e-08 2.24537e-08 2.0467e-08 1.86559e-08 1.7005e-08 1.55001e-08 1.41283e-08 1.28778e-08 1.17379e-08 1.06988e-08 9.75165e-09 8.88828e-09 8.1013e-09 7.38395e-09 6.73007e-09 6.13406e-09 5.5908e-09 5.09561e-09 4.64426e-09 4.23285e-09 3.85787e-09 3.51608e-09 3.20455e-09 2.92061e-09 2.66181e-09 2.42593e-09 2.21093e-09 2.01498e-09 1.83638e-09 1.67361e-09 1.52525e-09 1.39003e-09 1.2668e-09 1.15448e-09 1.05211e-09 9.58821e-10
0.000618016 8.29963e-06 7.56972e-06 6.90393e-06 6.29663e-06 5.7427e-06 5.23744e-06 4.77659e-06 4.35625e-06 3.97286e-06 3.62318e-06 3.30424e-06 3.01335e-06 2.74804e-06 2.50606e-06 2.28537e-06 2.0841e-06 1.90053e-06 1.73312e-06 1.58044e-06 1.44119e-06 1.3142e-06 1.19839e-06 1.09278e-06 9.96464e-07 9.0863e-07 8.2853e-07 7.55485e-07 6.88873e-07 6.2813e-07 5.72737e-07 5.22225e-07 4.76164e-07 4.34161e-07 3.95861e-07 3.60936e-07 3.29089e-07 3.0005e-07 2.73571e-07 2.49427e-07 2.27412e-07 2.07338e-07 1.89035e-07 1.72346e-07 1.57129e-07 1.43254e-07 1.30604e-07 1.1907e-07 1.08553e-07 9.89651e-08 9.02229e-08 8.22524e-08 7.49854e-08 6.83599e-08 6.23194e-08 5.68122e-08 5.17913e-08 4.72138e-08 4.30405e-08 3.92359e-08 3.57672e-08 3.2605e-08 2.97222e-08 2.7094e-08 2.46981e-08 2.25138e-08 2.05226e-08 1.87074e-08 1.70526e-08 1.55441e-08 1.41689e-08 1.29153e-08 1.17725e-08 1.07308e-08 9.7812e-09 8.91556e-09 8.12648e-09 7.40718e-09 6.7515e-09 6.15383e-09 5.60903e-09 5.11242e-09 4.65975e-09 4.24714e-09 3.87103e-09 3.52821e-09 3.21573e-09 2.93091e-09 2.67129e-09 2.43466e-09 2.21898e-09 2.02239e-09 1.8432e-09 1.67988e-09 1.53102e-09 1.39535e-09 1.27169e-09 1.15898e-09 1.05625e-09 9.62629e-10 8.77296e-10
0.000561833 7.56901e-06 6.90361e-06 6.29663e-06 5.74296e-06 5.23793e-06 4.77725e-06 4.35705e-06 3.97377e-06 3.62417e-06 3.3053e-06 3.01445e-06 2.74916e-06 2.5072e-06 2.28652e-06 2.08523e-06 1.90165e-06 1.73422e-06 1.58151e-06 1.44223e-06 1.31521e-06 1.19936e-06 1.09371e-06 9.97358e-07 9.09485e-07 8.29346e-07 7.56261e-07 6.89611e-07 6.28829e-07 5.734e-07 5.22851e-07 4.76755e-07 4.34719e-07 3.96386e-07 3.6143e-07 3.29554e-07 3.00487e-07 2.73981e-07 2.49811e-07 2.27771e-07 2.07674e-07 1.89349e-07 1.7264e-07 1.57403e-07 1.4351e-07 1.30843e-07 1.19292e-07 1.08761e-07 9.91581e-08 9.04026e-08 8.24196e-08 7.51409e-08 6.85044e-08 6.24536e-08 5.69369e-08 5.1907e-08 4.73212e-08 4.31401e-08 3.93282e-08 3.58529e-08 3.26844e-08 2.97957e-08 2.71621e-08 2.47611e-08 2.25722e-08 2.05766e-08 1.87574e-08 1.70988e-08 1.55868e-08 1.42084e-08 1.29518e-08 1.18063e-08 1.0762e-08 9.80998e-09 8.94214e-09 8.15101e-09 7.42983e-09 6.77241e-09 6.17312e-09 5.62682e-09 5.12883e-09 4.67489e-09 4.26109e-09 3.8839e-09 3.54007e-09 3.22666e-09 2.94098e-09 2.68058e-09 2.44321e-09 2.22685e-09 2.02964e-09 1.84988e-09 1.68603e-09 1.53669e-09 1.40056e-09 1.27648e-09 1.16339e-09 1.06032e-09 9.66366e-10 8.80735e-10 8.02687e-10
0.000510757 6.90265e-06 6.29605e-06 5.7427e-06 5.23793e-06 4.77747e-06 4.35745e-06 3.97432e-06 3.62484e-06 3.30605e-06 3.01527e-06 2.75004e-06 2.50812e-06 2.28745e-06 2.08618e-06 1.9026e-06 1.73516e-06 1.58244e-06 1.44314e-06 1.3161e-06 1.20023e-06 1.09455e-06 9.98164e-07 9.10259e-07 8.30087e-07 7.5697e-07 6.90288e-07 6.29473e-07 5.74012e-07 5.23432e-07 4.77305e-07 4.35239e-07 3.96877e-07 3.61893e-07 3.2999e-07 3.00897e-07 2.74366e-07 2.50173e-07 2.28111e-07 2.07993e-07 1.89647e-07 1.72918e-07 1.57664e-07 1.43754e-07 1.3107e-07 1.19505e-07 1.08959e-07 9.93428e-08 9.05747e-08 8.25798e-08 7.529e-08 6.86432e-08 6.25826e-08 5.70568e-08 5.20184e-08 4.74246e-08 4.32362e-08 3.94173e-08 3.59355e-08 3.2761e-08 2.98668e-08 2.7228e-08 2.48221e-08 2.26287e-08 2.0629e-08 1.88058e-08 1.71436e-08 1.56283e-08 1.42468e-08 1.29873e-08 1.18391e-08 1.07923e-08 9.83798e-09 8.968e-09 8.1749e-09 7.45189e-09 6.79278e-09 6.19192e-09 5.64417e-09 5.14485e-09 4.68966e-09 4.27472e-09 3.89647e-09 3.55166e-09 3.23735e-09 2.95083e-09 2.68965e-09 2.45158e-09 2.23456e-09 2.03674e-09 1.85642e-09 1.69206e-09 1.54223e-09 1.40567e-09 1.28119e-09 1.16772e-09 1.0643e-09 9.70033e-10 8.84109e-10 8.05791e-10 7.34406e-10
0.000464325 6.29488e-06 5.7419e-06 5.23744e-06 4.77725e-06 4.35745e-06 3.9745e-06 3.62517e-06 3.30651e-06 3.01582e-06 2.75067e-06 2.5088e-06 2.28818e-06 2.08694e-06 1.90338e-06 1.73594e-06 1.58322e-06 1.44392e-06 1.31687e-06 1.20098e-06 1.09529e-06 9.9888e-07 9.10951e-07 8.30755e-07 7.57612e-07 6.90903e-07 6.30062e-07 5.74573e-07 5.23966e-07 4.77812e-07 4.3572e-07 3.97333e-07 3.62324e-07 3.30397e-07 3.01281e-07 2.74728e-07 2.50513e-07 2.28431e-07 2.08293e-07 1.89929e-07 1.73182e-07 1.57911e-07 1.43986e-07 1.31287e-07 1.19707e-07 1.09148e-07 9.95191e-08 9.07391e-08 8.2733e-08 7.54328e-08 6.87761e-08 6.27064e-08 5.71719e-08 5.21255e-08 4.75241e-08 4.33286e-08 3.95032e-08 3.60152e-08 3.2835e-08 2.99354e-08 2.72916e-08 2.48811e-08 2.26834e-08 2.06796e-08 1.88527e-08 1.71871e-08 1.56685e-08 1.4284e-08 1.30217e-08 1.18709e-08 1.08217e-08 9.8652e-09 8.99316e-09 8.19815e-09 7.47337e-09 6.81261e-09 6.21024e-09 5.66108e-09 5.16046e-09 4.70407e-09 4.28802e-09 3.90873e-09 3.56298e-09 3.24778e-09 2.96045e-09 2.69852e-09 2.45975e-09 2.2421e-09 2.04369e-09 1.86282e-09 1.69795e-09 1.54766e-09 1.41067e-09 1.28579e-09 1.17196e-09 1.06821e-09 9.73628e-10 8.87418e-10 8.08836e-10 7.37208e-10 6.7192e-10
0.000422113 5.74058e-06 5.23648e-06 4.77659e-06 4.35705e-06 3.97432e-06 3.62517e-06 3.30666e-06 3.0161e-06 2.75105e-06 2.50926e-06 2.2887e-06 2.08751e-06 1.90398e-06 1.73657e-06 1.58387e-06 1.44458e-06 1.31752e-06 1.20163e-06 1.09592e-06 9.99507e-07 9.11563e-07 8.31349e-07 7.58187e-07 6.91457e-07 6.30594e-07 5.75083e-07 5.24454e-07 4.78278e-07 4.36163e-07 3.97754e-07 3.62723e-07 3.30775e-07 3.01638e-07 2.75065e-07 2.50831e-07 2.28731e-07 2.08575e-07 1.90194e-07 1.73432e-07 1.58145e-07 1.44205e-07 1.31492e-07 1.19899e-07 1.09327e-07 9.96869e-08 9.08958e-08 8.28793e-08 7.55692e-08 6.89033e-08 6.28249e-08 5.72823e-08 5.22282e-08 4.76197e-08 4.34175e-08 3.95858e-08 3.6092e-08 3.29063e-08 3.00015e-08 2.7353e-08 2.49381e-08 2.27362e-08 2.07286e-08 1.88981e-08 1.72291e-08 1.57074e-08 1.432e-08 1.30551e-08 1.19018e-08 1.08503e-08 9.89163e-09 9.0176e-09 8.22074e-09 7.49425e-09 6.83191e-09 6.22807e-09 5.67755e-09 5.17567e-09 4.71811e-09 4.30098e-09 3.9207e-09 3.57402e-09 3.25797e-09 2.96985e-09 2.70719e-09 2.46775e-09 2.24946e-09 2.05048e-09 1.86908e-09 1.70372e-09 1.55298e-09 1.41557e-09 1.2903e-09 1.17612e-09 1.07203e-09 9.77151e-10 8.90661e-10 8.11822e-10 7.39957e-10 6.74449e-10 6.14737e-10
0.000383739 5.23503e-06 4.77549e-06 4.35625e-06 3.97377e-06 3.62484e-06 3.30651e-06 3.0161e-06 2.75117e-06 2.50949e-06 2.28901e-06 2.08788e-06 1.90441e-06 1.73704e-06 1.58437e-06 1.4451e-06 1.31806e-06 1.20217e-06 1.09647e-06 1.00004e-06 9.12093e-07 8.31869e-07 7.58694e-07 6.9195e-07 6.31071e-07 5.75543e-07 5.24896e-07 4.78701e-07 4.36568e-07 3.9814e-07 3.63091e-07 3.31125e-07 3.0197e-07 2.75379e-07 2.51128e-07 2.29011e-07 2.08839e-07 1.90443e-07 1.73666e-07 1.58365e-07 1.44411e-07 1.31686e-07 1.20081e-07 1.09498e-07 9.98463e-08 9.10448e-08 8.30186e-08 7.56993e-08 6.90247e-08 6.29381e-08 5.73878e-08 5.23265e-08 4.77113e-08 4.35027e-08 3.96651e-08 3.61657e-08 3.29748e-08 3.00652e-08 2.74121e-08 2.4993e-08 2.27872e-08 2.07759e-08 1.89419e-08 1.72698e-08 1.57451e-08 1.43549e-08 1.30874e-08 1.19317e-08 1.0878e-08 9.91727e-09 9.04132e-09 8.24269e-09 7.51454e-09 6.85067e-09 6.24541e-09 5.69358e-09 5.19047e-09 4.73179e-09 4.31361e-09 3.93236e-09 3.58478e-09 3.2679e-09 2.97902e-09 2.71565e-09 2.47555e-09 2.25666e-09 2.05711e-09 1.8752e-09 1.70936e-09 1.55818e-09 1.42036e-09 1.29472e-09 1.18019e-09 1.07578e-09 9.80601e-10 8.93839e-10 8.14748e-10 7.42651e-10 6.76929e-10 6.1702e-10 5.62409e-10
0.000348854 4.77396e-06 4.35505e-06 3.97286e-06 3.62417e-06 3.30605e-06 3.01582e-06 2.75105e-06 2.50949e-06 2.28912e-06 2.08807e-06 1.90467e-06 1.73736e-06 1.58472e-06 1.44549e-06 1.31847e-06 1.2026e-06 1.09691e-06 1.00049e-06 9.12542e-07 8.32315e-07 7.59134e-07 6.92381e-07 6.31492e-07 5.75952e-07 5.25291e-07 4.79083e-07 4.36935e-07 3.98491e-07 3.63427e-07 3.31445e-07 3.02275e-07 2.75669e-07 2.51403e-07 2.29271e-07 2.09086e-07 1.90676e-07 1.73885e-07 1.58572e-07 1.44606e-07 1.31869e-07 1.20252e-07 1.09659e-07 9.99971e-08 9.11861e-08 8.31508e-08 7.58229e-08 6.91403e-08 6.30461e-08 5.74885e-08 5.24205e-08 4.77989e-08 4.35843e-08 3.97411e-08 3.62365e-08 3.30406e-08 3.01264e-08 2.7469e-08 2.50459e-08 2.28363e-08 2.08214e-08 1.89842e-08 1.7309e-08 1.57815e-08 1.43887e-08 1.31187e-08 1.19607e-08 1.09048e-08 9.94212e-09 9.06433e-09 8.26398e-09 7.53424e-09 6.86889e-09 6.26225e-09 5.70915e-09 5.20487e-09 4.74509e-09 4.3259e-09 3.94371e-09 3.59527e-09 3.27758e-09 2.98795e-09 2.7239e-09 2.48316e-09 2.26368e-09 2.06359e-09 1.88117e-09 1.71487e-09 1.56326e-09 1.42504e-09 1.29904e-09 1.18417e-09 1.07944e-09 9.83979e-10 8.9695e-10 8.17614e-10 7.4529e-10 6.79359e-10 6.19257e-10 5.64469e-10 5.14525e-10
0.00031714 4.35345e-06 3.97158e-06 3.62318e-06 3.3053e-06 3.01527e-06 2.75067e-06 2.50926e-06 2.28901e-06 2.08807e-06 1.90476e-06 1.73751e-06 1.58494e-06 1.44575e-06 1.31877e-06 1.20293e-06 1.09725e-06 1.00085e-06 9.12909e-07 8.32687e-07 7.59506e-07 6.92751e-07 6.31856e-07 5.76309e-07 5.2564e-07 4.79422e-07 4.37263e-07 3.98808e-07 3.63731e-07 3.31736e-07 3.02553e-07 2.75935e-07 2.51656e-07 2.29512e-07 2.09314e-07 1.90892e-07 1.74089e-07 1.58765e-07 1.44788e-07 1.3204e-07 1.20414e-07 1.0981e-07 1.00139e-07 9.13197e-08 8.3276e-08 7.59402e-08 6.925e-08 6.31487e-08 5.75845e-08 5.25101e-08 4.78825e-08 4.36623e-08 3.98138e-08 3.63042e-08 3.31037e-08 3.01851e-08 2.75237e-08 2.50967e-08 2.28835e-08 2.08653e-08 1.9025e-08 1.73468e-08 1.58166e-08 1.44212e-08 1.31489e-08 1.19887e-08 1.09308e-08 9.96617e-09 9.08661e-09 8.2846e-09 7.55333e-09 6.88656e-09 6.27861e-09 5.72428e-09 5.21885e-09 4.75802e-09 4.33785e-09 3.95476e-09 3.60547e-09 3.28701e-09 2.99666e-09 2.73194e-09 2.49058e-09 2.27053e-09 2.06991e-09 1.88701e-09 1.72025e-09 1.56822e-09 1.42962e-09 1.30326e-09 1.18805e-09 1.08303e-09 9.87283e-10 8.99995e-10 8.20419e-10 7.47874e-10 6.8174e-10 6.2145e-10 5.66488e-10 5.16383e-10 4.70708e-10
0.000288309 3.96994e-06 3.62185e-06 3.30424e-06 3.01445e-06 2.75004e-06 2.5088e-06 2.2887e-06 2.08788e-06 1.90467e-06 1.73751e-06 1.58501e-06 1.44588e-06 1.31895e-06 1.20314e-06 1.0975e-06 1.00112e-06 9.13195e-07 8.32984e-07 7.59811e-07 6.93059e-07 6.32165e-07 5.76616e-07 5.25943e-07 4.79718e-07 4.37552e-07 3.99089e-07 3.64003e-07 3.31999e-07 3.02806e-07 2.76177e-07 2.51887e-07 2.29732e-07 2.09524e-07 1.91091e-07 1.74279e-07 1.58944e-07 1.44957e-07 1.322e-07 1.20565e-07 1.09952e-07 1.00273e-07 9.14455e-08 8.33941e-08 7.6051e-08 6.93539e-08 6.3246e-08 5.76755e-08 5.25952e-08 4.79621e-08 4.37367e-08 3.98832e-08 3.63689e-08 3.31641e-08 3.02414e-08 2.7576e-08 2.51454e-08 2.29288e-08 2.09075e-08 1.90642e-08 1.73833e-08 1.58504e-08 1.44527e-08 1.3178e-08 1.20157e-08 1.09559e-08 9.98942e-09 9.10816e-09 8.30457e-09 7.57183e-09 6.90369e-09 6.29446e-09 5.73895e-09 5.23243e-09 4.77058e-09 4.34947e-09 3.9655e-09 3.6154e-09 3.29618e-09 3.00513e-09 2.73976e-09 2.49781e-09 2.27721e-09 2.07608e-09 1.89269e-09 1.7255e-09 1.57306e-09 1.43409e-09 1.30738e-09 1.19186e-09 1.08653e-09 9.90514e-10 9.02973e-10 8.23164e-10 7.50403e-10 6.8407e-10 6.23596e-10 5.68465e-10 5.18204e-10 4.72385e-10 4.30613e-10
0.000262099 3.62019e-06 3.30288e-06 3.01335e-06 2.74916e-06 2.50812e-06 2.28818e-06 2.08751e-06 1.90441e-06 1.73736e-06 1.58494e-06 1.44588e-06 1.31901e-06 1.20325e-06 1.09765e-06 1.0013e-06 9.13399e-07 8.33207e-07 7.60048e-07 6.93305e-07 6.32418e-07 5.76872e-07 5.26199e-07 4.79973e-07 4.37803e-07 3.99335e-07 3.64243e-07 3.32232e-07 3.03031e-07 2.76394e-07 2.52097e-07 2.29933e-07 2.09716e-07 1.91274e-07 1.74453e-07 1.5911e-07 1.45114e-07 1.32349e-07 1.20705e-07 1.10085e-07 1.00399e-07 9.15635e-08 8.35052e-08 7.61554e-08 6.94519e-08 6.3338e-08 5.77617e-08 5.2676e-08 4.80376e-08 4.38073e-08 3.99492e-08 3.64306e-08 3.32217e-08 3.02951e-08 2.76261e-08 2.51921e-08 2.29723e-08 2.09479e-08 1.91018e-08 1.74183e-08 1.5883e-08 1.44829e-08 1.32061e-08 1.20418e-08 1.09801e-08 1.00119e-08 9.12898e-09 8.32388e-09 7.58972e-09 6.92027e-09 6.30982e-09 5.75317e-09 5.24559e-09 4.78276e-09 4.36074e-09 3.97592e-09 3.62504e-09 3.3051e-09 3.01337e-09 2.74738e-09 2.50485e-09 2.28371e-09 2.08208e-09 1.89824e-09 1.73062e-09 1.57779e-09 1.43845e-09 1.3114e-09 1.19557e-09 1.08996e-09 9.9367e-10 9.05883e-10 8.25847e-10 7.52877e-10 6.86349e-10 6.25697e-10 5.704e-10 5.19987e-10 4.74027e-10 4.32126e-10 3.93926e-10
0.000238272 3.30122e-06 3.01197e-06 2.74804e-06 2.5072e-06 2.28745e-06 2.08694e-06 1.90398e-06 1.73704e-06 1.58472e-06 1.44575e-06 1.31895e-06 1.20325e-06 1.0977e-06 1.00139e-06 9.13521e-07 8.33356e-07 7.60217e-07 6.9349e-07 6.32614e-07 5.77076e-07 5.26409e-07 4.80185e-07 4.38016e-07 3.99546e-07 3.64452e-07 3.32436e-07 3.03231e-07 2.76588e-07 2.52284e-07 2.30113e-07 2.09889e-07 1.91441e-07 1.74612e-07 1.59261e-07 1.45259e-07 1.32486e-07 1.20836e-07 1.10209e-07 1.00515e-07 9.16737e-08 8.36091e-08 7.62533e-08 6.95441e-08 6.34246e-08 5.78431e-08 5.27523e-08 4.81092e-08 4.38744e-08 4.0012e-08 3.64893e-08 3.32765e-08 3.03463e-08 2.76739e-08 2.52366e-08 2.30139e-08 2.09867e-08 1.91379e-08 1.74518e-08 1.59142e-08 1.45119e-08 1.32331e-08 1.20669e-08 1.10034e-08 1.00335e-08 9.14907e-09 8.34251e-09 7.60701e-09 6.93629e-09 6.32467e-09 5.76693e-09 5.25834e-09 4.79457e-09 4.37167e-09 3.98604e-09 3.6344e-09 3.31376e-09 3.02138e-09 2.75478e-09 2.51169e-09 2.29003e-09 2.08792e-09 1.90364e-09 1.7356e-09 1.58239e-09 1.4427e-09 1.31532e-09 1.19919e-09 1.0933e-09 9.96752e-10 9.08726e-10 8.28468e-10 7.55294e-10 6.88578e-10 6.27751e-10 5.72293e-10 5.21732e-10 4.75634e-10 4.33607e-10 3.95291e-10 3.60358e-10
0.000216611 3.01032e-06 2.74666e-06 2.50606e-06 2.28652e-06 2.08618e-06 1.90338e-06 1.73657e-06 1.58437e-06 1.44549e-06 1.31877e-06 1.20314e-06 1.09765e-06 1.00139e-06 9.13562e-07 8.3343e-07 7.60319e-07 6.93614e-07 6.32755e-07 5.7723e-07 5.26572e-07 4.80355e-07 4.3819e-07 3.99722e-07 3.64628e-07 3.32611e-07 3.03403e-07 2.76757e-07 2.52449e-07 2.30274e-07 2.10045e-07 1.9159e-07 1.74756e-07 1.59399e-07 1.45391e-07 1.32612e-07 1.20956e-07 1.10323e-07 1.00623e-07 9.17761e-08 8.3706e-08 7.63448e-08 6.96303e-08 6.35059e-08 5.79196e-08 5.28242e-08 4.81767e-08 4.39377e-08 4.00714e-08 3.65449e-08 3.33285e-08 3.0395e-08 2.77194e-08 2.52792e-08 2.30535e-08 2.10237e-08 1.91724e-08 1.7484e-08 1.59442e-08 1.45398e-08 1.32591e-08 1.2091e-08 1.10258e-08 1.00544e-08 9.16842e-09 8.36048e-09 7.62368e-09 6.95177e-09 6.33902e-09 5.78024e-09 5.27068e-09 4.806e-09 4.38225e-09 3.99584e-09 3.64347e-09 3.32216e-09 3.02915e-09 2.76197e-09 2.51834e-09 2.29618e-09 2.09361e-09 1.90889e-09 1.74046e-09 1.58687e-09 1.44684e-09 1.31915e-09 1.20272e-09 1.09656e-09 9.99759e-10 9.11501e-10 8.31028e-10 7.57655e-10 6.90755e-10 6.29759e-10 5.74145e-10 5.23438e-10 4.77207e-10 4.35056e-10 3.96626e-10 3.61588e-10 3.29643e-10
0.000196919 2.74503e-06 2.50469e-06 2.28537e-06 2.08523e-06 1.9026e-06 1.73594e-06 1.58387e-06 1.4451e-06 1.31847e-06 1.20293e-06 1.0975e-06 1.0013e-06 9.13521e-07 8.3343e-07 7.60352e-07 6.93675e-07 6.32839e-07 5.77332e-07 5.26688e-07 4.80482e-07 4.38325e-07 3.99863e-07 3.64772e-07 3.32757e-07 3.0355e-07 2.76903e-07 2.52593e-07 2.30415e-07 2.10182e-07 1.91724e-07 1.74885e-07 1.59524e-07 1.4551e-07 1.32727e-07 1.21065e-07 1.10427e-07 1.00723e-07 9.18707e-08 8.37957e-08 7.64298e-08 6.97107e-08 6.35818e-08 5.79912e-08 5.28917e-08 4.82402e-08 4.39974e-08 4.01274e-08 3.65975e-08 3.33778e-08 3.04412e-08 2.77626e-08 2.53196e-08 2.30913e-08 2.1059e-08 1.92053e-08 1.75147e-08 1.59728e-08 1.45665e-08 1.32839e-08 1.21142e-08 1.10473e-08 1.00744e-08 9.18703e-09 8.37778e-09 7.63975e-09 6.96668e-09 6.35287e-09 5.79309e-09 5.28259e-09 4.81704e-09 4.39249e-09 4.00533e-09 3.65226e-09 3.3303e-09 3.03669e-09 2.76895e-09 2.52479e-09 2.30215e-09 2.09913e-09 1.91399e-09 1.74518e-09 1.59124e-09 1.45087e-09 1.32287e-09 1.20615e-09 1.09973e-09 1.00269e-09 9.14206e-10 8.33525e-10 7.59959e-10 6.92881e-10 6.3172e-10 5.75953e-10 5.25106e-10 4.78745e-10 4.36474e-10 3.97932e-10 3.62792e-10 3.30752e-10 3.01541e-10
0.000179017 2.5031e-06 2.28402e-06 2.0841e-06 1.90165e-06 1.73516e-06 1.58322e-06 1.44458e-06 1.31806e-06 1.2026e-06 1.09725e-06 1.00112e-06 9.13399e-07 8.33356e-07 7.60319e-07 6.93675e-07 6.32867e-07 5.77383e-07 5.26758e-07 4.80567e-07 4.38422e-07 3.99968e-07 3.64884e-07 3.32874e-07 3.03669e-07 2.77024e-07 2.52714e-07 2.30535e-07 2.10301e-07 1.9184e-07 1.74999e-07 1.59634e-07 1.45617e-07 1.3283e-07 1.21164e-07 1.10522e-07 1.00814e-07 9.19574e-08 8.38783e-08 7.65083e-08 6.97852e-08 6.36523e-08 5.80579e-08 5.29547e-08 4.82996e-08 4.40534e-08 4.01801e-08 3.6647e-08 3.34243e-08 3.04848e-08 2.78035e-08 2.53579e-08 2.31272e-08 2.10925e-08 1.92367e-08 1.7544e-08 1.60001e-08 1.4592e-08 1.33077e-08 1.21363e-08 1.1068e-08 1.00936e-08 9.20491e-09 8.3944e-09 7.6552e-09 6.98104e-09 6.36621e-09 5.80547e-09 5.29409e-09 4.82771e-09 4.40239e-09 4.0145e-09 3.66077e-09 3.33817e-09 3.04399e-09 2.77571e-09 2.53105e-09 2.30794e-09 2.10449e-09 1.91895e-09 1.74976e-09 1.59548e-09 1.45478e-09 1.32649e-09 1.2095e-09 1.10282e-09 1.00555e-09 9.16843e-10 8.3596e-10 7.62206e-10 6.94955e-10 6.33634e-10 5.77719e-10 5.26735e-10 4.80247e-10 4.37859e-10 3.99209e-10 3.63969e-10 3.31838e-10 3.02541e-10 2.75828e-10
0.000162743 2.28246e-06 2.08277e-06 1.90053e-06 1.73422e-06 1.58244e-06 1.44392e-06 1.31752e-06 1.20217e-06 1.09691e-06 1.00085e-06 9.13195e-07 8.33207e-07 7.60217e-07 6.93614e-07 6.32839e-07 5.77383e-07 5.26781e-07 4.80609e-07 4.3848e-07 4.00039e-07 3.64964e-07 3.32962e-07 3.03762e-07 2.77121e-07 2.52813e-07 2.30636e-07 2.10401e-07 1.9194e-07 1.75098e-07 1.59731e-07 1.45712e-07 1.32922e-07 1.21253e-07 1.10608e-07 1.00896e-07 9.20363e-08 8.39537e-08 7.65802e-08 6.98537e-08 6.37174e-08 5.81196e-08 5.30132e-08 4.83549e-08 4.41056e-08 4.02294e-08 3.66935e-08 3.34681e-08 3.05259e-08 2.78421e-08 2.53941e-08 2.31611e-08 2.11243e-08 1.92665e-08 1.75719e-08 1.60262e-08 1.46163e-08 1.33304e-08 1.21575e-08 1.10877e-08 1.0112e-08 9.22204e-09 8.41035e-09 7.67004e-09 6.99485e-09 6.37904e-09 5.81739e-09 5.30516e-09 4.83799e-09 4.41193e-09 4.02336e-09 3.66898e-09 3.34579e-09 3.05105e-09 2.78225e-09 2.53711e-09 2.31355e-09 2.10968e-09 1.92376e-09 1.75421e-09 1.59959e-09 1.45859e-09 1.33001e-09 1.21276e-09 1.10583e-09 1.00833e-09 9.19411e-10 8.38332e-10 7.64397e-10 6.96977e-10 6.355e-10 5.79442e-10 5.28324e-10 4.81713e-10 4.39212e-10 4.00457e-10 3.6512e-10 3.32898e-10 3.03519e-10 2.7673e-10 2.52304e-10
0.000147948 2.08126e-06 1.89924e-06 1.73312e-06 1.58151e-06 1.44314e-06 1.31687e-06 1.20163e-06 1.09647e-06 1.00049e-06 9.12909e-07 8.32984e-07 7.60048e-07 6.9349e-07 6.32755e-07 5.77332e-07 5.26758e-07 4.80609e-07 4.38499e-07 4.00074e-07 3.65013e-07 3.3302e-07 3.03829e-07 2.77193e-07 2.5289e-07 2.30716e-07 2.10484e-07 1.92024e-07 1.75181e-07 1.59814e-07 1.45794e-07 1.33002e-07 1.21331e-07 1.10684e-07 1.0097e-07 9.21074e-08 8.4022e-08 7.66457e-08 6.99163e-08 6.37772e-08 5.81765e-08 5.30672e-08 4.84062e-08 4.41542e-08 4.02753e-08 3.67369e-08 3.3509e-08 3.05644e-08 2.78784e-08 2.54282e-08 2.31932e-08 2.11544e-08 1.92946e-08 1.75983e-08 1.60509e-08 1.46394e-08 1.3352e-08 1.21777e-08 1.11065e-08 1.01296e-08 9.23842e-09 8.42562e-09 7.68427e-09 7.00809e-09 6.39136e-09 5.82885e-09 5.31581e-09 4.84789e-09 4.42113e-09 4.0319e-09 3.6769e-09 3.35314e-09 3.05787e-09 2.78857e-09 2.54297e-09 2.31899e-09 2.11471e-09 1.92842e-09 1.75853e-09 1.60359e-09 1.46229e-09 1.33343e-09 1.21592e-09 1.10875e-09 1.01103e-09 9.2191e-10 8.4064e-10 7.66529e-10 6.98947e-10 6.37319e-10 5.81121e-10 5.29875e-10 4.83144e-10 4.40532e-10 4.01676e-10 3.66244e-10 3.33935e-10 3.04474e-10 2.77611e-10 2.53116e-10 2.30781e-10
0.000134498 1.89778e-06 1.73186e-06 1.58044e-06 1.44223e-06 1.3161e-06 1.20098e-06 1.09592e-06 1.00004e-06 9.12542e-07 8.32687e-07 7.59811e-07 6.93305e-07 6.32614e-07 5.7723e-07 5.26688e-07 4.80567e-07 4.3848e-07 4.00074e-07 3.65029e-07 3.33049e-07 3.03869e-07 2.77242e-07 2.52946e-07 2.30776e-07 2.10548e-07 1.9209e-07 1.75249e-07 1.59883e-07 1.45863e-07 1.33071e-07 1.21399e-07 1.10751e-07 1.01035e-07 9.21705e-08 8.40832e-08 7.67047e-08 6.9973e-08 6.38315e-08 5.82285e-08 5.31168e-08 4.84534e-08 4.41991e-08 4.03179e-08 3.67772e-08 3.35471e-08 3.06005e-08 2.79124e-08 2.54602e-08 2.32233e-08 2.11827e-08 1.93212e-08 1.76232e-08 1.60743e-08 1.46613e-08 1.33725e-08 1.21969e-08 1.11245e-08 1.01463e-08 9.25406e-09 8.44021e-09 7.69787e-09 7.02076e-09 6.40316e-09 5.83984e-09 5.32604e-09 4.85741e-09 4.42997e-09 4.04011e-09 3.68454e-09 3.36023e-09 3.06445e-09 2.79468e-09 2.54864e-09 2.32424e-09 2.11958e-09 1.93293e-09 1.7627e-09 1.60746e-09 1.46587e-09 1.33675e-09 1.21899e-09 1.11159e-09 1.01365e-09 9.24338e-10 8.42885e-10 7.68604e-10 7.00865e-10 6.39091e-10 5.82757e-10 5.31386e-10 4.8454e-10 4.4182e-10 4.02864e-10 3.67341e-10 3.34947e-10 3.05408e-10 2.78472e-10 2.5391e-10 2.31513e-10 2.1109e-10
0.000122271 1.73045e-06 1.57922e-06 1.44119e-06 1.31521e-06 1.20023e-06 1.09529e-06 9.99507e-07 9.12093e-07 8.32315e-07 7.59506e-07 6.93059e-07 6.32418e-07 5.77076e-07 5.26572e-07 4.80482e-07 4.38422e-07 4.00039e-07 3.65013e-07 3.33049e-07 3.03882e-07 2.77266e-07 2.52979e-07 2.30816e-07 2.10594e-07 1.9214e-07 1.75303e-07 1.59939e-07 1.4592e-07 1.33128e-07 1.21457e-07 1.10808e-07 1.01091e-07 9.22258e-08 8.41371e-08 7.67571e-08 7.00237e-08 6.38804e-08 5.82755e-08 5.31619e-08 4.84966e-08 4.42402e-08 4.03571e-08 3.68144e-08 3.35824e-08 3.06339e-08 2.7944e-08 2.54901e-08 2.32515e-08 2.12093e-08 1.93462e-08 1.76467e-08 1.60963e-08 1.46821e-08 1.33919e-08 1.22151e-08 1.11415e-08 1.01622e-08 9.26895e-09 8.45412e-09 7.71085e-09 7.03287e-09 6.41446e-09 5.85037e-09 5.33584e-09 4.86653e-09 4.43846e-09 4.04801e-09 3.69188e-09 3.36706e-09 3.07079e-09 2.80056e-09 2.5541e-09 2.32931e-09 2.12428e-09 1.93729e-09 1.76675e-09 1.6112e-09 1.46934e-09 1.33996e-09 1.22196e-09 1.11435e-09 1.0162e-09 9.26696e-10 8.45066e-10 7.70621e-10 7.02729e-10 6.40814e-10 5.8435e-10 5.32857e-10 4.85899e-10 4.43075e-10 4.04023e-10 3.6841e-10 3.35934e-10 3.06319e-10 2.79313e-10 2.54686e-10 2.32229e-10 2.1175e-10 1.93076e-10
0.000111156 1.57787e-06 1.44002e-06 1.3142e-06 1.19936e-06 1.09455e-06 9.9888e-07 9.11563e-07 8.31869e-07 7.59134e-07 6.92751e-07 6.32165e-07 5.76872e-07 5.26409e-07 4.80355e-07 4.38325e-07 3.99968e-07 3.64964e-07 3.3302e-07 3.03869e-07 2.77266e-07 2.5299e-07 2.30837e-07 2.10621e-07 1.92174e-07 1.75341e-07 1.5998e-07 1.45964e-07 1.33174e-07 1.21504e-07 1.10855e-07 1.01139e-07 9.22732e-08 8.41839e-08 7.6803e-08 7.00685e-08 6.39239e-08 5.83176e-08 5.32025e-08 4.85356e-08 4.42776e-08 4.03928e-08 3.68486e-08 3.36149e-08 3.06648e-08 2.79734e-08 2.55179e-08 2.32777e-08 2.12341e-08 1.93696e-08 1.76688e-08 1.61171e-08 1.47016e-08 1.34103e-08 1.22323e-08 1.11576e-08 1.01773e-08 9.28309e-09 8.46734e-09 7.72321e-09 7.04442e-09 6.42523e-09 5.86043e-09 5.34522e-09 4.87527e-09 4.4466e-09 4.05559e-09 3.69893e-09 3.37362e-09 3.07688e-09 2.80623e-09 2.55936e-09 2.3342e-09 2.12882e-09 1.9415e-09 1.77065e-09 1.61482e-09 1.4727e-09 1.34307e-09 1.22485e-09 1.11702e-09 1.01868e-09 9.28984e-10 8.47183e-10 7.7258e-10 7.04541e-10 6.42489e-10 5.85899e-10 5.34289e-10 4.87221e-10 4.44297e-10 4.05152e-10 3.69453e-10 3.36897e-10 3.07208e-10 2.80133e-10 2.55443e-10 2.32927e-10 2.12394e-10 1.9367e-10 1.76596e-10
0.000101051 1.43872e-06 1.31308e-06 1.19839e-06 1.09371e-06 9.98164e-07 9.10951e-07 8.31349e-07 7.58694e-07 6.92381e-07 6.31856e-07 5.76616e-07 5.26199e-07 4.80185e-07 4.3819e-07 3.99863e-07 3.64884e-07 3.32962e-07 3.03829e-07 2.77242e-07 2.52979e-07 2.30837e-07 2.1063e-07 1.92191e-07 1.75363e-07 1.60008e-07 1.45995e-07 1.33209e-07 1.21541e-07 1.10893e-07 1.01178e-07 9.23128e-08 8.42235e-08 7.68423e-08 7.01073e-08 6.3962e-08 5.83548e-08 5.32386e-08 4.85705e-08 4.43113e-08 4.04252e-08 3.68796e-08 3.36446e-08 3.06932e-08 2.80003e-08 2.55435e-08 2.33021e-08 2.12571e-08 1.93914e-08 1.76894e-08 1.61365e-08 1.47199e-08 1.34275e-08 1.22484e-08 1.11728e-08 1.01916e-08 9.29647e-09 8.47988e-09 7.73495e-09 7.0554e-09 6.4355e-09 5.87001e-09 5.35417e-09 4.88362e-09 4.45439e-09 4.06285e-09 3.70569e-09 3.37991e-09 3.08274e-09 2.81168e-09 2.56443e-09 2.3389e-09 2.13319e-09 1.94556e-09 1.77442e-09 1.61832e-09 1.47594e-09 1.34608e-09 1.22763e-09 1.1196e-09 1.02107e-09 9.312e-10 8.49236e-10 7.7448e-10 7.06299e-10 6.44116e-10 5.87403e-10 5.3568e-10 4.88508e-10 4.45486e-10 4.06251e-10 3.70468e-10 3.37835e-10 3.08074e-10 2.80933e-10 2.56181e-10 2.33608e-10 2.13023e-10 1.94251e-10 1.77131e-10 1.61519e-10
9.18642e-05 1.31184e-06 1.19732e-06 1.09278e-06 9.97358e-07 9.10259e-07 8.30755e-07 7.58187e-07 6.9195e-07 6.31492e-07 5.76309e-07 5.25943e-07 4.79973e-07 4.38016e-07 3.99722e-07 3.64772e-07 3.32874e-07 3.03762e-07 2.77193e-07 2.52946e-07 2.30816e-07 2.10621e-07 1.92191e-07 1.75371e-07 1.60022e-07 1.46014e-07 1.33232e-07 1.21567e-07 1.10922e-07 1.01208e-07 9.23444e-08 8.42559e-08 7.68751e-08 7.01402e-08 6.39946e-08 5.8387e-08 5.32702e-08 4.86014e-08 4.43413e-08 4.04542e-08 3.69076e-08 3.36715e-08 3.07189e-08 2.8025e-08 2.55671e-08 2.33245e-08 2.12784e-08 1.94116e-08 1.77085e-08 1.61546e-08 1.4737e-08 1.34436e-08 1.22636e-08 1.11871e-08 1.02051e-08 9.3091e-09 8.49173e-09 7.74606e-09 7.06581e-09 6.44524e-09 5.87913e-09 5.36269e-09 4.89158e-09 4.46182e-09 4.06978e-09 3.71216e-09 3.38593e-09 3.08835e-09 2.8169e-09 2.56929e-09 2.34342e-09 2.1374e-09 1.94947e-09 1.77805e-09 1.62169e-09 1.47907e-09 1.34898e-09 1.23033e-09 1.1221e-09 1.02338e-09 9.33346e-10 8.51224e-10 7.76321e-10 7.08004e-10 6.45694e-10 5.88864e-10 5.37031e-10 4.89757e-10 4.46642e-10 4.07319e-10 3.71456e-10 3.38747e-10 3.08917e-10 2.81712e-10 2.569e-10 2.34273e-10 2.13636e-10 1.94817e-10 1.77653e-10 1.62001e-10 1.47727e-10
8.35129e-05 1.19613e-06 1.09175e-06 9.96464e-07 9.09485e-07 8.30087e-07 7.57612e-07 6.91457e-07 6.31071e-07 5.75952e-07 5.2564e-07 4.79718e-07 4.37803e-07 3.99546e-07 3.64628e-07 3.32757e-07 3.03669e-07 2.77121e-07 2.5289e-07 2.30776e-07 2.10594e-07 1.92174e-07 1.75363e-07 1.60022e-07 1.46021e-07 1.33243e-07 1.21582e-07 1.10941e-07 1.0123e-07 9.23681e-08 8.42811e-08 7.69013e-08 7.01671e-08 6.40219e-08 5.84143e-08 5.32973e-08 4.86281e-08 4.43675e-08 4.04798e-08 3.69324e-08 3.36956e-08 3.07422e-08 2.80473e-08 2.55885e-08 2.33449e-08 2.12979e-08 1.94302e-08 1.77262e-08 1.61714e-08 1.47529e-08 1.34586e-08 1.22778e-08 1.12005e-08 1.02177e-08 9.32097e-09 8.50289e-09 7.75654e-09 7.07565e-09 6.45447e-09 5.88777e-09 5.37078e-09 4.89915e-09 4.46889e-09 4.07639e-09 3.71833e-09 3.39169e-09 3.09372e-09 2.8219e-09 2.57395e-09 2.34776e-09 2.14143e-09 1.95322e-09 1.78154e-09 1.62494e-09 1.48208e-09 1.35178e-09 1.23293e-09 1.12451e-09 1.02562e-09 9.3542e-10 8.53146e-10 7.78103e-10 7.09655e-10 6.47223e-10 5.9028e-10 5.38342e-10 4.9097e-10 4.47764e-10 4.08357e-10 3.72416e-10 3.39635e-10 3.09737e-10 2.8247e-10 2.57601e-10 2.3492e-10 2.14234e-10 1.95368e-10 1.78163e-10 1.62472e-10 1.48161e-10 1.3511e-10
7.59208e-05 1.09062e-06 9.95481e-07 9.0863e-07 8.29346e-07 7.5697e-07 6.90903e-07 6.30594e-07 5.75543e-07 5.25291e-07 4.79422e-07 4.37552e-07 3.99335e-07 3.64452e-07 3.32611e-07 3.0355e-07 2.77024e-07 2.52813e-07 2.30716e-07 2.10548e-07 1.9214e-07 1.75341e-07 1.60008e-07 1.46014e-07 1.33243e-07 1.21588e-07 1.10951e-07 1.01243e-07 9.23839e-08 8.42991e-08 7.6921e-08 7.0188e-08 6.40436e-08 5.84366e-08 5.33199e-08 4.86507e-08 4.439e-08 4.0502e-08 3.69542e-08 3.37168e-08 3.07628e-08 2.80673e-08 2.56077e-08 2.33635e-08 2.13157e-08 1.94472e-08 1.77424e-08 1.61868e-08 1.47675e-08 1.34725e-08 1.2291e-08 1.1213e-08 1.02294e-08 9.33208e-09 8.51336e-09 7.7664e-09 7.08491e-09 6.46317e-09 5.89594e-09 5.37844e-09 4.90632e-09 4.47561e-09 4.08267e-09 3.7242e-09 3.39717e-09 3.09884e-09 2.82668e-09 2.57841e-09 2.35192e-09 2.1453e-09 1.95683e-09 1.78489e-09 1.62805e-09 1.48498e-09 1.35448e-09 1.23543e-09 1.12684e-09 1.02778e-09 9.37423e-10 8.55004e-10 7.79826e-10 7.11252e-10 6.48703e-10 5.91651e-10 5.39612e-10 4.92147e-10 4.48853e-10 4.09365e-10 3.73348e-10 3.40497e-10 3.10535e-10 2.83207e-10 2.58282e-10 2.35549e-10 2.14816e-10 1.95906e-10 1.78659e-10 1.6293e-10 1.48584e-10 1.35501e-10 1.23569e-10
6.90189e-05 9.94409e-07 9.07694e-07 8.2853e-07 7.56261e-07 6.90288e-07 6.30062e-07 5.75083e-07 5.24896e-07 4.79083e-07 4.37263e-07 3.99089e-07 3.64243e-07 3.32436e-07 3.03403e-07 2.76903e-07 2.52714e-07 2.30636e-07 2.10484e-07 1.9209e-07 1.75303e-07 1.5998e-07 1.45995e-07 1.33232e-07 1.21582e-07 1.10951e-07 1.01247e-07 9.23918e-08 8.43099e-08 7.69341e-08 7.02029e-08 6.406e-08 5.84539e-08 5.3338e-08 4.86692e-08 4.44087e-08 4.05208e-08 3.69729e-08 3.37353e-08 3.07809e-08 2.80849e-08 2.56248e-08 2.338e-08 2.13317e-08 1.94626e-08 1.77571e-08 1.62009e-08 1.4781e-08 1.34854e-08 1.23032e-08 1.12246e-08 1.02404e-08 9.34244e-09 8.52314e-09 7.77563e-09 7.09361e-09 6.47135e-09 5.90363e-09 5.38567e-09 4.9131e-09 4.48197e-09 4.08863e-09 3.72978e-09 3.40239e-09 3.10372e-09 2.83124e-09 2.58266e-09 2.35588e-09 2.149e-09 1.96028e-09 1.78811e-09 1.63105e-09 1.48777e-09 1.35707e-09 1.23784e-09 1.12907e-09 1.02986e-09 9.39354e-10 8.56797e-10 7.81489e-10 7.12795e-10 6.50134e-10 5.92977e-10 5.40841e-10 4.93286e-10 4.49908e-10 4.10342e-10 3.74252e-10 3.41334e-10 3.11309e-10 2.83923e-10 2.58945e-10 2.36162e-10 2.15382e-10 1.96429e-10 1.79143e-10 1.63377e-10 1.48997e-10 1.35882e-10 1.2392e-10 1.13011e-10
6.27445e-05 9.06677e-07 8.27641e-07 7.55485e-07 6.89611e-07 6.29473e-07 5.74573e-07 5.24454e-07 4.78701e-07 4.36935e-07 3.98808e-07 3.64003e-07 3.32232e-07 3.03231e-07 2.76757e-07 2.52593e-07 2.30535e-07 2.10401e-07 1.92024e-07 1.75249e-07 1.59939e-07 1.45964e-07 1.33209e-07 1.21567e-07 1.10941e-07 1.01243e-07 9.23918e-08 8.43135e-08 7.69407e-08 7.02119e-08 6.40708e-08 5.84663e-08 5.33515e-08 4.86836e-08 4.44237e-08 4.05362e-08 3.69884e-08 3.37508e-08 3.07963e-08 2.81002e-08 2.56398e-08 2.33947e-08 2.13459e-08 1.94764e-08 1.77704e-08 1.62137e-08 1.47932e-08 1.34971e-08 1.23144e-08 1.12352e-08 1.02505e-08 9.35203e-09 8.53223e-09 7.78422e-09 7.10173e-09 6.47901e-09 5.91085e-09 5.39246e-09 4.91949e-09 4.48797e-09 4.09426e-09 3.73506e-09 3.40734e-09 3.10835e-09 2.83557e-09 2.58671e-09 2.35967e-09 2.15254e-09 1.96357e-09 1.79118e-09 1.63391e-09 1.49044e-09 1.35955e-09 1.24015e-09 1.13122e-09 1.03186e-09 9.41212e-10 8.58523e-10 7.83092e-10 7.14284e-10 6.51516e-10 5.94259e-10 5.4203e-10 4.94387e-10 4.50929e-10 4.11288e-10 3.75128e-10 3.42146e-10 3.1206e-10 2.84619e-10 2.59588e-10 2.36757e-10 2.15932e-10 1.96938e-10 1.79613e-10 1.63811e-10 1.49399e-10 1.36253e-10 1.24263e-10 1.13327e-10 1.03354e-10
5.70404e-05 8.26678e-07 7.54641e-07 6.88873e-07 6.28829e-07 5.74012e-07 5.23966e-07 4.78278e-07 4.36568e-07 3.98491e-07 3.63731e-07 3.31999e-07 3.03031e-07 2.76588e-07 2.52449e-07 2.30415e-07 2.10301e-07 1.9194e-07 1.75181e-07 1.59883e-07 1.4592e-07 1.33174e-07 1.21541e-07 1.10922e-07 1.0123e-07 9.23839e-08 8.43099e-08 7.69407e-08 7.02149e-08 6.40763e-08 5.84738e-08 5.33605e-08 4.86939e-08 4.4435e-08 4.05481e-08 3.70009e-08 3.37636e-08 3.08093e-08 2.81131e-08 2.56527e-08 2.34074e-08 2.13583e-08 1.94885e-08 1.77822e-08 1.62251e-08 1.48042e-08 1.35077e-08 1.23245e-08 1.12449e-08 1.02598e-08 9.36086e-09 8.54062e-09 7.79218e-09 7.10927e-09 6.48615e-09 5.91759e-09 5.39882e-09 4.92548e-09 4.49361e-09 4.09956e-09 3.74004e-09 3.41201e-09 3.11273e-09 2.83968e-09 2.59055e-09 2.36326e-09 2.1559e-09 1.96671e-09 1.79411e-09 1.63665e-09 1.49299e-09 1.36193e-09 1.24236e-09 1.13329e-09 1.03378e-09 9.42999e-10 8.60184e-10 7.84636e-10 7.15718e-10 6.52848e-10 5.95495e-10 5.43177e-10 4.95452e-10 4.51916e-10 4.12203e-10 3.75977e-10 3.42932e-10 3.12788e-10 2.85293e-10 2.60212e-10 2.37335e-10 2.16467e-10 1.97432e-10 1.8007e-10 1.64234e-10 1.49789e-10 1.36614e-10 1.24597e-10 1.13636e-10 1.03638e-10 9.45196e-11
5.18549e-05 7.53731e-07 6.88075e-07 6.2813e-07 5.734e-07 5.23432e-07 4.77812e-07 4.36163e-07 3.9814e-07 3.63427e-07 3.31736e-07 3.02806e-07 2.76394e-07 2.52284e-07 2.30274e-07 2.10182e-07 1.9184e-07 1.75098e-07 1.59814e-07 1.45863e-07 1.33128e-07 1.21504e-07 1.10893e-07 1.01208e-07 9.23681e-08 8.42991e-08 7.69341e-08 7.02119e-08 6.40763e-08 5.84763e-08 5.33651e-08 4.87001e-08 4.44425e-08 4.05567e-08 3.70102e-08 3.37735e-08 3.08196e-08 2.81237e-08 2.56634e-08 2.34181e-08 2.1369e-08 1.9499e-08 1.77925e-08 1.62352e-08 1.4814e-08 1.35171e-08 1.23337e-08 1.12537e-08 1.02682e-08 9.36892e-09 8.54832e-09 7.79951e-09 7.11624e-09 6.49276e-09 5.92385e-09 5.40474e-09 4.93108e-09 4.49889e-09 4.10454e-09 3.74472e-09 3.41642e-09 3.11687e-09 2.84356e-09 2.59419e-09 2.36668e-09 2.15909e-09 1.9697e-09 1.79691e-09 1.63926e-09 1.49542e-09 1.3642e-09 1.24448e-09 1.13526e-09 1.03562e-09 9.44712e-10 8.61779e-10 7.8612e-10 7.17097e-10 6.5413e-10 5.96686e-10 5.44283e-10 4.96479e-10 4.52869e-10 4.13087e-10 3.76797e-10 3.43692e-10 3.13493e-10 2.85946e-10 2.60817e-10 2.37894e-10 2.16985e-10 1.97912e-10 1.80514e-10 1.64645e-10 1.50169e-10 1.36965e-10 1.24921e-10 1.13936e-10 1.03915e-10 9.47758e-11 8.64393e-11
4.71408e-05 6.87215e-07 6.27374e-07 5.72737e-07 5.22851e-07 4.77305e-07 4.3572e-07 3.97754e-07 3.63091e-07 3.31445e-07 3.02553e-07 2.76177e-07 2.52097e-07 2.30113e-07 2.10045e-07 1.91724e-07 1.74999e-07 1.59731e-07 1.45794e-07 1.33071e-07 1.21457e-07 1.10855e-07 1.01178e-07 9.23444e-08 8.42811e-08 7.6921e-08 7.02029e-08 6.40708e-08 5.84738e-08 5.33651e-08 4.87022e-08 4.44462e-08 4.05618e-08 3.70164e-08 3.37806e-08 3.08273e-08 2.8132e-08 2.5672e-08 2.34269e-08 2.13779e-08 1.95079e-08 1.78014e-08 1.62439e-08 1.48226e-08 1.35255e-08 1.23418e-08 1.12616e-08 1.02758e-08 9.37622e-09 8.55532e-09 7.80621e-09 7.12263e-09 6.49884e-09 5.92963e-09 5.41023e-09 4.93628e-09 4.5038e-09 4.10918e-09 3.7491e-09 3.42055e-09 3.12076e-09 2.84722e-09 2.59763e-09 2.3699e-09 2.16211e-09 1.97253e-09 1.79956e-09 1.64174e-09 1.49774e-09 1.36637e-09 1.24651e-09 1.13715e-09 1.03738e-09 9.46353e-10 8.63307e-10 7.87543e-10 7.18421e-10 6.55362e-10 5.97832e-10 5.45348e-10 4.97468e-10 4.53788e-10 4.1394e-10 3.77588e-10 3.44426e-10 3.14174e-10 2.86577e-10 2.61402e-10 2.38437e-10 2.17487e-10 1.98377e-10 1.80945e-10 1.65043e-10 1.50538e-10 1.37306e-10 1.25237e-10 1.14227e-10 1.04185e-10 9.5025e-11 8.66696e-11 7.90484e-11
4.28553e-05 6.26564e-07 5.72024e-07 5.22225e-07 4.76755e-07 4.35239e-07 3.97333e-07 3.62723e-07 3.31125e-07 3.02275e-07 2.75935e-07 2.51887e-07 2.29933e-07 2.09889e-07 1.9159e-07 1.74885e-07 1.59634e-07 1.45712e-07 1.33002e-07 1.21399e-07 1.10808e-07 1.01139e-07 9.23128e-08 8.42559e-08 7.69013e-08 7.0188e-08 6.406e-08 5.84663e-08 5.33605e-08 4.87001e-08 4.44462e-08 4.05635e-08 3.70195e-08 3.37849e-08 3.08325e-08 2.81378e-08 2.56784e-08 2.34337e-08 2.1385e-08 1.95152e-08 1.78088e-08 1.62513e-08 1.483e-08 1.35328e-08 1.23489e-08 1.12685e-08 1.02826e-08 9.38276e-09 8.56162e-09 7.81227e-09 7.12844e-09 6.5044e-09 5.93494e-09 5.41528e-09 4.94108e-09 4.50836e-09 4.1135e-09 3.75319e-09 3.42441e-09 3.1244e-09 2.85065e-09 2.60086e-09 2.37293e-09 2.16497e-09 1.97521e-09 1.80207e-09 1.64409e-09 1.49995e-09 1.36843e-09 1.24843e-09 1.13895e-09 1.03906e-09 9.4792e-10 8.64769e-10 7.88905e-10 7.19691e-10 6.56544e-10 5.98932e-10 5.46372e-10 4.9842e-10 4.54673e-10 4.14762e-10 3.78352e-10 3.45135e-10 3.14832e-10 2.87187e-10 2.61968e-10 2.38961e-10 2.17974e-10 1.98828e-10 1.81362e-10 1.6543e-10 1.50896e-10 1.37637e-10 1.25543e-10 1.14511e-10 1.04447e-10 9.52674e-11 8.68937e-11 7.92555e-11 7.22881e-11
3.89594e-05 5.71261e-07 5.21553e-07 4.76164e-07 4.34719e-07 3.96877e-07 3.62324e-07 3.30775e-07 3.0197e-07 2.75669e-07 2.51656e-07 2.29732e-07 2.09716e-07 1.91441e-07 1.74756e-07 1.59524e-07 1.45617e-07 1.32922e-07 1.21331e-07 1.10751e-07 1.01091e-07 9.22732e-08 8.42235e-08 7.68751e-08 7.01671e-08 6.40436e-08 5.84539e-08 5.33515e-08 4.86939e-08 4.44425e-08 4.05618e-08 3.70195e-08 3.37863e-08 3.08351e-08 2.81414e-08 2.56827e-08 2.34386e-08 2.13904e-08 1.95209e-08 1.78147e-08 1.62574e-08 1.48361e-08 1.35389e-08 1.2355e-08 1.12745e-08 1.02885e-08 9.38853e-09 8.56723e-09 7.8177e-09 7.13367e-09 6.50943e-09 5.93976e-09 5.4199e-09 4.94549e-09 4.51256e-09 4.11749e-09 3.75697e-09 3.42799e-09 3.12779e-09 2.85385e-09 2.60388e-09 2.37578e-09 2.16765e-09 1.97773e-09 1.80444e-09 1.64631e-09 1.50203e-09 1.37038e-09 1.25026e-09 1.14066e-09 1.04066e-09 9.49414e-10 8.66164e-10 7.90207e-10 7.20905e-10 6.57675e-10 5.99986e-10 5.47353e-10 4.99333e-10 4.55523e-10 4.15552e-10 3.79086e-10 3.45817e-10 3.15466e-10 2.87776e-10 2.62514e-10 2.39468e-10 2.18444e-10 1.99264e-10 1.81766e-10 1.65804e-10 1.51242e-10 1.37959e-10 1.2584e-10 1.14786e-10 1.04702e-10 9.55029e-11 8.71115e-11 7.94569e-11 7.24743e-11 6.61049e-11
