0.91129 0.018695 0.0101973 0.00556215 0.0030339 0.00165485 0.000902647 0.000492353 0.000268556 0.000146485 7.9901e-05 4.35824e-05 2.37722e-05 1.29667e-05 7.07272e-06 3.85785e-06 2.10428e-06 1.14779e-06 6.26067e-07 3.41491e-07 1.86268e-07 1.01601e-07 5.54185e-08 3.02283e-08 1.64882e-08 8.99354e-09 4.90557e-09 2.67576e-09 1.45951e-09 7.96095e-10 4.34234e-10 2.36855e-10 1.29194e-10 7.04692e-11 3.84377e-11 2.0966e-11 1.1436e-11 6.23783e-12 3.40245e-12 1.85588e-12 1.0123e-12 5.52164e-13 3.0118e-13 1.6428e-13 8.96073e-14 4.88767e-14 2.666e-14 1.45418e-14 7.93191e-15 4.3265e-15 2.35991e-15 1.28722e-15 7.02121e-16 3.82975e-16 2.08896e-16 1.13943e-16 6.21507e-17 3.39004e-17 1.84911e-17 1.00861e-17 5.50149e-18 3.00081e-18 1.63681e-18 8.92804e-19 4.86984e-19 2.65628e-19 1.44888e-19 7.90297e-20 4.31071e-20 2.3513e-20 1.28253e-20 6.9956e-21 3.81578e-21 2.08133e-21 1.13527e-21 6.1924e-22 3.37767e-22 1.84237e-22 1.00493e-22 5.48142e-23 2.98987e-23 1.63084e-23 8.89547e-24 4.85208e-24 2.64659e-24 1.44359e-24 7.87414e-25 4.29499e-25 2.34272e-25 1.27785e-25 6.97008e-26 3.80186e-26 2.07374e-26 1.13113e-26 6.16981e-27 3.36535e-27 1.83565e-27 1.00126e-27 5.46143e-28 2.97896e-28 1.62489e-28
0.018695 0.00124737 0.000698454 0.000390833 0.000218559 0.000122147 6.82252e-05 3.80863e-05 2.12503e-05 1.18507e-05 6.60562e-06 3.68031e-06 2.04957e-06 1.14093e-06 6.3486e-07 3.53124e-07 1.96343e-07 1.0913e-07 6.06351e-08 3.36789e-08 1.87004e-08 1.03803e-08 5.76021e-09 3.1955e-09 1.77222e-09 9.82607e-10 5.44661e-10 3.0183e-10 1.67221e-10 9.26225e-11 5.1291e-11 2.83967e-11 1.57181e-11 8.69838e-12 4.81269e-12 2.66226e-12 1.47241e-12 8.14189e-13 4.50133e-13 2.48816e-13 1.37512e-13 7.59852e-14 4.19802e-14 2.31895e-14 1.28076e-14 7.07259e-15 3.90503e-15 2.15579e-15 1.18994e-15 6.56727e-16 3.62397e-16 1.99952e-16 1.10309e-16 6.08475e-17 3.35597e-17 1.85073e-17 1.0205e-17 5.62645e-18 3.10175e-18 1.70974e-18 9.42334e-19 5.19319e-19 2.86166e-19 1.57673e-19 8.68663e-20 4.78524e-20 2.63581e-20 1.45172e-20 7.99488e-21 4.40251e-21 2.4241e-21 1.33463e-21 7.34745e-22 4.04459e-22 2.22626e-22 1.2253e-22 6.74331e-23 3.71082e-23 2.04189e-23 1.12347e-23 6.18103e-24 3.40038e-24 1.87052e-24 1.02888e-24 5.65898e-25 3.1123e-25 1.71157e-25 9.41198e-26 5.17533e-26 2.84555e-26 1.56447e-26 8.60087e-27 4.72813e-27 2.59903e-27 1.42859e-27 7.85194e-28 4.31541e-28 2.3716e-28 1.30328e-28 7.1616e-29 3.93513e-29
0.0101973 0.000698454 0.000392039 0.000219891 0.000123251 6.90391e-05 3.86484e-05 2.16228e-05 1.20907e-05 6.75708e-06 3.77438e-06 2.10727e-06 1.17596e-06 6.55948e-07 3.6573e-07 2.03832e-07 1.13557e-07 6.32394e-08 3.52049e-08 1.95914e-08 1.08989e-08 6.06113e-09 3.36968e-09 1.8728e-09 1.04055e-09 5.77982e-10 3.20955e-10 1.7818e-10 9.88915e-11 5.48721e-11 3.04395e-11 1.68819e-11 9.36067e-12 5.18914e-12 2.876e-12 1.59365e-12 8.82893e-13 4.89031e-13 2.70821e-13 1.4995e-13 8.30098e-14 4.59448e-14 2.54254e-14 1.40678e-14 7.78238e-15 4.30457e-15 2.38055e-15 1.31632e-15 7.27743e-16 4.02283e-16 2.22343e-16 1.22873e-16 6.78936e-17 3.75098e-17 2.07206e-17 1.14448e-17 6.32056e-18 3.49022e-18 1.92707e-18 1.06388e-18 5.87268e-19 3.2414e-19 1.78888e-19 9.87149e-20 5.44677e-20 3.00504e-20 1.65775e-20 9.14413e-21 5.04341e-21 2.78141e-21 1.53379e-21 8.45717e-22 4.66279e-22 2.57056e-22 1.41701e-22 7.81053e-23 4.30479e-23 2.37239e-23 1.30734e-23 7.20365e-24 3.96903e-24 2.18666e-24 1.20461e-24 6.6356e-25 3.65495e-25 2.01303e-25 1.10864e-25 6.10519e-26 3.36185e-26 1.85109e-26 1.01918e-26 5.61101e-27 3.08891e-27 1.70037e-27 9.3595e-28 5.15153e-28 2.83526e-28 1.56036e-28 8.58675e-29 4.72508e-29 2.59995e-29
0.00556215 0.000390833 0.000219891 0.000123621 6.9448e-05 3.89877e-05 2.18731e-05 1.22637e-05 6.87191e-06 3.84845e-06 2.15407e-06 1.20506e-06 6.73817e-07 3.76591e-07 2.10378e-07 1.17474e-07 6.55698e-08 3.65838e-08 2.04036e-08 1.13753e-08 6.33964e-09 3.53195e-09 1.96707e-09 1.09518e-09 6.09562e-10 3.39171e-10 1.88666e-10 1.04917e-10 5.83285e-11 3.24191e-11 1.8014e-11 1.00072e-11 5.55788e-12 3.08606e-12 1.71318e-12 9.50834e-13 5.27611e-13 2.92707e-13 1.62355e-13 9.00347e-14 4.99198e-14 2.76729e-14 1.53376e-14 8.4993e-15 4.70906e-15 2.60863e-15 1.44483e-15 8.0012e-16 4.43021e-16 2.4526e-16 1.35758e-16 7.51344e-17 4.15768e-17 2.3004e-17 1.27261e-17 7.03934e-18 3.89323e-18 2.15295e-18 1.19043e-18 6.5814e-19 3.63816e-19 2.01092e-19 1.11137e-19 6.14147e-20 3.39343e-20 1.87481e-20 1.03569e-20 5.72083e-21 3.15968e-21 1.74495e-21 9.63564e-22 5.3203e-22 2.93732e-22 1.62153e-22 8.95074e-23 4.94031e-23 2.72654e-23 1.50463e-23 8.30258e-24 4.58099e-24 2.52738e-24 1.39426e-24 7.69105e-25 4.24221e-25 2.33973e-25 1.29034e-25 7.11563e-26 3.92364e-26 2.16339e-26 1.19275e-26 6.57554e-27 3.62481e-27 1.99806e-27 1.10129e-27 6.06974e-28 3.34509e-28 1.8434e-28 1.01578e-28 5.59703e-29 3.08381e-29 1.69899e-29
0.0030339 0.000218559 0.000123251 6.9448e-05 3.91012e-05 2.19989e-05 1.23682e-05 6.94905e-06 3.90185e-06 2.18954e-06 1.22797e-06 6.88308e-07 3.85612e-07 2.15924e-07 1.20849e-07 6.76061e-08 3.78039e-08 2.11302e-08 1.18057e-08 6.59342e-09 3.681e-09 2.05429e-09 1.14606e-09 6.39152e-10 3.56336e-10 1.98599e-10 1.10653e-10 6.16341e-11 3.43206e-11 1.91059e-11 1.06332e-11 5.91627e-12 3.29096e-12 1.83016e-12 1.01755e-12 5.65613e-13 3.14331e-13 1.74646e-13 9.70152e-14 5.38803e-14 2.99181e-14 1.66094e-14 9.2191e-15 5.11616e-15 2.83871e-15 1.57478e-15 8.73466e-16 4.84394e-16 2.68584e-16 1.48899e-16 8.25344e-17 4.57417e-17 2.53469e-17 1.40434e-17 7.77965e-18 4.3091e-18 2.38646e-18 1.32148e-18 7.31668e-19 4.05052e-19 2.24209e-19 1.24091e-19 6.86715e-20 3.7998e-20 2.1023e-20 1.163e-20 6.43305e-21 3.558e-21 1.96765e-21 1.08804e-21 6.01585e-22 3.32587e-22 1.83853e-22 1.01623e-22 5.61659e-23 3.10393e-23 1.71519e-23 9.477e-24 5.2359e-24 2.8925e-24 1.59779e-24 8.82525e-25 4.87414e-25 2.69175e-25 1.4864e-25 8.2073e-26 4.5314e-26 2.50167e-26 1.381e-26 7.62303e-27 4.20754e-27 2.32219e-27 1.28155e-27 7.072e-28 3.90229e-28 2.15311e-28 1.18791e-28 6.5535e-29 3.61521e-29 1.99419e-29 1.09994e-29
0.00165485 0.000122147 6.90391e-05 3.89877e-05 2.19989e-05 1.24031e-05 6.9878e-06 3.93408e-06 2.21337e-06 1.24448e-06 6.99291e-07 3.92713e-07 2.20421e-07 1.23652e-07 6.93309e-08 3.88546e-08 2.17649e-08 1.21864e-08 6.82037e-09 3.81558e-09 2.13374e-09 1.19277e-09 6.66514e-10 3.72313e-10 2.07902e-10 1.16055e-10 6.47636e-11 3.61296e-11 2.01495e-11 1.12341e-11 6.26172e-12 3.48922e-12 1.94378e-12 1.08257e-12 6.02777e-13 3.35546e-13 1.86743e-13 1.03906e-13 5.78011e-14 3.21469e-14 1.78752e-14 9.93744e-15 5.52345e-15 3.06946e-15 1.70542e-15 9.47372e-16 5.26176e-16 2.9219e-16 1.62228e-16 9.00559e-17 4.99836e-17 2.77379e-17 1.53905e-17 8.53813e-18 4.73597e-18 2.62659e-18 1.45651e-18 8.07556e-19 4.47685e-19 2.4815e-19 1.3753e-19 7.62127e-20 4.2228e-20 2.33949e-20 1.29595e-20 7.17799e-21 3.97528e-21 2.20131e-21 1.21884e-21 6.74785e-22 3.73539e-22 2.06757e-22 1.1443e-22 6.33248e-23 3.504e-23 1.93871e-23 1.07255e-23 5.93309e-24 3.28174e-24 1.81504e-24 1.00376e-24 5.55052e-25 3.06902e-25 1.69679e-25 9.38034e-26 5.18529e-26 2.8661e-26 1.58407e-26 8.75435e-27 4.83769e-27 2.67312e-27 1.47695e-27 8.15983e-28 4.50779e-28 2.49008e-28 1.37541e-28 7.59664e-29 4.19546e-29 2.3169e-29 1.2794e-29 7.06438e-30
0.000902647 6.82252e-05 3.86484e-05 2.18731e-05 1.23682e-05 6.9878e-06 3.94486e-06 2.22534e-06 1.25445e-06 7.06668e-07 3.97831e-07 2.23829e-07 1.25857e-07 7.07291e-08 3.97269e-08 2.23023e-08 1.25142e-08 7.01857e-09 3.93459e-09 2.20476e-09 1.23493e-09 6.91428e-10 3.86976e-10 2.165e-10 1.21081e-10 6.7693e-11 3.78324e-11 2.1137e-11 1.18056e-11 6.59169e-12 3.67942e-12 2.05323e-12 1.14545e-12 6.38846e-13 3.56208e-13 1.98564e-13 1.1066e-13 6.16565e-14 3.43451e-14 1.91272e-14 1.06499e-14 5.92846e-15 3.29951e-15 1.83599e-15 1.02142e-15 5.68135e-16 3.1595e-16 1.75673e-16 9.76594e-17 5.42809e-17 3.01651e-17 1.67606e-17 9.31116e-18 5.17188e-18 2.87227e-18 1.5949e-18 8.85481e-19 4.91542e-19 2.72822e-19 1.51404e-19 8.40105e-20 4.66093e-20 2.58555e-20 1.4341e-20 7.95331e-21 4.41025e-21 2.44526e-21 1.35561e-21 7.5144e-22 4.16488e-22 2.30814e-22 1.27901e-22 7.08656e-23 3.92601e-23 2.17481e-23 1.20461e-23 6.67157e-24 3.69458e-24 2.04578e-24 1.13269e-24 6.27079e-25 3.4713e-25 1.92142e-25 1.06344e-25 5.88523e-26 3.25669e-26 1.80199e-26 9.96988e-27 5.51558e-27 3.0511e-27 1.68767e-27 9.33431e-28 5.1623e-28 2.85476e-28 1.57857e-28 8.72819e-29 4.82561e-29 2.66777e-29 1.47473e-29 8.15165e-30 4.50555e-30
0.000492353 3.80863e-05 2.16228e-05 1.22637e-05 6.94905e-06 3.93408e-06 2.22534e-06 1.25778e-06 7.10374e-07 4.0092e-07 2.26117e-07 1.27447e-07 7.17885e-08 4.04134e-08 2.27379e-08 1.27862e-08 7.18637e-09 4.03702e-09 2.26677e-09 1.2722e-09 7.13692e-10 4.00207e-10 2.24327e-10 1.25692e-10 7.03994e-11 3.9416e-11 2.20609e-11 1.23431e-11 6.90375e-12 3.86017e-12 2.15771e-12 1.20573e-12 6.73567e-13 3.76174e-13 2.10029e-13 1.17234e-13 6.54211e-14 3.64983e-14 2.03574e-14 1.13519e-14 6.32869e-15 3.52746e-15 1.9657e-15 1.09516e-15 6.10027e-16 3.39729e-16 1.8916e-16 1.05304e-16 5.86107e-17 3.26159e-17 1.8147e-17 1.00949e-17 5.61472e-18 3.12234e-18 1.73604e-18 9.65098e-19 5.36432e-19 2.9812e-19 1.65654e-19 9.20341e-20 5.1125e-20 2.8396e-20 1.57696e-20 8.75636e-21 4.8615e-21 2.69873e-21 1.49794e-21 8.3133e-22 4.61317e-22 2.5596e-22 1.42002e-22 7.87708e-23 4.36904e-23 2.42303e-23 1.34364e-23 7.45006e-24 4.13038e-24 2.28968e-24 1.26916e-24 7.03413e-25 3.89819e-25 2.16009e-25 1.19685e-25 6.63081e-26 3.67326e-26 2.03469e-26 1.12695e-26 6.24123e-27 3.4562e-27 1.91377e-27 1.0596e-27 5.86626e-28 3.24745e-28 1.79758e-28 9.94944e-29 5.50649e-29 3.04731e-29 1.68626e-29 9.3304e-30 5.1623e-30 2.85597e-30
0.000268556 2.12503e-05 1.20907e-05 6.87191e-06 3.90185e-06 2.21337e-06 1.25445e-06 7.10374e-07 4.01953e-07 2.27267e-07 1.28406e-07 7.25e-08 4.0908e-08 2.30679e-08 1.30003e-08 7.32234e-09 4.12203e-09 2.31925e-09 1.30427e-09 7.33126e-10 4.11899e-10 2.31318e-10 1.29851e-10 7.28619e-11 4.08681e-11 2.29141e-11 1.28429e-11 7.19557e-12 4.03013e-12 2.25646e-12 1.26298e-12 7.06693e-13 3.95305e-13 2.21058e-13 1.23583e-13 6.90697e-14 3.85923e-14 2.15576e-14 1.2039e-14 6.72161e-15 3.7519e-15 2.09376e-15 1.16817e-15 6.51608e-16 3.6339e-16 2.02614e-16 1.12947e-16 6.29497e-17 3.50774e-17 1.95424e-17 1.08855e-17 6.06229e-18 3.37558e-18 1.87925e-18 1.04604e-18 5.82153e-19 3.23933e-19 1.80221e-19 1.0025e-19 5.57571e-20 3.10063e-20 1.72399e-20 9.58422e-21 5.32743e-21 2.96086e-21 1.64535e-21 9.14203e-22 5.07889e-22 2.82124e-22 1.56695e-22 8.70196e-23 4.83199e-23 2.68277e-23 1.48932e-23 8.26693e-24 4.58829e-24 2.54629e-24 1.41292e-24 7.83938e-25 4.34909e-25 2.41252e-25 1.33813e-25 7.42132e-26 4.11549e-26 2.28202e-26 1.26524e-26 7.01437e-27 3.88832e-27 2.15524e-27 1.19451e-27 6.61982e-28 3.66829e-28 2.03256e-28 1.12612e-28 6.23866e-29 3.4559e-29 1.91423e-29 1.06021e-29 5.87162e-30 3.25153e-30 1.80046e-30
0.000146485 1.18507e-05 6.75708e-06 3.84845e-06 2.18954e-06 1.24448e-06 7.06668e-07 4.0092e-07 2.27267e-07 1.28727e-07 7.28573e-08 4.12065e-08 2.32896e-08 1.31545e-08 7.42534e-09 4.18891e-09 2.36177e-09 1.33088e-09 7.49571e-10 4.21957e-10 2.37419e-10 1.33525e-10 7.5061e-11 4.21775e-11 2.36901e-11 1.33009e-11 7.46495e-12 4.18805e-12 2.34877e-12 1.31679e-12 7.37987e-13 4.13465e-13 2.31575e-13 1.29661e-13 7.25774e-14 4.06131e-14 2.27201e-14 1.27068e-14 7.1047e-15 3.97141e-15 2.21939e-15 1.23999e-15 6.92627e-16 3.86794e-16 2.15955e-16 1.20545e-16 6.72735e-17 3.75359e-17 2.09393e-17 1.16786e-17 6.51228e-18 3.63073e-18 2.02383e-18 1.12791e-18 6.28491e-19 3.50145e-19 1.95039e-19 1.08623e-19 6.0486e-20 3.36757e-20 1.87461e-20 1.04337e-20 5.8063e-21 3.2307e-21 1.79735e-21 9.99782e-22 5.56055e-22 3.09223e-22 1.71936e-22 9.55885e-23 5.31359e-23 2.95335e-23 1.6413e-23 9.12027e-24 5.06728e-24 2.81508e-24 1.56371e-24 8.68506e-25 4.82325e-25 2.6783e-25 1.48707e-25 8.25575e-26 4.58285e-26 2.54373e-26 1.41176e-26 7.83443e-27 4.34721e-27 2.41197e-27 1.33811e-27 7.42285e-28 4.11726e-28 2.28353e-28 1.26638e-28 7.02241e-29 3.89375e-29 2.1588e-29 1.19679e-29 6.63422e-30 3.67726e-30 2.03809e-30 1.1295e-30
7.9901e-05 6.60562e-06 3.77438e-06 2.15407e-06 1.22797e-06 6.99291e-07 3.97831e-07 2.26117e-07 1.28406e-07 7.28573e-08 4.13063e-08 2.34008e-08 1.32475e-08 7.4945e-09 4.23708e-09 2.39398e-09 1.35181e-09 7.62891e-10 4.30302e-10 2.42581e-10 1.36685e-10 7.69795e-11 4.33339e-11 2.43829e-11 1.37138e-11 7.70986e-12 4.33274e-12 2.43394e-12 1.36677e-12 7.67225e-13 4.30524e-13 2.41505e-13 1.35429e-13 7.59202e-14 4.25471e-14 2.3837e-14 1.33508e-14 7.47549e-15 4.18458e-15 2.3418e-15 1.31018e-15 7.32835e-16 4.098e-16 2.29105e-16 1.28054e-16 7.15576e-17 3.99779e-17 2.233e-17 1.247e-17 6.96233e-18 3.88646e-18 2.16904e-18 1.21032e-18 6.75222e-19 3.76629e-19 2.10041e-19 1.17116e-19 6.52909e-20 3.63929e-20 2.02819e-20 1.13013e-20 6.29622e-21 3.50722e-21 1.95335e-21 1.08776e-21 6.05648e-22 3.37167e-22 1.87676e-22 1.04451e-22 5.8124e-23 3.234e-23 1.79915e-23 1.00078e-23 5.56617e-24 3.09542e-24 1.72119e-24 9.56939e-25 5.31972e-25 2.95694e-25 1.64341e-25 9.13275e-26 5.07468e-26 2.81947e-26 1.56632e-26 8.70053e-27 4.83244e-27 2.68375e-27 1.4903e-27 8.27491e-28 4.59419e-28 2.55043e-28 1.41571e-28 7.85773e-29 4.36092e-29 2.42003e-29 1.34283e-29 7.45051e-30 4.13344e-30 2.29298e-30 1.27189e-30 7.05449e-31
4.35824e-05 3.68031e-06 2.10727e-06 1.20506e-06 6.88308e-07 3.92713e-07 2.23829e-07 1.27447e-07 7.25e-08 4.12065e-08 2.34008e-08 1.32787e-08 7.52922e-09 4.26614e-09 2.4156e-09 1.36688e-09 7.72979e-10 4.36863e-10 2.46761e-10 1.39306e-10 7.86021e-11 4.43282e-11 2.49871e-11 1.40783e-11 7.92845e-12 4.46312e-12 2.51135e-12 1.41254e-12 7.94192e-13 4.46361e-13 2.50778e-13 1.40844e-13 7.9075e-14 4.43809e-14 2.49008e-14 1.39668e-14 7.83153e-15 4.39005e-15 2.46019e-15 1.37831e-15 7.71983e-16 4.32269e-16 2.41986e-16 1.3543e-16 7.57771e-17 4.23893e-17 2.37069e-17 1.32554e-17 7.41001e-18 4.14143e-18 2.31414e-18 1.29283e-18 7.22112e-19 4.03258e-19 2.25154e-19 1.25688e-19 7.01499e-20 3.91457e-20 2.18406e-20 1.21834e-20 6.79518e-21 3.78932e-21 2.11276e-21 1.1778e-21 6.56484e-22 3.65857e-22 2.0386e-22 1.13577e-22 6.32682e-23 3.52386e-23 1.96242e-23 1.09271e-23 6.0836e-24 3.38656e-24 1.88495e-24 1.04903e-24 5.83738e-25 3.24785e-25 1.80685e-25 1.00507e-25 5.59008e-26 3.10879e-26 1.72868e-26 9.61146e-27 5.34338e-27 2.97027e-27 1.65093e-27 9.17525e-28 5.09871e-28 2.83308e-28 1.57403e-28 8.74433e-29 4.85731e-29 2.69789e-29 1.49834e-29 8.32063e-30 4.62021e-30 2.56524e-30 1.42415e-30 7.90578e-31 4.38829e-31
2.37722e-05 2.04957e-06 1.17596e-06 6.73817e-07 3.85612e-07 2.20421e-07 1.25857e-07 7.17885e-08 4.0908e-08 2.32896e-08 1.32475e-08 7.52922e-09 4.27586e-09 2.42645e-09 1.37598e-09 7.79751e-10 4.41589e-10 2.49926e-10 1.41366e-10 7.9916e-11 4.51527e-11 2.5498e-11 1.43917e-11 8.11903e-12 4.5782e-12 2.58041e-12 1.45377e-12 8.18691e-13 4.6086e-13 2.59327e-13 1.45869e-13 8.20197e-14 4.6102e-14 2.59043e-14 1.45506e-14 8.17047e-15 4.58646e-15 2.57381e-15 1.44393e-15 8.09824e-16 4.54061e-16 2.54518e-16 1.42629e-16 7.99071e-17 4.47562e-17 2.50619e-17 1.40304e-17 7.85284e-18 4.39424e-18 2.45835e-18 1.37502e-18 7.68922e-19 4.29898e-19 2.40304e-19 1.34298e-19 7.50402e-20 4.19214e-20 2.34152e-20 1.30761e-20 7.30103e-21 4.0758e-21 2.27493e-21 1.26955e-21 7.08369e-22 3.95185e-22 2.2043e-22 1.22935e-22 6.8551e-23 3.82197e-23 2.13057e-23 1.18753e-23 6.61802e-24 3.68768e-24 2.05456e-24 1.14453e-24 6.37493e-25 3.55033e-25 1.977e-25 1.10076e-25 6.12803e-26 3.41113e-26 1.89856e-26 1.05657e-26 5.87925e-27 3.27112e-27 1.8198e-27 1.01228e-27 5.63029e-28 3.13123e-28 1.74122e-28 9.68158e-29 5.38263e-29 2.99226e-29 1.66326e-29 9.2444e-30 5.13754e-30 2.8549e-30 1.5863e-30 8.81329e-31 4.89612e-31 2.71973e-31
1.29667e-05 1.14093e-06 6.55948e-07 3.76591e-07 2.15924e-07 1.23652e-07 7.07291e-08 4.04134e-08 2.30679e-08 1.31545e-08 7.4945e-09 4.26614e-09 2.42645e-09 1.37902e-09 7.83151e-10 4.4444e-10 2.5205e-10 1.4285e-10 8.09107e-11 4.58009e-11 2.59117e-11 1.46514e-11 8.28014e-12 4.6771e-12 2.64061e-12 1.49015e-12 8.40543e-13 4.73916e-13 2.67092e-13 1.50468e-13 8.47336e-14 4.76983e-14 2.68406e-14 1.50982e-14 8.49002e-15 4.77251e-15 2.68191e-15 1.50662e-15 8.46119e-16 4.75039e-16 2.66625e-16 1.49606e-16 8.39228e-17 4.70645e-17 2.63873e-17 1.47906e-17 8.28834e-18 4.6435e-18 2.60088e-18 1.45645e-18 8.15406e-19 4.56412e-19 2.55415e-19 1.42904e-19 7.9938e-20 4.4707e-20 2.49984e-20 1.39754e-20 7.81154e-21 4.36544e-21 2.43916e-21 1.36263e-21 7.61094e-22 4.25036e-22 2.37323e-22 1.3249e-22 7.39533e-23 4.12728e-23 2.30304e-23 1.28492e-23 7.16775e-24 3.99786e-24 2.22951e-24 1.24317e-24 6.93092e-25 3.8636e-25 2.15345e-25 1.20011e-25 6.6873e-26 3.72584e-26 2.0756e-26 1.15614e-26 6.43908e-27 3.58579e-27 1.99662e-27 1.11162e-27 6.18821e-28 3.4445e-28 1.91708e-28 1.06685e-28 5.93642e-29 3.30291e-29 1.83749e-29 1.02213e-29 5.68521e-30 3.16186e-30 1.75831e-30 9.77699e-31 5.43593e-31 3.02204e-31 1.67992e-31
7.07272e-06 6.3486e-07 3.6573e-07 2.10378e-07 1.20849e-07 6.93309e-08 3.97269e-08 2.27379e-08 1.30003e-08 7.42534e-09 4.23708e-09 2.4156e-09 1.37598e-09 7.83151e-10 4.45393e-10 2.53117e-10 1.43745e-10 8.15783e-11 4.62676e-11 2.62248e-11 1.48556e-11 8.41056e-12 4.75907e-12 2.69149e-12 1.52141e-12 8.59585e-13 4.85433e-13 2.74015e-13 1.54607e-13 8.71974e-14 4.91588e-14 2.77031e-14 1.56059e-14 8.78804e-15 4.94696e-15 2.78378e-15 1.56598e-15 8.80634e-16 4.9507e-16 2.78231e-16 1.56319e-16 8.77998e-17 4.93005e-17 2.76751e-17 1.55314e-17 8.71401e-18 4.88781e-18 2.74095e-18 1.53668e-18 8.61316e-19 4.82659e-19 2.70408e-19 1.51462e-19 8.4819e-20 4.74887e-20 2.65826e-20 1.48771e-20 8.32435e-21 4.65693e-21 2.60475e-21 1.45664e-21 8.14437e-22 4.55288e-22 2.54471e-22 1.42205e-22 7.94548e-23 4.43867e-23 2.47922e-23 1.38455e-23 7.73094e-24 4.31609e-24 2.40925e-24 1.34465e-24 7.5037e-25 4.18676e-25 2.33572e-25 1.30287e-25 7.26648e-26 4.05217e-26 2.25941e-26 1.25964e-26 7.02169e-27 3.91366e-27 2.18108e-27 1.21536e-27 6.77155e-28 3.77242e-28 2.10136e-28 1.1704e-28 6.51802e-29 3.62953e-29 2.02087e-29 1.12507e-29 6.26285e-30 3.48595e-30 1.9401e-30 1.07965e-30 6.00759e-31 3.34251e-31 1.85953e-31 1.03441e-31
3.85785e-06 3.53124e-07 2.03832e-07 1.17474e-07 6.76061e-08 3.88546e-08 2.23023e-08 1.27862e-08 7.32234e-09 4.18891e-09 2.39398e-09 1.36688e-09 7.79751e-10 4.4444e-10 2.53117e-10 1.44044e-10 8.19134e-11 4.65491e-11 2.64349e-11 1.50026e-11 8.50926e-12 4.82349e-12 2.73267e-12 1.54731e-12 8.75676e-13 4.95326e-13 2.80046e-13 1.58258e-13 8.93935e-14 5.04729e-14 2.84858e-14 1.60703e-14 9.06247e-15 5.10864e-15 2.87875e-15 1.62161e-15 9.13145e-16 5.14027e-16 2.89261e-16 1.62726e-16 9.15143e-17 5.14506e-17 2.89178e-17 1.62486e-17 9.12737e-18 5.12576e-18 2.87777e-18 1.61526e-18 9.06401e-19 5.085e-19 2.85206e-19 1.59928e-19 8.96583e-20 5.02528e-20 2.81601e-20 1.57767e-20 8.83706e-21 4.94892e-21 2.77093e-21 1.55116e-21 8.68168e-22 4.85813e-22 2.71803e-22 1.52041e-22 8.50338e-23 4.75495e-23 2.65844e-23 1.48605e-23 8.30559e-24 4.64127e-24 2.59319e-24 1.44865e-24 8.09149e-25 4.51884e-25 2.52326e-25 1.40875e-25 7.864e-26 4.38927e-26 2.44952e-26 1.36682e-26 7.62577e-27 4.25402e-27 2.37278e-27 1.32331e-27 7.37925e-28 4.11442e-28 2.29378e-28 1.27863e-28 7.12662e-29 3.97168e-29 2.21317e-29 1.23312e-29 6.86988e-30 3.82688e-30 2.13154e-30 1.18712e-30 6.61079e-31 3.681e-31 2.04943e-31 1.14093e-31 6.35095e-32
2.10428e-06 1.96343e-07 1.13557e-07 6.55698e-08 3.78039e-08 2.17649e-08 1.25142e-08 7.18637e-09 4.12203e-09 2.36177e-09 1.35181e-09 7.72979e-10 4.41589e-10 2.5205e-10 1.43745e-10 8.19134e-11 4.66431e-11 2.65404e-11 1.50913e-11 8.57549e-12 4.86987e-12 2.76383e-12 1.56767e-12 8.88696e-13 5.03523e-13 2.85141e-13 1.61393e-13 9.13063e-14 5.16316e-14 2.91834e-14 1.6488e-14 9.31145e-15 5.25644e-15 2.96617e-15 1.67315e-15 9.43438e-16 5.31786e-16 2.99647e-16 1.68786e-16 9.5043e-17 5.35015e-17 3.01077e-17 1.69378e-17 9.526e-18 5.35598e-18 3.01056e-18 1.69175e-18 9.5041e-19 5.33794e-19 2.99727e-19 1.68257e-19 9.44308e-20 5.2985e-20 2.9723e-20 1.667e-20 9.34719e-21 5.24003e-21 2.93695e-21 1.64577e-21 9.22047e-22 5.16478e-22 2.89246e-22 1.61957e-22 9.06674e-23 5.07486e-23 2.84e-23 1.58905e-23 8.88958e-24 4.97224e-24 2.78068e-24 1.55481e-24 8.69234e-25 4.85877e-25 2.7155e-25 1.51742e-25 8.47812e-26 4.73618e-26 2.64542e-26 1.4774e-26 8.2498e-27 4.60604e-27 2.57131e-27 1.43523e-27 8.01001e-28 4.46981e-28 2.49396e-28 1.39135e-28 7.76119e-29 4.32881e-29 2.41411e-29 1.34615e-29 7.50554e-30 4.18427e-30 2.33243e-30 1.30001e-30 7.24505e-31 4.03727e-31 2.24951e-31 1.25326e-31 6.98153e-32 3.8888e-32
1.14779e-06 1.0913e-07 6.32394e-08 3.65838e-08 2.11302e-08 1.21864e-08 7.01857e-09 4.03702e-09 2.31925e-09 1.33088e-09 7.62891e-10 4.36863e-10 2.49926e-10 1.4285e-10 8.15783e-11 4.65491e-11 2.65404e-11 1.51209e-11 8.60873e-12 4.89783e-12 2.78474e-12 1.58232e-12 8.98547e-13 5.09962e-13 2.89263e-13 1.6399e-13 9.29219e-14 5.26264e-14 2.97907e-14 1.68561e-14 9.53325e-15 5.38936e-15 3.04545e-15 1.72025e-15 9.71314e-16 5.48231e-16 3.0932e-16 1.74461e-16 9.83638e-17 5.54405e-17 3.12375e-17 1.75949e-17 9.90751e-18 5.57711e-18 3.13854e-18 1.76571e-18 9.93097e-19 5.58399e-19 3.13894e-19 1.76404e-19 9.91113e-20 5.56712e-20 3.12632e-20 1.75523e-20 9.8522e-21 5.52885e-21 3.10199e-21 1.74001e-21 9.75827e-22 5.47145e-22 3.06721e-22 1.71909e-22 9.63319e-23 5.39707e-23 3.02318e-23 1.69313e-23 9.48066e-24 5.30774e-24 2.97102e-24 1.66275e-24 9.30416e-25 5.20541e-25 2.91181e-25 1.62855e-25 9.10695e-26 5.09187e-26 2.84654e-26 1.59108e-26 8.89208e-27 4.96882e-27 2.77614e-27 1.55085e-27 8.6624e-28 4.83781e-28 2.70148e-28 1.50834e-28 8.42053e-29 4.7003e-29 2.62336e-29 1.46398e-29 8.16888e-30 4.55761e-30 2.5425e-30 1.41819e-30 7.90966e-31 4.41096e-31 2.45958e-31 1.37132e-31 7.64491e-32 4.26147e-32 2.3752e-32
6.26067e-07 6.06351e-08 3.52049e-08 2.04036e-08 1.18057e-08 6.82037e-09 3.93459e-09 2.26677e-09 1.30427e-09 7.49571e-10 4.30302e-10 2.46761e-10 1.41366e-10 8.09107e-11 4.62676e-11 2.64349e-11 1.50913e-11 8.60873e-12 4.90718e-12 2.79523e-12 1.59115e-12 9.05156e-13 5.14596e-13 2.92382e-13 1.6603e-13 9.42287e-14 5.34502e-14 3.03036e-14 1.71722e-14 9.72633e-15 5.50648e-15 3.11606e-15 1.76259e-15 9.96587e-16 5.63255e-16 3.18218e-16 1.79713e-16 1.01456e-16 5.72555e-17 3.23004e-17 1.82159e-17 1.02696e-17 5.78784e-18 3.26096e-18 1.83672e-18 1.03422e-18 5.82178e-19 3.27626e-19 1.84325e-19 1.03674e-19 5.82971e-20 3.27727e-20 1.84192e-20 1.03496e-20 5.81395e-21 3.26527e-21 1.83345e-21 1.02925e-21 5.77672e-22 3.24152e-22 1.81855e-22 1.02003e-22 5.72021e-23 3.20721e-23 1.79787e-23 1.00765e-23 5.64648e-24 3.1635e-24 1.77207e-24 9.92473e-25 5.55752e-25 3.11151e-25 1.74176e-25 9.74843e-26 5.45522e-26 3.05226e-26 1.70751e-26 9.55078e-27 5.34134e-27 2.98674e-27 1.66987e-27 9.33478e-28 5.21754e-28 2.91587e-28 1.62934e-28 9.10323e-29 5.08538e-29 2.8405e-29 1.58639e-29 8.85876e-30 4.9463e-30 2.76144e-30 1.54148e-30 8.60376e-31 4.80163e-31 2.67941e-31 1.49499e-31 8.34049e-32 4.65259e-32 2.59509e-32 1.44731e-32
3.41491e-07 3.36789e-08 1.95914e-08 1.13753e-08 6.59342e-09 3.81558e-09 2.20476e-09 1.2722e-09 7.33126e-10 4.21957e-10 2.42581e-10 1.39306e-10 7.9916e-11 4.58009e-11 2.62248e-11 1.50026e-11 8.57549e-12 4.89783e-12 2.79523e-12 1.5941e-12 9.08473e-13 5.1739e-13 2.94474e-13 1.67498e-13 9.52172e-14 5.40973e-14 3.07184e-14 1.74338e-14 9.88935e-15 5.60699e-15 3.17751e-15 1.79989e-15 1.01909e-15 5.76757e-16 3.26283e-16 1.84511e-16 1.04299e-16 5.8935e-17 3.32896e-17 1.8797e-17 1.06101e-17 5.98689e-18 3.37709e-18 1.90435e-18 1.07353e-18 6.04994e-19 3.40848e-19 1.91975e-19 1.08095e-19 6.08487e-20 3.42436e-20 1.92661e-20 1.08367e-20 6.09387e-21 3.42597e-21 1.92562e-21 1.08207e-21 6.07916e-22 3.41455e-22 1.91747e-22 1.07654e-22 6.04286e-23 3.39129e-23 1.90283e-23 1.06746e-23 5.98708e-24 3.35736e-24 1.88235e-24 1.05517e-24 5.91382e-25 3.31388e-25 1.85665e-25 1.04004e-25 5.82501e-26 3.26192e-26 1.82633e-26 1.02239e-26 5.72249e-27 3.20249e-27 1.79195e-27 1.00253e-27 5.60801e-28 3.13658e-28 1.75405e-28 9.80774e-29 5.48321e-29 3.06509e-29 1.71314e-29 9.57385e-30 5.34963e-30 2.98886e-30 1.66968e-30 9.32627e-31 5.2087e-31 2.9087e-31 1.62412e-31 9.06744e-32 5.06177e-32 2.82534e-32 1.57685e-32 8.79959e-33
1.86268e-07 1.87004e-08 1.08989e-08 6.33964e-09 3.681e-09 2.13374e-09 1.23493e-09 7.13692e-10 4.11899e-10 2.37419e-10 1.36685e-10 7.86021e-11 4.51527e-11 2.59117e-11 1.48556e-11 8.50926e-12 4.86987e-12 2.78474e-12 1.59115e-12 9.08473e-13 5.18324e-13 2.95524e-13 1.68383e-13 9.58802e-14 5.45628e-14 3.10321e-14 1.76393e-14 1.00212e-14 5.6902e-15 3.22938e-15 1.83189e-15 1.03867e-15 5.88649e-16 3.33461e-16 1.88821e-16 1.06875e-16 6.04682e-17 3.41988e-17 1.93344e-17 1.09268e-17 6.17306e-18 3.48625e-18 1.9682e-18 1.11081e-18 6.26717e-19 3.53483e-19 1.99312e-19 1.1235e-19 6.33118e-20 3.56678e-20 2.00885e-20 1.13111e-20 6.36719e-21 3.58327e-21 2.01606e-21 1.13402e-21 6.37729e-22 3.5855e-22 2.01541e-22 1.13261e-22 6.36358e-23 3.57462e-23 2.00756e-23 1.12724e-23 6.32813e-24 3.5518e-24 1.99314e-24 1.11827e-24 6.27293e-25 3.51817e-25 1.9728e-25 1.10605e-25 6.19997e-26 3.4748e-26 1.94714e-26 1.09092e-26 6.11111e-27 3.42276e-27 1.91675e-27 1.07321e-27 6.00816e-28 3.36304e-28 1.88217e-28 1.05323e-28 5.89284e-29 3.2966e-29 1.84394e-29 1.03126e-29 5.76678e-30 3.22433e-30 1.80256e-30 1.00759e-30 5.63151e-31 3.1471e-31 1.7585e-31 9.82478e-32 5.48847e-32 3.06569e-32 1.7122e-32 9.56162e-33 5.339e-33
1.01601e-07 1.03803e-08 6.06113e-09 3.53195e-09 2.05429e-09 1.19277e-09 6.91428e-10 4.00207e-10 2.31318e-10 1.33525e-10 7.69795e-11 4.43282e-11 2.5498e-11 1.46514e-11 8.41056e-12 4.82349e-12 2.76383e-12 1.58232e-12 9.05156e-13 5.1739e-13 2.95524e-13 1.68679e-13 9.62129e-14 5.48435e-14 3.12425e-14 1.77871e-14 1.01208e-14 5.75553e-15 3.27131e-15 1.85838e-15 1.05519e-15 5.98849e-16 3.39705e-16 1.92616e-16 1.09167e-16 6.18454e-17 3.50224e-17 1.98249e-17 1.12179e-17 6.3452e-18 3.58776e-18 2.0279e-18 1.14583e-18 6.47218e-19 3.65458e-19 2.06294e-19 1.16413e-19 6.56729e-20 3.70376e-20 2.08821e-20 1.17702e-20 6.63246e-21 3.73637e-21 2.10432e-21 1.18485e-21 6.66966e-22 3.75353e-22 2.1119e-22 1.18796e-22 6.68089e-23 3.75637e-23 2.11158e-23 1.18673e-23 6.66816e-24 3.74602e-24 2.104e-24 1.1815e-24 6.63346e-25 3.72359e-25 2.08978e-25 1.17263e-25 6.57873e-26 3.69017e-26 2.06954e-26 1.16045e-26 6.5059e-27 3.64683e-27 2.04386e-27 1.1453e-27 6.4168e-28 3.59459e-28 2.01333e-28 1.12749e-28 6.3132e-29 3.53445e-29 1.97848e-29 1.10734e-29 6.19682e-30 3.46735e-30 1.93985e-30 1.08513e-30 6.06926e-31 3.39418e-31 1.89792e-31 1.06113e-31 5.93205e-32 3.31579e-32 1.85318e-32 1.03561e-32 5.78662e-33 3.23298e-33
5.54185e-08 5.76021e-09 3.36968e-09 1.96707e-09 1.14606e-09 6.66514e-10 3.86976e-10 2.24327e-10 1.29851e-10 7.5061e-11 4.33339e-11 2.49871e-11 1.43917e-11 8.28014e-12 4.75907e-12 2.73267e-12 1.56767e-12 8.98547e-13 5.14596e-13 2.94474e-13 1.68383e-13 9.62129e-14 5.49373e-14 3.13481e-14 1.78763e-14 1.01877e-14 5.80253e-15 3.30302e-15 1.87917e-15 1.06855e-15 6.07291e-16 3.44974e-16 1.9587e-16 1.1116e-16 6.30577e-17 3.57551e-17 2.02654e-17 1.14814e-17 6.50226e-18 3.68101e-18 2.08309e-18 1.17839e-18 6.66378e-19 3.76705e-19 2.12881e-19 1.20263e-19 6.79189e-20 3.83454e-20 2.16424e-20 1.22116e-20 6.88829e-21 3.88446e-21 2.18993e-21 1.23428e-21 6.95481e-22 3.91782e-22 2.20646e-22 1.24234e-22 6.9933e-23 3.9357e-23 2.21443e-23 1.24567e-23 7.0057e-24 3.93917e-24 2.21445e-24 1.24462e-24 6.99392e-25 3.92932e-25 2.20713e-25 1.23953e-25 6.95989e-26 3.90722e-26 2.19308e-26 1.23073e-26 6.90553e-27 3.87395e-27 2.17289e-27 1.21857e-27 6.83268e-28 3.83055e-28 2.14715e-28 1.20336e-28 6.74316e-29 3.77802e-29 2.11642e-29 1.18543e-29 6.63872e-30 3.71735e-30 2.08123e-30 1.16506e-30 6.52105e-31 3.64946e-31 2.04212e-31 1.14256e-31 6.39175e-32 3.57525e-32 1.99958e-32 1.11819e-32 6.25234e-33 3.49556e-33 1.95407e-33
3.02283e-08 3.1955e-09 1.8728e-09 1.09518e-09 6.39152e-10 3.72313e-10 2.165e-10 1.25692e-10 7.28619e-11 4.21775e-11 2.43829e-11 1.40783e-11 8.11903e-12 4.6771e-12 2.69149e-12 1.54731e-12 8.88696e-13 5.09962e-13 2.92382e-13 1.67498e-13 9.58802e-14 5.48435e-14 3.13481e-14 1.7906e-14 1.02212e-14 5.83085e-15 3.32428e-15 1.89413e-15 1.07864e-15 6.13917e-16 3.49232e-16 1.98563e-16 1.12842e-16 6.40972e-17 3.63921e-17 2.0653e-17 1.17158e-17 6.64325e-18 3.76542e-18 2.13342e-18 1.20829e-18 6.84082e-19 3.87157e-19 2.19035e-19 1.23877e-19 7.00368e-20 3.9584e-20 2.23654e-20 1.26328e-20 7.1333e-21 4.02676e-21 2.27246e-21 1.28208e-21 7.23128e-22 4.07755e-22 2.29864e-22 1.29548e-22 7.29932e-23 4.11176e-23 2.31563e-23 1.3038e-23 7.33922e-24 4.1304e-24 2.32402e-24 1.30735e-24 7.35282e-25 4.13452e-25 2.32438e-25 1.30648e-25 7.34198e-26 4.12515e-26 2.31731e-26 1.30151e-26 7.30858e-27 4.10336e-27 2.3034e-27 1.29278e-27 7.25446e-28 4.07018e-28 2.28323e-28 1.28061e-28 7.18146e-29 4.02663e-29 2.25737e-29 1.26532e-29 7.09136e-30 3.97371e-30 2.22638e-30 1.24721e-30 6.98589e-31 3.91239e-31 2.1908e-31 1.2266e-31 6.86672e-32 3.84359e-32 2.15114e-32 1.20377e-32 6.73544e-33 3.7682e-33 2.1079e-33 1.17899e-33
1.64882e-08 1.77222e-09 1.04055e-09 6.09562e-10 3.56336e-10 2.07902e-10 1.21081e-10 7.03994e-11 4.08681e-11 2.36901e-11 1.37138e-11 7.92845e-12 4.5782e-12 2.64061e-12 1.52141e-12 8.75676e-13 5.03523e-13 2.89263e-13 1.6603e-13 9.52172e-14 5.45628e-14 3.12425e-14 1.78763e-14 1.02212e-14 5.84032e-15 3.33495e-15 1.90315e-15 1.08541e-15 6.18682e-16 3.52451e-16 2.00677e-16 1.14201e-16 6.49571e-17 3.69294e-17 2.09853e-17 1.19196e-17 6.7673e-18 3.84047e-18 2.17859e-18 1.23535e-18 7.00224e-19 3.96752e-19 2.24719e-19 1.27235e-19 7.20147e-20 4.07463e-20 2.30468e-20 1.30315e-20 7.36615e-21 4.1625e-21 2.35146e-21 1.32798e-21 7.49764e-22 4.2319e-22 2.38796e-22 1.34711e-22 7.59745e-23 4.28371e-23 2.41471e-23 1.36083e-23 7.66721e-24 4.31887e-24 2.43222e-24 1.36942e-24 7.70862e-25 4.33833e-25 2.44104e-25 1.37322e-25 7.72348e-26 4.3431e-26 2.44175e-26 1.37252e-26 7.71357e-27 4.33421e-27 2.43492e-27 1.36767e-27 7.68074e-28 4.31268e-28 2.42113e-28 1.35899e-28 7.62678e-29 4.27953e-29 2.40094e-29 1.34679e-29 7.5535e-30 4.23576e-30 2.37492e-30 1.33138e-30 7.46266e-31 4.18236e-31 2.34362e-31 1.31309e-31 7.35597e-32 4.12028e-32 2.30758e-32 1.2922e-32 7.23509e-33 4.05045e-33 2.2673e-33 1.26899e-33 7.10162e-34
8.99354e-09 9.82607e-10 5.77982e-10 3.39171e-10 1.98599e-10 1.16055e-10 6.7693e-11 3.9416e-11 2.29141e-11 1.33009e-11 7.70986e-12 4.46312e-12 2.58041e-12 1.49015e-12 8.59585e-13 4.95326e-13 2.85141e-13 1.6399e-13 9.42287e-14 5.40973e-14 3.10321e-14 1.77871e-14 1.01877e-14 5.83085e-15 3.33495e-15 1.90616e-15 1.08881e-15 6.21554e-16 3.54609e-16 2.02196e-16 1.15228e-16 6.56318e-17 3.73635e-17 2.12601e-17 1.20914e-17 6.87362e-18 3.9057e-18 2.21832e-18 1.2594e-18 7.14708e-19 4.05433e-19 2.29901e-19 1.30316e-19 7.38412e-20 4.18257e-20 2.3683e-20 1.34055e-20 7.58557e-21 4.29094e-21 2.4265e-21 1.37176e-21 7.75252e-22 4.38008e-22 2.47399e-22 1.39699e-22 7.88623e-23 4.45072e-23 2.51118e-23 1.4165e-23 7.98813e-24 4.50369e-24 2.53856e-24 1.43056e-24 8.05978e-25 4.53987e-25 2.55663e-25 1.43946e-25 8.10283e-26 4.56021e-26 2.56592e-26 1.4435e-26 8.11899e-27 4.56567e-27 2.56699e-27 1.44299e-27 8.11003e-28 4.55725e-28 2.56039e-28 1.43825e-28 8.07771e-29 4.53595e-29 2.54669e-29 1.4296e-29 8.02383e-30 4.50278e-30 2.52646e-30 1.41735e-30 7.95015e-31 4.45871e-31 2.50023e-31 1.40181e-31 7.85841e-32 4.40474e-32 2.46857e-32 1.38329e-32 7.75032e-33 4.3418e-33 2.432e-33 1.36208e-33 7.62753e-34 4.27083e-34
4.90557e-09 5.44661e-10 3.20955e-10 1.88666e-10 1.10653e-10 6.47636e-11 3.78324e-11 2.20609e-11 1.28429e-11 7.46495e-12 4.33274e-12 2.51135e-12 1.45377e-12 8.40543e-13 4.85433e-13 2.80046e-13 1.61393e-13 9.29219e-14 5.34502e-14 3.07184e-14 1.76393e-14 1.01208e-14 5.80253e-15 3.32428e-15 1.90315e-15 1.08881e-15 6.22513e-16 3.55691e-16 2.03112e-16 1.15917e-16 6.61169e-17 3.76916e-17 2.14758e-17 1.22302e-17 6.96154e-18 3.9607e-18 2.25237e-18 1.2803e-18 7.27445e-19 4.13147e-19 2.34549e-19 1.33103e-19 7.55055e-20 4.2816e-20 2.42703e-20 1.37528e-20 7.79034e-21 4.41139e-21 2.4972e-21 1.41316e-21 7.99455e-22 4.52131e-22 2.55627e-22 1.44485e-22 8.1642e-23 4.61195e-23 2.60459e-23 1.47054e-23 8.30047e-24 4.68401e-24 2.64256e-24 1.49048e-24 8.40472e-25 4.73826e-25 2.67064e-25 1.50492e-25 8.47846e-26 4.77558e-26 2.68932e-26 1.51415e-26 8.52326e-27 4.79685e-27 2.69911e-27 1.51845e-27 8.54079e-28 4.80302e-28 2.70054e-28 1.51813e-28 8.53277e-29 4.79507e-29 2.69417e-29 1.5135e-29 8.50094e-30 4.77398e-30 2.68055e-30 1.50487e-30 8.44706e-31 4.74073e-31 2.66023e-31 1.49255e-31 8.37287e-32 4.69631e-32 2.63376e-32 1.47685e-32 8.28009e-33 4.64167e-33 2.60169e-33 1.45807e-33 8.17042e-34 4.57777e-34 2.56453e-34
2.67576e-09 3.0183e-10 1.7818e-10 1.04917e-10 6.16341e-11 3.61296e-11 2.1137e-11 1.23431e-11 7.19557e-12 4.18805e-12 2.43394e-12 1.41254e-12 8.18691e-13 4.73916e-13 2.74015e-13 1.58258e-13 9.13063e-14 5.26264e-14 3.03036e-14 1.74338e-14 1.00212e-14 5.75553e-15 3.30302e-15 1.89413e-15 1.08541e-15 6.21554e-16 3.55691e-16 2.03418e-16 1.16262e-16 6.64093e-17 3.79115e-17 2.16308e-17 1.23351e-17 7.03051e-18 4.00512e-18 2.28052e-18 1.29792e-18 7.38357e-19 4.19849e-19 2.38635e-19 1.3558e-19 7.69981e-20 4.37114e-20 2.48053e-20 1.40713e-20 7.9793e-21 4.52318e-21 2.56315e-21 1.45197e-21 8.22245e-22 4.65486e-22 2.63437e-22 1.49044e-22 8.42995e-23 4.76661e-23 2.69445e-23 1.52269e-23 8.60272e-24 4.85897e-24 2.74373e-24 1.54891e-24 8.74189e-25 4.93262e-25 2.78258e-25 1.56933e-25 8.84876e-26 4.9883e-26 2.81143e-26 1.58419e-26 8.92477e-27 5.02684e-27 2.83077e-27 1.59377e-27 8.97144e-28 5.0491e-28 2.84108e-28 1.59835e-28 8.99042e-29 5.05603e-29 2.8429e-29 1.59822e-29 8.98336e-30 5.04855e-30 2.83675e-30 1.5937e-30 8.95199e-31 5.02764e-31 2.82319e-31 1.58508e-31 8.89803e-32 4.99427e-32 2.80276e-32 1.57267e-32 8.82321e-33 4.94942e-33 2.77601e-33 1.55678e-33 8.72925e-34 4.89404e-34 2.74347e-34 1.53772e-34
1.45951e-09 1.67221e-10 9.88915e-11 5.83285e-11 3.43206e-11 2.01495e-11 1.18056e-11 6.90375e-12 4.03013e-12 2.34877e-12 1.36677e-12 7.94192e-13 4.6086e-13 2.67092e-13 1.54607e-13 8.93935e-14 5.16316e-14 2.97907e-14 1.71722e-14 9.88935e-15 5.6902e-15 3.27131e-15 1.87917e-15 1.07864e-15 6.18682e-16 3.54609e-16 2.03112e-16 1.16262e-16 6.6507e-17 3.80218e-17 2.17242e-17 1.24054e-17 7.0801e-18 4.03868e-18 2.3026e-18 1.31215e-18 7.47379e-19 4.25497e-19 2.42135e-19 1.3773e-19 7.83101e-20 4.45069e-20 2.5285e-20 1.43592e-20 8.15141e-21 4.62568e-21 2.62399e-21 1.48798e-21 8.435e-22 4.78e-22 2.70789e-22 1.53354e-22 8.68213e-23 4.91389e-23 2.78034e-23 1.57269e-23 8.89341e-24 5.02774e-24 2.84158e-24 1.60559e-24 9.06972e-25 5.12206e-25 2.89193e-25 1.6324e-25 9.21213e-26 5.19748e-26 2.93175e-26 1.65334e-26 9.32188e-27 5.25473e-27 2.96145e-27 1.66866e-27 9.40034e-28 5.29458e-28 2.98149e-28 1.67862e-28 9.44903e-29 5.31791e-29 2.99237e-29 1.68349e-29 9.46952e-30 5.32561e-30 2.99458e-30 1.68356e-30 9.46345e-31 5.31861e-31 2.98866e-31 1.67914e-31 9.43251e-32 5.29787e-32 2.97515e-32 1.67052e-32 9.37841e-33 5.26434e-33 2.95458e-33 1.65801e-33 9.30287e-34 5.21899e-34 2.92751e-34 1.64191e-34 9.20758e-35
7.96095e-10 9.26225e-11 5.48721e-11 3.24191e-11 1.91059e-11 1.12341e-11 6.59169e-12 3.86017e-12 2.25646e-12 1.31679e-12 7.67225e-13 4.46361e-13 2.59327e-13 1.50468e-13 8.71974e-14 5.04729e-14 2.91834e-14 1.68561e-14 9.72633e-15 5.60699e-15 3.22938e-15 1.85838e-15 1.06855e-15 6.13917e-16 3.52451e-16 2.02196e-16 1.15917e-16 6.64093e-17 3.80218e-17 2.17554e-17 1.24406e-17 7.10997e-18 4.06117e-18 2.31847e-18 1.3229e-18 7.54454e-19 4.30058e-19 2.45029e-19 1.39543e-19 7.94337e-20 4.51976e-20 2.57065e-20 1.46149e-20 8.30567e-21 4.71831e-21 2.67939e-21 1.52099e-21 8.63103e-22 4.89607e-22 2.77643e-22 1.57391e-22 8.91941e-23 5.05306e-23 2.8618e-23 1.6203e-23 9.17111e-24 5.18949e-24 2.93566e-24 1.66023e-24 9.38669e-25 5.30571e-25 2.99821e-25 1.69384e-25 9.56696e-26 5.4022e-26 3.04975e-26 1.7213e-26 9.71294e-27 5.47958e-27 3.09063e-27 1.74283e-27 9.82583e-28 5.53852e-28 3.12126e-28 1.75864e-28 9.90696e-29 5.5798e-29 3.14206e-29 1.769e-29 9.95779e-30 5.60426e-30 3.15353e-30 1.77418e-30 9.97987e-31 5.61278e-31 3.15615e-31 1.77446e-31 9.97482e-32 5.60627e-32 3.15046e-32 1.77014e-32 9.9443e-33 5.58567e-33 3.13698e-33 1.76151e-33 9.89e-34 5.55194e-34 3.11625e-34 1.74888e-34 9.81362e-35 5.50604e-35
4.34234e-10 5.1291e-11 3.04395e-11 1.8014e-11 1.06332e-11 6.26172e-12 3.67942e-12 2.15771e-12 1.26298e-12 7.37987e-13 4.30524e-13 2.50778e-13 1.45869e-13 8.47336e-14 4.91588e-14 2.84858e-14 1.6488e-14 9.53325e-15 5.50648e-15 3.17751e-15 1.83189e-15 1.05519e-15 6.07291e-16 3.49232e-16 2.00677e-16 1.15228e-16 6.61169e-17 3.79115e-17 2.17242e-17 1.24406e-17 7.11995e-18 4.07246e-18 2.32804e-18 1.3301e-18 7.59539e-19 4.33503e-19 2.47297e-19 1.41006e-19 8.03624e-20 4.57795e-20 2.60675e-20 1.48369e-20 8.44121e-21 4.80056e-21 2.72903e-21 1.55082e-21 8.80947e-22 5.00244e-22 2.83962e-22 1.61135e-22 9.14057e-23 5.18339e-23 2.93843e-23 1.66526e-23 9.43443e-24 5.34342e-24 3.0255e-24 1.71258e-24 9.69129e-25 5.4827e-25 3.10093e-25 1.75337e-25 9.91166e-26 5.60156e-26 3.16493e-26 1.78778e-26 1.00963e-26 5.70045e-27 3.21779e-27 1.81597e-27 1.02462e-27 5.77996e-28 3.25983e-28 1.83812e-28 1.03625e-28 5.84075e-29 3.29144e-29 1.85447e-29 1.04465e-29 5.88356e-30 3.31306e-30 1.86526e-30 1.04996e-30 5.90923e-31 3.32516e-31 1.87077e-31 1.05234e-31 5.9186e-32 3.32822e-32 1.87127e-32 1.05194e-32 5.91259e-33 3.32276e-33 1.86704e-33 1.04893e-33 5.89213e-34 3.3093e-34 1.8584e-34 1.04347e-34 5.85816e-35 3.28839e-35
2.36855e-10 2.83967e-11 1.68819e-11 1.00072e-11 5.91627e-12 3.48922e-12 2.05323e-12 1.20573e-12 7.06693e-13 4.13465e-13 2.41505e-13 1.40844e-13 8.20197e-14 4.76983e-14 2.77031e-14 1.60703e-14 9.31145e-15 5.38936e-15 3.11606e-15 1.79989e-15 1.03867e-15 5.98849e-16 3.44974e-16 1.98563e-16 1.14201e-16 6.56318e-17 3.76916e-17 2.16308e-17 1.24054e-17 7.10997e-18 4.07246e-18 2.33123e-18 1.33371e-18 7.62603e-19 4.35812e-19 2.48928e-19 1.42111e-19 8.10905e-20 4.62493e-20 2.63658e-20 1.50239e-20 8.55725e-21 4.87196e-21 2.77264e-21 1.57729e-21 8.96934e-22 5.09852e-22 2.89713e-22 1.64565e-22 9.34442e-23 5.3042e-23 3.00983e-23 1.70735e-23 9.68204e-24 5.48877e-24 3.11065e-24 1.76238e-24 9.98205e-25 5.6522e-25 3.19959e-25 1.81073e-25 1.02447e-25 5.79465e-26 3.27677e-26 1.85249e-26 1.04703e-26 5.91642e-27 3.34238e-27 1.88778e-27 1.06598e-27 6.01794e-28 3.39666e-28 1.91674e-28 1.08139e-28 6.09976e-29 3.43996e-29 1.93958e-29 1.09339e-29 6.16254e-30 3.47265e-30 1.9565e-30 1.1021e-30 6.207e-31 3.49515e-31 1.96776e-31 1.10766e-31 6.23395e-32 3.50791e-32 1.97361e-32 1.11021e-32 6.24423e-33 3.51143e-33 1.97433e-33 1.10992e-33 6.23874e-34 3.5062e-34 1.97021e-34 1.10695e-34 6.2184e-35 3.49276e-35 1.96155e-35
1.29194e-10 1.57181e-11 9.36067e-12 5.55788e-12 3.29096e-12 1.94378e-12 1.14545e-12 6.73567e-13 3.95305e-13 2.31575e-13 1.35429e-13 7.9075e-14 4.6102e-14 2.68406e-14 1.56059e-14 9.06247e-15 5.25644e-15 3.04545e-15 1.76259e-15 1.01909e-15 5.88649e-16 3.39705e-16 1.9587e-16 1.12842e-16 6.49571e-17 3.73635e-17 2.14758e-17 1.23351e-17 7.0801e-18 4.06117e-18 2.32804e-18 1.33371e-18 7.63626e-19 4.3697e-19 2.4991e-19 1.42852e-19 8.16137e-20 4.66041e-20 2.65996e-20 1.51748e-20 8.65313e-21 4.93209e-21 2.80998e-21 1.60027e-21 9.10975e-22 5.1838e-22 2.94865e-22 1.67662e-22 9.5299e-23 5.41485e-23 3.07563e-23 1.74636e-23 9.91267e-24 5.6248e-24 3.1907e-24 1.80938e-24 1.02576e-24 5.8134e-25 3.29375e-25 1.86564e-25 1.05644e-25 5.9806e-26 3.38477e-26 1.91514e-26 1.08333e-26 6.12654e-27 3.46387e-27 1.95796e-27 1.10648e-27 6.25149e-28 3.53122e-28 1.9942e-28 1.12595e-28 6.35587e-29 3.58707e-29 2.02402e-29 1.14183e-29 6.4402e-30 3.63173e-30 2.04759e-30 1.15422e-30 6.50512e-31 3.66556e-31 2.06513e-31 1.16326e-31 6.55134e-32 3.689e-32 2.07688e-32 1.16908e-32 6.57965e-33 3.70247e-33 2.0831e-33 1.17182e-33 6.59088e-34 3.70646e-34 2.08406e-34 1.17164e-34 6.58593e-35 3.70148e-35 2.08004e-35 1.16871e-35
