0.99688 0.000778002 0.000389102 0.000194754 9.75539e-05 4.89034e-05 2.4534e-05 1.23177e-05 6.18901e-06 3.112e-06 1.56597e-06 7.8859e-07 3.97408e-07 2.00418e-07 1.01146e-07 5.10824e-08 2.58164e-08 1.30563e-08 6.60754e-09 3.34618e-09 1.69568e-09 8.5984e-10 4.36281e-10 2.21505e-10 1.12528e-10 5.71993e-11 2.90901e-11 1.47992e-11 7.5256e-12 3.81383e-12 1.94347e-12
0.000778002 1.11262e-06 5.56826e-07 2.78917e-07 1.39834e-07 7.01657e-08 3.52376e-08 1.77113e-08 8.90944e-09 4.48534e-09 2.25984e-09 1.13943e-09 5.74929e-10 2.903e-10 1.46681e-10 7.41627e-11 3.75205e-11 1.89938e-11 9.62057e-12 4.87558e-12 2.47215e-12 1.25409e-12 6.36463e-13 3.23113e-13 1.6403e-13 8.31629e-14 4.19076e-14 2.0599e-14 9.10257e-15 1.97921e-15 9.97153e-16
0.000389102 5.56826e-07 2.78668e-07 1.39585e-07 6.99794e-08 3.51137e-08 1.7634e-08 8.86312e-09 4.45838e-09 2.24446e-09 1.1308e-09 5.70141e-10 2.87671e-10 1.4525e-10 7.3389e-11 3.71046e-11 1.87714e-11 9.5022e-12 4.81281e-12 2.43898e-12 1.23662e-12 6.27285e-13 3.18304e-13 1.61516e-13 8.18532e-14 4.12292e-14 2.0254e-14 8.93951e-15 1.92787e-15 9.68055e-16 4.87805e-16
0.000194754 2.78917e-07 1.39585e-07 6.99173e-08 3.50517e-08 1.75876e-08 8.83225e-09 4.43912e-09 2.23293e-09 1.12408e-09 5.6631e-10 2.85521e-10 1.44058e-10 7.27343e-11 3.67482e-11 1.85787e-11 9.39863e-12 4.75743e-12 2.4095e-12 1.22099e-12 6.19024e-13 3.13953e-13 1.59231e-13 8.06573e-14 4.06071e-14 1.9936e-14 8.78766e-15 1.87757e-15 9.43424e-16 4.73779e-16 2.38781e-16
9.75539e-05 1.39834e-07 6.99794e-08 3.50517e-08 1.75721e-08 8.81681e-09 4.42756e-09 2.22524e-09 1.11928e-09 5.63437e-10 2.83848e-10 1.43103e-10 7.21986e-11 3.64512e-11 1.84156e-11 9.30986e-12 4.70944e-12 2.3837e-12 1.2072e-12 6.11682e-13 3.1006e-13 1.57175e-13 7.95752e-14 4.00415e-14 1.96455e-14 8.64816e-15 1.83064e-15 9.1932e-16 4.61985e-16 2.32029e-16 1.16961e-16
4.89034e-05 7.01657e-08 3.51137e-08 1.75876e-08 8.81681e-09 4.42371e-09 2.22139e-09 1.1164e-09 5.61522e-10 2.82653e-10 1.42388e-10 7.1782e-11 3.62136e-11 1.82822e-11 9.23588e-12 4.66883e-12 2.36159e-12 1.19524e-12 6.05258e-13 3.06625e-13 1.55347e-13 7.86071e-14 3.95324e-14 1.93827e-14 8.52127e-15 1.78764e-15 8.96897e-16 4.50453e-16 2.26392e-16 1.13715e-16 5.73314e-17
2.4534e-05 3.52376e-08 1.7634e-08 8.83225e-09 4.42756e-09 2.22139e-09 1.11544e-09 5.60564e-10 2.81936e-10 1.41911e-10 7.14845e-11 3.60353e-11 1.81785e-11 9.1767e-12 4.6356e-12 2.34317e-12 1.18513e-12 5.99751e-13 3.03648e-13 1.53747e-13 7.77529e-14 3.90799e-14 1.91475e-14 8.40705e-15 1.74869e-15 8.76435e-16 4.39762e-16 2.20886e-16 1.11027e-16 5.57736e-17 2.81239e-17
1.23177e-05 1.77113e-08 8.86312e-09 4.43912e-09 2.22524e-09 1.1164e-09 5.60564e-10 2.81697e-10 1.41672e-10 7.13059e-11 3.59165e-11 1.81043e-11 9.13231e-12 4.60976e-12 2.32843e-12 1.17685e-12 5.95162e-13 3.01129e-13 1.52376e-13 7.70126e-14 3.8684e-14 1.894e-14 8.30552e-15 1.71384e-15 8.58002e-16 4.30051e-16 2.158e-16 1.08403e-16 5.44941e-17 2.73775e-17 1.38074e-17
6.18901e-06 8.90944e-09 4.45838e-09 2.23293e-09 1.11928e-09 5.61522e-10 2.81936e-10 1.41672e-10 7.12464e-11 3.58571e-11 1.80599e-11 9.10272e-12 4.5913e-12 2.31737e-12 1.17042e-12 5.91491e-13 2.99068e-13 1.51234e-13 7.63862e-14 3.83447e-14 1.87602e-14 8.21668e-15 1.68309e-15 8.41613e-16 4.21352e-16 2.11203e-16 1.0599e-16 5.32473e-17 2.67701e-17 1.34504e-17 6.78455e-18
3.112e-06 4.48534e-09 2.24446e-09 1.12408e-09 5.63437e-10 2.82653e-10 1.41911e-10 7.13059e-11 3.58571e-11 1.80451e-11 9.08793e-12 4.58022e-12 2.31e-12 1.16582e-12 5.88738e-13 2.97465e-13 1.5032e-13 7.58737e-14 3.80619e-14 1.8608e-14 8.14054e-15 1.65643e-15 8.27271e-16 4.13676e-16 2.07113e-16 1.03821e-16 5.21054e-17 2.6179e-17 1.31628e-17 6.61414e-18 3.33677e-18
1.56597e-06 2.25984e-09 1.1308e-09 5.6631e-10 2.83848e-10 1.42388e-10 7.14845e-11 3.59165e-11 1.80599e-11 9.08793e-12 4.57653e-12 2.30632e-12 1.16306e-12 5.86903e-13 2.9632e-13 1.49634e-13 7.54751e-14 3.78356e-14 1.84835e-14 8.07708e-15 1.63388e-15 8.14979e-16 4.07022e-16 2.03533e-16 1.01906e-16 5.10856e-17 2.56404e-17 1.28835e-17 6.47844e-18 3.2556e-18 1.64266e-18
7.8859e-07 1.13943e-09 5.70141e-10 2.85521e-10 1.43103e-10 7.1782e-11 3.60353e-11 1.81043e-11 9.10272e-12 4.58022e-12 2.30632e-12 1.16214e-12 5.85985e-13 2.95633e-13 1.49177e-13 7.51904e-14 3.7666e-14 1.83867e-14 8.02632e-15 1.61543e-15 8.04735e-16 4.01392e-16 2.00465e-16 1.00245e-16 5.01923e-17 2.51628e-17 1.26303e-17 6.34682e-18 3.19178e-18 1.60409e-18 8.09479e-19
3.97408e-07 5.74929e-10 2.87671e-10 1.44058e-10 7.21986e-11 3.62136e-11 1.81785e-11 9.13231e-12 4.5913e-12 2.31e-12 1.16306e-12 5.85985e-13 2.95404e-13 1.48949e-13 7.50196e-14 3.75529e-14 1.83175e-14 7.98825e-15 1.60108e-15 7.9654e-16 3.96786e-16 1.97908e-16 9.88393e-17 4.94263e-17 2.47483e-17 1.24076e-17 6.22828e-18 3.13e-18 1.57419e-18 7.91203e-19 3.99319e-19
2.00418e-07 2.903e-10 1.4525e-10 7.27343e-11 3.64512e-11 1.82822e-11 9.1767e-12 4.60976e-12 2.31737e-12 1.16582e-12 5.86903e-13 2.95633e-13 1.48949e-13 7.49626e-14 3.74963e-14 1.8276e-14 7.96287e-15 1.59083e-15 7.90394e-16 3.93203e-16 1.95862e-16 9.76894e-17 4.87879e-17 2.43975e-17 1.22164e-17 6.12498e-18 3.07475e-18 1.54531e-18 7.77257e-19 3.90684e-19 1.97201e-19
1.01146e-07 1.46681e-10 7.3389e-11 3.67482e-11 1.84156e-11 9.23588e-12 4.6356e-12 2.32843e-12 1.17042e-12 5.88738e-13 2.9632e-13 1.49177e-13 7.50196e-14 3.74963e-14 1.82622e-14 7.95018e-15 1.58468e-15 7.86297e-16 3.90644e-16 1.94327e-16 9.6795e-17 4.82772e-17 2.41105e-17 1.20571e-17 6.03744e-18 3.02712e-18 1.5197e-18 7.63821e-19 3.84212e-19 1.93134e-19 9.74965e-20
5.10824e-08 7.41627e-11 3.71046e-11 1.85787e-11 9.30986e-12 4.66883e-12 2.34317e-12 1.17685e-12 5.91491e-13 2.97465e-13 1.49634e-13 7.51904e-14 3.75529e-14 1.8276e-14 7.95018e-15 1.58263e-15 7.84248e-16 3.89109e-16 1.93305e-16 9.61561e-17 4.78942e-17 2.38872e-17 1.19296e-17 5.96579e-18 2.98736e-18 1.49789e-18 7.52015e-19 3.77995e-19 1.90149e-19 9.55887e-20 4.82591e-20
2.58164e-08 3.75205e-11 1.87714e-11 9.39863e-12 4.70944e-12 2.36159e-12 1.18513e-12 5.95162e-13 2.99068e-13 1.5032e-13 7.54751e-14 3.7666e-14 1.83175e-14 7.96287e-15 1.58468e-15 7.84248e-16 3.88597e-16 1.92793e-16 9.57728e-17 4.76388e-17 2.37277e-17 1.1834e-17 5.91005e-18 2.95554e-18 1.48001e-18 7.4211e-19 3.72592e-19 1.8729e-19 9.42208e-20 4.73677e-20 2.39162e-20
1.30563e-08 1.89938e-11 9.5022e-12 4.75743e-12 2.3837e-12 1.19524e-12 5.99751e-13 3.01129e-13 1.51234e-13 7.58737e-14 3.78356e-14 1.83867e-14 7.98825e-15 1.59083e-15 7.86297e-16 3.89109e-16 1.92793e-16 9.56451e-17 4.75112e-17 2.3632e-17 1.17702e-17 5.87024e-18 2.93167e-18 1.4661e-18 7.34171e-19 3.6814e-19 1.84839e-19 9.29166e-20 4.67462e-20 2.35018e-20 1.1867e-20
6.60754e-09 9.62057e-12 4.81281e-12 2.4095e-12 1.2072e-12 6.05258e-13 3.03648e-13 1.52376e-13 7.63862e-14 3.80619e-14 1.84835e-14 8.02632e-15 1.60108e-15 7.90394e-16 3.90644e-16 1.93305e-16 9.57728e-17 4.75112e-17 2.36001e-17 1.17384e-17 5.84635e-18 2.91575e-18 1.45616e-18 7.28213e-19 3.64669e-19 1.82862e-19 9.18157e-20 4.61564e-20 2.32221e-20 1.16754e-20 5.89575e-21
3.34618e-09 4.87558e-12 2.43898e-12 1.22099e-12 6.11682e-13 3.06625e-13 1.53747e-13 7.70126e-14 3.83447e-14 1.8608e-14 8.07708e-15 1.61543e-15 7.9654e-16 3.93203e-16 1.94327e-16 9.61561e-17 4.76388e-17 2.3632e-17 1.17384e-17 5.83839e-18 2.9078e-18 1.45019e-18 7.24241e-19 3.62189e-19 1.81376e-19 9.09519e-20 4.56683e-20 2.29584e-20 1.15511e-20 5.80773e-21 2.93288e-21
1.69568e-09 2.47215e-12 1.23662e-12 6.19024e-13 3.1006e-13 1.55347e-13 7.77529e-14 3.8684e-14 1.87602e-14 8.14054e-15 1.63388e-15 8.04735e-16 3.96786e-16 1.95862e-16 9.6795e-17 4.78942e-17 2.37277e-17 1.17702e-17 5.84635e-18 2.9078e-18 1.44821e-18 7.22254e-19 3.607e-19 1.80385e-19 9.03332e-20 4.52985e-20 2.27454e-20 1.14348e-20 5.75337e-21 2.89276e-21 1.46088e-21
8.5984e-10 1.25409e-12 6.27285e-13 3.13953e-13 1.57175e-13 7.86071e-14 3.90799e-14 1.894e-14 8.21668e-15 1.65643e-15 8.14979e-16 4.01392e-16 1.97908e-16 9.76894e-17 4.82772e-17 2.38872e-17 1.1834e-17 5.87024e-18 2.91575e-18 1.45019e-18 7.22254e-19 3.60204e-19 1.79889e-19 8.99618e-20 4.50514e-20 2.25916e-20 1.13439e-20 5.70296e-21 2.86945e-21 1.44276e-21 7.28622e-22
4.36281e-10 6.36463e-13 3.18304e-13 1.59231e-13 7.95752e-14 3.95324e-14 1.91475e-14 8.30552e-15 1.68309e-15 8.27271e-16 4.07022e-16 2.00465e-16 9.88393e-17 4.87879e-17 2.41105e-17 1.19296e-17 5.91005e-18 2.93167e-18 1.45616e-18 7.24241e-19 3.607e-19 1.79889e-19 8.98379e-20 4.49276e-20 2.2499e-20 1.12825e-20 5.66524e-21 2.84813e-21 1.43304e-21 7.20534e-22 3.63886e-22
2.21505e-10 3.23113e-13 1.61516e-13 8.06573e-14 4.00415e-14 1.93827e-14 8.40705e-15 1.71384e-15 8.41613e-16 4.13676e-16 2.03533e-16 1.00245e-16 4.94263e-17 2.43975e-17 1.20571e-17 5.96579e-18 2.95554e-18 1.4661e-18 7.28213e-19 3.62189e-19 1.80385e-19 8.99618e-20 4.49276e-20 2.24681e-20 1.12517e-20 5.64228e-21 2.83313e-21 1.42431e-21 7.1664e-22 3.60325e-22 1.8197e-22
1.12528e-10 1.6403e-13 8.18532e-14 4.06071e-14 1.96455e-14 8.52127e-15 1.74869e-15 8.58002e-16 4.21352e-16 2.07113e-16 1.01906e-16 5.01923e-17 2.47483e-17 1.22164e-17 6.03744e-18 2.98736e-18 1.48001e-18 7.34171e-19 3.64669e-19 1.81376e-19 9.03332e-20 4.50514e-20 2.2499e-20 1.12517e-20 5.6346e-21 2.82552e-21 1.41875e-21 7.13241e-22 3.58861e-22 1.80432e-22 9.11188e-23
5.71993e-11 8.31629e-14 4.12292e-14 1.9936e-14 8.64816e-15 1.78764e-15 8.76435e-16 4.30051e-16 2.11203e-16 1.03821e-16 5.10856e-17 2.51628e-17 1.24076e-17 6.12498e-18 3.02712e-18 1.49789e-18 7.4211e-19 3.6814e-19 1.82862e-19 9.09519e-20 4.52985e-20 2.25916e-20 1.12825e-20 5.64228e-21 2.82552e-21 1.41686e-21 7.11418e-22 3.57641e-22 1.79939e-22 9.04695e-23 4.56858e-23
2.90901e-11 4.19076e-14 2.0254e-14 8.78766e-15 1.83064e-15 8.96897e-16 4.39762e-16 2.158e-16 1.0599e-16 5.21054e-17 2.56404e-17 1.26303e-17 6.22828e-18 3.07475e-18 1.5197e-18 7.52015e-19 3.72592e-19 1.84839e-19 9.18157e-20 4.56683e-20 2.27454e-20 1.13439e-20 5.66524e-21 2.83313e-21 1.41875e-21 7.11418e-22 3.57201e-22 1.79565e-22 9.0341e-23 4.54201e-23 2.29353e-23
1.47992e-11 2.0599e-14 8.93951e-15 1.87757e-15 9.1932e-16 4.50453e-16 2.20886e-16 1.08403e-16 5.32473e-17 2.6179e-17 1.28835e-17 6.34682e-18 3.13e-18 1.54531e-18 7.63821e-19 3.77995e-19 1.8729e-19 9.29166e-20 4.61564e-20 2.29584e-20 1.14348e-20 5.70296e-21 2.84813e-21 1.42431e-21 7.13241e-22 3.57641e-22 1.79565e-22 9.02639e-23 4.54108e-23 2.283e-23 1.15275e-23
7.5256e-12 9.10257e-15 1.92787e-15 9.43424e-16 4.61985e-16 2.26392e-16 1.11027e-16 5.44941e-17 2.67701e-17 1.31628e-17 6.47844e-18 3.19178e-18 1.57419e-18 7.77257e-19 3.84212e-19 1.90149e-19 9.42208e-20 4.67462e-20 2.32221e-20 1.15511e-20 5.75337e-21 2.86945e-21 1.43304e-21 7.1664e-22 3.58861e-22 1.79939e-22 9.0341e-23 4.54108e-23 2.28445e-23 1.14845e-23 5.7984e-24
3.81383e-12 1.97921e-15 9.68055e-16 4.73779e-16 2.32029e-16 1.13715e-16 5.57736e-17 2.73775e-17 1.34504e-17 6.61414e-18 3.2556e-18 1.60409e-18 7.91203e-19 3.90684e-19 1.93134e-19 9.55887e-20 4.73677e-20 2.35018e-20 1.16754e-20 5.80773e-21 2.89276e-21 1.44276e-21 7.20534e-22 3.60325e-22 1.80432e-22 9.04695e-23 4.54201e-23 2.283e-23 1.14845e-23 5.77327e-24 2.91468e-24
1.94347e-12 9.97153e-16 4.87805e-16 2.38781e-16 1.16961e-16 5.73314e-17 2.81239e-17 1.38074e-17 6.78455e-18 3.33677e-18 1.64266e-18 8.09479e-19 3.99319e-19 1.97201e-19 9.74965e-20 4.82591e-20 2.39162e-20 1.1867e-20 5.89575e-21 2.93288e-21 1.46088e-21 7.28622e-22 3.63886e-22 1.8197e-22 9.11188e-23 4.56858e-23 2.29353e-23 1.15275e-23 5.7984e-24 2.91468e-24 1.47134e-24
