0.999844 7.81096e-06 7.0295e-06 6.32626e-06 5.69339e-06 5.12386e-06 4.61131e-06 4.15006e-06 3.73496e-06 3.36139e-06 3.0252e-06 2.72264e-06 2.45036e-06 2.20531e-06 1.98477e-06 1.7863e-06 1.60768e-06 1.44692e-06 1.30224e-06 1.17203e-06 1.05485e-06 9.49374e-07 8.54449e-07 7.69013e-07 6.92118e-07 6.22908e-07 5.60614e-07 5.04544e-07 4.54075e-07 4.08645e-07 3.678e-07
7.81096e-06 3.50745e-10 3.15471e-10 2.83708e-10 2.551e-10 2.29329e-10 2.06108e-10 1.8518e-10 1.66311e-10 1.4929e-10 1.33929e-10 1.20057e-10 1.07519e-10 9.61761e-11 8.59019e-11 7.65822e-11 6.81133e-11 6.04012e-11 5.33602e-11 4.69119e-11 4.09847e-11 3.55129e-11 3.04356e-11 2.56965e-11 2.1243e-11 1.70257e-11 1.29979e-11 9.11484e-12 5.33363e-12 1.61236e-12 1.45118e-12
7.0295e-06 3.15471e-10 2.83706e-10 2.55097e-10 2.29325e-10 2.06104e-10 1.85175e-10 1.66305e-10 1.49284e-10 1.33923e-10 1.20051e-10 1.07513e-10 9.61702e-11 8.58961e-11 7.65766e-11 6.8108e-11 6.03961e-11 5.33553e-11 4.69073e-11 4.09804e-11 3.55089e-11 3.04319e-11 2.56931e-11 2.124e-11 1.7023e-11 1.29955e-11 9.11289e-12 5.33205e-12 1.61119e-12 1.45e-12 1.30504e-12
6.32626e-06 2.83708e-10 2.55097e-10 2.29324e-10 2.06102e-10 1.85172e-10 1.66301e-10 1.4928e-10 1.33919e-10 1.20046e-10 1.07508e-10 9.61654e-11 8.58913e-11 7.65718e-11 6.81033e-11 6.03916e-11 5.3351e-11 4.69032e-11 4.09766e-11 3.55053e-11 3.04286e-11 2.56901e-11 2.12372e-11 1.70206e-11 1.29934e-11 9.11107e-12 5.33057e-12 1.61006e-12 1.44899e-12 1.30403e-12 1.17366e-12
5.69339e-06 2.551e-10 2.29325e-10 2.06102e-10 1.85171e-10 1.66299e-10 1.49278e-10 1.33916e-10 1.20043e-10 1.07505e-10 9.61616e-11 8.58874e-11 7.6568e-11 6.80995e-11 6.03879e-11 5.33473e-11 4.68997e-11 4.09732e-11 3.55021e-11 3.04256e-11 2.56873e-11 2.12347e-11 1.70183e-11 1.29914e-11 9.10938e-12 5.32919e-12 1.609e-12 1.44802e-12 1.30316e-12 1.17278e-12 1.05554e-12
5.12386e-06 2.29329e-10 2.06104e-10 1.85172e-10 1.66299e-10 1.49277e-10 1.33914e-10 1.20041e-10 1.07502e-10 9.61589e-11 8.58846e-11 7.65649e-11 6.80964e-11 6.03848e-11 5.33443e-11 4.68967e-11 4.09703e-11 3.54994e-11 3.0423e-11 2.56849e-11 2.12325e-11 1.70163e-11 1.29896e-11 9.10785e-12 5.32792e-12 1.60802e-12 1.44712e-12 1.30233e-12 1.17204e-12 1.05479e-12 9.49341e-13
4.61131e-06 2.06108e-10 1.85175e-10 1.66301e-10 1.49278e-10 1.33914e-10 1.2004e-10 1.07501e-10 9.61573e-11 8.58826e-11 7.65628e-11 6.80941e-11 6.03824e-11 5.33418e-11 4.68942e-11 4.09679e-11 3.5497e-11 3.04208e-11 2.56828e-11 2.12305e-11 1.70145e-11 1.2988e-11 9.10646e-12 5.32677e-12 1.60711e-12 1.44628e-12 1.30156e-12 1.17134e-12 1.05415e-12 9.48693e-13 8.53852e-13
4.15006e-06 1.8518e-10 1.66305e-10 1.4928e-10 1.33916e-10 1.20041e-10 1.07501e-10 9.61567e-11 8.58817e-11 7.65615e-11 6.80926e-11 6.03806e-11 5.334e-11 4.68923e-11 4.0966e-11 3.54951e-11 3.04189e-11 2.5681e-11 2.12288e-11 1.7013e-11 1.29866e-11 9.10523e-12 5.32573e-12 1.60629e-12 1.44551e-12 1.30085e-12 1.17068e-12 1.05355e-12 9.48153e-13 8.53297e-13 7.67993e-13
3.73496e-06 1.66311e-10 1.49284e-10 1.33919e-10 1.20043e-10 1.07502e-10 9.61573e-11 8.58817e-11 7.65611e-11 6.80918e-11 6.03796e-11 5.33388e-11 4.6891e-11 4.09645e-11 3.54936e-11 3.04174e-11 2.56796e-11 2.12274e-11 1.70117e-11 1.29854e-11 9.10416e-12 5.32481e-12 1.60556e-12 1.44482e-12 1.3002e-12 1.17008e-12 1.053e-12 9.47645e-13 8.52839e-13 7.67519e-13 6.90791e-13
3.36139e-06 1.4929e-10 1.33923e-10 1.20046e-10 1.07505e-10 9.61589e-11 8.58826e-11 7.65615e-11 6.80918e-11 6.03793e-11 5.33382e-11 4.68902e-11 4.09636e-11 3.54926e-11 3.04163e-11 2.56784e-11 2.12263e-11 1.70106e-11 1.29844e-11 9.10325e-12 5.32403e-12 1.60491e-12 1.4442e-12 1.29962e-12 1.16953e-12 1.05249e-12 9.47175e-13 8.5241e-13 7.67132e-13 6.90386e-13 6.21369e-13
3.0252e-06 1.33929e-10 1.20051e-10 1.07508e-10 9.61616e-11 8.58846e-11 7.65628e-11 6.80926e-11 6.03796e-11 5.33382e-11 4.68899e-11 4.09631e-11 3.54919e-11 3.04156e-11 2.56776e-11 2.12255e-11 1.70097e-11 1.29836e-11 9.1025e-12 5.32337e-12 1.60437e-12 1.44367e-12 1.29911e-12 1.16905e-12 1.05203e-12 9.46748e-13 8.52015e-13 7.66771e-13 6.9006e-13 6.21025e-13 5.58941e-13
2.72264e-06 1.20057e-10 1.07513e-10 9.61654e-11 8.58874e-11 7.65649e-11 6.80941e-11 6.03806e-11 5.33388e-11 4.68902e-11 4.09631e-11 3.54917e-11 3.04152e-11 2.56771e-11 2.12249e-11 1.70091e-11 1.2983e-11 9.10192e-12 5.32284e-12 1.60392e-12 1.44323e-12 1.29867e-12 1.16863e-12 1.05163e-12 9.46368e-13 8.51659e-13 7.6644e-13 6.89758e-13 6.20752e-13 5.5865e-13 5.02802e-13
2.45036e-06 1.07519e-10 9.61702e-11 8.58913e-11 7.6568e-11 6.80964e-11 6.03824e-11 5.334e-11 4.6891e-11 4.09636e-11 3.54919e-11 3.04152e-11 2.5677e-11 2.12246e-11 1.70088e-11 1.29826e-11 9.1015e-12 5.32244e-12 1.60357e-12 1.44287e-12 1.29832e-12 1.16828e-12 1.05129e-12 9.46038e-13 8.51344e-13 7.66145e-13 6.89483e-13 6.205e-13 5.58423e-13 5.02557e-13 4.52316e-13
2.20531e-06 9.61761e-11 8.58961e-11 7.65718e-11 6.80995e-11 6.03848e-11 5.33418e-11 4.68923e-11 4.09645e-11 3.54926e-11 3.04156e-11 2.56771e-11 2.12246e-11 1.70086e-11 1.29824e-11 9.10125e-12 5.32217e-12 1.60332e-12 1.4426e-12 1.29804e-12 1.16799e-12 1.051e-12 9.45759e-13 8.51074e-13 7.65886e-13 6.89239e-13 6.20272e-13 5.58214e-13 5.02368e-13 4.5211e-13 4.06913e-13
1.98477e-06 8.59019e-11 7.65766e-11 6.81033e-11 6.03879e-11 5.33443e-11 4.68942e-11 4.0966e-11 3.54936e-11 3.04163e-11 2.56776e-11 2.12249e-11 1.70088e-11 1.29824e-11 9.10117e-12 5.32204e-12 1.60317e-12 1.44242e-12 1.29784e-12 1.16778e-12 1.05078e-12 9.45534e-13 8.50851e-13 7.65668e-13 6.89028e-13 6.20073e-13 5.58027e-13 5.02196e-13 4.51955e-13 4.0674e-13 3.66079e-13
1.7863e-06 7.65822e-11 6.8108e-11 6.03916e-11 5.33473e-11 4.68967e-11 4.09679e-11 3.54951e-11 3.04174e-11 2.56784e-11 2.12255e-11 1.70091e-11 1.29826e-11 9.10125e-12 5.32204e-12 1.60312e-12 1.44233e-12 1.29772e-12 1.16763e-12 1.05062e-12 9.45364e-13 8.50675e-13 7.65491e-13 6.88854e-13 6.19903e-13 5.57865e-13 5.02044e-13 4.51815e-13 4.06613e-13 3.65935e-13 3.29352e-13
1.60768e-06 6.81133e-11 6.03961e-11 5.3351e-11 4.68997e-11 4.09703e-11 3.5497e-11 3.04189e-11 2.56796e-11 2.12263e-11 1.70097e-11 1.2983e-11 9.1015e-12 5.32217e-12 1.60317e-12 1.44233e-12 1.29768e-12 1.16756e-12 1.05053e-12 9.45251e-13 8.5055e-13 7.65357e-13 6.88716e-13 6.19765e-13 5.5773e-13 5.01914e-13 4.51692e-13 4.065e-13 3.65832e-13 3.29233e-13 2.9632e-13
1.44692e-06 6.04012e-11 5.33553e-11 4.69032e-11 4.09732e-11 3.54994e-11 3.04208e-11 2.5681e-11 2.12274e-11 1.70106e-11 1.29836e-11 9.10192e-12 5.32244e-12 1.60332e-12 1.44242e-12 1.29772e-12 1.16756e-12 1.05049e-12 9.45194e-13 8.50474e-13 7.65268e-13 6.88617e-13 6.19661e-13 5.57623e-13 5.01808e-13 4.51589e-13 4.06402e-13 3.65741e-13 3.29151e-13 2.96222e-13 2.66609e-13
1.30224e-06 5.33602e-11 4.69073e-11 4.09766e-11 3.55021e-11 3.0423e-11 2.56828e-11 2.12288e-11 1.70117e-11 1.29844e-11 9.1025e-12 5.32284e-12 1.60357e-12 1.4426e-12 1.29784e-12 1.16763e-12 1.05053e-12 9.45194e-13 8.50448e-13 7.65223e-13 6.88558e-13 6.19591e-13 5.57546e-13 5.01728e-13 4.51507e-13 4.06322e-13 3.65665e-13 3.2908e-13 2.96157e-13 2.66529e-13 2.39884e-13
1.17203e-06 4.69119e-11 4.09804e-11 3.55053e-11 3.04256e-11 2.56849e-11 2.12305e-11 1.7013e-11 1.29854e-11 9.10325e-12 5.32337e-12 1.60392e-12 1.44287e-12 1.29804e-12 1.16778e-12 1.05062e-12 9.45251e-13 8.50474e-13 7.65223e-13 6.88538e-13 6.19556e-13 5.575e-13 5.01673e-13 4.51448e-13 4.06261e-13 3.65603e-13 3.2902e-13 2.96102e-13 2.66479e-13 2.39819e-13 2.15845e-13
1.05485e-06 4.09847e-11 3.55089e-11 3.04286e-11 2.56873e-11 2.12325e-11 1.70145e-11 1.29866e-11 9.10416e-12 5.32403e-12 1.60437e-12 1.44323e-12 1.29832e-12 1.16799e-12 1.05078e-12 9.45364e-13 8.5055e-13 7.65268e-13 6.88558e-13 6.19556e-13 5.57484e-13 5.01646e-13 4.51412e-13 4.06219e-13 3.65559e-13 3.28975e-13 2.96057e-13 2.66436e-13 2.39781e-13 2.15793e-13 1.9422e-13
9.49374e-07 3.55129e-11 3.04319e-11 2.56901e-11 2.12347e-11 1.70163e-11 1.2988e-11 9.10523e-12 5.32481e-12 1.60491e-12 1.44367e-12 1.29867e-12 1.16828e-12 1.051e-12 9.45534e-13 8.50675e-13 7.65357e-13 6.88617e-13 6.19591e-13 5.575e-13 5.01646e-13 4.514e-13 4.06198e-13 3.65532e-13 3.28944e-13 2.96024e-13 2.66403e-13 2.3975e-13 2.15764e-13 1.94179e-13 1.74767e-13
8.54449e-07 3.04356e-11 2.56931e-11 2.12372e-11 1.70183e-11 1.29896e-11 9.10646e-12 5.32573e-12 1.60556e-12 1.4442e-12 1.29911e-12 1.16863e-12 1.05129e-12 9.45759e-13 8.50851e-13 7.65491e-13 6.88716e-13 6.19661e-13 5.57546e-13 5.01673e-13 4.51412e-13 4.06198e-13 3.65522e-13 3.28928e-13 2.96004e-13 2.66381e-13 2.39726e-13 2.15742e-13 1.94158e-13 1.74734e-13 1.57266e-13
7.69013e-07 2.56965e-11 2.124e-11 1.70206e-11 1.29914e-11 9.10785e-12 5.32677e-12 1.60629e-12 1.44482e-12 1.29962e-12 1.16905e-12 1.05163e-12 9.46038e-13 8.51074e-13 7.65668e-13 6.88854e-13 6.19765e-13 5.57623e-13 5.01728e-13 4.51448e-13 4.06219e-13 3.65532e-13 3.28928e-13 2.95997e-13 2.6637e-13 2.39712e-13 2.15726e-13 1.94143e-13 1.7472e-13 1.5724e-13 1.41521e-13
6.92118e-07 2.1243e-11 1.7023e-11 1.29934e-11 9.10938e-12 5.32792e-12 1.60711e-12 1.44551e-12 1.3002e-12 1.16953e-12 1.05203e-12 9.46368e-13 8.51344e-13 7.65886e-13 6.89028e-13 6.19903e-13 5.5773e-13 5.01808e-13 4.51507e-13 4.06261e-13 3.65559e-13 3.28944e-13 2.96004e-13 2.6637e-13 2.39707e-13 2.15718e-13 1.94133e-13 1.7471e-13 1.57231e-13 1.41501e-13 1.27356e-13
6.22908e-07 1.70257e-11 1.29955e-11 9.11107e-12 5.32919e-12 1.60802e-12 1.44628e-12 1.30085e-12 1.17008e-12 1.05249e-12 9.46748e-13 8.51659e-13 7.66145e-13 6.89239e-13 6.20073e-13 5.57865e-13 5.01914e-13 4.51589e-13 4.06322e-13 3.65603e-13 3.28975e-13 2.96024e-13 2.66381e-13 2.39712e-13 2.15718e-13 1.9413e-13 1.74705e-13 1.57226e-13 1.41496e-13 1.2734e-13 1.1461e-13
5.60614e-07 1.29979e-11 9.11289e-12 5.33057e-12 1.609e-12 1.44712e-12 1.30156e-12 1.17068e-12 1.053e-12 9.47175e-13 8.52015e-13 7.6644e-13 6.89483e-13 6.20272e-13 5.58027e-13 5.02044e-13 4.51692e-13 4.06402e-13 3.65665e-13 3.2902e-13 2.96057e-13 2.66403e-13 2.39726e-13 2.15726e-13 1.94133e-13 1.74705e-13 1.57224e-13 1.41493e-13 1.27338e-13 1.14599e-13 1.03142e-13
5.04544e-07 9.11484e-12 5.33205e-12 1.61006e-12 1.44802e-12 1.30233e-12 1.17134e-12 1.05355e-12 9.47645e-13 8.5241e-13 7.66771e-13 6.89758e-13 6.205e-13 5.58214e-13 5.02196e-13 4.51815e-13 4.065e-13 3.65741e-13 3.2908e-13 2.96102e-13 2.66436e-13 2.3975e-13 2.15742e-13 1.94143e-13 1.7471e-13 1.57226e-13 1.41493e-13 1.27337e-13 1.14598e-13 1.03133e-13 9.28228e-14
4.54075e-07 5.33363e-12 1.61119e-12 1.44899e-12 1.30316e-12 1.17204e-12 1.05415e-12 9.48153e-13 8.52839e-13 7.67132e-13 6.9006e-13 6.20752e-13 5.58423e-13 5.02368e-13 4.51955e-13 4.06613e-13 3.65832e-13 3.29151e-13 2.96157e-13 2.66479e-13 2.39781e-13 2.15764e-13 1.94158e-13 1.7472e-13 1.57231e-13 1.41496e-13 1.27338e-13 1.14598e-13 1.03133e-13 9.28151e-14 8.35365e-14
4.08645e-07 1.61236e-12 1.45e-12 1.30403e-12 1.17278e-12 1.05479e-12 9.48693e-13 8.53297e-13 7.67519e-13 6.90386e-13 6.21025e-13 5.5865e-13 5.02557e-13 4.5211e-13 4.0674e-13 3.65935e-13 3.29233e-13 2.96222e-13 2.66529e-13 2.39819e-13 2.15793e-13 1.94179e-13 1.74734e-13 1.5724e-13 1.41501e-13 1.2734e-13 1.14599e-13 1.03133e-13 9.28151e-14 8.35296e-14 7.51792e-14
3.678e-07 1.45118e-12 1.30504e-12 1.17366e-12 1.05554e-12 9.49341e-13 8.53852e-13 7.67993e-13 6.90791e-13 6.21369e-13 5.58941e-13 5.02802e-13 4.52316e-13 4.06913e-13 3.66079e-13 3.29352e-13 2.9632e-13 2.66609e-13 2.39884e-13 2.15845e-13 1.9422e-13 1.74767e-13 1.57266e-13 1.41521e-13 1.27356e-13 1.1461e-13 1.03142e-13 9.28228e-14 8.35365e-14 7.51792e-14 6.76637e-14
