0.971038 0.00325056 0.00248573 0.00190085 0.00145359 0.00111157 0.000850023 0.000650018 0.000497073 0.000380114 0.000290676 0.000222281 0.00016998 0.000129985 9.94e-05 7.60118e-05 5.81266e-05 4.44498e-05 3.3991e-05 2.59931e-05 1.98771e-05 1.52001e-05 1.16236e-05 8.88866e-06 6.79721e-06 5.19787e-06 3.97484e-06 3.03958e-06 2.32439e-06 1.77747e-06 1.35924e-06 1.03942e-06 7.94852e-07 6.07828e-07 4.64809e-07 3.55443e-07 2.71809e-07 2.07854e-07 1.58947e-07 1.21548e-07 9.29483e-08 7.10781e-08 5.43539e-08 4.15647e-08 3.17848e-08 2.4306e-08 1.8587e-08 1.42136e-08 1.08692e-08 8.31173e-09 6.35603e-09 4.86049e-09 3.71685e-09 2.8423e-09 2.17352e-09 1.6621e-09 1.27102e-09 9.71957e-10 7.43261e-10 5.68376e-10 4.3464e-10 3.32372e-10 2.54167e-10 1.94363e-10 1.4863e-10 1.13659e-10 8.69154e-11 6.64647e-11 5.0826e-11 3.88669e-11 2.97218e-11 2.27284e-11 1.73805e-11 1.3291e-11 1.01637e-11 7.77225e-12 5.94348e-12 4.54502e-12 3.4756e-12 2.65781e-12 2.03244e-12 1.55422e-12 1.18852e-12 9.08871e-13 6.95019e-13 5.31485e-13 4.0643e-13 3.10799e-13 2.3767e-13 1.81748e-13 1.38983e-13 1.06281e-13 8.12741e-14 6.21508e-14 4.7527e-14 3.63442e-14 2.77926e-14 2.12532e-14 1.62524e-14 1.24283e-14 9.50402e-15
0.00325056 7.07307e-05 5.44254e-05 4.18772e-05 3.22209e-05 2.47903e-05 1.90726e-05 1.46731e-05 1.1288e-05 8.68359e-06 6.67982e-06 5.13825e-06 3.95231e-06 3.03999e-06 2.33818e-06 1.79833e-06 1.38308e-06 1.06368e-06 8.18011e-07 6.29064e-07 4.83745e-07 3.71984e-07 2.86035e-07 2.19939e-07 1.6911e-07 1.30025e-07 9.99699e-08 7.68599e-08 5.90905e-08 4.5428e-08 3.49234e-08 2.68471e-08 2.0638e-08 1.58644e-08 1.21947e-08 9.37355e-09 7.20488e-09 5.53781e-09 4.25636e-09 3.27135e-09 2.51423e-09 1.93229e-09 1.485e-09 1.14123e-09 8.77016e-10 6.73956e-10 5.179e-10 3.97969e-10 3.05804e-10 2.34977e-10 1.80551e-10 1.38727e-10 1.0659e-10 8.18955e-11 6.29208e-11 4.83413e-11 3.71393e-11 2.85325e-11 2.19198e-11 1.68393e-11 1.29361e-11 9.93737e-12 7.63364e-12 5.86385e-12 4.50429e-12 3.45987e-12 2.65757e-12 2.04128e-12 1.56787e-12 1.20423e-12 9.24916e-13 7.10371e-13 5.45583e-13 4.19013e-13 3.21801e-13 2.47137e-13 1.89793e-13 1.45753e-13 1.11929e-13 8.59536e-14 6.60049e-14 5.06851e-14 3.89205e-14 2.9886e-14 2.29483e-14 1.76208e-14 1.35298e-14 1.03885e-14 7.97639e-15 6.12424e-15 4.7021e-15 3.61014e-15 2.77172e-15 2.12798e-15 1.63373e-15 1.25425e-15 9.62902e-16 7.3922e-16 5.6749e-16 4.35649e-16 3.34433e-16
0.00248573 5.44254e-05 4.18846e-05 3.22322e-05 2.48033e-05 1.90859e-05 1.46858e-05 1.12997e-05 8.69405e-06 6.68899e-06 5.14617e-06 3.95905e-06 3.04568e-06 2.34294e-06 1.80229e-06 1.38635e-06 1.06636e-06 8.20208e-07 6.30854e-07 4.85199e-07 3.73162e-07 2.86986e-07 2.20704e-07 1.69725e-07 1.30518e-07 1.00365e-07 7.71751e-08 5.93419e-08 4.56282e-08 3.50827e-08 2.69736e-08 2.07383e-08 1.5944e-08 1.22576e-08 9.42334e-09 7.24422e-09 5.56887e-09 4.28085e-09 3.29065e-09 2.52943e-09 1.94425e-09 1.49442e-09 1.14863e-09 8.82827e-10 6.78519e-10 5.21479e-10 4.00776e-10 3.08004e-10 2.36701e-10 1.81901e-10 1.39784e-10 1.07417e-10 8.25422e-11 6.34264e-11 4.87365e-11 3.7448e-11 2.87736e-11 2.2108e-11 1.69862e-11 1.30507e-11 1.00267e-11 7.70333e-12 5.91818e-12 4.54662e-12 3.49285e-12 2.68326e-12 2.06128e-12 1.58344e-12 1.21635e-12 9.34346e-13 7.17708e-13 5.51289e-13 4.2345e-13 3.2525e-13 2.49818e-13 1.91877e-13 1.47372e-13 1.13187e-13 8.69306e-14 6.67636e-14 5.12743e-14 3.93778e-14 3.0241e-14 2.32238e-14 1.78346e-14 1.36957e-14 1.05172e-14 8.07618e-15 6.20164e-15 4.76211e-15 3.65666e-15 2.80778e-15 2.15593e-15 1.65539e-15 1.27104e-15 9.75909e-16 7.49296e-16 5.75296e-16 4.41695e-16 3.39115e-16 2.60354e-16
0.00190085 4.18772e-05 3.22322e-05 2.48076e-05 1.90925e-05 1.46934e-05 1.13075e-05 8.70153e-06 6.69588e-06 5.15233e-06 3.96445e-06 3.05034e-06 2.34691e-06 1.80564e-06 1.38915e-06 1.06869e-06 8.22133e-07 6.32436e-07 4.86494e-07 3.74217e-07 2.87843e-07 2.21398e-07 1.70285e-07 1.30969e-07 1.00727e-07 7.74658e-08 5.95745e-08 4.5814e-08 3.52309e-08 2.70917e-08 2.08322e-08 1.60186e-08 1.23168e-08 9.47024e-09 7.28135e-09 5.59823e-09 4.30406e-09 3.30897e-09 2.54388e-09 1.95564e-09 1.50339e-09 1.15569e-09 8.88381e-10 6.82884e-10 5.24909e-10 4.03469e-10 3.10117e-10 2.38358e-10 1.832e-10 1.40802e-10 1.08214e-10 8.31661e-11 6.39146e-11 4.91183e-11 3.77466e-11 2.90069e-11 2.22903e-11 1.71286e-11 1.31618e-11 1.01135e-11 7.77102e-12 5.97098e-12 4.58779e-12 3.52495e-12 2.70827e-12 2.08077e-12 1.59862e-12 1.22817e-12 9.43549e-13 7.24871e-13 5.56863e-13 4.27787e-13 3.28624e-13 2.52442e-13 1.93917e-13 1.48957e-13 1.1442e-13 8.78882e-14 6.75076e-14 5.18522e-14 3.98267e-14 3.05895e-14 2.34944e-14 1.80446e-14 1.38587e-14 1.06437e-14 8.17434e-15 6.27778e-15 4.82117e-15 3.70247e-15 2.84331e-15 2.18348e-15 1.67674e-15 1.28759e-15 9.88736e-16 7.59237e-16 5.82998e-16 4.47662e-16 3.43737e-16 2.63935e-16 2.02656e-16
0.00145359 3.22209e-05 2.48033e-05 1.90925e-05 1.4696e-05 1.13114e-05 8.70602e-06 6.70047e-06 5.15673e-06 3.96851e-06 3.05396e-06 2.35009e-06 1.80838e-06 1.39149e-06 1.07067e-06 8.23785e-07 6.33809e-07 4.87628e-07 3.75149e-07 2.88605e-07 2.22019e-07 1.7079e-07 1.31378e-07 1.01057e-07 7.77316e-08 5.97882e-08 4.59854e-08 3.5368e-08 2.72012e-08 2.09196e-08 1.60882e-08 1.23722e-08 9.51423e-09 7.31625e-09 5.62589e-09 4.32596e-09 3.3263e-09 2.55757e-09 1.96645e-09 1.51191e-09 1.16241e-09 8.93674e-10 6.87051e-10 5.28186e-10 4.06045e-10 3.12141e-10 2.39948e-10 1.84447e-10 1.4178e-10 1.08981e-10 8.3767e-11 6.43852e-11 4.94868e-11 3.80349e-11 2.92324e-11 2.24666e-11 1.72664e-11 1.32695e-11 1.01976e-11 7.8367e-12 6.02224e-12 4.62779e-12 3.55615e-12 2.73261e-12 2.09974e-12 1.61341e-12 1.23969e-12 9.52522e-13 7.31859e-13 5.62304e-13 4.32023e-13 3.3192e-13 2.55006e-13 1.95912e-13 1.50509e-13 1.15626e-13 8.8826e-14 6.82366e-14 5.24187e-14 4.02668e-14 3.09314e-14 2.37599e-14 1.82508e-14 1.40188e-14 1.0768e-14 8.27081e-15 6.35265e-15 4.87926e-15 3.74754e-15 2.87827e-15 2.21059e-15 1.69777e-15 1.30389e-15 1.00138e-15 7.69036e-16 5.90593e-16 4.53548e-16 3.48299e-16 2.67469e-16 2.05394e-16 1.57723e-16
0.00111157 2.47903e-05 1.90859e-05 1.46934e-05 1.13114e-05 8.70752e-06 6.70276e-06 5.15937e-06 3.97121e-06 3.05656e-06 2.35248e-06 1.81052e-06 1.39336e-06 1.07228e-06 8.25163e-07 6.34972e-07 4.88601e-07 3.75958e-07 2.89274e-07 2.22569e-07 1.7124e-07 1.31744e-07 1.01355e-07 7.79726e-08 5.99827e-08 4.61421e-08 3.5494e-08 2.73023e-08 2.10005e-08 1.61528e-08 1.24237e-08 9.55528e-09 7.34891e-09 5.65184e-09 4.34654e-09 3.34261e-09 2.57049e-09 1.97667e-09 1.51999e-09 1.16878e-09 8.98705e-10 6.91017e-10 5.3131e-10 4.08504e-10 3.14076e-10 2.41468e-10 1.85642e-10 1.42719e-10 1.09717e-10 8.43446e-11 6.48381e-11 4.98416e-11 3.83128e-11 2.945e-11 2.26369e-11 1.73996e-11 1.33737e-11 1.0279e-11 7.90032e-12 6.07193e-12 4.66659e-12 3.58644e-12 2.75624e-12 2.11818e-12 1.62779e-12 1.2509e-12 9.61261e-13 7.38668e-13 5.67609e-13 4.36154e-13 3.35136e-13 2.57511e-13 1.97861e-13 1.52025e-13 1.16806e-13 8.97435e-14 6.895e-14 5.29733e-14 4.06979e-14 3.12665e-14 2.40203e-14 1.84531e-14 1.41759e-14 1.089e-14 8.36555e-15 6.4262e-15 4.93636e-15 3.79185e-15 2.91265e-15 2.23727e-15 1.71847e-15 1.31995e-15 1.01383e-15 7.7869e-16 5.98078e-16 4.59351e-16 3.52796e-16 2.70955e-16 2.08095e-16 1.59816e-16 1.22736e-16
0.000850023 1.90726e-05 1.46858e-05 1.13075e-05 8.70602e-06 6.70276e-06 5.16025e-06 3.97256e-06 3.05811e-06 2.35407e-06 1.81204e-06 1.39477e-06 1.07354e-06 8.26267e-07 6.35925e-07 4.89413e-07 3.76643e-07 2.89847e-07 2.23045e-07 1.71634e-07 1.32068e-07 1.0162e-07 7.81885e-08 6.01581e-08 4.62841e-08 3.56087e-08 2.73946e-08 2.10747e-08 1.62123e-08 1.24714e-08 9.59338e-09 7.3793e-09 5.67605e-09 4.3658e-09 3.35792e-09 2.58263e-09 1.9863e-09 1.52761e-09 1.17481e-09 9.0347e-10 6.94779e-10 5.34279e-10 4.10845e-10 3.15919e-10 2.4292e-10 1.86784e-10 1.43616e-10 1.10422e-10 8.48986e-11 6.52728e-11 5.01827e-11 3.85802e-11 2.96596e-11 2.28011e-11 1.75281e-11 1.34743e-11 1.03577e-11 7.96185e-12 6.12003e-12 4.70418e-12 3.6158e-12 2.77917e-12 2.13607e-12 1.64175e-12 1.2618e-12 9.6976e-13 7.45295e-13 5.72774e-13 4.40179e-13 3.38272e-13 2.59953e-13 1.99763e-13 1.53506e-13 1.17958e-13 9.06404e-14 6.96477e-14 5.3516e-14 4.112e-14 3.15946e-14 2.42753e-14 1.86513e-14 1.433e-14 1.10097e-14 8.45852e-15 6.49841e-15 4.99243e-15 3.83538e-15 2.94644e-15 2.2635e-15 1.73882e-15 1.33574e-15 1.02608e-15 7.88194e-16 6.0545e-16 4.65068e-16 3.57229e-16 2.74391e-16 2.10759e-16 1.61881e-16 1.24337e-16 9.54982e-17
0.000650018 1.46731e-05 1.12997e-05 8.70153e-06 6.70047e-06 5.15937e-06 3.97256e-06 3.05863e-06 2.35487e-06 1.81296e-06 1.39571e-06 1.07444e-06 8.27095e-07 6.36666e-07 4.90063e-07 3.77204e-07 2.90325e-07 2.23449e-07 1.71972e-07 1.32349e-07 1.01852e-07 7.83793e-08 6.03143e-08 4.64114e-08 3.57121e-08 2.74784e-08 2.11424e-08 1.62668e-08 1.25152e-08 9.6285e-09 7.40742e-09 5.69852e-09 4.38373e-09 3.3722e-09 2.594e-09 1.99532e-09 1.53477e-09 1.18049e-09 9.07968e-10 6.98337e-10 5.37091e-10 4.13066e-10 3.17672e-10 2.44301e-10 1.87872e-10 1.44473e-10 1.11097e-10 8.54286e-11 6.56893e-11 5.05098e-11 3.8837e-11 2.9861e-11 2.2959e-11 1.76519e-11 1.35712e-11 1.04336e-11 8.02127e-12 6.16652e-12 4.74054e-12 3.64422e-12 2.80138e-12 2.15343e-12 1.6553e-12 1.27238e-12 9.78015e-13 7.51736e-13 5.77798e-13 4.44097e-13 3.41326e-13 2.62333e-13 2.01617e-13 1.5495e-13 1.19083e-13 9.1516e-14 7.03293e-14 5.40465e-14 4.15326e-14 3.19156e-14 2.4525e-14 1.88454e-14 1.44809e-14 1.1127e-14 8.54967e-15 6.56923e-15 5.04744e-15 3.87812e-15 2.97963e-15 2.28926e-15 1.75882e-15 1.35127e-15 1.03813e-15 7.97545e-16 6.12705e-16 4.70696e-16 3.61594e-16 2.77777e-16 2.13385e-16 1.63917e-16 1.25915e-16 9.67213e-17 7.42953e-17
0.000497073 1.1288e-05 8.69405e-06 6.69588e-06 5.15673e-06 3.97121e-06 3.05811e-06 2.35487e-06 1.81327e-06 1.39617e-06 1.07498e-06 8.27647e-07 6.37195e-07 4.90551e-07 3.77641e-07 2.90708e-07 2.2378e-07 1.72253e-07 1.32587e-07 1.02051e-07 7.85448e-08 6.04511e-08 4.65239e-08 3.58041e-08 2.75534e-08 2.12033e-08 1.63162e-08 1.25551e-08 9.66062e-09 7.43324e-09 5.71923e-09 4.40031e-09 3.38545e-09 2.60457e-09 2.00375e-09 1.54148e-09 1.18582e-09 9.12195e-10 7.01689e-10 5.39745e-10 4.15165e-10 3.19331e-10 2.45612e-10 1.88906e-10 1.45289e-10 1.11739e-10 8.59345e-11 6.60873e-11 5.08227e-11 3.90829e-11 3.00542e-11 2.31106e-11 1.77708e-11 1.36645e-11 1.05068e-11 8.07854e-12 6.21137e-12 4.77564e-12 3.67169e-12 2.82286e-12 2.17022e-12 1.66843e-12 1.28263e-12 9.86024e-13 7.57989e-13 5.82678e-13 4.47904e-13 3.44296e-13 2.64649e-13 2.03423e-13 1.56358e-13 1.20179e-13 9.23702e-14 7.09945e-14 5.45644e-14 4.19358e-14 3.22294e-14 2.47691e-14 1.90354e-14 1.46286e-14 1.12418e-14 8.63897e-15 6.63864e-15 5.10139e-15 3.92003e-15 3.01219e-15 2.31456e-15 1.77847e-15 1.36652e-15 1.04997e-15 8.06738e-16 6.1984e-16 4.76232e-16 3.6589e-16 2.8111e-16 2.1597e-16 1.65922e-16 1.27469e-16 9.79269e-17 7.523e-17 5.77927e-17
0.000380114 8.68359e-06 6.68899e-06 5.15233e-06 3.96851e-06 3.05656e-06 2.35407e-06 1.81296e-06 1.39617e-06 1.07516e-06 8.27923e-07 6.37513e-07 4.90876e-07 3.77953e-07 2.90996e-07 2.24037e-07 1.72479e-07 1.32781e-07 1.02217e-07 7.8685e-08 6.05685e-08 4.66214e-08 3.58847e-08 2.76197e-08 2.12576e-08 1.63604e-08 1.2591e-08 9.68974e-09 7.45675e-09 5.73818e-09 4.41554e-09 3.39767e-09 2.61435e-09 2.01157e-09 1.54772e-09 1.19079e-09 9.16151e-10 7.04832e-10 5.4224e-10 4.17143e-10 3.20898e-10 2.46852e-10 1.89886e-10 1.46062e-10 1.1235e-10 8.64159e-11 6.64667e-11 5.11214e-11 3.93179e-11 3.0239e-11 2.32559e-11 1.78849e-11 1.3754e-11 1.0577e-11 8.13365e-12 6.25456e-12 4.80948e-12 3.69819e-12 2.84361e-12 2.18645e-12 1.68113e-12 1.29256e-12 9.93782e-13 7.6405e-13 5.87412e-13 4.516e-13 3.47181e-13 2.669e-13 2.05179e-13 1.57727e-13 1.21247e-13 9.32023e-14 7.1643e-14 5.50695e-14 4.23292e-14 3.25357e-14 2.50076e-14 1.9221e-14 1.4773e-14 1.13542e-14 8.72637e-15 6.70661e-15 5.15423e-15 3.96111e-15 3.04412e-15 2.33937e-15 1.79774e-15 1.38149e-15 1.0616e-15 8.15768e-16 6.26851e-16 4.81675e-16 3.70115e-16 2.84388e-16 2.18514e-16 1.67896e-16 1.29001e-16 9.91146e-17 7.6151e-17 5.85069e-17 4.49501e-17
0.000290676 6.67982e-06 5.14617e-06 3.96445e-06 3.05396e-06 2.35248e-06 1.81204e-06 1.39571e-06 1.07498e-06 8.27923e-07 6.37619e-07 4.91039e-07 3.7814e-07 2.91187e-07 2.24221e-07 1.72648e-07 1.32933e-07 1.0235e-07 7.87999e-08 6.06664e-08 4.67041e-08 3.59539e-08 2.76773e-08 2.13051e-08 1.63995e-08 1.2623e-08 9.71583e-09 7.47795e-09 5.75535e-09 4.42941e-09 3.40884e-09 2.62334e-09 2.01877e-09 1.55349e-09 1.1954e-09 9.19832e-10 7.07765e-10 5.44574e-10 4.18998e-10 3.2237e-10 2.48019e-10 1.90811e-10 1.46794e-10 1.12928e-10 8.68727e-11 6.68272e-11 5.14057e-11 3.95419e-11 3.04154e-11 2.33947e-11 1.79941e-11 1.38398e-11 1.06444e-11 8.18655e-12 6.29607e-12 4.84203e-12 3.7237e-12 2.8636e-12 2.20211e-12 1.69338e-12 1.30215e-12 1.00128e-12 7.69917e-13 5.91998e-13 4.55183e-13 3.4998e-13 2.69085e-13 2.06884e-13 1.59058e-13 1.22285e-13 9.40122e-14 7.22744e-14 5.55617e-14 4.27128e-14 3.28345e-14 2.52404e-14 1.94022e-14 1.49141e-14 1.1464e-14 8.81183e-15 6.77309e-15 5.20595e-15 4.00133e-15 3.07539e-15 2.36368e-15 1.81664e-15 1.39618e-15 1.07301e-15 8.24632e-16 6.33736e-16 4.87022e-16 3.74267e-16 2.87611e-16 2.21016e-16 1.69837e-16 1.30507e-16 1.00284e-16 7.7058e-17 5.92104e-17 4.54958e-17 3.49572e-17
0.000222281 5.13825e-06 3.95905e-06 3.05034e-06 2.35009e-06 1.81052e-06 1.39477e-06 1.07444e-06 8.27647e-07 6.37513e-07 4.91039e-07 3.78202e-07 2.91283e-07 2.24331e-07 1.72761e-07 1.33041e-07 1.0245e-07 7.88892e-08 6.07448e-08 4.67718e-08 3.60117e-08 2.7726e-08 2.13459e-08 1.64334e-08 1.2651e-08 9.73888e-09 7.49683e-09 5.77074e-09 4.44192e-09 3.41897e-09 2.63152e-09 2.02537e-09 1.55879e-09 1.19966e-09 9.23237e-10 7.10487e-10 5.46746e-10 4.20729e-10 3.23748e-10 2.49114e-10 1.9168e-10 1.47483e-10 1.13474e-10 8.73047e-11 6.71687e-11 5.16754e-11 3.97548e-11 3.05833e-11 2.3527e-11 1.80983e-11 1.39218e-11 1.07089e-11 8.23723e-12 6.33588e-12 4.87329e-12 3.74823e-12 2.88283e-12 2.21719e-12 1.7052e-12 1.31141e-12 1.00853e-12 7.75586e-13 5.96432e-13 4.58651e-13 3.52691e-13 2.71204e-13 2.08539e-13 1.6035e-13 1.23294e-13 9.47993e-14 7.28885e-14 5.60407e-14 4.30862e-14 3.31257e-14 2.54672e-14 1.9579e-14 1.50518e-14 1.15712e-14 8.89531e-15 6.83808e-15 5.25652e-15 4.04068e-15 3.106e-15 2.38749e-15 1.83515e-15 1.41057e-15 1.0842e-15 8.33326e-16 6.40491e-16 4.9227e-16 3.78343e-16 2.90777e-16 2.23474e-16 1.71746e-16 1.31989e-16 1.01434e-16 7.79505e-17 5.99029e-17 4.60331e-17 3.5374e-17 2.71826e-17
0.00016998 3.95231e-06 3.04568e-06 2.34691e-06 1.80838e-06 1.39336e-06 1.07354e-06 8.27095e-07 6.37195e-07 4.90876e-07 3.7814e-07 2.91283e-07 2.24368e-07 1.72818e-07 1.33106e-07 1.02516e-07 7.89531e-08 6.08036e-08 4.68245e-08 3.60579e-08 2.77659e-08 2.138e-08 1.64622e-08 1.26751e-08 9.75888e-09 7.51336e-09 5.78433e-09 4.45305e-09 3.42805e-09 2.6389e-09 2.03134e-09 1.56362e-09 1.20355e-09 9.26364e-10 7.12996e-10 5.48756e-10 4.22336e-10 3.2503e-10 2.50135e-10 1.92493e-10 1.48129e-10 1.13987e-10 8.77115e-11 6.7491e-11 5.19305e-11 3.99565e-11 3.07425e-11 2.36527e-11 1.81974e-11 1.4e-11 1.07704e-11 8.28566e-12 6.37397e-12 4.90323e-12 3.77175e-12 2.9013e-12 2.23168e-12 1.71656e-12 1.32032e-12 1.01551e-12 7.81055e-13 6.00715e-13 4.62002e-13 3.55312e-13 2.73254e-13 2.10142e-13 1.61603e-13 1.24272e-13 9.55633e-14 7.34849e-14 5.65062e-14 4.34494e-14 3.3409e-14 2.56881e-14 1.97512e-14 1.5186e-14 1.16758e-14 8.97677e-15 6.90152e-15 5.30592e-15 4.07913e-15 3.13593e-15 2.41077e-15 1.85327e-15 1.42466e-15 1.09516e-15 8.41845e-16 6.47114e-16 4.97417e-16 3.82343e-16 2.93885e-16 2.25888e-16 1.73621e-16 1.33445e-16 1.02564e-16 7.88282e-17 6.05842e-17 4.65618e-17 3.57843e-17 2.7501e-17 2.11347e-17
0.000129985 3.03999e-06 2.34294e-06 1.80564e-06 1.39149e-06 1.07228e-06 8.26267e-07 6.36666e-07 4.90551e-07 3.77953e-07 2.91187e-07 2.24331e-07 1.72818e-07 1.33128e-07 1.0255e-07 7.89914e-08 6.08428e-08 4.68621e-08 3.60926e-08 2.77969e-08 2.14072e-08 1.64857e-08 1.26952e-08 9.77583e-09 7.52755e-09 5.79613e-09 4.4628e-09 3.43607e-09 2.64546e-09 2.0367e-09 1.56797e-09 1.20707e-09 9.29212e-10 7.15291e-10 5.50601e-10 4.23816e-10 3.26216e-10 2.51084e-10 1.9325e-10 1.48733e-10 1.14467e-10 8.8093e-11 6.77939e-11 5.21707e-11 4.01468e-11 3.08931e-11 2.37718e-11 1.82915e-11 1.40742e-11 1.0829e-11 8.33181e-12 6.41032e-12 4.93184e-12 3.79425e-12 2.91899e-12 2.24558e-12 1.72748e-12 1.32888e-12 1.02223e-12 7.86322e-13 6.04842e-13 4.65235e-13 3.57844e-13 2.75235e-13 2.11692e-13 1.62815e-13 1.2522e-13 9.63039e-14 7.40635e-14 5.6958e-14 4.38022e-14 3.36843e-14 2.5903e-14 1.99188e-14 1.53167e-14 1.17777e-14 9.05618e-15 6.9634e-15 5.35412e-15 4.11668e-15 3.16516e-15 2.43353e-15 1.87098e-15 1.43844e-15 1.10588e-15 8.50187e-16 6.53601e-16 5.02461e-16 3.86264e-16 2.96933e-16 2.28257e-16 1.75461e-16 1.34875e-16 1.03675e-16 7.96906e-17 6.12538e-17 4.70817e-17 3.61879e-17 2.78142e-17 2.13778e-17 1.64305e-17
9.94e-05 2.33818e-06 1.80229e-06 1.38915e-06 1.07067e-06 8.25163e-07 6.35925e-07 4.90063e-07 3.77641e-07 2.90996e-07 2.24221e-07 1.72761e-07 1.33106e-07 1.0255e-07 7.90042e-08 6.08624e-08 4.68847e-08 3.61157e-08 2.78191e-08 2.14277e-08 1.6504e-08 1.27112e-08 9.7897e-09 7.53938e-09 5.80612e-09 4.47117e-09 3.44303e-09 2.65121e-09 2.04143e-09 1.57184e-09 1.21023e-09 9.3178e-10 7.17372e-10 5.52282e-10 4.25171e-10 3.27305e-10 2.51958e-10 1.9395e-10 1.49292e-10 1.14914e-10 8.84491e-11 6.80773e-11 5.2396e-11 4.03256e-11 3.1035e-11 2.38841e-11 1.83804e-11 1.41445e-11 1.08845e-11 8.37567e-12 6.44492e-12 4.95911e-12 3.81573e-12 2.9359e-12 2.25887e-12 1.73793e-12 1.33709e-12 1.02868e-12 7.91384e-13 6.08812e-13 4.68349e-13 3.60283e-13 2.77146e-13 2.13188e-13 1.63986e-13 1.26137e-13 9.70207e-14 7.46239e-14 5.7396e-14 4.41444e-14 3.39515e-14 2.61116e-14 2.00816e-14 1.54438e-14 1.18768e-14 9.1335e-15 7.02368e-15 5.40111e-15 4.15329e-15 3.19369e-15 2.45575e-15 1.88828e-15 1.45191e-15 1.11636e-15 8.58346e-16 6.59949e-16 5.074e-16 3.90105e-16 2.99919e-16 2.30579e-16 1.77266e-16 1.36278e-16 1.04765e-16 8.05374e-17 6.19116e-17 4.75925e-17 3.65846e-17 2.81222e-17 2.16169e-17 1.66161e-17 1.2772e-17
7.60118e-05 1.79833e-06 1.38635e-06 1.06869e-06 8.23785e-07 6.34972e-07 4.89413e-07 3.77204e-07 2.90708e-07 2.24037e-07 1.72648e-07 1.33041e-07 1.02516e-07 7.89914e-08 6.08624e-08 4.68922e-08 3.61273e-08 2.78325e-08 2.14413e-08 1.65171e-08 1.27233e-08 9.8005e-09 7.54885e-09 5.8143e-09 4.47815e-09 3.44892e-09 2.65615e-09 2.04553e-09 1.57523e-09 1.21302e-09 9.34065e-10 7.19236e-10 5.53797e-10 4.26399e-10 3.28297e-10 2.52757e-10 1.94592e-10 1.49808e-10 1.15327e-10 8.87795e-11 6.8341e-11 5.26062e-11 4.0493e-11 3.1168e-11 2.39898e-11 1.84642e-11 1.42109e-11 1.09371e-11 8.41722e-12 6.47774e-12 4.98502e-12 3.83617e-12 2.95201e-12 2.27156e-12 1.74792e-12 1.34495e-12 1.03486e-12 7.96238e-13 6.12624e-13 4.7134e-13 3.62631e-13 2.78987e-13 2.14631e-13 1.65116e-13 1.27021e-13 9.77133e-14 7.51659e-14 5.78199e-14 4.44758e-14 3.42106e-14 2.6314e-14 2.02397e-14 1.55672e-14 1.19732e-14 9.20869e-15 7.08234e-15 5.44686e-15 4.18896e-15 3.2215e-15 2.47742e-15 1.90517e-15 1.46506e-15 1.12661e-15 8.6632e-16 6.66156e-16 5.1223e-16 3.93864e-16 3.02843e-16 2.32853e-16 1.79035e-16 1.37653e-16 1.05834e-16 8.13681e-17 6.25572e-17 4.80941e-17 3.69742e-17 2.84248e-17 2.18519e-17 1.67986e-17 1.29136e-17 9.92697e-18
5.81266e-05 1.38308e-06 1.06636e-06 8.22133e-07 6.33809e-07 4.88601e-07 3.76643e-07 2.90325e-07 2.2378e-07 1.72479e-07 1.32933e-07 1.0245e-07 7.89531e-08 6.08428e-08 4.68847e-08 3.61273e-08 2.78369e-08 2.14481e-08 1.65249e-08 1.27313e-08 9.80822e-09 7.55596e-09 5.82067e-09 4.48373e-09 3.45375e-09 2.66027e-09 2.04901e-09 1.57815e-09 1.21544e-09 9.36068e-10 7.20883e-10 5.55146e-10 4.27499e-10 3.29191e-10 2.53482e-10 1.95178e-10 1.5028e-10 1.15706e-10 8.90841e-11 6.8585e-11 5.28013e-11 4.06487e-11 3.12921e-11 2.40886e-11 1.85427e-11 1.42733e-11 1.09866e-11 8.45642e-12 6.50877e-12 5.00956e-12 3.85556e-12 2.96732e-12 2.28364e-12 1.75744e-12 1.35245e-12 1.04076e-12 8.00882e-13 6.16276e-13 4.7421e-13 3.64884e-13 2.80755e-13 2.16018e-13 1.66204e-13 1.27874e-13 9.83815e-14 7.56891e-14 5.82295e-14 4.47963e-14 3.44613e-14 2.65101e-14 2.03929e-14 1.5687e-14 1.20667e-14 9.28172e-15 7.13935e-15 5.49135e-15 4.22367e-15 3.24857e-15 2.49853e-15 1.92162e-15 1.47789e-15 1.1366e-15 8.74105e-16 6.72219e-16 5.16951e-16 3.97539e-16 3.05704e-16 2.35079e-16 1.80766e-16 1.38999e-16 1.06881e-16 8.21825e-17 6.31903e-17 4.85862e-17 3.73566e-17 2.8722e-17 2.20827e-17 1.69779e-17 1.30529e-17 1.00351e-17 7.71488e-18
4.44498e-05 1.06368e-06 8.20208e-07 6.32436e-07 4.87628e-07 3.75958e-07 2.89847e-07 2.23449e-07 1.72253e-07 1.32781e-07 1.0235e-07 7.88892e-08 6.08036e-08 4.68621e-08 3.61157e-08 2.78325e-08 2.14481e-08 1.65276e-08 1.27353e-08 9.81285e-09 7.56071e-09 5.82522e-09 4.48793e-09 3.4575e-09 2.66356e-09 2.05186e-09 1.58057e-09 1.21749e-09 9.37786e-10 7.22312e-10 5.56327e-10 4.2847e-10 3.29987e-10 2.54131e-10 1.95706e-10 1.50708e-10 1.16052e-10 8.93627e-11 6.8809e-11 5.29811e-11 4.07927e-11 3.14073e-11 2.41805e-11 1.86161e-11 1.43317e-11 1.1033e-11 8.49327e-12 6.538e-12 5.03272e-12 3.8739e-12 2.98182e-12 2.2951e-12 1.76649e-12 1.35959e-12 1.04639e-12 8.05314e-13 6.19765e-13 4.76955e-13 3.67042e-13 2.82451e-13 2.1735e-13 1.6725e-13 1.28695e-13 9.90249e-14 7.61934e-14 5.86246e-14 4.51058e-14 3.47036e-14 2.66996e-14 2.05412e-14 1.58029e-14 1.21573e-14 9.35255e-15 7.19468e-15 5.53456e-15 4.25741e-15 3.2749e-15 2.51907e-15 1.93764e-15 1.49038e-15 1.14634e-15 8.81697e-16 6.78135e-16 5.2156e-16 4.01128e-16 3.08498e-16 2.37254e-16 1.8246e-16 1.40317e-16 1.07906e-16 8.29801e-17 6.38106e-17 4.90685e-17 3.77316e-17 2.90135e-17 2.23093e-17 1.71539e-17 1.31896e-17 1.01413e-17 7.79739e-18 5.99509e-18
3.3991e-05 8.18011e-07 6.30854e-07 4.86494e-07 3.75149e-07 2.89274e-07 2.23045e-07 1.71972e-07 1.32587e-07 1.02217e-07 7.87999e-08 6.07448e-08 4.68245e-08 3.60926e-08 2.78191e-08 2.14413e-08 1.65249e-08 1.27353e-08 9.81439e-09 7.56308e-09 5.82795e-09 4.49072e-09 3.46019e-09 2.66604e-09 2.05407e-09 1.58252e-09 1.21917e-09 9.39219e-10 7.23522e-10 5.57341e-10 4.29314e-10 3.30684e-10 2.54704e-10 1.96176e-10 1.51091e-10 1.16364e-10 8.96151e-11 6.90131e-11 5.31456e-11 4.0925e-11 3.15135e-11 2.42656e-11 1.86841e-11 1.4386e-11 1.10763e-11 8.52775e-12 6.56541e-12 5.05449e-12 3.89116e-12 2.9955e-12 2.30593e-12 1.77505e-12 1.36636e-12 1.05173e-12 8.09532e-13 6.2309e-13 4.79574e-13 3.69105e-13 2.84074e-13 2.18626e-13 1.68253e-13 1.29482e-13 9.96432e-14 7.66786e-14 5.90051e-14 4.5404e-14 3.49372e-14 2.68827e-14 2.06845e-14 1.59151e-14 1.22451e-14 9.42115e-15 7.24831e-15 5.57647e-15 4.29015e-15 3.30046e-15 2.53903e-15 1.95322e-15 1.50254e-15 1.15582e-15 8.89092e-16 6.83901e-16 5.26054e-16 4.0463e-16 3.11227e-16 2.3938e-16 1.84115e-16 1.41606e-16 1.08909e-16 8.37606e-17 6.44179e-17 4.9541e-17 3.80991e-17 2.92992e-17 2.25314e-17 1.73266e-17 1.33239e-17 1.02456e-17 7.87843e-18 6.05804e-18 4.65819e-18
2.59931e-05 6.29064e-07 4.85199e-07 3.74217e-07 2.88605e-07 2.22569e-07 1.71634e-07 1.32349e-07 1.02051e-07 7.8685e-08 6.06664e-08 4.67718e-08 3.60579e-08 2.77969e-08 2.14277e-08 1.65171e-08 1.27313e-08 9.81285e-09 7.56308e-09 5.82886e-09 4.49212e-09 3.4618e-09 2.66769e-09 2.05566e-09 1.58398e-09 1.22048e-09 9.40366e-10 7.24513e-10 5.58187e-10 4.30028e-10 3.31282e-10 2.55202e-10 1.96587e-10 1.51429e-10 1.16641e-10 8.98414e-11 6.9197e-11 5.32947e-11 4.10455e-11 3.16107e-11 2.43437e-11 1.87468e-11 1.44362e-11 1.11164e-11 8.55983e-12 6.59099e-12 5.07485e-12 3.90736e-12 3.00836e-12 2.31614e-12 1.78314e-12 1.37276e-12 1.0568e-12 8.13533e-13 6.2625e-13 4.82067e-13 3.7107e-13 2.85623e-13 2.19846e-13 1.69212e-13 1.30237e-13 1.00236e-13 7.71443e-14 5.93707e-14 4.56909e-14 3.51623e-14 2.70591e-14 2.08228e-14 1.60233e-14 1.23298e-14 9.4875e-15 7.30021e-15 5.61706e-15 4.32188e-15 3.32526e-15 2.55841e-15 1.96836e-15 1.51436e-15 1.16504e-15 8.96288e-16 6.89515e-16 5.30432e-16 4.08044e-16 3.13888e-16 2.41453e-16 1.8573e-16 1.42864e-16 1.09889e-16 8.45237e-17 6.50119e-17 5.00033e-17 3.84588e-17 2.9579e-17 2.27491e-17 1.74959e-17 1.34555e-17 1.0348e-17 7.95796e-18 6.11985e-18 4.70622e-18 3.61905e-18
1.98771e-05 4.83745e-07 3.73162e-07 2.87843e-07 2.22019e-07 1.7124e-07 1.32068e-07 1.01852e-07 7.85448e-08 6.05685e-08 4.67041e-08 3.60117e-08 2.77659e-08 2.14072e-08 1.6504e-08 1.27233e-08 9.80822e-09 7.56071e-09 5.82795e-09 4.49212e-09 3.46234e-09 2.66851e-09 2.05661e-09 1.58495e-09 1.22142e-09 9.41227e-10 7.25285e-10 5.58864e-10 4.30613e-10 3.31781e-10 2.55624e-10 1.9694e-10 1.51723e-10 1.16884e-10 9.00413e-11 6.93607e-11 5.34282e-11 4.11541e-11 3.16987e-11 2.44149e-11 1.88042e-11 1.44824e-11 1.11535e-11 8.5895e-12 6.61473e-12 5.09381e-12 3.92247e-12 3.02039e-12 2.3257e-12 1.79074e-12 1.37879e-12 1.06157e-12 8.17316e-13 6.29242e-13 4.84432e-13 3.72938e-13 2.87096e-13 2.21008e-13 1.70128e-13 1.30958e-13 1.00803e-13 7.75904e-14 5.97214e-14 4.59664e-14 3.53785e-14 2.72288e-14 2.09559e-14 1.61277e-14 1.24116e-14 9.55155e-15 7.35036e-15 5.65631e-15 4.35259e-15 3.34928e-15 2.57719e-15 1.98303e-15 1.52582e-15 1.174e-15 9.03281e-16 6.94973e-16 5.34692e-16 4.11367e-16 3.1648e-16 2.43474e-16 1.87306e-16 1.44092e-16 1.10846e-16 8.5269e-17 6.55923e-17 5.04552e-17 3.88106e-17 2.98529e-17 2.29622e-17 1.76617e-17 1.35844e-17 1.04483e-17 8.03595e-18 6.18048e-18 4.75334e-18 3.65568e-18 2.81144e-18
1.52001e-05 3.71984e-07 2.86986e-07 2.21398e-07 1.7079e-07 1.31744e-07 1.0162e-07 7.83793e-08 6.04511e-08 4.66214e-08 3.59539e-08 2.7726e-08 2.138e-08 1.64857e-08 1.27112e-08 9.8005e-09 7.55596e-09 5.82522e-09 4.49072e-09 3.4618e-09 2.66851e-09 2.05692e-09 1.58544e-09 1.22198e-09 9.41801e-10 7.25836e-10 5.59372e-10 4.31068e-10 3.32181e-10 2.55969e-10 1.97235e-10 1.51972e-10 1.17092e-10 9.02147e-11 6.95042e-11 5.35463e-11 4.12508e-11 3.17776e-11 2.4479e-11 1.88561e-11 1.45244e-11 1.11874e-11 8.61676e-12 6.63661e-12 5.11134e-12 3.93649e-12 3.03159e-12 2.33463e-12 1.79785e-12 1.38444e-12 1.06606e-12 8.20879e-13 6.32066e-13 4.86668e-13 3.74707e-13 2.88494e-13 2.22112e-13 1.70999e-13 1.31645e-13 1.01345e-13 7.80166e-14 6.00568e-14 4.62302e-14 3.55859e-14 2.73917e-14 2.10838e-14 1.62281e-14 1.24903e-14 9.61327e-15 7.39874e-15 5.69421e-15 4.38226e-15 3.37251e-15 2.59536e-15 1.99725e-15 1.53694e-15 1.18269e-15 9.10068e-16 7.00275e-16 5.38831e-16 4.14599e-16 3.19002e-16 2.45442e-16 1.88841e-16 1.45289e-16 1.11779e-16 8.59961e-17 6.61589e-17 5.08966e-17 3.91544e-17 3.01206e-17 2.31706e-17 1.78239e-17 1.37107e-17 1.05465e-17 8.11236e-18 6.23991e-18 4.79956e-18 3.69161e-18 2.83937e-18 2.18384e-18
1.16236e-05 2.86035e-07 2.20704e-07 1.70285e-07 1.31378e-07 1.01355e-07 7.81885e-08 6.03143e-08 4.65239e-08 3.58847e-08 2.76773e-08 2.13459e-08 1.64622e-08 1.26952e-08 9.7897e-09 7.54885e-09 5.82067e-09 4.48793e-09 3.46019e-09 2.66769e-09 2.05661e-09 1.58544e-09 1.22216e-09 9.42088e-10 7.26167e-10 5.59711e-10 4.31394e-10 3.32481e-10 2.56238e-10 1.97471e-10 1.52176e-10 1.17266e-10 9.03616e-11 6.96273e-11 5.36487e-11 4.13355e-11 3.18472e-11 2.45361e-11 1.89027e-11 1.45623e-11 1.12181e-11 8.64158e-12 6.65662e-12 5.12744e-12 3.94942e-12 3.04195e-12 2.34292e-12 1.80447e-12 1.38972e-12 1.07027e-12 8.24221e-13 6.3472e-13 4.88774e-13 3.76376e-13 2.89816e-13 2.23157e-13 1.71825e-13 1.32297e-13 1.0186e-13 7.84229e-14 6.03769e-14 4.64822e-14 3.57842e-14 2.75477e-14 2.12064e-14 1.63244e-14 1.2566e-14 9.67265e-15 7.44531e-15 5.73073e-15 4.41088e-15 3.39493e-15 2.61292e-15 2.01099e-15 1.54769e-15 1.1911e-15 9.16646e-16 7.05416e-16 5.42849e-16 4.17737e-16 3.21452e-16 2.47355e-16 1.90334e-16 1.46454e-16 1.12688e-16 8.67048e-17 6.67114e-17 5.13273e-17 3.949e-17 3.0382e-17 2.33742e-17 1.79825e-17 1.38342e-17 1.06426e-17 8.18715e-18 6.29811e-18 4.84483e-18 3.72683e-18 2.86676e-18 2.20513e-18 1.69617e-18
8.88866e-06 2.19939e-07 1.69725e-07 1.30969e-07 1.01057e-07 7.79726e-08 6.01581e-08 4.64114e-08 3.58041e-08 2.76197e-08 2.13051e-08 1.64334e-08 1.26751e-08 9.77583e-09 7.53938e-09 5.8143e-09 4.48373e-09 3.4575e-09 2.66604e-09 2.05566e-09 1.58495e-09 1.22198e-09 9.42088e-10 7.26277e-10 5.5988e-10 4.31589e-10 3.32681e-10 2.5643e-10 1.97648e-10 1.52334e-10 1.17405e-10 9.04819e-11 6.97299e-11 5.37354e-11 4.14082e-11 3.19077e-11 2.45861e-11 1.89439e-11 1.4596e-11 1.12456e-11 8.66395e-12 6.67476e-12 5.1421e-12 3.96124e-12 3.05146e-12 2.35055e-12 1.81058e-12 1.39461e-12 1.07418e-12 8.27339e-13 6.37203e-13 4.90749e-13 3.77945e-13 2.91061e-13 2.24144e-13 1.72607e-13 1.32916e-13 1.02348e-13 7.88088e-14 6.06815e-14 4.67225e-14 3.59735e-14 2.76968e-14 2.13237e-14 1.64167e-14 1.26385e-14 9.72965e-15 7.49007e-15 5.76586e-15 4.43844e-15 3.41654e-15 2.62986e-15 2.02426e-15 1.55808e-15 1.19923e-15 9.23012e-16 7.10395e-16 5.46743e-16 4.2078e-16 3.23831e-16 2.49213e-16 1.91785e-16 1.47587e-16 1.13572e-16 8.73947e-17 6.72496e-17 5.1747e-17 3.98172e-17 3.06371e-17 2.3573e-17 1.81374e-17 1.39548e-17 1.07365e-17 8.26031e-18 6.35505e-18 4.88915e-18 3.76131e-18 2.89359e-18 2.226e-18 1.7124e-18 1.31728e-18
6.79721e-06 1.6911e-07 1.30518e-07 1.00727e-07 7.77316e-08 5.99827e-08 4.62841e-08 3.57121e-08 2.75534e-08 2.12576e-08 1.63995e-08 1.2651e-08 9.75888e-09 7.52755e-09 5.80612e-09 4.47815e-09 3.45375e-09 2.66356e-09 2.05407e-09 1.58398e-09 1.22142e-09 9.41801e-10 7.26167e-10 5.5988e-10 4.31654e-10 3.32781e-10 2.56545e-10 1.97766e-10 1.52448e-10 1.1751e-10 9.05755e-11 6.98121e-11 5.38064e-11 4.14688e-11 3.19589e-11 2.4629e-11 1.89796e-11 1.46255e-11 1.12699e-11 8.68386e-12 6.69101e-12 5.15531e-12 3.97195e-12 3.06012e-12 2.35754e-12 1.81621e-12 1.39913e-12 1.07779e-12 8.30232e-13 6.39514e-13 4.92592e-13 3.79413e-13 2.92229e-13 2.25072e-13 1.73343e-13 1.33499e-13 1.02811e-13 7.91744e-14 6.09705e-14 4.69507e-14 3.61537e-14 2.78388e-14 2.14357e-14 1.65049e-14 1.2708e-14 9.78424e-15 7.53299e-15 5.79958e-15 4.46493e-15 3.43733e-15 2.64616e-15 2.03705e-15 1.56811e-15 1.20709e-15 9.29162e-16 7.1521e-16 5.5051e-16 4.23728e-16 3.26136e-16 2.51015e-16 1.93193e-16 1.48687e-16 1.14431e-16 8.80655e-17 6.77732e-17 5.21556e-17 4.0136e-17 3.08857e-17 2.37669e-17 1.82885e-17 1.40726e-17 1.08283e-17 8.33178e-18 6.41072e-18 4.9325e-18 3.79506e-18 2.91985e-18 2.24644e-18 1.7283e-18 1.32965e-18 1.02293e-18
5.19787e-06 1.30025e-07 1.00365e-07 7.74658e-08 5.97882e-08 4.61421e-08 3.56087e-08 2.74784e-08 2.12033e-08 1.63604e-08 1.2623e-08 9.73888e-09 7.51336e-09 5.79613e-09 4.47117e-09 3.44892e-09 2.66027e-09 2.05186e-09 1.58252e-09 1.22048e-09 9.41227e-10 7.25836e-10 5.59711e-10 4.31589e-10 3.32781e-10 2.56583e-10 1.97825e-10 1.52516e-10 1.1758e-10 9.06424e-11 6.98738e-11 5.38617e-11 4.15173e-11 3.20009e-11 2.46648e-11 1.90098e-11 1.46509e-11 1.1291e-11 8.70131e-12 6.70537e-12 5.16708e-12 3.98155e-12 3.06793e-12 2.36387e-12 1.82132e-12 1.40325e-12 1.08111e-12 8.32899e-13 6.41652e-13 4.94302e-13 3.80778e-13 2.93318e-13 2.25939e-13 1.74033e-13 1.34047e-13 1.03246e-13 7.95193e-14 6.12437e-14 4.71669e-14 3.63246e-14 2.79738e-14 2.15422e-14 1.65889e-14 1.27742e-14 9.83641e-15 7.57405e-15 5.83188e-15 4.49032e-15 3.45728e-15 2.66183e-15 2.04935e-15 1.57776e-15 1.21466e-15 9.35094e-16 7.19858e-16 5.54151e-16 4.26578e-16 3.28366e-16 2.5276e-16 1.94558e-16 1.49754e-16 1.15265e-16 8.8717e-17 6.8282e-17 5.25529e-17 4.04461e-17 3.11277e-17 2.39557e-17 1.84357e-17 1.41874e-17 1.09178e-17 8.40155e-18 6.46508e-18 4.97485e-18 3.82804e-18 2.94554e-18 2.26644e-18 1.74387e-18 1.34176e-18 1.03236e-18 7.9428e-19
3.97484e-06 9.99699e-08 7.71751e-08 5.95745e-08 4.59854e-08 3.5494e-08 2.73946e-08 2.11424e-08 1.63162e-08 1.2591e-08 9.71583e-09 7.49683e-09 5.78433e-09 4.4628e-09 3.44303e-09 2.65615e-09 2.04901e-09 1.58057e-09 1.21917e-09 9.40366e-10 7.25285e-10 5.59372e-10 4.31394e-10 3.32681e-10 2.56545e-10 1.97825e-10 1.52539e-10 1.17614e-10 9.06826e-11 6.99149e-11 5.39012e-11 4.15537e-11 3.20335e-11 2.46935e-11 1.90346e-11 1.4672e-11 1.13088e-11 8.71628e-12 6.71782e-12 5.17738e-12 3.99004e-12 3.07488e-12 2.36954e-12 1.82594e-12 1.40699e-12 1.08414e-12 8.35338e-13 6.43614e-13 4.95878e-13 3.82042e-13 2.94329e-13 2.26747e-13 1.74677e-13 1.3456e-13 1.03654e-13 7.98435e-14 6.1501e-14 4.73709e-14 3.64861e-14 2.81017e-14 2.16433e-14 1.66688e-14 1.28372e-14 9.88612e-15 7.61323e-15 5.86274e-15 4.51461e-15 3.47639e-15 2.67686e-15 2.06116e-15 1.58703e-15 1.22193e-15 9.40806e-16 7.24338e-16 5.57662e-16 4.2933e-16 3.30522e-16 2.54448e-16 1.95878e-16 1.50787e-16 1.16073e-16 8.93487e-17 6.87758e-17 5.29387e-17 4.07474e-17 3.1363e-17 2.41394e-17 1.85791e-17 1.42992e-17 1.1005e-17 8.46958e-18 6.51812e-18 5.01619e-18 3.86025e-18 2.97063e-18 2.28599e-18 1.75909e-18 1.35362e-18 1.04158e-18 8.0146e-19 6.16684e-19
3.03958e-06 7.68599e-08 5.93419e-08 4.5814e-08 3.5368e-08 2.73023e-08 2.10747e-08 1.62668e-08 1.25551e-08 9.68974e-09 7.47795e-09 5.77074e-09 4.45305e-09 3.43607e-09 2.65121e-09 2.04553e-09 1.57815e-09 1.21749e-09 9.39219e-10 7.24513e-10 5.58864e-10 4.31068e-10 3.32481e-10 2.5643e-10 1.97766e-10 1.52516e-10 1.17614e-10 9.0696e-11 6.99355e-11 5.39249e-11 4.1578e-11 3.20568e-11 2.4715e-11 1.90539e-11 1.46889e-11 1.13235e-11 8.72877e-12 6.72838e-12 5.18623e-12 3.9974e-12 3.08097e-12 2.37455e-12 1.83004e-12 1.41035e-12 1.08686e-12 8.37549e-13 6.45402e-13 4.9732e-13 3.83202e-13 2.9526e-13 2.27493e-13 1.75274e-13 1.35038e-13 1.04034e-13 8.01468e-14 6.17422e-14 4.75626e-14 3.66383e-14 2.82223e-14 2.17389e-14 1.67444e-14 1.2897e-14 9.93335e-15 7.65051e-15 5.89215e-15 4.53779e-15 3.49465e-15 2.69123e-15 2.07246e-15 1.59592e-15 1.22892e-15 9.46294e-16 7.28646e-16 5.61043e-16 4.31981e-16 3.326e-16 2.56076e-16 1.97154e-16 1.51786e-16 1.16855e-16 8.99605e-17 6.92543e-17 5.33128e-17 4.10399e-17 3.15915e-17 2.43178e-17 1.87184e-17 1.4408e-17 1.109e-17 8.53584e-18 6.5698e-18 5.05649e-18 3.89168e-18 2.99513e-18 2.30507e-18 1.77397e-18 1.3652e-18 1.0506e-18 8.08485e-19 6.22152e-19 4.78754e-19
2.32439e-06 5.90905e-08 4.56282e-08 3.52309e-08 2.72012e-08 2.10005e-08 1.62123e-08 1.25152e-08 9.66062e-09 7.45675e-09 5.75535e-09 4.44192e-09 3.42805e-09 2.64546e-09 2.04143e-09 1.57523e-09 1.21544e-09 9.37786e-10 7.23522e-10 5.58187e-10 4.30613e-10 3.32181e-10 2.56238e-10 1.97648e-10 1.52448e-10 1.1758e-10 9.06826e-11 6.99355e-11 5.39328e-11 4.15902e-11 3.20708e-11 2.47293e-11 1.90677e-11 1.47016e-11 1.13349e-11 8.73876e-12 6.73702e-12 5.1936e-12 4.00363e-12 3.08619e-12 2.3789e-12 1.83364e-12 1.41331e-12 1.08929e-12 8.39529e-13 6.47013e-13 4.98627e-13 3.84258e-13 2.96113e-13 2.28179e-13 1.75825e-13 1.35479e-13 1.04388e-13 8.04291e-14 6.19674e-14 4.77419e-14 3.6781e-14 2.83357e-14 2.18289e-14 1.68157e-14 1.29535e-14 9.97808e-15 7.68588e-15 5.92009e-15 4.55985e-15 3.51205e-15 2.70495e-15 2.08327e-15 1.60443e-15 1.23561e-15 9.51557e-16 7.32782e-16 5.64292e-16 4.34532e-16 3.34602e-16 2.57646e-16 1.98385e-16 1.5275e-16 1.1761e-16 9.05521e-17 6.97173e-17 5.36751e-17 4.13232e-17 3.18131e-17 2.4491e-17 1.88538e-17 1.45138e-17 1.11725e-17 8.6003e-18 6.62012e-18 5.09575e-18 3.9223e-18 3.01901e-18 2.3237e-18 1.78848e-18 1.37651e-18 1.05942e-18 8.15352e-19 6.275e-19 4.82919e-19 3.71642e-19
1.77747e-06 4.5428e-08 3.50827e-08 2.70917e-08 2.09196e-08 1.61528e-08 1.24714e-08 9.6285e-09 7.43324e-09 5.73818e-09 4.42941e-09 3.41897e-09 2.6389e-09 2.0367e-09 1.57184e-09 1.21302e-09 9.36068e-10 7.22312e-10 5.57341e-10 4.30028e-10 3.31781e-10 2.55969e-10 1.97471e-10 1.52334e-10 1.1751e-10 9.06424e-11 6.99149e-11 5.39249e-11 4.15902e-11 3.20755e-11 2.47365e-11 1.90759e-11 1.47101e-11 1.1343e-11 8.74626e-12 6.74374e-12 5.19951e-12 4.00873e-12 3.09055e-12 2.38258e-12 1.83673e-12 1.41588e-12 1.09142e-12 8.41279e-13 6.48447e-13 4.99797e-13 3.85211e-13 2.96885e-13 2.28804e-13 1.76329e-13 1.35884e-13 1.04713e-13 8.06901e-14 6.21763e-14 4.79088e-14 3.69141e-14 2.84417e-14 2.19132e-14 1.68828e-14 1.30067e-14 1.00203e-14 7.71932e-15 5.94655e-15 4.58077e-15 3.52858e-15 2.718e-15 2.09356e-15 1.61254e-15 1.24201e-15 9.56591e-16 7.36743e-16 5.67406e-16 4.3698e-16 3.36525e-16 2.59156e-16 1.9957e-16 1.5368e-16 1.18339e-16 9.11231e-17 7.01647e-17 5.40254e-17 4.15975e-17 3.20277e-17 2.46589e-17 1.8985e-17 1.46164e-17 1.12527e-17 8.66293e-18 6.66903e-18 5.13394e-18 3.95211e-18 3.04227e-18 2.34184e-18 1.80263e-18 1.38755e-18 1.06802e-18 8.22057e-19 6.32725e-19 4.86989e-19 3.74812e-19 2.8847e-19
1.35924e-06 3.49234e-08 2.69736e-08 2.08322e-08 1.60882e-08 1.24237e-08 9.59338e-09 7.40742e-09 5.71923e-09 4.41554e-09 3.40884e-09 2.63152e-09 2.03134e-09 1.56797e-09 1.21023e-09 9.34065e-10 7.20883e-10 5.56327e-10 4.29314e-10 3.31282e-10 2.55624e-10 1.97235e-10 1.52176e-10 1.17405e-10 9.05755e-11 6.98738e-11 5.39012e-11 4.1578e-11 3.20708e-11 2.47365e-11 1.90787e-11 1.47143e-11 1.13479e-11 8.75127e-12 6.74855e-12 5.20394e-12 4.01271e-12 3.09404e-12 2.3856e-12 1.8393e-12 1.41805e-12 1.09324e-12 8.42798e-13 6.49704e-13 5.00832e-13 3.86058e-13 2.97577e-13 2.29367e-13 1.76785e-13 1.36254e-13 1.05011e-13 8.09298e-14 6.23688e-14 4.80632e-14 3.70376e-14 2.85404e-14 2.1992e-14 1.69455e-14 1.30567e-14 1.006e-14 7.7508e-15 5.97152e-15 4.60055e-15 3.54424e-15 2.73038e-15 2.10335e-15 1.62027e-15 1.2481e-15 9.61394e-16 7.40527e-16 5.70386e-16 4.39324e-16 3.38368e-16 2.60605e-16 2.00708e-16 1.54574e-16 1.19041e-16 9.16734e-17 7.05962e-17 5.43636e-17 4.18624e-17 3.22351e-17 2.48213e-17 1.91121e-17 1.47158e-17 1.13305e-17 8.72371e-18 6.71653e-18 5.17105e-18 3.9811e-18 3.0649e-18 2.35951e-18 1.81642e-18 1.3983e-18 1.07641e-18 8.28598e-19 6.37824e-19 4.90963e-19 3.7791e-19 2.90883e-19 2.23892e-19
1.03942e-06 2.68471e-08 2.07383e-08 1.60186e-08 1.23722e-08 9.55528e-09 7.3793e-09 5.69852e-09 4.40031e-09 3.39767e-09 2.62334e-09 2.02537e-09 1.56362e-09 1.20707e-09 9.3178e-10 7.19236e-10 5.55146e-10 4.2847e-10 3.30684e-10 2.55202e-10 1.9694e-10 1.51972e-10 1.17266e-10 9.04819e-11 6.98121e-11 5.38617e-11 4.15537e-11 3.20568e-11 2.47293e-11 1.90759e-11 1.47143e-11 1.13495e-11 8.75377e-12 6.75143e-12 5.2069e-12 4.01555e-12 3.09666e-12 2.38795e-12 1.84136e-12 1.41983e-12 1.09476e-12 8.44084e-13 6.50782e-13 5.01729e-13 3.86801e-13 2.98188e-13 2.29868e-13 1.77195e-13 1.36586e-13 1.05281e-13 8.11481e-14 6.25449e-14 4.82049e-14 3.71515e-14 2.86317e-14 2.2065e-14 1.70039e-14 1.31032e-14 1.00971e-14 7.78033e-15 5.99499e-15 4.61918e-15 3.55901e-15 2.74208e-15 2.11261e-15 1.62759e-15 1.25389e-15 9.65965e-16 7.44133e-16 5.73229e-16 4.41564e-16 3.40132e-16 2.61993e-16 2.018e-16 1.55432e-16 1.19715e-16 9.22027e-17 7.10115e-17 5.46894e-17 4.21179e-17 3.24354e-17 2.49782e-17 1.9235e-17 1.4812e-17 1.14057e-17 8.7826e-18 6.76259e-18 5.20706e-18 4.00924e-18 3.08689e-18 2.37668e-18 1.82983e-18 1.40877e-18 1.08458e-18 8.34972e-19 6.42796e-19 4.9484e-19 3.80932e-19 2.93239e-19 2.25728e-19 1.73756e-19
7.94852e-07 2.0638e-08 1.5944e-08 1.23168e-08 9.51423e-09 7.34891e-09 5.67605e-09 4.38373e-09 3.38545e-09 2.61435e-09 2.01877e-09 1.55879e-09 1.20355e-09 9.29212e-10 7.17372e-10 5.53797e-10 4.27499e-10 3.29987e-10 2.54704e-10 1.96587e-10 1.51723e-10 1.17092e-10 9.03616e-11 6.97299e-11 5.38064e-11 4.15173e-11 3.20335e-11 2.4715e-11 1.90677e-11 1.47101e-11 1.13479e-11 8.75377e-12 6.75239e-12 5.20837e-12 4.01725e-12 3.0984e-12 2.38962e-12 1.84291e-12 1.42122e-12 1.09598e-12 8.45137e-13 6.51681e-13 5.02489e-13 3.87438e-13 2.98719e-13 2.30307e-13 1.77556e-13 1.36883e-13 1.05523e-13 8.13449e-14 6.27045e-14 4.8334e-14 3.72557e-14 2.87156e-14 2.21324e-14 1.70579e-14 1.31464e-14 1.01316e-14 7.80788e-15 6.01694e-15 4.63665e-15 3.5729e-15 2.75311e-15 2.12135e-15 1.63452e-15 1.25937e-15 9.70301e-16 7.4756e-16 5.75934e-16 4.43699e-16 3.41815e-16 2.63319e-16 2.02844e-16 1.56253e-16 1.20361e-16 9.27107e-17 7.14107e-17 5.50028e-17 4.23639e-17 3.26284e-17 2.51295e-17 1.93536e-17 1.49049e-17 1.14785e-17 8.83959e-18 6.80719e-18 5.24195e-18 4.03653e-18 3.10823e-18 2.39336e-18 1.84286e-18 1.41895e-18 1.09253e-18 8.41176e-19 6.47638e-19 4.98619e-19 3.83879e-19 2.95537e-19 2.2752e-19 1.75153e-19 1.34836e-19
