0.375145 0.132373 0.0467086 0.0164815 0.00581561 0.00205208 0.000724091 0.000255501 9.01552e-05 3.18119e-05 1.12251e-05 3.96084e-06 1.39761e-06 4.93157e-07 1.74014e-07 6.14021e-08 2.16662e-08 7.64506e-09 2.69761e-09 9.51873e-10 3.35875e-10 1.18516e-10 4.18192e-11 1.47562e-11 5.20683e-12 1.83727e-12 6.48293e-13 2.28755e-13 8.07177e-14 2.84818e-14 1.005e-14 3.54622e-15 1.25131e-15 4.41533e-16 1.55798e-16 5.49745e-17 1.93982e-17 6.84478e-18 2.41523e-18 8.52231e-19 3.00716e-19 1.0611e-19 3.74416e-20 1.32115e-20 4.66178e-21 1.64494e-21 5.8043e-22 2.04809e-22 7.22682e-23 2.55004e-23 8.99798e-24 3.175e-24 1.12032e-24 3.95314e-25 1.39489e-25 4.92198e-26 1.73676e-26 6.12827e-27 2.1624e-27 7.63019e-28 2.69237e-28 9.50021e-29 3.35222e-29 1.18285e-29 4.17378e-30 1.47275e-30 5.1967e-31 1.83369e-31 6.47032e-32 2.2831e-32 8.05607e-33 2.84264e-33 1.00305e-33 3.53932e-34 1.24888e-34 4.40675e-35 1.55495e-35 5.48676e-36 1.93604e-36 6.83146e-37 2.41053e-37 8.50573e-38 3.00131e-38 1.05903e-38 3.73687e-39 1.31858e-39 4.65271e-40 1.64174e-40 5.79301e-41 2.0441e-41 7.21276e-42 2.54508e-42 8.98048e-43 3.16883e-43 1.11814e-43 3.94545e-44 1.39218e-44 4.9124e-45 1.73338e-45 6.11635e-46 2.1582e-46
0.132373 0.0630832 0.0280373 0.0119319 0.00492966 0.00199331 0.000792923 0.000311394 0.00012103 4.66414e-05 1.78463e-05 6.78716e-06 2.56778e-06 9.67064e-07 3.62761e-07 1.35598e-07 5.0527e-08 1.87745e-08 6.95841e-09 2.57307e-09 9.49475e-10 3.4969e-10 1.28564e-10 4.71899e-11 1.72954e-11 6.33007e-12 2.3138e-12 8.4474e-13 3.08057e-13 1.12223e-13 4.0842e-14 1.48501e-14 5.39474e-15 1.95819e-15 7.10234e-16 2.57412e-16 9.32291e-17 3.37432e-17 1.22053e-17 4.41215e-18 1.59406e-18 5.75601e-19 2.07736e-19 7.49355e-20 2.70182e-20 9.73705e-21 3.50759e-21 1.26301e-21 4.54602e-22 1.63564e-22 5.88278e-23 2.11506e-23 7.60171e-24 2.73122e-24 9.80985e-25 3.52236e-25 1.26437e-25 4.53724e-26 1.62775e-26 5.83801e-27 2.09329e-27 7.50383e-28 2.68925e-28 9.63552e-29 3.45159e-29 1.23614e-29 4.42608e-30 1.58446e-30 5.67091e-31 2.02926e-31 7.26006e-32 2.59693e-32 9.28752e-33 3.32095e-33 1.18727e-33 4.24388e-34 1.51672e-34 5.41971e-35 1.93633e-35 6.917e-36 2.47053e-36 8.82266e-37 3.15027e-37 1.12469e-37 4.01479e-38 1.43296e-38 5.11385e-39 1.82477e-39 6.51048e-40 2.32255e-40 8.28452e-41 2.95473e-41 1.05371e-41 3.75728e-42 1.33962e-42 4.77574e-43 1.70237e-43 6.06771e-44 2.16248e-44 7.70612e-45 2.74586e-45
0.0467086 0.0280373 0.0146854 0.00712504 0.00328878 0.00146521 0.000635621 0.000270046 0.000112815 4.64788e-05 1.89262e-05 7.63009e-06 3.04959e-06 1.20967e-06 4.76649e-07 1.86703e-07 7.27439e-08 2.82073e-08 1.08904e-08 4.18802e-09 1.60475e-09 6.12862e-10 2.33342e-10 8.8592e-11 3.35474e-11 1.26725e-11 4.77619e-12 1.79629e-12 6.7423e-13 2.52596e-13 9.44675e-14 3.5271e-14 1.31484e-14 4.89426e-15 1.81925e-15 6.75335e-16 2.50379e-16 9.27162e-17 3.42938e-17 1.26708e-17 4.67668e-18 1.72441e-18 6.35229e-19 2.33789e-19 8.59685e-20 3.15857e-20 1.15956e-20 4.25363e-21 1.55921e-21 5.71133e-22 2.0906e-22 7.64748e-23 2.79568e-23 1.02138e-23 3.72932e-24 1.36088e-24 4.9633e-25 1.8092e-25 6.59137e-26 2.40019e-26 8.73582e-27 3.17801e-27 1.1556e-27 4.20017e-28 1.52594e-28 5.54147e-29 2.01157e-29 7.29917e-30 2.64755e-30 9.59955e-31 3.47936e-31 1.26065e-31 4.56601e-32 1.65323e-32 5.98396e-33 2.16523e-33 7.8322e-34 2.83224e-34 1.02388e-34 3.70033e-35 1.33693e-35 4.82901e-36 1.74377e-36 6.29514e-37 2.27201e-37 8.19794e-38 2.95728e-38 1.06653e-38 3.84552e-39 1.38623e-39 4.99593e-40 1.80012e-40 6.48475e-41 2.33557e-41 8.4101e-42 3.02776e-42 1.08982e-42 3.92195e-43 1.41113e-43 5.07634e-44 1.8258e-44
0.0164815 0.0119319 0.00712504 0.00384078 0.00193959 0.000935479 0.000435898 0.000197701 8.7732e-05 3.82351e-05 1.64115e-05 6.95289e-06 2.91248e-06 1.20794e-06 4.96607e-07 2.02569e-07 8.20494e-08 3.30229e-08 1.32143e-08 5.25993e-09 2.08361e-09 8.2171e-10 3.22727e-10 1.26269e-10 4.92288e-11 1.91297e-11 7.41067e-12 2.86254e-12 1.10273e-12 4.23718e-13 1.62421e-13 6.21183e-14 2.37064e-14 9.02878e-15 3.43206e-15 1.30222e-15 4.93238e-16 1.86513e-16 7.04161e-17 2.65448e-17 9.99218e-18 3.75613e-18 1.41009e-18 5.28689e-19 1.97982e-19 7.40533e-20 2.76678e-20 1.03261e-20 3.84987e-21 1.43391e-21 5.33551e-22 1.98347e-22 7.36693e-23 2.73382e-23 1.01365e-23 3.75539e-24 1.39021e-24 5.14251e-25 1.90086e-25 7.02127e-26 2.59168e-26 9.55993e-27 3.52408e-27 1.29826e-27 4.77982e-28 1.75874e-28 6.46756e-29 2.37703e-29 8.73151e-30 3.20562e-30 1.17628e-30 4.31407e-31 1.58143e-31 5.79434e-32 2.12204e-32 7.76793e-33 2.84226e-33 1.03952e-33 3.80028e-34 1.38873e-34 5.07279e-35 1.85226e-35 6.76066e-36 2.46668e-36 8.99652e-37 3.28004e-37 1.19545e-37 4.35543e-38 1.5863e-38 5.77556e-39 2.10214e-39 7.64878e-40 2.78219e-40 1.01169e-40 3.67773e-41 1.33655e-41 4.85583e-42 1.76368e-42 6.40407e-43 2.32474e-43 8.43679e-44
0.00581561 0.00492966 0.00328878 0.00193959 0.00105823 0.000546661 0.00027106 0.000130159 6.08985e-05 2.7886e-05 1.2539e-05 5.55084e-06 2.42413e-06 1.0461e-06 4.46682e-07 1.88938e-07 7.92401e-08 3.29783e-08 1.36292e-08 5.59665e-09 2.28472e-09 9.27647e-10 3.7476e-10 1.50696e-10 6.03349e-11 2.4059e-11 9.55749e-12 3.78328e-12 1.4926e-12 5.8702e-13 2.30184e-13 9.00076e-14 3.51019e-14 1.3655e-14 5.29921e-15 2.05185e-15 7.92755e-16 3.05659e-16 1.17619e-16 4.51755e-17 1.73199e-17 6.62887e-18 2.53289e-18 9.66279e-19 3.68069e-19 1.39997e-19 5.31739e-20 2.01692e-20 7.64034e-21 2.89061e-21 1.0923e-21 4.1227e-22 1.55429e-22 5.85338e-23 2.20203e-23 8.27549e-24 3.10695e-24 1.16536e-24 4.36695e-25 1.63496e-25 6.11582e-26 2.28578e-26 8.53602e-27 3.18514e-27 1.18758e-27 4.42456e-28 1.64724e-28 6.12819e-29 2.27827e-29 8.46413e-30 3.14248e-30 1.16596e-30 4.32335e-31 1.60211e-31 5.93341e-32 2.19616e-32 8.12409e-33 3.00362e-33 1.10989e-33 4.09906e-34 1.51309e-34 5.58244e-35 2.05859e-35 7.58759e-36 2.79533e-36 1.02934e-36 3.78872e-37 1.3939e-37 5.12602e-38 1.88428e-38 6.92357e-39 2.54295e-39 9.3362e-40 3.42636e-40 1.25698e-40 4.60958e-41 1.68979e-41 6.19225e-42 2.26834e-42 8.30647e-43 3.04072e-43
0.00205208 0.00199331 0.00146521 0.000935479 0.000546661 0.000300218 0.000157377 7.95415e-05 3.90306e-05 1.86878e-05 8.76376e-06 4.03711e-06 1.83106e-06 8.19212e-07 3.62093e-07 1.58316e-07 6.85461e-08 2.94163e-08 1.25223e-08 5.29135e-09 2.22073e-09 9.26185e-10 3.84039e-10 1.58382e-10 6.49907e-11 2.65432e-11 1.0793e-11 4.37052e-12 1.76293e-12 7.08506e-13 2.83757e-13 1.13273e-13 4.50772e-14 1.78857e-14 7.07684e-15 2.79263e-15 1.09922e-15 4.31619e-16 1.69087e-16 6.60935e-17 2.57801e-17 1.00353e-17 3.89876e-18 1.51186e-18 5.85212e-19 2.26133e-19 8.72354e-20 3.35989e-20 1.29207e-20 4.96133e-21 1.90233e-21 7.28402e-22 2.7853e-22 1.06367e-22 4.05695e-23 1.54548e-23 5.88048e-24 2.23495e-24 8.48478e-25 3.21771e-25 1.21899e-25 4.61333e-26 1.74422e-26 6.58828e-27 2.48622e-27 9.37377e-28 3.53107e-28 1.32901e-28 4.99788e-29 1.87798e-29 7.05103e-30 2.64532e-30 9.91695e-31 3.715e-31 1.39068e-31 5.20228e-32 1.94475e-32 7.26511e-33 2.71231e-33 1.01195e-33 3.7732e-34 1.40603e-34 5.23628e-35 1.94894e-35 7.24978e-36 2.69532e-36 1.00152e-36 3.71942e-37 1.38059e-37 5.1219e-38 1.89924e-38 7.03907e-39 2.6076e-39 9.6552e-40 3.57339e-40 1.32191e-40 4.88797e-41 1.80662e-41 6.67448e-42 2.46482e-42 9.09858e-43
0.000724091 0.000792923 0.000635621 0.000435898 0.00027106 0.000157377 8.67878e-05 4.5965e-05 2.35596e-05 1.17513e-05 5.7278e-06 2.73699e-06 1.28543e-06 5.94579e-07 2.71327e-07 1.22324e-07 5.45486e-08 2.4085e-08 1.05386e-08 4.57315e-09 1.96941e-09 8.42165e-10 3.57784e-10 1.5108e-10 6.34353e-11 2.64944e-11 1.10109e-11 4.55471e-12 1.87583e-12 7.69351e-13 3.14307e-13 1.2793e-13 5.18877e-14 2.09751e-14 8.45211e-15 3.39556e-15 1.3602e-15 5.43375e-16 2.16497e-16 8.60417e-17 3.41129e-17 1.34934e-17 5.3255e-18 2.09736e-18 8.24317e-19 3.23339e-19 1.26589e-19 4.94696e-20 1.92981e-20 7.51535e-21 2.92192e-21 1.13422e-21 4.39601e-22 1.70127e-22 6.5745e-23 2.53715e-23 9.77782e-24 3.7633e-24 1.44658e-24 5.55368e-25 2.1296e-25 8.15664e-26 3.12056e-26 1.19255e-26 4.55254e-27 1.73612e-27 6.61404e-28 2.51724e-28 9.57116e-29 3.63579e-29 1.37986e-29 5.23222e-30 1.98225e-30 7.5035e-31 2.83798e-31 1.07252e-31 4.05002e-32 1.52818e-32 5.76191e-33 2.17089e-33 8.17328e-34 3.07503e-34 1.15612e-34 4.34375e-35 1.63095e-35 6.11976e-36 2.29485e-36 8.60015e-37 3.22102e-37 1.20566e-37 4.51026e-38 1.68628e-38 6.3011e-39 2.35323e-39 8.78372e-40 3.2769e-40 1.22187e-40 4.55368e-41 1.69623e-41 6.3153e-42 2.35014e-42
0.000255501 0.000311394 0.000270046 0.000197701 0.000130159 7.95415e-05 4.5965e-05 2.54206e-05 1.35663e-05 7.02848e-06 3.55094e-06 1.75559e-06 8.51735e-07 4.06403e-07 1.91065e-07 8.86421e-08 4.06348e-08 1.84261e-08 8.27287e-09 3.68067e-09 1.62389e-09 7.10919e-10 3.09002e-10 1.33413e-10 5.72431e-11 2.4418e-11 1.0359e-11 4.37208e-12 1.83633e-12 7.67754e-13 3.19604e-13 1.32501e-13 5.47184e-14 2.25134e-14 9.23036e-15 3.77171e-15 1.53627e-15 6.23832e-16 2.52579e-16 1.01979e-16 4.10637e-17 1.64925e-17 6.60757e-18 2.64098e-18 1.05316e-18 4.19055e-19 1.66389e-19 6.59314e-20 2.60737e-20 1.02917e-20 4.05484e-21 1.59473e-21 6.26117e-22 2.45414e-22 9.60384e-23 3.75242e-23 1.46393e-23 5.70287e-24 2.21844e-24 8.61787e-25 3.34326e-25 1.29531e-25 5.01215e-26 1.93704e-26 7.47711e-27 2.88284e-27 1.11023e-27 4.27094e-28 1.64121e-28 6.30014e-29 2.41595e-29 9.25534e-30 3.54219e-30 1.35437e-30 5.17366e-31 1.97453e-31 7.52913e-32 2.86845e-32 1.0919e-32 4.15295e-33 1.57826e-33 5.99317e-34 2.27403e-34 8.62197e-35 3.26658e-35 1.2367e-35 4.6787e-36 1.76881e-36 6.68254e-37 2.52296e-37 9.51902e-38 3.58917e-38 1.35245e-38 5.09308e-39 1.91679e-39 7.20955e-40 2.71012e-40 1.01816e-40 3.82298e-41 1.43465e-41 5.38088e-42
9.01552e-05 0.00012103 0.000112815 8.7732e-05 6.08985e-05 3.90306e-05 2.35596e-05 1.35663e-05 7.51844e-06 4.03602e-06 2.10879e-06 1.07645e-06 5.38417e-07 2.64516e-07 1.27893e-07 6.09566e-08 2.86797e-08 1.33359e-08 6.13489e-09 2.79455e-09 1.26146e-09 5.64661e-10 2.50794e-10 1.10584e-10 4.84314e-11 2.10768e-11 9.11792e-12 3.92242e-12 1.67849e-12 7.1469e-13 3.02878e-13 1.27783e-13 5.36832e-14 2.2462e-14 9.36245e-15 3.88812e-15 1.60906e-15 6.63669e-16 2.72862e-16 1.11842e-16 4.57078e-17 1.86274e-17 7.57078e-18 3.06901e-18 1.24099e-18 5.006e-19 2.01467e-19 8.08994e-20 3.24151e-20 1.29611e-20 5.17201e-21 2.05982e-21 8.18803e-22 3.24889e-22 1.28683e-22 5.08819e-23 2.00854e-23 7.91586e-24 3.11483e-24 1.2238e-24 4.8011e-25 1.88083e-25 7.35783e-26 2.87448e-26 1.12149e-26 4.36989e-27 1.70059e-27 6.60997e-28 2.56614e-28 9.95079e-29 3.85427e-29 1.49123e-29 5.76343e-30 2.22515e-30 8.58202e-31 3.30662e-31 1.27277e-31 4.89443e-32 1.88038e-32 7.21753e-33 2.76785e-33 1.06051e-33 4.0599e-34 1.55292e-34 5.93506e-35 2.26647e-35 8.64833e-36 3.29745e-36 1.2563e-36 4.78284e-37 1.81954e-37 6.91714e-38 2.62777e-38 9.9758e-39 3.78456e-39 1.43481e-39 5.43616e-40 2.05832e-40 7.7886e-41 2.94537e-41 1.11316e-41
3.18119e-05 4.66414e-05 4.64788e-05 3.82351e-05 2.7886e-05 1.86878e-05 1.17513e-05 7.02848e-06 4.03602e-06 2.24034e-06 1.20827e-06 6.35664e-07 3.27242e-07 1.6527e-07 8.2056e-08 4.01217e-08 1.93481e-08 9.21377e-09 4.33755e-09 2.02055e-09 9.32114e-10 4.26147e-10 1.93205e-10 8.69152e-11 3.88162e-11 1.72175e-11 7.5884e-12 3.3244e-12 1.44814e-12 6.27449e-13 2.70483e-13 1.16041e-13 4.95557e-14 2.10712e-14 8.92246e-15 3.76326e-15 1.58127e-15 6.62035e-16 2.76221e-16 1.14867e-16 4.76166e-17 1.96788e-17 8.10899e-18 3.33207e-18 1.36548e-18 5.58113e-19 2.27545e-19 9.25463e-20 3.7552e-20 1.52028e-20 6.14138e-21 2.47565e-21 9.95914e-22 3.99847e-22 1.60225e-22 6.40854e-23 2.5586e-23 1.01973e-23 4.0572e-24 1.61157e-24 6.3911e-25 2.53059e-25 1.00048e-25 3.9496e-26 1.55694e-26 6.12889e-27 2.40934e-27 9.45882e-28 3.70862e-28 1.45224e-28 5.67971e-29 2.21866e-29 8.65658e-30 3.37367e-30 1.31332e-30 5.10697e-31 1.98377e-31 7.69774e-32 2.98394e-32 1.15554e-32 4.47044e-33 1.72783e-33 6.67181e-34 2.57387e-34 9.92064e-35 3.8204e-35 1.46995e-35 5.65106e-36 2.17068e-36 8.33123e-37 3.19503e-37 1.22434e-37 4.68808e-38 1.79375e-38 6.85813e-39 2.62021e-39 1.00036e-39 3.81657e-40 1.45509e-40 5.54392e-41 2.11083e-41
1.12251e-05 1.78463e-05 1.89262e-05 1.64115e-05 1.2539e-05 8.76376e-06 5.7278e-06 3.55094e-06 2.10879e-06 1.20827e-06 6.71542e-07 3.63557e-07 1.92354e-07 9.97294e-08 5.07807e-08 2.54405e-08 1.25598e-08 6.11847e-09 2.94446e-09 1.40121e-09 6.59948e-10 3.07866e-10 1.42349e-10 6.52749e-11 2.97014e-11 1.3417e-11 6.01971e-12 2.68354e-12 1.18908e-12 5.23881e-13 2.29562e-13 1.00077e-13 4.3416e-14 1.87477e-14 8.05982e-15 3.45039e-15 1.47116e-15 6.24853e-16 2.64419e-16 1.11499e-16 4.68568e-17 1.96273e-17 8.19574e-18 3.41198e-18 1.41633e-18 5.86285e-19 2.42037e-19 9.96609e-20 4.09333e-20 1.67716e-20 6.85572e-21 2.79605e-21 1.13784e-21 4.62055e-22 1.87245e-22 7.57279e-23 3.05674e-23 1.23152e-23 4.95258e-24 1.98815e-24 7.96735e-25 3.18749e-25 1.27313e-25 5.07701e-26 2.02147e-26 8.0366e-27 3.19035e-27 1.26468e-27 5.00629e-28 1.97906e-28 7.81311e-29 3.08052e-29 1.21304e-29 4.77075e-30 1.87401e-30 7.35268e-31 2.88148e-31 1.12797e-31 4.41058e-32 1.72276e-32 6.72196e-33 2.62009e-33 1.02023e-33 3.96867e-34 1.54231e-34 5.98802e-35 2.32268e-35 9.00118e-36 3.48513e-36 1.34821e-36 5.21097e-37 2.0124e-37 7.76511e-38 2.99384e-38 1.15335e-38 4.43969e-39 1.70769e-39 6.56353e-40 2.52082e-40 9.67453e-41 3.71027e-41
3.96084e-06 6.78716e-06 7.63009e-06 6.95289e-06 5.55084e-06 4.03711e-06 2.73699e-06 1.75559e-06 1.07645e-06 6.35664e-07 3.63557e-07 2.02267e-07 1.09848e-07 5.83971e-08 3.04601e-08 1.56188e-08 7.88592e-09 3.92597e-09 1.92954e-09 9.37191e-10 4.50261e-10 2.14148e-10 1.00898e-10 4.71252e-11 2.18307e-11 1.00358e-11 4.5804e-12 2.07638e-12 9.35253e-13 4.18717e-13 1.86389e-13 8.25194e-14 3.6345e-14 1.59293e-14 6.94879e-15 3.01771e-15 1.30493e-15 5.61982e-16 2.41076e-16 1.03028e-16 4.38721e-17 1.86174e-17 7.87415e-18 3.31969e-18 1.39525e-18 5.84674e-19 2.44304e-19 1.018e-19 4.23058e-20 1.7536e-20 7.25066e-21 2.9907e-21 1.2307e-21 5.05295e-22 2.07006e-22 8.46242e-23 3.45229e-23 1.40555e-23 5.71133e-24 2.31635e-24 9.37715e-25 3.78929e-25 1.52857e-25 6.15568e-26 2.47484e-26 9.93388e-27 3.98114e-27 1.59306e-27 6.3651e-28 2.53949e-28 1.01174e-28 4.02523e-29 1.59927e-29 6.34567e-30 2.51462e-30 9.95213e-31 3.9339e-31 1.55312e-31 6.12453e-32 2.41234e-32 9.49097e-33 3.72994e-33 1.46427e-33 5.74221e-34 2.24949e-34 8.8033e-35 3.44169e-35 1.34423e-35 5.24513e-36 2.0447e-36 7.96344e-37 3.09869e-37 1.20467e-37 4.67928e-38 1.816e-38 7.04189e-39 2.72836e-39 1.05624e-39 4.08577e-40 1.57923e-40 6.09936e-41
1.39761e-06 2.56778e-06 3.04959e-06 2.91248e-06 2.42413e-06 1.83106e-06 1.28543e-06 8.51735e-07 5.38417e-07 3.27242e-07 1.92354e-07 1.09848e-07 6.11659e-08 3.33064e-08 1.77785e-08 9.3215e-09 4.80883e-09 2.44449e-09 1.22596e-09 6.0726e-10 2.97373e-10 1.44086e-10 6.91285e-11 3.28624e-11 1.54883e-11 7.24114e-12 3.35983e-12 1.54784e-12 7.08281e-13 3.22045e-13 1.45547e-13 6.54037e-14 2.92303e-14 1.2996e-14 5.74964e-15 2.53175e-15 1.10979e-15 4.8438e-16 2.10541e-16 9.11516e-17 3.93133e-17 1.68938e-17 7.23415e-18 3.0873e-18 1.31327e-18 5.56884e-19 2.35429e-19 9.9239e-20 4.17136e-20 1.74858e-20 7.3105e-21 3.04857e-21 1.26814e-21 5.26257e-22 2.17879e-22 9.0002e-23 3.70968e-23 1.5258e-23 6.26264e-24 2.56534e-24 1.04878e-24 4.27954e-25 1.74303e-25 7.0865e-26 2.87604e-26 1.16524e-26 4.71317e-27 1.90328e-27 7.6737e-28 3.08912e-28 1.24168e-28 4.98358e-29 1.99733e-29 7.99367e-30 3.19482e-30 1.27515e-30 5.08284e-31 2.02345e-31 8.04514e-32 3.19477e-32 1.26713e-32 5.01987e-33 1.98637e-33 7.85124e-34 3.0998e-34 1.22253e-34 4.81636e-35 1.89552e-35 7.4523e-36 2.92697e-36 1.14846e-36 4.50191e-37 1.76305e-37 6.89807e-38 2.69646e-38 1.0531e-38 4.10926e-39 1.60207e-39 6.24064e-40 2.42893e-40 9.44588e-41
4.93157e-07 9.67064e-07 1.20967e-06 1.20794e-06 1.0461e-06 8.19212e-07 5.94579e-07 4.06403e-07 2.64516e-07 1.6527e-07 9.97294e-08 5.83971e-08 3.33064e-08 1.8559e-08 1.01288e-08 5.42562e-09 2.85757e-09 1.48203e-09 7.57871e-10 3.82566e-10 1.90819e-10 9.4128e-11 4.59555e-11 2.22218e-11 1.0649e-11 5.0603e-12 2.38559e-12 1.11626e-12 5.18646e-13 2.39373e-13 1.09781e-13 5.00464e-14 2.26848e-14 1.02267e-14 4.58651e-15 2.04682e-15 9.09115e-16 4.01968e-16 1.76961e-16 7.75813e-17 3.38766e-17 1.47359e-17 6.38625e-18 2.75786e-18 1.18689e-18 5.09113e-19 2.17687e-19 9.27931e-20 3.94372e-20 1.67128e-20 7.06288e-21 2.97677e-21 1.25134e-21 5.24698e-22 2.19471e-22 9.1582e-23 3.81277e-23 1.58379e-23 6.56458e-24 2.71517e-24 1.1207e-24 4.61651e-25 1.89797e-25 7.78823e-26 3.18995e-26 1.30421e-26 5.32285e-27 2.16869e-27 8.82111e-28 3.58212e-28 1.45233e-28 5.87911e-29 2.37629e-29 9.5905e-30 3.86503e-30 1.55542e-30 6.25084e-31 2.50865e-31 1.00546e-31 4.0246e-32 1.6089e-32 6.42381e-33 2.56169e-33 1.02033e-33 4.05925e-34 1.61306e-34 6.40276e-35 2.53866e-35 1.00547e-35 3.9781e-36 1.57227e-36 6.20776e-37 2.44853e-37 9.64827e-38 3.79815e-38 1.49376e-38 5.8693e-39 2.30405e-39 9.03665e-40 3.5411e-40 1.3864e-40
1.74014e-07 3.62761e-07 4.76649e-07 4.96607e-07 4.46682e-07 3.62093e-07 2.71327e-07 1.91065e-07 1.27893e-07 8.2056e-08 5.07807e-08 3.04601e-08 1.77785e-08 1.01288e-08 5.64737e-09 3.08817e-09 1.65928e-09 8.77372e-10 4.57171e-10 2.35026e-10 1.19328e-10 5.98901e-11 2.97372e-11 1.46182e-11 7.11887e-12 3.43643e-12 1.64517e-12 7.81493e-13 3.68503e-13 1.72556e-13 8.02691e-14 3.71059e-14 1.70509e-14 7.79079e-15 3.5405e-15 1.60066e-15 7.20087e-16 3.22415e-16 1.43705e-16 6.37736e-17 2.81834e-17 1.24051e-17 5.43913e-18 2.37598e-18 1.03418e-18 4.48592e-19 1.93935e-19 8.35719e-20 3.59014e-20 1.53764e-20 6.56648e-21 2.79631e-21 1.18754e-21 5.02993e-22 2.125e-22 8.95511e-23 3.76471e-23 1.57896e-23 6.60718e-24 2.75865e-24 1.14931e-24 4.77819e-25 1.98244e-25 8.20864e-26 3.39232e-26 1.39927e-26 5.76104e-27 2.36766e-27 9.71345e-28 3.97817e-28 1.62654e-28 6.6395e-29 2.7059e-29 1.10106e-29 4.47349e-30 1.81482e-30 7.35166e-31 2.97384e-31 1.20128e-31 4.84589e-32 1.95219e-32 7.85418e-33 3.15589e-33 1.26647e-33 5.07614e-34 2.0321e-34 8.12537e-35 3.24515e-35 1.29459e-35 5.15873e-36 2.05341e-36 8.16474e-37 3.24301e-37 1.28678e-37 5.10054e-38 2.01973e-38 7.98994e-39 3.15772e-39 1.24678e-39 4.91817e-40 1.93828e-40
6.14021e-08 1.35598e-07 1.86703e-07 2.02569e-07 1.88938e-07 1.58316e-07 1.22324e-07 8.86421e-08 6.09566e-08 4.01217e-08 2.54405e-08 1.56188e-08 9.3215e-09 5.42562e-09 3.08817e-09 1.72272e-09 9.43657e-10 5.08395e-10 2.69763e-10 1.41152e-10 7.29082e-11 3.721e-11 1.87801e-11 9.38028e-12 4.63983e-12 2.27414e-12 1.10509e-12 5.32665e-13 2.54792e-13 1.20996e-13 5.7065e-14 2.67384e-14 1.2451e-14 5.76373e-15 2.6531e-15 1.21469e-15 5.53271e-16 2.50766e-16 1.13122e-16 5.07988e-17 2.27127e-17 1.01127e-17 4.4845e-18 1.98096e-18 8.71796e-19 3.82285e-19 1.6705e-19 7.27523e-20 3.15817e-20 1.36665e-20 5.89603e-21 2.53619e-21 1.08784e-21 4.65312e-22 1.98499e-22 8.44579e-23 3.58446e-23 1.51753e-23 6.40938e-24 2.70075e-24 1.13546e-24 4.76324e-25 1.9939e-25 8.3291e-26 3.47224e-26 1.44464e-26 5.99892e-27 2.48637e-27 1.02863e-27 4.2479e-28 1.75117e-28 7.2067e-29 2.96087e-29 1.21448e-29 4.97357e-30 2.03361e-30 8.30237e-31 3.38444e-31 1.37764e-31 5.59966e-32 2.27289e-32 9.21292e-33 3.72934e-33 1.50762e-33 6.08684e-34 2.45437e-34 9.88438e-35 3.97584e-35 1.59731e-35 6.4097e-36 2.56914e-36 1.0286e-36 4.11361e-37 1.64334e-37 6.55792e-38 2.61426e-38 1.04108e-38 4.14167e-39 1.64602e-39 6.53538e-40 2.59231e-40
2.16662e-08 5.0527e-08 7.27439e-08 8.20494e-08 7.92401e-08 6.85461e-08 5.45486e-08 4.06348e-08 2.86797e-08 1.93481e-08 1.25598e-08 7.88592e-09 4.80883e-09 2.85757e-09 1.65928e-09 9.43657e-10 5.26654e-10 2.88921e-10 1.56027e-10 8.30487e-11 4.3617e-11 2.26251e-11 1.16013e-11 5.88496e-12 2.95526e-12 1.47006e-12 7.24772e-13 3.54339e-13 1.71865e-13 8.27358e-14 3.9546e-14 1.87747e-14 8.85614e-15 4.15195e-15 1.93516e-15 8.96917e-16 4.1349e-16 1.8965e-16 8.65584e-17 3.93205e-17 1.77813e-17 8.00606e-18 3.58968e-18 1.60303e-18 7.13079e-19 3.16014e-19 1.39541e-19 6.14017e-20 2.69271e-20 1.17701e-20 5.12855e-21 2.22781e-21 9.64874e-22 4.16689e-22 1.79449e-22 7.70708e-23 3.30138e-23 1.41055e-23 6.01175e-24 2.55601e-24 1.08418e-24 4.58822e-25 1.9374e-25 8.16296e-26 3.43208e-26 1.44002e-26 6.02985e-27 2.51994e-27 1.05109e-27 4.37601e-28 1.81853e-28 7.54378e-29 3.12391e-29 1.29142e-29 5.3298e-30 2.19607e-30 9.03417e-31 3.71067e-31 1.52178e-31 6.23165e-32 2.5481e-32 1.04042e-32 4.24215e-33 1.7273e-33 7.02362e-34 2.8522e-34 1.15674e-34 4.68528e-35 1.89537e-35 7.65809e-36 3.09047e-36 1.2457e-36 5.01535e-37 2.01694e-37 8.10213e-38 3.25108e-38 1.30313e-38 5.2178e-39 2.08706e-39 8.33942e-40 3.32889e-40
7.64506e-09 1.87745e-08 2.82073e-08 3.30229e-08 3.29783e-08 2.94163e-08 2.4085e-08 1.84261e-08 1.33359e-08 9.21377e-09 6.11847e-09 3.92597e-09 2.44449e-09 1.48203e-09 8.77372e-10 5.08395e-10 2.88921e-10 1.6131e-10 8.86128e-11 4.79557e-11 2.55968e-11 1.34886e-11 7.02371e-12 3.61684e-12 1.84316e-12 9.3013e-13 4.65076e-13 2.30532e-13 1.13337e-13 5.52887e-14 2.67732e-14 1.28742e-14 6.1496e-15 2.91887e-15 1.37705e-15 6.45911e-16 3.01293e-16 1.39798e-16 6.45365e-17 2.96476e-17 1.35562e-17 6.17061e-18 2.79662e-18 1.26219e-18 5.67367e-19 2.54048e-19 1.13328e-19 5.03714e-20 2.23104e-20 9.84824e-21 4.33294e-21 1.90032e-21 8.30863e-22 3.62189e-22 1.57427e-22 6.82342e-23 2.94942e-23 1.2715e-23 5.46729e-24 2.34497e-24 1.00332e-24 4.28262e-25 1.82378e-25 7.74912e-26 3.28531e-26 1.38985e-26 5.86747e-27 2.47199e-27 1.03938e-27 4.36173e-28 1.82691e-28 7.6378e-29 3.18736e-29 1.32777e-29 5.52156e-30 2.29226e-30 9.50043e-31 3.93113e-31 1.62406e-31 6.69898e-32 2.75901e-32 1.13462e-32 4.65917e-33 1.91049e-33 7.82296e-34 3.19888e-34 1.30628e-34 5.32722e-35 2.16969e-35 8.82554e-36 3.58542e-36 1.4548e-36 5.8958e-37 2.38653e-37 9.64905e-38 3.89677e-38 1.57194e-38 6.33414e-39 2.54957e-39 1.02514e-39 4.11757e-40
2.69761e-09 6.95841e-09 1.08904e-08 1.32143e-08 1.36292e-08 1.25223e-08 1.05386e-08 8.27287e-09 6.13489e-09 4.33755e-09 2.94446e-09 1.92954e-09 1.22596e-09 7.57871e-10 4.57171e-10 2.69763e-10 1.56027e-10 8.86128e-11 4.94918e-11 2.72199e-11 1.47591e-11 7.89764e-12 4.17442e-12 2.18127e-12 1.12759e-12 5.77045e-13 2.9251e-13 1.46953e-13 7.32046e-14 3.61754e-14 1.77412e-14 8.63801e-15 4.17691e-15 2.00654e-15 9.57908e-16 4.54571e-16 2.14484e-16 1.00649e-16 4.69827e-17 2.18212e-17 1.00859e-17 4.64007e-18 2.12514e-18 9.69108e-19 4.40096e-19 1.99057e-19 8.9685e-20 4.02563e-20 1.80041e-20 8.02388e-21 3.56387e-21 1.57772e-21 6.96226e-22 3.06286e-22 1.34338e-22 5.87496e-23 2.56201e-23 1.11419e-23 4.83255e-24 2.09056e-24 9.02084e-25 3.88294e-25 1.66737e-25 7.14305e-26 3.05313e-26 1.30209e-26 5.54107e-27 2.35302e-27 9.97151e-28 4.21715e-28 1.78e-28 7.49869e-29 3.15306e-29 1.32336e-29 5.54428e-30 2.31871e-30 9.68051e-31 4.03476e-31 1.67889e-31 6.97465e-32 2.89291e-32 1.19805e-32 4.95398e-33 2.04544e-33 8.43306e-34 3.47185e-34 1.42734e-34 5.85996e-35 2.40256e-35 9.83737e-36 4.0227e-36 1.64286e-36 6.70098e-37 2.72986e-37 1.11075e-37 4.51415e-38 1.83243e-38 7.42984e-39 3.00913e-39 1.21736e-39 4.91955e-40
9.51873e-10 2.57307e-09 4.18802e-09 5.25993e-09 5.59665e-09 5.29135e-09 4.57315e-09 3.68067e-09 2.79455e-09 2.02055e-09 1.40121e-09 9.37191e-10 6.0726e-10 3.82566e-10 2.35026e-10 1.41152e-10 8.30487e-11 4.79557e-11 2.72199e-11 1.52076e-11 8.37296e-12 4.54779e-12 2.4391e-12 1.29279e-12 6.77672e-13 3.51559e-13 1.80605e-13 9.1929e-14 4.6386e-14 2.32131e-14 1.15259e-14 5.68043e-15 2.77977e-15 1.35114e-15 6.52517e-16 3.13188e-16 1.49436e-16 7.09012e-17 3.34578e-17 1.57066e-17 7.3366e-18 3.41051e-18 1.5781e-18 7.26963e-19 3.33444e-19 1.52311e-19 6.92942e-20 3.14038e-20 1.41788e-20 6.37858e-21 2.85946e-21 1.27752e-21 5.68876e-22 2.52511e-22 1.11736e-22 4.92946e-23 2.16837e-23 9.51113e-24 4.16034e-24 1.81492e-24 7.89672e-25 3.42712e-25 1.48365e-25 6.40742e-26 2.76064e-26 1.18669e-26 5.08966e-27 2.17816e-27 9.30165e-28 3.96391e-28 1.68579e-28 7.15508e-29 3.03096e-29 1.2815e-29 5.40813e-30 2.27816e-30 9.5796e-31 4.02117e-31 1.68506e-31 7.04935e-32 2.94423e-32 1.22771e-32 5.11139e-33 2.12476e-33 8.81911e-34 3.65506e-34 1.51263e-34 6.25101e-35 2.57964e-35 1.06309e-35 4.37519e-36 1.79824e-36 7.3813e-37 3.02596e-37 1.23893e-37 5.06636e-38 2.06928e-38 8.44157e-39 3.43969e-39 1.39996e-39 5.69139e-40
3.35875e-10 9.49475e-10 1.60475e-09 2.08361e-09 2.28472e-09 2.22073e-09 1.96941e-09 1.62389e-09 1.26146e-09 9.32114e-10 6.59948e-10 4.50261e-10 2.97373e-10 1.90819e-10 1.19328e-10 7.29082e-11 4.3617e-11 2.55968e-11 1.47591e-11 8.37296e-12 4.67924e-12 2.57879e-12 1.40286e-12 7.53956e-13 4.00626e-13 2.10618e-13 1.09619e-13 5.65139e-14 2.88756e-14 1.46291e-14 7.35199e-15 3.66661e-15 1.81533e-15 8.92542e-16 4.35932e-16 2.1157e-16 1.0206e-16 4.89471e-17 2.33441e-17 1.10739e-17 5.22626e-18 2.45431e-18 1.14709e-18 5.3367e-19 2.47185e-19 1.14003e-19 5.2362e-20 2.39542e-20 1.09162e-20 4.95611e-21 2.24201e-21 1.01068e-21 4.54056e-22 2.03318e-22 9.07513e-23 4.03813e-23 1.79141e-23 7.92387e-24 3.49493e-24 1.53722e-24 6.74306e-25 2.95009e-25 1.28736e-25 5.60379e-26 2.43335e-26 1.05413e-26 4.55595e-27 1.96463e-27 8.45325e-28 3.62936e-28 1.55497e-28 6.64841e-29 2.83688e-29 1.20812e-29 5.13501e-30 2.17849e-30 9.22509e-31 3.89943e-31 1.64538e-31 6.93072e-32 2.91444e-32 1.22352e-32 5.12814e-33 2.14594e-33 8.9659e-34 3.74029e-34 1.55798e-34 6.48006e-35 2.69133e-35 1.11619e-35 4.62275e-36 1.91191e-36 7.89682e-37 3.25733e-37 1.34186e-37 5.52076e-38 2.26854e-38 9.31015e-39 3.81629e-39 1.56246e-39 6.3895e-40
1.18516e-10 3.4969e-10 6.12862e-10 8.2171e-10 9.27647e-10 9.26185e-10 8.42165e-10 7.10919e-10 5.64661e-10 4.26147e-10 3.07866e-10 2.14148e-10 1.44086e-10 9.4128e-11 5.98901e-11 3.721e-11 2.26251e-11 1.34886e-11 7.89764e-12 4.54779e-12 2.57879e-12 1.44153e-12 7.95144e-13 4.33176e-13 2.33248e-13 1.24227e-13 6.54837e-14 3.4184e-14 1.76814e-14 9.06612e-15 4.61034e-15 2.3261e-15 1.16485e-15 5.7918e-16 2.86019e-16 1.40329e-16 6.8421e-17 3.31617e-17 1.59806e-17 7.65881e-18 3.65116e-18 1.73177e-18 8.17372e-19 3.83971e-19 1.79556e-19 8.3597e-20 3.87559e-20 1.78937e-20 8.22888e-21 3.76973e-21 1.72054e-21 7.8244e-22 3.54584e-22 1.60145e-22 7.20904e-23 3.23483e-23 1.44703e-23 6.4534e-24 2.86962e-24 1.27238e-24 5.62605e-25 2.48091e-25 1.09112e-25 4.78648e-26 2.09445e-26 9.14239e-27 3.98119e-27 1.72963e-27 7.49733e-28 3.24261e-28 1.39939e-28 6.02645e-29 2.5899e-29 1.11077e-29 4.75448e-30 2.03113e-30 8.66062e-31 3.68597e-31 1.5659e-31 6.64049e-32 2.81111e-32 1.18799e-32 5.01207e-33 2.11109e-33 8.87764e-34 3.72735e-34 1.56253e-34 6.54025e-35 2.73345e-35 1.14075e-35 4.75386e-36 1.97827e-36 8.22096e-37 3.41166e-37 1.41393e-37 5.85217e-38 2.41904e-38 9.98659e-39 4.11763e-39 1.69568e-39 6.9745e-40
4.18192e-11 1.28564e-10 2.33342e-10 3.22727e-10 3.7476e-10 3.84039e-10 3.57784e-10 3.09002e-10 2.50794e-10 1.93205e-10 1.42349e-10 1.00898e-10 6.91285e-11 4.59555e-11 2.97372e-11 1.87801e-11 1.16013e-11 7.02371e-12 4.17442e-12 2.4391e-12 1.40286e-12 7.95144e-13 4.44584e-13 2.45429e-13 1.33878e-13 7.22139e-14 3.85427e-14 2.03671e-14 1.06616e-14 5.53136e-15 2.84549e-15 1.45204e-15 7.35304e-16 3.69635e-16 1.8452e-16 9.14979e-17 4.50816e-17 2.20762e-17 1.07472e-17 5.2025e-18 2.50479e-18 1.19967e-18 5.71697e-19 2.71122e-19 1.27977e-19 6.01367e-20 2.81353e-20 1.31079e-20 6.08196e-21 2.81086e-21 1.29412e-21 5.93606e-22 2.71308e-22 1.2357e-22 5.60908e-23 2.53772e-23 1.14448e-23 5.14544e-24 2.30635e-24 1.03075e-24 4.59341e-25 2.04131e-25 9.04694e-26 3.99895e-26 1.76306e-26 7.7535e-27 3.40142e-27 1.48861e-27 6.49959e-28 2.83137e-28 1.23066e-28 5.3374e-29 2.30991e-29 9.97593e-30 4.29957e-30 1.84939e-30 7.9393e-31 3.40176e-31 1.45483e-31 6.21044e-32 2.64637e-32 1.12568e-32 4.77997e-33 2.02629e-33 8.57542e-34 3.62328e-34 1.52846e-34 6.43759e-35 2.70723e-35 1.13676e-35 4.76617e-36 1.99543e-36 8.34222e-37 3.4827e-37 1.45194e-37 6.04497e-38 2.51339e-38 1.04365e-38 4.32801e-39 1.79255e-39 7.41503e-40
1.47562e-11 4.71899e-11 8.8592e-11 1.26269e-10 1.50696e-10 1.58382e-10 1.5108e-10 1.33413e-10 1.10584e-10 8.69152e-11 6.52749e-11 4.71252e-11 3.28624e-11 2.22218e-11 1.46182e-11 9.38028e-12 5.88496e-12 3.61684e-12 2.18127e-12 1.29279e-12 7.53956e-13 4.33176e-13 2.45429e-13 1.37254e-13 7.58256e-14 4.14115e-14 2.23732e-14 1.19647e-14 6.33697e-15 3.32573e-15 1.7303e-15 8.92826e-16 4.57086e-16 2.32258e-16 1.17175e-16 5.87114e-17 2.92256e-17 1.44569e-17 7.10839e-18 3.47497e-18 1.68933e-18 8.16868e-19 3.9296e-19 1.88099e-19 8.9607e-20 4.24899e-20 2.0058e-20 9.42782e-21 4.41284e-21 2.05715e-21 9.55233e-22 4.41877e-22 2.03654e-22 9.35254e-23 4.28013e-23 1.95218e-23 8.8748e-24 4.02172e-24 1.81685e-24 8.18304e-25 3.67481e-25 1.64555e-25 7.34813e-26 3.27236e-26 1.45343e-26 6.43882e-27 2.84525e-27 1.2542e-27 5.51527e-28 2.41962e-28 1.05908e-28 4.62529e-29 2.01555e-29 8.76432e-30 3.80304e-30 1.64684e-30 7.11702e-31 3.06966e-31 1.32143e-31 5.6778e-32 2.43507e-32 1.04245e-32 4.45479e-33 1.90039e-33 8.09311e-34 3.44081e-34 1.46046e-34 6.189e-35 2.61856e-35 1.10619e-35 4.66585e-36 1.96509e-36 8.26408e-37 3.47039e-37 1.45527e-37 6.094e-38 2.54839e-38 1.06424e-38 4.43854e-39 1.84872e-39 7.69035e-40
5.20683e-12 1.72954e-11 3.35474e-11 4.92288e-11 6.03349e-11 6.49907e-11 6.34353e-11 5.72431e-11 4.84314e-11 3.88162e-11 2.97014e-11 2.18307e-11 1.54883e-11 1.0649e-11 7.11887e-12 4.63983e-12 2.95526e-12 1.84316e-12 1.12759e-12 6.77672e-13 4.00626e-13 2.33248e-13 1.33878e-13 7.58256e-14 4.2413e-14 2.34468e-14 1.28194e-14 6.93617e-15 3.71606e-15 1.97234e-15 1.03759e-15 5.41249e-16 2.80076e-16 1.43821e-16 7.33139e-17 3.71114e-17 1.86601e-17 9.32242e-18 4.62875e-18 2.28468e-18 1.12127e-18 5.47288e-19 2.65722e-19 1.28359e-19 6.17014e-20 2.95191e-20 1.40579e-20 6.66523e-21 3.14665e-21 1.47938e-21 6.92729e-22 3.23114e-22 1.50144e-22 6.95131e-23 3.20685e-23 1.47431e-23 6.75523e-24 3.08511e-24 1.4045e-24 6.37422e-25 2.88419e-25 1.30121e-25 5.85367e-26 2.62602e-26 1.17486e-26 5.24233e-27 2.33312e-27 1.03575e-27 4.58667e-28 2.02626e-28 8.93035e-29 3.92683e-29 1.72282e-29 7.54187e-30 3.29445e-30 1.43606e-30 6.2469e-31 2.71194e-31 1.17499e-31 5.08099e-32 2.19299e-32 9.4475e-33 4.0626e-33 1.74387e-33 7.47244e-34 3.19641e-34 1.36499e-34 5.81938e-35 2.47695e-35 1.0526e-35 4.46609e-36 1.89201e-36 8.00317e-37 3.3803e-37 1.42565e-37 6.0041e-38 2.52505e-38 1.06045e-38 4.44749e-39 1.86276e-39 7.79163e-40
1.83727e-12 6.33007e-12 1.26725e-11 1.91297e-11 2.4059e-11 2.65432e-11 2.64944e-11 2.4418e-11 2.10768e-11 1.72175e-11 1.3417e-11 1.00358e-11 7.24114e-12 5.0603e-12 3.43643e-12 2.27414e-12 1.47006e-12 9.3013e-13 5.77045e-13 3.51559e-13 2.10618e-13 1.24227e-13 7.22139e-14 4.14115e-14 2.34468e-14 1.31173e-14 7.25605e-15 3.97125e-15 2.15167e-15 1.15471e-15 6.14084e-16 3.23769e-16 1.69306e-16 8.78422e-17 4.52358e-17 2.31287e-17 1.17447e-17 5.92482e-18 2.9701e-18 1.47991e-18 7.33106e-19 3.61131e-19 1.76936e-19 8.62395e-20 4.18229e-20 2.01844e-20 9.69574e-21 4.63637e-21 2.20735e-21 1.04645e-21 4.9406e-22 2.32332e-22 1.08833e-22 5.079e-23 2.36164e-23 1.09424e-23 5.05261e-24 2.32523e-24 1.0666e-24 4.87709e-25 2.22321e-25 1.0104e-25 4.57863e-26 2.06889e-26 9.32242e-27 4.18929e-27 1.87759e-27 8.39335e-28 3.74259e-28 1.6647e-28 7.38674e-29 3.26997e-29 1.44422e-29 6.36417e-30 2.79828e-30 1.22773e-30 5.3752e-31 2.34848e-31 1.024e-31 4.45602e-32 1.93531e-32 8.38924e-33 3.6298e-33 1.56764e-33 6.75815e-34 2.90832e-34 1.24941e-34 5.35831e-35 2.29417e-35 9.80647e-36 4.18505e-36 1.78321e-36 7.58628e-37 3.2225e-37 1.36681e-37 5.78869e-38 2.44807e-38 1.03383e-38 4.3598e-39 1.83606e-39 7.72176e-40
6.48293e-13 2.3138e-12 4.77619e-12 7.41067e-12 9.55749e-12 1.0793e-11 1.10109e-11 1.0359e-11 9.11792e-12 7.5884e-12 6.01971e-12 4.5804e-12 3.35983e-12 2.38559e-12 1.64517e-12 1.10509e-12 7.24772e-13 4.65076e-13 2.9251e-13 1.80605e-13 1.09619e-13 6.54837e-14 3.85427e-14 2.23732e-14 1.28194e-14 7.25605e-15 4.06004e-15 2.24718e-15 1.23105e-15 6.67849e-16 3.5897e-16 1.91255e-16 1.01047e-16 5.29608e-17 2.75465e-17 1.42233e-17 7.29283e-18 3.71427e-18 1.87955e-18 9.45247e-19 4.72555e-19 2.34893e-19 1.16116e-19 5.70956e-20 2.79308e-20 1.3596e-20 6.58657e-21 3.1761e-21 1.52469e-21 7.28761e-22 3.46866e-22 1.64425e-22 7.76345e-23 3.65153e-23 1.71111e-23 7.98925e-24 3.71712e-24 1.72353e-24 7.96502e-25 3.66898e-25 1.68474e-25 7.71234e-26 3.51995e-26 1.60184e-26 7.26878e-27 3.28926e-27 1.48441e-27 6.68131e-28 2.99946e-28 1.34316e-28 5.99983e-29 2.67363e-29 1.1886e-29 5.27193e-30 2.33303e-30 1.03017e-30 4.53898e-31 1.99565e-31 8.75608e-32 3.83398e-32 1.67542e-32 7.30718e-33 3.18084e-33 1.38203e-33 5.99367e-34 2.59467e-34 1.12125e-34 4.83685e-35 2.08296e-35 8.9551e-36 3.84365e-36 1.64708e-36 7.04681e-37 3.01018e-37 1.28388e-37 5.46765e-38 2.32505e-38 9.87255e-39 4.18604e-39 1.77241e-39 7.49412e-40
2.28755e-13 8.4474e-13 1.79629e-12 2.86254e-12 3.78328e-12 4.37052e-12 4.55471e-12 4.37208e-12 3.92242e-12 3.3244e-12 2.68354e-12 2.07638e-12 1.54784e-12 1.11626e-12 7.81493e-13 5.32665e-13 3.54339e-13 2.30532e-13 1.46953e-13 9.1929e-14 5.65139e-14 3.4184e-14 2.03671e-14 1.19647e-14 6.93617e-15 3.97125e-15 2.24718e-15 1.25757e-15 6.96423e-16 3.81851e-16 2.07402e-16 1.11643e-16 5.95842e-17 3.15417e-17 1.65673e-17 8.63731e-18 4.47097e-18 2.29853e-18 1.17393e-18 5.95787e-19 3.0054e-19 1.50721e-19 7.51619e-20 3.72789e-20 1.8393e-20 9.02909e-21 4.41073e-21 2.14448e-21 1.03788e-21 5.00085e-22 2.39925e-22 1.1463e-22 5.45467e-23 2.58544e-23 1.22081e-23 5.74318e-24 2.69213e-24 1.25753e-24 5.85417e-25 2.71626e-25 1.25625e-25 5.79186e-26 2.66212e-26 1.21995e-26 5.57428e-27 2.53981e-27 1.15401e-27 5.22926e-28 2.36332e-28 1.06532e-28 4.79008e-29 2.14848e-29 9.61325e-30 4.29124e-30 1.91114e-30 8.49213e-31 3.76513e-31 1.66571e-31 7.35356e-32 3.23959e-32 1.42428e-32 6.24934e-33 2.73665e-33 1.19611e-33 5.21795e-34 2.27209e-34 9.8756e-35 4.28476e-35 1.85579e-35 8.02389e-36 3.46344e-36 1.49249e-36 6.42104e-37 2.75807e-37 1.18283e-37 5.06486e-38 2.16547e-38 9.24459e-39 3.9408e-39 1.67747e-39 7.13025e-40
8.07177e-14 3.08057e-13 6.7423e-13 1.10273e-12 1.4926e-12 1.76293e-12 1.87583e-12 1.83633e-12 1.67849e-12 1.44814e-12 1.18908e-12 9.35253e-13 7.08281e-13 5.18646e-13 3.68503e-13 2.54792e-13 1.71865e-13 1.13337e-13 7.32046e-14 4.6386e-14 2.88756e-14 1.76814e-14 1.06616e-14 6.33697e-15 3.71606e-15 2.15167e-15 1.23105e-15 6.96423e-16 3.89789e-16 2.15966e-16 1.18512e-16 6.44414e-17 3.47359e-17 1.85686e-17 9.84751e-18 5.18288e-18 2.70802e-18 1.40508e-18 7.24163e-19 3.7083e-19 1.88723e-19 9.54736e-20 4.80228e-20 2.40218e-20 1.1952e-20 5.91607e-21 2.9138e-21 1.4282e-21 6.96771e-22 3.38397e-22 1.63629e-22 7.87854e-23 3.77782e-23 1.80426e-23 8.58359e-24 4.06816e-24 1.92103e-24 9.03893e-25 4.2383e-25 1.9806e-25 9.22513e-26 4.28305e-26 1.98233e-26 9.14687e-27 4.20802e-27 1.93029e-27 8.82948e-28 4.0276e-28 1.83225e-28 8.31331e-29 3.76221e-29 1.6983e-29 7.64744e-30 3.43533e-30 1.53955e-30 6.88359e-31 3.07081e-31 1.36687e-31 6.07096e-32 2.69069e-32 1.19005e-32 5.25262e-33 2.31375e-33 1.01719e-33 4.46327e-34 1.9547e-34 8.54477e-35 3.72845e-35 1.62398e-35 7.06102e-36 3.06482e-36 1.32803e-36 5.74493e-37 2.48114e-37 1.06984e-37 4.60576e-38 1.97973e-38 8.49667e-39 3.64114e-39 1.55806e-39 6.65728e-40
2.84818e-14 1.12223e-13 2.52596e-13 4.23718e-13 5.8702e-13 7.08506e-13 7.69351e-13 7.67754e-13 7.1469e-13 6.27449e-13 5.23881e-13 4.18717e-13 3.22045e-13 2.39373e-13 1.72556e-13 1.20996e-13 8.27358e-14 5.52887e-14 3.61754e-14 2.32131e-14 1.46291e-14 9.06612e-15 5.53136e-15 3.32573e-15 1.97234e-15 1.15471e-15 6.67849e-16 3.81851e-16 2.15966e-16 1.20892e-16 6.70127e-17 3.68017e-17 2.00319e-17 1.08117e-17 5.78831e-18 3.075e-18 1.62149e-18 8.48977e-19 4.4148e-19 2.28074e-19 1.17085e-19 5.97426e-20 3.03058e-20 1.52868e-20 7.66901e-21 3.82716e-21 1.90023e-21 9.3885e-22 4.61657e-22 2.25964e-22 1.10108e-22 5.34215e-23 2.58099e-23 1.24189e-23 5.95198e-24 2.84161e-24 1.35158e-24 6.40527e-25 3.02478e-25 1.42348e-25 6.67649e-26 3.12121e-26 1.45449e-26 6.75693e-27 3.12945e-27 1.44511e-27 6.65388e-28 3.05509e-28 1.39886e-28 6.38785e-29 2.90931e-29 1.32162e-29 5.98864e-30 2.70695e-30 1.22063e-30 5.49112e-31 2.46453e-31 1.10363e-31 4.93119e-32 2.19854e-32 9.78119e-33 4.34252e-33 1.92399e-33 8.50729e-34 3.75426e-34 1.65355e-34 7.26918e-35 3.18967e-35 1.39705e-35 6.10798e-36 2.66574e-36 1.16141e-36 5.05142e-37 2.19339e-37 9.5083e-38 4.11518e-38 1.77821e-38 7.67186e-39 3.30484e-39 1.42149e-39 6.10505e-40
1.005e-14 4.0842e-14 9.44675e-14 1.62421e-13 2.30184e-13 2.83757e-13 3.14307e-13 3.19604e-13 3.02878e-13 2.70483e-13 2.29562e-13 1.86389e-13 1.45547e-13 1.09781e-13 8.02691e-14 5.7065e-14 3.9546e-14 2.67732e-14 1.77412e-14 1.15259e-14 7.35199e-15 4.61034e-15 2.84549e-15 1.7303e-15 1.03759e-15 6.14084e-16 3.5897e-16 2.07402e-16 1.18512e-16 6.70127e-17 3.75165e-17 2.08051e-17 1.14338e-17 6.22974e-18 3.36642e-18 1.80486e-18 9.60371e-19 5.07328e-19 2.66146e-19 1.38691e-19 7.18104e-20 3.6952e-20 1.89017e-20 9.61312e-21 4.86204e-21 2.44594e-21 1.22411e-21 6.09565e-22 3.02073e-22 1.48993e-22 7.31541e-23 3.57598e-23 1.74057e-23 8.43686e-24 4.07301e-24 1.9586e-24 9.38251e-25 4.47795e-25 2.12946e-25 1.0091e-25 4.76551e-26 2.24303e-26 1.05232e-26 4.92131e-27 2.29441e-27 1.06647e-27 4.94247e-28 2.28397e-28 1.05248e-28 4.83663e-29 2.21669e-29 1.01327e-29 4.61989e-30 2.10109e-30 9.53209e-31 4.31405e-31 1.94786e-31 8.77462e-32 3.9438e-32 1.76863e-32 7.91439e-33 3.53404e-33 1.57477e-33 7.00281e-34 3.10781e-34 1.37651e-34 6.08506e-35 2.68487e-35 1.18242e-35 5.19785e-36 2.28083e-36 9.9907e-37 4.36861e-37 1.90699e-37 8.31047e-38 3.61564e-38 1.57051e-38 6.81087e-39 2.94906e-39 1.27495e-39 5.50355e-40
3.54622e-15 1.48501e-14 3.5271e-14 6.21183e-14 9.00076e-14 1.13273e-13 1.2793e-13 1.32501e-13 1.27783e-13 1.16041e-13 1.00077e-13 8.25194e-14 6.54037e-14 5.00464e-14 3.71059e-14 2.67384e-14 1.87747e-14 1.28742e-14 8.63801e-15 5.68043e-15 3.66661e-15 2.3261e-15 1.45204e-15 8.92826e-16 5.41249e-16 3.23769e-16 1.91255e-16 1.11643e-16 6.44414e-17 3.68017e-17 2.08051e-17 1.16489e-17 6.46262e-18 3.55405e-18 1.93821e-18 1.04856e-18 5.62926e-19 2.99992e-19 1.58743e-19 8.34315e-20 4.35637e-20 2.2604e-20 1.16576e-20 5.97716e-21 3.04738e-21 1.54521e-21 7.79399e-22 3.91125e-22 1.95311e-22 9.70644e-23 4.80153e-23 2.36455e-23 1.15937e-23 5.6605e-24 2.75234e-24 1.33295e-24 6.43037e-25 3.09041e-25 1.47979e-25 7.06033e-26 3.35688e-26 1.59063e-26 7.51213e-27 3.53633e-27 1.65948e-27 7.76346e-28 3.62104e-28 1.68398e-28 7.80898e-29 3.61107e-29 1.66528e-29 7.65905e-30 3.51338e-30 1.60754e-30 7.33687e-31 3.34035e-31 1.51715e-31 6.87453e-32 3.10782e-32 1.4018e-32 6.30888e-33 2.83319e-33 1.26962e-33 5.67758e-34 2.53375e-34 1.12847e-34 5.01599e-35 2.22527e-35 9.8533e-36 4.35481e-36 1.92114e-36 8.45989e-37 3.71878e-37 1.63185e-37 7.14853e-38 3.12623e-38 1.36492e-38 5.94958e-39 2.58922e-39 1.12504e-39 4.88084e-40
1.25131e-15 5.39474e-15 1.31484e-14 2.37064e-14 3.51019e-14 4.50772e-14 5.18877e-14 5.47184e-14 5.36832e-14 4.95557e-14 4.3416e-14 3.6345e-14 2.92303e-14 2.26848e-14 1.70509e-14 1.2451e-14 8.85614e-15 6.1496e-15 4.17691e-15 2.77977e-15 1.81533e-15 1.16485e-15 7.35304e-16 4.57086e-16 2.80076e-16 1.69306e-16 1.01047e-16 5.95842e-17 3.47359e-17 2.00319e-17 1.14338e-17 6.46262e-18 3.61884e-18 2.00844e-18 1.10522e-18 6.03256e-19 3.26709e-19 1.75618e-19 9.37246e-20 4.96749e-20 2.61537e-20 1.3682e-20 7.11351e-21 3.67651e-21 1.88926e-21 9.65469e-22 4.90744e-22 2.48152e-22 1.24853e-22 6.25123e-23 3.11519e-23 1.54531e-23 7.6317e-24 3.75279e-24 1.83768e-24 8.96224e-25 4.35358e-25 2.10671e-25 1.01563e-25 4.87847e-26 2.33501e-26 1.11375e-26 5.29449e-27 2.50859e-27 1.18479e-27 5.57816e-28 2.61825e-28 1.22528e-28 5.71728e-29 2.66014e-29 1.23427e-29 5.71121e-30 2.63566e-30 1.21315e-30 5.56972e-31 2.55073e-31 1.16528e-31 5.31074e-32 2.41468e-32 1.09537e-32 4.95775e-33 2.23896e-33 1.00894e-33 4.53687e-34 2.03583e-34 9.11667e-35 4.07434e-35 1.81727e-35 8.08984e-36 3.59445e-36 1.59409e-36 7.05656e-37 3.11809e-37 1.37535e-37 6.05593e-38 2.66197e-38 1.16813e-38 5.11751e-39 2.2383e-39 9.77415e-40 4.26141e-40
