0.923153 0.00361129 0.00316612 0.00278294 0.00245224 0.00216605 0.00191772 0.00170166 0.00151317 0.00134828 0.00120366 0.00107647 0.000964312 0.000865154 0.000777255 0.000699136 0.000629526 0.000567337 0.000511634 0.000461608 0.00041656 0.000375885 0.000339054 0.000305607 0.000275141 0.000247299 0.00022177 0.000198275 0.000176566 0.000156425 0.000142324
0.00361129 7.5354e-05 6.60673e-05 5.80436e-05 5.10887e-05 4.5041e-05 3.97658e-05 3.51504e-05 3.11005e-05 2.75367e-05 2.43919e-05 2.16096e-05 1.91416e-05 1.69469e-05 1.49905e-05 1.32423e-05 1.16765e-05 1.02708e-05 9.00601e-06 7.8653e-06 6.83421e-06 5.90013e-06 5.05213e-06 4.28071e-06 3.57766e-06 2.93592e-06 2.34948e-06 1.81327e-06 1.32312e-06 8.75703e-07 7.8063e-07
0.00316612 6.60673e-05 5.78652e-05 5.07819e-05 4.46449e-05 3.93111e-05 3.46609e-05 3.05944e-05 2.70278e-05 2.38907e-05 2.11235e-05 1.8676e-05 1.65055e-05 1.45757e-05 1.28554e-05 1.13182e-05 9.94108e-06 8.70442e-06 7.59123e-06 6.58683e-06 5.67851e-06 4.85528e-06 4.10765e-06 3.42745e-06 2.80768e-06 2.2424e-06 1.72666e-06 1.25639e-06 8.28383e-07 7.33569e-07 6.54084e-07
0.00278294 5.80436e-05 5.07819e-05 4.45131e-05 3.90843e-05 3.43681e-05 3.02584e-05 2.66661e-05 2.35168e-05 2.07478e-05 1.83061e-05 1.61472e-05 1.42329e-05 1.2531e-05 1.1014e-05 9.65815e-06 8.44331e-06 7.35207e-06 6.36944e-06 5.48252e-06 4.68019e-06 3.95288e-06 3.2924e-06 2.69177e-06 2.14508e-06 1.64743e-06 1.19483e-06 7.8415e-07 6.94206e-07 6.14709e-07 5.48244e-07
0.00245224 5.10887e-05 4.46449e-05 3.90843e-05 3.42707e-05 3.00907e-05 2.64497e-05 2.32685e-05 2.04806e-05 1.80302e-05 1.58701e-05 1.39605e-05 1.22676e-05 1.07625e-05 9.42083e-06 8.22158e-06 7.14683e-06 6.18117e-06 5.31141e-06 4.52622e-06 3.81589e-06 3.17214e-06 2.58794e-06 2.05738e-06 1.57557e-06 1.13855e-06 7.43242e-07 6.57453e-07 5.82003e-07 5.15321e-07 4.59729e-07
0.00216605 4.5041e-05 3.93111e-05 3.43681e-05 3.00907e-05 2.63777e-05 2.31446e-05 2.03208e-05 1.7847e-05 1.56732e-05 1.37573e-05 1.20639e-05 1.05627e-05 9.22808e-06 8.03827e-06 6.97463e-06 6.02124e-06 5.1645e-06 4.3928e-06 3.69621e-06 3.06629e-06 2.49592e-06 1.97913e-06 1.51101e-06 1.08758e-06 7.05812e-07 6.23527e-07 5.51506e-07 4.88183e-07 4.32223e-07 3.85708e-07
0.00191772 3.97658e-05 3.46609e-05 3.02584e-05 2.64497e-05 2.31446e-05 2.02676e-05 1.77556e-05 1.55553e-05 1.36224e-05 1.1919e-05 1.04136e-05 9.07905e-06 7.89258e-06 6.83474e-06 5.88899e-06 5.04122e-06 4.27942e-06 3.5934e-06 2.9745e-06 2.41544e-06 1.91015e-06 1.45365e-06 1.04193e-06 6.71948e-07 5.92572e-07 5.23416e-07 4.62916e-07 4.0974e-07 3.6275e-07 3.23812e-07
0.00170166 3.51504e-05 3.05944e-05 2.66661e-05 2.32685e-05 2.03208e-05 1.77556e-05 1.55161e-05 1.3555e-05 1.18324e-05 1.03146e-05 8.97307e-06 7.78387e-06 6.72657e-06 5.78386e-06 4.94104e-06 4.18564e-06 3.50708e-06 2.89645e-06 2.34625e-06 1.85026e-06 1.40339e-06 1.00157e-06 6.41696e-07 5.64675e-07 4.97869e-07 4.39704e-07 3.88846e-07 3.44157e-07 3.04671e-07 2.72055e-07
0.00151317 3.11005e-05 2.70278e-05 2.35168e-05 2.04806e-05 1.7847e-05 1.55553e-05 1.3555e-05 1.18036e-05 1.02652e-05 8.90967e-06 7.71166e-06 6.64964e-06 5.7054e-06 4.86356e-06 4.11107e-06 3.43692e-06 2.83186e-06 2.28812e-06 1.79928e-06 1.36011e-06 9.66435e-07 6.15069e-07 5.39886e-07 4.74948e-07 4.1867e-07 3.69706e-07 3.26916e-07 2.89328e-07 2.56118e-07 2.28778e-07
0.00134828 2.75367e-05 2.38907e-05 2.07478e-05 1.80302e-05 1.56732e-05 1.36224e-05 1.18324e-05 1.02652e-05 8.88857e-06 7.67564e-06 6.60361e-06 5.65329e-06 4.80845e-06 4.05541e-06 3.38264e-06 2.78048e-06 2.24084e-06 1.75706e-06 1.32371e-06 9.36471e-07 5.92061e-07 5.18224e-07 4.54705e-07 3.99896e-07 3.52437e-07 3.11176e-07 2.75136e-07 2.43489e-07 2.15529e-07 1.92589e-07
0.00120366 2.43919e-05 2.11235e-05 1.83061e-05 1.58701e-05 1.37573e-05 1.1919e-05 1.03146e-05 8.90967e-06 7.67564e-06 6.5883e-06 5.62729e-06 4.77547e-06 4.01843e-06 3.34403e-06 2.74212e-06 2.20425e-06 1.72346e-06 1.29408e-06 9.11616e-07 5.72653e-07 4.99692e-07 4.37164e-07 3.83433e-07 3.37116e-07 2.97045e-07 2.62232e-07 2.31841e-07 2.05163e-07 1.81594e-07 1.62326e-07
0.00107647 2.16096e-05 1.8676e-05 1.61472e-05 1.39605e-05 1.20639e-05 1.04136e-05 8.97307e-06 7.71166e-06 6.60361e-06 5.62729e-06 4.7645e-06 3.99998e-06 3.32092e-06 2.71663e-06 2.17821e-06 1.69836e-06 1.27113e-06 8.91811e-07 5.56822e-07 4.84283e-07 4.22336e-07 3.69309e-07 3.23792e-07 2.84594e-07 2.50713e-07 2.21299e-07 1.95636e-07 1.73115e-07 1.53221e-07 1.37014e-07
0.000964312 1.91416e-05 1.65055e-05 1.42329e-05 1.22676e-05 1.05627e-05 9.07905e-06 7.78387e-06 6.64964e-06 5.65329e-06 4.77547e-06 3.99998e-06 3.31323e-06 2.70391e-06 2.16263e-06 1.68167e-06 1.25479e-06 8.77006e-07 5.4454e-07 4.71981e-07 4.10219e-07 3.57538e-07 3.12495e-07 2.73873e-07 2.40647e-07 2.11953e-07 1.87061e-07 1.65354e-07 1.46312e-07 1.29492e-07 1.15838e-07
0.000865154 1.69469e-05 1.45757e-05 1.2531e-05 1.07625e-05 9.22808e-06 7.89258e-06 6.72657e-06 5.7054e-06 4.80845e-06 4.01843e-06 3.32092e-06 2.70391e-06 2.15744e-06 1.67335e-06 1.245e-06 8.67159e-07 5.35786e-07 4.62772e-07 4.00807e-07 3.48125e-07 3.03243e-07 2.64912e-07 2.32081e-07 2.03865e-07 1.79519e-07 1.58414e-07 1.40021e-07 1.2389e-07 1.09642e-07 9.81188e-08
0.000777255 1.49905e-05 1.28554e-05 1.1014e-05 9.42083e-06 8.03827e-06 6.83474e-06 5.78386e-06 4.86356e-06 4.05541e-06 3.34403e-06 2.71663e-06 2.16263e-06 1.67335e-06 1.24175e-06 8.62242e-07 5.30542e-07 4.56642e-07 3.94092e-07 3.4107e-07 2.96045e-07 2.5773e-07 2.25045e-07 1.97079e-07 1.73068e-07 1.52368e-07 1.34437e-07 1.18818e-07 1.05125e-07 9.30307e-08 8.32848e-08
0.000699136 1.32423e-05 1.13182e-05 9.65815e-06 8.22158e-06 6.97463e-06 5.88899e-06 4.94104e-06 4.11107e-06 3.38264e-06 2.74212e-06 2.17821e-06 1.68167e-06 1.245e-06 8.62242e-07 5.28795e-07 4.53579e-07 3.90066e-07 3.36368e-07 2.90903e-07 2.52338e-07 2.19558e-07 1.91624e-07 1.67748e-07 1.47269e-07 1.29628e-07 1.14358e-07 1.01064e-07 8.94125e-08 7.91225e-08 7.08597e-08
0.000629526 1.16765e-05 9.94108e-06 8.44331e-06 7.14683e-06 6.02124e-06 5.04122e-06 4.18564e-06 3.43692e-06 2.78048e-06 2.20425e-06 1.69836e-06 1.25479e-06 8.67159e-07 5.30542e-07 4.53579e-07 3.88725e-07 3.34019e-07 2.87817e-07 2.48741e-07 2.15632e-07 1.87519e-07 1.63588e-07 1.43153e-07 1.25641e-07 1.1057e-07 9.75321e-08 8.61874e-08 7.62475e-08 6.74695e-08 6.04452e-08
0.000567337 1.02708e-05 8.70442e-06 7.35207e-06 6.18117e-06 5.1645e-06 4.27942e-06 3.50708e-06 2.83186e-06 2.24084e-06 1.72346e-06 1.27113e-06 8.77006e-07 5.35786e-07 4.56642e-07 3.90066e-07 3.34019e-07 2.86789e-07 2.46942e-07 2.13274e-07 1.84777e-07 1.60605e-07 1.40048e-07 1.22511e-07 1.07496e-07 9.45828e-08 8.342e-08 7.37112e-08 6.52072e-08 5.76976e-08 5.1708e-08
0.000511634 9.00601e-06 7.59123e-06 6.36944e-06 5.31141e-06 4.3928e-06 3.5934e-06 2.89645e-06 2.28812e-06 1.75706e-06 1.29408e-06 8.91811e-07 5.4454e-07 4.62772e-07 3.94092e-07 3.36368e-07 2.87817e-07 2.46942e-07 2.12488e-07 1.83404e-07 1.58811e-07 1.37969e-07 1.20261e-07 1.05167e-07 9.22546e-08 8.11578e-08 7.15708e-08 6.32364e-08 5.59383e-08 4.94939e-08 4.43697e-08
0.000461608 7.8653e-06 6.58683e-06 5.48252e-06 4.52622e-06 3.69621e-06 2.9745e-06 2.34625e-06 1.79928e-06 1.32371e-06 9.11616e-07 5.56822e-07 4.71981e-07 4.00807e-07 3.4107e-07 2.90903e-07 2.48741e-07 2.13274e-07 1.83404e-07 1.58212e-07 1.36927e-07 1.18905e-07 1.03604e-07 9.05743e-08 7.94347e-08 6.98681e-08 6.16077e-08 5.44296e-08 4.81456e-08 4.25971e-08 3.81977e-08
0.00041656 6.83421e-06 5.67851e-06 4.68019e-06 3.81589e-06 3.06629e-06 2.41544e-06 1.85026e-06 1.36011e-06 9.36471e-07 5.72653e-07 4.84283e-07 4.10219e-07 3.48125e-07 2.96045e-07 2.52338e-07 2.15632e-07 1.84777e-07 1.58811e-07 1.36927e-07 1.18452e-07 1.0282e-07 8.95594e-08 7.82741e-08 6.86327e-08 6.03575e-08 5.32159e-08 4.70123e-08 4.15827e-08 3.67887e-08 3.29973e-08
0.000375885 5.90013e-06 4.85528e-06 3.95288e-06 3.17214e-06 2.49592e-06 1.91015e-06 1.40339e-06 9.66435e-07 5.92061e-07 4.99692e-07 4.22336e-07 3.57538e-07 3.03243e-07 2.5773e-07 2.19558e-07 1.87519e-07 1.60605e-07 1.37969e-07 1.18905e-07 1.0282e-07 8.92201e-08 7.76904e-08 6.78841e-08 5.95111e-08 5.23283e-08 4.6132e-08 4.07515e-08 3.60432e-08 3.18864e-08 2.8606e-08
0.000339054 5.05213e-06 4.10765e-06 3.2924e-06 2.58794e-06 1.97913e-06 1.45365e-06 1.00157e-06 6.15069e-07 5.18224e-07 4.37164e-07 3.69309e-07 3.12495e-07 2.64912e-07 2.25045e-07 1.91624e-07 1.63588e-07 1.40048e-07 1.20261e-07 1.03604e-07 8.95594e-08 7.76904e-08 6.76334e-08 5.90841e-08 5.17878e-08 4.55314e-08 4.01363e-08 3.54528e-08 3.13552e-08 2.77377e-08 2.48881e-08
0.000305607 4.28071e-06 3.42745e-06 2.69177e-06 2.05738e-06 1.51101e-06 1.04193e-06 6.41696e-07 5.39886e-07 4.54705e-07 3.83433e-07 3.23792e-07 2.73873e-07 2.32081e-07 1.97079e-07 1.67748e-07 1.43153e-07 1.22511e-07 1.05167e-07 9.05743e-08 7.82741e-08 6.78841e-08 5.90841e-08 5.16064e-08 4.52271e-08 3.97589e-08 3.50448e-08 3.09535e-08 2.73745e-08 2.42151e-08 2.17299e-08
0.000275141 3.57766e-06 2.80768e-06 2.14508e-06 1.57557e-06 1.08758e-06 6.71948e-07 5.64675e-07 4.74948e-07 3.99896e-07 3.37116e-07 2.84594e-07 2.40647e-07 2.03865e-07 1.73068e-07 1.47269e-07 1.25641e-07 1.07496e-07 9.22546e-08 7.94347e-08 6.86327e-08 5.95111e-08 5.17878e-08 4.52271e-08 3.96317e-08 3.48367e-08 3.0704e-08 2.71178e-08 2.39811e-08 2.12123e-08 1.90366e-08
0.000247299 2.93592e-06 2.2424e-06 1.64743e-06 1.13855e-06 7.05812e-07 5.92572e-07 4.97869e-07 4.1867e-07 3.52437e-07 2.97045e-07 2.50713e-07 2.11953e-07 1.79519e-07 1.52368e-07 1.29628e-07 1.1057e-07 9.45828e-08 8.11578e-08 6.98681e-08 6.03575e-08 5.23283e-08 4.55314e-08 3.97589e-08 3.48367e-08 3.06194e-08 2.69851e-08 2.3832e-08 2.10743e-08 1.86401e-08 1.67288e-08
0.00022177 2.34948e-06 1.72666e-06 1.19483e-06 7.43242e-07 6.23527e-07 5.23416e-07 4.39704e-07 3.69706e-07 3.11176e-07 2.62232e-07 2.21299e-07 1.87061e-07 1.58414e-07 1.34437e-07 1.14358e-07 9.75321e-08 8.342e-08 7.15708e-08 6.16077e-08 5.32159e-08 4.6132e-08 4.01363e-08 3.50448e-08 3.0704e-08 2.69851e-08 2.37808e-08 2.10009e-08 1.85699e-08 1.64241e-08 1.47399e-08
0.000198275 1.81327e-06 1.25639e-06 7.8415e-07 6.57453e-07 5.51506e-07 4.62916e-07 3.88846e-07 3.26916e-07 2.75136e-07 2.31841e-07 1.95636e-07 1.65354e-07 1.40021e-07 1.18818e-07 1.01064e-07 8.61874e-08 7.37112e-08 6.32364e-08 5.44296e-08 4.70123e-08 4.07515e-08 3.54528e-08 3.09535e-08 2.71178e-08 2.3832e-08 2.10009e-08 1.8545e-08 1.63974e-08 1.45019e-08 1.30145e-08
0.000176566 1.32312e-06 8.28383e-07 6.94206e-07 5.82003e-07 4.88183e-07 4.0974e-07 3.44157e-07 2.89328e-07 2.43489e-07 2.05163e-07 1.73115e-07 1.46312e-07 1.2389e-07 1.05125e-07 8.94125e-08 7.62475e-08 6.52072e-08 5.59383e-08 4.81456e-08 4.15827e-08 3.60432e-08 3.13552e-08 2.73745e-08 2.39811e-08 2.10743e-08 1.85699e-08 1.63974e-08 1.44977e-08 1.28212e-08 1.15056e-08
0.000156425 8.75703e-07 7.33569e-07 6.14709e-07 5.15321e-07 4.32223e-07 3.6275e-07 3.04671e-07 2.56118e-07 2.15529e-07 1.81594e-07 1.53221e-07 1.29492e-07 1.09642e-07 9.30307e-08 7.91225e-08 6.74695e-08 5.76976e-08 4.94939e-08 4.25971e-08 3.67887e-08 3.18864e-08 2.77377e-08 2.42151e-08 2.12123e-08 1.86401e-08 1.64241e-08 1.45019e-08 1.28212e-08 1.1338e-08 1.01741e-08
0.000142324 7.8063e-07 6.54084e-07 5.48244e-07 4.59729e-07 3.85708e-07 3.23812e-07 2.72055e-07 2.28778e-07 1.92589e-07 1.62326e-07 1.37014e-07 1.15838e-07 9.81188e-08 8.32848e-08 7.08597e-08 6.04452e-08 5.1708e-08 4.43697e-08 3.81977e-08 3.29973e-08 2.8606e-08 2.48881e-08 2.17299e-08 1.90366e-08 1.67288e-08 1.47399e-08 1.30145e-08 1.15056e-08 1.01741e-08 9.1274e-09
