0.99005 0.000493712 0.000442892 0.000397415 0.000356708 0.000320259 0.000287615 0.000258368 0.000232158 0.000208663 0.000187594 0.000168696 0.000151739 0.00013652 0.000122855 0.000110581 9.95536e-05 8.96416e-05 8.07287e-05 7.27105e-05 6.54939e-05 5.89952e-05 5.31395e-05 4.78596e-05 4.30952e-05 3.87921e-05 3.49017e-05 3.13799e-05 2.81873e-05 2.52882e-05 2.28283e-05
0.000493712 1.40302e-06 1.25851e-06 1.12909e-06 1.01311e-06 9.09125e-07 8.15827e-07 7.32064e-07 6.56806e-07 5.89132e-07 5.28223e-07 4.73345e-07 4.23841e-07 3.79126e-07 3.38673e-07 3.02012e-07 2.68718e-07 2.38411e-07 2.10748e-07 1.85419e-07 1.62145e-07 1.40671e-07 1.20769e-07 1.02227e-07 8.48546e-08 6.84758e-08 5.29296e-08 3.80672e-08 2.37511e-08 9.85388e-09 8.87096e-09
0.000442892 1.25851e-06 1.12869e-06 1.01239e-06 9.08159e-07 8.14676e-07 7.30779e-07 6.55428e-07 5.87697e-07 5.26759e-07 4.71874e-07 4.22384e-07 3.77698e-07 3.37286e-07 3.00675e-07 2.67439e-07 2.37196e-07 2.09602e-07 1.84345e-07 1.61145e-07 1.39748e-07 1.19923e-07 1.01461e-07 8.41685e-08 6.78715e-08 5.24084e-08 3.76311e-08 2.34024e-08 9.59537e-09 8.61235e-09 7.75383e-09
0.000397415 1.12909e-06 1.01239e-06 9.07837e-07 8.14101e-07 7.30008e-07 6.5451e-07 5.86672e-07 5.2566e-07 4.70731e-07 4.21219e-07 3.76529e-07 3.3613e-07 2.99544e-07 2.66343e-07 2.36143e-07 2.08598e-07 1.83396e-07 1.60255e-07 1.3892e-07 1.1916e-07 1.00764e-07 8.35414e-08 6.73156e-08 5.1926e-08 3.72244e-08 2.30741e-08 9.3487e-09 8.39058e-09 7.53092e-09 6.78069e-09
0.000356708 1.01311e-06 9.08159e-07 8.14101e-07 7.29751e-07 6.54051e-07 5.86057e-07 5.24928e-07 4.69914e-07 4.20344e-07 3.7562e-07 3.35204e-07 2.98618e-07 2.65429e-07 2.35251e-07 2.07737e-07 1.82572e-07 1.59474e-07 1.38187e-07 1.18479e-07 1.00139e-07 8.29744e-08 6.68097e-08 5.14838e-08 3.68489e-08 2.27684e-08 9.11619e-09 8.17943e-09 7.34107e-09 6.58888e-09 5.93293e-09
0.000320259 9.09125e-07 8.14676e-07 7.30008e-07 6.54051e-07 5.85852e-07 5.24562e-07 4.69424e-07 4.19761e-07 3.7497e-07 3.3451e-07 2.97897e-07 2.64697e-07 2.34521e-07 2.07019e-07 1.81875e-07 1.58805e-07 1.37552e-07 1.17883e-07 9.95858e-08 8.24685e-08 6.63547e-08 5.10833e-08 3.65061e-08 2.24868e-08 8.89967e-09 7.98099e-09 7.16076e-09 6.42675e-09 5.76819e-09 5.19432e-09
0.000287615 8.15827e-07 7.30779e-07 6.5451e-07 5.86057e-07 5.24562e-07 4.6926e-07 4.1947e-07 3.74581e-07 3.34047e-07 2.97382e-07 2.64148e-07 2.33953e-07 2.06444e-07 1.81303e-07 1.58246e-07 1.37013e-07 1.1737e-07 9.91053e-08 8.20246e-08 6.59517e-08 5.07253e-08 3.6197e-08 2.22307e-08 8.70061e-09 7.79691e-09 6.99186e-09 6.27318e-09 5.63009e-09 5.05312e-09 4.55072e-09
0.000258368 7.32064e-07 6.55428e-07 5.86672e-07 5.24928e-07 4.69424e-07 4.1947e-07 3.74451e-07 3.33816e-07 2.97073e-07 2.63782e-07 2.33547e-07 2.06012e-07 1.80859e-07 1.57799e-07 1.36572e-07 1.16943e-07 9.86979e-08 8.16431e-08 6.56013e-08 5.04107e-08 3.59227e-08 2.20011e-08 8.52017e-09 7.6285e-09 6.83584e-09 6.12984e-09 5.49967e-09 4.93583e-09 4.42996e-09 3.98981e-09
0.000232158 6.56806e-07 5.87697e-07 5.2566e-07 4.69914e-07 4.19761e-07 3.74581e-07 3.33816e-07 2.9697e-07 2.63599e-07 2.33303e-07 2.05725e-07 1.80541e-07 1.57463e-07 1.36228e-07 1.166e-07 9.83641e-08 8.13246e-08 6.53041e-08 5.01401e-08 3.56838e-08 2.17988e-08 8.35927e-09 7.47679e-09 6.69388e-09 5.99807e-09 5.37844e-09 4.82543e-09 4.33067e-09 3.88679e-09 3.50085e-09
0.000208663 5.89132e-07 5.26759e-07 4.70731e-07 4.20344e-07 3.7497e-07 3.34047e-07 2.97073e-07 2.63599e-07 2.33222e-07 2.05581e-07 1.80351e-07 1.57239e-07 1.35983e-07 1.16343e-07 9.81042e-08 8.10694e-08 6.50603e-08 4.99139e-08 3.54809e-08 2.16244e-08 8.21862e-09 7.34261e-09 6.56691e-09 5.8789e-09 5.26757e-09 4.72327e-09 4.23755e-09 3.80303e-09 3.4132e-09 3.0745e-09
0.000187594 5.28223e-07 4.71874e-07 4.21219e-07 3.7562e-07 3.3451e-07 2.97382e-07 2.63782e-07 2.33303e-07 2.05581e-07 1.80287e-07 1.57127e-07 1.35836e-07 1.16172e-07 9.79184e-08 8.08778e-08 6.48705e-08 4.97326e-08 3.53143e-08 2.14784e-08 8.09881e-09 7.2266e-09 6.45565e-09 5.77318e-09 5.16801e-09 4.6304e-09 4.15182e-09 3.72481e-09 3.34283e-09 3.00015e-09 2.70262e-09
0.000168696 4.73345e-07 4.22384e-07 3.76529e-07 3.35204e-07 2.97897e-07 2.64148e-07 2.33547e-07 2.05725e-07 1.80351e-07 1.57127e-07 1.35787e-07 1.16086e-07 9.78069e-08 8.075e-08 6.47347e-08 4.95964e-08 3.51845e-08 2.13613e-08 8.00025e-09 7.12927e-09 6.36069e-09 5.68155e-09 5.0805e-09 4.54767e-09 4.07442e-09 3.6532e-09 3.27742e-09 2.94129e-09 2.63975e-09 2.37812e-09
0.000151739 4.23841e-07 3.77698e-07 3.3613e-07 2.98618e-07 2.64697e-07 2.33953e-07 2.06012e-07 1.80541e-07 1.57239e-07 1.35836e-07 1.16086e-07 9.77697e-08 8.0686e-08 6.46532e-08 4.95055e-08 3.50916e-08 2.12731e-08 7.92329e-09 7.05098e-09 6.28246e-09 5.60451e-09 5.00562e-09 4.47573e-09 4.00609e-09 3.58905e-09 3.21793e-09 2.88687e-09 2.59078e-09 2.32515e-09 2.09484e-09
0.00013652 3.79126e-07 3.37286e-07 2.99544e-07 2.65429e-07 2.34521e-07 2.06444e-07 1.80859e-07 1.57463e-07 1.35983e-07 1.16172e-07 9.78069e-08 8.0686e-08 6.4626e-08 4.946e-08 3.50358e-08 2.12143e-08 7.86815e-09 6.99204e-09 6.2213e-09 5.54247e-09 4.94381e-09 4.4151e-09 3.94744e-09 3.53303e-09 3.16511e-09 2.83775e-09 2.54577e-09 2.28464e-09 2.05038e-09 1.8474e-09
0.000122855 3.38673e-07 3.00675e-07 2.66343e-07 2.35251e-07 2.07019e-07 1.81303e-07 1.57799e-07 1.36228e-07 1.16343e-07 9.79184e-08 8.075e-08 6.46532e-08 4.946e-08 3.50172e-08 2.11848e-08 7.835e-09 6.95264e-09 6.17745e-09 5.4957e-09 4.89542e-09 4.36618e-09 3.8989e-09 3.48566e-09 3.11957e-09 2.7946e-09 2.5055e-09 2.24768e-09 2.0171e-09 1.81027e-09 1.63115e-09
0.000110581 3.02012e-07 2.67439e-07 2.36143e-07 2.07737e-07 1.81875e-07 1.58246e-07 1.36572e-07 1.166e-07 9.81042e-08 8.08778e-08 6.47347e-08 4.95055e-08 3.50358e-08 2.11848e-08 7.82394e-09 6.93291e-09 6.15108e-09 5.46442e-09 4.86069e-09 4.32925e-09 3.86082e-09 3.44734e-09 3.08176e-09 2.75795e-09 2.47057e-09 2.21494e-09 1.98698e-09 1.78314e-09 1.60028e-09 1.44202e-09
9.95536e-05 2.68718e-07 2.37196e-07 2.08598e-07 1.82572e-07 1.58805e-07 1.37013e-07 1.16943e-07 9.83641e-08 8.10694e-08 6.48705e-08 4.95964e-08 3.50916e-08 2.12143e-08 7.835e-09 6.93291e-09 6.14228e-09 5.44874e-09 4.83978e-09 4.30452e-09 3.83346e-09 3.41835e-09 3.05202e-09 2.7282e-09 2.44142e-09 2.18695e-09 1.96062e-09 1.75882e-09 1.57837e-09 1.4165e-09 1.27648e-09
8.96416e-05 2.38411e-07 2.09602e-07 1.83396e-07 1.59474e-07 1.37552e-07 1.1737e-07 9.86979e-08 8.13246e-08 6.50603e-08 4.97326e-08 3.51845e-08 2.12731e-08 7.86815e-09 6.95264e-09 6.15108e-09 5.44874e-09 4.83281e-09 4.29212e-09 3.81697e-09 3.39892e-09 3.03061e-09 2.70563e-09 2.41842e-09 2.16412e-09 1.93849e-09 1.73784e-09 1.55895e-09 1.399e-09 1.25551e-09 1.13146e-09
8.07287e-05 2.10748e-07 1.84345e-07 1.60255e-07 1.38187e-07 1.17883e-07 9.91053e-08 8.16431e-08 6.53041e-08 4.99139e-08 3.53143e-08 2.13613e-08 7.92329e-09 6.99204e-09 6.17745e-09 5.46442e-09 4.83978e-09 4.29212e-09 3.81147e-09 3.38917e-09 3.01769e-09 2.69048e-09 2.40182e-09 2.14675e-09 1.92094e-09 1.72062e-09 1.54249e-09 1.38369e-09 1.24171e-09 1.11436e-09 1.00429e-09
7.27105e-05 1.85419e-07 1.61145e-07 1.3892e-07 1.18479e-07 9.95858e-08 8.20246e-08 6.56013e-08 5.01401e-08 3.54809e-08 2.14784e-08 8.00025e-09 7.05098e-09 6.2213e-09 5.4957e-09 4.86069e-09 4.30452e-09 3.81697e-09 3.38917e-09 3.01338e-09 2.68287e-09 2.3918e-09 2.13506e-09 1.90823e-09 1.70745e-09 1.52935e-09 1.37101e-09 1.22985e-09 1.10365e-09 9.90445e-10 8.9265e-10
6.54939e-05 1.62145e-07 1.39748e-07 1.1916e-07 1.00139e-07 8.24685e-08 6.59517e-08 5.04107e-08 3.56838e-08 2.16244e-08 8.09881e-09 7.12927e-09 6.28246e-09 5.54247e-09 4.89542e-09 4.32925e-09 3.83346e-09 3.39892e-09 3.01769e-09 2.68287e-09 2.38844e-09 2.12918e-09 1.90054e-09 1.69856e-09 1.51979e-09 1.36124e-09 1.22028e-09 1.09463e-09 9.82302e-10 8.8154e-10 7.94523e-10
5.89952e-05 1.40671e-07 1.19923e-07 1.00764e-07 8.29744e-08 6.63547e-08 5.07253e-08 3.59227e-08 2.17988e-08 8.21862e-09 7.2266e-09 6.36069e-09 5.60451e-09 4.94381e-09 4.36618e-09 3.86082e-09 3.41835e-09 3.03061e-09 2.69048e-09 2.3918e-09 2.12918e-09 1.89797e-09 1.69408e-09 1.51399e-09 1.35461e-09 1.21327e-09 1.08762e-09 9.75623e-10 8.755e-10 7.8569e-10 7.08153e-10
5.31395e-05 1.20769e-07 1.01461e-07 8.35414e-08 6.68097e-08 5.10833e-08 3.6197e-08 2.20011e-08 8.35927e-09 7.34261e-09 6.45565e-09 5.68155e-09 5.00562e-09 4.4151e-09 3.8989e-09 3.44734e-09 3.05202e-09 2.70563e-09 2.40182e-09 2.13506e-09 1.90054e-09 1.69408e-09 1.51204e-09 1.35126e-09 1.20899e-09 1.08282e-09 9.70674e-10 8.70715e-10 7.81354e-10 7.01199e-10 6.32014e-10
4.78596e-05 1.02227e-07 8.41685e-08 6.73156e-08 5.14838e-08 3.65061e-08 2.22307e-08 8.52017e-09 7.47679e-09 6.56691e-09 5.77318e-09 5.0805e-09 4.47573e-09 3.94744e-09 3.48566e-09 3.08176e-09 2.7282e-09 2.41842e-09 2.14675e-09 1.90823e-09 1.69856e-09 1.51399e-09 1.35126e-09 1.20755e-09 1.08039e-09 9.67635e-10 8.67407e-10 7.78077e-10 6.98221e-10 6.26592e-10 5.64777e-10
4.30952e-05 8.48546e-08 6.78715e-08 5.1926e-08 3.68489e-08 2.24868e-08 8.70061e-09 7.6285e-09 6.69388e-09 5.8789e-09 5.16801e-09 4.54767e-09 4.00609e-09 3.53303e-09 3.11957e-09 2.75795e-09 2.44142e-09 2.16412e-09 1.92094e-09 1.70745e-09 1.51979e-09 1.35461e-09 1.20899e-09 1.08039e-09 9.6661e-10 8.65718e-10 7.76041e-10 6.96118e-10 6.24671e-10 5.60585e-10 5.05288e-10
3.87921e-05 6.84758e-08 5.24084e-08 3.72244e-08 2.27684e-08 8.89967e-09 7.79691e-09 6.83584e-09 5.99807e-09 5.26757e-09 4.6304e-09 4.07442e-09 3.58905e-09 3.16511e-09 2.7946e-09 2.47057e-09 2.18695e-09 1.93849e-09 1.72062e-09 1.52935e-09 1.36124e-09 1.21327e-09 1.08282e-09 9.67635e-10 8.65718e-10 7.75351e-10 6.95031e-10 6.23448e-10 5.59458e-10 5.02061e-10 4.52541e-10
3.49017e-05 5.29296e-08 3.76311e-08 2.30741e-08 9.11619e-09 7.98099e-09 6.99186e-09 6.12984e-09 5.37844e-09 4.72327e-09 4.15182e-09 3.6532e-09 3.21793e-09 2.83775e-09 2.5055e-09 2.21494e-09 1.96062e-09 1.73784e-09 1.54249e-09 1.37101e-09 1.22028e-09 1.08762e-09 9.70674e-10 8.67407e-10 7.76041e-10 6.95031e-10 6.23029e-10 5.5886e-10 5.01498e-10 4.50046e-10 4.05658e-10
3.13799e-05 3.80672e-08 2.34024e-08 9.3487e-09 8.17943e-09 7.16076e-09 6.27318e-09 5.49967e-09 4.82543e-09 4.23755e-09 3.72481e-09 3.27742e-09 2.88687e-09 2.54577e-09 2.24768e-09 1.98698e-09 1.75882e-09 1.55895e-09 1.38369e-09 1.22985e-09 1.09463e-09 9.75623e-10 8.70715e-10 7.78077e-10 6.96118e-10 6.23448e-10 5.5886e-10 5.01299e-10 4.49844e-10 4.03691e-10 3.63875e-10
2.81873e-05 2.37511e-08 9.59537e-09 8.39058e-09 7.34107e-09 6.42675e-09 5.63009e-09 4.93583e-09 4.33067e-09 3.80303e-09 3.34283e-09 2.94129e-09 2.59078e-09 2.28464e-09 2.0171e-09 1.78314e-09 1.57837e-09 1.399e-09 1.24171e-09 1.10365e-09 9.82302e-10 8.755e-10 7.81354e-10 6.98221e-10 6.24671e-10 5.59458e-10 5.01498e-10 4.49844e-10 4.0367e-10 3.62254e-10 3.26525e-10
2.52882e-05 9.85388e-09 8.61235e-09 7.53092e-09 6.58888e-09 5.76819e-09 5.05312e-09 4.42996e-09 3.88679e-09 3.4132e-09 3.00015e-09 2.63975e-09 2.32515e-09 2.05038e-09 1.81027e-09 1.60028e-09 1.4165e-09 1.25551e-09 1.11436e-09 9.90445e-10 8.8154e-10 7.8569e-10 7.01199e-10 6.26592e-10 5.60585e-10 5.02061e-10 4.50046e-10 4.03691e-10 3.62254e-10 3.25086e-10 2.93023e-10
2.28283e-05 8.87096e-09 7.75383e-09 6.78069e-09 5.93293e-09 5.19432e-09 4.55072e-09 3.98981e-09 3.50085e-09 3.0745e-09 2.70262e-09 2.37812e-09 2.09484e-09 1.8474e-09 1.63115e-09 1.44202e-09 1.27648e-09 1.13146e-09 1.00429e-09 8.9265e-10 7.94523e-10 7.08153e-10 6.32014e-10 5.64777e-10 5.05288e-10 4.52541e-10 4.05658e-10 3.63875e-10 3.26525e-10 2.93023e-10 2.64118e-10
