0.99377 0.000310039 0.000278466 0.000250152 0.000224756 0.000201974 0.000181531 0.000163186 0.000146719 0.000131936 0.000118662 0.000106741 9.60317e-05 8.64103e-05 7.77641e-05 6.99926e-05 6.30056e-05 5.67226e-05 5.1071e-05 4.59861e-05 4.14096e-05 3.72892e-05 3.35782e-05 3.02343e-05 2.72198e-05 2.45005e-05 2.2046e-05 1.98287e-05 1.78236e-05 1.60084e-05 1.44358e-05
0.000310039 5.53045e-07 4.96605e-07 4.45951e-07 4.00474e-07 3.59626e-07 3.22918e-07 2.89913e-07 2.6022e-07 2.33489e-07 2.09404e-07 1.87685e-07 1.68079e-07 1.50358e-07 1.34318e-07 1.19776e-07 1.06566e-07 9.45379e-08 8.35576e-08 7.3502e-08 6.42599e-08 5.57301e-08 4.782e-08 4.04447e-08 3.35261e-08 2.6992e-08 2.07755e-08 1.48139e-08 9.04849e-09 3.42362e-09 3.08272e-09
0.000278466 4.96605e-07 4.45852e-07 4.00296e-07 3.59387e-07 3.22633e-07 2.89594e-07 2.59877e-07 2.33131e-07 2.09038e-07 1.87317e-07 1.67713e-07 1.49998e-07 1.33968e-07 1.19438e-07 1.06242e-07 9.42297e-08 8.32661e-08 7.32282e-08 6.40046e-08 5.54938e-08 4.76031e-08 4.02476e-08 3.33493e-08 2.6836e-08 2.06407e-08 1.47008e-08 8.95778e-09 3.35614e-09 3.01522e-09 2.71509e-09
0.000250152 4.45951e-07 4.00296e-07 3.59307e-07 3.2249e-07 2.89402e-07 2.59649e-07 2.32875e-07 2.08763e-07 1.8703e-07 1.6742e-07 1.49704e-07 1.33676e-07 1.19152e-07 1.05964e-07 9.39622e-08 8.30106e-08 7.29862e-08 6.37771e-08 5.52817e-08 4.74072e-08 4.00686e-08 3.31878e-08 2.66925e-08 2.05159e-08 1.45953e-08 8.8724e-09 3.29176e-09 2.95728e-09 2.65686e-09 2.3925e-09
0.000224756 4.00474e-07 3.59387e-07 3.2249e-07 2.89339e-07 2.59534e-07 2.32721e-07 2.0858e-07 1.86825e-07 1.672e-07 1.49475e-07 1.33443e-07 1.18918e-07 1.05732e-07 9.37357e-08 8.27915e-08 7.27762e-08 6.35777e-08 5.50942e-08 4.72326e-08 3.99079e-08 3.30417e-08 2.65619e-08 2.04014e-08 1.44979e-08 8.79287e-09 3.23106e-09 2.90212e-09 2.60723e-09 2.34235e-09 2.10937e-09
0.000201974 3.59626e-07 3.22633e-07 2.89402e-07 2.59534e-07 2.3267e-07 2.08489e-07 1.86702e-07 1.67054e-07 1.49311e-07 1.33268e-07 1.18735e-07 1.05547e-07 9.35503e-08 8.26087e-08 7.25983e-08 6.34065e-08 5.49314e-08 4.70795e-08 3.97656e-08 3.29113e-08 2.64444e-08 2.02977e-08 1.4409e-08 8.71963e-09 3.17455e-09 2.85029e-09 2.56009e-09 2.29993e-09 2.06627e-09 1.86082e-09
0.000181531 3.22918e-07 2.89594e-07 2.59649e-07 2.32721e-07 2.08489e-07 1.86661e-07 1.66981e-07 1.49213e-07 1.33151e-07 1.18605e-07 1.05408e-07 9.3406e-08 8.24624e-08 7.24526e-08 6.32638e-08 5.47934e-08 4.6948e-08 3.9642e-08 3.27969e-08 2.63403e-08 2.02051e-08 1.43288e-08 8.653e-09 3.12258e-09 2.8022e-09 2.51593e-09 2.25975e-09 2.03011e-09 1.82385e-09 1.64257e-09
0.000163186 2.89913e-07 2.59877e-07 2.32875e-07 2.0858e-07 1.86702e-07 1.66981e-07 1.49181e-07 1.33092e-07 1.18527e-07 1.05315e-07 9.33028e-08 8.23526e-08 7.23392e-08 6.31494e-08 5.46804e-08 4.68382e-08 3.95372e-08 3.26986e-08 2.62498e-08 2.01236e-08 1.42576e-08 8.59325e-09 3.07548e-09 2.7582e-09 2.47514e-09 2.22225e-09 1.99596e-09 1.79311e-09 1.61093e-09 1.45086e-09
0.000146719 2.6022e-07 2.33131e-07 2.08763e-07 1.86825e-07 1.67054e-07 1.49213e-07 1.33092e-07 1.18501e-07 1.05269e-07 9.3241e-08 8.22794e-08 7.22582e-08 6.30636e-08 5.45924e-08 4.67503e-08 3.94513e-08 3.26165e-08 2.6173e-08 2.00536e-08 1.41956e-08 8.5406e-09 3.03347e-09 2.71857e-09 2.43803e-09 2.18778e-09 1.96422e-09 1.76419e-09 1.58489e-09 1.42385e-09 1.28242e-09
0.000131936 2.33489e-07 2.09038e-07 1.8703e-07 1.672e-07 1.49311e-07 1.33151e-07 1.18527e-07 1.05269e-07 9.32203e-08 8.22427e-08 7.22095e-08 6.30064e-08 5.45295e-08 4.66844e-08 3.93845e-08 3.25507e-08 2.611e-08 1.9995e-08 1.41429e-08 8.49522e-09 2.99675e-09 2.68351e-09 2.40483e-09 2.1566e-09 1.93519e-09 1.73742e-09 1.56047e-09 1.40187e-09 1.25942e-09 1.13436e-09
0.000118662 2.09404e-07 1.87317e-07 1.6742e-07 1.49475e-07 1.33268e-07 1.18605e-07 1.05315e-07 9.3241e-08 8.22427e-08 7.21933e-08 6.29778e-08 5.44918e-08 4.66403e-08 3.93367e-08 3.25013e-08 2.60609e-08 1.9948e-08 1.40997e-08 8.45723e-09 2.96547e-09 2.6532e-09 2.37575e-09 2.12894e-09 1.90913e-09 1.71309e-09 1.53799e-09 1.38134e-09 1.24094e-09 1.11484e-09 1.00417e-09
0.000106741 1.87685e-07 1.67713e-07 1.49704e-07 1.33443e-07 1.18735e-07 1.05408e-07 9.33028e-08 8.22794e-08 7.22095e-08 6.29778e-08 5.44792e-08 4.66183e-08 3.9308e-08 3.24683e-08 2.60259e-08 1.99128e-08 1.4066e-08 8.42673e-09 2.93974e-09 2.62777e-09 2.35092e-09 2.10497e-09 1.88622e-09 1.69141e-09 1.5177e-09 1.36255e-09 1.22376e-09 1.09937e-09 9.87651e-10 8.8964e-10
9.60317e-05 1.68079e-07 1.49998e-07 1.33676e-07 1.18918e-07 1.05547e-07 9.3406e-08 8.23526e-08 7.22582e-08 6.30064e-08 5.44918e-08 4.66183e-08 3.92984e-08 3.24518e-08 2.60048e-08 1.98892e-08 1.40419e-08 8.40379e-09 2.91964e-09 2.60732e-09 2.33046e-09 2.08481e-09 1.86661e-09 1.67256e-09 1.49978e-09 1.34572e-09 1.20814e-09 1.08507e-09 9.74772e-10 8.75711e-10 7.88834e-10
8.64103e-05 1.50358e-07 1.33968e-07 1.19152e-07 1.05732e-07 9.35503e-08 8.24624e-08 7.23392e-08 6.30636e-08 5.45295e-08 4.66403e-08 3.9308e-08 3.24518e-08 2.59978e-08 1.98775e-08 1.40274e-08 8.38847e-09 2.90524e-09 2.59192e-09 2.31447e-09 2.06858e-09 1.85043e-09 1.65668e-09 1.4844e-09 1.33102e-09 1.19427e-09 1.07216e-09 9.62938e-10 8.65051e-10 7.77137e-10 7.0006e-10
7.77641e-05 1.34318e-07 1.19438e-07 1.05964e-07 9.37357e-08 8.26087e-08 7.24526e-08 6.31494e-08 5.45924e-08 4.66844e-08 3.93367e-08 3.24683e-08 2.60048e-08 1.98775e-08 1.40226e-08 8.38081e-09 2.89659e-09 2.58162e-09 2.30301e-09 2.05634e-09 1.83776e-09 1.64386e-09 1.47168e-09 1.3186e-09 1.18232e-09 1.06083e-09 9.5235e-10 8.55324e-10 7.68373e-10 6.90282e-10 6.21836e-10
6.99926e-05 1.19776e-07 1.06242e-07 9.39622e-08 8.27915e-08 7.25983e-08 6.32638e-08 5.46804e-08 4.67503e-08 3.93845e-08 3.25013e-08 2.60259e-08 1.98892e-08 1.40274e-08 8.38081e-09 2.8937e-09 2.57646e-09 2.29611e-09 2.04815e-09 1.82866e-09 1.63418e-09 1.4617e-09 1.30854e-09 1.17239e-09 1.0512e-09 9.43164e-10 8.4671e-10 7.60441e-10 6.83133e-10 6.13703e-10 5.52865e-10
6.30056e-05 1.06566e-07 9.42297e-08 8.30106e-08 7.27762e-08 6.34065e-08 5.47934e-08 4.68382e-08 3.94513e-08 3.25507e-08 2.60609e-08 1.99128e-08 1.40419e-08 8.38847e-09 2.89659e-09 2.57646e-09 2.29381e-09 2.04405e-09 1.82319e-09 1.6277e-09 1.45452e-09 1.30094e-09 1.16458e-09 1.04338e-09 9.35502e-10 8.39346e-10 7.53501e-10 6.76725e-10 6.07926e-10 5.46138e-10 4.92009e-10
5.67226e-05 9.45379e-08 8.32661e-08 7.29862e-08 6.35777e-08 5.49314e-08 4.6948e-08 3.95372e-08 3.26165e-08 2.611e-08 1.9948e-08 1.4066e-08 8.40379e-09 2.90524e-09 2.58162e-09 2.29611e-09 2.04405e-09 1.82136e-09 1.62446e-09 1.4502e-09 1.29584e-09 1.15896e-09 1.03745e-09 9.29456e-10 8.33341e-10 7.47675e-10 6.71199e-10 6.02806e-10 5.41519e-10 4.86479e-10 4.38273e-10
5.1071e-05 8.35576e-08 7.32282e-08 6.37771e-08 5.50942e-08 4.70795e-08 3.9642e-08 3.26986e-08 2.6173e-08 1.9995e-08 1.40997e-08 8.42673e-09 2.91964e-09 2.59192e-09 2.30301e-09 2.04815e-09 1.82319e-09 1.62446e-09 1.44875e-09 1.29328e-09 1.15557e-09 1.03347e-09 9.25092e-10 8.28772e-10 7.43055e-10 6.66662e-10 5.98467e-10 5.37482e-10 4.82836e-10 4.33759e-10 3.90784e-10
4.59861e-05 7.3502e-08 6.40046e-08 5.52817e-08 4.72326e-08 3.97656e-08 3.27969e-08 2.62498e-08 2.00536e-08 1.41429e-08 8.45723e-09 2.93974e-09 2.60732e-09 2.31447e-09 2.05634e-09 1.82866e-09 1.6277e-09 1.4502e-09 1.29328e-09 1.15444e-09 1.03147e-09 9.22456e-10 8.25696e-10 7.39709e-10 6.63193e-10 5.95004e-10 5.34135e-10 4.79704e-10 4.3093e-10 3.87128e-10 3.48779e-10
4.14096e-05 6.42599e-08 5.54938e-08 4.74072e-08 3.99079e-08 3.29113e-08 2.63403e-08 2.01236e-08 1.41956e-08 8.49522e-09 2.96547e-09 2.62777e-09 2.33046e-09 2.06858e-09 1.83776e-09 1.63418e-09 1.45452e-09 1.29584e-09 1.15557e-09 1.03147e-09 9.21574e-10 8.24149e-10 7.37684e-10 6.60851e-10 5.92484e-10 5.31559e-10 4.77178e-10 4.28549e-10 3.84976e-10 3.45844e-10 3.11589e-10
3.72892e-05 5.57301e-08 4.76031e-08 4.00686e-08 3.30417e-08 2.64444e-08 2.02051e-08 1.42576e-08 8.5406e-09 2.99675e-09 2.6532e-09 2.35092e-09 2.08481e-09 1.85043e-09 1.64386e-09 1.4617e-09 1.30094e-09 1.15896e-09 1.03347e-09 9.22456e-10 8.24149e-10 7.37006e-10 6.59671e-10 5.90953e-10 5.29811e-10 4.75327e-10 4.26696e-10 3.8321e-10 3.44246e-10 3.09254e-10 2.78626e-10
3.35782e-05 4.782e-08 4.02476e-08 3.31878e-08 2.65619e-08 2.02977e-08 1.43288e-08 8.59325e-09 3.03347e-09 2.68351e-09 2.37575e-09 2.10497e-09 1.86661e-09 1.65668e-09 1.47168e-09 1.30854e-09 1.16458e-09 1.03745e-09 9.25092e-10 8.25696e-10 7.37684e-10 6.59671e-10 5.90441e-10 5.28928e-10 4.74198e-10 4.2543e-10 3.81902e-10 3.42981e-10 3.08106e-10 2.76787e-10 2.49377e-10
3.02343e-05 4.04447e-08 3.33493e-08 2.66925e-08 2.04014e-08 1.4409e-08 8.653e-09 3.07548e-09 2.71857e-09 2.40483e-09 2.12894e-09 1.88622e-09 1.67256e-09 1.4844e-09 1.3186e-09 1.17239e-09 1.04338e-09 9.29456e-10 8.28772e-10 7.39709e-10 6.60851e-10 5.90953e-10 5.28928e-10 4.73819e-10 4.24788e-10 3.81099e-10 3.42106e-10 3.07239e-10 2.75999e-10 2.47943e-10 2.23391e-10
2.72198e-05 3.35261e-08 2.6836e-08 2.05159e-08 1.44979e-08 8.71963e-09 3.12258e-09 2.7582e-09 2.43803e-09 2.1566e-09 1.90913e-09 1.69141e-09 1.49978e-09 1.33102e-09 1.18232e-09 1.0512e-09 9.35502e-10 8.33341e-10 7.43055e-10 6.63193e-10 5.92484e-10 5.29811e-10 4.74198e-10 4.24788e-10 3.80829e-10 3.41659e-10 3.06701e-10 2.75442e-10 2.47434e-10 2.22281e-10 2.00272e-10
2.45005e-05 2.6992e-08 2.06407e-08 1.45953e-08 8.79287e-09 3.17455e-09 2.8022e-09 2.47514e-09 2.18778e-09 1.93519e-09 1.71309e-09 1.5177e-09 1.34572e-09 1.19427e-09 1.06083e-09 9.43164e-10 8.39346e-10 7.47675e-10 6.66662e-10 5.95004e-10 5.31559e-10 4.75327e-10 4.2543e-10 3.81099e-10 3.41659e-10 3.06518e-10 2.75154e-10 2.4711e-10 2.21983e-10 1.99417e-10 1.79672e-10
2.2046e-05 2.07755e-08 1.47008e-08 8.8724e-09 3.23106e-09 2.85029e-09 2.51593e-09 2.22225e-09 1.96422e-09 1.73742e-09 1.53799e-09 1.36255e-09 1.20814e-09 1.07216e-09 9.5235e-10 8.4671e-10 7.53501e-10 6.71199e-10 5.98467e-10 5.34135e-10 4.77178e-10 4.26696e-10 3.81902e-10 3.42106e-10 3.06701e-10 2.75154e-10 2.46999e-10 2.21824e-10 1.99268e-10 1.79011e-10 1.61287e-10
1.98287e-05 1.48139e-08 8.95778e-09 3.29176e-09 2.90212e-09 2.56009e-09 2.25975e-09 1.99596e-09 1.76419e-09 1.56047e-09 1.38134e-09 1.22376e-09 1.08507e-09 9.62938e-10 8.55324e-10 7.60441e-10 6.76725e-10 6.02806e-10 5.37482e-10 4.79704e-10 4.28549e-10 3.8321e-10 3.42981e-10 3.07239e-10 2.75442e-10 2.4711e-10 2.21824e-10 1.99215e-10 1.78958e-10 1.60765e-10 1.44848e-10
1.78236e-05 9.04849e-09 3.35614e-09 2.95728e-09 2.60723e-09 2.29993e-09 2.03011e-09 1.79311e-09 1.58489e-09 1.40187e-09 1.24094e-09 1.09937e-09 9.74772e-10 8.65051e-10 7.68373e-10 6.83133e-10 6.07926e-10 5.41519e-10 4.82836e-10 4.3093e-10 3.84976e-10 3.44246e-10 3.08106e-10 2.75999e-10 2.47434e-10 2.21983e-10 1.99268e-10 1.78958e-10 1.6076e-10 1.44418e-10 1.30119e-10
1.60084e-05 3.42362e-09 3.01522e-09 2.65686e-09 2.34235e-09 2.06627e-09 1.82385e-09 1.61093e-09 1.42385e-09 1.25942e-09 1.11484e-09 9.87651e-10 8.75711e-10 7.77137e-10 6.90282e-10 6.13703e-10 5.46138e-10 4.86479e-10 4.33759e-10 3.87128e-10 3.45844e-10 3.09254e-10 2.76787e-10 2.47943e-10 2.22281e-10 1.99417e-10 1.79011e-10 1.60765e-10 1.44418e-10 1.29736e-10 1.16891e-10
1.44358e-05 3.08272e-09 2.71509e-09 2.3925e-09 2.10937e-09 1.86082e-09 1.64257e-09 1.45086e-09 1.28242e-09 1.13436e-09 1.00417e-09 8.8964e-10 7.88834e-10 7.0006e-10 6.21836e-10 5.52865e-10 4.92009e-10 4.38273e-10 3.90784e-10 3.48779e-10 3.11589e-10 2.78626e-10 2.49377e-10 2.23391e-10 2.00272e-10 1.79672e-10 1.61287e-10 1.44848e-10 1.30119e-10 1.16891e-10 1.05317e-10
