0.987074 0.00315834 0.00159965 0.000810196 0.000410352 0.000207837 0.000105266 5.33156e-05 2.70035e-05 1.36769e-05 6.92711e-06 3.50847e-06 1.77699e-06 9.00016e-07 4.55844e-07 2.30878e-07 1.16936e-07 5.92262e-08 2.99972e-08 1.51931e-08 7.69506e-09 3.89743e-09 1.97399e-09 9.99793e-10 5.06379e-10 2.56473e-10 1.299e-10 6.57921e-11 3.33227e-11 1.68774e-11 8.54815e-12 4.3295e-12 2.19283e-12 1.11063e-12 5.62517e-13 2.84906e-13 1.44301e-13 7.3086e-14 3.70169e-14 1.87485e-14 9.49581e-15 4.80948e-15 2.43593e-15 1.23376e-15 6.24879e-16 3.16491e-16 1.60298e-16 8.11884e-17 4.11206e-17 2.0827e-17 1.05485e-17 5.34266e-18 2.70598e-18 1.37053e-18 6.94154e-19 3.51578e-19 1.78069e-19 9.01891e-20 4.56793e-20 2.31359e-20 1.1718e-20 5.93496e-21 3.00596e-21 1.52247e-21 7.71109e-22 3.90555e-22 1.9781e-22 1.00188e-22 5.07434e-23 2.57007e-23 1.3017e-23 6.59292e-24 3.33921e-24 1.69126e-24 8.56595e-25 4.33852e-25 2.19739e-25 1.11295e-25 5.63689e-26 2.855e-26 1.44601e-26 7.32382e-27 3.7094e-27 1.87875e-27 9.51559e-28 4.8195e-28 2.441e-28 1.23633e-28 6.26181e-29 3.17151e-29 1.60632e-29 8.13575e-30 4.12063e-30 2.08703e-30 1.05705e-30 5.35379e-31 2.71161e-31 1.37339e-31 6.956e-32 3.5231e-32 1.7844e-32
0.00315834 3.06302e-05 1.55795e-05 7.92412e-06 4.03033e-06 2.04985e-06 1.04255e-06 5.30228e-07 2.69663e-07 1.37143e-07 6.97457e-08 3.54695e-08 1.80378e-08 9.17292e-09 4.6647e-09 2.3721e-09 1.20624e-09 6.13379e-10 3.11901e-10 1.58598e-10 8.06441e-11 4.10053e-11 2.08498e-11 1.06012e-11 5.39019e-12 2.7406e-12 1.39341e-12 7.0845e-13 3.6019e-13 1.83125e-13 9.31016e-14 4.73327e-14 2.40635e-14 1.22335e-14 6.21921e-15 3.16165e-15 1.60726e-15 8.17062e-16 4.15352e-16 2.11141e-16 1.0733e-16 5.45589e-17 2.77335e-17 1.40973e-17 7.16579e-18 3.64238e-18 1.85141e-18 9.41048e-19 4.78318e-19 2.43118e-19 1.23569e-19 6.28057e-20 3.19215e-20 1.62241e-20 8.24582e-21 4.19084e-21 2.12992e-21 1.08248e-21 5.5014e-22 2.79589e-22 1.4209e-22 7.22105e-23 3.66972e-23 1.86492e-23 9.47724e-24 4.81614e-24 2.44744e-24 1.24371e-24 6.32009e-25 3.2116e-25 1.63198e-25 8.29286e-26 4.21394e-26 2.14125e-26 1.08804e-26 5.52858e-27 2.80918e-27 1.42739e-27 7.25268e-28 3.68512e-28 1.8724e-28 9.51356e-29 4.83373e-29 2.45594e-29 1.24781e-29 6.33979e-30 3.22105e-30 1.6365e-30 8.31437e-31 4.22415e-31 2.14607e-31 1.0903e-31 5.53916e-32 2.81408e-32 1.42964e-32 7.26292e-33 3.68971e-33 1.87443e-33 9.52233e-34 4.83741e-34 2.45741e-34
0.00159965 1.55795e-05 7.92476e-06 4.03097e-06 2.05034e-06 1.04288e-06 5.30439e-07 2.69792e-07 1.37219e-07 6.979e-08 3.54948e-08 1.80521e-08 9.18088e-09 4.66911e-09 2.37452e-09 1.20757e-09 6.14099e-10 3.12291e-10 1.58808e-10 8.07571e-11 4.10659e-11 2.08821e-11 1.06185e-11 5.39935e-12 2.74546e-12 1.39599e-12 7.09812e-13 3.60909e-13 1.83504e-13 9.3301e-14 4.74374e-14 2.41185e-14 1.22623e-14 6.23432e-15 3.16956e-15 1.6114e-15 8.19222e-16 4.1648e-16 2.11729e-16 1.07637e-16 5.47186e-17 2.78166e-17 1.41406e-17 7.18827e-18 3.65406e-18 1.85747e-18 9.44195e-19 4.79951e-19 2.43964e-19 1.24008e-19 6.3033e-20 3.20391e-20 1.6285e-20 8.27733e-21 4.20714e-21 2.13835e-21 1.08684e-21 5.52391e-22 2.80752e-22 1.4269e-22 7.25203e-23 3.6857e-23 1.87317e-23 9.51978e-24 4.83808e-24 2.45875e-24 1.24954e-24 6.35011e-25 3.22707e-25 1.63995e-25 8.33387e-26 4.23505e-26 2.15212e-26 1.09363e-26 5.55735e-27 2.82398e-27 1.43499e-27 7.2918e-28 3.70523e-28 1.88274e-28 9.56669e-29 4.86103e-29 2.46996e-29 1.25501e-29 6.37679e-30 3.24005e-30 1.64625e-30 8.36445e-31 4.24985e-31 2.15927e-31 1.09707e-31 5.57389e-32 2.8319e-32 1.43878e-32 7.3098e-33 3.71376e-33 1.88676e-33 9.58554e-34 4.86981e-34 2.47402e-34 1.25687e-34
0.000810196 7.92412e-06 4.03097e-06 2.05051e-06 1.04305e-06 5.30567e-07 2.69878e-07 1.37274e-07 6.98233e-08 3.55145e-08 1.80635e-08 9.1874e-09 4.67278e-09 2.37657e-09 1.2087e-09 6.14724e-10 3.12633e-10 1.58994e-10 8.08577e-11 4.11201e-11 2.09113e-11 1.06341e-11 5.4077e-12 2.74991e-12 1.39835e-12 7.11066e-13 3.61573e-13 1.83855e-13 9.34863e-14 4.75351e-14 2.41699e-14 1.22893e-14 6.24851e-15 3.177e-15 1.6153e-15 8.21262e-16 4.17547e-16 2.12286e-16 1.07928e-16 5.48704e-17 2.78957e-17 1.41818e-17 7.20971e-18 3.66521e-18 1.86327e-18 9.47208e-19 4.81515e-19 2.44776e-19 1.24429e-19 6.32514e-20 3.21523e-20 1.63437e-20 8.3077e-21 4.22286e-21 2.14648e-21 1.09105e-21 5.54566e-22 2.81876e-22 1.43271e-22 7.28203e-23 3.70119e-23 1.88116e-23 9.56105e-24 4.85937e-24 2.46973e-24 1.2552e-24 6.3793e-25 3.24211e-25 1.6477e-25 8.37379e-26 4.25562e-26 2.16271e-26 1.09908e-26 5.5854e-27 2.83841e-27 1.44242e-27 7.33001e-28 3.72488e-28 1.89284e-28 9.61863e-29 4.88773e-29 2.48368e-29 1.26206e-29 6.41301e-30 3.25866e-30 1.65581e-30 8.41352e-31 4.27505e-31 2.1722e-31 1.10371e-31 5.60797e-32 2.84939e-32 1.44775e-32 7.35584e-33 3.73737e-33 1.89887e-33 9.64767e-34 4.90167e-34 2.49036e-34 1.26525e-34 6.42814e-35
0.000410352 4.03033e-06 2.05034e-06 1.04305e-06 5.30609e-07 2.69921e-07 1.37307e-07 6.98454e-08 3.55285e-08 1.80721e-08 9.19248e-09 4.67573e-09 2.37825e-09 1.20965e-09 6.15254e-10 3.12926e-10 1.59155e-10 8.09457e-11 4.1168e-11 2.09372e-11 1.06481e-11 5.41521e-12 2.75393e-12 1.4005e-12 7.12212e-13 3.62182e-13 1.84178e-13 9.36576e-14 4.76257e-14 2.42177e-14 1.23145e-14 6.26176e-15 3.18397e-15 1.61896e-15 8.23181e-16 4.18552e-16 2.12812e-16 1.08203e-16 5.50141e-17 2.79707e-17 1.42209e-17 7.23011e-18 3.67584e-18 1.8688e-18 9.50085e-19 4.83011e-19 2.45553e-19 1.24833e-19 6.34609e-20 3.2261e-20 1.64e-20 8.3369e-21 4.23799e-21 2.15432e-21 1.0951e-21 5.56664e-22 2.82961e-22 1.43832e-22 7.31104e-23 3.71618e-23 1.88891e-23 9.60103e-24 4.88001e-24 2.48038e-24 1.2607e-24 6.40765e-25 3.25673e-25 1.65523e-25 8.41263e-26 4.27563e-26 2.17302e-26 1.10439e-26 5.61274e-27 2.85249e-27 1.44967e-27 7.36728e-28 3.74405e-28 1.90271e-28 9.66936e-29 4.91382e-29 2.4971e-29 1.26896e-29 6.44845e-30 3.27686e-30 1.66516e-30 8.46158e-31 4.29973e-31 2.18488e-31 1.11022e-31 5.64139e-32 2.86654e-32 1.45656e-32 7.40102e-33 3.76056e-33 1.91077e-33 9.70868e-34 4.93297e-34 2.50641e-34 1.27348e-34 6.47035e-35 3.28745e-35
0.000207837 2.04985e-06 1.04288e-06 5.30567e-07 2.69921e-07 1.37317e-07 6.98565e-08 3.5537e-08 1.80778e-08 9.1961e-09 4.67793e-09 2.37956e-09 1.21041e-09 6.15687e-10 3.1317e-10 1.59292e-10 8.10213e-11 4.12095e-11 2.09599e-11 1.06604e-11 5.42189e-12 2.75754e-12 1.40244e-12 7.1325e-13 3.62737e-13 1.84474e-13 9.38147e-14 4.7709e-14 2.42618e-14 1.23379e-14 6.27409e-15 3.19047e-15 1.62238e-15 8.24978e-16 4.19495e-16 2.13307e-16 1.08462e-16 5.51498e-17 2.80417e-17 1.4258e-17 7.24946e-18 3.68593e-18 1.87406e-18 9.52826e-19 4.84438e-19 2.46295e-19 1.25219e-19 6.36614e-20 3.23651e-20 1.64541e-20 8.36494e-21 4.25253e-21 2.16185e-21 1.09901e-21 5.58686e-22 2.84008e-22 1.44374e-22 7.33905e-23 3.73067e-23 1.89639e-23 9.63972e-24 4.9e-24 2.4907e-24 1.26603e-24 6.43514e-25 3.27091e-25 1.66255e-25 8.45036e-26 4.29508e-26 2.18304e-26 1.10955e-26 5.63935e-27 2.86619e-27 1.45672e-27 7.40362e-28 3.76276e-28 1.91233e-28 9.71889e-29 4.93929e-29 2.5102e-29 1.2757e-29 6.48309e-30 3.29467e-30 1.67432e-30 8.50861e-31 4.3239e-31 2.19729e-31 1.1166e-31 5.67413e-32 2.88336e-32 1.46519e-32 7.44534e-33 3.7833e-33 1.92244e-33 9.76858e-34 4.9637e-34 2.52218e-34 1.28157e-34 6.51183e-35 3.30872e-35 1.68118e-35
0.000105266 1.04255e-06 5.30439e-07 2.69878e-07 1.37307e-07 6.98565e-08 3.55398e-08 1.80807e-08 9.19828e-09 4.67941e-09 2.38049e-09 1.21098e-09 6.16024e-10 3.13365e-10 1.59403e-10 8.10842e-11 4.12447e-11 2.09794e-11 1.06711e-11 5.42774e-12 2.76072e-12 1.40416e-12 7.14179e-13 3.63236e-13 1.84741e-13 9.39577e-14 4.77852e-14 2.43024e-14 1.23594e-14 6.28547e-15 3.19649e-15 1.62555e-15 8.26653e-16 4.20377e-16 2.13771e-16 1.08705e-16 5.52774e-17 2.81085e-17 1.4293e-17 7.26776e-18 3.6955e-18 1.87905e-18 9.5543e-19 4.85795e-19 2.47003e-19 1.25587e-19 6.38529e-20 3.24647e-20 1.65058e-20 8.39181e-21 4.26648e-21 2.16909e-21 1.10276e-21 5.60631e-22 2.85016e-22 1.44896e-22 7.36607e-23 3.74465e-23 1.90362e-23 9.67711e-24 4.91932e-24 2.50069e-24 1.27118e-24 6.46178e-25 3.28467e-25 1.66965e-25 8.48699e-26 4.31397e-26 2.19278e-26 1.11458e-26 5.66524e-27 2.87953e-27 1.4636e-27 7.43902e-28 3.78099e-28 1.92172e-28 9.76719e-29 4.96415e-29 2.52299e-29 1.28228e-29 6.51693e-30 3.31207e-30 1.68326e-30 8.55461e-31 4.34754e-31 2.20944e-31 1.12284e-31 5.7062e-32 2.89983e-32 1.47365e-32 7.48877e-33 3.8056e-33 1.93389e-33 9.82735e-34 4.99386e-34 2.53765e-34 1.28951e-34 6.55257e-35 3.32962e-35 1.6919e-35 8.59705e-36
5.33156e-05 5.30228e-07 2.69792e-07 1.37274e-07 6.98454e-08 3.5537e-08 1.80807e-08 9.199e-09 4.68014e-09 2.38105e-09 1.21136e-09 6.16264e-10 3.13512e-10 1.5949e-10 8.11346e-11 4.12734e-11 2.09956e-11 1.06802e-11 5.43276e-12 2.76348e-12 1.40567e-12 7.14999e-13 3.6368e-13 1.84981e-13 9.40864e-14 4.78542e-14 2.43392e-14 1.2379e-14 6.29592e-15 3.20203e-15 1.62849e-15 8.28206e-16 4.21197e-16 2.14203e-16 1.08933e-16 5.5397e-17 2.81713e-17 1.43259e-17 7.28501e-18 3.70453e-18 1.88377e-18 9.57897e-19 4.87083e-19 2.47674e-19 1.25937e-19 6.40353e-20 3.25597e-20 1.65552e-20 8.4175e-21 4.27983e-21 2.17602e-21 1.10636e-21 5.62498e-22 2.85984e-22 1.45397e-22 7.39207e-23 3.75811e-23 1.91059e-23 9.71319e-24 4.93798e-24 2.51034e-24 1.27617e-24 6.48756e-25 3.29798e-25 1.67652e-25 8.52249e-26 4.33229e-26 2.20224e-26 1.11945e-26 5.69039e-27 2.8925e-27 1.47028e-27 7.47346e-28 3.79873e-28 1.93086e-28 9.81426e-29 4.98838e-29 2.53546e-29 1.2887e-29 6.54996e-30 3.32907e-30 1.692e-30 8.59955e-31 4.37065e-31 2.22132e-31 1.12894e-31 5.73758e-32 2.91595e-32 1.48193e-32 7.53133e-33 3.82746e-33 1.94511e-33 9.88497e-34 5.02344e-34 2.55284e-34 1.2973e-34 6.59256e-35 3.35014e-35 1.70243e-35 8.65105e-36 4.39608e-36
2.70035e-05 2.69663e-07 1.37219e-07 6.98233e-08 3.55285e-08 1.80778e-08 9.19828e-09 4.68014e-09 2.38124e-09 1.21155e-09 6.16409e-10 3.1361e-10 1.59552e-10 8.11724e-11 4.12958e-11 2.10086e-11 1.06876e-11 5.43694e-12 2.76581e-12 1.40697e-12 7.1571e-13 3.64069e-13 1.85192e-13 9.42009e-14 4.7916e-14 2.43724e-14 1.23968e-14 6.30543e-15 3.2071e-15 1.63118e-15 8.29636e-16 4.21954e-16 2.14603e-16 1.09144e-16 5.55084e-17 2.823e-17 1.43567e-17 7.3012e-18 3.71302e-18 1.88822e-18 9.60227e-19 4.88301e-19 2.48311e-19 1.26269e-19 6.42087e-20 3.265e-20 1.66023e-20 8.44201e-21 4.29258e-21 2.18265e-21 1.1098e-21 5.64287e-22 2.86913e-22 1.45879e-22 7.41706e-23 3.77107e-23 1.91731e-23 9.74795e-24 4.95598e-24 2.51965e-24 1.28099e-24 6.51247e-25 3.31086e-25 1.68318e-25 8.55687e-26 4.35005e-26 2.2114e-26 1.12418e-26 5.7148e-27 2.90509e-27 1.47677e-27 7.50694e-28 3.81599e-28 1.93975e-28 9.86008e-29 5.01199e-29 2.54762e-29 1.29495e-29 6.58218e-30 3.34565e-30 1.70054e-30 8.64344e-31 4.39322e-31 2.23293e-31 1.13491e-31 5.76827e-32 2.93173e-32 1.49004e-32 7.57298e-33 3.84886e-33 1.95611e-33 9.94143e-34 5.05243e-34 2.56772e-34 1.30494e-34 6.63179e-35 3.37028e-35 1.71276e-35 8.70408e-36 4.42329e-36 2.24783e-36
1.36769e-05 1.37143e-07 6.979e-08 3.55145e-08 1.80721e-08 9.1961e-09 4.67941e-09 2.38105e-09 1.21155e-09 6.16457e-10 3.13659e-10 1.59589e-10 8.11976e-11 4.13118e-11 2.10183e-11 1.06934e-11 5.44029e-12 2.76773e-12 1.40805e-12 7.16313e-13 3.64403e-13 1.85376e-13 9.43012e-14 4.79705e-14 2.44019e-14 1.24127e-14 6.31399e-15 3.21168e-15 1.63364e-15 8.30942e-16 4.22649e-16 2.14972e-16 1.0934e-16 5.56117e-17 2.82845e-17 1.43855e-17 7.31633e-18 3.72097e-18 1.8924e-18 9.62417e-19 4.89449e-19 2.48912e-19 1.26584e-19 6.43729e-20 3.27358e-20 1.6647e-20 8.46532e-21 4.30472e-21 2.18898e-21 1.11309e-21 5.65998e-22 2.87802e-22 1.46341e-22 7.44103e-23 3.7835e-23 1.92376e-23 9.78138e-24 4.9733e-24 2.52862e-24 1.28563e-24 6.53651e-25 3.32329e-25 1.68961e-25 8.59011e-26 4.36723e-26 2.22028e-26 1.12877e-26 5.73847e-27 2.91731e-27 1.48308e-27 7.53946e-28 3.83276e-28 1.9484e-28 9.90465e-29 5.03495e-29 2.55945e-29 1.30105e-29 6.61357e-30 3.36181e-30 1.70886e-30 8.68627e-31 4.41526e-31 2.24427e-31 1.14074e-31 5.79826e-32 2.94715e-32 1.49797e-32 7.61373e-33 3.8698e-33 1.96687e-33 9.99672e-34 5.08084e-34 2.58231e-34 1.31243e-34 6.67026e-35 3.39003e-35 1.7229e-35 8.75611e-36 4.44999e-36 2.26153e-36 1.14932e-36
6.92711e-06 6.97457e-08 3.54948e-08 1.80635e-08 9.19248e-09 4.67793e-09 2.38049e-09 1.21136e-09 6.16409e-10 3.13659e-10 1.59602e-10 8.12102e-11 4.13214e-11 2.10248e-11 1.06975e-11 5.4428e-12 2.76921e-12 1.40891e-12 7.16806e-13 3.64681e-13 1.85531e-13 9.43872e-14 4.80178e-14 2.44278e-14 1.24268e-14 6.3216e-15 3.21579e-15 1.63584e-15 8.32125e-16 4.23281e-16 2.15309e-16 1.09519e-16 5.57068e-17 2.83349e-17 1.44121e-17 7.3304e-18 3.72839e-18 1.8963e-18 9.64469e-19 4.90527e-19 2.49477e-19 1.2688e-19 6.45279e-20 3.28168e-20 1.66894e-20 8.48744e-21 4.31626e-21 2.19499e-21 1.11623e-21 5.6763e-22 2.88651e-22 1.46782e-22 7.46397e-23 3.79542e-23 1.92994e-23 9.81347e-24 4.98995e-24 2.53725e-24 1.29011e-24 6.55967e-25 3.33528e-25 1.69582e-25 8.62221e-26 4.38383e-26 2.22886e-26 1.1332e-26 5.76138e-27 2.92914e-27 1.48919e-27 7.571e-28 3.84903e-28 1.95679e-28 9.94795e-29 5.05728e-29 2.57096e-29 1.30698e-29 6.64413e-30 3.37755e-30 1.71696e-30 8.72801e-31 4.43675e-31 2.25533e-31 1.14644e-31 5.82754e-32 2.96221e-32 1.50571e-32 7.65357e-33 3.89028e-33 1.9774e-33 1.00508e-33 5.10864e-34 2.5966e-34 1.31977e-34 6.70795e-35 3.40938e-35 1.73284e-35 8.80715e-36 4.47619e-36 2.27498e-36 1.15622e-36 5.87628e-37
3.50847e-06 3.54695e-08 1.80521e-08 9.1874e-09 4.67573e-09 2.37956e-09 1.21098e-09 6.16264e-10 3.1361e-10 1.59589e-10 8.12102e-11 4.13246e-11 2.10281e-11 1.06999e-11 5.44448e-12 2.77028e-12 1.40956e-12 7.17189e-13 3.64903e-13 1.85658e-13 9.44589e-14 4.80578e-14 2.445e-14 1.2439e-14 6.32827e-15 3.21942e-15 1.63781e-15 8.33184e-16 4.2385e-16 2.15614e-16 1.09682e-16 5.57937e-17 2.83811e-17 1.44366e-17 7.34339e-18 3.73526e-18 1.89993e-18 9.66382e-19 4.91533e-19 2.50006e-19 1.27158e-19 6.46737e-20 3.28932e-20 1.67294e-20 8.50836e-21 4.3272e-21 2.2007e-21 1.1192e-21 5.69182e-22 2.89459e-22 1.47204e-22 7.48588e-23 3.80681e-23 1.93586e-23 9.84423e-24 5.00591e-24 2.54554e-24 1.2944e-24 6.58194e-25 3.34683e-25 1.70179e-25 8.65316e-26 4.39985e-26 2.23715e-26 1.13749e-26 5.78354e-27 2.9406e-27 1.4951e-27 7.60155e-28 3.86481e-28 1.96494e-28 9.98998e-29 5.07896e-29 2.58214e-29 1.31275e-29 6.67385e-30 3.39287e-30 1.72486e-30 8.76867e-31 4.45769e-31 2.26611e-31 1.15199e-31 5.85611e-32 2.97692e-32 1.51328e-32 7.69248e-33 3.9103e-33 1.98769e-33 1.01037e-33 5.13584e-34 2.61058e-34 1.32696e-34 6.74486e-35 3.42835e-35 1.74258e-35 8.85717e-36 4.50188e-36 2.28817e-36 1.163e-36 5.91104e-37 3.00431e-37
1.77699e-06 1.80378e-08 9.18088e-09 4.67278e-09 2.37825e-09 1.21041e-09 6.16024e-10 3.13512e-10 1.59552e-10 8.11976e-11 4.13214e-11 2.10281e-11 1.07008e-11 5.44532e-12 2.77091e-12 1.40999e-12 7.17463e-13 3.6507e-13 1.85757e-13 9.45163e-14 4.80906e-14 2.44685e-14 1.24493e-14 6.33399e-15 3.22256e-15 1.63953e-15 8.3412e-16 4.24357e-16 2.15887e-16 1.09829e-16 5.58724e-17 2.84231e-17 1.44591e-17 7.35531e-18 3.74159e-18 1.90328e-18 9.68154e-19 4.92469e-19 2.505e-19 1.27417e-19 6.48103e-20 3.2965e-20 1.6767e-20 8.52808e-21 4.33752e-21 2.2061e-21 1.12202e-21 5.70655e-22 2.90228e-22 1.47604e-22 7.50675e-23 3.81768e-23 1.94152e-23 9.87363e-24 5.02119e-24 2.55347e-24 1.29852e-24 6.60333e-25 3.35792e-25 1.70754e-25 8.68296e-26 4.41528e-26 2.24514e-26 1.14162e-26 5.80494e-27 2.95166e-27 1.50083e-27 7.63112e-28 3.88009e-28 1.97283e-28 1.00307e-28 5.09999e-29 2.593e-29 1.31835e-29 6.70273e-30 3.40776e-30 1.73253e-30 8.80824e-31 4.47808e-31 2.27661e-31 1.1574e-31 5.88397e-32 2.99126e-32 1.52066e-32 7.73047e-33 3.92984e-33 1.99774e-33 1.01555e-33 5.16243e-34 2.62425e-34 1.33399e-34 6.78099e-35 3.44691e-35 1.75212e-35 8.90617e-36 4.52705e-36 2.3011e-36 1.16963e-36 5.94512e-37 3.02181e-37 1.53592e-37
9.00016e-07 9.17292e-09 4.66911e-09 2.37657e-09 1.20965e-09 6.15687e-10 3.13365e-10 1.5949e-10 8.11724e-11 4.13118e-11 2.10248e-11 1.06999e-11 5.44532e-12 2.77113e-12 1.4102e-12 7.17628e-13 3.65181e-13 1.85828e-13 9.45593e-14 4.81161e-14 2.44833e-14 1.24578e-14 6.33875e-15 3.22523e-15 1.641e-15 8.34931e-16 4.248e-16 2.16128e-16 1.09959e-16 5.59428e-17 2.8461e-17 1.44794e-17 7.36616e-18 3.74737e-18 1.90636e-18 9.69787e-19 4.93334e-19 2.50957e-19 1.27659e-19 6.49376e-20 3.3032e-20 1.68022e-20 8.54658e-21 4.34722e-21 2.21119e-21 1.12469e-21 5.72048e-22 2.90956e-22 1.47984e-22 7.52659e-23 3.82802e-23 1.9469e-23 9.90168e-24 5.03579e-24 2.56106e-24 1.30247e-24 6.62382e-25 3.36856e-25 1.71306e-25 8.71159e-26 4.43013e-26 2.25283e-26 1.14561e-26 5.82557e-27 2.96234e-27 1.50635e-27 7.6597e-28 3.89486e-28 1.98046e-28 1.00702e-28 5.12037e-29 2.60352e-29 1.32378e-29 6.73076e-30 3.42222e-30 1.73999e-30 8.8467e-31 4.49791e-31 2.28683e-31 1.16266e-31 5.9111e-32 3.00523e-32 1.52785e-32 7.76751e-33 3.94891e-33 2.00755e-33 1.02059e-33 5.18841e-34 2.63761e-34 1.34086e-34 6.81631e-35 3.46507e-35 1.76145e-35 8.95414e-36 4.5517e-36 2.31376e-36 1.17614e-36 5.97853e-37 3.03897e-37 1.54473e-37 7.85193e-38
4.55844e-07 4.6647e-09 2.37452e-09 1.2087e-09 6.15254e-10 3.1317e-10 1.59403e-10 8.11346e-11 4.12958e-11 2.10183e-11 1.06975e-11 5.44448e-12 2.77091e-12 1.4102e-12 7.17682e-13 3.65237e-13 1.8587e-13 9.4588e-14 4.81343e-14 2.44944e-14 1.24643e-14 6.34257e-15 3.2274e-15 1.64223e-15 8.35617e-16 4.2518e-16 2.16337e-16 1.10074e-16 5.60051e-17 2.84947e-17 1.44975e-17 7.37593e-18 3.7526e-18 1.90916e-18 9.71278e-19 4.94127e-19 2.51378e-19 1.27882e-19 6.50555e-20 3.30943e-20 1.68351e-20 8.56388e-21 4.35632e-21 2.21596e-21 1.12719e-21 5.73361e-22 2.91643e-22 1.48344e-22 7.54537e-23 3.83783e-23 1.95202e-23 9.92837e-24 5.0497e-24 2.5683e-24 1.30624e-24 6.64341e-25 3.37874e-25 1.71835e-25 8.73905e-26 4.44438e-26 2.26022e-26 1.14944e-26 5.84543e-27 2.97263e-27 1.51168e-27 7.68727e-28 3.90913e-28 1.98784e-28 1.01083e-28 5.14009e-29 2.61371e-29 1.32904e-29 6.75793e-30 3.43625e-30 1.74723e-30 8.88405e-31 4.51717e-31 2.29677e-31 1.16778e-31 5.93749e-32 3.01883e-32 1.53486e-32 7.80361e-33 3.9675e-33 2.01712e-33 1.02552e-33 5.21376e-34 2.65065e-34 1.34757e-34 6.85083e-35 3.48282e-35 1.77058e-35 9.00107e-36 4.57582e-36 2.32615e-36 1.18251e-36 6.01125e-37 3.05578e-37 1.55337e-37 7.89627e-38 4.01389e-38
2.30878e-07 2.3721e-09 1.20757e-09 6.14724e-10 3.12926e-10 1.59292e-10 8.10842e-11 4.12734e-11 2.10086e-11 1.06934e-11 5.4428e-12 2.77028e-12 1.40999e-12 7.17628e-13 3.65237e-13 1.85884e-13 9.46024e-14 4.81453e-14 2.45018e-14 1.2469e-14 6.34543e-15 3.2291e-15 1.64321e-15 8.36179e-16 4.25497e-16 2.16515e-16 1.10172e-16 5.6059e-17 2.85242e-17 1.45136e-17 7.38462e-18 3.75729e-18 1.91168e-18 9.72629e-19 4.94849e-19 2.51763e-19 1.28087e-19 6.51642e-20 3.31518e-20 1.68655e-20 8.57995e-21 4.36479e-21 2.22042e-21 1.12954e-21 5.74593e-22 2.9229e-22 1.48683e-22 7.56311e-23 3.84711e-23 1.95687e-23 9.95369e-24 5.06291e-24 2.57519e-24 1.30982e-24 6.6621e-25 3.38846e-25 1.72341e-25 8.76534e-26 4.45803e-26 2.26731e-26 1.15312e-26 5.86451e-27 2.98252e-27 1.5168e-27 7.71383e-28 3.92288e-28 1.99496e-28 1.01452e-28 5.15914e-29 2.62356e-29 1.33413e-29 6.78424e-30 3.44984e-30 1.75425e-30 8.92028e-31 4.53587e-31 2.30641e-31 1.17276e-31 5.96315e-32 3.03206e-32 1.54168e-32 7.83875e-33 3.9856e-33 2.02645e-33 1.03032e-33 5.23848e-34 2.66338e-34 1.35412e-34 6.88454e-35 3.50016e-35 1.7795e-35 9.04694e-36 4.5994e-36 2.33828e-36 1.18874e-36 6.04329e-37 3.07224e-37 1.56183e-37 7.93972e-38 4.03621e-38 2.05181e-38
1.16936e-07 1.20624e-09 6.14099e-10 3.12633e-10 1.59155e-10 8.10213e-11 4.12447e-11 2.09956e-11 1.06876e-11 5.44029e-12 2.76921e-12 1.40956e-12 7.17463e-13 3.65181e-13 1.8587e-13 9.46024e-14 4.81489e-14 2.45055e-14 1.24719e-14 6.34734e-15 3.23031e-15 1.64395e-15 8.36616e-16 4.25751e-16 2.16659e-16 1.10253e-16 5.61047e-17 2.85495e-17 1.45275e-17 7.39223e-18 3.76143e-18 1.91392e-18 9.73838e-19 4.95499e-19 2.52111e-19 1.28273e-19 6.52635e-20 3.32046e-20 1.68935e-20 8.5948e-21 4.37264e-21 2.22457e-21 1.13173e-21 5.75745e-22 2.92895e-22 1.49001e-22 7.57979e-23 3.85585e-23 1.96145e-23 9.97764e-24 5.07542e-24 2.58173e-24 1.31323e-24 6.67988e-25 3.39773e-25 1.72823e-25 8.79044e-26 4.47109e-26 2.2741e-26 1.15665e-26 5.88282e-27 2.99202e-27 1.52173e-27 7.73937e-28 3.93612e-28 2.00182e-28 1.01807e-28 5.17752e-29 2.63307e-29 1.33905e-29 6.80968e-30 3.46299e-30 1.76104e-30 8.95538e-31 4.55399e-31 2.31577e-31 1.17759e-31 5.98807e-32 3.04491e-32 1.54831e-32 7.87292e-33 4.00321e-33 2.03553e-33 1.035e-33 5.26258e-34 2.67579e-34 1.36051e-34 6.91742e-35 3.51709e-35 1.78821e-35 9.09175e-36 4.62245e-36 2.35013e-36 1.19484e-36 6.07463e-37 3.08835e-37 1.5701e-37 7.98227e-38 4.05807e-38 2.06304e-38 1.0488e-38
5.92262e-08 6.13379e-10 3.12291e-10 1.58994e-10 8.09457e-11 4.12095e-11 2.09794e-11 1.06802e-11 5.43694e-12 2.76773e-12 1.40891e-12 7.17189e-13 3.6507e-13 1.85828e-13 9.4588e-14 4.81453e-14 2.45055e-14 1.24728e-14 6.34829e-15 3.23104e-15 1.64444e-15 8.36929e-16 4.25941e-16 2.16772e-16 1.10319e-16 5.6142e-17 2.85706e-17 1.45393e-17 7.39875e-18 3.76502e-18 1.91588e-18 9.74906e-19 4.96078e-19 2.52423e-19 1.28441e-19 6.53534e-20 3.32527e-20 1.69192e-20 8.60842e-21 4.37988e-21 2.2284e-21 1.13375e-21 5.76815e-22 2.93459e-22 1.49298e-22 7.59542e-23 3.86406e-23 1.96575e-23 1.00002e-23 5.08724e-24 2.58791e-24 1.31647e-24 6.69675e-25 3.40653e-25 1.73282e-25 8.81436e-26 4.48354e-26 2.28058e-26 1.16002e-26 5.90034e-27 3.00112e-27 1.52646e-27 7.7639e-28 3.94884e-28 2.00842e-28 1.02149e-28 5.19523e-29 2.64224e-29 1.3438e-29 6.83425e-30 3.4757e-30 1.76761e-30 8.98934e-31 4.57154e-31 2.32484e-31 1.18227e-31 6.01224e-32 3.05739e-32 1.55475e-32 7.90613e-33 4.02034e-33 2.04436e-33 1.03955e-33 5.28603e-34 2.68787e-34 1.36673e-34 6.94948e-35 3.53359e-35 1.7967e-35 9.13548e-36 4.64496e-36 2.36171e-36 1.20079e-36 6.10526e-37 3.1041e-37 1.5782e-37 8.0239e-38 4.07947e-38 2.07404e-38 1.05445e-38 5.36081e-39
2.99972e-08 3.11901e-10 1.58808e-10 8.08577e-11 4.1168e-11 2.09599e-11 1.06711e-11 5.43276e-12 2.76581e-12 1.40805e-12 7.16806e-13 3.64903e-13 1.85757e-13 9.45593e-14 4.81343e-14 2.45018e-14 1.24719e-14 6.34829e-15 3.23128e-15 1.64469e-15 8.37116e-16 4.26068e-16 2.16853e-16 1.10368e-16 5.61711e-17 2.85875e-17 1.45489e-17 7.40419e-18 3.76806e-18 1.91756e-18 9.75832e-19 4.96584e-19 2.52699e-19 1.2859e-19 6.54339e-20 3.3296e-20 1.69423e-20 8.62082e-21 4.38649e-21 2.23192e-21 1.13562e-21 5.77804e-22 2.93982e-22 1.49574e-22 7.60998e-23 3.87173e-23 1.96979e-23 1.00214e-23 5.09835e-24 2.59373e-24 1.31951e-24 6.7127e-25 3.41487e-25 1.73718e-25 8.83708e-26 4.49539e-26 2.28676e-26 1.16323e-26 5.91707e-27 3.00982e-27 1.53098e-27 7.7874e-28 3.96104e-28 2.01475e-28 1.02477e-28 5.21227e-29 2.65107e-29 1.34837e-29 6.85793e-30 3.48796e-30 1.77396e-30 9.02216e-31 4.58851e-31 2.33361e-31 1.1868e-31 6.03566e-32 3.06948e-32 1.56099e-32 7.93835e-33 4.03697e-33 2.05293e-33 1.04397e-33 5.30884e-34 2.69963e-34 1.37279e-34 6.9807e-35 3.54968e-35 1.80499e-35 9.17813e-36 4.66691e-36 2.37301e-36 1.20661e-36 6.13518e-37 3.11949e-37 1.58612e-37 8.06461e-38 4.1004e-38 2.0848e-38 1.05998e-38 5.38924e-39 2.74001e-39
1.51931e-08 1.58598e-10 8.07571e-11 4.11201e-11 2.09372e-11 1.06604e-11 5.42774e-12 2.76348e-12 1.40697e-12 7.16313e-13 3.64681e-13 1.85658e-13 9.45163e-14 4.81161e-14 2.44944e-14 1.2469e-14 6.34734e-15 3.23104e-15 1.64469e-15 8.37179e-16 4.26132e-16 2.16901e-16 1.10401e-16 5.61919e-17 2.86001e-17 1.45564e-17 7.40855e-18 3.77055e-18 1.91897e-18 9.76616e-19 4.97018e-19 2.52938e-19 1.2872e-19 6.55049e-20 3.33345e-20 1.69631e-20 8.63199e-21 4.39247e-21 2.23512e-21 1.13732e-21 5.78711e-22 2.94464e-22 1.49829e-22 7.62348e-23 3.87885e-23 1.97355e-23 1.00412e-23 5.10876e-24 2.5992e-24 1.32238e-24 6.72773e-25 3.42274e-25 1.7413e-25 8.85861e-26 4.50663e-26 2.29262e-26 1.16629e-26 5.93301e-27 3.01812e-27 1.5353e-27 7.80987e-28 3.97272e-28 2.02082e-28 1.02792e-28 5.22862e-29 2.65955e-29 1.35277e-29 6.88073e-30 3.49977e-30 1.78008e-30 9.05382e-31 4.6049e-31 2.34209e-31 1.19119e-31 6.05832e-32 3.08119e-32 1.56704e-32 7.96959e-33 4.0531e-33 2.06126e-33 1.04827e-33 5.331e-34 2.71106e-34 1.37868e-34 7.01108e-35 3.56533e-35 1.81305e-35 9.21969e-36 4.68832e-36 2.38404e-36 1.21228e-36 6.16439e-37 3.13452e-37 1.59385e-37 8.1044e-38 4.12086e-38 2.09532e-38 1.06539e-38 5.41705e-39 2.7543e-39 1.40041e-39
7.69506e-09 8.06441e-11 4.10659e-11 2.09113e-11 1.06481e-11 5.42189e-12 2.76072e-12 1.40567e-12 7.1571e-13 3.64403e-13 1.85531e-13 9.44589e-14 4.80906e-14 2.44833e-14 1.24643e-14 6.34543e-15 3.23031e-15 1.64444e-15 8.37116e-16 4.26132e-16 2.16917e-16 1.10417e-16 5.62044e-17 2.86086e-17 1.45618e-17 7.41181e-18 3.77248e-18 1.92009e-18 9.77257e-19 4.9738e-19 2.5314e-19 1.28832e-19 6.55665e-20 3.33682e-20 1.69815e-20 8.64192e-21 4.39783e-21 2.238e-21 1.13887e-21 5.79536e-22 2.94904e-22 1.50063e-22 7.6359e-23 3.88544e-23 1.97703e-23 1.00596e-23 5.11846e-24 2.60431e-24 1.32507e-24 6.74184e-25 3.43014e-25 1.74518e-25 8.87893e-26 4.51726e-26 2.29818e-26 1.16919e-26 5.94815e-27 3.02602e-27 1.53942e-27 7.8313e-28 3.98388e-28 2.02662e-28 1.03094e-28 5.24429e-29 2.66769e-29 1.35699e-29 6.90264e-30 3.51113e-30 1.78596e-30 9.08433e-31 4.6207e-31 2.35026e-31 1.19542e-31 6.08021e-32 3.09251e-32 1.57289e-32 7.99984e-33 4.06872e-33 2.06933e-33 1.05244e-33 5.35251e-34 2.72216e-34 1.38441e-34 7.04061e-35 3.58056e-35 1.8209e-35 9.26015e-36 4.70916e-36 2.39478e-36 1.21781e-36 6.19287e-37 3.14919e-37 1.6014e-37 8.14324e-38 4.14085e-38 2.1056e-38 1.07068e-38 5.44425e-39 2.76829e-39 1.4076e-39 7.15723e-40
3.89743e-09 4.10053e-11 2.08821e-11 1.06341e-11 5.41521e-12 2.75754e-12 1.40416e-12 7.14999e-13 3.64069e-13 1.85376e-13 9.43872e-14 4.80578e-14 2.44685e-14 1.24578e-14 6.34257e-15 3.2291e-15 1.64395e-15 8.36929e-16 4.26068e-16 2.16901e-16 1.10417e-16 5.62085e-17 2.86128e-17 1.4565e-17 7.41399e-18 3.77386e-18 1.92093e-18 9.77756e-19 4.9767e-19 2.53305e-19 1.28926e-19 6.56187e-20 3.33971e-20 1.69974e-20 8.65061e-21 4.40256e-21 2.24056e-21 1.14025e-21 5.8028e-22 2.95303e-22 1.50276e-22 7.64726e-23 3.89148e-23 1.98024e-23 1.00766e-23 5.12745e-24 2.60905e-24 1.32757e-24 6.75503e-25 3.43708e-25 1.74882e-25 8.89804e-26 4.52728e-26 2.30342e-26 1.17194e-26 5.9625e-27 3.03351e-27 1.54333e-27 7.85169e-28 3.9945e-28 2.03215e-28 1.03382e-28 5.25927e-29 2.67548e-29 1.36104e-29 6.92365e-30 3.52204e-30 1.79162e-30 9.11367e-31 4.6359e-31 2.35814e-31 1.1995e-31 6.10134e-32 3.10344e-32 1.57855e-32 8.02908e-33 4.08384e-33 2.07714e-33 1.05647e-33 5.37336e-34 2.73292e-34 1.38997e-34 7.06928e-35 3.59535e-35 1.82853e-35 9.29949e-36 4.72945e-36 2.40523e-36 1.2232e-36 6.22062e-37 3.16348e-37 1.60876e-37 8.18114e-38 4.16036e-38 2.11564e-38 1.07585e-38 5.47082e-39 2.78196e-39 1.41463e-39 7.19338e-40 3.65778e-40
1.97399e-09 2.08498e-11 1.06185e-11 5.4077e-12 2.75393e-12 1.40244e-12 7.14179e-13 3.6368e-13 1.85192e-13 9.43012e-14 4.80178e-14 2.445e-14 1.24493e-14 6.33875e-15 3.2274e-15 1.64321e-15 8.36616e-16 4.25941e-16 2.16853e-16 1.10401e-16 5.62044e-17 2.86128e-17 1.45661e-17 7.41508e-18 3.77469e-18 1.92149e-18 9.78113e-19 4.97887e-19 2.53434e-19 1.29001e-19 6.56614e-20 3.34211e-20 1.70108e-20 8.65807e-21 4.40666e-21 2.2428e-21 1.14147e-21 5.80941e-22 2.95659e-22 1.50468e-22 7.65755e-23 3.89698e-23 1.98317e-23 1.00922e-23 5.13573e-24 2.61344e-24 1.32989e-24 6.76728e-25 3.44354e-25 1.75222e-25 8.91594e-26 4.53668e-26 2.30836e-26 1.17452e-26 5.97604e-27 3.0406e-27 1.54703e-27 7.87104e-28 4.0046e-28 2.03742e-28 1.03656e-28 5.27356e-29 2.68292e-29 1.36491e-29 6.94377e-30 3.53249e-30 1.79705e-30 9.14184e-31 4.65052e-31 2.36572e-31 1.20343e-31 6.12169e-32 3.11399e-32 1.584e-32 8.05732e-33 4.09845e-33 2.0847e-33 1.06038e-33 5.39354e-34 2.74335e-34 1.39535e-34 7.0971e-35 3.60971e-35 1.83594e-35 9.33772e-36 4.74916e-36 2.4154e-36 1.22844e-36 6.24764e-37 3.1774e-37 1.61593e-37 8.21808e-38 4.17938e-38 2.12544e-38 1.08089e-38 5.49677e-39 2.79531e-39 1.4215e-39 7.22872e-40 3.67595e-40 1.86928e-40
9.99793e-10 1.06012e-11 5.39935e-12 2.74991e-12 1.4005e-12 7.1325e-13 3.63236e-13 1.84981e-13 9.42009e-14 4.79705e-14 2.44278e-14 1.2439e-14 6.33399e-15 3.22523e-15 1.64223e-15 8.36179e-16 4.25751e-16 2.16772e-16 1.10368e-16 5.61919e-17 2.86086e-17 1.4565e-17 7.41508e-18 3.77497e-18 1.92178e-18 9.78327e-19 4.98032e-19 2.53526e-19 1.29057e-19 6.56946e-20 3.34404e-20 1.70218e-20 8.66429e-21 4.41014e-21 2.24473e-21 1.14253e-21 5.8152e-22 2.95974e-22 1.50639e-22 7.66675e-23 3.90193e-23 1.98582e-23 1.01063e-23 5.14329e-24 2.61747e-24 1.33203e-24 6.77861e-25 3.44953e-25 1.75539e-25 8.93262e-26 4.54547e-26 2.31298e-26 1.17695e-26 5.98878e-27 3.04728e-27 1.55053e-27 7.88933e-28 4.01416e-28 2.04241e-28 1.03917e-28 5.28716e-29 2.69e-29 1.3686e-29 6.96297e-30 3.54248e-30 1.80224e-30 9.16883e-31 4.66453e-31 2.373e-31 1.2072e-31 6.14126e-32 3.12413e-32 1.58926e-32 8.08455e-33 4.11255e-33 2.09199e-33 1.06415e-33 5.41306e-34 2.75344e-34 1.40057e-34 7.12404e-35 3.62363e-35 1.84313e-35 9.37482e-36 4.76831e-36 2.42527e-36 1.23354e-36 6.27391e-37 3.19095e-37 1.62292e-37 8.25406e-38 4.19792e-38 2.13499e-38 1.0858e-38 5.52209e-39 2.80834e-39 1.42821e-39 7.26323e-40 3.69371e-40 1.87841e-40 9.55243e-41
5.06379e-10 5.39019e-12 2.74546e-12 1.39835e-12 7.12212e-13 3.62737e-13 1.84741e-13 9.40864e-14 4.7916e-14 2.44019e-14 1.24268e-14 6.32827e-15 3.22256e-15 1.641e-15 8.35617e-16 4.25497e-16 2.16659e-16 1.10319e-16 5.61711e-17 2.86001e-17 1.45618e-17 7.41399e-18 3.77469e-18 1.92178e-18 9.78398e-19 4.98105e-19 2.53581e-19 1.29094e-19 6.57184e-20 3.34549e-20 1.70304e-20 8.66926e-21 4.41298e-21 2.24633e-21 1.14343e-21 5.82016e-22 2.96248e-22 1.50788e-22 7.67488e-23 3.90633e-23 1.9882e-23 1.01191e-23 5.15014e-24 2.62113e-24 1.33398e-24 6.789e-25 3.45505e-25 1.75831e-25 8.94809e-26 4.55364e-26 2.31729e-26 1.17922e-26 6.00071e-27 3.05355e-27 1.55382e-27 7.90658e-28 4.02319e-28 2.04714e-28 1.04164e-28 5.30006e-29 2.69673e-29 1.37211e-29 6.98127e-30 3.55201e-30 1.8072e-30 9.19463e-31 4.67795e-31 2.37997e-31 1.21082e-31 6.16005e-32 3.13388e-32 1.59432e-32 8.11076e-33 4.12613e-33 2.09903e-33 1.0678e-33 5.43191e-34 2.76319e-34 1.40561e-34 7.15012e-35 3.63711e-35 1.85009e-35 9.41078e-36 4.78688e-36 2.43486e-36 1.23848e-36 6.29944e-37 3.20412e-37 1.62971e-37 8.28906e-38 4.21596e-38 2.14429e-38 1.0906e-38 5.54677e-39 2.82105e-39 1.43476e-39 7.29692e-40 3.71105e-40 1.88733e-40 9.59834e-41 4.88134e-41
2.56473e-10 2.7406e-12 1.39599e-12 7.11066e-13 3.62182e-13 1.84474e-13 9.39577e-14 4.78542e-14 2.43724e-14 1.24127e-14 6.3216e-15 3.21942e-15 1.63953e-15 8.34931e-16 4.2518e-16 2.16515e-16 1.10253e-16 5.6142e-17 2.85875e-17 1.45564e-17 7.41181e-18 3.77386e-18 1.92149e-18 9.78327e-19 4.98105e-19 2.536e-19 1.29113e-19 6.57326e-20 3.34645e-20 1.70365e-20 8.67299e-21 4.41519e-21 2.24762e-21 1.14416e-21 5.8243e-22 2.96479e-22 1.50916e-22 7.68193e-23 3.91019e-23 1.9903e-23 1.01305e-23 5.15628e-24 2.62443e-24 1.33575e-24 6.79845e-25 3.46009e-25 1.76099e-25 8.96233e-26 4.56118e-26 2.32128e-26 1.18133e-26 6.01183e-27 3.0594e-27 1.5569e-27 7.92276e-28 4.03168e-28 2.05159e-28 1.04397e-28 5.31226e-29 2.70311e-29 1.37544e-29 6.99866e-30 3.56107e-30 1.81193e-30 9.21924e-31 4.69076e-31 2.38663e-31 1.21429e-31 6.17806e-32 3.14323e-32 1.59917e-32 8.13595e-33 4.13919e-33 2.1058e-33 1.0713e-33 5.45008e-34 2.7726e-34 1.41048e-34 7.17531e-35 3.65014e-35 1.85683e-35 9.4456e-36 4.80487e-36 2.44415e-36 1.24328e-36 6.32421e-37 3.2169e-37 1.6363e-37 8.32309e-38 4.23351e-38 2.15333e-38 1.09526e-38 5.5708e-39 2.83344e-39 1.44113e-39 7.32977e-40 3.72796e-40 1.89604e-40 9.64316e-41 4.9044e-41 2.4943e-41
1.299e-10 1.39341e-12 7.09812e-13 3.61573e-13 1.84178e-13 9.38147e-14 4.77852e-14 2.43392e-14 1.23968e-14 6.31399e-15 3.21579e-15 1.63781e-15 8.3412e-16 4.248e-16 2.16337e-16 1.10172e-16 5.61047e-17 2.85706e-17 1.45489e-17 7.40855e-18 3.77248e-18 1.92093e-18 9.78113e-19 4.98032e-19 2.53581e-19 1.29113e-19 6.57374e-20 3.34694e-20 1.70402e-20 8.67548e-21 4.41677e-21 2.24858e-21 1.14473e-21 5.82762e-22 2.96668e-22 1.51023e-22 7.6879e-23 3.9135e-23 1.99212e-23 1.01404e-23 5.16169e-24 2.62736e-24 1.33733e-24 6.80696e-25 3.46465e-25 1.76343e-25 8.97534e-26 4.5681e-26 2.32495e-26 1.18328e-26 6.02214e-27 3.06484e-27 1.55977e-27 7.93788e-28 4.03964e-28 2.05577e-28 1.04616e-28 5.32375e-29 2.70913e-29 1.37859e-29 7.01513e-30 3.56968e-30 1.81642e-30 9.24266e-31 4.70297e-31 2.39299e-31 1.2176e-31 6.19527e-32 3.15218e-32 1.60382e-32 8.1601e-33 4.15173e-33 2.1123e-33 1.07468e-33 5.46757e-34 2.78167e-34 1.41517e-34 7.19962e-35 3.66272e-35 1.86334e-35 9.47926e-36 4.82228e-36 2.45315e-36 1.24793e-36 6.34823e-37 3.2293e-37 1.6427e-37 8.35613e-38 4.25056e-38 2.16213e-38 1.09979e-38 5.59419e-39 2.84549e-39 1.44735e-39 7.36178e-40 3.74445e-40 1.90453e-40 9.68689e-41 4.92691e-41 2.50588e-41 1.27451e-41
6.57921e-11 7.0845e-13 3.60909e-13 1.83855e-13 9.36576e-14 4.7709e-14 2.43024e-14 1.2379e-14 6.30543e-15 3.21168e-15 1.63584e-15 8.33184e-16 4.24357e-16 2.16128e-16 1.10074e-16 5.6059e-17 2.85495e-17 1.45393e-17 7.40419e-18 3.77055e-18 1.92009e-18 9.77756e-19 4.97887e-19 2.53526e-19 1.29094e-19 6.57326e-20 3.34694e-20 1.70414e-20 8.67673e-21 4.41772e-21 2.24922e-21 1.14514e-21 5.8301e-22 2.96815e-22 1.51108e-22 7.69279e-23 3.91625e-23 1.99366e-23 1.0149e-23 5.16639e-24 2.62993e-24 1.33873e-24 6.81454e-25 3.46874e-25 1.76563e-25 8.98712e-26 4.5744e-26 2.32831e-26 1.18506e-26 6.03163e-27 3.06987e-27 1.56243e-27 7.95193e-28 4.04705e-28 2.05967e-28 1.04822e-28 5.33454e-29 2.71479e-29 1.38156e-29 7.03067e-30 3.57781e-30 1.82067e-30 9.26488e-31 4.71456e-31 2.39904e-31 1.22075e-31 6.21169e-32 3.16073e-32 1.60827e-32 8.18322e-33 4.16374e-33 2.11854e-33 1.07792e-33 5.48438e-34 2.79038e-34 1.41969e-34 7.22304e-35 3.67485e-35 1.86962e-35 9.51177e-36 4.8391e-36 2.46185e-36 1.25243e-36 6.37148e-37 3.24132e-37 1.64891e-37 8.38818e-38 4.2671e-38 2.17067e-38 1.1042e-38 5.61692e-39 2.85721e-39 1.45339e-39 7.39294e-40 3.76051e-40 1.91281e-40 9.72951e-41 4.94887e-41 2.51719e-41 1.28033e-41 6.5121e-42
3.33227e-11 3.6019e-13 1.83504e-13 9.34863e-14 4.76257e-14 2.42618e-14 1.23594e-14 6.29592e-15 3.2071e-15 1.63364e-15 8.32125e-16 4.2385e-16 2.15887e-16 1.09959e-16 5.60051e-17 2.85242e-17 1.45275e-17 7.39875e-18 3.76806e-18 1.91897e-18 9.77257e-19 4.9767e-19 2.53434e-19 1.29057e-19 6.57184e-20 3.34645e-20 1.70402e-20 8.67673e-21 4.41803e-21 2.24954e-21 1.14538e-21 5.83176e-22 2.96921e-22 1.51173e-22 7.69659e-23 3.91846e-23 1.99492e-23 1.01561e-23 5.17036e-24 2.63213e-24 1.33994e-24 6.82117e-25 3.47235e-25 1.76758e-25 8.99767e-26 4.58008e-26 2.33135e-26 1.18669e-26 6.0403e-27 3.07449e-27 1.56488e-27 7.96492e-28 4.05392e-28 2.0633e-28 1.05013e-28 5.34462e-29 2.7201e-29 1.38435e-29 7.04529e-30 3.58548e-30 1.82469e-30 9.28589e-31 4.72555e-31 2.40478e-31 1.22374e-31 6.22731e-32 3.16887e-32 1.61251e-32 8.2053e-33 4.17523e-33 2.12452e-33 1.08102e-33 5.5005e-34 2.79875e-34 1.42404e-34 7.24556e-35 3.68652e-35 1.87567e-35 9.54311e-36 4.85532e-36 2.47025e-36 1.25678e-36 6.39396e-37 3.25294e-37 1.65492e-37 8.41923e-38 4.28314e-38 2.17895e-38 1.10848e-38 5.63899e-39 2.8686e-39 1.45927e-39 7.42324e-40 3.77613e-40 1.92086e-40 9.77102e-41 4.97026e-41 2.52821e-41 1.286e-41 6.54133e-42 3.32725e-42
1.68774e-11 1.83125e-13 9.3301e-14 4.75351e-14 2.42177e-14 1.23379e-14 6.28547e-15 3.20203e-15 1.63118e-15 8.30942e-16 4.23281e-16 2.15614e-16 1.09829e-16 5.59428e-17 2.84947e-17 1.45136e-17 7.39223e-18 3.76502e-18 1.91756e-18 9.76616e-19 4.9738e-19 2.53305e-19 1.29001e-19 6.56946e-20 3.34549e-20 1.70365e-20 8.67548e-21 4.41772e-21 2.24954e-21 1.14546e-21 5.83259e-22 2.96984e-22 1.51215e-22 7.6993e-23 3.92011e-23 1.9959e-23 1.01618e-23 5.17361e-24 2.63397e-24 1.34097e-24 6.82685e-25 3.47547e-25 1.7693e-25 9.00698e-26 4.58512e-26 2.33408e-26 1.18815e-26 6.04815e-27 3.07869e-27 1.56712e-27 7.97683e-28 4.06025e-28 2.06665e-28 1.0519e-28 5.35399e-29 2.72504e-29 1.38695e-29 7.05899e-30 3.59267e-30 1.82846e-30 9.30568e-31 4.73592e-31 2.4102e-31 1.22658e-31 6.24213e-32 3.17661e-32 1.61655e-32 8.22633e-33 4.18619e-33 2.13022e-33 1.08399e-33 5.51593e-34 2.80677e-34 1.4282e-34 7.26718e-35 3.69774e-35 1.88149e-35 9.57328e-36 4.87096e-36 2.47835e-36 1.26097e-36 6.41566e-37 3.26417e-37 1.66073e-37 8.44927e-38 4.29867e-38 2.18697e-38 1.11262e-38 5.6604e-39 2.87966e-39 1.46497e-39 7.45268e-40 3.79132e-40 1.9287e-40 9.81141e-41 4.99108e-41 2.53894e-41 1.29153e-41 6.56981e-42 3.34192e-42 1.69994e-42
8.54815e-12 9.31016e-14 4.74374e-14 2.41699e-14 1.23145e-14 6.27409e-15 3.19649e-15 1.62849e-15 8.29636e-16 4.22649e-16 2.15309e-16 1.09682e-16 5.58724e-17 2.8461e-17 1.44975e-17 7.38462e-18 3.76143e-18 1.91588e-18 9.75832e-19 4.97018e-19 2.5314e-19 1.28926e-19 6.56614e-20 3.34404e-20 1.70304e-20 8.67299e-21 4.41677e-21 2.24922e-21 1.14538e-21 5.83259e-22 2.97005e-22 1.51237e-22 7.70093e-23 3.92122e-23 1.9966e-23 1.01661e-23 5.17615e-24 2.63544e-24 1.34181e-24 6.83159e-25 3.47812e-25 1.77076e-25 9.01506e-26 4.58954e-26 2.33648e-26 1.18946e-26 6.05518e-27 3.08247e-27 1.56914e-27 7.98767e-28 4.06603e-28 2.06973e-28 1.05354e-28 5.36265e-29 2.72962e-29 1.38937e-29 7.07175e-30 3.59939e-30 1.832e-30 9.32427e-31 4.74567e-31 2.41531e-31 1.22926e-31 6.25615e-32 3.18394e-32 1.62037e-32 8.24632e-33 4.19661e-33 2.13565e-33 1.08682e-33 5.53067e-34 2.81444e-34 1.43219e-34 7.2879e-35 3.7085e-35 1.88708e-35 9.60227e-36 4.88599e-36 2.48614e-36 1.26501e-36 6.43659e-37 3.27501e-37 1.66634e-37 8.47829e-38 4.31368e-38 2.19474e-38 1.11664e-38 5.68114e-39 2.89037e-39 1.4705e-39 7.48125e-40 3.80607e-40 1.9363e-40 9.85067e-41 5.01133e-41 2.54938e-41 1.29691e-41 6.59756e-42 3.35622e-42 1.70731e-42 8.68497e-43
4.3295e-12 4.73327e-14 2.41185e-14 1.22893e-14 6.26176e-15 3.19047e-15 1.62555e-15 8.28206e-16 4.21954e-16 2.14972e-16 1.09519e-16 5.57937e-17 2.84231e-17 1.44794e-17 7.37593e-18 3.75729e-18 1.91392e-18 9.74906e-19 4.96584e-19 2.52938e-19 1.28832e-19 6.56187e-20 3.34211e-20 1.70218e-20 8.66926e-21 4.41519e-21 2.24858e-21 1.14514e-21 5.83176e-22 2.96984e-22 1.51237e-22 7.70147e-23 3.92177e-23 1.99702e-23 1.01689e-23 5.17795e-24 2.63654e-24 1.34246e-24 6.83538e-25 3.48029e-25 1.77199e-25 9.0219e-26 4.59333e-26 2.33857e-26 1.1906e-26 6.06139e-27 3.08583e-27 1.57096e-27 7.99743e-28 4.07126e-28 2.07253e-28 1.05503e-28 5.37059e-29 2.73384e-29 1.39161e-29 7.08358e-30 3.60564e-30 1.8353e-30 9.34163e-31 4.7548e-31 2.42011e-31 1.23178e-31 6.26936e-32 3.19085e-32 1.62399e-32 8.26525e-33 4.2065e-33 2.14082e-33 1.08951e-33 5.5447e-34 2.82175e-34 1.43599e-34 7.3077e-35 3.7188e-35 1.89243e-35 9.63007e-36 4.90043e-36 2.49363e-36 1.2689e-36 6.45674e-37 3.28545e-37 1.67175e-37 8.5063e-38 4.32818e-38 2.20224e-38 1.12052e-38 5.7012e-39 2.90074e-39 1.47587e-39 7.50894e-40 3.82037e-40 1.94369e-40 9.88879e-41 5.031e-41 2.55953e-41 1.30215e-41 6.62455e-42 3.37013e-42 1.71448e-42 8.72194e-43 4.43699e-43
2.19283e-12 2.40635e-14 1.22623e-14 6.24851e-15 3.18397e-15 1.62238e-15 8.26653e-16 4.21197e-16 2.14603e-16 1.0934e-16 5.57068e-17 2.83811e-17 1.44591e-17 7.36616e-18 3.7526e-18 1.91168e-18 9.73838e-19 4.96078e-19 2.52699e-19 1.2872e-19 6.55665e-20 3.33971e-20 1.70108e-20 8.66429e-21 4.41298e-21 2.24762e-21 1.14473e-21 5.8301e-22 2.96921e-22 1.51215e-22 7.70093e-23 3.92177e-23 1.99716e-23 1.01703e-23 5.17904e-24 2.63727e-24 1.34293e-24 6.83823e-25 3.48198e-25 1.77297e-25 9.02749e-26 4.59649e-26 2.34033e-26 1.19157e-26 6.06677e-27 3.08878e-27 1.57256e-27 8.00612e-28 4.07595e-28 2.07505e-28 1.05638e-28 5.37782e-29 2.73769e-29 1.39366e-29 7.09447e-30 3.61142e-30 1.83835e-30 9.35777e-31 4.76332e-31 2.4246e-31 1.23414e-31 6.28175e-32 3.19736e-32 1.62741e-32 8.28311e-33 4.21585e-33 2.14571e-33 1.09207e-33 5.55804e-34 2.82871e-34 1.43962e-34 7.32659e-35 3.72864e-35 1.89754e-35 9.65668e-36 4.91426e-36 2.50082e-36 1.27263e-36 6.47609e-37 3.29549e-37 1.67695e-37 8.53328e-38 4.34216e-38 2.20948e-38 1.12426e-38 5.72059e-39 2.91077e-39 1.48105e-39 7.53575e-40 3.83423e-40 1.95085e-40 9.92576e-41 5.05009e-41 2.56938e-41 1.30723e-41 6.65079e-42 3.38367e-42 1.72146e-42 8.75792e-43 4.45554e-43 2.2667e-43
