0.993846 0.000752612 0.000566782 0.000426836 0.000321444 0.000242075 0.000182304 0.00013729 0.000103392 7.78628e-05 5.86374e-05 4.4159e-05 3.32556e-05 2.50443e-05 1.88605e-05 1.42036e-05 1.06965e-05 8.05542e-06 6.06643e-06 4.56855e-06 3.44051e-06 2.591e-06 1.95125e-06 1.46946e-06 1.10663e-06 8.33387e-07 6.27613e-07 4.72647e-07 3.55944e-07 2.68056e-07 2.0187e-07 1.52025e-07 1.14488e-07 8.62195e-08 6.49307e-08 4.88984e-08 3.68248e-08 2.77322e-08 2.08848e-08 1.5728e-08 1.18446e-08 8.91998e-09 6.71752e-09 5.05887e-09 3.80977e-09 2.86908e-09 2.16067e-09 1.62717e-09 1.2254e-09 9.22832e-10 6.94972e-10 5.23374e-10 3.94146e-10 2.96826e-10 2.23536e-10 1.68342e-10 1.26776e-10 9.54731e-11 7.18995e-11 5.41465e-11 4.0777e-11 3.07086e-11 2.31262e-11 1.74161e-11 1.31158e-11 9.87733e-12 7.43848e-12 5.60182e-12 4.21865e-12 3.17701e-12 2.39256e-12 1.80181e-12 1.35692e-12 1.02188e-12 7.69561e-13 5.79546e-13 4.36448e-13 3.28683e-13 2.47527e-13 1.86409e-13 1.40382e-13 1.0572e-13 7.96162e-14 5.99579e-14 4.51535e-14 3.40045e-14 2.56083e-14 1.92853e-14 1.45235e-14 1.09374e-14 8.23683e-15 6.20304e-15 4.67143e-15 3.51799e-15 2.64935e-15 1.99519e-15 1.50255e-15 1.13155e-15 8.52155e-16 6.41746e-16 4.8329e-16
0.000752612 3.47468e-06 2.62029e-06 1.97598e-06 1.4901e-06 1.12369e-06 8.47382e-07 6.39013e-07 4.81881e-07 3.63386e-07 2.74029e-07 2.06644e-07 1.5583e-07 1.1751e-07 8.86137e-08 6.68229e-08 5.03905e-08 3.79989e-08 2.86545e-08 2.1608e-08 1.62943e-08 1.22872e-08 9.26559e-09 6.98701e-09 5.26876e-09 3.97306e-09 2.99599e-09 2.25921e-09 1.70361e-09 1.28465e-09 9.68716e-10 7.30481e-10 5.50833e-10 4.15366e-10 3.13214e-10 2.36184e-10 1.78098e-10 1.34297e-10 1.01268e-10 7.63623e-11 5.75817e-11 4.34199e-11 3.27411e-11 2.46886e-11 1.86166e-11 1.40379e-11 1.05853e-11 7.98184e-12 6.0187e-12 4.53839e-12 3.42216e-12 2.58046e-12 1.94578e-12 1.46721e-12 1.10633e-12 8.34221e-13 6.29036e-13 4.74317e-13 3.57653e-13 2.69683e-13 2.0335e-13 1.53333e-13 1.15618e-13 8.71796e-14 6.57361e-14 4.95669e-14 3.73748e-14 2.81816e-14 2.12496e-14 1.60227e-14 1.20815e-14 9.10973e-15 6.86892e-15 5.1793e-15 3.90529e-15 2.94465e-15 2.22032e-15 1.67415e-15 1.26233e-15 9.51816e-16 7.1768e-16 5.41138e-16 4.08023e-16 3.07653e-16 2.31972e-16 1.74908e-16 1.31882e-16 9.94394e-17 7.49775e-17 5.65332e-17 4.2626e-17 3.214e-17 2.42335e-17 1.8272e-17 1.3777e-17 1.03878e-17 7.83232e-18 5.90551e-18 4.4527e-18 3.3573e-18 2.53137e-18
0.000566782 2.62029e-06 1.976e-06 1.49013e-06 1.12372e-06 8.4741e-07 6.3904e-07 4.81904e-07 3.63407e-07 2.74047e-07 2.0666e-07 1.55843e-07 1.17521e-07 8.86225e-08 6.683e-08 5.03963e-08 3.80036e-08 2.86583e-08 2.1611e-08 1.62967e-08 1.22892e-08 9.26711e-09 6.98821e-09 5.26971e-09 3.97381e-09 2.99658e-09 2.25967e-09 1.70397e-09 1.28493e-09 9.68938e-10 7.30653e-10 5.50968e-10 4.15471e-10 3.13295e-10 2.36247e-10 1.78147e-10 1.34335e-10 1.01298e-10 7.63852e-11 5.75994e-11 4.34337e-11 3.27517e-11 2.46968e-11 1.86229e-11 1.40427e-11 1.0589e-11 7.98474e-12 6.02093e-12 4.54011e-12 3.42348e-12 2.58148e-12 1.94657e-12 1.46781e-12 1.1068e-12 8.34576e-13 6.29308e-13 4.74526e-13 3.57813e-13 2.69806e-13 2.03445e-13 1.53405e-13 1.15674e-13 8.72222e-14 6.57686e-14 4.95918e-14 3.73939e-14 2.81962e-14 2.12608e-14 1.60313e-14 1.20881e-14 9.11473e-15 6.87275e-15 5.18222e-15 3.90752e-15 2.94636e-15 2.22162e-15 1.67515e-15 1.26309e-15 9.52396e-16 7.18123e-16 5.41476e-16 4.08281e-16 3.0785e-16 2.32122e-16 1.75023e-16 1.31969e-16 9.9506e-17 7.50283e-17 5.65719e-17 4.26555e-17 3.21625e-17 2.42506e-17 1.8285e-17 1.37869e-17 1.03954e-17 7.83809e-18 5.90991e-18 4.45605e-18 3.35985e-18 2.53331e-18 1.9101e-18
0.000426836 1.97598e-06 1.49013e-06 1.12373e-06 8.47424e-07 6.39055e-07 4.8192e-07 3.63422e-07 2.74061e-07 2.06672e-07 1.55853e-07 1.1753e-07 8.86298e-08 6.68361e-08 5.04013e-08 3.80077e-08 2.86616e-08 2.16137e-08 1.62988e-08 1.22909e-08 9.26848e-09 6.9893e-09 5.27057e-09 3.97449e-09 2.99712e-09 2.26009e-09 1.70431e-09 1.28519e-09 9.69143e-10 7.30814e-10 5.51093e-10 4.15569e-10 3.13372e-10 2.36307e-10 1.78193e-10 1.34371e-10 1.01326e-10 7.64069e-11 5.76162e-11 4.34467e-11 3.27618e-11 2.47046e-11 1.86289e-11 1.40474e-11 1.05926e-11 7.98751e-12 6.02307e-12 4.54175e-12 3.42475e-12 2.58246e-12 1.94732e-12 1.46839e-12 1.10724e-12 8.34918e-13 6.29571e-13 4.74728e-13 3.57968e-13 2.69925e-13 2.03536e-13 1.53475e-13 1.15727e-13 8.72633e-14 6.58002e-14 4.9616e-14 3.74124e-14 2.82104e-14 2.12717e-14 1.60396e-14 1.20944e-14 9.11959e-15 6.87646e-15 5.18506e-15 3.90969e-15 2.94802e-15 2.22289e-15 1.67612e-15 1.26383e-15 9.52961e-16 7.18555e-16 5.41806e-16 4.08533e-16 3.08042e-16 2.32269e-16 1.75135e-16 1.32055e-16 9.95711e-17 7.5078e-17 5.66097e-17 4.26844e-17 3.21845e-17 2.42674e-17 1.82978e-17 1.37967e-17 1.04028e-17 7.84375e-18 5.91421e-18 4.45933e-18 3.36234e-18 2.53521e-18 1.91155e-18 1.4413e-18
0.000321444 1.4901e-06 1.12372e-06 8.47424e-07 6.39061e-07 4.81928e-07 3.63431e-07 2.7407e-07 2.0668e-07 1.55861e-07 1.17536e-07 8.86356e-08 6.6841e-08 5.04054e-08 3.80111e-08 2.86644e-08 2.1616e-08 1.63007e-08 1.22924e-08 9.26969e-09 6.99027e-09 5.27135e-09 3.97511e-09 2.99761e-09 2.26048e-09 1.70461e-09 1.28543e-09 9.69333e-10 7.30963e-10 5.5121e-10 4.1566e-10 3.13443e-10 2.36362e-10 1.78237e-10 1.34405e-10 1.01352e-10 7.64274e-11 5.76321e-11 4.3459e-11 3.27713e-11 2.4712e-11 1.86346e-11 1.40518e-11 1.05961e-11 7.99015e-12 6.02511e-12 4.54333e-12 3.42596e-12 2.58339e-12 1.94804e-12 1.46894e-12 1.10767e-12 8.35247e-13 6.29824e-13 4.74922e-13 3.58117e-13 2.7004e-13 2.03624e-13 1.53543e-13 1.15779e-13 8.7303e-14 6.58306e-14 4.96393e-14 3.74303e-14 2.82241e-14 2.12822e-14 1.60476e-14 1.21006e-14 9.1243e-15 6.88007e-15 5.18782e-15 3.9118e-15 2.94963e-15 2.22412e-15 1.67706e-15 1.26455e-15 9.53512e-16 7.18975e-16 5.42127e-16 4.08778e-16 3.08229e-16 2.32412e-16 1.75244e-16 1.32138e-16 9.96346e-17 7.51264e-17 5.66467e-17 4.27126e-17 3.2206e-17 2.42838e-17 1.83103e-17 1.38062e-17 1.041e-17 7.84928e-18 5.91843e-18 4.46254e-18 3.36479e-18 2.53707e-18 1.91297e-18 1.44238e-18 1.08756e-18
0.000242075 1.12369e-06 8.4741e-07 6.39055e-07 4.81928e-07 3.63434e-07 2.74074e-07 2.06685e-07 1.55866e-07 1.17541e-07 8.864e-08 6.68449e-08 5.04087e-08 3.80139e-08 2.86668e-08 2.16179e-08 1.63023e-08 1.22937e-08 9.27076e-09 6.99113e-09 5.27204e-09 3.97566e-09 2.99805e-09 2.26083e-09 1.70489e-09 1.28565e-09 9.69507e-10 7.311e-10 5.51318e-10 4.15745e-10 3.13509e-10 2.36414e-10 1.78277e-10 1.34437e-10 1.01377e-10 7.64466e-11 5.76471e-11 4.34706e-11 3.27803e-11 2.4719e-11 1.864e-11 1.4056e-11 1.05993e-11 7.99266e-12 6.02705e-12 4.54483e-12 3.42712e-12 2.58429e-12 1.94873e-12 1.46947e-12 1.10808e-12 8.35562e-13 6.30066e-13 4.75109e-13 3.58261e-13 2.7015e-13 2.03709e-13 1.53608e-13 1.15829e-13 8.73414e-14 6.58601e-14 4.96619e-14 3.74476e-14 2.82374e-14 2.12923e-14 1.60554e-14 1.21065e-14 9.12887e-15 6.88357e-15 5.1905e-15 3.91385e-15 2.9512e-15 2.22532e-15 1.67798e-15 1.26526e-15 9.54048e-16 7.19385e-16 5.4244e-16 4.09017e-16 3.08411e-16 2.32551e-16 1.7535e-16 1.32219e-16 9.96966e-17 7.51737e-17 5.66828e-17 4.27401e-17 3.2227e-17 2.42998e-17 1.83225e-17 1.38155e-17 1.04171e-17 7.85469e-18 5.92255e-18 4.46569e-18 3.36719e-18 2.5389e-18 1.91436e-18 1.44344e-18 1.08837e-18 8.20637e-19
0.000182304 8.47382e-07 6.3904e-07 4.8192e-07 3.63431e-07 2.74074e-07 2.06687e-07 1.55868e-07 1.17544e-07 8.86429e-08 6.68476e-08 5.04112e-08 3.80161e-08 2.86687e-08 2.16195e-08 1.63036e-08 1.22948e-08 9.27167e-09 6.99187e-09 5.27264e-09 3.97615e-09 2.99844e-09 2.26115e-09 1.70514e-09 1.28585e-09 9.69665e-10 7.31225e-10 5.51417e-10 4.15823e-10 3.13571e-10 2.36462e-10 1.78315e-10 1.34466e-10 1.014e-10 7.64645e-11 5.76611e-11 4.34815e-11 3.27888e-11 2.47256e-11 1.86452e-11 1.406e-11 1.06024e-11 7.99505e-12 6.0289e-12 4.54626e-12 3.42823e-12 2.58514e-12 1.94939e-12 1.46998e-12 1.10847e-12 8.35864e-13 6.30299e-13 4.75288e-13 3.58399e-13 2.70256e-13 2.0379e-13 1.53671e-13 1.15877e-13 8.73784e-14 6.58885e-14 4.96837e-14 3.74643e-14 2.82502e-14 2.13022e-14 1.6063e-14 1.21123e-14 9.1333e-15 6.88696e-15 5.1931e-15 3.91584e-15 2.95272e-15 2.22649e-15 1.67887e-15 1.26594e-15 9.54568e-16 7.19783e-16 5.42744e-16 4.0925e-16 3.08589e-16 2.32687e-16 1.75454e-16 1.32298e-16 9.9757e-17 7.52199e-17 5.6718e-17 4.2767e-17 3.22475e-17 2.43154e-17 1.83345e-17 1.38246e-17 1.04241e-17 7.85998e-18 5.92659e-18 4.46876e-18 3.36953e-18 2.54068e-18 1.91572e-18 1.44448e-18 1.08916e-18 8.21238e-19 6.19223e-19
0.00013729 6.39013e-07 4.81904e-07 3.63422e-07 2.7407e-07 2.06685e-07 1.55868e-07 1.17545e-07 8.86444e-08 6.68493e-08 5.04129e-08 3.80177e-08 2.86701e-08 2.16208e-08 1.63047e-08 1.22957e-08 9.27243e-09 6.9925e-09 5.27316e-09 3.97657e-09 2.99879e-09 2.26142e-09 1.70536e-09 1.28603e-09 9.69807e-10 7.31339e-10 5.51507e-10 4.15894e-10 3.13627e-10 2.36506e-10 1.7835e-10 1.34493e-10 1.01421e-10 7.64813e-11 5.76742e-11 4.34917e-11 3.27968e-11 2.47318e-11 1.865e-11 1.40637e-11 1.06053e-11 7.99731e-12 6.03065e-12 4.54761e-12 3.42927e-12 2.58595e-12 1.95001e-12 1.47046e-12 1.10884e-12 8.36152e-13 6.30521e-13 4.75459e-13 3.58531e-13 2.70358e-13 2.03869e-13 1.53731e-13 1.15923e-13 8.7414e-14 6.59158e-14 4.97047e-14 3.74805e-14 2.82626e-14 2.13117e-14 1.60703e-14 1.21179e-14 9.13758e-15 6.89024e-15 5.19561e-15 3.91777e-15 2.9542e-15 2.22761e-15 1.67973e-15 1.2666e-15 9.55074e-16 7.2017e-16 5.4304e-16 4.09476e-16 3.08762e-16 2.32819e-16 1.75555e-16 1.32375e-16 9.98159e-17 7.52648e-17 5.67523e-17 4.27932e-17 3.22675e-17 2.43307e-17 1.83461e-17 1.38335e-17 1.04309e-17 7.86515e-18 5.93053e-18 4.47177e-18 3.37182e-18 2.54243e-18 1.91705e-18 1.44549e-18 1.08993e-18 8.21827e-19 6.19672e-19 4.67242e-19
0.000103392 4.81881e-07 3.63407e-07 2.74061e-07 2.0668e-07 1.55866e-07 1.17544e-07 8.86444e-08 6.68498e-08 5.04137e-08 3.80186e-08 2.8671e-08 2.16217e-08 1.63055e-08 1.22964e-08 9.27304e-09 6.99302e-09 5.27359e-09 3.97693e-09 2.99908e-09 2.26166e-09 1.70556e-09 1.28619e-09 9.69934e-10 7.3144e-10 5.51587e-10 4.15958e-10 3.13678e-10 2.36547e-10 1.78381e-10 1.34518e-10 1.01441e-10 7.64968e-11 5.76863e-11 4.35012e-11 3.28042e-11 2.47376e-11 1.86545e-11 1.40673e-11 1.0608e-11 7.99944e-12 6.0323e-12 4.5489e-12 3.43027e-12 2.58672e-12 1.95061e-12 1.47092e-12 1.1092e-12 8.36427e-13 6.30734e-13 4.75623e-13 3.58657e-13 2.70455e-13 2.03944e-13 1.53789e-13 1.15968e-13 8.74482e-14 6.59421e-14 4.97249e-14 3.7496e-14 2.82745e-14 2.13208e-14 1.60773e-14 1.21233e-14 9.14172e-15 6.89341e-15 5.19804e-15 3.91963e-15 2.95563e-15 2.22871e-15 1.68057e-15 1.26724e-15 9.55565e-16 7.20545e-16 5.43327e-16 4.09695e-16 3.0893e-16 2.32948e-16 1.75653e-16 1.3245e-16 9.98732e-17 7.53086e-17 5.67858e-17 4.28187e-17 3.2287e-17 2.43456e-17 1.83575e-17 1.38422e-17 1.04375e-17 7.8702e-18 5.93438e-18 4.4747e-18 3.37406e-18 2.54414e-18 1.91835e-18 1.44648e-18 1.09069e-18 8.22403e-19 6.20111e-19 4.67577e-19 3.52563e-19
7.78628e-05 3.63386e-07 2.74047e-07 2.06672e-07 1.55861e-07 1.17541e-07 8.86429e-08 6.68493e-08 5.04137e-08 3.80189e-08 2.86715e-08 2.16222e-08 1.6306e-08 1.22969e-08 9.27349e-09 6.99342e-09 5.27394e-09 3.97722e-09 2.99933e-09 2.26187e-09 1.70573e-09 1.28633e-09 9.70045e-10 7.31529e-10 5.51659e-10 4.16015e-10 3.13724e-10 2.36583e-10 1.7841e-10 1.34541e-10 1.01459e-10 7.6511e-11 5.76975e-11 4.35101e-11 3.28111e-11 2.4743e-11 1.86587e-11 1.40706e-11 1.06106e-11 8.00144e-12 6.03386e-12 4.5501e-12 3.43121e-12 2.58745e-12 1.95117e-12 1.47136e-12 1.10954e-12 8.36689e-13 6.30936e-13 4.7578e-13 3.58778e-13 2.70548e-13 2.04015e-13 1.53844e-13 1.16011e-13 8.7481e-14 6.59673e-14 4.97443e-14 3.75109e-14 2.8286e-14 2.13297e-14 1.60841e-14 1.21285e-14 9.14571e-15 6.89648e-15 5.20039e-15 3.92143e-15 2.95701e-15 2.22977e-15 1.68138e-15 1.26786e-15 9.56041e-16 7.20909e-16 5.43606e-16 4.09909e-16 3.09093e-16 2.33072e-16 1.75749e-16 1.32523e-16 9.9929e-17 7.53513e-17 5.68184e-17 4.28436e-17 3.2306e-17 2.43601e-17 1.83685e-17 1.38506e-17 1.04439e-17 7.87512e-18 5.93814e-18 4.47757e-18 3.37625e-18 2.5458e-18 1.91962e-18 1.44745e-18 1.09143e-18 8.22967e-19 6.2054e-19 4.67904e-19 3.52812e-19 2.66029e-19
5.86374e-05 2.74029e-07 2.0666e-07 1.55853e-07 1.17536e-07 8.864e-08 6.68476e-08 5.04129e-08 3.80186e-08 2.86715e-08 2.16224e-08 1.63063e-08 1.22972e-08 9.2738e-09 6.99371e-09 5.2742e-09 3.97745e-09 2.99952e-09 2.26203e-09 1.70587e-09 1.28644e-09 9.7014e-10 7.31607e-10 5.51722e-10 4.16066e-10 3.13764e-10 2.36616e-10 1.78437e-10 1.34562e-10 1.01475e-10 7.65241e-11 5.77078e-11 4.35182e-11 3.28175e-11 2.4748e-11 1.86627e-11 1.40736e-11 1.0613e-11 8.00331e-12 6.03532e-12 4.55124e-12 3.43209e-12 2.58814e-12 1.95171e-12 1.47178e-12 1.10986e-12 8.36937e-13 6.31128e-13 4.75928e-13 3.58893e-13 2.70637e-13 2.04084e-13 1.53897e-13 1.16051e-13 8.75124e-14 6.59915e-14 4.9763e-14 3.75253e-14 2.8297e-14 2.13381e-14 1.60906e-14 1.21335e-14 9.14956e-15 6.89943e-15 5.20266e-15 3.92317e-15 2.95834e-15 2.23079e-15 1.68216e-15 1.26846e-15 9.56502e-16 7.21262e-16 5.43876e-16 4.10116e-16 3.09252e-16 2.33194e-16 1.75841e-16 1.32594e-16 9.99832e-17 7.53927e-17 5.685e-17 4.28678e-17 3.23245e-17 2.43742e-17 1.83793e-17 1.38589e-17 1.04502e-17 7.87993e-18 5.94181e-18 4.48037e-18 3.37838e-18 2.54743e-18 1.92086e-18 1.4484e-18 1.09215e-18 8.23518e-19 6.2096e-19 4.68224e-19 3.53056e-19 2.66215e-19 2.00734e-19
4.4159e-05 2.06644e-07 1.55843e-07 1.1753e-07 8.86356e-08 6.68449e-08 5.04112e-08 3.80177e-08 2.8671e-08 2.16222e-08 1.63063e-08 1.22973e-08 9.27395e-09 6.99388e-09 5.27437e-09 3.97761e-09 2.99967e-09 2.26216e-09 1.70598e-09 1.28654e-09 9.70219e-10 7.31672e-10 5.51776e-10 4.1611e-10 3.138e-10 2.36645e-10 1.7846e-10 1.34581e-10 1.0149e-10 7.65359e-11 5.77172e-11 4.35255e-11 3.28233e-11 2.47526e-11 1.86663e-11 1.40765e-11 1.06152e-11 8.00505e-12 6.03668e-12 4.5523e-12 3.43292e-12 2.58878e-12 1.95221e-12 1.47217e-12 1.11016e-12 8.37172e-13 6.3131e-13 4.76069e-13 3.59002e-13 2.70721e-13 2.04149e-13 1.53947e-13 1.1609e-13 8.75424e-14 6.60147e-14 4.97808e-14 3.7539e-14 2.83076e-14 2.13463e-14 1.60968e-14 1.21383e-14 9.15326e-15 6.90228e-15 5.20485e-15 3.92485e-15 2.95963e-15 2.23178e-15 1.68292e-15 1.26904e-15 9.56948e-16 7.21604e-16 5.44138e-16 4.10316e-16 3.09405e-16 2.33311e-16 1.75931e-16 1.32663e-16 1.00036e-16 7.5433e-17 5.68808e-17 4.28914e-17 3.23425e-17 2.4388e-17 1.83899e-17 1.38669e-17 1.04564e-17 7.88461e-18 5.94538e-18 4.4831e-18 3.38046e-18 2.54902e-18 1.92208e-18 1.44933e-18 1.09285e-18 8.24056e-19 6.21371e-19 4.68537e-19 3.53295e-19 2.66397e-19 2.00873e-19 1.51465e-19
3.32556e-05 1.5583e-07 1.17521e-07 8.86298e-08 6.6841e-08 5.04087e-08 3.80161e-08 2.86701e-08 2.16217e-08 1.6306e-08 1.22972e-08 9.27395e-09 6.99394e-09 5.27446e-09 3.97771e-09 2.99977e-09 2.26225e-09 1.70606e-09 1.28661e-09 9.70282e-10 7.31726e-10 5.51821e-10 4.16147e-10 3.13831e-10 2.3667e-10 1.7848e-10 1.34597e-10 1.01503e-10 7.65464e-11 5.77256e-11 4.35322e-11 3.28286e-11 2.47568e-11 1.86696e-11 1.40791e-11 1.06173e-11 8.00666e-12 6.03794e-12 4.55329e-12 3.43369e-12 2.58938e-12 1.95268e-12 1.47253e-12 1.11045e-12 8.37394e-13 6.31482e-13 4.76203e-13 3.59105e-13 2.70801e-13 2.04211e-13 1.53995e-13 1.16127e-13 8.7571e-14 6.60368e-14 4.97979e-14 3.75522e-14 2.83177e-14 2.13541e-14 1.61029e-14 1.2143e-14 9.15682e-15 6.90502e-15 5.20695e-15 3.92647e-15 2.96087e-15 2.23273e-15 1.68366e-15 1.26961e-15 9.57378e-16 7.21935e-16 5.44391e-16 4.1051e-16 3.09554e-16 2.33425e-16 1.76019e-16 1.3273e-16 1.00087e-16 7.54721e-17 5.69108e-17 4.29143e-17 3.236e-17 2.44014e-17 1.84001e-17 1.38747e-17 1.04623e-17 7.88917e-18 5.94886e-18 4.48576e-18 3.3825e-18 2.55057e-18 1.92326e-18 1.45023e-18 1.09354e-18 8.24582e-19 6.21772e-19 4.68843e-19 3.53528e-19 2.66575e-19 2.01008e-19 1.51568e-19 1.14288e-19
2.50443e-05 1.1751e-07 8.86225e-08 6.68361e-08 5.04054e-08 3.80139e-08 2.86687e-08 2.16208e-08 1.63055e-08 1.22969e-08 9.2738e-09 6.99388e-09 5.27446e-09 3.97774e-09 2.99982e-09 2.26231e-09 1.70612e-09 1.28666e-09 9.70329e-10 7.31768e-10 5.51857e-10 4.16178e-10 3.13856e-10 2.36691e-10 1.78497e-10 1.34611e-10 1.01515e-10 7.65557e-11 5.77331e-11 4.35382e-11 3.28334e-11 2.47606e-11 1.86726e-11 1.40815e-11 1.06192e-11 8.00815e-12 6.03911e-12 4.55421e-12 3.43441e-12 2.58995e-12 1.95312e-12 1.47287e-12 1.11071e-12 8.37602e-13 6.31644e-13 4.76329e-13 3.59203e-13 2.70877e-13 2.0427e-13 1.54041e-13 1.16162e-13 8.75983e-14 6.60579e-14 4.98142e-14 3.75647e-14 2.83274e-14 2.13616e-14 1.61086e-14 1.21474e-14 9.16024e-15 6.90764e-15 5.20898e-15 3.92802e-15 2.96207e-15 2.23365e-15 1.68436e-15 1.27015e-15 9.57794e-16 7.22254e-16 5.44636e-16 4.10698e-16 3.09698e-16 2.33535e-16 1.76103e-16 1.32794e-16 1.00137e-16 7.551e-17 5.69398e-17 4.29365e-17 3.2377e-17 2.44144e-17 1.841e-17 1.38823e-17 1.04681e-17 7.89361e-18 5.95226e-18 4.48835e-18 3.38447e-18 2.55208e-18 1.92441e-18 1.45111e-18 1.09422e-18 8.25095e-19 6.22163e-19 4.69142e-19 3.53756e-19 2.66749e-19 2.01141e-19 1.51669e-19 1.14365e-19 8.62362e-20
1.88605e-05 8.86137e-08 6.683e-08 5.04013e-08 3.80111e-08 2.86668e-08 2.16195e-08 1.63047e-08 1.22964e-08 9.27349e-09 6.99371e-09 5.27437e-09 3.97771e-09 2.99982e-09 2.26233e-09 1.70614e-09 1.28669e-09 9.70361e-10 7.31798e-10 5.51884e-10 4.16202e-10 3.13877e-10 2.36708e-10 1.78512e-10 1.34623e-10 1.01525e-10 7.65638e-11 5.77396e-11 4.35435e-11 3.28377e-11 2.4764e-11 1.86753e-11 1.40836e-11 1.06209e-11 8.0095e-12 6.04018e-12 4.55505e-12 3.43507e-12 2.59047e-12 1.95353e-12 1.47319e-12 1.11096e-12 8.37797e-13 6.31796e-13 4.76447e-13 3.59295e-13 2.70949e-13 2.04325e-13 1.54084e-13 1.16196e-13 8.76241e-14 6.60779e-14 4.98296e-14 3.75767e-14 2.83367e-14 2.13687e-14 1.61141e-14 1.21516e-14 9.16351e-15 6.91016e-15 5.21092e-15 3.92952e-15 2.96322e-15 2.23454e-15 1.68504e-15 1.27067e-15 9.58195e-16 7.22561e-16 5.44872e-16 4.10879e-16 3.09837e-16 2.33642e-16 1.76185e-16 1.32857e-16 1.00185e-16 7.55468e-17 5.69679e-17 4.2958e-17 3.23935e-17 2.4427e-17 1.84197e-17 1.38897e-17 1.04738e-17 7.89793e-18 5.95556e-18 4.49087e-18 3.3864e-18 2.55356e-18 1.92554e-18 1.45197e-18 1.09487e-18 8.25595e-19 6.22545e-19 4.69433e-19 3.53978e-19 2.66918e-19 2.0127e-19 1.51768e-19 1.1444e-19 8.62936e-20 6.50695e-20
1.42036e-05 6.68229e-08 5.03963e-08 3.80077e-08 2.86644e-08 2.16179e-08 1.63036e-08 1.22957e-08 9.27304e-09 6.99342e-09 5.2742e-09 3.97761e-09 2.99977e-09 2.26231e-09 1.70614e-09 1.2867e-09 9.70377e-10 7.31815e-10 5.51902e-10 4.16219e-10 3.13892e-10 2.36722e-10 1.78523e-10 1.34633e-10 1.01533e-10 7.65706e-11 5.77452e-11 4.35481e-11 3.28414e-11 2.4767e-11 1.86777e-11 1.40856e-11 1.06224e-11 8.01073e-12 6.04115e-12 4.55582e-12 3.43568e-12 2.59095e-12 1.9539e-12 1.47349e-12 1.11119e-12 8.37978e-13 6.31938e-13 4.76557e-13 3.59381e-13 2.71016e-13 2.04378e-13 1.54124e-13 1.16227e-13 8.76486e-14 6.60968e-14 4.98443e-14 3.75881e-14 2.83454e-14 2.13755e-14 1.61194e-14 1.21557e-14 9.16664e-15 6.91257e-15 5.21277e-15 3.93095e-15 2.96432e-15 2.23538e-15 1.68569e-15 1.27117e-15 9.58581e-16 7.22858e-16 5.451e-16 4.11054e-16 3.09971e-16 2.33745e-16 1.76264e-16 1.32918e-16 1.00231e-16 7.55824e-17 5.69952e-17 4.29789e-17 3.24095e-17 2.44392e-17 1.8429e-17 1.38969e-17 1.04793e-17 7.90212e-18 5.95876e-18 4.49332e-18 3.38828e-18 2.55499e-18 1.92663e-18 1.45281e-18 1.09551e-18 8.26083e-19 6.22918e-19 4.69718e-19 3.54195e-19 2.67084e-19 2.01396e-19 1.51864e-19 1.14514e-19 8.63497e-20 6.51122e-20 4.9098e-20
1.06965e-05 5.03905e-08 3.80036e-08 2.86616e-08 2.1616e-08 1.63023e-08 1.22948e-08 9.27243e-09 6.99302e-09 5.27394e-09 3.97745e-09 2.99967e-09 2.26225e-09 1.70612e-09 1.28669e-09 9.70377e-10 7.31821e-10 5.51911e-10 4.16229e-10 3.13902e-10 2.36731e-10 1.78532e-10 1.34641e-10 1.0154e-10 7.65762e-11 5.77499e-11 4.3552e-11 3.28446e-11 2.47696e-11 1.86798e-11 1.40873e-11 1.06238e-11 8.01183e-12 6.04203e-12 4.55652e-12 3.43623e-12 2.59138e-12 1.95425e-12 1.47376e-12 1.11141e-12 8.38146e-13 6.32069e-13 4.7666e-13 3.59462e-13 2.71079e-13 2.04427e-13 1.54163e-13 1.16257e-13 8.76717e-14 6.61147e-14 4.98582e-14 3.75988e-14 2.83538e-14 2.13819e-14 1.61244e-14 1.21595e-14 9.16962e-15 6.91488e-15 5.21455e-15 3.93232e-15 2.96538e-15 2.2362e-15 1.68632e-15 1.27165e-15 9.58951e-16 7.23143e-16 5.45319e-16 4.11222e-16 3.101e-16 2.33844e-16 1.7634e-16 1.32976e-16 1.00276e-16 7.56168e-17 5.70216e-17 4.29991e-17 3.2425e-17 2.44511e-17 1.84381e-17 1.39038e-17 1.04846e-17 7.9062e-18 5.96188e-18 4.49571e-18 3.3901e-18 2.55638e-18 1.9277e-18 1.45362e-18 1.09613e-18 8.26558e-19 6.2328e-19 4.69995e-19 3.54407e-19 2.67245e-19 2.0152e-19 1.51958e-19 1.14586e-19 8.64045e-20 6.5154e-20 4.91298e-20 3.70466e-20
8.05542e-06 3.79989e-08 2.86583e-08 2.16137e-08 1.63007e-08 1.22937e-08 9.27167e-09 6.9925e-09 5.27359e-09 3.97722e-09 2.99952e-09 2.26216e-09 1.70606e-09 1.28666e-09 9.70361e-10 7.31815e-10 5.51911e-10 4.16232e-10 3.13907e-10 2.36737e-10 1.78538e-10 1.34646e-10 1.01545e-10 7.65805e-11 5.77536e-11 4.35551e-11 3.28472e-11 2.47718e-11 1.86817e-11 1.40887e-11 1.0625e-11 8.01279e-12 6.04281e-12 4.55714e-12 3.43673e-12 2.59178e-12 1.95456e-12 1.47401e-12 1.1116e-12 8.383e-13 6.32191e-13 4.76756e-13 3.59536e-13 2.71137e-13 2.04472e-13 1.54198e-13 1.16285e-13 8.76933e-14 6.61316e-14 4.98713e-14 3.7609e-14 2.83617e-14 2.13881e-14 1.61291e-14 1.21632e-14 9.17245e-15 6.91707e-15 5.21624e-15 3.93363e-15 2.96638e-15 2.23697e-15 1.68692e-15 1.27211e-15 9.59307e-16 7.23416e-16 5.4553e-16 4.11384e-16 3.10225e-16 2.3394e-16 1.76413e-16 1.33033e-16 1.00319e-16 7.565e-17 5.70471e-17 4.30187e-17 3.24399e-17 2.44626e-17 1.84469e-17 1.39106e-17 1.04897e-17 7.91015e-18 5.9649e-18 4.49802e-18 3.39187e-18 2.55774e-18 1.92873e-18 1.45441e-18 1.09674e-18 8.2702e-19 6.23634e-19 4.70265e-19 3.54613e-19 2.67403e-19 2.0164e-19 1.5205e-19 1.14656e-19 8.64579e-20 6.51948e-20 4.91609e-20 3.70704e-20 2.79533e-20
6.06643e-06 2.86545e-08 2.1611e-08 1.62988e-08 1.22924e-08 9.27076e-09 6.99187e-09 5.27316e-09 3.97693e-09 2.99933e-09 2.26203e-09 1.70598e-09 1.28661e-09 9.70329e-10 7.31798e-10 5.51902e-10 4.16229e-10 3.13907e-10 2.36739e-10 1.78541e-10 1.34649e-10 1.01548e-10 7.65836e-11 5.77564e-11 4.35576e-11 3.28494e-11 2.47736e-11 1.86832e-11 1.409e-11 1.0626e-11 8.01363e-12 6.04349e-12 4.55769e-12 3.43717e-12 2.59213e-12 1.95485e-12 1.47423e-12 1.11178e-12 8.38442e-13 6.32302e-13 4.76844e-13 3.59605e-13 2.71191e-13 2.04515e-13 1.54231e-13 1.16311e-13 8.77136e-14 6.61474e-14 4.98836e-14 3.76186e-14 2.83691e-14 2.13938e-14 1.61336e-14 1.21667e-14 9.17514e-15 6.91915e-15 5.21786e-15 3.93487e-15 2.96735e-15 2.23772e-15 1.68749e-15 1.27256e-15 9.59648e-16 7.23679e-16 5.45732e-16 4.1154e-16 3.10344e-16 2.34032e-16 1.76484e-16 1.33087e-16 1.00361e-16 7.5682e-17 5.70717e-17 4.30375e-17 3.24544e-17 2.44737e-17 1.84554e-17 1.39171e-17 1.04947e-17 7.91397e-18 5.96783e-18 4.50027e-18 3.39359e-18 2.55905e-18 1.92974e-18 1.45518e-18 1.09732e-18 8.2747e-19 6.23977e-19 4.70527e-19 3.54813e-19 2.67556e-19 2.01757e-19 1.52139e-19 1.14724e-19 8.651e-20 6.52346e-20 4.91913e-20 3.70935e-20 2.7971e-20 2.10919e-20
4.56855e-06 2.1608e-08 1.62967e-08 1.22909e-08 9.26969e-09 6.99113e-09 5.27264e-09 3.97657e-09 2.99908e-09 2.26187e-09 1.70587e-09 1.28654e-09 9.70282e-10 7.31768e-10 5.51884e-10 4.16219e-10 3.13902e-10 2.36737e-10 1.78541e-10 1.34651e-10 1.01549e-10 7.65855e-11 5.77583e-11 4.35594e-11 3.2851e-11 2.4775e-11 1.86844e-11 1.4091e-11 1.06269e-11 8.01434e-12 6.04407e-12 4.55817e-12 3.43756e-12 2.59245e-12 1.9551e-12 1.47444e-12 1.11194e-12 8.38569e-13 6.32403e-13 4.76924e-13 3.59669e-13 2.71241e-13 2.04554e-13 1.54262e-13 1.16335e-13 8.77325e-14 6.61622e-14 4.98951e-14 3.76275e-14 2.83761e-14 2.13993e-14 1.61378e-14 1.217e-14 9.17769e-15 6.92113e-15 5.21938e-15 3.93605e-15 2.96826e-15 2.23842e-15 1.68804e-15 1.27298e-15 9.59973e-16 7.2393e-16 5.45925e-16 4.11689e-16 3.10459e-16 2.3412e-16 1.76552e-16 1.33139e-16 1.00401e-16 7.57129e-17 5.70954e-17 4.30557e-17 3.24684e-17 2.44844e-17 1.84637e-17 1.39234e-17 1.04996e-17 7.91768e-18 5.97067e-18 4.50244e-18 3.39525e-18 2.56033e-18 1.93071e-18 1.45593e-18 1.0979e-18 8.27907e-19 6.24312e-19 4.70783e-19 3.55009e-19 2.67705e-19 2.01871e-19 1.52227e-19 1.14791e-19 8.65608e-20 6.52734e-20 4.92209e-20 3.71161e-20 2.79882e-20 2.11051e-20 1.59147e-20
3.44051e-06 1.62943e-08 1.22892e-08 9.26848e-09 6.99027e-09 5.27204e-09 3.97615e-09 2.99879e-09 2.26166e-09 1.70573e-09 1.28644e-09 9.70219e-10 7.31726e-10 5.51857e-10 4.16202e-10 3.13892e-10 2.36731e-10 1.78538e-10 1.34649e-10 1.01549e-10 7.65861e-11 5.77592e-11 4.35604e-11 3.2852e-11 2.4776e-11 1.86853e-11 1.40918e-11 1.06276e-11 8.01492e-12 6.04456e-12 4.55857e-12 3.43789e-12 2.59272e-12 1.95532e-12 1.47461e-12 1.11209e-12 8.38683e-13 6.32495e-13 4.76996e-13 3.59726e-13 2.71287e-13 2.0459e-13 1.54291e-13 1.16357e-13 8.775e-14 6.61759e-14 4.99058e-14 3.76359e-14 2.83827e-14 2.14044e-14 1.61418e-14 1.21731e-14 9.18009e-15 6.92299e-15 5.22083e-15 3.93717e-15 2.96913e-15 2.2391e-15 1.68856e-15 1.27338e-15 9.60283e-16 7.24169e-16 5.4611e-16 4.11831e-16 3.10569e-16 2.34205e-16 1.76617e-16 1.33189e-16 1.0044e-16 7.57426e-17 5.71182e-17 4.30733e-17 3.24819e-17 2.44947e-17 1.84716e-17 1.39295e-17 1.05043e-17 7.92126e-18 5.97342e-18 4.50455e-18 3.39686e-18 2.56156e-18 1.93166e-18 1.45665e-18 1.09845e-18 8.28331e-19 6.24636e-19 4.71031e-19 3.55199e-19 2.6785e-19 2.01982e-19 1.52311e-19 1.14855e-19 8.66103e-20 6.53111e-20 4.92498e-20 3.71382e-20 2.8005e-20 2.11179e-20 1.59245e-20 1.20082e-20
2.591e-06 1.22872e-08 9.26711e-09 6.9893e-09 5.27135e-09 3.97566e-09 2.99844e-09 2.26142e-09 1.70556e-09 1.28633e-09 9.7014e-10 7.31672e-10 5.51821e-10 4.16178e-10 3.13877e-10 2.36722e-10 1.78532e-10 1.34646e-10 1.01548e-10 7.65855e-11 5.77592e-11 4.35608e-11 3.28525e-11 2.47766e-11 1.86859e-11 1.40924e-11 1.06281e-11 8.01538e-12 6.04495e-12 4.5589e-12 3.43817e-12 2.59295e-12 1.9555e-12 1.47477e-12 1.11221e-12 8.38784e-13 6.32576e-13 4.77061e-13 3.59778e-13 2.71328e-13 2.04623e-13 1.54316e-13 1.16378e-13 8.7766e-14 6.61885e-14 4.99158e-14 3.76437e-14 2.83887e-14 2.14091e-14 1.61455e-14 1.2176e-14 9.18235e-15 6.92474e-15 5.22219e-15 3.93823e-15 2.96995e-15 2.23973e-15 1.68905e-15 1.27376e-15 9.60579e-16 7.24398e-16 5.46286e-16 4.11968e-16 3.10674e-16 2.34286e-16 1.7668e-16 1.33237e-16 1.00477e-16 7.57711e-17 5.71401e-17 4.30901e-17 3.24948e-17 2.45047e-17 1.84792e-17 1.39354e-17 1.05088e-17 7.92472e-18 5.97607e-18 4.50658e-18 3.39842e-18 2.56276e-18 1.93258e-18 1.45735e-18 1.09899e-18 8.28742e-19 6.24951e-19 4.71272e-19 3.55383e-19 2.67991e-19 2.0209e-19 1.52394e-19 1.14918e-19 8.66585e-20 6.53479e-20 4.92779e-20 3.71597e-20 2.80214e-20 2.11304e-20 1.59341e-20 1.20155e-20 9.06065e-21
1.95125e-06 9.26559e-09 6.98821e-09 5.27057e-09 3.97511e-09 2.99805e-09 2.26115e-09 1.70536e-09 1.28619e-09 9.70045e-10 7.31607e-10 5.51776e-10 4.16147e-10 3.13856e-10 2.36708e-10 1.78523e-10 1.34641e-10 1.01545e-10 7.65836e-11 5.77583e-11 4.35604e-11 3.28525e-11 2.47768e-11 1.86862e-11 1.40927e-11 1.06284e-11 8.0157e-12 6.04524e-12 4.55916e-12 3.43839e-12 2.59313e-12 1.95566e-12 1.4749e-12 1.11232e-12 8.38872e-13 6.32647e-13 4.77118e-13 3.59824e-13 2.71365e-13 2.04652e-13 1.5434e-13 1.16396e-13 8.77807e-14 6.62001e-14 4.99249e-14 3.76509e-14 2.83944e-14 2.14136e-14 1.6149e-14 1.21787e-14 9.18446e-15 6.92639e-15 5.22348e-15 3.93923e-15 2.97073e-15 2.24033e-15 1.68952e-15 1.27412e-15 9.60859e-16 7.24615e-16 5.46454e-16 4.12097e-16 3.10774e-16 2.34363e-16 1.76739e-16 1.33283e-16 1.00512e-16 7.57984e-17 5.71611e-17 4.31063e-17 3.25073e-17 2.45143e-17 1.84866e-17 1.3941e-17 1.05131e-17 7.92806e-18 5.97863e-18 4.50855e-18 3.39993e-18 2.56391e-18 1.93346e-18 1.45803e-18 1.09951e-18 8.29141e-19 6.25256e-19 4.71506e-19 3.55562e-19 2.68128e-19 2.02195e-19 1.52474e-19 1.1498e-19 8.67053e-20 6.53837e-20 4.93052e-20 3.71806e-20 2.80374e-20 2.11426e-20 1.59434e-20 1.20226e-20 9.06608e-21 6.83657e-21
1.46946e-06 6.98701e-09 5.26971e-09 3.97449e-09 2.99761e-09 2.26083e-09 1.70514e-09 1.28603e-09 9.69934e-10 7.31529e-10 5.51722e-10 4.1611e-10 3.13831e-10 2.36691e-10 1.78512e-10 1.34633e-10 1.0154e-10 7.65805e-11 5.77564e-11 4.35594e-11 3.2852e-11 2.47766e-11 1.86862e-11 1.40928e-11 1.06286e-11 8.01589e-12 6.04543e-12 4.55934e-12 3.43856e-12 2.59328e-12 1.95579e-12 1.475e-12 1.11241e-12 8.38945e-13 6.32707e-13 4.77168e-13 3.59864e-13 2.71397e-13 2.04678e-13 1.54361e-13 1.16413e-13 8.7794e-14 6.62106e-14 4.99333e-14 3.76575e-14 2.83996e-14 2.14176e-14 1.61522e-14 1.21812e-14 9.18642e-15 6.92793e-15 5.22467e-15 3.94017e-15 2.97145e-15 2.2409e-15 1.68996e-15 1.27447e-15 9.61124e-16 7.2482e-16 5.46613e-16 4.1222e-16 3.10869e-16 2.34437e-16 1.76796e-16 1.33327e-16 1.00546e-16 7.58245e-17 5.71813e-17 4.31218e-17 3.25192e-17 2.45235e-17 1.84937e-17 1.39465e-17 1.05173e-17 7.93127e-18 5.9811e-18 4.51044e-18 3.40139e-18 2.56503e-18 1.93432e-18 1.45869e-18 1.10001e-18 8.29527e-19 6.25552e-19 4.71732e-19 3.55735e-19 2.68261e-19 2.02296e-19 1.52552e-19 1.15039e-19 8.67508e-20 6.54185e-20 4.93319e-20 3.72009e-20 2.8053e-20 2.11545e-20 1.59524e-20 1.20296e-20 9.07137e-21 6.84061e-21 5.15841e-21
1.10663e-06 5.26876e-09 3.97381e-09 2.99712e-09 2.26048e-09 1.70489e-09 1.28585e-09 9.69807e-10 7.3144e-10 5.51659e-10 4.16066e-10 3.138e-10 2.3667e-10 1.78497e-10 1.34623e-10 1.01533e-10 7.65762e-11 5.77536e-11 4.35576e-11 3.2851e-11 2.4776e-11 1.86859e-11 1.40927e-11 1.06286e-11 8.01596e-12 6.04553e-12 4.55945e-12 3.43867e-12 2.59338e-12 1.95588e-12 1.47509e-12 1.11248e-12 8.39006e-13 6.32758e-13 4.7721e-13 3.59899e-13 2.71426e-13 2.04701e-13 1.54379e-13 1.16428e-13 8.78059e-14 6.62201e-14 4.99408e-14 3.76635e-14 2.84043e-14 2.14214e-14 1.61551e-14 1.21835e-14 9.18824e-15 6.92935e-15 5.22579e-15 3.94104e-15 2.97213e-15 2.24143e-15 1.69037e-15 1.27479e-15 9.61374e-16 7.25014e-16 5.46764e-16 4.12337e-16 3.1096e-16 2.34507e-16 1.7685e-16 1.33369e-16 1.00578e-16 7.58495e-17 5.72005e-17 4.31367e-17 3.25307e-17 2.45323e-17 1.85005e-17 1.39517e-17 1.05213e-17 7.93436e-18 5.98348e-18 4.51227e-18 3.40279e-18 2.56611e-18 1.93514e-18 1.45932e-18 1.1005e-18 8.299e-19 6.25838e-19 4.71951e-19 3.55903e-19 2.6839e-19 2.02395e-19 1.52627e-19 1.15097e-19 8.6795e-20 6.54523e-20 4.93577e-20 3.72207e-20 2.80681e-20 2.11661e-20 1.59613e-20 1.20363e-20 9.07652e-21 6.84455e-21 5.16142e-21 3.89218e-21
8.33387e-07 3.97306e-09 2.99658e-09 2.26009e-09 1.70461e-09 1.28565e-09 9.69665e-10 7.31339e-10 5.51587e-10 4.16015e-10 3.13764e-10 2.36645e-10 1.7848e-10 1.34611e-10 1.01525e-10 7.65706e-11 5.77499e-11 4.35551e-11 3.28494e-11 2.4775e-11 1.86853e-11 1.40924e-11 1.06284e-11 8.01589e-12 6.04553e-12 4.55949e-12 3.43872e-12 2.59345e-12 1.95594e-12 1.47515e-12 1.11253e-12 8.39053e-13 6.32799e-13 4.77244e-13 3.59928e-13 2.71449e-13 2.04721e-13 1.54395e-13 1.16441e-13 8.78164e-14 6.62286e-14 4.99476e-14 3.76689e-14 2.84086e-14 2.14248e-14 1.61578e-14 1.21856e-14 9.18992e-15 6.93067e-15 5.22682e-15 3.94185e-15 2.97277e-15 2.24193e-15 1.69076e-15 1.27509e-15 9.61609e-16 7.25197e-16 5.46906e-16 4.12447e-16 3.11045e-16 2.34573e-16 1.76902e-16 1.33409e-16 1.00609e-16 7.58733e-17 5.72189e-17 4.31509e-17 3.25416e-17 2.45407e-17 1.8507e-17 1.39567e-17 1.05252e-17 7.93733e-18 5.98576e-18 4.51402e-18 3.40414e-18 2.56714e-18 1.93594e-18 1.45994e-18 1.10097e-18 8.3026e-19 6.26114e-19 4.72163e-19 3.56066e-19 2.68514e-19 2.0249e-19 1.527e-19 1.15153e-19 8.68379e-20 6.54851e-20 4.93828e-20 3.72399e-20 2.80828e-20 2.11773e-20 1.59699e-20 1.20429e-20 9.08154e-21 6.84838e-21 5.16435e-21 3.89442e-21 2.93676e-21
6.27613e-07 2.99599e-09 2.25967e-09 1.70431e-09 1.28543e-09 9.69507e-10 7.31225e-10 5.51507e-10 4.15958e-10 3.13724e-10 2.36616e-10 1.7846e-10 1.34597e-10 1.01515e-10 7.65638e-11 5.77452e-11 4.3552e-11 3.28472e-11 2.47736e-11 1.86844e-11 1.40918e-11 1.06281e-11 8.0157e-12 6.04543e-12 4.55945e-12 3.43872e-12 2.59347e-12 1.95598e-12 1.47518e-12 1.11257e-12 8.39087e-13 6.32829e-13 4.77271e-13 3.59951e-13 2.71469e-13 2.04737e-13 1.54409e-13 1.16452e-13 8.78255e-14 6.62359e-14 4.99535e-14 3.76736e-14 2.84124e-14 2.14278e-14 1.61602e-14 1.21875e-14 9.19145e-15 6.93188e-15 5.22778e-15 3.9426e-15 2.97336e-15 2.24239e-15 1.69112e-15 1.27537e-15 9.61829e-16 7.25368e-16 5.47039e-16 4.12551e-16 3.11126e-16 2.34636e-16 1.7695e-16 1.33447e-16 1.00638e-16 7.58958e-17 5.72364e-17 4.31644e-17 3.2552e-17 2.45488e-17 1.85132e-17 1.39615e-17 1.05289e-17 7.94018e-18 5.98795e-18 4.51571e-18 3.40544e-18 2.56814e-18 1.93671e-18 1.46052e-18 1.10142e-18 8.30608e-19 6.26381e-19 4.72368e-19 3.56223e-19 2.68635e-19 2.02582e-19 1.52771e-19 1.15207e-19 8.68794e-20 6.55169e-20 4.94072e-20 3.72585e-20 2.8097e-20 2.11882e-20 1.59782e-20 1.20493e-20 9.08642e-21 6.85211e-21 5.1672e-21 3.89659e-21 2.93842e-21 2.21586e-21
4.72647e-07 2.25921e-09 1.70397e-09 1.28519e-09 9.69333e-10 7.311e-10 5.51417e-10 4.15894e-10 3.13678e-10 2.36583e-10 1.78437e-10 1.34581e-10 1.01503e-10 7.65557e-11 5.77396e-11 4.35481e-11 3.28446e-11 2.47718e-11 1.86832e-11 1.4091e-11 1.06276e-11 8.01538e-12 6.04524e-12 4.55934e-12 3.43867e-12 2.59345e-12 1.95598e-12 1.47519e-12 1.11259e-12 8.39107e-13 6.32849e-13 4.7729e-13 3.59968e-13 2.71484e-13 2.0475e-13 1.5442e-13 1.16461e-13 8.78332e-14 6.62423e-14 4.99587e-14 3.76778e-14 2.84158e-14 2.14306e-14 1.61624e-14 1.21893e-14 9.19283e-15 6.93297e-15 5.22864e-15 3.94328e-15 2.9739e-15 2.24281e-15 1.69145e-15 1.27563e-15 9.62033e-16 7.25528e-16 5.47164e-16 4.12649e-16 3.11202e-16 2.34695e-16 1.76996e-16 1.33482e-16 1.00666e-16 7.59172e-17 5.72529e-17 4.31772e-17 3.2562e-17 2.45565e-17 1.85191e-17 1.39661e-17 1.05324e-17 7.9429e-18 5.99005e-18 4.51733e-18 3.40668e-18 2.5691e-18 1.93745e-18 1.46109e-18 1.10186e-18 8.30943e-19 6.26638e-19 4.72565e-19 3.56374e-19 2.68751e-19 2.02672e-19 1.52839e-19 1.1526e-19 8.69196e-20 6.55477e-20 4.94307e-20 3.72766e-20 2.81109e-20 2.11988e-20 1.59863e-20 1.20555e-20 9.09116e-21 6.85573e-21 5.16997e-21 3.89871e-21 2.94004e-21 2.2171e-21 1.67193e-21
3.55944e-07 1.70361e-09 1.28493e-09 9.69143e-10 7.30963e-10 5.51318e-10 4.15823e-10 3.13627e-10 2.36547e-10 1.7841e-10 1.34562e-10 1.0149e-10 7.65464e-11 5.77331e-11 4.35435e-11 3.28414e-11 2.47696e-11 1.86817e-11 1.409e-11 1.06269e-11 8.01492e-12 6.04495e-12 4.55916e-12 3.43856e-12 2.59338e-12 1.95594e-12 1.47518e-12 1.11259e-12 8.39113e-13 6.32859e-13 4.77302e-13 3.59979e-13 2.71495e-13 2.0476e-13 1.54428e-13 1.16469e-13 8.78395e-14 6.62475e-14 4.99631e-14 3.76814e-14 2.84188e-14 2.14329e-14 1.61643e-14 1.21908e-14 9.19407e-15 6.93396e-15 5.22943e-15 3.94391e-15 2.97439e-15 2.2432e-15 1.69176e-15 1.27587e-15 9.62223e-16 7.25677e-16 5.4728e-16 4.12739e-16 3.11273e-16 2.3475e-16 1.77039e-16 1.33516e-16 1.00692e-16 7.59375e-17 5.72686e-17 4.31894e-17 3.25714e-17 2.45637e-17 1.85247e-17 1.39704e-17 1.05358e-17 7.9455e-18 5.99206e-18 4.51887e-18 3.40787e-18 2.57002e-18 1.93815e-18 1.46164e-18 1.10227e-18 8.31265e-19 6.26886e-19 4.72756e-19 3.5652e-19 2.68863e-19 2.02758e-19 1.52905e-19 1.1531e-19 8.69584e-20 6.55775e-20 4.94536e-20 3.72941e-20 2.81243e-20 2.12091e-20 1.59942e-20 1.20615e-20 9.09576e-21 6.85925e-21 5.17266e-21 3.90077e-21 2.94162e-21 2.21831e-21 1.67285e-21 1.26151e-21
2.68056e-07 1.28465e-09 9.68938e-10 7.30814e-10 5.5121e-10 4.15745e-10 3.13571e-10 2.36506e-10 1.78381e-10 1.34541e-10 1.01475e-10 7.65359e-11 5.77256e-11 4.35382e-11 3.28377e-11 2.4767e-11 1.86798e-11 1.40887e-11 1.0626e-11 8.01434e-12 6.04456e-12 4.5589e-12 3.43839e-12 2.59328e-12 1.95588e-12 1.47515e-12 1.11257e-12 8.39107e-13 6.32859e-13 4.77305e-13 3.59985e-13 2.71501e-13 2.04766e-13 1.54435e-13 1.16474e-13 8.78444e-14 6.62518e-14 4.99666e-14 3.76844e-14 2.84212e-14 2.1435e-14 1.6166e-14 1.21922e-14 9.19516e-15 6.93484e-15 5.23013e-15 3.94447e-15 2.97484e-15 2.24356e-15 1.69204e-15 1.27609e-15 9.62397e-16 7.25814e-16 5.47388e-16 4.12824e-16 3.11339e-16 2.34802e-16 1.77079e-16 1.33547e-16 1.00716e-16 7.59565e-17 5.72834e-17 4.32008e-17 3.25803e-17 2.45706e-17 1.85301e-17 1.39746e-17 1.0539e-17 7.94797e-18 5.99397e-18 4.52035e-18 3.40901e-18 2.5709e-18 1.93883e-18 1.46216e-18 1.10268e-18 8.31574e-19 6.27124e-19 4.72939e-19 3.56661e-19 2.68971e-19 2.02841e-19 1.52969e-19 1.15359e-19 8.6996e-20 6.56063e-20 4.94757e-20 3.7311e-20 2.81372e-20 2.1219e-20 1.60018e-20 1.20673e-20 9.10023e-21 6.86267e-21 5.17528e-21 3.90277e-21 2.94315e-21 2.21948e-21 1.67374e-21 1.26219e-21 9.51834e-22
2.0187e-07 9.68716e-10 7.30653e-10 5.51093e-10 4.1566e-10 3.13509e-10 2.36462e-10 1.7835e-10 1.34518e-10 1.01459e-10 7.65241e-11 5.77172e-11 4.35322e-11 3.28334e-11 2.4764e-11 1.86777e-11 1.40873e-11 1.0625e-11 8.01363e-12 6.04407e-12 4.55857e-12 3.43817e-12 2.59313e-12 1.95579e-12 1.47509e-12 1.11253e-12 8.39087e-13 6.32849e-13 4.77302e-13 3.59985e-13 2.71504e-13 2.0477e-13 1.54438e-13 1.16478e-13 8.78479e-14 6.62549e-14 4.99694e-14 3.76868e-14 2.84233e-14 2.14367e-14 1.61674e-14 1.21933e-14 9.19611e-15 6.93561e-15 5.23075e-15 3.94496e-15 2.97524e-15 2.24388e-15 1.69229e-15 1.27629e-15 9.62556e-16 7.25939e-16 5.47487e-16 4.12902e-16 3.114e-16 2.3485e-16 1.77117e-16 1.33576e-16 1.00739e-16 7.59743e-17 5.72973e-17 4.32116e-17 3.25887e-17 2.45772e-17 1.85352e-17 1.39785e-17 1.0542e-17 7.95032e-18 5.99579e-18 4.52175e-18 3.4101e-18 2.57173e-18 1.93948e-18 1.46266e-18 1.10306e-18 8.3187e-19 6.27352e-19 4.73114e-19 3.56796e-19 2.69075e-19 2.02921e-19 1.53031e-19 1.15406e-19 8.70322e-20 6.56341e-20 4.9497e-20 3.73273e-20 2.81498e-20 2.12286e-20 1.60091e-20 1.2073e-20 9.10455e-21 6.86598e-21 5.17781e-21 3.90471e-21 2.94463e-21 2.22061e-21 1.67461e-21 1.26285e-21 9.52342e-22 7.18177e-22
1.52025e-07 7.30481e-10 5.50968e-10 4.15569e-10 3.13443e-10 2.36414e-10 1.78315e-10 1.34493e-10 1.01441e-10 7.6511e-11 5.77078e-11 4.35255e-11 3.28286e-11 2.47606e-11 1.86753e-11 1.40856e-11 1.06238e-11 8.01279e-12 6.04349e-12 4.55817e-12 3.43789e-12 2.59295e-12 1.95566e-12 1.475e-12 1.11248e-12 8.39053e-13 6.32829e-13 4.7729e-13 3.59979e-13 2.71501e-13 2.0477e-13 1.5444e-13 1.1648e-13 8.785e-14 6.6257e-14 4.99714e-14 3.76886e-14 2.84248e-14 2.1438e-14 1.61686e-14 1.21943e-14 9.19691e-15 6.93627e-15 5.23129e-15 3.9454e-15 2.97559e-15 2.24416e-15 1.69252e-15 1.27648e-15 9.627e-16 7.26054e-16 5.47577e-16 4.12973e-16 3.11456e-16 2.34894e-16 1.77152e-16 1.33604e-16 1.00761e-16 7.5991e-17 5.73103e-17 4.32218e-17 3.25966e-17 2.45833e-17 1.85399e-17 1.39822e-17 1.05449e-17 7.95255e-18 5.99751e-18 4.52309e-18 3.41113e-18 2.57253e-18 1.94009e-18 1.46313e-18 1.10343e-18 8.32154e-19 6.2757e-19 4.73282e-19 3.56926e-19 2.69175e-19 2.02997e-19 1.5309e-19 1.15452e-19 8.7067e-20 6.56609e-20 4.95176e-20 3.73431e-20 2.81619e-20 2.12379e-20 1.60163e-20 1.20784e-20 9.10874e-21 6.86919e-21 5.18027e-21 3.9066e-21 2.94607e-21 2.22171e-21 1.67545e-21 1.2635e-21 9.52836e-22 7.18555e-22 5.41877e-22
1.14488e-07 5.50833e-10 4.15471e-10 3.13372e-10 2.36362e-10 1.78277e-10 1.34466e-10 1.01421e-10 7.64968e-11 5.76975e-11 4.35182e-11 3.28233e-11 2.47568e-11 1.86726e-11 1.40836e-11 1.06224e-11 8.01183e-12 6.04281e-12 4.55769e-12 3.43756e-12 2.59272e-12 1.9555e-12 1.4749e-12 1.11241e-12 8.39006e-13 6.32799e-13 4.77271e-13 3.59968e-13 2.71495e-13 2.04766e-13 1.54438e-13 1.1648e-13 8.78507e-14 6.62581e-14 4.99726e-14 3.76898e-14 2.8426e-14 2.14391e-14 1.61695e-14 1.21951e-14 9.19756e-15 6.93681e-15 5.23175e-15 3.94578e-15 2.97589e-15 2.24441e-15 1.69272e-15 1.27664e-15 9.62829e-16 7.26157e-16 5.47659e-16 4.13038e-16 3.11508e-16 2.34934e-16 1.77184e-16 1.33629e-16 1.0078e-16 7.60064e-17 5.73224e-17 4.32312e-17 3.2604e-17 2.45891e-17 1.85444e-17 1.39857e-17 1.05476e-17 7.95466e-18 5.99915e-18 4.52436e-18 3.41211e-18 2.57329e-18 1.94068e-18 1.46359e-18 1.10378e-18 8.32424e-19 6.27779e-19 4.73444e-19 3.5705e-19 2.6927e-19 2.03071e-19 1.53146e-19 1.15495e-19 8.71006e-20 6.56867e-20 4.95374e-20 3.73584e-20 2.81736e-20 2.12469e-20 1.60232e-20 1.20837e-20 9.11279e-21 6.8723e-21 5.18265e-21 3.90842e-21 2.94747e-21 2.22278e-21 1.67627e-21 1.26413e-21 9.53315e-22 7.18922e-22 5.42158e-22 4.08855e-22
