0.951328 0.0116954 0.00587243 0.00298403 0.00153353 0.000796434 0.000417637 0.000220918 0.000117765 6.31997e-05 3.41107e-05 1.84979e-05 1.00696e-05 5.49779e-06 3.00829e-06 1.64857e-06 9.04254e-07 4.96183e-07 2.72251e-07 1.49318e-07 8.18339e-08 4.48048e-08 2.45017e-08 1.33806e-08 7.29624e-09 3.97188e-09 2.15787e-09 1.16885e-09 6.29083e-10 3.32185e-10 1.79223e-10
0.0116954 0.000261378 0.000132412 6.78484e-05 3.5101e-05 1.83003e-05 9.59816e-06 5.05607e-06 2.67138e-06 1.41401e-06 7.4913e-07 3.96945e-07 2.10243e-07 1.11261e-07 5.88111e-08 3.10433e-08 1.63607e-08 8.60834e-09 4.52161e-09 2.3709e-09 1.24102e-09 6.48476e-10 3.38268e-10 1.76141e-10 9.15318e-11 4.74166e-11 2.43911e-11 1.22846e-11 5.7435e-12 1.90756e-12 9.60561e-13
0.00587243 0.000132412 6.69579e-05 3.42362e-05 1.76704e-05 9.19014e-06 4.80825e-06 2.52684e-06 1.33203e-06 7.03569e-07 3.72013e-07 1.96765e-07 1.04046e-07 5.49794e-08 2.90221e-08 1.53005e-08 8.05495e-09 4.23396e-09 2.22193e-09 1.16411e-09 6.08886e-10 3.17939e-10 1.65726e-10 8.62084e-11 4.47032e-11 2.30158e-11 1.15997e-11 5.42599e-12 1.80863e-12 9.04679e-13 4.55863e-13
0.00298403 6.78484e-05 3.42362e-05 1.74605e-05 8.98634e-06 4.65976e-06 2.43064e-06 1.27359e-06 6.6948e-07 3.52674e-07 1.86015e-07 9.81626e-08 5.17982e-08 2.73188e-08 1.43958e-08 7.57763e-09 3.98355e-09 2.09119e-09 1.09615e-09 5.73679e-10 2.99761e-10 1.56367e-10 8.14032e-11 4.22437e-11 2.17642e-11 1.09734e-11 5.13271e-12 1.71236e-12 8.58116e-13 4.2941e-13 2.16528e-13
0.00153353 3.5101e-05 1.76704e-05 8.98634e-06 4.6103e-06 2.38259e-06 1.23857e-06 6.46792e-07 3.3889e-07 1.77973e-07 9.35992e-08 4.92611e-08 2.59299e-08 1.36448e-08 7.17539e-09 3.76987e-09 1.97843e-09 1.03698e-09 5.42783e-10 2.83695e-10 1.48044e-10 7.71062e-11 4.00335e-11 2.06343e-11 1.04055e-11 4.86534e-12 1.62325e-12 8.12811e-13 4.07525e-13 2.04017e-13 1.02947e-13
0.000796434 1.83003e-05 9.19014e-06 4.65976e-06 2.38259e-06 1.22691e-06 6.3546e-07 3.3063e-07 1.7262e-07 9.03462e-08 4.73629e-08 2.48527e-08 1.30457e-08 6.84741e-09 3.59246e-09 1.88341e-09 9.86486e-10 5.16133e-10 2.6971e-10 1.40741e-10 7.33087e-11 3.8068e-11 1.96238e-11 9.89514e-12 4.62387e-12 1.54224e-12 7.70983e-13 3.86232e-13 1.93745e-13 9.7036e-14 4.89992e-14
0.000417637 9.59816e-06 4.80825e-06 2.43064e-06 1.23857e-06 6.3546e-07 3.27879e-07 1.69946e-07 8.83971e-08 4.60995e-08 2.40848e-08 1.25975e-08 6.59301e-09 3.45097e-09 1.80592e-09 9.44568e-10 4.93676e-10 2.57775e-10 1.34441e-10 7.00028e-11 3.63432e-11 1.87309e-11 9.44125e-12 4.40793e-12 1.4694e-12 7.33097e-13 3.66631e-13 1.83754e-13 9.22228e-14 4.62094e-14 2.33505e-14
0.000220918 5.05607e-06 2.52684e-06 1.27359e-06 6.46792e-07 3.3063e-07 1.69946e-07 8.77479e-08 4.54685e-08 2.36246e-08 1.22992e-08 6.41167e-09 3.34511e-09 1.74583e-09 9.11137e-10 4.75365e-10 2.47867e-10 1.29132e-10 6.71817e-11 3.48554e-11 1.79535e-11 9.04295e-12 4.2171e-12 1.40465e-12 6.99203e-13 3.48952e-13 1.74585e-13 8.75424e-14 4.39582e-14 2.20355e-14 1.11429e-14
0.000117765 2.67138e-06 1.33203e-06 6.6948e-07 3.3889e-07 1.7262e-07 8.83971e-08 4.54685e-08 2.34714e-08 1.21502e-08 6.30302e-09 3.27466e-09 1.70299e-09 8.86123e-10 4.61162e-10 2.39965e-10 1.24803e-10 6.48397e-11 3.36017e-11 1.72902e-11 8.6994e-12 4.05099e-12 1.34785e-12 6.69256e-13 3.33221e-13 1.66354e-13 8.32625e-14 4.17699e-14 2.09848e-14 1.05239e-14 5.3255e-15
6.31997e-05 1.41401e-06 7.03569e-07 3.52674e-07 1.77973e-07 9.03462e-08 4.60995e-08 2.36246e-08 1.21502e-08 6.26682e-09 3.23947e-09 1.67732e-09 8.69476e-10 4.51038e-10 2.34053e-10 1.21446e-10 6.29718e-11 3.25795e-11 1.67395e-11 8.4099e-12 3.90925e-12 1.29888e-12 6.43197e-13 3.19419e-13 1.59075e-13 7.94406e-14 3.97769e-14 1.99639e-14 1.00346e-14 5.03452e-15 2.54944e-15
3.41107e-05 7.4913e-07 3.72013e-07 1.86015e-07 9.35992e-08 4.73629e-08 2.40848e-08 1.22992e-08 6.30302e-09 3.23947e-09 1.66877e-09 8.61161e-10 4.44972e-10 2.30118e-10 1.19052e-10 6.15743e-11 3.17865e-11 1.63002e-11 8.17385e-12 3.79159e-12 1.25762e-12 6.20968e-13 3.07519e-13 1.5274e-13 7.60841e-14 3.80075e-14 1.90382e-14 9.5595e-15 4.8073e-15 2.4129e-15 1.2227e-15
1.84979e-05 3.96945e-07 1.96765e-07 9.81626e-08 4.92611e-08 2.48527e-08 1.25975e-08 6.41167e-09 3.27466e-09 1.67732e-09 8.61161e-10 4.42951e-10 2.28152e-10 1.17618e-10 6.06442e-11 3.12213e-11 1.59716e-11 7.99076e-12 3.69775e-12 1.224e-12 6.0252e-13 2.97494e-13 1.47335e-13 7.31894e-14 3.6466e-14 1.82219e-14 9.13088e-15 4.58681e-15 2.3077e-15 1.15876e-15 5.87561e-16
1.00696e-05 2.10243e-07 1.04046e-07 5.17982e-08 2.59299e-08 1.30457e-08 6.59301e-09 3.34511e-09 1.70299e-09 8.69476e-10 4.44972e-10 2.28152e-10 1.17141e-10 6.01796e-11 3.08827e-11 1.57529e-11 7.86025e-12 3.62754e-12 1.19792e-12 5.87812e-13 2.89323e-13 1.4285e-13 7.07507e-14 3.51505e-14 1.75172e-14 8.75583e-15 4.38904e-15 2.2057e-15 1.11021e-15 5.57681e-16 2.82953e-16
5.49779e-06 1.11261e-07 5.49794e-08 2.73188e-08 1.36448e-08 6.84741e-09 3.45097e-09 1.74583e-09 8.86123e-10 4.51038e-10 2.30118e-10 1.17618e-10 6.01796e-11 3.07699e-11 1.56437e-11 7.78205e-12 3.58082e-12 1.17934e-12 5.76809e-13 2.82987e-13 1.39273e-13 6.87628e-14 3.40588e-14 1.69233e-14 8.43542e-15 4.21751e-15 2.11482e-15 1.06321e-15 5.35374e-16 2.69023e-16 1.36574e-16
3.00829e-06 5.88111e-08 2.90221e-08 1.43958e-08 7.17539e-09 3.59246e-09 1.80592e-09 9.11137e-10 4.61162e-10 2.34053e-10 1.19052e-10 6.06442e-11 3.08827e-11 1.56437e-11 7.75601e-12 3.55748e-12 1.16821e-12 5.69488e-13 2.78471e-13 1.36598e-13 6.72213e-14 3.31882e-14 1.64392e-14 8.16939e-15 4.07278e-15 2.0368e-15 1.02164e-15 5.13802e-16 2.58821e-16 1.30099e-16 6.6081e-17
1.64857e-06 3.10433e-08 1.53005e-08 7.57763e-09 3.76987e-09 1.88341e-09 9.44568e-10 4.75365e-10 2.39965e-10 1.21446e-10 6.15743e-11 3.12213e-11 1.57529e-11 7.78205e-12 3.55748e-12 1.1645e-12 5.65831e-13 2.75765e-13 1.34818e-13 6.61227e-14 3.25371e-14 1.60638e-14 7.95726e-15 3.95475e-15 1.97193e-15 9.86381e-16 4.94895e-16 2.48971e-16 1.25458e-16 6.30808e-17 3.20556e-17
9.04254e-07 1.63607e-08 8.05495e-09 3.98355e-09 1.97843e-09 9.86486e-10 4.93676e-10 2.47867e-10 1.24803e-10 6.29718e-11 3.17865e-11 1.59716e-11 7.86025e-12 3.58082e-12 1.16821e-12 5.65831e-13 2.74864e-13 1.33929e-13 6.54646e-14 3.21038e-14 1.57962e-14 7.79858e-15 3.86321e-15 1.92019e-15 9.57587e-16 4.79087e-16 2.40428e-16 1.20987e-16 6.09838e-17 3.06706e-17 1.5592e-17
4.96183e-07 8.60834e-09 4.23396e-09 2.09119e-09 1.03698e-09 5.16133e-10 2.57775e-10 1.29132e-10 6.48397e-11 3.25795e-11 1.63002e-11 7.99076e-12 3.62754e-12 1.17934e-12 5.69488e-13 2.75765e-13 1.33929e-13 6.52454e-14 3.18874e-14 1.56359e-14 7.69299e-15 3.79797e-15 1.88147e-15 9.35245e-16 4.66457e-16 2.33409e-16 1.17158e-16 5.89689e-17 2.97305e-17 1.49554e-17 7.60537e-18
2.72251e-07 4.52161e-09 2.22193e-09 1.09615e-09 5.42783e-10 2.6971e-10 1.34441e-10 6.71817e-11 3.36017e-11 1.67395e-11 8.17385e-12 3.69775e-12 1.19792e-12 5.76809e-13 2.78471e-13 1.34818e-13 6.54646e-14 3.18874e-14 1.55825e-14 7.64026e-15 3.75889e-15 1.85571e-15 9.19321e-16 4.57003e-16 2.27953e-16 1.14078e-16 5.72693e-17 2.88302e-17 1.4538e-17 7.31422e-18 3.7205e-18
1.49318e-07 2.3709e-09 1.16411e-09 5.73679e-10 2.83695e-10 1.40741e-10 7.00028e-11 3.48554e-11 1.72902e-11 8.4099e-12 3.79159e-12 1.224e-12 5.87812e-13 2.82987e-13 1.36598e-13 6.61227e-14 3.21038e-14 1.56359e-14 7.64026e-15 3.74587e-15 1.84285e-15 9.0978e-16 4.50712e-16 2.24062e-16 1.11768e-16 5.59386e-17 2.8085e-17 1.414e-17 7.13119e-18 3.58814e-18 1.82548e-18
8.18339e-08 1.24102e-09 6.08886e-10 2.99761e-10 1.48044e-10 7.33087e-11 3.63432e-11 1.79535e-11 8.6994e-12 3.90925e-12 1.25762e-12 6.0252e-13 2.89323e-13 1.39273e-13 6.72213e-14 3.25371e-14 1.57962e-14 7.69299e-15 3.75889e-15 1.84285e-15 9.06602e-16 4.47569e-16 2.2173e-16 1.1023e-16 5.49875e-17 2.75216e-17 1.38184e-17 6.9576e-18 3.50911e-18 1.76574e-18 8.98401e-19
4.48048e-08 6.48476e-10 3.17939e-10 1.56367e-10 7.71062e-11 3.8068e-11 1.87309e-11 9.04295e-12 4.05099e-12 1.29888e-12 6.20968e-13 2.97494e-13 1.4285e-13 6.87628e-14 3.31882e-14 1.60638e-14 7.79858e-15 3.79797e-15 1.85571e-15 9.0978e-16 4.47569e-16 2.20953e-16 1.09462e-16 5.44172e-17 2.71455e-17 1.35865e-17 6.82167e-18 3.43471e-18 1.73231e-18 8.71671e-19 4.43503e-19
2.45017e-08 3.38268e-10 1.65726e-10 8.14032e-11 4.00335e-11 1.96238e-11 9.44125e-12 4.2171e-12 1.34785e-12 6.43197e-13 3.07519e-13 1.47335e-13 7.07507e-14 3.40588e-14 1.64392e-14 7.95726e-15 3.86321e-15 1.88147e-15 9.19321e-16 4.50712e-16 2.2173e-16 1.09462e-16 5.42272e-17 2.69575e-17 1.3447e-17 6.73e-18 3.37889e-18 1.70116e-18 8.57931e-19 4.31671e-19 2.19613e-19
1.33806e-08 1.76141e-10 8.62084e-11 4.22437e-11 2.06343e-11 9.89514e-12 4.40793e-12 1.40465e-12 6.69256e-13 3.19419e-13 1.5274e-13 7.31894e-14 3.51505e-14 1.69233e-14 8.16939e-15 3.95475e-15 1.92019e-15 9.35245e-16 4.57003e-16 2.24062e-16 1.1023e-16 5.44172e-17 2.69575e-17 1.34005e-17 6.68402e-18 3.34494e-18 1.67919e-18 8.45315e-19 4.26254e-19 2.14446e-19 1.0908e-19
7.29624e-09 9.15318e-11 4.47032e-11 2.17642e-11 1.04055e-11 4.62387e-12 1.4694e-12 6.99203e-13 3.33221e-13 1.59075e-13 7.60841e-14 3.6466e-14 1.75172e-14 8.43542e-15 4.07278e-15 1.97193e-15 9.57587e-16 4.66457e-16 2.27953e-16 1.11768e-16 5.49875e-17 2.71455e-17 1.3447e-17 6.68402e-18 3.33358e-18 1.66803e-18 8.37235e-19 4.21393e-19 2.12448e-19 1.06863e-19 5.43431e-20
3.97188e-09 4.74166e-11 2.30158e-11 1.09734e-11 4.86534e-12 1.54224e-12 7.33097e-13 3.48952e-13 1.66354e-13 7.94406e-14 3.80075e-14 1.82219e-14 8.75583e-15 4.21751e-15 2.0368e-15 9.86381e-16 4.79087e-16 2.33409e-16 1.14078e-16 5.59386e-17 2.75216e-17 1.35865e-17 6.73e-18 3.34494e-18 1.66803e-18 8.34494e-19 4.18772e-19 2.10724e-19 1.06212e-19 5.34136e-20 2.71531e-20
2.15787e-09 2.43911e-11 1.15997e-11 5.13271e-12 1.62325e-12 7.70983e-13 3.66631e-13 1.74585e-13 8.32625e-14 3.97769e-14 1.90382e-14 9.13088e-15 4.38904e-15 2.11482e-15 1.02164e-15 4.94895e-16 2.40428e-16 1.17158e-16 5.72693e-17 2.8085e-17 1.38184e-17 6.82167e-18 3.37889e-18 1.67919e-18 8.37235e-19 4.18772e-19 2.10099e-19 1.05691e-19 5.32552e-20 2.67748e-20 1.36055e-20
1.16885e-09 1.22846e-11 5.42599e-12 1.71236e-12 8.12811e-13 3.86232e-13 1.83754e-13 8.75424e-14 4.17699e-14 1.99639e-14 9.5595e-15 4.58681e-15 2.2057e-15 1.06321e-15 5.13802e-16 2.48971e-16 1.20987e-16 5.89689e-17 2.88302e-17 1.414e-17 6.9576e-18 3.43471e-18 1.70116e-18 8.45315e-19 4.21393e-19 2.10724e-19 1.05691e-19 5.31506e-20 2.6772e-20 1.34559e-20 6.83432e-21
6.29083e-10 5.7435e-12 1.80863e-12 8.58116e-13 4.07525e-13 1.93745e-13 9.22228e-14 4.39582e-14 2.09848e-14 1.00346e-14 4.8073e-15 2.3077e-15 1.11021e-15 5.35374e-16 2.58821e-16 1.25458e-16 6.09838e-17 2.97305e-17 1.4538e-17 7.13119e-18 3.50911e-18 1.73231e-18 8.57931e-19 4.26254e-19 2.12448e-19 1.06212e-19 5.32552e-20 2.6772e-20 1.34801e-20 6.773e-21 3.43831e-21
3.32185e-10 1.90756e-12 9.04679e-13 4.2941e-13 2.04017e-13 9.7036e-14 4.62094e-14 2.20355e-14 1.05239e-14 5.03452e-15 2.4129e-15 1.15876e-15 5.57681e-16 2.69023e-16 1.30099e-16 6.30808e-17 3.06706e-17 1.49554e-17 7.31422e-18 3.58814e-18 1.76574e-18 8.71671e-19 4.31671e-19 2.14446e-19 1.06863e-19 5.34136e-20 2.67748e-20 1.34559e-20 6.773e-21 3.4021e-21 1.72631e-21
1.79223e-10 9.60561e-13 4.55863e-13 2.16528e-13 1.02947e-13 4.89992e-14 2.33505e-14 1.11429e-14 5.3255e-15 2.54944e-15 1.2227e-15 5.87561e-16 2.82953e-16 1.36574e-16 6.6081e-17 3.20556e-17 1.5592e-17 7.60537e-18 3.7205e-18 1.82548e-18 8.98401e-19 4.43503e-19 2.19613e-19 1.0908e-19 5.43431e-20 2.71531e-20 1.36055e-20 6.83432e-21 3.43831e-21 1.72631e-21 8.75365e-22
