0.992219 0.000966801 0.000723824 0.000542266 0.000406513 0.000304943 0.000228898 0.000171928 0.000129219 9.71806e-05 7.31319e-05 5.50687e-05 4.14926e-05 3.12825e-05 2.35991e-05 1.78134e-05 1.34541e-05 1.01675e-05 7.68811e-06 5.81655e-06 4.40295e-06 3.33458e-06 2.52663e-06 1.9152e-06 1.45214e-06 1.10112e-06 8.34725e-07 6.3221e-07 4.77863e-07 3.59744e-07 2.73477e-07
0.000966801 2.61753e-06 1.96136e-06 1.47081e-06 1.10379e-06 8.28967e-07 6.23028e-07 4.68586e-07 3.52675e-07 2.65617e-07 2.00182e-07 1.50963e-07 1.13915e-07 8.60096e-08 6.49754e-08 4.91095e-08 3.71337e-08 2.80872e-08 2.12479e-08 1.60721e-08 1.21502e-08 9.17299e-09 6.90694e-09 5.17498e-09 3.84248e-09 2.80642e-09 1.98732e-09 1.32301e-09 7.63861e-10 2.69076e-10 2.02666e-10
0.000723824 1.96136e-06 1.46965e-06 1.10206e-06 8.27036e-07 6.21106e-07 4.66792e-07 3.51068e-07 2.64218e-07 1.98988e-07 1.49961e-07 1.13084e-07 8.5327e-08 6.44195e-08 4.866e-08 3.67723e-08 2.77983e-08 2.10179e-08 1.58898e-08 1.20063e-08 9.05985e-09 6.81839e-09 5.10607e-09 3.78927e-09 2.76586e-09 1.95706e-09 1.30133e-09 7.49595e-10 2.61559e-10 1.96113e-10 1.47735e-10
0.000542266 1.47081e-06 1.10206e-06 8.26392e-07 6.20145e-07 4.65716e-07 3.49997e-07 2.63219e-07 1.98093e-07 1.49181e-07 1.12419e-07 8.47685e-08 6.39563e-08 4.82797e-08 3.64626e-08 2.75479e-08 2.08167e-08 1.5729e-08 1.18784e-08 8.9586e-09 6.73866e-09 5.04367e-09 3.74084e-09 2.72872e-09 1.92918e-09 1.28118e-09 7.36136e-10 2.54197e-10 1.90723e-10 1.43007e-10 1.07747e-10
0.000406513 1.10379e-06 8.27036e-07 6.20145e-07 4.65358e-07 3.49462e-07 2.62619e-07 1.97496e-07 1.48624e-07 1.1192e-07 8.43341e-08 6.35857e-08 4.79685e-08 3.62046e-08 2.7336e-08 2.06443e-08 1.55896e-08 1.17664e-08 8.86927e-09 6.66778e-09 4.98782e-09 3.69721e-09 2.69507e-09 1.90375e-09 1.26267e-09 7.23645e-10 2.47207e-10 1.85448e-10 1.39149e-10 1.04341e-10 7.86276e-11
0.000304943 8.28967e-07 6.21106e-07 4.65716e-07 3.49462e-07 2.62419e-07 1.97198e-07 1.4829e-07 1.11588e-07 8.40239e-08 6.33079e-08 4.77266e-08 3.59982e-08 2.71627e-08 2.05005e-08 1.54717e-08 1.16705e-08 8.79184e-09 6.60576e-09 4.93853e-09 3.65841e-09 2.66493e-09 1.88082e-09 1.24587e-09 7.12207e-10 2.4071e-10 1.80452e-10 1.35377e-10 1.01585e-10 7.61767e-11 5.74138e-11
0.000228898 6.23028e-07 4.66792e-07 3.49997e-07 2.62619e-07 1.97198e-07 1.48179e-07 1.11421e-07 8.38378e-08 6.31226e-08 4.75537e-08 3.58434e-08 2.70279e-08 2.03856e-08 1.53752e-08 1.15906e-08 8.72633e-09 6.5526e-09 4.89581e-09 3.62445e-09 2.63833e-09 1.86043e-09 1.23081e-09 7.0187e-10 2.34771e-10 1.75826e-10 1.31815e-10 9.88945e-11 7.42133e-11 5.56534e-11 4.19525e-11
0.000171928 4.68586e-07 3.51068e-07 2.63219e-07 1.97496e-07 1.4829e-07 1.11421e-07 8.37757e-08 6.303e-08 4.745e-08 3.57402e-08 2.69316e-08 2.02994e-08 1.53002e-08 1.15266e-08 8.67274e-09 6.5083e-09 4.85966e-09 3.59535e-09 2.61526e-09 1.84257e-09 1.2175e-09 6.9266e-10 2.29426e-10 1.71616e-10 1.28529e-10 9.63604e-11 7.22984e-11 5.4258e-11 4.06904e-11 3.06782e-11
0.000129219 3.52675e-07 2.64218e-07 1.98093e-07 1.48624e-07 1.11588e-07 8.38378e-08 6.303e-08 4.74154e-08 3.56886e-08 2.68739e-08 2.02419e-08 1.52466e-08 1.14787e-08 8.63105e-09 6.47287e-09 4.83009e-09 3.57109e-09 2.59575e-09 1.82726e-09 1.20596e-09 6.8459e-10 2.24692e-10 1.67851e-10 1.25555e-10 9.40329e-11 7.05007e-11 5.28989e-11 3.97015e-11 2.97751e-11 2.24523e-11
9.71806e-05 2.65617e-07 1.98988e-07 1.49181e-07 1.1192e-07 8.40239e-08 6.31226e-08 4.745e-08 3.56886e-08 2.68546e-08 2.02132e-08 1.52144e-08 1.14467e-08 8.60128e-09 6.44629e-09 4.80709e-09 3.55169e-09 2.57978e-09 1.8145e-09 1.19619e-09 6.77667e-10 2.20582e-10 1.64545e-10 1.22914e-10 9.19396e-11 6.88578e-11 5.16275e-11 3.87398e-11 2.90765e-11 2.18075e-11 1.64469e-11
7.31319e-05 2.00182e-07 1.49961e-07 1.12419e-07 8.43341e-08 6.33079e-08 4.75537e-08 3.57402e-08 2.68739e-08 2.02132e-08 1.52037e-08 1.14307e-08 8.58341e-09 6.42857e-09 4.79066e-09 3.53713e-09 2.56736e-09 1.80429e-09 1.1882e-09 6.71895e-10 2.17099e-10 1.61704e-10 1.20616e-10 9.00951e-11 6.73901e-11 5.04721e-11 3.78437e-11 2.83982e-11 2.13157e-11 1.59875e-11 1.20594e-11
5.50687e-05 1.50963e-07 1.13084e-07 8.47685e-08 6.35857e-08 4.77266e-08 3.58434e-08 2.69316e-08 2.02419e-08 1.52144e-08 1.14307e-08 8.57746e-09 6.41971e-09 4.7808e-09 3.52743e-09 2.55849e-09 1.79664e-09 1.18198e-09 6.67276e-10 2.14248e-10 1.59334e-10 1.18667e-10 8.85077e-11 6.61088e-11 4.94478e-11 3.70345e-11 2.77692e-11 2.08392e-11 1.56428e-11 1.17331e-11 8.8516e-12
4.14926e-05 1.13915e-07 8.5327e-08 6.39563e-08 4.79685e-08 3.59982e-08 2.70279e-08 2.02994e-08 1.52466e-08 1.14467e-08 8.58341e-09 6.41971e-09 4.77751e-09 3.52258e-09 2.55316e-09 1.79153e-09 1.17754e-09 6.63812e-10 2.12029e-10 1.57437e-10 1.1707e-10 8.71816e-11 6.50199e-11 4.85631e-11 3.63235e-11 2.72051e-11 2.03996e-11 1.53094e-11 1.14925e-11 8.6204e-12 6.50431e-12
3.12825e-05 8.60096e-08 6.44195e-08 4.82797e-08 3.62046e-08 2.71627e-08 2.03856e-08 1.53002e-08 1.14787e-08 8.60128e-09 6.42857e-09 4.7808e-09 3.52258e-09 2.55139e-09 1.78898e-09 1.17488e-09 6.61502e-10 2.10444e-10 1.56013e-10 1.15827e-10 8.61191e-11 6.41266e-11 4.78224e-11 3.57169e-11 2.67146e-11 2.00085e-11 1.50037e-11 1.12605e-11 8.45342e-12 6.34105e-12 4.78514e-12
2.35991e-05 6.49754e-08 4.866e-08 3.64626e-08 2.7336e-08 2.05005e-08 1.53752e-08 1.15266e-08 8.63105e-09 6.44629e-09 4.79066e-09 3.52743e-09 2.55316e-09 1.78898e-09 1.17399e-09 6.60347e-10 2.09493e-10 1.55064e-10 1.14939e-10 8.53216e-11 6.34308e-11 4.72282e-11 3.52182e-11 2.63023e-11 1.96726e-11 1.47344e-11 1.10491e-11 8.29286e-12 6.22587e-12 4.67028e-12 3.52479e-12
1.78134e-05 4.91095e-08 3.67723e-08 2.75479e-08 2.06443e-08 1.54717e-08 1.15906e-08 8.67274e-09 6.47287e-09 4.80709e-09 3.53713e-09 2.55849e-09 1.79153e-09 1.17488e-09 6.60347e-10 2.09176e-10 1.54589e-10 1.14406e-10 8.47897e-11 6.29334e-11 4.67818e-11 3.48292e-11 2.59707e-11 1.93952e-11 1.45063e-11 1.0865e-11 8.14776e-12 6.11549e-12 4.59141e-12 3.44431e-12 2.59983e-12
1.34541e-05 3.71337e-08 2.77983e-08 2.08167e-08 1.55896e-08 1.16705e-08 8.72633e-09 6.5083e-09 4.83009e-09 3.55169e-09 2.56736e-09 1.79664e-09 1.17754e-09 6.61502e-10 2.09493e-10 1.54589e-10 1.14228e-10 8.45237e-11 6.26347e-11 4.6484e-11 3.45508e-11 2.57213e-11 1.91783e-11 1.43221e-11 1.07118e-11 8.02308e-12 6.01669e-12 4.51613e-12 3.39077e-12 2.5437e-12 1.92025e-12
1.01675e-05 2.80872e-08 2.10179e-08 1.5729e-08 1.17664e-08 8.79184e-09 6.5526e-09 4.85966e-09 3.57109e-09 2.57978e-09 1.80429e-09 1.18198e-09 6.63812e-10 2.10444e-10 1.55064e-10 1.14406e-10 8.45237e-11 6.25352e-11 4.6335e-11 3.43837e-11 2.55547e-11 1.90228e-11 1.41831e-11 1.05914e-11 7.9215e-12 5.93318e-12 4.44953e-12 3.33992e-12 2.50775e-12 1.88132e-12 1.42036e-12
7.68811e-06 2.12479e-08 1.58898e-08 1.18784e-08 8.86927e-09 6.60576e-09 4.89581e-09 3.59535e-09 2.59575e-09 1.8145e-09 1.1882e-09 6.67276e-10 2.12029e-10 1.56013e-10 1.14939e-10 8.47897e-11 6.26347e-11 4.6335e-11 3.43279e-11 2.54713e-11 1.89294e-11 1.40901e-11 1.05049e-11 7.8445e-12 5.86696e-12 4.39436e-12 3.29557e-12 2.4738e-12 1.85749e-12 1.39353e-12 1.05218e-12
5.81655e-06 1.60721e-08 1.20063e-08 8.9586e-09 6.66778e-09 4.93853e-09 3.62445e-09 2.61526e-09 1.82726e-09 1.19619e-09 6.71895e-10 2.14248e-10 1.57437e-10 1.15827e-10 8.53216e-11 6.29334e-11 4.6484e-11 3.43837e-11 2.54713e-11 1.88982e-11 1.40436e-11 1.04528e-11 7.79284e-12 5.81913e-12 4.35214e-12 3.25977e-12 2.44471e-12 1.83516e-12 1.37799e-12 1.03382e-12 7.80638e-13
4.40295e-06 1.21502e-08 9.05985e-09 6.73866e-09 4.98782e-09 3.65841e-09 2.63833e-09 1.84257e-09 1.20596e-09 6.77667e-10 2.17099e-10 1.59334e-10 1.1707e-10 8.61191e-11 6.34308e-11 4.67818e-11 3.45508e-11 2.55547e-11 1.89294e-11 1.40436e-11 1.04355e-11 7.76693e-12 5.79025e-12 4.32366e-12 3.23365e-12 2.42202e-12 1.81646e-12 1.36358e-12 1.02391e-12 7.68184e-13 5.80095e-13
3.33458e-06 9.17299e-09 6.81839e-09 5.04367e-09 3.69721e-09 2.66493e-09 1.86043e-09 1.2175e-09 6.8459e-10 2.20582e-10 1.61704e-10 1.18667e-10 8.71816e-11 6.41266e-11 4.72282e-11 3.48292e-11 2.57213e-11 1.90228e-11 1.40901e-11 1.04528e-11 7.76693e-12 5.7806e-12 4.30933e-12 3.21779e-12 2.40656e-12 1.80253e-12 1.35187e-12 1.01483e-12 7.62051e-13 5.71733e-13 4.31766e-13
2.52663e-06 6.90694e-09 5.10607e-09 3.74084e-09 2.69507e-09 1.88082e-09 1.23081e-09 6.9266e-10 2.24692e-10 1.64545e-10 1.20616e-10 8.85077e-11 6.50199e-11 4.78224e-11 3.52182e-11 2.59707e-11 1.91783e-11 1.41831e-11 1.05049e-11 7.79284e-12 5.79025e-12 4.30933e-12 3.21247e-12 2.39873e-12 1.79398e-12 1.34371e-12 1.00777e-12 7.56529e-13 5.68094e-13 4.26219e-13 3.21887e-13
1.9152e-06 5.17498e-09 3.78927e-09 2.72872e-09 1.90375e-09 1.24587e-09 7.0187e-10 2.29426e-10 1.67851e-10 1.22914e-10 9.00951e-11 6.61088e-11 4.85631e-11 3.57169e-11 2.63023e-11 1.93952e-11 1.43221e-11 1.05914e-11 7.8445e-12 5.81913e-12 4.32366e-12 3.21779e-12 2.39873e-12 1.79111e-12 1.33954e-12 1.00333e-12 7.52489e-13 5.64896e-13 4.24195e-13 3.18259e-13 2.40359e-13
1.45214e-06 3.84248e-09 2.76586e-09 1.92918e-09 1.26267e-09 7.12207e-10 2.34771e-10 1.71616e-10 1.25555e-10 9.19396e-11 6.73901e-11 4.94478e-11 3.63235e-11 2.67146e-11 1.96726e-11 1.45063e-11 1.07118e-11 7.9215e-12 5.86696e-12 4.35214e-12 3.23365e-12 2.40656e-12 1.79398e-12 1.33954e-12 1.00182e-12 7.50376e-13 5.62775e-13 4.22478e-13 3.1725e-13 2.38022e-13 1.79763e-13
1.10112e-06 2.80642e-09 1.95706e-09 1.28118e-09 7.23645e-10 2.4071e-10 1.75826e-10 1.28529e-10 9.40329e-11 6.88578e-11 5.04721e-11 3.70345e-11 2.72051e-11 2.00085e-11 1.47344e-11 1.0865e-11 8.02308e-12 5.93318e-12 4.39436e-12 3.25977e-12 2.42202e-12 1.80253e-12 1.34371e-12 1.00333e-12 7.50376e-13 5.62038e-13 4.21523e-13 3.16438e-13 2.37621e-13 1.78279e-13 1.34641e-13
8.34725e-07 1.98732e-09 1.30133e-09 7.36136e-10 2.47207e-10 1.80452e-10 1.31815e-10 9.63604e-11 7.05007e-11 5.16275e-11 3.78437e-11 2.77692e-11 2.03996e-11 1.50037e-11 1.10491e-11 8.14776e-12 6.01669e-12 4.44953e-12 3.29557e-12 2.44471e-12 1.81646e-12 1.35187e-12 1.00777e-12 7.52489e-13 5.62775e-13 4.21523e-13 3.16136e-13 2.37322e-13 1.7821e-13 1.33704e-13 1.00976e-13
6.3221e-07 1.32301e-09 7.49595e-10 2.54197e-10 1.85448e-10 1.35377e-10 9.88945e-11 7.22984e-11 5.28989e-11 3.87398e-11 2.83982e-11 2.08392e-11 1.53094e-11 1.12605e-11 8.29286e-12 6.11549e-12 4.51613e-12 3.33992e-12 2.4738e-12 1.83516e-12 1.36358e-12 1.01483e-12 7.56529e-13 5.64896e-13 4.22478e-13 3.16438e-13 2.37322e-13 1.78156e-13 1.33779e-13 1.00369e-13 7.5798e-14
4.77863e-07 7.63861e-10 2.61559e-10 1.90723e-10 1.39149e-10 1.01585e-10 7.42133e-11 5.4258e-11 3.97015e-11 2.90765e-11 2.13157e-11 1.56428e-11 1.14925e-11 8.45342e-12 6.22587e-12 4.59141e-12 3.39077e-12 2.50775e-12 1.85749e-12 1.37799e-12 1.02391e-12 7.62051e-13 5.68094e-13 4.24195e-13 3.1725e-13 2.37621e-13 1.7821e-13 1.33779e-13 1.00455e-13 7.53665e-14 5.6915e-14
3.59744e-07 2.69076e-10 1.96113e-10 1.43007e-10 1.04341e-10 7.61767e-11 5.56534e-11 4.06904e-11 2.97751e-11 2.18075e-11 1.59875e-11 1.17331e-11 8.6204e-12 6.34105e-12 4.67028e-12 3.44431e-12 2.5437e-12 1.88132e-12 1.39353e-12 1.03382e-12 7.68184e-13 5.71733e-13 4.26219e-13 3.18259e-13 2.38022e-13 1.78279e-13 1.33704e-13 1.00369e-13 7.53665e-14 5.65433e-14 4.26992e-14
2.73477e-07 2.02666e-10 1.47735e-10 1.07747e-10 7.86276e-11 5.74138e-11 4.19525e-11 3.06782e-11 2.24523e-11 1.64469e-11 1.20594e-11 8.8516e-12 6.50431e-12 4.78514e-12 3.52479e-12 2.59983e-12 1.92025e-12 1.42036e-12 1.05218e-12 7.80638e-13 5.80095e-13 4.31766e-13 3.21887e-13 2.40359e-13 1.79763e-13 1.34641e-13 1.00976e-13 7.5798e-14 5.6915e-14 4.26992e-14 3.22422e-14
