0.261137 0.113694 0.0495003 0.0215515 0.0093831 0.00408522 0.00177863 0.00077438 0.00033715 0.000146789 6.3909e-05 2.78248e-05 1.21144e-05 5.27437e-06 2.29636e-06 9.9979e-07 4.3529e-07 1.89517e-07 8.2512e-08 3.59241e-08 1.56407e-08 6.80965e-09 2.96479e-09 1.29081e-09 5.61996e-10 2.44682e-10 1.0653e-10 4.63811e-11 2.01934e-11 8.79184e-12 3.8278e-12 1.66655e-12 7.25584e-13 3.15905e-13 1.37539e-13 5.98819e-14 2.60714e-14 1.1351e-14 4.94201e-15 2.15166e-15 9.3679e-16 4.07861e-16 1.77575e-16 7.73126e-17 3.36604e-17 1.46551e-17 6.38056e-18 2.77797e-18 1.20948e-18 5.26583e-19 2.29264e-19 9.98172e-20 4.34585e-20 1.8921e-20 8.23784e-21 3.5866e-21 1.56154e-21 6.79863e-22 2.95999e-22 1.28872e-22 5.61086e-23 2.44286e-23 1.06357e-23 4.6306e-24 2.01607e-24 8.7776e-25 3.8216e-25 1.66385e-25 7.24409e-26 3.15394e-26 1.37316e-26 5.9785e-27 2.60292e-27 1.13326e-27 4.93401e-28 2.14817e-28 9.35274e-29 4.072e-29 1.77287e-29 7.71875e-30 3.36059e-30 1.46314e-30 6.37022e-31 2.77347e-31 1.20752e-31 5.2573e-32 2.28893e-32 9.96555e-33 4.33881e-33 1.88904e-33 8.2245e-34 3.58079e-34 1.55901e-34 6.78762e-35 2.9552e-35 1.28664e-35 5.60177e-36 2.4389e-36 1.06185e-36 4.6231e-37 2.01281e-37
0.113694 0.0645568 0.0346621 0.0179453 0.00905564 0.00448366 0.00218764 0.00105501 0.00050398 0.000238862 0.00011246 5.26476e-05 2.45261e-05 1.13767e-05 5.25729e-06 2.42132e-06 1.11184e-06 5.09173e-07 2.32611e-07 1.06032e-07 4.82356e-08 2.19027e-08 9.92863e-09 4.49368e-09 2.03089e-09 9.16612e-10 4.13183e-10 1.86034e-10 8.367e-11 3.75926e-11 1.6874e-11 7.56733e-12 3.39076e-12 1.51811e-12 6.79169e-13 3.03627e-13 1.35646e-13 6.0561e-14 2.70216e-14 1.20496e-14 5.37023e-15 2.39211e-15 1.06499e-15 4.73917e-16 2.10792e-16 9.37156e-17 4.1647e-17 1.85002e-17 8.21479e-18 3.6463e-18 1.61789e-18 7.17617e-19 3.18192e-19 1.4104e-19 6.24972e-20 2.76851e-20 1.22603e-20 5.42796e-21 2.40243e-21 1.06304e-21 4.70257e-22 2.07976e-22 9.19572e-23 4.06496e-23 1.79651e-23 7.93789e-24 3.50661e-24 1.54875e-24 6.83888e-25 3.01929e-25 1.33272e-25 5.8816e-26 2.59521e-26 1.14491e-26 5.05006e-27 2.22715e-27 9.82044e-28 4.32956e-28 1.90848e-28 8.4114e-29 3.70667e-29 1.63319e-29 7.19495e-30 3.16927e-30 1.39583e-30 6.14681e-31 2.70651e-31 1.19156e-31 5.24529e-32 2.30872e-32 1.01606e-32 4.47116e-33 1.9673e-33 8.65515e-34 3.80742e-34 1.67472e-34 7.36559e-35 3.23914e-35 1.42432e-35 6.26244e-36 2.7532e-36
0.0495003 0.0346621 0.0216675 0.0126747 0.00709403 0.00384627 0.00203566 0.00105707 0.000540497 0.000272844 0.000136248 6.74082e-05 3.30823e-05 1.61216e-05 7.80739e-06 3.75996e-06 1.80172e-06 8.59467e-07 4.08311e-07 1.93254e-07 9.11543e-08 4.28606e-08 2.00945e-08 9.39564e-09 4.38218e-09 2.03912e-09 9.46786e-10 4.3871e-10 2.02897e-10 9.36684e-11 4.31696e-11 1.98642e-11 9.12666e-12 4.18729e-12 1.91853e-12 8.77901e-13 4.01231e-13 1.83164e-13 8.35228e-14 3.80463e-14 1.73134e-14 7.87107e-15 3.57507e-15 1.62238e-15 7.35619e-16 3.33273e-16 1.50872e-16 6.82483e-17 3.08504e-17 1.39357e-17 6.29079e-18 2.83793e-18 1.27946e-18 5.7649e-19 2.596e-19 1.16835e-19 5.2554e-20 2.36271e-20 1.06168e-20 4.76831e-21 2.14056e-21 9.6048e-22 4.30779e-22 1.93122e-22 8.65416e-23 3.8765e-23 1.73573e-23 7.76879e-24 3.47586e-24 1.55457e-24 6.95031e-25 3.10632e-25 1.38785e-25 6.19858e-26 2.7676e-26 1.23532e-26 5.51214e-27 2.45885e-27 1.09652e-27 4.88853e-28 2.17881e-28 9.70827e-29 4.32463e-29 1.92595e-29 8.5749e-30 3.81686e-30 1.69855e-30 7.55695e-31 3.36135e-31 1.4948e-31 6.64594e-32 2.95416e-32 1.31286e-32 5.8333e-33 2.59132e-33 1.1509e-33 5.11061e-34 2.26893e-34 1.00714e-34 4.46968e-35 1.98328e-35
0.0215515 0.0179453 0.0126747 0.00817876 0.0049777 0.00290609 0.00164423 0.000907591 0.000491043 0.000261291 0.000137093 7.1065e-05 3.64526e-05 1.85263e-05 9.33876e-06 4.67315e-06 2.3231e-06 1.14798e-06 5.64218e-07 2.75933e-07 1.34333e-07 6.51235e-08 3.1449e-08 1.51325e-08 7.25706e-09 3.46937e-09 1.65375e-09 7.86138e-10 3.72741e-10 1.76304e-10 8.31999e-11 3.91781e-11 1.84109e-11 8.63503e-12 4.04252e-12 1.8892e-12 8.81417e-13 4.10576e-13 1.90962e-13 8.86893e-14 4.11333e-14 1.90519e-14 8.81318e-15 4.0719e-15 1.87911e-15 8.66202e-16 3.98856e-16 1.83469e-16 8.43085e-17 3.87045e-17 1.7752e-17 8.1347e-18 3.72443e-18 1.70378e-18 7.78778e-19 3.55692e-19 1.62332e-19 7.40313e-20 3.37378e-20 1.53645e-20 6.99241e-21 3.1802e-21 1.44547e-21 6.5659e-22 2.98073e-22 1.35238e-22 6.1324e-23 2.77923e-23 1.25889e-23 5.69931e-24 2.57893e-24 1.16639e-24 5.27274e-25 2.38247e-25 1.07602e-25 4.85757e-26 2.19194e-26 9.8868e-27 4.45761e-27 2.00896e-27 9.05046e-28 4.0757e-28 1.83472e-28 8.2561e-29 3.71385e-29 1.67002e-29 7.50701e-30 3.37339e-30 1.51538e-30 6.80513e-31 3.05501e-31 1.37105e-31 6.15124e-32 2.75894e-32 1.23707e-32 5.54525e-33 2.485e-33 1.1133e-33 4.98631e-34 2.2327e-34 9.9947e-35
0.0093831 0.00905564 0.00709403 0.0049777 0.00325562 0.00202614 0.0012147 0.000707131 0.000401952 0.000223995 0.000122747 6.62996e-05 3.53629e-05 1.86543e-05 9.74404e-06 5.04519e-06 2.59163e-06 1.32174e-06 6.69693e-07 3.37288e-07 1.68939e-07 8.41881e-08 4.17564e-08 2.06203e-08 1.01413e-08 4.96863e-09 2.42565e-09 1.18022e-09 5.7244e-10 2.76825e-10 1.33494e-10 6.4204e-11 3.08014e-11 1.47415e-11 7.03924e-12 3.35407e-12 1.59487e-12 7.56873e-13 3.58515e-13 1.69516e-13 8.00148e-14 3.77063e-14 1.77408e-14 8.33437e-15 3.90968e-15 1.83147e-15 8.56792e-16 4.00301e-16 1.8679e-16 8.70559e-17 4.05263e-17 1.88446e-17 8.75316e-18 4.0615e-18 1.88264e-18 8.71806e-19 4.03329e-19 1.86422e-19 8.60887e-20 3.97208e-20 1.83115e-20 8.43477e-21 3.8822e-21 1.78545e-21 8.20521e-22 3.76804e-22 1.72915e-22 7.92954e-23 3.63389e-23 1.66422e-23 7.61677e-24 3.48386e-24 1.59253e-24 7.27536e-25 3.32179e-25 1.51581e-25 6.91315e-26 3.15119e-26 1.43564e-26 6.5372e-27 2.97523e-27 1.35343e-27 6.15381e-28 2.79671e-28 1.27043e-28 5.76845e-29 2.61804e-29 1.1877e-29 5.38583e-30 2.44129e-30 1.10614e-30 5.00991e-31 2.26819e-31 1.02651e-31 4.64394e-32 2.10014e-32 9.49413e-33 4.2905e-33 1.93825e-33 8.75317e-34 3.95162e-34
0.00408522 0.00448366 0.00384627 0.00290609 0.00202614 0.00133487 0.000842787 0.000514588 0.000305774 0.000177634 0.000101236 5.67514e-05 3.136e-05 1.71109e-05 9.23165e-06 4.93064e-06 2.6096e-06 1.3698e-06 7.13618e-07 3.69212e-07 1.89813e-07 9.70119e-08 4.93128e-08 2.49399e-08 1.25539e-08 6.29134e-09 3.13985e-09 1.56094e-09 7.73162e-10 3.8164e-10 1.87766e-10 9.20954e-11 4.50385e-11 2.19644e-11 1.06832e-11 5.1831e-12 2.5086e-12 1.21136e-12 5.83664e-13 2.80633e-13 1.3466e-13 6.44911e-14 3.08288e-14 1.47109e-14 7.00775e-15 3.33274e-15 1.58247e-15 7.50252e-16 3.55171e-16 1.679e-16 7.92621e-17 3.73684e-17 1.75949e-17 8.27424e-18 3.8864e-18 1.82331e-18 8.54448e-19 3.99976e-19 1.87034e-19 8.73699e-20 4.07725e-20 1.90086e-20 8.8537e-21 4.12002e-21 1.91552e-21 8.89808e-22 4.12989e-22 1.91524e-22 8.87481e-23 4.10919e-23 1.90117e-23 8.7895e-24 4.06062e-24 1.87462e-24 8.64836e-25 3.98714e-25 1.83698e-25 8.45798e-26 3.89185e-26 1.7897e-26 8.22511e-27 3.77788e-27 1.73423e-27 7.95644e-28 3.64832e-28 1.67199e-28 7.65851e-29 3.50615e-29 1.60434e-29 7.33752e-30 3.3542e-30 1.53258e-30 6.99928e-31 3.19511e-31 1.45788e-31 6.64916e-32 3.03127e-32 1.38133e-32 6.29201e-33 2.86486e-33 1.3039e-33
0.00177863 0.00218764 0.00203566 0.00164423 0.0012147 0.000842787 0.000557799 0.000355734 0.000220134 0.00013285 7.84864e-05 4.55271e-05 2.59897e-05 1.46288e-05 8.13149e-06 4.46935e-06 2.43169e-06 1.31089e-06 7.00759e-07 3.71719e-07 1.95782e-07 1.02441e-07 5.32748e-08 2.75489e-08 1.41704e-08 7.25281e-09 3.69495e-09 1.87417e-09 9.46711e-10 4.76359e-10 2.3881e-10 1.19304e-10 5.94041e-11 2.94857e-11 1.45917e-11 7.20048e-12 3.5435e-12 1.7393e-12 8.51594e-13 4.15965e-13 2.02717e-13 9.85756e-14 4.78339e-14 2.31645e-14 1.11961e-14 5.40126e-15 2.601e-15 1.25034e-15 6.00053e-16 2.87505e-16 1.37538e-16 6.56962e-17 3.13345e-17 1.49241e-17 7.09838e-18 3.37172e-18 1.5995e-18 7.57833e-19 3.58621e-19 1.69506e-19 8.00273e-20 3.77405e-20 1.7779e-20 8.36663e-21 3.93322e-21 1.8472e-21 8.66679e-22 4.06248e-22 1.9025e-22 8.90161e-23 4.16133e-23 1.94368e-23 9.07099e-24 4.22992e-24 1.9709e-24 9.17613e-25 4.269e-25 1.98459e-25 9.21936e-26 4.2798e-26 1.98539e-26 9.20394e-27 4.26397e-27 1.97412e-27 9.13389e-28 4.22346e-28 1.95172e-28 9.01377e-29 4.16047e-29 1.91924e-29 8.84854e-30 4.07732e-30 1.87778e-30 8.64338e-31 3.97646e-31 1.82848e-31 8.40357e-32 3.86034e-32 1.77246e-32 8.13436e-33 3.73137e-33
0.00077438 0.00105501 0.00105707 0.000907591 0.000707131 0.000514588 0.000355734 0.000236186 0.000151752 9.48747e-05 5.79554e-05 3.4702e-05 2.0419e-05 1.18312e-05 6.76183e-06 3.81731e-06 2.13119e-06 1.17788e-06 6.45018e-07 3.50239e-07 1.88697e-07 1.00933e-07 5.36271e-08 2.83156e-08 1.48639e-08 7.76014e-09 4.03069e-09 2.0835e-09 1.0721e-09 5.49298e-10 2.80296e-10 1.42479e-10 7.216e-11 3.64193e-11 1.83201e-11 9.18653e-12 4.59268e-12 2.28944e-12 1.13813e-12 5.643e-13 2.79079e-13 1.37686e-13 6.77696e-14 3.32817e-14 1.63094e-14 7.97566e-15 3.89245e-15 1.89601e-15 9.21817e-16 4.4737e-16 2.16736e-16 1.04824e-16 5.06157e-17 2.44018e-17 1.17461e-17 5.64574e-18 2.70971e-18 1.29873e-18 6.21622e-19 2.9714e-19 1.41854e-19 6.76365e-20 3.22103e-20 1.53214e-20 7.27954e-21 3.45482e-21 1.63785e-21 7.75649e-22 3.6695e-22 1.73425e-22 8.18826e-23 3.86238e-23 1.82017e-23 8.56984e-24 4.03131e-24 1.89471e-24 8.89752e-25 4.17478e-25 1.95725e-25 9.16881e-26 4.29182e-26 2.00743e-26 9.38242e-27 4.38201e-27 2.04513e-27 9.53817e-28 4.44541e-28 2.07046e-28 9.63686e-29 4.48254e-29 2.08372e-29 9.68018e-30 4.49432e-30 2.08538e-30 9.67056e-31 4.48197e-31 2.07607e-31 9.61109e-32 4.44701e-32 2.05651e-32 9.5053e-33
0.00033715 0.00050398 0.000540497 0.000491043 0.000401952 0.000305774 0.000220134 0.000151752 0.000100987 6.52586e-05 4.11312e-05 2.53721e-05 1.53594e-05 9.145e-06 5.36501e-06 3.10593e-06 1.77664e-06 1.00524e-06 5.6313e-07 3.12586e-07 1.72053e-07 9.39637e-08 5.09453e-08 2.74353e-08 1.46815e-08 7.81012e-09 4.13171e-09 2.17434e-09 1.13862e-09 5.93481e-10 3.07974e-10 1.59148e-10 8.19142e-11 4.20023e-11 2.14595e-11 1.09263e-11 5.54498e-12 2.80518e-12 1.41487e-12 7.11575e-13 3.56881e-13 1.78515e-13 8.90668e-14 4.43295e-14 2.20112e-14 1.09045e-14 5.39033e-15 2.65892e-15 1.3089e-15 6.43061e-16 3.15332e-16 1.54341e-16 7.54079e-17 3.67791e-17 1.79084e-17 8.7057e-18 4.22539e-18 2.04769e-18 9.90865e-19 4.78782e-19 2.3102e-19 1.11319e-19 5.35688e-20 2.5745e-20 1.23574e-20 5.92416e-21 2.83667e-21 1.3567e-21 6.48138e-22 3.09293e-22 1.47436e-22 7.02064e-23 3.33968e-23 1.58707e-23 7.53459e-24 3.57361e-24 1.69335e-24 8.01658e-25 3.79177e-25 1.7919e-25 8.46079e-26 3.99158e-26 1.88157e-26 8.86231e-27 4.17091e-27 1.96146e-27 9.21718e-28 4.32808e-28 2.03084e-28 9.52241e-29 4.46184e-29 2.08922e-29 9.77599e-30 4.57142e-30 2.13629e-30 9.97681e-31 4.65642e-31 2.17194e-31 1.01246e-31 4.71688e-32 2.19623e-32
0.000146789 0.000238862 0.000272844 0.000261291 0.000223995 0.000177634 0.00013285 9.48747e-05 6.52586e-05 4.35046e-05 2.82412e-05 1.7917e-05 1.11414e-05 6.80642e-06 4.09299e-06 2.42663e-06 1.42036e-06 8.21721e-07 4.70348e-07 2.66598e-07 1.49751e-07 8.34149e-08 4.61042e-08 2.52981e-08 1.37876e-08 7.46678e-09 4.01961e-09 2.15176e-09 1.14578e-09 6.07056e-10 3.20107e-10 1.68037e-10 8.78325e-11 4.57232e-11 2.371e-11 1.22495e-11 6.30621e-12 3.23555e-12 1.6547e-12 8.43612e-13 4.28816e-13 2.17348e-13 1.09861e-13 5.53839e-14 2.78493e-14 1.39694e-14 6.99057e-15 3.49023e-15 1.73874e-15 8.64348e-16 4.28791e-16 2.12292e-16 1.04902e-16 5.17389e-17 2.5472e-17 1.25182e-17 6.14157e-18 3.00812e-18 1.47099e-18 7.18201e-19 3.50122e-19 1.70431e-19 8.28425e-20 4.02112e-20 1.94916e-20 9.43562e-21 4.56173e-21 2.20262e-21 1.06222e-21 5.1164e-22 2.46154e-22 1.18291e-22 5.67816e-23 2.72264e-23 1.3041e-23 6.23986e-24 2.98261e-24 1.42425e-24 6.79439e-25 3.23817e-25 1.54186e-25 7.33483e-26 3.48616e-26 1.65548e-26 7.85464e-27 3.7236e-27 1.76377e-27 8.34774e-28 3.94777e-28 1.8655e-28 8.80865e-29 4.15621e-29 1.9596e-29 9.23258e-30 4.34682e-30 2.04512e-30 9.61545e-31 4.51782e-31 2.12131e-31 9.95397e-32 4.66781e-32
6.3909e-05 0.00011246 0.000136248 0.000137093 0.000122747 0.000101236 7.84864e-05 5.79554e-05 4.11312e-05 2.82412e-05 1.88532e-05 1.22841e-05 7.83575e-06 4.90538e-06 3.01996e-06 1.83148e-06 1.09572e-06 6.47473e-07 3.78293e-07 2.18735e-07 1.25268e-07 7.11044e-08 4.0028e-08 2.23606e-08 1.24015e-08 6.83168e-09 3.73959e-09 2.0348e-09 1.10095e-09 5.92505e-10 3.17264e-10 1.69069e-10 8.9686e-11 4.73696e-11 2.49159e-11 1.30538e-11 6.81326e-12 3.54328e-12 1.83634e-12 9.48545e-13 4.88405e-13 2.50711e-13 1.28318e-13 6.54898e-14 3.3333e-14 1.69213e-14 8.56821e-15 4.32796e-15 2.18097e-15 1.09653e-15 5.50091e-16 2.7537e-16 1.37562e-16 6.85815e-17 3.41248e-17 1.69477e-17 8.40151e-18 4.15747e-18 2.05376e-18 1.01283e-18 4.98675e-19 2.45135e-19 1.20316e-19 5.89635e-20 2.8854e-20 1.40997e-20 6.88026e-21 3.35283e-21 1.6317e-21 7.93065e-22 3.84971e-22 1.86643e-22 9.03801e-23 4.37142e-23 2.1119e-23 1.01914e-23 4.91269e-24 2.36558e-24 1.13789e-24 5.4678e-25 2.62476e-25 1.25875e-25 6.03069e-26 2.88659e-26 1.38039e-26 6.5951e-27 3.14815e-27 1.50145e-27 7.15475e-28 3.40654e-28 1.6206e-28 7.70345e-29 3.65891e-29 1.73652e-29 8.23522e-30 3.90252e-30 1.84797e-30 8.74443e-31 4.13484e-31 1.95381e-31 9.22586e-32
2.78248e-05 5.26476e-05 6.74082e-05 7.1065e-05 6.62996e-05 5.67514e-05 4.55271e-05 3.4702e-05 2.53721e-05 1.7917e-05 1.22841e-05 8.20978e-06 5.36566e-06 3.43829e-06 2.16478e-06 1.34157e-06 8.19577e-07 4.94201e-07 2.94467e-07 1.73542e-07 1.01245e-07 5.85149e-08 3.35251e-08 1.90519e-08 1.07449e-08 6.01675e-09 3.34663e-09 1.84972e-09 1.01628e-09 5.55219e-10 3.01712e-10 1.63122e-10 8.77678e-11 4.70067e-11 2.50657e-11 1.33101e-11 7.03956e-12 3.7089e-12 1.94694e-12 1.01843e-12 5.30933e-13 2.75893e-13 1.42917e-13 7.38114e-14 3.80106e-14 1.95197e-14 9.99704e-15 5.10669e-15 2.60205e-15 1.32263e-15 6.70714e-16 3.3935e-16 1.71318e-16 8.63032e-17 4.33862e-17 2.17672e-17 1.08995e-17 5.44736e-18 2.71748e-18 1.35322e-18 6.72687e-19 3.33828e-19 1.65392e-19 8.18107e-20 4.04041e-20 1.99241e-20 9.81036e-21 4.8235e-21 2.36824e-21 1.16115e-21 5.68548e-22 2.78018e-22 1.35776e-22 6.62254e-23 3.22622e-23 1.56979e-23 7.62923e-24 3.70357e-24 1.79586e-24 8.69854e-25 4.20875e-25 2.03424e-25 9.82207e-26 4.73767e-26 2.28294e-26 1.09902e-26 5.28567e-27 2.53974e-27 1.21922e-27 5.84769e-28 2.80223e-28 1.34168e-28 6.41834e-29 3.06786e-29 1.46519e-29 6.99202e-30 3.33403e-30 1.58854e-30 7.56305e-31 3.59808e-31 1.71051e-31
1.21144e-05 2.45261e-05 3.30823e-05 3.64526e-05 3.53629e-05 3.136e-05 2.59897e-05 2.0419e-05 1.53594e-05 1.11414e-05 7.83575e-06 5.36566e-06 3.58935e-06 2.35198e-06 1.513e-06 9.57293e-07 5.96664e-07 3.66841e-07 2.22736e-07 1.33692e-07 7.9397e-08 4.66901e-08 2.72061e-08 1.57179e-08 9.00847e-09 5.12446e-09 2.89455e-09 1.62415e-09 9.05614e-10 5.01973e-10 2.76676e-10 1.51684e-10 8.27372e-11 4.49116e-11 2.42666e-11 1.30541e-11 6.99278e-12 3.7308e-12 1.98278e-12 1.04987e-12 5.53921e-13 2.91256e-13 1.52641e-13 7.97422e-14 4.15317e-14 2.1567e-14 1.11678e-14 5.76699e-15 2.97015e-15 1.52579e-15 7.81861e-16 3.99688e-16 2.03845e-16 1.03728e-16 5.26675e-17 2.66849e-17 1.34924e-17 6.8084e-18 3.42888e-18 1.7236e-18 8.64811e-19 4.33138e-19 2.16557e-19 1.08088e-19 5.38601e-20 2.67949e-20 1.33093e-20 6.60069e-21 3.26869e-21 1.6163e-21 7.98085e-22 3.93524e-22 1.93777e-22 9.52912e-23 4.67993e-23 2.29547e-23 1.12451e-23 5.50209e-24 2.68889e-24 1.31254e-24 6.39962e-25 3.11681e-25 1.51632e-25 7.36894e-26 3.57735e-26 1.73488e-26 8.40504e-27 4.06797e-27 1.96695e-27 9.50157e-28 4.58554e-28 2.21098e-28 1.0651e-28 5.12634e-29 2.46518e-29 1.18445e-29 5.68622e-30 2.72754e-30 1.30727e-30 6.26058e-31 2.99588e-31
5.27437e-06 1.13767e-05 1.61216e-05 1.85263e-05 1.86543e-05 1.71109e-05 1.46288e-05 1.18312e-05 9.145e-06 6.80642e-06 4.90538e-06 3.43829e-06 2.35198e-06 1.57458e-06 1.03405e-06 6.6743e-07 4.24096e-07 2.65659e-07 1.64252e-07 1.0034e-07 6.06204e-08 3.62486e-08 2.14686e-08 1.26018e-08 7.33554e-09 4.23664e-09 2.42887e-09 1.38282e-09 7.82117e-10 4.39618e-10 2.45651e-10 1.36499e-10 7.54443e-11 4.14877e-11 2.27044e-11 1.23678e-11 6.70741e-12 3.62226e-12 1.94824e-12 1.04379e-12 5.57137e-13 2.96312e-13 1.57049e-13 8.29613e-14 4.36839e-14 2.2931e-14 1.20013e-14 6.26296e-15 3.25926e-15 1.69156e-15 8.7563e-16 4.52122e-16 2.32877e-16 1.19665e-16 6.13485e-17 3.13812e-17 1.60174e-17 8.15829e-18 4.14681e-18 2.1036e-18 1.06505e-18 5.38214e-19 2.71482e-19 1.36694e-19 6.87069e-20 3.44756e-20 1.72704e-20 8.63754e-21 4.31312e-21 2.15042e-21 1.07053e-21 5.32156e-22 2.64152e-22 1.30936e-22 6.48136e-23 3.20399e-23 1.58178e-23 7.79903e-24 3.84052e-24 1.88888e-24 9.27888e-25 4.55274e-25 2.23125e-25 1.09227e-25 5.3411e-26 2.6089e-26 1.27297e-26 6.20479e-27 3.02126e-27 1.46964e-27 7.14174e-28 3.46717e-28 1.68163e-28 8.14858e-29 3.94487e-29 1.90805e-29 9.22069e-30 4.45202e-30 2.14773e-30 1.03523e-30 4.98576e-31
2.29636e-06 5.25729e-06 7.80739e-06 9.33876e-06 9.74404e-06 9.23165e-06 8.13149e-06 6.76183e-06 5.36501e-06 4.09299e-06 3.01996e-06 2.16478e-06 1.513e-06 1.03405e-06 6.92727e-07 4.55796e-07 2.95055e-07 1.88186e-07 1.18405e-07 7.35728e-08 4.51904e-08 2.74612e-08 1.65219e-08 9.84825e-09 5.81932e-09 3.41062e-09 1.9836e-09 1.14531e-09 6.56771e-10 3.74187e-10 2.1188e-10 1.19277e-10 6.67736e-11 3.71839e-11 2.0602e-11 1.13597e-11 6.23479e-12 3.40687e-12 1.85374e-12 1.00456e-12 5.42257e-13 2.91611e-13 1.56255e-13 8.34356e-14 4.44029e-14 2.3554e-14 1.24555e-14 6.56671e-15 3.45196e-15 1.8095e-15 9.45938e-16 4.93194e-16 2.56483e-16 1.33051e-16 6.88543e-17 3.55488e-17 1.83118e-17 9.41189e-18 4.82713e-18 2.47055e-18 1.26187e-18 6.43243e-19 3.27264e-19 1.6619e-19 8.42399e-20 4.26241e-20 2.15296e-20 1.08563e-20 5.46517e-21 2.74679e-21 1.37835e-21 6.90596e-22 3.45488e-22 1.72584e-22 8.60883e-23 4.28819e-23 2.13307e-23 1.05962e-23 5.25678e-24 2.60452e-24 1.2888e-24 6.3695e-25 3.1441e-25 1.55014e-25 7.63371e-26 3.75495e-26 1.84495e-26 9.05497e-27 4.43936e-27 2.17416e-27 1.06368e-27 5.19862e-28 2.53822e-28 1.23806e-28 6.033e-29 2.93706e-29 1.42852e-29 6.94163e-30 3.37011e-30 1.63472e-30 7.9225e-31
9.9979e-07 2.42132e-06 3.75996e-06 4.67315e-06 5.04519e-06 4.93064e-06 4.46935e-06 3.81731e-06 3.10593e-06 2.42663e-06 1.83148e-06 1.34157e-06 9.57293e-07 6.6743e-07 4.55796e-07 3.0552e-07 2.0136e-07 1.30683e-07 8.36267e-08 5.28242e-08 3.29695e-08 2.03498e-08 1.24311e-08 7.5208e-09 4.50906e-09 2.68052e-09 1.58081e-09 9.25264e-10 5.37723e-10 3.10401e-10 1.78036e-10 1.01498e-10 5.75296e-11 3.24291e-11 1.81842e-11 1.01455e-11 5.63332e-12 3.11356e-12 1.71331e-12 9.388e-13 5.12324e-13 2.78495e-13 1.50819e-13 8.13799e-14 4.37583e-14 2.34498e-14 1.25258e-14 6.66962e-15 3.5406e-15 1.87402e-15 9.89086e-16 5.20588e-16 2.7327e-16 1.43075e-16 7.47205e-17 3.89273e-17 2.0232e-17 1.04911e-17 5.42783e-18 2.80211e-18 1.44352e-18 7.42096e-19 3.80736e-19 1.94955e-19 9.96359e-20 5.08261e-20 2.58802e-20 1.31546e-20 6.67478e-21 3.38112e-21 1.70988e-21 8.6332e-22 4.35203e-22 2.19049e-22 1.10087e-22 5.5245e-23 2.76835e-23 1.38527e-23 6.92229e-24 3.45443e-24 1.72158e-24 8.56867e-25 4.25938e-25 2.11465e-25 1.04857e-25 5.19325e-26 2.56902e-26 1.26939e-26 6.26516e-27 3.08877e-27 1.52113e-27 7.4831e-28 3.6774e-28 1.80531e-28 8.85363e-29 4.33769e-29 2.1231e-29 1.03816e-29 5.07166e-30 2.47531e-30 1.20702e-30
4.3529e-07 1.11184e-06 1.80172e-06 2.3231e-06 2.59163e-06 2.6096e-06 2.43169e-06 2.13119e-06 1.77664e-06 1.42036e-06 1.09572e-06 8.19577e-07 5.96664e-07 4.24096e-07 2.95055e-07 2.0136e-07 1.35039e-07 8.91312e-08 5.79784e-08 3.72111e-08 2.35878e-08 1.4781e-08 9.16351e-09 5.62437e-09 3.41992e-09 2.06127e-09 1.23213e-09 7.30783e-10 4.30242e-10 2.51536e-10 1.46086e-10 8.43104e-11 4.8367e-11 2.7589e-11 1.56514e-11 8.833e-12 4.96018e-12 2.77212e-12 1.54219e-12 8.54194e-13 4.71129e-13 2.58797e-13 1.41606e-13 7.71908e-14 4.1925e-14 2.26913e-14 1.22398e-14 6.58067e-15 3.52689e-15 1.88445e-15 1.0039e-15 5.33275e-16 2.82489e-16 1.49238e-16 7.8636e-17 4.13293e-17 2.16681e-17 1.13329e-17 5.91355e-18 3.07871e-18 1.59929e-18 8.28998e-19 4.28813e-19 2.21358e-19 1.1404e-19 5.86378e-20 3.00936e-20 1.54159e-20 7.88277e-21 4.02369e-21 2.05032e-21 1.04301e-21 5.29715e-22 2.68595e-22 1.35979e-22 6.87347e-23 3.46919e-23 1.7484e-23 8.79886e-24 4.42181e-24 2.21908e-24 1.11213e-24 5.56627e-25 2.78232e-25 1.38898e-25 6.92532e-26 3.44867e-26 1.7153e-26 8.52152e-27 4.22853e-27 2.09589e-27 1.03767e-27 5.13189e-28 2.53528e-28 1.25116e-28 6.16809e-29 3.03769e-29 1.49451e-29 7.3456e-30 3.60689e-30 1.76939e-30
1.89517e-07 5.09173e-07 8.59467e-07 1.14798e-06 1.32174e-06 1.3698e-06 1.31089e-06 1.17788e-06 1.00524e-06 8.21721e-07 6.47473e-07 4.94201e-07 3.66841e-07 2.65659e-07 1.88186e-07 1.30683e-07 8.91312e-08 5.98006e-08 3.95224e-08 2.5761e-08 1.65774e-08 1.05416e-08 6.62965e-09 4.12651e-09 2.54372e-09 1.55384e-09 9.41081e-10 5.65381e-10 3.37085e-10 1.99526e-10 1.17296e-10 6.85068e-11 3.97642e-11 2.29447e-11 1.31651e-11 7.51313e-12 4.26558e-12 2.40984e-12 1.355e-12 7.58427e-13 4.22658e-13 2.34551e-13 1.29636e-13 7.13709e-14 3.91455e-14 2.13927e-14 1.165e-14 6.32286e-15 3.42041e-15 1.84444e-15 9.91558e-16 5.31469e-16 2.84044e-16 1.51383e-16 8.04613e-17 4.26533e-17 2.2553e-17 1.18953e-17 6.25883e-18 3.28539e-18 1.72062e-18 8.9911e-19 4.68808e-19 2.43925e-19 1.26654e-19 6.56309e-20 3.39424e-20 1.75203e-20 9.02668e-21 4.64215e-21 2.38305e-21 1.22121e-21 6.24747e-22 3.19075e-22 1.62694e-22 8.28243e-23 4.20983e-23 2.13651e-23 1.08267e-23 5.47835e-24 2.76808e-24 1.39668e-24 7.03742e-25 3.54114e-25 1.77949e-25 8.93068e-26 4.47629e-26 2.24083e-26 1.12038e-26 5.59495e-27 2.7907e-27 1.39036e-27 6.91899e-28 3.43932e-28 1.70775e-28 8.47039e-29 4.19683e-29 2.07724e-29 1.02708e-29 5.07319e-30 2.50339e-30
8.2512e-08 2.32611e-07 4.08311e-07 5.64218e-07 6.69693e-07 7.13618e-07 7.00759e-07 6.45018e-07 5.6313e-07 4.70348e-07 3.78293e-07 2.94467e-07 2.22736e-07 1.64252e-07 1.18405e-07 8.36267e-08 5.79784e-08 3.95224e-08 2.6527e-08 1.75522e-08 1.14615e-08 7.39322e-09 4.71486e-09 2.97492e-09 1.85843e-09 1.15012e-09 7.0552e-10 4.29198e-10 2.59052e-10 1.55195e-10 9.232e-11 5.45497e-11 3.20265e-11 1.86886e-11 1.08421e-11 6.25505e-12 3.5895e-12 2.04937e-12 1.16434e-12 6.58414e-13 3.70642e-13 2.07742e-13 1.15951e-13 6.44574e-14 3.5693e-14 1.96908e-14 1.08235e-14 5.92857e-15 3.23639e-15 1.76095e-15 9.55109e-16 5.16442e-16 2.78416e-16 1.49661e-16 8.02236e-17 4.28855e-17 2.28648e-17 1.21591e-17 6.44985e-18 3.41301e-18 1.80174e-18 9.48952e-19 4.98674e-19 2.61478e-19 1.36812e-19 7.14342e-20 3.72223e-20 1.93569e-20 1.00468e-20 5.20466e-21 2.69125e-21 1.38909e-21 7.15709e-22 3.68122e-22 1.89021e-22 9.68973e-23 4.95916e-23 2.53405e-23 1.29285e-23 6.58594e-24 3.34997e-24 1.70149e-24 8.62974e-25 4.37074e-25 2.21062e-25 1.11657e-25 5.63229e-26 2.83739e-26 1.42757e-26 7.17354e-27 3.60027e-27 1.80473e-27 9.036e-28 4.51891e-28 2.25732e-28 1.12633e-28 5.61381e-29 2.79498e-29 1.39006e-29 6.90614e-30 3.42758e-30
3.59241e-08 1.06032e-07 1.93254e-07 2.75933e-07 3.37288e-07 3.69212e-07 3.71719e-07 3.50239e-07 3.12586e-07 2.66598e-07 2.18735e-07 1.73542e-07 1.33692e-07 1.0034e-07 7.35728e-08 5.28242e-08 3.72111e-08 2.5761e-08 1.75522e-08 1.17849e-08 7.80595e-09 5.10566e-09 3.30051e-09 2.11032e-09 1.33553e-09 8.3708e-10 5.19918e-10 3.2017e-10 1.95571e-10 1.18548e-10 7.13379e-11 4.26322e-11 2.53099e-11 1.49318e-11 8.75646e-12 5.10566e-12 2.96068e-12 1.70783e-12 9.80178e-13 5.59836e-13 3.18268e-13 1.80127e-13 1.01506e-13 5.69634e-14 3.1839e-14 1.77272e-14 9.83323e-15 5.43478e-15 2.99329e-15 1.64303e-15 8.98912e-16 4.9024e-16 2.6654e-16 1.44483e-16 7.80929e-17 4.20903e-17 2.26236e-17 1.21279e-17 6.48463e-18 3.45851e-18 1.84004e-18 9.76627e-19 5.17152e-19 2.73226e-19 1.44034e-19 7.57654e-20 3.97706e-20 2.08334e-20 1.08915e-20 5.68279e-21 2.95941e-21 1.53828e-21 7.98124e-22 4.1336e-22 2.1371e-22 1.10301e-22 5.68335e-23 2.92359e-23 1.50152e-23 7.69946e-24 3.94203e-24 2.01523e-24 1.02869e-24 5.24339e-25 2.66884e-25 1.35652e-25 6.88546e-26 3.49025e-26 1.76688e-26 8.93291e-27 4.51053e-27 2.27467e-27 1.14572e-27 5.76384e-28 2.89622e-28 1.4536e-28 7.28724e-29 3.64915e-29 1.82532e-29 9.12042e-30 4.55225e-30
1.56407e-08 4.82356e-08 9.11543e-08 1.34333e-07 1.68939e-07 1.89813e-07 1.95782e-07 1.88697e-07 1.72053e-07 1.49751e-07 1.25268e-07 1.01245e-07 7.9397e-08 6.06204e-08 4.51904e-08 3.29695e-08 2.35878e-08 1.65774e-08 1.14615e-08 7.80595e-09 5.2427e-09 3.47588e-09 2.27688e-09 1.47477e-09 9.452e-10 5.99816e-10 3.77101e-10 2.35002e-10 1.45233e-10 8.90498e-11 5.41933e-11 3.27466e-11 1.96535e-11 1.17195e-11 6.94533e-12 4.09181e-12 2.39708e-12 1.39669e-12 8.09582e-13 4.66934e-13 2.6802e-13 1.53136e-13 8.71074e-14 4.93372e-14 2.78291e-14 1.56348e-14 8.75011e-15 4.87884e-15 2.71053e-15 1.50064e-15 8.28007e-16 4.55374e-16 2.49645e-16 1.3644e-16 7.43462e-17 4.03938e-17 2.18849e-17 1.18245e-17 6.37179e-18 3.42461e-18 1.83595e-18 9.81844e-19 5.23818e-19 2.78806e-19 1.48058e-19 7.84506e-20 4.14779e-20 2.18834e-20 1.15217e-20 6.05392e-21 3.17468e-21 1.66159e-21 8.68014e-22 4.52614e-22 2.35583e-22 1.22403e-22 6.34876e-23 3.28738e-23 1.69937e-23 8.77046e-24 4.51923e-24 2.32503e-24 1.19434e-24 6.12596e-25 3.13749e-25 1.60459e-25 8.19463e-26 4.17919e-26 2.12844e-26 1.08256e-26 5.4988e-27 2.78949e-27 1.41328e-27 7.15145e-28 3.61432e-28 1.82447e-28 9.19882e-29 4.63258e-29 2.33033e-29 1.17091e-29 5.8769e-30
6.80965e-09 2.19027e-08 4.28606e-08 6.51235e-08 8.41881e-08 9.70119e-08 1.02441e-07 1.00933e-07 9.39637e-08 8.34149e-08 7.11044e-08 5.85149e-08 4.66901e-08 3.62486e-08 2.74612e-08 2.03498e-08 1.4781e-08 1.05416e-08 7.39322e-09 5.10566e-09 3.47588e-09 2.33516e-09 1.54953e-09 1.0164e-09 6.59524e-10 4.23621e-10 2.69504e-10 1.69913e-10 1.06212e-10 6.58572e-11 4.05221e-11 2.47517e-11 1.5014e-11 9.04694e-12 5.41695e-12 3.22385e-12 1.90754e-12 1.12243e-12 6.56937e-13 3.82529e-13 2.21649e-13 1.27822e-13 7.33779e-14 4.19384e-14 2.38679e-14 1.35281e-14 7.63729e-15 4.29515e-15 2.40663e-15 1.34364e-15 7.47558e-16 4.1452e-16 2.29102e-16 1.26222e-16 6.93272e-17 3.79643e-17 2.07293e-17 1.12867e-17 6.12853e-18 3.31882e-18 1.79259e-18 9.65775e-19 5.19036e-19 2.78274e-19 1.48843e-19 7.94304e-20 4.22936e-20 2.24706e-20 1.19132e-20 6.30283e-21 3.32782e-21 1.75356e-21 9.2222e-22 4.84086e-22 2.53631e-22 1.32645e-22 6.92475e-23 3.60877e-23 1.87746e-23 9.75115e-24 5.05623e-24 2.61758e-24 1.35297e-24 6.98236e-25 3.59798e-25 1.85127e-25 9.51142e-26 4.87976e-26 2.50001e-26 1.27904e-26 6.53489e-27 3.33437e-27 1.69911e-27 8.64708e-28 4.39511e-28 2.23116e-28 1.13126e-28 5.72891e-29 2.8978e-29 1.46407e-29 7.38856e-30
2.96479e-09 9.92863e-09 2.00945e-08 3.1449e-08 4.17564e-08 4.93128e-08 5.32748e-08 5.36271e-08 5.09453e-08 4.61042e-08 4.0028e-08 3.35251e-08 2.72061e-08 2.14686e-08 1.65219e-08 1.24311e-08 9.16351e-09 6.62965e-09 4.71486e-09 3.30051e-09 2.27688e-09 1.54953e-09 1.04126e-09 6.91488e-10 4.54142e-10 2.95171e-10 1.89974e-10 1.2114e-10 7.65736e-11 4.80024e-11 2.98554e-11 1.84301e-11 1.12962e-11 6.87667e-12 4.15913e-12 2.49992e-12 1.4937e-12 8.87409e-13 5.24332e-13 3.08181e-13 1.80222e-13 1.04882e-13 6.07511e-14 3.50306e-14 2.01117e-14 1.1498e-14 6.54678e-15 3.71302e-15 2.09785e-15 1.18093e-15 6.62401e-16 3.70269e-16 2.0628e-16 1.14546e-16 6.34066e-17 3.49907e-17 1.9252e-17 1.05618e-17 5.77794e-18 3.15221e-18 1.71512e-18 9.3077e-19 5.03833e-19 2.72054e-19 1.46546e-19 7.87538e-20 4.22249e-20 2.25887e-20 1.20576e-20 6.42245e-21 3.41374e-21 1.81081e-21 9.58616e-22 5.06485e-22 2.67089e-22 1.40583e-22 7.38605e-23 3.87357e-23 2.02789e-23 1.05982e-23 5.52946e-24 2.88015e-24 1.49776e-24 7.77642e-25 4.03123e-25 2.08656e-25 1.07838e-25 5.56505e-26 2.86774e-26 1.47568e-26 7.58295e-27 3.89125e-27 1.99413e-27 1.02057e-27 5.21639e-28 2.66281e-28 1.35758e-28 6.91277e-29 3.5157e-29 1.78588e-29 9.06112e-30
1.29081e-09 4.49368e-09 9.39564e-09 1.51325e-08 2.06203e-08 2.49399e-08 2.75489e-08 2.83156e-08 2.74353e-08 2.52981e-08 2.23606e-08 1.90519e-08 1.57179e-08 1.26018e-08 9.84825e-09 7.5208e-09 5.62437e-09 4.12651e-09 2.97492e-09 2.11032e-09 1.47477e-09 1.0164e-09 6.91488e-10 4.64779e-10 3.08874e-10 2.03089e-10 1.32199e-10 8.52419e-11 5.44731e-11 3.45159e-11 2.16945e-11 1.35316e-11 8.37863e-12 5.15191e-12 3.14682e-12 1.9099e-12 1.15212e-12 6.90956e-13 4.12065e-13 2.44422e-13 1.44233e-13 8.46888e-14 4.9488e-14 2.87848e-14 1.66681e-14 9.61024e-15 5.51789e-15 3.15545e-15 1.79744e-15 1.02002e-15 5.76731e-16 3.24936e-16 1.82443e-16 1.02095e-16 5.69478e-17 3.1665e-17 1.75531e-17 9.70135e-18 5.3463e-18 2.93798e-18 1.6101e-18 8.80023e-19 4.79737e-19 2.60861e-19 1.41494e-19 7.65622e-20 4.13301e-20 2.22596e-20 1.19616e-20 6.41369e-21 3.43156e-21 1.83216e-21 9.76206e-22 5.19095e-22 2.75485e-22 1.45919e-22 7.71451e-23 4.07101e-23 2.14443e-23 1.12759e-23 5.91885e-24 3.10159e-24 1.62258e-24 8.47457e-25 4.41908e-25 2.30072e-25 1.19598e-25 6.20761e-26 3.21721e-26 1.66494e-26 8.6039e-27 4.43997e-27 2.28803e-27 1.17748e-27 6.05151e-28 3.10601e-28 1.59214e-28 8.15093e-29 4.16764e-29 2.12833e-29 1.08558e-29
5.61996e-10 2.03089e-09 4.38218e-09 7.25706e-09 1.01413e-08 1.25539e-08 1.41704e-08 1.48639e-08 1.46815e-08 1.37876e-08 1.24015e-08 1.07449e-08 9.00847e-09 7.33554e-09 5.81932e-09 4.50906e-09 3.41992e-09 2.54372e-09 1.85843e-09 1.33553e-09 9.452e-10 6.59524e-10 4.54142e-10 3.08874e-10 2.07652e-10 1.38089e-10 9.08909e-11 5.92479e-11 3.82686e-11 2.4504e-11 1.55614e-11 9.80503e-12 6.13201e-12 3.80767e-12 2.34832e-12 1.43888e-12 8.76163e-13 5.3033e-13 3.19164e-13 1.91024e-13 1.13726e-13 6.73616e-14 3.97037e-14 2.32911e-14 1.36008e-14 7.90714e-15 4.57742e-15 2.63894e-15 1.51532e-15 8.66756e-16 4.93927e-16 2.80447e-16 1.58675e-16 8.94703e-17 5.02814e-17 2.81665e-17 1.57289e-17 8.75659e-18 4.86053e-18 2.69015e-18 1.48473e-18 8.17198e-19 4.48587e-19 2.45603e-19 1.34127e-19 7.30672e-20 3.97079e-20 2.15281e-20 1.16448e-20 6.28458e-21 3.38426e-21 1.81851e-21 9.75106e-22 5.21786e-22 2.78648e-22 1.48512e-22 7.90004e-23 4.19443e-23 2.22286e-23 1.17587e-23 6.2092e-24 3.27305e-24 1.72237e-24 9.04835e-25 4.74568e-25 2.48499e-25 1.29916e-25 6.78149e-26 3.53447e-26 1.83938e-26 9.55823e-27 4.9597e-27 2.5699e-27 1.32975e-27 6.87109e-28 3.54565e-28 1.82722e-28 9.4041e-29 4.83378e-29 2.48146e-29 1.2723e-29
2.44682e-10 9.16612e-10 2.03912e-09 3.46937e-09 4.96863e-09 6.29134e-09 7.25281e-09 7.76014e-09 7.81012e-09 7.46678e-09 6.83168e-09 6.01675e-09 5.12446e-09 4.23664e-09 3.41062e-09 2.68052e-09 2.06127e-09 1.55384e-09 1.15012e-09 8.3708e-10 5.99816e-10 4.23621e-10 2.95171e-10 2.03089e-10 1.38089e-10 9.28531e-11 6.17849e-11 4.07069e-11 2.65697e-11 1.71889e-11 1.10268e-11 7.01726e-12 4.43167e-12 2.77845e-12 1.72987e-12 1.06987e-12 6.57479e-13 4.01584e-13 2.4385e-13 1.47238e-13 8.84229e-14 5.28253e-14 3.14004e-14 1.85748e-14 1.09366e-14 6.41026e-15 3.74088e-15 2.17389e-15 1.25814e-15 7.2527e-16 4.16491e-16 2.38285e-16 1.35838e-16 7.71659e-17 4.3687e-17 2.46516e-17 1.38657e-17 7.77471e-18 4.34616e-18 2.42238e-18 1.34625e-18 7.4609e-19 4.12352e-19 2.27293e-19 1.24961e-19 6.85263e-20 3.74856e-20 2.0456e-20 1.11365e-20 6.04888e-21 3.27808e-21 1.77258e-21 9.5643e-22 5.14971e-22 2.76704e-22 1.48378e-22 7.94074e-23 4.24141e-23 2.26118e-23 1.20323e-23 6.39105e-24 3.38858e-24 1.7935e-24 9.47623e-25 4.99848e-25 2.63221e-25 1.38388e-25 7.26409e-26 3.80701e-26 1.99214e-26 1.04087e-26 5.4304e-27 2.829e-27 1.47167e-27 7.645e-28 3.9659e-28 2.05455e-28 1.06294e-28 5.49197e-29 2.83391e-29 1.46046e-29
1.0653e-10 4.13183e-10 9.46786e-10 1.65375e-09 2.42565e-09 3.13985e-09 3.69495e-09 4.03069e-09 4.13171e-09 4.01961e-09 3.73959e-09 3.34663e-09 2.89455e-09 2.42887e-09 1.9836e-09 1.58081e-09 1.23213e-09 9.41081e-10 7.0552e-10 5.19918e-10 3.77101e-10 2.69504e-10 1.89974e-10 1.32199e-10 9.08909e-11 6.17849e-11 4.15527e-11 2.76649e-11 1.82435e-11 1.19221e-11 7.72431e-12 4.96377e-12 3.16503e-12 2.00314e-12 1.25881e-12 7.85695e-13 4.87215e-13 3.00246e-13 1.8392e-13 1.12017e-13 6.78469e-14 4.08755e-14 2.45e-14 1.46122e-14 8.67346e-15 5.12464e-15 3.01437e-15 1.76545e-15 1.02968e-15 5.98124e-16 3.46082e-16 1.99487e-16 1.14565e-16 6.55589e-17 3.73855e-17 2.12475e-17 1.20361e-17 6.79638e-18 3.82577e-18 2.14707e-18 1.20142e-18 6.70338e-19 3.72974e-19 2.06956e-19 1.1453e-19 6.32172e-20 3.48055e-20 1.91155e-20 1.0473e-20 5.72443e-21 3.12168e-21 1.69849e-21 9.221e-22 4.99521e-22 2.70029e-22 1.45669e-22 7.84233e-23 4.21366e-23 2.25958e-23 1.2094e-23 6.46097e-24 3.44533e-24 1.83394e-24 9.74477e-25 5.16902e-25 2.73721e-25 1.44706e-25 7.63754e-26 4.02461e-26 2.11744e-26 1.11231e-26 5.83416e-27 3.05551e-27 1.59791e-27 8.34435e-28 4.35128e-28 2.26588e-28 1.17831e-28 6.11923e-29 3.17364e-29 1.64381e-29
4.63811e-11 1.86034e-10 4.3871e-10 7.86138e-10 1.18022e-09 1.56094e-09 1.87417e-09 2.0835e-09 2.17434e-09 2.15176e-09 2.0348e-09 1.84972e-09 1.62415e-09 1.38282e-09 1.14531e-09 9.25264e-10 7.30783e-10 5.65381e-10 4.29198e-10 3.2017e-10 2.35002e-10 1.69913e-10 1.2114e-10 8.52419e-11 5.92479e-11 4.07069e-11 2.76649e-11 1.86088e-11 1.23958e-11 8.18125e-12 5.35247e-12 3.47266e-12 2.23521e-12 1.42783e-12 9.05499e-13 5.70278e-13 3.5678e-13 2.21793e-13 1.37038e-13 8.41746e-14 5.14124e-14 3.12314e-14 1.8873e-14 1.13473e-14 6.78931e-15 4.04309e-15 2.39675e-15 1.41455e-15 8.3131e-16 4.86534e-16 2.83613e-16 1.64685e-16 9.52677e-17 5.49099e-17 3.15365e-17 1.805e-17 1.02964e-17 5.85432e-18 3.31809e-18 1.87481e-18 1.05613e-18 5.93208e-19 3.3224e-19 1.85561e-19 1.03357e-19 5.74166e-20 3.18135e-20 1.75827e-20 9.69361e-21 5.33134e-21 2.92524e-21 1.60134e-21 8.74627e-22 4.76654e-22 2.59205e-22 1.40658e-22 7.61702e-23 4.11646e-23 2.22023e-23 1.19516e-23 6.42128e-24 3.44354e-24 1.84328e-24 9.84902e-25 5.25324e-25 2.7971e-25 1.48679e-25 7.88979e-26 4.17992e-26 2.21091e-26 1.16758e-26 6.15636e-27 3.24115e-27 1.70382e-27 8.94343e-28 4.68765e-28 2.4535e-28 1.28236e-28 6.69315e-29 3.48869e-29 1.81599e-29
2.01934e-11 8.367e-11 2.02897e-10 3.72741e-10 5.7244e-10 7.73162e-10 9.46711e-10 1.0721e-09 1.13862e-09 1.14578e-09 1.10095e-09 1.01628e-09 9.05614e-10 7.82117e-10 6.56771e-10 5.37723e-10 4.30242e-10 3.37085e-10 2.59052e-10 1.95571e-10 1.45233e-10 1.06212e-10 7.65736e-11 5.44731e-11 3.82686e-11 2.65697e-11 1.82435e-11 1.23958e-11 8.33932e-12 5.55775e-12 3.671e-12 2.40423e-12 1.56188e-12 1.00684e-12 6.44267e-13 4.09356e-13 2.58342e-13 1.61983e-13 1.00934e-13 6.25174e-14 3.85003e-14 2.35786e-14 1.43632e-14 8.70454e-15 5.24903e-15 3.15011e-15 1.88172e-15 1.119e-15 6.62551e-16 3.90641e-16 2.29384e-16 1.34162e-16 7.81675e-17 4.53736e-17 2.62426e-17 1.51246e-17 8.68702e-18 4.97294e-18 2.83758e-18 1.61403e-18 9.15253e-19 5.17452e-19 2.91696e-19 1.63966e-19 9.19121e-20 5.13822e-20 2.86486e-20 1.59321e-20 8.83779e-21 4.89039e-21 2.69958e-21 1.4867e-21 8.16862e-22 4.4781e-22 2.44951e-22 1.33698e-22 7.28198e-23 3.95799e-23 2.14692e-23 1.16223e-23 6.27943e-24 3.38624e-24 1.82263e-24 9.7922e-25 5.25142e-25 2.81128e-25 1.50236e-25 8.01499e-26 4.26878e-26 2.2698e-26 1.20495e-26 6.38648e-27 3.37967e-27 1.78575e-27 9.42129e-28 4.96313e-28 2.61077e-28 1.37138e-28 7.19336e-29 3.76794e-29 1.97098e-29
8.79184e-12 3.75926e-11 9.36684e-11 1.76304e-10 2.76825e-10 3.8164e-10 4.76359e-10 5.49298e-10 5.93481e-10 6.07056e-10 5.92505e-10 5.55219e-10 5.01973e-10 4.39618e-10 3.74187e-10 3.10401e-10 2.51536e-10 1.99526e-10 1.55195e-10 1.18548e-10 8.90498e-11 6.58572e-11 4.80024e-11 3.45159e-11 2.4504e-11 1.71889e-11 1.19221e-11 8.18125e-12 5.55775e-12 3.73953e-12 2.49334e-12 1.64811e-12 1.08045e-12 7.02758e-13 4.53667e-13 2.90766e-13 1.85077e-13 1.17028e-13 7.3531e-14 4.59199e-14 2.85089e-14 1.75998e-14 1.08061e-14 6.60006e-15 4.01075e-15 2.42536e-15 1.45972e-15 8.74531e-16 5.21621e-16 3.09791e-16 1.83222e-16 1.07927e-16 6.33262e-17 3.70156e-17 2.15567e-17 1.25089e-17 7.2334e-18 4.1686e-18 2.39443e-18 1.37093e-18 7.82473e-19 4.45241e-19 2.52597e-19 1.42889e-19 8.06011e-20 4.53399e-20 2.54359e-20 1.42321e-20 7.94277e-21 4.42162e-21 2.45539e-21 1.36024e-21 7.51775e-22 4.14533e-22 2.28061e-22 1.25194e-22 6.85769e-23 3.74845e-23 2.04468e-23 1.11305e-23 6.04698e-24 3.27879e-24 1.77442e-24 9.58479e-25 5.16782e-25 2.78129e-25 1.49422e-25 8.01351e-26 4.2903e-26 2.2931e-26 1.2236e-26 6.51855e-27 3.46712e-27 1.84122e-27 9.76281e-28 5.16873e-28 2.73241e-28 1.44235e-28 7.60276e-29 4.00179e-29 2.10344e-29
3.8278e-12 1.6874e-11 4.31696e-11 8.31999e-11 1.33494e-10 1.87766e-10 2.3881e-10 2.80296e-10 3.07974e-10 3.20107e-10 3.17264e-10 3.01712e-10 2.76676e-10 2.45651e-10 2.1188e-10 1.78036e-10 1.46086e-10 1.17296e-10 9.232e-11 7.13379e-11 5.41933e-11 4.05221e-11 2.98554e-11 2.16945e-11 1.55614e-11 1.10268e-11 7.72431e-12 5.35247e-12 3.671e-12 2.49334e-12 1.67787e-12 1.1192e-12 7.40301e-13 4.8577e-13 3.1632e-13 2.04475e-13 1.31252e-13 8.3685e-14 5.30129e-14 3.33748e-14 2.08862e-14 1.29958e-14 8.04148e-15 4.94933e-15 3.03051e-15 1.84637e-15 1.1195e-15 6.75629e-16 4.0591e-16 2.42802e-16 1.44621e-16 8.57879e-17 5.0686e-17 2.98309e-17 1.74909e-17 1.0218e-17 5.94811e-18 3.45054e-18 1.99495e-18 1.14962e-18 6.60372e-19 3.78156e-19 2.15891e-19 1.22889e-19 6.97486e-20 3.94761e-20 2.22812e-20 1.25422e-20 7.04157e-21 3.94321e-21 2.20262e-21 1.22734e-21 6.82254e-22 3.78362e-22 2.09348e-22 1.15572e-22 6.36621e-23 3.49921e-23 1.91928e-23 1.05053e-23 5.73844e-24 3.12834e-24 1.7021e-24 9.24321e-25 5.01006e-25 2.71058e-25 1.46384e-25 7.89134e-26 4.24668e-26 2.28141e-26 1.22356e-26 6.55126e-27 3.50202e-27 1.86904e-27 9.95942e-28 5.2988e-28 2.81489e-28 1.49312e-28 7.9084e-29 4.18267e-29 2.20902e-29
1.66655e-12 7.56733e-12 1.98642e-11 3.91781e-11 6.4204e-11 9.20954e-11 1.19304e-10 1.42479e-10 1.59148e-10 1.68037e-10 1.69069e-10 1.63122e-10 1.51684e-10 1.36499e-10 1.19277e-10 1.01498e-10 8.43104e-11 6.85068e-11 5.45497e-11 4.26322e-11 3.27466e-11 2.47517e-11 1.84301e-11 1.35316e-11 9.80503e-12 7.01726e-12 4.96377e-12 3.47266e-12 2.40423e-12 1.64811e-12 1.1192e-12 7.53244e-13 5.0264e-13 3.3269e-13 2.18494e-13 1.4243e-13 9.2186e-14 5.92589e-14 3.7843e-14 2.40145e-14 1.51468e-14 9.49787e-15 5.92217e-15 3.67258e-15 2.26558e-15 1.39054e-15 8.49293e-16 5.16261e-16 3.12381e-16 1.88177e-16 1.12868e-16 6.74158e-17 4.01039e-17 2.37629e-17 1.40264e-17 8.24855e-18 4.8332e-18 2.82204e-18 1.6421e-18 9.5233e-19 5.50506e-19 3.17219e-19 1.82228e-19 1.04366e-19 5.95973e-20 3.39349e-20 1.92685e-20 1.09109e-20 6.16187e-21 3.47078e-21 1.94999e-21 1.09282e-21 6.1095e-22 3.40739e-22 1.89592e-22 1.0525e-22 5.82972e-23 3.22194e-23 1.77685e-23 9.77835e-24 5.37008e-24 2.94315e-24 1.60983e-24 8.78815e-25 4.78831e-25 2.60405e-25 1.41356e-25 7.65931e-26 4.14278e-26 2.23684e-26 1.20567e-26 6.48771e-27 3.48523e-27 1.86923e-27 1.00092e-27 5.35117e-28 2.85644e-28 1.52243e-28 8.10214e-29 4.30546e-29 2.28459e-29
7.25584e-13 3.39076e-12 9.12666e-12 1.84109e-11 3.08014e-11 4.50385e-11 5.94041e-11 7.216e-11 8.19142e-11 8.78325e-11 8.9686e-11 8.77678e-11 8.27372e-11 7.54443e-11 6.67736e-11 5.75296e-11 4.8367e-11 3.97642e-11 3.20265e-11 2.53099e-11 1.96535e-11 1.5014e-11 1.12962e-11 8.37863e-12 6.13201e-12 4.43167e-12 3.16503e-12 2.23521e-12 1.56188e-12 1.08045e-12 7.40301e-13 5.0264e-13 3.38328e-13 2.25851e-13 1.49578e-13 9.83156e-14 6.41543e-14 4.15725e-14 2.67598e-14 1.71147e-14 1.08786e-14 6.87366e-15 4.3183e-15 2.69795e-15 1.67662e-15 1.03656e-15 6.37651e-16 3.9037e-16 2.3787e-16 1.4429e-16 8.71415e-17 5.24041e-17 3.13841e-17 1.87203e-17 1.1123e-17 6.58393e-18 3.88283e-18 2.28167e-18 1.33611e-18 7.79753e-19 4.53558e-19 2.6297e-19 1.5199e-19 8.75768e-20 5.0311e-20 2.88182e-20 1.64601e-20 9.37532e-21 5.32546e-21 3.01697e-21 1.70473e-21 9.60798e-22 5.40167e-22 3.02946e-22 1.69498e-22 9.46132e-23 5.26919e-23 2.92794e-23 1.6234e-23 8.98166e-24 4.95872e-24 2.73202e-24 1.50216e-24 8.24295e-25 4.51441e-25 2.46767e-25 1.34634e-25 7.33196e-26 3.98563e-26 2.16271e-26 1.17149e-26 6.33482e-27 3.41974e-27 1.84302e-27 9.91646e-28 5.32703e-28 2.85711e-28 1.53001e-28 8.18081e-29 4.36762e-29 2.32836e-29
