0.818912 0.00771481 0.00650181 0.00552112 0.00472168 0.00406459 0.00352012 0.00306537 0.00268262 0.0023581 0.00208101 0.00184284 0.00163687 0.00145769 0.00130099 0.00116328 0.00104168 0.000933879 0.000837926 0.000752212 0.000675385 0.000606305 0.000543999 0.000487635 0.000436495 0.000389957 0.000347474 0.00030857 0.00027282 0.000239847 0.000217456
0.00771481 0.000345715 0.000289377 0.00024354 0.000205953 0.000174905 0.000149083 0.000127474 0.000109286 9.39009e-05 8.08256e-05 6.96675e-05 6.011e-05 5.18959e-05 4.48148e-05 3.86934e-05 3.3388e-05 2.87787e-05 2.47652e-05 2.12628e-05 1.82003e-05 1.55172e-05 1.31622e-05 1.10917e-05 9.26888e-06 7.66225e-06 6.24537e-06 4.99601e-06 3.8957e-06 2.9293e-06 2.58822e-06
0.00650181 0.000289377 0.000241306 0.000202322 0.000170465 0.000144244 0.000122515 0.000104396 8.92006e-05 7.63899e-05 6.55383e-05 5.63066e-05 4.84221e-05 4.16643e-05 3.58534e-05 3.08417e-05 2.65075e-05 2.27494e-05 1.94831e-05 1.66379e-05 1.41543e-05 1.19823e-05 1.00795e-05 8.41021e-06 6.94442e-06 5.65681e-06 4.52626e-06 3.53529e-06 2.66968e-06 2.33761e-06 2.06572e-06
0.00552112 0.00024354 0.000202322 0.000168999 0.000141856 0.000119592 0.000101207 8.59297e-05 7.3162e-05 6.24345e-05 5.33773e-05 4.56962e-05 3.91554e-05 3.3565e-05 2.87704e-05 2.46453e-05 2.10861e-05 1.80067e-05 1.53359e-05 1.30142e-05 1.09919e-05 9.22725e-06 7.6853e-06 6.33676e-06 5.1571e-06 4.12598e-06 3.22661e-06 2.44541e-06 2.13952e-06 1.87292e-06 1.65537e-06
0.00472168 0.000205953 0.000170465 0.000141856 0.000118626 9.9633e-05 8.40013e-05 7.10563e-05 6.02741e-05 5.1245e-05 4.36464e-05 3.72223e-05 3.17683e-05 2.71199e-05 2.3144e-05 1.97321e-05 1.67954e-05 1.42607e-05 1.20676e-05 1.01658e-05 8.5136e-06 7.07613e-06 5.82443e-06 4.73442e-06 3.78616e-06 2.96332e-06 2.25271e-06 1.96823e-06 1.72165e-06 1.50678e-06 1.33202e-06
0.00406459 0.000174905 0.000144244 0.000119592 9.9633e-05 8.33641e-05 7.00171e-05 5.90001e-05 4.98537e-05 4.22193e-05 3.58147e-05 3.04168e-05 2.58477e-05 2.19647e-05 1.86527e-05 1.58182e-05 1.3385e-05 1.12905e-05 9.4832e-06 7.92061e-06 6.56755e-06 5.39492e-06 4.37867e-06 3.49902e-06 2.7398e-06 2.08802e-06 1.82102e-06 1.59071e-06 1.39115e-06 1.21729e-06 1.07634e-06
0.00352012 0.000149083 0.000122515 0.000101207 8.40013e-05 7.00171e-05 5.85792e-05 4.9167e-05 4.13775e-05 3.4896e-05 2.94755e-05 2.49209e-05 2.10772e-05 1.78203e-05 1.50503e-05 1.26865e-05 1.06632e-05 8.92684e-06 7.43345e-06 6.14696e-06 5.0377e-06 4.08131e-06 3.25786e-06 2.55113e-06 1.94814e-06 1.69527e-06 1.47817e-06 1.29099e-06 1.12884e-06 9.87591e-07 8.73444e-07
0.00306537 0.000127474 0.000104396 8.59297e-05 7.10563e-05 5.90001e-05 4.9167e-05 4.10993e-05 3.44424e-05 2.89201e-05 2.43159e-05 2.04589e-05 1.72136e-05 1.44721e-05 1.21475e-05 1.017e-05 8.48282e-06 7.04e-06 5.80394e-06 4.74401e-06 3.83515e-06 3.057e-06 2.39307e-06 1.83016e-06 1.58863e-06 1.38211e-06 1.20489e-06 1.05215e-06 9.19868e-07 8.0465e-07 7.11831e-07
0.00268262 0.000109286 8.92006e-05 7.3162e-05 6.02741e-05 4.98537e-05 4.13775e-05 3.44424e-05 2.87366e-05 2.40172e-05 2.0094e-05 1.68175e-05 1.40692e-05 1.17547e-05 9.79852e-06 8.14011e-06 6.7305e-06 5.53006e-06 4.50667e-06 3.63425e-06 2.8917e-06 2.262e-06 1.73159e-06 1.49894e-06 1.30081e-06 1.13149e-06 9.86248e-07 8.61114e-07 7.52766e-07 6.58399e-07 5.82608e-07
0.0023581 9.39009e-05 7.63899e-05 6.24345e-05 5.1245e-05 4.22193e-05 3.4896e-05 2.89201e-05 2.40172e-05 1.99734e-05 1.66219e-05 1.38314e-05 1.1498e-05 9.53956e-06 7.8902e-06 6.49731e-06 5.31858e-06 4.31989e-06 3.47375e-06 2.758e-06 2.15489e-06 1.65026e-06 1.42435e-06 1.23267e-06 1.06952e-06 9.3016e-07 8.10658e-07 7.07731e-07 6.18627e-07 5.41023e-07 4.78879e-07
0.00208101 8.08256e-05 6.55383e-05 5.33773e-05 4.36464e-05 3.58147e-05 2.94755e-05 2.43159e-05 2.0094e-05 1.66219e-05 1.37528e-05 1.13713e-05 9.38671e-06 7.72693e-06 6.33472e-06 5.16432e-06 4.17912e-06 3.34976e-06 2.65273e-06 2.06923e-06 1.58436e-06 1.36325e-06 1.17633e-06 1.01781e-06 8.82953e-07 7.67803e-07 6.69094e-07 5.84096e-07 5.10524e-07 4.46448e-07 3.95281e-07
0.00184284 6.96675e-05 5.63066e-05 4.56962e-05 3.72223e-05 3.04168e-05 2.49209e-05 2.04589e-05 1.68175e-05 1.38314e-05 1.13713e-05 9.33617e-06 7.64629e-06 6.23872e-06 5.06352e-06 4.08093e-06 3.25929e-06 2.57335e-06 2.00301e-06 1.5324e-06 1.3143e-06 1.13059e-06 9.75356e-07 8.4378e-07 7.31879e-07 6.36367e-07 5.54515e-07 4.84047e-07 4.23058e-07 3.6994e-07 3.27635e-07
0.00163687 6.011e-05 4.84221e-05 3.91554e-05 3.17683e-05 2.58477e-05 2.10772e-05 1.72136e-05 1.40692e-05 1.1498e-05 9.38671e-06 7.64629e-06 6.20698e-06 5.01372e-06 4.02296e-06 3.20017e-06 2.51797e-06 1.95467e-06 1.49318e-06 1.27642e-06 1.09447e-06 9.41278e-07 8.11896e-07 7.02272e-07 6.09073e-07 5.29547e-07 4.61411e-07 4.02762e-07 3.52005e-07 3.07797e-07 2.72677e-07
0.00145769 5.18959e-05 4.16643e-05 3.3565e-05 2.71199e-05 2.19647e-05 1.78203e-05 1.44721e-05 1.17547e-05 9.53956e-06 7.72693e-06 6.23872e-06 5.01372e-06 4.00379e-06 3.17096e-06 2.48526e-06 1.92307e-06 1.4658e-06 1.24874e-06 1.06719e-06 9.14863e-07 7.86668e-07 6.7844e-07 5.8677e-07 5.08859e-07 4.42395e-07 3.85461e-07 3.3646e-07 2.94055e-07 2.5712e-07 2.27845e-07
0.00130099 4.48148e-05 3.58534e-05 2.87704e-05 2.3144e-05 1.86527e-05 1.50503e-05 1.21475e-05 9.79852e-06 7.8902e-06 6.33472e-06 5.06352e-06 4.02296e-06 3.17096e-06 2.47445e-06 1.90745e-06 1.44962e-06 1.23063e-06 1.04812e-06 8.95543e-07 7.6758e-07 6.59926e-07 5.6907e-07 4.92137e-07 4.26767e-07 3.71013e-07 3.2326e-07 2.82165e-07 2.46604e-07 2.15626e-07 1.91127e-07
0.00116328 3.86934e-05 3.08417e-05 2.46453e-05 1.97321e-05 1.58182e-05 1.26865e-05 1.017e-05 8.14011e-06 6.49731e-06 5.16432e-06 4.08093e-06 3.20017e-06 2.48526e-06 1.90745e-06 1.44427e-06 1.22168e-06 1.03686e-06 8.82895e-07 7.5423e-07 6.46364e-07 5.55647e-07 4.79105e-07 4.14309e-07 3.59263e-07 3.12322e-07 2.72123e-07 2.37531e-07 2.07596e-07 1.81519e-07 1.60936e-07
0.00104168 3.3388e-05 2.65075e-05 2.10861e-05 1.67954e-05 1.3385e-05 1.06632e-05 8.48282e-06 6.7305e-06 5.31858e-06 4.17912e-06 3.25929e-06 2.51797e-06 1.92307e-06 1.44962e-06 1.22168e-06 1.03313e-06 8.7664e-07 7.46333e-07 6.37475e-07 5.46243e-07 4.69536e-07 4.04831e-07 3.50065e-07 3.03548e-07 2.63884e-07 2.29921e-07 2.00696e-07 1.75406e-07 1.53373e-07 1.36013e-07
0.000933879 2.87787e-05 2.27494e-05 1.80067e-05 1.42607e-05 1.12905e-05 8.92684e-06 7.04e-06 5.53006e-06 4.31989e-06 3.34976e-06 2.57335e-06 1.95467e-06 1.4658e-06 1.23063e-06 1.03686e-06 8.7664e-07 7.4372e-07 6.33077e-07 5.40675e-07 4.63255e-07 3.98175e-07 3.43288e-07 2.96839e-07 2.57392e-07 2.2376e-07 1.94962e-07 1.70184e-07 1.48742e-07 1.30059e-07 1.15362e-07
0.000837926 2.47652e-05 1.94831e-05 1.53359e-05 1.20676e-05 9.4832e-06 7.43345e-06 5.80394e-06 4.50667e-06 3.47375e-06 2.65273e-06 2.00301e-06 1.49318e-06 1.24874e-06 1.04812e-06 8.82895e-07 7.46333e-07 6.33077e-07 5.38832e-07 4.60144e-07 3.94228e-07 3.38829e-07 2.92113e-07 2.52585e-07 2.19017e-07 1.904e-07 1.65898e-07 1.44816e-07 1.26572e-07 1.10675e-07 9.81859e-08
0.000752212 2.12628e-05 1.66379e-05 1.30142e-05 1.01658e-05 7.92061e-06 6.14696e-06 4.74401e-06 3.63425e-06 2.758e-06 2.06923e-06 1.5324e-06 1.27642e-06 1.06719e-06 8.95543e-07 7.5423e-07 6.37475e-07 5.40675e-07 4.60144e-07 3.9292e-07 3.36618e-07 2.89305e-07 2.49412e-07 2.1566e-07 1.86999e-07 1.62567e-07 1.41648e-07 1.2365e-07 1.08073e-07 9.44995e-08 8.38487e-08
0.000675385 1.82003e-05 1.41543e-05 1.09919e-05 8.5136e-06 6.56755e-06 5.0377e-06 3.83515e-06 2.8917e-06 2.15489e-06 1.58436e-06 1.3143e-06 1.09447e-06 9.14863e-07 7.6758e-07 6.46364e-07 5.46243e-07 4.63255e-07 3.94228e-07 3.36618e-07 2.88373e-07 2.47835e-07 2.13658e-07 1.84744e-07 1.60192e-07 1.39263e-07 1.21344e-07 1.05926e-07 9.25823e-08 8.09542e-08 7.18387e-08
0.000606305 1.55172e-05 1.19823e-05 9.22725e-06 7.07613e-06 5.39492e-06 4.08131e-06 3.057e-06 2.262e-06 1.65026e-06 1.36325e-06 1.13059e-06 9.41278e-07 7.86668e-07 6.59926e-07 5.55647e-07 4.69536e-07 3.98175e-07 3.38829e-07 2.89305e-07 2.47835e-07 2.12993e-07 1.8362e-07 1.5877e-07 1.3767e-07 1.19683e-07 1.04283e-07 9.10329e-08 7.95653e-08 6.95715e-08 6.17429e-08
0.000543999 1.31622e-05 1.00795e-05 7.6853e-06 5.82443e-06 4.37867e-06 3.25786e-06 2.39307e-06 1.73159e-06 1.42435e-06 1.17633e-06 9.75356e-07 8.11896e-07 6.7844e-07 5.6907e-07 4.79105e-07 4.04831e-07 3.43288e-07 2.92113e-07 2.49412e-07 2.13658e-07 1.8362e-07 1.58296e-07 1.36873e-07 1.18682e-07 1.03175e-07 8.98992e-08 7.84756e-08 6.85889e-08 5.99728e-08 5.3227e-08
0.000487635 1.10917e-05 8.41021e-06 6.33676e-06 4.73442e-06 3.49902e-06 2.55113e-06 1.83016e-06 1.49894e-06 1.23267e-06 1.01781e-06 8.4378e-07 7.02272e-07 5.8677e-07 4.92137e-07 4.14309e-07 3.50065e-07 2.96839e-07 2.52585e-07 2.1566e-07 1.84744e-07 1.5877e-07 1.36873e-07 1.18348e-07 1.02618e-07 8.92092e-08 7.77287e-08 6.78502e-08 5.93007e-08 5.18499e-08 4.60186e-08
0.000436495 9.26888e-06 6.94442e-06 5.1571e-06 3.78616e-06 2.7398e-06 1.94814e-06 1.58863e-06 1.30081e-06 1.06952e-06 8.82953e-07 7.31879e-07 6.09073e-07 5.08859e-07 4.26767e-07 3.59263e-07 3.03548e-07 2.57392e-07 2.19017e-07 1.86999e-07 1.60192e-07 1.3767e-07 1.18682e-07 1.02618e-07 8.89777e-08 7.73495e-08 6.73933e-08 5.88265e-08 5.14123e-08 4.49509e-08 3.98949e-08
0.000389957 7.66225e-06 5.65681e-06 4.12598e-06 2.96332e-06 2.08802e-06 1.69527e-06 1.38211e-06 1.13149e-06 9.3016e-07 7.67803e-07 6.36367e-07 5.29547e-07 4.42395e-07 3.71013e-07 3.12322e-07 2.63884e-07 2.2376e-07 1.904e-07 1.62567e-07 1.39263e-07 1.19683e-07 1.03175e-07 8.92092e-08 7.73495e-08 6.72389e-08 5.8582e-08 5.11332e-08 4.46865e-08 3.90687e-08 3.46727e-08
0.000347474 6.24537e-06 4.52626e-06 3.22661e-06 2.25271e-06 1.82102e-06 1.47817e-06 1.20489e-06 9.86248e-07 8.10658e-07 6.69094e-07 5.54515e-07 4.61411e-07 3.85461e-07 3.2326e-07 2.72123e-07 2.29921e-07 1.94962e-07 1.65898e-07 1.41648e-07 1.21344e-07 1.04283e-07 8.98992e-08 7.77287e-08 6.73933e-08 5.8582e-08 5.10375e-08 4.45457e-08 3.89275e-08 3.40318e-08 3.02004e-08
0.00030857 4.99601e-06 3.53529e-06 2.44541e-06 1.96823e-06 1.59071e-06 1.29099e-06 1.05215e-06 8.61114e-07 7.07731e-07 5.84096e-07 4.84047e-07 4.02762e-07 3.3646e-07 2.82165e-07 2.37531e-07 2.00696e-07 1.70184e-07 1.44816e-07 1.2365e-07 1.05926e-07 9.10329e-08 7.84756e-08 6.78502e-08 5.88265e-08 5.11332e-08 4.45457e-08 3.88774e-08 3.39721e-08 2.96979e-08 2.63521e-08
0.00027282 3.8957e-06 2.66968e-06 2.13952e-06 1.72165e-06 1.39115e-06 1.12884e-06 9.19868e-07 7.52766e-07 6.18627e-07 5.10524e-07 4.23058e-07 3.52005e-07 2.94055e-07 2.46604e-07 2.07596e-07 1.75406e-07 1.48742e-07 1.26572e-07 1.08073e-07 9.25823e-08 7.95653e-08 6.85889e-08 5.93007e-08 5.14123e-08 4.46865e-08 3.89275e-08 3.39721e-08 2.96839e-08 2.59476e-08 2.30221e-08
0.000239847 2.9293e-06 2.33761e-06 1.87292e-06 1.50678e-06 1.21729e-06 9.87591e-07 8.0465e-07 6.58399e-07 5.41023e-07 4.46448e-07 3.6994e-07 3.07797e-07 2.5712e-07 2.15626e-07 1.81519e-07 1.53373e-07 1.30059e-07 1.10675e-07 9.44995e-08 8.09542e-08 6.95715e-08 5.99728e-08 5.18499e-08 4.49509e-08 3.90687e-08 3.40318e-08 2.96979e-08 2.59476e-08 2.26802e-08 2.01213e-08
0.000217456 2.58822e-06 2.06572e-06 1.65537e-06 1.33202e-06 1.07634e-06 8.73444e-07 7.11831e-07 5.82608e-07 4.78879e-07 3.95281e-07 3.27635e-07 2.72677e-07 2.27845e-07 1.91127e-07 1.60936e-07 1.36013e-07 1.15362e-07 9.81859e-08 8.38487e-08 7.18387e-08 6.17429e-08 5.3227e-08 4.60186e-08 3.98949e-08 3.46727e-08 3.02004e-08 2.63521e-08 2.30221e-08 2.01213e-08 1.78456e-08
