0.988131 0.00290562 0.0014701 0.000743803 0.000376329 0.000190405 9.63357e-05 4.87413e-05 2.46608e-05 1.24772e-05 6.31287e-06 3.19401e-06 1.61602e-06 8.17628e-07 4.13681e-07 2.09303e-07 1.05897e-07 5.35791e-08 2.71085e-08 1.37156e-08 6.93944e-09 3.51103e-09 1.77641e-09 8.98781e-10 4.5474e-10 2.30077e-10 1.16408e-10 5.8897e-11 2.97991e-11 1.50769e-11 7.6282e-12 3.85951e-12 1.95273e-12 9.87988e-13 4.99875e-13 2.52913e-13 1.27962e-13 6.47427e-14 3.27567e-14 1.65733e-14 8.38533e-15 4.24258e-15 2.14654e-15 1.08605e-15 5.49489e-16 2.78015e-16 1.40663e-16 7.11686e-17 3.60079e-17 1.82183e-17 9.2176e-18 4.66367e-18 2.35959e-18 1.19384e-18 6.04028e-19 3.05609e-19 1.54624e-19 7.82323e-20 3.95818e-20 2.00265e-20 1.01325e-20 5.12655e-21 2.59379e-21 1.31234e-21 6.6398e-22 3.35942e-22 1.69971e-22 8.59972e-23 4.35105e-23 2.20142e-23 1.11382e-23 5.63538e-24 2.85124e-24 1.44259e-24 7.29882e-25 3.69286e-25 1.86841e-25 9.45327e-26 4.7829e-26 2.41992e-26 1.22437e-26 6.19471e-27 3.13423e-27 1.58577e-27 8.02325e-28 4.05938e-28 2.05386e-28 1.03915e-28 5.25762e-29 2.66011e-29 1.34589e-29 6.80956e-30 3.44531e-30 1.74316e-30 8.81959e-31 4.46229e-31 2.25771e-31 1.14229e-31 5.77946e-32 2.92413e-32 1.47947e-32
0.00290562 2.58746e-05 1.31424e-05 6.67525e-06 3.39043e-06 1.72201e-06 8.74603e-07 4.442e-07 2.25601e-07 1.14577e-07 5.81897e-08 2.95522e-08 1.50081e-08 7.6218e-09 3.87064e-09 1.96563e-09 9.98194e-10 5.069e-10 2.57409e-10 1.30713e-10 6.63757e-11 3.37049e-11 1.71148e-11 8.69049e-12 4.41277e-12 2.24065e-12 1.1377e-12 5.7767e-13 2.93309e-13 1.48924e-13 7.56134e-14 3.83909e-14 1.94918e-14 9.89624e-15 5.02439e-15 2.55089e-15 1.29507e-15 6.57495e-16 3.33799e-16 1.69462e-16 8.60311e-17 4.3675e-17 2.2172e-17 1.12557e-17 5.71395e-18 2.90064e-18 1.47247e-18 7.47474e-19 3.79437e-19 1.9261e-19 9.77717e-20 4.96299e-20 2.51923e-20 1.27876e-20 6.49089e-21 3.2947e-21 1.67233e-21 8.48838e-22 4.30847e-22 2.18684e-22 1.10996e-22 5.63365e-23 2.85937e-23 1.45126e-23 7.36578e-24 3.7384e-24 1.89736e-24 9.6296e-25 4.88724e-25 2.48036e-25 1.25881e-25 6.38856e-26 3.24221e-26 1.64542e-26 8.35038e-27 4.23773e-27 2.15058e-27 1.09137e-27 5.53845e-28 2.8106e-28 1.42628e-28 7.23783e-29 3.67289e-29 1.86381e-29 9.45788e-30 4.79934e-30 2.43537e-30 1.23579e-30 6.27079e-31 3.18196e-31 1.6146e-31 8.19274e-32 4.15711e-32 2.10935e-32 1.0703e-32 5.43069e-33 2.75552e-33 1.39813e-33 7.09394e-34 3.59935e-34 1.82624e-34
0.0014701 1.31424e-05 6.67571e-06 3.39089e-06 1.72236e-06 8.7484e-07 4.44351e-07 2.25692e-07 1.14631e-07 5.8221e-08 2.957e-08 1.50182e-08 7.62741e-09 3.87374e-09 1.96733e-09 9.99124e-10 5.07405e-10 2.57682e-10 1.3086e-10 6.64546e-11 3.37471e-11 1.71373e-11 8.70248e-12 4.41914e-12 2.24402e-12 1.13949e-12 5.78612e-13 2.93805e-13 1.49185e-13 7.57509e-14 3.8463e-14 1.95296e-14 9.91606e-15 5.03476e-15 2.55631e-15 1.2979e-15 6.58972e-16 3.34569e-16 1.69863e-16 8.62399e-17 4.37837e-17 2.22285e-17 1.12851e-17 5.72919e-18 2.90855e-18 1.47658e-18 7.496e-19 3.80539e-19 1.93181e-19 9.8067e-20 4.97826e-20 2.52713e-20 1.28284e-20 6.51201e-21 3.30561e-21 1.67796e-21 8.51746e-22 4.32347e-22 2.19458e-22 1.11395e-22 5.65424e-23 2.86998e-23 1.45673e-23 7.39394e-24 3.75291e-24 1.90483e-24 9.66804e-25 4.90702e-25 2.49053e-25 1.26405e-25 6.41549e-26 3.25606e-26 1.65253e-26 8.38696e-27 4.25652e-27 2.16023e-27 1.09633e-27 5.56392e-28 2.82368e-28 1.433e-28 7.2723e-29 3.69058e-29 1.87289e-29 9.50446e-30 4.82323e-30 2.44763e-30 1.24208e-30 6.30301e-31 3.19848e-31 1.62307e-31 8.23616e-32 4.17936e-32 2.12075e-32 1.07614e-32 5.46062e-33 2.77084e-33 1.40598e-33 7.13414e-34 3.61994e-34 1.83678e-34 9.31988e-35
0.000743803 6.67525e-06 3.39089e-06 1.72248e-06 8.74958e-07 4.44441e-07 2.25753e-07 1.14669e-07 5.82445e-08 2.95839e-08 1.50262e-08 7.632e-09 3.87632e-09 1.96877e-09 9.99921e-10 5.07842e-10 2.57921e-10 1.3099e-10 6.65248e-11 3.37849e-11 1.71576e-11 8.71334e-12 4.42493e-12 2.2471e-12 1.14113e-12 5.7948e-13 2.94264e-13 1.49428e-13 7.58787e-14 3.85303e-14 1.9565e-14 9.93462e-15 5.04449e-15 2.56141e-15 1.30057e-15 6.60366e-16 3.35297e-16 1.70243e-16 8.6438e-17 4.38869e-17 2.22823e-17 1.1313e-17 5.74372e-18 2.9161e-18 1.4805e-18 7.51635e-19 3.81594e-19 1.93728e-19 9.83505e-20 4.99294e-20 2.53473e-20 1.28678e-20 6.53234e-21 3.31612e-21 1.6834e-21 8.54553e-22 4.33797e-22 2.20206e-22 1.11781e-22 5.67416e-23 2.88026e-23 1.46203e-23 7.42125e-24 3.76698e-24 1.91208e-24 9.70538e-25 4.92624e-25 2.50043e-25 1.26914e-25 6.44169e-26 3.26954e-26 1.65947e-26 8.42261e-27 4.27485e-27 2.16965e-27 1.10117e-27 5.58879e-28 2.83645e-28 1.43956e-28 7.30598e-29 3.70787e-29 1.88177e-29 9.55002e-30 4.84661e-30 2.45962e-30 1.24823e-30 6.33458e-31 3.21467e-31 1.63137e-31 8.27871e-32 4.20117e-32 2.13194e-32 1.08187e-32 5.48999e-33 2.78589e-33 1.41369e-33 7.17363e-34 3.64017e-34 1.84714e-34 9.37292e-35 4.75605e-35
0.000376329 3.39043e-06 1.72236e-06 8.74958e-07 4.44471e-07 2.25784e-07 1.14693e-07 5.82601e-08 2.95938e-08 1.50323e-08 7.63557e-09 3.87839e-09 1.96995e-09 1.00058e-09 5.08213e-10 2.58126e-10 1.31102e-10 6.65862e-11 3.38183e-11 1.71756e-11 8.72306e-12 4.43015e-12 2.24989e-12 1.14262e-12 5.80273e-13 2.94685e-13 1.49651e-13 7.59967e-14 3.85926e-14 1.95978e-14 9.95192e-15 5.05359e-15 2.56618e-15 1.30308e-15 6.61678e-16 3.35983e-16 1.70602e-16 8.66254e-17 4.39846e-17 2.23332e-17 1.13396e-17 5.75754e-18 2.92329e-18 1.48423e-18 7.53577e-19 3.82603e-19 1.94251e-19 9.8622e-20 5.00702e-20 2.54203e-20 1.29055e-20 6.55189e-21 3.32624e-21 1.68863e-21 8.57259e-22 4.35195e-22 2.20929e-22 1.12154e-22 5.69342e-23 2.8902e-23 1.46716e-23 7.4477e-24 3.78062e-24 1.9191e-24 9.7416e-25 4.9449e-25 2.51004e-25 1.27409e-25 6.46717e-26 3.28265e-26 1.66621e-26 8.45731e-27 4.29269e-27 2.17883e-27 1.10589e-27 5.61304e-28 2.84891e-28 1.44596e-28 7.33887e-29 3.72476e-29 1.89044e-29 9.59456e-30 4.86948e-30 2.47136e-30 1.25425e-30 6.36547e-31 3.23052e-31 1.6395e-31 8.32041e-32 4.22255e-32 2.1429e-32 1.08749e-32 5.51879e-33 2.80065e-33 1.42125e-33 7.2124e-34 3.66003e-34 1.85731e-34 9.42504e-35 4.78274e-35 2.42699e-35
0.000190405 1.72201e-06 8.7484e-07 4.44441e-07 2.25784e-07 1.147e-07 5.8268e-08 2.95998e-08 1.50363e-08 7.63812e-09 3.87994e-09 1.97087e-09 1.00112e-09 5.08516e-10 2.58297e-10 1.31198e-10 6.66389e-11 3.38472e-11 1.71914e-11 8.73163e-12 4.43479e-12 2.25239e-12 1.14396e-12 5.80991e-13 2.95068e-13 1.49855e-13 7.6105e-14 3.865e-14 1.96282e-14 9.96795e-15 5.06204e-15 2.57063e-15 1.30541e-15 6.62905e-16 3.36627e-16 1.70939e-16 8.68019e-17 4.40769e-17 2.23814e-17 1.13647e-17 5.77065e-18 2.93012e-18 1.48779e-18 7.55428e-19 3.83565e-19 1.94751e-19 9.88815e-20 5.02049e-20 2.54901e-20 1.29417e-20 6.57066e-21 3.33596e-21 1.69366e-21 8.59862e-22 4.36542e-22 2.21625e-22 1.12514e-22 5.71202e-23 2.8998e-23 1.47212e-23 7.47328e-24 3.79382e-24 1.92591e-24 9.77671e-25 4.963e-25 2.51937e-25 1.27889e-25 6.49191e-26 3.29539e-26 1.67277e-26 8.49107e-27 4.31006e-27 2.18777e-27 1.11049e-27 5.63667e-28 2.86106e-28 1.4522e-28 7.37097e-29 3.74125e-29 1.89891e-29 9.63806e-30 4.89182e-30 2.48283e-30 1.26014e-30 6.3957e-31 3.24603e-31 1.64745e-31 8.36123e-32 4.24349e-32 2.15364e-32 1.093e-32 5.54703e-33 2.81513e-33 1.42867e-33 7.25043e-34 3.67952e-34 1.8673e-34 9.4762e-35 4.80895e-35 2.44041e-35 1.23843e-35
9.63357e-05 8.74603e-07 4.44351e-07 2.25753e-07 1.14693e-07 5.8268e-08 2.96018e-08 1.50383e-08 7.63965e-09 3.88098e-09 1.97153e-09 1.00152e-09 5.08752e-10 2.58433e-10 1.31276e-10 6.66828e-11 3.38717e-11 1.7205e-11 8.73907e-12 4.43885e-12 2.2546e-12 1.14515e-12 5.81633e-13 2.95413e-13 1.50039e-13 7.62035e-14 3.87024e-14 1.9656e-14 9.98271e-15 5.06985e-15 2.57475e-15 1.30759e-15 6.6405e-16 3.37229e-16 1.71255e-16 8.69675e-17 4.41637e-17 2.24268e-17 1.13885e-17 5.78305e-18 2.93659e-18 1.49116e-18 7.57185e-19 3.8448e-19 1.95227e-19 9.9129e-20 5.03335e-20 2.55569e-20 1.29764e-20 6.58864e-21 3.34528e-21 1.69849e-21 8.62364e-22 4.37837e-22 2.22295e-22 1.12861e-22 5.72994e-23 2.90906e-23 1.4769e-23 7.498e-24 3.80658e-24 1.9325e-24 9.81069e-25 4.98053e-25 2.5284e-25 1.28355e-25 6.51592e-26 3.30776e-26 1.67914e-26 8.52387e-27 4.32695e-27 2.19646e-27 1.11496e-27 5.65968e-28 2.8729e-28 1.45829e-28 7.40225e-29 3.75733e-29 1.90718e-29 9.68052e-30 4.91363e-30 2.49403e-30 1.26589e-30 6.42524e-31 3.2612e-31 1.65524e-31 8.40118e-32 4.26399e-32 2.16416e-32 1.09839e-32 5.5747e-33 2.82932e-33 1.43595e-33 7.28773e-34 3.69864e-34 1.8771e-34 9.52642e-35 4.83469e-35 2.4536e-35 1.24519e-35 6.3192e-36
4.87413e-05 4.442e-07 2.25692e-07 1.14669e-07 5.82601e-08 2.95998e-08 1.50383e-08 7.64016e-09 3.8815e-09 1.97192e-09 1.00178e-09 5.08921e-10 2.58536e-10 1.31336e-10 6.67179e-11 3.38918e-11 1.72163e-11 8.74537e-12 4.44233e-12 2.25651e-12 1.14619e-12 5.822e-13 2.9572e-13 1.50205e-13 7.62922e-14 3.87499e-14 1.96814e-14 9.99619e-15 5.07701e-15 2.57855e-15 1.3096e-15 6.6511e-16 3.37788e-16 1.7155e-16 8.71223e-17 4.42449e-17 2.24694e-17 1.14108e-17 5.79473e-18 2.9427e-18 1.49435e-18 7.5885e-19 3.85348e-19 1.95679e-19 9.93645e-20 5.0456e-20 2.56206e-20 1.30095e-20 6.60583e-21 3.3542e-21 1.70312e-21 8.64763e-22 4.3908e-22 2.22939e-22 1.13194e-22 5.74719e-23 2.91798e-23 1.48151e-23 7.52184e-24 3.8189e-24 1.93886e-24 9.84354e-25 4.99748e-25 2.53715e-25 1.28806e-25 6.53919e-26 3.31975e-26 1.68532e-26 8.55572e-27 4.34335e-27 2.2049e-27 1.11931e-27 5.68206e-28 2.88441e-28 1.46421e-28 7.43272e-29 3.773e-29 1.91523e-29 9.72194e-30 4.93491e-30 2.50497e-30 1.27151e-30 6.45409e-31 3.27601e-31 1.66285e-31 8.44025e-32 4.28404e-32 2.17445e-32 1.10367e-32 5.60179e-33 2.84322e-33 1.44308e-33 7.32428e-34 3.71738e-34 1.88671e-34 9.57568e-35 4.85993e-35 2.46654e-35 1.25182e-35 6.35317e-36 3.22431e-36
2.46608e-05 2.25601e-07 1.14631e-07 5.82445e-08 2.95938e-08 1.50363e-08 7.63965e-09 3.8815e-09 1.97205e-09 1.00191e-09 5.09022e-10 2.58604e-10 1.3138e-10 6.67443e-11 3.39074e-11 1.72253e-11 8.75052e-12 4.44524e-12 2.25813e-12 1.14709e-12 5.82692e-13 2.95989e-13 1.50351e-13 7.63711e-14 3.87924e-14 1.97042e-14 1.00084e-14 5.08352e-15 2.58202e-15 1.31144e-15 6.66087e-16 3.38305e-16 1.71822e-16 8.72661e-17 4.43206e-17 2.25092e-17 1.14317e-17 5.8057e-18 2.94844e-18 1.49736e-18 7.60421e-19 3.86168e-19 1.96107e-19 9.95878e-20 5.05724e-20 2.56812e-20 1.3041e-20 6.62222e-21 3.36271e-21 1.70754e-21 8.67058e-22 4.40271e-22 2.23556e-22 1.13514e-22 5.76376e-23 2.92656e-23 1.48595e-23 7.54481e-24 3.83077e-24 1.945e-24 9.87525e-25 5.01386e-25 2.54561e-25 1.29243e-25 6.56171e-26 3.33137e-26 1.69131e-26 8.5866e-27 4.35927e-27 2.2131e-27 1.12353e-27 5.70381e-28 2.89561e-28 1.46998e-28 7.46238e-29 3.78826e-29 1.92308e-29 9.76229e-30 4.95566e-30 2.51563e-30 1.27699e-30 6.48226e-31 3.29048e-31 1.67028e-31 8.47842e-32 4.30364e-32 2.18451e-32 1.10884e-32 5.6283e-33 2.85682e-33 1.45006e-33 7.36008e-34 3.73574e-34 1.89613e-34 9.62397e-35 4.88469e-35 2.47923e-35 1.25832e-35 6.38651e-36 3.24139e-36 1.64511e-36
1.24772e-05 1.14577e-07 5.8221e-08 2.95839e-08 1.50323e-08 7.63812e-09 3.88098e-09 1.97192e-09 1.00191e-09 5.09056e-10 2.58638e-10 1.31406e-10 6.67619e-11 3.39185e-11 1.72321e-11 8.75453e-12 4.44756e-12 2.25946e-12 1.14784e-12 5.83109e-13 2.96219e-13 1.50477e-13 7.64401e-14 3.88299e-14 1.97245e-14 1.00193e-14 5.08939e-15 2.58516e-15 1.31311e-15 6.66979e-16 3.38779e-16 1.72073e-16 8.7399e-17 4.43908e-17 2.25462e-17 1.14512e-17 5.81594e-18 2.95382e-18 1.50018e-18 7.61899e-19 3.86942e-19 1.96512e-19 9.9799e-20 5.06826e-20 2.57387e-20 1.3071e-20 6.63781e-21 3.37083e-21 1.71176e-21 8.6925e-22 4.41409e-22 2.24147e-22 1.1382e-22 5.77965e-23 2.9348e-23 1.49022e-23 7.56689e-24 3.8422e-24 1.95091e-24 9.90582e-25 5.02966e-25 2.55377e-25 1.29664e-25 6.58348e-26 3.34261e-26 1.69711e-26 8.6165e-27 4.37469e-27 2.22105e-27 1.12763e-27 5.72492e-28 2.90648e-28 1.47558e-28 7.49121e-29 3.8031e-29 1.93072e-29 9.80158e-30 4.97587e-30 2.52603e-30 1.28234e-30 6.50973e-31 3.3046e-31 1.67753e-31 8.51569e-32 4.32279e-32 2.19434e-32 1.11388e-32 5.65421e-33 2.87012e-33 1.45688e-33 7.39512e-34 3.75372e-34 1.90535e-34 9.67127e-35 4.90895e-35 2.49167e-35 1.2647e-35 6.41921e-36 3.25815e-36 1.65371e-36 8.39346e-37
6.31287e-06 5.81897e-08 2.957e-08 1.50262e-08 7.63557e-09 3.87994e-09 1.97153e-09 1.00178e-09 5.09022e-10 2.58638e-10 1.31414e-10 6.67707e-11 3.39252e-11 1.72366e-11 8.7574e-12 4.4493e-12 2.26049e-12 1.14843e-12 5.8345e-13 2.96411e-13 1.50584e-13 7.64994e-14 3.88625e-14 1.97422e-14 1.0029e-14 5.09461e-15 2.58797e-15 1.31462e-15 6.67787e-16 3.3921e-16 1.72303e-16 8.75209e-17 4.44554e-17 2.25804e-17 1.14692e-17 5.82546e-18 2.95883e-18 1.50282e-18 7.63282e-19 3.87667e-19 1.96892e-19 9.9998e-20 5.07866e-20 2.5793e-20 1.30993e-20 6.6526e-21 3.37853e-21 1.71577e-21 8.71337e-22 4.42495e-22 2.24711e-22 1.14113e-22 5.79485e-23 2.94268e-23 1.49431e-23 7.58808e-24 3.85318e-24 1.95659e-24 9.93523e-25 5.04488e-25 2.56164e-25 1.30071e-25 6.60449e-26 3.35346e-26 1.70272e-26 8.64543e-27 4.38962e-27 2.22875e-27 1.1316e-27 5.74539e-28 2.91704e-28 1.48101e-28 7.51922e-29 3.81752e-29 1.93814e-29 9.8398e-30 4.99554e-30 2.53615e-30 1.28754e-30 6.5365e-31 3.31837e-31 1.68461e-31 8.55205e-32 4.34147e-32 2.20394e-32 1.11882e-32 5.67954e-33 2.88313e-33 1.46356e-33 7.4294e-34 3.77131e-34 1.91438e-34 9.71759e-35 4.93271e-35 2.50386e-35 1.27095e-35 6.45126e-36 3.27459e-36 1.66213e-36 8.43665e-37 4.28224e-37
3.19401e-06 2.95522e-08 1.50182e-08 7.632e-09 3.87839e-09 1.97087e-09 1.00152e-09 5.08921e-10 2.58604e-10 1.31406e-10 6.67707e-11 3.39274e-11 1.72389e-11 8.75912e-12 4.45046e-12 2.26122e-12 1.14888e-12 5.83715e-13 2.96565e-13 1.50672e-13 7.65487e-14 3.889e-14 1.97575e-14 1.00373e-14 5.09918e-15 2.59045e-15 1.31597e-15 6.6851e-16 3.39598e-16 1.72511e-16 8.76318e-17 4.45145e-17 2.26118e-17 1.14858e-17 5.83425e-18 2.96348e-18 1.50526e-18 7.64572e-19 3.88345e-19 1.97248e-19 1.00185e-19 5.08844e-20 2.58442e-20 1.31261e-20 6.66658e-21 3.38583e-21 1.71958e-21 8.7332e-22 4.43527e-22 2.25248e-22 1.14393e-22 5.80937e-23 2.95022e-23 1.49822e-23 7.60838e-24 3.8637e-24 1.96205e-24 9.96349e-25 5.05951e-25 2.56921e-25 1.30463e-25 6.62475e-26 3.36393e-26 1.70813e-26 8.67338e-27 4.40405e-27 2.2362e-27 1.13544e-27 5.76522e-28 2.92726e-28 1.48629e-28 7.54638e-29 3.83152e-29 1.94536e-29 9.87694e-30 5.01466e-30 2.54599e-30 1.29261e-30 6.56256e-31 3.33177e-31 1.6915e-31 8.5875e-32 4.3597e-32 2.21331e-32 1.12363e-32 5.70427e-33 2.89583e-33 1.47009e-33 7.4629e-34 3.78851e-34 1.92321e-34 9.76291e-35 4.95597e-35 2.51579e-35 1.27707e-35 6.48267e-36 3.2907e-36 1.67039e-36 8.479e-37 4.30395e-37 2.18467e-37
1.61602e-06 1.50081e-08 7.62741e-09 3.87632e-09 1.96995e-09 1.00112e-09 5.08752e-10 2.58536e-10 1.3138e-10 6.67619e-11 3.39252e-11 1.72389e-11 8.75969e-12 4.45104e-12 2.26167e-12 1.14918e-12 5.83904e-13 2.9668e-13 1.5074e-13 7.65883e-14 3.89125e-14 1.97702e-14 1.00444e-14 5.1031e-15 2.5926e-15 1.31714e-15 6.69148e-16 3.39943e-16 1.72697e-16 8.77316e-17 4.45679e-17 2.26403e-17 1.1501e-17 5.84232e-18 2.96775e-18 1.50753e-18 7.65767e-19 3.88975e-19 1.9758e-19 1.00359e-19 5.0976e-20 2.58922e-20 1.31513e-20 6.67975e-21 3.39272e-21 1.72318e-21 8.75199e-22 4.44506e-22 2.25759e-22 1.14658e-22 5.8232e-23 2.95742e-23 1.50196e-23 7.62779e-24 3.87378e-24 1.96728e-24 9.99059e-25 5.07355e-25 2.57649e-25 1.3084e-25 6.64424e-26 3.37402e-26 1.71334e-26 8.70034e-27 4.41798e-27 2.2434e-27 1.13916e-27 5.7844e-28 2.93716e-28 1.49139e-28 7.57271e-29 3.84509e-29 1.95235e-29 9.91299e-30 5.03323e-30 2.55555e-30 1.29753e-30 6.58791e-31 3.34482e-31 1.69822e-31 8.62203e-32 4.37745e-32 2.22244e-32 1.12832e-32 5.7284e-33 2.90823e-33 1.47646e-33 7.49563e-34 3.80532e-34 1.93184e-34 9.80723e-35 4.97872e-35 2.52747e-35 1.28307e-35 6.51342e-36 3.30647e-36 1.67848e-36 8.5205e-37 4.32523e-37 2.19559e-37 1.11452e-37
8.17628e-07 7.6218e-09 3.87374e-09 1.96877e-09 1.00058e-09 5.08516e-10 2.58433e-10 1.31336e-10 6.67443e-11 3.39185e-11 1.72366e-11 8.75912e-12 4.45104e-12 2.26181e-12 1.14933e-12 5.84018e-13 2.96757e-13 1.50789e-13 7.66179e-14 3.89301e-14 1.97803e-14 1.00502e-14 5.10636e-15 2.59443e-15 1.31815e-15 6.69702e-16 3.40245e-16 1.72861e-16 8.78205e-17 4.46158e-17 2.2666e-17 1.15148e-17 5.84966e-18 2.97166e-18 1.5096e-18 7.66867e-19 3.89558e-19 1.97887e-19 1.00521e-19 5.10614e-20 2.59371e-20 1.31748e-20 6.69212e-21 3.3992e-21 1.72657e-21 8.76971e-22 4.45433e-22 2.26242e-22 1.1491e-22 5.83633e-23 2.96425e-23 1.50552e-23 7.6463e-24 3.88339e-24 1.97227e-24 1.00165e-24 5.087e-25 2.58346e-25 1.31201e-25 6.66297e-26 3.38371e-26 1.71836e-26 8.7263e-27 4.43141e-27 2.25034e-27 1.14275e-27 5.80293e-28 2.94672e-28 1.49633e-28 7.5982e-29 3.85824e-29 1.95913e-29 9.94795e-30 5.05125e-30 2.56484e-30 1.30232e-30 6.61254e-31 3.3575e-31 1.70475e-31 8.65563e-32 4.39474e-32 2.23133e-32 1.1329e-32 5.75192e-33 2.92032e-33 1.48267e-33 7.52757e-34 3.82173e-34 1.94027e-34 9.85053e-35 5.00096e-35 2.53888e-35 1.28893e-35 6.5435e-36 3.32191e-36 1.68641e-36 8.56115e-37 4.34609e-37 2.20628e-37 1.12e-37 5.68557e-38
4.13681e-07 3.87064e-09 1.96733e-09 9.99921e-10 5.08213e-10 2.58297e-10 1.31276e-10 6.67179e-11 3.39074e-11 1.72321e-11 8.7574e-12 4.45046e-12 2.26167e-12 1.14933e-12 5.84056e-13 2.96795e-13 1.50818e-13 7.66377e-14 3.89426e-14 1.9788e-14 1.00547e-14 5.10898e-15 2.59592e-15 1.31899e-15 6.7017e-16 3.40505e-16 1.73003e-16 8.78982e-17 4.4658e-17 2.26889e-17 1.15271e-17 5.85627e-18 2.9752e-18 1.51149e-18 7.67872e-19 3.90092e-19 1.9817e-19 1.00671e-19 5.11405e-20 2.59788e-20 1.31968e-20 6.70367e-21 3.40526e-21 1.72975e-21 8.78638e-22 4.46305e-22 2.26698e-22 1.15149e-22 5.84877e-23 2.97074e-23 1.5089e-23 7.6639e-24 3.89256e-24 1.97704e-24 1.00413e-24 5.09986e-25 2.59014e-25 1.31547e-25 6.68093e-26 3.39302e-26 1.72318e-26 8.75127e-27 4.44433e-27 2.25702e-27 1.1462e-27 5.8208e-28 2.95596e-28 1.5011e-28 7.62284e-29 3.87096e-29 1.96569e-29 9.9818e-30 5.06871e-30 2.57384e-30 1.30696e-30 6.63645e-31 3.36982e-31 1.71109e-31 8.6883e-32 4.41156e-32 2.23999e-32 1.13735e-32 5.77483e-33 2.93211e-33 1.48873e-33 7.55872e-34 3.83775e-34 1.9485e-34 9.89281e-35 5.02268e-35 2.55004e-35 1.29466e-35 6.57292e-36 3.33702e-36 1.69416e-36 8.60094e-37 4.3665e-37 2.21676e-37 1.12538e-37 5.71313e-38 2.90033e-38
2.09303e-07 1.96563e-09 9.99124e-10 5.07842e-10 2.58126e-10 1.31198e-10 6.66828e-11 3.38918e-11 1.72253e-11 8.75453e-12 4.4493e-12 2.26122e-12 1.14918e-12 5.84018e-13 2.96795e-13 1.50828e-13 7.66475e-14 3.89501e-14 1.9793e-14 1.0058e-14 5.11094e-15 2.59708e-15 1.31966e-15 6.70554e-16 3.40721e-16 1.73124e-16 8.79649e-17 4.46946e-17 2.27089e-17 1.1538e-17 5.86215e-18 2.97837e-18 1.51319e-18 7.68782e-19 3.90577e-19 1.98429e-19 1.00808e-19 5.12133e-20 2.60174e-20 1.32172e-20 6.7144e-21 3.41091e-21 1.73272e-21 8.80199e-22 4.47124e-22 2.27127e-22 1.15373e-22 5.86051e-23 2.97688e-23 1.5121e-23 7.6806e-24 3.90126e-24 1.98157e-24 1.00649e-24 5.11213e-25 2.59651e-25 1.31878e-25 6.69812e-26 3.40194e-26 1.72781e-26 8.77523e-27 4.45674e-27 2.26345e-27 1.14953e-27 5.83801e-28 2.96486e-28 1.5057e-28 7.64662e-29 3.88324e-29 1.97204e-29 1.00146e-29 5.08561e-30 2.58256e-30 1.31145e-30 6.65964e-31 3.38177e-31 1.71725e-31 8.72003e-32 4.4279e-32 2.2484e-32 1.14168e-32 5.79712e-33 2.94358e-33 1.49463e-33 7.58907e-34 3.85335e-34 1.95652e-34 9.93407e-35 5.04388e-35 2.56093e-35 1.30025e-35 6.60167e-36 3.35178e-36 1.70174e-36 8.63985e-37 4.38648e-37 2.22701e-37 1.13064e-37 5.74012e-38 2.91417e-38 1.47947e-38
1.05897e-07 9.98194e-10 5.07405e-10 2.57921e-10 1.31102e-10 6.66389e-11 3.38717e-11 1.72163e-11 8.75052e-12 4.44756e-12 2.26049e-12 1.14888e-12 5.83904e-13 2.96757e-13 1.50818e-13 7.66475e-14 3.89526e-14 1.97956e-14 1.00599e-14 5.11224e-15 2.59791e-15 1.32017e-15 6.70852e-16 3.40894e-16 1.73223e-16 8.80205e-17 4.47256e-17 2.2726e-17 1.15474e-17 5.86729e-18 2.98116e-18 1.5147e-18 7.69597e-19 3.91015e-19 1.98663e-19 1.00933e-19 5.12799e-20 2.60527e-20 1.32359e-20 6.72432e-21 3.41615e-21 1.73548e-21 8.81654e-22 4.47889e-22 2.27529e-22 1.15584e-22 5.87156e-23 2.98266e-23 1.51512e-23 7.69639e-24 3.9095e-24 1.98587e-24 1.00873e-24 5.12379e-25 2.60258e-25 1.32194e-25 6.71452e-26 3.41046e-26 1.73223e-26 8.79819e-27 4.46864e-27 2.26962e-27 1.15273e-27 5.85456e-28 2.97343e-28 1.51013e-28 7.66954e-29 3.89509e-29 1.97816e-29 1.00462e-29 5.10195e-30 2.59099e-30 1.31581e-30 6.68209e-31 3.39335e-31 1.72322e-31 8.75081e-32 4.44377e-32 2.25657e-32 1.14589e-32 5.8188e-33 2.95474e-33 1.50038e-33 7.61863e-34 3.86856e-34 1.96434e-34 9.97428e-35 5.06456e-35 2.57156e-35 1.30572e-35 6.62974e-36 3.3662e-36 1.70915e-36 8.67789e-37 4.40601e-37 2.23704e-37 1.13579e-37 5.76654e-38 2.92773e-38 1.48642e-38 7.54659e-39
5.35791e-08 5.069e-10 2.57682e-10 1.3099e-10 6.65862e-11 3.38472e-11 1.7205e-11 8.74537e-12 4.44524e-12 2.25946e-12 1.14843e-12 5.83715e-13 2.9668e-13 1.50789e-13 7.66377e-14 3.89501e-14 1.97956e-14 1.00605e-14 5.1129e-15 2.5984e-15 1.3205e-15 6.71065e-16 3.41023e-16 1.73299e-16 8.8065e-17 4.4751e-17 2.27403e-17 1.15554e-17 5.8717e-18 2.98359e-18 1.51603e-18 7.70316e-19 3.91404e-19 1.98873e-19 1.01046e-19 5.13401e-20 2.60849e-20 1.3253e-20 6.73342e-21 3.42098e-21 1.73804e-21 8.83002e-22 4.486e-22 2.27903e-22 1.15781e-22 5.8819e-23 2.98808e-23 1.51797e-23 7.71127e-24 3.91728e-24 1.98993e-24 1.01085e-24 5.13486e-25 2.60835e-25 1.32494e-25 6.73015e-26 3.41859e-26 1.73645e-26 8.82013e-27 4.48004e-27 2.27553e-27 1.15579e-27 5.87045e-28 2.98166e-28 1.5144e-28 7.6916e-29 3.90651e-29 1.98407e-29 1.00767e-29 5.11772e-30 2.59914e-30 1.32001e-30 6.70382e-31 3.40456e-31 1.729e-31 8.78064e-32 4.45915e-32 2.2645e-32 1.14998e-32 5.83985e-33 2.96558e-33 1.50596e-33 7.64737e-34 3.88335e-34 1.97196e-34 1.00134e-34 5.0847e-35 2.58192e-35 1.31104e-35 6.65712e-36 3.38027e-36 1.71638e-36 8.71505e-37 4.4251e-37 2.24684e-37 1.14082e-37 5.79239e-38 2.941e-38 1.49323e-38 7.58153e-39 3.8493e-39
2.71085e-08 2.57409e-10 1.3086e-10 6.65248e-11 3.38183e-11 1.71914e-11 8.73907e-12 4.44233e-12 2.25813e-12 1.14784e-12 5.8345e-13 2.96565e-13 1.5074e-13 7.66179e-14 3.89426e-14 1.9793e-14 1.00599e-14 5.1129e-15 2.59857e-15 1.32067e-15 6.71193e-16 3.4111e-16 1.73354e-16 8.80983e-17 4.47708e-17 2.27518e-17 1.15619e-17 5.87538e-18 2.98564e-18 1.51716e-18 7.7094e-19 3.91745e-19 1.99058e-19 1.01146e-19 5.13941e-20 2.61139e-20 1.32685e-20 6.74169e-21 3.42538e-21 1.74038e-21 8.84243e-22 4.49257e-22 2.2825e-22 1.15964e-22 5.89153e-23 2.99315e-23 1.52063e-23 7.72523e-24 3.92459e-24 1.99376e-24 1.01285e-24 5.14532e-25 2.61381e-25 1.32779e-25 6.745e-26 3.42632e-26 1.74048e-26 8.84105e-27 4.49091e-27 2.28118e-27 1.15872e-27 5.88566e-28 2.98955e-28 1.51849e-28 7.71279e-29 3.91748e-29 1.98975e-29 1.01061e-29 5.13292e-30 2.607e-30 1.32407e-30 6.7248e-31 3.4154e-31 1.7346e-31 8.80951e-32 4.47404e-32 2.27219e-32 1.15394e-32 5.86027e-33 2.97611e-33 1.51138e-33 7.6753e-34 3.89774e-34 1.97936e-34 1.00516e-34 5.10432e-35 2.59201e-35 1.31623e-35 6.68381e-36 3.394e-36 1.72343e-36 8.75131e-37 4.44373e-37 2.25641e-37 1.14574e-37 5.81765e-38 2.95397e-38 1.49989e-38 7.61571e-39 3.86685e-39 1.96336e-39
1.37156e-08 1.30713e-10 6.64546e-11 3.37849e-11 1.71756e-11 8.73163e-12 4.43885e-12 2.25651e-12 1.14709e-12 5.83109e-13 2.96411e-13 1.50672e-13 7.65883e-14 3.89301e-14 1.9788e-14 1.0058e-14 5.11224e-15 2.5984e-15 1.32067e-15 6.71236e-16 3.41153e-16 1.73387e-16 8.81206e-17 4.47849e-17 2.27603e-17 1.1567e-17 5.87833e-18 2.98732e-18 1.51811e-18 7.71468e-19 3.92037e-19 1.99218e-19 1.01234e-19 5.14417e-20 2.61396e-20 1.32824e-20 6.74915e-21 3.42937e-21 1.74251e-21 8.85377e-22 4.49859e-22 2.2857e-22 1.16133e-22 5.90046e-23 2.99786e-23 1.52311e-23 7.73827e-24 3.93144e-24 1.99735e-24 1.01473e-24 5.15518e-25 2.61896e-25 1.33049e-25 6.75905e-26 3.43365e-26 1.7443e-26 8.86096e-27 4.50127e-27 2.28657e-27 1.16152e-27 5.90021e-28 2.9971e-28 1.52241e-28 7.73311e-29 3.92802e-29 1.9952e-29 1.01344e-29 5.14755e-30 2.61457e-30 1.32799e-30 6.74504e-31 3.42586e-31 1.74e-31 8.83742e-32 4.48845e-32 2.27962e-32 1.15778e-32 5.88007e-33 2.98631e-33 1.51664e-33 7.70242e-34 3.91171e-34 1.98656e-34 1.00886e-34 5.1234e-35 2.60183e-35 1.32129e-35 6.70981e-36 3.40737e-36 1.73031e-36 8.78668e-37 4.46191e-37 2.26576e-37 1.15054e-37 5.84232e-38 2.96664e-38 1.5064e-38 7.64914e-39 3.88401e-39 1.97217e-39 1.00139e-39
6.93944e-09 6.63757e-11 3.37471e-11 1.71576e-11 8.72306e-12 4.43479e-12 2.2546e-12 1.14619e-12 5.82692e-13 2.96219e-13 1.50584e-13 7.65487e-14 3.89125e-14 1.97803e-14 1.00547e-14 5.11094e-15 2.59791e-15 1.3205e-15 6.71193e-16 3.41153e-16 1.73398e-16 8.81317e-17 4.47933e-17 2.27661e-17 1.15706e-17 5.88053e-18 2.98863e-18 1.51887e-18 7.719e-19 3.9228e-19 1.99354e-19 1.01309e-19 5.1483e-20 2.61622e-20 1.32947e-20 6.75578e-21 3.43294e-21 1.74443e-21 8.86404e-22 4.50407e-22 2.28862e-22 1.16288e-22 5.90868e-23 3.00221e-23 1.5254e-23 7.75039e-24 3.93783e-24 2.00071e-24 1.0165e-24 5.16443e-25 2.62381e-25 1.33302e-25 6.77232e-26 3.44058e-26 1.74792e-26 8.87983e-27 4.51111e-27 2.29169e-27 1.16419e-27 5.91408e-28 3.00431e-28 1.52615e-28 7.75256e-29 3.9381e-29 2.00044e-29 1.01615e-29 5.1616e-30 2.62185e-30 1.33176e-30 6.76453e-31 3.43594e-31 1.74522e-31 8.86437e-32 4.50237e-32 2.28681e-32 1.16149e-32 5.89922e-33 2.9962e-33 1.52174e-33 7.72871e-34 3.92526e-34 1.99354e-34 1.01246e-34 5.14193e-35 2.61138e-35 1.3262e-35 6.73511e-36 3.42039e-36 1.73701e-36 8.82114e-37 4.47963e-37 2.27487e-37 1.15522e-37 5.8664e-38 2.97902e-38 1.51276e-38 7.6818e-39 3.90079e-39 1.98078e-39 1.00582e-39 5.10734e-40
3.51103e-09 3.37049e-11 1.71373e-11 8.71334e-12 4.43015e-12 2.25239e-12 1.14515e-12 5.822e-13 2.95989e-13 1.50477e-13 7.64994e-14 3.889e-14 1.97702e-14 1.00502e-14 5.10898e-15 2.59708e-15 1.32017e-15 6.71065e-16 3.4111e-16 1.73387e-16 8.81317e-17 4.47962e-17 2.27689e-17 1.15728e-17 5.88201e-18 2.98956e-18 1.51943e-18 7.72236e-19 3.92475e-19 1.99465e-19 1.01372e-19 5.1518e-20 2.61815e-20 1.33053e-20 6.76158e-21 3.4361e-21 1.74613e-21 8.87324e-22 4.50901e-22 2.29126e-22 1.16429e-22 5.91619e-23 3.0062e-23 1.52752e-23 7.76159e-24 3.94374e-24 2.00383e-24 1.01814e-24 5.17307e-25 2.62835e-25 1.33541e-25 6.7848e-26 3.44712e-26 1.75133e-26 8.89768e-27 4.52043e-27 2.29655e-27 1.16672e-27 5.92727e-28 3.01118e-28 1.52972e-28 7.77112e-29 3.94775e-29 2.00544e-29 1.01875e-29 5.17508e-30 2.62883e-30 1.33538e-30 6.78328e-31 3.44565e-31 1.75024e-31 8.89033e-32 4.5158e-32 2.29375e-32 1.16507e-32 5.91774e-33 3.00576e-33 1.52668e-33 7.75417e-34 3.93839e-34 2.00032e-34 1.01595e-34 5.15993e-35 2.62065e-35 1.33098e-35 6.75971e-36 3.43306e-36 1.74353e-36 8.85469e-37 4.4969e-37 2.28375e-37 1.15979e-37 5.88988e-38 2.99109e-38 1.51896e-38 7.71369e-39 3.91717e-39 1.9892e-39 1.01014e-39 5.12955e-40 2.60479e-40
1.77641e-09 1.71148e-11 8.70248e-12 4.42493e-12 2.24989e-12 1.14396e-12 5.81633e-13 2.9572e-13 1.50351e-13 7.64401e-14 3.88625e-14 1.97575e-14 1.00444e-14 5.10636e-15 2.59592e-15 1.31966e-15 6.70852e-16 3.41023e-16 1.73354e-16 8.81206e-17 4.47933e-17 2.27689e-17 1.15735e-17 5.88274e-18 2.99012e-18 1.51981e-18 7.72477e-19 3.92621e-19 1.99552e-19 1.01422e-19 5.15466e-20 2.61976e-20 1.33143e-20 6.76656e-21 3.43883e-21 1.74762e-21 8.88135e-22 4.5134e-22 2.29362e-22 1.16556e-22 5.923e-23 3.00983e-23 1.52945e-23 7.77186e-24 3.94919e-24 2.00671e-24 1.01966e-24 5.1811e-25 2.63258e-25 1.33763e-25 6.79649e-26 3.45325e-26 1.75455e-26 8.9145e-27 4.52922e-27 2.30115e-27 1.16912e-27 5.93979e-28 3.0177e-28 1.53312e-28 7.7888e-29 3.95695e-29 2.01022e-29 1.02123e-29 5.18797e-30 2.63552e-30 1.33885e-30 6.80127e-31 3.45497e-31 1.75506e-31 8.91532e-32 4.52873e-32 2.30044e-32 1.16853e-32 5.93562e-33 3.01499e-33 1.53145e-33 7.7788e-34 3.95111e-34 2.00688e-34 1.01934e-34 5.17738e-35 2.62965e-35 1.33562e-35 6.7836e-36 3.44536e-36 1.74987e-36 8.88732e-37 4.51369e-37 2.29239e-37 1.16424e-37 5.91276e-38 3.00286e-38 1.52502e-38 7.7448e-39 3.93316e-39 1.99742e-39 1.01436e-39 5.15124e-40 2.61594e-40 1.32843e-40
8.98781e-10 8.69049e-12 4.41914e-12 2.2471e-12 1.14262e-12 5.80991e-13 2.95413e-13 1.50205e-13 7.63711e-14 3.88299e-14 1.97422e-14 1.00373e-14 5.1031e-15 2.59443e-15 1.31899e-15 6.70554e-16 3.40894e-16 1.73299e-16 8.80983e-17 4.47849e-17 2.27661e-17 1.15728e-17 5.88274e-18 2.99031e-18 1.52e-18 7.72621e-19 3.92719e-19 1.99614e-19 1.01459e-19 5.15688e-20 2.62105e-20 1.33217e-20 6.77071e-21 3.44115e-21 1.74891e-21 8.88839e-22 4.51724e-22 2.29571e-22 1.16669e-22 5.92908e-23 3.0131e-23 1.5312e-23 7.78121e-24 3.95417e-24 2.00936e-24 1.02106e-24 5.18852e-25 2.6365e-25 1.3397e-25 6.80738e-26 3.45897e-26 1.75756e-26 8.93029e-27 4.53749e-27 2.30548e-27 1.17139e-27 5.95162e-28 3.02388e-28 1.53634e-28 7.8056e-29 3.9657e-29 2.01478e-29 1.0236e-29 5.20028e-30 2.64192e-30 1.34217e-30 6.8185e-31 3.4639e-31 1.7597e-31 8.93933e-32 4.54117e-32 2.30688e-32 1.17186e-32 5.95285e-33 3.0239e-33 1.53605e-33 7.80259e-34 3.96339e-34 2.01322e-34 1.02261e-34 5.19428e-35 2.63837e-35 1.34011e-35 6.80678e-36 3.45731e-36 1.75602e-36 8.91903e-37 4.53002e-37 2.3008e-37 1.16857e-37 5.93504e-38 3.01432e-38 1.53091e-38 7.77513e-39 3.94876e-39 2.00544e-39 1.01848e-39 5.17242e-40 2.62682e-40 1.33402e-40 6.77471e-41
4.5474e-10 4.41277e-12 2.24402e-12 1.14113e-12 5.80273e-13 2.95068e-13 1.50039e-13 7.62922e-14 3.87924e-14 1.97245e-14 1.0029e-14 5.09918e-15 2.5926e-15 1.31815e-15 6.7017e-16 3.40721e-16 1.73223e-16 8.8065e-17 4.47708e-17 2.27603e-17 1.15706e-17 5.88201e-18 2.99012e-18 1.52e-18 7.72669e-19 3.92767e-19 1.99651e-19 1.01484e-19 5.15847e-20 2.62202e-20 1.33274e-20 6.77402e-21 3.44304e-21 1.74997e-21 8.89434e-22 4.52054e-22 2.29752e-22 1.16768e-22 5.93446e-23 3.01601e-23 1.53277e-23 7.78963e-24 3.95867e-24 2.01176e-24 1.02235e-24 5.19533e-25 2.64011e-25 1.34161e-25 6.81747e-26 3.4643e-26 1.76036e-26 8.94503e-27 4.54524e-27 2.30954e-27 1.17352e-27 5.96277e-28 3.02971e-28 1.53939e-28 7.82151e-29 3.97399e-29 2.0191e-29 1.02585e-29 5.21201e-30 2.64802e-30 1.34534e-30 6.83497e-31 3.47246e-31 1.76414e-31 8.96235e-32 4.5531e-32 2.31306e-32 1.17507e-32 5.96943e-33 3.03248e-33 1.54049e-33 7.82554e-34 3.97526e-34 2.01935e-34 1.02578e-34 5.21062e-35 2.6468e-35 1.34446e-35 6.82924e-36 3.46889e-36 1.76199e-36 8.94981e-37 4.54588e-37 2.30897e-37 1.17277e-37 5.95671e-38 3.02547e-38 1.53665e-38 7.80467e-39 3.96396e-39 2.01325e-39 1.0225e-39 5.19309e-40 2.63744e-40 1.33948e-40 6.80276e-41 3.45486e-41
2.30077e-10 2.24065e-12 1.13949e-12 5.7948e-13 2.94685e-13 1.49855e-13 7.62035e-14 3.87499e-14 1.97042e-14 1.00193e-14 5.09461e-15 2.59045e-15 1.31714e-15 6.69702e-16 3.40505e-16 1.73124e-16 8.80205e-17 4.4751e-17 2.27518e-17 1.1567e-17 5.88053e-18 2.98956e-18 1.51981e-18 7.72621e-19 3.92767e-19 1.99663e-19 1.01497e-19 5.15943e-20 2.62267e-20 1.33315e-20 6.77652e-21 3.44452e-21 1.75083e-21 8.89922e-22 4.52329e-22 2.29906e-22 1.16853e-22 5.93912e-23 3.01855e-23 1.53416e-23 7.79711e-24 3.96271e-24 2.01393e-24 1.02351e-24 5.20152e-25 2.64341e-25 1.34336e-25 6.82676e-26 3.46921e-26 1.76296e-26 8.95873e-27 4.55246e-27 2.31334e-27 1.17551e-27 5.97323e-28 3.03519e-28 1.54226e-28 7.83652e-29 3.98184e-29 2.0232e-29 1.02799e-29 5.22315e-30 2.65382e-30 1.34836e-30 6.85068e-31 3.48062e-31 1.76838e-31 8.98438e-32 4.56453e-32 2.31899e-32 1.17814e-32 5.98535e-33 3.04073e-33 1.54476e-33 7.84764e-34 3.98669e-34 2.02526e-34 1.02883e-34 5.22641e-35 2.65496e-35 1.34868e-35 6.85097e-36 3.48011e-36 1.76778e-36 8.97965e-37 4.56127e-37 2.3169e-37 1.17686e-37 5.97776e-38 3.03632e-38 1.54224e-38 7.83341e-39 3.97875e-39 2.02087e-39 1.02642e-39 5.21323e-40 2.6478e-40 1.34481e-40 6.83014e-41 3.46893e-41 1.7618e-41
1.16408e-10 1.1377e-12 5.78612e-13 2.94264e-13 1.49651e-13 7.6105e-14 3.87024e-14 1.96814e-14 1.00084e-14 5.08939e-15 2.58797e-15 1.31597e-15 6.69148e-16 3.40245e-16 1.73003e-16 8.79649e-17 4.47256e-17 2.27403e-17 1.15619e-17 5.87833e-18 2.98863e-18 1.51943e-18 7.72477e-19 3.92719e-19 1.99651e-19 1.01497e-19 5.15974e-20 2.62299e-20 1.33339e-20 6.77818e-21 3.44557e-21 1.75147e-21 8.90301e-22 4.52548e-22 2.30031e-22 1.16923e-22 5.94307e-23 3.02074e-23 1.53535e-23 7.80366e-24 3.96627e-24 2.01585e-24 1.02454e-24 5.20709e-25 2.64639e-25 1.34495e-25 6.83525e-26 3.47372e-26 1.76535e-26 8.97139e-27 4.55915e-27 2.31687e-27 1.17737e-27 5.98301e-28 3.04033e-28 1.54495e-28 7.85064e-29 3.98923e-29 2.02707e-29 1.03001e-29 5.2337e-30 2.65932e-30 1.35123e-30 6.86562e-31 3.4884e-31 1.77242e-31 9.00541e-32 4.57546e-32 2.32466e-32 1.18108e-32 6.00063e-33 3.04865e-33 1.54886e-33 7.86889e-34 3.99769e-34 2.03095e-34 1.03178e-34 5.24164e-35 2.66283e-35 1.35274e-35 6.87199e-36 3.49096e-36 1.77338e-36 9.00855e-37 4.57618e-37 2.32459e-37 1.18083e-37 5.9982e-38 3.04685e-38 1.54766e-38 7.86136e-39 3.99314e-39 2.02827e-39 1.03023e-39 5.23285e-40 2.6579e-40 1.35e-40 6.85684e-41 3.48266e-41 1.76886e-41 8.98403e-42
5.8897e-11 5.7767e-13 2.93805e-13 1.49428e-13 7.59967e-14 3.865e-14 1.9656e-14 9.99619e-15 5.08352e-15 2.58516e-15 1.31462e-15 6.6851e-16 3.39943e-16 1.72861e-16 8.78982e-17 4.46946e-17 2.2726e-17 1.15554e-17 5.87538e-18 2.98732e-18 1.51887e-18 7.72236e-19 3.92621e-19 1.99614e-19 1.01484e-19 5.15943e-20 2.62299e-20 1.33347e-20 6.77901e-21 3.4462e-21 1.7519e-21 8.90572e-22 4.52713e-22 2.30129e-22 1.1698e-22 5.94629e-23 3.02256e-23 1.53637e-23 7.80928e-24 3.96935e-24 2.01754e-24 1.02546e-24 5.21205e-25 2.64907e-25 1.34639e-25 6.84293e-26 3.47783e-26 1.76753e-26 8.98301e-27 4.5653e-27 2.32013e-27 1.17909e-27 5.99209e-28 3.04511e-28 1.54747e-28 7.86386e-29 3.99617e-29 2.0307e-29 1.03191e-29 5.24365e-30 2.66453e-30 1.35394e-30 6.87979e-31 3.49579e-31 1.77627e-31 9.02544e-32 4.58588e-32 2.33008e-32 1.1839e-32 6.01524e-33 3.05623e-33 1.5528e-33 7.88929e-34 4.00826e-34 2.03643e-34 1.03461e-34 5.25631e-35 2.67042e-35 1.35667e-35 6.89227e-36 3.50144e-36 1.7788e-36 9.03651e-37 4.59061e-37 2.33204e-37 1.18467e-37 6.01801e-38 3.05706e-38 1.55293e-38 7.8885e-39 4.00712e-39 2.03548e-39 1.03394e-39 5.25195e-40 2.66772e-40 1.35505e-40 6.88286e-41 3.49604e-41 1.77574e-41 9.01942e-42 4.58114e-42
2.97991e-11 2.93309e-13 1.49185e-13 7.58787e-14 3.85926e-14 1.96282e-14 9.98271e-15 5.07701e-15 2.58202e-15 1.31311e-15 6.67787e-16 3.39598e-16 1.72697e-16 8.78205e-17 4.4658e-17 2.27089e-17 1.15474e-17 5.8717e-18 2.98564e-18 1.51811e-18 7.719e-19 3.92475e-19 1.99552e-19 1.01459e-19 5.15847e-20 2.62267e-20 1.33339e-20 6.77901e-21 3.44641e-21 1.75211e-21 8.90735e-22 4.52823e-22 2.30198e-22 1.17023e-22 5.94881e-23 3.02401e-23 1.5372e-23 7.81397e-24 3.97197e-24 2.01899e-24 1.02625e-24 5.2164e-25 2.65143e-25 1.34767e-25 6.84982e-26 3.48152e-26 1.76951e-26 8.99357e-27 4.57093e-27 2.32312e-27 1.18068e-27 6.00049e-28 3.04955e-28 1.54981e-28 7.87618e-29 4.00265e-29 2.03411e-29 1.0337e-29 5.25302e-30 2.66943e-30 1.35651e-30 6.89319e-31 3.50278e-31 1.77992e-31 9.04447e-32 4.59579e-32 2.33524e-32 1.18658e-32 6.02919e-33 3.06348e-33 1.55656e-33 7.90882e-34 4.0184e-34 2.04168e-34 1.03734e-34 5.27041e-35 2.67772e-35 1.36045e-35 6.91182e-36 3.51155e-36 1.78402e-36 9.06351e-37 4.60456e-37 2.33924e-37 1.18839e-37 6.0372e-38 3.06697e-38 1.55804e-38 7.91483e-39 4.02069e-39 2.04247e-39 1.03754e-39 5.27051e-40 2.67728e-40 1.35998e-40 6.90818e-41 3.50907e-41 1.78245e-41 9.05391e-42 4.59888e-42 2.33595e-42
1.50769e-11 1.48924e-13 7.57509e-14 3.85303e-14 1.95978e-14 9.96795e-15 5.06985e-15 2.57855e-15 1.31144e-15 6.66979e-16 3.3921e-16 1.72511e-16 8.77316e-17 4.46158e-17 2.26889e-17 1.1538e-17 5.86729e-18 2.98359e-18 1.51716e-18 7.71468e-19 3.9228e-19 1.99465e-19 1.01422e-19 5.15688e-20 2.62202e-20 1.33315e-20 6.77818e-21 3.4462e-21 1.75211e-21 8.90789e-22 4.52878e-22 2.3024e-22 1.17051e-22 5.9506e-23 3.0251e-23 1.53785e-23 7.81771e-24 3.97411e-24 2.02019e-24 1.02693e-24 5.22012e-25 2.65347e-25 1.34878e-25 6.85589e-26 3.48481e-26 1.77128e-26 9.00309e-27 4.57602e-27 2.32584e-27 1.18213e-27 6.00818e-28 3.05363e-28 1.55197e-28 7.8876e-29 4.00867e-29 2.03728e-29 1.03537e-29 5.26178e-30 2.67403e-30 1.35892e-30 6.90582e-31 3.50939e-31 1.78337e-31 9.06249e-32 4.60519e-32 2.34014e-32 1.18914e-32 6.04248e-33 3.07039e-33 1.56016e-33 7.9275e-34 4.02809e-34 2.04672e-34 1.03995e-34 5.28395e-35 2.68474e-35 1.36408e-35 6.93063e-36 3.52128e-36 1.78906e-36 9.08956e-37 4.61803e-37 2.3462e-37 1.19198e-37 6.05576e-38 3.07655e-38 1.56298e-38 7.94034e-39 4.03385e-39 2.04926e-39 1.04104e-39 5.28853e-40 2.68657e-40 1.36476e-40 6.93282e-41 3.52176e-41 1.78897e-41 9.08751e-42 4.61616e-42 2.34484e-42 1.19108e-42
7.6282e-12 7.56134e-14 3.8463e-14 1.9565e-14 9.95192e-15 5.06204e-15 2.57475e-15 1.3096e-15 6.66087e-16 3.38779e-16 1.72303e-16 8.76318e-17 4.45679e-17 2.2666e-17 1.15271e-17 5.86215e-18 2.98116e-18 1.51603e-18 7.7094e-19 3.92037e-19 1.99354e-19 1.01372e-19 5.15466e-20 2.62105e-20 1.33274e-20 6.77652e-21 3.44557e-21 1.7519e-21 8.90735e-22 4.52878e-22 2.30254e-22 1.17065e-22 5.95168e-23 3.02583e-23 1.53831e-23 7.82053e-24 3.97577e-24 2.02116e-24 1.02748e-24 5.22322e-25 2.6552e-25 1.34974e-25 6.86116e-26 3.48769e-26 1.77285e-26 9.01155e-27 4.58059e-27 2.32829e-27 1.18344e-27 6.01519e-28 3.05736e-28 1.55395e-28 7.89811e-29 4.01424e-29 2.04022e-29 1.03692e-29 5.26995e-30 2.67833e-30 1.36118e-30 6.91766e-31 3.5156e-31 1.78662e-31 9.0795e-32 4.61408e-32 2.34478e-32 1.19156e-32 6.05511e-33 3.07697e-33 1.56358e-33 7.94531e-34 4.03735e-34 2.05153e-34 1.04244e-34 5.29692e-35 2.69146e-35 1.36757e-35 6.94871e-36 3.53065e-36 1.79391e-36 9.11465e-37 4.63101e-37 2.35291e-37 1.19545e-37 6.0737e-38 3.08581e-38 1.56776e-38 7.96504e-39 4.0466e-39 2.05583e-39 1.04443e-39 5.30602e-40 2.69558e-40 1.3694e-40 6.95675e-41 3.53408e-41 1.79532e-41 9.1202e-42 4.63299e-42 2.3535e-42 1.19554e-42 6.07305e-43
3.85951e-12 3.83909e-14 1.95296e-14 9.93462e-15 5.05359e-15 2.57063e-15 1.30759e-15 6.6511e-16 3.38305e-16 1.72073e-16 8.75209e-17 4.45145e-17 2.26403e-17 1.15148e-17 5.85627e-18 2.97837e-18 1.5147e-18 7.70316e-19 3.91745e-19 1.99218e-19 1.01309e-19 5.1518e-20 2.61976e-20 1.33217e-20 6.77402e-21 3.44452e-21 1.75147e-21 8.90572e-22 4.52823e-22 2.3024e-22 1.17065e-22 5.95204e-23 3.0262e-23 1.53859e-23 7.8224e-24 3.97696e-24 2.02188e-24 1.02791e-24 5.22571e-25 2.65662e-25 1.35054e-25 6.86561e-26 3.49015e-26 1.7742e-26 9.01895e-27 4.58461e-27 2.33047e-27 1.18461e-27 6.02149e-28 3.06074e-28 1.55576e-28 7.90772e-29 4.01934e-29 2.04293e-29 1.03835e-29 5.27753e-30 2.68232e-30 1.36328e-30 6.92873e-31 3.52141e-31 1.78968e-31 9.09549e-32 4.62245e-32 2.34916e-32 1.19385e-32 6.06706e-33 3.08321e-33 1.56683e-33 7.96225e-34 4.04617e-34 2.05611e-34 1.04483e-34 5.30931e-35 2.6979e-35 1.37091e-35 6.96603e-36 3.53963e-36 1.79856e-36 9.13877e-37 4.6435e-37 2.35938e-37 1.1988e-37 6.09099e-38 3.09475e-38 1.57239e-38 7.9889e-39 4.05892e-39 2.0622e-39 1.04772e-39 5.32296e-40 2.70432e-40 1.37391e-40 6.97999e-41 3.54606e-41 1.80149e-41 9.15198e-42 4.64936e-42 2.36193e-42 1.19987e-42 6.09537e-43 3.09642e-43
1.95273e-12 1.94918e-14 9.91606e-15 5.04449e-15 2.56618e-15 1.30541e-15 6.6405e-16 3.37788e-16 1.71822e-16 8.7399e-17 4.44554e-17 2.26118e-17 1.1501e-17 5.84966e-18 2.9752e-18 1.51319e-18 7.69597e-19 3.91404e-19 1.99058e-19 1.01234e-19 5.1483e-20 2.61815e-20 1.33143e-20 6.77071e-21 3.44304e-21 1.75083e-21 8.90301e-22 4.52713e-22 2.30198e-22 1.17051e-22 5.95168e-23 3.0262e-23 1.53868e-23 7.82334e-24 3.97767e-24 2.02236e-24 1.02821e-24 5.22757e-25 2.65772e-25 1.35118e-25 6.86926e-26 3.49221e-26 1.77535e-26 9.02531e-27 4.5881e-27 2.33237e-27 1.18565e-27 6.0271e-28 3.06376e-28 1.55738e-28 7.91641e-29 4.02398e-29 2.0454e-29 1.03967e-29 5.2845e-30 2.68601e-30 1.36523e-30 6.93902e-31 3.52683e-31 1.79253e-31 9.11047e-32 4.63031e-32 2.35328e-32 1.196e-32 6.07834e-33 3.08911e-33 1.56991e-33 7.97831e-34 4.05455e-34 2.06048e-34 1.0471e-34 5.32113e-35 2.70404e-35 1.3741e-35 6.98262e-36 3.54824e-36 1.80303e-36 9.16192e-37 4.65549e-37 2.36559e-37 1.20201e-37 6.10765e-38 3.10337e-38 1.57684e-38 8.01195e-39 4.07083e-39 2.06835e-39 1.05089e-39 5.33937e-40 2.71279e-40 1.37828e-40 7.00252e-41 3.55768e-41 1.80748e-41 9.18284e-42 4.66526e-42 2.37012e-42 1.20409e-42 6.11709e-43 3.10761e-43 1.57871e-43
