0.993986 0.000284807 0.000257189 0.00023225 0.000209728 0.000189391 0.000171026 0.000154442 0.000139465 0.000125942 0.000113729 0.000102701 9.27419e-05 8.37487e-05 7.56277e-05 6.82941e-05 6.16716e-05 5.56913e-05 5.0291e-05 4.54143e-05 4.10105e-05 3.70337e-05 3.34425e-05 3.01996e-05 2.72712e-05 2.46267e-05 2.22387e-05 2.00822e-05 1.81348e-05 1.63763e-05 1.47883e-05 1.33543e-05 1.20593e-05 1.08899e-05 9.83393e-06 8.88034e-06 8.01921e-06 7.24159e-06 6.53938e-06 5.90526e-06 5.33262e-06 4.81552e-06 4.34856e-06 3.92688e-06 3.54609e-06 3.20223e-06 2.89171e-06 2.6113e-06 2.35809e-06 2.12942e-06 1.92293e-06 1.73647e-06 1.56808e-06 1.41603e-06 1.27871e-06 1.15472e-06 1.04275e-06 9.41631e-07 8.50321e-07 7.67866e-07 6.93406e-07 6.26167e-07 5.65447e-07 5.10616e-07 4.61102e-07 4.16389e-07 3.76012e-07 3.3955e-07 3.06624e-07 2.76891e-07 2.50041e-07 2.25794e-07 2.03899e-07 1.84127e-07 1.66272e-07 1.50149e-07 1.35589e-07 1.22441e-07 1.10568e-07 9.98462e-08 9.01642e-08 8.1421e-08 7.35256e-08 6.63959e-08 5.99575e-08 5.41434e-08 4.88931e-08 4.4152e-08 3.98706e-08 3.60043e-08 3.2513e-08 2.93602e-08 2.65132e-08 2.39422e-08 2.16205e-08 1.9524e-08 1.76308e-08 1.59211e-08 1.43773e-08 1.29831e-08 1.17241e-08
0.000284807 1.28569e-06 1.1623e-06 1.05075e-06 9.49901e-07 8.58733e-07 7.76313e-07 7.01803e-07 6.34444e-07 5.7355e-07 5.18499e-07 4.68732e-07 4.23741e-07 3.83068e-07 3.46298e-07 3.13058e-07 2.83008e-07 2.55842e-07 2.31284e-07 2.09082e-07 1.89012e-07 1.70868e-07 1.54465e-07 1.39637e-07 1.26233e-07 1.14114e-07 1.0316e-07 9.32562e-08 8.43035e-08 7.62101e-08 6.88937e-08 6.22796e-08 5.63004e-08 5.08952e-08 4.60089e-08 4.15916e-08 3.75984e-08 3.39886e-08 3.07253e-08 2.77753e-08 2.51085e-08 2.26977e-08 2.05184e-08 1.85483e-08 1.67673e-08 1.51573e-08 1.37019e-08 1.23863e-08 1.11969e-08 1.01217e-08 9.14982e-09 8.27121e-09 7.47696e-09 6.75898e-09 6.10993e-09 5.5232e-09 4.99281e-09 4.51335e-09 4.07992e-09 3.68812e-09 3.33394e-09 3.01376e-09 2.72434e-09 2.4627e-09 2.22619e-09 2.01239e-09 1.81912e-09 1.64441e-09 1.48648e-09 1.34372e-09 1.21466e-09 1.098e-09 9.92543e-10 8.97214e-10 8.11039e-10 7.33141e-10 6.62723e-10 5.99069e-10 5.41528e-10 4.89513e-10 4.42494e-10 3.99991e-10 3.6157e-10 3.2684e-10 2.95445e-10 2.67065e-10 2.41411e-10 2.18222e-10 1.97259e-10 1.7831e-10 1.61182e-10 1.45698e-10 1.31702e-10 1.1905e-10 1.07613e-10 9.72754e-11 8.79304e-11 7.94831e-11 7.18473e-11 6.49449e-11 5.87056e-11
0.000257189 1.1623e-06 1.05075e-06 9.49912e-07 8.58747e-07 7.7633e-07 7.01823e-07 6.34465e-07 5.73572e-07 5.18522e-07 4.68755e-07 4.23764e-07 3.83091e-07 3.46321e-07 3.1308e-07 2.8303e-07 2.55863e-07 2.31304e-07 2.09102e-07 1.8903e-07 1.70886e-07 1.54482e-07 1.39653e-07 1.26248e-07 1.14129e-07 1.03173e-07 9.32688e-08 8.43154e-08 7.62213e-08 6.89042e-08 6.22894e-08 5.63096e-08 5.09038e-08 4.60169e-08 4.15991e-08 3.76054e-08 3.3995e-08 3.07313e-08 2.77808e-08 2.51136e-08 2.27025e-08 2.05228e-08 1.85524e-08 1.67711e-08 1.51608e-08 1.37052e-08 1.23892e-08 1.11997e-08 1.01243e-08 9.15218e-09 8.27339e-09 7.47897e-09 6.76082e-09 6.11163e-09 5.52477e-09 4.99425e-09 4.51468e-09 4.08115e-09 3.68924e-09 3.33497e-09 3.01471e-09 2.72521e-09 2.4635e-09 2.22692e-09 2.01307e-09 1.81974e-09 1.64498e-09 1.487e-09 1.3442e-09 1.2151e-09 1.0984e-09 9.92912e-10 8.97552e-10 8.11349e-10 7.33424e-10 6.62983e-10 5.99307e-10 5.41746e-10 4.89713e-10 4.42677e-10 4.00158e-10 3.61723e-10 3.26979e-10 2.95573e-10 2.67182e-10 2.41518e-10 2.18319e-10 1.97349e-10 1.78392e-10 1.61256e-10 1.45766e-10 1.31764e-10 1.19107e-10 1.07665e-10 9.73229e-11 8.79738e-11 7.95227e-11 7.18834e-11 6.49779e-11 5.87357e-11 5.30932e-11
0.00023225 1.05075e-06 9.49912e-07 8.58751e-07 7.76339e-07 7.01834e-07 6.34479e-07 5.73587e-07 5.18539e-07 4.68773e-07 4.23782e-07 3.8311e-07 3.4634e-07 3.13099e-07 2.83048e-07 2.55881e-07 2.31321e-07 2.09119e-07 1.89047e-07 1.70901e-07 1.54497e-07 1.39668e-07 1.26261e-07 1.14142e-07 1.03185e-07 9.32805e-08 8.43263e-08 7.62316e-08 6.89139e-08 6.22985e-08 5.63181e-08 5.09117e-08 4.60243e-08 4.1606e-08 3.76119e-08 3.40011e-08 3.07369e-08 2.77861e-08 2.51185e-08 2.2707e-08 2.0527e-08 1.85562e-08 1.67747e-08 1.51642e-08 1.37083e-08 1.23921e-08 1.12023e-08 1.01267e-08 9.15444e-09 8.27547e-09 7.48089e-09 6.7626e-09 6.11327e-09 5.52628e-09 4.99564e-09 4.51595e-09 4.08232e-09 3.69033e-09 3.33597e-09 3.01563e-09 2.72605e-09 2.46428e-09 2.22764e-09 2.01372e-09 1.82034e-09 1.64553e-09 1.48751e-09 1.34466e-09 1.21553e-09 1.09879e-09 9.93271e-10 8.9788e-10 8.1165e-10 7.337e-10 6.63236e-10 5.99539e-10 5.41958e-10 4.89907e-10 4.42855e-10 4.00321e-10 3.61872e-10 3.27116e-10 2.95697e-10 2.67296e-10 2.41623e-10 2.18415e-10 1.97436e-10 1.78472e-10 1.61329e-10 1.45833e-10 1.31825e-10 1.19163e-10 1.07716e-10 9.73694e-11 8.80162e-11 7.95615e-11 7.19188e-11 6.50102e-11 5.87653e-11 5.31201e-11 4.80172e-11
0.000209728 9.49901e-07 8.58747e-07 7.76339e-07 7.01838e-07 6.34486e-07 5.73597e-07 5.1855e-07 4.68786e-07 4.23796e-07 3.83124e-07 3.46355e-07 3.13115e-07 2.83064e-07 2.55897e-07 2.31337e-07 2.09134e-07 1.89061e-07 1.70915e-07 1.54511e-07 1.39681e-07 1.26274e-07 1.14154e-07 1.03197e-07 9.32911e-08 8.43364e-08 7.62411e-08 6.89228e-08 6.23069e-08 5.6326e-08 5.09192e-08 4.60313e-08 4.16126e-08 3.7618e-08 3.40068e-08 3.07422e-08 2.7791e-08 2.51231e-08 2.27113e-08 2.0531e-08 1.85599e-08 1.67781e-08 1.51674e-08 1.37112e-08 1.23948e-08 1.12048e-08 1.01291e-08 9.1566e-09 8.27747e-09 7.48274e-09 6.7643e-09 6.11484e-09 5.52773e-09 4.99698e-09 4.51719e-09 4.08346e-09 3.69137e-09 3.33693e-09 3.01651e-09 2.72686e-09 2.46502e-09 2.22833e-09 2.01435e-09 1.82092e-09 1.64607e-09 1.488e-09 1.34511e-09 1.21594e-09 1.09917e-09 9.93618e-10 8.98199e-10 8.11942e-10 7.33968e-10 6.63482e-10 5.99764e-10 5.42164e-10 4.90096e-10 4.43028e-10 4.0048e-10 3.62017e-10 3.27249e-10 2.95819e-10 2.67408e-10 2.41725e-10 2.18508e-10 1.97521e-10 1.7855e-10 1.61401e-10 1.45898e-10 1.31885e-10 1.19217e-10 1.07766e-10 9.74148e-11 8.80578e-11 7.95995e-11 7.19535e-11 6.50419e-11 5.87942e-11 5.31465e-11 4.80413e-11 4.34265e-11
0.000189391 8.58733e-07 7.7633e-07 7.01834e-07 6.34486e-07 5.736e-07 5.18556e-07 4.68793e-07 4.23806e-07 3.83135e-07 3.46367e-07 3.13126e-07 2.83076e-07 2.55909e-07 2.31349e-07 2.09146e-07 1.89074e-07 1.70927e-07 1.54523e-07 1.39692e-07 1.26285e-07 1.14164e-07 1.03207e-07 9.33008e-08 8.43456e-08 7.62498e-08 6.89311e-08 6.23147e-08 5.63334e-08 5.09261e-08 4.60378e-08 4.16186e-08 3.76237e-08 3.40121e-08 3.07472e-08 2.77957e-08 2.51274e-08 2.27153e-08 2.05347e-08 1.85634e-08 1.67814e-08 1.51704e-08 1.3714e-08 1.23974e-08 1.12073e-08 1.01313e-08 9.15866e-09 8.27938e-09 7.4845e-09 6.76593e-09 6.11634e-09 5.52912e-09 4.99826e-09 4.51837e-09 4.08455e-09 3.69238e-09 3.33785e-09 3.01737e-09 2.72765e-09 2.46575e-09 2.22899e-09 2.01496e-09 1.82149e-09 1.64658e-09 1.48847e-09 1.34555e-09 1.21634e-09 1.09954e-09 9.93956e-10 8.98509e-10 8.12227e-10 7.34229e-10 6.63721e-10 5.99983e-10 5.42365e-10 4.9028e-10 4.43197e-10 4.00634e-10 3.62159e-10 3.27378e-10 2.95938e-10 2.67516e-10 2.41824e-10 2.18599e-10 1.97604e-10 1.78626e-10 1.6147e-10 1.45962e-10 1.31943e-10 1.1927e-10 1.07815e-10 9.74593e-11 8.80984e-11 7.96366e-11 7.19874e-11 6.50729e-11 5.88225e-11 5.31724e-11 4.80649e-11 4.3448e-11 3.92746e-11
0.000171026 7.76313e-07 7.01823e-07 6.34479e-07 5.73597e-07 5.18556e-07 4.68796e-07 4.2381e-07 3.83141e-07 3.46374e-07 3.13135e-07 2.83085e-07 2.55919e-07 2.31359e-07 2.09156e-07 1.89084e-07 1.70938e-07 1.54533e-07 1.39702e-07 1.26294e-07 1.14173e-07 1.03216e-07 9.33094e-08 8.43538e-08 7.62577e-08 6.89385e-08 6.23218e-08 5.63401e-08 5.09324e-08 4.60437e-08 4.16243e-08 3.76289e-08 3.40171e-08 3.07518e-08 2.78e-08 2.51315e-08 2.27191e-08 2.05383e-08 1.85667e-08 1.67844e-08 1.51732e-08 1.37167e-08 1.23999e-08 1.12095e-08 1.01334e-08 9.16063e-09 8.2812e-09 7.48619e-09 6.76749e-09 6.11778e-09 5.53045e-09 4.99949e-09 4.5195e-09 4.0856e-09 3.69334e-09 3.33874e-09 3.01819e-09 2.72841e-09 2.46644e-09 2.22963e-09 2.01555e-09 1.82203e-09 1.64708e-09 1.48893e-09 1.34597e-09 1.21673e-09 1.0999e-09 9.94283e-10 8.98809e-10 8.12502e-10 7.34482e-10 6.63953e-10 6.00196e-10 5.4256e-10 4.90459e-10 4.43361e-10 4.00784e-10 3.62297e-10 3.27504e-10 2.96053e-10 2.67622e-10 2.41921e-10 2.18688e-10 1.97686e-10 1.787e-10 1.61538e-10 1.46024e-10 1.32e-10 1.19322e-10 1.07862e-10 9.75027e-11 8.81381e-11 7.96729e-11 7.20206e-11 6.51032e-11 5.88502e-11 5.31977e-11 4.8088e-11 4.34691e-11 3.92939e-11 3.55196e-11
0.000154442 7.01803e-07 6.34465e-07 5.73587e-07 5.1855e-07 4.68793e-07 4.2381e-07 3.83143e-07 3.46378e-07 3.1314e-07 2.83092e-07 2.55926e-07 2.31367e-07 2.09164e-07 1.89092e-07 1.70946e-07 1.54541e-07 1.3971e-07 1.26303e-07 1.14181e-07 1.03223e-07 9.3317e-08 8.43611e-08 7.62647e-08 6.89453e-08 6.23282e-08 5.63462e-08 5.09382e-08 4.60492e-08 4.16294e-08 3.76338e-08 3.40217e-08 3.07562e-08 2.78041e-08 2.51353e-08 2.27227e-08 2.05416e-08 1.85698e-08 1.67873e-08 1.51759e-08 1.37192e-08 1.24022e-08 1.12117e-08 1.01354e-08 9.16249e-09 8.28293e-09 7.48779e-09 6.76898e-09 6.11916e-09 5.53172e-09 5.00067e-09 4.52059e-09 4.0866e-09 3.69427e-09 3.3396e-09 3.01898e-09 2.72913e-09 2.46711e-09 2.23025e-09 2.01612e-09 1.82255e-09 1.64756e-09 1.48938e-09 1.34637e-09 1.2171e-09 1.10024e-09 9.94599e-10 8.991e-10 8.12769e-10 7.34727e-10 6.64178e-10 6.00402e-10 5.4275e-10 4.90633e-10 4.4352e-10 4.0093e-10 3.6243e-10 3.27627e-10 2.96165e-10 2.67725e-10 2.42015e-10 2.18774e-10 1.97765e-10 1.78773e-10 1.61604e-10 1.46085e-10 1.32055e-10 1.19373e-10 1.07909e-10 9.75452e-11 8.8177e-11 7.97084e-11 7.2053e-11 6.51329e-11 5.88773e-11 5.32224e-11 4.81107e-11 4.34898e-11 3.93127e-11 3.55368e-11 3.21235e-11
0.000139465 6.34444e-07 5.73572e-07 5.18539e-07 4.68786e-07 4.23806e-07 3.83141e-07 3.46378e-07 3.13142e-07 2.83095e-07 2.5593e-07 2.31372e-07 2.0917e-07 1.89098e-07 1.70953e-07 1.54548e-07 1.39717e-07 1.26309e-07 1.14188e-07 1.0323e-07 9.33236e-08 8.43675e-08 7.62709e-08 6.89512e-08 6.2334e-08 5.63517e-08 5.09434e-08 4.60542e-08 4.16342e-08 3.76383e-08 3.40259e-08 3.07601e-08 2.78078e-08 2.51388e-08 2.2726e-08 2.05447e-08 1.85727e-08 1.679e-08 1.51785e-08 1.37215e-08 1.24044e-08 1.12138e-08 1.01374e-08 9.16426e-09 8.28457e-09 7.48932e-09 6.77039e-09 6.12047e-09 5.53293e-09 5.00179e-09 4.52163e-09 4.08756e-09 3.69516e-09 3.34042e-09 3.01973e-09 2.72983e-09 2.46776e-09 2.23084e-09 2.01667e-09 1.82306e-09 1.64803e-09 1.4898e-09 1.34677e-09 1.21746e-09 1.10057e-09 9.94905e-10 8.99381e-10 8.13027e-10 7.34964e-10 6.64396e-10 6.00602e-10 5.42933e-10 4.90801e-10 4.43674e-10 4.01072e-10 3.6256e-10 3.27746e-10 2.96275e-10 2.67825e-10 2.42107e-10 2.18858e-10 1.97842e-10 1.78843e-10 1.61669e-10 1.46144e-10 1.32109e-10 1.19422e-10 1.07954e-10 9.75866e-11 8.82148e-11 7.9743e-11 7.20847e-11 6.51618e-11 5.89038e-11 5.32466e-11 4.81328e-11 4.351e-11 3.93312e-11 3.55537e-11 3.21389e-11 2.90521e-11
0.000125942 5.7355e-07 5.18522e-07 4.68773e-07 4.23796e-07 3.83135e-07 3.46374e-07 3.1314e-07 2.83095e-07 2.55932e-07 2.31375e-07 2.09174e-07 1.89103e-07 1.70957e-07 1.54553e-07 1.39722e-07 1.26315e-07 1.14194e-07 1.03236e-07 9.33291e-08 8.4373e-08 7.62763e-08 6.89565e-08 6.2339e-08 5.63565e-08 5.09481e-08 4.60587e-08 4.16384e-08 3.76424e-08 3.40297e-08 3.07638e-08 2.78113e-08 2.51421e-08 2.2729e-08 2.05476e-08 1.85754e-08 1.67926e-08 1.51808e-08 1.37237e-08 1.24065e-08 1.12157e-08 1.01391e-08 9.16593e-09 8.28613e-09 7.49076e-09 6.77173e-09 6.12171e-09 5.53409e-09 5.00286e-09 4.52262e-09 4.08848e-09 3.696e-09 3.3412e-09 3.02046e-09 2.7305e-09 2.46838e-09 2.23141e-09 2.01719e-09 1.82354e-09 1.64848e-09 1.49022e-09 1.34715e-09 1.21781e-09 1.10089e-09 9.952e-10 8.99652e-10 8.13277e-10 7.35194e-10 6.64607e-10 6.00796e-10 5.43111e-10 4.90965e-10 4.43824e-10 4.0121e-10 3.62687e-10 3.27862e-10 2.96381e-10 2.67922e-10 2.42196e-10 2.1894e-10 1.97916e-10 1.78912e-10 1.61732e-10 1.46201e-10 1.32162e-10 1.19471e-10 1.07998e-10 9.7627e-11 8.82518e-11 7.97768e-11 7.21157e-11 6.51901e-11 5.89296e-11 5.32703e-11 4.81544e-11 4.35298e-11 3.93493e-11 3.55702e-11 3.2154e-11 2.90659e-11 2.62744e-11
0.000113729 5.18499e-07 4.68755e-07 4.23782e-07 3.83124e-07 3.46367e-07 3.13135e-07 2.83092e-07 2.5593e-07 2.31375e-07 2.09175e-07 1.89105e-07 1.7096e-07 1.54556e-07 1.39726e-07 1.26319e-07 1.14198e-07 1.0324e-07 9.33337e-08 8.43776e-08 7.62809e-08 6.8961e-08 6.23434e-08 5.63608e-08 5.09523e-08 4.60627e-08 4.16423e-08 3.7646e-08 3.40332e-08 3.07671e-08 2.78144e-08 2.51451e-08 2.27319e-08 2.05502e-08 1.85779e-08 1.67949e-08 1.5183e-08 1.37258e-08 1.24084e-08 1.12175e-08 1.01408e-08 9.16751e-09 8.28759e-09 7.49212e-09 6.773e-09 6.12289e-09 5.53518e-09 5.00388e-09 4.52356e-09 4.08935e-09 3.69681e-09 3.34195e-09 3.02115e-09 2.73114e-09 2.46897e-09 2.23196e-09 2.0177e-09 1.82401e-09 1.6489e-09 1.49061e-09 1.34751e-09 1.21815e-09 1.1012e-09 9.95485e-10 8.99915e-10 8.13518e-10 7.35416e-10 6.6481e-10 6.00983e-10 5.43283e-10 4.91123e-10 4.4397e-10 4.01343e-10 3.62809e-10 3.27974e-10 2.96484e-10 2.68017e-10 2.42283e-10 2.19019e-10 1.97989e-10 1.78978e-10 1.61793e-10 1.46257e-10 1.32213e-10 1.19518e-10 1.08041e-10 9.76664e-11 8.82879e-11 7.98098e-11 7.21458e-11 6.52177e-11 5.89549e-11 5.32934e-11 4.81755e-11 4.35491e-11 3.93669e-11 3.55863e-11 3.21688e-11 2.90794e-11 2.62867e-11 2.37622e-11
0.000102701 4.68732e-07 4.23764e-07 3.8311e-07 3.46355e-07 3.13126e-07 2.83085e-07 2.55926e-07 2.31372e-07 2.09174e-07 1.89105e-07 1.70961e-07 1.54558e-07 1.39729e-07 1.26322e-07 1.14201e-07 1.03244e-07 9.33372e-08 8.43813e-08 7.62846e-08 6.89647e-08 6.23471e-08 5.63645e-08 5.09559e-08 4.60662e-08 4.16456e-08 3.76493e-08 3.40364e-08 3.07701e-08 2.78173e-08 2.51478e-08 2.27344e-08 2.05527e-08 1.85802e-08 1.67971e-08 1.51851e-08 1.37277e-08 1.24102e-08 1.12192e-08 1.01424e-08 9.16898e-09 8.28897e-09 7.49341e-09 6.7742e-09 6.12401e-09 5.53622e-09 5.00484e-09 4.52446e-09 4.09018e-09 3.69758e-09 3.34267e-09 3.02181e-09 2.73175e-09 2.46953e-09 2.23248e-09 2.01818e-09 1.82445e-09 1.64932e-09 1.49099e-09 1.34786e-09 1.21847e-09 1.1015e-09 9.9576e-10 9.00167e-10 8.13751e-10 7.3563e-10 6.65007e-10 6.01164e-10 5.4345e-10 4.91276e-10 4.4411e-10 4.01472e-10 3.62928e-10 3.28083e-10 2.96584e-10 2.68109e-10 2.42367e-10 2.19096e-10 1.9806e-10 1.79043e-10 1.61852e-10 1.46312e-10 1.32263e-10 1.19563e-10 1.08083e-10 9.77048e-11 8.8323e-11 7.9842e-11 7.21753e-11 6.52447e-11 5.89795e-11 5.33159e-11 4.81962e-11 4.3568e-11 3.93842e-11 3.56021e-11 3.21832e-11 2.90926e-11 2.62987e-11 2.37732e-11 2.14901e-11
9.27419e-05 4.23741e-07 3.83091e-07 3.4634e-07 3.13115e-07 2.83076e-07 2.55919e-07 2.31367e-07 2.0917e-07 1.89103e-07 1.7096e-07 1.54558e-07 1.39729e-07 1.26323e-07 1.14203e-07 1.03246e-07 9.33398e-08 8.4384e-08 7.62875e-08 6.89677e-08 6.23502e-08 5.63675e-08 5.09589e-08 4.60692e-08 4.16486e-08 3.76521e-08 3.40391e-08 3.07728e-08 2.78198e-08 2.51502e-08 2.27367e-08 2.05549e-08 1.85823e-08 1.67991e-08 1.51869e-08 1.37295e-08 1.24119e-08 1.12207e-08 1.01439e-08 9.17036e-09 8.29026e-09 7.49461e-09 6.77532e-09 6.12506e-09 5.53719e-09 5.00575e-09 4.5253e-09 4.09097e-09 3.69831e-09 3.34334e-09 3.02244e-09 2.73233e-09 2.47007e-09 2.23298e-09 2.01864e-09 1.82488e-09 1.64971e-09 1.49136e-09 1.3482e-09 1.21878e-09 1.10179e-09 9.96024e-10 9.00411e-10 8.13975e-10 7.35836e-10 6.65197e-10 6.01339e-10 5.43611e-10 4.91424e-10 4.44246e-10 4.01597e-10 3.63043e-10 3.28189e-10 2.96681e-10 2.68198e-10 2.42449e-10 2.19171e-10 1.98129e-10 1.79106e-10 1.6191e-10 1.46365e-10 1.32312e-10 1.19608e-10 1.08124e-10 9.77422e-11 8.83572e-11 7.98733e-11 7.2204e-11 6.5271e-11 5.90036e-11 5.33379e-11 4.82163e-11 4.35864e-11 3.9401e-11 3.56175e-11 3.21973e-11 2.91055e-11 2.63105e-11 2.37839e-11 2.14999e-11 1.94353e-11
8.37487e-05 3.83068e-07 3.46321e-07 3.13099e-07 2.83064e-07 2.55909e-07 2.31359e-07 2.09164e-07 1.89098e-07 1.70957e-07 1.54556e-07 1.39729e-07 1.26323e-07 1.14204e-07 1.03247e-07 9.33413e-08 8.43859e-08 7.62895e-08 6.89699e-08 6.23525e-08 5.637e-08 5.09614e-08 4.60716e-08 4.1651e-08 3.76546e-08 3.40415e-08 3.07751e-08 2.78221e-08 2.51524e-08 2.27388e-08 2.05569e-08 1.85842e-08 1.68009e-08 1.51887e-08 1.37311e-08 1.24134e-08 1.12222e-08 1.01452e-08 9.17164e-09 8.29146e-09 7.49574e-09 6.77637e-09 6.12604e-09 5.53811e-09 5.0066e-09 4.5261e-09 4.09171e-09 3.699e-09 3.34398e-09 3.02304e-09 2.73289e-09 2.47058e-09 2.23346e-09 2.01908e-09 1.82529e-09 1.65009e-09 1.4917e-09 1.34852e-09 1.21908e-09 1.10206e-09 9.96277e-10 9.00644e-10 8.1419e-10 7.36035e-10 6.6538e-10 6.01508e-10 5.43766e-10 4.91566e-10 4.44378e-10 4.01718e-10 3.63154e-10 3.28291e-10 2.96775e-10 2.68284e-10 2.42528e-10 2.19244e-10 1.98196e-10 1.79168e-10 1.61966e-10 1.46416e-10 1.32359e-10 1.19651e-10 1.08163e-10 9.77785e-11 8.83905e-11 7.99038e-11 7.22319e-11 6.52965e-11 5.9027e-11 5.33594e-11 4.82359e-11 4.36043e-11 3.94174e-11 3.56325e-11 3.2211e-11 2.9118e-11 2.6322e-11 2.37944e-11 2.15096e-11 1.94441e-11 1.75769e-11
7.56277e-05 3.46298e-07 3.1308e-07 2.83048e-07 2.55897e-07 2.31349e-07 2.09156e-07 1.89092e-07 1.70953e-07 1.54553e-07 1.39726e-07 1.26322e-07 1.14203e-07 1.03247e-07 9.33418e-08 8.43868e-08 7.62908e-08 6.89714e-08 6.23542e-08 5.63718e-08 5.09633e-08 4.60736e-08 4.16531e-08 3.76566e-08 3.40435e-08 3.07771e-08 2.7824e-08 2.51543e-08 2.27407e-08 2.05586e-08 1.85859e-08 1.68025e-08 1.51902e-08 1.37326e-08 1.24148e-08 1.12235e-08 1.01465e-08 9.17282e-09 8.29257e-09 7.49678e-09 6.77735e-09 6.12696e-09 5.53897e-09 5.00741e-09 4.52685e-09 4.09241e-09 3.69965e-09 3.34459e-09 3.0236e-09 2.73341e-09 2.47107e-09 2.23391e-09 2.0195e-09 1.82567e-09 1.65045e-09 1.49204e-09 1.34883e-09 1.21936e-09 1.10233e-09 9.9652e-10 9.00868e-10 8.14397e-10 7.36225e-10 6.65556e-10 6.0167e-10 5.43915e-10 4.91704e-10 4.44504e-10 4.01835e-10 3.63261e-10 3.28389e-10 2.96865e-10 2.68367e-10 2.42604e-10 2.19314e-10 1.9826e-10 1.79227e-10 1.62021e-10 1.46466e-10 1.32405e-10 1.19693e-10 1.08202e-10 9.78138e-11 8.84229e-11 7.99335e-11 7.22591e-11 6.53215e-11 5.90498e-11 5.33803e-11 4.8255e-11 4.36219e-11 3.94335e-11 3.56472e-11 3.22244e-11 2.91303e-11 2.63332e-11 2.38047e-11 2.1519e-11 1.94527e-11 1.75848e-11 1.58962e-11
6.82941e-05 3.13058e-07 2.8303e-07 2.55881e-07 2.31337e-07 2.09146e-07 1.89084e-07 1.70946e-07 1.54548e-07 1.39722e-07 1.26319e-07 1.14201e-07 1.03246e-07 9.33413e-08 8.43868e-08 7.62912e-08 6.89722e-08 6.23552e-08 5.6373e-08 5.09647e-08 4.60751e-08 4.16547e-08 3.76582e-08 3.40452e-08 3.07787e-08 2.78257e-08 2.51559e-08 2.27423e-08 2.05602e-08 1.85874e-08 1.6804e-08 1.51916e-08 1.37339e-08 1.24161e-08 1.12247e-08 1.01476e-08 9.1739e-09 8.29359e-09 7.49774e-09 6.77826e-09 6.12781e-09 5.53977e-09 5.00816e-09 4.52755e-09 4.09306e-09 3.70027e-09 3.34516e-09 3.02413e-09 2.73391e-09 2.47153e-09 2.23434e-09 2.0199e-09 1.82604e-09 1.65079e-09 1.49235e-09 1.34912e-09 1.21964e-09 1.10258e-09 9.96752e-10 9.01083e-10 8.14595e-10 7.36408e-10 6.65725e-10 6.01826e-10 5.44059e-10 4.91836e-10 4.44626e-10 4.01947e-10 3.63364e-10 3.28485e-10 2.96953e-10 2.68447e-10 2.42678e-10 2.19382e-10 1.98323e-10 1.79284e-10 1.62073e-10 1.46515e-10 1.32449e-10 1.19734e-10 1.08239e-10 9.78481e-11 8.84544e-11 7.99624e-11 7.22856e-11 6.53457e-11 5.9072e-11 5.34006e-11 4.82737e-11 4.36389e-11 3.94491e-11 3.56615e-11 3.22375e-11 2.91423e-11 2.63442e-11 2.38147e-11 2.15281e-11 1.9461e-11 1.75924e-11 1.59032e-11 1.43762e-11
6.16716e-05 2.83008e-07 2.55863e-07 2.31321e-07 2.09134e-07 1.89074e-07 1.70938e-07 1.54541e-07 1.39717e-07 1.26315e-07 1.14198e-07 1.03244e-07 9.33398e-08 8.43859e-08 7.62908e-08 6.89722e-08 6.23556e-08 5.63736e-08 5.09655e-08 4.60761e-08 4.16558e-08 3.76594e-08 3.40465e-08 3.07801e-08 2.7827e-08 2.51573e-08 2.27436e-08 2.05615e-08 1.85887e-08 1.68052e-08 1.51928e-08 1.37351e-08 1.24172e-08 1.12258e-08 1.01487e-08 9.17488e-09 8.29452e-09 7.49863e-09 6.77909e-09 6.1286e-09 5.54051e-09 5.00885e-09 4.5282e-09 4.09367e-09 3.70084e-09 3.3457e-09 3.02463e-09 2.73437e-09 2.47197e-09 2.23474e-09 2.02028e-09 1.82639e-09 1.65111e-09 1.49265e-09 1.3494e-09 1.2199e-09 1.10282e-09 9.96974e-10 9.01288e-10 8.14785e-10 7.36584e-10 6.65887e-10 6.01975e-10 5.44197e-10 4.91964e-10 4.44743e-10 4.02055e-10 3.63464e-10 3.28576e-10 2.97037e-10 2.68525e-10 2.4275e-10 2.19448e-10 1.98383e-10 1.7934e-10 1.62124e-10 1.46561e-10 1.32492e-10 1.19774e-10 1.08276e-10 9.78814e-11 8.84849e-11 7.99904e-11 7.23112e-11 6.53692e-11 5.90936e-11 5.34204e-11 4.82918e-11 4.36555e-11 3.94643e-11 3.56754e-11 3.22503e-11 2.9154e-11 2.63549e-11 2.38245e-11 2.15371e-11 1.94692e-11 1.75999e-11 1.59101e-11 1.43824e-11 1.30015e-11
5.56913e-05 2.55842e-07 2.31304e-07 2.09119e-07 1.89061e-07 1.70927e-07 1.54533e-07 1.3971e-07 1.26309e-07 1.14194e-07 1.0324e-07 9.33372e-08 8.4384e-08 7.62895e-08 6.89714e-08 6.23552e-08 5.63736e-08 5.09658e-08 4.60766e-08 4.16565e-08 3.76603e-08 3.40474e-08 3.07811e-08 2.78281e-08 2.51583e-08 2.27447e-08 2.05626e-08 1.85898e-08 1.68063e-08 1.51939e-08 1.37361e-08 1.24182e-08 1.12268e-08 1.01496e-08 9.17577e-09 8.29537e-09 7.49943e-09 6.77986e-09 6.12932e-09 5.54119e-09 5.00949e-09 4.52881e-09 4.09424e-09 3.70137e-09 3.3462e-09 3.0251e-09 2.73481e-09 2.47237e-09 2.23512e-09 2.02063e-09 1.82672e-09 1.65142e-09 1.49294e-09 1.34967e-09 1.22014e-09 1.10304e-09 9.97185e-10 9.01484e-10 8.14966e-10 7.36751e-10 6.66042e-10 6.02118e-10 5.44329e-10 4.92086e-10 4.44856e-10 4.02159e-10 3.6356e-10 3.28665e-10 2.97118e-10 2.686e-10 2.42819e-10 2.19512e-10 1.98441e-10 1.79393e-10 1.62174e-10 1.46607e-10 1.32534e-10 1.19812e-10 1.08311e-10 9.79137e-11 8.85146e-11 8.00176e-11 7.23362e-11 6.53921e-11 5.91146e-11 5.34396e-11 4.83094e-11 4.36717e-11 3.94791e-11 3.5689e-11 3.22627e-11 2.91653e-11 2.63653e-11 2.3834e-11 2.15458e-11 1.94772e-11 1.76072e-11 1.59167e-11 1.43885e-11 1.30071e-11 1.17582e-11
5.0291e-05 2.31284e-07 2.09102e-07 1.89047e-07 1.70915e-07 1.54523e-07 1.39702e-07 1.26303e-07 1.14188e-07 1.03236e-07 9.33337e-08 8.43813e-08 7.62875e-08 6.89699e-08 6.23542e-08 5.6373e-08 5.09655e-08 4.60766e-08 4.16567e-08 3.76607e-08 3.40479e-08 3.07817e-08 2.78288e-08 2.51592e-08 2.27456e-08 2.05635e-08 1.85907e-08 1.68072e-08 1.51948e-08 1.3737e-08 1.24191e-08 1.12276e-08 1.01504e-08 9.17655e-09 8.29612e-09 7.50015e-09 6.78054e-09 6.12997e-09 5.54181e-09 5.01008e-09 4.52936e-09 4.09477e-09 3.70187e-09 3.34666e-09 3.02553e-09 2.73522e-09 2.47276e-09 2.23548e-09 2.02096e-09 1.82703e-09 1.65171e-09 1.49321e-09 1.34992e-09 1.22037e-09 1.10326e-09 9.97386e-10 9.0167e-10 8.15139e-10 7.36911e-10 6.6619e-10 6.02255e-10 5.44455e-10 4.92202e-10 4.44964e-10 4.02259e-10 3.63651e-10 3.28749e-10 2.97197e-10 2.68672e-10 2.42885e-10 2.19573e-10 1.98498e-10 1.79445e-10 1.62221e-10 1.46651e-10 1.32574e-10 1.19849e-10 1.08345e-10 9.7945e-11 8.85433e-11 8.00439e-11 7.23604e-11 6.54143e-11 5.9135e-11 5.34583e-11 4.83266e-11 4.36874e-11 3.94935e-11 3.57022e-11 3.22748e-11 2.91764e-11 2.63754e-11 2.38433e-11 2.15543e-11 1.9485e-11 1.76143e-11 1.59233e-11 1.43945e-11 1.30125e-11 1.17632e-11 1.06338e-11
4.54143e-05 2.09082e-07 1.8903e-07 1.70901e-07 1.54511e-07 1.39692e-07 1.26294e-07 1.14181e-07 1.0323e-07 9.33291e-08 8.43776e-08 7.62846e-08 6.89677e-08 6.23525e-08 5.63718e-08 5.09647e-08 4.60761e-08 4.16565e-08 3.76607e-08 3.40481e-08 3.07821e-08 2.78293e-08 2.51597e-08 2.27462e-08 2.05642e-08 1.85914e-08 1.68079e-08 1.51955e-08 1.37378e-08 1.24198e-08 1.12283e-08 1.01511e-08 9.17724e-09 8.29679e-09 7.5008e-09 6.78116e-09 6.13056e-09 5.54238e-09 5.01062e-09 4.52987e-09 4.09525e-09 3.70232e-09 3.34709e-09 3.02594e-09 2.7356e-09 2.47311e-09 2.23581e-09 2.02127e-09 1.82732e-09 1.65198e-09 1.49346e-09 1.35015e-09 1.22059e-09 1.10347e-09 9.97576e-10 9.01847e-10 8.15303e-10 7.37063e-10 6.6633e-10 6.02385e-10 5.44576e-10 4.92314e-10 4.45067e-10 4.02354e-10 3.6374e-10 3.28831e-10 2.97272e-10 2.68741e-10 2.42949e-10 2.19631e-10 1.98552e-10 1.79495e-10 1.62267e-10 1.46693e-10 1.32613e-10 1.19885e-10 1.08378e-10 9.79752e-11 8.8571e-11 8.00695e-11 7.23838e-11 6.54358e-11 5.91547e-11 5.34764e-11 4.83432e-11 4.37026e-11 3.95075e-11 3.5715e-11 3.22866e-11 2.91872e-11 2.63853e-11 2.38524e-11 2.15626e-11 1.94926e-11 1.76213e-11 1.59296e-11 1.44003e-11 1.30179e-11 1.17681e-11 1.06383e-11 9.61694e-12
4.10105e-05 1.89012e-07 1.70886e-07 1.54497e-07 1.39681e-07 1.26285e-07 1.14173e-07 1.03223e-07 9.33236e-08 8.4373e-08 7.62809e-08 6.89647e-08 6.23502e-08 5.637e-08 5.09633e-08 4.60751e-08 4.16558e-08 3.76603e-08 3.40479e-08 3.07821e-08 2.78294e-08 2.516e-08 2.27465e-08 2.05646e-08 1.85919e-08 1.68085e-08 1.51961e-08 1.37383e-08 1.24204e-08 1.12289e-08 1.01517e-08 9.17783e-09 8.29737e-09 7.50136e-09 6.78171e-09 6.13109e-09 5.54288e-09 5.0111e-09 4.53033e-09 4.09568e-09 3.70273e-09 3.34748e-09 3.02631e-09 2.73595e-09 2.47344e-09 2.23612e-09 2.02157e-09 1.8276e-09 1.65224e-09 1.4937e-09 1.35038e-09 1.2208e-09 1.10366e-09 9.97756e-10 9.02014e-10 8.15458e-10 7.37207e-10 6.66464e-10 6.02509e-10 5.44691e-10 4.92421e-10 4.45166e-10 4.02445e-10 3.63824e-10 3.28909e-10 2.97344e-10 2.68808e-10 2.4301e-10 2.19688e-10 1.98604e-10 1.79543e-10 1.62312e-10 1.46734e-10 1.32651e-10 1.19919e-10 1.0841e-10 9.80044e-11 8.85979e-11 8.00941e-11 7.24065e-11 6.54567e-11 5.91738e-11 5.3494e-11 4.83593e-11 4.37174e-11 3.95211e-11 3.57275e-11 3.2298e-11 2.91977e-11 2.63949e-11 2.38612e-11 2.15706e-11 1.95e-11 1.7628e-11 1.59358e-11 1.4406e-11 1.3023e-11 1.17728e-11 1.06426e-11 9.62092e-12 8.69728e-12
3.70337e-05 1.70868e-07 1.54482e-07 1.39668e-07 1.26274e-07 1.14164e-07 1.03216e-07 9.3317e-08 8.43675e-08 7.62763e-08 6.8961e-08 6.23471e-08 5.63675e-08 5.09614e-08 4.60736e-08 4.16547e-08 3.76594e-08 3.40474e-08 3.07817e-08 2.78293e-08 2.516e-08 2.27467e-08 2.05648e-08 1.85922e-08 1.68088e-08 1.51965e-08 1.37388e-08 1.24209e-08 1.12294e-08 1.01522e-08 9.17832e-09 8.29786e-09 7.50184e-09 6.78218e-09 6.13155e-09 5.54332e-09 5.01153e-09 4.53074e-09 4.09608e-09 3.70311e-09 3.34784e-09 3.02665e-09 2.73627e-09 2.47374e-09 2.2364e-09 2.02183e-09 1.82785e-09 1.65247e-09 1.49392e-09 1.35058e-09 1.22099e-09 1.10384e-09 9.97925e-10 9.02171e-10 8.15604e-10 7.37343e-10 6.66591e-10 6.02627e-10 5.448e-10 4.92522e-10 4.4526e-10 4.02532e-10 3.63904e-10 3.28983e-10 2.97413e-10 2.68871e-10 2.43069e-10 2.19742e-10 1.98654e-10 1.79589e-10 1.62354e-10 1.46773e-10 1.32687e-10 1.19952e-10 1.0844e-10 9.80326e-11 8.86238e-11 8.0118e-11 7.24284e-11 6.54768e-11 5.91924e-11 5.3511e-11 4.83749e-11 4.37318e-11 3.95342e-11 3.57396e-11 3.23091e-11 2.92078e-11 2.64042e-11 2.38697e-11 2.15785e-11 1.95071e-11 1.76346e-11 1.59418e-11 1.44115e-11 1.30281e-11 1.17775e-11 1.06469e-11 9.6248e-12 8.70084e-12 7.86556e-12
3.34425e-05 1.54465e-07 1.39653e-07 1.26261e-07 1.14154e-07 1.03207e-07 9.33094e-08 8.43611e-08 7.62709e-08 6.89565e-08 6.23434e-08 5.63645e-08 5.09589e-08 4.60716e-08 4.16531e-08 3.76582e-08 3.40465e-08 3.07811e-08 2.78288e-08 2.51597e-08 2.27465e-08 2.05648e-08 1.85923e-08 1.6809e-08 1.51967e-08 1.37391e-08 1.24212e-08 1.12298e-08 1.01526e-08 9.17872e-09 8.29826e-09 7.50224e-09 6.78258e-09 6.13194e-09 5.54371e-09 5.0119e-09 4.53111e-09 4.09643e-09 3.70344e-09 3.34816e-09 3.02695e-09 2.73656e-09 2.47402e-09 2.23667e-09 2.02208e-09 1.82808e-09 1.65269e-09 1.49413e-09 1.35078e-09 1.22118e-09 1.10401e-09 9.98083e-10 9.02319e-10 8.15742e-10 7.37472e-10 6.66711e-10 6.02738e-10 5.44904e-10 4.92618e-10 4.45349e-10 4.02615e-10 3.63981e-10 3.29054e-10 2.97478e-10 2.68932e-10 2.43125e-10 2.19794e-10 1.98702e-10 1.79634e-10 1.62395e-10 1.46811e-10 1.32722e-10 1.19985e-10 1.0847e-10 9.80598e-11 8.86489e-11 8.0141e-11 7.24496e-11 6.54963e-11 5.92103e-11 5.35275e-11 4.83901e-11 4.37457e-11 3.9547e-11 3.57513e-11 3.23198e-11 2.92177e-11 2.64133e-11 2.3878e-11 2.15861e-11 1.95141e-11 1.7641e-11 1.59477e-11 1.44169e-11 1.3033e-11 1.1782e-11 1.0651e-11 9.62858e-12 8.7043e-12 7.86873e-12 7.11337e-12
3.01996e-05 1.39637e-07 1.26248e-07 1.14142e-07 1.03197e-07 9.33008e-08 8.43538e-08 7.62647e-08 6.89512e-08 6.2339e-08 5.63608e-08 5.09559e-08 4.60692e-08 4.1651e-08 3.76566e-08 3.40452e-08 3.07801e-08 2.78281e-08 2.51592e-08 2.27462e-08 2.05646e-08 1.85922e-08 1.6809e-08 1.51968e-08 1.37392e-08 1.24214e-08 1.123e-08 1.01529e-08 9.17901e-09 8.29857e-09 7.50256e-09 6.7829e-09 6.13227e-09 5.54404e-09 5.01222e-09 4.53142e-09 4.09673e-09 3.70374e-09 3.34844e-09 3.02723e-09 2.73682e-09 2.47427e-09 2.2369e-09 2.02231e-09 1.82829e-09 1.65289e-09 1.49432e-09 1.35096e-09 1.22134e-09 1.10417e-09 9.98231e-10 9.02458e-10 8.15872e-10 7.37593e-10 6.66823e-10 6.02843e-10 5.45002e-10 4.92709e-10 4.45433e-10 4.02693e-10 3.64054e-10 3.29122e-10 2.97541e-10 2.6899e-10 2.43179e-10 2.19844e-10 1.98748e-10 1.79676e-10 1.62434e-10 1.46847e-10 1.32755e-10 1.20015e-10 1.08498e-10 9.80859e-11 8.8673e-11 8.01632e-11 7.247e-11 6.55151e-11 5.92276e-11 5.35434e-11 4.84047e-11 4.37591e-11 3.95593e-11 3.57626e-11 3.23302e-11 2.92273e-11 2.64221e-11 2.38861e-11 2.15935e-11 1.95209e-11 1.76472e-11 1.59534e-11 1.44221e-11 1.30378e-11 1.17864e-11 1.0655e-11 9.63226e-12 8.70767e-12 7.87182e-12 7.11619e-12 6.4331e-12
2.72712e-05 1.26233e-07 1.14129e-07 1.03185e-07 9.32911e-08 8.43456e-08 7.62577e-08 6.89453e-08 6.2334e-08 5.63565e-08 5.09523e-08 4.60662e-08 4.16486e-08 3.76546e-08 3.40435e-08 3.07787e-08 2.7827e-08 2.51583e-08 2.27456e-08 2.05642e-08 1.85919e-08 1.68088e-08 1.51967e-08 1.37392e-08 1.24215e-08 1.12301e-08 1.0153e-08 9.17921e-09 8.29879e-09 7.5028e-09 6.78316e-09 6.13253e-09 5.5443e-09 5.01249e-09 4.53169e-09 4.097e-09 3.704e-09 3.34869e-09 3.02747e-09 2.73705e-09 2.47449e-09 2.23712e-09 2.02251e-09 1.82849e-09 1.65308e-09 1.49449e-09 1.35112e-09 1.2215e-09 1.10431e-09 9.98368e-10 9.02586e-10 8.15993e-10 7.37706e-10 6.66929e-10 6.02942e-10 5.45094e-10 4.92795e-10 4.45513e-10 4.02768e-10 3.64123e-10 3.29186e-10 2.976e-10 2.69045e-10 2.4323e-10 2.19891e-10 1.98792e-10 1.79717e-10 1.62472e-10 1.46881e-10 1.32787e-10 1.20045e-10 1.08525e-10 9.81111e-11 8.86961e-11 8.01846e-11 7.24897e-11 6.55332e-11 5.92443e-11 5.35588e-11 4.84188e-11 4.37721e-11 3.95713e-11 3.57736e-11 3.23403e-11 2.92365e-11 2.64306e-11 2.38939e-11 2.16007e-11 1.95275e-11 1.76533e-11 1.59589e-11 1.44272e-11 1.30425e-11 1.17906e-11 1.06589e-11 9.63584e-12 8.71095e-12 7.87482e-12 7.11895e-12 6.43562e-12 5.81787e-12
2.46267e-05 1.14114e-07 1.03173e-07 9.32805e-08 8.43364e-08 7.62498e-08 6.89385e-08 6.23282e-08 5.63517e-08 5.09481e-08 4.60627e-08 4.16456e-08 3.76521e-08 3.40415e-08 3.07771e-08 2.78257e-08 2.51573e-08 2.27447e-08 2.05635e-08 1.85914e-08 1.68085e-08 1.51965e-08 1.37391e-08 1.24214e-08 1.12301e-08 1.01531e-08 9.17931e-09 8.29892e-09 7.50296e-09 6.78334e-09 6.13273e-09 5.54451e-09 5.01271e-09 4.5319e-09 4.09721e-09 3.70422e-09 3.34891e-09 3.02768e-09 2.73726e-09 2.47469e-09 2.23731e-09 2.02269e-09 1.82866e-09 1.65324e-09 1.49465e-09 1.35127e-09 1.22164e-09 1.10445e-09 9.98495e-10 9.02706e-10 8.16105e-10 7.37811e-10 6.67028e-10 6.03034e-10 5.4518e-10 4.92875e-10 4.45588e-10 4.02838e-10 3.64188e-10 3.29246e-10 2.97657e-10 2.69098e-10 2.43278e-10 2.19936e-10 1.98833e-10 1.79755e-10 1.62507e-10 1.46914e-10 1.32818e-10 1.20073e-10 1.08551e-10 9.81352e-11 8.87184e-11 8.02051e-11 7.25086e-11 6.55507e-11 5.92603e-11 5.35735e-11 4.84324e-11 4.37846e-11 3.95828e-11 3.57842e-11 3.23501e-11 2.92455e-11 2.64388e-11 2.39015e-11 2.16076e-11 1.95339e-11 1.76591e-11 1.59643e-11 1.44321e-11 1.3047e-11 1.17948e-11 1.06627e-11 9.63933e-12 8.71414e-12 7.87775e-12 7.12163e-12 6.43807e-12 5.82012e-12 5.26147e-12
2.22387e-05 1.0316e-07 9.32688e-08 8.43263e-08 7.62411e-08 6.89311e-08 6.23218e-08 5.63462e-08 5.09434e-08 4.60587e-08 4.16423e-08 3.76493e-08 3.40391e-08 3.07751e-08 2.7824e-08 2.51559e-08 2.27436e-08 2.05626e-08 1.85907e-08 1.68079e-08 1.51961e-08 1.37388e-08 1.24212e-08 1.123e-08 1.0153e-08 9.17931e-09 8.29897e-09 7.50304e-09 6.78345e-09 6.13286e-09 5.54466e-09 5.01287e-09 4.53207e-09 4.09739e-09 3.70439e-09 3.34909e-09 3.02785e-09 2.73743e-09 2.47486e-09 2.23747e-09 2.02285e-09 1.82882e-09 1.65339e-09 1.49479e-09 1.35141e-09 1.22177e-09 1.10457e-09 9.98612e-10 9.02816e-10 8.16208e-10 7.37909e-10 6.67119e-10 6.0312e-10 5.4526e-10 4.92951e-10 4.45659e-10 4.02903e-10 3.64249e-10 3.29303e-10 2.9771e-10 2.69147e-10 2.43324e-10 2.19979e-10 1.98873e-10 1.79792e-10 1.62542e-10 1.46946e-10 1.32847e-10 1.201e-10 1.08576e-10 9.81583e-11 8.87397e-11 8.02248e-11 7.25268e-11 6.55674e-11 5.92758e-11 5.35878e-11 4.84456e-11 4.37967e-11 3.95939e-11 3.57944e-11 3.23595e-11 2.92541e-11 2.64468e-11 2.39088e-11 2.16143e-11 1.954e-11 1.76648e-11 1.59695e-11 1.44369e-11 1.30514e-11 1.17988e-11 1.06664e-11 9.64271e-12 8.71725e-12 7.8806e-12 7.12423e-12 6.44046e-12 5.82231e-12 5.26348e-12 4.75828e-12
2.00822e-05 9.32562e-08 8.43154e-08 7.62316e-08 6.89228e-08 6.23147e-08 5.63401e-08 5.09382e-08 4.60542e-08 4.16384e-08 3.7646e-08 3.40364e-08 3.07728e-08 2.78221e-08 2.51543e-08 2.27423e-08 2.05615e-08 1.85898e-08 1.68072e-08 1.51955e-08 1.37383e-08 1.24209e-08 1.12298e-08 1.01529e-08 9.17921e-09 8.29892e-09 7.50304e-09 6.78348e-09 6.13292e-09 5.54475e-09 5.01297e-09 4.53219e-09 4.09752e-09 3.70453e-09 3.34923e-09 3.028e-09 2.73758e-09 2.47501e-09 2.23762e-09 2.02299e-09 1.82896e-09 1.65353e-09 1.49492e-09 1.35153e-09 1.22189e-09 1.10468e-09 9.98717e-10 9.02916e-10 8.16303e-10 7.37998e-10 6.67204e-10 6.032e-10 5.45335e-10 4.93021e-10 4.45724e-10 4.02965e-10 3.64307e-10 3.29357e-10 2.9776e-10 2.69194e-10 2.43368e-10 2.20019e-10 1.98911e-10 1.79827e-10 1.62574e-10 1.46976e-10 1.32875e-10 1.20126e-10 1.086e-10 9.81803e-11 8.87601e-11 8.02436e-11 7.25442e-11 6.55835e-11 5.92906e-11 5.36015e-11 4.84582e-11 4.38083e-11 3.96046e-11 3.58043e-11 3.23686e-11 2.92625e-11 2.64545e-11 2.39158e-11 2.16208e-11 1.9546e-11 1.76703e-11 1.59746e-11 1.44415e-11 1.30556e-11 1.18027e-11 1.067e-11 9.646e-12 8.72026e-12 7.88336e-12 7.12677e-12 6.44278e-12 5.82444e-12 5.26543e-12 4.76007e-12 4.30321e-12
1.81348e-05 8.43035e-08 7.62213e-08 6.89139e-08 6.23069e-08 5.63334e-08 5.09324e-08 4.60492e-08 4.16342e-08 3.76424e-08 3.40332e-08 3.07701e-08 2.78198e-08 2.51524e-08 2.27407e-08 2.05602e-08 1.85887e-08 1.68063e-08 1.51948e-08 1.37378e-08 1.24204e-08 1.12294e-08 1.01526e-08 9.17901e-09 8.29879e-09 7.50296e-09 6.78345e-09 6.13292e-09 5.54478e-09 5.01303e-09 4.53227e-09 4.09761e-09 3.70463e-09 3.34934e-09 3.02811e-09 2.73769e-09 2.47512e-09 2.23774e-09 2.02311e-09 1.82907e-09 1.65364e-09 1.49503e-09 1.35164e-09 1.22199e-09 1.10478e-09 9.98812e-10 9.03007e-10 8.1639e-10 7.3808e-10 6.67281e-10 6.03273e-10 5.45404e-10 4.93086e-10 4.45785e-10 4.03022e-10 3.64361e-10 3.29407e-10 2.97807e-10 2.69238e-10 2.43409e-10 2.20057e-10 1.98946e-10 1.7986e-10 1.62605e-10 1.47005e-10 1.32901e-10 1.2015e-10 1.08623e-10 9.82014e-11 8.87796e-11 8.02616e-11 7.25609e-11 6.55989e-11 5.93048e-11 5.36146e-11 4.84703e-11 4.38195e-11 3.96149e-11 3.58138e-11 3.23773e-11 2.92706e-11 2.64619e-11 2.39227e-11 2.16271e-11 1.95518e-11 1.76756e-11 1.59794e-11 1.4446e-11 1.30597e-11 1.18065e-11 1.06735e-11 9.64919e-12 8.72319e-12 7.88604e-12 7.12923e-12 6.44504e-12 5.82651e-12 5.26733e-12 4.76181e-12 4.3048e-12 3.89165e-12
1.63763e-05 7.62101e-08 6.89042e-08 6.22985e-08 5.6326e-08 5.09261e-08 4.60437e-08 4.16294e-08 3.76383e-08 3.40297e-08 3.07671e-08 2.78173e-08 2.51502e-08 2.27388e-08 2.05586e-08 1.85874e-08 1.68052e-08 1.51939e-08 1.3737e-08 1.24198e-08 1.12289e-08 1.01522e-08 9.17872e-09 8.29857e-09 7.5028e-09 6.78334e-09 6.13286e-09 5.54475e-09 5.01303e-09 4.53229e-09 4.09765e-09 3.70469e-09 3.34941e-09 3.02819e-09 2.73778e-09 2.47522e-09 2.23783e-09 2.02321e-09 1.82917e-09 1.65374e-09 1.49513e-09 1.35173e-09 1.22208e-09 1.10487e-09 9.98897e-10 9.03088e-10 8.16467e-10 7.38154e-10 6.67352e-10 6.0334e-10 5.45468e-10 4.93146e-10 4.45842e-10 4.03075e-10 3.6441e-10 3.29454e-10 2.97851e-10 2.69279e-10 2.43447e-10 2.20093e-10 1.98979e-10 1.79891e-10 1.62634e-10 1.47031e-10 1.32926e-10 1.20174e-10 1.08645e-10 9.82214e-11 8.87981e-11 8.02788e-11 7.25768e-11 6.56136e-11 5.93184e-11 5.36272e-11 4.84819e-11 4.38302e-11 3.96248e-11 3.58229e-11 3.23857e-11 2.92783e-11 2.6469e-11 2.39292e-11 2.16332e-11 1.95574e-11 1.76807e-11 1.59842e-11 1.44504e-11 1.30637e-11 1.18101e-11 1.06768e-11 9.65228e-12 8.72602e-12 7.88865e-12 7.13162e-12 6.44723e-12 5.82852e-12 5.26917e-12 4.7635e-12 4.30635e-12 3.89307e-12 3.51945e-12
1.47883e-05 6.88937e-08 6.22894e-08 5.63181e-08 5.09192e-08 4.60378e-08 4.16243e-08 3.76338e-08 3.40259e-08 3.07638e-08 2.78144e-08 2.51478e-08 2.27367e-08 2.05569e-08 1.85859e-08 1.6804e-08 1.51928e-08 1.37361e-08 1.24191e-08 1.12283e-08 1.01517e-08 9.17832e-09 8.29826e-09 7.50256e-09 6.78316e-09 6.13273e-09 5.54466e-09 5.01297e-09 4.53227e-09 4.09765e-09 3.70471e-09 3.34944e-09 3.02824e-09 2.73784e-09 2.47528e-09 2.2379e-09 2.02328e-09 1.82925e-09 1.65382e-09 1.49521e-09 1.35181e-09 1.22216e-09 1.10495e-09 9.98971e-10 9.0316e-10 8.16536e-10 7.38221e-10 6.67415e-10 6.03401e-10 5.45525e-10 4.932e-10 4.45894e-10 4.03124e-10 3.64456e-10 3.29497e-10 2.97891e-10 2.69317e-10 2.43483e-10 2.20127e-10 1.99011e-10 1.7992e-10 1.62661e-10 1.47057e-10 1.3295e-10 1.20196e-10 1.08665e-10 9.82404e-11 8.88157e-11 8.02951e-11 7.25919e-11 6.56276e-11 5.93314e-11 5.36392e-11 4.8493e-11 4.38405e-11 3.96343e-11 3.58317e-11 3.23938e-11 2.92857e-11 2.64759e-11 2.39356e-11 2.1639e-11 1.95627e-11 1.76857e-11 1.59887e-11 1.44545e-11 1.30676e-11 1.18137e-11 1.06801e-11 9.65527e-12 8.72877e-12 7.89117e-12 7.13393e-12 6.44936e-12 5.83047e-12 5.27096e-12 4.76514e-12 4.30786e-12 3.89445e-12 3.52071e-12 3.18284e-12
1.33543e-05 6.22796e-08 5.63096e-08 5.09117e-08 4.60313e-08 4.16186e-08 3.76289e-08 3.40217e-08 3.07601e-08 2.78113e-08 2.51451e-08 2.27344e-08 2.05549e-08 1.85842e-08 1.68025e-08 1.51916e-08 1.37351e-08 1.24182e-08 1.12276e-08 1.01511e-08 9.17783e-09 8.29786e-09 7.50224e-09 6.7829e-09 6.13253e-09 5.54451e-09 5.01287e-09 4.53219e-09 4.09761e-09 3.70469e-09 3.34944e-09 3.02826e-09 2.73787e-09 2.47532e-09 2.23795e-09 2.02334e-09 1.8293e-09 1.65388e-09 1.49527e-09 1.35187e-09 1.22222e-09 1.10501e-09 9.99034e-10 9.03222e-10 8.16597e-10 7.38279e-10 6.67472e-10 6.03455e-10 5.45577e-10 4.9325e-10 4.45941e-10 4.03169e-10 3.64499e-10 3.29537e-10 2.97929e-10 2.69352e-10 2.43516e-10 2.20158e-10 1.9904e-10 1.79948e-10 1.62686e-10 1.47081e-10 1.32972e-10 1.20216e-10 1.08684e-10 9.82583e-11 8.88324e-11 8.03106e-11 7.26063e-11 6.5641e-11 5.93438e-11 5.36506e-11 4.85036e-11 4.38503e-11 3.96434e-11 3.584e-11 3.24015e-11 2.92929e-11 2.64825e-11 2.39417e-11 2.16446e-11 1.95679e-11 1.76904e-11 1.59931e-11 1.44586e-11 1.30713e-11 1.18171e-11 1.06832e-11 9.65816e-12 8.73143e-12 7.89361e-12 7.13618e-12 6.45142e-12 5.83236e-12 5.2727e-12 4.76673e-12 4.30932e-12 3.89579e-12 3.52194e-12 3.18397e-12 2.87842e-12
1.20593e-05 5.63004e-08 5.09038e-08 4.60243e-08 4.16126e-08 3.76237e-08 3.40171e-08 3.07562e-08 2.78078e-08 2.51421e-08 2.27319e-08 2.05527e-08 1.85823e-08 1.68009e-08 1.51902e-08 1.37339e-08 1.24172e-08 1.12268e-08 1.01504e-08 9.17724e-09 8.29737e-09 7.50184e-09 6.78258e-09 6.13227e-09 5.5443e-09 5.01271e-09 4.53207e-09 4.09752e-09 3.70463e-09 3.34941e-09 3.02824e-09 2.73787e-09 2.47534e-09 2.23797e-09 2.02337e-09 1.82934e-09 1.65392e-09 1.49532e-09 1.35192e-09 1.22228e-09 1.10506e-09 9.99087e-10 9.03274e-10 8.16649e-10 7.3833e-10 6.67521e-10 6.03502e-10 5.45623e-10 4.93294e-10 4.45983e-10 4.03209e-10 3.64537e-10 3.29574e-10 2.97963e-10 2.69385e-10 2.43547e-10 2.20187e-10 1.99067e-10 1.79973e-10 1.6271e-10 1.47103e-10 1.32993e-10 1.20236e-10 1.08702e-10 9.82753e-11 8.88482e-11 8.03253e-11 7.26199e-11 6.56536e-11 5.93555e-11 5.36615e-11 4.85137e-11 4.38596e-11 3.9652e-11 3.5848e-11 3.24089e-11 2.92997e-11 2.64888e-11 2.39475e-11 2.165e-11 1.95729e-11 1.7695e-11 1.59973e-11 1.44625e-11 1.30749e-11 1.18204e-11 1.06863e-11 9.66095e-12 8.73399e-12 7.89597e-12 7.13835e-12 6.45341e-12 5.83419e-12 5.27438e-12 4.76828e-12 4.31073e-12 3.89709e-12 3.52314e-12 3.18506e-12 2.87942e-12 2.60311e-12
