0.705579 0.0554398 0.0284754 0.0155227 0.00879263 0.00508677 0.00296807 0.00173215 0.00100595 0.000579755 0.00033116 0.000187416 0.000105109 5.84442e-05 3.22395e-05 1.76552e-05 9.60477e-06 5.19407e-06 2.79379e-06 1.49547e-06 7.97022e-07 4.23119e-07 2.23831e-07 1.1803e-07 6.20591e-08 3.25428e-08 1.70201e-08 8.87415e-09 4.60166e-09 2.35061e-09 1.22068e-09
0.0554398 0.00737475 0.00384837 0.00204871 0.00109201 0.000578005 0.000302986 0.000157269 8.09098e-05 4.1309e-05 2.09573e-05 1.05774e-05 5.31648e-06 2.66342e-06 1.33087e-06 6.6369e-07 3.3047e-07 1.64362e-07 8.16784e-08 4.0565e-08 2.0138e-08 9.99467e-09 4.95967e-09 2.4609e-09 1.22087e-09 6.05358e-10 2.99549e-10 1.47111e-10 7.02947e-11 3.02437e-11 1.50133e-11
0.0284754 0.00384837 0.00191404 0.000978783 0.000505745 0.00026152 0.000134718 6.90161e-05 3.51531e-05 1.78093e-05 8.98047e-06 4.51073e-06 2.2584e-06 1.12782e-06 5.6209e-07 2.79703e-07 1.39022e-07 6.90392e-08 3.42647e-08 1.69989e-08 8.43118e-09 4.18116e-09 2.07336e-09 1.02803e-09 5.09491e-10 2.52041e-10 1.23839e-10 5.93858e-11 2.60263e-11 1.2804e-11 6.35831e-12
0.0155227 0.00204871 0.000978783 0.000482415 0.00024174 0.000121993 6.16577e-05 3.11226e-05 1.56695e-05 7.86629e-06 3.93786e-06 1.96636e-06 9.79821e-07 4.87402e-07 2.42128e-07 1.20161e-07 5.95885e-08 2.95354e-08 1.46347e-08 7.25028e-09 3.5917e-09 1.77929e-09 8.81413e-10 4.36475e-10 2.15793e-10 1.06038e-10 5.09869e-11 2.2674e-11 1.11808e-11 5.50092e-12 2.73237e-12
0.00879263 0.00109201 0.000505745 0.00024174 0.000117881 5.8143e-05 2.88438e-05 1.43423e-05 7.13443e-06 3.54694e-06 1.76168e-06 8.74059e-07 4.33245e-07 2.14574e-07 1.06207e-07 5.25462e-08 2.59906e-08 1.28541e-08 6.35721e-09 3.14435e-09 1.55545e-09 7.69521e-10 3.80624e-10 1.88008e-10 9.23623e-11 4.45089e-11 2.00467e-11 9.87899e-12 4.87194e-12 2.39702e-12 1.19079e-12
0.00508677 0.000578005 0.00026152 0.000121993 5.8143e-05 2.81068e-05 1.37073e-05 6.71966e-06 3.30371e-06 1.62672e-06 8.01567e-07 3.95099e-07 1.94774e-07 9.60275e-08 4.73486e-08 2.33501e-08 1.15177e-08 5.68287e-09 2.80485e-09 1.38484e-09 6.83929e-10 3.37766e-10 1.66628e-10 8.18114e-11 3.94923e-11 1.79871e-11 8.85245e-12 4.36281e-12 2.15163e-12 1.05857e-12 5.25896e-13
0.00296807 0.000302986 0.000134718 6.16577e-05 2.88438e-05 1.37073e-05 6.58534e-06 3.18711e-06 1.55003e-06 7.56309e-07 3.69843e-07 1.81138e-07 8.88189e-08 4.35917e-08 2.14117e-08 1.05248e-08 5.17698e-09 2.54818e-09 1.25503e-09 6.18461e-10 3.04839e-10 1.50139e-10 7.36454e-11 3.55928e-11 1.63673e-11 8.0436e-12 3.95889e-12 1.95108e-12 9.62184e-13 4.73337e-13 2.35137e-13
0.00173215 0.000157269 6.90161e-05 3.11226e-05 1.43423e-05 6.71966e-06 3.18711e-06 1.52516e-06 7.34566e-07 3.55449e-07 1.72593e-07 8.40255e-08 4.09915e-08 2.00313e-08 9.80272e-09 4.80319e-09 2.35615e-09 1.15695e-09 5.68596e-10 2.79592e-10 1.37426e-10 6.73186e-11 3.25552e-11 1.509e-11 7.40476e-12 3.6391e-12 1.79104e-12 8.82626e-13 4.35221e-13 2.14073e-13 1.06327e-13
0.00100595 8.09098e-05 3.51531e-05 1.56695e-05 7.13443e-06 3.30371e-06 1.55003e-06 7.34566e-07 3.50773e-07 1.68479e-07 8.12851e-08 3.93559e-08 1.91093e-08 9.30042e-09 4.53552e-09 2.21566e-09 1.08401e-09 5.31033e-10 2.60379e-10 1.2767e-10 6.24288e-11 3.01908e-11 1.40824e-11 6.89945e-12 3.38561e-12 1.66379e-12 8.18785e-13 4.03442e-13 1.98902e-13 9.78167e-14 4.85724e-14
0.000579755 4.1309e-05 1.78093e-05 7.86629e-06 3.54694e-06 1.62672e-06 7.56309e-07 3.55449e-07 1.68479e-07 8.03936e-08 3.85664e-08 1.85805e-08 8.98325e-09 4.35593e-09 2.11743e-09 1.03149e-09 5.03386e-10 2.45998e-10 1.20271e-10 5.86801e-11 2.836e-11 1.32903e-11 6.50037e-12 3.18469e-12 1.56265e-12 7.67847e-13 3.77813e-13 1.86125e-13 9.17416e-14 4.51071e-14 2.23918e-14
0.00033116 2.09573e-05 8.98047e-06 3.93786e-06 1.76168e-06 8.01567e-07 3.69843e-07 1.72593e-07 8.12851e-08 3.85664e-08 1.84083e-08 8.82978e-09 4.25262e-09 2.05517e-09 9.9609e-10 4.83959e-10 2.35586e-10 1.14792e-10 5.58557e-11 2.69601e-11 1.26737e-11 6.18719e-12 3.02605e-12 1.48241e-12 7.27285e-13 3.57311e-13 1.75776e-13 8.65728e-14 4.26607e-14 2.09701e-14 1.04061e-14
0.000187416 1.05774e-05 4.51073e-06 1.96636e-06 8.74059e-07 3.95099e-07 1.81138e-07 8.40255e-08 3.93559e-08 1.85805e-08 8.82978e-09 4.2189e-09 2.02498e-09 9.75665e-10 4.71601e-10 2.2854e-10 1.10924e-10 5.37996e-11 2.59164e-11 1.22028e-11 5.94484e-12 2.90202e-12 1.41918e-12 6.95129e-13 3.40977e-13 1.67484e-13 8.23719e-14 4.05583e-14 1.99801e-14 9.81867e-15 4.87048e-15
0.000105109 5.31648e-06 2.2584e-06 9.79821e-07 4.33245e-07 1.94774e-07 8.88189e-08 4.09915e-08 1.91093e-08 8.98325e-09 4.25262e-09 2.02498e-09 9.68988e-10 4.65593e-10 2.24461e-10 1.08455e-10 5.24021e-11 2.51754e-11 1.18561e-11 5.76229e-12 2.80696e-12 1.37007e-12 6.69897e-13 3.28061e-13 1.60886e-13 7.90055e-14 3.88455e-14 1.91209e-14 9.41643e-15 4.62614e-15 2.2938e-15
5.84442e-05 2.66342e-06 1.12782e-06 4.87402e-07 2.14574e-07 9.60275e-08 4.35917e-08 2.00313e-08 9.30042e-09 4.35593e-09 2.05517e-09 9.75665e-10 4.65593e-10 2.23126e-10 1.07252e-10 5.1591e-11 2.47002e-11 1.16185e-11 5.6316e-12 2.73676e-12 1.33295e-12 6.50496e-13 3.17998e-13 1.55693e-13 7.63349e-14 3.74749e-14 1.84201e-14 9.06392e-15 4.46219e-15 2.19156e-15 1.08617e-15
3.22395e-05 1.33087e-06 5.6209e-07 2.42128e-07 1.06207e-07 4.73486e-08 2.14117e-08 9.80272e-09 4.53552e-09 2.11743e-09 9.9609e-10 4.71601e-10 2.24461e-10 1.07252e-10 5.1325e-11 2.44682e-11 1.14797e-11 5.54731e-12 2.68851e-12 1.30631e-12 6.36129e-13 3.10372e-13 1.51691e-13 7.42493e-14 3.63935e-14 1.78611e-14 8.77646e-15 4.31714e-15 2.1246e-15 1.04317e-15 5.16781e-16
1.76552e-05 6.6369e-07 2.79703e-07 1.20161e-07 5.25462e-08 2.33501e-08 1.05248e-08 4.80319e-09 2.21566e-09 1.03149e-09 4.83959e-10 2.2854e-10 1.08455e-10 5.1591e-11 2.44682e-11 1.14341e-11 5.50599e-12 2.66029e-12 1.2891e-12 6.26234e-13 3.04886e-13 1.4872e-13 7.26658e-14 3.55583e-14 1.74238e-14 8.5485e-15 4.19909e-15 2.06481e-15 1.0158e-15 4.98604e-16 2.46896e-16
9.60477e-06 3.3047e-07 1.39022e-07 5.95885e-08 2.59906e-08 1.15177e-08 5.17698e-09 2.35615e-09 1.08401e-09 5.03386e-10 2.35586e-10 1.10924e-10 5.24021e-11 2.47002e-11 1.14797e-11 5.50599e-12 2.65101e-12 1.28065e-12 6.20439e-13 3.01335e-13 1.4667e-13 7.15248e-14 3.49377e-14 1.70913e-14 8.37221e-15 4.10626e-15 2.01634e-15 9.91144e-16 4.87431e-16 2.39183e-16 1.18384e-16
5.19407e-06 1.64362e-07 6.90392e-08 2.95354e-08 1.28541e-08 5.68287e-09 2.54818e-09 1.15695e-09 5.31033e-10 2.45998e-10 1.14792e-10 5.37996e-11 2.51754e-11 1.16185e-11 5.54731e-12 2.66029e-12 1.28065e-12 6.1853e-13 2.99591e-13 1.45469e-13 7.07853e-14 3.4509e-14 1.68516e-14 8.24112e-15 4.03563e-15 1.97867e-15 9.71277e-16 4.77269e-16 2.34633e-16 1.15101e-16 5.69446e-17
2.79379e-06 8.16784e-08 3.42647e-08 1.46347e-08 6.35721e-09 2.80485e-09 1.25503e-09 5.68596e-10 2.60379e-10 1.20271e-10 5.58557e-11 2.59164e-11 1.18561e-11 5.6316e-12 2.68851e-12 1.2891e-12 6.20439e-13 2.99591e-13 1.45073e-13 7.04217e-14 3.42575e-14 1.66961e-14 8.15056e-15 3.9847e-15 1.95065e-15 9.56087e-16 4.69157e-16 2.30456e-16 1.13257e-16 5.5543e-17 2.74674e-17
1.49547e-06 4.0565e-08 1.69989e-08 7.25028e-09 3.14435e-09 1.38484e-09 6.18461e-10 2.79592e-10 1.2767e-10 5.86801e-11 2.69601e-11 1.22028e-11 5.76229e-12 2.73676e-12 1.30631e-12 6.26234e-13 3.01335e-13 1.45469e-13 7.04217e-14 3.41745e-14 1.66196e-14 8.0974e-15 3.95167e-15 1.9313e-15 9.45131e-16 4.63091e-16 2.27165e-16 1.11548e-16 5.48015e-17 2.6868e-17 1.32814e-17
7.97022e-07 2.0138e-08 8.43118e-09 3.5917e-09 1.55545e-09 6.83929e-10 3.04839e-10 1.37426e-10 6.24288e-11 2.836e-11 1.26737e-11 5.94484e-12 2.80696e-12 1.33295e-12 6.36129e-13 3.04886e-13 1.4667e-13 7.07853e-14 3.42575e-14 1.66196e-14 8.07987e-15 3.93543e-15 1.91995e-15 9.38033e-16 4.58901e-16 2.24776e-16 1.10225e-16 5.41075e-17 2.65733e-17 1.30248e-17 6.43579e-18
4.23119e-07 9.99467e-09 4.18116e-09 1.77929e-09 7.69521e-10 3.37766e-10 1.50139e-10 6.73186e-11 3.01908e-11 1.32903e-11 6.18719e-12 2.90202e-12 1.37007e-12 6.50496e-13 3.10372e-13 1.4872e-13 7.15248e-14 3.4509e-14 1.66961e-14 8.0974e-15 3.93543e-15 1.9162e-15 9.34544e-16 4.56446e-16 2.23229e-16 1.09305e-16 5.35835e-17 2.62945e-17 1.29097e-17 6.32597e-18 3.12455e-18
2.23831e-07 4.95967e-09 2.07336e-09 8.81413e-10 3.80624e-10 1.66628e-10 7.36454e-11 3.25552e-11 1.40824e-11 6.50037e-12 3.02605e-12 1.41918e-12 6.69897e-13 3.17998e-13 1.51691e-13 7.26658e-14 3.49377e-14 1.68516e-14 8.15056e-15 3.95167e-15 1.91995e-15 9.34544e-16 4.55637e-16 2.22469e-16 1.08766e-16 5.3241e-17 2.60914e-17 1.27995e-17 6.28218e-18 3.07758e-18 1.51952e-18
1.1803e-07 2.4609e-09 1.02803e-09 4.36475e-10 1.88008e-10 8.18114e-11 3.55928e-11 1.509e-11 6.89945e-12 3.18469e-12 1.48241e-12 6.95129e-13 3.28061e-13 1.55693e-13 7.42493e-14 3.55583e-14 1.70913e-14 8.24112e-15 3.9847e-15 1.9313e-15 9.38033e-16 4.56446e-16 2.22469e-16 1.08588e-16 5.30726e-17 2.59709e-17 1.27234e-17 6.23973e-18 3.06163e-18 1.49949e-18 7.40085e-19
6.20591e-08 1.22087e-09 5.09491e-10 2.15793e-10 9.23623e-11 3.94923e-11 1.63673e-11 7.40476e-12 3.38561e-12 1.56265e-12 7.27285e-13 3.40977e-13 1.60886e-13 7.63349e-14 3.63935e-14 1.74238e-14 8.37221e-15 4.03563e-15 1.95065e-15 9.45131e-16 4.58901e-16 2.23229e-16 1.08766e-16 5.30726e-17 2.59312e-17 1.26855e-17 6.21285e-18 3.04594e-18 1.49411e-18 7.31592e-19 3.60955e-19
3.25428e-08 6.05358e-10 2.52041e-10 1.06038e-10 4.45089e-11 1.79871e-11 8.0436e-12 3.6391e-12 1.66379e-12 7.67847e-13 3.57311e-13 1.67484e-13 7.90055e-14 3.74749e-14 1.78611e-14 8.5485e-15 4.10626e-15 1.97867e-15 9.56087e-16 4.63091e-16 2.24776e-16 1.09305e-16 5.3241e-17 2.59709e-17 1.26855e-17 6.20383e-18 3.03749e-18 1.48873e-18 7.30051e-19 3.57387e-19 1.76268e-19
1.70201e-08 2.99549e-10 1.23839e-10 5.09869e-11 2.00467e-11 8.85245e-12 3.95889e-12 1.79104e-12 8.18785e-13 3.77813e-13 1.75776e-13 8.23719e-14 3.88455e-14 1.84201e-14 8.77646e-15 4.19909e-15 2.01634e-15 9.71277e-16 4.69157e-16 2.27165e-16 1.10225e-16 5.35835e-17 2.60914e-17 1.27234e-17 6.21285e-18 3.03749e-18 1.48676e-18 7.2848e-19 3.57136e-19 1.74791e-19 8.61804e-20
8.87415e-09 1.47111e-10 5.93858e-11 2.2674e-11 9.87899e-12 4.36281e-12 1.95108e-12 8.82626e-13 4.03442e-13 1.86125e-13 8.65728e-14 4.05583e-14 1.91209e-14 9.06392e-15 4.31714e-15 2.06481e-15 9.91144e-16 4.77269e-16 2.30456e-16 1.11548e-16 5.41075e-17 2.62945e-17 1.27995e-17 6.23973e-18 3.04594e-18 1.48873e-18 7.2848e-19 3.56838e-19 1.74891e-19 8.55767e-20 4.21799e-20
4.60166e-09 7.02947e-11 2.60263e-11 1.11808e-11 4.87194e-12 2.15163e-12 9.62184e-13 4.35221e-13 1.98902e-13 9.17416e-14 4.26607e-14 1.99801e-14 9.41643e-15 4.46219e-15 2.1246e-15 1.0158e-15 4.87431e-16 2.34633e-16 1.13257e-16 5.48015e-17 2.65733e-17 1.29097e-17 6.28218e-18 3.06163e-18 1.49411e-18 7.30051e-19 3.57136e-19 1.74891e-19 8.56944e-20 4.19224e-20 2.06567e-20
2.35061e-09 3.02437e-11 1.2804e-11 5.50092e-12 2.39702e-12 1.05857e-12 4.73337e-13 2.14073e-13 9.78167e-14 4.51071e-14 2.09701e-14 9.81867e-15 4.62614e-15 2.19156e-15 1.04317e-15 4.98604e-16 2.39183e-16 1.15101e-16 5.5543e-17 2.6868e-17 1.30248e-17 6.32597e-18 3.07758e-18 1.49949e-18 7.31592e-19 3.57387e-19 1.74791e-19 8.55767e-20 4.19224e-20 2.05051e-20 1.01011e-20
1.22068e-09 1.50133e-11 6.35831e-12 2.73237e-12 1.19079e-12 5.25896e-13 2.35137e-13 1.06327e-13 4.85724e-14 2.23918e-14 1.04061e-14 4.87048e-15 2.2938e-15 1.08617e-15 5.16781e-16 2.46896e-16 1.18384e-16 5.69446e-17 2.74674e-17 1.32814e-17 6.43579e-18 3.12455e-18 1.51952e-18 7.40085e-19 3.60955e-19 1.76268e-19 8.61804e-20 4.21799e-20 2.06567e-20 1.01011e-20 4.97411e-21
