0.980201 0.000974974 0.000871763 0.000779926 0.000698162 0.000625323 0.000560397 0.000502488 0.000450808 0.000404658 0.000363421 0.000326551 0.000293564 0.000264033 0.000237577 0.00021386 0.000192583 0.00017348 0.000156316 0.000140881 0.000126987 0.000114468 0.000103175 9.29753e-05 8.37506e-05 7.53939e-05 6.78098e-05 6.09125e-05 5.46244e-05 4.88756e-05 4.42278e-05
0.000974974 5.4768e-06 4.89845e-06 4.38324e-06 3.92385e-06 3.51383e-06 3.14752e-06 2.81989e-06 2.52655e-06 2.26358e-06 2.02755e-06 1.81539e-06 1.62441e-06 1.45221e-06 1.29666e-06 1.15586e-06 1.02813e-06 9.11977e-07 8.06052e-07 7.0916e-07 6.20228e-07 5.38298e-07 4.62509e-07 3.92088e-07 3.26341e-07 2.64647e-07 2.06447e-07 1.51245e-07 9.85948e-08 4.81049e-08 4.32565e-08
0.000871763 4.89845e-06 4.38009e-06 3.91825e-06 3.50637e-06 3.13867e-06 2.81007e-06 2.51608e-06 2.25274e-06 2.01655e-06 1.80441e-06 1.61359e-06 1.44166e-06 1.28646e-06 1.14609e-06 1.01884e-06 9.032e-07 7.97813e-07 7.01478e-07 6.13117e-07 5.31764e-07 4.56557e-07 3.86721e-07 3.21563e-07 2.60461e-07 2.02858e-07 1.4826e-07 9.6225e-08 4.63646e-08 4.15157e-08 3.73366e-08
0.000779926 4.38324e-06 3.91825e-06 3.50388e-06 3.13425e-06 2.80418e-06 2.5091e-06 2.245e-06 2.0083e-06 1.79587e-06 1.60493e-06 1.43303e-06 1.27797e-06 1.13783e-06 1.01088e-06 8.9559e-07 7.90601e-07 6.94695e-07 6.06787e-07 5.25907e-07 4.51187e-07 3.81849e-07 3.17199e-07 2.56614e-07 1.99539e-07 1.45479e-07 9.39963e-08 4.47048e-08 4.00265e-08 3.58398e-08 3.22367e-08
0.000698162 3.92385e-06 3.50637e-06 3.13425e-06 2.80222e-06 2.50562e-06 2.24035e-06 2.0028e-06 1.78977e-06 1.59844e-06 1.42632e-06 1.27118e-06 1.13107e-06 1.00424e-06 8.89149e-07 7.84416e-07 6.88812e-07 6.01244e-07 5.20732e-07 4.46404e-07 3.77478e-07 3.13256e-07 2.53115e-07 1.96499e-07 1.42914e-07 9.19221e-08 4.31411e-08 3.86093e-08 3.45682e-08 3.09519e-08 2.78442e-08
0.000625323 3.51383e-06 3.13867e-06 2.80418e-06 2.50562e-06 2.2388e-06 2.00005e-06 1.78611e-06 1.59412e-06 1.42152e-06 1.26608e-06 1.12581e-06 9.9893e-07 8.83879e-07 7.7926e-07 6.83832e-07 5.96488e-07 5.16242e-07 4.42212e-07 3.73613e-07 3.09741e-07 2.49972e-07 1.93747e-07 1.40573e-07 9.00132e-08 4.16858e-08 3.72781e-08 3.3361e-08 2.98686e-08 2.67434e-08 2.40619e-08
0.000560397 3.14752e-06 2.81007e-06 2.5091e-06 2.24035e-06 2.00005e-06 1.78489e-06 1.59195e-06 1.41865e-06 1.26269e-06 1.12205e-06 9.94948e-07 8.7978e-07 7.75135e-07 6.79756e-07 5.92524e-07 5.1244e-07 4.38615e-07 3.70257e-07 3.06658e-07 2.47189e-07 1.9129e-07 1.38465e-07 8.82781e-08 4.03485e-08 3.60437e-08 3.22306e-08 2.88428e-08 2.58229e-08 2.31205e-08 2.08055e-08
0.000502488 2.81989e-06 2.51608e-06 2.245e-06 2.0028e-06 1.78611e-06 1.59195e-06 1.41769e-06 1.26099e-06 1.1198e-06 9.92292e-07 8.76851e-07 7.72041e-07 6.76585e-07 5.8935e-07 5.09327e-07 4.35615e-07 3.67414e-07 3.0401e-07 2.44771e-07 1.89131e-07 1.36594e-07 8.67233e-08 3.9137e-08 3.4915e-08 3.11869e-08 2.78858e-08 2.49538e-08 2.23406e-08 2.00023e-08 1.80023e-08
0.000450808 2.52655e-06 2.25274e-06 2.0083e-06 1.78977e-06 1.59412e-06 1.41865e-06 1.26099e-06 1.11905e-06 9.90965e-07 8.75094e-07 7.69977e-07 6.7432e-07 5.8697e-07 5.06904e-07 4.33213e-07 3.65085e-07 3.01801e-07 2.4272e-07 1.87275e-07 1.34966e-07 8.5354e-08 3.80571e-08 3.38987e-08 3.02376e-08 2.70063e-08 2.41462e-08 2.16066e-08 1.93435e-08 1.73185e-08 1.55893e-08
0.000404658 2.26358e-06 2.01655e-06 1.79587e-06 1.59844e-06 1.42152e-06 1.26269e-06 1.1198e-06 9.90965e-07 8.74508e-07 7.68946e-07 6.7296e-07 5.85382e-07 5.05173e-07 4.3141e-07 3.63272e-07 3.00031e-07 2.41039e-07 1.85725e-07 1.33584e-07 8.41742e-08 3.71136e-08 3.30002e-08 2.93889e-08 2.62112e-08 2.34079e-08 2.09275e-08 1.87258e-08 1.6764e-08 1.50088e-08 1.35123e-08
0.000363421 2.02755e-06 1.80441e-06 1.60493e-06 1.42632e-06 1.26608e-06 1.12205e-06 9.92292e-07 8.75094e-07 7.68946e-07 6.72507e-07 5.84588e-07 5.04135e-07 4.30208e-07 3.61977e-07 2.98703e-07 2.39731e-07 1.84483e-07 1.3245e-07 8.31871e-08 3.63101e-08 3.22236e-08 2.86456e-08 2.55061e-08 2.27451e-08 2.03104e-08 1.81572e-08 1.62463e-08 1.4544e-08 1.30209e-08 1.17245e-08
0.000326551 1.81539e-06 1.61359e-06 1.43303e-06 1.27118e-06 1.12581e-06 9.94948e-07 8.76851e-07 7.69977e-07 6.7296e-07 5.84588e-07 5.03788e-07 4.29607e-07 3.61199e-07 2.97817e-07 2.38795e-07 1.8355e-07 1.31566e-07 8.23949e-08 3.56493e-08 3.15723e-08 2.80113e-08 2.48952e-08 2.21627e-08 1.97609e-08 1.76439e-08 1.57724e-08 1.41119e-08 1.2633e-08 1.13098e-08 1.01854e-08
0.000293564 1.62441e-06 1.44166e-06 1.27797e-06 1.13107e-06 9.9893e-07 8.7978e-07 7.72041e-07 6.7432e-07 5.85382e-07 5.04135e-07 4.29607e-07 3.6094e-07 2.97373e-07 2.38233e-07 1.82927e-07 1.30934e-07 8.17994e-08 3.51335e-08 3.10486e-08 2.74889e-08 2.43818e-08 2.16645e-08 1.92831e-08 1.7191e-08 1.53479e-08 1.3719e-08 1.22743e-08 1.09877e-08 9.83668e-09 8.86004e-09
0.000264033 1.45221e-06 1.28646e-06 1.13783e-06 1.00424e-06 8.83879e-07 7.75135e-07 6.76585e-07 5.8697e-07 5.05173e-07 4.30208e-07 3.61199e-07 2.97373e-07 2.38046e-07 1.82615e-07 1.30554e-07 8.14018e-08 3.4764e-08 3.06544e-08 2.70806e-08 2.39683e-08 2.12534e-08 1.88806e-08 1.68023e-08 1.49773e-08 1.33703e-08 1.19505e-08 1.06917e-08 9.57076e-09 8.568e-09 7.71848e-09
0.000237577 1.29666e-06 1.14609e-06 1.01088e-06 8.89149e-07 7.7926e-07 6.79756e-07 5.8935e-07 5.06904e-07 4.3141e-07 3.61977e-07 2.97817e-07 2.38233e-07 1.82615e-07 1.30427e-07 8.12028e-08 3.4542e-08 3.03909e-08 2.6788e-08 2.36568e-08 2.09316e-08 1.85559e-08 1.64807e-08 1.4664e-08 1.30696e-08 1.16662e-08 1.04268e-08 9.32808e-09 8.34996e-09 7.47496e-09 6.7348e-09
0.00021386 1.15586e-06 1.01884e-06 8.9559e-07 7.84416e-07 6.83832e-07 5.92524e-07 5.09327e-07 4.33213e-07 3.63272e-07 2.98703e-07 2.38795e-07 1.82927e-07 1.30554e-07 8.12028e-08 3.44679e-08 3.0259e-08 2.66119e-08 2.34483e-08 2.07007e-08 1.83107e-08 1.62284e-08 1.44106e-08 1.282e-08 1.14247e-08 1.0197e-08 9.11313e-09 8.15258e-09 7.29757e-09 6.53273e-09 5.88667e-09
0.000192583 1.02813e-06 9.032e-07 7.90601e-07 6.88812e-07 5.96488e-07 5.1244e-07 4.35615e-07 3.65085e-07 3.00031e-07 2.39731e-07 1.8355e-07 1.30934e-07 8.14018e-08 3.4542e-08 3.0259e-08 2.65532e-08 2.33439e-08 2.05617e-08 1.81466e-08 1.60472e-08 1.42189e-08 1.26237e-08 1.12286e-08 1.00053e-08 8.9294e-09 7.97985e-09 7.13851e-09 6.38972e-09 5.71993e-09 5.15493e-09
0.00017348 9.11977e-07 7.97813e-07 6.94695e-07 6.01244e-07 5.16242e-07 4.38615e-07 3.67414e-07 3.01801e-07 2.41039e-07 1.84483e-07 1.31566e-07 8.17994e-08 3.4764e-08 3.03909e-08 2.66119e-08 2.33439e-08 2.05153e-08 1.80644e-08 1.5938e-08 1.40904e-08 1.24824e-08 1.108e-08 9.85407e-09 8.77955e-09 7.83483e-09 7.00131e-09 6.26294e-09 5.60589e-09 5.01817e-09 4.52304e-09
0.000156316 8.06052e-07 7.01478e-07 6.06787e-07 5.20732e-07 4.42212e-07 3.70257e-07 3.0401e-07 2.4272e-07 1.85725e-07 1.3245e-07 8.23949e-08 3.51335e-08 3.06544e-08 2.6788e-08 2.34483e-08 2.05617e-08 1.80644e-08 1.59015e-08 1.4026e-08 1.23972e-08 1.09802e-08 9.74491e-09 8.66555e-09 7.71984e-09 6.88865e-09 6.15549e-09 5.50617e-09 4.92842e-09 4.41165e-09 3.9768e-09
0.000140881 7.0916e-07 6.13117e-07 5.25907e-07 4.46404e-07 3.73613e-07 3.06658e-07 2.44771e-07 1.87275e-07 1.33584e-07 8.31871e-08 3.56493e-08 3.10486e-08 2.70806e-08 2.36568e-08 2.07007e-08 1.81466e-08 1.5938e-08 1.4026e-08 1.23687e-08 1.09301e-08 9.67898e-09 8.58881e-09 7.63657e-09 6.80253e-09 6.0697e-09 5.42347e-09 4.85123e-09 4.34213e-09 3.88678e-09 3.50401e-09
0.000126987 6.20228e-07 5.31764e-07 4.51187e-07 3.77478e-07 3.09741e-07 2.47189e-07 1.89131e-07 1.34966e-07 8.41742e-08 3.63101e-08 3.15723e-08 2.74889e-08 2.39683e-08 2.09316e-08 1.83107e-08 1.60472e-08 1.40904e-08 1.23972e-08 1.09301e-08 9.65693e-09 8.55022e-09 7.58616e-09 6.74436e-09 6.00727e-09 5.3598e-09 4.78896e-09 4.28357e-09 3.83398e-09 3.43187e-09 3.09416e-09
0.000114468 5.38298e-07 4.56557e-07 3.81849e-07 3.13256e-07 2.49972e-07 1.9129e-07 1.36594e-07 8.5354e-08 3.71136e-08 3.22236e-08 2.80113e-08 2.43818e-08 2.12534e-08 1.85559e-08 1.62284e-08 1.42189e-08 1.24824e-08 1.09802e-08 9.67898e-09 8.55022e-09 7.56929e-09 6.71506e-09 5.96937e-09 5.3166e-09 4.74333e-09 4.238e-09 3.79067e-09 3.39276e-09 3.03688e-09 2.73824e-09
0.000103175 4.62509e-07 3.86721e-07 3.17199e-07 2.53115e-07 1.93747e-07 1.38465e-07 8.67233e-08 3.80571e-08 3.30002e-08 2.86456e-08 2.48952e-08 2.16645e-08 1.88806e-08 1.64807e-08 1.44106e-08 1.26237e-08 1.108e-08 9.74491e-09 8.58881e-09 7.58616e-09 6.71506e-09 5.95666e-09 5.29478e-09 4.7155e-09 4.20685e-09 3.75856e-09 3.36177e-09 3.00885e-09 2.69321e-09 2.42851e-09
9.29753e-05 3.92088e-07 3.21563e-07 2.56614e-07 1.96499e-07 1.40573e-07 8.82781e-08 3.9137e-08 3.38987e-08 2.93889e-08 2.55061e-08 2.21627e-08 1.92831e-08 1.68023e-08 1.4664e-08 1.282e-08 1.12286e-08 9.85407e-09 8.66555e-09 7.63657e-09 6.74436e-09 5.96937e-09 5.29478e-09 4.70614e-09 4.19106e-09 3.73885e-09 3.34034e-09 2.98766e-09 2.67398e-09 2.39344e-09 2.1583e-09
8.37506e-05 3.26341e-07 2.60461e-07 1.99539e-07 1.42914e-07 9.00132e-08 4.03485e-08 3.4915e-08 3.02376e-08 2.62112e-08 2.27451e-08 1.97609e-08 1.7191e-08 1.49773e-08 1.30696e-08 1.14247e-08 1.00053e-08 8.77955e-09 7.71984e-09 6.80253e-09 6.00727e-09 5.3166e-09 4.7155e-09 4.19106e-09 3.7322e-09 3.32941e-09 2.97448e-09 2.66038e-09 2.38104e-09 2.13121e-09 1.9219e-09
7.53939e-05 2.64647e-07 2.02858e-07 1.45479e-07 9.19221e-08 4.16858e-08 3.60437e-08 3.11869e-08 2.70063e-08 2.34079e-08 2.03104e-08 1.76439e-08 1.53479e-08 1.33703e-08 1.16662e-08 1.0197e-08 8.9294e-09 7.83483e-09 6.88865e-09 6.0697e-09 5.3598e-09 4.74333e-09 4.20685e-09 3.73885e-09 3.32941e-09 2.97002e-09 2.65336e-09 2.37315e-09 2.12394e-09 1.90107e-09 1.7144e-09
6.78098e-05 2.06447e-07 1.4826e-07 9.39963e-08 4.31411e-08 3.72781e-08 3.22306e-08 2.78858e-08 2.41462e-08 2.09275e-08 1.81572e-08 1.57724e-08 1.3719e-08 1.19505e-08 1.04268e-08 9.11313e-09 7.97985e-09 7.00131e-09 6.15549e-09 5.42347e-09 4.78896e-09 4.238e-09 3.75856e-09 3.34034e-09 2.97448e-09 2.65336e-09 2.37044e-09 2.12008e-09 1.89744e-09 1.69832e-09 1.53157e-09
6.09125e-05 1.51245e-07 9.6225e-08 4.47048e-08 3.86093e-08 3.3361e-08 2.88428e-08 2.49538e-08 2.16066e-08 1.87258e-08 1.62463e-08 1.41119e-08 1.22743e-08 1.06917e-08 9.32808e-09 8.15258e-09 7.13851e-09 6.26294e-09 5.50617e-09 4.85123e-09 4.28357e-09 3.79067e-09 3.36177e-09 2.98766e-09 2.66038e-09 2.37315e-09 2.12008e-09 1.89615e-09 1.69701e-09 1.51891e-09 1.36978e-09
5.46244e-05 9.85948e-08 4.63646e-08 4.00265e-08 3.45682e-08 2.98686e-08 2.58229e-08 2.23406e-08 1.93435e-08 1.6764e-08 1.4544e-08 1.2633e-08 1.09877e-08 9.57076e-09 8.34996e-09 7.29757e-09 6.38972e-09 5.60589e-09 4.92842e-09 4.34213e-09 3.83398e-09 3.39276e-09 3.00885e-09 2.67398e-09 2.38104e-09 2.12394e-09 1.89744e-09 1.69701e-09 1.51877e-09 1.35937e-09 1.2259e-09
4.88756e-05 4.81049e-08 4.15157e-08 3.58398e-08 3.09519e-08 2.67434e-08 2.31205e-08 2.00023e-08 1.73185e-08 1.50088e-08 1.30209e-08 1.13098e-08 9.83668e-09 8.568e-09 7.47496e-09 6.53273e-09 5.71993e-09 5.01817e-09 4.41165e-09 3.88678e-09 3.43187e-09 3.03688e-09 2.69321e-09 2.39344e-09 2.13121e-09 1.90107e-09 1.69832e-09 1.51891e-09 1.35937e-09 1.21669e-09 1.09723e-09
4.42278e-05 4.32565e-08 3.73366e-08 3.22367e-08 2.78442e-08 2.40619e-08 2.08055e-08 1.80023e-08 1.55893e-08 1.35123e-08 1.17245e-08 1.01854e-08 8.86004e-09 7.71848e-09 6.7348e-09 5.88667e-09 5.15493e-09 4.52304e-09 3.9768e-09 3.50401e-09 3.09416e-09 2.73824e-09 2.42851e-09 2.1583e-09 1.9219e-09 1.7144e-09 1.53157e-09 1.36978e-09 1.2259e-09 1.09723e-09 9.89447e-10
