0.95304 0.0113001 0.00567305 0.0028811 0.00147925 0.000767291 0.000401753 0.000212156 0.000112887 6.04658e-05 3.25717e-05 1.76292e-05 9.57867e-06 5.22036e-06 2.85164e-06 1.56026e-06 8.54572e-07 4.68303e-07 2.56649e-07 1.40612e-07 7.69909e-08 4.21191e-08 2.3017e-08 1.25624e-08 6.84678e-09 3.72574e-09 2.02353e-09 1.09584e-09 5.8971e-10 3.11395e-10 1.67997e-10
0.0113001 0.000243648 0.000123378 6.31732e-05 3.26513e-05 1.70052e-05 8.9092e-06 4.68823e-06 2.47463e-06 1.30874e-06 6.92852e-07 3.66902e-07 1.94238e-07 1.02755e-07 5.43015e-08 2.86589e-08 1.51034e-08 7.94711e-09 4.17477e-09 2.18943e-09 1.1463e-09 5.99157e-10 3.12646e-10 1.6286e-10 8.46645e-11 4.38777e-11 2.25801e-11 1.13759e-11 5.31732e-12 1.75878e-12 8.85867e-13
0.00567305 0.000123378 6.23715e-05 3.18721e-05 1.64369e-05 8.54078e-06 4.46424e-06 2.34386e-06 1.2345e-06 6.51556e-07 3.44284e-07 1.82e-07 9.61976e-08 5.08163e-08 2.6819e-08 1.41376e-08 7.44255e-09 3.9123e-09 2.05339e-09 1.07602e-09 5.62952e-10 2.94043e-10 1.53323e-10 7.97864e-11 4.13896e-11 2.13182e-11 1.07471e-11 5.02568e-12 1.66793e-12 8.34531e-13 4.20623e-13
0.0028811 6.31732e-05 3.18721e-05 1.62476e-05 8.35674e-06 4.33001e-06 2.25682e-06 1.18158e-06 6.20653e-07 3.26737e-07 1.72237e-07 9.08496e-08 4.79222e-08 2.5268e-08 1.33131e-08 7.0072e-09 3.68373e-09 1.93397e-09 1.01389e-09 5.30742e-10 2.774e-10 1.44748e-10 7.53809e-11 3.91333e-11 2.01691e-11 1.01718e-11 4.75612e-12 1.57946e-12 7.91727e-13 3.963e-13 1.99882e-13
0.00147925 3.26513e-05 1.64369e-05 8.35674e-06 4.2853e-06 2.21335e-06 1.14986e-06 6.00083e-07 3.14227e-07 1.64932e-07 8.67006e-08 4.56134e-08 2.40031e-08 1.26284e-08 6.64022e-09 3.48861e-09 1.83092e-09 9.59778e-10 5.02465e-10 2.62685e-10 1.3712e-10 7.14396e-11 3.71046e-11 1.91314e-11 9.64987e-12 4.51025e-12 1.49752e-12 7.50053e-13 3.76161e-13 1.88369e-13 9.50749e-14
0.000767291 1.70052e-05 8.54078e-06 4.33001e-06 2.21335e-06 1.1393e-06 5.89808e-07 3.0673e-07 1.60069e-07 8.37427e-08 4.38857e-08 2.30217e-08 1.20822e-08 6.34092e-09 3.32658e-09 1.74406e-09 9.13588e-10 4.78067e-10 2.49871e-10 1.30423e-10 6.7955e-11 3.52998e-11 1.82029e-11 9.18057e-12 4.28809e-12 1.42297e-12 7.11555e-13 3.56558e-13 1.78908e-13 8.96301e-14 4.5271e-14
0.000401753 8.9092e-06 4.46424e-06 2.25682e-06 1.14986e-06 5.89808e-07 3.04233e-07 1.5764e-07 8.19702e-08 4.27357e-08 2.23221e-08 1.16735e-08 6.10872e-09 3.19733e-09 1.67322e-09 8.7523e-10 4.57501e-10 2.38933e-10 1.24644e-10 6.49205e-11 3.37154e-11 1.7382e-11 8.76304e-12 4.08932e-12 1.35593e-12 6.76668e-13 3.38501e-13 1.69701e-13 8.51932e-14 4.26992e-14 2.15823e-14
0.000212156 4.68823e-06 2.34386e-06 1.18158e-06 6.00083e-07 3.0673e-07 1.5764e-07 8.13797e-08 4.21613e-08 2.19028e-08 1.14014e-08 5.94318e-09 3.10061e-09 1.61826e-09 8.44632e-10 4.40728e-10 2.29849e-10 1.19773e-10 6.23302e-11 3.23483e-11 1.66672e-11 8.3965e-12 3.9136e-12 1.29629e-12 6.45441e-13 3.22207e-13 1.61248e-13 8.08766e-14 4.06222e-14 2.03689e-14 1.03028e-14
0.000112887 2.47463e-06 1.2345e-06 6.20653e-07 3.14227e-07 1.60069e-07 8.19702e-08 4.21613e-08 2.17632e-08 1.12656e-08 5.84399e-09 3.03623e-09 1.57908e-09 8.21734e-10 4.27715e-10 2.22604e-10 1.15801e-10 6.01791e-11 3.11959e-11 1.6057e-11 8.08024e-12 3.76058e-12 1.24396e-12 6.17838e-13 3.07702e-13 1.53656e-13 7.69275e-14 3.86023e-14 1.93987e-14 9.73123e-15 4.92566e-15
6.04658e-05 1.30874e-06 6.51556e-07 3.26737e-07 1.64932e-07 8.37427e-08 4.27357e-08 2.19028e-08 1.12656e-08 5.81094e-09 3.00407e-09 1.5556e-09 8.06494e-10 4.18438e-10 2.17181e-10 1.12719e-10 5.84632e-11 3.0256e-11 1.55503e-11 7.81366e-12 3.62997e-12 1.19882e-12 5.93809e-13 2.94971e-13 1.46939e-13 7.33994e-14 3.67619e-14 1.84557e-14 9.27907e-15 4.65679e-15 2.35877e-15
3.25717e-05 6.92852e-07 3.44284e-07 1.72237e-07 8.67006e-08 4.38857e-08 2.23221e-08 1.14014e-08 5.84399e-09 3.00407e-09 1.54778e-09 7.98881e-10 4.12879e-10 2.13572e-10 1.10522e-10 5.71791e-11 2.95269e-11 1.5146e-11 7.59625e-12 3.52151e-12 1.16079e-12 5.73306e-13 2.83989e-13 1.4109e-13 7.02997e-14 3.51273e-14 1.76002e-14 8.83987e-15 4.44663e-15 2.23252e-15 1.13159e-15
1.76292e-05 3.66902e-07 1.82e-07 9.08496e-08 4.56134e-08 2.30217e-08 1.16735e-08 5.94318e-09 3.03623e-09 1.5556e-09 7.98881e-10 4.11027e-10 2.11769e-10 1.09205e-10 5.63245e-11 2.90071e-11 1.48436e-11 7.42758e-12 3.435e-12 1.12978e-12 5.56285e-13 2.74736e-13 1.36099e-13 6.76253e-14 3.37026e-14 1.68456e-14 8.44348e-15 4.24266e-15 2.13514e-15 1.07242e-15 5.43933e-16
9.57867e-06 1.94238e-07 9.61976e-08 4.79222e-08 2.40031e-08 1.20822e-08 6.10872e-09 3.10061e-09 1.57908e-09 8.06494e-10 4.12879e-10 2.11769e-10 1.08767e-10 5.58975e-11 2.86956e-11 1.46422e-11 7.30734e-12 3.37026e-12 1.10573e-12 5.42711e-13 2.67191e-13 1.31955e-13 6.53717e-14 3.24865e-14 1.61938e-14 8.0965e-15 4.05964e-15 2.04073e-15 1.02746e-15 5.16265e-16 2.62011e-16
5.22036e-06 1.02755e-07 5.08163e-08 2.5268e-08 1.26284e-08 6.34092e-09 3.19733e-09 1.61826e-09 8.21734e-10 4.18438e-10 2.13572e-10 1.09205e-10 5.58975e-11 2.85918e-11 1.45417e-11 7.23528e-12 3.32717e-12 1.08859e-12 5.32555e-13 2.61339e-13 1.28651e-13 6.35341e-14 3.14768e-14 1.56444e-14 7.79998e-15 3.90084e-15 1.95656e-15 9.8392e-16 4.9559e-16 2.49106e-16 1.26498e-16
2.85164e-06 5.43015e-08 2.6819e-08 1.33131e-08 6.64022e-09 3.32658e-09 1.67322e-09 8.44632e-10 4.27715e-10 2.17181e-10 1.10522e-10 5.63245e-11 2.86956e-11 1.45417e-11 7.21128e-12 3.30565e-12 1.07832e-12 5.25796e-13 2.57168e-13 1.26179e-13 6.21089e-14 3.06716e-14 1.51964e-14 7.55371e-15 3.76682e-15 1.88429e-15 9.45402e-16 4.75594e-16 2.39643e-16 1.20495e-16 6.12204e-17
1.56026e-06 2.86589e-08 1.41376e-08 7.0072e-09 3.48861e-09 1.74406e-09 8.7523e-10 4.40728e-10 2.22604e-10 1.12719e-10 5.71791e-11 2.90071e-11 1.46422e-11 7.23528e-12 3.30565e-12 1.0749e-12 5.2242e-13 2.54669e-13 1.24534e-13 6.1093e-14 3.00692e-14 1.48489e-14 7.3573e-15 3.65749e-15 1.82418e-15 9.12722e-16 4.58065e-16 2.30508e-16 1.16188e-16 5.84375e-17 2.97047e-17
8.54572e-07 1.51034e-08 7.44255e-09 3.68373e-09 1.83092e-09 9.13588e-10 4.57501e-10 2.29849e-10 1.15801e-10 5.84632e-11 2.95269e-11 1.48436e-11 7.30734e-12 3.32717e-12 1.07832e-12 5.2242e-13 2.53837e-13 1.23712e-13 6.04843e-14 2.96683e-14 1.46013e-14 7.21034e-15 3.57268e-15 1.77623e-15 8.86026e-16 4.43404e-16 2.22583e-16 1.12039e-16 5.64902e-17 2.84193e-17 1.44518e-17
4.68303e-07 7.94711e-09 3.9123e-09 1.93397e-09 9.59778e-10 4.78067e-10 2.38933e-10 1.19773e-10 6.01791e-11 3.0256e-11 1.5146e-11 7.42758e-12 3.37026e-12 1.08859e-12 5.25796e-13 2.54669e-13 1.23712e-13 6.02816e-14 2.9468e-14 1.44529e-14 7.11254e-15 3.51223e-15 1.74034e-15 8.65308e-16 4.31688e-16 2.16069e-16 1.08485e-16 5.46194e-17 2.75459e-17 1.38607e-17 7.05086e-18
2.56649e-07 4.17477e-09 2.05339e-09 1.01389e-09 5.02465e-10 2.49871e-10 1.24644e-10 6.23302e-11 3.11959e-11 1.55503e-11 7.59625e-12 3.435e-12 1.10573e-12 5.32555e-13 2.57168e-13 1.24534e-13 6.04843e-14 2.9468e-14 1.44034e-14 7.06369e-15 3.47601e-15 1.71646e-15 8.50539e-16 4.22917e-16 2.11006e-16 1.05626e-16 5.30412e-17 2.67096e-17 1.34728e-17 6.78041e-18 3.45004e-18
1.40612e-07 2.18943e-09 1.07602e-09 5.30742e-10 2.62685e-10 1.30423e-10 6.49205e-11 3.23483e-11 1.6057e-11 7.81366e-12 3.52151e-12 1.12978e-12 5.42711e-13 2.61339e-13 1.26179e-13 6.1093e-14 2.96683e-14 1.44529e-14 7.06369e-15 3.46395e-15 1.70453e-15 8.41689e-16 4.17079e-16 2.07394e-16 1.03481e-16 5.18053e-17 2.60173e-17 1.31029e-17 6.61017e-18 3.32704e-18 1.69318e-18
7.69909e-08 1.1463e-09 5.62952e-10 2.774e-10 1.3712e-10 6.7955e-11 3.37154e-11 1.66672e-11 8.08024e-12 3.62997e-12 1.16079e-12 5.56285e-13 2.67191e-13 1.28651e-13 6.21089e-14 3.00692e-14 1.46013e-14 7.11254e-15 3.47601e-15 1.70453e-15 8.38741e-16 4.14163e-16 2.0523e-16 1.02053e-16 5.09218e-17 2.54938e-17 1.2804e-17 6.44877e-18 3.2535e-18 1.63764e-18 8.33497e-19
4.21191e-08 5.99157e-10 2.94043e-10 1.44748e-10 7.14396e-11 3.52998e-11 1.7382e-11 8.3965e-12 3.76058e-12 1.19882e-12 5.73306e-13 2.74736e-13 1.31955e-13 6.35341e-14 3.06716e-14 1.48489e-14 7.21034e-15 3.51223e-15 1.71646e-15 8.41689e-16 4.14163e-16 2.04509e-16 1.01339e-16 5.0392e-17 2.51443e-17 1.25884e-17 6.32239e-18 3.18429e-18 1.60652e-18 8.0864e-19 4.11568e-19
2.3017e-08 3.12646e-10 1.53323e-10 7.53809e-11 3.71046e-11 1.82029e-11 8.76304e-12 3.9136e-12 1.24396e-12 5.93809e-13 2.83989e-13 1.36099e-13 6.53717e-14 3.14768e-14 1.51964e-14 7.3573e-15 3.57268e-15 1.74034e-15 8.50539e-16 4.17079e-16 2.0523e-16 1.01339e-16 5.02155e-17 2.49696e-17 1.24587e-17 6.23715e-18 3.13238e-18 1.57754e-18 7.95841e-19 4.00562e-19 2.03854e-19
1.25624e-08 1.6286e-10 7.97864e-11 3.91333e-11 1.91314e-11 9.18057e-12 4.08932e-12 1.29629e-12 6.17838e-13 2.94971e-13 1.4109e-13 6.76253e-14 3.24865e-14 1.56444e-14 7.55371e-15 3.65749e-15 1.77623e-15 8.65308e-16 4.22917e-16 2.07394e-16 1.02053e-16 5.0392e-17 2.49696e-17 1.24155e-17 6.19439e-18 3.10079e-18 1.5571e-18 7.84098e-19 3.95514e-19 1.99047e-19 1.01282e-19
6.84678e-09 8.46645e-11 4.13896e-11 2.01691e-11 9.64987e-12 4.28809e-12 1.35593e-12 6.45441e-13 3.07702e-13 1.46939e-13 7.02997e-14 3.37026e-14 1.61938e-14 7.79998e-15 3.76682e-15 1.82418e-15 8.86026e-16 4.31688e-16 2.11006e-16 1.03481e-16 5.09218e-17 2.51443e-17 1.24587e-17 6.19439e-18 3.09023e-18 1.54671e-18 7.76579e-19 3.90987e-19 1.97184e-19 9.92186e-20 5.04729e-20
3.72574e-09 4.38777e-11 2.13182e-11 1.01718e-11 4.51025e-12 1.42297e-12 6.76668e-13 3.22207e-13 1.53656e-13 7.33994e-14 3.51273e-14 1.68456e-14 8.0965e-15 3.90084e-15 1.88429e-15 9.12722e-16 4.43404e-16 2.16069e-16 1.05626e-16 5.18053e-17 2.54938e-17 1.25884e-17 6.23715e-18 3.10079e-18 1.54671e-18 7.74027e-19 3.88548e-19 1.95578e-19 9.86102e-20 4.96077e-20 2.52272e-20
2.02353e-09 2.25801e-11 1.07471e-11 4.75612e-12 1.49752e-12 7.11555e-13 3.38501e-13 1.61248e-13 7.69275e-14 3.67619e-14 1.76002e-14 8.44348e-15 4.05964e-15 1.95656e-15 9.45402e-16 4.58065e-16 2.22583e-16 1.08485e-16 5.30412e-17 2.60173e-17 1.2804e-17 6.32239e-18 3.13238e-18 1.5571e-18 7.76579e-19 3.88548e-19 1.94996e-19 9.8125e-20 4.94595e-20 2.4875e-20 1.26446e-20
1.09584e-09 1.13759e-11 5.02568e-12 1.57946e-12 7.50053e-13 3.56558e-13 1.69701e-13 8.08766e-14 3.86023e-14 1.84557e-14 8.83987e-15 4.24266e-15 2.04073e-15 9.8392e-16 4.75594e-16 2.30508e-16 1.12039e-16 5.46194e-17 2.67096e-17 1.31029e-17 6.44877e-18 3.18429e-18 1.57754e-18 7.84098e-19 3.90987e-19 1.95578e-19 9.8125e-20 4.9362e-20 2.48721e-20 1.25053e-20 6.35375e-21
5.8971e-10 5.31732e-12 1.66793e-12 7.91727e-13 3.76161e-13 1.78908e-13 8.51932e-14 4.06222e-14 1.93987e-14 9.27907e-15 4.44663e-15 2.13514e-15 1.02746e-15 4.9559e-16 2.39643e-16 1.16188e-16 5.64902e-17 2.75459e-17 1.34728e-17 6.61017e-18 3.2535e-18 1.60652e-18 7.95841e-19 3.95514e-19 1.97184e-19 9.86102e-20 4.94595e-20 2.48721e-20 1.25277e-20 6.29667e-21 3.19764e-21
3.11395e-10 1.75878e-12 8.34531e-13 3.963e-13 1.88369e-13 8.96301e-14 4.26992e-14 2.03689e-14 9.73123e-15 4.65679e-15 2.23252e-15 1.07242e-15 5.16265e-16 2.49106e-16 1.20495e-16 5.84375e-17 2.84193e-17 1.38607e-17 6.78041e-18 3.32704e-18 1.63764e-18 8.0864e-19 4.00562e-19 1.99047e-19 9.92186e-20 4.96077e-20 2.4875e-20 1.25053e-20 6.29667e-21 3.16394e-21 1.60604e-21
1.67997e-10 8.85867e-13 4.20623e-13 1.99882e-13 9.50749e-14 4.5271e-14 2.15823e-14 1.03028e-14 4.92566e-15 2.35877e-15 1.13159e-15 5.43933e-16 2.62011e-16 1.26498e-16 6.12204e-17 2.97047e-17 1.44518e-17 7.05086e-18 3.45004e-18 1.69318e-18 8.33497e-19 4.11568e-19 2.03854e-19 1.01282e-19 5.04729e-20 2.52272e-20 1.26446e-20 6.35375e-21 3.19764e-21 1.60604e-21 8.14674e-22
