0.257595 0.0562281 0.0290358 0.0163773 0.00937553 0.00531531 0.00297006 0.00163772 0.000893268 0.00048297 0.00025929 0.000138398 7.35133e-05 3.88881e-05 2.04989e-05 1.07722e-05 5.64552e-06 2.95159e-06 1.53983e-06 8.0176e-07 4.16728e-07 2.16254e-07 1.12057e-07 5.79861e-08 2.99683e-08 1.54694e-08 7.97499e-09 4.104e-09 2.10366e-09 1.06507e-09 5.4729e-10
0.0562281 0.0155267 0.00754921 0.00354851 0.00164899 0.000768371 0.00036086 0.000170938 8.16009e-05 3.92078e-05 1.89395e-05 9.18881e-06 4.47417e-06 2.18504e-06 1.06977e-06 5.24853e-07 2.57968e-07 1.26988e-07 6.25957e-08 3.0891e-08 1.52603e-08 7.54552e-09 3.73389e-09 1.84902e-09 9.16188e-10 4.54175e-10 2.25157e-10 1.11486e-10 5.48938e-11 2.64659e-11 1.31571e-11
0.0290358 0.00754921 0.00294938 0.00125025 0.000551864 0.000250097 0.000115557 5.41807e-05 2.56882e-05 1.22839e-05 5.91327e-06 2.86151e-06 1.39055e-06 6.78051e-07 3.31559e-07 1.6251e-07 7.9811e-08 3.92626e-08 1.93431e-08 9.54159e-09 4.71186e-09 2.32908e-09 1.15224e-09 5.70463e-10 2.82606e-10 1.4006e-10 6.94027e-11 3.43232e-11 1.68421e-11 8.29754e-12 4.12475e-12
0.0163773 0.00354851 0.00125025 0.000498351 0.000212505 9.4378e-05 4.30547e-05 2.00117e-05 9.42764e-06 4.48612e-06 2.15103e-06 1.03752e-06 5.02797e-07 2.44591e-07 1.19355e-07 5.83947e-08 2.86321e-08 1.4065e-08 6.92026e-09 3.4096e-09 1.68193e-09 8.3056e-10 4.10523e-10 2.03074e-10 1.00521e-10 4.97777e-11 2.46418e-11 1.21688e-11 6.0214e-12 2.96576e-12 1.47349e-12
0.00937553 0.00164899 0.000551864 0.000212505 8.87307e-05 3.8891e-05 1.75833e-05 8.11862e-06 3.80476e-06 1.80268e-06 8.61185e-07 4.14058e-07 2.00094e-07 9.70947e-08 4.72741e-08 2.30819e-08 1.12967e-08 5.53996e-09 2.72155e-09 1.339e-09 6.59647e-10 3.25345e-10 1.60626e-10 7.93721e-11 3.92492e-11 1.94163e-11 9.60165e-12 4.75319e-12 2.35073e-12 1.15731e-12 5.7457e-13
0.00531531 0.000768371 0.000250097 9.4378e-05 3.8891e-05 1.68948e-05 7.58866e-06 3.48572e-06 1.6265e-06 7.67752e-07 3.65571e-07 1.75253e-07 8.44689e-08 4.08907e-08 1.98661e-08 9.68064e-09 4.72929e-09 2.3154e-09 1.13571e-09 5.57967e-10 2.74513e-10 1.35225e-10 6.66845e-11 3.29158e-11 1.62598e-11 8.03567e-12 3.97454e-12 1.96615e-12 9.7175e-13 4.78169e-13 2.37217e-13
0.00297006 0.00036086 0.000115557 4.30547e-05 1.75833e-05 7.58866e-06 3.39111e-06 1.55097e-06 7.21025e-07 3.39224e-07 1.61049e-07 7.70015e-08 3.70243e-08 1.78839e-08 8.6712e-09 4.21765e-09 2.05696e-09 1.00548e-09 4.92472e-10 2.41622e-10 1.18725e-10 5.8415e-11 2.87747e-11 1.41885e-11 7.00202e-12 3.45847e-12 1.70923e-12 8.44908e-13 4.17313e-13 2.05244e-13 1.01746e-13
0.00163772 0.000170938 5.41807e-05 2.00117e-05 8.11862e-06 3.48572e-06 1.55097e-06 7.06732e-07 3.27473e-07 1.53616e-07 7.2737e-08 3.46936e-08 1.6645e-08 8.02396e-09 3.88335e-09 1.88565e-09 9.18193e-10 4.4818e-10 2.19217e-10 1.07419e-10 5.27202e-11 2.59108e-11 1.27502e-11 6.2809e-12 3.09712e-12 1.52847e-12 7.54804e-13 3.72847e-13 1.84037e-13 9.04696e-14 4.48179e-14
0.000893268 8.16009e-05 2.56882e-05 9.42764e-06 3.80476e-06 1.6265e-06 7.21025e-07 3.27473e-07 1.51293e-07 7.0783e-08 3.34353e-08 1.59129e-08 7.61931e-09 3.66626e-09 1.77136e-09 8.58785e-10 4.17572e-10 2.03548e-10 9.94364e-11 4.86683e-11 2.38599e-11 1.17146e-11 5.75899e-12 2.83447e-12 1.3965e-12 6.88644e-13 3.39822e-13 1.67745e-13 8.27485e-14 4.0659e-14 2.01292e-14
0.00048297 3.92078e-05 1.22839e-05 4.48612e-06 1.80268e-06 7.67752e-07 3.39224e-07 1.53616e-07 7.0783e-08 3.30366e-08 1.55712e-08 7.39606e-09 3.53486e-09 1.69805e-09 8.19145e-10 3.96566e-10 1.92568e-10 9.37521e-11 4.57464e-11 2.2366e-11 1.09539e-11 5.37296e-12 2.63906e-12 1.2978e-12 6.38901e-13 3.1482e-13 1.55244e-13 7.65829e-14 3.77564e-14 1.85437e-14 9.17495e-15
0.00025929 1.89395e-05 5.91327e-06 2.15103e-06 8.61185e-07 3.65571e-07 1.61049e-07 7.2737e-08 3.34353e-08 1.55712e-08 7.3246e-09 3.47272e-09 1.65697e-09 7.94732e-10 3.82835e-10 1.85094e-10 8.97687e-11 4.3654e-11 2.12782e-11 1.03927e-11 5.0851e-12 2.49206e-12 1.22301e-12 6.00962e-13 2.9563e-13 1.4557e-13 7.1736e-14 3.53662e-14 1.74264e-14 8.55527e-15 4.23052e-15
0.000138398 9.18881e-06 2.86151e-06 1.03752e-06 4.14058e-07 1.75253e-07 7.70015e-08 3.46936e-08 1.59129e-08 7.39606e-09 3.47272e-09 1.64372e-09 7.83076e-10 3.75053e-10 1.80431e-10 8.71281e-11 4.22081e-11 2.05037e-11 9.98407e-12 4.87185e-12 2.38168e-12 1.16622e-12 5.7189e-13 2.80806e-13 1.38039e-13 6.79265e-14 3.34529e-14 1.64828e-14 8.11758e-15 3.98365e-15 1.96883e-15
7.35133e-05 4.47417e-06 1.39055e-06 5.02797e-07 2.00094e-07 8.44689e-08 3.70243e-08 1.6645e-08 7.61931e-09 3.53486e-09 1.65697e-09 7.83076e-10 3.7253e-10 1.78188e-10 8.56183e-11 4.12971e-11 1.99846e-11 9.69839e-12 4.71814e-12 2.30026e-12 1.12359e-12 5.49751e-13 2.69387e-13 1.32181e-13 6.49348e-14 3.19331e-14 1.57173e-14 7.73995e-15 3.80995e-15 1.869e-15 9.23242e-16
3.88881e-05 2.18504e-06 6.78051e-07 2.44591e-07 9.70947e-08 4.08907e-08 1.78839e-08 8.02396e-09 3.66626e-09 1.69805e-09 7.94732e-10 3.75053e-10 1.78188e-10 8.51268e-11 4.08564e-11 1.96858e-11 9.51699e-12 4.61423e-12 2.2428e-12 1.09255e-12 5.33252e-13 2.60719e-13 1.27668e-13 6.26019e-14 3.07345e-14 1.51054e-14 7.43065e-15 3.65729e-15 1.79943e-15 8.82413e-16 4.3568e-16
2.04989e-05 1.06977e-06 3.31559e-07 1.19355e-07 4.72741e-08 1.98661e-08 8.6712e-09 3.88335e-09 1.77136e-09 8.19145e-10 3.82835e-10 1.80431e-10 8.56183e-11 4.08564e-11 1.95882e-11 9.42884e-12 4.55409e-12 2.20609e-12 1.07142e-12 5.2152e-13 2.54358e-13 1.24276e-13 6.0815e-14 2.9802e-14 1.46227e-14 7.18273e-15 3.53145e-15 1.73728e-15 8.54381e-16 4.18833e-16 2.06698e-16
1.07722e-05 5.24853e-07 1.6251e-07 5.83947e-08 2.30819e-08 9.68064e-09 4.21765e-09 1.88565e-09 8.58785e-10 3.96566e-10 1.85094e-10 8.71281e-11 4.12971e-11 1.96858e-11 9.42884e-12 4.53439e-12 2.18819e-12 1.05913e-12 5.13986e-13 2.50004e-13 1.21849e-13 5.94948e-14 2.9096e-14 1.42499e-14 6.98794e-15 3.43068e-15 1.68587e-15 8.28963e-16 4.07504e-16 1.99701e-16 9.85112e-17
5.64552e-06 2.57968e-07 7.9811e-08 2.86321e-08 1.12967e-08 4.72929e-09 2.05696e-09 9.18193e-10 4.17572e-10 1.92568e-10 8.97687e-11 4.22081e-11 1.99846e-11 9.51699e-12 4.55409e-12 2.18819e-12 1.0551e-12 5.10301e-13 2.47463e-13 1.20284e-13 5.85867e-14 2.85882e-14 1.39729e-14 6.83944e-15 3.35217e-15 1.64489e-15 8.07928e-16 3.97088e-16 1.95122e-16 9.55916e-17 4.7135e-17
2.95159e-06 1.26988e-07 3.92626e-08 1.4065e-08 5.53996e-09 2.3154e-09 1.00548e-09 4.4818e-10 2.03548e-10 9.37521e-11 4.3654e-11 2.05037e-11 9.69839e-12 4.61423e-12 2.20609e-12 1.05913e-12 5.10301e-13 2.46628e-13 1.19516e-13 5.80551e-14 2.82595e-14 1.37815e-14 6.73213e-15 3.29349e-15 1.6134e-15 7.91303e-16 3.88489e-16 1.90856e-16 9.37466e-17 4.59135e-17 2.26303e-17
1.53983e-06 6.25957e-08 1.93431e-08 6.92026e-09 2.72155e-09 1.13571e-09 4.92472e-10 2.19217e-10 9.94364e-11 4.57464e-11 2.12782e-11 9.98407e-12 4.71814e-12 2.2428e-12 1.07142e-12 5.13986e-13 2.47463e-13 1.19516e-13 5.78801e-14 2.8098e-14 1.36692e-14 6.66245e-15 3.25281e-15 1.59053e-15 7.78786e-16 3.81785e-16 1.87354e-16 9.20048e-17 4.51751e-17 2.21187e-17 1.08979e-17
8.0176e-07 3.0891e-08 9.54159e-09 3.4096e-09 1.339e-09 5.57967e-10 2.41622e-10 1.07419e-10 4.86683e-11 2.2366e-11 1.03927e-11 4.87185e-12 2.30026e-12 1.09255e-12 5.2152e-13 2.50004e-13 1.20284e-13 5.80551e-14 2.8098e-14 1.36322e-14 6.62815e-15 3.22888e-15 1.57564e-15 7.7007e-16 3.76882e-16 1.84677e-16 9.05892e-17 4.44685e-17 2.18266e-17 1.06839e-17 5.26201e-18
4.16728e-07 1.52603e-08 4.71186e-09 1.68193e-09 6.59647e-10 2.74513e-10 1.18725e-10 5.27202e-11 2.38599e-11 1.09539e-11 5.0851e-12 2.38168e-12 1.12359e-12 5.33252e-13 2.54358e-13 1.21849e-13 5.85867e-14 2.82595e-14 1.36692e-14 6.62815e-15 3.22098e-15 1.56829e-15 7.64931e-16 3.73677e-16 1.82801e-16 8.95373e-17 4.39028e-17 2.15428e-17 1.05703e-17 5.17269e-18 2.54675e-18
2.16254e-07 7.54552e-09 2.32908e-09 8.3056e-10 3.25345e-10 1.35225e-10 5.8415e-11 2.59108e-11 1.17146e-11 5.37296e-12 2.49206e-12 1.16622e-12 5.49751e-13 2.60719e-13 1.24276e-13 5.94948e-14 2.85882e-14 1.37815e-14 6.66245e-15 3.22888e-15 1.56829e-15 7.63233e-16 3.72093e-16 1.81691e-16 8.88449e-17 4.34993e-17 2.13208e-17 1.04582e-17 5.12976e-18 2.50967e-18 1.23521e-18
1.12057e-07 3.73389e-09 1.15224e-09 4.10523e-10 1.60626e-10 6.66845e-11 2.87747e-11 1.27502e-11 5.75899e-12 2.63906e-12 1.22301e-12 5.7189e-13 2.69387e-13 1.27668e-13 6.0815e-14 2.9096e-14 1.39729e-14 6.73213e-15 3.25281e-15 1.57564e-15 7.64931e-16 3.72093e-16 1.81324e-16 8.85019e-17 4.3259e-17 2.11718e-17 1.03733e-17 5.0865e-18 2.49415e-18 1.21994e-18 6.00231e-19
5.79861e-08 1.84902e-09 5.70463e-10 2.03074e-10 7.93721e-11 3.29158e-11 1.41885e-11 6.2809e-12 2.83447e-12 1.2978e-12 6.00962e-13 2.80806e-13 1.32181e-13 6.26019e-14 2.9802e-14 1.42499e-14 6.83944e-15 3.29349e-15 1.59053e-15 7.7007e-16 3.73677e-16 1.81691e-16 8.85019e-17 4.31792e-17 2.10974e-17 1.03217e-17 5.05539e-18 2.47805e-18 1.21474e-18 5.94012e-19 2.92173e-19
2.99683e-08 9.16188e-10 2.82606e-10 1.00521e-10 3.92492e-11 1.62598e-11 7.00202e-12 3.09712e-12 1.3965e-12 6.38901e-13 2.9563e-13 1.38039e-13 6.49348e-14 3.07345e-14 1.46227e-14 6.98794e-15 3.35217e-15 1.6134e-15 7.78786e-16 3.76882e-16 1.82801e-16 8.88449e-17 4.3259e-17 2.10974e-17 1.03044e-17 5.0395e-18 2.46743e-18 1.20909e-18 5.92521e-19 2.89681e-19 1.42441e-19
1.54694e-08 4.54175e-10 1.4006e-10 4.97777e-11 1.94163e-11 8.03567e-12 3.45847e-12 1.52847e-12 6.88644e-13 3.1482e-13 1.4557e-13 6.79265e-14 3.19331e-14 1.51054e-14 7.18273e-15 3.43068e-15 1.64489e-15 7.91303e-16 3.81785e-16 1.84677e-16 8.95373e-17 4.34993e-17 2.11718e-17 1.03217e-17 5.0395e-18 2.46379e-18 1.20592e-18 5.90744e-19 2.89414e-19 1.41463e-19 6.95393e-20
7.97499e-09 2.25157e-10 6.94027e-11 2.46418e-11 9.60165e-12 3.97454e-12 1.70923e-12 7.54804e-13 3.39822e-13 1.55244e-13 7.1736e-14 3.34529e-14 1.57173e-14 7.43065e-15 3.53145e-15 1.68587e-15 8.07928e-16 3.88489e-16 1.87354e-16 9.05892e-17 4.39028e-17 2.13208e-17 1.03733e-17 5.05539e-18 2.46743e-18 1.20592e-18 5.9006e-19 2.88967e-19 1.41531e-19 6.91646e-20 3.39899e-20
4.104e-09 1.11486e-10 3.43232e-11 1.21688e-11 4.75319e-12 1.96615e-12 8.44908e-13 3.72847e-13 1.67745e-13 7.65829e-14 3.53662e-14 1.64828e-14 7.73995e-15 3.65729e-15 1.73728e-15 8.28963e-16 3.97088e-16 1.90856e-16 9.20048e-17 4.44685e-17 2.15428e-17 1.04582e-17 5.0865e-18 2.47805e-18 1.20909e-18 5.90744e-19 2.88967e-19 1.41474e-19 6.92738e-20 3.38467e-20 1.66291e-20
2.10366e-09 5.48938e-11 1.68421e-11 6.0214e-12 2.35073e-12 9.7175e-13 4.17313e-13 1.84037e-13 8.27485e-14 3.77564e-14 1.74264e-14 8.11758e-15 3.80995e-15 1.79943e-15 8.54381e-16 4.07504e-16 1.95122e-16 9.37466e-17 4.51751e-17 2.18266e-17 1.05703e-17 5.12976e-18 2.49415e-18 1.21474e-18 5.92521e-19 2.89414e-19 1.41531e-19 6.92738e-20 3.39125e-20 1.65664e-20 8.13721e-21
1.06507e-09 2.64659e-11 8.29754e-12 2.96576e-12 1.15731e-12 4.78169e-13 2.05244e-13 9.04696e-14 4.0659e-14 1.85437e-14 8.55527e-15 3.98365e-15 1.869e-15 8.82413e-16 4.18833e-16 1.99701e-16 9.55916e-17 4.59135e-17 2.21187e-17 1.06839e-17 5.17269e-18 2.50967e-18 1.21994e-18 5.94012e-19 2.89681e-19 1.41463e-19 6.91646e-20 3.38467e-20 1.65664e-20 8.09169e-21 3.97379e-21
5.4729e-10 1.31571e-11 4.12475e-12 1.47349e-12 5.7457e-13 2.37217e-13 1.01746e-13 4.48179e-14 2.01292e-14 9.17495e-15 4.23052e-15 1.96883e-15 9.23242e-16 4.3568e-16 2.06698e-16 9.85112e-17 4.7135e-17 2.26303e-17 1.08979e-17 5.26201e-18 2.54675e-18 1.23521e-18 6.00231e-19 2.92173e-19 1.42441e-19 6.95393e-20 3.39899e-20 1.66291e-20 8.13721e-21 3.97379e-21 1.95102e-21
