0.4788 0.1368 0.0390857 0.0111673 0.00319067 0.00091162 0.000260463 7.4418e-05 2.12623e-05 6.07494e-06 1.7357e-06 4.95913e-07 1.41689e-07 4.04827e-08 1.15665e-08 3.30471e-09 9.44203e-10 2.69772e-10 7.70778e-11 2.20222e-11 6.29207e-12 1.79773e-12 5.13638e-13 1.46754e-13 4.19296e-14 1.19799e-14 3.42283e-15 9.77951e-16 2.79414e-16 7.98327e-17 2.28093e-17 6.51696e-18 1.86199e-18 5.31996e-19 1.51999e-19 4.34283e-20 1.24081e-20 3.54517e-21 1.0129e-21 2.89401e-22 8.26861e-23 2.36246e-23 6.74988e-24 1.92854e-24 5.51011e-25 1.57432e-25 4.49805e-26 1.28516e-26 3.67188e-27 1.04911e-27 2.99745e-28 8.56414e-29 2.4469e-29 6.99114e-30 1.99747e-30 5.70705e-31 1.63059e-31 4.65882e-32 1.33109e-32 3.80312e-33 1.0866e-33 3.10458e-34 8.87024e-35 2.53435e-35 7.24101e-36 2.06886e-36 5.91103e-37 1.68887e-37 4.82533e-38 1.37867e-38 3.93905e-39 1.12544e-39 3.21555e-40 9.18728e-41 2.62494e-41 7.49982e-42 2.14281e-42 6.1223e-43 1.74923e-43 4.9978e-44 1.42794e-44 4.07983e-45 1.16567e-45 3.33048e-46 9.51565e-47 2.71876e-47 7.76788e-48 2.21939e-48 6.34112e-49 1.81175e-49 5.17643e-50 1.47898e-50 4.22566e-51 1.20733e-51 3.44951e-52 9.85576e-53 2.81593e-53 8.04552e-54 2.29872e-54 6.56777e-55 1.87651e-55
0.1368 0.054122 0.0197595 0.00687302 0.00231442 0.000761463 0.000246189 7.85194e-05 2.47711e-05 7.74519e-06 2.40369e-06 7.41276e-07 2.27367e-07 6.94116e-08 2.11032e-08 6.39272e-09 1.93027e-09 5.81158e-10 1.74517e-10 5.22826e-11 1.56295e-11 4.66316e-12 1.38879e-12 4.12927e-13 1.22588e-13 3.63418e-14 1.07596e-14 3.18166e-15 9.39758e-16 2.77277e-16 8.17291e-17 2.40675e-17 7.08108e-18 2.08164e-18 6.11461e-19 1.79476e-19 5.26428e-20 1.54305e-20 4.52004e-21 1.32325e-21 3.87159e-22 1.13214e-22 3.30887e-23 9.66588e-24 2.82224e-24 8.23659e-25 2.40275e-25 7.00626e-26 2.04215e-26 5.95002e-27 1.73295e-27 5.04543e-28 1.46844e-28 4.2724e-29 1.24264e-29 3.61313e-30 1.05025e-30 3.05191e-31 8.86604e-32 2.57496e-32 7.47645e-33 2.17025e-33 6.29822e-34 1.82735e-34 5.30058e-35 1.53719e-35 4.45695e-36 1.29198e-36 3.7444e-37 1.08498e-37 3.14324e-38 9.1044e-39 2.6366e-39 7.63412e-40 2.21003e-40 6.3968e-41 1.85121e-41 5.35647e-42 1.54965e-42 4.48249e-43 1.29641e-43 3.74886e-44 1.08392e-44 3.13351e-45 9.05748e-46 2.61773e-46 7.56462e-47 2.18571e-47 6.31459e-48 1.82408e-48 5.26856e-49 1.52156e-49 4.39376e-50 1.26863e-50 3.66257e-51 1.05728e-51 3.05176e-52 8.80774e-53 2.54176e-53 7.33437e-54 2.11616e-54
0.0390857 0.0197595 0.00857267 0.00342056 0.00129334 0.000470838 0.000166618 5.76734e-05 1.96117e-05 6.57202e-06 2.17546e-06 7.12619e-07 2.31334e-07 7.4507e-08 2.38308e-08 7.5753e-09 2.39478e-09 7.53313e-10 2.35904e-10 7.35732e-11 2.28604e-11 7.07882e-12 2.18509e-12 6.72535e-13 2.06437e-13 6.3208e-14 1.93082e-14 5.88524e-15 1.79019e-15 5.43501e-16 1.6471e-16 4.98313e-17 1.50518e-17 4.5396e-18 1.36717e-18 4.11187e-19 1.23508e-19 3.70525e-20 1.11028e-20 3.32327e-21 9.93658e-22 2.96803e-22 8.85681e-23 2.64048e-23 7.86509e-24 2.34074e-24 6.96063e-25 2.06824e-25 6.14082e-26 1.82195e-26 5.40183e-27 1.60049e-27 4.73896e-28 1.4023e-28 4.14701e-29 1.22568e-29 3.62052e-30 1.06888e-30 3.15397e-31 9.3017e-32 2.74191e-32 8.07856e-33 2.3791e-33 7.00318e-34 2.06057e-34 6.06029e-35 1.78164e-35 5.23568e-36 1.538e-36 4.51619e-37 1.32565e-37 3.88982e-38 1.14098e-38 3.34562e-39 9.80691e-40 2.87373e-40 8.41828e-41 2.46528e-41 7.21737e-42 2.11234e-42 6.18051e-43 1.80785e-43 5.28669e-44 1.54557e-44 4.5173e-45 1.31995e-45 3.85595e-46 1.12615e-46 3.28821e-47 9.59887e-48 2.80144e-48 8.17423e-49 2.3846e-49 6.95493e-50 2.02805e-50 5.91253e-51 1.72338e-51 5.02231e-52 1.46333e-52 4.26282e-53 1.24157e-53
0.0111673 0.00687302 0.00342056 0.00152401 0.000633149 0.000250462 9.55161e-05 3.53995e-05 1.28206e-05 4.55569e-06 1.59308e-06 5.49501e-07 1.87302e-07 6.3183e-08 2.11187e-08 7.00129e-09 2.3041e-09 7.53259e-10 2.4478e-10 7.91089e-11 2.54386e-11 8.14245e-12 2.59517e-12 8.23875e-13 2.60594e-13 8.21459e-14 2.5812e-14 8.08654e-15 2.52632e-15 7.87172e-16 2.44667e-16 7.58692e-17 2.34745e-17 7.24799e-18 2.23346e-18 6.86941e-19 2.10904e-19 6.4641e-20 1.978e-20 6.04325e-21 1.84362e-21 5.6164e-22 1.70866e-22 5.19144e-23 1.57536e-23 4.77475e-24 1.44552e-24 4.37135e-25 1.32053e-25 3.98504e-26 1.20141e-26 3.61855e-27 1.08888e-27 3.27371e-28 9.83396e-29 2.9516e-29 8.85193e-30 2.65266e-30 7.94329e-31 2.37686e-31 7.10721e-32 2.12372e-32 6.34175e-33 1.89252e-33 5.64418e-34 1.68227e-34 5.01114e-35 1.49185e-35 4.43889e-36 1.32004e-36 3.92345e-37 1.16554e-37 3.46072e-38 1.02706e-38 3.0466e-39 9.03305e-40 2.67705e-40 7.93024e-41 2.34817e-41 6.95005e-42 2.05622e-42 6.08099e-43 1.79767e-43 5.31224e-44 1.56922e-44 4.63371e-45 1.36779e-45 4.03605e-46 1.19054e-46 3.51063e-47 1.03487e-47 3.0496e-48 8.98386e-49 2.64576e-49 7.78941e-50 2.29261e-50 6.74573e-51 1.98428e-51 5.83521e-52 1.7155e-52 5.04204e-53
0.00319067 0.00231442 0.00129334 0.000633149 0.000285251 0.000121259 4.93552e-05 1.9418e-05 7.43296e-06 2.78137e-06 1.02102e-06 3.68701e-07 1.31257e-07 4.61465e-08 1.6045e-08 5.5239e-09 1.8849e-09 6.3803e-10 2.14396e-10 7.15636e-11 2.37414e-11 7.83193e-12 2.57019e-12 8.3938e-13 2.72896e-13 8.83513e-14 2.8492e-14 9.15452e-15 2.93121e-15 9.355e-16 2.97652e-16 9.44311e-17 2.98765e-17 9.42791e-18 2.96776e-18 9.32018e-19 2.92045e-19 9.13168e-20 2.84951e-20 8.87459e-21 2.7588e-21 8.56095e-22 2.65207e-22 8.20237e-23 2.53288e-23 7.80973e-24 2.40453e-24 7.39297e-25 2.27e-25 6.96103e-26 2.13196e-26 6.52174e-27 1.99271e-27 6.08187e-28 1.85421e-28 5.64712e-29 1.71812e-29 5.2222e-30 1.58577e-30 4.81089e-31 1.45822e-31 4.41613e-32 1.33627e-32 4.0401e-33 1.22052e-33 3.68434e-34 1.11135e-34 3.34982e-35 1.00898e-35 3.037e-36 9.1351e-37 2.74597e-37 8.24897e-38 2.47647e-38 7.4302e-39 2.22797e-39 6.6768e-40 1.99977e-40 5.98621e-41 1.79097e-41 5.35546e-42 1.60059e-42 4.78131e-43 1.42757e-43 4.2603e-44 1.2708e-44 3.78891e-45 1.12916e-45 3.3636e-46 1.00153e-46 2.98086e-47 8.86827e-48 2.6373e-48 7.83981e-49 2.32961e-49 6.9198e-50 2.05467e-50 6.09859e-51 1.80951e-51 5.36706e-52 1.59134e-52
0.00091162 0.000761463 0.000470838 0.000250462 0.000121259 5.49628e-05 2.37145e-05 9.84453e-06 3.96109e-06 1.55307e-06 5.95749e-07 2.24273e-07 8.30607e-08 3.03235e-08 1.09303e-08 3.89527e-09 1.37402e-09 4.80195e-10 1.66407e-10 5.72229e-11 1.95381e-11 6.62751e-12 2.23453e-12 7.49162e-13 2.49856e-13 8.29234e-14 2.73952e-14 9.01167e-15 2.95243e-15 9.63607e-16 3.13371e-16 1.01564e-16 3.28114e-17 1.05677e-17 3.39373e-18 1.08686e-18 3.47159e-19 1.1061e-19 3.51575e-20 1.11493e-20 3.528e-21 1.11403e-21 3.51066e-22 1.10419e-22 3.46652e-23 1.08635e-23 3.39858e-24 1.06147e-24 3.31002e-25 1.03059e-25 3.20402e-26 9.94685e-27 3.08372e-27 9.54741e-28 2.95212e-28 9.11675e-29 2.81203e-29 8.66344e-30 2.66604e-30 8.19529e-31 2.5165e-31 7.71931e-32 2.36549e-32 7.24168e-33 2.21484e-33 6.76774e-34 2.06611e-34 6.30204e-35 1.92061e-35 5.84837e-36 1.77942e-36 5.40978e-37 1.64341e-37 4.98868e-38 1.51324e-38 4.5869e-39 1.3894e-39 4.20571e-40 1.27222e-40 3.84594e-41 1.1619e-41 3.50802e-42 1.0585e-42 3.19202e-43 9.62023e-44 2.89773e-44 8.72348e-45 2.62473e-45 7.89309e-46 2.37237e-46 7.12682e-47 2.13989e-47 6.42204e-48 1.9264e-48 5.77581e-49 1.73093e-49 5.18498e-50 1.55247e-50 4.64629e-51 1.38997e-51 4.15643e-52
0.000260463 0.000246189 0.000166618 9.55161e-05 4.93552e-05 2.37145e-05 1.07904e-05 4.70456e-06 1.98142e-06 8.10895e-07 3.2389e-07 1.26694e-07 4.86651e-08 1.83961e-08 6.85586e-09 2.52274e-09 9.17706e-10 3.30385e-10 1.17821e-10 4.16542e-11 1.46093e-11 5.08629e-12 1.75877e-12 6.04315e-13 2.06419e-13 7.01195e-14 2.36962e-14 7.96909e-15 2.66779e-15 8.89246e-16 2.95204e-16 9.76222e-17 3.21653e-17 1.05614e-17 3.45637e-18 1.1276e-18 3.66769e-19 1.18957e-19 3.84768e-20 1.2413e-20 3.99455e-21 1.28239e-21 4.10745e-22 1.3127e-22 4.1864e-23 1.33238e-23 4.23217e-24 1.34176e-24 4.24616e-25 1.34139e-25 4.23032e-26 1.33192e-26 4.18694e-27 1.31416e-27 4.11866e-28 1.28896e-28 4.02825e-29 1.25721e-29 3.91861e-30 1.21984e-30 3.79262e-31 1.17776e-31 3.65315e-32 1.13185e-32 3.50292e-33 1.08295e-33 3.34452e-34 1.03186e-34 3.18037e-35 9.79304e-36 3.01266e-36 9.25948e-37 2.84339e-37 8.72384e-38 2.6743e-38 8.19133e-39 2.50696e-39 7.66649e-40 2.34267e-40 7.15317e-41 2.18256e-41 6.65456e-42 2.02753e-42 6.17328e-43 1.87833e-43 5.71136e-44 1.73551e-44 5.27036e-45 1.5995e-45 4.85135e-46 1.47056e-46 4.45504e-47 1.34887e-47 4.08174e-48 1.23448e-48 3.73151e-49 1.12735e-49 3.40412e-50 1.02738e-50 3.09912e-51 9.34403e-52
7.4418e-05 7.85194e-05 5.76734e-05 3.53995e-05 1.9418e-05 9.84453e-06 4.70456e-06 2.14633e-06 9.43055e-07 4.01604e-07 1.66554e-07 6.75166e-08 2.68311e-08 1.04777e-08 4.02843e-09 1.5274e-09 5.71889e-10 2.11698e-10 7.75534e-11 2.81413e-11 1.01222e-11 3.61149e-12 1.27888e-12 4.49716e-13 1.57113e-13 5.45555e-14 1.88356e-14 6.46826e-15 2.21002e-15 7.51506e-16 2.54395e-16 8.57485e-17 2.87862e-17 9.62655e-18 3.20749e-18 1.06499e-18 3.52436e-19 1.16261e-19 3.82359e-20 1.25385e-20 4.10023e-21 1.33725e-21 4.35015e-22 1.41165e-22 4.57004e-23 1.47613e-23 4.75746e-24 1.53006e-24 4.91084e-25 1.57307e-25 5.02939e-26 1.60504e-26 5.11308e-27 1.62605e-27 5.16253e-28 1.63641e-28 5.17896e-29 1.63657e-29 5.16404e-30 1.62714e-30 5.11987e-31 1.60882e-31 5.04883e-32 1.58241e-32 4.95351e-33 1.54875e-33 4.83664e-34 1.50872e-34 4.70103e-35 1.46321e-35 4.54946e-36 1.41308e-36 4.38468e-37 1.3592e-37 4.20932e-38 1.30238e-38 4.02591e-39 1.24338e-39 3.83677e-40 1.18293e-40 3.64409e-41 1.12167e-41 3.44982e-42 1.0602e-42 3.25574e-43 9.99048e-44 3.06341e-44 9.38669e-45 2.87419e-45 8.79466e-46 2.68924e-46 8.21778e-47 2.50956e-47 7.65886e-48 2.33593e-48 7.12018e-49 2.16901e-49 6.60352e-50 2.00927e-50 6.1102e-51 1.85708e-51
2.12623e-05 2.47711e-05 1.96117e-05 1.28206e-05 7.43296e-06 3.96109e-06 1.98142e-06 9.43055e-07 4.31081e-07 1.90542e-07 8.18553e-08 3.43119e-08 1.40782e-08 5.66827e-09 2.24421e-09 8.7526e-10 3.36752e-10 1.27975e-10 4.8089e-11 1.78847e-11 6.58848e-12 2.40585e-12 8.71381e-13 3.1322e-13 1.11792e-13 3.96364e-14 1.3966e-14 4.89228e-15 1.70434e-15 5.90664e-16 2.03698e-16 6.99211e-17 2.38951e-17 8.13172e-18 2.75625e-18 9.30674e-19 3.1311e-19 1.04975e-19 3.50778e-20 1.16841e-20 3.88002e-21 1.2847e-21 4.24179e-22 1.39677e-22 4.58743e-23 1.5029e-23 4.91184e-24 1.60158e-24 5.21052e-25 1.6915e-25 5.4797e-26 1.77159e-26 5.71638e-27 1.84102e-27 5.91831e-28 1.89918e-28 6.084e-29 1.94575e-29 6.21269e-30 1.98057e-30 6.3043e-31 2.00373e-31 6.35937e-32 2.01548e-32 6.37899e-33 2.01626e-33 6.36473e-34 2.00662e-34 6.31854e-35 1.98723e-35 6.2427e-36 1.95885e-36 6.13972e-37 1.92231e-37 6.01227e-38 1.87847e-38 5.86315e-39 1.82822e-39 5.69518e-40 1.77246e-40 5.51117e-41 1.71206e-41 5.31386e-42 1.64788e-42 5.10592e-43 1.58075e-43 4.88987e-44 1.51143e-44 4.66807e-45 1.44064e-45 4.44274e-46 1.36907e-46 4.21588e-47 1.29731e-47 3.98932e-48 1.22591e-48 3.76467e-49 1.15535e-49 3.54338e-50 1.08605e-50 3.32669e-51
6.07494e-06 7.74519e-06 6.57202e-06 4.55569e-06 2.78137e-06 1.55307e-06 8.10895e-07 4.01604e-07 1.90542e-07 8.72284e-08 3.8739e-08 1.67602e-08 7.08753e-09 2.93739e-09 1.19575e-09 4.78993e-10 1.89107e-10 7.36801e-11 2.83632e-11 1.07982e-11 4.06931e-12 1.51912e-12 5.62157e-13 2.06339e-13 7.51621e-14 2.71844e-14 9.76639e-15 3.4867e-15 1.23742e-15 4.36703e-16 1.53304e-16 5.3547e-17 1.86143e-17 6.4415e-18 2.21948e-18 7.61602e-19 2.60314e-19 8.86413e-20 3.00756e-20 1.01694e-20 3.42725e-21 1.15138e-21 3.85632e-22 1.28782e-22 4.28861e-23 1.4243e-23 4.71792e-24 1.55886e-24 5.13814e-25 1.68961e-25 5.54347e-26 1.81478e-26 5.92849e-27 1.93273e-27 6.28832e-28 2.04202e-28 6.61869e-29 2.14139e-29 6.916e-30 2.22982e-30 7.17733e-31 2.3065e-31 7.40053e-32 2.37087e-32 7.58413e-33 2.42256e-33 7.72735e-34 2.46144e-34 7.8301e-35 2.48758e-35 7.89284e-36 2.50121e-36 7.91661e-37 2.50273e-37 7.9029e-38 2.49269e-38 7.85363e-39 2.47174e-39 7.77103e-40 2.44065e-40 7.65763e-41 2.40023e-41 7.51612e-42 2.35138e-42 7.34935e-43 2.29499e-43 7.16024e-44 2.23201e-44 6.95173e-45 2.16335e-45 6.72674e-46 2.08994e-46 6.48812e-47 2.01265e-47 6.23861e-48 1.93234e-48 5.98084e-49 1.84982e-49 5.71727e-50 1.76583e-50 5.45019e-51
1.7357e-06 2.40369e-06 2.17546e-06 1.59308e-06 1.02102e-06 5.95749e-07 3.2389e-07 1.66554e-07 8.18553e-08 3.8739e-08 1.77552e-08 7.91574e-09 3.44481e-09 1.46749e-09 6.13383e-10 2.52047e-10 1.01985e-10 4.06914e-11 1.6029e-11 6.24029e-12 2.40322e-12 9.16272e-13 3.46105e-13 1.29605e-13 4.81407e-14 1.77462e-14 6.4953e-15 2.36145e-15 8.53116e-16 3.06366e-16 1.09399e-16 3.88558e-17 1.37304e-17 4.82844e-18 1.69014e-18 5.89018e-19 2.04412e-19 7.06543e-20 2.43276e-20 8.34565e-21 2.85289e-21 9.71932e-22 3.30043e-22 1.11723e-22 3.77055e-23 1.26883e-23 4.25781e-24 1.42493e-24 4.75628e-25 1.5836e-25 5.25975e-26 1.74285e-26 5.7619e-27 1.90069e-27 6.25641e-28 2.05513e-28 6.73717e-29 2.20428e-29 7.19836e-30 2.34639e-30 7.63462e-31 2.47981e-31 8.04109e-32 2.60313e-32 8.41355e-33 2.71509e-33 8.7484e-34 2.81468e-34 9.04276e-35 2.90109e-35 9.29444e-36 2.97374e-36 9.50196e-37 3.03227e-37 9.66452e-38 3.07654e-38 9.78195e-39 3.10658e-39 9.85472e-40 3.12263e-40 9.8838e-41 3.12509e-41 9.87069e-42 3.1145e-42 9.81731e-43 3.09151e-43 9.72592e-44 3.0569e-44 9.59911e-45 3.01153e-45 9.43967e-46 2.9563e-46 9.25057e-47 2.89217e-47 9.03489e-48 2.82014e-48 8.79576e-49 2.74118e-49 8.53632e-50 2.6563e-50 8.25968e-51
4.95913e-07 7.41276e-07 7.12619e-07 5.49501e-07 3.68701e-07 2.24273e-07 1.26694e-07 6.75166e-08 3.43119e-08 1.67602e-08 7.91574e-09 3.63146e-09 1.62419e-09 7.1031e-10 3.04488e-10 1.28201e-10 5.31073e-11 2.16771e-11 8.7293e-12 3.47191e-12 1.36517e-12 5.31129e-13 2.04615e-13 7.81071e-14 2.95609e-14 1.10983e-14 4.13537e-15 1.52998e-15 5.62273e-16 2.05332e-16 7.45348e-17 2.69024e-17 9.65769e-18 3.44923e-18 1.22587e-18 4.33645e-19 1.52717e-19 5.35529e-20 1.87027e-20 6.50616e-21 2.25482e-21 7.78634e-22 2.67946e-22 9.18993e-23 3.14183e-23 1.0708e-23 3.63862e-24 1.23287e-24 4.16569e-25 1.40375e-25 4.71809e-26 1.58179e-26 5.29025e-27 1.76514e-27 5.87612e-28 1.95182e-28 6.46927e-29 2.13976e-29 7.0631e-30 2.32686e-30 7.65093e-31 2.51102e-31 8.22623e-32 2.69021e-32 8.78267e-33 2.86247e-33 9.31428e-34 3.026e-34 9.81558e-35 3.17913e-35 1.02816e-35 3.32039e-36 1.0708e-36 3.44853e-37 1.10912e-37 3.56248e-38 1.1428e-38 3.66142e-39 1.17164e-39 3.74474e-40 1.19548e-40 3.81208e-41 1.21422e-41 3.86325e-42 1.22784e-42 3.89831e-43 1.2364e-43 3.91746e-44 1.23999e-44 3.92112e-45 1.23876e-45 3.90983e-46 1.2329e-46 3.88428e-47 1.22266e-47 3.84527e-48 1.2083e-48 3.79369e-49 1.19012e-49 3.73052e-50 1.16843e-50
1.41689e-07 2.27367e-07 2.31334e-07 1.87302e-07 1.31257e-07 8.30607e-08 4.86651e-08 2.68311e-08 1.40782e-08 7.08753e-09 3.44481e-09 1.62419e-09 7.45708e-10 3.34424e-10 1.46868e-10 6.32971e-11 2.68191e-11 1.11885e-11 4.602e-12 1.86837e-12 7.49479e-13 2.97318e-13 1.16732e-13 4.53906e-14 1.74915e-14 6.68371e-15 2.53372e-15 9.53343e-16 3.56184e-16 1.32191e-16 4.8751e-17 1.78715e-17 6.5142e-18 2.3616e-18 8.51742e-19 3.0568e-19 1.09189e-19 3.88269e-20 1.37472e-20 4.84725e-21 1.70237e-21 5.95601e-22 2.07618e-22 7.21178e-23 2.49658e-23 8.61441e-24 2.96302e-24 1.01606e-24 3.47398e-25 1.1844e-25 4.02694e-26 1.36551e-26 4.61845e-27 1.55816e-27 5.24418e-28 1.76085e-28 5.89899e-29 1.97184e-29 6.57709e-30 2.18922e-30 7.27214e-31 2.41089e-31 7.97737e-32 2.63469e-32 8.68575e-33 2.85835e-33 9.39017e-34 3.07963e-34 1.00835e-34 3.29629e-35 1.07588e-35 3.50618e-36 1.14093e-36 3.70725e-37 1.20289e-37 3.89758e-38 1.26117e-38 4.07546e-39 1.31526e-39 4.23932e-40 1.36471e-40 4.38785e-41 1.40912e-41 4.51995e-42 1.44818e-42 4.63473e-43 1.48166e-43 4.73156e-44 1.50939e-44 4.81003e-45 1.53127e-45 4.86995e-46 1.54729e-46 4.91134e-47 1.55747e-47 4.93444e-48 1.56193e-48 4.93965e-49 1.56081e-49 4.92754e-50 1.55433e-50
4.04827e-08 6.94116e-08 7.4507e-08 6.3183e-08 4.61465e-08 3.03235e-08 1.83961e-08 1.04777e-08 5.66827e-09 2.93739e-09 1.46749e-09 7.1031e-10 3.34424e-10 1.53644e-10 6.90629e-11 3.04402e-11 1.31805e-11 5.61548e-12 2.3573e-12 9.76181e-13 3.992e-13 1.6136e-13 6.45208e-14 2.554e-14 1.00148e-14 3.89243e-15 1.50033e-15 5.73784e-16 2.1782e-16 8.21125e-17 3.07498e-17 1.14431e-17 4.233e-18 1.55697e-18 5.69584e-19 2.07294e-19 7.50697e-20 2.70575e-20 9.70825e-21 3.46821e-21 1.23384e-21 4.3719e-22 1.54315e-22 5.42666e-23 1.90154e-23 6.64025e-24 2.3111e-24 8.01789e-25 2.77304e-25 9.56204e-26 3.28766e-26 1.12721e-26 3.85428e-27 1.31443e-27 4.47122e-28 1.51718e-28 5.13578e-29 1.73445e-29 5.84432e-30 1.96494e-30 6.59225e-31 2.20706e-31 7.37417e-32 2.45898e-32 8.18394e-33 2.71867e-33 9.01481e-34 2.9839e-34 9.85957e-35 3.25234e-35 1.07106e-35 3.52155e-36 1.15603e-36 3.78908e-37 1.24007e-37 4.05245e-38 1.32241e-38 4.30925e-39 1.4023e-39 4.55717e-40 1.47903e-40 4.794e-41 1.55192e-41 5.0177e-42 1.62036e-42 5.22642e-43 1.6838e-43 5.41851e-44 1.74174e-44 5.59255e-45 1.79378e-45 5.74735e-46 1.83957e-46 5.88198e-47 1.87887e-47 5.99574e-48 1.91148e-48 6.08817e-49 1.93731e-49 6.15907e-50 1.95633e-50
1.15665e-08 2.11032e-08 2.38308e-08 2.11187e-08 1.6045e-08 1.09303e-08 6.85586e-09 4.02843e-09 2.24421e-09 1.19575e-09 6.13383e-10 3.04488e-10 1.46868e-10 6.90629e-11 3.17472e-11 1.42989e-11 6.32227e-12 2.74875e-12 1.17681e-12 4.96738e-13 2.0695e-13 8.51801e-14 3.46668e-14 1.39612e-14 5.56744e-15 2.19979e-15 8.61665e-16 3.34769e-16 1.29062e-16 4.93949e-17 1.87741e-17 7.08896e-18 2.66007e-18 9.92253e-19 3.68035e-19 1.3577e-19 4.98279e-20 1.81966e-20 6.61375e-21 2.39293e-21 8.62016e-22 3.09228e-22 1.10481e-22 3.93198e-23 1.39415e-23 4.92537e-24 1.73403e-24 6.08437e-25 2.12796e-25 7.41904e-26 2.57877e-26 8.93717e-27 3.08852e-27 1.06439e-27 3.65839e-28 1.25415e-28 4.28859e-29 1.46291e-29 4.97835e-30 1.69024e-30 5.72581e-31 1.93541e-31 6.52808e-32 2.19734e-32 7.38127e-33 2.47463e-33 8.28048e-34 2.76559e-34 9.21994e-35 3.06828e-35 1.01931e-35 3.38049e-36 1.11926e-36 3.69983e-37 1.22108e-37 4.02377e-38 1.32393e-38 4.34965e-39 1.42697e-39 4.67474e-40 1.52932e-40 4.9963e-41 1.63013e-41 5.31162e-42 1.72853e-42 5.61805e-43 1.82373e-43 5.91304e-44 1.91492e-44 6.19421e-45 2.00138e-45 6.45933e-46 2.08243e-46 6.70638e-47 2.15748e-47 6.93358e-48 2.226e-48 7.13938e-49 2.28754e-49 7.32248e-50 2.34172e-50
3.30471e-09 6.39272e-09 7.5753e-09 7.00129e-09 5.5239e-09 3.89527e-09 2.52274e-09 1.5274e-09 8.7526e-10 4.78993e-10 2.52047e-10 1.28201e-10 6.32971e-11 3.04402e-11 1.42989e-11 6.57618e-12 2.96706e-12 1.31553e-12 5.74032e-13 2.46824e-13 1.04699e-13 4.38565e-14 1.81567e-14 7.43528e-15 3.01381e-15 1.20996e-15 4.814e-16 1.89911e-16 7.43202e-17 2.88645e-17 1.113e-17 4.26242e-18 1.62179e-18 6.13257e-19 2.30529e-19 8.61711e-20 3.20373e-20 1.18498e-20 4.3613e-21 1.59758e-21 5.82548e-22 2.11495e-22 7.64612e-23 2.7531e-23 9.87429e-24 3.52821e-24 1.2561e-24 4.45628e-25 1.5756e-25 5.5526e-26 1.9506e-26 6.83134e-27 2.38534e-27 8.30507e-28 2.8835e-28 9.9843e-29 3.44803e-29 1.18771e-29 4.08106e-30 1.39889e-30 4.78378e-31 1.63217e-31 5.55638e-32 1.88745e-32 6.39796e-33 2.16427e-33 7.30652e-34 2.46183e-34 8.27895e-35 2.77896e-35 9.31104e-36 3.11417e-36 1.03975e-36 3.46563e-37 1.15322e-37 3.83124e-38 1.2708e-38 4.20862e-39 1.39169e-39 4.59515e-40 1.51504e-40 4.98805e-41 1.63995e-41 5.38439e-42 1.76547e-42 5.78113e-43 1.89063e-43 6.17521e-44 2.01446e-44 6.56354e-45 2.13599e-45 6.94309e-46 2.25428e-46 7.31093e-47 2.36841e-47 7.66423e-48 2.47752e-48 8.00035e-49 2.5808e-49 8.31684e-50 2.67751e-50
9.44203e-10 1.93027e-09 2.39478e-09 2.3041e-09 1.8849e-09 1.37402e-09 9.17706e-10 5.71889e-10 3.36752e-10 1.89107e-10 1.01985e-10 5.31073e-11 2.68191e-11 1.31805e-11 6.32227e-12 2.96706e-12 1.36515e-12 6.16877e-13 2.74183e-13 1.20026e-13 5.18097e-14 2.20743e-14 9.29173e-15 3.86716e-15 1.59253e-15 6.4933e-16 2.62291e-16 1.05021e-16 4.17012e-17 1.64287e-17 6.42407e-18 2.49424e-18 9.61912e-19 3.68588e-19 1.40373e-19 5.31479e-20 2.00104e-20 7.4937e-21 2.79195e-21 1.03509e-21 3.81938e-22 1.40292e-22 5.13063e-23 1.86844e-23 6.77678e-24 2.44831e-24 8.81188e-25 3.15998e-25 1.12919e-25 4.02131e-26 1.42736e-26 5.05023e-27 1.78132e-27 6.26424e-28 2.19649e-28 7.68e-29 2.67794e-29 9.31283e-30 3.23025e-30 1.11763e-30 3.85737e-31 1.32816e-31 4.56246e-32 1.56374e-32 5.34778e-33 1.82494e-33 6.21461e-34 2.11199e-34 7.16312e-35 2.42475e-35 8.19233e-36 2.76275e-36 9.30009e-37 3.12509e-37 1.0483e-37 3.51054e-38 1.17366e-38 3.91747e-39 1.30551e-39 4.3439e-40 1.44318e-40 4.78753e-41 1.58588e-41 5.24576e-42 1.73276e-42 5.71572e-43 1.88286e-43 6.19432e-44 2.03519e-44 6.6783e-45 2.18869e-45 7.16427e-46 2.34227e-46 7.64875e-47 2.49483e-47 8.12824e-48 2.64525e-48 8.59926e-49 2.79245e-49 9.05838e-50 2.93537e-50
2.69772e-10 5.81158e-10 7.53313e-10 7.53259e-10 6.3803e-10 4.80195e-10 3.30385e-10 2.11698e-10 1.27975e-10 7.36801e-11 4.06914e-11 2.16771e-11 1.11885e-11 5.61548e-12 2.74875e-12 1.31553e-12 6.16877e-13 2.83932e-13 1.28476e-13 5.72289e-14 2.51251e-14 1.08832e-14 4.65551e-15 1.96834e-15 8.23148e-16 3.40718e-16 1.39673e-16 5.6738e-17 2.28505e-17 9.12801e-18 3.61826e-18 1.42376e-18 5.56338e-19 2.15949e-19 8.32928e-20 3.19323e-20 1.21712e-20 4.61345e-21 1.73943e-21 6.52484e-22 2.43558e-22 9.04872e-23 3.34658e-23 1.2323e-23 4.51859e-24 1.65016e-24 6.00266e-25 2.17529e-25 7.85415e-26 2.82581e-26 1.01321e-26 3.62086e-27 1.28981e-27 4.58023e-28 1.62156e-28 5.72405e-29 2.01481e-29 7.07233e-30 2.47582e-30 8.64449e-31 3.01059e-31 1.04589e-31 3.62471e-32 1.25325e-32 4.3232e-33 1.488e-33 5.11039e-34 1.75138e-34 5.98974e-35 2.04435e-35 6.96374e-36 2.36751e-36 8.03378e-37 2.72112e-37 9.20009e-38 3.10506e-38 1.04616e-38 3.5188e-39 1.1816e-39 3.96139e-40 1.32597e-40 4.43148e-41 1.47877e-41 4.92729e-42 1.63938e-42 5.44668e-43 1.80706e-43 5.9871e-44 1.98095e-44 6.5457e-45 2.1601e-45 7.1193e-46 2.34345e-46 7.70445e-47 2.52989e-47 8.2975e-48 2.71823e-48 8.89463e-49 2.90724e-49 9.4919e-50 3.09566e-50
7.70778e-11 1.74517e-10 2.35904e-10 2.4478e-10 2.14396e-10 1.66407e-10 1.17821e-10 7.75534e-11 4.8089e-11 2.83632e-11 1.6029e-11 8.7293e-12 4.602e-12 2.3573e-12 1.17681e-12 5.74032e-13 2.74183e-13 1.28476e-13 5.91535e-14 2.6799e-14 1.19609e-14 5.2649e-15 2.28775e-15 9.82186e-16 4.16943e-16 1.75129e-16 7.28297e-17 3.00038e-17 1.22513e-17 4.96064e-18 1.99263e-18 7.9437e-19 3.14403e-19 1.23585e-19 4.82611e-20 1.87287e-20 7.22464e-21 2.77097e-21 1.05696e-21 4.01043e-22 1.51398e-22 5.68766e-23 2.12671e-23 7.91622e-24 2.93384e-24 1.08275e-24 3.97976e-25 1.45708e-25 5.31452e-26 1.93131e-26 6.99353e-27 2.52376e-27 9.07722e-28 3.25427e-28 1.16304e-28 4.14392e-29 1.47213e-29 5.21473e-30 1.84207e-30 6.48933e-31 2.28006e-31 7.99055e-32 2.79331e-32 9.74095e-33 3.38884e-33 1.17623e-33 4.07338e-34 1.40753e-34 4.85317e-35 1.66986e-35 5.73383e-36 1.96489e-36 6.72017e-37 2.29399e-37 7.81606e-38 2.65821e-38 9.0243e-39 3.05827e-39 1.03465e-39 3.49446e-40 1.17829e-40 3.96667e-41 1.33325e-41 4.47432e-42 1.49928e-42 5.01642e-43 1.67599e-43 5.59147e-44 1.86283e-44 6.19756e-45 2.05912e-45 6.8323e-46 2.26405e-46 7.4929e-47 2.47667e-47 8.17619e-48 2.69592e-48 8.87863e-49 2.92062e-49 9.59635e-50 3.14952e-50
2.20222e-11 5.22826e-11 7.35732e-11 7.91089e-11 7.15636e-11 5.72229e-11 4.16542e-11 2.81413e-11 1.78847e-11 1.07982e-11 6.24029e-12 3.47191e-12 1.86837e-12 9.76181e-13 4.96738e-13 2.46824e-13 1.20026e-13 5.72289e-14 2.6799e-14 1.23425e-14 5.59776e-15 2.50284e-15 1.10429e-15 4.81226e-16 2.07286e-16 8.83189e-17 3.7246e-17 1.55561e-17 6.43793e-18 2.64137e-18 1.07483e-18 4.33971e-19 1.73921e-19 6.92097e-20 2.73556e-20 1.07429e-20 4.19285e-21 1.62678e-21 6.276e-22 2.40809e-22 9.19153e-23 3.49074e-23 1.3193e-23 4.963e-24 1.85862e-24 6.93028e-25 2.57331e-25 9.51641e-26 3.50554e-26 1.28644e-26 4.70363e-27 1.71369e-27 6.22211e-28 2.2516e-28 8.12154e-29 2.92024e-29 1.04682e-29 3.7414e-30 1.33335e-30 4.73842e-31 1.67933e-31 5.93586e-32 2.09269e-32 7.35921e-33 2.5816e-33 9.0345e-34 3.1543e-34 1.09878e-34 3.81901e-35 1.32448e-35 4.58372e-36 1.58303e-36 5.45605e-37 1.87675e-37 6.44307e-38 2.20778e-38 7.55112e-39 2.57798e-39 8.78566e-40 2.98892e-40 1.01511e-40 3.44181e-41 1.16506e-41 3.93745e-42 1.32861e-42 4.47623e-43 1.50581e-43 5.05805e-44 1.69654e-44 5.68232e-45 1.90055e-45 6.34795e-46 2.11739e-46 7.05333e-47 2.3465e-47 7.79634e-48 2.58711e-48 8.57437e-49 2.83832e-49 9.38432e-50 3.09909e-50
6.29207e-12 1.56295e-11 2.28604e-11 2.54386e-11 2.37414e-11 1.95381e-11 1.46093e-11 1.01222e-11 6.58848e-12 4.06931e-12 2.40322e-12 1.36517e-12 7.49479e-13 3.992e-13 2.0695e-13 1.04699e-13 5.18097e-14 2.51251e-14 1.19609e-14 5.59776e-15 2.57877e-15 1.17072e-15 5.2429e-16 2.31823e-16 1.01288e-16 4.37618e-17 1.8709e-17 7.91919e-18 3.32067e-18 1.38007e-18 5.68729e-19 2.32498e-19 9.43221e-20 3.79876e-20 1.51932e-20 6.03626e-21 2.383e-21 9.35052e-22 3.64761e-22 1.41496e-22 5.45936e-23 2.09549e-23 8.00321e-24 3.04196e-24 1.15088e-24 4.33476e-25 1.62563e-25 6.07111e-26 2.25819e-26 8.36673e-27 3.08823e-27 1.13572e-27 4.1619e-28 1.5199e-28 5.53207e-29 2.00701e-29 7.25843e-30 2.61701e-30 9.40748e-31 3.37196e-31 1.20522e-31 4.29595e-32 1.52718e-32 5.41486e-33 1.91506e-33 6.75618e-34 2.37778e-34 8.34866e-35 2.92458e-35 1.02219e-35 3.56492e-36 1.24061e-36 4.30833e-37 1.49312e-37 5.16426e-38 1.78267e-38 6.14187e-39 2.1121e-39 7.24989e-40 2.48408e-40 8.49639e-41 2.90104e-41 9.88866e-42 3.36512e-42 1.1433e-42 3.87814e-43 1.31344e-43 4.44148e-44 1.49966e-44 5.05612e-45 1.7022e-45 5.72252e-46 1.92113e-46 6.44064e-47 2.15633e-47 7.20986e-48 2.40753e-48 8.02902e-49 2.67428e-49 8.89637e-50 2.95591e-50
1.79773e-12 4.66316e-12 7.07882e-12 8.14245e-12 7.83193e-12 6.62751e-12 5.08629e-12 3.61149e-12 2.40585e-12 1.51912e-12 9.16272e-13 5.31129e-13 2.97318e-13 1.6136e-13 8.51801e-14 4.38565e-14 2.20743e-14 1.08832e-14 5.2649e-15 2.50284e-15 1.17072e-15 5.39455e-16 2.45123e-16 1.09936e-16 4.87057e-17 2.13317e-17 9.2421e-18 3.9635e-18 1.68342e-18 7.08491e-19 2.95601e-19 1.22319e-19 5.02194e-20 2.04643e-20 8.27979e-21 3.32717e-21 1.32829e-21 5.26973e-22 2.07815e-22 8.14818e-23 3.17715e-23 1.23225e-23 4.75482e-24 1.82566e-24 6.97647e-25 2.65371e-25 1.00494e-25 3.78933e-26 1.42292e-26 5.32172e-27 1.98259e-27 7.35829e-28 2.72103e-28 1.00265e-28 3.68187e-29 1.34753e-29 4.91582e-30 1.78766e-30 6.48095e-31 2.34259e-31 8.44293e-32 3.03431e-32 1.0875e-32 3.88718e-33 1.3858e-33 4.92786e-34 1.74797e-34 6.18521e-35 2.18345e-35 7.69002e-36 2.70226e-36 9.47474e-37 3.31488e-37 1.15731e-37 4.03214e-38 1.40198e-38 4.86507e-39 1.68498e-39 5.82474e-40 2.0098e-40 6.9221e-41 2.37985e-41 8.16775e-42 2.79841e-42 9.57177e-43 3.26857e-43 1.11435e-43 3.79313e-44 1.28914e-44 4.3746e-45 1.48227e-45 5.01506e-46 1.69433e-46 5.71618e-47 1.92579e-47 6.47911e-48 2.1769e-48 7.30445e-49 2.44778e-49 8.19222e-50 2.73833e-50
5.13638e-13 1.38879e-12 2.18509e-12 2.59517e-12 2.57019e-12 2.23453e-12 1.75877e-12 1.27888e-12 8.71381e-13 5.62157e-13 3.46105e-13 2.04615e-13 1.16732e-13 6.45208e-14 3.46668e-14 1.81567e-14 9.29173e-15 4.65551e-15 2.28775e-15 1.10429e-15 5.2429e-16 2.45123e-16 1.12974e-16 5.13765e-17 2.3073e-17 1.02406e-17 4.49503e-18 1.95251e-18 8.39756e-19 3.578e-19 1.511e-19 6.3272e-20 2.62822e-20 1.08337e-20 4.4331e-21 1.80134e-21 7.27059e-22 2.91577e-22 1.16214e-22 4.60463e-23 1.81409e-23 7.10802e-24 2.77044e-24 1.07434e-24 4.14583e-25 1.59231e-25 6.08778e-26 2.31726e-26 8.78291e-27 3.31518e-27 1.24635e-27 4.66753e-28 1.74142e-28 6.47346e-29 2.39791e-29 8.85189e-30 3.25679e-30 1.19435e-30 4.36623e-31 1.59128e-31 5.78212e-32 2.0949e-32 7.5685e-33 2.72681e-33 9.79785e-34 3.51128e-34 1.25512e-34 4.47529e-35 1.59182e-35 5.6485e-36 1.99967e-36 7.06311e-37 2.48924e-37 8.75369e-38 3.07179e-38 1.07569e-38 3.75923e-39 1.31112e-39 4.56394e-40 1.58564e-40 5.49865e-41 1.90331e-41 6.57632e-42 2.26824e-42 7.80987e-43 2.68449e-43 9.21208e-44 3.15605e-44 1.07953e-44 3.68674e-45 1.25713e-45 4.28015e-46 1.4551e-46 4.93957e-47 1.67442e-47 5.66792e-48 1.91594e-48 6.46768e-49 2.18038e-49 7.34081e-50 2.46827e-50
1.46754e-13 4.12927e-13 6.72535e-13 8.23875e-13 8.3938e-13 7.49162e-13 6.04315e-13 4.49716e-13 3.1322e-13 2.06339e-13 1.29605e-13 7.81071e-14 4.53906e-14 2.554e-14 1.39612e-14 7.43528e-15 3.86716e-15 1.96834e-15 9.82186e-16 4.81226e-16 2.31823e-16 1.09936e-16 5.13765e-17 2.36835e-17 1.07784e-17 4.84652e-18 2.15464e-18 9.47692e-19 4.12628e-19 1.77943e-19 7.60402e-20 3.2214e-20 1.35351e-20 5.6424e-21 2.33455e-21 9.59015e-22 3.91257e-22 1.58576e-22 6.3866e-23 2.55663e-23 1.01749e-23 4.02679e-24 1.58504e-24 6.20668e-25 2.41823e-25 9.37629e-26 3.61851e-26 1.39016e-26 5.31735e-27 2.02528e-27 7.68235e-28 2.90251e-28 1.09239e-28 4.096e-29 1.53025e-29 5.69681e-30 2.11355e-30 7.81533e-31 2.88054e-31 1.05835e-31 3.87662e-32 1.41572e-32 5.15511e-33 1.87182e-33 6.77781e-34 2.44761e-34 8.81556e-35 3.16695e-35 1.13486e-35 4.05677e-36 1.4467e-36 5.14704e-37 1.82702e-37 6.47081e-38 2.28677e-38 8.06412e-39 2.8378e-39 9.96585e-40 3.49281e-40 1.22175e-40 4.2653e-41 1.48627e-41 5.16943e-42 1.79473e-42 6.21988e-43 2.15183e-43 7.43172e-44 2.56237e-44 8.82018e-45 3.03117e-45 1.04005e-45 3.56303e-46 1.21877e-46 4.16262e-47 1.41962e-47 4.83442e-48 1.64398e-48 5.58265e-49 1.89315e-49 6.41119e-50 2.16827e-50
4.19296e-14 1.22588e-13 2.06437e-13 2.60594e-13 2.72896e-13 2.49856e-13 2.06419e-13 1.57113e-13 1.11792e-13 7.51621e-14 4.81407e-14 2.95609e-14 1.74915e-14 1.00148e-14 5.56744e-15 3.01381e-15 1.59253e-15 8.23148e-16 4.16943e-16 2.07286e-16 1.01288e-16 4.87057e-17 2.3073e-17 1.07784e-17 4.96951e-18 2.26319e-18 1.0188e-18 4.53632e-19 1.99901e-19 8.72297e-20 3.77107e-20 1.61591e-20 6.866e-21 2.89398e-21 1.21046e-21 5.02588e-22 2.07214e-22 8.48592e-23 3.45279e-23 1.39618e-23 5.61206e-24 2.24289e-24 8.91433e-25 3.52415e-25 1.38607e-25 5.42449e-26 2.11276e-26 8.1908e-27 3.16121e-27 1.21477e-27 4.64847e-28 1.77155e-28 6.7248e-29 2.54296e-29 9.58038e-30 3.59629e-30 1.34524e-30 5.01489e-31 1.86328e-31 6.90067e-32 2.54763e-32 9.37669e-33 3.44085e-33 1.25897e-33 4.59339e-34 1.67127e-34 6.0644e-35 2.19474e-35 7.92242e-36 2.8526e-36 1.0246e-36 3.67137e-37 1.31244e-37 4.68095e-38 1.66576e-38 5.91473e-39 2.09567e-39 7.40963e-40 2.61441e-40 9.20606e-41 3.23529e-41 1.13478e-41 3.97267e-42 1.38818e-42 4.84186e-43 1.68578e-43 5.85903e-44 2.03283e-44 7.04109e-45 2.43477e-45 8.40553e-46 2.89719e-46 9.9702e-47 3.42578e-47 1.17532e-47 4.02625e-48 1.37724e-48 4.70427e-49 1.60457e-49 5.46534e-50 1.85901e-50
1.19799e-14 3.63418e-14 6.3208e-14 8.21459e-14 8.83513e-14 8.29234e-14 7.01195e-14 5.45555e-14 3.96364e-14 2.71844e-14 1.77462e-14 1.10983e-14 6.68371e-15 3.89243e-15 2.19979e-15 1.20996e-15 6.4933e-16 3.40718e-16 1.75129e-16 8.83189e-17 4.37618e-17 2.13317e-17 1.02406e-17 4.84652e-18 2.26319e-18 1.04364e-18 4.75594e-19 2.1432e-19 9.55636e-20 4.21859e-20 1.84462e-20 7.99306e-21 3.4338e-21 1.46307e-21 6.18503e-22 2.59512e-22 1.08106e-22 4.47249e-23 1.83813e-23 7.50661e-24 3.04691e-24 1.22948e-24 4.93319e-25 1.96863e-25 7.81472e-26 3.08643e-26 1.21302e-26 4.74478e-27 1.84744e-27 7.16136e-28 2.76407e-28 1.06241e-28 4.06699e-29 1.55078e-29 5.89076e-30 2.22938e-30 8.40683e-31 3.15908e-31 1.18307e-31 4.41592e-32 1.64298e-32 6.09363e-33 2.25316e-33 8.30637e-34 3.05328e-34 1.11915e-34 4.09081e-35 1.49126e-35 5.42192e-36 1.96622e-36 7.11238e-37 2.56643e-37 9.2384e-38 3.31774e-38 1.18874e-38 4.24963e-39 1.51585e-39 5.39542e-40 1.91635e-40 6.7924e-41 2.40265e-41 8.48189e-42 2.98846e-42 1.05093e-42 3.68877e-43 1.29239e-43 4.5198e-44 1.57789e-44 5.49893e-45 1.91311e-45 6.64465e-46 2.30404e-46 7.97639e-47 2.75697e-47 9.51439e-48 3.27841e-48 1.12795e-48 3.87503e-49 1.32931e-49 4.55361e-50 1.55766e-50
3.42283e-15 1.07596e-14 1.93082e-14 2.5812e-14 2.8492e-14 2.73952e-14 2.36962e-14 1.88356e-14 1.3966e-14 9.76639e-15 6.4953e-15 4.13537e-15 2.53372e-15 1.50033e-15 8.61665e-16 4.814e-16 2.62291e-16 1.39673e-16 7.28297e-17 3.7246e-17 1.8709e-17 9.2421e-18 4.49503e-18 2.15464e-18 1.0188e-18 4.75594e-19 2.19347e-19 1.00016e-19 4.5115e-20 2.01431e-20 8.90657e-21 3.90194e-21 1.69444e-21 7.29671e-22 3.11705e-22 1.32138e-22 5.56063e-23 2.3236e-23 9.6442e-24 3.97696e-24 1.62977e-24 6.63889e-25 2.68876e-25 1.08289e-25 4.33794e-26 1.72873e-26 6.85471e-27 2.70486e-27 1.06233e-27 4.1534e-28 1.61671e-28 6.26628e-29 2.41873e-29 9.29867e-30 3.5609e-30 1.35848e-30 5.16354e-31 1.95563e-31 7.38095e-32 2.77629e-32 1.04084e-32 3.88963e-33 1.44901e-33 5.38154e-34 1.99273e-34 7.35748e-35 2.7088e-35 9.94544e-36 3.64163e-36 1.32991e-36 4.84424e-37 1.76009e-37 6.37929e-38 2.30655e-38 8.32007e-39 2.99426e-39 1.07515e-39 3.85201e-40 1.3771e-40 4.9127e-41 1.74893e-41 6.21351e-42 2.2031e-42 7.79616e-43 2.75354e-43 9.70699e-44 3.41565e-44 1.1997e-44 4.20629e-45 1.4722e-45 5.14382e-46 1.79421e-46 6.24799e-47 2.1722e-47 7.5399e-48 2.61305e-48 9.04189e-49 3.12399e-49 1.07773e-49 3.71258e-50 1.27706e-50
9.77951e-16 3.18166e-15 5.88524e-15 8.08654e-15 9.15452e-15 9.01167e-15 7.96909e-15 6.46826e-15 4.89228e-15 3.4867e-15 2.36145e-15 1.52998e-15 9.53343e-16 5.73784e-16 3.34769e-16 1.89911e-16 1.05021e-16 5.6738e-17 3.00038e-17 1.55561e-17 7.91919e-18 3.9635e-18 1.95251e-18 9.47692e-19 4.53632e-19 2.1432e-19 1.00016e-19 4.61347e-20 2.10477e-20 9.50273e-21 4.24804e-21 1.8812e-21 8.25624e-22 3.59261e-22 1.55054e-22 6.63985e-23 2.82214e-23 1.19091e-23 4.99097e-24 2.07785e-24 8.59564e-25 3.53411e-25 1.4445e-25 5.8706e-26 2.3728e-26 9.53977e-27 3.81582e-27 1.51875e-27 6.01591e-28 2.37192e-28 9.30991e-29 3.63829e-29 1.41583e-29 5.4871e-30 2.11808e-30 8.14445e-31 3.11994e-31 1.1908e-31 4.52885e-32 1.71645e-32 6.48349e-33 2.44095e-33 9.16045e-34 3.42704e-34 1.2782e-34 4.75321e-35 1.76245e-35 6.51652e-36 2.40278e-36 8.83569e-37 3.24056e-37 1.18544e-37 4.32555e-38 1.57446e-38 5.71708e-39 2.07105e-39 7.48516e-40 2.69916e-40 9.71164e-41 3.48669e-41 1.24913e-41 4.46578e-42 1.5933e-42 5.67317e-43 2.01604e-43 7.15048e-44 2.53132e-44 8.94444e-45 3.15476e-45 1.11071e-45 3.90366e-46 1.36959e-46 4.79706e-47 1.67739e-47 5.85574e-48 2.04093e-48 7.10214e-49 2.46759e-49 8.56036e-50 2.96522e-50 1.0256e-50
2.79414e-16 9.39758e-16 1.79019e-15 2.52632e-15 2.93121e-15 2.95243e-15 2.66779e-15 2.21002e-15 1.70434e-15 1.23742e-15 8.53116e-16 5.62273e-16 3.56184e-16 2.1782e-16 1.29062e-16 7.43202e-17 4.17012e-17 2.28505e-17 1.22513e-17 6.43793e-18 3.32067e-18 1.68342e-18 8.39756e-19 4.12628e-19 1.99901e-19 9.55636e-20 4.5115e-20 2.10477e-20 9.70996e-21 4.43214e-21 2.00274e-21 8.96325e-22 3.97495e-22 1.74746e-22 7.61834e-23 3.29495e-23 1.41423e-23 6.02574e-24 2.54945e-24 1.0714e-24 4.47336e-25 1.8561e-25 7.65515e-26 3.13895e-26 1.27991e-26 5.19072e-27 2.09413e-27 8.40588e-28 3.35766e-28 1.33485e-28 5.28246e-29 2.08116e-29 8.16394e-30 3.18914e-30 1.24074e-30 4.80808e-31 1.85606e-31 7.13823e-32 2.73533e-32 1.04446e-32 3.97444e-33 1.50731e-33 5.69782e-34 2.14699e-34 8.06489e-35 3.02029e-35 1.12775e-35 4.19876e-36 1.55884e-36 5.77142e-37 2.13105e-37 7.84798e-38 2.88272e-38 1.05621e-38 3.86038e-39 1.40753e-39 5.11988e-40 1.85804e-40 6.7277e-41 2.43059e-41 8.76218e-42 3.152e-42 1.13149e-42 4.05344e-43 1.44918e-43 5.17088e-44 1.84147e-44 6.54545e-45 2.32222e-45 8.22379e-46 2.90709e-46 1.02583e-46 3.61362e-47 1.27077e-47 4.4613e-48 1.56366e-48 5.47164e-49 1.91162e-49 6.66815e-50 2.32242e-50 8.07639e-51
7.98327e-17 2.77277e-16 5.43501e-16 7.87172e-16 9.355e-16 9.63607e-16 8.89246e-16 7.51506e-16 5.90664e-16 4.36703e-16 3.06366e-16 2.05332e-16 1.32191e-16 8.21125e-17 4.93949e-17 2.88645e-17 1.64287e-17 9.12801e-18 4.96064e-18 2.64137e-18 1.38007e-18 7.08491e-19 3.578e-19 1.77943e-19 8.72297e-20 4.21859e-20 2.01431e-20 9.50273e-21 4.43214e-21 2.04494e-21 9.33859e-22 4.22315e-22 1.8921e-22 8.40219e-23 3.69957e-23 1.61578e-23 7.00215e-24 3.01191e-24 1.2863e-24 5.45571e-25 2.29873e-25 9.62404e-26 4.00462e-26 1.65651e-26 6.81314e-27 2.78679e-27 1.13383e-27 4.58933e-28 1.84835e-28 7.40837e-29 2.95547e-29 1.17371e-29 4.64067e-30 1.82703e-30 7.16319e-31 2.79715e-31 1.08799e-31 4.21576e-32 1.62748e-32 6.2602e-33 2.39957e-33 9.1662e-34 3.48976e-34 1.32431e-34 5.00958e-35 1.88916e-35 7.1027e-36 2.66253e-36 9.95209e-37 3.70945e-37 1.37882e-37 5.11138e-38 1.88984e-38 6.96934e-39 2.56368e-39 9.40731e-40 3.44364e-40 1.2576e-40 4.58208e-41 1.6657e-41 6.04177e-42 2.18668e-42 7.89727e-43 2.84616e-43 1.02364e-43 3.67418e-44 1.31617e-44 4.70568e-45 1.6792e-45 5.98096e-46 2.12637e-46 7.54612e-47 2.67323e-47 9.4535e-48 3.33737e-48 1.17621e-48 4.13852e-49 1.45378e-49 5.09866e-50 1.78538e-50 6.24209e-51
2.28093e-17 8.17291e-17 1.6471e-16 2.44667e-16 2.97652e-16 3.13371e-16 2.95204e-16 2.54395e-16 2.03698e-16 1.53304e-16 1.09399e-16 7.45348e-17 4.8751e-17 3.07498e-17 1.87741e-17 1.113e-17 6.42407e-18 3.61826e-18 1.99263e-18 1.07483e-18 5.68729e-19 2.95601e-19 1.511e-19 7.60402e-20 3.77107e-20 1.84462e-20 8.90657e-21 4.24804e-21 2.00274e-21 9.33859e-22 4.3092e-22 1.96875e-22 8.90978e-23 3.9959e-23 1.77668e-23 7.83448e-24 3.42746e-24 1.48811e-24 6.41403e-25 2.74527e-25 1.16711e-25 4.9297e-26 2.06926e-26 8.6336e-27 3.58131e-27 1.47724e-27 6.06043e-28 2.47328e-28 1.00424e-28 4.05753e-29 1.6316e-29 6.53068e-30 2.60228e-30 1.03242e-30 4.07871e-31 1.60474e-31 6.28852e-32 2.45474e-32 9.54598e-33 3.69859e-33 1.42789e-33 5.49333e-34 2.10619e-34 8.04856e-35 3.06572e-35 1.16406e-35 4.40632e-36 1.66291e-36 6.25728e-37 2.34776e-37 8.78417e-38 3.27759e-38 1.21967e-38 4.52677e-39 1.67578e-39 6.18806e-40 2.2794e-40 8.37602e-41 3.07064e-41 1.12309e-41 4.09838e-42 1.49226e-42 5.42163e-43 1.96556e-43 7.11098e-44 2.56731e-44 9.25019e-45 3.3263e-45 1.19378e-45 4.27621e-46 1.5289e-46 5.45626e-47 1.94368e-47 6.91165e-48 2.45345e-48 8.69415e-49 3.07568e-49 1.08626e-49 3.83015e-50 1.34834e-50 4.73908e-51
6.51696e-18 2.40675e-17 4.98313e-17 7.58692e-17 9.44311e-17 1.01564e-16 9.76222e-17 8.57485e-17 6.99211e-17 5.3547e-17 3.88558e-17 2.69024e-17 1.78715e-17 1.14431e-17 7.08896e-18 4.26242e-18 2.49424e-18 1.42376e-18 7.9437e-19 4.33971e-19 2.32498e-19 1.22319e-19 6.3272e-20 3.2214e-20 1.61591e-20 7.99306e-21 3.90194e-21 1.8812e-21 8.96325e-22 4.22315e-22 1.96875e-22 9.08554e-23 4.15265e-23 1.88063e-23 8.44236e-24 3.75813e-24 1.65951e-24 7.27163e-25 3.16273e-25 1.36583e-25 5.85806e-26 2.496e-26 1.05675e-26 4.44666e-27 1.86005e-27 7.73629e-28 3.19992e-28 1.31651e-28 5.38841e-29 2.19442e-29 8.89346e-30 3.58737e-30 1.44044e-30 5.75824e-31 2.29199e-31 9.08481e-32 3.58634e-32 1.41016e-32 5.52347e-33 2.15539e-33 8.3802e-34 3.24666e-34 1.25346e-34 4.823e-35 1.84965e-35 7.07073e-36 2.69447e-36 1.02364e-36 3.87723e-37 1.46427e-37 5.51415e-38 2.07071e-38 7.7548e-39 2.8964e-39 1.07896e-39 4.00905e-40 1.48588e-40 5.49362e-41 2.02621e-41 7.45567e-42 2.73705e-42 1.00252e-42 3.66383e-43 1.33608e-43 4.8618e-44 1.76543e-44 6.39747e-45 2.31359e-45 8.35032e-46 3.00796e-46 1.08146e-46 3.88086e-47 1.3901e-47 4.97017e-48 1.77387e-48 6.31992e-49 2.24776e-49 7.98091e-50 2.82897e-50 1.00113e-50 3.53715e-51
1.86199e-18 7.08108e-18 1.50518e-17 2.34745e-17 2.98765e-17 3.28114e-17 3.21653e-17 2.87862e-17 2.38951e-17 1.86143e-17 1.37304e-17 9.65769e-18 6.5142e-18 4.233e-18 2.66007e-18 1.62179e-18 9.61912e-19 5.56338e-19 3.14403e-19 1.73921e-19 9.43221e-20 5.02194e-20 2.62822e-20 1.35351e-20 6.866e-21 3.4338e-21 1.69444e-21 8.25624e-22 3.97495e-22 1.8921e-22 8.90978e-23 4.15265e-23 1.91659e-23 8.76337e-24 3.97131e-24 1.78436e-24 7.95198e-25 3.51605e-25 1.54298e-25 6.7223e-26 2.90835e-26 1.24986e-26 5.33659e-27 2.26443e-27 9.55073e-28 4.00487e-28 1.66993e-28 6.9254e-29 2.85697e-29 1.1726e-29 4.78905e-30 1.94656e-30 7.87526e-31 3.17177e-31 1.27184e-31 5.07827e-32 2.01929e-32 7.99705e-33 3.1547e-33 1.23973e-33 4.85381e-34 1.89349e-34 7.36056e-35 2.85142e-35 1.10091e-35 4.23661e-36 1.62516e-36 6.2146e-37 2.36922e-37 9.00536e-38 3.41295e-38 1.28979e-38 4.86069e-39 1.8268e-39 6.84735e-40 2.55988e-40 9.54563e-41 3.55059e-41 1.31744e-41 4.87655e-42 1.80083e-42 6.63477e-43 2.43891e-43 8.94538e-44 3.27381e-44 1.19558e-44 4.35705e-45 1.58456e-45 5.75104e-46 2.08315e-46 7.53087e-47 2.71729e-47 9.78609e-48 3.51785e-48 1.26228e-48 4.5212e-49 1.61655e-49 5.76995e-50 2.05597e-50 7.31362e-51 2.59737e-51
