0.501832 0.000732626 0.000659363 0.000593427 0.000534084 0.000480676 0.000432608 0.000389347 0.000350413 0.000315371 0.000283834 0.000255451 0.000229906 0.000206915 0.000186224 0.000167601 0.000150841 0.000135757 0.000122181 0.000109963 9.89668e-05 8.90702e-05 8.01631e-05 7.21468e-05 6.49321e-05 5.84389e-05 5.2595e-05 4.73355e-05 4.2602e-05 3.83418e-05 3.45076e-05 3.10568e-05 2.79512e-05 2.5156e-05 2.26404e-05 2.03764e-05 1.83388e-05 1.65049e-05 1.48544e-05 1.3369e-05 1.20321e-05 1.08289e-05 9.74597e-06 8.77137e-06 7.89423e-06 7.10481e-06 6.39433e-06 5.7549e-06 5.17941e-06 4.66147e-06 4.19532e-06 3.77579e-06 3.39821e-06 3.05839e-06 2.75255e-06 2.47729e-06 2.22956e-06 2.00661e-06 1.80595e-06 1.62535e-06 1.46282e-06 1.31654e-06 1.18488e-06 1.06639e-06 9.59755e-07 8.63779e-07 7.77401e-07 6.99661e-07 6.29695e-07 5.66725e-07 5.10053e-07 4.59048e-07 4.13143e-07 3.71829e-07 3.34646e-07 3.01181e-07 2.71063e-07 2.43957e-07 2.19561e-07 1.97605e-07 1.77844e-07 1.6006e-07 1.44054e-07 1.29649e-07 1.16684e-07 1.05015e-07 9.45138e-08 8.50624e-08 7.65562e-08 6.89006e-08 6.20105e-08 5.58095e-08 5.02285e-08 4.52057e-08 4.06851e-08 3.66166e-08 3.29549e-08 2.96594e-08 2.66935e-08 2.40241e-08 2.16217e-08
0.000732626 0.000309689 0.000285375 0.000262827 0.000241935 0.000222594 0.000204701 0.000188161 0.000172881 0.000158777 0.000145764 0.000133766 0.00012271 0.000112527 0.000103154 9.45305e-05 8.66e-05 7.93103e-05 7.26125e-05 6.64612e-05 6.0814e-05 5.56316e-05 5.08776e-05 4.65181e-05 4.25216e-05 3.88593e-05 3.55043e-05 3.24316e-05 2.96185e-05 2.70436e-05 2.46876e-05 2.25323e-05 2.05612e-05 1.8759e-05 1.71116e-05 1.56061e-05 1.42306e-05 1.29741e-05 1.18267e-05 1.07789e-05 9.82249e-06 8.94954e-06 8.15296e-06 7.4262e-06 6.76326e-06 6.15865e-06 5.60732e-06 5.10468e-06 4.64649e-06 4.22889e-06 3.84835e-06 3.50162e-06 3.18576e-06 2.89806e-06 2.63603e-06 2.39744e-06 2.1802e-06 1.98243e-06 1.80242e-06 1.63858e-06 1.48949e-06 1.35383e-06 1.2304e-06 1.11813e-06 1.016e-06 9.2312e-07 8.38655e-07 7.61851e-07 6.92022e-07 6.2854e-07 5.70834e-07 5.18384e-07 4.70716e-07 4.27398e-07 3.88036e-07 3.52272e-07 3.19781e-07 2.90265e-07 2.63455e-07 2.39104e-07 2.16989e-07 1.96905e-07 1.78669e-07 1.62111e-07 1.47077e-07 1.33429e-07 1.21041e-07 1.09795e-07 9.95883e-08 9.03249e-08 8.19183e-08 7.42898e-08 6.73678e-08 6.10873e-08 5.53892e-08 5.02199e-08 4.55305e-08 4.12769e-08 3.74186e-08 3.39192e-08 3.07456e-08
0.000659363 0.000285375 0.000265641 0.00024706 0.000229593 0.000213198 0.00019783 0.000183444 0.000169992 0.000157428 0.000145706 0.00013478 0.000124606 0.00011514 0.00010634 9.81652e-05 9.05777e-05 8.35399e-05 7.70163e-05 7.09732e-05 6.53787e-05 6.02024e-05 5.54157e-05 5.09918e-05 4.6905e-05 4.31317e-05 3.96493e-05 3.64369e-05 3.34748e-05 3.07447e-05 2.82294e-05 2.59128e-05 2.37802e-05 2.18174e-05 2.00118e-05 1.83512e-05 1.68244e-05 1.54212e-05 1.41319e-05 1.29476e-05 1.186e-05 1.08616e-05 9.94529e-06 9.1045e-06 8.33323e-06 7.62588e-06 6.97733e-06 6.38281e-06 5.83796e-06 5.33872e-06 4.88137e-06 4.46249e-06 4.07892e-06 3.72775e-06 3.40631e-06 3.11213e-06 2.84295e-06 2.59669e-06 2.37143e-06 2.16543e-06 1.97706e-06 1.80484e-06 1.64742e-06 1.50354e-06 1.37207e-06 1.25194e-06 1.14219e-06 1.04195e-06 9.50392e-07 8.66788e-07 7.90452e-07 7.20763e-07 6.57149e-07 5.99088e-07 5.46101e-07 4.97752e-07 4.5364e-07 4.13397e-07 3.76688e-07 3.43208e-07 3.12675e-07 2.84832e-07 2.59447e-07 2.36303e-07 2.15205e-07 1.95975e-07 1.78448e-07 1.62475e-07 1.47921e-07 1.34659e-07 1.22577e-07 1.11571e-07 1.01545e-07 9.24128e-08 8.40961e-08 7.65223e-08 6.96256e-08 6.33461e-08 5.7629e-08 5.24242e-08 4.76863e-08
0.000593427 0.000262827 0.00024706 0.000231952 0.000217516 0.000203758 0.000190676 0.000178262 0.000166506 0.000155391 0.000144901 0.000135015 0.000125711 0.000116967 0.000108759 0.000101062 9.3854e-05 8.71094e-05 8.08047e-05 7.49166e-05 6.94221e-05 6.42993e-05 5.95265e-05 5.5083e-05 5.09492e-05 4.71058e-05 4.35347e-05 4.02187e-05 3.71413e-05 3.42869e-05 3.16407e-05 2.91889e-05 2.69181e-05 2.48161e-05 2.28712e-05 2.10723e-05 1.94093e-05 1.78725e-05 1.64529e-05 1.5142e-05 1.39319e-05 1.28153e-05 1.17853e-05 1.08355e-05 9.95987e-06 9.15297e-06 8.40958e-06 7.7249e-06 7.09447e-06 6.51416e-06 5.98011e-06 5.48878e-06 5.03685e-06 4.62127e-06 4.23921e-06 3.88803e-06 3.56533e-06 3.26885e-06 2.99653e-06 2.74645e-06 2.51683e-06 2.30605e-06 2.11259e-06 1.93508e-06 1.77222e-06 1.62283e-06 1.48582e-06 1.36019e-06 1.24502e-06 1.13944e-06 1.04268e-06 9.54011e-07 8.72773e-07 7.98354e-07 7.30191e-07 6.67768e-07 6.10609e-07 5.58278e-07 5.10374e-07 4.66528e-07 4.26402e-07 3.89685e-07 3.56091e-07 3.2536e-07 2.9725e-07 2.71541e-07 2.48031e-07 2.26534e-07 2.0688e-07 1.88913e-07 1.72491e-07 1.57481e-07 1.43765e-07 1.31231e-07 1.19779e-07 1.09318e-07 9.9761e-08 9.10322e-08 8.30601e-08 7.578e-08 6.91323e-08
0.000534084 0.000241935 0.000229593 0.000217516 0.000205756 0.00019435 0.00018333 0.000172718 0.000162528 0.000152771 0.000143449 0.000134564 0.000126112 0.000118087 0.00011048 0.000103282 9.648e-05 9.00613e-05 8.40121e-05 7.83181e-05 7.29643e-05 6.79359e-05 6.32179e-05 5.87951e-05 5.4653e-05 5.07769e-05 4.71527e-05 4.37666e-05 4.06053e-05 3.7656e-05 3.49061e-05 3.23439e-05 2.9958e-05 2.77375e-05 2.56722e-05 2.37522e-05 2.19682e-05 2.03114e-05 1.87735e-05 1.73465e-05 1.60232e-05 1.47963e-05 1.36595e-05 1.26064e-05 1.16314e-05 1.07289e-05 9.89387e-06 9.12153e-06 8.40741e-06 7.74734e-06 7.13741e-06 6.57401e-06 6.05372e-06 5.5734e-06 5.1301e-06 4.72107e-06 4.34377e-06 3.99584e-06 3.67505e-06 3.37938e-06 3.10692e-06 2.8559e-06 2.62469e-06 2.41178e-06 2.21577e-06 2.03534e-06 1.8693e-06 1.71652e-06 1.57598e-06 1.44673e-06 1.32787e-06 1.2186e-06 1.11815e-06 1.02584e-06 9.4101e-07 8.63078e-07 7.91493e-07 7.25747e-07 6.65375e-07 6.09947e-07 5.59064e-07 5.12362e-07 4.69503e-07 4.30178e-07 3.94099e-07 3.61004e-07 3.3065e-07 3.02813e-07 2.77289e-07 2.53889e-07 2.32438e-07 2.12777e-07 1.94758e-07 1.78247e-07 1.63119e-07 1.49259e-07 1.36564e-07 1.24937e-07 1.14288e-07 1.04537e-07 9.56089e-08
0.000480676 0.000222594 0.000213198 0.000203758 0.00019435 0.000185038 0.000175873 0.0001669 0.000158153 0.000149659 0.000141441 0.000133514 0.000125889 0.000118573 0.000111571 0.000104882 9.85055e-05 9.24378e-05 8.66734e-05 8.12057e-05 7.60268e-05 7.11282e-05 6.65005e-05 6.21339e-05 5.80182e-05 5.41432e-05 5.04983e-05 4.70731e-05 4.38572e-05 4.08404e-05 3.80126e-05 3.5364e-05 3.2885e-05 3.05665e-05 2.83994e-05 2.63752e-05 2.44855e-05 2.27226e-05 2.10787e-05 1.95467e-05 1.81198e-05 1.67913e-05 1.55551e-05 1.44053e-05 1.33363e-05 1.23429e-05 1.14202e-05 1.05634e-05 9.76813e-06 9.03029e-06 8.34597e-06 7.71151e-06 7.12348e-06 6.57867e-06 6.07407e-06 5.60685e-06 5.17438e-06 4.7742e-06 4.404e-06 4.06163e-06 3.7451e-06 3.45252e-06 3.18216e-06 2.93239e-06 2.7017e-06 2.4887e-06 2.29206e-06 2.11057e-06 1.94311e-06 1.78862e-06 1.64614e-06 1.51475e-06 1.39362e-06 1.28196e-06 1.17907e-06 1.08426e-06 9.96926e-07 9.16487e-07 8.42413e-07 7.74214e-07 7.11434e-07 6.53654e-07 6.00482e-07 5.51561e-07 5.06558e-07 4.65166e-07 4.271e-07 3.921e-07 3.59922e-07 3.30345e-07 3.03161e-07 2.7818e-07 2.55228e-07 2.34143e-07 2.14775e-07 1.96986e-07 1.80651e-07 1.65653e-07 1.51883e-07 1.39243e-07 1.27641e-07
0.000432608 0.000204701 0.00019783 0.000190676 0.00018333 0.000175873 0.000168372 0.000160885 0.000153461 0.000146142 0.00013896 0.000131944 0.000125116 0.000118494 0.000112091 0.000105917 9.99787e-05 9.42802e-05 8.88233e-05 8.3608e-05 7.86325e-05 7.38935e-05 6.93869e-05 6.51074e-05 6.10491e-05 5.72053e-05 5.35691e-05 5.01331e-05 4.68897e-05 4.38311e-05 4.09496e-05 3.82374e-05 3.56866e-05 3.32896e-05 3.1039e-05 2.89272e-05 2.69472e-05 2.50919e-05 2.33547e-05 2.1729e-05 2.02086e-05 1.87875e-05 1.74599e-05 1.62204e-05 1.50636e-05 1.39846e-05 1.29787e-05 1.20412e-05 1.11681e-05 1.03551e-05 9.59843e-06 8.89452e-06 8.23994e-06 7.63144e-06 7.06599e-06 6.54074e-06 6.053e-06 5.60023e-06 5.18008e-06 4.79031e-06 4.42883e-06 4.09371e-06 3.7831e-06 3.4953e-06 3.22871e-06 2.98183e-06 2.75326e-06 2.54171e-06 2.34594e-06 2.16484e-06 1.99735e-06 1.84247e-06 1.69929e-06 1.56696e-06 1.44468e-06 1.33171e-06 1.22737e-06 1.13102e-06 1.04206e-06 9.59945e-07 8.84161e-07 8.14234e-07 7.49724e-07 6.90221e-07 6.35347e-07 5.84751e-07 5.38107e-07 4.95115e-07 4.55495e-07 4.18988e-07 3.85356e-07 3.54376e-07 3.25845e-07 2.99573e-07 2.75384e-07 2.53117e-07 2.32622e-07 2.13761e-07 1.96405e-07 1.80438e-07 1.65749e-07
0.000389347 0.000188161 0.000183444 0.000178262 0.000172718 0.0001669 0.000160885 0.000154741 0.000148527 0.000142292 0.00013608 0.000129926 0.000123862 0.000117913 0.0001121 0.00010644 0.000100946 9.5629e-05 9.04967e-05 8.55542e-05 8.0805e-05 7.62507e-05 7.18914e-05 6.77258e-05 6.37519e-05 5.99663e-05 5.63652e-05 5.29441e-05 4.9698e-05 4.66216e-05 4.3709e-05 4.09546e-05 3.83521e-05 3.58956e-05 3.35789e-05 3.13959e-05 2.93405e-05 2.74068e-05 2.55888e-05 2.38809e-05 2.22775e-05 2.07731e-05 1.93625e-05 1.80406e-05 1.68027e-05 1.56439e-05 1.45598e-05 1.35461e-05 1.25987e-05 1.17137e-05 1.08874e-05 1.01162e-05 9.39677e-06 8.7259e-06 8.10056e-06 7.51791e-06 6.97523e-06 6.46998e-06 5.99973e-06 5.56223e-06 5.15533e-06 4.77701e-06 4.42539e-06 4.09867e-06 3.7952e-06 3.5134e-06 3.2518e-06 3.00903e-06 2.78378e-06 2.57486e-06 2.38113e-06 2.20153e-06 2.03508e-06 1.88084e-06 1.73797e-06 1.60565e-06 1.48313e-06 1.36971e-06 1.26474e-06 1.16762e-06 1.07776e-06 9.9466e-07 9.17812e-07 8.46764e-07 7.81091e-07 7.20398e-07 6.64319e-07 6.12512e-07 5.64661e-07 5.20471e-07 4.7967e-07 4.42004e-07 4.07239e-07 3.75156e-07 3.45553e-07 3.18244e-07 2.93054e-07 2.69822e-07 2.48401e-07 2.28651e-07 2.10445e-07
0.000350413 0.000172881 0.000169992 0.000166506 0.000162528 0.000158153 0.000153461 0.000148527 0.000143414 0.000138178 0.000132868 0.000127526 0.00012219 0.000116889 0.000111652 0.0001065 0.000101452 9.65236e-05 9.17274e-05 8.70733e-05 8.25687e-05 7.82195e-05 7.40294e-05 7.00008e-05 6.61347e-05 6.2431e-05 5.88886e-05 5.55057e-05 5.22796e-05 4.92071e-05 4.62846e-05 4.3508e-05 4.08729e-05 3.83749e-05 3.60091e-05 3.37706e-05 3.16545e-05 2.96559e-05 2.77697e-05 2.59911e-05 2.43151e-05 2.2737e-05 2.1252e-05 1.98557e-05 1.85435e-05 1.73111e-05 1.61544e-05 1.50693e-05 1.40519e-05 1.30986e-05 1.22057e-05 1.13698e-05 1.05877e-05 9.85618e-06 9.17236e-06 8.53337e-06 7.93653e-06 7.37928e-06 6.85921e-06 6.37401e-06 5.92153e-06 5.4997e-06 5.1066e-06 4.74038e-06 4.39933e-06 4.08182e-06 3.78632e-06 3.5114e-06 3.25568e-06 3.01791e-06 2.79689e-06 2.5915e-06 2.40067e-06 2.22344e-06 2.05887e-06 1.9061e-06 1.76432e-06 1.63276e-06 1.51073e-06 1.39756e-06 1.29263e-06 1.19536e-06 1.10522e-06 1.0217e-06 9.44321e-07 8.7266e-07 8.06302e-07 7.44869e-07 6.88006e-07 6.35384e-07 5.86695e-07 5.41654e-07 4.99995e-07 4.61472e-07 4.25855e-07 3.9293e-07 3.62499e-07 3.34377e-07 3.08395e-07 2.84393e-07 2.62224e-07
0.000315371 0.000158777 0.000157428 0.000155391 0.000152771 0.000149659 0.000146142 0.000142292 0.000138178 0.000133858 0.000129384 0.000124803 0.000120156 0.000115477 0.000110798 0.000106144 0.000101539 9.70018e-05 9.2549e-05 8.81941e-05 8.39482e-05 7.98203e-05 7.58175e-05 7.19452e-05 6.82071e-05 6.4606e-05 6.11432e-05 5.78192e-05 5.46335e-05 5.1585e-05 4.86719e-05 4.58918e-05 4.3242e-05 4.07195e-05 3.83206e-05 3.60419e-05 3.38793e-05 3.18291e-05 2.98871e-05 2.80491e-05 2.63111e-05 2.46689e-05 2.31185e-05 2.16557e-05 2.02765e-05 1.89771e-05 1.77536e-05 1.66023e-05 1.55195e-05 1.45019e-05 1.3546e-05 1.26485e-05 1.18063e-05 1.10164e-05 1.02759e-05 9.58205e-06 8.93221e-06 8.32385e-06 7.75457e-06 7.22208e-06 6.7242e-06 6.25886e-06 5.82412e-06 5.41809e-06 5.03904e-06 4.68528e-06 4.35525e-06 4.04745e-06 3.76049e-06 3.49303e-06 3.24384e-06 3.01173e-06 2.79559e-06 2.59439e-06 2.40715e-06 2.23294e-06 2.07091e-06 1.92023e-06 1.78016e-06 1.64998e-06 1.52902e-06 1.41666e-06 1.31231e-06 1.21541e-06 1.12547e-06 1.04199e-06 9.6454e-07 8.92688e-07 8.26047e-07 7.64253e-07 7.06964e-07 6.53863e-07 6.04653e-07 5.59059e-07 5.16822e-07 4.77702e-07 4.41477e-07 4.07939e-07 3.76892e-07 3.48158e-07 3.21569e-07
0.000283834 0.000145764 0.000145706 0.000144901 0.000143449 0.000141441 0.00013896 0.00013608 0.000132868 0.000129384 0.000125683 0.000121812 0.000117814 0.000113727 0.000109585 0.000105416 0.000101247 9.71001e-05 9.2994e-05 8.89453e-05 8.49681e-05 8.10741e-05 7.72731e-05 7.3573e-05 6.99801e-05 6.64993e-05 6.31343e-05 5.98876e-05 5.67607e-05 5.37543e-05 5.08683e-05 4.8102e-05 4.54542e-05 4.2923e-05 4.05064e-05 3.82019e-05 3.60066e-05 3.39176e-05 3.19318e-05 3.00458e-05 2.82563e-05 2.65597e-05 2.49526e-05 2.34315e-05 2.19928e-05 2.06331e-05 1.9349e-05 1.8137e-05 1.69939e-05 1.59164e-05 1.49013e-05 1.39456e-05 1.30463e-05 1.22006e-05 1.14057e-05 1.06588e-05 9.95751e-06 9.29928e-06 8.68176e-06 8.1027e-06 7.55993e-06 7.0514e-06 6.57514e-06 6.12928e-06 5.71205e-06 5.32175e-06 4.95679e-06 4.61563e-06 4.29684e-06 3.99905e-06 3.72097e-06 3.46139e-06 3.21914e-06 2.99315e-06 2.78238e-06 2.58586e-06 2.40269e-06 2.23201e-06 2.07301e-06 1.92494e-06 1.78707e-06 1.65874e-06 1.53931e-06 1.42821e-06 1.32486e-06 1.22877e-06 1.13943e-06 1.05639e-06 9.79223e-07 9.07534e-07 8.40946e-07 7.79109e-07 7.21697e-07 6.68404e-07 6.18944e-07 5.73051e-07 5.30476e-07 4.90987e-07 4.54367e-07 4.20414e-07 3.88939e-07
0.000255451 0.000133766 0.00013478 0.000135015 0.000134564 0.000133514 0.000131944 0.000129926 0.000127526 0.000124803 0.000121812 0.0001186 0.000115211 0.000111686 0.000108058 0.000104358 0.000100615 9.68535e-05 9.30937e-05 8.93547e-05 8.56529e-05 8.2002e-05 7.8414e-05 7.48991e-05 7.14655e-05 6.81202e-05 6.48687e-05 6.17154e-05 5.86635e-05 5.57155e-05 5.28728e-05 5.01361e-05 4.75056e-05 4.49808e-05 4.25608e-05 4.02441e-05 3.80292e-05 3.59139e-05 3.38959e-05 3.19729e-05 3.01421e-05 2.84007e-05 2.67459e-05 2.51747e-05 2.36841e-05 2.22711e-05 2.09327e-05 1.96658e-05 1.84675e-05 1.73348e-05 1.62648e-05 1.52547e-05 1.43017e-05 1.34031e-05 1.25562e-05 1.17585e-05 1.10076e-05 1.03011e-05 9.63662e-06 9.01203e-06 8.42519e-06 7.87406e-06 7.3567e-06 6.87125e-06 6.41594e-06 5.98905e-06 5.58898e-06 5.21417e-06 4.86318e-06 4.5346e-06 4.22712e-06 3.93947e-06 3.67047e-06 3.41899e-06 3.18397e-06 2.9644e-06 2.75933e-06 2.56785e-06 2.38913e-06 2.22235e-06 2.06676e-06 1.92166e-06 1.78636e-06 1.66025e-06 1.54273e-06 1.43324e-06 1.33126e-06 1.2363e-06 1.1479e-06 1.06561e-06 9.89044e-07 9.17811e-07 8.51556e-07 7.89946e-07 7.32666e-07 6.79423e-07 6.29944e-07 5.83971e-07 5.41265e-07 5.01601e-07 4.6477e-07
0.000229906 0.00012271 0.000124606 0.000125711 0.000126112 0.000125889 0.000125116 0.000123862 0.00012219 0.000120156 0.000117814 0.000115211 0.000112392 0.000109395 0.000106257 0.000103009 9.96794e-05 9.62951e-05 9.28784e-05 8.94496e-05 8.60266e-05 8.2625e-05 7.92585e-05 7.59388e-05 7.2676e-05 6.94787e-05 6.63541e-05 6.33082e-05 6.03457e-05 5.74706e-05 5.46856e-05 5.19929e-05 4.93938e-05 4.68892e-05 4.44791e-05 4.21633e-05 3.99411e-05 3.78113e-05 3.57725e-05 3.38231e-05 3.1961e-05 3.01843e-05 2.84906e-05 2.68776e-05 2.53427e-05 2.38835e-05 2.24973e-05 2.11815e-05 1.99334e-05 1.87505e-05 1.76301e-05 1.65695e-05 1.55664e-05 1.4618e-05 1.37221e-05 1.28761e-05 1.20777e-05 1.13248e-05 1.0615e-05 9.94616e-06 9.31633e-06 8.72349e-06 8.16571e-06 7.64117e-06 7.1481e-06 6.68481e-06 6.24968e-06 5.84117e-06 5.4578e-06 5.09817e-06 4.76092e-06 4.44479e-06 4.14855e-06 3.87105e-06 3.61119e-06 3.36794e-06 3.14031e-06 2.92736e-06 2.7282e-06 2.542e-06 2.36797e-06 2.20537e-06 2.05347e-06 1.91163e-06 1.7792e-06 1.6556e-06 1.54027e-06 1.43269e-06 1.33235e-06 1.2388e-06 1.15159e-06 1.07032e-06 9.946e-07 9.24067e-07 8.58379e-07 7.97218e-07 7.40285e-07 6.87299e-07 6.37996e-07 5.92129e-07 5.49469e-07
0.000206915 0.000112527 0.00011514 0.000116967 0.000118087 0.000118573 0.000118494 0.000117913 0.000116889 0.000115477 0.000113727 0.000111686 0.000109395 0.000106895 0.00010422 0.000101403 9.84731e-05 9.54565e-05 9.23772e-05 8.92563e-05 8.61131e-05 8.29642e-05 7.98247e-05 7.67078e-05 7.36248e-05 7.05858e-05 6.75994e-05 6.46727e-05 6.18121e-05 5.90225e-05 5.63082e-05 5.36724e-05 5.11177e-05 4.86459e-05 4.62583e-05 4.39554e-05 4.17376e-05 3.96045e-05 3.75557e-05 3.55901e-05 3.37066e-05 3.19037e-05 3.01798e-05 2.85331e-05 2.69615e-05 2.54631e-05 2.40357e-05 2.2677e-05 2.13848e-05 2.01568e-05 1.89906e-05 1.78839e-05 1.68345e-05 1.58399e-05 1.4898e-05 1.40064e-05 1.31631e-05 1.23658e-05 1.16125e-05 1.09011e-05 1.02297e-05 9.59624e-06 8.99898e-06 8.43609e-06 7.90584e-06 7.40655e-06 6.93664e-06 6.49457e-06 6.07885e-06 5.68807e-06 5.32089e-06 4.97601e-06 4.6522e-06 4.34829e-06 4.06315e-06 3.79572e-06 3.54499e-06 3.30999e-06 3.0898e-06 2.88357e-06 2.69046e-06 2.50969e-06 2.34054e-06 2.18229e-06 2.03429e-06 1.89591e-06 1.76657e-06 1.6457e-06 1.53278e-06 1.42732e-06 1.32885e-06 1.23693e-06 1.15114e-06 1.07109e-06 9.96425e-07 9.26789e-07 8.61862e-07 8.01339e-07 7.44933e-07 6.92375e-07 6.43414e-07
0.000186224 0.000103154 0.00010634 0.000108759 0.00011048 0.000111571 0.000112091 0.0001121 0.000111652 0.000110798 0.000109585 0.000108058 0.000106257 0.00010422 0.000101982 9.95754e-05 9.70283e-05 9.43677e-05 9.16177e-05 8.88003e-05 8.59352e-05 8.30402e-05 8.01311e-05 7.72221e-05 7.43257e-05 7.14531e-05 6.86139e-05 6.58166e-05 6.30684e-05 6.03756e-05 5.77433e-05 5.51761e-05 5.26773e-05 5.02499e-05 4.78961e-05 4.56174e-05 4.34149e-05 4.12892e-05 3.92405e-05 3.72686e-05 3.5373e-05 3.35529e-05 3.18072e-05 3.01348e-05 2.85341e-05 2.70036e-05 2.55415e-05 2.41461e-05 2.28155e-05 2.15476e-05 2.03405e-05 1.91921e-05 1.81004e-05 1.70633e-05 1.60787e-05 1.51446e-05 1.42589e-05 1.34198e-05 1.26251e-05 1.18729e-05 1.11615e-05 1.04888e-05 9.85324e-06 9.25297e-06 8.68633e-06 8.15169e-06 7.64747e-06 7.17217e-06 6.72431e-06 6.3025e-06 5.90538e-06 5.53167e-06 5.18012e-06 4.84955e-06 4.53881e-06 4.24684e-06 3.97259e-06 3.71508e-06 3.47338e-06 3.24658e-06 3.03384e-06 2.83435e-06 2.64734e-06 2.47209e-06 2.30792e-06 2.15415e-06 2.01018e-06 1.87542e-06 1.74932e-06 1.63135e-06 1.52101e-06 1.41785e-06 1.32141e-06 1.23129e-06 1.14709e-06 1.06844e-06 9.9499e-07 9.26416e-07 8.62409e-07 8.02678e-07 7.46949e-07
0.000167601 9.45305e-05 9.81652e-05 0.000101062 0.000103282 0.000104882 0.000105917 0.00010644 0.0001065 0.000106144 0.000105416 0.000104358 0.000103009 0.000101403 9.95754e-05 9.75564e-05 9.53747e-05 9.30567e-05 9.06264e-05 8.8106e-05 8.55155e-05 8.28732e-05 8.01957e-05 7.74977e-05 7.47927e-05 7.20926e-05 6.9408e-05 6.67481e-05 6.41213e-05 6.15347e-05 5.89945e-05 5.6506e-05 5.40736e-05 5.1701e-05 4.93914e-05 4.71472e-05 4.49702e-05 4.28618e-05 4.08229e-05 3.8854e-05 3.69553e-05 3.51266e-05 3.33674e-05 3.16771e-05 3.00546e-05 2.8499e-05 2.70089e-05 2.55829e-05 2.42195e-05 2.29171e-05 2.1674e-05 2.04885e-05 1.93587e-05 1.82829e-05 1.72592e-05 1.62857e-05 1.53607e-05 1.44822e-05 1.36484e-05 1.28576e-05 1.21079e-05 1.13977e-05 1.07252e-05 1.00887e-05 9.48669e-06 8.91752e-06 8.37968e-06 7.87168e-06 7.39209e-06 6.93953e-06 6.51265e-06 6.11017e-06 5.73086e-06 5.37353e-06 5.03703e-06 4.72027e-06 4.42222e-06 4.14186e-06 3.87824e-06 3.63046e-06 3.39763e-06 3.17893e-06 2.97357e-06 2.7808e-06 2.59991e-06 2.4302e-06 2.27105e-06 2.12184e-06 1.98199e-06 1.85095e-06 1.72819e-06 1.61323e-06 1.5056e-06 1.40486e-06 1.3106e-06 1.22241e-06 1.13993e-06 1.06281e-06 9.90716e-07 9.23337e-07 8.6038e-07
0.000150841 8.66e-05 9.05777e-05 9.3854e-05 9.648e-05 9.85055e-05 9.99787e-05 0.000100946 0.000101452 0.000101539 0.000101247 0.000100615 9.96794e-05 9.84731e-05 9.70283e-05 9.53747e-05 9.354e-05 9.15499e-05 8.94281e-05 8.71966e-05 8.48754e-05 8.24831e-05 8.00364e-05 7.75507e-05 7.504e-05 7.25166e-05 6.9992e-05 6.74762e-05 6.49782e-05 6.25058e-05 6.00662e-05 5.76653e-05 5.53084e-05 5.30002e-05 5.07443e-05 4.85439e-05 4.64018e-05 4.43199e-05 4.22998e-05 4.03427e-05 3.84494e-05 3.66203e-05 3.48555e-05 3.31548e-05 3.15179e-05 2.99439e-05 2.84322e-05 2.69818e-05 2.55914e-05 2.42599e-05 2.29859e-05 2.17679e-05 2.06044e-05 1.94938e-05 1.84347e-05 1.74252e-05 1.64638e-05 1.55487e-05 1.46784e-05 1.38512e-05 1.30654e-05 1.23193e-05 1.16115e-05 1.09402e-05 1.0304e-05 9.70132e-06 9.13071e-06 8.59074e-06 8.07999e-06 7.59712e-06 7.14082e-06 6.70981e-06 6.30287e-06 5.91882e-06 5.55652e-06 5.21488e-06 4.89285e-06 4.58941e-06 4.30361e-06 4.03451e-06 3.78124e-06 3.54294e-06 3.3188e-06 3.10806e-06 2.90998e-06 2.72386e-06 2.54904e-06 2.38487e-06 2.23075e-06 2.08612e-06 1.95043e-06 1.82316e-06 1.70383e-06 1.59196e-06 1.48712e-06 1.3889e-06 1.2969e-06 1.21075e-06 1.1301e-06 1.05461e-06 9.83979e-07
0.000135757 7.93103e-05 8.35399e-05 8.71094e-05 9.00613e-05 9.24378e-05 9.42802e-05 9.5629e-05 9.65236e-05 9.70018e-05 9.71001e-05 9.68535e-05 9.62951e-05 9.54565e-05 9.43677e-05 9.30567e-05 9.15499e-05 8.98722e-05 8.80465e-05 8.60944e-05 8.40357e-05 8.18888e-05 7.96707e-05 7.73969e-05 7.50816e-05 7.27377e-05 7.0377e-05 6.80102e-05 6.56468e-05 6.32953e-05 6.09634e-05 5.86579e-05 5.63846e-05 5.41489e-05 5.19552e-05 4.98073e-05 4.77086e-05 4.56617e-05 4.36689e-05 4.17319e-05 3.9852e-05 3.80304e-05 3.62675e-05 3.45638e-05 3.29192e-05 3.13337e-05 2.98068e-05 2.83379e-05 2.69262e-05 2.55709e-05 2.4271e-05 2.30252e-05 2.18324e-05 2.06913e-05 1.96004e-05 1.85584e-05 1.75639e-05 1.66153e-05 1.57111e-05 1.48499e-05 1.40301e-05 1.32502e-05 1.25087e-05 1.18042e-05 1.11352e-05 1.05003e-05 9.89795e-06 9.32688e-06 8.78573e-06 8.27318e-06 7.78794e-06 7.32878e-06 6.89449e-06 6.48391e-06 6.09591e-06 5.72941e-06 5.38335e-06 5.05673e-06 4.74857e-06 4.45795e-06 4.18396e-06 3.92575e-06 3.68251e-06 3.45343e-06 3.23778e-06 3.03483e-06 2.84389e-06 2.66432e-06 2.49549e-06 2.3368e-06 2.1877e-06 2.04765e-06 1.91613e-06 1.79266e-06 1.67678e-06 1.56805e-06 1.46606e-06 1.37042e-06 1.28076e-06 1.19672e-06 1.11797e-06
0.000122181 7.26125e-05 7.70163e-05 8.08047e-05 8.40121e-05 8.66734e-05 8.88233e-05 9.04967e-05 9.17274e-05 9.2549e-05 9.2994e-05 9.30937e-05 9.28784e-05 9.23772e-05 9.16177e-05 9.06264e-05 8.94281e-05 8.80465e-05 8.65036e-05 8.48204e-05 8.30161e-05 8.11089e-05 7.91156e-05 7.70517e-05 7.49316e-05 7.27683e-05 7.05741e-05 6.83598e-05 6.61354e-05 6.39101e-05 6.1692e-05 5.94883e-05 5.73056e-05 5.51498e-05 5.30257e-05 5.0938e-05 4.88905e-05 4.68864e-05 4.49286e-05 4.30193e-05 4.11605e-05 3.93537e-05 3.75999e-05 3.59001e-05 3.42547e-05 3.26641e-05 3.11281e-05 2.96467e-05 2.82193e-05 2.68456e-05 2.55248e-05 2.4256e-05 2.30383e-05 2.18707e-05 2.0752e-05 1.96811e-05 1.86568e-05 1.76776e-05 1.67424e-05 1.58498e-05 1.49984e-05 1.41868e-05 1.34137e-05 1.26777e-05 1.19775e-05 1.13116e-05 1.06787e-05 1.00776e-05 9.50698e-06 8.96551e-06 8.45198e-06 7.9652e-06 7.50399e-06 7.06721e-06 6.65374e-06 6.26252e-06 5.89251e-06 5.5427e-06 5.21213e-06 4.89987e-06 4.60501e-06 4.32668e-06 4.06407e-06 3.81638e-06 3.58283e-06 3.3627e-06 3.15529e-06 2.95994e-06 2.77599e-06 2.60283e-06 2.4399e-06 2.28663e-06 2.14249e-06 2.00697e-06 1.87961e-06 1.75993e-06 1.64752e-06 1.54196e-06 1.44285e-06 1.34984e-06 1.26256e-06
0.000109963 6.64612e-05 7.09732e-05 7.49166e-05 7.83181e-05 8.12057e-05 8.3608e-05 8.55542e-05 8.70733e-05 8.81941e-05 8.89453e-05 8.93547e-05 8.94496e-05 8.92563e-05 8.88003e-05 8.8106e-05 8.71966e-05 8.60944e-05 8.48204e-05 8.33946e-05 8.18356e-05 8.01612e-05 7.83877e-05 7.65305e-05 7.4604e-05 7.26212e-05 7.05944e-05 6.85349e-05 6.64529e-05 6.43578e-05 6.22581e-05 6.01617e-05 5.80755e-05 5.60058e-05 5.3958e-05 5.19373e-05 4.99479e-05 4.79937e-05 4.6078e-05 4.42036e-05 4.23728e-05 4.05878e-05 3.885e-05 3.71607e-05 3.55209e-05 3.39313e-05 3.23923e-05 3.09041e-05 2.94666e-05 2.80797e-05 2.67429e-05 2.54558e-05 2.42177e-05 2.30278e-05 2.18853e-05 2.07891e-05 1.97384e-05 1.87319e-05 1.77686e-05 1.68473e-05 1.59668e-05 1.51258e-05 1.43231e-05 1.35575e-05 1.28277e-05 1.21324e-05 1.14704e-05 1.08404e-05 1.02413e-05 9.67188e-06 9.13086e-06 8.61713e-06 8.12955e-06 7.66702e-06 7.22845e-06 6.81278e-06 6.41901e-06 6.04614e-06 5.69321e-06 5.35929e-06 5.04348e-06 4.74493e-06 4.46279e-06 4.19627e-06 3.9446e-06 3.70702e-06 3.48284e-06 3.27138e-06 3.07197e-06 2.88399e-06 2.70685e-06 2.53998e-06 2.38282e-06 2.23486e-06 2.09561e-06 1.96458e-06 1.84133e-06 1.72544e-06 1.61648e-06 1.51408e-06 1.41787e-06
9.89668e-05 6.0814e-05 6.53787e-05 6.94221e-05 7.29643e-05 7.60268e-05 7.86325e-05 8.0805e-05 8.25687e-05 8.39482e-05 8.49681e-05 8.56529e-05 8.60266e-05 8.61131e-05 8.59352e-05 8.55155e-05 8.48754e-05 8.40357e-05 8.30161e-05 8.18356e-05 8.05121e-05 7.90625e-05 7.75028e-05 7.58481e-05 7.41123e-05 7.23087e-05 7.04493e-05 6.85456e-05 6.6608e-05 6.4646e-05 6.26686e-05 6.06838e-05 5.86989e-05 5.67206e-05 5.47548e-05 5.28071e-05 5.08821e-05 4.89842e-05 4.7117e-05 4.5284e-05 4.34878e-05 4.17309e-05 4.00154e-05 3.83429e-05 3.67149e-05 3.51323e-05 3.3596e-05 3.21066e-05 3.06643e-05 2.92693e-05 2.79216e-05 2.66208e-05 2.53667e-05 2.41587e-05 2.29963e-05 2.18786e-05 2.08049e-05 1.97744e-05 1.8786e-05 1.78388e-05 1.69318e-05 1.60638e-05 1.52337e-05 1.44405e-05 1.36829e-05 1.29599e-05 1.22702e-05 1.16128e-05 1.09864e-05 1.039e-05 9.82244e-06 9.28256e-06 8.76931e-06 8.28161e-06 7.81841e-06 7.3787e-06 6.96147e-06 6.56577e-06 6.19063e-06 5.83514e-06 5.49842e-06 5.17961e-06 4.87788e-06 4.59241e-06 4.32245e-06 4.06723e-06 3.82606e-06 3.59823e-06 3.38308e-06 3.17997e-06 2.98831e-06 2.8075e-06 2.63698e-06 2.47622e-06 2.3247e-06 2.18195e-06 2.04749e-06 1.92088e-06 1.8017e-06 1.68954e-06 1.58401e-06
8.90702e-05 5.56316e-05 6.02024e-05 6.42993e-05 6.79359e-05 7.11282e-05 7.38935e-05 7.62507e-05 7.82195e-05 7.98203e-05 8.10741e-05 8.2002e-05 8.2625e-05 8.29642e-05 8.30402e-05 8.28732e-05 8.24831e-05 8.18888e-05 8.11089e-05 8.01612e-05 7.90625e-05 7.78291e-05 7.64763e-05 7.50187e-05 7.347e-05 7.18431e-05 7.015e-05 6.84021e-05 6.66098e-05 6.47828e-05 6.29303e-05 6.10604e-05 5.91807e-05 5.72983e-05 5.54195e-05 5.35499e-05 5.16948e-05 4.98588e-05 4.8046e-05 4.62602e-05 4.45045e-05 4.27818e-05 4.10946e-05 3.94448e-05 3.78342e-05 3.62644e-05 3.47363e-05 3.32511e-05 3.18092e-05 3.04111e-05 2.90571e-05 2.77473e-05 2.64816e-05 2.52597e-05 2.40813e-05 2.29458e-05 2.18528e-05 2.08014e-05 1.97911e-05 1.88209e-05 1.789e-05 1.69975e-05 1.61423e-05 1.53236e-05 1.45403e-05 1.37913e-05 1.30756e-05 1.23921e-05 1.17398e-05 1.11177e-05 1.05246e-05 9.95946e-06 9.42134e-06 8.90917e-06 8.42195e-06 7.9587e-06 7.51844e-06 7.10023e-06 6.70315e-06 6.32629e-06 5.96878e-06 5.62978e-06 5.30846e-06 5.00402e-06 4.71568e-06 4.44271e-06 4.18438e-06 3.93999e-06 3.70889e-06 3.49041e-06 3.28396e-06 3.08893e-06 2.90475e-06 2.73087e-06 2.56678e-06 2.41196e-06 2.26595e-06 2.12828e-06 1.99852e-06 1.87624e-06 1.76105e-06
8.01631e-05 5.08776e-05 5.54157e-05 5.95265e-05 6.32179e-05 6.65005e-05 6.93869e-05 7.18914e-05 7.40294e-05 7.58175e-05 7.72731e-05 7.8414e-05 7.92585e-05 7.98247e-05 8.01311e-05 8.01957e-05 8.00364e-05 7.96707e-05 7.91156e-05 7.83877e-05 7.75028e-05 7.64763e-05 7.53229e-05 7.40563e-05 7.269e-05 7.12365e-05 6.97076e-05 6.81145e-05 6.64675e-05 6.47765e-05 6.30505e-05 6.12979e-05 5.95266e-05 5.77436e-05 5.59556e-05 5.41686e-05 5.23881e-05 5.06191e-05 4.88659e-05 4.71327e-05 4.5423e-05 4.37399e-05 4.20864e-05 4.04648e-05 3.88772e-05 3.73253e-05 3.58108e-05 3.43348e-05 3.28983e-05 3.1502e-05 3.01465e-05 2.88321e-05 2.75591e-05 2.63273e-05 2.51369e-05 2.39873e-05 2.28784e-05 2.18096e-05 2.07805e-05 1.97902e-05 1.88383e-05 1.79238e-05 1.70459e-05 1.62039e-05 1.53969e-05 1.46238e-05 1.38838e-05 1.31759e-05 1.24991e-05 1.18525e-05 1.1235e-05 1.06457e-05 1.00837e-05 9.54787e-06 9.03735e-06 8.55117e-06 8.0884e-06 7.64813e-06 7.22946e-06 6.83152e-06 6.45345e-06 6.09442e-06 5.75361e-06 5.43023e-06 5.12353e-06 4.83275e-06 4.55718e-06 4.29612e-06 4.0489e-06 3.81488e-06 3.59343e-06 3.38394e-06 3.18585e-06 2.99859e-06 2.82163e-06 2.65446e-06 2.49659e-06 2.34755e-06 2.20689e-06 2.07417e-06 1.94899e-06
7.21468e-05 4.65181e-05 5.09918e-05 5.5083e-05 5.87951e-05 6.21339e-05 6.51074e-05 6.77258e-05 7.00008e-05 7.19452e-05 7.3573e-05 7.48991e-05 7.59388e-05 7.67078e-05 7.72221e-05 7.74977e-05 7.75507e-05 7.73969e-05 7.70517e-05 7.65305e-05 7.58481e-05 7.50187e-05 7.40563e-05 7.29741e-05 7.17849e-05 7.05006e-05 6.9133e-05 6.76928e-05 6.61903e-05 6.46352e-05 6.30366e-05 6.1403e-05 5.97421e-05 5.80614e-05 5.63676e-05 5.46668e-05 5.29649e-05 5.12671e-05 4.95781e-05 4.79022e-05 4.62434e-05 4.4605e-05 4.29903e-05 4.14019e-05 3.98423e-05 3.83135e-05 3.68174e-05 3.53556e-05 3.39292e-05 3.25393e-05 3.11867e-05 2.98722e-05 2.8596e-05 2.73586e-05 2.61599e-05 2.5e-05 2.38787e-05 2.27959e-05 2.1751e-05 2.07437e-05 1.97735e-05 1.88396e-05 1.79416e-05 1.70786e-05 1.625e-05 1.54548e-05 1.46923e-05 1.39616e-05 1.32619e-05 1.25922e-05 1.19516e-05 1.13393e-05 1.07544e-05 1.01958e-05 9.66283e-06 9.15444e-06 8.66979e-06 8.208e-06 7.76821e-06 7.34957e-06 6.95124e-06 6.57242e-06 6.21231e-06 5.87014e-06 5.54514e-06 5.23658e-06 4.94376e-06 4.66598e-06 4.40256e-06 4.15287e-06 3.91627e-06 3.69216e-06 3.47995e-06 3.27909e-06 3.08903e-06 2.90926e-06 2.73927e-06 2.57857e-06 2.42672e-06 2.28327e-06 2.1478e-06
6.49321e-05 4.25216e-05 4.6905e-05 5.09492e-05 5.4653e-05 5.80182e-05 6.10491e-05 6.37519e-05 6.61347e-05 6.82071e-05 6.99801e-05 7.14655e-05 7.2676e-05 7.36248e-05 7.43257e-05 7.47927e-05 7.504e-05 7.50816e-05 7.49316e-05 7.4604e-05 7.41123e-05 7.347e-05 7.269e-05 7.17849e-05 7.07666e-05 6.96469e-05 6.84368e-05 6.71469e-05 6.57873e-05 6.43674e-05 6.28963e-05 6.13823e-05 5.98334e-05 5.82569e-05 5.66597e-05 5.50482e-05 5.34283e-05 5.18054e-05 5.01845e-05 4.85702e-05 4.69666e-05 4.53774e-05 4.3806e-05 4.22555e-05 4.07286e-05 3.92276e-05 3.77546e-05 3.63115e-05 3.48998e-05 3.35207e-05 3.21755e-05 3.0865e-05 2.95898e-05 2.83505e-05 2.71475e-05 2.59808e-05 2.48507e-05 2.37571e-05 2.26997e-05 2.16783e-05 2.06927e-05 1.97422e-05 1.88265e-05 1.79449e-05 1.70968e-05 1.62816e-05 1.54985e-05 1.47468e-05 1.40257e-05 1.33345e-05 1.26722e-05 1.20382e-05 1.14314e-05 1.08512e-05 1.02966e-05 9.76684e-06 9.26103e-06 8.77835e-06 8.31799e-06 7.87912e-06 7.46094e-06 7.06267e-06 6.68352e-06 6.32275e-06 5.97962e-06 5.65339e-06 5.34338e-06 5.04888e-06 4.76924e-06 4.50382e-06 4.25198e-06 4.01312e-06 3.78666e-06 3.57203e-06 3.36868e-06 3.17609e-06 2.99375e-06 2.82117e-06 2.65788e-06 2.50344e-06 2.35741e-06
5.84389e-05 3.88593e-05 4.31317e-05 4.71058e-05 5.07769e-05 5.41432e-05 5.72053e-05 5.99663e-05 6.2431e-05 6.4606e-05 6.64993e-05 6.81202e-05 6.94787e-05 7.05858e-05 7.14531e-05 7.20926e-05 7.25166e-05 7.27377e-05 7.27683e-05 7.26212e-05 7.23087e-05 7.18431e-05 7.12365e-05 7.05006e-05 6.96469e-05 6.86863e-05 6.76295e-05 6.64867e-05 6.52676e-05 6.39814e-05 6.2637e-05 6.12428e-05 5.98065e-05 5.83355e-05 5.68368e-05 5.53169e-05 5.37817e-05 5.22368e-05 5.06875e-05 4.91383e-05 4.75937e-05 4.60577e-05 4.45339e-05 4.30256e-05 4.15356e-05 4.00667e-05 3.86212e-05 3.72012e-05 3.58084e-05 3.44445e-05 3.31107e-05 3.18082e-05 3.0538e-05 2.93007e-05 2.8097e-05 2.69272e-05 2.57917e-05 2.46905e-05 2.36238e-05 2.25914e-05 2.15931e-05 2.06287e-05 1.96978e-05 1.88e-05 1.79348e-05 1.71016e-05 1.62999e-05 1.55291e-05 1.47884e-05 1.40771e-05 1.33946e-05 1.27401e-05 1.21129e-05 1.1512e-05 1.09369e-05 1.03866e-05 9.86048e-06 9.35765e-06 8.87735e-06 8.41881e-06 7.98127e-06 7.56396e-06 7.16613e-06 6.78706e-06 6.42601e-06 6.0823e-06 5.75521e-06 5.44409e-06 5.14827e-06 4.86712e-06 4.60001e-06 4.34634e-06 4.10553e-06 3.87701e-06 3.66022e-06 3.45465e-06 3.25978e-06 3.07511e-06 2.90018e-06 2.73452e-06 2.57769e-06
5.2595e-05 3.55043e-05 3.96493e-05 4.35347e-05 4.71527e-05 5.04983e-05 5.35691e-05 5.63652e-05 5.88886e-05 6.11432e-05 6.31343e-05 6.48687e-05 6.63541e-05 6.75994e-05 6.86139e-05 6.9408e-05 6.9992e-05 7.0377e-05 7.05741e-05 7.05944e-05 7.04493e-05 7.015e-05 6.97076e-05 6.9133e-05 6.84368e-05 6.76295e-05 6.67212e-05 6.57215e-05 6.46399e-05 6.34854e-05 6.22665e-05 6.09913e-05 5.96677e-05 5.8303e-05 5.6904e-05 5.54773e-05 5.40289e-05 5.25646e-05 5.10895e-05 4.96086e-05 4.81265e-05 4.66472e-05 4.51747e-05 4.37123e-05 4.22633e-05 4.08305e-05 3.94164e-05 3.80235e-05 3.66537e-05 3.53088e-05 3.39905e-05 3.26999e-05 3.14384e-05 3.02069e-05 2.9006e-05 2.78366e-05 2.6699e-05 2.55937e-05 2.45207e-05 2.34802e-05 2.24722e-05 2.14965e-05 2.0553e-05 1.96414e-05 1.87614e-05 1.79125e-05 1.70942e-05 1.63061e-05 1.55475e-05 1.4818e-05 1.41167e-05 1.34432e-05 1.27967e-05 1.21765e-05 1.15818e-05 1.10121e-05 1.04665e-05 9.94432e-06 9.44482e-06 8.96726e-06 8.51091e-06 8.07506e-06 7.65898e-06 7.26197e-06 6.88332e-06 6.52236e-06 6.17841e-06 5.85081e-06 5.53891e-06 5.2421e-06 4.95975e-06 4.69126e-06 4.43605e-06 4.19357e-06 3.96326e-06 3.74459e-06 3.53705e-06 3.34014e-06 3.15338e-06 2.9763e-06 2.80847e-06
4.73355e-05 3.24316e-05 3.64369e-05 4.02187e-05 4.37666e-05 4.70731e-05 5.01331e-05 5.29441e-05 5.55057e-05 5.78192e-05 5.98876e-05 6.17154e-05 6.33082e-05 6.46727e-05 6.58166e-05 6.67481e-05 6.74762e-05 6.80102e-05 6.83598e-05 6.85349e-05 6.85456e-05 6.84021e-05 6.81145e-05 6.76928e-05 6.71469e-05 6.64867e-05 6.57215e-05 6.48607e-05 6.39132e-05 6.28876e-05 6.17922e-05 6.06349e-05 5.94235e-05 5.8165e-05 5.68663e-05 5.55339e-05 5.41739e-05 5.2792e-05 5.13936e-05 4.99836e-05 4.85668e-05 4.71473e-05 4.57293e-05 4.43163e-05 4.29118e-05 4.15187e-05 4.01399e-05 3.87778e-05 3.74347e-05 3.61127e-05 3.48134e-05 3.35385e-05 3.22893e-05 3.1067e-05 2.98726e-05 2.87069e-05 2.75706e-05 2.64641e-05 2.5388e-05 2.43423e-05 2.33274e-05 2.23432e-05 2.13897e-05 2.04668e-05 1.95742e-05 1.87117e-05 1.7879e-05 1.70755e-05 1.63009e-05 1.55548e-05 1.48364e-05 1.41453e-05 1.34809e-05 1.28426e-05 1.22297e-05 1.16415e-05 1.10775e-05 1.05368e-05 1.00189e-05 9.52304e-06 9.04854e-06 8.59471e-06 8.16088e-06 7.74637e-06 7.35049e-06 6.97261e-06 6.61205e-06 6.26819e-06 5.94039e-06 5.62804e-06 5.33052e-06 5.04727e-06 4.77769e-06 4.52122e-06 4.27734e-06 4.0455e-06 3.82519e-06 3.61592e-06 3.4172e-06 3.22856e-06 3.04956e-06
4.2602e-05 2.96185e-05 3.34748e-05 3.71413e-05 4.06053e-05 4.38572e-05 4.68897e-05 4.9698e-05 5.22796e-05 5.46335e-05 5.67607e-05 5.86635e-05 6.03457e-05 6.18121e-05 6.30684e-05 6.41213e-05 6.49782e-05 6.56468e-05 6.61354e-05 6.64529e-05 6.6608e-05 6.66098e-05 6.64675e-05 6.61903e-05 6.57873e-05 6.52676e-05 6.46399e-05 6.39132e-05 6.30957e-05 6.21959e-05 6.12216e-05 6.01806e-05 5.90802e-05 5.79274e-05 5.67291e-05 5.54916e-05 5.4221e-05 5.2923e-05 5.16029e-05 5.0266e-05 4.89168e-05 4.75598e-05 4.61992e-05 4.48386e-05 4.34817e-05 4.21316e-05 4.07914e-05 3.94636e-05 3.81507e-05 3.6855e-05 3.55784e-05 3.43226e-05 3.30892e-05 3.18796e-05 3.06949e-05 2.95362e-05 2.84043e-05 2.72998e-05 2.62235e-05 2.51756e-05 2.41566e-05 2.31665e-05 2.22056e-05 2.12738e-05 2.0371e-05 1.94972e-05 1.8652e-05 1.78352e-05 1.70465e-05 1.62854e-05 1.55516e-05 1.48445e-05 1.41637e-05 1.35086e-05 1.28786e-05 1.22732e-05 1.16917e-05 1.11335e-05 1.05981e-05 1.00847e-05 9.59278e-06 9.12163e-06 8.67062e-06 8.2391e-06 7.82645e-06 7.43203e-06 7.0552e-06 6.69536e-06 6.35188e-06 6.02417e-06 5.71164e-06 5.41372e-06 5.12983e-06 4.85942e-06 4.60196e-06 4.35693e-06 4.1238e-06 3.90209e-06 3.69131e-06 3.491e-06 3.3007e-06
3.83418e-05 2.70436e-05 3.07447e-05 3.42869e-05 3.7656e-05 4.08404e-05 4.38311e-05 4.66216e-05 4.92071e-05 5.1585e-05 5.37543e-05 5.57155e-05 5.74706e-05 5.90225e-05 6.03756e-05 6.15347e-05 6.25058e-05 6.32953e-05 6.39101e-05 6.43578e-05 6.4646e-05 6.47828e-05 6.47765e-05 6.46352e-05 6.43674e-05 6.39814e-05 6.34854e-05 6.28876e-05 6.21959e-05 6.14183e-05 6.05622e-05 5.96352e-05 5.86442e-05 5.75962e-05 5.64978e-05 5.53553e-05 5.41745e-05 5.29613e-05 5.1721e-05 5.04586e-05 4.91791e-05 4.78868e-05 4.65859e-05 4.52805e-05 4.3974e-05 4.26699e-05 4.13712e-05 4.00809e-05 3.88014e-05 3.75353e-05 3.62845e-05 3.50511e-05 3.38368e-05 3.26431e-05 3.14713e-05 3.03227e-05 2.91983e-05 2.80989e-05 2.70253e-05 2.5978e-05 2.49575e-05 2.39643e-05 2.29985e-05 2.20602e-05 2.11496e-05 2.02666e-05 1.94112e-05 1.85831e-05 1.77821e-05 1.7008e-05 1.62604e-05 1.55389e-05 1.48431e-05 1.41726e-05 1.35268e-05 1.29053e-05 1.23075e-05 1.17329e-05 1.11809e-05 1.06509e-05 1.01423e-05 9.65449e-06 9.18694e-06 8.73901e-06 8.31009e-06 7.89957e-06 7.50687e-06 7.13138e-06 6.77252e-06 6.4297e-06 6.10235e-06 5.78992e-06 5.49184e-06 5.20758e-06 4.9366e-06 4.67839e-06 4.43244e-06 4.19826e-06 3.97537e-06 3.7633e-06 3.56161e-06
3.45076e-05 2.46876e-05 2.82294e-05 3.16407e-05 3.49061e-05 3.80126e-05 4.09496e-05 4.3709e-05 4.62846e-05 4.86719e-05 5.08683e-05 5.28728e-05 5.46856e-05 5.63082e-05 5.77433e-05 5.89945e-05 6.00662e-05 6.09634e-05 6.1692e-05 6.22581e-05 6.26686e-05 6.29303e-05 6.30505e-05 6.30366e-05 6.28963e-05 6.2637e-05 6.22665e-05 6.17922e-05 6.12216e-05 6.05622e-05 5.98211e-05 5.90054e-05 5.81219e-05 5.71773e-05 5.61779e-05 5.51298e-05 5.4039e-05 5.2911e-05 5.17513e-05 5.05648e-05 4.93563e-05 4.81305e-05 4.68915e-05 4.56434e-05 4.43898e-05 4.31342e-05 4.188e-05 4.06299e-05 3.93868e-05 3.81532e-05 3.69313e-05 3.57234e-05 3.45311e-05 3.33564e-05 3.22006e-05 3.10651e-05 2.99511e-05 2.88596e-05 2.77915e-05 2.67476e-05 2.57285e-05 2.47346e-05 2.37664e-05 2.28241e-05 2.19079e-05 2.10181e-05 2.01544e-05 1.93171e-05 1.85058e-05 1.77204e-05 1.69607e-05 1.62265e-05 1.55173e-05 1.48328e-05 1.41726e-05 1.35363e-05 1.29234e-05 1.23334e-05 1.17657e-05 1.122e-05 1.06956e-05 1.0192e-05 9.70859e-06 9.24487e-06 8.80025e-06 8.37416e-06 7.96604e-06 7.57531e-06 7.20141e-06 6.84378e-06 6.50187e-06 6.17514e-06 5.86304e-06 5.56506e-06 5.28066e-06 5.00934e-06 4.75061e-06 4.50397e-06 4.26896e-06 4.0451e-06 3.83194e-06
3.10568e-05 2.25323e-05 2.59128e-05 2.91889e-05 3.23439e-05 3.5364e-05 3.82374e-05 4.09546e-05 4.3508e-05 4.58918e-05 4.8102e-05 5.01361e-05 5.19929e-05 5.36724e-05 5.51761e-05 5.6506e-05 5.76653e-05 5.86579e-05 5.94883e-05 6.01617e-05 6.06838e-05 6.10604e-05 6.12979e-05 6.1403e-05 6.13823e-05 6.12428e-05 6.09913e-05 6.06349e-05 6.01806e-05 5.96352e-05 5.90054e-05 5.82981e-05 5.75196e-05 5.66765e-05 5.57747e-05 5.48203e-05 5.3819e-05 5.27764e-05 5.16976e-05 5.05877e-05 4.94515e-05 4.82936e-05 4.71181e-05 4.59292e-05 4.47306e-05 4.35258e-05 4.23183e-05 4.11111e-05 3.99069e-05 3.87086e-05 3.75185e-05 3.63388e-05 3.51715e-05 3.40186e-05 3.28816e-05 3.1762e-05 3.06613e-05 2.95805e-05 2.85207e-05 2.74828e-05 2.64676e-05 2.54756e-05 2.45075e-05 2.35635e-05 2.26442e-05 2.17496e-05 2.08799e-05 2.00353e-05 1.92156e-05 1.84208e-05 1.76509e-05 1.69055e-05 1.61845e-05 1.54875e-05 1.48143e-05 1.41644e-05 1.35376e-05 1.29333e-05 1.23512e-05 1.17907e-05 1.12514e-05 1.07328e-05 1.02343e-05 9.75549e-06 9.2958e-06 8.85471e-06 8.43167e-06 8.02616e-06 7.63762e-06 7.26554e-06 6.90938e-06 6.56862e-06 6.24273e-06 5.9312e-06 5.63354e-06 5.34923e-06 5.07779e-06 4.81875e-06 4.57163e-06 4.33598e-06 4.11135e-06
2.79512e-05 2.05612e-05 2.37802e-05 2.69181e-05 2.9958e-05 3.2885e-05 3.56866e-05 3.83521e-05 4.08729e-05 4.3242e-05 4.54542e-05 4.75056e-05 4.93938e-05 5.11177e-05 5.26773e-05 5.40736e-05 5.53084e-05 5.63846e-05 5.73056e-05 5.80755e-05 5.86989e-05 5.91807e-05 5.95266e-05 5.97421e-05 5.98334e-05 5.98065e-05 5.96677e-05 5.94235e-05 5.90802e-05 5.86442e-05 5.81219e-05 5.75196e-05 5.68435e-05 5.60996e-05 5.52938e-05 5.44318e-05 5.35193e-05 5.25616e-05 5.15639e-05 5.0531e-05 4.94678e-05 4.83787e-05 4.7268e-05 4.61399e-05 4.4998e-05 4.3846e-05 4.26874e-05 4.15252e-05 4.03624e-05 3.92018e-05 3.80459e-05 3.68971e-05 3.57574e-05 3.4629e-05 3.35135e-05 3.24126e-05 3.13278e-05 3.02604e-05 2.92115e-05 2.81822e-05 2.71734e-05 2.61858e-05 2.52201e-05 2.42769e-05 2.33565e-05 2.24594e-05 2.15858e-05 2.07359e-05 1.99098e-05 1.91075e-05 1.8329e-05 1.75742e-05 1.68429e-05 1.6135e-05 1.54501e-05 1.47881e-05 1.41486e-05 1.35313e-05 1.29357e-05 1.23615e-05 1.18083e-05 1.12755e-05 1.07628e-05 1.02696e-05 9.79557e-06 9.3401e-06 8.90271e-06 8.48292e-06 8.08022e-06 7.69409e-06 7.32404e-06 6.96956e-06 6.63015e-06 6.30532e-06 5.99457e-06 5.69743e-06 5.41342e-06 5.14207e-06 4.88292e-06 4.63552e-06 4.39943e-06
