0.507719 0.0028515 0.00247909 0.00215532 0.00187383 0.0016291 0.00141634 0.00123136 0.00107054 0.000930729 0.000809174 0.000703494 0.000611617 0.000531738 0.000462292 0.000401916 0.000349425 0.000303789 0.000264114 0.00022962 0.000199631 0.000173559 0.000150892 0.000131185 0.000114052 9.91567e-05 8.62066e-05 7.49479e-05 6.51595e-05 5.66496e-05 4.9251e-05 4.28187e-05 3.72265e-05 3.23647e-05 2.81378e-05 2.44629e-05 2.1268e-05 1.84904e-05 1.60755e-05 1.3976e-05 1.21507e-05 1.05638e-05 9.18416e-06 7.98469e-06 6.94187e-06 6.03525e-06 5.24704e-06 4.56176e-06 3.96599e-06 3.44802e-06 2.9977e-06 2.6062e-06 2.26582e-06 1.9699e-06 1.71263e-06 1.48896e-06 1.2945e-06 1.12543e-06 9.78449e-07 8.50661e-07 7.39563e-07 6.42975e-07 5.59001e-07 4.85995e-07 4.22523e-07 3.6734e-07 3.19365e-07 2.77655e-07 2.41393e-07 2.09867e-07 1.82458e-07 1.58628e-07 1.37911e-07 1.199e-07 1.04241e-07 9.06265e-08 7.87905e-08 6.85003e-08 5.95541e-08 5.17762e-08 4.50141e-08 3.91352e-08 3.40241e-08 2.95804e-08 2.57172e-08 2.23585e-08 1.94384e-08 1.68997e-08 1.46926e-08 1.27737e-08 1.11054e-08 9.65504e-09 8.39407e-09 7.29779e-09 6.34469e-09 5.51606e-09 4.79565e-09 4.16933e-09 3.62481e-09 3.1514e-09 2.73982e-09
0.0028515 0.00115521 0.00104197 0.000938606 0.000844466 0.000758907 0.000681291 0.000611005 0.000547457 0.000490086 0.000438363 0.000391791 0.000349907 0.00031228 0.000278513 0.000248239 0.000221123 0.000196855 0.000175155 0.000155765 0.000138452 0.000123004 0.00010923 9.6956e-05 8.60246e-05 7.62948e-05 6.76392e-05 5.99431e-05 5.31035e-05 4.7028e-05 4.16337e-05 3.68462e-05 3.25991e-05 2.88329e-05 2.54944e-05 2.25361e-05 1.99157e-05 1.75953e-05 1.55414e-05 1.37238e-05 1.21159e-05 1.06939e-05 9.43665e-06 8.32541e-06 7.34347e-06 6.47601e-06 5.70988e-06 5.03341e-06 4.43624e-06 3.90919e-06 3.44415e-06 3.0339e-06 2.67206e-06 2.35299e-06 2.07168e-06 1.82372e-06 1.60519e-06 1.41263e-06 1.24299e-06 1.09357e-06 9.6197e-07 8.46095e-07 7.44079e-07 6.54278e-07 5.75242e-07 5.0569e-07 4.44494e-07 3.90657e-07 3.43301e-07 3.01651e-07 2.65024e-07 2.32819e-07 2.04506e-07 1.79617e-07 1.57741e-07 1.38516e-07 1.21621e-07 1.06777e-07 9.37358e-08 8.22797e-08 7.22171e-08 6.33794e-08 5.56184e-08 4.88036e-08 4.28201e-08 3.75671e-08 3.29559e-08 2.89083e-08 2.53558e-08 2.22382e-08 1.95024e-08 1.71019e-08 1.49958e-08 1.31481e-08 1.15273e-08 1.01055e-08 8.8585e-09 7.76486e-09 6.80577e-09 5.96476e-09 5.22734e-09
0.00247909 0.00104197 0.000953851 0.000871472 0.000794772 0.000723618 0.000657819 0.000597148 0.000541351 0.000490158 0.000443289 0.000400464 0.000361404 0.00032584 0.000293506 0.000264154 0.000237542 0.000213446 0.000191653 0.000171965 0.000154196 0.000138175 0.000123744 0.000110756 9.90755e-05 8.858e-05 7.91558e-05 7.06997e-05 6.31171e-05 5.63224e-05 5.02372e-05 4.47906e-05 3.99184e-05 3.55624e-05 3.16697e-05 2.81929e-05 2.50889e-05 2.23191e-05 1.98486e-05 1.76458e-05 1.56827e-05 1.39338e-05 1.23764e-05 1.09899e-05 9.7561e-06 8.6585e-06 7.68239e-06 6.81461e-06 6.04338e-06 5.35815e-06 4.74952e-06 4.20907e-06 3.7293e-06 3.30351e-06 2.92572e-06 2.5906e-06 2.29342e-06 2.02993e-06 1.79637e-06 1.58939e-06 1.40601e-06 1.24356e-06 1.09969e-06 9.72304e-07 8.5953e-07 7.59713e-07 6.71381e-07 5.93228e-07 5.24093e-07 4.62945e-07 4.08873e-07 3.61064e-07 3.18801e-07 2.81446e-07 2.48435e-07 2.19267e-07 1.93498e-07 1.70736e-07 1.50632e-07 1.3288e-07 1.17205e-07 1.03368e-07 9.11531e-08 8.03728e-08 7.08594e-08 6.24652e-08 5.50594e-08 4.85265e-08 4.27643e-08 3.76824e-08 3.3201e-08 2.92497e-08 2.57661e-08 2.26952e-08 1.99884e-08 1.76028e-08 1.55005e-08 1.36481e-08 1.20159e-08 1.0578e-08 9.31138e-09
0.00215532 0.000938606 0.000871472 0.000806929 0.000745312 0.000686842 0.000631647 0.000579779 0.000531233 0.000485957 0.000443866 0.000404848 0.000368772 0.000335495 0.000304866 0.00027673 0.000250932 0.000227317 0.000205735 0.000186039 0.000168089 0.000151751 0.000136898 0.000123411 0.000111176 0.000100088 9.005e-05 8.09699e-05 7.27635e-05 6.53527e-05 5.86655e-05 5.26356e-05 4.72023e-05 4.23098e-05 3.7907e-05 3.39474e-05 3.03885e-05 2.71915e-05 2.43211e-05 2.17453e-05 1.94351e-05 1.7364e-05 1.55082e-05 1.3846e-05 1.23579e-05 1.10262e-05 9.83493e-06 8.7697e-06 7.81755e-06 6.96678e-06 6.20687e-06 5.52834e-06 4.92268e-06 4.38225e-06 3.90016e-06 3.47026e-06 3.087e-06 2.74543e-06 2.44109e-06 2.17001e-06 1.92861e-06 1.7137e-06 1.52242e-06 1.35222e-06 1.2008e-06 1.06613e-06 9.46386e-07 8.39932e-07 7.45316e-07 6.6124e-07 5.86545e-07 5.20198e-07 4.61277e-07 4.08963e-07 3.62523e-07 3.21305e-07 2.84729e-07 2.52278e-07 2.23492e-07 1.97961e-07 1.75321e-07 1.55248e-07 1.37454e-07 1.21683e-07 1.07706e-07 9.53227e-08 8.43518e-08 7.4634e-08 6.60273e-08 5.84059e-08 5.16578e-08 4.56839e-08 4.0396e-08 3.57161e-08 3.15747e-08 2.79103e-08 2.46684e-08 2.18007e-08 1.92643e-08 1.70212e-08 1.50376e-08
0.00187383 0.000844466 0.000794772 0.000745312 0.000696675 0.000649317 0.000603581 0.000559714 0.000517891 0.000478221 0.000440762 0.000405531 0.000372515 0.000341672 0.000312941 0.000286249 0.000261509 0.000238629 0.00021751 0.000198055 0.000180162 0.000163732 0.000148669 0.000134877 0.000122266 0.000110749 0.000100243 9.06702e-05 8.19562e-05 7.40318e-05 6.68322e-05 6.02968e-05 5.43694e-05 4.89976e-05 4.41331e-05 3.97312e-05 3.57507e-05 3.21536e-05 2.89051e-05 2.59731e-05 2.33285e-05 2.09445e-05 1.87964e-05 1.6862e-05 1.51209e-05 1.35546e-05 1.21461e-05 1.08802e-05 9.74292e-06 8.72163e-06 7.80488e-06 6.98231e-06 6.24453e-06 5.58304e-06 4.99017e-06 4.459e-06 3.98328e-06 3.55734e-06 3.17612e-06 2.83503e-06 2.52993e-06 2.25711e-06 2.01322e-06 1.79527e-06 1.60055e-06 1.42663e-06 1.27132e-06 1.13268e-06 1.00895e-06 8.98544e-07 8.0006e-07 7.12228e-07 6.33916e-07 5.64107e-07 5.01891e-07 4.46455e-07 3.97071e-07 3.53087e-07 3.13921e-07 2.79051e-07 2.48014e-07 2.20392e-07 1.95815e-07 1.73951e-07 1.54504e-07 1.3721e-07 1.21833e-07 1.08164e-07 9.60142e-08 8.52169e-08 7.56232e-08 6.71002e-08 5.95296e-08 5.2806e-08 4.68357e-08 4.15349e-08 3.68293e-08 3.26527e-08 2.89461e-08 2.56571e-08 2.27391e-08
0.0016291 0.000758907 0.000723618 0.000686842 0.000649317 0.00061164 0.000574292 0.00053765 0.00050201 0.000467596 0.000434571 0.000403049 0.000373104 0.000344774 0.000318072 0.000292988 0.000269494 0.00024755 0.000227103 0.000208096 0.000190464 0.00017414 0.000159052 0.000145132 0.000132308 0.000120512 0.000109675 9.9734e-05 9.06243e-05 8.22865e-05 7.46633e-05 6.77008e-05 6.13478e-05 5.55563e-05 5.02814e-05 4.54811e-05 4.11161e-05 3.71501e-05 3.35492e-05 3.02821e-05 2.73199e-05 2.46358e-05 2.22054e-05 2.00058e-05 1.80165e-05 1.62182e-05 1.45935e-05 1.31264e-05 1.18023e-05 1.06078e-05 9.5308e-06 8.56012e-06 7.68568e-06 6.89826e-06 6.18951e-06 5.55182e-06 4.97829e-06 4.46266e-06 3.99926e-06 3.58295e-06 3.20907e-06 2.87342e-06 2.57219e-06 2.30193e-06 2.05954e-06 1.84221e-06 1.6474e-06 1.47285e-06 1.31647e-06 1.17643e-06 1.05105e-06 9.3882e-07 8.38393e-07 7.48549e-07 6.68193e-07 5.96341e-07 5.32108e-07 4.747e-07 4.23403e-07 3.77577e-07 3.36649e-07 3.00101e-07 2.67473e-07 2.3835e-07 2.12361e-07 1.89173e-07 1.68489e-07 1.50041e-07 1.33591e-07 1.18926e-07 1.05854e-07 9.42038e-08 8.38232e-08 7.45752e-08 6.63376e-08 5.90014e-08 5.24689e-08 4.6653e-08 4.1476e-08 3.68684e-08 3.27682e-08
0.00141634 0.000681291 0.000657819 0.000631647 0.000603581 0.000574292 0.000544338 0.000514177 0.000484182 0.000454653 0.000425827 0.000397887 0.000370971 0.00034518 0.000320581 0.000297218 0.000275109 0.000254257 0.00023465 0.000216263 0.000199064 0.000183013 0.000168065 0.000154172 0.000141282 0.000129344 0.000118304 0.000108111 9.87117e-05 9.00568e-05 8.20969e-05 7.47846e-05 6.80749e-05 6.19244e-05 5.62924e-05 5.11399e-05 4.64304e-05 4.21296e-05 3.82052e-05 3.46272e-05 3.13675e-05 2.84e-05 2.57002e-05 2.32458e-05 2.10159e-05 1.89912e-05 1.71539e-05 1.54877e-05 1.39775e-05 1.26094e-05 1.13707e-05 1.02497e-05 9.23575e-06 8.31907e-06 7.49069e-06 6.74246e-06 6.0669e-06 5.45723e-06 4.90723e-06 4.41127e-06 3.96422e-06 3.56139e-06 3.19856e-06 2.87186e-06 2.57781e-06 2.31323e-06 2.07524e-06 1.86124e-06 1.66888e-06 1.49602e-06 1.34074e-06 1.20128e-06 1.07606e-06 9.63678e-07 8.62831e-07 7.72364e-07 6.91229e-07 6.18483e-07 5.53275e-07 4.94839e-07 4.42483e-07 3.95588e-07 3.53592e-07 3.15993e-07 2.82337e-07 2.52219e-07 2.25272e-07 2.01167e-07 1.7961e-07 1.60334e-07 1.43102e-07 1.277e-07 1.13937e-07 1.01641e-07 9.06562e-08 8.0846e-08 7.2086e-08 6.42652e-08 5.7284e-08 5.10536e-08 4.5494e-08
0.00123136 0.000611005 0.000597148 0.000579779 0.000559714 0.00053765 0.000514177 0.000489793 0.000464916 0.000439891 0.000415003 0.000390482 0.000366512 0.00034324 0.000320775 0.0002992 0.000278573 0.00025893 0.000240292 0.000222664 0.00020604 0.000190406 0.000175739 0.000162009 0.000149184 0.000137227 0.000126101 0.000115764 0.000106176 9.72953e-05 8.9082e-05 8.14956e-05 7.4497e-05 6.80484e-05 6.21131e-05 5.6656e-05 5.16438e-05 4.70446e-05 4.28283e-05 3.89663e-05 3.5432e-05 3.22001e-05 2.9247e-05 2.65508e-05 2.40907e-05 2.18478e-05 1.98041e-05 1.79431e-05 1.62497e-05 1.47096e-05 1.33097e-05 1.2038e-05 1.08833e-05 9.83556e-06 8.8852e-06 8.02365e-06 7.24298e-06 6.53591e-06 5.8958e-06 5.31657e-06 4.79264e-06 4.31893e-06 3.8908e-06 3.50402e-06 3.15472e-06 2.8394e-06 2.55485e-06 2.29815e-06 2.06667e-06 1.85799e-06 1.66994e-06 1.50052e-06 1.34795e-06 1.21058e-06 1.08693e-06 9.75684e-07 8.75611e-07 7.85617e-07 7.0471e-07 6.31993e-07 5.66652e-07 5.07957e-07 4.55243e-07 4.07914e-07 3.65429e-07 3.27303e-07 2.93096e-07 2.62412e-07 2.34895e-07 2.10223e-07 1.88107e-07 1.68287e-07 1.50527e-07 1.34618e-07 1.20369e-07 1.0761e-07 9.61864e-08 8.59612e-08 7.68102e-08 6.86222e-08 6.12971e-08
0.00107054 0.000547457 0.000541351 0.000531233 0.000517891 0.00050201 0.000484182 0.000464916 0.000444646 0.000423743 0.000402516 0.000381226 0.000360089 0.00033928 0.000318942 0.000299186 0.0002801 0.000261748 0.000244176 0.000227416 0.000211483 0.000196385 0.000182117 0.000168669 0.000156024 0.00014416 0.000133051 0.00012267 0.000112985 0.000103966 9.55783e-05 8.77905e-05 8.05693e-05 7.38822e-05 6.76975e-05 6.19841e-05 5.67119e-05 5.18522e-05 4.7377e-05 4.32601e-05 3.94762e-05 3.60015e-05 3.28133e-05 2.98905e-05 2.72131e-05 2.47623e-05 2.25206e-05 2.04715e-05 1.85997e-05 1.68911e-05 1.53324e-05 1.39112e-05 1.26163e-05 1.1437e-05 1.03636e-05 9.38723e-06 8.49946e-06 7.69268e-06 6.95987e-06 6.29456e-06 5.69081e-06 5.14317e-06 4.64664e-06 4.19664e-06 3.78898e-06 3.41983e-06 3.08567e-06 2.78332e-06 2.50983e-06 2.26255e-06 2.03905e-06 1.83711e-06 1.65471e-06 1.49001e-06 1.34135e-06 1.20721e-06 1.0862e-06 9.77078e-07 8.78701e-07 7.90037e-07 7.1015e-07 6.38192e-07 5.73393e-07 5.15058e-07 4.62554e-07 4.15312e-07 3.72815e-07 3.34595e-07 3.00232e-07 2.69342e-07 2.41583e-07 2.16641e-07 1.94236e-07 1.74115e-07 1.56049e-07 1.39832e-07 1.25277e-07 1.12216e-07 1.005e-07 8.99909e-08 8.05668e-08
0.000930729 0.000490086 0.000490158 0.000485957 0.000478221 0.000467596 0.000454653 0.000439891 0.000423743 0.000406583 0.000388734 0.000370471 0.000352028 0.0003336 0.00031535 0.000297412 0.000279896 0.000262886 0.00024645 0.00023064 0.000215489 0.000201023 0.000187255 0.00017419 0.000161824 0.00015015 0.000139153 0.000128817 0.000119121 0.000110042 0.000101555 9.36349e-05 8.62547e-05 7.93875e-05 7.30063e-05 6.70845e-05 6.15955e-05 5.65138e-05 5.18141e-05 4.74725e-05 4.34657e-05 3.97714e-05 3.63683e-05 3.32363e-05 3.03562e-05 2.771e-05 2.52805e-05 2.30516e-05 2.10083e-05 1.91365e-05 1.74229e-05 1.58551e-05 1.44217e-05 1.3112e-05 1.19159e-05 1.08243e-05 9.82855e-06 8.92076e-06 8.09357e-06 7.34023e-06 6.65447e-06 6.03053e-06 5.4631e-06 4.94731e-06 4.47865e-06 4.05302e-06 3.66661e-06 3.31596e-06 2.99789e-06 2.70948e-06 2.44806e-06 2.21121e-06 1.99668e-06 1.80244e-06 1.62664e-06 1.46758e-06 1.32371e-06 1.19363e-06 1.07605e-06 9.69798e-07 8.73818e-07 7.87142e-07 7.0889e-07 6.38264e-07 5.74538e-07 5.17055e-07 4.65218e-07 4.18483e-07 3.7636e-07 3.38403e-07 3.0421e-07 2.73414e-07 2.45685e-07 2.20723e-07 1.98257e-07 1.78043e-07 1.59859e-07 1.43504e-07 1.28798e-07 1.15578e-07 1.03696e-07
0.000809174 0.000438363 0.000443289 0.000443866 0.000440762 0.000434571 0.000425827 0.000415003 0.000402516 0.000388734 0.000373978 0.000358527 0.000342623 0.000326471 0.000310248 0.000294102 0.000278158 0.000262516 0.000247261 0.000232458 0.000218158 0.000204401 0.000191214 0.000178615 0.000166614 0.000155215 0.000144413 0.000134203 0.000124573 0.000115508 0.000106991 9.90029e-05 9.15241e-05 8.45327e-05 7.80065e-05 7.19233e-05 6.62603e-05 6.09952e-05 5.6106e-05 5.15709e-05 4.73689e-05 4.34795e-05 3.98831e-05 3.65607e-05 3.34943e-05 3.06667e-05 2.80614e-05 2.56628e-05 2.34564e-05 2.14282e-05 1.95653e-05 1.78552e-05 1.62866e-05 1.48487e-05 1.35314e-05 1.23254e-05 1.12219e-05 1.02127e-05 9.29041e-06 8.4479e-06 7.67871e-06 6.9768e-06 6.33662e-06 5.75302e-06 5.22125e-06 4.73693e-06 4.29603e-06 3.89482e-06 3.52989e-06 3.19809e-06 2.89655e-06 2.6226e-06 2.37383e-06 2.148e-06 1.94307e-06 1.75718e-06 1.58862e-06 1.43582e-06 1.29735e-06 1.17192e-06 1.05834e-06 9.5551e-07 8.6245e-07 7.78257e-07 7.02107e-07 6.33253e-07 5.71014e-07 5.1477e-07 4.63958e-07 4.18066e-07 3.76628e-07 3.39222e-07 3.05464e-07 2.75007e-07 2.47534e-07 2.22759e-07 2.00422e-07 1.80289e-07 1.62146e-07 1.458e-07 1.31076e-07
0.000703494 0.000391791 0.000400464 0.000404848 0.000405531 0.000403049 0.000397887 0.000390482 0.000381226 0.000370471 0.000358527 0.000345669 0.000332137 0.000318142 0.000303865 0.000289464 0.000275073 0.000260803 0.000246751 0.000232993 0.000219594 0.000206605 0.000194063 0.000181999 0.000170434 0.000159381 0.000148848 0.000138834 0.000129339 0.000120354 0.000111871 0.000103876 9.63555e-05 8.92929e-05 8.26711e-05 7.64721e-05 7.0677e-05 6.5267e-05 6.0223e-05 5.5526e-05 5.11571e-05 4.70981e-05 4.3331e-05 3.98383e-05 3.66032e-05 3.36096e-05 3.08418e-05 2.82851e-05 2.59253e-05 2.3749e-05 2.17436e-05 1.98968e-05 1.81976e-05 1.6635e-05 1.51991e-05 1.38806e-05 1.26705e-05 1.15607e-05 1.05433e-05 9.61137e-06 8.75808e-06 7.97724e-06 7.26308e-06 6.61025e-06 6.01377e-06 5.46904e-06 4.97182e-06 4.51817e-06 4.10446e-06 3.72733e-06 3.38371e-06 3.07074e-06 2.7858e-06 2.5265e-06 2.29061e-06 2.07611e-06 1.88112e-06 1.70395e-06 1.54301e-06 1.39687e-06 1.26422e-06 1.14385e-06 1.03465e-06 9.35638e-07 8.45875e-07 7.64528e-07 6.90828e-07 6.24078e-07 5.6364e-07 5.08931e-07 4.59425e-07 4.14637e-07 3.74129e-07 3.37503e-07 3.04394e-07 2.74473e-07 2.4744e-07 2.23022e-07 2.00972e-07 1.81064e-07 1.63095e-07
0.000611617 0.000349907 0.000361404 0.000368772 0.000372515 0.000373104 0.000370971 0.000366512 0.000360089 0.000352028 0.000342623 0.000332137 0.000320805 0.000308836 0.000296412 0.000283692 0.000270817 0.000257905 0.00024506 0.000232367 0.000219901 0.00020772 0.000195873 0.0001844 0.000173329 0.000162684 0.000152479 0.000142725 0.000133426 0.000124582 0.00011619 0.000108243 0.000100733 9.36495e-05 8.69789e-05 8.07078e-05 7.48212e-05 6.93038e-05 6.41394e-05 5.93119e-05 5.48049e-05 5.06021e-05 4.66876e-05 4.30454e-05 3.96602e-05 3.6517e-05 3.36013e-05 3.08991e-05 2.83969e-05 2.6082e-05 2.39421e-05 2.19655e-05 2.01412e-05 1.84586e-05 1.69079e-05 1.54797e-05 1.41653e-05 1.29562e-05 1.18449e-05 1.0824e-05 9.88665e-06 9.02659e-06 8.23787e-06 7.51495e-06 6.85271e-06 6.24635e-06 5.69144e-06 5.18386e-06 4.7198e-06 4.29572e-06 3.90835e-06 3.55468e-06 3.2319e-06 2.93745e-06 2.66895e-06 2.42421e-06 2.20121e-06 1.99811e-06 1.8132e-06 1.6449e-06 1.49179e-06 1.35254e-06 1.22594e-06 1.11088e-06 1.00634e-06 9.11394e-07 8.25188e-07 7.46941e-07 6.75941e-07 6.11536e-07 5.5313e-07 5.0018e-07 4.52191e-07 4.08709e-07 3.69322e-07 3.33654e-07 3.01363e-07 2.72137e-07 2.45691e-07 2.21767e-07 2.0013e-07
0.000531738 0.00031228 0.00032584 0.000335495 0.000341672 0.000344774 0.00034518 0.00034324 0.00033928 0.0003336 0.000326471 0.000318142 0.000308836 0.000298755 0.000288078 0.000276964 0.000265554 0.00025397 0.000242321 0.000230698 0.000219181 0.000207836 0.00019672 0.000185878 0.000175349 0.000165161 0.000155338 0.000145896 0.000136846 0.000128195 0.000119946 0.000112099 0.000104648 9.75895e-05 9.09141e-05 8.46123e-05 7.86731e-05 7.30844e-05 6.78332e-05 6.29062e-05 5.82895e-05 5.3969e-05 4.99307e-05 4.61604e-05 4.26444e-05 3.93689e-05 3.63205e-05 3.34864e-05 3.08539e-05 2.84108e-05 2.61456e-05 2.40469e-05 2.21042e-05 2.03073e-05 1.86465e-05 1.71125e-05 1.56967e-05 1.43909e-05 1.31873e-05 1.20787e-05 1.10581e-05 1.01192e-05 9.25599e-06 8.46272e-06 7.73418e-06 7.06544e-06 6.45192e-06 5.88935e-06 5.37375e-06 4.90143e-06 4.46897e-06 4.07318e-06 3.71112e-06 3.38007e-06 3.07749e-06 2.80105e-06 2.54861e-06 2.31816e-06 2.10789e-06 1.91609e-06 1.7412e-06 1.58181e-06 1.43658e-06 1.3043e-06 1.18387e-06 1.07425e-06 9.74519e-07 8.83804e-07 8.01319e-07 7.26342e-07 6.5821e-07 5.96317e-07 5.40108e-07 4.89078e-07 4.42761e-07 4.00735e-07 3.62613e-07 3.28041e-07 2.96697e-07 2.68288e-07 2.42545e-07
0.000462292 0.000278513 0.000293506 0.000304866 0.000312941 0.000318072 0.000320581 0.000320775 0.000318942 0.00031535 0.000310248 0.000303865 0.000296412 0.000288078 0.000279036 0.000269443 0.000259436 0.00024914 0.000238663 0.0002281 0.000217536 0.000207042 0.000196679 0.000186499 0.000176546 0.000166856 0.000157457 0.000148371 0.000139617 0.000131206 0.000123147 0.000115443 0.000108096 0.000101105 9.44657e-05 8.81722e-05 8.22172e-05 7.65918e-05 7.12863e-05 6.629e-05 6.15915e-05 5.71791e-05 5.30406e-05 4.91639e-05 4.55366e-05 4.21466e-05 3.89816e-05 3.60299e-05 3.32798e-05 3.07198e-05 2.83392e-05 2.61273e-05 2.40738e-05 2.2169e-05 2.04035e-05 1.87685e-05 1.72553e-05 1.58559e-05 1.45626e-05 1.33682e-05 1.22659e-05 1.12493e-05 1.03121e-05 9.44878e-06 8.65394e-06 7.92257e-06 7.24996e-06 6.63173e-06 6.06378e-06 5.54229e-06 5.06369e-06 4.62468e-06 4.22216e-06 3.85327e-06 3.51536e-06 3.20596e-06 2.9228e-06 2.66374e-06 2.42685e-06 2.2103e-06 2.01244e-06 1.83172e-06 1.66671e-06 1.51611e-06 1.37871e-06 1.25339e-06 1.13914e-06 1.03501e-06 9.40142e-07 8.53733e-07 7.75058e-07 7.03448e-07 6.38287e-07 5.79014e-07 5.25113e-07 4.76111e-07 4.31577e-07 3.91114e-07 3.5436e-07 3.20985e-07 2.90687e-07
0.000401916 0.000248239 0.000264154 0.00027673 0.000286249 0.000292988 0.000297218 0.0002992 0.000299186 0.000297412 0.000294102 0.000289464 0.000283692 0.000276964 0.000269443 0.000261278 0.000252605 0.000243544 0.000234204 0.000224683 0.000215064 0.000205424 0.000195826 0.000186328 0.000176978 0.000167815 0.000158874 0.000150183 0.000141763 0.000133631 0.000125801 0.000118281 0.000111078 0.000104193 9.76274e-05 9.13783e-05 8.5442e-05 7.98128e-05 7.44839e-05 6.94474e-05 6.46943e-05 6.02152e-05 5.6e-05 5.20384e-05 4.83197e-05 4.48331e-05 4.1568e-05 3.85135e-05 3.56591e-05 3.29943e-05 3.0509e-05 2.81932e-05 2.60372e-05 2.40319e-05 2.21681e-05 2.04374e-05 1.88314e-05 1.73423e-05 1.59626e-05 1.46852e-05 1.35033e-05 1.24104e-05 1.14006e-05 1.04681e-05 9.60745e-06 8.81366e-06 8.08194e-06 7.40781e-06 6.78709e-06 6.21583e-06 5.69038e-06 5.20731e-06 4.76342e-06 4.35572e-06 3.98145e-06 3.63802e-06 3.32304e-06 3.03426e-06 2.76963e-06 2.52724e-06 2.30529e-06 2.10216e-06 1.91631e-06 1.74635e-06 1.59097e-06 1.44898e-06 1.31927e-06 1.20082e-06 1.09269e-06 9.94011e-07 9.03996e-07 8.21907e-07 7.4707e-07 6.78868e-07 6.1673e-07 5.60136e-07 5.08606e-07 4.61702e-07 4.1902e-07 3.80191e-07 3.44878e-07
0.000349425 0.000221123 0.000237542 0.000250932 0.000261509 0.000269494 0.000275109 0.000278573 0.0002801 0.000279896 0.000278158 0.000275073 0.000270817 0.000265554 0.000259436 0.000252605 0.000245188 0.000237305 0.00022906 0.000220549 0.00021186 0.000203067 0.000194238 0.000185432 0.000176701 0.000168088 0.000159631 0.000151363 0.000143308 0.00013549 0.000127924 0.000120624 0.000113598 0.000106855 0.000100397 9.42254e-05 8.83399e-05 8.27376e-05 7.74147e-05 7.23657e-05 6.75842e-05 6.30629e-05 5.87939e-05 5.47686e-05 5.09782e-05 4.74133e-05 4.40646e-05 4.09225e-05 3.79776e-05 3.52205e-05 3.26416e-05 3.0232e-05 2.79825e-05 2.58845e-05 2.39295e-05 2.21091e-05 2.04157e-05 1.88415e-05 1.73793e-05 1.6022e-05 1.47632e-05 1.35964e-05 1.25157e-05 1.15153e-05 1.05899e-05 9.7344e-06 8.94398e-06 8.21412e-06 7.54056e-06 6.91931e-06 6.34662e-06 5.81897e-06 5.33307e-06 4.88584e-06 4.4744e-06 4.09608e-06 3.74836e-06 3.42893e-06 3.13561e-06 2.86638e-06 2.61937e-06 2.39285e-06 2.1852e-06 1.99492e-06 1.82063e-06 1.66105e-06 1.51499e-06 1.38135e-06 1.25913e-06 1.14739e-06 1.04526e-06 9.51955e-07 8.66736e-07 7.88928e-07 7.17912e-07 6.53114e-07 5.94009e-07 5.40114e-07 4.90983e-07 4.4621e-07 4.05419e-07
0.000303789 0.000196855 0.000213446 0.000227317 0.000238629 0.00024755 0.000254257 0.00025893 0.000261748 0.000262886 0.000262516 0.000260803 0.000257905 0.00025397 0.00024914 0.000243544 0.000237305 0.000230534 0.000223334 0.000215799 0.000208013 0.000200053 0.000191987 0.000183876 0.000175772 0.000167723 0.00015977 0.000151947 0.000144284 0.000136806 0.000129534 0.000122483 0.000115667 0.000109095 0.000102776 9.67121e-05 9.09068e-05 8.536e-05 8.00704e-05 7.50352e-05 7.02502e-05 6.57104e-05 6.14097e-05 5.73416e-05 5.34988e-05 4.98735e-05 4.64578e-05 4.32435e-05 4.02222e-05 3.73854e-05 3.47247e-05 3.22317e-05 2.98981e-05 2.77159e-05 2.56771e-05 2.3774e-05 2.19989e-05 2.03447e-05 1.88044e-05 1.73713e-05 1.60388e-05 1.48008e-05 1.36514e-05 1.25851e-05 1.15964e-05 1.06803e-05 9.83198e-06 9.04695e-06 8.32088e-06 7.64976e-06 7.02976e-06 6.4573e-06 5.92903e-06 5.44179e-06 4.99263e-06 4.57876e-06 4.19761e-06 3.84676e-06 3.52394e-06 3.22705e-06 2.95414e-06 2.70337e-06 2.47305e-06 2.26159e-06 2.06754e-06 1.88952e-06 1.72629e-06 1.57666e-06 1.43956e-06 1.31399e-06 1.19901e-06 1.09378e-06 9.97493e-07 9.09425e-07 8.28901e-07 7.553e-07 6.88048e-07 6.26617e-07 5.70521e-07 5.19312e-07 4.72579e-07
0.000264114 0.000175155 0.000191653 0.000205735 0.00021751 0.000227103 0.00023465 0.000240292 0.000244176 0.00024645 0.000247261 0.000246751 0.00024506 0.000242321 0.000238663 0.000234204 0.00022906 0.000223334 0.000217125 0.000210523 0.00020361 0.000196462 0.000189146 0.000181724 0.00017425 0.000166773 0.000159335 0.000151974 0.000144722 0.000137607 0.000130651 0.000123875 0.000117295 0.000110923 0.000104769 9.884e-05 9.31416e-05 8.76765e-05 8.24458e-05 7.74489e-05 7.2684e-05 6.81481e-05 6.38371e-05 5.97463e-05 5.58699e-05 5.2202e-05 4.87358e-05 4.54645e-05 4.23807e-05 3.94773e-05 3.67465e-05 3.41811e-05 3.17733e-05 2.95158e-05 2.74012e-05 2.54223e-05 2.35721e-05 2.18436e-05 2.02302e-05 1.87254e-05 1.7323e-05 1.60171e-05 1.48019e-05 1.36718e-05 1.26218e-05 1.16466e-05 1.07417e-05 9.90242e-06 9.12454e-06 8.40399e-06 7.73693e-06 7.11975e-06 6.54904e-06 6.02157e-06 5.53434e-06 5.08451e-06 4.66941e-06 4.28656e-06 3.93362e-06 3.6084e-06 3.30887e-06 3.03312e-06 2.77938e-06 2.54599e-06 2.3314e-06 2.1342e-06 1.95303e-06 1.78667e-06 1.63397e-06 1.49385e-06 1.36533e-06 1.24749e-06 1.13948e-06 1.04052e-06 9.49881e-07 8.66893e-07 7.90935e-07 7.21434e-07 6.57862e-07 5.99733e-07 5.46596e-07
0.00022962 0.000155765 0.000171965 0.000186039 0.000198055 0.000208096 0.000216263 0.000222664 0.000227416 0.00023064 0.000232458 0.000232993 0.000232367 0.000230698 0.0002281 0.000224683 0.000220549 0.000215799 0.000210523 0.000204807 0.000198731 0.000192368 0.000185784 0.00017904 0.000172192 0.000165287 0.000158371 0.000151483 0.000144655 0.000137919 0.0001313 0.00012482 0.000118498 0.000112348 0.000106383 0.000100614 9.50465e-05 8.96868e-05 8.45383e-05 7.96025e-05 7.48797e-05 7.03689e-05 6.60679e-05 6.19736e-05 5.8082e-05 5.43886e-05 5.0888e-05 4.75747e-05 4.44427e-05 4.14855e-05 3.86968e-05 3.60698e-05 3.35979e-05 3.12743e-05 2.90923e-05 2.70453e-05 2.51266e-05 2.33298e-05 2.16487e-05 2.00771e-05 1.86091e-05 1.72389e-05 1.5961e-05 1.477e-05 1.36609e-05 1.26287e-05 1.16687e-05 1.07765e-05 9.94787e-06 9.17868e-06 8.46513e-06 7.80359e-06 7.19062e-06 6.62297e-06 6.09759e-06 5.61158e-06 5.16224e-06 4.747e-06 4.36347e-06 4.00941e-06 3.6827e-06 3.38137e-06 3.10358e-06 2.8476e-06 2.61182e-06 2.39475e-06 2.19498e-06 2.01121e-06 1.84223e-06 1.6869e-06 1.54419e-06 1.41311e-06 1.29276e-06 1.18231e-06 1.08097e-06 9.88037e-07 9.02831e-07 8.24741e-07 7.53195e-07 6.87668e-07 6.27671e-07
0.000199631 0.000138452 0.000154196 0.000168089 0.000180162 0.000190464 0.000199064 0.00020604 0.000211483 0.000215489 0.000218158 0.000219594 0.000219901 0.000219181 0.000217536 0.000215064 0.00021186 0.000208013 0.00020361 0.000198731 0.000193452 0.000187842 0.000181967 0.000175885 0.000169652 0.000163317 0.000156923 0.000150512 0.000144118 0.000137774 0.000131506 0.000125339 0.000119292 0.000113385 0.00010763 0.000102041 9.66257e-05 9.13929e-05 8.63478e-05 8.1494e-05 7.68338e-05 7.23679e-05 6.80959e-05 6.40165e-05 6.01271e-05 5.64248e-05 5.29056e-05 4.95651e-05 4.63985e-05 4.34006e-05 4.05659e-05 3.78885e-05 3.53627e-05 3.29824e-05 3.07416e-05 2.86342e-05 2.66542e-05 2.47956e-05 2.30526e-05 2.14193e-05 1.98902e-05 1.84599e-05 1.71228e-05 1.58741e-05 1.47086e-05 1.36217e-05 1.26086e-05 1.16652e-05 1.07871e-05 9.97035e-06 9.21117e-06 8.50592e-06 7.85116e-06 7.24363e-06 6.68024e-06 6.15808e-06 5.67439e-06 5.22657e-06 4.81218e-06 4.42891e-06 4.07461e-06 3.74723e-06 3.44489e-06 3.16578e-06 2.90826e-06 2.67074e-06 2.45177e-06 2.24999e-06 2.06413e-06 1.893e-06 1.7355e-06 1.59059e-06 1.45733e-06 1.33482e-06 1.22224e-06 1.11882e-06 1.02385e-06 9.36664e-07 8.56662e-07 7.83272e-07 7.15971e-07
0.000173559 0.000123004 0.000138175 0.000151751 0.000163732 0.00017414 0.000183013 0.000190406 0.000196385 0.000201023 0.000204401 0.000206605 0.00020772 0.000207836 0.000207042 0.000205424 0.000203067 0.000200053 0.000196462 0.000192368 0.000187842 0.000182951 0.000177757 0.000172317 0.000166685 0.00016091 0.000155035 0.000149102 0.000143147 0.000137202 0.000131295 0.000125453 0.000119698 0.000114048 0.000108521 0.00010313 9.7886e-05 9.27991e-05 8.78765e-05 8.31237e-05 7.85447e-05 7.41421e-05 6.9917e-05 6.58697e-05 6.19992e-05 5.83038e-05 5.4781e-05 5.14277e-05 4.82401e-05 4.52141e-05 4.23452e-05 3.96286e-05 3.70592e-05 3.46317e-05 3.23408e-05 3.01812e-05 2.81472e-05 2.62335e-05 2.44346e-05 2.27452e-05 2.116e-05 1.96738e-05 1.82816e-05 1.69785e-05 1.57597e-05 1.46207e-05 1.35569e-05 1.25642e-05 1.16383e-05 1.07754e-05 9.97179e-06 9.22376e-06 8.52793e-06 7.88105e-06 7.28004e-06 6.72195e-06 6.20402e-06 5.72362e-06 5.27826e-06 4.8656e-06 4.48344e-06 4.1297e-06 3.80243e-06 3.49979e-06 3.22005e-06 2.96161e-06 2.72294e-06 2.50264e-06 2.29937e-06 2.1119e-06 1.93907e-06 1.77981e-06 1.6331e-06 1.49801e-06 1.37366e-06 1.25926e-06 1.15403e-06 1.05728e-06 9.68357e-07 8.86659e-07 8.11622e-07
0.000150892 0.00010923 0.000123744 0.000136898 0.000148669 0.000159052 0.000168065 0.000175739 0.000182117 0.000187255 0.000191214 0.000194063 0.000195873 0.00019672 0.000196679 0.000195826 0.000194238 0.000191987 0.000189146 0.000185784 0.000181967 0.000177757 0.000173213 0.000168391 0.000163342 0.000158114 0.000152751 0.000147293 0.000141776 0.000136234 0.000130696 0.000125188 0.000119735 0.000114357 0.000109071 0.000103893 9.88362e-05 9.39118e-05 8.91286e-05 8.44938e-05 8.00131e-05 7.56905e-05 7.15288e-05 6.75297e-05 6.36937e-05 6.00203e-05 5.65084e-05 5.3156e-05 4.99605e-05 4.69188e-05 4.40275e-05 4.12825e-05 3.86797e-05 3.62146e-05 3.38825e-05 3.16787e-05 2.95983e-05 2.76364e-05 2.5788e-05 2.40481e-05 2.2412e-05 2.08747e-05 1.94316e-05 1.80779e-05 1.68092e-05 1.5621e-05 1.45091e-05 1.34693e-05 1.24977e-05 1.15904e-05 1.07436e-05 9.95401e-06 9.21809e-06 8.53264e-06 7.8946e-06 7.30104e-06 6.74918e-06 6.23637e-06 5.76012e-06 5.31805e-06 4.90793e-06 4.52765e-06 4.17521e-06 3.84873e-06 3.54645e-06 3.2667e-06 3.00793e-06 2.76867e-06 2.54754e-06 2.34327e-06 2.15464e-06 1.98054e-06 1.81991e-06 1.67176e-06 1.53518e-06 1.40932e-06 1.29337e-06 1.18661e-06 1.08833e-06 9.97894e-07 9.14707e-07
0.000131185 9.6956e-05 0.000110756 0.000123411 0.000134877 0.000145132 0.000154172 0.000162009 0.000168669 0.00017419 0.000178615 0.000181999 0.0001844 0.000185878 0.000186499 0.000186328 0.000185432 0.000183876 0.000181724 0.00017904 0.000175885 0.000172317 0.000168391 0.00016416 0.000159673 0.000154977 0.000150114 0.000145123 0.000140042 0.000134903 0.000129736 0.000124569 0.000119425 0.000114328 0.000109294 0.000104343 9.94867e-05 9.4739e-05 9.01099e-05 8.56083e-05 8.12411e-05 7.70138e-05 7.29307e-05 6.89948e-05 6.52077e-05 6.15705e-05 5.80832e-05 5.47448e-05 5.1554e-05 4.85086e-05 4.56062e-05 4.28436e-05 4.02175e-05 3.77242e-05 3.53598e-05 3.31201e-05 3.10009e-05 2.89977e-05 2.71063e-05 2.5322e-05 2.36403e-05 2.20569e-05 2.05673e-05 1.91671e-05 1.7852e-05 1.6618e-05 1.54608e-05 1.43765e-05 1.33613e-05 1.24114e-05 1.15233e-05 1.06935e-05 9.91872e-06 9.19571e-06 8.52147e-06 7.89309e-06 7.3078e-06 6.76296e-06 6.25606e-06 5.78473e-06 5.3467e-06 4.93983e-06 4.56211e-06 4.21163e-06 3.88657e-06 3.58525e-06 3.30607e-06 3.04751e-06 2.80816e-06 2.58669e-06 2.38187e-06 2.19251e-06 2.01753e-06 1.85589e-06 1.70665e-06 1.56891e-06 1.44182e-06 1.32462e-06 1.21657e-06 1.117e-06 1.02527e-06
0.000114052 8.60246e-05 9.90755e-05 0.000111176 0.000122266 0.000132308 0.000141282 0.000149184 0.000156024 0.000161824 0.000166614 0.000170434 0.000173329 0.000175349 0.000176546 0.000176978 0.000176701 0.000175772 0.00017425 0.000172192 0.000169652 0.000166685 0.000163342 0.000159673 0.000155725 0.000151541 0.000147164 0.000142631 0.000137979 0.00013324 0.000128444 0.00012362 0.000118791 0.000113981 0.000109209 0.000104493 9.98493e-05 9.52903e-05 9.08282e-05 8.64729e-05 8.22327e-05 7.81144e-05 7.41236e-05 7.02644e-05 6.65399e-05 6.2952e-05 5.95021e-05 5.61902e-05 5.3016e-05 4.99785e-05 4.70759e-05 4.43061e-05 4.16666e-05 3.91545e-05 3.67665e-05 3.44991e-05 3.23487e-05 3.03115e-05 2.83836e-05 2.65609e-05 2.48393e-05 2.32148e-05 2.16834e-05 2.02409e-05 1.88834e-05 1.76069e-05 1.64076e-05 1.52816e-05 1.42253e-05 1.3235e-05 1.23075e-05 1.14391e-05 1.06269e-05 9.86753e-06 9.15811e-06 8.49576e-06 7.87774e-06 7.30141e-06 6.76429e-06 6.26399e-06 5.79825e-06 5.36491e-06 4.96194e-06 4.5874e-06 4.23947e-06 3.91641e-06 3.6166e-06 3.33849e-06 3.08064e-06 2.84167e-06 2.62031e-06 2.41535e-06 2.22565e-06 2.05016e-06 1.88788e-06 1.73787e-06 1.59926e-06 1.47124e-06 1.35304e-06 1.24395e-06 1.14331e-06
9.91567e-05 7.62948e-05 8.858e-05 0.000100088 0.000110749 0.000120512 0.000129344 0.000137227 0.00014416 0.00015015 0.000155215 0.000159381 0.000162684 0.000165161 0.000166856 0.000167815 0.000168088 0.000167723 0.000166773 0.000165287 0.000163317 0.00016091 0.000158114 0.000154977 0.000151541 0.000147849 0.000143941 0.000139853 0.00013562 0.000131276 0.000126849 0.000122367 0.000117856 0.000113337 0.000108833 0.000104361 9.99371e-05 9.55767e-05 9.12921e-05 8.70945e-05 8.29931e-05 7.8996e-05 7.51098e-05 7.13397e-05 6.769e-05 6.41637e-05 6.07631e-05 5.74894e-05 5.43432e-05 5.13244e-05 4.84322e-05 4.56654e-05 4.30221e-05 4.05002e-05 3.80972e-05 3.58102e-05 3.36363e-05 3.15721e-05 2.96144e-05 2.77594e-05 2.60036e-05 2.43434e-05 2.2775e-05 2.12946e-05 1.98987e-05 1.85834e-05 1.73452e-05 1.61805e-05 1.50857e-05 1.40576e-05 1.30926e-05 1.21877e-05 1.13396e-05 1.05453e-05 9.80193e-06 9.10665e-06 8.45677e-06 7.84969e-06 7.28293e-06 6.75413e-06 6.26102e-06 5.80146e-06 5.3734e-06 4.97489e-06 4.60408e-06 4.25923e-06 3.93869e-06 3.64088e-06 3.36432e-06 3.10763e-06 2.86947e-06 2.64863e-06 2.44392e-06 2.25425e-06 2.07859e-06 1.91598e-06 1.7655e-06 1.62632e-06 1.49762e-06 1.37868e-06 1.26878e-06
8.62066e-05 6.76392e-05 7.91558e-05 9.005e-05 0.000100243 0.000109675 0.000118304 0.000126101 0.000133051 0.000139153 0.000144413 0.000148848 0.000152479 0.000155338 0.000157457 0.000158874 0.000159631 0.00015977 0.000159335 0.000158371 0.000156923 0.000155035 0.000152751 0.000150114 0.000147164 0.000143941 0.000140483 0.000136825 0.000133001 0.000129042 0.000124978 0.000120837 0.000116642 0.000112418 0.000108184 0.000103961 9.97641e-05 9.561e-05 9.15118e-05 8.74813e-05 8.35289e-05 7.96636e-05 7.58928e-05 7.22229e-05 6.86592e-05 6.52056e-05 6.18654e-05 5.86408e-05 5.55332e-05 5.25435e-05 4.96718e-05 4.69174e-05 4.42796e-05 4.17568e-05 3.93471e-05 3.70486e-05 3.48586e-05 3.27746e-05 3.07936e-05 2.89126e-05 2.71284e-05 2.54377e-05 2.38373e-05 2.23236e-05 2.08934e-05 1.95432e-05 1.82696e-05 1.70693e-05 1.5939e-05 1.48755e-05 1.38755e-05 1.29359e-05 1.20538e-05 1.12262e-05 1.04503e-05 9.72334e-06 9.04264e-06 8.40569e-06 7.81004e-06 7.25335e-06 6.73338e-06 6.24798e-06 5.79511e-06 5.37283e-06 4.97928e-06 4.6127e-06 4.27142e-06 3.95384e-06 3.65848e-06 3.38391e-06 3.12878e-06 2.89183e-06 2.67187e-06 2.46777e-06 2.27847e-06 2.10297e-06 1.94033e-06 1.78967e-06 1.65018e-06 1.52106e-06 1.4016e-06
7.49479e-05 5.99431e-05 7.06997e-05 8.09699e-05 9.06702e-05 9.9734e-05 0.000108111 0.000115764 0.00012267 0.000128817 0.000134203 0.000138834 0.000142725 0.000145896 0.000148371 0.000150183 0.000151363 0.000151947 0.000151974 0.000151483 0.000150512 0.000149102 0.000147293 0.000145123 0.000142631 0.000139853 0.000136825 0.00013358 0.000130151 0.000126568 0.00012286 0.000119054 0.000115173 0.000111242 0.000107281 0.00010331 9.93451e-05 9.54032e-05 9.14982e-05 8.76427e-05 8.38478e-05 8.01232e-05 7.64774e-05 7.29176e-05 6.94497e-05 6.6079e-05 6.28092e-05 5.96437e-05 5.65847e-05 5.36338e-05 5.07919e-05 4.80593e-05 4.54357e-05 4.29205e-05 4.05124e-05 3.821e-05 3.60114e-05 3.39144e-05 3.19168e-05 3.00159e-05 2.8209e-05 2.64933e-05 2.48659e-05 2.33236e-05 2.18634e-05 2.04822e-05 1.91769e-05 1.79443e-05 1.67815e-05 1.56853e-05 1.46527e-05 1.36808e-05 1.27667e-05 1.19076e-05 1.11007e-05 1.03434e-05 9.63307e-06 8.96729e-06 8.34365e-06 7.75983e-06 7.21362e-06 6.70291e-06 6.22566e-06 5.77993e-06 5.36387e-06 4.97572e-06 4.61379e-06 4.27649e-06 3.96231e-06 3.66979e-06 3.39759e-06 3.1444e-06 2.90902e-06 2.69029e-06 2.48713e-06 2.2985e-06 2.12345e-06 1.96106e-06 1.81049e-06 1.67093e-06 1.54163e-06
6.51595e-05 5.31035e-05 6.31171e-05 7.27635e-05 8.19562e-05 9.06243e-05 9.87117e-05 0.000106176 0.000112985 0.000119121 0.000124573 0.000129339 0.000133426 0.000136846 0.000139617 0.000141763 0.000143308 0.000144284 0.000144722 0.000144655 0.000144118 0.000143147 0.000141776 0.000140042 0.000137979 0.00013562 0.000133001 0.000130151 0.000127102 0.000123883 0.000120522 0.000117044 0.000113473 0.000109833 0.000106144 0.000102425 9.86954e-05 9.49697e-05 9.12631e-05 8.75887e-05 8.39582e-05 8.0382e-05 7.68693e-05 7.3428e-05 7.0065e-05 6.6786e-05 6.3596e-05 6.04987e-05 5.74973e-05 5.45942e-05 5.1791e-05 4.90888e-05 4.64879e-05 4.39884e-05 4.15897e-05 3.92909e-05 3.70908e-05 3.49878e-05 3.29799e-05 3.10653e-05 2.92415e-05 2.75061e-05 2.58567e-05 2.42904e-05 2.28046e-05 2.13965e-05 2.00632e-05 1.88019e-05 1.76097e-05 1.64837e-05 1.54212e-05 1.44193e-05 1.34753e-05 1.25866e-05 1.17504e-05 1.09643e-05 1.02258e-05 9.53234e-06 8.88174e-06 8.27169e-06 7.70001e-06 7.16464e-06 6.66354e-06 6.19481e-06 5.7566e-06 5.34715e-06 4.96477e-06 4.60788e-06 4.27494e-06 3.96451e-06 3.6752e-06 3.40571e-06 3.15481e-06 2.92132e-06 2.70413e-06 2.5022e-06 2.31453e-06 2.1402e-06 1.97833e-06 1.82809e-06 1.6887e-06
5.66496e-05 4.7028e-05 5.63224e-05 6.53527e-05 7.40318e-05 8.22865e-05 9.00568e-05 9.72953e-05 0.000103966 0.000110042 0.000115508 0.000120354 0.000124582 0.000128195 0.000131206 0.000133631 0.00013549 0.000136806 0.000137607 0.000137919 0.000137774 0.000137202 0.000136234 0.000134903 0.00013324 0.000131276 0.000129042 0.000126568 0.000123883 0.000121014 0.000117988 0.00011483 0.000111563 0.00010821 0.000104791 0.000101325 9.78306e-05 9.43235e-05 9.08188e-05 8.73301e-05 8.38694e-05 8.04478e-05 7.70751e-05 7.37596e-05 7.05091e-05 6.733e-05 6.42277e-05 6.1207e-05 5.82716e-05 5.54246e-05 5.26684e-05 5.00046e-05 4.74343e-05 4.49582e-05 4.25763e-05 4.02884e-05 3.80937e-05 3.59912e-05 3.39795e-05 3.2057e-05 3.0222e-05 2.84724e-05 2.6806e-05 2.52205e-05 2.37136e-05 2.22826e-05 2.09251e-05 1.96385e-05 1.84202e-05 1.72674e-05 1.61777e-05 1.51483e-05 1.41768e-05 1.32605e-05 1.23969e-05 1.15837e-05 1.08184e-05 1.00987e-05 9.42229e-06 8.78703e-06 8.19079e-06 7.63152e-06 7.10724e-06 6.61606e-06 6.15615e-06 5.72578e-06 5.32325e-06 4.94699e-06 4.59546e-06 4.26721e-06 3.96085e-06 3.67507e-06 3.40861e-06 3.16029e-06 2.92898e-06 2.71362e-06 2.51319e-06 2.32675e-06 2.1534e-06 1.99228e-06 1.8426e-06
4.9251e-05 4.16337e-05 5.02372e-05 5.86655e-05 6.68322e-05 7.46633e-05 8.20969e-05 8.9082e-05 9.55783e-05 0.000101555 0.000106991 0.000111871 0.00011619 0.000119946 0.000123147 0.000125801 0.000127924 0.000129534 0.000130651 0.0001313 0.000131506 0.000131295 0.000130696 0.000129736 0.000128444 0.000126849 0.000124978 0.00012286 0.000120522 0.000117988 0.000115286 0.000112438 0.000109467 0.000106394 0.000103241 0.000100026 9.67666e-05 9.34789e-05 9.01782e-05 8.68782e-05 8.35915e-05 8.03294e-05 7.7102e-05 7.39186e-05 7.07872e-05 6.77148e-05 6.47076e-05 6.17708e-05 5.89089e-05 5.61256e-05 5.34238e-05 5.0806e-05 4.82737e-05 4.58283e-05 4.34704e-05 4.12001e-05 3.90175e-05 3.69219e-05 3.49125e-05 3.29881e-05 3.11474e-05 2.93888e-05 2.77104e-05 2.61104e-05 2.45867e-05 2.31371e-05 2.17593e-05 2.0451e-05 1.92099e-05 1.80335e-05 1.69194e-05 1.58651e-05 1.48684e-05 1.39267e-05 1.30378e-05 1.21992e-05 1.14087e-05 1.06642e-05 9.96328e-06 9.30397e-06 8.68417e-06 8.10189e-06 7.5552e-06 7.04223e-06 6.56119e-06 6.11036e-06 5.68808e-06 5.29277e-06 4.9229e-06 4.57701e-06 4.25373e-06 3.95174e-06 3.66976e-06 3.40661e-06 3.16114e-06 2.93228e-06 2.719e-06 2.52033e-06 2.33536e-06 2.1632e-06 2.00306e-06
4.28187e-05 3.68462e-05 4.47906e-05 5.26356e-05 6.02968e-05 6.77008e-05 7.47846e-05 8.14956e-05 8.77905e-05 9.36349e-05 9.90029e-05 0.000103876 0.000108243 0.000112099 0.000115443 0.000118281 0.000120624 0.000122483 0.000123875 0.00012482 0.000125339 0.000125453 0.000125188 0.000124569 0.00012362 0.000122367 0.000120837 0.000119054 0.000117044 0.00011483 0.000112438 0.000109888 0.000107204 0.000104406 0.000101514 9.85459e-05 9.55193e-05 9.24504e-05 8.93543e-05 8.62449e-05 8.31348e-05 8.00357e-05 7.69582e-05 7.39117e-05 7.09049e-05 6.79451e-05 6.50392e-05 6.21929e-05 5.94113e-05 5.66985e-05 5.40581e-05 5.14931e-05 4.90058e-05 4.65978e-05 4.42704e-05 4.20244e-05 3.98602e-05 3.77776e-05 3.57764e-05 3.38557e-05 3.20148e-05 3.02523e-05 2.8567e-05 2.69571e-05 2.54211e-05 2.39569e-05 2.25627e-05 2.12364e-05 1.99758e-05 1.87789e-05 1.76433e-05 1.65669e-05 1.55474e-05 1.45827e-05 1.36704e-05 1.28084e-05 1.19946e-05 1.12267e-05 1.05027e-05 9.82059e-06 9.17836e-06 8.57407e-06 8.00583e-06 7.47185e-06 6.97035e-06 6.49964e-06 6.05808e-06 5.64412e-06 5.25624e-06 4.89299e-06 4.553e-06 4.23494e-06 3.93755e-06 3.65963e-06 3.40003e-06 3.15766e-06 2.93148e-06 2.72051e-06 2.52382e-06 2.34053e-06 2.16979e-06
3.72265e-05 3.25991e-05 3.99184e-05 4.72023e-05 5.43694e-05 6.13478e-05 6.80749e-05 7.4497e-05 8.05693e-05 8.62547e-05 9.15241e-05 9.63555e-05 0.000100733 0.000104648 0.000108096 0.000111078 0.000113598 0.000115667 0.000117295 0.000118498 0.000119292 0.000119698 0.000119735 0.000119425 0.000118791 0.000117856 0.000116642 0.000115173 0.000113473 0.000111563 0.000109467 0.000107204 0.000104797 0.000102265 9.96275e-05 9.69015e-05 9.41046e-05 9.12526e-05 8.83605e-05 8.5442e-05 8.25101e-05 7.95765e-05 7.6652e-05 7.37463e-05 7.08685e-05 6.80264e-05 6.52271e-05 6.2477e-05 5.97815e-05 5.71453e-05 5.45726e-05 5.20668e-05 4.96306e-05 4.72664e-05 4.49758e-05 4.27601e-05 4.06202e-05 3.85566e-05 3.65691e-05 3.46577e-05 3.28218e-05 3.10606e-05 2.9373e-05 2.77579e-05 2.62138e-05 2.47392e-05 2.33324e-05 2.19917e-05 2.07152e-05 1.95009e-05 1.83469e-05 1.72511e-05 1.62115e-05 1.5226e-05 1.42925e-05 1.34091e-05 1.25736e-05 1.17841e-05 1.10386e-05 1.0335e-05 9.67158e-06 9.04637e-06 8.45757e-06 7.90343e-06 7.38222e-06 6.89229e-06 6.43204e-06 5.99992e-06 5.59444e-06 5.21418e-06 4.85776e-06 4.52386e-06 4.21123e-06 3.91867e-06 3.64501e-06 3.38918e-06 3.15012e-06 2.92683e-06 2.71839e-06 2.52388e-06 2.34246e-06
