0.61715 0.0267564 0.0194892 0.0141958 0.0103401 0.00753166 0.00548601 0.00399597 0.00291064 0.00212009 0.00154426 0.00112483 0.000819317 0.000596785 0.000434694 0.000316628 0.00023063 0.000167989 0.000122362 8.91277e-05 6.492e-05 4.72873e-05 3.44438e-05 2.50886e-05 1.82744e-05 1.33109e-05 9.69559e-06 7.0622e-06 5.14406e-06 3.7469e-06 2.72921e-06 1.98794e-06 1.448e-06 1.05472e-06 7.68247e-07 5.59586e-07 4.07599e-07 2.96892e-07 2.16254e-07 1.57518e-07 1.14735e-07 8.35723e-08 6.08735e-08 4.43398e-08 3.22968e-08 2.35248e-08 1.71353e-08 1.24812e-08 9.09125e-09 6.622e-09 4.82342e-09 3.51335e-09 2.5591e-09 1.86403e-09 1.35775e-09 9.88973e-10 7.20361e-10 5.24706e-10 3.82193e-10 2.78386e-10 2.02775e-10 1.477e-10 1.07584e-10 7.83631e-11 5.70791e-11 4.15761e-11 3.02837e-11 2.20585e-11 1.60672e-11 1.17033e-11 8.52457e-12 6.20924e-12 4.52277e-12 3.29435e-12 2.39959e-12 1.74784e-12 1.27312e-12 9.27329e-13 6.7546e-13 4.92001e-13 3.5837e-13 2.61034e-13 1.90136e-13 1.38493e-13 1.00878e-13 7.34786e-14 5.35213e-14 3.89846e-14 2.83961e-14 2.06835e-14 1.50657e-14 1.09738e-14 7.99322e-15 5.82221e-15 4.24086e-15 3.08901e-15 2.25002e-15 1.6389e-15 1.19376e-15 8.69527e-16 6.33358e-16
0.0267564 0.00789108 0.00615437 0.00477894 0.00369665 0.00284973 0.00219017 0.00167867 0.00128345 0.000979082 0.000745371 0.000566388 0.000429645 0.0003254 0.000246087 0.000185854 0.000140186 0.000105615 7.94816e-05 5.97532e-05 4.48781e-05 3.36754e-05 2.52474e-05 1.89134e-05 1.41576e-05 1.059e-05 7.91595e-06 5.91325e-06 4.41448e-06 3.29364e-06 2.456e-06 1.8304e-06 1.36346e-06 1.01514e-06 7.55446e-07 5.61935e-07 4.17813e-07 3.10526e-07 2.30696e-07 1.71323e-07 1.27184e-07 9.43836e-08 7.00182e-08 5.19258e-08 3.84961e-08 2.85311e-08 2.11393e-08 1.56581e-08 1.15949e-08 8.58379e-09 6.35299e-09 4.70077e-09 3.47739e-09 2.5718e-09 1.9016e-09 1.40575e-09 1.03896e-09 7.67719e-10 5.67174e-10 4.18933e-10 3.09378e-10 2.2843e-10 1.68631e-10 1.24465e-10 9.18499e-11 6.77702e-11 4.99951e-11 3.68762e-11 2.71956e-11 2.00532e-11 1.47845e-11 1.08984e-11 8.03269e-12 5.91968e-12 4.36191e-12 3.21365e-12 2.36736e-12 1.74371e-12 1.2842e-12 9.45666e-13 6.96293e-13 5.1262e-13 3.77356e-13 2.77752e-13 2.04417e-13 1.50429e-13 1.10688e-13 8.14376e-14 5.9911e-14 4.40702e-14 3.24147e-14 2.38396e-14 1.75314e-14 1.28912e-14 9.47831e-15 6.96838e-15 5.12266e-15 3.7655e-15 2.76767e-15 2.03409e-15 1.49483e-15
0.0194892 0.00615437 0.00489884 0.00387751 0.00305408 0.00239519 0.0018713 0.00145704 0.00113103 0.000875554 0.00067609 0.000520877 0.000400459 0.000307288 0.000235376 0.000179997 0.000137437 0.000104791 7.97931e-05 6.06828e-05 4.60954e-05 3.4976e-05 2.65114e-05 2.00755e-05 1.5188e-05 1.14802e-05 8.67033e-06 6.54301e-06 4.9339e-06 3.71783e-06 2.79956e-06 2.10671e-06 1.58433e-06 1.19076e-06 8.94437e-07 6.71484e-07 5.03836e-07 3.77851e-07 2.83229e-07 2.12201e-07 1.58912e-07 1.18953e-07 8.90037e-08 6.65674e-08 4.9767e-08 3.71923e-08 2.77845e-08 2.07489e-08 1.54895e-08 1.15592e-08 8.62338e-09 6.43113e-09 4.79471e-09 3.57359e-09 2.66269e-09 1.98341e-09 1.47701e-09 1.0996e-09 8.18416e-10 6.08977e-10 4.53021e-10 3.36923e-10 2.50518e-10 1.86229e-10 1.38406e-10 1.02842e-10 7.63991e-11 5.67434e-11 4.2136e-11 3.12827e-11 2.32203e-11 1.72325e-11 1.27864e-11 9.48562e-12 7.03567e-12 5.21758e-12 3.86862e-12 2.86794e-12 2.12575e-12 1.57537e-12 1.1673e-12 8.64803e-13 6.40595e-13 4.74443e-13 3.51335e-13 2.60132e-13 1.92578e-13 1.42547e-13 1.05499e-13 7.80693e-14 5.77637e-14 4.2734e-14 3.16108e-14 2.338e-14 1.72901e-14 1.2785e-14 9.45257e-15 6.98793e-15 5.16531e-15 3.81765e-15 2.82128e-15
0.0141958 0.00477894 0.00387751 0.00312402 0.00250177 0.00199295 0.00158031 0.00124799 0.000981961 0.00077011 0.000602175 0.000469593 0.0003653 0.000283527 0.000219601 0.000169761 0.000130997 0.000100917 7.76226e-05 5.96184e-05 4.57276e-05 3.50282e-05 2.67997e-05 2.04807e-05 1.56346e-05 1.1923e-05 9.08356e-06 6.91393e-06 5.25786e-06 3.99509e-06 3.03315e-06 2.30105e-06 1.74437e-06 1.32142e-06 1.00035e-06 7.56792e-07 5.72176e-07 4.32335e-07 3.26482e-07 2.46408e-07 1.85872e-07 1.40135e-07 1.05599e-07 7.9536e-08 5.98772e-08 4.50568e-08 3.38896e-08 2.54793e-08 1.91481e-08 1.43844e-08 1.08015e-08 8.10797e-09 6.08386e-09 4.56342e-09 3.42176e-09 2.56484e-09 1.92188e-09 1.43963e-09 1.07805e-09 8.07042e-10 6.03979e-10 4.51877e-10 3.37982e-10 2.52724e-10 1.88922e-10 1.41189e-10 1.05489e-10 7.8796e-11 5.88426e-11 4.39314e-11 3.2791e-11 2.44699e-11 1.82562e-11 1.36174e-11 1.0155e-11 7.57137e-12 5.64388e-12 4.20621e-12 3.13413e-12 2.33484e-12 1.73905e-12 1.29505e-12 9.64221e-13 7.17775e-13 5.34223e-13 3.97538e-13 2.95774e-13 2.20023e-13 1.63645e-13 1.21693e-13 9.0481e-14 6.72637e-14 4.99961e-14 3.71556e-14 2.76088e-14 2.05119e-14 1.5237e-14 1.1317e-14 8.40429e-15 6.24037e-15 4.63298e-15
0.0103401 0.00369665 0.00305408 0.00250177 0.00203455 0.00164429 0.00132168 0.0010573 0.000842218 0.000668344 0.000528552 0.000416704 0.000327596 0.000256877 0.000200944 0.000156845 0.000122174 9.49869e-05 7.3719e-05 5.71183e-05 4.41872e-05 3.41337e-05 2.63313e-05 2.0286e-05 1.56094e-05 1.19969e-05 9.21021e-06 7.0634e-06 5.41155e-06 4.14203e-06 3.16744e-06 2.42004e-06 1.84745e-06 1.40921e-06 1.07409e-06 8.18063e-07 6.22619e-07 4.73544e-07 3.59925e-07 2.73392e-07 2.07536e-07 1.5745e-07 1.19383e-07 9.04694e-08 6.85216e-08 5.18713e-08 3.92472e-08 2.96809e-08 2.24357e-08 1.69512e-08 1.28018e-08 9.66383e-09 7.29198e-09 5.5e-09 4.14674e-09 3.12522e-09 2.35446e-09 1.77313e-09 1.33485e-09 1.00455e-09 7.55723e-10 5.6834e-10 4.27279e-10 3.21127e-10 2.41272e-10 1.81219e-10 1.36073e-10 1.02144e-10 7.6653e-11 5.75076e-11 4.31323e-11 3.23418e-11 2.42444e-11 1.81697e-11 1.36137e-11 1.01975e-11 7.63678e-12 5.71771e-12 4.2799e-12 3.20292e-12 2.39641e-12 1.79259e-12 1.34063e-12 1.0024e-12 7.49355e-13 5.60071e-13 4.18516e-13 3.12677e-13 2.33558e-13 1.74426e-13 1.30241e-13 9.72304e-14 7.25736e-14 5.416e-14 4.04112e-14 3.01475e-14 2.24867e-14 1.67698e-14 1.25043e-14 9.32225e-15 6.94884e-15
0.00753166 0.00284973 0.00239519 0.00199295 0.00164429 0.00134685 0.00109634 0.00088755 0.00071506 0.000573615 0.000458372 0.000365004 0.000289732 0.000229316 0.000181014 0.000142535 0.000111981 8.77899e-05 6.86893e-05 5.36455e-05 4.18241e-05 3.25548e-05 2.5301e-05 1.96351e-05 1.52172e-05 1.17781e-05 9.10501e-06 7.03037e-06 5.4224e-06 4.17776e-06 3.21555e-06 2.47255e-06 1.89946e-06 1.45791e-06 1.11804e-06 8.56699e-07 6.55927e-07 5.01825e-07 3.83646e-07 2.93091e-07 2.23757e-07 1.70713e-07 1.3016e-07 9.91796e-08 7.5528e-08 5.74834e-08 4.37254e-08 3.32421e-08 2.5259e-08 1.91831e-08 1.45616e-08 1.10481e-08 8.3784e-09 6.35093e-09 4.81194e-09 3.6443e-09 2.75884e-09 2.08765e-09 1.57913e-09 1.194e-09 9.02461e-10 6.81851e-10 5.14982e-10 3.88813e-10 2.93453e-10 2.21405e-10 1.66991e-10 1.2591e-10 9.49042e-11 7.15117e-11 5.38687e-11 4.05664e-11 3.054e-11 2.29852e-11 1.72944e-11 1.3009e-11 9.78281e-12 7.35477e-12 5.52793e-12 4.15379e-12 3.12046e-12 2.34362e-12 1.75975e-12 1.32102e-12 9.91449e-13 7.43928e-13 5.58077e-13 4.18564e-13 3.1386e-13 2.35297e-13 1.76363e-13 1.32162e-13 9.90195e-14 7.41732e-14 5.55505e-14 4.15954e-14 3.11402e-14 2.33085e-14 1.74433e-14 1.30516e-14 9.76386e-15
0.00548601 0.00219017 0.0018713 0.00158031 0.00132168 0.00109634 0.000903014 0.000739225 0.000601882 0.000487709 0.0003935 0.000316262 0.000253293 0.000202212 0.000160959 0.000127775 0.000101179 7.99334e-05 6.30122e-05 4.95729e-05 3.89261e-05 3.05116e-05 2.38761e-05 1.86541e-05 1.45524e-05 1.13366e-05 8.81956e-06 6.85261e-06 5.31785e-06 4.12204e-06 3.1916e-06 2.46855e-06 1.90738e-06 1.47234e-06 1.13547e-06 8.74884e-07 6.73522e-07 5.18075e-07 3.98186e-07 3.05805e-07 2.34682e-07 1.79971e-07 1.37918e-07 1.05621e-07 8.08344e-08 6.18255e-08 4.72578e-08 3.61012e-08 2.75626e-08 2.10318e-08 1.60397e-08 1.22261e-08 9.31442e-09 7.09262e-09 5.39818e-09 4.10659e-09 3.1226e-09 2.37331e-09 1.80303e-09 1.3692e-09 1.03932e-09 7.88595e-10 5.98117e-10 4.53471e-10 3.43675e-10 2.60366e-10 1.97181e-10 1.49276e-10 1.1297e-10 8.54652e-11 6.46355e-11 4.88665e-11 3.69328e-11 2.79047e-11 2.1077e-11 1.59151e-11 1.20139e-11 9.06632e-12 6.83998e-12 5.15891e-12 3.88993e-12 2.93231e-12 2.20985e-12 1.66496e-12 1.2541e-12 9.44399e-13 7.11001e-13 5.35156e-13 4.02705e-13 3.02965e-13 2.27876e-13 1.71359e-13 1.28831e-13 9.68357e-14 7.27711e-14 5.46752e-14 4.10706e-14 3.08449e-14 2.31605e-14 1.7387e-14 1.30502e-14
0.00399597 0.00167867 0.00145704 0.00124799 0.0010573 0.00088755 0.000739225 0.000611514 0.000502861 0.000411338 0.000334892 0.000271501 0.000219267 0.000176465 0.000141565 0.000113234 9.03265e-05 7.18722e-05 5.70543e-05 4.51924e-05 3.57234e-05 2.81841e-05 2.21958e-05 1.74499e-05 1.36967e-05 1.07343e-05 8.40047e-06 6.56498e-06 5.1238e-06 3.99399e-06 3.10959e-06 2.41826e-06 1.87856e-06 1.45779e-06 1.13012e-06 8.75256e-07 6.77238e-07 5.23551e-07 4.04391e-07 3.12092e-07 2.40666e-07 1.85443e-07 1.42784e-07 1.09859e-07 8.44666e-08 6.48992e-08 4.98319e-08 3.82383e-08 2.93237e-08 2.24739e-08 1.72141e-08 1.31778e-08 1.00823e-08 7.7098e-09 5.8925e-09 4.50126e-09 3.43678e-09 2.62277e-09 2.00061e-09 1.52533e-09 1.16244e-09 8.85496e-10 6.74242e-10 5.13172e-10 3.9042e-10 2.96911e-10 2.2571e-10 1.71518e-10 1.30288e-10 9.89329e-11 7.50966e-11 5.69832e-11 4.32239e-11 3.27758e-11 2.4845e-11 1.88272e-11 1.42624e-11 1.08009e-11 8.1771e-12 6.18879e-12 4.68257e-12 3.54191e-12 2.67834e-12 2.02476e-12 1.53024e-12 1.1562e-12 8.73347e-13 6.59521e-13 4.9792e-13 3.75821e-13 2.83592e-13 2.13945e-13 1.61363e-13 1.21676e-13 9.17285e-14 6.9136e-14 5.20963e-14 3.92475e-14 2.95613e-14 2.22608e-14 1.67597e-14
0.00291064 0.00128345 0.00113103 0.000981961 0.000842218 0.00071506 0.000601882 0.000502861 0.00041741 0.000344499 0.000282876 0.000231214 0.000188206 0.000152622 0.000123341 9.93619e-05 7.98115e-05 6.39345e-05 5.10873e-05 4.07259e-05 3.23947e-05 2.57147e-05 2.03727e-05 1.61109e-05 1.27186e-05 1.00242e-05 7.88835e-06 6.19843e-06 4.8637e-06 3.81127e-06 2.98276e-06 2.3315e-06 1.8203e-06 1.4196e-06 1.10591e-06 8.60648e-07 6.69112e-07 5.19705e-07 4.03287e-07 3.1267e-07 2.42206e-07 1.87466e-07 1.44982e-07 1.12039e-07 8.65163e-08 6.67592e-08 5.14776e-08 3.9667e-08 3.05458e-08 2.35069e-08 1.80787e-08 1.38955e-08 1.0674e-08 8.19457e-09 6.28759e-09 4.82176e-09 3.69569e-09 2.83114e-09 2.16774e-09 1.65897e-09 1.269e-09 9.70241e-10 7.41479e-10 5.66401e-10 4.32473e-10 3.30071e-10 2.51811e-10 1.92027e-10 1.46379e-10 1.11538e-10 8.4957e-11 6.46863e-11 4.92341e-11 3.74596e-11 2.84908e-11 2.16619e-11 1.64642e-11 1.25095e-11 9.50157e-12 7.21459e-12 5.47635e-12 4.15562e-12 3.15244e-12 2.39073e-12 1.81253e-12 1.37377e-12 1.04092e-12 7.88503e-13 5.9713e-13 4.52081e-13 3.42176e-13 2.58922e-13 1.95874e-13 1.48141e-13 1.12012e-13 8.46737e-14 6.39923e-14 4.83508e-14 3.65239e-14 2.75837e-14 2.0827e-14
0.00212009 0.000979082 0.000875554 0.00077011 0.000668344 0.000573615 0.000487709 0.000411338 0.000344499 0.000286745 0.000237366 0.000195527 0.00016035 0.000130973 0.000106584 8.64448e-05 6.98927e-05 5.6347e-05 4.5305e-05 3.63359e-05 2.90743e-05 2.3213e-05 1.84951e-05 1.47075e-05 1.16741e-05 9.25019e-06 7.3175e-06 5.77955e-06 4.55804e-06 3.58959e-06 2.82307e-06 2.21735e-06 1.73944e-06 1.36291e-06 1.06666e-06 8.33895e-07 6.51236e-07 5.08071e-07 3.95991e-07 3.08345e-07 2.39879e-07 1.86452e-07 1.44801e-07 1.12363e-07 8.71214e-08 6.74984e-08 5.22562e-08 4.04266e-08 3.1253e-08 2.41446e-08 1.86406e-08 1.4382e-08 1.10894e-08 8.54536e-09 6.58105e-09 5.06535e-09 3.89653e-09 2.99577e-09 2.302e-09 1.76798e-09 1.35714e-09 1.04126e-09 7.98509e-10 6.12061e-10 4.6893e-10 3.59107e-10 2.74882e-10 2.1032e-10 1.60854e-10 1.2297e-10 9.39703e-11 7.17809e-11 5.48097e-11 4.18349e-11 3.19196e-11 2.43453e-11 1.85616e-11 1.4147e-11 1.07785e-11 8.20933e-12 6.25043e-12 4.75739e-12 3.61983e-12 2.7534e-12 2.0937e-12 1.59157e-12 1.20951e-12 9.18883e-13 6.97889e-13 5.29893e-13 4.02224e-13 3.0523e-13 2.31562e-13 1.75627e-13 1.33168e-13 1.00948e-13 7.65038e-14 5.7964e-14 4.39063e-14 3.32497e-14 2.51736e-14
0.00154426 0.000745371 0.00067609 0.000602175 0.000528552 0.000458372 0.0003935 0.000334892 0.000282876 0.000237366 0.000198015 0.000164324 0.000135723 0.000111621 9.1441e-05 7.46414e-05 6.07273e-05 4.92561e-05 3.98386e-05 3.21365e-05 2.58595e-05 2.07602e-05 1.66302e-05 1.32945e-05 1.06073e-05 8.44767e-06 6.71605e-06 5.33056e-06 4.22423e-06 3.34249e-06 2.64101e-06 2.0839e-06 1.64215e-06 1.29243e-06 1.01595e-06 7.97702e-07 6.25638e-07 4.90164e-07 3.83629e-07 2.99951e-07 2.34299e-07 1.82848e-07 1.42567e-07 1.11064e-07 8.64496e-08 6.72357e-08 5.2251e-08 4.05749e-08 3.14846e-08 2.44133e-08 1.8917e-08 1.46481e-08 1.13351e-08 8.76574e-09 6.77455e-09 5.23248e-09 4.03902e-09 3.11597e-09 2.40251e-09 1.85139e-09 1.42593e-09 1.09766e-09 8.44533e-10 6.49453e-10 4.99189e-10 3.83509e-10 2.94498e-10 2.26042e-10 1.73421e-10 1.32992e-10 1.01944e-10 7.8111e-11 5.98254e-11 4.58018e-11 3.50516e-11 2.68142e-11 2.05048e-11 1.56742e-11 1.19772e-11 9.14886e-12 6.98597e-12 5.33255e-12 4.06907e-12 3.10392e-12 2.36692e-12 1.80432e-12 1.37502e-12 1.04753e-12 7.97794e-13 6.07413e-13 4.62326e-13 3.51792e-13 2.67607e-13 2.03511e-13 1.54723e-13 1.17599e-13 8.93586e-14 6.78817e-14 5.15532e-14 3.91423e-14 2.97116e-14
0.00112483 0.000566388 0.000520877 0.000469593 0.000416704 0.000365004 0.000316262 0.000271501 0.000231214 0.000195527 0.000164324 0.000137336 0.000114208 9.45458e-05 7.79463e-05 6.40186e-05 5.23968e-05 4.27468e-05 3.47699e-05 2.82029e-05 2.28167e-05 1.84142e-05 1.48271e-05 1.1913e-05 9.55213e-06 7.64436e-06 6.10642e-06 4.86942e-06 3.87658e-06 3.08132e-06 2.44552e-06 1.93812e-06 1.53389e-06 1.21236e-06 9.57025e-07 7.54547e-07 5.94213e-07 4.67422e-07 3.67288e-07 2.88305e-07 2.26078e-07 1.7711e-07 1.38618e-07 1.08393e-07 8.46839e-08 6.61044e-08 5.15585e-08 4.01812e-08 3.12902e-08 2.43481e-08 1.89323e-08 1.47107e-08 1.14225e-08 8.86328e-09 6.87296e-09 5.32618e-09 4.12493e-09 3.19267e-09 2.46964e-09 1.90925e-09 1.47518e-09 1.13917e-09 8.79226e-10 6.78239e-10 5.22928e-10 4.02979e-10 3.10392e-10 2.38962e-10 1.83884e-10 1.41435e-10 1.08737e-10 8.35607e-11 6.4186e-11 4.92827e-11 3.78241e-11 2.90178e-11 2.22529e-11 1.70585e-11 1.30715e-11 1.00126e-11 7.66665e-12 5.86823e-12 4.49007e-12 3.43437e-12 2.62597e-12 2.00718e-12 1.53369e-12 1.17151e-12 8.94573e-13 6.82884e-13 5.21126e-13 3.97562e-13 3.03205e-13 2.31174e-13 1.76203e-13 1.34265e-13 1.0228e-13 7.78926e-14 5.93038e-14 4.51389e-14 3.43482e-14
0.000819317 0.000429645 0.000400459 0.0003653 0.000327596 0.000289732 0.000253293 0.000219267 0.000188206 0.00016035 0.000135723 0.000114208 9.55989e-05 7.96417e-05 6.60608e-05 5.45784e-05 4.49273e-05 3.68579e-05 3.01432e-05 2.45798e-05 1.99886e-05 1.62135e-05 1.31198e-05 1.05924e-05 8.53363e-06 6.86113e-06 5.50587e-06 4.41027e-06 3.52658e-06 2.81531e-06 2.24396e-06 1.78587e-06 1.41925e-06 1.12635e-06 8.92708e-07 7.06635e-07 5.58664e-07 4.4116e-07 3.47977e-07 2.74177e-07 2.15801e-07 1.69682e-07 1.33288e-07 1.046e-07 8.20117e-08 6.42439e-08 5.02821e-08 3.93215e-08 3.07252e-08 2.39893e-08 1.87157e-08 1.45906e-08 1.13664e-08 8.84847e-09 6.88359e-09 5.35145e-09 4.15762e-09 3.22807e-09 2.50479e-09 1.9424e-09 1.50539e-09 1.16603e-09 9.02664e-10 6.984e-10 5.40069e-10 4.17413e-10 3.22448e-10 2.48963e-10 1.92131e-10 1.48201e-10 1.14261e-10 8.80533e-11 6.78261e-11 5.22223e-11 4.01907e-11 3.0918e-11 2.37747e-11 1.82742e-11 1.40407e-11 1.07837e-11 8.27904e-12 6.35368e-12 4.87425e-12 3.73793e-12 2.86548e-12 2.19589e-12 1.68218e-12 1.2882e-12 9.86166e-13 7.54696e-13 5.77368e-13 4.41564e-13 3.37596e-13 2.58028e-13 1.97153e-13 1.50594e-13 1.14997e-13 8.77882e-14 6.69979e-14 5.11168e-14 3.89893e-14
0.000596785 0.0003254 0.000307288 0.000283527 0.000256877 0.000229316 0.000202212 0.000176465 0.000152622 0.000130973 0.000111621 9.45458e-05 7.96417e-05 6.6753e-05 5.56964e-05 4.62782e-05 3.83058e-05 3.1595e-05 2.59745e-05 2.12888e-05 1.73987e-05 1.41815e-05 1.15303e-05 9.35256e-06 7.56926e-06 6.1131e-06 4.92721e-06 3.96385e-06 3.18309e-06 2.55173e-06 2.04224e-06 1.63192e-06 1.30209e-06 1.03743e-06 8.2542e-07 6.55871e-07 5.20487e-07 4.12543e-07 3.266e-07 2.58268e-07 2.04009e-07 1.60978e-07 1.26894e-07 9.99272e-08 7.86161e-08 6.17926e-08 4.85256e-08 3.80738e-08 2.98479e-08 2.338e-08 1.82991e-08 1.43113e-08 1.1184e-08 8.73372e-09 6.81538e-09 5.3147e-09 4.14164e-09 3.22537e-09 2.51019e-09 1.95236e-09 1.51756e-09 1.17889e-09 9.15264e-10 7.10183e-10 5.50746e-10 4.2687e-10 3.30679e-10 2.5603e-10 1.98131e-10 1.53249e-10 1.18476e-10 9.15486e-11 7.07081e-11 5.45867e-11 4.21219e-11 3.2489e-11 2.50481e-11 1.93032e-11 1.48696e-11 1.14497e-11 8.81273e-12 6.78041e-12 5.21474e-12 4.00906e-12 3.08099e-12 2.36688e-12 1.81763e-12 1.39534e-12 1.07078e-12 8.21432e-13 6.29935e-13 4.82919e-13 3.70093e-13 2.83535e-13 2.17152e-13 1.66259e-13 1.27254e-13 9.73705e-14 7.44822e-14 5.69573e-14 4.35432e-14
0.000434694 0.000246087 0.000235376 0.000219601 0.000200944 0.000181014 0.000160959 0.000141565 0.000123341 0.000106584 9.1441e-05 7.79463e-05 6.60608e-05 5.56964e-05 4.67358e-05 3.9047e-05 3.24933e-05 2.69401e-05 2.22598e-05 1.83342e-05 1.50562e-05 1.23299e-05 1.0071e-05 8.20572e-06 6.67045e-06 5.41054e-06 4.37949e-06 3.53793e-06 2.85273e-06 2.29613e-06 1.84498e-06 1.48006e-06 1.18547e-06 9.48093e-07 7.57165e-07 6.03856e-07 4.80953e-07 3.82578e-07 3.03952e-07 2.412e-07 1.91185e-07 1.51375e-07 1.19727e-07 9.45987e-08 7.46698e-08 5.88825e-08 4.63898e-08 3.65145e-08 2.87162e-08 2.25641e-08 1.77153e-08 1.38972e-08 1.08935e-08 8.53255e-09 6.67831e-09 5.22324e-09 4.08232e-09 3.18843e-09 2.4886e-09 1.94111e-09 1.51311e-09 1.17874e-09 9.17701e-10 7.14048e-10 5.55266e-10 4.31548e-10 3.35209e-10 2.60235e-10 2.01923e-10 1.56595e-10 1.21381e-10 9.40388e-11 7.282e-11 5.63619e-11 4.3603e-11 3.37169e-11 2.60604e-11 2.01337e-11 1.55481e-11 1.20017e-11 9.26041e-12 7.14228e-12 5.5064e-12 4.24352e-12 3.26901e-12 2.51732e-12 1.93775e-12 1.49106e-12 1.14692e-12 8.81898e-13 6.77874e-13 5.2087e-13 4.00093e-13 3.07218e-13 2.35825e-13 1.80963e-13 1.3882e-13 1.06458e-13 8.16143e-14 6.25493e-14 4.79235e-14
0.000316628 0.000185854 0.000179997 0.000169761 0.000156845 0.000142535 0.000127775 0.000113234 9.93619e-05 8.64448e-05 7.46414e-05 6.40186e-05 5.45784e-05 4.62782e-05 3.9047e-05 3.27973e-05 2.74339e-05 2.28598e-05 1.89809e-05 1.57083e-05 1.29599e-05 1.06615e-05 8.74706e-06 7.15809e-06 5.8437e-06 4.75982e-06 3.86862e-06 3.13787e-06 2.5402e-06 2.05256e-06 1.6556e-06 1.33316e-06 1.07179e-06 8.60323e-07 6.89557e-07 5.51899e-07 4.41118e-07 3.5211e-07 2.80705e-07 2.23507e-07 1.77754e-07 1.41206e-07 1.12049e-07 8.88178e-08 7.03307e-08 5.56361e-08 4.39692e-08 3.47162e-08 2.73856e-08 2.15838e-08 1.69965e-08 1.3373e-08 1.05135e-08 8.2589e-09 6.48281e-09 5.08486e-09 3.98546e-09 3.12154e-09 2.44319e-09 1.91097e-09 1.4937e-09 1.16679e-09 9.10851e-10 7.10617e-10 5.54068e-10 4.31753e-10 3.36247e-10 2.61719e-10 2.03599e-10 1.583e-10 1.23014e-10 9.55449e-11 7.41718e-11 5.75512e-11 4.46333e-11 3.45984e-11 2.68071e-11 2.07608e-11 1.6071e-11 1.24351e-11 9.61764e-12 7.43535e-12 5.74583e-12 4.43839e-12 3.42706e-12 2.64513e-12 2.04081e-12 1.57395e-12 1.21343e-12 9.35141e-13 7.20413e-13 5.54792e-13 4.27095e-13 3.28676e-13 2.5285e-13 1.94452e-13 1.49491e-13 1.14889e-13 8.82675e-14 6.77931e-14 5.20516e-14
0.00023063 0.000140186 0.000137437 0.000130997 0.000122174 0.000111981 0.000101179 9.03265e-05 7.98115e-05 6.98927e-05 6.07273e-05 5.23968e-05 4.49273e-05 3.83058e-05 3.24933e-05 2.74339e-05 2.30628e-05 1.93114e-05 1.61108e-05 1.33947e-05 1.11011e-05 9.17271e-06 7.5581e-06 6.21127e-06 5.09175e-06 4.1642e-06 3.39803e-06 2.76696e-06 2.24856e-06 1.82379e-06 1.47655e-06 1.19334e-06 9.62844e-07 7.75625e-07 6.23851e-07 5.01038e-07 4.01832e-07 3.21831e-07 2.57419e-07 2.05638e-07 1.64074e-07 1.30756e-07 1.04085e-07 8.27636e-08 6.57396e-08 5.21635e-08 4.13497e-08 3.27459e-08 2.59079e-08 2.04791e-08 1.61736e-08 1.27622e-08 1.00619e-08 7.92649e-09 6.23932e-09 4.90746e-09 3.857e-09 3.02917e-09 2.37731e-09 1.86443e-09 1.46119e-09 1.14441e-09 8.9572e-10 7.00628e-10 5.47687e-10 4.27872e-10 3.3407e-10 2.6068e-10 2.03298e-10 1.58458e-10 1.23441e-10 9.61109e-11 7.47926e-11 5.8173e-11 4.52238e-11 3.51396e-11 2.72909e-11 2.11852e-11 1.64378e-11 1.27485e-11 9.88275e-12 7.65782e-12 5.93123e-12 4.59198e-12 3.55364e-12 2.74897e-12 2.12564e-12 1.643e-12 1.26945e-12 9.80456e-13 7.56965e-13 5.84202e-13 4.50704e-13 3.47586e-13 2.67967e-13 2.06513e-13 1.59098e-13 1.22528e-13 9.43329e-14 7.26018e-14 5.58587e-14
0.000167989 0.000105615 0.000104791 0.000100917 9.49869e-05 8.77899e-05 7.99334e-05 7.18722e-05 6.39345e-05 5.6347e-05 4.92561e-05 4.27468e-05 3.68579e-05 3.1595e-05 2.69401e-05 2.28598e-05 1.93114e-05 1.62469e-05 1.36167e-05 1.13721e-05 9.46617e-06 7.85537e-06 6.4998e-06 5.36351e-06 4.41449e-06 3.62456e-06 2.96914e-06 2.42692e-06 1.97961e-06 1.61154e-06 1.30944e-06 1.06205e-06 8.59916e-07 6.95104e-07 5.60991e-07 4.52065e-07 3.63757e-07 2.92289e-07 2.34544e-07 1.87962e-07 1.50442e-07 1.20266e-07 9.60291e-08 7.65899e-08 6.10186e-08 4.85614e-08 3.86076e-08 3.06633e-08 2.43301e-08 1.92868e-08 1.52749e-08 1.20868e-08 9.55584e-09 7.54849e-09 5.95794e-09 4.69878e-09 3.70285e-09 2.91581e-09 2.29436e-09 1.80405e-09 1.41753e-09 1.11306e-09 8.73394e-10 6.84887e-10 5.36722e-10 4.20347e-10 3.29003e-10 2.57355e-10 2.01191e-10 1.57194e-10 1.2275e-10 9.57998e-11 7.47265e-11 5.82579e-11 4.53952e-11 3.53544e-11 2.75208e-11 2.14124e-11 1.66518e-11 1.29436e-11 1.00565e-11 7.80977e-12 6.06231e-12 4.70378e-12 3.64812e-12 2.82818e-12 2.19162e-12 1.69764e-12 1.31447e-12 1.01738e-12 7.87132e-13 6.08759e-13 4.7063e-13 3.63708e-13 2.80975e-13 2.16983e-13 1.67506e-13 1.29266e-13 9.97216e-14 7.69037e-14 5.9287e-14
0.000122362 7.94816e-05 7.97931e-05 7.76226e-05 7.3719e-05 6.86893e-05 6.30122e-05 5.70543e-05 5.10873e-05 4.5305e-05 3.98386e-05 3.47699e-05 3.01432e-05 2.59745e-05 2.22598e-05 1.89809e-05 1.61108e-05 1.36167e-05 1.14637e-05 9.61587e-06 8.03849e-06 6.69848e-06 5.56518e-06 4.61063e-06 3.80969e-06 3.14e-06 2.5819e-06 2.11821e-06 1.73408e-06 1.41671e-06 1.15518e-06 9.40184e-07 7.63841e-07 6.19518e-07 5.01644e-07 4.05562e-07 3.2739e-07 2.63904e-07 2.12431e-07 1.70769e-07 1.371e-07 1.09931e-07 8.80396e-08 7.04252e-08 5.62713e-08 4.49128e-08 3.5809e-08 2.85211e-08 2.26938e-08 1.80396e-08 1.43264e-08 1.13671e-08 9.01103e-09 7.13713e-09 5.64815e-09 4.46614e-09 3.52867e-09 2.78581e-09 2.19766e-09 1.7324e-09 1.36465e-09 1.0742e-09 8.44989e-10 6.64237e-10 5.21806e-10 4.09652e-10 3.21401e-10 2.52006e-10 1.97475e-10 1.54652e-10 1.21046e-10 9.46885e-11 7.40291e-11 5.78458e-11 4.51761e-11 3.5263e-11 2.7511e-11 2.14523e-11 1.67197e-11 1.30248e-11 1.01416e-11 7.89294e-12 6.14005e-12 4.77429e-12 3.71068e-12 2.88276e-12 2.23861e-12 1.73766e-12 1.34825e-12 1.04568e-12 8.10691e-13 6.28261e-13 4.86693e-13 3.76882e-13 2.91737e-13 2.25745e-13 1.74617e-13 1.3502e-13 1.04365e-13 8.06423e-14 6.22904e-14
8.91277e-05 5.97532e-05 6.06828e-05 5.96184e-05 5.71183e-05 5.36455e-05 4.95729e-05 4.51924e-05 4.07259e-05 3.63359e-05 3.21365e-05 2.82029e-05 2.45798e-05 2.12888e-05 1.83342e-05 1.57083e-05 1.33947e-05 1.13721e-05 9.61587e-06 8.10034e-06 6.79976e-06 5.68929e-06 4.74554e-06 3.9469e-06 3.2737e-06 2.70833e-06 2.23513e-06 1.84033e-06 1.51193e-06 1.23953e-06 1.01417e-06 8.28202e-07 6.75099e-07 5.49335e-07 4.46251e-07 3.61927e-07 2.93083e-07 2.3698e-07 1.91343e-07 1.54281e-07 1.24232e-07 9.99065e-08 8.02445e-08 6.43746e-08 5.15832e-08 4.1287e-08 3.30098e-08 2.63641e-08 2.10348e-08 1.6766e-08 1.33506e-08 1.06209e-08 8.4416e-09 6.7035e-09 5.31866e-09 4.21634e-09 3.33974e-09 2.64326e-09 2.0904e-09 1.65191e-09 1.30443e-09 1.02929e-09 8.1161e-10 6.39522e-10 5.03581e-10 3.96274e-10 3.1163e-10 2.44911e-10 1.92357e-10 1.50988e-10 1.18446e-10 9.28632e-11 7.27645e-11 5.69839e-11 4.46011e-11 3.48904e-11 2.72796e-11 2.13179e-11 1.66506e-11 1.29987e-11 1.01427e-11 7.91047e-12 6.16659e-12 4.80492e-12 3.74222e-12 2.91325e-12 2.26691e-12 1.76321e-12 1.37084e-12 1.06534e-12 8.27587e-13 6.4263e-13 4.9881e-13 3.87025e-13 3.00175e-13 2.32727e-13 1.80366e-13 1.39734e-13 1.08216e-13 8.37774e-14 6.48349e-14
6.492e-05 4.48781e-05 4.60954e-05 4.57276e-05 4.41872e-05 4.18241e-05 3.89261e-05 3.57234e-05 3.23947e-05 2.90743e-05 2.58595e-05 2.28167e-05 1.99886e-05 1.73987e-05 1.50562e-05 1.29599e-05 1.11011e-05 9.46617e-06 8.03849e-06 6.79976e-06 5.73119e-06 4.81427e-06 4.03126e-06 3.36556e-06 2.80192e-06 2.32649e-06 1.92688e-06 1.59211e-06 1.31253e-06 1.07971e-06 8.86363e-07 7.26212e-07 5.93882e-07 4.84792e-07 3.95059e-07 3.21403e-07 2.61064e-07 2.11728e-07 1.71464e-07 1.38659e-07 1.11978e-07 9.03107e-08 7.27433e-08 5.85208e-08 4.70228e-08 3.77402e-08 3.02561e-08 2.42298e-08 1.93834e-08 1.54904e-08 1.2367e-08 9.86388e-09 7.85999e-09 6.25747e-09 4.97725e-09 3.95552e-09 3.14087e-09 2.49195e-09 1.97552e-09 1.56488e-09 1.23865e-09 9.79703e-10 7.74324e-10 6.11563e-10 4.82678e-10 3.80696e-10 3.00062e-10 2.36352e-10 1.86051e-10 1.46364e-10 1.15072e-10 9.04161e-11 7.10015e-11 5.57236e-11 4.37086e-11 3.42653e-11 2.68477e-11 2.10246e-11 1.64559e-11 1.28735e-11 1.00658e-11 7.86664e-12 6.14495e-12 4.79779e-12 3.74421e-12 2.92065e-12 2.27721e-12 1.77473e-12 1.38253e-12 1.07653e-12 8.3791e-13 6.51909e-13 5.06989e-13 3.94126e-13 3.06267e-13 2.379e-13 1.84724e-13 1.43379e-13 1.11247e-13 8.62839e-14 6.68982e-14
4.72873e-05 3.36754e-05 3.4976e-05 3.50282e-05 3.41337e-05 3.25548e-05 3.05116e-05 2.81841e-05 2.57147e-05 2.3213e-05 2.07602e-05 1.84142e-05 1.62135e-05 1.41815e-05 1.23299e-05 1.06615e-05 9.17271e-06 7.85537e-06 6.69848e-06 5.68929e-06 4.81427e-06 4.05973e-06 3.41233e-06 2.85941e-06 2.38919e-06 1.99087e-06 1.65468e-06 1.3719e-06 1.13481e-06 9.36611e-07 7.71402e-07 6.34054e-07 5.20158e-07 4.25935e-07 3.48163e-07 2.84109e-07 2.31461e-07 1.88274e-07 1.52914e-07 1.24014e-07 1.00435e-07 8.12291e-08 6.56097e-08 5.29267e-08 4.26432e-08 3.4317e-08 2.75848e-08 2.21485e-08 1.77644e-08 1.42332e-08 1.13922e-08 9.10932e-09 7.27686e-09 5.80758e-09 4.63073e-09 3.68908e-09 2.93637e-09 2.33527e-09 1.85569e-09 1.47342e-09 1.16897e-09 9.26727e-10 7.34132e-10 5.81139e-10 4.59701e-10 3.63386e-10 2.87054e-10 2.26605e-10 1.78769e-10 1.40941e-10 1.11048e-10 8.74414e-11 6.88117e-11 5.41193e-11 4.25393e-11 3.34182e-11 2.62382e-11 2.05897e-11 1.61485e-11 1.26586e-11 9.91786e-12 7.76657e-12 6.07889e-12 4.75563e-12 3.71863e-12 2.90638e-12 2.2705e-12 1.77294e-12 1.38379e-12 1.07958e-12 8.41883e-13 6.56241e-13 5.1132e-13 3.98238e-13 3.10039e-13 2.41277e-13 1.87692e-13 1.4595e-13 1.13448e-13 8.81513e-14 6.84696e-14
3.44438e-05 2.52474e-05 2.65114e-05 2.67997e-05 2.63313e-05 2.5301e-05 2.38761e-05 2.21958e-05 2.03727e-05 1.84951e-05 1.66302e-05 1.48271e-05 1.31198e-05 1.15303e-05 1.0071e-05 8.74706e-06 7.5581e-06 6.4998e-06 5.56518e-06 4.74554e-06 4.03126e-06 3.41233e-06 2.87881e-06 2.4211e-06 2.03015e-06 1.69758e-06 1.41575e-06 1.17775e-06 9.77423e-07 8.09334e-07 6.68704e-07 5.51369e-07 4.53726e-07 3.72669e-07 3.05539e-07 2.50066e-07 2.04322e-07 1.66678e-07 1.3576e-07 1.10411e-07 8.9667e-08 7.27191e-08 5.88955e-08 4.76378e-08 3.84836e-08 3.10508e-08 2.50241e-08 2.01441e-08 1.61978e-08 1.30106e-08 1.04396e-08 8.36821e-09 6.70117e-09 5.36107e-09 4.28496e-09 3.42174e-09 2.72999e-09 2.17621e-09 1.7333e-09 1.3794e-09 1.09687e-09 8.71533e-10 6.91956e-10 5.4897e-10 4.35212e-10 3.44781e-10 2.7295e-10 2.15936e-10 1.70717e-10 1.34879e-10 1.06496e-10 8.40325e-11 6.62668e-11 5.22255e-11 4.1135e-11 3.23809e-11 2.54754e-11 2.00313e-11 1.5742e-11 1.23645e-11 9.70654e-12 7.61601e-12 5.97268e-12 4.6816e-12 3.6678e-12 2.87215e-12 2.24804e-12 1.75872e-12 1.37528e-12 1.07495e-12 8.39834e-13 6.55857e-13 5.11962e-13 3.99469e-13 3.11564e-13 2.42904e-13 1.89298e-13 1.47463e-13 1.14829e-13 8.93826e-14 6.95487e-14
2.50886e-05 1.89134e-05 2.00755e-05 2.04807e-05 2.0286e-05 1.96351e-05 1.86541e-05 1.74499e-05 1.61109e-05 1.47075e-05 1.32945e-05 1.1913e-05 1.05924e-05 9.35256e-06 8.20572e-06 7.15809e-06 6.21127e-06 5.36351e-06 4.61063e-06 3.9469e-06 3.36556e-06 2.85941e-06 2.4211e-06 2.0434e-06 1.7194e-06 1.44265e-06 1.20717e-06 1.00753e-06 8.38863e-07 6.96809e-07 5.7753e-07 4.77659e-07 3.9426e-07 3.24793e-07 2.6707e-07 2.19215e-07 1.79627e-07 1.46947e-07 1.20022e-07 9.78808e-08 7.97067e-08 6.4815e-08 5.26332e-08 4.26843e-08 3.45715e-08 2.79658e-08 2.25951e-08 1.82345e-08 1.46988e-08 1.18356e-08 9.51995e-09 7.64942e-09 6.14022e-09 4.92394e-09 3.94481e-09 3.15744e-09 2.52493e-09 2.01734e-09 1.61041e-09 1.28448e-09 1.02367e-09 8.15168e-10 6.48625e-10 5.15712e-10 4.09729e-10 3.25288e-10 2.58065e-10 2.04592e-10 1.62087e-10 1.28327e-10 1.01532e-10 8.02801e-11 6.34366e-11 5.00961e-11 3.95371e-11 3.11852e-11 2.45833e-11 1.93679e-11 1.52505e-11 1.20017e-11 9.43997e-12 7.42108e-12 5.83093e-12 4.57916e-12 3.59431e-12 2.81989e-12 2.21124e-12 1.73314e-12 1.35778e-12 1.06322e-12 8.32181e-13 6.51058e-13 5.09133e-13 3.97974e-13 3.10952e-13 2.42856e-13 1.89595e-13 1.47954e-13 1.15412e-13 8.99928e-14 7.01446e-14
1.82744e-05 1.41576e-05 1.5188e-05 1.56346e-05 1.56094e-05 1.52172e-05 1.45524e-05 1.36967e-05 1.27186e-05 1.16741e-05 1.06073e-05 9.55213e-06 8.53363e-06 7.56926e-06 6.67045e-06 5.8437e-06 5.09175e-06 4.41449e-06 3.80969e-06 3.2737e-06 2.80192e-06 2.38919e-06 2.03015e-06 1.7194e-06 1.45171e-06 1.22212e-06 1.02599e-06 8.59077e-07 7.17524e-07 5.97873e-07 4.97047e-07 4.12332e-07 3.41349e-07 2.82027e-07 2.32573e-07 1.91441e-07 1.57309e-07 1.29045e-07 1.05688e-07 8.64232e-08 7.0564e-08 5.75313e-08 4.68399e-08 3.80837e-08 3.09237e-08 2.50779e-08 2.03122e-08 1.64325e-08 1.32784e-08 1.07177e-08 8.64136e-09 6.95988e-09 5.5998e-09 4.50099e-09 3.61425e-09 2.89945e-09 2.32386e-09 1.86085e-09 1.48878e-09 1.19008e-09 9.50512e-10 7.58548e-10 6.04868e-10 4.81947e-10 3.83712e-10 3.05273e-10 2.42691e-10 1.928e-10 1.53059e-10 1.21426e-10 9.62662e-11 7.62695e-11 6.03877e-11 4.77829e-11 3.77857e-11 2.9862e-11 2.35859e-11 1.8618e-11 1.46881e-11 1.15812e-11 9.12643e-12 7.18809e-12 5.65843e-12 4.45195e-12 3.50092e-12 2.75166e-12 2.16169e-12 1.69738e-12 1.33216e-12 1.04503e-12 8.19405e-13 6.42201e-13 5.03094e-13 3.93944e-13 3.08341e-13 2.41235e-13 1.88655e-13 1.47474e-13 1.15235e-13 9.00073e-14 7.02747e-14
1.33109e-05 1.059e-05 1.14802e-05 1.1923e-05 1.19969e-05 1.17781e-05 1.13366e-05 1.07343e-05 1.00242e-05 9.25019e-06 8.44767e-06 7.64436e-06 6.86113e-06 6.1131e-06 5.41054e-06 4.75982e-06 4.1642e-06 3.62456e-06 3.14e-06 2.70833e-06 2.32649e-06 1.99087e-06 1.69758e-06 1.44265e-06 1.22212e-06 1.03221e-06 8.69346e-07 7.30215e-07 6.11788e-07 5.11324e-07 4.2637e-07 3.54746e-07 2.94531e-07 2.44043e-07 2.01817e-07 1.66588e-07 1.37263e-07 1.12906e-07 9.27172e-08 7.60173e-08 6.22295e-08 5.0867e-08 4.15197e-08 3.3843e-08 2.75488e-08 2.2396e-08 1.81842e-08 1.47464e-08 1.19444e-08 9.66376e-09 7.80983e-09 6.30473e-09 5.08433e-09 4.09596e-09 3.29643e-09 2.65039e-09 2.12894e-09 1.70851e-09 1.36987e-09 1.09739e-09 8.78358e-10 7.02454e-10 5.61318e-10 4.48181e-10 3.57569e-10 2.85059e-10 2.27083e-10 1.80767e-10 1.43794e-10 1.14304e-10 9.07997e-11 7.20801e-11 5.71823e-11 4.53344e-11 3.59187e-11 2.84409e-11 2.25062e-11 1.77993e-11 1.40686e-11 1.11135e-11 8.7741e-12 6.92334e-12 5.46001e-12 4.30367e-12 3.39045e-12 2.66963e-12 2.101e-12 1.65266e-12 1.29936e-12 1.02109e-12 8.02038e-13 6.29684e-13 4.94142e-13 3.876e-13 3.03895e-13 2.38162e-13 1.86567e-13 1.46088e-13 1.14343e-13 8.94599e-14 6.99633e-14
9.69559e-06 7.91595e-06 8.67033e-06 9.08356e-06 9.21021e-06 9.10501e-06 8.81956e-06 8.40047e-06 7.88835e-06 7.3175e-06 6.71605e-06 6.10642e-06 5.50587e-06 4.92721e-06 4.37949e-06 3.86862e-06 3.39803e-06 2.96914e-06 2.5819e-06 2.23513e-06 1.92688e-06 1.65468e-06 1.41575e-06 1.20717e-06 1.02599e-06 8.69346e-07 7.3449e-07 6.18853e-07 5.20066e-07 4.35966e-07 3.64603e-07 3.04234e-07 2.53314e-07 2.10481e-07 1.74545e-07 1.4447e-07 1.19359e-07 9.84403e-08 8.10505e-08 6.66242e-08 5.46798e-08 4.48089e-08 3.66662e-08 2.99608e-08 2.44482e-08 1.99234e-08 1.62153e-08 1.31809e-08 1.07014e-08 8.67811e-09 7.02937e-09 5.68758e-09 4.59697e-09 3.7116e-09 2.9937e-09 2.41226e-09 1.94188e-09 1.56174e-09 1.25487e-09 1.00739e-09 8.08012e-10 6.47541e-10 5.18507e-10 4.14847e-10 3.31647e-10 2.64927e-10 2.11469e-10 1.68672e-10 1.34438e-10 1.07076e-10 8.52233e-11 6.77841e-11 5.38773e-11 4.27956e-11 3.39713e-11 2.69495e-11 2.13659e-11 1.69288e-11 1.34052e-11 1.06088e-11 8.39094e-12 6.63299e-12 5.24043e-12 4.13798e-12 3.26571e-12 2.57595e-12 2.03083e-12 1.60026e-12 1.26034e-12 9.92142e-13 7.80637e-13 6.13929e-13 4.82596e-13 3.79183e-13 2.97795e-13 2.33772e-13 1.83433e-13 1.43871e-13 1.12793e-13 8.83918e-14 6.92406e-14
7.0622e-06 5.91325e-06 6.54301e-06 6.91393e-06 7.0634e-06 7.03037e-06 6.85261e-06 6.56498e-06 6.19843e-06 5.77955e-06 5.33056e-06 4.86942e-06 4.41027e-06 3.96385e-06 3.53793e-06 3.13787e-06 2.76696e-06 2.42692e-06 2.11821e-06 1.84033e-06 1.59211e-06 1.3719e-06 1.17775e-06 1.00753e-06 8.59077e-07 7.30215e-07 6.18853e-07 5.23009e-07 4.40836e-07 3.70634e-07 3.10862e-07 2.60129e-07 2.17198e-07 1.8097e-07 1.50481e-07 1.24887e-07 1.03453e-07 8.55442e-08 7.06142e-08 5.81932e-08 4.78804e-08 3.93344e-08 3.22655e-08 2.64289e-08 2.16178e-08 1.76587e-08 1.44058e-08 1.17372e-08 9.5512e-09 7.76303e-09 6.30232e-09 5.1107e-09 4.13984e-09 3.34983e-09 2.70777e-09 2.18656e-09 1.76394e-09 1.42163e-09 1.14468e-09 9.20845e-10 7.40117e-10 5.94342e-10 4.76874e-10 3.82305e-10 3.06242e-10 2.45117e-10 1.96041e-10 1.56671e-10 1.25115e-10 9.98421e-11 7.96176e-11 6.34455e-11 5.05239e-11 4.02069e-11 3.19757e-11 2.54133e-11 2.01849e-11 1.60222e-11 1.27103e-11 1.00769e-11 7.98449e-12 6.3229e-12 5.00427e-12 3.95843e-12 3.12946e-12 2.47276e-12 1.95284e-12 1.54144e-12 1.21609e-12 9.58927e-13 7.55775e-13 5.95373e-13 4.6879e-13 3.68946e-13 2.90234e-13 2.2821e-13 1.7936e-13 1.40905e-13 1.10647e-13 8.6849e-14 6.81409e-14
5.14406e-06 4.41448e-06 4.9339e-06 5.25786e-06 5.41155e-06 5.4224e-06 5.31785e-06 5.1238e-06 4.8637e-06 4.55804e-06 4.22423e-06 3.87658e-06 3.52658e-06 3.18309e-06 2.85273e-06 2.5402e-06 2.24856e-06 1.97961e-06 1.73408e-06 1.51193e-06 1.31253e-06 1.13481e-06 9.77423e-07 8.38863e-07 7.17524e-07 6.11788e-07 5.20066e-07 4.40836e-07 3.72665e-07 3.14224e-07 2.64297e-07 2.21783e-07 1.8569e-07 1.55137e-07 1.29345e-07 1.07629e-07 8.93884e-08 7.41042e-08 6.13256e-08 5.06649e-08 4.17891e-08 3.44141e-08 2.82976e-08 2.32339e-08 1.90493e-08 1.55969e-08 1.27531e-08 1.04144e-08 8.49389e-09 6.91911e-09 5.62964e-09 4.57521e-09 3.71412e-09 3.01182e-09 2.43974e-09 1.97428e-09 1.59602e-09 1.28898e-09 1.04001e-09 8.38344e-10 6.75173e-10 5.43278e-10 4.36771e-10 3.50847e-10 2.81593e-10 2.25827e-10 1.80962e-10 1.44898e-10 1.15933e-10 9.26897e-11 7.40526e-11 5.91209e-11 4.71671e-11 3.76046e-11 2.99607e-11 2.3855e-11 1.89813e-11 1.50938e-11 1.19951e-11 9.52671e-12 7.56178e-12 5.99861e-12 4.75584e-12 3.76841e-12 2.98433e-12 2.36211e-12 1.86861e-12 1.47744e-12 1.16755e-12 9.22186e-13 7.28021e-13 5.74453e-13 4.53059e-13 3.57147e-13 2.81407e-13 2.21626e-13 1.74465e-13 1.37278e-13 1.0797e-13 8.48816e-14 6.67018e-14
3.7469e-06 3.29364e-06 3.71783e-06 3.99509e-06 4.14203e-06 4.17776e-06 4.12204e-06 3.99399e-06 3.81127e-06 3.58959e-06 3.34249e-06 3.08132e-06 2.81531e-06 2.55173e-06 2.29613e-06 2.05256e-06 1.82379e-06 1.61154e-06 1.41671e-06 1.23953e-06 1.07971e-06 9.36611e-07 8.09334e-07 6.96809e-07 5.97873e-07 5.11324e-07 4.35966e-07 3.70634e-07 3.14224e-07 2.657e-07 2.24108e-07 1.88575e-07 1.58313e-07 1.32618e-07 1.1086e-07 9.24863e-08 7.70087e-08 6.40022e-08 5.30975e-08 4.39749e-08 3.63592e-08 3.00143e-08 2.47383e-08 2.03592e-08 1.6731e-08 1.37301e-08 1.12522e-08 9.20931e-09 7.52771e-09 6.14554e-09 5.01111e-09 4.08132e-09 3.32026e-09 2.69813e-09 2.19021e-09 1.77604e-09 1.43872e-09 1.1643e-09 9.41316e-10 7.60313e-10 6.13548e-10 4.94666e-10 3.98467e-10 3.20701e-10 2.57894e-10 2.07217e-10 1.66364e-10 1.3346e-10 1.06982e-10 8.56917e-11 6.8588e-11 5.48584e-11 4.3846e-11 3.502e-11 2.79515e-11 2.22949e-11 1.77714e-11 1.41565e-11 1.12699e-11 8.9663e-12 7.12924e-12 5.66518e-12 4.49915e-12 3.57105e-12 2.83281e-12 2.24593e-12 1.77967e-12 1.40944e-12 1.11565e-12 8.82634e-13 6.97931e-13 5.51602e-13 4.35737e-13 3.44042e-13 2.71513e-13 2.14173e-13 1.68864e-13 1.33079e-13 1.0483e-13 8.25414e-14 6.4963e-14
2.72921e-06 2.456e-06 2.79956e-06 3.03315e-06 3.16744e-06 3.21555e-06 3.1916e-06 3.10959e-06 2.98276e-06 2.82307e-06 2.64101e-06 2.44552e-06 2.24396e-06 2.04224e-06 1.84498e-06 1.6556e-06 1.47655e-06 1.30944e-06 1.15518e-06 1.01417e-06 8.86363e-07 7.71402e-07 6.68704e-07 5.7753e-07 4.97047e-07 4.2637e-07 3.64603e-07 3.10862e-07 2.64297e-07 2.24108e-07 1.89545e-07 1.59923e-07 1.34617e-07 1.13064e-07 9.47587e-08 7.92548e-08 6.61573e-08 5.512e-08 4.58406e-08 3.80566e-08 3.1541e-08 2.60983e-08 2.15608e-08 1.77851e-08 1.46489e-08 1.20486e-08 9.89615e-09 8.11735e-09 6.64963e-09 5.44042e-09 4.44565e-09 3.62845e-09 2.95804e-09 2.40878e-09 1.95936e-09 1.59209e-09 1.29232e-09 1.04793e-09 8.48913e-10 6.87031e-10 5.55497e-10 4.48732e-10 3.62163e-10 2.92038e-10 2.3529e-10 1.8941e-10 1.52352e-10 1.22446e-10 9.83332e-11 7.89083e-11 6.32731e-11 5.06986e-11 4.05937e-11 3.24799e-11 2.59699e-11 2.07506e-11 1.65692e-11 1.32218e-11 1.05438e-11 8.40296e-12 6.69266e-12 5.32723e-12 4.23785e-12 3.36927e-12 2.67716e-12 2.12603e-12 1.68741e-12 1.33856e-12 1.06125e-12 8.40953e-13 6.66037e-13 5.27233e-13 4.17146e-13 3.29882e-13 2.60746e-13 2.06e-13 1.62672e-13 1.28397e-13 1.01298e-13 7.98815e-14 6.29651e-14
1.98794e-06 1.8304e-06 2.10671e-06 2.30105e-06 2.42004e-06 2.47255e-06 2.46855e-06 2.41826e-06 2.3315e-06 2.21735e-06 2.0839e-06 1.93812e-06 1.78587e-06 1.63192e-06 1.48006e-06 1.33316e-06 1.19334e-06 1.06205e-06 9.40184e-07 8.28202e-07 7.26212e-07 6.34054e-07 5.51369e-07 4.77659e-07 4.12332e-07 3.54746e-07 3.04234e-07 2.60129e-07 2.21783e-07 1.88575e-07 1.59923e-07 1.3529e-07 1.1418e-07 9.61464e-08 8.07852e-08 6.77371e-08 5.66829e-08 4.73415e-08 3.94665e-08 3.28428e-08 2.72838e-08 2.26282e-08 1.87369e-08 1.54907e-08 1.27878e-08 1.05411e-08 8.677e-09 7.13279e-09 5.85565e-09 4.80102e-09 3.93143e-09 3.21544e-09 2.62676e-09 2.14339e-09 1.74702e-09 1.42241e-09 1.15689e-09 9.3996e-10 7.62942e-10 6.18653e-10 5.01173e-10 4.05623e-10 3.27991e-10 2.6498e-10 2.13888e-10 1.725e-10 1.39005e-10 1.11923e-10 9.00453e-11 7.23875e-11 5.81479e-11 4.66745e-11 3.74375e-11 3.00069e-11 2.40343e-11 1.92371e-11 1.5387e-11 1.22993e-11 9.82476e-12 7.84308e-12 6.25717e-12 4.98886e-12 3.97522e-12 3.16565e-12 2.51948e-12 2.00405e-12 1.59316e-12 1.26582e-12 1.00518e-12 7.97781e-13 6.3284e-13 5.0174e-13 3.97595e-13 3.14908e-13 2.49294e-13 1.97255e-13 1.56003e-13 1.23321e-13 9.74393e-14 7.69544e-14 6.07486e-14
1.448e-06 1.36346e-06 1.58433e-06 1.74437e-06 1.84745e-06 1.89946e-06 1.90738e-06 1.87856e-06 1.8203e-06 1.73944e-06 1.64215e-06 1.53389e-06 1.41925e-06 1.30209e-06 1.18547e-06 1.07179e-06 9.62844e-07 8.59916e-07 7.63841e-07 6.75099e-07 5.93882e-07 5.20158e-07 4.53726e-07 3.9426e-07 3.41349e-07 2.94531e-07 2.53314e-07 2.17198e-07 1.8569e-07 1.58313e-07 1.34617e-07 1.1418e-07 9.66131e-08 8.15605e-08 6.87014e-08 5.77472e-08 4.8441e-08 4.05552e-08 3.38892e-08 2.82677e-08 2.35374e-08 1.95656e-08 1.62376e-08 1.34544e-08 1.11313e-08 9.19574e-09 7.58589e-09 6.24919e-09 5.14112e-09 4.22401e-09 3.4661e-09 2.84069e-09 2.32533e-09 1.90126e-09 1.55276e-09 1.26675e-09 1.0323e-09 8.40367e-10 6.8342e-10 5.55231e-10 4.50647e-10 3.65416e-10 2.9603e-10 2.39602e-10 1.93759e-10 1.56551e-10 1.26381e-10 1.01941e-10 8.21607e-11 6.6166e-11 5.32437e-11 4.28125e-11 3.43993e-11 2.76192e-11 2.21596e-11 1.77667e-11 1.42349e-11 1.13975e-11 9.11954e-12 7.29215e-12 5.82721e-12 4.65365e-12 3.71414e-12 2.96252e-12 2.36159e-12 1.88146e-12 1.49808e-12 1.19215e-12 9.48167e-13 7.53706e-13 5.98805e-13 4.75488e-13 3.7737e-13 2.99345e-13 2.37334e-13 1.88075e-13 1.48967e-13 1.17934e-13 9.33218e-14 7.38115e-14 5.83533e-14
