0.674418 0.059024 0.0303943 0.0166802 0.00951462 0.00553308 0.003237 0.00188937 0.00109515 0.000628967 0.000357637 0.000201344 0.000112289 6.20791e-05 3.40495e-05 1.85428e-05 1.00338e-05 5.39853e-06 2.88987e-06 1.53997e-06 8.17311e-07 4.32205e-07 2.27815e-07 1.1973e-07 6.27592e-08 3.28163e-08 1.71182e-08 8.90386e-09 4.60723e-09 2.34953e-09 1.21775e-09
0.059024 0.0086359 0.00450655 0.0023936 0.00126908 0.000666686 0.000346416 0.000178157 9.08184e-05 4.59627e-05 2.31284e-05 1.15863e-05 5.78454e-06 2.8806e-06 1.4318e-06 7.10723e-07 3.52465e-07 1.7469e-07 8.65493e-08 4.28727e-08 2.12363e-08 1.05197e-08 5.21169e-09 2.58236e-09 1.27963e-09 6.33905e-10 3.13498e-10 1.54015e-10 7.38374e-11 3.22614e-11 1.60134e-11
0.0303943 0.00450655 0.00222151 0.00112691 0.00057727 0.000295715 0.000150848 7.65257e-05 3.86106e-05 1.93873e-05 9.69606e-06 4.8339e-06 2.40405e-06 1.19345e-06 5.91698e-07 2.93097e-07 1.45104e-07 7.18139e-08 3.55373e-08 1.75861e-08 8.7037e-09 4.30843e-09 2.13317e-09 1.05632e-09 5.22979e-10 2.58557e-10 1.27093e-10 6.117e-11 2.72518e-11 1.34043e-11 6.65575e-12
0.0166802 0.0023936 0.00112691 0.000548639 0.000271814 0.000135667 6.78382e-05 3.38918e-05 1.68989e-05 8.40733e-06 4.17418e-06 2.06893e-06 1.02412e-06 5.06467e-07 2.50312e-07 1.23669e-07 6.10922e-08 3.01805e-08 1.4912e-08 7.36978e-09 3.6434e-09 1.80177e-09 8.91266e-10 4.40854e-10 2.17812e-10 1.07077e-10 5.16889e-11 2.33807e-11 1.15289e-11 5.67102e-12 2.81651e-12
0.00951462 0.00126908 0.00057727 0.000271814 0.000130799 6.37342e-05 3.12605e-05 1.53802e-05 7.57601e-06 3.73276e-06 1.83892e-06 9.05744e-07 4.46049e-07 2.19658e-07 1.08183e-07 5.32934e-08 2.62623e-08 1.29471e-08 6.38583e-09 3.15123e-09 1.55582e-09 7.68466e-10 3.79621e-10 1.87371e-10 9.20894e-11 4.45586e-11 2.04179e-11 1.00631e-11 4.9625e-12 2.44102e-12 1.21245e-12
0.00553308 0.000666686 0.000295715 0.000135667 6.37342e-05 3.04155e-05 1.46608e-05 7.11073e-06 3.46208e-06 1.68971e-06 8.26019e-07 4.04278e-07 1.98056e-07 9.71117e-08 4.76553e-08 2.34047e-08 1.15039e-08 5.65891e-09 2.78587e-09 1.3725e-09 6.7662e-10 3.33685e-10 1.64474e-10 8.07858e-11 3.91585e-11 1.81423e-11 8.93135e-12 4.40212e-12 2.17084e-12 1.06774e-12 5.3033e-13
0.003237 0.000346416 0.000150848 6.78382e-05 3.12605e-05 1.46608e-05 6.96102e-06 3.33348e-06 1.60586e-06 7.76881e-07 3.77017e-07 1.83408e-07 8.93989e-08 4.36494e-08 2.13438e-08 1.04509e-08 5.12364e-09 2.51483e-09 1.23567e-09 6.07723e-10 2.99081e-10 1.47161e-10 7.22087e-11 3.50415e-11 1.63836e-11 8.05521e-12 3.9656e-12 1.95451e-12 9.63748e-13 4.73965e-13 2.35377e-13
0.00188937 0.000178157 7.65257e-05 3.38918e-05 1.53802e-05 7.11073e-06 3.33348e-06 1.57882e-06 7.53458e-07 3.61629e-07 1.74331e-07 8.43336e-08 4.09137e-08 1.98969e-08 9.69645e-09 4.73417e-09 2.31524e-09 1.13395e-09 5.56103e-10 2.72988e-10 1.34036e-10 6.56748e-11 3.18869e-11 1.50172e-11 7.37338e-12 3.62514e-12 1.78454e-12 8.79429e-13 4.33566e-13 2.13186e-13 1.05845e-13
0.00109515 9.08184e-05 3.86106e-05 1.68989e-05 7.57601e-06 3.46208e-06 1.60586e-06 7.53458e-07 3.56656e-07 1.6999e-07 8.14619e-08 3.92094e-08 1.89407e-08 9.17762e-09 4.45865e-09 2.17106e-09 1.05928e-09 5.17739e-10 2.53402e-10 1.24104e-10 6.06955e-11 2.94649e-11 1.39524e-11 6.84061e-12 3.35853e-12 1.65106e-12 8.12641e-13 4.00395e-13 1.97353e-13 9.70173e-14 4.81532e-14
0.000628967 4.59627e-05 1.93873e-05 8.40733e-06 3.73276e-06 1.68971e-06 7.76881e-07 3.61629e-07 1.6999e-07 8.05316e-08 3.83914e-08 1.83963e-08 8.85267e-09 4.27544e-09 2.07122e-09 1.00607e-09 4.89803e-10 2.38904e-10 1.16657e-10 5.69216e-11 2.76104e-11 1.31238e-11 6.42397e-12 3.14926e-12 1.54598e-12 7.59876e-13 3.73925e-13 1.8419e-13 9.0761e-14 4.46057e-14 2.2131e-14
0.000357637 2.31284e-05 9.69606e-06 4.17418e-06 1.83892e-06 8.26019e-07 3.77017e-07 1.74331e-07 8.14619e-08 3.83914e-08 1.82195e-08 8.6962e-09 4.17067e-09 2.00837e-09 9.70472e-10 4.70332e-10 2.28497e-10 1.11191e-10 5.4104e-11 2.6205e-11 1.24838e-11 6.09956e-12 2.98528e-12 1.46325e-12 7.1817e-13 3.52909e-13 1.73616e-13 8.54947e-14 4.21148e-14 2.0692e-14 1.0262e-14
0.000201344 1.15863e-05 4.8339e-06 2.06893e-06 9.05744e-07 4.04278e-07 1.83408e-07 8.43336e-08 3.92094e-08 1.83963e-08 8.6962e-09 4.13658e-09 1.97801e-09 9.50033e-10 4.58014e-10 2.21496e-10 1.07358e-10 5.20667e-11 2.51642e-11 1.1998e-11 5.85004e-12 2.85784e-12 1.39842e-12 6.85287e-13 3.36257e-13 1.65191e-13 8.12414e-14 3.99929e-14 1.96938e-14 9.67306e-15 4.79509e-15
0.000112289 5.78454e-06 2.40405e-06 1.02412e-06 4.46049e-07 1.98056e-07 8.93989e-08 4.09137e-08 1.89407e-08 8.85267e-09 4.17067e-09 1.97801e-09 9.43368e-10 4.52046e-10 2.17461e-10 1.04921e-10 5.06888e-11 2.44289e-11 1.16421e-11 5.66294e-12 2.76059e-12 1.34828e-12 6.59587e-13 3.23137e-13 1.5851e-13 7.78457e-14 3.82719e-14 1.88335e-14 9.27084e-15 4.55217e-15 2.25552e-15
6.20791e-05 2.8806e-06 1.19345e-06 5.06467e-07 2.19658e-07 9.71117e-08 4.36494e-08 1.98969e-08 9.17762e-09 4.27544e-09 2.00837e-09 9.50033e-10 4.52046e-10 2.16142e-10 1.03737e-10 4.98916e-11 2.39591e-11 1.13989e-11 5.52943e-12 2.689e-12 1.31051e-12 6.39879e-13 3.12941e-13 1.53265e-13 7.51574e-14 3.68978e-14 1.81339e-14 8.92033e-15 4.38942e-15 2.15461e-15 1.06707e-15
3.40495e-05 1.4318e-06 5.91698e-07 2.50312e-07 1.08183e-07 4.76553e-08 2.13438e-08 9.69645e-09 4.45865e-09 2.07122e-09 9.70472e-10 4.58014e-10 2.17461e-10 1.03737e-10 4.96306e-11 2.37301e-11 1.12571e-11 5.44351e-12 2.6399e-12 1.28344e-12 6.25313e-13 3.05226e-13 1.49226e-13 7.30599e-14 3.58145e-14 1.75765e-14 8.63501e-15 4.24608e-15 2.08858e-15 1.02488e-15 5.07329e-16
1.85428e-05 7.10723e-07 2.93097e-07 1.23669e-07 5.32934e-08 2.34047e-08 1.04509e-08 4.73417e-09 2.17106e-09 1.00607e-09 4.70332e-10 2.21496e-10 1.04921e-10 4.98916e-11 2.37301e-11 1.12106e-11 5.40144e-12 2.61123e-12 1.26598e-12 6.15292e-13 2.99681e-13 1.4623e-13 7.14678e-14 3.49778e-14 1.71402e-14 8.40873e-15 4.12951e-15 2.02983e-15 9.98065e-16 4.89604e-16 2.42246e-16
1.00338e-05 3.52465e-07 1.45104e-07 6.10922e-08 2.62623e-08 1.15039e-08 5.12364e-09 2.31524e-09 1.05928e-09 4.89803e-10 2.28497e-10 1.07358e-10 5.06888e-11 2.39591e-11 1.12571e-11 5.40144e-12 2.6018e-12 1.25742e-12 6.09427e-13 2.96094e-13 1.44164e-13 7.03205e-14 3.43557e-14 1.68083e-14 8.23355e-15 4.03777e-15 1.9822e-15 9.73965e-16 4.78721e-16 2.34766e-16 1.16104e-16
5.39853e-06 1.7469e-07 7.18139e-08 3.01805e-08 1.29471e-08 5.65891e-09 2.51483e-09 1.13395e-09 5.17739e-10 2.38904e-10 1.11191e-10 5.20667e-11 2.44289e-11 1.13989e-11 5.44351e-12 2.61123e-12 1.25742e-12 6.07496e-13 2.94332e-13 1.42953e-13 6.95767e-14 3.39257e-14 1.65686e-14 8.10311e-15 3.96786e-15 1.94514e-15 9.54542e-16 4.68845e-16 2.30362e-16 1.12936e-16 5.58277e-17
2.88987e-06 8.65493e-08 3.55373e-08 1.4912e-08 6.38583e-09 2.78587e-09 1.23567e-09 5.56103e-10 2.53402e-10 1.16657e-10 5.4104e-11 2.51642e-11 1.16421e-11 5.52943e-12 2.6399e-12 1.26598e-12 6.09427e-13 2.94332e-13 1.42554e-13 6.92109e-14 3.36733e-14 1.64131e-14 8.01286e-15 3.91735e-15 1.91751e-15 9.39666e-16 4.60957e-16 2.26327e-16 1.11164e-16 5.44829e-17 2.69208e-17
1.53997e-06 4.28727e-08 1.75861e-08 7.36978e-09 3.15123e-09 1.3725e-09 6.07723e-10 2.72988e-10 1.24104e-10 5.69216e-11 2.6205e-11 1.1998e-11 5.66294e-12 2.689e-12 1.28344e-12 6.15292e-13 2.96094e-13 1.42953e-13 6.92109e-14 3.359e-14 1.63365e-14 7.95983e-15 3.88455e-15 1.8984e-15 9.28915e-16 4.55047e-16 2.23145e-16 1.09524e-16 5.37762e-17 2.63489e-17 1.3014e-17
8.17311e-07 2.12363e-08 8.7037e-09 3.6434e-09 1.55582e-09 6.7662e-10 2.99081e-10 1.34036e-10 6.06955e-11 2.76104e-11 1.24838e-11 5.85004e-12 2.76059e-12 1.31051e-12 6.25313e-13 2.99681e-13 1.44164e-13 6.95767e-14 3.36733e-14 1.63365e-14 7.94233e-15 3.8684e-15 1.88717e-15 9.21936e-16 4.50957e-16 2.20833e-16 1.08254e-16 5.31152e-17 2.60708e-17 1.27706e-17 6.30494e-18
4.32205e-07 1.05197e-08 4.30843e-09 1.80177e-09 7.68466e-10 3.33685e-10 1.47161e-10 6.56748e-11 2.94649e-11 1.31238e-11 6.09956e-12 2.85784e-12 1.34828e-12 6.39879e-13 3.05226e-13 1.4623e-13 7.03205e-14 3.39257e-14 1.64131e-14 7.95983e-15 3.8684e-15 1.88346e-15 9.18501e-16 4.48556e-16 2.19332e-16 1.0737e-16 5.26159e-17 2.58075e-17 1.26632e-17 6.20135e-18 3.06048e-18
2.27815e-07 5.21169e-09 2.13317e-09 8.91266e-10 3.79621e-10 1.64474e-10 7.22087e-11 3.18869e-11 1.39524e-11 6.42397e-12 2.98528e-12 1.39842e-12 6.59587e-13 3.12941e-13 1.49226e-13 7.14678e-14 3.43557e-14 1.65686e-14 8.01286e-15 3.88455e-15 1.88717e-15 9.18501e-16 4.47765e-16 2.18594e-16 1.0685e-16 5.22892e-17 2.56157e-17 1.25602e-17 6.16115e-18 3.01644e-18 1.48812e-18
1.1973e-07 2.58236e-09 1.05632e-09 4.40854e-10 1.87371e-10 8.07858e-11 3.50415e-11 1.50172e-11 6.84061e-12 3.14926e-12 1.46325e-12 6.85287e-13 3.23137e-13 1.53265e-13 7.30599e-14 3.49778e-14 1.68083e-14 8.10311e-15 3.91735e-15 1.8984e-15 9.21936e-16 4.48556e-16 2.18594e-16 1.06679e-16 5.21285e-17 2.55019e-17 1.24891e-17 6.1219e-18 3.00209e-18 1.46944e-18 7.24668e-19
6.27592e-08 1.27963e-09 5.22979e-10 2.17812e-10 9.20894e-11 3.91585e-11 1.63836e-11 7.37338e-12 3.35853e-12 1.54598e-12 7.1817e-13 3.36257e-13 1.5851e-13 7.51574e-14 3.58145e-14 1.71402e-14 8.23355e-15 3.96786e-15 1.91751e-15 9.28915e-16 4.50957e-16 2.19332e-16 1.0685e-16 5.21285e-17 2.54643e-17 1.24536e-17 6.09704e-18 2.98777e-18 1.46474e-18 7.16784e-19 3.53368e-19
3.28163e-08 6.33905e-10 2.58557e-10 1.07077e-10 4.45586e-11 1.81423e-11 8.05521e-12 3.62514e-12 1.65106e-12 7.59876e-13 3.52909e-13 1.65191e-13 7.78457e-14 3.68978e-14 1.75765e-14 8.40873e-15 4.03777e-15 1.94514e-15 9.39666e-16 4.55047e-16 2.20833e-16 1.0737e-16 5.22892e-17 2.55019e-17 1.24536e-17 6.0887e-18 2.98004e-18 1.4599e-18 7.15515e-19 3.50065e-19 1.72523e-19
1.71182e-08 3.13498e-10 1.27093e-10 5.16889e-11 2.04179e-11 8.93135e-12 3.9656e-12 1.78454e-12 8.12641e-13 3.73925e-13 1.73616e-13 8.12414e-14 3.82719e-14 1.81339e-14 8.63501e-15 4.12951e-15 1.9822e-15 9.54542e-16 4.60957e-16 2.23145e-16 1.08254e-16 5.26159e-17 2.56157e-17 1.24891e-17 6.09704e-18 2.98004e-18 1.45812e-18 7.14126e-19 3.49908e-19 1.71155e-19 8.43237e-20
8.90386e-09 1.54015e-10 6.117e-11 2.33807e-11 1.00631e-11 4.40212e-12 1.95451e-12 8.79429e-13 4.00395e-13 1.8419e-13 8.54947e-14 3.99929e-14 1.88335e-14 8.92033e-15 4.24608e-15 2.02983e-15 9.73965e-16 4.68845e-16 2.26327e-16 1.09524e-16 5.31152e-17 2.58075e-17 1.25602e-17 6.1219e-18 2.98777e-18 1.4599e-18 7.14126e-19 3.49654e-19 1.7128e-19 8.37627e-20 4.12551e-20
4.60723e-09 7.38374e-11 2.72518e-11 1.15289e-11 4.9625e-12 2.17084e-12 9.63748e-13 4.33566e-13 1.97353e-13 9.0761e-14 4.21148e-14 1.96938e-14 9.27084e-15 4.38942e-15 2.08858e-15 9.98065e-16 4.78721e-16 2.30362e-16 1.11164e-16 5.37762e-17 2.60708e-17 1.26632e-17 6.16115e-18 3.00209e-18 1.46474e-18 7.15515e-19 3.49908e-19 1.7128e-19 8.38817e-20 4.10134e-20 2.01943e-20
2.34953e-09 3.22614e-11 1.34043e-11 5.67102e-12 2.44102e-12 1.06774e-12 4.73965e-13 2.13186e-13 9.70173e-14 4.46057e-14 2.0692e-14 9.67306e-15 4.55217e-15 2.15461e-15 1.02488e-15 4.89604e-16 2.34766e-16 1.12936e-16 5.44829e-17 2.63489e-17 1.27706e-17 6.20135e-18 3.01644e-18 1.46944e-18 7.16784e-19 3.50065e-19 1.71155e-19 8.37627e-20 4.10134e-20 2.005e-20 9.86994e-21
1.21775e-09 1.60134e-11 6.65575e-12 2.81651e-12 1.21245e-12 5.3033e-13 2.35377e-13 1.05845e-13 4.81532e-14 2.2131e-14 1.0262e-14 4.79509e-15 2.25552e-15 1.06707e-15 5.07329e-16 2.42246e-16 1.16104e-16 5.58277e-17 2.69208e-17 1.3014e-17 6.30494e-18 3.06048e-18 1.48812e-18 7.24668e-19 3.53368e-19 1.72523e-19 8.43237e-20 4.12551e-20 2.01943e-20 9.86994e-21 4.85702e-21
