0.978444 0.000871602 0.000794126 0.000723537 0.000659223 0.000600625 0.000547236 0.000498593 0.000454274 0.000413894 0.000377103 0.000343583 0.000313042 0.000285216 0.000259864 0.000236765 0.000215719 0.000196544 0.000179073 0.000163156 0.000148653 0.000135439 0.0001234 0.000112431 0.000102438 9.3332e-05 8.50358e-05 7.7477e-05 7.05902e-05 6.43155e-05 5.85986e-05 5.33898e-05 4.86441e-05 4.43201e-05 4.03806e-05 3.67912e-05 3.35209e-05 3.05412e-05 2.78265e-05 2.5353e-05 2.30994e-05 2.10461e-05 1.91753e-05 1.74709e-05 1.59179e-05 1.4503e-05 1.32138e-05 1.20393e-05 1.09691e-05 9.99408e-06 9.10571e-06 8.29632e-06 7.55887e-06 6.88697e-06 6.27479e-06 5.71703e-06 5.20885e-06 4.74584e-06 4.32399e-06 3.93964e-06 3.58945e-06 3.27038e-06 2.97968e-06 2.71482e-06 2.4735e-06 2.25364e-06 2.05331e-06 1.8708e-06 1.7045e-06 1.55299e-06 1.41495e-06 1.28918e-06 1.17458e-06 1.07018e-06 9.75048e-07 8.88377e-07 8.09411e-07 7.37463e-07 6.71911e-07 6.12185e-07 5.57769e-07 5.08189e-07 4.63017e-07 4.2186e-07 3.84361e-07 3.50196e-07 3.19067e-07 2.90706e-07 2.64865e-07 2.41322e-07 2.19871e-07 2.00327e-07 1.8252e-07 1.66296e-07 1.51514e-07 1.38046e-07 1.25775e-07 1.14595e-07 1.04409e-07 9.51283e-08 8.66725e-08
0.000871602 1.41415e-05 1.2934e-05 1.18294e-05 1.0819e-05 9.89479e-06 9.04937e-06 8.27608e-06 7.56876e-06 6.92179e-06 6.33003e-06 5.78879e-06 5.29375e-06 4.84098e-06 4.42688e-06 4.04814e-06 3.70176e-06 3.38497e-06 3.09525e-06 2.83029e-06 2.58798e-06 2.36639e-06 2.16374e-06 1.97842e-06 1.80894e-06 1.65397e-06 1.51225e-06 1.38266e-06 1.26416e-06 1.1558e-06 1.05672e-06 9.66117e-07 8.83273e-07 8.07524e-07 7.38262e-07 6.74933e-07 6.1703e-07 5.64087e-07 5.15681e-07 4.71424e-07 4.3096e-07 3.93965e-07 3.60142e-07 3.29219e-07 3.00947e-07 2.75101e-07 2.51472e-07 2.29869e-07 2.1012e-07 1.92066e-07 1.75562e-07 1.60474e-07 1.46681e-07 1.34072e-07 1.22546e-07 1.12009e-07 1.02378e-07 9.35733e-08 8.55254e-08 7.81688e-08 7.14443e-08 6.52976e-08 5.96792e-08 5.45437e-08 4.98496e-08 4.55591e-08 4.16374e-08 3.8053e-08 3.47768e-08 3.17824e-08 2.90455e-08 2.65441e-08 2.42579e-08 2.21683e-08 2.02586e-08 1.85133e-08 1.69181e-08 1.54603e-08 1.41279e-08 1.29103e-08 1.17975e-08 1.07805e-08 9.85112e-09 9.00177e-09 8.22558e-09 7.51626e-09 6.86804e-09 6.27568e-09 5.73436e-09 5.23969e-09 4.78765e-09 4.37457e-09 3.9971e-09 3.65217e-09 3.33699e-09 3.04897e-09 2.7858e-09 2.54532e-09 2.32558e-09 2.12479e-09 1.94133e-09
0.000794126 1.2934e-05 1.18302e-05 1.08205e-05 9.89679e-06 9.05182e-06 8.27887e-06 7.57181e-06 6.92504e-06 6.33343e-06 5.79228e-06 5.29729e-06 4.84454e-06 4.43042e-06 4.05164e-06 3.7052e-06 3.38833e-06 3.09853e-06 2.83347e-06 2.59105e-06 2.36934e-06 2.16658e-06 1.98114e-06 1.81155e-06 1.65645e-06 1.51462e-06 1.38491e-06 1.2663e-06 1.15783e-06 1.05863e-06 9.67929e-07 8.84984e-07 8.09138e-07 7.39783e-07 6.76364e-07 6.18375e-07 5.65352e-07 5.16869e-07 4.72538e-07 4.32004e-07 3.94943e-07 3.61057e-07 3.30075e-07 3.01748e-07 2.75849e-07 2.52171e-07 2.30522e-07 2.10729e-07 1.92634e-07 1.76091e-07 1.60967e-07 1.4714e-07 1.34499e-07 1.22943e-07 1.12379e-07 1.02722e-07 9.38933e-08 8.58227e-08 7.8445e-08 7.17008e-08 6.55358e-08 5.99003e-08 5.47488e-08 5.00399e-08 4.57355e-08 4.1801e-08 3.82046e-08 3.49173e-08 3.19126e-08 2.91661e-08 2.66558e-08 2.43613e-08 2.22641e-08 2.03472e-08 1.85952e-08 1.6994e-08 1.55304e-08 1.41928e-08 1.29703e-08 1.18529e-08 1.08318e-08 9.8985e-09 9.04555e-09 8.26603e-09 7.55362e-09 6.90255e-09 6.30755e-09 5.76378e-09 5.26685e-09 4.81273e-09 4.39772e-09 4.01846e-09 3.67189e-09 3.35517e-09 3.06575e-09 2.80127e-09 2.55959e-09 2.33874e-09 2.13693e-09 1.95252e-09 1.78401e-09
0.000723537 1.18294e-05 1.08205e-05 9.89746e-06 9.05304e-06 8.28054e-06 7.57385e-06 6.92737e-06 6.33598e-06 5.79499e-06 5.30012e-06 4.84744e-06 4.43336e-06 4.0546e-06 3.70815e-06 3.39125e-06 3.10139e-06 2.83627e-06 2.59378e-06 2.37199e-06 2.16913e-06 1.9836e-06 1.81392e-06 1.65872e-06 1.51679e-06 1.38698e-06 1.26827e-06 1.1597e-06 1.06042e-06 9.69617e-07 8.86583e-07 8.10649e-07 7.4121e-07 6.7771e-07 6.19644e-07 5.66545e-07 5.17991e-07 4.73593e-07 4.32995e-07 3.95872e-07 3.61928e-07 3.30891e-07 3.02512e-07 2.76564e-07 2.52839e-07 2.31146e-07 2.11312e-07 1.93178e-07 1.76599e-07 1.6144e-07 1.47581e-07 1.34911e-07 1.23327e-07 1.12736e-07 1.03054e-07 9.42022e-08 8.61099e-08 7.8712e-08 7.19489e-08 6.57663e-08 6.01144e-08 5.49476e-08 5.02244e-08 4.59067e-08 4.19598e-08 3.83519e-08 3.50539e-08 3.20392e-08 2.92834e-08 2.67645e-08 2.4462e-08 2.23573e-08 2.04336e-08 1.86752e-08 1.70679e-08 1.55989e-08 1.42561e-08 1.30289e-08 1.19071e-08 1.08819e-08 9.94481e-09 9.08836e-09 8.3056e-09 7.59018e-09 6.93633e-09 6.33875e-09 5.79261e-09 5.29347e-09 4.8373e-09 4.42041e-09 4.03941e-09 3.69122e-09 3.37302e-09 3.08222e-09 2.81647e-09 2.57361e-09 2.35167e-09 2.14885e-09 1.96351e-09 1.79415e-09 1.63937e-09
0.000659223 1.0819e-05 9.89679e-06 9.05304e-06 8.2811e-06 7.57487e-06 6.92876e-06 6.33768e-06 5.79693e-06 5.30224e-06 4.8497e-06 4.43572e-06 4.05702e-06 3.7106e-06 3.39372e-06 3.10385e-06 2.8387e-06 2.59617e-06 2.37433e-06 2.17141e-06 1.98581e-06 1.81605e-06 1.66078e-06 1.51877e-06 1.38888e-06 1.27008e-06 1.16143e-06 1.06206e-06 9.71182e-07 8.88068e-07 8.12057e-07 7.42543e-07 6.78971e-07 6.20834e-07 5.67668e-07 5.19049e-07 4.74588e-07 4.33931e-07 3.96752e-07 3.62754e-07 3.31666e-07 3.03239e-07 2.77245e-07 2.53476e-07 2.31742e-07 2.1187e-07 1.93699e-07 1.77085e-07 1.61895e-07 1.48005e-07 1.35306e-07 1.23695e-07 1.13079e-07 1.03374e-07 9.44999e-08 8.6387e-08 7.89698e-08 7.21887e-08 6.59892e-08 6.03215e-08 5.514e-08 5.04031e-08 4.60726e-08 4.21138e-08 3.84948e-08 3.51865e-08 3.21621e-08 2.93974e-08 2.68701e-08 2.45599e-08 2.24481e-08 2.05176e-08 1.8753e-08 1.714e-08 1.56656e-08 1.43179e-08 1.3086e-08 1.196e-08 1.09308e-08 9.99005e-09 9.13019e-09 8.34427e-09 7.62593e-09 6.96938e-09 6.36929e-09 5.82082e-09 5.31953e-09 4.86138e-09 4.44264e-09 4.05994e-09 3.71018e-09 3.39051e-09 3.09837e-09 2.83137e-09 2.58736e-09 2.36436e-09 2.16056e-09 1.97431e-09 1.80411e-09 1.64856e-09 1.50641e-09
0.000600625 9.89479e-06 9.05182e-06 8.28054e-06 7.57487e-06 6.92923e-06 6.33852e-06 5.79809e-06 5.30366e-06 4.85132e-06 4.43749e-06 4.05891e-06 3.71257e-06 3.39574e-06 3.1059e-06 2.84076e-06 2.59822e-06 2.37635e-06 2.1734e-06 1.98776e-06 1.81795e-06 1.66262e-06 1.52054e-06 1.39059e-06 1.27173e-06 1.16301e-06 1.06357e-06 9.72623e-07 8.89441e-07 8.13362e-07 7.43782e-07 6.80145e-07 6.21946e-07 5.68719e-07 5.20042e-07 4.75525e-07 4.34813e-07 3.97583e-07 3.63536e-07 3.324e-07 3.03928e-07 2.77891e-07 2.54082e-07 2.3231e-07 2.12402e-07 1.94197e-07 1.77551e-07 1.62329e-07 1.48411e-07 1.35685e-07 1.24049e-07 1.13409e-07 1.03681e-07 9.47864e-08 8.66538e-08 7.92182e-08 7.24199e-08 6.62043e-08 6.05215e-08 5.5326e-08 5.05759e-08 4.62332e-08 4.2263e-08 3.86333e-08 3.5315e-08 3.22814e-08 2.95081e-08 2.69728e-08 2.46551e-08 2.25363e-08 2.05994e-08 1.88288e-08 1.72102e-08 1.57306e-08 1.43781e-08 1.31417e-08 1.20116e-08 1.09785e-08 1.00342e-08 9.17104e-09 8.38205e-09 7.66087e-09 7.00168e-09 6.39915e-09 5.84842e-09 5.34504e-09 4.88494e-09 4.46441e-09 4.08005e-09 3.72875e-09 3.40766e-09 3.1142e-09 2.84599e-09 2.60085e-09 2.37681e-09 2.17205e-09 1.98492e-09 1.81389e-09 1.65759e-09 1.51474e-09 1.38419e-09
0.000547236 9.04937e-06 8.27887e-06 7.57385e-06 6.92876e-06 6.33852e-06 5.79848e-06 5.30437e-06 4.85229e-06 4.43867e-06 4.06026e-06 3.71405e-06 3.39731e-06 3.10754e-06 2.84244e-06 2.59993e-06 2.37807e-06 2.17511e-06 1.98945e-06 1.81961e-06 1.66424e-06 1.52213e-06 1.39213e-06 1.27321e-06 1.16444e-06 1.06494e-06 9.73939e-07 8.907e-07 8.14564e-07 7.44926e-07 6.81234e-07 6.22979e-07 5.69699e-07 5.20969e-07 4.76401e-07 4.35641e-07 3.98364e-07 3.64272e-07 3.33093e-07 3.0458e-07 2.78504e-07 2.54657e-07 2.3285e-07 2.12907e-07 1.94671e-07 1.77994e-07 1.62744e-07 1.48799e-07 1.36048e-07 1.24388e-07 1.13725e-07 1.03976e-07 9.50616e-08 8.69104e-08 7.94573e-08 7.26426e-08 6.64116e-08 6.07145e-08 5.55055e-08 5.07429e-08 4.63885e-08 4.24073e-08 3.87674e-08 3.54395e-08 3.2397e-08 2.96154e-08 2.70724e-08 2.47475e-08 2.2622e-08 2.06788e-08 1.89024e-08 1.72785e-08 1.57939e-08 1.44367e-08 1.3196e-08 1.20618e-08 1.1025e-08 1.00773e-08 9.21089e-09 8.41893e-09 7.69498e-09 7.03323e-09 6.42832e-09 5.87539e-09 5.36997e-09 4.90799e-09 4.48571e-09 4.09973e-09 3.74693e-09 3.42446e-09 3.12971e-09 2.86031e-09 2.61408e-09 2.38902e-09 2.18332e-09 1.99532e-09 1.82349e-09 1.66644e-09 1.52291e-09 1.39173e-09 1.27184e-09
0.000498593 8.27608e-06 7.57181e-06 6.92737e-06 6.33768e-06 5.79809e-06 5.30437e-06 4.85261e-06 4.43926e-06 4.06106e-06 3.71503e-06 3.39843e-06 3.10877e-06 2.84375e-06 2.60129e-06 2.37947e-06 2.17653e-06 1.99088e-06 1.82103e-06 1.66565e-06 1.52351e-06 1.39348e-06 1.27453e-06 1.16572e-06 1.06618e-06 9.75131e-07 8.91845e-07 8.15662e-07 7.45976e-07 6.82236e-07 6.23934e-07 5.70607e-07 5.21831e-07 4.77219e-07 4.36415e-07 3.99095e-07 3.64962e-07 3.33745e-07 3.05194e-07 2.79082e-07 2.55201e-07 2.33361e-07 2.13387e-07 1.95121e-07 1.78416e-07 1.6314e-07 1.49169e-07 1.36394e-07 1.24711e-07 1.14028e-07 1.04259e-07 9.53256e-08 8.71567e-08 7.9687e-08 7.28568e-08 6.66112e-08 6.09004e-08 5.56786e-08 5.0904e-08 4.65384e-08 4.25467e-08 3.8897e-08 3.556e-08 3.25089e-08 2.97194e-08 2.71689e-08 2.4837e-08 2.27051e-08 2.0756e-08 1.8974e-08 1.73448e-08 1.58554e-08 1.44937e-08 1.32488e-08 1.21108e-08 1.10704e-08 1.01192e-08 9.24975e-09 8.45489e-09 7.72826e-09 7.06402e-09 6.45681e-09 5.90174e-09 5.39434e-09 4.93052e-09 4.50654e-09 4.11898e-09 3.76472e-09 3.4409e-09 3.1449e-09 2.87434e-09 2.62704e-09 2.40099e-09 2.19437e-09 2.00552e-09 1.83291e-09 1.67513e-09 1.53093e-09 1.39913e-09 1.27866e-09 1.16856e-09
0.000454274 7.56876e-06 6.92504e-06 6.33598e-06 5.79693e-06 5.30366e-06 4.85229e-06 4.43926e-06 4.06133e-06 3.71552e-06 3.3991e-06 3.10959e-06 2.84469e-06 2.60232e-06 2.38056e-06 2.17767e-06 1.99205e-06 1.82222e-06 1.66685e-06 1.5247e-06 1.39465e-06 1.27568e-06 1.16685e-06 1.06728e-06 9.76198e-07 8.92876e-07 8.16656e-07 7.46931e-07 6.83151e-07 6.24809e-07 5.71442e-07 5.22627e-07 4.77976e-07 4.37134e-07 3.99777e-07 3.65608e-07 3.34355e-07 3.0577e-07 2.79625e-07 2.55713e-07 2.33843e-07 2.13841e-07 1.95547e-07 1.78816e-07 1.63515e-07 1.49522e-07 1.36724e-07 1.2502e-07 1.14317e-07 1.04529e-07 9.55782e-08 8.73927e-08 7.99073e-08 7.30623e-08 6.68029e-08 6.10791e-08 5.58452e-08 5.10591e-08 4.66828e-08 4.26811e-08 3.90221e-08 3.56763e-08 3.26171e-08 2.98199e-08 2.72623e-08 2.49238e-08 2.27857e-08 2.08308e-08 1.90434e-08 1.74092e-08 1.59151e-08 1.45491e-08 1.33002e-08 1.21584e-08 1.11145e-08 1.01601e-08 9.28759e-09 8.48993e-09 7.76071e-09 7.09405e-09 6.48461e-09 5.92746e-09 5.41813e-09 4.95253e-09 4.52689e-09 4.1378e-09 3.78212e-09 3.45698e-09 3.15976e-09 2.88807e-09 2.63972e-09 2.41271e-09 2.2052e-09 2.01552e-09 1.84214e-09 1.68366e-09 1.5388e-09 1.40639e-09 1.28536e-09 1.17474e-09 1.07364e-09
0.000413894 6.92179e-06 6.33343e-06 5.79499e-06 5.30224e-06 4.85132e-06 4.43867e-06 4.06106e-06 3.71552e-06 3.39933e-06 3.11e-06 2.84525e-06 2.603e-06 2.38134e-06 2.17853e-06 1.99296e-06 1.82317e-06 1.66782e-06 1.52569e-06 1.39565e-06 1.27667e-06 1.16783e-06 1.06824e-06 9.7714e-07 8.93794e-07 8.17545e-07 7.47792e-07 6.8398e-07 6.25606e-07 5.72206e-07 5.23358e-07 4.78673e-07 4.37798e-07 4.00408e-07 3.66207e-07 3.34923e-07 3.06308e-07 2.80134e-07 2.56194e-07 2.34296e-07 2.14268e-07 1.95949e-07 1.79195e-07 1.63871e-07 1.49855e-07 1.37037e-07 1.25314e-07 1.14592e-07 1.04787e-07 9.58193e-08 8.76182e-08 8.01181e-08 7.32592e-08 6.69868e-08 6.12507e-08 5.60052e-08 5.12083e-08 4.68218e-08 4.28106e-08 3.91426e-08 3.57885e-08 3.27215e-08 2.9917e-08 2.73526e-08 2.50077e-08 2.28637e-08 2.09032e-08 1.91107e-08 1.74716e-08 1.5973e-08 1.46028e-08 1.335e-08 1.22046e-08 1.11573e-08 1.01998e-08 9.32442e-09 8.52405e-09 7.79231e-09 7.12332e-09 6.5117e-09 5.95254e-09 5.44135e-09 4.97401e-09 4.54676e-09 4.15618e-09 3.79912e-09 3.4727e-09 3.17429e-09 2.90151e-09 2.65214e-09 2.42418e-09 2.2158e-09 2.02531e-09 1.85118e-09 1.69201e-09 1.54651e-09 1.41351e-09 1.29194e-09 1.18081e-09 1.07924e-09 9.86389e-10
0.000377103 6.33003e-06 5.79228e-06 5.30012e-06 4.8497e-06 4.43749e-06 4.06026e-06 3.71503e-06 3.3991e-06 3.11e-06 2.84544e-06 2.60334e-06 2.38181e-06 2.1791e-06 1.99361e-06 1.82388e-06 1.66858e-06 1.52648e-06 1.39646e-06 1.2775e-06 1.16866e-06 1.06907e-06 9.77957e-07 8.94597e-07 8.18331e-07 7.48557e-07 6.84723e-07 6.26324e-07 5.72898e-07 5.24022e-07 4.7931e-07 4.38407e-07 4.0099e-07 3.66761e-07 3.3545e-07 3.06808e-07 2.80608e-07 2.56643e-07 2.34721e-07 2.14669e-07 1.96328e-07 1.79551e-07 1.64206e-07 1.50171e-07 1.37334e-07 1.25593e-07 1.14854e-07 1.05032e-07 9.6049e-08 8.78333e-08 8.03194e-08 7.34474e-08 6.71627e-08 6.1415e-08 5.61586e-08 5.13515e-08 4.69554e-08 4.29351e-08 3.92587e-08 3.58966e-08 3.28222e-08 3.00107e-08 2.74398e-08 2.50888e-08 2.29391e-08 2.09733e-08 1.91758e-08 1.75321e-08 1.60292e-08 1.4655e-08 1.33984e-08 1.22495e-08 1.1199e-08 1.02385e-08 9.36023e-09 8.55724e-09 7.82307e-09 7.15181e-09 6.5381e-09 5.97698e-09 5.46398e-09 4.99496e-09 4.56615e-09 4.17412e-09 3.81571e-09 3.48805e-09 3.18849e-09 2.91464e-09 2.66428e-09 2.4354e-09 2.22617e-09 2.03489e-09 1.86003e-09 1.70019e-09 1.55406e-09 1.42049e-09 1.29838e-09 1.18676e-09 1.08473e-09 9.91458e-10 9.06201e-10
0.000343583 5.78879e-06 5.29729e-06 4.84744e-06 4.43572e-06 4.05891e-06 3.71405e-06 3.39843e-06 3.10959e-06 2.84525e-06 2.60334e-06 2.38197e-06 2.17938e-06 1.994e-06 1.82436e-06 1.66912e-06 1.52707e-06 1.3971e-06 1.27816e-06 1.16933e-06 1.06976e-06 9.78649e-07 8.95286e-07 8.19012e-07 7.49227e-07 6.85378e-07 6.26962e-07 5.73517e-07 5.24621e-07 4.79887e-07 4.38962e-07 4.01521e-07 3.6727e-07 3.35935e-07 3.07271e-07 2.81048e-07 2.5706e-07 2.35117e-07 2.15044e-07 1.96682e-07 1.79886e-07 1.64522e-07 1.50469e-07 1.37614e-07 1.25856e-07 1.15102e-07 1.05265e-07 9.62672e-08 8.80379e-08 8.05111e-08 7.36269e-08 6.73306e-08 6.15721e-08 5.63054e-08 5.14887e-08 4.70835e-08 4.30547e-08 3.93702e-08 3.60006e-08 3.2919e-08 3.01009e-08 2.75238e-08 2.5167e-08 2.30118e-08 2.1041e-08 1.92387e-08 1.75906e-08 1.60836e-08 1.47055e-08 1.34453e-08 1.2293e-08 1.12394e-08 1.02759e-08 9.395e-09 8.58949e-09 7.85297e-09 7.17953e-09 6.56378e-09 6.00078e-09 5.48602e-09 5.01537e-09 4.58505e-09 4.19162e-09 3.83191e-09 3.50303e-09 3.20236e-09 2.92746e-09 2.67614e-09 2.44637e-09 2.23631e-09 2.04427e-09 1.8687e-09 1.70819e-09 1.56146e-09 1.42732e-09 1.30469e-09 1.19259e-09 1.09011e-09 9.96429e-10 9.1079e-10 8.32504e-10
0.000313042 5.29375e-06 4.84454e-06 4.43336e-06 4.05702e-06 3.71257e-06 3.39731e-06 3.10877e-06 2.84469e-06 2.603e-06 2.38181e-06 2.17938e-06 1.99413e-06 1.82459e-06 1.66945e-06 1.52747e-06 1.39755e-06 1.27866e-06 1.16986e-06 1.07031e-06 9.79215e-07 8.9586e-07 8.19589e-07 7.49801e-07 6.85946e-07 6.2752e-07 5.74063e-07 5.25153e-07 4.80403e-07 4.39461e-07 4.02002e-07 3.67732e-07 3.36379e-07 3.07695e-07 2.81453e-07 2.57446e-07 2.35483e-07 2.15392e-07 1.97012e-07 1.80199e-07 1.64818e-07 1.50748e-07 1.37878e-07 1.26104e-07 1.15335e-07 1.05484e-07 9.64739e-08 8.82319e-08 8.06932e-08 7.37977e-08 6.74906e-08 6.17219e-08 5.64456e-08 5.16198e-08 4.7206e-08 4.31691e-08 3.94771e-08 3.61003e-08 3.30121e-08 3.01877e-08 2.76047e-08 2.52424e-08 2.3082e-08 2.11063e-08 1.92995e-08 1.76471e-08 1.61361e-08 1.47543e-08 1.34907e-08 1.23352e-08 1.12785e-08 1.03123e-08 9.42874e-09 8.6208e-09 7.88201e-09 7.20646e-09 6.58875e-09 6.02393e-09 5.50747e-09 5.03524e-09 4.60346e-09 4.20867e-09 3.8477e-09 3.51765e-09 3.21588e-09 2.93998e-09 2.68772e-09 2.45708e-09 2.24622e-09 2.05343e-09 1.87717e-09 1.71603e-09 1.5687e-09 1.43401e-09 1.31087e-09 1.1983e-09 1.09539e-09 1.0013e-09 9.15288e-10 8.36658e-10 7.64776e-10
0.000285216 4.84098e-06 4.43042e-06 4.0546e-06 3.7106e-06 3.39574e-06 3.10754e-06 2.84375e-06 2.60232e-06 2.38134e-06 2.1791e-06 1.994e-06 1.82459e-06 1.66956e-06 1.52767e-06 1.39782e-06 1.27899e-06 1.17024e-06 1.07072e-06 9.79655e-07 8.96319e-07 8.20061e-07 7.5028e-07 6.86427e-07 6.27999e-07 5.74537e-07 5.25619e-07 4.80859e-07 4.39905e-07 4.02433e-07 3.68148e-07 3.3678e-07 3.0808e-07 2.81823e-07 2.57799e-07 2.35821e-07 2.15714e-07 1.97318e-07 1.80489e-07 1.65093e-07 1.51009e-07 1.38124e-07 1.26337e-07 1.15555e-07 1.05692e-07 9.66689e-08 8.84154e-08 8.08656e-08 7.39596e-08 6.76426e-08 6.18644e-08 5.65791e-08 5.17448e-08 4.7323e-08 4.32786e-08 3.95793e-08 3.61959e-08 3.31013e-08 3.0271e-08 2.76823e-08 2.53148e-08 2.31495e-08 2.11692e-08 1.9358e-08 1.77017e-08 1.61868e-08 1.48015e-08 1.35346e-08 1.2376e-08 1.13164e-08 1.03475e-08 9.46144e-09 8.65115e-09 7.91018e-09 7.23261e-09 6.613e-09 6.04642e-09 5.52833e-09 5.05458e-09 4.62138e-09 4.22527e-09 3.86307e-09 3.53189e-09 3.22907e-09 2.95219e-09 2.69902e-09 2.46754e-09 2.25589e-09 2.06238e-09 1.88545e-09 1.72368e-09 1.57578e-09 1.44055e-09 1.31692e-09 1.20389e-09 1.10055e-09 1.00607e-09 9.19696e-10 8.40728e-10 7.68535e-10 7.02534e-10
0.000259864 4.42688e-06 4.05164e-06 3.70815e-06 3.39372e-06 3.1059e-06 2.84244e-06 2.60129e-06 2.38056e-06 2.17853e-06 1.99361e-06 1.82436e-06 1.66945e-06 1.52767e-06 1.39791e-06 1.27915e-06 1.17047e-06 1.071e-06 9.79969e-07 8.96664e-07 8.20428e-07 7.50663e-07 6.86821e-07 6.28399e-07 5.74938e-07 5.26018e-07 4.81254e-07 4.40294e-07 4.02813e-07 3.68519e-07 3.37139e-07 3.08428e-07 2.82157e-07 2.58121e-07 2.3613e-07 2.16009e-07 1.976e-07 1.80757e-07 1.65349e-07 1.51251e-07 1.38354e-07 1.26555e-07 1.15761e-07 1.05886e-07 9.68523e-08 8.85883e-08 8.10284e-08 7.41127e-08 6.77865e-08 6.19996e-08 5.6706e-08 5.18637e-08 4.74345e-08 4.33829e-08 3.9677e-08 3.62873e-08 3.31867e-08 3.03508e-08 2.77568e-08 2.53843e-08 2.32143e-08 2.12296e-08 1.94144e-08 1.77542e-08 1.62357e-08 1.4847e-08 1.35769e-08 1.24154e-08 1.13531e-08 1.03816e-08 9.49309e-09 8.68055e-09 7.93749e-09 7.25796e-09 6.63653e-09 6.06825e-09 5.54858e-09 5.07336e-09 4.6388e-09 4.24142e-09 3.87804e-09 3.54576e-09 3.24192e-09 2.96408e-09 2.71003e-09 2.47774e-09 2.26533e-09 2.07111e-09 1.89353e-09 1.73116e-09 1.58269e-09 1.44695e-09 1.32284e-09 1.20936e-09 1.1056e-09 1.01074e-09 9.24011e-10 8.44715e-10 7.72217e-10 7.05936e-10 6.45338e-10
0.000236765 4.04814e-06 3.7052e-06 3.39125e-06 3.10385e-06 2.84076e-06 2.59993e-06 2.37947e-06 2.17767e-06 1.99296e-06 1.82388e-06 1.66912e-06 1.52747e-06 1.39782e-06 1.27915e-06 1.17054e-06 1.07114e-06 9.80158e-07 8.96894e-07 8.2069e-07 7.50951e-07 6.87127e-07 6.28718e-07 5.75267e-07 5.26352e-07 4.81589e-07 4.40627e-07 4.03143e-07 3.68843e-07 3.37457e-07 3.08737e-07 2.82457e-07 2.58411e-07 2.36409e-07 2.16277e-07 1.97857e-07 1.81004e-07 1.65584e-07 1.51475e-07 1.38567e-07 1.26757e-07 1.15953e-07 1.06068e-07 9.70241e-08 8.87505e-08 8.11815e-08 7.4257e-08 6.79224e-08 6.21274e-08 5.68261e-08 5.19766e-08 4.75403e-08 4.34822e-08 3.977e-08 3.63744e-08 3.32682e-08 3.0427e-08 2.78281e-08 2.54509e-08 2.32765e-08 2.12877e-08 1.94685e-08 1.78046e-08 1.62828e-08 1.48909e-08 1.36178e-08 1.24534e-08 1.13884e-08 1.04145e-08 9.52368e-09 8.70899e-09 7.96392e-09 7.28251e-09 6.65933e-09 6.08942e-09 5.56823e-09 5.0916e-09 4.65571e-09 4.2571e-09 3.89258e-09 3.55924e-09 3.25441e-09 2.97566e-09 2.72076e-09 2.48767e-09 2.27453e-09 2.07963e-09 1.90142e-09 1.73846e-09 1.58945e-09 1.4532e-09 1.32861e-09 1.2147e-09 1.11054e-09 1.01531e-09 9.28233e-10 8.48617e-10 7.75823e-10 7.09267e-10 6.48415e-10 5.92779e-10
0.000215719 3.70176e-06 3.38833e-06 3.10139e-06 2.8387e-06 2.59822e-06 2.37807e-06 2.17653e-06 1.99205e-06 1.82317e-06 1.66858e-06 1.52707e-06 1.39755e-06 1.27899e-06 1.17047e-06 1.07114e-06 9.80221e-07 8.97009e-07 8.20848e-07 7.51142e-07 6.87346e-07 6.28958e-07 5.75522e-07 5.26618e-07 4.81863e-07 4.40905e-07 4.03422e-07 3.69121e-07 3.37732e-07 3.09007e-07 2.82722e-07 2.58669e-07 2.36659e-07 2.16519e-07 1.9809e-07 1.81228e-07 1.65798e-07 1.51681e-07 1.38763e-07 1.26944e-07 1.1613e-07 1.06236e-07 9.71842e-08 8.89021e-08 8.13248e-08 7.43924e-08 6.80501e-08 6.22478e-08 5.69395e-08 5.20832e-08 4.76406e-08 4.35764e-08 3.98584e-08 3.64572e-08 3.33459e-08 3.04997e-08 2.78962e-08 2.55146e-08 2.3336e-08 2.13433e-08 1.95204e-08 1.78531e-08 1.6328e-08 1.4933e-08 1.36571e-08 1.249e-08 1.14225e-08 1.04462e-08 9.55321e-09 8.73647e-09 7.98946e-09 7.30626e-09 6.68141e-09 6.10993e-09 5.58728e-09 5.10928e-09 4.67213e-09 4.27233e-09 3.90671e-09 3.57235e-09 3.26657e-09 2.98693e-09 2.7312e-09 2.49735e-09 2.2835e-09 2.08793e-09 1.9091e-09 1.74557e-09 1.59603e-09 1.45929e-09 1.33425e-09 1.21992e-09 1.11537e-09 1.01977e-09 9.32361e-10 8.52434e-10 7.79351e-10 7.12528e-10 6.51428e-10 5.95563e-10 5.44484e-10
0.000196544 3.38497e-06 3.09853e-06 2.83627e-06 2.59617e-06 2.37635e-06 2.17511e-06 1.99088e-06 1.82222e-06 1.66782e-06 1.52648e-06 1.3971e-06 1.27866e-06 1.17024e-06 1.071e-06 9.80158e-07 8.97009e-07 8.209e-07 7.51238e-07 6.87477e-07 6.29118e-07 5.75704e-07 5.26818e-07 4.82076e-07 4.41127e-07 4.03651e-07 3.69353e-07 3.37964e-07 3.09239e-07 2.82951e-07 2.58895e-07 2.3688e-07 2.16734e-07 1.98299e-07 1.81429e-07 1.65993e-07 1.51868e-07 1.38942e-07 1.27116e-07 1.16294e-07 1.06392e-07 9.73325e-08 8.9043e-08 8.14584e-08 7.45189e-08 6.81697e-08 6.23608e-08 5.70461e-08 5.21837e-08 4.77352e-08 4.36654e-08 3.99421e-08 3.65358e-08 3.34197e-08 3.05689e-08 2.7961e-08 2.55753e-08 2.33928e-08 2.13964e-08 1.95701e-08 1.78995e-08 1.63713e-08 1.49735e-08 1.36948e-08 1.25252e-08 1.14553e-08 1.04768e-08 9.58167e-09 8.76297e-09 8.01412e-09 7.3292e-09 6.70274e-09 6.12976e-09 5.60571e-09 5.1264e-09 4.68803e-09 4.2871e-09 3.92042e-09 3.58507e-09 3.27837e-09 2.99788e-09 2.74135e-09 2.50676e-09 2.29222e-09 2.09602e-09 1.91659e-09 1.75251e-09 1.60246e-09 1.46524e-09 1.33976e-09 1.22501e-09 1.12008e-09 1.02413e-09 9.36395e-10 8.56164e-10 7.82801e-10 7.15717e-10 6.54376e-10 5.98288e-10 5.47002e-10 5.00108e-10
0.000179073 3.09525e-06 2.83347e-06 2.59378e-06 2.37433e-06 2.1734e-06 1.98945e-06 1.82103e-06 1.66685e-06 1.52569e-06 1.39646e-06 1.27816e-06 1.16986e-06 1.07072e-06 9.79969e-07 8.96894e-07 8.20848e-07 7.51238e-07 6.87521e-07 6.29198e-07 5.75814e-07 5.26951e-07 4.82228e-07 4.41294e-07 4.03828e-07 3.69538e-07 3.38155e-07 3.09432e-07 2.83145e-07 2.59088e-07 2.37071e-07 2.16922e-07 1.98483e-07 1.81609e-07 1.66167e-07 1.52036e-07 1.39105e-07 1.27272e-07 1.16444e-07 1.06535e-07 9.74691e-08 8.91731e-08 8.15822e-08 7.46365e-08 6.82812e-08 6.24663e-08 5.71459e-08 5.2278e-08 4.78242e-08 4.37493e-08 4.00211e-08 3.66101e-08 3.34895e-08 3.06345e-08 2.80226e-08 2.5633e-08 2.3447e-08 2.14471e-08 1.96176e-08 1.79439e-08 1.64128e-08 1.50122e-08 1.3731e-08 1.2559e-08 1.14869e-08 1.05062e-08 9.60907e-09 8.78849e-09 8.03789e-09 7.35133e-09 6.72333e-09 6.14892e-09 5.62352e-09 5.14297e-09 4.70343e-09 4.30141e-09 3.93371e-09 3.5974e-09 3.28982e-09 3.0085e-09 2.75121e-09 2.5159e-09 2.3007e-09 2.10388e-09 1.92388e-09 1.75926e-09 1.60871e-09 1.47103e-09 1.34512e-09 1.22998e-09 1.12468e-09 1.02839e-09 9.40333e-10 8.59808e-10 7.86171e-10 7.18834e-10 6.57259e-10 6.00953e-10 5.49465e-10 5.02385e-10 4.59334e-10
0.000163156 2.83029e-06 2.59105e-06 2.37199e-06 2.17141e-06 1.98776e-06 1.81961e-06 1.66565e-06 1.5247e-06 1.39565e-06 1.2775e-06 1.16933e-06 1.07031e-06 9.79655e-07 8.96664e-07 8.2069e-07 7.51142e-07 6.87477e-07 6.29198e-07 5.7585e-07 5.27018e-07 4.82319e-07 4.41405e-07 4.03955e-07 3.69677e-07 3.38303e-07 3.09587e-07 2.83304e-07 2.59249e-07 2.37233e-07 2.17084e-07 1.98643e-07 1.81766e-07 1.66321e-07 1.52186e-07 1.3925e-07 1.27412e-07 1.16579e-07 1.06666e-07 9.75939e-08 8.92925e-08 8.16961e-08 7.47451e-08 6.83845e-08 6.25645e-08 5.7239e-08 5.23662e-08 4.79075e-08 4.3828e-08 4.00954e-08 3.66802e-08 3.35554e-08 3.06965e-08 2.80809e-08 2.56878e-08 2.34984e-08 2.14953e-08 1.96627e-08 1.79862e-08 1.64524e-08 1.50493e-08 1.37656e-08 1.25913e-08 1.15171e-08 1.05344e-08 9.63538e-09 8.81303e-09 8.06077e-09 7.37264e-09 6.74318e-09 6.1674e-09 5.64072e-09 5.15897e-09 4.71831e-09 4.31524e-09 3.94656e-09 3.60935e-09 3.30091e-09 3.0188e-09 2.76078e-09 2.52478e-09 2.30893e-09 2.11152e-09 1.93096e-09 1.76583e-09 1.6148e-09 1.47667e-09 1.35035e-09 1.23482e-09 1.12917e-09 1.03254e-09 9.44176e-10 8.63364e-10 7.89462e-10 7.21879e-10 6.60076e-10 6.03558e-10 5.51874e-10 5.04612e-10 4.61393e-10 4.21872e-10
0.000148653 2.58798e-06 2.36934e-06 2.16913e-06 1.98581e-06 1.81795e-06 1.66424e-06 1.52351e-06 1.39465e-06 1.27667e-06 1.16866e-06 1.06976e-06 9.79215e-07 8.96319e-07 8.20428e-07 7.50951e-07 6.87346e-07 6.29118e-07 5.75814e-07 5.27018e-07 4.8235e-07 4.41461e-07 4.04032e-07 3.6977e-07 3.38409e-07 3.09703e-07 2.83428e-07 2.59378e-07 2.37366e-07 2.17218e-07 1.98778e-07 1.81901e-07 1.66454e-07 1.52317e-07 1.39378e-07 1.27537e-07 1.167e-07 1.06783e-07 9.77068e-08 8.94011e-08 8.18003e-08 7.48447e-08 6.84797e-08 6.26551e-08 5.73252e-08 5.2448e-08 4.79852e-08 4.39016e-08 4.01649e-08 3.67459e-08 3.36175e-08 3.0755e-08 2.81359e-08 2.57396e-08 2.3547e-08 2.1541e-08 1.97056e-08 1.80264e-08 1.64901e-08 1.50846e-08 1.37987e-08 1.26223e-08 1.1546e-08 1.05614e-08 9.66062e-09 8.83658e-09 8.08274e-09 7.39313e-09 6.76229e-09 6.1852e-09 5.6573e-09 5.1744e-09 4.73267e-09 4.3286e-09 3.95899e-09 3.6209e-09 3.31165e-09 3.02878e-09 2.77005e-09 2.53339e-09 2.31692e-09 2.11893e-09 1.93784e-09 1.77221e-09 1.62072e-09 1.48216e-09 1.35544e-09 1.23953e-09 1.13353e-09 1.03659e-09 9.47921e-10 8.66832e-10 7.92673e-10 7.24851e-10 6.62826e-10 6.06102e-10 5.54228e-10 5.06789e-10 4.63406e-10 4.23733e-10 3.87453e-10
0.000135439 2.36639e-06 2.16658e-06 1.9836e-06 1.81605e-06 1.66262e-06 1.52213e-06 1.39348e-06 1.27568e-06 1.16783e-06 1.06907e-06 9.78649e-07 8.9586e-07 8.20061e-07 7.50663e-07 6.87127e-07 6.28958e-07 5.75704e-07 5.26951e-07 4.82319e-07 4.41461e-07 4.04057e-07 3.69817e-07 3.38473e-07 3.09781e-07 2.83516e-07 2.59475e-07 2.37469e-07 2.17326e-07 1.98889e-07 1.82013e-07 1.66567e-07 1.52429e-07 1.39489e-07 1.27646e-07 1.16807e-07 1.06887e-07 9.7808e-08 8.94989e-08 8.18946e-08 7.49353e-08 6.85666e-08 6.27382e-08 5.74046e-08 5.25237e-08 4.80572e-08 4.39699e-08 4.02297e-08 3.68073e-08 3.36755e-08 3.08098e-08 2.81877e-08 2.57884e-08 2.3593e-08 2.15842e-08 1.97463e-08 1.80646e-08 1.6526e-08 1.51182e-08 1.38302e-08 1.26518e-08 1.15736e-08 1.05872e-08 9.68476e-09 8.85914e-09 8.10382e-09 7.4128e-09 6.78064e-09 6.20232e-09 5.67326e-09 5.18927e-09 4.74652e-09 4.34149e-09 3.97099e-09 3.63207e-09 3.32203e-09 3.03843e-09 2.77902e-09 2.54172e-09 2.32466e-09 2.12612e-09 1.94451e-09 1.7784e-09 1.62646e-09 1.48749e-09 1.36038e-09 1.24412e-09 1.13778e-09 1.04052e-09 9.51569e-10 8.70212e-10 7.95803e-10 7.27749e-10 6.65509e-10 6.08585e-10 5.56526e-10 5.08915e-10 4.65373e-10 4.25552e-10 3.89135e-10 3.55832e-10
0.0001234 2.16374e-06 1.98114e-06 1.81392e-06 1.66078e-06 1.52054e-06 1.39213e-06 1.27453e-06 1.16685e-06 1.06824e-06 9.77957e-07 8.95286e-07 8.19589e-07 7.5028e-07 6.86821e-07 6.28718e-07 5.75522e-07 5.26818e-07 4.82228e-07 4.41405e-07 4.04032e-07 3.69817e-07 3.38494e-07 3.09819e-07 2.83569e-07 2.5954e-07 2.37543e-07 2.17407e-07 1.98975e-07 1.82103e-07 1.66659e-07 1.52523e-07 1.39583e-07 1.2774e-07 1.169e-07 1.06978e-07 9.78973e-08 8.95859e-08 8.1979e-08 7.50169e-08 6.86452e-08 6.28139e-08 5.74771e-08 5.25931e-08 4.81234e-08 4.4033e-08 4.02898e-08 3.68643e-08 3.37296e-08 3.08611e-08 2.82362e-08 2.58342e-08 2.36362e-08 2.1625e-08 1.97847e-08 1.81007e-08 1.65599e-08 1.51501e-08 1.38601e-08 1.26798e-08 1.15999e-08 1.06118e-08 9.70782e-09 8.88071e-09 8.12398e-09 7.43164e-09 6.79823e-09 6.21874e-09 5.68858e-09 5.20356e-09 4.75984e-09 4.35391e-09 3.98255e-09 3.64283e-09 3.33206e-09 3.04776e-09 2.78769e-09 2.54978e-09 2.33216e-09 2.13308e-09 1.95098e-09 1.78441e-09 1.63204e-09 1.49267e-09 1.36518e-09 1.24857e-09 1.14191e-09 1.04435e-09 9.5512e-10 8.73502e-10 7.98851e-10 7.30573e-10 6.68124e-10 6.11007e-10 5.58768e-10 5.1099e-10 4.67293e-10 4.27329e-10 3.90779e-10 3.57352e-10 3.26781e-10
0.000112431 1.97842e-06 1.81155e-06 1.65872e-06 1.51877e-06 1.39059e-06 1.27321e-06 1.16572e-06 1.06728e-06 9.7714e-07 8.94597e-07 8.19012e-07 7.49801e-07 6.86427e-07 6.28399e-07 5.75267e-07 5.26618e-07 4.82076e-07 4.41294e-07 4.03955e-07 3.6977e-07 3.38473e-07 3.09819e-07 2.83587e-07 2.59572e-07 2.37587e-07 2.17461e-07 1.99036e-07 1.8217e-07 1.66731e-07 1.52598e-07 1.39661e-07 1.27818e-07 1.16979e-07 1.07057e-07 9.79747e-08 8.9662e-08 8.20535e-08 7.50895e-08 6.87157e-08 6.2882e-08 5.75428e-08 5.26562e-08 4.8184e-08 4.4091e-08 4.03451e-08 3.6917e-08 3.37798e-08 3.09087e-08 2.82813e-08 2.58769e-08 2.36767e-08 2.16632e-08 1.98207e-08 1.81347e-08 1.65919e-08 1.51802e-08 1.38884e-08 1.27064e-08 1.16249e-08 1.06353e-08 9.72977e-09 8.90128e-09 8.14323e-09 7.44965e-09 6.81507e-09 6.23448e-09 5.70328e-09 5.21728e-09 4.77264e-09 4.36585e-09 3.99368e-09 3.6532e-09 3.34171e-09 3.05675e-09 2.79606e-09 2.55757e-09 2.3394e-09 2.13982e-09 1.95724e-09 1.79022e-09 1.63744e-09 1.49768e-09 1.36984e-09 1.2529e-09 1.14592e-09 1.04807e-09 9.58571e-10 8.76702e-10 8.01817e-10 7.33322e-10 6.70671e-10 6.13367e-10 5.60954e-10 5.13014e-10 4.69167e-10 4.29064e-10 3.92384e-10 3.58837e-10 3.28155e-10 3.00094e-10
0.000102438 1.80894e-06 1.65645e-06 1.51679e-06 1.38888e-06 1.27173e-06 1.16444e-06 1.06618e-06 9.76198e-07 8.93794e-07 8.18331e-07 7.49227e-07 6.85946e-07 6.27999e-07 5.74938e-07 5.26352e-07 4.81863e-07 4.41127e-07 4.03828e-07 3.69677e-07 3.38409e-07 3.09781e-07 2.83569e-07 2.59572e-07 2.37602e-07 2.17488e-07 1.99073e-07 1.82215e-07 1.66782e-07 1.52654e-07 1.3972e-07 1.27881e-07 1.17043e-07 1.07122e-07 9.80402e-08 8.97273e-08 8.21181e-08 7.51531e-08 6.87779e-08 6.29426e-08 5.76016e-08 5.27131e-08 4.82388e-08 4.41437e-08 4.03957e-08 3.69654e-08 3.38259e-08 3.09527e-08 2.83232e-08 2.59167e-08 2.37144e-08 2.16989e-08 1.98545e-08 1.81666e-08 1.66221e-08 1.52086e-08 1.39152e-08 1.27316e-08 1.16485e-08 1.06575e-08 9.75063e-09 8.92084e-09 8.16157e-09 7.46683e-09 6.83115e-09 6.24952e-09 5.71734e-09 5.23042e-09 4.78491e-09 4.3773e-09 4.00437e-09 3.66317e-09 3.35101e-09 3.06541e-09 2.80413e-09 2.56508e-09 2.34639e-09 2.14632e-09 1.96329e-09 1.79585e-09 1.64267e-09 1.50254e-09 1.37435e-09 1.25709e-09 1.14982e-09 1.05169e-09 9.61923e-10 8.79812e-10 8.04701e-10 7.35996e-10 6.7315e-10 6.15664e-10 5.63082e-10 5.14986e-10 4.70994e-10 4.30755e-10 3.9395e-10 3.60287e-10 3.29497e-10 3.01335e-10 2.75578e-10
9.3332e-05 1.65397e-06 1.51462e-06 1.38698e-06 1.27008e-06 1.16301e-06 1.06494e-06 9.75131e-07 8.92876e-07 8.17545e-07 7.48557e-07 6.85378e-07 6.2752e-07 5.74537e-07 5.26018e-07 4.81589e-07 4.40905e-07 4.03651e-07 3.69538e-07 3.38303e-07 3.09703e-07 2.83516e-07 2.5954e-07 2.37587e-07 2.17488e-07 1.99085e-07 1.82238e-07 1.66813e-07 1.52691e-07 1.39763e-07 1.27928e-07 1.17093e-07 1.07174e-07 9.80939e-08 8.97817e-08 8.21728e-08 7.52076e-08 6.88318e-08 6.29956e-08 5.76535e-08 5.27636e-08 4.82879e-08 4.41911e-08 4.04414e-08 3.70094e-08 3.38681e-08 3.09931e-08 2.83617e-08 2.59534e-08 2.37493e-08 2.17321e-08 1.9886e-08 1.81965e-08 1.66503e-08 1.52352e-08 1.39403e-08 1.27553e-08 1.16709e-08 1.06785e-08 9.77038e-09 8.93939e-09 8.17898e-09 7.48316e-09 6.84646e-09 6.26386e-09 5.73076e-09 5.24298e-09 4.79666e-09 4.38828e-09 4.01462e-09 3.67274e-09 3.35994e-09 3.07374e-09 2.81189e-09 2.57232e-09 2.35313e-09 2.1526e-09 1.96913e-09 1.80129e-09 1.64773e-09 1.50724e-09 1.37872e-09 1.26115e-09 1.15359e-09 1.05519e-09 9.65175e-10 8.8283e-10 8.07502e-10 7.38594e-10 6.7556e-10 6.17899e-10 5.65154e-10 5.16906e-10 4.72772e-10 4.32403e-10 3.95477e-10 3.617e-10 3.30806e-10 3.02547e-10 2.76699e-10 2.53058e-10
8.50358e-05 1.51225e-06 1.38491e-06 1.26827e-06 1.16143e-06 1.06357e-06 9.73939e-07 8.91845e-07 8.16656e-07 7.47792e-07 6.84723e-07 6.26962e-07 5.74063e-07 5.25619e-07 4.81254e-07 4.40627e-07 4.03422e-07 3.69353e-07 3.38155e-07 3.09587e-07 2.83428e-07 2.59475e-07 2.37543e-07 2.17461e-07 1.99073e-07 1.82238e-07 1.66823e-07 1.5271e-07 1.39789e-07 1.27959e-07 1.17129e-07 1.07213e-07 9.81356e-08 8.98253e-08 8.22175e-08 7.5253e-08 6.88774e-08 6.30411e-08 5.76985e-08 5.28079e-08 4.83312e-08 4.42333e-08 4.04824e-08 3.7049e-08 3.39063e-08 3.10298e-08 2.83969e-08 2.59871e-08 2.37815e-08 2.17628e-08 1.99152e-08 1.82242e-08 1.66765e-08 1.52601e-08 1.39639e-08 1.27775e-08 1.16919e-08 1.06983e-08 9.78903e-09 8.95694e-09 8.19548e-09 7.49866e-09 6.86101e-09 6.2775e-09 5.74355e-09 5.25496e-09 4.80787e-09 4.39877e-09 4.02443e-09 3.68191e-09 3.3685e-09 3.08173e-09 2.81935e-09 2.57928e-09 2.35962e-09 2.15864e-09 1.97476e-09 1.80653e-09 1.65261e-09 1.51178e-09 1.38295e-09 1.26508e-09 1.15724e-09 1.05858e-09 9.68326e-10 8.85756e-10 8.10219e-10 7.41116e-10 6.779e-10 6.2007e-10 5.67167e-10 5.18773e-10 4.74503e-10 4.34007e-10 3.96963e-10 3.63078e-10 3.32081e-10 3.03728e-10 2.77793e-10 2.5407e-10 2.32371e-10
7.7477e-05 1.38266e-06 1.2663e-06 1.1597e-06 1.06206e-06 9.72623e-07 8.907e-07 8.15662e-07 7.46931e-07 6.8398e-07 6.26324e-07 5.73517e-07 5.25153e-07 4.80859e-07 4.40294e-07 4.03143e-07 3.69121e-07 3.37964e-07 3.09432e-07 2.83304e-07 2.59378e-07 2.37469e-07 2.17407e-07 1.99036e-07 1.82215e-07 1.66813e-07 1.5271e-07 1.39798e-07 1.27975e-07 1.1715e-07 1.07239e-07 9.81654e-08 8.9858e-08 8.22524e-08 7.52894e-08 6.89148e-08 6.3079e-08 5.77366e-08 5.28459e-08 4.83687e-08 4.42703e-08 4.05185e-08 3.70842e-08 3.39405e-08 3.10629e-08 2.84288e-08 2.60178e-08 2.38109e-08 2.17909e-08 1.9942e-08 1.82498e-08 1.67009e-08 1.52833e-08 1.39858e-08 1.27983e-08 1.17115e-08 1.07169e-08 9.80656e-09 8.97347e-09 8.21104e-09 7.51331e-09 6.87478e-09 6.29044e-09 5.7557e-09 5.26635e-09 4.81855e-09 4.40877e-09 4.0338e-09 3.69067e-09 3.37669e-09 3.08939e-09 2.8265e-09 2.58595e-09 2.36585e-09 2.16445e-09 1.98018e-09 1.81158e-09 1.65731e-09 1.51616e-09 1.38702e-09 1.26887e-09 1.16077e-09 1.06186e-09 9.71376e-10 8.88591e-10 8.12852e-10 7.43562e-10 6.80171e-10 6.22177e-10 5.69123e-10 5.20587e-10 4.76186e-10 4.35568e-10 3.9841e-10 3.64418e-10 3.33324e-10 3.04879e-10 2.78859e-10 2.55058e-10 2.33285e-10 2.1337e-10
7.05902e-05 1.26416e-06 1.15783e-06 1.06042e-06 9.71182e-07 8.89441e-07 8.14564e-07 7.45976e-07 6.83151e-07 6.25606e-07 5.72898e-07 5.24621e-07 4.80403e-07 4.39905e-07 4.02813e-07 3.68843e-07 3.37732e-07 3.09239e-07 2.83145e-07 2.59249e-07 2.37366e-07 2.17326e-07 1.98975e-07 1.8217e-07 1.66782e-07 1.52691e-07 1.39789e-07 1.27975e-07 1.17157e-07 1.07252e-07 9.81833e-08 8.98798e-08 8.22772e-08 7.53166e-08 6.89439e-08 6.31094e-08 5.77678e-08 5.28775e-08 4.84005e-08 4.4302e-08 4.05499e-08 3.7115e-08 3.39707e-08 3.10923e-08 2.84573e-08 2.60454e-08 2.38375e-08 2.18165e-08 1.99666e-08 1.82732e-08 1.67233e-08 1.53046e-08 1.40061e-08 1.28176e-08 1.17298e-08 1.07342e-08 9.82297e-09 8.98898e-09 8.22568e-09 7.52711e-09 6.88778e-09 6.30267e-09 5.7672e-09 5.27716e-09 4.82869e-09 4.41829e-09 4.04272e-09 3.69903e-09 3.38452e-09 3.09671e-09 2.83334e-09 2.59235e-09 2.37182e-09 2.17003e-09 1.98539e-09 1.81643e-09 1.66184e-09 1.52038e-09 1.39095e-09 1.27253e-09 1.16417e-09 1.06503e-09 9.74324e-10 8.91332e-10 8.15401e-10 7.4593e-10 6.82371e-10 6.24221e-10 5.7102e-10 5.22349e-10 4.77821e-10 4.37084e-10 3.99816e-10 3.65723e-10 3.34533e-10 3.06e-10 2.79898e-10 2.5602e-10 2.34177e-10 2.14195e-10 1.95916e-10
6.43155e-05 1.1558e-06 1.05863e-06 9.69617e-07 8.88068e-07 8.13362e-07 7.44926e-07 6.82236e-07 6.24809e-07 5.72206e-07 5.24022e-07 4.79887e-07 4.39461e-07 4.02433e-07 3.68519e-07 3.37457e-07 3.09007e-07 2.82951e-07 2.59088e-07 2.37233e-07 2.17218e-07 1.98889e-07 1.82103e-07 1.66731e-07 1.52654e-07 1.39763e-07 1.27959e-07 1.1715e-07 1.07252e-07 9.81893e-08 8.98907e-08 8.22922e-08 7.53348e-08 6.89646e-08 6.31321e-08 5.7792e-08 5.29028e-08 4.84266e-08 4.43284e-08 4.05764e-08 3.71415e-08 3.39968e-08 3.1118e-08 2.84825e-08 2.60699e-08 2.38613e-08 2.18395e-08 1.99888e-08 1.82946e-08 1.67438e-08 1.53243e-08 1.40249e-08 1.28355e-08 1.17468e-08 1.07503e-08 9.83827e-09 9.00347e-09 8.23939e-09 7.54007e-09 6.90001e-09 6.3142e-09 5.77806e-09 5.28737e-09 4.8383e-09 4.42731e-09 4.05119e-09 3.70698e-09 3.39197e-09 3.10369e-09 2.83988e-09 2.59846e-09 2.37754e-09 2.17537e-09 1.99038e-09 1.82109e-09 1.66618e-09 1.52444e-09 1.39473e-09 1.27605e-09 1.16746e-09 1.06809e-09 9.7717e-10 8.9398e-10 8.17864e-10 7.48221e-10 6.845e-10 6.262e-10 5.72859e-10 5.24056e-10 4.79406e-10 4.38556e-10 4.01182e-10 3.6699e-10 3.35708e-10 3.0709e-10 2.80908e-10 2.56957e-10 2.35045e-10 2.14999e-10 1.96661e-10 1.79886e-10
5.85986e-05 1.05672e-06 9.67929e-07 8.86583e-07 8.12057e-07 7.43782e-07 6.81234e-07 6.23934e-07 5.71442e-07 5.23358e-07 4.7931e-07 4.38962e-07 4.02002e-07 3.68148e-07 3.37139e-07 3.08737e-07 2.82722e-07 2.58895e-07 2.37071e-07 2.17084e-07 1.98778e-07 1.82013e-07 1.66659e-07 1.52598e-07 1.3972e-07 1.27928e-07 1.17129e-07 1.07239e-07 9.81833e-08 8.98907e-08 8.22972e-08 7.53439e-08 6.89771e-08 6.31473e-08 5.78094e-08 5.29218e-08 4.84468e-08 4.43495e-08 4.05981e-08 3.71635e-08 3.4019e-08 3.11401e-08 2.85044e-08 2.60914e-08 2.38824e-08 2.186e-08 2.00087e-08 1.83138e-08 1.67624e-08 1.53421e-08 1.4042e-08 1.28519e-08 1.17624e-08 1.07652e-08 9.85245e-09 9.01694e-09 8.25217e-09 7.55217e-09 6.91145e-09 6.32502e-09 5.78827e-09 5.297e-09 4.84737e-09 4.43585e-09 4.05921e-09 3.71451e-09 3.39904e-09 3.11033e-09 2.8461e-09 2.60429e-09 2.383e-09 2.18048e-09 1.99515e-09 1.82555e-09 1.67035e-09 1.52833e-09 1.39837e-09 1.27944e-09 1.17061e-09 1.07103e-09 9.79913e-10 8.96535e-10 8.20242e-10 7.50433e-10 6.86559e-10 6.28114e-10 5.74638e-10 5.2571e-10 4.80943e-10 4.39983e-10 4.02507e-10 3.6822e-10 3.3685e-10 3.08149e-10 2.81891e-10 2.57868e-10 2.35889e-10 2.15782e-10 1.97387e-10 1.80558e-10 1.65162e-10
5.33898e-05 9.66117e-07 8.84984e-07 8.10649e-07 7.42543e-07 6.80145e-07 6.22979e-07 5.70607e-07 5.22627e-07 4.78673e-07 4.38407e-07 4.01521e-07 3.67732e-07 3.3678e-07 3.08428e-07 2.82457e-07 2.58669e-07 2.3688e-07 2.16922e-07 1.98643e-07 1.81901e-07 1.66567e-07 1.52523e-07 1.39661e-07 1.27881e-07 1.17093e-07 1.07213e-07 9.81654e-08 8.98798e-08 8.22922e-08 7.53439e-08 6.89812e-08 6.31549e-08 5.78198e-08 5.29345e-08 4.84613e-08 4.43654e-08 4.0615e-08 3.71812e-08 3.40371e-08 3.11585e-08 2.85229e-08 2.61098e-08 2.39006e-08 2.1878e-08 2.00262e-08 1.8331e-08 1.6779e-08 1.53581e-08 1.40575e-08 1.28667e-08 1.17767e-08 1.07789e-08 9.8655e-09 9.02938e-09 8.26401e-09 7.56341e-09 6.92212e-09 6.33512e-09 5.79783e-09 5.30604e-09 4.8559e-09 4.44389e-09 4.06679e-09 3.72164e-09 3.40574e-09 3.11662e-09 2.85201e-09 2.60983e-09 2.38819e-09 2.18535e-09 1.99971e-09 1.82982e-09 1.67434e-09 1.53206e-09 1.40185e-09 1.28269e-09 1.17365e-09 1.07386e-09 9.82552e-10 8.98995e-10 8.22534e-10 7.52568e-10 6.88545e-10 6.29963e-10 5.76358e-10 5.27309e-10 4.8243e-10 4.41365e-10 4.03791e-10 3.69412e-10 3.37957e-10 3.09177e-10 2.82845e-10 2.58753e-10 2.3671e-10 2.16543e-10 1.98093e-10 1.81212e-10 1.65769e-10 1.5164e-10
4.86441e-05 8.83273e-07 8.09138e-07 7.4121e-07 6.78971e-07 6.21946e-07 5.69699e-07 5.21831e-07 4.77976e-07 4.37798e-07 4.0099e-07 3.6727e-07 3.36379e-07 3.0808e-07 2.82157e-07 2.58411e-07 2.36659e-07 2.16734e-07 1.98483e-07 1.81766e-07 1.66454e-07 1.52429e-07 1.39583e-07 1.27818e-07 1.17043e-07 1.07174e-07 9.81356e-08 8.9858e-08 8.22772e-08 7.53348e-08 6.89771e-08 6.31549e-08 5.78232e-08 5.29408e-08 4.84699e-08 4.43759e-08 4.06271e-08 3.71944e-08 3.40512e-08 3.11732e-08 2.8538e-08 2.61252e-08 2.3916e-08 2.18933e-08 2.00414e-08 1.83459e-08 1.67936e-08 1.53724e-08 1.40713e-08 1.28802e-08 1.17897e-08 1.07913e-08 9.87743e-09 9.04079e-09 8.27491e-09 7.5738e-09 6.93201e-09 6.34452e-09 5.80674e-09 5.31447e-09 4.86388e-09 4.45143e-09 4.07391e-09 3.72836e-09 3.41207e-09 3.12258e-09 2.85761e-09 2.61509e-09 2.39313e-09 2.18998e-09 2.00405e-09 1.83389e-09 1.67815e-09 1.53562e-09 1.40518e-09 1.28581e-09 1.17656e-09 1.07658e-09 9.85088e-10 9.0136e-10 8.24739e-10 7.54623e-10 6.9046e-10 6.31746e-10 5.78019e-10 5.28855e-10 4.83867e-10 4.42701e-10 4.05034e-10 3.70567e-10 3.3903e-10 3.10174e-10 2.8377e-10 2.59612e-10 2.37508e-10 2.17283e-10 1.98779e-10 1.81849e-10 1.66359e-10 1.52187e-10 1.39221e-10
