0.955645 0.00467375 0.00361153 0.00279073 0.00215647 0.00166637 0.00128765 0.000994999 0.000768863 0.000594121 0.000459094 0.000354754 0.000274128 0.000211826 0.000163684 0.000126483 9.7737e-05 7.5524e-05 5.83595e-05 4.50959e-05 3.48469e-05 2.69271e-05 2.08073e-05 1.60784e-05 1.24242e-05 9.60052e-06 7.41859e-06 5.73254e-06 4.42969e-06 3.42295e-06 2.645e-06 2.04387e-06 1.57935e-06 1.22041e-06 9.43042e-07 7.28714e-07 5.63098e-07 4.35121e-07 3.3623e-07 2.59814e-07 2.00765e-07 1.55137e-07 1.19878e-07 9.26333e-08 7.15803e-08 5.53121e-08 4.27411e-08 3.30272e-08 2.5521e-08 1.97208e-08 1.52388e-08 1.17754e-08 9.09921e-09 7.0312e-09 5.4332e-09 4.19838e-09 3.24421e-09 2.50689e-09 1.93714e-09 1.49688e-09 1.15668e-09 8.93799e-10 6.90662e-10 5.33694e-10 4.124e-10 3.18673e-10 2.46247e-10 1.90282e-10 1.47036e-10 1.13619e-10 8.77962e-11 6.78425e-11 5.24238e-11 4.05093e-11 3.13026e-11 2.41884e-11 1.8691e-11 1.44431e-11 1.11606e-11 8.62406e-12 6.66405e-12 5.14949e-12 3.97915e-12 3.0748e-12 2.37598e-12 1.83599e-12 1.41872e-12 1.09628e-12 8.47126e-13 6.54598e-13 5.05825e-13 3.90865e-13 3.02032e-13 2.33388e-13 1.80346e-13 1.39358e-13 1.07686e-13 8.32117e-14 6.42999e-14 4.96863e-14 3.8394e-14
0.00467375 0.000155921 0.000121614 9.48472e-05 7.39654e-05 5.76763e-05 4.49707e-05 3.50613e-05 2.73333e-05 2.1307e-05 1.66081e-05 1.29445e-05 1.00883e-05 7.86174e-06 6.12618e-06 4.77342e-06 3.71912e-06 2.89749e-06 2.25722e-06 1.75832e-06 1.3696e-06 1.06675e-06 8.30813e-07 6.47021e-07 5.03856e-07 3.92346e-07 3.05497e-07 2.37859e-07 1.85185e-07 1.44168e-07 1.1223e-07 8.73624e-08 6.80013e-08 5.29281e-08 4.11939e-08 3.20596e-08 2.49494e-08 1.94152e-08 1.51078e-08 1.17555e-08 9.14657e-09 7.11632e-09 5.53647e-09 4.30715e-09 3.35064e-09 2.60643e-09 2.02743e-09 1.57698e-09 1.22656e-09 9.53961e-10 7.41918e-10 5.76983e-10 4.48696e-10 3.48919e-10 2.71318e-10 2.10968e-10 1.64036e-10 1.27539e-10 9.91586e-11 7.70907e-11 5.99318e-11 4.65905e-11 3.62178e-11 2.81534e-11 2.18839e-11 1.70099e-11 1.3221e-11 1.02758e-11 7.98636e-12 6.20681e-12 4.82363e-12 3.74857e-12 2.91302e-12 2.26364e-12 1.75896e-12 1.36676e-12 1.06198e-12 8.2514e-13 6.41099e-13 4.98092e-13 3.86973e-13 3.00635e-13 2.33554e-13 1.81435e-13 1.40943e-13 1.09485e-13 8.50454e-14 6.60598e-14 5.13111e-14 3.98542e-14 3.09547e-14 2.40418e-14 1.86722e-14 1.45015e-14 1.12621e-14 8.74612e-15 6.79205e-15 5.27443e-15 4.0958e-15 3.18048e-15 2.46965e-15
0.00361153 0.000121614 9.48848e-05 7.40239e-05 5.77444e-05 4.50413e-05 3.51298e-05 2.73971e-05 2.13647e-05 1.66593e-05 1.29892e-05 1.01269e-05 7.89468e-06 6.15407e-06 4.79687e-06 3.73872e-06 2.91379e-06 2.27071e-06 1.76945e-06 1.37874e-06 1.07424e-06 8.36933e-07 6.52007e-07 5.0791e-07 3.95635e-07 3.0816e-07 2.40011e-07 1.86923e-07 1.45568e-07 1.13357e-07 8.82678e-08 6.8728e-08 5.35108e-08 4.16606e-08 3.2433e-08 2.52479e-08 1.96536e-08 1.52981e-08 1.19072e-08 9.26745e-09 7.21257e-09 5.61305e-09 4.36805e-09 3.39904e-09 2.64487e-09 2.05794e-09 1.60119e-09 1.24575e-09 9.69175e-10 7.5397e-10 5.86527e-10 4.5625e-10 3.54896e-10 2.76045e-10 2.14705e-10 1.66989e-10 1.29872e-10 1.01001e-10 7.85452e-11 6.10797e-11 4.74961e-11 3.69321e-11 2.87166e-11 2.23278e-11 1.73598e-11 1.34967e-11 1.04929e-11 8.15732e-12 6.3414e-12 4.92956e-12 3.83192e-12 2.97859e-12 2.31522e-12 1.79952e-12 1.39865e-12 1.08705e-12 8.4484e-13 6.56578e-13 5.10252e-13 3.96525e-13 3.08137e-13 2.39444e-13 1.86059e-13 1.44572e-13 1.12333e-13 8.72806e-14 6.78134e-14 5.26868e-14 4.09332e-14 3.18008e-14 2.47052e-14 1.91924e-14 1.49093e-14 1.15817e-14 8.99659e-15 6.98831e-15 5.4282e-15 4.21627e-15 3.27484e-15 2.54356e-15 1.97552e-15
0.00279073 9.48472e-05 7.40239e-05 5.77671e-05 4.50766e-05 3.51708e-05 2.74396e-05 2.1406e-05 1.66978e-05 1.3024e-05 1.01578e-05 7.92168e-06 6.17736e-06 4.81676e-06 3.75557e-06 2.92795e-06 2.28256e-06 1.7793e-06 1.3869e-06 1.08097e-06 8.42461e-07 6.56537e-07 5.11611e-07 3.98651e-07 3.10612e-07 2.42001e-07 1.88534e-07 1.46871e-07 1.14408e-07 8.91153e-08 6.94101e-08 5.4059e-08 4.21008e-08 3.27859e-08 2.55307e-08 1.98799e-08 1.5479e-08 1.20517e-08 9.38277e-09 7.30454e-09 5.68635e-09 4.42642e-09 3.44549e-09 2.68181e-09 2.0873e-09 1.62451e-09 1.26427e-09 9.83868e-10 7.65624e-10 5.95764e-10 4.6357e-10 3.60692e-10 2.80634e-10 2.18336e-10 1.69861e-10 1.32143e-10 1.02796e-10 7.99634e-11 6.21999e-11 4.83806e-11 3.76301e-11 2.92674e-11 2.27623e-11 1.77025e-11 1.37668e-11 1.07058e-11 8.32509e-12 6.47357e-12 5.03365e-12 3.91388e-12 3.04311e-12 2.36599e-12 1.83948e-12 1.43008e-12 1.11177e-12 8.64276e-13 6.71858e-13 5.22263e-13 4.05964e-13 3.15553e-13 2.4527e-13 1.90635e-13 1.48166e-13 1.15155e-13 8.94957e-14 6.95521e-14 5.40513e-14 4.20039e-14 3.26408e-14 2.53642e-14 1.97092e-14 1.53146e-14 1.18995e-14 9.24575e-15 7.18363e-15 5.58129e-15 4.33625e-15 3.36886e-15 2.61722e-15 2.03323e-15 1.57951e-15
0.00215647 7.39654e-05 5.77444e-05 4.50766e-05 3.51846e-05 2.74609e-05 2.14308e-05 1.67234e-05 1.3049e-05 1.0181e-05 7.94272e-06 6.19602e-06 4.83307e-06 3.76963e-06 2.93997e-06 2.29273e-06 1.78786e-06 1.39406e-06 1.08692e-06 8.47391e-07 6.60603e-07 5.14954e-07 4.0139e-07 3.12851e-07 2.43826e-07 1.90018e-07 1.48075e-07 1.15383e-07 8.99039e-08 7.00467e-08 5.45722e-08 4.25138e-08 3.3118e-08 2.57973e-08 2.00937e-08 1.56503e-08 1.21888e-08 9.49242e-09 7.39214e-09 5.75628e-09 4.4822e-09 3.48994e-09 2.71722e-09 2.11548e-09 1.64693e-09 1.28209e-09 9.98025e-10 7.76865e-10 6.04685e-10 4.70646e-10 3.66302e-10 2.8508e-10 2.21858e-10 1.72649e-10 1.34349e-10 1.04541e-10 8.13438e-11 6.32911e-11 4.92429e-11 3.83113e-11 2.98053e-11 2.3187e-11 1.80376e-11 1.40312e-11 1.09143e-11 8.48952e-12 6.60318e-12 5.1358e-12 3.99436e-12 3.1065e-12 2.41591e-12 1.87878e-12 1.46102e-12 1.13611e-12 8.83429e-13 6.86924e-13 5.34111e-13 4.1528e-13 3.22876e-13 2.51026e-13 1.95158e-13 1.5172e-13 1.17947e-13 9.16885e-14 7.12741e-14 5.54033e-14 4.30653e-14 3.34739e-14 2.6018e-14 2.02222e-14 1.57171e-14 1.22152e-14 9.4934e-15 7.37784e-15 5.73357e-15 4.45564e-15 3.46245e-15 2.69058e-15 2.09073e-15 1.62457e-15 1.26231e-15
0.00166637 5.76763e-05 4.50413e-05 3.51708e-05 2.74609e-05 2.14391e-05 1.67363e-05 1.30639e-05 1.01965e-05 7.95776e-06 6.21004e-06 4.84577e-06 3.78091e-06 2.94982e-06 2.30123e-06 1.79512e-06 1.40021e-06 1.09209e-06 8.51718e-07 6.64203e-07 5.17935e-07 4.0385e-07 3.14873e-07 2.45483e-07 1.91372e-07 1.49179e-07 1.16282e-07 9.06329e-08 7.06372e-08 5.50498e-08 4.28994e-08 3.34289e-08 2.60475e-08 2.02949e-08 1.58118e-08 1.23184e-08 9.59627e-09 7.47527e-09 5.82276e-09 4.53532e-09 3.53235e-09 2.75105e-09 2.14245e-09 1.66841e-09 1.29919e-09 1.01163e-09 7.87682e-10 6.1328e-10 4.77471e-10 3.7172e-10 2.89378e-10 2.25265e-10 1.7535e-10 1.36489e-10 1.06236e-10 8.26849e-11 6.43522e-11 5.00821e-11 3.89749e-11 3.03298e-11 2.36013e-11 1.83648e-11 1.42896e-11 1.11183e-11 8.65044e-12 6.73012e-12 5.2359e-12 4.07328e-12 3.1687e-12 2.46492e-12 1.91739e-12 1.49143e-12 1.16006e-12 9.0228e-13 7.0176e-13 5.45786e-13 4.24464e-13 3.30101e-13 2.56707e-13 1.99625e-13 1.55231e-13 1.20706e-13 9.3857e-14 7.29778e-14 5.67417e-14 4.41164e-14 3.42993e-14 2.66661e-14 2.0731e-14 1.61164e-14 1.25286e-14 9.73929e-15 7.57076e-15 5.88491e-15 4.57434e-15 3.55554e-15 2.76357e-15 2.14795e-15 1.66943e-15 1.29748e-15 1.00837e-15
0.00128765 4.49707e-05 3.51298e-05 2.74396e-05 2.14308e-05 1.67363e-05 1.30689e-05 1.02042e-05 7.96679e-06 6.2194e-06 4.85486e-06 3.78938e-06 2.95749e-06 2.30804e-06 1.80107e-06 1.40534e-06 1.09648e-06 8.55436e-07 6.67331e-07 5.20551e-07 4.06027e-07 3.16676e-07 2.46971e-07 1.92596e-07 1.50182e-07 1.17101e-07 9.13012e-08 7.11809e-08 5.54911e-08 4.3257e-08 3.37181e-08 2.62811e-08 2.04832e-08 1.59635e-08 1.24403e-08 9.6942e-09 7.55384e-09 5.88572e-09 4.58573e-09 3.57267e-09 2.78327e-09 2.16818e-09 1.68894e-09 1.31556e-09 1.02467e-09 7.98063e-10 6.2154e-10 4.84039e-10 3.76939e-10 2.93523e-10 2.28556e-10 1.77961e-10 1.3856e-10 1.07877e-10 8.39854e-11 6.53822e-11 5.08975e-11 3.96201e-11 3.08402e-11 2.40049e-11 1.86838e-11 1.45417e-11 1.13174e-11 8.80767e-12 6.85424e-12 5.33386e-12 4.15056e-12 3.22966e-12 2.51299e-12 1.95528e-12 1.52129e-12 1.18358e-12 9.20811e-13 7.16354e-13 5.57276e-13 4.33509e-13 3.37219e-13 2.62308e-13 2.04031e-13 1.58696e-13 1.23431e-13 9.59993e-14 7.46618e-14 5.80651e-14 4.51563e-14 3.51163e-14 2.73078e-14 2.1235e-14 1.65122e-14 1.28394e-14 9.98323e-15 7.76222e-15 6.03516e-15 4.69223e-15 3.64803e-15 2.83613e-15 2.20486e-15 1.71406e-15 1.33247e-15 1.03581e-15 8.05174e-16
0.000994999 3.50613e-05 2.73971e-05 2.1406e-05 1.67234e-05 1.30639e-05 1.02042e-05 7.9698e-06 6.22408e-06 4.86031e-06 3.79503e-06 2.96298e-06 2.31316e-06 1.8057e-06 1.40946e-06 1.10008e-06 8.5854e-07 6.69984e-07 5.22799e-07 4.07919e-07 3.18259e-07 2.48288e-07 1.93687e-07 1.51083e-07 1.17842e-07 9.19082e-08 7.16772e-08 5.58958e-08 4.35863e-08 3.39854e-08 2.64977e-08 2.06584e-08 1.6105e-08 1.25545e-08 9.7861e-09 7.62775e-09 5.94509e-09 4.63336e-09 3.61086e-09 2.81385e-09 2.19264e-09 1.70849e-09 1.33117e-09 1.03713e-09 8.07997e-10 6.29456e-10 4.90342e-10 3.81955e-10 2.97512e-10 2.31727e-10 1.80479e-10 1.40559e-10 1.09464e-10 8.52439e-11 6.63799e-11 5.16881e-11 4.02463e-11 3.1336e-11 2.43973e-11 1.89943e-11 1.47872e-11 1.15115e-11 8.96107e-12 6.97543e-12 5.42957e-12 4.22613e-12 3.2893e-12 2.56005e-12 1.9924e-12 1.55056e-12 1.20666e-12 9.39004e-13 7.3069e-13 5.6857e-13 4.42404e-13 3.44223e-13 2.67822e-13 2.08371e-13 1.62112e-13 1.26118e-13 9.81132e-14 7.63243e-14 5.93724e-14 4.61841e-14 3.59242e-14 2.79427e-14 2.17338e-14 1.6904e-14 1.31472e-14 1.0225e-14 7.95205e-15 6.1842e-15 4.80923e-15 3.73986e-15 2.90819e-15 2.26141e-15 1.75842e-15 1.36727e-15 1.0631e-15 8.2658e-16 6.42662e-16
0.000768863 2.73333e-05 2.13647e-05 1.66978e-05 1.3049e-05 1.01965e-05 7.96679e-06 6.22408e-06 4.86213e-06 3.79785e-06 2.96627e-06 2.31657e-06 1.80902e-06 1.41255e-06 1.10288e-06 8.61029e-07 6.72159e-07 5.24677e-07 4.09523e-07 3.19618e-07 2.49432e-07 1.94644e-07 1.5188e-07 1.18502e-07 9.24532e-08 7.21255e-08 5.62634e-08 4.38868e-08 3.42305e-08 2.66972e-08 2.08204e-08 1.62363e-08 1.26606e-08 9.87188e-09 7.69693e-09 6.00081e-09 4.67818e-09 3.64686e-09 2.84274e-09 2.2158e-09 1.72704e-09 1.34601e-09 1.04899e-09 8.17473e-10 6.37018e-10 4.96373e-10 3.86762e-10 3.0134e-10 2.34773e-10 1.82903e-10 1.42485e-10 1.10994e-10 8.64591e-11 6.73444e-11 5.24532e-11 4.0853e-11 3.18168e-11 2.47782e-11 1.92959e-11 1.50259e-11 1.17004e-11 9.11047e-12 7.09356e-12 5.52293e-12 4.2999e-12 3.34757e-12 2.60606e-12 2.02872e-12 1.57923e-12 1.22928e-12 9.5684e-13 7.44754e-13 5.79657e-13 4.51142e-13 3.51108e-13 2.73246e-13 2.12643e-13 1.65475e-13 1.28766e-13 1.00197e-13 7.79639e-14 6.06622e-14 4.71986e-14 3.6722e-14 2.857e-14 2.2227e-14 1.72917e-14 1.34518e-14 1.04643e-14 8.14008e-15 6.33189e-15 4.92522e-15 3.83093e-15 2.97969e-15 2.31754e-15 1.80247e-15 1.40184e-15 1.09023e-15 8.47862e-16 6.59357e-16 5.12748e-16
0.000594121 2.1307e-05 1.66593e-05 1.3024e-05 1.0181e-05 7.95776e-06 6.2194e-06 4.86031e-06 3.79785e-06 2.96737e-06 2.31828e-06 1.81101e-06 1.41461e-06 1.10488e-06 8.62897e-07 6.73853e-07 5.26181e-07 4.10838e-07 3.20754e-07 2.50403e-07 1.95467e-07 1.52572e-07 1.19081e-07 9.29356e-08 7.25252e-08 5.65933e-08 4.41582e-08 3.44531e-08 2.68792e-08 2.09689e-08 1.63571e-08 1.27588e-08 9.95143e-09 7.7613e-09 6.05281e-09 4.72013e-09 3.68065e-09 2.86993e-09 2.23765e-09 1.74457e-09 1.36007e-09 1.06025e-09 8.26481e-10 6.4422e-10 5.02126e-10 3.91354e-10 3.05003e-10 2.37693e-10 1.85228e-10 1.44336e-10 1.12467e-10 8.76297e-11 6.82745e-11 5.31919e-11 4.14393e-11 3.2282e-11 2.51471e-11 1.95883e-11 1.52576e-11 1.18839e-11 9.25573e-12 7.20851e-12 5.61387e-12 4.37181e-12 3.40442e-12 2.65098e-12 2.06421e-12 1.60725e-12 1.2514e-12 9.74303e-13 7.58534e-13 5.90526e-13 4.59714e-13 3.57866e-13 2.78573e-13 2.1684e-13 1.68782e-13 1.31371e-13 1.02248e-13 7.95789e-14 6.19335e-14 4.81991e-14 3.75092e-14 2.91893e-14 2.27141e-14 1.76747e-14 1.3753e-14 1.07011e-14 8.32614e-15 6.4781e-15 5.04009e-15 3.92118e-15 3.05058e-15 2.3732e-15 1.84618e-15 1.43616e-15 1.11717e-15 8.69003e-16 6.75948e-16 5.25766e-16 4.08941e-16
0.000459094 1.66081e-05 1.29892e-05 1.01578e-05 7.94272e-06 6.21004e-06 4.85486e-06 3.79503e-06 2.96627e-06 2.31828e-06 1.81167e-06 1.41565e-06 1.10609e-06 8.64144e-07 6.75064e-07 5.27311e-07 4.11863e-07 3.21664e-07 2.51199e-07 1.96154e-07 1.53159e-07 1.19579e-07 9.33548e-08 7.2876e-08 5.68854e-08 4.44003e-08 3.4653e-08 2.70436e-08 2.11037e-08 1.64674e-08 1.28488e-08 1.00247e-08 7.82079e-09 6.10104e-09 4.75916e-09 3.71219e-09 2.89537e-09 2.25814e-09 1.76106e-09 1.37332e-09 1.07089e-09 8.35011e-10 6.51053e-10 5.07595e-10 3.95726e-10 3.08496e-10 2.40482e-10 1.87453e-10 1.4611e-10 1.13879e-10 8.87544e-11 6.91693e-11 5.39034e-11 4.20048e-11 3.27311e-11 2.55037e-11 1.98712e-11 1.5482e-11 1.20618e-11 9.39669e-12 7.32016e-12 5.70227e-12 4.44178e-12 3.45977e-12 2.69476e-12 2.09882e-12 1.63461e-12 1.27302e-12 9.91375e-13 7.72014e-13 6.01168e-13 4.68112e-13 3.64491e-13 2.83798e-13 2.20961e-13 1.72031e-13 1.33931e-13 1.04265e-13 8.11679e-14 6.3185e-14 4.91846e-14 3.8285e-14 2.97999e-14 2.31946e-14 1.80528e-14 1.40503e-14 1.09349e-14 8.51005e-15 6.62269e-15 5.15375e-15 4.01051e-15 3.12077e-15 2.42835e-15 1.88951e-15 1.47019e-15 1.14389e-15 8.89985e-16 6.9242e-16 5.38696e-16 4.19089e-16 3.2603e-16
0.000354754 1.29445e-05 1.01269e-05 7.92168e-06 6.19602e-06 4.84577e-06 3.78938e-06 2.96298e-06 2.31657e-06 1.81101e-06 1.41565e-06 1.10649e-06 8.64768e-07 6.75792e-07 5.28065e-07 4.12596e-07 3.22347e-07 2.51818e-07 1.96705e-07 1.53641e-07 1.19995e-07 9.37103e-08 7.31774e-08 5.71392e-08 4.46127e-08 3.48298e-08 2.71902e-08 2.12248e-08 1.6567e-08 1.29305e-08 1.00915e-08 7.87533e-09 6.14544e-09 4.79523e-09 3.74143e-09 2.91904e-09 2.27727e-09 1.77649e-09 1.38575e-09 1.08089e-09 8.43054e-10 6.57511e-10 5.12774e-10 3.99875e-10 3.11817e-10 2.43137e-10 1.89575e-10 1.47804e-10 1.15231e-10 8.98321e-11 7.0028e-11 5.45871e-11 4.25488e-11 3.31637e-11 2.58475e-11 2.01444e-11 1.56989e-11 1.22339e-11 9.53321e-12 7.4284e-12 5.78806e-12 4.50973e-12 3.51359e-12 2.73736e-12 2.13253e-12 1.66127e-12 1.2941e-12 1.00804e-12 7.85182e-13 6.1157e-13 4.76326e-13 3.70977e-13 2.88917e-13 2.25e-13 1.75216e-13 1.36443e-13 1.06246e-13 8.27294e-14 6.44155e-14 5.01541e-14 3.90487e-14 3.04013e-14 2.36681e-14 1.84255e-14 1.43437e-14 1.11658e-14 8.69166e-15 6.76554e-15 5.2661e-15 4.09884e-15 3.19022e-15 2.48294e-15 1.93241e-15 1.5039e-15 1.17037e-15 9.10789e-16 7.0876e-16 5.51528e-16 4.29164e-16 3.33939e-16 2.59836e-16
0.000274128 1.00883e-05 7.89468e-06 6.17736e-06 4.83307e-06 3.78091e-06 2.95749e-06 2.31316e-06 1.80902e-06 1.41461e-06 1.10609e-06 8.64768e-07 6.76035e-07 5.28443e-07 4.13036e-07 3.22804e-07 2.52262e-07 1.97118e-07 1.54016e-07 1.20328e-07 9.40017e-08 7.34291e-08 5.73544e-08 4.47952e-08 3.49835e-08 2.73189e-08 2.1332e-08 1.66558e-08 1.30039e-08 1.01519e-08 7.92486e-09 6.18596e-09 4.8283e-09 3.76836e-09 2.94091e-09 2.29501e-09 1.79085e-09 1.39736e-09 1.09026e-09 8.50601e-10 6.63585e-10 5.17656e-10 4.03796e-10 3.14962e-10 2.45657e-10 1.91592e-10 1.49417e-10 1.16521e-10 9.08617e-11 7.08495e-11 5.52421e-11 4.30707e-11 3.35793e-11 2.61783e-11 2.04075e-11 1.5908e-11 1.24e-11 9.66516e-12 7.53313e-12 5.87113e-12 4.57561e-12 3.5658e-12 2.77873e-12 2.1653e-12 1.68721e-12 1.31463e-12 1.02428e-12 7.98025e-13 6.21723e-13 4.8435e-13 3.77316e-13 2.93924e-13 2.28953e-13 1.78337e-13 1.38906e-13 1.08189e-13 8.42618e-14 6.56239e-14 5.11067e-14 3.97995e-14 3.09929e-14 2.41341e-14 1.87926e-14 1.46328e-14 1.13934e-14 8.8708e-15 6.90652e-15 5.37702e-15 4.18611e-15 3.25885e-15 2.53691e-15 1.97484e-15 1.53726e-15 1.1966e-15 9.31397e-16 7.24952e-16 5.64249e-16 4.39157e-16 3.41788e-16 2.65999e-16 2.0701e-16
0.000211826 7.86174e-06 6.15407e-06 4.81676e-06 3.76963e-06 2.94982e-06 2.30804e-06 1.8057e-06 1.41255e-06 1.10488e-06 8.64144e-07 6.75792e-07 5.28443e-07 4.13182e-07 3.23032e-07 2.52528e-07 1.97394e-07 1.54284e-07 1.20579e-07 9.42287e-08 7.36308e-08 5.75308e-08 4.49476e-08 3.51139e-08 2.74294e-08 2.14251e-08 1.67338e-08 1.30688e-08 1.02057e-08 7.96933e-09 6.22256e-09 4.85833e-09 3.79293e-09 2.96097e-09 2.31134e-09 1.80412e-09 1.40812e-09 1.09897e-09 8.57644e-10 6.69269e-10 5.22238e-10 4.07483e-10 3.17926e-10 2.48038e-10 1.93502e-10 1.50948e-10 1.17746e-10 9.1842e-11 7.1633e-11 5.58678e-11 4.35701e-11 3.39776e-11 2.64956e-11 2.06602e-11 1.61092e-11 1.256e-11 9.79238e-12 7.63422e-12 5.95142e-12 4.63935e-12 3.61637e-12 2.81884e-12 2.19709e-12 1.7124e-12 1.33458e-12 1.04008e-12 8.1053e-13 6.31617e-13 4.92176e-13 3.83504e-13 2.98814e-13 2.32817e-13 1.8139e-13 1.41316e-13 1.10092e-13 8.57638e-14 6.6809e-14 5.20415e-14 4.05367e-14 3.15742e-14 2.45923e-14 1.91537e-14 1.49173e-14 1.16175e-14 9.0473e-15 7.04549e-15 5.48643e-15 4.27222e-15 3.32662e-15 2.59023e-15 2.01678e-15 1.57024e-15 1.22253e-15 9.51791e-16 7.40984e-16 5.7685e-16 4.49059e-16 3.49568e-16 2.72111e-16 2.11811e-16 1.64869e-16
0.000163684 6.12618e-06 4.79687e-06 3.75557e-06 2.93997e-06 2.30123e-06 1.80107e-06 1.40946e-06 1.10288e-06 8.62897e-07 6.75064e-07 5.28065e-07 4.13036e-07 3.23032e-07 2.52616e-07 1.97532e-07 1.54445e-07 1.20746e-07 9.4391e-08 7.37823e-08 5.76683e-08 4.50698e-08 3.52207e-08 2.75218e-08 2.1504e-08 1.68008e-08 1.31252e-08 1.0253e-08 8.00868e-09 6.2552e-09 4.88529e-09 3.81512e-09 2.97918e-09 2.32624e-09 1.81629e-09 1.41803e-09 1.10702e-09 8.64175e-10 6.74558e-10 5.26513e-10 4.10934e-10 3.20708e-10 2.50277e-10 1.95302e-10 1.52394e-10 1.18906e-10 9.27719e-11 7.23776e-11 5.64636e-11 4.40463e-11 3.4358e-11 2.67992e-11 2.09024e-11 1.63022e-11 1.27138e-11 9.91476e-12 7.73158e-12 6.02884e-12 4.70087e-12 3.66524e-12 2.85763e-12 2.22787e-12 1.73682e-12 1.35394e-12 1.05542e-12 8.22685e-13 6.41242e-13 4.99795e-13 3.89533e-13 3.03583e-13 2.36589e-13 1.84371e-13 1.43672e-13 1.11953e-13 8.72338e-14 6.79696e-14 5.29577e-14 4.12597e-14 3.21446e-14 2.50422e-14 1.95084e-14 1.51969e-14 1.18379e-14 9.22099e-15 7.18234e-15 5.59421e-15 4.3571e-15 3.39344e-15 2.64283e-15 2.05819e-15 1.60282e-15 1.24817e-15 9.71953e-16 7.5684e-16 5.89318e-16 4.58862e-16 3.57274e-16 2.78168e-16 2.1657e-16 1.68608e-16 1.31264e-16
0.000126483 4.77342e-06 3.73872e-06 2.92795e-06 2.29273e-06 1.79512e-06 1.40534e-06 1.10008e-06 8.61029e-07 6.73853e-07 5.27311e-07 4.12596e-07 3.22804e-07 2.52528e-07 1.97532e-07 1.54499e-07 1.20829e-07 9.44885e-08 7.38834e-08 5.77666e-08 4.51615e-08 3.5304e-08 2.75957e-08 2.15688e-08 1.68567e-08 1.3173e-08 1.02936e-08 8.04288e-09 6.28384e-09 4.90915e-09 3.83491e-09 2.99553e-09 2.3397e-09 1.82733e-09 1.42707e-09 1.11441e-09 8.70188e-10 6.79444e-10 5.30478e-10 4.14145e-10 3.23304e-10 2.52373e-10 1.96992e-10 1.53754e-10 1.2e-10 9.36506e-11 7.30827e-11 5.70288e-11 4.44989e-11 3.47201e-11 2.70888e-11 2.11337e-11 1.64868e-11 1.28611e-11 1.00322e-11 7.82511e-12 6.1033e-12 4.76012e-12 3.71236e-12 2.89508e-12 2.25762e-12 1.76044e-12 1.37269e-12 1.07029e-12 8.34477e-13 6.50589e-13 5.072e-13 3.95397e-13 3.08226e-13 2.40263e-13 1.87278e-13 1.45972e-13 1.13771e-13 8.86704e-14 6.91048e-14 5.38543e-14 4.19677e-14 3.27035e-14 2.54834e-14 1.98565e-14 1.54715e-14 1.20544e-14 9.39173e-15 7.31692e-15 5.70028e-15 4.44067e-15 3.45928e-15 2.69469e-15 2.09902e-15 1.63497e-15 1.27347e-15 9.91865e-16 7.72508e-16 6.01644e-16 4.68557e-16 3.64898e-16 2.84162e-16 2.21283e-16 1.72313e-16 1.34176e-16 1.04476e-16
9.7737e-05 3.71912e-06 2.91379e-06 2.28256e-06 1.78786e-06 1.40021e-06 1.09648e-06 8.5854e-07 6.72159e-07 5.26181e-07 4.11863e-07 3.22347e-07 2.52262e-07 1.97394e-07 1.54445e-07 1.20829e-07 9.4521e-08 7.3934e-08 5.78256e-08 4.52227e-08 3.53635e-08 2.76513e-08 2.16192e-08 1.69015e-08 1.32123e-08 1.03275e-08 8.07188e-09 6.30844e-09 4.92988e-09 3.85227e-09 3.01e-09 2.35171e-09 1.83725e-09 1.43524e-09 1.12111e-09 8.75675e-10 6.83924e-10 5.34127e-10 4.17112e-10 3.25711e-10 2.54323e-10 1.98568e-10 1.55027e-10 1.21026e-10 9.44771e-11 7.37474e-11 5.75628e-11 4.49275e-11 3.50637e-11 2.7364e-11 2.13539e-11 1.66629e-11 1.30018e-11 1.01445e-11 7.91472e-12 6.17474e-12 4.81703e-12 3.75767e-12 2.93114e-12 2.28631e-12 1.78324e-12 1.3908e-12 1.08468e-12 8.45895e-13 6.59647e-13 5.14384e-13 4.01092e-13 3.12739e-13 2.43837e-13 1.90108e-13 1.48212e-13 1.15544e-13 9.00723e-14 7.02133e-14 5.47305e-14 4.26602e-14 3.32505e-14 2.59154e-14 2.01976e-14 1.57408e-14 1.22669e-14 9.55935e-15 7.44913e-15 5.80453e-15 4.52286e-15 3.52406e-15 2.74573e-15 2.13924e-15 1.66665e-15 1.29842e-15 1.01151e-15 7.87972e-16 6.13815e-16 4.78135e-16 3.72434e-16 2.90091e-16 2.25946e-16 1.7598e-16 1.37059e-16 1.06742e-16 8.31294e-17
7.5524e-05 2.89749e-06 2.27071e-06 1.7793e-06 1.39406e-06 1.09209e-06 8.55436e-07 6.69984e-07 5.24677e-07 4.10838e-07 3.21664e-07 2.51818e-07 1.97118e-07 1.54284e-07 1.20746e-07 9.44885e-08 7.3934e-08 5.78453e-08 4.52533e-08 3.53992e-08 2.76884e-08 2.16552e-08 1.69352e-08 1.32428e-08 1.03546e-08 8.09565e-09 6.32899e-09 4.94746e-09 3.86719e-09 3.02257e-09 2.36224e-09 1.84603e-09 1.44252e-09 1.12713e-09 8.8063e-10 6.87993e-10 5.37458e-10 4.19832e-10 3.27927e-10 2.56124e-10 2.0003e-10 1.56212e-10 1.21984e-10 9.52504e-11 7.43711e-11 5.8065e-11 4.53315e-11 3.53883e-11 2.76245e-11 2.15628e-11 1.68303e-11 1.31357e-11 1.02516e-11 8.0003e-12 6.24307e-12 4.87156e-12 3.80115e-12 2.96579e-12 2.31389e-12 1.8052e-12 1.40827e-12 1.09856e-12 8.56928e-13 6.6841e-13 5.2134e-13 4.06612e-13 3.17116e-13 2.47308e-13 1.92858e-13 1.5039e-13 1.17269e-13 9.14381e-14 7.12941e-14 5.55855e-14 4.33363e-14 3.3785e-14 2.63378e-14 2.05314e-14 1.60044e-14 1.24751e-14 9.72369e-15 7.57883e-15 5.90687e-15 4.60359e-15 3.58773e-15 2.79593e-15 2.17881e-15 1.69783e-15 1.32299e-15 1.03087e-15 8.0322e-16 6.25822e-16 4.87588e-16 3.79875e-16 2.95947e-16 2.30555e-16 1.79605e-16 1.39911e-16 1.08986e-16 8.48934e-17 6.61249e-17
5.83595e-05 2.25722e-06 1.76945e-06 1.3869e-06 1.08692e-06 8.51718e-07 6.67331e-07 5.22799e-07 4.09523e-07 3.20754e-07 2.51199e-07 1.96705e-07 1.54016e-07 1.20579e-07 9.4391e-08 7.38834e-08 5.78256e-08 4.52533e-08 3.54111e-08 2.77069e-08 2.16769e-08 1.69577e-08 1.32647e-08 1.0375e-08 8.11417e-09 6.34545e-09 4.96187e-09 3.87965e-09 3.03323e-09 2.37129e-09 1.85365e-09 1.44891e-09 1.13245e-09 8.85049e-10 6.91645e-10 5.40465e-10 4.22301e-10 3.29949e-10 2.57776e-10 2.01376e-10 1.57306e-10 1.22872e-10 9.59699e-11 7.4953e-11 5.8535e-11 4.57105e-11 3.56936e-11 2.78701e-11 2.17601e-11 1.69887e-11 1.32627e-11 1.03534e-11 8.08177e-12 6.30823e-12 4.92363e-12 3.84273e-12 2.99897e-12 2.34035e-12 1.82629e-12 1.42506e-12 1.11193e-12 8.67563e-13 6.76866e-13 5.28061e-13 4.1195e-13 3.21355e-13 2.50671e-13 1.95526e-13 1.52506e-13 1.18946e-13 9.27666e-14 7.23462e-14 5.64184e-14 4.39955e-14 3.43066e-14 2.67503e-14 2.08575e-14 1.62622e-14 1.26788e-14 9.8846e-15 7.70591e-15 6.0072e-15 4.68278e-15 3.65022e-15 2.84524e-15 2.2177e-15 1.7285e-15 1.34717e-15 1.04992e-15 8.18237e-16 6.37654e-16 4.96909e-16 3.87216e-16 3.01727e-16 2.35105e-16 1.83187e-16 1.42729e-16 1.11203e-16 8.66382e-17 6.74973e-17 5.25835e-17
4.50959e-05 1.75832e-06 1.37874e-06 1.08097e-06 8.47391e-07 6.64203e-07 5.20551e-07 4.07919e-07 3.19618e-07 2.50403e-07 1.96154e-07 1.53641e-07 1.20328e-07 9.42287e-08 7.37823e-08 5.77666e-08 4.52227e-08 3.53992e-08 2.77069e-08 2.16841e-08 1.69689e-08 1.32778e-08 1.03886e-08 8.12741e-09 6.35782e-09 4.9731e-09 3.88964e-09 3.04197e-09 2.37884e-09 1.86012e-09 1.4544e-09 1.13708e-09 8.88926e-10 6.94876e-10 5.43147e-10 4.24518e-10 3.31775e-10 2.59275e-10 2.02604e-10 1.58309e-10 1.2369e-10 9.66346e-11 7.54925e-11 5.89722e-11 4.60642e-11 3.59793e-11 2.81005e-11 2.19458e-11 1.7138e-11 1.33828e-11 1.04497e-11 8.15905e-12 6.37015e-12 4.9732e-12 3.88238e-12 3.03066e-12 2.36567e-12 1.84649e-12 1.44118e-12 1.12477e-12 8.77792e-13 6.85009e-13 5.3454e-13 4.17102e-13 3.25449e-13 2.53924e-13 1.98109e-13 1.54556e-13 1.20572e-13 9.40563e-14 7.33685e-14 5.72285e-14 4.46372e-14 3.48147e-14 2.71525e-14 2.11757e-14 1.65139e-14 1.28778e-14 1.00419e-14 7.83025e-15 6.10544e-15 4.76037e-15 3.71149e-15 2.8936e-15 2.25587e-15 1.75862e-15 1.37092e-15 1.06866e-15 8.33011e-16 6.493e-16 5.06087e-16 3.94448e-16 3.07425e-16 2.39593e-16 1.86721e-16 1.45512e-16 1.13394e-16 8.83624e-17 6.88541e-17 5.36511e-17 4.18036e-17
3.48469e-05 1.3696e-06 1.07424e-06 8.42461e-07 6.60603e-07 5.17935e-07 4.06027e-07 3.18259e-07 2.49432e-07 1.95467e-07 1.53159e-07 1.19995e-07 9.40017e-08 7.36308e-08 5.76683e-08 4.51615e-08 3.53635e-08 2.76884e-08 2.16769e-08 1.69689e-08 1.32822e-08 1.03954e-08 8.13536e-09 6.36607e-09 4.98112e-09 3.89713e-09 3.04878e-09 2.3849e-09 1.86542e-09 1.45898e-09 1.141e-09 8.92256e-10 6.97684e-10 5.455e-10 4.2648e-10 3.33403e-10 2.60621e-10 2.03713e-10 1.5922e-10 1.24436e-10 9.7244e-11 7.59892e-11 5.93761e-11 4.63921e-11 3.6245e-11 2.83155e-11 2.21194e-11 1.72781e-11 1.34956e-11 1.05406e-11 8.23206e-12 6.42877e-12 5.02022e-12 3.92007e-12 3.06083e-12 2.3898e-12 1.86578e-12 1.45659e-12 1.13707e-12 8.87603e-13 6.9283e-13 5.4077e-13 4.22062e-13 3.29397e-13 2.57064e-13 2.00605e-13 1.56539e-13 1.22146e-13 9.53061e-14 7.43601e-14 5.8015e-14 4.52607e-14 3.53087e-14 2.75439e-14 2.14857e-14 1.67592e-14 1.3072e-14 1.01955e-14 7.95173e-15 6.20148e-15 4.83628e-15 3.77147e-15 2.94098e-15 2.29328e-15 1.78816e-15 1.39424e-15 1.08706e-15 8.47527e-16 6.6075e-16 5.15116e-16 4.01567e-16 3.13036e-16 2.44015e-16 1.90205e-16 1.48257e-16 1.15556e-16 9.00645e-17 7.01943e-17 5.4706e-17 4.26338e-17 3.32246e-17
2.69271e-05 1.06675e-06 8.36933e-07 6.56537e-07 5.14954e-07 4.0385e-07 3.16676e-07 2.48288e-07 1.94644e-07 1.52572e-07 1.19579e-07 9.37103e-08 7.34291e-08 5.75308e-08 4.50698e-08 3.5304e-08 2.76513e-08 2.16552e-08 1.69577e-08 1.32778e-08 1.03954e-08 8.13801e-09 6.3702e-09 4.98594e-09 3.90214e-09 3.05364e-09 2.38944e-09 1.86955e-09 1.46265e-09 1.14422e-09 8.95038e-10 7.00066e-10 5.47522e-10 4.28185e-10 3.34832e-10 2.61812e-10 2.04702e-10 1.60037e-10 1.25109e-10 9.77973e-11 7.64424e-11 5.97464e-11 4.66939e-11 3.64905e-11 2.85149e-11 2.2281e-11 1.74088e-11 1.36012e-11 1.06258e-11 8.30072e-12 6.48403e-12 5.06464e-12 3.95573e-12 3.08945e-12 2.41273e-12 1.88414e-12 1.47128e-12 1.14882e-12 8.96987e-13 7.00321e-13 5.46746e-13 4.26826e-13 3.33192e-13 2.60086e-13 2.0301e-13 1.58452e-13 1.23668e-13 9.65147e-14 7.53201e-14 5.8777e-14 4.58654e-14 3.57884e-14 2.79242e-14 2.17871e-14 1.6998e-14 1.32611e-14 1.03453e-14 8.07024e-15 6.29524e-15 4.91044e-15 3.83011e-15 2.98734e-15 2.32991e-15 1.8171e-15 1.4171e-15 1.10511e-15 8.61774e-16 6.71994e-16 5.23988e-16 4.08565e-16 3.18555e-16 2.48367e-16 1.93636e-16 1.50961e-16 1.17686e-16 9.17431e-17 7.15165e-17 5.57473e-17 4.34537e-17 3.38701e-17 2.63992e-17
2.08073e-05 8.30813e-07 6.52007e-07 5.11611e-07 4.0139e-07 3.14873e-07 2.46971e-07 1.93687e-07 1.5188e-07 1.19081e-07 9.33548e-08 7.31774e-08 5.73544e-08 4.49476e-08 3.52207e-08 2.75957e-08 2.16192e-08 1.69352e-08 1.32647e-08 1.03886e-08 8.13536e-09 6.3702e-09 4.98755e-09 3.90464e-09 3.05657e-09 2.39248e-09 1.8725e-09 1.46541e-09 1.14672e-09 8.97267e-10 7.02017e-10 5.4921e-10 4.2963e-10 3.36059e-10 2.62847e-10 2.05569e-10 1.60761e-10 1.2571e-10 9.82939e-11 7.68516e-11 6.00826e-11 4.69693e-11 3.67156e-11 2.86983e-11 2.24302e-11 1.753e-11 1.36995e-11 1.07053e-11 8.36496e-12 6.53586e-12 5.10641e-12 3.98936e-12 3.11648e-12 2.43444e-12 1.90156e-12 1.48524e-12 1.16e-12 9.05934e-13 7.07474e-13 5.52461e-13 4.31389e-13 3.36833e-13 2.62989e-13 2.05323e-13 1.60294e-13 1.25134e-13 9.76809e-14 7.62473e-14 5.9514e-14 4.64507e-14 3.62531e-14 2.8293e-14 2.20797e-14 1.72301e-14 1.3445e-14 1.0491e-14 8.18567e-15 6.38664e-15 4.98279e-15 3.88735e-15 3.03262e-15 2.36572e-15 1.84541e-15 1.43947e-15 1.12279e-15 8.75737e-16 6.83021e-16 5.32693e-16 4.15436e-16 3.23978e-16 2.52645e-16 1.9701e-16 1.53621e-16 1.19784e-16 9.33967e-17 7.28197e-17 5.67741e-17 4.42627e-17 3.45072e-17 2.69009e-17 2.09706e-17
1.60784e-05 6.47021e-07 5.0791e-07 3.98651e-07 3.12851e-07 2.45483e-07 1.92596e-07 1.51083e-07 1.18502e-07 9.29356e-08 7.2876e-08 5.71392e-08 4.47952e-08 3.51139e-08 2.75218e-08 2.15688e-08 1.69015e-08 1.32428e-08 1.0375e-08 8.12741e-09 6.36607e-09 4.98594e-09 3.90464e-09 3.05754e-09 2.39399e-09 1.87428e-09 1.46725e-09 1.14852e-09 8.9894e-10 7.03538e-10 5.50563e-10 4.30815e-10 3.37084e-10 2.63725e-10 2.06315e-10 1.61389e-10 1.26237e-10 9.87334e-11 7.72165e-11 6.03844e-11 4.7218e-11 3.69199e-11 2.88657e-11 2.25671e-11 1.76416e-11 1.37902e-11 1.0779e-11 8.42471e-12 6.58422e-12 5.14549e-12 4.02089e-12 3.1419e-12 2.45491e-12 1.91802e-12 1.49846e-12 1.17061e-12 9.14435e-13 7.14283e-13 5.5791e-13 4.35747e-13 3.40315e-13 2.65769e-13 2.07542e-13 1.62063e-13 1.26543e-13 9.88037e-14 7.71411e-14 6.0225e-14 4.70161e-14 3.67026e-14 2.865e-14 2.23632e-14 1.74551e-14 1.36235e-14 1.06326e-14 8.2979e-15 6.47558e-15 5.05324e-15 3.94315e-15 3.07679e-15 2.40068e-15 1.87306e-15 1.46134e-15 1.14008e-15 8.89405e-16 6.93821e-16 5.41226e-16 4.22175e-16 3.29299e-16 2.56845e-16 2.00325e-16 1.56237e-16 1.21847e-16 9.50239e-17 7.41027e-17 5.77856e-17 4.50599e-17 3.51354e-17 2.73959e-17 2.13605e-17 1.66541e-17
1.24242e-05 5.03856e-07 3.95635e-07 3.10612e-07 2.43826e-07 1.91372e-07 1.50182e-07 1.17842e-07 9.24532e-08 7.25252e-08 5.68854e-08 4.46127e-08 3.49835e-08 2.74294e-08 2.1504e-08 1.68567e-08 1.32123e-08 1.03546e-08 8.11417e-09 6.35782e-09 4.98112e-09 3.90214e-09 3.05657e-09 2.39399e-09 1.87487e-09 1.46817e-09 1.14959e-09 9.00057e-10 7.04625e-10 5.51579e-10 4.31738e-10 3.37906e-10 2.64444e-10 2.06937e-10 1.61922e-10 1.26689e-10 9.91152e-11 7.75367e-11 6.06514e-11 4.74398e-11 3.71033e-11 2.90169e-11 2.26913e-11 1.77434e-11 1.38734e-11 1.08468e-11 8.47991e-12 6.62906e-12 5.18185e-12 4.05032e-12 3.16568e-12 2.4741e-12 1.93349e-12 1.51091e-12 1.18062e-12 9.22481e-13 7.20741e-13 5.63087e-13 4.39894e-13 3.43634e-13 2.68424e-13 2.09663e-13 1.63757e-13 1.27895e-13 9.98819e-14 7.80005e-14 6.09096e-14 4.75611e-14 3.71362e-14 2.89949e-14 2.26373e-14 1.76729e-14 1.37965e-14 1.07699e-14 8.40684e-15 6.56199e-15 5.12175e-15 3.99744e-15 3.1198e-15 2.43474e-15 1.90003e-15 1.48269e-15 1.15697e-15 9.02765e-16 7.04385e-16 5.49577e-16 4.28775e-16 3.34513e-16 2.60963e-16 2.03577e-16 1.58805e-16 1.23874e-16 9.66232e-17 7.53644e-17 5.87808e-17 4.58447e-17 3.57542e-17 2.78836e-17 2.17448e-17 1.6957e-17 1.32229e-17
9.60052e-06 3.92346e-07 3.0816e-07 2.42001e-07 1.90018e-07 1.49179e-07 1.17101e-07 9.19082e-08 7.21255e-08 5.65933e-08 4.44003e-08 3.48298e-08 2.73189e-08 2.14251e-08 1.68008e-08 1.3173e-08 1.03275e-08 8.09565e-09 6.34545e-09 4.9731e-09 3.89713e-09 3.05364e-09 2.39248e-09 1.87428e-09 1.46817e-09 1.14995e-09 9.00616e-10 7.05278e-10 5.52257e-10 4.32398e-10 3.38522e-10 2.65005e-10 2.07436e-10 1.62359e-10 1.27067e-10 9.9439e-11 7.78117e-11 6.08835e-11 4.76343e-11 3.72656e-11 2.91517e-11 2.28028e-11 1.78353e-11 1.3949e-11 1.09087e-11 8.53051e-12 6.67033e-12 5.21543e-12 4.0776e-12 3.1878e-12 2.49201e-12 1.94796e-12 1.5226e-12 1.19004e-12 9.30065e-13 7.2684e-13 5.67988e-13 4.43827e-13 3.46788e-13 2.7095e-13 2.11685e-13 1.65374e-13 1.29188e-13 1.00915e-13 7.88246e-14 6.15669e-14 4.80851e-14 3.75536e-14 2.93272e-14 2.29018e-14 1.78832e-14 1.39637e-14 1.09028e-14 8.51238e-15 6.64577e-15 5.18824e-15 4.05018e-15 3.16162e-15 2.46789e-15 1.9263e-15 1.50349e-15 1.17344e-15 9.15804e-16 7.14703e-16 5.57739e-16 4.3523e-16 3.39616e-16 2.64997e-16 2.06765e-16 1.61322e-16 1.25863e-16 9.81932e-17 7.66038e-17 5.97589e-17 4.66164e-17 3.63629e-17 2.83637e-17 2.21234e-17 1.72554e-17 1.34581e-17 1.04961e-17
7.41859e-06 3.05497e-07 2.40011e-07 1.88534e-07 1.48075e-07 1.16282e-07 9.13012e-08 7.16772e-08 5.62634e-08 4.41582e-08 3.4653e-08 2.71902e-08 2.1332e-08 1.67338e-08 1.31252e-08 1.02936e-08 8.07188e-09 6.32899e-09 4.96187e-09 3.88964e-09 3.04878e-09 2.38944e-09 1.8725e-09 1.46725e-09 1.14959e-09 9.00616e-10 7.05495e-10 5.52596e-10 4.32794e-10 3.38934e-10 2.65405e-10 2.0781e-10 1.62699e-10 1.2737e-10 9.97044e-11 7.80414e-11 6.10802e-11 4.78015e-11 3.74066e-11 2.927e-11 2.29014e-11 1.79172e-11 1.40168e-11 1.09646e-11 8.57645e-12 6.70798e-12 5.24621e-12 4.10271e-12 3.20823e-12 2.50861e-12 1.96142e-12 1.5335e-12 1.19885e-12 9.37179e-13 7.32576e-13 5.72606e-13 4.47542e-13 3.49773e-13 2.73346e-13 2.13607e-13 1.66914e-13 1.30421e-13 1.019e-13 7.96127e-14 6.21964e-14 4.85875e-14 3.79544e-14 2.96467e-14 2.31563e-14 1.80859e-14 1.41251e-14 1.10311e-14 8.61442e-15 6.72686e-15 5.25265e-15 4.10133e-15 3.20221e-15 2.50009e-15 1.95183e-15 1.52374e-15 1.18948e-15 9.28512e-16 7.24766e-16 5.65705e-16 4.41534e-16 3.44604e-16 2.68942e-16 2.09884e-16 1.63788e-16 1.27811e-16 9.97326e-17 7.78197e-17 6.0719e-17 4.73744e-17 3.69612e-17 2.88358e-17 2.24959e-17 1.75492e-17 1.36898e-17 1.06787e-17 8.32968e-18
5.73254e-06 2.37859e-07 1.86923e-07 1.46871e-07 1.15383e-07 9.06329e-08 7.11809e-08 5.58958e-08 4.38868e-08 3.44531e-08 2.70436e-08 2.12248e-08 1.66558e-08 1.30688e-08 1.0253e-08 8.04288e-09 6.30844e-09 4.94746e-09 3.87965e-09 3.04197e-09 2.3849e-09 1.86955e-09 1.46541e-09 1.14852e-09 9.00057e-10 7.05278e-10 5.52596e-10 4.32926e-10 3.3914e-10 2.65646e-10 2.0806e-10 1.62943e-10 1.27598e-10 9.99111e-11 7.82254e-11 6.12415e-11 4.7941e-11 3.75262e-11 2.93716e-11 2.29872e-11 1.79891e-11 1.40768e-11 1.10144e-11 8.61769e-12 6.74198e-12 5.27416e-12 4.12561e-12 3.22696e-12 2.52389e-12 1.97386e-12 1.5436e-12 1.20705e-12 9.43815e-13 7.37941e-13 5.76938e-13 4.51035e-13 3.52586e-13 2.75609e-13 2.15425e-13 1.68374e-13 1.31592e-13 1.02839e-13 8.03639e-14 6.27974e-14 4.9068e-14 3.83382e-14 2.99531e-14 2.34008e-14 1.82808e-14 1.42804e-14 1.11548e-14 8.71286e-15 6.80518e-15 5.31492e-15 4.15082e-15 3.24153e-15 2.53132e-15 1.97662e-15 1.5434e-15 1.20508e-15 9.40875e-16 7.34565e-16 5.73468e-16 4.47682e-16 3.49472e-16 2.72795e-16 2.12932e-16 1.66199e-16 1.29718e-16 1.0124e-16 7.9011e-17 6.16604e-17 4.8118e-17 3.75485e-17 2.92995e-17 2.28619e-17 1.78381e-17 1.39177e-17 1.08585e-17 8.47147e-18 6.60893e-18
4.42969e-06 1.85185e-07 1.45568e-07 1.14408e-07 8.99039e-08 7.06372e-08 5.54911e-08 4.35863e-08 3.42305e-08 2.68792e-08 2.11037e-08 1.6567e-08 1.30039e-08 1.02057e-08 8.00868e-09 6.28384e-09 4.92988e-09 3.86719e-09 3.03323e-09 2.37884e-09 1.86542e-09 1.46265e-09 1.14672e-09 8.9894e-10 7.04625e-10 5.52257e-10 4.32794e-10 3.3914e-10 2.65726e-10 2.08185e-10 1.63089e-10 1.2775e-10 1.00059e-10 7.83636e-11 6.13671e-11 4.80529e-11 3.76242e-11 2.94564e-11 2.30598e-11 1.80509e-11 1.41289e-11 1.10582e-11 8.65417e-12 6.77229e-12 5.29924e-12 4.1463e-12 3.24397e-12 2.53783e-12 1.98526e-12 1.5529e-12 1.21462e-12 9.49967e-13 7.42931e-13 5.80979e-13 4.54303e-13 3.55225e-13 2.77737e-13 2.17139e-13 1.69753e-13 1.327e-13 1.03728e-13 8.10776e-14 6.33693e-14 4.9526e-14 3.87047e-14 3.02461e-14 2.36349e-14 1.84677e-14 1.44295e-14 1.12737e-14 8.80761e-15 6.88064e-15 5.375e-15 4.19862e-15 3.27954e-15 2.56153e-15 2.00062e-15 1.56246e-15 1.22021e-15 9.52884e-16 7.4409e-16 5.81021e-16 4.53669e-16 3.54215e-16 2.76552e-16 2.15907e-16 1.68554e-16 1.31581e-16 1.02714e-16 8.01768e-17 6.25821e-17 4.88465e-17 3.81242e-17 2.97543e-17 2.32211e-17 1.81217e-17 1.41416e-17 1.10353e-17 8.61094e-18 6.71897e-18 5.2425e-18
3.42295e-06 1.44168e-07 1.13357e-07 8.91153e-08 7.00467e-08 5.50498e-08 4.3257e-08 3.39854e-08 2.66972e-08 2.09689e-08 1.64674e-08 1.29305e-08 1.01519e-08 7.96933e-09 6.2552e-09 4.90915e-09 3.85227e-09 3.02257e-09 2.37129e-09 1.86012e-09 1.45898e-09 1.14422e-09 8.97267e-10 7.03538e-10 5.51579e-10 4.32398e-10 3.38934e-10 2.65646e-10 2.08185e-10 1.63138e-10 1.27825e-10 1.00148e-10 7.84558e-11 6.14569e-11 4.81368e-11 3.77005e-11 2.95243e-11 2.31194e-11 1.81025e-11 1.41731e-11 1.10957e-11 8.68587e-12 6.79888e-12 5.32143e-12 4.16474e-12 3.25923e-12 2.55041e-12 1.99561e-12 1.56138e-12 1.22156e-12 9.55629e-13 7.47541e-13 5.84726e-13 4.57342e-13 3.57686e-13 2.79728e-13 2.18747e-13 1.71049e-13 1.33744e-13 1.04569e-13 8.1753e-14 6.39117e-14 4.99611e-14 3.90534e-14 3.05254e-14 2.38583e-14 1.86464e-14 1.45722e-14 1.13877e-14 8.89858e-15 6.95319e-15 5.43282e-15 4.24468e-15 3.31621e-15 2.59071e-15 2.02383e-15 1.58091e-15 1.23487e-15 9.64527e-16 7.53333e-16 5.88356e-16 4.59488e-16 3.58829e-16 2.80209e-16 2.18806e-16 1.7085e-16 1.33399e-16 1.04154e-16 8.1316e-17 6.34833e-17 4.95594e-17 3.86878e-17 3.01999e-17 2.35733e-17 1.84e-17 1.43614e-17 1.12088e-17 8.74798e-18 6.82714e-18 5.32786e-18 4.15769e-18
2.645e-06 1.1223e-07 8.82678e-08 6.94101e-08 5.45722e-08 4.28994e-08 3.37181e-08 2.64977e-08 2.08204e-08 1.63571e-08 1.28488e-08 1.00915e-08 7.92486e-09 6.22256e-09 4.88529e-09 3.83491e-09 3.01e-09 2.36224e-09 1.85365e-09 1.4544e-09 1.141e-09 8.95038e-10 7.02017e-10 5.50563e-10 4.31738e-10 3.38522e-10 2.65405e-10 2.0806e-10 1.63089e-10 1.27825e-10 1.00177e-10 7.85019e-11 6.15108e-11 4.81929e-11 3.77551e-11 2.95754e-11 2.31658e-11 1.81438e-11 1.42093e-11 1.11271e-11 8.71274e-12 6.82172e-12 5.34072e-12 4.18092e-12 3.27273e-12 2.56164e-12 2.0049e-12 1.56905e-12 1.22786e-12 9.60794e-13 7.51766e-13 5.88173e-13 4.60149e-13 3.59968e-13 2.81579e-13 2.20246e-13 1.72262e-13 1.34724e-13 1.05359e-13 8.23896e-14 6.44239e-14 5.03728e-14 3.93841e-14 3.07907e-14 2.4071e-14 1.88167e-14 1.47086e-14 1.14967e-14 8.98569e-15 7.02275e-15 5.48833e-15 4.28895e-15 3.3515e-15 2.61882e-15 2.04621e-15 1.59873e-15 1.24904e-15 9.75792e-16 7.62286e-16 5.95467e-16 4.65134e-16 3.63311e-16 2.83765e-16 2.21625e-16 1.73086e-16 1.35171e-16 1.05557e-16 8.24275e-17 6.43634e-17 5.02559e-17 3.9239e-17 3.06359e-17 2.3918e-17 1.86725e-17 1.45768e-17 1.13791e-17 8.88246e-18 6.93335e-18 5.41173e-18 4.2239e-18 3.29666e-18
2.04387e-06 8.73624e-08 6.8728e-08 5.4059e-08 4.25138e-08 3.34289e-08 2.62811e-08 2.06584e-08 1.62363e-08 1.27588e-08 1.00247e-08 7.87533e-09 6.18596e-09 4.85833e-09 3.81512e-09 2.99553e-09 2.35171e-09 1.84603e-09 1.44891e-09 1.13708e-09 8.92256e-10 7.00066e-10 5.4921e-10 4.30815e-10 3.37906e-10 2.65005e-10 2.0781e-10 1.62943e-10 1.2775e-10 1.00148e-10 7.85019e-11 6.15288e-11 4.82209e-11 3.77879e-11 2.96094e-11 2.3199e-11 1.81748e-11 1.42375e-11 1.11522e-11 8.73477e-12 6.8408e-12 5.35707e-12 4.19481e-12 3.28446e-12 2.57148e-12 2.01312e-12 1.57588e-12 1.23351e-12 9.65458e-13 7.55601e-13 5.91318e-13 4.62722e-13 3.62067e-13 2.83289e-13 2.21636e-13 1.7339e-13 1.35637e-13 1.06098e-13 8.29865e-14 6.49055e-14 5.07609e-14 3.96963e-14 3.10418e-14 2.42726e-14 1.89785e-14 1.48383e-14 1.16006e-14 9.06884e-15 7.08926e-15 5.54148e-15 4.3314e-15 3.38538e-15 2.64585e-15 2.06776e-15 1.61589e-15 1.26271e-15 9.8667e-16 7.7094e-16 6.02348e-16 4.70602e-16 3.67655e-16 2.87214e-16 2.24364e-16 1.75258e-16 1.36894e-16 1.06923e-16 8.35105e-17 6.52214e-17 5.09356e-17 3.97771e-17 3.10619e-17 2.42551e-17 1.89392e-17 1.47878e-17 1.15458e-17 9.01428e-18 7.03752e-18 5.49404e-18 4.28891e-18 3.348e-18 2.61341e-18
1.57935e-06 6.80013e-08 5.35108e-08 4.21008e-08 3.3118e-08 2.60475e-08 2.04832e-08 1.6105e-08 1.26606e-08 9.95143e-09 7.82079e-09 6.14544e-09 4.8283e-09 3.79293e-09 2.97918e-09 2.3397e-09 1.83725e-09 1.44252e-09 1.13245e-09 8.88926e-10 6.97684e-10 5.47522e-10 4.2963e-10 3.37084e-10 2.64444e-10 2.07436e-10 1.62699e-10 1.27598e-10 1.00059e-10 7.84558e-11 6.15108e-11 4.82209e-11 3.77988e-11 2.96265e-11 2.32189e-11 1.81955e-11 1.42577e-11 1.11711e-11 8.75193e-12 6.85608e-12 5.37047e-12 4.20642e-12 3.29441e-12 2.57994e-12 2.02025e-12 1.58187e-12 1.23851e-12 9.69616e-13 7.59043e-13 5.94158e-13 4.65058e-13 3.63983e-13 2.84856e-13 2.22915e-13 1.74432e-13 1.36484e-13 1.06785e-13 8.35434e-14 6.5356e-14 5.11248e-14 3.99899e-14 3.12783e-14 2.4463e-14 1.91316e-14 1.49612e-14 1.16993e-14 9.14797e-15 7.15264e-15 5.59222e-15 4.37198e-15 3.41782e-15 2.67176e-15 2.08844e-15 1.63239e-15 1.27586e-15 9.97151e-16 7.79286e-16 6.08992e-16 4.75888e-16 3.71858e-16 2.90555e-16 2.27018e-16 1.77366e-16 1.38568e-16 1.08251e-16 8.45638e-17 6.60567e-17 5.15977e-17 4.03018e-17 3.14775e-17 2.45842e-17 1.91997e-17 1.4994e-17 1.1709e-17 9.14332e-18 7.13956e-18 5.5747e-18 4.35266e-18 3.39837e-18 2.6532e-18 2.07135e-18
