0.900366 2.9305e-05 2.87189e-05 2.81445e-05 2.75817e-05 2.703e-05 2.64894e-05 2.59596e-05 2.54404e-05 2.49316e-05 2.4433e-05 2.39443e-05 2.34655e-05 2.29961e-05 2.25362e-05 2.20855e-05 2.16438e-05 2.12109e-05 2.07867e-05 2.0371e-05 1.99635e-05 1.95643e-05 1.9173e-05 1.87895e-05 1.84137e-05 1.80455e-05 1.76845e-05 1.73309e-05 1.69842e-05 1.66446e-05 1.63117e-05 1.59854e-05 1.56657e-05 1.53524e-05 1.50454e-05 1.47445e-05 1.44496e-05 1.41606e-05 1.38774e-05 1.35998e-05 1.33278e-05 1.30613e-05 1.28e-05 1.2544e-05 1.22932e-05 1.20473e-05 1.18063e-05 1.15702e-05 1.13388e-05 1.1112e-05 1.08898e-05 1.0672e-05 1.04586e-05 1.02494e-05 1.00444e-05 9.84351e-06 9.64664e-06 9.45371e-06 9.26464e-06 9.07934e-06 8.89776e-06 8.7198e-06 8.54541e-06 8.3745e-06 8.20701e-06 8.04287e-06 7.88201e-06 7.72437e-06 7.56988e-06 7.41848e-06 7.27011e-06 7.12471e-06 6.98222e-06 6.84257e-06 6.70572e-06 6.57161e-06 6.44018e-06 6.31137e-06 6.18514e-06 6.06144e-06 5.94021e-06 5.82141e-06 5.70498e-06 5.59088e-06 5.47906e-06 5.36948e-06 5.26209e-06 5.15685e-06 5.05371e-06 4.95264e-06 4.85359e-06 4.75651e-06 4.66138e-06 4.56816e-06 4.47679e-06 4.38726e-06 4.29951e-06 4.21352e-06 4.12925e-06 4.04667e-06 3.96573e-06
2.9305e-05 2.47751e-06 2.43861e-06 2.40027e-06 2.36249e-06 2.32526e-06 2.28858e-06 2.25243e-06 2.21682e-06 2.18173e-06 2.14715e-06 2.11309e-06 2.07953e-06 2.04646e-06 2.01389e-06 1.9818e-06 1.95019e-06 1.91905e-06 1.88838e-06 1.85816e-06 1.8284e-06 1.79909e-06 1.77021e-06 1.74178e-06 1.71377e-06 1.68618e-06 1.65902e-06 1.63226e-06 1.60592e-06 1.57997e-06 1.55442e-06 1.52926e-06 1.50448e-06 1.48008e-06 1.45606e-06 1.43241e-06 1.40912e-06 1.38618e-06 1.36361e-06 1.34138e-06 1.31949e-06 1.29794e-06 1.27673e-06 1.25585e-06 1.23529e-06 1.21505e-06 1.19513e-06 1.17551e-06 1.15621e-06 1.1372e-06 1.1185e-06 1.10008e-06 1.08196e-06 1.06412e-06 1.04656e-06 1.02928e-06 1.01227e-06 9.95533e-07 9.79057e-07 9.62843e-07 9.46885e-07 9.3118e-07 9.15725e-07 9.00516e-07 8.85549e-07 8.7082e-07 8.56326e-07 8.42064e-07 8.28029e-07 8.14219e-07 8.0063e-07 7.8726e-07 7.74103e-07 7.61158e-07 7.48421e-07 7.3589e-07 7.2356e-07 7.11429e-07 6.99494e-07 6.87751e-07 6.76199e-07 6.64833e-07 6.53652e-07 6.42652e-07 6.3183e-07 6.21185e-07 6.10712e-07 6.0041e-07 5.90276e-07 5.80306e-07 5.705e-07 5.60854e-07 5.51365e-07 5.42031e-07 5.32851e-07 5.2382e-07 5.14938e-07 5.06202e-07 4.97609e-07 4.89157e-07 4.80844e-07
2.87189e-05 2.43861e-06 2.40117e-06 2.36426e-06 2.32787e-06 2.29199e-06 2.25662e-06 2.22175e-06 2.18738e-06 2.1535e-06 2.1201e-06 2.08718e-06 2.05473e-06 2.02275e-06 1.99123e-06 1.96016e-06 1.92954e-06 1.89936e-06 1.86963e-06 1.84032e-06 1.81145e-06 1.78299e-06 1.75495e-06 1.72732e-06 1.7001e-06 1.67328e-06 1.64685e-06 1.62082e-06 1.59516e-06 1.56989e-06 1.545e-06 1.52047e-06 1.49631e-06 1.47251e-06 1.44906e-06 1.42597e-06 1.40322e-06 1.38081e-06 1.35874e-06 1.337e-06 1.31559e-06 1.29451e-06 1.27374e-06 1.25329e-06 1.23315e-06 1.21331e-06 1.19377e-06 1.17454e-06 1.15559e-06 1.13694e-06 1.11857e-06 1.10048e-06 1.08267e-06 1.06514e-06 1.04787e-06 1.03087e-06 1.01413e-06 9.97654e-07 9.81429e-07 9.65456e-07 9.4973e-07 9.34247e-07 9.19006e-07 9.04002e-07 8.89231e-07 8.74691e-07 8.60377e-07 8.46288e-07 8.32419e-07 8.18767e-07 8.05329e-07 7.92102e-07 7.79084e-07 7.66269e-07 7.53657e-07 7.41244e-07 7.29027e-07 7.17002e-07 7.05168e-07 6.93522e-07 6.8206e-07 6.7078e-07 6.59679e-07 6.48754e-07 6.38003e-07 6.27424e-07 6.17013e-07 6.06769e-07 5.96688e-07 5.86768e-07 5.77007e-07 5.67403e-07 5.57953e-07 5.48654e-07 5.39504e-07 5.30502e-07 5.21645e-07 5.1293e-07 5.04356e-07 4.9592e-07 4.8762e-07
2.81445e-05 2.40027e-06 2.36426e-06 2.32874e-06 2.2937e-06 2.25914e-06 2.22505e-06 2.19143e-06 2.15827e-06 2.12556e-06 2.09331e-06 2.06151e-06 2.03015e-06 1.99922e-06 1.96872e-06 1.93865e-06 1.90901e-06 1.87977e-06 1.85095e-06 1.82254e-06 1.79453e-06 1.76692e-06 1.73969e-06 1.71286e-06 1.68641e-06 1.66033e-06 1.63463e-06 1.6093e-06 1.58433e-06 1.55972e-06 1.53547e-06 1.51157e-06 1.48801e-06 1.4648e-06 1.44192e-06 1.41938e-06 1.39717e-06 1.37528e-06 1.35371e-06 1.33246e-06 1.31152e-06 1.29089e-06 1.27056e-06 1.25053e-06 1.2308e-06 1.21136e-06 1.19221e-06 1.17335e-06 1.15477e-06 1.13646e-06 1.11843e-06 1.10066e-06 1.08317e-06 1.06593e-06 1.04895e-06 1.03223e-06 1.01577e-06 9.99546e-07 9.83572e-07 9.67839e-07 9.52344e-07 9.37085e-07 9.22057e-07 9.07258e-07 8.92685e-07 8.78333e-07 8.64201e-07 8.50286e-07 8.36583e-07 8.2309e-07 8.09805e-07 7.96724e-07 7.83844e-07 7.71162e-07 7.58676e-07 7.46383e-07 7.34281e-07 7.22365e-07 7.10634e-07 6.99085e-07 6.87716e-07 6.76523e-07 6.65505e-07 6.54658e-07 6.4398e-07 6.3347e-07 6.23123e-07 6.12939e-07 6.02914e-07 5.93046e-07 5.83334e-07 5.73774e-07 5.64364e-07 5.55103e-07 5.45987e-07 5.37015e-07 5.28186e-07 5.19495e-07 5.10942e-07 5.02525e-07 4.94241e-07
2.75817e-05 2.36249e-06 2.32787e-06 2.2937e-06 2.25998e-06 2.2267e-06 2.19386e-06 2.16145e-06 2.12947e-06 2.09792e-06 2.06679e-06 2.03607e-06 2.00577e-06 1.97588e-06 1.94638e-06 1.91729e-06 1.88859e-06 1.86028e-06 1.83236e-06 1.80482e-06 1.77766e-06 1.75087e-06 1.72444e-06 1.69839e-06 1.67269e-06 1.64735e-06 1.62236e-06 1.59772e-06 1.57343e-06 1.54947e-06 1.52585e-06 1.50256e-06 1.4796e-06 1.45697e-06 1.43465e-06 1.41265e-06 1.39097e-06 1.36959e-06 1.34851e-06 1.32774e-06 1.30727e-06 1.28708e-06 1.26719e-06 1.24759e-06 1.22826e-06 1.20922e-06 1.19045e-06 1.17196e-06 1.15373e-06 1.13577e-06 1.11807e-06 1.10063e-06 1.08344e-06 1.0665e-06 1.04982e-06 1.03338e-06 1.01718e-06 1.00121e-06 9.85489e-07 9.69997e-07 9.54733e-07 9.39696e-07 9.24883e-07 9.10289e-07 8.95914e-07 8.81752e-07 8.67802e-07 8.54061e-07 8.40526e-07 8.27194e-07 8.14062e-07 8.01127e-07 7.88388e-07 7.7584e-07 7.63482e-07 7.51311e-07 7.39325e-07 7.27519e-07 7.15894e-07 7.04445e-07 6.9317e-07 6.82067e-07 6.71133e-07 6.60366e-07 6.49764e-07 6.39324e-07 6.29045e-07 6.18923e-07 6.08956e-07 5.99143e-07 5.89481e-07 5.79968e-07 5.70601e-07 5.6138e-07 5.52301e-07 5.43362e-07 5.34562e-07 5.25899e-07 5.1737e-07 5.08974e-07 5.00708e-07
2.703e-05 2.32526e-06 2.29199e-06 2.25914e-06 2.2267e-06 2.19467e-06 2.16304e-06 2.13182e-06 2.10099e-06 2.07056e-06 2.04053e-06 2.01087e-06 1.98161e-06 1.95272e-06 1.92421e-06 1.89607e-06 1.8683e-06 1.84089e-06 1.81385e-06 1.78716e-06 1.76083e-06 1.73485e-06 1.70921e-06 1.68391e-06 1.65896e-06 1.63434e-06 1.61005e-06 1.58609e-06 1.56246e-06 1.53914e-06 1.51614e-06 1.49346e-06 1.47109e-06 1.44902e-06 1.42725e-06 1.40579e-06 1.38462e-06 1.36375e-06 1.34316e-06 1.32286e-06 1.30285e-06 1.28311e-06 1.26365e-06 1.24446e-06 1.22554e-06 1.20689e-06 1.1885e-06 1.17036e-06 1.15249e-06 1.13487e-06 1.1175e-06 1.10038e-06 1.0835e-06 1.06686e-06 1.05046e-06 1.0343e-06 1.01837e-06 1.00266e-06 9.87187e-07 9.71934e-07 9.56902e-07 9.42088e-07 9.27488e-07 9.13101e-07 8.98923e-07 8.84952e-07 8.71184e-07 8.57619e-07 8.44252e-07 8.31081e-07 8.18103e-07 8.05317e-07 7.92719e-07 7.80307e-07 7.68079e-07 7.56031e-07 7.44162e-07 7.32469e-07 7.2095e-07 7.09603e-07 6.98425e-07 6.87413e-07 6.76566e-07 6.65881e-07 6.55357e-07 6.4499e-07 6.34779e-07 6.24722e-07 6.14816e-07 6.0506e-07 5.95451e-07 5.85987e-07 5.76666e-07 5.67487e-07 5.58447e-07 5.49544e-07 5.40776e-07 5.32142e-07 5.2364e-07 5.15267e-07 5.07022e-07
2.64894e-05 2.28858e-06 2.25662e-06 2.22505e-06 2.19386e-06 2.16304e-06 2.1326e-06 2.10253e-06 2.07283e-06 2.0435e-06 2.01452e-06 1.98591e-06 1.95765e-06 1.92975e-06 1.9022e-06 1.87499e-06 1.84813e-06 1.82161e-06 1.79542e-06 1.76957e-06 1.74405e-06 1.71886e-06 1.69399e-06 1.66944e-06 1.64521e-06 1.6213e-06 1.5977e-06 1.57441e-06 1.55142e-06 1.52873e-06 1.50635e-06 1.48426e-06 1.46246e-06 1.44096e-06 1.41973e-06 1.3988e-06 1.37814e-06 1.35776e-06 1.33766e-06 1.31783e-06 1.29826e-06 1.27896e-06 1.25993e-06 1.24115e-06 1.22263e-06 1.20436e-06 1.18635e-06 1.16858e-06 1.15105e-06 1.13377e-06 1.11673e-06 1.09993e-06 1.08335e-06 1.06701e-06 1.0509e-06 1.03501e-06 1.01934e-06 1.0039e-06 9.88671e-07 9.73657e-07 9.58855e-07 9.44263e-07 9.29877e-07 9.15696e-07 9.01716e-07 8.87936e-07 8.74352e-07 8.60962e-07 8.47764e-07 8.34756e-07 8.21934e-07 8.09297e-07 7.96841e-07 7.84566e-07 7.72469e-07 7.60546e-07 7.48796e-07 7.37218e-07 7.25807e-07 7.14563e-07 7.03483e-07 6.92565e-07 6.81807e-07 6.71206e-07 6.60761e-07 6.5047e-07 6.4033e-07 6.3034e-07 6.20497e-07 6.10799e-07 6.01245e-07 5.91833e-07 5.82561e-07 5.73426e-07 5.64427e-07 5.55562e-07 5.46829e-07 5.38227e-07 5.29753e-07 5.21407e-07 5.13185e-07
2.59596e-05 2.25243e-06 2.22175e-06 2.19143e-06 2.16145e-06 2.13182e-06 2.10253e-06 2.07359e-06 2.04498e-06 2.01672e-06 1.98878e-06 1.96118e-06 1.93391e-06 1.90697e-06 1.88036e-06 1.85406e-06 1.82808e-06 1.80243e-06 1.77708e-06 1.75205e-06 1.72732e-06 1.70291e-06 1.67879e-06 1.65498e-06 1.63146e-06 1.60824e-06 1.58531e-06 1.56268e-06 1.54033e-06 1.51826e-06 1.49647e-06 1.47497e-06 1.45374e-06 1.43278e-06 1.4121e-06 1.39168e-06 1.37153e-06 1.35164e-06 1.33201e-06 1.31264e-06 1.29352e-06 1.27466e-06 1.25604e-06 1.23767e-06 1.21954e-06 1.20166e-06 1.18401e-06 1.1666e-06 1.14943e-06 1.13248e-06 1.11576e-06 1.09927e-06 1.083e-06 1.06696e-06 1.05113e-06 1.03552e-06 1.02011e-06 1.00493e-06 9.89944e-07 9.75169e-07 9.60598e-07 9.46227e-07 9.32055e-07 9.1808e-07 9.04299e-07 8.90709e-07 8.77309e-07 8.64096e-07 8.51068e-07 8.38222e-07 8.25557e-07 8.1307e-07 8.00759e-07 7.88621e-07 7.76656e-07 7.6486e-07 7.53231e-07 7.41768e-07 7.30467e-07 7.19328e-07 7.08349e-07 6.97526e-07 6.86858e-07 6.76344e-07 6.6598e-07 6.55766e-07 6.45699e-07 6.35778e-07 6.26e-07 6.16364e-07 6.06867e-07 5.97509e-07 5.88286e-07 5.79198e-07 5.70243e-07 5.61418e-07 5.52723e-07 5.44155e-07 5.35712e-07 5.27394e-07 5.19198e-07
2.54404e-05 2.21682e-06 2.18738e-06 2.15827e-06 2.12947e-06 2.10099e-06 2.07283e-06 2.04498e-06 2.01745e-06 1.99022e-06 1.9633e-06 1.93669e-06 1.91039e-06 1.88438e-06 1.85868e-06 1.83328e-06 1.80817e-06 1.78335e-06 1.75883e-06 1.7346e-06 1.71065e-06 1.68699e-06 1.66362e-06 1.64052e-06 1.61771e-06 1.59516e-06 1.5729e-06 1.5509e-06 1.52918e-06 1.50772e-06 1.48653e-06 1.46559e-06 1.44492e-06 1.42451e-06 1.40435e-06 1.38444e-06 1.36479e-06 1.34538e-06 1.32622e-06 1.3073e-06 1.28863e-06 1.27019e-06 1.25199e-06 1.23402e-06 1.21629e-06 1.19878e-06 1.1815e-06 1.16444e-06 1.14761e-06 1.131e-06 1.11461e-06 1.09843e-06 1.08246e-06 1.06671e-06 1.05116e-06 1.03582e-06 1.02068e-06 1.00575e-06 9.91013e-07 9.76476e-07 9.62134e-07 9.47985e-07 9.34027e-07 9.20257e-07 9.06674e-07 8.93276e-07 8.8006e-07 8.67024e-07 8.54166e-07 8.41484e-07 8.28976e-07 8.1664e-07 8.04474e-07 7.92476e-07 7.80644e-07 7.68975e-07 7.57469e-07 7.46122e-07 7.34934e-07 7.23902e-07 7.13024e-07 7.02298e-07 6.91723e-07 6.81296e-07 6.71016e-07 6.60881e-07 6.50889e-07 6.41039e-07 6.31328e-07 6.21755e-07 6.12318e-07 6.03015e-07 5.93845e-07 5.84806e-07 5.75897e-07 5.67115e-07 5.58459e-07 5.49927e-07 5.41518e-07 5.3323e-07 5.25062e-07
2.49316e-05 2.18173e-06 2.1535e-06 2.12556e-06 2.09792e-06 2.07056e-06 2.0435e-06 2.01672e-06 1.99022e-06 1.96401e-06 1.93808e-06 1.91244e-06 1.88707e-06 1.86198e-06 1.83717e-06 1.81264e-06 1.78838e-06 1.76439e-06 1.74067e-06 1.71722e-06 1.69404e-06 1.67112e-06 1.64847e-06 1.62608e-06 1.60395e-06 1.58207e-06 1.56046e-06 1.53909e-06 1.51798e-06 1.49712e-06 1.47651e-06 1.45614e-06 1.43602e-06 1.41614e-06 1.3965e-06 1.37709e-06 1.35793e-06 1.339e-06 1.3203e-06 1.30183e-06 1.28359e-06 1.26557e-06 1.24778e-06 1.23021e-06 1.21286e-06 1.19573e-06 1.17881e-06 1.16211e-06 1.14562e-06 1.12933e-06 1.11326e-06 1.09739e-06 1.08172e-06 1.06626e-06 1.05099e-06 1.03592e-06 1.02105e-06 1.00637e-06 9.91881e-07 9.77581e-07 9.63468e-07 9.4954e-07 9.35795e-07 9.22232e-07 9.08847e-07 8.9564e-07 8.82608e-07 8.6975e-07 8.57063e-07 8.44545e-07 8.32196e-07 8.20012e-07 8.07992e-07 7.96134e-07 7.84436e-07 7.72896e-07 7.61513e-07 7.50285e-07 7.3921e-07 7.28286e-07 7.17511e-07 7.06884e-07 6.96403e-07 6.86066e-07 6.75871e-07 6.65817e-07 6.55902e-07 6.46125e-07 6.36483e-07 6.26975e-07 6.176e-07 6.08355e-07 5.99239e-07 5.90252e-07 5.8139e-07 5.72652e-07 5.64038e-07 5.55545e-07 5.47172e-07 5.38917e-07 5.30779e-07
2.4433e-05 2.14715e-06 2.1201e-06 2.09331e-06 2.06679e-06 2.04053e-06 2.01452e-06 1.98878e-06 1.9633e-06 1.93808e-06 1.91312e-06 1.88842e-06 1.86397e-06 1.83977e-06 1.81584e-06 1.79215e-06 1.76872e-06 1.74554e-06 1.72261e-06 1.69993e-06 1.67749e-06 1.6553e-06 1.63336e-06 1.61165e-06 1.59019e-06 1.56897e-06 1.54799e-06 1.52725e-06 1.50674e-06 1.48646e-06 1.46642e-06 1.44661e-06 1.42703e-06 1.40767e-06 1.38854e-06 1.36964e-06 1.35095e-06 1.33249e-06 1.31424e-06 1.29622e-06 1.27841e-06 1.26081e-06 1.24342e-06 1.22624e-06 1.20927e-06 1.19251e-06 1.17595e-06 1.1596e-06 1.14345e-06 1.12749e-06 1.11173e-06 1.09617e-06 1.0808e-06 1.06562e-06 1.05064e-06 1.03584e-06 1.02123e-06 1.0068e-06 9.92554e-07 9.7849e-07 9.64605e-07 9.50898e-07 9.37366e-07 9.24008e-07 9.10822e-07 8.97806e-07 8.84959e-07 8.72278e-07 8.59762e-07 8.4741e-07 8.35219e-07 8.23188e-07 8.11314e-07 7.99597e-07 7.88035e-07 7.76626e-07 7.65368e-07 7.54259e-07 7.43298e-07 7.32484e-07 7.21814e-07 7.11287e-07 7.00902e-07 6.90656e-07 6.80548e-07 6.70577e-07 6.60741e-07 6.51038e-07 6.41467e-07 6.32026e-07 6.22714e-07 6.1353e-07 6.04471e-07 5.95536e-07 5.86724e-07 5.78034e-07 5.69463e-07 5.6101e-07 5.52675e-07 5.44455e-07 5.36349e-07
2.39443e-05 2.11309e-06 2.08718e-06 2.06151e-06 2.03607e-06 2.01087e-06 1.98591e-06 1.96118e-06 1.93669e-06 1.91244e-06 1.88842e-06 1.86463e-06 1.84108e-06 1.81776e-06 1.79467e-06 1.77182e-06 1.74919e-06 1.7268e-06 1.70464e-06 1.68271e-06 1.661e-06 1.63953e-06 1.61828e-06 1.59725e-06 1.57645e-06 1.55587e-06 1.53551e-06 1.51538e-06 1.49546e-06 1.47576e-06 1.45628e-06 1.43701e-06 1.41796e-06 1.39912e-06 1.38049e-06 1.36207e-06 1.34386e-06 1.32586e-06 1.30807e-06 1.29048e-06 1.27309e-06 1.2559e-06 1.23891e-06 1.22212e-06 1.20553e-06 1.18914e-06 1.17293e-06 1.15692e-06 1.1411e-06 1.12547e-06 1.11003e-06 1.09477e-06 1.0797e-06 1.06481e-06 1.0501e-06 1.03557e-06 1.02121e-06 1.00704e-06 9.93035e-07 9.79207e-07 9.65549e-07 9.52062e-07 9.38743e-07 9.2559e-07 9.12602e-07 8.99777e-07 8.87115e-07 8.74612e-07 8.62268e-07 8.50081e-07 8.3805e-07 8.26172e-07 8.14446e-07 8.02871e-07 7.91445e-07 7.80167e-07 7.69035e-07 7.58047e-07 7.47202e-07 7.36499e-07 7.25935e-07 7.1551e-07 7.05221e-07 6.95068e-07 6.85049e-07 6.75163e-07 6.65407e-07 6.55781e-07 6.46282e-07 6.36911e-07 6.27664e-07 6.18541e-07 6.09541e-07 6.00662e-07 5.91902e-07 5.8326e-07 5.74735e-07 5.66325e-07 5.5803e-07 5.49847e-07 5.41775e-07
2.34655e-05 2.07953e-06 2.05473e-06 2.03015e-06 2.00577e-06 1.98161e-06 1.95765e-06 1.93391e-06 1.91039e-06 1.88707e-06 1.86397e-06 1.84108e-06 1.8184e-06 1.79593e-06 1.77368e-06 1.75163e-06 1.7298e-06 1.70818e-06 1.68677e-06 1.66557e-06 1.64458e-06 1.6238e-06 1.60323e-06 1.58287e-06 1.56271e-06 1.54276e-06 1.52302e-06 1.50348e-06 1.48414e-06 1.46501e-06 1.44608e-06 1.42734e-06 1.40881e-06 1.39048e-06 1.37235e-06 1.35441e-06 1.33667e-06 1.31912e-06 1.30177e-06 1.28461e-06 1.26764e-06 1.25086e-06 1.23426e-06 1.21786e-06 1.20164e-06 1.1856e-06 1.16975e-06 1.15408e-06 1.13859e-06 1.12328e-06 1.10815e-06 1.0932e-06 1.07842e-06 1.06381e-06 1.04937e-06 1.03511e-06 1.02102e-06 1.00709e-06 9.9333e-07 9.79736e-07 9.66305e-07 9.53037e-07 9.3993e-07 9.26982e-07 9.14192e-07 9.01559e-07 8.89081e-07 8.76756e-07 8.64584e-07 8.52563e-07 8.40691e-07 8.28967e-07 8.1739e-07 8.05958e-07 7.9467e-07 7.83523e-07 7.72518e-07 7.61652e-07 7.50924e-07 7.40333e-07 7.29877e-07 7.19555e-07 7.09365e-07 6.99307e-07 6.89378e-07 6.79577e-07 6.69903e-07 6.60355e-07 6.50932e-07 6.41631e-07 6.32451e-07 6.23392e-07 6.14452e-07 6.0563e-07 5.96924e-07 5.88333e-07 5.79855e-07 5.7149e-07 5.63237e-07 5.55093e-07 5.47058e-07
2.29961e-05 2.04646e-06 2.02275e-06 1.99922e-06 1.97588e-06 1.95272e-06 1.92975e-06 1.90697e-06 1.88438e-06 1.86198e-06 1.83977e-06 1.81776e-06 1.79593e-06 1.7743e-06 1.75285e-06 1.7316e-06 1.71055e-06 1.68968e-06 1.66901e-06 1.64852e-06 1.62823e-06 1.60814e-06 1.58823e-06 1.56852e-06 1.54899e-06 1.52966e-06 1.51051e-06 1.49156e-06 1.47279e-06 1.45421e-06 1.43582e-06 1.41762e-06 1.3996e-06 1.38177e-06 1.36412e-06 1.34666e-06 1.32938e-06 1.31228e-06 1.29536e-06 1.27862e-06 1.26206e-06 1.24568e-06 1.22948e-06 1.21345e-06 1.1976e-06 1.18192e-06 1.16642e-06 1.15109e-06 1.13592e-06 1.12093e-06 1.10611e-06 1.09145e-06 1.07696e-06 1.06264e-06 1.04848e-06 1.03448e-06 1.02064e-06 1.00696e-06 9.93442e-07 9.80081e-07 9.66877e-07 9.53827e-07 9.40931e-07 9.28188e-07 9.15596e-07 9.03153e-07 8.9086e-07 8.78714e-07 8.66714e-07 8.54859e-07 8.43148e-07 8.31578e-07 8.2015e-07 8.08861e-07 7.97711e-07 7.86698e-07 7.75821e-07 7.65078e-07 7.54468e-07 7.4399e-07 7.33643e-07 7.23425e-07 7.13336e-07 7.03373e-07 6.93535e-07 6.83822e-07 6.74232e-07 6.64764e-07 6.55417e-07 6.46188e-07 6.37078e-07 6.28084e-07 6.19206e-07 6.10443e-07 6.01792e-07 5.93254e-07 5.84826e-07 5.76508e-07 5.68298e-07 5.60195e-07 5.52198e-07
2.25362e-05 2.01389e-06 1.99123e-06 1.96872e-06 1.94638e-06 1.92421e-06 1.9022e-06 1.88036e-06 1.85868e-06 1.83717e-06 1.81584e-06 1.79467e-06 1.77368e-06 1.75285e-06 1.7322e-06 1.71173e-06 1.69142e-06 1.6713e-06 1.65134e-06 1.63156e-06 1.61196e-06 1.59253e-06 1.57327e-06 1.55419e-06 1.53529e-06 1.51656e-06 1.498e-06 1.47962e-06 1.46141e-06 1.44338e-06 1.42552e-06 1.40783e-06 1.39032e-06 1.37298e-06 1.35581e-06 1.33881e-06 1.32198e-06 1.30533e-06 1.28884e-06 1.27252e-06 1.25637e-06 1.24038e-06 1.22456e-06 1.20891e-06 1.19342e-06 1.1781e-06 1.16294e-06 1.14794e-06 1.1331e-06 1.11842e-06 1.1039e-06 1.08954e-06 1.07534e-06 1.0613e-06 1.04741e-06 1.03367e-06 1.02009e-06 1.00666e-06 9.93377e-07 9.80248e-07 9.67268e-07 9.54436e-07 9.41751e-07 9.29212e-07 9.16817e-07 9.04566e-07 8.92457e-07 8.80489e-07 8.68662e-07 8.56973e-07 8.45422e-07 8.34008e-07 8.22729e-07 8.11585e-07 8.00573e-07 7.89694e-07 7.78945e-07 7.68326e-07 7.57836e-07 7.47473e-07 7.37236e-07 7.27123e-07 7.17135e-07 7.07269e-07 6.97525e-07 6.87901e-07 6.78396e-07 6.6901e-07 6.5974e-07 6.50585e-07 6.41545e-07 6.32619e-07 6.23805e-07 6.15102e-07 6.06509e-07 5.98025e-07 5.89648e-07 5.81379e-07 5.73214e-07 5.65155e-07 5.57198e-07
2.20855e-05 1.9818e-06 1.96016e-06 1.93865e-06 1.91729e-06 1.89607e-06 1.87499e-06 1.85406e-06 1.83328e-06 1.81264e-06 1.79215e-06 1.77182e-06 1.75163e-06 1.7316e-06 1.71173e-06 1.69201e-06 1.67244e-06 1.65303e-06 1.63378e-06 1.61469e-06 1.59575e-06 1.57698e-06 1.55836e-06 1.5399e-06 1.5216e-06 1.50347e-06 1.48549e-06 1.46767e-06 1.45001e-06 1.43251e-06 1.41518e-06 1.398e-06 1.38098e-06 1.36412e-06 1.34742e-06 1.33088e-06 1.3145e-06 1.29828e-06 1.28221e-06 1.2663e-06 1.25055e-06 1.23496e-06 1.21952e-06 1.20423e-06 1.1891e-06 1.17413e-06 1.15931e-06 1.14464e-06 1.13012e-06 1.11576e-06 1.10154e-06 1.08747e-06 1.07356e-06 1.05979e-06 1.04617e-06 1.03269e-06 1.01936e-06 1.00618e-06 9.93138e-07 9.8024e-07 9.67484e-07 9.54869e-07 9.42394e-07 9.30058e-07 9.1786e-07 9.058e-07 8.93875e-07 8.82086e-07 8.7043e-07 8.58908e-07 8.47518e-07 8.3626e-07 8.25131e-07 8.14131e-07 8.03259e-07 7.92514e-07 7.81895e-07 7.71401e-07 7.61031e-07 7.50783e-07 7.40657e-07 7.30652e-07 7.20766e-07 7.10999e-07 7.01349e-07 6.91816e-07 6.82397e-07 6.73093e-07 6.63903e-07 6.54824e-07 6.45856e-07 6.36999e-07 6.2825e-07 6.1961e-07 6.11076e-07 6.02648e-07 5.94325e-07 5.86105e-07 5.77988e-07 5.69973e-07 5.62059e-07
2.16438e-05 1.95019e-06 1.92954e-06 1.90901e-06 1.88859e-06 1.8683e-06 1.84813e-06 1.82808e-06 1.80817e-06 1.78838e-06 1.76872e-06 1.74919e-06 1.7298e-06 1.71055e-06 1.69142e-06 1.67244e-06 1.6536e-06 1.63489e-06 1.61633e-06 1.59791e-06 1.57963e-06 1.56149e-06 1.5435e-06 1.52565e-06 1.50794e-06 1.49039e-06 1.47297e-06 1.45571e-06 1.43859e-06 1.42162e-06 1.40479e-06 1.38811e-06 1.37158e-06 1.3552e-06 1.33896e-06 1.32287e-06 1.30693e-06 1.29113e-06 1.27548e-06 1.25998e-06 1.24462e-06 1.22941e-06 1.21435e-06 1.19943e-06 1.18466e-06 1.17003e-06 1.15554e-06 1.1412e-06 1.127e-06 1.11294e-06 1.09902e-06 1.08525e-06 1.07162e-06 1.05812e-06 1.04477e-06 1.03155e-06 1.01847e-06 1.00553e-06 9.9273e-07 9.80061e-07 9.67528e-07 9.55129e-07 9.42863e-07 9.3073e-07 9.18729e-07 9.06858e-07 8.95118e-07 8.83507e-07 8.72024e-07 8.60669e-07 8.4944e-07 8.38337e-07 8.27358e-07 8.16504e-07 8.05772e-07 7.95162e-07 7.84674e-07 7.74305e-07 7.64056e-07 7.53925e-07 7.43911e-07 7.34014e-07 7.24232e-07 7.14564e-07 7.0501e-07 6.95568e-07 6.86238e-07 6.77018e-07 6.67908e-07 6.58907e-07 6.50013e-07 6.41226e-07 6.32544e-07 6.23967e-07 6.15494e-07 6.07124e-07 5.98856e-07 5.90688e-07 5.82621e-07 5.74652e-07 5.66781e-07
2.12109e-05 1.91905e-06 1.89936e-06 1.87977e-06 1.86028e-06 1.84089e-06 1.82161e-06 1.80243e-06 1.78335e-06 1.76439e-06 1.74554e-06 1.7268e-06 1.70818e-06 1.68968e-06 1.6713e-06 1.65303e-06 1.63489e-06 1.61688e-06 1.59898e-06 1.58122e-06 1.56358e-06 1.54607e-06 1.52869e-06 1.51143e-06 1.49431e-06 1.47732e-06 1.46047e-06 1.44374e-06 1.42715e-06 1.41069e-06 1.39437e-06 1.37818e-06 1.36213e-06 1.34621e-06 1.33043e-06 1.31478e-06 1.29927e-06 1.2839e-06 1.26866e-06 1.25356e-06 1.23859e-06 1.22376e-06 1.20906e-06 1.1945e-06 1.18008e-06 1.16579e-06 1.15164e-06 1.13762e-06 1.12373e-06 1.10998e-06 1.09636e-06 1.08287e-06 1.06952e-06 1.0563e-06 1.04321e-06 1.03025e-06 1.01742e-06 1.00472e-06 9.92156e-07 9.79716e-07 9.67404e-07 9.5522e-07 9.43163e-07 9.31232e-07 9.19427e-07 9.07746e-07 8.9619e-07 8.84756e-07 8.73446e-07 8.62257e-07 8.5119e-07 8.40243e-07 8.29415e-07 8.18706e-07 8.08115e-07 7.97641e-07 7.87284e-07 7.77042e-07 7.66914e-07 7.56901e-07 7.47e-07 7.37212e-07 7.27534e-07 7.17967e-07 7.0851e-07 6.99161e-07 6.8992e-07 6.80786e-07 6.71758e-07 6.62835e-07 6.54017e-07 6.45301e-07 6.36688e-07 6.28177e-07 6.19766e-07 6.11456e-07 6.03244e-07 5.9513e-07 5.87113e-07 5.79193e-07 5.71368e-07
2.07867e-05 1.88838e-06 1.86963e-06 1.85095e-06 1.83236e-06 1.81385e-06 1.79542e-06 1.77708e-06 1.75883e-06 1.74067e-06 1.72261e-06 1.70464e-06 1.68677e-06 1.66901e-06 1.65134e-06 1.63378e-06 1.61633e-06 1.59898e-06 1.58175e-06 1.56462e-06 1.54761e-06 1.53071e-06 1.51393e-06 1.49726e-06 1.48071e-06 1.46428e-06 1.44796e-06 1.43177e-06 1.4157e-06 1.39975e-06 1.38392e-06 1.36821e-06 1.35263e-06 1.33717e-06 1.32184e-06 1.30662e-06 1.29154e-06 1.27658e-06 1.26175e-06 1.24704e-06 1.23245e-06 1.218e-06 1.20367e-06 1.18946e-06 1.17538e-06 1.16143e-06 1.1476e-06 1.1339e-06 1.12032e-06 1.10687e-06 1.09355e-06 1.08035e-06 1.06727e-06 1.05432e-06 1.0415e-06 1.02879e-06 1.01621e-06 1.00376e-06 9.91421e-07 9.79208e-07 9.67117e-07 9.55147e-07 9.43298e-07 9.31568e-07 9.19958e-07 9.08466e-07 8.97093e-07 8.85838e-07 8.747e-07 8.63678e-07 8.52771e-07 8.4198e-07 8.31304e-07 8.20741e-07 8.10291e-07 7.99954e-07 7.89728e-07 7.79613e-07 7.69608e-07 7.59713e-07 7.49926e-07 7.40248e-07 7.30676e-07 7.21211e-07 7.11852e-07 7.02597e-07 6.93447e-07 6.844e-07 6.75455e-07 6.66612e-07 6.5787e-07 6.49228e-07 6.40685e-07 6.32241e-07 6.23894e-07 6.15644e-07 6.0749e-07 5.99432e-07 5.91467e-07 5.83597e-07 5.75819e-07
2.0371e-05 1.85816e-06 1.84032e-06 1.82254e-06 1.80482e-06 1.78716e-06 1.76957e-06 1.75205e-06 1.7346e-06 1.71722e-06 1.69993e-06 1.68271e-06 1.66557e-06 1.64852e-06 1.63156e-06 1.61469e-06 1.59791e-06 1.58122e-06 1.56462e-06 1.54812e-06 1.53173e-06 1.51543e-06 1.49923e-06 1.48313e-06 1.46714e-06 1.45125e-06 1.43547e-06 1.4198e-06 1.40424e-06 1.38878e-06 1.37344e-06 1.3582e-06 1.34308e-06 1.32807e-06 1.31318e-06 1.2984e-06 1.28373e-06 1.26918e-06 1.25474e-06 1.24042e-06 1.22622e-06 1.21213e-06 1.19816e-06 1.1843e-06 1.17056e-06 1.15694e-06 1.14344e-06 1.13005e-06 1.11679e-06 1.10363e-06 1.0906e-06 1.07768e-06 1.06488e-06 1.0522e-06 1.03963e-06 1.02718e-06 1.01485e-06 1.00263e-06 9.90529e-07 9.78542e-07 9.6667e-07 9.54913e-07 9.4327e-07 9.31741e-07 9.20325e-07 9.09023e-07 8.97833e-07 8.86755e-07 8.75789e-07 8.64933e-07 8.54188e-07 8.43554e-07 8.33028e-07 8.22612e-07 8.12303e-07 8.02103e-07 7.92009e-07 7.82022e-07 7.72141e-07 7.62364e-07 7.52693e-07 7.43125e-07 7.3366e-07 7.24298e-07 7.15038e-07 7.05878e-07 6.96819e-07 6.8786e-07 6.79e-07 6.70238e-07 6.61574e-07 6.53007e-07 6.44536e-07 6.3616e-07 6.27878e-07 6.19691e-07 6.11597e-07 6.03595e-07 5.95685e-07 5.87866e-07 5.80137e-07
1.99635e-05 1.8284e-06 1.81145e-06 1.79453e-06 1.77766e-06 1.76083e-06 1.74405e-06 1.72732e-06 1.71065e-06 1.69404e-06 1.67749e-06 1.661e-06 1.64458e-06 1.62823e-06 1.61196e-06 1.59575e-06 1.57963e-06 1.56358e-06 1.54761e-06 1.53173e-06 1.51593e-06 1.50021e-06 1.48459e-06 1.46905e-06 1.45361e-06 1.43825e-06 1.423e-06 1.40783e-06 1.39277e-06 1.3778e-06 1.36293e-06 1.34816e-06 1.3335e-06 1.31893e-06 1.30447e-06 1.29011e-06 1.27585e-06 1.2617e-06 1.24766e-06 1.23372e-06 1.21989e-06 1.20616e-06 1.19254e-06 1.17903e-06 1.16563e-06 1.15234e-06 1.13916e-06 1.12608e-06 1.11312e-06 1.10026e-06 1.08751e-06 1.07488e-06 1.06235e-06 1.04993e-06 1.03762e-06 1.02542e-06 1.01334e-06 1.00135e-06 9.89483e-07 9.77721e-07 9.66067e-07 9.54522e-07 9.43085e-07 9.31755e-07 9.20534e-07 9.09419e-07 8.98412e-07 8.87511e-07 8.76716e-07 8.66027e-07 8.55444e-07 8.44965e-07 8.34591e-07 8.24321e-07 8.14155e-07 8.04091e-07 7.94131e-07 7.84272e-07 7.74514e-07 7.64858e-07 7.55302e-07 7.45846e-07 7.36489e-07 7.2723e-07 7.1807e-07 7.09007e-07 7.00041e-07 6.91171e-07 6.82397e-07 6.73717e-07 6.65132e-07 6.56641e-07 6.48242e-07 6.39936e-07 6.31722e-07 6.23598e-07 6.15565e-07 6.07621e-07 5.99767e-07 5.92001e-07 5.84322e-07
1.95643e-05 1.79909e-06 1.78299e-06 1.76692e-06 1.75087e-06 1.73485e-06 1.71886e-06 1.70291e-06 1.68699e-06 1.67112e-06 1.6553e-06 1.63953e-06 1.6238e-06 1.60814e-06 1.59253e-06 1.57698e-06 1.56149e-06 1.54607e-06 1.53071e-06 1.51543e-06 1.50021e-06 1.48507e-06 1.47001e-06 1.45502e-06 1.44011e-06 1.42528e-06 1.41053e-06 1.39587e-06 1.3813e-06 1.36681e-06 1.3524e-06 1.33809e-06 1.32387e-06 1.30974e-06 1.2957e-06 1.28176e-06 1.2679e-06 1.25415e-06 1.24049e-06 1.22693e-06 1.21346e-06 1.2001e-06 1.18683e-06 1.17366e-06 1.16059e-06 1.14762e-06 1.13476e-06 1.12199e-06 1.10932e-06 1.09676e-06 1.0843e-06 1.07194e-06 1.05968e-06 1.04753e-06 1.03547e-06 1.02352e-06 1.01168e-06 9.99931e-07 9.88289e-07 9.76749e-07 9.65312e-07 9.53977e-07 9.42745e-07 9.31614e-07 9.20586e-07 9.09659e-07 8.98833e-07 8.88109e-07 8.77486e-07 8.66963e-07 8.56541e-07 8.46219e-07 8.35996e-07 8.25873e-07 8.15849e-07 8.05923e-07 7.96095e-07 7.86365e-07 7.76732e-07 7.67196e-07 7.57756e-07 7.48413e-07 7.39164e-07 7.3001e-07 7.20951e-07 7.11985e-07 7.03113e-07 6.94333e-07 6.85646e-07 6.7705e-07 6.68546e-07 6.60131e-07 6.51807e-07 6.43572e-07 6.35426e-07 6.27367e-07 6.19397e-07 6.11513e-07 6.03715e-07 5.96003e-07 5.88376e-07
1.9173e-05 1.77021e-06 1.75495e-06 1.73969e-06 1.72444e-06 1.70921e-06 1.69399e-06 1.67879e-06 1.66362e-06 1.64847e-06 1.63336e-06 1.61828e-06 1.60323e-06 1.58823e-06 1.57327e-06 1.55836e-06 1.5435e-06 1.52869e-06 1.51393e-06 1.49923e-06 1.48459e-06 1.47001e-06 1.45549e-06 1.44104e-06 1.42665e-06 1.41234e-06 1.39809e-06 1.38392e-06 1.36982e-06 1.3558e-06 1.34186e-06 1.32799e-06 1.31421e-06 1.30051e-06 1.28688e-06 1.27335e-06 1.2599e-06 1.24653e-06 1.23325e-06 1.22006e-06 1.20696e-06 1.19394e-06 1.18102e-06 1.16819e-06 1.15544e-06 1.1428e-06 1.13024e-06 1.11778e-06 1.10541e-06 1.09313e-06 1.08095e-06 1.06887e-06 1.05688e-06 1.04498e-06 1.03318e-06 1.02148e-06 1.00987e-06 9.98363e-07 9.86948e-07 9.7563e-07 9.64408e-07 9.53283e-07 9.42254e-07 9.31322e-07 9.20485e-07 9.09745e-07 8.99101e-07 8.88553e-07 8.78101e-07 8.67745e-07 8.57483e-07 8.47317e-07 8.37246e-07 8.2727e-07 8.17388e-07 8.076e-07 7.97906e-07 7.88305e-07 7.78797e-07 7.69382e-07 7.60059e-07 7.50828e-07 7.41689e-07 7.32641e-07 7.23683e-07 7.14816e-07 7.06038e-07 6.9735e-07 6.88751e-07 6.8024e-07 6.71816e-07 6.63481e-07 6.55232e-07 6.47069e-07 6.38992e-07 6.31e-07 6.23093e-07 6.1527e-07 6.07531e-07 5.99875e-07 5.92302e-07
1.87895e-05 1.74178e-06 1.72732e-06 1.71286e-06 1.69839e-06 1.68391e-06 1.66944e-06 1.65498e-06 1.64052e-06 1.62608e-06 1.61165e-06 1.59725e-06 1.58287e-06 1.56852e-06 1.55419e-06 1.5399e-06 1.52565e-06 1.51143e-06 1.49726e-06 1.48313e-06 1.46905e-06 1.45502e-06 1.44104e-06 1.42711e-06 1.41324e-06 1.39943e-06 1.38567e-06 1.37198e-06 1.35836e-06 1.34479e-06 1.3313e-06 1.31787e-06 1.30452e-06 1.29123e-06 1.27802e-06 1.26489e-06 1.25183e-06 1.23884e-06 1.22594e-06 1.21311e-06 1.20036e-06 1.1877e-06 1.17511e-06 1.16261e-06 1.1502e-06 1.13786e-06 1.12561e-06 1.11345e-06 1.10138e-06 1.08939e-06 1.07749e-06 1.06567e-06 1.05395e-06 1.04231e-06 1.03076e-06 1.0193e-06 1.00793e-06 9.96655e-07 9.85466e-07 9.74368e-07 9.6336e-07 9.52443e-07 9.41616e-07 9.30881e-07 9.20236e-07 9.09682e-07 8.99219e-07 8.88847e-07 8.78565e-07 8.68374e-07 8.58274e-07 8.48264e-07 8.38344e-07 8.28515e-07 8.18775e-07 8.09125e-07 7.99565e-07 7.90093e-07 7.80711e-07 7.71418e-07 7.62212e-07 7.53095e-07 7.44066e-07 7.35124e-07 7.26269e-07 7.17501e-07 7.08819e-07 7.00223e-07 6.91713e-07 6.83287e-07 6.74947e-07 6.6669e-07 6.58518e-07 6.50429e-07 6.42422e-07 6.34498e-07 6.26656e-07 6.18896e-07 6.11217e-07 6.03618e-07 5.96099e-07
1.84137e-05 1.71377e-06 1.7001e-06 1.68641e-06 1.67269e-06 1.65896e-06 1.64521e-06 1.63146e-06 1.61771e-06 1.60395e-06 1.59019e-06 1.57645e-06 1.56271e-06 1.54899e-06 1.53529e-06 1.5216e-06 1.50794e-06 1.49431e-06 1.48071e-06 1.46714e-06 1.45361e-06 1.44011e-06 1.42665e-06 1.41324e-06 1.39987e-06 1.38655e-06 1.37328e-06 1.36006e-06 1.34689e-06 1.33378e-06 1.32073e-06 1.30773e-06 1.2948e-06 1.28193e-06 1.26912e-06 1.25638e-06 1.2437e-06 1.23109e-06 1.21856e-06 1.20609e-06 1.19369e-06 1.18137e-06 1.16912e-06 1.15695e-06 1.14485e-06 1.13283e-06 1.12088e-06 1.10902e-06 1.09723e-06 1.08552e-06 1.0739e-06 1.06235e-06 1.05089e-06 1.03951e-06 1.02821e-06 1.01699e-06 1.00586e-06 9.94811e-07 9.83846e-07 9.72966e-07 9.62171e-07 9.5146e-07 9.40835e-07 9.30295e-07 9.19841e-07 9.09472e-07 8.99189e-07 8.88992e-07 8.78881e-07 8.68855e-07 8.58915e-07 8.49061e-07 8.39293e-07 8.2961e-07 8.20013e-07 8.10502e-07 8.01075e-07 7.91734e-07 7.82478e-07 7.73306e-07 7.64219e-07 7.55216e-07 7.46297e-07 7.37462e-07 7.28711e-07 7.20042e-07 7.11457e-07 7.02954e-07 6.94534e-07 6.86195e-07 6.77938e-07 6.69762e-07 6.61667e-07 6.53653e-07 6.45718e-07 6.37864e-07 6.30088e-07 6.22391e-07 6.14773e-07 6.07232e-07 5.99769e-07
1.80455e-05 1.68618e-06 1.67328e-06 1.66033e-06 1.64735e-06 1.63434e-06 1.6213e-06 1.60824e-06 1.59516e-06 1.58207e-06 1.56897e-06 1.55587e-06 1.54276e-06 1.52966e-06 1.51656e-06 1.50347e-06 1.49039e-06 1.47732e-06 1.46428e-06 1.45125e-06 1.43825e-06 1.42528e-06 1.41234e-06 1.39943e-06 1.38655e-06 1.37371e-06 1.36091e-06 1.34815e-06 1.33544e-06 1.32277e-06 1.31015e-06 1.29758e-06 1.28506e-06 1.27259e-06 1.26018e-06 1.24782e-06 1.23553e-06 1.22329e-06 1.21111e-06 1.199e-06 1.18695e-06 1.17496e-06 1.16304e-06 1.15119e-06 1.13941e-06 1.12769e-06 1.11605e-06 1.10448e-06 1.09298e-06 1.08155e-06 1.07019e-06 1.05891e-06 1.04771e-06 1.03658e-06 1.02553e-06 1.01455e-06 1.00365e-06 9.92833e-07 9.82091e-07 9.71428e-07 9.60844e-07 9.50339e-07 9.39914e-07 9.29569e-07 9.19304e-07 9.0912e-07 8.99016e-07 8.88993e-07 8.79051e-07 8.69191e-07 8.59411e-07 8.49713e-07 8.40096e-07 8.3056e-07 8.21106e-07 8.11732e-07 8.0244e-07 7.93229e-07 7.84099e-07 7.7505e-07 7.66081e-07 7.57193e-07 7.48385e-07 7.39658e-07 7.31011e-07 7.22443e-07 7.13955e-07 7.05546e-07 6.97217e-07 6.88966e-07 6.80793e-07 6.72699e-07 6.64683e-07 6.56744e-07 6.48882e-07 6.41098e-07 6.3339e-07 6.25758e-07 6.18201e-07 6.10721e-07 6.03315e-07
1.76845e-05 1.65902e-06 1.64685e-06 1.63463e-06 1.62236e-06 1.61005e-06 1.5977e-06 1.58531e-06 1.5729e-06 1.56046e-06 1.54799e-06 1.53551e-06 1.52302e-06 1.51051e-06 1.498e-06 1.48549e-06 1.47297e-06 1.46047e-06 1.44796e-06 1.43547e-06 1.423e-06 1.41053e-06 1.39809e-06 1.38567e-06 1.37328e-06 1.36091e-06 1.34857e-06 1.33627e-06 1.32399e-06 1.31176e-06 1.29956e-06 1.2874e-06 1.27529e-06 1.26322e-06 1.2512e-06 1.23922e-06 1.2273e-06 1.21543e-06 1.20361e-06 1.19184e-06 1.18013e-06 1.16848e-06 1.15688e-06 1.14535e-06 1.13388e-06 1.12246e-06 1.11112e-06 1.09983e-06 1.08862e-06 1.07746e-06 1.06638e-06 1.05536e-06 1.04441e-06 1.03353e-06 1.02273e-06 1.01199e-06 1.00132e-06 9.90727e-07 9.80206e-07 9.69757e-07 9.59382e-07 9.49082e-07 9.38855e-07 9.28704e-07 9.18628e-07 9.08627e-07 8.98702e-07 8.88853e-07 8.7908e-07 8.69384e-07 8.59765e-07 8.50222e-07 8.40756e-07 8.31367e-07 8.22055e-07 8.1282e-07 8.03662e-07 7.94581e-07 7.85578e-07 7.76651e-07 7.67801e-07 7.59029e-07 7.50333e-07 7.41713e-07 7.33171e-07 7.24705e-07 7.16315e-07 7.08001e-07 6.99763e-07 6.916e-07 6.83514e-07 6.75502e-07 6.67565e-07 6.59703e-07 6.51916e-07 6.44202e-07 6.36563e-07 6.28997e-07 6.21504e-07 6.14084e-07 6.06737e-07
1.73309e-05 1.63226e-06 1.62082e-06 1.6093e-06 1.59772e-06 1.58609e-06 1.57441e-06 1.56268e-06 1.5509e-06 1.53909e-06 1.52725e-06 1.51538e-06 1.50348e-06 1.49156e-06 1.47962e-06 1.46767e-06 1.45571e-06 1.44374e-06 1.43177e-06 1.4198e-06 1.40783e-06 1.39587e-06 1.38392e-06 1.37198e-06 1.36006e-06 1.34815e-06 1.33627e-06 1.3244e-06 1.31256e-06 1.30075e-06 1.28897e-06 1.27722e-06 1.26551e-06 1.25383e-06 1.24219e-06 1.23059e-06 1.21903e-06 1.20751e-06 1.19604e-06 1.18462e-06 1.17324e-06 1.16192e-06 1.15065e-06 1.13942e-06 1.12826e-06 1.11715e-06 1.10609e-06 1.09509e-06 1.08415e-06 1.07327e-06 1.06245e-06 1.0517e-06 1.041e-06 1.03037e-06 1.0198e-06 1.0093e-06 9.98865e-07 9.88495e-07 9.78193e-07 9.67957e-07 9.57791e-07 9.47693e-07 9.37664e-07 9.27705e-07 9.17816e-07 9.07998e-07 8.98251e-07 8.88575e-07 8.78971e-07 8.69439e-07 8.59978e-07 8.50591e-07 8.41275e-07 8.32033e-07 8.22863e-07 8.13767e-07 8.04743e-07 7.95793e-07 7.86916e-07 7.78113e-07 7.69382e-07 7.60725e-07 7.52142e-07 7.43631e-07 7.35194e-07 7.2683e-07 7.18538e-07 7.1032e-07 7.02175e-07 6.94102e-07 6.86101e-07 6.78173e-07 6.70317e-07 6.62532e-07 6.5482e-07 6.47179e-07 6.39609e-07 6.3211e-07 6.24682e-07 6.17324e-07 6.10036e-07
1.69842e-05 1.60592e-06 1.59516e-06 1.58433e-06 1.57343e-06 1.56246e-06 1.55142e-06 1.54033e-06 1.52918e-06 1.51798e-06 1.50674e-06 1.49546e-06 1.48414e-06 1.47279e-06 1.46141e-06 1.45001e-06 1.43859e-06 1.42715e-06 1.4157e-06 1.40424e-06 1.39277e-06 1.3813e-06 1.36982e-06 1.35836e-06 1.34689e-06 1.33544e-06 1.32399e-06 1.31256e-06 1.30115e-06 1.28976e-06 1.27838e-06 1.26703e-06 1.25571e-06 1.24441e-06 1.23315e-06 1.22192e-06 1.21072e-06 1.19955e-06 1.18843e-06 1.17734e-06 1.16629e-06 1.15529e-06 1.14433e-06 1.13342e-06 1.12256e-06 1.11174e-06 1.10097e-06 1.09025e-06 1.07959e-06 1.06898e-06 1.05842e-06 1.04792e-06 1.03748e-06 1.02709e-06 1.01677e-06 1.0065e-06 9.96289e-07 9.86141e-07 9.76056e-07 9.66032e-07 9.56072e-07 9.46175e-07 9.36342e-07 9.26575e-07 9.16872e-07 9.07236e-07 8.97666e-07 8.88162e-07 8.78726e-07 8.69357e-07 8.60055e-07 8.50822e-07 8.41658e-07 8.32562e-07 8.23534e-07 8.14576e-07 8.05687e-07 7.96868e-07 7.88118e-07 7.79437e-07 7.70827e-07 7.62286e-07 7.53815e-07 7.45413e-07 7.37082e-07 7.2882e-07 7.20628e-07 7.12506e-07 7.04454e-07 6.96471e-07 6.88558e-07 6.80714e-07 6.72939e-07 6.65234e-07 6.57597e-07 6.50029e-07 6.4253e-07 6.35099e-07 6.27737e-07 6.20442e-07 6.13215e-07
1.66446e-05 1.57997e-06 1.56989e-06 1.55972e-06 1.54947e-06 1.53914e-06 1.52873e-06 1.51826e-06 1.50772e-06 1.49712e-06 1.48646e-06 1.47576e-06 1.46501e-06 1.45421e-06 1.44338e-06 1.43251e-06 1.42162e-06 1.41069e-06 1.39975e-06 1.38878e-06 1.3778e-06 1.36681e-06 1.3558e-06 1.34479e-06 1.33378e-06 1.32277e-06 1.31176e-06 1.30075e-06 1.28976e-06 1.27877e-06 1.2678e-06 1.25684e-06 1.2459e-06 1.23498e-06 1.22408e-06 1.21321e-06 1.20236e-06 1.19155e-06 1.18076e-06 1.17e-06 1.15928e-06 1.1486e-06 1.13795e-06 1.12734e-06 1.11677e-06 1.10625e-06 1.09576e-06 1.08533e-06 1.07493e-06 1.06459e-06 1.05429e-06 1.04405e-06 1.03385e-06 1.02371e-06 1.01362e-06 1.00358e-06 9.93596e-07 9.83669e-07 9.73798e-07 9.63984e-07 9.54229e-07 9.44532e-07 9.34894e-07 9.25316e-07 9.15799e-07 9.06343e-07 8.96949e-07 8.87617e-07 8.78348e-07 8.69142e-07 8.59999e-07 8.5092e-07 8.41906e-07 8.32956e-07 8.24071e-07 8.15251e-07 8.06496e-07 7.97807e-07 7.89184e-07 7.80627e-07 7.72137e-07 7.63712e-07 7.55354e-07 7.47062e-07 7.38837e-07 7.30679e-07 7.22587e-07 7.14561e-07 7.06603e-07 6.98711e-07 6.90886e-07 6.83127e-07 6.75434e-07 6.67808e-07 6.60249e-07 6.52755e-07 6.45328e-07 6.37966e-07 6.3067e-07 6.2344e-07 6.16275e-07
1.63117e-05 1.55442e-06 1.545e-06 1.53547e-06 1.52585e-06 1.51614e-06 1.50635e-06 1.49647e-06 1.48653e-06 1.47651e-06 1.46642e-06 1.45628e-06 1.44608e-06 1.43582e-06 1.42552e-06 1.41518e-06 1.40479e-06 1.39437e-06 1.38392e-06 1.37344e-06 1.36293e-06 1.3524e-06 1.34186e-06 1.3313e-06 1.32073e-06 1.31015e-06 1.29956e-06 1.28897e-06 1.27838e-06 1.2678e-06 1.25722e-06 1.24664e-06 1.23608e-06 1.22553e-06 1.21499e-06 1.20448e-06 1.19398e-06 1.1835e-06 1.17304e-06 1.16262e-06 1.15221e-06 1.14184e-06 1.1315e-06 1.12119e-06 1.11092e-06 1.10068e-06 1.09047e-06 1.08031e-06 1.07019e-06 1.0601e-06 1.05007e-06 1.04007e-06 1.03012e-06 1.02021e-06 1.01036e-06 1.00055e-06 9.9079e-07 9.81081e-07 9.71423e-07 9.61817e-07 9.52265e-07 9.42766e-07 9.33322e-07 9.23933e-07 9.146e-07 9.05324e-07 8.96105e-07 8.86943e-07 8.7784e-07 8.68796e-07 8.59811e-07 8.50886e-07 8.42022e-07 8.33218e-07 8.24475e-07 8.15793e-07 8.07173e-07 7.98615e-07 7.90119e-07 7.81685e-07 7.73314e-07 7.65007e-07 7.56762e-07 7.4858e-07 7.40462e-07 7.32407e-07 7.24415e-07 7.16488e-07 7.08624e-07 7.00823e-07 6.93087e-07 6.85414e-07 6.77804e-07 6.70259e-07 6.62777e-07 6.55358e-07 6.48003e-07 6.40712e-07 6.33483e-07 6.26318e-07 6.19216e-07
1.59854e-05 1.52926e-06 1.52047e-06 1.51157e-06 1.50256e-06 1.49346e-06 1.48426e-06 1.47497e-06 1.46559e-06 1.45614e-06 1.44661e-06 1.43701e-06 1.42734e-06 1.41762e-06 1.40783e-06 1.398e-06 1.38811e-06 1.37818e-06 1.36821e-06 1.3582e-06 1.34816e-06 1.33809e-06 1.32799e-06 1.31787e-06 1.30773e-06 1.29758e-06 1.2874e-06 1.27722e-06 1.26703e-06 1.25684e-06 1.24664e-06 1.23645e-06 1.22625e-06 1.21606e-06 1.20588e-06 1.19571e-06 1.18556e-06 1.17541e-06 1.16529e-06 1.15518e-06 1.14509e-06 1.13503e-06 1.12499e-06 1.11497e-06 1.10499e-06 1.09503e-06 1.0851e-06 1.07521e-06 1.06535e-06 1.05553e-06 1.04574e-06 1.03599e-06 1.02629e-06 1.01662e-06 1.00699e-06 9.97411e-07 9.87873e-07 9.78381e-07 9.68934e-07 9.59535e-07 9.50184e-07 9.40882e-07 9.3163e-07 9.22428e-07 9.13278e-07 9.0418e-07 8.95135e-07 8.86144e-07 8.77206e-07 8.68323e-07 8.59496e-07 8.50724e-07 8.42009e-07 8.3335e-07 8.24749e-07 8.16205e-07 8.07719e-07 7.99292e-07 7.90923e-07 7.82613e-07 7.74363e-07 7.66172e-07 7.5804e-07 7.49969e-07 7.41958e-07 7.34007e-07 7.26117e-07 7.18287e-07 7.10518e-07 7.0281e-07 6.95162e-07 6.87576e-07 6.8005e-07 6.72586e-07 6.65183e-07 6.5784e-07 6.50559e-07 6.43338e-07 6.36178e-07 6.29079e-07 6.22041e-07
1.56657e-05 1.50448e-06 1.49631e-06 1.48801e-06 1.4796e-06 1.47109e-06 1.46246e-06 1.45374e-06 1.44492e-06 1.43602e-06 1.42703e-06 1.41796e-06 1.40881e-06 1.3996e-06 1.39032e-06 1.38098e-06 1.37158e-06 1.36213e-06 1.35263e-06 1.34308e-06 1.3335e-06 1.32387e-06 1.31421e-06 1.30452e-06 1.2948e-06 1.28506e-06 1.27529e-06 1.26551e-06 1.25571e-06 1.2459e-06 1.23608e-06 1.22625e-06 1.21642e-06 1.20659e-06 1.19676e-06 1.18693e-06 1.17711e-06 1.16729e-06 1.15749e-06 1.14769e-06 1.13792e-06 1.12815e-06 1.11841e-06 1.10869e-06 1.09898e-06 1.08931e-06 1.07965e-06 1.07003e-06 1.06043e-06 1.05086e-06 1.04133e-06 1.03183e-06 1.02236e-06 1.01292e-06 1.00353e-06 9.94169e-07 9.8485e-07 9.75572e-07 9.66334e-07 9.5714e-07 9.47988e-07 9.38882e-07 9.2982e-07 9.20805e-07 9.11836e-07 9.02916e-07 8.94044e-07 8.85221e-07 8.76448e-07 8.67726e-07 8.59056e-07 8.50437e-07 8.4187e-07 8.33357e-07 8.24897e-07 8.16491e-07 8.08139e-07 7.99842e-07 7.916e-07 7.83414e-07 7.75284e-07 7.6721e-07 7.59192e-07 7.51232e-07 7.43328e-07 7.35482e-07 7.27693e-07 7.19961e-07 7.12288e-07 7.04672e-07 6.97115e-07 6.89616e-07 6.82175e-07 6.74792e-07 6.67468e-07 6.60202e-07 6.52995e-07 6.45846e-07 6.38756e-07 6.31724e-07 6.24751e-07
