0.969272 0.00749407 0.0037569 0.00189775 0.00096569 0.000494868 0.000255294 0.00013253 6.9203e-05 3.63303e-05 1.91661e-05 1.01557e-05 5.40223e-06 2.88348e-06 1.54359e-06 8.28358e-07 4.45442e-07 2.39926e-07 1.29394e-07 6.98483e-08 3.77287e-08 2.03865e-08 1.10171e-08 5.95315e-09 3.21587e-09 1.7363e-09 9.36629e-10 5.04323e-10 2.70178e-10 1.42328e-10 7.65091e-11
0.00749407 0.000105683 5.32973e-05 2.70882e-05 1.38639e-05 7.13895e-06 3.6952e-06 1.92092e-06 1.00204e-06 5.24118e-07 2.74692e-07 1.44171e-07 7.57355e-08 3.98038e-08 2.09217e-08 1.09948e-08 5.77563e-09 3.03212e-09 1.59061e-09 8.33691e-10 4.36547e-10 2.28356e-10 1.19322e-10 6.22731e-11 3.24491e-11 1.68618e-11 8.7008e-12 4.39077e-12 2.04372e-12 6.43196e-13 3.24733e-13
0.0037569 5.32973e-05 2.68586e-05 1.36385e-05 6.97299e-06 3.58657e-06 1.85426e-06 9.62761e-07 5.01617e-07 2.62064e-07 1.37193e-07 7.1927e-08 3.77457e-08 1.98186e-08 1.04077e-08 5.46492e-09 2.86851e-09 1.50484e-09 7.88892e-10 4.13228e-10 2.16254e-10 1.13058e-10 5.90391e-11 3.07834e-11 1.60064e-11 8.26405e-12 4.17175e-12 1.94154e-12 6.11342e-13 3.06701e-13 1.54947e-13
0.00189775 2.70882e-05 1.36385e-05 6.91769e-06 3.53229e-06 1.81428e-06 9.36594e-07 4.85557e-07 2.52601e-07 1.31771e-07 6.88839e-08 3.60642e-08 1.89008e-08 9.91169e-09 5.19905e-09 2.72697e-09 1.42993e-09 7.49447e-10 3.92547e-10 2.05452e-10 1.07435e-10 5.61209e-11 2.92733e-11 1.52276e-11 7.86471e-12 3.97048e-12 1.84667e-12 5.8018e-13 2.9157e-13 1.46336e-13 7.39793e-14
0.00096569 1.38639e-05 6.97299e-06 3.53229e-06 1.80096e-06 9.23516e-07 4.75927e-07 2.46296e-07 1.27902e-07 6.66036e-08 3.47576e-08 1.81674e-08 9.5064e-09 4.97782e-09 2.60741e-09 1.36584e-09 7.15326e-10 3.74487e-10 1.95941e-10 1.02448e-10 5.35162e-11 2.79177e-11 1.45248e-11 7.50265e-12 3.78715e-12 1.75978e-12 5.51186e-13 2.76775e-13 1.39159e-13 6.98717e-14 3.53475e-14
0.000494868 7.13895e-06 3.58657e-06 1.81428e-06 9.23516e-07 4.72718e-07 2.43145e-07 1.25581e-07 6.50845e-08 3.38252e-08 1.76179e-08 9.19151e-09 4.80105e-09 2.50971e-09 1.31251e-09 6.86501e-10 3.59034e-10 1.87714e-10 9.80934e-11 5.12228e-11 2.67154e-11 1.38975e-11 7.17762e-12 3.6217e-12 1.68096e-12 5.24697e-13 2.63048e-13 1.32146e-13 6.64738e-14 3.33905e-14 1.69037e-14
0.000255294 3.6952e-06 1.85426e-06 9.36594e-07 4.75927e-07 2.43145e-07 1.24808e-07 6.43252e-08 3.3266e-08 1.72518e-08 8.96677e-09 4.66859e-09 2.43381e-09 1.26989e-09 6.62948e-10 3.46176e-10 1.80764e-10 9.43672e-11 4.92389e-11 2.56656e-11 1.33451e-11 6.88935e-12 3.47402e-12 1.61019e-12 5.00777e-13 2.50557e-13 1.2566e-13 6.31554e-14 3.17848e-14 1.59727e-14 8.09176e-15
0.00013253 1.92092e-06 9.62761e-07 4.85557e-07 2.46296e-07 1.25581e-07 6.43252e-08 3.30796e-08 1.70688e-08 8.832e-09 4.58035e-09 2.37964e-09 1.23796e-09 6.44648e-10 3.35902e-10 1.75085e-10 9.12666e-11 4.7563e-11 2.47672e-11 1.28674e-11 6.63762e-12 3.344e-12 1.54743e-12 4.79425e-13 2.39335e-13 1.19784e-13 6.0097e-14 3.02178e-14 1.52155e-14 7.64947e-15 3.87795e-15
6.9203e-05 1.00204e-06 5.01617e-07 2.52601e-07 1.27902e-07 6.50845e-08 3.3266e-08 1.70688e-08 8.78709e-09 4.53624e-09 2.34715e-09 1.21669e-09 6.31588e-10 3.28203e-10 1.70672e-10 8.87892e-11 4.61936e-11 2.40197e-11 1.24637e-11 6.42223e-12 3.23152e-12 1.49263e-12 4.60629e-13 2.29383e-13 1.14535e-13 5.73399e-14 2.8779e-14 1.44771e-14 7.29319e-15 3.66818e-15 1.86092e-15
3.63303e-05 5.24118e-07 2.62064e-07 1.31771e-07 6.66036e-08 3.38252e-08 1.72518e-08 8.832e-09 4.53624e-09 2.33632e-09 1.20606e-09 6.23756e-10 3.23074e-10 1.67523e-10 8.69328e-11 4.51296e-11 2.34225e-11 1.21339e-11 6.24301e-12 3.1365e-12 1.44574e-12 4.44372e-13 2.20692e-13 1.09912e-13 5.48924e-14 2.74891e-14 1.3802e-14 6.94614e-15 3.50099e-15 1.76161e-15 8.94308e-16
1.91661e-05 2.74692e-07 1.37193e-07 6.88839e-08 3.47576e-08 1.76179e-08 8.96677e-09 4.58035e-09 2.34715e-09 1.20606e-09 6.21146e-10 3.20511e-10 1.65635e-10 8.5696e-11 4.43703e-11 2.29749e-11 1.18777e-11 6.0998e-12 3.05886e-12 1.40672e-12 4.3064e-13 2.13258e-13 1.05914e-13 5.27549e-14 2.63522e-14 1.32005e-14 6.63033e-15 3.33831e-15 1.68338e-15 8.47388e-16 4.30483e-16
1.01557e-05 1.44171e-07 7.1927e-08 3.60642e-08 1.81674e-08 9.19151e-09 4.66859e-09 2.37964e-09 1.21669e-09 6.23756e-10 3.20511e-10 1.65005e-10 8.50779e-11 4.39149e-11 2.26768e-11 1.16948e-11 5.99249e-12 2.99854e-12 1.37554e-12 4.19422e-13 2.07072e-13 1.02537e-13 5.09261e-14 2.53686e-14 1.26747e-14 6.3509e-15 3.19107e-15 1.60736e-15 8.10907e-16 4.08363e-16 2.0759e-16
5.40223e-06 7.57355e-08 3.77457e-08 1.89008e-08 9.5064e-09 4.80105e-09 2.43381e-09 1.23796e-09 6.31588e-10 3.23074e-10 1.65635e-10 8.50779e-11 4.37631e-11 2.25277e-11 1.15852e-11 5.921e-12 2.95549e-12 1.35218e-12 4.10707e-13 2.0213e-13 9.97782e-14 4.94045e-14 2.45378e-14 1.22247e-14 6.10889e-15 3.0618e-15 1.53896e-15 7.75504e-16 3.91414e-16 1.97188e-16 1.00303e-16
2.88348e-06 3.98038e-08 1.98186e-08 9.91169e-09 4.97782e-09 2.50971e-09 1.26989e-09 6.44648e-10 3.28203e-10 1.67523e-10 8.5696e-11 4.39149e-11 2.25277e-11 1.15486e-11 5.88527e-12 2.92967e-12 1.33662e-12 4.04487e-13 1.98428e-13 9.76348e-14 4.81889e-14 2.38589e-14 1.18503e-14 5.90439e-15 2.95106e-15 1.47947e-15 7.43873e-16 3.74992e-16 1.89347e-16 9.54247e-17 4.85684e-17
1.54359e-06 2.09217e-08 1.04077e-08 5.19905e-09 2.60741e-09 1.31251e-09 6.62948e-10 3.35902e-10 1.70672e-10 8.69328e-11 4.43703e-11 2.26768e-11 1.15852e-11 5.88527e-12 2.92107e-12 1.32884e-12 4.00758e-13 1.95961e-13 9.61052e-14 4.72781e-14 2.33316e-14 1.15511e-14 5.7373e-15 2.85888e-15 1.42913e-15 7.16643e-16 3.60437e-16 1.81765e-16 9.18151e-17 4.62877e-17 2.35721e-17
8.28358e-07 1.09948e-08 5.46492e-09 2.72697e-09 1.36584e-09 6.86501e-10 3.46176e-10 1.75085e-10 8.87892e-11 4.51296e-11 2.29749e-11 1.16948e-11 5.921e-12 2.92967e-12 1.32884e-12 3.99515e-13 1.94728e-13 9.5188e-14 4.66713e-14 2.29552e-14 1.13269e-14 5.60749e-15 2.78522e-15 1.38799e-15 6.9395e-16 3.4806e-16 1.75106e-16 8.8333e-17 4.46356e-17 2.25095e-17 1.14687e-17
4.45442e-07 5.77563e-09 2.86851e-09 1.42993e-09 7.15326e-10 3.59034e-10 1.80764e-10 9.12666e-11 4.61936e-11 2.34225e-11 1.18777e-11 5.99249e-12 2.95549e-12 1.33662e-12 4.00758e-13 1.94728e-13 9.48823e-14 4.63681e-14 2.27296e-14 1.11776e-14 5.51485e-15 2.73004e-15 1.35602e-15 6.7581e-16 3.3793e-16 1.69526e-16 8.53077e-17 4.30463e-17 2.17586e-17 1.09757e-17 5.59466e-18
2.39926e-07 3.03212e-09 1.50484e-09 7.49447e-10 3.74487e-10 1.87714e-10 9.43672e-11 4.7563e-11 2.40197e-11 1.21339e-11 6.0998e-12 2.99854e-12 1.35218e-12 4.04487e-13 1.95961e-13 9.5188e-14 4.63681e-14 2.26543e-14 1.1103e-14 5.4593e-15 2.69328e-15 1.33321e-15 6.62218e-16 3.30055e-16 1.65059e-16 8.28168e-17 4.16832e-17 2.10385e-17 1.06371e-17 5.36694e-18 2.73671e-18
1.29394e-07 1.59061e-09 7.88892e-10 3.92547e-10 1.95941e-10 9.80934e-11 4.92389e-11 2.47672e-11 1.24637e-11 6.24301e-12 3.05886e-12 1.37554e-12 4.10707e-13 1.98428e-13 9.61052e-14 4.66713e-14 2.27296e-14 1.1103e-14 5.44079e-15 2.6749e-15 1.31953e-15 6.53163e-16 3.24435e-16 1.6171e-16 8.08773e-17 4.05849e-17 2.04305e-17 1.03138e-17 5.2158e-18 2.6321e-18 1.34257e-18
6.98483e-08 8.33691e-10 4.13228e-10 2.05452e-10 1.02448e-10 5.12228e-11 2.56656e-11 1.28674e-11 6.42223e-12 3.1365e-12 1.40672e-12 4.19422e-13 2.0213e-13 9.76348e-14 4.72781e-14 2.29552e-14 1.11776e-14 5.4593e-15 2.6749e-15 1.31497e-15 6.48637e-16 3.21065e-16 1.59478e-16 7.94923e-17 3.97599e-17 1.99537e-17 1.0046e-17 5.07219e-18 2.56546e-18 1.29481e-18 6.60594e-19
3.77287e-08 4.36547e-10 2.16254e-10 1.07435e-10 5.35162e-11 2.67154e-11 1.33451e-11 6.63762e-12 3.23152e-12 1.44574e-12 4.3064e-13 2.07072e-13 9.97782e-14 4.81889e-14 2.33316e-14 1.13269e-14 5.51485e-15 2.69328e-15 1.31953e-15 6.48637e-16 3.19942e-16 1.58363e-16 7.86617e-17 3.921e-17 1.96126e-17 9.84326e-18 4.9561e-18 2.50254e-18 1.26589e-18 6.38956e-19 3.26032e-19
2.03865e-08 2.28356e-10 1.13058e-10 5.61209e-11 2.79177e-11 1.38975e-11 6.88935e-12 3.344e-12 1.49263e-12 4.44372e-13 2.13258e-13 1.02537e-13 4.94045e-14 2.38589e-14 1.15511e-14 5.60749e-15 2.73004e-15 1.33321e-15 6.53163e-16 3.21065e-16 1.58363e-16 7.83848e-17 3.8935e-17 1.94078e-17 9.70778e-18 4.87229e-18 2.45328e-18 1.2388e-18 6.26659e-19 3.16316e-19 1.61411e-19
1.10171e-08 1.19322e-10 5.90391e-11 2.92733e-11 1.45248e-11 7.17762e-12 3.47402e-12 1.54743e-12 4.60629e-13 2.20692e-13 1.05914e-13 5.09261e-14 2.45378e-14 1.18503e-14 5.7373e-15 2.78522e-15 1.35602e-15 6.62218e-16 3.24435e-16 1.59478e-16 7.86617e-17 3.8935e-17 1.93395e-17 9.64001e-18 4.82186e-18 2.42003e-18 1.2185e-18 6.15276e-19 3.11234e-19 1.57096e-19 8.01608e-20
5.95315e-09 6.22731e-11 3.07834e-11 1.52276e-11 7.50265e-12 3.6217e-12 1.61019e-12 4.79425e-13 2.29383e-13 1.09912e-13 5.27549e-14 2.53686e-14 1.22247e-14 5.90439e-15 2.85888e-15 1.38799e-15 6.7581e-16 3.30055e-16 1.6171e-16 7.94923e-17 3.921e-17 1.94078e-17 9.64001e-18 4.80504e-18 2.40335e-18 1.20614e-18 6.07254e-19 3.06606e-19 1.55081e-19 7.82714e-20 3.99344e-20
3.21587e-09 3.24491e-11 1.60064e-11 7.86471e-12 3.78715e-12 1.68096e-12 5.00777e-13 2.39335e-13 1.14535e-13 5.48924e-14 2.63522e-14 1.26747e-14 6.10889e-15 2.95106e-15 1.42913e-15 6.9395e-16 3.3793e-16 1.65059e-16 8.08773e-17 3.97599e-17 1.96126e-17 9.70778e-18 4.82186e-18 2.40335e-18 1.202e-18 6.03178e-19 3.03646e-19 1.53291e-19 7.75229e-20 3.91217e-20 1.99559e-20
1.7363e-09 1.68618e-11 8.26405e-12 3.97048e-12 1.75978e-12 5.24697e-13 2.50557e-13 1.19784e-13 5.73399e-14 2.74891e-14 1.32005e-14 6.3509e-15 3.0618e-15 1.47947e-15 7.16643e-16 3.4806e-16 1.69526e-16 8.28168e-17 4.05849e-17 1.99537e-17 9.84326e-18 4.87229e-18 2.42003e-18 1.20614e-18 6.03178e-19 3.02642e-19 1.52328e-19 7.68856e-20 3.88748e-20 1.96145e-20 1.00025e-20
9.36629e-10 8.7008e-12 4.17175e-12 1.84667e-12 5.51186e-13 2.63048e-13 1.2566e-13 6.0097e-14 2.8779e-14 1.3802e-14 6.63033e-15 3.19107e-15 1.53896e-15 7.43873e-16 3.60437e-16 1.75106e-16 8.53077e-17 4.16832e-17 2.04305e-17 1.0046e-17 4.9561e-18 2.45328e-18 1.2185e-18 6.07254e-19 3.03646e-19 1.52328e-19 7.6655e-20 3.86813e-20 1.95529e-20 9.86328e-21 5.02798e-21
5.04323e-10 4.39077e-12 1.94154e-12 5.8018e-13 2.76775e-13 1.32146e-13 6.31554e-14 3.02178e-14 1.44771e-14 6.94614e-15 3.33831e-15 1.60736e-15 7.75504e-16 3.74992e-16 1.81765e-16 8.8333e-17 4.30463e-17 2.10385e-17 1.03138e-17 5.07219e-18 2.50254e-18 1.2388e-18 6.15276e-19 3.06606e-19 1.53291e-19 7.68856e-20 3.86813e-20 1.95137e-20 9.86091e-21 4.97291e-21 2.53395e-21
2.70178e-10 2.04372e-12 6.11342e-13 2.9157e-13 1.39159e-13 6.64738e-14 3.17848e-14 1.52155e-14 7.29319e-15 3.50099e-15 1.68338e-15 8.10907e-16 3.91414e-16 1.89347e-16 9.18151e-17 4.46356e-17 2.17586e-17 1.06371e-17 5.2158e-18 2.56546e-18 1.26589e-18 6.26659e-19 3.11234e-19 1.55081e-19 7.75229e-20 3.88748e-20 1.95529e-20 9.86091e-21 4.98139e-21 2.51141e-21 1.27911e-21
1.42328e-10 6.43196e-13 3.06701e-13 1.46336e-13 6.98717e-14 3.33905e-14 1.59727e-14 7.64947e-15 3.66818e-15 1.76161e-15 8.47388e-16 4.08363e-16 1.97188e-16 9.54247e-17 4.62877e-17 2.25095e-17 1.09757e-17 5.36694e-18 2.6321e-18 1.29481e-18 6.38956e-19 3.16316e-19 1.57096e-19 7.82714e-20 3.91217e-20 1.96145e-20 9.86328e-21 4.97291e-21 2.51141e-21 1.26583e-21 6.4445e-22
7.65091e-11 3.24733e-13 1.54947e-13 7.39793e-14 3.53475e-14 1.69037e-14 8.09176e-15 3.87795e-15 1.86092e-15 8.94308e-16 4.30483e-16 2.0759e-16 1.00303e-16 4.85684e-17 2.35721e-17 1.14687e-17 5.59466e-18 2.73671e-18 1.34257e-18 6.60594e-19 3.26032e-19 1.61411e-19 8.01608e-20 3.99344e-20 1.99559e-20 1.00025e-20 5.02798e-21 2.53395e-21 1.27911e-21 6.4445e-22 3.27886e-22
