0.998439 0.000389812 0.000194931 9.75165e-05 4.88026e-05 2.4433e-05 1.22371e-05 6.13126e-06 3.07317e-06 1.54096e-06 7.72969e-07 3.8788e-07 1.94714e-07 9.77827e-08 4.91234e-08 2.46875e-08 1.24116e-08 6.24216e-09 3.14052e-09 1.58062e-09 7.95805e-10 4.00812e-10 2.01943e-10 1.01781e-10 5.13163e-11 2.58815e-11 1.30574e-11 6.58888e-12 3.32419e-12 1.67412e-12 8.45635e-13
0.000389812 2.78949e-07 1.39539e-07 6.98332e-08 3.49639e-08 1.75134e-08 8.77626e-09 4.39984e-09 2.20674e-09 1.10726e-09 5.55812e-10 2.79117e-10 1.40223e-10 7.04736e-11 3.54325e-11 1.78215e-11 8.96705e-12 4.51351e-12 2.27265e-12 1.14473e-12 5.76795e-13 2.90723e-13 1.46576e-13 7.39158e-14 3.727e-14 1.87669e-14 9.39179e-15 4.58168e-15 1.99895e-15 3.92351e-16 1.97164e-16
0.000194931 1.39539e-07 6.98019e-08 3.49326e-08 1.74899e-08 8.76064e-09 4.39009e-09 2.2009e-09 1.10385e-09 5.53868e-10 2.78024e-10 1.39617e-10 7.01403e-11 3.5251e-11 1.77233e-11 8.91419e-12 4.48521e-12 2.25758e-12 1.13673e-12 5.72563e-13 2.88491e-13 1.45403e-13 7.33005e-14 3.69481e-14 1.85991e-14 9.30476e-15 4.53738e-15 1.97799e-15 3.85746e-16 1.93421e-16 9.72052e-17
9.75165e-05 6.98332e-08 3.49326e-08 1.74821e-08 8.75284e-09 4.38424e-09 2.197e-09 1.10142e-09 5.5241e-10 2.77174e-10 1.39132e-10 6.98677e-11 3.50996e-11 1.76401e-11 8.86888e-12 4.46069e-12 2.24439e-12 1.12967e-12 5.68801e-13 2.86495e-13 1.44347e-13 7.27437e-14 3.66554e-14 1.84458e-14 9.22494e-15 4.49654e-15 1.95847e-15 3.79277e-16 1.90251e-16 9.54002e-17 4.79476e-17
4.88026e-05 3.49639e-08 1.74899e-08 8.75284e-09 4.38229e-09 2.19505e-09 1.09996e-09 5.51438e-10 2.76567e-10 1.38768e-10 6.96557e-11 3.49786e-11 1.75721e-11 8.83112e-12 4.43995e-12 2.23308e-12 1.12355e-12 5.6551e-13 2.84733e-13 1.43409e-13 7.22456e-14 3.6392e-14 1.8307e-14 9.15236e-15 4.45924e-15 1.94054e-15 3.73241e-16 1.8715e-16 9.38818e-17 4.70783e-17 2.3663e-17
2.4433e-05 1.75134e-08 8.76064e-09 4.38424e-09 2.19505e-09 1.09947e-09 5.50952e-10 2.76203e-10 1.38525e-10 6.95042e-11 3.48878e-11 1.75192e-11 8.80092e-12 4.42297e-12 2.22366e-12 1.11838e-12 5.62689e-13 2.83207e-13 1.42587e-13 7.18061e-14 3.61579e-14 1.81829e-14 9.08705e-15 4.42548e-15 1.92423e-15 3.6771e-16 1.84265e-16 9.23976e-17 4.63524e-17 2.3245e-17 1.16844e-17
1.22371e-05 8.77626e-09 4.39009e-09 2.197e-09 1.09996e-09 5.50952e-10 2.76082e-10 1.38404e-10 6.94133e-11 3.48273e-11 1.74814e-11 8.77826e-12 4.40977e-12 2.21612e-12 1.11414e-12 5.60338e-13 2.81915e-13 1.41883e-13 7.14252e-14 3.59531e-14 1.80734e-14 9.02899e-15 4.39528e-15 1.90955e-15 3.62701e-16 1.81632e-16 9.10215e-17 4.56434e-17 2.28986e-17 1.14837e-17 5.77285e-18
6.13126e-06 4.39984e-09 2.2009e-09 1.10142e-09 5.51438e-10 2.76203e-10 1.38404e-10 6.9383e-11 3.4797e-11 1.74587e-11 8.76316e-12 4.40034e-12 2.21047e-12 1.11085e-12 5.58457e-13 2.80858e-13 1.41297e-13 7.11029e-14 3.57775e-14 1.79785e-14 8.97818e-15 4.36863e-15 1.8965e-15 3.58218e-16 1.79261e-16 8.97715e-17 4.49886e-17 2.25607e-17 1.13188e-17 5.67664e-18 2.85382e-18
3.07317e-06 2.20674e-09 1.10385e-09 5.5241e-10 2.76567e-10 1.38525e-10 6.94133e-11 3.4797e-11 1.74511e-11 8.75561e-12 4.39468e-12 2.2067e-12 1.10849e-12 5.57046e-13 2.80036e-13 1.40827e-13 7.08391e-14 3.56311e-14 1.78982e-14 8.93464e-15 4.34553e-15 1.88508e-15 3.54263e-16 1.77152e-16 8.8652e-17 4.43967e-17 2.22498e-17 1.11582e-17 5.59833e-18 2.80779e-18 1.41165e-18
1.54096e-06 1.10726e-09 5.53868e-10 2.77174e-10 1.38768e-10 6.95042e-11 3.48273e-11 1.74587e-11 8.75561e-12 4.39279e-12 2.20482e-12 1.10708e-12 5.56106e-13 2.79448e-13 1.40475e-13 7.0634e-14 3.55141e-14 1.78325e-14 8.89835e-15 4.32598e-15 1.87529e-15 3.50835e-16 1.75307e-16 8.76638e-17 4.38701e-17 2.19705e-17 1.1011e-17 5.52214e-18 2.7707e-18 1.38967e-18 6.98711e-19
7.72969e-07 5.55812e-10 2.78024e-10 1.39132e-10 6.96557e-11 3.48878e-11 1.74814e-11 8.76316e-12 4.39468e-12 2.20482e-12 1.10661e-12 5.55636e-13 2.79096e-13 1.40241e-13 7.04875e-14 3.54263e-14 1.77814e-14 8.86932e-15 4.30999e-15 1.86714e-15 3.47934e-16 1.73725e-16 8.68074e-17 4.34091e-17 2.17237e-17 1.08796e-17 5.45271e-18 2.73468e-18 1.37216e-18 6.88239e-19 3.46058e-19
3.8788e-07 2.79117e-10 1.39617e-10 6.98677e-11 3.49786e-11 1.75192e-11 8.77826e-12 4.40034e-12 2.2067e-12 1.10708e-12 5.55636e-13 2.78979e-13 1.40123e-13 7.03996e-14 3.53678e-14 1.77449e-14 8.84755e-15 4.29756e-15 1.86061e-15 3.4556e-16 1.72407e-16 8.60827e-17 4.3014e-17 2.15098e-17 1.07645e-17 5.39115e-18 2.70203e-18 1.35518e-18 6.8e-19 3.41081e-19 1.7151e-19
1.94714e-07 1.40223e-10 7.01403e-11 3.50996e-11 1.75721e-11 8.80092e-12 4.40977e-12 2.21047e-12 1.10849e-12 5.56106e-13 2.79096e-13 1.40123e-13 7.03703e-14 3.53385e-14 1.7723e-14 8.83303e-15 4.28867e-15 1.85572e-15 3.43714e-16 1.71352e-16 8.54898e-17 4.26847e-17 2.13288e-17 1.06658e-17 5.33772e-18 2.67331e-18 1.33989e-18 6.72027e-19 3.37219e-19 1.6915e-19 8.506e-20
9.77827e-08 7.04736e-11 3.5251e-11 1.76401e-11 8.83112e-12 4.42297e-12 2.21612e-12 1.11085e-12 5.57046e-13 2.79448e-13 1.40241e-13 7.03996e-14 3.53385e-14 1.77157e-14 8.82578e-15 4.28334e-15 1.85246e-15 3.42396e-16 1.70561e-16 8.50286e-17 4.24213e-17 2.11806e-17 1.05835e-17 5.2925e-18 2.64867e-18 1.32656e-18 6.64898e-19 3.33491e-19 1.67349e-19 8.39448e-20 4.22148e-20
4.91234e-08 3.54325e-11 1.77233e-11 8.86888e-12 4.43995e-12 2.22366e-12 1.11414e-12 5.58457e-13 2.80036e-13 1.40475e-13 7.04875e-14 3.53678e-14 1.7723e-14 8.82578e-15 4.28157e-15 1.85082e-15 3.41605e-16 1.70034e-16 8.46992e-17 4.22237e-17 2.10654e-17 1.05177e-17 5.2555e-18 2.62812e-18 1.31527e-18 6.58751e-19 3.30184e-19 1.65613e-19 8.31083e-20 4.16894e-20 2.09659e-20
2.46875e-08 1.78215e-11 8.91419e-12 4.46069e-12 2.23308e-12 1.11838e-12 5.60338e-13 2.80858e-13 1.40827e-13 7.0634e-14 3.54263e-14 1.77449e-14 8.83303e-15 4.28334e-15 1.85082e-15 3.41341e-16 1.69771e-16 8.45016e-17 4.2092e-17 2.09831e-17 1.04684e-17 5.22671e-18 2.61168e-18 1.30603e-18 6.5362e-19 3.27368e-19 1.64089e-19 8.23051e-20 4.13034e-20 2.07194e-20 1.04203e-20
1.24116e-08 8.96705e-12 4.48521e-12 2.24439e-12 1.12355e-12 5.62689e-13 2.81915e-13 1.41297e-13 7.08391e-14 3.55141e-14 1.77814e-14 8.84755e-15 4.28867e-15 1.85246e-15 3.41605e-16 1.69771e-16 8.44357e-17 4.20262e-17 2.09338e-17 1.04355e-17 5.20616e-18 2.59935e-18 1.29884e-18 6.49513e-19 3.25061e-19 1.6281e-19 8.16072e-20 4.0934e-20 2.05424e-20 1.03051e-20 5.18283e-21
6.24216e-09 4.51351e-12 2.25758e-12 1.12967e-12 5.6551e-13 2.83207e-13 1.41883e-13 7.11029e-14 3.56311e-14 1.78325e-14 8.86932e-15 4.29756e-15 1.85572e-15 3.42396e-16 1.70034e-16 8.45016e-17 4.20262e-17 2.09173e-17 1.0419e-17 5.19382e-18 2.59113e-18 1.2937e-18 6.46433e-19 3.23265e-19 1.61784e-19 8.1032e-20 4.06172e-20 2.03738e-20 1.02246e-20 5.12923e-21 2.57976e-21
3.14052e-09 2.27265e-12 1.13673e-12 5.68801e-13 2.84733e-13 1.42587e-13 7.14252e-14 3.57775e-14 1.78982e-14 8.89835e-15 4.30999e-15 1.86061e-15 3.43714e-16 1.70561e-16 8.46992e-17 4.2092e-17 2.09338e-17 1.0419e-17 5.18971e-18 2.58702e-18 1.29062e-18 6.4438e-19 3.21982e-19 1.61015e-19 8.05837e-20 4.03617e-20 2.02315e-20 1.01483e-20 5.09303e-21 2.55497e-21 1.28506e-21
1.58062e-09 1.14473e-12 5.72563e-13 2.86495e-13 1.43409e-13 7.18061e-14 3.59531e-14 1.79785e-14 8.93464e-15 4.32598e-15 1.86714e-15 3.4556e-16 1.71352e-16 8.50286e-17 4.22237e-17 2.09831e-17 1.04355e-17 5.19382e-18 2.58702e-18 1.28959e-18 6.43353e-19 3.21212e-19 1.60502e-19 8.02632e-20 4.01697e-20 2.01198e-20 1.00852e-20 5.05891e-21 2.53888e-21 1.27367e-21 6.40621e-22
7.95805e-10 5.76795e-13 2.88491e-13 1.44347e-13 7.22456e-14 3.61579e-14 1.80734e-14 8.97818e-15 4.34553e-15 1.87529e-15 3.47934e-16 1.72407e-16 8.54898e-17 4.24213e-17 2.10654e-17 1.04684e-17 5.20616e-18 2.59113e-18 1.29062e-18 6.43353e-19 3.20955e-19 1.60246e-19 8.00709e-20 4.00416e-20 2.00398e-20 1.00374e-20 5.03135e-21 2.52383e-21 1.26663e-21 6.35427e-22 3.19606e-22
4.00812e-10 2.90723e-13 1.45403e-13 7.27437e-14 3.6392e-14 1.81829e-14 9.02899e-15 4.36863e-15 1.88508e-15 3.50835e-16 1.73725e-16 8.60827e-17 4.26847e-17 2.11806e-17 1.05177e-17 5.22671e-18 2.59935e-18 1.2937e-18 6.4438e-19 3.21212e-19 1.60246e-19 8.00068e-20 3.99775e-20 1.99918e-20 1.00054e-20 5.01146e-21 2.51205e-21 1.2601e-21 6.32406e-22 3.1726e-22 1.59576e-22
2.01943e-10 1.46576e-13 7.33005e-14 3.66554e-14 1.8307e-14 9.08705e-15 4.39528e-15 1.8965e-15 3.54263e-16 1.75307e-16 8.68074e-17 4.3014e-17 2.13288e-17 1.05835e-17 5.2555e-18 2.61168e-18 1.29884e-18 6.46433e-19 3.21982e-19 1.60502e-19 8.00709e-20 3.99775e-20 1.99758e-20 9.98944e-21 4.99948e-21 2.50411e-21 1.25522e-21 6.29643e-22 3.15999e-22 1.58528e-22 7.97366e-23
1.01781e-10 7.39158e-14 3.69481e-14 1.84458e-14 9.15236e-15 4.42548e-15 1.90955e-15 3.58218e-16 1.77152e-16 8.76638e-17 4.34091e-17 2.15098e-17 1.06658e-17 5.2925e-18 2.62812e-18 1.30603e-18 6.49513e-19 3.23265e-19 1.61015e-19 8.02632e-20 4.00416e-20 1.99918e-20 9.98944e-21 4.99548e-21 2.50012e-21 1.25224e-21 6.27701e-22 3.14868e-22 1.58023e-22 7.92752e-23 3.98739e-23
5.13163e-11 3.727e-14 1.85991e-14 9.22494e-15 4.45924e-15 1.92423e-15 3.62701e-16 1.79261e-16 8.8652e-17 4.38701e-17 2.17237e-17 1.07645e-17 5.33772e-18 2.64867e-18 1.31527e-18 6.5362e-19 3.25061e-19 1.61784e-19 8.05837e-20 4.01697e-20 2.00398e-20 1.00054e-20 4.99948e-21 2.50012e-21 1.25125e-21 6.26715e-22 3.14147e-22 1.57582e-22 7.9085e-23 3.96744e-23 1.99553e-23
2.58815e-11 1.87669e-14 9.30476e-15 4.49654e-15 1.94054e-15 3.6771e-16 1.81632e-16 8.97715e-17 4.43967e-17 2.19705e-17 1.08796e-17 5.39115e-18 2.67331e-18 1.32656e-18 6.58751e-19 3.27368e-19 1.6281e-19 8.1032e-20 4.03617e-20 2.01198e-20 1.00374e-20 5.01146e-21 2.50411e-21 1.25224e-21 6.26715e-22 3.13902e-22 1.57346e-22 7.89268e-23 3.96104e-23 1.98711e-23 9.99456e-24
1.30574e-11 9.39179e-15 4.53738e-15 1.95847e-15 3.73241e-16 1.84265e-16 9.10215e-17 4.49886e-17 2.22498e-17 1.1011e-17 5.45271e-18 2.70203e-18 1.33989e-18 6.64898e-19 3.30184e-19 1.64089e-19 8.16072e-20 4.06172e-20 2.02315e-20 1.00852e-20 5.03135e-21 2.51205e-21 1.25522e-21 6.27701e-22 3.14147e-22 1.57346e-22 7.88698e-23 3.95618e-23 1.98543e-23 9.9601e-24 5.00954e-24
6.58888e-12 4.58168e-15 1.97799e-15 3.79277e-16 1.8715e-16 9.23976e-17 4.56434e-17 2.25607e-17 1.11582e-17 5.52214e-18 2.73468e-18 1.35518e-18 6.72027e-19 3.33491e-19 1.65613e-19 8.23051e-20 4.0934e-20 2.03738e-20 1.01483e-20 5.05891e-21 2.52383e-21 1.2601e-21 6.29643e-22 3.14868e-22 1.57582e-22 7.89268e-23 3.95618e-23 1.98443e-23 9.95885e-24 4.99587e-24 2.51267e-24
3.32419e-12 1.99895e-15 3.85746e-16 1.90251e-16 9.38818e-17 4.63524e-17 2.28986e-17 1.13188e-17 5.59833e-18 2.7707e-18 1.37216e-18 6.8e-19 3.37219e-19 1.67349e-19 8.31083e-20 4.13034e-20 2.05424e-20 1.02246e-20 5.09303e-21 2.53888e-21 1.26663e-21 6.32406e-22 3.15999e-22 1.58023e-22 7.9085e-23 3.96104e-23 1.98543e-23 9.95885e-24 4.99775e-24 2.50709e-24 1.26091e-24
1.67412e-12 3.92351e-16 1.93421e-16 9.54002e-17 4.70783e-17 2.3245e-17 1.14837e-17 5.67664e-18 2.80779e-18 1.38967e-18 6.88239e-19 3.41081e-19 1.6915e-19 8.39448e-20 4.16894e-20 2.07194e-20 1.03051e-20 5.12923e-21 2.55497e-21 1.27367e-21 6.35427e-22 3.1726e-22 1.58528e-22 7.92752e-23 3.96744e-23 1.98711e-23 9.9601e-24 4.99587e-24 2.50709e-24 1.25765e-24 6.32505e-25
8.45635e-13 1.97164e-16 9.72052e-17 4.79476e-17 2.3663e-17 1.16844e-17 5.77285e-18 2.85382e-18 1.41165e-18 6.98711e-19 3.46058e-19 1.7151e-19 8.506e-20 4.22148e-20 2.09659e-20 1.04203e-20 5.18283e-21 2.57976e-21 1.28506e-21 6.40621e-22 3.19606e-22 1.59576e-22 7.97366e-23 3.98739e-23 1.99553e-23 9.99456e-24 5.00954e-24 2.51267e-24 1.26091e-24 6.32505e-25 3.18091e-25
