0.0054685 0.00429702 0.0033765 0.00265317 0.0020848 0.00163818 0.00128725 0.00101149 0.000794803 0.000624537 0.000490747 0.000385617 0.000303009 0.000238097 0.000187091 0.000147012 0.000115518 9.07715e-05 7.13261e-05 5.60464e-05 4.40399e-05 3.46055e-05 2.71922e-05 2.1367e-05 1.67897e-05 1.31929e-05 1.03667e-05 8.14589e-06 6.40085e-06 5.02963e-06 3.95217e-06 3.10552e-06 2.44024e-06 1.91748e-06 1.50671e-06 1.18394e-06 9.30312e-07 7.31017e-07 5.74416e-07 4.51362e-07 3.5467e-07 2.78691e-07 2.18989e-07 1.72076e-07 1.35213e-07 1.06247e-07 8.34867e-08 6.56019e-08 5.15484e-08 4.05055e-08 3.18283e-08 2.50099e-08 1.96522e-08 1.54422e-08 1.21341e-08 9.53471e-09 7.49215e-09 5.88715e-09 4.62598e-09 3.63499e-09 2.85629e-09 2.2444e-09 1.7636e-09 1.38579e-09 1.08892e-09 8.5565e-10 6.7235e-10 5.28316e-10 4.15138e-10 3.26206e-10 2.56325e-10 2.01414e-10 1.58266e-10 1.24362e-10 9.77206e-11 7.67866e-11 6.03371e-11 4.74114e-11 3.72548e-11 2.92739e-11 2.30027e-11 1.8075e-11 1.42029e-11 1.11603e-11 8.76951e-12 6.89087e-12 5.41468e-12 4.25473e-12 3.34326e-12 2.62706e-12 2.06428e-12 1.62206e-12 1.27458e-12 1.00153e-12 7.86981e-13 6.18391e-13 4.85917e-13 3.81822e-13 3.00027e-13 2.35754e-13 1.8525e-13
0.00429702 0.00359755 0.00300057 0.00249427 0.00206718 0.00170862 0.00140881 0.00115905 0.000951639 0.000779904 0.000638076 0.000521222 0.000425152 0.000346323 0.000281757 0.000228961 0.000185855 0.00015071 0.000122094 9.88214e-05 7.99171e-05 6.45772e-05 5.21421e-05 4.20712e-05 3.39223e-05 2.7334e-05 2.20117e-05 1.77153e-05 1.42496e-05 1.14557e-05 9.20495e-06 7.39279e-06 5.93462e-06 4.76192e-06 3.81932e-06 3.06203e-06 2.45393e-06 1.96585e-06 1.57427e-06 1.26024e-06 1.00851e-06 8.06803e-07 6.45232e-07 5.1586e-07 4.12307e-07 3.29446e-07 2.63166e-07 2.10164e-07 1.67794e-07 1.33932e-07 1.06878e-07 8.5269e-08 6.80133e-08 5.42377e-08 4.32429e-08 3.44697e-08 2.74709e-08 2.18889e-08 1.74377e-08 1.38891e-08 1.10607e-08 8.80669e-09 7.01082e-09 5.58022e-09 4.44083e-09 3.53351e-09 2.81114e-09 2.2361e-09 1.77843e-09 1.41423e-09 1.12446e-09 8.93933e-10 7.10573e-10 5.64749e-10 4.48794e-10 3.56602e-10 2.83313e-10 2.2506e-10 1.78763e-10 1.41974e-10 1.12743e-10 8.95205e-11 7.10738e-11 5.64222e-11 4.47864e-11 3.55466e-11 2.82102e-11 2.23858e-11 1.77622e-11 1.40923e-11 1.11796e-11 8.86808e-12 7.03389e-12 5.57859e-12 4.42401e-12 3.50809e-12 2.78157e-12 2.20534e-12 1.74834e-12 1.38593e-12 1.09856e-12
0.0033765 0.00300057 0.00263969 0.00230275 0.00199455 0.00171705 0.00147032 0.00125318 0.0010637 0.000899544 0.000758204 0.00063716 0.000533983 0.000446402 0.000372335 0.000309904 0.00025744 0.000213472 0.000176717 0.000146061 0.000120546 9.93517e-05 8.17779e-05 6.72306e-05 5.52075e-05 4.52853e-05 3.71081e-05 3.03778e-05 2.4845e-05 2.03019e-05 1.65756e-05 1.35223e-05 1.1023e-05 8.97904e-06 7.30891e-06 5.94542e-06 4.83315e-06 3.92652e-06 3.18805e-06 2.58698e-06 2.09807e-06 1.70064e-06 1.37779e-06 1.11567e-06 9.02989e-07 7.30509e-07 5.90709e-07 4.77455e-07 3.85752e-07 3.11535e-07 2.51497e-07 2.02952e-07 1.63716e-07 1.32018e-07 1.06419e-07 8.57553e-08 6.90807e-08 5.56304e-08 4.47849e-08 3.60427e-08 2.89984e-08 2.33241e-08 1.87548e-08 1.50765e-08 1.21163e-08 9.73484e-09 7.81942e-09 6.27931e-09 5.0413e-09 4.04641e-09 3.2471e-09 2.60509e-09 2.08955e-09 1.67567e-09 1.34348e-09 1.07692e-09 8.63074e-10 6.91552e-10 5.54009e-10 4.43737e-10 3.55346e-10 2.84511e-10 2.27755e-10 1.82288e-10 1.45873e-10 1.16713e-10 9.33658e-11 7.4677e-11 5.97195e-11 4.77503e-11 3.81742e-11 3.05138e-11 2.43871e-11 1.94876e-11 1.55702e-11 1.24385e-11 9.93535e-12 7.93483e-12 6.33628e-12 5.0591e-12 4.03883e-12
0.00265317 0.00249427 0.00230275 0.00209573 0.00188531 0.00167975 0.00148448 0.00130278 0.00113641 0.000986031 0.000851523 0.000732272 0.000627338 0.0005356 0.00045585 0.000386867 0.00032746 0.000276503 0.000232952 0.00019585 0.000164336 0.000137642 0.000115087 9.60732e-05 8.00793e-05 6.66527e-05 5.54022e-05 4.59917e-05 3.81331e-05 3.15808e-05 2.61255e-05 2.15899e-05 1.78238e-05 1.47005e-05 1.21134e-05 9.97278e-06 8.20352e-06 6.74267e-06 5.53764e-06 4.54456e-06 3.72688e-06 3.05419e-06 2.50124e-06 2.04707e-06 1.67432e-06 1.36861e-06 1.11807e-06 9.12873e-07 7.44927e-07 6.07556e-07 4.95261e-07 4.0352e-07 3.28613e-07 2.67485e-07 2.17628e-07 1.76985e-07 1.4387e-07 1.16902e-07 9.49497e-08 7.70889e-08 6.25635e-08 5.07558e-08 4.11613e-08 3.33684e-08 2.70414e-08 2.19065e-08 1.77407e-08 1.43624e-08 1.16237e-08 9.40423e-09 7.60625e-09 6.15019e-09 4.9714e-09 4.01739e-09 3.24555e-09 2.62128e-09 2.11652e-09 1.7085e-09 1.37879e-09 1.11242e-09 8.97291e-10 7.2359e-10 5.83375e-10 4.70221e-10 3.78928e-10 3.05291e-10 2.45909e-10 1.98035e-10 1.59447e-10 1.28351e-10 1.03299e-10 8.31196e-11 6.6869e-11 5.37851e-11 4.3253e-11 3.47768e-11 2.79564e-11 2.24696e-11 1.80564e-11 1.45074e-11 1.1654e-11
0.0020848 0.00206718 0.00199455 0.00188531 0.00175358 0.00160997 0.00146229 0.00131615 0.00117544 0.0010427 0.000919471 0.000806554 0.000704182 0.000612204 0.000530199 0.000457573 0.00039363 0.000337624 0.000288797 0.000246406 0.000209742 0.00017814 0.000150989 0.000127728 0.000107854 9.09155e-05 7.6513e-05 6.4293e-05 5.39459e-05 4.52012e-05 3.78241e-05 3.16111e-05 2.63869e-05 2.20008e-05 1.83236e-05 1.5245e-05 1.26708e-05 1.0521e-05 8.72785e-06 7.23381e-06 5.99034e-06 4.95649e-06 4.09777e-06 3.3852e-06 2.79445e-06 2.30512e-06 1.90014e-06 1.56525e-06 1.28854e-06 1.06007e-06 8.71566e-07 7.16157e-07 5.88116e-07 4.82694e-07 3.95952e-07 3.24625e-07 2.66008e-07 2.17865e-07 1.78348e-07 1.45928e-07 1.19346e-07 9.75613e-08 7.97178e-08 6.51095e-08 5.31557e-08 4.33786e-08 3.53856e-08 2.8854e-08 2.3519e-08 1.91632e-08 1.56084e-08 1.27084e-08 1.03436e-08 8.4159e-09 6.84517e-09 5.56576e-09 4.52402e-09 3.67609e-09 2.98616e-09 2.42498e-09 1.96867e-09 1.59776e-09 1.29636e-09 1.05152e-09 8.52681e-10 6.91257e-10 5.60244e-10 4.53943e-10 3.67717e-10 2.97794e-10 2.41108e-10 1.95165e-10 1.57938e-10 1.27782e-10 1.0336e-10 8.3587e-11 6.75812e-11 5.46284e-11 4.41485e-11 3.56716e-11 2.88162e-11
0.00163818 0.00170862 0.00171705 0.00167975 0.00160997 0.0015183 0.00141309 0.0013008 0.00118632 0.00107326 0.000964181 0.000860847 0.000764365 0.000675347 0.000594035 0.000520393 0.000454188 0.000395054 0.000342538 0.000296136 0.000255325 0.000219582 0.000188395 0.000161278 0.000137776 0.000117466 9.9964e-05 8.49197e-05 7.20189e-05 6.09809e-05 5.15565e-05 4.35259e-05 3.66955e-05 3.08964e-05 2.5981e-05 2.18213e-05 1.83063e-05 1.53406e-05 1.28415e-05 1.07386e-05 8.97113e-06 7.48744e-06 6.24338e-06 5.20142e-06 4.32963e-06 3.60097e-06 2.99254e-06 2.48498e-06 2.06196e-06 1.7097e-06 1.41662e-06 1.17297e-06 9.70583e-07 8.02596e-07 6.63266e-07 5.47788e-07 4.52146e-07 3.72987e-07 3.07513e-07 2.53393e-07 2.08686e-07 1.71776e-07 1.41323e-07 1.16211e-07 9.55149e-08 7.84673e-08 6.44325e-08 5.28841e-08 4.33864e-08 3.5579e-08 2.91643e-08 2.38962e-08 1.95718e-08 1.60236e-08 1.31136e-08 1.0728e-08 8.77309e-09 7.17182e-09 5.86072e-09 4.78763e-09 3.90967e-09 3.19165e-09 2.60463e-09 2.12488e-09 1.73295e-09 1.41287e-09 1.15156e-09 9.38292e-10 7.64296e-10 6.22385e-10 5.06679e-10 4.12367e-10 3.35518e-10 2.72917e-10 2.21937e-10 1.80432e-10 1.46652e-10 1.19165e-10 9.68064e-11 7.86234e-11 6.38402e-11
0.00128725 0.00140881 0.00147032 0.00148448 0.00146229 0.00141309 0.00134466 0.00126336 0.00117431 0.00108155 0.000988195 0.000896581 0.000808405 0.000724843 0.000646653 0.000574266 0.000507858 0.00044741 0.000392768 0.000343673 0.000299802 0.000260791 0.000226256 0.000195808 0.000169061 0.000145647 0.000125215 0.000107437 9.20119e-05 7.86617e-05 6.71351e-05 5.72056e-05 4.86699e-05 4.13472e-05 3.50771e-05 2.97178e-05 2.51449e-05 2.12494e-05 1.7936e-05 1.5122e-05 1.27354e-05 1.07141e-05 9.00437e-06 7.56e-06 6.34126e-06 5.31409e-06 4.44931e-06 3.72205e-06 3.11105e-06 2.59824e-06 2.16824e-06 1.80803e-06 1.50654e-06 1.25442e-06 1.04375e-06 8.67878e-07 7.21158e-07 5.98855e-07 4.96981e-07 4.12185e-07 3.41652e-07 2.83024e-07 2.34323e-07 1.93895e-07 1.60355e-07 1.32547e-07 1.09505e-07 9.04223e-08 7.46284e-08 6.15635e-08 5.07619e-08 4.18362e-08 3.44643e-08 2.83789e-08 2.33578e-08 1.9217e-08 1.58037e-08 1.29913e-08 1.06752e-08 8.76858e-09 7.19971e-09 5.90931e-09 4.8484e-09 3.97652e-09 3.26027e-09 2.67209e-09 2.18928e-09 1.79309e-09 1.46812e-09 1.20166e-09 9.8324e-10 8.04271e-10 6.57675e-10 5.37636e-10 4.39375e-10 3.58968e-10 2.93191e-10 2.39398e-10 1.95421e-10 1.59478e-10 1.30111e-10
0.00101149 0.00115905 0.00125318 0.00130278 0.00131615 0.0013008 0.00126336 0.00120953 0.00114418 0.00107133 0.000994248 0.000915559 0.000837304 0.000761031 0.000687875 0.000618628 0.000553802 0.000493685 0.000438388 0.00038789 0.000342065 0.000300718 0.000263602 0.000230439 0.000200932 0.000174782 0.000151689 0.000131364 0.00011353 9.79266e-05 8.43121e-05 7.24629e-05 6.21745e-05 5.32613e-05 4.5556e-05 3.89081e-05 3.31836e-05 2.8263e-05 2.40407e-05 2.04237e-05 1.73299e-05 1.46877e-05 1.24344e-05 1.05154e-05 8.88331e-06 7.49694e-06 6.32074e-06 5.32404e-06 4.48039e-06 3.76707e-06 3.1646e-06 2.65625e-06 2.22775e-06 1.8669e-06 1.5633e-06 1.30809e-06 1.09375e-06 9.13887e-07 7.63075e-07 6.36723e-07 5.30944e-07 4.42457e-07 3.68487e-07 3.06697e-07 2.55117e-07 2.12089e-07 1.76218e-07 1.46333e-07 1.21451e-07 1.00746e-07 8.3528e-08 6.92175e-08 5.73303e-08 4.74616e-08 3.9273e-08 3.24821e-08 2.68532e-08 2.21899e-08 1.83283e-08 1.51323e-08 1.24883e-08 1.0302e-08 8.49504e-09 7.00223e-09 5.76949e-09 4.75195e-09 3.9124e-09 3.21998e-09 2.64915e-09 2.17873e-09 1.79122e-09 1.47213e-09 1.20947e-09 9.93339e-10 8.15566e-10 6.69392e-10 5.49242e-10 4.50518e-10 3.69426e-10 3.02838e-10 2.48179e-10
0.000794803 0.000951639 0.0010637 0.00113641 0.00117544 0.00118632 0.00117431 0.00114418 0.00110022 0.00104613 0.000985103 0.000919793 0.000852388 0.000784645 0.00071794 0.000653326 0.000591571 0.000533212 0.000478594 0.000427903 0.000381202 0.000338458 0.000299564 0.000264359 0.000232647 0.000204206 0.000178801 0.000156192 0.000136142 0.000118416 0.000102793 8.90623e-05 7.70257e-05 6.65005e-05 5.73184e-05 4.93258e-05 4.23831e-05 3.63643e-05 3.11565e-05 2.66585e-05 2.27802e-05 1.94416e-05 1.65723e-05 1.411e-05 1.2e-05 1.01944e-05 8.65128e-06 7.33427e-06 6.2116e-06 5.25573e-06 4.44281e-06 3.75223e-06 3.16621e-06 2.66944e-06 2.24875e-06 1.89282e-06 1.59198e-06 1.33794e-06 1.12359e-06 9.42904e-07 7.90713e-07 6.62629e-07 5.5492e-07 4.64413e-07 3.88419e-07 3.24657e-07 2.71196e-07 2.26403e-07 1.88898e-07 1.57516e-07 1.31274e-07 1.09344e-07 9.10287e-08 7.57416e-08 6.29894e-08 5.23579e-08 4.34994e-08 3.61222e-08 2.99819e-08 2.48738e-08 2.06266e-08 1.7097e-08 1.41651e-08 1.1731e-08 9.71102e-09 8.03554e-09 6.64643e-09 5.49526e-09 4.54168e-09 3.75213e-09 3.09866e-09 2.55804e-09 2.11097e-09 1.74141e-09 1.43603e-09 1.18379e-09 9.75524e-10 8.03625e-10 6.61797e-10 5.44821e-10 4.48377e-10
0.000624537 0.000779904 0.000899544 0.000986031 0.0010427 0.00107326 0.00108155 0.00107133 0.00104613 0.0010092 0.000963438 0.000911373 0.000855182 0.000796691 0.000737405 0.000678536 0.000621037 0.000565633 0.000512854 0.000463066 0.000416497 0.000373264 0.000333395 0.000296846 0.000263523 0.000233288 0.000205978 0.000181413 0.000159401 0.000139745 0.000122253 0.000106732 9.30018e-05 8.08877e-05 7.02269e-05 6.08677e-05 5.267e-05 4.55052e-05 3.9256e-05 3.3816e-05 2.90894e-05 2.49899e-05 2.14404e-05 1.83721e-05 1.57239e-05 1.34417e-05 1.14778e-05 9.79009e-06 8.34172e-06 7.10033e-06 6.03766e-06 5.12907e-06 4.35312e-06 3.69119e-06 3.12714e-06 2.64699e-06 2.23869e-06 1.89182e-06 1.59742e-06 1.34779e-06 1.13631e-06 9.57305e-07 8.05919e-07 6.77997e-07 5.69988e-07 4.78865e-07 4.02046e-07 3.37335e-07 2.82862e-07 2.3704e-07 1.98522e-07 1.66166e-07 1.39004e-07 1.16217e-07 9.71113e-08 8.11031e-08 6.76981e-08 5.64794e-08 4.7096e-08 3.9252e-08 3.26985e-08 2.72261e-08 2.26589e-08 1.88492e-08 1.56729e-08 1.30261e-08 1.08215e-08 8.9862e-09 7.45901e-09 6.1888e-09 5.13281e-09 4.2553e-09 3.52642e-09 2.92126e-09 2.41902e-09 2.00239e-09 1.6569e-09 1.37052e-09 1.13324e-09 9.36711e-10 7.73995e-10
0.000490747 0.000638076 0.000758204 0.000851523 0.000919471 0.000964181 0.000988195 0.000994248 0.000985103 0.000963438 0.000931762 0.000892368 0.000847301 0.000798352 0.000747054 0.000694697 0.000642343 0.000590848 0.00054088 0.00049295 0.000447423 0.000404549 0.000364477 0.000327277 0.000292949 0.000261446 0.000232679 0.00020653 0.000182861 0.000161519 0.000142345 0.000125176 0.000109853 9.62151e-05 8.41123e-05 7.33994e-05 6.39404e-05 5.5608e-05 4.82844e-05 4.18611e-05 3.62387e-05 3.13268e-05 2.70435e-05 2.33149e-05 2.00747e-05 1.72634e-05 1.4828e-05 1.27214e-05 1.09018e-05 9.33228e-06 7.98029e-06 6.81717e-06 5.81777e-06 4.96007e-06 4.22484e-06 3.5953e-06 3.05684e-06 2.59677e-06 2.20407e-06 1.86923e-06 1.58397e-06 1.3412e-06 1.13477e-06 9.59399e-07 8.10538e-07 6.84287e-07 5.77299e-07 4.86709e-07 4.10061e-07 3.4526e-07 2.90514e-07 2.44297e-07 2.05307e-07 1.72437e-07 1.44746e-07 1.21431e-07 1.01815e-07 8.53209e-08 7.14603e-08 5.98197e-08 5.00493e-08 4.18535e-08 3.49823e-08 2.92248e-08 2.44032e-08 2.03674e-08 1.69912e-08 1.41682e-08 1.18089e-08 9.83818e-09 8.19278e-09 6.81966e-09 5.67431e-09 4.71937e-09 3.92356e-09 3.26064e-09 2.70866e-09 2.24926e-09 1.86707e-09 1.54924e-09 1.28504e-09
0.000385617 0.000521222 0.00063716 0.000732272 0.000806554 0.000860847 0.000896581 0.000915559 0.000919793 0.000911373 0.000892368 0.000864757 0.00083038 0.000790908 0.000747828 0.000702436 0.000655841 0.000608973 0.000562596 0.000517323 0.000473632 0.000431881 0.000392327 0.000355136 0.000320405 0.000288167 0.000258409 0.000231077 0.00020609 0.000183344 0.000162719 0.000144085 0.000127309 0.000112253 9.87807e-05 8.67605e-05 7.60642e-05 6.657e-05 5.81628e-05 5.07353e-05 4.41874e-05 3.84267e-05 3.33687e-05 2.8936e-05 2.50582e-05 2.16718e-05 1.87193e-05 1.61493e-05 1.39156e-05 1.19771e-05 1.02971e-05 8.84319e-06 7.58659e-06 6.50189e-06 5.56675e-06 4.7615e-06 4.0689e-06 3.47386e-06 2.9632e-06 2.52541e-06 2.15047e-06 1.82969e-06 1.5555e-06 1.32136e-06 1.1216e-06 9.51327e-07 8.06311e-07 6.8291e-07 5.77989e-07 4.88853e-07 4.13186e-07 3.49002e-07 2.94599e-07 2.48519e-07 2.09518e-07 1.76531e-07 1.48649e-07 1.25099e-07 1.05219e-07 8.84498e-08 7.43121e-08 6.24007e-08 5.23709e-08 4.39304e-08 3.68316e-08 3.08645e-08 2.58514e-08 2.16422e-08 1.81097e-08 1.51468e-08 1.26629e-08 1.05815e-08 8.83834e-09 7.37913e-09 6.15821e-09 5.13713e-09 4.28358e-09 3.5704e-09 2.97476e-09 2.47752e-09 2.06258e-09
0.000303009 0.000425152 0.000533983 0.000627338 0.000704182 0.000764365 0.000808405 0.000837304 0.000852388 0.000855182 0.000847301 0.00083038 0.000806003 0.000775668 0.000740756 0.000702514 0.000662042 0.0006203 0.000578101 0.000536129 0.00049494 0.000454978 0.000416587 0.000380021 0.000345457 0.000313006 0.000282726 0.000254627 0.000228684 0.000204844 0.000183028 0.000163146 0.000145092 0.000128756 0.000114021 0.00010077 8.88898e-05 7.8266e-05 6.87903e-05 6.03592e-05 5.28748e-05 4.62456e-05 4.0386e-05 3.52171e-05 3.06663e-05 2.66669e-05 2.31583e-05 2.00855e-05 1.73988e-05 1.50533e-05 1.30087e-05 1.12291e-05 9.68218e-06 8.33944e-06 7.17542e-06 6.16762e-06 5.29613e-06 4.54341e-06 3.89402e-06 3.33441e-06 2.85267e-06 2.43842e-06 2.08256e-06 1.77716e-06 1.51533e-06 1.29105e-06 1.09912e-06 9.3502e-07 7.94834e-07 6.75179e-07 5.73133e-07 4.86174e-07 4.12131e-07 3.49134e-07 2.95575e-07 2.50073e-07 2.11445e-07 1.78674e-07 1.50892e-07 1.27355e-07 1.07428e-07 9.05677e-08 7.63113e-08 6.4264e-08 5.40897e-08 4.55024e-08 3.82587e-08 3.21519e-08 2.70064e-08 2.26733e-08 1.90263e-08 1.59583e-08 1.33789e-08 1.12113e-08 9.3906e-09 7.86213e-09 6.57958e-09 5.5039e-09 4.60213e-09 3.84652e-09 3.21365e-09
0.000238097 0.000346323 0.000446402 0.0005356 0.000612204 0.000675347 0.000724843 0.000761031 0.000784645 0.000796691 0.000798352 0.000790908 0.000775668 0.000753922 0.000726906 0.000695772 0.000661573 0.000625253 0.000587641 0.000549455 0.000511303 0.00047369 0.000437027 0.000401638 0.000367769 0.000335601 0.000305256 0.000276804 0.000250275 0.000225666 0.000202943 0.000182053 0.000162924 0.000145474 0.00012961 0.000115235 0.00010225 9.05538e-05 8.00477e-05 7.06349e-05 6.22225e-05 5.47218e-05 4.80488e-05 4.21248e-05 3.68764e-05 3.22358e-05 2.814e-05 2.45317e-05 2.13582e-05 1.85718e-05 1.61291e-05 1.39911e-05 1.21225e-05 1.04917e-05 9.07037e-06 7.83328e-06 6.75793e-06 5.82435e-06 5.01482e-06 4.31369e-06 3.70714e-06 3.18298e-06 2.73052e-06 2.34035e-06 2.00424e-06 1.71498e-06 1.46629e-06 1.25268e-06 1.06936e-06 9.12182e-07 7.77533e-07 6.62281e-07 5.63715e-07 4.79487e-07 4.07567e-07 3.46205e-07 2.93891e-07 2.49322e-07 2.1138e-07 1.79102e-07 1.51662e-07 1.2835e-07 1.08559e-07 9.17667e-08 7.75289e-08 6.54641e-08 5.52471e-08 4.66e-08 3.92858e-08 3.31027e-08 2.78788e-08 2.34676e-08 1.97448e-08 1.66046e-08 1.39573e-08 1.17266e-08 9.84797e-09 8.26657e-09 6.93606e-09 5.81717e-09 4.87668e-09
0.000187091 0.000281757 0.000372335 0.00045585 0.000530199 0.000594035 0.000646653 0.000687875 0.00071794 0.000737405 0.000747054 0.000747828 0.000740756 0.000726906 0.000707343 0.000683094 0.000655133 0.000624355 0.000591574 0.000557512 0.000522802 0.000487988 0.000453525 0.000419793 0.000387094 0.000355666 0.000325688 0.000297285 0.000270538 0.000245491 0.000222155 0.000200515 0.000180533 0.000162158 0.000145323 0.000129953 0.000115966 0.000103278 9.18016e-05 8.14496e-05 7.21363e-05 6.37783e-05 5.62955e-05 4.96111e-05 4.3653e-05 3.83531e-05 3.3648e-05 2.94788e-05 2.57912e-05 2.25353e-05 1.96653e-05 1.71395e-05 1.49203e-05 1.29732e-05 1.12674e-05 9.77503e-06 8.47125e-06 7.33367e-06 6.34238e-06 5.47963e-06 4.72965e-06 4.07847e-06 3.51369e-06 3.0244e-06 2.60095e-06 2.23487e-06 1.91871e-06 1.64592e-06 1.41078e-06 1.20828e-06 1.03406e-06 8.84292e-07 7.55659e-07 6.45273e-07 5.50623e-07 4.69531e-07 4.00111e-07 3.40728e-07 2.89969e-07 2.46615e-07 2.09611e-07 1.78049e-07 1.51149e-07 1.28237e-07 1.08734e-07 9.21453e-08 7.80433e-08 6.6063e-08 5.58914e-08 4.72607e-08 3.99419e-08 3.3739e-08 2.8485e-08 2.40372e-08 2.0274e-08 1.70917e-08 1.4402e-08 1.21299e-08 1.02116e-08 8.59279e-09 7.22737e-09
0.000147012 0.000228961 0.000309904 0.000386867 0.000457573 0.000520393 0.000574266 0.000618628 0.000653326 0.000678536 0.000694697 0.000702436 0.000702514 0.000695772 0.000683094 0.000665367 0.000643457 0.000618191 0.000590339 0.000560604 0.000529619 0.000497943 0.000466062 0.00043439 0.000403273 0.000372995 0.000343782 0.000315806 0.000289196 0.000264038 0.000240386 0.000218261 0.000197662 0.000178566 0.000160936 0.000144719 0.000129855 0.000116275 0.000103908 9.26783e-05 8.25093e-05 7.33252e-05 6.50514e-05 5.76154e-05 5.09477e-05 4.49817e-05 3.96548e-05 3.4908e-05 3.06861e-05 2.6938e-05 2.36164e-05 2.06778e-05 1.80822e-05 1.57933e-05 1.37778e-05 1.20058e-05 1.045e-05 9.08586e-06 7.89147e-06 6.847e-06 5.9348e-06 5.13908e-06 4.44578e-06 3.84241e-06 3.3179e-06 2.86244e-06 2.46734e-06 2.12497e-06 1.82858e-06 1.57224e-06 1.35077e-06 1.15958e-06 9.94695e-07 8.52617e-07 7.30296e-07 6.25075e-07 5.34637e-07 4.56969e-07 3.90319e-07 3.33169e-07 2.84202e-07 2.42276e-07 2.06406e-07 1.75738e-07 1.49536e-07 1.27166e-07 1.08079e-07 9.18037e-08 7.79356e-08 6.61258e-08 5.6075e-08 4.75264e-08 4.02599e-08 3.40867e-08 2.88453e-08 2.43977e-08 2.06256e-08 1.74283e-08 1.47196e-08 1.2426e-08 1.04849e-08
0.000115518 0.000185855 0.00025744 0.00032746 0.00039363 0.000454188 0.000507858 0.000553802 0.000591571 0.000621037 0.000642343 0.000655841 0.000662042 0.000661573 0.000655133 0.000643457 0.000627296 0.000607386 0.000584435 0.000559106 0.000532014 0.000503714 0.000474704 0.000445417 0.000416228 0.000387456 0.000359363 0.000332163 0.000306022 0.000281068 0.00025739 0.000235048 0.000214072 0.000194471 0.000176233 0.000159333 0.000143731 0.000129378 0.000116218 0.000104188 9.32251e-05 8.32617e-05 7.42307e-05 6.60656e-05 5.87009e-05 5.20735e-05 4.61225e-05 4.07902e-05 3.60217e-05 3.17657e-05 2.79742e-05 2.46024e-05 2.1609e-05 1.8956e-05 1.66084e-05 1.45343e-05 1.27044e-05 1.10924e-05 9.67438e-06 8.42857e-06 7.33553e-06 6.37774e-06 5.53951e-06 4.80679e-06 4.16704e-06 3.60909e-06 3.12303e-06 2.70004e-06 2.33233e-06 2.01299e-06 1.73595e-06 1.49582e-06 1.28788e-06 1.10799e-06 9.52506e-07 8.1823e-07 7.02369e-07 6.02484e-07 5.1644e-07 4.4238e-07 3.78685e-07 3.23946e-07 2.7694e-07 2.36603e-07 2.02015e-07 1.72376e-07 1.46998e-07 1.25281e-07 1.0671e-07 9.08397e-08 7.72861e-08 6.57183e-08 5.58514e-08 4.74404e-08 4.02748e-08 3.41737e-08 2.89821e-08 2.45667e-08 2.08137e-08 1.76255e-08 1.49184e-08
9.07715e-05 0.00015071 0.000213472 0.000276503 0.000337624 0.000395054 0.00044741 0.000493685 0.000533212 0.000565633 0.000590848 0.000608973 0.0006203 0.000625253 0.000624355 0.000618191 0.000607386 0.000592576 0.000574393 0.000553445 0.000530312 0.00050553 0.000479591 0.000452935 0.000425953 0.000398985 0.000372322 0.000346207 0.000320841 0.000296385 0.000272961 0.000250662 0.000229549 0.000209661 0.000191013 0.000173603 0.000157415 0.000142419 0.000128577 0.000115841 0.000104161 9.34792e-05 8.37387e-05 7.488e-05 6.68435e-05 5.95704e-05 5.30035e-05 4.70872e-05 4.17682e-05 3.6996e-05 3.27225e-05 2.89028e-05 2.54949e-05 2.24597e-05 1.97607e-05 1.73648e-05 1.52411e-05 1.33616e-05 1.17005e-05 1.02346e-05 8.94276e-06 7.80573e-06 6.80628e-06 5.92886e-06 5.1595e-06 4.48568e-06 3.89622e-06 3.38114e-06 2.93152e-06 2.53948e-06 2.19799e-06 1.90083e-06 1.64249e-06 1.41813e-06 1.22346e-06 1.05469e-06 9.08522e-07 7.8203e-07 6.72662e-07 5.78177e-07 4.96617e-07 4.2627e-07 3.65641e-07 3.13429e-07 2.68499e-07 2.29863e-07 1.96663e-07 1.68155e-07 1.43693e-07 1.22716e-07 1.04741e-07 8.93468e-08 7.61725e-08 6.49046e-08 5.52734e-08 4.7046e-08 4.00221e-08 3.40291e-08 2.89187e-08 2.45633e-08 2.08536e-08
7.13261e-05 0.000122094 0.000176717 0.000232952 0.000288797 0.000342538 0.000392768 0.000438388 0.000478594 0.000512854 0.00054088 0.000562596 0.000578101 0.000587641 0.000591574 0.000590339 0.000584435 0.000574393 0.000560759 0.000544079 0.000524881 0.000503672 0.000480923 0.000457069 0.000432505 0.000407581 0.000382606 0.000357847 0.000333528 0.000309838 0.00028693 0.000264922 0.000243907 0.000223948 0.000205088 0.000187348 0.000170734 0.000155237 0.000140835 0.000127499 0.000115189 0.000103864 9.34743e-05 8.39698e-05 7.52981e-05 6.74064e-05 6.02419e-05 5.37525e-05 4.78876e-05 4.25984e-05 3.78379e-05 3.35617e-05 2.97278e-05 2.62965e-05 2.3231e-05 2.04969e-05 1.80622e-05 1.58976e-05 1.3976e-05 1.22727e-05 1.0765e-05 9.4323e-06 8.25582e-06 7.21862e-06 6.30535e-06 5.5022e-06 4.79673e-06 4.17777e-06 3.63533e-06 3.16047e-06 2.74521e-06 2.38246e-06 2.0659e-06 1.78991e-06 1.54954e-06 1.34039e-06 1.15856e-06 1.00063e-06 8.63587e-07 7.44764e-07 6.41827e-07 5.52727e-07 4.75665e-07 4.09069e-07 3.51561e-07 3.0194e-07 2.59155e-07 2.22291e-07 1.90552e-07 1.63245e-07 1.39767e-07 1.19595e-07 1.02274e-07 8.74121e-08 7.46675e-08 6.37457e-08 5.43917e-08 4.63854e-08 3.95367e-08 3.36816e-08 2.86788e-08
5.60464e-05 9.88214e-05 0.000146061 0.00019585 0.000246406 0.000296136 0.000343673 0.00038789 0.000427903 0.000463066 0.00049295 0.000517323 0.000536129 0.000549455 0.000557512 0.000560604 0.000559106 0.000553445 0.000544079 0.000531478 0.000516117 0.000498459 0.000478945 0.000457996 0.000435996 0.000413298 0.00039022 0.000367041 0.000344006 0.000321322 0.000299167 0.000277683 0.000256987 0.000237168 0.000218292 0.000200402 0.000183526 0.000167675 0.000152845 0.000139022 0.000126184 0.0001143 0.000103332 9.32408e-05 8.39816e-05 7.55085e-05 6.77745e-05 6.07322e-05 5.43345e-05 4.85354e-05 4.32899e-05 3.8555e-05 3.42891e-05 3.04532e-05 2.70101e-05 2.39251e-05 2.11655e-05 1.8701e-05 1.65036e-05 1.45473e-05 1.28082e-05 1.12644e-05 9.8959e-06 8.6844e-06 7.6133e-06 6.66753e-06 5.83345e-06 5.09877e-06 4.45238e-06 3.88434e-06 3.38569e-06 2.94843e-06 2.56541e-06 2.23024e-06 1.93725e-06 1.68137e-06 1.45812e-06 1.26351e-06 1.09404e-06 9.4658e-07 8.18388e-07 7.07042e-07 6.10408e-07 5.26612e-07 4.54006e-07 3.91146e-07 3.36765e-07 2.89756e-07 2.49148e-07 2.14096e-07 1.83861e-07 1.578e-07 1.35352e-07 1.16028e-07 9.94054e-08 8.51155e-08 7.28389e-08 6.22984e-08 5.32542e-08 4.54986e-08 3.88519e-08
4.40399e-05 7.99171e-05 0.000120546 0.000164336 0.000209742 0.000255325 0.000299802 0.000342065 0.000381202 0.000416497 0.000447423 0.000473632 0.00049494 0.000511303 0.000522802 0.000529619 0.000532014 0.000530312 0.000524881 0.000516117 0.000504431 0.000490237 0.000473939 0.000455931 0.000436581 0.000416237 0.000395213 0.000373796 0.000352241 0.000330772 0.000309581 0.000288833 0.000268663 0.000249183 0.00023048 0.000212618 0.000195644 0.000179589 0.000164467 0.00015028 0.00013702 0.00012467 0.000113205 0.000102596 9.28061e-05 8.37985e-05 7.55325e-05 6.79662e-05 6.10573e-05 5.47632e-05 4.90419e-05 4.38523e-05 3.91547e-05 3.49107e-05 3.10838e-05 2.76392e-05 2.45443e-05 2.17682e-05 1.92822e-05 1.70595e-05 1.50752e-05 1.33065e-05 1.17321e-05 1.03326e-05 9.09041e-06 7.98918e-06 7.01419e-06 6.15205e-06 5.39062e-06 4.71892e-06 4.12706e-06 3.60614e-06 3.14815e-06 2.74592e-06 2.39303e-06 2.08373e-06 1.81291e-06 1.57602e-06 1.36899e-06 1.18824e-06 1.03056e-06 8.93142e-07 7.73476e-07 6.6936e-07 5.78849e-07 5.00228e-07 4.3199e-07 3.7281e-07 3.21524e-07 2.77114e-07 2.38686e-07 2.05457e-07 1.76746e-07 1.51954e-07 1.30561e-07 1.12115e-07 9.62188e-08 8.25295e-08 7.07482e-08 6.06151e-08 5.19052e-08
3.46055e-05 6.45772e-05 9.93517e-05 0.000137642 0.00017814 0.000219582 0.000260791 0.000300718 0.000338458 0.000373264 0.000404549 0.000431881 0.000454978 0.00047369 0.000487988 0.000497943 0.000503714 0.00050553 0.000503672 0.000498459 0.000490237 0.000479365 0.000466207 0.000451121 0.000434454 0.000416536 0.000397675 0.000378158 0.000358242 0.00033816 0.000318117 0.000298292 0.000278838 0.000259882 0.00024153 0.000223867 0.000206957 0.000190848 0.000175571 0.000161145 0.000147577 0.000134862 0.000122988 0.000111936 0.000101682 9.2195e-05 8.34428e-05 7.53898e-05 6.79989e-05 6.12322e-05 5.50512e-05 4.94179e-05 4.42945e-05 3.96445e-05 3.54324e-05 3.16242e-05 2.81874e-05 2.50914e-05 2.2307e-05 1.9807e-05 1.7566e-05 1.55601e-05 1.37674e-05 1.21676e-05 1.07419e-05 9.47307e-06 8.34538e-06 7.3444e-06 6.45701e-06 5.67128e-06 4.97639e-06 4.36255e-06 3.82091e-06 3.34351e-06 2.92318e-06 2.55348e-06 2.22866e-06 1.94353e-06 1.69351e-06 1.47447e-06 1.28276e-06 1.11511e-06 9.68648e-07 8.40796e-07 7.29288e-07 6.32116e-07 5.47507e-07 4.73896e-07 4.09904e-07 3.54316e-07 3.06066e-07 2.64216e-07 2.27944e-07 1.96529e-07 1.69339e-07 1.45823e-07 1.25498e-07 1.07943e-07 9.279e-08 7.97189e-08 6.84509e-08
2.71922e-05 5.21421e-05 8.17779e-05 0.000115087 0.000150989 0.000188395 0.000226256 0.000263602 0.000299564 0.000333395 0.000364477 0.000392327 0.000416587 0.000437027 0.000453525 0.000466062 0.000474704 0.000479591 0.000480923 0.000478945 0.000473939 0.000466207 0.000456065 0.000443834 0.000429832 0.000414366 0.000397733 0.00038021 0.000362053 0.000343497 0.000324756 0.000306016 0.000287443 0.00026918 0.000251347 0.000234044 0.000217352 0.000201335 0.000186041 0.000171502 0.00015774 0.000144765 0.000132576 0.000121165 0.000110518 0.000100615 9.14296e-05 8.29345e-05 7.50984e-05 6.78885e-05 6.12709e-05 5.52109e-05 4.96738e-05 4.46253e-05 4.00317e-05 3.58603e-05 3.20794e-05 2.86587e-05 2.55694e-05 2.27841e-05 2.0277e-05 1.8024e-05 1.60025e-05 1.41913e-05 1.25709e-05 1.11234e-05 9.83191e-06 8.68128e-06 7.65743e-06 6.74756e-06 5.93995e-06 5.22398e-06 4.58998e-06 4.0292e-06 3.53374e-06 3.09646e-06 2.71093e-06 2.37139e-06 2.07264e-06 1.81005e-06 1.57945e-06 1.37715e-06 1.19983e-06 1.04454e-06 9.08676e-07 7.89904e-07 6.86162e-07 5.95623e-07 5.16671e-07 4.47878e-07 3.87983e-07 3.35876e-07 2.90578e-07 2.51229e-07 2.17071e-07 1.87441e-07 1.61757e-07 1.39509e-07 1.2025e-07 1.03589e-07 8.91853e-08
2.1367e-05 4.20712e-05 6.72306e-05 9.60732e-05 0.000127728 0.000161278 0.000195808 0.000230439 0.000264359 0.000296846 0.000327277 0.000355136 0.000380021 0.000401638 0.000419793 0.00043439 0.000445417 0.000452935 0.000457069 0.000457996 0.000455931 0.000451121 0.000443834 0.000434349 0.000422951 0.000409922 0.000395539 0.000380064 0.000363749 0.000346825 0.000329507 0.000311988 0.000294441 0.000277019 0.000259855 0.000243062 0.000226734 0.00021095 0.000195771 0.000181245 0.000167407 0.000154277 0.00014187 0.000130188 0.000119226 0.000108975 9.94159e-05 9.05298e-05 8.22918e-05 7.46748e-05 6.76498e-05 6.11864e-05 5.52535e-05 4.98196e-05 4.48533e-05 4.03237e-05 3.62004e-05 3.24543e-05 2.9057e-05 2.59814e-05 2.32019e-05 2.06941e-05 1.8435e-05 1.64032e-05 1.45785e-05 1.29422e-05 1.1477e-05 1.01667e-05 8.99647e-06 7.95278e-06 7.0231e-06 6.19598e-06 5.46101e-06 4.80867e-06 4.23033e-06 3.71818e-06 3.26512e-06 2.86477e-06 2.51136e-06 2.1997e-06 1.92513e-06 1.68348e-06 1.47099e-06 1.28432e-06 1.12048e-06 9.7681e-07 8.50932e-07 7.40739e-07 6.44356e-07 5.60121e-07 4.86563e-07 4.22379e-07 3.66417e-07 3.17662e-07 2.75216e-07 2.38291e-07 2.06191e-07 1.78305e-07 1.54098e-07 1.33097e-07 1.14891e-07
1.67897e-05 3.39223e-05 5.52075e-05 8.00793e-05 0.000107854 0.000137776 0.000169061 0.000200932 0.000232647 0.000263523 0.000292949 0.000320405 0.000345457 0.000367769 0.000387094 0.000403273 0.000416228 0.000425953 0.000432505 0.000435996 0.000436581 0.000434454 0.000429832 0.000422951 0.000414061 0.000403415 0.000391265 0.000377858 0.000363432 0.000348213 0.000332411 0.000316221 0.00029982 0.000283368 0.000267006 0.000250857 0.000235028 0.000219608 0.000204673 0.000190281 0.00017648 0.000163304 0.000150778 0.000138914 0.000127719 0.000117192 0.000107325 9.81046e-05 8.95136e-05 8.15312e-05 7.4134e-05 6.72962e-05 6.09908e-05 5.51897e-05 4.98645e-05 4.49864e-05 4.05271e-05 3.64586e-05 3.27538e-05 2.93862e-05 2.63307e-05 2.3563e-05 2.10601e-05 1.88004e-05 1.67634e-05 1.49298e-05 1.32819e-05 1.18029e-05 1.04772e-05 9.29073e-06 8.23009e-06 7.2832e-06 6.43888e-06 5.68694e-06 5.01805e-06 4.42373e-06 3.89625e-06 3.42861e-06 3.01445e-06 2.64805e-06 2.32423e-06 2.03831e-06 1.78612e-06 1.56389e-06 1.36824e-06 1.19614e-06 1.0449e-06 9.12108e-07 7.9561e-07 6.93495e-07 6.0406e-07 5.25794e-07 4.57357e-07 3.97561e-07 3.45355e-07 2.99809e-07 2.60104e-07 2.25515e-07 1.95405e-07 1.69212e-07 1.46442e-07
1.31929e-05 2.7334e-05 4.52853e-05 6.66527e-05 9.09155e-05 0.000117466 0.000145647 0.000174782 0.000204206 0.000233288 0.000261446 0.000288167 0.000313006 0.000335601 0.000355666 0.000372995 0.000387456 0.000398985 0.000407581 0.000413298 0.000416237 0.000416536 0.000414366 0.000409922 0.000403415 0.000395066 0.000385101 0.000373747 0.000361226 0.000347752 0.00033353 0.00031875 0.000303592 0.000288217 0.000272771 0.000257387 0.000242178 0.000227245 0.000212672 0.000198531 0.000184878 0.000171761 0.000159213 0.000147259 0.000135915 0.000125189 0.000115082 0.000105588 9.66978e-05 8.83969e-05 8.06677e-05 7.34896e-05 6.68402e-05 6.06952e-05 5.50296e-05 4.98173e-05 4.50324e-05 4.06487e-05 3.66406e-05 3.29827e-05 2.96505e-05 2.66206e-05 2.387e-05 2.13773e-05 1.91218e-05 1.70841e-05 1.52461e-05 1.35905e-05 1.21014e-05 1.07638e-05 9.564e-06 8.48919e-06 7.52757e-06 6.66827e-06 5.90136e-06 5.21769e-06 4.60893e-06 4.06749e-06 3.58644e-06 3.15951e-06 2.78101e-06 2.44578e-06 2.14918e-06 1.88701e-06 1.6555e-06 1.45125e-06 1.27122e-06 1.11268e-06 9.73181e-07 8.5055e-07 7.42837e-07 6.48305e-07 5.65409e-07 4.92774e-07 4.29181e-07 3.73546e-07 3.24911e-07 2.82426e-07 2.45341e-07 2.12993e-07 1.84797e-07
1.03667e-05 2.20117e-05 3.71081e-05 5.54022e-05 7.6513e-05 9.9964e-05 0.000125215 0.000151689 0.000178801 0.000205978 0.000232679 0.000258409 0.000282726 0.000305256 0.000325688 0.000343782 0.000359363 0.000372322 0.000382606 0.00039022 0.000395213 0.000397675 0.000397733 0.000395539 0.000391265 0.000385101 0.000377245 0.000367901 0.00035727 0.000345555 0.000332948 0.000319636 0.000305792 0.000291579 0.000277146 0.000262628 0.000248147 0.00023381 0.00021971 0.000205927 0.000192529 0.000179572 0.0001671 0.000155146 0.000143738 0.00013289 0.000122614 0.000112911 0.000103779 9.52107e-05 8.71942e-05 7.97146e-05 7.27542e-05 6.62932e-05 6.03101e-05 5.47823e-05 4.96864e-05 4.49986e-05 4.06949e-05 3.67517e-05 3.31456e-05 2.98539e-05 2.68543e-05 2.41257e-05 2.16477e-05 1.94009e-05 1.73669e-05 1.55283e-05 1.38687e-05 1.23729e-05 1.10266e-05 9.81638e-06 8.73002e-06 7.75605e-06 6.88393e-06 6.10396e-06 5.40722e-06 4.78555e-06 4.23148e-06 3.73822e-06 3.29955e-06 2.90985e-06 2.564e-06 2.25737e-06 1.9858e-06 1.74549e-06 1.53306e-06 1.34544e-06 1.17988e-06 1.03391e-06 9.05344e-07 7.92188e-07 6.92681e-07 6.0525e-07 5.2849e-07 4.61152e-07 4.02126e-07 3.50424e-07 3.05173e-07 2.65595e-07 2.31006e-07
8.14589e-06 1.77153e-05 3.03778e-05 4.59917e-05 6.4293e-05 8.49197e-05 0.000107437 0.000131364 0.000156192 0.000181413 0.00020653 0.000231077 0.000254627 0.000276804 0.000297285 0.000315806 0.000332163 0.000346207 0.000357847 0.000367041 0.000373796 0.000378158 0.00038021 0.000380064 0.000377858 0.000373747 0.000367901 0.000360497 0.000351718 0.000341748 0.000330768 0.000318953 0.000306474 0.000293487 0.000280143 0.000266578 0.000252916 0.000239272 0.000225744 0.00021242 0.000199375 0.000186674 0.00017437 0.000162506 0.000151117 0.000140226 0.000129853 0.000120007 0.000110694 0.000101912 9.36568e-05 8.59183e-05 7.86841e-05 7.1939e-05 6.56657e-05 5.9845e-05 5.44566e-05 4.94794e-05 4.48917e-05 4.06716e-05 3.67973e-05 3.32472e-05 3.00001e-05 2.70353e-05 2.43329e-05 2.18738e-05 1.96396e-05 1.7613e-05 1.57775e-05 1.41174e-05 1.26181e-05 1.12659e-05 1.00481e-05 8.95265e-06 7.9686e-06 7.08571e-06 6.29453e-06 5.58639e-06 4.95329e-06 4.38793e-06 3.8836e-06 3.43422e-06 3.03422e-06 2.67853e-06 2.36256e-06 2.08216e-06 1.83357e-06 1.61338e-06 1.41853e-06 1.24626e-06 1.09409e-06 9.59789e-07 8.41363e-07 7.37022e-07 6.45168e-07 5.6437e-07 4.93355e-07 4.30987e-07 3.76254e-07 3.28259e-07 2.86203e-07
6.40085e-06 1.42496e-05 2.4845e-05 3.81331e-05 5.39459e-05 7.20189e-05 9.20119e-05 0.00011353 0.000136142 0.000159401 0.000182861 0.00020609 0.000228684 0.000250275 0.000270538 0.000289196 0.000306022 0.000320841 0.000333528 0.000344006 0.000352241 0.000358242 0.000362053 0.000363749 0.000363432 0.000361226 0.00035727 0.000351718 0.000344729 0.000336469 0.000327103 0.000316796 0.000305707 0.000293991 0.000281792 0.000269248 0.000256484 0.000243615 0.000230746 0.00021797 0.000205369 0.000193015 0.000180967 0.000169278 0.000157989 0.000147133 0.000136736 0.000126815 0.000117382 0.000108443 0.0001 9.20482e-05 8.45807e-05 7.75871e-05 7.10543e-05 6.49671e-05 5.93085e-05 5.40603e-05 4.92035e-05 4.47183e-05 4.05847e-05 3.67825e-05 3.32918e-05 3.00929e-05 2.71666e-05 2.44942e-05 2.20577e-05 1.98398e-05 1.78241e-05 1.59949e-05 1.43374e-05 1.28376e-05 1.14823e-05 1.02594e-05 9.15725e-06 8.16528e-06 7.27357e-06 6.47297e-06 5.75502e-06 5.11194e-06 4.53656e-06 4.02233e-06 3.56325e-06 3.15383e-06 2.78908e-06 2.46446e-06 2.17584e-06 1.91947e-06 1.69197e-06 1.49027e-06 1.31161e-06 1.1535e-06 1.0137e-06 8.90188e-07 7.81169e-07 6.85017e-07 6.00284e-07 5.25672e-07 4.60024e-07 4.02307e-07 3.51603e-07
5.02963e-06 1.14557e-05 2.03019e-05 3.15808e-05 4.52012e-05 6.09809e-05 7.86617e-05 9.79266e-05 0.000118416 0.000139745 0.000161519 0.000183344 0.000204844 0.000225666 0.000245491 0.000264038 0.000281068 0.000296385 0.000309838 0.000321322 0.000330772 0.00033816 0.000343497 0.000346825 0.000348213 0.000347752 0.000345555 0.000341748 0.000336469 0.000329862 0.000322078 0.000313267 0.000303577 0.000293155 0.000282141 0.000270668 0.000258862 0.000246838 0.000234703 0.000222555 0.000210479 0.000198553 0.000186845 0.000175411 0.000164301 0.000153554 0.000143204 0.000133275 0.000123786 0.000114748 0.00010617 9.8053e-05 9.03955e-05 8.31919e-05 7.64336e-05 7.01095e-05 6.42062e-05 5.87088e-05 5.3601e-05 4.88655e-05 4.44844e-05 4.04394e-05 3.6712e-05 3.32836e-05 3.01361e-05 2.72515e-05 2.46123e-05 2.22017e-05 2.00033e-05 1.80017e-05 1.61819e-05 1.45298e-05 1.30322e-05 1.16764e-05 1.04507e-05 9.34408e-06 8.34622e-06 7.44757e-06 6.63924e-06 5.91302e-06 5.26134e-06 4.6772e-06 4.15418e-06 3.68639e-06 3.26845e-06 2.89543e-06 2.56283e-06 2.26658e-06 2.00296e-06 1.76859e-06 1.56043e-06 1.37572e-06 1.21195e-06 1.06689e-06 9.38502e-07 8.24972e-07 7.24663e-07 6.36107e-07 5.5799e-07 4.89135e-07 4.28492e-07
3.95217e-06 9.20495e-06 1.65756e-05 2.61255e-05 3.78241e-05 5.15565e-05 6.71351e-05 8.43121e-05 0.000102793 0.000122253 0.000142345 0.000162719 0.000183028 0.000202943 0.000222155 0.000240386 0.00025739 0.000272961 0.00028693 0.000299167 0.000309581 0.000318117 0.000324756 0.000329507 0.000332411 0.00033353 0.000332948 0.000330768 0.000327103 0.000322078 0.000315825 0.00030848 0.000300178 0.000291057 0.000281249 0.000270882 0.000260079 0.000248954 0.000237616 0.000226162 0.000214684 0.000203261 0.000191967 0.000180863 0.000170006 0.000159441 0.000149207 0.000139336 0.000129852 0.000120774 0.000112115 0.000103883 9.60807e-05 8.87081e-05 8.17609e-05 7.52324e-05 6.91129e-05 6.33909e-05 5.80532e-05 5.30853e-05 4.84716e-05 4.41957e-05 4.02409e-05 3.65902e-05 3.32266e-05 3.01331e-05 2.7293e-05 2.46899e-05 2.2308e-05 2.01321e-05 1.81473e-05 1.63396e-05 1.46957e-05 1.32027e-05 1.18488e-05 1.06225e-05 9.51348e-06 8.51164e-06 7.6078e-06 6.79336e-06 6.06036e-06 5.40141e-06 4.80971e-06 4.27899e-06 3.80347e-06 3.37787e-06 2.99734e-06 2.65746e-06 2.35418e-06 2.08383e-06 1.84306e-06 1.62883e-06 1.4384e-06 1.26928e-06 1.1192e-06 9.86152e-07 8.68292e-07 7.63975e-07 6.71721e-07 5.90202e-07 5.18224e-07
3.10552e-06 7.39279e-06 1.35223e-05 2.15899e-05 3.16111e-05 4.35259e-05 5.72056e-05 7.24629e-05 8.90623e-05 0.000106732 0.000125176 0.000144085 0.000163146 0.000182053 0.000200515 0.000218261 0.000235048 0.000250662 0.000264922 0.000277683 0.000288833 0.000298292 0.000306016 0.000311988 0.000316221 0.00031875 0.000319636 0.000318953 0.000316796 0.000313267 0.00030848 0.000302554 0.000295614 0.000287783 0.000279185 0.000269943 0.000260174 0.00024999 0.000239497 0.000228795 0.000217975 0.00020712 0.000196307 0.000185603 0.000175067 0.000164751 0.0001547 0.000144951 0.000135534 0.000126474 0.000117788 0.000109491 0.000101591 9.40917e-05 8.69944e-05 8.02962e-05 7.39914e-05 6.80722e-05 6.25285e-05 5.73486e-05 5.25197e-05 4.80275e-05 4.38574e-05 3.9994e-05 3.64217e-05 3.31247e-05 3.00873e-05 2.7294e-05 2.47296e-05 2.2379e-05 2.0228e-05 1.82626e-05 1.64695e-05 1.4836e-05 1.335e-05 1.20001e-05 1.07754e-05 9.66583e-06 8.66181e-06 7.75445e-06 6.93544e-06 6.19705e-06 5.53212e-06 4.93403e-06 4.39666e-06 3.91436e-06 3.48195e-06 3.09467e-06 2.74817e-06 2.43846e-06 2.1619e-06 1.91519e-06 1.6953e-06 1.49951e-06 1.32532e-06 1.1705e-06 1.033e-06 9.10997e-07 8.02833e-07 7.07017e-07 6.22206e-07
2.44024e-06 5.93462e-06 1.1023e-05 1.78238e-05 2.63869e-05 3.66955e-05 4.86699e-05 6.21745e-05 7.70257e-05 9.30018e-05 0.000109853 0.000127309 0.000145092 0.000162924 0.000180533 0.000197662 0.000214072 0.000229549 0.000243907 0.000256987 0.000268663 0.000278838 0.000287443 0.000294441 0.00029982 0.000303592 0.000305792 0.000306474 0.000305707 0.000303577 0.000300178 0.000295614 0.000289992 0.000283427 0.000276031 0.000267918 0.000259199 0.000249983 0.000240372 0.000230465 0.000220354 0.000210123 0.00019985 0.000189607 0.000179455 0.000169452 0.000159646 0.00015008 0.000140789 0.000131803 0.000123145 0.000114833 0.000106882 9.93005e-05 9.20933e-05 8.52619e-05 7.88049e-05 7.27179e-05 6.69943e-05 6.16255e-05 5.66012e-05 5.19098e-05 4.75387e-05 4.34745e-05 3.97031e-05 3.62103e-05 3.29815e-05 3.0002e-05 2.72575e-05 2.47337e-05 2.24167e-05 2.02928e-05 1.83491e-05 1.65728e-05 1.4952e-05 1.3475e-05 1.21311e-05 1.09099e-05 9.80159e-06 8.79707e-06 7.88775e-06 7.06561e-06 6.32317e-06 5.65349e-06 5.05013e-06 4.50712e-06 4.01895e-06 3.58056e-06 3.18727e-06 2.83481e-06 2.51926e-06 2.23702e-06 1.98482e-06 1.75968e-06 1.55887e-06 1.37993e-06 1.22063e-06 1.07892e-06 9.52969e-07 8.41126e-07 7.41888e-07
