0.987693 0.00301045 0.00152381 0.00077131 0.000390416 0.000197618 0.000100029 5.06319e-05 2.56285e-05 1.29724e-05 6.5663e-06 3.32368e-06 1.68236e-06 8.51564e-07 4.31039e-07 2.1818e-07 1.10437e-07 5.59001e-08 2.82951e-08 1.43222e-08 7.24952e-09 3.66951e-09 1.85741e-09 9.40169e-10 4.75888e-10 2.40881e-10 1.21928e-10 6.17165e-11 3.12392e-11 1.58124e-11 8.00382e-12 4.05132e-12 2.05067e-12 1.03799e-12 5.25403e-13 2.65945e-13 1.34614e-13 6.8138e-14 3.44896e-14 1.74577e-14 8.83662e-15 4.47285e-15 2.26404e-15 1.14599e-15 5.80071e-16 2.93616e-16 1.48621e-16 7.52277e-17 3.80782e-17 1.92742e-17 9.75606e-18 4.93825e-18 2.49961e-18 1.26523e-18 6.40427e-19 3.24167e-19 1.64084e-19 8.30551e-20 4.20402e-20 2.12796e-20 1.07712e-20 5.45207e-21 2.75969e-21 1.39688e-21 7.07063e-22 3.57896e-22 1.81157e-22 9.16969e-23 4.64145e-23 2.34937e-23 1.18919e-23 6.01935e-24 3.04683e-24 1.54222e-24 7.80632e-25 3.95135e-25 2.00007e-25 1.01238e-25 5.12439e-26 2.59382e-26 1.31292e-26 6.64566e-27 3.36385e-27 1.70269e-27 8.61856e-28 4.36248e-28 2.20817e-28 1.11772e-28 5.65757e-29 2.86371e-29 1.44953e-29 7.33714e-30 3.71386e-30 1.87986e-30 9.51532e-31 4.81639e-31 2.43793e-31 1.23401e-31 6.24624e-32 3.16168e-32 1.60035e-32
0.00301045 2.77975e-05 1.41272e-05 7.1796e-06 3.64869e-06 1.85424e-06 9.42302e-07 4.78857e-07 2.43341e-07 1.23657e-07 6.28369e-08 3.19304e-08 1.62251e-08 8.24449e-09 4.18923e-09 2.12862e-09 1.08157e-09 5.49548e-10 2.79222e-10 1.41869e-10 7.20811e-11 3.66224e-11 1.86066e-11 9.45326e-12 4.80275e-12 2.44001e-12 1.23962e-12 6.29765e-13 3.19936e-13 1.62533e-13 8.25686e-14 4.19452e-14 2.13081e-14 1.08243e-14 5.49858e-15 2.79316e-15 1.41885e-15 7.20725e-16 3.66099e-16 1.85961e-16 9.44582e-17 4.79792e-17 2.43703e-17 1.23783e-17 6.28723e-18 3.19339e-18 1.62195e-18 8.23796e-19 4.18405e-19 2.12505e-19 1.07928e-19 5.48147e-20 2.7839e-20 1.41386e-20 7.18046e-21 3.64666e-21 1.85196e-21 9.40514e-22 4.77632e-22 2.42559e-22 1.23179e-22 6.25532e-23 3.17657e-23 1.61311e-23 8.19151e-24 4.15968e-24 2.11228e-24 1.0726e-24 5.44654e-25 2.76566e-25 1.40434e-25 7.13086e-26 3.62082e-26 1.83852e-26 9.33522e-27 4.73998e-27 2.40672e-27 1.22199e-27 6.20453e-28 3.15024e-28 1.59947e-28 8.12088e-29 4.12313e-29 2.09337e-29 1.06282e-29 5.39601e-30 2.73956e-30 1.39086e-30 7.06128e-31 3.58492e-31 1.82e-31 9.23973e-32 4.69076e-32 2.38135e-32 1.20893e-32 6.13724e-33 3.11561e-33 1.58164e-33 8.02916e-34 4.07594e-34 2.0691e-34
0.00152381 1.41272e-05 7.18012e-06 3.64922e-06 1.85465e-06 9.42576e-07 4.79031e-07 2.43447e-07 1.2372e-07 6.28732e-08 3.19511e-08 1.62368e-08 8.251e-09 4.19283e-09 2.13059e-09 1.08265e-09 5.50135e-10 2.7954e-10 1.42041e-10 7.2173e-11 3.66716e-11 1.86329e-11 9.46725e-12 4.81018e-12 2.44395e-12 1.2417e-12 6.30866e-13 3.20517e-13 1.62839e-13 8.27295e-14 4.20297e-14 2.13524e-14 1.08476e-14 5.51075e-15 2.79952e-15 1.42217e-15 7.22461e-16 3.67004e-16 1.86433e-16 9.4704e-17 4.81071e-17 2.44368e-17 1.24129e-17 6.3052e-18 3.20271e-18 1.62679e-18 8.26306e-19 4.19706e-19 2.13179e-19 1.08277e-19 5.49954e-20 2.79325e-20 1.41869e-20 7.20548e-21 3.65958e-21 1.85864e-21 9.43964e-22 4.79413e-22 2.43478e-22 1.23653e-22 6.27979e-23 3.18919e-23 1.61961e-23 8.22504e-24 4.17696e-24 2.12118e-24 1.07718e-24 5.47014e-25 2.77781e-25 1.41059e-25 7.16303e-26 3.63737e-26 1.84703e-26 9.37898e-27 4.76248e-27 2.41828e-27 1.22794e-27 6.23506e-28 3.16593e-28 1.60753e-28 8.16227e-29 4.14438e-29 2.10428e-29 1.06842e-29 5.42475e-30 2.75431e-30 1.39843e-30 7.1001e-31 3.60483e-31 1.83021e-31 9.2921e-32 4.71762e-32 2.39512e-32 1.21599e-32 6.17342e-33 3.13414e-33 1.59114e-33 8.07783e-34 4.10088e-34 2.08188e-34 1.05689e-34
0.00077131 7.1796e-06 3.64922e-06 1.85478e-06 9.42713e-07 4.79135e-07 2.43518e-07 1.23764e-07 6.29004e-08 3.19672e-08 1.62461e-08 8.25632e-09 4.19583e-09 2.13227e-09 1.08358e-09 5.50644e-10 2.79818e-10 1.42192e-10 7.22547e-11 3.67157e-11 1.86565e-11 9.47991e-12 4.81694e-12 2.44755e-12 1.24362e-12 6.31881e-13 3.21054e-13 1.63123e-13 8.28791e-14 4.21085e-14 2.13939e-14 1.08693e-14 5.52217e-15 2.80551e-15 1.4253e-15 7.24099e-16 3.6786e-16 1.8688e-16 9.49371e-17 4.82286e-17 2.45001e-17 1.24459e-17 6.32233e-18 3.21162e-18 1.63142e-18 8.28709e-19 4.20953e-19 2.13825e-19 1.08613e-19 5.51691e-20 2.80225e-20 1.42335e-20 7.22957e-21 3.67205e-21 1.86509e-21 9.47295e-22 4.81134e-22 2.44367e-22 1.24112e-22 6.30348e-23 3.20142e-23 1.62592e-23 8.25756e-24 4.19372e-24 2.12982e-24 1.08164e-24 5.49308e-25 2.78962e-25 1.41668e-25 7.19434e-26 3.65348e-26 1.85532e-26 9.42164e-27 4.78442e-27 2.42956e-27 1.23374e-27 6.26488e-28 3.18126e-28 1.6154e-28 8.20272e-29 4.16515e-29 2.11495e-29 1.0739e-29 5.45288e-30 2.76875e-30 1.40584e-30 7.13814e-31 3.62435e-31 1.84022e-31 9.34346e-32 4.74395e-32 2.40863e-32 1.22291e-32 6.20892e-33 3.15235e-33 1.60047e-33 8.12564e-34 4.12538e-34 2.09443e-34 1.06332e-34 5.39834e-35
0.000390416 3.64869e-06 1.85465e-06 9.42713e-07 4.7917e-07 2.43553e-07 1.23791e-07 6.29185e-08 3.19787e-08 1.62531e-08 8.26047e-09 4.19823e-09 2.13364e-09 1.08435e-09 5.51075e-10 2.80057e-10 1.42323e-10 7.23263e-11 3.67546e-11 1.86776e-11 9.49125e-12 4.82303e-12 2.45081e-12 1.24536e-12 6.32808e-13 3.21546e-13 1.63384e-13 8.30173e-14 4.21815e-14 2.14324e-14 1.08896e-14 5.53284e-15 2.81111e-15 1.42824e-15 7.2564e-16 3.68667e-16 1.87302e-16 9.51576e-17 4.83437e-17 2.45601e-17 1.24772e-17 6.33863e-18 3.2201e-18 1.63583e-18 8.31003e-19 4.22144e-19 2.14444e-19 1.08934e-19 5.53356e-20 2.81088e-20 1.42783e-20 7.25275e-21 3.68404e-21 1.8713e-21 9.50506e-22 4.82794e-22 2.45225e-22 1.24555e-22 6.32638e-23 3.21324e-23 1.63203e-23 8.28906e-24 4.20997e-24 2.1382e-24 1.08596e-24 5.51535e-25 2.8011e-25 1.42259e-25 7.22479e-26 3.66916e-26 1.86339e-26 9.46317e-27 4.80579e-27 2.44056e-27 1.23939e-27 6.29396e-28 3.19621e-28 1.62309e-28 8.24222e-29 4.18545e-29 2.12538e-29 1.07926e-29 5.4804e-30 2.78287e-30 1.41309e-30 7.17537e-31 3.64346e-31 1.85003e-31 9.39378e-32 4.76977e-32 2.42187e-32 1.2297e-32 6.24376e-33 3.17021e-33 1.60963e-33 8.17259e-34 4.14944e-34 2.10677e-34 1.06964e-34 5.43072e-35 2.75723e-35
0.000197618 1.85424e-06 9.42576e-07 4.79135e-07 2.43553e-07 1.238e-07 6.29276e-08 3.19856e-08 1.62578e-08 8.26343e-09 4.20003e-09 2.13471e-09 1.08497e-09 5.51428e-10 2.80255e-10 1.42434e-10 7.23876e-11 3.67883e-11 1.8696e-11 9.50126e-12 4.82844e-12 2.45373e-12 1.24692e-12 6.33647e-13 3.21994e-13 1.63622e-13 8.31441e-14 4.22488e-14 2.14679e-14 1.09084e-14 5.54275e-15 2.81633e-15 1.43099e-15 7.27083e-16 3.69424e-16 1.87698e-16 9.53653e-17 4.84523e-17 2.46169e-17 1.25068e-17 6.35409e-18 3.22816e-18 1.64003e-18 8.33188e-19 4.23281e-19 2.15035e-19 1.09241e-19 5.5495e-20 2.81915e-20 1.43212e-20 7.27499e-21 3.69557e-21 1.87727e-21 9.53596e-22 4.84394e-22 2.46052e-22 1.24983e-22 6.3485e-23 3.22467e-23 1.63793e-23 8.31954e-24 4.2257e-24 2.14632e-24 1.09015e-24 5.53694e-25 2.81223e-25 1.42833e-25 7.25436e-26 3.6844e-26 1.87124e-26 9.50358e-27 4.8266e-27 2.45127e-27 1.2449e-27 6.32231e-28 3.21079e-28 1.63058e-28 8.28077e-29 4.20527e-29 2.13556e-29 1.08449e-29 5.50728e-30 2.79669e-30 1.42019e-30 7.2118e-31 3.66216e-31 1.85963e-31 9.44306e-32 4.79507e-32 2.43485e-32 1.23636e-32 6.27792e-33 3.18773e-33 1.61861e-33 8.21866e-34 4.17307e-34 2.11888e-34 1.07585e-34 5.46254e-35 2.77353e-35 1.40821e-35
0.000100029 9.42302e-07 4.79031e-07 2.43518e-07 1.23791e-07 6.29276e-08 3.19879e-08 1.62601e-08 8.2652e-09 4.20123e-09 2.13547e-09 1.08543e-09 5.51702e-10 2.80414e-10 1.42524e-10 7.24388e-11 3.68169e-11 1.87118e-11 9.50994e-12 4.83319e-12 2.45631e-12 1.24832e-12 6.34398e-13 3.22398e-13 1.63838e-13 8.32595e-14 4.23102e-14 2.15006e-14 1.09257e-14 5.55191e-15 2.82117e-15 1.43354e-15 7.28428e-16 3.70131e-16 1.8807e-16 9.55603e-17 4.85545e-17 2.46704e-17 1.25348e-17 6.36871e-18 3.2358e-18 1.64401e-18 8.35264e-19 4.24362e-19 2.15598e-19 1.09533e-19 5.56472e-20 2.82706e-20 1.43622e-20 7.2963e-21 3.70662e-21 1.883e-21 9.56566e-22 4.85932e-22 2.46849e-22 1.25395e-22 6.36981e-23 3.23569e-23 1.64363e-23 8.34898e-24 4.24091e-24 2.15417e-24 1.0942e-24 5.55787e-25 2.82303e-25 1.43389e-25 7.28306e-26 3.69919e-26 1.87886e-26 9.54286e-27 4.84683e-27 2.46168e-27 1.25026e-27 6.34991e-28 3.22499e-28 1.63789e-28 8.31835e-29 4.2246e-29 2.1455e-29 1.0896e-29 5.53354e-30 2.81018e-30 1.42712e-30 7.24742e-31 3.68045e-31 1.86903e-31 9.4913e-32 4.81983e-32 2.44756e-32 1.24289e-32 6.31139e-33 3.2049e-33 1.62742e-33 8.26385e-34 4.19624e-34 2.13076e-34 1.08194e-34 5.49378e-35 2.78955e-35 1.41642e-35 7.19196e-36
5.06319e-05 4.78857e-07 2.43447e-07 1.23764e-07 6.29185e-08 3.19856e-08 1.62601e-08 8.2658e-09 4.20183e-09 2.13593e-09 1.08574e-09 5.51898e-10 2.80534e-10 1.42595e-10 7.24798e-11 3.68402e-11 1.8725e-11 9.51729e-12 4.83725e-12 2.45854e-12 1.24954e-12 6.35062e-13 3.22757e-13 1.64032e-13 8.33633e-14 4.23658e-14 2.15303e-14 1.09415e-14 5.56032e-15 2.82563e-15 1.4359e-15 7.29674e-16 3.70789e-16 1.88416e-16 9.57424e-17 4.86502e-17 2.47206e-17 1.25611e-17 6.38249e-18 3.243e-18 1.64778e-18 8.3723e-19 4.25388e-19 2.16133e-19 1.09812e-19 5.57922e-20 2.8346e-20 1.44014e-20 7.31667e-21 3.7172e-21 1.88849e-21 9.59414e-22 4.87408e-22 2.47614e-22 1.25792e-22 6.39033e-23 3.24631e-23 1.64912e-23 8.37739e-24 4.2556e-24 2.16176e-24 1.09812e-24 5.57811e-25 2.83347e-25 1.43929e-25 7.31088e-26 3.71354e-26 1.88626e-26 9.58099e-27 4.86648e-27 2.47181e-27 1.25548e-27 6.37676e-28 3.23882e-28 1.64501e-28 8.35497e-29 4.24344e-29 2.15519e-29 1.09459e-29 5.55917e-30 2.82335e-30 1.43389e-30 7.28221e-31 3.69833e-31 1.87821e-31 9.53847e-32 4.84405e-32 2.46e-32 1.24927e-32 6.34417e-33 3.22173e-33 1.63606e-33 8.30815e-34 4.21897e-34 2.14242e-34 1.08792e-34 5.52444e-35 2.80527e-35 1.42448e-35 7.23327e-36 3.6729e-36
2.56285e-05 2.43341e-07 1.2372e-07 6.29004e-08 3.19787e-08 1.62578e-08 8.2652e-09 4.20183e-09 2.13608e-09 1.0859e-09 5.52016e-10 2.80613e-10 1.42645e-10 7.25105e-11 3.68584e-11 1.87355e-11 9.5233e-12 4.84064e-12 2.46043e-12 1.25059e-12 6.35637e-13 3.23071e-13 1.64203e-13 8.34557e-14 4.24156e-14 2.1557e-14 1.09558e-14 5.56796e-15 2.8297e-15 1.43807e-15 7.30822e-16 3.71396e-16 1.88737e-16 9.59117e-17 4.87394e-17 2.47675e-17 1.25857e-17 6.39542e-18 3.24978e-18 1.65133e-18 8.39087e-19 4.26358e-19 2.16639e-19 1.10076e-19 5.593e-20 2.84178e-20 1.44388e-20 7.3361e-21 3.72731e-21 1.89373e-21 9.62139e-22 4.88823e-22 2.48348e-22 1.26172e-22 6.41005e-23 3.25652e-23 1.65441e-23 8.40475e-24 4.26975e-24 2.16908e-24 1.1019e-24 5.59766e-25 2.84358e-25 1.4445e-25 7.33781e-26 3.72744e-26 1.89343e-26 9.61797e-27 4.88555e-27 2.48164e-27 1.26054e-27 6.40286e-28 3.25226e-28 1.65193e-28 8.39061e-29 4.26178e-29 2.16463e-29 1.09944e-29 5.58416e-30 2.8362e-30 1.4405e-30 7.31618e-31 3.71579e-31 1.88718e-31 9.58458e-32 4.86774e-32 2.47216e-32 1.25552e-32 6.37625e-33 3.2382e-33 1.64451e-33 8.35154e-34 4.24123e-34 2.15384e-34 1.09378e-34 5.5545e-35 2.82069e-35 1.43239e-35 7.27382e-36 3.69369e-36 1.87566e-36
1.29724e-05 1.23657e-07 6.28732e-08 3.19672e-08 1.62531e-08 8.26343e-09 4.20123e-09 2.13593e-09 1.0859e-09 5.52055e-10 2.80653e-10 1.42676e-10 7.2531e-11 3.68714e-11 1.87434e-11 9.52798e-12 4.84335e-12 2.46198e-12 1.25146e-12 6.36124e-13 3.2334e-13 1.64351e-13 8.35366e-14 4.24596e-14 2.15808e-14 1.09687e-14 5.57485e-15 2.83339e-15 1.44004e-15 7.3187e-16 3.71953e-16 1.89033e-16 9.60681e-17 4.8822e-17 2.48111e-17 1.26087e-17 6.4075e-18 3.25613e-18 1.65466e-18 8.40832e-19 4.27272e-19 2.17117e-19 1.10326e-19 5.60605e-20 2.84859e-20 1.44743e-20 7.35459e-21 3.73693e-21 1.89874e-21 9.64742e-22 4.90175e-22 2.4905e-22 1.26537e-22 6.42896e-23 3.26633e-23 1.65949e-23 8.43107e-24 4.28338e-24 2.17613e-24 1.10555e-24 5.61653e-25 2.85333e-25 1.44954e-25 7.36385e-26 3.74088e-26 1.90037e-26 9.65379e-27 4.90403e-27 2.49117e-27 1.26546e-27 6.4282e-28 3.26532e-28 1.65866e-28 8.42527e-29 4.27963e-29 2.17382e-29 1.10417e-29 5.6085e-30 2.84873e-30 1.44694e-30 7.34932e-31 3.73283e-31 1.89594e-31 9.6296e-32 4.89088e-32 2.48405e-32 1.26163e-32 6.40763e-33 3.25431e-33 1.65279e-33 8.39402e-34 4.26304e-34 2.16503e-34 1.09953e-34 5.58397e-35 2.83581e-35 1.44014e-35 7.3136e-36 3.71409e-36 1.88613e-36 9.57821e-37
6.5663e-06 6.28369e-08 3.19511e-08 1.62461e-08 8.26047e-09 4.20003e-09 2.13547e-09 1.08574e-09 5.52016e-10 2.80653e-10 1.42686e-10 7.25412e-11 3.68792e-11 1.87487e-11 9.53132e-12 4.84539e-12 2.46319e-12 1.25216e-12 6.36522e-13 3.23565e-13 1.64476e-13 8.3606e-14 4.24977e-14 2.16016e-14 1.098e-14 5.58098e-15 2.83669e-15 1.44181e-15 7.3282e-16 3.7246e-16 1.89303e-16 9.62116e-17 4.88981e-17 2.48514e-17 1.263e-17 6.41873e-18 3.26204e-18 1.65777e-18 8.42467e-19 4.2813e-19 2.17567e-19 1.10562e-19 5.61836e-20 2.85502e-20 1.45079e-20 7.37212e-21 3.74607e-21 1.9035e-21 9.67221e-22 4.91465e-22 2.4972e-22 1.26885e-22 6.44705e-23 3.27572e-23 1.66436e-23 8.45633e-24 4.29647e-24 2.18291e-24 1.10906e-24 5.6347e-25 2.86273e-25 1.4544e-25 7.38898e-26 3.75387e-26 1.90708e-26 9.68845e-27 4.92192e-27 2.5004e-27 1.27022e-27 6.45277e-28 3.27799e-28 1.66519e-28 8.45894e-29 4.29698e-29 2.18276e-29 1.10878e-29 5.63219e-30 2.86092e-30 1.45322e-30 7.38161e-31 3.74944e-31 1.90449e-31 9.67354e-32 4.91347e-32 2.49567e-32 1.2676e-32 6.43829e-33 3.27006e-33 1.66088e-33 8.43558e-34 4.28438e-34 2.17599e-34 1.10515e-34 5.61284e-35 2.85062e-35 1.44775e-35 7.35261e-36 3.7341e-36 1.89639e-36 9.63084e-37 4.891e-37
3.32368e-06 3.19304e-08 1.62368e-08 8.25632e-09 4.19823e-09 2.13471e-09 1.08543e-09 5.51898e-10 2.80613e-10 1.42676e-10 7.25412e-11 3.68818e-11 1.87513e-11 9.53333e-12 4.84675e-12 2.46405e-12 1.25268e-12 6.36832e-13 3.23745e-13 1.64579e-13 8.36638e-14 4.253e-14 2.16195e-14 1.09898e-14 5.58634e-15 2.83961e-15 1.44339e-15 7.3367e-16 3.72917e-16 1.89547e-16 9.63422e-17 4.89677e-17 2.48883e-17 1.26496e-17 6.42911e-18 3.26753e-18 1.66066e-18 8.43991e-19 4.28932e-19 2.17988e-19 1.10783e-19 5.62994e-20 2.86109e-20 1.45396e-20 7.38871e-21 3.75473e-21 1.90802e-21 9.69577e-22 4.92692e-22 2.50359e-22 1.27217e-22 6.46433e-23 3.2847e-23 1.66902e-23 8.48053e-24 4.30902e-24 2.18942e-24 1.11244e-24 5.65218e-25 2.87178e-25 1.45909e-25 7.41322e-26 3.7664e-26 1.91356e-26 9.72193e-27 4.93922e-27 2.50934e-27 1.27484e-27 6.47657e-28 3.29027e-28 1.67153e-28 8.4916e-29 4.31382e-29 2.19144e-29 1.11325e-29 5.65523e-30 2.87279e-30 1.45933e-30 7.41306e-31 3.76563e-31 1.91282e-31 9.71638e-32 4.9355e-32 2.507e-32 1.27342e-32 6.46823e-33 3.28545e-33 1.66879e-33 8.47621e-34 4.30525e-34 2.18671e-34 1.11066e-34 5.64111e-35 2.86513e-35 1.45519e-35 7.39083e-36 3.75372e-36 1.90645e-36 9.68246e-37 4.91748e-37 2.49744e-37
1.68236e-06 1.62251e-08 8.251e-09 4.19583e-09 2.13364e-09 1.08497e-09 5.51702e-10 2.80534e-10 1.42645e-10 7.2531e-11 3.68792e-11 1.87513e-11 9.534e-12 4.84742e-12 2.46456e-12 1.25303e-12 6.37054e-13 3.2388e-13 1.64659e-13 8.37101e-14 4.25564e-14 2.16344e-14 1.09981e-14 5.59094e-15 2.84213e-15 1.44477e-15 7.3442e-16 3.73323e-16 1.89766e-16 9.64598e-17 4.90306e-17 2.4922e-17 1.26675e-17 6.43863e-18 3.27257e-18 1.66333e-18 8.45403e-19 4.29677e-19 2.1838e-19 1.10989e-19 5.64079e-20 2.86678e-20 1.45694e-20 7.40433e-21 3.7629e-21 1.91229e-21 9.71807e-22 4.93856e-22 2.50966e-22 1.27533e-22 6.48079e-23 3.29326e-23 1.67347e-23 8.50366e-24 4.32104e-24 2.19566e-24 1.11567e-24 5.66895e-25 2.88047e-25 1.46359e-25 7.43654e-26 3.77848e-26 1.91981e-26 9.75424e-27 4.95592e-27 2.51797e-27 1.2793e-27 6.4996e-28 3.30216e-28 1.67766e-28 8.52326e-29 4.33015e-29 2.19986e-29 1.11759e-29 5.67761e-30 2.88432e-30 1.46527e-30 7.44365e-31 3.78138e-31 1.92092e-31 9.75811e-32 4.95698e-32 2.51804e-32 1.2791e-32 6.49746e-33 3.30048e-33 1.67651e-33 8.51591e-34 4.32565e-34 2.19719e-34 1.11604e-34 5.66876e-35 2.87933e-35 1.46249e-35 7.42826e-36 3.77293e-36 1.91631e-36 9.73306e-37 4.94344e-37 2.51076e-37 1.27519e-37
8.51564e-07 8.24449e-09 4.19283e-09 2.13227e-09 1.08435e-09 5.51428e-10 2.80414e-10 1.42595e-10 7.25105e-11 3.68714e-11 1.87487e-11 9.53333e-12 4.84742e-12 2.46473e-12 1.2532e-12 6.37187e-13 3.2397e-13 1.64716e-13 8.37448e-14 4.25769e-14 2.16463e-14 1.10049e-14 5.59477e-15 2.84427e-15 1.44595e-15 7.35071e-16 3.73679e-16 1.89959e-16 9.65644e-17 4.9087e-17 2.49522e-17 1.26837e-17 6.44729e-18 3.27719e-18 1.66579e-18 8.46703e-19 4.30365e-19 2.18744e-19 1.11181e-19 5.6509e-20 2.8721e-20 1.45974e-20 7.419e-21 3.77059e-21 1.91632e-21 9.73913e-22 4.94957e-22 2.51541e-22 1.27833e-22 6.49642e-23 3.30141e-23 1.67771e-23 8.52573e-24 4.33251e-24 2.20162e-24 1.11877e-24 5.68503e-25 2.88881e-25 1.46792e-25 7.45895e-26 3.79009e-26 1.92582e-26 9.78535e-27 4.97202e-27 2.52629e-27 1.2836e-27 6.52185e-28 3.31365e-28 1.6836e-28 8.55392e-29 4.34597e-29 2.20802e-29 1.1218e-29 5.69932e-30 2.89551e-30 1.47104e-30 7.47338e-31 3.7967e-31 1.92881e-31 9.79873e-32 4.97789e-32 2.52881e-32 1.28464e-32 6.52595e-33 3.31513e-33 1.68405e-33 8.55466e-34 4.34557e-34 2.20743e-34 1.1213e-34 5.69579e-35 2.89322e-35 1.46962e-35 7.46489e-36 3.79174e-36 1.92597e-36 9.78263e-37 4.96888e-37 2.52381e-37 1.28189e-37 6.51091e-38
4.31039e-07 4.18923e-09 2.13059e-09 1.08358e-09 5.51075e-10 2.80255e-10 1.42524e-10 7.24798e-11 3.68584e-11 1.87434e-11 9.53132e-12 4.84675e-12 2.46456e-12 1.2532e-12 6.37231e-13 3.24014e-13 1.6475e-13 8.3768e-14 4.25916e-14 2.16552e-14 1.10102e-14 5.59784e-15 2.84602e-15 1.44694e-15 7.35622e-16 3.73984e-16 1.90127e-16 9.66559e-17 4.91368e-17 2.49792e-17 1.26982e-17 6.45508e-18 3.28136e-18 1.66802e-18 8.47891e-19 4.30996e-19 2.19079e-19 1.11358e-19 5.66027e-20 2.87704e-20 1.46234e-20 7.4327e-21 3.77779e-21 1.9201e-21 9.75894e-22 4.95994e-22 2.52083e-22 1.28117e-22 6.51123e-23 3.30913e-23 1.68174e-23 8.54672e-24 4.34344e-24 2.20731e-24 1.12172e-24 5.70039e-25 2.89679e-25 1.47206e-25 7.48044e-26 3.80123e-26 1.93159e-26 9.81527e-27 4.98751e-27 2.53431e-27 1.28775e-27 6.54332e-28 3.32475e-28 1.68933e-28 8.58355e-29 4.36127e-29 2.21592e-29 1.12588e-29 5.72037e-30 2.90637e-30 1.47664e-30 7.50225e-31 3.81158e-31 1.93648e-31 9.83823e-32 4.99823e-32 2.53928e-32 1.29003e-32 6.5537e-33 3.32942e-33 1.69139e-33 8.59246e-34 4.36501e-34 2.21743e-34 1.12644e-34 5.7222e-35 2.90679e-35 1.47659e-35 7.50072e-36 3.81014e-36 1.93542e-36 9.83115e-37 4.99379e-37 2.5366e-37 1.28845e-37 6.54459e-38 3.32424e-38
2.1818e-07 2.12862e-09 1.08265e-09 5.50644e-10 2.80057e-10 1.42434e-10 7.24388e-11 3.68402e-11 1.87355e-11 9.52798e-12 4.84539e-12 2.46405e-12 1.25303e-12 6.37187e-13 3.24014e-13 1.64761e-13 8.37795e-14 4.26004e-14 2.16612e-14 1.1014e-14 5.60014e-15 2.84739e-15 1.44773e-15 7.36073e-16 3.74238e-16 1.90269e-16 9.67344e-17 4.91799e-17 2.50028e-17 1.2711e-17 6.46202e-18 3.2851e-18 1.67002e-18 8.48966e-19 4.31571e-19 2.19385e-19 1.11521e-19 5.6689e-20 2.88161e-20 1.46476e-20 7.44543e-21 3.7845e-21 1.92363e-21 9.77748e-22 4.96967e-22 2.52594e-22 1.28384e-22 6.52521e-23 3.31644e-23 1.68556e-23 8.56663e-24 4.35382e-24 2.21272e-24 1.12454e-24 5.71504e-25 2.90441e-25 1.47602e-25 7.501e-26 3.8119e-26 1.93713e-26 9.844e-27 5.0024e-27 2.54203e-27 1.29174e-27 6.56399e-28 3.33545e-28 1.69487e-28 8.61216e-29 4.37606e-29 2.22356e-29 1.12983e-29 5.74074e-30 2.91689e-30 1.48206e-30 7.53024e-31 3.82601e-31 1.94392e-31 9.8766e-32 5.018e-32 2.54947e-32 1.29528e-32 6.58072e-33 3.34332e-33 1.69855e-33 8.62929e-34 4.38396e-34 2.22717e-34 1.13145e-34 5.74798e-35 2.92005e-35 1.4834e-35 7.53573e-36 3.82813e-36 1.94466e-36 9.87862e-37 5.01817e-37 2.54912e-37 1.29488e-37 6.57758e-38 3.34117e-38 1.69718e-38
1.10437e-07 1.08157e-09 5.50135e-10 2.79818e-10 1.42323e-10 7.23876e-11 3.68169e-11 1.8725e-11 9.5233e-12 4.84335e-12 2.46319e-12 1.25268e-12 6.37054e-13 3.2397e-13 1.6475e-13 8.37795e-14 4.26034e-14 2.16642e-14 1.10162e-14 5.60167e-15 2.84836e-15 1.44832e-15 7.36424e-16 3.74441e-16 1.90385e-16 9.67999e-17 4.92164e-17 2.5023e-17 1.27222e-17 6.46809e-18 3.2884e-18 1.67181e-18 8.4993e-19 4.32088e-19 2.19662e-19 1.11669e-19 5.67678e-20 2.8858e-20 1.46698e-20 7.45719e-21 3.79071e-21 1.92691e-21 9.79477e-22 4.97876e-22 2.53071e-22 1.28635e-22 6.53836e-23 3.32332e-23 1.68916e-23 8.58546e-24 4.36366e-24 2.21785e-24 1.12722e-24 5.72898e-25 2.91167e-25 1.47979e-25 7.52064e-26 3.82211e-26 1.94243e-26 9.87151e-27 5.01668e-27 2.54943e-27 1.29558e-27 6.58387e-28 3.34575e-28 1.7002e-28 8.63974e-29 4.39033e-29 2.23094e-29 1.13364e-29 5.76044e-30 2.92706e-30 1.48732e-30 7.55736e-31 3.84001e-31 1.95114e-31 9.91382e-32 5.0372e-32 2.55936e-32 1.30038e-32 6.60699e-33 3.35685e-33 1.70552e-33 8.66516e-34 4.40243e-34 2.23668e-34 1.13634e-34 5.77313e-35 2.93298e-35 1.49005e-35 7.56992e-36 3.8457e-36 1.95369e-36 9.92503e-37 5.04201e-37 2.56136e-37 1.30117e-37 6.60988e-38 3.35775e-38 1.70569e-38 8.66456e-39
5.59001e-08 5.49548e-10 2.7954e-10 1.42192e-10 7.23263e-11 3.67883e-11 1.87118e-11 9.51729e-12 4.84064e-12 2.46198e-12 1.25216e-12 6.36832e-13 3.2388e-13 1.64716e-13 8.3768e-14 4.26004e-14 2.16642e-14 1.1017e-14 5.60244e-15 2.84894e-15 1.44872e-15 7.36674e-16 3.74594e-16 1.90475e-16 9.68523e-17 4.92463e-17 2.50398e-17 1.27316e-17 6.4733e-18 3.29126e-18 1.67338e-18 8.5078e-19 4.32548e-19 2.1991e-19 1.11802e-19 5.68392e-20 2.88961e-20 1.46901e-20 7.46799e-21 3.79644e-21 1.92994e-21 9.81078e-22 4.98722e-22 2.53517e-22 1.28869e-22 6.55067e-23 3.32979e-23 1.69255e-23 8.6032e-24 4.37294e-24 2.2227e-24 1.12975e-24 5.74221e-25 2.91857e-25 1.48339e-25 7.53935e-26 3.83184e-26 1.94749e-26 9.89782e-27 5.03034e-27 2.55652e-27 1.29926e-27 6.60296e-28 3.35564e-28 1.70532e-28 8.66628e-29 4.40407e-29 2.23805e-29 1.13732e-29 5.77945e-30 2.93689e-30 1.4924e-30 7.58359e-31 3.85355e-31 1.95813e-31 9.94991e-32 5.05581e-32 2.56896e-32 1.30533e-32 6.6325e-33 3.37e-33 1.7123e-33 8.70006e-34 4.4204e-34 2.24593e-34 1.14111e-34 5.79764e-35 2.94559e-35 1.49654e-35 7.60328e-36 3.86286e-36 1.96251e-36 9.97037e-37 5.06531e-37 2.57334e-37 1.30732e-37 6.64148e-38 3.37398e-38 1.71402e-38 8.70735e-39 4.42335e-39
2.82951e-08 2.79222e-10 1.42041e-10 7.22547e-11 3.67546e-11 1.8696e-11 9.50994e-12 4.83725e-12 2.46043e-12 1.25146e-12 6.36522e-13 3.23745e-13 1.64659e-13 8.37448e-14 4.25916e-14 2.16612e-14 1.10162e-14 5.60244e-15 2.84914e-15 1.44891e-15 7.36825e-16 3.74696e-16 1.9054e-16 9.68916e-17 4.92696e-17 2.50533e-17 1.27393e-17 6.47764e-18 3.29369e-18 1.67472e-18 8.51517e-19 4.32951e-19 2.20129e-19 1.11921e-19 5.69031e-20 2.89304e-20 1.47085e-20 7.47781e-21 3.80167e-21 1.93272e-21 9.82553e-22 4.99503e-22 2.53929e-22 1.29087e-22 6.56214e-23 3.33582e-23 1.69572e-23 8.61985e-24 4.38167e-24 2.22727e-24 1.13214e-24 5.75471e-25 2.9251e-25 1.48679e-25 7.55712e-26 3.8411e-26 1.95232e-26 9.92291e-27 5.04338e-27 2.5633e-27 1.30278e-27 6.62124e-28 3.36512e-28 1.71024e-28 8.69178e-29 4.41728e-29 2.24489e-29 1.14086e-29 5.79779e-30 2.94637e-30 1.4973e-30 7.60894e-31 3.86665e-31 1.9649e-31 9.98484e-32 5.07384e-32 2.57827e-32 1.31013e-32 6.65726e-33 3.38277e-33 1.71888e-33 8.73397e-34 4.43787e-34 2.25493e-34 1.14574e-34 5.8215e-35 2.95787e-35 1.50286e-35 7.63581e-36 3.87959e-36 1.97112e-36 1.00146e-36 5.08807e-37 2.58503e-37 1.31333e-37 6.67237e-38 3.38985e-38 1.72218e-38 8.74923e-39 4.44486e-39 2.25809e-39
1.43222e-08 1.41869e-10 7.2173e-11 3.67157e-11 1.86776e-11 9.50126e-12 4.83319e-12 2.45854e-12 1.25059e-12 6.36124e-13 3.23565e-13 1.64579e-13 8.37101e-14 4.25769e-14 2.16552e-14 1.1014e-14 5.60167e-15 2.84894e-15 1.44891e-15 7.36875e-16 3.74746e-16 1.90579e-16 9.69178e-17 4.92862e-17 2.50634e-17 1.27453e-17 6.48112e-18 3.29567e-18 1.67583e-18 8.52141e-19 4.33296e-19 2.20319e-19 1.12024e-19 5.69595e-20 2.8961e-20 1.47249e-20 7.48665e-21 3.80641e-21 1.93525e-21 9.83901e-22 5.00219e-22 2.5431e-22 1.29288e-22 6.57278e-23 3.34144e-23 1.69868e-23 8.63541e-24 4.38984e-24 2.23156e-24 1.13439e-24 5.76649e-25 2.93126e-25 1.49002e-25 7.57395e-26 3.84989e-26 1.9569e-26 9.94677e-27 5.05581e-27 2.56977e-27 1.30615e-27 6.63872e-28 3.3742e-28 1.71496e-28 8.71624e-29 4.42996e-29 2.25147e-29 1.14426e-29 5.81543e-30 2.95551e-30 1.50202e-30 7.63339e-31 3.87929e-31 1.97143e-31 1.00186e-31 5.09128e-32 2.58727e-32 1.31478e-32 6.68126e-33 3.39515e-33 1.72526e-33 8.7669e-34 4.45484e-34 2.26368e-34 1.15025e-34 5.84472e-35 2.96983e-35 1.50902e-35 7.6675e-36 3.8959e-36 1.97951e-36 1.00578e-36 5.11027e-37 2.59645e-37 1.31921e-37 6.70255e-38 3.40536e-38 1.73015e-38 8.79018e-39 4.46589e-39 2.2689e-39 1.1527e-39
7.24952e-09 7.20811e-11 3.66716e-11 1.86565e-11 9.49125e-12 4.82844e-12 2.45631e-12 1.24954e-12 6.35637e-13 3.2334e-13 1.64476e-13 8.36638e-14 4.25564e-14 2.16463e-14 1.10102e-14 5.60014e-15 2.84836e-15 1.44872e-15 7.36825e-16 3.74746e-16 1.90591e-16 9.69309e-17 4.92962e-17 2.50702e-17 1.27495e-17 6.48372e-18 3.29721e-18 1.67673e-18 8.52652e-19 4.33584e-19 2.2048e-19 1.12113e-19 5.70084e-20 2.89877e-20 1.47395e-20 7.49452e-21 3.81065e-21 1.93753e-21 9.85121e-22 5.00871e-22 2.54657e-22 1.29473e-22 6.58257e-23 3.34662e-23 1.70142e-23 8.64987e-24 4.39746e-24 2.23557e-24 1.1365e-24 5.77755e-25 2.93706e-25 1.49305e-25 7.58984e-26 3.85819e-26 1.96123e-26 9.96941e-27 5.06762e-27 2.57592e-27 1.30935e-27 6.65539e-28 3.38287e-28 1.71946e-28 8.73964e-29 4.44211e-29 2.25777e-29 1.14753e-29 5.83238e-30 2.96429e-30 1.50657e-30 7.65694e-31 3.89148e-31 1.97774e-31 1.00512e-31 5.10814e-32 2.59598e-32 1.31928e-32 6.70449e-33 3.40714e-33 1.73145e-33 8.79883e-34 4.47131e-34 2.27217e-34 1.15463e-34 5.86728e-35 2.98145e-35 1.51501e-35 7.69834e-36 3.91178e-36 1.98768e-36 1.00999e-36 5.13192e-37 2.60759e-37 1.32493e-37 6.73201e-38 3.42051e-38 1.73793e-38 8.8302e-39 4.48646e-39 2.27946e-39 1.15813e-39 5.88407e-40
3.66951e-09 3.66224e-11 1.86329e-11 9.47991e-12 4.82303e-12 2.45373e-12 1.24832e-12 6.35062e-13 3.23071e-13 1.64351e-13 8.3606e-14 4.253e-14 2.16344e-14 1.10049e-14 5.59784e-15 2.84739e-15 1.44832e-15 7.36674e-16 3.74696e-16 1.90579e-16 9.69309e-17 4.92995e-17 2.50736e-17 1.27521e-17 6.48546e-18 3.29832e-18 1.6774e-18 8.53049e-19 4.33815e-19 2.20611e-19 1.12187e-19 5.70498e-20 2.90106e-20 1.47521e-20 7.5014e-21 3.81439e-21 1.93955e-21 9.86214e-22 5.01458e-22 2.54971e-22 1.29641e-22 6.59152e-23 3.35138e-23 1.70394e-23 8.66323e-24 4.40452e-24 2.2393e-24 1.13846e-24 5.78788e-25 2.94249e-25 1.4959e-25 7.60478e-26 3.86602e-26 1.96533e-26 9.99082e-27 5.0788e-27 2.58176e-27 1.31239e-27 6.67125e-28 3.39113e-28 1.72376e-28 8.76199e-29 4.45373e-29 2.26381e-29 1.15067e-29 5.84864e-30 2.97272e-30 1.51094e-30 7.67958e-31 3.90321e-31 1.98381e-31 1.00826e-31 5.12439e-32 2.60439e-32 1.32362e-32 6.72695e-33 3.41874e-33 1.73744e-33 8.82976e-34 4.48727e-34 2.2804e-34 1.15887e-34 5.88919e-35 2.99275e-35 1.52083e-35 7.72832e-36 3.92723e-36 1.99564e-36 1.01408e-36 5.15301e-37 2.61844e-37 1.33052e-37 6.76074e-38 3.43529e-38 1.74553e-38 8.86928e-39 4.50655e-39 2.28979e-39 1.16344e-39 5.91134e-40 3.00348e-40
1.85741e-09 1.86066e-11 9.46725e-12 4.81694e-12 2.45081e-12 1.24692e-12 6.34398e-13 3.22757e-13 1.64203e-13 8.35366e-14 4.24977e-14 2.16195e-14 1.09981e-14 5.59477e-15 2.84602e-15 1.44773e-15 7.36424e-16 3.74594e-16 1.9054e-16 9.69178e-17 4.92962e-17 2.50736e-17 1.2753e-17 6.48633e-18 3.29898e-18 1.67785e-18 8.53333e-19 4.33988e-19 2.20714e-19 1.12247e-19 5.70837e-20 2.90297e-20 1.47627e-20 7.50731e-21 3.81764e-21 1.94133e-21 9.87178e-22 5.0198e-22 2.55253e-22 1.29792e-22 6.59962e-23 3.3557e-23 1.70625e-23 8.67549e-24 4.41102e-24 2.24274e-24 1.14028e-24 5.79749e-25 2.94755e-25 1.49857e-25 7.61878e-26 3.87336e-26 1.96918e-26 1.0011e-26 5.08936e-27 2.58728e-27 1.31528e-27 6.68629e-28 3.39898e-28 1.72785e-28 8.78328e-29 4.46481e-29 2.26957e-29 1.15366e-29 5.86419e-30 2.9808e-30 1.51514e-30 7.70132e-31 3.91448e-31 1.98965e-31 1.01129e-31 5.14005e-32 2.61249e-32 1.32782e-32 6.74863e-33 3.42995e-33 1.74323e-33 8.85968e-34 4.50272e-34 2.28838e-34 1.16299e-34 5.91043e-35 3.0037e-35 1.52648e-35 7.75745e-36 3.94224e-36 2.00338e-36 1.01807e-36 5.17353e-37 2.62901e-37 1.33596e-37 6.78875e-38 3.4497e-38 1.75295e-38 8.90742e-39 4.52616e-39 2.29988e-39 1.16862e-39 5.93799e-40 3.01717e-40 1.53305e-40
9.40169e-10 9.45326e-12 4.81018e-12 2.44755e-12 1.24536e-12 6.33647e-13 3.22398e-13 1.64032e-13 8.34557e-14 4.24596e-14 2.16016e-14 1.09898e-14 5.59094e-15 2.84427e-15 1.44694e-15 7.36073e-16 3.74441e-16 1.90475e-16 9.68916e-17 4.92862e-17 2.50702e-17 1.27521e-17 6.48633e-18 3.2992e-18 1.67807e-18 8.53504e-19 4.34103e-19 2.20787e-19 1.12291e-19 5.711e-20 2.9045e-20 1.47715e-20 7.51223e-21 3.82039e-21 1.94285e-21 9.88015e-22 5.02437e-22 2.55501e-22 1.29926e-22 6.60687e-23 3.3596e-23 1.70833e-23 8.68663e-24 4.41697e-24 2.2459e-24 1.14196e-24 5.80636e-25 2.95224e-25 1.50104e-25 7.63182e-26 3.88023e-26 1.97279e-26 1.00299e-26 5.09928e-27 2.59248e-27 1.318e-27 6.70052e-28 3.40641e-28 1.73172e-28 8.80351e-29 4.47535e-29 2.27506e-29 1.15652e-29 5.87905e-30 2.98852e-30 1.51915e-30 7.72215e-31 3.92528e-31 1.99526e-31 1.01419e-31 5.15511e-32 2.62029e-32 1.33185e-32 6.76953e-33 3.44076e-33 1.74882e-33 8.88858e-34 4.51766e-34 2.2961e-34 1.16698e-34 5.931e-35 3.01432e-35 1.53196e-35 7.78572e-36 3.95682e-36 2.01089e-36 1.02194e-36 5.19349e-37 2.63929e-37 1.34125e-37 6.81601e-38 3.46374e-38 1.76017e-38 8.9446e-39 4.54529e-39 2.30972e-39 1.17368e-39 5.96401e-40 3.03055e-40 1.53993e-40 7.82484e-41
4.75888e-10 4.80275e-12 2.44395e-12 1.24362e-12 6.32808e-13 3.21994e-13 1.63838e-13 8.33633e-14 4.24156e-14 2.15808e-14 1.098e-14 5.58634e-15 2.84213e-15 1.44595e-15 7.35622e-16 3.74238e-16 1.90385e-16 9.68523e-17 4.92696e-17 2.50634e-17 1.27495e-17 6.48546e-18 3.29898e-18 1.67807e-18 8.5356e-19 4.34161e-19 2.20831e-19 1.12321e-19 5.71289e-20 2.90565e-20 1.47783e-20 7.51617e-21 3.82263e-21 1.94412e-21 9.88723e-22 5.02829e-22 2.55717e-22 1.30044e-22 6.61327e-23 3.36307e-23 1.7102e-23 8.69668e-24 4.42234e-24 2.24877e-24 1.14349e-24 5.8145e-25 2.95655e-25 1.50333e-25 7.6439e-26 3.88661e-26 1.97615e-26 1.00476e-26 5.10858e-27 2.59735e-27 1.32056e-27 6.71392e-28 3.41342e-28 1.73539e-28 8.82266e-29 4.48535e-29 2.28027e-29 1.15924e-29 5.8932e-30 2.99588e-30 1.52298e-30 7.74206e-31 3.93563e-31 2.00063e-31 1.01698e-31 5.16957e-32 2.62779e-32 1.33574e-32 6.78964e-33 3.45118e-33 1.75421e-33 8.91647e-34 4.53208e-34 2.30355e-34 1.17083e-34 5.95091e-35 3.0246e-35 1.53726e-35 7.81311e-36 3.97095e-36 2.01818e-36 1.0257e-36 5.21287e-37 2.64928e-37 1.3464e-37 6.84254e-38 3.4774e-38 1.76721e-38 8.98081e-39 4.56393e-39 2.31931e-39 1.17862e-39 5.9894e-40 3.04361e-40 1.54664e-40 7.85937e-41 3.99374e-41
2.40881e-10 2.44001e-12 1.2417e-12 6.31881e-13 3.21546e-13 1.63622e-13 8.32595e-14 4.23658e-14 2.1557e-14 1.09687e-14 5.58098e-15 2.83961e-15 1.44477e-15 7.35071e-16 3.73984e-16 1.90269e-16 9.67999e-17 4.92463e-17 2.50533e-17 1.27453e-17 6.48372e-18 3.29832e-18 1.67785e-18 8.53504e-19 4.34161e-19 2.20845e-19 1.12336e-19 5.71402e-20 2.90641e-20 1.47831e-20 7.51913e-21 3.82438e-21 1.94513e-21 9.89302e-22 5.03155e-22 2.55899e-22 1.30145e-22 6.61883e-23 3.3661e-23 1.71185e-23 8.70561e-24 4.42716e-24 2.25136e-24 1.14487e-24 5.8219e-25 2.9605e-25 1.50542e-25 7.65503e-26 3.8925e-26 1.97926e-26 1.00641e-26 5.11724e-27 2.60191e-27 1.32295e-27 6.7265e-28 3.42002e-28 1.73885e-28 8.84074e-29 4.4948e-29 2.28521e-29 1.16181e-29 5.90664e-30 3.00289e-30 1.52663e-30 7.76104e-31 3.9455e-31 2.00576e-31 1.01965e-31 5.18341e-32 2.63497e-32 1.33946e-32 6.80896e-33 3.46119e-33 1.7594e-33 8.94332e-34 4.54598e-34 2.31074e-34 1.17455e-34 5.97014e-35 3.03454e-35 1.5424e-35 7.83962e-36 3.98464e-36 2.02525e-36 1.02935e-36 5.23168e-37 2.65898e-37 1.3514e-37 6.86832e-38 3.49068e-38 1.77405e-38 9.01606e-39 4.58209e-39 2.32865e-39 1.18343e-39 6.01416e-40 3.05635e-40 1.5532e-40 7.89307e-41 4.01107e-41 2.03831e-41
1.21928e-10 1.23962e-12 6.30866e-13 3.21054e-13 1.63384e-13 8.31441e-14 4.23102e-14 2.15303e-14 1.09558e-14 5.57485e-15 2.83669e-15 1.44339e-15 7.3442e-16 3.73679e-16 1.90127e-16 9.67344e-17 4.92164e-17 2.50398e-17 1.27393e-17 6.48112e-18 3.29721e-18 1.6774e-18 8.53333e-19 4.34103e-19 2.20831e-19 1.12336e-19 5.7144e-20 2.9068e-20 1.4786e-20 7.5211e-21 3.82563e-21 1.94589e-21 9.89753e-22 5.03417e-22 2.56048e-22 1.30229e-22 6.62352e-23 3.3687e-23 1.71328e-23 8.71343e-24 4.43141e-24 2.25366e-24 1.14612e-24 5.82857e-25 2.96407e-25 1.50733e-25 7.6652e-26 3.8979e-26 1.98213e-26 1.00792e-26 5.12527e-27 2.60615e-27 1.32518e-27 6.73825e-28 3.42619e-28 1.74209e-28 8.85774e-29 4.50371e-29 2.28987e-29 1.16425e-29 5.91937e-30 3.00953e-30 1.53009e-30 7.77911e-31 3.95491e-31 2.01066e-31 1.02219e-31 5.19665e-32 2.64185e-32 1.34304e-32 6.8275e-33 3.4708e-33 1.76439e-33 8.96915e-34 4.55936e-34 2.31767e-34 1.17813e-34 5.98869e-35 3.04413e-35 1.54736e-35 7.86526e-36 3.99788e-36 2.03209e-36 1.03288e-36 5.24991e-37 2.66839e-37 1.35626e-37 6.89334e-38 3.50359e-38 1.7807e-38 9.05034e-39 4.59974e-39 2.33775e-39 1.18811e-39 6.03827e-40 3.06876e-40 1.55959e-40 7.92594e-41 4.02798e-41 2.04701e-41 1.04028e-41
6.17165e-11 6.29765e-13 3.20517e-13 1.63123e-13 8.30173e-14 4.22488e-14 2.15006e-14 1.09415e-14 5.56796e-15 2.83339e-15 1.44181e-15 7.3367e-16 3.73323e-16 1.89959e-16 9.66559e-17 4.91799e-17 2.5023e-17 1.27316e-17 6.47764e-18 3.29567e-18 1.67673e-18 8.53049e-19 4.33988e-19 2.20787e-19 1.12321e-19 5.71402e-20 2.9068e-20 1.4787e-20 7.52208e-21 3.82638e-21 1.9464e-21 9.90075e-22 5.03613e-22 2.56164e-22 1.30297e-22 6.62737e-23 3.37087e-23 1.71449e-23 8.72013e-24 4.4351e-24 2.25568e-24 1.14721e-24 5.8345e-25 2.96727e-25 1.50905e-25 7.6744e-26 3.90282e-26 1.98475e-26 1.00932e-26 5.13266e-27 2.61007e-27 1.32725e-27 6.74917e-28 3.43195e-28 1.74512e-28 8.87367e-29 4.51206e-29 2.29425e-29 1.16655e-29 5.93139e-30 3.01582e-30 1.53337e-30 7.79624e-31 3.96384e-31 2.01531e-31 1.02462e-31 5.20928e-32 2.64842e-32 1.34645e-32 6.84523e-33 3.48001e-33 1.76916e-33 8.99394e-34 4.57222e-34 2.32433e-34 1.18158e-34 6.00655e-35 3.05338e-35 1.55214e-35 7.89001e-36 4.01068e-36 2.0387e-36 1.0363e-36 5.26756e-37 2.6775e-37 1.36096e-37 6.91761e-38 3.51611e-38 1.78716e-38 9.08363e-39 4.61691e-39 2.34659e-39 1.19267e-39 6.06174e-40 3.08085e-40 1.56581e-40 7.95797e-41 4.04447e-41 2.05549e-41 1.04464e-41 5.30899e-42
3.12392e-11 3.19936e-13 1.62839e-13 8.28791e-14 4.21815e-14 2.14679e-14 1.09257e-14 5.56032e-15 2.8297e-15 1.44004e-15 7.3282e-16 3.72917e-16 1.89766e-16 9.65644e-17 4.91368e-17 2.50028e-17 1.27222e-17 6.4733e-18 3.29369e-18 1.67583e-18 8.52652e-19 4.33815e-19 2.20714e-19 1.12291e-19 5.71289e-20 2.90641e-20 1.4786e-20 7.52208e-21 3.82663e-21 1.94665e-21 9.90268e-22 5.03744e-22 2.56247e-22 1.30347e-22 6.63036e-23 3.37261e-23 1.71549e-23 8.72572e-24 4.43822e-24 2.2574e-24 1.14816e-24 5.83969e-25 2.97009e-25 1.51058e-25 7.68265e-26 3.90725e-26 1.98713e-26 1.01058e-26 5.13942e-27 2.61366e-27 1.32916e-27 6.75926e-28 3.43728e-28 1.74793e-28 8.88851e-29 4.51987e-29 2.29836e-29 1.1687e-29 5.94269e-30 3.02174e-30 1.53647e-30 7.81244e-31 3.97231e-31 2.01973e-31 1.02692e-31 5.22129e-32 2.65467e-32 1.34971e-32 6.86217e-33 3.48882e-33 1.77374e-33 9.01769e-34 4.58454e-34 2.33073e-34 1.1849e-34 6.02374e-35 3.06228e-35 1.55675e-35 7.91386e-36 4.02302e-36 2.04508e-36 1.0396e-36 5.28461e-37 2.68631e-37 1.36551e-37 6.94112e-38 3.52824e-38 1.79342e-38 9.11593e-39 4.63356e-39 2.35518e-39 1.1971e-39 6.08456e-40 3.09261e-40 1.57186e-40 7.98916e-41 4.06053e-41 2.06376e-41 1.04889e-41 5.33088e-42 2.70933e-42
1.58124e-11 1.62533e-13 8.27295e-14 4.21085e-14 2.14324e-14 1.09084e-14 5.55191e-15 2.82563e-15 1.43807e-15 7.3187e-16 3.7246e-16 1.89547e-16 9.64598e-17 4.9087e-17 2.49792e-17 1.2711e-17 6.46809e-18 3.29126e-18 1.67472e-18 8.52141e-19 4.33584e-19 2.20611e-19 1.12247e-19 5.711e-20 2.90565e-20 1.47831e-20 7.5211e-21 3.82638e-21 1.94665e-21 9.90333e-22 5.03809e-22 2.56297e-22 1.30381e-22 6.6325e-23 3.37391e-23 1.71626e-23 8.73019e-24 4.44077e-24 2.25884e-24 1.14897e-24 5.84414e-25 2.97254e-25 1.51192e-25 7.68992e-26 3.91119e-26 1.98925e-26 1.01173e-26 5.14553e-27 2.61692e-27 1.3309e-27 6.76852e-28 3.4422e-28 1.75054e-28 8.90226e-29 4.52713e-29 2.30219e-29 1.17071e-29 5.95327e-30 3.02729e-30 1.53939e-30 7.82771e-31 3.9803e-31 2.02391e-31 1.02911e-31 5.23268e-32 2.66061e-32 1.3528e-32 6.8783e-33 3.49721e-33 1.77811e-33 9.0404e-34 4.59634e-34 2.33685e-34 1.18808e-34 6.04023e-35 3.07083e-35 1.56118e-35 7.93682e-36 4.03491e-36 2.05124e-36 1.04278e-36 5.30108e-37 2.69483e-37 1.36991e-37 6.96385e-38 3.53998e-38 1.79948e-38 9.14724e-39 4.64972e-39 2.36352e-39 1.2014e-39 6.10673e-40 3.10403e-40 1.57775e-40 8.0195e-41 4.07616e-41 2.07181e-41 1.05304e-41 5.35222e-42 2.72031e-42 1.38261e-42
8.00382e-12 8.25686e-14 4.20297e-14 2.13939e-14 1.08896e-14 5.54275e-15 2.82117e-15 1.4359e-15 7.30822e-16 3.71953e-16 1.89303e-16 9.63422e-17 4.90306e-17 2.49522e-17 1.26982e-17 6.46202e-18 3.2884e-18 1.67338e-18 8.51517e-19 4.33296e-19 2.2048e-19 1.12187e-19 5.70837e-20 2.9045e-20 1.47783e-20 7.51913e-21 3.82563e-21 1.9464e-21 9.90268e-22 5.03809e-22 2.56314e-22 1.30398e-22 6.63379e-23 3.37478e-23 1.71681e-23 8.73355e-24 4.44276e-24 2.26e-24 1.14962e-24 5.84786e-25 2.97461e-25 1.51307e-25 7.69623e-26 3.91464e-26 1.99113e-26 1.01274e-26 5.15101e-27 2.61987e-27 1.33248e-27 6.77694e-28 3.44668e-28 1.75292e-28 8.91492e-29 4.53384e-29 2.30573e-29 1.17259e-29 5.96314e-30 3.03249e-30 1.54211e-30 7.84203e-31 3.98781e-31 2.02784e-31 1.03117e-31 5.24345e-32 2.66624e-32 1.35574e-32 6.89362e-33 3.5052e-33 1.78227e-33 9.06205e-34 4.6076e-34 2.34271e-34 1.19112e-34 6.05603e-35 3.07903e-35 1.56544e-35 7.95888e-36 4.04634e-36 2.05716e-36 1.04585e-36 5.31696e-37 2.70304e-37 1.37416e-37 6.98582e-38 3.55134e-38 1.80535e-38 9.17754e-39 4.66537e-39 2.37159e-39 1.20556e-39 6.12823e-40 3.11512e-40 1.58347e-40 8.04899e-41 4.09135e-41 2.07964e-41 1.05707e-41 5.37299e-42 2.73101e-42 1.38812e-42 7.05544e-43
4.05132e-12 4.19452e-14 2.13524e-14 1.08693e-14 5.53284e-15 2.81633e-15 1.43354e-15 7.29674e-16 3.71396e-16 1.89033e-16 9.62116e-17 4.89677e-17 2.4922e-17 1.26837e-17 6.45508e-18 3.2851e-18 1.67181e-18 8.5078e-19 4.32951e-19 2.20319e-19 1.12113e-19 5.70498e-20 2.90297e-20 1.47715e-20 7.51617e-21 3.82438e-21 1.94589e-21 9.90075e-22 5.03744e-22 2.56297e-22 1.30398e-22 6.63421e-23 3.37521e-23 1.71714e-23 8.73579e-24 4.44418e-24 2.26086e-24 1.15014e-24 5.85083e-25 2.97631e-25 1.51402e-25 7.70157e-26 3.9176e-26 1.99275e-26 1.01363e-26 5.15584e-27 2.62248e-27 1.33389e-27 6.78453e-28 3.45075e-28 1.75509e-28 8.92649e-29 4.53999e-29 2.309e-29 1.17432e-29 5.97228e-30 3.03731e-30 1.54466e-30 7.85542e-31 3.99485e-31 2.03154e-31 1.0331e-31 5.2536e-32 2.67155e-32 1.35852e-32 6.90813e-33 3.51278e-33 1.78622e-33 9.08265e-34 4.61833e-34 2.34829e-34 1.19403e-34 6.07113e-35 3.08688e-35 1.56951e-35 7.98003e-36 4.05732e-36 2.06285e-36 1.0488e-36 5.33224e-37 2.71096e-37 1.37826e-37 7.00701e-38 3.5623e-38 1.81102e-38 9.20683e-39 4.6805e-39 2.37941e-39 1.2096e-39 6.14908e-40 3.12588e-40 1.58902e-40 8.07761e-41 4.10611e-41 2.08725e-41 1.06099e-41 5.3932e-42 2.74142e-42 1.39348e-42 7.08304e-43 3.60027e-43
2.05067e-12 2.13081e-14 1.08476e-14 5.52217e-15 2.81111e-15 1.43099e-15 7.28428e-16 3.70789e-16 1.88737e-16 9.60681e-17 4.88981e-17 2.48883e-17 1.26675e-17 6.44729e-18 3.28136e-18 1.67002e-18 8.4993e-19 4.32548e-19 2.20129e-19 1.12024e-19 5.70084e-20 2.90106e-20 1.47627e-20 7.51223e-21 3.82263e-21 1.94513e-21 9.89753e-22 5.03613e-22 2.56247e-22 1.30381e-22 6.63379e-23 3.37521e-23 1.71725e-23 8.7369e-24 4.44503e-24 2.26144e-24 1.1505e-24 5.85305e-25 2.97763e-25 1.51479e-25 7.70594e-26 3.92006e-26 1.99413e-26 1.01439e-26 5.16003e-27 2.62478e-27 1.33513e-27 6.79127e-28 3.45439e-28 1.75705e-28 8.93697e-29 4.54559e-29 2.31198e-29 1.1759e-29 5.98069e-30 3.04177e-30 1.54701e-30 7.86786e-31 4.0014e-31 2.03499e-31 1.03492e-31 5.26312e-32 2.67655e-32 1.36113e-32 6.92183e-33 3.51994e-33 1.78996e-33 9.10219e-34 4.62852e-34 2.3536e-34 1.19679e-34 6.08553e-35 3.09437e-35 1.57341e-35 8.00027e-36 4.06783e-36 2.06831e-36 1.05163e-36 5.34691e-37 2.71856e-37 1.3822e-37 7.02742e-38 3.57287e-38 1.81649e-38 9.23511e-39 4.69513e-39 2.38697e-39 1.21351e-39 6.16925e-40 3.1363e-40 1.5944e-40 8.10537e-41 4.12043e-41 2.09464e-41 1.0648e-41 5.41284e-42 2.75154e-42 1.39869e-42 7.10991e-43 3.61411e-43 1.8371e-43
