0.780726 0.0449054 0.0229105 0.01226 0.0067951 0.00385584 0.00221839 0.00128438 0.000744288 0.00043013 0.00024733 0.000141318 8.01824e-05 4.51685e-05 2.52638e-05 1.4034e-05 7.74517e-06 4.2484e-06 2.3171e-06 1.25711e-06 6.78708e-07 3.64789e-07 1.95256e-07 1.04115e-07 5.53218e-08 2.92989e-08 1.54668e-08 8.13433e-09 4.25112e-09 2.18519e-09 1.14305e-09
0.0449054 0.00449213 0.00233646 0.00124381 0.000667489 0.000357929 0.000190932 0.00010113 5.31621e-05 2.77432e-05 1.43814e-05 7.4104e-06 3.79835e-06 1.93803e-06 9.84938e-07 4.98869e-07 2.51946e-07 1.26929e-07 6.38125e-08 3.20246e-08 1.60478e-08 8.03166e-09 4.01544e-09 2.00566e-09 1.00086e-09 4.98754e-10 2.47719e-10 1.21752e-10 5.76805e-11 2.36484e-11 1.175e-11
0.0229105 0.00233646 0.00118062 0.000612017 0.00032118 0.000169158 8.89615e-05 4.65956e-05 2.42789e-05 1.25814e-05 6.48507e-06 3.32629e-06 1.69854e-06 8.6394e-07 4.37923e-07 2.21319e-07 1.11565e-07 5.61156e-08 2.81728e-08 1.41218e-08 7.06917e-09 3.53473e-09 1.76568e-09 8.81128e-10 4.3909e-10 2.18099e-10 1.07248e-10 5.09467e-11 2.12113e-11 1.04491e-11 5.19379e-12
0.01226 0.00124381 0.000612017 0.00030913 0.000158534 8.18926e-05 4.23892e-05 2.19184e-05 1.13025e-05 5.80775e-06 2.97308e-06 1.51634e-06 7.70686e-07 3.9047e-07 1.97276e-07 9.94225e-08 4.99988e-08 2.50974e-08 1.25779e-08 6.29507e-09 3.14697e-09 1.57161e-09 7.84084e-10 3.90632e-10 1.93994e-10 9.5413e-11 4.54158e-11 1.91411e-11 9.44852e-12 4.6551e-12 2.31465e-12
0.0067951 0.000667489 0.00032118 0.000158534 7.95745e-05 4.03364e-05 2.05466e-05 1.04827e-05 5.34587e-06 2.72186e-06 1.3828e-06 7.00804e-07 3.54303e-07 1.78709e-07 8.99473e-08 4.51853e-08 2.26605e-08 1.13476e-08 5.6752e-09 2.8352e-09 1.41503e-09 7.05544e-10 3.5131e-10 1.74387e-10 8.57638e-11 4.08915e-11 1.74265e-11 8.59457e-12 4.24326e-12 2.09078e-12 1.03989e-12
0.00385584 0.000357929 0.000169158 8.18926e-05 4.03364e-05 2.00966e-05 1.00825e-05 5.07728e-06 2.5607e-06 1.29164e-06 6.51036e-07 3.27755e-07 1.6477e-07 8.27112e-08 4.14598e-08 2.07543e-08 1.03768e-08 5.18263e-09 2.58599e-09 1.28924e-09 6.42187e-10 3.19474e-10 1.58464e-10 7.79056e-11 3.71963e-11 1.60158e-11 7.88618e-12 3.89001e-12 1.92082e-12 9.46516e-13 4.70865e-13
0.00221839 0.000190932 8.89615e-05 4.23892e-05 2.05466e-05 1.00825e-05 4.98915e-06 2.48198e-06 1.23859e-06 6.1908e-07 3.0961e-07 1.54829e-07 7.73905e-08 3.86575e-08 1.92953e-08 9.62361e-09 4.7963e-09 2.38881e-09 1.18899e-09 5.91385e-10 2.93816e-10 1.45575e-10 7.15214e-11 3.41836e-11 1.48581e-11 7.30311e-12 3.59655e-12 1.77428e-12 8.76197e-13 4.31777e-13 2.14827e-13
0.00128438 0.00010113 4.65956e-05 2.19184e-05 1.04827e-05 5.07728e-06 2.48198e-06 1.22118e-06 6.03461e-07 2.99043e-07 1.48438e-07 7.37489e-08 3.66556e-08 1.82205e-08 9.05586e-09 4.49991e-09 2.23542e-09 1.11014e-09 5.51067e-10 2.73303e-10 1.35206e-10 6.63589e-11 3.1736e-11 1.39108e-11 6.82488e-12 3.355e-12 1.65239e-12 8.15237e-13 4.0261e-13 1.98401e-13 9.87199e-14
0.000744288 5.31621e-05 2.42789e-05 1.13025e-05 5.34587e-06 2.5607e-06 1.23859e-06 6.03461e-07 2.95572e-07 1.45313e-07 7.1626e-08 3.53672e-08 1.74838e-08 8.64956e-09 4.28112e-09 2.11954e-09 1.0495e-09 5.19621e-10 2.57122e-10 1.26952e-10 6.22182e-11 2.976e-11 1.31393e-11 6.4342e-12 3.1571e-12 1.55211e-12 7.64483e-13 3.77182e-13 1.86275e-13 9.17909e-14 4.56733e-14
0.00043013 2.77432e-05 1.25814e-05 5.80775e-06 2.72186e-06 1.29164e-06 6.1908e-07 2.99043e-07 1.45313e-07 7.09285e-08 3.47365e-08 1.70538e-08 8.38772e-09 4.13092e-09 2.03646e-09 1.00463e-09 4.95807e-10 2.44645e-10 1.20497e-10 5.89426e-11 2.81818e-11 1.25166e-11 6.11716e-12 2.99583e-12 1.47009e-12 7.22763e-13 3.55998e-13 1.7564e-13 8.67381e-14 4.27393e-14 2.12649e-14
0.00024733 1.43814e-05 6.48507e-06 2.97308e-06 1.3828e-06 6.51036e-07 3.0961e-07 1.48438e-07 7.1626e-08 3.47365e-08 1.69125e-08 8.25946e-09 4.04316e-09 1.98284e-09 9.73786e-10 4.78701e-10 2.35396e-10 1.15597e-10 5.64104e-11 2.69437e-11 1.20209e-11 5.8627e-12 2.86555e-12 1.40348e-12 6.88729e-13 3.38612e-13 1.66779e-13 8.22799e-14 4.06297e-14 2.00179e-14 9.9587e-15
0.000141318 7.4104e-06 3.32629e-06 1.51634e-06 7.00804e-07 3.27755e-07 1.54829e-07 7.37489e-08 3.53672e-08 1.70538e-08 8.25946e-09 4.0143e-09 1.95655e-09 9.55743e-10 4.67646e-10 2.29025e-10 1.1207e-10 5.4529e-11 2.60015e-11 1.16356e-11 5.6622e-12 2.7618e-12 1.35e-12 6.61221e-13 3.2448e-13 1.59524e-13 7.85664e-14 3.87566e-14 1.91356e-14 9.42677e-15 4.68892e-15
8.01824e-05 3.79835e-06 1.69854e-06 7.70686e-07 3.54303e-07 1.6477e-07 7.73905e-08 3.66556e-08 1.74838e-08 8.38772e-09 4.04316e-09 1.95655e-09 9.49805e-10 4.62221e-10 2.25294e-10 1.09788e-10 5.3231e-11 2.53219e-11 1.13481e-11 5.50902e-12 2.68112e-12 1.30784e-12 6.39306e-13 3.13128e-13 1.53655e-13 7.55363e-14 3.7198e-14 1.83472e-14 9.05729e-15 4.46121e-15 2.21854e-15
4.51685e-05 1.93803e-06 8.6394e-07 3.9047e-07 1.78709e-07 8.27112e-08 3.86575e-08 1.82205e-08 8.64956e-09 4.13092e-09 1.98284e-09 9.55743e-10 4.62221e-10 2.24066e-10 1.08667e-10 5.247e-11 2.48814e-11 1.1149e-11 5.39819e-12 2.62087e-12 1.27561e-12 6.22259e-13 3.04178e-13 1.48979e-13 7.31003e-14 3.5932e-14 1.76923e-14 8.72493e-15 4.30635e-15 2.12074e-15 1.05436e-15
2.52638e-05 9.84938e-07 4.37923e-07 1.97276e-07 8.99473e-08 4.14598e-08 1.92953e-08 9.05586e-09 4.28112e-09 2.03646e-09 9.73786e-10 4.67646e-10 2.25294e-10 1.08667e-10 5.22192e-11 2.46649e-11 1.1032e-11 5.32618e-12 2.57914e-12 1.25229e-12 6.09527e-13 2.97335e-13 1.45341e-13 7.11795e-14 3.49225e-14 1.71636e-14 8.44963e-15 4.1661e-15 2.05582e-15 1.01223e-15 5.03099e-16
1.4034e-05 4.98869e-07 2.21319e-07 9.94225e-08 4.51853e-08 2.07543e-08 9.62361e-09 4.49991e-09 2.11954e-09 1.00463e-09 4.78701e-10 2.29025e-10 1.09788e-10 5.247e-11 2.46649e-11 1.09934e-11 5.29073e-12 2.55461e-12 1.23713e-12 6.00706e-13 2.92383e-13 1.42624e-13 6.97114e-14 3.41372e-14 1.67464e-14 8.22908e-15 4.05039e-15 1.99661e-15 9.8502e-16 4.84894e-16 2.40927e-16
7.74517e-06 2.51946e-07 1.11565e-07 4.99988e-08 2.26605e-08 1.03768e-08 4.7963e-09 2.23542e-09 1.0495e-09 4.95807e-10 2.35396e-10 1.1207e-10 5.3231e-11 2.48814e-11 1.1032e-11 5.29073e-12 2.54652e-12 1.22967e-12 5.95519e-13 2.89163e-13 1.40741e-13 6.86488e-14 3.35509e-14 1.64276e-14 8.05743e-15 3.95863e-15 1.94804e-15 9.60037e-16 4.7351e-16 2.33041e-16 1.15751e-16
4.2484e-06 1.26929e-07 5.61156e-08 2.50974e-08 1.13476e-08 5.18263e-09 2.38881e-09 1.11014e-09 5.19621e-10 2.44645e-10 1.15597e-10 5.4529e-11 2.53219e-11 1.1149e-11 5.32618e-12 2.55461e-12 1.22967e-12 5.93808e-13 2.87578e-13 1.39634e-13 6.79583e-14 3.31447e-14 1.61969e-14 7.9293e-15 3.88847e-15 1.91002e-15 9.39693e-16 4.62983e-16 2.28291e-16 1.12328e-16 5.57733e-17
2.3171e-06 6.38125e-08 2.81728e-08 1.25779e-08 5.6752e-09 2.58599e-09 1.18899e-09 5.51067e-10 2.57122e-10 1.20497e-10 5.64104e-11 2.60015e-11 1.13481e-11 5.39819e-12 2.57914e-12 1.23713e-12 5.95519e-13 2.87578e-13 1.39269e-13 6.76182e-14 3.2906e-14 1.60471e-14 7.84059e-15 3.83773e-15 1.88162e-15 9.24038e-16 4.54495e-16 2.23867e-16 1.10355e-16 5.42855e-17 2.6944e-17
1.25711e-06 3.20246e-08 1.41218e-08 6.29507e-09 2.8352e-09 1.28924e-09 5.91385e-10 2.73303e-10 1.26952e-10 5.89426e-11 2.69437e-11 1.16356e-11 5.50902e-12 2.62087e-12 1.25229e-12 6.00706e-13 2.89163e-13 1.39634e-13 6.76182e-14 3.28272e-14 1.59733e-14 7.78846e-15 3.80478e-15 1.86196e-15 9.12707e-16 4.4811e-16 2.20347e-16 1.08504e-16 5.3471e-17 2.62967e-17 1.30472e-17
6.78708e-07 1.60478e-08 7.06917e-09 3.14697e-09 1.41503e-09 6.42187e-10 2.93816e-10 1.35206e-10 6.22182e-11 2.81818e-11 1.20209e-11 5.6622e-12 2.68112e-12 1.27561e-12 6.09527e-13 2.92383e-13 1.40741e-13 6.79583e-14 3.2906e-14 1.59733e-14 7.77126e-15 3.78857e-15 1.85042e-15 9.05351e-16 4.43685e-16 2.17779e-16 1.07058e-16 5.2702e-17 2.5964e-17 1.27656e-17 6.33126e-18
3.64789e-07 8.03166e-09 3.53473e-09 1.57161e-09 7.05544e-10 3.19474e-10 1.45575e-10 6.63589e-11 2.976e-11 1.25166e-11 5.8627e-12 2.7618e-12 1.30784e-12 6.22259e-13 2.97335e-13 1.42624e-13 6.86488e-14 3.31447e-14 1.60471e-14 7.78846e-15 3.78857e-15 1.84661e-15 9.01733e-16 4.41087e-16 2.16109e-16 1.06046e-16 5.21164e-17 2.56479e-17 1.26317e-17 6.20896e-18 3.07821e-18
1.95256e-07 4.01544e-09 1.76568e-09 7.84084e-10 3.5131e-10 1.58464e-10 7.15214e-11 3.1736e-11 1.31393e-11 6.11716e-12 2.86555e-12 1.35e-12 6.39306e-13 3.04178e-13 1.45341e-13 6.97114e-14 3.35509e-14 1.61969e-14 7.84059e-15 3.80478e-15 1.85042e-15 9.01733e-16 4.40231e-16 2.15287e-16 1.05451e-16 5.17313e-17 2.54157e-17 1.25039e-17 6.15631e-18 3.02525e-18 1.49924e-18
1.04115e-07 2.00566e-09 8.81128e-10 3.90632e-10 1.74387e-10 7.79056e-11 3.41836e-11 1.39108e-11 6.4342e-12 2.99583e-12 1.40348e-12 6.61221e-13 3.13128e-13 1.48979e-13 7.11795e-14 3.41372e-14 1.64276e-14 7.9293e-15 3.83773e-15 1.86196e-15 9.05351e-16 4.41087e-16 2.15287e-16 1.05255e-16 5.15413e-17 2.52773e-17 1.2415e-17 6.10593e-18 3.00532e-18 1.47643e-18 7.31398e-19
5.53218e-08 1.00086e-09 4.3909e-10 1.93994e-10 8.57638e-11 3.71963e-11 1.48581e-11 6.82488e-12 3.1571e-12 1.47009e-12 6.88729e-13 3.2448e-13 1.53655e-13 7.31003e-14 3.49225e-14 1.67464e-14 8.05743e-15 3.88847e-15 1.88162e-15 9.12707e-16 4.43685e-16 2.16109e-16 1.05451e-16 5.15413e-17 2.52314e-17 1.23705e-17 6.07389e-18 2.98629e-18 1.46937e-18 7.21663e-19 3.57358e-19
2.92989e-08 4.98754e-10 2.18099e-10 9.5413e-11 4.08915e-11 1.60158e-11 7.30311e-12 3.355e-12 1.55211e-12 7.22763e-13 3.38612e-13 1.59524e-13 7.55363e-14 3.5932e-14 1.71636e-14 8.22908e-15 3.95863e-15 1.91002e-15 9.24038e-16 4.4811e-16 2.17779e-16 1.06046e-16 5.17313e-17 2.52773e-17 1.23705e-17 6.0631e-18 2.97602e-18 1.46271e-18 7.19476e-19 3.53263e-19 1.74862e-19
1.54668e-08 2.47719e-10 1.07248e-10 4.54158e-11 1.74265e-11 7.88618e-12 3.59655e-12 1.65239e-12 7.64483e-13 3.55998e-13 1.66779e-13 7.85664e-14 3.7198e-14 1.76923e-14 8.44963e-15 4.05039e-15 1.94804e-15 9.39693e-16 4.54495e-16 2.20347e-16 1.07058e-16 5.21164e-17 2.54157e-17 1.2415e-17 6.07389e-18 2.97602e-18 1.46028e-18 7.17484e-19 3.52798e-19 1.73175e-19 8.5686e-20
8.13433e-09 1.21752e-10 5.09467e-11 1.91411e-11 8.59457e-12 3.89001e-12 1.77428e-12 8.15237e-13 3.77182e-13 1.7564e-13 8.22799e-14 3.87566e-14 1.83472e-14 8.72493e-15 4.1661e-15 1.99661e-15 9.60037e-16 4.62983e-16 2.23867e-16 1.08504e-16 5.2702e-17 2.56479e-17 1.25039e-17 6.10593e-18 2.98629e-18 1.46271e-18 7.17484e-19 3.52405e-19 1.73225e-19 8.50055e-20 4.20433e-20
4.25112e-09 5.76805e-11 2.12113e-11 9.44852e-12 4.24326e-12 1.92082e-12 8.76197e-13 4.0261e-13 1.86275e-13 8.67381e-14 4.06297e-14 1.91356e-14 9.05729e-15 4.30635e-15 2.05582e-15 9.8502e-16 4.7351e-16 2.28291e-16 1.10355e-16 5.3471e-17 2.5964e-17 1.26317e-17 6.15631e-18 3.00532e-18 1.46937e-18 7.19476e-19 3.52798e-19 1.73225e-19 8.51213e-20 4.17591e-20 2.06458e-20
2.18519e-09 2.36484e-11 1.04491e-11 4.6551e-12 2.09078e-12 9.46516e-13 4.31777e-13 1.98401e-13 9.17909e-14 4.27393e-14 2.00179e-14 9.42677e-15 4.46121e-15 2.12074e-15 1.01223e-15 4.84894e-16 2.33041e-16 1.12328e-16 5.42855e-17 2.62967e-17 1.27656e-17 6.20896e-18 3.02525e-18 1.47643e-18 7.21663e-19 3.53263e-19 1.73175e-19 8.50055e-20 4.17591e-20 2.04814e-20 1.01227e-20
1.14305e-09 1.175e-11 5.19379e-12 2.31465e-12 1.03989e-12 4.70865e-13 2.14827e-13 9.87199e-14 4.56733e-14 2.12649e-14 9.9587e-15 4.68892e-15 2.21854e-15 1.05436e-15 5.03099e-16 2.40927e-16 1.15751e-16 5.57733e-17 2.6944e-17 1.30472e-17 6.33126e-18 3.07821e-18 1.49924e-18 7.31398e-19 3.57358e-19 1.74862e-19 8.5686e-20 4.20433e-20 2.06458e-20 1.01227e-20 5.00071e-21
