0.901426 0.0450098 0.00224742 0.000112218 5.60324e-06 2.7978e-07 1.39699e-08 6.97543e-10 3.48296e-11 1.7391e-12 8.68366e-14 4.33591e-15 2.165e-16 1.08102e-17 5.39774e-19 2.69519e-20 1.34576e-21 6.71961e-23 3.35522e-24 1.67532e-25 8.36519e-27 4.17689e-28 2.0856e-29 1.04138e-30 5.19978e-32 2.59634e-33 1.2964e-34 6.47317e-36 3.23217e-37 1.61388e-38 8.0584e-40 4.02371e-41 2.00911e-42 1.00318e-43 5.00908e-45 2.50112e-46 1.24886e-47 6.23577e-49 3.11363e-50 1.55469e-51 7.76286e-53 3.87614e-54 1.93543e-55 9.66393e-57 4.82537e-58 2.4094e-59 1.20306e-60 6.00707e-62 2.99944e-63 1.49767e-64 7.47816e-66 3.73398e-67 1.86444e-68 9.30951e-70 4.64841e-71 2.32103e-72 1.15893e-73 5.78677e-75 2.88944e-76 1.44275e-77 7.2039e-79 3.59704e-80 1.79607e-81 8.96808e-83 4.47793e-84 2.23591e-85 1.11643e-86 5.57454e-88 2.78347e-89 1.38984e-90 6.9397e-92 3.46512e-93 1.7302e-94 8.63918e-96 4.3137e-97 2.15391e-98 1.07549e-99 5.37009e-101 2.68138e-102 1.33886e-103 6.68519e-105 3.33804e-106 1.66674e-107 8.32234e-109 4.1555e-110 2.07491e-111 1.03604e-112 5.17315e-114 2.58305e-115 1.28976e-116 6.44001e-118 3.21561e-119 1.60561e-120 8.01712e-122 4.00309e-123 1.99882e-124 9.98046e-126 4.98342e-127 2.48831e-128 1.24246e-129 6.20383e-131
0.0450098 0.00333253 0.00022058 1.37193e-05 8.20115e-07 4.76948e-08 2.71828e-09 1.52545e-10 8.45652e-12 4.64176e-13 2.52706e-14 1.36634e-15 7.34432e-17 3.92777e-18 2.09133e-19 1.10922e-20 5.86296e-22 3.08948e-23 1.62352e-24 8.51042e-26 4.45108e-27 2.3232e-28 1.2103e-29 6.29428e-31 3.26821e-32 1.69447e-33 8.77332e-35 4.53674e-36 2.3432e-37 1.20891e-38 6.23057e-40 3.20804e-41 1.65027e-42 8.48194e-44 4.35594e-45 2.2353e-46 1.14623e-47 5.87368e-49 3.0079e-50 1.53938e-51 7.87355e-53 4.02485e-54 2.05634e-55 1.05007e-56 5.3595e-58 2.73418e-59 1.39423e-60 7.10646e-62 3.6207e-63 1.84399e-64 9.38764e-66 4.77744e-67 2.43041e-68 1.23599e-69 6.28359e-71 3.19346e-72 1.62249e-73 8.24092e-75 4.1845e-76 2.12418e-77 1.07801e-78 5.4694e-80 2.77427e-81 1.40686e-82 7.13269e-84 3.61538e-85 1.83214e-86 9.2826e-88 4.70208e-89 2.38134e-90 1.20578e-91 6.10419e-93 3.08965e-94 1.56354e-95 7.91105e-97 4.00206e-98 2.02423e-99 1.02368e-100 5.17606e-102 2.61678e-103 1.32272e-104 6.68506e-106 3.37815e-107 1.70684e-108 8.62273e-110 4.35551e-111 2.19976e-112 1.11085e-113 5.60896e-115 2.83175e-116 1.42947e-117 7.21511e-119 3.64135e-120 1.83752e-121 9.27157e-123 4.67765e-124 2.3597e-125 1.19025e-126 6.00314e-128 3.02743e-129 1.52661e-130
0.00224742 0.00022058 1.77309e-05 1.28595e-06 8.74695e-08 5.69152e-09 3.58418e-10 2.20083e-11 1.32447e-12 7.84063e-14 4.57826e-15 2.6424e-16 1.50993e-17 8.55359e-19 4.80875e-20 2.68529e-21 1.49053e-22 8.22916e-24 4.52126e-25 2.47315e-26 1.3474e-27 7.31391e-29 3.95673e-30 2.13389e-31 1.14752e-32 6.15444e-34 3.2926e-35 1.75746e-36 9.36033e-38 4.97528e-39 2.63947e-40 1.39778e-41 7.38973e-43 3.90055e-44 2.05575e-45 1.08192e-46 5.68633e-48 2.98477e-49 1.5648e-50 8.19414e-52 4.28613e-53 2.23959e-54 1.16905e-55 6.09643e-57 3.17627e-58 1.65338e-59 8.59926e-61 4.46883e-62 2.32052e-63 1.20407e-64 6.2431e-66 3.23479e-67 1.67494e-68 8.66707e-70 4.482e-71 2.31638e-72 1.19645e-73 6.17635e-75 3.18664e-76 1.64326e-77 8.46945e-79 4.36305e-80 2.24655e-81 1.15622e-82 5.94795e-84 3.05847e-85 1.57201e-86 8.07661e-88 4.14789e-89 2.12939e-90 1.09274e-91 5.60559e-93 2.87453e-94 1.47354e-95 7.55105e-97 3.8682e-98 1.98093e-99 1.01413e-100 5.19018e-102 2.65547e-103 1.35823e-104 6.94513e-106 3.55031e-107 1.8144e-108 9.27009e-110 4.73502e-111 2.41796e-112 1.23443e-113 6.30057e-115 3.21506e-116 1.6402e-117 8.36577e-119 4.26596e-120 2.17487e-121 1.10855e-122 5.64922e-124 2.87827e-125 1.46618e-126 7.46716e-128 3.80225e-129 1.93572e-130
0.000112218 1.37193e-05 1.28595e-06 1.05557e-07 7.98002e-09 5.6986e-10 3.90118e-11 2.58469e-12 1.66814e-13 1.05365e-14 6.53607e-16 3.99265e-17 2.40682e-18 1.43417e-19 8.45925e-21 4.94462e-22 2.86694e-23 1.65022e-24 9.43631e-26 5.36363e-27 3.03205e-28 1.70541e-29 9.54804e-31 5.32281e-32 2.9556e-33 1.63513e-34 9.01497e-36 4.95431e-37 2.71455e-38 1.48315e-39 8.08206e-41 4.39312e-42 2.38231e-43 1.28901e-44 6.95978e-46 3.75029e-47 2.01701e-48 1.08285e-49 5.80331e-51 3.10508e-52 1.65878e-53 8.84819e-55 4.71301e-56 2.50696e-57 1.33176e-58 7.06572e-60 3.74423e-61 1.98182e-62 1.0478e-63 5.53387e-65 2.91963e-66 1.53884e-67 8.10296e-69 4.26275e-70 2.24051e-71 1.17659e-72 6.17368e-74 3.23675e-75 1.69564e-76 8.87627e-78 4.64309e-79 2.42703e-80 1.26778e-81 6.61788e-83 3.45233e-84 1.79983e-85 9.37746e-87 4.88292e-88 2.5411e-89 1.32166e-90 6.87033e-92 3.56948e-93 1.85356e-94 9.62025e-96 4.9906e-97 2.58768e-98 1.34111e-99 6.94735e-101 3.59733e-102 1.86188e-103 9.63249e-105 4.98133e-106 2.57499e-107 1.33056e-108 6.87263e-110 3.54852e-111 1.83152e-112 9.44971e-114 4.87384e-115 2.51289e-116 1.29517e-117 6.67326e-119 3.43722e-120 1.76985e-121 9.11029e-123 4.68807e-124 2.41171e-125 1.24031e-126 6.37688e-128 3.27766e-129 1.68422e-130
5.60324e-06 8.20115e-07 8.74695e-08 7.98002e-09 6.60807e-10 5.11598e-11 3.76764e-12 2.66881e-13 1.83224e-14 1.22588e-15 8.02603e-17 5.15837e-18 3.26262e-19 2.03485e-20 1.2535e-21 7.63713e-23 4.6073e-24 2.75482e-25 1.63392e-26 9.61989e-28 5.62574e-29 3.26962e-30 1.88943e-31 1.08609e-32 6.2125e-34 3.53736e-35 2.00556e-36 1.13255e-37 6.37164e-39 3.57202e-40 1.99588e-41 1.11173e-42 6.17412e-44 3.4193e-45 1.88862e-46 1.04054e-47 5.71917e-49 3.13629e-50 1.71615e-51 9.37119e-53 5.10709e-54 2.77798e-55 1.50834e-56 8.17545e-58 4.42387e-59 2.39e-60 1.28922e-61 6.94408e-63 3.73495e-64 2.00614e-65 1.07613e-66 5.76522e-68 3.08485e-69 1.64869e-70 8.80127e-72 4.69323e-73 2.49997e-74 1.33029e-75 7.07169e-77 3.75559e-78 1.99262e-79 1.05627e-80 5.59422e-82 2.96027e-83 1.56516e-84 8.26868e-86 4.36486e-87 2.30235e-88 1.21353e-89 6.39163e-91 3.36409e-92 1.76939e-93 9.30016e-95 4.88509e-96 2.56436e-97 1.34529e-98 7.05325e-100 3.69578e-101 1.93541e-102 1.01297e-103 5.29883e-105 2.77032e-106 1.44762e-107 7.56055e-109 3.94672e-110 2.05924e-111 1.07391e-112 5.5979e-114 2.91665e-115 1.51896e-116 7.90715e-118 4.11439e-119 2.13997e-120 1.11258e-121 5.78198e-123 3.00366e-124 1.55975e-125 8.09647e-127 4.2012e-128 2.17917e-129 1.12993e-130
2.7978e-07 4.76948e-08 5.69152e-09 5.6986e-10 5.11598e-11 4.25694e-12 3.34716e-13 2.51807e-14 1.82807e-15 1.28864e-16 8.86128e-18 5.96537e-19 3.94257e-20 2.56394e-21 1.64374e-22 1.04046e-23 6.51095e-25 4.03249e-26 2.47413e-27 1.50504e-28 9.08354e-30 5.44276e-31 3.2395e-32 1.91622e-33 1.12696e-34 6.59234e-36 3.83698e-37 2.22277e-38 1.28198e-39 7.36318e-41 4.21257e-42 2.40116e-43 1.36388e-44 7.72131e-46 4.35752e-47 2.45183e-48 1.37564e-49 7.69739e-51 4.29595e-52 2.39168e-53 1.32838e-54 7.36143e-56 4.07064e-57 2.24627e-58 1.23708e-59 6.79991e-61 3.73088e-62 2.04339e-63 1.11726e-64 6.09877e-66 3.32388e-67 1.80878e-68 9.82852e-70 5.33301e-71 2.88975e-72 1.56376e-73 8.45126e-75 4.56175e-76 2.45934e-77 1.32433e-78 7.12332e-80 3.82729e-81 2.05416e-82 1.10136e-83 5.8991e-85 3.15658e-86 1.68747e-87 9.01262e-89 4.80923e-90 2.56401e-91 1.36581e-92 7.26947e-94 3.866e-95 2.05437e-96 1.09084e-97 5.78782e-99 3.06868e-100 1.62584e-101 8.60795e-103 4.55434e-104 2.40803e-105 1.27238e-106 6.71882e-108 3.54568e-109 1.87e-110 9.85657e-112 5.19226e-113 2.73363e-114 1.43841e-115 7.56459e-117 3.97609e-118 2.08882e-119 1.09679e-120 5.75605e-122 3.01934e-123 1.58304e-124 8.29591e-126 4.34545e-127 2.27514e-128 1.19066e-129 6.22837e-131
1.39699e-08 2.71828e-09 3.58418e-10 3.90118e-11 3.76764e-12 3.34716e-13 2.79369e-14 2.22067e-15 1.69692e-16 1.25503e-17 9.02959e-19 6.34466e-20 4.36741e-21 2.95259e-22 1.96443e-23 1.28845e-24 8.3429e-26 5.33972e-27 3.38164e-28 2.12099e-29 1.31854e-30 8.13013e-32 4.97526e-33 3.02333e-34 1.82524e-35 1.09523e-36 6.53451e-38 3.87792e-39 2.28983e-40 1.34571e-41 7.87335e-43 4.58707e-44 2.66181e-45 1.53877e-46 8.86352e-48 5.08809e-49 2.91131e-50 1.66064e-51 9.4444e-53 5.35604e-54 3.02926e-55 1.70885e-56 9.61595e-58 5.39814e-59 3.02345e-60 1.68968e-61 9.42299e-63 5.2443e-64 2.91296e-65 1.61496e-66 8.93705e-68 4.937e-69 2.72266e-70 1.49903e-71 8.24018e-73 4.52268e-74 2.47861e-75 1.35642e-76 7.41262e-78 4.04541e-79 2.20486e-80 1.20018e-81 6.52491e-83 3.54307e-84 1.92166e-85 1.04107e-86 5.63381e-88 3.04549e-89 1.64459e-90 8.87189e-92 4.78126e-93 2.57424e-94 1.38467e-95 7.44118e-97 3.9953e-98 2.14327e-99 1.14877e-100 6.15213e-102 3.29204e-103 1.76019e-104 9.40407e-106 5.02045e-107 2.67822e-108 1.42769e-109 7.60526e-111 4.04848e-112 2.15364e-113 1.1449e-114 6.08243e-116 3.22931e-117 1.71345e-118 9.08585e-120 4.81504e-121 2.55022e-122 1.34991e-123 7.14148e-125 3.77598e-126 1.99542e-127 1.05392e-128 5.56357e-130 2.93546e-131
6.97543e-10 1.52545e-10 2.20083e-11 2.58469e-12 2.66881e-13 2.51807e-14 2.22067e-15 1.85742e-16 1.48841e-17 1.15104e-18 8.63774e-20 6.31669e-21 4.51667e-22 3.16639e-23 2.1812e-24 1.47916e-25 9.89012e-27 6.52878e-28 4.25994e-29 2.75007e-30 1.75805e-31 1.11376e-32 6.99714e-34 4.36188e-35 2.69951e-36 1.65943e-37 1.01364e-38 6.15504e-40 3.71665e-41 2.23247e-42 1.33432e-43 7.93773e-45 4.70107e-46 2.77244e-47 1.62849e-48 9.52905e-50 5.55563e-51 3.22782e-52 1.86916e-53 1.07896e-54 6.20941e-56 3.56313e-57 2.03893e-58 1.16363e-59 6.62381e-61 3.76123e-62 2.13068e-63 1.20424e-64 6.79129e-66 3.82179e-67 2.1463e-68 1.20296e-69 6.72949e-71 3.75758e-72 2.09439e-73 1.16534e-74 6.47321e-76 3.58988e-77 1.98772e-78 1.09892e-79 6.0664e-81 3.34404e-82 1.84078e-83 1.01191e-84 5.55534e-86 3.04592e-87 1.66795e-88 9.12263e-90 4.98358e-91 2.71932e-92 1.48215e-93 8.06949e-95 4.3887e-96 2.38437e-97 1.2941e-98 7.0167e-100 3.80081e-101 2.05687e-102 1.11208e-103 6.00725e-105 3.24213e-106 1.74828e-107 9.41939e-109 5.07081e-110 2.7276e-111 1.46603e-112 7.87346e-114 4.22534e-115 2.26587e-116 1.21421e-117 6.50191e-119 3.47926e-120 1.86053e-121 9.94245e-123 5.30965e-124 2.83373e-125 1.51139e-126 8.05612e-128 4.29151e-129 2.28473e-130 1.21564e-131
3.48296e-11 8.45652e-12 1.32447e-12 1.66814e-13 1.83224e-14 1.82807e-15 1.69692e-16 1.48841e-17 1.24688e-18 1.00541e-19 7.84898e-21 5.95941e-22 4.41641e-23 3.20384e-24 2.28057e-25 1.59605e-26 1.10004e-27 7.4774e-29 5.01883e-30 3.32987e-31 2.18589e-32 1.42089e-33 9.15245e-35 5.84572e-36 3.70436e-37 2.33016e-38 1.45565e-39 9.03463e-41 5.5733e-42 3.41833e-43 2.08523e-44 1.26549e-45 7.64262e-47 4.59427e-48 2.74965e-49 1.63877e-50 9.72801e-52 5.75273e-53 3.38954e-54 1.99019e-55 1.16466e-56 6.79385e-58 3.95093e-59 2.29089e-60 1.32458e-61 7.63783e-63 4.39261e-64 2.51988e-65 1.44204e-66 8.23299e-68 4.68978e-69 2.6656e-70 1.51189e-71 8.55764e-73 4.83424e-74 2.72564e-75 1.53392e-76 8.61697e-78 4.83222e-79 2.70523e-80 1.51198e-81 8.4371e-83 4.70075e-84 2.61508e-85 1.45267e-86 8.058e-88 4.46359e-89 2.46919e-90 1.36412e-91 7.52653e-93 4.14756e-94 2.28276e-95 1.25491e-96 6.89067e-98 3.77936e-99 2.07059e-100 1.13319e-101 6.19518e-103 3.38343e-104 1.84597e-105 1.00615e-106 5.47879e-108 2.98056e-109 1.61999e-110 8.79699e-112 4.77281e-113 2.58725e-114 1.40132e-115 7.5836e-117 4.10074e-118 2.21566e-119 1.19621e-120 6.45326e-122 3.47877e-123 1.87394e-124 1.00872e-125 5.426e-127 2.91667e-128 1.56675e-129 8.41053e-131 4.51193e-132
1.7391e-12 4.64176e-13 7.84063e-14 1.05365e-14 1.22588e-15 1.28864e-16 1.25503e-17 1.15104e-18 1.00541e-19 8.43261e-21 6.8333e-22 5.37557e-23 4.12089e-24 3.08791e-25 2.26747e-26 1.63506e-27 1.15989e-28 8.10672e-30 5.58967e-31 3.80655e-32 2.56277e-33 1.70726e-34 1.12625e-35 7.36232e-37 4.77203e-38 3.0686e-39 1.95859e-40 1.24138e-41 7.81633e-43 4.89104e-44 3.04261e-45 1.88224e-46 1.15827e-47 7.09199e-49 4.32172e-50 2.62163e-51 1.58346e-52 9.52459e-54 5.70649e-55 3.40604e-56 2.02561e-57 1.20048e-58 7.09098e-60 4.17509e-61 2.45069e-62 1.43425e-63 8.36996e-65 4.8711e-66 2.82735e-67 1.63689e-68 9.45342e-70 5.44654e-71 3.13076e-72 1.7956e-73 1.02761e-74 5.86868e-76 3.3448e-77 1.90259e-78 1.08017e-79 6.12119e-81 3.46256e-82 1.95524e-83 1.10221e-84 6.20319e-86 3.48551e-87 1.95542e-88 1.09535e-89 6.12665e-91 3.42189e-92 1.90853e-93 1.06301e-94 5.91284e-96 3.28464e-97 1.82233e-98 1.00979e-99 5.58861e-101 3.08933e-102 1.70578e-103 9.40785e-105 5.18297e-106 2.85232e-107 1.56804e-108 8.61133e-110 4.72436e-111 2.58932e-112 1.41778e-113 7.75568e-115 4.23865e-116 2.31441e-117 1.2626e-118 6.88195e-120 3.74788e-121 2.03936e-122 1.10878e-123 6.02348e-125 3.26968e-126 1.77347e-127 9.61198e-129 5.20566e-130 2.81721e-131 1.52353e-132
8.68366e-14 2.52706e-14 4.57826e-15 6.53607e-16 8.02603e-17 8.86128e-18 9.02959e-19 8.63774e-20 7.84898e-21 6.8333e-22 5.73666e-23 4.66744e-24 3.69503e-25 2.85549e-26 2.15982e-27 1.60248e-28 1.16847e-29 8.38665e-31 5.93333e-32 4.14256e-33 2.85727e-34 1.9487e-35 1.31524e-36 8.79117e-38 5.82304e-39 3.82444e-40 2.4919e-41 1.61155e-42 1.03489e-43 6.60173e-45 4.18493e-46 2.63713e-47 1.65241e-48 1.02984e-49 6.38566e-51 3.94025e-52 2.42005e-53 1.47978e-54 9.01004e-56 5.46377e-57 3.3004e-58 1.98619e-59 1.19101e-60 7.11731e-62 4.23913e-63 2.51683e-64 1.48969e-65 8.79127e-67 5.1733e-68 3.03589e-69 1.77683e-70 1.03727e-71 6.04022e-73 3.50888e-74 2.03362e-75 1.17596e-76 6.78516e-78 3.90667e-79 2.24469e-80 1.28718e-81 7.36676e-83 4.20817e-84 2.39946e-85 1.36571e-86 7.75975e-88 4.40153e-89 2.49256e-90 1.40926e-91 7.9553e-93 4.48397e-94 2.52362e-95 1.41826e-96 7.95929e-98 4.46061e-99 2.49649e-100 1.39539e-101 7.78938e-103 4.34276e-104 2.41822e-105 1.34495e-106 7.47149e-108 4.14582e-109 2.29788e-110 1.27223e-111 7.0362e-113 3.88735e-114 2.14547e-115 1.18291e-116 6.51558e-118 3.58536e-119 1.97106e-120 1.08259e-121 5.94059e-123 3.25692e-124 1.78403e-125 9.76393e-127 5.33923e-128 2.91724e-129 1.59262e-130 8.6877e-132 4.73539e-133
4.33591e-15 1.36634e-15 2.6424e-16 3.99265e-17 5.15837e-18 5.96537e-19 6.34466e-20 6.31669e-21 5.95941e-22 5.37557e-23 4.66744e-24 3.92137e-25 3.20118e-26 2.54776e-27 1.98239e-28 1.5115e-29 1.13153e-30 8.33089e-32 6.04099e-33 4.31977e-34 3.04948e-35 2.12726e-36 1.46763e-37 1.00218e-38 6.77809e-40 4.5432e-41 3.01962e-42 1.99112e-43 1.30314e-44 8.46879e-46 5.46699e-47 3.50692e-48 2.23611e-49 1.41768e-50 8.93933e-52 5.60763e-53 3.5003e-54 2.1746e-55 1.3449e-56 8.2817e-58 5.07864e-59 3.10204e-60 1.88749e-61 1.14427e-62 6.91249e-64 4.16163e-65 2.49728e-66 1.49382e-67 8.90845e-69 5.29697e-70 3.14062e-71 1.85699e-72 1.09508e-73 6.44114e-75 3.77916e-76 2.21196e-77 1.29164e-78 7.52515e-80 4.37453e-81 2.53756e-82 1.46891e-83 8.48587e-85 4.89263e-86 2.81551e-87 1.6172e-88 9.27216e-90 5.30679e-91 3.03205e-92 1.72947e-93 9.8487e-95 5.59955e-96 3.17872e-97 1.80174e-98 1.01974e-99 5.76312e-101 3.25247e-102 1.83303e-103 1.03167e-104 5.79881e-106 3.2552e-107 1.82502e-108 1.02194e-109 5.71552e-111 3.19282e-112 1.78152e-113 9.9292e-115 5.52786e-116 3.07417e-117 1.70779e-118 9.47743e-120 5.25413e-121 2.90989e-122 1.60999e-123 8.89923e-125 4.91439e-126 2.71134e-127 1.49452e-128 8.23059e-130 4.52875e-131 2.48972e-132 1.36759e-133
2.165e-16 7.34432e-17 1.50993e-17 2.40682e-18 3.26262e-19 3.94257e-20 4.36741e-21 4.51667e-22 4.41641e-23 4.12089e-24 3.69503e-25 3.20118e-26 2.69119e-27 2.20313e-28 1.76139e-29 1.3786e-30 1.05846e-31 7.98582e-33 5.92964e-34 4.33878e-35 3.13209e-36 2.23288e-37 1.57344e-38 1.09682e-39 7.56879e-41 5.17375e-42 3.50529e-43 2.3551e-44 1.56989e-45 1.03871e-46 6.82423e-48 4.4536e-49 2.8881e-50 1.86163e-51 1.1931e-52 7.60471e-54 4.82187e-55 3.04213e-56 1.91012e-57 1.19387e-58 7.42919e-60 4.60358e-61 2.84113e-62 1.7466e-63 1.06972e-64 6.52796e-66 3.96986e-67 2.40611e-68 1.45361e-69 8.75435e-71 5.25637e-72 3.14687e-73 1.87864e-74 1.11845e-75 6.64111e-77 3.9332e-78 2.32364e-79 1.36943e-80 8.05181e-82 4.7234e-83 2.76474e-84 1.61479e-85 9.41174e-87 5.47442e-88 3.17794e-89 1.84125e-90 1.06479e-91 6.14638e-93 3.5416e-94 2.03714e-95 1.16979e-96 6.70613e-98 3.83826e-99 2.19337e-100 1.25146e-101 7.1297e-103 4.05587e-104 2.30395e-105 1.30692e-106 7.40337e-108 4.18817e-109 2.36618e-110 1.33509e-111 7.52361e-113 4.23453e-114 2.38045e-115 1.33659e-116 7.49603e-118 4.19925e-119 2.34978e-120 1.31343e-121 7.33368e-123 4.09053e-124 2.27924e-125 1.2687e-126 7.05499e-128 3.91932e-129 2.17525e-130 1.20614e-131 6.68171e-133 3.69813e-134
1.08102e-17 3.92777e-18 8.55359e-19 1.43417e-19 2.03485e-20 2.56394e-21 2.95259e-22 3.16639e-23 3.20384e-24 3.08791e-25 2.85549e-26 2.54776e-27 2.20313e-28 1.85312e-29 1.52072e-30 1.22056e-31 9.60197e-33 7.41711e-34 5.63456e-35 4.21529e-36 3.10923e-37 2.26355e-38 1.62797e-39 1.15765e-40 8.14534e-42 5.67453e-43 3.91653e-44 2.67956e-45 1.81815e-46 1.22406e-47 8.18007e-49 5.42829e-50 3.57827e-51 2.34384e-52 1.52602e-53 9.87844e-55 6.35957e-56 4.07269e-57 2.59507e-58 1.64559e-59 1.03869e-60 6.52706e-62 4.08411e-63 2.54504e-64 1.5797e-65 9.76796e-67 6.01781e-68 3.69433e-69 2.26021e-70 1.37825e-71 8.37767e-73 5.07664e-74 3.06713e-75 1.8477e-76 1.10998e-77 6.64993e-79 3.97351e-80 2.36821e-81 1.40796e-82 8.35044e-84 4.94096e-85 2.91692e-86 1.7182e-87 1.00992e-88 5.92362e-90 3.46737e-91 2.02558e-92 1.18101e-93 6.87286e-95 3.99226e-96 2.31483e-97 1.33985e-98 7.74193e-100 4.46596e-101 2.572e-102 1.47888e-103 8.49015e-105 4.86672e-106 2.78553e-107 1.59201e-108 9.08583e-110 5.17816e-111 2.94709e-112 1.67505e-113 9.5081e-115 5.39016e-116 3.05185e-117 1.72579e-118 9.74739e-120 5.49887e-121 3.09852e-122 1.74398e-123 9.80484e-125 5.50636e-126 3.08902e-127 1.73108e-128 9.69091e-130 5.41962e-131 3.02788e-132 1.68998e-133 9.42338e-135
5.39774e-19 2.09133e-19 4.80875e-20 8.45925e-21 1.2535e-21 1.64374e-22 1.96443e-23 2.1812e-24 2.28057e-25 2.26747e-26 2.15982e-27 1.98239e-28 1.76139e-29 1.52072e-30 1.2797e-31 1.05234e-32 8.47515e-34 6.69719e-35 5.20109e-36 3.97524e-37 2.99387e-38 2.22422e-39 1.6316e-40 1.18281e-41 8.4804e-43 6.01753e-44 4.22857e-45 2.94435e-46 2.0325e-47 1.39162e-48 9.45474e-50 6.37661e-51 4.27072e-52 2.84138e-53 1.8785e-54 1.23445e-55 8.06553e-57 5.24082e-58 3.38746e-59 2.17848e-60 1.3942e-61 8.88128e-63 5.63224e-64 3.55645e-65 2.23641e-66 1.40072e-67 8.73936e-69 5.43242e-70 3.36471e-71 2.07681e-72 1.27759e-73 7.83385e-75 4.78847e-76 2.91808e-77 1.77303e-78 1.07423e-79 6.4904e-81 3.91091e-82 2.35045e-83 1.40903e-84 8.42592e-86 5.02658e-87 2.99168e-88 1.77652e-89 1.05261e-90 6.22337e-92 3.67176e-93 2.16189e-94 1.27036e-95 7.45037e-97 4.36117e-98 2.54814e-99 1.48614e-100 8.65224e-102 5.02861e-103 2.91767e-104 1.69008e-105 9.7742e-107 5.64377e-108 3.25379e-109 1.87307e-110 1.07666e-111 6.1798e-113 3.54206e-114 2.02739e-115 1.15885e-116 6.61519e-118 3.77129e-119 2.14725e-120 1.22104e-121 6.93501e-123 3.93404e-124 2.22904e-125 1.26152e-126 7.13138e-128 4.02689e-129 2.27137e-130 1.27979e-131 7.20329e-133 4.05015e-134 2.27493e-135
2.69519e-20 1.10922e-20 2.68529e-21 4.94462e-22 7.63713e-23 1.04046e-23 1.28845e-24 1.47916e-25 1.59605e-26 1.63506e-27 1.60248e-28 1.5115e-29 1.3786e-30 1.22056e-31 1.05234e-32 8.85899e-34 7.29834e-35 5.89542e-36 4.67714e-37 3.64965e-38 2.80465e-39 2.12497e-40 1.58893e-41 1.1736e-42 8.56926e-44 6.18997e-45 4.42625e-46 3.13503e-47 2.20059e-48 1.53158e-49 1.0574e-50 7.24463e-52 4.92761e-53 3.32852e-54 2.23359e-55 1.48944e-56 9.87256e-58 6.5064e-59 4.26442e-60 2.78027e-61 1.80349e-62 1.1642e-63 7.48018e-65 4.78456e-66 3.04712e-67 1.93252e-68 1.2207e-69 7.68082e-71 4.81477e-72 3.00724e-73 1.8717e-74 1.161e-75 7.17793e-77 4.42368e-78 2.71787e-79 1.66484e-80 1.01685e-81 6.19323e-83 3.76173e-84 2.27878e-85 1.37687e-86 8.29839e-88 4.9892e-89 2.99249e-90 1.79072e-91 1.06916e-92 6.36942e-94 3.7864e-95 2.24617e-96 1.32976e-97 7.85669e-99 4.63298e-100 2.72682e-101 1.60195e-102 9.39406e-104 5.49907e-105 3.21346e-106 1.87466e-107 1.09183e-108 6.34864e-110 3.6857e-111 2.13641e-112 1.23649e-113 7.1458e-115 4.12362e-116 2.37622e-117 1.36737e-118 7.85763e-120 4.50934e-121 2.58441e-122 1.47928e-123 8.45643e-125 4.82818e-126 2.75328e-127 1.56818e-128 8.92138e-130 5.06951e-131 2.87745e-132 1.63141e-133 9.23946e-135 5.22711e-136
1.34576e-21 5.86296e-22 1.49053e-22 2.86694e-23 4.6073e-24 6.51095e-25 8.3429e-26 9.89012e-27 1.10004e-27 1.15989e-28 1.16847e-29 1.13153e-30 1.05846e-31 9.60197e-33 8.47515e-34 7.29834e-35 6.14609e-36 5.07148e-37 4.10749e-38 3.2702e-39 2.56269e-40 1.979e-41 1.50753e-42 1.13386e-43 8.42707e-45 6.19361e-46 4.50454e-47 3.24385e-48 2.31427e-49 1.63655e-50 1.14765e-51 7.98439e-53 5.51305e-54 3.77938e-55 2.5732e-56 1.74054e-57 1.16999e-58 7.81774e-60 5.19389e-61 3.43178e-62 2.25557e-63 1.47501e-64 9.59883e-66 6.21737e-67 4.009e-68 2.57381e-69 1.64548e-70 1.04774e-71 6.64526e-73 4.19884e-74 2.64337e-75 1.65825e-76 1.0367e-77 6.45972e-79 4.01214e-80 2.48417e-81 1.53345e-82 9.43806e-84 5.79232e-85 3.545e-86 2.16375e-87 1.31722e-88 7.99829e-90 4.84458e-91 2.92727e-92 1.76459e-93 1.06127e-94 6.36843e-96 3.8132e-97 2.27835e-98 1.35846e-99 8.08329e-101 4.8003e-102 2.84516e-103 1.68314e-104 9.93873e-106 5.85806e-107 3.44674e-108 2.02446e-109 1.18707e-110 6.94897e-112 4.06126e-113 2.36979e-114 1.38064e-115 8.03141e-117 4.66501e-118 2.70568e-119 1.56703e-120 9.06288e-122 5.23426e-123 3.01895e-124 1.73892e-125 1.00032e-126 5.74696e-128 3.29757e-129 1.88979e-130 1.0817e-131 6.18423e-133 3.53147e-134 2.01431e-135 1.14764e-136
6.71961e-23 3.08948e-23 8.22916e-24 1.65022e-24 2.75482e-25 4.03249e-26 5.33972e-27 6.52878e-28 7.4774e-29 8.10672e-30 8.38665e-31 8.33089e-32 7.98582e-33 7.41711e-34 6.69719e-35 5.89542e-36 5.07148e-37 4.27207e-38 3.53014e-39 2.8659e-40 2.28893e-41 1.80061e-42 1.39664e-43 1.06914e-44 8.08417e-46 6.04255e-47 4.46774e-48 3.26971e-49 2.36991e-50 1.70209e-51 1.21191e-52 8.55823e-54 5.99652e-55 4.17042e-56 2.87989e-57 1.97527e-58 1.34606e-59 9.11603e-61 6.13717e-62 4.10824e-63 2.73506e-64 1.81133e-65 1.19352e-66 7.82624e-68 5.10787e-69 3.31867e-70 2.14682e-71 1.38293e-72 8.87233e-74 5.66982e-75 3.60952e-76 2.28945e-77 1.44699e-78 9.11379e-80 5.72108e-81 3.5797e-82 2.23277e-83 1.3884e-84 8.60777e-86 5.32122e-87 3.28028e-88 2.01662e-89 1.23646e-90 7.56152e-92 4.61257e-93 2.80678e-94 1.70386e-95 1.03191e-96 6.23537e-98 3.75937e-99 2.26165e-100 1.35773e-101 8.13401e-103 4.86313e-104 2.90181e-105 1.72816e-106 1.02725e-107 6.09493e-109 3.60973e-110 2.13409e-111 1.2595e-112 7.42076e-114 4.36493e-115 2.5633e-116 1.5029e-117 8.79801e-119 5.14248e-120 3.00131e-121 1.74908e-122 1.01784e-123 5.91477e-125 3.43236e-126 1.98909e-127 1.15116e-128 6.65348e-130 3.84062e-131 2.21413e-132 1.27487e-133 7.33156e-135 4.21121e-136 2.41604e-137
3.35522e-24 1.62352e-24 4.52126e-25 9.43631e-26 1.63392e-26 2.47413e-27 3.38164e-28 4.25994e-29 5.01883e-30 5.58967e-31 5.93333e-32 6.04099e-33 5.92964e-34 5.63456e-35 5.20109e-36 4.67714e-37 4.10749e-38 3.53014e-39 2.97448e-40 2.46102e-41 2.0022e-42 1.60367e-43 1.26594e-44 9.85859e-46 7.58058e-47 5.75988e-48 4.3277e-49 3.21744e-50 2.36826e-51 1.72682e-52 1.24789e-53 8.94156e-55 6.35534e-56 4.4825e-57 3.13843e-58 2.18202e-59 1.50694e-60 1.03406e-61 7.0522e-63 4.78127e-64 3.22331e-65 2.16122e-66 1.44153e-67 9.56664e-69 6.31812e-70 4.1532e-71 2.7178e-72 1.77075e-73 1.14886e-74 7.4235e-76 4.77791e-77 3.06344e-78 1.95693e-79 1.24562e-80 7.9011e-82 4.99488e-83 3.14733e-84 1.97687e-85 1.23787e-86 7.72797e-88 4.81049e-89 2.98593e-90 1.84829e-91 1.14101e-92 7.02542e-94 4.31464e-95 2.64323e-96 1.61537e-97 9.84869e-99 5.99075e-100 3.63583e-101 2.20175e-102 1.33045e-103 8.02263e-105 4.82771e-106 2.8993e-107 1.73776e-108 1.03957e-109 6.20728e-111 3.69955e-112 2.20097e-113 1.30711e-114 7.74929e-116 4.58644e-117 2.71e-118 1.59867e-119 9.41573e-121 5.53697e-122 3.25106e-123 1.90601e-124 1.1158e-125 6.52256e-127 3.80745e-128 2.21945e-129 1.292e-130 7.51094e-132 4.36069e-133 2.52844e-134 1.46419e-135 8.46835e-137 4.89177e-138
1.67532e-25 8.51042e-26 2.47315e-26 5.36363e-27 9.61989e-28 1.50504e-28 2.12099e-29 2.75007e-30 3.32987e-31 3.80655e-32 4.14256e-33 4.31977e-34 4.33878e-35 4.21529e-36 3.97524e-37 3.64965e-38 3.2702e-39 2.8659e-40 2.46102e-41 2.07413e-42 1.71806e-43 1.40043e-44 1.12459e-45 8.90551e-47 6.96061e-48 5.37412e-49 4.1016e-50 3.09651e-51 2.3138e-52 1.71218e-53 1.25536e-54 9.12386e-56 6.5761e-57 4.70229e-58 3.33703e-59 2.35109e-60 1.64503e-61 1.14341e-62 7.8972e-64 5.42126e-65 3.69989e-66 2.51094e-67 1.69487e-68 1.13808e-69 7.60386e-71 5.05584e-72 3.346e-73 2.20445e-74 1.44604e-75 9.44568e-77 6.14489e-78 3.98181e-79 2.57032e-80 1.65304e-81 1.05929e-82 6.7645e-84 4.3051e-85 2.73088e-86 1.72676e-87 1.08846e-88 6.8404e-90 4.28619e-91 2.67804e-92 1.6686e-93 1.03683e-94 6.42559e-96 3.97189e-97 2.44899e-98 1.5063e-99 9.24261e-101 5.65798e-102 3.4557e-103 2.10591e-104 1.28055e-105 7.77014e-107 4.70495e-108 2.84312e-109 1.71463e-110 1.03204e-111 6.20004e-113 3.71775e-114 2.22521e-115 1.32948e-116 7.92922e-118 4.72097e-119 2.80607e-120 1.66513e-121 9.86493e-123 5.8351e-124 3.44608e-125 2.03206e-126 1.19646e-127 7.03421e-129 4.12958e-130 2.42091e-131 1.41725e-132 8.28546e-134 4.8373e-135 2.82043e-136 1.64233e-137 9.55109e-139
8.36519e-27 4.45108e-27 1.3474e-27 3.03205e-28 5.62574e-29 9.08354e-30 1.31854e-30 1.75805e-31 2.18589e-32 2.56277e-33 2.85727e-34 3.04948e-35 3.13209e-36 3.10923e-37 2.99387e-38 2.80465e-39 2.56269e-40 2.28893e-41 2.0022e-42 1.71806e-43 1.44827e-44 1.20088e-45 9.80572e-47 7.89279e-48 6.26828e-49 4.91574e-50 3.80957e-51 2.91946e-52 2.21379e-53 1.66196e-54 1.2359e-55 9.10809e-57 6.65495e-58 4.82294e-59 3.4681e-60 2.47534e-61 1.75422e-62 1.23472e-63 8.63408e-65 5.99981e-66 4.1442e-67 2.84596e-68 1.94355e-69 1.32018e-70 8.92115e-72 5.99851e-73 4.01397e-74 2.67353e-75 1.77273e-76 1.17034e-77 7.69403e-79 5.03762e-80 3.28536e-81 2.13441e-82 1.38153e-83 8.90997e-85 5.7263e-86 3.66771e-87 2.34143e-88 1.48996e-89 9.45167e-91 5.97755e-92 3.76922e-93 2.36989e-94 1.48588e-95 9.29079e-97 5.79377e-98 3.60362e-99 2.2357e-100 1.3836e-101 8.54192e-103 5.26108e-104 3.23289e-105 1.9821e-106 1.21256e-107 7.40189e-109 4.50885e-110 2.7409e-111 1.66281e-112 1.00678e-113 6.08391e-115 3.66952e-116 2.20917e-117 1.32757e-118 7.96366e-120 4.76879e-121 2.85075e-122 1.7013e-123 1.01365e-124 6.02962e-126 3.581e-127 2.12345e-128 1.25724e-129 7.43257e-131 4.38754e-132 2.58628e-133 1.52234e-134 8.94833e-136 5.25262e-137 3.0791e-138 1.80259e-139
4.17689e-28 2.3232e-28 7.31391e-29 1.70541e-29 3.26962e-30 5.44276e-31 8.13013e-32 1.11376e-32 1.42089e-33 1.70726e-34 1.9487e-35 2.12726e-36 2.23288e-37 2.26355e-38 2.22422e-39 2.12497e-40 1.979e-41 1.80061e-42 1.60367e-43 1.40043e-44 1.20088e-45 1.0125e-46 8.40332e-48 6.87257e-49 5.54375e-50 4.41437e-51 3.47252e-52 2.70042e-53 2.07731e-54 1.58164e-55 1.19255e-56 8.90886e-58 6.59687e-59 4.84401e-60 3.52851e-61 2.55065e-62 1.83032e-63 1.30424e-64 9.23138e-66 6.49191e-67 4.53718e-68 3.15217e-69 2.17742e-70 1.49581e-71 1.02211e-72 6.94842e-74 4.70026e-75 3.16429e-76 2.12042e-77 1.41455e-78 9.39583e-80 6.2148e-81 4.09404e-82 2.68636e-83 1.75595e-84 1.14353e-85 7.42024e-87 4.79805e-88 3.09195e-89 1.98592e-90 1.27143e-91 8.11444e-93 5.16297e-94 3.27528e-95 2.07176e-96 1.30678e-97 8.21994e-99 5.15666e-100 3.22648e-101 2.01362e-102 1.25355e-103 7.78472e-105 4.82291e-106 2.98101e-107 1.83835e-108 1.13116e-109 6.94503e-111 4.25498e-112 2.60144e-113 1.58724e-114 9.66503e-116 5.87371e-117 3.56277e-118 2.15698e-119 1.30348e-120 7.8628e-122 4.73457e-123 2.84597e-124 1.70781e-125 1.02311e-126 6.11914e-128 3.65393e-129 2.17843e-130 1.29674e-131 7.70728e-133 4.57402e-134 2.71054e-135 1.60394e-136 9.47765e-138 5.59253e-139 3.29549e-140
2.0856e-29 1.2103e-29 3.95673e-30 9.54804e-31 1.88943e-31 3.2395e-32 4.97526e-33 6.99714e-34 9.15245e-35 1.12625e-35 1.31524e-36 1.46763e-37 1.57344e-38 1.62797e-39 1.6316e-40 1.58893e-41 1.50753e-42 1.39664e-43 1.26594e-44 1.12459e-45 9.80572e-47 8.40332e-48 7.08632e-49 5.88639e-50 4.82111e-51 3.89662e-52 3.11034e-53 2.45366e-54 1.9142e-55 1.47768e-56 1.12936e-57 8.54973e-59 6.41425e-60 4.77084e-61 3.51942e-62 2.57592e-63 1.87123e-64 1.34956e-65 9.6663e-67 6.87777e-68 4.86261e-69 3.41689e-70 2.38689e-71 1.65794e-72 1.14532e-73 7.87036e-75 5.38079e-76 3.66065e-77 2.47858e-78 1.6705e-79 1.12087e-80 7.48834e-82 4.98194e-83 3.30102e-84 2.17866e-85 1.43241e-86 9.38286e-88 6.12401e-89 3.98302e-90 2.58172e-91 1.66788e-92 1.07403e-93 6.89449e-95 4.41223e-96 2.81525e-97 1.79107e-98 1.13625e-99 7.18842e-101 4.53543e-102 2.85403e-103 1.79135e-104 1.12152e-105 7.00435e-107 4.364e-108 2.71257e-109 1.6822e-110 1.04088e-111 6.42637e-113 3.9591e-114 2.43395e-115 1.49325e-116 9.14268e-118 5.58669e-119 3.40716e-120 2.07398e-121 1.26011e-122 7.64216e-124 4.62643e-125 2.79583e-126 1.68666e-127 1.0158e-128 6.10752e-130 3.66618e-131 2.19718e-132 1.31473e-133 7.85477e-135 4.68567e-136 2.79101e-137 1.66002e-138 9.85918e-140 5.84725e-141
1.04138e-30 6.29428e-31 2.13389e-31 5.32281e-32 1.08609e-32 1.91622e-33 3.02333e-34 4.36188e-35 5.84572e-36 7.36232e-37 8.79117e-38 1.00218e-38 1.09682e-39 1.15765e-40 1.18281e-41 1.1736e-42 1.13386e-43 1.06914e-44 9.85859e-46 8.90551e-47 7.89279e-48 6.87257e-49 5.88639e-50 4.96463e-51 4.1272e-52 3.38479e-53 2.7407e-54 2.19259e-55 1.73421e-56 1.35694e-57 1.05091e-58 8.06023e-60 6.12495e-61 4.6134e-62 3.4457e-63 2.5529e-64 1.8769e-65 1.36975e-66 9.92583e-68 7.14395e-69 5.10826e-70 3.62977e-71 2.56365e-72 1.80014e-73 1.25695e-74 8.72917e-76 6.03054e-77 4.14518e-78 2.83535e-79 1.93026e-80 1.30809e-81 8.8253e-83 5.92864e-84 3.96616e-85 2.64258e-86 1.75379e-87 1.15951e-88 7.63761e-90 5.01275e-91 3.27848e-92 2.13691e-93 1.38822e-94 8.98931e-96 5.80264e-97 3.73415e-98 2.39583e-99 1.53269e-100 9.7772e-102 6.21967e-103 3.94585e-104 2.49668e-105 1.57566e-106 9.91882e-108 6.22851e-109 3.90174e-110 2.4384e-111 1.52036e-112 9.4581e-114 5.87082e-115 3.63623e-116 2.2474e-117 1.38614e-118 8.53189e-120 5.24103e-121 3.21319e-122 1.96617e-123 1.20085e-124 7.32073e-126 4.45484e-127 2.70606e-128 1.64091e-129 9.93316e-131 6.00288e-132 3.62172e-133 2.18155e-134 1.31196e-135 7.8777e-137 4.7229e-138 2.82723e-139 1.68993e-140 1.00865e-141
5.19978e-32 3.26821e-32 1.14752e-32 2.9556e-33 6.2125e-34 1.12696e-34 1.82524e-35 2.69951e-36 3.70436e-37 4.77203e-38 5.82304e-39 6.77809e-40 7.56879e-41 8.14534e-42 8.4804e-43 8.56926e-44 8.42707e-45 8.08417e-46 7.58058e-47 6.96061e-48 6.26828e-49 5.54375e-50 4.82111e-51 4.1272e-52 3.48142e-53 2.89625e-54 2.37819e-55 1.92888e-56 1.54633e-57 1.22604e-58 9.61959e-60 7.47278e-61 5.75029e-62 4.38501e-63 3.31515e-64 2.48573e-65 1.84917e-66 1.36525e-67 1.00069e-68 7.28388e-70 5.26646e-71 3.78338e-72 2.70115e-73 1.91702e-74 1.3527e-75 9.49219e-77 6.62522e-78 4.60026e-79 3.17825e-80 2.18518e-81 1.49536e-82 1.01865e-83 6.90865e-85 4.66554e-86 3.13767e-87 2.10166e-88 1.40222e-89 9.32004e-91 6.17181e-92 4.07234e-93 2.67766e-94 1.75463e-95 1.14597e-96 7.4603e-98 4.84139e-99 3.13219e-100 2.02033e-101 1.29935e-102 8.33281e-104 5.32898e-105 3.39871e-106 2.16186e-107 1.37155e-108 8.67947e-110 5.47891e-111 3.45016e-112 2.16746e-113 1.35847e-114 8.49495e-116 5.30032e-117 3.29985e-118 2.05001e-119 1.27089e-120 7.8626e-122 4.85456e-123 2.9914e-124 1.83974e-125 1.12931e-126 6.9193e-128 4.2317e-129 2.58338e-130 1.57432e-131 9.57743e-133 5.81655e-134 3.5266e-135 2.13469e-136 1.29007e-137 7.78402e-139 4.68941e-140 2.82077e-141 1.69419e-142
2.59634e-33 1.69447e-33 6.15444e-34 1.63513e-34 3.53736e-35 6.59234e-36 1.09523e-36 1.65943e-37 2.33016e-38 3.0686e-39 3.82444e-40 4.5432e-41 5.17375e-42 5.67453e-43 6.01753e-44 6.18997e-45 6.19361e-46 6.04255e-47 5.75988e-48 5.37412e-49 4.91574e-50 4.41437e-51 3.89662e-52 3.38479e-53 2.89625e-54 2.4434e-55 2.03406e-56 1.67212e-57 1.35832e-58 1.09103e-59 8.67006e-61 6.82004e-62 5.31304e-63 4.10096e-64 3.13758e-65 2.38036e-66 1.79136e-67 1.33772e-68 9.91572e-70 7.29776e-71 5.33434e-72 3.87357e-73 2.79504e-74 2.00452e-75 1.42914e-76 1.01314e-77 7.14293e-79 5.00932e-80 3.49503e-81 2.42642e-82 1.67645e-83 1.1529e-84 7.89278e-86 5.37978e-87 3.65133e-88 2.46799e-89 1.66148e-90 1.11417e-91 7.44318e-93 4.9541e-94 3.28558e-95 2.17141e-96 1.43018e-97 9.38857e-99 6.14333e-100 4.00717e-101 2.60577e-102 1.68939e-103 1.09208e-104 7.03934e-106 4.52478e-107 2.90052e-108 1.85437e-109 1.18245e-110 7.52076e-112 4.77151e-113 3.01988e-114 1.90671e-115 1.20106e-116 7.54831e-118 4.73325e-119 2.96151e-120 1.84898e-121 1.15195e-122 7.16206e-124 4.44385e-125 2.75179e-126 1.70069e-127 1.04906e-128 6.45893e-130 3.96934e-131 2.43495e-132 1.49103e-133 9.11438e-135 5.56187e-136 3.38831e-137 2.06075e-138 1.25129e-139 7.58575e-141 4.5915e-142 2.77485e-143
1.2964e-34 8.77332e-35 3.2926e-35 9.01497e-36 2.00556e-36 3.83698e-37 6.53451e-38 1.01364e-38 1.45565e-39 1.95859e-40 2.4919e-41 3.01962e-42 3.50529e-43 3.91653e-44 4.22857e-45 4.42625e-46 4.50454e-47 4.46774e-48 4.3277e-49 4.1016e-50 3.80957e-51 3.47252e-52 3.11034e-53 2.7407e-54 2.37819e-55 2.03406e-56 1.71623e-57 1.42959e-58 1.17644e-59 9.57046e-61 7.70102e-62 6.13269e-63 4.83567e-64 3.77714e-65 2.92386e-66 2.24393e-67 1.70797e-68 1.28978e-69 9.66634e-71 7.19193e-72 5.3136e-73 3.8995e-74 2.84324e-75 2.06018e-76 1.48381e-77 1.0625e-78 7.56547e-80 5.35779e-81 3.77446e-82 2.64556e-83 1.84519e-84 1.28084e-85 8.84988e-87 6.08741e-88 4.16905e-89 2.84319e-90 1.93103e-91 1.30629e-92 8.80242e-94 5.90914e-95 3.9523e-96 2.63403e-97 1.74935e-98 1.15786e-99 7.63829e-101 5.02266e-102 3.29232e-103 2.15147e-104 1.40172e-105 9.10579e-107 5.89832e-108 3.80999e-109 2.45432e-110 1.5768e-111 1.01038e-112 6.45777e-114 4.11712e-115 2.61842e-116 1.66128e-117 1.05154e-118 6.64063e-120 4.18421e-121 2.63062e-122 1.65029e-123 1.0331e-124 6.45386e-126 4.02355e-127 2.50339e-128 1.55451e-129 9.63435e-131 5.95974e-132 3.6798e-133 2.26793e-134 1.39526e-135 8.56869e-137 5.25318e-138 3.21508e-139 1.96442e-140 1.1983e-141 7.29782e-143 4.43743e-144
6.47317e-36 4.53674e-36 1.75746e-36 4.95431e-37 1.13255e-37 2.22277e-38 3.87792e-39 6.15504e-40 9.03463e-41 1.24138e-41 1.61155e-42 1.99112e-43 2.3551e-44 2.67956e-45 2.94435e-46 3.13503e-47 3.24385e-48 3.26971e-49 3.21744e-50 3.09651e-51 2.91946e-52 2.70042e-53 2.45366e-54 2.19259e-55 1.92888e-56 1.67212e-57 1.42959e-58 1.20634e-59 1.00543e-60 8.28209e-62 6.74662e-63 5.43789e-64 4.33901e-65 3.42902e-66 2.68508e-67 2.08413e-68 1.60413e-69 1.22475e-70 9.27892e-72 6.97779e-73 5.20997e-74 3.86338e-75 2.84593e-76 2.08309e-77 1.51538e-78 1.09585e-79 7.87936e-81 5.63404e-82 4.00699e-83 2.83505e-84 1.99581e-85 1.39816e-86 9.74865e-88 6.76611e-89 4.6752e-90 3.2165e-91 2.20365e-92 1.50358e-93 1.02185e-94 6.91783e-96 4.66571e-97 3.13527e-98 2.09934e-99 1.40081e-100 9.31549e-102 6.1744e-103 4.07927e-104 2.6866e-105 1.76396e-106 1.1547e-107 7.53667e-109 4.90505e-110 3.1834e-111 2.06039e-112 1.32997e-113 8.56248e-115 5.49847e-116 3.52204e-117 2.2505e-118 1.43456e-119 9.12292e-121 5.78824e-122 3.66417e-123 2.31441e-124 1.45868e-125 9.17388e-127 5.75754e-128 3.60603e-129 2.25396e-130 1.40606e-131 8.75425e-133 5.44009e-134 3.37427e-135 2.08908e-136 1.29106e-137 7.96463e-139 4.90488e-140 3.01541e-141 1.85068e-142 1.13396e-143 6.93676e-145
3.23217e-37 2.3432e-37 9.36033e-38 2.71455e-38 6.37164e-39 1.28198e-39 2.28983e-40 3.71665e-41 5.5733e-42 7.81633e-43 1.03489e-43 1.30314e-44 1.56989e-45 1.81815e-46 2.0325e-47 2.20059e-48 2.31427e-49 2.36991e-50 2.36826e-51 2.3138e-52 2.21379e-53 2.07731e-54 1.9142e-55 1.73421e-56 1.54633e-57 1.35832e-58 1.17644e-59 1.00543e-60 8.48515e-62 7.07576e-63 5.83385e-64 4.75826e-65 3.84126e-66 3.0707e-67 2.43182e-68 1.90868e-69 1.48527e-70 1.14633e-71 8.77772e-73 6.67057e-74 5.03244e-75 3.77006e-76 2.80533e-77 2.07392e-78 1.5236e-79 1.11254e-80 8.07643e-82 5.8299e-83 4.18528e-84 2.98871e-85 2.1233e-86 1.50099e-87 1.05596e-88 7.39401e-90 5.15394e-91 3.57668e-92 2.47148e-93 1.70068e-94 1.16553e-95 7.95632e-97 5.41041e-98 3.66541e-99 2.47417e-100 1.66416e-101 1.11546e-102 7.45152e-104 4.96139e-105 3.29279e-106 2.17851e-107 1.43689e-108 9.44893e-110 6.19541e-111 4.05054e-112 2.64082e-113 1.71702e-114 1.11339e-115 7.20077e-117 4.64511e-118 2.98896e-119 1.91856e-120 1.22852e-121 7.84807e-123 5.00192e-124 3.18071e-125 2.01811e-126 1.27766e-127 8.07153e-129 5.08843e-130 3.20122e-131 2.00987e-132 1.25938e-133 7.87585e-135 4.91593e-136 3.06264e-137 1.90451e-138 1.18217e-139 7.32492e-141 4.53067e-142 2.79751e-143 1.72442e-144 1.06119e-145
1.61388e-38 1.20891e-38 4.97528e-39 1.48315e-39 3.57202e-40 7.36318e-41 1.34571e-41 2.23247e-42 3.41833e-43 4.89104e-44 6.60173e-45 8.46879e-46 1.03871e-46 1.22406e-47 1.39162e-48 1.53158e-49 1.63655e-50 1.70209e-51 1.72682e-52 1.71218e-53 1.66196e-54 1.58164e-55 1.47768e-56 1.35694e-57 1.22604e-58 1.09103e-59 9.57046e-61 8.28209e-62 7.07576e-63 5.97201e-64 4.98252e-65 4.11152e-66 3.35743e-67 2.71438e-68 2.17365e-69 1.72481e-70 1.35675e-71 1.05831e-72 8.18913e-74 6.2879e-75 4.79233e-76 3.62646e-77 2.72539e-78 2.03466e-79 1.50929e-80 1.11267e-81 8.15394e-83 5.94099e-84 4.30451e-85 3.10198e-86 2.2237e-87 1.58602e-88 1.12565e-89 7.95095e-91 5.59011e-92 3.91258e-93 2.72649e-94 1.89189e-95 1.30734e-96 8.99764e-98 6.1683e-99 4.21252e-100 2.86616e-101 1.94304e-102 1.31259e-103 8.83636e-105 5.92865e-106 3.9647e-107 2.64284e-108 1.75618e-109 1.16342e-110 7.68427e-112 5.06055e-113 3.32315e-114 2.17613e-115 1.42112e-116 9.25577e-118 6.01248e-119 3.89563e-120 2.51773e-121 1.62319e-122 1.04395e-123 6.69822e-125 4.28777e-126 2.73851e-127 1.74513e-128 1.10966e-129 7.0407e-131 4.45786e-132 2.81668e-133 1.77609e-134 1.1177e-135 7.01998e-137 4.40057e-138 2.75334e-139 1.7195e-140 1.07189e-141 6.6699e-143 4.14306e-144 2.56902e-145 1.59028e-146
8.0584e-40 6.23057e-40 2.63947e-40 8.08206e-41 1.99588e-41 4.21257e-42 7.87335e-43 1.33432e-43 2.08523e-44 3.04261e-45 4.18493e-46 5.46699e-47 6.82423e-48 8.18007e-49 9.45474e-50 1.0574e-50 1.14765e-51 1.21191e-52 1.24789e-53 1.25536e-54 1.2359e-55 1.19255e-56 1.12936e-57 1.05091e-58 9.61959e-60 8.67006e-61 7.70102e-62 6.74662e-63 5.83385e-64 4.98252e-65 4.20568e-66 3.51047e-67 2.89912e-68 2.37001e-69 1.91873e-70 1.53901e-71 1.2235e-72 9.64412e-74 7.53985e-75 5.84852e-76 4.5024e-77 3.44095e-78 2.61136e-79 1.96842e-80 1.47413e-81 1.09703e-82 8.11436e-84 5.96671e-85 4.36256e-86 3.17214e-87 2.29427e-88 1.65077e-89 1.18181e-90 8.41961e-92 5.97009e-93 4.2138e-94 2.96092e-95 2.07153e-96 1.44319e-97 1.00131e-98 6.91947e-100 4.76305e-101 3.26623e-102 2.23152e-103 1.51909e-104 1.03048e-105 6.96628e-107 4.69358e-108 3.15199e-109 2.10996e-110 1.40801e-111 9.36723e-113 6.21323e-114 4.10917e-115 2.70987e-116 1.78208e-117 1.16874e-118 7.64442e-120 4.9869e-121 3.24488e-122 2.10607e-123 1.36357e-124 8.80698e-126 5.67476e-127 3.64803e-128 2.33979e-129 1.49735e-130 9.56127e-132 6.09216e-133 3.87354e-134 2.45778e-135 1.55629e-136 9.83484e-138 6.20283e-139 3.90456e-140 2.45317e-141 1.53841e-142 9.62985e-144 6.01703e-145 3.75296e-146 2.33672e-147
4.02371e-41 3.20804e-41 1.39778e-41 4.39312e-42 1.11173e-42 2.40116e-43 4.58707e-44 7.93773e-45 1.26549e-45 1.88224e-46 2.63713e-47 3.50692e-48 4.4536e-49 5.42829e-50 6.37661e-51 7.24463e-52 7.98439e-53 8.55823e-54 8.94156e-55 9.12386e-56 9.10809e-57 8.90886e-58 8.54973e-59 8.06023e-60 7.47278e-61 6.82004e-62 6.13269e-63 5.43789e-64 4.75826e-65 4.11152e-66 3.51047e-67 2.96339e-68 2.47461e-69 2.04519e-70 1.67366e-71 1.35674e-72 1.08992e-73 8.68004e-75 6.85535e-76 5.37107e-77 4.17588e-78 3.22267e-79 2.46936e-80 1.87915e-81 1.42054e-82 1.06699e-83 7.96479e-85 5.90996e-86 4.3599e-87 3.19837e-88 2.33355e-89 1.69362e-90 1.2229e-91 8.78637e-93 6.28253e-94 4.47121e-95 3.16766e-96 2.23424e-97 1.5691e-98 1.09736e-99 7.64324e-101 5.30247e-102 3.66435e-103 2.52276e-104 1.73043e-105 1.1827e-106 8.05509e-108 5.4674e-109 3.69862e-110 2.4939e-111 1.67624e-112 1.12314e-113 7.50261e-115 4.99682e-116 3.31825e-117 2.19727e-118 1.45093e-119 9.55473e-121 6.27521e-122 4.11053e-123 2.68566e-124 1.75029e-125 1.13788e-126 7.37956e-128 4.77456e-129 3.08194e-130 1.98482e-131 1.2754e-132 8.17737e-134 5.2317e-135 3.34003e-136 2.12791e-137 1.35291e-138 8.58436e-140 5.43613e-141 3.43581e-142 2.1674e-143 1.36469e-144 8.57688e-146 5.38066e-147 3.36951e-148
