0.99688 0.000155634 0.000139928 0.000125817 0.00011314 0.000101748 9.15115e-05 8.23117e-05 7.4043e-05 6.66105e-05 5.9929e-05 5.3922e-05 4.85209e-05 4.36642e-05 3.92964e-05 3.5368e-05 3.18344e-05 2.86554e-05 2.57952e-05 2.32214e-05 2.09049e-05 1.88198e-05 1.69424e-05 1.52518e-05 1.37289e-05 1.23568e-05 1.11199e-05 1.00047e-05 8.99844e-06 8.09007e-06 7.28843e-06
0.000155634 1.39304e-07 1.25195e-07 1.12511e-07 1.01104e-07 9.0843e-08 8.16097e-08 7.32977e-08 6.58114e-08 5.9065e-08 5.29815e-08 4.74913e-08 4.25322e-08 3.80477e-08 3.39871e-08 3.03046e-08 2.69588e-08 2.39121e-08 2.11305e-08 1.8583e-08 1.62415e-08 1.40799e-08 1.20747e-08 1.02039e-08 8.4474e-09 6.78617e-09 5.20255e-09 3.67981e-09 2.20206e-09 7.54024e-10 6.78906e-10
0.000139928 1.25195e-07 1.12498e-07 1.01081e-07 9.08128e-08 8.15736e-08 7.32572e-08 6.57678e-08 5.90194e-08 5.29347e-08 4.74442e-08 4.24853e-08 3.80016e-08 3.39421e-08 3.02611e-08 2.6917e-08 2.38723e-08 2.10928e-08 1.85475e-08 1.62083e-08 1.40492e-08 1.20464e-08 1.01782e-08 8.42429e-09 6.76573e-09 5.18484e-09 3.66493e-09 2.1901e-09 7.45097e-10 6.69977e-10 6.03241e-10
0.000125817 1.12511e-07 1.01081e-07 9.08028e-08 8.15556e-08 7.32329e-08 6.57387e-08 5.89868e-08 5.28997e-08 4.74076e-08 4.24478e-08 3.79638e-08 3.39046e-08 3.02243e-08 2.68812e-08 2.38377e-08 2.10597e-08 1.85162e-08 1.61787e-08 1.40216e-08 1.20209e-08 1.01548e-08 8.40315e-09 6.74692e-09 5.16845e-09 3.65105e-09 2.17884e-09 7.36581e-10 6.62308e-10 5.95533e-10 5.3622e-10
0.00011314 1.01104e-07 9.08128e-08 8.15556e-08 7.32248e-08 6.57242e-08 5.89673e-08 5.28763e-08 4.73814e-08 4.24197e-08 3.79345e-08 3.38746e-08 3.01942e-08 2.68513e-08 2.38085e-08 2.10314e-08 1.84889e-08 1.61528e-08 1.39972e-08 1.19981e-08 1.01339e-08 8.38404e-09 6.7298e-09 5.15343e-09 3.63824e-09 2.16835e-09 7.28553e-10 6.55008e-10 5.88959e-10 5.29578e-10 4.7684e-10
0.000101748 9.0843e-08 8.15736e-08 7.32329e-08 6.57242e-08 5.89607e-08 5.28646e-08 4.73657e-08 4.24009e-08 3.79135e-08 3.38521e-08 3.01707e-08 2.68274e-08 2.37845e-08 2.10077e-08 1.84659e-08 1.61306e-08 1.3976e-08 1.19782e-08 1.01153e-08 8.36698e-09 6.7144e-09 5.13981e-09 3.62653e-09 2.15869e-09 7.21079e-10 6.48147e-10 5.82717e-10 5.23957e-10 4.71129e-10 4.24217e-10
9.15115e-05 8.16097e-08 7.32572e-08 6.57387e-08 5.89673e-08 5.28646e-08 4.73605e-08 4.23916e-08 3.79009e-08 3.38371e-08 3.01539e-08 2.68095e-08 2.37659e-08 2.09888e-08 1.8447e-08 1.6112e-08 1.3958e-08 1.1961e-08 1.00991e-08 8.35201e-09 6.70075e-09 5.12764e-09 3.61598e-09 2.1499e-09 7.14207e-10 6.41784e-10 5.7687e-10 5.18633e-10 4.66334e-10 4.19316e-10 3.77568e-10
8.23117e-05 7.32977e-08 6.57678e-08 5.89868e-08 5.28763e-08 4.73657e-08 4.23916e-08 3.78967e-08 3.38296e-08 3.01439e-08 2.67975e-08 2.37525e-08 2.09745e-08 1.84323e-08 1.60972e-08 1.39433e-08 1.19467e-08 1.00854e-08 8.33915e-09 6.68889e-09 5.11695e-09 3.60662e-09 2.14202e-09 7.07977e-10 6.35962e-10 5.71469e-10 5.13664e-10 4.61807e-10 4.15238e-10 3.7337e-10 3.36201e-10
7.4043e-05 6.58114e-08 5.90194e-08 5.28997e-08 4.73814e-08 4.24009e-08 3.79009e-08 3.38296e-08 3.01405e-08 2.67915e-08 2.37445e-08 2.09651e-08 1.84218e-08 1.6086e-08 1.39319e-08 1.19353e-08 1.00742e-08 8.3284e-09 6.67882e-09 5.10774e-09 3.59846e-09 2.13508e-09 7.02422e-10 6.30718e-10 5.66555e-10 5.09097e-10 4.57599e-10 4.114e-10 3.69914e-10 3.32616e-10 2.99507e-10
6.66105e-05 5.9065e-08 5.29347e-08 4.74076e-08 4.24197e-08 3.79135e-08 3.38371e-08 3.01439e-08 2.67915e-08 2.37419e-08 2.09603e-08 1.84154e-08 1.60786e-08 1.39237e-08 1.19267e-08 1.00655e-08 8.31979e-09 6.67057e-09 5.10005e-09 3.59152e-09 2.12909e-09 6.97566e-10 6.26079e-10 5.6216e-10 5.04967e-10 4.53751e-10 4.0785e-10 3.66673e-10 3.29696e-10 2.96453e-10 2.66947e-10
5.9929e-05 5.29815e-08 4.74442e-08 4.24478e-08 3.79345e-08 3.38521e-08 3.01539e-08 2.67975e-08 2.37445e-08 2.09603e-08 1.84133e-08 1.60749e-08 1.39188e-08 1.19209e-08 1.00593e-08 8.31333e-09 6.66414e-09 5.09389e-09 3.58583e-09 2.12408e-09 6.93429e-10 6.22069e-10 5.58309e-10 5.01303e-10 4.50296e-10 4.04623e-10 3.63689e-10 3.2697e-10 2.93997e-10 2.64353e-10 2.38044e-10
5.3922e-05 4.74913e-08 4.24853e-08 3.79638e-08 3.38746e-08 3.01707e-08 2.68095e-08 2.37525e-08 2.09651e-08 1.84154e-08 1.60749e-08 1.39171e-08 1.1918e-08 1.00555e-08 8.30902e-09 6.65954e-09 5.08925e-09 3.5814e-09 2.12006e-09 6.90026e-10 6.18704e-10 5.55022e-10 4.98127e-10 4.47259e-10 4.01748e-10 3.60996e-10 3.24475e-10 2.91714e-10 2.62296e-10 2.35848e-10 2.12378e-10
4.85209e-05 4.25322e-08 3.80016e-08 3.39046e-08 3.01942e-08 2.68274e-08 2.37659e-08 2.09745e-08 1.84218e-08 1.60786e-08 1.39188e-08 1.1918e-08 1.00543e-08 8.30686e-09 6.65678e-09 5.08616e-09 3.57822e-09 2.11704e-09 6.87369e-10 6.15997e-10 5.52314e-10 4.95457e-10 4.44661e-10 3.99248e-10 3.58619e-10 3.2224e-10 2.89639e-10 2.60395e-10 2.34134e-10 2.10526e-10 1.89578e-10
4.36642e-05 3.80477e-08 3.39421e-08 3.02243e-08 2.68513e-08 2.37845e-08 2.09888e-08 1.84323e-08 1.6086e-08 1.39237e-08 1.19209e-08 1.00555e-08 8.30686e-09 6.65585e-09 5.08462e-09 3.57632e-09 2.11502e-09 6.85465e-10 6.13959e-10 5.50197e-10 4.93306e-10 4.42516e-10 3.97142e-10 3.56579e-10 3.20289e-10 2.87797e-10 2.58679e-10 2.3256e-10 2.09106e-10 1.88021e-10 1.69314e-10
3.92964e-05 3.39871e-08 3.02611e-08 2.68812e-08 2.38085e-08 2.10077e-08 1.8447e-08 1.60972e-08 1.39319e-08 1.19267e-08 1.00593e-08 8.30902e-09 6.65678e-09 5.08462e-09 3.57568e-09 2.114e-09 6.8432e-10 6.12597e-10 5.48679e-10 4.91685e-10 4.40837e-10 3.95442e-10 3.5489e-10 3.18639e-10 2.86208e-10 2.57172e-10 2.31152e-10 2.07812e-10 1.86854e-10 1.68012e-10 1.51298e-10
3.5368e-05 3.03046e-08 2.6917e-08 2.38377e-08 2.10314e-08 1.84659e-08 1.6112e-08 1.39433e-08 1.19353e-08 1.00655e-08 8.31333e-09 6.65954e-09 5.08616e-09 3.57632e-09 2.114e-09 6.83938e-10 6.11915e-10 5.47766e-10 4.90601e-10 4.39631e-10 3.94159e-10 3.53565e-10 3.17304e-10 2.84889e-10 2.55892e-10 2.2993e-10 2.06665e-10 1.85798e-10 1.6706e-10 1.50214e-10 1.35271e-10
3.18344e-05 2.69588e-08 2.38723e-08 2.10597e-08 1.84889e-08 1.61306e-08 1.3958e-08 1.19467e-08 1.00742e-08 8.31979e-09 6.66414e-09 5.08925e-09 3.57822e-09 2.11502e-09 6.8432e-10 6.11915e-10 5.47461e-10 4.90058e-10 4.38906e-10 3.93299e-10 3.52613e-10 3.16294e-10 2.83852e-10 2.54853e-10 2.28911e-10 2.05686e-10 1.84874e-10 1.66206e-10 1.49444e-10 1.34374e-10 1.21008e-10
2.86554e-05 2.39121e-08 2.10928e-08 1.85162e-08 1.61528e-08 1.3976e-08 1.1961e-08 1.00854e-08 8.3284e-09 6.67057e-09 5.09389e-09 3.5814e-09 2.11704e-09 6.85465e-10 6.12597e-10 5.47766e-10 4.90058e-10 4.38664e-10 3.92868e-10 3.5204e-10 3.15617e-10 2.83105e-10 2.54065e-10 2.28107e-10 2.04887e-10 1.84098e-10 1.6547e-10 1.48761e-10 1.33758e-10 1.2027e-10 1.08307e-10
2.57952e-05 2.11305e-08 1.85475e-08 1.61787e-08 1.39972e-08 1.19782e-08 1.00991e-08 8.33915e-09 6.67882e-09 5.10005e-09 3.58583e-09 2.12006e-09 6.87369e-10 6.13959e-10 5.48679e-10 4.90601e-10 4.38906e-10 3.92868e-10 3.51848e-10 3.15278e-10 2.82655e-10 2.53536e-10 2.27527e-10 2.04279e-10 1.83483e-10 1.64865e-10 1.48183e-10 1.3322e-10 1.19784e-10 1.07705e-10 9.69923e-11
2.32214e-05 1.8583e-08 1.62083e-08 1.40216e-08 1.19981e-08 1.01153e-08 8.35201e-09 6.68889e-09 5.10774e-09 3.59152e-09 2.12408e-09 6.90026e-10 6.15997e-10 5.50197e-10 4.91685e-10 4.39631e-10 3.93299e-10 3.5204e-10 3.15278e-10 2.82505e-10 2.5327e-10 2.27176e-10 2.03869e-10 1.83037e-10 1.64403e-10 1.47721e-10 1.32773e-10 1.19366e-10 1.07327e-10 9.65043e-11 8.69062e-11
2.09049e-05 1.62415e-08 1.40492e-08 1.20209e-08 1.01339e-08 8.36698e-09 6.70075e-09 5.11695e-09 3.59846e-09 2.12909e-09 6.93429e-10 6.18704e-10 5.52314e-10 4.93306e-10 4.40837e-10 3.94159e-10 3.52613e-10 3.15617e-10 2.82655e-10 2.5327e-10 2.27059e-10 2.03664e-10 1.82768e-10 1.64091e-10 1.47385e-10 1.3243e-10 1.19029e-10 1.07009e-10 9.62167e-11 8.65141e-11 7.791e-11
1.88198e-05 1.40799e-08 1.20464e-08 1.01548e-08 8.38404e-09 6.7144e-09 5.12764e-09 3.60662e-09 2.13508e-09 6.97566e-10 6.22069e-10 5.55022e-10 4.95457e-10 4.42516e-10 3.95442e-10 3.53565e-10 3.16294e-10 2.83105e-10 2.53536e-10 2.27176e-10 2.03664e-10 1.82678e-10 1.63934e-10 1.47181e-10 1.32196e-10 1.18782e-10 1.06762e-10 9.59809e-11 8.63006e-11 7.75979e-11 6.98808e-11
1.69424e-05 1.20747e-08 1.01782e-08 8.40315e-09 6.7298e-09 5.13981e-09 3.61598e-09 2.14202e-09 7.02422e-10 6.26079e-10 5.58309e-10 4.98127e-10 4.44661e-10 3.97142e-10 3.5489e-10 3.17304e-10 2.83852e-10 2.54065e-10 2.27527e-10 2.03869e-10 1.82768e-10 1.63934e-10 1.47113e-10 1.32079e-10 1.18631e-10 1.06593e-10 9.58062e-11 8.61315e-11 7.74445e-11 6.96349e-11 6.27098e-11
1.52518e-05 1.02039e-08 8.42429e-09 6.74692e-09 5.15343e-09 3.62653e-09 2.1499e-09 7.07977e-10 6.30718e-10 5.6216e-10 5.01303e-10 4.47259e-10 3.99248e-10 3.56579e-10 3.18639e-10 2.84889e-10 2.54853e-10 2.28107e-10 2.04279e-10 1.83037e-10 1.64091e-10 1.47181e-10 1.32079e-10 1.18581e-10 1.06507e-10 9.56989e-11 8.60146e-11 7.73286e-11 6.95294e-11 6.2518e-11 5.63008e-11
1.37289e-05 8.4474e-09 6.76573e-09 5.16845e-09 3.63824e-09 2.15869e-09 7.14207e-10 6.35962e-10 5.66555e-10 5.04967e-10 4.50296e-10 4.01748e-10 3.58619e-10 3.20289e-10 2.86208e-10 2.55892e-10 2.28911e-10 2.04887e-10 1.83483e-10 1.64403e-10 1.47385e-10 1.32196e-10 1.18631e-10 1.06507e-10 9.56628e-11 8.59549e-11 7.72566e-11 6.9455e-11 6.24499e-11 5.61523e-11 5.05682e-11
1.23568e-05 6.78617e-09 5.18484e-09 3.65105e-09 2.16835e-09 7.21079e-10 6.41784e-10 5.71469e-10 5.09097e-10 4.53751e-10 4.04623e-10 3.60996e-10 3.2224e-10 2.87797e-10 2.57172e-10 2.2993e-10 2.05686e-10 1.84098e-10 1.64865e-10 1.47721e-10 1.3243e-10 1.18782e-10 1.06593e-10 9.56989e-11 8.59549e-11 7.72322e-11 6.94165e-11 6.24065e-11 5.61123e-11 5.04538e-11 4.54365e-11
1.11199e-05 5.20255e-09 3.66493e-09 2.17884e-09 7.28553e-10 6.48147e-10 5.7687e-10 5.13664e-10 4.57599e-10 4.0785e-10 3.63689e-10 3.24475e-10 2.89639e-10 2.58679e-10 2.31152e-10 2.06665e-10 1.84874e-10 1.6547e-10 1.48183e-10 1.32773e-10 1.19029e-10 1.06762e-10 9.58062e-11 8.60146e-11 7.72566e-11 6.94165e-11 6.23917e-11 5.60911e-11 5.04339e-11 4.5348e-11 4.08384e-11
1.00047e-05 3.67981e-09 2.1901e-09 7.36581e-10 6.55008e-10 5.82717e-10 5.18633e-10 4.61807e-10 4.114e-10 3.66673e-10 3.2697e-10 2.91714e-10 2.60395e-10 2.3256e-10 2.07812e-10 1.85798e-10 1.66206e-10 1.48761e-10 1.3322e-10 1.19366e-10 1.07009e-10 9.59809e-11 8.61315e-11 7.73286e-11 6.9455e-11 6.24065e-11 5.60911e-11 5.04268e-11 4.53408e-11 4.07685e-11 3.67144e-11
8.99844e-06 2.20206e-09 7.45097e-10 6.62308e-10 5.88959e-10 5.23957e-10 4.66334e-10 4.15238e-10 3.69914e-10 3.29696e-10 2.93997e-10 2.62296e-10 2.34134e-10 2.09106e-10 1.86854e-10 1.6706e-10 1.49444e-10 1.33758e-10 1.19784e-10 1.07327e-10 9.62167e-11 8.63006e-11 7.74445e-11 6.95294e-11 6.24499e-11 5.61123e-11 5.04339e-11 4.53408e-11 4.07678e-11 3.66566e-11 3.30114e-11
8.09007e-06 7.54024e-10 6.69977e-10 5.95533e-10 5.29578e-10 4.71129e-10 4.19316e-10 3.7337e-10 3.32616e-10 2.96453e-10 2.64353e-10 2.35848e-10 2.10526e-10 1.88021e-10 1.68012e-10 1.50214e-10 1.34374e-10 1.2027e-10 1.07705e-10 9.65043e-11 8.65141e-11 7.75979e-11 6.96349e-11 6.2518e-11 5.61523e-11 5.04538e-11 4.5348e-11 4.07685e-11 3.66566e-11 3.29601e-11 2.96824e-11
7.28843e-06 6.78906e-10 6.03241e-10 5.3622e-10 4.7684e-10 4.24217e-10 3.77568e-10 3.36201e-10 2.99507e-10 2.66947e-10 2.38044e-10 2.12378e-10 1.89578e-10 1.69314e-10 1.51298e-10 1.35271e-10 1.21008e-10 1.08307e-10 9.69923e-11 8.69062e-11 7.791e-11 6.98808e-11 6.27098e-11 5.63008e-11 5.05682e-11 4.54365e-11 4.08384e-11 3.67144e-11 3.30114e-11 2.96824e-11 2.67306e-11
