0.987579 0.000615188 0.000551413 0.000494425 0.000443482 0.000397928 0.000357176 0.000320708 0.00028806 0.000258822 0.000232628 0.000209151 0.000188102 0.000169221 0.000152279 0.000137069 0.000123409 0.000111134 0.000100098 9.0172e-05 8.12376e-05 7.31908e-05 6.59381e-05 5.93957e-05 5.34886e-05 4.81491e-05 4.33167e-05 3.89368e-05 3.496e-05 3.13421e-05 2.83119e-05
0.000615188 2.17895e-06 1.95313e-06 1.75116e-06 1.5704e-06 1.40851e-06 1.26342e-06 1.13328e-06 1.01646e-06 9.11497e-07 8.17086e-07 7.32075e-07 6.55428e-07 5.86225e-07 5.23641e-07 4.66938e-07 4.15455e-07 3.686e-07 3.2584e-07 2.86696e-07 2.50734e-07 2.17565e-07 1.86835e-07 1.58223e-07 1.31439e-07 1.06215e-07 8.23114e-08 5.95052e-08 3.75938e-08 1.63915e-08 1.47531e-08
0.000551413 1.95313e-06 1.75038e-06 1.569e-06 1.40664e-06 1.2612e-06 1.1308e-06 1.01381e-06 9.08734e-07 8.14272e-07 7.29253e-07 6.52636e-07 5.83492e-07 5.2099e-07 4.64387e-07 4.13019e-07 3.66289e-07 3.23662e-07 2.84657e-07 2.48839e-07 2.15817e-07 1.85236e-07 1.56776e-07 1.30145e-07 1.05077e-07 8.13316e-08 5.86866e-08 3.69404e-08 1.59083e-08 1.42697e-08 1.28446e-08
0.000494425 1.75116e-06 1.569e-06 1.40602e-06 1.26008e-06 1.12932e-06 1.01204e-06 9.0676e-07 8.1216e-07 7.27058e-07 6.50402e-07 5.81255e-07 5.18779e-07 4.62227e-07 4.10929e-07 3.64284e-07 3.21754e-07 2.82855e-07 2.47151e-07 2.14249e-07 1.83793e-07 1.55462e-07 1.28963e-07 1.04031e-07 8.04247e-08 5.79233e-08 3.63254e-08 1.54473e-08 1.38554e-08 1.24282e-08 1.1188e-08
0.000443482 1.5704e-06 1.40664e-06 1.26008e-06 1.12882e-06 1.01115e-06 9.05576e-07 8.10753e-07 7.2549e-07 6.48726e-07 5.79515e-07 5.17011e-07 4.6046e-07 4.09187e-07 3.62587e-07 3.20118e-07 2.81292e-07 2.45672e-07 2.12863e-07 1.82507e-07 1.54281e-07 1.27894e-07 1.03079e-07 7.95937e-08 5.72187e-08 3.57528e-08 1.50127e-08 1.3461e-08 1.20737e-08 1.08299e-08 9.75007e-09
0.000397928 1.40851e-06 1.2612e-06 1.12932e-06 1.01115e-06 9.05181e-07 8.10049e-07 7.24549e-07 6.47609e-07 5.78272e-07 5.15684e-07 4.59085e-07 4.07792e-07 3.61197e-07 3.18753e-07 2.79969e-07 2.44403e-07 2.1166e-07 1.81379e-07 1.53237e-07 1.26941e-07 1.02223e-07 7.88409e-08 5.65755e-08 3.52254e-08 1.46081e-08 1.30903e-08 1.17371e-08 1.05273e-08 9.44267e-09 8.50199e-09
0.000357176 1.26342e-06 1.1308e-06 1.01204e-06 9.05576e-07 8.10049e-07 7.24236e-07 6.4705e-07 5.77526e-07 5.148e-07 4.58103e-07 4.06746e-07 3.60116e-07 3.1766e-07 2.78885e-07 2.43345e-07 2.1064e-07 1.80411e-07 1.5233e-07 1.26104e-07 1.01464e-07 7.81683e-08 5.59957e-08 3.47458e-08 1.42361e-08 1.27465e-08 1.14218e-08 1.02408e-08 9.18512e-09 8.23865e-09 7.41863e-09
0.000320708 1.13328e-06 1.01381e-06 9.0676e-07 8.10753e-07 7.24549e-07 6.4705e-07 5.77277e-07 5.14358e-07 4.57513e-07 4.06049e-07 3.59344e-07 3.16841e-07 2.78041e-07 2.42497e-07 2.09806e-07 1.79603e-07 1.51562e-07 1.25385e-07 1.00805e-07 7.75772e-08 5.54812e-08 3.43159e-08 1.38989e-08 1.2432e-08 1.11305e-08 9.97333e-09 8.9419e-09 8.02003e-09 7.19353e-09 6.47815e-09
0.00028806 1.01646e-06 9.08734e-07 8.1216e-07 7.2549e-07 6.47609e-07 5.77526e-07 5.14358e-07 4.57317e-07 4.057e-07 3.5888e-07 3.16294e-07 2.77439e-07 2.41861e-07 2.09156e-07 1.78956e-07 1.50932e-07 1.24785e-07 1.00246e-07 7.70688e-08 5.50331e-08 3.39371e-08 1.35983e-08 1.21487e-08 1.08655e-08 9.72746e-09 8.71581e-09 7.81426e-09 7.00855e-09 6.28622e-09 5.6616e-09
0.000258822 9.11497e-07 8.14272e-07 7.27058e-07 6.48726e-07 5.78272e-07 5.148e-07 4.57513e-07 4.057e-07 3.58726e-07 3.16021e-07 2.77077e-07 2.41437e-07 2.08692e-07 1.78471e-07 1.50442e-07 1.24304e-07 9.9787e-08 7.6644e-08 5.46524e-08 3.36106e-08 1.33355e-08 1.18981e-08 1.06285e-08 9.50513e-09 8.50906e-09 7.62383e-09 6.83508e-09 6.13025e-09 5.49837e-09 4.9525e-09
0.000232628 8.17086e-07 7.29253e-07 6.50402e-07 5.79515e-07 5.15684e-07 4.58103e-07 4.06049e-07 3.5888e-07 3.16021e-07 2.76956e-07 2.41225e-07 2.08413e-07 1.78147e-07 1.50091e-07 1.23943e-07 9.94299e-08 7.63034e-08 5.43401e-08 3.33373e-08 1.31117e-08 1.16815e-08 1.04209e-08 9.30789e-09 8.32341e-09 7.45074e-09 6.67536e-09 5.9846e-09 5.36741e-09 4.8141e-09 4.33656e-09
0.000209151 7.32075e-07 6.52636e-07 5.81255e-07 5.17011e-07 4.59085e-07 4.06746e-07 3.59344e-07 3.16294e-07 2.77077e-07 2.41225e-07 2.0832e-07 1.77985e-07 1.49881e-07 1.23703e-07 9.91745e-08 7.60476e-08 5.40966e-08 3.31179e-08 1.29276e-08 1.14997e-08 1.02436e-08 9.13695e-09 8.16023e-09 7.29654e-09 6.53116e-09 5.85127e-09 5.24567e-09 4.70462e-09 4.21959e-09 3.80136e-09
0.000188102 6.55428e-07 5.83492e-07 5.18779e-07 4.6046e-07 4.07792e-07 3.60116e-07 3.16841e-07 2.77439e-07 2.41437e-07 2.08413e-07 1.77985e-07 1.49811e-07 1.23582e-07 9.90212e-08 7.58769e-08 5.39224e-08 3.2953e-08 1.27838e-08 1.13535e-08 1.00976e-08 8.99325e-09 8.02061e-09 7.16247e-09 6.40389e-09 5.73182e-09 5.13495e-09 4.6034e-09 4.12854e-09 3.70286e-09 3.33614e-09
0.000169221 5.86225e-07 5.2099e-07 4.62227e-07 4.09187e-07 3.61197e-07 3.1766e-07 2.78041e-07 2.41861e-07 2.08692e-07 1.78147e-07 1.49881e-07 1.23582e-07 9.897e-08 7.57914e-08 5.38178e-08 3.28428e-08 1.26808e-08 1.12435e-08 9.98348e-09 8.87751e-09 7.90536e-09 7.04948e-09 6.29462e-09 5.62752e-09 5.03666e-09 4.51202e-09 4.04487e-09 3.62758e-09 3.25352e-09 2.93154e-09
0.000152279 5.23641e-07 4.64387e-07 4.10929e-07 3.62587e-07 3.18753e-07 2.78885e-07 2.42497e-07 2.09156e-07 1.78471e-07 1.50091e-07 1.23703e-07 9.90212e-08 7.57914e-08 5.37829e-08 3.27877e-08 1.26189e-08 1.11699e-08 9.90165e-09 8.79028e-09 7.81514e-09 6.9583e-09 6.2042e-09 5.53932e-09 4.95191e-09 4.43176e-09 3.96999e-09 3.55889e-09 3.1917e-09 2.86255e-09 2.57947e-09
0.000137069 4.66938e-07 4.13019e-07 3.64284e-07 3.20118e-07 2.79969e-07 2.43345e-07 2.09806e-07 1.78956e-07 1.50442e-07 1.23943e-07 9.91745e-08 7.58769e-08 5.38178e-08 3.27877e-08 1.25982e-08 1.11331e-08 9.85244e-09 8.73192e-09 7.75038e-09 6.88948e-09 6.13328e-09 5.46796e-09 4.88153e-09 4.36357e-09 3.90503e-09 3.49804e-09 3.13575e-09 2.81218e-09 2.52215e-09 2.2729e-09
0.000123409 4.15455e-07 3.66289e-07 3.21754e-07 2.81292e-07 2.44403e-07 2.1064e-07 1.79603e-07 1.50932e-07 1.24304e-07 9.94299e-08 7.60476e-08 5.39224e-08 3.28428e-08 1.26189e-08 1.11331e-08 9.83601e-09 8.70268e-09 7.71141e-09 6.84339e-09 6.0823e-09 5.414e-09 4.82619e-09 4.30822e-09 3.85084e-09 3.44603e-09 3.08678e-09 2.76703e-09 2.48149e-09 2.22553e-09 2.00574e-09
0.000111134 3.686e-07 3.23662e-07 2.82855e-07 2.45672e-07 2.1166e-07 1.80411e-07 1.51562e-07 1.24785e-07 9.9787e-08 7.63034e-08 5.40966e-08 3.2953e-08 1.26808e-08 1.11699e-08 9.85244e-09 8.70268e-09 7.6984e-09 6.82028e-09 6.0516e-09 5.37781e-09 4.78634e-09 4.26625e-09 3.80808e-09 3.4036e-09 3.04567e-09 2.72808e-09 2.44545e-09 2.19307e-09 1.96685e-09 1.77272e-09
0.000100098 3.2584e-07 2.84657e-07 2.47151e-07 2.12863e-07 1.81379e-07 1.5233e-07 1.25385e-07 1.00246e-07 7.6644e-08 5.43401e-08 3.31179e-08 1.27838e-08 1.12435e-08 9.90165e-09 8.73192e-09 7.71141e-09 6.82028e-09 6.04134e-09 5.35966e-09 4.76231e-09 4.23807e-09 3.77722e-09 3.37132e-09 3.01307e-09 2.6961e-09 2.4149e-09 2.16468e-09 1.94126e-09 1.741e-09 1.56925e-09
9.0172e-05 2.86696e-07 2.48839e-07 2.14249e-07 1.82507e-07 1.53237e-07 1.26104e-07 1.00805e-07 7.70688e-08 5.46524e-08 3.33373e-08 1.29276e-08 1.13535e-08 9.98348e-09 8.79028e-09 7.75038e-09 6.84339e-09 6.0516e-09 5.35966e-09 4.75427e-09 4.22391e-09 3.75857e-09 3.34959e-09 2.98946e-09 2.67165e-09 2.39052e-09 2.14114e-09 1.91926e-09 1.72115e-09 1.54359e-09 1.39139e-09
8.12376e-05 2.50734e-07 2.15817e-07 1.83793e-07 1.54281e-07 1.26941e-07 1.01464e-07 7.75772e-08 5.50331e-08 3.36106e-08 1.31117e-08 1.14997e-08 1.00976e-08 8.87751e-09 7.81514e-09 6.88948e-09 6.0823e-09 5.37781e-09 4.76231e-09 4.22391e-09 3.75234e-09 3.33867e-09 2.97517e-09 2.65514e-09 2.37277e-09 2.12302e-09 1.90152e-09 1.70444e-09 1.5285e-09 1.37079e-09 1.23569e-09
7.31908e-05 2.17565e-07 1.85236e-07 1.55462e-07 1.27894e-07 1.02223e-07 7.81683e-08 5.54812e-08 3.39371e-08 1.33355e-08 1.16815e-08 1.02436e-08 8.99325e-09 7.90536e-09 6.9583e-09 6.13328e-09 5.414e-09 4.78634e-09 4.23807e-09 3.75857e-09 3.33867e-09 2.97038e-09 2.64682e-09 2.362e-09 2.11073e-09 1.88851e-09 1.69144e-09 1.51612e-09 1.35961e-09 1.21932e-09 1.09918e-09
6.59381e-05 1.86835e-07 1.56776e-07 1.28963e-07 1.03079e-07 7.88409e-08 5.59957e-08 3.43159e-08 1.35983e-08 1.18981e-08 1.04209e-08 9.13695e-09 8.02061e-09 7.04948e-09 6.2042e-09 5.46796e-09 4.82619e-09 4.26625e-09 3.77722e-09 3.34959e-09 2.97517e-09 2.64682e-09 2.35839e-09 2.10452e-09 1.88058e-09 1.68255e-09 1.50695e-09 1.35075e-09 1.21129e-09 1.0863e-09 9.79303e-10
5.93957e-05 1.58223e-07 1.30145e-07 1.04031e-07 7.95937e-08 5.65755e-08 3.47458e-08 1.38989e-08 1.21487e-08 1.06285e-08 9.30789e-09 8.16023e-09 7.16247e-09 6.29462e-09 5.53932e-09 4.88153e-09 4.30822e-09 3.80808e-09 3.37132e-09 2.98946e-09 2.65514e-09 2.362e-09 2.10452e-09 1.87791e-09 1.67805e-09 1.50132e-09 1.34462e-09 1.20523e-09 1.08079e-09 9.69264e-10 8.73812e-10
5.34886e-05 1.31439e-07 1.05077e-07 8.04247e-08 5.72187e-08 3.52254e-08 1.42361e-08 1.2432e-08 1.08655e-08 9.50513e-09 8.32341e-09 7.29654e-09 6.40389e-09 5.62752e-09 4.95191e-09 4.36357e-09 3.85084e-09 3.4036e-09 3.01307e-09 2.67165e-09 2.37277e-09 2.11073e-09 1.88058e-09 1.67805e-09 1.49942e-09 1.34149e-09 1.20146e-09 1.0769e-09 9.6571e-10 8.66053e-10 7.80778e-10
4.81491e-05 1.06215e-07 8.13316e-08 5.79233e-08 3.57528e-08 1.46081e-08 1.27465e-08 1.11305e-08 9.72746e-09 8.50906e-09 7.45074e-09 6.53116e-09 5.73182e-09 5.03666e-09 4.43176e-09 3.90503e-09 3.44603e-09 3.04567e-09 2.6961e-09 2.39052e-09 2.12302e-09 1.88851e-09 1.68255e-09 1.50132e-09 1.34149e-09 1.20018e-09 1.07489e-09 9.63447e-10 8.63968e-10 7.74806e-10 6.98523e-10
4.33167e-05 8.23114e-08 5.86866e-08 3.63254e-08 1.50127e-08 1.30903e-08 1.14218e-08 9.97333e-09 8.71581e-09 7.62383e-09 6.67536e-09 5.85127e-09 5.13495e-09 4.51202e-09 3.96999e-09 3.49804e-09 3.08678e-09 2.72808e-09 2.4149e-09 2.14114e-09 1.90152e-09 1.69144e-09 1.50695e-09 1.34462e-09 1.20146e-09 1.07489e-09 9.62671e-10 8.6286e-10 7.73764e-10 6.93909e-10 6.25595e-10
3.89368e-05 5.95052e-08 3.69404e-08 1.54473e-08 1.3461e-08 1.17371e-08 1.02408e-08 8.9419e-09 7.81426e-09 6.83508e-09 5.9846e-09 5.24567e-09 4.6034e-09 4.04487e-09 3.55889e-09 3.13575e-09 2.76703e-09 2.44545e-09 2.16468e-09 1.91926e-09 1.70444e-09 1.51612e-09 1.35075e-09 1.20523e-09 1.0769e-09 9.63447e-10 8.6286e-10 7.73395e-10 6.93535e-10 6.21957e-10 5.60728e-10
3.496e-05 3.75938e-08 1.59083e-08 1.38554e-08 1.20737e-08 1.05273e-08 9.18512e-09 8.02003e-09 7.00855e-09 6.13025e-09 5.36741e-09 4.70462e-09 4.12854e-09 3.62758e-09 3.1917e-09 2.81218e-09 2.48149e-09 2.19307e-09 1.94126e-09 1.72115e-09 1.5285e-09 1.35961e-09 1.21129e-09 1.08079e-09 9.6571e-10 8.63968e-10 7.73764e-10 6.93535e-10 6.21919e-10 5.57731e-10 5.02824e-10
3.13421e-05 1.63915e-08 1.42697e-08 1.24282e-08 1.08299e-08 9.44267e-09 8.23865e-09 7.19353e-09 6.28622e-09 5.49837e-09 4.8141e-09 4.21959e-09 3.70286e-09 3.25352e-09 2.86255e-09 2.52215e-09 2.22553e-09 1.96685e-09 1.741e-09 1.54359e-09 1.37079e-09 1.21932e-09 1.0863e-09 9.69264e-10 8.66053e-10 7.74806e-10 6.93909e-10 6.21957e-10 5.57731e-10 5.00166e-10 4.50926e-10
2.83119e-05 1.47531e-08 1.28446e-08 1.1188e-08 9.75007e-09 8.50199e-09 7.41863e-09 6.47815e-09 5.6616e-09 4.9525e-09 4.33656e-09 3.80136e-09 3.33614e-09 2.93154e-09 2.57947e-09 2.2729e-09 2.00574e-09 1.77272e-09 1.56925e-09 1.39139e-09 1.23569e-09 1.09918e-09 9.79303e-10 8.73812e-10 7.80778e-10 6.98523e-10 6.25595e-10 5.60728e-10 5.02824e-10 4.50926e-10 4.06524e-10
