0.956998 0.0206897 0.000447298 9.6703e-06 2.09066e-07 4.51987e-09 9.77166e-11 2.11257e-12 4.56724e-14 9.87409e-16 2.13472e-17 4.61512e-19 9.97759e-21 2.15709e-22 4.66349e-24 1.00822e-25 2.1797e-27 4.71238e-29 1.01879e-30 2.20255e-32 4.76177e-34 1.02946e-35 2.22564e-37 4.81169e-39 1.04026e-40 2.24897e-42 4.86212e-44 1.05116e-45 2.27254e-47 4.91309e-49 1.06218e-50 2.29636e-52 4.96459e-54 1.07331e-55 2.32043e-57 5.01663e-59 1.08456e-60 2.34476e-62 5.06921e-64 1.09593e-65 2.36933e-67 5.12235e-69 1.10742e-70 2.39417e-72 5.17604e-74 1.11903e-75 2.41926e-77 5.2303e-79 1.13076e-80 2.44462e-82 5.28512e-84 1.14261e-85 2.47025e-87 5.34052e-89 1.15459e-90 2.49614e-92 5.3965e-94 1.16669e-95 2.52231e-97 5.45307e-99 1.17892e-100 2.54875e-102 5.51023e-104 1.19128e-105 2.57546e-107 5.56798e-109 1.20376e-110 2.60246e-112 5.62635e-114 1.21638e-115 2.62974e-117 5.68532e-119 1.22913e-120 2.6573e-122 5.74492e-124 1.24201e-125 2.68516e-127 5.80514e-129 1.25503e-130 2.7133e-132 5.86599e-134 1.26819e-135 2.74174e-137 5.92747e-139 1.28148e-140 2.77048e-142 5.98961e-144 1.29491e-145 2.79952e-147 6.05239e-149 1.30849e-150 2.82887e-152 6.11583e-154 1.3222e-155 2.85852e-157 6.17994e-159 1.33606e-160 2.88848e-162 6.24472e-164 1.35007e-165 2.91876e-167
0.0206897 0.000667679 1.91993e-05 5.18082e-07 1.34275e-08 3.38439e-10 8.35769e-12 2.03191e-13 4.87934e-15 1.16006e-16 2.73536e-18 6.40526e-20 1.49105e-21 3.45333e-23 7.96263e-25 1.82886e-26 4.18606e-28 9.55195e-30 2.17359e-31 4.93377e-33 1.11737e-34 2.52534e-36 5.69669e-38 1.28284e-39 2.88423e-41 6.47507e-43 1.45166e-44 3.25036e-46 7.26914e-48 1.62387e-49 3.62385e-51 8.07914e-53 1.79954e-54 4.00482e-56 8.90533e-58 1.97871e-59 4.39337e-61 9.74795e-63 2.16144e-64 4.78963e-66 1.06073e-67 2.34778e-69 5.19372e-71 1.14835e-72 2.53779e-74 5.60574e-76 1.2377e-77 2.73153e-79 6.02584e-81 1.32879e-82 2.92905e-84 6.45413e-86 1.42165e-87 3.13041e-89 6.89073e-91 1.51632e-92 3.33567e-94 7.33578e-96 1.61282e-97 3.54489e-99 7.7894e-101 1.71117e-102 3.75813e-104 8.25172e-106 1.8114e-107 3.97545e-109 8.72288e-111 1.91355e-112 4.19691e-114 9.20302e-116 2.01764e-117 4.42258e-119 9.69225e-121 2.12371e-122 4.65252e-124 1.01907e-125 2.23177e-127 4.88679e-129 1.06986e-130 2.34187e-132 5.12546e-134 1.1216e-135 2.45403e-137 5.3686e-139 1.17431e-140 2.56829e-142 5.61627e-144 1.228e-145 2.68467e-147 5.86855e-149 1.28268e-150 2.80321e-152 6.1255e-154 1.33838e-155 2.92393e-157 6.38719e-159 1.3951e-160 3.04689e-162 6.65369e-164 1.45287e-165 3.17209e-167
0.000447298 1.91993e-05 6.71838e-07 2.11729e-08 6.25196e-10 1.76493e-11 4.82007e-13 1.28318e-14 3.34725e-16 8.58756e-18 2.17288e-19 5.43381e-21 1.34523e-22 3.30135e-24 8.03995e-26 1.94477e-27 4.67582e-29 1.11813e-30 2.66076e-32 6.30366e-34 1.48739e-35 3.49667e-37 8.19237e-39 1.91341e-40 4.45603e-42 1.03496e-43 2.39783e-45 5.54246e-47 1.27833e-48 2.94238e-50 6.75964e-52 1.55013e-53 3.54877e-55 8.11133e-57 1.85119e-58 4.21878e-60 9.60136e-62 2.18233e-63 4.9542e-65 1.12337e-66 2.5444e-68 5.75689e-70 1.30122e-71 2.93827e-73 6.62871e-75 1.4941e-76 3.36482e-78 7.57159e-80 1.70244e-81 3.82495e-83 8.58748e-85 1.92664e-86 4.31959e-88 9.67836e-90 2.16715e-91 4.84967e-93 1.08463e-94 2.4244e-96 5.41613e-98 1.20933e-99 2.69884e-101 6.01997e-103 1.34215e-104 2.99094e-106 6.66217e-108 1.48331e-109 3.30115e-111 7.34375e-113 1.63303e-114 3.62996e-116 8.06573e-118 1.79153e-119 3.97786e-121 8.82919e-123 1.95904e-124 4.34532e-126 9.63517e-128 2.13579e-129 4.73288e-131 1.04848e-132 2.32203e-134 5.14102e-136 1.13792e-137 2.51798e-139 5.5703e-141 1.23194e-142 2.7239e-144 6.02122e-146 1.33067e-147 2.94005e-149 6.49435e-151 1.43423e-152 3.16667e-154 6.99024e-156 1.54273e-157 3.40403e-159 7.50946e-161 1.65629e-162 3.65239e-164 8.05258e-166 1.77505e-167
9.6703e-06 5.18082e-07 2.11729e-08 7.56189e-10 2.48443e-11 7.70443e-13 2.28923e-14 6.58042e-16 1.84204e-17 5.04527e-19 1.3569e-20 3.59306e-22 9.38786e-24 2.42435e-25 6.19669e-27 1.56949e-28 3.9429e-30 9.83294e-32 2.43593e-33 5.99824e-35 1.46888e-36 3.5789e-38 8.67939e-40 2.09584e-41 5.04075e-43 1.20787e-44 2.88434e-46 6.86544e-48 1.62921e-49 3.85527e-51 9.09856e-53 2.1419e-54 5.03032e-56 1.17874e-57 2.75624e-59 6.43195e-61 1.49809e-62 3.48292e-64 8.08346e-66 1.87299e-67 4.33299e-69 1.00089e-70 2.30868e-72 5.31792e-74 1.22334e-75 2.81062e-77 6.44957e-79 1.47826e-80 3.38444e-82 7.7402e-84 1.76834e-85 4.03595e-87 9.20251e-89 2.09634e-90 4.77119e-92 1.08496e-93 2.46512e-95 5.59639e-97 1.26951e-98 2.87763e-100 6.51797e-102 1.4753e-103 3.33693e-105 7.5426e-107 1.70377e-108 3.84617e-110 8.67714e-112 1.95644e-113 4.40861e-115 9.9287e-117 2.23483e-118 5.02762e-120 1.13046e-121 2.54054e-123 5.70667e-125 1.28124e-126 2.87523e-128 6.44934e-130 1.44598e-131 3.24058e-133 7.25932e-135 1.62551e-136 3.63835e-138 8.14044e-140 1.82063e-141 4.07035e-143 9.09663e-145 2.03222e-146 4.53844e-148 1.01319e-149 2.26115e-151 5.04454e-153 1.12505e-154 2.50833e-156 5.59063e-158 1.24567e-159 2.7747e-161 6.17874e-163 1.37549e-164 3.06122e-166 6.81097e-168
2.09066e-07 1.34275e-08 6.25196e-10 2.48443e-11 8.94933e-13 3.01135e-14 9.63269e-16 2.96237e-17 8.82652e-19 2.56222e-20 7.27659e-22 2.02821e-23 5.5625e-25 1.50411e-26 4.01663e-28 1.06075e-29 2.77356e-31 7.18717e-33 1.8473e-34 4.71294e-36 1.19424e-37 3.00732e-39 7.52947e-41 1.87513e-42 4.64674e-44 1.14621e-45 2.8152e-47 6.88664e-49 1.67828e-50 4.07552e-52 9.86393e-54 2.37985e-55 5.72473e-57 1.37321e-58 3.28518e-60 7.83935e-62 1.86619e-63 4.43234e-65 1.05042e-66 2.4842e-68 5.86333e-70 1.38126e-71 3.248e-73 7.62425e-75 1.7867e-76 4.18029e-78 9.76545e-80 2.27789e-81 5.30584e-83 1.23418e-84 2.86699e-86 6.65149e-88 1.54126e-89 3.56713e-91 8.24634e-93 1.90424e-94 4.39252e-96 1.01217e-97 2.33002e-99 5.35846e-101 1.23115e-102 2.82606e-104 6.48137e-106 1.48518e-107 3.40035e-109 7.77888e-111 1.77814e-112 4.06145e-114 9.26981e-116 2.11419e-117 4.81848e-119 1.09743e-120 2.49776e-122 5.68119e-124 1.29137e-125 2.93355e-127 6.65995e-129 1.51109e-130 3.42658e-132 7.76578e-134 1.75902e-135 3.98218e-137 9.01037e-139 2.03771e-140 4.60598e-142 1.04061e-143 2.34989e-145 5.30397e-147 1.19662e-148 2.69844e-150 6.08246e-152 1.37043e-153 3.08641e-155 6.94814e-157 1.56353e-158 3.517e-160 7.90805e-162 1.77746e-163 3.99362e-165 8.96961e-167 2.01384e-168
4.51987e-09 3.38439e-10 1.76493e-11 7.70443e-13 3.01135e-14 1.08987e-15 3.72472e-17 1.2173e-18 3.83755e-20 1.1743e-21 3.50438e-23 1.02357e-24 2.93456e-26 8.27719e-28 2.3012e-29 6.31593e-31 1.71357e-32 4.60081e-34 1.22362e-35 3.22628e-37 8.4394e-39 2.19154e-40 5.65272e-42 1.44894e-43 3.69249e-45 9.35916e-47 2.36024e-48 5.92401e-50 1.48028e-51 3.68342e-53 9.12949e-55 2.25436e-56 5.54714e-58 1.36039e-59 3.32571e-61 8.10584e-63 1.97001e-64 4.77478e-66 1.15427e-67 2.78347e-69 6.69626e-71 1.60728e-72 3.84952e-74 9.20059e-76 2.1946e-77 5.22469e-79 1.24155e-80 2.94506e-82 6.97401e-84 1.64875e-85 3.89167e-87 9.17176e-89 2.15837e-90 5.072e-92 1.19023e-93 2.78936e-95 6.52854e-97 1.5261e-98 3.56307e-100 8.30912e-102 1.93549e-103 4.50346e-105 1.04673e-106 2.43037e-108 5.63729e-110 1.30629e-111 3.0241e-113 6.99435e-115 1.61624e-116 3.73148e-118 8.60765e-120 1.98392e-121 4.5689e-123 1.05137e-124 2.41746e-126 5.55442e-128 1.27526e-129 2.92579e-131 6.70789e-133 1.53684e-134 3.51871e-136 8.05107e-138 1.84097e-139 4.20694e-141 9.60776e-143 2.1929e-144 5.00219e-146 1.14039e-147 2.59839e-149 5.9172e-151 1.34678e-152 3.0637e-154 6.96584e-156 1.583e-157 3.59563e-159 8.16314e-161 1.85239e-162 4.20152e-164 9.52535e-166 2.15854e-167 4.88933e-169
9.77166e-11 8.35769e-12 4.82007e-13 2.28923e-14 9.63269e-16 3.72472e-17 1.3521e-18 4.67171e-20 1.55101e-21 4.98202e-23 1.55626e-24 4.74651e-26 1.4179e-27 4.15906e-29 1.2004e-30 3.41502e-32 9.59009e-34 2.66167e-35 7.30885e-37 1.98749e-38 5.35638e-40 1.4317e-41 3.79769e-43 1.00025e-44 2.61722e-46 6.80611e-48 1.75979e-49 4.52564e-51 1.15798e-52 2.94881e-54 7.47549e-56 1.88706e-57 4.74442e-59 1.18829e-60 2.96544e-62 7.37496e-64 1.82812e-65 4.51745e-67 1.11297e-68 2.73425e-70 6.69897e-72 1.63698e-73 3.99019e-75 9.70287e-77 2.354e-78 5.69837e-80 1.37648e-81 3.31818e-83 7.98313e-85 1.91699e-86 4.59482e-88 1.09938e-89 2.62595e-91 6.26188e-93 1.49084e-94 3.54392e-96 8.41176e-98 1.9937e-99 4.71871e-101 1.11531e-102 2.63264e-104 6.2063e-106 1.46128e-107 3.43642e-109 8.0718e-111 1.89382e-112 4.43837e-114 1.03905e-115 2.42995e-117 5.67688e-119 1.32492e-120 3.0892e-122 7.19601e-124 1.6747e-125 3.89393e-127 9.04606e-129 2.0997e-130 4.86957e-132 1.12842e-133 2.61277e-135 6.04496e-137 1.39751e-138 3.22842e-140 7.45265e-142 1.71918e-143 3.96303e-145 9.12929e-147 2.10163e-148 4.83495e-150 1.1116e-151 2.55407e-153 5.86475e-155 1.34587e-156 3.08676e-158 7.07538e-160 1.62088e-161 3.71115e-163 8.49238e-165 1.94231e-166 4.43995e-168 1.01441e-169
2.11257e-12 2.03191e-13 1.28318e-14 6.58042e-16 2.96237e-17 1.2173e-18 4.67171e-20 1.69939e-21 5.91943e-23 1.98906e-24 6.48346e-26 2.05884e-27 6.39102e-29 1.94466e-30 5.81326e-32 1.71046e-33 4.96148e-35 1.42068e-36 4.02044e-38 1.12557e-39 3.12018e-41 8.57081e-43 2.33452e-44 6.30908e-46 1.69264e-47 4.51023e-49 1.19416e-50 3.14284e-52 8.225e-54 2.14114e-55 5.54595e-57 1.42972e-58 3.66922e-60 9.37667e-62 2.38653e-63 6.0508e-65 1.5285e-66 3.8477e-68 9.65351e-70 2.41425e-71 6.01941e-73 1.49642e-74 3.70967e-76 9.17165e-78 2.26171e-79 5.56345e-81 1.36525e-82 3.34258e-84 8.16556e-86 1.99049e-87 4.84215e-89 1.17557e-90 2.84855e-92 6.88951e-94 1.6633e-95 4.00862e-97 9.64465e-99 2.31668e-100 5.55595e-102 1.3304e-103 3.18094e-105 7.59451e-107 1.81064e-108 4.31094e-110 1.02502e-111 2.43407e-113 5.77281e-115 1.36744e-116 3.23529e-118 7.64562e-120 1.80477e-121 4.2555e-123 1.00234e-124 2.35842e-126 5.54351e-128 1.30171e-129 3.05366e-131 7.15673e-133 1.67573e-134 3.92013e-136 9.16243e-138 2.13966e-139 4.9924e-141 1.1639e-142 2.71123e-144 6.31066e-146 1.46772e-147 3.41102e-149 7.92137e-151 1.83823e-152 4.26273e-154 9.87806e-156 2.28748e-157 5.29361e-159 1.22422e-160 2.82934e-162 6.53484e-164 1.5084e-165 3.4796e-167 8.02203e-169 1.84834e-170
4.56724e-14 4.87934e-15 3.34725e-16 1.84204e-17 8.82652e-19 3.83755e-20 1.55101e-21 5.91943e-23 2.15654e-24 7.55895e-26 2.56425e-27 8.45751e-29 2.72198e-30 8.57358e-32 2.64924e-33 8.047e-35 2.40678e-36 7.0983e-38 2.06694e-39 5.94871e-41 1.69375e-42 4.77489e-44 1.33378e-45 3.694e-47 1.01496e-48 2.76801e-50 7.49653e-52 2.01701e-53 5.39364e-55 1.43394e-56 3.79141e-58 9.97272e-60 2.6103e-61 6.80045e-63 1.76383e-64 4.55556e-66 1.17186e-67 3.00291e-69 7.6668e-71 1.95056e-72 4.9459e-74 1.25006e-75 3.14974e-77 7.91278e-79 1.98219e-80 4.95186e-82 1.2338e-83 3.06633e-85 7.60199e-87 1.88022e-88 4.63978e-90 1.14243e-91 2.80695e-93 6.88249e-95 1.68419e-96 4.11335e-98 1.00274e-99 2.44003e-101 5.92703e-103 1.43727e-104 3.47953e-106 8.41017e-108 2.0296e-109 4.89054e-111 1.17669e-112 2.82711e-114 6.78293e-116 1.62518e-117 3.88874e-119 9.29302e-121 2.21798e-122 5.28722e-124 1.25886e-125 2.99378e-127 7.11162e-129 1.68746e-130 3.99972e-132 9.47032e-134 2.24001e-135 5.29293e-137 1.24943e-138 2.94652e-140 6.94217e-142 1.6341e-143 3.84301e-145 9.02979e-147 2.11986e-148 4.97243e-150 1.16538e-151 2.72907e-153 6.38578e-155 1.49305e-156 3.48819e-158 8.1433e-160 1.89968e-161 4.42839e-163 1.03158e-164 2.40137e-166 5.58622e-168 1.29863e-169 3.01694e-171
9.87409e-16 1.16006e-16 8.58756e-18 5.04527e-19 2.56222e-20 1.1743e-21 4.98202e-23 1.98906e-24 7.55895e-26 2.75705e-27 9.71198e-29 3.32011e-30 1.10572e-31 3.59864e-33 1.14746e-34 3.59228e-36 1.10615e-37 3.35536e-39 1.00396e-40 2.96647e-42 8.66457e-44 2.50392e-45 7.16468e-47 2.03132e-48 5.70997e-50 1.59223e-51 4.40666e-53 1.211e-54 3.30593e-56 8.9684e-58 2.41858e-59 6.48587e-61 1.73007e-62 4.59157e-64 1.21275e-65 3.18855e-67 8.34675e-69 2.17586e-70 5.64956e-72 1.46131e-73 3.76602e-75 9.67172e-77 2.47551e-78 6.31575e-80 1.60634e-81 4.07336e-83 1.02996e-84 2.59708e-86 6.53115e-88 1.63823e-89 4.09902e-91 1.02315e-92 2.54795e-94 6.33089e-96 1.56962e-97 3.88335e-99 9.58809e-101 2.36264e-102 5.8107e-104 1.42643e-105 3.4953e-107 8.54981e-109 2.08778e-110 5.08972e-112 1.2388e-113 3.01039e-115 7.30436e-117 1.76968e-118 4.2813e-120 1.03429e-121 2.49524e-123 6.01169e-125 1.44648e-126 3.47594e-128 8.34239e-130 1.99977e-131 4.78796e-133 1.14503e-134 2.7352e-136 6.5265e-138 1.5556e-139 3.70388e-141 8.80975e-143 2.09329e-144 4.96892e-146 1.17834e-147 2.7917e-149 6.60783e-151 1.56262e-152 3.69196e-154 8.71525e-156 2.05555e-157 4.84408e-159 1.1406e-160 2.68352e-162 6.30855e-164 1.48189e-165 3.47831e-167 8.15819e-169 1.91205e-170 4.47805e-172
2.13472e-17 2.73536e-18 2.17288e-19 1.3569e-20 7.27659e-22 3.50438e-23 1.55626e-24 6.48346e-26 2.56425e-27 9.71198e-29 3.54561e-30 1.25404e-31 4.31442e-33 1.44857e-34 4.75917e-36 1.53345e-37 4.85489e-39 1.51272e-40 4.6453e-42 1.40756e-43 4.2129e-45 1.24669e-46 3.6505e-48 1.05849e-49 3.04119e-51 8.66325e-53 2.44809e-54 6.86586e-56 1.91193e-57 5.28851e-59 1.45357e-60 3.97125e-62 1.0788e-63 2.91475e-65 7.83467e-67 2.09559e-68 5.579e-70 1.47864e-71 3.9022e-73 1.0256e-74 2.68497e-76 7.00273e-78 1.81981e-79 4.71275e-81 1.21639e-82 3.12952e-84 8.02667e-86 2.05257e-87 5.23372e-89 1.33081e-90 3.37486e-92 8.5363e-94 2.15374e-95 5.4208e-97 1.36117e-98 3.41014e-100 8.5246e-102 2.12641e-103 5.29318e-105 1.31496e-106 3.26029e-108 8.06817e-110 1.99293e-111 4.9139e-113 1.20949e-114 2.97194e-116 7.29049e-118 1.78555e-119 4.36623e-121 1.06604e-122 2.59893e-124 6.32676e-126 1.53798e-127 3.73351e-129 9.05099e-131 2.19129e-132 5.2984e-134 1.2795e-135 3.08603e-137 7.43423e-139 1.78879e-140 4.29916e-142 1.03209e-143 2.47497e-145 5.92864e-147 1.41866e-148 3.39121e-150 8.0982e-152 1.93193e-153 4.60437e-155 1.09631e-156 2.6079e-158 6.19798e-160 1.4717e-161 3.49142e-163 8.2758e-165 1.95997e-166 4.63794e-168 1.09659e-169 2.59069e-171 6.11567e-173
4.61512e-19 6.40526e-20 5.43381e-21 3.59306e-22 2.02821e-23 1.02357e-24 4.74651e-26 2.05884e-27 8.45751e-29 3.32011e-30 1.25404e-31 4.5816e-33 1.62591e-34 5.62384e-36 1.90127e-37 6.29718e-39 2.04741e-40 6.54561e-42 2.06072e-43 6.39674e-45 1.95999e-46 5.93369e-48 1.77644e-49 5.26335e-51 1.54441e-52 4.49074e-54 1.29472e-55 3.70297e-57 1.05111e-58 2.96243e-60 8.29314e-62 2.30682e-63 6.37787e-65 1.75321e-66 4.793e-68 1.3035e-69 3.52734e-71 9.49975e-73 2.54681e-74 6.79806e-76 1.80699e-77 4.7839e-79 1.26163e-80 3.31494e-82 8.679e-84 2.2645e-85 5.88898e-87 1.52659e-88 3.9452e-90 1.01654e-91 2.61177e-93 6.69175e-95 1.70993e-96 4.35803e-98 1.10792e-99 2.80975e-101 7.10888e-103 1.79448e-104 4.51971e-106 1.13591e-107 2.84882e-109 7.13021e-111 1.78106e-112 4.44034e-114 1.10494e-115 2.74454e-117 6.805e-119 1.68436e-120 4.16204e-122 1.02675e-123 2.52887e-125 6.21882e-127 1.52695e-128 3.74366e-130 9.16507e-132 2.24056e-133 5.46985e-135 1.33353e-136 3.24681e-138 7.89489e-140 1.91728e-141 4.65033e-143 1.12656e-144 2.72591e-146 6.58814e-148 1.59044e-149 3.83521e-151 9.23817e-153 2.22288e-154 5.34308e-156 1.28298e-157 3.07759e-159 7.37514e-161 1.76567e-162 4.22313e-164 1.00914e-165 2.40921e-167 5.74651e-169 1.36946e-170 3.26077e-172 7.75746e-174
9.97759e-21 1.49105e-21 1.34523e-22 9.38786e-24 5.5625e-25 2.93456e-26 1.4179e-27 6.39102e-29 2.72198e-30 1.10572e-31 4.31442e-33 1.62591e-34 5.94389e-36 2.11534e-37 7.35017e-39 2.49966e-40 8.33732e-42 2.73213e-43 8.80978e-45 2.79893e-46 8.77172e-48 2.71448e-49 8.30212e-51 2.51155e-52 7.52072e-54 2.2306e-55 6.5567e-57 1.91108e-58 5.52605e-60 1.58592e-61 4.51916e-63 1.27909e-64 3.59719e-66 1.00549e-67 2.79432e-69 7.72275e-71 2.12312e-72 5.80746e-74 1.58089e-75 4.2836e-77 1.15555e-78 3.10402e-80 8.30395e-82 2.21278e-83 5.87422e-85 1.55375e-86 4.09533e-88 1.07579e-89 2.81674e-91 7.35184e-93 1.91303e-94 4.96329e-96 1.28404e-97 3.31274e-99 8.52384e-101 2.18755e-102 5.60001e-104 1.43008e-105 3.64338e-107 9.26084e-109 2.34869e-110 5.94374e-112 1.50098e-113 3.78269e-115 9.5139e-117 2.3882e-118 5.98357e-120 1.4964e-121 3.73555e-123 9.30891e-125 2.3158e-126 5.75145e-128 1.42609e-129 3.53041e-131 8.72627e-133 2.15364e-134 5.30732e-136 1.30601e-137 3.20926e-139 7.87518e-141 1.92987e-142 4.72301e-144 1.15438e-145 2.81789e-147 6.87006e-149 1.67289e-150 4.06873e-152 9.88418e-154 2.39842e-155 5.8133e-157 1.40748e-158 3.40402e-160 8.22401e-162 1.98483e-163 4.78543e-165 1.15261e-166 2.77345e-168 6.66713e-170 1.6012e-171 3.84194e-173 9.20997e-175
2.15709e-22 3.45333e-23 3.30135e-24 2.42435e-25 1.50411e-26 8.27719e-28 4.15906e-29 1.94466e-30 8.57358e-32 3.59864e-33 1.44857e-34 5.62384e-36 2.11534e-37 7.73711e-39 2.7602e-40 9.62865e-42 3.29143e-43 1.10457e-44 3.6448e-46 1.1842e-47 3.7929e-49 1.19886e-50 3.7431e-52 1.15536e-53 3.52823e-55 1.0667e-56 3.19474e-58 9.48379e-60 2.79189e-61 8.15425e-63 2.36387e-64 6.8043e-66 1.94545e-67 5.52681e-69 1.56056e-70 4.38087e-72 1.22301e-73 3.39618e-75 9.38308e-77 2.5798e-78 7.0599e-80 1.92338e-81 5.21748e-83 1.40948e-84 3.79249e-86 1.01654e-87 2.71466e-89 7.22365e-91 1.91558e-92 5.06291e-94 1.33383e-95 3.50309e-97 9.1726e-99 2.39479e-100 6.23469e-102 1.61872e-103 4.19157e-105 1.08258e-106 2.78906e-108 7.168e-110 1.83786e-111 4.70143e-113 1.19999e-114 3.05619e-116 7.76721e-118 1.96995e-119 4.98624e-121 1.25963e-122 3.17602e-124 7.99314e-126 2.008e-127 5.03549e-129 1.26058e-130 3.1504e-132 7.86041e-134 1.95806e-135 4.86996e-137 1.20936e-138 2.99872e-140 7.42464e-142 1.83565e-143 4.53206e-145 1.11738e-146 2.7512e-148 6.76503e-150 1.66133e-151 4.07465e-153 9.98128e-155 2.44205e-156 5.96765e-158 1.45662e-159 3.55131e-161 8.64854e-163 2.10386e-164 5.11237e-166 1.24098e-167 3.00923e-169 7.28952e-171 1.76403e-172 4.26466e-174 1.03001e-175
4.66349e-24 7.96263e-25 8.03995e-26 6.19669e-27 4.01663e-28 2.3012e-29 1.2004e-30 5.81326e-32 2.64924e-33 1.14746e-34 4.75917e-36 1.90127e-37 7.35017e-39 2.7602e-40 1.01002e-41 3.61077e-43 1.2639e-44 4.34004e-46 1.46436e-47 4.8618e-49 1.5903e-50 5.13065e-52 1.63418e-53 5.14328e-55 1.60077e-56 4.93031e-58 1.50366e-59 4.54363e-61 1.36102e-62 4.04334e-64 1.19185e-65 3.48725e-67 1.01318e-68 2.92399e-70 8.38484e-72 2.38984e-73 6.77197e-75 1.9083e-76 5.3489e-78 1.49165e-79 4.13945e-81 1.14335e-82 3.14377e-84 8.6067e-86 2.34642e-87 6.37126e-89 1.72328e-90 4.64365e-92 1.24678e-93 3.33583e-95 8.89503e-97 2.36412e-98 6.26352e-100 1.65438e-101 4.35672e-103 1.14402e-104 2.99567e-106 7.82304e-108 2.03757e-109 5.29346e-111 1.37178e-112 3.54635e-114 9.14651e-116 2.35361e-117 6.04292e-119 1.54816e-120 3.95792e-122 1.00977e-123 2.57102e-125 6.53337e-127 1.65706e-128 4.19498e-130 1.06006e-131 2.67398e-133 6.73334e-135 1.69265e-136 4.24796e-138 1.06437e-139 2.66264e-141 6.65058e-143 1.65862e-144 4.13038e-146 1.02707e-147 2.55031e-149 6.32382e-151 1.56593e-152 3.87243e-154 9.56369e-156 2.3589e-157 5.81091e-159 1.42969e-160 3.51329e-162 8.62321e-164 2.11406e-165 5.17686e-167 1.26628e-168 3.09393e-170 7.55131e-172 1.84107e-173 4.484e-175 1.09097e-176
1.00822e-25 1.82886e-26 1.94477e-27 1.56949e-28 1.06075e-29 6.31593e-31 3.41502e-32 1.71046e-33 8.047e-35 3.59228e-36 1.53345e-37 6.29718e-39 2.49966e-40 9.62865e-42 3.61077e-43 1.32176e-44 4.73388e-46 1.66204e-47 5.73e-49 1.94266e-50 6.48524e-52 2.1342e-53 6.93046e-55 2.22278e-56 7.04674e-58 2.2098e-59 6.85922e-61 2.10869e-62 6.42393e-64 1.94024e-65 5.81266e-67 1.72798e-68 5.09933e-70 1.49435e-71 4.35013e-73 1.25832e-74 3.61781e-76 1.03414e-77 2.93966e-79 8.31191e-81 2.33822e-82 6.5454e-84 1.82363e-85 5.05787e-87 1.39668e-88 3.8406e-90 1.05181e-91 2.86925e-93 7.79754e-95 2.11133e-96 5.69665e-98 1.53178e-99 4.10517e-101 1.09666e-102 2.92053e-104 7.75427e-106 2.05281e-107 5.41902e-109 1.42657e-110 3.74544e-112 9.80796e-114 2.56185e-115 6.67509e-117 1.73507e-118 4.49948e-120 1.16418e-121 3.00546e-123 7.74221e-125 1.99023e-126 5.10559e-128 1.30713e-129 3.33994e-131 8.51784e-133 2.16825e-134 5.50928e-136 1.39735e-137 3.53803e-139 8.94283e-141 2.25665e-142 5.68521e-144 1.43e-145 3.59124e-147 9.00514e-149 2.25468e-150 5.63694e-152 1.40727e-153 3.50832e-155 8.73416e-157 2.17148e-158 5.39156e-160 1.33693e-161 3.3109e-163 8.1892e-165 2.02303e-166 4.9916e-168 1.23016e-169 3.02817e-171 7.44565e-173 1.82868e-174 4.48636e-176 1.09946e-177
2.1797e-27 4.18606e-28 4.67582e-29 3.9429e-30 2.77356e-31 1.71357e-32 9.59009e-34 4.96148e-35 2.40678e-36 1.10615e-37 4.85489e-39 2.04741e-40 8.33732e-42 3.29143e-43 1.2639e-44 4.73388e-46 1.73346e-47 6.21839e-49 2.18908e-50 7.57389e-52 2.57887e-53 8.65162e-55 2.8627e-56 9.35118e-58 3.01808e-59 9.63146e-61 3.04121e-62 9.50734e-64 2.94424e-65 9.03675e-67 2.75029e-68 8.30347e-70 2.48787e-71 7.40021e-73 2.18602e-74 6.41497e-76 1.87066e-77 5.42215e-79 1.56256e-80 4.47811e-82 1.27656e-83 3.6205e-85 1.02179e-86 2.87011e-88 8.02525e-90 2.23415e-91 6.19337e-93 1.70988e-94 4.7021e-96 1.28813e-97 3.51581e-99 9.56182e-101 2.59151e-102 7.00021e-104 1.88477e-105 5.05868e-107 1.35359e-108 3.61119e-110 9.60641e-112 2.54833e-113 6.74165e-115 1.7788e-116 4.68131e-118 1.22891e-119 3.21817e-121 8.40747e-123 2.19136e-124 5.69877e-126 1.47873e-127 3.82882e-129 9.89298e-131 2.55094e-132 6.56452e-134 1.686e-135 4.32198e-137 1.10585e-138 2.82435e-140 7.20053e-142 1.83254e-143 4.65585e-145 1.18092e-146 2.9904e-148 7.56039e-150 1.90843e-151 4.80996e-153 1.21047e-154 3.04175e-156 7.63247e-158 1.91245e-159 4.78534e-161 1.19575e-162 2.98394e-164 7.43648e-166 1.85091e-167 4.60101e-169 1.14231e-170 2.83258e-172 7.01553e-174 1.73552e-175 4.28839e-177 1.05844e-178
4.71238e-29 9.55195e-30 1.11813e-30 9.83294e-32 7.18717e-33 4.60081e-34 2.66167e-35 1.42068e-36 7.0983e-38 3.35536e-39 1.51272e-40 6.54561e-42 2.73213e-43 1.10457e-44 4.34004e-46 1.66204e-47 6.21839e-49 2.27773e-50 8.18248e-52 2.88737e-53 1.00218e-54 3.42559e-56 1.15435e-57 3.83851e-59 1.26062e-60 4.09202e-62 1.31378e-63 4.17463e-65 1.31362e-66 4.09554e-68 1.26575e-69 3.87951e-71 1.1797e-72 3.56041e-74 1.06687e-75 3.17505e-77 9.38744e-79 2.75818e-80 8.05551e-82 2.33919e-83 6.7552e-85 1.94047e-86 5.54574e-88 1.57717e-89 4.46422e-91 1.25786e-92 3.52863e-94 9.8568e-96 2.74211e-97 7.59819e-99 2.09734e-100 5.76788e-102 1.58053e-103 4.31591e-105 1.17456e-106 3.18608e-108 8.61502e-110 2.32227e-111 6.24119e-113 1.67246e-114 4.46901e-116 1.19088e-117 3.16491e-119 8.38914e-121 2.21804e-122 5.84983e-124 1.5391e-125 4.03988e-127 1.05796e-128 2.76439e-130 7.20737e-132 1.87511e-133 4.86821e-135 1.26133e-136 3.26152e-138 8.41718e-140 2.16813e-141 5.57439e-143 1.4306e-144 3.66491e-146 9.3724e-148 2.39275e-149 6.09841e-151 1.55176e-152 3.94218e-154 9.99919e-156 2.53235e-157 6.40363e-159 1.61691e-160 4.07675e-162 1.02641e-163 2.58062e-165 6.47933e-167 1.62462e-168 4.06815e-170 1.01737e-171 2.54102e-173 6.3386e-175 1.57923e-176 3.9298e-178 9.76742e-180
1.01879e-30 2.17359e-31 2.66076e-32 2.43593e-33 1.8473e-34 1.22362e-35 7.30885e-37 4.02044e-38 2.06694e-39 1.00396e-40 4.6453e-42 2.06072e-43 8.80978e-45 3.6448e-46 1.46436e-47 5.73e-49 2.18908e-50 8.18248e-52 2.99792e-53 1.07835e-54 3.81333e-56 1.32738e-57 4.55308e-59 1.5405e-60 5.14568e-62 1.69822e-63 5.5415e-65 1.78905e-66 5.71793e-68 1.81013e-69 5.67876e-71 1.76631e-72 5.44921e-74 1.6681e-75 5.06862e-77 1.52926e-78 4.58282e-80 1.36449e-81 4.03749e-83 1.18759e-84 3.47327e-86 1.01024e-87 2.92292e-89 8.41396e-91 2.41021e-92 6.87161e-94 1.95021e-95 5.51052e-97 1.55045e-98 4.34446e-100 1.21251e-101 3.37105e-103 9.33736e-105 2.57699e-106 7.08726e-108 1.94253e-109 5.30667e-111 1.44506e-112 3.92278e-114 1.06167e-115 2.86487e-117 7.70862e-119 2.06841e-120 5.53502e-122 1.47724e-123 3.93248e-125 1.04421e-126 2.76598e-128 7.30921e-130 1.92699e-131 5.06875e-133 1.33032e-134 3.48393e-136 9.10464e-138 2.37441e-139 6.17971e-141 1.60517e-142 4.16133e-144 1.07676e-145 2.78101e-147 7.16962e-149 1.84509e-150 4.74006e-152 1.21565e-153 3.11249e-155 7.95602e-157 2.03043e-158 5.17362e-160 1.31623e-161 3.34359e-163 8.48101e-165 2.14808e-166 5.4329e-168 1.37216e-169 3.46081e-171 8.71693e-173 2.19267e-174 5.50826e-176 1.38197e-177 3.46288e-179 8.66637e-181
2.20255e-32 4.93377e-33 6.30366e-34 5.99824e-35 4.71294e-36 3.22628e-37 1.98749e-38 1.12557e-39 5.94871e-41 2.96647e-42 1.40756e-43 6.39674e-45 2.79893e-46 1.1842e-47 4.8618e-49 1.94266e-50 7.57389e-52 2.88737e-53 1.07835e-54 3.95178e-56 1.42308e-57 5.04212e-59 1.75968e-60 6.05519e-62 2.05629e-63 6.8969e-65 2.28643e-66 7.49697e-68 2.43277e-69 7.81709e-71 2.48851e-72 7.85215e-74 2.45685e-75 7.62581e-77 2.34893e-78 7.18256e-80 2.18099e-81 6.57846e-83 1.97156e-84 5.87255e-86 1.73891e-87 5.11994e-89 1.49928e-90 4.36732e-92 1.26575e-93 3.65058e-95 1.04792e-96 2.99446e-98 8.51919e-100 2.41341e-101 6.80889e-103 1.91333e-104 5.35587e-106 1.49363e-107 4.15032e-109 1.14919e-110 3.17114e-112 8.72164e-114 2.391e-115 6.53431e-117 1.78031e-118 4.83617e-120 1.30995e-121 3.53821e-123 9.53066e-125 2.56037e-126 6.86044e-128 1.83357e-129 4.88843e-131 1.30014e-132 3.44973e-134 9.13231e-136 2.41212e-137 6.35712e-139 1.67182e-140 4.38738e-142 1.14902e-143 3.00316e-145 7.83382e-147 2.03954e-148 5.29998e-150 1.37472e-151 3.55933e-153 9.19927e-155 2.37348e-156 6.11334e-158 1.57198e-159 4.03559e-161 1.03436e-162 2.64698e-164 6.76333e-166 1.7255e-167 4.39563e-169 1.11814e-170 2.84019e-172 7.20426e-174 1.82487e-175 4.61618e-177 1.16616e-178 2.94212e-180 7.4132e-182
4.76177e-34 1.11737e-34 1.48739e-35 1.46888e-36 1.19424e-37 8.4394e-39 5.35638e-40 3.12018e-41 1.69375e-42 8.66457e-44 4.2129e-45 1.95999e-46 8.77172e-48 3.7929e-49 1.5903e-50 6.48524e-52 2.57887e-53 1.00218e-54 3.81333e-56 1.42308e-57 5.21619e-59 1.88035e-60 6.67397e-62 2.33472e-63 8.05731e-65 2.74543e-66 9.24323e-68 3.07698e-69 1.01341e-70 3.30409e-72 1.06697e-73 3.41425e-75 1.08311e-76 3.40772e-78 1.06373e-79 3.29558e-81 1.01369e-82 3.09662e-84 9.39725e-86 2.83375e-87 8.49335e-89 2.53079e-90 7.49874e-92 2.20987e-93 6.47853e-95 1.88972e-96 5.4854e-98 1.58482e-99 4.55804e-101 1.30518e-102 3.72151e-104 1.05677e-105 2.9889e-107 8.42099e-109 2.36368e-110 6.6105e-112 1.84224e-113 5.11645e-115 1.41626e-116 3.90761e-118 1.07475e-119 2.94697e-121 8.05645e-123 2.19609e-124 5.96931e-126 1.61808e-127 4.37427e-129 1.17943e-130 3.17193e-132 8.50922e-134 2.27717e-135 6.07947e-137 1.61929e-138 4.30322e-140 1.14103e-141 3.01895e-143 7.97058e-145 2.1e-146 5.52161e-148 1.44892e-149 3.7947e-151 9.91926e-153 2.58802e-154 6.74e-156 1.75215e-157 4.54692e-159 1.17791e-160 3.0463e-162 7.86523e-164 2.02741e-165 5.2177e-167 1.34071e-168 3.43969e-170 8.81148e-172 2.25389e-173 5.75684e-175 1.46829e-176 3.73965e-178 9.51148e-180 2.41588e-181 6.12805e-183
1.02946e-35 2.52534e-36 3.49667e-37 3.5789e-38 3.00732e-39 2.19154e-40 1.4317e-41 8.57081e-43 4.77489e-44 2.50392e-45 1.24669e-46 5.93369e-48 2.71448e-49 1.19886e-50 5.13065e-52 2.1342e-53 8.65162e-55 3.42559e-56 1.32738e-57 5.04212e-59 1.88035e-60 6.89358e-62 2.48736e-63 8.84255e-65 3.10005e-66 1.07271e-67 3.66647e-69 1.23872e-70 4.13938e-72 1.36894e-73 4.48284e-75 1.45431e-76 4.67617e-78 1.49087e-79 4.71486e-81 1.47958e-82 4.60888e-84 1.42552e-85 4.37926e-87 1.33659e-88 4.0539e-90 1.22218e-91 3.66337e-93 1.09195e-94 3.23736e-96 9.54828e-98 2.80211e-99 8.18359e-101 2.37888e-102 6.88394e-104 1.98335e-105 5.69014e-107 1.62578e-108 4.62669e-110 1.3116e-111 3.70428e-113 1.04238e-114 2.92288e-116 8.16778e-118 2.27481e-119 6.315e-121 1.74754e-122 4.82106e-124 1.32603e-125 3.63661e-127 9.9449e-129 2.71205e-130 7.37592e-132 2.00072e-133 5.41296e-135 1.46079e-136 3.93254e-138 1.05612e-139 2.82963e-141 7.56397e-143 2.01741e-144 5.36886e-146 1.42573e-147 3.77813e-149 9.99132e-151 2.63689e-152 6.9455e-154 1.82589e-155 4.79094e-157 1.25476e-158 3.28027e-160 8.56018e-162 2.22995e-163 5.7991e-165 1.50555e-166 3.90221e-168 1.00977e-169 2.60879e-171 6.72943e-173 1.73321e-174 4.45725e-176 1.14456e-177 2.93481e-179 7.51447e-181 1.92135e-182 4.90584e-184
2.22564e-37 5.69669e-38 8.19237e-39 8.67939e-40 7.52947e-41 5.65272e-42 3.79769e-43 2.33452e-44 1.33378e-45 7.16468e-47 3.6505e-48 1.77644e-49 8.30212e-51 3.7431e-52 1.63418e-53 6.93046e-55 2.8627e-56 1.15435e-57 4.55308e-59 1.75968e-60 6.67397e-62 2.48736e-63 9.12048e-65 3.29371e-66 1.17262e-67 4.1192e-69 1.42886e-70 4.89778e-72 1.66006e-73 5.567e-75 1.84812e-76 6.07669e-78 1.97987e-79 6.39472e-81 2.04832e-82 6.50914e-84 2.05282e-85 6.42712e-87 1.99826e-88 6.17135e-90 1.89371e-91 5.77513e-93 1.75075e-94 5.27711e-96 1.58186e-97 4.71653e-99 1.39908e-100 4.12955e-102 1.21304e-103 3.54671e-105 1.03234e-106 2.99174e-108 8.63358e-110 2.48129e-111 7.10294e-113 2.02546e-114 5.75413e-116 1.62875e-117 4.59403e-119 1.29133e-120 3.61765e-122 1.01018e-123 2.81187e-125 7.80275e-127 2.1587e-128 5.9547e-130 1.63789e-131 4.49258e-133 1.22892e-134 3.35269e-136 9.12297e-138 2.47614e-139 6.70407e-141 1.81071e-142 4.87897e-144 1.3116e-145 3.51796e-147 9.41491e-149 2.51419e-150 6.69974e-152 1.78161e-153 4.72807e-155 1.25224e-156 3.31009e-158 8.73291e-160 2.29965e-161 6.04457e-163 1.58592e-164 4.15365e-166 1.08598e-167 2.83446e-169 7.38571e-171 1.92132e-172 4.99005e-174 1.29396e-175 3.35013e-177 8.66036e-179 2.23541e-180 5.76152e-182 1.48281e-183 3.81077e-185
4.81169e-39 1.28284e-39 1.91341e-40 2.09584e-41 1.87513e-42 1.44894e-43 1.00025e-44 6.30908e-46 3.694e-47 2.03132e-48 1.05849e-49 5.26335e-51 2.51155e-52 1.15536e-53 5.14328e-55 2.22278e-56 9.35118e-58 3.83851e-59 1.5405e-60 6.05519e-62 2.33472e-63 8.84255e-65 3.29371e-66 1.2079e-67 4.36555e-69 1.55631e-70 5.47702e-72 1.90416e-73 6.5443e-75 2.22476e-76 7.4853e-78 2.49381e-79 8.23093e-81 2.69252e-82 8.73312e-84 2.8096e-85 8.96883e-87 2.84176e-88 8.93986e-90 2.79313e-91 8.66936e-93 2.67378e-94 8.1962e-96 2.49772e-97 7.56851e-99 2.28087e-100 6.83747e-102 2.03926e-103 6.05209e-105 1.78757e-106 5.2555e-108 1.53822e-109 4.48268e-111 1.30085e-112 3.75963e-114 1.08228e-115 3.10356e-117 8.86659e-119 2.5239e-120 7.15899e-122 2.02365e-123 5.70116e-125 1.60094e-126 4.4813e-128 1.25051e-129 3.47904e-131 9.65054e-133 2.66929e-134 7.36242e-136 2.02515e-137 5.5556e-139 1.52009e-140 4.1486e-142 1.1294e-143 3.06716e-145 8.30973e-147 2.24607e-148 6.05716e-150 1.62983e-151 4.37589e-153 1.17235e-154 3.13429e-156 8.3623e-158 2.22657e-159 5.91685e-161 1.56929e-162 4.15422e-164 1.09766e-165 2.89502e-167 7.62177e-169 2.00307e-170 5.25517e-172 1.37639e-173 3.59891e-175 9.39487e-177 2.44857e-178 6.37161e-180 1.65544e-181 4.2945e-183 1.11241e-184 2.87722e-186
1.04026e-40 2.88423e-41 4.45603e-42 5.04075e-43 4.64674e-44 3.69249e-45 2.61722e-46 1.69264e-47 1.01496e-48 5.70997e-50 3.04119e-51 1.54441e-52 7.52072e-54 3.52823e-55 1.60077e-56 7.04674e-58 3.01808e-59 1.26062e-60 5.14568e-62 2.05629e-63 8.05731e-65 3.10005e-66 1.17262e-67 4.36555e-69 1.6012e-70 5.7912e-72 2.0671e-73 7.28694e-75 2.53872e-76 8.74662e-78 2.98172e-79 1.00629e-80 3.36369e-82 1.11415e-83 3.65833e-85 1.19125e-86 3.84822e-88 1.23367e-89 3.92604e-91 1.24067e-92 3.89421e-94 1.2144e-95 3.76343e-97 1.15928e-98 3.55031e-100 1.0812e-101 3.27489e-103 9.8676e-105 2.9582e-106 8.82503e-108 2.62026e-109 7.74423e-111 2.27865e-112 6.67575e-114 1.94761e-115 5.65898e-117 1.63778e-118 4.72179e-120 1.35623e-121 3.88137e-123 1.10688e-124 3.14572e-126 8.91015e-128 2.51554e-129 7.0794e-131 1.98615e-132 5.5554e-134 1.5493e-135 4.30827e-137 1.19467e-138 3.3037e-140 9.11144e-142 2.5063e-143 6.87647e-145 1.88195e-146 5.13791e-148 1.39934e-149 3.80222e-151 1.03075e-152 2.78801e-154 7.52447e-156 2.02637e-157 5.44559e-159 1.46039e-160 3.90851e-162 1.04397e-163 2.78301e-165 7.40474e-167 1.96647e-168 5.21272e-170 1.37929e-171 3.64311e-173 9.60576e-175 2.52841e-176 6.64402e-178 1.743e-179 4.56516e-181 1.19377e-182 3.11678e-184 8.12495e-186 2.11483e-187
2.24897e-42 6.47507e-43 1.03496e-43 1.20787e-44 1.14621e-45 9.35916e-47 6.80611e-48 4.51023e-49 2.76801e-50 1.59223e-51 8.66325e-53 4.49074e-54 2.2306e-55 1.0667e-56 4.93031e-58 2.2098e-59 9.63146e-61 4.09202e-62 1.69822e-63 6.8969e-65 2.74543e-66 1.07271e-67 4.1192e-69 1.55631e-70 5.7912e-72 2.12438e-73 7.68853e-75 2.74747e-76 9.70058e-78 3.3862e-79 1.16931e-80 3.9965e-82 1.35262e-83 4.53543e-85 1.50726e-86 4.96657e-88 1.62324e-89 5.264e-91 1.69431e-92 5.41431e-94 1.71827e-95 5.41686e-97 1.69677e-98 5.28224e-100 1.63466e-101 5.0297e-103 1.53903e-104 4.68408e-106 1.41824e-107 4.27263e-109 1.28095e-110 3.82228e-112 1.13536e-113 3.35753e-115 9.88647e-117 2.89902e-118 8.46647e-120 2.46288e-121 7.13708e-123 2.06054e-124 5.92743e-126 1.6991e-127 4.85378e-129 1.38193e-130 3.9217e-132 1.10938e-133 3.1285e-135 8.79585e-137 2.46567e-138 6.89188e-140 1.92095e-141 5.33945e-143 1.48016e-144 4.09238e-146 1.12856e-147 3.10443e-149 8.51859e-151 2.33188e-152 6.36824e-154 1.73512e-155 4.71688e-157 1.27943e-158 3.46288e-160 9.35258e-162 2.52069e-163 6.7798e-165 1.81988e-166 4.87543e-168 1.3036e-169 3.47898e-171 9.26727e-173 2.46409e-174 6.54009e-176 1.73279e-177 4.58305e-179 1.21011e-180 3.18986e-182 8.39468e-184 2.20565e-185 5.786e-187 1.51546e-188
4.86212e-44 1.45166e-44 2.39783e-45 2.88434e-46 2.8152e-47 2.36024e-48 1.75979e-49 1.19416e-50 7.49653e-52 4.40666e-53 2.44809e-54 1.29472e-55 6.5567e-57 3.19474e-58 1.50366e-59 6.85922e-61 3.04121e-62 1.31378e-63 5.5415e-65 2.28643e-66 9.24323e-68 3.66647e-69 1.42886e-70 5.47702e-72 2.0671e-73 7.68853e-75 2.82071e-76 1.0215e-77 3.65416e-79 1.29207e-80 4.51843e-82 1.56362e-83 5.3571e-85 1.81798e-86 6.11354e-88 2.03806e-89 6.73786e-91 2.20983e-92 7.19234e-94 2.32374e-95 7.45475e-97 2.37534e-98 7.51923e-100 2.36527e-101 7.39511e-103 2.29857e-104 7.10404e-106 2.18359e-107 6.67628e-109 2.0308e-110 6.14669e-112 1.8515e-113 5.55108e-115 1.65678e-116 4.92312e-118 1.45668e-119 4.29224e-121 1.25966e-122 3.68232e-124 1.07234e-125 3.11122e-127 8.99415e-129 2.59096e-130 7.43823e-132 2.12827e-133 6.06971e-135 1.72555e-136 4.89032e-138 1.38176e-139 3.89261e-141 1.09344e-142 3.06282e-144 8.55557e-146 2.38344e-147 6.62238e-149 1.83528e-150 5.07332e-152 1.39897e-153 3.84834e-155 1.05611e-156 2.89158e-158 7.89904e-160 2.153e-161 5.85553e-163 1.58912e-164 4.30364e-166 1.16311e-167 3.13709e-169 8.44446e-171 2.26867e-172 6.08334e-174 1.62816e-175 4.34964e-177 1.15991e-178 3.08761e-180 8.2047e-182 2.1765e-183 5.76397e-185 1.52393e-186 4.02255e-188 1.06009e-189
1.05116e-45 3.25036e-46 5.54246e-47 6.86544e-48 6.88664e-49 5.92401e-50 4.52564e-51 3.14284e-52 2.01701e-53 1.211e-54 6.86586e-56 3.70297e-57 1.91108e-58 9.48379e-60 4.54363e-61 2.10869e-62 9.50734e-64 4.17463e-65 1.78905e-66 7.49697e-68 3.07698e-69 1.23872e-70 4.89778e-72 1.90416e-73 7.28694e-75 2.74747e-76 1.0215e-77 3.748e-79 1.35809e-80 4.86303e-82 1.72185e-83 6.03158e-85 2.09141e-86 7.1816e-88 2.44326e-89 8.23873e-91 2.75459e-92 9.13514e-94 3.00592e-95 9.81698e-97 3.18305e-98 1.02493e-99 3.27821e-101 1.04179e-102 3.29023e-104 1.03292e-105 3.22393e-107 1.00063e-108 3.0889e-110 9.48543e-112 2.89804e-113 8.81074e-115 2.66592e-116 8.02916e-118 2.40736e-119 7.18646e-121 2.13623e-122 6.32395e-124 1.86461e-125 5.47638e-127 1.60232e-128 4.67088e-130 1.3567e-131 3.92685e-133 1.13271e-134 3.25643e-136 9.33152e-138 2.66552e-139 7.5904e-141 2.15492e-142 6.09976e-144 1.72162e-145 4.84547e-147 1.35998e-148 3.80676e-150 1.06275e-151 2.95924e-153 8.21923e-155 2.27722e-156 6.29395e-158 1.73544e-159 4.77399e-161 1.31028e-162 3.58816e-164 9.80453e-166 2.6733e-167 7.27361e-169 1.97494e-170 5.35149e-172 1.4472e-173 3.906e-175 1.05221e-176 2.82911e-178 7.59265e-180 2.03397e-181 5.43902e-183 1.45188e-184 3.86893e-186 1.02923e-187 2.73344e-189 7.24757e-191
2.27254e-47 7.26914e-48 1.27833e-48 1.62921e-49 1.67828e-50 1.48028e-51 1.15798e-52 8.225e-54 5.39364e-55 3.30593e-56 1.91193e-57 1.05111e-58 5.52605e-60 2.79189e-61 1.36102e-62 6.42393e-64 2.94424e-65 1.31362e-66 5.71793e-68 2.43277e-69 1.01341e-70 4.13938e-72 1.66006e-73 6.5443e-75 2.53872e-76 9.70058e-78 3.65416e-79 1.35809e-80 4.98351e-82 1.80674e-83 6.47549e-85 2.29568e-86 8.05443e-88 2.79803e-89 9.62849e-91 3.28345e-92 1.11004e-93 3.72164e-95 1.23785e-96 4.08578e-98 1.3387e-99 4.35527e-101 1.40729e-102 4.51745e-104 1.44095e-105 4.56818e-107 1.43969e-108 4.51136e-110 1.40587e-111 4.35767e-113 1.34373e-114 4.12271e-116 1.25875e-117 3.82506e-119 1.15703e-120 3.48427e-122 1.04472e-123 3.11928e-125 9.27536e-127 2.74711e-128 8.10467e-130 2.38206e-131 6.97544e-133 2.03531e-134 5.91795e-136 1.71486e-137 4.9527e-139 1.42575e-140 4.09135e-142 1.17042e-143 3.33815e-145 9.49258e-147 2.69158e-148 7.61028e-150 2.14582e-151 6.0341e-153 1.69231e-154 4.73394e-156 1.32088e-157 3.67641e-159 1.02077e-160 2.82745e-162 7.81353e-164 2.15429e-165 5.92631e-167 1.6267e-168 4.45546e-170 1.21775e-171 3.32136e-173 9.04042e-175 2.45579e-176 6.65789e-178 1.80154e-179 4.86547e-181 1.31159e-182 3.52916e-184 9.47904e-186 2.54149e-187 6.80229e-189 1.81752e-190 4.84811e-192
4.91309e-49 1.62387e-49 2.94238e-50 3.85527e-51 4.07552e-52 3.68342e-53 2.94881e-54 2.14114e-55 1.43394e-56 8.9684e-58 5.28851e-59 2.96243e-60 1.58592e-61 8.15425e-63 4.04334e-64 1.94024e-65 9.03675e-67 4.09554e-68 1.81013e-69 7.81709e-71 3.30409e-72 1.36894e-73 5.567e-75 2.22476e-76 8.74662e-78 3.3862e-79 1.29207e-80 4.86303e-82 1.80674e-83 6.63045e-85 2.40502e-86 8.62718e-88 3.06212e-89 1.07595e-90 3.7443e-92 1.29105e-93 4.41245e-95 1.49533e-96 5.02652e-98 1.67651e-99 5.5499e-101 1.82401e-102 5.95317e-104 1.93e-105 6.21662e-107 1.98994e-108 6.33146e-110 2.00278e-111 6.29958e-113 1.97068e-114 6.13227e-116 1.89845e-117 5.8481e-119 1.79281e-120 5.47039e-122 1.66159e-123 5.0247e-125 1.51296e-126 4.53658e-128 1.35476e-129 4.0297e-131 1.19401e-132 3.5246e-134 1.03662e-135 3.03793e-137 8.87203e-139 2.5822e-140 7.49058e-142 2.16588e-143 6.24276e-145 1.79381e-146 5.13882e-148 1.4678e-149 4.18038e-151 1.18724e-152 3.36246e-154 9.49733e-156 2.67544e-157 7.51731e-159 2.10681e-160 5.88991e-162 1.6426e-163 4.57001e-165 1.26848e-166 3.5128e-168 9.70607e-170 2.67592e-171 7.36141e-173 2.0208e-174 5.53579e-176 1.51337e-177 4.1289e-179 1.12426e-180 3.05529e-182 8.28723e-184 2.24364e-185 6.0631e-187 1.6355e-188 4.40383e-190 1.18373e-191 3.17631e-193
1.06218e-50 3.62385e-51 6.75964e-52 9.09856e-53 9.86393e-54 9.12949e-55 7.47549e-56 5.54595e-57 3.79141e-58 2.41858e-59 1.45357e-60 8.29314e-62 4.51916e-63 2.36387e-64 1.19185e-65 5.81266e-67 2.75029e-68 1.26575e-69 5.67876e-71 2.48851e-72 1.06697e-73 4.48284e-75 1.84812e-76 7.4853e-78 2.98172e-79 1.16931e-80 4.51843e-82 1.72185e-83 6.47549e-85 2.40502e-86 8.82683e-88 3.20319e-89 1.14996e-90 4.0862e-92 1.43778e-93 5.01174e-95 1.73133e-96 5.92958e-98 2.01408e-99 6.78696e-101 2.26963e-102 7.53424e-104 2.4834e-105 8.1299e-107 2.644e-108 8.54424e-110 2.74419e-111 8.76138e-113 2.7812e-114 8.77955e-116 2.75657e-117 8.60981e-119 2.67556e-120 8.27368e-122 2.54628e-123 7.80006e-125 2.37865e-126 7.22199e-128 2.18339e-129 6.57356e-131 1.97113e-132 5.88733e-134 1.75168e-135 5.19241e-137 1.53355e-138 4.51318e-140 1.32361e-141 3.8687e-143 1.12703e-144 3.27265e-146 9.47312e-148 2.73367e-149 7.86484e-151 2.25606e-152 6.45297e-154 1.84052e-155 5.23508e-157 1.48501e-158 4.20131e-160 1.18553e-161 3.33685e-163 9.36868e-165 2.62397e-166 7.33163e-168 2.04372e-169 5.68386e-171 1.57719e-172 4.36678e-174 1.20641e-175 3.32582e-177 9.1494e-179 2.51185e-180 6.88201e-182 1.8818e-183 5.13554e-185 1.39883e-186 3.80299e-188 1.032e-189 2.79541e-191 7.55842e-193 2.0401e-194
