0.997503 0.000124606 0.000112053 0.000100773 9.0634e-05 8.1521e-05 7.33292e-05 6.5965e-05 5.93445e-05 5.33919e-05 4.80396e-05 4.32266e-05 3.88982e-05 3.50054e-05 3.1504e-05 2.83544e-05 2.5521e-05 2.29718e-05 2.0678e-05 1.86139e-05 1.67562e-05 1.5084e-05 1.35785e-05 1.2223e-05 1.10022e-05 9.90246e-06 8.91149e-06 8.01822e-06 7.21269e-06 6.48592e-06 5.84208e-06
0.000124606 8.92885e-08 8.02586e-08 7.21377e-08 6.48326e-08 5.82593e-08 5.23427e-08 4.70151e-08 4.22156e-08 3.78897e-08 3.39881e-08 3.04666e-08 2.72853e-08 2.44082e-08 2.18028e-08 1.944e-08 1.72931e-08 1.53381e-08 1.35532e-08 1.19185e-08 1.04159e-08 9.02882e-09 7.74199e-09 6.54132e-09 5.41374e-09 4.34706e-09 3.3298e-09 2.35113e-09 1.4007e-09 4.68539e-10 4.21842e-10
0.000112053 8.02586e-08 7.21313e-08 6.48211e-08 5.82438e-08 5.23242e-08 4.69943e-08 4.21932e-08 3.78663e-08 3.39641e-08 3.04424e-08 2.72612e-08 2.43844e-08 2.17797e-08 1.94176e-08 1.72715e-08 1.53175e-08 1.35337e-08 1.19002e-08 1.03988e-08 9.01295e-09 7.72739e-09 6.52803e-09 5.4018e-09 4.33649e-09 3.32065e-09 2.34343e-09 1.39451e-09 4.63916e-10 4.17218e-10 3.7564e-10
0.000100773 7.21377e-08 6.48211e-08 5.82387e-08 5.23149e-08 4.69818e-08 4.21783e-08 3.78495e-08 3.39461e-08 3.04235e-08 2.72419e-08 2.4365e-08 2.17604e-08 1.93986e-08 1.72531e-08 1.52997e-08 1.35167e-08 1.1884e-08 1.03835e-08 8.9987e-09 7.71421e-09 6.51596e-09 5.39088e-09 4.32677e-09 3.31217e-09 2.33625e-09 1.38868e-09 4.59506e-10 4.13246e-10 3.71648e-10 3.34614e-10
9.0634e-05 6.48326e-08 5.82438e-08 5.23149e-08 4.69776e-08 4.21708e-08 3.78395e-08 3.39341e-08 3.04101e-08 2.72274e-08 2.43499e-08 2.17449e-08 1.93831e-08 1.72377e-08 1.52846e-08 1.3502e-08 1.18699e-08 1.03702e-08 8.98611e-09 7.70246e-09 6.50511e-09 5.381e-09 4.31792e-09 3.3044e-09 2.32963e-09 1.38325e-09 4.55349e-10 4.09465e-10 3.68242e-10 3.31174e-10 2.98176e-10
8.1521e-05 5.82593e-08 5.23242e-08 4.69818e-08 4.21708e-08 3.78361e-08 3.39281e-08 3.0402e-08 2.72178e-08 2.43391e-08 2.17333e-08 1.9371e-08 1.72254e-08 1.52723e-08 1.34898e-08 1.1858e-08 1.03587e-08 8.97517e-09 7.69215e-09 6.49552e-09 5.37219e-09 4.30996e-09 3.29736e-09 2.32357e-09 1.37825e-09 4.51478e-10 4.05912e-10 3.65009e-10 3.28261e-10 2.95217e-10 2.65804e-10
7.33292e-05 5.23427e-08 4.69943e-08 4.21783e-08 3.78395e-08 3.39281e-08 3.03993e-08 2.72129e-08 2.43326e-08 2.17256e-08 1.93624e-08 1.72161e-08 1.52627e-08 1.34801e-08 1.18483e-08 1.03491e-08 8.9659e-09 7.6833e-09 6.48718e-09 5.36445e-09 4.30291e-09 3.29107e-09 2.31811e-09 1.3737e-09 4.4792e-10 4.02616e-10 3.6198e-10 3.25503e-10 2.92733e-10 2.63265e-10 2.37037e-10
6.5965e-05 4.70151e-08 4.21932e-08 3.78495e-08 3.39341e-08 3.0402e-08 2.72129e-08 2.43305e-08 2.17217e-08 1.93572e-08 1.721e-08 1.52558e-08 1.34727e-08 1.18407e-08 1.03415e-08 8.95831e-09 7.67591e-09 6.48011e-09 5.35781e-09 4.29677e-09 3.28554e-09 2.31327e-09 1.36963e-09 4.44694e-10 3.99601e-10 3.59183e-10 3.2293e-10 2.90387e-10 2.61152e-10 2.34862e-10 2.11466e-10
5.93445e-05 4.22156e-08 3.78663e-08 3.39461e-08 3.04101e-08 2.72178e-08 2.43326e-08 2.17217e-08 1.93554e-08 1.72069e-08 1.52517e-08 1.34678e-08 1.18353e-08 1.03357e-08 8.9524e-09 7.66999e-09 6.47432e-09 5.35225e-09 4.29157e-09 3.28078e-09 2.30905e-09 1.36603e-09 4.41817e-10 3.96885e-10 3.56638e-10 3.20564e-10 2.88207e-10 2.59163e-10 2.33071e-10 2.09608e-10 1.8873e-10
5.33919e-05 3.78897e-08 3.39641e-08 3.04235e-08 2.72274e-08 2.43391e-08 2.17256e-08 1.93572e-08 1.72069e-08 1.52503e-08 1.34654e-08 1.1832e-08 1.03319e-08 8.94818e-09 7.66555e-09 6.46981e-09 5.34781e-09 4.2873e-09 3.2768e-09 2.30546e-09 1.36293e-09 4.39303e-10 3.94483e-10 3.54361e-10 3.18424e-10 2.86214e-10 2.57324e-10 2.31392e-10 2.08095e-10 1.87147e-10 1.68507e-10
4.80396e-05 3.39881e-08 3.04424e-08 2.72419e-08 2.43499e-08 2.17333e-08 1.93624e-08 1.721e-08 1.52517e-08 1.34654e-08 1.18309e-08 1.033e-08 8.94564e-09 7.66258e-09 6.46658e-09 5.34447e-09 4.28398e-09 3.27362e-09 2.30252e-09 1.36034e-09 4.3716e-10 3.92406e-10 3.52367e-10 3.16526e-10 2.84424e-10 2.55652e-10 2.29846e-10 2.06682e-10 1.85873e-10 1.67162e-10 1.50513e-10
4.32266e-05 3.04666e-08 2.72612e-08 2.4365e-08 2.17449e-08 1.9371e-08 1.72161e-08 1.52558e-08 1.34678e-08 1.1832e-08 1.033e-08 8.94479e-09 7.6611e-09 6.46464e-09 5.34224e-09 4.2816e-09 3.27122e-09 2.30022e-09 1.35826e-09 4.35398e-10 3.90663e-10 3.50664e-10 3.14881e-10 2.82851e-10 2.54162e-10 2.2845e-10 2.05389e-10 1.8469e-10 1.66095e-10 1.49375e-10 1.34499e-10
3.88982e-05 2.72853e-08 2.43844e-08 2.17604e-08 1.93831e-08 1.72254e-08 1.52627e-08 1.34727e-08 1.18353e-08 1.03319e-08 8.94564e-09 7.6611e-09 6.464e-09 5.34112e-09 4.28017e-09 3.26962e-09 2.29858e-09 1.35669e-09 4.34022e-10 3.89262e-10 3.49262e-10 3.13498e-10 2.81504e-10 2.52867e-10 2.27218e-10 2.04231e-10 1.83615e-10 1.6511e-10 1.48486e-10 1.33538e-10 1.2024e-10
3.50054e-05 2.44082e-08 2.17797e-08 1.93986e-08 1.72377e-08 1.52723e-08 1.34801e-08 1.18407e-08 1.03357e-08 8.94818e-09 7.66258e-09 6.46464e-09 5.34112e-09 4.2797e-09 3.26882e-09 2.29759e-09 1.35565e-09 4.33036e-10 3.88206e-10 3.48165e-10 3.12384e-10 2.80393e-10 2.51776e-10 2.26161e-10 2.0322e-10 1.8266e-10 1.64221e-10 1.4767e-10 1.32802e-10 1.19433e-10 1.0754e-10
3.1504e-05 2.18028e-08 1.94176e-08 1.72531e-08 1.52846e-08 1.34898e-08 1.18483e-08 1.03415e-08 8.9524e-09 7.66555e-09 6.46658e-09 5.34224e-09 4.28017e-09 3.26882e-09 2.29726e-09 1.35512e-09 4.32444e-10 3.87501e-10 3.47379e-10 3.11544e-10 2.79523e-10 2.50895e-10 2.25286e-10 2.02365e-10 1.81837e-10 1.63439e-10 1.4694e-10 1.32131e-10 1.18827e-10 1.06865e-10 9.62241e-11
2.83544e-05 1.944e-08 1.72715e-08 1.52997e-08 1.3502e-08 1.1858e-08 1.03491e-08 8.95831e-09 7.66999e-09 6.46981e-09 5.34447e-09 4.2816e-09 3.26962e-09 2.29759e-09 1.35512e-09 4.32246e-10 3.87148e-10 3.46906e-10 3.10983e-10 2.78899e-10 2.5023e-10 2.246e-10 2.01673e-10 1.81153e-10 1.62776e-10 1.46307e-10 1.31537e-10 1.1828e-10 1.06371e-10 9.56622e-11 8.61373e-11
2.5521e-05 1.72931e-08 1.53175e-08 1.35167e-08 1.18699e-08 1.03587e-08 8.9659e-09 7.67591e-09 6.47432e-09 5.34781e-09 4.28398e-09 3.27122e-09 2.29858e-09 1.35565e-09 4.32444e-10 3.87148e-10 3.46748e-10 3.10701e-10 2.78523e-10 2.49785e-10 2.24106e-10 2.0115e-10 1.80616e-10 1.62237e-10 1.45779e-10 1.31029e-10 1.17801e-10 1.05928e-10 9.52626e-11 8.56722e-11 7.71424e-11
2.29718e-05 1.53381e-08 1.35337e-08 1.1884e-08 1.03702e-08 8.97517e-09 7.6833e-09 6.48011e-09 5.35225e-09 4.2873e-09 3.27362e-09 2.30022e-09 1.35669e-09 4.33036e-10 3.87501e-10 3.46906e-10 3.10701e-10 2.78397e-10 2.49562e-10 2.23809e-10 2.00799e-10 1.80229e-10 1.61829e-10 1.45362e-10 1.30614e-10 1.17398e-10 1.05546e-10 9.49086e-11 8.53526e-11 7.67599e-11 6.91177e-11
2.0678e-05 1.35532e-08 1.19002e-08 1.03835e-08 8.98611e-09 7.69215e-09 6.48718e-09 5.35781e-09 4.29157e-09 3.2768e-09 2.30252e-09 1.35826e-09 4.34022e-10 3.88206e-10 3.47379e-10 3.10983e-10 2.78523e-10 2.49562e-10 2.2371e-10 2.00623e-10 1.79995e-10 1.61555e-10 1.45061e-10 1.30299e-10 1.17079e-10 1.05233e-10 9.46087e-11 8.50733e-11 7.65076e-11 6.88052e-11 6.19552e-11
1.86139e-05 1.19185e-08 1.03988e-08 8.9987e-09 7.70246e-09 6.49552e-09 5.36445e-09 4.29677e-09 3.28078e-09 2.30546e-09 1.36034e-09 4.35398e-10 3.89262e-10 3.48165e-10 3.11544e-10 2.78899e-10 2.49785e-10 2.23809e-10 2.00623e-10 1.79917e-10 1.61417e-10 1.44879e-10 1.30087e-10 1.16849e-10 1.04993e-10 9.43693e-11 8.48418e-11 7.62908e-11 6.86093e-11 6.1702e-11 5.55594e-11
1.67562e-05 1.04159e-08 9.01295e-09 7.71421e-09 6.50511e-09 5.37219e-09 4.30291e-09 3.28554e-09 2.30905e-09 1.36293e-09 4.3716e-10 3.90663e-10 3.49262e-10 3.12384e-10 2.79523e-10 2.5023e-10 2.24106e-10 2.00799e-10 1.79995e-10 1.61417e-10 1.44818e-10 1.2998e-10 1.16709e-10 1.04831e-10 9.41951e-11 8.46636e-11 7.61159e-11 6.84443e-11 6.15528e-11 5.5356e-11 4.98452e-11
1.5084e-05 9.02882e-09 7.72739e-09 6.51596e-09 5.381e-09 4.30996e-09 3.29107e-09 2.31327e-09 1.36603e-09 4.39303e-10 3.92406e-10 3.50664e-10 3.13498e-10 2.80393e-10 2.50895e-10 2.246e-10 2.0115e-10 1.80229e-10 1.61555e-10 1.44879e-10 1.2998e-10 1.16662e-10 1.0475e-10 9.40893e-11 8.45427e-11 7.59878e-11 6.8316e-11 6.14305e-11 5.52452e-11 4.96833e-11 4.47374e-11
1.35785e-05 7.74199e-09 6.52803e-09 5.39088e-09 4.31792e-09 3.29736e-09 2.31811e-09 1.36963e-09 4.41817e-10 3.94483e-10 3.52367e-10 3.14881e-10 2.81504e-10 2.51776e-10 2.25286e-10 2.01673e-10 1.80616e-10 1.61829e-10 1.45061e-10 1.30087e-10 1.16709e-10 1.0475e-10 9.40539e-11 8.44816e-11 7.59097e-11 6.82283e-11 6.13398e-11 5.51574e-11 4.96037e-11 4.46098e-11 4.0169e-11
1.2223e-05 6.54132e-09 5.4018e-09 4.32677e-09 3.3044e-09 2.32357e-09 1.3737e-09 4.44694e-10 3.96885e-10 3.54361e-10 3.16526e-10 2.82851e-10 2.52867e-10 2.26161e-10 2.02365e-10 1.81153e-10 1.62237e-10 1.45362e-10 1.30299e-10 1.16849e-10 1.04831e-10 9.40893e-11 8.44816e-11 7.58835e-11 6.81839e-11 6.12842e-11 5.50967e-11 4.95435e-11 4.45551e-11 4.00694e-11 3.60807e-11
1.10022e-05 5.41374e-09 4.33649e-09 3.31217e-09 2.32963e-09 1.37825e-09 4.4792e-10 3.99601e-10 3.56638e-10 3.18424e-10 2.84424e-10 2.54162e-10 2.27218e-10 2.0322e-10 1.81837e-10 1.62776e-10 1.45779e-10 1.30614e-10 1.17079e-10 1.04993e-10 9.41951e-11 8.45427e-11 7.59097e-11 6.81839e-11 6.12654e-11 5.50658e-11 4.95062e-11 4.45164e-11 4.00341e-11 3.60036e-11 3.24196e-11
9.90246e-06 4.34706e-09 3.32065e-09 2.33625e-09 1.38325e-09 4.51478e-10 4.02616e-10 3.59183e-10 3.20564e-10 2.86214e-10 2.55652e-10 2.2845e-10 2.04231e-10 1.8266e-10 1.63439e-10 1.46307e-10 1.31029e-10 1.17398e-10 1.05233e-10 9.43693e-11 8.46636e-11 7.59878e-11 6.82283e-11 6.12842e-11 5.50658e-11 4.94935e-11 4.44964e-11 4.00116e-11 3.59829e-11 3.23602e-11 2.91389e-11
8.91149e-06 3.3298e-09 2.34343e-09 1.38868e-09 4.55349e-10 4.05912e-10 3.6198e-10 3.2293e-10 2.88207e-10 2.57324e-10 2.29846e-10 2.05389e-10 1.83615e-10 1.64221e-10 1.4694e-10 1.31537e-10 1.17801e-10 1.05546e-10 9.46087e-11 8.48418e-11 7.61159e-11 6.8316e-11 6.13398e-11 5.50967e-11 4.95062e-11 4.44964e-11 4.00039e-11 3.59719e-11 3.23499e-11 2.9093e-11 2.6197e-11
8.01822e-06 2.35113e-09 1.39451e-09 4.59506e-10 4.09465e-10 3.65009e-10 3.25503e-10 2.90387e-10 2.59163e-10 2.31392e-10 2.06682e-10 1.8469e-10 1.6511e-10 1.4767e-10 1.32131e-10 1.1828e-10 1.05928e-10 9.49086e-11 8.50733e-11 7.62908e-11 6.84443e-11 6.14305e-11 5.51574e-11 4.95435e-11 4.45164e-11 4.00116e-11 3.59719e-11 3.23462e-11 2.90893e-11 2.61607e-11 2.35565e-11
7.21269e-06 1.4007e-09 4.63916e-10 4.13246e-10 3.68242e-10 3.28261e-10 2.92733e-10 2.61152e-10 2.33071e-10 2.08095e-10 1.85873e-10 1.66095e-10 1.48486e-10 1.32802e-10 1.18827e-10 1.06371e-10 9.52626e-11 8.53526e-11 7.65076e-11 6.86093e-11 6.15528e-11 5.52452e-11 4.96037e-11 4.45551e-11 4.00341e-11 3.59829e-11 3.23499e-11 2.90893e-11 2.61603e-11 2.35266e-11 2.11846e-11
6.48592e-06 4.68539e-10 4.17218e-10 3.71648e-10 3.31174e-10 2.95217e-10 2.63265e-10 2.34862e-10 2.09608e-10 1.87147e-10 1.67162e-10 1.49375e-10 1.33538e-10 1.19433e-10 1.06865e-10 9.56622e-11 8.56722e-11 7.67599e-11 6.88052e-11 6.1702e-11 5.5356e-11 4.96833e-11 4.46098e-11 4.00694e-11 3.60036e-11 3.23602e-11 2.9093e-11 2.61607e-11 2.35266e-11 2.1158e-11 1.90518e-11
5.84208e-06 4.21842e-10 3.7564e-10 3.34614e-10 2.98176e-10 2.65804e-10 2.37037e-10 2.11466e-10 1.8873e-10 1.68507e-10 1.50513e-10 1.34499e-10 1.2024e-10 1.0754e-10 9.62241e-11 8.61373e-11 7.71424e-11 6.91177e-11 6.19552e-11 5.55594e-11 4.98452e-11 4.47374e-11 4.0169e-11 3.60807e-11 3.24196e-11 2.91389e-11 2.6197e-11 2.35565e-11 2.11846e-11 1.90518e-11 1.71553e-11
