0.976483 0.00269623 0.00205427 0.00156516 0.0011925 0.000908572 0.000692245 0.000527425 0.000401848 0.00030617 0.000233272 0.000177731 0.000135414 0.000103173 7.86078e-05 5.98917e-05 4.56317e-05 3.4767e-05 2.64892e-05 2.01822e-05 1.53769e-05 1.17158e-05 8.92629e-06 6.80099e-06 5.1817e-06 3.94796e-06 3.00797e-06 2.29179e-06 1.74612e-06 1.33038e-06 1.01362e-06 7.72285e-07 5.88407e-07 4.4831e-07 3.4157e-07 2.60244e-07 1.98281e-07 1.51071e-07 1.15102e-07 8.76966e-08 6.68165e-08 5.09078e-08 3.87869e-08 2.95519e-08 2.25157e-08 1.71549e-08 1.30704e-08 9.95837e-09 7.58733e-09 5.78082e-09 4.40444e-09 3.35576e-09 2.55677e-09 1.94802e-09 1.4842e-09 1.13082e-09 8.61578e-10 6.5644e-10 5.00145e-10 3.81063e-10 2.90334e-10 2.21207e-10 1.68538e-10 1.2841e-10 9.78363e-11 7.45419e-11 5.67939e-11 4.32715e-11 3.29688e-11 2.51191e-11 1.91383e-11 1.45816e-11 1.11098e-11 8.4646e-12 6.44922e-12 4.91369e-12 3.74376e-12 2.85239e-12 2.17325e-12 1.65581e-12 1.26157e-12 9.61196e-13 7.32339e-13 5.57973e-13 4.25122e-13 3.23903e-13 2.46783e-13 1.88025e-13 1.43257e-13 1.09148e-13 8.31607e-14 6.33605e-14 4.82747e-14 3.67807e-14 2.80234e-14 2.13512e-14 1.62675e-14 1.23943e-14 9.44329e-15 7.19489e-15 5.48182e-15
0.00269623 4.76219e-05 3.64681e-05 2.79261e-05 2.13843e-05 1.63745e-05 1.25381e-05 9.60029e-06 7.35066e-06 5.62804e-06 4.30902e-06 3.29905e-06 2.52575e-06 1.93366e-06 1.48034e-06 1.13326e-06 8.67544e-07 6.64113e-07 5.08374e-07 3.89148e-07 2.97877e-07 2.28008e-07 1.74524e-07 1.33582e-07 1.02243e-07 7.82546e-08 5.98932e-08 4.58391e-08 3.50821e-08 2.68489e-08 2.05475e-08 1.57247e-08 1.20337e-08 9.20884e-09 7.04699e-09 5.39255e-09 4.12644e-09 3.15755e-09 2.41611e-09 1.84873e-09 1.41457e-09 1.08235e-09 8.28134e-10 6.33618e-10 4.84782e-10 3.70901e-10 2.83767e-10 2.171e-10 1.66092e-10 1.27066e-10 9.72085e-11 7.43655e-11 5.68895e-11 4.35196e-11 3.32913e-11 2.54666e-11 1.94806e-11 1.49014e-11 1.13985e-11 8.71882e-12 6.66903e-12 5.10106e-12 3.90169e-12 2.98427e-12 2.28253e-12 1.74578e-12 1.33522e-12 1.02121e-12 7.81028e-13 5.97329e-13 4.56829e-13 3.49372e-13 2.67188e-13 2.04333e-13 1.56263e-13 1.19499e-13 9.13839e-14 6.98824e-14 5.34393e-14 4.08646e-14 3.12484e-14 2.38948e-14 1.82714e-14 1.39713e-14 1.0683e-14 8.1686e-15 6.2459e-15 4.77569e-15 3.65151e-15 2.79192e-15 2.13466e-15 1.63211e-15 1.24785e-15 9.54055e-16 7.2942e-16 5.57669e-16 4.26354e-16 3.25957e-16 2.49197e-16 1.90512e-16 1.45645e-16
0.00205427 3.64681e-05 2.79293e-05 2.13893e-05 1.63802e-05 1.25439e-05 9.60584e-06 7.35575e-06 5.63258e-06 4.31298e-06 3.30246e-06 2.52863e-06 1.93609e-06 1.48236e-06 1.13494e-06 8.6892e-07 6.6524e-07 5.09292e-07 3.89893e-07 2.9848e-07 2.28494e-07 1.74914e-07 1.33895e-07 1.02494e-07 7.84546e-08 6.00526e-08 4.59659e-08 3.51828e-08 2.69288e-08 2.06108e-08 1.57748e-08 1.20732e-08 9.24004e-09 7.07158e-09 5.41192e-09 4.14169e-09 3.16953e-09 2.42552e-09 1.85612e-09 1.42036e-09 1.08689e-09 8.31691e-10 6.36402e-10 4.8696e-10 3.72604e-10 2.85098e-10 2.18139e-10 1.66903e-10 1.27699e-10 9.77022e-11 7.47504e-11 5.71894e-11 4.37532e-11 3.34732e-11 2.56081e-11 1.95907e-11 1.49871e-11 1.1465e-11 8.77058e-12 6.70924e-12 5.1323e-12 3.92595e-12 3.0031e-12 2.29714e-12 1.75712e-12 1.34402e-12 1.02803e-12 7.86317e-13 6.01429e-13 4.60007e-13 3.51834e-13 2.69095e-13 2.0581e-13 1.57406e-13 1.20385e-13 9.20691e-14 7.04127e-14 5.38495e-14 4.1182e-14 3.14939e-14 2.40846e-14 1.84182e-14 1.40848e-14 1.07707e-14 8.23637e-15 6.29827e-15 4.81615e-15 3.68277e-15 2.81606e-15 2.1533e-15 1.6465e-15 1.25897e-15 9.62635e-16 7.36043e-16 5.62781e-16 4.30299e-16 3.29e-16 2.51545e-16 1.92323e-16 1.47042e-16 1.12421e-16
0.00156516 2.79261e-05 2.13893e-05 1.63821e-05 1.25468e-05 9.60918e-06 7.35914e-06 5.63582e-06 4.31595e-06 3.3051e-06 2.53095e-06 1.93807e-06 1.48404e-06 1.13635e-06 8.70101e-07 6.66217e-07 5.10096e-07 3.90551e-07 2.99015e-07 2.28929e-07 1.75266e-07 1.34179e-07 1.02721e-07 7.86374e-08 6.01988e-08 4.60827e-08 3.52759e-08 2.70028e-08 2.06696e-08 1.58214e-08 1.21102e-08 9.26927e-09 7.09468e-09 5.43015e-09 4.15606e-09 3.18085e-09 2.43443e-09 1.86312e-09 1.42586e-09 1.09121e-09 8.35078e-10 6.39057e-10 4.8904e-10 3.74232e-10 2.86371e-10 2.19134e-10 1.67681e-10 1.28307e-10 9.81766e-11 7.51205e-11 5.7478e-11 4.39782e-11 3.36486e-11 2.57447e-11 1.96971e-11 1.50699e-11 1.15295e-11 8.82068e-12 6.7482e-12 5.16258e-12 3.94947e-12 3.02137e-12 2.31134e-12 1.76813e-12 1.35257e-12 1.03466e-12 7.91465e-13 6.05421e-13 4.63102e-13 3.54233e-13 2.70954e-13 2.07251e-13 1.58522e-13 1.21249e-13 9.27384e-14 7.09309e-14 5.42506e-14 4.14924e-14 3.17341e-14 2.42704e-14 1.85619e-14 1.41959e-14 1.08567e-14 8.30282e-15 6.34963e-15 4.85585e-15 3.71344e-15 2.83976e-15 2.17161e-15 1.66065e-15 1.26989e-15 9.71068e-16 7.42554e-16 5.67808e-16 4.34179e-16 3.31995e-16 2.53857e-16 1.94107e-16 1.48418e-16 1.13482e-16 8.67691e-17
0.0011925 2.13843e-05 1.63802e-05 1.25468e-05 9.61029e-06 7.36084e-06 5.63777e-06 4.31793e-06 3.307e-06 2.53268e-06 1.93962e-06 1.48539e-06 1.13751e-06 8.71085e-07 6.67044e-07 5.10785e-07 3.91121e-07 2.99485e-07 2.29313e-07 1.75578e-07 1.34433e-07 1.02927e-07 7.8803e-08 6.0332e-08 4.61895e-08 3.53614e-08 2.70711e-08 2.0724e-08 1.58647e-08 1.21445e-08 9.29654e-09 7.11628e-09 5.44723e-09 4.16956e-09 3.1915e-09 2.44282e-09 1.86974e-09 1.43107e-09 1.0953e-09 8.38293e-10 6.41581e-10 4.91019e-10 3.75784e-10 2.87587e-10 2.20086e-10 1.68426e-10 1.28889e-10 9.86315e-11 7.54759e-11 5.77554e-11 4.41947e-11 3.38174e-11 2.58763e-11 1.97997e-11 1.51498e-11 1.15917e-11 8.8691e-12 6.78588e-12 5.19189e-12 3.97226e-12 3.03909e-12 2.3251e-12 1.77883e-12 1.36088e-12 1.04111e-12 7.96469e-13 6.09304e-13 4.66114e-13 3.5657e-13 2.72766e-13 2.08655e-13 1.59611e-13 1.22092e-13 9.33918e-14 7.14369e-14 5.46425e-14 4.17958e-14 3.19689e-14 2.44522e-14 1.87026e-14 1.43047e-14 1.09408e-14 8.36791e-15 6.39996e-15 4.89476e-15 3.74352e-15 2.86301e-15 2.18958e-15 1.67453e-15 1.28061e-15 9.79352e-16 7.48952e-16 5.72748e-16 4.37994e-16 3.3494e-16 2.5613e-16 1.95861e-16 1.49772e-16 1.14528e-16 8.75755e-17 6.69653e-17
0.000908572 1.63745e-05 1.25439e-05 9.60918e-06 7.36084e-06 5.63842e-06 4.31893e-06 3.30813e-06 2.53384e-06 1.94072e-06 1.48641e-06 1.13842e-06 8.71873e-07 6.67721e-07 5.1136e-07 3.91604e-07 2.99887e-07 2.29646e-07 1.75853e-07 1.34657e-07 1.0311e-07 7.89514e-08 6.0452e-08 4.62862e-08 3.54391e-08 2.71335e-08 2.07739e-08 1.59045e-08 1.21763e-08 9.32182e-09 7.13636e-09 5.46316e-09 4.18217e-09 3.20149e-09 2.45071e-09 1.87596e-09 1.43598e-09 1.09916e-09 8.41336e-10 6.43973e-10 4.92899e-10 3.77259e-10 2.88744e-10 2.20993e-10 1.69136e-10 1.29445e-10 9.90668e-11 7.58162e-11 5.80214e-11 4.44025e-11 3.39796e-11 2.60029e-11 1.98984e-11 1.52267e-11 1.16517e-11 8.91584e-12 6.82227e-12 5.22022e-12 3.99431e-12 3.05624e-12 2.33843e-12 1.78919e-12 1.36893e-12 1.04737e-12 8.01328e-13 6.13077e-13 4.69043e-13 3.58842e-13 2.74529e-13 2.10023e-13 1.60671e-13 1.22914e-13 9.40289e-14 7.19306e-14 5.5025e-14 4.2092e-14 3.21984e-14 2.46298e-14 1.88401e-14 1.44111e-14 1.10232e-14 8.43162e-15 6.44924e-15 4.93288e-15 3.773e-15 2.8858e-15 2.2072e-15 1.68814e-15 1.29114e-15 9.87484e-16 7.55235e-16 5.77601e-16 4.41742e-16 3.37835e-16 2.58365e-16 1.97587e-16 1.51105e-16 1.15556e-16 8.83691e-17 6.75778e-17 5.16776e-17
0.000692245 1.25381e-05 9.60584e-06 7.35914e-06 5.63777e-06 4.31893e-06 3.30851e-06 2.53442e-06 1.94139e-06 1.48708e-06 1.13906e-06 8.72465e-07 6.68248e-07 5.1182e-07 3.92e-07 3.00223e-07 2.29928e-07 1.76088e-07 1.34852e-07 1.0327e-07 7.90824e-08 6.05587e-08 4.63728e-08 3.55092e-08 2.719e-08 2.08193e-08 1.5941e-08 1.22055e-08 9.34511e-09 7.15492e-09 5.47793e-09 4.19391e-09 3.21079e-09 2.45809e-09 1.8818e-09 1.44059e-09 1.1028e-09 8.44205e-10 6.46233e-10 4.94677e-10 3.78657e-10 2.89843e-10 2.21856e-10 1.69813e-10 1.29976e-10 9.94823e-11 7.61415e-11 5.8276e-11 4.46015e-11 3.41352e-11 2.61244e-11 1.99933e-11 1.53008e-11 1.17094e-11 8.96087e-12 6.85736e-12 5.24756e-12 4.0156e-12 3.07281e-12 2.35133e-12 1.79922e-12 1.37673e-12 1.05343e-12 8.06041e-13 6.16738e-13 4.71887e-13 3.6105e-13 2.76243e-13 2.11353e-13 1.61703e-13 1.23715e-13 9.46496e-14 7.24118e-14 5.5398e-14 4.23811e-14 3.24223e-14 2.48033e-14 1.89744e-14 1.45151e-14 1.11037e-14 8.49394e-15 6.49747e-15 4.97019e-15 3.80186e-15 2.90813e-15 2.22446e-15 1.70149e-15 1.30146e-15 9.95461e-16 7.614e-16 5.82365e-16 4.45423e-16 3.40678e-16 2.60562e-16 1.99283e-16 1.52414e-16 1.16567e-16 8.91498e-17 6.81804e-17 5.21427e-17 3.9877e-17
0.000527425 9.60029e-06 7.35575e-06 5.63582e-06 4.31793e-06 3.30813e-06 2.53442e-06 1.94161e-06 1.48742e-06 1.13945e-06 8.72859e-07 6.68625e-07 5.12165e-07 3.92307e-07 3.00492e-07 2.30159e-07 1.76284e-07 1.35016e-07 1.03407e-07 7.9196e-08 6.06522e-08 4.64494e-08 3.55716e-08 2.72406e-08 2.08603e-08 1.5974e-08 1.2232e-08 9.3664e-09 7.17196e-09 5.49154e-09 4.20476e-09 3.21943e-09 2.46494e-09 1.88724e-09 1.4449e-09 1.10621e-09 8.46899e-10 6.4836e-10 4.96354e-10 3.79979e-10 2.90883e-10 2.22673e-10 1.70455e-10 1.3048e-10 9.98779e-11 7.64517e-11 5.85189e-11 4.47918e-11 3.4284e-11 2.62408e-11 2.00842e-11 1.53718e-11 1.17649e-11 9.00417e-12 6.89115e-12 5.2739e-12 4.03612e-12 3.0888e-12 2.36379e-12 1.80892e-12 1.38428e-12 1.0593e-12 8.10606e-13 6.20287e-13 4.74645e-13 3.63193e-13 2.77907e-13 2.12645e-13 1.62706e-13 1.24493e-13 9.52537e-14 7.28804e-14 5.57613e-14 4.26628e-14 3.26406e-14 2.49725e-14 1.91055e-14 1.46167e-14 1.11824e-14 8.55485e-15 6.54462e-15 5.00669e-15 3.83011e-15 2.92998e-15 2.24137e-15 1.71457e-15 1.31157e-15 1.00328e-15 7.67445e-16 5.87038e-16 4.49035e-16 3.43469e-16 2.62718e-16 2.00949e-16 1.53701e-16 1.17561e-16 8.99174e-17 6.87731e-17 5.26002e-17 4.02302e-17 3.07688e-17
0.000401848 7.35066e-06 5.63258e-06 4.31595e-06 3.307e-06 2.53384e-06 1.94139e-06 1.48742e-06 1.13958e-06 8.73056e-07 6.68851e-07 5.12395e-07 3.92527e-07 3.00693e-07 2.30338e-07 1.76441e-07 1.35151e-07 1.03521e-07 7.92922e-08 6.07324e-08 4.65157e-08 3.56262e-08 2.72853e-08 2.08967e-08 1.60036e-08 1.22559e-08 9.38569e-09 7.18747e-09 5.50398e-09 4.21471e-09 3.22738e-09 2.47128e-09 1.89228e-09 1.44891e-09 1.10939e-09 8.49418e-10 6.50353e-10 4.97929e-10 3.81222e-10 2.91863e-10 2.23446e-10 1.71063e-10 1.30958e-10 1.00253e-10 7.67465e-11 5.87503e-11 4.49731e-11 3.44261e-11 2.63521e-11 2.01713e-11 1.54399e-11 1.18181e-11 9.04574e-12 6.92361e-12 5.29923e-12 4.05589e-12 3.10421e-12 2.3758e-12 1.81828e-12 1.39157e-12 1.06498e-12 8.15022e-13 6.23722e-13 4.77316e-13 3.6527e-13 2.79521e-13 2.13899e-13 1.6368e-13 1.2525e-13 9.58409e-14 7.33361e-14 5.61149e-14 4.29371e-14 3.28534e-14 2.51374e-14 1.92334e-14 1.47158e-14 1.12591e-14 8.61432e-15 6.59069e-15 5.04236e-15 3.85772e-15 2.95136e-15 2.25791e-15 1.72737e-15 1.32147e-15 1.01094e-15 7.7337e-16 5.91619e-16 4.52577e-16 3.46207e-16 2.64834e-16 2.02585e-16 1.54965e-16 1.18537e-16 9.06715e-17 6.93555e-17 5.305e-17 4.05775e-17 3.1037e-17 2.37393e-17
0.00030617 5.62804e-06 4.31298e-06 3.3051e-06 2.53268e-06 1.94072e-06 1.48708e-06 1.13945e-06 8.73056e-07 6.68926e-07 5.1251e-07 3.92659e-07 3.00828e-07 2.30467e-07 1.76558e-07 1.35256e-07 1.03613e-07 7.9371e-08 6.07992e-08 4.65719e-08 3.5673e-08 2.7324e-08 2.09286e-08 1.60297e-08 1.22772e-08 9.40296e-09 7.20145e-09 5.51525e-09 4.22378e-09 3.23465e-09 2.4771e-09 1.89693e-09 1.45261e-09 1.11234e-09 8.51761e-10 6.52212e-10 4.99402e-10 3.82387e-10 2.92784e-10 2.24172e-10 1.71636e-10 1.3141e-10 1.00609e-10 7.7026e-11 5.89699e-11 4.51455e-11 3.45614e-11 2.64581e-11 2.02544e-11 1.5505e-11 1.1869e-11 9.08557e-12 6.95473e-12 5.32355e-12 4.07488e-12 3.11903e-12 2.38736e-12 1.82729e-12 1.39859e-12 1.07045e-12 8.19286e-13 6.27042e-13 4.799e-13 3.6728e-13 2.81085e-13 2.15115e-13 1.64625e-13 1.25984e-13 9.64111e-14 7.37789e-14 5.64587e-14 4.32039e-14 3.30604e-14 2.5298e-14 1.93579e-14 1.48124e-14 1.1334e-14 8.67234e-15 6.63564e-15 5.07719e-15 3.8847e-15 2.97225e-15 2.27408e-15 1.73989e-15 1.33116e-15 1.01844e-15 7.79171e-16 5.96107e-16 4.56047e-16 3.48891e-16 2.66909e-16 2.04189e-16 1.56205e-16 1.19496e-16 9.14119e-17 6.99276e-17 5.3492e-17 4.09188e-17 3.13006e-17 2.39429e-17 1.83145e-17
0.000233272 4.30902e-06 3.30246e-06 2.53095e-06 1.93962e-06 1.48641e-06 1.13906e-06 8.72859e-07 6.68851e-07 5.1251e-07 3.92703e-07 3.00895e-07 2.30544e-07 1.76637e-07 1.35331e-07 1.03682e-07 7.94322e-08 6.08528e-08 4.66179e-08 3.57121e-08 2.73569e-08 2.0956e-08 1.60523e-08 1.22958e-08 9.41822e-09 7.21388e-09 5.52534e-09 4.23194e-09 3.24123e-09 2.4824e-09 1.90118e-09 1.45601e-09 1.11506e-09 8.53927e-10 6.53935e-10 5.00771e-10 3.83473e-10 2.93644e-10 2.24854e-10 1.72174e-10 1.31834e-10 1.00944e-10 7.72901e-11 5.91777e-11 4.5309e-11 3.46898e-11 2.6559e-11 2.03335e-11 1.5567e-11 1.19176e-11 9.12362e-12 6.98452e-12 5.34684e-12 4.09308e-12 3.13326e-12 2.39847e-12 1.83596e-12 1.40536e-12 1.07573e-12 8.23398e-13 6.30246e-13 4.82395e-13 3.69223e-13 2.82597e-13 2.16291e-13 1.6554e-13 1.26695e-13 9.69641e-14 7.42086e-14 5.67925e-14 4.34631e-14 3.32616e-14 2.54542e-14 1.94791e-14 1.49064e-14 1.14069e-14 8.72889e-15 6.67948e-15 5.11117e-15 3.91103e-15 2.99265e-15 2.28988e-15 1.75213e-15 1.34064e-15 1.02577e-15 7.84847e-16 6.00499e-16 4.59446e-16 3.5152e-16 2.68943e-16 2.05761e-16 1.57421e-16 1.20435e-16 9.21385e-17 7.04891e-17 5.39259e-17 4.12541e-17 3.15596e-17 2.41429e-17 1.8469e-17 1.41283e-17
0.000177731 3.29905e-06 2.52863e-06 1.93807e-06 1.48539e-06 1.13842e-06 8.72465e-07 6.68625e-07 5.12395e-07 3.92659e-07 3.00895e-07 2.3057e-07 1.76676e-07 1.35376e-07 1.03728e-07 7.9476e-08 6.08929e-08 4.66537e-08 3.57433e-08 2.73837e-08 2.09788e-08 1.60715e-08 1.23118e-08 9.43145e-09 7.22477e-09 5.53426e-09 4.23921e-09 3.24713e-09 2.48717e-09 1.90503e-09 1.45911e-09 1.11754e-09 8.55914e-10 6.55523e-10 5.02037e-10 3.84481e-10 2.94445e-10 2.25489e-10 1.72678e-10 1.32233e-10 1.01259e-10 7.75385e-11 5.93737e-11 4.54634e-11 3.48113e-11 2.66546e-11 2.04086e-11 1.5626e-11 1.19639e-11 9.15991e-12 7.01295e-12 5.36911e-12 4.11051e-12 3.14689e-12 2.40912e-12 1.84429e-12 1.41186e-12 1.0808e-12 8.27356e-13 6.33333e-13 4.84802e-13 3.71098e-13 2.84057e-13 2.17428e-13 1.66425e-13 1.27384e-13 9.74997e-14 7.46251e-14 5.71162e-14 4.37146e-14 3.34571e-14 2.5606e-14 1.9597e-14 1.49979e-14 1.14779e-14 8.78395e-15 6.72219e-15 5.14428e-15 3.9367e-15 3.01254e-15 2.3053e-15 1.76407e-15 1.34989e-15 1.03294e-15 7.90396e-16 6.04795e-16 4.62771e-16 3.54093e-16 2.70934e-16 2.07302e-16 1.58612e-16 1.21357e-16 9.2851e-17 7.10399e-17 5.43517e-17 4.15832e-17 3.18139e-17 2.43394e-17 1.86208e-17 1.42456e-17 1.08983e-17
0.000135414 2.52575e-06 1.93609e-06 1.48404e-06 1.13751e-06 8.71873e-07 6.68248e-07 5.12165e-07 3.92527e-07 3.00828e-07 2.30544e-07 1.76676e-07 1.35391e-07 1.03751e-07 7.95023e-08 6.09197e-08 4.66793e-08 3.57668e-08 2.74047e-08 2.0997e-08 1.60872e-08 1.23252e-08 9.44266e-09 7.23411e-09 5.54199e-09 4.24557e-09 3.25234e-09 2.49142e-09 1.90847e-09 1.4619e-09 1.11979e-09 8.57723e-10 6.56974e-10 5.03199e-10 3.85409e-10 2.95185e-10 2.26078e-10 1.73146e-10 1.32604e-10 1.01553e-10 7.77714e-11 5.95577e-11 4.56087e-11 3.49259e-11 2.67448e-11 2.04797e-11 1.56819e-11 1.20079e-11 9.1944e-12 7.04001e-12 5.39033e-12 4.12714e-12 3.15991e-12 2.41931e-12 1.85226e-12 1.41809e-12 1.08567e-12 8.31159e-13 6.36302e-13 4.87118e-13 3.72905e-13 2.85466e-13 2.18526e-13 1.6728e-13 1.28049e-13 9.80177e-14 7.50282e-14 5.74297e-14 4.39584e-14 3.36466e-14 2.57533e-14 1.97114e-14 1.50867e-14 1.15469e-14 8.83751e-15 6.76375e-15 5.17652e-15 3.96171e-15 3.03194e-15 2.32034e-15 1.77573e-15 1.35892e-15 1.03994e-15 7.95817e-16 6.08994e-16 4.66022e-16 3.5661e-16 2.72882e-16 2.08809e-16 1.59779e-16 1.22259e-16 9.35491e-17 7.15799e-17 5.47692e-17 4.1906e-17 3.20634e-17 2.45323e-17 1.87699e-17 1.43608e-17 1.09873e-17 8.40611e-18
0.000103173 1.93366e-06 1.48236e-06 1.13635e-06 8.71085e-07 6.67721e-07 5.1182e-07 3.92307e-07 3.00693e-07 2.30467e-07 1.76637e-07 1.35376e-07 1.03751e-07 7.95111e-08 6.09331e-08 4.66946e-08 3.57824e-08 2.74196e-08 2.10107e-08 1.60994e-08 1.23358e-08 9.45183e-09 7.2419e-09 5.54854e-09 4.25103e-09 3.25686e-09 2.49513e-09 1.91152e-09 1.46438e-09 1.1218e-09 8.59353e-10 6.58289e-10 5.04256e-10 3.86257e-10 2.95864e-10 2.2662e-10 1.73578e-10 1.32948e-10 1.01827e-10 7.79885e-11 5.97298e-11 4.57448e-11 3.50336e-11 2.68298e-11 2.05467e-11 1.57347e-11 1.20494e-11 9.2271e-12 7.06571e-12 5.41051e-12 4.14297e-12 3.17233e-12 2.42904e-12 1.85988e-12 1.42405e-12 1.09034e-12 8.34806e-13 6.39151e-13 4.89343e-13 3.74642e-13 2.86821e-13 2.19583e-13 1.68104e-13 1.28692e-13 9.8518e-14 7.54177e-14 5.7733e-14 4.41944e-14 3.38301e-14 2.5896e-14 1.98223e-14 1.51729e-14 1.16139e-14 8.88954e-15 6.80415e-15 5.20788e-15 3.98605e-15 3.05082e-15 2.33499e-15 1.78709e-15 1.36773e-15 1.04676e-15 8.01108e-16 6.13093e-16 4.69198e-16 3.5907e-16 2.74787e-16 2.10284e-16 1.6092e-16 1.23143e-16 9.42327e-17 7.21088e-17 5.51783e-17 4.22224e-17 3.23081e-17 2.47215e-17 1.89161e-17 1.44738e-17 1.10746e-17 8.47362e-18 6.48341e-18
7.86078e-05 1.48034e-06 1.13494e-06 8.70101e-07 6.67044e-07 5.1136e-07 3.92e-07 3.00492e-07 2.30338e-07 1.76558e-07 1.35331e-07 1.03728e-07 7.95023e-08 6.09331e-08 4.66998e-08 3.57902e-08 2.74286e-08 2.10199e-08 1.61082e-08 1.23438e-08 9.45897e-09 7.24813e-09 5.5539e-09 4.25558e-09 3.26069e-09 2.49832e-09 1.91416e-09 1.46655e-09 1.12358e-09 8.60804e-10 6.59466e-10 5.05209e-10 3.87026e-10 2.96482e-10 2.27116e-10 1.73975e-10 1.33266e-10 1.0208e-10 7.81898e-11 5.98898e-11 4.58718e-11 3.51342e-11 2.69094e-11 2.06097e-11 1.57844e-11 1.20886e-11 9.25799e-12 7.09003e-12 5.42963e-12 4.158e-12 3.18413e-12 2.43831e-12 1.86714e-12 1.42975e-12 1.09479e-12 8.38296e-13 6.41881e-13 4.91478e-13 3.76309e-13 2.88124e-13 2.206e-13 1.68897e-13 1.29311e-13 9.90005e-14 7.57937e-14 5.80258e-14 4.44225e-14 3.40076e-14 2.60341e-14 1.99298e-14 1.52565e-14 1.16789e-14 8.94002e-15 6.84337e-15 5.23835e-15 4.00971e-15 3.06919e-15 2.34924e-15 1.79815e-15 1.37631e-15 1.05342e-15 8.06266e-16 6.17092e-16 4.72297e-16 3.61471e-16 2.76647e-16 2.11725e-16 1.62036e-16 1.24007e-16 9.49015e-17 7.26264e-17 5.55789e-17 4.25324e-17 3.25479e-17 2.49069e-17 1.90595e-17 1.45847e-17 1.11604e-17 8.53989e-18 6.53463e-18 5.00016e-18
5.98917e-05 1.13326e-06 8.6892e-07 6.66217e-07 5.10785e-07 3.91604e-07 3.00223e-07 2.30159e-07 1.76441e-07 1.35256e-07 1.03682e-07 7.9476e-08 6.09197e-08 4.66946e-08 3.57902e-08 2.74315e-08 2.10244e-08 1.61134e-08 1.23492e-08 9.46407e-09 7.25281e-09 5.55807e-09 4.25922e-09 3.26382e-09 2.50098e-09 1.91639e-09 1.46841e-09 1.12513e-09 8.62074e-10 6.60506e-10 5.06057e-10 3.87714e-10 2.97039e-10 2.27565e-10 1.74337e-10 1.33556e-10 1.02312e-10 7.83753e-11 6.00377e-11 4.59895e-11 3.52277e-11 2.69837e-11 2.06685e-11 1.5831e-11 1.21254e-11 9.28705e-12 7.11295e-12 5.4477e-12 4.17223e-12 3.19532e-12 2.4471e-12 1.87405e-12 1.43517e-12 1.09904e-12 8.41627e-13 6.4449e-13 4.9352e-13 3.77907e-13 2.89373e-13 2.21576e-13 1.6966e-13 1.29906e-13 9.94648e-14 7.61559e-14 5.83082e-14 4.46425e-14 3.41791e-14 2.61676e-14 2.00337e-14 1.53374e-14 1.17418e-14 8.98896e-15 6.88141e-15 5.26792e-15 4.03268e-15 3.08703e-15 2.3631e-15 1.8089e-15 1.38466e-15 1.0599e-15 8.11292e-16 6.2099e-16 4.75319e-16 3.63814e-16 2.78463e-16 2.13132e-16 1.63126e-16 1.24851e-16 9.55554e-17 7.31327e-17 5.59708e-17 4.28357e-17 3.27827e-17 2.50886e-17 1.92e-17 1.46934e-17 1.12444e-17 8.60489e-18 6.58488e-18 5.039e-18 3.85599e-18
4.56317e-05 8.67544e-07 6.6524e-07 5.10096e-07 3.91121e-07 2.99887e-07 2.29928e-07 1.76284e-07 1.35151e-07 1.03613e-07 7.94322e-08 6.08929e-08 4.66793e-08 3.57824e-08 2.74286e-08 2.10244e-08 1.61151e-08 1.23518e-08 9.46713e-09 7.25593e-09 5.56105e-09 4.26195e-09 3.26625e-09 2.50311e-09 1.91822e-09 1.46997e-09 1.12643e-09 8.63163e-10 6.61408e-10 5.06799e-10 3.88322e-10 2.97535e-10 2.27968e-10 1.74662e-10 1.33818e-10 1.02523e-10 7.85449e-11 6.01734e-11 4.6098e-11 3.53142e-11 2.70525e-11 2.07232e-11 1.58744e-11 1.21598e-11 9.31429e-12 7.13449e-12 5.4647e-12 4.18564e-12 3.20589e-12 2.45542e-12 1.8806e-12 1.44031e-12 1.10308e-12 8.44798e-13 6.46977e-13 4.95469e-13 3.79433e-13 2.90568e-13 2.2251e-13 1.70391e-13 1.30477e-13 9.9911e-14 7.65042e-14 5.85801e-14 4.48546e-14 3.43444e-14 2.62965e-14 2.01341e-14 1.54156e-14 1.18026e-14 9.03631e-15 6.91826e-15 5.29657e-15 4.05495e-15 3.10434e-15 2.37655e-15 1.81935e-15 1.39277e-15 1.0662e-15 8.16182e-16 6.24784e-16 4.78263e-16 3.66097e-16 2.80233e-16 2.14505e-16 1.6419e-16 1.25676e-16 9.61941e-17 7.36274e-17 5.6354e-17 4.31324e-17 3.30123e-17 2.52664e-17 1.93376e-17 1.47999e-17 1.13268e-17 8.6686e-18 6.63415e-18 5.07711e-18 3.88545e-18 2.97345e-18
3.4767e-05 6.64113e-07 5.09292e-07 3.90551e-07 2.99485e-07 2.29646e-07 1.76088e-07 1.35016e-07 1.03521e-07 7.9371e-08 6.08528e-08 4.66537e-08 3.57668e-08 2.74196e-08 2.10199e-08 1.61134e-08 1.23518e-08 9.46815e-09 7.25749e-09 5.56283e-09 4.26378e-09 3.268e-09 2.50471e-09 1.91965e-09 1.47121e-09 1.1275e-09 8.64071e-10 6.62172e-10 5.07436e-10 3.88849e-10 2.97969e-10 2.28323e-10 1.74952e-10 1.34054e-10 1.02713e-10 7.86985e-11 6.0297e-11 4.61971e-11 3.53936e-11 2.7116e-11 2.07738e-11 1.59147e-11 1.21918e-11 9.33969e-12 7.15461e-12 5.48064e-12 4.19824e-12 3.21583e-12 2.46327e-12 1.88678e-12 1.44518e-12 1.10691e-12 8.47808e-13 6.49341e-13 4.97324e-13 3.80889e-13 2.91708e-13 2.23404e-13 1.7109e-13 1.31024e-13 1.00339e-13 7.68386e-14 5.88412e-14 4.50585e-14 3.45035e-14 2.64206e-14 2.02309e-14 1.5491e-14 1.18614e-14 9.08209e-15 6.95389e-15 5.3243e-15 4.07653e-15 3.12112e-15 2.3896e-15 1.82949e-15 1.40065e-15 1.07232e-15 8.20935e-16 6.28475e-16 4.81127e-16 3.6832e-16 2.81958e-16 2.15842e-16 1.65227e-16 1.2648e-16 9.68174e-17 7.41105e-17 5.67283e-17 4.34223e-17 3.32369e-17 2.54402e-17 1.94722e-17 1.49041e-17 1.14074e-17 8.731e-18 6.68243e-18 5.11445e-18 3.91433e-18 2.99578e-18 2.29275e-18
2.64892e-05 5.08374e-07 3.89893e-07 2.99015e-07 2.29313e-07 1.75853e-07 1.34852e-07 1.03407e-07 7.92922e-08 6.07992e-08 4.66179e-08 3.57433e-08 2.74047e-08 2.10107e-08 1.61082e-08 1.23492e-08 9.46713e-09 7.25749e-09 5.56343e-09 4.26469e-09 3.26904e-09 2.50577e-09 1.92067e-09 1.47215e-09 1.12834e-09 8.64799e-10 6.62797e-10 5.07967e-10 3.89296e-10 2.98341e-10 2.28631e-10 1.75206e-10 1.34261e-10 1.02883e-10 7.8836e-11 6.04083e-11 4.62869e-11 3.54659e-11 2.71739e-11 2.08202e-11 1.59518e-11 1.22214e-11 9.36324e-12 7.17333e-12 5.49549e-12 4.21001e-12 3.22515e-12 2.47064e-12 1.8926e-12 1.44977e-12 1.11053e-12 8.50657e-13 6.51582e-13 4.99086e-13 3.82272e-13 2.92794e-13 2.24256e-13 1.71758e-13 1.31547e-13 1.00748e-13 7.71589e-14 5.90917e-14 4.52542e-14 3.46564e-14 2.654e-14 2.0324e-14 1.55637e-14 1.19181e-14 9.12625e-15 6.9883e-15 5.35111e-15 4.0974e-15 3.13737e-15 2.40223e-15 1.83932e-15 1.40829e-15 1.07826e-15 8.25551e-16 6.3206e-16 4.83912e-16 3.70482e-16 2.83636e-16 2.17144e-16 1.66238e-16 1.27263e-16 9.74252e-17 7.45817e-17 5.70935e-17 4.37054e-17 3.34562e-17 2.56102e-17 1.96038e-17 1.5006e-17 1.14863e-17 8.79208e-18 6.7297e-18 5.15103e-18 3.94264e-18 3.01768e-18 2.30969e-18 1.76778e-18
2.01822e-05 3.89148e-07 2.9848e-07 2.28929e-07 1.75578e-07 1.34657e-07 1.0327e-07 7.9196e-08 6.07324e-08 4.65719e-08 3.57121e-08 2.73837e-08 2.0997e-08 1.60994e-08 1.23438e-08 9.46407e-09 7.25593e-09 5.56283e-09 4.26469e-09 3.26939e-09 2.50631e-09 1.92128e-09 1.47277e-09 1.12893e-09 8.65344e-10 6.63284e-10 5.08392e-10 3.89661e-10 2.98651e-10 2.28892e-10 1.75423e-10 1.34441e-10 1.03031e-10 7.89575e-11 6.05073e-11 4.63674e-11 3.55309e-11 2.72265e-11 2.08625e-11 1.59857e-11 1.22486e-11 9.38494e-12 7.19064e-12 5.50927e-12 4.22096e-12 3.23385e-12 2.47753e-12 1.89805e-12 1.45408e-12 1.11394e-12 8.53343e-13 6.53699e-13 5.00753e-13 3.83584e-13 2.93825e-13 2.25065e-13 1.72393e-13 1.32045e-13 1.01139e-13 7.74649e-14 5.93313e-14 4.54417e-14 3.4803e-14 2.66546e-14 2.04136e-14 1.56336e-14 1.19726e-14 9.16881e-15 7.02148e-15 5.37697e-15 4.11755e-15 3.15306e-15 2.41445e-15 1.84883e-15 1.41569e-15 1.08401e-15 8.30026e-16 6.35539e-16 4.86615e-16 3.72582e-16 2.85267e-16 2.18411e-16 1.67221e-16 1.28026e-16 9.80172e-17 7.50409e-17 5.74497e-17 4.39815e-17 3.36703e-17 2.5776e-17 1.97324e-17 1.51056e-17 1.15634e-17 8.85181e-18 6.77595e-18 5.18683e-18 3.97035e-18 3.03912e-18 2.32628e-18 1.78061e-18 1.36292e-18
1.53769e-05 2.97877e-07 2.28494e-07 1.75266e-07 1.34433e-07 1.0311e-07 7.90824e-08 6.06522e-08 4.65157e-08 3.5673e-08 2.73569e-08 2.09788e-08 1.60872e-08 1.23358e-08 9.45897e-09 7.25281e-09 5.56105e-09 4.26378e-09 3.26904e-09 2.50631e-09 1.92148e-09 1.47308e-09 1.12929e-09 8.65708e-10 6.63631e-10 5.08711e-10 3.89946e-10 2.989e-10 2.29106e-10 1.75605e-10 1.34594e-10 1.03158e-10 7.90629e-11 6.05941e-11 4.64384e-11 3.55889e-11 2.72735e-11 2.09005e-11 1.60164e-11 1.22733e-11 9.40477e-12 7.20652e-12 5.52196e-12 4.23108e-12 3.2419e-12 2.48393e-12 1.90314e-12 1.45811e-12 1.11713e-12 8.55865e-13 6.55691e-13 5.02325e-13 3.84823e-13 2.948e-13 2.25833e-13 1.72997e-13 1.32519e-13 1.01511e-13 7.77567e-14 5.956e-14 4.56209e-14 3.49433e-14 2.67643e-14 2.04994e-14 1.57006e-14 1.2025e-14 9.20973e-15 7.05342e-15 5.40189e-15 4.13698e-15 3.16821e-15 2.42625e-15 1.85803e-15 1.42285e-15 1.08958e-15 8.34361e-16 6.38911e-16 4.89237e-16 3.7462e-16 2.86851e-16 2.19641e-16 1.68177e-16 1.28769e-16 9.85933e-17 7.5488e-17 5.77965e-17 4.42506e-17 3.38789e-17 2.59379e-17 1.98578e-17 1.52028e-17 1.16388e-17 8.91017e-18 6.82116e-18 5.22185e-18 3.99746e-18 3.06011e-18 2.34253e-18 1.79319e-18 1.37265e-18 1.05073e-18
1.17158e-05 2.28008e-07 1.74914e-07 1.34179e-07 1.02927e-07 7.89514e-08 6.05587e-08 4.64494e-08 3.56262e-08 2.7324e-08 2.0956e-08 1.60715e-08 1.23252e-08 9.45183e-09 7.24813e-09 5.55807e-09 4.26195e-09 3.268e-09 2.50577e-09 1.92128e-09 1.47308e-09 1.12941e-09 8.6589e-10 6.6384e-10 5.08923e-10 3.90149e-10 2.99086e-10 2.29272e-10 1.7575e-10 1.34719e-10 1.03264e-10 7.91521e-11 6.06685e-11 4.65e-11 3.56396e-11 2.7315e-11 2.09344e-11 1.60439e-11 1.22956e-11 9.42273e-12 7.22097e-12 5.53356e-12 4.24037e-12 3.24933e-12 2.48985e-12 1.90785e-12 1.46186e-12 1.1201e-12 8.58223e-13 6.57558e-13 5.03801e-13 3.85988e-13 2.9572e-13 2.26558e-13 1.73567e-13 1.32969e-13 1.01864e-13 7.80341e-14 5.97778e-14 4.57917e-14 3.50772e-14 2.68692e-14 2.05815e-14 1.57649e-14 1.20753e-14 9.24901e-15 7.08411e-15 5.42585e-15 4.15568e-15 3.1828e-15 2.43763e-15 1.8669e-15 1.42976e-15 1.09497e-15 8.38553e-16 6.42174e-16 4.91776e-16 3.76595e-16 2.88387e-16 2.20835e-16 1.69104e-16 1.29489e-16 9.91532e-17 7.59228e-17 5.81341e-17 4.45126e-17 3.40822e-17 2.60956e-17 1.99801e-17 1.52976e-17 1.17123e-17 8.96716e-18 6.86532e-18 5.25606e-18 4.02396e-18 3.08063e-18 2.35842e-18 1.80549e-18 1.38218e-18 1.0581e-18 8.09994e-19
8.92629e-06 1.74524e-07 1.33895e-07 1.02721e-07 7.8803e-08 6.0452e-08 4.63728e-08 3.55716e-08 2.72853e-08 2.09286e-08 1.60523e-08 1.23118e-08 9.44266e-09 7.2419e-09 5.5539e-09 4.25922e-09 3.26625e-09 2.50471e-09 1.92067e-09 1.47277e-09 1.12929e-09 8.6589e-10 6.63909e-10 5.0903e-10 3.90271e-10 2.99211e-10 2.29391e-10 1.75859e-10 1.34816e-10 1.03349e-10 7.92251e-11 6.07305e-11 4.65522e-11 3.56831e-11 2.73511e-11 2.09641e-11 1.60682e-11 1.23154e-11 9.43882e-12 7.234e-12 5.54407e-12 4.24883e-12 3.25612e-12 2.49529e-12 1.91219e-12 1.46532e-12 1.12286e-12 8.60416e-13 6.59299e-13 5.0518e-13 3.87081e-13 2.96584e-13 2.2724e-13 1.74106e-13 1.33393e-13 1.02198e-13 7.8297e-14 5.99845e-14 4.5954e-14 3.52047e-14 2.69692e-14 2.06599e-14 1.58263e-14 1.21234e-14 9.28663e-15 7.11353e-15 5.44885e-15 4.17365e-15 3.19683e-15 2.44859e-15 1.87544e-15 1.43643e-15 1.10016e-15 8.42602e-16 6.45327e-16 4.94232e-16 3.78507e-16 2.89874e-16 2.21993e-16 1.70004e-16 1.30189e-16 9.96969e-17 7.63452e-17 5.84622e-17 4.47674e-17 3.428e-17 2.62491e-17 2.00993e-17 1.539e-17 1.1784e-17 9.02274e-18 6.90841e-18 5.28946e-18 4.04984e-18 3.10069e-18 2.37395e-18 1.81752e-18 1.39149e-18 1.06531e-18 8.15578e-19 6.24379e-19
6.80099e-06 1.33582e-07 1.02494e-07 7.86374e-08 6.0332e-08 4.62862e-08 3.55092e-08 2.72406e-08 2.08967e-08 1.60297e-08 1.22958e-08 9.43145e-09 7.23411e-09 5.54854e-09 4.25558e-09 3.26382e-09 2.50311e-09 1.91965e-09 1.47215e-09 1.12893e-09 8.65708e-10 6.6384e-10 5.0903e-10 3.90311e-10 2.99273e-10 2.29462e-10 1.75932e-10 1.34886e-10 1.03413e-10 7.92819e-11 6.07801e-11 4.65949e-11 3.57194e-11 2.73816e-11 2.09895e-11 1.60893e-11 1.23327e-11 9.45303e-12 7.24558e-12 5.55348e-12 4.25645e-12 3.26226e-12 2.50023e-12 1.91616e-12 1.4685e-12 1.1254e-12 8.62443e-13 6.60913e-13 5.06464e-13 3.88099e-13 2.97391e-13 2.27879e-13 1.74611e-13 1.33792e-13 1.02513e-13 7.85454e-14 6.018e-14 4.61079e-14 3.53257e-14 2.70643e-14 2.07345e-14 1.58848e-14 1.21692e-14 9.32258e-15 7.14169e-15 5.47088e-15 4.19088e-15 3.2103e-15 2.45911e-15 1.88366e-15 1.44284e-15 1.10517e-15 8.46505e-16 6.48371e-16 4.96603e-16 3.80354e-16 2.91313e-16 2.23112e-16 1.70876e-16 1.30867e-16 1.00224e-16 7.67551e-17 5.87808e-17 4.50149e-17 3.44723e-17 2.63984e-17 2.02152e-17 1.548e-17 1.18538e-17 9.07691e-18 6.95043e-18 5.32204e-18 4.0751e-18 3.12027e-18 2.38913e-18 1.82928e-18 1.4006e-18 1.07237e-18 8.21041e-19 6.28609e-19 4.81272e-19
5.1817e-06 1.02243e-07 7.84546e-08 6.01988e-08 4.61895e-08 3.54391e-08 2.719e-08 2.08603e-08 1.60036e-08 1.22772e-08 9.41822e-09 7.22477e-09 5.54199e-09 4.25103e-09 3.26069e-09 2.50098e-09 1.91822e-09 1.47121e-09 1.12834e-09 8.65344e-10 6.63631e-10 5.08923e-10 3.90271e-10 2.99273e-10 2.29486e-10 1.75968e-10 1.34927e-10 1.03456e-10 7.93225e-11 6.08174e-11 4.66281e-11 3.57484e-11 2.74066e-11 2.10107e-11 1.61071e-11 1.23476e-11 9.46536e-12 7.25573e-12 5.56179e-12 4.26322e-12 3.26777e-12 2.50469e-12 1.91976e-12 1.4714e-12 1.12772e-12 8.64304e-13 6.624e-13 5.0765e-13 3.89044e-13 2.98142e-13 2.28475e-13 1.75084e-13 1.34166e-13 1.02809e-13 7.87791e-14 6.03645e-14 4.62533e-14 3.54401e-14 2.71544e-14 2.08053e-14 1.59405e-14 1.22129e-14 9.35686e-15 7.16856e-15 5.49193e-15 4.20737e-15 3.2232e-15 2.4692e-15 1.89155e-15 1.44901e-15 1.10998e-15 8.50262e-16 6.51302e-16 4.9889e-16 3.82137e-16 2.92702e-16 2.24195e-16 1.71718e-16 1.31523e-16 1.00735e-16 7.71523e-17 5.90897e-17 4.52551e-17 3.4659e-17 2.65434e-17 2.03279e-17 1.55675e-17 1.19218e-17 9.12965e-18 6.99135e-18 5.35379e-18 4.09973e-18 3.13937e-18 2.40394e-18 1.84076e-18 1.4095e-18 1.07926e-18 8.26382e-19 6.32746e-19 4.84475e-19 3.70943e-19
3.94796e-06 7.82546e-08 6.00526e-08 4.60827e-08 3.53614e-08 2.71335e-08 2.08193e-08 1.5974e-08 1.22559e-08 9.40296e-09 7.21388e-09 5.53426e-09 4.24557e-09 3.25686e-09 2.49832e-09 1.91639e-09 1.46997e-09 1.1275e-09 8.64799e-10 6.63284e-10 5.08711e-10 3.90149e-10 2.99211e-10 2.29462e-10 1.75968e-10 1.34941e-10 1.03477e-10 7.93469e-11 6.08422e-11 4.66519e-11 3.57702e-11 2.7426e-11 2.10277e-11 1.61217e-11 1.236e-11 9.47579e-12 7.26443e-12 5.569e-12 4.26916e-12 3.27263e-12 2.50866e-12 1.92298e-12 1.474e-12 1.12983e-12 8.65997e-13 6.63759e-13 5.08738e-13 3.89914e-13 2.98836e-13 2.29028e-13 1.75523e-13 1.34515e-13 1.03086e-13 7.89981e-14 6.05376e-14 4.63901e-14 3.55481e-14 2.72395e-14 2.08724e-14 1.59932e-14 1.22544e-14 9.38944e-15 7.19414e-15 5.512e-15 4.2231e-15 3.23553e-15 2.47885e-15 1.8991e-15 1.45492e-15 1.1146e-15 8.53872e-16 6.54121e-16 5.0109e-16 3.83854e-16 2.94041e-16 2.25239e-16 1.72532e-16 1.32157e-16 1.01228e-16 7.75367e-17 5.93888e-17 4.54878e-17 3.484e-17 2.66842e-17 2.04373e-17 1.56525e-17 1.19878e-17 9.18093e-18 7.03117e-18 5.3847e-18 4.12372e-18 3.15798e-18 2.41837e-18 1.85196e-18 1.41818e-18 1.08599e-18 8.31597e-19 6.36787e-19 4.87606e-19 3.73368e-19 2.85891e-19
3.00797e-06 5.98932e-08 4.59659e-08 3.52759e-08 2.70711e-08 2.07739e-08 1.5941e-08 1.2232e-08 9.38569e-09 7.20145e-09 5.52534e-09 4.23921e-09 3.25234e-09 2.49513e-09 1.91416e-09 1.46841e-09 1.12643e-09 8.64071e-10 6.62797e-10 5.08392e-10 3.89946e-10 2.99086e-10 2.29391e-10 1.75932e-10 1.34927e-10 1.03477e-10 7.9355e-11 6.08547e-11 4.66661e-11 3.57847e-11 2.74399e-11 2.10405e-11 1.61331e-11 1.23699e-11 9.48434e-12 7.27169e-12 5.57511e-12 4.27425e-12 3.27685e-12 2.51213e-12 1.92583e-12 1.47632e-12 1.13171e-12 8.67522e-13 6.6499e-13 5.09729e-13 3.90709e-13 2.99474e-13 2.29537e-13 1.75929e-13 1.34839e-13 1.03343e-13 7.92023e-14 6.06995e-14 4.65183e-14 3.56495e-14 2.73195e-14 2.09356e-14 1.60431e-14 1.22937e-14 9.42033e-15 7.21842e-15 5.53108e-15 4.23808e-15 3.24728e-15 2.48807e-15 1.90632e-15 1.46057e-15 1.11903e-15 8.57333e-16 6.56827e-16 5.03205e-16 3.85506e-16 2.95331e-16 2.26245e-16 1.73317e-16 1.32769e-16 1.01705e-16 7.79082e-17 5.96781e-17 4.5713e-17 3.50153e-17 2.68206e-17 2.05433e-17 1.5735e-17 1.20519e-17 9.23075e-18 7.06988e-18 5.41476e-18 4.14706e-18 3.1761e-18 2.43244e-18 1.86287e-18 1.42664e-18 1.09255e-18 8.36687e-19 6.40733e-19 4.90664e-19 3.75738e-19 2.87727e-19 2.20327e-19
2.29179e-06 4.58391e-08 3.51828e-08 2.70028e-08 2.0724e-08 1.59045e-08 1.22055e-08 9.3664e-09 7.18747e-09 5.51525e-09 4.23194e-09 3.24713e-09 2.49142e-09 1.91152e-09 1.46655e-09 1.12513e-09 8.63163e-10 6.62172e-10 5.07967e-10 3.89661e-10 2.989e-10 2.29272e-10 1.75859e-10 1.34886e-10 1.03456e-10 7.93469e-11 6.08547e-11 4.66709e-11 3.5792e-11 2.74482e-11 2.1049e-11 1.61412e-11 1.23774e-11 9.49098e-12 7.2775e-12 5.5801e-12 4.2785e-12 3.28042e-12 2.51511e-12 1.92829e-12 1.47836e-12 1.13338e-12 8.6888e-13 6.66092e-13 5.10622e-13 3.9143e-13 3.00053e-13 2.30003e-13 1.76302e-13 1.35137e-13 1.03581e-13 7.93916e-14 6.08501e-14 4.66378e-14 3.57442e-14 2.73946e-14 2.09949e-14 1.60899e-14 1.23307e-14 9.4495e-15 7.2414e-15 5.54916e-15 4.2523e-15 3.25845e-15 2.49684e-15 1.9132e-15 1.46597e-15 1.12325e-15 8.60644e-16 6.59419e-16 5.05232e-16 3.87091e-16 2.96569e-16 2.27212e-16 1.74072e-16 1.33358e-16 1.02165e-16 7.82666e-17 5.99575e-17 4.59307e-17 3.51848e-17 2.69526e-17 2.06461e-17 1.58149e-17 1.21141e-17 9.27909e-18 7.10745e-18 5.44397e-18 4.16975e-18 3.19372e-18 2.44612e-18 1.87349e-18 1.43489e-18 1.09895e-18 8.4165e-19 6.44582e-19 4.93649e-19 3.78052e-19 2.8952e-19 2.21717e-19 1.6979e-19
1.74612e-06 3.50821e-08 2.69288e-08 2.06696e-08 1.58647e-08 1.21763e-08 9.34511e-09 7.17196e-09 5.50398e-09 4.22378e-09 3.24123e-09 2.48717e-09 1.90847e-09 1.46438e-09 1.12358e-09 8.62074e-10 6.61408e-10 5.07436e-10 3.89296e-10 2.98651e-10 2.29106e-10 1.7575e-10 1.34816e-10 1.03413e-10 7.93225e-11 6.08422e-11 4.66661e-11 3.5792e-11 2.7451e-11 2.10532e-11 1.61461e-11 1.23824e-11 9.49573e-12 7.28186e-12 5.58399e-12 4.28189e-12 3.28334e-12 2.51759e-12 1.93038e-12 1.4801e-12 1.13482e-12 8.70068e-13 6.67066e-13 5.11416e-13 3.92075e-13 3.00576e-13 2.30424e-13 1.76642e-13 1.35409e-13 1.03799e-13 7.9566e-14 6.09892e-14 4.67487e-14 3.58324e-14 2.74646e-14 2.10504e-14 1.61339e-14 1.23654e-14 9.47695e-15 7.26306e-15 5.56624e-15 4.26575e-15 3.26904e-15 2.50517e-15 1.91975e-15 1.4711e-15 1.12728e-15 8.63805e-16 6.61896e-16 5.07172e-16 3.88609e-16 2.97757e-16 2.28141e-16 1.74798e-16 1.33925e-16 1.02607e-16 7.86119e-17 6.02269e-17 4.61408e-17 3.53485e-17 2.70801e-17 2.07454e-17 1.58923e-17 1.21743e-17 9.32594e-18 7.14389e-18 5.4723e-18 4.19177e-18 3.21084e-18 2.45942e-18 1.88382e-18 1.44291e-18 1.10518e-18 8.46483e-19 6.48332e-19 4.96558e-19 3.80309e-19 2.9127e-19 2.23074e-19 1.70842e-19 1.30838e-19
1.33038e-06 2.68489e-08 2.06108e-08 1.58214e-08 1.21445e-08 9.32182e-09 7.15492e-09 5.49154e-09 4.21471e-09 3.23465e-09 2.4824e-09 1.90503e-09 1.4619e-09 1.1218e-09 8.60804e-10 6.60506e-10 5.06799e-10 3.88849e-10 2.98341e-10 2.28892e-10 1.75605e-10 1.34719e-10 1.03349e-10 7.92819e-11 6.08174e-11 4.66519e-11 3.57847e-11 2.74482e-11 2.10532e-11 1.61477e-11 1.23848e-11 9.49858e-12 7.28477e-12 5.58677e-12 4.28444e-12 3.28562e-12 2.51958e-12 1.93209e-12 1.48155e-12 1.13604e-12 8.71088e-13 6.67911e-13 5.12111e-13 3.92645e-13 3.0104e-13 2.30802e-13 1.76947e-13 1.35656e-13 1.03997e-13 7.97255e-14 6.1117e-14 4.68508e-14 3.59138e-14 2.75294e-14 2.1102e-14 1.61748e-14 1.23979e-14 9.50267e-15 7.28341e-15 5.58232e-15 4.27844e-15 3.27904e-15 2.51305e-15 1.92595e-15 1.47598e-15 1.13112e-15 8.66814e-16 6.64257e-16 5.09023e-16 3.90059e-16 2.98893e-16 2.2903e-16 1.75494e-16 1.34469e-16 1.03033e-16 7.8944e-17 6.04862e-17 4.63431e-17 3.55064e-17 2.72032e-17 2.08413e-17 1.5967e-17 1.22325e-17 9.37127e-18 7.17918e-18 5.49975e-18 4.21313e-18 3.22745e-18 2.47233e-18 1.89385e-18 1.45071e-18 1.11123e-18 8.51185e-19 6.51983e-19 4.99392e-19 3.82508e-19 2.92976e-19 2.24397e-19 1.71868e-19 1.31634e-19 1.00817e-19
1.01362e-06 2.05475e-08 1.57748e-08 1.21102e-08 9.29654e-09 7.13636e-09 5.47793e-09 4.20476e-09 3.22738e-09 2.4771e-09 1.90118e-09 1.45911e-09 1.11979e-09 8.59353e-10 6.59466e-10 5.06057e-10 3.88322e-10 2.97969e-10 2.28631e-10 1.75423e-10 1.34594e-10 1.03264e-10 7.92251e-11 6.07801e-11 4.66281e-11 3.57702e-11 2.74399e-11 2.1049e-11 1.61461e-11 1.23848e-11 9.49953e-12 7.28622e-12 5.58844e-12 4.28614e-12 3.28724e-12 2.52107e-12 1.93342e-12 1.48271e-12 1.13704e-12 8.71938e-13 6.68626e-13 5.12708e-13 3.93139e-13 3.01447e-13 2.31135e-13 1.77219e-13 1.35877e-13 1.04176e-13 7.98699e-14 6.12332e-14 4.69441e-14 3.59886e-14 2.75892e-14 2.11497e-14 1.62128e-14 1.24281e-14 9.52665e-15 7.30242e-15 5.59738e-15 4.29035e-15 3.28846e-15 2.52047e-15 1.93181e-15 1.48059e-15 1.13475e-15 8.6967e-16 6.66501e-16 5.10786e-16 3.91442e-16 2.99978e-16 2.2988e-16 1.76159e-16 1.3499e-16 1.0344e-16 7.92627e-17 6.07352e-17 4.65377e-17 3.56583e-17 2.73218e-17 2.09338e-17 1.60392e-17 1.22887e-17 9.41508e-18 7.2133e-18 5.52633e-18 4.23381e-18 3.24354e-18 2.48485e-18 1.90359e-18 1.45827e-18 1.11712e-18 8.55756e-19 6.55534e-19 5.02149e-19 3.84648e-19 2.94638e-19 2.25686e-19 1.72869e-19 1.3241e-19 1.01419e-19 7.76798e-20
7.72285e-07 1.57247e-08 1.20732e-08 9.26927e-09 7.11628e-09 5.46316e-09 4.19391e-09 3.21943e-09 2.47128e-09 1.89693e-09 1.45601e-09 1.11754e-09 8.57723e-10 6.58289e-10 5.05209e-10 3.87714e-10 2.97535e-10 2.28323e-10 1.75206e-10 1.34441e-10 1.03158e-10 7.91521e-11 6.07305e-11 4.65949e-11 3.57484e-11 2.7426e-11 2.10405e-11 1.61412e-11 1.23824e-11 9.49858e-12 7.28622e-12 5.58899e-12 4.28699e-12 3.28822e-12 2.52206e-12 1.93437e-12 1.48359e-12 1.13782e-12 8.72618e-13 6.69211e-13 5.13205e-13 3.93557e-13 3.01797e-13 2.31425e-13 1.77458e-13 1.36072e-13 1.04336e-13 7.99992e-14 6.13379e-14 4.70286e-14 3.60566e-14 2.76438e-14 2.11934e-14 1.62478e-14 1.2456e-14 9.54889e-15 7.32011e-15 5.61142e-15 4.30149e-15 3.29728e-15 2.52745e-15 1.93732e-15 1.48494e-15 1.13818e-15 8.72373e-16 6.68628e-16 5.12459e-16 3.92757e-16 3.0101e-16 2.3069e-16 1.76795e-16 1.35488e-16 1.0383e-16 7.9568e-17 6.09741e-17 4.67244e-17 3.58042e-17 2.74358e-17 2.10229e-17 1.61086e-17 1.23429e-17 9.45735e-18 7.24625e-18 5.552e-18 4.25381e-18 3.25912e-18 2.49697e-18 1.91302e-18 1.46561e-18 1.12282e-18 8.60193e-19 6.58982e-19 5.04829e-19 3.8673e-19 2.96254e-19 2.26942e-19 1.73843e-19 1.33166e-19 1.02005e-19 7.81349e-20 5.98496e-20
5.88407e-07 1.20337e-08 9.24004e-09 7.09468e-09 5.44723e-09 4.18217e-09 3.21079e-09 2.46494e-09 1.89228e-09 1.45261e-09 1.11506e-09 8.55914e-10 6.56974e-10 5.04256e-10 3.87026e-10 2.97039e-10 2.27968e-10 1.74952e-10 1.34261e-10 1.03031e-10 7.90629e-11 6.06685e-11 4.65522e-11 3.57194e-11 2.74066e-11 2.10277e-11 1.61331e-11 1.23774e-11 9.49573e-12 7.28477e-12 5.58844e-12 4.28699e-12 3.28854e-12 2.52256e-12 1.93494e-12 1.48417e-12 1.13838e-12 8.73129e-13 6.69667e-13 5.13604e-13 3.939e-13 3.02088e-13 2.3167e-13 1.77662e-13 1.36241e-13 1.04475e-13 8.01135e-14 6.14311e-14 4.71043e-14 3.61179e-14 2.76933e-14 2.12333e-14 1.62798e-14 1.24816e-14 9.56938e-15 7.33646e-15 5.62444e-15 4.31184e-15 3.3055e-15 2.53397e-15 1.94248e-15 1.48903e-15 1.14141e-15 8.74921e-16 6.70638e-16 5.14042e-16 3.94003e-16 3.0199e-16 2.3146e-16 1.77399e-16 1.35962e-16 1.04202e-16 7.98597e-17 6.12025e-17 4.69033e-17 3.59442e-17 2.75452e-17 2.11084e-17 1.61755e-17 1.23951e-17 9.49807e-18 7.27802e-18 5.57678e-18 4.27313e-18 3.27417e-18 2.5087e-18 1.92215e-18 1.47272e-18 1.12835e-18 8.64496e-19 6.62329e-19 5.07431e-19 3.88752e-19 2.97826e-19 2.28162e-19 1.74791e-19 1.33902e-19 1.02577e-19 7.85784e-20 6.01936e-20 4.61096e-20
