0.963684 0.0175799 0.000320699 5.85032e-06 1.06724e-07 1.9469e-09 3.55161e-11 6.47899e-13 1.18192e-14 2.15611e-16 3.93326e-18 7.1752e-20 1.30893e-21 2.3878e-23 4.35592e-25 7.94624e-27 1.44958e-28 2.64439e-30 4.824e-32 8.80012e-34 1.60535e-35 2.92855e-37 5.34237e-39 9.74576e-41 1.77786e-42 3.24324e-44 5.91645e-46 1.0793e-47 1.96891e-49 3.59175e-51 6.55222e-53 1.19528e-54 2.18048e-56 3.97772e-58 7.25631e-60 1.32372e-61 2.41479e-63 4.40515e-65 8.03605e-67 1.46597e-68 2.67428e-70 4.87852e-72 8.89959e-74 1.6235e-75 2.96165e-77 5.40276e-79 9.85592e-81 1.79796e-82 3.2799e-84 5.98333e-86 1.0915e-87 1.99116e-89 3.63235e-91 6.62628e-93 1.20879e-94 2.20513e-96 4.02268e-98 7.33833e-100 1.33869e-101 2.44208e-103 4.45495e-105 8.12689e-107 1.48254e-108 2.70451e-110 4.93367e-112 9.00019e-114 1.64185e-115 2.99513e-117 5.46383e-119 9.96733e-121 1.81828e-122 3.31698e-124 6.05096e-126 1.10384e-127 2.01367e-129 3.67341e-131 6.70118e-133 1.22246e-134 2.23005e-136 4.06815e-138 7.42127e-140 1.35382e-141 2.46969e-143 4.5053e-145 8.21875e-147 1.4993e-148 2.73508e-150 4.98943e-152 9.10192e-154 1.66041e-155 3.02898e-157 5.52559e-159 1.008e-160 1.83883e-162 3.35447e-164 6.11935e-166 1.11632e-167 2.03643e-169 3.71493e-171 6.77693e-173 1.23627e-174
0.0175799 0.000479076 1.16287e-05 2.6484e-07 5.7928e-09 1.23214e-10 2.56768e-12 5.26776e-14 1.06744e-15 2.14152e-17 4.26099e-19 8.41948e-21 1.65384e-22 3.23211e-24 6.28856e-26 1.21877e-27 2.35392e-29 4.53235e-31 8.70269e-33 1.66686e-34 3.18538e-36 6.07472e-38 1.1563e-39 2.19717e-41 4.16834e-43 7.89623e-45 1.49376e-46 2.82221e-48 5.32577e-50 1.00391e-51 1.89039e-53 3.55622e-55 6.68383e-57 1.25513e-58 2.35502e-60 4.41538e-62 8.27225e-64 1.54874e-65 2.89767e-67 5.41812e-69 1.01249e-70 1.89097e-72 3.52976e-74 6.58538e-76 1.22801e-77 2.28886e-79 4.26422e-81 7.94094e-83 1.47817e-84 2.75043e-86 5.11578e-88 9.51179e-90 1.7679e-91 3.28477e-93 6.10111e-95 1.13285e-96 2.10284e-98 3.90219e-100 7.23913e-102 1.34259e-103 2.48934e-105 4.61437e-107 8.55128e-109 1.58432e-110 2.93463e-112 5.43455e-114 1.00618e-115 1.8625e-117 3.44688e-119 6.37772e-121 1.17983e-122 2.18217e-124 4.03532e-126 7.46084e-128 1.37918e-129 2.54904e-131 4.71043e-133 8.70309e-135 1.60774e-136 2.96956e-138 5.48404e-140 1.01262e-141 1.8695e-143 3.45101e-145 6.36951e-147 1.17546e-148 2.16896e-150 4.00165e-152 7.38196e-154 1.3616e-155 2.51118e-157 4.63077e-159 8.53845e-161 1.57418e-162 2.90191e-164 5.3489e-166 9.85825e-168 1.81673e-169 3.34761e-171 6.1679e-173 1.13631e-174
0.000320699 1.16287e-05 3.43575e-07 9.14022e-09 2.27804e-10 5.42768e-12 1.251e-13 2.8106e-15 6.18718e-17 1.33955e-18 2.86026e-20 6.03599e-22 1.26099e-23 2.61139e-25 5.36658e-27 1.0954e-28 2.2224e-30 4.4845e-32 9.00495e-34 1.80021e-35 3.58433e-37 7.11031e-39 1.40571e-40 2.77039e-42 5.44417e-44 1.06698e-45 2.08593e-47 4.06846e-49 7.91802e-51 1.53787e-52 2.98119e-54 5.76873e-56 1.11438e-57 2.14928e-59 4.13901e-61 7.95933e-63 1.52851e-64 2.93155e-66 5.61558e-68 1.07445e-69 2.05349e-71 3.92047e-73 7.47728e-75 1.42471e-76 2.71211e-78 5.15824e-80 9.80222e-82 1.8612e-83 3.53116e-85 6.69445e-87 1.26822e-88 2.40089e-90 4.54209e-92 8.5873e-94 1.6225e-95 3.06372e-97 5.78175e-99 1.09049e-100 2.05565e-102 3.87299e-104 7.29323e-106 1.37271e-107 2.58242e-109 4.85593e-111 9.12686e-113 1.71467e-114 3.21997e-116 6.04429e-118 1.13413e-119 2.12721e-121 3.98834e-123 7.47504e-125 1.40048e-126 2.62295e-128 4.91082e-130 9.1912e-132 1.71969e-133 3.21655e-135 6.01445e-137 1.12427e-138 2.10096e-140 3.92501e-142 7.33063e-144 1.36875e-145 2.55499e-147 4.76806e-149 8.89575e-151 1.65926e-152 3.09415e-154 5.76853e-156 1.07519e-157 2.00359e-159 3.73278e-161 6.95284e-163 1.29479e-164 2.4107e-166 4.48743e-168 8.35151e-170 1.55398e-171 2.89097e-173 5.37721e-175
5.85032e-06 2.6484e-07 9.14022e-09 2.75607e-10 7.64386e-12 2.00085e-13 5.01793e-15 1.21739e-16 2.87609e-18 6.64818e-20 1.50893e-21 3.37198e-23 7.43496e-25 1.62029e-26 3.49493e-28 7.46993e-30 1.5836e-31 3.33261e-33 6.96683e-35 1.44764e-36 2.99148e-38 6.15053e-40 1.25867e-41 2.56473e-43 5.20518e-45 1.05249e-46 2.1208e-48 4.25968e-50 8.52981e-52 1.70322e-53 3.39188e-55 6.7378e-57 1.33526e-58 2.6402e-60 5.20939e-62 1.0258e-63 2.01607e-65 3.95512e-67 7.74571e-69 1.51442e-70 2.95629e-72 5.76228e-74 1.12155e-75 2.17992e-77 4.23147e-79 8.20338e-81 1.58842e-82 3.07208e-84 5.93489e-86 1.14531e-87 2.20791e-89 4.25212e-91 8.18107e-93 1.57257e-94 3.02008e-96 5.79495e-98 1.11101e-99 2.12829e-101 4.07382e-103 7.79189e-105 1.48924e-106 2.84429e-108 5.42855e-110 1.03538e-111 1.97349e-113 3.75918e-115 7.15623e-117 1.36149e-118 2.58877e-120 4.91956e-122 9.34371e-124 1.7737e-125 3.36523e-127 6.38157e-129 1.20956e-130 2.29147e-132 4.33909e-134 8.21264e-136 1.55372e-137 2.93815e-139 5.55378e-141 1.04935e-142 1.98189e-144 3.74166e-146 7.06122e-148 1.33208e-149 2.512e-151 4.73534e-153 8.92335e-155 1.68095e-156 3.16543e-158 5.95889e-160 1.12139e-161 2.10965e-163 3.96759e-165 7.4595e-167 1.40205e-168 2.63444e-170 4.94865e-172 9.29316e-174 1.74469e-175
1.06724e-07 5.7928e-09 2.27804e-10 7.64386e-12 2.32462e-13 6.60316e-15 1.78294e-16 4.62811e-18 1.16389e-19 2.85155e-21 6.83475e-23 1.60779e-24 3.72133e-26 8.49206e-28 1.91379e-29 4.26523e-31 9.41143e-33 2.05808e-34 4.464e-36 9.61076e-38 2.05511e-39 4.36713e-41 9.22682e-43 1.93905e-44 4.05484e-46 8.44024e-48 1.74931e-49 3.61099e-51 7.42586e-53 1.52169e-54 3.10779e-56 6.32716e-58 1.28432e-59 2.59963e-61 5.24795e-63 1.05673e-64 2.12273e-66 4.25429e-68 8.50766e-70 1.6978e-71 3.3814e-73 6.72171e-75 1.33374e-76 2.64181e-78 5.22404e-80 1.03136e-81 2.03304e-83 4.00163e-85 7.86513e-87 1.54375e-88 3.02604e-90 5.924e-92 1.1583e-93 2.26209e-95 4.41264e-97 8.59815e-99 1.67357e-100 3.25411e-102 6.32095e-104 1.22662e-105 2.37807e-107 4.60619e-109 8.91399e-111 1.72357e-112 3.32981e-114 6.42772e-116 1.2398e-117 2.38952e-119 4.60197e-121 8.8565e-123 1.70322e-124 3.27327e-126 6.28636e-128 1.20651e-129 2.31413e-131 4.43581e-133 8.49756e-135 1.62689e-136 3.11294e-138 5.95303e-140 1.1378e-141 2.1735e-143 4.14977e-145 7.91891e-147 1.51039e-148 2.87937e-150 5.48654e-152 1.04495e-153 1.98926e-155 3.78522e-157 7.19946e-159 1.36874e-160 2.60111e-162 4.94101e-164 9.38201e-166 1.78075e-167 3.37864e-169 6.40787e-171 1.21485e-172 2.30235e-174 4.36178e-176
1.9469e-09 1.23214e-10 5.42768e-12 2.00085e-13 6.60316e-15 2.01759e-16 5.82085e-18 1.60582e-19 4.27306e-21 1.10366e-22 2.77984e-24 6.85284e-26 1.65817e-27 3.94723e-29 9.26151e-31 2.14524e-32 4.91188e-34 1.11296e-35 2.49799e-37 5.55824e-39 1.22697e-40 2.6888e-42 5.85262e-44 1.26597e-45 2.72252e-47 5.82324e-49 1.23925e-50 2.62476e-52 5.53461e-54 1.16216e-55 2.43068e-57 5.06489e-59 1.05167e-60 2.17641e-62 4.48976e-64 9.23417e-66 1.89378e-67 3.87323e-69 7.90111e-71 1.60777e-72 3.26383e-74 6.61064e-76 1.33602e-77 2.6945e-79 5.42342e-81 1.08951e-82 2.18469e-84 4.37294e-86 8.73805e-88 1.74317e-89 3.47195e-91 6.90464e-93 1.37109e-94 2.71875e-96 5.3836e-98 1.06462e-99 2.1026e-101 4.14737e-103 8.17077e-105 1.60784e-106 3.16029e-108 6.20484e-110 1.21694e-111 2.38426e-113 4.66658e-115 9.12466e-117 1.78246e-118 3.4787e-120 6.78301e-122 1.32143e-123 2.57214e-125 5.00242e-127 9.72106e-129 1.88756e-130 3.6623e-132 7.10031e-134 1.37557e-135 2.66301e-137 5.15181e-139 9.95977e-141 1.92419e-142 3.71503e-144 7.16802e-146 1.38218e-147 2.66357e-149 5.12985e-151 9.87395e-153 1.89945e-154 3.65194e-156 7.01745e-158 1.34773e-159 2.587e-161 4.96327e-163 9.51741e-165 1.82413e-166 3.49447e-168 6.69114e-170 1.28061e-171 2.44982e-173 4.68444e-175 8.95342e-177
3.55161e-11 2.56768e-12 1.251e-13 5.01793e-15 1.78294e-16 5.82085e-18 1.78388e-19 5.20317e-21 1.45821e-22 3.9537e-24 1.04246e-25 2.68358e-27 6.76611e-29 1.67507e-30 4.08038e-32 9.79702e-34 2.32191e-35 5.43867e-37 1.26037e-38 2.89241e-40 6.57852e-42 1.48391e-43 3.32177e-45 7.38332e-47 1.63031e-48 3.57779e-50 7.80656e-52 1.69419e-53 3.65813e-55 7.86111e-57 1.68172e-58 3.58239e-60 7.60051e-62 1.6064e-63 3.3829e-65 7.09951e-67 1.48505e-68 3.09667e-70 6.43802e-72 1.33466e-73 2.75932e-75 5.68985e-77 1.17034e-78 2.40148e-80 4.91638e-82 1.00427e-83 2.04704e-85 4.16404e-87 8.45366e-89 1.71296e-90 3.4646e-92 6.99502e-94 1.40988e-95 2.83697e-97 5.69947e-99 1.14325e-100 2.2898e-102 4.57957e-104 9.1462e-106 1.82417e-107 3.6334e-109 7.22779e-111 1.43601e-112 2.84959e-114 5.64802e-116 1.11819e-117 2.21131e-119 4.36831e-121 8.62028e-123 1.69935e-124 3.34667e-126 6.58443e-128 1.29423e-129 2.54159e-131 4.98661e-133 9.77516e-135 1.91456e-136 3.74672e-138 7.32617e-140 1.43138e-141 2.79444e-143 5.45133e-145 1.06264e-146 2.06991e-148 4.0291e-150 7.8372e-152 1.52341e-153 2.95926e-155 5.74465e-157 1.11446e-158 2.1607e-160 4.18656e-162 8.10696e-164 1.56892e-165 3.03454e-167 5.86595e-169 1.13329e-170 2.1883e-172 4.22319e-174 8.14602e-176 1.57046e-177
6.47899e-13 5.26776e-14 2.8106e-15 1.21739e-16 4.62811e-18 1.60582e-19 5.20317e-21 1.59789e-22 4.69864e-24 1.33277e-25 3.66704e-27 9.82914e-29 2.57535e-30 6.6141e-32 1.66878e-33 4.14417e-35 1.01455e-36 2.45182e-38 5.85584e-40 1.38359e-41 3.23689e-43 7.50379e-45 1.72489e-46 3.93399e-48 8.90698e-50 2.00291e-51 4.47525e-53 9.9396e-55 2.19518e-56 4.82242e-58 1.0541e-59 2.29317e-61 4.9664e-63 1.07101e-64 2.30033e-66 4.92165e-68 1.04915e-69 2.22867e-71 4.71847e-73 9.95795e-75 2.09513e-76 4.3952e-78 9.19447e-80 1.91825e-81 3.9917e-83 8.28573e-85 1.71579e-86 3.54483e-88 7.30737e-90 1.50313e-91 3.08557e-93 6.3213e-95 1.29253e-96 2.63793e-98 5.37408e-100 1.09292e-101 2.21889e-103 4.49751e-105 9.10164e-107 1.83907e-108 3.71046e-110 7.47529e-112 1.50389e-113 3.02141e-115 6.06212e-117 1.21472e-118 2.431e-120 4.85913e-122 9.70097e-124 1.93449e-125 3.85325e-127 7.6667e-129 1.52378e-130 3.02539e-132 6.0006e-134 1.18898e-135 2.3536e-137 4.65453e-139 9.19635e-141 1.81535e-142 3.58031e-144 7.05509e-146 1.38905e-147 2.73256e-149 5.3712e-151 1.05494e-152 2.07036e-154 4.06007e-156 7.95604e-158 1.55791e-159 3.04845e-161 5.96089e-163 1.16478e-164 2.27449e-166 4.43853e-168 8.65589e-170 1.68698e-171 3.28575e-173 6.39582e-175 1.24422e-176 2.41903e-178
1.18192e-14 1.06744e-15 6.18718e-17 2.87609e-18 1.16389e-19 4.27306e-21 1.45821e-22 4.69864e-24 1.44514e-25 4.27614e-27 1.22453e-28 3.40924e-30 9.26171e-32 2.46234e-33 6.42207e-35 1.64645e-36 4.15625e-38 1.03458e-39 2.54258e-41 6.17594e-43 1.48407e-44 3.53096e-46 8.32399e-48 1.94561e-49 4.51146e-51 1.03835e-52 2.37322e-54 5.38874e-56 1.21607e-57 2.72837e-59 6.08784e-61 1.35134e-62 2.98491e-64 6.56243e-66 1.43638e-67 3.13066e-69 6.79597e-71 1.46959e-72 3.16626e-74 6.7978e-76 1.45455e-77 3.10234e-79 6.59637e-81 1.3984e-82 2.95609e-84 6.23177e-86 1.31026e-87 2.74788e-89 5.74875e-91 1.19983e-92 2.49847e-94 5.19124e-96 1.07632e-97 2.22697e-99 4.59856e-101 9.47741e-103 1.94959e-104 4.00323e-106 8.20565e-108 1.67909e-109 3.43017e-111 6.99613e-113 1.42469e-114 2.89684e-116 5.88149e-118 1.19241e-119 2.4141e-121 4.88085e-123 9.85506e-125 1.98729e-126 4.00238e-128 8.05085e-130 1.6175e-131 3.24595e-133 6.50645e-135 1.30276e-136 2.60562e-138 5.20594e-140 1.03905e-141 2.07174e-143 4.1267e-145 8.21205e-147 1.63263e-148 3.24283e-150 6.43526e-152 1.27592e-153 2.52757e-155 5.00282e-157 9.89384e-159 1.95506e-160 3.8602e-162 7.61585e-164 1.50139e-165 2.95763e-167 5.822e-169 1.14521e-170 2.25109e-172 4.42177e-174 8.67967e-176 1.70262e-177 3.33771e-179
2.15611e-16 2.14152e-17 1.33955e-18 6.64818e-20 2.85155e-21 1.10366e-22 3.9537e-24 1.33277e-25 4.27614e-27 1.31672e-28 3.91559e-30 1.12996e-31 3.17663e-33 8.72679e-35 2.34876e-36 6.20649e-38 1.61308e-39 4.1299e-41 1.04296e-42 2.60097e-44 6.41182e-46 1.56382e-47 3.77653e-49 9.03647e-51 2.14375e-52 5.045e-54 1.17836e-55 2.73291e-57 6.2962e-59 1.44146e-60 3.28058e-62 7.4243e-64 1.67127e-65 3.74316e-67 8.34335e-69 1.85119e-70 4.08944e-72 8.99629e-74 1.9712e-75 4.3027e-77 9.35759e-79 2.02799e-80 4.38031e-82 9.43066e-84 2.02409e-85 4.33133e-87 9.24194e-89 1.96653e-90 4.17328e-92 8.83353e-94 1.86513e-95 3.92861e-97 8.25578e-99 1.73101e-100 3.62155e-102 7.56091e-104 1.57531e-105 3.27563e-107 6.79814e-109 1.40823e-110 2.91188e-112 6.01045e-114 1.2385e-115 2.54781e-117 5.23279e-119 1.07304e-120 2.19703e-122 4.49166e-124 9.16954e-126 1.86927e-127 3.8054e-129 7.73646e-131 1.57078e-132 3.18517e-134 6.45069e-136 1.30482e-137 2.6362e-139 5.31985e-141 1.07233e-142 2.1591e-144 4.34256e-146 8.72484e-148 1.75113e-149 3.51105e-151 7.03272e-153 1.4073e-154 2.81342e-156 5.61925e-158 1.12131e-159 2.23553e-161 4.45302e-163 8.86248e-165 1.76234e-166 3.50157e-168 6.9516e-170 1.37899e-171 2.73336e-173 5.41376e-175 1.07146e-176 2.11899e-178 4.18764e-180
3.93326e-18 4.26099e-19 2.86026e-20 1.50893e-21 6.83475e-23 2.77984e-24 1.04246e-25 3.66704e-27 1.22453e-28 3.91559e-30 1.20681e-31 3.60329e-33 1.04649e-34 2.96595e-36 8.22538e-38 2.23709e-39 5.97823e-41 1.57226e-42 4.07514e-44 1.04221e-45 2.6328e-47 6.57564e-49 1.62507e-50 3.97688e-52 9.64339e-54 2.31842e-55 5.5292e-57 1.30872e-58 3.07567e-60 7.17981e-62 1.66542e-63 3.83993e-65 8.80319e-67 2.00725e-68 4.55323e-70 1.02778e-71 2.30912e-73 5.16471e-75 1.15023e-76 2.55118e-78 5.63627e-80 1.24052e-81 2.72049e-83 5.94539e-85 1.29498e-86 2.81155e-88 6.08532e-90 1.31318e-91 2.82562e-93 6.06311e-95 1.29751e-96 2.76948e-98 5.89651e-100 1.25238e-101 2.65373e-103 5.61032e-105 1.18347e-106 2.49115e-108 5.23285e-110 1.09699e-111 2.29516e-113 4.79289e-115 9.99032e-117 2.07864e-118 4.31738e-120 8.952e-122 1.85311e-123 3.82983e-125 7.9027e-127 1.62819e-128 3.34955e-130 6.88071e-132 1.41144e-133 2.89128e-135 5.91463e-137 1.20835e-138 2.46543e-140 5.02397e-142 1.0225e-143 2.07854e-145 4.22026e-147 8.55893e-149 1.73384e-150 3.50848e-152 7.09185e-154 1.43199e-155 2.88848e-157 5.82048e-159 1.1717e-160 2.3564e-162 4.73442e-164 9.50338e-166 1.90586e-167 3.81866e-169 7.64449e-171 1.52901e-172 3.05563e-174 6.10139e-176 1.21731e-177 2.42674e-179 4.83397e-181
7.1752e-20 8.41948e-21 6.03599e-22 3.37198e-23 1.60779e-24 6.85284e-26 2.68358e-27 9.82914e-29 3.40924e-30 1.12996e-31 3.60329e-33 1.11138e-34 3.32953e-36 9.72177e-38 2.77441e-39 7.7567e-41 2.12876e-42 5.74458e-44 1.52652e-45 3.99956e-47 1.03435e-48 2.64299e-50 6.67838e-52 1.67005e-53 4.13589e-55 1.01499e-56 2.46973e-58 5.96146e-60 1.42815e-61 3.39699e-63 8.02569e-65 1.88405e-66 4.39607e-68 1.01984e-69 2.35295e-71 5.40032e-73 1.23327e-74 2.803e-76 6.34169e-78 1.42853e-79 3.20445e-81 7.15932e-83 1.59336e-84 3.53302e-86 7.80598e-88 1.71877e-89 3.77197e-91 8.25153e-93 1.79955e-94 3.91291e-96 8.48379e-98 1.83431e-99 3.9554e-101 8.50704e-103 1.82504e-104 3.90578e-106 8.33901e-108 1.77634e-109 3.77545e-111 8.00708e-113 1.6946e-114 3.5791e-116 7.54429e-118 1.58718e-119 3.33286e-121 6.98577e-123 1.46164e-124 3.05289e-126 6.36575e-128 1.32517e-129 2.75422e-131 5.71537e-133 1.1842e-134 2.44996e-136 5.06129e-138 1.04411e-139 2.15092e-141 4.42501e-143 9.09133e-145 1.86542e-146 3.82274e-148 7.8241e-150 1.59943e-151 3.26573e-153 6.66022e-155 1.35676e-156 2.76078e-158 5.61158e-160 1.13939e-161 2.31103e-163 4.68263e-165 9.47842e-167 1.91669e-168 3.87209e-170 7.81495e-172 1.5758e-173 3.17451e-175 6.38941e-177 1.28488e-178 2.58158e-180 5.18248e-182
1.30893e-21 1.65384e-22 1.26099e-23 7.43496e-25 3.72133e-26 1.65817e-27 6.76611e-29 2.57535e-30 9.26171e-32 3.17663e-33 1.04649e-34 3.32953e-36 1.02757e-37 3.0872e-39 9.05544e-41 2.59962e-42 7.31917e-44 2.02457e-45 5.51043e-47 1.47772e-48 3.90895e-50 1.021e-51 2.63567e-53 6.72976e-55 1.70085e-56 4.2577e-58 1.05628e-59 2.59842e-61 6.34128e-63 1.53594e-64 3.69381e-66 8.8235e-68 2.09422e-69 4.94031e-71 1.15868e-72 2.70254e-74 6.27022e-76 1.44744e-77 3.32522e-79 7.60378e-81 1.73106e-82 3.92414e-84 8.85934e-86 1.99228e-87 4.46329e-89 9.96271e-91 2.21603e-92 4.91249e-94 1.08545e-95 2.39081e-97 5.24997e-99 1.14944e-100 2.50945e-102 5.46347e-104 1.18631e-105 2.56921e-107 5.5502e-109 1.19607e-110 2.57145e-112 5.51569e-114 1.18046e-115 2.52092e-117 5.37215e-119 1.14247e-120 2.42479e-122 5.13639e-124 1.08597e-125 2.29179e-127 4.82782e-129 1.01523e-130 2.13124e-132 4.4666e-134 9.34572e-136 1.95235e-137 4.07218e-139 8.48081e-141 1.76361e-142 3.66218e-144 7.59382e-146 1.57246e-147 3.25169e-149 6.71526e-151 1.38501e-152 2.85293e-154 5.86934e-156 1.20603e-157 2.47518e-159 5.07399e-161 1.03895e-162 2.12496e-164 4.34139e-166 8.86008e-168 1.80629e-169 3.67862e-171 7.4841e-173 1.52111e-174 3.08854e-176 6.26511e-178 1.26968e-179 2.57071e-181 5.20016e-183
2.3878e-23 3.23211e-24 2.61139e-25 1.62029e-26 8.49206e-28 3.94723e-29 1.67507e-30 6.6141e-32 2.46234e-33 8.72679e-35 2.96595e-36 9.72177e-38 3.0872e-39 9.53274e-41 2.87092e-42 8.45428e-44 2.43958e-45 6.91084e-47 1.92492e-48 5.27906e-50 1.42721e-51 3.8077e-53 1.00345e-54 2.61425e-56 6.73822e-58 1.71943e-59 4.34639e-61 1.08898e-62 2.70568e-64 6.66961e-66 1.63182e-67 3.96427e-69 9.56591e-71 2.29353e-72 5.46553e-74 1.29488e-75 3.0508e-77 7.14972e-79 1.66707e-80 3.86815e-82 8.93353e-84 2.05397e-85 4.70211e-87 1.07199e-88 2.4342e-90 5.5062e-92 1.24091e-93 2.7866e-95 6.23609e-97 1.39092e-98 3.09239e-100 6.85381e-102 1.51447e-103 3.33674e-105 7.33085e-107 1.60619e-108 3.5098e-110 7.64977e-112 1.66313e-113 3.60701e-115 7.80442e-117 1.68475e-118 3.62878e-120 7.79902e-122 1.67263e-123 3.57985e-125 7.6464e-127 1.63004e-128 3.46827e-130 7.36578e-132 1.56148e-133 3.30434e-135 6.98045e-137 1.47214e-138 3.09954e-140 6.51549e-142 1.36746e-143 2.86558e-145 5.99593e-147 1.25275e-148 2.61363e-150 5.4452e-152 1.13288e-153 2.3538e-155 4.88406e-157 1.01211e-158 2.09473e-160 4.32999e-162 8.93956e-164 1.84343e-165 3.79691e-167 7.8115e-169 1.60528e-170 3.29523e-172 6.75694e-174 1.38405e-175 2.83205e-177 5.78901e-179 1.18214e-180 2.41161e-182 4.91498e-184
4.35592e-25 6.28856e-26 5.36658e-27 3.49493e-28 1.91379e-29 9.26151e-31 4.08038e-32 1.66878e-33 6.42207e-35 2.34876e-36 8.22538e-38 2.77441e-39 9.05544e-41 2.87092e-42 8.86881e-44 2.67657e-45 7.90904e-47 2.29258e-48 6.52967e-50 1.82996e-51 5.05265e-53 1.37594e-54 3.69921e-56 9.82706e-58 2.58156e-59 6.71105e-61 1.72752e-62 4.40587e-64 1.11389e-65 2.79296e-67 6.94843e-69 1.71587e-70 4.20748e-72 1.02481e-73 2.48023e-75 5.96609e-77 1.42679e-78 3.39321e-80 8.02687e-82 1.88914e-83 4.42438e-85 1.03133e-86 2.3932e-88 5.52931e-90 1.27217e-91 2.91519e-93 6.65426e-95 1.51322e-96 3.42872e-98 7.74177e-100 1.74212e-101 3.90747e-103 8.73646e-105 1.94734e-106 4.32771e-108 9.59004e-110 2.11918e-111 4.6702e-113 1.0265e-114 2.25045e-116 4.92151e-118 1.07368e-119 2.33685e-121 5.07448e-123 1.09947e-124 2.37701e-126 5.12813e-128 1.10406e-129 2.3722e-131 5.08695e-133 1.08876e-134 2.32594e-136 4.9599e-138 1.05578e-139 2.24346e-141 4.7591e-143 1.00788e-144 2.13104e-146 4.49865e-148 9.48197e-150 1.99552e-151 4.19339e-153 8.79922e-155 1.84376e-156 3.85795e-158 8.06149e-160 1.68226e-161 3.5059e-163 7.29705e-165 1.51687e-166 3.14927e-168 6.53047e-170 1.35258e-171 2.79816e-173 5.7821e-175 1.19346e-176 2.46067e-178 5.06788e-180 1.04264e-181 2.14285e-183 4.39947e-185
7.94624e-27 1.21877e-27 1.0954e-28 7.46993e-30 4.26523e-31 2.14524e-32 9.79702e-34 4.14417e-35 1.64645e-36 6.20649e-38 2.23709e-39 7.7567e-41 2.59962e-42 8.45428e-44 2.67657e-45 8.27155e-47 2.50089e-48 7.41224e-50 2.15718e-51 6.17365e-53 1.73971e-54 4.83263e-56 1.32465e-57 3.58607e-59 9.59598e-61 2.53996e-62 6.6545e-64 1.72669e-65 4.43978e-67 1.1318e-68 2.86179e-70 7.18037e-72 1.7884e-73 4.42326e-75 1.08674e-76 2.65307e-78 6.43771e-80 1.55307e-81 3.72591e-83 8.89114e-85 2.11086e-86 4.98687e-88 1.17259e-89 2.74465e-91 6.39628e-93 1.48435e-94 3.43068e-96 7.89801e-98 1.81138e-99 4.13914e-101 9.42482e-103 2.13869e-104 4.83704e-106 1.09048e-107 2.45076e-109 5.49127e-111 1.22679e-112 2.73297e-114 6.07152e-116 1.34522e-117 2.97275e-119 6.55268e-121 1.44081e-122 3.16048e-124 6.91641e-126 1.51015e-127 3.28998e-129 7.152e-131 1.55147e-132 3.35867e-134 7.25635e-136 1.56465e-137 3.36732e-139 7.23334e-141 1.55096e-142 3.31961e-144 7.09276e-146 1.51287e-147 3.22156e-149 6.84888e-151 1.45372e-152 3.08078e-154 6.51893e-156 1.37734e-157 2.90582e-159 6.12169e-161 1.28784e-162 2.70553e-164 5.67616e-166 1.18927e-167 2.48851e-169 5.20049e-171 1.08544e-172 2.26272e-174 4.71122e-176 9.79763e-178 2.03518e-179 4.22268e-181 8.75159e-183 1.81178e-184 3.74675e-186
1.44958e-28 2.35392e-29 2.2224e-30 1.5836e-31 9.41143e-33 4.91188e-34 2.32191e-35 1.01455e-36 4.15625e-38 1.61308e-39 5.97823e-41 2.12876e-42 7.31917e-44 2.43958e-45 7.90904e-47 2.50089e-48 7.73118e-50 2.34127e-51 6.95774e-53 2.03213e-54 5.84084e-56 1.65406e-57 4.61987e-59 1.27384e-60 3.47029e-62 9.34778e-64 2.49137e-65 6.57387e-67 1.71831e-68 4.45145e-70 1.14347e-71 2.9138e-73 7.36847e-75 1.84986e-76 4.61201e-78 1.14227e-79 2.81129e-81 6.87727e-83 1.67268e-84 4.04573e-86 9.73348e-88 2.32979e-89 5.54919e-91 1.31548e-92 3.10429e-94 7.29339e-96 1.7063e-97 3.97563e-99 9.22656e-101 2.13312e-102 4.91343e-104 1.12772e-105 2.57939e-107 5.87997e-109 1.33605e-110 3.0262e-112 6.83354e-114 1.53852e-115 3.45388e-117 7.73203e-119 1.72622e-120 3.84367e-122 8.53644e-124 1.89111e-125 4.1792e-127 9.21374e-129 2.02661e-130 4.44756e-132 9.73899e-134 2.128e-135 4.63997e-137 1.00965e-138 2.19257e-140 4.75211e-142 1.02799e-143 2.21964e-145 4.78389e-147 1.02921e-148 2.21039e-150 4.73904e-152 1.01434e-153 2.16755e-155 4.62442e-157 9.8506e-159 2.09508e-160 4.44921e-162 9.43462e-164 1.99773e-165 4.22409e-167 8.91917e-169 1.88071e-170 3.9604e-172 8.32885e-174 1.74933e-175 3.6695e-177 7.68781e-179 1.60868e-180 3.36212e-182 7.01855e-184 1.46345e-185 3.04801e-187
2.64439e-30 4.53235e-31 4.4845e-32 3.33261e-33 2.05808e-34 1.11296e-35 5.43867e-37 2.45182e-38 1.03458e-39 4.1299e-41 1.57226e-42 5.74458e-44 2.02457e-45 6.91084e-47 2.29258e-48 7.41224e-50 2.34127e-51 7.23985e-53 2.19562e-54 6.54046e-56 1.91636e-57 5.52947e-59 1.57287e-60 4.41491e-62 1.22388e-63 3.35338e-65 9.08769e-67 2.4374e-68 6.47371e-70 1.70358e-71 4.4439e-73 1.14962e-74 2.95056e-76 7.51597e-78 1.90084e-79 4.77453e-81 1.19143e-82 2.9545e-84 7.28268e-86 1.78483e-87 4.35011e-89 1.05462e-90 2.54376e-92 6.10549e-94 1.4585e-95 3.46827e-97 8.21116e-99 1.93575e-100 4.54477e-102 1.06279e-103 2.47582e-105 5.74611e-107 1.32882e-108 3.06226e-110 7.03314e-112 1.61002e-113 3.67393e-115 8.35772e-117 1.89557e-118 4.28671e-120 9.66665e-122 2.17384e-123 4.87543e-125 1.09059e-126 2.43335e-128 5.41588e-130 1.20249e-131 2.66361e-133 5.88655e-135 1.298e-136 2.85587e-138 6.27007e-140 1.37372e-141 3.00359e-143 6.55412e-145 1.42739e-146 3.10272e-148 6.73184e-150 1.45792e-151 3.15179e-153 6.80178e-155 1.46536e-156 3.15168e-158 6.76747e-160 1.45082e-161 3.10539e-163 6.63665e-165 1.4162e-166 3.01757e-168 6.42033e-170 1.36408e-171 2.89409e-173 6.1318e-175 1.29742e-176 2.74155e-178 5.78559e-180 1.2194e-181 2.56684e-183 5.39657e-185 1.13321e-186 2.37678e-188
4.824e-32 8.70269e-33 9.00495e-34 6.96683e-35 4.464e-36 2.49799e-37 1.26037e-38 5.85584e-40 2.54258e-41 1.04296e-42 4.07514e-44 1.52652e-45 5.51043e-47 1.92492e-48 6.52967e-50 2.15718e-51 6.95774e-53 2.19562e-54 6.79119e-56 2.06218e-57 6.15614e-59 1.80894e-60 5.23786e-62 1.49596e-63 4.21801e-65 1.17505e-66 3.23655e-68 8.81992e-70 2.37937e-71 6.35785e-73 1.68355e-74 4.41984e-76 1.1509e-77 2.97361e-79 7.62619e-81 1.94201e-82 4.91193e-84 1.23434e-85 3.08262e-87 7.65269e-89 1.88896e-90 4.63708e-92 1.13232e-93 2.75094e-95 6.65062e-97 1.60026e-98 3.83297e-100 9.14045e-102 2.17045e-103 5.1327e-105 1.20896e-106 2.83663e-108 6.63091e-110 1.54444e-111 3.58464e-113 8.29164e-115 1.91162e-116 4.39306e-118 1.00642e-119 2.29866e-121 5.23468e-123 1.18867e-124 2.69165e-126 6.0785e-128 1.36907e-129 3.07562e-131 6.89205e-133 1.54063e-134 3.43568e-136 7.64384e-138 1.69676e-139 3.75807e-141 8.3055e-143 1.83166e-144 4.03109e-146 8.8536e-148 1.94069e-149 4.24571e-151 9.27088e-153 2.02062e-154 4.39602e-156 9.54688e-158 2.0697e-159 4.4793e-161 9.67805e-163 2.08763e-164 4.49595e-166 9.6673e-168 2.07548e-169 4.44912e-171 9.52322e-173 2.03545e-174 4.34426e-176 9.25892e-178 1.97064e-179 4.18856e-181 8.89088e-183 1.88477e-184 3.99037e-186 8.43765e-188 1.78193e-189
8.80012e-34 1.66686e-34 1.80021e-35 1.44764e-36 9.61076e-38 5.55824e-39 2.89241e-40 1.38359e-41 6.17594e-43 2.60097e-44 1.04221e-45 3.99956e-47 1.47772e-48 5.27906e-50 1.82996e-51 6.17365e-53 2.03213e-54 6.54046e-56 2.06218e-57 6.37993e-59 1.93953e-60 5.80117e-62 1.70909e-63 4.96452e-65 1.42313e-66 4.02923e-68 1.12753e-69 3.12068e-71 8.54779e-73 2.31837e-74 6.22954e-76 1.65913e-77 4.38168e-79 1.14792e-80 2.98442e-82 7.70243e-84 1.97405e-85 5.02551e-87 1.27121e-88 3.19578e-90 7.98678e-92 1.98472e-93 4.90515e-95 1.20593e-96 2.94977e-98 7.1801e-100 1.7395e-101 4.19508e-103 1.00727e-104 2.40823e-106 5.73407e-108 1.35987e-109 3.21256e-111 7.56099e-113 1.77308e-114 4.14333e-116 9.64903e-118 2.23962e-119 5.18159e-121 1.19506e-122 2.74782e-124 6.29936e-126 1.43996e-127 3.28231e-129 7.46137e-131 1.69159e-132 3.82509e-134 8.62748e-136 1.9411e-137 4.35675e-139 9.75554e-141 2.1794e-142 4.85787e-144 1.08043e-145 2.39781e-147 5.3103e-149 1.17362e-150 2.5886e-152 5.69831e-154 1.25196e-155 2.74546e-157 6.0095e-159 1.31303e-160 2.8638e-162 6.23526e-164 1.35528e-165 2.94088e-167 6.37113e-169 1.37803e-170 2.97588e-172 6.41658e-174 1.38144e-175 2.96973e-177 6.37481e-179 1.36645e-180 2.9249e-182 6.2521e-184 1.3346e-185 2.8451e-187 6.05724e-189 1.28793e-190
1.60535e-35 3.18538e-36 3.58433e-37 2.99148e-38 2.05511e-39 1.22697e-40 6.57852e-42 3.23689e-43 1.48407e-44 6.41182e-46 2.6328e-47 1.03435e-48 3.90895e-50 1.42721e-51 5.05265e-53 1.73971e-54 5.84084e-56 1.91636e-57 6.15614e-59 1.93953e-60 6.00168e-62 1.82643e-63 5.47248e-65 1.61608e-66 4.70803e-68 1.35418e-69 3.84854e-71 1.08143e-72 3.00647e-74 8.27399e-76 2.25529e-77 6.09152e-79 1.6311e-80 4.33156e-82 1.14125e-83 2.98433e-85 7.74789e-87 1.99767e-88 5.11671e-90 1.30228e-91 3.29435e-93 8.28499e-95 2.07189e-96 5.15331e-98 1.27507e-99 3.139e-101 7.69014e-103 1.87515e-104 4.55159e-106 1.09998e-107 2.64701e-109 6.34365e-111 1.51423e-112 3.6005e-114 8.52913e-116 2.0131e-117 4.7347e-119 1.10975e-120 2.59246e-122 6.03656e-124 1.40119e-125 3.24241e-127 7.4807e-129 1.72089e-130 3.94757e-132 9.03039e-134 2.06022e-135 4.68789e-137 1.06397e-138 2.40875e-140 5.43993e-142 1.22563e-143 2.75493e-145 6.17836e-147 1.38251e-148 3.08687e-150 6.8777e-152 1.5292e-153 3.39311e-155 7.51389e-157 1.66067e-158 3.66329e-160 8.06577e-162 1.77265e-163 3.88882e-165 8.51623e-167 1.86177e-168 4.0632e-170 8.85295e-172 1.92575e-173 4.18231e-175 9.06881e-177 1.96343e-178 4.24446e-180 9.16188e-182 1.97475e-183 4.25029e-185 9.13507e-187 1.96067e-188 4.20249e-190 8.99557e-192
2.92855e-37 6.07472e-38 7.11031e-39 6.15053e-40 4.36713e-41 2.6888e-42 1.48391e-43 7.50379e-45 3.53096e-46 1.56382e-47 6.57564e-49 2.64299e-50 1.021e-51 3.8077e-53 1.37594e-54 4.83263e-56 1.65406e-57 5.52947e-59 1.80894e-60 5.80117e-62 1.82643e-63 5.65277e-65 1.72187e-66 5.16744e-68 1.52931e-69 4.46715e-71 1.28888e-72 3.67578e-74 1.03685e-75 2.89442e-77 8.00063e-79 2.19087e-80 5.94613e-82 1.60016e-83 4.27138e-85 1.13138e-86 2.97464e-88 7.76562e-90 2.01356e-91 5.18702e-93 1.32785e-94 3.3788e-96 8.54785e-98 2.15043e-99 5.38091e-101 1.33946e-102 3.31764e-104 8.17756e-106 2.00625e-107 4.89984e-109 1.19145e-110 2.88486e-112 6.95646e-114 1.67079e-115 3.99737e-117 9.52789e-119 2.26275e-120 5.35475e-122 1.26284e-123 2.96825e-125 6.95411e-127 1.62407e-128 3.78121e-130 8.77709e-132 2.03142e-133 4.68823e-135 1.07897e-136 2.47646e-138 5.66896e-140 1.29435e-141 2.94786e-143 6.69713e-145 1.51784e-146 3.43194e-148 7.74204e-150 1.74258e-151 3.9136e-153 8.77048e-155 1.96135e-156 4.37716e-158 9.74881e-160 2.16697e-161 4.80741e-163 1.0645e-164 2.35273e-166 5.19048e-168 1.14305e-169 2.51283e-171 5.51459e-173 1.20818e-174 2.64259e-176 5.77061e-178 1.25812e-179 2.73868e-181 5.95243e-183 1.29178e-184 2.79925e-186 6.05705e-188 1.30875e-189 2.82386e-191 6.08454e-193
5.34237e-39 1.1563e-39 1.40571e-40 1.25867e-41 9.22682e-43 5.85262e-44 3.32177e-45 1.72489e-46 8.32399e-48 3.77653e-49 1.62507e-50 6.67838e-52 2.63567e-53 1.00345e-54 3.69921e-56 1.32465e-57 4.61987e-59 1.57287e-60 5.23786e-62 1.70909e-63 5.47248e-65 1.72187e-66 5.33006e-68 1.62496e-69 4.88375e-71 1.44823e-72 4.24071e-74 1.22706e-75 3.51076e-77 9.93812e-79 2.78492e-80 7.72941e-82 2.12572e-83 5.79532e-85 1.56688e-86 4.20281e-88 1.11877e-89 2.95649e-91 7.75852e-93 2.02241e-94 5.23799e-96 1.34825e-97 3.44973e-99 8.77624e-101 2.22039e-102 5.58766e-104 1.39892e-105 3.48493e-107 8.63981e-109 2.13202e-110 5.23748e-112 1.28102e-113 3.11999e-115 7.56778e-117 1.82833e-118 4.40012e-120 1.05498e-121 2.52023e-123 5.99927e-125 1.42318e-126 3.36485e-128 7.92964e-130 1.86278e-131 4.36241e-133 1.01855e-134 2.37115e-136 5.50415e-138 1.27411e-139 2.94131e-141 6.77199e-143 1.55511e-144 3.56208e-146 8.13892e-148 1.85514e-149 4.21848e-151 9.57034e-153 2.16627e-154 4.89254e-156 1.10258e-157 2.47951e-159 5.56435e-161 1.24617e-162 2.78529e-164 6.21319e-166 1.38333e-167 3.07409e-169 6.8188e-171 1.50978e-172 3.33693e-174 7.36249e-176 1.62166e-177 3.56588e-179 7.82813e-181 1.71572e-182 3.75445e-184 8.20292e-186 1.78947e-187 3.89787e-189 8.47788e-191 1.84126e-192 3.99322e-194
9.74576e-41 2.19717e-41 2.77039e-42 2.56473e-43 1.93905e-44 1.26597e-45 7.38332e-47 3.93399e-48 1.94561e-49 9.03647e-51 3.97688e-52 1.67005e-53 6.72976e-55 2.61425e-56 9.82706e-58 3.58607e-59 1.27384e-60 4.41491e-62 1.49596e-63 4.96452e-65 1.61608e-66 5.16744e-68 1.62496e-69 5.03085e-71 1.53495e-72 4.61943e-74 1.37236e-75 4.02766e-77 1.1685e-78 3.35323e-80 9.52349e-82 2.67825e-83 7.46165e-85 2.06033e-86 5.64074e-88 1.53178e-89 4.12731e-91 1.10381e-92 2.93096e-94 7.72931e-96 2.02489e-97 5.27112e-99 1.3638e-100 3.50781e-102 8.97134e-104 2.28191e-105 5.77353e-107 1.45333e-108 3.64033e-110 9.07487e-112 2.2518e-113 5.56251e-115 1.36812e-116 3.3508e-118 8.17326e-120 1.98572e-121 4.80581e-123 1.15875e-124 2.78374e-126 6.66391e-128 1.58976e-129 3.7799e-131 8.95793e-133 2.11618e-134 4.98369e-136 1.17014e-137 2.7393e-139 6.39432e-141 1.48843e-142 3.45519e-144 7.99933e-146 1.84714e-147 4.25436e-149 9.77427e-151 2.24013e-152 5.12184e-154 1.16832e-155 2.65893e-157 6.03781e-159 1.36804e-160 3.09306e-162 6.97854e-164 1.57125e-165 3.53062e-167 7.91767e-169 1.77215e-170 3.95895e-172 8.82771e-174 1.96482e-175 4.36532e-177 9.68155e-179 2.1435e-180 4.73765e-182 1.04539e-183 2.30295e-185 5.06515e-187 1.11228e-188 2.43871e-190 5.3388e-192 1.16701e-193 2.54723e-195
1.77786e-42 4.16834e-43 5.44417e-44 5.20518e-45 4.05484e-46 2.72252e-47 1.63031e-48 8.90698e-50 4.51146e-51 2.14375e-52 9.64339e-54 4.13589e-55 1.70085e-56 6.73822e-58 2.58156e-59 9.59598e-61 3.47029e-62 1.22388e-63 4.21801e-65 1.42313e-66 4.70803e-68 1.52931e-69 4.88375e-71 1.53495e-72 4.75285e-74 1.45118e-75 4.37273e-77 1.30127e-78 3.82704e-80 1.11303e-81 3.20293e-83 9.12456e-85 2.5746e-86 7.19839e-88 1.99512e-89 5.48379e-91 1.49528e-92 4.04616e-94 1.08687e-95 2.89903e-97 7.68049e-99 2.02161e-100 5.28793e-102 1.37484e-103 3.55377e-105 9.13454e-107 2.33523e-108 5.93875e-110 1.50266e-111 3.7835e-113 9.48127e-115 2.36505e-116 5.87326e-118 1.45224e-119 3.57583e-121 8.7689e-123 2.14188e-124 5.21164e-126 1.26337e-127 3.05145e-129 7.34423e-131 1.76153e-132 4.21091e-134 1.00333e-135 2.383e-137 5.64232e-139 1.33191e-140 3.1348e-142 7.35682e-144 1.72166e-145 4.018e-147 9.352e-149 2.171e-150 5.02687e-152 1.16104e-153 2.67503e-155 6.14848e-157 1.40989e-158 3.22555e-160 7.36281e-162 1.67697e-163 3.81125e-165 8.64352e-167 1.95619e-168 4.41824e-170 9.95912e-172 2.24049e-173 5.03073e-175 1.12746e-176 2.52214e-178 5.63185e-180 1.25533e-181 2.79324e-183 6.20458e-185 1.37589e-186 3.04605e-188 6.73262e-190 1.48572e-191 3.27346e-193 7.20122e-195 1.58178e-196
3.24324e-44 7.89623e-45 1.06698e-45 1.05249e-46 8.44024e-48 5.82324e-49 3.57779e-50 2.00291e-51 1.03835e-52 5.045e-54 2.31842e-55 1.01499e-56 4.2577e-58 1.71943e-59 6.71105e-61 2.53996e-62 9.34778e-64 3.35338e-65 1.17505e-66 4.02923e-68 1.35418e-69 4.46715e-71 1.44823e-72 4.61943e-74 1.45118e-75 4.49404e-77 1.37307e-78 4.14211e-80 1.23458e-81 3.63798e-83 1.06047e-84 3.05958e-86 8.74116e-88 2.47409e-89 6.94043e-91 1.93042e-92 5.32561e-94 1.45777e-95 3.9605e-97 1.06827e-98 2.86158e-100 7.61441e-102 2.01318e-103 5.28985e-105 1.38171e-106 3.58834e-108 9.26738e-110 2.38062e-111 6.0837e-113 1.54691e-114 3.91425e-116 9.85793e-118 2.47138e-119 6.16833e-121 1.53295e-122 3.79382e-124 9.35111e-126 2.29582e-127 5.61496e-129 1.36816e-130 3.32163e-132 8.03584e-134 1.93739e-135 4.65528e-137 1.11495e-138 2.66184e-140 6.33518e-142 1.5032e-143 3.55624e-145 8.38897e-147 1.97333e-148 4.62907e-150 1.08297e-151 2.52694e-153 5.88103e-155 1.36527e-156 3.16162e-158 7.30389e-160 1.68334e-161 3.87066e-163 8.88001e-165 2.03272e-166 4.64299e-168 1.05826e-169 2.40701e-171 5.46354e-173 1.23765e-174 2.7981e-176 6.3138e-178 1.42198e-179 3.19659e-181 7.17274e-183 1.60659e-184 3.59217e-186 8.01784e-188 1.78656e-189 3.97424e-191 8.82623e-193 1.95702e-194 4.33237e-196 9.57585e-198
5.91645e-46 1.49376e-46 2.08593e-47 2.1208e-48 1.74931e-49 1.23925e-50 7.80656e-52 4.47525e-53 2.37322e-54 1.17836e-55 5.5292e-57 2.46973e-58 1.05628e-59 4.34639e-61 1.72752e-62 6.6545e-64 2.49137e-65 9.08769e-67 3.23655e-68 1.12753e-69 3.84854e-71 1.28888e-72 4.24071e-74 1.37236e-75 4.37273e-77 1.37307e-78 4.25266e-80 1.30013e-81 3.92621e-83 1.17194e-84 3.45966e-86 1.01064e-87 2.9229e-89 8.37304e-91 2.37681e-92 6.68837e-94 1.86648e-95 5.16718e-97 1.41956e-98 3.8713e-100 1.0483e-101 2.8194e-103 7.5332e-105 2.00013e-106 5.27827e-108 1.38475e-109 3.61229e-111 9.3715e-113 2.41841e-114 6.20895e-116 1.58615e-117 4.03253e-119 1.02042e-120 2.57047e-122 6.44664e-124 1.60989e-125 4.00367e-127 9.91668e-129 2.44664e-130 6.01332e-132 1.47247e-133 3.59257e-135 8.73441e-137 2.11627e-138 5.11039e-140 1.23004e-141 2.95121e-143 7.05883e-145 1.68324e-146 4.00198e-148 9.48736e-150 2.24279e-151 5.28726e-153 1.24308e-154 2.91488e-156 6.81742e-158 1.59045e-159 3.70123e-161 8.59247e-163 1.99003e-164 4.59825e-166 1.06007e-167 2.43843e-169 5.59674e-171 1.28182e-172 2.9296e-174 6.68177e-176 1.52089e-177 3.45494e-179 7.83318e-181 1.77258e-182 4.00365e-184 9.02624e-186 2.03129e-187 4.56314e-189 1.02329e-190 2.29079e-192 5.11964e-194 1.14228e-195 2.54449e-197 5.65887e-199
1.0793e-47 2.82221e-48 4.06846e-49 4.25968e-50 3.61099e-51 2.62476e-52 1.69419e-53 9.9396e-55 5.38874e-56 2.73291e-57 1.30872e-58 5.96146e-60 2.59842e-61 1.08898e-62 4.40587e-64 1.72669e-65 6.57387e-67 2.4374e-68 8.81992e-70 3.12068e-71 1.08143e-72 3.67578e-74 1.22706e-75 4.02766e-77 1.30127e-78 4.14211e-80 1.30013e-81 4.02717e-83 1.23189e-84 3.72384e-86 1.11304e-87 3.29136e-89 9.63398e-91 2.79258e-92 8.01985e-94 2.28278e-95 6.44266e-97 1.80353e-98 5.00933e-100 1.38093e-101 3.77941e-103 1.02721e-104 2.77321e-106 7.43883e-108 1.983e-109 5.25451e-111 1.38427e-112 3.62637e-114 9.4486e-116 2.44896e-117 6.31517e-119 1.6205e-120 4.13843e-122 1.05199e-123 2.66213e-125 6.70732e-127 1.68277e-128 4.20444e-130 1.04628e-131 2.59353e-133 6.40447e-135 1.57568e-136 3.86265e-138 9.43576e-140 2.2971e-141 5.57356e-143 1.34794e-144 3.24956e-146 7.80962e-148 1.87119e-149 4.47014e-151 1.06479e-152 2.52919e-154 5.99094e-156 1.41525e-157 3.33444e-159 7.83585e-161 1.83674e-162 4.2947e-164 1.00175e-165 2.33107e-167 5.41174e-169 1.2535e-170 2.89693e-172 6.68034e-174 1.53717e-175 3.52963e-177 8.08788e-179 1.84951e-180 4.22096e-182 9.61422e-184 2.18565e-185 4.95939e-187 1.12323e-188 2.53931e-190 5.73042e-192 1.2909e-193 2.90299e-195 6.51721e-197 1.46066e-198 3.26832e-200
1.96891e-49 5.32577e-50 7.91802e-51 8.52981e-52 7.42586e-53 5.53461e-54 3.65813e-55 2.19518e-56 1.21607e-57 6.2962e-59 3.07567e-60 1.42815e-61 6.34128e-63 2.70568e-64 1.11389e-65 4.43978e-67 1.71831e-68 6.47371e-70 2.37937e-71 8.54779e-73 3.00647e-74 1.03685e-75 3.51076e-77 1.1685e-78 3.82704e-80 1.23458e-81 3.92621e-83 1.23189e-84 3.81621e-86 1.16799e-87 3.5339e-89 1.05761e-90 3.13241e-92 9.18586e-94 2.66835e-95 7.6812e-97 2.19202e-98 6.20363e-100 1.74173e-101 4.8527e-103 1.3421e-104 3.68558e-106 1.00522e-107 2.72366e-109 7.33308e-111 1.96226e-112 5.21981e-114 1.38059e-115 3.63135e-117 9.50042e-119 2.47264e-120 6.40315e-122 1.65008e-123 4.23214e-125 1.08048e-126 2.74623e-128 6.94978e-130 1.75135e-131 4.39536e-133 1.09871e-134 2.73578e-136 6.78636e-138 1.67723e-139 4.13035e-141 1.01359e-142 2.47885e-144 6.04217e-146 1.46799e-147 3.55527e-149 8.58372e-151 2.06615e-152 4.95865e-154 1.18661e-155 2.83153e-157 6.73804e-159 1.59908e-160 3.78489e-162 8.93535e-164 2.1041e-165 4.94242e-167 1.15812e-168 2.70728e-170 6.31386e-172 1.46913e-173 3.41074e-175 7.90095e-177 1.82629e-178 4.21249e-180 9.69621e-182 2.22729e-183 5.10601e-185 1.16823e-186 2.6677e-188 6.0802e-190 1.38321e-191 3.14095e-193 7.11952e-195 1.61091e-196 3.6386e-198 8.20452e-200 1.84689e-201
3.59175e-51 1.00391e-51 1.53787e-52 1.70322e-53 1.52169e-54 1.16216e-55 7.86111e-57 4.82242e-58 2.72837e-59 1.44146e-60 7.17981e-62 3.39699e-63 1.53594e-64 6.66961e-66 2.79296e-67 1.1318e-68 4.45145e-70 1.70358e-71 6.35785e-73 2.31837e-74 8.27399e-76 2.89442e-77 9.93812e-79 3.35323e-80 1.11303e-81 3.63798e-83 1.17194e-84 3.72384e-86 1.16799e-87 3.61857e-89 1.10805e-90 3.35543e-92 1.00539e-93 2.98218e-95 8.76066e-97 2.54993e-98 7.35664e-100 2.1045e-101 5.9715e-103 1.68122e-104 4.69787e-106 1.30328e-107 3.59045e-109 9.82527e-111 2.67132e-112 7.21759e-114 1.93836e-115 5.17533e-117 1.374e-118 3.62796e-120 9.52871e-122 2.48986e-123 6.4737e-125 1.67506e-126 4.31392e-128 1.10594e-129 2.82274e-131 7.17362e-133 1.81546e-134 4.57579e-136 1.14874e-137 2.87276e-139 7.15717e-141 1.7766e-142 4.39426e-144 1.08309e-145 2.66052e-147 6.51364e-149 1.58954e-150 3.86674e-152 9.37717e-154 2.26718e-155 5.4653e-157 1.31367e-158 3.14868e-160 7.5261e-162 1.79405e-163 4.26527e-165 1.01142e-166 2.39227e-168 5.64428e-170 1.32845e-171 3.1192e-173 7.30671e-175 1.70766e-176 3.982e-178 9.26488e-180 2.15097e-181 4.98317e-183 1.15204e-184 2.65789e-186 6.1197e-188 1.40626e-189 3.22518e-191 7.38265e-193 1.68677e-194 3.84678e-196 8.75693e-198 1.9899e-199 4.51387e-201 1.02216e-202
6.55222e-53 1.89039e-53 2.98119e-54 3.39188e-55 3.10779e-56 2.43068e-57 1.68172e-58 1.0541e-59 6.08784e-61 3.28058e-62 1.66542e-63 8.02569e-65 3.69381e-66 1.63182e-67 6.94843e-69 2.86179e-70 1.14347e-71 4.4439e-73 1.68355e-74 6.22954e-76 2.25529e-77 8.00063e-79 2.78492e-80 9.52349e-82 3.20293e-83 1.06047e-84 3.45966e-86 1.11304e-87 3.5339e-89 1.10805e-90 3.43317e-92 1.05177e-93 3.18756e-95 9.56161e-97 2.8401e-98 8.35708e-100 2.43705e-101 7.04572e-103 2.02017e-104 5.74638e-106 1.6221e-107 4.54528e-109 1.26463e-110 3.49458e-112 9.59311e-114 2.61672e-115 7.09382e-117 1.91169e-118 5.12217e-120 1.3648e-121 3.61689e-123 9.53516e-125 2.50101e-126 6.52773e-128 1.69563e-129 4.38411e-131 1.12842e-132 2.89168e-134 7.37863e-136 1.87498e-137 4.74524e-139 1.19621e-140 3.00393e-142 7.51529e-144 1.87334e-145 4.65307e-147 1.15174e-148 2.84115e-150 6.9855e-152 1.71197e-153 4.18235e-155 1.0186e-156 2.47329e-158 5.98774e-160 1.44543e-161 3.47939e-163 8.35232e-165 1.99956e-166 4.77431e-168 1.13699e-169 2.70085e-171 6.39968e-173 1.51271e-174 3.56706e-176 8.39162e-178 1.96961e-179 4.61245e-181 1.07775e-182 2.51282e-184 5.84621e-186 1.3573e-187 3.14473e-189 7.27129e-191 1.67794e-192 3.86449e-194 8.88329e-196 2.03815e-197 4.6676e-199 1.06699e-200 2.4347e-202 5.54582e-204
