0.99222 0.00193289 0.000967077 0.000484794 0.000243494 0.000122531 6.17764e-05 3.12034e-05 1.57897e-05 8.00429e-06 4.06474e-06 2.06769e-06 1.05356e-06 5.37701e-07 2.74855e-07 1.4071e-07 7.21412e-08 3.70385e-08 1.90419e-08 9.80228e-09 5.05218e-09 2.60698e-09 1.34672e-09 6.9642e-10 3.60484e-10 1.86761e-10 9.68276e-11 5.02141e-11 2.60055e-11 1.33676e-11 6.94786e-12
0.00193289 6.89469e-06 3.45522e-06 1.73531e-06 8.73365e-07 4.40452e-07 2.22562e-07 1.12672e-07 5.7141e-08 2.90271e-08 1.47685e-08 7.52485e-09 3.83921e-09 1.96118e-09 1.00295e-09 5.13433e-10 2.63076e-10 1.34906e-10 6.92297e-11 3.55488e-11 1.82638e-11 9.38764e-12 4.82697e-12 2.48244e-12 1.27642e-12 6.55312e-13 3.34346e-13 1.6655e-13 7.52938e-14 1.92632e-14 9.73391e-15
0.000967077 3.45522e-06 1.73147e-06 8.6954e-07 4.37597e-07 2.20668e-07 1.11493e-07 5.64372e-08 2.86184e-08 1.45361e-08 7.39472e-09 3.76725e-09 1.92179e-09 9.81566e-10 5.01901e-10 2.56896e-10 1.3161e-10 6.74801e-11 3.46236e-11 1.77763e-11 9.13149e-12 4.69278e-12 2.41231e-12 1.23987e-12 6.36319e-13 3.24535e-13 1.61574e-13 7.29472e-14 1.85261e-14 9.31619e-15 4.70942e-15
0.000484794 1.73531e-06 8.6954e-07 4.36646e-07 2.19721e-07 1.10786e-07 5.5968e-08 2.83266e-08 1.43618e-08 7.29352e-09 3.70968e-09 1.88956e-09 9.63744e-10 4.92145e-10 2.51599e-10 1.28754e-10 6.59493e-11 3.38073e-11 1.73429e-11 8.90234e-12 4.57202e-12 2.34888e-12 1.20664e-12 6.18978e-13 3.15538e-13 1.56987e-13 7.07624e-14 1.78038e-14 8.96305e-15 4.50831e-15 2.2799e-15
0.000243494 8.73365e-07 4.37597e-07 2.19721e-07 1.10551e-07 5.57334e-08 2.81514e-08 1.42456e-08 7.22123e-09 3.66651e-09 1.8645e-09 9.49488e-10 4.84163e-10 2.47185e-10 1.26338e-10 6.46374e-11 3.31e-11 1.69638e-11 8.70018e-12 4.4647e-12 2.29213e-12 1.17675e-12 6.0329e-13 3.0736e-13 1.52798e-13 6.87554e-14 1.71299e-14 8.61731e-15 4.33942e-15 2.1832e-15 1.10451e-15
0.000122531 4.40452e-07 2.20668e-07 1.10786e-07 5.57334e-08 2.80931e-08 1.41875e-08 7.17786e-09 3.63774e-09 1.84659e-09 9.38796e-10 4.77955e-10 2.43654e-10 1.24361e-10 6.35442e-11 3.25015e-11 1.66389e-11 8.52499e-12 4.3708e-12 2.24206e-12 1.15017e-12 5.89256e-13 3e-13 1.49008e-13 6.69301e-14 1.65124e-14 8.29571e-15 4.17422e-15 2.10259e-15 1.05809e-15 5.35514e-16
6.17764e-05 2.22562e-07 1.11493e-07 5.5968e-08 2.81514e-08 1.41875e-08 7.1634e-09 3.62335e-09 1.83585e-09 9.31669e-10 4.73521e-10 2.41006e-10 1.22824e-10 6.26698e-11 3.20119e-11 1.63682e-11 8.37677e-12 4.29033e-12 2.19868e-12 1.12693e-12 5.76875e-13 2.93459e-13 1.45617e-13 6.52874e-14 1.59533e-14 8.00226e-15 4.02107e-15 2.02381e-15 1.01968e-15 5.13257e-16 2.59872e-16
3.12034e-05 1.12672e-07 5.64372e-08 2.83266e-08 1.42456e-08 7.17786e-09 3.62335e-09 1.83227e-09 9.28105e-10 4.70861e-10 2.39241e-10 1.21726e-10 6.2014e-11 3.16311e-11 1.61516e-11 8.2555e-12 4.22327e-12 2.16197e-12 1.107e-12 5.66146e-13 2.87737e-13 1.42625e-13 6.38273e-14 1.5453e-14 7.73794e-15 3.88196e-15 1.95103e-15 9.82192e-16 4.95003e-16 2.4922e-16 1.26235e-16
1.57897e-05 5.7141e-08 2.86184e-08 1.43618e-08 7.22123e-09 3.63774e-09 1.83585e-09 9.28105e-10 4.69974e-10 2.38358e-10 1.21067e-10 6.15768e-11 3.13592e-11 1.59891e-11 8.1612e-12 4.16963e-12 2.13194e-12 1.0904e-12 5.57068e-13 2.82832e-13 1.40033e-13 6.25499e-14 1.50116e-14 7.50296e-15 3.75738e-15 1.88527e-15 9.47702e-16 4.77207e-16 2.40565e-16 1.21146e-16 6.1387e-17
8.00429e-06 2.90271e-08 1.45361e-08 7.29352e-09 3.66651e-09 1.84659e-09 9.31669e-10 4.70861e-10 2.38358e-10 1.20847e-10 6.13582e-11 3.1196e-11 1.58809e-11 8.09384e-12 4.12941e-12 2.10858e-12 1.07712e-12 5.49641e-13 2.78745e-13 1.3784e-13 6.14551e-14 1.46291e-14 7.29737e-15 3.64745e-15 1.82676e-15 9.1671e-16 4.60906e-16 2.32139e-16 1.17054e-16 5.89609e-17 2.9888e-17
4.06474e-06 1.47685e-08 7.39472e-09 3.70968e-09 1.8645e-09 9.38796e-10 4.73521e-10 2.39241e-10 1.21067e-10 6.13582e-11 3.11416e-11 1.58267e-11 8.05342e-12 4.10259e-12 2.0919e-12 1.06716e-12 5.43866e-13 2.75476e-13 1.36045e-13 6.05428e-14 1.43055e-14 7.12117e-15 3.55218e-15 1.77556e-15 8.89336e-16 4.46351e-16 2.24459e-16 1.13076e-16 5.7032e-17 2.87337e-17 1.45709e-17
2.06769e-06 7.52485e-09 3.76725e-09 1.88956e-09 9.49488e-10 4.77955e-10 2.41006e-10 1.21726e-10 6.15768e-11 3.1196e-11 1.58267e-11 8.03995e-12 4.08918e-12 2.08189e-12 1.06052e-12 5.3974e-13 2.73025e-13 1.3465e-13 5.98131e-14 1.40407e-14 6.97434e-15 3.47157e-15 1.73167e-15 8.65607e-16 4.33601e-16 2.1765e-16 1.0947e-16 5.51599e-17 2.78277e-17 1.40231e-17 7.11365e-18
1.05356e-06 3.83921e-09 1.92179e-09 9.63744e-10 4.84163e-10 2.43654e-10 1.22824e-10 6.2014e-11 3.13592e-11 1.58809e-11 8.05342e-12 4.08918e-12 2.07856e-12 1.0572e-12 5.37265e-13 2.7139e-13 1.33653e-13 5.92658e-14 1.38348e-14 6.85689e-15 3.40562e-15 1.6951e-15 8.45529e-16 4.22669e-16 2.11741e-16 1.06299e-16 5.34736e-17 2.69499e-17 1.35991e-17 6.85435e-18 3.47826e-18
5.37701e-07 1.96118e-09 9.81566e-10 4.92145e-10 2.47185e-10 1.24361e-10 6.26698e-11 3.16311e-11 1.59891e-11 8.09384e-12 4.10259e-12 2.08189e-12 1.0572e-12 5.3644e-13 2.70573e-13 1.33055e-13 5.8901e-14 1.36878e-14 6.76881e-15 3.35433e-15 1.66584e-15 8.29103e-16 4.1356e-16 2.0674e-16 1.03577e-16 5.20042e-17 2.61649e-17 1.31893e-17 6.65683e-18 3.35588e-18 1.70349e-18
2.74855e-07 1.00295e-09 5.01901e-10 2.51599e-10 1.26338e-10 6.35442e-11 3.20119e-11 1.61516e-11 8.1612e-12 4.12941e-12 2.0919e-12 1.06052e-12 5.37265e-13 2.70573e-13 1.32856e-13 5.87186e-14 1.35995e-14 6.71009e-15 3.3177e-15 1.6439e-15 8.16328e-16 4.06273e-16 2.02649e-16 1.01308e-16 5.07591e-17 2.5488e-17 1.28257e-17 6.46637e-18 3.26433e-18 1.64593e-18 8.35741e-19
1.4071e-07 5.13433e-10 2.56896e-10 1.28754e-10 6.46374e-11 3.25015e-11 1.63682e-11 8.2555e-12 4.16963e-12 2.10858e-12 1.06716e-12 5.3974e-13 2.7139e-13 1.33055e-13 5.87186e-14 1.35701e-14 6.68074e-15 3.29572e-15 1.62928e-15 8.07203e-16 4.00808e-16 1.99467e-16 9.94931e-17 4.974e-17 2.49232e-17 1.25161e-17 6.29899e-18 3.1763e-18 1.60374e-18 8.08761e-19 4.10769e-19
7.21412e-08 2.63076e-10 1.3161e-10 6.59493e-11 3.31e-11 1.66389e-11 8.37677e-12 4.22327e-12 2.13194e-12 1.07712e-12 5.43866e-13 2.73025e-13 1.33653e-13 5.8901e-14 1.35995e-14 6.68074e-15 3.2884e-15 1.62196e-15 8.01729e-16 3.97165e-16 1.97194e-16 9.81318e-17 4.89474e-17 2.44711e-17 1.22624e-17 6.15857e-18 3.0998e-18 1.56332e-18 7.89459e-19 3.98178e-19 2.02282e-19
3.70385e-08 1.34906e-10 6.74801e-11 3.38073e-11 1.69638e-11 8.52499e-12 4.29033e-12 2.16197e-12 1.0904e-12 5.49641e-13 2.75476e-13 1.3465e-13 5.92658e-14 1.36878e-14 6.71009e-15 3.29572e-15 1.62196e-15 7.99904e-16 3.95344e-16 1.9583e-16 9.72243e-17 4.83812e-17 2.4132e-17 1.2065e-17 6.04602e-18 3.03674e-18 1.52864e-18 7.71033e-19 3.89418e-19 1.96434e-19 9.98124e-20
1.90419e-08 6.92297e-11 3.46236e-11 1.73429e-11 8.70018e-12 4.3708e-12 2.19868e-12 1.107e-12 5.57068e-13 2.78745e-13 1.36045e-13 5.98131e-14 1.38348e-14 6.76881e-15 3.3177e-15 1.62928e-15 8.01729e-16 3.95344e-16 1.95376e-16 9.67706e-17 4.80415e-17 2.39059e-17 1.19239e-17 5.96157e-18 2.9876e-18 1.50068e-18 7.55477e-19 3.81095e-19 1.92498e-19 9.71113e-20 4.93527e-20
9.80228e-09 3.55488e-11 1.77763e-11 8.90234e-12 4.4647e-12 2.24206e-12 1.12693e-12 5.66146e-13 2.82832e-13 1.3784e-13 6.05428e-14 1.40407e-14 6.85689e-15 3.35433e-15 1.6439e-15 8.07203e-16 3.97165e-16 1.9583e-16 9.67706e-17 4.79283e-17 2.37929e-17 1.18393e-17 5.90526e-18 2.95247e-18 1.47966e-18 7.43271e-19 3.74205e-19 1.8878e-19 9.53644e-20 4.81132e-20 2.44547e-20
5.05218e-09 1.82638e-11 9.13149e-12 4.57202e-12 2.29213e-12 1.15017e-12 5.76875e-13 2.87737e-13 1.40033e-13 6.14551e-14 1.43055e-14 6.97434e-15 3.40562e-15 1.66584e-15 8.16328e-16 4.00808e-16 1.97194e-16 9.72243e-17 4.80415e-17 2.37929e-17 1.18111e-17 5.8771e-18 2.93139e-18 1.46563e-18 7.34529e-19 3.68986e-19 1.85777e-19 9.37266e-20 4.735e-20 2.38903e-20 1.21439e-20
2.60698e-09 9.38764e-12 4.69278e-12 2.34888e-12 1.17675e-12 5.89256e-13 2.93459e-13 1.42625e-13 6.25499e-14 1.46291e-14 7.12117e-15 3.47157e-15 1.6951e-15 8.29103e-16 4.06273e-16 1.99467e-16 9.81318e-17 4.83812e-17 2.39059e-17 1.18393e-17 5.8771e-18 2.92437e-18 1.45862e-18 7.29281e-19 3.65497e-19 1.83609e-19 9.24455e-20 4.66411e-20 2.35635e-20 1.18893e-20 6.04384e-21
1.34672e-09 4.82697e-12 2.41231e-12 1.20664e-12 6.0329e-13 3e-13 1.45617e-13 6.38273e-14 1.50116e-14 7.29737e-15 3.55218e-15 1.73167e-15 8.45529e-16 4.1356e-16 2.02649e-16 9.94931e-17 4.89474e-17 2.4132e-17 1.19239e-17 5.90526e-18 2.93139e-18 1.45862e-18 7.27531e-19 3.63751e-19 1.82303e-19 9.15807e-20 4.61103e-20 2.3264e-20 1.17532e-20 5.93026e-21 3.01464e-21
6.9642e-10 2.48244e-12 1.23987e-12 6.18978e-13 3.0736e-13 1.49008e-13 6.52874e-14 1.5453e-14 7.50296e-15 3.64745e-15 1.77556e-15 8.65607e-16 4.22669e-16 2.0674e-16 1.01308e-16 4.974e-17 2.44711e-17 1.2065e-17 5.96157e-18 2.95247e-18 1.46563e-18 7.29281e-19 3.63751e-19 1.81868e-19 9.11467e-20 4.57873e-20 2.30532e-20 1.16308e-20 5.87587e-21 2.96469e-21 1.50704e-21
3.60484e-10 1.27642e-12 6.36319e-13 3.15538e-13 1.52798e-13 6.69301e-14 1.59533e-14 7.73794e-15 3.75738e-15 1.82676e-15 8.89336e-16 4.33601e-16 2.11741e-16 1.03577e-16 5.07591e-17 2.49232e-17 1.22624e-17 6.04602e-18 2.9876e-18 1.47966e-18 7.34529e-19 3.65497e-19 1.82303e-19 9.11467e-20 4.56792e-20 2.29462e-20 1.15526e-20 5.82824e-21 2.94427e-21 1.48548e-21 7.55057e-22
1.86761e-10 6.55312e-13 3.24535e-13 1.56987e-13 6.87554e-14 1.65124e-14 8.00226e-15 3.88196e-15 1.88527e-15 9.1671e-16 4.46351e-16 2.1765e-16 1.06299e-16 5.20042e-17 2.5488e-17 1.25161e-17 6.15857e-18 3.03674e-18 1.50068e-18 7.43271e-19 3.68986e-19 1.83609e-19 9.15807e-20 4.57873e-20 2.29462e-20 1.15261e-20 5.80267e-21 2.92721e-21 1.47863e-21 7.45964e-22 3.79125e-22
9.68276e-11 3.34346e-13 1.61574e-13 7.07624e-14 1.71299e-14 8.29571e-15 4.02107e-15 1.95103e-15 9.47702e-16 4.60906e-16 2.24459e-16 1.0947e-16 5.34736e-17 2.61649e-17 1.28257e-17 6.29899e-18 3.0998e-18 1.52864e-18 7.55477e-19 3.74205e-19 1.85777e-19 9.24455e-20 4.61103e-20 2.30532e-20 1.15526e-20 5.80267e-21 2.92105e-21 1.47341e-21 7.44193e-22 3.75407e-22 1.90766e-22
5.02141e-11 1.6655e-13 7.29472e-14 1.78038e-14 8.61731e-15 4.17422e-15 2.02381e-15 9.82192e-16 4.77207e-16 2.32139e-16 1.13076e-16 5.51599e-17 2.69499e-17 1.31893e-17 6.46637e-18 3.1763e-18 1.56332e-18 7.71033e-19 3.81095e-19 1.8878e-19 9.37266e-20 4.66411e-20 2.3264e-20 1.16308e-20 5.82824e-21 2.92721e-21 1.47341e-21 7.4312e-22 3.75288e-22 1.89292e-22 9.61724e-23
2.60055e-11 7.52938e-14 1.85261e-14 8.96305e-15 4.33942e-15 2.10259e-15 1.01968e-15 4.95003e-16 2.40565e-16 1.17054e-16 5.7032e-17 2.78277e-17 1.35991e-17 6.65683e-18 3.26433e-18 1.60374e-18 7.89459e-19 3.89418e-19 1.92498e-19 9.53644e-20 4.735e-20 2.35635e-20 1.17532e-20 5.87587e-21 2.94427e-21 1.47863e-21 7.44193e-22 3.75288e-22 1.895e-22 9.55705e-23 4.85458e-23
1.33676e-11 1.92632e-14 9.31619e-15 4.50831e-15 2.1832e-15 1.05809e-15 5.13257e-16 2.4922e-16 1.21146e-16 5.89609e-17 2.87337e-17 1.40231e-17 6.85435e-18 3.35588e-18 1.64593e-18 8.08761e-19 3.98178e-19 1.96434e-19 9.71113e-20 4.81132e-20 2.38903e-20 1.18893e-20 5.93026e-21 2.96469e-21 1.48548e-21 7.45964e-22 3.75407e-22 1.89292e-22 9.55705e-23 4.81936e-23 2.44758e-23
6.94786e-12 9.73391e-15 4.70942e-15 2.2799e-15 1.10451e-15 5.35514e-16 2.59872e-16 1.26235e-16 6.1387e-17 2.9888e-17 1.45709e-17 7.11365e-18 3.47826e-18 1.70349e-18 8.35741e-19 4.10769e-19 2.02282e-19 9.98124e-20 4.93527e-20 2.44547e-20 1.21439e-20 6.04384e-21 3.01464e-21 1.50704e-21 7.55057e-22 3.79125e-22 1.90766e-22 9.61724e-23 4.85458e-23 2.44758e-23 1.24266e-23
