0.0274382 0.0193165 0.0135989 0.00957368 0.0067399 0.00474491 0.00334043 0.00235167 0.00165559 0.00116554 0.000820542 0.000577664 0.000406677 0.000286302 0.000201558 0.000141897 9.98961e-05 7.03272e-05 4.95105e-05 3.48556e-05 2.45384e-05 1.72751e-05 1.21617e-05 8.56191e-06 6.02761e-06 4.24346e-06 2.98741e-06 2.10314e-06 1.48062e-06 1.04236e-06 7.33826e-07 5.16615e-07 3.63699e-07 2.56045e-07 1.80257e-07 1.26901e-07 8.93389e-08 6.28948e-08 4.42782e-08 3.1172e-08 2.19452e-08 1.54495e-08 1.08765e-08 7.65707e-09 5.3906e-09 3.795e-09 2.67169e-09 1.88088e-09 1.32415e-09 9.32202e-10 6.56273e-10 4.62019e-10 3.25262e-10 2.28986e-10 1.61207e-10 1.1349e-10 7.98973e-11 5.6248e-11 3.95988e-11 2.78776e-11 1.9626e-11 1.38167e-11 9.72702e-12 6.84785e-12 4.82091e-12 3.39394e-12 2.38934e-12 1.6821e-12 1.18421e-12 8.33685e-13 5.86917e-13 4.13191e-13 2.90888e-13 2.04786e-13 1.4417e-13 1.01496e-13 7.14536e-14 5.03036e-14 3.54139e-14 2.49315e-14 1.75518e-14 1.23566e-14 8.69905e-15 6.12416e-15 4.31143e-15 3.03526e-15 2.13683e-15 1.50434e-15 1.05906e-15 7.4558e-16 5.2489e-16 3.69525e-16 2.60146e-16 1.83144e-16 1.28934e-16 9.07699e-17 6.39023e-17 4.49874e-17 3.16713e-17 2.22967e-17 1.56969e-17
0.0193165 0.01525 0.0118985 0.00919488 0.00704933 0.00536833 0.00406485 0.00306268 0.00229765 0.00171718 0.00127904 0.000949824 0.00070344 0.000519696 0.000383096 0.00028183 0.000206948 0.000151703 0.000111032 8.1146e-05 5.92245e-05 4.31709e-05 3.1432e-05 2.28601e-05 1.66088e-05 1.20553e-05 8.74235e-06 6.33441e-06 4.58601e-06 3.31766e-06 2.39837e-06 1.73262e-06 1.25086e-06 9.02493e-07 6.50765e-07 4.68988e-07 3.37805e-07 2.43192e-07 1.74993e-07 1.2586e-07 9.04816e-08 6.50199e-08 4.67039e-08 3.35342e-08 2.4069e-08 1.7269e-08 1.23858e-08 8.88041e-09 6.36502e-09 4.56068e-09 3.26683e-09 2.33935e-09 1.67471e-09 1.19858e-09 8.5758e-10 6.1344e-10 4.38693e-10 3.13649e-10 2.24195e-10 1.60217e-10 1.14471e-10 8.17687e-11 5.83969e-11 4.16969e-11 2.97668e-11 2.1246e-11 1.51615e-11 1.08175e-11 7.7168e-12 5.50391e-12 3.92494e-12 2.79849e-12 1.99501e-12 1.422e-12 1.01341e-12 7.22122e-13 5.14484e-13 3.66498e-13 2.61043e-13 1.85906e-13 1.32379e-13 9.42512e-14 6.70967e-14 4.77598e-14 3.39916e-14 2.41896e-14 1.72122e-14 1.2246e-14 8.71177e-15 6.19684e-15 4.40746e-15 3.13445e-15 2.2289e-15 1.58481e-15 1.12673e-15 8.00981e-16 5.69355e-16 4.04673e-16 2.87598e-16 2.04376e-16 1.45223e-16
0.0135989 0.0118985 0.0101126 0.00841139 0.00688053 0.00555365 0.00443384 0.00350756 0.00275326 0.0021467 0.001664 0.00128319 0.000984997 0.000753 0.000573516 0.000435349 0.000329458 0.000248625 0.000187141 0.000140527 0.000105291 7.87286e-05 5.87548e-05 4.37703e-05 3.25527e-05 2.4172e-05 1.79224e-05 1.32701e-05 9.81245e-06 7.24669e-06 5.34549e-06 3.93866e-06 2.89897e-06 2.13157e-06 1.56578e-06 1.14911e-06 8.42578e-07 6.1729e-07 4.51873e-07 3.30526e-07 2.41586e-07 1.76452e-07 1.2879e-07 9.39395e-08 6.84761e-08 4.98841e-08 3.63185e-08 2.64269e-08 1.92187e-08 1.39691e-08 1.01482e-08 7.36878e-09 5.34799e-09 3.87956e-09 2.81305e-09 2.03883e-09 1.47706e-09 1.06964e-09 7.74288e-10 5.6027e-10 4.05254e-10 2.9302e-10 2.11793e-10 1.53029e-10 1.10532e-10 7.98104e-11 5.76091e-11 4.15706e-11 2.9988e-11 2.16262e-11 1.55914e-11 1.12375e-11 8.09712e-12 5.83277e-12 4.20053e-12 3.02428e-12 2.17686e-12 1.5665e-12 1.12701e-12 8.10625e-13 5.82926e-13 4.19091e-13 3.01237e-13 2.16478e-13 1.55534e-13 1.11725e-13 8.02389e-14 5.76147e-14 4.13616e-14 2.96878e-14 2.13048e-14 1.52861e-14 1.09657e-14 7.86506e-15 5.64015e-15 4.04395e-15 2.899e-15 2.07787e-15 1.48909e-15 1.06697e-15 7.64393e-16
0.00957368 0.00919488 0.00841139 0.00743982 0.00641888 0.00543261 0.00452771 0.00372616 0.00303419 0.00244847 0.00196042 0.00155893 0.00123218 0.000968659 0.000757807 0.000590251 0.000457908 0.00035394 0.000272661 0.000209396 0.000160349 0.000122463 9.32959e-05 7.09106e-05 5.3779e-05 4.07029e-05 3.07468e-05 2.31838e-05 1.74511e-05 1.31145e-05 9.84038e-06 7.37282e-06 5.51631e-06 4.12179e-06 3.07589e-06 2.2926e-06 1.7068e-06 1.26927e-06 9.42896e-07 6.99728e-07 5.18762e-07 3.84235e-07 2.84336e-07 2.10227e-07 1.55302e-07 1.14634e-07 8.45495e-08 6.2313e-08 4.58911e-08 3.37731e-08 2.4838e-08 1.82547e-08 1.34077e-08 9.8415e-09 7.21951e-09 5.29298e-09 3.87833e-09 2.84021e-09 2.07885e-09 1.52079e-09 1.11197e-09 8.12654e-10 5.9362e-10 4.33419e-10 3.16308e-10 2.30738e-10 1.68244e-10 1.22625e-10 8.93381e-11 6.50611e-11 4.73626e-11 3.44655e-11 2.50709e-11 1.82304e-11 1.32516e-11 9.62919e-12 6.99459e-12 5.07913e-12 3.68702e-12 2.67561e-12 1.94103e-12 1.4077e-12 1.02061e-12 7.39741e-13 5.36013e-13 3.88283e-13 2.81191e-13 2.0358e-13 1.47352e-13 1.06626e-13 7.71362e-14 5.57885e-14 4.0339e-14 2.91608e-14 2.10752e-14 1.5228e-14 1.10005e-14 7.94489e-15 5.73675e-15 4.14143e-15 2.98911e-15
0.0067399 0.00704933 0.00688053 0.00641888 0.0057982 0.00511146 0.0044204 0.00376364 0.00316316 0.00262938 0.00216506 0.00176805 0.00143334 0.00115447 0.000924452 0.000736373 0.000583756 0.000460748 0.000362201 0.000283677 0.000221415 0.000172268 0.000133632 0.000103374 7.97583e-05 6.13873e-05 4.71388e-05 3.61188e-05 2.76181e-05 2.1077e-05 1.60553e-05 1.22085e-05 9.26787e-06 7.02431e-06 5.31576e-06 4.01694e-06 3.03123e-06 2.28435e-06 1.71929e-06 1.29242e-06 9.70385e-07 7.27765e-07 5.45209e-07 4.08016e-07 3.05036e-07 2.27824e-07 1.69995e-07 1.26729e-07 9.43912e-08 7.0245e-08 5.22324e-08 3.88076e-08 2.88108e-08 2.1373e-08 1.58438e-08 1.17367e-08 8.68822e-09 6.42725e-09 4.75157e-09 3.51054e-09 2.59204e-09 1.91271e-09 1.4106e-09 1.03971e-09 7.65909e-10 5.63908e-10 4.14964e-10 3.05203e-10 2.24362e-10 1.64853e-10 1.2107e-10 8.88737e-11 6.52095e-11 4.7825e-11 3.50598e-11 2.56908e-11 1.88177e-11 1.37777e-11 1.00835e-11 7.37697e-12 5.39483e-12 3.94379e-12 2.88198e-12 2.10528e-12 1.53736e-12 1.12226e-12 8.18956e-13 5.97426e-13 4.35678e-13 3.1762e-13 2.3148e-13 1.68649e-13 1.22836e-13 8.94406e-14 6.51056e-14 4.7378e-14 3.44677e-14 2.50685e-14 1.82274e-14 1.32497e-14 9.62882e-15
0.00474491 0.00536833 0.00555365 0.00543261 0.00511146 0.00467217 0.00417545 0.0036643 0.0031677 0.00270378 0.00228273 0.001909 0.00158313 0.00130314 0.00106552 0.000865994 0.000699979 0.000562962 0.000450687 0.000359276 0.000285283 0.000225704 0.00017796 0.000139871 0.000109606 8.56495e-05 6.67526e-05 5.18955e-05 4.02501e-05 3.11483e-05 2.40536e-05 1.85375e-05 1.42589e-05 1.09478e-05 8.39091e-06 6.42044e-06 4.90485e-06 3.74129e-06 2.84956e-06 2.16731e-06 1.64617e-06 1.24871e-06 9.46023e-07 7.1584e-07 5.41031e-07 4.0845e-07 3.08022e-07 2.32043e-07 1.74627e-07 1.31289e-07 9.86117e-08 7.39993e-08 5.54801e-08 4.15593e-08 3.11052e-08 2.32617e-08 1.73822e-08 1.29787e-08 9.68345e-09 7.21956e-09 5.37876e-09 4.00453e-09 2.97939e-09 2.21522e-09 1.64599e-09 1.22226e-09 9.07062e-10 6.72745e-10 4.98667e-10 3.69423e-10 2.73524e-10 2.0241e-10 1.49705e-10 1.10667e-10 8.17669e-11 6.0384e-11 4.45713e-11 3.28838e-11 2.42497e-11 1.78745e-11 1.31694e-11 9.6986e-12 7.13946e-12 5.25339e-12 3.86398e-12 2.84089e-12 2.08786e-12 1.53384e-12 1.1264e-12 8.26882e-13 6.06784e-13 4.45111e-13 3.26399e-13 2.39264e-13 1.75331e-13 1.28438e-13 9.40556e-14 6.88549e-14 5.03903e-14 3.68658e-14 2.69628e-14
0.00334043 0.00406485 0.00443384 0.00452771 0.0044204 0.00417545 0.00384458 0.0034681 0.00307602 0.00268965 0.00232322 0.00198549 0.00168106 0.00141152 0.0011764 0.000973877 0.000801307 0.000655648 0.000533725 0.000432426 0.000348825 0.000280245 0.000224297 0.000178883 0.000142191 0.000112673 8.90208e-05 7.01385e-05 5.51163e-05 4.32038e-05 3.37861e-05 2.63619e-05 2.05252e-05 1.59481e-05 1.23676e-05 9.57306e-06 7.39675e-06 5.70542e-06 4.39361e-06 3.37808e-06 2.59335e-06 1.988e-06 1.52182e-06 1.16338e-06 8.88202e-07 6.77258e-07 5.15783e-07 3.92346e-07 2.98109e-07 2.26257e-07 1.71539e-07 1.2992e-07 9.82997e-08 7.43027e-08 5.61108e-08 4.23339e-08 3.19111e-08 2.40336e-08 1.80854e-08 1.35982e-08 1.02161e-08 7.66921e-09 5.7529e-09 4.31222e-09 3.22999e-09 2.41767e-09 1.80839e-09 1.35175e-09 1.00976e-09 7.53806e-10 5.62381e-10 4.1931e-10 3.12451e-10 2.32688e-10 1.73188e-10 1.2883e-10 9.57814e-11 7.11724e-11 5.28584e-11 3.92368e-11 2.91108e-11 2.15874e-11 1.60006e-11 1.1854e-11 8.77796e-12 6.49716e-12 4.80683e-12 3.55471e-12 2.62761e-12 1.94149e-12 1.43393e-12 1.05863e-12 7.81244e-13 5.76313e-13 4.24973e-13 3.13256e-13 2.30821e-13 1.70017e-13 1.25185e-13 9.2142e-14 6.77972e-14
0.00235167 0.00306268 0.00350756 0.00372616 0.00376364 0.0036643 0.0034681 0.00320901 0.00291452 0.00260591 0.00229893 0.00200462 0.00173016 0.00147974 0.00125529 0.00105709 0.000884246 0.000735165 0.000607804 0.000499918 0.00040922 0.000333492 0.000270654 0.000218806 0.00017625 0.000141486 0.000113215 9.03177e-05 7.18446e-05 5.69944e-05 4.50969e-05 3.55953e-05 2.80298e-05 2.2023e-05 1.72666e-05 1.35098e-05 1.05497e-05 8.22281e-06 6.39761e-06 4.96894e-06 3.85291e-06 2.98276e-06 2.30558e-06 1.77949e-06 1.37147e-06 1.05555e-06 8.11316e-07 6.22787e-07 4.77469e-07 3.65615e-07 2.79636e-07 2.13633e-07 1.63029e-07 1.24278e-07 9.46395e-08 7.19966e-08 5.47173e-08 4.15454e-08 3.15149e-08 2.38846e-08 1.80857e-08 1.3683e-08 1.03434e-08 7.81256e-09 5.89626e-09 4.44655e-09 3.35074e-09 2.52311e-09 1.89854e-09 1.42757e-09 1.07269e-09 8.05486e-10 6.04445e-10 4.53289e-10 3.39719e-10 2.54447e-10 1.90463e-10 1.42485e-10 1.06531e-10 7.96038e-11 5.94499e-11 4.43744e-11 3.31041e-11 2.46833e-11 1.8395e-11 1.37019e-11 1.0201e-11 7.59098e-12 5.64604e-12 4.19747e-12 3.11911e-12 2.31675e-12 1.72002e-12 1.27644e-12 9.46846e-13 7.02064e-13 5.20348e-13 3.85509e-13 2.85498e-13 2.11348e-13 1.56397e-13
0.00165559 0.00229765 0.00275326 0.00303419 0.00316316 0.0031677 0.00307602 0.00291452 0.00270631 0.00247071 0.00222312 0.00197528 0.00173574 0.00151032 0.00130266 0.00111466 0.00094693 0.000799161 0.000670384 0.000559232 0.000464106 0.000383319 0.000315182 0.000258075 0.000210488 0.000171044 0.00013851 0.000111796 8.99555e-05 7.21688e-05 5.77375e-05 4.60694e-05 3.66663e-05 2.91121e-05 2.30609e-05 1.82272e-05 1.43763e-05 1.1316e-05 8.88988e-06 6.97085e-06 5.45626e-06 4.26337e-06 3.32573e-06 2.59014e-06 2.01412e-06 1.56386e-06 1.2125e-06 9.38762e-07 7.25842e-07 5.60478e-07 4.32238e-07 3.32929e-07 2.56131e-07 1.96819e-07 1.51072e-07 1.1583e-07 8.87156e-08 6.78778e-08 5.18821e-08 3.9617e-08 3.02225e-08 2.30343e-08 1.75398e-08 1.33442e-08 1.01434e-08 7.70386e-09 5.84625e-09 4.433e-09 3.35875e-09 2.54287e-09 1.92374e-09 1.45429e-09 1.09861e-09 8.29339e-10 6.25638e-10 4.71654e-10 3.55335e-10 2.67531e-10 2.01296e-10 1.51366e-10 1.13752e-10 8.54345e-11 6.41289e-11 4.81091e-11 3.60709e-11 2.70302e-11 2.02445e-11 1.51543e-11 1.1338e-11 8.47851e-12 6.337e-12 4.73406e-12 3.53488e-12 2.63821e-12 1.96807e-12 1.46749e-12 1.09373e-12 8.14808e-13 6.0675e-13 4.51626e-13 3.36019e-13
0.00116554 0.00171718 0.0021467 0.00244847 0.00262938 0.00270378 0.00268965 0.00260591 0.00247071 0.00230033 0.00210866 0.00190706 0.00170442 0.00150737 0.00132061 0.0011472 0.000988902 0.000846466 0.000719877 0.000608582 0.000511662 0.000427977 0.000356272 0.000295258 0.000243669 0.000200304 0.000164045 0.00013388 0.0001089 8.83024e-05 7.1387e-05 5.75482e-05 4.62667e-05 3.71007e-05 2.96773e-05 2.36832e-05 1.88571e-05 1.49819e-05 1.18783e-05 9.3988e-06 7.42259e-06 5.85106e-06 4.60403e-06 3.61655e-06 2.83614e-06 2.22058e-06 1.73592e-06 1.35501e-06 1.05615e-06 8.22046e-07 6.38963e-07 4.96e-07 3.8453e-07 2.97741e-07 2.30261e-07 1.77867e-07 1.37237e-07 1.05771e-07 8.14311e-08 6.26264e-08 4.81149e-08 3.69291e-08 2.83161e-08 2.16913e-08 1.66011e-08 1.26939e-08 9.69772e-09 7.40235e-09 5.64552e-09 4.30211e-09 3.27574e-09 2.49227e-09 1.89473e-09 1.43937e-09 1.09264e-09 8.28837e-10 6.28282e-10 4.75926e-10 3.60272e-10 2.72542e-10 2.0604e-10 1.55667e-10 1.17535e-10 8.86892e-11 6.68827e-11 5.04081e-11 3.79695e-11 2.85839e-11 2.15064e-11 1.61723e-11 1.21547e-11 9.13035e-12 6.85494e-12 5.14396e-12 3.8581e-12 2.89224e-12 2.16713e-12 1.62304e-12 1.21497e-12 9.09084e-13 6.79899e-13
0.000820542 0.00127904 0.001664 0.00196042 0.00216506 0.00228273 0.00232322 0.00229893 0.00222312 0.00210866 0.00196734 0.00180939 0.00164331 0.00147591 0.00131238 0.0011565 0.00101083 0.00087693 0.000755568 0.000646899 0.000550627 0.00046614 0.00039262 0.000329132 0.000274685 0.000228289 0.000188984 0.000155865 0.000128098 0.000104926 8.56745e-05 6.97441e-05 5.66129e-05 4.58281e-05 3.70007e-05 2.97989e-05 2.39412e-05 1.91908e-05 1.53489e-05 1.22502e-05 9.75702e-06 7.75601e-06 6.15369e-06 4.87348e-06 3.8528e-06 3.04069e-06 2.39581e-06 1.88469e-06 1.48033e-06 1.16099e-06 9.09215e-07 7.11042e-07 5.55306e-07 4.33106e-07 3.37363e-07 2.62457e-07 2.03935e-07 1.58275e-07 1.22696e-07 9.50091e-08 7.34895e-08 5.67836e-08 4.38299e-08 3.37971e-08 2.60351e-08 2.00365e-08 1.54055e-08 1.1834e-08 9.0823e-09 6.96436e-09 5.33573e-09 4.08453e-09 3.12417e-09 2.3877e-09 1.82341e-09 1.3914e-09 1.06095e-09 8.08385e-10 6.15499e-10 4.68305e-10 3.56065e-10 2.70541e-10 2.05422e-10 1.55876e-10 1.18203e-10 8.95793e-11 6.78448e-11 5.13526e-11 3.88462e-11 2.93684e-11 2.21903e-11 1.67571e-11 1.26472e-11 9.54008e-12 7.19245e-12 5.41967e-12 4.08172e-12 3.0725e-12 2.31165e-12 1.73836e-12 1.3066e-12
0.000577664 0.000949824 0.00128319 0.00155893 0.00176805 0.001909 0.00198549 0.00200462 0.00197528 0.00190706 0.00180939 0.00169096 0.00155945 0.00142133 0.00128187 0.00114515 0.00101422 0.000891218 0.000777489 0.000673766 0.000580288 0.000496921 0.000423262 0.000358723 0.000302603 0.00025414 0.000212553 0.000177075 0.000146972 0.000121558 0.000100203 8.23366e-05 6.74512e-05 5.50972e-05 4.48817e-05 3.64636e-05 2.95494e-05 2.38882e-05 1.92665e-05 1.55042e-05 1.24497e-05 9.97627e-06 7.97824e-06 6.36806e-06 5.07338e-06 4.03466e-06 3.20302e-06 2.53852e-06 2.0086e-06 1.5868e-06 1.25166e-06 9.85834e-07 7.75348e-07 6.08951e-07 4.77614e-07 3.7411e-07 2.9266e-07 2.28657e-07 1.78434e-07 1.39077e-07 1.08277e-07 8.42023e-08 6.5409e-08 5.07559e-08 3.93443e-08 3.04674e-08 2.35699e-08 1.82162e-08 1.40652e-08 1.085e-08 8.36224e-09 6.43915e-09 4.95403e-09 3.80819e-09 2.92495e-09 2.24474e-09 1.72134e-09 1.31895e-09 1.00985e-09 7.72609e-10 5.90669e-10 4.51248e-10 3.44493e-10 2.62811e-10 2.0036e-10 1.52647e-10 1.1622e-10 8.84291e-11 6.7241e-11 5.1098e-11 3.88068e-11 2.94546e-11 2.2343e-11 1.69386e-11 1.28342e-11 9.71886e-12 7.35568e-12 5.56411e-12 4.20666e-12 3.17871e-12 2.40072e-12
0.000406677 0.00070344 0.000984997 0.00123218 0.00143334 0.00158313 0.00168106 0.00173016 0.00173574 0.00170442 0.00164331 0.00155945 0.0014594 0.00134899 0.00123322 0.0011162 0.00100117 0.000890612 0.000786272 0.000689318 0.000600419 0.000519847 0.00044757 0.000383326 0.000326692 0.000277141 0.000234082 0.000196901 0.000164982 0.000137726 0.000114571 9.4991e-05 7.85068e-05 6.46864e-05 5.31445e-05 4.35409e-05 3.55779e-05 2.89972e-05 2.35758e-05 1.9123e-05 1.54761e-05 1.24974e-05 1.00708e-05 8.09891e-06 6.5004e-06 5.20754e-06 4.16419e-06 3.32399e-06 2.64878e-06 2.10723e-06 1.6737e-06 1.32729e-06 1.05099e-06 8.30983e-07 6.56092e-07 5.17291e-07 4.07304e-07 3.20281e-07 2.5153e-07 1.97291e-07 1.5456e-07 1.20941e-07 9.45254e-08 7.37965e-08 5.75501e-08 4.48324e-08 3.48885e-08 2.71225e-08 2.10641e-08 1.63431e-08 1.2668e-08 9.81023e-09 7.59019e-09 5.86729e-09 4.53151e-09 3.49685e-09 2.69616e-09 2.0771e-09 1.59889e-09 1.22981e-09 9.45196e-10 7.25898e-10 5.57065e-10 4.27188e-10 3.27356e-10 2.50678e-10 1.91828e-10 1.46695e-10 1.12105e-10 8.56159e-11 6.53437e-11 4.98401e-11 3.79913e-11 2.89417e-11 2.20345e-11 1.67659e-11 1.27496e-11 9.68995e-12 7.3604e-12 5.5878e-12 4.23979e-12
0.000286302 0.000519696 0.000753 0.000968659 0.00115447 0.00130314 0.00141152 0.00147974 0.00151032 0.00150737 0.00147591 0.00142133 0.00134899 0.0012639 0.00117057 0.00107289 0.000974107 0.000876813 0.000783005 0.000694142 0.000611215 0.000534823 0.000465243 0.000402503 0.000346439 0.000296746 0.000253025 0.00021482 0.000181642 0.000152996 0.000128396 0.000107376 8.94985e-05 7.43613e-05 6.15971e-05 5.0876e-05 4.19042e-05 3.44226e-05 2.82044e-05 2.30527e-05 1.87974e-05 1.52926e-05 1.2414e-05 1.00559e-05 8.12905e-06 6.55844e-06 5.28117e-06 4.24479e-06 3.40568e-06 2.72771e-06 2.18103e-06 1.74106e-06 1.38765e-06 1.10428e-06 8.7746e-07 6.96217e-07 5.51631e-07 4.36471e-07 3.4489e-07 2.72169e-07 2.1451e-07 1.68856e-07 1.32758e-07 1.04255e-07 8.17768e-08 6.40734e-08 5.01475e-08 3.92063e-08 3.06202e-08 2.38901e-08 1.86205e-08 1.44991e-08 1.12791e-08 8.76602e-09 6.80663e-09 5.28045e-09 4.09288e-09 3.16966e-09 2.45261e-09 1.89621e-09 1.46484e-09 1.13071e-09 8.7211e-10 6.72138e-10 5.17631e-10 3.98346e-10 3.06328e-10 2.35399e-10 1.80767e-10 1.38719e-10 1.0638e-10 8.15256e-11 6.24376e-11 4.77883e-11 3.6553e-11 2.79418e-11 2.13463e-11 1.62979e-11 1.24361e-11 9.48381e-12 7.22828e-12
0.000201558 0.000383096 0.000573516 0.000757807 0.000924452 0.00106552 0.0011764 0.00125529 0.00130266 0.00132061 0.00131238 0.00128187 0.00123322 0.00117057 0.00109781 0.00101846 0.000935592 0.000851769 0.000769082 0.00068916 0.000613208 0.000542067 0.000476264 0.000416067 0.000361539 0.000312579 0.000268971 0.000230412 0.000196545 0.000166983 0.000141326 0.000119178 0.000100153 8.38867e-05 7.00409e-05 5.83038e-05 4.83931e-05 4.00555e-05 3.30661e-05 2.72263e-05 2.23627e-05 1.83242e-05 1.49807e-05 1.22202e-05 9.94719e-06 8.08026e-06 6.55066e-06 5.30037e-06 4.28072e-06 3.45097e-06 2.77718e-06 2.23114e-06 1.7895e-06 1.43299e-06 1.14571e-06 9.14637e-07 7.29093e-07 5.80356e-07 4.61317e-07 3.66197e-07 2.90304e-07 2.29843e-07 1.81745e-07 1.43536e-07 1.13224e-07 8.92085e-08 7.02067e-08 5.51906e-08 4.3339e-08 3.3996e-08 2.66394e-08 2.08534e-08 1.63079e-08 1.27407e-08 9.94424e-09 7.75433e-09 6.04113e-09 4.7022e-09 3.6568e-09 2.84136e-09 2.20589e-09 1.71112e-09 1.32624e-09 1.02711e-09 7.94822e-10 6.14595e-10 4.74875e-10 3.66646e-10 2.82877e-10 2.18091e-10 1.68024e-10 1.29361e-10 9.95272e-11 7.65224e-11 5.87963e-11 4.51471e-11 3.46445e-11 2.65684e-11 2.03625e-11 1.55967e-11 1.19392e-11
0.000141897 0.00028183 0.000435349 0.000590251 0.000736373 0.000865994 0.000973877 0.00105709 0.00111466 0.0011472 0.0011565 0.00114515 0.0011162 0.00107289 0.00101846 0.000955968 0.000888179 0.000817531 0.000746083 0.000675522 0.000607179 0.000542055 0.00048086 0.000424053 0.000371885 0.000324435 0.000281649 0.00024337 0.00020937 0.000179369 0.000153059 0.000130116 0.000110214 9.30369e-05 7.82793e-05 6.5656e-05 5.49028e-05 4.57785e-05 3.80649e-05 3.15668e-05 2.61109e-05 2.15448e-05 1.77349e-05 1.45652e-05 1.19356e-05 9.75978e-06 7.96409e-06 6.48577e-06 5.27163e-06 4.27672e-06 3.46326e-06 2.79957e-06 2.25919e-06 1.82007e-06 1.46393e-06 1.17563e-06 9.42656e-07 7.54726e-07 6.03385e-07 4.81711e-07 3.84043e-07 3.05766e-07 2.43126e-07 1.93071e-07 1.53131e-07 1.21305e-07 9.59793e-08 7.5853e-08 5.98791e-08 4.72167e-08 3.71915e-08 2.92639e-08 2.30021e-08 1.80619e-08 1.41685e-08 1.11036e-08 8.69336e-09 6.79994e-09 5.31403e-09 4.14909e-09 3.23667e-09 2.52271e-09 1.96458e-09 1.52865e-09 1.18849e-09 9.23274e-10 7.16679e-10 5.55883e-10 4.30836e-10 3.33669e-10 2.58227e-10 1.99698e-10 1.54326e-10 1.19179e-10 9.19742e-11 7.09313e-11 5.46666e-11 4.2104e-11 3.24075e-11 2.49284e-11 1.91634e-11
9.98961e-05 0.000206948 0.000329458 0.000457908 0.000583756 0.000699979 0.000801307 0.000884246 0.00094693 0.000988902 0.00101083 0.00101422 0.00100117 0.000974107 0.000935592 0.000888179 0.000834291 0.000776135 0.000715657 0.000654517 0.000594086 0.000535454 0.000479453 0.000426683 0.000377543 0.000332259 0.00029092 0.0002535 0.000219888 0.000189909 0.000163345 0.000139949 0.000119457 0.000101604 8.61263e-05 7.27689e-05 6.12918e-05 5.14707e-05 4.30993e-05 3.599e-05 2.99737e-05 2.48993e-05 2.06331e-05 1.70572e-05 1.40686e-05 1.1578e-05 9.50784e-06 7.79164e-06 6.37239e-06 5.2015e-06 4.23775e-06 3.44624e-06 2.79758e-06 2.26709e-06 1.83411e-06 1.4814e-06 1.19463e-06 9.61875e-07 7.73307e-07 6.20796e-07 4.97651e-07 3.98379e-07 3.18477e-07 2.54264e-07 2.02735e-07 1.61445e-07 1.28406e-07 1.02006e-07 8.09375e-08 6.41469e-08 5.07823e-08 4.01579e-08 3.17221e-08 2.50319e-08 1.97323e-08 1.5539e-08 1.22246e-08 9.60788e-09 7.54408e-09 5.91806e-09 4.63826e-09 3.63196e-09 2.84148e-09 2.22112e-09 1.73473e-09 1.35372e-09 1.05554e-09 8.2237e-10 6.40205e-10 4.98005e-10 3.87096e-10 3.00661e-10 2.33355e-10 1.80985e-10 1.40268e-10 1.08635e-10 8.40785e-11 6.50286e-11 5.02614e-11 3.88221e-11 2.99671e-11
7.03272e-05 0.000151703 0.000248625 0.00035394 0.000460748 0.000562962 0.000655648 0.000735165 0.000799161 0.000846466 0.00087693 0.000891218 0.000890612 0.000876813 0.000851769 0.000817531 0.000776135 0.000729516 0.000679442 0.000627483 0.000574982 0.000523059 0.000472611 0.000424331 0.000378725 0.000336136 0.000296769 0.000260711 0.000227958 0.000198431 0.000171997 0.000148483 0.000127691 0.000109408 9.34134e-05 7.94896e-05 6.74237e-05 5.70129e-05 4.80667e-05 4.04088e-05 3.38779e-05 2.83274e-05 2.36261e-05 1.96566e-05 1.63152e-05 1.35108e-05 1.11636e-05 9.20442e-06 7.5733e-06 6.21868e-06 5.09639e-06 4.16873e-06 3.40366e-06 2.77404e-06 2.25696e-06 1.83317e-06 1.48651e-06 1.20347e-06 9.72817e-07 7.85176e-07 6.32792e-07 5.09249e-07 4.0925e-07 3.28436e-07 2.63229e-07 2.10692e-07 1.68426e-07 1.34471e-07 1.0723e-07 8.54063e-08 6.79448e-08 5.39918e-08 4.28563e-08 3.39803e-08 2.69138e-08 2.12946e-08 1.68313e-08 1.32901e-08 1.04836e-08 8.26182e-09 6.50471e-09 5.11654e-09 4.02095e-09 3.15714e-09 2.47671e-09 1.94126e-09 1.52028e-09 1.18961e-09 9.30097e-10 7.26615e-10 5.67202e-10 4.4242e-10 3.44826e-10 2.6856e-10 2.09007e-10 1.62542e-10 1.26317e-10 9.80965e-11 7.61281e-11 5.90393e-11 4.57559e-11
4.95105e-05 0.000111032 0.000187141 0.000272661 0.000362201 0.000450687 0.000533725 0.000607804 0.000670384 0.000719877 0.000755568 0.000777489 0.000786272 0.000783005 0.000769082 0.000746083 0.000715657 0.000679442 0.000638995 0.000595745 0.000550962 0.000505741 0.000461 0.00041748 0.000375758 0.000336262 0.000299287 0.000265014 0.000233529 0.000204838 0.000178887 0.000155575 0.000134764 0.000116295 9.99945e-05 8.5681e-05 7.31729e-05 6.22919e-05 5.28669e-05 4.4736e-05 3.77486e-05 3.17658e-05 2.6661e-05 2.23199e-05 1.86399e-05 1.55298e-05 1.29091e-05 1.07068e-05 8.86125e-06 7.31857e-06 6.03228e-06 4.96235e-06 4.07445e-06 3.33925e-06 2.73181e-06 2.23098e-06 1.81888e-06 1.48045e-06 1.20306e-06 9.7612e-07 7.90779e-07 6.39677e-07 5.16698e-07 4.16772e-07 3.35707e-07 2.70045e-07 2.1694e-07 1.74054e-07 1.39471e-07 1.11621e-07 8.92254e-08 7.12392e-08 5.68131e-08 4.52573e-08 3.60122e-08 2.86247e-08 2.27285e-08 1.80281e-08 1.42853e-08 1.13082e-08 8.94277e-09 7.06536e-09 5.57683e-09 4.39784e-09 3.46495e-09 2.72752e-09 2.14515e-09 1.68568e-09 1.32351e-09 1.03829e-09 8.1387e-10 6.37447e-10 4.98874e-10 3.90123e-10 3.04847e-10 2.38032e-10 1.85725e-10 1.44807e-10 1.12824e-10 8.78424e-11 6.83453e-11
3.48556e-05 8.1146e-05 0.000140527 0.000209396 0.000283677 0.000359276 0.000432426 0.000499918 0.000559232 0.000608582 0.000646899 0.000673766 0.000689318 0.000694142 0.00068916 0.000675522 0.000654517 0.000627483 0.000595745 0.000560566 0.000523105 0.000484398 0.000445341 0.000406689 0.000369056 0.000332924 0.000298655 0.000266502 0.000236625 0.000209102 0.00018395 0.000161131 0.000140567 0.000122149 0.00010575 9.1226e-05 7.8428e-05 6.72045e-05 5.7406e-05 4.88877e-05 4.15122e-05 3.51505e-05 2.96833e-05 2.5001e-05 2.10043e-05 1.76035e-05 1.47185e-05 1.22784e-05 1.02201e-05 8.48871e-06 7.03599e-06 5.82015e-06 4.805e-06 3.95938e-06 3.25656e-06 2.67369e-06 2.19132e-06 1.79292e-06 1.46453e-06 1.19435e-06 9.72494e-07 7.90634e-07 6.41822e-07 5.2026e-07 4.21122e-07 3.40402e-07 2.74781e-07 2.21516e-07 1.78345e-07 1.43405e-07 1.15168e-07 9.23785e-08 7.40107e-08 5.92261e-08 4.7341e-08 3.77988e-08 3.01469e-08 2.40184e-08 1.91157e-08 1.5198e-08 1.20711e-08 9.57806e-09 7.59252e-09 6.01285e-09 4.75739e-09 3.7606e-09 2.96999e-09 2.34351e-09 1.84757e-09 1.45534e-09 1.14541e-09 9.00745e-10 7.07764e-10 5.55684e-10 4.35939e-10 3.41734e-10 2.67683e-10 2.09522e-10 1.63877e-10 1.28083e-10 1.00035e-10
2.45384e-05 5.92245e-05 0.000105291 0.000160349 0.000221415 0.000285283 0.000348825 0.00040922 0.000464106 0.000511662 0.000550627 0.000580288 0.000600419 0.000611215 0.000613208 0.000607179 0.000594086 0.000574982 0.000550962 0.000523105 0.00049244 0.000459914 0.000426374 0.000392557 0.000359088 0.000326475 0.000295124 0.000265339 0.000237337 0.000211258 0.000187175 0.000165109 0.000145033 0.000126888 0.000110589 9.60299e-05 8.30951e-05 7.16603e-05 6.15993e-05 5.2786e-05 4.50984e-05 3.84192e-05 3.26383e-05 2.76528e-05 2.33682e-05 1.9698e-05 1.6564e-05 1.3896e-05 1.16313e-05 9.71425e-06 8.09586e-06 6.73313e-06 5.58853e-06 4.62945e-06 3.82768e-06 3.15894e-06 2.60235e-06 2.14009e-06 1.75694e-06 1.44e-06 1.17833e-06 9.6269e-07 7.85304e-07 6.39644e-07 5.20238e-07 4.22518e-07 3.42675e-07 2.7754e-07 2.24487e-07 1.81338e-07 1.46296e-07 1.17878e-07 9.48647e-08 7.62529e-08 6.12208e-08 4.90957e-08 3.93278e-08 3.14686e-08 2.51528e-08 2.00833e-08 1.60189e-08 1.27641e-08 1.01604e-08 8.07988e-09 6.41922e-09 5.09505e-09 4.04028e-09 3.20094e-09 2.5337e-09 2.00378e-09 1.58333e-09 1.25003e-09 9.86068e-10 7.77206e-10 6.12089e-10 4.81667e-10 3.78739e-10 2.97576e-10 2.33629e-10 1.83287e-10 1.43687e-10
1.72751e-05 4.31709e-05 7.87286e-05 0.000122463 0.000172268 0.000225704 0.000280245 0.000333492 0.000383319 0.000427977 0.00046614 0.000496921 0.000519847 0.000534823 0.000542067 0.000542055 0.000535454 0.000523059 0.000505741 0.000484398 0.000459914 0.000433131 0.000404827 0.000375699 0.000346355 0.000317312 0.000288995 0.000261743 0.000235813 0.000211392 0.000188602 0.000167509 0.000148135 0.000130463 0.000114449 0.000100022 8.70995e-05 7.55841e-05 6.53734e-05 5.63616e-05 4.84427e-05 4.15133e-05 3.54735e-05 3.0229e-05 2.56913e-05 2.17786e-05 1.8416e-05 1.5535e-05 1.30742e-05 1.09784e-05 9.19831e-06 7.69049e-06 6.41656e-06 5.34293e-06 4.44028e-06 3.68313e-06 3.04946e-06 2.52027e-06 2.07929e-06 1.71254e-06 1.40814e-06 1.15597e-06 9.47468e-07 7.75375e-07 6.33587e-07 5.16966e-07 4.21207e-07 3.42704e-07 2.78451e-07 2.25941e-07 1.83094e-07 1.48181e-07 1.19776e-07 9.66965e-08 7.79704e-08 6.27967e-08 5.05175e-08 4.05934e-08 3.25827e-08 2.61244e-08 2.09239e-08 1.6741e-08 1.33807e-08 1.0684e-08 8.52238e-09 6.7915e-09 5.40699e-09 4.3007e-09 3.41761e-09 2.71339e-09 2.15236e-09 1.70585e-09 1.3508e-09 1.06874e-09 8.44881e-10 6.67363e-10 5.2672e-10 4.15387e-10 3.27332e-10 2.57745e-10 2.02798e-10
1.21617e-05 3.1432e-05 5.87548e-05 9.32959e-05 0.000133632 0.00017796 0.000224297 0.000270654 0.000315182 0.000356272 0.00039262 0.000423262 0.00044757 0.000465243 0.000476264 0.00048086 0.000479453 0.000472611 0.000461 0.000445341 0.000426374 0.000404827 0.000381395 0.000356717 0.000331369 0.000305855 0.000280605 0.000255973 0.000232245 0.000209638 0.000188313 0.000168374 0.000149882 0.00013286 0.000117296 0.000103157 9.0387e-05 7.89172e-05 6.86684e-05 5.9555e-05 5.14884e-05 4.43793e-05 3.81399e-05 3.26852e-05 2.79342e-05 2.38109e-05 2.02444e-05 1.71697e-05 1.45272e-05 1.22629e-05 1.03283e-05 8.67992e-06 7.27919e-06 6.09196e-06 5.08818e-06 4.24153e-06 3.52908e-06 2.9309e-06 2.42974e-06 2.01077e-06 1.66121e-06 1.37014e-06 1.12824e-06 9.2758e-07 7.61434e-07 6.24106e-07 5.10793e-07 4.17453e-07 3.4069e-07 2.7766e-07 2.25987e-07 1.83689e-07 1.49115e-07 1.20897e-07 9.7897e-08 7.9177e-08 6.39609e-08 5.1609e-08 4.15951e-08 3.34867e-08 2.69295e-08 2.1633e-08 1.73599e-08 1.39165e-08 1.11448e-08 8.91615e-09 7.12622e-09 5.69014e-09 4.53917e-09 3.61765e-09 2.88057e-09 2.29162e-09 1.82147e-09 1.44652e-09 1.14778e-09 9.09966e-10 7.20832e-10 5.70544e-10 4.51229e-10 3.56585e-10 2.81574e-10
8.56191e-06 2.28601e-05 4.37703e-05 7.09106e-05 0.000103374 0.000139871 0.000178883 0.000218806 0.000258075 0.000295258 0.000329132 0.000358723 0.000383326 0.000402503 0.000416067 0.000424053 0.000426683 0.000424331 0.00041748 0.000406689 0.000392557 0.000375699 0.000356717 0.000336183 0.000314628 0.00029253 0.000270305 0.000248314 0.000226853 0.000206161 0.000186425 0.00016778 0.000150318 0.000134092 0.000119125 0.000105411 9.29236e-05 8.16179e-05 7.1438e-05 6.23182e-05 5.41873e-05 4.69709e-05 4.05935e-05 3.49806e-05 3.00596e-05 2.57612e-05 2.20198e-05 1.87742e-05 1.59679e-05 1.35488e-05 1.14697e-05 9.688e-06 8.16533e-06 6.8675e-06 5.76412e-06 4.82839e-06 4.03674e-06 3.36852e-06 2.80575e-06 2.33283e-06 1.93623e-06 1.60433e-06 1.32712e-06 1.09603e-06 9.03751e-07 7.44054e-07 6.11653e-07 5.02072e-07 4.11529e-07 3.3684e-07 2.75326e-07 2.24743e-07 1.83211e-07 1.49161e-07 1.21286e-07 9.84981e-08 7.98944e-08 6.47274e-08 5.23785e-08 4.23371e-08 3.41823e-08 2.75678e-08 2.22093e-08 1.78734e-08 1.4369e-08 1.15399e-08 9.25852e-09 7.42083e-09 5.94214e-09 4.75356e-09 3.79917e-09 3.03361e-09 2.42012e-09 1.92898e-09 1.53616e-09 1.22229e-09 9.71724e-10 7.7188e-10 6.12632e-10 4.85847e-10 3.84994e-10
6.02761e-06 1.66088e-05 3.25527e-05 5.3779e-05 7.97583e-05 0.000109606 0.000142191 0.00017625 0.000210488 0.000243669 0.000274685 0.000302603 0.000326692 0.000346439 0.000361539 0.000371885 0.000377543 0.000378725 0.000375758 0.000369056 0.000359088 0.000346355 0.000331369 0.000314628 0.00029661 0.000277753 0.000258454 0.000239063 0.000219879 0.000201152 0.000183084 0.000165831 0.000149511 0.000134203 0.000119954 0.000106785 9.4695e-05 8.36618e-05 7.36507e-05 6.46152e-05 5.65013e-05 4.92492e-05 4.27963e-05 3.7079e-05 3.20337e-05 2.75985e-05 2.37139e-05 2.03233e-05 1.7374e-05 1.48166e-05 1.26059e-05 1.07006e-05 9.06306e-06 7.65961e-06 6.45994e-06 5.43707e-06 4.56709e-06 3.82892e-06 3.20403e-06 2.67621e-06 2.23136e-06 1.85722e-06 1.54319e-06 1.28013e-06 1.0602e-06 8.76666e-07 7.23787e-07 5.96668e-07 4.91149e-07 4.03709e-07 3.31368e-07 2.71615e-07 2.22336e-07 1.81757e-07 1.48392e-07 1.20998e-07 9.85383e-08 8.015e-08 6.51153e-08 5.28389e-08 4.28277e-08 3.46742e-08 2.80419e-08 2.26536e-08 1.82812e-08 1.47372e-08 1.18681e-08 9.54789e-09 7.67367e-09 6.16134e-09 4.94232e-09 3.96075e-09 3.17118e-09 2.5367e-09 2.02735e-09 1.61884e-09 1.29153e-09 1.02951e-09 8.19965e-10 6.52528e-10 5.18859e-10
4.24346e-06 1.20553e-05 2.4172e-05 4.07029e-05 6.13873e-05 8.56495e-05 0.000112673 0.000141486 0.000171044 0.000200304 0.000228289 0.00025414 0.000277141 0.000296746 0.000312579 0.000324435 0.000332259 0.000336136 0.000336262 0.000332924 0.000326475 0.000317312 0.000305855 0.00029253 0.000277753 0.00026192 0.0002454 0.000228521 0.000211576 0.000194817 0.000178453 0.000162654 0.000147555 0.000133255 0.000119822 0.000107299 9.57052e-05 8.50405e-05 7.5289e-05 6.64223e-05 5.84022e-05 5.11837e-05 4.4717e-05 3.89492e-05 3.38263e-05 2.92944e-05 2.53004e-05 2.17932e-05 1.87241e-05 1.60474e-05 1.37202e-05 1.17031e-05 9.95995e-06 8.45777e-06 7.16678e-06 6.0602e-06 5.11411e-06 4.3072e-06 3.62065e-06 3.03783e-06 2.54419e-06 2.12697e-06 1.77509e-06 1.47891e-06 1.23011e-06 1.02152e-06 8.46964e-07 7.01152e-07 5.79568e-07 4.78362e-07 3.9426e-07 3.24485e-07 2.66691e-07 2.18894e-07 1.79425e-07 1.46882e-07 1.20089e-07 9.8061e-08 7.99757e-08 6.51478e-08 5.30067e-08 4.30786e-08 3.49703e-08 2.83567e-08 2.29688e-08 1.85848e-08 1.50217e-08 1.21291e-08 9.78367e-09 7.88388e-09 6.34676e-09 5.10441e-09 4.10136e-09 3.29234e-09 2.64049e-09 2.11578e-09 1.69384e-09 1.35486e-09 1.08279e-09 8.6462e-10 6.89834e-10
2.98741e-06 8.74235e-06 1.79224e-05 3.07468e-05 4.71388e-05 6.67526e-05 8.90208e-05 0.000113215 0.00013851 0.000164045 0.000188984 0.000212553 0.000234082 0.000253025 0.000268971 0.000281649 0.00029092 0.000296769 0.000299287 0.000298655 0.000295124 0.000288995 0.000280605 0.000270305 0.000258454 0.0002454 0.000231472 0.000216979 0.000202196 0.000187369 0.000172708 0.000158389 0.000144559 0.00013133 0.000118786 0.000106989 9.59747e-05 8.5761e-05 7.63493e-05 6.77274e-05 5.98725e-05 5.2753e-05 4.63315e-05 4.05661e-05 3.54123e-05 3.08242e-05 2.67558e-05 2.31617e-05 1.9998e-05 1.72228e-05 1.47962e-05 1.26812e-05 1.08434e-05 9.25108e-06 7.87533e-06 6.68993e-06 5.6712e-06 4.79791e-06 4.05115e-06 3.41407e-06 2.87183e-06 2.41132e-06 2.02106e-06 1.69104e-06 1.41252e-06 1.17793e-06 9.80713e-07 8.15233e-07 6.76632e-07 5.60749e-07 4.64029e-07 3.83439e-07 3.16398e-07 2.60718e-07 2.14546e-07 1.76317e-07 1.44712e-07 1.18621e-07 9.71123e-08 7.94067e-08 6.48512e-08 5.29014e-08 4.31037e-08 3.50807e-08 2.85193e-08 2.31597e-08 1.87872e-08 1.52241e-08 1.2324e-08 9.96615e-09 8.05135e-09 6.49804e-09 5.23932e-09 4.2204e-09 3.39646e-09 2.73085e-09 2.19369e-09 1.76062e-09 1.4118e-09 1.13111e-09 9.05458e-10
2.10314e-06 6.33441e-06 1.32701e-05 2.31838e-05 3.61188e-05 5.18955e-05 7.01385e-05 9.03177e-05 0.000111796 0.00013388 0.000155865 0.000177075 0.000196901 0.00021482 0.000230412 0.00024337 0.0002535 0.000260711 0.000265014 0.000266502 0.000265339 0.000261743 0.000255973 0.000248314 0.000239063 0.000228521 0.000216979 0.000204714 0.000191984 0.00017902 0.000166029 0.000153187 0.000140644 0.000128523 0.00011692 0.000105908 9.55381e-05 8.58435e-05 7.68401e-05 6.85301e-05 6.09043e-05 5.39439e-05 4.76232e-05 4.19108e-05 3.67714e-05 3.21674e-05 2.80599e-05 2.44095e-05 2.11774e-05 1.83258e-05 1.58184e-05 1.36209e-05 1.1701e-05 1.00286e-05 8.57612e-06 7.31807e-06 6.23139e-06 5.29518e-06 4.49062e-06 3.80088e-06 3.21097e-06 2.70758e-06 2.27899e-06 1.91485e-06 1.60613e-06 1.34491e-06 1.12432e-06 9.38407e-07 7.82004e-07 6.50667e-07 5.40574e-07 4.48449e-07 3.71488e-07 3.07301e-07 2.53854e-07 2.09419e-07 1.72533e-07 1.41959e-07 1.16654e-07 9.57405e-08 7.84799e-08 6.42537e-08 5.25443e-08 4.29191e-08 3.50171e-08 2.85381e-08 2.32324e-08 1.88927e-08 1.53474e-08 1.24544e-08 1.00964e-08 8.17663e-09 6.61534e-09 5.34696e-09 4.31764e-09 3.48319e-09 2.80741e-09 2.26068e-09 1.81878e-09 1.46198e-09 1.17414e-09
1.48062e-06 4.58601e-06 9.81245e-06 1.74511e-05 2.76181e-05 4.02501e-05 5.51163e-05 7.18446e-05 8.99555e-05 0.0001089 0.000128098 0.000146972 0.000164982 0.000181642 0.000196545 0.00020937 0.000219888 0.000227958 0.000233529 0.000236625 0.000237337 0.000235813 0.000232245 0.000226853 0.000219879 0.000211576 0.000202196 0.000191984 0.000181173 0.000169979 0.000158597 0.000147201 0.000135939 0.00012494 0.000114305 0.000104118 9.44419e-05 8.53199e-05 7.67811e-05 6.88399e-05 6.14993e-05 5.4752e-05 4.85829e-05 4.29705e-05 3.78888e-05 3.33079e-05 2.9196e-05 2.55199e-05 2.22461e-05 1.93412e-05 1.67726e-05 1.45091e-05 1.25208e-05 1.07798e-05 9.25968e-06 7.93637e-06 6.78753e-06 5.79284e-06 4.93383e-06 4.19385e-06 3.55794e-06 3.01275e-06 2.5464e-06 2.14836e-06 1.80936e-06 1.52124e-06 1.27685e-06 1.06997e-06 8.95169e-07 7.47754e-07 6.23658e-07 5.19377e-07 4.31897e-07 3.58636e-07 2.97382e-07 2.4625e-07 2.03634e-07 1.6817e-07 1.38702e-07 1.14252e-07 9.39941e-08 7.72333e-08 6.33849e-08 5.19582e-08 4.2542e-08 3.47927e-08 2.8423e-08 2.3194e-08 1.89066e-08 1.53953e-08 1.2523e-08 1.01762e-08 8.26083e-09 6.69931e-09 5.42767e-09 4.39318e-09 3.5525e-09 2.87002e-09 2.31654e-09 1.8681e-09 1.50514e-09
1.04236e-06 3.31766e-06 7.24669e-06 1.31145e-05 2.1077e-05 3.11483e-05 4.32038e-05 5.69944e-05 7.21688e-05 8.83024e-05 0.000104926 0.000121558 0.000137726 0.000152996 0.000166983 0.000179369 0.000189909 0.000198431 0.000204838 0.000209102 0.000211258 0.000211392 0.000209638 0.000206161 0.000201152 0.000194817 0.000187369 0.00017902 0.000169979 0.00016044 0.000150587 0.000140583 0.000130575 0.000120689 0.000111032 0.000101693 9.2742e-05 8.4232e-05 7.62016e-05 6.86758e-05 6.16677e-05 5.51803e-05 4.92082e-05 4.3739e-05 3.87549e-05 3.4234e-05 3.01512e-05 2.64794e-05 2.31904e-05 2.02554e-05 1.76458e-05 1.53336e-05 1.32917e-05 1.14943e-05 9.91686e-06 8.53665e-06 7.33243e-06 6.28464e-06 5.37538e-06 4.58836e-06 3.90883e-06 3.32353e-06 2.82056e-06 2.38932e-06 2.02039e-06 1.70544e-06 1.43713e-06 1.20901e-06 1.01544e-06 8.51494e-07 7.12907e-07 5.95963e-07 4.97457e-07 4.14625e-07 3.45089e-07 2.86811e-07 2.38047e-07 1.97307e-07 1.63323e-07 1.35016e-07 1.11474e-07 9.19211e-08 7.57051e-08 6.22748e-08 5.11664e-08 4.19908e-08 3.44213e-08 2.81847e-08 2.30527e-08 1.88347e-08 1.53722e-08 1.25331e-08 1.02078e-08 8.30552e-09 6.75103e-09 5.48211e-09 4.44741e-09 3.60458e-09 2.91875e-09 2.36124e-09 1.90849e-09
7.33826e-07 2.39837e-06 5.34549e-06 9.84038e-06 1.60553e-05 2.40536e-05 3.37861e-05 4.50969e-05 5.77375e-05 7.1387e-05 8.56745e-05 0.000100203 0.000114571 0.000128396 0.000141326 0.000153059 0.000163345 0.000171997 0.000178887 0.00018395 0.000187175 0.000188602 0.000188313 0.000186425 0.000183084 0.000178453 0.000172708 0.000166029 0.000158597 0.000150587 0.000142165 0.000133483 0.000124682 0.000115884 0.000107196 9.87104e-05 9.05013e-05 8.26288e-05 7.51388e-05 6.80643e-05 6.14273e-05 5.52392e-05 4.95033e-05 4.42154e-05 3.93655e-05 3.49387e-05 3.09164e-05 2.72777e-05 2.39994e-05 2.10574e-05 1.84271e-05 1.60839e-05 1.40036e-05 1.21627e-05 1.0539e-05 9.11108e-06 7.85904e-06 6.76433e-06 5.80978e-06 4.97964e-06 4.25954e-06 3.63643e-06 3.09853e-06 2.63527e-06 2.23718e-06 1.89585e-06 1.6038e-06 1.35444e-06 1.14194e-06 9.6122e-07 8.07812e-07 6.77831e-07 5.67897e-07 4.75084e-07 3.96858e-07 3.31038e-07 2.75747e-07 2.29375e-07 1.90544e-07 1.58078e-07 1.30973e-07 1.08378e-07 8.95683e-08 7.39326e-08 6.09529e-08 5.01925e-08 4.12837e-08 3.39175e-08 2.78343e-08 2.2817e-08 1.86838e-08 1.5283e-08 1.24882e-08 1.01939e-08 8.31269e-09 6.77188e-09 5.51126e-09 4.48098e-09 3.63984e-09 2.95382e-09 2.3949e-09
5.16615e-07 1.73262e-06 3.93866e-06 7.37282e-06 1.22085e-05 1.85375e-05 2.63619e-05 3.55953e-05 4.60694e-05 5.75482e-05 6.97441e-05 8.23366e-05 9.4991e-05 0.000107376 0.000119178 0.000130116 0.000139949 0.000148483 0.000155575 0.000161131 0.000165109 0.000167509 0.000168374 0.00016778 0.000165831 0.000162654 0.000158389 0.000153187 0.000147201 0.000140583 0.000133483 0.00012604 0.000118384 0.000110634 0.000102892 9.52507e-05 8.77871e-05 8.0565e-05 7.36357e-05 6.70385e-05 6.08021e-05 5.49453e-05 4.94785e-05 4.44049e-05 3.97213e-05 3.54193e-05 3.14867e-05 2.7908e-05 2.4665e-05 2.17383e-05 1.91072e-05 1.67507e-05 1.46475e-05 1.27767e-05 1.11181e-05 9.65227e-06 8.36065e-06 7.22586e-06 6.23164e-06 5.36294e-06 4.6059e-06 3.94783e-06 3.3772e-06 2.88356e-06 2.4575e-06 2.09061e-06 1.77534e-06 1.505e-06 1.27368e-06 1.07612e-06 9.07737e-07 7.64488e-07 6.42846e-07 5.39738e-07 4.52494e-07 3.788e-07 3.16654e-07 2.64334e-07 2.20356e-07 1.83447e-07 1.52518e-07 1.2664e-07 1.05019e-07 8.69805e-08 7.1952e-08 5.94486e-08 4.90598e-08 4.04395e-08 3.32958e-08 2.73833e-08 2.24958e-08 1.84607e-08 1.51332e-08 1.23924e-08 1.01376e-08 8.28461e-09 6.76356e-09 5.51634e-09 4.49476e-09 3.65888e-09 2.97565e-09
3.63699e-07 1.25086e-06 2.89897e-06 5.51631e-06 9.26787e-06 1.42589e-05 2.05252e-05 2.80298e-05 3.66663e-05 4.62667e-05 5.66129e-05 6.74512e-05 7.85068e-05 8.94985e-05 0.000100153 0.000110214 0.000119457 0.000127691 0.000134764 0.000140567 0.000145033 0.000148135 0.000149882 0.000150318 0.000149511 0.000147555 0.000144559 0.000140644 0.000135939 0.000130575 0.000124682 0.000118384 0.000111803 0.000105046 9.82141e-05 9.13961e-05 8.46692e-05 7.8099e-05 7.17401e-05 6.56363e-05 5.98215e-05 5.43202e-05 4.91491e-05 4.43171e-05 3.98274e-05 3.56775e-05 3.18607e-05 2.83666e-05 2.51821e-05 2.22918e-05 1.96793e-05 1.73266e-05 1.52159e-05 1.33287e-05 1.16471e-05 1.01535e-05 8.83099e-06 7.66347e-06 6.63574e-06 5.73358e-06 4.94376e-06 4.2541e-06 3.65339e-06 3.13145e-06 2.67901e-06 2.28772e-06 1.95006e-06 1.65932e-06 1.40949e-06 1.19526e-06 1.01193e-06 8.55333e-07 7.21831e-07 6.08225e-07 5.11724e-07 4.29895e-07 3.60627e-07 3.02089e-07 2.527e-07 2.11096e-07 1.76105e-07 1.4672e-07 1.2208e-07 1.0145e-07 8.42001e-08 6.9798e-08 5.77897e-08 4.77908e-08 3.94761e-08 3.25707e-08 2.68431e-08 2.20984e-08 1.81725e-08 1.49282e-08 1.22502e-08 1.00422e-08 8.22381e-09 6.72795e-09 5.49877e-09 4.48979e-09 3.66246e-09
