0.687573 0.0330932 0.0223852 0.015142 0.0102425 0.00692829 0.00468649 0.00317008 0.00214433 0.00145049 0.000981151 0.000663679 0.000448931 0.00030367 0.000205411 0.000138946 9.39869e-05 6.35754e-05 4.30043e-05 2.90893e-05 1.96768e-05 1.331e-05 9.00325e-06 6.09005e-06 4.11949e-06 2.78654e-06 1.88489e-06 1.275e-06 8.62444e-07 5.83382e-07 3.94616e-07 2.6693e-07 1.80559e-07 1.22135e-07 8.26157e-08 5.58836e-08 3.78013e-08 2.55699e-08 1.72962e-08 1.16996e-08 7.91397e-09 5.35323e-09 3.62108e-09 2.4494e-09 1.65685e-09 1.12074e-09 7.58099e-10 5.128e-10 3.46872e-10 2.34634e-10 1.58713e-10 1.07358e-10 7.26202e-11 4.91224e-11 3.32278e-11 2.24762e-11 1.52036e-11 1.02841e-11 6.95647e-12 4.70556e-12 3.18297e-12 2.15305e-12 1.45639e-12 9.85142e-13 6.66378e-13 4.50757e-13 3.04905e-13 2.06247e-13 1.39511e-13 9.43693e-14 6.38341e-14 4.31792e-14 2.92076e-14 1.97569e-14 1.33641e-14 9.03987e-15 6.11483e-15 4.13624e-15 2.79787e-15 1.89256e-15 1.28018e-15 8.65952e-16 5.85755e-16 3.96221e-16 2.68015e-16 1.81293e-16 1.22632e-16 8.29517e-17 5.61109e-17 3.7955e-17 2.56739e-17 1.73665e-17 1.17472e-17 7.94616e-18 5.37501e-18 3.63581e-18 2.45937e-18 1.66358e-18 1.1253e-18 7.61183e-19 5.14886e-19
0.0330932 0.0078854 0.00569503 0.00409655 0.00293626 0.00209794 0.00149471 0.0010622 0.000753096 0.000532815 0.000376239 0.000265205 0.000186635 0.000131144 9.20231e-05 6.44886e-05 4.51381e-05 3.15583e-05 2.20407e-05 1.53782e-05 1.07197e-05 7.46582e-06 5.19534e-06 3.61252e-06 2.51007e-06 1.74283e-06 1.20931e-06 8.3858e-07 5.81152e-07 4.02519e-07 2.78641e-07 1.92787e-07 1.33319e-07 9.21514e-08 6.36666e-08 4.39674e-08 3.03506e-08 2.09425e-08 1.44451e-08 9.95985e-09 6.86479e-09 4.7299e-09 3.25786e-09 2.24322e-09 1.54411e-09 1.06256e-09 7.30974e-10 5.02724e-10 3.45653e-10 2.37595e-10 1.63276e-10 1.12177e-10 7.70509e-11 5.29119e-11 3.63271e-11 2.49353e-11 1.71122e-11 1.17411e-11 8.05424e-12 5.52403e-12 3.78796e-12 2.59702e-12 1.78019e-12 1.22006e-12 8.36036e-13 5.7279e-13 3.9237e-13 2.68738e-13 1.84032e-13 1.26007e-13 8.62646e-14 5.90484e-14 4.04132e-14 2.76554e-14 1.89225e-14 1.29455e-14 8.85537e-15 6.05675e-15 4.1421e-15 2.83236e-15 1.93654e-15 1.3239e-15 9.04975e-16 6.18543e-16 4.22724e-16 2.88867e-16 1.97376e-16 1.34849e-16 9.2121e-17 6.29255e-17 4.29788e-17 2.93523e-17 2.00442e-17 1.36867e-17 9.34476e-18 6.37972e-18 4.3551e-18 2.97275e-18 2.02901e-18 1.38476e-18 9.44995e-19
0.0223852 0.00569503 0.0041826 0.00305661 0.00222405 0.00161205 0.00116447 0.000838584 0.000602232 0.000431413 0.000308341 0.000219918 0.000156552 0.000111246 7.89228e-05 5.5906e-05 3.95457e-05 2.79362e-05 1.97104e-05 1.38906e-05 9.77856e-06 6.87671e-06 4.83132e-06 3.39119e-06 2.37827e-06 1.66653e-06 1.16687e-06 8.16415e-07 5.70809e-07 3.98819e-07 2.78471e-07 1.94319e-07 1.35517e-07 9.44551e-08 6.57992e-08 4.5813e-08 3.18815e-08 2.21758e-08 1.54176e-08 1.07142e-08 7.44243e-09 5.1676e-09 3.58664e-09 2.48838e-09 1.72577e-09 1.19644e-09 8.29174e-10 5.74449e-10 3.97845e-10 2.75446e-10 1.90644e-10 1.3191e-10 9.12444e-11 6.30971e-11 4.36207e-11 3.01479e-11 2.08309e-11 1.43896e-11 9.93756e-12 6.86129e-12 4.73618e-12 3.26852e-12 2.25515e-12 1.55562e-12 1.07285e-12 7.39751e-13 5.09966e-13 3.51488e-13 2.42211e-13 1.66877e-13 1.14952e-13 7.91691e-14 5.45153e-14 3.75323e-14 2.58355e-14 1.7781e-14 1.22356e-14 8.41826e-15 5.79098e-15 3.98303e-15 2.73911e-15 1.8834e-15 1.29482e-15 8.90053e-16 6.11732e-16 4.20384e-16 2.8885e-16 1.98445e-16 1.36318e-16 9.36288e-17 6.43e-17 4.41528e-17 3.03147e-17 2.08112e-17 1.42853e-17 9.80462e-18 6.72858e-18 4.61708e-18 3.16784e-18 2.17327e-18 1.49079e-18
0.015142 0.00409655 0.00305661 0.00226702 0.00167267 0.00122853 0.000898679 0.000655031 0.000475901 0.00034475 0.000249081 0.000179526 0.000129108 9.26596e-05 6.63758e-05 4.74645e-05 3.38862e-05 2.41556e-05 1.71947e-05 1.22235e-05 8.67865e-06 6.15456e-06 4.35972e-06 3.08506e-06 2.1809e-06 1.54027e-06 1.08685e-06 7.66245e-07 5.39774e-07 3.79943e-07 2.6724e-07 1.87835e-07 1.31933e-07 9.26077e-08 6.49632e-08 4.55434e-08 3.19103e-08 2.23457e-08 1.56395e-08 1.09402e-08 7.64914e-09 5.34549e-09 3.73388e-09 2.60697e-09 1.81937e-09 1.26917e-09 8.85e-10 6.16868e-10 4.29807e-10 2.99358e-10 2.08425e-10 1.45063e-10 1.00928e-10 7.01977e-11 4.88081e-11 3.39252e-11 2.35732e-11 1.63751e-11 1.13716e-11 7.89473e-12 5.47936e-12 3.80193e-12 2.63732e-12 1.82898e-12 1.26807e-12 8.78967e-13 6.09109e-13 4.22002e-13 2.92303e-13 2.0242e-13 1.40145e-13 9.7008e-14 6.71343e-14 4.64506e-14 3.21328e-14 2.22239e-14 1.53676e-14 1.06245e-14 7.34393e-15 5.07538e-15 3.50695e-15 2.42278e-15 1.67348e-15 1.15573e-15 7.98023e-16 5.50939e-16 3.80296e-16 2.62464e-16 1.81113e-16 1.24958e-16 8.62007e-17 5.94557e-17 4.10027e-17 2.82728e-17 1.94923e-17 1.34369e-17 9.26131e-18 6.38246e-18 4.39791e-18 3.03004e-18 2.08734e-18
0.0102425 0.00293626 0.00222405 0.00167267 0.00125034 0.000929685 0.000688045 0.000507106 0.000372368 0.000272521 0.000198847 0.000144692 0.000105022 7.60521e-05 5.49564e-05 3.96342e-05 2.85315e-05 2.0504e-05 1.47116e-05 1.05397e-05 7.54033e-06 5.38735e-06 3.84431e-06 2.73998e-06 1.9507e-06 1.38731e-06 9.85638e-07 6.9959e-07 4.96104e-07 3.51496e-07 2.48832e-07 1.76013e-07 1.24408e-07 8.78687e-08 6.20172e-08 4.37417e-08 3.08315e-08 2.17181e-08 1.52892e-08 1.0757e-08 7.56408e-09 5.31597e-09 3.73404e-09 2.62153e-09 1.83956e-09 1.29023e-09 9.0452e-10 6.33831e-10 4.43955e-10 3.10828e-10 2.17531e-10 1.52177e-10 1.06416e-10 7.43879e-11 5.19799e-11 3.63089e-11 2.53535e-11 1.76976e-11 1.23494e-11 8.61466e-12 6.00747e-12 4.18804e-12 2.91876e-12 2.03356e-12 1.41642e-12 9.86288e-13 6.86588e-13 4.77827e-13 3.32454e-13 2.31249e-13 1.60812e-13 1.11802e-13 7.77095e-14 5.40003e-14 3.75161e-14 2.60579e-14 1.80952e-14 1.2563e-14 8.72026e-15 6.05165e-15 4.19882e-15 2.91268e-15 2.0201e-15 1.40077e-15 9.71127e-16 6.73137e-16 4.66499e-16 3.23235e-16 2.23927e-16 1.55103e-16 1.07413e-16 7.43738e-17 5.14885e-17 3.56392e-17 2.46647e-17 1.70669e-17 1.18076e-17 8.1678e-18 5.64912e-18 3.90653e-18 2.70108e-18
0.00692829 0.00209794 0.00161205 0.00122853 0.000929685 0.000699277 0.000523186 0.000389608 0.000288927 0.000213464 0.000157179 0.00011538 8.44605e-05 6.16681e-05 4.492e-05 3.26489e-05 2.36819e-05 1.71452e-05 1.23908e-05 8.94007e-06 6.4403e-06 4.63273e-06 3.32788e-06 2.38744e-06 1.71065e-06 1.22428e-06 8.75219e-07 6.25017e-07 4.45891e-07 3.17794e-07 2.26288e-07 1.60989e-07 1.14436e-07 8.12784e-08 5.76833e-08 4.09072e-08 2.89892e-08 2.05291e-08 1.45283e-08 1.02749e-08 7.26224e-09 5.12981e-09 3.62142e-09 2.55512e-09 1.8018e-09 1.26991e-09 8.94574e-10 6.29859e-10 4.43262e-10 3.11798e-10 2.19225e-10 1.54068e-10 1.0823e-10 7.59978e-11 5.33429e-11 3.74265e-11 2.62491e-11 1.84028e-11 1.28972e-11 9.03543e-12 6.32777e-12 4.42999e-12 3.10035e-12 2.16908e-12 1.51706e-12 1.0607e-12 7.41396e-13 5.18057e-13 3.61892e-13 2.52729e-13 1.76445e-13 1.23153e-13 8.59334e-14 5.99467e-14 4.18078e-14 2.915e-14 2.03194e-14 1.41605e-14 9.86601e-15 6.87231e-15 4.7859e-15 3.33217e-15 2.31949e-15 1.61423e-15 1.12316e-15 7.81322e-16 5.43409e-16 3.77864e-16 2.62698e-16 1.82597e-16 1.26895e-16 8.81689e-17 6.12496e-17 4.25414e-17 2.95421e-17 2.05113e-17 1.42387e-17 9.88257e-18 6.85798e-18 4.75828e-18 3.3009e-18
0.00468649 0.00149471 0.00116447 0.000898679 0.000688045 0.000523186 0.000395469 0.000297371 0.000222573 0.0001659 0.000123198 9.11781e-05 6.72731e-05 4.94958e-05 3.63219e-05 2.65906e-05 1.94233e-05 1.41586e-05 1.0301e-05 7.48094e-06 5.4237e-06 3.92594e-06 2.83751e-06 2.04793e-06 1.47608e-06 1.06255e-06 7.63944e-07 5.48622e-07 3.93557e-07 2.82024e-07 2.01897e-07 1.44396e-07 1.03176e-07 7.36585e-08 5.25409e-08 3.74471e-08 2.66685e-08 1.8978e-08 1.34954e-08 9.58995e-09 6.81008e-09 4.83285e-09 3.42752e-09 2.42934e-09 1.72084e-09 1.21827e-09 8.61988e-10 6.09572e-10 4.30845e-10 3.04365e-10 2.14908e-10 1.51671e-10 1.06991e-10 7.54385e-11 5.31675e-11 3.74552e-11 2.63751e-11 1.85651e-11 1.30625e-11 9.1872e-12 6.45915e-12 4.53947e-12 3.18916e-12 2.23972e-12 1.57239e-12 1.10351e-12 7.74193e-13 5.42975e-13 3.80691e-13 2.66827e-13 1.86962e-13 1.30962e-13 9.17092e-14 6.42028e-14 4.49338e-14 3.14392e-14 2.19914e-14 1.53786e-14 1.07515e-14 7.51465e-15 5.25098e-15 3.66829e-15 2.56202e-15 1.78894e-15 1.24885e-15 8.71612e-16 6.08188e-16 4.24284e-16 2.95924e-16 2.06353e-16 1.43863e-16 1.00276e-16 6.98804e-17 4.86886e-17 3.39166e-17 2.36218e-17 1.64487e-17 1.14516e-17 7.97114e-18 5.54747e-18 3.86004e-18
0.00317008 0.0010622 0.000838584 0.000655031 0.000507106 0.000389608 0.000297371 0.000225667 0.000170383 0.000128061 9.58603e-05 7.14927e-05 5.31411e-05 3.93794e-05 2.90995e-05 2.14475e-05 1.57696e-05 1.1569e-05 8.46968e-06 6.18857e-06 4.51356e-06 3.28626e-06 2.3888e-06 1.73377e-06 1.25654e-06 9.09417e-07 6.57329e-07 4.7453e-07 3.4216e-07 2.46436e-07 1.77301e-07 1.27429e-07 9.14947e-08 6.56313e-08 4.7036e-08 3.36797e-08 2.40957e-08 1.7225e-08 1.23038e-08 8.78189e-09 6.26357e-09 4.46426e-09 3.17966e-09 2.26321e-09 1.60988e-09 1.14443e-09 8.13071e-10 5.77315e-10 4.09687e-10 2.90571e-10 2.05978e-10 1.45936e-10 1.03345e-10 7.31472e-11 5.17488e-11 3.65932e-11 2.58644e-11 1.82731e-11 1.29043e-11 9.10907e-12 6.42738e-12 4.53336e-12 3.19621e-12 2.2526e-12 1.58697e-12 1.11762e-12 7.86803e-13 5.53712e-13 3.8954e-13 2.73952e-13 1.92599e-13 1.35361e-13 9.51033e-14 6.67979e-14 4.69027e-14 3.29233e-14 2.31037e-14 1.62083e-14 1.13676e-14 7.97041e-15 5.58695e-15 3.9152e-15 2.74296e-15 1.9212e-15 1.34529e-15 9.41786e-16 6.59147e-16 4.6122e-16 3.2265e-16 2.2566e-16 1.5779e-16 1.10308e-16 7.70968e-17 5.38732e-17 3.76371e-17 2.62887e-17 1.83582e-17 1.28175e-17 8.94726e-18 6.2444e-18 4.35718e-18
0.00214433 0.000753096 0.000602232 0.000475901 0.000372368 0.000288927 0.000222573 0.000170383 0.000129712 9.82643e-05 7.41138e-05 5.5677e-05 4.16759e-05 3.1093e-05 2.31274e-05 1.71546e-05 1.26915e-05 9.36713e-06 6.8981e-06 5.06927e-06 3.71802e-06 2.72194e-06 1.98926e-06 1.45143e-06 1.05737e-06 7.69164e-07 5.58736e-07 4.05338e-07 2.93684e-07 2.12529e-07 1.53623e-07 1.10921e-07 8.00047e-08 5.76468e-08 4.14966e-08 2.98431e-08 2.14429e-08 1.53939e-08 1.10421e-08 7.9141e-09 5.6678e-09 4.05603e-09 2.9005e-09 2.07271e-09 1.48016e-09 1.05631e-09 7.53347e-10 5.36945e-10 3.82475e-10 2.72283e-10 1.93728e-10 1.3776e-10 9.79084e-11 6.95488e-11 4.93784e-11 3.50404e-11 2.48536e-11 1.762e-11 1.24859e-11 8.84386e-12 6.2614e-12 4.43113e-12 3.13456e-12 2.21646e-12 1.56664e-12 1.1069e-12 7.81778e-13 5.51943e-13 3.89535e-13 2.74816e-13 1.93814e-13 1.3664e-13 9.62997e-14 6.78466e-14 4.77849e-14 3.36446e-14 2.36812e-14 1.66632e-14 1.17215e-14 8.24293e-15 5.795e-15 4.07288e-15 2.86173e-15 2.01018e-15 1.41165e-15 9.91065e-16 6.95608e-16 4.88108e-16 3.42419e-16 2.40156e-16 1.68392e-16 1.18045e-16 8.2731e-17 5.79682e-17 4.06081e-17 2.84405e-17 1.99143e-17 1.39412e-17 9.75753e-18 6.82792e-18 4.77691e-18
0.00145049 0.000532815 0.000431413 0.00034475 0.000272521 0.000213464 0.0001659 0.000128061 9.82643e-05 7.50027e-05 5.69776e-05 4.31003e-05 3.24773e-05 2.43865e-05 1.82523e-05 1.36205e-05 1.01362e-05 7.52404e-06 5.57178e-06 4.11692e-06 3.03562e-06 2.23395e-06 1.64096e-06 1.20329e-06 8.80904e-07 6.43887e-07 4.69946e-07 3.42512e-07 2.49299e-07 1.81222e-07 1.31574e-07 9.5416e-08 6.91173e-08 5.00133e-08 3.61523e-08 2.6107e-08 1.88349e-08 1.3576e-08 9.77677e-09 7.03475e-09 5.05759e-09 3.63323e-09 2.608e-09 1.87067e-09 1.34084e-09 9.60394e-10 6.87431e-10 4.91725e-10 3.51511e-10 2.51122e-10 1.79296e-10 1.27938e-10 9.12396e-11 6.50317e-11 4.63268e-11 3.29845e-11 2.34728e-11 1.66956e-11 1.18694e-11 8.43428e-12 5.99053e-12 4.25289e-12 3.01795e-12 2.14067e-12 1.51777e-12 1.07567e-12 7.62041e-13 5.3964e-13 3.81998e-13 2.70305e-13 1.91198e-13 1.35194e-13 9.55594e-14 6.75208e-14 4.76928e-14 3.36761e-14 2.3771e-14 1.67738e-14 1.18326e-14 8.34429e-15 5.88256e-15 4.14585e-15 2.921e-15 2.05742e-15 1.44874e-15 1.01985e-15 7.17734e-16 5.04977e-16 3.55193e-16 2.49771e-16 1.75594e-16 1.23414e-16 8.67186e-17 6.0919e-17 4.27847e-17 3.00414e-17 2.10887e-17 1.48006e-17 1.03851e-17 7.28525e-18 5.10954e-18
0.000981151 0.000376239 0.000308341 0.000249081 0.000198847 0.000157179 0.000123198 9.58603e-05 7.41138e-05 5.69776e-05 4.3583e-05 3.31864e-05 2.51663e-05 1.90132e-05 1.43154e-05 1.07444e-05 8.04072e-06 6.00117e-06 4.46771e-06 3.31829e-06 2.45917e-06 1.81872e-06 1.34245e-06 9.89087e-07 7.27473e-07 5.34177e-07 3.9163e-07 2.86696e-07 2.09582e-07 1.53003e-07 1.11554e-07 8.1234e-08 5.9085e-08 4.29264e-08 3.1153e-08 2.25851e-08 1.63572e-08 1.18352e-08 8.55529e-09 6.17882e-09 4.4586e-09 3.21461e-09 2.31582e-09 1.66702e-09 1.19907e-09 8.6185e-10 6.19024e-10 4.44306e-10 3.18688e-10 2.28436e-10 1.63639e-10 1.1715e-10 8.38179e-11 5.99345e-11 4.28322e-11 3.0593e-11 2.18394e-11 1.55822e-11 1.11121e-11 7.92031e-12 5.64257e-12 4.01795e-12 2.85975e-12 2.03448e-12 1.44673e-12 1.02832e-12 7.3061e-13 5.18873e-13 3.68349e-13 2.61386e-13 1.85411e-13 1.31469e-13 9.3185e-14 6.60251e-14 4.67643e-14 3.31105e-14 2.34351e-14 1.65813e-14 1.1728e-14 8.29254e-15 5.86153e-15 4.14186e-15 2.92581e-15 2.06615e-15 1.45864e-15 1.02945e-15 7.26337e-16 5.12325e-16 3.61269e-16 2.5468e-16 1.79491e-16 1.26466e-16 8.9082e-17 6.27327e-17 4.41659e-17 3.10864e-17 2.1875e-17 1.53893e-17 1.08239e-17 7.61113e-18 5.35071e-18
0.000663679 0.000265205 0.000219918 0.000179526 0.000144692 0.00011538 9.11781e-05 7.14927e-05 5.5677e-05 4.31003e-05 3.31864e-05 2.54304e-05 1.94026e-05 1.47452e-05 1.11652e-05 8.42643e-06 6.33995e-06 4.75655e-06 3.55917e-06 2.65664e-06 1.97838e-06 1.4701e-06 1.09017e-06 8.06871e-07 5.96105e-07 4.39634e-07 3.23704e-07 2.37973e-07 1.74688e-07 1.28051e-07 9.37382e-08 6.85312e-08 5.00406e-08 3.64956e-08 2.65867e-08 1.93469e-08 1.40638e-08 1.0213e-08 7.40928e-09 5.37021e-09 3.88876e-09 2.81352e-09 2.03385e-09 1.46903e-09 1.06022e-09 7.64582e-10 5.50971e-10 3.96751e-10 2.85496e-10 2.05299e-10 1.47531e-10 1.05949e-10 7.60397e-11 5.45401e-11 3.9096e-11 2.8009e-11 2.00547e-11 1.43514e-11 1.02645e-11 7.3376e-12 5.2426e-12 3.74388e-12 2.6723e-12 1.90651e-12 1.35954e-12 9.69045e-13 6.90403e-13 4.91666e-13 3.49987e-13 2.4903e-13 1.77122e-13 1.25927e-13 8.9494e-14 6.3577e-14 4.51484e-14 3.20496e-14 2.27428e-14 1.61328e-14 1.14399e-14 8.10937e-15 5.74651e-15 4.07076e-15 2.88274e-15 2.04078e-15 1.44428e-15 1.02181e-15 7.22697e-16 5.10991e-16 3.61195e-16 2.55237e-16 1.80311e-16 1.27344e-16 8.99118e-17 6.34652e-17 4.47856e-17 3.15956e-17 2.22845e-17 1.57133e-17 1.1077e-17 7.80676e-18 5.50063e-18
0.000448931 0.000186635 0.000156552 0.000129108 0.000105022 8.44605e-05 6.72731e-05 5.31411e-05 4.16759e-05 3.24773e-05 2.51663e-05 1.94026e-05 1.48906e-05 1.13804e-05 8.66472e-06 6.57405e-06 4.97179e-06 3.74883e-06 2.81886e-06 2.1141e-06 1.58171e-06 1.18069e-06 8.79467e-07 6.53771e-07 4.85068e-07 3.59248e-07 2.65609e-07 1.96057e-07 1.44493e-07 1.06334e-07 7.81411e-08 5.73458e-08 4.20302e-08 3.07668e-08 2.2495e-08 1.64283e-08 1.19845e-08 8.73352e-09 6.35791e-09 4.62393e-09 3.35966e-09 2.43882e-09 1.7688e-09 1.28175e-09 9.28045e-10 6.71403e-10 4.85353e-10 3.50593e-10 2.53063e-10 1.82534e-10 1.3157e-10 9.4771e-11 6.82196e-11 4.90756e-11 3.52818e-11 2.53497e-11 1.82028e-11 1.30633e-11 9.36964e-12 6.71668e-12 4.81231e-12 3.44608e-12 2.46646e-12 1.76444e-12 1.26162e-12 9.01655e-13 6.44096e-13 4.59898e-13 3.2823e-13 2.34156e-13 1.66973e-13 1.19015e-13 8.4797e-14 6.03926e-14 4.29946e-14 3.05968e-14 2.17657e-14 1.54777e-14 1.10023e-14 7.81808e-15 5.55348e-15 3.94347e-15 2.79927e-15 1.98639e-15 1.4091e-15 9.99258e-16 7.08396e-16 5.0204e-16 3.55686e-16 2.51921e-16 1.78374e-16 1.26262e-16 8.93484e-17 6.3209e-17 4.47043e-17 3.16083e-17 2.23426e-17 1.57889e-17 1.11546e-17 7.87854e-18 5.56322e-18
0.00030367 0.000131144 0.000111246 9.26596e-05 7.60521e-05 6.16681e-05 4.94958e-05 3.93794e-05 3.1093e-05 2.43865e-05 1.90132e-05 1.47452e-05 1.13804e-05 8.74531e-06 6.69364e-06 5.10461e-06 3.87971e-06 2.93954e-06 2.22076e-06 1.6732e-06 1.25746e-06 9.42778e-07 7.0527e-07 5.26485e-07 3.92241e-07 2.91677e-07 2.16508e-07 1.60438e-07 1.18697e-07 8.768e-08 6.4673e-08 4.76358e-08 3.50395e-08 2.57407e-08 1.88862e-08 1.38405e-08 1.01312e-08 7.40783e-09 5.41077e-09 3.94804e-09 2.87789e-09 2.0958e-09 1.52485e-09 1.10844e-09 8.0505e-10 5.8421e-10 4.23605e-10 3.0691e-10 2.22191e-10 1.60739e-10 1.16198e-10 8.3941e-11 6.05969e-11 4.37158e-11 3.15169e-11 2.27078e-11 1.63508e-11 1.17664e-11 8.46238e-12 6.08266e-12 4.36971e-12 3.13744e-12 2.25147e-12 1.61485e-12 1.15765e-12 8.29478e-13 5.94049e-13 4.25239e-13 3.04257e-13 2.17596e-13 1.55549e-13 1.11146e-13 7.93841e-14 5.66749e-14 4.04454e-14 2.88517e-14 2.05732e-14 1.46644e-14 1.04486e-14 7.44202e-15 5.29863e-15 3.7712e-15 2.68313e-15 1.90832e-15 1.35679e-15 9.64333e-16 6.85169e-16 4.86662e-16 3.45555e-16 2.45285e-16 1.74056e-16 1.23474e-16 8.75653e-17 6.20811e-17 4.40008e-17 3.11773e-17 2.20848e-17 1.56396e-17 1.10724e-17 7.83682e-18 5.54527e-18
0.000205411 9.20231e-05 7.89228e-05 6.63758e-05 5.49564e-05 4.492e-05 3.63219e-05 2.90995e-05 2.31274e-05 1.82523e-05 1.43154e-05 1.11652e-05 8.66472e-06 6.69364e-06 5.14951e-06 3.94651e-06 3.01393e-06 2.29426e-06 1.74116e-06 1.31768e-06 9.94575e-07 7.48845e-07 5.62519e-07 4.2163e-07 3.15374e-07 2.35435e-07 1.75431e-07 1.3049e-07 9.68984e-08 7.1839e-08 5.31788e-08 3.93081e-08 2.90146e-08 2.1388e-08 1.57457e-08 1.15775e-08 8.50264e-09 6.23726e-09 4.5704e-09 3.34543e-09 2.44626e-09 1.787e-09 1.30415e-09 9.50881e-10 6.92684e-10 5.04157e-10 3.66631e-10 2.66402e-10 1.93419e-10 1.40322e-10 1.01725e-10 7.36905e-11 5.33442e-11 3.85889e-11 2.78962e-11 2.01532e-11 1.45501e-11 1.04982e-11 7.57011e-12 5.45546e-12 3.92924e-12 2.8284e-12 2.03485e-12 1.46316e-12 1.05153e-12 7.5531e-13 5.42264e-13 3.89118e-13 2.79089e-13 2.00078e-13 1.43368e-13 1.02686e-13 7.35145e-14 5.26074e-14 3.76301e-14 2.69055e-14 1.92295e-14 1.37379e-14 9.81072e-15 7.00345e-15 4.99755e-15 3.56483e-15 2.54192e-15 1.81187e-15 1.29103e-15 9.19591e-16 6.54793e-16 4.66086e-16 3.31653e-16 2.35917e-16 1.67763e-16 1.1926e-16 8.47536e-17 6.02128e-17 4.27649e-17 3.03639e-17 2.15527e-17 1.52939e-17 1.08496e-17 7.69461e-18 5.45557e-18
0.000138946 6.44886e-05 5.5906e-05 4.74645e-05 3.96342e-05 3.26489e-05 2.65906e-05 2.14475e-05 1.71546e-05 1.36205e-05 1.07444e-05 8.42643e-06 6.57405e-06 5.10461e-06 3.94651e-06 3.03907e-06 2.33174e-06 1.783e-06 1.35913e-06 1.03299e-06 7.82972e-07 5.91944e-07 4.46445e-07 3.35945e-07 2.52253e-07 1.89026e-07 1.41374e-07 1.05541e-07 7.86535e-08 5.85184e-08 4.34688e-08 3.22407e-08 2.38781e-08 1.76601e-08 1.30438e-08 9.62188e-09 7.08892e-09 5.21656e-09 3.83435e-09 2.81527e-09 2.06484e-09 1.51288e-09 1.10737e-09 8.0977e-10 5.91598e-10 4.31817e-10 3.14915e-10 2.29466e-10 1.67065e-10 1.21536e-10 8.83461e-11 6.41714e-11 4.65775e-11 3.37832e-11 2.44862e-11 1.77357e-11 1.28377e-11 9.28641e-12 6.71327e-12 4.85014e-12 3.50198e-12 2.52708e-12 1.82254e-12 1.31368e-12 9.46385e-13 6.81417e-13 4.90379e-13 3.52718e-13 2.53575e-13 1.82211e-13 1.30867e-13 9.39475e-14 6.74122e-14 4.835e-14 3.46626e-14 2.48392e-14 1.77922e-14 1.27391e-14 9.1174e-15 6.52271e-15 4.66459e-15 3.33449e-15 2.38276e-15 1.70203e-15 1.21534e-15 8.67496e-16 6.1899e-16 4.41518e-16 3.14821e-16 2.24404e-16 1.59902e-16 1.13903e-16 8.11103e-17 5.77403e-17 4.1091e-17 2.92335e-17 2.07913e-17 1.47827e-17 1.05075e-17 7.46654e-18 5.30413e-18
9.39869e-05 4.51381e-05 3.95457e-05 3.38862e-05 2.85315e-05 2.36819e-05 1.94233e-05 1.57696e-05 1.26915e-05 1.01362e-05 8.04072e-06 6.33995e-06 4.97179e-06 3.87971e-06 3.01393e-06 2.33174e-06 1.79713e-06 1.38025e-06 1.05663e-06 8.06432e-07 6.13739e-07 4.65849e-07 3.52714e-07 2.66427e-07 2.00802e-07 1.51024e-07 1.13359e-07 8.49266e-08 6.3511e-08 4.74141e-08 3.53389e-08 2.62977e-08 1.95403e-08 1.44984e-08 1.07426e-08 7.94916e-09 5.87464e-09 4.33618e-09 3.19684e-09 2.35417e-09 1.73172e-09 1.2725e-09 9.34091e-10 6.84998e-10 5.01848e-10 3.67324e-10 2.68618e-10 1.96263e-10 1.43276e-10 1.04508e-10 7.61688e-11 5.54709e-11 4.03668e-11 2.93536e-11 2.13298e-11 1.54884e-11 1.12391e-11 8.15012e-12 5.90631e-12 4.27753e-12 3.096e-12 2.23948e-12 1.61896e-12 1.1697e-12 8.44631e-13 6.09566e-13 4.39683e-13 3.16979e-13 2.284e-13 1.64491e-13 1.18406e-13 8.51906e-14 6.12639e-14 4.40367e-14 3.16393e-14 2.27218e-14 1.63106e-14 1.17033e-14 8.39386e-15 6.01776e-15 4.31252e-15 3.08925e-15 2.2121e-15 1.58339e-15 1.13293e-15 8.10325e-16 5.79368e-16 4.14089e-16 2.95854e-16 2.11305e-16 1.50866e-16 1.07678e-16 7.6828e-17 5.47985e-17 3.9073e-17 2.78515e-17 1.98464e-17 1.41379e-17 1.00682e-17 7.1679e-18 5.10156e-18
6.35754e-05 3.15583e-05 2.79362e-05 2.41556e-05 2.0504e-05 1.71452e-05 1.41586e-05 1.1569e-05 9.36713e-06 7.52404e-06 6.00117e-06 4.75655e-06 3.74883e-06 2.93954e-06 2.29426e-06 1.783e-06 1.38025e-06 1.0646e-06 8.1838e-07 6.27135e-07 4.79175e-07 3.65119e-07 2.77494e-07 2.10386e-07 1.59142e-07 1.20118e-07 9.04766e-08 6.80167e-08 5.10372e-08 3.82285e-08 2.85859e-08 2.13409e-08 1.59075e-08 1.18399e-08 8.79982e-09 6.53139e-09 4.84135e-09 3.58407e-09 2.65008e-09 1.95717e-09 1.4438e-09 1.06392e-09 7.83156e-10 5.75896e-10 4.23067e-10 3.10496e-10 2.27666e-10 1.66782e-10 1.22072e-10 8.92721e-11 6.52311e-11 4.7626e-11 3.47451e-11 2.53286e-11 1.84505e-11 1.34304e-11 9.76935e-12 7.10139e-12 5.15858e-12 3.74484e-12 2.71681e-12 1.96976e-12 1.42727e-12 1.03356e-12 7.48027e-13 5.41066e-13 3.91148e-13 2.82616e-13 2.04089e-13 1.47305e-13 1.06265e-13 7.66211e-14 5.52195e-14 3.97766e-14 2.86391e-14 2.06105e-14 1.48259e-14 1.06601e-14 7.66144e-15 5.50394e-15 3.95234e-15 2.83698e-15 2.03554e-15 1.45993e-15 1.04668e-15 7.50112e-16 5.37372e-16 3.84824e-16 2.7548e-16 1.97134e-16 1.4102e-16 1.00843e-16 7.20878e-17 5.15148e-17 3.68008e-17 2.62809e-17 1.87622e-17 1.33903e-17 9.5534e-18 6.81386e-18 4.85843e-18
4.30043e-05 2.20407e-05 1.97104e-05 1.71947e-05 1.47116e-05 1.23908e-05 1.0301e-05 8.46968e-06 6.8981e-06 5.57178e-06 4.46771e-06 3.55917e-06 2.81886e-06 2.22076e-06 1.74116e-06 1.35913e-06 1.05663e-06 8.1838e-07 6.31654e-07 4.85956e-07 3.72737e-07 2.85086e-07 2.17468e-07 1.65472e-07 1.2561e-07 9.51378e-08 7.1905e-08 5.42363e-08 4.08307e-08 3.06825e-08 2.30163e-08 1.72368e-08 1.2888e-08 9.62165e-09 7.1726e-09 5.33939e-09 3.96934e-09 2.94699e-09 2.18521e-09 1.61839e-09 1.19719e-09 8.84615e-10 6.52937e-10 4.81426e-10 3.54605e-10 2.60933e-10 1.91822e-10 1.40884e-10 1.03379e-10 7.5792e-11 5.55192e-11 4.06353e-11 2.97176e-11 2.17162e-11 1.5857e-11 1.15701e-11 8.43599e-12 6.14651e-12 4.4753e-12 3.25629e-12 2.36777e-12 1.72059e-12 1.24951e-12 9.06861e-13 6.57779e-13 4.76831e-13 3.45463e-13 2.50146e-13 1.81029e-13 1.30939e-13 9.46593e-14 6.83963e-14 4.9395e-14 3.56548e-14 2.57242e-14 1.85507e-14 1.33713e-14 9.63365e-15 6.93763e-15 4.99391e-15 3.5932e-15 2.58427e-15 1.85785e-15 1.33508e-15 9.59021e-16 6.88615e-16 4.9426e-16 3.54624e-16 2.54341e-16 1.82349e-16 1.30687e-16 9.36282e-17 6.70543e-17 4.80059e-17 3.4357e-17 2.45804e-17 1.75799e-17 1.25691e-17 8.98363e-18 6.41891e-18 4.58495e-18
2.90893e-05 1.53782e-05 1.38906e-05 1.22235e-05 1.05397e-05 8.94007e-06 7.48094e-06 6.18857e-06 5.06927e-06 4.11692e-06 3.31829e-06 2.65664e-06 2.1141e-06 1.6732e-06 1.31768e-06 1.03299e-06 8.06432e-07 6.27135e-07 4.85956e-07 3.75305e-07 2.88948e-07 2.21813e-07 1.6981e-07 1.29663e-07 9.87675e-08 7.50602e-08 5.69188e-08 4.30726e-08 3.25303e-08 2.45222e-08 1.84523e-08 1.3861e-08 1.03951e-08 7.78356e-09 5.81932e-09 4.34448e-09 3.2389e-09 2.41143e-09 1.79305e-09 1.33158e-09 9.87692e-10 7.31765e-10 5.41544e-10 4.00336e-10 2.95638e-10 2.18099e-10 1.60738e-10 1.1835e-10 8.70588e-11 6.39833e-11 4.69829e-11 3.44702e-11 2.5269e-11 1.85089e-11 1.35467e-11 9.90728e-12 7.24021e-12 5.28728e-12 3.85839e-12 2.81371e-12 2.0505e-12 1.49332e-12 1.08684e-12 7.90512e-13 5.74621e-13 4.1744e-13 3.03076e-13 2.19917e-13 1.59485e-13 1.15596e-13 8.37394e-14 6.063e-14 4.38752e-14 3.17344e-14 2.29417e-14 1.65771e-14 1.19724e-14 8.64274e-15 6.23621e-15 4.49772e-15 3.24243e-15 2.33647e-15 1.68291e-15 1.21166e-15 8.72005e-16 6.27308e-16 4.51095e-16 3.24253e-16 2.32987e-16 1.67346e-16 1.20153e-16 8.62371e-17 6.18722e-17 4.43754e-17 3.18153e-17 2.28023e-17 1.6337e-17 1.1701e-17 8.37775e-18 5.99641e-18 4.29057e-18
1.96768e-05 1.07197e-05 9.77856e-06 8.67865e-06 7.54033e-06 6.4403e-06 5.4237e-06 4.51356e-06 3.71802e-06 3.03562e-06 2.45917e-06 1.97838e-06 1.58171e-06 1.25746e-06 9.94575e-07 7.82972e-07 6.13739e-07 4.79175e-07 3.72737e-07 2.88948e-07 2.23277e-07 1.72015e-07 1.32149e-07 1.01253e-07 7.73862e-08 5.90052e-08 4.48892e-08 3.40774e-08 2.58173e-08 1.95216e-08 1.47339e-08 1.11009e-08 8.34955e-09 6.26999e-09 4.70108e-09 3.51951e-09 2.63115e-09 1.96431e-09 1.46454e-09 1.09052e-09 8.11021e-10 6.02438e-10 4.46984e-10 3.31275e-10 2.45254e-10 1.8138e-10 1.34006e-10 9.89081e-11 7.29332e-11 5.373e-11 3.95474e-11 2.9083e-11 2.13693e-11 1.56886e-11 1.15087e-11 8.43583e-12 6.1787e-12 4.52213e-12 3.30729e-12 2.41709e-12 1.76528e-12 1.28837e-12 9.39681e-13 6.8492e-13 4.98913e-13 3.63197e-13 2.64239e-13 1.9213e-13 1.39618e-13 1.01401e-13 7.36041e-14 5.33981e-14 3.87185e-14 2.80598e-14 2.03249e-14 1.47148e-14 1.06479e-14 7.70137e-15 5.56755e-15 4.02307e-15 2.90572e-15 2.09775e-15 1.51378e-15 1.0919e-15 7.87265e-16 5.67382e-16 4.08744e-16 2.94342e-16 2.11875e-16 1.52454e-16 1.09655e-16 7.88414e-17 5.66655e-17 4.07121e-17 2.92396e-17 2.09926e-17 1.50663e-17 1.08093e-17 7.75252e-18 5.5583e-18 3.9838e-18
1.331e-05 7.46582e-06 6.87671e-06 6.15456e-06 5.38735e-06 4.63273e-06 3.92594e-06 3.28626e-06 2.72194e-06 2.23395e-06 1.81872e-06 1.4701e-06 1.18069e-06 9.42778e-07 7.48845e-07 5.91944e-07 4.65849e-07 3.65119e-07 2.85086e-07 2.21813e-07 1.72015e-07 1.32986e-07 1.02516e-07 7.88115e-08 6.04326e-08 4.62271e-08 3.52794e-08 2.68655e-08 2.04157e-08 1.54836e-08 1.17208e-08 8.85641e-09 6.68047e-09 5.03079e-09 3.78247e-09 2.83956e-09 2.12858e-09 1.59336e-09 1.1911e-09 8.8923e-10 6.63024e-10 4.93757e-10 3.6727e-10 2.72873e-10 2.02514e-10 1.50136e-10 1.11189e-10 8.22631e-11 6.08026e-11 4.4898e-11 3.31231e-11 2.44144e-11 1.79797e-11 1.32297e-11 9.72656e-12 7.14528e-12 5.24491e-12 3.84703e-12 2.81961e-12 2.06507e-12 1.51138e-12 1.10538e-12 8.07897e-13 5.90081e-13 4.30712e-13 3.14186e-13 2.29044e-13 1.66873e-13 1.21506e-13 8.84211e-14 6.43084e-14 4.67453e-14 3.39602e-14 2.46587e-14 1.78955e-14 1.29805e-14 9.41072e-15 6.81927e-15 4.93903e-15 3.57552e-15 2.58721e-15 1.87123e-15 1.35277e-15 9.77526e-16 7.06063e-16 5.09768e-16 3.6789e-16 2.6539e-16 1.9137e-16 1.37939e-16 9.93874e-17 7.15824e-17 5.15365e-17 3.70903e-17 2.66837e-17 1.91899e-17 1.37957e-17 9.91427e-18 7.1224e-18 5.11498e-18 3.6721e-18
9.00325e-06 5.19534e-06 4.83132e-06 4.35972e-06 3.84431e-06 3.32788e-06 2.83751e-06 2.3888e-06 1.98926e-06 1.64096e-06 1.34245e-06 1.09017e-06 8.79467e-07 7.0527e-07 5.62519e-07 4.46445e-07 3.52714e-07 2.77494e-07 2.17468e-07 1.6981e-07 1.32149e-07 1.02516e-07 7.92915e-08 6.11575e-08 4.70464e-08 3.6101e-08 2.76367e-08 2.11095e-08 1.60895e-08 1.22384e-08 9.29107e-09 7.04046e-09 5.32557e-09 4.02155e-09 3.03189e-09 2.2822e-09 1.71531e-09 1.28736e-09 9.6484e-10 7.22148e-10 5.39801e-10 4.02993e-10 3.00494e-10 2.23803e-10 1.66496e-10 1.23728e-10 9.18474e-11 6.81112e-11 5.04587e-11 3.73449e-11 2.76132e-11 2.03987e-11 1.50557e-11 1.11026e-11 8.18046e-12 6.02246e-12 4.43018e-12 3.25633e-12 2.39169e-12 1.75532e-12 1.28734e-12 9.43458e-13 6.90955e-13 5.05688e-13 3.69851e-13 2.70328e-13 1.9746e-13 1.44145e-13 1.05161e-13 7.66745e-14 5.58721e-14 4.06904e-14 2.96174e-14 2.15458e-14 1.56655e-14 1.13841e-14 8.26856e-15 6.0026e-15 4.35545e-15 3.15875e-15 2.28975e-15 1.65904e-15 1.2015e-15 8.69752e-16 6.29321e-16 4.55154e-16 3.29046e-16 2.37778e-16 1.71753e-16 1.24011e-16 8.95031e-17 6.45721e-17 4.65674e-17 3.357e-17 2.41912e-17 1.74261e-17 1.25483e-17 9.03255e-18 6.49953e-18 4.67521e-18 3.36178e-18
6.09005e-06 3.61252e-06 3.39119e-06 3.08506e-06 2.73998e-06 2.38744e-06 2.04793e-06 1.73377e-06 1.45143e-06 1.20329e-06 9.89087e-07 8.06871e-07 6.53771e-07 5.26485e-07 4.2163e-07 3.35945e-07 2.66427e-07 2.10386e-07 1.65472e-07 1.29663e-07 1.01253e-07 7.88115e-08 6.11575e-08 4.73222e-08 3.65181e-08 2.81087e-08 2.15835e-08 1.6535e-08 1.26397e-08 9.64203e-09 7.34067e-09 5.57801e-09 4.23092e-09 3.20358e-09 2.42165e-09 1.82765e-09 1.37722e-09 1.03627e-09 7.78617e-10 5.84221e-10 4.37778e-10 3.27623e-10 2.44882e-10 1.82818e-10 1.36326e-10 1.01543e-10 7.55529e-11 5.61555e-11 4.16955e-11 3.09281e-11 2.29191e-11 1.69682e-11 1.25509e-11 9.27537e-12 6.84873e-12 5.05269e-12 3.72459e-12 2.74339e-12 2.01909e-12 1.48489e-12 1.09121e-12 8.01327e-13 5.88033e-13 4.31213e-13 3.16001e-13 2.31418e-13 1.69365e-13 1.23873e-13 9.05435e-14 6.61417e-14 4.82875e-14 3.52323e-14 2.5692e-14 1.87246e-14 1.36392e-14 9.92958e-15 7.22509e-15 5.25449e-15 3.81942e-15 2.7749e-15 2.01504e-15 1.46255e-15 1.06104e-15 7.69401e-16 5.57666e-16 4.04018e-16 2.92574e-16 2.11779e-16 1.5323e-16 1.10821e-16 8.01166e-17 5.78956e-17 4.1821e-17 3.01976e-17 2.17963e-17 1.57263e-17 1.13425e-17 8.17766e-18 5.89374e-18 4.24617e-18 3.05808e-18
4.11949e-06 2.51007e-06 2.37827e-06 2.1809e-06 1.9507e-06 1.71065e-06 1.47608e-06 1.25654e-06 1.05737e-06 8.80904e-07 7.27473e-07 5.96105e-07 4.85068e-07 3.92241e-07 3.15374e-07 2.52253e-07 2.00802e-07 1.59142e-07 1.2561e-07 9.87675e-08 7.73862e-08 6.04326e-08 4.70464e-08 3.65181e-08 2.82675e-08 2.18239e-08 1.68075e-08 1.29137e-08 9.89981e-09 7.5732e-09 5.78162e-09 4.40532e-09 3.35041e-09 2.54359e-09 1.92778e-09 1.45866e-09 1.10197e-09 8.31238e-10 6.26108e-10 4.70937e-10 3.53742e-10 2.65364e-10 1.98815e-10 1.48772e-10 1.11194e-10 8.30126e-11 6.19045e-11 4.6114e-11 3.43153e-11 2.55095e-11 1.89447e-11 1.40558e-11 1.04188e-11 7.71593e-12 5.70917e-12 4.22069e-12 3.11766e-12 2.30102e-12 1.69693e-12 1.25046e-12 9.20758e-13 6.77484e-13 4.98124e-13 3.6599e-13 2.68719e-13 1.97167e-13 1.44572e-13 1.05938e-13 7.75785e-14 5.67758e-14 4.15261e-14 3.03542e-14 2.2175e-14 1.61905e-14 1.18144e-14 8.61642e-15 6.28067e-15 4.57567e-15 3.3318e-15 2.42482e-15 1.76386e-15 1.28243e-15 9.31955e-16 6.76938e-16 4.91474e-16 3.56658e-16 2.58707e-16 1.87574e-16 1.3594e-16 9.84771e-17 7.13083e-17 5.16136e-17 3.73432e-17 2.70075e-17 1.95247e-17 1.41096e-17 1.01925e-17 7.36003e-18 5.31273e-18 3.83351e-18 2.76515e-18
2.78654e-06 1.74283e-06 1.66653e-06 1.54027e-06 1.38731e-06 1.22428e-06 1.06255e-06 9.09417e-07 7.69164e-07 6.43887e-07 5.34177e-07 4.39634e-07 3.59248e-07 2.91677e-07 2.35435e-07 1.89026e-07 1.51024e-07 1.20118e-07 9.51378e-08 7.50602e-08 5.90052e-08 4.62271e-08 3.6101e-08 2.81087e-08 2.18239e-08 1.68991e-08 1.30526e-08 1.00574e-08 7.73181e-09 5.93106e-09 4.54027e-09 3.46873e-09 2.64506e-09 2.01331e-09 1.52978e-09 1.16044e-09 8.78856e-10 6.6457e-10 5.01785e-10 3.78329e-10 2.84853e-10 2.14186e-10 1.60842e-10 1.20633e-10 9.03664e-11 6.76143e-11 5.05332e-11 3.77257e-11 2.81341e-11 2.09594e-11 1.55986e-11 1.15976e-11 8.61458e-12 6.39292e-12 4.73993e-12 3.51125e-12 2.59885e-12 1.92192e-12 1.42016e-12 1.04856e-12 7.73595e-13 5.70301e-13 4.20119e-13 3.09263e-13 2.27497e-13 1.67233e-13 1.2285e-13 9.01866e-14 6.61648e-14 4.85106e-14 3.55448e-14 2.60287e-14 1.90488e-14 1.39326e-14 1.01846e-14 7.44072e-15 5.43308e-15 3.96498e-15 2.89206e-15 2.10836e-15 1.53625e-15 1.11882e-15 8.14414e-16 5.92541e-16 4.30909e-16 3.1322e-16 2.27569e-16 1.65264e-16 1.19964e-16 8.70434e-17 6.31295e-17 4.57661e-17 3.31646e-17 2.4023e-17 1.73942e-17 1.25895e-17 9.10842e-18 6.58733e-18 4.76223e-18 3.44151e-18 2.48615e-18
1.88489e-06 1.20931e-06 1.16687e-06 1.08685e-06 9.85638e-07 8.75219e-07 7.63944e-07 6.57329e-07 5.58736e-07 4.69946e-07 3.9163e-07 3.23704e-07 2.65609e-07 2.16508e-07 1.75431e-07 1.41374e-07 1.13359e-07 9.04766e-08 7.1905e-08 5.69188e-08 4.48892e-08 3.52794e-08 2.76367e-08 2.15835e-08 1.68075e-08 1.30526e-08 1.01104e-08 7.81221e-09 6.02236e-09 4.63227e-09 3.5555e-09 2.72351e-09 2.08216e-09 1.5889e-09 1.21033e-09 9.20392e-10 6.9876e-10 5.2966e-10 4.00873e-10 3.02956e-10 2.28632e-10 1.72307e-10 1.29687e-10 9.74846e-11 7.31878e-11 5.4881e-11 4.11057e-11 3.07535e-11 2.29833e-11 1.71582e-11 1.27962e-11 9.53366e-12 7.09601e-12 5.27665e-12 3.92014e-12 2.90975e-12 2.1579e-12 1.59895e-12 1.1838e-12 8.75726e-13 6.47315e-13 4.78109e-13 3.52866e-13 2.60239e-13 1.91788e-13 1.41242e-13 1.03946e-13 7.64468e-14 5.61853e-14 4.12672e-14 3.02909e-14 2.22203e-14 1.62901e-14 1.19354e-14 8.73975e-15 6.39604e-15 4.6782e-15 3.41985e-15 2.49862e-15 1.82458e-15 1.33167e-15 9.71428e-16 7.0828e-16 5.1616e-16 3.7597e-16 2.73725e-16 1.99192e-16 1.44886e-16 1.05339e-16 7.65513e-17 5.56067e-17 4.03751e-17 2.93032e-17 2.12587e-17 1.54162e-17 1.11748e-17 8.09715e-18 5.86479e-18 4.24623e-18 3.07319e-18 2.22337e-18
1.275e-06 8.3858e-07 8.16415e-07 7.66245e-07 6.9959e-07 6.25017e-07 5.48622e-07 4.7453e-07 4.05338e-07 3.42512e-07 2.86696e-07 2.37973e-07 1.96057e-07 1.60438e-07 1.3049e-07 1.05541e-07 8.49266e-08 6.80167e-08 5.42363e-08 4.30726e-08 3.40774e-08 2.68655e-08 2.11095e-08 1.6535e-08 1.29137e-08 1.00574e-08 7.81221e-09 6.05306e-09 4.67888e-09 3.60848e-09 2.77695e-09 2.13263e-09 1.63457e-09 1.25046e-09 9.54881e-10 7.279e-10 5.53946e-10 4.20886e-10 3.19292e-10 2.41859e-10 1.82941e-10 1.38183e-10 1.04235e-10 7.85248e-11 5.90819e-11 4.43989e-11 3.33255e-11 2.49853e-11 1.87115e-11 1.39979e-11 1.04607e-11 7.80943e-12 5.82432e-12 4.33963e-12 3.23036e-12 2.40244e-12 1.78512e-12 1.32527e-12 9.83047e-13 7.28592e-13 5.39565e-13 3.99265e-13 2.95219e-13 2.18122e-13 1.61041e-13 1.18812e-13 8.75952e-14 6.45357e-14 4.75147e-14 3.49598e-14 2.57057e-14 1.88893e-14 1.38718e-14 1.01809e-14 7.46758e-15 5.47419e-15 4.01062e-15 2.93669e-15 2.14915e-15 1.57195e-15 1.14916e-15 8.39642e-16 6.13177e-16 4.47567e-16 3.26524e-16 2.38101e-16 1.7354e-16 1.26425e-16 9.20589e-17 6.7004e-17 4.87463e-17 3.54479e-17 2.57662e-17 1.87209e-17 1.35962e-17 9.87033e-18 7.16255e-18 5.19552e-18 3.7672e-18 2.73048e-18 1.97831e-18
8.62444e-07 5.81152e-07 5.70809e-07 5.39774e-07 4.96104e-07 4.45891e-07 3.93557e-07 3.4216e-07 2.93684e-07 2.49299e-07 2.09582e-07 1.74688e-07 1.44493e-07 1.18697e-07 9.68984e-08 7.86535e-08 6.3511e-08 5.10372e-08 4.08307e-08 3.25303e-08 2.58173e-08 2.04157e-08 1.60895e-08 1.26397e-08 9.89981e-09 7.73181e-09 6.02236e-09 4.67888e-09 3.6263e-09 2.80402e-09 2.16342e-09 1.66566e-09 1.27985e-09 9.81504e-10 7.51316e-10 5.74093e-10 4.37926e-10 3.33508e-10 2.53587e-10 1.92524e-10 1.4595e-10 1.10486e-10 8.35252e-11 6.30595e-11 4.75473e-11 3.58065e-11 2.69324e-11 2.0234e-11 1.51843e-11 1.13823e-11 8.5232e-12 6.37564e-12 4.76437e-12 3.55681e-12 2.65277e-12 1.97667e-12 1.47155e-12 1.09454e-12 8.13412e-13 6.03984e-13 4.48109e-13 3.32194e-13 2.46071e-13 1.82136e-13 1.34712e-13 9.95631e-14 7.35325e-14 5.42695e-14 4.00253e-14 2.94999e-14 2.17281e-14 1.59935e-14 1.17649e-14 8.64904e-15 6.35452e-15 4.66593e-15 3.42405e-15 2.51128e-15 1.84079e-15 1.34857e-15 9.87434e-16 7.22622e-16 5.28552e-16 3.86404e-16 2.82342e-16 2.06203e-16 1.50522e-16 1.09825e-16 8.00929e-17 5.83831e-17 4.25384e-17 3.098e-17 2.25522e-17 1.641e-17 1.19355e-17 8.67741e-18 6.30608e-18 4.58091e-18 3.32636e-18 2.41442e-18 1.75182e-18
5.83382e-07 4.02519e-07 3.98819e-07 3.79943e-07 3.51496e-07 3.17794e-07 2.82024e-07 2.46436e-07 2.12529e-07 1.81222e-07 1.53003e-07 1.28051e-07 1.06334e-07 8.768e-08 7.1839e-08 5.85184e-08 4.74141e-08 3.82285e-08 3.06825e-08 2.45222e-08 1.95216e-08 1.54836e-08 1.22384e-08 9.64203e-09 7.5732e-09 5.93106e-09 4.63227e-09 3.60848e-09 2.80402e-09 2.17378e-09 1.68141e-09 1.29778e-09 9.99621e-10 7.68454e-10 5.89633e-10 4.51607e-10 3.45291e-10 2.63563e-10 2.00855e-10 1.5283e-10 1.16114e-10 8.80913e-11 6.67382e-11 5.04929e-11 3.81521e-11 2.8791e-11 2.17002e-11 1.63363e-11 1.2284e-11 9.22664e-12 6.92266e-12 5.18851e-12 3.88478e-12 2.90573e-12 2.1713e-12 1.62096e-12 1.209e-12 9.00918e-13 6.70755e-13 4.98965e-13 3.70862e-13 2.75422e-13 2.04381e-13 1.51545e-13 1.12283e-13 8.31302e-14 6.15019e-14 4.54683e-14 3.35912e-14 2.47996e-14 1.82967e-14 1.34902e-14 9.93989e-15 7.31935e-15 5.38635e-15 3.96145e-15 2.91176e-15 2.13896e-15 1.57037e-15 1.15228e-15 8.45034e-16 6.19377e-16 4.53737e-16 3.32221e-16 2.43123e-16 1.77831e-16 1.30008e-16 9.50001e-17 6.93854e-17 5.06533e-17 3.69611e-17 2.69578e-17 1.9653e-17 1.43212e-17 1.04314e-17 7.59482e-18 5.52726e-18 4.02088e-18 2.92385e-18 2.12527e-18 1.54418e-18
3.94616e-07 2.78641e-07 2.78471e-07 2.6724e-07 2.48832e-07 2.26288e-07 2.01897e-07 1.77301e-07 1.53623e-07 1.31574e-07 1.11554e-07 9.37382e-08 7.81411e-08 6.4673e-08 5.31788e-08 4.34688e-08 3.53389e-08 2.85859e-08 2.30163e-08 1.84523e-08 1.47339e-08 1.17208e-08 9.29107e-09 7.34067e-09 5.78162e-09 4.54027e-09 3.5555e-09 2.77695e-09 2.16342e-09 1.68141e-09 1.3038e-09 1.00879e-09 7.78905e-10 6.00203e-10 4.61615e-10 3.54374e-10 2.71566e-10 2.07754e-10 1.58676e-10 1.21001e-10 9.2131e-11 7.00459e-11 5.31793e-11 4.03187e-11 3.05275e-11 2.30844e-11 1.74342e-11 1.31511e-11 9.90857e-12 7.45701e-12 5.6058e-12 4.20962e-12 3.15787e-12 2.36648e-12 1.77166e-12 1.32507e-12 9.90123e-13 7.39164e-13 5.5132e-13 4.10854e-13 3.05916e-13 2.27591e-13 1.69182e-13 1.25664e-13 9.32671e-14 6.91699e-14 5.12606e-14 3.79607e-14 2.80916e-14 2.07739e-14 1.53519e-14 1.13375e-14 8.36733e-15 6.17133e-15 4.54881e-15 3.3508e-15 2.46682e-15 1.81496e-15 1.33459e-15 9.8079e-16 7.20381e-16 5.28822e-16 3.8799e-16 2.84513e-16 2.08524e-16 1.52752e-16 1.1184e-16 8.18452e-17 5.98656e-17 4.37676e-17 3.19832e-17 2.33609e-17 1.70553e-17 1.24461e-17 9.07851e-18 6.61921e-18 4.82404e-18 3.51425e-18 2.55901e-18 1.86266e-18 1.35525e-18
2.6693e-07 1.92787e-07 1.94319e-07 1.87835e-07 1.76013e-07 1.60989e-07 1.44396e-07 1.27429e-07 1.10921e-07 9.5416e-08 8.1234e-08 6.85312e-08 5.73458e-08 4.76358e-08 3.93081e-08 3.22407e-08 2.62977e-08 2.13409e-08 1.72368e-08 1.3861e-08 1.11009e-08 8.85641e-09 7.04046e-09 5.57801e-09 4.40532e-09 3.46873e-09 2.72351e-09 2.13263e-09 1.66566e-09 1.29778e-09 1.00879e-09 7.82417e-10 6.05552e-10 4.67715e-10 3.60548e-10 2.77416e-10 2.13068e-10 1.63363e-10 1.25045e-10 9.55609e-11 7.29157e-11 5.55536e-11 4.22645e-11 3.21094e-11 2.43614e-11 1.84587e-11 1.39685e-11 1.05576e-11 7.97006e-12 6.00971e-12 4.52644e-12 3.40553e-12 2.55947e-12 1.92161e-12 1.44126e-12 1.07993e-12 8.08406e-13 6.04588e-13 4.51747e-13 3.37245e-13 2.51547e-13 1.87467e-13 1.39596e-13 1.03865e-13 7.72189e-14 5.73644e-14 4.25828e-14 3.15867e-14 2.34132e-14 1.73425e-14 1.28369e-14 9.49541e-15 7.01906e-15 5.18514e-15 3.82794e-15 2.82421e-15 2.08239e-15 1.53449e-15 1.13008e-15 8.31772e-16 6.11857e-16 4.49834e-16 3.30534e-16 2.42742e-16 1.78173e-16 1.30711e-16 9.58431e-17 7.02408e-17 5.14521e-17 3.76707e-17 2.75674e-17 2.01643e-17 1.47424e-17 1.07734e-17 7.86945e-18 5.74569e-18 4.19324e-18 3.05894e-18 2.23053e-18 1.62578e-18 1.18451e-18
1.80559e-07 1.33319e-07 1.35517e-07 1.31933e-07 1.24408e-07 1.14436e-07 1.03176e-07 9.14947e-08 8.00047e-08 6.91173e-08 5.9085e-08 5.00406e-08 4.20302e-08 3.50395e-08 2.90146e-08 2.38781e-08 1.95403e-08 1.59075e-08 1.2888e-08 1.03951e-08 8.34955e-09 6.68047e-09 5.32557e-09 4.23092e-09 3.35041e-09 2.64506e-09 2.08216e-09 1.63457e-09 1.27985e-09 9.99621e-10 7.78905e-10 6.05552e-10 4.69764e-10 3.63672e-10 2.80981e-10 2.1668e-10 1.66788e-10 1.28158e-10 9.83085e-11 7.52883e-11 5.75678e-11 4.39512e-11 3.35061e-11 2.55071e-11 1.9391e-11 1.47218e-11 1.11625e-11 8.45313e-12 6.39363e-12 4.8302e-12 3.6449e-12 2.74741e-12 2.06867e-12 1.55597e-12 1.16914e-12 8.776e-13 6.5812e-13 4.93063e-13 3.69061e-13 2.75995e-13 2.06216e-13 1.53947e-13 1.1483e-13 8.55819e-14 6.37325e-14 4.74241e-14 3.52618e-14 2.61989e-14 1.94511e-14 1.44308e-14 1.06988e-14 7.92641e-15 5.86848e-15 4.34197e-15 3.21045e-15 2.37229e-15 1.75186e-15 1.2929e-15 9.53602e-16 7.02934e-16 5.17857e-16 3.81292e-16 2.80584e-16 2.06361e-16 1.51691e-16 1.11445e-16 8.18344e-17 6.00603e-17 4.40576e-17 3.23026e-17 2.36724e-17 1.73396e-17 1.26949e-17 9.29008e-18 6.79531e-18 4.96825e-18 3.63082e-18 2.65226e-18 1.9366e-18 1.41345e-18 1.03119e-18
