0.20851 0.0997414 0.0477116 0.022823 0.0109174 0.00522238 0.00249814 0.00119499 0.000571627 0.000273439 0.0001308 6.25688e-05 2.99299e-05 1.43171e-05 6.84861e-06 3.27605e-06 1.56711e-06 7.4963e-07 3.58588e-07 1.71531e-07 8.20525e-08 3.925e-08 1.87754e-08 8.98124e-09 4.2962e-09 2.0551e-09 9.83062e-10 4.7025e-10 2.24946e-10 1.07603e-10 5.14723e-11 2.46219e-11 1.1778e-11 5.63402e-12 2.69505e-12 1.28918e-12 6.16685e-13 2.94993e-13 1.41111e-13 6.75006e-14 3.22891e-14 1.54456e-14 7.38844e-15 3.53428e-15 1.69063e-15 8.08718e-16 3.86852e-16 1.85052e-16 8.85201e-17 4.23438e-17 2.02553e-17 9.68917e-18 4.63484e-18 2.21709e-18 1.06055e-18 5.07317e-19 2.42676e-19 1.16085e-19 5.55295e-20 2.65627e-20 1.27063e-20 6.07811e-21 2.90748e-21 1.3908e-21 6.65294e-22 3.18245e-22 1.52233e-22 7.28212e-23 3.48342e-23 1.6663e-23 7.97081e-24 3.81286e-24 1.82389e-24 8.72464e-25 4.17345e-25 1.99638e-25 9.54975e-26 4.56815e-26 2.18519e-26 1.04529e-26 5.00017e-27 2.39185e-27 1.14415e-27 5.47305e-28 2.61805e-28 1.25235e-28 5.99065e-29 2.86565e-29 1.37079e-29 6.55721e-30 3.13666e-30 1.50043e-30 7.17734e-31 3.4333e-31 1.64233e-31 7.85612e-32 3.758e-32 1.79765e-32 8.5991e-33 4.1134e-33 1.96766e-33
0.0997414 0.060974 0.0355112 0.0200216 0.0110291 0.00597019 0.00318803 0.0016839 0.000881506 0.00045803 0.000236492 0.000121446 6.20739e-05 3.15969e-05 1.60251e-05 8.10127e-06 4.08364e-06 2.0531e-06 1.02979e-06 5.15409e-07 2.57458e-07 1.28375e-07 6.39048e-08 3.17633e-08 1.57653e-08 7.81464e-09 3.86887e-09 1.91321e-09 9.45101e-10 4.664e-10 2.29948e-10 1.1327e-10 5.57491e-11 2.74169e-11 1.34733e-11 6.61641e-12 3.24698e-12 1.59242e-12 7.80504e-13 3.82332e-13 1.87183e-13 9.15932e-14 4.47963e-14 2.18984e-14 1.06999e-14 5.22588e-15 2.55125e-15 1.245e-15 6.07322e-16 2.96144e-16 1.44355e-16 7.03408e-17 3.4264e-17 1.66851e-17 8.12238e-18 3.95282e-18 1.92311e-18 9.3536e-19 4.54816e-19 2.21094e-19 1.07451e-19 5.22075e-20 2.53602e-20 1.2316e-20 5.97988e-21 2.90281e-21 1.40881e-21 6.8359e-22 3.31629e-22 1.60851e-22 7.80035e-23 3.78202e-23 1.83339e-23 8.88608e-24 4.30617e-24 2.08642e-24 1.01074e-24 4.89565e-25 2.3709e-25 1.14803e-25 5.5581e-26 2.69054e-26 1.30224e-26 6.30207e-27 3.04942e-27 1.47535e-27 7.13704e-28 3.45213e-28 1.66956e-28 8.07359e-29 3.90373e-29 1.88731e-29 9.12344e-30 4.40987e-30 2.13131e-30 1.02996e-30 4.97683e-31 2.40459e-31 1.16167e-31 5.61159e-32 2.71048e-32
0.0477116 0.0355112 0.0238999 0.015143 0.00921159 0.00544007 0.00314091 0.00178125 0.000995529 0.000549675 0.000300392 0.000162715 8.74636e-05 4.66974e-05 2.47832e-05 1.30828e-05 6.87314e-06 3.59521e-06 1.87317e-06 9.72449e-07 5.03176e-07 2.59568e-07 1.33524e-07 6.85078e-08 3.50645e-08 1.79067e-08 9.12529e-09 4.6411e-09 2.35608e-09 1.194e-09 6.04091e-10 3.05161e-10 1.53928e-10 7.75363e-11 3.9005e-11 1.95971e-11 9.8344e-12 4.9296e-12 2.46835e-12 1.23468e-12 6.16985e-13 3.08025e-13 1.5364e-13 7.65683e-14 3.81271e-14 1.89702e-14 9.43145e-15 4.6856e-15 2.32619e-15 1.15406e-15 5.72174e-16 2.83499e-16 1.40381e-16 6.94722e-17 3.43609e-17 1.69855e-17 8.39194e-18 4.14401e-18 2.04532e-18 1.00901e-18 4.97531e-19 2.45217e-19 1.20806e-19 5.94892e-20 2.92825e-20 1.4408e-20 7.08641e-21 3.48404e-21 1.7123e-21 8.41235e-22 4.13145e-22 2.02833e-22 9.95474e-23 4.88404e-23 2.39547e-23 1.17454e-23 5.75722e-24 2.82117e-24 1.38205e-24 6.7685e-25 3.31393e-25 1.6221e-25 7.93779e-26 3.88337e-26 1.89937e-26 9.28762e-27 4.54041e-27 2.21914e-27 1.08436e-27 5.29743e-28 2.58739e-28 1.26347e-28 6.16844e-29 3.0109e-29 1.46937e-29 7.16932e-30 3.49737e-30 1.70577e-30 8.31803e-31 4.05546e-31 1.97688e-31
0.022823 0.0200216 0.015143 0.0105387 0.00694576 0.0044029 0.00270982 0.00162939 0.000961345 0.000558324 0.000319954 0.000181257 0.00010166 5.65168e-05 3.11749e-05 1.70762e-05 9.29477e-06 5.03041e-06 2.70836e-06 1.45125e-06 7.7424e-07 4.11392e-07 2.17778e-07 1.14885e-07 6.04103e-08 3.16699e-08 1.6556e-08 8.63207e-09 4.48943e-09 2.32942e-09 1.20599e-09 6.23056e-10 3.21255e-10 1.65332e-10 8.49348e-11 4.35589e-11 2.23031e-11 1.1402e-11 5.82049e-12 2.96705e-12 1.51044e-12 7.67934e-13 3.89947e-13 1.97775e-13 1.00194e-13 5.07034e-14 2.56315e-14 1.2944e-14 6.53042e-15 3.29157e-15 1.65756e-15 8.33981e-16 4.1925e-16 2.10589e-16 1.05694e-16 5.30073e-17 2.65642e-17 1.33029e-17 6.6572e-18 3.32923e-18 1.66384e-18 8.31002e-19 4.14786e-19 2.06912e-19 1.03156e-19 5.1399e-20 2.55962e-20 1.27398e-20 6.3376e-21 3.15112e-21 1.56599e-21 7.77863e-22 3.862e-22 1.91656e-22 9.50688e-23 4.71372e-23 2.33617e-23 1.15734e-23 5.73119e-24 2.83697e-24 1.40377e-24 6.94339e-25 3.4331e-25 1.69685e-25 8.3839e-26 4.14093e-26 2.04457e-26 1.00916e-26 4.97944e-27 2.45618e-27 1.21117e-27 5.97055e-28 2.94235e-28 1.4496e-28 7.13962e-29 3.51544e-29 1.73047e-29 8.51589e-30 4.18967e-30 2.06071e-30 1.01331e-30
0.0109174 0.0110291 0.00921159 0.00694576 0.00490389 0.00330438 0.00214948 0.00135993 0.000841187 0.000510631 0.000305069 0.000179774 0.000104678 6.03122e-05 3.44257e-05 1.94855e-05 1.09459e-05 6.10665e-06 3.38558e-06 1.86625e-06 1.02332e-06 5.5838e-07 3.03309e-07 1.64064e-07 8.8397e-08 4.74536e-08 2.53868e-08 1.35377e-08 7.19718e-09 3.81535e-09 2.01711e-09 1.06369e-09 5.59551e-10 2.93673e-10 1.53793e-10 8.03712e-11 4.19179e-11 2.18209e-11 1.13386e-11 5.88149e-12 3.04575e-12 1.57474e-12 8.12937e-13 4.19051e-13 2.15707e-13 1.10885e-13 5.69258e-14 2.91877e-14 1.49473e-14 7.64569e-15 3.90642e-15 1.99373e-15 1.01647e-15 5.17699e-16 2.63409e-16 1.33896e-16 6.79992e-17 3.45022e-17 1.74909e-17 8.85948e-18 4.48382e-18 2.26747e-18 1.14577e-18 5.78529e-19 2.91901e-19 1.47175e-19 7.41539e-20 3.73369e-20 1.8787e-20 9.4471e-21 4.74753e-21 2.38436e-21 1.19679e-21 6.0036e-22 3.00996e-22 1.50824e-22 7.55342e-23 3.78085e-23 1.89152e-23 9.45832e-24 4.7272e-24 2.36148e-24 1.17913e-24 5.88489e-25 2.93575e-25 1.46389e-25 7.29645e-26 3.63522e-26 1.81038e-26 9.01224e-27 4.48459e-27 2.23072e-27 1.10918e-27 5.51307e-28 2.73922e-28 1.36052e-28 6.75504e-29 3.35275e-29 1.66352e-29 8.25102e-30 4.09116e-30
0.00522238 0.00597019 0.00544007 0.0044029 0.00330438 0.00235112 0.00160694 0.00106408 0.000686709 0.000433773 0.000269063 0.0001643 9.89651e-05 5.88963e-05 3.46763e-05 2.02208e-05 1.16893e-05 6.70433e-06 3.81762e-06 2.15954e-06 1.2142e-06 6.78849e-07 3.77565e-07 2.08978e-07 1.15144e-07 6.31746e-08 3.45235e-08 1.87959e-08 1.01972e-08 5.51387e-09 2.97211e-09 1.59728e-09 8.55987e-10 4.57497e-10 2.43893e-10 1.29703e-10 6.8817e-11 3.64314e-11 1.92457e-11 1.01464e-11 5.33877e-12 2.80389e-12 1.46995e-12 7.69298e-13 4.01946e-13 2.09676e-13 1.0921e-13 5.67978e-14 2.94972e-14 1.52979e-14 7.92323e-15 4.0984e-15 2.11732e-15 1.09253e-15 5.63086e-16 2.89884e-16 1.49073e-16 7.6579e-17 3.92983e-17 2.01466e-17 1.03183e-17 5.27965e-18 2.69899e-18 1.37851e-18 7.03465e-19 3.5868e-19 1.82731e-19 9.30189e-20 4.7314e-20 2.40479e-20 1.22136e-20 6.1986e-21 3.14367e-21 1.59324e-21 8.06923e-22 4.08412e-22 2.06578e-22 1.04424e-22 5.27529e-23 2.66338e-23 1.3439e-23 6.77719e-24 3.41577e-24 1.72064e-24 8.66277e-25 4.35908e-25 2.19235e-25 1.10206e-25 5.53714e-26 2.7807e-26 1.39578e-26 7.00291e-27 3.51189e-27 1.76039e-27 8.82033e-28 4.41747e-28 2.21146e-28 1.10663e-28 5.53544e-29 2.76774e-29 1.38334e-29
0.00249814 0.00318803 0.00314091 0.00270982 0.00214948 0.00160694 0.00114893 0.000793106 0.000532071 0.000348559 0.000223775 0.000141183 8.77308e-05 5.37889e-05 3.2587e-05 1.95317e-05 1.15939e-05 6.82173e-06 3.98171e-06 2.30695e-06 1.32756e-06 7.59168e-07 4.31603e-07 2.44044e-07 1.37292e-07 7.68702e-08 4.28481e-08 2.37838e-08 1.31495e-08 7.24294e-09 3.97542e-09 2.17468e-09 1.18583e-09 6.44668e-10 3.4946e-10 1.88914e-10 1.01857e-10 5.47812e-11 2.93919e-11 1.57336e-11 8.40367e-12 4.47912e-12 2.38251e-12 1.26482e-12 6.702e-13 3.54483e-13 1.87167e-13 9.86581e-14 5.19195e-14 2.72802e-14 1.43122e-14 7.49774e-15 3.92227e-15 2.04903e-15 1.06901e-15 5.57e-16 2.89858e-16 1.50657e-16 7.82136e-17 4.05582e-17 2.10084e-17 1.08702e-17 5.61858e-18 2.90116e-18 1.49653e-18 7.71222e-19 3.97067e-19 2.04244e-19 1.04965e-19 5.38968e-20 2.7651e-20 1.41742e-20 7.25993e-21 3.71555e-21 1.90011e-21 9.70972e-22 4.95808e-22 2.52993e-22 1.29002e-22 6.57331e-23 3.34719e-23 1.70329e-23 8.66199e-24 4.40222e-24 2.23592e-24 1.13496e-24 5.75762e-25 2.91913e-25 1.47917e-25 7.49098e-26 3.79159e-26 1.9181e-26 9.69821e-27 4.90103e-27 2.4755e-27 1.24975e-27 6.30623e-28 3.1806e-28 1.6034e-28 8.07933e-29 4.06922e-29
0.00119499 0.0016839 0.00178125 0.00162939 0.00135993 0.00106408 0.000793106 0.000568949 0.000395642 0.000268084 0.000177695 0.000115565 7.39215e-05 4.65961e-05 2.89907e-05 1.78269e-05 1.08466e-05 6.5362e-06 3.90421e-06 2.31329e-06 1.36047e-06 7.94598e-07 4.6113e-07 2.66015e-07 1.52603e-07 8.70864e-08 4.94543e-08 2.79545e-08 1.57328e-08 8.81798e-09 4.92311e-09 2.73845e-09 1.5179e-09 8.38551e-10 4.61779e-10 2.53525e-10 1.38786e-10 7.57652e-11 4.12515e-11 2.24029e-11 1.2137e-11 6.55995e-12 3.53763e-12 1.90363e-12 1.02223e-12 5.47829e-13 2.93021e-13 1.56438e-13 8.33685e-14 4.43512e-14 2.35547e-14 1.24894e-14 6.61183e-15 3.49492e-15 1.84464e-15 9.72213e-16 5.1169e-16 2.68947e-16 1.41174e-16 7.401e-17 3.87515e-17 2.02658e-17 1.05859e-17 5.5233e-18 2.87864e-18 1.49867e-18 7.79414e-19 4.04934e-19 2.10167e-19 1.08974e-19 5.64503e-20 2.9215e-20 1.51061e-20 7.80393e-21 4.02809e-21 2.07739e-21 1.07047e-21 5.51169e-22 2.83563e-22 1.45774e-22 7.48825e-23 3.84379e-23 1.97163e-23 1.0106e-23 5.1765e-24 2.64969e-24 1.35539e-24 6.92868e-25 3.53963e-25 1.80714e-25 9.22061e-26 4.7018e-26 2.39614e-26 1.22041e-26 6.21231e-27 3.1605e-27 1.60702e-27 8.16677e-28 4.1481e-28 2.10583e-28 1.0685e-28
0.000571627 0.000881506 0.000995529 0.000961345 0.000841187 0.000686709 0.000532071 0.000395642 0.000284514 0.000198971 0.000135887 9.0925e-05 5.97616e-05 3.86635e-05 2.46642e-05 1.5536e-05 9.6749e-06 5.9626e-06 3.63993e-06 2.2027e-06 1.32226e-06 7.87835e-07 4.66166e-07 2.74055e-07 1.60143e-07 9.30505e-08 5.37796e-08 3.09271e-08 1.77013e-08 1.00863e-08 5.72292e-09 3.23414e-09 1.82072e-09 1.02129e-09 5.70888e-10 3.18067e-10 1.76651e-10 9.78142e-11 5.40048e-11 2.97345e-11 1.6328e-11 8.9433e-12 4.88648e-12 2.6636e-12 1.44862e-12 7.86117e-13 4.25699e-13 2.30055e-13 1.24081e-13 6.67962e-14 3.58921e-14 1.92518e-14 1.03085e-14 5.51053e-15 2.94095e-15 1.56711e-15 8.33774e-16 4.4295e-16 2.34983e-16 1.24484e-16 6.58564e-17 3.47944e-17 1.83596e-17 9.67548e-18 5.09276e-18 2.67743e-18 1.40599e-18 7.37488e-19 3.86412e-19 2.02246e-19 1.05744e-19 5.52316e-20 2.88194e-20 1.50231e-20 7.82387e-21 4.07079e-21 2.11612e-21 1.09905e-21 5.70313e-22 2.95693e-22 1.53182e-22 7.929e-23 4.10094e-23 2.11938e-23 1.09446e-23 5.64764e-24 2.91215e-24 1.50054e-24 7.72632e-25 3.97556e-25 2.04422e-25 1.05043e-25 5.39416e-26 2.76822e-26 1.41972e-26 7.27674e-27 3.7274e-27 1.90817e-27 9.76276e-28 4.99204e-28 2.55116e-28
0.000273439 0.00045803 0.000549675 0.000558324 0.000510631 0.000433773 0.000348559 0.000268084 0.000198971 0.00014335 0.000100701 6.92141e-05 4.66737e-05 3.09477e-05 2.02143e-05 1.30263e-05 8.29241e-06 5.22048e-06 3.25329e-06 2.00851e-06 1.22936e-06 7.46475e-07 4.49907e-07 2.69291e-07 1.60143e-07 9.46577e-08 5.5632e-08 3.25205e-08 1.89141e-08 1.09479e-08 6.30812e-09 3.61905e-09 2.0678e-09 1.17686e-09 6.67308e-10 3.77037e-10 2.12309e-10 1.19163e-10 6.66747e-11 3.71951e-11 2.06904e-11 1.14777e-11 6.35028e-12 3.50449e-12 1.92926e-12 1.05958e-12 5.80606e-13 3.1745e-13 1.73199e-13 9.43022e-14 5.1243e-14 2.77915e-14 1.50445e-14 8.12944e-15 4.38512e-15 2.36138e-15 1.2695e-15 6.81402e-16 3.65173e-16 1.95406e-16 1.04409e-16 5.57077e-17 2.96817e-17 1.57933e-17 8.39238e-18 4.45387e-18 2.36073e-18 1.24975e-18 6.60817e-19 3.49008e-19 1.84117e-19 9.70227e-20 5.10718e-20 2.68553e-20 1.41068e-20 7.40268e-21 3.88079e-21 2.0325e-21 1.06348e-21 5.55941e-22 2.90358e-22 1.51514e-22 7.89941e-23 4.11498e-23 2.14179e-23 1.11387e-23 5.78817e-24 3.00544e-24 1.55934e-24 8.08435e-25 4.18821e-25 2.16818e-25 1.12164e-25 5.79837e-26 2.99544e-26 1.5464e-26 7.97804e-27 4.11327e-27 2.11934e-27 1.09129e-27 5.61581e-28
0.0001308 0.000236492 0.000300392 0.000319954 0.000305069 0.000269063 0.000223775 0.000177695 0.000135887 0.000100701 7.26575e-05 5.12273e-05 3.53959e-05 2.40245e-05 1.60487e-05 1.05684e-05 6.86997e-06 4.41346e-06 2.80491e-06 1.76502e-06 1.10053e-06 6.80412e-07 4.17362e-07 2.54131e-07 1.53678e-07 9.23339e-08 5.51409e-08 3.27418e-08 1.93369e-08 1.13619e-08 6.64374e-09 3.86703e-09 2.24102e-09 1.29332e-09 7.43436e-10 4.25732e-10 2.42916e-10 1.38125e-10 7.82787e-11 4.42216e-11 2.49056e-11 1.39857e-11 7.83146e-12 4.37342e-12 2.43591e-12 1.35333e-12 7.50045e-13 4.14714e-13 2.28782e-13 1.25933e-13 6.91725e-14 3.79168e-14 2.07426e-14 1.13254e-14 6.17208e-15 3.35751e-15 1.82321e-15 9.88345e-16 5.34881e-16 2.89002e-16 1.55905e-16 8.39757e-17 4.51645e-17 2.42555e-17 1.30079e-17 6.96633e-18 3.72577e-18 1.99003e-18 1.06156e-18 5.65572e-19 3.00954e-19 1.59954e-19 8.49152e-20 4.50279e-20 2.38503e-20 1.26193e-20 6.66982e-21 3.52161e-21 1.85749e-21 9.78768e-22 5.1524e-22 2.70972e-22 1.42375e-22 7.47384e-23 3.91981e-23 2.05401e-23 1.07539e-23 5.62554e-24 2.94036e-24 1.53562e-24 8.01346e-25 4.17846e-25 2.1771e-25 1.13347e-25 5.8969e-26 3.06563e-26 1.5926e-26 8.26772e-27 4.2891e-27 2.22358e-27 1.15199e-27
6.25688e-05 0.000121446 0.000162715 0.000181257 0.000179774 0.0001643 0.000141183 0.000115565 9.0925e-05 6.92141e-05 5.12273e-05 3.70053e-05 2.61698e-05 1.81626e-05 1.23958e-05 8.33352e-06 5.52656e-06 3.61981e-06 2.34411e-06 1.5022e-06 9.53415e-07 5.9972e-07 3.74109e-07 2.31566e-07 1.42296e-07 8.68458e-08 5.26648e-08 3.17443e-08 1.90254e-08 1.13411e-08 6.72592e-09 3.96952e-09 2.33193e-09 1.3639e-09 7.94373e-10 4.60813e-10 2.66293e-10 1.53321e-10 8.7966e-11 5.02994e-11 2.86684e-11 1.62889e-11 9.22739e-12 5.21211e-12 2.93589e-12 1.64931e-12 9.24147e-13 5.16529e-13 2.88004e-13 1.6021e-13 8.89195e-14 4.92441e-14 2.72139e-14 1.50084e-14 8.2606e-15 4.53783e-15 2.48811e-15 1.36175e-15 7.43968e-16 4.05753e-16 2.20923e-16 1.20091e-16 6.51765e-17 3.53181e-17 1.91095e-17 1.03243e-17 5.56996e-18 3.00079e-18 1.61445e-18 8.67433e-19 4.6546e-19 2.49446e-19 1.33516e-19 7.13775e-20 3.81132e-20 2.03276e-20 1.08294e-20 5.76288e-21 3.0634e-21 1.6267e-21 8.62893e-22 4.57262e-22 2.42069e-22 1.28023e-22 6.76427e-23 3.57064e-23 1.88309e-23 9.92207e-24 5.22335e-24 2.74738e-24 1.44383e-24 7.58145e-25 3.97768e-25 2.08524e-25 1.09229e-25 5.71721e-26 2.99018e-26 1.56273e-26 8.16109e-27 4.25891e-27 2.22095e-27
2.99299e-05 6.20739e-05 8.74636e-05 0.00010166 0.000104678 9.89651e-05 8.77308e-05 7.39215e-05 5.97616e-05 4.66737e-05 3.53959e-05 2.61698e-05 1.89229e-05 1.34163e-05 9.34656e-06 6.40933e-06 4.33274e-06 2.89105e-06 1.9062e-06 1.24314e-06 8.02539e-07 5.13256e-07 3.2539e-07 2.04613e-07 1.27686e-07 7.91126e-08 4.86878e-08 2.97739e-08 1.80986e-08 1.09393e-08 6.57647e-09 3.93348e-09 2.34125e-09 1.3871e-09 8.18174e-10 4.80564e-10 2.81128e-10 1.63824e-10 9.51134e-11 5.50252e-11 3.17248e-11 1.8231e-11 1.04436e-11 5.96446e-12 3.39639e-12 1.92857e-12 1.09211e-12 6.16814e-13 3.47484e-13 1.95274e-13 1.09475e-13 6.12331e-14 3.41729e-14 1.90299e-14 1.05748e-14 5.86441e-15 3.24573e-15 1.79293e-15 9.88548e-16 5.44053e-16 2.98892e-16 1.63922e-16 8.97487e-17 4.90579e-17 2.6773e-17 1.45884e-17 7.93707e-18 4.31191e-18 2.33911e-18 1.26713e-18 6.85475e-19 3.70321e-19 1.99799e-19 1.07659e-19 5.7938e-20 3.11416e-20 1.67185e-20 8.96485e-21 4.80163e-21 2.56889e-21 1.37285e-21 7.32873e-22 3.90819e-22 2.08196e-22 1.10797e-22 5.89046e-23 3.12857e-23 1.66007e-23 8.80032e-24 4.66089e-24 2.4663e-24 1.30388e-24 6.8873e-25 3.63487e-25 1.91674e-25 1.0099e-25 5.31665e-26 2.79675e-26 1.47003e-26 7.72086e-27 4.05205e-27
1.43171e-05 3.15969e-05 4.66974e-05 5.65168e-05 6.03122e-05 5.88963e-05 5.37889e-05 4.65961e-05 3.86635e-05 3.09477e-05 2.40245e-05 1.81626e-05 1.34163e-05 9.70908e-06 6.89874e-06 4.82175e-06 3.32016e-06 2.25531e-06 1.51303e-06 1.00348e-06 6.5853e-07 4.27935e-07 2.75557e-07 1.75931e-07 1.11431e-07 7.00513e-08 4.37285e-08 2.71161e-08 1.67095e-08 1.02357e-08 6.2348e-09 3.77749e-09 2.27704e-09 1.36594e-09 8.15607e-10 4.84852e-10 2.87012e-10 1.69212e-10 9.93744e-11 5.81433e-11 3.38976e-11 1.96945e-11 1.14046e-11 6.58308e-12 3.78828e-12 2.17353e-12 1.2435e-12 7.09453e-13 4.03681e-13 2.29102e-13 1.29697e-13 7.3245e-14 4.1267e-14 2.31973e-14 1.3011e-14 7.28195e-15 4.06705e-15 2.26689e-15 1.26103e-15 7.00142e-16 3.88005e-16 2.14634e-16 1.1852e-16 6.53334e-17 3.59542e-17 1.97539e-17 1.08358e-17 5.93462e-18 3.24537e-18 1.77211e-18 9.66242e-19 5.26097e-19 2.86052e-19 1.55323e-19 8.42269e-20 4.56146e-20 2.46721e-20 1.33282e-20 7.19131e-21 3.87551e-21 2.08615e-21 1.12167e-21 6.02422e-22 3.23192e-22 1.73202e-22 9.27236e-23 4.95883e-23 2.64928e-23 1.41399e-23 7.53944e-24 4.01622e-24 2.13741e-24 1.13647e-24 6.03721e-25 3.20425e-25 1.69917e-25 9.00278e-26 4.76594e-26 2.52093e-26 1.33235e-26 7.03604e-27
6.84861e-06 1.60251e-05 2.47832e-05 3.11749e-05 3.44257e-05 3.46763e-05 3.2587e-05 2.89907e-05 2.46642e-05 2.02143e-05 1.60487e-05 1.23958e-05 9.34656e-06 6.89874e-06 4.99597e-06 3.55656e-06 2.49286e-06 1.72276e-06 1.17524e-06 7.9222e-07 5.28179e-07 3.4856e-07 2.27847e-07 1.47622e-07 9.48522e-08 6.04719e-08 3.8271e-08 2.40535e-08 1.50191e-08 9.32e-09 5.74959e-09 3.52722e-09 2.15238e-09 1.3068e-09 7.89583e-10 4.74878e-10 2.84347e-10 1.69542e-10 1.00681e-10 5.95557e-11 3.50975e-11 2.06094e-11 1.20602e-11 7.03383e-12 4.08916e-12 2.36989e-12 1.36938e-12 7.88968e-13 4.53294e-13 2.59732e-13 1.48433e-13 8.46123e-14 4.81135e-14 2.72938e-14 1.54473e-14 8.723e-15 4.91506e-15 2.76357e-15 1.55065e-15 8.68331e-16 4.85297e-16 2.7071e-16 1.50728e-16 8.37723e-17 4.64774e-17 2.57417e-17 1.42333e-17 7.85714e-18 4.33042e-18 2.38298e-18 1.30933e-18 7.18343e-19 3.93535e-19 2.15288e-19 1.17612e-19 6.41642e-20 3.49589e-20 1.9022e-20 1.03372e-20 5.61057e-21 3.04145e-21 1.64678e-21 8.90592e-22 4.81088e-22 2.59585e-22 1.39912e-22 7.53286e-23 4.05138e-23 2.17667e-23 1.16825e-23 6.26392e-24 3.35526e-24 1.7955e-24 9.59909e-25 5.12707e-25 2.73596e-25 1.45868e-25 7.77001e-26 4.13529e-26 2.19897e-26 1.16833e-26
3.27605e-06 8.10127e-06 1.30828e-05 1.70762e-05 1.94855e-05 2.02208e-05 1.95317e-05 1.78269e-05 1.5536e-05 1.30263e-05 1.05684e-05 8.33352e-06 6.40933e-06 4.82175e-06 3.55656e-06 2.57716e-06 1.83766e-06 1.29128e-06 8.95237e-07 6.13032e-07 4.15015e-07 2.77995e-07 1.84383e-07 1.21172e-07 7.89462e-08 5.10199e-08 3.27217e-08 2.08356e-08 1.31772e-08 8.28019e-09 5.17138e-09 3.21107e-09 1.98287e-09 1.21802e-09 7.44437e-10 4.52811e-10 2.74165e-10 1.6527e-10 9.92071e-11 5.93106e-11 3.53208e-11 2.09557e-11 1.23883e-11 7.29808e-12 4.28502e-12 2.5078e-12 1.46312e-12 8.51048e-13 4.93586e-13 2.8546e-13 1.64642e-13 9.47082e-14 5.43399e-14 3.11006e-14 1.7757e-14 1.01146e-14 5.74831e-15 3.25964e-15 1.84443e-15 1.04146e-15 5.86869e-16 3.30046e-16 1.85254e-16 1.03787e-16 5.80389e-17 3.23979e-17 1.80532e-17 1.00427e-17 5.57732e-18 3.09237e-18 1.71186e-18 9.46173e-19 5.22172e-19 2.87748e-19 1.58336e-19 8.70022e-20 4.77395e-20 2.61598e-20 1.43157e-20 7.82392e-21 4.27053e-21 2.32806e-21 1.26758e-21 6.8934e-22 3.74438e-22 2.03153e-22 1.10097e-22 5.95995e-23 3.22283e-23 1.74087e-23 9.3937e-24 5.0636e-24 2.72673e-24 1.46687e-24 7.88344e-25 4.23275e-25 2.27048e-25 1.21678e-25 6.51488e-26 3.48508e-26 1.86267e-26
1.56711e-06 4.08364e-06 6.87314e-06 9.29477e-06 1.09459e-05 1.16893e-05 1.15939e-05 1.08466e-05 9.6749e-06 8.29241e-06 6.86997e-06 5.52656e-06 4.33274e-06 3.32016e-06 2.49286e-06 1.83766e-06 1.33232e-06 9.51393e-07 6.70001e-07 4.65835e-07 3.20075e-07 2.17521e-07 1.46323e-07 9.74938e-08 6.43811e-08 4.21593e-08 2.73902e-08 1.76628e-08 1.131e-08 7.19396e-09 4.54698e-09 2.85669e-09 1.7845e-09 1.10866e-09 6.85199e-10 4.21378e-10 2.57903e-10 1.5713e-10 9.53142e-11 5.75746e-11 3.46378e-11 2.07578e-11 1.23933e-11 7.37268e-12 4.37073e-12 2.58242e-12 1.52086e-12 8.9288e-13 5.22614e-13 3.04996e-13 1.7749e-13 1.03005e-13 5.96193e-14 3.44183e-14 1.98199e-14 1.13855e-14 6.52493e-15 3.73076e-15 2.12836e-15 1.21157e-15 6.88221e-16 3.90131e-16 2.20708e-16 1.24616e-16 7.02264e-17 3.95017e-17 2.21789e-17 1.24306e-17 6.95494e-18 3.8847e-18 2.16622e-18 1.206e-18 6.70351e-19 3.72038e-19 2.06166e-19 1.14078e-19 6.30317e-20 3.47777e-20 1.9162e-20 1.05436e-20 5.79374e-21 3.17953e-21 1.74265e-21 9.53927e-22 5.21537e-22 2.84795e-22 1.55333e-22 8.4624e-23 4.60498e-23 2.50309e-23 1.35909e-23 7.37146e-24 3.99391e-24 2.16168e-24 1.1688e-24 6.31328e-25 3.40675e-25 1.83656e-25 9.89133e-26 5.32228e-26 2.86115e-26
7.4963e-07 2.0531e-06 3.59521e-06 5.03041e-06 6.10665e-06 6.70433e-06 6.82173e-06 6.5362e-06 5.9626e-06 5.22048e-06 4.41346e-06 3.61981e-06 2.89105e-06 2.25531e-06 1.72276e-06 1.29128e-06 9.51393e-07 6.90084e-07 4.93415e-07 3.48166e-07 2.42691e-07 1.67263e-07 1.14067e-07 7.70257e-08 5.15348e-08 3.41821e-08 2.24879e-08 1.46809e-08 9.51466e-09 6.12402e-09 3.91595e-09 2.48848e-09 1.57202e-09 9.87484e-10 6.16964e-10 3.83488e-10 2.37193e-10 1.46016e-10 8.94806e-11 5.45969e-11 3.31734e-11 2.00754e-11 1.2102e-11 7.2682e-12 4.34943e-12 2.59376e-12 1.54158e-12 9.13262e-13 5.39337e-13 3.17545e-13 1.86412e-13 1.09119e-13 6.36984e-14 3.70844e-14 2.15339e-14 1.24725e-14 7.20642e-15 4.15381e-15 2.38872e-15 1.37057e-15 7.84657e-16 4.48258e-16 2.55546e-16 1.45387e-16 8.25509e-17 4.67817e-17 2.64612e-17 1.49397e-17 8.41963e-18 4.73674e-18 2.66024e-18 1.49153e-18 8.34893e-19 4.66586e-19 2.60346e-19 1.45045e-19 8.06867e-20 4.48189e-20 2.48596e-20 1.37694e-20 7.61609e-21 4.2069e-21 2.32068e-21 1.2785e-21 7.0345e-22 3.86564e-22 2.12165e-22 1.16307e-22 6.36824e-23 3.48281e-23 1.90259e-23 1.03818e-23 5.65878e-24 3.08108e-24 1.6758e-24 9.10517e-25 4.94206e-25 2.67972e-25 1.45158e-25 7.85539e-26 4.24696e-26
3.58588e-07 1.02979e-06 1.87317e-06 2.70836e-06 3.38558e-06 3.81762e-06 3.98171e-06 3.90421e-06 3.63993e-06 3.25329e-06 2.80491e-06 2.34411e-06 1.9062e-06 1.51303e-06 1.17524e-06 8.95237e-07 6.70001e-07 4.93415e-07 3.5804e-07 2.56296e-07 1.81169e-07 1.26577e-07 8.74782e-08 5.98453e-08 4.05531e-08 2.72354e-08 1.81379e-08 1.19836e-08 7.85824e-09 5.11648e-09 3.3089e-09 2.12622e-09 1.35793e-09 8.62212e-10 5.4442e-10 3.41935e-10 2.13669e-10 1.32868e-10 8.22372e-11 5.06714e-11 3.10871e-11 1.8993e-11 1.15576e-11 7.00593e-12 4.23105e-12 2.54607e-12 1.52681e-12 9.12522e-13 5.43616e-13 3.22832e-13 1.91135e-13 1.12829e-13 6.64142e-14 3.89849e-14 2.28224e-14 1.33257e-14 7.76093e-15 4.50884e-15 2.61319e-15 1.51099e-15 8.71689e-16 5.01763e-16 2.88202e-16 1.65188e-16 9.44864e-17 5.39373e-17 3.07298e-17 1.74743e-17 9.91817e-18 5.61916e-18 3.17789e-18 1.79412e-18 1.01117e-18 5.68952e-19 3.1961e-19 1.79256e-19 1.0038e-19 5.61257e-20 3.13348e-20 1.74685e-20 9.72437e-21 5.40576e-21 3.00092e-21 1.66366e-21 9.21085e-22 5.09296e-22 2.81247e-22 1.55118e-22 8.5448e-23 4.70131e-23 2.58358e-23 1.41814e-23 7.77537e-24 4.2583e-24 2.32955e-24 1.27303e-24 6.94928e-25 3.78956e-25 2.06438e-25 1.12344e-25 6.10773e-26
1.71531e-07 5.15409e-07 9.72449e-07 1.45125e-06 1.86625e-06 2.15954e-06 2.30695e-06 2.31329e-06 2.2027e-06 2.00851e-06 1.76502e-06 1.5022e-06 1.24314e-06 1.00348e-06 7.9222e-07 6.13032e-07 4.65835e-07 3.48166e-07 2.56296e-07 1.86046e-07 1.33314e-07 9.43877e-08 6.60835e-08 4.57856e-08 3.1413e-08 2.13546e-08 1.43916e-08 9.62001e-09 6.38089e-09 4.2015e-09 2.7473e-09 1.78458e-09 1.15194e-09 7.39125e-10 4.71536e-10 2.9918e-10 1.8883e-10 1.18584e-10 7.41113e-11 4.61032e-11 2.85525e-11 1.76074e-11 1.08132e-11 6.61435e-12 4.03044e-12 2.44686e-12 1.48016e-12 8.92295e-13 5.36109e-13 3.21063e-13 1.91674e-13 1.14082e-13 6.76995e-14 4.00601e-14 2.36391e-14 1.39116e-14 8.1655e-15 4.78058e-15 2.7919e-15 1.62656e-15 9.45404e-16 5.4824e-16 3.17215e-16 1.83143e-16 1.05513e-16 6.0663e-17 3.48067e-17 1.99317e-17 1.13918e-17 6.49858e-18 3.70039e-18 2.10328e-18 1.19339e-18 6.75959e-19 3.82233e-19 2.15785e-19 1.21623e-19 6.84421e-20 3.84557e-20 2.15745e-20 1.20858e-20 6.76053e-21 3.7763e-21 2.10642e-21 1.17335e-21 6.52723e-22 3.62623e-22 2.01196e-22 1.11489e-22 6.17027e-23 3.4107e-23 1.88304e-23 1.0384e-23 5.71955e-24 3.14677e-24 1.72934e-24 9.49334e-25 5.20578e-25 2.85161e-25 1.56041e-25 8.5298e-26
8.20525e-08 2.57458e-07 5.03176e-07 7.7424e-07 1.02332e-06 1.2142e-06 1.32756e-06 1.36047e-06 1.32226e-06 1.22936e-06 1.10053e-06 9.53415e-07 8.02539e-07 6.5853e-07 5.28179e-07 4.15015e-07 3.20075e-07 2.42691e-07 1.81169e-07 1.33314e-07 9.68048e-08 6.94319e-08 4.92299e-08 3.45329e-08 2.39809e-08 1.64965e-08 1.12473e-08 7.6042e-09 5.10043e-09 3.39538e-09 2.24421e-09 1.47329e-09 9.60945e-10 6.22914e-10 4.01419e-10 2.57228e-10 1.63944e-10 1.0395e-10 6.55843e-11 4.11817e-11 2.57406e-11 1.60183e-11 9.92593e-12 6.12557e-12 3.76536e-12 2.30574e-12 1.40674e-12 8.55203e-13 5.18117e-13 3.1285e-13 1.88296e-13 1.12976e-13 6.75784e-14 4.03042e-14 2.39689e-14 1.42147e-14 8.40721e-15 4.95935e-15 2.918e-15 1.71264e-15 1.00275e-15 5.85724e-16 3.41346e-16 1.98482e-16 1.15159e-16 6.66724e-17 3.85203e-17 2.22101e-17 1.27805e-17 7.34011e-18 4.20759e-18 2.40746e-18 1.37498e-18 7.83906e-19 4.46147e-19 2.53486e-19 1.43783e-19 8.14246e-20 4.60374e-20 2.59888e-20 1.46487e-20 8.24439e-21 4.63318e-21 2.60001e-21 1.45698e-21 8.15327e-22 4.55636e-22 2.54286e-22 1.41729e-22 7.88924e-23 4.38593e-23 2.43528e-23 1.35053e-23 7.48068e-24 4.13871e-24 2.28711e-24 1.26245e-24 6.96069e-25 3.83366e-25 2.10914e-25 1.15913e-25
3.925e-08 1.28375e-07 2.59568e-07 4.11392e-07 5.5838e-07 6.78849e-07 7.59168e-07 7.94598e-07 7.87835e-07 7.46475e-07 6.80412e-07 5.9972e-07 5.13256e-07 4.27935e-07 3.4856e-07 2.77995e-07 2.17521e-07 1.67263e-07 1.26577e-07 9.43877e-08 6.94319e-08 5.04322e-08 3.62024e-08 2.57029e-08 1.8061e-08 1.25686e-08 8.66694e-09 5.92512e-09 4.01777e-09 2.70343e-09 1.80575e-09 1.19776e-09 7.89211e-10 5.16731e-10 3.36284e-10 2.17588e-10 1.40008e-10 8.96122e-11 5.70645e-11 3.61608e-11 2.28068e-11 1.43194e-11 8.95133e-12 5.57216e-12 3.45459e-12 2.13337e-12 1.31248e-12 8.04501e-13 4.91385e-13 2.99107e-13 1.81463e-13 1.09736e-13 6.61535e-14 3.97593e-14 2.38257e-14 1.42367e-14 8.48328e-15 5.04131e-15 2.988e-15 1.76646e-15 1.04171e-15 6.12816e-16 3.59655e-16 2.10591e-16 1.23031e-16 7.1719e-17 4.1718e-17 2.4216e-17 1.40279e-17 8.10992e-18 4.67941e-18 2.69486e-18 1.54907e-18 8.88818e-19 5.09071e-19 2.91061e-19 1.66129e-19 9.46627e-20 5.38516e-20 3.05858e-20 1.73443e-20 9.82022e-21 5.55173e-21 3.13393e-21 1.76651e-21 9.94314e-22 5.58883e-22 3.13704e-22 1.75845e-22 9.84386e-23 5.50344e-23 3.07288e-23 1.71361e-23 9.5442e-24 5.30933e-24 2.95e-24 1.63717e-24 9.07535e-25 5.02504e-25 2.77928e-25 1.53549e-25
1.87754e-08 6.39048e-08 1.33524e-07 2.17778e-07 3.03309e-07 3.77565e-07 4.31603e-07 4.6113e-07 4.66166e-07 4.49907e-07 4.17362e-07 3.74109e-07 3.2539e-07 2.75557e-07 2.27847e-07 1.84383e-07 1.46323e-07 1.14067e-07 8.74782e-08 6.60835e-08 4.92299e-08 3.62024e-08 2.63028e-08 1.88959e-08 1.34319e-08 9.45347e-09 6.59141e-09 4.5554e-09 3.12208e-09 2.12285e-09 1.43261e-09 9.59904e-10 6.38806e-10 4.22364e-10 2.7753e-10 1.81281e-10 1.17741e-10 7.60564e-11 4.88734e-11 3.12484e-11 1.98831e-11 1.25928e-11 7.93992e-12 4.98464e-12 3.11632e-12 1.94045e-12 1.20358e-12 7.4373e-13 4.57905e-13 2.80934e-13 1.71772e-13 1.0468e-13 6.35883e-14 3.8507e-14 2.32482e-14 1.39946e-14 8.40024e-15 5.02823e-15 3.00168e-15 1.78719e-15 1.06136e-15 6.28742e-16 3.71556e-16 2.19051e-16 1.28843e-16 7.56127e-17 4.42763e-17 2.5871e-17 1.50849e-17 8.77768e-18 5.09735e-18 2.95432e-18 1.70897e-18 9.8673e-19 5.68674e-19 3.2715e-19 1.87874e-19 1.07705e-19 6.16413e-20 3.52199e-20 2.0091e-20 1.14426e-20 6.50681e-21 3.69444e-21 2.09449e-21 1.18568e-21 6.70241e-22 3.78337e-22 2.13266e-22 1.20052e-22 6.74895e-23 3.78905e-23 2.12452e-23 1.18971e-23 6.65387e-24 3.71685e-24 2.07372e-24 1.15561e-24 6.43224e-25 3.57614e-25 1.98598e-25
8.98124e-09 3.17633e-08 6.85078e-08 1.14885e-07 1.64064e-07 2.08978e-07 2.44044e-07 2.66015e-07 2.74055e-07 2.69291e-07 2.54131e-07 2.31566e-07 2.04613e-07 1.75931e-07 1.47622e-07 1.21172e-07 9.74938e-08 7.70257e-08 5.98453e-08 4.57856e-08 3.45329e-08 2.57029e-08 1.88959e-08 1.37321e-08 9.87211e-09 7.02528e-09 4.95172e-09 3.45876e-09 2.39534e-09 1.64547e-09 1.12168e-09 7.59042e-10 5.10073e-10 3.40493e-10 2.25852e-10 1.48901e-10 9.75984e-11 6.36156e-11 4.12437e-11 2.66022e-11 1.70736e-11 1.0906e-11 6.93448e-12 4.38975e-12 2.76701e-12 1.73696e-12 1.08602e-12 6.76417e-13 4.1973e-13 2.59512e-13 1.59891e-13 9.81786e-14 6.0087e-14 3.66569e-14 2.22938e-14 1.35177e-14 8.17238e-15 4.9267e-15 2.96182e-15 1.77578e-15 1.06188e-15 6.33361e-16 3.76827e-16 2.23653e-16 1.32427e-16 7.82294e-17 4.61085e-17 2.71165e-17 1.59129e-17 9.31852e-18 5.44566e-18 3.17599e-18 1.84864e-18 1.07396e-18 6.22734e-19 3.60426e-19 2.0823e-19 1.20089e-19 6.91365e-20 3.97351e-20 2.27991e-20 1.30602e-20 7.46946e-21 4.26526e-21 2.43182e-21 1.3844e-21 7.86951e-22 4.46684e-22 2.53182e-22 1.43303e-22 8.09985e-23 4.57206e-23 2.57732e-23 1.45096e-23 8.15803e-24 4.58106e-24 2.56925e-24 1.43919e-24 8.05202e-25 4.49965e-25 2.51159e-25
4.2962e-09 1.57653e-08 3.50645e-08 6.04103e-08 8.8397e-08 1.15144e-07 1.37292e-07 1.52603e-07 1.60143e-07 1.60143e-07 1.53678e-07 1.42296e-07 1.27686e-07 1.11431e-07 9.48522e-08 7.89462e-08 6.43811e-08 5.15348e-08 4.05531e-08 3.1413e-08 2.39809e-08 1.8061e-08 1.34319e-08 9.87211e-09 7.17593e-09 5.16216e-09 3.67732e-09 2.59546e-09 1.81592e-09 1.26002e-09 8.67435e-10 5.92711e-10 4.02114e-10 2.70956e-10 1.81395e-10 1.20684e-10 7.9815e-11 5.24857e-11 3.43254e-11 2.23308e-11 1.44541e-11 9.31026e-12 5.96887e-12 3.80939e-12 2.42058e-12 1.53162e-12 9.65184e-13 6.05837e-13 3.78828e-13 2.36006e-13 1.46503e-13 9.06276e-14 5.58741e-14 3.43352e-14 2.10323e-14 1.28438e-14 7.81982e-15 4.74713e-15 2.87363e-15 1.73472e-15 1.04438e-15 6.2711e-16 3.75595e-16 2.24394e-16 1.33735e-16 7.95149e-17 4.71676e-17 2.79162e-17 1.64857e-17 9.71445e-18 5.71232e-18 3.35204e-18 1.96303e-18 1.14733e-18 6.6928e-19 3.89677e-19 2.26463e-19 1.31371e-19 7.60728e-20 4.39746e-20 2.53765e-20 1.46196e-20 8.40859e-21 4.8285e-21 2.76831e-21 1.58468e-21 9.05753e-22 5.16926e-22 2.94584e-22 1.67635e-22 9.52585e-23 5.40555e-23 3.06325e-23 1.73357e-23 9.7978e-24 5.53033e-24 3.1176e-24 1.75527e-24 9.87032e-25 5.5436e-25 3.10981e-25
2.0551e-09 7.81464e-09 1.79067e-08 3.16699e-08 4.74536e-08 6.31746e-08 7.68702e-08 8.70864e-08 9.30505e-08 9.46577e-08 9.23339e-08 8.68458e-08 7.91126e-08 7.00513e-08 6.04719e-08 5.10199e-08 4.21593e-08 3.41821e-08 2.72354e-08 2.13546e-08 1.64965e-08 1.25686e-08 9.45347e-09 7.02528e-09 5.16216e-09 3.7531e-09 2.70149e-09 1.92626e-09 1.36127e-09 9.53883e-10 6.63058e-10 4.57386e-10 3.13219e-10 2.13007e-10 1.43897e-10 9.65935e-11 6.44467e-11 4.27482e-11 2.81969e-11 1.8499e-11 1.20738e-11 7.84108e-12 5.06783e-12 3.26029e-12 2.08809e-12 1.33158e-12 8.45616e-13 5.34843e-13 3.36963e-13 2.11493e-13 1.32256e-13 8.24126e-14 5.11767e-14 3.16736e-14 1.95393e-14 1.20157e-14 7.36637e-15 4.50257e-15 2.74412e-15 1.6677e-15 1.01073e-15 6.10916e-16 3.68292e-16 2.21459e-16 1.32835e-16 7.94828e-17 4.74465e-17 2.82571e-17 1.67906e-17 9.95509e-18 5.88957e-18 3.47698e-18 2.04844e-18 1.20438e-18 7.06714e-19 4.13886e-19 2.41932e-19 1.41155e-19 8.22071e-20 4.77909e-20 2.77346e-20 1.60676e-20 9.29288e-21 5.36577e-21 3.09322e-21 1.78032e-21 1.02308e-21 5.87019e-22 3.36313e-22 1.92395e-22 1.09904e-22 6.26922e-23 3.57113e-23 2.03142e-23 1.154e-23 6.54691e-24 3.70935e-24 2.09894e-24 1.18618e-24 6.69521e-25 3.77437e-25
9.83062e-10 3.86887e-09 9.12529e-09 1.6556e-08 2.53868e-08 3.45235e-08 4.28481e-08 4.94543e-08 5.37796e-08 5.5632e-08 5.51409e-08 5.26648e-08 4.86878e-08 4.37285e-08 3.8271e-08 3.27217e-08 2.73902e-08 2.24879e-08 1.81379e-08 1.43916e-08 1.12473e-08 8.66694e-09 6.59141e-09 4.95172e-09 3.67732e-09 2.70149e-09 1.96446e-09 1.41481e-09 1.0097e-09 7.14381e-10 5.01305e-10 3.49045e-10 2.41229e-10 1.65536e-10 1.12826e-10 7.64024e-11 5.14168e-11 3.43965e-11 2.28791e-11 1.51347e-11 9.95896e-12 6.51992e-12 4.24756e-12 2.75412e-12 1.77763e-12 1.14232e-12 7.30935e-13 4.65779e-13 2.9563e-13 1.86912e-13 1.17733e-13 7.38894e-14 4.62099e-14 2.88006e-14 1.78905e-14 1.10775e-14 6.83751e-15 4.20752e-15 2.58144e-15 1.57922e-15 9.63376e-16 5.86079e-16 3.55593e-16 2.15187e-16 1.29889e-16 7.8207e-17 4.69749e-17 2.81485e-17 1.68283e-17 1.00378e-17 5.97417e-18 3.54794e-18 2.10259e-18 1.24346e-18 7.33891e-19 4.32282e-19 2.54132e-19 1.49116e-19 8.73328e-20 5.10549e-20 2.97934e-20 1.73555e-20 1.00927e-20 5.85928e-21 3.39594e-21 1.96503e-21 1.13523e-21 6.54816e-22 3.77125e-22 2.16867e-22 1.24525e-22 7.13981e-23 4.08784e-23 2.33716e-23 1.33438e-23 7.6082e-24 4.33213e-24 2.46348e-24 1.39905e-24 7.93529e-25 4.49519e-25
4.7025e-10 1.91321e-09 4.6411e-09 8.63207e-09 1.35377e-08 1.87959e-08 2.37838e-08 2.79545e-08 3.09271e-08 3.25205e-08 3.27418e-08 3.17443e-08 2.97739e-08 2.71161e-08 2.40535e-08 2.08356e-08 1.76628e-08 1.46809e-08 1.19836e-08 9.62001e-09 7.6042e-09 5.92512e-09 4.5554e-09 3.45876e-09 2.59546e-09 1.92626e-09 1.41481e-09 1.029e-09 7.41466e-10 5.2959e-10 3.75105e-10 2.63576e-10 1.83807e-10 1.27254e-10 8.7494e-11 5.97597e-11 4.05587e-11 2.73602e-11 1.83492e-11 1.22372e-11 8.11708e-12 5.35627e-12 3.51683e-12 2.29796e-12 1.49455e-12 9.67658e-13 6.23798e-13 4.00441e-13 2.56013e-13 1.63032e-13 1.03424e-13 6.5367e-14 4.11654e-14 2.58338e-14 1.61574e-14 1.00721e-14 6.25858e-15 3.87682e-15 2.39418e-15 1.47419e-15 9.05106e-16 5.54148e-16 3.38348e-16 2.06035e-16 1.25138e-16 7.5811e-17 4.58139e-17 2.76192e-17 1.6611e-17 9.96723e-18 5.96721e-18 3.56457e-18 2.12473e-18 1.2638e-18 7.50162e-19 4.44375e-19 2.62713e-19 1.55013e-19 9.12905e-20 5.36626e-20 3.14863e-20 1.84413e-20 1.07819e-20 6.29289e-21 3.66664e-21 2.13286e-21 1.23865e-21 7.18185e-22 4.15759e-22 2.40311e-22 1.38691e-22 7.99231e-23 4.59896e-23 2.64254e-23 1.51624e-23 8.68775e-24 4.9711e-24 2.84062e-24 1.62105e-24 9.23876e-25 5.25864e-25
2.24946e-10 9.45101e-10 2.35608e-09 4.48943e-09 7.19718e-09 1.01972e-08 1.31495e-08 1.57328e-08 1.77013e-08 1.89141e-08 1.93369e-08 1.90254e-08 1.80986e-08 1.67095e-08 1.50191e-08 1.31772e-08 1.131e-08 9.51466e-09 7.85824e-09 6.38089e-09 5.10043e-09 4.01777e-09 3.12208e-09 2.39534e-09 1.81592e-09 1.36127e-09 1.0097e-09 7.41466e-10 5.39358e-10 3.88833e-10 2.77935e-10 1.9706e-10 1.38642e-10 9.68245e-11 6.71448e-11 4.62497e-11 3.16518e-11 2.15276e-11 1.45549e-11 9.78447e-12 6.54149e-12 4.35026e-12 2.8783e-12 1.89504e-12 1.24176e-12 8.0996e-13 5.2597e-13 3.4009e-13 2.18988e-13 1.40443e-13 8.9719e-14 5.70986e-14 3.62052e-14 2.28754e-14 1.44033e-14 9.03841e-15 5.65329e-15 3.52474e-15 2.19082e-15 1.35761e-15 8.38818e-16 5.16791e-16 3.17504e-16 1.94536e-16 1.18877e-16 7.24547e-17 4.4049e-17 2.67135e-17 1.61612e-17 9.75424e-18 5.87365e-18 3.52892e-18 2.11552e-18 1.26547e-18 7.55383e-19 4.49969e-19 2.67496e-19 1.58704e-19 9.39749e-20 5.55402e-20 3.27635e-20 1.92919e-20 1.13391e-20 6.65298e-21 3.89673e-21 2.27849e-21 1.33005e-21 7.75134e-22 4.51012e-22 2.62006e-22 1.51971e-22 8.80135e-23 5.08962e-23 2.93888e-23 1.69453e-23 9.75657e-24 5.60967e-24 3.22091e-24 1.84685e-24 1.05756e-24 6.04798e-25
1.07603e-10 4.664e-10 1.194e-09 2.32942e-09 3.81535e-09 5.51387e-09 7.24294e-09 8.81798e-09 1.00863e-08 1.09479e-08 1.13619e-08 1.13411e-08 1.09393e-08 1.02357e-08 9.32e-09 8.28019e-09 7.19396e-09 6.12402e-09 5.11648e-09 4.2015e-09 3.39538e-09 2.70343e-09 2.12285e-09 1.64547e-09 1.26002e-09 9.53883e-10 7.14381e-10 5.2959e-10 3.88833e-10 2.82888e-10 2.0403e-10 1.45943e-10 1.03575e-10 7.29557e-11 5.10206e-11 3.54361e-11 2.44505e-11 1.67644e-11 1.1425e-11 7.7409e-12 5.21547e-12 3.49504e-12 2.32997e-12 1.54551e-12 1.02021e-12 6.70307e-13 4.38424e-13 2.85506e-13 1.85138e-13 1.19562e-13 7.69069e-14 4.92789e-14 3.1458e-14 2.00089e-14 1.26818e-14 8.01026e-15 5.04271e-15 3.16425e-15 1.97927e-15 1.23425e-15 7.67359e-16 4.75691e-16 2.94045e-16 1.81258e-16 1.1143e-16 6.83213e-17 4.1782e-17 2.54874e-17 1.55093e-17 9.41477e-18 5.70171e-18 3.44508e-18 2.07689e-18 1.24931e-18 7.49876e-19 4.49148e-19 2.68467e-19 1.60144e-19 9.5338e-20 5.66469e-20 3.35936e-20 1.98849e-20 1.17488e-20 6.92912e-21 4.0794e-21 2.39751e-21 1.40665e-21 8.23917e-22 4.81801e-22 2.81288e-22 1.63963e-22 9.54258e-23 5.54523e-23 3.21751e-23 1.86414e-23 1.07846e-23 6.23032e-24 3.59422e-24 2.07061e-24 1.19124e-24 6.84413e-25
5.14723e-11 2.29948e-10 6.04091e-10 1.20599e-09 2.01711e-09 2.97211e-09 3.97542e-09 4.92311e-09 5.72292e-09 6.30812e-09 6.64374e-09 6.72592e-09 6.57647e-09 6.2348e-09 5.74959e-09 5.17138e-09 4.54698e-09 3.91595e-09 3.3089e-09 2.7473e-09 2.24421e-09 1.80575e-09 1.43261e-09 1.12168e-09 8.67435e-10 6.63058e-10 5.01305e-10 3.75105e-10 2.77935e-10 2.0403e-10 1.48459e-10 1.07119e-10 7.6674e-11 5.44636e-11 3.84052e-11 2.68928e-11 1.87056e-11 1.29276e-11 8.87936e-12 6.06277e-12 4.11606e-12 2.77911e-12 1.86651e-12 1.2472e-12 8.29279e-13 5.48777e-13 3.61485e-13 2.37055e-13 1.54787e-13 1.00648e-13 6.51805e-14 4.20457e-14 2.70191e-14 1.72986e-14 1.10354e-14 7.01532e-15 4.44457e-15 2.80657e-15 1.76654e-15 1.10843e-15 6.9337e-16 4.32444e-16 2.68926e-16 1.66766e-16 1.03129e-16 6.36038e-17 3.91238e-17 2.40039e-17 1.46903e-17 8.96837e-18 5.462e-18 3.31872e-18 2.01182e-18 1.21684e-18 7.34377e-19 4.42251e-19 2.65768e-19 1.59381e-19 9.53873e-20 5.69746e-20 3.39646e-20 2.02089e-20 1.20017e-20 7.11454e-21 4.20986e-21 2.48667e-21 1.46627e-21 8.63119e-22 5.07222e-22 2.97585e-22 1.7431e-22 1.01939e-22 5.95229e-23 3.47024e-23 2.02013e-23 1.17424e-23 6.81549e-24 3.95017e-24 2.28623e-24 1.32136e-24 7.62657e-25
2.46219e-11 1.1327e-10 3.05161e-10 6.23056e-10 1.06369e-09 1.59728e-09 2.17468e-09 2.73845e-09 3.23414e-09 3.61905e-09 3.86703e-09 3.96952e-09 3.93348e-09 3.77749e-09 3.52722e-09 3.21107e-09 2.85669e-09 2.48848e-09 2.12622e-09 1.78458e-09 1.47329e-09 1.19776e-09 9.59904e-10 7.59042e-10 5.92711e-10 4.57386e-10 3.49045e-10 2.63576e-10 1.9706e-10 1.45943e-10 1.07119e-10 7.79539e-11 5.62689e-11 4.03014e-11 2.86513e-11 2.02245e-11 1.41792e-11 9.87616e-12 6.83592e-12 4.70311e-12 3.21701e-12 2.18822e-12 1.48044e-12 9.96398e-13 6.67261e-13 4.44685e-13 2.94967e-13 1.94772e-13 1.28047e-13 8.38238e-14 5.46479e-14 3.54849e-14 2.29523e-14 1.47902e-14 9.49573e-15 6.07489e-15 3.87297e-15 2.46086e-15 1.5585e-15 9.83872e-16 6.19184e-16 3.88494e-16 2.43032e-16 1.51597e-16 9.42967e-17 5.84936e-17 3.61872e-17 2.23287e-17 1.37423e-17 8.43666e-18 5.16675e-18 3.15664e-18 1.92404e-18 1.17007e-18 7.09955e-19 4.2983e-19 2.59674e-19 1.56547e-19 9.41814e-20 5.65464e-20 3.38831e-20 2.02636e-20 1.20954e-20 7.20624e-21 4.28549e-21 2.54395e-21 1.50746e-21 8.91723e-22 5.26589e-22 3.10445e-22 1.82718e-22 1.07368e-22 6.29907e-23 3.68977e-23 2.15801e-23 1.26023e-23 7.34854e-24 4.27874e-24 2.48774e-24 1.44437e-24 8.3743e-25
1.1778e-11 5.57491e-11 1.53928e-10 3.21255e-10 5.59551e-10 8.55987e-10 1.18583e-09 1.5179e-09 1.82072e-09 2.0678e-09 2.24102e-09 2.33193e-09 2.34125e-09 2.27704e-09 2.15238e-09 1.98287e-09 1.7845e-09 1.57202e-09 1.35793e-09 1.15194e-09 9.60945e-10 7.89211e-10 6.38806e-10 5.10073e-10 4.02114e-10 3.13219e-10 2.41229e-10 1.83807e-10 1.38642e-10 1.03575e-10 7.6674e-11 5.62689e-11 4.09535e-11 2.9572e-11 2.11929e-11 1.50785e-11 1.06541e-11 7.47808e-12 5.21544e-12 3.61517e-12 2.49116e-12 1.7069e-12 1.16314e-12 7.88431e-13 5.31713e-13 3.56821e-13 2.38316e-13 1.58435e-13 1.0486e-13 6.91022e-14 4.53472e-14 2.96376e-14 1.92939e-14 1.25121e-14 8.08394e-15 5.20407e-15 3.33836e-15 2.1342e-15 1.35984e-15 8.63633e-16 5.46758e-16 3.45081e-16 2.17141e-16 1.36234e-16 8.52288e-17 5.31707e-17 3.30806e-17 2.05265e-17 1.27035e-17 7.84202e-18 4.82891e-18 2.96628e-18 1.81778e-18 1.11136e-18 6.77918e-19 4.12599e-19 2.50569e-19 1.51843e-19 9.18224e-20 5.54124e-20 3.33724e-20 2.00589e-20 1.20332e-20 7.2049e-21 4.30588e-21 2.5686e-21 1.5295e-21 9.09141e-22 5.39459e-22 3.19553e-22 1.88972e-22 1.11567e-22 6.57615e-23 3.87002e-23 2.27392e-23 1.33403e-23 7.81448e-24 4.57073e-24 2.66953e-24 1.55688e-24 9.06692e-25
