0.905933 0.0431397 0.00205427 9.78224e-05 4.65821e-06 2.21819e-07 1.05628e-08 5.02992e-10 2.3952e-11 1.14057e-12 5.43129e-14 2.58633e-15 1.23159e-16 5.86469e-18 2.79271e-19 1.32986e-20 6.33268e-22 3.01556e-23 1.43598e-24 6.838e-26 3.25619e-27 1.55057e-28 7.38366e-30 3.51603e-31 1.6743e-32 7.97285e-34 3.7966e-35 1.8079e-36 8.60906e-38 4.09955e-39 1.95217e-40 9.29604e-42 4.42668e-43 2.10794e-44 1.00378e-45 4.77992e-47 2.27615e-48 1.08388e-49 5.16134e-51 2.45778e-52 1.17037e-53 5.5732e-55 2.65391e-56 1.26376e-57 6.01793e-59 2.86568e-60 1.36461e-61 6.49814e-63 3.09435e-64 1.4735e-65 7.01667e-67 3.34127e-68 1.59108e-69 7.57658e-71 3.6079e-72 1.71805e-73 8.18117e-75 3.8958e-76 1.85514e-77 8.834e-79 4.20667e-80 2.00318e-81 9.53893e-83 4.54235e-84 2.16302e-85 1.03001e-86 4.90481e-88 2.33563e-89 1.1122e-90 5.2962e-92 2.522e-93 1.20095e-94 5.71882e-96 2.72325e-97 1.29679e-98 6.17517e-100 2.94056e-101 1.40027e-102 6.66793e-104 3.1752e-105 1.512e-106 7.20001e-108 3.42858e-109 1.63266e-110 7.77455e-112 3.70217e-113 1.76294e-114 8.39493e-116 3.99759e-117 1.90361e-118 9.06483e-120 4.31658e-121 2.05552e-122 9.78817e-124 4.66103e-125 2.21954e-126 1.05692e-127 5.03297e-129 2.39665e-130 1.14126e-131 5.43459e-133
0.0431397 0.0030478 0.000192444 1.14169e-05 6.50944e-07 3.61059e-08 1.9626e-09 1.05041e-10 5.55359e-12 2.90725e-13 1.50949e-14 7.78369e-16 3.99016e-17 2.03514e-18 1.03343e-19 5.22739e-21 2.63508e-22 1.32425e-23 6.63666e-25 3.3178e-26 1.6549e-27 8.23756e-29 4.0927e-30 2.02988e-31 1.00517e-32 4.97014e-34 2.45417e-35 1.21029e-36 5.96156e-38 2.93325e-39 1.44175e-40 7.07955e-42 3.47316e-43 1.70243e-44 8.33801e-46 4.08056e-47 1.99555e-48 9.75223e-50 4.76279e-51 2.3246e-52 1.13391e-53 5.5279e-55 2.69346e-56 1.3117e-57 6.3848e-59 3.10638e-60 1.51066e-61 7.34326e-63 3.56805e-64 1.73301e-65 8.41402e-67 4.08363e-68 1.98123e-69 9.60891e-71 4.65877e-72 2.25803e-73 1.09409e-74 5.29969e-76 2.56639e-77 1.24243e-78 6.01323e-80 2.90958e-81 1.40748e-82 6.80691e-84 3.2912e-85 1.59096e-86 7.68896e-88 3.7152e-89 1.79476e-90 8.66844e-92 4.18591e-93 2.02095e-94 9.75528e-96 4.70809e-97 2.27181e-98 1.09604e-99 5.28695e-101 2.54984e-102 1.22957e-103 5.92821e-105 2.85778e-106 1.37743e-107 6.63815e-109 3.19863e-110 1.54106e-111 7.42364e-113 3.57567e-114 1.72203e-115 8.29223e-117 3.99252e-118 1.92208e-119 9.25216e-121 4.45313e-122 2.14308e-123 1.03125e-124 4.96183e-126 2.38712e-127 1.14831e-128 5.52336e-130 2.65645e-131 1.27749e-132
0.00205427 0.000192444 1.47594e-05 1.02116e-06 6.62563e-08 4.11221e-09 2.47001e-10 1.4466e-11 8.30321e-13 4.68805e-14 2.61081e-15 1.43715e-16 7.83227e-18 4.23157e-19 2.26885e-20 1.20833e-21 6.39667e-23 3.36809e-24 1.76483e-25 9.20679e-27 4.78376e-28 2.47648e-29 1.27771e-30 6.57175e-32 3.37038e-33 1.72392e-34 8.79587e-36 4.47748e-37 2.27431e-38 1.15288e-39 5.833e-41 2.94593e-42 1.48532e-43 7.47696e-45 3.75817e-46 1.88629e-47 9.45481e-49 4.73303e-50 2.36644e-51 1.1818e-52 5.8954e-54 2.9378e-55 1.46249e-56 7.27348e-58 3.61401e-59 1.79412e-60 8.89909e-62 4.41046e-63 2.18415e-64 1.08082e-65 5.34449e-67 2.64094e-68 1.30412e-69 6.43568e-71 3.17395e-72 1.56438e-73 7.70604e-75 3.7938e-76 1.86673e-77 9.18032e-79 4.51245e-80 2.21693e-81 1.08864e-82 5.34332e-84 2.62146e-85 1.28554e-86 6.30148e-88 3.08759e-89 1.51224e-90 7.4038e-92 3.62345e-93 1.77268e-94 8.66923e-96 4.23818e-97 2.07123e-98 1.01189e-99 4.94197e-101 2.41284e-102 1.17766e-103 5.74626e-105 2.80298e-106 1.36689e-107 6.6638e-109 3.24783e-110 1.58252e-111 7.70886e-113 3.75423e-114 1.82787e-115 8.89736e-117 4.32987e-118 2.10662e-119 1.02471e-120 4.98327e-122 2.4229e-123 1.17777e-124 5.72398e-126 2.78128e-127 1.35115e-128 6.56261e-130 3.18688e-131 1.54729e-132
9.78224e-05 1.14169e-05 1.02116e-06 7.99721e-08 5.7676e-09 3.92889e-10 2.5656e-11 1.62136e-12 9.98089e-14 6.01301e-15 3.55766e-16 2.07279e-17 1.19173e-18 6.77289e-20 3.81013e-21 2.12408e-22 1.17459e-23 6.44817e-25 3.51659e-26 1.90634e-27 1.02778e-28 5.51335e-30 2.94387e-31 1.56518e-32 8.2887e-34 4.37329e-35 2.29952e-36 1.20523e-37 6.29795e-39 3.28172e-40 1.7055e-41 8.84126e-43 4.57249e-44 2.35951e-45 1.21499e-46 6.24386e-48 3.20263e-49 1.63974e-50 8.38098e-52 4.27663e-53 2.17885e-54 1.10841e-55 5.6306e-57 2.85635e-58 1.4471e-59 7.32214e-61 3.70043e-62 1.86793e-63 9.41858e-65 4.74398e-66 2.38699e-67 1.19984e-68 6.02532e-70 3.02296e-71 1.51529e-72 7.58899e-74 3.79759e-75 1.8988e-76 9.48663e-78 4.73603e-79 2.36264e-80 1.1778e-81 5.86739e-83 2.92097e-84 1.45321e-85 7.22526e-87 3.59015e-88 1.78284e-89 8.84831e-91 4.38898e-92 2.17584e-93 1.0781e-94 5.33909e-96 2.64273e-97 1.30745e-98 6.46529e-100 3.19556e-101 1.57873e-102 7.79603e-104 3.84814e-105 1.89864e-106 9.36385e-108 4.61625e-109 2.27485e-110 1.12059e-111 5.51794e-113 2.7161e-114 1.33647e-115 6.57379e-117 3.23238e-118 1.58885e-119 7.80723e-121 3.83505e-122 1.88324e-123 9.24497e-125 4.53703e-126 2.22591e-127 1.09173e-128 5.35303e-130 2.62398e-131 1.28588e-132
4.65821e-06 6.50944e-07 6.62563e-08 5.7676e-09 4.55657e-10 3.36538e-11 2.36425e-12 1.59751e-13 1.04616e-14 6.6764e-16 4.16931e-17 2.55587e-18 1.54187e-19 9.17206e-21 5.38897e-22 3.13152e-23 1.80183e-24 1.02754e-25 5.8126e-27 3.26394e-28 1.82047e-29 1.00909e-30 5.56148e-32 3.04895e-33 1.66332e-34 9.03258e-36 4.88418e-37 2.63047e-38 1.41139e-39 7.54621e-41 4.02133e-42 2.13624e-43 1.13147e-44 5.97615e-46 3.14808e-47 1.65415e-48 8.6709e-50 4.53484e-51 2.36655e-52 1.23245e-53 6.40559e-55 3.32298e-56 1.72071e-57 8.89477e-59 4.59025e-60 2.36507e-61 1.2167e-62 6.25003e-64 3.206e-65 1.64229e-66 8.40162e-68 4.29264e-69 2.19055e-70 1.11652e-71 5.68437e-73 2.8908e-74 1.46855e-75 7.45264e-77 3.77829e-78 1.91364e-79 9.68308e-81 4.89521e-82 2.47255e-83 1.2478e-84 6.29188e-86 3.17004e-87 1.5959e-88 8.02815e-90 4.03553e-91 2.02708e-92 1.0175e-93 5.10384e-95 2.55841e-96 1.28162e-97 6.41611e-99 3.21008e-100 1.60508e-101 8.02083e-103 4.00583e-104 1.9995e-105 9.97498e-107 4.97358e-108 2.47855e-109 1.23454e-110 6.14602e-112 3.05823e-113 1.52103e-114 7.56138e-116 3.75721e-117 1.8661e-118 9.26431e-120 4.59731e-121 2.2804e-122 1.13068e-123 5.60393e-125 2.77634e-126 1.37494e-127 6.80657e-129 3.3683e-130 1.66623e-131 8.2395e-133
2.21819e-07 3.61059e-08 4.11221e-09 3.92889e-10 3.36538e-11 2.6716e-12 2.00398e-13 1.43817e-14 9.95964e-16 6.69699e-17 4.3927e-18 2.82067e-19 1.77814e-20 1.10296e-21 6.74444e-23 4.07186e-24 2.43033e-25 1.43563e-26 8.40112e-28 4.8742e-29 2.80577e-30 1.60344e-31 9.10225e-33 5.1351e-34 2.88035e-35 1.60696e-36 8.92039e-38 4.92853e-39 2.71101e-40 1.48505e-41 8.10299e-43 4.40497e-44 2.38627e-45 1.28842e-46 6.93468e-48 3.72132e-49 1.99127e-50 1.06264e-51 5.65616e-53 3.0032e-54 1.59082e-55 8.40767e-57 4.43396e-58 2.33349e-59 1.22562e-60 6.42507e-62 3.36202e-63 1.75612e-64 9.15733e-66 4.76729e-67 2.47792e-68 1.286e-69 6.66432e-71 3.44867e-72 1.78218e-73 9.19757e-75 4.74063e-76 2.44038e-77 1.25474e-78 6.44383e-80 3.30552e-81 1.69379e-82 8.66988e-84 4.4332e-85 2.26456e-86 1.15565e-87 5.89185e-89 3.00108e-90 1.52725e-91 7.76539e-93 3.94498e-94 2.00247e-95 1.01562e-96 5.14704e-98 2.60644e-99 1.3189e-100 6.66892e-102 3.36969e-103 1.70145e-104 8.58526e-106 4.3291e-107 2.18152e-108 1.09861e-109 5.52914e-111 2.78104e-112 1.39797e-113 7.02323e-115 3.52637e-116 1.7696e-117 8.87538e-119 4.44903e-120 2.22903e-121 1.11621e-122 5.58667e-124 2.79479e-125 1.39744e-126 6.98414e-128 3.48891e-129 1.74209e-130 8.6947e-132 4.3376e-133
1.05628e-08 1.9626e-09 2.47001e-10 2.5656e-11 2.36425e-12 2.00398e-13 1.59574e-14 1.21008e-15 8.82103e-17 6.22338e-18 4.27114e-19 2.86272e-20 1.87967e-21 1.2121e-22 7.69211e-24 4.81219e-25 2.97205e-26 1.81434e-27 1.09593e-28 6.55608e-30 3.88731e-31 2.28612e-32 1.33433e-33 7.73346e-35 4.45293e-36 2.54841e-37 1.45015e-38 8.20794e-40 4.62243e-41 2.59089e-42 1.44573e-43 8.03329e-45 4.44593e-46 2.45124e-47 1.34662e-48 7.37257e-50 4.02325e-51 2.1887e-52 1.18716e-53 6.42095e-55 3.46349e-56 1.86338e-57 1.00002e-58 5.35403e-60 2.85994e-61 1.52433e-62 8.10736e-64 4.30324e-65 2.27961e-66 1.20532e-67 6.36139e-69 3.35148e-70 1.76272e-71 9.2558e-73 4.85238e-74 2.53997e-75 1.32756e-76 6.92872e-78 3.61115e-79 1.87953e-80 9.7697e-82 5.07177e-83 2.62966e-84 1.36181e-85 7.04409e-87 3.63948e-88 1.87834e-89 9.68369e-91 4.98715e-92 2.56579e-93 1.31874e-94 6.77135e-96 3.47362e-97 1.78028e-98 9.11605e-100 4.66384e-101 2.38402e-102 1.21762e-103 6.21386e-105 3.16859e-106 1.61447e-107 8.21991e-109 4.18196e-110 2.12607e-111 1.0801e-112 5.48343e-114 2.78191e-115 1.41041e-116 7.146e-118 3.61829e-119 1.83094e-120 9.25926e-122 4.6797e-123 2.36377e-124 1.19328e-125 6.02048e-127 3.03585e-128 1.53e-129 7.70679e-131 3.87996e-132 1.95235e-133
5.02992e-10 1.05041e-10 1.4466e-11 1.62136e-12 1.59751e-13 1.43817e-14 1.21008e-15 9.65612e-17 7.38179e-18 5.44581e-19 3.89844e-20 2.7195e-21 1.85489e-22 1.24038e-23 8.15028e-25 5.27195e-26 3.36227e-27 2.11706e-28 1.31756e-29 8.11282e-31 4.94671e-32 2.98905e-33 1.79107e-34 1.06492e-35 6.28599e-37 3.68547e-38 2.14715e-39 1.24351e-40 7.16158e-42 4.1028e-43 2.3388e-44 1.32697e-45 7.49543e-47 4.21594e-48 2.36183e-49 1.31808e-50 7.32917e-52 4.06125e-53 2.24297e-54 1.23484e-55 6.77764e-57 3.70924e-58 2.02433e-59 1.10183e-60 5.98178e-62 3.23947e-63 1.75019e-64 9.43413e-66 5.07411e-67 2.72329e-68 1.4586e-69 7.79681e-71 4.15974e-72 2.21519e-73 1.17754e-74 6.2487e-76 3.31034e-77 1.75085e-78 9.24571e-80 4.87491e-81 2.56654e-82 1.34928e-83 7.08353e-85 3.71369e-86 1.9444e-87 1.01674e-88 5.30991e-90 2.76973e-91 1.44302e-92 7.50938e-94 3.90344e-95 2.02682e-96 1.05128e-97 5.44712e-99 2.81951e-100 1.45798e-101 7.5319e-103 3.8873e-104 2.00443e-105 1.03262e-106 5.31501e-108 2.73335e-109 1.40449e-110 7.2108e-112 3.69911e-113 1.89613e-114 9.71187e-116 4.97059e-117 2.54209e-118 1.29915e-119 6.63464e-121 3.38589e-122 1.72676e-123 8.80032e-125 4.48208e-126 2.2813e-127 1.1604e-128 5.89884e-130 2.99682e-131 1.52158e-132 7.721e-134
2.3952e-11 5.55359e-12 8.30321e-13 9.98089e-14 1.04616e-14 9.95964e-16 8.82103e-17 7.38179e-18 5.89966e-19 4.53829e-20 3.37985e-21 2.44799e-22 1.73057e-23 1.19755e-24 8.13138e-26 5.42824e-27 3.56867e-28 2.31381e-29 1.48134e-30 9.37454e-32 5.86973e-33 3.63926e-34 2.23589e-35 1.3621e-36 8.23263e-38 4.93927e-39 2.94296e-40 1.74215e-41 1.02502e-42 5.99625e-44 3.48868e-45 2.01932e-46 1.16313e-47 6.6687e-49 3.80662e-50 2.16379e-51 1.22505e-52 6.90935e-54 3.88273e-55 2.17431e-56 1.21355e-57 6.75151e-59 3.74466e-60 2.07083e-61 1.14194e-62 6.28004e-64 3.44462e-65 1.88461e-66 1.0286e-67 5.60076e-69 3.04274e-70 1.64941e-71 8.92227e-73 4.8165e-74 2.59493e-75 1.39536e-76 7.48929e-78 4.01247e-79 2.14597e-80 1.14577e-81 6.10742e-83 3.2503e-84 1.72709e-85 9.16325e-87 4.85453e-88 2.56818e-89 1.35675e-90 7.15789e-92 3.77137e-93 1.98452e-94 1.04296e-95 5.47459e-97 2.87024e-98 1.50307e-99 7.86233e-101 4.10811e-102 2.14419e-103 1.11796e-104 5.82297e-106 3.02987e-107 1.57498e-108 8.1792e-110 4.24362e-111 2.19969e-112 1.13919e-113 5.89452e-115 3.04737e-116 1.57411e-117 8.12428e-119 4.1897e-120 2.15891e-121 1.1116e-122 5.71917e-124 2.94029e-125 1.51053e-126 7.75454e-128 3.9781e-129 2.03936e-130 1.04476e-131 5.34872e-133 2.73652e-134
1.14057e-12 2.90725e-13 4.68805e-14 6.01301e-15 6.6764e-16 6.69699e-17 6.22338e-18 5.44581e-19 4.53829e-20 3.6314e-21 2.80731e-22 2.10678e-23 1.54068e-24 1.10129e-25 7.71414e-27 5.30619e-28 3.59054e-29 2.39375e-30 1.57436e-31 1.02265e-32 6.56725e-34 4.17297e-35 2.62572e-36 1.63717e-37 1.01215e-38 6.20785e-40 3.7792e-41 2.28463e-42 1.37204e-43 8.1887e-45 4.85857e-46 2.8667e-47 1.68253e-48 9.82574e-50 5.71077e-51 3.30408e-52 1.90338e-53 1.09195e-54 6.23967e-56 3.55203e-57 2.01474e-58 1.13881e-59 6.41555e-61 3.60268e-62 2.01687e-63 1.12576e-64 6.26573e-66 3.47779e-67 1.92523e-68 1.06304e-69 5.85526e-71 3.21738e-72 1.76383e-73 9.64807e-75 5.26605e-76 2.86827e-77 1.55909e-78 8.45804e-80 4.57972e-81 2.47516e-82 1.33532e-83 7.19132e-85 3.86629e-86 2.07521e-87 1.11207e-88 5.95013e-90 3.17876e-91 1.69569e-92 9.03249e-94 4.80461e-95 2.5522e-96 1.35391e-97 7.17295e-99 3.79537e-100 2.00572e-101 1.05867e-102 5.58133e-104 2.93908e-105 1.54595e-106 8.12265e-108 4.26316e-109 2.23515e-110 1.17067e-111 6.12519e-113 3.20167e-114 1.67191e-115 8.72243e-117 4.5463e-118 2.36747e-119 1.23175e-120 6.40297e-122 3.32558e-123 1.7258e-124 8.94857e-126 4.63625e-127 2.40014e-128 1.24156e-129 6.41753e-131 3.31469e-132 1.71079e-133 8.82347e-135
5.43129e-14 1.50949e-14 2.61081e-15 3.55766e-16 4.16931e-17 4.3927e-18 4.27114e-19 3.89844e-20 3.37985e-21 2.80731e-22 2.24843e-23 1.74521e-24 1.31803e-25 9.71664e-27 7.01089e-28 4.96204e-29 3.45137e-30 2.36298e-31 1.59464e-32 1.06199e-33 6.98697e-35 4.54531e-36 2.92617e-37 1.86558e-38 1.17865e-39 7.38365e-41 4.58878e-42 2.83055e-43 1.73373e-44 1.05487e-45 6.37802e-47 3.83337e-48 2.29096e-49 1.36182e-50 8.05381e-52 4.73985e-53 2.77658e-54 1.61929e-55 9.40364e-57 5.43878e-58 3.13339e-59 1.79848e-60 1.02858e-61 5.86238e-63 3.33019e-64 1.88573e-65 1.06452e-66 5.9916e-68 3.36271e-69 1.88208e-70 1.05058e-71 5.84928e-73 3.24857e-74 1.79985e-75 9.94867e-77 5.48671e-78 3.01931e-79 1.65798e-80 9.08561e-82 4.9689e-83 2.7122e-84 1.47762e-85 8.03534e-87 4.36185e-88 2.36365e-89 1.27868e-90 6.90594e-92 3.72382e-93 2.00482e-94 1.07771e-95 5.78471e-97 3.10051e-98 1.65948e-99 8.86972e-101 4.73439e-102 2.52376e-103 1.34361e-104 7.14419e-106 3.79403e-107 2.01246e-108 1.06622e-109 5.64241e-111 2.98261e-112 1.5749e-113 8.30693e-115 4.37695e-116 2.30385e-117 1.21144e-118 6.36379e-120 3.33972e-121 1.75102e-122 9.1721e-124 4.80009e-125 2.50981e-126 1.31114e-127 6.84362e-129 3.56906e-130 1.85978e-131 9.68308e-133 5.03754e-134 2.61868e-135
2.58633e-15 7.78369e-16 1.43715e-16 2.07279e-17 2.55587e-18 2.82067e-19 2.86272e-20 2.7195e-21 2.44799e-22 2.10678e-23 1.74521e-24 1.39884e-25 1.08941e-26 8.27136e-28 6.13956e-29 4.46559e-30 3.18898e-31 2.23968e-32 1.54919e-33 1.05671e-34 7.1156e-36 4.73472e-37 3.11584e-38 2.02949e-39 1.30925e-40 8.37048e-42 5.30654e-43 3.33751e-44 2.08345e-45 1.29144e-46 7.95175e-48 4.86517e-49 2.95884e-50 1.78921e-51 1.07607e-52 6.4382e-54 3.83301e-55 2.27123e-56 1.33973e-57 7.86851e-59 4.60219e-60 2.68105e-61 1.55591e-62 8.99637e-64 5.18338e-65 2.97632e-66 1.70341e-67 9.7182e-69 5.52746e-70 3.13462e-71 1.77258e-72 9.99614e-74 5.62213e-75 3.1539e-76 1.76486e-77 9.85197e-79 5.48675e-80 3.04873e-81 1.69029e-82 9.35134e-84 5.16274e-85 2.84451e-86 1.56415e-87 8.58458e-89 4.70272e-90 2.57153e-91 1.40367e-92 7.64881e-94 4.16095e-95 2.25986e-96 1.2254e-97 6.63435e-99 3.58641e-100 1.93588e-101 1.04344e-102 5.6162e-104 3.01869e-105 1.62035e-106 8.68615e-108 4.65034e-109 2.48653e-110 1.32791e-111 7.08301e-113 3.77358e-114 2.00811e-115 1.06741e-116 5.66747e-118 3.00591e-119 1.59258e-120 8.42894e-122 4.45656e-123 2.35391e-124 1.24209e-125 6.54784e-127 3.44851e-128 1.81451e-129 9.53878e-131 5.00999e-132 2.62905e-133 1.37843e-134 7.22113e-136
1.23159e-16 3.99016e-17 7.83227e-18 1.19173e-18 1.54187e-19 1.77814e-20 1.87967e-21 1.85489e-22 1.73057e-23 1.54068e-24 1.31803e-25 1.08941e-26 8.73741e-28 6.82385e-29 5.20458e-30 3.88597e-31 2.84616e-32 2.04843e-33 1.45092e-34 1.01271e-35 6.97355e-37 4.74222e-38 3.18755e-39 2.11948e-40 1.3951e-41 9.09629e-43 5.87841e-44 3.7672e-45 2.39524e-46 1.51162e-47 9.4726e-49 5.89645e-50 3.64715e-51 2.2423e-52 1.37068e-53 8.33291e-55 5.03946e-56 3.03248e-57 1.81607e-58 1.08262e-59 6.42554e-61 3.79761e-62 2.23538e-63 1.31069e-64 7.65627e-66 4.45622e-67 2.58467e-68 1.49412e-69 8.60908e-71 4.94504e-72 2.83184e-73 1.61695e-74 9.20656e-76 5.22765e-77 2.96048e-78 1.67225e-79 9.42229e-81 5.29615e-82 2.96991e-83 1.66163e-84 9.27604e-86 5.1672e-87 2.87235e-88 1.59343e-89 8.822e-91 4.87486e-92 2.68868e-93 1.4802e-94 8.13439e-96 4.46245e-97 2.4439e-98 1.3362e-99 7.29387e-101 3.97519e-102 2.16316e-103 1.17534e-104 6.37673e-106 3.45468e-107 1.86899e-108 1.00974e-109 5.44783e-111 2.9354e-112 1.57961e-113 8.48957e-115 4.55706e-116 2.44319e-117 1.30832e-118 6.9979e-120 3.73875e-121 1.99526e-122 1.06365e-123 5.6641e-125 3.01305e-126 1.60115e-127 8.50001e-129 4.5079e-130 2.38839e-131 1.26421e-132 6.68537e-134 3.53208e-135 1.86441e-136
5.86469e-18 2.03514e-18 4.23157e-19 6.77289e-20 9.17206e-21 1.10296e-21 1.2121e-22 1.24038e-23 1.19755e-24 1.10129e-25 9.71664e-27 8.27136e-28 6.82385e-29 5.47586e-30 4.28693e-31 3.28246e-32 2.46339e-33 1.81524e-34 1.31546e-35 9.38771e-37 6.60531e-38 4.58707e-39 3.14694e-40 2.13459e-41 1.43264e-42 9.52017e-44 6.26759e-45 4.09018e-46 2.6472e-47 1.69994e-48 1.08358e-49 6.8586e-51 4.31234e-52 2.69422e-53 1.67312e-54 1.03304e-55 6.34329e-57 3.87459e-58 2.35477e-59 1.42421e-60 8.57413e-62 5.13895e-63 3.06693e-64 1.82284e-65 1.07914e-66 6.36431e-68 3.73965e-69 2.18964e-70 1.2777e-71 7.43103e-73 4.30808e-74 2.48987e-75 1.43473e-76 8.24344e-78 4.72311e-79 2.69877e-80 1.53801e-81 8.74259e-83 4.95726e-84 2.80411e-85 1.58245e-86 8.90994e-88 5.0056e-89 2.80608e-90 1.56975e-91 8.76341e-93 4.88259e-94 2.71509e-95 1.50694e-96 8.34842e-98 4.6167e-99 2.54856e-100 1.40448e-101 7.72691e-103 4.24411e-104 2.32741e-105 1.27433e-106 6.96666e-108 3.80295e-109 2.07292e-110 1.1283e-111 6.13278e-113 3.32887e-114 1.80449e-115 9.76879e-117 5.28165e-118 2.85201e-119 1.53815e-120 8.28549e-122 4.45784e-123 2.39566e-124 1.28597e-125 6.89524e-127 3.69311e-128 1.97591e-129 1.05605e-130 5.6383e-132 3.00726e-133 1.60235e-134 8.52942e-136 4.53588e-137
2.79271e-19 1.03343e-19 2.26885e-20 3.81013e-21 5.38897e-22 6.74444e-23 7.69211e-24 8.15028e-25 8.13138e-26 7.71414e-27 7.01089e-28 6.13956e-29 5.20458e-30 4.28693e-31 3.44163e-32 2.7e-33 2.07442e-34 1.56378e-35 1.15853e-36 8.44689e-38 6.06853e-39 4.30069e-40 3.0094e-41 2.08105e-42 1.42325e-43 9.63335e-45 6.45718e-46 4.28869e-47 2.8239e-48 1.84425e-49 1.19516e-50 7.6885e-52 4.91163e-53 3.11691e-54 1.9655e-55 1.23198e-56 7.6776e-58 4.75832e-59 2.93352e-60 1.79939e-61 1.09839e-62 6.67361e-64 4.03664e-65 2.43113e-66 1.45812e-67 8.71053e-69 5.18347e-70 3.07314e-71 1.81544e-72 1.06875e-73 6.27068e-75 3.66727e-76 2.13799e-77 1.24264e-78 7.20125e-80 4.16128e-81 2.39795e-82 1.37811e-83 7.89939e-85 4.51647e-86 2.57592e-87 1.46563e-88 8.31954e-90 4.71182e-91 2.66266e-92 1.50144e-93 8.44867e-95 4.74438e-96 2.65892e-97 1.48725e-98 8.30307e-100 4.62688e-101 2.57367e-102 1.42906e-103 7.92131e-105 4.38341e-106 2.42165e-107 1.3357e-108 7.35571e-110 4.04454e-111 2.22054e-112 1.21733e-113 6.6639e-115 3.64279e-116 1.98856e-117 1.08406e-118 5.90187e-120 3.20893e-121 1.74251e-122 9.45032e-124 5.11898e-125 2.76947e-126 1.49657e-127 8.0778e-129 4.35506e-130 2.34536e-131 1.26168e-132 6.77985e-134 3.63941e-135 1.9516e-136 1.04546e-137
1.32986e-20 5.22739e-21 1.20833e-21 2.12408e-22 3.13152e-23 4.07186e-24 4.81219e-25 5.27195e-26 5.42824e-27 5.30619e-28 4.96204e-29 4.46559e-30 3.88597e-31 3.28246e-32 2.7e-33 2.16846e-34 1.70428e-35 1.31333e-36 9.93975e-38 7.39905e-39 5.4241e-40 3.9203e-41 2.7963e-42 1.97018e-43 1.37225e-44 9.4554e-46 6.44947e-47 4.35735e-48 2.91749e-49 1.93685e-50 1.27549e-51 8.33558e-53 5.40796e-54 3.48437e-55 2.23023e-56 1.41853e-57 8.96841e-59 5.63758e-60 3.52433e-61 2.19163e-62 1.35599e-63 8.34891e-65 5.11648e-66 3.12146e-67 1.8961e-68 1.14696e-69 6.91014e-71 4.14702e-72 2.47944e-73 1.47705e-74 8.76823e-76 5.18744e-77 3.05891e-78 1.79803e-79 1.05362e-80 6.15562e-82 3.58589e-83 2.08304e-84 1.20673e-85 6.97209e-87 4.01785e-88 2.30957e-89 1.32436e-90 7.57606e-92 4.32388e-93 2.4622e-94 1.39899e-95 7.93186e-97 4.48772e-98 2.53389e-99 1.42786e-100 8.03043e-102 4.50782e-103 2.52574e-104 1.41261e-105 7.88657e-107 4.39543e-108 2.44557e-109 1.35843e-110 7.53343e-112 4.17118e-113 2.30596e-114 1.27287e-115 7.01568e-117 3.86121e-118 2.12205e-119 1.16461e-120 6.3828e-122 3.49347e-123 1.90954e-124 1.04242e-125 5.68331e-127 3.09472e-128 1.6831e-129 9.14279e-131 4.96062e-132 2.68839e-133 1.45531e-134 7.86925e-136 4.25046e-137 2.29336e-138
6.33268e-22 2.63508e-22 6.39667e-23 1.17459e-23 1.80183e-24 2.43033e-25 2.97205e-26 3.36227e-27 3.56867e-28 3.59054e-29 3.45137e-30 3.18898e-31 2.84616e-32 2.46339e-33 2.07442e-34 1.70428e-35 1.36922e-36 1.07786e-37 8.32811e-39 6.3253e-40 4.72861e-41 3.48343e-42 2.53133e-43 1.81616e-44 1.28761e-45 9.0273e-47 6.26277e-48 4.30205e-49 2.92768e-50 1.97484e-51 1.321e-52 8.76633e-54 5.77367e-55 3.77538e-56 2.45183e-57 1.5819e-58 1.01426e-59 6.46427e-61 4.09639e-62 2.58164e-63 1.61844e-64 1.00949e-65 6.26594e-67 3.87111e-68 2.3808e-69 1.45788e-70 8.88987e-72 5.39895e-73 3.26605e-74 1.9683e-75 1.18188e-76 7.07154e-78 4.21664e-79 2.50596e-80 1.48451e-81 8.76669e-83 5.16143e-84 3.02988e-85 1.77353e-86 1.03525e-87 6.02668e-89 3.4992e-90 2.02651e-91 1.1707e-92 6.7467e-94 3.87891e-95 2.22499e-96 1.27342e-97 7.2722e-99 4.14411e-100 2.35663e-101 1.33742e-102 7.57499e-104 4.28206e-105 2.41601e-106 1.36063e-107 7.64885e-109 4.29221e-110 2.40444e-111 1.34465e-112 7.50729e-114 4.18458e-115 2.32878e-116 1.29399e-117 7.17906e-119 3.977e-120 2.19992e-121 1.21516e-122 6.70269e-124 3.69202e-125 2.03091e-126 1.11568e-127 6.12098e-129 3.35388e-130 1.83538e-131 1.00316e-132 5.47631e-134 2.98599e-135 1.62623e-136 8.84658e-138 4.80705e-139
3.01556e-23 1.32425e-23 3.36809e-24 6.44817e-25 1.02754e-25 1.43563e-26 1.81434e-27 2.11706e-28 2.31381e-29 2.39375e-30 2.36298e-31 2.23968e-32 2.04843e-33 1.81524e-34 1.56378e-35 1.31333e-36 1.07786e-37 8.6621e-39 6.82854e-40 5.28861e-41 4.02949e-42 3.02392e-43 2.23749e-44 1.63392e-45 1.17855e-46 8.40324e-48 5.92683e-49 4.1376e-50 2.8607e-51 1.95984e-52 1.33107e-53 8.96616e-55 5.99253e-56 3.97536e-57 2.61852e-58 1.71312e-59 1.11353e-60 7.19317e-62 4.61909e-63 2.94928e-64 1.87283e-65 1.18303e-66 7.43527e-68 4.65032e-69 2.89489e-70 1.79399e-71 1.10691e-72 6.80101e-74 4.16168e-75 2.53663e-76 1.54025e-77 9.31809e-79 5.61712e-80 3.37442e-81 2.02036e-82 1.20572e-83 7.17286e-85 4.25411e-86 2.51554e-87 1.48319e-88 8.72052e-90 5.11326e-91 2.99018e-92 1.74409e-93 1.01472e-94 5.88912e-96 3.40969e-97 1.96953e-98 1.13507e-99 6.52698e-101 3.74506e-102 2.1443e-103 1.22521e-104 6.98648e-106 3.976e-107 2.25837e-108 1.28033e-109 7.24513e-111 4.09246e-112 2.30757e-113 1.29889e-114 7.29884e-116 4.09462e-117 2.29333e-118 1.28241e-119 7.15995e-121 3.99142e-122 2.22174e-123 1.23487e-124 6.85362e-126 3.79843e-127 2.10226e-128 1.16192e-129 6.41333e-131 3.53526e-132 1.94625e-133 1.07011e-134 5.87643e-136 3.22307e-137 1.76565e-138 9.6611e-140
1.43598e-24 6.63666e-25 1.76483e-25 3.51659e-26 5.8126e-27 8.40112e-28 1.09593e-28 1.31756e-29 1.48134e-30 1.57436e-31 1.59464e-32 1.54919e-33 1.45092e-34 1.31546e-35 1.15853e-36 9.93975e-38 8.32811e-39 6.82854e-40 5.48914e-41 4.33272e-42 3.36277e-43 2.56947e-44 1.93496e-45 1.43749e-46 1.05442e-47 7.64265e-49 5.47774e-50 3.88477e-51 2.72766e-52 1.89719e-53 1.3078e-54 8.93867e-56 6.06026e-57 4.07721e-58 2.72298e-59 1.80583e-60 1.18958e-61 7.7862e-63 5.06505e-64 3.2755e-65 2.10626e-66 1.34704e-67 8.56991e-69 5.42477e-70 3.41725e-71 2.14258e-72 1.33732e-73 8.31071e-75 5.14292e-76 3.16964e-77 1.9458e-78 1.18994e-79 7.25018e-81 4.40164e-82 2.66299e-83 1.60568e-84 9.65e-86 5.78115e-87 3.4527e-88 2.05589e-89 1.22059e-90 7.22616e-92 4.26622e-93 2.51194e-94 1.47515e-95 8.64074e-97 5.04876e-98 2.94281e-99 1.71124e-100 9.9278e-102 5.74666e-103 3.3191e-104 1.91288e-105 1.10013e-106 6.31401e-108 3.61654e-109 2.06742e-110 1.17958e-111 6.71752e-113 3.81848e-114 2.16665e-115 1.22722e-116 6.93911e-118 3.91697e-119 2.20737e-120 1.24193e-121 6.97626e-123 3.91265e-124 2.19106e-125 1.22514e-126 6.84029e-128 3.8136e-129 2.12315e-130 1.18037e-131 6.55336e-133 3.6335e-134 2.01193e-135 1.11259e-136 6.1448e-138 3.3895e-139 1.86736e-140
6.838e-26 3.3178e-26 9.20679e-27 1.90634e-27 3.26394e-28 4.8742e-29 6.55608e-30 8.11282e-31 9.37454e-32 1.02265e-32 1.06199e-33 1.05671e-34 1.01271e-35 9.38771e-37 8.44689e-38 7.39905e-39 6.3253e-40 5.28861e-41 4.33272e-42 3.48369e-43 2.75291e-44 2.14073e-45 1.63995e-46 1.23889e-47 9.23738e-49 6.80351e-50 4.95335e-51 3.56725e-52 2.54272e-53 1.79487e-54 1.25532e-55 8.70295e-57 5.98349e-58 4.08123e-59 2.7627e-60 1.85666e-61 1.23915e-62 8.21558e-64 5.41244e-65 3.54406e-66 2.30711e-67 1.49345e-68 9.61536e-70 6.15853e-71 3.92472e-72 2.48907e-73 1.57122e-74 9.87365e-76 6.17766e-77 3.84892e-78 2.38826e-79 1.47608e-80 9.08813e-82 5.57479e-83 3.40737e-84 2.07536e-85 1.25979e-86 7.62201e-88 4.59677e-89 2.76366e-90 1.65654e-91 9.90016e-93 5.8998e-94 3.50607e-95 2.07789e-96 1.22821e-97 7.24107e-99 4.25832e-100 2.49808e-101 1.46195e-102 8.53573e-104 4.97229e-105 2.89003e-106 1.6761e-107 9.69998e-109 5.6019e-110 3.2286e-111 1.85706e-112 1.06608e-113 6.10837e-115 3.49339e-116 1.99422e-117 1.13637e-118 6.46402e-120 3.67061e-121 2.08084e-122 1.17767e-123 6.65427e-125 3.75394e-126 2.11444e-127 1.18916e-128 6.67773e-130 3.74437e-131 2.09652e-132 1.1722e-133 6.54482e-135 3.6492e-136 2.03195e-137 1.12993e-138 6.2752e-140 3.48054e-141
3.25619e-27 1.6549e-27 4.78376e-28 1.02778e-28 1.82047e-29 2.80577e-30 3.88731e-31 4.94671e-32 5.86973e-33 6.56725e-34 6.98697e-35 7.1156e-36 6.97355e-37 6.60531e-38 6.06853e-39 5.4241e-40 4.72861e-41 4.02949e-42 3.36277e-43 2.75291e-44 2.21392e-45 1.75131e-46 1.36423e-47 1.04756e-48 7.93655e-50 5.93749e-51 4.3895e-52 3.20895e-53 2.32121e-54 1.66231e-55 1.17919e-56 8.28963e-58 5.77771e-59 3.99414e-60 2.73968e-61 1.86526e-62 1.2609e-63 8.46555e-65 5.64662e-66 3.74278e-67 2.46593e-68 1.61529e-69 1.05219e-70 6.81724e-72 4.39413e-73 2.81818e-74 1.79875e-75 1.14275e-76 7.22732e-78 4.55107e-79 2.85378e-80 1.7822e-81 1.1086e-82 6.86962e-84 4.24106e-85 2.60886e-86 1.59921e-87 9.76977e-89 5.94876e-90 3.61055e-91 2.18455e-92 1.31773e-93 7.92517e-95 4.75265e-96 2.84212e-97 1.69496e-98 1.00813e-99 5.98053e-101 3.53883e-102 2.08883e-103 1.22997e-104 7.22531e-106 4.23463e-107 2.47625e-108 1.44482e-109 8.41191e-111 4.88718e-112 2.83352e-113 1.63951e-114 9.46769e-116 5.45673e-117 3.13904e-118 1.80241e-119 1.03304e-120 5.91031e-122 3.37553e-123 1.92455e-124 1.09543e-125 6.22478e-127 3.53152e-128 2.00036e-129 1.13131e-130 6.38832e-132 3.60198e-133 2.02794e-134 1.14009e-135 6.40041e-137 3.58813e-138 2.00878e-139 1.12308e-140 6.27065e-142
1.55057e-28 8.23756e-29 2.47648e-29 5.51335e-30 1.00909e-30 1.60344e-31 2.28612e-32 2.98905e-33 3.63926e-34 4.17297e-35 4.54531e-36 4.73472e-37 4.74222e-38 4.58707e-39 4.30069e-40 3.9203e-41 3.48343e-42 3.02392e-43 2.56947e-44 2.14073e-45 1.75131e-46 1.40869e-47 1.11538e-48 8.70237e-50 6.69673e-51 5.08702e-52 3.81742e-53 2.83193e-54 2.07815e-55 1.50939e-56 1.08564e-57 7.73645e-59 5.4647e-60 3.82771e-61 2.65966e-62 1.83394e-63 1.25533e-64 8.53263e-66 5.76081e-67 3.86437e-68 2.57619e-69 1.70721e-70 1.12487e-71 7.37084e-73 4.80415e-74 3.11518e-75 2.00999e-76 1.29069e-77 8.24971e-79 5.24938e-80 3.32577e-81 2.09822e-82 1.31839e-83 8.25124e-85 5.14436e-86 3.19543e-87 1.9777e-88 1.21974e-89 7.4971e-91 4.59283e-92 2.80457e-93 1.70722e-94 1.03606e-95 6.26884e-97 3.78207e-98 2.27533e-99 1.36509e-100 8.16791e-102 4.87439e-103 2.90146e-104 1.72277e-105 1.02042e-106 6.02962e-108 3.55459e-109 2.09073e-110 1.22698e-111 7.18507e-113 4.19852e-114 2.44825e-115 1.42471e-116 8.2742e-118 4.79596e-119 2.77454e-120 1.60209e-121 9.23388e-123 5.31245e-124 3.05095e-125 1.74913e-126 1.00107e-127 5.71985e-129 3.26279e-130 1.85821e-131 1.0566e-132 5.99868e-134 3.40045e-135 1.92472e-136 1.08782e-137 6.13933e-139 3.45992e-140 1.94718e-141 1.09433e-142
7.38366e-30 4.0927e-30 1.27771e-30 2.94387e-31 5.56148e-32 9.10225e-33 1.33433e-33 1.79107e-34 2.23589e-35 2.62572e-36 2.92617e-37 3.11584e-38 3.18755e-39 3.14694e-40 3.0094e-41 2.7963e-42 2.53133e-43 2.23749e-44 1.93496e-45 1.63995e-46 1.36423e-47 1.11538e-48 8.97327e-50 7.111e-51 5.55616e-52 4.28408e-53 3.26223e-54 2.45501e-55 1.82706e-56 1.34546e-57 9.80933e-59 7.08398e-60 5.06972e-61 3.59702e-62 2.53119e-63 1.76722e-64 1.22458e-65 8.42464e-67 5.7559e-68 3.90656e-69 2.63455e-70 1.76587e-71 1.17665e-72 7.79592e-74 5.13699e-75 3.3671e-76 2.19577e-77 1.42487e-78 9.2023e-80 5.91581e-81 3.78611e-82 2.41266e-83 1.53101e-84 9.67602e-86 6.0912e-87 3.81986e-88 2.3866e-89 1.48574e-90 9.21682e-92 5.6982e-93 3.51117e-94 2.15657e-95 1.3204e-96 8.05969e-98 4.90493e-99 2.97634e-100 1.80093e-101 1.0867e-102 6.53953e-104 3.92498e-105 2.34968e-106 1.40309e-107 8.35785e-109 4.96659e-110 2.94443e-111 1.74159e-112 1.02781e-113 6.05234e-115 3.5563e-116 2.08525e-117 1.22017e-118 7.1253e-120 4.15266e-121 2.41549e-122 1.40236e-123 8.12646e-125 4.70055e-126 2.71405e-127 1.5643e-128 9.00066e-130 5.17001e-131 2.96474e-132 1.69735e-133 9.70198e-135 5.53688e-136 3.15499e-137 1.79503e-138 1.01975e-139 5.7847e-141 3.27673e-142 1.85347e-143
3.51603e-31 2.02988e-31 6.57175e-32 1.56518e-32 3.04895e-33 5.1351e-34 7.73346e-35 1.06492e-35 1.3621e-36 1.63717e-37 1.86558e-38 2.02949e-39 2.11948e-40 2.13459e-41 2.08105e-42 1.97018e-43 1.81616e-44 1.63392e-45 1.43749e-46 1.23889e-47 1.04756e-48 8.70237e-50 7.111e-51 5.72171e-52 4.53781e-53 3.55034e-54 2.74246e-55 2.09302e-56 1.57925e-57 1.17879e-58 8.70903e-60 6.37193e-61 4.61895e-62 3.31876e-63 2.36453e-64 1.67113e-65 1.17199e-66 8.15878e-68 5.63962e-69 3.87185e-70 2.64088e-71 1.78997e-72 1.20592e-73 8.07708e-75 5.37961e-76 3.56362e-77 2.34832e-78 1.53966e-79 1.00454e-80 6.5231e-82 4.21648e-83 2.71342e-84 1.73867e-85 1.10944e-86 7.05065e-88 4.46323e-89 2.81456e-90 1.76832e-91 1.10699e-92 6.90564e-94 4.29319e-95 2.6602e-96 1.64302e-97 1.01158e-98 6.20904e-100 3.79968e-101 2.31846e-102 1.41064e-103 8.55899e-105 5.17905e-106 3.12554e-107 1.88137e-108 1.1296e-109 6.76548e-111 4.04224e-112 2.40944e-113 1.43287e-114 8.50181e-116 5.0333e-117 2.97338e-118 1.75277e-119 1.03109e-120 6.0531e-122 3.54644e-123 2.07374e-124 1.21027e-125 7.05005e-127 4.09919e-128 2.37912e-129 1.37836e-130 7.97164e-132 4.60245e-133 2.65277e-134 1.52648e-135 8.76959e-137 5.03007e-138 2.88063e-139 1.64715e-140 9.40419e-142 5.36121e-143 3.0519e-144
1.6743e-32 1.00517e-32 3.37038e-33 8.2887e-34 1.66332e-34 2.88035e-35 4.45293e-36 6.28599e-37 8.23263e-38 1.01215e-38 1.17865e-39 1.30925e-40 1.3951e-41 1.43264e-42 1.42325e-43 1.37225e-44 1.28761e-45 1.17855e-46 1.05442e-47 9.23738e-49 7.93655e-50 6.69673e-51 5.55616e-52 4.53781e-53 3.65178e-54 2.89825e-55 2.27035e-56 1.75669e-57 1.34347e-58 1.01617e-59 7.60583e-61 5.63635e-62 4.1374e-63 3.00973e-64 2.17058e-65 1.55253e-66 1.10172e-67 7.75916e-69 5.42507e-70 3.76678e-71 2.59792e-72 1.78026e-73 1.2124e-74 8.20759e-76 5.52436e-77 3.69772e-78 2.46181e-79 1.6305e-80 1.07451e-81 7.04674e-83 4.59966e-84 2.98872e-85 1.93343e-86 1.24541e-87 7.98894e-89 5.10406e-90 3.24818e-91 2.05926e-92 1.30069e-93 8.186e-95 5.13391e-96 3.2088e-97 1.99891e-98 1.24119e-99 7.68267e-101 4.74078e-102 2.91665e-103 1.78915e-104 1.09438e-105 6.67538e-107 4.0607e-108 2.46359e-109 1.49076e-110 8.99788e-112 5.41742e-113 3.25378e-114 1.94962e-115 1.16547e-116 6.95119e-118 4.13665e-119 2.45634e-120 1.45545e-121 8.60587e-123 5.07807e-124 2.99038e-125 1.7575e-126 1.03091e-127 6.03563e-129 3.52706e-130 2.05734e-131 1.1979e-132 6.96255e-134 4.03983e-135 2.34002e-136 1.35316e-137 7.81208e-139 4.50281e-140 2.59126e-141 1.48889e-142 8.5418e-144 4.89308e-145
7.97285e-34 4.97014e-34 1.72392e-34 4.37329e-35 9.03258e-36 1.60696e-36 2.54841e-37 3.68547e-38 4.93927e-39 6.20785e-40 7.38365e-41 8.37048e-42 9.09629e-43 9.52017e-44 9.63335e-45 9.4554e-46 9.0273e-47 8.40324e-48 7.64265e-49 6.80351e-50 5.93749e-51 5.08702e-52 4.28408e-53 3.55034e-54 2.89825e-55 2.33266e-56 1.85256e-57 1.45286e-58 1.1259e-59 8.62727e-61 6.54024e-62 4.90782e-63 3.6473e-64 2.68557e-65 1.96005e-66 1.41851e-67 1.01833e-68 7.25402e-70 5.12916e-71 3.60095e-72 2.5108e-73 1.73917e-74 1.19707e-75 8.18911e-77 5.56921e-78 3.76599e-79 2.53266e-80 1.69421e-81 1.12752e-82 7.46663e-84 4.92076e-85 3.22786e-86 2.10781e-87 1.37039e-88 8.87169e-90 5.71971e-91 3.6728e-92 2.34923e-93 1.49694e-94 9.50343e-96 6.01168e-97 3.78958e-98 2.38071e-99 1.49067e-100 9.30354e-102 5.78822e-103 3.59009e-104 2.22004e-105 1.3688e-106 8.41548e-108 5.15943e-109 3.15455e-110 1.9236e-111 1.16992e-112 7.09722e-114 4.29473e-115 2.59252e-116 1.56124e-117 9.37995e-119 5.62258e-120 3.36275e-121 2.00677e-122 1.19499e-123 7.10093e-125 4.2108e-126 2.49191e-127 1.47175e-128 8.67538e-130 5.10398e-131 2.99718e-132 1.75677e-133 1.02785e-134 6.003e-136 3.49985e-137 2.03697e-138 1.18355e-139 6.86545e-141 3.97597e-142 2.29891e-143 1.32714e-144 7.64961e-146
3.7966e-35 2.45417e-35 8.79587e-36 2.29952e-36 4.88418e-37 8.92039e-38 1.45015e-38 2.14715e-39 2.94296e-40 3.7792e-41 4.58878e-42 5.30654e-43 5.87841e-44 6.26759e-45 6.45718e-46 6.44947e-47 6.26277e-48 5.92683e-49 5.47774e-50 4.95335e-51 4.3895e-52 3.81742e-53 3.26223e-54 2.74246e-55 2.27035e-56 1.85256e-57 1.49122e-58 1.18503e-59 9.3033e-61 7.22007e-62 5.54238e-63 4.2105e-64 3.16716e-65 2.35996e-66 1.7427e-67 1.27584e-68 9.26369e-70 6.67324e-71 4.77083e-72 3.386e-73 2.38637e-74 1.67056e-75 1.1619e-76 8.03081e-78 5.51736e-79 3.76855e-80 2.55962e-81 1.72909e-82 1.16192e-83 7.7683e-85 5.16816e-86 3.42194e-87 2.25527e-88 1.4797e-89 9.66627e-91 6.28789e-92 4.07347e-93 2.62839e-94 1.68938e-95 1.08174e-96 6.90109e-98 4.3869e-99 2.77896e-100 1.7544e-101 1.10392e-102 6.92371e-104 4.32884e-105 2.69816e-106 1.67671e-107 1.0389e-108 6.41866e-110 3.95456e-111 2.42976e-112 1.4889e-113 9.09981e-115 5.54736e-116 3.37327e-117 2.04621e-118 1.23825e-119 7.47556e-121 4.50277e-122 2.70604e-123 1.62267e-124 9.70919e-126 5.79713e-127 3.45413e-128 2.05388e-129 1.21883e-130 7.21863e-132 4.26706e-133 2.51755e-134 1.48259e-135 8.71504e-137 5.11373e-138 2.99531e-139 1.75143e-140 1.02236e-141 5.95783e-143 3.46624e-144 2.01339e-145 1.16763e-146
1.8079e-36 1.21029e-36 4.47748e-37 1.20523e-37 2.63047e-38 4.92853e-39 8.20794e-40 1.24351e-40 1.74215e-41 2.28463e-42 2.83055e-43 3.33751e-44 3.7672e-45 4.09018e-46 4.28869e-47 4.35735e-48 4.30205e-49 4.1376e-50 3.88477e-51 3.56725e-52 3.20895e-53 2.83193e-54 2.45501e-55 2.09302e-56 1.75669e-57 1.45286e-58 1.18503e-59 9.53994e-61 7.58544e-62 5.96094e-63 4.63239e-64 3.56195e-65 2.71134e-66 2.04407e-67 1.5269e-68 1.13059e-69 8.30118e-71 6.04601e-72 4.36952e-73 3.1345e-74 2.23252e-75 1.5792e-76 1.10968e-77 7.74794e-79 5.3765e-80 3.70877e-81 2.5437e-82 1.73496e-83 1.17701e-84 7.94353e-86 5.33409e-87 3.56441e-88 2.37061e-89 1.56942e-90 1.03438e-91 6.78807e-93 4.43593e-94 2.887e-95 1.87148e-96 1.20849e-97 7.77434e-99 4.98303e-100 3.18253e-101 2.02554e-102 1.2848e-103 8.12253e-105 5.11854e-106 3.21538e-107 2.01364e-108 1.25727e-109 7.82707e-111 4.85876e-112 3.00769e-113 1.85674e-114 1.14315e-115 7.01971e-117 4.29951e-118 2.6268e-119 1.60091e-120 9.73335e-122 5.9038e-123 3.57271e-124 2.15714e-125 1.29956e-126 7.81208e-128 4.68609e-129 2.80507e-130 1.67566e-131 9.98967e-133 5.9437e-134 3.52955e-135 2.09196e-136 1.23758e-137 7.30791e-139 4.30754e-140 2.53451e-141 1.48867e-142 8.72893e-144 5.10963e-145 2.98606e-146 1.7422e-147
8.60906e-38 5.96156e-38 2.27431e-38 6.29795e-39 1.41139e-39 2.71101e-40 4.62243e-41 7.16158e-42 1.02502e-42 1.37204e-43 1.73373e-44 2.08345e-45 2.39524e-46 2.6472e-47 2.8239e-48 2.91749e-49 2.92768e-50 2.8607e-51 2.72766e-52 2.54272e-53 2.32121e-54 2.07815e-55 1.82706e-56 1.57925e-57 1.34347e-58 1.1259e-59 9.3033e-61 7.58544e-62 6.10722e-63 4.85858e-64 3.82155e-65 2.97356e-66 2.29003e-67 1.74639e-68 1.31938e-69 9.87868e-71 7.33329e-72 5.39913e-73 3.94382e-74 2.85901e-75 2.05753e-76 1.47037e-77 1.04369e-78 7.36015e-80 5.15788e-81 3.59269e-82 2.48784e-83 1.71302e-84 1.17306e-85 7.9905e-87 5.41495e-88 3.65133e-89 2.45024e-90 1.63655e-91 1.08811e-92 7.20277e-94 4.74743e-95 3.11605e-96 2.03698e-97 1.32633e-98 8.60294e-100 5.55923e-101 3.57929e-102 2.29633e-103 1.46813e-104 9.35463e-106 5.94094e-107 3.76083e-108 2.37327e-109 1.49305e-110 9.36484e-112 5.85669e-113 3.65223e-114 2.27115e-115 1.40846e-116 8.71117e-118 5.37364e-119 3.30631e-120 2.02921e-121 1.24233e-122 7.58755e-124 4.62314e-125 2.81039e-126 1.70454e-127 1.03153e-128 6.2288e-130 3.75316e-131 2.25671e-132 1.35412e-133 8.10887e-135 4.84617e-136 2.8906e-137 1.72086e-138 1.02255e-139 6.0648e-141 3.59055e-142 2.12192e-143 1.25179e-144 7.37203e-146 4.33415e-147 2.54387e-148
4.09955e-39 2.93325e-39 1.15288e-39 3.28172e-40 7.54621e-41 1.48505e-41 2.59089e-42 4.1028e-43 5.99625e-44 8.1887e-45 1.05487e-45 1.29144e-46 1.51162e-47 1.69994e-48 1.84425e-49 1.93685e-50 1.97484e-51 1.95984e-52 1.89719e-53 1.79487e-54 1.66231e-55 1.50939e-56 1.34546e-57 1.17879e-58 1.01617e-59 8.62727e-61 7.22007e-62 5.96094e-63 4.85858e-64 3.91213e-65 3.11383e-66 2.4513e-67 1.90961e-68 1.47282e-69 1.12513e-70 8.51708e-72 6.39112e-73 4.75576e-74 3.51049e-75 2.57132e-76 1.86946e-77 1.34948e-78 9.67444e-80 6.88967e-81 4.87514e-82 3.42838e-83 2.39658e-84 1.66566e-85 1.1512e-86 7.91338e-88 5.41123e-89 3.68148e-90 2.49234e-91 1.67924e-92 1.12617e-93 7.51855e-95 4.99759e-96 3.30777e-97 2.18027e-98 1.4313e-99 9.35939e-101 6.0968e-102 3.95674e-103 2.55856e-104 1.6486e-105 1.05861e-106 6.77468e-108 4.3213e-109 2.74754e-110 1.74145e-111 1.10039e-112 6.93233e-114 4.35452e-115 2.72745e-116 1.70355e-117 1.06112e-118 6.59186e-120 4.08422e-121 2.52403e-122 1.55591e-123 9.56759e-125 5.86908e-126 3.59176e-127 2.19299e-128 1.3359e-129 8.11974e-131 4.92444e-132 2.98015e-133 1.7997e-134 1.08459e-135 6.52295e-137 3.91521e-138 2.34539e-139 1.40229e-140 8.36828e-142 4.98456e-143 2.96363e-144 1.75889e-145 1.04205e-146 6.16283e-148 3.63857e-149
1.95217e-40 1.44175e-40 5.833e-41 1.7055e-41 4.02133e-42 8.10299e-43 1.44573e-43 2.3388e-44 3.48868e-45 4.85857e-46 6.37802e-47 7.95175e-48 9.4726e-49 1.08358e-49 1.19516e-50 1.27549e-51 1.321e-52 1.33107e-53 1.3078e-54 1.25532e-55 1.17919e-56 1.08564e-57 9.80933e-59 8.70903e-60 7.60583e-61 6.54024e-62 5.54238e-63 4.63239e-64 3.82155e-65 3.11383e-66 2.50749e-67 1.99673e-68 1.57314e-69 1.22687e-70 9.47551e-72 7.2505e-73 5.49876e-74 4.13478e-75 3.08376e-76 2.28186e-77 1.67575e-78 1.22169e-79 8.84438e-81 6.35965e-82 4.5432e-83 3.22517e-84 2.2756e-85 1.59618e-86 1.11325e-87 7.72153e-89 5.32713e-90 3.65622e-91 2.49683e-92 1.69678e-93 1.14764e-94 7.72662e-96 5.17881e-97 3.45607e-98 2.29667e-99 1.51994e-100 1.00188e-101 6.57822e-103 4.30279e-104 2.80402e-105 1.82072e-106 1.17808e-107 7.59642e-109 4.88187e-110 3.12708e-111 1.99664e-112 1.27087e-113 8.06447e-115 5.10211e-116 3.2185e-117 2.02448e-118 1.26987e-119 7.94353e-121 4.95567e-122 3.08355e-123 1.91373e-124 1.18472e-125 7.31609e-127 4.50702e-128 2.76992e-129 1.69838e-130 1.03899e-131 6.34182e-133 3.86244e-134 2.34732e-135 1.42352e-136 8.6149e-138 5.20296e-139 3.13603e-140 1.88648e-141 1.13262e-142 6.78723e-144 4.05963e-145 2.42372e-146 1.44442e-147 8.59276e-149 5.10285e-150
9.29604e-42 7.07955e-42 2.94593e-42 8.84126e-43 2.13624e-43 4.40497e-44 8.03329e-45 1.32697e-45 2.01932e-46 2.8667e-47 3.83337e-48 4.86517e-49 5.89645e-50 6.8586e-51 7.6885e-52 8.33558e-53 8.76633e-54 8.96616e-55 8.93867e-56 8.70295e-57 8.28963e-58 7.73645e-59 7.08398e-60 6.37193e-61 5.63635e-62 4.90782e-63 4.2105e-64 3.56195e-65 2.97356e-66 2.4513e-67 1.99673e-68 1.60805e-69 1.28106e-70 1.01006e-71 7.88542e-73 6.09811e-74 4.67337e-75 3.55052e-76 2.67505e-77 1.99936e-78 1.48287e-79 1.09168e-80 7.97962e-82 5.79265e-83 4.1772e-84 2.99298e-85 2.13122e-86 1.50851e-87 1.06156e-88 7.42849e-90 5.17001e-91 3.57922e-92 2.46526e-93 1.68958e-94 1.15238e-95 7.82313e-97 5.28671e-98 3.55685e-99 2.38273e-100 1.5895e-101 1.05602e-102 6.98809e-104 4.60638e-105 3.02496e-106 1.97915e-107 1.29025e-108 8.38203e-110 5.42669e-111 3.50162e-112 2.25208e-113 1.44381e-114 9.22747e-116 5.87936e-117 3.73492e-118 2.36572e-119 1.49419e-120 9.41097e-122 5.91117e-123 3.70295e-124 2.31356e-125 1.44177e-126 8.96228e-128 5.55732e-129 3.43764e-130 2.1214e-131 1.30609e-132 8.02284e-134 4.91711e-135 3.007e-136 1.83493e-137 1.11733e-138 6.78953e-140 4.11725e-141 2.49173e-142 1.505e-143 9.0725e-145 5.45869e-146 3.2782e-147 1.96508e-148 1.17581e-149 7.02289e-151
