0.995013 0.000248424 0.000223217 0.000200595 0.000180291 0.000162065 0.000145701 0.000131007 0.000117811 0.000105959 9.53109e-05 8.57442e-05 7.71473e-05 6.94208e-05 6.24754e-05 5.6231e-05 5.06159e-05 4.55656e-05 4.10224e-05 3.69346e-05 3.32554e-05 2.99432e-05 2.69605e-05 2.42735e-05 2.18519e-05 1.96686e-05 1.76988e-05 1.59207e-05 1.43142e-05 1.28614e-05 1.15937e-05
0.000248424 3.55016e-07 3.18895e-07 2.86456e-07 2.57312e-07 2.3112e-07 2.0757e-07 1.86385e-07 1.67317e-07 1.50144e-07 1.34667e-07 1.20705e-07 1.08099e-07 9.6702e-08 8.63851e-08 7.70303e-08 6.85317e-08 6.07934e-08 5.37286e-08 4.72586e-08 4.13118e-08 3.58228e-08 3.07317e-08 2.59838e-08 2.15281e-08 1.73177e-08 1.33088e-08 9.46024e-09 5.73315e-09 2.09067e-09 1.88252e-09
0.000223217 3.18895e-07 2.86405e-07 2.57221e-07 2.30997e-07 2.07423e-07 1.8622e-07 1.6714e-07 1.4996e-07 1.34478e-07 1.20515e-07 1.07909e-07 9.6516e-08 8.62039e-08 7.68552e-08 6.83638e-08 6.06334e-08 5.35772e-08 4.71163e-08 4.1179e-08 3.56998e-08 3.06188e-08 2.58811e-08 2.1436e-08 1.72364e-08 1.32384e-08 9.40114e-09 5.68571e-09 2.05533e-09 1.84717e-09 1.6633e-09
0.000200595 2.86456e-07 2.57221e-07 2.30956e-07 2.07349e-07 1.86122e-07 1.67022e-07 1.49828e-07 1.34336e-07 1.20367e-07 1.07758e-07 9.63638e-08 8.60529e-08 7.6707e-08 6.82197e-08 6.04947e-08 5.34446e-08 4.69906e-08 4.10607e-08 3.55895e-08 3.05168e-08 2.57879e-08 2.13517e-08 1.71615e-08 1.31732e-08 9.34601e-09 5.64105e-09 2.02162e-09 1.81682e-09 1.6328e-09 1.47031e-09
0.000180291 2.57312e-07 2.30997e-07 2.07349e-07 1.86089e-07 1.66964e-07 1.49749e-07 1.34241e-07 1.20261e-07 1.07645e-07 9.62454e-08 8.5932e-08 7.65857e-08 6.80996e-08 6.03771e-08 5.33308e-08 4.68815e-08 4.09571e-08 3.54919e-08 3.04259e-08 2.57041e-08 2.12756e-08 1.70933e-08 1.31135e-08 9.29511e-09 5.59946e-09 1.98984e-09 1.78793e-09 1.60679e-09 1.44404e-09 1.30038e-09
0.000162065 2.3112e-07 2.07423e-07 1.86122e-07 1.66964e-07 1.49722e-07 1.34194e-07 1.20198e-07 1.07569e-07 9.61608e-08 8.58413e-08 7.64913e-08 6.80035e-08 6.02809e-08 5.32359e-08 4.67891e-08 4.08681e-08 3.54072e-08 3.03462e-08 2.563e-08 2.12076e-08 1.7032e-08 1.30594e-08 9.24863e-09 5.56115e-09 1.96024e-09 1.76077e-09 1.5821e-09 1.42181e-09 1.27779e-09 1.1507e-09
0.000145701 2.0757e-07 1.8622e-07 1.67022e-07 1.49749e-07 1.34194e-07 1.20176e-07 1.07531e-07 9.611e-08 8.57808e-08 7.64239e-08 6.79314e-08 6.02061e-08 5.316e-08 4.67134e-08 4.07938e-08 3.53354e-08 3.02777e-08 2.55656e-08 2.11479e-08 1.69777e-08 1.3011e-08 9.20673e-09 5.52629e-09 1.93303e-09 1.73559e-09 1.55896e-09 1.40075e-09 1.25884e-09 1.13132e-09 1.01883e-09
0.000131007 1.86385e-07 1.6714e-07 1.49828e-07 1.34241e-07 1.20198e-07 1.07531e-07 9.60931e-08 8.57506e-08 7.63834e-08 6.78833e-08 6.01526e-08 5.3103e-08 4.66545e-08 4.07344e-08 3.52766e-08 3.02206e-08 2.5511e-08 2.10967e-08 1.69305e-08 1.29684e-08 9.16952e-09 5.49504e-09 1.90836e-09 1.71254e-09 1.53759e-09 1.3811e-09 1.24094e-09 1.11521e-09 1.00224e-09 9.02603e-10
0.000117811 1.67317e-07 1.4996e-07 1.34336e-07 1.20261e-07 1.07569e-07 9.611e-08 8.57506e-08 7.63699e-08 6.78592e-08 6.01205e-08 5.30649e-08 4.66124e-08 4.06898e-08 3.52308e-08 3.01748e-08 2.54662e-08 2.10539e-08 1.68904e-08 1.29319e-08 9.13712e-09 5.46751e-09 1.88637e-09 1.69178e-09 1.51815e-09 1.36304e-09 1.2243e-09 1.10004e-09 9.88582e-10 8.88437e-10 8.00136e-10
0.000105959 1.50144e-07 1.34478e-07 1.20367e-07 1.07645e-07 9.61608e-08 8.57808e-08 7.63834e-08 6.78592e-08 6.01098e-08 5.30459e-08 4.65871e-08 4.066e-08 3.51981e-08 3.01405e-08 2.54314e-08 2.10196e-08 1.68575e-08 1.29013e-08 9.10959e-09 5.44377e-09 1.86714e-09 1.67342e-09 1.50076e-09 1.3467e-09 1.20909e-09 1.08601e-09 9.75778e-10 8.76906e-10 7.88072e-10 7.09764e-10
9.53109e-05 1.34667e-07 1.20515e-07 1.07758e-07 9.62454e-08 8.58413e-08 7.64239e-08 6.78833e-08 6.01205e-08 5.30459e-08 4.65787e-08 4.06452e-08 3.51785e-08 3.01176e-08 2.54065e-08 2.09938e-08 1.68319e-08 1.28768e-08 9.087e-09 5.42389e-09 1.85076e-09 1.65755e-09 1.48552e-09 1.33221e-09 1.19542e-09 1.07325e-09 9.6399e-10 8.6614e-10 7.78375e-10 6.9952e-10 6.30026e-10
8.57442e-05 1.20705e-07 1.07909e-07 9.63638e-08 8.5932e-08 7.64913e-08 6.79314e-08 6.01526e-08 5.30649e-08 4.65871e-08 4.06452e-08 3.51719e-08 3.01061e-08 2.53915e-08 2.09766e-08 1.68136e-08 1.28583e-08 9.06938e-09 5.40794e-09 1.83728e-09 1.64423e-09 1.47251e-09 1.31964e-09 1.18342e-09 1.06189e-09 9.53348e-10 8.56285e-10 7.69363e-10 6.91402e-10 6.21356e-10 5.5964e-10
7.71473e-05 1.08099e-07 9.6516e-08 8.60529e-08 7.65857e-08 6.80035e-08 6.02061e-08 5.3103e-08 4.66124e-08 4.066e-08 3.51785e-08 3.01061e-08 2.53866e-08 2.0968e-08 1.68026e-08 1.2846e-08 9.05678e-09 5.39594e-09 1.82676e-09 1.63352e-09 1.4618e-09 1.30908e-09 1.17314e-09 1.05201e-09 9.43955e-10 8.47457e-10 7.61168e-10 6.83898e-10 6.14596e-10 5.52329e-10 4.9748e-10
6.94208e-05 9.6702e-08 8.62039e-08 7.6707e-08 6.80996e-08 6.02809e-08 5.316e-08 4.66545e-08 4.06898e-08 3.51981e-08 3.01176e-08 2.53915e-08 2.0968e-08 1.6799e-08 1.28399e-08 9.0492e-09 5.38793e-09 1.81922e-09 1.62545e-09 1.45342e-09 1.30058e-09 1.16466e-09 1.04368e-09 9.3589e-10 8.39749e-10 7.53894e-10 6.77126e-10 6.08384e-10 5.46732e-10 4.9134e-10 4.42557e-10
6.24754e-05 8.63851e-08 7.68552e-08 6.82197e-08 6.03771e-08 5.32359e-08 4.67134e-08 4.07344e-08 3.52308e-08 3.01405e-08 2.54065e-08 2.09766e-08 1.68026e-08 1.28399e-08 9.04668e-09 5.38392e-09 1.81469e-09 1.62006e-09 1.44741e-09 1.29416e-09 1.15802e-09 1.03696e-09 9.29217e-10 8.3323e-10 7.47621e-10 6.71177e-10 6.02827e-10 5.41626e-10 4.86737e-10 4.37422e-10 3.94e-10
5.6231e-05 7.70303e-08 6.83638e-08 6.04947e-08 5.33308e-08 4.67891e-08 4.07938e-08 3.52766e-08 3.01748e-08 2.54314e-08 2.09938e-08 1.68136e-08 1.2846e-08 9.0492e-09 5.38392e-09 1.81318e-09 1.61736e-09 1.4438e-09 1.28987e-09 1.15325e-09 1.03189e-09 9.23983e-10 8.27957e-10 7.42413e-10 6.66124e-10 5.98006e-10 5.37103e-10 4.82572e-10 4.33667e-10 3.89728e-10 3.51047e-10
5.06159e-05 6.85317e-08 6.06334e-08 5.34446e-08 4.68815e-08 4.08681e-08 3.53354e-08 3.02206e-08 2.54662e-08 2.10196e-08 1.68319e-08 1.28583e-08 9.05678e-09 5.38793e-09 1.81469e-09 1.61736e-09 1.4426e-09 1.28773e-09 1.15038e-09 1.02849e-09 9.2022e-10 8.23968e-10 7.38317e-10 6.62022e-10 5.93985e-10 5.33238e-10 4.78928e-10 4.30302e-10 3.86693e-10 3.47513e-10 3.13026e-10
4.55656e-05 6.07934e-08 5.35772e-08 4.69906e-08 4.09571e-08 3.54072e-08 3.02777e-08 2.5511e-08 2.10539e-08 1.68575e-08 1.28768e-08 9.06938e-09 5.39594e-09 1.81922e-09 1.62006e-09 1.4438e-09 1.28773e-09 1.14942e-09 1.02679e-09 9.17954e-10 8.21294e-10 7.35368e-10 6.58912e-10 5.90811e-10 5.30085e-10 4.75869e-10 4.27399e-10 3.84003e-10 3.45086e-10 3.1012e-10 2.79349e-10
4.10224e-05 5.37286e-08 4.71163e-08 4.10607e-08 3.54919e-08 3.03462e-08 2.55656e-08 2.10967e-08 1.68904e-08 1.29013e-08 9.087e-09 5.40794e-09 1.82676e-09 1.62545e-09 1.44741e-09 1.28987e-09 1.15038e-09 1.02679e-09 9.17197e-10 8.19952e-10 7.3359e-10 6.56823e-10 5.88521e-10 5.27687e-10 4.73443e-10 4.25016e-10 3.81724e-10 3.42965e-10 3.08206e-10 2.76976e-10 2.49497e-10
3.69346e-05 4.72586e-08 4.1179e-08 3.55895e-08 3.04259e-08 2.563e-08 2.11479e-08 1.69305e-08 1.29319e-08 9.10959e-09 5.42389e-09 1.83728e-09 1.63352e-09 1.45342e-09 1.29416e-09 1.15325e-09 1.02849e-09 9.17954e-10 8.19952e-10 7.32995e-10 6.55774e-10 5.87138e-10 5.26072e-10 4.71687e-10 4.23195e-10 3.79905e-10 3.41206e-10 3.0656e-10 2.7549e-10 2.47575e-10 2.23015e-10
3.32554e-05 4.13118e-08 3.56998e-08 3.05168e-08 2.57041e-08 2.12076e-08 1.69777e-08 1.29684e-08 9.13712e-09 5.44377e-09 1.85076e-09 1.64423e-09 1.4618e-09 1.30058e-09 1.15802e-09 1.03189e-09 9.2022e-10 8.21294e-10 7.3359e-10 6.55774e-10 5.86675e-10 5.2526e-10 4.70623e-10 4.21965e-10 3.78581e-10 3.39852e-10 3.05232e-10 2.74238e-10 2.46443e-10 2.21471e-10 1.99503e-10
2.99432e-05 3.58228e-08 3.06188e-08 2.57879e-08 2.12756e-08 1.7032e-08 1.3011e-08 9.16952e-09 5.46751e-09 1.86714e-09 1.65755e-09 1.47251e-09 1.30908e-09 1.16466e-09 1.03696e-09 9.23983e-10 8.23968e-10 7.35368e-10 6.56823e-10 5.87138e-10 5.2526e-10 4.70267e-10 4.21345e-10 3.77777e-10 3.38934e-10 3.04259e-10 2.73264e-10 2.45515e-10 2.20631e-10 1.98275e-10 1.78608e-10
2.69605e-05 3.07317e-08 2.58811e-08 2.13517e-08 1.70933e-08 1.30594e-08 9.20673e-09 5.49504e-09 1.88637e-09 1.67342e-09 1.48552e-09 1.31964e-09 1.17314e-09 1.04368e-09 9.29217e-10 8.27957e-10 7.38317e-10 6.58912e-10 5.88521e-10 5.26072e-10 4.70623e-10 4.21345e-10 3.77508e-10 3.3847e-10 3.03666e-10 2.72598e-10 2.44827e-10 2.19966e-10 1.97671e-10 1.77641e-10 1.60022e-10
2.42735e-05 2.59838e-08 2.1436e-08 1.71615e-08 1.31135e-08 9.24863e-09 5.52629e-09 1.90836e-09 1.69178e-09 1.50076e-09 1.33221e-09 1.18342e-09 1.05201e-09 9.3589e-10 8.3323e-10 7.42413e-10 6.62022e-10 5.90811e-10 5.27687e-10 4.71687e-10 4.21965e-10 3.77777e-10 3.3847e-10 3.03467e-10 2.72261e-10 2.44405e-10 2.19506e-10 1.97215e-10 1.77226e-10 1.59268e-10 1.43472e-10
2.18519e-05 2.15281e-08 1.72364e-08 1.31732e-08 9.29511e-09 5.56115e-09 1.93303e-09 1.71254e-09 1.51815e-09 1.3467e-09 1.19542e-09 1.06189e-09 9.43955e-10 8.39749e-10 7.47621e-10 6.66124e-10 5.93985e-10 5.30085e-10 4.73443e-10 4.23195e-10 3.78581e-10 3.38934e-10 3.03666e-10 2.72261e-10 2.44263e-10 2.19271e-10 1.96932e-10 1.76933e-10 1.59e-10 1.42888e-10 1.28717e-10
1.96686e-05 1.73177e-08 1.32384e-08 9.34601e-09 5.59946e-09 1.96024e-09 1.73559e-09 1.53759e-09 1.36304e-09 1.20909e-09 1.07325e-09 9.53348e-10 8.47457e-10 7.53894e-10 6.71177e-10 5.98006e-10 5.33238e-10 4.75869e-10 4.25016e-10 3.79905e-10 3.39852e-10 3.04259e-10 2.72598e-10 2.44405e-10 2.19271e-10 1.96836e-10 1.76782e-10 1.5883e-10 1.42731e-10 1.28268e-10 1.15547e-10
1.76988e-05 1.33088e-08 9.40114e-09 5.64105e-09 1.98984e-09 1.76077e-09 1.55896e-09 1.3811e-09 1.2243e-09 1.08601e-09 9.6399e-10 8.56285e-10 7.61168e-10 6.77126e-10 6.02827e-10 5.37103e-10 4.78928e-10 4.27399e-10 3.81724e-10 3.41206e-10 3.05232e-10 2.73264e-10 2.44827e-10 2.19506e-10 1.96932e-10 1.76782e-10 1.58771e-10 1.42648e-10 1.28189e-10 1.15199e-10 1.03775e-10
1.59207e-05 9.46024e-09 5.68571e-09 2.02162e-09 1.78793e-09 1.5821e-09 1.40075e-09 1.24094e-09 1.10004e-09 9.75778e-10 8.6614e-10 7.69363e-10 6.83898e-10 6.08384e-10 5.41626e-10 4.82572e-10 4.30302e-10 3.84003e-10 3.42965e-10 3.0656e-10 2.74238e-10 2.45515e-10 2.19966e-10 1.97215e-10 1.76933e-10 1.5883e-10 1.42648e-10 1.28161e-10 1.15171e-10 1.035e-10 9.32361e-11
1.43142e-05 5.73315e-09 2.05533e-09 1.81682e-09 1.60679e-09 1.42181e-09 1.25884e-09 1.11521e-09 9.88582e-10 8.76906e-10 7.78375e-10 6.91402e-10 6.14596e-10 5.46732e-10 4.86737e-10 4.33667e-10 3.86693e-10 3.45086e-10 3.08206e-10 2.7549e-10 2.46443e-10 2.20631e-10 1.97671e-10 1.77226e-10 1.59e-10 1.42731e-10 1.28189e-10 1.15171e-10 1.03497e-10 9.30095e-11 8.37858e-11
1.28614e-05 2.09067e-09 1.84717e-09 1.6328e-09 1.44404e-09 1.27779e-09 1.13132e-09 1.00224e-09 8.88437e-10 7.88072e-10 6.9952e-10 6.21356e-10 5.52329e-10 4.9134e-10 4.37422e-10 3.89728e-10 3.47513e-10 3.1012e-10 2.76976e-10 2.47575e-10 2.21471e-10 1.98275e-10 1.77641e-10 1.59268e-10 1.42888e-10 1.28268e-10 1.15199e-10 1.035e-10 9.30095e-11 8.35843e-11 7.52953e-11
1.15937e-05 1.88252e-09 1.6633e-09 1.47031e-09 1.30038e-09 1.1507e-09 1.01883e-09 9.02603e-10 8.00136e-10 7.09764e-10 6.30026e-10 5.5964e-10 4.9748e-10 4.42557e-10 3.94e-10 3.51047e-10 3.13026e-10 2.79349e-10 2.49497e-10 2.23015e-10 1.99503e-10 1.78608e-10 1.60022e-10 1.43472e-10 1.28717e-10 1.15547e-10 1.03775e-10 9.32361e-11 8.37858e-11 7.52953e-11 6.78279e-11
