0.966542 0.00814166 0.00408252 0.00206411 0.00105194 0.000540191 0.000279395 0.000145478 7.62194e-05 4.01594e-05 2.12676e-05 1.1314e-05 6.04269e-06 3.23836e-06 1.74049e-06 9.3767e-07 5.06125e-07 2.73596e-07 1.48059e-07 8.01825e-08 4.3442e-08 2.35398e-08 1.27543e-08 6.9084e-09 3.74007e-09 2.02334e-09 1.09342e-09 5.89677e-10 3.16316e-10 1.66768e-10 8.97497e-11
0.00814166 0.000125028 6.3098e-05 3.21112e-05 1.64637e-05 8.49536e-06 4.40734e-06 2.29655e-06 1.20081e-06 6.29522e-07 3.30645e-07 1.73882e-07 9.1507e-08 4.81694e-08 2.5354e-08 1.334e-08 7.01457e-09 3.68555e-09 1.93464e-09 1.0145e-09 5.31406e-10 2.78033e-10 1.45292e-10 7.58245e-11 3.95054e-11 2.05244e-11 1.05883e-11 5.34296e-12 2.48952e-12 7.91585e-13 3.99498e-13
0.00408252 6.3098e-05 3.18159e-05 1.61742e-05 8.28262e-06 4.26831e-06 2.21137e-06 1.1507e-06 6.00858e-07 3.14582e-07 1.6502e-07 8.66774e-08 4.55634e-08 2.39593e-08 1.25987e-08 6.62281e-09 3.47955e-09 1.82679e-09 9.58249e-10 5.02164e-10 2.62878e-10 1.37458e-10 7.17849e-11 3.74274e-11 1.94585e-11 1.00447e-11 5.07071e-12 2.36264e-12 7.52049e-13 3.77123e-13 1.90453e-13
0.00206411 3.21112e-05 1.61742e-05 8.21172e-06 4.19883e-06 2.16029e-06 1.11732e-06 5.80403e-07 3.02548e-07 1.58135e-07 8.28191e-08 4.34346e-08 2.27991e-08 1.19726e-08 6.2877e-09 3.30141e-09 1.73264e-09 9.0874e-10 4.76242e-10 2.49356e-10 1.30428e-10 6.81416e-11 3.55446e-11 1.84887e-11 9.54807e-12 4.82067e-12 2.24492e-12 7.13394e-13 3.58366e-13 1.7978e-13 9.08536e-14
0.00105194 1.64637e-05 8.28262e-06 4.19883e-06 2.14327e-06 1.10064e-06 5.68138e-07 2.94531e-07 1.53223e-07 7.99287e-08 4.17809e-08 2.18723e-08 1.14612e-08 6.00893e-09 3.15097e-09 1.65211e-09 8.65929e-10 4.53614e-10 2.37456e-10 1.24197e-10 6.48911e-11 3.38551e-11 1.76139e-11 9.09799e-12 4.59306e-12 2.13716e-12 6.7745e-13 3.40035e-13 1.70895e-13 8.57686e-14 4.3374e-14
0.000540191 8.49536e-06 4.26831e-06 2.16029e-06 1.10064e-06 5.64051e-07 2.90525e-07 1.50277e-07 7.80032e-08 4.06009e-08 2.11779e-08 1.10639e-08 5.78624e-09 3.02807e-09 1.58512e-09 8.29772e-10 4.34258e-10 2.27165e-10 1.18757e-10 6.20303e-11 3.23573e-11 1.68335e-11 8.69413e-12 4.38774e-12 2.03946e-12 6.44631e-13 3.23038e-13 1.62216e-13 8.15668e-14 4.09542e-14 2.07254e-14
0.000279395 4.40734e-06 2.21137e-06 1.11732e-06 5.68138e-07 2.90525e-07 1.49295e-07 7.7041e-08 3.98933e-08 2.07153e-08 1.07804e-08 5.6194e-09 2.93261e-09 1.53161e-09 8.00237e-10 4.18157e-10 2.18474e-10 1.14104e-10 5.95565e-11 3.105e-11 1.61466e-11 8.33611e-12 4.20456e-12 1.95179e-12 6.15011e-13 3.07581e-13 1.54194e-13 7.7465e-14 3.89708e-14 1.95755e-14 9.91348e-15
0.000145478 2.29655e-06 1.1507e-06 5.80403e-07 2.94531e-07 1.50277e-07 7.7041e-08 3.96575e-08 2.04842e-08 1.06104e-08 5.50827e-09 2.86448e-09 1.49151e-09 7.77294e-10 4.05294e-10 2.11375e-10 1.10234e-10 5.74672e-11 2.99317e-11 1.55526e-11 8.02358e-12 4.04334e-12 1.87406e-12 5.88586e-13 2.937e-13 1.4693e-13 7.36864e-14 3.7036e-14 1.86412e-14 9.36777e-15 4.74744e-15
7.62194e-05 1.20081e-06 6.00858e-07 3.02548e-07 1.53223e-07 7.80032e-08 3.98933e-08 2.04842e-08 1.05537e-08 5.45272e-09 2.82364e-09 1.46481e-09 7.60922e-10 3.95658e-10 2.0586e-10 1.07142e-10 5.57606e-11 2.90014e-11 1.5051e-11 7.75626e-12 3.90393e-12 1.80622e-12 5.65332e-13 2.81395e-13 1.40444e-13 7.02818e-14 3.52603e-14 1.77305e-14 8.9287e-15 4.48889e-15 2.27651e-15
4.01594e-05 6.29522e-07 3.14582e-07 1.58135e-07 7.99287e-08 4.06009e-08 2.07153e-08 1.06104e-08 5.45272e-09 2.81002e-09 1.45146e-09 7.51105e-10 3.89239e-10 2.01925e-10 1.04825e-10 5.44349e-11 2.82582e-11 1.46412e-11 7.53389e-12 3.7862e-12 1.74819e-12 5.45228e-13 2.70656e-13 1.34736e-13 6.7261e-14 3.36692e-14 1.68983e-14 8.50108e-15 4.28307e-15 2.15423e-15 1.09327e-15
2.12676e-05 3.30645e-07 1.6502e-07 8.28191e-08 4.17809e-08 2.11779e-08 1.07804e-08 5.50827e-09 2.82364e-09 1.45146e-09 7.47833e-10 3.86031e-10 1.99565e-10 1.03282e-10 5.34889e-11 2.77015e-11 1.43229e-11 7.35624e-12 3.69002e-12 1.69992e-12 5.28253e-13 2.61471e-13 1.298e-13 6.46238e-14 3.22674e-14 1.6157e-14 8.11213e-15 4.08282e-15 2.05803e-15 1.03555e-15 5.25902e-16
1.1314e-05 1.73882e-07 8.66774e-08 4.34346e-08 2.18723e-08 1.10639e-08 5.6194e-09 2.86448e-09 1.46481e-09 7.51105e-10 3.86031e-10 1.98779e-10 1.02511e-10 5.29216e-11 2.73306e-11 1.40958e-11 7.22316e-12 3.61532e-12 1.66136e-12 5.14388e-13 2.53832e-13 1.25632e-13 6.23684e-14 3.10551e-14 1.55093e-14 7.76812e-15 3.90165e-15 1.96454e-15 9.90733e-16 4.98717e-16 2.53441e-16
6.04269e-06 9.1507e-08 4.55634e-08 2.27991e-08 1.14612e-08 5.78624e-09 2.93261e-09 1.49151e-09 7.60922e-10 3.89239e-10 1.99565e-10 1.02511e-10 5.27326e-11 2.71453e-11 1.39596e-11 7.13451e-12 3.562e-12 1.63248e-12 5.0362e-13 2.47731e-13 1.22228e-13 6.04924e-14 3.00313e-14 1.49552e-14 7.47029e-15 3.74266e-15 1.88047e-15 9.47238e-16 4.77914e-16 2.40667e-16 1.22381e-16
3.23836e-06 4.81694e-08 2.39593e-08 1.19726e-08 6.00893e-09 3.02807e-09 1.53161e-09 7.77294e-10 3.95658e-10 2.01925e-10 1.03282e-10 5.29216e-11 2.71453e-11 1.39142e-11 7.0902e-12 3.53004e-12 1.61323e-12 4.95936e-13 2.4316e-13 1.19585e-13 5.8994e-14 2.91952e-14 1.44943e-14 7.21871e-15 3.6065e-15 1.80735e-15 9.0839e-16 4.57758e-16 2.31053e-16 1.16396e-16 5.92237e-17
1.74049e-06 2.5354e-08 1.25987e-08 6.2877e-09 3.15097e-09 1.58512e-09 8.00237e-10 4.05294e-10 2.0586e-10 1.04825e-10 5.34889e-11 2.73306e-11 1.39596e-11 7.0902e-12 3.51939e-12 1.60362e-12 4.91329e-13 2.40116e-13 1.17698e-13 5.78715e-14 2.85457e-14 1.41261e-14 7.01321e-15 3.4932e-15 1.74552e-15 8.74959e-16 4.39897e-16 2.21754e-16 1.11974e-16 5.64278e-17 2.8727e-17
9.3767e-07 1.334e-08 6.62281e-09 3.30141e-09 1.65211e-09 8.29772e-10 4.18157e-10 2.11375e-10 1.07142e-10 5.44349e-11 2.77015e-11 1.40958e-11 7.13451e-12 3.53004e-12 1.60362e-12 4.89794e-13 2.38594e-13 1.16567e-13 5.71239e-14 2.80823e-14 1.38503e-14 6.85359e-15 3.40269e-15 1.69499e-15 8.47105e-16 4.24714e-16 2.1359e-16 1.07707e-16 5.44058e-17 2.74255e-17 1.39691e-17
5.06125e-07 7.01457e-09 3.47955e-09 1.73264e-09 8.65929e-10 4.34258e-10 2.18474e-10 1.10234e-10 5.57606e-11 2.82582e-11 1.43229e-11 7.22316e-12 3.562e-12 1.61323e-12 4.91329e-13 2.38594e-13 1.1619e-13 5.67503e-14 2.78045e-14 1.36666e-14 6.7397e-15 3.33489e-15 1.65574e-15 8.24846e-16 4.1229e-16 2.0675e-16 1.04001e-16 5.24599e-17 2.65071e-17 1.33656e-17 6.81075e-18
2.73596e-07 3.68555e-09 1.82679e-09 9.0874e-10 4.53614e-10 2.27165e-10 1.14104e-10 5.74672e-11 2.90014e-11 1.46412e-11 7.35624e-12 3.61532e-12 1.63248e-12 4.95936e-13 2.40116e-13 1.16567e-13 5.67503e-14 2.77119e-14 1.35748e-14 6.67142e-15 3.28973e-15 1.62774e-15 8.0817e-16 4.02635e-16 2.01276e-16 1.0095e-16 5.07911e-17 2.56262e-17 1.29519e-17 6.53222e-18 3.32987e-18
1.48059e-07 1.93464e-09 9.58249e-10 4.76242e-10 2.37456e-10 1.18757e-10 5.95565e-11 2.99317e-11 1.5051e-11 7.53389e-12 3.69002e-12 1.66136e-12 5.0362e-13 2.4316e-13 1.17698e-13 5.71239e-14 2.78045e-14 1.35748e-14 6.64866e-15 3.26716e-15 1.61095e-15 7.97062e-16 3.95744e-16 1.97172e-16 9.8575e-17 4.94468e-17 2.48824e-17 1.25566e-17 6.34769e-18 3.202e-18 1.63273e-18
8.01825e-08 1.0145e-09 5.02164e-10 2.49356e-10 1.24197e-10 6.20303e-11 3.105e-11 1.55526e-11 7.75626e-12 3.7862e-12 1.69992e-12 5.14388e-13 2.47731e-13 1.19585e-13 5.78715e-14 2.80823e-14 1.36666e-14 6.67142e-15 3.26716e-15 1.60535e-15 7.9151e-16 3.91613e-16 1.94439e-16 9.68792e-17 4.84373e-17 2.42993e-17 1.22293e-17 6.17225e-18 3.1207e-18 1.5744e-18 8.02977e-19
4.3442e-08 5.31406e-10 2.62878e-10 1.30428e-10 6.48911e-11 3.23573e-11 1.61466e-11 8.02358e-12 3.90393e-12 1.74819e-12 5.28253e-13 2.53832e-13 1.22228e-13 5.8994e-14 2.85457e-14 1.38503e-14 6.7397e-15 3.28973e-15 1.61095e-15 7.9151e-16 3.90236e-16 1.93073e-16 9.58623e-17 4.77644e-17 2.3882e-17 1.19815e-17 6.03043e-18 3.04389e-18 1.53914e-18 7.76561e-19 3.96115e-19
2.35398e-08 2.78033e-10 1.37458e-10 6.81416e-11 3.38551e-11 1.68335e-11 8.33611e-12 4.04334e-12 1.80622e-12 5.45228e-13 2.61471e-13 1.25632e-13 6.04924e-14 2.91952e-14 1.41261e-14 6.85359e-15 3.33489e-15 1.62774e-15 7.97062e-16 3.91613e-16 1.93073e-16 9.55234e-17 4.74281e-17 2.36317e-17 1.18159e-17 5.92805e-18 2.98374e-18 1.5061e-18 7.61583e-19 3.8426e-19 1.96016e-19
1.27543e-08 1.45292e-10 7.17849e-11 3.55446e-11 1.76139e-11 8.69413e-12 4.20456e-12 1.87406e-12 5.65332e-13 2.70656e-13 1.298e-13 6.23684e-14 3.00313e-14 1.44943e-14 7.01321e-15 3.40269e-15 1.65574e-15 8.0817e-16 3.95744e-16 1.94439e-16 9.58623e-17 4.74281e-17 2.35482e-17 1.17331e-17 5.86646e-18 2.94315e-18 1.48132e-18 7.47704e-19 3.78076e-19 1.90754e-19 9.73018e-20
6.9084e-09 7.58245e-11 3.74274e-11 1.84887e-11 9.09799e-12 4.38774e-12 1.95179e-12 5.88586e-13 2.81395e-13 1.34736e-13 6.46238e-14 3.10551e-14 1.49552e-14 7.21871e-15 3.4932e-15 1.69499e-15 8.24846e-16 4.02635e-16 1.97172e-16 9.68792e-17 4.77644e-17 2.36317e-17 1.17331e-17 5.84591e-18 2.92278e-18 1.46624e-18 7.37922e-19 3.72436e-19 1.88304e-19 9.49988e-20 4.84517e-20
3.74007e-09 3.95054e-11 1.94585e-11 9.54807e-12 4.59306e-12 2.03946e-12 6.15011e-13 2.937e-13 1.40444e-13 6.7261e-14 3.22674e-14 1.55093e-14 7.47029e-15 3.6065e-15 1.74552e-15 8.47105e-16 4.1229e-16 2.01276e-16 9.8575e-17 4.84373e-17 2.3882e-17 1.18159e-17 5.86646e-18 2.92278e-18 1.4612e-18 7.32951e-19 3.68829e-19 1.86124e-19 9.40897e-20 4.74615e-20 2.42013e-20
2.02334e-09 2.05244e-11 1.00447e-11 4.82067e-12 2.13716e-12 6.44631e-13 3.07581e-13 1.4693e-13 7.02818e-14 3.36692e-14 1.6157e-14 7.76812e-15 3.74266e-15 1.80735e-15 8.74959e-16 4.24714e-16 2.0675e-16 1.0095e-16 4.94468e-17 2.42993e-17 1.19815e-17 5.92805e-18 2.94315e-18 1.46624e-18 7.32951e-19 3.67605e-19 1.84951e-19 9.33142e-20 4.71621e-20 2.37854e-20 1.21249e-20
1.09342e-09 1.05883e-11 5.07071e-12 2.24492e-12 6.7745e-13 3.23038e-13 1.54194e-13 7.36864e-14 3.52603e-14 1.68983e-14 8.11213e-15 3.90165e-15 1.88047e-15 9.0839e-16 4.39897e-16 2.1359e-16 1.04001e-16 5.07911e-17 2.48824e-17 1.22293e-17 6.03043e-18 2.98374e-18 1.48132e-18 7.37922e-19 3.68829e-19 1.84951e-19 9.30334e-20 4.69269e-20 2.3711e-20 1.19554e-20 6.09216e-21
5.89677e-10 5.34296e-12 2.36264e-12 7.13394e-13 3.40035e-13 1.62216e-13 7.7465e-14 3.7036e-14 1.77305e-14 8.50108e-15 4.08282e-15 1.96454e-15 9.47238e-16 4.57758e-16 2.21754e-16 1.07707e-16 5.24599e-17 2.56262e-17 1.25566e-17 6.17225e-18 3.04389e-18 1.5061e-18 7.47704e-19 3.72436e-19 1.86124e-19 9.33142e-20 4.69269e-20 2.36634e-20 1.19528e-20 6.0251e-21 3.06889e-21
3.16316e-10 2.48952e-12 7.52049e-13 3.58366e-13 1.70895e-13 8.15668e-14 3.89708e-14 1.86412e-14 8.9287e-15 4.28307e-15 2.05803e-15 9.90733e-16 4.77914e-16 2.31053e-16 1.11974e-16 5.44058e-17 2.65071e-17 1.29519e-17 6.34769e-18 3.1207e-18 1.53914e-18 7.61583e-19 3.78076e-19 1.88304e-19 9.40897e-20 4.71621e-20 2.3711e-20 1.19528e-20 6.03551e-21 3.04144e-21 1.54843e-21
1.66768e-10 7.91585e-13 3.77123e-13 1.7978e-13 8.57686e-14 4.09542e-14 1.95755e-14 9.36777e-15 4.48889e-15 2.15423e-15 1.03555e-15 4.98717e-16 2.40667e-16 1.16396e-16 5.64278e-17 2.74255e-17 1.33656e-17 6.53222e-18 3.202e-18 1.5744e-18 7.76561e-19 3.8426e-19 1.90754e-19 9.49988e-20 4.74615e-20 2.37854e-20 1.19554e-20 6.0251e-21 3.04144e-21 1.53226e-21 7.79769e-22
8.97497e-11 3.99498e-13 1.90453e-13 9.08536e-14 4.3374e-14 2.07254e-14 9.91348e-15 4.74744e-15 2.27651e-15 1.09327e-15 5.25902e-16 2.53441e-16 1.22381e-16 5.92237e-17 2.8727e-17 1.39691e-17 6.81075e-18 3.32987e-18 1.63273e-18 8.02977e-19 3.96115e-19 1.96016e-19 9.73018e-20 4.84517e-20 2.42013e-20 1.21249e-20 6.09216e-21 3.06889e-21 1.54843e-21 7.79769e-22 3.96566e-22
