0.987597 0.00613414 3.81003e-05 2.36648e-07 1.46986e-09 9.12957e-12 5.67054e-14 3.52208e-16 2.18762e-18 1.35877e-20 8.43958e-23 5.24198e-25 3.25589e-27 2.02229e-29 1.25608e-31 7.80174e-34 4.8458e-36 3.00982e-38 1.86945e-40 1.16115e-42 7.21211e-45 4.47957e-47 2.78234e-49 1.72816e-51 1.07339e-53 6.66704e-56 4.14102e-58 2.57206e-60 1.59755e-62 9.92269e-65 6.16316e-67 3.82805e-69 2.37767e-71 1.47681e-73 9.17276e-76 5.69737e-78 3.53874e-80 2.19797e-82 1.3652e-84 8.47951e-87 5.26677e-89 3.27129e-91 2.03186e-93 1.26202e-95 7.83865e-98 4.86873e-100 3.02405e-102 1.87829e-104 1.16664e-106 7.24623e-109 4.50076e-111 2.7955e-113 1.73634e-115 1.07847e-117 6.69858e-120 4.16061e-122 2.58423e-124 1.60511e-126 9.96963e-129 6.19232e-131 3.84616e-133 2.38892e-135 1.4838e-137 9.21615e-140 5.72432e-142 3.55548e-144 2.20837e-146 1.37166e-148 8.51962e-151 5.29169e-153 3.28676e-155 2.04147e-157 1.26799e-159 7.87573e-162 4.89176e-164 3.03836e-166 1.88718e-168 1.17216e-170 7.2805e-173 4.52205e-175 2.80873e-177 1.74455e-179 1.08357e-181 6.73026e-184 4.18029e-186 2.59645e-188 1.6127e-190 1.00168e-192 6.22161e-195 3.86435e-197 2.40022e-199 1.49082e-201 9.25975e-204 5.7514e-206 3.5723e-208 2.21882e-210 1.37815e-212 8.55992e-215 5.31672e-217 3.30231e-219 2.05113e-221
0.00613414 5.70712e-05 4.72312e-07 3.66549e-09 2.73128e-11 1.9788e-13 1.40444e-15 9.81248e-18 6.77127e-20 4.62598e-22 3.13429e-24 2.10888e-26 1.41056e-28 9.38667e-31 6.21869e-33 4.10382e-35 2.69882e-37 1.76937e-39 1.15681e-41 7.54423e-44 4.90891e-46 3.18755e-48 2.06589e-50 1.33661e-52 8.63389e-55 5.56886e-57 3.58698e-59 2.30749e-61 1.48263e-63 9.51575e-66 6.10101e-68 3.90784e-70 2.50076e-72 1.59894e-74 1.0215e-76 6.52092e-79 4.1597e-81 2.65164e-83 1.6892e-85 1.07542e-87 6.84251e-90 4.35118e-92 2.76543e-94 1.75669e-96 1.11535e-98 7.07824e-101 4.48995e-103 2.84688e-105 1.80433e-107 1.14311e-109 7.23926e-112 4.58289e-114 2.90021e-116 1.83473e-118 1.1603e-120 7.33551e-123 4.63614e-125 2.92923e-127 1.85023e-129 1.16836e-131 7.37586e-134 4.65516e-136 2.93729e-138 1.85291e-140 1.16858e-142 7.36821e-145 4.64482e-147 2.9274e-149 1.84461e-151 1.16209e-153 7.31958e-156 4.60946e-158 2.90223e-160 1.82699e-162 1.1499e-164 7.23622e-167 4.55291e-169 2.86415e-171 1.80149e-173 1.13292e-175 7.12365e-178 4.47858e-180 2.81524e-182 1.76941e-184 1.11194e-186 6.98677e-189 4.38948e-191 2.75737e-193 1.73189e-195 1.08766e-197 6.82988e-200 4.28827e-202 2.69216e-204 1.68994e-206 1.0607e-208 6.6568e-211 4.17728e-213 2.62106e-215 1.64443e-217 1.0316e-219 6.47087e-222
3.81003e-05 4.72312e-07 4.76178e-09 4.31948e-11 3.66937e-13 2.97914e-15 2.33943e-17 1.7905e-19 1.34263e-21 9.901e-24 7.20042e-26 5.17508e-28 3.68198e-30 2.59675e-32 1.81732e-34 1.26322e-36 8.72745e-39 5.99702e-41 4.10065e-43 2.7915e-45 1.89263e-47 1.27845e-49 8.6064e-52 5.77563e-54 3.86472e-56 2.5791e-58 1.71686e-60 1.14021e-62 7.55601e-65 4.99704e-67 3.29838e-69 2.17323e-71 1.42947e-73 9.38742e-76 6.15546e-78 4.03043e-80 2.63543e-82 1.72104e-84 1.12253e-86 7.313e-89 4.75893e-91 3.09358e-93 2.00896e-95 1.30335e-97 8.44784e-100 5.47071e-102 3.53973e-104 2.28845e-106 1.47832e-108 9.54265e-111 6.15534e-113 3.96762e-115 2.55573e-117 1.64519e-119 1.05839e-121 6.80472e-124 4.37241e-126 2.80792e-128 1.80223e-130 1.15613e-132 7.41276e-135 4.75047e-137 3.04288e-139 1.94818e-141 1.24674e-143 7.97504e-146 5.09922e-148 3.25907e-150 2.08214e-152 1.3297e-154 8.48858e-157 5.41693e-159 3.45553e-161 2.20356e-163 1.4047e-165 8.95159e-168 5.70262e-170 3.63171e-172 2.31214e-174 1.47158e-176 9.36329e-179 5.9559e-181 3.78743e-183 2.40781e-185 1.53033e-187 9.72372e-190 6.17688e-192 3.92282e-194 2.49069e-196 1.58103e-198 1.00336e-200 6.36609e-203 4.03825e-205 2.56105e-207 1.62386e-209 1.02941e-211 6.52438e-214 4.13429e-216 2.61925e-218 1.65909e-220 1.0507e-222
2.36648e-07 3.66549e-09 4.31948e-11 4.44348e-13 4.20237e-15 3.74982e-17 3.2051e-19 2.64972e-21 2.13291e-23 1.67969e-25 1.29874e-27 9.88636e-30 7.42515e-32 5.5116e-34 4.04915e-36 2.9476e-38 2.1282e-40 1.5253e-42 1.08593e-44 7.6845e-47 5.40782e-49 3.78637e-51 2.63871e-53 1.83098e-55 1.26543e-57 8.71316e-60 5.97871e-62 4.08915e-64 2.7883e-66 1.89588e-68 1.28565e-70 8.69633e-73 5.86837e-75 3.95114e-77 2.65462e-79 1.77994e-81 1.19118e-83 7.95711e-86 5.30617e-88 3.53255e-90 2.34807e-92 1.5584e-94 1.03281e-96 6.83536e-99 4.51782e-101 2.98227e-103 1.96623e-105 1.29484e-107 8.51743e-110 5.5967e-112 3.67369e-114 2.40901e-116 1.57817e-118 1.03291e-120 6.75431e-123 4.41287e-125 2.88069e-127 1.87896e-129 1.22461e-131 7.97527e-134 5.19007e-136 3.37512e-138 2.19333e-140 1.42438e-142 9.24413e-145 5.99555e-147 3.88619e-149 2.51744e-151 1.62983e-153 1.05458e-155 6.81984e-158 4.40796e-160 2.84757e-162 1.83861e-164 1.18656e-166 7.65386e-169 4.93476e-171 3.18018e-173 2.04854e-175 1.319e-177 8.48908e-180 5.46129e-182 3.51199e-184 2.25755e-186 1.45062e-188 9.31759e-191 5.98264e-193 3.83993e-195 2.46377e-197 1.58025e-199 1.01322e-201 6.49434e-204 4.16127e-206 2.66549e-208 1.70684e-210 1.09263e-212 6.99239e-215 4.47351e-217 2.86119e-219 1.82945e-221 1.16943e-223
1.46986e-09 2.73128e-11 3.66937e-13 4.20237e-15 4.35965e-17 4.22296e-19 3.88738e-21 3.4395e-23 2.94788e-25 2.46114e-27 2.00998e-29 1.61093e-31 1.27027e-33 9.87504e-36 7.58099e-38 5.75519e-40 4.32558e-42 3.22187e-44 2.38021e-46 1.74535e-48 1.27111e-50 9.19941e-53 6.61947e-55 4.73762e-57 3.37395e-59 2.3917e-61 1.68811e-63 1.18669e-65 8.31058e-68 5.79934e-70 4.03339e-72 2.79633e-74 1.9329e-76 1.3323e-78 9.1587e-81 6.28e-83 4.29571e-85 2.93165e-87 1.99635e-89 1.3566e-91 9.2003e-94 6.22761e-96 4.20772e-98 2.838e-100 1.91094e-102 1.28465e-104 8.62279e-107 5.77917e-109 3.86777e-111 2.58498e-113 1.72535e-115 1.15012e-117 7.65721e-120 5.09191e-122 3.38213e-124 2.24396e-126 1.48722e-128 9.84644e-131 6.51248e-133 4.30318e-135 2.84067e-137 1.8735e-139 1.23452e-141 8.12769e-144 5.34653e-146 3.51416e-148 2.30796e-150 1.5146e-152 9.93217e-155 6.50838e-157 4.26179e-159 2.78877e-161 1.82364e-163 1.19174e-165 7.78297e-168 5.07971e-170 3.31335e-172 2.15993e-174 1.40721e-176 9.16289e-179 5.96302e-181 3.87852e-183 2.52137e-185 1.63826e-187 1.06393e-189 6.906e-192 4.48056e-194 2.90558e-196 1.88336e-198 1.22022e-200 7.90224e-203 5.11534e-205 3.3099e-207 2.1408e-209 1.38407e-211 8.94477e-214 5.77843e-216 3.7315e-218 2.40877e-220 1.55434e-222 1.00263e-224
9.12957e-12 1.9788e-13 2.97914e-15 3.74982e-17 4.22296e-19 4.40147e-21 4.33038e-23 4.07304e-25 3.69461e-27 3.25245e-29 2.79188e-31 2.34534e-33 1.93369e-35 1.56836e-37 1.25373e-39 9.8934e-42 7.71691e-44 5.95642e-46 4.55397e-48 3.45158e-50 2.59528e-52 1.93716e-54 1.43616e-56 1.05807e-58 7.74985e-61 5.64558e-63 4.09182e-65 2.9516e-67 2.11962e-69 1.51577e-71 1.07966e-73 7.66158e-76 5.41767e-78 3.81814e-80 2.68231e-82 1.8787e-84 1.31207e-86 9.13831e-89 6.34809e-91 4.39884e-93 3.04088e-95 2.09735e-97 1.44342e-99 9.91308e-102 6.7944e-104 4.6479e-106 3.17364e-108 2.16314e-110 1.47186e-112 9.9984e-115 6.78113e-117 4.59205e-119 3.10504e-121 2.09654e-123 1.41364e-125 9.51906e-128 6.40155e-130 4.29963e-132 2.88436e-134 1.93266e-136 1.2935e-138 8.64759e-141 5.77507e-143 3.8527e-145 2.56764e-147 1.70952e-149 1.13709e-151 7.55641e-154 5.01695e-156 3.32799e-158 2.20571e-160 1.46068e-162 9.66504e-165 6.39011e-167 4.22159e-169 2.78686e-171 1.83838e-173 1.21183e-175 7.98256e-178 5.25466e-180 3.45666e-182 2.27239e-184 1.49291e-186 9.80189e-189 6.43163e-191 4.21767e-193 2.7642e-195 1.81058e-197 1.18528e-199 7.7551e-202 5.0713e-204 3.31454e-206 2.16522e-208 1.41372e-210 9.22585e-213 6.01783e-215 3.92343e-217 2.55676e-219 1.66538e-221 1.08429e-223 7.05638e-226
5.67054e-14 1.40444e-15 2.33943e-17 3.2051e-19 3.88738e-21 4.33038e-23 4.52681e-25 4.50275e-27 4.30259e-29 3.97695e-31 3.57425e-33 3.13599e-35 2.69459e-37 2.27325e-39 1.88689e-41 1.54363e-43 1.24646e-45 9.94689e-48 7.85301e-50 6.1394e-52 4.75672e-54 3.65499e-56 2.78699e-58 2.11006e-60 1.58701e-62 1.18627e-64 8.81609e-67 6.51656e-69 4.79237e-71 3.50754e-73 2.5556e-75 1.85408e-77 1.3397e-79 9.64325e-82 6.91607e-84 4.94304e-86 3.52126e-88 2.50057e-90 1.77044e-92 1.24991e-94 8.80013e-97 6.17962e-99 4.32856e-101 3.02468e-103 2.10868e-105 1.46683e-107 1.01817e-109 7.05285e-112 4.87586e-114 3.36441e-116 2.31722e-118 1.59314e-120 1.09344e-122 7.49233e-125 5.12557e-127 3.50101e-129 2.38777e-131 1.62615e-133 1.1059e-135 7.51069e-138 5.09409e-140 3.4506e-142 2.33443e-144 1.5774e-146 1.0646e-148 7.17692e-151 4.83286e-153 3.25087e-155 2.18442e-157 1.46631e-159 9.83293e-162 6.58742e-164 4.40895e-166 2.94817e-168 1.9696e-170 1.31468e-172 8.76777e-175 5.84242e-177 3.88992e-179 2.58786e-181 1.72028e-183 1.14269e-185 7.58456e-188 5.03055e-190 3.33419e-192 2.20831e-194 1.46162e-196 9.66754e-199 6.39018e-201 4.22116e-203 2.78661e-205 1.83846e-207 1.21218e-209 7.98778e-212 5.26056e-214 3.4625e-216 2.27775e-218 1.49756e-220 9.8408e-223 6.46319e-225 4.24267e-227
3.52208e-16 9.81248e-18 1.7905e-19 2.64972e-21 3.4395e-23 4.07304e-25 4.50275e-27 4.71665e-29 4.72985e-31 4.57456e-33 4.29106e-35 3.92076e-37 3.50148e-39 3.06486e-41 2.6353e-43 2.23013e-45 1.86038e-47 1.5319e-49 1.24659e-51 1.0035e-53 7.99821e-56 6.31666e-58 4.94649e-60 3.84312e-62 2.96404e-64 2.27043e-66 1.72802e-68 1.30729e-70 9.83423e-73 7.35856e-75 5.47846e-77 4.05936e-79 2.99433e-81 2.1993e-83 1.60881e-85 1.17232e-87 8.51116e-90 6.15753e-92 4.43986e-94 3.19109e-96 2.28653e-98 1.63358e-100 1.1638e-102 8.26886e-105 5.85981e-107 4.14226e-109 2.92112e-111 2.05521e-113 1.44277e-115 1.01065e-117 7.06495e-120 4.92886e-122 3.43198e-124 2.38523e-126 1.65474e-128 1.14597e-130 7.92276e-133 5.4685e-135 3.7685e-137 2.59298e-139 1.78147e-141 1.22216e-143 8.37262e-146 5.72796e-148 3.91345e-150 2.67028e-152 1.81972e-154 1.23857e-156 8.42007e-159 5.7175e-161 3.87797e-163 2.62737e-165 1.77816e-167 1.20216e-169 8.11916e-172 5.47803e-174 3.69244e-176 2.48649e-178 1.67285e-180 1.12443e-182 7.55127e-185 5.06676e-187 3.39681e-189 2.27537e-191 1.52293e-193 1.0185e-195 6.80616e-198 4.54479e-200 3.0325e-202 2.02195e-204 1.34719e-206 8.96978e-209 5.9681e-211 3.96823e-213 2.63676e-215 1.75091e-217 1.16193e-219 7.70593e-222 5.10745e-224 3.38316e-226 2.23967e-228
2.18762e-18 6.77127e-20 1.34263e-21 2.13291e-23 2.94788e-25 3.69461e-27 4.30259e-29 4.72985e-31 4.962e-33 5.00718e-35 4.88923e-37 4.64088e-39 4.29793e-41 3.89494e-43 3.4624e-45 3.02529e-47 2.60261e-49 2.20767e-51 1.84878e-53 1.53014e-55 1.25281e-57 1.01556e-59 8.15667e-62 6.49517e-64 5.13089e-66 4.02297e-68 3.13227e-70 2.42278e-72 1.86244e-74 1.42336e-76 1.08182e-78 8.17958e-81 6.15403e-83 4.60842e-85 3.43564e-87 2.55046e-89 1.88571e-91 1.38885e-93 1.01914e-95 7.4521e-98 5.43074e-100 3.94489e-102 2.85668e-104 2.06251e-106 1.48486e-108 1.06605e-110 7.63347e-113 5.45201e-115 3.88438e-117 2.76094e-119 1.95793e-121 1.3854e-123 9.78192e-126 6.89248e-128 4.84683e-130 3.40171e-132 2.38299e-134 1.66632e-136 1.16313e-138 8.10499e-141 5.63841e-143 3.91616e-145 2.71571e-147 1.88038e-149 1.30006e-151 8.97544e-154 6.18784e-156 4.26021e-158 2.92917e-160 2.01139e-162 1.37943e-164 9.44868e-167 6.46428e-169 4.41734e-171 3.01513e-173 2.05574e-175 1.40009e-177 9.52543e-180 6.47383e-182 4.39539e-184 2.98128e-186 2.02017e-188 1.36761e-190 9.24977e-193 6.25038e-195 4.21985e-197 2.84649e-199 1.91846e-201 1.29191e-203 8.69279e-206 5.84437e-208 3.92623e-210 2.6356e-212 1.76789e-214 1.18498e-216 7.93692e-219 5.31232e-221 3.55314e-223 2.37489e-225 1.58629e-227 1.05886e-229
1.35877e-20 4.62598e-22 9.901e-24 1.67969e-25 2.46114e-27 3.25245e-29 3.97695e-31 4.57456e-33 5.00718e-35 5.25898e-37 5.33336e-39 5.24816e-41 5.03033e-43 4.71116e-45 4.32231e-47 3.89307e-49 3.4486e-51 3.0091e-53 2.5897e-55 2.20081e-57 1.84872e-59 1.53639e-61 1.2642e-63 1.03065e-65 8.33036e-68 6.67905e-70 5.31475e-72 4.19922e-74 3.29572e-76 2.57036e-78 1.99274e-80 1.53623e-82 1.17798e-84 8.98703e-87 6.82331e-89 5.15675e-91 3.88019e-93 2.90744e-95 2.16985e-97 1.6132e-99 1.19495e-101 8.8204e-104 6.48874e-106 4.75801e-108 3.47806e-110 2.53482e-112 1.84206e-114 1.33491e-116 9.64802e-119 6.95504e-121 5.00122e-123 3.5876e-125 2.56755e-127 1.83339e-129 1.30629e-131 9.28766e-134 6.58995e-136 4.66654e-138 3.29815e-140 2.32667e-142 1.63836e-144 1.15164e-146 8.08127e-149 5.66133e-151 3.95963e-153 2.76506e-155 1.92792e-157 1.34222e-159 9.33093e-162 6.47755e-164 4.49052e-166 3.10883e-168 2.14944e-170 1.48421e-172 1.02359e-174 7.05051e-177 4.85064e-179 3.33327e-181 2.28795e-183 1.5687e-185 1.07438e-187 7.35048e-190 5.02366e-192 3.42991e-194 2.33944e-196 1.5941e-198 1.08519e-200 7.38054e-203 5.01502e-205 3.40461e-207 2.30929e-209 1.565e-211 1.0597e-213 7.16958e-216 4.84674e-218 3.27385e-220 2.20967e-222 1.49026e-224 1.00431e-226 6.76324e-229 4.55119e-231
8.43958e-23 3.13429e-24 7.20042e-26 1.29874e-27 2.00998e-29 2.79188e-31 3.57425e-33 4.29106e-35 4.88923e-37 5.33336e-39 5.60666e-41 5.70907e-43 5.65389e-45 5.46357e-47 5.16565e-49 4.78933e-51 4.36265e-53 3.91075e-55 3.4547e-57 3.01112e-59 2.59225e-61 2.20628e-63 1.85799e-65 1.54932e-67 1.28009e-69 1.04858e-71 8.5203e-74 6.87087e-76 5.50129e-78 4.37508e-80 3.4573e-82 2.71559e-84 2.1208e-86 1.6473e-88 1.2729e-90 9.78752e-93 7.49042e-95 5.70672e-97 4.32912e-99 3.27059e-101 2.46116e-103 1.84507e-105 1.37818e-107 1.02586e-109 7.61047e-112 5.62774e-114 4.14864e-116 3.04914e-118 2.23456e-120 1.63304e-122 1.19023e-124 8.65234e-127 6.27397e-129 4.5383e-131 3.27506e-133 2.35805e-135 1.69404e-137 1.2144e-139 8.68754e-142 6.20228e-144 4.4193e-146 3.14287e-148 2.23096e-150 1.5808e-152 1.11814e-154 7.89546e-157 5.5659e-159 3.91732e-161 2.7527e-163 1.93135e-165 1.35304e-167 9.46514e-170 6.61186e-172 4.61228e-174 3.21305e-176 2.23534e-178 1.55313e-180 1.07776e-182 7.46958e-185 5.17067e-187 3.57507e-189 2.46899e-191 1.70318e-193 1.17361e-195 8.07821e-198 5.55451e-200 3.81527e-202 2.61795e-204 1.79459e-206 1.22898e-208 8.40831e-211 5.7473e-213 3.92482e-215 2.67783e-217 1.82542e-219 1.24327e-221 8.46048e-224 5.75258e-226 3.90817e-228 2.65298e-230 1.7995e-232
5.24198e-25 2.10888e-26 5.17508e-28 9.88636e-30 1.61093e-31 2.34534e-33 3.13599e-35 3.92076e-37 4.64088e-39 5.24816e-41 5.70907e-43 6.00603e-45 6.13637e-47 6.10979e-49 5.94511e-51 5.66679e-53 5.3018e-55 4.87705e-57 4.4175e-59 3.94489e-61 3.47709e-63 3.02794e-65 2.60739e-67 2.22192e-69 1.87507e-71 1.56798e-73 1.30001e-75 1.06919e-77 8.72699e-80 7.07236e-82 5.69273e-84 4.55289e-86 3.61915e-88 2.8603e-90 2.24813e-92 1.75772e-94 1.36741e-96 1.05869e-98 8.15927e-101 6.26076e-103 4.78384e-105 3.64062e-107 2.75989e-109 2.08445e-111 1.56868e-113 1.17647e-115 8.79403e-118 6.55243e-120 4.86715e-122 3.60456e-124 2.66182e-126 1.96017e-128 1.43959e-130 1.05452e-132 7.70494e-135 5.61594e-137 4.08362e-139 2.96257e-141 2.14448e-143 1.54894e-145 1.11643e-147 8.03042e-150 5.76477e-152 4.13034e-154 2.95373e-156 2.10844e-158 1.50236e-160 1.06865e-162 7.58855e-165 5.3798e-167 3.80779e-169 2.69091e-171 1.89871e-173 1.33773e-175 9.41119e-178 6.61152e-180 4.63823e-182 3.24947e-184 2.2735e-186 1.58859e-188 1.1086e-190 7.72677e-193 5.37888e-195 3.73997e-197 2.59739e-199 1.80182e-201 1.24853e-203 8.64188e-206 5.97519e-208 4.12704e-210 2.84758e-212 1.9628e-214 1.35158e-216 9.29795e-219 6.39024e-221 4.38773e-223 3.00998e-225 2.06298e-227 1.41267e-229 9.66519e-232 6.60705e-234
3.25589e-27 1.41056e-28 3.68198e-30 7.42515e-32 1.27027e-33 1.93369e-35 2.69459e-37 3.50148e-39 4.29793e-41 5.03033e-43 5.65389e-45 6.13637e-47 6.45947e-49 6.61841e-51 6.61999e-53 6.48e-55 6.22025e-57 5.8658e-59 5.44248e-61 4.97502e-63 4.48565e-65 3.99333e-67 3.51333e-69 3.05723e-71 2.63316e-73 2.24621e-75 1.89891e-77 1.59173e-79 1.32361e-81 1.09235e-83 8.95078e-86 7.28471e-88 5.89071e-90 4.7344e-92 3.78295e-94 3.00595e-96 2.37592e-98 1.86844e-100 1.46224e-102 1.13905e-104 8.8335e-107 6.82129e-109 5.24587e-111 4.01841e-113 3.0665e-115 2.33154e-117 1.7665e-119 1.33385e-121 1.00387e-123 7.53132e-126 5.63295e-128 4.20064e-130 3.12358e-132 2.31625e-134 1.71297e-136 1.26353e-138 9.29666e-141 6.82345e-143 4.99631e-145 3.64999e-147 2.66049e-149 1.93501e-151 1.40439e-153 1.01717e-155 7.35242e-158 5.30418e-160 3.81927e-162 2.74498e-164 1.9693e-166 1.41033e-168 1.00829e-170 7.19646e-173 5.12796e-175 3.64818e-177 2.59139e-179 1.83792e-181 1.30159e-183 9.20432e-186 6.49967e-188 4.5834e-190 3.2277e-192 2.26997e-194 1.59435e-196 1.11839e-198 7.83539e-201 5.48274e-203 3.83191e-205 2.67499e-207 1.86523e-209 1.29913e-211 9.03841e-214 6.28148e-216 4.36085e-218 3.02432e-220 2.09527e-222 1.45016e-224 1.00269e-226 6.92622e-229 4.77985e-231 3.29554e-233 2.27009e-235
2.02229e-29 9.38667e-31 2.59675e-32 5.5116e-34 9.87504e-36 1.56836e-37 2.27325e-39 3.06486e-41 3.89494e-43 4.71116e-45 5.46357e-47 6.10979e-49 6.61841e-51 6.97046e-53 7.15931e-55 7.18936e-57 7.0738e-59 6.83218e-61 6.48784e-63 6.0656e-65 5.58993e-67 5.08348e-69 4.56614e-71 4.0545e-73 3.56165e-75 3.09734e-77 2.66818e-79 2.2781e-81 1.92877e-83 1.6201e-85 1.35064e-87 1.118e-89 9.1919e-92 7.50887e-94 6.09652e-96 4.92097e-98 3.94999e-100 3.15372e-102 2.50515e-104 1.98025e-106 1.558e-108 1.22029e-110 9.51646e-113 7.39065e-115 5.71678e-117 4.40499e-119 3.38161e-121 2.58669e-123 1.9718e-125 1.49806e-127 1.13447e-129 8.56439e-132 6.44596e-134 4.83734e-136 3.61987e-138 2.70138e-140 2.01057e-142 1.49254e-144 1.10521e-146 8.16396e-149 6.01627e-151 4.42336e-153 3.24491e-155 2.37523e-157 1.73495e-159 1.26465e-161 9.19978e-164 6.67933e-166 4.84013e-168 3.50083e-170 2.52752e-172 1.82157e-174 1.31052e-176 9.4126e-179 6.74925e-181 4.83171e-183 3.45351e-185 2.46462e-187 1.75624e-189 1.24962e-191 8.87862e-194 6.2994e-196 4.46327e-198 3.15805e-200 2.23156e-202 1.57484e-204 1.10997e-206 7.81348e-209 5.49349e-211 3.85773e-213 2.70586e-215 1.89574e-217 1.32667e-219 9.27397e-222 6.47584e-224 4.51714e-226 3.14758e-228 2.191e-230 1.5236e-232 1.05844e-234 7.34583e-237
1.25608e-31 6.21869e-33 1.81732e-34 4.04915e-36 7.58099e-38 1.25373e-39 1.88689e-41 2.6353e-43 3.4624e-45 4.32231e-47 5.16565e-49 5.94511e-51 6.61999e-53 7.15931e-55 7.54341e-57 7.76406e-59 7.82352e-61 7.73276e-63 7.5093e-65 7.17495e-67 6.75362e-69 6.26949e-71 5.74556e-73 5.20255e-75 4.65826e-77 4.12727e-79 3.62083e-81 3.14712e-83 2.71147e-85 2.31682e-87 1.96412e-89 1.65275e-91 1.38092e-93 1.14606e-95 9.45063e-98 7.74559e-100 6.31116e-102 5.11372e-104 4.12135e-106 3.30458e-108 2.63667e-110 2.09385e-112 1.65525e-114 1.30282e-116 1.02113e-118 7.97113e-121 6.19816e-123 4.80143e-125 3.70595e-127 2.85037e-129 2.18489e-131 1.66928e-133 1.2713e-135 9.6523e-138 7.30661e-140 5.51499e-142 4.15101e-144 3.11588e-146 2.33269e-148 1.74188e-150 1.29746e-152 9.64088e-155 7.14681e-157 5.28579e-159 3.90064e-161 2.8722e-163 2.11043e-165 1.5475e-167 1.13243e-169 8.27065e-172 6.02884e-174 4.38646e-176 3.18567e-178 2.30947e-180 1.67134e-182 1.20748e-184 8.70901e-187 6.27121e-189 4.50861e-191 3.23637e-193 2.31959e-195 1.66003e-197 1.18628e-199 8.46519e-202 6.03225e-204 4.29265e-206 3.05063e-208 2.16511e-210 1.53466e-212 1.08641e-214 7.68131e-217 5.42436e-219 3.82599e-221 2.69545e-223 1.89678e-225 1.33326e-227 9.36118e-230 6.5656e-232 4.59996e-234 3.21942e-236 2.25089e-238
7.80174e-34 4.10382e-35 1.26322e-36 2.9476e-38 5.75519e-40 9.8934e-42 1.54363e-43 2.23013e-45 3.02529e-47 3.89307e-49 4.78933e-51 5.66679e-53 6.48e-55 7.18936e-57 7.76406e-59 8.18367e-61 8.43849e-63 8.52887e-65 8.4638e-67 8.25899e-69 7.93484e-71 7.51442e-73 7.02164e-75 6.47977e-77 5.91033e-79 5.33224e-81 4.76148e-83 4.21083e-85 3.68998e-87 3.20573e-89 2.76233e-91 2.36184e-93 2.00457e-95 1.68944e-97 1.41435e-99 1.17651e-101 9.72723e-104 7.99554e-106 6.53551e-108 5.31357e-110 4.29796e-112 3.45935e-114 2.7712e-116 2.20983e-118 1.75446e-120 1.38704e-122 1.0921e-124 8.56491e-127 6.69163e-129 5.20889e-131 4.0403e-133 3.12312e-135 2.40612e-137 1.84776e-139 1.41454e-141 1.07962e-143 8.21575e-146 6.23424e-148 4.71755e-150 3.56023e-152 2.67981e-154 2.01198e-156 1.50684e-158 1.1258e-160 8.39148e-163 6.24054e-165 4.63061e-167 3.42855e-169 2.53316e-171 1.86775e-173 1.37436e-175 1.00931e-177 7.39807e-180 5.41247e-182 3.95255e-184 2.88126e-186 2.09665e-188 1.52309e-190 1.10459e-192 7.99766e-195 5.78136e-197 4.17269e-199 3.00701e-201 2.16372e-203 1.55463e-205 1.11539e-207 7.99123e-210 5.7174e-212 4.08501e-214 2.9148e-216 2.0771e-218 1.47826e-220 1.05075e-222 7.45948e-225 5.28925e-227 3.74596e-229 2.64988e-231 1.87237e-233 1.3215e-235 9.31671e-238 6.56126e-240
4.8458e-36 2.69882e-37 8.72745e-39 2.1282e-40 4.32558e-42 7.71691e-44 1.24646e-45 1.86038e-47 2.60261e-49 3.4486e-51 4.36265e-53 5.3018e-55 6.22025e-57 7.0738e-59 7.82352e-61 8.43849e-63 8.89745e-65 9.1893e-67 9.31265e-69 9.27466e-71 9.0894e-73 8.77599e-75 8.35668e-77 7.85513e-79 7.29487e-81 6.69812e-83 6.08494e-85 5.47261e-87 4.87543e-89 4.30462e-91 3.76847e-93 3.2726e-95 2.82027e-97 2.41278e-99 2.04986e-101 1.73001e-103 1.45083e-105 1.20934e-107 1.00221e-109 8.25933e-112 6.77034e-114 5.52135e-116 4.48059e-118 3.61878e-120 2.90938e-122 2.32875e-124 1.85609e-126 1.4733e-128 1.16482e-130 9.17411e-133 7.19877e-135 5.62852e-137 4.38553e-139 3.40555e-141 2.63595e-143 2.03381e-145 1.56442e-147 1.19977e-149 9.1746e-152 6.99607e-154 5.32026e-156 4.03512e-158 3.0525e-160 2.30335e-162 1.7338e-164 1.30197e-166 9.75413e-169 7.29107e-171 5.43791e-173 4.04702e-175 3.00554e-177 2.22749e-179 1.64754e-181 1.2162e-183 8.96066e-186 6.58964e-188 4.83712e-190 3.54433e-192 2.59251e-194 1.89305e-196 1.37999e-198 1.00433e-200 7.29752e-203 5.2941e-205 3.83477e-207 2.77351e-209 2.00298e-211 1.44442e-213 1.04014e-215 7.47967e-218 5.3713e-220 3.85206e-222 2.75889e-224 1.97339e-226 1.40975e-228 1.00584e-230 7.16775e-233 5.10171e-235 3.6269e-237 2.57544e-239 1.82672e-241
3.00982e-38 1.76937e-39 5.99702e-41 1.5253e-42 3.22187e-44 5.95642e-46 9.94689e-48 1.5319e-49 2.20767e-51 3.0091e-53 3.91075e-55 4.87705e-57 5.8658e-59 6.83218e-61 7.73276e-63 8.52887e-65 9.1893e-67 9.69189e-69 1.00241e-70 1.0183e-72 1.0174e-74 1.00096e-76 9.70775e-79 9.28997e-81 8.77964e-83 8.20053e-85 7.57556e-87 6.92583e-89 6.26995e-91 5.62371e-93 4.99987e-95 4.40824e-97 3.85587e-99 3.3473e-101 2.88493e-103 2.46937e-105 2.09981e-107 1.77435e-109 1.49033e-111 1.24455e-113 1.03355e-115 8.53759e-118 7.01637e-120 5.73781e-122 4.66998e-124 3.7835e-126 3.05178e-128 2.45109e-130 1.96054e-132 1.56193e-134 1.23957e-136 9.8008e-139 7.72116e-141 6.06155e-143 4.74253e-145 3.69834e-147 2.87485e-149 2.2278e-151 1.72119e-153 1.32589e-155 1.01847e-157 7.8017e-160 5.96015e-162 4.54136e-164 3.45146e-166 2.61661e-168 1.97889e-170 1.49305e-172 1.12389e-174 8.44108e-177 6.32581e-179 4.73045e-181 3.53003e-183 2.62885e-185 1.95381e-187 1.44928e-189 1.07298e-191 7.92898e-194 5.84856e-196 4.3063e-198 3.16518e-200 2.32246e-202 1.70125e-204 1.24415e-206 9.08406e-209 6.62217e-211 4.82002e-213 3.50299e-215 2.54204e-217 1.84201e-219 1.33285e-221 9.63076e-224 6.9493e-226 5.00766e-228 3.60373e-230 2.59002e-232 1.85909e-234 1.33275e-236 9.54252e-239 6.82417e-241 4.87437e-243
1.86945e-40 1.15681e-41 4.10065e-43 1.08593e-44 2.38021e-46 4.55397e-48 7.85301e-50 1.24659e-51 1.84878e-53 2.5897e-55 3.4547e-57 4.4175e-59 5.44248e-61 6.48784e-63 7.5093e-65 8.4638e-67 9.31265e-69 1.00241e-70 1.05751e-72 1.09516e-74 1.11491e-76 1.11714e-78 1.10296e-80 1.07405e-82 1.03249e-84 9.80589e-87 9.20752e-89 8.55336e-91 7.86553e-93 7.16395e-95 6.46588e-97 5.78566e-99 5.13467e-101 4.52144e-103 3.95187e-105 3.42955e-107 2.95608e-109 2.53143e-111 2.1543e-113 1.82242e-115 1.53283e-117 1.28216e-119 1.0668e-121 8.83091e-124 7.27426e-126 5.96362e-128 4.86678e-130 3.95415e-132 3.19895e-134 2.57732e-136 2.0682e-138 1.65324e-140 1.3166e-142 1.0447e-144 8.2604e-147 6.50918e-149 5.11224e-151 4.00218e-153 3.12337e-155 2.43013e-157 1.88517e-159 1.45822e-161 1.12481e-163 8.65263e-166 6.63843e-168 5.07994e-170 3.87754e-172 2.95247e-174 2.2427e-176 1.69958e-178 1.28505e-180 9.69455e-183 7.29776e-185 5.48184e-187 4.10922e-189 3.07404e-191 2.29507e-193 1.71016e-195 1.2719e-197 9.44185e-200 6.99634e-202 5.17499e-204 3.82111e-206 2.8166e-208 2.07268e-210 1.52274e-212 1.11691e-214 8.1795e-217 5.98083e-219 4.36652e-221 3.18319e-223 2.31716e-225 1.68432e-227 1.22259e-229 8.86211e-232 6.4151e-234 4.63757e-236 3.34818e-238 2.41417e-240 1.73851e-242 1.25039e-244
1.16115e-42 7.54423e-44 2.7915e-45 7.6845e-47 1.74535e-48 3.45158e-50 6.1394e-52 1.0035e-53 1.53014e-55 2.20081e-57 3.01112e-59 3.94489e-61 4.97502e-63 6.0656e-65 7.17495e-67 8.25899e-69 9.27466e-71 1.0183e-72 1.09516e-74 1.15561e-76 1.19813e-78 1.2221e-80 1.22775e-82 1.21605e-84 1.18857e-86 1.14732e-88 1.09458e-90 1.03278e-92 9.64346e-95 8.91587e-97 8.16625e-99 7.41337e-101 6.67316e-103 5.9586e-105 5.27979e-107 4.64407e-109 4.0563e-111 3.51918e-113 3.03358e-115 2.59887e-117 2.21328e-119 1.87418e-121 1.57835e-123 1.32221e-125 1.10201e-127 9.13993e-130 7.54469e-132 6.19946e-134 5.07162e-136 4.13127e-138 3.35139e-140 2.70787e-142 2.17944e-144 1.74755e-146 1.39615e-148 1.11147e-150 8.81805e-153 6.97266e-155 5.49562e-157 4.31784e-159 3.3821e-161 2.64126e-163 2.05672e-165 1.59703e-167 1.23667e-169 9.55058e-172 7.35648e-174 5.65201e-176 4.33167e-178 3.31172e-180 2.52593e-182 1.92214e-184 1.45937e-186 1.10558e-188 8.35743e-191 6.30436e-193 4.74583e-195 3.56539e-197 2.67327e-199 2.00051e-201 1.49422e-203 1.114e-205 8.29024e-208 6.15853e-210 4.56699e-212 3.38097e-214 2.49877e-216 1.84373e-218 1.35822e-220 9.98983e-223 7.33622e-225 5.37932e-227 3.93853e-229 2.87942e-231 2.10209e-233 1.53244e-235 1.11562e-237 8.11064e-240 5.88862e-242 4.26974e-244 3.09191e-246
7.21211e-45 4.90891e-46 1.89263e-47 5.40782e-49 1.27111e-50 2.59528e-52 4.75672e-54 7.99821e-56 1.25281e-57 1.84872e-59 2.59225e-61 3.47709e-63 4.48565e-65 5.58993e-67 6.75362e-69 7.93484e-71 9.0894e-73 1.0174e-74 1.11491e-76 1.19813e-78 1.26453e-80 1.31242e-82 1.34103e-84 1.35044e-86 1.34148e-88 1.31561e-90 1.27478e-92 1.22126e-94 1.15747e-96 1.08592e-98 1.00901e-100 9.28993e-103 8.47903e-105 7.67491e-107 6.89224e-109 6.14274e-111 5.43527e-113 4.77608e-115 4.16907e-117 3.6161e-119 3.11734e-121 2.67162e-123 2.27671e-125 1.92963e-127 1.6269e-129 1.36474e-131 1.13924e-133 9.46527e-136 7.82832e-138 6.44597e-140 5.2851e-142 4.31543e-144 3.50958e-146 2.84315e-148 2.29461e-150 1.84515e-152 1.47847e-154 1.18059e-156 9.39571e-159 7.45326e-161 5.89369e-163 4.64611e-165 3.65165e-167 2.86167e-169 2.23621e-171 1.74262e-173 1.35431e-175 1.04975e-177 8.11589e-180 6.25887e-182 4.81493e-184 3.69525e-186 2.82932e-188 2.16136e-190 1.64741e-192 1.25293e-194 9.50878e-197 7.20135e-199 5.44271e-201 4.10531e-203 3.09048e-205 2.32206e-207 1.74142e-209 1.30356e-211 9.74043e-214 7.26533e-216 5.40978e-218 4.02129e-220 2.98419e-222 2.21094e-224 1.63542e-226 1.20781e-228 8.90626e-231 6.55742e-233 4.82085e-235 3.53898e-237 2.59423e-239 1.899e-241 1.38815e-243 1.01335e-245 7.3875e-248
4.47957e-47 3.18755e-48 1.27845e-49 3.78637e-51 9.19941e-53 1.93716e-54 3.65499e-56 6.31666e-58 1.01556e-59 1.53639e-61 2.20628e-63 3.02794e-65 3.99333e-67 5.08348e-69 6.26949e-71 7.51442e-73 8.77599e-75 1.00096e-76 1.11714e-78 1.2221e-80 1.31242e-82 1.3854e-84 1.43922e-86 1.47296e-88 1.48652e-90 1.48062e-92 1.4566e-94 1.41635e-96 1.36209e-98 1.29631e-100 1.22153e-102 1.14029e-104 1.05496e-106 9.67723e-109 8.805e-111 7.94931e-113 7.12358e-115 6.33831e-117 5.60121e-119 4.91751e-121 4.29017e-123 3.72027e-125 3.20735e-127 2.74969e-129 2.34462e-131 1.98883e-133 1.67856e-135 1.40982e-137 1.17856e-139 9.80763e-142 8.12581e-144 6.70378e-146 5.50782e-148 4.50715e-150 3.67399e-152 2.98358e-154 2.41407e-156 1.94633e-158 1.56381e-160 1.25226e-162 9.995e-165 7.95227e-167 6.30747e-169 4.98781e-171 3.93268e-173 3.09189e-175 2.42407e-177 1.89533e-179 1.47798e-181 1.14955e-183 8.91839e-186 6.90193e-188 5.3285e-190 4.10406e-192 3.1537e-194 2.41794e-196 1.84975e-198 1.41202e-200 1.0756e-202 8.1764e-205 6.20288e-207 4.69638e-209 3.54886e-211 2.67662e-213 2.015e-215 1.51415e-217 1.13575e-219 8.50418e-222 6.35673e-224 4.74351e-226 3.53382e-228 2.62834e-230 1.95174e-232 1.44705e-234 1.0712e-236 7.91778e-239 5.84371e-241 4.30665e-243 3.16932e-245 2.32905e-247 1.70918e-249
2.78234e-49 2.06589e-50 8.6064e-52 2.63871e-53 6.61947e-55 1.43616e-56 2.78699e-58 4.94649e-60 8.15667e-62 1.2642e-63 1.85799e-65 2.60739e-67 3.51333e-69 4.56614e-71 5.74556e-73 7.02164e-75 8.35668e-77 9.70775e-79 1.10296e-80 1.22775e-82 1.34103e-84 1.43922e-86 1.51951e-88 1.5799e-90 1.61931e-92 1.63749e-94 1.63501e-96 1.61311e-98 1.57361e-100 1.51873e-102 1.45094e-104 1.37285e-106 1.28709e-108 1.19616e-110 1.10241e-112 1.00792e-114 9.14523e-117 8.2373e-119 7.36765e-121 6.5456e-123 5.77779e-125 5.06843e-127 4.41964e-129 3.83175e-131 3.30365e-133 2.83311e-135 2.41705e-137 2.05181e-139 1.73336e-141 1.45751e-143 1.22003e-145 1.01677e-147 8.43785e-150 6.97353e-152 5.74035e-154 4.70696e-156 3.84509e-158 3.12956e-160 2.53814e-162 2.05138e-164 1.6524e-166 1.32667e-168 1.06175e-170 8.47103e-173 6.73805e-175 5.34381e-177 4.22589e-179 3.33246e-181 2.62074e-183 2.05552e-185 1.60799e-187 1.2547e-189 9.76592e-192 7.58279e-194 5.87368e-196 4.53922e-198 3.49996e-200 2.69263e-202 2.06701e-204 1.58337e-206 1.21036e-208 9.23329e-211 7.02956e-213 5.34128e-215 4.05067e-217 3.06611e-219 2.31657e-221 1.74708e-223 1.31525e-225 9.88426e-228 7.41541e-230 5.55387e-232 4.15277e-234 3.1001e-236 2.31059e-238 1.71945e-240 1.27758e-242 9.47831e-245 7.02149e-247 5.19391e-249 3.83651e-251
1.72816e-51 1.33661e-52 5.77563e-54 1.83098e-55 4.73762e-57 1.05807e-58 2.11006e-60 3.84312e-62 6.49517e-64 1.03065e-65 1.54932e-67 2.22192e-69 3.05723e-71 4.0545e-73 5.20255e-75 6.47977e-77 7.85513e-79 9.28997e-81 1.07405e-82 1.21605e-84 1.35044e-86 1.47296e-88 1.5799e-90 1.66829e-92 1.73597e-94 1.78166e-96 1.80498e-98 1.80634e-100 1.7869e-102 1.74838e-104 1.69298e-106 1.62321e-108 1.54172e-110 1.45125e-112 1.35443e-114 1.25377e-116 1.15153e-118 1.04973e-120 9.50073e-123 8.53958e-125 7.62492e-127 6.76494e-129 5.96521e-131 5.229e-133 4.55759e-135 3.95059e-137 3.4063e-139 2.92196e-141 2.49408e-143 2.11866e-145 1.7914e-147 1.50789e-149 1.26373e-151 1.05462e-153 8.76515e-156 7.25589e-158 5.9833e-160 4.91539e-162 4.02334e-164 3.28149e-166 2.66718e-168 2.16059e-170 1.74449e-172 1.40403e-174 1.1265e-176 9.01089e-179 7.18653e-181 5.715e-183 4.53199e-185 3.58399e-187 2.82669e-189 2.22356e-191 1.74465e-193 1.36545e-195 1.06606e-197 8.30314e-200 6.45189e-202 5.0019e-204 3.86908e-206 2.98624e-208 2.29989e-210 1.76756e-212 1.35564e-214 1.03761e-216 7.92613e-219 6.04288e-221 4.59831e-223 3.49253e-225 2.6478e-227 2.00377e-229 1.51371e-231 1.14152e-233 8.59377e-236 6.4589e-238 4.84641e-240 3.63062e-242 2.71552e-244 2.02791e-246 1.5121e-248 1.12579e-250 8.36939e-253
1.07339e-53 8.63389e-55 3.86472e-56 1.26543e-57 3.37395e-59 7.74985e-61 1.58701e-62 2.96404e-64 5.13089e-66 8.33036e-68 1.28009e-69 1.87507e-71 2.63316e-73 3.56165e-75 4.65826e-77 5.91033e-79 7.29487e-81 8.77964e-83 1.03249e-84 1.18857e-86 1.34148e-88 1.48652e-90 1.61931e-92 1.73597e-94 1.83334e-96 1.90909e-98 1.96178e-100 1.99083e-102 1.99654e-104 1.97992e-106 1.94265e-108 1.8869e-110 1.81517e-112 1.7302e-114 1.63482e-116 1.53181e-118 1.42382e-120 1.31332e-122 1.20251e-124 1.09328e-126 9.87247e-129 8.85688e-131 7.89593e-133 6.9967e-135 6.16374e-137 5.39941e-139 4.70417e-141 4.07694e-143 3.51541e-145 3.01633e-147 2.57579e-149 2.18946e-151 1.85277e-153 1.56105e-155 1.30974e-157 1.0944e-159 9.10844e-162 7.55151e-164 6.23726e-166 5.13296e-168 4.2092e-170 3.43977e-172 2.80154e-174 2.27425e-176 1.84031e-178 1.48454e-180 1.1939e-182 9.57324e-185 7.65404e-187 6.10232e-189 4.85177e-191 3.8471e-193 3.04244e-195 2.39989e-197 1.88828e-199 1.48208e-201 1.16045e-203 9.06486e-206 7.06466e-208 5.49337e-210 4.26211e-212 3.29966e-214 2.54912e-216 1.9652e-218 1.51195e-220 1.16091e-222 8.89621e-225 6.8042e-227 5.19432e-229 3.95799e-231 3.01045e-233 2.28566e-235 1.73233e-237 1.3107e-239 9.90013e-242 7.46546e-244 5.62036e-246 4.2245e-248 3.1703e-250 2.3755e-252 1.77724e-254
6.66704e-56 5.56886e-57 2.5791e-58 8.71316e-60 2.3917e-61 5.64558e-63 1.18627e-64 2.27043e-66 4.02297e-68 6.67905e-70 1.04858e-71 1.56798e-73 2.24621e-75 3.09734e-77 4.12727e-79 5.33224e-81 6.69812e-83 8.20053e-85 9.80589e-87 1.14732e-88 1.31561e-90 1.48062e-92 1.63749e-94 1.78166e-96 1.90909e-98 2.01643e-100 2.10116e-102 2.16162e-104 2.19709e-106 2.2077e-108 2.19435e-110 2.15865e-112 2.10273e-114 2.02911e-116 1.9406e-118 1.84012e-120 1.73059e-122 1.61484e-124 1.49552e-126 1.37503e-128 1.25549e-130 1.1387e-132 1.02614e-134 9.18992e-137 8.18121e-139 7.24128e-141 6.37369e-143 5.5799e-145 4.85957e-147 4.21094e-149 3.63111e-151 3.11635e-153 2.66232e-155 2.26434e-157 1.91756e-159 1.61709e-161 1.35816e-163 1.13619e-165 9.46847e-168 7.86108e-170 6.50284e-172 5.36023e-174 4.40315e-176 3.60481e-178 2.94155e-180 2.39266e-182 1.94013e-184 1.56841e-186 1.26414e-188 1.01595e-190 8.1418e-193 6.50675e-195 5.18601e-197 4.12243e-199 3.26851e-201 2.58492e-203 2.03925e-205 1.60488e-207 1.26003e-209 9.86993e-212 7.71363e-214 6.015e-216 4.6802e-218 3.63382e-220 2.81548e-222 2.17695e-224 1.67984e-226 1.29368e-228 9.94364e-231 7.62844e-233 5.84136e-235 4.46473e-237 3.40638e-239 2.59432e-241 1.97242e-243 1.49704e-245 1.13432e-247 8.58076e-250 6.48053e-252 4.88656e-254 3.67889e-256
4.14102e-58 3.58698e-59 1.71686e-60 5.97871e-62 1.68811e-63 4.09182e-65 8.81609e-67 1.72802e-68 3.13227e-70 5.31475e-72 8.5203e-74 1.30001e-75 1.89891e-77 2.66818e-79 3.62083e-81 4.76148e-83 6.08494e-85 7.57556e-87 9.20752e-89 1.09458e-90 1.27478e-92 1.4566e-94 1.63501e-96 1.80498e-98 1.96178e-100 2.10116e-102 2.21956e-104 2.31424e-106 2.38337e-108 2.42603e-110 2.44218e-112 2.43263e-114 2.39887e-116 2.34301e-118 2.2676e-120 2.17549e-122 2.06971e-124 1.95333e-126 1.82936e-128 1.70063e-130 1.56976e-132 1.43909e-134 1.31064e-136 1.18611e-138 1.06686e-140 9.53946e-143 8.48134e-145 7.49913e-147 6.59541e-149 5.77074e-151 5.02402e-153 4.3528e-155 3.75359e-157 3.22216e-159 2.75378e-161 2.34341e-163 1.98589e-165 1.67611e-167 1.40909e-169 1.18008e-171 9.84605e-174 8.18532e-176 6.78067e-178 5.59774e-180 4.60567e-182 3.77703e-184 3.08758e-186 2.51612e-188 2.0442e-190 1.65586e-192 1.3374e-194 1.07713e-196 8.65101e-199 6.92931e-201 5.53555e-203 4.41068e-205 3.50548e-207 2.77914e-209 2.19794e-211 1.73416e-213 1.36505e-215 1.07205e-217 8.40057e-220 6.56824e-222 5.12454e-224 3.98974e-226 3.09981e-228 2.4035e-230 1.8599e-232 1.43643e-234 1.10725e-236 8.519e-239 6.54227e-241 5.0151e-243 3.83756e-245 2.93137e-247 2.2353e-249 1.70164e-251 1.29323e-253 9.81238e-256 7.43316e-258
2.57206e-60 2.30749e-61 1.14021e-62 4.08915e-64 1.18669e-65 2.9516e-67 6.51656e-69 1.30729e-70 2.42278e-72 4.19922e-74 6.87087e-76 1.06919e-77 1.59173e-79 2.2781e-81 3.14712e-83 4.21083e-85 5.47261e-87 6.92583e-89 8.55336e-91 1.03278e-92 1.22126e-94 1.41635e-96 1.61311e-98 1.80634e-100 1.99083e-102 2.16162e-104 2.31424e-106 2.44492e-108 2.55068e-110 2.62947e-112 2.68019e-114 2.70262e-116 2.69744e-118 2.66606e-120 2.61056e-122 2.53348e-124 2.43774e-126 2.32648e-128 2.20291e-130 2.07022e-132 1.93145e-134 1.78945e-136 1.64678e-138 1.50569e-140 1.36811e-142 1.23563e-144 1.10949e-146 9.90626e-149 8.79694e-151 7.77075e-153 6.82929e-155 5.97227e-157 5.19779e-159 4.50273e-161 3.88303e-163 3.33396e-165 2.85034e-167 2.4268e-169 2.05789e-171 1.73822e-173 1.46262e-175 1.22615e-177 1.0242e-179 8.52496e-182 7.07141e-184 5.84606e-186 4.81725e-188 3.95684e-190 3.23999e-192 2.64495e-194 2.15277e-196 1.7471e-198 1.41385e-200 1.14099e-202 9.18297e-205 7.37105e-207 5.90128e-209 4.71257e-211 3.75394e-213 2.98302e-215 2.36477e-217 1.87026e-219 1.47578e-221 1.16188e-223 9.12737e-226 7.15467e-228 5.59645e-230 4.36849e-232 3.40302e-234 2.64561e-236 2.05274e-238 1.58965e-240 1.22871e-242 9.47947e-245 7.30005e-247 5.6116e-249 4.30606e-251 3.29852e-253 2.52242e-255 1.92569e-257 1.46771e-259
1.59755e-62 1.48263e-63 7.55601e-65 2.7883e-66 8.31058e-68 2.11962e-69 4.79237e-71 9.83423e-73 1.86244e-74 3.29572e-76 5.50129e-78 8.72699e-80 1.32361e-81 1.92877e-83 2.71147e-85 3.68998e-87 4.87543e-89 6.26995e-91 7.86553e-93 9.64346e-95 1.15747e-96 1.36209e-98 1.57361e-100 1.7869e-102 1.99654e-104 2.19709e-106 2.38337e-108 2.55068e-110 2.69498e-112 2.81306e-114 2.90263e-116 2.96238e-118 2.99193e-120 2.9918e-122 2.96332e-124 2.9085e-126 2.82993e-128 2.73056e-130 2.61364e-132 2.48254e-134 2.34062e-136 2.19114e-138 2.03719e-140 1.88157e-142 1.72679e-144 1.57501e-146 1.42806e-148 1.28738e-150 1.15413e-152 1.02911e-154 9.12865e-157 8.05665e-159 7.07577e-161 6.18482e-163 5.38117e-165 4.66099e-167 4.01965e-169 3.45191e-171 2.95217e-173 2.51469e-175 2.13369e-177 1.80356e-179 1.51887e-181 1.27451e-183 1.06572e-185 8.88076e-188 7.37572e-190 6.10578e-192 5.0384e-194 4.1447e-196 3.39916e-198 2.77945e-200 2.26613e-202 1.84237e-204 1.49369e-206 1.20772e-208 9.73901e-211 7.83308e-213 6.2841e-215 5.02886e-217 4.01451e-219 3.1971e-221 2.54014e-223 2.01354e-225 1.59251e-227 1.25674e-229 9.89604e-232 7.77595e-234 6.0973e-236 4.77123e-238 3.72605e-240 2.90407e-242 2.25903e-244 1.75392e-246 1.3592e-248 1.05137e-250 8.11787e-253 6.25686e-255 4.81406e-257 3.6976e-259 2.83527e-261
9.92269e-65 9.51575e-66 4.99704e-67 1.89588e-68 5.79934e-70 1.51577e-71 3.50754e-73 7.35856e-75 1.42336e-76 2.57036e-78 4.37508e-80 7.07236e-82 1.09235e-83 1.6201e-85 2.31682e-87 3.20573e-89 4.30462e-91 5.62371e-93 7.16395e-95 8.91587e-97 1.08592e-98 1.29631e-100 1.51873e-102 1.74838e-104 1.97992e-106 2.2077e-108 2.42603e-110 2.62947e-112 2.81306e-114 2.97248e-116 3.10426e-118 3.20587e-120 3.27577e-122 3.31338e-124 3.31907e-126 3.29408e-128 3.24036e-130 3.1605e-132 3.05753e-134 2.93478e-136 2.79579e-138 2.64411e-140 2.48322e-142 2.31646e-144 2.14688e-146 1.97727e-148 1.81003e-150 1.64725e-152 1.49063e-154 1.34151e-156 1.2009e-158 1.06949e-160 9.47717e-163 8.3574e-165 7.3353e-167 6.4088e-169 5.57449e-171 4.82787e-173 4.16371e-175 3.57625e-177 3.05946e-179 2.60722e-181 2.21345e-183 1.87224e-185 1.57795e-187 1.32527e-189 1.10925e-191 9.25352e-194 7.69431e-196 6.3775e-198 5.26965e-200 4.34104e-202 3.56546e-204 2.91996e-206 2.38454e-208 1.9419e-210 1.57712e-212 1.27747e-214 1.03205e-216 8.31657e-219 6.68499e-221 5.36035e-223 4.28787e-225 3.42191e-227 2.72453e-229 2.16438e-231 1.71557e-233 1.35687e-235 1.07087e-237 8.43386e-240 6.62857e-242 5.19917e-244 4.06992e-246 3.17973e-248 2.47948e-250 1.9298e-252 1.49921e-254 1.16257e-256 8.9991e-259 6.95369e-261 5.36389e-263
6.16316e-67 6.10101e-68 3.29838e-69 1.28565e-70 4.03339e-72 1.07966e-73 2.5556e-75 5.47846e-77 1.08182e-78 1.99274e-80 3.4573e-82 5.69273e-84 8.95078e-86 1.35064e-87 1.96412e-89 2.76233e-91 3.76847e-93 4.99987e-95 6.46588e-97 8.16625e-99 1.00901e-100 1.22153e-102 1.45094e-104 1.69298e-106 1.94265e-108 2.19435e-110 2.44218e-112 2.68019e-114 2.90263e-116 3.10426e-118 3.28047e-120 3.4275e-122 3.54256e-124 3.62384e-126 3.67058e-128 3.68298e-130 3.66217e-132 3.61004e-134 3.52917e-136 3.42265e-138 3.29393e-140 3.14669e-142 2.98469e-144 2.81165e-146 2.63115e-148 2.44653e-150 2.26084e-152 2.07679e-154 1.89672e-156 1.7226e-158 1.55599e-160 1.39813e-162 1.24989e-164 1.11185e-166 9.84321e-169 8.6736e-171 7.60839e-173 6.64463e-175 5.77812e-177 5.00367e-179 4.31545e-181 3.70719e-183 3.17241e-185 2.70459e-187 2.29732e-189 1.94441e-191 1.63999e-193 1.37852e-195 1.15489e-197 9.64408e-200 8.02789e-202 6.66186e-204 5.51153e-206 4.54634e-208 3.73931e-210 3.06683e-212 2.5083e-214 2.04593e-216 1.66435e-218 1.35041e-220 1.09289e-222 8.82271e-225 7.10494e-227 5.70788e-229 4.57471e-231 3.65804e-233 2.91841e-235 2.32316e-237 1.84527e-239 1.46255e-241 1.15677e-243 9.13028e-246 7.19182e-248 5.65363e-250 4.43572e-252 3.47348e-254 2.71483e-256 2.11793e-258 1.64925e-260 1.28198e-262 9.9473e-265
