0.990593 0.000431397 0.000390311 0.000353139 0.000319506 0.000289077 0.000261546 0.000236637 0.0002141 0.00019371 0.000175261 0.00015857 0.000143468 0.000129804 0.000117442 0.000106257 9.61372e-05 8.69812e-05 7.86973e-05 7.12023e-05 6.44212e-05 5.82858e-05 5.27348e-05 4.77124e-05 4.31684e-05 3.90571e-05 3.53374e-05 3.19719e-05 2.8927e-05 2.6172e-05 2.36794e-05 2.14243e-05 1.93839e-05 1.75378e-05 1.58675e-05 1.43563e-05 1.29891e-05 1.1752e-05 1.06328e-05 9.62012e-06 8.70391e-06 7.87497e-06 7.12497e-06 6.4464e-06 5.83246e-06 5.27699e-06 4.77442e-06 4.31971e-06 3.90831e-06 3.53609e-06 3.19932e-06 2.89462e-06 2.61894e-06 2.36952e-06 2.14385e-06 1.93968e-06 1.75495e-06 1.58781e-06 1.43659e-06 1.29977e-06 1.17598e-06 1.06398e-06 9.62652e-07 8.70971e-07 7.88021e-07 7.12972e-07 6.4507e-07 5.83634e-07 5.2805e-07 4.7776e-07 4.32259e-07 3.91091e-07 3.53844e-07 3.20145e-07 2.89655e-07 2.62069e-07 2.3711e-07 2.14528e-07 1.94097e-07 1.75611e-07 1.58886e-07 1.43754e-07 1.30064e-07 1.17677e-07 1.06469e-07 9.63293e-08 8.71551e-08 7.88546e-08 7.13446e-08 6.45499e-08 5.84023e-08 5.28402e-08 4.78078e-08 4.32547e-08 3.91352e-08 3.5408e-08 3.20358e-08 2.89848e-08 2.62243e-08 2.37268e-08 2.14671e-08
0.000431397 3.0478e-06 2.76226e-06 2.50347e-06 2.26892e-06 2.05634e-06 1.86366e-06 1.68904e-06 1.53077e-06 1.38733e-06 1.25733e-06 1.13951e-06 1.03272e-06 9.35942e-07 8.48228e-07 7.68732e-07 6.96685e-07 6.31388e-07 5.7221e-07 5.18577e-07 4.69969e-07 4.25917e-07 3.85993e-07 3.4981e-07 3.17018e-07 2.87299e-07 2.60366e-07 2.35956e-07 2.13835e-07 1.93787e-07 1.75618e-07 1.59152e-07 1.4423e-07 1.30706e-07 1.1845e-07 1.07343e-07 9.72777e-08 8.81556e-08 7.98887e-08 7.23969e-08 6.56074e-08 5.94546e-08 5.38786e-08 4.88254e-08 4.42461e-08 4.00961e-08 3.63353e-08 3.29272e-08 2.98386e-08 2.70397e-08 2.45033e-08 2.22047e-08 2.01217e-08 1.82341e-08 1.65235e-08 1.49734e-08 1.35686e-08 1.22956e-08 1.1142e-08 1.00966e-08 9.14928e-09 8.29082e-09 7.51289e-09 6.80793e-09 6.16911e-09 5.59022e-09 5.06563e-09 4.59027e-09 4.1595e-09 3.76915e-09 3.41542e-09 3.09488e-09 2.80442e-09 2.54121e-09 2.3027e-09 2.08658e-09 1.89073e-09 1.71326e-09 1.55244e-09 1.40672e-09 1.27467e-09 1.15502e-09 1.04659e-09 9.48345e-10 8.59317e-10 7.78645e-10 7.05544e-10 6.39305e-10 5.79284e-10 5.24897e-10 4.75614e-10 4.30958e-10 3.90494e-10 3.53828e-10 3.20605e-10 2.905e-10 2.63222e-10 2.38504e-10 2.16108e-10 1.95814e-10 1.77425e-10
0.000390311 2.76226e-06 2.50351e-06 2.26898e-06 2.05642e-06 1.86376e-06 1.68915e-06 1.5309e-06 1.38746e-06 1.25747e-06 1.13964e-06 1.03286e-06 9.36078e-07 8.48362e-07 7.68864e-07 6.96814e-07 6.31513e-07 5.72331e-07 5.18693e-07 4.70081e-07 4.26023e-07 3.86094e-07 3.49906e-07 3.17109e-07 2.87386e-07 2.60447e-07 2.36034e-07 2.13908e-07 1.93855e-07 1.75682e-07 1.59213e-07 1.44286e-07 1.30759e-07 1.185e-07 1.0739e-07 9.73207e-08 8.81957e-08 7.9926e-08 7.24316e-08 6.56397e-08 5.94846e-08 5.39065e-08 4.88513e-08 4.42701e-08 4.01184e-08 3.6356e-08 3.29463e-08 2.98563e-08 2.70561e-08 2.45184e-08 2.22187e-08 2.01347e-08 1.8246e-08 1.65345e-08 1.49835e-08 1.3578e-08 1.23042e-08 1.115e-08 1.0104e-08 9.15605e-09 8.29706e-09 7.51863e-09 6.81322e-09 6.17397e-09 5.59469e-09 5.06975e-09 4.59405e-09 4.16298e-09 3.77235e-09 3.41836e-09 3.09759e-09 2.8069e-09 2.54349e-09 2.3048e-09 2.0885e-09 1.89249e-09 1.71488e-09 1.55393e-09 1.40808e-09 1.27592e-09 1.15617e-09 1.04765e-09 9.49309e-10 8.602e-10 7.79455e-10 7.06287e-10 6.39986e-10 5.79907e-10 5.25467e-10 4.76137e-10 4.31437e-10 3.90932e-10 3.5423e-10 3.20972e-10 2.90837e-10 2.6353e-10 2.38786e-10 2.16365e-10 1.96049e-10 1.77641e-10 1.6096e-10
0.000353139 2.50347e-06 2.26898e-06 2.05644e-06 1.86381e-06 1.68922e-06 1.53098e-06 1.38756e-06 1.25757e-06 1.13975e-06 1.03297e-06 9.36189e-07 8.48475e-07 7.68976e-07 6.96924e-07 6.31622e-07 5.72436e-07 5.18795e-07 4.7018e-07 4.26119e-07 3.86185e-07 3.49994e-07 3.17193e-07 2.87465e-07 2.60523e-07 2.36105e-07 2.13975e-07 1.93919e-07 1.75742e-07 1.59269e-07 1.44339e-07 1.30808e-07 1.18546e-07 1.07433e-07 9.73611e-08 8.82335e-08 7.99613e-08 7.24645e-08 6.56703e-08 5.95131e-08 5.3933e-08 4.88759e-08 4.4293e-08 4.01396e-08 3.63756e-08 3.29645e-08 2.98732e-08 2.70717e-08 2.45329e-08 2.22321e-08 2.01471e-08 1.82575e-08 1.65451e-08 1.49933e-08 1.3587e-08 1.23126e-08 1.11577e-08 1.01111e-08 9.16259e-09 8.30308e-09 7.52418e-09 6.81833e-09 6.17869e-09 5.59903e-09 5.07374e-09 4.59773e-09 4.16636e-09 3.77546e-09 3.42122e-09 3.10021e-09 2.80932e-09 2.54571e-09 2.30684e-09 2.09037e-09 1.89421e-09 1.71646e-09 1.55538e-09 1.40941e-09 1.27714e-09 1.15728e-09 1.04867e-09 9.50249e-10 8.61063e-10 7.80245e-10 7.07012e-10 6.4065e-10 5.80516e-10 5.26025e-10 4.76648e-10 4.31905e-10 3.91361e-10 3.54623e-10 3.21332e-10 2.91166e-10 2.63831e-10 2.39062e-10 2.16618e-10 1.9628e-10 1.77852e-10 1.61153e-10 1.46022e-10
0.000319506 2.26892e-06 2.05642e-06 1.86381e-06 1.68924e-06 1.53102e-06 1.38761e-06 1.25763e-06 1.13983e-06 1.03305e-06 9.36276e-07 8.48564e-07 7.69068e-07 6.97016e-07 6.31713e-07 5.72527e-07 5.18884e-07 4.70266e-07 4.26203e-07 3.86267e-07 3.50072e-07 3.17267e-07 2.87536e-07 2.60591e-07 2.3617e-07 2.14036e-07 1.93977e-07 1.75797e-07 1.59321e-07 1.44388e-07 1.30854e-07 1.18589e-07 1.07473e-07 9.73991e-08 8.8269e-08 7.99945e-08 7.24955e-08 6.56993e-08 5.954e-08 5.39581e-08 4.88993e-08 4.43147e-08 4.01598e-08 3.63944e-08 3.29819e-08 2.98894e-08 2.70867e-08 2.45468e-08 2.2245e-08 2.01589e-08 1.82685e-08 1.65553e-08 1.50027e-08 1.35957e-08 1.23206e-08 1.11651e-08 1.01179e-08 9.1689e-09 8.3089e-09 7.52955e-09 6.82328e-09 6.18324e-09 5.60323e-09 5.07761e-09 4.60129e-09 4.16963e-09 3.77847e-09 3.42399e-09 3.10276e-09 2.81166e-09 2.54787e-09 2.30882e-09 2.09219e-09 1.89588e-09 1.71799e-09 1.55679e-09 1.41071e-09 1.27833e-09 1.15837e-09 1.04967e-09 9.51167e-10 8.61905e-10 7.81017e-10 7.07719e-10 6.41299e-10 5.81111e-10 5.2657e-10 4.77148e-10 4.32363e-10 3.91781e-10 3.55007e-10 3.21684e-10 2.91488e-10 2.64126e-10 2.39332e-10 2.16865e-10 1.96507e-10 1.78059e-10 1.61343e-10 1.46196e-10 1.3247e-10
0.000289077 2.05634e-06 1.86376e-06 1.68922e-06 1.53102e-06 1.38763e-06 1.25767e-06 1.13987e-06 1.03311e-06 9.36338e-07 8.48632e-07 7.69139e-07 6.9709e-07 6.31788e-07 5.72602e-07 5.18959e-07 4.70341e-07 4.26276e-07 3.86338e-07 3.50141e-07 3.17334e-07 2.876e-07 2.60652e-07 2.36228e-07 2.14092e-07 1.9403e-07 1.75848e-07 1.59368e-07 1.44433e-07 1.30897e-07 1.18629e-07 1.07511e-07 9.74345e-08 8.83022e-08 8.00256e-08 7.25246e-08 6.57265e-08 5.95654e-08 5.39818e-08 4.89214e-08 4.43353e-08 4.0179e-08 3.64122e-08 3.29985e-08 2.99047e-08 2.7101e-08 2.456e-08 2.22572e-08 2.01703e-08 1.8279e-08 1.6565e-08 1.50117e-08 1.3604e-08 1.23283e-08 1.11722e-08 1.01245e-08 9.17498e-09 8.31451e-09 7.53472e-09 6.82805e-09 6.18764e-09 5.60728e-09 5.08135e-09 4.60473e-09 4.1728e-09 3.78139e-09 3.42668e-09 3.10523e-09 2.81393e-09 2.54996e-09 2.31074e-09 2.09396e-09 1.89751e-09 1.71948e-09 1.55816e-09 1.41197e-09 1.27949e-09 1.15944e-09 1.05065e-09 9.52061e-10 8.62725e-10 7.8177e-10 7.0841e-10 6.41932e-10 5.81691e-10 5.27103e-10 4.77636e-10 4.3281e-10 3.9219e-10 3.55382e-10 3.22028e-10 2.91803e-10 2.64415e-10 2.39596e-10 2.17107e-10 1.96728e-10 1.78262e-10 1.61529e-10 1.46366e-10 1.32626e-10 1.20176e-10
0.000261546 1.86366e-06 1.68915e-06 1.53098e-06 1.38761e-06 1.25767e-06 1.13989e-06 1.03313e-06 9.36375e-07 8.48677e-07 7.69189e-07 6.97145e-07 6.31847e-07 5.72663e-07 5.19021e-07 4.70403e-07 4.26337e-07 3.86399e-07 3.502e-07 3.17392e-07 2.87657e-07 2.60707e-07 2.36281e-07 2.14143e-07 1.94078e-07 1.75893e-07 1.59412e-07 1.44474e-07 1.30936e-07 1.18666e-07 1.07546e-07 9.74674e-08 8.83331e-08 8.00546e-08 7.25518e-08 6.5752e-08 5.95893e-08 5.40041e-08 4.89422e-08 4.43547e-08 4.01971e-08 3.64291e-08 3.30142e-08 2.99194e-08 2.71146e-08 2.45726e-08 2.2269e-08 2.01812e-08 1.82891e-08 1.65744e-08 1.50204e-08 1.3612e-08 1.23357e-08 1.1179e-08 1.01308e-08 9.18083e-09 8.31991e-09 7.53971e-09 6.83265e-09 6.19189e-09 5.6112e-09 5.08496e-09 4.60805e-09 4.17587e-09 3.78421e-09 3.42928e-09 3.10763e-09 2.81614e-09 2.55198e-09 2.3126e-09 2.09567e-09 1.89908e-09 1.72093e-09 1.55949e-09 1.41319e-09 1.28061e-09 1.16047e-09 1.05159e-09 9.52932e-10 8.63524e-10 7.82503e-10 7.09083e-10 6.42549e-10 5.82258e-10 5.27622e-10 4.78112e-10 4.33247e-10 3.92591e-10 3.55749e-10 3.22364e-10 2.92111e-10 2.64697e-10 2.39855e-10 2.17344e-10 1.96945e-10 1.78461e-10 1.6171e-10 1.46532e-10 1.32778e-10 1.20315e-10 1.09022e-10
0.000236637 1.68904e-06 1.5309e-06 1.38756e-06 1.25763e-06 1.13987e-06 1.03313e-06 9.36388e-07 8.48699e-07 7.6922e-07 6.97182e-07 6.31888e-07 5.72708e-07 5.19069e-07 4.70452e-07 4.26388e-07 3.86449e-07 3.50251e-07 3.17442e-07 2.87706e-07 2.60755e-07 2.36327e-07 2.14188e-07 1.94121e-07 1.75935e-07 1.59451e-07 1.44512e-07 1.30972e-07 1.187e-07 1.07578e-07 9.74978e-08 8.83618e-08 8.00816e-08 7.25772e-08 6.57758e-08 5.96117e-08 5.4025e-08 4.89618e-08 4.4373e-08 4.02142e-08 3.6445e-08 3.30291e-08 2.99332e-08 2.71275e-08 2.45846e-08 2.22801e-08 2.01915e-08 1.82987e-08 1.65833e-08 1.50286e-08 1.36197e-08 1.23428e-08 1.11856e-08 1.01369e-08 9.18644e-09 8.3251e-09 7.5445e-09 6.83708e-09 6.19598e-09 5.61497e-09 5.08844e-09 4.61127e-09 4.17883e-09 3.78694e-09 3.43179e-09 3.10994e-09 2.81827e-09 2.55395e-09 2.31441e-09 2.09733e-09 1.90061e-09 1.72234e-09 1.56078e-09 1.41438e-09 1.2817e-09 1.16147e-09 1.05252e-09 9.53779e-10 8.64302e-10 7.83218e-10 7.09738e-10 6.43151e-10 5.8281e-10 5.28129e-10 4.78577e-10 4.33673e-10 3.92981e-10 3.56107e-10 3.22692e-10 2.92412e-10 2.64973e-10 2.40108e-10 2.17576e-10 1.97157e-10 1.78655e-10 1.61888e-10 1.46695e-10 1.32927e-10 1.20452e-10 1.09146e-10 9.89022e-11
0.0002141 1.53077e-06 1.38746e-06 1.25757e-06 1.13983e-06 1.03311e-06 9.36375e-07 8.48699e-07 7.6923e-07 6.972e-07 6.31913e-07 5.72738e-07 5.19103e-07 4.70489e-07 4.26427e-07 3.8649e-07 3.50292e-07 3.17484e-07 2.87747e-07 2.60796e-07 2.36367e-07 2.14227e-07 1.94159e-07 1.75971e-07 1.59487e-07 1.44546e-07 1.31004e-07 1.18731e-07 1.07607e-07 9.75256e-08 8.83881e-08 8.01065e-08 7.26007e-08 6.5798e-08 5.96325e-08 5.40446e-08 4.89802e-08 4.43902e-08 4.02303e-08 3.64601e-08 3.30431e-08 2.99463e-08 2.71397e-08 2.4596e-08 2.22907e-08 2.02014e-08 1.83078e-08 1.65918e-08 1.50365e-08 1.3627e-08 1.23496e-08 1.11919e-08 1.01427e-08 9.19182e-09 8.33008e-09 7.54911e-09 6.84134e-09 6.19991e-09 5.61861e-09 5.09179e-09 4.61436e-09 4.18169e-09 3.78957e-09 3.43422e-09 3.11218e-09 2.82033e-09 2.55585e-09 2.31616e-09 2.09894e-09 1.9021e-09 1.7237e-09 1.56204e-09 1.41553e-09 1.28277e-09 1.16245e-09 1.05341e-09 9.54603e-10 8.65059e-10 7.83913e-10 7.10376e-10 6.43737e-10 5.83348e-10 5.28622e-10 4.7903e-10 4.34088e-10 3.93363e-10 3.56457e-10 3.23013e-10 2.92706e-10 2.65242e-10 2.40355e-10 2.17802e-10 1.97365e-10 1.78845e-10 1.62062e-10 1.46855e-10 1.33073e-10 1.20585e-10 1.09269e-10 9.90142e-11 8.97217e-11
0.00019371 1.38733e-06 1.25747e-06 1.13975e-06 1.03305e-06 9.36338e-07 8.48677e-07 7.6922e-07 6.972e-07 6.31922e-07 5.72753e-07 5.19124e-07 4.70514e-07 4.26455e-07 3.8652e-07 3.50324e-07 3.17517e-07 2.87781e-07 2.6083e-07 2.36401e-07 2.1426e-07 1.94192e-07 1.76004e-07 1.59518e-07 1.44576e-07 1.31033e-07 1.18759e-07 1.07634e-07 9.75509e-08 8.84122e-08 8.01294e-08 7.26223e-08 6.58184e-08 5.96517e-08 5.40627e-08 4.89972e-08 4.44062e-08 4.02453e-08 3.64741e-08 3.30563e-08 2.99586e-08 2.71512e-08 2.46067e-08 2.23007e-08 2.02107e-08 1.83165e-08 1.65998e-08 1.5044e-08 1.3634e-08 1.2356e-08 1.11979e-08 1.01482e-08 9.19697e-09 8.33485e-09 7.55352e-09 6.84542e-09 6.20369e-09 5.6221e-09 5.09502e-09 4.61734e-09 4.18444e-09 3.79211e-09 3.43656e-09 3.11434e-09 2.82233e-09 2.55768e-09 2.31785e-09 2.1005e-09 1.90353e-09 1.72503e-09 1.56326e-09 1.41665e-09 1.28379e-09 1.16339e-09 1.05428e-09 9.55403e-10 8.65794e-10 7.84588e-10 7.10997e-10 6.44307e-10 5.83871e-10 5.29103e-10 4.79471e-10 4.34493e-10 3.93734e-10 3.56798e-10 3.23326e-10 2.92993e-10 2.65505e-10 2.40596e-10 2.18023e-10 1.97567e-10 1.7903e-10 1.62233e-10 1.4701e-10 1.33216e-10 1.20716e-10 1.09389e-10 9.91239e-11 8.98221e-11 8.13931e-11
0.000175261 1.25733e-06 1.13964e-06 1.03297e-06 9.36276e-07 8.48632e-07 7.69189e-07 6.97182e-07 6.31913e-07 5.72753e-07 5.1913e-07 4.70526e-07 4.26472e-07 3.86541e-07 3.50347e-07 3.17542e-07 2.87808e-07 2.60857e-07 2.36429e-07 2.14288e-07 1.9422e-07 1.76031e-07 1.59545e-07 1.44602e-07 1.31059e-07 1.18784e-07 1.07658e-07 9.75737e-08 8.8434e-08 8.01501e-08 7.26421e-08 6.58371e-08 5.96695e-08 5.40795e-08 4.9013e-08 4.44211e-08 4.02593e-08 3.64873e-08 3.30686e-08 2.99702e-08 2.7162e-08 2.46168e-08 2.23101e-08 2.02195e-08 1.83247e-08 1.66075e-08 1.50511e-08 1.36406e-08 1.23622e-08 1.12036e-08 1.01535e-08 9.20189e-09 8.33941e-09 7.55775e-09 6.84933e-09 6.20731e-09 5.62545e-09 5.09812e-09 4.62021e-09 4.18709e-09 3.79456e-09 3.43882e-09 3.11642e-09 2.82425e-09 2.55946e-09 2.31949e-09 2.10201e-09 1.90492e-09 1.7263e-09 1.56443e-09 1.41774e-09 1.28479e-09 1.16431e-09 1.05513e-09 9.56179e-10 8.66508e-10 7.85245e-10 7.11601e-10 6.44862e-10 5.8438e-10 5.29571e-10 4.799e-10 4.34888e-10 3.94096e-10 3.5713e-10 3.2363e-10 2.93273e-10 2.65762e-10 2.40831e-10 2.18239e-10 1.97765e-10 1.79212e-10 1.62399e-10 1.47163e-10 1.33356e-10 1.20844e-10 1.09506e-10 9.92312e-11 8.99204e-11 8.14831e-11 7.38373e-11
0.00015857 1.13951e-06 1.03286e-06 9.36189e-07 8.48564e-07 7.69139e-07 6.97145e-07 6.31888e-07 5.72738e-07 5.19124e-07 4.70526e-07 4.26477e-07 3.86551e-07 3.50361e-07 3.17559e-07 2.87827e-07 2.60877e-07 2.36451e-07 2.14311e-07 1.94243e-07 1.76054e-07 1.59568e-07 1.44625e-07 1.31081e-07 1.18805e-07 1.07679e-07 9.7594e-08 8.84535e-08 8.01688e-08 7.26599e-08 6.58541e-08 5.96857e-08 5.40948e-08 4.90276e-08 4.44349e-08 4.02723e-08 3.64995e-08 3.30801e-08 2.99809e-08 2.71721e-08 2.46263e-08 2.2319e-08 2.02278e-08 1.83325e-08 1.66147e-08 1.50578e-08 1.36468e-08 1.2368e-08 1.1209e-08 1.01586e-08 9.20657e-09 8.34376e-09 7.56178e-09 6.85307e-09 6.21077e-09 5.62866e-09 5.10109e-09 4.62295e-09 4.18963e-09 3.79691e-09 3.44099e-09 3.11843e-09 2.8261e-09 2.56117e-09 2.32106e-09 2.10346e-09 1.90626e-09 1.72754e-09 1.56557e-09 1.41879e-09 1.28576e-09 1.1652e-09 1.05595e-09 9.56932e-10 8.67201e-10 7.85882e-10 7.12186e-10 6.454e-10 5.84875e-10 5.30025e-10 4.80318e-10 4.35271e-10 3.94448e-10 3.57453e-10 3.23927e-10 2.93545e-10 2.66012e-10 2.4106e-10 2.18449e-10 1.97958e-10 1.79389e-10 1.62561e-10 1.47311e-10 1.33492e-10 1.20969e-10 1.0962e-10 9.93361e-11 9.00165e-11 8.15711e-11 7.39179e-11 6.69826e-11
0.000143468 1.03272e-06 9.36078e-07 8.48475e-07 7.69068e-07 6.9709e-07 6.31847e-07 5.72708e-07 5.19103e-07 4.70514e-07 4.26472e-07 3.86551e-07 3.50366e-07 3.17567e-07 2.87838e-07 2.60891e-07 2.36466e-07 2.14327e-07 1.94261e-07 1.76072e-07 1.59587e-07 1.44644e-07 1.311e-07 1.18824e-07 1.07697e-07 9.76117e-08 8.84707e-08 8.01854e-08 7.26759e-08 6.58695e-08 5.97003e-08 5.41088e-08 4.90409e-08 4.44475e-08 4.02842e-08 3.65108e-08 3.30907e-08 2.9991e-08 2.71815e-08 2.46351e-08 2.23273e-08 2.02355e-08 1.83397e-08 1.66215e-08 1.50642e-08 1.36528e-08 1.23735e-08 1.12142e-08 1.01634e-08 9.21102e-09 8.34789e-09 7.56562e-09 6.85664e-09 6.21408e-09 5.63172e-09 5.10393e-09 4.62559e-09 4.19206e-09 3.79916e-09 3.44308e-09 3.12036e-09 2.82788e-09 2.56281e-09 2.32258e-09 2.10487e-09 1.90755e-09 1.72873e-09 1.56667e-09 1.4198e-09 1.28669e-09 1.16606e-09 1.05674e-09 9.57662e-10 8.67872e-10 7.865e-10 7.12755e-10 6.45923e-10 5.85356e-10 5.30467e-10 4.80724e-10 4.35644e-10 3.94791e-10 3.57768e-10 3.24216e-10 2.9381e-10 2.66255e-10 2.41284e-10 2.18654e-10 1.98146e-10 1.79561e-10 1.62719e-10 1.47457e-10 1.33625e-10 1.21091e-10 1.09732e-10 9.94386e-11 9.01104e-11 8.16572e-11 7.39967e-11 6.70548e-11 6.07639e-11
0.000129804 9.35942e-07 8.48362e-07 7.68976e-07 6.97016e-07 6.31788e-07 5.72663e-07 5.19069e-07 4.70489e-07 4.26455e-07 3.86541e-07 3.50361e-07 3.17567e-07 2.87842e-07 2.60898e-07 2.36476e-07 2.14339e-07 1.94274e-07 1.76086e-07 1.59601e-07 1.44659e-07 1.31115e-07 1.18839e-07 1.07712e-07 9.76269e-08 8.84856e-08 8.02e-08 7.269e-08 6.58831e-08 5.97134e-08 5.41214e-08 4.90529e-08 4.44589e-08 4.02951e-08 3.65211e-08 3.31005e-08 3.00002e-08 2.71902e-08 2.46433e-08 2.2335e-08 2.02428e-08 1.83465e-08 1.66279e-08 1.50702e-08 1.36583e-08 1.23788e-08 1.1219e-08 1.01679e-08 9.21524e-09 8.35182e-09 7.56927e-09 6.86003e-09 6.21723e-09 5.63465e-09 5.10664e-09 4.6281e-09 4.19439e-09 3.80132e-09 3.44507e-09 3.12221e-09 2.82959e-09 2.56439e-09 2.32404e-09 2.10621e-09 1.9088e-09 1.72988e-09 1.56773e-09 1.42078e-09 1.28759e-09 1.16689e-09 1.0575e-09 9.58368e-10 8.68522e-10 7.87098e-10 7.13305e-10 6.46429e-10 5.85822e-10 5.30896e-10 4.81118e-10 4.36007e-10 3.95124e-10 3.58074e-10 3.24498e-10 2.94069e-10 2.66493e-10 2.41502e-10 2.18854e-10 1.9833e-10 1.7973e-10 1.62874e-10 1.47598e-10 1.33755e-10 1.2121e-10 1.09841e-10 9.95387e-11 9.02022e-11 8.17413e-11 7.40738e-11 6.71254e-11 6.08286e-11 5.51224e-11
0.000117442 8.48228e-07 7.68864e-07 6.96924e-07 6.31713e-07 5.72602e-07 5.19021e-07 4.70452e-07 4.26427e-07 3.8652e-07 3.50347e-07 3.17559e-07 2.87838e-07 2.60898e-07 2.36479e-07 2.14344e-07 1.94281e-07 1.76095e-07 1.59611e-07 1.4467e-07 1.31127e-07 1.18852e-07 1.07725e-07 9.76396e-08 8.84982e-08 8.02124e-08 7.27022e-08 6.5895e-08 5.9725e-08 5.41326e-08 4.90636e-08 4.44692e-08 4.03049e-08 3.65305e-08 3.31094e-08 3.00087e-08 2.71982e-08 2.46509e-08 2.23421e-08 2.02495e-08 1.83529e-08 1.66338e-08 1.50757e-08 1.36636e-08 1.23836e-08 1.12236e-08 1.01722e-08 9.21922e-09 8.35553e-09 7.57273e-09 6.86325e-09 6.22023e-09 5.63743e-09 5.10923e-09 4.6305e-09 4.19662e-09 3.80338e-09 3.44699e-09 3.12398e-09 2.83123e-09 2.56591e-09 2.32544e-09 2.10751e-09 1.91e-09 1.73099e-09 1.56875e-09 1.42172e-09 1.28846e-09 1.1677e-09 1.05824e-09 9.5905e-10 8.69151e-10 7.87677e-10 7.13839e-10 6.4692e-10 5.86274e-10 5.31312e-10 4.81501e-10 4.36359e-10 3.95448e-10 3.58372e-10 3.24771e-10 2.9432e-10 2.66723e-10 2.41714e-10 2.19049e-10 1.98508e-10 1.79894e-10 1.63024e-10 1.47736e-10 1.33882e-10 1.21326e-10 1.09948e-10 9.96365e-11 9.02918e-11 8.18234e-11 7.41491e-11 6.71944e-11 6.08919e-11 5.51803e-11 5.00045e-11
0.000106257 7.68732e-07 6.96814e-07 6.31622e-07 5.72527e-07 5.18959e-07 4.70403e-07 4.26388e-07 3.8649e-07 3.50324e-07 3.17542e-07 2.87827e-07 2.60891e-07 2.36476e-07 2.14344e-07 1.94284e-07 1.761e-07 1.59618e-07 1.44678e-07 1.31136e-07 1.18861e-07 1.07735e-07 9.76497e-08 8.85085e-08 8.02228e-08 7.27126e-08 6.59052e-08 5.9735e-08 5.41423e-08 4.90731e-08 4.44784e-08 4.03137e-08 3.6539e-08 3.31175e-08 3.00164e-08 2.72056e-08 2.46579e-08 2.23487e-08 2.02558e-08 1.83587e-08 1.66393e-08 1.50809e-08 1.36684e-08 1.23882e-08 1.12279e-08 1.01762e-08 9.22297e-09 8.35903e-09 7.576e-09 6.8663e-09 6.22306e-09 5.64007e-09 5.11168e-09 4.63278e-09 4.19874e-09 3.80535e-09 3.44881e-09 3.12567e-09 2.8328e-09 2.56736e-09 2.32679e-09 2.10876e-09 1.91115e-09 1.73205e-09 1.56974e-09 1.42263e-09 1.2893e-09 1.16847e-09 1.05896e-09 9.59708e-10 8.69758e-10 7.88237e-10 7.14354e-10 6.47395e-10 5.86711e-10 5.31714e-10 4.81871e-10 4.367e-10 3.95761e-10 3.5866e-10 3.25036e-10 2.94564e-10 2.66947e-10 2.4192e-10 2.19238e-10 1.98682e-10 1.80053e-10 1.63171e-10 1.47871e-10 1.34005e-10 1.2144e-10 1.10052e-10 9.97318e-11 9.03793e-11 8.19036e-11 7.42226e-11 6.72618e-11 6.09536e-11 5.5237e-11 5.00563e-11 4.53615e-11
9.61372e-05 6.96685e-07 6.31513e-07 5.72436e-07 5.18884e-07 4.70341e-07 4.26337e-07 3.86449e-07 3.50292e-07 3.17517e-07 2.87808e-07 2.60877e-07 2.36466e-07 2.14339e-07 1.94281e-07 1.761e-07 1.5962e-07 1.44681e-07 1.31141e-07 1.18867e-07 1.07742e-07 9.76573e-08 8.85165e-08 8.02311e-08 7.2721e-08 6.59138e-08 5.97435e-08 5.41507e-08 4.90813e-08 4.44864e-08 4.03215e-08 3.65465e-08 3.31248e-08 3.00233e-08 2.72122e-08 2.46642e-08 2.23547e-08 2.02615e-08 1.83641e-08 1.66444e-08 1.50857e-08 1.3673e-08 1.23925e-08 1.12319e-08 1.01799e-08 9.22649e-09 8.36232e-09 7.57908e-09 6.86917e-09 6.22574e-09 5.64257e-09 5.11401e-09 4.63495e-09 4.20075e-09 3.80722e-09 3.45055e-09 3.12728e-09 2.8343e-09 2.56875e-09 2.32808e-09 2.10995e-09 1.91225e-09 1.73307e-09 1.57068e-09 1.4235e-09 1.29011e-09 1.16921e-09 1.05965e-09 9.60343e-10 8.70344e-10 7.88777e-10 7.14852e-10 6.47854e-10 5.87134e-10 5.32104e-10 4.8223e-10 4.3703e-10 3.96066e-10 3.5894e-10 3.25294e-10 2.948e-10 2.67165e-10 2.4212e-10 2.19422e-10 1.98851e-10 1.80209e-10 1.63313e-10 1.48002e-10 1.34126e-10 1.2155e-10 1.10153e-10 9.98248e-11 9.04646e-11 8.19818e-11 7.42944e-11 6.73276e-11 6.1014e-11 5.52923e-11 5.0107e-11 4.54079e-11 4.11494e-11
8.69812e-05 6.31388e-07 5.72331e-07 5.18795e-07 4.70266e-07 4.26276e-07 3.86399e-07 3.50251e-07 3.17484e-07 2.87781e-07 2.60857e-07 2.36451e-07 2.14327e-07 1.94274e-07 1.76095e-07 1.59618e-07 1.44681e-07 1.31143e-07 1.1887e-07 1.07746e-07 9.76624e-08 8.85223e-08 8.02374e-08 7.27276e-08 6.59206e-08 5.97505e-08 5.41577e-08 4.90883e-08 4.44933e-08 4.03283e-08 3.65531e-08 3.31311e-08 3.00295e-08 2.72181e-08 2.46699e-08 2.23602e-08 2.02666e-08 1.83691e-08 1.66491e-08 1.50902e-08 1.36772e-08 1.23964e-08 1.12356e-08 1.01834e-08 9.22977e-09 8.3654e-09 7.58196e-09 6.87187e-09 6.22827e-09 5.64493e-09 5.11621e-09 4.637e-09 4.20266e-09 3.809e-09 3.4522e-09 3.12882e-09 2.83572e-09 2.57007e-09 2.3293e-09 2.11109e-09 1.91331e-09 1.73405e-09 1.57159e-09 1.42434e-09 1.29088e-09 1.16993e-09 1.06031e-09 9.60954e-10 8.70908e-10 7.89297e-10 7.15333e-10 6.48298e-10 5.87543e-10 5.32481e-10 4.82577e-10 4.3735e-10 3.9636e-10 3.59211e-10 3.25543e-10 2.9503e-10 2.67376e-10 2.42314e-10 2.196e-10 1.99015e-10 1.80359e-10 1.63452e-10 1.48129e-10 1.34243e-10 1.21657e-10 1.10252e-10 9.99153e-11 9.05477e-11 8.20581e-11 7.43643e-11 6.73918e-11 6.10728e-11 5.53462e-11 5.01565e-11 4.54533e-11 4.1191e-11 3.73284e-11
7.86973e-05 5.7221e-07 5.18693e-07 4.7018e-07 4.26203e-07 3.86338e-07 3.502e-07 3.17442e-07 2.87747e-07 2.6083e-07 2.36429e-07 2.14311e-07 1.94261e-07 1.76086e-07 1.59611e-07 1.44678e-07 1.31141e-07 1.1887e-07 1.07747e-07 9.76649e-08 8.85257e-08 8.02415e-08 7.27323e-08 6.59257e-08 5.97559e-08 5.41633e-08 4.9094e-08 4.4499e-08 4.0334e-08 3.65587e-08 3.31367e-08 3.00349e-08 2.72234e-08 2.46749e-08 2.2365e-08 2.02713e-08 1.83735e-08 1.66534e-08 1.50942e-08 1.3681e-08 1.24001e-08 1.1239e-08 1.01867e-08 9.23282e-09 8.36827e-09 7.58465e-09 6.8744e-09 6.23063e-09 5.64714e-09 5.11828e-09 4.63893e-09 4.20447e-09 3.81068e-09 3.45377e-09 3.13028e-09 2.83708e-09 2.57133e-09 2.33047e-09 2.11217e-09 1.91431e-09 1.73498e-09 1.57245e-09 1.42514e-09 1.29163e-09 1.17062e-09 1.06094e-09 9.61541e-10 8.7145e-10 7.89799e-10 7.15795e-10 6.48725e-10 5.87937e-10 5.32844e-10 4.82912e-10 4.37659e-10 3.96645e-10 3.59473e-10 3.25785e-10 2.95252e-10 2.67581e-10 2.42502e-10 2.19774e-10 1.99175e-10 1.80506e-10 1.63587e-10 1.48253e-10 1.34356e-10 1.21762e-10 1.10348e-10 1.00003e-10 9.06286e-11 8.21324e-11 7.44325e-11 6.74543e-11 6.11302e-11 5.53989e-11 5.02048e-11 4.54976e-11 4.12316e-11 3.73656e-11 3.38619e-11
7.12023e-05 5.18577e-07 4.70081e-07 4.26119e-07 3.86267e-07 3.50141e-07 3.17392e-07 2.87706e-07 2.60796e-07 2.36401e-07 2.14288e-07 1.94243e-07 1.76072e-07 1.59601e-07 1.4467e-07 1.31136e-07 1.18867e-07 1.07746e-07 9.76649e-08 8.85269e-08 8.02436e-08 7.27352e-08 6.59291e-08 5.97597e-08 5.41675e-08 4.90984e-08 4.45036e-08 4.03387e-08 3.65634e-08 3.31414e-08 3.00395e-08 2.72279e-08 2.46794e-08 2.23693e-08 2.02755e-08 1.83775e-08 1.66572e-08 1.50979e-08 1.36845e-08 1.24034e-08 1.12422e-08 1.01896e-08 9.23564e-09 8.37093e-09 7.58715e-09 6.87675e-09 6.23284e-09 5.64921e-09 5.12022e-09 4.64075e-09 4.20617e-09 3.81227e-09 3.45525e-09 3.13166e-09 2.83836e-09 2.57253e-09 2.33159e-09 2.11321e-09 1.91527e-09 1.73588e-09 1.57328e-09 1.42591e-09 1.29234e-09 1.17128e-09 1.06155e-09 9.62105e-10 8.71971e-10 7.9028e-10 7.16241e-10 6.49136e-10 5.88317e-10 5.33194e-10 4.83236e-10 4.37957e-10 3.9692e-10 3.59727e-10 3.26018e-10 2.95467e-10 2.67779e-10 2.42685e-10 2.19941e-10 1.99329e-10 1.80648e-10 1.63717e-10 1.48373e-10 1.34467e-10 1.21863e-10 1.10441e-10 1.00089e-10 9.07073e-11 8.22047e-11 7.44989e-11 6.75153e-11 6.11862e-11 5.54502e-11 5.02519e-11 4.55408e-11 4.12713e-11 3.74019e-11 3.38953e-11 3.07173e-11
6.44212e-05 4.69969e-07 4.26023e-07 3.86185e-07 3.50072e-07 3.17334e-07 2.87657e-07 2.60755e-07 2.36367e-07 2.1426e-07 1.9422e-07 1.76054e-07 1.59587e-07 1.44659e-07 1.31127e-07 1.18861e-07 1.07742e-07 9.76624e-08 8.85257e-08 8.02436e-08 7.27361e-08 6.59308e-08 5.9762e-08 5.41703e-08 4.91016e-08 4.4507e-08 4.03423e-08 3.65672e-08 3.31452e-08 3.00434e-08 2.72317e-08 2.46832e-08 2.23731e-08 2.02791e-08 1.8381e-08 1.66606e-08 1.51011e-08 1.36876e-08 1.24064e-08 1.1245e-08 1.01924e-08 9.23822e-09 8.37337e-09 7.58946e-09 6.87893e-09 6.23489e-09 5.65114e-09 5.12203e-09 4.64245e-09 4.20776e-09 3.81376e-09 3.45664e-09 3.13296e-09 2.83958e-09 2.57366e-09 2.33264e-09 2.11419e-09 1.91619e-09 1.73672e-09 1.57407e-09 1.42664e-09 1.29301e-09 1.1719e-09 1.06213e-09 9.62644e-10 8.72471e-10 7.90742e-10 7.16668e-10 6.49531e-10 5.88682e-10 5.33532e-10 4.83547e-10 4.38244e-10 3.97185e-10 3.59971e-10 3.26244e-10 2.95675e-10 2.67971e-10 2.42861e-10 2.20104e-10 1.99479e-10 1.80786e-10 1.63844e-10 1.4849e-10 1.34574e-10 1.21962e-10 1.10532e-10 1.00172e-10 9.07839e-11 8.2275e-11 7.45635e-11 6.75746e-11 6.12406e-11 5.55002e-11 5.02978e-11 4.55829e-11 4.13099e-11 3.74374e-11 3.39278e-11 3.07471e-11 2.78646e-11
5.82858e-05 4.25917e-07 3.86094e-07 3.49994e-07 3.17267e-07 2.876e-07 2.60707e-07 2.36327e-07 2.14227e-07 1.94192e-07 1.76031e-07 1.59568e-07 1.44644e-07 1.31115e-07 1.18852e-07 1.07735e-07 9.76573e-08 8.85223e-08 8.02415e-08 7.27352e-08 6.59308e-08 5.97628e-08 5.41717e-08 4.91035e-08 4.45093e-08 4.03449e-08 3.657e-08 3.31482e-08 3.00464e-08 2.72349e-08 2.46863e-08 2.23762e-08 2.02822e-08 1.83841e-08 1.66636e-08 1.5104e-08 1.36904e-08 1.24091e-08 1.12476e-08 1.01948e-08 9.24057e-09 8.3756e-09 7.59158e-09 6.88093e-09 6.23679e-09 5.65293e-09 5.12371e-09 4.64403e-09 4.20924e-09 3.81515e-09 3.45795e-09 3.13418e-09 2.84072e-09 2.57473e-09 2.33364e-09 2.11511e-09 1.91705e-09 1.73753e-09 1.57481e-09 1.42733e-09 1.29366e-09 1.1725e-09 1.06269e-09 9.6316e-10 8.72949e-10 7.91185e-10 7.17078e-10 6.4991e-10 5.89033e-10 5.33856e-10 4.83847e-10 4.38521e-10 3.9744e-10 3.60207e-10 3.26461e-10 2.95876e-10 2.68156e-10 2.43032e-10 2.20261e-10 1.99624e-10 1.80919e-10 1.63967e-10 1.48603e-10 1.34678e-10 1.22058e-10 1.1062e-10 1.00253e-10 9.08583e-11 8.23434e-11 7.46263e-11 6.76323e-11 6.12937e-11 5.55489e-11 5.03425e-11 4.5624e-11 4.13476e-11 3.74719e-11 3.39595e-11 3.07762e-11 2.78913e-11 2.52767e-11
5.27348e-05 3.85993e-07 3.49906e-07 3.17193e-07 2.87536e-07 2.60652e-07 2.36281e-07 2.14188e-07 1.94159e-07 1.76004e-07 1.59545e-07 1.44625e-07 1.311e-07 1.18839e-07 1.07725e-07 9.76497e-08 8.85165e-08 8.02374e-08 7.27323e-08 6.59291e-08 5.9762e-08 5.41717e-08 4.91041e-08 4.45105e-08 4.03464e-08 3.65719e-08 3.31503e-08 3.00488e-08 2.72373e-08 2.46889e-08 2.23788e-08 2.02848e-08 1.83867e-08 1.66661e-08 1.51065e-08 1.36929e-08 1.24114e-08 1.12499e-08 1.0197e-08 9.24268e-09 8.37762e-09 7.5935e-09 6.88276e-09 6.23852e-09 5.65457e-09 5.12527e-09 4.6455e-09 4.21062e-09 3.81645e-09 3.45917e-09 3.13532e-09 2.84179e-09 2.57573e-09 2.33457e-09 2.11599e-09 1.91787e-09 1.73829e-09 1.57552e-09 1.42799e-09 1.29427e-09 1.17307e-09 1.06322e-09 9.63652e-10 8.73405e-10 7.91608e-10 7.1747e-10 6.50273e-10 5.89369e-10 5.34167e-10 4.84134e-10 4.38787e-10 3.97686e-10 3.60434e-10 3.26671e-10 2.9607e-10 2.68334e-10 2.43196e-10 2.20413e-10 1.99764e-10 1.81048e-10 1.64086e-10 1.48712e-10 1.34779e-10 1.2215e-10 1.10705e-10 1.00332e-10 9.09305e-11 8.24098e-11 7.46874e-11 6.76884e-11 6.13452e-11 5.55963e-11 5.0386e-11 4.56639e-11 4.13842e-11 3.75056e-11 3.39904e-11 3.08046e-11 2.79173e-11 2.53005e-11 2.2929e-11
4.77124e-05 3.4981e-07 3.17109e-07 2.87465e-07 2.60591e-07 2.36228e-07 2.14143e-07 1.94121e-07 1.75971e-07 1.59518e-07 1.44602e-07 1.31081e-07 1.18824e-07 1.07712e-07 9.76396e-08 8.85085e-08 8.02311e-08 7.27276e-08 6.59257e-08 5.97597e-08 5.41703e-08 4.91035e-08 4.45105e-08 4.0347e-08 3.65728e-08 3.31516e-08 3.00503e-08 2.72391e-08 2.46908e-08 2.23808e-08 2.02869e-08 1.83888e-08 1.66683e-08 1.51087e-08 1.3695e-08 1.24135e-08 1.12519e-08 1.0199e-08 9.24455e-09 8.37943e-09 7.59524e-09 6.88442e-09 6.2401e-09 5.65607e-09 5.12669e-09 4.64684e-09 4.2119e-09 3.81765e-09 3.4603e-09 3.13639e-09 2.84279e-09 2.57667e-09 2.33545e-09 2.11681e-09 1.91864e-09 1.73901e-09 1.57619e-09 1.42862e-09 1.29486e-09 1.17362e-09 1.06372e-09 9.6412e-10 8.7384e-10 7.92012e-10 7.17844e-10 6.5062e-10 5.8969e-10 5.34465e-10 4.8441e-10 4.39042e-10 3.97922e-10 3.60652e-10 3.26873e-10 2.96256e-10 2.68506e-10 2.43355e-10 2.20559e-10 1.99899e-10 1.81173e-10 1.64201e-10 1.48818e-10 1.34876e-10 1.2224e-10 1.10788e-10 1.00408e-10 9.10005e-11 8.24742e-11 7.47466e-11 6.77429e-11 6.13953e-11 5.56423e-11 5.04283e-11 4.57027e-11 4.14199e-11 3.75384e-11 3.40205e-11 3.08322e-11 2.79426e-11 2.53238e-11 2.29504e-11 2.07993e-11
4.31684e-05 3.17018e-07 2.87386e-07 2.60523e-07 2.3617e-07 2.14092e-07 1.94078e-07 1.75935e-07 1.59487e-07 1.44576e-07 1.31059e-07 1.18805e-07 1.07697e-07 9.76269e-08 8.84982e-08 8.02228e-08 7.2721e-08 6.59206e-08 5.97559e-08 5.41675e-08 4.91016e-08 4.45093e-08 4.03464e-08 3.65728e-08 3.3152e-08 3.00511e-08 2.72401e-08 2.4692e-08 2.23822e-08 2.02884e-08 1.83904e-08 1.667e-08 1.51104e-08 1.36967e-08 1.24152e-08 1.12536e-08 1.02007e-08 9.2462e-09 8.38102e-09 7.59678e-09 6.8859e-09 6.24152e-09 5.65743e-09 5.12799e-09 4.64808e-09 4.21307e-09 3.81876e-09 3.46134e-09 3.13737e-09 2.84372e-09 2.57754e-09 2.33627e-09 2.11758e-09 1.91936e-09 1.73968e-09 1.57682e-09 1.42921e-09 1.29541e-09 1.17413e-09 1.0642e-09 9.64564e-10 8.74253e-10 7.92396e-10 7.18201e-10 6.50951e-10 5.89997e-10 5.3475e-10 4.84674e-10 4.39287e-10 3.98148e-10 3.60862e-10 3.27066e-10 2.96435e-10 2.68672e-10 2.43508e-10 2.20701e-10 2.00029e-10 1.81293e-10 1.64311e-10 1.4892e-10 1.3497e-10 1.22327e-10 1.10868e-10 1.00482e-10 9.10683e-11 8.25366e-11 7.4804e-11 6.77957e-11 6.14438e-11 5.5687e-11 5.04694e-11 4.57405e-11 4.14546e-11 3.75702e-11 3.40497e-11 3.08591e-11 2.79673e-11 2.53465e-11 2.29712e-11 2.08184e-11 1.88674e-11
3.90571e-05 2.87299e-07 2.60447e-07 2.36105e-07 2.14036e-07 1.9403e-07 1.75893e-07 1.59451e-07 1.44546e-07 1.31033e-07 1.18784e-07 1.07679e-07 9.76117e-08 8.84856e-08 8.02124e-08 7.27126e-08 6.59138e-08 5.97505e-08 5.41633e-08 4.90984e-08 4.4507e-08 4.03449e-08 3.65719e-08 3.31516e-08 3.00511e-08 2.72405e-08 2.46927e-08 2.23831e-08 2.02895e-08 1.83916e-08 1.66712e-08 1.51117e-08 1.36981e-08 1.24166e-08 1.1255e-08 1.02021e-08 9.24761e-09 8.3824e-09 7.59812e-09 6.88721e-09 6.24279e-09 5.65865e-09 5.12915e-09 4.64919e-09 4.21413e-09 3.81977e-09 3.4623e-09 3.13828e-09 2.84458e-09 2.57835e-09 2.33703e-09 2.1183e-09 1.92003e-09 1.74031e-09 1.57741e-09 1.42976e-09 1.29592e-09 1.17461e-09 1.06465e-09 9.64984e-10 8.74645e-10 7.9276e-10 7.1854e-10 6.51266e-10 5.9029e-10 5.35021e-10 4.84926e-10 4.3952e-10 3.98365e-10 3.61062e-10 3.27252e-10 2.96607e-10 2.6883e-10 2.43655e-10 2.20836e-10 2.00154e-10 1.81409e-10 1.64418e-10 1.49019e-10 1.35061e-10 1.22411e-10 1.10945e-10 1.00553e-10 9.11339e-11 8.2597e-11 7.48596e-11 6.78469e-11 6.1491e-11 5.57303e-11 5.05092e-11 4.57771e-11 4.14883e-11 3.76012e-11 3.40782e-11 3.08852e-11 2.79913e-11 2.53685e-11 2.29914e-11 2.0837e-11 1.88845e-11 1.71148e-11
3.53374e-05 2.60366e-07 2.36034e-07 2.13975e-07 1.93977e-07 1.75848e-07 1.59412e-07 1.44512e-07 1.31004e-07 1.18759e-07 1.07658e-07 9.7594e-08 8.84707e-08 8.02e-08 7.27022e-08 6.59052e-08 5.97435e-08 5.41577e-08 4.9094e-08 4.45036e-08 4.03423e-08 3.657e-08 3.31503e-08 3.00503e-08 2.72401e-08 2.46927e-08 2.23834e-08 2.029e-08 1.83923e-08 1.66721e-08 1.51127e-08 1.36991e-08 1.24178e-08 1.12562e-08 1.02033e-08 9.24878e-09 8.38357e-09 7.59928e-09 6.88834e-09 6.24389e-09 5.65972e-09 5.13019e-09 4.65019e-09 4.21508e-09 3.82068e-09 3.46317e-09 3.13911e-09 2.84536e-09 2.57909e-09 2.33774e-09 2.11896e-09 1.92065e-09 1.7409e-09 1.57797e-09 1.43028e-09 1.29641e-09 1.17506e-09 1.06508e-09 9.65381e-10 8.75014e-10 7.93105e-10 7.18861e-10 6.51565e-10 5.90568e-10 5.3528e-10 4.85166e-10 4.39743e-10 3.98572e-10 3.61254e-10 3.27429e-10 2.96771e-10 2.68983e-10 2.43796e-10 2.20967e-10 2.00275e-10 1.8152e-10 1.64521e-10 1.49114e-10 1.35149e-10 1.22492e-10 1.1102e-10 1.00622e-10 9.11973e-11 8.26554e-11 7.49135e-11 6.78965e-11 6.15366e-11 5.57723e-11 5.05479e-11 4.58127e-11 4.1521e-11 3.76313e-11 3.41059e-11 3.09106e-11 2.80147e-11 2.539e-11 2.30111e-11 2.08551e-11 1.89011e-11 1.71301e-11 1.5525e-11
3.19719e-05 2.35956e-07 2.13908e-07 1.93919e-07 1.75797e-07 1.59368e-07 1.44474e-07 1.30972e-07 1.18731e-07 1.07634e-07 9.75737e-08 8.84535e-08 8.01854e-08 7.269e-08 6.5895e-08 5.9735e-08 5.41507e-08 4.90883e-08 4.4499e-08 4.03387e-08 3.65672e-08 3.31482e-08 3.00488e-08 2.72391e-08 2.4692e-08 2.23831e-08 2.029e-08 1.83925e-08 1.66725e-08 1.51133e-08 1.36998e-08 1.24185e-08 1.1257e-08 1.02042e-08 9.24972e-09 8.38453e-09 7.60024e-09 6.8893e-09 6.24484e-09 5.66065e-09 5.1311e-09 4.65107e-09 4.21593e-09 3.8215e-09 3.46396e-09 3.13986e-09 2.84608e-09 2.57977e-09 2.33838e-09 2.11957e-09 1.92123e-09 1.74145e-09 1.57848e-09 1.43076e-09 1.29686e-09 1.17549e-09 1.06547e-09 9.65753e-10 8.75362e-10 7.9343e-10 7.19164e-10 6.51848e-10 5.90831e-10 5.35525e-10 4.85394e-10 4.39955e-10 3.98768e-10 3.61437e-10 3.27599e-10 2.96928e-10 2.69128e-10 2.43931e-10 2.21091e-10 2.0039e-10 1.81627e-10 1.6462e-10 1.49205e-10 1.35233e-10 1.2257e-10 1.11091e-10 1.00688e-10 9.12585e-11 8.27119e-11 7.49655e-11 6.79444e-11 6.15808e-11 5.5813e-11 5.05853e-11 4.58472e-11 4.15527e-11 3.76605e-11 3.41327e-11 3.09353e-11 2.80374e-11 2.54108e-11 2.30303e-11 2.08727e-11 1.89172e-11 1.71449e-11 1.55386e-11 1.40827e-11
2.8927e-05 2.13835e-07 1.93855e-07 1.75742e-07 1.59321e-07 1.44433e-07 1.30936e-07 1.187e-07 1.07607e-07 9.75509e-08 8.8434e-08 8.01688e-08 7.26759e-08 6.58831e-08 5.9725e-08 5.41423e-08 4.90813e-08 4.44933e-08 4.0334e-08 3.65634e-08 3.31452e-08 3.00464e-08 2.72373e-08 2.46908e-08 2.23822e-08 2.02895e-08 1.83923e-08 1.66725e-08 1.51135e-08 1.37002e-08 1.2419e-08 1.12576e-08 1.02048e-08 9.25042e-09 8.38527e-09 7.60101e-09 6.89008e-09 6.24563e-09 5.66144e-09 5.13187e-09 4.65183e-09 4.21668e-09 3.82222e-09 3.46466e-09 3.14053e-09 2.84672e-09 2.58039e-09 2.33897e-09 2.12013e-09 1.92176e-09 1.74195e-09 1.57895e-09 1.43121e-09 1.29728e-09 1.17588e-09 1.06585e-09 9.66101e-10 8.75689e-10 7.93735e-10 7.1945e-10 6.52115e-10 5.9108e-10 5.35757e-10 4.8561e-10 4.40156e-10 3.98956e-10 3.61611e-10 3.2776e-10 2.97078e-10 2.69267e-10 2.4406e-10 2.21211e-10 2.00501e-10 1.81729e-10 1.64715e-10 1.49293e-10 1.35314e-10 1.22645e-10 1.11161e-10 1.00752e-10 9.13175e-11 8.27663e-11 7.50157e-11 6.79907e-11 6.16234e-11 5.58523e-11 5.06216e-11 4.58805e-11 4.15835e-11 3.76887e-11 3.41587e-11 3.09592e-11 2.80594e-11 2.54311e-11 2.30489e-11 2.08898e-11 1.8933e-11 1.71594e-11 1.55519e-11 1.40949e-11 1.27745e-11
2.6172e-05 1.93787e-07 1.75682e-07 1.59269e-07 1.44388e-07 1.30897e-07 1.18666e-07 1.07578e-07 9.75256e-08 8.84122e-08 8.01501e-08 7.26599e-08 6.58695e-08 5.97134e-08 5.41326e-08 4.90731e-08 4.44864e-08 4.03283e-08 3.65587e-08 3.31414e-08 3.00434e-08 2.72349e-08 2.46889e-08 2.23808e-08 2.02884e-08 1.83916e-08 1.66721e-08 1.51133e-08 1.37002e-08 1.24192e-08 1.12579e-08 1.02052e-08 9.25089e-09 8.3858e-09 7.60159e-09 6.89069e-09 6.24626e-09 5.66208e-09 5.13252e-09 4.65247e-09 4.21732e-09 3.82285e-09 3.46527e-09 3.14112e-09 2.84729e-09 2.58094e-09 2.3395e-09 2.12063e-09 1.92224e-09 1.7424e-09 1.57939e-09 1.43162e-09 1.29767e-09 1.17625e-09 1.06619e-09 9.66426e-10 8.75994e-10 7.94021e-10 7.19718e-10 6.52365e-10 5.91315e-10 5.35976e-10 4.85814e-10 4.40346e-10 3.99133e-10 3.61776e-10 3.27914e-10 2.97221e-10 2.694e-10 2.44183e-10 2.21325e-10 2.00607e-10 1.81827e-10 1.64806e-10 1.49377e-10 1.35392e-10 1.22716e-10 1.11227e-10 1.00813e-10 9.13743e-11 8.28187e-11 7.50641e-11 6.80354e-11 6.16646e-11 5.58903e-11 5.06566e-11 4.59128e-11 4.16132e-11 3.77161e-11 3.41839e-11 3.09824e-11 2.80807e-11 2.54507e-11 2.3067e-11 2.09065e-11 1.89482e-11 1.71734e-11 1.55648e-11 1.41068e-11 1.27853e-11 1.15877e-11
2.36794e-05 1.75618e-07 1.59213e-07 1.44339e-07 1.30854e-07 1.18629e-07 1.07546e-07 9.74978e-08 8.83881e-08 8.01294e-08 7.26421e-08 6.58541e-08 5.97003e-08 5.41214e-08 4.90636e-08 4.44784e-08 4.03215e-08 3.65531e-08 3.31367e-08 3.00395e-08 2.72317e-08 2.46863e-08 2.23788e-08 2.02869e-08 1.83904e-08 1.66712e-08 1.51127e-08 1.36998e-08 1.2419e-08 1.12579e-08 1.02053e-08 9.25113e-09 8.38612e-09 7.60198e-09 6.89113e-09 6.24673e-09 5.66258e-09 5.13304e-09 4.653e-09 4.21785e-09 3.82338e-09 3.46579e-09 3.14164e-09 2.84779e-09 2.58142e-09 2.33997e-09 2.12109e-09 1.92267e-09 1.74282e-09 1.57978e-09 1.43199e-09 1.29803e-09 1.17659e-09 1.06651e-09 9.66726e-10 8.76277e-10 7.94287e-10 7.19968e-10 6.526e-10 5.91534e-10 5.36181e-10 4.86007e-10 4.40526e-10 3.993e-10 3.61932e-10 3.28059e-10 2.97356e-10 2.69526e-10 2.443e-10 2.21434e-10 2.00708e-10 1.81921e-10 1.64892e-10 1.49457e-10 1.35467e-10 1.22785e-10 1.11291e-10 1.00872e-10 9.14288e-11 8.28692e-11 7.51107e-11 6.80784e-11 6.17044e-11 5.5927e-11 5.06904e-11 4.5944e-11 4.16419e-11 3.77426e-11 3.42083e-11 3.10049e-11 2.81014e-11 2.54698e-11 2.30845e-11 2.09226e-11 1.89631e-11 1.7187e-11 1.55773e-11 1.41183e-11 1.27959e-11 1.15974e-11 1.05111e-11
2.14243e-05 1.59152e-07 1.44286e-07 1.30808e-07 1.18589e-07 1.07511e-07 9.74674e-08 8.83618e-08 8.01065e-08 7.26223e-08 6.58371e-08 5.96857e-08 5.41088e-08 4.90529e-08 4.44692e-08 4.03137e-08 3.65465e-08 3.31311e-08 3.00349e-08 2.72279e-08 2.46832e-08 2.23762e-08 2.02848e-08 1.83888e-08 1.667e-08 1.51117e-08 1.36991e-08 1.24185e-08 1.12576e-08 1.02052e-08 9.25113e-09 8.38623e-09 7.60217e-09 6.89139e-09 6.24705e-09 5.66294e-09 5.13343e-09 4.65341e-09 4.21827e-09 3.82381e-09 3.46622e-09 3.14207e-09 2.84822e-09 2.58185e-09 2.34038e-09 2.12148e-09 1.92306e-09 1.74319e-09 1.58014e-09 1.43233e-09 1.29835e-09 1.1769e-09 1.0668e-09 9.67003e-10 8.76538e-10 7.94534e-10 7.202e-10 6.52818e-10 5.91739e-10 5.36374e-10 4.86187e-10 4.40695e-10 3.99458e-10 3.62079e-10 3.28197e-10 2.97484e-10 2.69645e-10 2.44411e-10 2.21537e-10 2.00804e-10 1.8201e-10 1.64975e-10 1.49534e-10 1.35538e-10 1.22851e-10 1.11352e-10 1.00929e-10 9.14812e-11 8.29176e-11 7.51555e-11 6.81198e-11 6.17426e-11 5.59623e-11 5.0723e-11 4.5974e-11 4.16696e-11 3.77682e-11 3.42319e-11 3.10266e-11 2.81214e-11 2.54882e-11 2.31015e-11 2.09382e-11 1.89774e-11 1.72003e-11 1.55895e-11 1.41295e-11 1.28062e-11 1.16068e-11 1.05198e-11 9.53447e-12
1.93839e-05 1.4423e-07 1.30759e-07 1.18546e-07 1.07473e-07 9.74345e-08 8.83331e-08 8.00816e-08 7.26007e-08 6.58184e-08 5.96695e-08 5.40948e-08 4.90409e-08 4.44589e-08 4.03049e-08 3.6539e-08 3.31248e-08 3.00295e-08 2.72234e-08 2.46794e-08 2.23731e-08 2.02822e-08 1.83867e-08 1.66683e-08 1.51104e-08 1.36981e-08 1.24178e-08 1.1257e-08 1.02048e-08 9.25089e-09 8.38612e-09 7.60217e-09 6.89148e-09 6.24721e-09 5.66315e-09 5.13369e-09 4.65371e-09 4.21859e-09 3.82415e-09 3.46657e-09 3.14243e-09 2.84858e-09 2.5822e-09 2.34073e-09 2.12183e-09 1.9234e-09 1.74351e-09 1.58045e-09 1.43264e-09 1.29864e-09 1.17717e-09 1.06707e-09 9.67255e-10 8.76777e-10 7.94761e-10 7.20414e-10 6.5302e-10 5.9193e-10 5.36553e-10 4.86355e-10 4.40852e-10 3.99606e-10 3.62217e-10 3.28326e-10 2.97605e-10 2.69758e-10 2.44516e-10 2.21635e-10 2.00895e-10 1.82095e-10 1.65054e-10 1.49607e-10 1.35606e-10 1.22914e-10 1.11411e-10 1.00983e-10 9.15314e-11 8.2964e-11 7.51984e-11 6.81595e-11 6.17793e-11 5.59962e-11 5.07543e-11 4.6003e-11 4.16964e-11 3.77928e-11 3.42546e-11 3.10476e-11 2.81408e-11 2.5506e-11 2.31179e-11 2.09533e-11 1.89914e-11 1.72131e-11 1.56013e-11 1.41403e-11 1.28162e-11 1.1616e-11 1.05282e-11 9.54223e-12 8.64858e-12
