0.951244 0.00234589 0.00207706 0.00184184 0.0016357 0.00145476 0.00129569 0.00115562 0.00103209 0.000922968 0.000826414 0.000740845 0.000664885 0.000597344 0.000537189 0.000483521 0.000435556 0.000392613 0.000354096 0.000319481 0.000288313 0.000260188 0.000234753 0.000211696 0.000190739 0.000171638 0.000154174 0.000138154 0.000123402 0.000109763 9.97468e-05
0.00234589 3.17659e-05 2.81424e-05 2.49643e-05 2.21709e-05 1.97105e-05 1.75388e-05 1.5618e-05 1.39154e-05 1.24031e-05 1.10569e-05 9.85602e-06 8.78242e-06 7.82048e-06 6.95663e-06 6.17905e-06 5.47743e-06 4.84278e-06 4.26722e-06 3.74384e-06 3.26659e-06 2.83017e-06 2.42992e-06 2.06176e-06 1.72216e-06 1.40802e-06 1.11671e-06 8.45974e-07 5.93946e-07 3.59123e-07 3.21457e-07
0.00207706 2.81424e-05 2.49181e-05 2.20902e-05 1.96046e-05 1.74155e-05 1.54832e-05 1.3774e-05 1.22589e-05 1.09129e-05 9.71447e-06 8.64505e-06 7.68856e-06 6.83107e-06 6.06048e-06 5.36627e-06 4.73925e-06 4.17141e-06 3.65577e-06 3.18619e-06 2.75731e-06 2.36447e-06 2.00358e-06 1.67108e-06 1.36392e-06 1.07946e-06 8.15493e-07 5.70177e-07 3.42051e-07 3.04408e-07 2.72542e-07
0.00184184 2.49643e-05 2.20902e-05 1.95694e-05 1.73538e-05 1.54024e-05 1.36799e-05 1.21561e-05 1.08051e-05 9.60463e-06 8.53543e-06 7.58092e-06 6.72675e-06 5.96048e-06 5.2713e-06 4.64983e-06 4.08788e-06 3.57833e-06 3.11495e-06 2.69233e-06 2.30573e-06 1.95105e-06 1.62471e-06 1.32364e-06 1.04523e-06 7.87279e-07 5.47973e-07 3.25879e-07 2.89968e-07 2.58047e-07 2.31089e-07
0.0016357 2.21709e-05 1.96046e-05 1.73538e-05 1.53755e-05 1.36329e-05 1.20945e-05 1.07334e-05 9.52631e-06 8.45338e-06 7.4974e-06 6.64351e-06 5.87888e-06 5.19239e-06 4.5744e-06 4.0165e-06 3.51143e-06 3.05282e-06 2.63517e-06 2.25366e-06 1.90415e-06 1.58303e-06 1.28721e-06 1.01407e-06 7.61411e-07 5.27438e-07 3.10738e-07 2.76313e-07 2.45854e-07 2.18781e-07 1.95974e-07
0.00145476 1.97105e-05 1.74155e-05 1.54024e-05 1.36329e-05 1.2074e-05 1.06975e-05 9.47937e-06 8.39877e-06 7.43784e-06 6.5812e-06 5.81556e-06 5.12942e-06 4.51284e-06 3.95719e-06 3.45498e-06 2.99972e-06 2.58576e-06 2.20822e-06 1.86286e-06 1.54604e-06 1.25464e-06 9.86004e-07 7.37939e-07 5.08648e-07 2.96727e-07 2.63561e-07 2.34347e-07 2.08506e-07 1.85538e-07 1.6624e-07
0.00129569 1.75388e-05 1.54832e-05 1.36799e-05 1.20945e-05 1.06975e-05 9.46374e-06 8.37148e-06 7.40215e-06 6.53972e-06 5.7704e-06 5.08228e-06 4.46506e-06 3.90984e-06 3.4089e-06 2.95557e-06 2.54406e-06 2.16936e-06 1.82716e-06 1.51373e-06 1.22593e-06 9.61057e-07 7.16902e-07 4.91657e-07 2.8392e-07 2.518e-07 2.23631e-07 1.9883e-07 1.76897e-07 1.57405e-07 1.41072e-07
0.00115562 1.5618e-05 1.3774e-05 1.21561e-05 1.07334e-05 9.47937e-06 8.37148e-06 7.39026e-06 6.519e-06 5.74334e-06 5.05089e-06 4.43099e-06 3.87439e-06 3.37314e-06 2.92033e-06 2.51001e-06 2.13704e-06 1.797e-06 1.48609e-06 1.20108e-06 9.39237e-07 6.9832e-07 4.76502e-07 2.72373e-07 2.41099e-07 2.13786e-07 1.89847e-07 1.68781e-07 1.50157e-07 1.33606e-07 1.19777e-07
0.00103209 1.39154e-05 1.22589e-05 1.08051e-05 9.52631e-06 8.39877e-06 7.40215e-06 6.519e-06 5.73432e-06 5.03521e-06 4.41056e-06 3.85079e-06 3.34763e-06 2.89394e-06 2.48358e-06 2.11124e-06 1.77237e-06 1.46309e-06 1.18007e-06 9.20545e-07 6.82208e-07 4.63211e-07 2.62126e-07 2.31506e-07 2.04873e-07 1.81631e-07 1.61274e-07 1.43368e-07 1.27543e-07 1.1348e-07 1.01764e-07
0.000922968 1.24031e-05 1.09129e-05 9.60463e-06 8.45338e-06 7.43784e-06 6.53972e-06 5.74334e-06 5.03521e-06 4.40376e-06 3.839e-06 3.33233e-06 2.87637e-06 2.46472e-06 2.09191e-06 1.75325e-06 1.44471e-06 1.16291e-06 9.04979e-07 6.68573e-07 4.518e-07 2.53206e-07 2.23059e-07 1.96937e-07 1.74235e-07 1.5444e-07 1.37114e-07 1.21882e-07 1.08424e-07 9.64651e-08 8.65328e-08
0.000826414 1.10569e-05 9.71447e-06 8.53543e-06 7.4974e-06 6.5812e-06 5.7704e-06 5.05089e-06 4.41056e-06 3.839e-06 3.32724e-06 2.86759e-06 2.45341e-06 2.07904e-06 1.7396e-06 1.43095e-06 1.14957e-06 8.92535e-07 6.57418e-07 4.42282e-07 2.45635e-07 2.15784e-07 1.90011e-07 1.677e-07 1.48329e-07 1.31453e-07 1.16692e-07 1.03721e-07 9.22641e-08 8.20844e-08 7.36559e-08
0.000740845 9.85602e-06 8.64505e-06 7.58092e-06 6.64351e-06 5.81556e-06 5.08228e-06 4.43099e-06 3.85079e-06 3.33233e-06 2.86759e-06 2.44965e-06 2.07261e-06 1.73142e-06 1.42178e-06 1.14005e-06 8.83207e-07 6.48744e-07 4.34663e-07 2.39426e-07 2.097e-07 1.8412e-07 1.62057e-07 1.42978e-07 1.26429e-07 1.12023e-07 9.94314e-08 8.83729e-08 7.8608e-08 6.99322e-08 6.27715e-08
0.000664885 8.78242e-06 7.68856e-06 6.72675e-06 5.87888e-06 5.12942e-06 4.46506e-06 3.87439e-06 3.34763e-06 2.87637e-06 2.45341e-06 2.07261e-06 1.72869e-06 1.41719e-06 1.13434e-06 8.76992e-07 6.4255e-07 4.28946e-07 2.34589e-07 2.04821e-07 1.79281e-07 1.57328e-07 1.38414e-07 1.22075e-07 1.07917e-07 9.5602e-08 8.48454e-08 7.54036e-08 6.70689e-08 5.96642e-08 5.35721e-08
0.000597344 7.82048e-06 6.83107e-06 5.96048e-06 5.19239e-06 4.51284e-06 3.90984e-06 3.37314e-06 2.89394e-06 2.46472e-06 2.07904e-06 1.73142e-06 1.41719e-06 1.13244e-06 8.73885e-07 6.38834e-07 4.25134e-07 2.31131e-07 2.01154e-07 1.75507e-07 1.53529e-07 1.34657e-07 1.18417e-07 1.04402e-07 9.22681e-08 8.17235e-08 7.25194e-08 6.44446e-08 5.73188e-08 5.09884e-08 4.57969e-08
0.000537189 6.95663e-06 6.06048e-06 5.2713e-06 4.5744e-06 3.95719e-06 3.4089e-06 2.92033e-06 2.48358e-06 2.09191e-06 1.7396e-06 1.42178e-06 1.13434e-06 8.73885e-07 6.37595e-07 4.23228e-07 2.29054e-07 1.98707e-07 1.72806e-07 1.50671e-07 1.31723e-07 1.15472e-07 1.01501e-07 8.94563e-08 7.90385e-08 6.99925e-08 6.2102e-08 5.51831e-08 4.90792e-08 4.36571e-08 3.92245e-08
0.000483521 6.17905e-06 5.36627e-06 4.64983e-06 4.0165e-06 3.45498e-06 2.95557e-06 2.51001e-06 2.11124e-06 1.75325e-06 1.43095e-06 1.14005e-06 8.76992e-07 6.38834e-07 4.23228e-07 2.28362e-07 1.97483e-07 1.71183e-07 1.48761e-07 1.2962e-07 1.13252e-07 9.92294e-08 8.71864e-08 7.68143e-08 6.7851e-08 6.00743e-08 5.32954e-08 4.73542e-08 4.21145e-08 3.74603e-08 3.36673e-08
0.000435556 5.47743e-06 4.73925e-06 4.08788e-06 3.51143e-06 2.99972e-06 2.54406e-06 2.13704e-06 1.77237e-06 1.44471e-06 1.14957e-06 8.83207e-07 6.4255e-07 4.25134e-07 2.29054e-07 1.97483e-07 1.70642e-07 1.47806e-07 1.28356e-07 1.11769e-07 9.75997e-08 8.54727e-08 7.50683e-08 6.61159e-08 5.83862e-08 5.16849e-08 4.58473e-08 4.07335e-08 3.62248e-08 3.22202e-08 2.89664e-08
0.000392613 4.84278e-06 4.17141e-06 3.57833e-06 3.05282e-06 2.58576e-06 2.16936e-06 1.797e-06 1.46309e-06 1.16291e-06 8.92535e-07 6.48744e-07 4.28946e-07 2.31131e-07 1.98707e-07 1.71183e-07 1.47806e-07 1.27934e-07 1.11025e-07 9.6619e-08 8.43252e-08 7.3813e-08 6.48024e-08 5.70562e-08 5.03734e-08 4.45841e-08 3.9544e-08 3.51308e-08 3.1241e-08 2.77862e-08 2.49872e-08
0.000354096 4.26722e-06 3.65577e-06 3.11495e-06 2.63517e-06 2.20822e-06 1.82716e-06 1.48609e-06 1.18007e-06 9.04979e-07 6.57418e-07 4.34663e-07 2.34589e-07 2.01154e-07 1.72806e-07 1.48761e-07 1.28356e-07 1.11025e-07 9.62917e-08 8.37499e-08 7.30566e-08 6.39212e-08 5.60974e-08 4.9377e-08 4.35838e-08 3.85684e-08 3.42046e-08 3.03854e-08 2.70198e-08 2.40309e-08 2.16159e-08
0.000319481 3.74384e-06 3.18619e-06 2.69233e-06 2.25366e-06 1.86286e-06 1.51373e-06 1.20108e-06 9.20545e-07 6.68573e-07 4.42282e-07 2.39426e-07 2.04821e-07 1.75507e-07 1.50671e-07 1.2962e-07 1.11769e-07 9.6619e-08 8.37499e-08 7.2804e-08 6.34789e-08 5.55188e-08 4.87069e-08 4.28602e-08 3.78235e-08 3.34659e-08 2.96764e-08 2.63611e-08 2.34403e-08 2.08465e-08 1.8756e-08
0.000288313 3.26659e-06 2.75731e-06 2.30573e-06 1.90415e-06 1.54604e-06 1.22593e-06 9.39237e-07 6.82208e-07 4.518e-07 2.45635e-07 2.097e-07 1.79281e-07 1.53529e-07 1.31723e-07 1.13252e-07 9.75997e-08 8.43252e-08 7.30566e-08 6.34789e-08 5.53254e-08 4.83701e-08 4.24224e-08 3.73208e-08 3.29288e-08 2.9131e-08 2.58299e-08 2.29429e-08 2.04001e-08 1.8142e-08 1.63261e-08
0.000260188 2.83017e-06 2.36447e-06 1.95105e-06 1.58303e-06 1.25464e-06 9.61057e-07 6.9832e-07 4.63211e-07 2.53206e-07 2.15784e-07 1.8412e-07 1.57328e-07 1.34657e-07 1.15472e-07 9.92294e-08 8.54727e-08 7.3813e-08 6.39212e-08 5.55188e-08 4.83701e-08 4.2276e-08 3.70677e-08 3.26029e-08 2.87612e-08 2.54409e-08 2.2556e-08 2.00338e-08 1.78127e-08 1.58405e-08 1.42574e-08
0.000234753 2.42992e-06 2.00358e-06 1.62471e-06 1.28721e-06 9.86004e-07 7.16902e-07 4.76502e-07 2.62126e-07 2.23059e-07 1.90011e-07 1.62057e-07 1.38414e-07 1.18417e-07 1.01501e-07 8.71864e-08 7.50683e-08 6.48024e-08 5.60974e-08 4.87069e-08 4.24224e-08 3.70677e-08 3.24936e-08 2.85745e-08 2.52038e-08 2.22917e-08 1.97624e-08 1.75517e-08 1.56052e-08 1.38769e-08 1.24918e-08
0.000211696 2.06176e-06 1.67108e-06 1.32364e-06 1.01407e-06 7.37939e-07 4.91657e-07 2.72373e-07 2.31506e-07 1.96937e-07 1.677e-07 1.42978e-07 1.22075e-07 1.04402e-07 8.94563e-08 7.68143e-08 6.61159e-08 5.70562e-08 4.9377e-08 4.28602e-08 3.73208e-08 3.26029e-08 2.85745e-08 2.51241e-08 2.21577e-08 1.95958e-08 1.73712e-08 1.54273e-08 1.37159e-08 1.21964e-08 1.09802e-08
0.000190739 1.72216e-06 1.36392e-06 1.04523e-06 7.61411e-07 5.08648e-07 2.8392e-07 2.41099e-07 2.04873e-07 1.74235e-07 1.48329e-07 1.26429e-07 1.07917e-07 9.22681e-08 7.90385e-08 6.7851e-08 5.83862e-08 5.03734e-08 4.35838e-08 3.78235e-08 3.29288e-08 2.87612e-08 2.52038e-08 2.21577e-08 1.95396e-08 1.72791e-08 1.53167e-08 1.3602e-08 1.20927e-08 1.07527e-08 9.68118e-09
0.000171638 1.40802e-06 1.07946e-06 7.87279e-07 5.27438e-07 2.96727e-07 2.518e-07 2.13786e-07 1.81631e-07 1.5444e-07 1.31453e-07 1.12023e-07 9.5602e-08 8.17235e-08 6.99925e-08 6.00743e-08 5.16849e-08 4.45841e-08 3.85684e-08 3.34659e-08 2.9131e-08 2.54409e-08 2.22917e-08 1.95958e-08 1.72791e-08 1.52792e-08 1.35432e-08 1.20266e-08 1.06918e-08 9.50666e-09 8.5597e-09
0.000154174 1.11671e-06 8.15493e-07 5.47973e-07 3.10738e-07 2.63561e-07 2.23631e-07 1.89847e-07 1.61274e-07 1.37114e-07 1.16692e-07 9.94314e-08 8.48454e-08 7.25194e-08 6.2102e-08 5.32954e-08 4.58473e-08 3.9544e-08 3.42046e-08 2.96764e-08 2.58299e-08 2.2556e-08 1.97624e-08 1.73712e-08 1.53167e-08 1.35432e-08 1.2004e-08 1.06594e-08 9.47599e-09 8.42539e-09 7.58624e-09
0.000138154 8.45974e-07 5.70177e-07 3.25879e-07 2.76313e-07 2.34347e-07 1.9883e-07 1.68781e-07 1.43368e-07 1.21882e-07 1.03721e-07 8.83729e-08 7.54036e-08 6.44446e-08 5.51831e-08 4.73542e-08 4.07335e-08 3.51308e-08 3.03854e-08 2.63611e-08 2.29429e-08 2.00338e-08 1.75517e-08 1.54273e-08 1.3602e-08 1.20266e-08 1.06594e-08 9.46513e-09 8.41406e-09 7.48097e-09 6.73584e-09
0.000123402 5.93946e-07 3.42051e-07 2.89968e-07 2.45854e-07 2.08506e-07 1.76897e-07 1.50157e-07 1.27543e-07 1.08424e-07 9.22641e-08 7.8608e-08 6.70689e-08 5.73188e-08 4.90792e-08 4.21145e-08 3.62248e-08 3.1241e-08 2.70198e-08 2.34403e-08 2.04001e-08 1.78127e-08 1.56052e-08 1.37159e-08 1.20927e-08 1.06918e-08 9.47599e-09 8.41406e-09 7.47949e-09 6.64985e-09 5.98739e-09
0.000109763 3.59123e-07 3.04408e-07 2.58047e-07 2.18781e-07 1.85538e-07 1.57405e-07 1.33606e-07 1.1348e-07 9.64651e-08 8.20844e-08 6.99322e-08 5.96642e-08 5.09884e-08 4.36571e-08 3.74603e-08 3.22202e-08 2.77862e-08 2.40309e-08 2.08465e-08 1.8142e-08 1.58405e-08 1.38769e-08 1.21964e-08 1.07527e-08 9.50666e-09 8.42539e-09 7.48097e-09 6.64985e-09 5.91207e-09 5.323e-09
9.97468e-05 3.21457e-07 2.72542e-07 2.31089e-07 1.95974e-07 1.6624e-07 1.41072e-07 1.19777e-07 1.01764e-07 8.65328e-08 7.36559e-08 6.27715e-08 5.35721e-08 4.57969e-08 3.92245e-08 3.36673e-08 2.89664e-08 2.49872e-08 2.16159e-08 1.8756e-08 1.63261e-08 1.42574e-08 1.24918e-08 1.09802e-08 9.68118e-09 8.5597e-09 7.58624e-09 6.73584e-09 5.98739e-09 5.323e-09 4.79182e-09
