0.922883 0.0359443 0.00139995 5.45251e-05 2.12363e-06 8.27109e-08 3.22141e-09 1.25467e-10 4.88666e-12 1.90325e-13 7.41274e-15 2.8871e-16 1.12446e-17 4.37954e-19 1.70574e-20 6.64347e-22 2.58749e-23 1.00777e-24 3.92505e-26 1.52872e-27 5.95403e-29 2.31897e-30 9.03187e-32 3.51772e-33 1.37007e-34 5.33614e-36 2.07831e-37 8.09457e-39 3.15266e-40 1.22789e-41 4.78238e-43 1.86263e-44 7.25454e-46 2.82549e-47 1.10047e-48 4.28608e-50 1.66933e-51 6.50169e-53 2.53227e-54 9.86263e-56 3.84128e-57 1.4961e-58 5.82697e-60 2.26948e-61 8.83912e-63 3.44264e-64 1.34084e-65 5.22226e-67 2.03396e-68 7.92182e-70 3.08538e-71 1.20169e-72 4.68031e-74 1.82288e-75 7.09972e-77 2.76519e-78 1.07698e-79 4.1946e-81 1.63371e-82 6.36294e-84 2.47823e-85 9.65215e-87 3.7593e-88 1.46417e-89 5.70261e-91 2.22104e-92 8.65048e-94 3.36917e-95 1.31222e-96 5.11081e-98 1.99055e-99 7.75276e-101 3.01953e-102 1.17604e-103 4.58043e-105 1.78398e-106 6.9482e-108 2.70617e-109 1.054e-110 4.10509e-112 1.59884e-113 6.22714e-115 2.42534e-116 9.44616e-118 3.67907e-119 1.43292e-120 5.58091e-122 2.17364e-123 8.46586e-125 3.29727e-126 1.28422e-127 5.00174e-129 1.94807e-130 7.5873e-132 2.95509e-133 1.15094e-134 4.48267e-136 1.7459e-137 6.79992e-139 2.64842e-140 1.0315e-141
0.0359443 0.0020813 0.000107599 5.22431e-06 2.43731e-07 1.10606e-08 4.91851e-10 2.15348e-11 9.31366e-13 3.98824e-14 1.69385e-15 7.14444e-17 2.99575e-18 1.2498e-19 5.19102e-21 2.14772e-22 8.85539e-24 3.64001e-25 1.49211e-26 6.10121e-28 2.48915e-29 1.01343e-30 4.11829e-32 1.67067e-33 6.76658e-35 2.73659e-36 1.10524e-37 4.4581e-39 1.79609e-40 7.22815e-42 2.90586e-43 1.16708e-44 4.68303e-46 1.8775e-47 7.52104e-49 3.01053e-50 1.20418e-51 4.81326e-53 1.92266e-54 7.67529e-56 3.06217e-57 1.22101e-58 4.86602e-60 1.93823e-61 7.71653e-63 3.07068e-64 1.22138e-65 4.856e-67 1.92986e-68 7.66655e-70 3.04444e-71 1.20852e-72 4.79565e-74 1.90236e-75 7.54384e-77 2.99058e-78 1.18518e-79 4.69553e-81 1.85978e-82 7.36404e-84 2.91511e-85 1.15367e-86 4.56455e-88 1.80555e-89 7.14031e-91 2.8231e-92 1.11593e-93 4.41018e-95 1.74254e-96 6.8837e-98 2.71878e-99 1.0736e-100 4.23869e-102 1.67317e-103 6.60346e-105 2.60572e-106 1.02804e-107 4.0553e-109 1.59943e-110 6.30725e-112 2.48684e-113 9.80375e-115 3.86432e-116 1.52298e-117 6.0014e-119 2.36458e-120 9.3153e-122 3.66931e-123 1.44516e-124 5.6911e-126 2.2409e-127 8.82264e-129 3.47316e-130 1.3671e-131 5.38058e-133 2.11743e-134 8.33192e-136 3.2782e-137 1.28968e-138 5.07321e-140 1.99546e-141
0.00139995 0.000107599 6.7609e-06 3.83016e-07 2.03425e-08 1.0333e-09 5.07891e-11 2.43388e-12 1.14301e-13 5.2799e-15 2.40558e-16 1.08329e-17 4.82965e-19 2.13455e-20 9.36224e-22 4.07868e-23 1.76622e-24 7.60724e-26 3.26057e-27 1.39137e-28 5.91347e-30 2.50406e-31 1.05676e-32 4.44588e-34 1.86503e-35 7.80286e-37 3.25642e-38 1.35588e-39 5.63327e-41 2.3357e-42 9.66601e-44 3.99299e-45 1.6467e-46 6.78014e-48 2.78745e-49 1.14434e-50 4.69156e-52 1.92096e-53 7.85578e-55 3.20888e-56 1.30929e-57 5.33653e-59 2.17291e-60 8.83901e-62 3.59222e-63 1.4586e-64 5.91755e-66 2.39879e-67 9.71627e-69 3.9326e-70 1.59054e-71 6.42846e-73 2.59642e-74 1.048e-75 4.22743e-77 1.70423e-78 6.86634e-80 2.76489e-81 1.11274e-82 4.47586e-84 1.79945e-85 7.23081e-87 2.90419e-88 1.1659e-89 4.67844e-91 1.8765e-92 7.52339e-94 3.01507e-95 1.20783e-96 4.83667e-98 1.93607e-99 7.74701e-101 3.09878e-102 1.23907e-103 4.95282e-105 1.97909e-106 7.90561e-108 3.15696e-109 1.26029e-110 5.02965e-112 2.00669e-113 8.0038e-115 3.19148e-116 1.27224e-117 5.07025e-119 2.02012e-120 8.0466e-122 3.20436e-123 1.27574e-124 5.07787e-126 2.02068e-127 8.03926e-129 3.19769e-130 1.27163e-131 5.05584e-133 2.00972e-134 7.98704e-136 3.17358e-137 1.26075e-138 5.0075e-140 1.98853e-141
5.45251e-05 5.22431e-06 3.83016e-07 2.45709e-08 1.45104e-09 8.09202e-11 4.32521e-12 2.23705e-13 1.12694e-14 5.55561e-16 2.68959e-17 1.28214e-18 6.03121e-20 2.80433e-21 1.29066e-22 5.88639e-24 2.66294e-25 1.19592e-26 5.33541e-28 2.36605e-29 1.0435e-30 4.57904e-32 2.00005e-33 8.69847e-35 3.76807e-36 1.62627e-37 6.99469e-39 2.99881e-40 1.2818e-41 5.46339e-43 2.32247e-44 9.84807e-46 4.16605e-47 1.75844e-48 7.40644e-50 3.1133e-51 1.30618e-52 5.47017e-54 2.2869e-55 9.54509e-57 3.97768e-58 1.65512e-59 6.8771e-61 2.85355e-62 1.18248e-63 4.89389e-65 2.02296e-66 8.35251e-68 3.44477e-69 1.41917e-70 5.84064e-72 2.40133e-73 9.86335e-75 4.04756e-76 1.65948e-77 6.79792e-79 2.78237e-80 1.1379e-81 4.64995e-83 1.89874e-84 7.7475e-86 3.15899e-87 1.28717e-88 5.2412e-90 2.13277e-91 8.67323e-93 3.52494e-94 1.43174e-95 5.81196e-97 2.35796e-98 9.5612e-100 3.87486e-101 1.56954e-102 6.35433e-104 2.57129e-105 1.03998e-106 4.2043e-108 1.69888e-109 6.86181e-111 2.77029e-112 1.11796e-113 4.50969e-115 1.81841e-116 7.3293e-118 2.95302e-119 1.18934e-120 4.7883e-122 1.92709e-123 7.75296e-125 3.11804e-126 1.25357e-127 5.03816e-129 2.0242e-130 8.13011e-132 3.2644e-133 1.31032e-134 5.258e-136 2.10929e-137 8.45915e-139 3.39152e-140 1.35938e-141
2.12363e-06 2.43731e-07 2.03425e-08 1.45104e-09 9.38979e-11 5.67893e-12 3.26631e-13 1.80666e-14 9.68386e-16 5.05794e-17 2.58491e-18 1.29671e-19 6.40108e-21 3.11568e-22 1.49781e-23 7.12131e-25 3.35241e-26 1.56412e-27 7.23875e-29 3.32542e-30 1.51737e-31 6.88073e-33 3.10232e-34 1.39134e-35 6.20924e-37 2.75836e-38 1.22012e-39 5.37543e-41 2.35934e-42 1.03189e-43 4.49814e-45 1.95465e-46 8.46871e-48 3.65886e-49 1.57659e-50 6.77634e-52 2.90555e-53 1.24299e-54 5.30595e-56 2.26024e-57 9.60915e-59 4.07747e-60 1.72706e-61 7.30242e-63 3.08249e-64 1.2991e-65 5.46654e-67 2.29689e-68 9.63719e-70 4.03798e-71 1.68968e-72 7.06143e-74 2.94745e-75 1.22881e-76 5.11712e-78 2.12856e-79 8.84462e-81 3.67132e-82 1.5224e-83 6.30688e-85 2.6103e-86 1.07936e-87 4.45924e-89 1.84068e-90 7.59162e-92 3.12851e-93 1.28824e-94 5.30058e-96 2.17934e-97 8.95388e-99 3.67613e-100 1.50824e-101 6.18386e-103 2.53375e-104 1.03751e-105 4.24571e-107 1.73638e-108 7.09714e-110 2.89915e-111 1.18362e-112 4.82967e-114 1.96964e-115 8.02842e-117 3.27077e-118 1.33184e-119 5.42049e-121 2.20505e-122 8.96591e-124 3.64394e-125 1.48031e-126 6.01093e-128 2.43974e-129 9.89835e-131 4.01423e-132 1.62729e-133 6.5941e-135 2.67102e-136 1.08151e-137 4.37749e-139 1.77116e-140 7.16366e-142
8.27109e-08 1.10606e-08 1.0333e-09 8.09202e-11 5.67893e-12 3.6925e-13 2.26812e-14 1.3327e-15 7.55549e-17 4.15862e-18 2.23262e-19 1.17332e-20 6.05324e-22 3.07268e-23 1.5375e-24 7.59557e-26 3.7095e-27 1.79293e-28 8.58449e-30 4.075e-31 1.91917e-32 8.97316e-34 4.16737e-35 1.92343e-36 8.82636e-38 4.02851e-39 1.82945e-40 8.26887e-42 3.7209e-43 1.6674e-44 7.4426e-46 3.30978e-47 1.46673e-48 6.47821e-50 2.85227e-51 1.25206e-52 5.48051e-54 2.39242e-55 1.04166e-56 4.52422e-58 1.96035e-59 8.475e-61 3.65599e-62 1.57386e-63 6.76182e-65 2.89953e-66 1.24106e-67 5.3026e-69 2.26175e-70 9.63132e-72 4.09487e-73 1.73832e-74 7.36852e-76 3.11897e-77 1.31839e-78 5.56542e-80 2.34635e-81 9.87974e-83 4.15502e-84 1.74539e-85 7.32347e-87 3.06947e-88 1.28512e-89 5.37497e-91 2.24579e-92 9.37421e-94 3.90919e-95 1.62868e-96 6.77944e-98 2.81948e-99 1.17159e-100 4.86426e-102 2.01793e-103 8.36474e-105 3.46468e-106 1.43399e-107 5.93078e-109 2.45113e-110 1.01231e-111 4.178e-113 1.72318e-114 7.10249e-116 2.92559e-117 1.20433e-118 4.95464e-120 2.03714e-121 8.37096e-123 3.43781e-124 1.41106e-125 5.7886e-127 2.37338e-128 9.726e-130 3.98361e-131 1.6308e-132 6.67285e-134 2.72905e-135 1.11559e-136 4.55823e-138 1.86161e-139 7.59955e-141 3.10096e-142
3.22141e-09 4.91851e-10 5.07891e-11 4.32521e-12 3.26631e-13 2.26812e-14 1.47925e-15 9.18587e-17 5.48268e-18 3.16677e-19 1.77914e-20 9.76075e-22 5.2456e-23 2.76845e-24 1.43782e-25 7.36113e-27 3.72034e-28 1.85846e-29 9.1857e-31 4.49632e-32 2.1814e-33 1.04966e-34 5.01258e-36 2.37694e-37 1.11976e-38 5.24299e-40 2.44088e-41 1.13027e-42 5.20753e-44 2.38791e-45 1.09008e-46 4.95519e-48 2.24348e-49 1.01189e-50 4.54757e-52 2.03674e-53 9.09228e-55 4.0463e-56 1.79537e-57 7.94355e-59 3.50508e-60 1.54259e-61 6.77208e-63 2.96589e-64 1.29596e-65 5.65027e-67 2.45825e-68 1.06733e-69 4.62501e-71 2.00035e-72 8.63585e-74 3.72167e-75 1.60114e-76 6.87712e-78 2.94911e-79 1.26272e-80 5.39852e-82 2.3047e-83 9.82532e-85 4.18301e-86 1.77852e-87 7.5522e-89 3.20294e-90 1.35675e-91 5.74042e-93 2.42601e-94 1.02414e-95 4.31875e-97 1.81928e-98 7.65596e-100 3.2186e-101 1.3518e-102 5.67216e-104 2.37784e-105 9.95928e-107 4.16766e-108 1.74254e-109 7.27969e-111 3.0387e-112 1.26741e-113 5.2821e-115 2.19971e-116 9.15382e-118 3.80647e-119 1.58174e-120 6.56815e-122 2.72556e-123 1.13026e-124 4.68401e-126 1.9399e-127 8.02915e-129 3.32118e-130 1.37295e-131 5.67232e-133 2.34216e-134 9.66551e-136 3.98651e-137 1.64333e-138 6.77053e-140 2.788e-141 1.14747e-142
1.25467e-10 2.15348e-11 2.43388e-12 2.23705e-13 1.80666e-14 1.3327e-15 9.18587e-17 6.00358e-18 3.75839e-19 2.27029e-20 1.33058e-21 7.59861e-23 4.24252e-24 2.32217e-25 1.24887e-26 6.61152e-28 3.45086e-29 1.77818e-30 9.05616e-32 4.56315e-33 2.27675e-34 1.12571e-35 5.51937e-37 2.68513e-38 1.29684e-39 6.22105e-41 2.96539e-42 1.40511e-43 6.62074e-45 3.10319e-46 1.44725e-47 6.71788e-49 3.10442e-50 1.42852e-51 6.54706e-53 2.98911e-54 1.35973e-55 6.16381e-57 2.78486e-58 1.25423e-59 5.63158e-61 2.52126e-62 1.12562e-63 5.01189e-65 2.22583e-66 9.86069e-68 4.358e-69 1.92163e-70 8.45462e-72 3.71186e-73 1.62628e-74 7.11108e-76 3.10343e-77 1.3519e-78 5.87847e-80 2.5517e-81 1.10577e-82 4.78402e-84 2.06649e-85 8.91267e-87 3.83828e-88 1.65058e-89 7.08808e-91 3.03968e-92 1.30182e-93 5.56822e-95 2.37868e-96 1.01491e-97 4.32513e-99 1.84107e-100 7.828e-102 3.32472e-103 1.41057e-104 5.9783e-106 2.53116e-107 1.0706e-108 4.52394e-110 1.90982e-111 8.05502e-113 3.39427e-114 1.42904e-115 6.01123e-117 2.52648e-118 1.06099e-119 4.45198e-121 1.8666e-122 7.82013e-124 3.27376e-125 1.36948e-126 5.72466e-128 2.3913e-129 9.98193e-131 4.16387e-132 1.73576e-133 7.23094e-135 3.01037e-136 1.25248e-137 5.20777e-139 2.16405e-140 8.9872e-142 3.73014e-143
4.88666e-12 9.31366e-13 1.14301e-13 1.12694e-14 9.68386e-16 7.55549e-17 5.48268e-18 3.75839e-19 2.46015e-20 1.54976e-21 9.45054e-23 5.60421e-24 3.24342e-25 1.83733e-26 1.02119e-27 5.57994e-29 3.00249e-30 1.59327e-31 8.34803e-33 4.32347e-34 2.21533e-35 1.12398e-36 5.65081e-38 2.8169e-39 1.39314e-40 6.83914e-42 3.33425e-43 1.61498e-44 7.77453e-46 3.72111e-47 1.77134e-48 8.38853e-50 3.95317e-51 1.85433e-52 8.65981e-54 4.02721e-55 1.86535e-56 8.60705e-58 3.95696e-59 1.8128e-60 8.27724e-62 3.76728e-63 1.70936e-64 7.73314e-66 3.48855e-67 1.56945e-68 7.04222e-70 3.15189e-71 1.40725e-72 6.26832e-74 2.78575e-75 1.23532e-76 5.46632e-78 2.4139e-79 1.06385e-80 4.67956e-82 2.05457e-83 9.00438e-85 3.93936e-86 1.72052e-87 7.50197e-89 3.26585e-90 1.41952e-91 6.16071e-93 2.66981e-94 1.15534e-95 4.99266e-97 2.1546e-98 9.28598e-100 3.99697e-101 1.71826e-102 7.37763e-104 3.16393e-105 1.35529e-106 5.79889e-108 2.47843e-109 1.05813e-110 4.51277e-112 1.92264e-113 8.18306e-115 3.47941e-116 1.47801e-117 6.27246e-119 2.65949e-120 1.1266e-121 4.76819e-123 2.01634e-124 8.51936e-126 3.59658e-127 1.51712e-128 6.39445e-130 2.69307e-131 1.13334e-132 4.76595e-134 2.00271e-135 8.40955e-137 3.52875e-138 1.47968e-139 6.20037e-141 2.59644e-142 1.08656e-143
1.90325e-13 3.98824e-14 5.2799e-15 5.55561e-16 5.05794e-17 4.15862e-18 3.16677e-19 2.27029e-20 1.54976e-21 1.01563e-22 6.42974e-24 3.9511e-25 2.36574e-26 1.38446e-27 7.93884e-29 4.47012e-30 2.47594e-31 1.35108e-32 7.27293e-34 3.86652e-35 2.0321e-36 1.05673e-37 5.44141e-39 2.77643e-40 1.40462e-41 7.04962e-43 3.51176e-44 1.73713e-45 8.53626e-47 4.16861e-48 2.02374e-49 9.76992e-51 4.69167e-52 2.24171e-53 1.06599e-54 5.04602e-56 2.37825e-57 1.11626e-58 5.21854e-60 2.43044e-61 1.12783e-62 5.21543e-64 2.40371e-65 1.10428e-66 5.05752e-68 2.30943e-69 1.05155e-70 4.77479e-72 2.16235e-73 9.7675e-75 4.40113e-76 1.97836e-77 8.87243e-79 3.97014e-80 1.77267e-81 7.89839e-83 3.51209e-84 1.5586e-85 6.90359e-87 3.05217e-88 1.34697e-89 5.93399e-91 2.60974e-92 1.14585e-93 5.02297e-95 2.19843e-96 9.60734e-98 4.19227e-99 1.8267e-100 7.94827e-102 3.45368e-103 1.49868e-104 6.49487e-106 2.81111e-107 1.21519e-108 5.24666e-110 2.2626e-111 9.74604e-113 4.19331e-114 1.80221e-115 7.73719e-117 3.31819e-118 1.42158e-119 6.08415e-121 2.60135e-122 1.11116e-123 4.74176e-125 2.02162e-126 8.6112e-128 3.66471e-129 1.55824e-130 6.62001e-132 2.81007e-133 1.19184e-134 5.05085e-136 2.13879e-137 9.04968e-139 3.82619e-140 1.61649e-141 6.82436e-143 2.87896e-144
7.41274e-15 1.69385e-15 2.40558e-16 2.68959e-17 2.58491e-18 2.23262e-19 1.77914e-20 1.33058e-21 9.45054e-23 6.42974e-24 4.21766e-25 2.6809e-26 1.6579e-27 1.00072e-28 5.9116e-30 3.4253e-31 1.95034e-32 1.09304e-33 6.03778e-35 3.29121e-36 1.77225e-37 9.43595e-39 4.97159e-40 2.59399e-41 1.34118e-42 6.87558e-44 3.49673e-45 1.76503e-46 8.84648e-48 4.40442e-49 2.17904e-50 1.07163e-51 5.24032e-53 2.54877e-54 1.23332e-55 5.9388e-57 2.8464e-58 1.35819e-59 6.45317e-61 3.05363e-62 1.43934e-63 6.75904e-65 3.16259e-66 1.47469e-67 6.85354e-69 3.17497e-70 1.46631e-71 6.75186e-73 3.1001e-74 1.41947e-75 6.48214e-77 2.95249e-78 1.34145e-79 6.08008e-81 2.74934e-82 1.2404e-83 5.58398e-85 2.50841e-86 1.12449e-87 5.03085e-89 2.24637e-90 1.00114e-91 4.45363e-93 1.97767e-94 8.76671e-96 3.87957e-97 1.71401e-98 7.56043e-100 3.32965e-101 1.46416e-102 6.42882e-104 2.81867e-105 1.23408e-106 5.3956e-108 2.35587e-109 1.02729e-110 4.47376e-112 1.94584e-113 8.45296e-115 3.66765e-116 1.58949e-117 6.88062e-119 2.97515e-120 1.28503e-121 5.54434e-123 2.38962e-124 1.02887e-125 4.42537e-127 1.90156e-128 8.16297e-130 3.50085e-131 1.50001e-132 6.42119e-134 2.7463e-135 1.17354e-136 5.01042e-138 2.13738e-139 9.11019e-141 3.87988e-142 1.65106e-143 7.02042e-145
2.8871e-16 7.14444e-17 1.08329e-17 1.28214e-18 1.29671e-19 1.17332e-20 9.76075e-22 7.59861e-23 5.60421e-24 3.9511e-25 2.6809e-26 1.7599e-27 1.12241e-28 6.97822e-30 4.24109e-31 2.52558e-32 1.47656e-33 8.48941e-35 4.80693e-36 2.68392e-37 1.47931e-38 8.05672e-40 4.33951e-41 2.31334e-42 1.22137e-43 6.39057e-45 3.31552e-46 1.70649e-47 8.71758e-49 4.4219e-50 2.22797e-51 1.11545e-52 5.55101e-54 2.74665e-55 1.35165e-56 6.6171e-58 3.2234e-59 1.56279e-60 7.54256e-62 3.62451e-63 1.73449e-64 8.26722e-66 3.92537e-67 1.85695e-68 8.75346e-70 4.11221e-71 1.9255e-72 8.98735e-74 4.18206e-75 1.94029e-76 8.97638e-78 4.1413e-79 1.90552e-80 8.74511e-82 4.00341e-83 1.82828e-84 8.32973e-86 3.78643e-87 1.71738e-88 7.77263e-90 3.51046e-91 1.58226e-92 7.1176e-94 3.19563e-95 1.43208e-96 6.40603e-98 2.8605e-99 1.2751e-100 5.67438e-102 2.52104e-103 1.11827e-104 4.95266e-106 2.19012e-107 9.67061e-109 4.26392e-110 1.87737e-111 8.25449e-113 3.62446e-114 1.58936e-115 6.96049e-117 3.04445e-118 1.32997e-119 5.80293e-121 2.52895e-122 1.10085e-123 4.78657e-125 2.07892e-126 9.01939e-128 3.90889e-129 1.69229e-130 7.31901e-132 3.16222e-133 1.36491e-134 5.88567e-136 2.53557e-137 1.09132e-138 4.69276e-140 2.01612e-141 8.65413e-143 3.71154e-144 1.59043e-145
1.12446e-17 2.99575e-18 4.82965e-19 6.03121e-20 6.40108e-21 6.05324e-22 5.2456e-23 4.24252e-24 3.24342e-25 2.36574e-26 1.6579e-27 1.12241e-28 7.37275e-30 4.71542e-31 2.94501e-32 1.80044e-33 1.07967e-34 6.36179e-36 3.68895e-37 2.1078e-38 1.18812e-39 6.61351e-41 3.63863e-42 1.98026e-43 1.06684e-44 5.69308e-46 3.01105e-47 1.57922e-48 8.21725e-50 4.24388e-51 2.17634e-52 1.1086e-53 5.6112e-55 2.82297e-56 1.41206e-57 7.02441e-59 3.47606e-60 1.71153e-61 8.38684e-63 4.09086e-64 1.98662e-65 9.60681e-67 4.62676e-68 2.21962e-69 1.06083e-70 5.05173e-72 2.39728e-73 1.1338e-74 5.34492e-76 2.51179e-77 1.17682e-78 5.49745e-80 2.56083e-81 1.18962e-82 5.51161e-84 2.547e-85 1.17407e-86 5.39887e-88 2.4768e-89 1.13366e-90 5.17739e-92 2.3594e-93 1.07295e-94 4.86931e-96 2.20543e-97 9.96957e-99 4.49823e-100 2.02585e-101 9.10745e-103 4.08721e-104 1.83112e-105 8.19003e-107 3.6572e-108 1.63052e-109 7.25821e-111 3.2261e-112 1.43181e-113 6.3455e-115 2.80823e-116 1.24109e-117 5.47753e-119 2.41432e-120 1.06278e-121 4.67241e-123 2.05164e-124 8.99779e-126 3.94143e-127 1.72451e-128 7.53673e-130 3.29014e-131 1.43473e-132 6.24967e-134 2.71949e-135 1.18214e-136 5.13342e-138 2.22697e-139 9.65154e-141 4.1789e-142 1.80766e-143 7.81217e-145 3.37311e-146
4.37954e-19 1.2498e-19 2.13455e-20 2.80433e-21 3.11568e-22 3.07268e-23 2.76845e-24 2.32217e-25 1.83733e-26 1.38446e-27 1.00072e-28 6.97822e-30 4.71542e-31 3.09903e-32 1.98686e-33 1.24576e-34 7.65511e-36 4.6186e-37 2.74025e-38 1.60097e-39 9.22164e-41 5.24232e-42 2.94398e-43 1.63456e-44 8.97945e-46 4.88393e-47 2.63163e-48 1.40558e-49 7.44521e-51 3.91281e-52 2.04114e-53 1.05729e-54 5.44016e-56 2.78139e-57 1.41345e-58 7.14143e-60 3.58832e-61 1.79352e-62 8.91916e-64 4.41408e-65 2.1744e-66 1.06636e-67 5.20722e-69 2.53233e-70 1.22663e-71 5.91897e-73 2.84564e-74 1.36324e-75 6.50843e-77 3.097e-78 1.46898e-79 6.94616e-81 3.27471e-82 1.53936e-83 7.21582e-85 3.37325e-86 1.57276e-87 7.3141e-89 3.39296e-90 1.57016e-91 7.24921e-93 3.3392e-94 1.53472e-95 7.03845e-97 3.22114e-98 1.47113e-99 6.70542e-101 3.05039e-102 1.38503e-103 6.27712e-105 2.83973e-106 1.28242e-107 5.78142e-109 2.60202e-110 1.16916e-111 5.24497e-113 2.34926e-114 1.05064e-115 4.69167e-117 2.09202e-118 9.31496e-120 4.14179e-121 1.83907e-122 8.15507e-124 3.61147e-125 1.59728e-126 7.05556e-128 3.11275e-129 1.37161e-130 6.03671e-132 2.65377e-133 1.16528e-134 5.11108e-136 2.23932e-137 9.80054e-139 4.28474e-140 1.87132e-141 8.16444e-143 3.55853e-144 1.54948e-145 6.74036e-147
1.70574e-20 5.19102e-21 9.36224e-22 1.29066e-22 1.49781e-23 1.5375e-24 1.43782e-25 1.24887e-26 1.02119e-27 7.93884e-29 5.9116e-30 4.24109e-31 2.94501e-32 1.98686e-33 1.30637e-34 8.39291e-36 5.28035e-37 3.25936e-38 1.97709e-39 1.18021e-40 6.94168e-42 4.02736e-43 2.30699e-44 1.30592e-45 7.31081e-47 4.0504e-48 2.22222e-49 1.20804e-50 6.51033e-52 3.47987e-53 1.84564e-54 9.71697e-56 5.08011e-57 2.63829e-58 1.36149e-59 6.98355e-61 3.56145e-62 1.80624e-63 9.1122e-65 4.5737e-66 2.28454e-67 1.13579e-68 5.62144e-70 2.77025e-71 1.35952e-72 6.64522e-74 3.23561e-75 1.56957e-76 7.58656e-78 3.65423e-79 1.75423e-80 8.39391e-82 4.00381e-83 1.90396e-84 9.02729e-86 4.26788e-87 2.01214e-88 9.46091e-90 4.43679e-91 2.07539e-92 9.68398e-94 4.50779e-95 2.09342e-96 9.69972e-98 4.48434e-99 2.06871e-100 9.52331e-102 4.37506e-103 2.00591e-104 9.17894e-106 4.19225e-107 1.91115e-108 8.69668e-110 3.95043e-111 1.79136e-112 8.1094e-114 3.66502e-115 1.65372e-116 7.45011e-118 3.35114e-119 1.5051e-120 6.74985e-122 3.0227e-123 1.3517e-124 6.03617e-126 2.69186e-127 1.19885e-128 5.33221e-130 2.36862e-131 1.05084e-132 4.65634e-134 2.06076e-135 9.10951e-137 4.02215e-138 1.77388e-139 7.81459e-141 3.43882e-142 1.51162e-143 6.63768e-145 2.91164e-146 1.27589e-147
6.64347e-22 2.14772e-22 4.07868e-23 5.88639e-24 7.12131e-25 7.59557e-26 7.36113e-27 6.61152e-28 5.57994e-29 4.47012e-30 3.4253e-31 2.52558e-32 1.80044e-33 1.24576e-34 8.39291e-36 5.52051e-37 3.55318e-38 2.24218e-39 1.38952e-40 8.46908e-42 5.08319e-43 3.00785e-44 1.75642e-45 1.01308e-46 5.77628e-48 3.25802e-49 1.81905e-50 1.00595e-51 5.51296e-53 2.99558e-54 1.61459e-55 8.63592e-57 4.58548e-58 2.41794e-59 1.26657e-60 6.59285e-62 3.4111e-63 1.75473e-64 8.97686e-66 4.56813e-67 2.31283e-68 1.16528e-69 5.84355e-71 2.91718e-72 1.44997e-73 7.17691e-75 3.53802e-76 1.73736e-77 8.49927e-79 4.1428e-80 2.01223e-81 9.7405e-83 4.69952e-84 2.26015e-85 1.08362e-86 5.17981e-88 2.46879e-89 1.17335e-90 5.56129e-92 2.62885e-93 1.23945e-94 5.82903e-96 2.73462e-97 1.27985e-98 5.97604e-100 2.78408e-101 1.29417e-102 6.00298e-104 2.77862e-105 1.28352e-106 5.91711e-108 2.72251e-109 1.25026e-110 5.73094e-112 2.62217e-113 1.19764e-114 5.46055e-116 2.48548e-117 1.12944e-118 5.12401e-120 2.32096e-121 1.04966e-122 4.73989e-124 2.13718e-125 9.62231e-127 4.32609e-128 1.94224e-129 8.70791e-131 3.89887e-132 1.74337e-133 7.78537e-135 3.47229e-136 1.54671e-137 6.88134e-139 3.05784e-140 1.3572e-141 6.01686e-143 2.66442e-144 1.17855e-145 5.20738e-147 2.29838e-148
2.58749e-23 8.85539e-24 1.76622e-24 2.66294e-25 3.35241e-26 3.7095e-27 3.72034e-28 3.45086e-29 3.00249e-30 2.47594e-31 1.95034e-32 1.47656e-33 1.07967e-34 7.65511e-36 5.28035e-37 3.55318e-38 2.33792e-39 1.50718e-40 9.53617e-42 5.9307e-43 3.63022e-44 2.18958e-45 1.30268e-46 7.65173e-48 4.44108e-49 2.54886e-50 1.44752e-51 8.13934e-53 4.53399e-54 2.50334e-55 1.37059e-56 7.44446e-58 4.01297e-59 2.14765e-60 1.14149e-61 6.02742e-63 3.16275e-64 1.64964e-65 8.55498e-67 4.41218e-68 2.26355e-69 1.15537e-70 5.86849e-72 2.96682e-73 1.4931e-74 7.48152e-76 3.73304e-77 1.85511e-78 9.18275e-80 4.52822e-81 2.22478e-82 1.08919e-83 5.31409e-85 2.58407e-86 1.2525e-87 6.05188e-89 2.91529e-90 1.4002e-91 6.70586e-93 3.20264e-94 1.5254e-95 7.24628e-97 3.43347e-98 1.62281e-99 7.65145e-101 3.59909e-102 1.68904e-103 7.90875e-105 3.69508e-106 1.7227e-107 8.01471e-109 3.72118e-110 1.72428e-111 7.97426e-113 3.68084e-114 1.69589e-115 7.79933e-117 3.58052e-118 1.6409e-119 7.50718e-121 3.42887e-122 1.56357e-123 7.11852e-125 3.23582e-126 1.46864e-127 6.65571e-129 3.01186e-130 1.36098e-131 6.14119e-133 2.76728e-134 1.24527e-135 5.59623e-137 2.51165e-138 1.12581e-139 5.03994e-141 2.25345e-142 1.00633e-143 4.48868e-145 1.9998e-146 8.89927e-148 3.95577e-149
1.00777e-24 3.64001e-25 7.60724e-26 1.19592e-26 1.56412e-27 1.79293e-28 1.85846e-29 1.77818e-30 1.59327e-31 1.35108e-32 1.09304e-33 8.48941e-35 6.36179e-36 4.6186e-37 3.25936e-38 2.24218e-39 1.50718e-40 9.91987e-42 6.40414e-43 4.06162e-44 2.53401e-45 1.55707e-46 9.43317e-48 5.63987e-49 3.33051e-50 1.94408e-51 1.12249e-52 6.41483e-54 3.63056e-55 2.03598e-56 1.13186e-57 6.24061e-59 3.41388e-60 1.85362e-61 9.99306e-63 5.35081e-64 2.84652e-65 1.50489e-66 7.9087e-68 4.13258e-69 2.1476e-70 1.11018e-71 5.70994e-73 2.92246e-74 1.48875e-75 7.54965e-77 3.81182e-78 1.91647e-79 9.59624e-81 4.78615e-82 2.37802e-83 1.17717e-84 5.80644e-86 2.85414e-87 1.39824e-88 6.82765e-90 3.32344e-91 1.61276e-92 7.80285e-94 3.76425e-95 1.81083e-96 8.6873e-98 4.15654e-99 1.98358e-100 9.4421e-102 4.48348e-103 2.12382e-104 1.00369e-105 4.7325e-107 2.22644e-108 1.04517e-109 4.89596e-111 2.28869e-112 1.06771e-113 4.9712e-115 2.31008e-116 1.07144e-117 4.96027e-119 2.29221e-120 1.05739e-121 4.86922e-123 2.23844e-124 1.02733e-125 4.70722e-127 2.1534e-128 9.83574e-130 4.48562e-131 2.0426e-132 9.28763e-134 4.21694e-135 1.91194e-136 8.65656e-138 3.91403e-139 1.76734e-140 7.96973e-142 3.58927e-143 1.61442e-144 7.25249e-146 3.25406e-147 1.45828e-148 6.52741e-150
3.92505e-26 1.49211e-26 3.26057e-27 5.33541e-28 7.23875e-29 8.58449e-30 9.1857e-31 9.05616e-32 8.34803e-33 7.27293e-34 6.03778e-35 4.80693e-36 3.68895e-37 2.74025e-38 1.97709e-39 1.38952e-40 9.53617e-42 6.40414e-43 4.21613e-44 2.72534e-45 1.73215e-46 1.08377e-47 6.68264e-49 4.06484e-50 2.44118e-51 1.44863e-52 8.5002e-54 4.93506e-55 2.83663e-56 1.61508e-57 9.11344e-59 5.09874e-60 2.82956e-61 1.55818e-62 8.51751e-64 4.6233e-65 2.49269e-66 1.33533e-67 7.10929e-69 3.76265e-70 1.98013e-71 1.03639e-72 5.39596e-74 2.79524e-75 1.44096e-76 7.39345e-78 3.77635e-79 1.92042e-80 9.7249e-82 4.90453e-83 2.46372e-84 1.23288e-85 6.14669e-87 3.05351e-88 1.51162e-89 7.45792e-91 3.66747e-92 1.79775e-93 8.78513e-95 4.28014e-96 2.0792e-97 1.00715e-98 4.86509e-100 2.34376e-101 1.12614e-102 5.39708e-104 2.58012e-105 1.23045e-106 5.854e-108 2.77866e-109 1.31594e-110 6.21834e-112 2.93208e-113 1.37962e-114 6.47813e-116 3.03573e-117 1.41978e-118 6.62738e-120 3.08776e-121 1.43596e-122 6.66587e-124 3.08889e-125 1.42888e-126 6.59862e-128 3.0422e-129 1.40027e-130 6.43495e-132 2.95255e-133 1.35264e-134 6.18747e-136 2.82619e-137 1.28902e-138 5.87084e-140 2.67014e-141 1.21275e-142 5.50078e-144 2.49174e-145 1.12724e-146 5.09302e-148 2.29821e-149 1.03578e-150
1.52872e-27 6.10121e-28 1.39137e-28 2.36605e-29 3.32542e-30 4.075e-31 4.49632e-32 4.56315e-33 4.32347e-34 3.86652e-35 3.29121e-36 2.68392e-37 2.1078e-38 1.60097e-39 1.18021e-40 8.46908e-42 5.9307e-43 4.06162e-44 2.72534e-45 1.79464e-46 1.1614e-47 7.39569e-49 4.63933e-50 2.86974e-51 1.75198e-52 1.05649e-53 6.29745e-55 3.71295e-56 2.16665e-57 1.25203e-58 7.16828e-60 4.06812e-61 2.28948e-62 1.27825e-63 7.08264e-65 3.89599e-66 2.12826e-67 1.1549e-68 6.22724e-70 3.33728e-71 1.77804e-72 9.41974e-74 4.96341e-75 2.60167e-76 1.35687e-77 7.04228e-79 3.63793e-80 1.87081e-81 9.57871e-83 4.88368e-84 2.47976e-85 1.25416e-86 6.31868e-88 3.17165e-89 1.58627e-90 7.90586e-92 3.92685e-93 1.94404e-94 9.59341e-96 4.71939e-97 2.31463e-98 1.13187e-99 5.51899e-101 2.68355e-102 1.3013e-103 6.29344e-105 3.03582e-106 1.46072e-107 7.01109e-109 3.35707e-110 1.60368e-111 7.64322e-113 3.63466e-114 1.72465e-115 8.16597e-117 3.8584e-118 1.81936e-119 8.56172e-121 4.02118e-122 1.88501e-123 8.8198e-125 4.11914e-126 1.92032e-127 8.93663e-129 4.15169e-130 1.92549e-131 8.91532e-133 4.12122e-134 1.90205e-135 8.76471e-137 4.03262e-138 1.8526e-139 8.49835e-141 3.89275e-142 1.78057e-143 8.13306e-145 3.70981e-146 1.68991e-147 7.68772e-149 3.49273e-150 1.58481e-151
5.95403e-29 2.48915e-29 5.91347e-30 1.0435e-30 1.51737e-31 1.91917e-32 2.1814e-33 2.27675e-34 2.21533e-35 2.0321e-36 1.77225e-37 1.47931e-38 1.18812e-39 9.22164e-41 6.94168e-42 5.08319e-43 3.63022e-44 2.53401e-45 1.73215e-46 1.1614e-47 7.64938e-49 4.9554e-50 3.16107e-51 1.98763e-52 1.23304e-53 7.55304e-55 4.57183e-56 2.73639e-57 1.62052e-58 9.50088e-60 5.51738e-61 3.17519e-62 1.81161e-63 1.02516e-64 5.75601e-66 3.20775e-67 1.7749e-68 9.75375e-70 5.32499e-71 2.88888e-72 1.55781e-73 8.35163e-75 4.45245e-76 2.36095e-77 1.24543e-78 6.53697e-80 3.41455e-81 1.77527e-82 9.18827e-84 4.73487e-85 2.42967e-86 1.24169e-87 6.32053e-89 3.205e-90 1.61913e-91 8.15018e-93 4.08815e-94 2.04364e-95 1.01822e-96 5.05687e-98 2.50356e-99 1.23569e-100 6.08095e-102 2.98385e-103 1.46002e-104 7.12435e-106 3.46712e-107 1.6829e-108 8.14782e-110 3.93499e-111 1.89579e-112 9.11185e-114 4.36935e-115 2.09047e-116 9.97948e-118 4.75371e-119 2.25963e-120 1.07187e-121 5.07422e-123 2.39736e-124 1.13045e-125 5.32044e-127 2.49938e-128 1.17199e-129 5.48579e-131 2.56326e-132 1.19564e-133 5.56769e-135 2.5884e-136 1.20139e-137 5.5673e-139 2.57589e-140 1.18999e-141 5.48918e-143 2.5283e-144 1.16284e-145 5.34062e-147 2.44937e-148 1.12181e-149 5.13095e-151 2.34368e-152
2.31897e-30 1.01343e-30 2.50406e-31 4.57904e-32 6.88073e-33 8.97316e-34 1.04966e-34 1.12571e-35 1.12398e-36 1.05673e-37 9.43595e-39 8.05672e-40 6.61351e-41 5.24232e-42 4.02736e-43 3.00785e-44 2.18958e-45 1.55707e-46 1.08377e-47 7.39569e-49 4.9554e-50 3.26443e-51 2.11674e-52 1.35243e-53 8.52217e-55 5.30084e-56 3.25707e-57 1.97834e-58 1.18861e-59 7.06794e-61 4.16192e-62 2.42803e-63 1.40401e-64 8.0505e-66 4.57909e-67 2.58461e-68 1.44816e-69 8.05713e-71 4.45257e-72 2.44471e-73 1.33395e-74 7.23523e-76 3.9018e-77 2.09251e-78 1.11622e-79 5.92369e-81 3.12804e-82 1.64386e-83 8.59879e-85 4.47773e-86 2.3216e-87 1.19864e-88 6.1633e-90 3.1566e-91 1.61049e-92 8.18608e-94 4.14593e-95 2.09238e-96 1.05238e-97 5.27551e-99 2.63603e-100 1.31301e-101 6.52012e-103 3.22809e-104 1.59358e-105 7.84458e-107 3.85093e-108 1.88534e-109 9.20599e-111 4.48369e-112 2.17827e-113 1.05566e-114 5.10384e-116 2.46181e-117 1.18473e-118 5.68866e-120 2.72554e-121 1.30306e-122 6.21683e-124 2.95994e-125 1.40645e-126 6.66978e-128 3.15691e-129 1.4914e-130 7.0327e-132 3.31027e-133 1.55536e-134 7.29531e-136 3.41596e-137 1.59681e-138 7.45212e-140 3.47219e-141 1.61525e-142 7.50237e-144 3.47931e-145 1.61115e-146 7.44969e-148 3.43962e-149 1.58586e-150 7.30147e-152 3.35706e-153
9.03187e-32 4.11829e-32 1.05676e-32 2.00005e-33 3.10232e-34 4.16737e-35 5.01258e-36 5.51937e-37 5.65081e-38 5.44141e-39 4.97159e-40 4.33951e-41 3.63863e-42 2.94398e-43 2.30699e-44 1.75642e-45 1.30268e-46 9.43317e-48 6.68264e-49 4.63933e-50 3.16107e-51 2.11674e-52 1.39466e-53 9.05111e-55 5.79135e-56 3.65658e-57 2.27997e-58 1.40491e-59 8.56074e-61 5.16152e-62 3.08093e-63 1.82155e-64 1.06723e-65 6.19888e-67 3.57093e-68 2.0409e-69 1.15766e-70 6.51932e-72 3.64594e-73 2.02548e-74 1.11807e-75 6.13391e-77 3.34532e-78 1.8141e-79 9.78364e-81 5.24852e-82 2.80124e-83 1.4877e-84 7.86334e-86 4.13703e-87 2.16684e-88 1.13001e-89 5.86829e-91 3.03509e-92 1.56356e-93 8.02403e-95 4.10253e-96 2.08996e-97 1.06095e-98 5.36743e-100 2.7064e-101 1.36022e-102 6.81482e-104 3.40381e-105 1.69502e-106 8.41618e-108 4.16695e-109 2.05738e-110 1.01306e-111 4.97511e-113 2.43697e-114 1.19069e-115 5.80333e-117 2.82168e-118 1.36872e-119 6.62399e-121 3.19849e-122 1.54103e-123 7.40868e-125 3.55428e-126 1.70162e-127 8.13004e-129 3.87668e-130 1.84494e-131 8.76343e-133 4.15484e-134 1.96625e-135 9.28839e-137 4.38002e-138 2.06186e-139 9.68958e-141 4.54597e-142 2.1293e-143 9.95745e-145 4.64915e-146 2.16734e-147 1.00883e-148 4.68875e-150 2.176e-151 1.0084e-152 4.66646e-154
3.51772e-33 1.67067e-33 4.44588e-34 8.69847e-35 1.39134e-35 1.92343e-36 2.37694e-37 2.68513e-38 2.8169e-39 2.77643e-40 2.59399e-41 2.31334e-42 1.98026e-43 1.63456e-44 1.30592e-45 1.01308e-46 7.65173e-48 5.63987e-49 4.06484e-50 2.86974e-51 1.98763e-52 1.35243e-53 9.05111e-55 5.96447e-56 3.87387e-57 2.482e-58 1.56997e-59 9.81118e-61 6.06153e-62 3.70455e-63 2.2409e-64 1.34234e-65 7.96639e-67 4.68607e-68 2.73325e-69 1.58138e-70 9.07882e-72 5.17372e-73 2.92744e-74 1.64516e-75 9.18503e-77 5.09581e-78 2.81002e-79 1.54051e-80 8.39792e-82 4.55319e-83 2.45571e-84 1.31776e-85 7.03657e-87 3.7396e-88 1.9783e-89 1.0419e-90 5.46365e-92 2.85314e-93 1.48388e-94 7.68712e-96 3.96702e-97 2.03962e-98 1.04487e-99 5.33393e-101 2.7136e-102 1.37593e-103 6.95403e-105 3.50352e-106 1.75968e-107 8.81166e-109 4.39956e-110 2.19038e-111 1.08747e-112 5.38434e-114 2.65884e-115 1.30956e-116 6.43357e-118 3.15284e-119 1.54134e-120 7.51733e-122 3.6578e-123 1.77578e-124 8.60188e-126 4.15768e-127 2.00532e-128 9.65178e-130 4.63599e-131 2.22232e-132 1.06321e-133 5.07682e-135 2.4196e-136 1.15104e-137 5.46575e-139 2.59079e-140 1.2259e-141 5.79068e-143 2.73069e-144 1.28557e-145 6.04241e-147 2.83551e-148 1.32853e-149 6.21496e-151 2.90301e-152 1.35397e-153 6.30573e-155
1.37007e-34 6.76658e-35 1.86503e-35 3.76807e-36 6.20924e-37 8.82636e-38 1.11976e-38 1.29684e-39 1.39314e-40 1.40462e-41 1.34118e-42 1.22137e-43 1.06684e-44 8.97945e-46 7.31081e-47 5.77628e-48 4.44108e-49 3.33051e-50 2.44118e-51 1.75198e-52 1.23304e-53 8.52217e-55 5.79135e-56 3.87387e-57 2.55315e-58 1.65944e-59 1.06452e-60 6.74487e-62 4.22387e-63 2.61597e-64 1.60319e-65 9.72731e-67 5.8461e-68 3.48175e-69 2.05572e-70 1.20375e-71 6.993e-73 4.03175e-74 2.3076e-75 1.31157e-76 7.40464e-78 4.15346e-79 2.31534e-80 1.28297e-81 7.06817e-83 3.87236e-84 2.11011e-85 1.14387e-86 6.16963e-88 3.31153e-89 1.76909e-90 9.40777e-92 4.98082e-93 2.62573e-94 1.37845e-95 7.20728e-97 3.75359e-98 1.94744e-99 1.00662e-100 5.18444e-102 2.66079e-103 1.36092e-104 6.93756e-106 3.5251e-107 1.7855e-108 9.01592e-110 4.53892e-111 2.27834e-112 1.14036e-113 5.69177e-115 2.83313e-116 1.40645e-117 6.96389e-119 3.4393e-120 1.69435e-121 8.32681e-123 4.08241e-124 1.99682e-125 9.74472e-127 4.7449e-128 2.30532e-129 1.11765e-130 5.40707e-132 2.6105e-133 1.25779e-134 6.04826e-136 2.90274e-137 1.39046e-138 6.64806e-140 3.17274e-141 1.51144e-142 7.18754e-144 3.41204e-145 1.61699e-146 7.65021e-148 3.61347e-149 1.70401e-150 8.02289e-152 3.77147e-153 1.77021e-154 8.29624e-156
5.33614e-36 2.73659e-36 7.80286e-37 1.62627e-37 2.75836e-38 4.02851e-39 5.24299e-40 6.22105e-41 6.83914e-42 7.04962e-43 6.87558e-44 6.39057e-45 5.69308e-46 4.88393e-47 4.0504e-48 3.25802e-49 2.54886e-50 1.94408e-51 1.44863e-52 1.05649e-53 7.55304e-55 5.30084e-56 3.65658e-57 2.482e-58 1.65944e-59 1.09383e-60 7.11421e-62 4.56892e-63 2.89941e-64 1.81923e-65 1.12926e-66 6.93849e-68 4.2219e-69 2.5452e-70 1.52085e-71 9.01103e-73 5.29592e-74 3.08842e-75 1.7877e-76 1.02742e-77 5.86426e-79 3.32512e-80 1.87343e-81 1.04906e-82 5.83979e-84 3.23231e-85 1.77924e-86 9.74181e-88 5.30649e-89 2.87613e-90 1.55136e-91 8.32883e-93 4.45128e-94 2.36851e-95 1.25491e-96 6.62134e-98 3.47961e-99 1.82144e-100 9.49834e-102 4.93482e-103 2.55464e-104 1.31784e-105 6.77505e-107 3.47149e-108 1.773e-109 9.02669e-111 4.58148e-112 2.31833e-113 1.16968e-114 5.88453e-116 2.95215e-117 1.47698e-118 7.36966e-120 3.66761e-121 1.82057e-122 9.01452e-124 4.4526e-125 2.19403e-126 1.07858e-127 5.2901e-129 2.58879e-130 1.26407e-131 6.15897e-133 2.9945e-134 1.45291e-135 7.03504e-137 3.3996e-138 1.6396e-139 7.89249e-141 3.79202e-142 1.81854e-143 8.70531e-145 4.15979e-146 1.98425e-147 9.44874e-149 4.49176e-150 2.13176e-151 1.01006e-152 4.77819e-154 2.25679e-155 1.06425e-156
2.07831e-37 1.10524e-37 3.25642e-38 6.99469e-39 1.22012e-39 1.82945e-40 2.44088e-41 2.96539e-42 3.33425e-43 3.51176e-44 3.49673e-45 3.31552e-46 3.01105e-47 2.63163e-48 2.22222e-49 1.81905e-50 1.44752e-51 1.12249e-52 8.5002e-54 6.29745e-55 4.57183e-56 3.25707e-57 2.27997e-58 1.56997e-59 1.06452e-60 7.11421e-62 4.68994e-63 3.05218e-64 1.96226e-65 1.24704e-66 7.83866e-68 4.87608e-69 3.0032e-70 1.83224e-71 1.10778e-72 6.63993e-74 3.94711e-75 2.32782e-76 1.36242e-77 7.91592e-79 4.56708e-80 2.61722e-81 1.4901e-82 8.43074e-84 4.74121e-85 2.6508e-86 1.47372e-87 8.14863e-89 4.48193e-90 2.45261e-91 1.33551e-92 7.23746e-94 3.90399e-95 2.0964e-96 1.12084e-97 5.96715e-99 3.16374e-100 1.67068e-101 8.78807e-103 4.60518e-104 2.40434e-105 1.25079e-106 6.48416e-108 3.34997e-109 1.72498e-110 8.85357e-112 4.5298e-113 2.31046e-114 1.17492e-115 5.95719e-117 3.0118e-118 1.51841e-119 7.63415e-121 3.82795e-122 1.9144e-123 9.54954e-125 4.75161e-126 2.35848e-127 1.16782e-128 5.76895e-130 2.84324e-131 1.39813e-132 6.85994e-134 3.35852e-135 1.64078e-136 7.99917e-138 3.89179e-139 1.88965e-140 9.15704e-142 4.42883e-143 2.13795e-144 1.03014e-145 4.95446e-147 2.37858e-148 1.13991e-149 5.45341e-151 2.60451e-152 1.24181e-153 5.91108e-155 2.80916e-156 1.33288e-157
8.09457e-39 4.4581e-39 1.35588e-39 2.99881e-40 5.37543e-41 8.26887e-42 1.13027e-42 1.40511e-43 1.61498e-44 1.73713e-45 1.76503e-46 1.70649e-47 1.57922e-48 1.40558e-49 1.20804e-50 1.00595e-51 8.13934e-53 6.41483e-54 4.93506e-55 3.71295e-56 2.73639e-57 1.97834e-58 1.40491e-59 9.81118e-61 6.74487e-62 4.56892e-63 3.05218e-64 2.01233e-65 1.31036e-66 8.43261e-68 5.36629e-69 3.37882e-70 2.10598e-71 1.30001e-72 7.95112e-74 4.82033e-75 2.89771e-76 1.72789e-77 1.02235e-78 6.00407e-80 3.50086e-81 2.02724e-82 1.16614e-83 6.66518e-85 3.78608e-86 2.13785e-87 1.20022e-88 6.70081e-90 3.72094e-91 2.05548e-92 1.12974e-93 6.17905e-95 3.36358e-96 1.82256e-97 9.83153e-99 5.2805e-100 2.82422e-101 1.50432e-102 7.98088e-104 4.21771e-105 2.22056e-106 1.1648e-107 6.08817e-109 3.17106e-110 1.64606e-111 8.51615e-113 4.39173e-114 2.25764e-115 1.15701e-116 5.91163e-118 3.01162e-119 1.52984e-120 7.74941e-122 3.9147e-123 1.97224e-124 9.91014e-126 4.96686e-127 2.48307e-128 1.2383e-129 6.16047e-131 3.05755e-132 1.514e-133 7.47986e-135 3.68716e-136 1.81361e-137 8.90151e-139 4.35986e-140 2.13101e-141 1.03949e-142 5.06052e-144 2.45879e-145 1.19239e-146 5.77164e-148 2.78855e-149 1.34484e-150 6.47427e-152 3.11136e-153 1.49266e-154 7.1489e-156 3.41818e-157 1.6317e-158
3.15266e-40 1.79609e-40 5.63327e-41 1.2818e-41 2.35934e-42 3.7209e-43 5.20753e-44 6.62074e-45 7.77453e-46 8.53626e-47 8.84648e-48 8.71758e-49 8.21725e-50 7.44521e-51 6.51033e-52 5.51296e-53 4.53399e-54 3.63056e-55 2.83663e-56 2.16665e-57 1.62052e-58 1.18861e-59 8.56074e-61 6.06153e-62 4.22387e-63 2.89941e-64 1.96226e-65 1.31036e-66 8.64021e-68 5.62918e-69 3.62589e-70 2.31034e-71 1.45697e-72 9.098e-74 5.62801e-75 3.45029e-76 2.09707e-77 1.26411e-78 7.55985e-80 4.4868e-81 2.64351e-82 1.54656e-83 8.98687e-85 5.18812e-86 2.97627e-87 1.69704e-88 9.61955e-90 5.42187e-91 3.03917e-92 1.69452e-93 9.39941e-95 5.18779e-96 2.84944e-97 1.55774e-98 8.47708e-100 4.59275e-101 2.47758e-102 1.33096e-103 7.12082e-105 3.79468e-106 2.0144e-107 1.06532e-108 5.61344e-110 2.94732e-111 1.5421e-112 8.04131e-114 4.17929e-115 2.16508e-116 1.11809e-117 5.75627e-119 2.95459e-120 1.51209e-121 7.71627e-123 3.9266e-124 1.99265e-125 1.0085e-126 5.09074e-128 2.56309e-129 1.28721e-130 6.44859e-132 3.22275e-133 1.60679e-134 7.99245e-136 3.96653e-137 1.96414e-138 9.70467e-140 4.78471e-141 2.35404e-142 1.15578e-143 5.66306e-145 2.76925e-146 1.35152e-147 6.58335e-149 3.20074e-150 1.55328e-151 7.5241e-153 3.63816e-154 1.75608e-155 8.46162e-157 4.07027e-158 1.95464e-159
1.22789e-41 7.22815e-42 2.3357e-42 5.46339e-43 1.03189e-43 1.6674e-44 2.38791e-45 3.10319e-46 3.72111e-47 4.16861e-48 4.40442e-49 4.4219e-50 4.24388e-51 3.91281e-52 3.47987e-53 2.99558e-54 2.50334e-55 2.03598e-56 1.61508e-57 1.25203e-58 9.50088e-60 7.06794e-61 5.16152e-62 3.70455e-63 2.61597e-64 1.81923e-65 1.24704e-66 8.43261e-68 5.62918e-69 3.71212e-70 2.41968e-71 1.55991e-72 9.95114e-74 6.28476e-75 3.93135e-76 2.43676e-77 1.49717e-78 9.1217e-80 5.5128e-81 3.30598e-82 1.96783e-83 1.16294e-84 6.82537e-86 3.97923e-87 2.30504e-88 1.32698e-89 7.59349e-91 4.32017e-92 2.44413e-93 1.37527e-94 7.6978e-96 4.28678e-97 2.37545e-98 1.31002e-99 7.19095e-101 3.92943e-102 2.13777e-103 1.15808e-104 6.24752e-106 3.35676e-107 1.79647e-108 9.57757e-110 5.08706e-111 2.69212e-112 1.41965e-113 7.46037e-115 3.90726e-116 2.03962e-117 1.06128e-118 5.50478e-120 2.84653e-121 1.46753e-122 7.54363e-124 3.86658e-125 1.9763e-126 1.00736e-127 5.1209e-129 2.59636e-130 1.31299e-131 6.62311e-133 3.33263e-134 1.67286e-135 8.37717e-137 4.18527e-138 2.08621e-139 1.03757e-140 5.149e-142 2.54971e-143 1.25991e-144 6.21277e-146 3.05734e-147 1.50153e-148 7.35984e-150 3.6005e-151 1.75806e-152 8.56827e-154 4.16828e-155 2.02412e-156 9.81176e-158 4.74789e-159 2.29356e-160
4.78238e-43 2.90586e-43 9.66601e-44 2.32247e-44 4.49814e-45 7.4426e-46 1.09008e-46 1.44725e-47 1.77134e-48 2.02374e-49 2.17904e-50 2.22797e-51 2.17634e-52 2.04114e-53 1.84564e-54 1.61459e-55 1.37059e-56 1.13186e-57 9.11344e-59 7.16828e-60 5.51738e-61 4.16192e-62 3.08093e-63 2.2409e-64 1.60319e-65 1.12926e-66 7.83866e-68 5.36629e-69 3.62589e-70 2.41968e-71 1.59578e-72 1.04066e-73 6.71429e-75 4.288e-76 2.71189e-77 1.69917e-78 1.05517e-79 6.49659e-81 3.96714e-82 2.40347e-83 1.44511e-84 8.62553e-86 5.11226e-87 3.00948e-88 1.76005e-89 1.02285e-90 5.90802e-92 3.39239e-93 1.93681e-94 1.09967e-95 6.21025e-97 3.48897e-98 1.95028e-99 1.08485e-100 6.00593e-102 3.30968e-103 1.8157e-104 9.91764e-106 5.39424e-107 2.92186e-108 1.57631e-109 8.47084e-111 4.53475e-112 2.4186e-113 1.28529e-114 6.80618e-116 3.59175e-117 1.88906e-118 9.90276e-120 5.17454e-121 2.6954e-122 1.39973e-123 7.24702e-125 3.74112e-126 1.92574e-127 9.88493e-129 5.06006e-130 2.58327e-131 1.31534e-132 6.68018e-134 3.38406e-135 1.71006e-136 8.62048e-138 4.33527e-139 2.17514e-140 1.08884e-141 5.43831e-143 2.71023e-144 1.34775e-145 6.68791e-147 3.31181e-148 1.63663e-149 8.07165e-151 3.97297e-152 1.95176e-153 9.56992e-155 4.68356e-156 2.28793e-157 1.11564e-158 5.43038e-160 2.63861e-161
1.86263e-44 1.16708e-44 3.99299e-45 9.84807e-46 1.95465e-46 3.30978e-47 4.95519e-48 6.71788e-49 8.38853e-50 9.76992e-51 1.07163e-51 1.11545e-52 1.1086e-53 1.05729e-54 9.71697e-56 8.63592e-57 7.44446e-58 6.24061e-59 5.09874e-60 4.06812e-61 3.17519e-62 2.42803e-63 1.82155e-64 1.34234e-65 9.72731e-67 6.93849e-68 4.87608e-69 3.37882e-70 2.31034e-71 1.55991e-72 1.04066e-73 6.86376e-75 4.47804e-76 2.89138e-77 1.84847e-78 1.17057e-79 7.3457e-81 4.56966e-82 2.81904e-83 1.72515e-84 1.0476e-85 6.3144e-87 3.77881e-88 2.24583e-89 1.32587e-90 7.77727e-92 4.53368e-93 2.627e-94 1.51336e-95 8.66908e-97 4.93892e-98 2.79892e-99 1.57804e-100 8.85279e-102 4.94243e-103 2.74637e-104 1.51912e-105 8.36554e-107 4.5869e-108 2.50448e-109 1.36187e-110 7.37599e-112 3.97939e-113 2.13878e-114 1.14528e-115 6.11068e-117 3.24892e-118 1.72146e-119 9.09071e-121 4.78492e-122 2.51051e-123 1.31307e-124 6.8468e-126 3.55947e-127 1.84507e-128 9.53663e-130 4.9154e-131 2.52657e-132 1.2952e-133 6.62209e-135 3.37703e-136 1.71781e-137 8.71645e-139 4.41213e-140 2.22803e-141 1.12248e-142 5.6421e-144 2.8296e-145 1.41595e-146 7.0702e-148 3.52281e-149 1.75162e-150 8.69153e-152 4.30405e-153 2.12715e-154 1.04923e-155 5.16551e-157 2.53827e-158 1.24497e-159 6.0952e-161 2.97879e-162
