0.0862183 0.0234716 0.0116195 0.00640233 0.00355289 0.00195348 0.00106382 0.000574717 0.000308452 0.000164646 8.748e-05 4.62964e-05 2.4417e-05 1.28388e-05 6.73279e-06 3.5223e-06 1.83876e-06 9.58029e-07 4.98269e-07 2.5873e-07 1.34148e-07 6.94592e-08 3.5919e-08 1.85528e-08 9.57223e-09 4.93346e-09 2.53973e-09 1.30526e-09 6.6829e-10 3.38056e-10 1.73524e-10
0.0234716 0.00630262 0.00286207 0.00125539 0.000564145 0.000259824 0.000121834 5.78608e-05 2.77329e-05 1.3384e-05 6.4932e-06 3.16315e-06 1.54601e-06 7.57653e-07 3.72126e-07 1.83111e-07 9.02446e-08 4.45357e-08 2.20037e-08 1.08823e-08 5.38671e-09 2.66847e-09 1.32281e-09 6.56134e-10 3.25626e-10 1.61672e-10 8.029e-11 3.9862e-11 1.97463e-11 9.69142e-12 4.82257e-12
0.0116195 0.00286207 0.000991006 0.000399511 0.00017302 7.80137e-05 3.60609e-05 1.6945e-05 8.05469e-06 3.86113e-06 1.86274e-06 9.03129e-07 4.39608e-07 2.14671e-07 1.05107e-07 5.15757e-08 2.53552e-08 1.24848e-08 6.15582e-09 3.03883e-09 1.50168e-09 7.42749e-10 3.67668e-10 1.82129e-10 9.0277e-11 4.47721e-11 2.22126e-11 1.10195e-11 5.45816e-12 2.69205e-12 1.33844e-12
0.00640233 0.00125539 0.000399511 0.000155457 6.60139e-05 2.93594e-05 1.34274e-05 6.2552e-06 2.95193e-06 1.40636e-06 6.74876e-07 3.25687e-07 1.57882e-07 7.68164e-08 3.74876e-08 1.83408e-08 8.99245e-09 4.41702e-09 2.17302e-09 1.07052e-09 5.28007e-10 2.60701e-10 1.2884e-10 6.37259e-11 3.15428e-11 1.56229e-11 7.74165e-12 3.83675e-12 1.9e-12 9.36476e-13 4.6513e-13
0.00355289 0.000564145 0.00017302 6.60139e-05 2.76682e-05 1.21821e-05 5.52597e-06 2.55669e-06 1.19951e-06 5.68594e-07 2.71652e-07 1.30586e-07 6.30846e-08 3.05982e-08 1.48906e-08 7.26673e-09 3.55461e-09 1.74229e-09 8.55478e-10 4.20683e-10 2.07147e-10 1.02119e-10 5.03952e-11 2.48926e-11 1.23057e-11 6.08776e-12 3.01341e-12 1.49205e-12 7.38224e-13 3.63617e-13 1.80438e-13
0.00195348 0.000259824 7.80137e-05 2.93594e-05 1.21821e-05 5.32078e-06 2.39757e-06 1.10305e-06 5.15018e-07 2.43104e-07 1.15716e-07 5.54434e-08 2.67054e-08 1.29187e-08 6.27182e-09 3.05401e-09 1.49092e-09 7.29431e-10 3.57548e-10 1.75549e-10 8.63151e-11 4.2494e-11 2.09439e-11 1.03329e-11 5.10243e-12 2.52158e-12 1.24696e-12 6.16855e-13 3.04955e-13 1.50116e-13 7.44322e-14
0.00106382 0.000121834 3.60609e-05 1.34274e-05 5.52597e-06 2.39757e-06 1.07436e-06 4.91947e-07 2.28752e-07 1.07591e-07 5.10503e-08 2.43907e-08 1.17183e-08 5.65568e-09 2.73997e-09 1.33165e-09 6.48943e-10 3.1698e-10 1.55142e-10 7.60651e-11 3.73516e-11 1.83664e-11 9.0419e-12 4.45618e-12 2.19827e-12 1.08535e-12 5.36246e-13 2.65055e-13 1.30938e-13 6.44195e-14 3.19177e-14
0.000574717 5.78608e-05 1.6945e-05 6.2552e-06 2.55669e-06 1.10305e-06 4.91947e-07 2.24347e-07 1.03952e-07 4.87403e-08 2.30625e-08 1.09914e-08 5.26887e-09 2.53776e-09 1.22716e-09 5.95389e-10 2.8969e-10 1.41294e-10 6.9061e-11 3.38176e-11 1.65866e-11 8.1469e-12 4.00664e-12 1.9727e-12 9.72265e-13 4.79621e-13 2.36778e-13 1.16945e-13 5.77322e-14 2.83886e-14 1.40562e-14
0.000308452 2.77329e-05 8.05469e-06 2.95193e-06 1.19951e-06 5.15018e-07 2.28752e-07 1.03952e-07 4.80172e-08 2.24523e-08 1.05978e-08 5.03963e-09 2.41097e-09 1.15912e-09 5.59568e-10 2.7107e-10 1.31702e-10 6.4152e-11 3.13173e-11 1.53177e-11 7.50483e-12 3.68247e-12 1.80932e-12 8.9004e-13 4.38295e-13 2.1604e-13 1.06574e-13 5.26004e-14 2.59507e-14 1.27546e-14 6.31127e-15
0.000164646 1.3384e-05 3.86113e-06 1.40636e-06 5.68594e-07 2.43104e-07 1.07591e-07 4.87403e-08 2.24523e-08 1.04729e-08 4.93247e-09 2.34092e-09 1.11788e-09 5.36553e-10 2.58627e-10 1.2511e-10 6.07069e-11 2.95344e-11 1.44016e-11 7.03659e-12 3.44412e-12 1.68839e-12 8.28835e-13 4.07383e-13 2.00457e-13 9.87343e-14 4.86722e-14 2.40068e-14 1.18369e-14 5.8151e-15 2.87577e-15
8.748e-05 6.4932e-06 1.86274e-06 6.74876e-07 2.71652e-07 1.15716e-07 5.10503e-08 2.30625e-08 1.05978e-08 4.93247e-09 2.31848e-09 1.09836e-09 5.23646e-10 2.50958e-10 1.20797e-10 5.83599e-11 2.8284e-11 1.3745e-11 6.69537e-12 3.26814e-12 1.59815e-12 7.82774e-13 3.83953e-13 1.88573e-13 9.27213e-14 4.5638e-14 2.24831e-14 1.10826e-14 5.46138e-15 2.68188e-15 1.32555e-15
4.62964e-05 3.16315e-06 9.03129e-07 3.25687e-07 1.30586e-07 5.54434e-08 2.43907e-08 1.09914e-08 5.03963e-09 2.34092e-09 1.09836e-09 5.19483e-10 2.47294e-10 1.18352e-10 5.6895e-11 2.74546e-11 1.32911e-11 6.45231e-12 3.13996e-12 1.53128e-12 7.48172e-13 3.66158e-13 1.79465e-13 8.80778e-14 4.32783e-14 2.1288e-14 1.04809e-14 5.16336e-15 2.54311e-15 1.24833e-15 6.16682e-16
2.4417e-05 1.54601e-06 4.39608e-07 1.57882e-07 6.30846e-08 2.67054e-08 1.17183e-08 5.26887e-09 2.41097e-09 1.11788e-09 5.23646e-10 2.47294e-10 1.17559e-10 5.61902e-11 2.69803e-11 1.3005e-11 6.28938e-12 3.05032e-12 1.48307e-12 7.22643e-13 3.52795e-13 1.72528e-13 8.45008e-14 4.14432e-14 2.03506e-14 1.00041e-14 4.92253e-15 2.42374e-15 1.19317e-15 5.85464e-16 2.89081e-16
1.28388e-05 7.57653e-07 2.14671e-07 7.68164e-08 3.05982e-08 1.29187e-08 5.65568e-09 2.53776e-09 1.15912e-09 5.36553e-10 2.50958e-10 1.18352e-10 5.61902e-11 2.68259e-11 1.28666e-11 6.19556e-12 2.99338e-12 1.45047e-12 7.04626e-13 3.43064e-13 1.67358e-13 8.17857e-14 4.00299e-14 1.962e-14 9.62854e-15 4.73053e-15 2.32639e-15 1.14487e-15 5.63335e-16 2.76317e-16 1.36372e-16
6.73279e-06 3.72126e-07 1.05107e-07 3.74876e-08 1.48906e-08 6.27182e-09 2.73997e-09 1.22716e-09 5.59568e-10 2.58627e-10 1.20797e-10 5.6895e-11 2.69803e-11 1.28666e-11 6.16492e-12 2.96572e-12 1.4316e-12 6.93111e-13 3.3644e-13 1.63682e-13 7.97929e-14 3.89676e-14 1.90605e-14 9.33658e-15 4.5793e-15 2.24859e-15 1.10524e-15 5.43646e-16 2.67383e-16 1.31107e-16 6.4677e-17
3.5223e-06 1.83111e-07 5.15757e-08 1.83408e-08 7.26673e-09 3.05401e-09 1.33165e-09 5.95389e-10 2.7107e-10 1.2511e-10 5.83599e-11 2.74546e-11 1.3005e-11 6.19556e-12 2.96572e-12 1.42542e-12 6.87496e-13 3.32589e-13 1.6132e-13 7.84286e-14 3.82075e-14 1.86472e-14 9.11556e-15 4.4626e-15 2.18757e-15 1.07361e-15 5.27448e-16 2.5932e-16 1.27488e-16 6.24912e-17 3.08148e-17
1.83876e-06 9.02446e-08 2.53552e-08 8.99245e-09 3.55461e-09 1.49092e-09 6.48943e-10 2.8969e-10 1.31702e-10 6.07069e-11 2.8284e-11 1.32911e-11 6.28938e-12 2.99338e-12 1.4316e-12 6.87496e-13 3.31325e-13 1.60165e-13 7.76325e-14 3.77173e-14 1.83629e-14 8.95662e-15 4.37589e-15 2.14109e-15 1.04902e-15 5.14584e-16 2.52687e-16 1.24178e-16 6.10242e-17 2.99031e-17 1.47394e-17
9.58029e-07 4.45357e-08 1.24848e-08 4.41702e-09 1.74229e-09 7.29431e-10 3.1698e-10 1.41294e-10 6.4152e-11 2.95344e-11 1.3745e-11 6.45231e-12 3.05032e-12 1.45047e-12 6.93111e-13 3.32589e-13 1.60165e-13 7.73708e-14 3.74769e-14 1.81964e-14 8.85373e-15 4.31602e-15 2.10751e-15 1.03066e-15 5.0472e-16 2.47467e-16 1.21464e-16 5.9666e-17 2.93099e-17 1.43582e-17 7.07449e-18
4.98269e-07 2.20037e-08 6.15582e-09 2.17302e-09 8.55478e-10 3.57548e-10 1.55142e-10 6.9061e-11 3.13173e-11 1.44016e-11 6.69537e-12 3.13996e-12 1.48307e-12 7.04626e-13 3.3644e-13 1.6132e-13 7.76325e-14 3.74769e-14 1.81416e-14 8.80318e-15 4.28088e-15 2.08571e-15 1.01793e-15 4.97564e-16 2.43546e-16 1.19358e-16 5.85595e-17 2.8754e-17 1.41197e-17 6.91489e-18 3.40581e-18
2.5873e-07 1.08823e-08 3.03883e-09 1.07052e-09 4.20683e-10 1.75549e-10 7.60651e-11 3.38176e-11 1.53177e-11 7.03659e-12 3.26814e-12 1.53128e-12 7.22643e-13 3.43064e-13 1.63682e-13 7.84286e-14 3.77173e-14 1.81964e-14 8.80318e-15 4.26929e-15 2.07498e-15 1.01045e-15 4.92905e-16 2.40819e-16 1.17822e-16 5.77182e-17 2.8306e-17 1.38935e-17 6.81998e-18 3.33906e-18 1.64401e-18
1.34148e-07 5.38671e-09 1.50168e-09 5.28007e-10 2.07147e-10 8.63151e-11 3.73516e-11 1.65866e-11 7.50483e-12 3.44412e-12 1.59815e-12 7.48172e-13 3.52795e-13 1.67358e-13 7.97929e-14 3.82075e-14 1.83629e-14 8.85373e-15 4.28088e-15 2.07498e-15 1.00798e-15 4.90609e-16 2.39212e-16 1.16819e-16 5.713e-17 2.79751e-17 1.37141e-17 6.7288e-18 3.30188e-18 1.61617e-18 7.95463e-19
6.94592e-08 2.66847e-09 7.42749e-10 2.60701e-10 1.02119e-10 4.2494e-11 1.83664e-11 8.1469e-12 3.68247e-12 1.68839e-12 7.82774e-13 3.66158e-13 1.72528e-13 8.17857e-14 3.89676e-14 1.86472e-14 8.95662e-15 4.31602e-15 2.08571e-15 1.01045e-15 4.90609e-16 2.38681e-16 1.16324e-16 5.67826e-17 2.77579e-17 1.3587e-17 6.65818e-18 3.26565e-18 1.60196e-18 7.83912e-19 3.85707e-19
3.5919e-08 1.32281e-09 3.67668e-10 1.2884e-10 5.03952e-11 2.09439e-11 9.0419e-12 4.00664e-12 1.80932e-12 8.28835e-13 3.83953e-13 1.79465e-13 8.45008e-14 4.00299e-14 1.90605e-14 9.11556e-15 4.37589e-15 2.10751e-15 1.01793e-15 4.92905e-16 2.39212e-16 1.16324e-16 5.66677e-17 2.76505e-17 1.35115e-17 6.61113e-18 3.23855e-18 1.58788e-18 7.78681e-19 3.80952e-19 1.8738e-19
1.85528e-08 6.56134e-10 1.82129e-10 6.37259e-11 2.48926e-11 1.03329e-11 4.45618e-12 1.9727e-12 8.9004e-13 4.07383e-13 1.88573e-13 8.80778e-14 4.14432e-14 1.962e-14 9.33658e-15 4.4626e-15 2.14109e-15 1.03066e-15 4.97564e-16 2.40819e-16 1.16819e-16 5.67826e-17 2.76505e-17 1.34865e-17 6.58774e-18 3.22219e-18 1.57788e-18 7.73387e-19 3.79148e-19 1.85446e-19 9.1188e-20
9.57223e-09 3.25626e-10 9.0277e-11 3.15428e-11 1.23057e-11 5.10243e-12 2.19827e-12 9.72265e-13 4.38295e-13 2.00457e-13 9.27213e-14 4.32783e-14 2.03506e-14 9.62854e-15 4.5793e-15 2.18757e-15 1.04902e-15 5.0472e-16 2.43546e-16 1.17822e-16 5.713e-17 2.77579e-17 1.35115e-17 6.58774e-18 3.21674e-18 1.57282e-18 7.69942e-19 3.77261e-19 1.84895e-19 9.04143e-20 4.44457e-20
4.93346e-09 1.61672e-10 4.47721e-11 1.56229e-11 6.08776e-12 2.52158e-12 1.08535e-12 4.79621e-13 2.1604e-13 9.87343e-14 4.5638e-14 2.1288e-14 1.00041e-14 4.73053e-15 2.24859e-15 1.07361e-15 5.14584e-16 2.47467e-16 1.19358e-16 5.77182e-17 2.79751e-17 1.3587e-17 6.61113e-18 3.22219e-18 1.57282e-18 7.68771e-19 3.76215e-19 1.84284e-19 9.02919e-20 4.41433e-20 2.16938e-20
2.53973e-09 8.029e-11 2.22126e-11 7.74165e-12 3.01341e-12 1.24696e-12 5.36246e-13 2.36778e-13 1.06574e-13 4.86722e-14 2.24831e-14 1.04809e-14 4.92253e-15 2.32639e-15 1.10524e-15 5.27448e-16 2.52687e-16 1.21464e-16 5.85595e-17 2.8306e-17 1.37141e-17 6.65818e-18 3.23855e-18 1.57788e-18 7.69942e-19 3.76215e-19 1.84052e-19 9.01288e-20 4.41477e-20 2.15791e-20 1.06019e-20
1.30526e-09 3.9862e-11 1.10195e-11 3.83675e-12 1.49205e-12 6.16855e-13 2.65055e-13 1.16945e-13 5.26004e-14 2.40068e-14 1.10826e-14 5.16336e-15 2.42374e-15 1.14487e-15 5.43646e-16 2.5932e-16 1.24178e-16 5.9666e-17 2.8754e-17 1.38935e-17 6.7288e-18 3.26565e-18 1.58788e-18 7.73387e-19 3.77261e-19 1.84284e-19 9.01288e-20 4.41229e-20 2.16071e-20 1.05593e-20 5.18649e-21
6.6829e-10 1.97463e-11 5.45816e-12 1.9e-12 7.38224e-13 3.04955e-13 1.30938e-13 5.77322e-14 2.59507e-14 1.18369e-14 5.46138e-15 2.54311e-15 1.19317e-15 5.63335e-16 2.67383e-16 1.27488e-16 6.10242e-17 2.93099e-17 1.41197e-17 6.81998e-18 3.30188e-18 1.60196e-18 7.78681e-19 3.79148e-19 1.84895e-19 9.02919e-20 4.41477e-20 2.16071e-20 1.05785e-20 5.16873e-21 2.53815e-21
3.38056e-10 9.69142e-12 2.69205e-12 9.36476e-13 3.63617e-13 1.50116e-13 6.44195e-14 2.83886e-14 1.27546e-14 5.8151e-15 2.68188e-15 1.24833e-15 5.85464e-16 2.76317e-16 1.31107e-16 6.24912e-17 2.99031e-17 1.43582e-17 6.91489e-18 3.33906e-18 1.61617e-18 7.83912e-19 3.80952e-19 1.85446e-19 9.04143e-20 4.41433e-20 2.15791e-20 1.05593e-20 5.16873e-21 2.52511e-21 1.23975e-21
1.73524e-10 4.82257e-12 1.33844e-12 4.6513e-13 1.80438e-13 7.44322e-14 3.19177e-14 1.40562e-14 6.31127e-15 2.87577e-15 1.32555e-15 6.16682e-16 2.89081e-16 1.36372e-16 6.4677e-17 3.08148e-17 1.47394e-17 7.07449e-18 3.40581e-18 1.64401e-18 7.95463e-19 3.85707e-19 1.8738e-19 9.1188e-20 4.44457e-20 2.16938e-20 1.06019e-20 5.18649e-21 2.53815e-21 1.23975e-21 6.0853e-22
