0.998439 0.000779422 6.08448e-07 4.74979e-10 3.70787e-13 2.89452e-16 2.25958e-19 1.76391e-22 1.37698e-25 1.07493e-28 8.39132e-32 6.5506e-35 5.11366e-38 3.99193e-41 3.11626e-44 2.43268e-47 1.89905e-50 1.48247e-53 1.15728e-56 9.03417e-60 7.05243e-63 5.50541e-66 4.29775e-69 3.35499e-72 2.61904e-75 2.04453e-78 1.59604e-81 1.24593e-84 9.72626e-88 7.59271e-91 5.92717e-94 4.62699e-97 3.61201e-100 2.81968e-103 2.20116e-106 1.71831e-109 1.34138e-112 1.04714e-115 8.17438e-119 6.38125e-122 4.98146e-125 3.88872e-128 3.03569e-131 2.36979e-134 1.84995e-137 1.44414e-140 1.12736e-143 8.8006e-147 6.8701e-150 5.36308e-153 4.18663e-156 3.26825e-159 2.55133e-162 1.99167e-165 1.55478e-168 1.21372e-171 9.47481e-175 7.39641e-178 5.77394e-181 4.50737e-184 3.51863e-187 2.74678e-190 2.14425e-193 1.67389e-196 1.3067e-199 1.02007e-202 7.96304e-206 6.21627e-209 4.85267e-212 3.78819e-215 2.95721e-218 2.30852e-221 1.80212e-224 1.40681e-227 1.09821e-230 8.57308e-234 6.69249e-237 5.22443e-240 4.0784e-243 3.18376e-246 2.48537e-249 1.94018e-252 1.51458e-255 1.18234e-258 9.22985e-262 7.20519e-265 5.62466e-268 4.39084e-271 3.42766e-274 2.67577e-277 2.08881e-280 1.63061e-283 1.27292e-286 9.93694e-290 7.75717e-293 6.05556e-296 4.72721e-299 3.69025e-302 2.88076e-305 2.24884e-308 1.75553e-311
0.000779422 9.12513e-07 9.4971e-10 9.26679e-13 8.68053e-16 7.90557e-19 7.0529e-22 6.19391e-25 5.3724e-28 4.61326e-31 3.92865e-34 3.32242e-37 2.7931e-40 2.33614e-43 1.94526e-46 1.61345e-49 1.33361e-52 1.0989e-55 9.02993e-59 7.40157e-62 6.05309e-65 4.94006e-68 4.02407e-71 3.27223e-74 2.65661e-77 2.15362e-80 1.74346e-83 1.40962e-86 1.13835e-89 9.18264e-93 7.39957e-96 5.95691e-99 4.79111e-102 3.85013e-105 3.09144e-108 2.48034e-111 1.98858e-114 1.59322e-117 1.27562e-120 1.02069e-123 8.16227e-127 6.5235e-130 5.21094e-133 4.16032e-136 3.31988e-139 2.64797e-142 2.11109e-145 1.68233e-148 1.3401e-151 1.06706e-154 8.49321e-158 6.75764e-161 5.37482e-164 4.2735e-167 3.39672e-170 2.69896e-173 2.14388e-176 1.70245e-179 1.35153e-182 1.07264e-185 8.51074e-189 6.75098e-192 5.35374e-195 4.24465e-198 3.36452e-201 2.66627e-204 2.11246e-207 1.67332e-210 1.3252e-213 1.04928e-216 8.30646e-220 6.57441e-223 5.20256e-226 4.11621e-229 3.25612e-232 2.5753e-235 2.03649e-238 1.61015e-241 1.27286e-244 1.00606e-247 7.9507e-251 6.28232e-254 4.96332e-257 3.92069e-260 3.09666e-263 2.44548e-266 1.93098e-269 1.52453e-272 1.20348e-275 9.49927e-279 7.497e-282 5.91607e-285 4.66798e-288 3.68278e-291 2.90519e-294 2.29153e-297 1.8073e-300 1.42525e-303 1.12384e-306 8.86091e-310 6.98567e-313
6.08448e-07 9.4971e-10 1.20458e-12 1.37422e-15 1.4679e-18 1.49841e-21 1.47929e-24 1.4233e-27 1.34165e-30 1.24369e-33 1.13692e-36 1.02712e-39 9.18567e-43 8.14289e-46 7.16302e-49 6.25823e-52 5.43462e-55 4.69377e-58 4.03405e-61 3.45165e-64 2.94138e-67 2.49727e-70 2.113e-73 1.78226e-76 1.49893e-79 1.25726e-82 1.05191e-85 8.78056e-89 7.31336e-92 6.0789e-95 5.04314e-98 4.17631e-101 3.45261e-104 2.84974e-107 2.34858e-110 1.93277e-113 1.58842e-116 1.30374e-119 1.06876e-122 8.75106e-126 7.15744e-129 5.84781e-132 4.77294e-135 3.89186e-138 3.17048e-141 2.5805e-144 2.09852e-147 1.70516e-150 1.38444e-153 1.1232e-156 9.10583e-160 7.37698e-163 5.97234e-166 4.832e-169 3.90693e-172 3.15705e-175 2.5496e-178 2.05786e-181 1.66005e-184 1.33844e-187 1.07858e-190 8.68734e-194 6.99381e-197 5.62779e-200 4.52653e-203 3.63916e-206 2.9245e-209 2.34921e-212 1.88632e-215 1.51405e-218 1.21478e-221 9.74308e-225 7.81155e-228 6.26073e-231 5.01608e-234 4.01752e-237 3.21671e-240 2.5747e-243 2.06019e-246 1.648e-249 1.31789e-252 1.0536e-255 8.42079e-259 6.72836e-262 5.37464e-265 4.29216e-268 3.42682e-271 2.73526e-274 2.18272e-277 1.74139e-280 1.38896e-283 1.10761e-286 8.83047e-290 7.03861e-293 5.60914e-296 4.46904e-299 3.55994e-302 2.83519e-305 2.25755e-308 1.79724e-311 1.43052e-314
4.74979e-10 9.26679e-13 1.37422e-15 1.77831e-18 2.11518e-21 2.37341e-24 2.55077e-27 2.65135e-30 2.68319e-33 2.65647e-36 2.58213e-39 2.47092e-42 2.33284e-45 2.17675e-48 2.01019e-51 1.8394e-54 1.66937e-57 1.50392e-60 1.34584e-63 1.19708e-66 1.05888e-69 9.31881e-73 8.16282e-76 7.11936e-79 6.18445e-82 5.35234e-85 4.61613e-88 3.9683e-91 3.40104e-94 2.90658e-97 2.47736e-100 2.1062e-103 1.78639e-106 1.51174e-109 1.27658e-112 1.07583e-115 9.04916e-119 7.59764e-122 6.36788e-125 5.32835e-128 4.45148e-131 3.71331e-134 3.09308e-137 2.57289e-140 2.13735e-143 1.77329e-146 1.46945e-149 1.21625e-152 1.00555e-155 8.30445e-159 6.85121e-162 5.64661e-165 4.6493e-168 3.82456e-171 3.14329e-174 2.58112e-177 2.11772e-180 1.73609e-183 1.42212e-186 1.16404e-189 9.5209e-193 7.78175e-196 6.35587e-199 5.18776e-202 4.23157e-205 3.44942e-208 2.81011e-211 2.28792e-214 1.86168e-217 1.51399e-220 1.23055e-223 9.99644e-227 8.1164e-230 6.58658e-233 5.34246e-236 4.33125e-239 3.50978e-242 2.8428e-245 2.30154e-248 1.86252e-251 1.50659e-254 1.21818e-257 9.84576e-261 7.95452e-264 6.42406e-267 5.1861e-270 4.18514e-273 3.37614e-276 2.72256e-279 2.19473e-282 1.76864e-285 1.42479e-288 1.14742e-291 9.23745e-295 7.43442e-298 5.98148e-301 4.81104e-304 3.86849e-307 3.1097e-310 2.49903e-313 2.00773e-316
3.70787e-13 8.68053e-16 1.4679e-18 2.11518e-21 2.76026e-24 3.36272e-27 3.89276e-30 4.33097e-33 4.66725e-36 4.89919e-39 5.03037e-42 5.06863e-45 5.02461e-48 4.91048e-51 4.73895e-54 4.52251e-57 4.27287e-60 4.00067e-63 3.71522e-66 3.42445e-69 3.13493e-72 2.85191e-75 2.57944e-78 2.32053e-81 2.07724e-84 1.85087e-87 1.64204e-90 1.4509e-93 1.27715e-96 1.12021e-99 9.79266e-103 8.53349e-106 7.41402e-109 6.4232e-112 5.5499e-115 4.78314e-118 4.11234e-121 3.52749e-124 3.01918e-127 2.57872e-130 2.19811e-133 1.8701e-136 1.58813e-139 1.34631e-142 1.1394e-145 9.62734e-149 8.122e-152 6.84184e-155 5.7552e-158 4.83447e-161 4.05564e-164 3.39793e-167 2.84336e-170 2.37647e-173 1.98395e-176 1.65442e-179 1.37813e-182 1.14679e-185 9.53322e-189 7.91717e-192 6.56883e-195 5.44511e-198 4.50961e-201 3.73159e-204 3.08521e-207 2.54871e-210 2.10384e-213 1.73528e-216 1.43021e-219 1.17791e-222 9.69431e-226 7.97298e-229 6.55288e-232 5.38218e-235 4.4178e-238 3.62396e-241 2.97095e-244 2.43417e-247 1.99321e-250 1.63121e-253 1.33422e-256 1.09071e-259 8.91176e-263 7.27768e-266 5.94024e-269 4.84619e-272 3.95174e-275 3.22085e-278 2.62394e-281 2.13668e-284 1.73914e-287 1.41495e-290 1.1507e-293 9.35415e-297 7.60097e-300 6.17392e-303 5.01283e-306 4.06853e-309 3.30088e-312 2.67708e-315 2.17039e-318
2.89452e-16 7.90557e-19 1.49841e-21 2.37341e-24 3.36272e-27 4.40866e-30 5.45527e-33 6.45279e-36 7.36041e-39 8.14749e-42 8.79361e-45 9.28787e-48 9.62768e-51 9.81728e-54 9.86618e-57 9.78767e-60 9.5975e-63 9.31266e-66 8.95045e-69 8.52773e-72 8.06036e-75 7.56285e-78 7.04805e-81 6.52713e-84 6.00949e-87 5.50284e-90 5.01333e-93 4.54565e-96 4.10319e-99 3.68825e-102 3.30214e-105 2.94541e-108 2.61792e-111 2.31905e-114 2.04778e-117 1.80277e-120 1.58253e-123 1.38539e-126 1.20964e-129 1.05356e-132 9.15427e-136 7.93595e-139 6.86477e-142 5.92575e-145 5.1049e-148 4.38928e-151 3.76699e-154 3.22716e-157 2.75994e-160 2.35647e-163 2.00877e-166 1.70974e-169 1.45307e-172 1.23316e-175 1.04508e-178 8.845e-182 7.47622e-185 6.31134e-188 5.32148e-191 4.48157e-194 3.76993e-197 3.16777e-200 2.65892e-203 2.22949e-206 1.86751e-209 1.56276e-212 1.30649e-215 1.09122e-218 9.10599e-222 7.59201e-225 6.32431e-228 5.26388e-231 4.37767e-234 3.63777e-237 3.02058e-240 2.50621e-243 2.07789e-246 1.72153e-249 1.42529e-252 1.17921e-255 9.74966e-259 8.05568e-262 6.65177e-265 5.48908e-268 4.52685e-271 3.73106e-274 3.07336e-277 2.53015e-280 2.08178e-283 1.71193e-286 1.40703e-289 1.15582e-292 9.4897e-296 7.78746e-299 6.3874e-302 5.2365e-305 4.29093e-308 3.51446e-311 2.87717e-314 2.35439e-317 1.92587e-320
2.25958e-19 7.0529e-22 1.47929e-24 2.55077e-27 3.89276e-30 5.45527e-33 7.17318e-36 8.9739e-39 1.0784e-41 1.25348e-44 1.4166e-47 1.56282e-50 1.68843e-53 1.79092e-56 1.86897e-59 1.92228e-62 1.95144e-65 1.95777e-68 1.94312e-71 1.90972e-74 1.86006e-77 1.79669e-80 1.72221e-83 1.6391e-86 1.54968e-89 1.45611e-92 1.3603e-95 1.26392e-98 1.1684e-101 1.07493e-104 9.84475e-108 8.97783e-111 8.15417e-114 7.37773e-117 6.65094e-120 5.97503e-123 5.35014e-126 4.77558e-129 4.24995e-132 3.77136e-135 3.33751e-138 2.94583e-141 2.59359e-144 2.27797e-147 1.99613e-150 1.74528e-153 1.52269e-156 1.32576e-159 1.15201e-162 9.99122e-166 8.64929e-169 7.47428e-172 6.44782e-175 5.5531e-178 4.77487e-181 4.09933e-184 3.51408e-187 3.008e-190 2.57117e-193 2.19478e-196 1.87101e-199 1.59294e-202 1.35451e-205 1.15037e-208 9.7584e-212 8.26843e-215 6.99814e-218 5.91659e-221 4.99691e-224 4.21585e-227 3.55331e-230 2.99198e-233 2.51692e-236 2.11533e-239 1.77621e-242 1.49014e-245 1.24907e-248 1.04612e-251 8.75422e-255 7.31993e-258 6.11583e-261 5.1059e-264 4.25955e-267 3.55089e-270 2.95801e-273 2.4624e-276 2.04842e-279 1.7029e-282 1.41473e-285 1.17457e-288 9.74566e-292 8.08119e-295 6.69694e-298 5.54652e-301 4.59106e-304 3.79802e-307 3.14021e-310 2.59492e-313 2.14316e-316 1.76905e-319 1.43279e-322
1.76391e-22 6.19391e-25 1.4233e-27 2.65135e-30 4.33097e-33 6.45279e-36 8.9739e-39 1.1824e-41 1.49129e-44 1.81392e-47 2.13974e-50 2.45851e-53 2.76083e-56 3.03855e-59 3.28503e-62 3.49527e-65 3.6659e-68 3.79515e-71 3.88268e-74 3.92941e-77 3.93729e-80 3.90913e-83 3.84831e-86 3.75866e-89 3.64421e-92 3.50909e-95 3.35733e-98 3.19284e-101 3.01924e-104 2.83988e-107 2.65774e-110 2.47546e-113 2.2953e-116 2.11915e-119 1.94858e-122 1.78481e-125 1.6288e-128 1.4812e-131 1.34247e-134 1.21283e-137 1.09235e-140 9.80947e-144 8.78427e-147 7.84495e-150 6.98789e-153 6.20892e-156 5.50355e-159 4.86702e-162 4.29453e-165 3.78124e-168 3.32239e-171 2.91339e-174 2.54979e-177 2.2274e-180 1.94225e-183 1.69064e-186 1.46914e-189 1.27455e-192 1.10398e-195 9.54762e-199 8.24474e-202 7.1093e-205 6.12156e-208 5.26383e-211 4.52024e-214 3.87665e-217 3.3205e-220 2.84065e-223 2.42723e-226 2.07156e-229 1.76601e-232 1.50386e-235 1.27924e-238 1.08703e-241 9.22747e-245 7.82511e-248 6.62938e-251 5.61101e-254 4.74466e-257 4.00841e-260 3.3834e-263 2.85336e-266 2.40431e-269 2.02424e-272 1.70286e-275 1.43137e-278 1.20223e-281 1.00899e-284 8.46186e-288 7.09129e-291 5.93845e-294 4.96954e-297 4.15585e-300 3.47305e-303 2.90051e-306 2.42078e-309 2.01911e-312 1.68303e-315 1.40203e-318 1.17094e-321 0
1.37698e-25 5.3724e-28 1.34165e-30 2.68319e-33 4.66725e-36 7.36041e-39 1.0784e-41 1.49129e-44 1.96787e-47 2.49758e-50 3.06709e-53 3.66119e-56 4.26379e-59 4.85883e-62 5.4311e-65 5.96681e-68 6.45412e-71 6.88341e-74 7.24746e-77 7.54144e-80 7.76285e-83 7.9113e-86 7.98829e-89 7.99695e-92 7.9417e-95 7.82798e-98 7.66193e-101 7.45016e-104 7.19947e-107 6.91668e-110 6.60842e-113 6.28101e-116 5.94034e-119 5.59182e-122 5.2403e-125 4.89004e-128 4.54475e-131 4.20755e-134 3.88101e-137 3.56719e-140 3.26768e-143 2.98364e-146 2.71583e-149 2.4647e-152 2.23039e-155 2.01279e-158 1.81161e-161 1.62638e-164 1.45649e-167 1.30125e-170 1.15989e-173 1.0316e-176 9.15541e-180 8.10855e-183 7.16702e-186 6.32254e-189 5.56708e-192 4.89298e-195 4.29291e-198 3.75999e-201 3.28775e-204 2.87018e-207 2.50172e-210 2.17724e-213 1.89203e-216 1.64182e-219 1.4227e-222 1.23114e-225 1.06396e-228 9.18287e-232 7.9156e-235 6.81482e-238 5.86009e-241 5.03321e-244 4.31807e-247 3.70041e-250 3.16765e-253 2.70871e-256 2.31386e-259 1.97456e-262 1.68334e-265 1.43368e-268 1.21989e-271 1.03702e-274 8.80762e-278 7.47384e-281 6.33652e-284 5.36769e-287 4.5432e-290 3.84221e-293 3.24678e-296 2.74147e-299 2.31302e-302 1.95007e-305 1.64285e-308 1.38302e-311 1.16346e-314 9.78077e-318 8.21631e-321 4.94066e-324 0
1.07493e-28 4.61326e-31 1.24369e-33 2.65647e-36 4.89919e-39 8.14749e-42 1.25348e-44 1.81392e-47 2.49758e-50 3.29951e-53 4.20861e-56 5.20846e-59 6.27827e-62 7.39422e-65 8.5307e-68 9.66163e-71 1.07616e-73 1.18068e-76 1.2776e-79 1.36512e-82 1.44176e-85 1.50643e-88 1.55839e-91 1.59729e-94 1.62308e-97 1.63601e-100 1.63662e-103 1.62562e-106 1.60392e-109 1.57254e-112 1.53261e-115 1.48527e-118 1.43171e-121 1.37307e-124 1.31048e-127 1.245e-130 1.1776e-133 1.10919e-136 1.04057e-139 9.72468e-143 9.05487e-146 8.40156e-149 7.7691e-152 7.16097e-155 6.57989e-158 6.02784e-161 5.50617e-164 5.01567e-167 4.55661e-170 4.12886e-173 3.73192e-176 3.36499e-179 3.02706e-182 2.71692e-185 2.43323e-188 2.17455e-191 1.93938e-194 1.72621e-197 1.5335e-200 1.35976e-203 1.20351e-206 1.06334e-209 9.37878e-213 8.25842e-216 7.2601e-219 6.3724e-222 5.58464e-225 4.88695e-228 4.2702e-231 3.72598e-234 3.24663e-237 2.82513e-240 2.45511e-243 2.13082e-246 1.84705e-249 1.59911e-252 1.3828e-255 1.19435e-258 1.03041e-261 8.87983e-265 7.64408e-268 6.57328e-271 5.6466e-274 4.8456e-277 4.15409e-280 3.55778e-283 3.04415e-286 2.60224e-289 2.22243e-292 1.89636e-295 1.61669e-298 1.37709e-301 1.172e-304 9.96623e-308 8.46802e-311 7.18928e-314 6.09886e-317 5.1704e-320 4.94066e-323 0 0
8.39132e-32 3.92865e-34 1.13692e-36 2.58213e-39 5.03037e-42 8.79361e-45 1.4166e-47 2.13974e-50 3.06709e-53 4.20861e-56 5.56494e-59 7.12712e-62 8.87694e-65 1.07879e-67 1.28267e-70 1.49547e-73 1.71297e-76 1.93082e-79 2.14469e-82 2.35041e-85 2.54415e-88 2.72251e-91 2.8826e-94 3.02209e-97 3.13926e-100 3.23296e-103 3.30263e-106 3.34825e-109 3.37028e-112 3.3696e-115 3.34746e-118 3.3054e-121 3.24518e-124 3.16872e-127 3.07806e-130 2.97524e-133 2.86232e-136 2.74132e-139 2.61416e-142 2.48263e-145 2.34844e-148 2.2131e-151 2.07799e-154 1.94433e-157 1.81317e-160 1.6854e-163 1.56176e-166 1.44285e-169 1.32915e-172 1.22099e-175 1.11861e-178 1.02215e-181 9.31649e-185 8.47094e-188 7.68396e-191 6.95415e-194 6.27972e-197 5.65851e-200 5.08813e-203 4.56598e-206 4.08936e-209 3.6555e-212 3.26161e-215 2.90491e-218 2.58268e-221 2.29227e-224 2.03113e-227 1.79682e-230 1.58704e-233 1.39959e-236 1.23243e-239 1.08365e-242 9.5147e-246 8.3425e-249 7.30478e-252 6.38764e-255 5.57842e-258 4.86554e-261 4.23851e-264 3.68781e-267 3.20487e-270 2.78195e-273 2.41211e-276 2.08912e-279 1.80741e-282 1.56203e-285 1.34856e-288 1.16308e-291 1.00211e-294 8.62569e-298 7.41749e-301 6.37254e-304 5.46975e-307 4.69062e-310 4.0189e-313 3.44039e-316 2.94261e-319 2.51973e-322 0 0 0
6.5506e-35 3.32242e-37 1.02712e-39 2.47092e-42 5.06863e-45 9.28787e-48 1.56282e-50 2.45851e-53 3.66119e-56 5.20846e-59 7.12712e-62 9.43091e-65 1.21191e-67 1.51759e-70 1.85712e-73 2.22613e-76 2.61911e-79 3.02965e-82 3.45067e-85 3.87473e-88 4.29429e-91 4.70199e-94 5.09086e-97 5.45451e-100 5.78733e-103 6.08457e-106 6.34243e-109 6.5581e-112 6.72975e-115 6.8565e-118 6.93837e-121 6.9762e-124 6.97154e-127 6.92658e-130 6.84401e-133 6.72693e-136 6.57873e-139 6.403e-142 6.20344e-145 5.98375e-148 5.74759e-151 5.49849e-154 5.23983e-157 4.97475e-160 4.70618e-163 4.43676e-166 4.16888e-169 3.90463e-172 3.64583e-175 3.39403e-178 3.15052e-181 2.91634e-184 2.69228e-187 2.47896e-190 2.27677e-193 2.08596e-196 1.9066e-199 1.73865e-202 1.58196e-205 1.43626e-208 1.30124e-211 1.17649e-214 1.06159e-217 9.56057e-221 8.59392e-224 7.71084e-227 6.90616e-230 6.17469e-233 5.51134e-236 4.91113e-239 4.36923e-242 3.88102e-245 3.44208e-248 3.04821e-251 2.69547e-254 2.38014e-257 2.09878e-260 1.84815e-263 1.62528e-266 1.42743e-269 1.25207e-272 1.09688e-275 9.59761e-279 8.38777e-282 7.32189e-285 6.38414e-288 5.56026e-291 4.83739e-294 4.20397e-297 3.64964e-300 3.16513e-303 2.74217e-306 2.37337e-309 2.05216e-312 1.77274e-315 1.52992e-318 1.31916e-321 0 0 0 0
5.11366e-38 2.7931e-40 9.18567e-43 2.33284e-45 5.02461e-48 9.62768e-51 1.68843e-53 2.76083e-56 4.26379e-59 6.27827e-62 8.87694e-65 1.21191e-67 1.60462e-70 2.06786e-73 2.60135e-76 3.20237e-79 3.86583e-82 4.58443e-85 5.3489e-88 6.14837e-91 6.97072e-94 7.80304e-97 8.63205e-100 9.44454e-103 1.02278e-105 1.09697e-108 1.16597e-111 1.2288e-114 1.28467e-117 1.33295e-120 1.37316e-123 1.40502e-126 1.42836e-129 1.44322e-132 1.44974e-135 1.44821e-138 1.43902e-141 1.42264e-144 1.39964e-147 1.37061e-150 1.33621e-153 1.29712e-156 1.254e-159 1.20753e-162 1.15837e-165 1.10715e-168 1.05447e-171 1.00088e-174 9.46898e-178 8.92992e-181 8.39578e-184 7.87023e-187 7.35645e-190 6.85715e-193 6.37458e-196 5.91054e-199 5.46645e-202 5.04335e-205 4.64194e-208 4.26261e-211 3.90551e-214 3.57052e-217 3.25735e-220 2.96552e-223 2.69442e-226 2.44332e-229 2.2114e-232 1.99779e-235 1.80155e-238 1.62173e-241 1.45735e-244 1.30743e-247 1.17102e-250 1.04717e-253 9.34952e-257 8.33491e-260 7.41935e-263 6.59475e-266 5.85347e-269 5.18828e-272 4.59243e-275 4.0596e-278 3.58392e-281 3.15995e-284 2.78265e-287 2.44741e-290 2.14997e-293 1.88647e-296 1.65336e-299 1.44743e-302 1.26574e-305 1.10566e-308 9.648e-312 8.41007e-315 7.32349e-318 6.37345e-321 4.94066e-324 0 0 0 0
3.99193e-41 2.33614e-43 8.14289e-46 2.17675e-48 4.91048e-51 9.81728e-54 1.79092e-56 3.03855e-59 4.85883e-62 7.39422e-65 1.07879e-67 1.51759e-70 2.06786e-73 2.73933e-76 3.53875e-79 4.46934e-82 5.5305e-85 6.71759e-88 8.02199e-91 9.4313e-94 1.09297e-96 1.24984e-99 1.41165e-102 1.57611e-105 1.74087e-108 1.90354e-111 2.06175e-114 2.21328e-117 2.35603e-120 2.48813e-123 2.60792e-126 2.71404e-129 2.80539e-132 2.88119e-135 2.94092e-138 2.98437e-141 3.01158e-144 3.02283e-147 3.01865e-150 2.99975e-153 2.96698e-156 2.92137e-159 2.86402e-162 2.79613e-165 2.71891e-168 2.63364e-171 2.54156e-174 2.44391e-177 2.34187e-180 2.2366e-183 2.12915e-186 2.02053e-189 1.91165e-192 1.80334e-195 1.69634e-198 1.5913e-201 1.48877e-204 1.38925e-207 1.29312e-210 1.20071e-213 1.11225e-216 1.02793e-219 9.47878e-223 8.72149e-226 8.00766e-229 7.33703e-232 6.70903e-235 6.12273e-238 5.57697e-241 5.07037e-244 4.6014e-247 4.16839e-250 3.76958e-253 3.40315e-256 3.06726e-259 2.76005e-262 2.4797e-265 2.22438e-268 1.99234e-271 1.78187e-274 1.59133e-277 1.41916e-280 1.26387e-283 1.12405e-286 9.98368e-290 8.85589e-293 7.84551e-296 6.94174e-299 6.13457e-302 5.41477e-305 4.77381e-308 4.20388e-311 3.69781e-314 3.24906e-317 2.85125e-320 1.97626e-323 0 0 0 0 0
3.11626e-44 1.94526e-46 7.16302e-49 2.01019e-51 4.73895e-54 9.86618e-57 1.86897e-59 3.28503e-62 5.4311e-65 8.5307e-68 1.28267e-70 1.85712e-73 2.60135e-76 3.53875e-79 4.68987e-82 6.07123e-85 7.69426e-88 9.56445e-91 1.16808e-93 1.40354e-96 1.66135e-99 1.9394e-102 2.23493e-105 2.5447e-108 2.865e-111 3.19179e-114 3.52082e-117 3.84773e-120 4.16817e-123 4.47791e-126 4.77296e-129 5.0496e-132 5.30453e-135 5.53485e-138 5.73818e-141 5.91261e-144 6.05677e-147 6.1698e-150 6.25134e-153 6.3015e-156 6.32086e-159 6.31035e-162 6.27128e-165 6.20526e-168 6.11414e-171 5.99999e-174 5.86499e-177 5.71144e-180 5.5417e-183 5.35811e-186 5.16301e-189 4.95867e-192 4.74727e-195 4.53089e-198 4.31146e-201 4.09079e-204 3.87051e-207 3.65212e-210 3.43693e-213 3.2261e-216 3.02065e-219 2.82141e-222 2.62908e-225 2.44423e-228 2.26729e-231 2.09858e-234 1.93829e-237 1.78654e-240 1.64335e-243 1.50866e-246 1.38235e-249 1.26424e-252 1.15411e-255 1.05169e-258 9.56686e-262 8.6878e-265 7.87637e-268 7.12909e-271 6.44244e-274 5.81284e-277 5.23678e-280 4.71076e-283 4.2314e-286 3.79537e-289 3.39951e-292 3.04076e-295 2.71621e-298 2.42311e-301 2.15884e-304 1.92096e-307 1.70717e-310 1.51532e-313 1.34343e-316 1.18961e-319 1.03754e-322 0 0 0 0 0 0
2.43268e-47 1.61345e-49 6.25823e-52 1.8394e-54 4.52251e-57 9.78767e-60 1.92228e-62 3.49527e-65 5.96681e-68 9.66163e-71 1.49547e-73 2.22613e-76 3.20237e-79 4.46934e-82 6.07123e-85 8.04915e-88 1.04391e-90 1.32699e-93 1.65617e-96 2.03243e-99 2.45563e-102 2.92446e-105 3.43639e-108 3.98774e-111 4.57376e-114 5.18868e-117 5.82594e-120 6.4783e-123 7.13805e-126 7.79719e-129 8.44763e-132 9.08141e-135 9.69083e-138 1.02687e-140 1.08082e-143 1.13036e-146 1.17497e-149 1.21422e-152 1.24778e-155 1.27541e-158 1.29696e-161 1.31238e-164 1.32168e-167 1.32498e-170 1.32245e-173 1.31435e-176 1.30096e-179 1.28264e-182 1.25977e-185 1.23276e-188 1.20204e-191 1.16806e-194 1.13125e-197 1.09208e-200 1.05096e-203 1.00833e-206 9.64577e-210 9.20091e-213 8.75222e-216 8.30299e-219 7.85618e-222 7.41449e-225 6.98028e-228 6.55566e-231 6.14241e-234 5.74204e-237 5.35581e-240 4.9847e-243 4.62948e-246 4.29069e-249 3.96868e-252 3.66361e-255 3.37549e-258 3.10419e-261 2.84947e-264 2.61096e-267 2.38823e-270 2.18075e-273 1.98797e-276 1.80926e-279 1.64398e-282 1.49145e-285 1.35099e-288 1.22192e-291 1.10356e-294 9.95218e-298 8.96245e-301 8.05997e-304 7.23851e-307 6.4921e-310 5.81506e-313 5.20195e-316 4.64763e-319 4.10074e-322 0 0 0 0 0 0 0
1.89905e-50 1.33361e-52 5.43462e-55 1.66937e-57 4.27287e-60 9.5975e-63 1.95144e-65 3.6659e-68 6.45412e-71 1.07616e-73 1.71297e-76 2.61911e-79 3.86583e-82 5.5305e-85 7.69426e-88 1.04391e-90 1.38445e-93 1.79841e-96 2.29224e-99 2.87112e-102 3.53867e-105 4.29676e-108 5.14526e-111 6.08198e-114 7.1026e-117 8.20072e-120 9.36796e-123 1.05941e-125 1.18675e-128 1.3175e-131 1.45024e-134 1.58352e-137 1.71581e-140 1.84561e-143 1.97144e-146 2.09189e-149 2.20565e-152 2.31149e-155 2.40834e-158 2.49529e-161 2.57157e-164 2.63657e-167 2.68988e-170 2.73124e-173 2.76054e-176 2.77786e-179 2.78341e-182 2.77751e-185 2.76064e-188 2.73336e-191 2.69631e-194 2.65023e-197 2.59589e-200 2.5341e-203 2.46571e-206 2.39158e-209 2.31256e-212 2.22947e-215 2.14315e-218 2.05438e-221 1.96389e-224 1.87239e-227 1.78054e-230 1.68892e-233 1.59809e-236 1.50852e-239 1.42066e-242 1.33487e-245 1.25149e-248 1.17078e-251 1.09296e-254 1.01822e-257 9.46677e-261 8.78435e-264 8.13549e-267 7.52043e-270 6.93912e-273 6.39127e-276 5.87635e-279 5.39365e-282 4.94228e-285 4.52125e-288 4.12943e-291 3.76562e-294 3.42856e-297 3.11695e-300 2.82946e-303 2.56476e-306 2.3215e-309 2.09839e-312 1.89411e-315 1.70743e-318 1.53654e-321 0 0 0 0 0 0 0 0
1.48247e-53 1.0989e-55 4.69377e-58 1.50392e-60 4.00067e-63 9.31266e-66 1.95777e-68 3.79515e-71 6.88341e-74 1.18068e-76 1.93082e-79 3.02965e-82 4.58443e-85 6.71759e-88 9.56445e-91 1.32699e-93 1.79841e-96 2.38577e-99 3.10358e-102 3.96528e-105 4.9826e-108 6.16505e-111 7.51938e-114 9.04919e-117 1.07546e-119 1.2632e-122 1.4674e-125 1.68694e-128 1.92035e-131 2.1658e-134 2.42118e-137 2.68411e-140 2.952e-143 3.22213e-146 3.49166e-149 3.75774e-152 4.01752e-155 4.26827e-158 4.50736e-161 4.73235e-164 4.94102e-167 5.13141e-170 5.30183e-173 5.4509e-176 5.57754e-179 5.68099e-182 5.76079e-185 5.8168e-188 5.84915e-191 5.85824e-194 5.84474e-197 5.80952e-200 5.75366e-203 5.67838e-206 5.58506e-209 5.4752e-212 5.35034e-215 5.21211e-218 5.06214e-221 4.90208e-224 4.73356e-227 4.55816e-230 4.37743e-233 4.19283e-236 4.00574e-239 3.81746e-242 3.6292e-245 3.44205e-248 3.25702e-251 3.07499e-254 2.89675e-257 2.72298e-260 2.55427e-263 2.39111e-266 2.23388e-269 2.08292e-272 1.93844e-275 1.80061e-278 1.66951e-281 1.54519e-284 1.42762e-287 1.31674e-290 1.21242e-293 1.11454e-296 1.0229e-299 9.37317e-303 8.57564e-306 7.83405e-309 7.14595e-312 6.50877e-315 5.91992e-318 5.38037e-321 4.94066e-324 0 0 0 0 0 0 0 0
1.15728e-56 9.02993e-59 4.03405e-61 1.34584e-63 3.71522e-66 8.95045e-69 1.94312e-71 3.88268e-74 7.24746e-77 1.2776e-79 2.14469e-82 3.45067e-85 5.3489e-88 8.02199e-91 1.16808e-93 1.65617e-96 2.29224e-99 3.10358e-102 4.11824e-105 5.36416e-108 6.86825e-111 8.65533e-114 1.07472e-116 1.31615e-119 1.59111e-122 1.90033e-125 2.24389e-128 2.62121e-131 3.03105e-134 3.47143e-137 3.93975e-140 4.43273e-143 4.94655e-146 5.47685e-149 6.01889e-152 6.56756e-155 7.11757e-158 7.66347e-161 8.19982e-164 8.72126e-167 9.22263e-170 9.69903e-173 1.01459e-175 1.05592e-178 1.09352e-181 1.12709e-184 1.15638e-187 1.18117e-190 1.20135e-193 1.21682e-196 1.22757e-199 1.23363e-202 1.23506e-205 1.23201e-208 1.22464e-211 1.21315e-214 1.19779e-217 1.17881e-220 1.1565e-223 1.13117e-226 1.10311e-229 1.07265e-232 1.04012e-235 1.00582e-238 9.70063e-242 9.33158e-245 8.95392e-248 8.57041e-251 8.18363e-254 7.796e-257 7.40975e-260 7.02692e-263 6.64934e-266 6.27864e-269 5.91627e-272 5.56347e-275 5.2213e-278 4.89063e-281 4.57218e-284 4.2665e-287 3.974e-290 3.69494e-293 3.42947e-296 3.17761e-299 2.93932e-302 2.71442e-305 2.50268e-308 2.30382e-311 2.11747e-314 1.94323e-317 1.78061e-320 9.88131e-324 0 0 0 0 0 0 0 0 0
9.03417e-60 7.40157e-62 3.45165e-64 1.19708e-66 3.42445e-69 8.52773e-72 1.90972e-74 3.92941e-77 7.54144e-80 1.36512e-82 2.35041e-85 3.87473e-88 6.14837e-91 9.4313e-94 1.40354e-96 2.03243e-99 2.87112e-102 3.96528e-105 5.36416e-108 7.11949e-111 9.28408e-114 1.19104e-116 1.50487e-119 1.87457e-122 2.30421e-125 2.79717e-128 3.35592e-131 3.98192e-134 4.67551e-137 5.43579e-140 6.26063e-143 7.1466e-146 8.08904e-149 9.08209e-152 1.01188e-154 1.11911e-157 1.22903e-160 1.34069e-163 1.45308e-166 1.56517e-169 1.67591e-172 1.78427e-175 1.88922e-178 1.98979e-181 2.08505e-184 2.17416e-187 2.25635e-190 2.33094e-193 2.39735e-196 2.45513e-199 2.50391e-202 2.54343e-205 2.57356e-208 2.59427e-211 2.6056e-214 2.60773e-217 2.6009e-220 2.58544e-223 2.56174e-226 2.53026e-229 2.49151e-232 2.44604e-235 2.39442e-238 2.33728e-241 2.27521e-244 2.20885e-247 2.13881e-250 2.06572e-253 1.99015e-256 1.9127e-259 1.83389e-262 1.75427e-265 1.67431e-268 1.59446e-271 1.51513e-274 1.43672e-277 1.35955e-280 1.28393e-283 1.21011e-286 1.13834e-289 1.06879e-292 1.00163e-295 9.36988e-299 8.74957e-302 8.1561e-305 7.58988e-308 7.05115e-311 6.5399e-314 6.05595e-317 5.59875e-320 4.44659e-323 0 0 0 0 0 0 0 0 0 0
7.05243e-63 6.05309e-65 2.94138e-67 1.05888e-69 3.13493e-72 8.06036e-75 1.86006e-77 3.93729e-80 7.76285e-83 1.44176e-85 2.54415e-88 4.29429e-91 6.97072e-94 1.09297e-96 1.66135e-99 2.45563e-102 3.53867e-105 4.9826e-108 6.86825e-111 9.28408e-114 1.23246e-116 1.60885e-119 2.0676e-122 2.61864e-125 3.2715e-128 4.03499e-131 4.9169e-134 5.9237e-137 7.06024e-140 8.32954e-143 9.73252e-146 1.12679e-148 1.29321e-151 1.47192e-154 1.66207e-157 1.86263e-160 2.0723e-163 2.28964e-166 2.51299e-169 2.74059e-172 2.97055e-175 3.20089e-178 3.4296e-181 3.65464e-184 3.87403e-187 4.08582e-190 4.28814e-193 4.47925e-196 4.65755e-199 4.82159e-202 4.97011e-205 5.10203e-208 5.21649e-211 5.31282e-214 5.39056e-217 5.44945e-220 5.48944e-223 5.51067e-226 5.51345e-229 5.49828e-232 5.46578e-235 5.41672e-238 5.352e-241 5.2726e-244 5.17959e-247 5.07409e-250 4.9573e-253 4.83041e-256 4.69466e-259 4.55125e-262 4.4014e-265 4.24628e-268 4.08705e-271 3.92478e-274 3.76053e-277 3.59528e-280 3.42995e-283 3.26537e-286 3.10232e-289 2.94152e-292 2.78357e-295 2.62905e-298 2.47844e-301 2.33215e-304 2.19053e-307 2.05387e-310 1.92239e-313 1.79626e-316 1.67557e-319 1.5316e-322 0 0 0 0 0 0 0 0 0 0 0
5.50541e-66 4.94006e-68 2.49727e-70 9.31881e-73 2.85191e-75 7.56285e-78 1.79669e-80 3.90913e-83 7.9113e-86 1.50643e-88 2.72251e-91 4.70199e-94 7.80304e-97 1.24984e-99 1.9394e-102 2.92446e-105 4.29676e-108 6.16505e-111 8.65533e-114 1.19104e-116 1.60885e-119 2.13614e-122 2.79114e-125 3.59276e-128 4.5602e-131 5.71241e-134 7.06756e-137 8.64254e-140 1.04523e-142 1.25095e-145 1.48237e-148 1.74011e-151 2.02442e-154 2.33514e-157 2.67166e-160 3.03295e-163 3.41752e-166 3.82348e-169 4.24849e-172 4.68985e-175 5.14453e-178 5.60917e-181 6.08021e-184 6.55387e-187 7.0263e-190 7.49353e-193 7.95165e-196 8.39678e-199 8.8252e-202 9.23334e-205 9.61788e-208 9.97578e-211 1.03043e-213 1.06011e-216 1.0864e-219 1.10916e-222 1.12825e-225 1.14359e-228 1.15514e-231 1.16288e-234 1.16686e-237 1.16712e-240 1.16376e-243 1.15692e-246 1.14674e-249 1.13339e-252 1.11707e-255 1.09798e-258 1.07635e-261 1.05241e-264 1.0264e-267 9.9855e-271 9.69108e-274 9.38312e-277 9.06396e-280 8.73588e-283 8.40108e-286 8.06165e-289 7.71957e-292 7.37671e-295 7.03478e-298 6.69538e-301 6.35996e-304 6.02984e-307 5.70617e-310 5.39e-313 5.0822e-316 4.78349e-319 4.496e-322 0 0 0 0 0 0 0 0 0 0 0 0
4.29775e-69 4.02407e-71 2.113e-73 8.16282e-76 2.57944e-78 7.04805e-81 1.72221e-83 3.84831e-86 7.98829e-89 1.55839e-91 2.8826e-94 5.09086e-97 8.63205e-100 1.41165e-102 2.23493e-105 3.43639e-108 5.14526e-111 7.51938e-114 1.07472e-116 1.50487e-119 2.0676e-122 2.79114e-125 3.70653e-128 4.84722e-131 6.24853e-134 7.94697e-137 9.97947e-140 1.23825e-142 1.5191e-145 1.84377e-148 2.21515e-151 2.63573e-154 3.10741e-157 3.63151e-160 4.20862e-163 4.83858e-166 5.52043e-169 6.25237e-172 7.03177e-175 7.85519e-178 8.71836e-181 9.61629e-184 1.05433e-186 1.14932e-189 1.2459e-192 1.34337e-195 1.44098e-198 1.53796e-201 1.63354e-204 1.72696e-207 1.81746e-210 1.90432e-213 1.98686e-216 2.06445e-219 2.1365e-222 2.2025e-225 2.26198e-228 2.31457e-231 2.35996e-234 2.39792e-237 2.42829e-240 2.451e-243 2.46602e-246 2.47343e-249 2.47335e-252 2.46598e-255 2.45154e-258 2.43036e-261 2.40275e-264 2.3691e-267 2.32983e-270 2.28536e-273 2.23615e-276 2.18267e-279 2.1254e-282 2.06481e-285 2.00137e-288 1.93556e-291 1.86783e-294 1.79862e-297 1.72836e-300 1.65743e-303 1.58623e-306 1.5151e-309 1.44437e-312 1.37434e-315 1.30528e-318 1.2401e-321 0 0 0 0 0 0 0 0 0 0 0 0 0
3.35499e-72 3.27223e-74 1.78226e-76 7.11936e-79 2.32053e-81 6.52713e-84 1.6391e-86 3.75866e-89 7.99695e-92 1.59729e-94 3.02209e-97 5.45451e-100 9.44454e-103 1.57611e-105 2.5447e-108 3.98774e-111 6.08198e-114 9.04919e-117 1.31615e-119 1.87457e-122 2.61864e-125 3.59276e-128 4.84722e-131 6.4379e-134 8.42582e-137 1.08763e-139 1.38582e-142 1.74422e-145 2.16999e-148 2.67019e-151 3.25161e-154 3.92058e-157 4.68281e-160 5.54317e-163 6.50555e-166 7.57265e-169 8.7459e-172 1.00253e-174 1.14094e-177 1.2895e-180 1.44775e-183 1.61507e-186 1.79068e-189 1.97366e-192 2.16294e-195 2.35735e-198 2.55559e-201 2.7563e-204 2.95802e-207 3.15929e-210 3.35857e-213 3.55435e-216 3.74515e-219 3.9295e-222 4.106e-225 4.27333e-228 4.43028e-231 4.57572e-234 4.70865e-237 4.82822e-240 4.9337e-243 5.02451e-246 5.1002e-249 5.16049e-252 5.20524e-255 5.23444e-258 5.24821e-261 5.24683e-264 5.23065e-267 5.20018e-270 5.15598e-273 5.09874e-276 5.0292e-279 4.94817e-282 4.85651e-285 4.75511e-288 4.64491e-291 4.52685e-294 4.40187e-297 4.27093e-300 4.13496e-303 3.99487e-306 3.85155e-309 3.70584e-312 3.55857e-315 3.4105e-318 3.26083e-321 0 0 0 0 0 0 0 0 0 0 0 0 0 0
2.61904e-75 2.65661e-77 1.49893e-79 6.18445e-82 2.07724e-84 6.00949e-87 1.54968e-89 3.64421e-92 7.9417e-95 1.62308e-97 3.13926e-100 5.78733e-103 1.02278e-105 1.74087e-108 2.865e-111 4.57376e-114 7.1026e-117 1.07546e-119 1.59111e-122 2.30421e-125 3.2715e-128 4.5602e-131 6.24853e-134 8.42582e-137 1.11924e-139 1.46591e-142 1.8946e-145 2.41813e-148 3.04993e-151 3.80382e-154 4.69372e-157 5.73339e-160 6.93608e-163 8.31421e-166 9.87902e-169 1.16402e-171 1.36056e-174 1.5781e-177 1.81696e-180 2.0772e-183 2.35861e-186 2.66065e-189 2.98252e-192 3.32309e-195 3.68093e-198 4.05433e-201 4.44131e-204 4.83965e-207 5.2469e-210 5.66043e-213 6.07746e-216 6.49509e-219 6.91037e-222 7.32029e-225 7.72188e-228 8.1122e-231 8.4884e-234 8.84777e-237 9.18774e-240 9.50595e-243 9.80025e-246 1.00687e-248 1.03097e-251 1.05218e-254 1.0704e-257 1.08553e-260 1.09753e-263 1.10637e-266 1.11205e-269 1.11459e-272 1.11406e-275 1.11053e-278 1.10408e-281 1.09484e-284 1.08295e-287 1.06854e-290 1.05178e-293 1.03284e-296 1.0119e-299 9.89143e-303 9.64754e-306 9.38923e-309 9.11841e-312 8.83695e-315 8.54668e-318 8.2509e-321 4.94066e-324 0 0 0 0 0 0 0 0 0 0 0 0 0 0
2.04453e-78 2.15362e-80 1.25726e-82 5.35234e-85 1.85087e-87 5.50284e-90 1.45611e-92 3.50909e-95 7.82798e-98 1.63601e-100 3.23296e-103 6.08457e-106 1.09697e-108 1.90354e-111 3.19179e-114 5.18868e-117 8.20072e-120 1.2632e-122 1.90033e-125 2.79717e-128 4.03499e-131 5.71241e-134 7.94697e-137 1.08763e-139 1.46591e-142 1.94748e-145 2.55239e-148 3.3026e-151 4.22186e-154 5.33537e-157 6.66948e-160 8.25126e-163 1.0108e-165 1.22666e-168 1.47531e-171 1.7592e-174 2.08055e-177 2.44131e-180 2.84308e-183 3.28705e-186 3.77397e-189 4.30409e-192 4.8771e-195 5.49215e-198 6.14781e-201 6.84204e-204 7.57224e-207 8.33525e-210 9.12736e-213 9.94438e-216 1.07817e-218 1.16342e-221 1.24965e-224 1.33631e-227 1.42281e-230 1.50857e-233 1.59298e-236 1.67546e-239 1.75543e-242 1.83234e-245 1.90565e-248 1.97486e-251 2.03952e-254 2.09921e-257 2.15355e-260 2.20224e-263 2.245e-266 2.28162e-269 2.31195e-272 2.33588e-275 2.35337e-278 2.36442e-281 2.3691e-284 2.36751e-287 2.35979e-290 2.34615e-293 2.32681e-296 2.30204e-299 2.27212e-302 2.23739e-305 2.19817e-308 2.15483e-311 2.10773e-314 2.05724e-317 2.00442e-320 2.47033e-323 0 0 0 0 0 0 0 0 0 0 0 0 0 0 0
1.59604e-81 1.74346e-83 1.05191e-85 4.61613e-88 1.64204e-90 5.01333e-93 1.3603e-95 3.35733e-98 7.66193e-101 1.63662e-103 3.30263e-106 6.34243e-109 1.16597e-111 2.06175e-114 3.52082e-117 5.82594e-120 9.36796e-123 1.4674e-125 2.24389e-128 3.35592e-131 4.9169e-134 7.06756e-137 9.97947e-140 1.38582e-142 1.8946e-145 2.55239e-148 3.39129e-151 4.4474e-154 5.76075e-157 7.375e-160 9.33716e-163 1.1697e-165 1.45064e-168 1.78185e-171 2.16871e-174 2.61652e-177 3.13042e-180 3.71524e-183 4.37543e-186 5.11491e-189 5.93693e-192 6.84403e-195 7.83785e-198 8.91911e-201 1.00875e-203 1.13417e-206 1.26791e-209 1.40962e-212 1.55882e-215 1.71492e-218 1.87723e-221 2.04496e-224 2.21723e-227 2.39307e-230 2.57145e-233 2.75127e-236 2.9314e-239 3.11067e-242 3.28789e-245 3.4619e-248 3.63152e-251 3.79561e-254 3.95309e-257 4.1029e-260 4.24408e-263 4.37572e-266 4.49703e-269 4.60728e-272 4.70586e-275 4.79224e-278 4.86604e-281 4.92695e-284 4.97477e-287 5.00944e-290 5.03096e-293 5.03947e-296 5.03517e-299 5.01837e-302 4.98946e-305 4.94889e-308 4.8972e-311 4.83496e-314 4.76283e-317 4.68177e-320 4.94066e-323 0 0 0 0 0 0 0 0 0 0 0 0 0 0 0 0
1.24593e-84 1.40962e-86 8.78056e-89 3.9683e-91 1.4509e-93 4.54565e-96 1.26392e-98 3.19284e-101 7.45016e-104 1.62562e-106 3.34825e-109 6.5581e-112 1.2288e-114 2.21328e-117 3.84773e-120 6.4783e-123 1.05941e-125 1.68694e-128 2.62121e-131 3.98192e-134 5.9237e-137 8.64254e-140 1.23825e-142 1.74422e-145 2.41813e-148 3.3026e-151 4.4474e-154 5.90978e-157 7.75466e-160 1.00546e-162 1.28897e-165 1.63468e-168 2.05193e-171 2.55057e-174 3.14085e-177 3.83329e-180 4.63848e-183 5.56691e-186 6.62877e-189 7.8337e-192 9.19059e-195 1.07073e-197 1.23907e-200 1.42458e-203 1.62765e-206 1.84846e-209 2.087e-212 2.34307e-215 2.61624e-218 2.90586e-221 3.21106e-224 3.53078e-227 3.8637e-230 4.20835e-233 4.56303e-236 4.92591e-239 5.29498e-242 5.66813e-245 6.04312e-248 6.41766e-251 6.7894e-254 7.15599e-257 7.51507e-260 7.86432e-263 8.2015e-266 8.52444e-269 8.83111e-272 9.11959e-275 9.38813e-278 9.63515e-281 9.85926e-284 1.00593e-286 1.02341e-289 1.03832e-292 1.05057e-295 1.06015e-298 1.06703e-301 1.07122e-304 1.07274e-307 1.07165e-310 1.068e-313 1.06186e-316 1.0533e-319 1.08694e-322 0 0 0 0 0 0 0 0 0 0 0 0 0 0 0 0 0
9.72626e-88 1.13835e-89 7.31336e-92 3.40104e-94 1.27715e-96 4.10319e-99 1.1684e-101 3.01924e-104 7.19947e-107 1.60392e-109 3.37028e-112 6.72975e-115 1.28467e-117 2.35603e-120 4.16817e-123 7.13805e-126 1.18675e-128 1.92035e-131 3.03105e-134 4.67551e-137 7.06024e-140 1.04523e-142 1.5191e-145 2.16999e-148 3.04993e-151 4.22186e-154 5.76075e-157 7.75466e-160 1.03055e-162 1.35299e-165 1.75589e-168 2.25387e-171 2.86293e-174 3.60045e-177 4.48496e-180 5.53605e-183 6.77403e-186 8.21976e-189 9.89424e-192 1.18183e-194 1.40122e-197 1.64953e-200 1.92853e-203 2.23983e-206 2.58482e-209 2.96459e-212 3.37996e-215 3.83139e-218 4.31897e-221 4.84241e-224 5.40099e-227 5.99358e-230 6.6186e-233 7.27407e-236 7.95757e-239 8.66628e-242 9.39702e-245 1.01462e-247 1.09101e-250 1.16844e-253 1.24649e-256 1.32471e-259 1.40262e-262 1.47976e-265 1.55565e-268 1.62983e-271 1.70183e-274 1.7712e-277 1.83753e-280 1.9004e-283 1.95945e-286 2.01432e-289 2.06471e-292 2.11035e-295 2.151e-298 2.18648e-301 2.21662e-304 2.24133e-307 2.26053e-310 2.27419e-313 2.28235e-316 2.285e-319 2.32211e-322 0 0 0 0 0 0 0 0 0 0 0 0 0 0 0 0 0 0
7.59271e-91 9.18264e-93 6.0789e-95 2.90658e-97 1.12021e-99 3.68825e-102 1.07493e-104 2.83988e-107 6.91668e-110 1.57254e-112 3.3696e-115 6.8565e-118 1.33295e-120 2.48813e-123 4.47791e-126 7.79719e-129 1.3175e-131 2.1658e-134 3.47143e-137 5.43579e-140 8.32954e-143 1.25095e-145 1.84377e-148 2.67019e-151 3.80382e-154 5.33537e-157 7.375e-160 1.00546e-162 1.35299e-165 1.79822e-168 2.36201e-171 3.06804e-174 3.94285e-177 5.01581e-180 6.31906e-183 7.88729e-186 9.75751e-189 1.19687e-191 1.45612e-194 1.75766e-197 2.10566e-200 2.50427e-203 2.95755e-206 3.46936e-209 4.0433e-212 4.68264e-215 5.39021e-218 6.16834e-221 7.01879e-224 7.94265e-227 8.94033e-230 1.00115e-232 1.11549e-235 1.23687e-238 1.36499e-241 1.4995e-244 1.63994e-247 1.78578e-250 1.93642e-253 2.09118e-256 2.24931e-259 2.41002e-262 2.57245e-265 2.73572e-268 2.8989e-271 3.06105e-274 3.22123e-277 3.37847e-280 3.53186e-283 3.68045e-286 3.82338e-289 3.95979e-292 4.08889e-295 4.20993e-298 4.32224e-301 4.42522e-304 4.51832e-307 4.6011e-310 4.67317e-313 4.73425e-316 4.78414e-319 4.79244e-322 0 0 0 0 0 0 0 0 0 0 0 0 0 0 0 0 0 0 0
5.92717e-94 7.39957e-96 5.04314e-98 2.47736e-100 9.79266e-103 3.30214e-105 9.84475e-108 2.65774e-110 6.60842e-113 1.53261e-115 3.34746e-118 6.93837e-121 1.37316e-123 2.60792e-126 4.77296e-129 8.44763e-132 1.45024e-134 2.42118e-137 3.93975e-140 6.26063e-143 9.73252e-146 1.48237e-148 2.21515e-151 3.25161e-154 4.69372e-157 6.66948e-160 9.33716e-163 1.28897e-165 1.75589e-168 2.36201e-171 3.13956e-174 4.12583e-177 5.36341e-180 6.90043e-183 8.79055e-186 1.1093e-188 1.38722e-191 1.71978e-194 2.11436e-197 2.57874e-200 3.12099e-203 3.74938e-206 4.47225e-209 5.29791e-212 6.23446e-215 7.28969e-218 8.4709e-221 9.78473e-224 1.1237e-226 1.28327e-229 1.45755e-232 1.64681e-235 1.85115e-238 2.07056e-241 2.30486e-244 2.55371e-247 2.8166e-250 3.09285e-253 3.38164e-256 3.68197e-259 3.99269e-262 4.31249e-265 4.63995e-268 4.97351e-271 5.31151e-274 5.65221e-277 5.99377e-280 6.33433e-283 6.67199e-286 7.00482e-289 7.33091e-292 7.64838e-295 7.95541e-298 8.25022e-301 8.53114e-304 8.79658e-307 9.04508e-310 9.27531e-313 9.48606e-316 9.67623e-319 9.83191e-322 0 0 0 0 0 0 0 0 0 0 0 0 0 0 0 0 0 0 0 0
4.62699e-97 5.95691e-99 4.17631e-101 2.1062e-103 8.53349e-106 2.94541e-108 8.97783e-111 2.47546e-113 6.28101e-116 1.48527e-118 3.3054e-121 6.9762e-124 1.40502e-126 2.71404e-129 5.0496e-132 9.08141e-135 1.58352e-137 2.68411e-140 4.43273e-143 7.1466e-146 1.12679e-148 1.74011e-151 2.63573e-154 3.92058e-157 5.73339e-160 8.25126e-163 1.1697e-165 1.63468e-168 2.25387e-171 3.06804e-174 4.12583e-177 5.48445e-180 7.21049e-183 9.38047e-186 1.20814e-188 1.5411e-191 1.94778e-194 2.44014e-197 3.03114e-200 3.73471e-203 4.56569e-206 5.53962e-209 6.67264e-212 7.98129e-215 9.48227e-218 1.11922e-220 1.31275e-223 1.53038e-226 1.77359e-229 2.04374e-232 2.34203e-235 2.6695e-238 3.02696e-241 3.41499e-244 3.83392e-247 4.28379e-250 4.76432e-253 5.27497e-256 5.81482e-259 6.38265e-262 6.97693e-265 7.59577e-268 8.23699e-271 8.89812e-274 9.57639e-277 1.02688e-279 1.09721e-282 1.16828e-285 1.23974e-288 1.31122e-291 1.38232e-294 1.45267e-297 1.52188e-300 1.58956e-303 1.65533e-306 1.71884e-309 1.77972e-312 1.83764e-315 1.89229e-318 1.94662e-321 0 0 0 0 0 0 0 0 0 0 0 0 0 0 0 0 0 0 0 0 0
3.61201e-100 4.79111e-102 3.45261e-104 1.78639e-106 7.41402e-109 2.61792e-111 8.15417e-114 2.2953e-116 5.94034e-119 1.43171e-121 3.24518e-124 6.97154e-127 1.42836e-129 2.80539e-132 5.30453e-135 9.69083e-138 1.71581e-140 2.952e-143 4.94655e-146 8.08904e-149 1.29321e-151 2.02442e-154 3.10741e-157 4.68281e-160 6.93608e-163 1.0108e-165 1.45064e-168 2.05193e-171 2.86293e-174 3.94285e-177 5.36341e-180 7.21049e-183 9.58561e-186 1.26075e-188 1.64134e-191 2.11603e-194 2.70256e-197 3.4208e-200 4.29274e-203 5.34249e-206 6.59616e-209 8.08179e-212 9.8291e-215 1.18693e-217 1.42347e-220 1.69586e-223 2.00744e-226 2.36156e-229 2.76151e-232 3.21048e-235 3.71146e-238 4.26725e-241 4.88033e-244 5.55287e-247 6.28662e-250 7.08288e-253 7.94245e-256 8.86561e-259 9.85201e-262 1.09007e-264 1.20102e-267 1.31782e-270 1.4402e-273 1.56779e-276 1.70018e-279 1.83691e-282 1.97744e-285 2.12118e-288 2.26751e-291 2.41576e-294 2.5652e-297 2.7151e-300 2.86469e-303 3.01321e-306 3.15986e-309 3.30386e-312 3.44445e-315 3.58085e-318 3.70549e-321 0 0 0 0 0 0 0 0 0 0 0 0 0 0 0 0 0 0 0 0 0 0
