0.999219 0.000195109 9.75609e-05 4.87932e-05 2.44077e-05 1.22118e-05 6.11105e-06 3.0587e-06 1.53124e-06 7.66712e-07 3.83978e-07 1.92337e-07 9.63616e-08 4.82868e-08 2.42011e-08 1.21318e-08 6.08272e-09 3.05037e-09 1.52999e-09 7.67553e-10 3.85131e-10 1.93281e-10 9.70177e-11 4.87072e-11 2.44576e-11 1.22832e-11 6.16998e-12 3.0996e-12 1.55701e-12 7.81412e-13 3.92774e-13
0.000195109 6.98367e-08 3.49264e-08 1.74712e-08 8.74154e-09 4.37472e-09 2.18982e-09 1.09638e-09 5.4905e-10 2.75015e-10 1.37783e-10 6.9044e-11 3.46059e-11 1.73487e-11 8.6991e-12 4.36286e-12 2.18856e-12 1.09808e-12 5.51054e-13 2.76593e-13 1.38859e-13 6.97244e-14 3.50161e-14 1.75868e-14 8.83094e-15 4.42792e-15 2.20632e-15 1.0712e-15 4.63574e-16 8.47526e-17 4.25028e-17
9.75609e-05 3.49264e-08 1.74673e-08 8.73762e-09 4.37178e-09 2.18786e-09 1.09516e-09 5.48316e-10 2.74587e-10 1.37538e-10 6.89066e-11 3.45296e-11 1.73068e-11 8.67623e-12 4.35048e-12 2.18189e-12 1.09451e-12 5.49152e-13 2.75583e-13 1.38324e-13 6.94424e-14 3.48678e-14 1.7509e-14 8.79021e-15 4.40667e-15 2.1953e-15 1.06558e-15 4.60917e-16 8.39149e-17 4.20281e-17 2.10773e-17
4.87932e-05 1.74712e-08 8.73762e-09 4.3708e-09 2.18688e-09 1.09442e-09 5.47827e-10 2.74281e-10 1.37355e-10 6.87997e-11 3.44686e-11 1.72724e-11 8.65717e-12 4.34e-12 2.17618e-12 1.09142e-12 5.47487e-13 2.74692e-13 1.37849e-13 6.91902e-14 3.47343e-14 1.74386e-14 8.75318e-15 4.38727e-15 2.18519e-15 1.06041e-15 4.58443e-16 8.30946e-17 4.16261e-17 2.08484e-17 1.04558e-17
2.44077e-05 8.74154e-09 4.37178e-09 2.18688e-09 1.09418e-09 5.47582e-10 2.74098e-10 1.37233e-10 6.87234e-11 3.44228e-11 1.72457e-11 8.64192e-12 4.33143e-12 2.17142e-12 1.0888e-12 5.46061e-13 2.73919e-13 1.37433e-13 6.89676e-14 3.46156e-14 1.73756e-14 8.71986e-15 4.36971e-15 2.176e-15 1.05568e-15 4.5617e-16 8.23293e-17 4.12327e-17 2.06558e-17 1.03456e-17 5.18862e-18
1.22118e-05 4.37472e-09 2.18786e-09 1.09442e-09 5.47582e-10 2.74037e-10 1.37172e-10 6.86776e-11 3.43923e-11 1.72267e-11 8.63049e-12 4.32477e-12 2.16761e-12 1.08666e-12 5.44872e-13 2.73266e-13 1.37077e-13 6.87747e-14 3.45118e-14 1.732e-14 8.69023e-15 4.354e-15 2.16772e-15 1.0514e-15 4.54103e-16 8.1628e-17 4.08668e-17 2.04675e-17 1.02535e-17 5.13558e-18 2.57571e-18
6.11105e-06 2.18982e-09 1.09516e-09 5.47827e-10 2.74098e-10 1.37172e-10 6.86623e-11 3.4377e-11 1.72152e-11 8.62287e-12 4.32e-12 2.16476e-12 1.08499e-12 5.43921e-13 2.72731e-13 1.3678e-13 6.86115e-14 3.44228e-14 1.72718e-14 8.66431e-15 4.34013e-15 2.16037e-15 1.04758e-15 4.52242e-16 8.09928e-17 4.0533e-17 2.02929e-17 1.01635e-17 5.09162e-18 2.55024e-18 1.27908e-18
3.0587e-06 1.09638e-09 5.48316e-10 2.74281e-10 1.37233e-10 6.86776e-11 3.4377e-11 1.72114e-11 8.61906e-12 4.31715e-12 2.16285e-12 1.0838e-12 5.43208e-13 2.72315e-13 1.36543e-13 6.84779e-14 3.43487e-14 1.7231e-14 8.64209e-15 4.32812e-15 2.15394e-15 1.0442e-15 4.50587e-16 8.04244e-17 4.02322e-17 2.01344e-17 1.00804e-17 5.04874e-18 2.5293e-18 1.26687e-18 6.35413e-19
1.53124e-06 5.4905e-10 2.74587e-10 1.37355e-10 6.87234e-11 3.43923e-11 1.72152e-11 8.61906e-12 4.31619e-12 2.1619e-12 1.08309e-12 5.42732e-13 2.72018e-13 1.36364e-13 6.8374e-14 3.42893e-14 1.71977e-14 8.62358e-15 4.31795e-15 2.14842e-15 1.04127e-15 4.4914e-16 7.99228e-17 3.99647e-17 1.99924e-17 1.00053e-17 5.00929e-18 2.50891e-18 1.25692e-18 6.2957e-19 3.15775e-19
7.66712e-07 2.75015e-10 1.37538e-10 6.87997e-11 3.44228e-11 1.72267e-11 8.62287e-12 4.31715e-12 2.1619e-12 1.08285e-12 5.42494e-13 2.7184e-13 1.36246e-13 6.82998e-14 3.42448e-14 1.71717e-14 8.60876e-15 4.30963e-15 2.14382e-15 1.0388e-15 4.47899e-16 7.94881e-17 3.97307e-17 1.9867e-17 9.93853e-18 4.97385e-18 2.49024e-18 1.24725e-18 6.2486e-19 3.12984e-19 1.56987e-19
3.83978e-07 1.37783e-10 6.89066e-11 3.44686e-11 1.72457e-11 8.63049e-12 4.32e-12 2.16285e-12 1.08309e-12 5.42494e-13 2.71781e-13 1.36186e-13 6.82553e-14 3.42152e-14 1.71532e-14 8.59766e-15 4.30317e-15 2.14015e-15 1.03677e-15 4.46865e-16 7.91202e-17 3.95301e-17 1.97584e-17 9.88004e-18 4.94253e-18 2.47356e-18 1.23844e-18 6.20286e-19 3.1076e-19 1.55657e-19 7.80763e-20
1.92337e-07 6.9044e-11 3.45296e-11 1.72724e-11 8.64192e-12 4.32477e-12 2.16476e-12 1.0838e-12 5.42732e-13 2.7184e-13 1.36186e-13 6.82405e-14 3.42004e-14 1.71421e-14 8.59025e-15 4.29854e-15 2.13739e-15 1.0352e-15 4.46038e-16 7.88193e-17 3.93629e-17 1.96665e-17 9.82991e-18 4.91539e-18 2.45895e-18 1.23062e-18 6.16141e-19 3.08604e-19 1.54611e-19 7.7444e-20 3.88458e-20
9.63616e-08 3.46059e-11 1.73068e-11 8.65717e-12 4.33143e-12 2.16761e-12 1.08499e-12 5.43208e-13 2.72018e-13 1.36246e-13 6.82553e-14 3.42004e-14 1.71384e-14 8.58655e-15 4.29577e-15 2.13555e-15 1.03407e-15 4.45418e-16 7.85852e-17 3.92292e-17 1.95912e-17 9.78813e-18 4.89241e-18 2.44642e-18 1.22384e-18 6.12495e-19 3.06662e-19 1.53598e-19 7.69534e-20 3.85461e-20 1.93349e-20
4.82868e-08 1.73487e-11 8.67623e-12 4.34e-12 2.17142e-12 1.08666e-12 5.43921e-13 2.72315e-13 1.36364e-13 6.82998e-14 3.42152e-14 1.71421e-14 8.58655e-15 4.29485e-15 2.13463e-15 1.03339e-15 4.45004e-16 7.8418e-17 3.91289e-17 1.95327e-17 9.75471e-18 4.87362e-18 2.43598e-18 1.2181e-18 6.09366e-19 3.0497e-19 1.52693e-19 7.64798e-20 3.83171e-20 1.91932e-20 9.62757e-21
2.42011e-08 8.6991e-12 4.35048e-12 2.17618e-12 1.0888e-12 5.44872e-13 2.72731e-13 1.36543e-13 6.8374e-14 3.42448e-14 1.71532e-14 8.59025e-15 4.29577e-15 2.13463e-15 1.03317e-15 4.44797e-16 7.83177e-17 3.9062e-17 1.9491e-17 9.72965e-18 4.859e-18 2.42763e-18 1.2134e-18 6.06757e-19 3.03536e-19 1.51912e-19 7.60597e-20 3.80966e-20 1.90869e-20 9.5608e-21 4.79588e-21
1.21318e-08 4.36286e-12 2.18189e-12 1.09142e-12 5.46061e-13 2.73266e-13 1.3678e-13 6.84779e-14 3.42893e-14 1.71717e-14 8.59766e-15 4.29854e-15 2.13555e-15 1.03339e-15 4.44797e-16 7.82842e-17 3.90286e-17 1.94659e-17 9.71294e-18 4.84855e-18 2.42137e-18 1.20975e-18 6.0467e-19 3.02363e-19 1.5126e-19 7.5702e-20 3.79029e-20 1.89848e-20 9.51173e-21 4.76454e-21 2.39001e-21
6.08272e-09 2.18856e-12 1.09451e-12 5.47487e-13 2.73919e-13 1.37077e-13 6.86115e-14 3.43487e-14 1.71977e-14 8.60876e-15 4.30317e-15 2.13739e-15 1.03407e-15 4.45004e-16 7.83177e-17 3.90286e-17 1.94575e-17 9.70458e-18 4.84229e-18 2.41719e-18 1.20714e-18 6.03104e-19 3.01449e-19 1.50739e-19 7.54089e-20 3.77404e-20 1.88962e-20 9.46477e-21 4.74204e-21 2.37536e-21 1.19155e-21
3.05037e-09 1.09808e-12 5.49152e-13 2.74692e-13 1.37433e-13 6.87747e-14 3.44228e-14 1.7231e-14 8.62358e-15 4.30963e-15 2.14015e-15 1.0352e-15 4.45418e-16 7.8418e-17 3.9062e-17 1.94659e-17 9.70458e-18 4.8402e-18 2.4151e-18 1.20557e-18 6.0206e-19 3.00797e-19 1.50347e-19 7.51807e-20 3.76101e-20 1.88231e-20 9.42451e-21 4.7206e-21 2.36513e-21 1.18473e-21 5.94301e-22
1.52999e-09 5.51054e-13 2.75583e-13 1.37849e-13 6.89676e-14 3.45118e-14 1.72718e-14 8.64209e-15 4.31795e-15 2.14382e-15 1.03677e-15 4.46038e-16 7.85852e-17 3.91289e-17 1.9491e-17 9.71294e-18 4.84229e-18 2.4151e-18 1.20505e-18 6.01539e-19 3.00406e-19 1.50087e-19 7.50178e-20 3.75124e-20 1.87661e-20 9.39204e-21 4.70251e-21 2.35543e-21 1.18013e-21 5.91148e-22 2.96541e-22
7.67553e-10 2.76593e-13 1.38324e-13 6.91902e-14 3.46156e-14 1.732e-14 8.66431e-15 4.32812e-15 2.14842e-15 1.0388e-15 4.46865e-16 7.88193e-17 3.92292e-17 1.95327e-17 9.72965e-18 4.84855e-18 2.41719e-18 1.20557e-18 6.01539e-19 3.00276e-19 1.49956e-19 7.492e-20 3.74472e-20 1.87254e-20 9.36763e-21 4.68831e-21 2.3474e-21 1.17579e-21 5.89101e-22 2.95092e-22 1.4803e-22
3.85131e-10 1.38859e-13 6.94424e-14 3.47343e-14 1.73756e-14 8.69023e-15 4.34013e-15 2.15394e-15 1.04127e-15 4.47899e-16 7.91202e-17 3.93629e-17 1.95912e-17 9.75471e-18 4.859e-18 2.42137e-18 1.20714e-18 6.0206e-19 3.00406e-19 1.49956e-19 7.48874e-20 3.74146e-20 1.87009e-20 9.35135e-21 4.67815e-21 2.34132e-21 1.17228e-21 5.87185e-22 2.94196e-22 1.47369e-22 7.39262e-23
1.93281e-10 6.97244e-14 3.48678e-14 1.74386e-14 8.71986e-15 4.354e-15 2.16037e-15 1.0442e-15 4.4914e-16 7.94881e-17 3.95301e-17 1.96665e-17 9.78813e-18 4.87362e-18 2.42763e-18 1.20975e-18 6.03104e-19 3.00797e-19 1.50087e-19 7.492e-20 3.74146e-20 1.86928e-20 9.3432e-21 4.67204e-21 2.33726e-21 1.16975e-21 5.85688e-22 2.93366e-22 1.46984e-22 7.36277e-23 3.69347e-23
9.70177e-11 3.50161e-14 1.7509e-14 8.75318e-15 4.36971e-15 2.16772e-15 1.04758e-15 4.50587e-16 7.99228e-17 3.97307e-17 1.97584e-17 9.82991e-18 4.89241e-18 2.43598e-18 1.2134e-18 6.0467e-19 3.01449e-19 1.50347e-19 7.50178e-20 3.74472e-20 1.87009e-20 9.3432e-21 4.67001e-21 2.33522e-21 1.16823e-21 5.84677e-22 2.92744e-22 1.46633e-22 7.34672e-23 3.68013e-23 1.84611e-23
4.87072e-11 1.75868e-14 8.79021e-15 4.38727e-15 2.176e-15 1.0514e-15 4.52242e-16 8.04244e-17 3.99647e-17 1.9867e-17 9.88004e-18 4.91539e-18 2.44642e-18 1.2181e-18 6.06757e-19 3.02363e-19 1.50739e-19 7.51807e-20 3.75124e-20 1.87254e-20 9.35135e-21 4.67204e-21 2.33522e-21 1.16772e-21 5.8417e-22 2.92366e-22 1.46386e-22 7.33232e-23 3.6737e-23 1.84023e-23 9.23138e-24
2.44576e-11 8.83094e-15 4.40667e-15 2.18519e-15 1.05568e-15 4.54103e-16 8.09928e-17 4.02322e-17 1.99924e-17 9.93853e-18 4.94253e-18 2.45895e-18 1.22384e-18 6.09366e-19 3.03536e-19 1.5126e-19 7.54089e-20 3.76101e-20 1.87661e-20 9.36763e-21 4.67815e-21 2.33726e-21 1.16823e-21 5.8417e-22 2.9224e-22 1.4626e-22 7.32315e-23 3.66809e-23 1.83781e-23 9.20598e-24 4.61809e-24
1.22832e-11 4.42792e-15 2.1953e-15 1.06041e-15 4.5617e-16 8.1628e-17 4.0533e-17 2.01344e-17 1.00053e-17 4.97385e-18 2.47356e-18 1.23062e-18 6.12495e-19 3.0497e-19 1.51912e-19 7.5702e-20 3.77404e-20 1.88231e-20 9.39204e-21 4.68831e-21 2.34132e-21 1.16975e-21 5.84677e-22 2.92366e-22 1.4626e-22 7.32003e-23 3.66508e-23 1.8358e-23 9.19781e-24 4.60737e-24 2.31123e-24
6.16998e-12 2.20632e-15 1.06558e-15 4.58443e-16 8.23293e-17 4.08668e-17 2.02929e-17 1.00804e-17 5.00929e-18 2.49024e-18 1.23844e-18 6.16141e-19 3.06662e-19 1.52693e-19 7.60597e-20 3.79029e-20 1.88962e-20 9.42451e-21 4.70251e-21 2.3474e-21 1.17228e-21 5.85688e-22 2.92744e-22 1.46386e-22 7.32315e-23 3.66508e-23 1.83507e-23 9.19163e-24 4.60523e-24 2.30684e-24 1.15719e-24
3.0996e-12 1.0712e-15 4.60917e-16 8.30946e-17 4.12327e-17 2.04675e-17 1.01635e-17 5.04874e-18 2.50891e-18 1.24725e-18 6.20286e-19 3.08604e-19 1.53598e-19 7.64798e-20 3.80966e-20 1.89848e-20 9.46477e-21 4.7206e-21 2.35543e-21 1.17579e-21 5.87185e-22 2.93366e-22 1.46633e-22 7.33232e-23 3.66809e-23 1.8358e-23 9.19163e-24 4.60395e-24 2.30668e-24 1.15545e-24 5.79612e-25
1.55701e-12 4.63574e-16 8.39149e-17 4.16261e-17 2.06558e-17 1.02535e-17 5.09162e-18 2.5293e-18 1.25692e-18 6.2486e-19 3.1076e-19 1.54611e-19 7.69534e-20 3.83171e-20 1.90869e-20 9.51173e-21 4.74204e-21 2.36513e-21 1.18013e-21 5.89101e-22 2.94196e-22 1.46984e-22 7.34672e-23 3.6737e-23 1.83781e-23 9.19781e-24 4.60523e-24 2.30668e-24 1.15569e-24 5.78902e-25 2.90393e-25
7.81412e-13 8.47526e-17 4.20281e-17 2.08484e-17 1.03456e-17 5.13558e-18 2.55024e-18 1.26687e-18 6.2957e-19 3.12984e-19 1.55657e-19 7.7444e-20 3.85461e-20 1.91932e-20 9.5608e-21 4.76454e-21 2.37536e-21 1.18473e-21 5.91148e-22 2.95092e-22 1.47369e-22 7.36277e-23 3.68013e-23 1.84023e-23 9.20598e-24 4.60737e-24 2.30684e-24 1.15545e-24 5.78902e-25 2.89979e-25 1.4546e-25
3.92774e-13 4.25028e-17 2.10773e-17 1.04558e-17 5.18862e-18 2.57571e-18 1.27908e-18 6.35413e-19 3.15775e-19 1.56987e-19 7.80763e-20 3.88458e-20 1.93349e-20 9.62757e-21 4.79588e-21 2.39001e-21 1.19155e-21 5.94301e-22 2.96541e-22 1.4803e-22 7.39262e-23 3.69347e-23 1.84611e-23 9.23138e-24 4.61809e-24 2.31123e-24 1.15719e-24 5.79612e-25 2.90393e-25 1.4546e-25 7.29656e-26
