0.637238 0.0626769 0.0323671 0.0178913 0.0102758 0.00600142 0.00351514 0.00204844 0.00118292 0.000675857 0.000381963 0.000213634 0.000118347 6.49971e-05 3.54229e-05 1.9174e-05 1.03163e-05 5.52118e-06 2.94104e-06 1.56016e-06 8.2459e-07 4.34394e-07 2.2817e-07 1.19534e-07 6.24727e-08 3.25788e-08 1.69526e-08 8.79801e-09 4.54346e-09 2.31346e-09 1.19691e-09
0.0626769 0.0101407 0.00528666 0.00279586 0.00147072 0.000764826 0.000393025 0.000199885 0.000100815 5.05233e-05 2.51994e-05 1.25255e-05 6.21092e-06 3.07477e-06 1.52064e-06 7.51596e-07 3.71388e-07 1.83509e-07 9.06864e-08 4.4826e-08 2.21642e-08 1.0963e-08 5.42455e-09 2.68507e-09 1.32941e-09 6.58152e-10 3.25398e-10 1.59961e-10 7.69675e-11 3.41633e-11 1.69574e-11
0.0323671 0.00528666 0.00257415 0.00129131 0.000653852 0.000330925 0.00016678 8.36291e-05 4.17387e-05 2.07518e-05 1.02873e-05 5.08903e-06 2.51396e-06 1.24082e-06 6.12164e-07 3.01976e-07 1.48977e-07 7.35157e-08 3.62909e-08 1.79226e-08 8.85542e-09 4.37748e-09 2.1649e-09 1.07105e-09 5.29918e-10 2.61915e-10 1.28838e-10 6.22605e-11 2.82052e-11 1.3872e-11 6.88796e-12
0.0178913 0.00279586 0.00129131 0.000618722 0.000302123 0.000148747 7.34259e-05 3.62458e-05 1.78754e-05 8.80593e-06 4.3341e-06 2.1319e-06 1.04838e-06 5.15556e-07 2.53594e-07 1.2479e-07 6.14397e-08 3.02677e-08 1.49206e-08 7.36004e-09 3.63291e-09 1.79431e-09 8.86672e-10 4.38258e-10 2.16464e-10 1.06499e-10 5.16305e-11 2.3758e-11 1.17164e-11 5.76272e-12 2.86196e-12
0.0102758 0.00147072 0.000653852 0.000302123 0.000143026 6.86764e-05 3.32383e-05 1.61566e-05 7.87235e-06 3.84146e-06 1.87648e-06 9.17465e-07 4.48974e-07 2.19913e-07 1.07819e-07 5.29125e-08 2.59923e-08 1.27806e-08 6.29016e-09 3.09856e-09 1.52764e-09 7.53691e-10 3.72015e-10 1.83552e-10 9.02853e-11 4.38779e-11 2.04517e-11 1.00831e-11 4.97288e-12 2.44584e-12 1.21473e-12
0.00600142 0.000764826 0.000330925 0.000148747 6.86764e-05 3.22815e-05 1.53529e-05 7.35816e-06 3.54489e-06 1.71413e-06 8.31201e-07 4.03986e-07 1.96737e-07 9.59795e-08 4.69007e-08 2.2953e-08 1.1249e-08 5.52024e-09 2.71227e-09 1.33412e-09 6.56873e-10 3.23649e-10 1.59461e-10 7.83844e-11 3.81606e-11 1.79742e-11 8.85322e-12 4.36492e-12 2.15264e-12 1.05864e-12 5.25722e-13
0.00351514 0.000393025 0.00016678 7.34259e-05 3.32383e-05 1.53529e-05 7.19407e-06 3.40558e-06 1.62414e-06 7.78869e-07 3.75131e-07 1.81312e-07 8.78922e-08 4.27154e-08 2.08065e-08 1.01552e-08 4.9656e-09 2.43202e-09 1.19291e-09 5.85882e-10 2.8804e-10 1.41661e-10 6.95596e-11 3.38989e-11 1.60988e-11 7.92074e-12 3.90129e-12 1.92329e-12 9.48378e-13 4.66317e-13 2.31522e-13
0.00204844 0.000199885 8.36291e-05 3.62458e-05 1.61566e-05 7.35816e-06 3.40558e-06 1.59532e-06 7.54163e-07 3.59034e-07 1.7188e-07 8.26583e-08 3.99018e-08 1.93243e-08 9.38494e-09 4.5691e-09 2.22934e-09 1.08984e-09 5.33679e-10 2.61695e-10 1.28422e-10 6.29642e-11 3.06937e-11 1.46665e-11 7.20731e-12 3.54578e-12 1.74622e-12 8.60711e-13 4.24323e-13 2.08592e-13 1.0353e-13
0.00118292 0.000100815 4.17387e-05 1.78754e-05 7.87235e-06 3.54489e-06 1.62414e-06 7.54163e-07 3.53862e-07 1.67405e-07 7.97197e-08 3.81682e-08 1.83565e-08 8.86203e-09 4.2924e-09 2.08499e-09 1.01528e-09 4.95458e-10 2.42218e-10 1.18556e-10 5.80149e-11 2.82696e-11 1.35659e-11 6.65743e-12 3.27111e-12 1.60901e-12 7.9223e-13 3.9039e-13 1.92403e-13 9.45574e-14 4.6913e-14
0.000675857 5.05233e-05 2.07518e-05 8.80593e-06 3.84146e-06 1.71413e-06 7.78869e-07 3.59034e-07 1.67405e-07 7.87723e-08 3.73417e-08 1.78098e-08 8.53747e-09 4.11022e-09 1.98608e-09 9.62725e-10 4.67943e-10 2.2797e-10 1.11247e-10 5.43087e-11 2.64354e-11 1.27188e-11 6.23203e-12 3.05777e-12 1.5021e-12 7.38672e-13 3.63597e-13 1.79114e-13 8.82467e-14 4.33561e-14 2.15007e-14
0.000381963 2.51994e-05 1.02873e-05 4.3341e-06 1.87648e-06 8.31201e-07 3.75131e-07 1.7188e-07 7.97197e-08 3.73417e-08 1.7633e-08 8.38202e-09 4.0067e-09 1.92426e-09 9.27849e-10 4.48925e-10 2.1783e-10 1.05931e-10 5.15669e-11 2.50577e-11 1.20702e-11 5.90355e-12 2.89193e-12 1.41855e-12 6.96648e-13 3.42477e-13 1.68521e-13 8.29868e-14 4.08712e-14 2.00738e-14 9.95001e-15
0.000213634 1.25255e-05 5.08903e-06 2.1319e-06 9.17465e-07 4.03986e-07 1.81312e-07 8.26583e-08 3.81682e-08 1.78098e-08 8.38202e-09 3.97312e-09 1.89452e-09 9.07923e-10 4.36963e-10 2.11052e-10 1.02227e-10 4.95978e-11 2.40444e-11 1.15812e-11 5.65249e-12 2.76381e-12 1.35346e-12 6.63685e-13 3.25823e-13 1.6012e-13 7.87602e-14 3.87698e-14 1.90868e-14 9.3713e-15 4.64278e-15
0.000118347 6.21092e-06 2.51396e-06 1.04838e-06 4.48974e-07 1.96737e-07 8.78922e-08 3.99018e-08 1.83565e-08 8.53747e-09 4.0067e-09 1.89452e-09 9.01441e-10 4.31186e-10 2.07161e-10 9.98826e-11 4.82722e-11 2.33318e-11 1.12246e-11 5.46512e-12 2.66647e-12 1.30332e-12 6.38015e-13 3.12742e-13 1.53476e-13 7.53943e-14 3.70706e-14 1.82407e-14 8.9765e-15 4.40582e-15 2.18166e-15
6.49971e-05 3.07477e-06 1.24082e-06 5.15556e-07 2.19913e-07 9.59795e-08 4.27154e-08 1.93243e-08 8.86203e-09 4.11022e-09 1.92426e-09 9.07923e-10 4.31186e-10 2.05891e-10 9.87465e-11 4.75074e-11 2.28779e-11 1.09817e-11 5.33186e-12 2.59504e-12 1.26565e-12 6.18379e-13 3.02595e-13 1.48267e-13 7.2732e-14 3.57147e-14 1.75534e-14 8.63367e-15 4.24704e-15 2.08382e-15 1.03134e-15
3.54229e-05 1.52064e-06 6.12164e-07 2.53594e-07 1.07819e-07 4.69007e-08 2.08065e-08 9.38494e-09 4.2924e-09 1.98608e-09 9.27849e-10 4.36963e-10 2.07161e-10 9.87465e-11 4.72574e-11 2.2657e-11 1.08405e-11 5.24629e-12 2.54616e-12 1.23871e-12 6.03887e-13 2.94928e-13 1.44258e-13 7.06549e-14 3.46452e-14 1.70054e-14 8.35453e-15 4.1075e-15 2.01974e-15 9.9066e-16 4.90062e-16
1.9174e-05 7.51596e-07 3.01976e-07 1.2479e-07 5.29125e-08 2.2953e-08 1.01552e-08 4.5691e-09 2.08499e-09 9.62725e-10 4.48925e-10 2.11052e-10 9.98826e-11 4.75074e-11 2.2657e-11 1.07941e-11 5.20445e-12 2.51765e-12 1.22135e-12 5.93929e-13 2.8942e-13 1.41286e-13 6.90775e-14 3.38184e-14 1.65757e-14 8.13272e-15 3.99386e-15 1.96278e-15 9.64756e-16 4.7305e-16 2.33896e-16
1.03163e-05 3.71388e-07 1.48977e-07 6.14397e-08 2.59923e-08 1.1249e-08 4.9656e-09 2.22934e-09 1.01528e-09 4.67943e-10 2.1783e-10 1.02227e-10 4.82722e-11 2.28779e-11 1.08405e-11 5.20445e-12 2.50828e-12 1.21284e-12 5.88104e-13 2.85858e-13 1.39235e-13 6.79402e-14 3.32029e-14 1.62482e-14 7.96056e-15 3.90416e-15 1.9165e-15 9.41486e-16 4.62587e-16 2.26749e-16 1.12062e-16
5.52118e-06 1.83509e-07 7.35157e-08 3.02677e-08 1.27806e-08 5.52024e-09 2.43202e-09 1.08984e-09 4.95458e-10 2.2797e-10 1.05931e-10 4.95978e-11 2.33318e-11 1.09817e-11 5.24629e-12 2.51765e-12 1.21284e-12 5.86186e-13 2.84109e-13 1.38033e-13 6.72025e-14 3.2777e-14 1.60114e-14 7.83205e-15 3.8356e-15 1.88036e-15 9.22677e-16 4.53091e-16 2.22538e-16 1.0905e-16 5.38694e-17
2.94104e-06 9.06864e-08 3.62909e-08 1.49206e-08 6.29016e-09 2.71227e-09 1.19291e-09 5.33679e-10 2.42218e-10 1.11247e-10 5.15669e-11 2.40444e-11 1.12246e-11 5.33186e-12 2.54616e-12 1.22135e-12 5.88104e-13 2.84109e-13 1.37637e-13 6.68397e-14 3.25268e-14 1.58575e-14 7.74296e-15 3.78592e-15 1.85333e-15 9.08216e-16 4.45481e-16 2.18676e-16 1.07365e-16 5.25964e-17 2.59708e-17
1.56016e-06 4.4826e-08 1.79226e-08 7.36004e-09 3.09856e-09 1.33412e-09 5.85882e-10 2.61695e-10 1.18556e-10 5.43087e-11 2.50577e-11 1.15812e-11 5.46512e-12 2.59504e-12 1.23871e-12 5.93929e-13 2.85858e-13 1.38033e-13 6.68397e-14 3.24442e-14 1.57816e-14 7.69053e-15 3.75359e-15 1.83457e-15 8.97724e-16 4.39757e-16 2.1562e-16 1.05804e-16 5.19295e-17 2.54322e-17 1.25526e-17
8.2459e-07 2.21642e-08 8.85542e-09 3.63291e-09 1.52764e-09 6.56873e-10 2.8804e-10 1.28422e-10 5.80149e-11 2.64354e-11 1.20702e-11 5.65249e-12 2.66647e-12 1.26565e-12 6.03887e-13 2.8942e-13 1.39235e-13 6.72025e-14 3.25268e-14 1.57816e-14 7.67322e-15 3.73765e-15 1.82352e-15 8.90893e-16 4.3578e-16 2.13391e-16 1.04591e-16 5.13045e-17 2.51723e-17 1.23247e-17 6.08067e-18
4.34394e-07 1.0963e-08 4.37748e-09 1.79431e-09 7.53691e-10 3.23649e-10 1.41661e-10 6.29642e-11 2.82696e-11 1.27188e-11 5.90355e-12 2.76381e-12 1.30332e-12 6.18379e-13 2.94928e-13 1.41286e-13 6.79402e-14 3.2777e-14 1.58575e-14 7.69053e-15 3.73765e-15 1.81987e-15 8.87524e-16 4.33439e-16 2.11938e-16 1.03743e-16 5.0831e-17 2.49254e-17 1.22256e-17 5.98428e-18 2.95136e-18
2.2817e-07 5.42455e-09 2.1649e-09 8.86672e-10 3.72015e-10 1.59461e-10 6.95596e-11 3.06937e-11 1.35659e-11 6.23203e-12 2.89193e-12 1.35346e-12 6.38015e-13 3.02595e-13 1.44258e-13 6.90775e-14 3.32029e-14 1.60114e-14 7.74296e-15 3.75359e-15 1.82352e-15 8.87524e-16 4.32666e-16 2.11222e-16 1.03244e-16 5.05203e-17 2.47451e-17 1.213e-17 5.94781e-18 2.91066e-18 1.43497e-18
1.19534e-07 2.68507e-09 1.07105e-09 4.38258e-10 1.83552e-10 7.83844e-11 3.38989e-11 1.46665e-11 6.65743e-12 3.05777e-12 1.41855e-12 6.63685e-13 3.12742e-13 1.48267e-13 7.06549e-14 3.38184e-14 1.62482e-14 7.83205e-15 3.78592e-15 1.83457e-15 8.90893e-16 4.33439e-16 2.11222e-16 1.03079e-16 5.0367e-17 2.46378e-17 1.20639e-17 5.91186e-18 2.89796e-18 1.41783e-18 6.98755e-19
6.24727e-08 1.32941e-09 5.29918e-10 2.16464e-10 9.02853e-11 3.81606e-11 1.60988e-11 7.20731e-12 3.27111e-12 1.5021e-12 6.96648e-13 3.25823e-13 1.53476e-13 7.2732e-14 3.46452e-14 1.65757e-14 7.96056e-15 3.8356e-15 1.85333e-15 8.97724e-16 4.3578e-16 2.11938e-16 1.03244e-16 5.0367e-17 2.46024e-17 1.20308e-17 5.88905e-18 2.88505e-18 1.41384e-18 6.91567e-19 3.40715e-19
3.25788e-08 6.58152e-10 2.61915e-10 1.06499e-10 4.38779e-11 1.79742e-11 7.92074e-12 3.54578e-12 1.60901e-12 7.38672e-13 3.42477e-13 1.6012e-13 7.53943e-14 3.57147e-14 1.70054e-14 8.13272e-15 3.90416e-15 1.88036e-15 9.08216e-16 4.39757e-16 2.13391e-16 1.03743e-16 5.05203e-17 2.46378e-17 1.20308e-17 5.88139e-18 2.87807e-18 1.40957e-18 6.90583e-19 3.3772e-19 1.66332e-19
1.69526e-08 3.25398e-10 1.28838e-10 5.16305e-11 2.04517e-11 8.85322e-12 3.90129e-12 1.74622e-12 7.9223e-13 3.63597e-13 1.68521e-13 7.87602e-14 3.70706e-14 1.75534e-14 8.35453e-15 3.99386e-15 1.9165e-15 9.22677e-16 4.45481e-16 2.1562e-16 1.04591e-16 5.0831e-17 2.47451e-17 1.20639e-17 5.88905e-18 2.87807e-18 1.40799e-18 6.89389e-19 3.37662e-19 1.65095e-19 8.12869e-20
8.79801e-09 1.59961e-10 6.22605e-11 2.3758e-11 1.00831e-11 4.36492e-12 1.92329e-12 8.60711e-13 3.9039e-13 1.79114e-13 8.29868e-14 3.87698e-14 1.82407e-14 8.63367e-15 4.1075e-15 1.96278e-15 9.41486e-16 4.53091e-16 2.18676e-16 1.05804e-16 5.13045e-17 2.49254e-17 1.213e-17 5.91186e-18 2.88505e-18 1.40957e-18 6.89389e-19 3.37455e-19 1.65244e-19 8.07777e-20 3.97606e-20
4.54346e-09 7.69675e-11 2.82052e-11 1.17164e-11 4.97288e-12 2.15264e-12 9.48378e-13 4.24323e-13 1.92403e-13 8.82467e-14 4.08712e-14 1.90868e-14 8.9765e-15 4.24704e-15 2.01974e-15 9.64756e-16 4.62587e-16 2.22538e-16 1.07365e-16 5.19295e-17 2.51723e-17 1.22256e-17 5.94781e-18 2.89796e-18 1.41384e-18 6.90583e-19 3.37662e-19 1.65244e-19 8.0898e-20 3.95386e-20 1.94565e-20
2.31346e-09 3.41633e-11 1.3872e-11 5.76272e-12 2.44584e-12 1.05864e-12 4.66317e-13 2.08592e-13 9.45574e-14 4.33561e-14 2.00738e-14 9.3713e-15 4.40582e-15 2.08382e-15 9.9066e-16 4.7305e-16 2.26749e-16 1.0905e-16 5.25964e-17 2.54322e-17 1.23247e-17 5.98428e-18 2.91066e-18 1.41783e-18 6.91567e-19 3.3772e-19 1.65095e-19 8.07777e-20 3.95386e-20 1.93214e-20 9.5058e-21
1.19691e-09 1.69574e-11 6.88796e-12 2.86196e-12 1.21473e-12 5.25722e-13 2.31522e-13 1.0353e-13 4.6913e-14 2.15007e-14 9.95001e-15 4.64278e-15 2.18166e-15 1.03134e-15 4.90062e-16 2.33896e-16 1.12062e-16 5.38694e-17 2.59708e-17 1.25526e-17 6.08067e-18 2.95136e-18 1.43497e-18 6.98755e-19 3.40715e-19 1.66332e-19 8.12869e-20 3.97606e-20 1.94565e-20 9.5058e-21 4.67522e-21
