0.978499 0.00517242 0.00264212 0.00134962 0.0006894 0.000352152 0.000179883 9.18859e-05 4.69362e-05 2.39755e-05 1.22469e-05 6.25583e-06 3.19554e-06 1.63231e-06 8.33801e-07 4.25914e-07 2.17561e-07 1.11132e-07 5.67674e-08 2.89973e-08 1.48121e-08 7.56618e-09 3.86488e-09 1.97422e-09 1.00845e-09 5.15125e-10 2.63131e-10 1.3441e-10 6.86579e-11 3.50711e-11 1.79147e-11 9.15098e-12 4.67441e-12 2.38773e-12 1.21968e-12 6.23023e-13 3.18246e-13 1.62563e-13 8.30389e-14 4.24171e-14 2.1667e-14 1.10677e-14 5.65351e-15 2.88787e-15 1.47515e-15 7.53521e-16 3.84906e-16 1.96614e-16 1.00432e-16 5.13017e-17 2.62054e-17 1.3386e-17 6.83769e-18 3.49276e-18 1.78413e-18 9.11353e-19 4.65528e-19 2.37796e-19 1.21469e-19 6.20473e-20 3.16944e-20 1.61898e-20 8.2699e-21 4.22435e-21 2.15784e-21 1.10224e-21 5.63037e-22 2.87605e-22 1.46911e-22 7.50437e-23 3.8333e-23 1.95809e-23 1.00021e-23 5.10917e-24 2.60982e-24 1.33312e-24 6.8097e-25 3.47846e-25 1.77683e-25 9.07623e-26 4.63623e-26 2.36823e-26 1.20971e-26 6.17934e-27 3.15647e-27 1.61235e-27 8.23606e-28 4.20706e-28 2.14901e-28 1.09773e-28 5.60732e-29 2.86428e-29 1.4631e-29 7.47366e-30 3.81762e-30 1.95008e-30 9.96117e-31 5.08826e-31 2.59913e-31 1.32766e-31 6.78183e-32
0.00517242 8.34599e-05 4.29299e-05 2.20811e-05 1.1357e-05 5.84093e-06 3.00388e-06 1.54477e-06 7.94371e-07 4.08475e-07 2.10033e-07 1.07992e-07 5.55235e-08 2.85459e-08 1.46755e-08 7.5444e-09 3.87827e-09 1.99358e-09 1.02474e-09 5.26715e-10 2.70721e-10 1.39139e-10 7.15094e-11 3.67502e-11 1.8886e-11 9.70521e-12 4.98717e-12 2.56264e-12 1.31676e-12 6.76567e-13 3.47616e-13 1.78597e-13 9.1756e-14 4.7139e-14 2.42165e-14 1.24402e-14 6.39046e-15 3.28263e-15 1.68616e-15 8.66087e-16 4.44848e-16 2.2848e-16 1.17347e-16 6.02674e-17 3.09514e-17 1.58952e-17 8.16281e-18 4.1918e-18 2.15253e-18 1.10532e-18 5.6756e-19 2.91424e-19 1.49633e-19 7.68275e-20 3.94453e-20 2.02518e-20 1.03973e-20 5.33782e-21 2.7403e-21 1.40677e-21 7.22162e-22 3.70712e-22 1.90295e-22 9.76808e-23 5.01395e-23 2.5736e-23 1.32096e-23 6.78003e-24 3.47986e-24 1.786e-24 9.16629e-25 4.7043e-25 2.41427e-25 1.23899e-25 6.35831e-26 3.26291e-26 1.6744e-26 8.59221e-27 4.40901e-27 2.26239e-27 1.16088e-27 5.95657e-28 3.05631e-28 1.56816e-28 8.04586e-29 4.12808e-29 2.11794e-29 1.08661e-29 5.57472e-30 2.85999e-30 1.46723e-30 7.52704e-31 3.86138e-31 1.98085e-31 1.01614e-31 5.21252e-32 2.67383e-32 1.37156e-32 7.03533e-33 3.60868e-33 1.85099e-33
0.00264212 4.29299e-05 2.20859e-05 1.13619e-05 5.84472e-06 3.00647e-06 1.54642e-06 7.95392e-07 4.09085e-07 2.10391e-07 1.08198e-07 5.56409e-08 2.86121e-08 1.47125e-08 7.56493e-09 3.88961e-09 1.99981e-09 1.02814e-09 5.28568e-10 2.71726e-10 1.39683e-10 7.18028e-11 3.69081e-11 1.89708e-11 9.75063e-12 5.01146e-12 2.57561e-12 1.32367e-12 6.80245e-13 3.49571e-13 1.79634e-13 9.23058e-14 4.74301e-14 2.43705e-14 1.25216e-14 6.43342e-15 3.30529e-15 1.6981e-15 8.72377e-16 4.48158e-16 2.30221e-16 1.18262e-16 6.07478e-17 3.12036e-17 1.60275e-17 8.23216e-18 4.22814e-18 2.17157e-18 1.11528e-18 5.72773e-19 2.9415e-19 1.51058e-19 7.75724e-20 3.98344e-20 2.0455e-20 1.05033e-20 5.39317e-21 2.76917e-21 1.42182e-21 7.30009e-22 3.74801e-22 1.92426e-22 9.87904e-23 5.07173e-23 2.60367e-23 1.33662e-23 6.86146e-24 3.52222e-24 1.80803e-24 9.2808e-25 4.76382e-25 2.44521e-25 1.25506e-25 6.44179e-26 3.30627e-26 1.69691e-26 8.70909e-27 4.46968e-27 2.29388e-27 1.17721e-27 6.04132e-28 3.10027e-28 1.59095e-28 8.16408e-29 4.18937e-29 2.14971e-29 1.10307e-29 5.66005e-30 2.90421e-30 1.49014e-30 7.64569e-31 3.92283e-31 2.01267e-31 1.03262e-31 5.29784e-32 2.718e-32 1.39441e-32 7.15364e-33 3.6699e-33 1.88267e-33 9.65798e-34
0.00134962 2.20811e-05 1.13619e-05 5.84598e-06 3.00776e-06 1.54742e-06 7.96072e-07 4.09521e-07 2.10659e-07 1.08358e-07 5.57348e-08 2.86663e-08 1.47434e-08 7.58234e-09 3.89934e-09 2.00521e-09 1.03113e-09 5.30206e-10 2.72622e-10 1.40171e-10 7.20675e-11 3.70513e-11 1.9048e-11 9.7922e-12 5.03378e-12 2.58757e-12 1.33007e-12 6.83659e-13 3.5139e-13 1.80603e-13 9.28205e-14 4.77033e-14 2.45153e-14 1.25983e-14 6.474e-15 3.32674e-15 1.70942e-15 8.7835e-16 4.51306e-16 2.31879e-16 1.19134e-16 6.12067e-17 3.14448e-17 1.61542e-17 8.29866e-18 4.26303e-18 2.18986e-18 1.12487e-18 5.77794e-19 2.96779e-19 1.52434e-19 7.82919e-20 4.02106e-20 2.06515e-20 1.0606e-20 5.4468e-21 2.79717e-21 1.43643e-21 7.37631e-22 3.78776e-22 1.94498e-22 9.98704e-23 5.12799e-23 2.63298e-23 1.35188e-23 6.9409e-24 3.56356e-24 1.82954e-24 9.39272e-25 4.82202e-25 2.47547e-25 1.2708e-25 6.52355e-26 3.34875e-26 1.71898e-26 8.82372e-27 4.5292e-27 2.32478e-27 1.19326e-27 6.12458e-28 3.14347e-28 1.61337e-28 8.28036e-29 4.24968e-29 2.18099e-29 1.11929e-29 5.74411e-30 2.94778e-30 1.51272e-30 7.76271e-31 3.98345e-31 2.04408e-31 1.04889e-31 5.38209e-32 2.76163e-32 1.417e-32 7.27059e-33 3.73044e-33 1.914e-33 9.82014e-34 5.03831e-34
0.0006894 1.1357e-05 5.84472e-06 3.00776e-06 1.54775e-06 7.96412e-07 4.09783e-07 2.10838e-07 1.08473e-07 5.58054e-08 2.87085e-08 1.47681e-08 7.59659e-09 3.90746e-09 2.00979e-09 1.03369e-09 5.31628e-10 2.73406e-10 1.40602e-10 7.23031e-11 3.71796e-11 1.91177e-11 9.82989e-12 5.05412e-12 2.59851e-12 1.33594e-12 6.86808e-13 3.53075e-13 1.81502e-13 9.32999e-14 4.79584e-14 2.46509e-14 1.26703e-14 6.51217e-15 3.34695e-15 1.72012e-15 8.84001e-16 4.5429e-16 2.33453e-16 1.19964e-16 6.16439e-17 3.16749e-17 1.62752e-17 8.36226e-18 4.29644e-18 2.20739e-18 1.13407e-18 5.82619e-19 2.99308e-19 1.53758e-19 7.89854e-20 4.05735e-20 2.08414e-20 1.07053e-20 5.49868e-21 2.82428e-21 1.45059e-21 7.45022e-22 3.82633e-22 1.9651e-22 1.0092e-22 5.18271e-23 2.6615e-23 1.36674e-23 7.01832e-24 3.60388e-24 1.85053e-24 9.50196e-25 4.87887e-25 2.50504e-25 1.28618e-25 6.60353e-26 3.39033e-26 1.7406e-26 8.93602e-27 4.58755e-27 2.35509e-27 1.209e-27 6.20631e-28 3.1859e-28 1.63539e-28 8.39465e-29 4.30897e-29 2.21175e-29 1.13525e-29 5.82686e-30 2.99069e-30 1.53497e-30 7.87803e-31 4.04322e-31 2.07506e-31 1.06494e-31 5.46524e-32 2.8047e-32 1.43931e-32 7.38612e-33 3.79026e-33 1.94498e-33 9.98048e-34 5.12131e-34 2.62786e-34
0.000352152 5.84093e-06 3.00647e-06 1.54742e-06 7.96412e-07 4.0987e-07 2.10927e-07 1.08542e-07 5.58524e-08 2.87386e-08 1.47866e-08 7.60768e-09 3.91396e-09 2.01354e-09 1.03582e-09 5.32832e-10 2.7408e-10 1.40976e-10 7.25097e-11 3.72931e-11 1.91797e-11 9.86368e-12 5.07246e-12 2.60844e-12 1.3413e-12 6.89691e-13 3.54622e-13 1.82332e-13 9.37435e-14 4.81953e-14 2.47772e-14 1.27375e-14 6.5479e-15 3.36592e-15 1.73018e-15 8.89328e-16 4.57108e-16 2.34943e-16 1.20751e-16 6.20589e-17 3.18937e-17 1.63904e-17 8.42293e-18 4.32835e-18 2.22417e-18 1.14288e-18 5.87245e-19 3.01735e-19 1.55031e-19 7.96526e-20 4.09231e-20 2.10244e-20 1.08011e-20 5.54879e-21 2.85048e-21 1.46428e-21 7.52179e-22 3.86371e-22 1.98462e-22 1.01939e-22 5.23586e-23 2.68922e-23 1.38119e-23 7.09366e-24 3.64314e-24 1.87099e-24 9.60848e-25 4.93433e-25 2.53391e-25 1.3012e-25 6.6817e-26 3.43099e-26 1.76174e-26 9.04595e-27 4.64469e-27 2.38479e-27 1.22443e-27 6.28646e-28 3.22753e-28 1.65701e-28 8.50687e-29 4.36723e-29 2.24199e-29 1.15093e-29 5.90826e-30 3.03291e-30 1.55686e-30 7.99158e-31 4.1021e-31 2.10558e-31 1.08076e-31 5.54723e-32 2.84719e-32 1.46133e-32 7.50017e-33 3.84934e-33 1.97557e-33 1.01389e-33 5.20335e-34 2.67034e-34 1.37038e-34
0.000179883 3.00388e-06 1.54642e-06 7.96072e-07 4.09783e-07 2.10927e-07 1.08565e-07 5.58759e-08 2.87567e-08 1.4799e-08 7.61561e-09 3.91884e-09 2.01646e-09 1.03753e-09 5.33819e-10 2.74642e-10 1.41293e-10 7.2687e-11 3.73915e-11 1.92341e-11 9.89355e-12 5.08879e-12 2.61733e-12 1.34613e-12 6.92304e-13 3.56033e-13 1.83091e-13 9.41512e-14 4.84138e-14 2.48941e-14 1.27999e-14 6.58117e-15 3.38363e-15 1.73959e-15 8.94327e-16 4.59759e-16 2.36347e-16 1.21494e-16 6.24516e-17 3.21011e-17 1.64999e-17 8.48063e-18 4.35874e-18 2.24017e-18 1.1513e-18 5.9167e-19 3.0406e-19 1.56252e-19 8.0293e-20 4.12589e-20 2.12005e-20 1.08933e-20 5.5971e-21 2.87576e-21 1.47751e-21 7.59096e-22 3.89987e-22 2.00352e-22 1.02926e-22 5.2874e-23 2.71612e-23 1.39523e-23 7.16688e-24 3.68132e-24 1.89089e-24 9.7122e-25 4.98837e-25 2.56206e-25 1.31586e-25 6.75799e-26 3.4707e-26 1.7824e-26 9.15342e-27 4.70058e-27 2.41385e-27 1.23953e-27 6.36498e-28 3.26833e-28 1.6782e-28 8.61697e-29 4.4244e-29 2.27167e-29 1.16635e-29 5.98825e-30 3.07442e-30 1.5784e-30 8.10332e-31 4.16006e-31 2.13564e-31 1.09634e-31 5.62803e-32 2.88907e-32 1.48304e-32 7.61267e-33 3.90763e-33 2.00578e-33 1.02954e-33 5.28439e-34 2.71231e-34 1.39211e-34 7.14501e-35
9.18859e-05 1.54477e-06 7.95392e-07 4.09521e-07 2.10838e-07 1.08542e-07 5.58759e-08 2.87627e-08 1.48052e-08 7.62037e-09 3.92209e-09 2.01854e-09 1.03882e-09 5.34587e-10 2.75092e-10 1.41553e-10 7.28349e-11 3.7475e-11 1.92808e-11 9.91947e-12 5.1031e-12 2.6252e-12 1.35043e-12 6.94646e-13 3.57304e-13 1.83779e-13 9.45226e-14 4.86138e-14 2.50015e-14 1.28575e-14 6.61196e-15 3.40008e-15 1.74836e-15 8.98995e-16 4.62241e-16 2.37664e-16 1.22193e-16 6.28218e-17 3.22969e-17 1.66034e-17 8.53532e-18 4.3876e-18 2.25539e-18 1.15931e-18 5.9589e-19 3.0628e-19 1.57419e-19 8.09064e-20 4.1581e-20 2.13695e-20 1.0982e-20 5.64357e-21 2.90011e-21 1.49026e-21 7.6577e-22 3.9348e-22 2.02178e-22 1.0388e-22 5.33729e-23 2.74219e-23 1.40884e-23 7.23793e-24 3.7184e-24 1.91023e-24 9.81307e-25 5.04096e-25 2.58947e-25 1.33014e-25 6.83238e-26 3.50943e-26 1.80257e-26 9.25838e-27 4.7552e-27 2.44226e-27 1.25431e-27 6.44182e-28 3.30828e-28 1.69897e-28 8.72488e-29 4.48047e-29 2.3008e-29 1.18147e-29 6.06679e-30 3.1152e-30 1.59957e-30 8.21317e-31 4.21706e-31 2.16521e-31 1.11168e-31 5.7076e-32 2.93033e-32 1.50443e-32 7.72357e-33 3.96512e-33 2.03557e-33 1.04498e-33 5.36438e-34 2.75375e-34 1.41358e-34 7.2562e-35 3.72468e-35
4.69362e-05 7.94371e-07 4.09085e-07 2.10659e-07 1.08473e-07 5.58524e-08 2.87567e-08 1.48052e-08 7.62196e-09 3.92372e-09 2.0198e-09 1.03967e-09 5.35136e-10 2.7543e-10 1.41755e-10 7.29533e-11 3.75433e-11 1.93197e-11 9.94143e-12 5.11539e-12 2.63202e-12 1.3542e-12 6.96717e-13 3.58437e-13 1.84396e-13 9.48576e-14 4.87951e-14 2.50993e-14 1.29102e-14 6.64026e-15 3.41524e-15 1.75647e-15 9.03329e-16 4.64552e-16 2.38895e-16 1.22847e-16 6.31692e-17 3.24812e-17 1.6701e-17 8.58697e-18 4.41491e-18 2.26981e-18 1.16692e-18 5.99904e-19 3.08395e-19 1.58533e-19 8.14922e-20 4.1889e-20 2.15313e-20 1.1067e-20 5.68817e-21 2.92351e-21 1.50253e-21 7.72198e-22 3.96846e-22 2.0394e-22 1.04802e-22 5.38552e-23 2.7674e-23 1.42202e-23 7.30678e-24 3.75435e-24 1.929e-24 9.91103e-25 5.09206e-25 2.61612e-25 1.34403e-25 6.90481e-26 3.54717e-26 1.82223e-26 9.36077e-27 4.80851e-27 2.47001e-27 1.26875e-27 6.51695e-28 3.34736e-28 1.71929e-28 8.83054e-29 4.5354e-29 2.32934e-29 1.1963e-29 6.14384e-30 3.15522e-30 1.62035e-30 8.32107e-31 4.27307e-31 2.19428e-31 1.12677e-31 5.78588e-32 2.97094e-32 1.52549e-32 7.83281e-33 4.02176e-33 2.06494e-33 1.0602e-33 5.44329e-34 2.79464e-34 1.43477e-34 7.36598e-35 3.78155e-35 1.94134e-35
2.39755e-05 4.08475e-07 2.10391e-07 1.08358e-07 5.58054e-08 2.87386e-08 1.4799e-08 7.62037e-09 3.92372e-09 2.02021e-09 1.0401e-09 5.35465e-10 2.75655e-10 1.41899e-10 7.30422e-11 3.75965e-11 1.93509e-11 9.95942e-12 5.12564e-12 2.6378e-12 1.35743e-12 6.98514e-13 3.59429e-13 1.84941e-13 9.51559e-14 4.89576e-14 2.51876e-14 1.29579e-14 6.66604e-15 3.42912e-15 1.76393e-15 9.07326e-16 4.66691e-16 2.40037e-16 1.23456e-16 6.34936e-17 3.26537e-17 1.67926e-17 8.63555e-18 4.44065e-18 2.28343e-18 1.17413e-18 6.03709e-19 3.10403e-19 1.59591e-19 8.20502e-20 4.21828e-20 2.16859e-20 1.11482e-20 5.73088e-21 2.94594e-21 1.5143e-21 7.78374e-22 4.00084e-22 2.05637e-22 1.05691e-22 5.43206e-23 2.79175e-23 1.43476e-23 7.37338e-24 3.78916e-24 1.94719e-24 1.0006e-24 5.14165e-25 2.642e-25 1.35754e-25 6.97524e-26 3.5839e-26 1.84137e-26 9.46054e-27 4.86048e-27 2.49708e-27 1.28285e-27 6.59033e-28 3.38554e-28 1.73916e-28 8.9339e-29 4.58915e-29 2.35729e-29 1.21083e-29 6.21936e-30 3.19446e-30 1.64074e-30 8.42697e-31 4.32807e-31 2.22284e-31 1.1416e-31 5.86283e-32 3.01088e-32 1.54622e-32 7.94033e-33 4.07753e-33 2.09386e-33 1.0752e-33 5.52106e-34 2.83496e-34 1.45567e-34 7.4743e-35 3.83769e-35 1.97043e-35 1.01168e-35
1.22469e-05 2.10033e-07 1.08198e-07 5.57348e-08 2.87085e-08 1.47866e-08 7.61561e-09 3.92209e-09 2.0198e-09 1.0401e-09 5.35575e-10 2.75768e-10 1.41986e-10 7.31015e-11 3.76345e-11 1.93743e-11 9.97342e-12 5.13385e-12 2.64254e-12 1.36013e-12 7.00037e-13 3.60281e-13 1.85415e-13 9.54173e-14 4.91012e-14 2.52662e-14 1.30008e-14 6.68929e-15 3.44171e-15 1.77072e-15 9.10984e-16 4.68656e-16 2.41091e-16 1.2402e-16 6.37947e-17 3.28143e-17 1.68781e-17 8.68103e-18 4.4648e-18 2.29624e-18 1.18092e-18 6.07302e-19 3.12303e-19 1.60595e-19 8.25799e-20 4.24622e-20 2.18331e-20 1.12258e-20 5.77168e-21 2.96739e-21 1.52558e-21 7.84295e-22 4.03192e-22 2.07268e-22 1.06546e-22 5.47686e-23 2.81523e-23 1.44704e-23 7.43769e-24 3.82281e-24 1.96478e-24 1.0098e-24 5.1897e-25 2.6671e-25 1.37064e-25 7.04364e-26 3.61959e-26 1.85999e-26 9.55761e-27 4.91109e-27 2.52345e-27 1.29659e-27 6.6619e-28 3.42282e-28 1.75856e-28 9.03489e-29 4.6417e-29 2.38463e-29 1.22505e-29 6.29329e-30 3.2329e-30 1.66072e-30 8.5308e-31 4.38202e-31 2.25086e-31 1.15615e-31 5.93842e-32 3.05012e-32 1.56659e-32 8.04606e-33 4.1324e-33 2.12233e-33 1.08997e-33 5.59766e-34 2.87469e-34 1.47627e-34 7.5811e-35 3.89305e-35 1.99912e-35 1.02655e-35 5.27125e-36
6.25583e-06 1.07992e-07 5.56409e-08 2.86663e-08 1.47681e-08 7.60768e-09 3.91884e-09 2.01854e-09 1.03967e-09 5.35465e-10 2.75768e-10 1.42015e-10 7.31312e-11 3.76573e-11 1.93899e-11 9.98343e-12 5.14001e-12 2.64623e-12 1.36229e-12 7.01284e-13 3.60992e-13 1.85816e-13 9.56417e-14 4.92259e-14 2.5335e-14 1.30386e-14 6.70999e-15 3.45299e-15 1.77685e-15 9.14301e-16 4.70446e-16 2.42055e-16 1.24538e-16 6.40725e-17 3.29629e-17 1.69575e-17 8.72338e-18 4.48736e-18 2.30824e-18 1.18729e-18 6.10681e-19 3.14093e-19 1.61543e-19 8.30812e-20 4.2727e-20 2.19729e-20 1.12995e-20 5.81054e-21 2.98785e-21 1.53634e-21 7.89958e-22 4.06168e-22 2.08831e-22 1.07367e-22 5.51992e-23 2.8378e-23 1.45888e-23 7.49968e-24 3.85527e-24 1.98177e-24 1.01869e-24 5.23619e-25 2.6914e-25 1.38334e-25 7.10996e-26 3.65422e-26 1.87806e-26 9.65194e-27 4.9603e-27 2.54912e-27 1.30997e-27 6.73163e-28 3.45915e-28 1.77749e-28 9.13345e-29 4.69301e-29 2.41134e-29 1.23895e-29 6.36561e-30 3.27051e-30 1.68028e-30 8.63251e-31 4.43489e-31 2.27834e-31 1.17043e-31 6.01259e-32 3.08865e-32 1.5866e-32 8.14995e-33 4.18634e-33 2.15032e-33 1.1045e-33 5.67305e-34 2.9138e-34 1.49656e-34 7.68632e-35 3.94762e-35 2.02742e-35 1.04122e-35 5.34728e-36 2.7461e-36
3.19554e-06 5.55235e-08 2.86121e-08 1.47434e-08 7.59659e-09 3.91396e-09 2.01646e-09 1.03882e-09 5.35136e-10 2.75655e-10 1.41986e-10 7.31312e-11 3.76649e-11 1.93977e-11 9.98944e-12 5.14411e-12 2.64886e-12 1.36391e-12 7.02254e-13 3.61561e-13 1.86144e-13 9.58289e-14 4.93315e-14 2.53941e-14 1.30714e-14 6.72814e-15 3.46296e-15 1.78231e-15 9.17274e-16 4.72061e-16 2.42929e-16 1.2501e-16 6.43266e-17 3.30995e-17 1.70308e-17 8.76257e-18 4.50829e-18 2.31941e-18 1.19323e-18 6.13845e-19 3.15774e-19 1.62434e-19 8.35536e-20 4.29771e-20 2.21052e-20 1.13694e-20 5.84743e-21 3.00731e-21 1.5466e-21 7.9536e-22 4.09011e-22 2.10326e-22 1.08153e-22 5.5612e-23 2.85947e-23 1.47025e-23 7.55931e-24 3.88652e-24 1.99815e-24 1.02726e-24 5.28107e-25 2.71488e-25 1.39562e-25 7.17417e-26 3.68777e-26 1.89559e-26 9.74348e-27 5.00808e-27 2.57405e-27 1.32298e-27 6.79948e-28 3.49452e-28 1.79593e-28 9.22953e-29 4.74307e-29 2.43741e-29 1.25253e-29 6.43627e-30 3.30729e-30 1.69941e-30 8.73204e-31 4.48665e-31 2.30526e-31 1.18442e-31 6.08532e-32 3.12644e-32 1.60623e-32 8.25195e-33 4.23931e-33 2.17783e-33 1.11878e-33 5.74718e-34 2.95227e-34 1.51652e-34 7.78992e-35 4.00136e-35 2.05529e-35 1.05568e-35 5.42224e-36 2.78496e-36 1.43038e-36
1.63231e-06 2.85459e-08 1.47125e-08 7.58234e-09 3.90746e-09 2.01354e-09 1.03753e-09 5.34587e-10 2.7543e-10 1.41899e-10 7.31015e-11 3.76573e-11 1.93977e-11 9.99144e-12 5.14617e-12 2.65044e-12 1.365e-12 7.02948e-13 3.61988e-13 1.864e-13 9.59788e-14 4.9418e-14 2.54435e-14 1.30993e-14 6.74371e-15 3.47162e-15 1.78709e-15 9.19902e-16 4.73499e-16 2.43713e-16 1.25435e-16 6.45571e-17 3.32239e-17 1.70978e-17 8.79858e-18 4.52761e-18 2.32974e-18 1.19876e-18 6.16791e-19 3.17343e-19 1.63269e-19 8.39969e-20 4.32123e-20 2.22298e-20 1.14354e-20 5.88233e-21 3.02576e-21 1.55634e-21 8.00496e-22 4.11719e-22 2.11752e-22 1.08903e-22 5.60068e-23 2.88023e-23 1.48115e-23 7.61655e-24 3.91656e-24 2.0139e-24 1.03552e-24 5.32433e-25 2.73754e-25 1.40748e-25 7.23622e-26 3.72023e-26 1.91256e-26 9.83216e-27 5.05441e-27 2.59825e-27 1.33561e-27 6.86541e-28 3.52892e-28 1.81387e-28 9.32308e-29 4.79183e-29 2.46282e-29 1.26576e-29 6.50523e-30 3.34319e-30 1.71811e-30 8.82933e-31 4.53728e-31 2.33159e-31 1.19812e-31 6.15655e-32 3.16348e-32 1.62548e-32 8.35199e-33 4.29129e-33 2.20484e-33 1.13281e-33 5.82002e-34 2.99009e-34 1.53616e-34 7.89182e-35 4.05425e-35 2.08273e-35 1.06991e-35 5.49609e-36 2.82326e-36 1.45024e-36 7.44936e-37
8.33801e-07 1.46755e-08 7.56493e-09 3.89934e-09 2.00979e-09 1.03582e-09 5.33819e-10 2.75092e-10 1.41755e-10 7.30422e-11 3.76345e-11 1.93899e-11 9.98944e-12 5.14617e-12 2.65097e-12 1.36554e-12 7.03365e-13 3.62273e-13 1.86582e-13 9.60913e-14 4.94854e-14 2.54829e-14 1.31221e-14 6.7567e-15 3.47895e-15 1.79119e-15 9.22183e-16 4.74759e-16 2.44405e-16 1.25814e-16 6.47637e-17 3.33361e-17 1.71586e-17 8.83139e-18 4.54528e-18 2.33924e-18 1.20385e-18 6.19517e-19 3.18799e-19 1.64046e-19 8.44108e-20 4.34325e-20 2.23468e-20 1.14974e-20 5.91523e-21 3.04317e-21 1.56555e-21 8.05364e-22 4.14289e-22 2.13108e-22 1.09618e-22 5.63833e-23 2.90004e-23 1.49158e-23 7.67135e-24 3.94535e-24 2.02902e-24 1.04345e-24 5.36594e-25 2.75935e-25 1.41891e-25 7.29609e-26 3.75157e-26 1.92896e-26 9.91794e-27 5.09927e-27 2.62169e-27 1.34786e-27 6.92938e-28 3.56232e-28 1.8313e-28 9.41404e-29 4.83928e-29 2.48756e-29 1.27866e-29 6.57245e-30 3.37822e-30 1.73635e-30 8.92434e-31 4.58674e-31 2.35734e-31 1.21152e-31 6.22626e-32 3.19973e-32 1.64434e-32 8.45002e-33 4.34225e-33 2.23132e-33 1.14657e-33 5.89153e-34 3.02724e-34 1.55545e-34 7.99199e-35 4.10625e-35 2.10973e-35 1.08392e-35 5.56879e-36 2.86098e-36 1.46981e-36 7.55086e-37 3.87904e-37
4.25914e-07 7.5444e-09 3.88961e-09 2.00521e-09 1.03369e-09 5.32832e-10 2.74642e-10 1.41553e-10 7.29533e-11 3.75965e-11 1.93743e-11 9.98343e-12 5.14411e-12 2.65044e-12 1.36554e-12 7.03504e-13 3.62416e-13 1.86692e-13 9.61663e-14 4.95335e-14 2.55126e-14 1.31398e-14 6.76711e-15 3.48495e-15 1.79462e-15 9.24115e-16 4.75841e-16 2.45007e-16 1.26147e-16 6.49463e-17 3.3436e-17 1.7213e-17 8.86098e-18 4.5613e-18 2.34789e-18 1.20851e-18 6.22022e-19 3.20143e-19 1.64765e-19 8.47951e-20 4.36375e-20 2.2456e-20 1.15555e-20 5.9461e-21 3.05955e-21 1.57423e-21 8.09962e-22 4.16721e-22 2.14393e-22 1.10297e-22 5.67413e-23 2.91892e-23 1.50152e-23 7.72369e-24 3.97288e-24 2.04349e-24 1.05106e-24 5.40588e-25 2.78031e-25 1.4299e-25 7.35373e-26 3.78177e-26 1.94478e-26 1.00008e-26 5.14261e-27 2.64437e-27 1.35971e-27 6.99135e-28 3.5947e-28 1.84822e-28 9.50236e-29 4.88538e-29 2.51162e-29 1.29121e-29 6.63789e-30 3.41234e-30 1.75413e-30 9.017e-31 4.63501e-31 2.38248e-31 1.22461e-31 6.29439e-32 3.23519e-32 1.66279e-32 8.546e-33 4.39217e-33 2.25728e-33 1.16006e-33 5.96166e-34 3.06368e-34 1.57438e-34 8.09035e-35 4.15734e-35 2.13626e-35 1.0977e-35 5.6403e-36 2.8981e-36 1.48907e-36 7.6508e-37 3.93089e-37 2.0196e-37
2.17561e-07 3.87827e-09 1.99981e-09 1.03113e-09 5.31628e-10 2.7408e-10 1.41293e-10 7.28349e-11 3.75433e-11 1.93509e-11 9.97342e-12 5.14001e-12 2.64886e-12 1.365e-12 7.03365e-13 3.62416e-13 1.86729e-13 9.62039e-14 4.95624e-14 2.55323e-14 1.31525e-14 6.77492e-15 3.48963e-15 1.79736e-15 9.25698e-16 4.76743e-16 2.45516e-16 1.26432e-16 6.51047e-17 3.35236e-17 1.72612e-17 8.88733e-18 4.57566e-18 2.35569e-18 1.21274e-18 6.24304e-19 3.21372e-19 1.65426e-19 8.51496e-20 4.38273e-20 2.25574e-20 1.16096e-20 5.97492e-21 3.07489e-21 1.58238e-21 8.14286e-22 4.19013e-22 2.15607e-22 1.10939e-22 5.70807e-23 2.93684e-23 1.51097e-23 7.77354e-24 3.99914e-24 2.05732e-24 1.05833e-24 5.44412e-25 2.8004e-25 1.44046e-25 7.40911e-26 3.81083e-26 1.96001e-26 1.00806e-26 5.18443e-27 2.66626e-27 1.37117e-27 7.0513e-28 3.62605e-28 1.8646e-28 9.58799e-29 4.93011e-29 2.53498e-29 1.3034e-29 6.70152e-30 3.44553e-30 1.77145e-30 9.10727e-31 4.68206e-31 2.407e-31 1.23738e-31 6.36092e-32 3.26983e-32 1.68082e-32 8.63985e-33 4.441e-33 2.28268e-33 1.17328e-33 6.03038e-34 3.09941e-34 1.59295e-34 8.18687e-35 4.20749e-35 2.16231e-35 1.11123e-35 5.71058e-36 2.93459e-36 1.50801e-36 7.74915e-37 3.98193e-37 2.04609e-37 1.05135e-37
1.11132e-07 1.99358e-09 1.02814e-09 5.30206e-10 2.73406e-10 1.40976e-10 7.2687e-11 3.7475e-11 1.93197e-11 9.95942e-12 5.13385e-12 2.64623e-12 1.36391e-12 7.02948e-13 3.62273e-13 1.86692e-13 9.62039e-14 4.9572e-14 2.55422e-14 1.31601e-14 6.78012e-15 3.49297e-15 1.79941e-15 9.2693e-16 4.77465e-16 2.45933e-16 1.26669e-16 6.5239e-17 3.35988e-17 1.73029e-17 8.91041e-18 4.58836e-18 2.36264e-18 1.21652e-18 6.26362e-19 3.22487e-19 1.66028e-19 8.54739e-20 4.40016e-20 2.26509e-20 1.16597e-20 6.00168e-21 3.08916e-21 1.58999e-21 8.18333e-22 4.21164e-22 2.16748e-22 1.11544e-22 5.74011e-23 2.95379e-23 1.51993e-23 7.82087e-24 4.02411e-24 2.07048e-24 1.06527e-24 5.48064e-25 2.81962e-25 1.45056e-25 7.4622e-26 3.83871e-26 1.97465e-26 1.01574e-26 5.22469e-27 2.68736e-27 1.38223e-27 7.10918e-28 3.65635e-28 1.88045e-28 9.67088e-29 4.97344e-29 2.55762e-29 1.31524e-29 6.7633e-30 3.47778e-30 1.78828e-30 9.19509e-31 4.72787e-31 2.43088e-31 1.24983e-31 6.4258e-32 3.30364e-32 1.69843e-32 8.73155e-33 4.48874e-33 2.30753e-33 1.18621e-33 6.09765e-34 3.1344e-34 1.61115e-34 8.28148e-35 4.25667e-35 2.18787e-35 1.12451e-35 5.7796e-36 2.97044e-36 1.52663e-36 7.84584e-37 4.03213e-37 2.07215e-37 1.06487e-37 5.47224e-38
5.67674e-08 1.02474e-09 5.28568e-10 2.72622e-10 1.40602e-10 7.25097e-11 3.73915e-11 1.92808e-11 9.94143e-12 5.12564e-12 2.64254e-12 1.36229e-12 7.02254e-13 3.61988e-13 1.86582e-13 9.61663e-14 4.95624e-14 2.55422e-14 1.31626e-14 6.78273e-15 3.49498e-15 1.80079e-15 9.2781e-16 4.78008e-16 2.46258e-16 1.2686e-16 6.5349e-17 3.36615e-17 1.73383e-17 8.93023e-18 4.59937e-18 2.36873e-18 1.21987e-18 6.28194e-19 3.23486e-19 1.66571e-19 8.57679e-20 4.41604e-20 2.27365e-20 1.17057e-20 6.02635e-21 3.10238e-21 1.59705e-21 8.22101e-22 4.23172e-22 2.17817e-22 1.12112e-22 5.77025e-23 2.96977e-23 1.5284e-23 7.86564e-24 4.04778e-24 2.08298e-24 1.07186e-24 5.51542e-25 2.83794e-25 1.46021e-25 7.51297e-26 3.86541e-26 1.98868e-26 1.02311e-26 5.26337e-27 2.70766e-27 1.39287e-27 7.16496e-28 3.68557e-28 1.89576e-28 9.75098e-29 5.01535e-29 2.57954e-29 1.3267e-29 6.8232e-30 3.50908e-30 1.80462e-30 9.28041e-31 4.7724e-31 2.45412e-31 1.26195e-31 6.489e-32 3.33659e-32 1.7156e-32 8.82102e-33 4.53535e-33 2.3318e-33 1.19884e-33 6.16343e-34 3.16863e-34 1.62896e-34 8.37414e-35 4.30486e-35 2.21293e-35 1.13754e-35 5.84731e-36 3.00563e-36 1.54492e-36 7.94083e-37 4.08147e-37 2.09777e-37 1.07818e-37 5.5413e-38 2.8479e-38
2.89973e-08 5.26715e-10 2.71726e-10 1.40171e-10 7.23031e-11 3.72931e-11 1.92341e-11 9.91947e-12 5.11539e-12 2.6378e-12 1.36013e-12 7.01284e-13 3.61561e-13 1.864e-13 9.60913e-14 4.95335e-14 2.55323e-14 1.31601e-14 6.78273e-15 3.49565e-15 1.80147e-15 9.28339e-16 4.78369e-16 2.4649e-16 1.27003e-16 6.54345e-17 3.37117e-17 1.73673e-17 8.94676e-18 4.60871e-18 2.37396e-18 1.22278e-18 6.298e-19 3.24369e-19 1.67054e-19 8.60315e-20 4.43036e-20 2.28141e-20 1.17476e-20 6.04894e-21 3.11452e-21 1.60356e-21 8.25589e-22 4.25036e-22 2.18812e-22 1.12642e-22 5.79846e-23 2.98476e-23 1.53635e-23 7.90783e-24 4.07013e-24 2.09481e-24 1.07811e-24 5.54844e-25 2.85537e-25 1.4694e-25 7.56139e-26 3.8909e-26 2.0021e-26 1.03016e-26 5.30045e-27 2.72713e-27 1.40309e-27 7.21861e-28 3.71371e-28 1.91051e-28 9.82825e-29 5.05582e-29 2.60072e-29 1.33778e-29 6.88118e-30 3.53939e-30 1.82046e-30 9.36319e-31 4.81564e-31 2.47669e-31 1.27373e-31 6.55049e-32 3.36866e-32 1.73233e-32 8.90823e-33 4.5808e-33 2.35549e-33 1.21118e-33 6.22769e-34 3.20209e-34 1.64638e-34 8.4648e-35 4.35204e-35 2.23747e-35 1.15031e-35 5.91369e-36 3.04014e-36 1.56286e-36 8.03406e-37 4.12991e-37 2.12294e-37 1.09125e-37 5.6092e-38 2.88316e-38 1.48193e-38
1.48121e-08 2.70721e-10 1.39683e-10 7.20675e-11 3.71796e-11 1.91797e-11 9.89355e-12 5.1031e-12 2.63202e-12 1.35743e-12 7.00037e-13 3.60992e-13 1.86144e-13 9.59788e-14 4.94854e-14 2.55126e-14 1.31525e-14 6.78012e-15 3.49498e-15 1.80147e-15 9.28515e-16 4.7855e-16 2.46629e-16 1.27098e-16 6.54957e-17 3.37494e-17 1.73899e-17 8.96e-18 4.61635e-18 2.37832e-18 1.22524e-18 6.31178e-19 3.25135e-19 1.67478e-19 8.62645e-20 4.44312e-20 2.28836e-20 1.17854e-20 6.06941e-21 3.12558e-21 1.60952e-21 8.28793e-22 4.26755e-22 2.19732e-22 1.13134e-22 5.82473e-23 2.99876e-23 1.5438e-23 7.94742e-24 4.09115e-24 2.10595e-24 1.08402e-24 5.57968e-25 2.87188e-25 1.47812e-25 7.60744e-26 3.91518e-26 2.01489e-26 1.0369e-26 5.33591e-27 2.74578e-27 1.4129e-27 7.2701e-28 3.74074e-28 1.92469e-28 9.90265e-29 5.09482e-29 2.62116e-29 1.34848e-29 6.9372e-30 3.56871e-30 1.8358e-30 9.44338e-31 4.85755e-31 2.49859e-31 1.28517e-31 6.61023e-32 3.39985e-32 1.7486e-32 8.99312e-33 4.62508e-33 2.37857e-33 1.22321e-33 6.2904e-34 3.23476e-34 1.6634e-34 8.5534e-35 4.39816e-35 2.26148e-35 1.1628e-35 5.97869e-36 3.07395e-36 1.58044e-36 8.12548e-37 4.17744e-37 2.14764e-37 1.10409e-37 5.6759e-38 2.91781e-38 1.49993e-38 7.71033e-39
7.56618e-09 1.39139e-10 7.18028e-11 3.70513e-11 1.91177e-11 9.86368e-12 5.08879e-12 2.6252e-12 1.3542e-12 6.98514e-13 3.60281e-13 1.85816e-13 9.58289e-14 4.9418e-14 2.54829e-14 1.31398e-14 6.77492e-15 3.49297e-15 1.80079e-15 9.28339e-16 4.7855e-16 2.46676e-16 1.27146e-16 6.55324e-17 3.37745e-17 1.7406e-17 8.96994e-18 4.6223e-18 2.38181e-18 1.22725e-18 6.32328e-19 3.25785e-19 1.67841e-19 8.64666e-20 4.45429e-20 2.29451e-20 1.18191e-20 6.08776e-21 3.13555e-21 1.61493e-21 8.31713e-22 4.28328e-22 2.20578e-22 1.13588e-22 5.84903e-23 3.01175e-23 1.55074e-23 7.98439e-24 4.11082e-24 2.11641e-24 1.08957e-24 5.60912e-25 2.88748e-25 1.48637e-25 7.65107e-26 3.93823e-26 2.02706e-26 1.04332e-26 5.36973e-27 2.76359e-27 1.42227e-27 7.3194e-28 3.76665e-28 1.9383e-28 9.97412e-29 5.13232e-29 2.64083e-29 1.35879e-29 6.99124e-30 3.59701e-30 1.85062e-30 9.52094e-31 4.89813e-31 2.51981e-31 1.29626e-31 6.66818e-32 3.43012e-32 1.76441e-32 9.07565e-33 4.66815e-33 2.40104e-33 1.23493e-33 6.35151e-34 3.26662e-34 1.68e-34 8.63991e-35 4.44322e-35 2.28495e-35 1.17502e-35 6.04229e-36 3.10705e-36 1.59766e-36 8.21506e-37 4.22403e-37 2.17186e-37 1.11668e-37 5.74136e-38 2.95183e-38 1.5176e-38 7.80217e-39 4.0111e-39
3.86488e-09 7.15094e-11 3.69081e-11 1.9048e-11 9.82989e-12 5.07246e-12 2.61733e-12 1.35043e-12 6.96717e-13 3.59429e-13 1.85415e-13 9.56417e-14 4.93315e-14 2.54435e-14 1.31221e-14 6.76711e-15 3.48963e-15 1.79941e-15 9.2781e-16 4.78369e-16 2.46629e-16 1.27146e-16 6.55447e-17 3.37871e-17 1.74157e-17 8.97657e-18 4.62656e-18 2.38443e-18 1.22882e-18 6.33249e-19 3.26316e-19 1.68145e-19 8.66379e-20 4.46388e-20 2.29985e-20 1.18486e-20 6.10398e-21 3.14443e-21 1.61977e-21 8.34345e-22 4.29754e-22 2.21349e-22 1.14003e-22 5.87137e-23 3.02374e-23 1.55716e-23 8.0187e-24 4.12914e-24 2.12617e-24 1.09477e-24 5.63674e-25 2.90214e-25 1.49415e-25 7.69227e-26 3.96004e-26 2.03859e-26 1.04941e-26 5.40188e-27 2.78055e-27 1.43121e-27 7.36647e-28 3.79143e-28 1.95134e-28 1.00426e-28 5.16832e-29 2.65973e-29 1.36871e-29 7.04327e-30 3.62429e-30 1.86491e-30 9.59582e-31 4.93733e-31 2.54033e-31 1.307e-31 6.72432e-32 3.45947e-32 1.77975e-32 9.15577e-33 4.70999e-33 2.42289e-33 1.24634e-33 6.411e-34 3.29765e-34 1.69618e-34 8.72426e-35 4.48719e-35 2.30786e-35 1.18695e-35 6.10443e-36 3.13941e-36 1.61451e-36 8.30273e-37 4.26965e-37 2.1956e-37 1.12902e-37 5.80555e-38 2.98521e-38 1.53495e-38 7.89234e-39 4.05795e-39 2.0864e-39
1.97422e-09 3.67502e-11 1.89708e-11 9.7922e-12 5.05412e-12 2.60844e-12 1.34613e-12 6.94646e-13 3.58437e-13 1.84941e-13 9.54173e-14 4.92259e-14 2.53941e-14 1.30993e-14 6.7567e-15 3.48495e-15 1.79736e-15 9.2693e-16 4.78008e-16 2.4649e-16 1.27098e-16 6.55324e-17 3.37871e-17 1.74189e-17 8.97988e-18 4.62911e-18 2.38618e-18 1.22995e-18 6.3394e-19 3.2673e-19 1.68388e-19 8.67782e-20 4.47189e-20 2.30436e-20 1.18739e-20 6.11806e-21 3.15221e-21 1.62405e-21 8.36689e-22 4.31033e-22 2.22044e-22 1.1438e-22 5.89171e-23 3.0347e-23 1.56305e-23 8.05035e-24 4.14609e-24 2.13523e-24 1.0996e-24 5.66253e-25 2.91587e-25 1.50145e-25 7.73102e-26 3.98059e-26 2.04948e-26 1.05517e-26 5.43235e-27 2.79665e-27 1.43971e-27 7.4113e-28 3.81506e-28 1.96378e-28 1.01081e-28 5.20278e-29 2.67785e-29 1.37823e-29 7.09326e-30 3.65053e-30 1.87868e-30 9.66797e-31 4.97515e-31 2.56014e-31 1.31737e-31 6.77861e-32 3.48787e-32 1.7946e-32 9.23344e-33 4.75058e-33 2.4441e-33 1.25741e-33 6.46883e-34 3.32783e-34 1.71193e-34 8.80642e-35 4.53003e-35 2.33019e-35 1.19859e-35 6.16511e-36 3.17102e-36 1.63097e-36 8.38845e-37 4.31427e-37 2.21883e-37 1.14111e-37 5.86844e-38 3.01792e-38 1.55196e-38 7.98079e-39 4.10393e-39 2.1103e-39 1.08513e-39
1.00845e-09 1.8886e-11 9.75063e-12 5.03378e-12 2.59851e-12 1.3413e-12 6.92304e-13 3.57304e-13 1.84396e-13 9.51559e-14 4.91012e-14 2.5335e-14 1.30714e-14 6.74371e-15 3.47895e-15 1.79462e-15 9.25698e-16 4.77465e-16 2.46258e-16 1.27003e-16 6.54957e-17 3.37745e-17 1.74157e-17 8.97988e-18 4.62996e-18 2.38705e-18 1.23062e-18 6.34401e-19 3.27026e-19 1.6857e-19 8.68874e-20 4.47829e-20 2.30807e-20 1.1895e-20 6.12998e-21 3.15889e-21 1.62776e-21 8.38743e-22 4.32163e-22 2.22662e-22 1.14717e-22 5.91006e-23 3.04465e-23 1.56843e-23 8.07931e-24 4.16166e-24 2.14359e-24 1.10408e-24 5.68647e-25 2.92865e-25 1.50826e-25 7.76729e-26 3.99987e-26 2.05971e-26 1.0606e-26 5.46113e-27 2.81188e-27 1.44776e-27 7.45386e-28 3.83752e-28 1.97563e-28 1.01706e-28 5.23569e-29 2.69517e-29 1.38735e-29 7.14117e-30 3.6757e-30 1.8919e-30 9.73736e-31 5.01155e-31 2.57923e-31 1.32738e-31 6.83103e-32 3.51532e-32 1.80897e-32 9.30862e-33 4.7899e-33 2.46465e-33 1.26816e-33 6.52497e-34 3.35716e-34 1.72724e-34 8.88634e-35 4.57174e-35 2.35195e-35 1.20994e-35 6.22427e-36 3.20185e-36 1.64704e-36 8.47218e-37 4.35789e-37 2.24154e-37 1.15294e-37 5.92999e-38 3.04995e-38 1.56863e-38 8.06748e-39 4.14902e-39 2.13375e-39 1.09731e-39 5.64298e-40
5.15125e-10 9.70521e-12 5.01146e-12 2.58757e-12 1.33594e-12 6.89691e-13 3.56033e-13 1.83779e-13 9.48576e-14 4.89576e-14 2.52662e-14 1.30386e-14 6.72814e-15 3.47162e-15 1.79119e-15 9.24115e-16 4.76743e-16 2.45933e-16 1.2686e-16 6.54345e-17 3.37494e-17 1.7406e-17 8.97657e-18 4.62911e-18 2.38705e-18 1.23084e-18 6.34632e-19 3.27204e-19 1.68692e-19 8.69654e-20 4.4831e-20 2.31095e-20 1.19119e-20 6.13975e-21 3.16447e-21 1.63091e-21 8.40506e-22 4.33143e-22 2.23205e-22 1.15015e-22 5.92639e-23 3.05356e-23 1.57327e-23 8.10556e-24 4.17585e-24 2.15124e-24 1.10819e-24 5.70854e-25 2.94048e-25 1.51459e-25 7.80105e-26 4.01787e-26 2.0693e-26 1.0657e-26 5.48818e-27 2.82623e-27 1.45536e-27 7.49412e-28 3.85881e-28 1.98688e-28 1.023e-28 5.26702e-29 2.71169e-29 1.39605e-29 7.18698e-30 3.6998e-30 1.90457e-30 9.80396e-31 5.04652e-31 2.59759e-31 1.33701e-31 6.88153e-32 3.54179e-32 1.82284e-32 9.38125e-33 4.82793e-33 2.48455e-33 1.27856e-33 6.57939e-34 3.3856e-34 1.74211e-34 8.96398e-35 4.61228e-35 2.37311e-35 1.22098e-35 6.28189e-36 3.23191e-36 1.66271e-36 8.55387e-37 4.40046e-37 2.26372e-37 1.16449e-37 5.99017e-38 3.08128e-38 1.58494e-38 8.15237e-39 4.19319e-39 2.15673e-39 1.10927e-39 5.70514e-40 2.93418e-40
2.63131e-10 4.98717e-12 2.57561e-12 1.33007e-12 6.86808e-13 3.54622e-13 1.83091e-13 9.45226e-14 4.87951e-14 2.51876e-14 1.30008e-14 6.70999e-15 3.46296e-15 1.78709e-15 9.22183e-16 4.75841e-16 2.45516e-16 1.26669e-16 6.5349e-17 3.37117e-17 1.73899e-17 8.96994e-18 4.62656e-18 2.38618e-18 1.23062e-18 6.34632e-19 3.27263e-19 1.68752e-19 8.70123e-20 4.48631e-20 2.31301e-20 1.19246e-20 6.14735e-21 3.16893e-21 1.63349e-21 8.41976e-22 4.33974e-22 2.2367e-22 1.15274e-22 5.94071e-23 3.06143e-23 1.57758e-23 8.12909e-24 4.18864e-24 2.15817e-24 1.11194e-24 5.72874e-25 2.95134e-25 1.52042e-25 7.8323e-26 4.03458e-26 2.07822e-26 1.07045e-26 5.51351e-27 2.8397e-27 1.46252e-27 7.53205e-28 3.87892e-28 1.99753e-28 1.02863e-28 5.29677e-29 2.7274e-29 1.40433e-29 7.23067e-30 3.72282e-30 1.91669e-30 9.86771e-31 5.08005e-31 2.6152e-31 1.34626e-31 6.93011e-32 3.56728e-32 1.8362e-32 9.45131e-33 4.86463e-33 2.50378e-33 1.28863e-33 6.63206e-34 3.41315e-34 1.75651e-34 9.03929e-35 4.65163e-35 2.39367e-35 1.23172e-35 6.33794e-36 3.26116e-36 1.67797e-36 8.63348e-37 4.44197e-37 2.28536e-37 1.17577e-37 6.04894e-38 3.1119e-38 1.60089e-38 8.2354e-39 4.23642e-39 2.17923e-39 1.12097e-39 5.76605e-40 2.96586e-40 1.5255e-40
1.3441e-10 2.56264e-12 1.32367e-12 6.83659e-13 3.53075e-13 1.82332e-13 9.41512e-14 4.86138e-14 2.50993e-14 1.29579e-14 6.68929e-15 3.45299e-15 1.78231e-15 9.19902e-16 4.74759e-16 2.45007e-16 1.26432e-16 6.5239e-17 3.36615e-17 1.73673e-17 8.96e-18 4.6223e-18 2.38443e-18 1.22995e-18 6.34401e-19 3.27204e-19 1.68752e-19 8.70279e-20 4.48792e-20 2.31424e-20 1.1933e-20 6.15278e-21 3.17228e-21 1.6355e-21 8.43154e-22 4.34654e-22 2.24058e-22 1.15494e-22 5.95299e-23 3.06827e-23 1.58136e-23 8.14989e-24 4.20003e-24 2.16439e-24 1.11532e-24 5.74706e-25 2.96124e-25 1.52575e-25 7.86101e-26 4.04999e-26 2.08648e-26 1.07487e-26 5.53709e-27 2.85227e-27 1.46921e-27 7.56765e-28 3.89782e-28 2.00756e-28 1.03395e-28 5.32491e-29 2.74228e-29 1.4122e-29 7.2722e-30 3.74473e-30 1.92824e-30 9.92858e-31 5.1121e-31 2.63207e-31 1.35513e-31 6.97671e-32 3.59176e-32 1.84906e-32 9.51875e-33 4.90001e-33 2.52232e-33 1.29835e-33 6.68294e-34 3.4398e-34 1.77046e-34 9.11224e-35 4.68978e-35 2.41361e-35 1.24214e-35 6.39238e-36 3.28959e-36 1.69282e-36 8.71096e-37 4.4824e-37 2.30645e-37 1.18677e-37 6.10628e-38 3.14178e-38 1.61646e-38 8.31654e-39 4.27868e-39 2.20123e-39 1.13243e-39 5.82568e-40 2.9969e-40 1.54165e-40 7.93031e-41
6.86579e-11 1.31676e-12 6.80245e-13 3.5139e-13 1.81502e-13 9.37435e-14 4.84138e-14 2.50015e-14 1.29102e-14 6.66604e-15 3.44171e-15 1.77685e-15 9.17274e-16 4.73499e-16 2.44405e-16 1.26147e-16 6.51047e-17 3.35988e-17 1.73383e-17 8.94676e-18 4.61635e-18 2.38181e-18 1.22882e-18 6.3394e-19 3.27026e-19 1.68692e-19 8.70123e-20 4.48792e-20 2.31465e-20 1.19373e-20 6.15605e-21 3.17451e-21 1.63693e-21 8.44038e-22 4.35184e-22 2.24369e-22 1.15673e-22 5.96324e-23 3.07406e-23 1.58461e-23 8.16794e-24 4.21001e-24 2.16988e-24 1.11833e-24 5.76347e-25 2.97017e-25 1.53059e-25 7.88716e-26 4.06409e-26 2.09406e-26 1.07894e-26 5.55891e-27 2.86394e-27 1.47544e-27 7.60088e-28 3.91552e-28 2.01697e-28 1.03894e-28 5.35143e-29 2.75633e-29 1.41964e-29 7.31156e-30 3.76554e-30 1.93923e-30 9.98655e-31 5.14266e-31 2.64817e-31 1.36361e-31 7.02134e-32 3.61523e-32 1.86139e-32 9.58354e-33 4.93402e-33 2.54017e-33 1.30771e-33 6.73203e-34 3.46552e-34 1.78393e-34 9.18277e-35 4.7267e-35 2.43293e-35 1.25224e-35 6.44519e-36 3.31719e-36 1.70724e-36 8.78627e-37 4.52172e-37 2.32697e-37 1.19748e-37 6.16215e-38 3.17092e-38 1.63165e-38 8.39574e-39 4.31995e-39 2.22274e-39 1.14363e-39 5.88401e-40 3.02727e-40 1.55746e-40 8.01259e-41 4.1221e-41
3.50711e-11 6.76567e-13 3.49571e-13 1.80603e-13 9.32999e-14 4.81953e-14 2.48941e-14 1.28575e-14 6.64026e-15 3.42912e-15 1.77072e-15 9.14301e-16 4.72061e-16 2.43713e-16 1.25814e-16 6.49463e-17 3.35236e-17 1.73029e-17 8.93023e-18 4.60871e-18 2.37832e-18 1.22725e-18 6.33249e-19 3.2673e-19 1.6857e-19 8.69654e-20 4.48631e-20 2.31424e-20 1.19373e-20 6.15713e-21 3.17563e-21 1.63779e-21 8.44627e-22 4.35563e-22 2.24602e-22 1.15813e-22 5.97145e-23 3.0788e-23 1.58731e-23 8.18323e-24 4.21858e-24 2.17465e-24 1.12096e-24 5.77798e-25 2.97812e-25 1.53493e-25 7.91074e-26 4.07688e-26 2.10097e-26 1.08267e-26 5.57895e-27 2.8747e-27 1.48121e-27 7.63172e-28 3.93199e-28 2.02575e-28 1.04362e-28 5.3763e-29 2.76955e-29 1.42665e-29 7.34873e-30 3.78521e-30 1.94964e-30 1.00416e-30 5.17172e-31 2.66351e-31 1.3717e-31 7.06394e-32 3.63766e-32 1.8732e-32 9.64564e-33 4.96666e-33 2.55731e-33 1.31671e-33 6.77927e-34 3.4903e-34 1.79692e-34 9.25087e-35 4.76237e-35 2.45161e-35 1.26202e-35 6.49634e-36 3.34394e-36 1.72122e-36 8.85938e-37 4.55992e-37 2.34692e-37 1.2079e-37 6.21653e-38 3.1993e-38 1.64646e-38 8.47296e-39 4.36022e-39 2.24373e-39 1.15457e-39 5.94101e-40 3.05696e-40 1.57292e-40 8.09311e-41 4.16402e-41 2.14239e-41
1.79147e-11 3.47616e-13 1.79634e-13 9.28205e-14 4.79584e-14 2.47772e-14 1.27999e-14 6.61196e-15 3.41524e-15 1.76393e-15 9.10984e-16 4.70446e-16 2.42929e-16 1.25435e-16 6.47637e-17 3.3436e-17 1.72612e-17 8.91041e-18 4.59937e-18 2.37396e-18 1.22524e-18 6.32328e-19 3.26316e-19 1.68388e-19 8.68874e-20 4.4831e-20 2.31301e-20 1.1933e-20 6.15605e-21 3.17563e-21 1.63808e-21 8.44922e-22 4.3579e-22 2.24758e-22 1.15913e-22 5.97761e-23 3.08249e-23 1.58948e-23 8.19575e-24 4.22573e-24 2.17869e-24 1.12323e-24 5.79057e-25 2.98508e-25 1.53876e-25 7.93173e-26 4.08833e-26 2.1072e-26 1.08605e-26 5.59721e-27 2.88455e-27 1.48651e-27 7.66017e-28 3.94723e-28 2.0339e-28 1.04798e-28 5.39953e-29 2.78192e-29 1.43323e-29 7.38367e-30 3.80376e-30 1.95947e-30 1.00936e-30 5.19926e-31 2.67806e-31 1.37938e-31 7.10451e-32 3.65906e-32 1.88447e-32 9.70501e-33 4.9979e-33 2.57375e-33 1.32535e-33 6.82466e-34 3.51413e-34 1.80943e-34 9.31648e-35 4.79677e-35 2.46964e-35 1.27146e-35 6.5458e-36 3.36983e-36 1.73477e-36 8.93023e-37 4.59697e-37 2.36629e-37 1.21801e-37 6.26939e-38 3.2269e-38 1.66087e-38 8.54815e-39 4.39945e-39 2.26419e-39 1.16524e-39 5.99665e-40 3.08595e-40 1.58803e-40 8.17182e-41 4.20501e-41 2.16374e-41 1.11335e-41
9.15098e-12 1.78597e-13 9.23058e-14 4.77033e-14 2.46509e-14 1.27375e-14 6.58117e-15 3.40008e-15 1.75647e-15 9.07326e-16 4.68656e-16 2.42055e-16 1.2501e-16 6.45571e-17 3.33361e-17 1.7213e-17 8.88733e-18 4.58836e-18 2.36873e-18 1.22278e-18 6.31178e-19 3.25785e-19 1.68145e-19 8.67782e-20 4.47829e-20 2.31095e-20 1.19246e-20 6.15278e-21 3.17451e-21 1.63779e-21 8.44922e-22 4.35865e-22 2.24836e-22 1.15973e-22 5.98172e-23 3.08513e-23 1.59111e-23 8.2055e-24 4.23145e-24 2.18199e-24 1.12512e-24 5.80124e-25 2.99106e-25 1.54209e-25 7.95013e-26 4.09846e-26 2.11275e-26 1.08907e-26 5.61368e-27 2.89348e-27 1.49133e-27 7.6862e-28 3.96124e-28 2.04142e-28 1.05201e-28 5.42109e-29 2.79343e-29 1.43937e-29 7.41638e-30 3.82115e-30 1.96871e-30 1.01427e-30 5.22526e-31 2.69183e-31 1.38667e-31 7.14302e-32 3.6794e-32 1.89521e-32 9.76162e-33 5.02774e-33 2.58946e-33 1.33362e-33 6.86815e-34 3.537e-34 1.82144e-34 9.37957e-35 4.82988e-35 2.48701e-35 1.28057e-35 6.59354e-36 3.39485e-36 1.74787e-36 8.9988e-37 4.63285e-37 2.38506e-37 1.22783e-37 6.32069e-38 3.25371e-38 1.67487e-38 8.62129e-39 4.43763e-39 2.28412e-39 1.17564e-39 6.05088e-40 3.11424e-40 1.60278e-40 8.24869e-41 4.24507e-41 2.18461e-41 1.12422e-41 5.78522e-42
4.67441e-12 9.1756e-14 4.74301e-14 2.45153e-14 1.26703e-14 6.5479e-15 3.38363e-15 1.74836e-15 9.03329e-16 4.66691e-16 2.41091e-16 1.24538e-16 6.43266e-17 3.32239e-17 1.71586e-17 8.86098e-18 4.57566e-18 2.36264e-18 1.21987e-18 6.298e-19 3.25135e-19 1.67841e-19 8.66379e-20 4.47189e-20 2.30807e-20 1.19119e-20 6.14735e-21 3.17228e-21 1.63693e-21 8.44627e-22 4.3579e-22 2.24836e-22 1.15993e-22 5.98377e-23 3.08671e-23 1.59219e-23 8.21246e-24 4.23575e-24 2.18457e-24 1.12663e-24 5.80997e-25 2.99604e-25 1.54491e-25 7.96592e-26 4.10725e-26 2.11761e-26 1.09175e-26 5.62834e-27 2.90148e-27 1.49568e-27 7.70979e-28 3.974e-28 2.0483e-28 1.05571e-28 5.44097e-29 2.80409e-29 1.44507e-29 7.44683e-30 3.83739e-30 1.97736e-30 1.01887e-30 5.2497e-31 2.7048e-31 1.39354e-31 7.17944e-32 3.69867e-32 1.9054e-32 9.81544e-33 5.05614e-33 2.60444e-33 1.34151e-33 6.90974e-34 3.55889e-34 1.83296e-34 9.4401e-35 4.86169e-35 2.50371e-35 1.28934e-35 6.63954e-36 3.41897e-36 1.76051e-36 9.06505e-37 4.66754e-37 2.40322e-37 1.23733e-37 6.37041e-38 3.27971e-38 1.68846e-38 8.69232e-39 4.47474e-39 2.3035e-39 1.18576e-39 6.1037e-40 3.1418e-40 1.61716e-40 8.32367e-41 4.28417e-41 2.20499e-41 1.13484e-41 5.84055e-42 3.00581e-42
