0.996899 0.000383384 0.000288133 0.000216547 0.000162747 0.000122313 9.19245e-05 6.90861e-05 5.19219e-05 3.9022e-05 2.93271e-05 2.20409e-05 1.65649e-05 1.24494e-05 9.35637e-06 7.03181e-06 5.28477e-06 3.97179e-06 2.98501e-06 2.24339e-06 1.68603e-06 1.26714e-06 9.52321e-07 7.15719e-07 5.37901e-07 4.04261e-07 3.03823e-07 2.28339e-07 1.71609e-07 1.28973e-07 9.69302e-08 7.28482e-08 5.47493e-08 4.1147e-08 3.09241e-08 2.32411e-08 1.74669e-08 1.31273e-08 9.86587e-09 7.41472e-09 5.57255e-09 4.18807e-09 3.14755e-09 2.36555e-09 1.77784e-09 1.33614e-09 1.00418e-09 7.54694e-10 5.67192e-10 4.26275e-10 3.20368e-10 2.40773e-10 1.80954e-10 1.35996e-10 1.02209e-10 7.68151e-11 5.77306e-11 4.33876e-11 3.26081e-11 2.45067e-11 1.84181e-11 1.38422e-11 1.04031e-11 7.81848e-12 5.876e-12 4.41613e-12 3.31895e-12 2.49437e-12 1.87465e-12 1.4089e-12 1.05886e-12 7.9579e-13 5.98078e-13 4.49487e-13 3.37813e-13 2.53885e-13 1.90808e-13 1.43402e-13 1.07774e-13 8.0998e-14 6.08743e-14 4.57502e-14 3.43837e-14 2.58412e-14 1.9421e-14 1.45959e-14 1.09696e-14 8.24424e-15 6.19598e-15 4.65661e-15 3.49968e-15 2.6302e-15 1.97673e-15 1.48562e-15 1.11652e-15 8.39124e-16 6.30646e-16 4.73964e-16 3.56209e-16 2.6771e-16 2.01198e-16
0.000383384 8.91738e-07 6.70648e-07 5.04373e-07 3.79323e-07 2.85277e-07 2.14547e-07 1.61354e-07 1.21349e-07 9.12626e-08 6.86355e-08 5.16184e-08 3.88204e-08 2.91955e-08 2.19569e-08 1.6513e-08 1.24188e-08 9.33975e-09 7.02408e-09 5.28255e-09 3.97281e-09 2.9878e-09 2.24701e-09 1.68989e-09 1.2709e-09 9.55796e-10 7.18816e-10 5.40593e-10 4.06558e-10 3.05756e-10 2.29947e-10 1.72933e-10 1.30056e-10 9.78098e-11 7.35586e-11 5.53203e-11 4.1604e-11 3.12886e-11 2.35308e-11 1.76965e-11 1.33087e-11 1.00089e-11 7.52725e-12 5.66091e-12 4.25731e-12 3.20173e-12 2.40787e-12 1.81085e-12 1.36185e-12 1.02419e-12 7.70242e-13 5.79262e-13 4.35635e-13 3.2762e-13 2.46387e-13 1.85296e-13 1.39352e-13 1.04799e-13 7.88144e-14 5.92723e-14 4.45757e-14 3.35231e-14 2.5211e-14 1.89599e-14 1.42587e-14 1.07233e-14 8.06439e-15 6.0648e-15 4.56101e-15 3.43009e-15 2.57959e-15 1.93997e-15 1.45894e-15 1.09719e-15 8.25136e-16 6.20539e-16 4.66673e-16 3.50958e-16 2.63936e-16 1.98491e-16 1.49274e-16 1.1226e-16 8.44244e-17 6.34907e-17 4.77476e-17 3.59082e-17 2.70044e-17 2.03084e-17 1.52727e-17 1.14857e-17 8.63771e-18 6.4959e-18 4.88517e-18 3.67383e-18 2.76286e-18 2.07778e-18 1.56257e-18 1.17511e-18 8.83725e-19 6.64594e-19 4.99799e-19
0.000288133 6.70648e-07 5.04375e-07 3.79325e-07 2.85279e-07 2.14549e-07 1.61356e-07 1.21351e-07 9.12639e-08 6.86367e-08 5.16194e-08 3.88212e-08 2.91962e-08 2.19574e-08 1.65134e-08 1.24192e-08 9.34005e-09 7.02432e-09 5.28274e-09 3.97296e-09 2.98792e-09 2.24711e-09 1.68997e-09 1.27096e-09 9.55842e-10 7.18853e-10 5.40622e-10 4.06581e-10 3.05774e-10 2.2996e-10 1.72944e-10 1.30064e-10 9.78161e-11 7.35635e-11 5.53241e-11 4.1607e-11 3.12909e-11 2.35326e-11 1.76978e-11 1.33098e-11 1.00097e-11 7.52788e-12 5.66139e-12 4.25768e-12 3.20202e-12 2.40809e-12 1.81102e-12 1.36199e-12 1.02429e-12 7.70319e-13 5.79321e-13 4.35681e-13 3.27655e-13 2.46414e-13 1.85316e-13 1.39367e-13 1.04811e-13 7.88236e-14 5.92793e-14 4.45811e-14 3.35272e-14 2.52141e-14 1.89623e-14 1.42606e-14 1.07247e-14 8.06546e-15 6.06562e-15 4.56164e-15 3.43057e-15 2.57995e-15 1.94024e-15 1.45915e-15 1.09735e-15 8.2526e-16 6.20633e-16 4.66744e-16 3.51013e-16 2.63977e-16 1.98523e-16 1.49298e-16 1.12279e-16 8.44384e-17 6.35013e-17 4.77557e-17 3.59143e-17 2.70091e-17 2.0312e-17 1.52755e-17 1.14878e-17 8.63928e-18 6.49709e-18 4.88607e-18 3.67452e-18 2.76339e-18 2.07818e-18 1.56287e-18 1.17534e-18 8.839e-19 6.64727e-19 4.999e-19 3.75943e-19
0.000216547 5.04373e-07 3.79325e-07 2.85279e-07 2.1455e-07 1.61357e-07 1.21352e-07 9.12649e-08 6.86375e-08 5.16202e-08 3.88219e-08 2.91967e-08 2.19579e-08 1.65138e-08 1.24195e-08 9.3403e-09 7.02453e-09 5.28291e-09 3.9731e-09 2.98803e-09 2.24719e-09 1.69003e-09 1.27101e-09 9.55884e-10 7.18886e-10 5.40648e-10 4.06601e-10 3.0579e-10 2.29973e-10 1.72954e-10 1.30072e-10 9.78221e-11 7.35682e-11 5.53277e-11 4.16098e-11 3.12931e-11 2.35342e-11 1.76991e-11 1.33108e-11 1.00105e-11 7.52848e-12 5.66185e-12 4.25804e-12 3.20229e-12 2.4083e-12 1.81118e-12 1.36211e-12 1.02438e-12 7.70393e-13 5.79378e-13 4.35724e-13 3.27688e-13 2.46439e-13 1.85336e-13 1.39382e-13 1.04823e-13 7.88324e-14 5.92861e-14 4.45863e-14 3.35312e-14 2.52172e-14 1.89646e-14 1.42624e-14 1.0726e-14 8.0665e-15 6.06641e-15 4.56224e-15 3.43103e-15 2.5803e-15 1.94051e-15 1.45936e-15 1.09751e-15 8.25379e-16 6.20724e-16 4.66814e-16 3.51066e-16 2.64018e-16 1.98554e-16 1.49321e-16 1.12296e-16 8.4452e-17 6.35117e-17 4.77636e-17 3.59203e-17 2.70137e-17 2.03155e-17 1.52781e-17 1.14898e-17 8.64081e-18 6.49825e-18 4.88696e-18 3.6752e-18 2.7639e-18 2.07857e-18 1.56317e-18 1.17556e-18 8.84071e-19 6.64857e-19 4.99998e-19 3.76018e-19 2.8278e-19
0.000162747 3.79323e-07 2.85279e-07 2.1455e-07 1.61357e-07 1.21352e-07 9.12655e-08 6.86381e-08 5.16207e-08 3.88224e-08 2.91971e-08 2.19583e-08 1.65141e-08 1.24198e-08 9.34052e-09 7.02471e-09 5.28306e-09 3.97321e-09 2.98812e-09 2.24727e-09 1.69009e-09 1.27106e-09 9.55923e-10 7.18916e-10 5.40672e-10 4.0662e-10 3.05804e-10 2.29984e-10 1.72963e-10 1.30079e-10 9.78276e-11 7.35725e-11 5.53311e-11 4.16124e-11 3.12951e-11 2.35358e-11 1.77004e-11 1.33118e-11 1.00112e-11 7.52905e-12 5.66229e-12 4.25838e-12 3.20255e-12 2.40851e-12 1.81134e-12 1.36223e-12 1.02448e-12 7.70464e-13 5.79433e-13 4.35766e-13 3.27721e-13 2.46464e-13 1.85355e-13 1.39397e-13 1.04834e-13 7.8841e-14 5.92927e-14 4.45913e-14 3.3535e-14 2.52201e-14 1.89669e-14 1.42641e-14 1.07273e-14 8.06751e-15 6.06718e-15 4.56283e-15 3.43148e-15 2.58065e-15 1.94078e-15 1.45956e-15 1.09766e-15 8.25496e-16 6.20813e-16 4.66882e-16 3.51117e-16 2.64057e-16 1.98584e-16 1.49344e-16 1.12314e-16 8.44653e-17 6.35218e-17 4.77713e-17 3.59262e-17 2.70181e-17 2.03189e-17 1.52807e-17 1.14918e-17 8.64231e-18 6.49939e-18 4.88782e-18 3.67586e-18 2.7644e-18 2.07895e-18 1.56346e-18 1.17578e-18 8.84238e-19 6.64984e-19 5.00095e-19 3.76092e-19 2.82836e-19 2.12704e-19
0.000122313 2.85277e-07 2.14549e-07 1.61357e-07 1.21352e-07 9.12657e-08 6.86384e-08 5.1621e-08 3.88227e-08 2.91975e-08 2.19586e-08 1.65144e-08 1.242e-08 9.3407e-09 7.02486e-09 5.28318e-09 3.97331e-09 2.98821e-09 2.24733e-09 1.69015e-09 1.27111e-09 9.55957e-10 7.18944e-10 5.40693e-10 4.06637e-10 3.05818e-10 2.29995e-10 1.72971e-10 1.30086e-10 9.78328e-11 7.35765e-11 5.53342e-11 4.16149e-11 3.1297e-11 2.35373e-11 1.77015e-11 1.33126e-11 1.00119e-11 7.52959e-12 5.66271e-12 4.2587e-12 3.2028e-12 2.4087e-12 1.81148e-12 1.36234e-12 1.02456e-12 7.70531e-13 5.79485e-13 4.35806e-13 3.27751e-13 2.46488e-13 1.85373e-13 1.39411e-13 1.04845e-13 7.88492e-14 5.9299e-14 4.45961e-14 3.35387e-14 2.5223e-14 1.8969e-14 1.42657e-14 1.07286e-14 8.06848e-15 6.06793e-15 4.5634e-15 3.43192e-15 2.58098e-15 1.94103e-15 1.45975e-15 1.09781e-15 8.25609e-16 6.20899e-16 4.66947e-16 3.51168e-16 2.64095e-16 1.98613e-16 1.49366e-16 1.12331e-16 8.44782e-17 6.35316e-17 4.77788e-17 3.59319e-17 2.70225e-17 2.03222e-17 1.52832e-17 1.14937e-17 8.64377e-18 6.5005e-18 4.88867e-18 3.6765e-18 2.76489e-18 2.07932e-18 1.56374e-18 1.176e-18 8.84402e-19 6.65108e-19 5.0019e-19 3.76164e-19 2.82891e-19 2.12746e-19 1.59993e-19
9.19245e-05 2.14547e-07 1.61356e-07 1.21352e-07 9.12655e-08 6.86384e-08 5.16211e-08 3.88229e-08 2.91976e-08 2.19587e-08 1.65146e-08 1.24201e-08 9.34084e-09 7.02497e-09 5.28328e-09 3.9734e-09 2.98827e-09 2.24739e-09 1.69019e-09 1.27114e-09 9.55987e-10 7.18968e-10 5.40713e-10 4.06653e-10 3.0583e-10 2.30005e-10 1.72979e-10 1.30092e-10 9.78375e-11 7.35802e-11 5.53371e-11 4.16171e-11 3.12988e-11 2.35387e-11 1.77026e-11 1.33135e-11 1.00126e-11 7.53009e-12 5.6631e-12 4.259e-12 3.20303e-12 2.40888e-12 1.81162e-12 1.36245e-12 1.02465e-12 7.70596e-13 5.79534e-13 4.35844e-13 3.27781e-13 2.4651e-13 1.8539e-13 1.39424e-13 1.04855e-13 7.88571e-14 5.9305e-14 4.46008e-14 3.35423e-14 2.52257e-14 1.89711e-14 1.42673e-14 1.07298e-14 8.06942e-15 6.06864e-15 4.56395e-15 3.43234e-15 2.5813e-15 1.94128e-15 1.45994e-15 1.09795e-15 8.25718e-16 6.20983e-16 4.67011e-16 3.51216e-16 2.64133e-16 1.98641e-16 1.49388e-16 1.12347e-16 8.44908e-17 6.35412e-17 4.77861e-17 3.59375e-17 2.70267e-17 2.03254e-17 1.52857e-17 1.14955e-17 8.64519e-18 6.50159e-18 4.8895e-18 3.67713e-18 2.76537e-18 2.07968e-18 1.56402e-18 1.17621e-18 8.84562e-19 6.6523e-19 5.00282e-19 3.76234e-19 2.82944e-19 2.12786e-19 1.60024e-19 1.20345e-19
6.90861e-05 1.61354e-07 1.21351e-07 9.12649e-08 6.86381e-08 5.1621e-08 3.88229e-08 2.91977e-08 2.19588e-08 1.65147e-08 1.24202e-08 9.34094e-09 7.02506e-09 5.28336e-09 3.97347e-09 2.98833e-09 2.24744e-09 1.69023e-09 1.27118e-09 9.56013e-10 7.18989e-10 5.4073e-10 4.06666e-10 3.05841e-10 2.30014e-10 1.72986e-10 1.30097e-10 9.78418e-11 7.35836e-11 5.53398e-11 4.16192e-11 3.13004e-11 2.354e-11 1.77036e-11 1.33143e-11 1.00132e-11 7.53056e-12 5.66347e-12 4.25929e-12 3.20326e-12 2.40905e-12 1.81176e-12 1.36255e-12 1.02473e-12 7.70657e-13 5.79581e-13 4.35881e-13 3.27809e-13 2.46532e-13 1.85407e-13 1.39437e-13 1.04865e-13 7.88646e-14 5.93108e-14 4.46052e-14 3.35457e-14 2.52283e-14 1.89731e-14 1.42689e-14 1.0731e-14 8.07033e-15 6.06934e-15 4.56448e-15 3.43274e-15 2.58161e-15 1.94151e-15 1.46012e-15 1.09809e-15 8.25824e-16 6.21064e-16 4.67073e-16 3.51264e-16 2.64169e-16 1.98669e-16 1.49409e-16 1.12363e-16 8.4503e-17 6.35505e-17 4.77932e-17 3.59429e-17 2.70309e-17 2.03285e-17 1.52881e-17 1.14974e-17 8.64658e-18 6.50265e-18 4.8903e-18 3.67774e-18 2.76584e-18 2.08004e-18 1.56429e-18 1.17642e-18 8.84719e-19 6.65349e-19 5.00373e-19 3.76303e-19 2.82997e-19 2.12826e-19 1.60055e-19 1.20368e-19 9.0522e-20
5.19219e-05 1.21349e-07 9.12639e-08 6.86375e-08 5.16207e-08 3.88227e-08 2.91976e-08 2.19588e-08 1.65147e-08 1.24203e-08 9.34099e-09 7.02512e-09 5.28341e-09 3.97352e-09 2.98838e-09 2.24748e-09 1.69027e-09 1.2712e-09 9.56035e-10 7.19007e-10 5.40745e-10 4.06678e-10 3.05851e-10 2.30021e-10 1.72992e-10 1.30102e-10 9.78457e-11 7.35867e-11 5.53423e-11 4.16211e-11 3.13019e-11 2.35412e-11 1.77045e-11 1.3315e-11 1.00138e-11 7.53101e-12 5.66381e-12 4.25956e-12 3.20346e-12 2.40921e-12 1.81188e-12 1.36265e-12 1.0248e-12 7.70715e-13 5.79626e-13 4.35915e-13 3.27835e-13 2.46553e-13 1.85423e-13 1.39449e-13 1.04874e-13 7.88719e-14 5.93164e-14 4.46095e-14 3.3549e-14 2.52308e-14 1.89751e-14 1.42704e-14 1.07321e-14 8.0712e-15 6.07001e-15 4.56499e-15 3.43313e-15 2.58191e-15 1.94174e-15 1.4603e-15 1.09823e-15 8.25927e-16 6.21142e-16 4.67133e-16 3.51309e-16 2.64204e-16 1.98695e-16 1.4943e-16 1.12379e-16 8.45149e-17 6.35596e-17 4.78001e-17 3.59482e-17 2.70349e-17 2.03316e-17 1.52904e-17 1.14992e-17 8.64794e-18 6.50368e-18 4.89109e-18 3.67834e-18 2.76629e-18 2.08039e-18 1.56455e-18 1.17662e-18 8.84871e-19 6.65465e-19 5.00461e-19 3.7637e-19 2.83048e-19 2.12865e-19 1.60084e-19 1.2039e-19 9.05391e-20 6.80894e-20
3.9022e-05 9.12626e-08 6.86367e-08 5.16202e-08 3.88224e-08 2.91975e-08 2.19587e-08 1.65147e-08 1.24203e-08 9.34101e-09 7.02515e-09 5.28345e-09 3.97355e-09 2.98841e-09 2.24751e-09 1.69029e-09 1.27122e-09 9.56054e-10 7.19022e-10 5.40757e-10 4.06689e-10 3.05859e-10 2.30028e-10 1.72997e-10 1.30106e-10 9.78492e-11 7.35895e-11 5.53445e-11 4.16229e-11 3.13033e-11 2.35422e-11 1.77054e-11 1.33157e-11 1.00143e-11 7.53142e-12 5.66413e-12 4.25981e-12 3.20366e-12 2.40936e-12 1.812e-12 1.36274e-12 1.02487e-12 7.7077e-13 5.79669e-13 4.35948e-13 3.27861e-13 2.46572e-13 1.85438e-13 1.39461e-13 1.04883e-13 7.88788e-14 5.93217e-14 4.46136e-14 3.35521e-14 2.52332e-14 1.89769e-14 1.42718e-14 1.07332e-14 8.07204e-15 6.07065e-15 4.56549e-15 3.43351e-15 2.5822e-15 1.94196e-15 1.46047e-15 1.09836e-15 8.26026e-16 6.21218e-16 4.67191e-16 3.51354e-16 2.64238e-16 1.98721e-16 1.49449e-16 1.12394e-16 8.45264e-17 6.35684e-17 4.78068e-17 3.59533e-17 2.70388e-17 2.03346e-17 1.52927e-17 1.15009e-17 8.64926e-18 6.50469e-18 4.89186e-18 3.67892e-18 2.76674e-18 2.08072e-18 1.56481e-18 1.17681e-18 8.85021e-19 6.65579e-19 5.00547e-19 3.76436e-19 2.83098e-19 2.12903e-19 1.60113e-19 1.20412e-19 9.05558e-20 6.81021e-20 5.12159e-20
2.93271e-05 6.86355e-08 5.16194e-08 3.88219e-08 2.91971e-08 2.19586e-08 1.65146e-08 1.24202e-08 9.34099e-09 7.02515e-09 5.28346e-09 3.97357e-09 2.98843e-09 2.24752e-09 1.69031e-09 1.27124e-09 9.56068e-10 7.19034e-10 5.40767e-10 4.06697e-10 3.05866e-10 2.30034e-10 1.73002e-10 1.3011e-10 9.78523e-11 7.3592e-11 5.53464e-11 4.16245e-11 3.13046e-11 2.35432e-11 1.77062e-11 1.33163e-11 1.00148e-11 7.53179e-12 5.66443e-12 4.26004e-12 3.20384e-12 2.4095e-12 1.81211e-12 1.36283e-12 1.02494e-12 7.70821e-13 5.79709e-13 4.35979e-13 3.27885e-13 2.46591e-13 1.85452e-13 1.39472e-13 1.04892e-13 7.88853e-14 5.93268e-14 4.46175e-14 3.35551e-14 2.52356e-14 1.89787e-14 1.42732e-14 1.07343e-14 8.07284e-15 6.07127e-15 4.56596e-15 3.43388e-15 2.58248e-15 1.94218e-15 1.46063e-15 1.09848e-15 8.26122e-16 6.21292e-16 4.67247e-16 3.51397e-16 2.6427e-16 1.98746e-16 1.49468e-16 1.12409e-16 8.45376e-17 6.35769e-17 4.78134e-17 3.59583e-17 2.70426e-17 2.03375e-17 1.52949e-17 1.15026e-17 8.65054e-18 6.50566e-18 4.8926e-18 3.67949e-18 2.76717e-18 2.08105e-18 1.56506e-18 1.177e-18 8.85166e-19 6.6569e-19 5.00632e-19 3.765e-19 2.83146e-19 2.1294e-19 1.60141e-19 1.20434e-19 9.05721e-20 6.81146e-20 5.12254e-20 3.85239e-20
2.20409e-05 5.16184e-08 3.88212e-08 2.91967e-08 2.19583e-08 1.65144e-08 1.24201e-08 9.34094e-09 7.02512e-09 5.28345e-09 3.97357e-09 2.98843e-09 2.24753e-09 1.69032e-09 1.27125e-09 9.56078e-10 7.19043e-10 5.40775e-10 4.06704e-10 3.05872e-10 2.30039e-10 1.73006e-10 1.30114e-10 9.7855e-11 7.35941e-11 5.53482e-11 4.16259e-11 3.13057e-11 2.35441e-11 1.77069e-11 1.33168e-11 1.00152e-11 7.53214e-12 5.6647e-12 4.26025e-12 3.20401e-12 2.40964e-12 1.81221e-12 1.36291e-12 1.025e-12 7.7087e-13 5.79746e-13 4.36008e-13 3.27907e-13 2.46608e-13 1.85466e-13 1.39482e-13 1.049e-13 7.88916e-14 5.93316e-14 4.46212e-14 3.3558e-14 2.52378e-14 1.89804e-14 1.42745e-14 1.07353e-14 8.07361e-15 6.07186e-15 4.56641e-15 3.43422e-15 2.58275e-15 1.94238e-15 1.46079e-15 1.0986e-15 8.26215e-16 6.21363e-16 4.67301e-16 3.51438e-16 2.64302e-16 1.98771e-16 1.49487e-16 1.12423e-16 8.45484e-17 6.35852e-17 4.78197e-17 3.59631e-17 2.70463e-17 2.03403e-17 1.5297e-17 1.15042e-17 8.65179e-18 6.50662e-18 4.89333e-18 3.68004e-18 2.76759e-18 2.08137e-18 1.5653e-18 1.17719e-18 8.85308e-19 6.65798e-19 5.00714e-19 3.76563e-19 2.83194e-19 2.12976e-19 1.60169e-19 1.20455e-19 9.05881e-20 6.81267e-20 5.12346e-20 3.85309e-20 2.89771e-20
1.65649e-05 3.88204e-08 2.91962e-08 2.19579e-08 1.65141e-08 1.242e-08 9.34084e-09 7.02506e-09 5.28341e-09 3.97355e-09 2.98843e-09 2.24753e-09 1.69032e-09 1.27126e-09 9.56084e-10 7.1905e-10 5.40781e-10 4.06709e-10 3.05876e-10 2.30043e-10 1.7301e-10 1.30116e-10 9.78572e-11 7.3596e-11 5.53497e-11 4.16271e-11 3.13067e-11 2.35449e-11 1.77075e-11 1.33173e-11 1.00156e-11 7.53246e-12 5.66495e-12 4.26045e-12 3.20416e-12 2.40976e-12 1.81231e-12 1.36298e-12 1.02506e-12 7.70915e-13 5.79781e-13 4.36035e-13 3.27928e-13 2.46625e-13 1.85478e-13 1.39492e-13 1.04908e-13 7.88975e-14 5.93362e-14 4.46247e-14 3.35607e-14 2.52399e-14 1.8982e-14 1.42757e-14 1.07363e-14 8.07435e-15 6.07243e-15 4.56685e-15 3.43456e-15 2.583e-15 1.94258e-15 1.46094e-15 1.09872e-15 8.26304e-16 6.21431e-16 4.67354e-16 3.51478e-16 2.64333e-16 1.98794e-16 1.49505e-16 1.12437e-16 8.45589e-17 6.35932e-17 4.78258e-17 3.59678e-17 2.70498e-17 2.0343e-17 1.52991e-17 1.15058e-17 8.653e-18 6.50754e-18 4.89403e-18 3.68058e-18 2.768e-18 2.08169e-18 1.56554e-18 1.17737e-18 8.85447e-19 6.65903e-19 5.00794e-19 3.76624e-19 2.83241e-19 2.13012e-19 1.60196e-19 1.20475e-19 9.06037e-20 6.81386e-20 5.12436e-20 3.85378e-20 2.89823e-20 2.17961e-20
1.24494e-05 2.91955e-08 2.19574e-08 1.65138e-08 1.24198e-08 9.3407e-09 7.02497e-09 5.28336e-09 3.97352e-09 2.98841e-09 2.24752e-09 1.69032e-09 1.27126e-09 9.56086e-10 7.19053e-10 5.40784e-10 4.06713e-10 3.0588e-10 2.30045e-10 1.73012e-10 1.30118e-10 9.78591e-11 7.35975e-11 5.5351e-11 4.16281e-11 3.13075e-11 2.35456e-11 1.77081e-11 1.33178e-11 1.0016e-11 7.53274e-12 5.66518e-12 4.26063e-12 3.2043e-12 2.40987e-12 1.81239e-12 1.36305e-12 1.02511e-12 7.70956e-13 5.79814e-13 4.36061e-13 3.27948e-13 2.4664e-13 1.8549e-13 1.39502e-13 1.04915e-13 7.89031e-14 5.93405e-14 4.46281e-14 3.35633e-14 2.52419e-14 1.89836e-14 1.42769e-14 1.07372e-14 8.07506e-15 6.07297e-15 4.56727e-15 3.43488e-15 2.58325e-15 1.94277e-15 1.46109e-15 1.09883e-15 8.26389e-16 6.21496e-16 4.67404e-16 3.51517e-16 2.64362e-16 1.98817e-16 1.49522e-16 1.1245e-16 8.4569e-17 6.3601e-17 4.78317e-17 3.59723e-17 2.70533e-17 2.03457e-17 1.53011e-17 1.15073e-17 8.65418e-18 6.50844e-18 4.89472e-18 3.68111e-18 2.7684e-18 2.08199e-18 1.56577e-18 1.17755e-18 8.85581e-19 6.66006e-19 5.00872e-19 3.76683e-19 2.83286e-19 2.13046e-19 1.60222e-19 1.20495e-19 9.06189e-20 6.81502e-20 5.12525e-20 3.85445e-20 2.89874e-20 2.18e-20 1.63947e-20
9.35637e-06 2.19569e-08 1.65134e-08 1.24195e-08 9.34052e-09 7.02486e-09 5.28328e-09 3.97347e-09 2.98838e-09 2.24751e-09 1.69031e-09 1.27125e-09 9.56084e-10 7.19053e-10 5.40786e-10 4.06714e-10 3.05882e-10 2.30047e-10 1.73014e-10 1.3012e-10 9.78605e-11 7.35988e-11 5.5352e-11 4.1629e-11 3.13082e-11 2.35462e-11 1.77085e-11 1.33182e-11 1.00163e-11 7.53299e-12 5.66538e-12 4.26079e-12 3.20443e-12 2.40997e-12 1.81247e-12 1.36311e-12 1.02516e-12 7.70995e-13 5.79844e-13 4.36085e-13 3.27967e-13 2.46654e-13 1.85502e-13 1.3951e-13 1.04922e-13 7.89083e-14 5.93446e-14 4.46312e-14 3.35658e-14 2.52437e-14 1.8985e-14 1.4278e-14 1.0738e-14 8.07573e-15 6.07349e-15 4.56767e-15 3.43519e-15 2.58349e-15 1.94295e-15 1.46123e-15 1.09894e-15 8.26471e-16 6.21559e-16 4.67452e-16 3.51554e-16 2.64391e-16 1.98838e-16 1.49539e-16 1.12463e-16 8.45788e-17 6.36085e-17 4.78375e-17 3.59767e-17 2.70566e-17 2.03482e-17 1.53031e-17 1.15088e-17 8.65532e-18 6.50931e-18 4.89538e-18 3.68161e-18 2.76879e-18 2.08229e-18 1.566e-18 1.17772e-18 8.85712e-19 6.66106e-19 5.00949e-19 3.76741e-19 2.8333e-19 2.1308e-19 1.60248e-19 1.20515e-19 9.06338e-20 6.81615e-20 5.12611e-20 3.85511e-20 2.89924e-20 2.18038e-20 1.63976e-20 1.23319e-20
7.03181e-06 1.6513e-08 1.24192e-08 9.3403e-09 7.02471e-09 5.28318e-09 3.9734e-09 2.98833e-09 2.24748e-09 1.69029e-09 1.27124e-09 9.56078e-10 7.1905e-10 5.40784e-10 4.06714e-10 3.05882e-10 2.30048e-10 1.73015e-10 1.30121e-10 9.78616e-11 7.35997e-11 5.53528e-11 4.16297e-11 3.13088e-11 2.35467e-11 1.77089e-11 1.33185e-11 1.00165e-11 7.53321e-12 5.66555e-12 4.26093e-12 3.20454e-12 2.41006e-12 1.81255e-12 1.36317e-12 1.02521e-12 7.71031e-13 5.79872e-13 4.36106e-13 3.27984e-13 2.46668e-13 1.85512e-13 1.39518e-13 1.04928e-13 7.89133e-14 5.93484e-14 4.46342e-14 3.35681e-14 2.52455e-14 1.89864e-14 1.42791e-14 1.07389e-14 8.07636e-15 6.07398e-15 4.56805e-15 3.43548e-15 2.58371e-15 1.94312e-15 1.46136e-15 1.09904e-15 8.2655e-16 6.2162e-16 4.67499e-16 3.5159e-16 2.64418e-16 1.98859e-16 1.49555e-16 1.12475e-16 8.45883e-17 6.36157e-17 4.7843e-17 3.59809e-17 2.70599e-17 2.03507e-17 1.5305e-17 1.15103e-17 8.65643e-18 6.51016e-18 4.89603e-18 3.68211e-18 2.76916e-18 2.08257e-18 1.56622e-18 1.17789e-18 8.8584e-19 6.66203e-19 5.01023e-19 3.76798e-19 2.83373e-19 2.13113e-19 1.60273e-19 1.20534e-19 9.06483e-20 6.81725e-20 5.12695e-20 3.85574e-20 2.89973e-20 2.18075e-20 1.64004e-20 1.2334e-20 9.27582e-21
5.28477e-06 1.24188e-08 9.34005e-09 7.02453e-09 5.28306e-09 3.97331e-09 2.98827e-09 2.24744e-09 1.69027e-09 1.27122e-09 9.56068e-10 7.19043e-10 5.40781e-10 4.06713e-10 3.05882e-10 2.30048e-10 1.73015e-10 1.30122e-10 9.78622e-11 7.36003e-11 5.53534e-11 4.16302e-11 3.13093e-11 2.35471e-11 1.77093e-11 1.33188e-11 1.00168e-11 7.5334e-12 5.66571e-12 4.26105e-12 3.20464e-12 2.41014e-12 1.81261e-12 1.36322e-12 1.02525e-12 7.71063e-13 5.79897e-13 4.36126e-13 3.28e-13 2.4668e-13 1.85522e-13 1.39526e-13 1.04934e-13 7.89179e-14 5.9352e-14 4.4637e-14 3.35702e-14 2.52472e-14 1.89877e-14 1.42801e-14 1.07396e-14 8.07697e-15 6.07444e-15 4.56841e-15 3.43576e-15 2.58393e-15 1.94329e-15 1.46149e-15 1.09914e-15 8.26625e-16 6.21678e-16 4.67543e-16 3.51624e-16 2.64444e-16 1.9888e-16 1.4957e-16 1.12487e-16 8.45973e-17 6.36227e-17 4.78483e-17 3.5985e-17 2.7063e-17 2.03531e-17 1.53068e-17 1.15117e-17 8.6575e-18 6.51097e-18 4.89665e-18 3.68258e-18 2.76953e-18 2.08285e-18 1.56643e-18 1.17805e-18 8.85964e-19 6.66297e-19 5.01095e-19 3.76853e-19 2.83415e-19 2.13145e-19 1.60297e-19 1.20553e-19 9.06624e-20 6.81833e-20 5.12777e-20 3.85637e-20 2.9002e-20 2.18111e-20 1.64032e-20 1.23361e-20 9.27741e-21 6.97712e-21
3.97179e-06 9.33975e-09 7.02432e-09 5.28291e-09 3.97321e-09 2.98821e-09 2.24739e-09 1.69023e-09 1.2712e-09 9.56054e-10 7.19034e-10 5.40775e-10 4.06709e-10 3.0588e-10 2.30047e-10 1.73015e-10 1.30122e-10 9.78624e-11 7.36006e-11 5.53538e-11 4.16306e-11 3.13096e-11 2.35474e-11 1.77095e-11 1.3319e-11 1.0017e-11 7.53356e-12 5.66584e-12 4.26116e-12 3.20473e-12 2.41021e-12 1.81267e-12 1.36327e-12 1.02528e-12 7.71092e-13 5.7992e-13 4.36145e-13 3.28014e-13 2.46691e-13 1.85531e-13 1.39533e-13 1.04939e-13 7.89222e-14 5.93553e-14 4.46396e-14 3.35722e-14 2.52488e-14 1.89889e-14 1.42811e-14 1.07404e-14 8.07754e-15 6.07489e-15 4.56875e-15 3.43602e-15 2.58413e-15 1.94345e-15 1.46161e-15 1.09923e-15 8.26697e-16 6.21733e-16 4.67586e-16 3.51656e-16 2.6447e-16 1.98899e-16 1.49585e-16 1.12498e-16 8.46061e-17 6.36294e-17 4.78535e-17 3.59889e-17 2.7066e-17 2.03554e-17 1.53086e-17 1.1513e-17 8.65853e-18 6.51177e-18 4.89726e-18 3.68305e-18 2.76988e-18 2.08312e-18 1.56664e-18 1.17821e-18 8.86084e-19 6.66389e-19 5.01165e-19 3.76906e-19 2.83456e-19 2.13176e-19 1.60321e-19 1.20571e-19 9.06762e-20 6.81938e-20 5.12857e-20 3.85698e-20 2.90067e-20 2.18147e-20 1.64059e-20 1.23381e-20 9.27897e-21 6.9783e-21 5.24807e-21
2.98501e-06 7.02408e-09 5.28274e-09 3.9731e-09 2.98812e-09 2.24733e-09 1.69019e-09 1.27118e-09 9.56035e-10 7.19022e-10 5.40767e-10 4.06704e-10 3.05876e-10 2.30045e-10 1.73014e-10 1.30121e-10 9.78622e-11 7.36006e-11 5.53539e-11 4.16308e-11 3.13098e-11 2.35476e-11 1.77097e-11 1.33192e-11 1.00171e-11 7.53369e-12 5.66595e-12 4.26125e-12 3.2048e-12 2.41027e-12 1.81272e-12 1.36331e-12 1.02531e-12 7.71118e-13 5.79941e-13 4.36161e-13 3.28027e-13 2.46702e-13 1.85539e-13 1.39539e-13 1.04944e-13 7.89261e-14 5.93584e-14 4.4642e-14 3.35741e-14 2.52503e-14 1.89901e-14 1.42819e-14 1.07411e-14 8.07808e-15 6.0753e-15 4.56907e-15 3.43627e-15 2.58432e-15 1.9436e-15 1.46172e-15 1.09932e-15 8.26766e-16 6.21786e-16 4.67627e-16 3.51688e-16 2.64494e-16 1.98917e-16 1.496e-16 1.12509e-16 8.46145e-17 6.36358e-17 4.78584e-17 3.59927e-17 2.70689e-17 2.03576e-17 1.53103e-17 1.15143e-17 8.65953e-18 6.51253e-18 4.89784e-18 3.68349e-18 2.77022e-18 2.08338e-18 1.56684e-18 1.17836e-18 8.862e-19 6.66478e-19 5.01233e-19 3.76958e-19 2.83495e-19 2.13206e-19 1.60344e-19 1.20588e-19 9.06896e-20 6.8204e-20 5.12934e-20 3.85757e-20 2.90112e-20 2.18181e-20 1.64085e-20 1.23401e-20 9.28049e-21 6.97946e-21 5.24895e-21 3.9475e-21
2.24339e-06 5.28255e-09 3.97296e-09 2.98803e-09 2.24727e-09 1.69015e-09 1.27114e-09 9.56013e-10 7.19007e-10 5.40757e-10 4.06697e-10 3.05872e-10 2.30043e-10 1.73012e-10 1.3012e-10 9.78616e-11 7.36003e-11 5.53538e-11 4.16308e-11 3.13099e-11 2.35477e-11 1.77098e-11 1.33193e-11 1.00172e-11 7.53378e-12 5.66603e-12 4.26132e-12 3.20486e-12 2.41032e-12 1.81276e-12 1.36334e-12 1.02534e-12 7.7114e-13 5.79959e-13 4.36176e-13 3.28039e-13 2.46711e-13 1.85546e-13 1.39545e-13 1.04949e-13 7.89297e-14 5.93612e-14 4.46442e-14 3.35759e-14 2.52516e-14 1.89911e-14 1.42828e-14 1.07417e-14 8.07858e-15 6.07569e-15 4.56937e-15 3.43651e-15 2.58451e-15 1.94374e-15 1.46183e-15 1.0994e-15 8.26831e-16 6.21836e-16 4.67665e-16 3.51718e-16 2.64517e-16 1.98935e-16 1.49613e-16 1.1252e-16 8.46225e-17 6.3642e-17 4.78631e-17 3.59964e-17 2.70717e-17 2.03598e-17 1.53119e-17 1.15156e-17 8.66049e-18 6.51327e-18 4.89841e-18 3.68393e-18 2.77055e-18 2.08364e-18 1.56703e-18 1.17851e-18 8.86313e-19 6.66564e-19 5.01299e-19 3.77008e-19 2.83534e-19 2.13235e-19 1.60366e-19 1.20605e-19 9.07026e-20 6.82139e-20 5.1301e-20 3.85815e-20 2.90156e-20 2.18215e-20 1.6411e-20 1.23421e-20 9.28197e-21 6.98058e-21 5.2498e-21 3.94816e-21 2.96924e-21
1.68603e-06 3.97281e-09 2.98792e-09 2.24719e-09 1.69009e-09 1.27111e-09 9.55987e-10 7.18989e-10 5.40745e-10 4.06689e-10 3.05866e-10 2.30039e-10 1.7301e-10 1.30118e-10 9.78605e-11 7.35997e-11 5.53534e-11 4.16306e-11 3.13098e-11 2.35477e-11 1.77099e-11 1.33193e-11 1.00173e-11 7.53385e-12 5.66609e-12 4.26138e-12 3.20491e-12 2.41036e-12 1.81279e-12 1.36337e-12 1.02537e-12 7.71159e-13 5.79975e-13 4.36188e-13 3.28049e-13 2.46719e-13 1.85553e-13 1.3955e-13 1.04953e-13 7.8933e-14 5.93638e-14 4.46463e-14 3.35775e-14 2.52529e-14 1.89921e-14 1.42835e-14 1.07423e-14 8.07905e-15 6.07606e-15 4.56966e-15 3.43673e-15 2.58468e-15 1.94387e-15 1.46193e-15 1.09948e-15 8.26893e-16 6.21884e-16 4.67702e-16 3.51746e-16 2.64538e-16 1.98952e-16 1.49626e-16 1.1253e-16 8.46302e-17 6.36479e-17 4.78677e-17 3.59999e-17 2.70744e-17 2.03618e-17 1.53135e-17 1.15168e-17 8.66142e-18 6.51398e-18 4.89895e-18 3.68434e-18 2.77087e-18 2.08388e-18 1.56722e-18 1.17865e-18 8.86422e-19 6.66648e-19 5.01362e-19 3.77057e-19 2.83571e-19 2.13264e-19 1.60388e-19 1.20622e-19 9.07152e-20 6.82235e-20 5.13084e-20 3.85871e-20 2.90199e-20 2.18247e-20 1.64135e-20 1.2344e-20 9.28341e-21 6.98168e-21 5.25064e-21 3.94879e-21 2.96973e-21 2.23341e-21
1.26714e-06 2.9878e-09 2.24711e-09 1.69003e-09 1.27106e-09 9.55957e-10 7.18968e-10 5.4073e-10 4.06678e-10 3.05859e-10 2.30034e-10 1.73006e-10 1.30116e-10 9.78591e-11 7.35988e-11 5.53528e-11 4.16302e-11 3.13096e-11 2.35476e-11 1.77098e-11 1.33193e-11 1.00173e-11 7.53388e-12 5.66612e-12 4.26141e-12 3.20494e-12 2.41039e-12 1.81282e-12 1.36339e-12 1.02539e-12 7.71175e-13 5.79988e-13 4.36199e-13 3.28058e-13 2.46726e-13 1.85558e-13 1.39555e-13 1.04957e-13 7.8936e-14 5.93662e-14 4.46481e-14 3.3579e-14 2.5254e-14 1.8993e-14 1.42843e-14 1.07429e-14 8.07948e-15 6.0764e-15 4.56992e-15 3.43693e-15 2.58484e-15 1.944e-15 1.46203e-15 1.09956e-15 8.26951e-16 6.21929e-16 4.67737e-16 3.51773e-16 2.64559e-16 1.98968e-16 1.49639e-16 1.12539e-16 8.46375e-17 6.36535e-17 4.7872e-17 3.60032e-17 2.7077e-17 2.03638e-17 1.5315e-17 1.1518e-17 8.66231e-18 6.51466e-18 4.89948e-18 3.68474e-18 2.77118e-18 2.08412e-18 1.5674e-18 1.17879e-18 8.86528e-19 6.66728e-19 5.01424e-19 3.77104e-19 2.83607e-19 2.13291e-19 1.60409e-19 1.20638e-19 9.07275e-20 6.82329e-20 5.13155e-20 3.85925e-20 2.9024e-20 2.18279e-20 1.64159e-20 1.23458e-20 9.28481e-21 6.98275e-21 5.25146e-21 3.94942e-21 2.9702e-21 2.23377e-21 1.67993e-21
9.52321e-07 2.24701e-09 1.68997e-09 1.27101e-09 9.55923e-10 7.18944e-10 5.40713e-10 4.06666e-10 3.05851e-10 2.30028e-10 1.73002e-10 1.30114e-10 9.78572e-11 7.35975e-11 5.5352e-11 4.16297e-11 3.13093e-11 2.35474e-11 1.77097e-11 1.33193e-11 1.00173e-11 7.53388e-12 5.66614e-12 4.26143e-12 3.20496e-12 2.41041e-12 1.81284e-12 1.36341e-12 1.0254e-12 7.71188e-13 5.79999e-13 4.36208e-13 3.28065e-13 2.46733e-13 1.85563e-13 1.39559e-13 1.0496e-13 7.89386e-14 5.93683e-14 4.46498e-14 3.35803e-14 2.52551e-14 1.89939e-14 1.42849e-14 1.07434e-14 8.07989e-15 6.07672e-15 4.57017e-15 3.43713e-15 2.58499e-15 1.94411e-15 1.46212e-15 1.09963e-15 8.27006e-16 6.21971e-16 4.6777e-16 3.51798e-16 2.64579e-16 1.98983e-16 1.4965e-16 1.12548e-16 8.46445e-17 6.36589e-17 4.78762e-17 3.60064e-17 2.70794e-17 2.03657e-17 1.53165e-17 1.15191e-17 8.66317e-18 6.51532e-18 4.89998e-18 3.68513e-18 2.77148e-18 2.08434e-18 1.56757e-18 1.17892e-18 8.8663e-19 6.66806e-19 5.01484e-19 3.7715e-19 2.83642e-19 2.13318e-19 1.60429e-19 1.20653e-19 9.07394e-20 6.8242e-20 5.13224e-20 3.85978e-20 2.90281e-20 2.1831e-20 1.64183e-20 1.23476e-20 9.28618e-21 6.98379e-21 5.25225e-21 3.95002e-21 2.97066e-21 2.23412e-21 1.6802e-21 1.26361e-21
7.15719e-07 1.68989e-09 1.27096e-09 9.55884e-10 7.18916e-10 5.40693e-10 4.06653e-10 3.05841e-10 2.30021e-10 1.72997e-10 1.3011e-10 9.7855e-11 7.3596e-11 5.5351e-11 4.1629e-11 3.13088e-11 2.35471e-11 1.77095e-11 1.33192e-11 1.00172e-11 7.53385e-12 5.66612e-12 4.26143e-12 3.20497e-12 2.41042e-12 1.81285e-12 1.36342e-12 1.02541e-12 7.71198e-13 5.80008e-13 4.36216e-13 3.28071e-13 2.46738e-13 1.85568e-13 1.39563e-13 1.04963e-13 7.89409e-14 5.93701e-14 4.46513e-14 3.35815e-14 2.5256e-14 1.89946e-14 1.42855e-14 1.07439e-14 8.08026e-15 6.07701e-15 4.5704e-15 3.4373e-15 2.58513e-15 1.94422e-15 1.46221e-15 1.0997e-15 8.27057e-16 6.22011e-16 4.67801e-16 3.51822e-16 2.64598e-16 1.98998e-16 1.49661e-16 1.12557e-16 8.46512e-17 6.36641e-17 4.78801e-17 3.60094e-17 2.70818e-17 2.03675e-17 1.53179e-17 1.15201e-17 8.66399e-18 6.51595e-18 4.90047e-18 3.6855e-18 2.77176e-18 2.08456e-18 1.56774e-18 1.17905e-18 8.86728e-19 6.66882e-19 5.01542e-19 3.77194e-19 2.83676e-19 2.13344e-19 1.60449e-19 1.20669e-19 9.07509e-20 6.82508e-20 5.13292e-20 3.86029e-20 2.9032e-20 2.1834e-20 1.64206e-20 1.23493e-20 9.28751e-21 6.98481e-21 5.25302e-21 3.95061e-21 2.97111e-21 2.23446e-21 1.68046e-21 1.26381e-21 9.50463e-22
5.37901e-07 1.2709e-09 9.55842e-10 7.18886e-10 5.40672e-10 4.06637e-10 3.0583e-10 2.30014e-10 1.72992e-10 1.30106e-10 9.78523e-11 7.35941e-11 5.53497e-11 4.16281e-11 3.13082e-11 2.35467e-11 1.77093e-11 1.3319e-11 1.00171e-11 7.53378e-12 5.66609e-12 4.26141e-12 3.20496e-12 2.41042e-12 1.81285e-12 1.36343e-12 1.02542e-12 7.71204e-13 5.80014e-13 4.36221e-13 3.28076e-13 2.46742e-13 1.85571e-13 1.39566e-13 1.04965e-13 7.89429e-14 5.93718e-14 4.46526e-14 3.35825e-14 2.52569e-14 1.89953e-14 1.4286e-14 1.07443e-14 8.08059e-15 6.07727e-15 4.57061e-15 3.43747e-15 2.58526e-15 1.94432e-15 1.46229e-15 1.09976e-15 8.27105e-16 6.22049e-16 4.6783e-16 3.51845e-16 2.64615e-16 1.99011e-16 1.49672e-16 1.12565e-16 8.46575e-17 6.36689e-17 4.78839e-17 3.60123e-17 2.7084e-17 2.03692e-17 1.53192e-17 1.15212e-17 8.66478e-18 6.51655e-18 4.90093e-18 3.68586e-18 2.77204e-18 2.08477e-18 1.5679e-18 1.17917e-18 8.86823e-19 6.66954e-19 5.01597e-19 3.77237e-19 2.83708e-19 2.13369e-19 1.60468e-19 1.20683e-19 9.07621e-20 6.82593e-20 5.13357e-20 3.86079e-20 2.90358e-20 2.18369e-20 1.64228e-20 1.2351e-20 9.2888e-21 6.98579e-21 5.25377e-21 3.95118e-21 2.97155e-21 2.2348e-21 1.68071e-21 1.264e-21 9.5061e-22 7.14919e-22
4.04261e-07 9.55796e-10 7.18853e-10 5.40648e-10 4.0662e-10 3.05818e-10 2.30005e-10 1.72986e-10 1.30102e-10 9.78492e-11 7.3592e-11 5.53482e-11 4.16271e-11 3.13075e-11 2.35462e-11 1.77089e-11 1.33188e-11 1.0017e-11 7.53369e-12 5.66603e-12 4.26138e-12 3.20494e-12 2.41041e-12 1.81285e-12 1.36343e-12 1.02542e-12 7.71208e-13 5.80017e-13 4.36225e-13 3.2808e-13 2.46745e-13 1.85574e-13 1.39568e-13 1.04967e-13 7.89445e-14 5.93731e-14 4.46537e-14 3.35834e-14 2.52576e-14 1.89959e-14 1.42865e-14 1.07447e-14 8.08089e-15 6.07751e-15 4.5708e-15 3.43762e-15 2.58537e-15 1.94441e-15 1.46236e-15 1.09981e-15 8.27149e-16 6.22083e-16 4.67857e-16 3.51866e-16 2.64631e-16 1.99024e-16 1.49682e-16 1.12573e-16 8.46634e-17 6.36735e-17 4.78875e-17 3.60151e-17 2.70861e-17 2.03709e-17 1.53204e-17 1.15221e-17 8.66553e-18 6.51713e-18 4.90137e-18 3.6862e-18 2.7723e-18 2.08497e-18 1.56805e-18 1.17929e-18 8.86914e-19 6.67024e-19 5.01651e-19 3.77278e-19 2.8374e-19 2.13393e-19 1.60487e-19 1.20697e-19 9.07728e-20 6.82676e-20 5.1342e-20 3.86127e-20 2.90395e-20 2.18397e-20 1.64249e-20 1.23527e-20 9.29005e-21 6.98675e-21 5.2545e-21 3.95174e-21 2.97197e-21 2.23512e-21 1.68096e-21 1.26419e-21 9.50754e-22 7.15029e-22 5.37748e-22
3.03823e-07 7.18816e-10 5.40622e-10 4.06601e-10 3.05804e-10 2.29995e-10 1.72979e-10 1.30097e-10 9.78457e-11 7.35895e-11 5.53464e-11 4.16259e-11 3.13067e-11 2.35456e-11 1.77085e-11 1.33185e-11 1.00168e-11 7.53356e-12 5.66595e-12 4.26132e-12 3.20491e-12 2.41039e-12 1.81284e-12 1.36342e-12 1.02542e-12 7.71208e-13 5.80018e-13 4.36226e-13 3.28082e-13 2.46747e-13 1.85576e-13 1.3957e-13 1.04969e-13 7.89458e-14 5.93742e-14 4.46546e-14 3.35842e-14 2.52582e-14 1.89964e-14 1.42869e-14 1.0745e-14 8.08116e-15 6.07772e-15 4.57097e-15 3.43775e-15 2.58548e-15 1.9445e-15 1.46243e-15 1.09987e-15 8.27191e-16 6.22116e-16 4.67882e-16 3.51886e-16 2.64647e-16 1.99036e-16 1.49691e-16 1.1258e-16 8.4669e-17 6.36779e-17 4.78908e-17 3.60177e-17 2.70881e-17 2.03724e-17 1.53216e-17 1.15231e-17 8.66624e-18 6.51768e-18 4.9018e-18 3.68653e-18 2.77255e-18 2.08517e-18 1.5682e-18 1.17941e-18 8.87002e-19 6.67091e-19 5.01702e-19 3.77317e-19 2.8377e-19 2.13416e-19 1.60504e-19 1.20711e-19 9.07833e-20 6.82755e-20 5.13481e-20 3.86174e-20 2.9043e-20 2.18424e-20 1.6427e-20 1.23543e-20 9.29126e-21 6.98767e-21 5.25521e-21 3.95228e-21 2.97238e-21 2.23543e-21 1.6812e-21 1.26437e-21 9.50893e-22 7.15135e-22 5.37829e-22 4.04483e-22
2.28339e-07 5.40593e-10 4.06581e-10 3.0579e-10 2.29984e-10 1.72971e-10 1.30092e-10 9.78418e-11 7.35867e-11 5.53445e-11 4.16245e-11 3.13057e-11 2.35449e-11 1.77081e-11 1.33182e-11 1.00165e-11 7.5334e-12 5.66584e-12 4.26125e-12 3.20486e-12 2.41036e-12 1.81282e-12 1.36341e-12 1.02541e-12 7.71204e-13 5.80017e-13 4.36226e-13 3.28082e-13 2.46748e-13 1.85577e-13 1.39571e-13 1.0497e-13 7.89468e-14 5.93751e-14 4.46554e-14 3.35848e-14 2.52588e-14 1.89968e-14 1.42873e-14 1.07453e-14 8.0814e-15 6.07791e-15 4.57112e-15 3.43787e-15 2.58558e-15 1.94458e-15 1.46249e-15 1.09991e-15 8.27228e-16 6.22145e-16 4.67905e-16 3.51904e-16 2.64661e-16 1.99047e-16 1.497e-16 1.12587e-16 8.46743e-17 6.36819e-17 4.7894e-17 3.60201e-17 2.709e-17 2.03739e-17 1.53228e-17 1.15239e-17 8.66692e-18 6.51821e-18 4.9022e-18 3.68684e-18 2.77279e-18 2.08535e-18 1.56834e-18 1.17952e-18 8.87086e-19 6.67156e-19 5.01752e-19 3.77355e-19 2.83799e-19 2.13438e-19 1.60521e-19 1.20724e-19 9.07933e-20 6.82832e-20 5.1354e-20 3.86219e-20 2.90465e-20 2.1845e-20 1.6429e-20 1.23558e-20 9.29244e-21 6.98857e-21 5.2559e-21 3.9528e-21 2.97278e-21 2.23574e-21 1.68143e-21 1.26455e-21 9.51029e-22 7.15238e-22 5.37908e-22 4.04543e-22 3.04243e-22
1.71609e-07 4.06558e-10 3.05774e-10 2.29973e-10 1.72963e-10 1.30086e-10 9.78375e-11 7.35836e-11 5.53423e-11 4.16229e-11 3.13046e-11 2.35441e-11 1.77075e-11 1.33178e-11 1.00163e-11 7.53321e-12 5.66571e-12 4.26116e-12 3.2048e-12 2.41032e-12 1.81279e-12 1.36339e-12 1.0254e-12 7.71198e-13 5.80014e-13 4.36225e-13 3.28082e-13 2.46748e-13 1.85577e-13 1.39571e-13 1.04971e-13 7.89475e-14 5.93757e-14 4.46559e-14 3.35853e-14 2.52592e-14 1.89972e-14 1.42876e-14 1.07455e-14 8.0816e-15 6.07808e-15 4.57125e-15 3.43798e-15 2.58566e-15 1.94464e-15 1.46254e-15 1.09996e-15 8.27263e-16 6.22172e-16 4.67927e-16 3.51921e-16 2.64674e-16 1.99057e-16 1.49708e-16 1.12593e-16 8.46792e-17 6.36858e-17 4.78969e-17 3.60224e-17 2.70918e-17 2.03753e-17 1.53239e-17 1.15248e-17 8.66756e-18 6.5187e-18 4.90258e-18 3.68713e-18 2.77302e-18 2.08553e-18 1.56848e-18 1.17962e-18 8.87166e-19 6.67217e-19 5.01799e-19 3.77391e-19 2.83827e-19 2.1346e-19 1.60538e-19 1.20737e-19 9.0803e-20 6.82906e-20 5.13596e-20 3.86263e-20 2.90498e-20 2.18476e-20 1.6431e-20 1.23573e-20 9.29358e-21 6.98944e-21 5.25656e-21 3.95331e-21 2.97317e-21 2.23604e-21 1.68166e-21 1.26472e-21 9.51161e-22 7.15339e-22 5.37984e-22 4.04601e-22 3.04288e-22 2.28845e-22
1.28973e-07 3.05756e-10 2.2996e-10 1.72954e-10 1.30079e-10 9.78328e-11 7.35802e-11 5.53398e-11 4.16211e-11 3.13033e-11 2.35432e-11 1.77069e-11 1.33173e-11 1.0016e-11 7.53299e-12 5.66555e-12 4.26105e-12 3.20473e-12 2.41027e-12 1.81276e-12 1.36337e-12 1.02539e-12 7.71188e-13 5.80008e-13 4.36221e-13 3.2808e-13 2.46747e-13 1.85577e-13 1.39571e-13 1.04971e-13 7.89478e-14 5.93761e-14 4.46563e-14 3.35857e-14 2.52595e-14 1.89975e-14 1.42878e-14 1.07457e-14 8.08177e-15 6.07822e-15 4.57136e-15 3.43807e-15 2.58574e-15 1.9447e-15 1.46259e-15 1.1e-15 8.27293e-16 6.22197e-16 4.67946e-16 3.51936e-16 2.64686e-16 1.99067e-16 1.49715e-16 1.12599e-16 8.46837e-17 6.36893e-17 4.78997e-17 3.60246e-17 2.70935e-17 2.03766e-17 1.53249e-17 1.15256e-17 8.66817e-18 6.51917e-18 4.90295e-18 3.68741e-18 2.77323e-18 2.08569e-18 1.56861e-18 1.17972e-18 8.87242e-19 6.67276e-19 5.01844e-19 3.77426e-19 2.83854e-19 2.1348e-19 1.60554e-19 1.20749e-19 9.08123e-20 6.82978e-20 5.13651e-20 3.86304e-20 2.9053e-20 2.185e-20 1.64329e-20 1.23587e-20 9.29468e-21 6.99029e-21 5.25721e-21 3.9538e-21 2.97355e-21 2.23632e-21 1.68188e-21 1.26489e-21 9.51288e-22 7.15436e-22 5.38059e-22 4.04658e-22 3.04331e-22 2.28878e-22 1.72132e-22
9.69302e-08 2.29947e-10 1.72944e-10 1.30072e-10 9.78276e-11 7.35765e-11 5.53371e-11 4.16192e-11 3.13019e-11 2.35422e-11 1.77062e-11 1.33168e-11 1.00156e-11 7.53274e-12 5.66538e-12 4.26093e-12 3.20464e-12 2.41021e-12 1.81272e-12 1.36334e-12 1.02537e-12 7.71175e-13 5.79999e-13 4.36216e-13 3.28076e-13 2.46745e-13 1.85576e-13 1.39571e-13 1.04971e-13 7.89478e-14 5.93762e-14 4.46565e-14 3.35859e-14 2.52597e-14 1.89977e-14 1.4288e-14 1.07459e-14 8.0819e-15 6.07833e-15 4.57146e-15 3.43815e-15 2.5858e-15 1.94476e-15 1.46263e-15 1.10003e-15 8.27321e-16 6.22219e-16 4.67964e-16 3.5195e-16 2.64697e-16 1.99075e-16 1.49722e-16 1.12604e-16 8.46879e-17 6.36926e-17 4.79023e-17 3.60266e-17 2.70951e-17 2.03778e-17 1.53258e-17 1.15263e-17 8.66874e-18 6.51961e-18 4.90329e-18 3.68768e-18 2.77344e-18 2.08585e-18 1.56873e-18 1.17981e-18 8.87315e-19 6.67332e-19 5.01888e-19 3.7746e-19 2.8388e-19 2.135e-19 1.60569e-19 1.2076e-19 9.08212e-20 6.83046e-20 5.13704e-20 3.86345e-20 2.90561e-20 2.18524e-20 1.64347e-20 1.23601e-20 9.29574e-21 6.9911e-21 5.25783e-21 3.95428e-21 2.97391e-21 2.2366e-21 1.68209e-21 1.26505e-21 9.51412e-22 7.15531e-22 5.38131e-22 4.04713e-22 3.04373e-22 2.2891e-22 1.72157e-22 1.29474e-22
7.28482e-08 1.72933e-10 1.30064e-10 9.78221e-11 7.35725e-11 5.53342e-11 4.16171e-11 3.13004e-11 2.35412e-11 1.77054e-11 1.33163e-11 1.00152e-11 7.53246e-12 5.66518e-12 4.26079e-12 3.20454e-12 2.41014e-12 1.81267e-12 1.36331e-12 1.02534e-12 7.71159e-13 5.79988e-13 4.36208e-13 3.28071e-13 2.46742e-13 1.85574e-13 1.3957e-13 1.0497e-13 7.89475e-14 5.93761e-14 4.46565e-14 3.35859e-14 2.52598e-14 1.89978e-14 1.42881e-14 1.0746e-14 8.082e-15 6.07842e-15 4.57154e-15 3.43822e-15 2.58586e-15 1.9448e-15 1.46267e-15 1.10006e-15 8.27345e-16 6.22238e-16 4.67979e-16 3.51962e-16 2.64707e-16 1.99083e-16 1.49728e-16 1.12609e-16 8.46917e-17 6.36956e-17 4.79047e-17 3.60285e-17 2.70965e-17 2.03789e-17 1.53267e-17 1.1527e-17 8.66928e-18 6.52003e-18 4.90361e-18 3.68793e-18 2.77363e-18 2.086e-18 1.56885e-18 1.1799e-18 8.87384e-19 6.67386e-19 5.01929e-19 3.77491e-19 2.83904e-19 2.13519e-19 1.60583e-19 1.20771e-19 9.08298e-20 6.83112e-20 5.13754e-20 3.86384e-20 2.90591e-20 2.18547e-20 1.64364e-20 1.23615e-20 9.29677e-21 6.99188e-21 5.25843e-21 3.95474e-21 2.97426e-21 2.23687e-21 1.68229e-21 1.26521e-21 9.51533e-22 7.15623e-22 5.38201e-22 4.04767e-22 3.04414e-22 2.28942e-22 1.72181e-22 1.29492e-22 9.73875e-23
5.47493e-08 1.30056e-10 9.78161e-11 7.35682e-11 5.53311e-11 4.16149e-11 3.12988e-11 2.354e-11 1.77045e-11 1.33157e-11 1.00148e-11 7.53214e-12 5.66495e-12 4.26063e-12 3.20443e-12 2.41006e-12 1.81261e-12 1.36327e-12 1.02531e-12 7.7114e-13 5.79975e-13 4.36199e-13 3.28065e-13 2.46738e-13 1.85571e-13 1.39568e-13 1.04969e-13 7.89468e-14 5.93757e-14 4.46563e-14 3.35859e-14 2.52598e-14 1.89978e-14 1.42882e-14 1.07461e-14 8.08207e-15 6.07848e-15 4.57159e-15 3.43827e-15 2.5859e-15 1.94484e-15 1.4627e-15 1.10008e-15 8.27365e-16 6.22255e-16 4.67993e-16 3.51973e-16 2.64716e-16 1.9909e-16 1.49734e-16 1.12613e-16 8.46952e-17 6.36984e-17 4.79068e-17 3.60302e-17 2.70979e-17 2.038e-17 1.53275e-17 1.15276e-17 8.66978e-18 6.52042e-18 4.90392e-18 3.68817e-18 2.77381e-18 2.08614e-18 1.56896e-18 1.17999e-18 8.8745e-19 6.67437e-19 5.01968e-19 3.77521e-19 2.83927e-19 2.13537e-19 1.60597e-19 1.20782e-19 9.08379e-20 6.83175e-20 5.13802e-20 3.86421e-20 2.90619e-20 2.18569e-20 1.64381e-20 1.23627e-20 9.29776e-21 6.99264e-21 5.25901e-21 3.95518e-21 2.9746e-21 2.23713e-21 1.68249e-21 1.26536e-21 9.51649e-22 7.15712e-22 5.38269e-22 4.04819e-22 3.04454e-22 2.28972e-22 1.72204e-22 1.2951e-22 9.74009e-23 7.32526e-23
