0.987581 0.00153758 0.00114995 0.000860935 0.000645232 0.000484073 0.000363539 0.000273296 0.000205661 0.000154919 0.00011681 8.81617e-05 6.66028e-05 5.0363e-05 3.81181e-05 2.88764e-05 2.18946e-05 1.66152e-05 1.26193e-05 9.5921e-06 7.2967e-06 5.55457e-06 4.2311e-06 3.22468e-06 2.45849e-06 1.87441e-06 1.42839e-06 1.08695e-06 8.246e-07 6.21835e-07 4.757e-07
0.00153758 6.64121e-06 4.97348e-06 3.72905e-06 2.79931e-06 2.1038e-06 1.58287e-06 1.19222e-06 8.98915e-07 6.7845e-07 5.12545e-07 3.87562e-07 2.93308e-07 2.22154e-07 1.68386e-07 1.27715e-07 9.69231e-08 7.35865e-08 5.5882e-08 4.24343e-08 3.2205e-08 2.44087e-08 1.84501e-08 1.38768e-08 1.03439e-08 7.58685e-09 5.40117e-09 3.62719e-09 2.13815e-09 8.31219e-10 6.2628e-10
0.00114995 4.97348e-06 3.72438e-06 2.79236e-06 2.09604e-06 1.57516e-06 1.18505e-06 8.9251e-07 6.72887e-07 5.07813e-07 3.83599e-07 2.9003e-07 2.19469e-07 1.66206e-07 1.25957e-07 9.55137e-08 7.24626e-08 5.49898e-08 4.1729e-08 3.16497e-08 2.39732e-08 1.81102e-08 1.3613e-08 1.01408e-08 7.43233e-09 5.28618e-09 3.54503e-09 2.08422e-09 8.029e-10 6.01582e-10 4.53373e-10
0.000860935 3.72905e-06 2.79236e-06 2.09345e-06 1.57131e-06 1.18074e-06 8.8824e-07 6.68914e-07 5.04264e-07 3.80517e-07 2.87408e-07 2.17274e-07 1.64389e-07 1.2447e-07 9.4306e-08 7.14887e-08 5.42093e-08 4.11068e-08 3.11562e-08 2.35837e-08 1.78042e-08 1.33741e-08 9.95581e-09 7.2909e-09 5.18025e-09 3.46866e-09 2.03335e-09 7.75158e-10 5.813e-10 4.35574e-10 3.28346e-10
0.000645232 2.79931e-06 2.09604e-06 1.57131e-06 1.17931e-06 8.86106e-07 6.66531e-07 5.01898e-07 3.78316e-07 2.85441e-07 2.15566e-07 1.62937e-07 1.23254e-07 9.32998e-08 7.06649e-08 5.35404e-08 4.05677e-08 3.07244e-08 2.324e-08 1.75322e-08 1.31604e-08 9.78928e-09 7.16277e-09 5.08368e-09 3.39855e-09 1.98614e-09 7.48822e-10 5.61448e-10 4.21075e-10 3.15537e-10 2.3792e-10
0.000484073 2.1038e-06 1.57516e-06 1.18074e-06 8.86106e-07 6.65736e-07 5.00716e-07 3.76995e-07 2.84131e-07 2.14346e-07 1.61847e-07 1.22307e-07 9.2495e-08 6.9991e-08 5.29832e-08 4.01117e-08 3.03545e-08 2.29422e-08 1.72943e-08 1.29718e-08 9.64121e-09 7.04806e-09 4.99664e-09 3.3349e-09 1.94293e-09 7.24347e-10 5.42648e-10 4.06898e-10 3.05194e-10 2.28715e-10 1.725e-10
0.000363539 1.58287e-06 1.18505e-06 8.8824e-07 6.66531e-07 5.00716e-07 3.76555e-07 2.83475e-07 2.13615e-07 1.61121e-07 1.21632e-07 9.18914e-08 6.94669e-08 5.25375e-08 3.97386e-08 3.00462e-08 2.26902e-08 1.70904e-08 1.28084e-08 9.51166e-09 6.94681e-09 4.91921e-09 3.27786e-09 1.90388e-09 7.01977e-10 5.25238e-10 3.93507e-10 2.95092e-10 2.21355e-10 1.65896e-10 1.25154e-10
0.000273296 1.19222e-06 8.9251e-07 6.68914e-07 5.01898e-07 3.76995e-07 2.83475e-07 2.13371e-07 1.60758e-07 1.21226e-07 9.14891e-08 6.90927e-08 5.22033e-08 3.94485e-08 2.97997e-08 2.24841e-08 1.69205e-08 1.26701e-08 9.40061e-09 6.85905e-09 4.85144e-09 3.22748e-09 1.8691e-09 6.81846e-10 5.09402e-10 3.81155e-10 2.85577e-10 2.14173e-10 1.60671e-10 1.20425e-10 9.08735e-11
0.000205661 8.98915e-07 6.72887e-07 5.04264e-07 3.78316e-07 2.84131e-07 2.13615e-07 1.60758e-07 1.21091e-07 9.1288e-08 6.88681e-08 5.19805e-08 3.92413e-08 2.96148e-08 2.23238e-08 1.67846e-08 1.2557e-08 9.30809e-09 6.7848e-09 4.79334e-09 3.1838e-09 1.83863e-09 6.64024e-10 4.9524e-10 3.6998e-10 2.7684e-10 2.07432e-10 1.5558e-10 1.16726e-10 8.7493e-11 6.60404e-11
0.000154919 6.7845e-07 5.07813e-07 3.80517e-07 2.85441e-07 2.14346e-07 1.61121e-07 1.21226e-07 9.1288e-08 6.87933e-08 5.18691e-08 3.9117e-08 2.94915e-08 2.22094e-08 1.66827e-08 1.2469e-08 9.23408e-09 6.72406e-09 4.74492e-09 3.14683e-09 1.8125e-09 6.4855e-10 4.82804e-10 3.60056e-10 2.68982e-10 2.01271e-10 1.50818e-10 1.13128e-10 8.48832e-11 6.36293e-11 4.80404e-11
0.00011681 5.12545e-07 3.83599e-07 2.87408e-07 2.15566e-07 1.61847e-07 1.21632e-07 9.14891e-08 6.88681e-08 5.18691e-08 3.90756e-08 2.94299e-08 2.21407e-08 1.66148e-08 1.24062e-08 9.17858e-09 6.67681e-09 4.70619e-09 3.11658e-09 1.79071e-09 6.35442e-10 4.72123e-10 3.51423e-10 2.62059e-10 1.95767e-10 1.46489e-10 1.09775e-10 8.23484e-11 6.17943e-11 4.63247e-11 3.49843e-11
8.81617e-05 3.87562e-07 2.9003e-07 2.17274e-07 1.62937e-07 1.22307e-07 9.18914e-08 6.90927e-08 5.19805e-08 3.9117e-08 2.94299e-08 2.21178e-08 1.65808e-08 1.23685e-08 9.14158e-09 6.64307e-09 4.67715e-09 3.09306e-09 1.77328e-09 6.24712e-10 4.63213e-10 3.44103e-10 2.56102e-10 1.90963e-10 1.42653e-10 1.06747e-10 7.99971e-11 6.00154e-11 4.50397e-11 3.37666e-11 2.55069e-11
6.66028e-05 2.93308e-07 2.19469e-07 1.64389e-07 1.23254e-07 9.2495e-08 6.94669e-08 5.22033e-08 3.92413e-08 2.94915e-08 2.21407e-08 1.65808e-08 1.2356e-08 9.12308e-09 6.62283e-09 4.65778e-09 3.07625e-09 1.76021e-09 6.16364e-10 4.5608e-10 3.38106e-10 2.51126e-10 1.86881e-10 1.39339e-10 1.04086e-10 7.78887e-11 5.83738e-11 4.37967e-11 3.2871e-11 2.46452e-11 1.86212e-11
5.0363e-05 2.22154e-07 1.66206e-07 1.2447e-07 9.32998e-08 6.9991e-08 5.25375e-08 3.94485e-08 2.96148e-08 2.22094e-08 1.66148e-08 1.23685e-08 9.12308e-09 6.61608e-09 4.6481e-09 3.06617e-09 1.75149e-09 6.104e-10 4.50728e-10 3.33439e-10 2.4714e-10 1.83533e-10 1.36566e-10 1.01817e-10 7.60552e-11 5.69138e-11 4.26564e-11 3.20067e-11 2.40242e-11 1.80133e-11 1.36136e-11
3.81181e-05 1.68386e-07 1.25957e-07 9.4306e-08 7.06649e-08 5.29832e-08 3.97386e-08 2.97997e-08 2.23238e-08 1.66827e-08 1.24062e-08 9.14158e-09 6.62283e-09 4.6481e-09 3.06281e-09 1.74713e-09 6.06822e-10 4.4716e-10 3.30104e-10 2.44148e-10 1.80926e-10 1.34341e-10 9.99514e-11 7.45143e-11 5.56594e-11 4.16518e-11 3.12192e-11 2.34267e-11 1.75854e-11 1.31863e-11 9.9678e-12
2.88764e-05 1.27715e-07 9.55137e-08 7.14887e-08 5.35404e-08 4.01117e-08 3.00462e-08 2.24841e-08 1.67846e-08 1.2469e-08 9.17858e-09 6.64307e-09 4.65778e-09 3.06617e-09 1.74713e-09 6.05629e-10 4.45376e-10 3.28102e-10 2.42153e-10 1.79061e-10 1.3267e-10 9.84963e-11 7.32752e-11 5.46238e-11 4.08011e-11 3.05333e-11 2.28866e-11 1.71751e-11 1.28936e-11 9.66871e-12 7.31032e-12
2.18946e-05 9.69231e-08 7.24626e-08 5.42093e-08 4.05677e-08 3.03545e-08 2.26902e-08 1.69205e-08 1.2557e-08 9.23408e-09 6.67681e-09 4.67715e-09 3.07625e-09 1.75149e-09 6.06822e-10 4.45376e-10 3.27435e-10 2.41155e-10 1.77942e-10 1.31555e-10 9.74552e-11 7.23432e-11 5.38139e-11 4.01139e-11 2.99624e-11 2.24225e-11 1.68078e-11 1.26141e-11 9.47027e-12 7.10194e-12 5.37068e-12
1.66152e-05 7.35865e-08 5.49898e-08 4.11068e-08 3.07244e-08 2.29422e-08 1.70904e-08 1.26701e-08 9.30809e-09 6.72406e-09 4.70619e-09 3.09306e-09 1.76021e-09 6.104e-10 4.4716e-10 3.28102e-10 2.41155e-10 1.77569e-10 1.30997e-10 9.683e-11 7.17207e-11 5.32336e-11 3.95956e-11 2.95138e-11 2.20444e-11 1.64972e-11 1.23667e-11 9.28165e-12 6.96881e-12 5.22628e-12 3.95296e-12
1.26193e-05 5.5882e-08 4.1729e-08 3.11562e-08 2.324e-08 1.72943e-08 1.28084e-08 9.40061e-09 6.7848e-09 4.74492e-09 3.11658e-09 1.77328e-09 6.16364e-10 4.50728e-10 3.30104e-10 2.42153e-10 1.77942e-10 1.30997e-10 9.66215e-11 7.14092e-11 5.28848e-11 3.92489e-11 2.91914e-11 2.17577e-11 1.6251e-11 1.21618e-11 9.11706e-12 6.84303e-12 5.13814e-12 3.85352e-12 2.91511e-12
9.5921e-06 4.24343e-08 3.16497e-08 2.35837e-08 1.75322e-08 1.29718e-08 9.51166e-09 6.85905e-09 4.79334e-09 3.14683e-09 1.79071e-09 6.24712e-10 4.5608e-10 3.33439e-10 2.44148e-10 1.79061e-10 1.31555e-10 9.683e-11 7.14092e-11 5.27685e-11 3.90753e-11 2.89974e-11 2.15654e-11 1.60731e-11 1.20049e-11 8.9842e-12 6.73519e-12 5.05549e-12 3.79613e-12 2.84713e-12 2.15409e-12
7.2967e-06 3.2205e-08 2.39732e-08 1.78042e-08 1.31604e-08 9.64121e-09 6.94681e-09 4.85144e-09 3.1838e-09 1.8125e-09 6.35442e-10 4.63213e-10 3.38106e-10 2.4714e-10 1.80926e-10 1.3267e-10 9.74552e-11 7.17207e-11 5.28848e-11 3.90753e-11 2.89326e-11 2.1469e-11 1.59657e-11 1.18991e-11 8.88723e-12 6.65106e-12 4.98623e-12 3.74283e-12 2.81058e-12 2.10802e-12 1.59507e-12
5.55457e-06 2.44087e-08 1.81102e-08 1.33741e-08 9.78928e-09 7.04806e-09 4.91921e-09 3.22748e-09 1.83863e-09 6.4855e-10 4.72123e-10 3.44103e-10 2.51126e-10 1.83533e-10 1.34341e-10 9.84963e-11 7.23432e-11 5.32336e-11 3.92489e-11 2.89974e-11 2.1469e-11 1.59298e-11 1.18458e-11 8.82836e-12 6.5937e-12 4.93464e-12 3.69952e-12 2.77706e-12 2.08542e-12 1.56416e-12 1.18366e-12
4.2311e-06 1.84501e-08 1.3613e-08 9.95581e-09 7.16277e-09 4.99664e-09 3.27786e-09 1.8691e-09 6.64024e-10 4.82804e-10 3.51423e-10 2.56102e-10 1.86881e-10 1.36566e-10 9.99514e-11 7.32752e-11 5.38139e-11 3.95956e-11 2.91914e-11 2.15654e-11 1.59657e-11 1.18458e-11 8.80864e-12 6.56469e-12 4.90298e-12 3.66934e-12 2.75095e-12 2.06505e-12 1.55078e-12 1.16317e-12 8.80267e-13
3.22468e-06 1.38768e-08 1.01408e-08 7.2909e-09 5.08368e-09 3.3349e-09 1.90388e-09 6.81846e-10 4.9524e-10 3.60056e-10 2.62059e-10 1.90963e-10 1.39339e-10 1.01817e-10 7.45143e-11 5.46238e-11 4.01139e-11 2.95138e-11 2.17577e-11 1.60731e-11 1.18991e-11 8.82836e-12 6.56469e-12 4.89232e-12 3.65391e-12 2.73455e-12 2.05014e-12 1.53899e-12 1.15574e-12 8.66876e-13 6.5606e-13
2.45849e-06 1.03439e-08 7.43233e-09 5.18025e-09 3.39855e-09 1.94293e-09 7.01977e-10 5.09402e-10 3.6998e-10 2.68982e-10 1.95767e-10 1.42653e-10 1.04086e-10 7.60552e-11 5.56594e-11 4.08011e-11 2.99624e-11 2.20444e-11 1.6251e-11 1.20049e-11 8.88723e-12 6.5937e-12 4.90298e-12 3.65391e-12 2.72897e-12 2.04233e-12 1.53117e-12 1.14942e-12 8.63182e-13 6.47441e-13 4.89995e-13
1.87441e-06 7.58685e-09 5.28618e-09 3.46866e-09 1.98614e-09 7.24347e-10 5.25238e-10 3.81155e-10 2.7684e-10 2.01271e-10 1.46489e-10 1.06747e-10 7.78887e-11 5.69138e-11 4.16518e-11 3.05333e-11 2.24225e-11 1.64972e-11 1.21618e-11 8.9842e-12 6.65106e-12 4.93464e-12 3.66934e-12 2.73455e-12 2.04233e-12 1.52845e-12 1.1459e-12 8.602e-13 6.45983e-13 4.84525e-13 3.66693e-13
1.42839e-06 5.40117e-09 3.54503e-09 2.03335e-09 7.48822e-10 5.42648e-10 3.93507e-10 2.85577e-10 2.07432e-10 1.50818e-10 1.09775e-10 7.99971e-11 5.83738e-11 4.26564e-11 3.12192e-11 2.28866e-11 1.68078e-11 1.23667e-11 9.11706e-12 6.73519e-12 4.98623e-12 3.69952e-12 2.75095e-12 2.05014e-12 1.53117e-12 1.1459e-12 8.59091e-13 6.44889e-13 4.84285e-13 3.63238e-13 2.74892e-13
1.08695e-06 3.62719e-09 2.08422e-09 7.75158e-10 5.61448e-10 4.06898e-10 2.95092e-10 2.14173e-10 1.5558e-10 1.13128e-10 8.23484e-11 6.00154e-11 4.37967e-11 3.20067e-11 2.34267e-11 1.71751e-11 1.26141e-11 9.28165e-12 6.84303e-12 5.05549e-12 3.74283e-12 2.77706e-12 2.06505e-12 1.53899e-12 1.14942e-12 8.602e-13 6.44889e-13 4.84087e-13 3.63522e-13 2.72656e-13 2.06331e-13
8.246e-07 2.13815e-09 8.029e-10 5.813e-10 4.21075e-10 3.05194e-10 2.21355e-10 1.60671e-10 1.16726e-10 8.48832e-11 6.17943e-11 4.50397e-11 3.2871e-11 2.40242e-11 1.75854e-11 1.28936e-11 9.47027e-12 6.96881e-12 5.13814e-12 3.79613e-12 2.81058e-12 2.08542e-12 1.55078e-12 1.15574e-12 8.63182e-13 6.45983e-13 4.84285e-13 3.63522e-13 2.72978e-13 2.04741e-13 1.54929e-13
6.21835e-07 8.31219e-10 6.01582e-10 4.35574e-10 3.15537e-10 2.28715e-10 1.65896e-10 1.20425e-10 8.7493e-11 6.36293e-11 4.63247e-11 3.37666e-11 2.46452e-11 1.80133e-11 1.31863e-11 9.66871e-12 7.10194e-12 5.22628e-12 3.85352e-12 2.84713e-12 2.10802e-12 1.56416e-12 1.16317e-12 8.66876e-13 6.47441e-13 4.84525e-13 3.63238e-13 2.72656e-13 2.04741e-13 1.5356e-13 1.16195e-13
4.757e-07 6.2628e-10 4.53373e-10 3.28346e-10 2.3792e-10 1.725e-10 1.25154e-10 9.08735e-11 6.60404e-11 4.80404e-11 3.49843e-11 2.55069e-11 1.86212e-11 1.36136e-11 9.9678e-12 7.31032e-12 5.37068e-12 3.95296e-12 2.91511e-12 2.15409e-12 1.59507e-12 1.18366e-12 8.80267e-13 6.5606e-13 4.89995e-13 3.66693e-13 2.74892e-13 2.06331e-13 1.54929e-13 1.16195e-13 8.79091e-14
