0.79679 0.0423172 0.0215577 0.0114859 0.0063307 0.0035725 0.00204573 0.00118028 0.000682472 0.000394029 0.000226596 0.0001296 7.36582e-05 4.15857e-05 2.33209e-05 1.29923e-05 7.19247e-06 3.95787e-06 2.16567e-06 1.17878e-06 6.38475e-07 3.44253e-07 1.84834e-07 9.88537e-08 5.26783e-08 2.79765e-08 1.4808e-08 7.80748e-09 4.08975e-09 2.10622e-09 1.10416e-09
0.0423172 0.00392899 0.00204087 0.00108522 0.000582446 0.000312799 0.00016731 8.89356e-05 4.69467e-05 2.46105e-05 1.28172e-05 6.63559e-06 3.41703e-06 1.75134e-06 8.93922e-07 4.54637e-07 2.30501e-07 1.16549e-07 5.87936e-08 2.95993e-08 1.48759e-08 7.46526e-09 3.74154e-09 1.8731e-09 9.36645e-10 4.67612e-10 2.32597e-10 1.144e-10 5.40992e-11 2.18978e-11 1.08846e-11
0.0215577 0.00204087 0.00103361 0.000536716 0.000282249 0.000149073 7.86768e-05 4.13789e-05 2.16582e-05 1.12766e-05 5.84064e-06 3.01019e-06 1.54438e-06 7.89109e-07 4.01737e-07 2.03872e-07 1.03171e-07 5.20829e-08 2.62372e-08 1.31931e-08 6.62357e-09 3.32082e-09 1.66292e-09 8.3171e-10 4.1529e-10 2.0661e-10 1.01674e-10 4.82031e-11 1.97984e-11 9.75826e-12 4.8525e-12
0.0114859 0.00108522 0.000536716 0.000272206 0.000140141 7.26881e-05 3.77908e-05 1.96325e-05 1.01734e-05 5.25371e-06 2.70291e-06 1.38534e-06 7.07476e-07 3.60095e-07 1.82728e-07 9.24731e-08 4.66856e-08 2.35199e-08 1.18273e-08 5.93806e-09 2.97712e-09 1.49076e-09 7.45552e-10 3.72238e-10 1.85182e-10 9.11521e-11 4.32957e-11 1.79896e-11 8.88456e-12 4.37969e-12 2.1787e-12
0.0063307 0.000582446 0.000282249 0.000140141 7.07192e-05 3.60333e-05 1.84497e-05 9.46213e-06 4.85077e-06 2.48271e-06 1.2678e-06 6.45752e-07 3.28054e-07 1.66236e-07 8.40382e-08 4.23923e-08 2.13428e-08 1.07266e-08 5.38276e-09 2.69751e-09 1.35019e-09 6.74982e-10 3.36877e-10 1.6754e-10 8.24682e-11 3.92321e-11 1.6474e-11 8.1287e-12 4.01537e-12 1.97965e-12 9.85099e-13
0.0035725 0.000312799 0.000149073 7.26881e-05 3.60333e-05 1.80608e-05 9.11366e-06 4.61538e-06 2.34067e-06 1.18706e-06 6.0148e-07 3.04349e-07 1.5375e-07 7.75386e-08 3.9038e-08 1.9623e-08 9.84918e-09 4.9369e-09 2.47163e-09 1.23604e-09 6.17426e-10 3.07929e-10 1.53049e-10 7.53157e-11 3.58757e-11 1.52141e-11 7.49475e-12 3.69881e-12 1.82743e-12 9.01054e-13 4.4849e-13
0.00204573 0.00016731 7.86768e-05 3.77908e-05 1.84497e-05 9.11366e-06 4.53797e-06 2.27105e-06 1.13986e-06 5.72903e-07 2.88049e-07 1.44785e-07 7.27239e-08 3.64949e-08 1.82956e-08 9.16245e-09 4.58399e-09 2.29121e-09 1.14417e-09 5.70815e-10 2.84362e-10 1.412e-10 6.94444e-11 3.3111e-11 1.41706e-11 6.96792e-12 3.4331e-12 1.69456e-12 8.3733e-13 4.12893e-13 2.05553e-13
0.00118028 8.89356e-05 4.13789e-05 1.96325e-05 9.46213e-06 4.61538e-06 2.27105e-06 1.12434e-06 5.5889e-07 2.78517e-07 1.38994e-07 6.94101e-08 3.46667e-08 1.73109e-08 8.64096e-09 4.31111e-09 2.14971e-09 1.07131e-09 5.33498e-10 2.6535e-10 1.31579e-10 6.46522e-11 3.08439e-11 1.33096e-11 6.53211e-12 3.21243e-12 1.58297e-12 7.81439e-13 3.86167e-13 1.9043e-13 9.48152e-14
0.000682472 4.69467e-05 2.16582e-05 1.01734e-05 4.85077e-06 2.34067e-06 1.13986e-06 5.5889e-07 2.75381e-07 1.36153e-07 6.74708e-08 3.34846e-08 1.66325e-08 8.26557e-09 4.10839e-09 2.04207e-09 1.01486e-09 5.04172e-10 2.50235e-10 1.23859e-10 6.07767e-11 2.89986e-11 1.26034e-11 6.1734e-12 3.03021e-12 1.4904e-12 7.34484e-13 3.62607e-13 1.792e-13 8.83696e-14 4.40023e-14
0.000394029 2.46105e-05 1.12766e-05 5.25371e-06 2.48271e-06 1.18706e-06 5.72903e-07 2.78517e-07 1.36153e-07 6.68324e-08 3.29044e-08 1.62351e-08 8.02263e-09 3.96855e-09 1.96449e-09 9.72854e-10 4.81824e-10 2.38503e-10 1.17779e-10 5.7689e-11 2.75141e-11 1.20296e-11 5.88037e-12 2.8807e-12 1.41414e-12 6.95592e-13 3.42814e-13 1.69249e-13 8.36436e-14 4.12466e-14 2.05382e-14
0.000226596 1.28172e-05 5.84064e-06 2.70291e-06 1.2678e-06 6.0148e-07 2.88049e-07 1.38994e-07 6.74708e-08 3.29044e-08 1.61043e-08 7.90331e-09 3.88658e-09 1.91422e-09 9.43842e-10 4.65692e-10 2.2976e-10 1.13138e-10 5.52876e-11 2.63424e-11 1.15705e-11 5.64386e-12 2.75921e-12 1.35183e-12 6.63658e-13 3.26457e-13 1.60893e-13 7.94329e-14 3.92548e-14 1.93564e-14 9.63776e-15
0.0001296 6.63559e-06 3.01019e-06 1.38534e-06 6.45752e-07 3.04349e-07 1.44785e-07 6.94101e-08 3.34846e-08 1.62351e-08 7.90331e-09 3.85957e-09 1.88952e-09 9.26822e-10 4.55229e-10 2.23712e-10 1.09782e-10 5.34948e-11 2.54463e-11 1.12121e-11 5.45664e-12 2.66198e-12 1.30153e-12 6.37704e-13 3.13082e-13 1.54008e-13 7.59004e-14 3.74702e-14 1.8516e-14 9.1294e-15 4.54514e-15
7.36582e-05 3.41703e-06 1.54438e-06 7.07476e-07 3.28054e-07 1.5375e-07 7.27239e-08 3.46667e-08 1.66325e-08 8.02263e-09 3.88658e-09 1.88952e-09 9.21213e-10 4.50084e-10 2.20161e-10 1.07603e-10 5.22533e-11 2.47974e-11 1.09437e-11 5.31306e-12 2.58606e-12 1.26171e-12 6.16932e-13 3.02286e-13 1.48408e-13 7.3001e-14 3.59752e-14 1.77586e-14 8.77449e-15 4.32583e-15 2.15331e-15
4.15857e-05 1.75134e-06 7.89109e-07 3.60095e-07 1.66236e-07 7.75386e-08 3.64949e-08 1.73109e-08 8.26557e-09 3.96855e-09 1.91422e-09 9.26822e-10 4.50084e-10 2.18991e-10 1.06531e-10 5.15237e-11 2.43756e-11 1.07573e-11 5.20887e-12 2.52919e-12 1.23117e-12 6.00714e-13 2.93738e-13 1.43927e-13 7.0659e-14 3.47545e-14 1.71256e-14 8.4527e-15 4.17588e-15 2.05843e-15 1.02444e-15
2.33209e-05 8.93922e-07 4.01737e-07 1.82728e-07 8.40382e-08 3.9038e-08 1.82956e-08 8.64096e-09 4.10839e-09 1.96449e-09 9.43842e-10 4.55229e-10 2.20161e-10 1.06531e-10 5.12831e-11 2.41679e-11 1.06476e-11 5.14105e-12 2.48971e-12 1.20901e-12 5.88565e-13 2.87183e-13 1.40428e-13 6.88051e-14 3.37769e-14 1.6612e-14 8.18465e-15 4.0391e-15 1.99509e-15 9.83287e-16 4.89246e-16
1.29923e-05 4.54637e-07 2.03872e-07 9.24731e-08 4.23923e-08 1.9623e-08 9.16245e-09 4.31111e-09 2.04207e-09 9.72854e-10 4.65692e-10 2.23712e-10 1.07603e-10 5.15237e-11 2.41679e-11 1.06114e-11 5.10761e-12 2.46646e-12 1.19458e-12 5.80129e-13 2.82427e-13 1.37808e-13 6.73838e-14 3.30138e-14 1.62052e-14 7.96894e-15 3.92565e-15 1.93694e-15 9.56553e-16 4.71355e-16 2.34465e-16
7.19247e-06 2.30501e-07 1.03171e-07 4.66856e-08 2.13428e-08 9.84918e-09 4.58399e-09 2.14971e-09 1.01486e-09 4.81824e-10 2.2976e-10 1.09782e-10 5.22533e-11 2.43756e-11 1.06476e-11 5.10761e-12 2.45878e-12 1.18746e-12 5.75163e-13 2.7933e-13 1.35989e-13 6.63527e-14 3.24425e-14 1.58934e-14 7.80046e-15 3.83531e-15 1.88901e-15 9.31856e-16 4.60092e-16 2.26672e-16 1.12719e-16
3.95787e-06 1.16549e-07 5.20829e-08 2.35199e-08 1.07266e-08 4.9369e-09 2.29121e-09 1.07131e-09 5.04172e-10 2.38503e-10 1.13138e-10 5.34948e-11 2.47974e-11 1.07573e-11 5.14105e-12 2.46646e-12 1.18746e-12 5.73523e-13 2.77804e-13 1.34918e-13 6.56815e-14 3.20461e-14 1.56672e-14 7.67436e-15 3.76602e-15 1.85134e-15 9.11653e-16 4.4962e-16 2.2194e-16 1.09319e-16 5.43447e-17
2.16567e-06 5.87936e-08 2.62372e-08 1.18273e-08 5.38276e-09 2.47163e-09 1.14417e-09 5.33498e-10 2.50235e-10 1.17779e-10 5.52876e-11 2.54463e-11 1.09437e-11 5.20887e-12 2.48971e-12 1.19458e-12 5.75163e-13 2.77804e-13 1.34564e-13 6.53507e-14 3.18127e-14 1.55201e-14 7.58688e-15 3.71578e-15 1.82312e-15 8.9605e-16 4.41141e-16 2.17514e-16 1.07341e-16 5.28598e-17 2.62687e-17
1.17878e-06 2.95993e-08 1.31931e-08 5.93806e-09 2.69751e-09 1.23604e-09 5.70815e-10 2.6535e-10 1.23859e-10 5.7689e-11 2.63424e-11 1.12121e-11 5.31306e-12 2.52919e-12 1.20901e-12 5.80129e-13 2.7933e-13 1.34918e-13 6.53507e-14 3.17357e-14 1.54476e-14 7.53542e-15 3.68311e-15 1.80355e-15 8.84726e-16 4.34741e-16 2.13978e-16 1.05478e-16 5.20383e-17 2.562e-17 1.27274e-17
6.38475e-07 1.48759e-08 6.62357e-09 2.97712e-09 1.35019e-09 6.17426e-10 2.84362e-10 1.31579e-10 6.07767e-11 2.75141e-11 1.15705e-11 5.45664e-12 2.58606e-12 1.23117e-12 5.88565e-13 2.82427e-13 1.35989e-13 6.56815e-14 3.18127e-14 1.54476e-14 7.51843e-15 3.66701e-15 1.79204e-15 8.77362e-16 4.30295e-16 2.1139e-16 1.04019e-16 5.12606e-17 2.52824e-17 1.24442e-17 6.17968e-18
3.44253e-07 7.46526e-09 3.32082e-09 1.49076e-09 6.74982e-10 3.07929e-10 1.412e-10 6.46522e-11 2.89986e-11 1.20296e-11 5.64386e-12 2.66198e-12 1.26171e-12 6.00714e-13 2.87183e-13 1.37808e-13 6.63527e-14 3.20461e-14 1.55201e-14 7.53542e-15 3.66701e-15 1.78824e-15 8.73736e-16 4.27681e-16 2.09704e-16 1.02994e-16 5.06664e-17 2.49612e-17 1.23075e-17 6.0563e-18 3.00637e-18
1.84834e-07 3.74154e-09 1.66292e-09 7.45552e-10 3.36877e-10 1.53049e-10 6.94444e-11 3.08439e-11 1.26034e-11 5.88037e-12 2.75921e-12 1.30153e-12 6.16932e-13 2.93738e-13 1.40428e-13 6.73838e-14 3.24425e-14 1.56672e-14 7.58688e-15 3.68311e-15 1.79204e-15 8.73736e-16 4.26818e-16 2.08873e-16 1.0239e-16 5.02747e-17 2.47247e-17 1.21771e-17 6.00227e-18 2.95281e-18 1.46522e-18
9.88537e-08 1.8731e-09 8.3171e-10 3.72238e-10 1.6754e-10 7.53157e-11 3.3111e-11 1.33096e-11 6.1734e-12 2.8807e-12 1.35183e-12 6.37704e-13 3.02286e-13 1.43927e-13 6.88051e-14 3.30138e-14 1.58934e-14 7.67436e-15 3.71578e-15 1.80355e-15 8.77362e-16 4.27681e-16 2.08873e-16 1.02191e-16 5.00811e-17 2.45833e-17 1.20862e-17 5.95069e-18 2.93225e-18 1.44212e-18 7.15318e-19
5.26783e-08 9.36645e-10 4.1529e-10 1.85182e-10 8.24682e-11 3.58757e-11 1.41706e-11 6.53211e-12 3.03021e-12 1.41414e-12 6.63658e-13 3.13082e-13 1.48408e-13 7.0659e-14 3.37769e-14 1.62052e-14 7.80046e-15 3.76602e-15 1.82312e-15 8.84726e-16 4.30295e-16 2.09704e-16 1.0239e-16 5.00811e-17 2.45365e-17 1.20406e-17 5.91784e-18 2.91272e-18 1.4348e-18 7.05456e-19 3.49777e-19
2.79765e-08 4.67612e-10 2.0661e-10 9.11521e-11 3.92321e-11 1.52141e-11 6.96792e-12 3.21243e-12 1.4904e-12 6.95592e-13 3.26457e-13 1.54008e-13 7.3001e-14 3.47545e-14 1.6612e-14 7.96894e-15 3.83531e-15 1.85134e-15 8.9605e-16 4.34741e-16 2.1139e-16 1.02994e-16 5.02747e-17 2.45833e-17 1.20406e-17 5.90676e-18 2.90217e-18 1.42795e-18 7.03169e-19 3.45632e-19 1.713e-19
1.4808e-08 2.32597e-10 1.01674e-10 4.32957e-11 1.6474e-11 7.49475e-12 3.4331e-12 1.58297e-12 7.34484e-13 3.42814e-13 1.60893e-13 7.59004e-14 3.59752e-14 1.71256e-14 8.18465e-15 3.92565e-15 1.88901e-15 9.11653e-16 4.41141e-16 2.13978e-16 1.04019e-16 5.06664e-17 2.47247e-17 1.20862e-17 5.91784e-18 2.90217e-18 1.42544e-18 7.01116e-19 3.45135e-19 1.69595e-19 8.40191e-20
7.80748e-09 1.144e-10 4.82031e-11 1.79896e-11 8.1287e-12 3.69881e-12 1.69456e-12 7.81439e-13 3.62607e-13 1.69249e-13 7.94329e-14 3.74702e-14 1.77586e-14 8.4527e-15 4.0391e-15 1.93694e-15 9.31856e-16 4.4962e-16 2.17514e-16 1.05478e-16 5.12606e-17 2.49612e-17 1.21771e-17 5.95069e-18 2.91272e-18 1.42795e-18 7.01116e-19 3.44728e-19 1.69638e-19 8.33333e-20 4.12667e-20
4.08975e-09 5.40992e-11 1.97984e-11 8.88456e-12 4.01537e-12 1.82743e-12 8.3733e-13 3.86167e-13 1.792e-13 8.36436e-14 3.92548e-14 1.8516e-14 8.77449e-15 4.17588e-15 1.99509e-15 9.56553e-16 4.60092e-16 2.2194e-16 1.07341e-16 5.20383e-17 2.52824e-17 1.23075e-17 6.00227e-18 2.93225e-18 1.4348e-18 7.03169e-19 3.45135e-19 1.69638e-19 8.34488e-20 4.09814e-20 2.02856e-20
2.10622e-09 2.18978e-11 9.75826e-12 4.37969e-12 1.97965e-12 9.01054e-13 4.12893e-13 1.9043e-13 8.83696e-14 4.12466e-14 1.93564e-14 9.1294e-15 4.32583e-15 2.05843e-15 9.83287e-16 4.71355e-16 2.26672e-16 1.09319e-16 5.28598e-17 2.562e-17 1.24442e-17 6.0563e-18 2.95281e-18 1.44212e-18 7.05456e-19 3.45632e-19 1.69595e-19 8.33333e-20 4.09814e-20 2.01206e-20 9.95611e-21
1.10416e-09 1.08846e-11 4.8525e-12 2.1787e-12 9.85099e-13 4.4849e-13 2.05553e-13 9.48152e-14 4.40023e-14 2.05382e-14 9.63776e-15 4.54514e-15 2.15331e-15 1.02444e-15 4.89246e-16 2.34465e-16 1.12719e-16 5.43447e-17 2.62687e-17 1.27274e-17 6.17968e-18 3.00637e-18 1.46522e-18 7.15318e-19 3.49777e-19 1.713e-19 8.40191e-20 4.12667e-20 2.02856e-20 9.95611e-21 4.92407e-21
