0.918394 0.000919699 0.000873714 0.000830028 0.000788527 0.0007491 0.000711645 0.000676063 0.00064226 0.000610147 0.00057964 0.000550658 0.000523125 0.000496968 0.00047212 0.000448514 0.000426088 0.000404784 0.000384545 0.000365317 0.000347052 0.000329699 0.000313214 0.000297553 0.000282676 0.000268542 0.000255115 0.000242359 0.000230241 0.000218729 0.000207793 0.000197403 0.000187533 0.000178156 0.000169248 0.000160786 0.000152747 0.000145109 0.000137854 0.000130961 0.000124413 0.000118192 0.000112283 0.000106669 0.000101335 9.62685e-05 9.14551e-05 8.68823e-05 8.25382e-05 7.84113e-05 7.44907e-05 7.07662e-05 6.72279e-05 6.38665e-05 6.06732e-05 5.76395e-05 5.47575e-05 5.20196e-05 4.94187e-05 4.69477e-05 4.46003e-05 4.23703e-05 4.02518e-05 3.82392e-05 3.63273e-05 3.45109e-05 3.27854e-05 3.11461e-05 2.95888e-05 2.81093e-05 2.67039e-05 2.53687e-05 2.41002e-05 2.28952e-05 2.17505e-05 2.06629e-05 1.96298e-05 1.86483e-05 1.77159e-05 1.68301e-05 1.59886e-05 1.51892e-05 1.44297e-05 1.37082e-05 1.30228e-05 1.23717e-05 1.17531e-05 1.11654e-05 1.06072e-05 1.00768e-05 9.57296e-06 9.09432e-06 8.6396e-06 8.20762e-06 7.79724e-06 7.40738e-06 7.03701e-06 6.68516e-06 6.3509e-06 6.03335e-06 5.73169e-06
0.000919699 5.8136e-05 5.58368e-05 5.36221e-05 5.14893e-05 4.94358e-05 4.74588e-05 4.5556e-05 4.37248e-05 4.19629e-05 4.02678e-05 3.86373e-05 3.70692e-05 3.55613e-05 3.41116e-05 3.27179e-05 3.13783e-05 3.00908e-05 2.88537e-05 2.7665e-05 2.65231e-05 2.54262e-05 2.43727e-05 2.3361e-05 2.23895e-05 2.14568e-05 2.05613e-05 1.97018e-05 1.88768e-05 1.80851e-05 1.73253e-05 1.65963e-05 1.58969e-05 1.52259e-05 1.45823e-05 1.3965e-05 1.3373e-05 1.28052e-05 1.22608e-05 1.17389e-05 1.12384e-05 1.07587e-05 1.02988e-05 9.85807e-06 9.43563e-06 9.03079e-06 8.64285e-06 8.27112e-06 7.91496e-06 7.57374e-06 7.24685e-06 6.93372e-06 6.63378e-06 6.3465e-06 6.07137e-06 5.80788e-06 5.55556e-06 5.31396e-06 5.08262e-06 4.86114e-06 4.64909e-06 4.4461e-06 4.25179e-06 4.06579e-06 3.88776e-06 3.71737e-06 3.5543e-06 3.39824e-06 3.24891e-06 3.10601e-06 2.96928e-06 2.83845e-06 2.71329e-06 2.59354e-06 2.47899e-06 2.36941e-06 2.26459e-06 2.16433e-06 2.06843e-06 1.97671e-06 1.889e-06 1.80511e-06 1.72489e-06 1.64817e-06 1.57482e-06 1.50468e-06 1.43762e-06 1.3735e-06 1.31221e-06 1.2536e-06 1.19758e-06 1.14402e-06 1.09283e-06 1.0439e-06 9.97123e-07 9.52418e-07 9.0969e-07 8.68855e-07 8.29828e-07 7.92532e-07 7.56891e-07
0.000873714 5.58368e-05 5.36605e-05 5.15627e-05 4.95409e-05 4.75927e-05 4.57159e-05 4.3908e-05 4.2167e-05 4.04906e-05 3.88767e-05 3.73232e-05 3.58282e-05 3.43896e-05 3.30055e-05 3.1674e-05 3.03934e-05 2.91619e-05 2.79777e-05 2.68392e-05 2.57448e-05 2.46928e-05 2.36819e-05 2.27105e-05 2.17771e-05 2.08805e-05 2.00191e-05 1.91919e-05 1.83974e-05 1.76345e-05 1.6902e-05 1.61987e-05 1.55236e-05 1.48756e-05 1.42537e-05 1.36569e-05 1.30842e-05 1.25347e-05 1.20075e-05 1.15017e-05 1.10166e-05 1.05512e-05 1.01049e-05 9.67697e-06 9.26657e-06 8.87307e-06 8.4958e-06 8.13411e-06 7.7874e-06 7.45506e-06 7.13651e-06 6.83122e-06 6.53865e-06 6.25829e-06 5.98965e-06 5.73226e-06 5.48565e-06 5.24941e-06 5.02309e-06 4.80631e-06 4.59867e-06 4.3998e-06 4.20933e-06 4.02694e-06 3.85227e-06 3.68503e-06 3.52489e-06 3.37157e-06 3.22478e-06 3.08426e-06 2.94974e-06 2.82097e-06 2.69772e-06 2.57975e-06 2.46684e-06 2.35879e-06 2.25538e-06 2.15643e-06 2.06174e-06 1.97114e-06 1.88445e-06 1.80151e-06 1.72216e-06 1.64624e-06 1.57362e-06 1.50416e-06 1.43771e-06 1.37415e-06 1.31335e-06 1.25521e-06 1.1996e-06 1.14642e-06 1.09556e-06 1.04693e-06 1.00042e-06 9.55953e-07 9.13433e-07 8.72778e-07 8.33909e-07 7.96747e-07 7.6122e-07
0.000830028 5.36221e-05 5.15627e-05 4.9576e-05 4.76597e-05 4.58119e-05 4.40304e-05 4.23131e-05 4.06581e-05 3.90634e-05 3.75271e-05 3.60473e-05 3.46221e-05 3.32498e-05 3.19287e-05 3.06569e-05 2.94329e-05 2.82551e-05 2.71218e-05 2.60316e-05 2.49829e-05 2.39743e-05 2.30044e-05 2.20719e-05 2.11753e-05 2.03135e-05 1.94852e-05 1.86892e-05 1.79243e-05 1.71893e-05 1.64833e-05 1.5805e-05 1.51536e-05 1.45279e-05 1.39271e-05 1.33503e-05 1.27964e-05 1.22647e-05 1.17543e-05 1.12644e-05 1.07942e-05 1.0343e-05 9.91003e-06 9.49461e-06 9.09605e-06 8.71371e-06 8.34695e-06 7.99516e-06 7.65776e-06 7.3342e-06 7.02391e-06 6.72639e-06 6.44113e-06 6.16763e-06 5.90544e-06 5.65411e-06 5.4132e-06 5.1823e-06 4.961e-06 4.74892e-06 4.54569e-06 4.35095e-06 4.16436e-06 3.98559e-06 3.81432e-06 3.65025e-06 3.49308e-06 3.34253e-06 3.19833e-06 3.06023e-06 2.92796e-06 2.80129e-06 2.68e-06 2.56385e-06 2.45264e-06 2.34616e-06 2.24422e-06 2.14662e-06 2.05319e-06 1.96375e-06 1.87814e-06 1.7962e-06 1.71777e-06 1.6427e-06 1.57086e-06 1.50211e-06 1.43632e-06 1.37336e-06 1.31312e-06 1.25548e-06 1.20033e-06 1.14756e-06 1.09708e-06 1.04879e-06 1.00259e-06 9.58396e-07 9.16122e-07 8.75685e-07 8.37008e-07 8.00016e-07 7.64636e-07
0.000788527 5.14893e-05 4.95409e-05 4.76597e-05 4.5844e-05 4.40916e-05 4.24009e-05 4.077e-05 3.91971e-05 3.76804e-05 3.62182e-05 3.48088e-05 3.34505e-05 3.21417e-05 3.08809e-05 2.96664e-05 2.84967e-05 2.73704e-05 2.62861e-05 2.52422e-05 2.42376e-05 2.32707e-05 2.23404e-05 2.14454e-05 2.05844e-05 1.97563e-05 1.89599e-05 1.81941e-05 1.74578e-05 1.675e-05 1.60695e-05 1.54156e-05 1.47871e-05 1.41832e-05 1.3603e-05 1.30455e-05 1.251e-05 1.19957e-05 1.15017e-05 1.10273e-05 1.05717e-05 1.01344e-05 9.71446e-06 9.31136e-06 8.92443e-06 8.55305e-06 8.19663e-06 7.8546e-06 7.5264e-06 7.21149e-06 6.90937e-06 6.61953e-06 6.3415e-06 6.07481e-06 5.81903e-06 5.57372e-06 5.33848e-06 5.1129e-06 4.8966e-06 4.68922e-06 4.4904e-06 4.2998e-06 4.1171e-06 3.94197e-06 3.77411e-06 3.61324e-06 3.45906e-06 3.31132e-06 3.16974e-06 3.03409e-06 2.90411e-06 2.77959e-06 2.66029e-06 2.54601e-06 2.43653e-06 2.33167e-06 2.23123e-06 2.13504e-06 2.04291e-06 1.95468e-06 1.87019e-06 1.78929e-06 1.71182e-06 1.63765e-06 1.56663e-06 1.49864e-06 1.43355e-06 1.37123e-06 1.31158e-06 1.25449e-06 1.19983e-06 1.14752e-06 1.09746e-06 1.04954e-06 1.00369e-06 9.59803e-07 9.17809e-07 8.77625e-07 8.39174e-07 8.02384e-07 7.67183e-07
0.0007491 4.94358e-05 4.75927e-05 4.58119e-05 4.40916e-05 4.24302e-05 4.0826e-05 3.92774e-05 3.77828e-05 3.63405e-05 3.49491e-05 3.3607e-05 3.23127e-05 3.10647e-05 2.98616e-05 2.8702e-05 2.75845e-05 2.65077e-05 2.54704e-05 2.44712e-05 2.35089e-05 2.25822e-05 2.16901e-05 2.08312e-05 2.00045e-05 1.9209e-05 1.84434e-05 1.77068e-05 1.69982e-05 1.63167e-05 1.56611e-05 1.50307e-05 1.44246e-05 1.38418e-05 1.32815e-05 1.2743e-05 1.22254e-05 1.1728e-05 1.125e-05 1.07908e-05 1.03496e-05 9.92572e-06 9.5186e-06 9.12758e-06 8.75205e-06 8.39145e-06 8.0452e-06 7.71276e-06 7.39361e-06 7.08725e-06 6.79318e-06 6.51093e-06 6.24005e-06 5.98011e-06 5.73068e-06 5.49135e-06 5.26173e-06 5.04145e-06 4.83014e-06 4.62744e-06 4.43303e-06 4.24657e-06 4.06775e-06 3.89627e-06 3.73184e-06 3.57418e-06 3.42302e-06 3.2781e-06 3.13918e-06 3.006e-06 2.87835e-06 2.756e-06 2.63873e-06 2.52635e-06 2.41865e-06 2.31544e-06 2.21655e-06 2.12179e-06 2.03101e-06 1.94403e-06 1.8607e-06 1.78088e-06 1.70441e-06 1.63117e-06 1.56101e-06 1.49382e-06 1.42947e-06 1.36784e-06 1.30882e-06 1.2523e-06 1.19818e-06 1.14636e-06 1.09675e-06 1.04925e-06 1.00377e-06 9.60227e-07 9.18546e-07 8.78646e-07 8.40453e-07 8.03894e-07 7.68902e-07
0.000711645 4.74588e-05 4.57159e-05 4.40304e-05 4.24009e-05 4.0826e-05 3.93042e-05 3.7834e-05 3.6414e-05 3.50428e-05 3.3719e-05 3.24413e-05 3.12081e-05 3.00183e-05 2.88706e-05 2.77636e-05 2.66961e-05 2.56668e-05 2.46746e-05 2.37183e-05 2.27968e-05 2.19088e-05 2.10534e-05 2.02294e-05 1.94358e-05 1.86717e-05 1.79359e-05 1.72276e-05 1.65459e-05 1.58897e-05 1.52583e-05 1.46508e-05 1.40662e-05 1.3504e-05 1.29632e-05 1.24431e-05 1.19429e-05 1.1462e-05 1.09997e-05 1.05552e-05 1.0128e-05 9.71737e-06 9.32276e-06 8.94358e-06 8.57924e-06 8.22921e-06 7.89295e-06 7.56995e-06 7.25971e-06 6.96176e-06 6.67563e-06 6.40087e-06 6.13707e-06 5.88379e-06 5.64065e-06 5.40725e-06 5.18322e-06 4.9682e-06 4.76184e-06 4.56381e-06 4.37379e-06 4.19146e-06 4.01652e-06 3.8487e-06 3.6877e-06 3.53327e-06 3.38514e-06 3.24306e-06 3.10681e-06 2.97613e-06 2.85083e-06 2.73067e-06 2.61547e-06 2.50501e-06 2.39912e-06 2.2976e-06 2.20028e-06 2.107e-06 2.01759e-06 1.9319e-06 1.84977e-06 1.77106e-06 1.69563e-06 1.62335e-06 1.5541e-06 1.48774e-06 1.42416e-06 1.36325e-06 1.30489e-06 1.24899e-06 1.19544e-06 1.14415e-06 1.09501e-06 1.04795e-06 1.00288e-06 9.59719e-07 9.18381e-07 8.78795e-07 8.40888e-07 8.04589e-07 7.69833e-07
0.000676063 4.5556e-05 4.3908e-05 4.23131e-05 4.077e-05 3.92774e-05 3.7834e-05 3.64386e-05 3.50898e-05 3.37864e-05 3.25271e-05 3.13108e-05 3.01362e-05 2.90021e-05 2.79073e-05 2.68507e-05 2.58311e-05 2.48475e-05 2.38987e-05 2.29836e-05 2.21012e-05 2.12505e-05 2.04305e-05 1.96401e-05 1.88785e-05 1.81446e-05 1.74377e-05 1.67567e-05 1.61009e-05 1.54694e-05 1.48613e-05 1.42759e-05 1.37124e-05 1.31701e-05 1.26482e-05 1.2146e-05 1.16628e-05 1.1198e-05 1.07509e-05 1.03208e-05 9.90729e-06 9.50962e-06 9.12725e-06 8.75966e-06 8.40628e-06 8.06662e-06 7.74016e-06 7.42643e-06 7.12496e-06 6.83529e-06 6.55698e-06 6.28962e-06 6.0328e-06 5.78611e-06 5.54919e-06 5.32165e-06 5.10316e-06 4.89335e-06 4.69192e-06 4.49853e-06 4.31287e-06 4.13466e-06 3.96361e-06 3.79943e-06 3.64187e-06 3.49066e-06 3.34557e-06 3.20635e-06 3.07278e-06 2.94463e-06 2.82169e-06 2.70375e-06 2.59063e-06 2.48213e-06 2.37807e-06 2.27826e-06 2.18255e-06 2.09078e-06 2.00277e-06 1.91839e-06 1.83749e-06 1.75993e-06 1.68557e-06 1.61429e-06 1.54596e-06 1.48047e-06 1.4177e-06 1.35753e-06 1.29988e-06 1.24462e-06 1.19167e-06 1.14093e-06 1.09231e-06 1.04572e-06 1.00109e-06 9.58329e-07 9.17363e-07 8.78118e-07 8.40523e-07 8.04511e-07 7.70017e-07
0.00064226 4.37248e-05 4.2167e-05 4.06581e-05 3.91971e-05 3.77828e-05 3.6414e-05 3.50898e-05 3.38088e-05 3.25701e-05 3.13725e-05 3.02149e-05 2.90962e-05 2.80153e-05 2.69713e-05 2.5963e-05 2.49894e-05 2.40495e-05 2.31423e-05 2.22669e-05 2.14222e-05 2.06073e-05 1.98213e-05 1.90634e-05 1.83325e-05 1.7628e-05 1.69488e-05 1.62943e-05 1.56635e-05 1.50558e-05 1.44704e-05 1.39065e-05 1.33634e-05 1.28404e-05 1.23369e-05 1.18521e-05 1.13854e-05 1.09362e-05 1.0504e-05 1.0088e-05 9.68779e-06 9.30275e-06 8.93236e-06 8.57609e-06 8.23345e-06 7.90395e-06 7.58712e-06 7.28249e-06 6.98962e-06 6.7081e-06 6.43749e-06 6.17741e-06 5.92747e-06 5.68729e-06 5.45651e-06 5.23478e-06 5.02176e-06 4.81713e-06 4.62058e-06 4.4318e-06 4.25049e-06 4.07637e-06 3.90918e-06 3.74864e-06 3.59451e-06 3.44653e-06 3.30448e-06 3.16812e-06 3.03724e-06 2.91162e-06 2.79106e-06 2.67537e-06 2.56435e-06 2.45782e-06 2.35561e-06 2.25755e-06 2.16347e-06 2.07322e-06 1.98665e-06 1.90361e-06 1.82396e-06 1.74757e-06 1.67431e-06 1.60406e-06 1.53669e-06 1.47209e-06 1.41016e-06 1.35077e-06 1.29384e-06 1.23925e-06 1.18693e-06 1.13677e-06 1.08869e-06 1.04261e-06 9.98438e-07 9.56106e-07 9.15536e-07 8.76657e-07 8.394e-07 8.03699e-07 7.6949e-07
0.000610147 4.19629e-05 4.04906e-05 3.90634e-05 3.76804e-05 3.63405e-05 3.50428e-05 3.37864e-05 3.25701e-05 3.1393e-05 3.02542e-05 2.91527e-05 2.80875e-05 2.70576e-05 2.60621e-05 2.51001e-05 2.41706e-05 2.32727e-05 2.24054e-05 2.1568e-05 2.07595e-05 1.99791e-05 1.9226e-05 1.84992e-05 1.77981e-05 1.71217e-05 1.64694e-05 1.58404e-05 1.52339e-05 1.46493e-05 1.40858e-05 1.35427e-05 1.30193e-05 1.25151e-05 1.20294e-05 1.15615e-05 1.11109e-05 1.0677e-05 1.02592e-05 9.85693e-06 9.46972e-06 9.09702e-06 8.73832e-06 8.39314e-06 8.06101e-06 7.74146e-06 7.43405e-06 7.13835e-06 6.85394e-06 6.58042e-06 6.31739e-06 6.06448e-06 5.82132e-06 5.58755e-06 5.36283e-06 5.14684e-06 4.93924e-06 4.73973e-06 4.54802e-06 4.3638e-06 4.1868e-06 4.01676e-06 3.85341e-06 3.6965e-06 3.54578e-06 3.40103e-06 3.26202e-06 3.12852e-06 3.00034e-06 2.87726e-06 2.75909e-06 2.64564e-06 2.53674e-06 2.4322e-06 2.33186e-06 2.23555e-06 2.14313e-06 2.05443e-06 1.96931e-06 1.88764e-06 1.80927e-06 1.73408e-06 1.66194e-06 1.59274e-06 1.52636e-06 1.46268e-06 1.4016e-06 1.34302e-06 1.28683e-06 1.23295e-06 1.18128e-06 1.13173e-06 1.08421e-06 1.03865e-06 9.94974e-07 9.53095e-07 9.12946e-07 8.74456e-07 8.37559e-07 8.02191e-07 7.6829e-07
0.00057964 4.02678e-05 3.88767e-05 3.75271e-05 3.62182e-05 3.49491e-05 3.3719e-05 3.25271e-05 3.13725e-05 3.02542e-05 2.91716e-05 2.81236e-05 2.71095e-05 2.61284e-05 2.51793e-05 2.42616e-05 2.33743e-05 2.25166e-05 2.16878e-05 2.08869e-05 2.01132e-05 1.9366e-05 1.86444e-05 1.79477e-05 1.72751e-05 1.6626e-05 1.59996e-05 1.53953e-05 1.48122e-05 1.42499e-05 1.37075e-05 1.31846e-05 1.26804e-05 1.21944e-05 1.1726e-05 1.12746e-05 1.08396e-05 1.04205e-05 1.00167e-05 9.62786e-06 9.25333e-06 8.89266e-06 8.54538e-06 8.21104e-06 7.88918e-06 7.57937e-06 7.2812e-06 6.99425e-06 6.71814e-06 6.45247e-06 6.19689e-06 5.95103e-06 5.71454e-06 5.48709e-06 5.26836e-06 5.05802e-06 4.85578e-06 4.66133e-06 4.4744e-06 4.29471e-06 4.122e-06 3.95599e-06 3.79646e-06 3.64315e-06 3.49584e-06 3.3543e-06 3.21832e-06 3.08768e-06 2.9622e-06 2.84166e-06 2.72589e-06 2.6147e-06 2.50792e-06 2.40538e-06 2.30693e-06 2.21239e-06 2.12163e-06 2.0345e-06 1.95086e-06 1.87057e-06 1.7935e-06 1.71953e-06 1.64854e-06 1.58041e-06 1.51503e-06 1.4523e-06 1.3921e-06 1.33435e-06 1.27893e-06 1.22577e-06 1.17477e-06 1.12585e-06 1.07893e-06 1.03392e-06 9.90746e-07 9.49342e-07 9.09635e-07 8.71556e-07 8.35041e-07 8.00026e-07 7.66453e-07
0.000550658 3.86373e-05 3.73232e-05 3.60473e-05 3.48088e-05 3.3607e-05 3.24413e-05 3.13108e-05 3.02149e-05 2.91527e-05 2.81236e-05 2.71268e-05 2.61615e-05 2.52269e-05 2.43224e-05 2.34471e-05 2.26002e-05 2.17812e-05 2.09891e-05 2.02233e-05 1.94831e-05 1.87677e-05 1.80765e-05 1.74087e-05 1.67637e-05 1.61409e-05 1.55395e-05 1.49589e-05 1.43985e-05 1.38577e-05 1.33359e-05 1.28325e-05 1.23469e-05 1.18785e-05 1.14269e-05 1.09914e-05 1.05716e-05 1.01669e-05 9.77686e-06 9.40099e-06 9.03882e-06 8.68989e-06 8.35376e-06 8.03e-06 7.71818e-06 7.4179e-06 7.12877e-06 6.8504e-06 6.58242e-06 6.32446e-06 6.07619e-06 5.83726e-06 5.60734e-06 5.38611e-06 5.17327e-06 4.96851e-06 4.77155e-06 4.58211e-06 4.39992e-06 4.2247e-06 4.05622e-06 3.89423e-06 3.73848e-06 3.58876e-06 3.44483e-06 3.30649e-06 3.17352e-06 3.04574e-06 2.92294e-06 2.80495e-06 2.69157e-06 2.58265e-06 2.478e-06 2.37747e-06 2.28091e-06 2.18816e-06 2.09908e-06 2.01353e-06 1.93138e-06 1.85249e-06 1.77673e-06 1.704e-06 1.63418e-06 1.56714e-06 1.50279e-06 1.44101e-06 1.38172e-06 1.32481e-06 1.27019e-06 1.21777e-06 1.16747e-06 1.1192e-06 1.07288e-06 1.02844e-06 9.85799e-07 9.4489e-07 9.05645e-07 8.67996e-07 8.31881e-07 7.9724e-07 7.64013e-07
0.000523125 3.70692e-05 3.58282e-05 3.46221e-05 3.34505e-05 3.23127e-05 3.12081e-05 3.01362e-05 2.90962e-05 2.80875e-05 2.71095e-05 2.61615e-05 2.52428e-05 2.43528e-05 2.34908e-05 2.26561e-05 2.1848e-05 2.10659e-05 2.03092e-05 1.9577e-05 1.88689e-05 1.81842e-05 1.75222e-05 1.68823e-05 1.62639e-05 1.56663e-05 1.5089e-05 1.45314e-05 1.39929e-05 1.34729e-05 1.2971e-05 1.24864e-05 1.20188e-05 1.15676e-05 1.11322e-05 1.07122e-05 1.03071e-05 9.91644e-06 9.53973e-06 9.17653e-06 8.8264e-06 8.48892e-06 8.16365e-06 7.85022e-06 7.54821e-06 7.25725e-06 6.97696e-06 6.70698e-06 6.44697e-06 6.19658e-06 5.95548e-06 5.72336e-06 5.49989e-06 5.28478e-06 5.07774e-06 4.87849e-06 4.68674e-06 4.50223e-06 4.32471e-06 4.15392e-06 3.98964e-06 3.83161e-06 3.67962e-06 3.53345e-06 3.39288e-06 3.25772e-06 3.12776e-06 3.00281e-06 2.8827e-06 2.76724e-06 2.65626e-06 2.54959e-06 2.44708e-06 2.34857e-06 2.25391e-06 2.16295e-06 2.07556e-06 1.9916e-06 1.91095e-06 1.83347e-06 1.75905e-06 1.68757e-06 1.61892e-06 1.553e-06 1.48969e-06 1.42889e-06 1.37052e-06 1.31447e-06 1.26066e-06 1.20901e-06 1.15942e-06 1.11181e-06 1.06612e-06 1.02227e-06 9.80177e-07 9.39782e-07 9.01016e-07 8.63815e-07 8.28119e-07 7.93867e-07 7.61003e-07
0.000496968 3.55613e-05 3.43896e-05 3.32498e-05 3.21417e-05 3.10647e-05 3.00183e-05 2.90021e-05 2.80153e-05 2.70576e-05 2.61284e-05 2.52269e-05 2.43528e-05 2.35054e-05 2.2684e-05 2.18882e-05 2.11172e-05 2.03706e-05 1.96477e-05 1.89479e-05 1.82707e-05 1.76154e-05 1.69814e-05 1.63683e-05 1.57755e-05 1.52023e-05 1.46482e-05 1.41128e-05 1.35954e-05 1.30956e-05 1.26128e-05 1.21466e-05 1.16963e-05 1.12617e-05 1.08421e-05 1.04371e-05 1.00463e-05 9.66929e-06 9.30553e-06 8.95465e-06 8.61624e-06 8.2899e-06 7.97524e-06 7.67188e-06 7.37945e-06 7.09759e-06 6.82595e-06 6.56419e-06 6.31198e-06 6.069e-06 5.83494e-06 5.60949e-06 5.39237e-06 5.18327e-06 4.98194e-06 4.7881e-06 4.60148e-06 4.42184e-06 4.24893e-06 4.08252e-06 3.92238e-06 3.76828e-06 3.62e-06 3.47735e-06 3.34012e-06 3.20811e-06 3.08114e-06 2.95902e-06 2.84158e-06 2.72865e-06 2.62005e-06 2.51565e-06 2.41527e-06 2.31877e-06 2.22601e-06 2.13685e-06 2.05116e-06 1.9688e-06 1.88965e-06 1.8136e-06 1.74052e-06 1.67031e-06 1.60285e-06 1.53805e-06 1.47579e-06 1.41599e-06 1.35855e-06 1.30339e-06 1.25041e-06 1.19953e-06 1.15067e-06 1.10375e-06 1.0587e-06 1.01545e-06 9.73922e-07 9.34056e-07 8.95786e-07 8.5905e-07 8.23787e-07 7.89942e-07 7.57457e-07
0.00047212 3.41116e-05 3.30055e-05 3.19287e-05 3.08809e-05 2.98616e-05 2.88706e-05 2.79073e-05 2.69713e-05 2.60621e-05 2.51793e-05 2.43224e-05 2.34908e-05 2.2684e-05 2.19016e-05 2.11429e-05 2.04075e-05 1.96949e-05 1.90044e-05 1.83356e-05 1.7688e-05 1.7061e-05 1.64541e-05 1.58668e-05 1.52985e-05 1.47488e-05 1.42172e-05 1.37032e-05 1.32062e-05 1.27258e-05 1.22615e-05 1.1813e-05 1.13796e-05 1.0961e-05 1.05567e-05 1.01663e-05 9.78941e-06 9.42557e-06 9.0744e-06 8.73551e-06 8.40851e-06 8.09302e-06 7.78869e-06 7.49515e-06 7.21207e-06 6.93909e-06 6.67591e-06 6.42218e-06 6.17761e-06 5.94189e-06 5.71472e-06 5.49583e-06 5.28492e-06 5.08174e-06 4.88601e-06 4.69749e-06 4.51593e-06 4.34109e-06 4.17273e-06 4.01063e-06 3.85458e-06 3.70436e-06 3.55977e-06 3.4206e-06 3.28667e-06 3.15779e-06 3.03378e-06 2.91447e-06 2.79969e-06 2.68927e-06 2.58305e-06 2.4809e-06 2.38265e-06 2.28816e-06 2.19731e-06 2.10995e-06 2.02595e-06 1.9452e-06 1.86757e-06 1.79295e-06 1.72122e-06 1.65228e-06 1.58602e-06 1.52235e-06 1.46117e-06 1.40237e-06 1.34588e-06 1.29161e-06 1.23947e-06 1.18938e-06 1.14126e-06 1.09505e-06 1.05065e-06 1.00802e-06 9.67074e-07 9.27753e-07 8.89993e-07 8.53736e-07 8.18922e-07 7.85496e-07 7.53406e-07
0.000448514 3.27179e-05 3.1674e-05 3.06569e-05 2.96664e-05 2.8702e-05 2.77636e-05 2.68507e-05 2.5963e-05 2.51001e-05 2.42616e-05 2.34471e-05 2.26561e-05 2.18882e-05 2.11429e-05 2.04198e-05 1.97185e-05 1.90384e-05 1.8379e-05 1.774e-05 1.71208e-05 1.6521e-05 1.59401e-05 1.53775e-05 1.4833e-05 1.43059e-05 1.37959e-05 1.33024e-05 1.28251e-05 1.23635e-05 1.19172e-05 1.14857e-05 1.10686e-05 1.06656e-05 1.02761e-05 9.89986e-06 9.53643e-06 9.18543e-06 8.84649e-06 8.51924e-06 8.20333e-06 7.89841e-06 7.60414e-06 7.32018e-06 7.04622e-06 6.78192e-06 6.52699e-06 6.28111e-06 6.04401e-06 5.81539e-06 5.59498e-06 5.3825e-06 5.1777e-06 4.98032e-06 4.7901e-06 4.60681e-06 4.43022e-06 4.2601e-06 4.09623e-06 3.93839e-06 3.78637e-06 3.63998e-06 3.49902e-06 3.3633e-06 3.23264e-06 3.10686e-06 2.98579e-06 2.86927e-06 2.75712e-06 2.6492e-06 2.54536e-06 2.44544e-06 2.34931e-06 2.25684e-06 2.16788e-06 2.08232e-06 2.00002e-06 1.92088e-06 1.84477e-06 1.77158e-06 1.70121e-06 1.63355e-06 1.56851e-06 1.50598e-06 1.44587e-06 1.38809e-06 1.33256e-06 1.27919e-06 1.2279e-06 1.17862e-06 1.13126e-06 1.08575e-06 1.04203e-06 1.00003e-06 9.59673e-07 9.20909e-07 8.83673e-07 8.47907e-07 8.13555e-07 7.80563e-07 7.48879e-07
0.000426088 3.13783e-05 3.03934e-05 2.94329e-05 2.84967e-05 2.75845e-05 2.66961e-05 2.58311e-05 2.49894e-05 2.41706e-05 2.33743e-05 2.26002e-05 2.1848e-05 2.11172e-05 2.04075e-05 1.97185e-05 1.90497e-05 1.84008e-05 1.77713e-05 1.71608e-05 1.65689e-05 1.59951e-05 1.54392e-05 1.49005e-05 1.43787e-05 1.38734e-05 1.33842e-05 1.29106e-05 1.24523e-05 1.20089e-05 1.15798e-05 1.11649e-05 1.07636e-05 1.03756e-05 1.00004e-05 9.63789e-06 9.28752e-06 8.94897e-06 8.6219e-06 8.30598e-06 8.00086e-06 7.70622e-06 7.42174e-06 7.14711e-06 6.88203e-06 6.6262e-06 6.37932e-06 6.14112e-06 5.91132e-06 5.68965e-06 5.47585e-06 5.26966e-06 5.07084e-06 4.87914e-06 4.69434e-06 4.51619e-06 4.34449e-06 4.17901e-06 4.01955e-06 3.8659e-06 3.71786e-06 3.57525e-06 3.43788e-06 3.30557e-06 3.17815e-06 3.05543e-06 2.93727e-06 2.82351e-06 2.71398e-06 2.60854e-06 2.50705e-06 2.40936e-06 2.31535e-06 2.22487e-06 2.13781e-06 2.05404e-06 1.97344e-06 1.89591e-06 1.82132e-06 1.74957e-06 1.68056e-06 1.61419e-06 1.55036e-06 1.48898e-06 1.42995e-06 1.3732e-06 1.31864e-06 1.26618e-06 1.21576e-06 1.16728e-06 1.12069e-06 1.07591e-06 1.03287e-06 9.91505e-07 9.51756e-07 9.13561e-07 8.7686e-07 8.41598e-07 8.07719e-07 7.75172e-07 7.43906e-07
0.000404784 3.00908e-05 2.91619e-05 2.82551e-05 2.73704e-05 2.65077e-05 2.56668e-05 2.48475e-05 2.40495e-05 2.32727e-05 2.25166e-05 2.17812e-05 2.10659e-05 2.03706e-05 1.96949e-05 1.90384e-05 1.84008e-05 1.77817e-05 1.71808e-05 1.65976e-05 1.60319e-05 1.54833e-05 1.49512e-05 1.44355e-05 1.39357e-05 1.34513e-05 1.29822e-05 1.25278e-05 1.20878e-05 1.16618e-05 1.12495e-05 1.08505e-05 1.04644e-05 1.0091e-05 9.72977e-06 9.38047e-06 9.04276e-06 8.7163e-06 8.40076e-06 8.09582e-06 7.80119e-06 7.51655e-06 7.24161e-06 6.97607e-06 6.71964e-06 6.47206e-06 6.23305e-06 6.00234e-06 5.77967e-06 5.56479e-06 5.35746e-06 5.15743e-06 4.96447e-06 4.77835e-06 4.59884e-06 4.42575e-06 4.25884e-06 4.09793e-06 3.94281e-06 3.79328e-06 3.64917e-06 3.51029e-06 3.37646e-06 3.24751e-06 3.12328e-06 3.0036e-06 2.88832e-06 2.77728e-06 2.67035e-06 2.56737e-06 2.46822e-06 2.37274e-06 2.28083e-06 2.19234e-06 2.10717e-06 2.02519e-06 1.94629e-06 1.87035e-06 1.79728e-06 1.72698e-06 1.65933e-06 1.59425e-06 1.53163e-06 1.47141e-06 1.41348e-06 1.35776e-06 1.30417e-06 1.25263e-06 1.20308e-06 1.15542e-06 1.10961e-06 1.06555e-06 1.02321e-06 9.82494e-07 9.43359e-07 9.05743e-07 8.69588e-07 8.34839e-07 8.01445e-07 7.69353e-07 7.38515e-07
0.000384545 2.88537e-05 2.79777e-05 2.71218e-05 2.62861e-05 2.54704e-05 2.46746e-05 2.38987e-05 2.31423e-05 2.24054e-05 2.16878e-05 2.09891e-05 2.03092e-05 1.96477e-05 1.90044e-05 1.8379e-05 1.77713e-05 1.71808e-05 1.66072e-05 1.60503e-05 1.55097e-05 1.49851e-05 1.44761e-05 1.39824e-05 1.35037e-05 1.30396e-05 1.25897e-05 1.21537e-05 1.17314e-05 1.13223e-05 1.09261e-05 1.05426e-05 1.01713e-05 9.81188e-06 9.46413e-06 9.12769e-06 8.80224e-06 8.4875e-06 8.18314e-06 7.88888e-06 7.60444e-06 7.32952e-06 7.06385e-06 6.80715e-06 6.55916e-06 6.31962e-06 6.08828e-06 5.86488e-06 5.64918e-06 5.44094e-06 5.23992e-06 5.04592e-06 4.85869e-06 4.67804e-06 4.50374e-06 4.33559e-06 4.1734e-06 4.01697e-06 3.86611e-06 3.72065e-06 3.5804e-06 3.44518e-06 3.31484e-06 3.18921e-06 3.06813e-06 2.95145e-06 2.83902e-06 2.73069e-06 2.62632e-06 2.52578e-06 2.42894e-06 2.33567e-06 2.24584e-06 2.15933e-06 2.07603e-06 1.99583e-06 1.91862e-06 1.84428e-06 1.77273e-06 1.70386e-06 1.63757e-06 1.57378e-06 1.51239e-06 1.45332e-06 1.39648e-06 1.3418e-06 1.28919e-06 1.23858e-06 1.1899e-06 1.14308e-06 1.09804e-06 1.05473e-06 1.01308e-06 9.73029e-07 9.34517e-07 8.97488e-07 8.61888e-07 8.27662e-07 7.94761e-07 7.63133e-07 7.32733e-07
0.000365317 2.7665e-05 2.68392e-05 2.60316e-05 2.52422e-05 2.44712e-05 2.37183e-05 2.29836e-05 2.22669e-05 2.1568e-05 2.08869e-05 2.02233e-05 1.9577e-05 1.89479e-05 1.83356e-05 1.774e-05 1.71608e-05 1.65976e-05 1.60503e-05 1.55186e-05 1.50021e-05 1.45005e-05 1.40137e-05 1.35412e-05 1.30827e-05 1.2638e-05 1.22067e-05 1.17885e-05 1.13832e-05 1.09904e-05 1.06098e-05 1.02411e-05 9.88407e-06 9.53832e-06 9.20359e-06 8.87959e-06 8.56603e-06 8.26264e-06 7.96913e-06 7.68524e-06 7.41068e-06 7.14521e-06 6.88856e-06 6.64047e-06 6.40069e-06 6.16899e-06 5.94512e-06 5.72885e-06 5.51994e-06 5.31819e-06 5.12336e-06 4.93524e-06 4.75363e-06 4.57832e-06 4.40912e-06 4.24582e-06 4.08826e-06 3.93623e-06 3.78956e-06 3.64809e-06 3.51163e-06 3.38003e-06 3.25313e-06 3.13077e-06 3.0128e-06 2.89907e-06 2.78945e-06 2.6838e-06 2.58197e-06 2.48384e-06 2.38929e-06 2.2982e-06 2.21044e-06 2.1259e-06 2.04446e-06 1.96603e-06 1.8905e-06 1.81776e-06 1.74772e-06 1.68028e-06 1.61535e-06 1.55285e-06 1.49268e-06 1.43477e-06 1.37902e-06 1.32538e-06 1.27375e-06 1.22408e-06 1.17628e-06 1.13029e-06 1.08604e-06 1.04348e-06 1.00253e-06 9.63144e-07 9.25263e-07 8.88829e-07 8.53791e-07 8.20096e-07 7.87695e-07 7.56541e-07 7.26586e-07
0.000347052 2.65231e-05 2.57448e-05 2.49829e-05 2.42376e-05 2.35089e-05 2.27968e-05 2.21012e-05 2.14222e-05 2.07595e-05 2.01132e-05 1.94831e-05 1.88689e-05 1.82707e-05 1.7688e-05 1.71208e-05 1.65689e-05 1.60319e-05 1.55097e-05 1.50021e-05 1.45087e-05 1.40293e-05 1.35637e-05 1.31115e-05 1.26725e-05 1.22465e-05 1.18331e-05 1.14321e-05 1.10432e-05 1.06661e-05 1.03005e-05 9.94621e-06 9.60291e-06 9.27032e-06 8.94818e-06 8.63622e-06 8.33418e-06 8.04179e-06 7.7588e-06 7.48496e-06 7.22001e-06 6.96372e-06 6.71583e-06 6.47611e-06 6.24432e-06 6.02025e-06 5.80366e-06 5.59434e-06 5.39207e-06 5.19664e-06 5.00785e-06 4.82549e-06 4.64937e-06 4.47929e-06 4.31508e-06 4.15655e-06 4.00351e-06 3.8558e-06 3.71325e-06 3.57569e-06 3.44297e-06 3.31492e-06 3.19141e-06 3.07226e-06 2.95736e-06 2.84655e-06 2.7397e-06 2.63669e-06 2.53737e-06 2.44163e-06 2.34935e-06 2.26041e-06 2.1747e-06 2.09211e-06 2.01253e-06 1.93585e-06 1.86199e-06 1.79083e-06 1.7223e-06 1.65629e-06 1.59272e-06 1.5315e-06 1.47255e-06 1.41579e-06 1.36115e-06 1.30854e-06 1.2579e-06 1.20916e-06 1.16224e-06 1.11709e-06 1.07364e-06 1.03182e-06 9.91587e-07 9.52874e-07 9.15628e-07 8.79796e-07 8.45326e-07 8.12169e-07 7.80276e-07 7.49602e-07 7.201e-07
0.000329699 2.54262e-05 2.46928e-05 2.39743e-05 2.32707e-05 2.25822e-05 2.19088e-05 2.12505e-05 2.06073e-05 1.99791e-05 1.9366e-05 1.87677e-05 1.81842e-05 1.76154e-05 1.7061e-05 1.6521e-05 1.59951e-05 1.54833e-05 1.49851e-05 1.45005e-05 1.40293e-05 1.35712e-05 1.31259e-05 1.26933e-05 1.22731e-05 1.1865e-05 1.14688e-05 1.10843e-05 1.07112e-05 1.03492e-05 9.99818e-06 9.65777e-06 9.32775e-06 9.00789e-06 8.69792e-06 8.39762e-06 8.10672e-06 7.825e-06 7.55221e-06 7.28811e-06 7.03249e-06 6.7851e-06 6.54573e-06 6.31415e-06 6.09014e-06 5.87349e-06 5.664e-06 5.46145e-06 5.26565e-06 5.07639e-06 4.89349e-06 4.71676e-06 4.546e-06 4.38105e-06 4.22172e-06 4.06784e-06 3.91925e-06 3.77577e-06 3.63726e-06 3.50355e-06 3.37449e-06 3.24994e-06 3.12975e-06 3.01378e-06 2.90189e-06 2.79396e-06 2.68985e-06 2.58943e-06 2.4926e-06 2.39922e-06 2.30918e-06 2.22237e-06 2.13869e-06 2.05803e-06 1.98028e-06 1.90535e-06 1.83315e-06 1.76357e-06 1.69653e-06 1.63194e-06 1.56971e-06 1.50978e-06 1.45205e-06 1.39644e-06 1.34289e-06 1.29133e-06 1.24167e-06 1.19386e-06 1.14783e-06 1.10352e-06 1.06087e-06 1.01981e-06 9.80285e-07 9.42249e-07 9.05644e-07 8.70419e-07 8.36523e-07 8.03909e-07 7.7253e-07 7.42341e-07 7.13299e-07
0.000313214 2.43727e-05 2.36819e-05 2.30044e-05 2.23404e-05 2.16901e-05 2.10534e-05 2.04305e-05 1.98213e-05 1.9226e-05 1.86444e-05 1.80765e-05 1.75222e-05 1.69814e-05 1.64541e-05 1.59401e-05 1.54392e-05 1.49512e-05 1.44761e-05 1.40137e-05 1.35637e-05 1.31259e-05 1.27002e-05 1.22864e-05 1.18842e-05 1.14934e-05 1.11138e-05 1.07451e-05 1.03872e-05 1.00399e-05 9.70279e-06 9.37578e-06 9.0586e-06 8.75103e-06 8.45284e-06 8.1638e-06 7.8837e-06 7.6123e-06 7.34939e-06 7.09475e-06 6.84817e-06 6.60943e-06 6.37833e-06 6.15466e-06 5.93821e-06 5.72879e-06 5.5262e-06 5.33025e-06 5.14076e-06 4.95752e-06 4.78037e-06 4.60913e-06 4.44362e-06 4.28367e-06 4.12912e-06 3.9798e-06 3.83555e-06 3.69623e-06 3.56167e-06 3.43174e-06 3.30628e-06 3.18516e-06 3.06824e-06 2.95538e-06 2.84647e-06 2.74136e-06 2.63995e-06 2.5421e-06 2.44771e-06 2.35666e-06 2.26884e-06 2.18414e-06 2.10247e-06 2.02372e-06 1.94779e-06 1.87459e-06 1.80402e-06 1.73601e-06 1.67045e-06 1.60728e-06 1.5464e-06 1.48773e-06 1.43121e-06 1.37676e-06 1.32431e-06 1.27378e-06 1.22511e-06 1.17823e-06 1.13309e-06 1.08962e-06 1.04776e-06 1.00746e-06 9.68656e-07 9.313e-07 8.9534e-07 8.60725e-07 8.27408e-07 7.95341e-07 7.64481e-07 7.34783e-07 7.06206e-07
0.000297553 2.3361e-05 2.27105e-05 2.20719e-05 2.14454e-05 2.08312e-05 2.02294e-05 1.96401e-05 1.90634e-05 1.84992e-05 1.79477e-05 1.74087e-05 1.68823e-05 1.63683e-05 1.58668e-05 1.53775e-05 1.49005e-05 1.44355e-05 1.39824e-05 1.35412e-05 1.31115e-05 1.26933e-05 1.22864e-05 1.18905e-05 1.15056e-05 1.11314e-05 1.07678e-05 1.04144e-05 1.00712e-05 9.7379e-06 9.41431e-06 9.10023e-06 8.79544e-06 8.49974e-06 8.21293e-06 7.93479e-06 7.66512e-06 7.40372e-06 7.15039e-06 6.90491e-06 6.6671e-06 6.43676e-06 6.21369e-06 5.9977e-06 5.7886e-06 5.58621e-06 5.39034e-06 5.20082e-06 5.01746e-06 4.8401e-06 4.66856e-06 4.50268e-06 4.34229e-06 4.18723e-06 4.03735e-06 3.89249e-06 3.7525e-06 3.61724e-06 3.48656e-06 3.36033e-06 3.2384e-06 3.12065e-06 3.00694e-06 2.89715e-06 2.79115e-06 2.68884e-06 2.59007e-06 2.49476e-06 2.40278e-06 2.31402e-06 2.22839e-06 2.14578e-06 2.06609e-06 1.98923e-06 1.9151e-06 1.84361e-06 1.77467e-06 1.70821e-06 1.64413e-06 1.58235e-06 1.52281e-06 1.46541e-06 1.4101e-06 1.35679e-06 1.30542e-06 1.25593e-06 1.20824e-06 1.1623e-06 1.11805e-06 1.07542e-06 1.03436e-06 9.94813e-07 9.5673e-07 9.20056e-07 8.84743e-07 8.50742e-07 8.18006e-07 7.86492e-07 7.56154e-07 7.26951e-07 6.98842e-07
0.000282676 2.23895e-05 2.17771e-05 2.11753e-05 2.05844e-05 2.00045e-05 1.94358e-05 1.88785e-05 1.83325e-05 1.77981e-05 1.72751e-05 1.67637e-05 1.62639e-05 1.57755e-05 1.52985e-05 1.4833e-05 1.43787e-05 1.39357e-05 1.35037e-05 1.30827e-05 1.26725e-05 1.22731e-05 1.18842e-05 1.15056e-05 1.11373e-05 1.07791e-05 1.04308e-05 1.00921e-05 9.76303e-06 9.44328e-06 9.13268e-06 8.83107e-06 8.53824e-06 8.25401e-06 7.97819e-06 7.71059e-06 7.45102e-06 7.19929e-06 6.95523e-06 6.71863e-06 6.48932e-06 6.26712e-06 6.05185e-06 5.84332e-06 5.64137e-06 5.44581e-06 5.25648e-06 5.07321e-06 4.89584e-06 4.72419e-06 4.55812e-06 4.39747e-06 4.24208e-06 4.09179e-06 3.94648e-06 3.80598e-06 3.67015e-06 3.53887e-06 3.41199e-06 3.28938e-06 3.17092e-06 3.05647e-06 2.94592e-06 2.83914e-06 2.73601e-06 2.63643e-06 2.54029e-06 2.44746e-06 2.35786e-06 2.27137e-06 2.18789e-06 2.10734e-06 2.02961e-06 1.95461e-06 1.88226e-06 1.81246e-06 1.74514e-06 1.68021e-06 1.61759e-06 1.55721e-06 1.49899e-06 1.44285e-06 1.38874e-06 1.33657e-06 1.28629e-06 1.23782e-06 1.19112e-06 1.14611e-06 1.10273e-06 1.06095e-06 1.02068e-06 9.81898e-07 9.44535e-07 9.08545e-07 8.7388e-07 8.40495e-07 8.08344e-07 7.77383e-07 7.47571e-07 7.18867e-07 6.91231e-07
0.000268542 2.14568e-05 2.08805e-05 2.03135e-05 1.97563e-05 1.9209e-05 1.86717e-05 1.81446e-05 1.7628e-05 1.71217e-05 1.6626e-05 1.61409e-05 1.56663e-05 1.52023e-05 1.47488e-05 1.43059e-05 1.38734e-05 1.34513e-05 1.30396e-05 1.2638e-05 1.22465e-05 1.1865e-05 1.14934e-05 1.11314e-05 1.07791e-05 1.04362e-05 1.01026e-05 9.77813e-06 9.46262e-06 9.15591e-06 8.85785e-06 8.56826e-06 8.28697e-06 8.0138e-06 7.7486e-06 7.49119e-06 7.24138e-06 6.99902e-06 6.76393e-06 6.53593e-06 6.31487e-06 6.10056e-06 5.89285e-06 5.69157e-06 5.49655e-06 5.30764e-06 5.12467e-06 4.94748e-06 4.77593e-06 4.60986e-06 4.44912e-06 4.29357e-06 4.14305e-06 3.99743e-06 3.85657e-06 3.72033e-06 3.58858e-06 3.46119e-06 3.33803e-06 3.21897e-06 3.1039e-06 2.9927e-06 2.88524e-06 2.78141e-06 2.68111e-06 2.58422e-06 2.49064e-06 2.40027e-06 2.313e-06 2.22874e-06 2.14739e-06 2.06887e-06 1.99307e-06 1.91992e-06 1.84932e-06 1.7812e-06 1.71547e-06 1.65206e-06 1.59089e-06 1.53189e-06 1.47498e-06 1.42009e-06 1.36717e-06 1.31613e-06 1.26693e-06 1.21949e-06 1.17376e-06 1.12967e-06 1.08719e-06 1.04624e-06 1.00677e-06 9.68742e-07 9.32099e-07 8.96793e-07 8.62778e-07 8.3001e-07 7.98444e-07 7.6804e-07 7.38755e-07 7.10552e-07 6.83391e-07
0.000255115 2.05613e-05 2.00191e-05 1.94852e-05 1.89599e-05 1.84434e-05 1.79359e-05 1.74377e-05 1.69488e-05 1.64694e-05 1.59996e-05 1.55395e-05 1.5089e-05 1.46482e-05 1.42172e-05 1.37959e-05 1.33842e-05 1.29822e-05 1.25897e-05 1.22067e-05 1.18331e-05 1.14688e-05 1.11138e-05 1.07678e-05 1.04308e-05 1.01026e-05 9.78316e-06 9.4723e-06 9.16987e-06 8.87573e-06 8.58974e-06 8.31174e-06 8.04158e-06 7.7791e-06 7.52415e-06 7.27658e-06 7.03621e-06 6.80291e-06 6.5765e-06 6.35684e-06 6.14376e-06 5.93711e-06 5.73674e-06 5.54248e-06 5.3542e-06 5.17174e-06 4.99495e-06 4.82368e-06 4.6578e-06 4.49716e-06 4.34161e-06 4.19102e-06 4.04526e-06 3.90419e-06 3.76768e-06 3.63561e-06 3.50784e-06 3.38425e-06 3.26473e-06 3.14915e-06 3.03741e-06 2.92937e-06 2.82495e-06 2.72402e-06 2.62649e-06 2.53224e-06 2.44119e-06 2.35322e-06 2.26826e-06 2.18619e-06 2.10694e-06 2.03041e-06 1.95652e-06 1.88519e-06 1.81633e-06 1.74986e-06 1.68571e-06 1.62381e-06 1.56407e-06 1.50643e-06 1.45082e-06 1.39717e-06 1.34543e-06 1.29552e-06 1.24738e-06 1.20096e-06 1.1562e-06 1.11304e-06 1.07143e-06 1.03132e-06 9.92646e-07 9.55373e-07 9.19448e-07 8.84825e-07 8.5146e-07 8.19309e-07 7.8833e-07 7.58483e-07 7.29728e-07 7.02027e-07 6.75344e-07
0.000242359 1.97018e-05 1.91919e-05 1.86892e-05 1.81941e-05 1.77068e-05 1.72276e-05 1.67567e-05 1.62943e-05 1.58404e-05 1.53953e-05 1.49589e-05 1.45314e-05 1.41128e-05 1.37032e-05 1.33024e-05 1.29106e-05 1.25278e-05 1.21537e-05 1.17885e-05 1.14321e-05 1.10843e-05 1.07451e-05 1.04144e-05 1.00921e-05 9.77813e-06 9.4723e-06 9.17452e-06 8.88468e-06 8.60264e-06 8.32828e-06 8.06145e-06 7.80202e-06 7.54986e-06 7.30481e-06 7.06674e-06 6.8355e-06 6.61096e-06 6.39295e-06 6.18135e-06 5.97601e-06 5.77678e-06 5.58352e-06 5.39609e-06 5.21435e-06 5.03815e-06 4.86737e-06 4.70186e-06 4.54149e-06 4.38612e-06 4.23563e-06 4.08989e-06 3.94876e-06 3.81213e-06 3.67987e-06 3.55186e-06 3.42798e-06 3.30811e-06 3.19215e-06 3.07997e-06 2.97148e-06 2.86656e-06 2.76511e-06 2.66702e-06 2.5722e-06 2.48055e-06 2.39198e-06 2.30638e-06 2.22368e-06 2.14377e-06 2.06658e-06 1.99203e-06 1.92002e-06 1.85047e-06 1.78332e-06 1.71849e-06 1.6559e-06 1.59548e-06 1.53716e-06 1.48087e-06 1.42655e-06 1.37413e-06 1.32355e-06 1.27476e-06 1.22768e-06 1.18227e-06 1.13847e-06 1.09623e-06 1.0555e-06 1.01621e-06 9.78335e-07 9.41815e-07 9.06607e-07 8.72666e-07 8.3995e-07 8.08416e-07 7.78023e-07 7.48734e-07 7.20509e-07 6.93312e-07 6.67107e-07
0.000230241 1.88768e-05 1.83974e-05 1.79243e-05 1.74578e-05 1.69982e-05 1.65459e-05 1.61009e-05 1.56635e-05 1.52339e-05 1.48122e-05 1.43985e-05 1.39929e-05 1.35954e-05 1.32062e-05 1.28251e-05 1.24523e-05 1.20878e-05 1.17314e-05 1.13832e-05 1.10432e-05 1.07112e-05 1.03872e-05 1.00712e-05 9.76303e-06 9.46262e-06 9.16987e-06 8.88468e-06 8.60695e-06 8.33655e-06 8.07339e-06 7.81733e-06 7.56825e-06 7.32603e-06 7.09054e-06 6.86165e-06 6.63923e-06 6.42315e-06 6.21328e-06 6.00948e-06 5.81163e-06 5.61959e-06 5.43323e-06 5.25241e-06 5.07701e-06 4.9069e-06 4.74195e-06 4.58204e-06 4.42703e-06 4.2768e-06 4.13123e-06 3.99021e-06 3.8536e-06 3.72129e-06 3.59317e-06 3.46913e-06 3.34904e-06 3.23281e-06 3.12033e-06 3.01148e-06 2.90617e-06 2.8043e-06 2.70576e-06 2.61046e-06 2.5183e-06 2.4292e-06 2.34306e-06 2.25979e-06 2.17931e-06 2.10153e-06 2.02637e-06 1.95374e-06 1.88358e-06 1.81581e-06 1.75035e-06 1.68712e-06 1.62607e-06 1.56711e-06 1.51019e-06 1.45524e-06 1.40219e-06 1.35099e-06 1.30157e-06 1.25388e-06 1.20786e-06 1.16345e-06 1.12061e-06 1.07928e-06 1.03941e-06 1.00095e-06 9.63864e-07 9.28094e-07 8.936e-07 8.60339e-07 8.2827e-07 7.97351e-07 7.67545e-07 7.38813e-07 7.11118e-07 6.84425e-07 6.58699e-07
0.000218729 1.80851e-05 1.76345e-05 1.71893e-05 1.675e-05 1.63167e-05 1.58897e-05 1.54694e-05 1.50558e-05 1.46493e-05 1.42499e-05 1.38577e-05 1.34729e-05 1.30956e-05 1.27258e-05 1.23635e-05 1.20089e-05 1.16618e-05 1.13223e-05 1.09904e-05 1.06661e-05 1.03492e-05 1.00399e-05 9.7379e-06 9.44328e-06 9.15591e-06 8.87573e-06 8.60264e-06 8.33655e-06 8.07737e-06 7.82499e-06 7.5793e-06 7.3402e-06 7.10757e-06 6.8813e-06 6.66128e-06 6.44738e-06 6.23948e-06 6.03747e-06 5.84123e-06 5.65063e-06 5.46555e-06 5.28587e-06 5.11147e-06 4.94223e-06 4.77802e-06 4.61874e-06 4.46426e-06 4.31446e-06 4.16923e-06 4.02845e-06 3.89201e-06 3.75981e-06 3.63172e-06 3.50764e-06 3.38746e-06 3.27109e-06 3.1584e-06 3.04932e-06 2.94372e-06 2.84153e-06 2.74263e-06 2.64695e-06 2.55438e-06 2.46483e-06 2.37823e-06 2.29447e-06 2.21348e-06 2.13518e-06 2.05949e-06 1.98632e-06 1.91561e-06 1.84727e-06 1.78124e-06 1.71743e-06 1.6558e-06 1.59626e-06 1.53875e-06 1.48321e-06 1.42958e-06 1.37779e-06 1.32779e-06 1.27951e-06 1.23291e-06 1.18794e-06 1.14453e-06 1.10263e-06 1.06221e-06 1.0232e-06 9.85564e-07 9.49257e-07 9.14233e-07 8.80449e-07 8.47865e-07 8.16441e-07 7.86136e-07 7.56914e-07 7.28738e-07 7.01573e-07 6.75384e-07 6.50138e-07
0.000207793 1.73253e-05 1.6902e-05 1.64833e-05 1.60695e-05 1.56611e-05 1.52583e-05 1.48613e-05 1.44704e-05 1.40858e-05 1.37075e-05 1.33359e-05 1.2971e-05 1.26128e-05 1.22615e-05 1.19172e-05 1.15798e-05 1.12495e-05 1.09261e-05 1.06098e-05 1.03005e-05 9.99818e-06 9.70279e-06 9.41431e-06 9.13268e-06 8.85785e-06 8.58974e-06 8.32828e-06 8.07339e-06 7.82499e-06 7.58299e-06 7.34729e-06 7.1178e-06 6.89442e-06 6.67705e-06 6.46558e-06 6.25991e-06 6.05992e-06 5.86552e-06 5.67658e-06 5.49299e-06 5.31466e-06 5.14145e-06 4.97327e-06 4.81e-06 4.65153e-06 4.49774e-06 4.34854e-06 4.2038e-06 4.06343e-06 3.92731e-06 3.79535e-06 3.66742e-06 3.54344e-06 3.4233e-06 3.3069e-06 3.19414e-06 3.08492e-06 2.97915e-06 2.87674e-06 2.77759e-06 2.68161e-06 2.58871e-06 2.49881e-06 2.41183e-06 2.32767e-06 2.24625e-06 2.16751e-06 2.09135e-06 2.0177e-06 1.9465e-06 1.87765e-06 1.81111e-06 1.74678e-06 1.68462e-06 1.62455e-06 1.5665e-06 1.51042e-06 1.45624e-06 1.40391e-06 1.35337e-06 1.30455e-06 1.25741e-06 1.21189e-06 1.16795e-06 1.12552e-06 1.08457e-06 1.04504e-06 1.00689e-06 9.70067e-07 9.34537e-07 9.00254e-07 8.67177e-07 8.35266e-07 8.04483e-07 7.7479e-07 7.4615e-07 7.18529e-07 6.91892e-07 6.66206e-07 6.41439e-07
0.000197403 1.65963e-05 1.61987e-05 1.5805e-05 1.54156e-05 1.50307e-05 1.46508e-05 1.42759e-05 1.39065e-05 1.35427e-05 1.31846e-05 1.28325e-05 1.24864e-05 1.21466e-05 1.1813e-05 1.14857e-05 1.11649e-05 1.08505e-05 1.05426e-05 1.02411e-05 9.94621e-06 9.65777e-06 9.37578e-06 9.10023e-06 8.83107e-06 8.56826e-06 8.31174e-06 8.06145e-06 7.81733e-06 7.5793e-06 7.34729e-06 7.12121e-06 6.90099e-06 6.68653e-06 6.47774e-06 6.27453e-06 6.0768e-06 5.88445e-06 5.69739e-06 5.51552e-06 5.33872e-06 5.16691e-06 4.99998e-06 4.83782e-06 4.68034e-06 4.52743e-06 4.37898e-06 4.2349e-06 4.09509e-06 3.95944e-06 3.82785e-06 3.70023e-06 3.57648e-06 3.4565e-06 3.34019e-06 3.22747e-06 3.11824e-06 3.0124e-06 2.90987e-06 2.81056e-06 2.71439e-06 2.62126e-06 2.53109e-06 2.44381e-06 2.35932e-06 2.27756e-06 2.19844e-06 2.12189e-06 2.04783e-06 1.9762e-06 1.90692e-06 1.83992e-06 1.77513e-06 1.71249e-06 1.65194e-06 1.5934e-06 1.53683e-06 1.48215e-06 1.42932e-06 1.37827e-06 1.32895e-06 1.28131e-06 1.23529e-06 1.19084e-06 1.14792e-06 1.10647e-06 1.06644e-06 1.0278e-06 9.90495e-07 9.54484e-07 9.19725e-07 8.86178e-07 8.53803e-07 8.22561e-07 7.92416e-07 7.63331e-07 7.35272e-07 7.08203e-07 6.82092e-07 6.56908e-07 6.32618e-07
0.000187533 1.58969e-05 1.55236e-05 1.51536e-05 1.47871e-05 1.44246e-05 1.40662e-05 1.37124e-05 1.33634e-05 1.30193e-05 1.26804e-05 1.23469e-05 1.20188e-05 1.16963e-05 1.13796e-05 1.10686e-05 1.07636e-05 1.04644e-05 1.01713e-05 9.88407e-06 9.60291e-06 9.32775e-06 9.0586e-06 8.79544e-06 8.53824e-06 8.28697e-06 8.04158e-06 7.80202e-06 7.56825e-06 7.3402e-06 7.1178e-06 6.90099e-06 6.68969e-06 6.48382e-06 6.28331e-06 6.08807e-06 5.898e-06 5.71304e-06 5.53308e-06 5.35803e-06 5.18781e-06 5.02231e-06 4.86145e-06 4.70513e-06 4.55326e-06 4.40574e-06 4.26247e-06 4.12337e-06 3.98833e-06 3.85727e-06 3.73009e-06 3.60669e-06 3.487e-06 3.37091e-06 3.25835e-06 3.14921e-06 3.04341e-06 2.94087e-06 2.84151e-06 2.74523e-06 2.65196e-06 2.56161e-06 2.47412e-06 2.38939e-06 2.30735e-06 2.22794e-06 2.15107e-06 2.07667e-06 2.00467e-06 1.93501e-06 1.86762e-06 1.80242e-06 1.73937e-06 1.67838e-06 1.61941e-06 1.56239e-06 1.50727e-06 1.45398e-06 1.40247e-06 1.35269e-06 1.30458e-06 1.25809e-06 1.21318e-06 1.16978e-06 1.12787e-06 1.08738e-06 1.04828e-06 1.01051e-06 9.74047e-07 9.38837e-07 9.04843e-07 8.72026e-07 8.40347e-07 8.0977e-07 7.80258e-07 7.51778e-07 7.24295e-07 6.97776e-07 6.72189e-07 6.47505e-07 6.23692e-07
