0.989102 0.00267241 0.00135081 0.000682783 0.000345122 0.000174447 8.81766e-05 4.45701e-05 2.25286e-05 1.13874e-05 5.75591e-06 2.9094e-06 1.4706e-06 7.43335e-07 3.75729e-07 1.89917e-07 9.59964e-08 4.85227e-08 2.45265e-08 1.23972e-08 6.26636e-09 3.16742e-09 1.60102e-09 8.09256e-10 4.0905e-10 2.0676e-10 1.0451e-10 5.28259e-11 2.67016e-11 1.34967e-11 6.82208e-12 3.44832e-12 1.743e-12 8.81023e-13 4.45325e-13 2.25096e-13 1.13778e-13 5.75106e-14 2.90695e-14 1.46936e-14 7.42709e-15 3.75412e-15 1.89757e-15 9.59155e-16 4.84818e-16 2.45058e-16 1.23868e-16 6.26108e-17 3.16475e-17 1.59967e-17 8.08574e-18 4.08705e-18 2.06586e-18 1.04422e-18 5.27813e-19 2.66791e-19 1.34853e-19 6.81634e-20 3.44541e-20 1.74153e-20 8.80281e-21 4.4495e-21 2.24906e-21 1.13682e-21 5.74622e-22 2.9045e-22 1.46812e-22 7.42083e-23 3.75096e-23 1.89598e-23 9.58347e-24 4.8441e-24 2.44852e-24 1.23764e-24 6.25581e-25 3.16209e-25 1.59832e-25 8.07893e-26 4.08361e-26 2.06412e-26 1.04334e-26 5.27369e-27 2.66566e-27 1.34739e-27 6.81059e-28 3.44251e-28 1.74006e-28 8.79539e-29 4.44575e-29 2.24717e-29 1.13586e-29 5.74138e-30 2.90206e-30 1.46689e-30 7.41458e-31 3.7478e-31 1.89438e-31 9.5754e-32 4.84002e-32 2.44645e-32 1.23659e-32
0.00267241 2.18491e-05 1.10835e-05 5.62234e-06 2.85201e-06 1.4467e-06 7.3384e-07 3.72236e-07 1.88812e-07 9.57717e-08 4.85779e-08 2.46396e-08 1.24976e-08 6.33886e-09 3.21508e-09 1.63067e-09 8.27061e-10 4.19472e-10 2.12747e-10 1.07899e-10 5.47229e-11 2.77533e-11 1.40752e-11 7.13824e-12 3.62011e-12 1.8359e-12 9.31044e-13 4.72158e-13 2.39441e-13 1.21425e-13 6.15758e-14 3.12254e-14 1.58344e-14 8.02955e-15 4.0717e-15 2.0647e-15 1.04697e-15 5.30889e-16 2.69198e-16 1.365e-16 6.92137e-17 3.50951e-17 1.77949e-17 9.02281e-18 4.57492e-18 2.31964e-18 1.17613e-18 5.96324e-19 3.02348e-19 1.53295e-19 7.77221e-20 3.94056e-20 1.99786e-20 1.01291e-20 5.13536e-21 2.60356e-21 1.31996e-21 6.6919e-22 3.39262e-22 1.71995e-22 8.71953e-23 4.42045e-23 2.24097e-23 1.13606e-23 5.75923e-24 2.9196e-24 1.48006e-24 7.5029e-25 3.80344e-25 1.92806e-25 9.77375e-26 4.95448e-26 2.51149e-26 1.27309e-26 6.45337e-27 3.27121e-27 1.65817e-27 8.40512e-28 4.26045e-28 2.15956e-28 1.09464e-28 5.54845e-29 2.81236e-29 1.42549e-29 7.22533e-30 3.66223e-30 1.85623e-30 9.40834e-31 4.76861e-31 2.41695e-31 1.22501e-31 6.20881e-32 3.14684e-32 1.59491e-32 8.08345e-33 4.09688e-33 2.07638e-33 1.05234e-33 5.33339e-34 2.70301e-34 1.3699e-34
0.00135081 1.10835e-05 5.62267e-06 2.85234e-06 1.44695e-06 7.34008e-07 3.72343e-07 1.88877e-07 9.58099e-08 4.86e-08 2.46522e-08 1.25046e-08 6.3428e-09 3.21726e-09 1.63187e-09 8.27713e-10 4.19826e-10 2.12938e-10 1.08002e-10 5.4778e-11 2.77828e-11 1.40909e-11 7.14659e-12 3.62454e-12 1.83824e-12 9.32282e-13 4.72811e-13 2.39785e-13 1.21605e-13 6.16707e-14 3.12752e-14 1.58605e-14 8.0432e-15 4.07884e-15 2.06842e-15 1.04891e-15 5.31902e-16 2.69725e-16 1.36775e-16 6.93564e-17 3.51692e-17 1.78334e-17 9.0428e-18 4.58528e-18 2.32501e-18 1.17891e-18 5.97766e-19 3.03094e-19 1.53681e-19 7.79217e-20 3.95087e-20 2.00319e-20 1.01566e-20 5.14957e-21 2.61089e-21 1.32374e-21 6.7114e-22 3.40267e-22 1.72513e-22 8.74622e-23 4.43419e-23 2.24805e-23 1.1397e-23 5.77797e-24 2.92924e-24 1.48501e-24 7.5284e-25 3.81655e-25 1.9348e-25 9.80836e-26 4.97226e-26 2.52062e-26 1.27778e-26 6.47744e-27 3.28357e-27 1.66451e-27 8.43766e-28 4.27715e-28 2.16812e-28 1.09903e-28 5.57097e-29 2.8239e-29 1.43141e-29 7.25565e-30 3.67777e-30 1.86419e-30 9.44913e-31 4.7895e-31 2.42765e-31 1.23049e-31 6.23686e-32 3.1612e-32 1.60226e-32 8.12107e-33 4.11613e-33 2.08623e-33 1.05738e-33 5.35917e-34 2.7162e-34 1.37664e-34 6.97716e-35
0.000682783 5.62234e-06 2.85234e-06 1.44703e-06 7.34092e-07 3.72407e-07 1.8892e-07 9.58372e-08 4.86166e-08 2.4662e-08 1.25103e-08 6.34603e-09 3.21908e-09 1.63288e-09 8.28272e-10 4.20132e-10 2.13105e-10 1.08093e-10 5.4827e-11 2.78091e-11 1.41051e-11 7.15414e-12 3.62857e-12 1.84038e-12 9.33418e-13 4.73412e-13 2.40103e-13 1.21773e-13 6.1759e-14 3.13216e-14 1.58849e-14 8.05598e-15 4.08553e-15 2.07192e-15 1.05074e-15 5.32857e-16 2.70223e-16 1.37035e-16 6.94918e-17 3.52397e-17 1.78701e-17 9.06183e-18 4.59517e-18 2.33014e-18 1.18157e-18 5.99145e-19 3.03809e-19 1.54051e-19 7.81132e-20 3.96077e-20 2.00831e-20 1.01831e-20 5.16325e-21 2.61796e-21 1.32739e-21 6.73022e-22 3.41237e-22 1.73014e-22 8.77202e-23 4.44749e-23 2.2549e-23 1.14323e-23 5.79614e-24 2.93859e-24 1.48983e-24 7.55315e-25 3.82928e-25 1.94134e-25 9.84201e-26 4.98955e-26 2.52951e-26 1.28235e-26 6.5009e-27 3.29562e-27 1.67069e-27 8.4694e-28 4.29344e-28 2.17648e-28 1.10332e-28 5.59296e-29 2.83518e-29 1.4372e-29 7.2853e-30 3.69297e-30 1.87198e-30 9.48905e-31 4.80996e-31 2.43813e-31 1.23586e-31 6.26435e-32 3.17527e-32 1.60947e-32 8.15796e-33 4.13502e-33 2.09589e-33 1.06233e-33 5.38449e-34 2.72915e-34 1.38327e-34 7.01105e-35 3.5535e-35
0.000345122 2.85201e-06 1.44695e-06 7.34092e-07 3.72428e-07 1.88942e-07 9.58536e-08 4.86276e-08 2.4669e-08 1.25146e-08 6.34855e-09 3.22053e-09 1.63371e-09 8.28738e-10 4.20392e-10 2.13249e-10 1.08171e-10 5.48699e-11 2.78324e-11 1.41176e-11 7.16091e-12 3.6322e-12 1.84232e-12 9.34451e-13 4.73961e-13 2.40394e-13 1.21927e-13 6.18405e-14 3.13646e-14 1.59075e-14 8.06788e-15 4.09178e-15 2.0752e-15 1.05246e-15 5.33756e-16 2.70693e-16 1.3728e-16 6.96197e-17 3.53064e-17 1.79048e-17 9.0799e-18 4.60456e-18 2.33503e-18 1.18411e-18 6.00461e-19 3.04491e-19 1.54405e-19 7.82965e-20 3.97027e-20 2.01323e-20 1.02085e-20 5.17639e-21 2.62475e-21 1.3309e-21 6.74835e-22 3.42173e-22 1.73497e-22 8.79694e-23 4.46034e-23 2.26152e-23 1.14665e-23 5.81373e-24 2.94765e-24 1.49449e-24 7.57716e-25 3.84164e-25 1.9477e-25 9.87471e-26 5.00637e-26 2.53815e-26 1.28679e-26 6.52373e-27 3.30734e-27 1.67672e-27 8.50033e-28 4.30932e-28 2.18463e-28 1.1075e-28 5.61443e-29 2.84619e-29 1.44285e-29 7.31428e-30 3.70783e-30 1.8796e-30 9.5281e-31 4.82997e-31 2.44838e-31 1.24111e-31 6.29127e-32 3.18906e-32 1.61653e-32 8.19413e-33 4.15353e-33 2.10537e-33 1.06718e-33 5.40933e-34 2.74186e-34 1.38977e-34 7.04433e-35 3.57053e-35 1.80976e-35
0.000174447 1.4467e-06 7.34008e-07 3.72407e-07 1.88942e-07 9.5859e-08 4.86331e-08 2.46732e-08 1.25174e-08 6.35034e-09 3.22162e-09 1.63435e-09 8.29111e-10 4.20604e-10 2.13368e-10 1.08238e-10 5.49067e-11 2.78526e-11 1.41286e-11 7.16688e-12 3.63542e-12 1.84406e-12 9.35382e-13 4.74459e-13 2.4066e-13 1.22068e-13 6.19152e-14 3.14042e-14 1.59284e-14 8.07891e-15 4.09759e-15 2.07826e-15 1.05406e-15 5.34597e-16 2.71134e-16 1.3751e-16 6.97402e-17 3.53693e-17 1.79376e-17 9.09702e-18 4.61348e-18 2.33966e-18 1.18652e-18 6.01715e-19 3.05142e-19 1.54743e-19 7.84718e-20 3.97936e-20 2.01794e-20 1.02329e-20 5.18901e-21 2.63128e-21 1.33427e-21 6.7658e-22 3.43075e-22 1.73962e-22 8.82097e-23 4.47275e-23 2.26792e-23 1.14995e-23 5.83074e-24 2.95642e-24 1.49901e-24 7.60043e-25 3.85362e-25 1.95387e-25 9.90644e-26 5.02269e-26 2.54655e-26 1.29111e-26 6.54592e-27 3.31875e-27 1.68258e-27 8.53045e-28 4.32479e-28 2.19257e-28 1.11158e-28 5.63537e-29 2.85694e-29 1.44836e-29 7.34257e-30 3.72234e-30 1.88704e-30 9.56626e-31 4.84954e-31 2.45841e-31 1.24625e-31 6.31762e-32 3.20256e-32 1.62345e-32 8.22956e-33 4.17168e-33 2.11467e-33 1.07194e-33 5.43368e-34 2.75433e-34 1.39616e-34 7.07699e-35 3.58724e-35 1.81832e-35 9.21668e-36
8.81766e-05 7.3384e-07 3.72343e-07 1.8892e-07 9.58536e-08 4.86331e-08 2.46746e-08 1.25188e-08 6.35142e-09 3.22235e-09 1.63481e-09 8.29391e-10 4.2077e-10 2.13464e-10 1.08293e-10 5.49374e-11 2.78697e-11 1.41381e-11 7.17206e-12 3.63824e-12 1.84559e-12 9.36209e-13 4.74904e-13 2.40898e-13 1.22196e-13 6.19833e-14 3.14403e-14 1.59476e-14 8.08907e-15 4.10296e-15 2.08109e-15 1.05555e-15 5.35381e-16 2.71545e-16 1.37726e-16 6.98533e-17 3.54285e-17 1.79686e-17 9.11317e-18 4.62191e-18 2.34406e-18 1.18881e-18 6.02905e-19 3.05762e-19 1.55065e-19 7.86389e-20 3.98803e-20 2.02244e-20 1.02562e-20 5.20109e-21 2.63754e-21 1.33751e-21 6.78255e-22 3.43941e-22 1.7441e-22 8.84412e-23 4.4847e-23 2.27409e-23 1.15313e-23 5.84717e-24 2.96489e-24 1.50338e-24 7.62294e-25 3.86521e-25 1.95984e-25 9.9372e-26 5.03852e-26 2.5547e-26 1.2953e-26 6.56748e-27 3.32984e-27 1.68828e-27 8.55975e-28 4.33985e-28 2.20031e-28 1.11555e-28 5.65578e-29 2.86742e-29 1.45374e-29 7.37018e-30 3.73651e-30 1.89431e-30 9.60355e-31 4.86866e-31 2.46822e-31 1.25128e-31 6.34339e-32 3.21577e-32 1.63022e-32 8.26424e-33 4.18945e-33 2.12377e-33 1.0766e-33 5.45756e-34 2.76655e-34 1.40241e-34 7.10903e-35 3.60364e-35 1.82671e-35 9.25964e-36 4.6937e-36
4.45701e-05 3.72236e-07 1.88877e-07 9.58372e-08 4.86276e-08 2.46732e-08 1.25188e-08 6.35178e-09 3.22271e-09 1.63509e-09 8.29577e-10 4.20888e-10 2.13536e-10 1.08335e-10 5.49619e-11 2.78836e-11 1.41459e-11 7.17644e-12 3.64067e-12 1.84692e-12 9.36934e-13 4.75297e-13 2.41111e-13 1.2231e-13 6.20445e-14 3.14731e-14 1.59651e-14 8.09835e-15 4.10788e-15 2.08369e-15 1.05693e-15 5.36108e-16 2.71928e-16 1.37928e-16 6.9959e-17 3.54839e-17 1.79976e-17 9.12835e-18 4.62984e-18 2.3482e-18 1.19097e-18 6.04033e-19 3.06349e-19 1.5537e-19 7.87978e-20 3.99629e-20 2.02672e-20 1.02785e-20 5.21264e-21 2.64352e-21 1.34061e-21 6.79862e-22 3.44773e-22 1.7484e-22 8.86636e-23 4.4962e-23 2.28003e-23 1.1562e-23 5.86301e-24 2.97307e-24 1.50759e-24 7.64469e-25 3.87643e-25 1.96562e-25 9.96698e-26 5.05386e-26 2.56259e-26 1.29937e-26 6.58841e-27 3.34061e-27 1.69382e-27 8.58823e-28 4.35449e-28 2.20784e-28 1.11942e-28 5.67565e-29 2.87762e-29 1.45898e-29 7.39709e-30 3.75032e-30 1.9014e-30 9.63993e-31 4.88733e-31 2.47779e-31 1.25619e-31 6.36858e-32 3.22869e-32 1.63684e-32 8.29818e-33 4.20684e-33 2.13268e-33 1.08117e-33 5.48095e-34 2.77853e-34 1.40855e-34 7.14045e-35 3.61973e-35 1.83494e-35 9.30178e-36 4.71527e-36 2.39025e-36
2.25286e-05 1.88812e-07 9.58099e-08 4.86166e-08 2.4669e-08 1.25174e-08 6.35142e-09 3.22271e-09 1.63518e-09 8.29671e-10 4.20959e-10 2.13583e-10 1.08365e-10 5.49803e-11 2.78945e-11 1.41522e-11 7.18003e-12 3.64268e-12 1.84804e-12 9.37555e-13 4.75638e-13 2.41296e-13 1.22411e-13 6.2099e-14 3.15024e-14 1.59808e-14 8.10675e-15 4.11236e-15 2.08607e-15 1.05819e-15 5.36776e-16 2.72281e-16 1.38114e-16 7.00571e-17 3.55355e-17 1.80247e-17 9.14257e-18 4.63729e-18 2.3521e-18 1.19301e-18 6.05097e-19 3.06904e-19 1.55659e-19 7.89486e-20 4.00413e-20 2.0308e-20 1.02997e-20 5.22365e-21 2.64924e-21 1.34358e-21 6.81399e-22 3.45569e-22 1.75253e-22 8.88771e-23 4.50724e-23 2.28575e-23 1.15915e-23 5.87827e-24 2.98095e-24 1.51166e-24 7.66569e-25 3.88726e-25 1.97121e-25 9.99578e-26 5.06871e-26 2.57024e-26 1.30331e-26 6.6087e-27 3.35105e-27 1.69919e-27 8.61588e-28 4.36871e-28 2.21515e-28 1.12318e-28 5.69498e-29 2.88756e-29 1.46408e-29 7.4233e-30 3.76379e-30 1.90831e-30 9.67542e-31 4.90554e-31 2.48714e-31 1.26099e-31 6.39318e-32 3.24131e-32 1.64331e-32 8.33136e-33 4.22385e-33 2.1414e-33 1.08563e-33 5.50385e-34 2.79026e-34 1.41456e-34 7.17123e-35 3.63549e-35 1.84302e-35 9.34311e-36 4.73643e-36 2.40108e-36 1.2172e-36
1.13874e-05 9.57717e-08 4.86e-08 2.4662e-08 1.25146e-08 6.35034e-09 3.22235e-09 1.63509e-09 8.29671e-10 4.20982e-10 2.13607e-10 1.08383e-10 5.49926e-11 2.79023e-11 1.4157e-11 7.18282e-12 3.6443e-12 1.84896e-12 9.38072e-13 4.75926e-13 2.41456e-13 1.22498e-13 6.21466e-14 3.15283e-14 1.59947e-14 8.11427e-15 4.11639e-15 2.08823e-15 1.05934e-15 5.37387e-16 2.72605e-16 1.38286e-16 7.01478e-17 3.55833e-17 1.80499e-17 9.15582e-18 4.64425e-18 2.35575e-18 1.19492e-18 6.06097e-19 3.07427e-19 1.55933e-19 7.9091e-20 4.01156e-20 2.03467e-20 1.03198e-20 5.23413e-21 2.65468e-21 1.34641e-21 6.82866e-22 3.4633e-22 1.75647e-22 8.90816e-23 4.51783e-23 2.29123e-23 1.16199e-23 5.89293e-24 2.98853e-24 1.51558e-24 7.68592e-25 3.89771e-25 1.9766e-25 1.00236e-25 5.08305e-26 2.57764e-26 1.30712e-26 6.62834e-27 3.36117e-27 1.7044e-27 8.6427e-28 4.38251e-28 2.22225e-28 1.12683e-28 5.71376e-29 2.89722e-29 1.46905e-29 7.44882e-30 3.7769e-30 1.91505e-30 9.71001e-31 4.9233e-31 2.49626e-31 1.26567e-31 6.4172e-32 3.25363e-32 1.64963e-32 8.36378e-33 4.24048e-33 2.14993e-33 1.09001e-33 5.52625e-34 2.80175e-34 1.42044e-34 7.20138e-35 3.65093e-35 1.85093e-35 9.38362e-36 4.75717e-36 2.4117e-36 1.22263e-36 6.19819e-37
5.75591e-06 4.85779e-08 2.46522e-08 1.25103e-08 6.34855e-09 3.22162e-09 1.63481e-09 8.29577e-10 4.20959e-10 2.13607e-10 1.0839e-10 5.49987e-11 2.7907e-11 1.41601e-11 7.18481e-12 3.64551e-12 1.84968e-12 9.38487e-13 4.76162e-13 2.41589e-13 1.22572e-13 6.21875e-14 3.15507e-14 1.6007e-14 8.12091e-15 4.11997e-15 2.09016e-15 1.06037e-15 5.3794e-16 2.729e-16 1.38442e-16 7.0231e-17 3.56274e-17 1.80732e-17 9.1681e-18 4.65072e-18 2.35915e-18 1.1967e-18 6.07034e-19 3.07918e-19 1.56189e-19 7.92253e-20 4.01857e-20 2.03833e-20 1.03389e-20 5.24406e-21 2.65985e-21 1.34909e-21 6.84263e-22 3.47056e-22 1.76024e-22 8.9277e-23 4.52796e-23 2.29648e-23 1.16471e-23 5.90701e-24 2.99581e-24 1.51934e-24 7.70539e-25 3.90776e-25 1.98179e-25 1.00504e-25 5.0969e-26 2.58478e-26 1.3108e-26 6.64733e-27 3.37096e-27 1.70944e-27 8.66868e-28 4.39589e-28 2.22914e-28 1.13038e-28 5.732e-29 2.9066e-29 1.47387e-29 7.47363e-30 3.78965e-30 1.9216e-30 9.74369e-31 4.9406e-31 2.50514e-31 1.27023e-31 6.44062e-32 3.26565e-32 1.6558e-32 8.39544e-33 4.25672e-33 2.15826e-33 1.09428e-33 5.54815e-34 2.81298e-34 1.4262e-34 7.23088e-35 3.66605e-35 1.85867e-35 9.42331e-36 4.7775e-36 2.42212e-36 1.22796e-36 6.22549e-37 3.15615e-37
2.9094e-06 2.46396e-08 1.25046e-08 6.34603e-09 3.22053e-09 1.63435e-09 8.29391e-10 4.20888e-10 2.13583e-10 1.08383e-10 5.49987e-11 2.79085e-11 1.41617e-11 7.186e-12 3.64632e-12 1.85019e-12 9.38798e-13 4.76346e-13 2.41695e-13 1.22633e-13 6.22216e-14 3.15697e-14 1.60175e-14 8.12666e-15 4.12311e-15 2.09186e-15 1.06129e-15 5.38436e-16 2.73166e-16 1.38584e-16 7.03067e-17 3.56676e-17 1.80945e-17 9.1794e-18 4.65669e-18 2.3623e-18 1.19836e-18 6.07906e-19 3.08376e-19 1.5643e-19 7.93512e-20 4.02516e-20 2.04178e-20 1.03569e-20 5.25345e-21 2.66474e-21 1.35164e-21 6.8559e-22 3.47746e-22 1.76383e-22 8.94633e-23 4.53763e-23 2.30149e-23 1.16731e-23 5.92048e-24 3.00279e-24 1.52296e-24 7.72408e-25 3.91743e-25 1.98679e-25 1.00762e-25 5.11024e-26 2.59167e-26 1.31436e-26 6.66567e-27 3.38042e-27 1.71432e-27 8.69382e-28 4.40885e-28 2.23581e-28 1.13381e-28 5.7497e-29 2.91571e-29 1.47856e-29 7.49773e-30 3.80205e-30 1.92797e-30 9.77645e-31 4.95744e-31 2.5138e-31 1.27467e-31 6.46345e-32 3.27737e-32 1.66182e-32 8.42633e-33 4.27257e-33 2.16639e-33 1.09845e-33 5.56956e-34 2.82395e-34 1.43183e-34 7.25974e-35 3.68084e-35 1.86625e-35 9.46216e-36 4.79741e-36 2.43231e-36 1.23319e-36 6.25224e-37 3.16985e-37 1.60708e-37
1.4706e-06 1.24976e-08 6.3428e-09 3.21908e-09 1.63371e-09 8.29111e-10 4.2077e-10 2.13536e-10 1.08365e-10 5.49926e-11 2.7907e-11 1.41617e-11 7.1864e-12 3.64672e-12 1.8505e-12 9.39005e-13 4.76477e-13 2.41775e-13 1.2268e-13 6.22489e-14 3.15852e-14 1.60262e-14 8.13153e-15 4.1258e-15 2.09334e-15 1.0621e-15 5.38873e-16 2.73402e-16 1.38711e-16 7.03748e-17 3.5704e-17 1.81139e-17 9.18973e-18 4.66217e-18 2.3652e-18 1.1999e-18 6.08715e-19 3.08802e-19 1.56654e-19 7.94689e-20 4.03133e-20 2.04501e-20 1.03738e-20 5.26229e-21 2.66936e-21 1.35405e-21 6.86847e-22 3.48401e-22 1.76723e-22 8.96404e-23 4.54684e-23 2.30628e-23 1.16979e-23 5.93337e-24 3.00947e-24 1.52642e-24 7.742e-25 3.92671e-25 1.99159e-25 1.01011e-25 5.12307e-26 2.5983e-26 1.31778e-26 6.68336e-27 3.38955e-27 1.71903e-27 8.71812e-28 4.42138e-28 2.24227e-28 1.13714e-28 5.76684e-29 2.92453e-29 1.4831e-29 7.52112e-30 3.81408e-30 1.93417e-30 9.80829e-31 4.97381e-31 2.52221e-31 1.279e-31 6.48567e-32 3.28879e-32 1.66768e-32 8.45644e-33 4.28803e-33 2.17433e-33 1.10252e-33 5.59046e-34 2.83468e-34 1.43733e-34 7.28794e-35 3.69531e-35 1.87367e-35 9.50017e-36 4.81689e-36 2.4423e-36 1.2383e-36 6.27845e-37 3.18328e-37 1.61396e-37 8.18291e-38
7.43335e-07 6.33886e-09 3.21726e-09 1.63288e-09 8.28738e-10 4.20604e-10 2.13464e-10 1.08335e-10 5.49803e-11 2.79023e-11 1.41601e-11 7.186e-12 3.64672e-12 1.8506e-12 9.39108e-13 4.76556e-13 2.41828e-13 1.22714e-13 6.22693e-14 3.15973e-14 1.60332e-14 8.13552e-15 4.12805e-15 2.09459e-15 1.06279e-15 5.39252e-16 2.73609e-16 1.38823e-16 7.04354e-17 3.57366e-17 1.81314e-17 9.19907e-18 4.66715e-18 2.36785e-18 1.2013e-18 6.0946e-19 3.09195e-19 1.56861e-19 7.95782e-20 4.03708e-20 2.04803e-20 1.03896e-20 5.27059e-21 2.67371e-21 1.35632e-21 6.88032e-22 3.49019e-22 1.77046e-22 8.98085e-23 4.55559e-23 2.31083e-23 1.17216e-23 5.94565e-24 3.01584e-24 1.52973e-24 7.75915e-25 3.9356e-25 1.99619e-25 1.01249e-25 5.1354e-26 2.60468e-26 1.32108e-26 6.7004e-27 3.39835e-27 1.72358e-27 8.74157e-28 4.43348e-28 2.24851e-28 1.14036e-28 5.78342e-29 2.93308e-29 1.48751e-29 7.5438e-30 3.82576e-30 1.94017e-30 9.83921e-31 4.98972e-31 2.53039e-31 1.2832e-31 6.50729e-32 3.2999e-32 1.67339e-32 8.48578e-33 4.3031e-33 2.18206e-33 1.1065e-33 5.61085e-34 2.84514e-34 1.4427e-34 7.31549e-35 3.70944e-35 1.88092e-35 9.53734e-36 4.83595e-36 2.45207e-36 1.24331e-36 6.30411e-37 3.19642e-37 1.6207e-37 8.21742e-38 4.16645e-38
3.75729e-07 3.21508e-09 1.63187e-09 8.28272e-10 4.20392e-10 2.13368e-10 1.08293e-10 5.49619e-11 2.78945e-11 1.4157e-11 7.18481e-12 3.64632e-12 1.8505e-12 9.39108e-13 4.76582e-13 2.41854e-13 1.22734e-13 6.2283e-14 3.16059e-14 1.60385e-14 8.13862e-15 4.12984e-15 2.09561e-15 1.06337e-15 5.39572e-16 2.73786e-16 1.38921e-16 7.04884e-17 3.57654e-17 1.8147e-17 9.20744e-18 4.67164e-18 2.37025e-18 1.20258e-18 6.1014e-19 3.09556e-19 1.57052e-19 7.96792e-20 4.04241e-20 2.05084e-20 1.04044e-20 5.27834e-21 2.67777e-21 1.35845e-21 6.89147e-22 3.49602e-22 1.7735e-22 8.99673e-23 4.56387e-23 2.31514e-23 1.1744e-23 5.95733e-24 3.02191e-24 1.53288e-24 7.77552e-25 3.94409e-25 2.0006e-25 1.01477e-25 5.14722e-26 2.6108e-26 1.32425e-26 6.71677e-27 3.40681e-27 1.72795e-27 8.76417e-28 4.44514e-28 2.25453e-28 1.14347e-28 5.79945e-29 2.94134e-29 1.49177e-29 7.56575e-30 3.83706e-30 1.946e-30 9.86919e-31 5.00515e-31 2.53833e-31 1.28729e-31 6.52831e-32 3.31071e-32 1.67895e-32 8.51432e-33 4.31777e-33 2.1896e-33 1.11037e-33 5.63073e-34 2.85535e-34 1.44794e-34 7.34239e-35 3.72324e-35 1.888e-35 9.57365e-36 4.85457e-36 2.46162e-36 1.24821e-36 6.32921e-37 3.20929e-37 1.62729e-37 8.25121e-38 4.18376e-38 2.12135e-38
1.89917e-07 1.63067e-09 8.27713e-10 4.20132e-10 2.13249e-10 1.08238e-10 5.49374e-11 2.78836e-11 1.41522e-11 7.18282e-12 3.64551e-12 1.85019e-12 9.39005e-13 4.76556e-13 2.41854e-13 1.22741e-13 6.22898e-14 3.16111e-14 1.6042e-14 8.14084e-15 4.13119e-15 2.09641e-15 1.06383e-15 5.39835e-16 2.73934e-16 1.39003e-16 7.05339e-17 3.57904e-17 1.81606e-17 9.21483e-18 4.67563e-18 2.3724e-18 1.20373e-18 6.10756e-19 3.09884e-19 1.57227e-19 7.97718e-20 4.04731e-20 2.05343e-20 1.04181e-20 5.28555e-21 2.68156e-21 1.36044e-21 6.90191e-22 3.50149e-22 1.77636e-22 9.0117e-23 4.57169e-23 2.31922e-23 1.17653e-23 5.9684e-24 3.02768e-24 1.53588e-24 7.79111e-25 3.95219e-25 2.0048e-25 1.01695e-25 5.15853e-26 2.61666e-26 1.32728e-26 6.73248e-27 3.41494e-27 1.73216e-27 8.78591e-28 4.45638e-28 2.26034e-28 1.14646e-28 5.81492e-29 2.94933e-29 1.49588e-29 7.58698e-30 3.84801e-30 1.95164e-30 9.89824e-31 5.02011e-31 2.54604e-31 1.29126e-31 6.54871e-32 3.3212e-32 1.68435e-32 8.54209e-33 4.33204e-33 2.19693e-33 1.11414e-33 5.65009e-34 2.86529e-34 1.45305e-34 7.36861e-35 3.7367e-35 1.89491e-35 9.60911e-36 4.87276e-36 2.47095e-36 1.25299e-36 6.35376e-37 3.22188e-37 1.63374e-37 8.28428e-38 4.20071e-38 2.13004e-38 1.08006e-38
9.59964e-08 8.27061e-10 4.19826e-10 2.13105e-10 1.08171e-10 5.49067e-11 2.78697e-11 1.41459e-11 7.18003e-12 3.6443e-12 1.84968e-12 9.38798e-13 4.76477e-13 2.41828e-13 1.22734e-13 6.22898e-14 3.16128e-14 1.60437e-14 8.14217e-15 4.13209e-15 2.09698e-15 1.06417e-15 5.40039e-16 2.74052e-16 1.3907e-16 7.05718e-17 3.58115e-17 1.81722e-17 9.22123e-18 4.67912e-18 2.37429e-18 1.20476e-18 6.11307e-19 3.1018e-19 1.57385e-19 7.98561e-20 4.05179e-20 2.05581e-20 1.04307e-20 5.2922e-21 2.68507e-21 1.36229e-21 6.91164e-22 3.5066e-22 1.77904e-22 9.02574e-23 4.57903e-23 2.32306e-23 1.17853e-23 5.97887e-24 3.03314e-24 1.53872e-24 7.80591e-25 3.95989e-25 2.0088e-25 1.01903e-25 5.16932e-26 2.62226e-26 1.33019e-26 6.74753e-27 3.42274e-27 1.73619e-27 8.80679e-28 4.46718e-28 2.26592e-28 1.14935e-28 5.82983e-29 2.95702e-29 1.49986e-29 7.60748e-30 3.85858e-30 1.95709e-30 9.92635e-31 5.0346e-31 2.5535e-31 1.2951e-31 6.5685e-32 3.33139e-32 1.68959e-32 8.56905e-33 4.34591e-33 2.20407e-33 1.1178e-33 5.66894e-34 2.87498e-34 1.45802e-34 7.39417e-35 3.74983e-35 1.90165e-35 9.64371e-36 4.89052e-36 2.48006e-36 1.25767e-36 6.37774e-37 3.23418e-37 1.64005e-37 8.31662e-38 4.21729e-38 2.13854e-38 1.08442e-38 5.49886e-39
4.85227e-08 4.19472e-10 2.12938e-10 1.08093e-10 5.48699e-11 2.78526e-11 1.41381e-11 7.17644e-12 3.64268e-12 1.84896e-12 9.38487e-13 4.76346e-13 2.41775e-13 1.22714e-13 6.2283e-14 3.16111e-14 1.60437e-14 8.14261e-15 4.13254e-15 2.09732e-15 1.0644e-15 5.40185e-16 2.7414e-16 1.39123e-16 7.06021e-17 3.58288e-17 1.8182e-17 9.22665e-18 4.68212e-18 2.37594e-18 1.20565e-18 6.11793e-19 3.10443e-19 1.57527e-19 7.99319e-20 4.05585e-20 2.05797e-20 1.04422e-20 5.2983e-21 2.6883e-21 1.364e-21 6.92065e-22 3.51135e-22 1.78154e-22 9.03885e-23 4.58591e-23 2.32666e-23 1.18042e-23 5.98874e-24 3.03829e-24 1.54141e-24 7.81993e-25 3.96719e-25 2.01261e-25 1.02101e-25 5.1796e-26 2.6276e-26 1.33296e-26 6.76191e-27 3.43019e-27 1.74006e-27 8.82681e-28 4.47754e-28 2.27128e-28 1.15212e-28 5.84417e-29 2.96444e-29 1.50369e-29 7.62725e-30 3.86879e-30 1.96236e-30 9.95352e-31 5.04861e-31 2.56072e-31 1.29882e-31 6.58767e-32 3.34126e-32 1.69467e-32 8.59522e-33 4.35938e-33 2.211e-33 1.12137e-33 5.68726e-34 2.8844e-34 1.46286e-34 7.41905e-35 3.76261e-35 1.90821e-35 9.67744e-36 4.90784e-36 2.48895e-36 1.26223e-36 6.40116e-37 3.24619e-37 1.64621e-37 8.34824e-38 4.2335e-38 2.14685e-38 1.08868e-38 5.5207e-39 2.79953e-39
2.45265e-08 2.12747e-10 1.08002e-10 5.4827e-11 2.78324e-11 1.41286e-11 7.17206e-12 3.64067e-12 1.84804e-12 9.38072e-13 4.76162e-13 2.41695e-13 1.2268e-13 6.22693e-14 3.16059e-14 1.6042e-14 8.14217e-15 4.13254e-15 2.09743e-15 1.06452e-15 5.40272e-16 2.742e-16 1.3916e-16 7.06249e-17 3.58422e-17 1.81898e-17 9.23109e-18 4.68461e-18 2.37733e-18 1.20642e-18 6.12215e-19 3.10673e-19 1.57651e-19 7.99994e-20 4.05948e-20 2.05992e-20 1.04526e-20 5.30385e-21 2.69126e-21 1.36557e-21 6.92895e-22 3.51573e-22 1.78386e-22 9.05104e-23 4.59232e-23 2.33003e-23 1.18219e-23 5.99799e-24 3.04313e-24 1.54394e-24 7.83316e-25 3.97409e-25 2.0162e-25 1.02288e-25 5.18936e-26 2.63267e-26 1.3356e-26 6.77562e-27 3.43731e-27 1.74375e-27 8.84596e-28 4.48747e-28 2.27643e-28 1.15479e-28 5.85794e-29 2.97156e-29 1.50737e-29 7.64629e-30 3.87862e-30 1.96744e-30 9.97974e-31 5.06213e-31 2.5677e-31 1.30242e-31 6.60622e-32 3.35083e-32 1.6996e-32 8.62059e-33 4.37244e-33 2.21772e-33 1.12483e-33 5.70507e-34 2.89356e-34 1.46757e-34 7.44326e-35 3.77506e-35 1.91461e-35 9.71029e-36 4.92472e-36 2.49762e-36 1.26668e-36 6.42401e-37 3.25792e-37 1.65223e-37 8.37912e-38 4.24934e-38 2.15497e-38 1.09285e-38 5.54207e-39 2.81049e-39 1.42524e-39
1.23972e-08 1.07899e-10 5.4778e-11 2.78091e-11 1.41176e-11 7.16688e-12 3.63824e-12 1.84692e-12 9.37555e-13 4.75926e-13 2.41589e-13 1.22633e-13 6.22489e-14 3.15973e-14 1.60385e-14 8.14084e-15 4.13209e-15 2.09732e-15 1.06452e-15 5.40302e-16 2.74229e-16 1.39183e-16 7.06401e-17 3.58518e-17 1.81956e-17 9.23454e-18 4.68661e-18 2.37847e-18 1.20706e-18 6.12572e-19 3.1087e-19 1.5776e-19 8.00585e-20 4.06269e-20 2.06165e-20 1.04619e-20 5.30885e-21 2.69393e-21 1.36699e-21 6.93653e-22 3.51976e-22 1.78599e-22 9.0623e-23 4.59826e-23 2.33316e-23 1.18383e-23 6.00664e-24 3.04767e-24 1.54632e-24 7.8456e-25 3.9806e-25 2.0196e-25 1.02466e-25 5.19861e-26 2.63749e-26 1.3381e-26 6.78866e-27 3.44409e-27 1.74727e-27 8.86424e-28 4.49695e-28 2.28134e-28 1.15734e-28 5.87115e-29 2.9784e-29 1.51091e-29 7.66459e-30 3.88809e-30 1.97233e-30 1.0005e-30 5.07518e-31 2.57443e-31 1.30589e-31 6.62415e-32 3.36007e-32 1.70436e-32 8.64515e-33 4.38509e-33 2.22424e-33 1.12818e-33 5.72234e-34 2.90245e-34 1.47215e-34 7.46679e-35 3.78716e-35 1.92083e-35 9.74227e-36 4.94115e-36 2.50606e-36 1.27102e-36 6.44628e-37 3.26936e-37 1.6581e-37 8.40926e-38 4.26481e-38 2.16291e-38 1.09692e-38 5.56295e-39 2.8212e-39 1.43073e-39 7.2557e-40
6.26636e-09 5.47229e-11 2.77828e-11 1.41051e-11 7.16091e-12 3.63542e-12 1.84559e-12 9.36934e-13 4.75638e-13 2.41456e-13 1.22572e-13 6.22216e-14 3.15852e-14 1.60332e-14 8.13862e-15 4.13119e-15 2.09698e-15 1.0644e-15 5.40272e-16 2.74229e-16 1.3919e-16 7.06477e-17 3.58576e-17 1.81995e-17 9.23701e-18 4.68811e-18 2.37935e-18 1.20758e-18 6.12864e-19 3.11035e-19 1.57851e-19 8.01091e-20 4.06547e-20 2.06316e-20 1.04701e-20 5.3133e-21 2.69632e-21 1.36828e-21 6.94339e-22 3.52341e-22 1.78793e-22 9.07263e-23 4.60373e-23 2.33605e-23 1.18536e-23 6.01467e-24 3.0519e-24 1.54854e-24 7.85725e-25 3.9867e-25 2.0228e-25 1.02633e-25 5.20733e-26 2.64204e-26 1.34048e-26 6.80103e-27 3.45053e-27 1.75062e-27 8.88165e-28 4.506e-28 2.28604e-28 1.15977e-28 5.88378e-29 2.98494e-29 1.5143e-29 7.68215e-30 3.89717e-30 1.97703e-30 1.00293e-30 5.08774e-31 2.58092e-31 1.30925e-31 6.64145e-32 3.369e-32 1.70897e-32 8.6689e-33 4.39734e-33 2.23055e-33 1.13143e-33 5.73909e-34 2.91107e-34 1.47659e-34 7.48963e-35 3.79891e-35 1.92687e-35 9.77336e-36 4.95713e-36 2.51428e-36 1.27524e-36 6.46798e-37 3.2805e-37 1.66383e-37 8.43865e-38 4.2799e-38 2.17066e-38 1.10089e-38 5.58335e-39 2.83166e-39 1.4361e-39 7.28323e-40 3.69369e-40
3.16742e-09 2.77533e-11 1.40909e-11 7.15414e-12 3.6322e-12 1.84406e-12 9.36209e-13 4.75297e-13 2.41296e-13 1.22498e-13 6.21875e-14 3.15697e-14 1.60262e-14 8.13552e-15 4.12984e-15 2.09641e-15 1.06417e-15 5.40185e-16 2.742e-16 1.39183e-16 7.06477e-17 3.58595e-17 1.82014e-17 9.23849e-18 4.68911e-18 2.37999e-18 1.20796e-18 6.13092e-19 3.11166e-19 1.57926e-19 8.01514e-20 4.06782e-20 2.06446e-20 1.04773e-20 5.31719e-21 2.69844e-21 1.36942e-21 6.94953e-22 3.52671e-22 1.78969e-22 9.08202e-23 4.60873e-23 2.3387e-23 1.18676e-23 6.0221e-24 3.05581e-24 1.5506e-24 7.8681e-25 3.9924e-25 2.02579e-25 1.02789e-25 5.21553e-26 2.64633e-26 1.34272e-26 6.81272e-27 3.45662e-27 1.7538e-27 8.89818e-28 4.5146e-28 2.29051e-28 1.16209e-28 5.89584e-29 2.9912e-29 1.51754e-29 7.69897e-30 3.90589e-30 1.98154e-30 1.00526e-30 5.09982e-31 2.58717e-31 1.31247e-31 6.65812e-32 3.37761e-32 1.71341e-32 8.69184e-33 4.40917e-33 2.23665e-33 1.13458e-33 5.7553e-34 2.91942e-34 1.48089e-34 7.51179e-35 3.81031e-35 1.93274e-35 9.80356e-36 4.97267e-36 2.52227e-36 1.27935e-36 6.48909e-37 3.29135e-37 1.6694e-37 8.46729e-38 4.29461e-38 2.17821e-38 1.10477e-38 5.60326e-39 2.84188e-39 1.44134e-39 7.31013e-40 3.70748e-40 1.88031e-40
1.60102e-09 1.40752e-11 7.14659e-12 3.62857e-12 1.84232e-12 9.35382e-13 4.74904e-13 2.41111e-13 1.22411e-13 6.21466e-14 3.15507e-14 1.60175e-14 8.13153e-15 4.12805e-15 2.09561e-15 1.06383e-15 5.40039e-16 2.7414e-16 1.3916e-16 7.06401e-17 3.58576e-17 1.82014e-17 9.23898e-18 4.68961e-18 2.38037e-18 1.20822e-18 6.13254e-19 3.11265e-19 1.57985e-19 8.01851e-20 4.06975e-20 2.06555e-20 1.04833e-20 5.32053e-21 2.70027e-21 1.37042e-21 6.95496e-22 3.52964e-22 1.79127e-22 9.09048e-23 4.61325e-23 2.34111e-23 1.18805e-23 6.0289e-24 3.05942e-24 1.55251e-24 7.87815e-25 3.9977e-25 2.02857e-25 1.02936e-25 5.22321e-26 2.65035e-26 1.34482e-26 6.82373e-27 3.46238e-27 1.7568e-27 8.91384e-28 4.52275e-28 2.29476e-28 1.1643e-28 5.90732e-29 2.99717e-29 1.52064e-29 7.71504e-30 3.91422e-30 1.98586e-30 1.0075e-30 5.11141e-31 2.59316e-31 1.31557e-31 6.67416e-32 3.3859e-32 1.7177e-32 8.71396e-33 4.42059e-33 2.24254e-33 1.13762e-33 5.77098e-34 2.92751e-34 1.48505e-34 7.53325e-35 3.82137e-35 1.93844e-35 9.83287e-36 4.98775e-36 2.53003e-36 1.28334e-36 6.50962e-37 3.30191e-37 1.67483e-37 8.49518e-38 4.30894e-38 2.18557e-38 1.10855e-38 5.62268e-39 2.85185e-39 1.44646e-39 7.33639e-40 3.72096e-40 1.88723e-40 9.57171e-41
8.09256e-10 7.13824e-12 3.62454e-12 1.84038e-12 9.34451e-13 4.74459e-13 2.40898e-13 1.2231e-13 6.2099e-14 3.15283e-14 1.6007e-14 8.12666e-15 4.1258e-15 2.09459e-15 1.06337e-15 5.39835e-16 2.74052e-16 1.39123e-16 7.06249e-17 3.58518e-17 1.81995e-17 9.23849e-18 4.68961e-18 2.38049e-18 1.20835e-18 6.13352e-19 3.11331e-19 1.58026e-19 8.02105e-20 4.07124e-20 2.06641e-20 1.04882e-20 5.32331e-21 2.70182e-21 1.37127e-21 6.95966e-22 3.5322e-22 1.79266e-22 9.098e-23 4.6173e-23 2.34329e-23 1.18921e-23 6.03509e-24 3.06271e-24 1.55426e-24 7.88741e-25 4.00259e-25 2.03115e-25 1.03072e-25 5.23036e-26 2.65411e-26 1.3468e-26 6.83407e-27 3.46779e-27 1.75963e-27 8.92861e-28 4.53047e-28 2.29878e-28 1.1664e-28 5.91823e-29 3.00284e-29 1.52359e-29 7.73037e-30 3.92218e-30 1.98999e-30 1.00964e-30 5.1225e-31 2.59891e-31 1.31855e-31 6.68957e-32 3.39387e-32 1.72182e-32 8.73526e-33 4.43159e-33 2.24823e-33 1.14055e-33 5.78612e-34 2.93532e-34 1.48908e-34 7.55402e-35 3.83207e-35 1.94395e-35 9.86128e-36 5.00238e-36 2.53756e-36 1.28722e-36 6.52957e-37 3.31217e-37 1.68011e-37 8.52231e-38 4.32289e-38 2.19274e-38 1.11224e-38 5.6416e-39 2.86157e-39 1.45145e-39 7.36202e-40 3.73411e-40 1.89398e-40 9.60635e-41 4.87235e-41
4.0905e-10 3.62011e-12 1.83824e-12 9.33418e-13 4.73961e-13 2.4066e-13 1.22196e-13 6.20445e-14 3.15024e-14 1.59947e-14 8.12091e-15 4.12311e-15 2.09334e-15 1.06279e-15 5.39572e-16 2.73934e-16 1.3907e-16 7.06021e-17 3.58422e-17 1.81956e-17 9.23701e-18 4.68911e-18 2.38037e-18 1.20835e-18 6.13384e-19 3.11364e-19 1.58051e-19 8.02274e-20 4.07231e-20 2.06707e-20 1.04921e-20 5.32554e-21 2.70309e-21 1.37199e-21 6.96364e-22 3.5344e-22 1.79387e-22 9.10459e-23 4.62088e-23 2.34522e-23 1.19025e-23 6.04067e-24 3.06569e-24 1.55585e-24 7.89587e-25 4.00708e-25 2.03353e-25 1.03197e-25 5.23699e-26 2.6576e-26 1.34863e-26 6.84372e-27 3.47285e-27 1.76228e-27 8.9425e-28 4.53773e-28 2.30257e-28 1.16838e-28 5.92856e-29 3.00822e-29 1.52639e-29 7.74494e-30 3.92975e-30 1.99392e-30 1.01169e-30 5.13311e-31 2.60441e-31 1.3214e-31 6.70434e-32 3.40151e-32 1.72578e-32 8.75573e-33 4.44218e-33 2.2537e-33 1.14338e-33 5.80072e-34 2.94286e-34 1.49297e-34 7.57409e-35 3.84243e-35 1.94929e-35 9.88878e-36 5.01655e-36 2.54486e-36 1.29098e-36 6.54892e-37 3.32213e-37 1.68523e-37 8.54868e-38 4.33645e-38 2.19971e-38 1.11582e-38 5.66002e-39 2.87103e-39 1.45631e-39 7.387e-40 3.74694e-40 1.90056e-40 9.64017e-41 4.88971e-41 2.48015e-41
2.0676e-10 1.8359e-12 9.32282e-13 4.73412e-13 2.40394e-13 1.22068e-13 6.19833e-14 3.14731e-14 1.59808e-14 8.11427e-15 4.11997e-15 2.09186e-15 1.0621e-15 5.39252e-16 2.73786e-16 1.39003e-16 7.05718e-17 3.58288e-17 1.81898e-17 9.23454e-18 4.68811e-18 2.37999e-18 1.20822e-18 6.13352e-19 3.11364e-19 1.5806e-19 8.02358e-20 4.07296e-20 2.0675e-20 1.04948e-20 5.32721e-21 2.70407e-21 1.37256e-21 6.96689e-22 3.53624e-22 1.79489e-22 9.11023e-23 4.62397e-23 2.34691e-23 1.19116e-23 6.04563e-24 3.06836e-24 1.55728e-24 7.90352e-25 4.01116e-25 2.0357e-25 1.03313e-25 5.2431e-26 2.66083e-26 1.35034e-26 6.85269e-27 3.47757e-27 1.76476e-27 8.95551e-28 4.54455e-28 2.30614e-28 1.17024e-28 5.9383e-29 3.01331e-29 1.52905e-29 7.75876e-30 3.93695e-30 1.99767e-30 1.01363e-30 5.14322e-31 2.60966e-31 1.32413e-31 6.71847e-32 3.40884e-32 1.72957e-32 8.77538e-33 4.45235e-33 2.25896e-33 1.1461e-33 5.81478e-34 2.95012e-34 1.49672e-34 7.59346e-35 3.85242e-35 1.95445e-35 9.91538e-36 5.03027e-36 2.55193e-36 1.29462e-36 6.56768e-37 3.33179e-37 1.69021e-37 8.57428e-38 4.34963e-38 2.20649e-38 1.1193e-38 5.67794e-39 2.88025e-39 1.46105e-39 7.41133e-40 3.75944e-40 1.90699e-40 9.67314e-41 4.90664e-41 2.48884e-41 1.26243e-41
1.0451e-10 9.31044e-13 4.72811e-13 2.40103e-13 1.21927e-13 6.19152e-14 3.14403e-14 1.59651e-14 8.10675e-15 4.11639e-15 2.09016e-15 1.06129e-15 5.38873e-16 2.73609e-16 1.38921e-16 7.05339e-17 3.58115e-17 1.8182e-17 9.23109e-18 4.68661e-18 2.37935e-18 1.20796e-18 6.13254e-19 3.11331e-19 1.58051e-19 8.02358e-20 4.07317e-20 2.06772e-20 1.04965e-20 5.32832e-21 2.70478e-21 1.37299e-21 6.96943e-22 3.5377e-22 1.79573e-22 9.11494e-23 4.6266e-23 2.34836e-23 1.19196e-23 6.04997e-24 3.07072e-24 1.55855e-24 7.91037e-25 4.01484e-25 2.03767e-25 1.03418e-25 5.24867e-26 2.66379e-26 1.3519e-26 6.86098e-27 3.48194e-27 1.76706e-27 8.96763e-28 4.55091e-28 2.30948e-28 1.17199e-28 5.94747e-29 3.0181e-29 1.53155e-29 7.77183e-30 3.94376e-30 2.00122e-30 1.01548e-30 5.15284e-31 2.61466e-31 1.32672e-31 6.73195e-32 3.41584e-32 1.7332e-32 8.79419e-33 4.4621e-33 2.26401e-33 1.14871e-33 5.8283e-34 2.95711e-34 1.50034e-34 7.61213e-35 3.86206e-35 1.95942e-35 9.94107e-36 5.04352e-36 2.55877e-36 1.29814e-36 6.58585e-37 3.34115e-37 1.69503e-37 8.59911e-38 4.36241e-38 2.21307e-38 1.12269e-38 5.69536e-39 2.88921e-39 1.46566e-39 7.43501e-40 3.77161e-40 1.91324e-40 9.70527e-41 4.92314e-41 2.49732e-41 1.26678e-41 6.42576e-42
5.28259e-11 4.72158e-13 2.39785e-13 1.21773e-13 6.18405e-14 3.14042e-14 1.59476e-14 8.09835e-15 4.11236e-15 2.08823e-15 1.06037e-15 5.38436e-16 2.73402e-16 1.38823e-16 7.04884e-17 3.57904e-17 1.81722e-17 9.22665e-18 4.68461e-18 2.37847e-18 1.20758e-18 6.13092e-19 3.11265e-19 1.58026e-19 8.02274e-20 4.07296e-20 2.06772e-20 1.0497e-20 5.32888e-21 2.7052e-21 1.37328e-21 6.97124e-22 3.5388e-22 1.79638e-22 9.1187e-23 4.62874e-23 2.34957e-23 1.19263e-23 6.05369e-24 3.07276e-24 1.55967e-24 7.91642e-25 4.01811e-25 2.03943e-25 1.03512e-25 5.25372e-26 2.66648e-26 1.35333e-26 6.86858e-27 3.48597e-27 1.76919e-27 8.97886e-28 4.55683e-28 2.31259e-28 1.17363e-28 5.95605e-29 3.0226e-29 1.5339e-29 7.78413e-30 3.95019e-30 2.00457e-30 1.01723e-30 5.16195e-31 2.61941e-31 1.32919e-31 6.7448e-32 3.42251e-32 1.73667e-32 8.81217e-33 4.47142e-33 2.26884e-33 1.15122e-33 5.84126e-34 2.96382e-34 1.50381e-34 7.63009e-35 3.87134e-35 1.96422e-35 9.96584e-36 5.05631e-36 2.56537e-36 1.30155e-36 6.60341e-37 3.35021e-37 1.6997e-37 8.62317e-38 4.3748e-38 2.21945e-38 1.12598e-38 5.71227e-39 2.89791e-39 1.47013e-39 7.45803e-40 3.78345e-40 1.91933e-40 9.73656e-41 4.93922e-41 2.50558e-41 1.27102e-41 6.44755e-42 3.27064e-42
2.67016e-11 2.39441e-13 1.21605e-13 6.1759e-14 3.13646e-14 1.59284e-14 8.08907e-15 4.10788e-15 2.08607e-15 1.05934e-15 5.3794e-16 2.73166e-16 1.38711e-16 7.04354e-17 3.57654e-17 1.81606e-17 9.22123e-18 4.68212e-18 2.37733e-18 1.20706e-18 6.12864e-19 3.11166e-19 1.57985e-19 8.02105e-20 4.07231e-20 2.0675e-20 1.04965e-20 5.32888e-21 2.70534e-21 1.37342e-21 6.97232e-22 3.53954e-22 1.79684e-22 9.12153e-23 4.63041e-23 2.35053e-23 1.19318e-23 6.05679e-24 3.07449e-24 1.56062e-24 7.92167e-25 4.02097e-25 2.04098e-25 1.03596e-25 5.25824e-26 2.66891e-26 1.35463e-26 6.87549e-27 3.48964e-27 1.77114e-27 8.98919e-28 4.56229e-28 2.31548e-28 1.17515e-28 5.96404e-29 3.0268e-29 1.53611e-29 7.79568e-30 3.95624e-30 2.00773e-30 1.01888e-30 5.17058e-31 2.62391e-31 1.33154e-31 6.75699e-32 3.42886e-32 1.73996e-32 8.82932e-33 4.48032e-33 2.27346e-33 1.15361e-33 5.85368e-34 2.97026e-34 1.50714e-34 7.64733e-35 3.88027e-35 1.96883e-35 9.98969e-36 5.06863e-36 2.57173e-36 1.30484e-36 6.62038e-37 3.35896e-37 1.70421e-37 8.64644e-38 4.3868e-38 2.22563e-38 1.12916e-38 5.72867e-39 2.90635e-39 1.47448e-39 7.4804e-40 3.79496e-40 1.92525e-40 9.76699e-41 4.95487e-41 2.51362e-41 1.27515e-41 6.46878e-42 3.28155e-42 1.66468e-42
1.34967e-11 1.21425e-13 6.16707e-14 3.13216e-14 1.59075e-14 8.07891e-15 4.10296e-15 2.08369e-15 1.05819e-15 5.37387e-16 2.729e-16 1.38584e-16 7.03748e-17 3.57366e-17 1.8147e-17 9.21483e-18 4.67912e-18 2.37594e-18 1.20642e-18 6.12572e-19 3.11035e-19 1.57926e-19 8.01851e-20 4.07124e-20 2.06707e-20 1.04948e-20 5.32832e-21 2.7052e-21 1.37342e-21 6.97269e-22 3.5399e-22 1.79712e-22 9.12341e-23 4.63161e-23 2.35126e-23 1.19361e-23 6.05928e-24 3.0759e-24 1.56142e-24 7.92611e-25 4.02342e-25 2.04233e-25 1.03669e-25 5.26223e-26 2.67106e-26 1.35579e-26 6.88171e-27 3.49297e-27 1.77292e-27 8.99864e-28 4.5673e-28 2.31813e-28 1.17655e-28 5.97145e-29 3.0307e-29 1.53816e-29 7.80647e-30 3.9619e-30 2.0107e-30 1.02044e-30 5.1787e-31 2.62815e-31 1.33375e-31 6.76854e-32 3.43487e-32 1.7431e-32 8.84562e-33 4.4888e-33 2.27786e-33 1.1559e-33 5.86555e-34 2.97641e-34 1.51033e-34 7.66386e-35 3.88883e-35 1.97326e-35 1.00126e-35 5.08049e-36 2.57786e-36 1.308e-36 6.63673e-37 3.36741e-37 1.70857e-37 8.66893e-38 4.3984e-38 2.23161e-38 1.13224e-38 5.74456e-39 2.91454e-39 1.47869e-39 7.5021e-40 3.80613e-40 1.93099e-40 9.79657e-41 4.97008e-41 2.52144e-41 1.27918e-41 6.48945e-42 3.29217e-42 1.67014e-42 8.47265e-43
6.82208e-12 6.15758e-14 3.12752e-14 1.58849e-14 8.06788e-15 4.09759e-15 2.08109e-15 1.05693e-15 5.36776e-16 2.72605e-16 1.38442e-16 7.03067e-17 3.5704e-17 1.81314e-17 9.20744e-18 4.67563e-18 2.37429e-18 1.20565e-18 6.12215e-19 3.1087e-19 1.57851e-19 8.01514e-20 4.06975e-20 2.06641e-20 1.04921e-20 5.32721e-21 2.70478e-21 1.37328e-21 6.97232e-22 3.5399e-22 1.79721e-22 9.12436e-23 4.63232e-23 2.35174e-23 1.19392e-23 6.06114e-24 3.077e-24 1.56205e-24 7.92974e-25 4.02547e-25 2.04347e-25 1.03732e-25 5.26569e-26 2.67295e-26 1.35682e-26 6.88725e-27 3.49595e-27 1.77452e-27 9.00719e-28 4.57186e-28 2.32056e-28 1.17784e-28 5.97827e-29 3.0343e-29 1.54006e-29 7.81649e-30 3.96717e-30 2.01347e-30 1.02189e-30 5.18632e-31 2.63214e-31 1.33584e-31 6.77944e-32 3.44056e-32 1.74607e-32 8.86108e-33 4.49685e-33 2.28205e-33 1.15808e-33 5.87687e-34 2.98229e-34 1.51338e-34 7.67968e-35 3.89703e-35 1.97751e-35 1.00346e-35 5.09188e-36 2.58375e-36 1.31105e-36 6.65248e-37 3.37555e-37 1.71277e-37 8.69064e-38 4.4096e-38 2.2374e-38 1.13523e-38 5.75993e-39 2.92246e-39 1.48278e-39 7.52314e-40 3.81697e-40 1.93657e-40 9.82529e-41 4.98486e-41 2.52904e-41 1.28309e-41 6.50957e-42 3.30251e-42 1.67545e-42 8.49996e-43 4.31219e-43
3.44832e-12 3.12254e-14 1.58605e-14 8.05598e-15 4.09178e-15 2.07826e-15 1.05555e-15 5.36108e-16 2.72281e-16 1.38286e-16 7.0231e-17 3.56676e-17 1.81139e-17 9.19907e-18 4.67164e-18 2.3724e-18 1.20476e-18 6.11793e-19 3.10673e-19 1.5776e-19 8.01091e-20 4.06782e-20 2.06555e-20 1.04882e-20 5.32554e-21 2.70407e-21 1.37299e-21 6.97124e-22 3.53954e-22 1.79712e-22 9.12436e-23 4.63256e-23 2.35198e-23 1.1941e-23 6.06238e-24 3.07779e-24 1.56253e-24 7.93257e-25 4.0271e-25 2.0444e-25 1.03785e-25 5.26862e-26 2.67457e-26 1.3577e-26 6.89209e-27 3.49858e-27 1.77594e-27 9.01484e-28 4.57597e-28 2.32275e-28 1.17901e-28 5.98449e-29 3.03761e-29 1.54181e-29 7.82575e-30 3.97206e-30 2.01604e-30 1.02325e-30 5.19343e-31 2.63587e-31 1.3378e-31 6.78969e-32 3.44592e-32 1.74887e-32 8.8757e-33 4.50447e-33 2.28602e-33 1.16015e-33 5.88763e-34 2.98788e-34 1.51629e-34 7.69478e-35 3.90486e-35 1.98158e-35 1.00557e-35 5.10279e-36 2.58941e-36 1.31398e-36 6.66762e-37 3.38337e-37 1.71682e-37 8.71155e-38 4.4204e-38 2.24297e-38 1.1381e-38 5.77479e-39 2.93012e-39 1.48673e-39 7.54351e-40 3.82746e-40 1.94198e-40 9.85314e-41 4.9992e-41 2.53643e-41 1.28689e-41 6.52911e-42 3.31256e-42 1.68062e-42 8.52654e-43 4.32585e-43 2.19466e-43
1.743e-12 1.58344e-14 8.0432e-15 4.08553e-15 2.0752e-15 1.05406e-15 5.35381e-16 2.71928e-16 1.38114e-16 7.01478e-17 3.56274e-17 1.80945e-17 9.18973e-18 4.66715e-18 2.37025e-18 1.20373e-18 6.11307e-19 3.10443e-19 1.57651e-19 8.00585e-20 4.06547e-20 2.06446e-20 1.04833e-20 5.32331e-21 2.70309e-21 1.37256e-21 6.96943e-22 3.5388e-22 1.79684e-22 9.12341e-23 4.63232e-23 2.35198e-23 1.19416e-23 6.063e-24 3.07826e-24 1.56285e-24 7.93459e-25 4.02833e-25 2.04513e-25 1.03827e-25 5.27101e-26 2.67592e-26 1.35846e-26 6.89625e-27 3.50086e-27 1.77718e-27 9.0216e-28 4.57962e-28 2.32472e-28 1.18007e-28 5.99013e-29 3.04062e-29 1.54341e-29 7.83424e-30 3.97656e-30 2.01842e-30 1.0245e-30 5.20005e-31 2.63935e-31 1.33962e-31 6.79928e-32 3.45095e-32 1.7515e-32 8.88946e-33 4.51167e-33 2.28978e-33 1.16211e-33 5.89784e-34 2.9932e-34 1.51905e-34 7.70916e-35 3.91233e-35 1.98546e-35 1.00758e-35 5.11324e-36 2.59482e-36 1.31678e-36 6.68215e-37 3.39089e-37 1.72071e-37 8.73167e-38 4.43081e-38 2.24835e-38 1.14088e-38 5.78913e-39 2.93752e-39 1.49055e-39 7.56321e-40 3.83762e-40 1.94722e-40 9.88012e-41 5.0131e-41 2.54358e-41 1.29057e-41 6.54809e-42 3.32233e-42 1.68565e-42 8.55239e-43 4.33914e-43 2.20149e-43 1.11693e-43
