0.623041 0.124608 0.0249216 0.00498433 0.000996865 0.000199373 3.98746e-05 7.97492e-06 1.59498e-06 3.18997e-07 6.37994e-08 1.27599e-08 2.55197e-09 5.10395e-10 1.02079e-10 2.04158e-11 4.08316e-12 8.16632e-13 1.63326e-13 3.26653e-14 6.53305e-15 1.30661e-15 2.61322e-16 5.22644e-17 1.04529e-17 2.09058e-18 4.18115e-19 8.36231e-20 1.67246e-20 3.34492e-21 6.68985e-22 1.33797e-22 2.67594e-23 5.35188e-24 1.07038e-24 2.14075e-25 4.2815e-26 8.56301e-27 1.7126e-27 3.4252e-28 6.8504e-29 1.37008e-29 2.74016e-30 5.48032e-31 1.09606e-31 2.19213e-32 4.38426e-33 8.76852e-34 1.7537e-34 3.50741e-35 7.01481e-36 1.40296e-36 2.80593e-37 5.61185e-38 1.12237e-38 2.24474e-39 4.48948e-40 8.97896e-41 1.79579e-41 3.59158e-42 7.18317e-43 1.43663e-43 2.87327e-44 5.74654e-45 1.14931e-45 2.29861e-46 4.59723e-47 9.19446e-48 1.83889e-48 3.67778e-49 7.35557e-50 1.47111e-50 2.94223e-51 5.88445e-52 1.17689e-52 2.35378e-53 4.70756e-54 9.41512e-55 1.88302e-55 3.76605e-56 7.5321e-57 1.50642e-57 3.01284e-58 6.02568e-59 1.20514e-59 2.41027e-60 4.82054e-61 9.64109e-62 1.92822e-62 3.85643e-63 7.71287e-64 1.54257e-64 3.08515e-65 6.1703e-66 1.23406e-66 2.46812e-67 4.93624e-68 9.87247e-69 1.97449e-69 3.94899e-70 7.89798e-71
0.124608 0.035488 0.00921088 0.00226483 0.000537497 0.000124406 2.82624e-05 6.32872e-06 1.40099e-06 3.07249e-07 6.68597e-08 1.44539e-08 3.10719e-09 6.64718e-10 1.41599e-10 3.00511e-11 6.35646e-12 1.34054e-12 2.81957e-13 5.91614e-14 1.23863e-14 2.58805e-15 5.39769e-16 1.12386e-16 2.33635e-17 4.84998e-18 1.00545e-18 2.08181e-19 4.30544e-20 8.89452e-21 1.83563e-21 3.78472e-22 7.79635e-23 1.60465e-23 3.30007e-24 6.78167e-25 1.39264e-25 2.85789e-26 5.861e-27 1.20125e-27 2.46058e-28 5.03734e-29 1.0307e-29 2.10788e-30 4.3087e-31 8.80328e-32 1.79783e-32 3.67002e-33 7.48875e-34 1.52749e-34 3.11447e-35 6.3479e-36 1.29337e-36 2.63433e-37 5.36384e-38 1.0918e-38 2.22168e-39 4.51949e-40 9.19126e-41 1.86871e-41 3.79832e-42 7.71847e-43 1.56806e-43 3.18485e-44 6.46715e-45 1.31292e-45 2.66483e-46 5.40762e-47 1.09712e-47 2.22542e-48 4.51321e-49 9.15117e-50 1.85518e-50 3.76027e-51 7.62033e-52 1.54402e-52 3.12797e-53 6.33577e-54 1.28312e-54 2.59818e-55 5.26023e-56 1.06482e-56 2.15519e-57 4.36147e-58 8.82513e-59 1.78547e-59 3.61181e-60 7.30537e-61 1.47742e-61 2.98755e-62 6.0405e-63 1.22118e-63 2.46852e-64 4.98937e-65 1.00834e-65 2.0376e-66 4.11707e-67 8.31785e-68 1.68031e-68 3.39411e-69 6.8552e-70
0.0249216 0.00921088 0.00286668 0.000814079 0.000218132 5.61233e-05 1.40107e-05 3.41671e-06 8.17723e-07 1.92715e-07 4.48357e-08 1.03174e-08 2.3519e-09 5.31731e-10 1.19351e-10 2.66178e-11 5.90246e-12 1.30214e-12 2.85933e-13 6.25224e-14 1.36186e-14 2.95595e-15 6.39513e-16 1.37943e-16 2.96719e-17 6.36606e-18 1.36256e-18 2.90981e-19 6.20105e-20 1.3189e-20 2.79999e-21 5.93399e-22 1.25552e-22 2.65234e-23 5.59497e-24 1.17859e-24 2.47946e-25 5.20962e-26 1.0933e-26 2.2918e-27 4.79895e-28 1.00384e-28 2.09776e-29 4.37962e-30 9.13531e-31 1.90385e-31 3.96444e-32 8.24865e-33 1.71495e-33 3.56284e-34 7.39664e-35 1.53453e-35 3.18147e-36 6.5918e-37 1.36494e-37 2.82465e-38 5.84209e-39 1.20762e-39 2.49493e-40 5.15183e-41 1.06328e-41 2.19341e-42 4.52259e-43 9.32085e-44 1.92013e-44 3.95384e-45 8.13814e-46 1.67438e-46 3.44359e-47 7.07948e-48 1.45489e-48 2.98881e-49 6.1378e-50 1.26002e-50 2.58581e-51 5.30485e-52 1.08795e-52 2.23055e-53 4.57175e-54 9.3675e-55 1.91884e-55 3.92945e-56 8.04459e-57 1.64649e-57 3.36899e-58 6.89174e-59 1.40945e-59 2.88178e-60 5.89073e-61 1.20386e-61 2.45969e-62 5.02443e-63 1.02612e-63 2.09515e-64 4.27701e-65 8.72922e-66 1.78124e-66 3.63397e-67 7.41236e-68 1.51164e-68 3.08218e-69
0.00498433 0.00226483 0.000814079 0.000259581 7.67858e-05 2.15559e-05 5.82022e-06 1.52457e-06 3.89735e-07 9.76491e-08 2.40567e-08 5.84178e-09 1.40102e-09 3.3236e-10 7.80907e-11 1.81918e-11 4.20556e-12 9.65544e-13 2.20293e-13 4.99751e-14 1.12782e-14 2.53304e-15 5.66404e-16 1.26135e-16 2.7983e-17 6.18616e-18 1.36306e-18 2.99415e-19 6.55807e-20 1.43252e-20 3.12115e-21 6.78397e-22 1.47117e-22 3.18354e-23 6.87495e-24 1.4818e-24 3.18793e-25 6.84651e-26 1.46793e-26 3.14231e-27 6.71637e-28 1.43347e-28 3.0552e-29 6.503e-30 1.3824e-30 2.93508e-31 6.22439e-32 1.31851e-32 2.78995e-33 5.89733e-34 1.24531e-34 2.6271e-35 5.53693e-36 1.16592e-36 2.45295e-37 5.15633e-38 1.08303e-38 2.27297e-39 4.76669e-40 9.98889e-41 2.09173e-41 4.37716e-42 9.15346e-43 1.91291e-43 3.99508e-44 8.33852e-45 1.73937e-45 3.6261e-46 7.55514e-47 1.57327e-47 3.27441e-48 6.81137e-49 1.41617e-49 2.94292e-50 6.11268e-51 1.26905e-51 2.63347e-52 5.46238e-53 1.13252e-53 2.34705e-54 4.86204e-55 1.00678e-55 2.08392e-56 4.3118e-57 8.91803e-58 1.84382e-58 3.81073e-59 7.87308e-60 1.62603e-60 3.35711e-61 6.92878e-62 1.42957e-62 2.9486e-63 6.07981e-64 1.25323e-64 2.5825e-65 5.32011e-66 1.09566e-66 2.25584e-67 4.64322e-68 9.55459e-69
0.000996865 0.000537497 0.000218132 7.67858e-05 2.47334e-05 7.48867e-06 2.16512e-06 6.03835e-07 1.63587e-07 4.32675e-08 1.12149e-08 2.85706e-09 7.17018e-10 1.77595e-10 4.34794e-11 1.0535e-11 2.52896e-12 6.02002e-13 1.42212e-13 3.33618e-14 7.77653e-15 1.80206e-15 4.1533e-16 9.52426e-17 2.17389e-17 4.94027e-18 1.11813e-18 2.52104e-19 5.66382e-20 1.26817e-20 2.8305e-21 6.29866e-22 1.39766e-22 3.09306e-23 6.8276e-24 1.50348e-24 3.30313e-25 7.24103e-26 1.58404e-26 3.45833e-27 7.53593e-28 1.63913e-28 3.55902e-29 7.7147e-30 1.66959e-30 3.60768e-31 7.78397e-32 1.67708e-32 3.60836e-33 7.75337e-34 1.66386e-34 3.56621e-35 7.6345e-36 1.63251e-36 3.48697e-37 7.44004e-38 1.58581e-38 3.37667e-39 7.18298e-40 1.52655e-40 3.24129e-41 6.87606e-42 1.45743e-42 3.08654e-43 6.53135e-44 1.38099e-44 2.91773e-45 6.15992e-46 1.29954e-46 2.73966e-47 5.7717e-48 1.21512e-48 2.55654e-49 5.37538e-50 1.12952e-50 2.37201e-51 4.97833e-52 1.04424e-52 2.18912e-53 4.58671e-54 9.60505e-55 2.01034e-55 4.2055e-56 8.79321e-57 1.83766e-57 3.8386e-58 8.01452e-59 1.67256e-59 3.48893e-60 7.27464e-61 1.51615e-61 3.15858e-62 6.57749e-63 1.36916e-63 2.84888e-64 5.9255e-65 1.232e-65 2.56055e-66 5.31983e-67 1.10485e-67 2.29382e-68
0.000199373 0.000124406 5.61233e-05 2.15559e-05 7.48867e-06 2.42559e-06 7.45598e-07 2.20001e-07 6.28049e-08 1.74453e-08 4.73514e-09 1.26004e-09 3.29583e-10 8.49152e-11 2.1587e-11 5.42261e-12 1.34758e-12 3.31648e-13 8.09015e-14 1.9576e-14 4.70183e-15 1.1216e-15 2.65866e-16 6.26522e-17 1.46838e-17 3.42393e-18 7.94586e-19 1.83575e-19 4.22341e-20 9.67817e-21 2.20954e-21 5.02665e-22 1.13974e-22 2.57606e-23 5.80497e-24 1.30438e-24 2.92297e-25 6.53308e-26 1.45659e-26 3.23987e-27 7.1901e-28 1.59221e-28 3.51857e-29 7.76005e-30 1.70818e-30 3.7532e-31 8.23197e-32 1.80246e-32 3.94019e-33 8.59966e-34 1.87406e-34 4.078e-35 8.86122e-36 1.92284e-36 4.16694e-37 9.01847e-38 1.94943e-38 4.20882e-39 9.07623e-40 1.95505e-40 4.20664e-41 9.04168e-42 1.94139e-42 4.16429e-43 8.9237e-44 1.91045e-44 4.08626e-45 8.73224e-46 1.86443e-46 3.97736e-47 8.47783e-48 1.80561e-48 3.84255e-49 8.17114e-50 1.73628e-50 3.68671e-51 7.82256e-52 1.65866e-52 3.51454e-53 7.44203e-54 1.57483e-54 3.33042e-55 7.03874e-56 1.48671e-56 3.13836e-57 6.62103e-58 1.39605e-58 2.94196e-59 6.19633e-60 1.30437e-60 2.74436e-61 5.77111e-62 1.213e-62 2.54827e-63 5.35086e-64 1.12304e-64 2.35596e-65 4.94017e-66 1.03543e-66 2.16926e-67 4.54273e-68
3.98746e-05 2.82624e-05 1.40107e-05 5.82022e-06 2.16512e-06 7.45598e-07 2.42352e-07 7.52916e-08 2.25503e-08 6.55207e-09 1.85549e-09 5.14006e-10 1.39686e-10 3.73264e-11 9.82618e-12 2.55238e-12 6.55052e-13 1.66291e-13 4.17971e-14 1.04106e-14 2.57144e-15 6.30275e-16 1.53386e-16 3.70819e-17 8.90959e-18 2.12838e-18 5.05704e-19 1.19548e-19 2.81267e-20 6.58788e-21 1.53649e-21 3.56922e-22 8.25975e-23 1.90456e-23 4.37657e-24 1.00244e-24 2.28894e-25 5.21102e-26 1.183e-26 2.67836e-27 6.04825e-28 1.36243e-28 3.06171e-29 6.86474e-30 1.53579e-30 3.42864e-31 7.63891e-32 1.6986e-32 3.76995e-33 8.35198e-34 1.84707e-34 4.07794e-35 8.98853e-36 1.97811e-36 4.34656e-37 9.53673e-38 2.08944e-38 4.57149e-39 9.98848e-40 2.17958e-40 4.75004e-41 1.03392e-41 2.24779e-42 4.88113e-43 1.05875e-43 2.29399e-44 4.96504e-45 1.0735e-45 2.3187e-46 5.00329e-47 1.07857e-47 2.32293e-48 4.99836e-49 1.07456e-49 2.30811e-50 4.9535e-51 1.06221e-51 2.27591e-52 4.87256e-53 1.04238e-53 2.22825e-54 4.75973e-55 1.01599e-55 2.16714e-56 4.6194e-57 9.83991e-58 2.09464e-58 4.45601e-59 9.47344e-60 2.0128e-60 4.27393e-61 9.06976e-62 1.92358e-62 4.07734e-63 8.6377e-64 1.82886e-64 3.87016e-65 8.18553e-66 1.73037e-66 3.65602e-67 7.72077e-68
7.97492e-06 6.32872e-06 3.41671e-06 1.52457e-06 6.03835e-07 2.20001e-07 7.52916e-08 2.45327e-08 7.68184e-09 2.32721e-09 6.85576e-10 1.97165e-10 5.55271e-11 1.53522e-11 4.17566e-12 1.11921e-12 2.96043e-13 7.7374e-14 2.00028e-14 5.11964e-15 1.29835e-15 3.26477e-16 8.14507e-17 2.01724e-17 4.96201e-18 1.2128e-18 2.94661e-19 7.119e-20 1.71089e-20 4.0913e-21 9.73769e-22 2.30737e-22 5.44431e-23 1.27946e-23 2.99542e-24 6.98733e-25 1.62428e-25 3.76339e-26 8.69211e-27 2.00152e-27 4.59559e-28 1.05225e-28 2.40293e-29 5.47336e-30 1.24366e-30 2.8192e-31 6.3762e-32 1.43895e-32 3.24053e-33 7.28284e-34 1.63355e-34 3.6571e-35 8.17233e-36 1.82299e-36 4.05952e-37 9.02491e-38 2.00314e-38 4.43915e-39 9.8227e-40 2.17032e-40 4.78845e-41 1.05503e-41 2.3214e-42 5.10111e-43 1.11951e-43 2.45387e-44 5.3722e-45 1.17474e-45 2.56588e-46 5.59818e-47 1.22007e-47 2.65622e-48 5.7769e-49 1.25513e-49 2.72429e-50 5.90747e-51 1.2798e-51 2.77005e-52 5.99023e-53 1.29425e-53 2.79399e-54 6.02652e-55 1.29883e-55 2.79701e-56 6.01857e-57 1.29408e-57 2.78037e-58 5.96932e-59 1.28066e-59 2.74561e-60 5.88225e-61 1.25937e-61 2.69449e-62 5.76123e-63 1.23106e-63 2.62887e-64 5.61038e-65 1.19662e-65 2.55071e-66 5.43393e-67 1.15696e-67
1.59498e-06 1.40099e-06 8.17723e-07 3.89735e-07 1.63587e-07 6.28049e-08 2.25503e-08 7.68184e-09 2.50749e-09 7.89945e-10 2.41484e-10 7.19336e-11 2.09493e-11 5.98094e-12 1.67759e-12 4.6315e-13 1.26052e-13 3.38641e-14 8.99063e-15 2.36118e-15 6.13946e-16 1.5817e-16 4.04019e-17 1.02382e-17 2.57525e-18 6.43282e-19 1.59645e-19 3.93778e-20 9.65708e-21 2.35548e-21 5.71583e-22 1.38028e-22 3.31778e-23 7.94009e-24 1.89231e-24 4.49191e-25 1.06225e-25 2.50293e-26 5.87717e-27 1.37547e-27 3.20889e-28 7.46342e-29 1.73082e-29 4.00267e-30 9.23157e-31 2.12361e-31 4.87289e-32 1.11546e-32 2.54748e-33 5.80488e-34 1.31988e-34 2.99481e-35 6.78147e-36 1.5326e-36 3.45707e-37 7.78378e-38 1.74944e-38 3.92518e-39 8.79209e-40 1.96616e-40 4.38996e-41 9.78669e-42 2.17853e-42 4.84242e-43 1.07485e-43 2.38254e-44 5.27413e-45 1.166e-45 2.5745e-46 5.67744e-47 1.25052e-47 2.75117e-48 6.0457e-49 1.32706e-49 2.90979e-50 6.37339e-51 1.39453e-51 3.04819e-52 6.65619e-53 1.45207e-53 3.16473e-54 6.89102e-55 1.49912e-55 3.25837e-56 7.07601e-57 1.53535e-57 3.3286e-58 7.21046e-59 1.56069e-59 3.37542e-60 7.29469e-61 1.57528e-61 3.39929e-62 7.33001e-63 1.57947e-63 3.40107e-64 7.31851e-65 1.57376e-65 3.38195e-66 7.26299e-67 1.55879e-67
3.18997e-07 3.07249e-07 1.92715e-07 9.76491e-08 4.32675e-08 1.74453e-08 6.55207e-09 2.32721e-09 7.89945e-10 2.58204e-10 8.17367e-11 2.51701e-11 7.5665e-12 2.2268e-12 6.43075e-13 1.82592e-13 5.10575e-14 1.408e-14 3.83388e-15 1.03186e-15 2.74758e-16 7.24399e-17 1.8924e-17 4.90156e-18 1.25947e-18 3.21215e-19 8.13503e-20 2.04673e-20 5.11759e-21 1.27211e-21 3.14466e-22 7.73292e-23 1.89212e-23 4.60781e-24 1.11708e-24 2.69654e-25 6.48261e-26 1.55236e-26 3.70346e-27 8.80372e-28 2.08561e-28 4.92455e-29 1.15911e-29 2.71997e-30 6.36401e-31 1.48482e-31 3.45493e-32 8.01803e-33 1.85609e-33 4.28621e-34 9.8747e-35 2.26979e-35 5.20586e-36 1.19144e-36 2.72118e-37 6.20258e-38 1.41106e-38 3.20408e-39 7.26218e-40 1.64309e-40 3.71116e-41 8.36819e-42 1.88385e-42 4.23424e-43 9.50247e-44 2.12935e-44 4.76457e-45 1.06459e-45 2.37544e-46 5.29318e-47 1.17793e-47 2.61796e-48 5.81118e-49 1.28835e-49 2.8529e-50 6.31004e-51 1.39407e-51 3.07646e-52 6.78184e-53 1.49342e-53 3.28522e-54 7.21947e-55 1.58494e-55 3.47616e-56 7.61676e-57 1.66739e-57 3.64674e-58 7.96864e-59 1.73973e-59 3.79496e-60 8.27113e-61 1.80121e-61 3.91932e-62 8.52142e-63 1.85129e-63 4.01888e-64 8.71783e-65 1.88969e-65 4.09317e-66 8.85972e-67 1.91636e-67
6.37994e-08 6.68597e-08 4.48357e-08 2.40567e-08 1.12149e-08 4.73514e-09 1.85549e-09 6.85576e-10 2.41484e-10 8.17367e-11 2.67455e-11 8.49986e-12 2.63334e-12 7.97691e-13 2.36846e-13 6.90708e-14 1.98186e-14 5.60333e-15 1.56303e-15 4.30643e-16 1.17306e-16 3.16185e-17 8.43944e-18 2.23218e-18 5.85394e-19 1.52303e-19 3.93296e-20 1.0085e-20 2.56894e-21 6.50298e-22 1.63643e-22 4.09489e-23 1.01923e-23 2.52407e-24 6.22062e-25 1.52605e-25 3.72732e-26 9.06573e-27 2.19617e-27 5.29977e-28 1.27423e-28 3.05284e-29 7.28925e-30 1.73478e-30 4.11566e-31 9.73465e-32 2.2958e-32 5.39918e-33 1.26631e-33 2.96221e-34 6.9118e-35 1.6088e-35 3.73579e-36 8.65501e-37 2.00072e-37 4.61498e-38 1.0623e-38 2.44029e-39 5.59478e-40 1.28025e-40 2.92415e-41 6.66687e-42 1.51734e-42 3.44747e-43 7.81984e-44 1.77089e-44 4.00409e-45 9.03957e-46 2.03771e-46 4.58675e-47 1.03098e-47 2.31414e-48 5.18733e-49 1.16124e-49 2.59622e-50 5.79712e-51 1.29285e-51 2.87979e-52 6.40712e-53 1.42385e-53 3.16065e-54 7.00826e-55 1.5523e-55 3.43465e-56 7.59172e-57 1.67633e-57 3.69782e-58 8.14914e-59 1.79417e-59 3.94649e-60 8.67283e-61 1.90424e-61 4.17732e-62 9.1559e-63 2.0051e-63 4.38742e-64 9.59244e-65 2.09556e-65 4.57436e-66 9.97758e-67 2.17465e-67
1.27599e-08 1.44539e-08 1.03174e-08 5.84178e-09 2.85706e-09 1.26004e-09 5.14006e-10 1.97165e-10 7.19336e-11 2.51701e-11 8.49986e-12 2.78371e-12 8.87567e-13 2.76378e-13 8.42655e-14 2.52102e-14 7.41433e-15 2.1469e-15 6.12881e-16 1.72692e-16 4.80772e-17 1.32363e-17 3.60665e-18 9.73315e-19 2.60311e-19 6.90349e-20 1.81638e-20 4.74358e-21 1.23014e-21 3.16897e-22 8.11247e-23 2.06443e-23 5.22383e-24 1.31474e-24 3.29205e-25 8.20293e-26 2.03444e-26 5.02322e-27 1.235e-27 3.02394e-28 7.37524e-29 1.79203e-29 4.33851e-30 1.04671e-30 2.51684e-31 6.03235e-32 1.44134e-32 3.43354e-33 8.15571e-34 1.93182e-34 4.56348e-35 1.0752e-35 2.52689e-36 5.92403e-37 1.38553e-37 3.23309e-38 7.52744e-39 1.74879e-39 4.05427e-40 9.37997e-41 2.16585e-41 4.99133e-42 1.14812e-42 2.63614e-43 6.04192e-44 1.38239e-44 3.15757e-45 7.20049e-46 1.63936e-46 3.72657e-47 8.45829e-48 1.91694e-48 4.33816e-49 9.80361e-50 2.21241e-50 4.98605e-51 1.12221e-51 2.5225e-52 5.6629e-53 1.26973e-53 2.84352e-54 6.36046e-55 1.42108e-55 3.17142e-56 7.06983e-57 1.57431e-57 3.50195e-58 7.78173e-59 1.72742e-59 3.83075e-60 8.48677e-61 1.87837e-61 4.15346e-62 9.17563e-63 2.02519e-63 4.46587e-64 9.83934e-65 2.16597e-65 4.76397e-66 1.04695e-66 2.29894e-67
2.55197e-09 3.10719e-09 2.3519e-09 1.40102e-09 7.17018e-10 3.29583e-10 1.39686e-10 5.55271e-11 2.09493e-11 7.5665e-12 2.63334e-12 8.87567e-13 2.90888e-13 9.30032e-14 2.90858e-14 8.91767e-15 2.68554e-15 7.95657e-16 2.32242e-16 6.68655e-17 1.90096e-17 5.34146e-18 1.48465e-18 4.08493e-19 1.11335e-19 3.00763e-20 8.0574e-21 2.14169e-21 5.65071e-22 1.4805e-22 3.85335e-23 9.9664e-24 2.56239e-24 6.55066e-25 1.66562e-25 4.21331e-26 1.06055e-26 2.657e-27 6.6266e-28 1.64556e-28 4.06943e-29 1.00236e-29 2.45953e-30 6.01286e-31 1.46477e-31 3.55612e-32 8.60502e-33 2.07562e-33 4.99127e-34 1.1967e-34 2.861e-35 6.82096e-36 1.62184e-36 3.84627e-37 9.09867e-38 2.14711e-38 5.0548e-39 1.18728e-39 2.78248e-40 6.50683e-41 1.51841e-41 3.53607e-42 8.21835e-43 1.90636e-43 4.41373e-44 1.02001e-44 2.35303e-45 5.41864e-46 1.2457e-46 2.85899e-47 6.55101e-48 1.49871e-48 3.42337e-49 7.80792e-50 1.77818e-50 4.04383e-51 9.18326e-52 2.08259e-52 4.71655e-53 1.06678e-53 2.40971e-54 5.43635e-55 1.22494e-55 2.75673e-56 6.19671e-57 1.39131e-57 3.12028e-58 6.99004e-59 1.5642e-59 3.49653e-60 7.80779e-61 1.74169e-61 3.88129e-62 8.64072e-63 1.92177e-63 4.2701e-64 9.4791e-65 2.10231e-65 4.65836e-66 1.0313e-66 2.28116e-67
5.10395e-10 6.64718e-10 5.31731e-10 3.3236e-10 1.77595e-10 8.49152e-11 3.73264e-11 1.53522e-11 5.98094e-12 2.2268e-12 7.97691e-13 2.76378e-13 9.30032e-14 3.0499e-14 9.77411e-15 3.0682e-15 9.4528e-16 2.86311e-16 8.53781e-17 2.50977e-17 7.28084e-18 2.08647e-18 5.91152e-19 1.65722e-19 4.59995e-20 1.26499e-20 3.44849e-21 9.32388e-22 2.50146e-22 6.66197e-23 1.76195e-23 4.62934e-24 1.20871e-24 3.13717e-25 8.09625e-26 2.07814e-26 5.30661e-27 1.34836e-27 3.40986e-28 8.58403e-29 2.15154e-29 5.37019e-30 1.33499e-30 3.30587e-31 8.15588e-32 2.00491e-32 4.91146e-33 1.19915e-33 2.91832e-34 7.08003e-35 1.71248e-35 4.12996e-36 9.93199e-37 2.38197e-37 5.69747e-38 1.35928e-38 3.23481e-39 7.67952e-40 1.81884e-40 4.29795e-41 1.01335e-41 2.38407e-42 5.59707e-43 1.31133e-43 3.06617e-44 7.15541e-45 1.66667e-45 3.87492e-46 8.99274e-47 2.08333e-47 4.81813e-48 1.11243e-48 2.56422e-49 5.90125e-50 1.35599e-50 3.11104e-51 7.127e-52 1.63033e-52 3.72413e-53 8.49509e-54 1.93517e-54 4.40239e-55 1.00021e-55 2.26953e-56 5.14324e-57 1.16413e-57 2.63176e-58 5.94259e-59 1.3403e-59 3.01951e-60 6.79495e-61 1.52743e-61 3.42983e-62 7.69352e-63 1.72397e-63 3.85917e-64 8.63031e-65 1.92812e-65 4.30353e-66 9.59633e-67 2.13788e-67
1.02079e-10 1.41599e-10 1.19351e-10 7.80907e-11 4.34794e-11 2.1587e-11 9.82618e-12 4.17566e-12 1.67759e-12 6.43075e-13 2.36846e-13 8.42655e-14 2.90858e-14 9.77411e-15 3.20693e-15 1.02982e-15 3.24328e-16 1.00348e-16 3.05484e-17 9.16206e-18 2.71031e-18 7.91601e-19 2.28477e-19 6.52193e-20 1.84254e-20 5.15521e-21 1.42928e-21 3.92878e-22 1.07122e-22 2.89848e-23 7.78589e-24 2.07708e-24 5.50496e-25 1.44993e-25 3.79629e-26 9.88344e-27 2.55919e-27 6.59244e-28 1.68979e-28 4.31073e-29 1.09467e-29 2.76765e-30 6.96797e-31 1.74718e-31 4.36384e-32 1.08583e-32 2.69201e-33 6.6507e-34 1.63751e-34 4.01863e-35 9.83094e-36 2.39761e-36 5.83006e-37 1.41357e-37 3.41781e-38 8.24143e-39 1.98206e-39 4.75471e-40 1.13777e-40 2.71606e-41 6.46854e-42 1.53704e-42 3.64419e-43 8.62144e-44 2.03538e-44 4.79538e-45 1.12755e-45 2.64606e-46 6.19787e-47 1.44904e-47 3.3817e-48 7.87812e-49 1.83216e-49 4.25375e-50 9.8598e-51 2.28174e-51 5.27208e-52 1.21627e-52 2.80173e-53 6.44441e-54 1.48018e-54 3.39497e-55 7.77602e-56 1.77866e-56 4.06305e-57 9.26932e-58 2.11199e-58 4.80613e-59 1.09237e-59 2.47982e-60 5.62291e-61 1.27351e-61 2.88105e-62 6.51056e-63 1.46964e-63 3.31391e-64 7.4647e-65 1.67972e-65 3.77589e-66 8.47948e-67 1.90237e-67
2.04158e-11 3.00511e-11 2.66178e-11 1.81918e-11 1.0535e-11 5.42261e-12 2.55238e-12 1.11921e-12 4.6315e-13 1.82592e-13 6.90708e-14 2.52102e-14 8.91767e-15 3.0682e-15 1.02982e-15 3.3804e-16 1.08746e-16 3.4346e-17 1.06668e-17 3.26192e-18 9.83347e-19 2.92542e-19 8.59649e-20 2.49726e-20 7.17691e-21 2.04189e-21 5.75454e-22 1.60735e-22 4.45192e-23 1.22326e-23 3.33588e-24 9.03201e-25 2.42882e-25 6.48913e-26 1.72301e-26 4.54802e-27 1.19372e-27 3.11628e-28 8.09319e-29 2.09145e-29 5.37902e-30 1.37712e-30 3.51014e-31 8.90917e-32 2.25204e-32 5.67029e-33 1.42228e-33 3.55444e-34 8.85154e-35 2.19674e-35 5.43375e-36 1.33976e-36 3.29311e-37 8.07007e-38 1.97188e-38 4.80456e-39 1.16744e-39 2.82914e-40 6.8383e-41 1.64872e-41 3.96536e-42 9.5144e-43 2.27757e-43 5.43979e-44 1.29639e-44 3.08289e-45 7.31599e-46 1.73262e-46 4.09514e-47 9.66033e-48 2.27454e-48 5.34554e-49 1.25402e-49 2.93665e-50 6.86518e-51 1.60221e-51 3.7331e-52 8.68403e-53 2.01691e-53 4.67718e-54 1.08299e-54 2.50393e-55 5.78084e-56 1.33273e-56 3.06826e-57 7.05424e-58 1.61968e-58 3.71396e-59 8.50529e-60 1.94533e-60 4.44389e-61 1.01392e-61 2.31063e-62 5.25957e-63 1.19583e-63 2.71583e-64 6.16106e-65 1.39616e-65 3.16049e-66 7.14689e-67 1.61448e-67
4.08316e-12 6.35646e-12 5.90246e-12 4.20556e-12 2.52896e-12 1.34758e-12 6.55052e-13 2.96043e-13 1.26052e-13 5.10575e-14 1.98186e-14 7.41433e-15 2.68554e-15 9.4528e-16 3.24328e-16 1.08746e-16 3.57096e-17 1.15056e-17 3.64312e-18 1.13524e-18 3.4856e-19 1.05564e-19 3.15653e-20 9.3269e-21 2.72538e-21 7.88093e-22 2.25663e-22 6.40208e-23 1.80046e-23 5.02169e-24 1.38967e-24 3.81713e-25 1.04109e-25 2.82038e-26 7.59165e-27 2.03094e-27 5.40143e-28 1.4285e-28 3.75763e-29 9.83343e-30 2.56061e-30 6.63609e-31 1.71195e-31 4.39697e-32 1.12453e-32 2.86423e-33 7.26655e-34 1.8365e-34 4.62434e-35 1.16027e-35 2.90115e-36 7.22985e-37 1.7959e-37 4.44707e-38 1.09785e-38 2.70228e-39 6.63243e-40 1.62333e-40 3.96247e-41 9.64679e-42 2.34255e-42 5.67434e-43 1.37117e-43 3.30552e-44 7.95046e-45 1.90798e-45 4.56883e-46 1.09172e-46 2.60327e-47 6.19506e-48 1.47134e-48 3.48772e-49 8.25184e-50 1.94876e-50 4.59394e-51 1.08105e-51 2.53956e-52 5.9558e-53 1.39446e-53 3.25964e-54 7.60761e-55 1.77278e-55 4.12481e-56 9.58314e-57 2.22321e-57 5.15032e-58 1.19147e-58 2.75254e-59 6.35042e-60 1.46318e-60 3.36693e-61 7.7378e-62 1.77607e-62 4.07167e-63 9.32318e-64 2.13228e-64 4.87102e-65 1.11148e-65 2.53338e-66 5.76793e-67 1.31181e-67
8.16632e-13 1.34054e-12 1.30214e-12 9.65544e-13 6.02002e-13 3.31648e-13 1.66291e-13 7.7374e-14 3.38641e-14 1.408e-14 5.60333e-15 2.1469e-15 7.95657e-16 2.86311e-16 1.00348e-16 3.4346e-17 1.15056e-17 3.77945e-18 1.21942e-18 3.86992e-19 1.20954e-19 3.72724e-20 1.13353e-20 3.40515e-21 1.01121e-21 2.97066e-22 8.63876e-23 2.48823e-23 7.10229e-24 2.00996e-24 5.64222e-25 1.57168e-25 4.34605e-26 1.19341e-26 3.25532e-27 8.82336e-28 2.37702e-28 6.36651e-29 1.69569e-29 4.49229e-30 1.18401e-30 3.10526e-31 8.10542e-32 2.10604e-32 5.44804e-33 1.40336e-33 3.60009e-34 9.19891e-35 2.34151e-35 5.93808e-36 1.50051e-36 3.77855e-37 9.48311e-38 2.37225e-38 5.91556e-39 1.47062e-39 3.6451e-40 9.0087e-41 2.22021e-41 5.4568e-42 1.3376e-42 3.27033e-43 7.97559e-44 1.9403e-44 4.70908e-45 1.14023e-45 2.75461e-46 6.63998e-47 1.59711e-47 3.83342e-48 9.18215e-49 2.19497e-49 5.23671e-50 1.24697e-50 2.96371e-51 7.03106e-52 1.66504e-52 3.93612e-53 9.2889e-54 2.18842e-54 5.14731e-55 1.20873e-55 2.83397e-56 6.63419e-57 1.55068e-57 3.61918e-58 8.43462e-59 1.96291e-59 4.5617e-60 1.05866e-60 2.45358e-61 5.67896e-62 1.31272e-62 3.03056e-63 6.98762e-64 1.60917e-64 3.70125e-65 8.50315e-66 1.95121e-66 4.4723e-67 1.02393e-67
1.63326e-13 2.81957e-13 2.85933e-13 2.20293e-13 1.42212e-13 8.09015e-14 4.17971e-14 2.00028e-14 8.99063e-15 3.83388e-15 1.56303e-15 6.12881e-16 2.32242e-16 8.53781e-17 3.05484e-17 1.06668e-17 3.64312e-18 1.21942e-18 4.00687e-19 1.29439e-19 4.11621e-20 1.29001e-20 3.98829e-21 1.21752e-21 3.67288e-22 1.09572e-22 3.23473e-23 9.45549e-24 2.73825e-24 7.86001e-25 2.23734e-25 6.31804e-26 1.77069e-26 4.92685e-27 1.36147e-27 3.73756e-28 1.01962e-28 2.76486e-29 7.45423e-30 1.99861e-30 5.33018e-31 1.41428e-31 3.73418e-32 9.8129e-33 2.56694e-33 6.68534e-34 1.73374e-34 4.47778e-35 1.15191e-35 2.95194e-36 7.53673e-37 1.91733e-37 4.86068e-38 1.22809e-38 3.09271e-39 7.76367e-40 1.94291e-40 4.84771e-41 1.20602e-41 2.99185e-42 7.40162e-43 1.8262e-43 4.49401e-44 1.1031e-44 2.70096e-45 6.59736e-46 1.60768e-46 3.90868e-47 9.48168e-48 2.29504e-48 5.54326e-49 1.33608e-49 3.21377e-50 7.71491e-51 1.84842e-51 4.42018e-52 1.05505e-52 2.51368e-53 5.97823e-54 1.41931e-54 3.36385e-55 7.9592e-56 1.88013e-56 4.43414e-57 1.04411e-57 2.45477e-58 5.76257e-59 1.35076e-59 3.16159e-60 7.38946e-61 1.72468e-61 4.01984e-62 9.35666e-63 2.17498e-63 5.04923e-64 1.17068e-64 2.71085e-65 6.26954e-66 1.44823e-66 3.34135e-67 7.70011e-68
3.26653e-14 5.91614e-14 6.25224e-14 4.99751e-14 3.33618e-14 1.9576e-14 1.04106e-14 5.11964e-15 2.36118e-15 1.03186e-15 4.30643e-16 1.72692e-16 6.68655e-17 2.50977e-17 9.16206e-18 3.26192e-18 1.13524e-18 3.86992e-19 1.29439e-19 4.25437e-20 1.37588e-20 4.38337e-21 1.37711e-21 4.27032e-22 1.30812e-22 3.96142e-23 1.18677e-23 3.51934e-24 1.03366e-24 3.00841e-25 8.6805e-26 2.48421e-26 7.05409e-27 1.98821e-27 5.56417e-28 1.54666e-28 4.27139e-29 1.17232e-29 3.19845e-30 8.67661e-31 2.34087e-31 6.2822e-32 1.67742e-32 4.45703e-33 1.1787e-33 3.10303e-34 8.1332e-35 2.12273e-35 5.51757e-36 1.42849e-36 3.68419e-37 9.46653e-38 2.42368e-38 6.1836e-39 1.5723e-39 3.98476e-40 1.00665e-40 2.53519e-41 6.36548e-42 1.59359e-42 3.97816e-43 9.90335e-44 2.4587e-44 6.08816e-45 1.50366e-45 3.70448e-46 9.10424e-47 2.23216e-47 5.46008e-48 1.33256e-48 3.24498e-49 7.88492e-50 1.9119e-50 4.6263e-51 1.11719e-51 2.69253e-52 6.4767e-53 1.55499e-53 3.72645e-54 8.9141e-55 2.12857e-55 5.07393e-56 1.20743e-56 2.86849e-57 6.80354e-58 1.61109e-58 3.80911e-59 8.992e-60 2.11949e-60 4.98843e-61 1.17237e-61 2.75132e-62 6.44778e-63 1.50897e-63 3.52665e-64 8.2313e-65 1.9187e-65 4.4667e-66 1.03853e-66 2.41166e-67 5.59346e-68
6.53305e-15 1.23863e-14 1.36186e-14 1.12782e-14 7.77653e-15 4.70183e-15 2.57144e-15 1.29835e-15 6.13946e-16 2.74758e-16 1.17306e-16 4.80772e-17 1.90096e-17 7.28084e-18 2.71031e-18 9.83347e-19 3.4856e-19 1.20954e-19 4.11621e-20 1.37588e-20 4.52329e-21 1.46432e-21 4.6729e-22 1.47135e-22 4.57502e-23 1.40589e-23 4.27258e-24 1.28494e-24 3.82633e-25 1.12879e-25 3.30051e-26 9.56941e-27 2.75232e-27 7.85576e-28 2.22589e-28 6.26307e-29 1.75053e-29 4.86156e-30 1.34189e-30 3.68216e-31 1.00469e-31 2.72647e-32 7.36032e-33 1.97698e-33 5.28444e-34 1.40591e-34 3.72351e-35 9.81854e-36 2.57813e-36 6.74197e-37 1.7561e-37 4.55664e-38 1.17795e-38 3.03419e-39 7.78824e-40 1.99233e-40 5.07986e-41 1.29107e-41 3.27111e-42 8.26276e-43 2.08101e-43 5.2261e-44 1.30878e-44 3.26869e-45 8.14196e-46 2.02283e-46 5.01298e-47 1.23926e-47 3.05624e-48 7.51955e-49 1.84588e-49 4.52107e-50 1.10492e-50 2.69459e-51 6.55762e-52 1.59262e-52 3.86021e-53 9.33813e-54 2.25464e-54 5.4335e-55 1.30703e-55 3.1384e-56 7.5226e-57 1.80002e-57 4.29983e-58 1.02543e-58 2.44147e-59 5.80369e-60 1.37746e-60 3.26425e-61 7.72387e-62 1.82492e-62 4.30547e-63 1.01433e-63 2.38631e-64 5.60631e-65 1.31535e-65 3.08196e-66 7.21182e-67 1.68541e-67 3.93385e-68
1.30661e-15 2.58805e-15 2.95595e-15 2.53304e-15 1.80206e-15 1.1216e-15 6.30275e-16 3.26477e-16 1.5817e-16 7.24399e-17 3.16185e-17 1.32363e-17 5.34146e-18 2.08647e-18 7.91601e-19 2.92542e-19 1.05564e-19 3.72724e-20 1.29001e-20 4.38337e-21 1.46432e-21 4.81509e-22 1.56021e-22 4.98645e-23 1.57329e-23 4.90424e-24 1.51144e-24 4.60834e-25 1.39087e-25 4.15771e-26 1.23157e-26 3.61655e-27 1.05329e-27 3.04358e-28 8.72892e-29 2.48554e-29 7.0291e-30 1.9748e-30 5.51324e-31 1.5299e-31 4.22079e-32 1.15797e-32 3.1598e-33 8.5777e-34 2.31692e-34 6.2281e-35 1.66639e-35 4.43857e-36 1.17711e-36 3.10861e-37 8.17601e-38 2.14192e-38 5.58985e-39 1.4534e-39 3.76535e-40 9.72091e-41 2.50111e-41 6.41393e-42 1.63954e-42 4.17794e-43 1.06141e-43 2.68856e-44 6.79057e-45 1.7103e-45 4.29587e-46 1.07614e-46 2.68881e-47 6.70112e-48 1.66594e-48 4.13161e-49 1.02224e-49 2.5234e-50 6.21495e-51 1.52733e-51 3.74533e-52 9.16499e-53 2.23809e-53 5.45439e-54 1.32665e-54 3.22051e-55 7.80317e-56 1.88717e-56 4.55575e-57 1.09783e-57 2.64089e-58 6.34192e-59 1.52041e-59 3.63903e-60 8.69577e-61 2.07463e-61 4.94193e-62 1.17541e-62 2.79144e-63 6.61952e-64 1.56746e-64 3.70636e-65 8.75168e-66 2.06366e-66 4.85959e-67 1.14284e-67 2.68411e-68
2.61322e-16 5.39769e-16 6.39513e-16 5.66404e-16 4.1533e-16 2.65866e-16 1.53386e-16 8.14507e-17 4.04019e-17 1.8924e-17 8.43944e-18 3.60665e-18 1.48465e-18 5.91152e-19 2.28477e-19 8.59649e-20 3.15653e-20 1.13353e-20 3.98829e-21 1.37711e-21 4.6729e-22 1.56021e-22 5.13141e-23 1.66409e-23 5.32584e-24 1.68352e-24 5.25995e-25 1.62541e-25 4.97078e-26 1.50523e-26 4.51563e-27 1.34268e-27 3.95866e-28 1.15776e-28 3.36005e-29 9.67998e-30 2.76913e-30 7.86831e-31 2.22131e-31 6.23213e-32 1.73808e-32 4.8196e-33 1.32908e-33 3.64566e-34 9.9488e-35 2.70155e-35 7.30088e-36 1.96394e-36 5.25944e-37 1.40239e-37 3.72375e-38 9.84753e-39 2.59396e-39 6.80679e-40 1.77956e-40 4.63573e-41 1.20339e-41 3.1133e-42 8.02786e-43 2.0634e-43 5.287e-44 1.35056e-44 3.43977e-45 8.73554e-46 2.21222e-46 5.58693e-47 1.4072e-47 3.5351e-48 8.8581e-49 2.2141e-49 5.52073e-50 1.3733e-50 3.40817e-51 8.43904e-52 2.08497e-52 5.13999e-53 1.26445e-53 3.1041e-54 7.60478e-55 1.85939e-55 4.53739e-56 1.10512e-56 2.68658e-57 6.51914e-58 1.57906e-58 3.81802e-59 9.21565e-60 2.22063e-60 5.34195e-61 1.28296e-61 3.0763e-62 7.36476e-63 1.76042e-63 4.20157e-64 1.00129e-64 2.3827e-65 5.66176e-66 1.34344e-66 3.18332e-67 7.53263e-68 1.78003e-68
5.22644e-17 1.12386e-16 1.37943e-16 1.26135e-16 9.52426e-17 6.26522e-17 3.70819e-17 2.01724e-17 1.02382e-17 4.90156e-18 2.23218e-18 9.73315e-19 4.08493e-19 1.65722e-19 6.52193e-20 2.49726e-20 9.3269e-21 3.40515e-21 1.21752e-21 4.27032e-22 1.47135e-22 4.98645e-23 1.66409e-23 5.47405e-24 1.77656e-24 5.69306e-25 1.80271e-25 5.64432e-26 1.74851e-26 5.36219e-27 1.62875e-27 4.90242e-28 1.46286e-28 4.32914e-29 1.27108e-29 3.70398e-30 1.07159e-30 3.07882e-31 8.78734e-32 2.49209e-32 7.02443e-33 1.96834e-33 5.48437e-34 1.51978e-34 4.18933e-35 1.14895e-35 3.13562e-36 8.51696e-37 2.30278e-37 6.19853e-38 1.66134e-38 4.4342e-39 1.17874e-39 3.12117e-40 8.23313e-41 2.16375e-41 5.66619e-42 1.47863e-42 3.84551e-43 9.96814e-44 2.57561e-44 6.63417e-45 1.70361e-45 4.36179e-46 1.11353e-46 2.83473e-47 7.1966e-48 1.82211e-48 4.60134e-49 1.15899e-49 2.91199e-50 7.29855e-51 1.82493e-51 4.5524e-52 1.13303e-52 2.81367e-53 6.97196e-54 1.72388e-54 4.2535e-55 1.04736e-55 2.57378e-56 6.31236e-57 1.54516e-57 3.77515e-58 9.20636e-59 2.24105e-59 5.44554e-60 1.3209e-60 3.19854e-61 7.73218e-62 1.86609e-62 4.49634e-63 1.08166e-63 2.59803e-64 6.23057e-65 1.49195e-65 3.56726e-66 8.5169e-67 2.03051e-67 4.83408e-68 1.14927e-68
1.04529e-17 2.33635e-17 2.96719e-17 2.7983e-17 2.17389e-17 1.46838e-17 8.90959e-18 4.96201e-18 2.57525e-18 1.25947e-18 5.85394e-19 2.60311e-19 1.11335e-19 4.59995e-20 1.84254e-20 7.17691e-21 2.72538e-21 1.01121e-21 3.67288e-22 1.30812e-22 4.57502e-23 1.57329e-23 5.32584e-24 1.77656e-24 5.84499e-25 1.89828e-25 6.09026e-26 1.93156e-26 6.05966e-27 1.8815e-27 5.78502e-28 1.76222e-28 5.32059e-29 1.59289e-29 4.73049e-30 1.39403e-30 4.07782e-31 1.18443e-31 3.41694e-32 9.7934e-33 2.78937e-33 7.89696e-34 2.22275e-34 6.22142e-35 1.73198e-35 4.79662e-36 1.32172e-36 3.62437e-37 9.89193e-38 2.68752e-38 7.26953e-39 1.95796e-39 5.25174e-40 1.40299e-40 3.73348e-41 9.89749e-42 2.61419e-42 6.88012e-43 1.80444e-43 4.71648e-44 1.22875e-44 3.19089e-45 8.26045e-46 2.13192e-46 5.48592e-47 1.40757e-47 3.60131e-48 9.18871e-49 2.33818e-49 5.93417e-50 1.50219e-50 3.79316e-51 9.55454e-52 2.40091e-52 6.01899e-53 1.50548e-53 3.75705e-54 9.35548e-55 2.3246e-55 5.76389e-56 1.42622e-56 3.52189e-57 8.6797e-58 2.13495e-58 5.24136e-59 1.28436e-59 3.14148e-60 7.67007e-61 1.86938e-61 4.54823e-62 1.10471e-62 2.67873e-63 6.4848e-64 1.56734e-64 3.7822e-65 9.11274e-66 2.19225e-66 5.26595e-67 1.26306e-67 3.02509e-68 7.23491e-69
2.09058e-18 4.84998e-18 6.36606e-18 6.18616e-18 4.94027e-18 3.42393e-18 2.12838e-18 1.2128e-18 6.43282e-19 3.21215e-19 1.52303e-19 6.90349e-20 3.00763e-20 1.26499e-20 5.15521e-21 2.04189e-21 7.88093e-22 2.97066e-22 1.09572e-22 3.96142e-23 1.40589e-23 4.90424e-24 1.68352e-24 5.69306e-25 1.89828e-25 6.2464e-26 2.02996e-26 6.5198e-27 2.07085e-27 6.50852e-28 2.0252e-28 6.24192e-29 1.90648e-29 5.77285e-30 1.73365e-30 5.16543e-31 1.52746e-31 4.48421e-32 1.30733e-32 3.78606e-33 1.08944e-33 3.11558e-34 8.85715e-35 2.50358e-35 7.03767e-36 1.9678e-36 5.47387e-37 1.51511e-37 4.17354e-38 1.1443e-38 3.12327e-39 8.48753e-40 2.29673e-40 6.18941e-41 1.66132e-41 4.44192e-42 1.18318e-42 3.14005e-43 8.30376e-44 2.18829e-44 5.74737e-45 1.50454e-45 3.92597e-46 1.02125e-46 2.64848e-47 6.84811e-48 1.76557e-48 4.53912e-49 1.16375e-49 2.9756e-50 7.58831e-51 1.93018e-51 4.8973e-52 1.2395e-52 3.12961e-53 7.88336e-54 1.98121e-54 4.96787e-55 1.24294e-55 3.10305e-56 7.7305e-57 1.92187e-57 4.76821e-58 1.18065e-58 2.91766e-59 7.1964e-60 1.77165e-60 4.3535e-61 1.06785e-61 2.61463e-62 6.39075e-63 1.55936e-63 3.79849e-64 9.23753e-65 2.24282e-65 5.43675e-66 1.31584e-66 3.17975e-67 7.67231e-68 1.84846e-68 4.44691e-69
4.18115e-19 1.00545e-18 1.36256e-18 1.36306e-18 1.11813e-18 7.94586e-19 5.05704e-19 2.94661e-19 1.59645e-19 8.13503e-20 3.93296e-20 1.81638e-20 8.0574e-21 3.44849e-21 1.42928e-21 5.75454e-22 2.25663e-22 8.63876e-23 3.23473e-23 1.18677e-23 4.27258e-24 1.51144e-24 5.25995e-25 1.80271e-25 6.09026e-26 2.02996e-26 6.68061e-27 2.17237e-27 6.98423e-28 2.22141e-28 6.99362e-29 2.18049e-29 6.73576e-30 2.06246e-30 6.26212e-31 1.88607e-31 5.6369e-32 1.67229e-32 4.92605e-33 1.4412e-33 4.18896e-34 1.20989e-34 3.47337e-35 9.91315e-36 2.81332e-36 7.94072e-37 2.22953e-37 6.22807e-38 1.73123e-38 4.78944e-39 1.31889e-39 3.61566e-40 9.8692e-41 2.68254e-41 7.26164e-42 1.95793e-42 5.25878e-43 1.40715e-43 3.75157e-44 9.9665e-45 2.63858e-45 6.96201e-46 1.83094e-46 4.79982e-47 1.25436e-47 3.26811e-48 8.48951e-49 2.19893e-49 5.67951e-50 1.46289e-50 3.75784e-51 9.62764e-52 2.46026e-52 6.27116e-53 1.59457e-53 4.04472e-54 1.02355e-54 2.58419e-55 6.50963e-56 1.63616e-56 4.10345e-57 1.02695e-57 2.56473e-58 6.39212e-59 1.58993e-59 3.94689e-60 9.77899e-61 2.4183e-61 5.96923e-62 1.47073e-62 3.61719e-63 8.88063e-64 2.17654e-64 5.32539e-65 1.3008e-65 3.17219e-66 7.7234e-67 1.87745e-67 4.55674e-68 1.10426e-68 2.67201e-69
8.36231e-20 2.08181e-19 2.90981e-19 2.99415e-19 2.52104e-19 1.83575e-19 1.19548e-19 7.119e-20 3.93778e-20 2.04673e-20 1.0085e-20 4.74358e-21 2.14169e-21 9.32388e-22 3.92878e-22 1.60735e-22 6.40208e-23 2.48823e-23 9.45549e-24 3.51934e-24 1.28494e-24 4.60834e-25 1.62541e-25 5.64432e-26 1.93156e-26 6.5198e-27 2.17237e-27 7.15022e-28 2.32636e-28 7.48634e-29 2.38416e-29 7.51794e-30 2.34834e-30 7.26963e-31 2.23115e-31 6.7916e-32 2.05114e-32 6.14807e-33 1.82952e-33 5.40645e-34 1.58702e-34 4.62866e-35 1.34164e-35 3.86562e-36 1.10738e-36 3.15471e-37 8.93887e-38 2.51969e-38 7.06685e-39 1.97237e-39 5.47901e-40 1.51505e-40 4.17088e-41 1.14329e-41 3.12084e-42 8.48441e-43 2.29752e-43 6.19769e-44 1.66564e-44 4.46018e-45 1.19012e-45 3.16469e-46 8.38718e-47 2.21554e-47 5.83388e-48 1.53139e-48 4.00768e-49 1.04572e-49 2.72069e-50 7.05856e-51 1.82622e-51 4.71214e-52 1.21265e-52 3.11268e-53 7.96958e-54 2.03546e-54 5.18609e-55 1.31822e-55 3.34296e-56 8.45837e-57 2.13538e-57 5.3792e-58 1.35217e-58 3.39184e-59 8.49075e-60 2.1212e-60 5.2888e-61 1.31611e-61 3.26887e-62 8.10385e-63 2.00534e-63 4.95339e-64 1.22137e-64 3.00633e-65 7.38726e-66 1.81218e-66 4.43814e-67 1.08517e-67 2.6491e-68 6.45684e-69 1.57134e-69
1.67246e-20 4.30544e-20 6.20105e-20 6.55807e-20 5.66382e-20 4.22341e-20 2.81267e-20 1.71089e-20 9.65708e-21 5.11759e-21 2.56894e-21 1.23014e-21 5.65071e-22 2.50146e-22 1.07122e-22 4.45192e-23 1.80046e-23 7.10229e-24 2.73825e-24 1.03366e-24 3.82633e-25 1.39087e-25 4.97078e-26 1.74851e-26 6.05966e-27 2.07085e-27 6.98423e-28 2.32636e-28 7.65799e-29 2.49286e-29 8.02915e-30 2.56009e-30 8.08468e-31 2.52979e-31 7.84691e-32 2.41363e-32 7.36471e-33 2.22996e-33 6.7024e-34 2.00024e-34 5.92884e-35 1.74584e-35 5.10849e-36 1.4857e-36 4.2955e-37 1.23489e-37 3.5307e-38 1.00412e-38 2.84106e-39 7.99862e-40 2.24108e-40 6.24987e-41 1.73507e-41 4.79573e-42 1.31989e-42 3.6176e-43 9.87538e-44 2.68525e-44 7.27379e-45 1.96302e-45 5.27862e-46 1.41445e-46 3.77718e-47 1.0053e-47 2.6669e-48 7.0524e-49 1.85918e-49 4.88639e-50 1.28048e-50 3.3458e-51 8.71771e-52 2.2652e-52 5.87e-53 1.51713e-53 3.911e-54 1.00567e-54 2.57957e-55 6.60068e-56 1.685e-56 4.29144e-57 1.09048e-57 2.76479e-58 6.99452e-59 1.76572e-59 4.4481e-60 1.11823e-60 2.80548e-61 7.02459e-62 1.75545e-62 4.37851e-63 1.09005e-63 2.70874e-64 6.71893e-65 1.66364e-65 4.11205e-66 1.01464e-66 2.49937e-67 6.1465e-68 1.50909e-68 3.69918e-69 9.05335e-70
3.34492e-21 8.89452e-21 1.3189e-20 1.43252e-20 1.26817e-20 9.67817e-21 6.58788e-21 4.0913e-21 2.35548e-21 1.27211e-21 6.50298e-22 3.16897e-22 1.4805e-22 6.66197e-23 2.89848e-23 1.22326e-23 5.02169e-24 2.00996e-24 7.86001e-25 3.00841e-25 1.12879e-25 4.15771e-26 1.50523e-26 5.36219e-27 1.8815e-27 6.50852e-28 2.22141e-28 7.48634e-29 2.49286e-29 8.20698e-30 2.67286e-30 8.61593e-31 2.75026e-31 8.69734e-32 2.72597e-32 8.47122e-33 2.61107e-33 7.98519e-34 2.42372e-34 7.30364e-35 2.18563e-35 6.4969e-36 1.91882e-36 5.63202e-37 1.64319e-37 4.76646e-38 1.3749e-38 3.94455e-39 1.12577e-39 3.19666e-40 9.03254e-41 2.54012e-41 7.11038e-42 1.98145e-42 5.49772e-43 1.51895e-43 4.17946e-44 1.14541e-44 3.12688e-45 8.50387e-46 2.30421e-46 6.22109e-47 1.67375e-47 4.48782e-48 1.19932e-48 3.19464e-49 8.48272e-50 2.24546e-50 5.92601e-51 1.55933e-51 4.09131e-52 1.07044e-52 2.79297e-53 7.26771e-54 1.88619e-54 4.88259e-55 1.26072e-55 3.24723e-56 8.34362e-57 2.13878e-57 5.46973e-58 1.39565e-58 3.55318e-59 9.02623e-60 2.28803e-60 5.78765e-61 1.46098e-61 3.68048e-62 9.25335e-63 2.3219e-63 5.81508e-64 1.45361e-64 3.62689e-65 9.03298e-66 2.24569e-66 5.57322e-67 1.38074e-67 3.41491e-68 8.43181e-69 2.07849e-69 5.11534e-70
6.68985e-22 1.83563e-21 2.79999e-21 3.12115e-21 2.8305e-21 2.20954e-21 1.53649e-21 9.73769e-22 5.71583e-22 3.14466e-22 1.63643e-22 8.11247e-23 3.85335e-23 1.76195e-23 7.78589e-24 3.33588e-24 1.38967e-24 5.64222e-25 2.23734e-25 8.6805e-26 3.30051e-26 1.23157e-26 4.51563e-27 1.62875e-27 5.78502e-28 2.0252e-28 6.99362e-29 2.38416e-29 8.02915e-30 2.67286e-30 8.80048e-31 2.86744e-31 9.25024e-32 2.95584e-32 9.35969e-33 2.9381e-33 9.14653e-34 2.82474e-34 8.65708e-35 2.6337e-35 7.95586e-36 2.38697e-36 7.11466e-37 2.10723e-37 6.20318e-38 1.81533e-38 5.28224e-39 1.52857e-39 4.39983e-40 1.25991e-40 3.58981e-41 1.01787e-41 2.87256e-42 8.06974e-43 2.25695e-43 6.2851e-44 1.74294e-44 4.81372e-45 1.32421e-45 3.62874e-46 9.90655e-47 2.69462e-47 7.30338e-48 1.9726e-48 5.3098e-49 1.42456e-49 3.8096e-50 1.01556e-50 2.69896e-51 7.1512e-52 1.88922e-52 4.97666e-53 1.30729e-53 3.4246e-54 8.94705e-55 2.33134e-55 6.05914e-56 1.5708e-56 4.06213e-57 1.04794e-57 2.69704e-58 6.92512e-59 1.77409e-59 4.53476e-60 1.15659e-60 2.94353e-61 7.4755e-62 1.89458e-62 4.79182e-63 1.20954e-63 3.04712e-64 7.66162e-65 1.92278e-65 4.8165e-66 1.20431e-66 3.00585e-67 7.48907e-68 1.86267e-68 4.62488e-69 1.1464e-69 2.83697e-70
1.33797e-22 3.78472e-22 5.93399e-22 6.78397e-22 6.29866e-22 5.02665e-22 3.56922e-22 2.30737e-22 1.38028e-22 7.73292e-23 4.09489e-23 2.06443e-23 9.9664e-24 4.62934e-24 2.07708e-24 9.03201e-25 3.81713e-25 1.57168e-25 6.31804e-26 2.48421e-26 9.56941e-27 3.61655e-27 1.34268e-27 4.90242e-28 1.76222e-28 6.24192e-29 2.18049e-29 7.51794e-30 2.56009e-30 8.61593e-31 2.86744e-31 9.44207e-32 3.07779e-32 9.93593e-33 3.17808e-33 1.00758e-33 3.16752e-34 9.87709e-35 3.056e-35 9.38475e-36 2.8613e-36 8.66346e-37 2.60565e-37 7.78649e-38 2.31242e-38 6.82624e-39 2.00343e-39 5.84695e-40 1.69716e-40 4.9004e-41 1.40775e-41 4.02413e-42 1.14481e-42 3.24172e-43 9.13802e-44 2.56461e-44 7.16697e-45 1.99455e-45 5.52841e-46 1.52632e-46 4.19787e-47 1.15025e-47 3.14031e-48 8.54307e-49 2.31608e-49 6.25786e-50 1.68526e-50 4.5239e-51 1.21058e-51 3.22954e-52 8.58985e-53 2.27801e-53 6.02395e-54 1.5885e-54 4.17737e-55 1.0956e-55 2.86586e-56 7.47726e-57 1.94596e-57 5.05185e-58 1.30833e-58 3.38026e-59 8.71312e-60 2.24081e-60 5.74997e-61 1.47221e-61 3.76132e-62 9.58939e-63 2.43972e-63 6.19446e-64 1.56963e-64 3.96951e-65 1.00193e-65 2.52414e-66 6.34715e-67 1.59312e-67 3.99149e-68 9.98277e-69 2.49236e-69 6.21192e-70 1.54564e-70
2.67594e-23 7.79635e-23 1.25552e-22 1.47117e-22 1.39766e-22 1.13974e-22 8.25975e-23 5.44431e-23 3.31778e-23 1.89212e-23 1.01923e-23 5.22383e-24 2.56239e-24 1.20871e-24 5.50496e-25 2.42882e-25 1.04109e-25 4.34605e-26 1.77069e-26 7.05409e-27 2.75232e-27 1.05329e-27 3.95866e-28 1.46286e-28 5.32059e-29 1.90648e-29 6.73576e-30 2.34834e-30 8.08468e-31 2.75026e-31 9.25024e-32 3.07779e-32 1.01356e-32 3.30517e-33 1.06772e-33 3.41836e-34 1.08502e-34 3.41564e-35 1.06675e-35 3.30634e-36 1.0173e-36 3.10802e-37 9.43124e-38 2.84319e-38 8.51715e-39 2.53588e-39 7.50582e-40 2.20895e-40 6.46505e-41 1.88205e-41 5.45053e-42 1.57058e-42 4.50359e-43 1.28529e-43 3.65127e-44 1.03263e-44 2.90775e-45 8.1533e-46 2.27678e-46 6.33244e-47 1.75439e-47 4.84205e-48 1.33145e-48 3.64796e-49 9.9597e-50 2.70987e-50 7.34842e-51 1.98617e-51 5.35116e-52 1.43722e-52 3.8483e-53 1.02735e-53 2.73461e-54 7.25828e-55 1.92113e-55 5.07096e-56 1.33493e-56 3.505e-57 9.17911e-58 2.39783e-58 6.24834e-59 1.62427e-59 4.21234e-60 1.08987e-60 2.81344e-61 7.24649e-62 1.86235e-62 4.77596e-63 1.22219e-63 3.12114e-64 7.9543e-65 2.02311e-65 5.13548e-66 1.30107e-66 3.29e-67 8.30381e-68 2.09199e-68 5.26088e-69 1.32064e-69 3.30941e-70 8.27883e-71
