0.750332 0.0971031 0.0125664 0.00162627 0.000210461 2.72365e-05 3.52477e-06 4.56152e-07 5.90323e-08 7.63957e-09 9.88663e-10 1.27946e-10 1.6558e-11 2.14282e-12 2.7731e-13 3.58877e-14 4.64435e-15 6.01042e-16 7.77829e-17 1.00662e-17 1.3027e-18 1.68586e-19 2.18173e-20 2.82346e-21 3.65393e-22 4.72868e-23 6.11955e-24 7.91952e-25 1.02489e-25 1.32635e-26 1.71647e-27 2.22135e-28 2.87473e-29 3.72028e-30 4.81455e-31 6.23067e-32 8.06333e-33 1.0435e-33 1.35043e-34 1.74764e-35 2.26168e-36 2.92692e-37 3.78783e-38 4.90197e-39 6.34381e-40 8.20974e-41 1.06245e-41 1.37495e-42 1.77938e-43 2.30275e-44 2.98007e-45 3.85661e-46 4.99098e-47 6.459e-48 8.35881e-49 1.08174e-49 1.39992e-50 1.81169e-51 2.34457e-52 3.03418e-53 3.92664e-54 5.0816e-55 6.57628e-56 8.51059e-57 1.10138e-57 1.42534e-58 1.84458e-59 2.38714e-60 3.08928e-61 3.99794e-62 5.17387e-63 6.69569e-64 8.66512e-65 1.12138e-65 1.45122e-66 1.87808e-67 2.43048e-68 3.14537e-69 4.07053e-70 5.26782e-71 6.81727e-72 8.82246e-73 1.14175e-73 1.47757e-74 1.91218e-75 2.47462e-76 3.20249e-77 4.14445e-78 5.36347e-79 6.94106e-80 8.98266e-81 1.16248e-81 1.5044e-82 1.9469e-83 2.51955e-84 3.26064e-85 4.2197e-86 5.46086e-87 7.06709e-88 9.14577e-89 1.18359e-89
0.0971031 0.0182604 0.00310001 0.000496544 7.66005e-05 1.15102e-05 1.69626e-06 2.46267e-07 3.53318e-08 5.02038e-09 7.07678e-10 9.90856e-11 1.37939e-11 1.91077e-12 2.63541e-13 3.62101e-14 4.95841e-15 6.76928e-16 9.21647e-17 1.25176e-17 1.69633e-18 2.29414e-19 3.09686e-20 4.17332e-21 5.61509e-22 7.54396e-23 1.01217e-23 1.35633e-24 1.81537e-25 2.42711e-26 3.24165e-27 4.32539e-28 5.76621e-29 7.6804e-30 1.02218e-30 1.35937e-31 1.80649e-32 2.39903e-33 3.18386e-34 4.22282e-35 5.59752e-36 7.41557e-37 9.81885e-38 1.29944e-38 1.71884e-39 2.27256e-40 3.00329e-41 3.96729e-42 5.23855e-43 6.91441e-44 9.12293e-45 1.20324e-45 1.58643e-46 2.09092e-47 2.75495e-48 3.62871e-49 4.77812e-50 6.28977e-51 8.27729e-52 1.08898e-52 1.43232e-53 1.88341e-54 2.47595e-55 3.25411e-56 4.27584e-57 5.6171e-58 7.37744e-59 9.68738e-60 1.27179e-60 1.66931e-61 2.19065e-62 2.87426e-63 3.7705e-64 4.94529e-65 6.48496e-66 8.50254e-67 1.11459e-67 1.46088e-68 1.91444e-69 2.50844e-70 3.28623e-71 4.30456e-72 5.63763e-73 7.38249e-74 9.66606e-75 1.26543e-75 1.65641e-76 2.16793e-77 2.83704e-78 3.71221e-79 4.85677e-80 6.35348e-81 8.31048e-82 1.0869e-82 1.42137e-83 1.85857e-84 2.42998e-85 3.17675e-86 4.15258e-87 5.42762e-88 7.09348e-89
0.0125664 0.00310001 0.000635114 0.000118058 2.06434e-05 3.45951e-06 5.618e-07 8.90382e-08 1.38395e-08 2.11711e-09 3.19583e-10 4.76995e-11 7.05052e-12 1.03337e-12 1.50336e-13 2.17278e-14 3.12189e-15 4.46203e-16 6.34718e-17 8.98989e-18 1.26829e-18 1.78286e-19 2.4979e-20 3.48906e-21 4.85973e-22 6.75113e-23 9.35579e-24 1.29358e-24 1.78478e-25 2.45756e-26 3.37763e-27 4.63396e-28 6.34701e-29 8.67969e-30 1.18521e-30 1.61611e-31 2.20074e-32 2.99306e-33 4.06572e-34 5.51646e-35 7.47666e-36 1.01228e-36 1.36917e-37 1.85012e-38 2.49773e-39 3.36907e-40 4.54054e-41 6.11441e-42 8.22744e-43 1.10624e-43 1.48636e-44 1.9957e-45 2.6778e-46 3.59073e-47 4.8119e-48 6.44451e-49 8.62606e-50 1.15396e-50 1.54289e-51 2.06182e-52 2.7539e-53 3.67646e-54 4.90575e-55 6.54304e-56 8.72288e-57 1.16239e-57 1.54831e-58 2.06152e-59 2.74374e-60 3.65031e-61 4.8546e-62 6.45382e-63 8.57681e-64 1.13942e-64 1.51319e-65 2.00891e-66 2.66616e-67 3.53734e-68 4.69174e-69 6.22102e-70 8.24637e-71 1.0928e-71 1.44776e-72 1.9175e-73 2.53898e-74 3.36101e-75 4.44805e-76 5.88522e-77 7.78485e-78 1.02952e-78 1.36119e-79 1.7993e-80 2.37789e-81 3.14185e-82 4.15038e-83 5.48148e-84 7.23801e-85 9.55551e-86 1.26125e-86 1.66444e-87 2.19609e-88
0.00162627 0.000496544 0.000118058 2.47393e-05 4.79181e-06 8.78753e-07 1.5474e-07 2.64025e-08 4.39233e-09 7.1565e-10 1.14582e-10 1.80742e-11 2.81459e-12 4.33399e-13 6.60783e-14 9.98631e-15 1.49737e-15 2.2293e-16 3.29773e-17 4.84976e-18 7.09417e-19 1.03264e-19 1.49634e-20 2.15921e-21 3.10365e-22 4.44511e-23 6.34497e-24 9.0284e-25 1.28089e-25 1.81221e-26 2.55726e-27 3.59976e-28 5.05553e-29 7.08446e-30 9.90707e-31 1.3827e-31 1.92618e-32 2.6785e-33 3.71836e-34 5.15357e-35 7.13173e-36 9.85463e-37 1.35979e-37 1.87378e-38 2.57871e-39 3.54442e-40 4.86598e-41 6.67264e-42 9.14e-43 1.25064e-43 1.70953e-44 2.3345e-45 3.1849e-46 4.34111e-47 5.91182e-48 8.04397e-49 1.0936e-49 1.4856e-50 2.01654e-51 2.73519e-52 3.70724e-53 5.02121e-54 6.79626e-55 9.1927e-56 1.24262e-56 1.67864e-57 2.2663e-58 3.05787e-59 4.12355e-60 5.55752e-61 7.48609e-62 1.00786e-62 1.35619e-63 1.82398e-64 2.45195e-65 3.29453e-66 4.4246e-67 5.93961e-68 7.96983e-69 1.06894e-69 1.43309e-70 1.9205e-71 2.57266e-72 3.44491e-73 4.61112e-74 6.16982e-75 8.25237e-76 1.10339e-76 1.47478e-77 1.97049e-78 2.63194e-79 3.51426e-80 4.69085e-81 6.2594e-82 8.34985e-83 1.11351e-83 1.48449e-84 1.9785e-85 2.63614e-86 3.5114e-87 4.67598e-88
0.000210461 7.66005e-05 2.06434e-05 4.79181e-06 1.01366e-06 2.01013e-07 3.79906e-08 6.91602e-09 1.22162e-09 2.10479e-10 3.55123e-11 5.88533e-12 9.60339e-13 1.54589e-13 2.45877e-14 3.86911e-15 6.03026e-16 9.3175e-17 1.42839e-17 2.17411e-18 3.28746e-19 4.94102e-20 7.38499e-21 1.09809e-21 1.62497e-22 2.39391e-23 3.51202e-24 5.13227e-25 7.47255e-26 1.08425e-26 1.56813e-27 2.261e-28 3.25058e-29 4.66046e-30 6.66448e-31 9.50671e-32 1.35292e-32 1.92108e-33 2.72201e-34 3.84901e-35 5.43204e-36 7.6519e-37 1.07597e-37 1.5104e-38 2.11675e-39 2.96187e-40 4.13814e-41 5.77314e-42 8.0429e-43 1.11899e-43 1.55481e-44 2.15767e-45 2.99066e-46 4.14041e-47 5.7257e-48 7.90934e-49 1.09142e-49 1.50454e-50 2.07198e-51 2.85068e-52 3.91841e-53 5.38121e-54 7.38363e-55 1.01226e-55 1.38661e-56 1.89788e-57 2.59566e-58 3.54728e-59 4.84422e-60 6.6106e-61 9.01478e-62 1.2285e-62 1.67304e-63 2.27697e-64 3.09695e-65 4.20965e-66 5.7187e-67 7.76417e-68 1.05353e-68 1.42874e-69 1.93654e-70 2.62342e-71 3.55209e-72 4.80706e-73 6.50219e-74 8.79082e-75 1.18794e-75 1.60456e-76 2.16631e-77 2.92342e-78 3.94342e-79 5.31705e-80 7.16615e-81 9.65437e-82 1.30013e-82 1.75017e-83 2.35508e-84 3.16786e-85 4.25958e-86 5.72544e-87 7.693e-88
2.72365e-05 1.15102e-05 3.45951e-06 8.78753e-07 2.01013e-07 4.27433e-08 8.60691e-09 1.66091e-09 3.09693e-10 5.61279e-11 9.93165e-12 1.72166e-12 2.93182e-13 4.91515e-14 8.12691e-15 1.32724e-15 2.14364e-16 3.42764e-17 5.43094e-18 8.53365e-19 1.33068e-19 2.0604e-20 3.16959e-21 4.84655e-22 7.36923e-23 1.11465e-23 1.67774e-24 2.51373e-25 3.75007e-26 5.57184e-27 8.24697e-28 1.21624e-28 1.78756e-29 2.61874e-30 3.82461e-31 5.56943e-32 8.08772e-33 1.17135e-33 1.6922e-34 2.43873e-35 3.50648e-36 5.03058e-37 7.20184e-38 1.02893e-38 1.46717e-39 2.08814e-40 2.96658e-41 4.20725e-42 5.95682e-43 8.42038e-44 1.18843e-44 1.67481e-45 2.35684e-46 3.31197e-47 4.64788e-48 6.51413e-49 9.11817e-50 1.27475e-50 1.78004e-51 2.48275e-52 3.45901e-53 4.81392e-54 6.69252e-55 9.29473e-56 1.28959e-56 1.78752e-57 2.47537e-58 3.42478e-59 4.73413e-60 6.5384e-61 9.02272e-62 1.24408e-62 1.71399e-63 2.35957e-64 3.24583e-65 4.46167e-66 6.12851e-67 8.41211e-68 1.15387e-68 1.58166e-69 2.16663e-70 2.96605e-71 4.05787e-72 5.54818e-73 7.58127e-74 1.03533e-74 1.41307e-75 1.92755e-76 2.62789e-77 3.58075e-78 4.87654e-79 6.63781e-80 9.03062e-81 1.22799e-81 1.66901e-82 2.26733e-83 3.07871e-84 4.17852e-85 5.66866e-86 7.68681e-87 1.04189e-87
3.52477e-06 1.69626e-06 5.618e-07 1.5474e-07 3.79906e-08 8.60691e-09 1.8362e-09 3.7374e-10 7.32326e-11 1.39044e-11 2.57062e-12 4.64512e-13 8.22865e-14 1.43245e-14 2.45532e-15 4.15078e-16 6.93017e-17 1.1441e-17 1.8695e-18 3.02632e-19 4.85693e-20 7.73315e-21 1.22224e-21 1.91864e-22 2.99275e-23 4.64055e-24 7.15578e-25 1.0977e-25 1.67564e-26 2.54609e-27 3.85191e-28 5.80351e-29 8.70987e-30 1.30235e-30 1.94051e-31 2.88173e-32 4.26589e-33 6.29574e-34 9.26459e-35 1.35957e-35 1.98989e-36 2.90504e-37 4.23076e-38 6.14711e-39 8.91147e-40 1.28911e-40 1.86094e-41 2.68107e-42 3.8552e-43 5.53326e-44 7.92753e-45 1.13382e-45 1.61892e-46 2.30784e-47 3.28481e-48 4.66829e-49 6.62475e-50 9.38787e-51 1.32852e-51 1.87754e-52 2.65003e-53 3.73567e-54 5.25964e-55 7.39655e-56 1.03897e-56 1.45778e-57 2.04318e-58 2.86064e-59 4.00103e-60 5.59042e-61 7.80354e-62 1.08824e-62 1.5162e-63 2.11053e-64 2.93525e-65 4.07871e-66 5.66285e-67 7.85581e-68 1.08892e-68 1.50822e-69 2.08736e-70 2.88672e-71 3.98928e-72 5.509e-73 7.60233e-74 1.04839e-74 1.4448e-75 1.98979e-76 2.73859e-77 3.7668e-78 5.17787e-79 7.11322e-80 9.76618e-81 1.34008e-81 1.83776e-82 2.51886e-83 3.4505e-84 4.72418e-85 6.4646e-86 8.84163e-87 1.20866e-87
4.56152e-07 2.46267e-07 8.90382e-08 2.64025e-08 6.91602e-09 1.66091e-09 3.7374e-10 7.99156e-11 1.63962e-11 3.25055e-12 6.25983e-13 1.1758e-13 2.16108e-14 3.89682e-15 6.9085e-16 1.20633e-16 2.07783e-17 3.53485e-18 5.94605e-19 9.89912e-20 1.63244e-20 2.66851e-21 4.32686e-22 6.96303e-23 1.11268e-23 1.76639e-24 2.78696e-25 4.37185e-26 6.82084e-27 1.05873e-27 1.63542e-28 2.5147e-29 3.84998e-30 5.87004e-31 8.91504e-32 1.34892e-32 2.03381e-33 3.05605e-34 4.57725e-35 6.83448e-36 1.01746e-36 1.51043e-37 2.23613e-38 3.30187e-39 4.86329e-40 7.14581e-41 1.04752e-41 1.53215e-42 2.23616e-43 3.25686e-44 4.73393e-45 6.86756e-46 9.94415e-47 1.43729e-47 2.07376e-48 2.987e-49 4.29533e-50 6.16688e-51 8.84019e-52 1.26534e-52 1.80849e-53 2.58116e-54 3.67887e-55 5.23642e-56 7.44373e-57 1.05681e-57 1.49855e-58 2.12239e-59 3.00243e-60 4.24256e-61 5.98828e-62 8.44323e-63 1.18921e-63 1.67325e-64 2.35197e-65 3.30275e-66 4.63347e-67 6.49431e-68 9.09419e-69 1.27236e-69 1.77859e-70 2.48413e-71 3.46666e-72 4.83387e-73 6.73494e-74 9.37636e-75 1.30438e-75 1.81321e-76 2.5187e-77 3.49618e-78 4.8496e-79 6.72232e-80 9.31194e-81 1.28906e-81 1.78331e-82 2.46549e-83 3.40651e-84 4.70381e-85 6.49127e-86 8.9527e-87 1.23403e-87
5.90323e-08 3.53318e-08 1.38395e-08 4.39233e-09 1.22162e-09 3.09693e-10 7.32326e-11 1.63962e-11 3.51182e-12 7.24964e-13 1.45058e-13 2.82553e-14 5.37639e-15 1.00214e-15 1.83403e-16 3.30187e-17 5.85714e-18 1.02514e-18 1.77239e-19 3.03018e-20 5.12737e-21 8.59372e-22 1.42768e-22 2.35241e-23 3.84652e-24 6.24473e-25 1.00703e-25 1.61375e-26 2.57068e-27 4.07221e-28 6.41672e-29 1.00605e-29 1.56988e-30 2.43866e-31 3.77203e-32 5.81065e-33 8.91627e-34 1.3631e-34 2.07648e-35 3.15247e-36 4.77046e-37 7.19639e-38 1.08235e-38 1.6232e-39 2.42759e-40 3.62095e-41 5.38712e-42 7.99501e-43 1.18372e-43 1.74855e-44 2.57719e-45 3.79039e-46 5.56317e-47 8.14872e-48 1.19128e-48 1.73829e-49 2.53187e-50 3.68124e-51 5.34321e-52 7.74265e-53 1.12015e-53 1.61802e-54 2.33361e-55 3.36071e-56 4.83291e-57 6.94031e-58 9.95305e-59 1.42547e-59 2.03891e-60 2.91266e-61 4.15575e-62 5.92228e-63 8.42989e-64 1.19856e-64 1.70222e-65 2.41489e-66 3.42232e-67 4.845e-68 6.85216e-69 9.68125e-70 1.36652e-70 1.92703e-71 2.71494e-72 3.82155e-73 5.37444e-74 7.5518e-75 1.06023e-75 1.48726e-76 2.08459e-77 2.9195e-78 4.0856e-79 5.71309e-80 7.98288e-81 1.11462e-81 1.55519e-82 2.16835e-83 3.02117e-84 4.20652e-85 5.85302e-86 8.13864e-87 1.13095e-87
7.63957e-09 5.02038e-09 2.11711e-09 7.1565e-10 2.10479e-10 5.61279e-11 1.39044e-11 3.25055e-12 7.24964e-13 1.55474e-13 3.22528e-14 6.50192e-15 1.27842e-15 2.4589e-16 4.63775e-17 8.59509e-18 1.56788e-18 2.81924e-19 5.00325e-20 8.77295e-21 1.52134e-21 2.61134e-22 4.43991e-23 7.48251e-24 1.25067e-24 2.07437e-25 3.41577e-26 5.5865e-27 9.07842e-28 1.46641e-28 2.35516e-29 3.76213e-30 5.97887e-31 9.45552e-32 1.48846e-32 2.33275e-33 3.64056e-34 5.65874e-35 8.76191e-36 1.35169e-36 2.07789e-37 3.18344e-38 4.86136e-39 7.40054e-40 1.12322e-40 1.69984e-41 2.56534e-42 3.86113e-43 5.79643e-44 8.68002e-45 1.29668e-45 1.93255e-46 2.87376e-47 4.26404e-48 6.31355e-49 9.32904e-50 1.37575e-50 2.0249e-51 2.9748e-52 4.3624e-53 6.38598e-54 9.33227e-55 1.36152e-55 1.98317e-56 2.88412e-57 4.18795e-58 6.07214e-59 8.79129e-60 1.27101e-60 1.83505e-61 2.64583e-62 3.80984e-63 5.47895e-64 7.86948e-65 1.12893e-65 1.61759e-66 2.31509e-67 3.30958e-68 4.72604e-69 6.74141e-70 9.60601e-71 1.36737e-71 1.94441e-72 2.76221e-73 3.92017e-74 5.55827e-75 7.87354e-76 1.1143e-76 1.57561e-77 2.22594e-78 3.14199e-79 4.4313e-80 6.24451e-81 8.79254e-82 1.23704e-82 1.73907e-83 2.44296e-84 3.42919e-85 4.81e-86 6.74195e-87 9.44314e-88
9.88663e-10 7.07678e-10 3.19583e-10 1.14582e-10 3.55123e-11 9.93165e-12 2.57062e-12 6.25983e-13 1.45058e-13 3.22528e-14 6.92385e-15 1.44206e-15 2.92513e-16 5.79673e-17 1.12514e-17 2.14362e-18 4.01594e-19 7.40958e-20 1.34816e-20 2.42178e-21 4.29939e-22 7.54997e-23 1.31247e-23 2.26019e-24 3.85817e-25 6.53198e-26 1.09738e-26 1.83026e-27 3.03179e-28 4.98976e-29 8.16218e-30 1.32745e-30 2.14706e-31 3.45463e-32 5.53097e-33 8.81339e-34 1.39805e-34 2.20813e-35 3.47322e-36 5.44155e-37 8.49312e-38 1.32078e-38 2.04682e-39 3.16132e-40 4.86693e-41 7.4695e-42 1.14295e-42 1.74385e-43 2.65325e-44 4.02607e-45 6.09332e-46 9.1989e-47 1.38536e-47 2.08144e-48 3.12017e-49 4.66695e-50 6.96559e-51 1.03748e-51 1.54215e-52 2.28784e-53 3.38763e-54 5.00687e-55 7.38678e-56 1.08789e-56 1.59948e-57 2.34775e-58 3.44054e-59 5.03406e-60 7.35439e-61 1.07282e-61 1.5627e-62 2.27305e-63 3.30173e-64 4.78947e-65 6.93841e-66 1.00386e-66 1.45057e-67 2.0935e-68 3.01775e-69 4.34493e-70 6.2486e-71 8.97624e-72 1.28804e-72 1.84627e-73 2.64364e-74 3.78148e-75 5.40359e-76 7.71388e-77 1.10012e-77 1.56746e-78 2.23124e-79 3.17321e-80 4.50881e-81 6.40092e-82 9.07922e-83 1.28673e-83 1.82206e-84 2.57802e-85 3.6447e-86 5.14866e-87 7.26762e-88
1.27946e-10 9.90856e-11 4.76995e-11 1.80742e-11 5.88533e-12 1.72166e-12 4.64512e-13 1.1758e-13 2.82553e-14 6.50192e-15 1.44206e-15 3.09827e-16 6.47427e-17 1.32011e-17 2.63355e-18 5.15175e-19 9.90082e-20 1.87237e-20 3.48913e-21 6.41469e-22 1.16473e-22 2.09059e-23 3.71249e-24 6.52732e-25 1.13701e-25 1.96338e-26 3.36275e-27 5.71533e-28 9.64356e-29 1.61606e-29 2.69067e-30 4.45238e-31 7.32472e-32 1.19834e-32 1.95017e-33 3.15776e-34 5.08858e-35 8.1624e-36 1.30356e-36 2.07307e-37 3.28354e-38 5.18071e-39 8.14364e-40 1.27554e-40 1.99101e-41 3.09751e-42 4.80358e-43 7.42639e-44 1.14472e-44 1.75943e-45 2.69673e-46 4.12229e-47 6.28508e-48 9.55852e-49 1.45015e-49 2.19487e-50 3.31443e-51 4.99396e-52 7.50836e-53 1.12651e-53 1.68671e-54 2.5205e-55 3.75922e-56 5.59624e-57 8.3158e-58 1.23351e-58 1.82654e-59 2.70013e-60 3.98501e-61 5.8719e-62 8.63875e-63 1.269e-63 1.86135e-64 2.72625e-65 3.98737e-66 5.82381e-67 8.49457e-68 1.23738e-68 1.80012e-69 2.61548e-70 3.79548e-71 5.50118e-72 7.96399e-73 1.1516e-73 1.66335e-74 2.39983e-75 3.45865e-76 4.9793e-77 7.16106e-78 1.02882e-78 1.47662e-79 2.11724e-80 3.03285e-81 4.3403e-82 6.20563e-83 8.86452e-84 1.26513e-84 1.80399e-85 2.57016e-86 3.65861e-87 5.20367e-88
1.6558e-11 1.37939e-11 7.05052e-12 2.81459e-12 9.60339e-13 2.93182e-13 8.22865e-14 2.16108e-14 5.37639e-15 1.27842e-15 2.92513e-16 6.47427e-17 1.39193e-17 2.91675e-18 5.97371e-19 1.19857e-19 2.36054e-20 4.57111e-21 8.71608e-22 1.63855e-22 3.04027e-23 5.57322e-24 1.01021e-24 1.81204e-25 3.2186e-26 5.66476e-27 9.8845e-28 1.71082e-28 2.93856e-29 5.011e-30 8.4868e-31 1.42806e-31 2.38821e-32 3.97058e-33 6.56466e-34 1.07959e-34 1.76644e-35 2.87625e-36 4.66162e-37 7.52162e-38 1.20846e-38 1.93361e-39 3.08173e-40 4.89299e-41 7.74052e-42 1.22023e-42 1.91707e-43 3.00205e-44 4.68627e-45 7.29312e-46 1.13167e-46 1.75101e-47 2.70185e-48 4.15788e-49 6.38205e-50 9.77146e-51 1.49246e-51 2.27415e-52 3.45732e-53 5.24438e-54 7.93796e-55 1.19897e-55 1.80727e-56 2.71876e-57 4.08204e-58 6.11736e-59 9.15067e-60 1.36636e-60 2.03665e-61 3.0306e-62 4.50215e-63 6.6774e-64 9.88798e-65 1.46196e-65 2.15829e-66 3.18158e-67 4.68329e-68 6.8841e-69 1.01052e-69 1.48135e-70 2.16869e-71 3.17086e-72 4.6303e-73 6.75312e-74 9.83726e-75 1.43129e-75 2.08007e-76 3.0195e-77 4.3783e-78 6.34165e-79 9.17556e-80 1.32619e-80 1.91484e-81 2.76196e-82 3.9799e-83 5.72933e-84 8.23984e-85 1.18393e-85 1.69955e-86 2.4375e-87 3.49278e-88
2.14282e-12 1.91077e-12 1.03337e-12 4.33399e-13 1.54589e-13 4.91515e-14 1.43245e-14 3.89682e-15 1.00214e-15 2.4589e-16 5.79673e-17 1.32011e-17 2.91675e-18 6.27443e-19 1.31792e-19 2.70953e-20 5.46355e-21 1.08241e-21 2.11008e-22 4.0529e-23 7.67872e-24 1.43651e-24 2.65592e-25 4.85686e-26 8.79103e-27 1.57597e-27 2.79986e-28 4.93208e-29 8.61866e-30 1.49471e-30 2.57369e-31 4.40147e-32 7.47876e-33 1.26296e-33 2.12031e-34 3.53983e-35 5.87819e-36 9.7115e-37 1.59663e-37 2.61268e-38 4.25614e-39 6.9035e-40 1.11512e-40 1.79407e-41 2.87533e-42 4.59122e-43 7.30497e-44 1.15828e-44 1.83046e-45 2.88347e-46 4.52813e-47 7.08952e-48 1.10675e-48 1.7229e-49 2.67476e-50 4.14151e-51 6.39611e-52 9.85349e-53 1.5143e-53 2.32174e-54 3.55157e-55 5.42079e-56 8.2559e-57 1.25474e-57 1.90305e-58 2.88058e-59 4.35177e-60 6.56189e-61 9.87618e-62 1.48377e-62 2.22525e-63 3.33156e-64 4.97952e-65 7.43047e-66 1.10701e-66 1.64668e-67 2.44569e-68 3.62699e-69 5.37103e-70 7.94233e-71 1.17282e-71 1.7295e-72 2.54701e-73 3.74601e-74 5.50237e-75 8.07208e-76 1.18273e-76 1.73085e-77 2.53e-78 3.69384e-79 5.38691e-80 7.84724e-81 1.14187e-81 1.65979e-82 2.41007e-83 3.49587e-84 5.06571e-85 7.33316e-86 1.06051e-86 1.53223e-87 2.21166e-88
2.7731e-13 2.63541e-13 1.50336e-13 6.60783e-14 2.45877e-14 8.12691e-15 2.45532e-15 6.9085e-16 1.83403e-16 4.63775e-17 1.12514e-17 2.63355e-18 5.97371e-19 1.31792e-19 2.83644e-20 5.9701e-21 1.23149e-21 2.49408e-22 4.967e-23 9.74027e-24 1.88303e-24 3.59262e-25 6.77072e-26 1.2615e-26 2.32537e-27 4.24367e-28 7.67179e-29 1.37466e-29 2.44263e-30 4.30604e-31 7.53424e-32 1.30891e-32 2.25861e-33 3.87238e-34 6.59857e-35 1.11784e-35 1.88313e-36 3.15542e-37 5.26029e-38 8.72628e-39 1.4408e-39 2.36816e-40 3.87552e-41 6.31583e-42 1.02514e-42 1.65747e-43 2.66983e-44 4.285e-45 6.85333e-46 1.09241e-46 1.73563e-47 2.74887e-48 4.34035e-49 6.83295e-50 1.07262e-50 1.67909e-51 2.62138e-52 4.08176e-53 6.33954e-54 9.82187e-55 1.51805e-55 2.34078e-56 3.60121e-57 5.52806e-58 8.4676e-59 1.2943e-59 1.97434e-60 3.00566e-61 4.56682e-62 6.92569e-63 1.04835e-63 1.58404e-64 2.38923e-65 3.5975e-66 5.40769e-67 8.11535e-68 1.21592e-68 1.81893e-69 2.71682e-70 4.05183e-71 6.03394e-72 8.97272e-73 1.3324e-73 1.9758e-74 2.92592e-75 4.32719e-76 6.39123e-77 9.42777e-78 1.38896e-78 2.04381e-79 3.00377e-80 4.40942e-81 6.46537e-82 9.46917e-83 1.38531e-83 2.02444e-84 2.95528e-85 4.30955e-86 6.27792e-87 9.13603e-88 1.3282e-88
3.58877e-14 3.62101e-14 2.17278e-14 9.98631e-15 3.86911e-15 1.32724e-15 4.15078e-16 1.20633e-16 3.30187e-17 8.59509e-18 2.14362e-18 5.15175e-19 1.19857e-19 2.70953e-20 5.9701e-21 1.28543e-21 2.71041e-22 5.60735e-23 1.14002e-23 2.28092e-24 4.49658e-25 8.74379e-26 1.67873e-26 3.1849e-27 5.97559e-28 1.10952e-28 2.04001e-29 3.71637e-30 6.71147e-31 1.20209e-31 2.13629e-32 3.76847e-33 6.60099e-34 1.14852e-34 1.9856e-35 3.41189e-36 5.8286e-37 9.90172e-38 1.67315e-38 2.81278e-39 4.70543e-40 7.83451e-41 1.29853e-41 2.14285e-42 3.52132e-43 5.7631e-44 9.39521e-45 1.52587e-45 2.46911e-46 3.98138e-47 6.398e-48 1.02476e-48 1.6361e-49 2.60406e-50 4.13227e-51 6.53823e-52 1.03158e-52 1.62314e-53 2.54713e-54 3.98675e-55 6.22434e-56 9.69399e-57 1.50618e-57 2.33476e-58 3.61098e-59 5.57252e-60 8.58116e-61 1.31866e-61 2.02223e-62 3.09502e-63 4.72774e-64 7.20808e-65 1.09693e-65 1.66631e-66 2.52675e-67 3.82488e-68 5.78016e-69 8.72056e-70 1.31355e-70 1.97543e-71 2.96623e-72 4.44722e-73 6.65776e-74 9.95261e-75 1.48569e-75 2.21468e-76 3.29686e-77 4.90128e-78 7.2769e-79 1.07901e-79 1.59791e-80 2.36342e-81 3.49142e-82 5.15162e-83 7.59236e-84 1.11766e-84 1.64343e-85 2.41385e-86 3.54157e-87 5.19058e-88 7.59938e-89
4.64435e-15 4.95841e-15 3.12189e-15 1.49737e-15 6.03026e-16 2.14364e-16 6.93017e-17 2.07783e-17 5.85714e-18 1.56788e-18 4.01594e-19 9.90082e-20 2.36054e-20 5.46355e-21 1.23149e-21 2.71041e-22 5.83792e-23 1.23292e-23 2.55731e-24 5.21714e-25 1.04817e-25 2.07618e-26 4.05849e-27 7.83632e-28 1.49573e-28 2.82423e-29 5.27874e-30 9.77237e-31 1.79284e-31 3.26111e-32 5.88394e-33 1.05348e-33 1.87244e-34 3.30493e-35 5.79469e-36 1.00959e-36 1.74834e-37 3.01014e-38 5.15388e-39 8.77744e-40 1.48723e-40 2.50759e-41 4.20804e-42 7.02955e-43 1.16915e-43 1.93634e-44 3.19389e-45 5.24746e-46 8.5887e-47 1.40058e-47 2.27586e-48 3.68544e-49 5.94817e-50 9.56919e-51 1.53464e-51 2.45368e-52 3.91154e-53 6.21777e-54 9.85627e-55 1.55817e-55 2.45684e-56 3.86391e-57 6.06172e-58 9.48661e-59 1.48116e-59 2.30724e-60 3.58599e-61 5.56129e-62 8.6063e-63 1.32909e-63 2.04837e-64 3.15066e-65 4.83675e-66 7.41112e-67 1.13347e-67 1.73042e-68 2.6371e-69 4.0119e-70 6.0931e-71 9.23865e-72 1.39854e-72 2.11374e-73 3.18974e-74 4.80615e-75 7.23089e-76 1.08631e-76 1.62963e-77 2.44129e-78 3.65216e-79 5.45625e-80 8.14074e-81 1.21302e-81 1.80518e-82 2.68304e-83 3.98292e-84 5.90543e-85 8.74554e-86 1.29365e-86 1.91139e-87 2.82095e-88 4.15872e-89
6.01042e-16 6.76928e-16 4.46203e-16 2.2293e-16 9.3175e-17 3.42764e-17 1.1441e-17 3.53485e-18 1.02514e-18 2.81924e-19 7.40958e-20 1.87237e-20 4.57111e-21 1.08241e-21 2.49408e-22 5.60735e-23 1.23292e-23 2.65641e-24 5.61799e-25 1.16798e-25 2.39014e-26 4.81998e-27 9.58829e-28 1.88325e-28 3.65511e-29 7.01514e-30 1.33231e-30 2.50537e-31 4.66738e-32 8.61843e-33 1.57811e-33 2.8667e-34 5.16817e-35 9.2503e-36 1.64432e-36 2.90376e-37 5.09572e-38 8.88873e-39 1.54159e-39 2.65889e-40 4.56169e-41 7.7864e-42 1.32256e-42 2.23587e-43 3.7627e-44 6.30446e-45 1.05186e-45 1.7478e-46 2.89275e-47 4.76949e-48 7.8348e-49 1.28242e-49 2.09184e-50 3.40069e-51 5.51051e-52 8.90111e-53 1.43339e-53 2.30139e-54 3.68434e-55 5.88176e-56 9.36409e-57 1.48685e-57 2.35475e-58 3.71984e-59 5.86189e-60 9.21531e-61 1.44533e-61 2.26171e-62 3.53135e-63 5.50179e-64 8.55357e-65 1.32707e-65 2.05477e-66 3.17523e-67 4.89724e-68 7.5389e-69 1.15842e-69 1.7768e-70 2.72049e-71 4.1582e-72 6.34497e-73 9.66575e-74 1.47007e-74 2.23229e-75 3.38445e-76 5.12346e-77 7.74443e-78 1.16891e-78 1.76176e-79 2.65155e-80 3.98523e-81 5.9816e-82 8.9661e-83 1.34221e-83 2.0067e-84 2.99638e-85 4.46861e-86 6.65611e-87 9.9026e-88 1.47153e-88 2.18417e-89
7.77829e-17 9.21647e-17 6.34718e-17 3.29773e-17 1.42839e-17 5.43094e-18 1.8695e-18 5.94605e-19 1.77239e-19 5.00325e-20 1.34816e-20 3.48913e-21 8.71608e-22 2.11008e-22 4.967e-23 1.14002e-23 2.55731e-24 5.61799e-25 1.21078e-25 2.56387e-26 5.34137e-27 1.09609e-27 2.21787e-28 4.42918e-29 8.73723e-30 1.70379e-30 3.28659e-31 6.27527e-32 1.18665e-32 2.22353e-33 4.13044e-34 7.60981e-35 1.39107e-35 2.52398e-36 4.54707e-37 8.1363e-38 1.44644e-38 2.55547e-39 4.48801e-40 7.83706e-41 1.36103e-41 2.3512e-42 4.04117e-43 6.91195e-44 1.17665e-44 1.99399e-45 3.3643e-46 5.65231e-47 9.4576e-48 1.57622e-48 2.61692e-49 4.32866e-50 7.13438e-51 1.17178e-51 1.9181e-52 3.12948e-53 5.08969e-54 8.25216e-55 1.33395e-55 2.15003e-56 3.45554e-57 5.53844e-58 8.853e-59 1.41142e-59 2.24446e-60 3.56031e-61 5.63392e-62 8.89418e-63 1.40087e-63 2.20148e-64 3.45203e-65 5.40135e-66 8.43372e-67 1.31415e-67 2.04363e-68 3.17181e-69 4.91339e-70 7.59698e-71 1.17248e-71 1.80629e-72 2.77785e-73 4.26463e-74 6.53616e-75 1.00011e-75 1.5278e-76 2.33024e-77 3.5486e-78 5.39575e-79 8.19214e-80 1.24196e-80 1.88014e-81 2.84223e-82 4.29069e-83 6.4685e-84 9.73868e-85 1.46429e-85 2.19884e-86 3.29769e-87 4.93953e-88 7.38976e-89 1.10421e-89
1.00662e-17 1.25176e-17 8.98989e-18 4.84976e-18 2.17411e-18 8.53365e-19 3.02632e-19 9.89912e-20 3.03018e-20 8.77295e-21 2.42178e-21 6.41469e-22 1.63855e-22 4.0529e-23 9.74027e-24 2.28092e-24 5.21714e-25 1.16798e-25 2.56387e-26 5.52699e-27 1.17168e-27 2.44557e-28 5.03118e-29 1.02116e-29 2.04655e-30 4.05317e-31 7.93808e-32 1.53837e-32 2.95178e-33 5.61065e-34 1.05697e-34 1.97435e-35 3.65831e-36 6.72659e-37 1.22778e-37 2.22539e-38 4.00661e-39 7.16738e-40 1.2743e-40 2.25227e-41 3.95827e-42 6.9187e-43 1.203e-43 2.0812e-44 3.58302e-45 6.13967e-46 1.04731e-46 1.77869e-47 3.0081e-48 5.06648e-49 8.49964e-50 1.42046e-50 2.36508e-51 3.92372e-52 6.48682e-53 1.06879e-53 1.7552e-54 2.87323e-55 4.68882e-56 7.62858e-57 1.23751e-57 2.00175e-58 3.22894e-59 5.19438e-60 8.3341e-61 1.33372e-61 2.12902e-62 3.39024e-63 5.3857e-64 8.53572e-65 1.34974e-65 2.12957e-66 3.35266e-67 5.26701e-68 8.25728e-69 1.2919e-69 2.01723e-70 3.14369e-71 4.88987e-72 7.59182e-73 1.17653e-73 1.82006e-74 2.81066e-75 4.33298e-76 6.66861e-77 1.02464e-77 1.57182e-78 2.4074e-79 3.68146e-80 5.62122e-81 8.57023e-82 1.30472e-82 1.98343e-83 3.01093e-84 4.5644e-85 6.90994e-86 1.04468e-86 1.57732e-87 2.37847e-88 3.58196e-89 5.38769e-90
1.3027e-18 1.69633e-18 1.26829e-18 7.09417e-19 3.28746e-19 1.33068e-19 4.85693e-20 1.63244e-20 5.12737e-21 1.52134e-21 4.29939e-22 1.16473e-22 3.04027e-23 7.67872e-24 1.88303e-24 4.49658e-25 1.04817e-25 2.39014e-26 5.34137e-27 1.17168e-27 2.52639e-28 5.36121e-29 1.12092e-29 2.31131e-30 4.70435e-31 9.45891e-32 1.88016e-32 3.69697e-33 7.19533e-34 1.3869e-34 2.6488e-35 5.01488e-36 9.4159e-37 1.75398e-37 3.2427e-38 5.95187e-39 1.08493e-39 1.96462e-40 3.53512e-41 6.32249e-42 1.12418e-42 1.98766e-43 3.49544e-44 6.11506e-45 1.06444e-45 1.8439e-46 3.17926e-47 5.457e-48 9.32582e-49 1.58704e-49 2.68975e-50 4.54066e-51 7.63592e-52 1.27935e-52 2.13575e-53 3.55296e-54 5.89053e-55 9.73384e-56 1.60332e-56 2.63269e-57 4.30983e-58 7.03456e-59 1.14489e-59 1.85811e-60 3.00743e-61 4.85468e-62 7.81625e-63 1.25527e-63 2.01094e-64 3.21378e-65 5.12399e-66 8.15081e-67 1.29365e-67 2.0487e-68 3.23748e-69 5.10531e-70 8.03424e-71 1.26181e-71 1.97783e-72 3.09418e-73 4.83152e-74 7.53042e-75 1.17157e-75 1.81948e-76 2.82079e-77 4.3657e-78 6.74545e-79 1.04053e-79 1.60252e-80 2.46414e-81 3.78317e-82 5.79944e-83 8.87705e-84 1.3568e-84 2.07079e-85 3.15606e-86 4.80342e-87 7.30068e-88 1.10814e-88 1.67979e-89 2.54303e-90
1.68586e-19 2.29414e-19 1.78286e-19 1.03264e-19 4.94102e-20 2.0604e-20 7.73315e-21 2.66851e-21 8.59372e-22 2.61134e-22 7.54997e-23 2.09059e-23 5.57322e-24 1.43651e-24 3.59262e-25 8.74379e-26 2.07618e-26 4.81998e-27 1.09609e-27 2.44557e-28 5.36121e-29 1.15623e-29 2.45588e-30 5.1427e-31 1.06264e-31 2.16843e-32 4.37305e-33 8.72159e-34 1.72125e-34 3.36332e-35 6.5102e-36 1.24889e-36 2.37545e-37 4.4816e-38 8.38976e-39 1.55899e-39 2.87644e-40 5.27127e-41 9.5972e-42 1.73643e-42 3.12292e-43 5.5841e-44 9.9296e-45 1.75624e-45 3.09024e-46 5.41049e-47 9.42741e-48 1.63505e-48 2.82303e-49 4.85304e-50 8.30778e-51 1.4164e-51 2.40531e-52 4.06904e-53 6.85804e-54 1.1517e-54 1.92735e-55 3.21441e-56 5.34323e-57 8.85339e-58 1.46236e-58 2.40811e-59 3.95374e-60 6.47269e-61 1.05666e-61 1.72027e-62 2.79313e-63 4.52326e-64 7.3064e-65 1.17726e-65 1.89229e-66 3.03438e-67 4.8545e-68 7.74878e-69 1.23412e-69 1.96129e-70 3.1103e-71 4.92221e-72 7.77385e-73 1.22531e-73 1.92758e-74 3.02655e-75 4.7432e-76 7.41991e-77 1.15863e-77 1.80604e-78 2.81035e-79 4.36572e-80 6.77066e-81 1.04833e-81 1.62057e-82 2.50125e-83 3.85458e-84 5.93115e-85 9.11285e-86 1.39809e-86 2.14187e-87 3.27672e-88 5.00591e-89 7.63721e-90 1.1636e-90
2.18173e-20 3.09686e-20 2.4979e-20 1.49634e-20 7.38499e-21 3.16959e-21 1.22224e-21 4.32686e-22 1.42768e-22 4.43991e-23 1.31247e-23 3.71249e-24 1.01021e-24 2.65592e-25 6.77072e-26 1.67873e-26 4.05849e-27 9.58829e-28 2.21787e-28 5.03118e-29 1.12092e-29 2.45588e-30 5.29746e-31 1.12616e-31 2.36156e-32 4.88911e-33 1.00004e-33 2.02233e-34 4.04586e-35 8.01194e-36 1.5713e-36 3.05342e-37 5.88178e-38 1.12359e-38 2.12934e-39 4.00475e-40 7.47726e-41 1.38637e-41 2.55334e-42 4.67251e-43 8.49788e-44 1.53636e-44 2.76182e-45 4.93749e-46 8.78037e-47 1.55344e-47 2.73484e-48 4.79173e-49 8.35694e-50 1.45098e-50 2.5084e-51 4.31828e-52 7.40391e-53 1.26444e-53 2.15119e-54 3.64624e-55 6.15809e-56 1.0364e-56 1.7383e-57 2.90595e-58 4.84227e-59 8.04354e-60 1.33204e-60 2.19936e-61 3.62088e-62 5.94434e-63 9.73182e-64 1.58897e-64 2.58759e-65 4.20301e-66 6.80985e-67 1.10066e-67 1.77471e-68 2.85487e-69 4.58197e-70 7.33748e-71 1.17244e-71 1.86942e-72 2.97448e-73 4.72307e-74 7.48453e-75 1.18372e-75 1.86852e-76 2.94391e-77 4.62963e-78 7.2674e-79 1.13878e-79 1.7813e-80 2.78159e-81 4.33629e-82 6.74878e-83 1.04865e-83 1.62683e-84 2.51985e-85 3.8971e-86 6.01802e-87 9.27944e-88 1.42876e-88 2.19671e-89 3.37269e-90 5.17106e-91
2.82346e-21 4.17332e-21 3.48906e-21 2.15921e-21 1.09809e-21 4.84655e-22 1.91864e-22 6.96303e-23 2.35241e-23 7.48251e-24 2.26019e-24 6.52732e-25 1.81204e-25 4.85686e-26 1.2615e-26 3.1849e-27 7.83632e-28 1.88325e-28 4.42918e-29 1.02116e-29 2.31131e-30 5.1427e-31 1.12616e-31 2.42958e-32 5.16891e-33 1.08534e-33 2.25095e-34 4.61424e-35 9.35501e-36 1.87694e-36 3.72866e-37 7.33772e-38 1.43111e-38 2.76739e-39 5.3079e-40 1.01015e-40 1.90812e-41 3.57865e-42 6.66581e-43 1.23346e-43 2.26804e-44 4.14506e-45 7.53123e-46 1.36066e-46 2.44493e-47 4.37021e-48 7.77205e-49 1.37543e-49 2.4226e-50 4.2475e-51 7.41404e-52 1.28857e-52 2.23022e-53 3.84442e-54 6.60099e-55 1.1291e-55 1.92417e-56 3.26733e-57 5.5287e-58 9.32341e-59 1.56706e-59 2.62542e-60 4.38476e-61 7.30068e-62 1.21195e-62 2.00606e-63 3.31108e-64 5.44995e-65 8.94627e-66 1.46469e-66 2.39182e-67 3.896e-68 6.33054e-69 1.02616e-69 1.65948e-70 2.67748e-71 4.31026e-72 6.92346e-73 1.1097e-73 1.77489e-74 2.83294e-75 4.51258e-76 7.17379e-77 1.13822e-77 1.80251e-78 2.84915e-79 4.49527e-80 7.07969e-81 1.11303e-81 1.74681e-82 2.73681e-83 4.28075e-84 6.68471e-85 1.04219e-85 1.62227e-86 2.5213e-87 3.91258e-88 6.06247e-89 9.37985e-90 1.44915e-90 2.23568e-91
3.65393e-22 5.61509e-22 4.85973e-22 3.10365e-22 1.62497e-22 7.36923e-23 2.99275e-23 1.11268e-23 3.84652e-24 1.25067e-24 3.85817e-25 1.13701e-25 3.2186e-26 8.79103e-27 2.32537e-27 5.97559e-28 1.49573e-28 3.65511e-29 8.73723e-30 2.04655e-30 4.70435e-31 1.06264e-31 2.36156e-32 5.16891e-33 1.11532e-33 2.37451e-34 4.99188e-35 1.03699e-35 2.13004e-36 4.32872e-37 8.70818e-38 1.73504e-38 3.42534e-39 6.70343e-40 1.30095e-40 2.50471e-41 4.78557e-42 9.07673e-43 1.70952e-43 3.19807e-44 5.94411e-45 1.09794e-45 2.01586e-46 3.67986e-47 6.68004e-48 1.20611e-48 2.1664e-49 3.87174e-50 6.88593e-51 1.21892e-51 2.14788e-52 3.76816e-53 6.58247e-54 1.14511e-54 1.98406e-55 3.42424e-56 5.88739e-57 1.0085e-57 1.72136e-58 2.92786e-59 4.96308e-60 8.38521e-61 1.41214e-61 2.37069e-62 3.96772e-63 6.62081e-64 1.10158e-64 1.82762e-65 3.02377e-66 4.98926e-67 8.21056e-68 1.34768e-68 2.20649e-69 3.60365e-70 5.8713e-71 9.54331e-72 1.5476e-72 2.504e-73 4.04248e-74 6.51205e-75 1.0468e-75 1.67921e-76 2.68819e-77 4.29482e-78 6.84824e-79 1.08987e-79 1.73123e-80 2.74492e-81 4.34425e-82 6.86319e-83 1.08237e-83 1.70405e-84 2.67828e-85 4.20251e-86 6.58348e-87 1.02969e-87 1.60797e-88 2.50713e-89 3.90316e-90 6.06748e-91 9.41809e-92
4.72868e-23 7.54396e-23 6.75113e-23 4.44511e-23 2.39391e-23 1.11465e-23 4.64055e-24 1.76639e-24 6.24473e-25 2.07437e-25 6.53198e-26 1.96338e-26 5.66476e-27 1.57597e-27 4.24367e-28 1.10952e-28 2.82423e-29 7.01514e-30 1.70379e-30 4.05317e-31 9.45891e-32 2.16843e-32 4.88911e-33 1.08534e-33 2.37451e-34 5.12433e-35 1.09168e-35 2.29757e-36 4.78011e-37 9.83708e-38 2.00353e-38 4.0406e-39 8.07275e-40 1.5985e-40 3.13829e-41 6.11123e-42 1.18078e-42 2.26441e-43 4.31143e-44 8.15251e-45 1.53137e-45 2.85824e-46 5.30211e-47 9.7775e-48 1.79278e-48 3.26912e-49 5.92958e-50 1.07e-50 1.92123e-51 3.43307e-52 6.10606e-53 1.08113e-53 1.90585e-54 3.34544e-55 5.84825e-56 1.01826e-56 1.76603e-57 3.05138e-58 5.25285e-59 9.0103e-60 1.54017e-60 2.62377e-61 4.45497e-62 7.5399e-63 1.2721e-63 2.13968e-64 3.58821e-65 5.99984e-66 1.00038e-66 1.66335e-67 2.75817e-68 4.56149e-69 7.5243e-70 1.23801e-70 2.0319e-71 3.32682e-72 5.43406e-73 8.85542e-74 1.43981e-74 2.3358e-75 3.78108e-76 6.10755e-77 9.84483e-78 1.58364e-78 2.54232e-79 4.0733e-80 6.5136e-81 1.03961e-81 1.65618e-82 2.63361e-83 4.18036e-84 6.62385e-85 1.04774e-85 1.65447e-86 2.60817e-87 4.10489e-88 6.45008e-89 1.0119e-89 1.58503e-90 2.47895e-91 3.87118e-92
6.11955e-24 1.01217e-23 9.35579e-24 6.34497e-24 3.51202e-24 1.67774e-24 7.15578e-25 2.78696e-25 1.00703e-25 3.41577e-26 1.09738e-26 3.36275e-27 9.8845e-28 2.79986e-28 7.67179e-29 2.04001e-29 5.27874e-30 1.33231e-30 3.28659e-31 7.93808e-32 1.88016e-32 4.37305e-33 1.00004e-33 2.25095e-34 4.99188e-35 1.09168e-35 2.35622e-36 5.02272e-37 1.05818e-37 2.20465e-38 4.54494e-39 9.27575e-40 1.87504e-40 3.75582e-41 7.4578e-42 1.46857e-42 2.86887e-43 5.56164e-44 1.0703e-44 2.04527e-45 3.88194e-46 7.32007e-47 1.37169e-47 2.55485e-48 4.73086e-49 8.711e-50 1.59526e-50 2.90609e-51 5.26716e-52 9.49956e-53 1.70513e-53 3.04652e-54 5.41879e-55 9.59647e-56 1.69234e-56 2.97221e-57 5.19928e-58 9.0599e-59 1.57278e-59 2.72032e-60 4.68836e-61 8.05219e-62 1.37828e-62 2.3514e-63 3.99869e-64 6.77872e-65 1.14564e-65 1.93042e-66 3.2433e-67 5.43359e-68 9.07773e-69 1.51247e-69 2.51328e-70 4.1655e-71 6.88635e-72 1.13561e-72 1.86816e-73 3.06594e-74 5.01996e-75 8.20057e-76 1.33664e-76 2.17388e-77 3.52793e-78 5.71335e-79 9.23345e-80 1.48921e-80 2.3971e-81 3.85097e-82 6.17479e-83 9.8823e-84 1.57868e-84 2.51734e-85 4.007e-86 6.36705e-87 1.00998e-87 1.59938e-88 2.52856e-89 3.99106e-90 6.28937e-91 9.89562e-92 1.55455e-92
7.91952e-25 1.35633e-24 1.29358e-24 9.0284e-25 5.13227e-25 2.51373e-25 1.0977e-25 4.37185e-26 1.61375e-26 5.5865e-27 1.83026e-27 5.71533e-28 1.71082e-28 4.93208e-29 1.37466e-29 3.71637e-30 9.77237e-31 2.50537e-31 6.27527e-32 1.53837e-32 3.69697e-33 8.72159e-34 2.02233e-34 4.61424e-35 1.03699e-35 2.29757e-36 5.02272e-37 1.0842e-37 2.31248e-38 4.87656e-39 1.01734e-39 2.10069e-40 4.29554e-41 8.70214e-42 1.74731e-42 3.47869e-43 6.86949e-44 1.34599e-44 2.6176e-45 5.05405e-46 9.69105e-47 1.84591e-47 3.49353e-48 6.57105e-49 1.22861e-49 2.284e-50 4.22242e-51 7.7641e-52 1.42024e-52 2.58492e-53 4.68181e-54 8.43972e-55 1.51444e-55 2.70548e-56 4.81239e-57 8.52427e-58 1.50378e-58 2.64235e-59 4.62511e-60 8.06542e-61 1.40135e-61 2.42618e-62 4.18595e-63 7.1978e-64 1.23361e-64 2.10746e-65 3.58906e-66 6.09362e-67 1.03151e-67 1.74103e-68 2.93023e-69 4.91799e-70 8.23176e-71 1.37417e-71 2.28802e-72 3.7999e-73 6.2951e-74 1.04033e-74 1.71516e-75 2.82112e-76 4.6296e-77 7.58034e-78 1.23845e-78 2.01897e-79 3.28445e-80 5.33204e-81 8.63854e-82 1.39675e-82 2.25396e-83 3.63027e-84 5.83593e-85 9.3643e-86 1.49986e-86 2.39798e-87 3.82718e-88 6.09764e-89 9.69854e-90 1.54002e-90 2.44137e-91 3.86402e-92 6.106e-93
1.02489e-25 1.81537e-25 1.78478e-25 1.28089e-25 7.47255e-26 3.75007e-26 1.67564e-26 6.82084e-27 2.57068e-27 9.07842e-28 3.03179e-28 9.64356e-29 2.93856e-29 8.61866e-30 2.44263e-30 6.71147e-31 1.79284e-31 4.66738e-32 1.18665e-32 2.95178e-33 7.19533e-34 1.72125e-34 4.04586e-35 9.35501e-36 2.13004e-36 4.78011e-37 1.05818e-37 2.31248e-38 4.99227e-39 1.06535e-39 2.24862e-40 4.69679e-41 9.7132e-42 1.98975e-42 4.0392e-43 8.12876e-44 1.62235e-44 3.21223e-45 6.31176e-46 1.23113e-46 2.38449e-47 4.58708e-48 8.76667e-49 1.66493e-49 3.14277e-50 5.89764e-51 1.10047e-51 2.0422e-52 3.76972e-53 6.92292e-54 1.26505e-54 2.30054e-55 4.16407e-56 7.503e-57 1.34597e-57 2.40425e-58 4.27674e-59 7.57688e-60 1.33708e-60 2.35051e-61 4.11667e-62 7.18379e-63 1.24918e-63 2.16469e-64 3.73859e-65 6.43567e-66 1.10431e-66 1.88899e-67 3.22138e-68 5.47724e-69 9.28573e-70 1.56976e-70 2.64633e-71 4.44911e-72 7.4601e-73 1.24763e-73 2.08123e-74 3.46313e-75 5.74854e-76 9.51933e-77 1.57267e-77 2.5922e-78 4.26307e-79 6.99547e-80 1.14544e-80 1.87155e-81 3.05161e-82 4.96555e-83 8.06369e-84 1.30691e-84 2.11406e-85 3.41321e-86 5.50046e-87 8.84789e-88 1.42069e-88 2.27713e-89 3.64354e-90 5.8199e-91 9.28065e-92 1.47749e-92 2.34835e-93
1.32635e-26 2.42711e-26 2.45756e-26 1.81221e-26 1.08425e-26 5.57184e-27 2.54609e-27 1.05873e-27 4.07221e-28 1.46641e-28 4.98976e-29 1.61606e-29 5.011e-30 1.49471e-30 4.30604e-31 1.20209e-31 3.26111e-32 8.61843e-33 2.22353e-33 5.61065e-34 1.3869e-34 3.36332e-35 8.01194e-36 1.87694e-36 4.32872e-37 9.83708e-38 2.20465e-38 4.87656e-39 1.06535e-39 2.30016e-40 4.91095e-41 1.03741e-41 2.16938e-42 4.49281e-43 9.2191e-44 1.87508e-44 3.78161e-45 7.56502e-46 1.50162e-46 2.95844e-47 5.78684e-48 1.12412e-48 2.16915e-49 4.15884e-50 7.92431e-51 1.50089e-51 2.82633e-52 5.29257e-53 9.85733e-54 1.82631e-54 3.36654e-55 6.17527e-56 1.12734e-56 2.04851e-57 3.7057e-58 6.67428e-59 1.197e-59 2.13791e-60 3.80311e-61 6.73894e-62 1.18957e-62 2.09209e-63 3.66606e-64 6.40162e-65 1.11401e-65 1.93211e-66 3.34007e-67 5.75564e-68 9.88729e-69 1.69332e-69 2.89141e-70 4.92285e-71 8.35775e-72 1.41499e-72 2.38912e-73 4.02315e-74 6.75715e-75 1.13202e-75 1.89172e-76 3.15354e-77 5.24445e-78 8.70123e-79 1.44033e-79 2.37882e-80 3.92012e-81 6.44607e-82 1.05771e-82 1.73192e-83 2.83007e-84 4.61524e-85 7.51157e-86 1.22018e-86 1.97829e-87 3.2014e-88 5.1712e-89 8.33789e-90 1.34199e-90 2.15617e-91 3.45835e-92 5.53759e-93 8.85219e-94
1.71647e-27 3.24165e-27 3.37763e-27 2.55726e-27 1.56813e-27 8.24697e-28 3.85191e-28 1.63542e-28 6.41672e-29 2.35516e-29 8.16218e-30 2.69067e-30 8.4868e-31 2.57369e-31 7.53424e-32 2.13629e-32 5.88394e-33 1.57811e-33 4.13044e-34 1.05697e-34 2.6488e-35 6.5102e-36 1.5713e-36 3.72866e-37 8.70818e-38 2.00353e-38 4.54494e-39 1.01734e-39 2.24862e-40 4.91095e-41 1.06041e-41 2.26505e-42 4.78855e-43 1.00243e-43 2.07885e-44 4.27252e-45 8.70568e-46 1.75928e-46 3.52714e-47 7.01784e-48 1.38613e-48 2.71856e-49 5.29574e-50 1.02487e-50 1.97091e-51 3.76717e-52 7.15817e-53 1.35242e-53 2.54112e-54 4.74918e-55 8.83007e-56 1.63354e-56 3.00734e-57 5.51039e-58 1.00506e-58 1.825e-59 3.29956e-60 5.94045e-61 1.06513e-61 1.90219e-62 3.38392e-63 5.99713e-64 1.05893e-64 1.86306e-65 3.26639e-66 5.7072e-67 9.93871e-68 1.72513e-68 2.98493e-69 5.14868e-70 8.85399e-71 1.51808e-71 2.5953e-72 4.42435e-73 7.52151e-74 1.27521e-74 2.15626e-75 3.63657e-76 6.11751e-77 1.02653e-77 1.71833e-78 2.86945e-79 4.78046e-80 7.94583e-81 1.31773e-81 2.18047e-82 3.60023e-83 5.93172e-84 9.75263e-85 1.60018e-85 2.62022e-86 4.28199e-87 6.98405e-88 1.13694e-88 1.84735e-89 2.9961e-90 4.85038e-91 7.83825e-92 1.26444e-92 2.03624e-93 3.27355e-94
2.22135e-28 4.32539e-28 4.63396e-28 3.59976e-28 2.261e-28 1.21624e-28 5.80351e-29 2.5147e-29 1.00605e-29 3.76213e-30 1.32745e-30 4.45238e-31 1.42806e-31 4.40147e-32 1.30891e-32 3.76847e-33 1.05348e-33 2.8667e-34 7.60981e-35 1.97435e-35 5.01488e-36 1.24889e-36 3.05342e-37 7.33772e-38 1.73504e-38 4.0406e-39 9.27575e-40 2.10069e-40 4.69679e-41 1.03741e-41 2.26505e-42 4.89131e-43 1.04524e-43 2.21137e-44 4.63396e-45 9.6221e-46 1.98053e-46 4.04243e-47 8.18468e-48 1.64435e-48 3.27906e-49 6.49214e-50 1.27651e-50 2.49324e-51 4.83851e-52 9.33168e-53 1.78896e-53 3.40974e-54 6.46249e-55 1.21819e-55 2.28424e-56 4.26137e-57 7.91047e-58 1.46139e-58 2.6872e-59 4.91884e-60 8.96413e-61 1.62664e-61 2.93941e-62 5.2901e-63 9.48307e-64 1.6934e-64 3.01259e-65 5.33985e-66 9.43119e-67 1.65993e-67 2.91164e-68 5.09029e-69 8.87032e-70 1.54085e-70 2.66831e-71 4.60678e-72 7.93001e-73 1.36111e-73 2.3296e-74 3.97619e-75 6.76823e-76 1.14902e-76 1.94559e-77 3.28601e-78 5.53605e-79 9.30398e-80 1.55989e-80 2.60915e-81 4.35414e-82 7.24971e-83 1.20441e-83 1.99656e-84 3.30264e-85 5.45163e-86 8.98042e-87 1.47634e-87 2.42221e-88 3.96633e-89 6.48232e-90 1.05743e-90 1.72174e-91 2.79828e-92 4.53978e-93 7.35211e-94 1.1886e-94
2.87473e-29 5.76621e-29 6.34701e-29 5.05553e-29 3.25058e-29 1.78756e-29 8.70987e-30 3.84998e-30 1.56988e-30 5.97887e-31 2.14706e-31 7.32472e-32 2.38821e-32 7.47876e-33 2.25861e-33 6.60099e-34 1.87244e-34 5.16817e-35 1.39107e-35 3.65831e-36 9.4159e-37 2.37545e-37 5.88178e-38 1.43111e-38 3.42534e-39 8.07275e-40 1.87504e-40 4.29554e-41 9.7132e-42 2.16938e-42 4.78855e-43 1.04524e-43 2.25736e-44 4.82576e-45 1.02167e-45 2.14297e-46 4.45505e-47 9.18286e-48 1.87733e-48 3.80787e-49 7.66533e-50 1.53183e-50 3.03973e-51 5.99122e-52 1.17315e-52 2.28268e-53 4.41454e-54 8.4871e-55 1.62237e-55 3.08415e-56 5.83165e-57 1.09695e-57 2.05301e-58 3.82356e-59 7.08727e-60 1.30762e-60 2.40179e-61 4.39227e-62 7.9983e-63 1.45047e-63 2.6198e-64 4.71328e-65 8.44728e-66 1.50831e-66 2.68338e-67 4.75701e-68 8.40388e-69 1.47964e-69 2.59656e-70 4.5419e-71 7.91967e-72 1.37669e-72 2.38593e-73 4.12284e-74 7.10365e-75 1.22051e-75 2.09121e-76 3.57337e-77 6.08985e-78 1.03516e-78 1.7551e-79 2.96833e-80 5.00796e-81 8.42881e-82 1.41531e-82 2.371e-83 3.96304e-84 6.60937e-85 1.09988e-85 1.8264e-86 3.02647e-87 5.0047e-88 8.25919e-89 1.36029e-89 2.23601e-90 3.66842e-91 6.00706e-92 9.8183e-93 1.60183e-93 2.60863e-94 4.24072e-95
