0.999375 3.12253e-05 2.80971e-05 2.52826e-05 2.27505e-05 2.04723e-05 1.84226e-05 1.65784e-05 1.4919e-05 1.3426e-05 1.20825e-05 1.08737e-05 9.78599e-06 8.8072e-06 7.92643e-06 7.13383e-06 6.42058e-06 5.7787e-06 5.20105e-06 4.68118e-06 4.21329e-06 3.79218e-06 3.41315e-06 3.07199e-06 2.76488e-06 2.48842e-06 2.23954e-06 2.01545e-06 1.81367e-06 1.63195e-06 1.46906e-06
3.12253e-05 5.60563e-09 5.04126e-09 4.53318e-09 4.07568e-09 3.66365e-09 3.29248e-09 2.958e-09 2.65648e-09 2.38455e-09 2.13916e-09 1.91758e-09 1.71733e-09 1.53618e-09 1.37211e-09 1.22328e-09 1.08805e-09 9.64894e-10 8.52457e-10 7.49486e-10 6.54835e-10 5.67456e-10 4.8638e-10 4.1071e-10 3.39609e-10 2.72293e-10 2.0802e-10 1.46083e-10 8.58032e-11 2.65204e-11 2.38714e-11
2.80971e-05 5.04126e-09 4.53308e-09 4.0755e-09 3.66341e-09 3.29219e-09 2.95767e-09 2.65613e-09 2.38418e-09 2.13878e-09 1.9172e-09 1.71695e-09 1.53581e-09 1.37174e-09 1.22293e-09 1.0877e-09 9.64567e-10 8.52147e-10 7.49193e-10 6.54561e-10 5.67202e-10 4.86146e-10 4.10497e-10 3.39417e-10 2.72123e-10 2.07872e-10 1.45959e-10 8.57033e-11 2.64456e-11 2.37966e-11 2.14196e-11
2.52826e-05 4.53318e-09 4.0755e-09 3.66333e-09 3.29204e-09 2.95748e-09 2.65589e-09 2.38391e-09 2.1385e-09 1.9169e-09 1.71665e-09 1.5355e-09 1.37143e-09 1.22262e-09 1.08741e-09 9.64283e-10 8.51875e-10 7.48934e-10 6.54318e-10 5.66974e-10 4.85935e-10 4.10303e-10 3.39242e-10 2.71967e-10 2.07736e-10 1.45843e-10 8.56092e-11 2.63743e-11 2.37323e-11 2.13551e-11 1.9222e-11
2.27505e-05 4.07568e-09 3.66341e-09 3.29204e-09 2.95741e-09 2.65578e-09 2.38376e-09 2.13831e-09 1.91669e-09 1.71642e-09 1.53526e-09 1.37119e-09 1.22238e-09 1.08716e-09 9.64043e-10 8.51641e-10 7.4871e-10 6.54104e-10 5.66772e-10 4.85747e-10 4.10129e-10 3.39083e-10 2.71824e-10 2.07611e-10 1.45736e-10 8.55216e-11 2.63071e-11 2.36712e-11 2.12999e-11 1.91663e-11 1.72519e-11
2.04723e-05 3.66365e-09 3.29219e-09 2.95748e-09 2.65578e-09 2.3837e-09 2.13821e-09 1.91656e-09 1.71626e-09 1.53509e-09 1.371e-09 1.22218e-09 1.08697e-09 9.63846e-10 8.51447e-10 7.4852e-10 6.5392e-10 5.66597e-10 4.85581e-10 4.09975e-10 3.38942e-10 2.71696e-10 2.07497e-10 1.45639e-10 8.54409e-11 2.62445e-11 2.36137e-11 2.12476e-11 1.91192e-11 1.7204e-11 1.54856e-11
1.84226e-05 3.29248e-09 2.95767e-09 2.65589e-09 2.38376e-09 2.13821e-09 1.91652e-09 1.71619e-09 1.53498e-09 1.37088e-09 1.22205e-09 1.08682e-09 9.63692e-10 8.51291e-10 7.48364e-10 6.53767e-10 5.66449e-10 4.85439e-10 4.09841e-10 3.38817e-10 2.71583e-10 2.07396e-10 1.45551e-10 8.53675e-11 2.6187e-11 2.35604e-11 2.11986e-11 1.90745e-11 1.71638e-11 1.54445e-11 1.39018e-11
1.65784e-05 2.958e-09 2.65613e-09 2.38391e-09 2.13831e-09 1.91656e-09 1.71619e-09 1.53495e-09 1.37082e-09 1.22196e-09 1.08672e-09 9.63583e-10 8.51174e-10 7.48243e-10 6.53645e-10 5.66327e-10 4.85321e-10 4.09728e-10 3.38711e-10 2.71484e-10 2.07307e-10 1.45473e-10 8.53017e-11 2.61348e-11 2.35116e-11 2.11534e-11 1.90329e-11 1.71258e-11 1.54102e-11 1.38666e-11 1.24816e-11
1.4919e-05 2.65648e-09 2.38418e-09 2.1385e-09 1.91669e-09 1.71626e-09 1.53498e-09 1.37082e-09 1.22194e-09 1.08667e-09 9.63517e-10 8.51096e-10 7.48156e-10 6.53553e-10 5.66233e-10 4.85226e-10 4.09635e-10 3.38621e-10 2.714e-10 2.0723e-10 1.45405e-10 8.52437e-11 2.60883e-11 2.34677e-11 2.11122e-11 1.89946e-11 1.70905e-11 1.5378e-11 1.38376e-11 1.24515e-11 1.12078e-11
1.3426e-05 2.38455e-09 2.13878e-09 1.9169e-09 1.71642e-09 1.53509e-09 1.37088e-09 1.22196e-09 1.08667e-09 9.63495e-10 8.51057e-10 7.48104e-10 6.53491e-10 5.66165e-10 4.85155e-10 4.09562e-10 3.3855e-10 2.71332e-10 2.07166e-10 1.45347e-10 8.51937e-11 2.60477e-11 2.34289e-11 2.10754e-11 1.896e-11 1.70582e-11 1.53482e-11 1.38104e-11 1.24269e-11 1.11821e-11 1.00652e-11
1.20825e-05 2.13916e-09 1.9172e-09 1.71665e-09 1.53526e-09 1.371e-09 1.22205e-09 1.08672e-09 9.63517e-10 8.51057e-10 7.48087e-10 6.53461e-10 5.66124e-10 4.85107e-10 4.09511e-10 3.38496e-10 2.71278e-10 2.07115e-10 1.45299e-10 8.51518e-11 2.60131e-11 2.33953e-11 2.10431e-11 1.89293e-11 1.70293e-11 1.53212e-11 1.37853e-11 1.2404e-11 1.11615e-11 1.00434e-11 9.04027e-12
1.08737e-05 1.91758e-09 1.71695e-09 1.5355e-09 1.37119e-09 1.22218e-09 1.08682e-09 9.63583e-10 8.51096e-10 7.48104e-10 6.53461e-10 5.66111e-10 4.85084e-10 4.0948e-10 3.3846e-10 2.7124e-10 2.07077e-10 1.45262e-10 8.51182e-11 2.59846e-11 2.33671e-11 2.10156e-11 1.89026e-11 1.70038e-11 1.5297e-11 1.37627e-11 1.23831e-11 1.11423e-11 1.00261e-11 9.0218e-12 8.1207e-12
9.78599e-06 1.71733e-09 1.53581e-09 1.37143e-09 1.22238e-09 1.08697e-09 9.63692e-10 8.51174e-10 7.48156e-10 6.53491e-10 5.66124e-10 4.85084e-10 4.09469e-10 3.38443e-10 2.71217e-10 2.07051e-10 1.45236e-10 8.50929e-11 2.59623e-11 2.33444e-11 2.09929e-11 1.88803e-11 1.6982e-11 1.52761e-11 1.37428e-11 1.23643e-11 1.11249e-11 1.00101e-11 9.00739e-12 8.10511e-12 7.29557e-12
8.8072e-06 1.53618e-09 1.37174e-09 1.22262e-09 1.08716e-09 9.63846e-10 8.51291e-10 7.48243e-10 6.53553e-10 5.66165e-10 4.85107e-10 4.0948e-10 3.38443e-10 2.7121e-10 2.07038e-10 1.4522e-10 8.50761e-11 2.59464e-11 2.33274e-11 2.09751e-11 1.88622e-11 1.6964e-11 1.52584e-11 1.37256e-11 1.23479e-11 1.11094e-11 9.99572e-12 8.99415e-12 8.09317e-12 7.28247e-12 6.5551e-12
7.92643e-06 1.37211e-09 1.22293e-09 1.08741e-09 9.64043e-10 8.51447e-10 7.48364e-10 6.53645e-10 5.66233e-10 4.85155e-10 4.09511e-10 3.3846e-10 2.71217e-10 2.07038e-10 1.45215e-10 8.50676e-11 2.59368e-11 2.3316e-11 2.09624e-11 1.88486e-11 1.69499e-11 1.52441e-11 1.37115e-11 1.23341e-11 1.1096e-11 9.98305e-12 8.98231e-12 8.08228e-12 7.27264e-12 6.54414e-12 5.89051e-12
7.13383e-06 1.22328e-09 1.0877e-09 9.64283e-10 8.51641e-10 7.4852e-10 6.53767e-10 5.66327e-10 4.85226e-10 4.09562e-10 3.38496e-10 2.7124e-10 2.07051e-10 1.4522e-10 8.50676e-11 2.59336e-11 2.33102e-11 2.09548e-11 1.88396e-11 1.69398e-11 1.52334e-11 1.37003e-11 1.23229e-11 1.1085e-11 9.9723e-12 8.97203e-12 8.07263e-12 7.26375e-12 6.53611e-12 5.88139e-12 5.29396e-12
6.42058e-06 1.08805e-09 9.64567e-10 8.51875e-10 7.4871e-10 6.5392e-10 5.66449e-10 4.85321e-10 4.09635e-10 3.3855e-10 2.71278e-10 2.07077e-10 1.45236e-10 8.50761e-11 2.59368e-11 2.33102e-11 2.09522e-11 1.8835e-11 1.69337e-11 1.52262e-11 1.36923e-11 1.23144e-11 1.10762e-11 9.96356e-12 8.96347e-12 8.06439e-12 7.25598e-12 6.52892e-12 5.8749e-12 5.2864e-12 4.7584e-12
5.7787e-06 9.64894e-10 8.52147e-10 7.48934e-10 6.54104e-10 5.66597e-10 4.85439e-10 4.09728e-10 3.38621e-10 2.71332e-10 2.07115e-10 1.45262e-10 8.50929e-11 2.59464e-11 2.3316e-11 2.09548e-11 1.8835e-11 1.69317e-11 1.52226e-11 1.36875e-11 1.23087e-11 1.107e-11 9.95694e-12 8.95671e-12 8.05767e-12 7.24945e-12 6.52273e-12 5.86915e-12 5.28121e-12 4.75219e-12 4.27754e-12
5.20105e-06 8.52457e-10 7.49193e-10 6.54318e-10 5.66772e-10 4.85581e-10 4.09841e-10 3.38711e-10 2.714e-10 2.07166e-10 1.45299e-10 8.51182e-11 2.59623e-11 2.33274e-11 2.09624e-11 1.88396e-11 1.69337e-11 1.52226e-11 1.36859e-11 1.23058e-11 1.10662e-11 9.9525e-12 8.95183e-12 8.05256e-12 7.24427e-12 6.51764e-12 5.86427e-12 5.27667e-12 4.74809e-12 4.27246e-12 3.84574e-12
4.68118e-06 7.49486e-10 6.54561e-10 5.66974e-10 4.85747e-10 4.09975e-10 3.38817e-10 2.71484e-10 2.0723e-10 1.45347e-10 8.51518e-11 2.59846e-11 2.33444e-11 2.09751e-11 1.88486e-11 1.69398e-11 1.52262e-11 1.36875e-11 1.23058e-11 1.10649e-11 9.95027e-12 8.94888e-12 8.04911e-12 7.24052e-12 6.51375e-12 5.86039e-12 5.27291e-12 4.74456e-12 4.26928e-12 3.84162e-12 3.45793e-12
4.21329e-06 6.54835e-10 5.67202e-10 4.85935e-10 4.10129e-10 3.38942e-10 2.71583e-10 2.07307e-10 1.45405e-10 8.51937e-11 2.60131e-11 2.33671e-11 2.09929e-11 1.88622e-11 1.69499e-11 1.52334e-11 1.36923e-11 1.23087e-11 1.10662e-11 9.95027e-12 8.94789e-12 8.04738e-12 7.23825e-12 6.51112e-12 5.85756e-12 5.27001e-12 4.74172e-12 4.2666e-12 3.83919e-12 3.45462e-12 3.10958e-12
3.79218e-06 5.67456e-10 4.86146e-10 4.10303e-10 3.39083e-10 2.71696e-10 2.07396e-10 1.45473e-10 8.52437e-11 2.60477e-11 2.33953e-11 2.10156e-11 1.88803e-11 1.6964e-11 1.52441e-11 1.37003e-11 1.23144e-11 1.107e-11 9.9525e-12 8.94888e-12 8.04738e-12 7.2375e-12 6.5098e-12 5.85584e-12 5.26805e-12 4.73964e-12 4.26451e-12 3.8372e-12 3.45282e-12 3.10694e-12 2.79663e-12
3.41315e-06 4.8638e-10 4.10497e-10 3.39242e-10 2.71824e-10 2.07497e-10 1.45551e-10 8.53017e-11 2.60883e-11 2.34289e-11 2.10431e-11 1.89026e-11 1.6982e-11 1.52584e-11 1.37115e-11 1.23229e-11 1.10762e-11 9.95694e-12 8.95183e-12 8.04911e-12 7.23825e-12 6.5098e-12 5.85526e-12 5.26706e-12 4.73837e-12 4.26309e-12 3.83573e-12 3.45139e-12 3.10565e-12 2.79455e-12 2.51544e-12
3.07199e-06 4.1071e-10 3.39417e-10 2.71967e-10 2.07611e-10 1.45639e-10 8.53675e-11 2.61348e-11 2.34677e-11 2.10754e-11 1.89293e-11 1.70038e-11 1.52761e-11 1.37256e-11 1.23341e-11 1.1085e-11 9.96356e-12 8.95671e-12 8.05256e-12 7.24052e-12 6.51112e-12 5.85584e-12 5.26706e-12 4.73794e-12 4.26236e-12 3.83483e-12 3.4504e-12 3.10467e-12 2.79366e-12 2.51382e-12 2.26274e-12
2.76488e-06 3.39609e-10 2.72123e-10 2.07736e-10 1.45736e-10 8.54409e-11 2.6187e-11 2.35116e-11 2.11122e-11 1.896e-11 1.70293e-11 1.5297e-11 1.37428e-11 1.23479e-11 1.1096e-11 9.9723e-12 8.96347e-12 8.05767e-12 7.24427e-12 6.51375e-12 5.85756e-12 5.26805e-12 4.73837e-12 4.26236e-12 3.83452e-12 3.4499e-12 3.10406e-12 2.79303e-12 2.51324e-12 2.26149e-12 2.03561e-12
2.48842e-06 2.72293e-10 2.07872e-10 1.45843e-10 8.55216e-11 2.62445e-11 2.35604e-11 2.11534e-11 1.89946e-11 1.70582e-11 1.53212e-11 1.37627e-11 1.23643e-11 1.11094e-11 9.98305e-12 8.97203e-12 8.06439e-12 7.24945e-12 6.51764e-12 5.86039e-12 5.27001e-12 4.73964e-12 4.26309e-12 3.83483e-12 3.4499e-12 3.10385e-12 2.79271e-12 2.51288e-12 2.26115e-12 2.03465e-12 1.83143e-12
2.23954e-06 2.0802e-10 1.45959e-10 8.56092e-11 2.63071e-11 2.36137e-11 2.11986e-11 1.90329e-11 1.70905e-11 1.53482e-11 1.37853e-11 1.23831e-11 1.11249e-11 9.99572e-12 8.98231e-12 8.07263e-12 7.25598e-12 6.52273e-12 5.86427e-12 5.27291e-12 4.74172e-12 4.26451e-12 3.83573e-12 3.4504e-12 3.10406e-12 2.79271e-12 2.51275e-12 2.26097e-12 2.03448e-12 1.83068e-12 1.64784e-12
2.01545e-06 1.46083e-10 8.57033e-11 2.63743e-11 2.36712e-11 2.12476e-11 1.90745e-11 1.71258e-11 1.5378e-11 1.38104e-11 1.2404e-11 1.11423e-11 1.00101e-11 8.99415e-12 8.08228e-12 7.26375e-12 6.52892e-12 5.86915e-12 5.27667e-12 4.74456e-12 4.2666e-12 3.8372e-12 3.45139e-12 3.10467e-12 2.79303e-12 2.51288e-12 2.26097e-12 2.03442e-12 1.83062e-12 1.64725e-12 1.48272e-12
1.81367e-06 8.58032e-11 2.64456e-11 2.37323e-11 2.12999e-11 1.91192e-11 1.71638e-11 1.54102e-11 1.38376e-11 1.24269e-11 1.11615e-11 1.00261e-11 9.00739e-12 8.09317e-12 7.27264e-12 6.53611e-12 5.8749e-12 5.28121e-12 4.74809e-12 4.26928e-12 3.83919e-12 3.45282e-12 3.10565e-12 2.79366e-12 2.51324e-12 2.26115e-12 2.03448e-12 1.83062e-12 1.64724e-12 1.48224e-12 1.33419e-12
1.63195e-06 2.65204e-11 2.37966e-11 2.13551e-11 1.91663e-11 1.7204e-11 1.54445e-11 1.38666e-11 1.24515e-11 1.11821e-11 1.00434e-11 9.0218e-12 8.10511e-12 7.28247e-12 6.54414e-12 5.88139e-12 5.2864e-12 4.75219e-12 4.27246e-12 3.84162e-12 3.45462e-12 3.10694e-12 2.79455e-12 2.51382e-12 2.26149e-12 2.03465e-12 1.83068e-12 1.64725e-12 1.48224e-12 1.33376e-12 1.20055e-12
1.46906e-06 2.38714e-11 2.14196e-11 1.9222e-11 1.72519e-11 1.54856e-11 1.39018e-11 1.24816e-11 1.12078e-11 1.00652e-11 9.04027e-12 8.1207e-12 7.29557e-12 6.5551e-12 5.89051e-12 5.29396e-12 4.7584e-12 4.27754e-12 3.84574e-12 3.45793e-12 3.10958e-12 2.79663e-12 2.51544e-12 2.26274e-12 2.03561e-12 1.83143e-12 1.64784e-12 1.48272e-12 1.33419e-12 1.20055e-12 1.08064e-12
