0.60879 0.0325623 0.0220171 0.015519 0.0112852 0.00839208 0.0063381 0.00483675 0.00371588 0.00286664 0.00221679 0.00171636 0.00132949 0.00102977 0.000797308 0.000616971 0.000477094 0.00036865 0.00028463 0.00021958 0.000169253 0.000130343 0.000100279 7.70581e-05 5.91252e-05 4.52712e-05 3.45561e-05 2.62488e-05 1.97795e-05 1.47022e-05 1.12703e-05
0.0325623 0.00392332 0.00260741 0.0017772 0.00123147 0.000862549 0.000608543 0.000431578 0.000307317 0.000219578 0.000157362 0.000113088 8.14811e-05 5.88515e-05 4.26042e-05 3.09084e-05 2.24678e-05 1.63618e-05 1.19345e-05 8.71742e-06 6.37474e-06 4.66519e-06 3.41494e-06 2.49839e-06 1.82461e-06 1.32757e-06 9.59277e-07 6.84753e-07 4.78553e-07 3.22262e-07 2.38577e-07
0.0220171 0.00260741 0.00168825 0.00112474 0.000764694 0.000527422 0.000367546 0.000258114 0.00018236 0.000129479 9.23234e-05 6.60764e-05 4.74504e-05 3.41788e-05 2.46877e-05 1.78772e-05 1.29752e-05 9.43656e-06 6.87523e-06 5.01653e-06 3.66439e-06 2.67833e-06 1.95739e-06 1.42879e-06 1.03995e-06 7.52737e-07 5.39528e-07 3.80287e-07 2.60585e-07 1.90312e-07 1.40956e-07
0.015519 0.0017772 0.00112474 0.000733799 0.00048994 0.000332837 0.000229082 0.000159262 0.000111607 7.87231e-05 5.58337e-05 3.97876e-05 2.84711e-05 2.04486e-05 1.47349e-05 1.06489e-05 7.71601e-06 5.60358e-06 4.07731e-06 2.97128e-06 2.16752e-06 1.58175e-06 1.15358e-06 8.39585e-07 6.0845e-07 4.37559e-07 3.10587e-07 2.15822e-07 1.57995e-07 1.1538e-07 8.54884e-08
0.0112852 0.00123147 0.000764694 0.00048994 0.000321851 0.000215615 0.000146676 0.000100992 7.02163e-05 4.92098e-05 3.47191e-05 2.46355e-05 1.7567e-05 1.25807e-05 9.04392e-06 6.52303e-06 4.71843e-06 3.42153e-06 2.48613e-06 1.80921e-06 1.31775e-06 9.59798e-07 6.98209e-07 5.06345e-07 3.65065e-07 2.60605e-07 1.83127e-07 1.34154e-07 9.82175e-08 7.17223e-08 5.31542e-08
0.00839208 0.000862549 0.000527422 0.000332837 0.000215615 0.000142681 9.60471e-05 6.55539e-05 4.52474e-05 3.15222e-05 2.21316e-05 1.56411e-05 1.11168e-05 7.93985e-06 5.69489e-06 4.0997e-06 2.96063e-06 2.14368e-06 1.55539e-06 1.13018e-06 8.21738e-07 5.97202e-07 4.33154e-07 3.12852e-07 2.24317e-07 1.59011e-07 1.16468e-07 8.53349e-08 6.24797e-08 4.56231e-08 3.38163e-08
0.0063381 0.000608543 0.000367546 0.000229082 0.000146676 9.60471e-05 6.40695e-05 4.33929e-05 2.97594e-05 2.06225e-05 1.44159e-05 1.01518e-05 7.19405e-06 5.12561e-06 3.66884e-06 2.63654e-06 1.90104e-06 1.37447e-06 9.95818e-07 7.22419e-07 5.2425e-07 3.80068e-07 2.74781e-07 1.97645e-07 1.41027e-07 1.03232e-07 7.56273e-08 5.54172e-08 4.05759e-08 2.96273e-08 2.19606e-08
0.00483675 0.000431578 0.000258114 0.000159262 0.000100992 6.55539e-05 4.33929e-05 2.91963e-05 1.99129e-05 1.37361e-05 9.5658e-06 6.71538e-06 4.74662e-06 3.37463e-06 2.41113e-06 1.72996e-06 1.24556e-06 8.99282e-07 6.50572e-07 4.7116e-07 3.41212e-07 2.46735e-07 1.77826e-07 1.27478e-07 9.32296e-08 6.82576e-08 5.00112e-08 3.66485e-08 2.68334e-08 1.95919e-08 1.45209e-08
0.00371588 0.000307317 0.00018236 0.000111607 7.02163e-05 4.52474e-05 2.97594e-05 1.99129e-05 1.35182e-05 9.28889e-06 6.4481e-06 4.51474e-06 3.18414e-06 2.25959e-06 1.61187e-06 1.15485e-06 8.30352e-07 5.98679e-07 4.3245e-07 3.12642e-07 2.2594e-07 1.62987e-07 1.17191e-07 8.56066e-08 6.26183e-08 4.58511e-08 3.35962e-08 2.46194e-08 1.80251e-08 1.31598e-08 9.7522e-09
0.00286664 0.000219578 0.000129479 7.87231e-05 4.92098e-05 3.15222e-05 2.06225e-05 1.37361e-05 9.28889e-06 6.36217e-06 4.40464e-06 3.07712e-06 2.16617e-06 1.53475e-06 1.09327e-06 7.82258e-07 5.61727e-07 4.04447e-07 2.91702e-07 2.10519e-07 1.51848e-07 1.09353e-07 7.9767e-08 5.82771e-08 4.26317e-08 3.12176e-08 2.28738e-08 1.67613e-08 1.22708e-08 8.95806e-09 6.637e-09
0.00221679 0.000157362 9.23234e-05 5.58337e-05 3.47191e-05 2.21316e-05 1.44159e-05 9.5658e-06 6.4481e-06 4.40464e-06 3.0426e-06 2.12162e-06 1.49116e-06 1.05503e-06 7.50583e-07 5.36399e-07 3.84692e-07 2.76603e-07 1.99197e-07 1.43535e-07 1.034e-07 7.52945e-08 5.49287e-08 4.01329e-08 2.93593e-08 2.14983e-08 1.57514e-08 1.15412e-08 8.44838e-09 6.16704e-09 4.56794e-09
0.00171636 0.000113088 6.60764e-05 3.97876e-05 2.46355e-05 1.56411e-05 1.01518e-05 6.71538e-06 4.51474e-06 3.07712e-06 2.12162e-06 1.47706e-06 1.03671e-06 7.32576e-07 5.2056e-07 3.71571e-07 2.66148e-07 1.91112e-07 1.37448e-07 9.89406e-08 7.18984e-08 5.23583e-08 3.81972e-08 2.79081e-08 2.04154e-08 1.49481e-08 1.09511e-08 8.02304e-09 5.87233e-09 4.2862e-09 3.17387e-09
0.00132949 8.14811e-05 4.74504e-05 2.84711e-05 1.7567e-05 1.11168e-05 7.19405e-06 4.74662e-06 3.18414e-06 2.16617e-06 1.49116e-06 1.03671e-06 7.26733e-07 5.12937e-07 3.64067e-07 2.59561e-07 1.85692e-07 1.33182e-07 9.57041e-08 6.93765e-08 5.04154e-08 3.67133e-08 2.67825e-08 1.95669e-08 1.43123e-08 1.04783e-08 7.67553e-09 5.62247e-09 4.1147e-09 3.00301e-09 2.22299e-09
0.00102977 5.88515e-05 3.41788e-05 2.04486e-05 1.25807e-05 7.93985e-06 5.12561e-06 3.37463e-06 2.25959e-06 1.53475e-06 1.05503e-06 7.32576e-07 5.12937e-07 3.61625e-07 2.56377e-07 1.82572e-07 1.30471e-07 9.35076e-08 6.75896e-08 4.8995e-08 3.56025e-08 2.59244e-08 1.89103e-08 1.3814e-08 1.01031e-08 7.3956e-09 5.41656e-09 3.9671e-09 2.90282e-09 2.11833e-09 1.56759e-09
0.000797308 4.26042e-05 2.46877e-05 1.47349e-05 9.04392e-06 5.69489e-06 3.66884e-06 2.41113e-06 1.61187e-06 1.09327e-06 7.50583e-07 5.2056e-07 3.64067e-07 2.56377e-07 1.81554e-07 1.29154e-07 9.22332e-08 6.64449e-08 4.80256e-08 3.48106e-08 2.52928e-08 1.84151e-08 1.34309e-08 9.80989e-09 7.1735e-09 5.25024e-09 3.84463e-09 2.81533e-09 2.05973e-09 1.50292e-09 1.11181e-09
0.000616971 3.09084e-05 1.78772e-05 1.06489e-05 6.52303e-06 4.0997e-06 2.63654e-06 1.72996e-06 1.15485e-06 7.82258e-07 5.36399e-07 3.71571e-07 2.59561e-07 1.82572e-07 1.29154e-07 9.18155e-08 6.5886e-08 4.74612e-08 3.43011e-08 2.48596e-08 1.80601e-08 1.31471e-08 9.58719e-09 7.00126e-09 5.11878e-09 3.74572e-09 2.7424e-09 2.00784e-09 1.46872e-09 1.07157e-09 7.92449e-10
0.000477094 2.24678e-05 1.29752e-05 7.71601e-06 4.71843e-06 2.96063e-06 1.90104e-06 1.24556e-06 8.30352e-07 5.61727e-07 3.84692e-07 2.66148e-07 1.85692e-07 1.30471e-07 9.22332e-08 6.5886e-08 4.72758e-08 3.40516e-08 2.46064e-08 1.78307e-08 1.29515e-08 9.42662e-09 6.87285e-09 5.01811e-09 3.66815e-09 2.6837e-09 1.96447e-09 1.43802e-09 1.05173e-09 7.67254e-10 5.67215e-10
0.00036865 1.63618e-05 9.43656e-06 5.60358e-06 3.42153e-06 2.14368e-06 1.37447e-06 8.99282e-07 5.98679e-07 4.04447e-07 2.76603e-07 1.91112e-07 1.33182e-07 9.35076e-08 6.64449e-08 4.74612e-08 3.40516e-08 2.45232e-08 1.77181e-08 1.28369e-08 9.3225e-09 6.78396e-09 4.94513e-09 3.60989e-09 2.63824e-09 1.92981e-09 1.41235e-09 1.03366e-09 7.55876e-10 5.51365e-10 4.07482e-10
0.00028463 1.19345e-05 6.87523e-06 4.07731e-06 2.48613e-06 1.55539e-06 9.95818e-07 6.50572e-07 4.3245e-07 2.91702e-07 1.99197e-07 1.37448e-07 9.57041e-08 6.75896e-08 4.80256e-08 3.43011e-08 2.46064e-08 1.77181e-08 1.27991e-08 9.27129e-09 6.7317e-09 4.89763e-09 3.56936e-09 2.60506e-09 1.90348e-09 1.39206e-09 1.0186e-09 7.45351e-10 5.44959e-10 3.97472e-10 2.93658e-10
0.00021958 8.71742e-06 5.01653e-06 2.97128e-06 1.80921e-06 1.13018e-06 7.22419e-07 4.7116e-07 3.12642e-07 2.10519e-07 1.43535e-07 9.89406e-08 6.93765e-08 4.8995e-08 3.48106e-08 2.48596e-08 1.78307e-08 1.28369e-08 9.27129e-09 6.71446e-09 4.87421e-09 3.54547e-09 2.58336e-09 1.88504e-09 1.37709e-09 1.0069e-09 7.36622e-10 5.3892e-10 3.93967e-10 2.87316e-10 2.12209e-10
0.000169253 6.37474e-06 3.66439e-06 2.16752e-06 1.31775e-06 8.21738e-07 5.2425e-07 3.41212e-07 2.2594e-07 1.51848e-07 1.034e-07 7.18984e-08 5.04154e-08 3.56025e-08 2.52928e-08 1.80601e-08 1.29515e-08 9.3225e-09 6.7317e-09 4.87421e-09 3.53757e-09 2.57265e-09 1.87413e-09 1.36724e-09 9.98608e-10 7.30016e-10 5.3396e-10 3.90582e-10 2.85484e-10 2.0818e-10 1.53715e-10
0.000130343 4.66519e-06 2.67833e-06 1.58175e-06 9.59798e-07 5.97202e-07 3.80068e-07 2.46735e-07 1.62987e-07 1.09353e-07 7.52945e-08 5.23583e-08 3.67133e-08 2.59244e-08 1.84151e-08 1.31471e-08 9.42662e-09 6.78396e-09 4.89763e-09 3.54547e-09 2.57265e-09 1.87052e-09 1.36235e-09 9.93672e-10 7.25615e-10 5.30345e-10 3.87841e-10 2.8365e-10 2.07296e-10 1.51149e-10 1.11574e-10
0.000100279 3.41494e-06 1.95739e-06 1.15358e-06 6.98209e-07 4.33154e-07 2.74781e-07 1.77826e-07 1.17191e-07 7.9767e-08 5.49287e-08 3.81972e-08 2.67825e-08 1.89103e-08 1.34309e-08 9.58719e-09 6.87285e-09 4.94513e-09 3.56936e-09 2.58336e-09 1.87413e-09 1.36235e-09 9.92033e-10 7.2342e-10 5.28163e-10 3.85956e-10 2.82199e-10 2.06354e-10 1.50785e-10 1.09935e-10 8.11291e-11
7.70581e-05 2.49839e-06 1.42879e-06 8.39585e-07 5.06345e-07 3.12852e-07 1.97645e-07 1.27478e-07 8.56066e-08 5.82771e-08 4.01329e-08 2.79081e-08 1.95669e-08 1.3814e-08 9.80989e-09 7.00126e-09 5.01811e-09 3.60989e-09 2.60506e-09 1.88504e-09 1.36724e-09 9.93672e-10 7.2342e-10 5.27435e-10 3.85002e-10 2.81289e-10 2.05634e-10 1.50343e-10 1.09843e-10 8.00776e-11 5.90803e-11
5.91252e-05 1.82461e-06 1.03995e-06 6.0845e-07 3.65065e-07 2.24317e-07 1.41027e-07 9.32296e-08 6.26183e-08 4.26317e-08 2.93593e-08 2.04154e-08 1.43123e-08 1.01031e-08 7.1735e-09 5.11878e-09 3.66815e-09 2.63824e-09 1.90348e-09 1.37709e-09 9.98608e-10 7.25615e-10 5.28163e-10 3.85002e-10 2.80981e-10 2.05253e-10 1.50024e-10 1.09669e-10 8.01154e-11 5.84009e-11 4.30771e-11
4.52712e-05 1.32757e-06 7.52737e-07 4.37559e-07 2.60605e-07 1.59011e-07 1.03232e-07 6.82576e-08 4.58511e-08 3.12176e-08 2.14983e-08 1.49481e-08 1.04783e-08 7.3956e-09 5.25024e-09 3.74572e-09 2.6837e-09 1.92981e-09 1.39206e-09 1.0069e-09 7.30016e-10 5.30345e-10 3.85956e-10 2.81289e-10 2.05253e-10 1.4991e-10 1.09555e-10 8.0074e-11 5.84889e-11 4.26327e-11 3.14393e-11
3.45561e-05 9.59277e-07 5.39528e-07 3.10587e-07 1.83127e-07 1.16468e-07 7.56273e-08 5.00112e-08 3.35962e-08 2.28738e-08 1.57514e-08 1.09511e-08 7.67553e-09 5.41656e-09 3.84463e-09 2.7424e-09 1.96447e-09 1.41235e-09 1.0186e-09 7.36622e-10 5.3396e-10 3.87841e-10 2.82199e-10 2.05634e-10 1.50024e-10 1.09555e-10 8.00513e-11 5.85019e-11 4.2727e-11 3.11415e-11 2.29604e-11
2.62488e-05 6.84753e-07 3.80287e-07 2.15822e-07 1.34154e-07 8.53349e-08 5.54172e-08 3.66485e-08 2.46194e-08 1.67613e-08 1.15412e-08 8.02304e-09 5.62247e-09 3.9671e-09 2.81533e-09 2.00784e-09 1.43802e-09 1.03366e-09 7.45351e-10 5.3892e-10 3.90582e-10 2.8365e-10 2.06354e-10 1.50343e-10 1.09669e-10 8.0074e-11 5.85019e-11 4.27483e-11 3.12181e-11 2.27518e-11 1.67716e-11
1.97795e-05 4.78553e-07 2.60585e-07 1.57995e-07 9.82175e-08 6.24797e-08 4.05759e-08 2.68334e-08 1.80251e-08 1.22708e-08 8.44838e-09 5.87233e-09 4.1147e-09 2.90282e-09 2.05973e-09 1.46872e-09 1.05173e-09 7.55876e-10 5.44959e-10 3.93967e-10 2.85484e-10 2.07296e-10 1.50785e-10 1.09843e-10 8.01154e-11 5.84889e-11 4.2727e-11 3.12181e-11 2.27959e-11 1.66127e-11 1.22442e-11
1.47022e-05 3.22262e-07 1.90312e-07 1.1538e-07 7.17223e-08 4.56231e-08 2.96273e-08 1.95919e-08 1.31598e-08 8.95806e-09 6.16704e-09 4.2862e-09 3.00301e-09 2.11833e-09 1.50292e-09 1.07157e-09 7.67254e-10 5.51365e-10 3.97472e-10 2.87316e-10 2.0818e-10 1.51149e-10 1.09935e-10 8.00776e-11 5.84009e-11 4.26327e-11 3.11415e-11 2.27518e-11 1.66127e-11 1.21061e-11 8.92179e-12
1.12703e-05 2.38577e-07 1.40956e-07 8.54884e-08 5.31542e-08 3.38163e-08 2.19606e-08 1.45209e-08 9.7522e-09 6.637e-09 4.56794e-09 3.17387e-09 2.22299e-09 1.56759e-09 1.11181e-09 7.92449e-10 5.67215e-10 4.07482e-10 2.93658e-10 2.12209e-10 1.53715e-10 1.11574e-10 8.11291e-11 5.90803e-11 4.30771e-11 3.14393e-11 2.29604e-11 1.67716e-11 1.22442e-11 8.92179e-12 6.57328e-12
