0.658598 0.0311929 0.0217314 0.0151398 0.0105476 0.0073483 0.00511941 0.00356658 0.00248477 0.00173108 0.00120601 0.000840202 0.000585352 0.000407802 0.000284107 0.000197932 0.000137895 9.60685e-05 6.69289e-05 4.6628e-05 3.24848e-05 2.26315e-05 1.57669e-05 1.09844e-05 7.65263e-06 5.33143e-06 3.7143e-06 2.58767e-06 1.80278e-06 1.25596e-06 8.75e-07 6.09594e-07 4.24692e-07 2.95874e-07 2.06129e-07 1.43606e-07 1.00047e-07 6.97008e-08 4.85591e-08 3.38301e-08 2.35687e-08 1.64199e-08 1.14394e-08 7.96957e-09 5.55224e-09 3.86813e-09 2.69484e-09 1.87744e-09 1.30797e-09 9.11239e-10 6.34841e-10 4.42281e-10 3.08128e-10 2.14666e-10 1.49553e-10 1.04191e-10 7.25875e-11 5.05702e-11 3.52312e-11 2.45449e-11 1.70999e-11 1.19131e-11 8.29964e-12 5.78219e-12 4.02833e-12 2.80645e-12 1.9552e-12 1.36215e-12 9.48978e-13 6.61133e-13 4.60598e-13 3.20889e-13 2.23557e-13 1.55747e-13 1.08506e-13 7.55938e-14 5.26646e-14 3.66903e-14 2.55614e-14 1.78081e-14 1.24065e-14 8.64337e-15 6.02166e-15 4.19516e-15 2.92268e-15 2.03617e-15 1.41856e-15 9.88281e-16 6.88515e-16 4.79674e-16 3.34179e-16 2.32815e-16 1.62198e-16 1.13e-16 7.87246e-17 5.48458e-17 3.82099e-17 2.662e-17 1.85456e-17 1.29204e-17 9.00134e-18
0.0311929 0.00814992 0.00607417 0.00450784 0.00333286 0.00245594 0.00180436 0.0013221 0.000966392 0.000704833 0.000513035 0.000372743 0.000270357 0.000195789 0.000141583 0.000102247 7.37482e-05 5.31307e-05 3.82356e-05 2.74882e-05 1.97429e-05 1.41672e-05 1.01575e-05 7.27682e-06 5.20917e-06 3.72634e-06 2.6638e-06 1.903e-06 1.35866e-06 9.69452e-07 6.91353e-07 4.92768e-07 3.51046e-07 2.49962e-07 1.77902e-07 1.2656e-07 8.99959e-08 6.39693e-08 4.54516e-08 3.22821e-08 2.29201e-08 1.62674e-08 1.15418e-08 8.18623e-09 5.80443e-09 4.11436e-09 2.91553e-09 2.06543e-09 1.46279e-09 1.03572e-09 7.33138e-10 5.18828e-10 3.67075e-10 2.59648e-10 1.83619e-10 1.29824e-10 9.1769e-11 6.48558e-11 4.58262e-11 3.23737e-11 2.28659e-11 1.61475e-11 1.1401e-11 8.04825e-12 5.68051e-12 4.00867e-12 2.82841e-12 1.99534e-12 1.40742e-12 9.92573e-13 6.99905e-13 4.93461e-13 3.47861e-13 2.45187e-13 1.72796e-13 1.21762e-13 8.57892e-14 6.04367e-14 4.25711e-14 2.99832e-14 2.11149e-14 1.48679e-14 1.0468e-14 7.36933e-15 5.18736e-15 3.65105e-15 2.56948e-15 1.80813e-15 1.27224e-15 8.95091e-16 6.29685e-16 4.42934e-16 3.11541e-16 2.19105e-16 1.54081e-16 1.08345e-16 7.61788e-17 5.35576e-17 3.76507e-17 2.64661e-17 1.86025e-17
0.0217314 0.00607417 0.00461138 0.00348217 0.00261723 0.00195907 0.00146108 0.00108614 0.000805058 0.000595138 0.000438897 0.000322962 0.000237173 0.00017385 0.000127214 9.29409e-05 6.78009e-05 4.9393e-05 3.59364e-05 2.61143e-05 1.89552e-05 1.3744e-05 9.95549e-06 7.20439e-06 5.20882e-06 3.76279e-06 2.71599e-06 1.95889e-06 1.4118e-06 1.01679e-06 7.31808e-07 5.26364e-07 3.78363e-07 2.71816e-07 1.95163e-07 1.40051e-07 1.00449e-07 7.20099e-08 5.15974e-08 3.69541e-08 2.64547e-08 1.89303e-08 1.35403e-08 9.68114e-09 6.91919e-09 4.94334e-09 3.53043e-09 2.52047e-09 1.79882e-09 1.28336e-09 9.15315e-10 6.52614e-10 4.65169e-10 3.31464e-10 2.36123e-10 1.68158e-10 1.19724e-10 8.52176e-11 6.06409e-11 4.31413e-11 3.06842e-11 2.18189e-11 1.55114e-11 1.10247e-11 7.83414e-12 5.56571e-12 3.95328e-12 2.80741e-12 1.99327e-12 1.41495e-12 1.00423e-12 7.12593e-13 5.05558e-13 3.5861e-13 2.5433e-13 1.80342e-13 1.27857e-13 9.0631e-14 6.42333e-14 4.55171e-14 3.22494e-14 2.28455e-14 1.61814e-14 1.14595e-14 8.11438e-15 5.74489e-15 4.06675e-15 2.87842e-15 2.03706e-15 1.44143e-15 1.01983e-15 7.21454e-16 5.1031e-16 3.60916e-16 2.55227e-16 1.80465e-16 1.27588e-16 9.01942e-17 6.37525e-17 4.50575e-17 3.18412e-17
0.0151398 0.00450784 0.00348217 0.00267231 0.00203924 0.00154848 0.00117074 0.000881728 0.000661775 0.000495149 0.000369434 0.00027493 0.000204122 0.000151223 0.00011181 8.2517e-05 6.07942e-05 4.47185e-05 3.28446e-05 2.40898e-05 1.76455e-05 1.29091e-05 9.43308e-06 6.88544e-06 5.02061e-06 3.65723e-06 2.66158e-06 1.93525e-06 1.40594e-06 1.02057e-06 7.4025e-07 5.36529e-07 3.88596e-07 2.8126e-07 2.03438e-07 1.47056e-07 1.06236e-07 7.67021e-08 5.53476e-08 3.99168e-08 2.8773e-08 2.07299e-08 1.49278e-08 1.07446e-08 7.73014e-09 5.55894e-09 3.99587e-09 2.87112e-09 2.06213e-09 1.48051e-09 1.06253e-09 7.62274e-10 5.46671e-10 3.91913e-10 2.80871e-10 2.01224e-10 1.44117e-10 1.03184e-10 7.38547e-11 5.28463e-11 3.78029e-11 2.70342e-11 1.93277e-11 1.38144e-11 9.87114e-12 7.05167e-12 5.03625e-12 3.59596e-12 2.56696e-12 1.83198e-12 1.30714e-12 9.32452e-13 6.65019e-13 4.74185e-13 3.38042e-13 2.40936e-13 1.7169e-13 1.22322e-13 8.71315e-14 6.20532e-14 4.41846e-14 3.14556e-14 2.23896e-14 1.59337e-14 1.13374e-14 8.06555e-15 5.73696e-15 4.07998e-15 2.9011e-15 2.06252e-15 1.46611e-15 1.042e-15 7.40461e-16 5.26105e-16 3.73748e-16 2.65474e-16 1.8854e-16 1.33883e-16 9.50575e-17 6.74821e-17 4.78997e-17
0.0105476 0.00333286 0.00261723 0.00203924 0.0015783 0.00121451 0.000929847 0.00070873 0.000538047 0.000407013 0.000306899 0.000230733 0.000173006 0.000129404 9.65723e-05 7.19199e-05 5.34569e-05 3.96619e-05 2.93773e-05 2.17252e-05 1.60425e-05 1.18297e-05 8.71176e-06 6.40763e-06 4.70737e-06 3.45441e-06 2.53226e-06 1.85441e-06 1.35671e-06 9.9167e-07 7.24215e-07 5.28449e-07 3.85292e-07 2.807e-07 2.04349e-07 1.48661e-07 1.08074e-07 7.85164e-08 5.70065e-08 4.1364e-08 2.9996e-08 2.17399e-08 1.57475e-08 1.14008e-08 8.24958e-09 5.96641e-09 4.31304e-09 3.11637e-09 2.2507e-09 1.62477e-09 1.17242e-09 8.45647e-10 6.09704e-10 4.39418e-10 3.1657e-10 2.27981e-10 1.64122e-10 1.18109e-10 8.49664e-11 6.11033e-11 4.39277e-11 3.15698e-11 2.26814e-11 1.62904e-11 1.16968e-11 8.39598e-12 6.02493e-12 4.32226e-12 3.09992e-12 2.22266e-12 1.59324e-12 1.14177e-12 8.18019e-13 5.85926e-13 4.19582e-13 3.00391e-13 2.15009e-13 1.53861e-13 1.10078e-13 7.87369e-14 5.6307e-14 4.02582e-14 2.87777e-14 2.05669e-14 1.46959e-14 1.04987e-14 7.49881e-15 5.35508e-15 3.82348e-15 2.72943e-15 1.94808e-15 1.39016e-15 9.9185e-16 7.07543e-16 5.04645e-16 3.59872e-16 2.56589e-16 1.82919e-16 1.30379e-16 9.29164e-17 6.62078e-17
0.0073483 0.00245594 0.00195907 0.00154848 0.00121451 0.000946247 0.00073299 0.000564917 0.000433426 0.000331205 0.000252176 0.000191374 0.000144799 0.000109259 8.22344e-05 6.17506e-05 4.62692e-05 3.45996e-05 2.58249e-05 1.92418e-05 1.43132e-05 1.06306e-05 7.88405e-06 5.83904e-06 4.31885e-06 3.1905e-06 2.35418e-06 1.73514e-06 1.27753e-06 9.39644e-07 6.90456e-07 5.06881e-07 3.71783e-07 2.7246e-07 1.99508e-07 1.45975e-07 1.06725e-07 7.79719e-08 5.69252e-08 4.15315e-08 3.02808e-08 2.20639e-08 1.60669e-08 1.1693e-08 8.50491e-09 6.18264e-09 4.49205e-09 3.26204e-09 2.36764e-09 1.71762e-09 1.24547e-09 9.02684e-10 6.53949e-10 4.73545e-10 3.42762e-10 2.47996e-10 1.79357e-10 1.29665e-10 9.37041e-11 6.76911e-11 4.88816e-11 3.52861e-11 2.5463e-11 1.83682e-11 1.32459e-11 9.54886e-12 6.88152e-12 4.95771e-12 3.57063e-12 2.57087e-12 1.85049e-12 1.33159e-12 9.57923e-13 6.88924e-13 4.95331e-13 3.56045e-13 2.55859e-13 1.83818e-13 1.32028e-13 9.48061e-14 6.80618e-14 4.88504e-14 3.50535e-14 2.51476e-14 1.8037e-14 1.29341e-14 9.27292e-15 6.64666e-15 4.76321e-15 3.41277e-15 2.44471e-15 1.7509e-15 1.25375e-15 8.97585e-16 6.42479e-16 4.59793e-16 3.28992e-16 2.35359e-16 1.68345e-16 1.2039e-16 8.60814e-17
0.00511941 0.00180436 0.00146108 0.00117074 0.000929847 0.00073299 0.000574067 0.000447054 0.0003464 0.000267211 0.0002053 0.000157162 0.000119915 9.12205e-05 6.92005e-05 5.23622e-05 3.95275e-05 2.97734e-05 2.23804e-05 1.6791e-05 1.25749e-05 9.40157e-06 7.01788e-06 5.23069e-06 3.8931e-06 2.89366e-06 2.14805e-06 1.59262e-06 1.17944e-06 8.72492e-07 6.44743e-07 4.75963e-07 3.51026e-07 2.58644e-07 1.90405e-07 1.4005e-07 1.02927e-07 7.5584e-08 5.54625e-08 4.06676e-08 2.97981e-08 2.18187e-08 1.59654e-08 1.16749e-08 8.53209e-09 6.23154e-09 4.54864e-09 3.31834e-09 2.41947e-09 1.76314e-09 1.28419e-09 9.34872e-10 6.80238e-10 4.94723e-10 3.59634e-10 2.61314e-10 1.89789e-10 1.37783e-10 9.9985e-11 7.25265e-11 5.25878e-11 3.81157e-11 2.76157e-11 2.00008e-11 1.44804e-11 1.04799e-11 7.58201e-12 5.48356e-12 3.96457e-12 2.86542e-12 2.07034e-12 1.4954e-12 1.0798e-12 7.79461e-13 5.62496e-13 4.05807e-13 2.92682e-13 2.11033e-13 1.52121e-13 1.09625e-13 7.89799e-14 5.68868e-14 4.09634e-14 2.94899e-14 2.12248e-14 1.52725e-14 1.09869e-14 7.902e-15 5.68199e-15 4.08477e-15 2.93588e-15 2.10967e-15 1.51565e-15 1.08866e-15 7.81796e-16 5.61317e-16 4.02935e-16 2.89186e-16 2.07508e-16 1.4887e-16 1.06783e-16
0.00356658 0.0013221 0.00108614 0.000881728 0.00070873 0.000564917 0.000447054 0.000351569 0.000274957 0.000213989 0.00016581 0.000127972 9.84139e-05 7.54356e-05 5.76489e-05 4.39343e-05 3.33968e-05 2.53264e-05 1.91637e-05 1.44706e-05 1.09057e-05 8.20401e-06 6.16105e-06 4.61934e-06 3.45812e-06 2.58505e-06 1.92974e-06 1.43866e-06 1.07122e-06 7.9667e-07 5.91813e-07 4.39155e-07 3.25535e-07 2.41071e-07 1.7835e-07 1.31826e-07 9.7352e-08 7.18318e-08 5.29579e-08 3.90122e-08 2.87169e-08 2.11228e-08 1.55258e-08 1.1404e-08 8.37084e-09 6.14042e-09 4.50146e-09 3.29794e-09 2.41477e-09 1.76708e-09 1.2924e-09 9.44709e-10 6.90193e-10 5.03987e-10 3.67832e-10 2.68329e-10 1.9565e-10 1.4259e-10 1.03873e-10 7.56353e-11 5.50502e-11 4.00507e-11 2.91261e-11 2.11729e-11 1.53854e-11 1.11756e-11 8.11461e-12 5.88987e-12 4.27354e-12 3.09968e-12 2.24748e-12 1.62903e-12 1.18037e-12 8.55001e-13 6.19122e-13 4.48179e-13 3.24335e-13 2.34642e-13 1.69703e-13 1.22701e-13 8.86918e-14 6.40911e-14 4.63014e-14 3.34405e-14 2.41456e-14 1.74297e-14 1.25786e-14 9.07537e-15 6.54621e-15 4.72075e-15 3.40352e-15 2.45326e-15 1.7679e-15 1.27372e-15 9.17476e-16 6.60723e-16 4.75718e-16 3.42442e-16 2.46453e-16 1.77334e-16 1.27573e-16
0.00248477 0.000966392 0.000805058 0.000661775 0.000538047 0.000433426 0.0003464 0.000274957 0.000216942 0.00017026 0.00013299 0.000103435 8.01372e-05 6.18683e-05 4.761e-05 3.65288e-05 2.79498e-05 2.13312e-05 1.62413e-05 1.23385e-05 9.35406e-06 7.0777e-06 5.34548e-06 4.03022e-06 3.0336e-06 2.27989e-06 1.71092e-06 1.28214e-06 9.59543e-07 7.17198e-07 5.35409e-07 3.99234e-07 2.97362e-07 2.21248e-07 1.64448e-07 1.2211e-07 9.05857e-08 6.71387e-08 4.9717e-08 3.67849e-08 2.71943e-08 2.00883e-08 1.48278e-08 1.09367e-08 8.061e-09 5.93729e-09 4.37015e-09 3.21455e-09 2.36303e-09 1.73601e-09 1.2746e-09 9.35287e-10 6.85915e-10 5.02755e-10 3.68307e-10 2.69673e-10 1.97353e-10 1.44356e-10 1.0554e-10 7.71244e-11 5.63337e-11 4.11292e-11 3.00152e-11 2.1895e-11 1.59649e-11 1.16362e-11 8.47777e-12 6.17421e-12 4.49484e-12 3.27102e-12 2.37954e-12 1.7304e-12 1.2579e-12 9.14103e-13 6.64044e-13 4.8223e-13 3.50082e-13 2.54065e-13 1.84325e-13 1.33688e-13 9.69316e-14 7.02604e-14 5.0913e-14 3.68827e-14 2.67112e-14 1.93395e-14 1.39984e-14 1.01296e-14 7.32817e-15 5.30012e-15 3.83235e-15 2.77035e-15 2.00216e-15 1.44663e-15 1.04499e-15 7.5468e-16 5.44897e-16 3.9334e-16 2.83872e-16 2.04825e-16 1.47757e-16
0.00173108 0.000704833 0.000595138 0.000495149 0.000407013 0.000331205 0.000267211 0.000213989 0.00017026 0.000134694 0.000106015 8.30609e-05 6.48075e-05 5.03749e-05 3.90215e-05 3.01312e-05 2.31982e-05 1.7812e-05 1.36419e-05 1.04234e-05 7.94668e-06 6.04591e-06 4.59082e-06 3.47952e-06 2.63264e-06 1.98861e-06 1.49978e-06 1.12943e-06 8.49327e-07 6.37831e-07 4.78383e-07 3.58352e-07 2.68122e-07 2.00383e-07 1.49596e-07 1.11564e-07 8.31175e-08 6.18644e-08 4.60029e-08 3.41774e-08 2.53697e-08 1.88161e-08 1.39441e-08 1.03255e-08 7.64016e-09 5.64904e-09 4.17386e-09 3.08177e-09 2.2739e-09 1.67671e-09 1.23558e-09 9.09951e-10 6.69736e-10 4.92647e-10 3.62178e-10 2.66114e-10 1.95425e-10 1.43438e-10 1.05227e-10 7.71562e-11 5.65463e-11 4.14219e-11 3.03287e-11 2.21963e-11 1.62373e-11 1.18729e-11 8.67798e-12 6.34013e-12 4.63021e-12 3.38011e-12 2.46656e-12 1.79922e-12 1.31195e-12 9.56288e-13 6.96794e-13 5.07536e-13 3.69555e-13 2.68995e-13 1.95733e-13 1.42378e-13 1.03533e-13 7.52631e-14 5.46952e-14 3.9736e-14 2.88595e-14 2.0954e-14 1.52096e-14 1.10369e-14 8.00673e-15 5.80689e-15 4.21031e-15 3.0519e-15 2.21163e-15 1.6023e-15 1.16055e-15 8.40379e-16 6.08388e-16 4.40333e-16 3.18624e-16 2.30502e-16 1.66713e-16
0.00120601 0.000513035 0.000438897 0.000369434 0.000306899 0.000252176 0.0002053 0.00016581 0.00013299 0.000106015 8.4053e-05 6.6316e-05 5.20916e-05 4.07546e-05 3.17683e-05 2.46802e-05 1.91142e-05 1.47609e-05 1.13687e-05 8.73415e-06 6.69449e-06 5.11992e-06 3.90762e-06 2.97658e-06 2.26321e-06 1.71782e-06 1.3017e-06 9.84836e-07 7.43991e-07 5.61246e-07 4.22812e-07 3.1811e-07 2.39038e-07 1.79406e-07 1.34496e-07 1.00717e-07 7.53423e-08 5.6303e-08 4.20337e-08 3.13511e-08 2.3362e-08 1.73934e-08 1.29386e-08 9.61686e-09 7.14219e-09 5.3002e-09 3.93032e-09 2.91237e-09 2.15655e-09 1.59578e-09 1.18004e-09 8.72045e-10 6.44032e-10 4.75345e-10 3.50632e-10 2.58488e-10 1.90451e-10 1.40245e-10 1.03218e-10 7.59266e-11 5.58226e-11 4.10212e-11 3.01296e-11 2.21193e-11 1.6231e-11 1.19048e-11 8.72774e-12 6.39576e-12 4.68486e-12 3.43019e-12 2.51051e-12 1.83666e-12 1.34316e-12 9.81873e-13 7.17496e-13 5.2411e-13 3.82707e-13 2.79354e-13 2.03841e-13 1.48689e-13 1.08422e-13 7.90338e-14 5.75926e-14 4.19547e-14 3.05533e-14 2.22434e-14 1.61887e-14 1.17786e-14 8.56732e-15 6.22978e-15 4.52873e-15 3.29123e-15 2.39122e-15 1.73686e-15 1.26123e-15 9.15604e-16 6.64522e-16 4.82171e-16 3.4977e-16 2.53663e-16 1.83919e-16
0.000840202 0.000372743 0.000322962 0.00027493 0.000230733 0.000191374 0.000157162 0.000127972 0.000103435 8.30609e-05 6.6316e-05 5.26736e-05 4.1643e-05 3.27832e-05 2.57088e-05 2.00895e-05 1.56471e-05 1.21502e-05 9.40821e-06 7.26592e-06 5.59767e-06 4.30252e-06 3.29987e-06 2.52571e-06 1.92944e-06 1.47124e-06 1.11991e-06 8.51076e-07 6.45761e-07 4.89243e-07 3.70133e-07 2.79639e-07 2.10994e-07 1.59001e-07 1.19676e-07 8.99727e-08 6.75668e-08 5.06864e-08 3.79842e-08 2.84369e-08 2.12689e-08 1.5893e-08 1.18653e-08 8.85062e-09 6.59638e-09 4.91229e-09 3.65529e-09 2.71786e-09 2.01934e-09 1.49927e-09 1.11236e-09 8.24742e-10 6.11086e-10 4.52488e-10 3.34841e-10 2.47631e-10 1.83027e-10 1.35198e-10 9.98118e-11 7.36467e-11 5.43113e-11 4.00312e-11 2.94906e-11 2.17146e-11 1.59811e-11 1.17558e-11 8.64356e-12 6.35235e-12 4.66639e-12 3.42639e-12 2.51481e-12 1.84497e-12 1.35299e-12 9.91797e-13 7.2674e-13 5.32311e-13 3.8975e-13 2.85262e-13 2.08709e-13 1.52644e-13 1.11601e-13 8.15647e-14 5.95921e-14 4.3524e-14 3.17779e-14 2.31943e-14 1.69238e-14 1.23446e-14 9.0017e-15 6.56204e-15 4.78216e-15 3.48403e-15 2.53754e-15 1.84766e-15 1.34496e-15 9.78756e-16 7.12071e-16 5.17912e-16 3.76595e-16 2.73766e-16 1.98964e-16
0.000585352 0.000270357 0.000237173 0.000204122 0.000173006 0.000144799 0.000119915 9.84139e-05 8.01372e-05 6.48075e-05 5.20916e-05 4.1643e-05 3.31271e-05 2.62355e-05 2.06932e-05 1.6261e-05 1.27343e-05 9.94076e-06 7.73716e-06 6.00548e-06 4.64938e-06 3.59083e-06 2.76699e-06 2.1276e-06 1.63266e-06 1.25046e-06 9.55998e-07 7.29616e-07 5.55929e-07 4.22926e-07 3.21264e-07 2.43691e-07 1.84596e-07 1.39649e-07 1.05513e-07 7.96252e-08 6.00194e-08 4.51905e-08 3.39887e-08 2.55371e-08 1.91679e-08 1.43733e-08 1.07679e-08 8.05962e-09 6.02722e-09 4.50351e-09 3.36223e-09 2.50817e-09 1.86961e-09 1.39257e-09 1.0365e-09 7.70919e-10 5.72994e-10 4.25597e-10 3.1591e-10 2.34343e-10 1.73728e-10 1.28713e-10 9.53063e-11 7.05292e-11 5.21642e-11 3.856e-11 2.84884e-11 2.10364e-11 1.55257e-11 1.14529e-11 8.44433e-12 6.2231e-12 4.584e-12 3.37507e-12 2.48384e-12 1.82715e-12 1.3435e-12 9.87453e-13 7.25462e-13 5.32766e-13 3.91097e-13 2.86987e-13 2.1051e-13 1.54354e-13 1.13137e-13 8.28956e-14 6.0716e-14 4.44552e-14 3.25381e-14 2.38075e-14 1.74137e-14 1.27329e-14 9.30724e-15 6.80108e-15 4.96821e-15 3.62817e-15 2.64877e-15 1.93318e-15 1.4105e-15 1.02884e-15 7.50243e-16 5.46932e-16 3.98607e-16 2.90428e-16 2.11552e-16
0.000407802 0.000195789 0.00017385 0.000151223 0.000129404 0.000109259 9.12205e-05 7.54356e-05 6.18683e-05 5.03749e-05 4.07546e-05 3.27832e-05 2.62355e-05 2.08976e-05 1.65751e-05 1.30954e-05 1.03091e-05 8.08874e-06 6.327e-06 4.93476e-06 3.83854e-06 2.97832e-06 2.3054e-06 1.78055e-06 1.37228e-06 1.05552e-06 8.10345e-07 6.21e-07 4.75083e-07 3.62861e-07 2.76716e-07 2.10709e-07 1.60219e-07 1.21661e-07 9.22612e-08 6.98782e-08 5.28615e-08 3.99422e-08 3.01465e-08 2.27286e-08 1.71181e-08 1.28796e-08 9.68107e-09 7.27004e-09 5.45448e-09 4.08871e-09 3.0623e-09 2.29165e-09 1.71356e-09 1.28029e-09 9.55848e-10 7.13096e-10 5.31611e-10 3.96038e-10 2.94837e-10 2.19352e-10 1.63086e-10 1.21177e-10 8.99822e-11 6.67778e-11 4.95282e-11 3.67134e-11 2.71991e-11 2.01394e-11 1.49042e-11 1.10241e-11 8.14994e-12 6.02212e-12 4.44767e-12 3.28328e-12 2.42258e-12 1.7867e-12 1.31713e-12 9.70537e-13 7.1484e-13 5.26286e-13 3.87306e-13 2.84911e-13 2.09503e-13 1.53993e-13 1.13147e-13 8.31038e-14 6.10151e-14 4.47811e-14 3.28546e-14 2.4096e-14 1.76661e-14 1.29476e-14 9.48622e-15 6.94789e-15 5.08712e-15 3.7235e-15 2.72455e-15 1.99298e-15 1.4574e-15 1.06543e-15 7.78653e-16 5.689e-16 4.1553e-16 3.03422e-16 2.21499e-16
0.000284107 0.000141583 0.000127214 0.00011181 9.65723e-05 8.22344e-05 6.92005e-05 5.76489e-05 4.761e-05 3.90215e-05 3.17683e-05 2.57088e-05 2.06932e-05 1.65751e-05 1.32176e-05 1.04974e-05 8.30585e-06 6.54908e-06 5.1473e-06 4.03345e-06 3.1518e-06 2.45642e-06 1.90974e-06 1.48128e-06 1.14643e-06 8.85434e-07 6.82513e-07 5.25115e-07 4.03297e-07 3.09215e-07 2.36697e-07 1.80907e-07 1.38062e-07 1.05215e-07 8.00735e-08 6.08603e-08 4.61992e-08 3.50275e-08 2.65264e-08 2.0066e-08 1.51626e-08 1.14454e-08 8.63073e-09 6.5019e-09 4.89353e-09 3.67964e-09 2.76441e-09 2.07503e-09 1.55627e-09 1.16625e-09 8.7328e-10 6.53406e-10 4.88527e-10 3.64988e-10 2.72497e-10 2.03303e-10 1.51578e-10 1.12939e-10 8.40956e-11 6.25796e-11 4.65402e-11 3.45912e-11 2.56951e-11 1.90761e-11 1.41543e-11 1.04967e-11 7.78012e-12 5.7636e-12 4.26758e-12 3.1583e-12 2.33622e-12 1.7273e-12 1.27649e-12 9.4291e-13 6.96189e-13 5.13798e-13 3.79028e-13 2.79489e-13 2.06005e-13 1.5178e-13 1.11783e-13 8.22942e-14 6.0561e-14 4.45504e-14 3.27603e-14 2.40816e-14 1.76957e-14 1.29985e-14 9.54486e-15 7.00643e-15 5.14135e-15 3.77149e-15 2.76572e-15 2.02751e-15 1.48587e-15 1.08859e-15 7.97282e-16 5.83754e-16 4.27286e-16 3.12666e-16 2.28727e-16
0.000197932 0.000102247 9.29409e-05 8.2517e-05 7.19199e-05 6.17506e-05 5.23622e-05 4.39343e-05 3.65288e-05 3.01312e-05 2.46802e-05 2.00895e-05 1.6261e-05 1.30954e-05 1.04974e-05 8.37927e-06 6.66249e-06 5.2784e-06 4.1679e-06 3.28081e-06 2.57502e-06 2.01558e-06 1.57364e-06 1.22565e-06 9.52439e-07 7.38541e-07 5.71512e-07 4.41402e-07 3.40285e-07 2.61872e-07 2.0119e-07 1.54322e-07 1.18191e-07 9.03861e-08 6.90252e-08 5.26412e-08 4.0094e-08 3.04992e-08 2.31726e-08 1.75855e-08 1.33305e-08 1.00942e-08 7.63551e-09 5.76986e-09 4.35579e-09 3.28516e-09 2.4754e-09 1.86357e-09 1.40175e-09 1.05349e-09 7.91106e-10 5.93599e-10 4.45058e-10 3.33436e-10 2.49626e-10 1.86749e-10 1.39613e-10 1.04303e-10 7.7872e-11 5.81013e-11 4.33229e-11 3.22835e-11 2.40428e-11 1.78951e-11 1.33117e-11 9.89664e-12 7.35369e-12 5.46122e-12 4.05364e-12 3.00731e-12 2.22993e-12 1.65269e-12 1.22428e-12 9.06492e-13 6.70881e-13 4.96283e-13 3.6696e-13 2.71218e-13 2.00369e-13 1.47965e-13 1.09221e-13 8.05895e-14 5.94397e-14 4.38231e-14 3.2297e-14 2.37934e-14 1.75222e-14 1.28992e-14 9.49246e-15 6.98298e-15 5.13513e-15 3.77496e-15 2.77413e-15 2.03797e-15 1.49667e-15 1.09879e-15 8.06423e-16 5.91666e-16 4.33967e-16 3.18204e-16 2.33251e-16
0.000137895 7.37482e-05 6.78009e-05 6.07942e-05 5.34569e-05 4.62692e-05 3.95275e-05 3.33968e-05 2.79498e-05 2.31982e-05 1.91142e-05 1.56471e-05 1.27343e-05 1.03091e-05 8.30585e-06 6.66249e-06 5.32271e-06 4.2365e-06 3.3603e-06 2.65673e-06 2.09416e-06 1.64606e-06 1.29042e-06 1.0091e-06 7.87253e-07 6.12811e-07 4.76017e-07 3.69017e-07 2.85524e-07 2.20521e-07 1.70022e-07 1.3087e-07 1.00574e-07 7.71741e-08 5.91324e-08 4.52451e-08 3.45727e-08 2.63835e-08 2.0109e-08 1.53083e-08 1.16402e-08 8.84109e-09 6.70782e-09 5.08396e-09 3.84931e-09 2.91164e-09 2.20028e-09 1.66119e-09 1.25306e-09 9.44375e-10 7.11133e-10 5.35058e-10 4.02257e-10 3.02182e-10 2.26833e-10 1.70146e-10 1.27534e-10 9.55272e-11 7.15041e-11 5.34866e-11 3.99831e-11 2.98698e-11 2.23007e-11 1.66396e-11 1.24082e-11 9.24745e-12 6.88795e-12 5.12763e-12 3.81512e-12 2.83706e-12 2.10864e-12 1.56645e-12 1.16309e-12 8.63167e-13 6.40279e-13 4.74722e-13 3.51811e-13 2.60605e-13 1.92958e-13 1.42808e-13 1.05647e-13 7.81227e-14 5.77456e-14 4.26663e-14 3.1512e-14 2.32647e-14 1.71693e-14 1.26661e-14 9.3405e-15 6.88555e-15 5.074e-15 3.73773e-15 2.75242e-15 2.02615e-15 1.49101e-15 1.09685e-15 8.06619e-16 5.92995e-16 4.35808e-16 3.20186e-16 2.35167e-16
9.60685e-05 5.31307e-05 4.9393e-05 4.47185e-05 3.96619e-05 3.45996e-05 2.97734e-05 2.53264e-05 2.13312e-05 1.7812e-05 1.47609e-05 1.21502e-05 9.94076e-06 8.08874e-06 6.54908e-06 5.2784e-06 4.2365e-06 3.38715e-06 2.69839e-06 2.14253e-06 1.69589e-06 1.33845e-06 1.05346e-06 8.27014e-07 6.47668e-07 5.06049e-07 3.94535e-07 3.06958e-07 2.38351e-07 1.84732e-07 1.42919e-07 1.10381e-07 8.5111e-08 6.55237e-08 5.03684e-08 3.86626e-08 2.96361e-08 2.26866e-08 1.73445e-08 1.32438e-08 1.01006e-08 7.69446e-09 5.85497e-09 4.45043e-09 3.37928e-09 2.56335e-09 1.94252e-09 1.47065e-09 1.11237e-09 8.40628e-10 6.34714e-10 4.78834e-10 3.60939e-10 2.71853e-10 2.04595e-10 1.5386e-10 1.15621e-10 8.68225e-11 6.51512e-11 4.88556e-11 3.66113e-11 2.74177e-11 2.05196e-11 1.53474e-11 1.14719e-11 8.56994e-12 6.39831e-12 4.77425e-12 3.56042e-12 2.65375e-12 1.9769e-12 1.47191e-12 1.09536e-12 8.14721e-13 6.05686e-13 4.50066e-13 3.3427e-13 2.48151e-13 1.84134e-13 1.36571e-13 1.01249e-13 7.50297e-14 5.55766e-14 4.11498e-14 3.04555e-14 2.25314e-14 1.66624e-14 1.23173e-14 9.10185e-15 6.72323e-15 4.96438e-15 3.66432e-15 2.70374e-15 1.99426e-15 1.47045e-15 1.08384e-15 7.98612e-16 5.88249e-16 4.33156e-16 3.1885e-16 2.34634e-16
6.69289e-05 3.82356e-05 3.59364e-05 3.28446e-05 2.93773e-05 2.58249e-05 2.23804e-05 1.91637e-05 1.62413e-05 1.36419e-05 1.13687e-05 9.40821e-06 7.73716e-06 6.327e-06 5.1473e-06 4.1679e-06 3.3603e-06 2.69839e-06 2.15886e-06 1.72128e-06 1.36799e-06 1.08394e-06 8.56456e-07 6.74914e-07 5.30521e-07 4.16031e-07 3.25517e-07 2.54153e-07 1.98031e-07 1.54005e-07 1.19545e-07 9.26331e-08 7.16584e-08 5.53436e-08 4.26771e-08 3.28607e-08 2.5266e-08 1.93999e-08 1.48761e-08 1.13926e-08 8.71403e-09 6.65734e-09 5.08022e-09 3.87241e-09 2.94858e-09 2.2428e-09 1.70424e-09 1.29373e-09 9.81172e-10 7.43438e-10 5.62801e-10 4.25683e-10 3.21699e-10 2.42915e-10 1.83278e-10 1.38174e-10 1.0409e-10 7.83559e-11 5.89411e-11 4.43055e-11 3.32811e-11 2.4983e-11 1.87415e-11 1.40503e-11 1.05268e-11 7.88198e-12 5.89814e-12 4.41102e-12 3.29695e-12 2.46287e-12 1.83878e-12 1.3721e-12 1.02331e-12 7.62792e-13 5.68306e-13 4.23197e-13 3.14984e-13 2.34329e-13 1.74245e-13 1.29506e-13 9.62111e-14 7.14439e-14 5.30292e-14 3.93439e-14 2.9178e-14 2.16299e-14 1.60278e-14 1.18719e-14 8.79007e-15 6.50574e-15 4.81321e-15 3.55967e-15 2.63162e-15 1.94481e-15 1.43674e-15 1.06102e-15 7.8328e-16 5.78046e-16 4.26443e-16 3.14496e-16 2.3186e-16
4.6628e-05 2.74882e-05 2.61143e-05 2.40898e-05 2.17252e-05 1.92418e-05 1.6791e-05 1.44706e-05 1.23385e-05 1.04234e-05 8.73415e-06 7.26592e-06 6.00548e-06 4.93476e-06 4.03345e-06 3.28081e-06 2.65673e-06 2.14253e-06 1.72128e-06 1.37796e-06 1.09947e-06 8.74548e-07 6.9362e-07 5.48619e-07 4.32811e-07 3.40617e-07 2.67441e-07 2.09525e-07 1.63809e-07 1.27813e-07 9.95382e-08 7.73778e-08 6.00468e-08 4.65202e-08 3.59833e-08 2.77905e-08 2.14316e-08 1.65043e-08 1.26925e-08 9.74829e-09 7.47754e-09 5.72873e-09 4.38373e-09 3.35068e-09 2.55824e-09 1.95112e-09 1.48653e-09 1.13143e-09 8.60316e-10 6.53544e-10 4.96011e-10 3.76113e-10 2.84949e-10 2.15698e-10 1.63143e-10 1.23293e-10 9.31046e-11 7.02539e-11 5.2972e-11 3.99123e-11 3.0051e-11 2.26105e-11 1.70007e-11 1.27743e-11 9.59235e-12 7.19846e-12 5.39865e-12 4.0464e-12 3.03106e-12 2.26918e-12 1.69784e-12 1.26964e-12 9.48924e-13 7.08841e-13 5.29223e-13 3.94917e-13 2.94546e-13 2.19577e-13 1.6361e-13 1.2185e-13 9.07065e-14 6.7492e-14 5.01961e-14 3.7316e-14 2.77288e-14 2.0596e-14 1.52915e-14 1.13485e-14 8.4188e-15 6.24292e-15 4.62759e-15 3.42889e-15 2.53973e-15 1.88044e-15 1.39177e-15 1.02973e-15 7.61585e-16 5.6307e-16 4.16156e-16 3.07468e-16 2.2709e-16
3.24848e-05 1.97429e-05 1.89552e-05 1.76455e-05 1.60425e-05 1.43132e-05 1.25749e-05 1.09057e-05 9.35406e-06 7.94668e-06 6.69449e-06 5.59767e-06 4.64938e-06 3.83854e-06 3.1518e-06 2.57502e-06 2.09416e-06 1.69589e-06 1.36799e-06 1.09947e-06 8.8065e-07 7.03139e-07 5.59732e-07 4.4432e-07 3.5177e-07 2.778e-07 2.18863e-07 1.72042e-07 1.34947e-07 1.05634e-07 8.25272e-08 6.4355e-08 5.00949e-08 3.89282e-08 3.02012e-08 2.33938e-08 1.80935e-08 1.39738e-08 1.0777e-08 8.30033e-09 6.38452e-09 4.90473e-09 3.76335e-09 2.88419e-09 2.20791e-09 1.68834e-09 1.28966e-09 9.84101e-10 7.50187e-10 5.71316e-10 4.34682e-10 3.30421e-10 2.50943e-10 1.90416e-10 1.44366e-10 1.09362e-10 8.27786e-11 6.2608e-11 4.73162e-11 3.57327e-11 2.69653e-11 2.03346e-11 1.53237e-11 1.15398e-11 8.68446e-12 6.5314e-12 4.90902e-12 3.68734e-12 2.76801e-12 2.07665e-12 1.55706e-12 1.16681e-12 8.73884e-13 6.54135e-13 4.89382e-13 3.65932e-13 2.73481e-13 2.04284e-13 1.52519e-13 1.13816e-13 8.48932e-14 6.32905e-14 4.71632e-14 3.51293e-14 2.61543e-14 1.94637e-14 1.44784e-14 1.07654e-14 8.00129e-15 5.94444e-15 4.41456e-15 3.2771e-15 2.43178e-15 1.80381e-15 1.33749e-15 9.91359e-16 7.34533e-16 5.44044e-16 4.02812e-16 2.98139e-16 2.20589e-16
2.26315e-05 1.41672e-05 1.3744e-05 1.29091e-05 1.18297e-05 1.06306e-05 9.40157e-06 8.20401e-06 7.0777e-06 6.04591e-06 5.11992e-06 4.30252e-06 3.59083e-06 2.97832e-06 2.45642e-06 2.01558e-06 1.64606e-06 1.33845e-06 1.08394e-06 8.74548e-07 7.03139e-07 5.63479e-07 4.50173e-07 3.58614e-07 2.84899e-07 2.25754e-07 1.78451e-07 1.40734e-07 1.10744e-07 8.69624e-08 6.81513e-08 5.33073e-08 4.16203e-08 3.24388e-08 2.52403e-08 1.96076e-08 1.52083e-08 1.17785e-08 9.10914e-09 7.03499e-09 5.42588e-09 4.17943e-09 3.21531e-09 2.47063e-09 1.8962e-09 1.45369e-09 1.11323e-09 8.516e-10 6.50789e-10 4.96833e-10 3.78931e-10 2.88735e-10 2.19806e-10 1.67183e-10 1.27048e-10 9.64666e-11 7.31857e-11 5.54788e-11 4.2023e-11 3.18064e-11 2.40557e-11 1.81804e-11 1.37303e-11 1.03623e-11 7.81513e-12 5.89016e-12 4.43645e-12 3.33939e-12 2.51205e-12 1.88853e-12 1.41893e-12 1.06548e-12 7.99609e-13 5.99746e-13 4.49591e-13 3.36848e-13 2.52243e-13 1.8879e-13 1.41227e-13 1.05594e-13 7.89123e-14 5.89443e-14 4.40082e-14 3.28415e-14 2.4497e-14 1.82645e-14 1.36116e-14 1.01397e-14 7.55007e-15 5.61947e-15 4.18082e-15 3.1092e-15 2.31134e-15 1.71754e-15 1.2758e-15 9.47304e-16 7.03127e-16 5.21696e-16 3.86939e-16 2.86887e-16 2.12631e-16
1.57669e-05 1.01575e-05 9.95549e-06 9.43308e-06 8.71176e-06 7.88405e-06 7.01788e-06 6.16105e-06 5.34548e-06 4.59082e-06 3.90762e-06 3.29987e-06 2.76699e-06 2.3054e-06 1.90974e-06 1.57364e-06 1.29042e-06 1.05346e-06 8.56456e-07 6.9362e-07 5.59732e-07 4.50173e-07 3.60921e-07 2.88507e-07 2.29978e-07 1.8284e-07 1.45e-07 1.14718e-07 9.05561e-08 7.13295e-08 5.60699e-08 4.39886e-08 3.44459e-08 2.6925e-08 2.101e-08 1.63674e-08 1.27305e-08 9.88661e-09 7.66674e-09 5.93689e-09 4.59106e-09 3.54564e-09 2.73478e-09 2.10675e-09 1.62102e-09 1.24583e-09 9.5641e-10 7.33428e-10 5.6184e-10 4.29956e-10 3.28703e-10 2.51051e-10 1.91564e-10 1.46039e-10 1.11234e-10 8.46501e-11 6.43654e-11 4.89011e-11 3.71225e-11 2.81589e-11 2.13433e-11 1.61652e-11 1.22345e-11 9.25299e-12 6.99319e-12 5.28168e-12 3.98639e-12 3.0068e-12 2.26648e-12 1.70737e-12 1.2854e-12 9.67141e-13 7.27252e-13 5.46551e-13 4.10517e-13 3.08171e-13 2.31215e-13 1.73384e-13 1.2995e-13 9.73466e-14 7.28863e-14 5.45452e-14 4.07996e-14 3.05034e-14 2.27949e-14 1.70265e-14 1.27121e-14 9.48672e-15 7.07659e-15 5.27649e-15 3.93262e-15 2.9298e-15 2.18181e-15 1.62412e-15 1.2085e-15 8.98893e-16 6.68344e-16 4.96738e-16 3.69056e-16 2.74093e-16 2.03491e-16
1.09844e-05 7.27682e-06 7.20439e-06 6.88544e-06 6.40763e-06 5.83904e-06 5.23069e-06 4.61934e-06 4.03022e-06 3.47952e-06 2.97658e-06 2.52571e-06 2.1276e-06 1.78055e-06 1.48128e-06 1.22565e-06 1.0091e-06 8.27014e-07 6.74914e-07 5.48619e-07 4.4432e-07 3.58614e-07 2.88507e-07 2.31402e-07 1.85069e-07 1.47613e-07 1.17437e-07 9.32026e-08 7.37984e-08 5.83056e-08 4.59686e-08 3.61695e-08 2.84047e-08 2.2266e-08 1.74232e-08 1.36107e-08 1.06152e-08 8.266e-09 6.42703e-09 4.98994e-09 3.86878e-09 2.99547e-09 2.31627e-09 1.78882e-09 1.37979e-09 1.06303e-09 8.1805e-10 6.28828e-10 4.82854e-10 3.70378e-10 2.83813e-10 2.17265e-10 1.66162e-10 1.26959e-10 9.69178e-11 7.39192e-11 5.63295e-11 4.28892e-11 3.2629e-11 2.48034e-11 1.884e-11 1.42993e-11 1.0845e-11 8.2191e-12 6.22459e-12 4.7108e-12 3.56272e-12 2.69265e-12 2.03374e-12 1.53509e-12 1.15797e-12 8.72969e-13 6.57715e-13 4.95246e-13 3.72695e-13 2.80311e-13 2.10711e-13 1.58305e-13 1.1887e-13 8.92119e-14 6.69189e-14 5.01712e-14 3.75963e-14 2.81594e-14 2.10811e-14 1.57747e-14 1.17984e-14 8.82045e-15 6.59117e-15 4.92315e-15 3.67566e-15 2.74311e-15 2.04629e-15 1.52585e-15 1.13732e-15 8.47377e-16 6.31103e-16 4.69846e-16 3.49659e-16 2.60117e-16 1.93434e-16
7.65263e-06 5.20917e-06 5.20882e-06 5.02061e-06 4.70737e-06 4.31885e-06 3.8931e-06 3.45812e-06 3.0336e-06 2.63264e-06 2.26321e-06 1.92944e-06 1.63266e-06 1.37228e-06 1.14643e-06 9.52439e-07 7.87253e-07 6.47668e-07 5.30521e-07 4.32811e-07 3.5177e-07 2.84899e-07 2.29978e-07 1.85069e-07 1.48494e-07 1.18818e-07 9.48231e-08 7.54861e-08 5.99505e-08 4.75052e-08 3.75627e-08 2.96403e-08 2.3343e-08 1.83491e-08 1.43976e-08 1.12776e-08 8.81906e-09 6.88547e-09 5.36756e-09 4.17807e-09 3.24754e-09 2.52077e-09 1.95404e-09 1.51277e-09 1.16968e-09 9.03317e-10 6.96792e-10 5.36875e-10 4.13204e-10 3.1768e-10 2.43986e-10 1.87198e-10 1.43486e-10 1.09876e-10 8.4061e-11 6.42526e-11 4.90686e-11 3.74405e-11 2.85441e-11 2.17438e-11 1.65503e-11 1.25875e-11 9.56621e-12 7.2647e-12 5.51289e-12 4.18053e-12 3.16797e-12 2.39903e-12 1.81552e-12 1.37303e-12 1.03773e-12 7.83819e-13 5.91672e-13 4.46359e-13 3.36536e-13 2.53588e-13 1.90976e-13 1.43743e-13 1.08133e-13 8.13013e-14 6.10952e-14 4.58874e-14 3.44475e-14 2.58468e-14 1.9384e-14 1.45301e-14 1.08865e-14 8.15284e-15 6.1028e-15 4.56618e-15 3.41496e-15 2.55287e-15 1.90759e-15 1.42481e-15 1.06378e-15 7.939e-16 5.92251e-16 4.41646e-16 3.29209e-16 2.45303e-16 1.82713e-16
5.33143e-06 3.72634e-06 3.76279e-06 3.65723e-06 3.45441e-06 3.1905e-06 2.89366e-06 2.58505e-06 2.27989e-06 1.98861e-06 1.71782e-06 1.47124e-06 1.25046e-06 1.05552e-06 8.85434e-07 7.38541e-07 6.12811e-07 5.06049e-07 4.16031e-07 3.40617e-07 2.778e-07 2.25754e-07 1.8284e-07 1.47613e-07 1.18818e-07 9.53687e-08 7.63427e-08 6.09571e-08 4.85548e-08 3.8587e-08 3.05982e-08 2.42126e-08 1.91213e-08 1.50716e-08 1.18578e-08 9.31281e-09 7.30165e-09 5.71547e-09 4.46685e-09 3.48572e-09 2.71613e-09 2.11346e-09 1.64228e-09 1.27447e-09 9.87769e-10 7.64621e-10 5.91177e-10 4.56546e-10 3.52179e-10 2.71373e-10 2.08886e-10 1.60622e-10 1.23385e-10 9.46888e-11 7.25973e-11 5.56085e-11 4.25568e-11 3.25399e-11 2.48594e-11 1.89759e-11 1.4473e-11 1.10299e-11 8.39929e-12 6.39124e-12 4.85964e-12 3.69239e-12 2.80352e-12 2.12714e-12 1.61285e-12 1.22208e-12 9.25392e-13 7.00281e-13 5.29599e-13 4.00272e-13 3.02344e-13 2.2824e-13 1.72199e-13 1.29844e-13 9.78524e-14 7.37027e-14 5.54833e-14 4.17457e-14 3.13933e-14 2.35961e-14 1.77266e-14 1.33106e-14 9.9899e-15 7.49407e-15 5.61915e-15 4.21138e-15 3.15487e-15 2.36236e-15 1.76815e-15 1.32284e-15 9.89256e-16 7.39486e-16 5.52551e-16 4.12704e-16 3.08128e-16 2.29961e-16 1.71557e-16
3.7143e-06 2.6638e-06 2.71599e-06 2.66158e-06 2.53226e-06 2.35418e-06 2.14805e-06 1.92974e-06 1.71092e-06 1.49978e-06 1.3017e-06 1.11991e-06 9.55998e-07 8.10345e-07 6.82513e-07 5.71512e-07 4.76017e-07 3.94535e-07 3.25517e-07 2.67441e-07 2.18863e-07 1.78451e-07 1.45e-07 1.17437e-07 9.48231e-08 7.63427e-08 6.1296e-08 4.90873e-08 3.92134e-08 3.12521e-08 2.48514e-08 1.97194e-08 1.56153e-08 1.23411e-08 9.73514e-09 7.66564e-09 6.02563e-09 4.72861e-09 3.70482e-09 2.89821e-09 2.26384e-09 1.76578e-09 1.37538e-09 1.06986e-09 8.3112e-10 6.44844e-10 4.99706e-10 3.86777e-10 2.99025e-10 2.30925e-10 1.78141e-10 1.37277e-10 1.05679e-10 8.12731e-11 6.2443e-11 4.79304e-11 3.67568e-11 2.81628e-11 2.15592e-11 1.649e-11 1.26022e-11 9.62318e-12 7.34254e-12 5.59805e-12 4.26479e-12 3.24666e-12 2.4698e-12 1.87749e-12 1.42624e-12 1.08271e-12 8.21372e-13 6.22711e-13 4.71797e-13 3.57234e-13 2.70323e-13 2.04433e-13 1.54512e-13 1.16714e-13 8.81123e-14 6.64825e-14 5.01349e-14 3.77868e-14 2.84649e-14 2.14315e-14 1.61278e-14 1.21305e-14 9.11948e-15 6.85251e-15 5.14662e-15 3.86359e-15 2.89908e-15 2.17436e-15 1.63008e-15 1.22151e-15 9.14944e-16 6.85028e-16 5.12672e-16 3.83523e-16 2.86792e-16 2.14372e-16 1.60176e-16
2.58767e-06 1.903e-06 1.95889e-06 1.93525e-06 1.85441e-06 1.73514e-06 1.59262e-06 1.43866e-06 1.28214e-06 1.12943e-06 9.84836e-07 8.51076e-07 7.29616e-07 6.21e-07 5.25115e-07 4.41402e-07 3.69017e-07 3.06958e-07 2.54153e-07 2.09525e-07 1.72042e-07 1.40734e-07 1.14718e-07 9.32026e-08 7.54861e-08 6.09571e-08 4.90873e-08 3.94242e-08 3.15837e-08 2.52419e-08 2.01274e-08 1.60143e-08 1.27151e-08 1.00755e-08 7.96853e-09 6.29062e-09 4.95725e-09 3.89988e-09 3.06303e-09 2.40196e-09 1.88071e-09 1.47041e-09 1.148e-09 8.95048e-10 6.96909e-10 5.41936e-10 4.20901e-10 3.26502e-10 2.52979e-10 1.95789e-10 1.51361e-10 1.16889e-10 9.01733e-11 6.94932e-11 5.35029e-11 4.11523e-11 3.1623e-11 2.42781e-11 1.86226e-11 1.42721e-11 1.09286e-11 8.3615e-12 6.39221e-12 4.88286e-12 3.72702e-12 2.84263e-12 2.1665e-12 1.65e-12 1.25574e-12 9.55025e-13 7.2583e-13 5.51273e-13 4.18423e-13 3.17385e-13 2.40595e-13 1.82272e-13 1.38004e-13 1.04425e-13 7.89711e-14 5.96876e-14 4.50876e-14 3.40402e-14 2.56858e-14 1.93715e-14 1.46019e-14 1.1001e-14 8.28393e-15 6.23486e-15 4.69035e-15 3.52677e-15 2.6506e-15 1.99118e-15 1.49513e-15 1.12215e-15 8.41849e-16 6.31288e-16 4.7319e-16 3.54536e-16 2.65525e-16 1.9878e-16 1.48752e-16
1.80278e-06 1.35866e-06 1.4118e-06 1.40594e-06 1.35671e-06 1.27753e-06 1.17944e-06 1.07122e-06 9.59543e-07 8.49327e-07 7.43991e-07 6.45761e-07 5.55929e-07 4.75083e-07 4.03297e-07 3.40285e-07 2.85524e-07 2.38351e-07 1.98031e-07 1.63809e-07 1.34947e-07 1.10744e-07 9.05561e-08 7.37984e-08 5.99505e-08 4.85548e-08 3.92134e-08 3.15837e-08 2.53733e-08 2.03343e-08 1.62581e-08 1.29701e-08 1.03251e-08 8.20275e-09 6.50395e-09 5.14732e-09 4.06634e-09 3.20682e-09 2.52477e-09 1.98459e-09 1.55756e-09 1.2206e-09 9.55149e-10 7.46386e-10 5.82463e-10 4.53946e-10 3.53337e-10 2.74688e-10 2.13291e-10 1.65426e-10 1.28157e-10 9.91766e-11 7.66678e-11 5.92063e-11 4.56757e-11 3.52027e-11 2.71052e-11 2.08508e-11 1.60251e-11 1.23053e-11 9.44079e-12 7.23699e-12 5.54306e-12 4.24219e-12 3.24407e-12 2.47887e-12 1.89275e-12 1.44414e-12 1.10107e-12 8.38902e-13 6.38717e-13 4.85973e-13 3.6951e-13 2.80775e-13 2.13213e-13 1.61807e-13 1.2272e-13 9.30189e-14 7.04645e-14 5.3348e-14 4.03663e-14 3.05265e-14 2.30726e-14 1.74293e-14 1.31594e-14 9.93035e-15 7.48981e-15 5.64623e-15 4.25433e-15 3.204e-15 2.41182e-15 1.81466e-15 1.36471e-15 1.02586e-15 7.70803e-16 5.78902e-16 4.34588e-16 3.26109e-16 2.44605e-16 1.83395e-16 1.37445e-16
1.25596e-06 9.69452e-07 1.01679e-06 1.02057e-06 9.9167e-07 9.39644e-07 8.72492e-07 7.9667e-07 7.17198e-07 6.37831e-07 5.61246e-07 4.89243e-07 4.22926e-07 3.62861e-07 3.09215e-07 2.61872e-07 2.20521e-07 1.84732e-07 1.54005e-07 1.27813e-07 1.05634e-07 8.69624e-08 7.13295e-08 5.83056e-08 4.75052e-08 3.8587e-08 3.12521e-08 2.52419e-08 2.03343e-08 1.63401e-08 1.30993e-08 1.04775e-08 8.36232e-09 6.66032e-09 5.29418e-09 4.20024e-09 3.32624e-09 2.62946e-09 2.07511e-09 1.63496e-09 1.28614e-09 1.01019e-09 7.9229e-10 6.20505e-10 4.85298e-10 3.79047e-10 2.95676e-10 2.30353e-10 1.79245e-10 1.39311e-10 1.0815e-10 8.38656e-11 6.49637e-11 5.02691e-11 3.88584e-11 3.00079e-11 2.31507e-11 1.78435e-11 1.37402e-11 1.0571e-11 8.12561e-12 6.24054e-12 4.78877e-12 3.67172e-12 2.81298e-12 2.15339e-12 1.6472e-12 1.25906e-12 9.61665e-13 7.3399e-13 5.59823e-13 4.2669e-13 3.24998e-13 2.47378e-13 1.88174e-13 1.43048e-13 1.08675e-13 8.25117e-14 6.26093e-14 4.74795e-14 3.5985e-14 2.72577e-14 2.06355e-14 1.56136e-14 1.18074e-14 8.92437e-15 6.74177e-15 5.09035e-15 3.84151e-15 2.89762e-15 2.18459e-15 1.64622e-15 1.23995e-15 9.33501e-16 7.02471e-16 5.2838e-16 3.97257e-16 2.98544e-16 2.24262e-16 1.68392e-16 1.26388e-16
8.75e-07 6.91353e-07 7.31808e-07 7.4025e-07 7.24215e-07 6.90456e-07 6.44743e-07 5.91813e-07 5.35409e-07 4.78383e-07 4.22812e-07 3.70133e-07 3.21264e-07 2.76716e-07 2.36697e-07 2.0119e-07 1.70022e-07 1.42919e-07 1.19545e-07 9.95382e-08 8.25272e-08 6.81513e-08 5.60699e-08 4.59686e-08 3.75627e-08 3.05982e-08 2.48514e-08 2.01274e-08 1.62581e-08 1.30993e-08 1.05288e-08 8.44316e-09 6.75576e-09 5.39419e-09 4.29832e-09 3.41844e-09 2.7136e-09 2.15023e-09 1.70087e-09 1.34319e-09 1.05902e-09 8.33677e-10 6.55302e-10 5.14346e-10 4.03145e-10 3.15557e-10 2.46674e-10 1.92582e-10 1.50165e-10 1.16951e-10 9.09768e-11 7.06912e-11 5.48683e-11 4.25414e-11 3.29495e-11 2.54944e-11 1.97066e-11 1.5218e-11 1.17407e-11 9.04971e-12 6.96923e-12 5.36235e-12 4.12244e-12 3.16658e-12 2.43037e-12 1.86384e-12 1.42825e-12 1.09363e-12 8.36778e-13 6.39784e-13 4.88815e-13 3.73209e-13 2.84748e-13 2.17108e-13 1.65427e-13 1.25966e-13 9.58572e-14 7.28997e-14 5.54066e-14 4.20858e-14 3.19488e-14 2.42394e-14 1.83798e-14 1.3929e-14 1.05501e-14 7.98663e-15 6.0428e-15 4.56968e-15 3.45391e-15 2.60926e-15 1.97019e-15 1.48692e-15 1.12165e-15 8.45714e-16 6.37362e-16 4.8012e-16 3.61508e-16 2.72078e-16 2.04681e-16 1.53913e-16 1.15688e-16
6.09594e-07 4.92768e-07 5.26364e-07 5.36529e-07 5.28449e-07 5.06881e-07 4.75963e-07 4.39155e-07 3.99234e-07 3.58352e-07 3.1811e-07 2.79639e-07 2.43691e-07 2.10709e-07 1.80907e-07 1.54322e-07 1.3087e-07 1.10381e-07 9.26331e-08 7.73778e-08 6.4355e-08 5.33073e-08 4.39886e-08 3.61695e-08 2.96403e-08 2.42126e-08 1.97194e-08 1.60143e-08 1.29701e-08 1.04775e-08 8.44316e-09 6.78785e-09 5.44483e-09 4.35816e-09 3.48118e-09 2.77519e-09 2.20818e-09 1.75381e-09 1.39048e-09 1.10056e-09 8.69668e-10 6.86132e-10 5.40505e-10 4.2516e-10 3.33953e-10 2.61951e-10 2.05198e-10 1.60533e-10 1.25432e-10 9.78862e-11 7.62992e-11 5.94043e-11 4.61986e-11 3.58894e-11 2.78512e-11 2.15909e-11 1.6721e-11 1.29368e-11 9.99941e-12 7.72178e-12 5.95751e-12 4.59225e-12 3.53679e-12 2.7216e-12 2.09256e-12 1.60761e-12 1.23406e-12 9.46582e-13 7.25518e-13 5.55668e-13 4.25272e-13 3.25243e-13 2.48568e-13 1.89839e-13 1.44888e-13 1.10508e-13 8.42319e-14 6.41627e-14 4.88448e-14 3.71612e-14 2.82553e-14 2.14711e-14 1.63064e-14 1.2377e-14 9.38924e-15 7.1188e-15 5.39447e-15 4.08565e-15 3.09276e-15 2.33997e-15 1.76951e-15 1.33746e-15 1.01041e-15 7.62965e-16 5.75846e-16 4.34416e-16 3.27571e-16 2.46894e-16 1.86003e-16 1.40068e-16 1.05432e-16
4.24692e-07 3.51046e-07 3.78363e-07 3.88596e-07 3.85292e-07 3.71783e-07 3.51026e-07 3.25535e-07 2.97362e-07 2.68122e-07 2.39038e-07 2.10994e-07 1.84596e-07 1.60219e-07 1.38062e-07 1.18191e-07 1.00574e-07 8.5111e-08 7.16584e-08 6.00468e-08 5.00949e-08 4.16203e-08 3.44459e-08 2.84047e-08 2.3343e-08 1.91213e-08 1.56153e-08 1.27151e-08 1.03251e-08 8.36232e-09 6.75576e-09 5.44483e-09 4.37827e-09 3.51295e-09 2.81275e-09 2.2476e-09 1.79253e-09 1.42695e-09 1.1339e-09 8.99479e-10 7.12339e-10 5.63231e-10 4.44645e-10 3.50501e-10 2.7589e-10 2.16857e-10 1.70224e-10 1.33443e-10 1.04476e-10 8.16951e-11 6.38047e-11 4.97738e-11 3.87841e-11 3.01874e-11 2.34709e-11 1.82296e-11 1.41442e-11 1.09635e-11 8.48974e-12 6.56793e-12 5.07646e-12 3.92013e-12 3.02452e-12 2.33151e-12 1.79578e-12 1.382e-12 1.06271e-12 8.16543e-13 6.26913e-13 4.80959e-13 3.68711e-13 2.82455e-13 2.16225e-13 1.65408e-13 1.26449e-13 9.66005e-14 7.37496e-14 5.62678e-14 4.29028e-14 3.2692e-14 2.48963e-14 1.89481e-14 1.44126e-14 1.09564e-14 8.32432e-15 6.32101e-15 4.79718e-15 3.63874e-15 2.75859e-15 2.09024e-15 1.58301e-15 1.19826e-15 9.06572e-16 6.85554e-16 5.1817e-16 3.91469e-16 2.95611e-16 2.23122e-16 1.68333e-16 1.26941e-16 9.56853e-17
