0.939477 0.00720854 0.00533187 0.00396478 0.00296344 0.00222599 0.00167998 0.0012736 0.000969613 0.000741098 0.000568513 0.000437586 0.000337844 0.000261559 0.000202999 0.000157895 0.000123047 9.60477e-05 7.50759e-05 5.8749e-05 4.60123e-05 3.60577e-05 2.82639e-05 2.21512e-05 1.7348e-05 1.3565e-05 1.05763e-05 8.20446e-06 6.30895e-06 4.77775e-06 3.74334e-06
0.00720854 0.000150689 0.00011199 8.3662e-05 6.27921e-05 4.73239e-05 3.57952e-05 2.71589e-05 2.066e-05 1.57499e-05 1.20275e-05 9.19728e-06 7.04013e-06 5.39273e-06 4.13264e-06 3.16759e-06 2.42779e-06 1.86023e-06 1.42454e-06 1.08988e-06 8.32636e-07 6.34709e-07 4.8218e-07 3.64336e-07 2.72921e-07 2.01557e-07 1.45315e-07 1.00386e-07 6.38338e-08 3.34266e-08 2.50379e-08
0.00533187 0.00011199 8.3152e-05 6.20545e-05 4.65235e-05 3.50228e-05 2.64599e-05 2.00524e-05 1.52363e-05 1.1602e-05 8.85013e-06 6.76029e-06 5.16934e-06 3.95571e-06 3.02838e-06 2.31887e-06 1.77542e-06 1.35878e-06 1.03908e-06 7.93543e-07 6.04734e-07 4.5929e-07 3.4695e-07 2.59815e-07 1.91798e-07 1.38202e-07 9.5405e-08 6.06296e-08 3.17756e-08 2.36014e-08 1.76867e-08
0.00396478 8.3662e-05 6.20545e-05 4.62569e-05 3.46372e-05 2.60413e-05 1.96484e-05 1.48705e-05 1.1284e-05 8.58124e-06 6.53747e-06 4.98751e-06 3.8091e-06 2.91132e-06 2.22613e-06 1.70244e-06 1.30168e-06 9.94627e-07 7.59093e-07 5.78154e-07 4.3888e-07 3.31366e-07 2.48009e-07 1.82961e-07 1.31722e-07 9.08308e-08 5.7644e-08 3.01781e-08 2.24453e-08 1.66732e-08 1.25008e-08
0.00296344 6.27921e-05 4.65235e-05 3.46372e-05 2.59019e-05 1.94467e-05 1.46515e-05 1.10726e-05 8.38977e-06 6.37097e-06 4.84667e-06 3.69237e-06 2.81603e-06 2.14929e-06 1.64107e-06 1.25306e-06 9.56376e-07 7.29178e-07 5.5489e-07 4.2089e-07 3.17544e-07 2.37477e-07 1.75035e-07 1.25876e-07 8.6676e-08 5.49049e-08 2.86794e-08 2.13264e-08 1.58646e-08 1.17862e-08 8.84124e-09
0.00222599 4.73239e-05 3.50228e-05 2.60413e-05 1.94467e-05 1.45786e-05 1.0967e-05 8.27513e-06 6.26025e-06 4.74639e-06 3.60513e-06 2.74223e-06 2.08811e-06 1.59113e-06 1.21278e-06 9.24211e-07 7.03708e-07 5.34871e-07 4.05268e-07 3.05445e-07 2.28192e-07 1.68001e-07 1.20657e-07 8.29424e-08 5.24237e-08 2.73019e-08 2.02785e-08 1.50821e-08 1.12216e-08 8.33785e-09 6.25774e-09
0.00167998 3.57952e-05 2.64599e-05 1.96484e-05 1.46515e-05 1.0967e-05 8.23695e-06 6.20498e-06 4.68634e-06 3.54713e-06 2.68968e-06 2.04238e-06 1.55244e-06 1.1807e-06 8.98029e-07 6.82604e-07 5.18037e-07 3.91966e-07 2.95032e-07 2.20128e-07 1.61842e-07 1.16053e-07 7.96259e-08 5.02033e-08 2.6056e-08 1.93181e-08 1.43505e-08 1.06751e-08 7.94418e-09 5.90346e-09 4.43305e-09
0.0012736 2.71589e-05 2.00524e-05 1.48705e-05 1.10726e-05 8.27513e-06 6.20498e-06 4.66635e-06 3.51817e-06 2.65821e-06 2.01198e-06 1.52489e-06 1.15673e-06 8.7775e-07 6.65798e-07 5.04334e-07 3.80944e-07 2.86276e-07 2.13261e-07 1.56542e-07 1.12053e-07 7.67205e-08 4.82424e-08 2.49453e-08 1.84531e-08 1.36822e-08 1.01653e-08 7.56325e-09 5.62954e-09 4.18398e-09 3.14356e-09
0.000969613 2.066e-05 1.52363e-05 1.1284e-05 8.38977e-06 6.26025e-06 4.68634e-06 3.51817e-06 2.64774e-06 1.9968e-06 1.5084e-06 1.1408e-06 8.6331e-07 6.5324e-07 4.93721e-07 3.72167e-07 2.79148e-07 2.07571e-07 1.52083e-07 1.08647e-07 7.42192e-08 4.65377e-08 2.39704e-08 1.76863e-08 1.30831e-08 9.70133e-09 7.20871e-09 5.36454e-09 3.9938e-09 2.96869e-09 2.23171e-09
0.000741098 1.57499e-05 1.1602e-05 8.58124e-06 6.37097e-06 4.74639e-06 3.54713e-06 2.65821e-06 1.9968e-06 1.5029e-06 1.13284e-06 8.54665e-07 6.4489e-07 4.86163e-07 3.65608e-07 2.73628e-07 2.03039e-07 1.48454e-07 1.05824e-07 7.21151e-08 4.50854e-08 2.31304e-08 1.70185e-08 1.25556e-08 9.28765e-09 6.88744e-09 5.11858e-09 3.80988e-09 2.83698e-09 2.1091e-09 1.5864e-09
0.000568513 1.20275e-05 8.85013e-06 6.53747e-06 4.84667e-06 3.60513e-06 2.68968e-06 2.01198e-06 1.5084e-06 1.13284e-06 8.51786e-07 6.40721e-07 4.81638e-07 3.61247e-07 2.69696e-07 1.99653e-07 1.45643e-07 1.03576e-07 7.04022e-08 4.38818e-08 2.24234e-08 1.64489e-08 1.21e-08 8.92604e-09 6.60273e-09 4.89677e-09 3.63971e-09 2.70968e-09 2.01815e-09 1.50057e-09 1.12932e-09
0.000437586 9.19728e-06 6.76029e-06 4.98751e-06 3.69237e-06 2.74223e-06 2.04238e-06 1.52489e-06 1.1408e-06 8.54665e-07 6.40721e-07 4.80132e-07 3.5907e-07 2.67343e-07 1.97401e-07 1.43642e-07 1.01896e-07 6.90754e-08 4.29232e-08 2.18479e-08 1.59765e-08 1.17163e-08 8.61699e-09 6.35599e-09 4.70159e-09 3.4871e-09 2.59232e-09 1.93031e-09 1.43799e-09 1.06936e-09 8.05242e-10
0.000337844 7.04013e-06 5.16934e-06 3.8091e-06 2.81603e-06 2.08811e-06 1.55244e-06 1.15673e-06 8.6331e-07 6.4489e-07 4.81638e-07 3.5907e-07 2.66559e-07 1.96277e-07 1.42443e-07 1.00779e-07 6.81307e-08 4.22069e-08 2.14021e-08 1.56002e-08 1.14036e-08 8.36038e-09 6.14765e-09 4.53413e-09 3.35392e-09 2.48775e-09 1.84968e-09 1.3776e-09 1.02646e-09 7.63433e-10 5.75194e-10
0.000261559 5.39273e-06 3.95571e-06 2.91132e-06 2.14929e-06 1.59113e-06 1.1807e-06 8.7775e-07 6.5324e-07 4.86163e-07 3.61247e-07 2.67343e-07 1.96277e-07 1.42044e-07 1.00221e-07 6.7565e-08 4.17305e-08 2.10847e-08 1.5319e-08 1.11613e-08 8.15581e-09 5.97767e-09 4.39475e-09 3.24099e-09 2.39736e-09 1.77837e-09 1.32244e-09 9.85115e-10 7.34166e-10 5.46117e-10 4.11682e-10
0.000202999 4.13264e-06 3.02838e-06 2.22613e-06 1.64107e-06 1.21278e-06 8.98029e-07 6.65798e-07 4.93721e-07 3.65608e-07 2.69696e-07 1.97401e-07 1.42443e-07 1.00221e-07 6.73766e-08 4.14928e-08 2.08947e-08 1.51321e-08 1.09887e-08 8.00286e-09 5.84585e-09 4.28348e-09 3.14863e-09 2.3218e-09 1.71743e-09 1.27409e-09 9.47581e-10 7.06008e-10 5.26262e-10 3.91519e-10 2.95293e-10
0.000157895 3.16759e-06 2.31887e-06 1.70244e-06 1.25306e-06 9.24211e-07 6.82604e-07 5.04334e-07 3.72167e-07 2.73628e-07 1.99653e-07 1.43642e-07 1.00779e-07 6.7565e-08 4.14928e-08 2.08314e-08 1.50387e-08 1.08854e-08 7.90113e-09 5.75192e-09 4.20022e-09 3.07689e-09 2.26132e-09 1.66736e-09 1.23333e-09 9.15022e-10 6.80624e-10 5.07199e-10 3.78139e-10 2.81357e-10 2.1231e-10
0.000123047 2.42779e-06 1.77542e-06 1.30168e-06 9.56376e-07 7.03708e-07 5.18037e-07 3.80944e-07 2.79148e-07 2.03039e-07 1.45643e-07 1.01896e-07 6.81307e-08 4.17305e-08 2.08947e-08 1.50387e-08 1.0851e-08 7.85034e-09 5.69566e-09 4.14481e-09 3.02573e-09 2.21599e-09 1.62836e-09 1.20055e-09 8.88033e-10 6.58884e-10 4.90162e-10 3.65328e-10 2.72415e-10 2.02716e-10 1.53037e-10
9.60477e-05 1.86023e-06 1.35878e-06 9.94627e-07 7.29178e-07 5.34871e-07 3.91966e-07 2.86276e-07 2.07571e-07 1.48454e-07 1.03576e-07 6.90754e-08 4.22069e-08 2.10847e-08 1.51321e-08 1.08854e-08 7.85034e-09 5.67693e-09 4.11714e-09 2.99507e-09 2.1858e-09 1.6005e-09 1.17591e-09 8.66902e-10 6.41234e-10 4.75797e-10 3.53998e-10 2.63882e-10 1.968e-10 1.46463e-10 1.10615e-10
7.50759e-05 1.42454e-06 1.03908e-06 7.59093e-07 5.5489e-07 4.05268e-07 2.95032e-07 2.13261e-07 1.52083e-07 1.05824e-07 7.04022e-08 4.29232e-08 2.14021e-08 1.5319e-08 1.09887e-08 7.90113e-09 5.69566e-09 4.11714e-09 2.98486e-09 2.17071e-09 1.58378e-09 1.15946e-09 8.5176e-10 6.27891e-10 4.64438e-10 3.44631e-10 2.56434e-10 1.9118e-10 1.42599e-10 1.06135e-10 8.01867e-11
5.8749e-05 1.08988e-06 7.93543e-07 5.78154e-07 4.2089e-07 3.05445e-07 2.20128e-07 1.56542e-07 1.08647e-07 7.21151e-08 4.38818e-08 2.18479e-08 1.56002e-08 1.11613e-08 8.00286e-09 5.75192e-09 4.14481e-09 2.99507e-09 2.17071e-09 1.57822e-09 1.15124e-09 8.42662e-10 6.18961e-10 4.56251e-10 3.37476e-10 2.5043e-10 1.86356e-10 1.38949e-10 1.03652e-10 7.71527e-11 5.83081e-11
4.60123e-05 8.32636e-07 6.04734e-07 4.3888e-07 3.17544e-07 2.28192e-07 1.61842e-07 1.12053e-07 7.42192e-08 4.50854e-08 2.24234e-08 1.59765e-08 1.14036e-08 8.15581e-09 5.84585e-09 4.20022e-09 3.02573e-09 2.1858e-09 1.58378e-09 1.15124e-09 8.39627e-10 6.14488e-10 4.51317e-10 3.32658e-10 2.46055e-10 1.82594e-10 1.35885e-10 1.01325e-10 7.55922e-11 5.62697e-11 4.25361e-11
3.60577e-05 6.34709e-07 4.5929e-07 3.31366e-07 2.37477e-07 1.68001e-07 1.16053e-07 7.67205e-08 4.65377e-08 2.31304e-08 1.64489e-08 1.17163e-08 8.36038e-09 5.97767e-09 4.28348e-09 3.07689e-09 2.21599e-09 1.6005e-09 1.15946e-09 8.42662e-10 6.14488e-10 4.49668e-10 3.30237e-10 2.43401e-10 1.80032e-10 1.33602e-10 9.94287e-11 7.41453e-11 5.53181e-11 4.11794e-11 3.11342e-11
2.82639e-05 4.8218e-07 3.4695e-07 2.48009e-07 1.75035e-07 1.20657e-07 7.96259e-08 4.82424e-08 2.39704e-08 1.70185e-08 1.21e-08 8.61699e-09 6.14765e-09 4.39475e-09 3.14863e-09 2.26132e-09 1.62836e-09 1.17591e-09 8.5176e-10 6.18961e-10 4.51317e-10 3.30237e-10 2.42513e-10 1.78737e-10 1.32201e-10 9.81061e-11 7.30135e-11 5.44485e-11 4.06239e-11 3.02412e-11 2.28666e-11
2.21512e-05 3.64336e-07 2.59815e-07 1.82961e-07 1.25876e-07 8.29424e-08 5.02033e-08 2.49453e-08 1.76863e-08 1.25556e-08 8.92604e-09 6.35599e-09 4.53413e-09 3.24099e-09 2.3218e-09 1.66736e-09 1.20055e-09 8.66902e-10 6.27891e-10 4.56251e-10 3.32658e-10 2.43401e-10 1.78737e-10 1.31729e-10 9.74299e-11 7.23016e-11 5.38086e-11 4.01267e-11 2.99383e-11 2.22864e-11 1.68522e-11
1.7348e-05 2.72921e-07 1.91798e-07 1.31722e-07 8.6676e-08 5.24237e-08 2.6056e-08 1.84531e-08 1.30831e-08 9.28765e-09 6.60273e-09 4.70159e-09 3.35392e-09 2.39736e-09 1.71743e-09 1.23333e-09 8.88033e-10 6.41234e-10 4.64438e-10 3.37476e-10 2.46055e-10 1.80032e-10 1.32201e-10 9.74299e-11 7.20595e-11 5.34731e-11 3.97947e-11 2.96751e-11 2.21397e-11 1.64805e-11 1.24614e-11
1.3565e-05 2.01557e-07 1.38202e-07 9.08308e-08 5.49049e-08 2.73019e-08 1.93181e-08 1.36822e-08 9.70133e-09 6.88744e-09 4.89677e-09 3.4871e-09 2.48775e-09 1.77837e-09 1.27409e-09 9.15022e-10 6.58884e-10 4.75797e-10 3.44631e-10 2.5043e-10 1.82594e-10 1.33602e-10 9.81061e-11 7.23016e-11 5.34731e-11 3.9679e-11 2.95276e-11 2.20175e-11 1.64256e-11 1.22263e-11 9.24367e-12
1.05763e-05 1.45315e-07 9.5405e-08 5.7644e-08 2.86794e-08 2.02785e-08 1.43505e-08 1.01653e-08 7.20871e-09 5.11858e-09 3.63971e-09 2.59232e-09 1.84968e-09 1.32244e-09 9.47581e-10 6.80624e-10 4.90162e-10 3.53998e-10 2.56434e-10 1.86356e-10 1.35885e-10 9.94287e-11 7.30135e-11 5.38086e-11 3.97947e-11 2.95276e-11 2.19717e-11 1.63821e-11 1.22203e-11 9.09549e-12 6.87546e-12
8.20446e-06 1.00386e-07 6.06296e-08 3.01781e-08 2.13264e-08 1.50821e-08 1.06751e-08 7.56325e-09 5.36454e-09 3.80988e-09 2.70968e-09 1.93031e-09 1.3776e-09 9.85115e-10 7.06008e-10 5.07199e-10 3.65328e-10 2.63882e-10 1.9118e-10 1.38949e-10 1.01325e-10 7.41453e-11 5.44485e-11 4.01267e-11 2.96751e-11 2.20175e-11 1.63821e-11 1.22132e-11 9.10957e-12 6.77962e-12 5.12379e-12
6.30895e-06 6.38338e-08 3.17756e-08 2.24453e-08 1.58646e-08 1.12216e-08 7.94418e-09 5.62954e-09 3.9938e-09 2.83698e-09 2.01815e-09 1.43799e-09 1.02646e-09 7.34166e-10 5.26262e-10 3.78139e-10 2.72415e-10 1.968e-10 1.42599e-10 1.03652e-10 7.55922e-11 5.53181e-11 4.06239e-11 2.99383e-11 2.21397e-11 1.64256e-11 1.22203e-11 9.10957e-12 6.79393e-12 5.05581e-12 3.82018e-12
4.77775e-06 3.34266e-08 2.36014e-08 1.66732e-08 1.17862e-08 8.33785e-09 5.90346e-09 4.18398e-09 2.96869e-09 2.1091e-09 1.50057e-09 1.06936e-09 7.63433e-10 5.46117e-10 3.91519e-10 2.81357e-10 2.02716e-10 1.46463e-10 1.06135e-10 7.71527e-11 5.62697e-11 4.11794e-11 3.02412e-11 2.22864e-11 1.64805e-11 1.22263e-11 9.09549e-12 6.77962e-12 5.05581e-12 3.7621e-12 2.84218e-12
3.74334e-06 2.50379e-08 1.76867e-08 1.25008e-08 8.84124e-09 6.25774e-09 4.43305e-09 3.14356e-09 2.23171e-09 1.5864e-09 1.12932e-09 8.05242e-10 5.75194e-10 4.11682e-10 2.95293e-10 2.1231e-10 1.53037e-10 1.10615e-10 8.01867e-11 5.83081e-11 4.25361e-11 3.11342e-11 2.28666e-11 1.68522e-11 1.24614e-11 9.24367e-12 6.87546e-12 5.12379e-12 3.82018e-12 2.84218e-12 2.14619e-12
