0.00366313 0.0029305 0.0023444 0.00187552 0.00150042 0.00120033 0.000960267 0.000768214 0.000614571 0.000491657 0.000393325 0.00031466 0.000251728 0.000201383 0.000161106 0.000128885 0.000103108 8.24863e-05 6.5989e-05 5.27912e-05 4.2233e-05 3.37864e-05 2.70291e-05 2.16233e-05 1.72986e-05 1.38389e-05 1.10711e-05 8.8569e-06 7.08552e-06 5.66842e-06 4.53473e-06 3.62779e-06 2.90223e-06 2.32178e-06 1.85743e-06 1.48594e-06 1.18875e-06 9.51002e-07 7.60802e-07 6.08641e-07 4.86913e-07 3.89531e-07 3.11624e-07 2.493e-07 1.9944e-07 1.59552e-07 1.27641e-07 1.02113e-07 8.16905e-08 6.53524e-08 5.22819e-08 4.18255e-08 3.34604e-08 2.67683e-08 2.14147e-08 1.71317e-08 1.37054e-08 1.09643e-08 8.77145e-09 7.01716e-09 5.61373e-09 4.49098e-09 3.59279e-09 2.87423e-09 2.29938e-09 1.83951e-09 1.4716e-09 1.17728e-09 9.41827e-10 7.53462e-10 6.02769e-10 4.82215e-10 3.85772e-10 3.08618e-10 2.46894e-10 1.97515e-10 1.58012e-10 1.2641e-10 1.01128e-10 8.09023e-11 6.47219e-11 5.17775e-11 4.1422e-11 3.31376e-11 2.65101e-11 2.12081e-11 1.69664e-11 1.35732e-11 1.08585e-11 8.68682e-12 6.94946e-12 5.55957e-12 4.44765e-12 3.55812e-12 2.8465e-12 2.2772e-12 1.82176e-12 1.45741e-12 1.16593e-12 9.3274e-13 7.46192e-13
0.0029305 0.00247751 0.00208849 0.00175598 0.00147294 0.00123287 0.00102991 0.000858823 0.000714973 0.00059431 0.000493313 0.000408943 0.000338588 0.000280017 0.000231331 0.000190919 0.000157419 0.000129682 0.000106743 8.77919e-05 7.21518e-05 5.9256e-05 4.86325e-05 3.98882e-05 3.26963e-05 2.67856e-05 2.19313e-05 1.79474e-05 1.46797e-05 1.20012e-05 9.80696e-06 8.01035e-06 6.5401e-06 5.33754e-06 4.3544e-06 3.55101e-06 2.8948e-06 2.35904e-06 1.92179e-06 1.56507e-06 1.27418e-06 1.03703e-06 8.43781e-07 6.86348e-07 5.58137e-07 4.53757e-07 3.68803e-07 2.99681e-07 2.43455e-07 1.97732e-07 1.60561e-07 1.30348e-07 1.05798e-07 8.58546e-08 6.96563e-08 5.65032e-08 4.58251e-08 3.71581e-08 3.01249e-08 2.44186e-08 1.97899e-08 1.60359e-08 1.29919e-08 1.05241e-08 8.5237e-09 6.90251e-09 5.58885e-09 4.52455e-09 3.66242e-09 2.96416e-09 2.39871e-09 1.94087e-09 1.57022e-09 1.27019e-09 1.02737e-09 8.30865e-10 6.71869e-10 5.43237e-10 4.39183e-10 3.55021e-10 2.86957e-10 2.31917e-10 1.87415e-10 1.51437e-10 1.22354e-10 9.88464e-11 7.98477e-11 6.44947e-11 5.2089e-11 4.20657e-11 3.39682e-11 2.74271e-11 2.21437e-11 1.78766e-11 1.44306e-11 1.16479e-11 9.40105e-12 7.58704e-12 6.12259e-12 4.94043e-12 3.98624e-12
0.0023444 0.00208849 0.00184601 0.00162085 0.001415 0.00122914 0.001063 0.000915742 0.000786132 0.000672751 0.000574088 0.00048863 0.000414911 0.000351549 0.000297268 0.000250904 0.000211407 0.000177843 0.000149385 0.000125305 0.000104968 8.78242e-05 7.33947e-05 6.12686e-05 5.10929e-05 4.25652e-05 3.54278e-05 2.9461e-05 2.44784e-05 2.03221e-05 1.68585e-05 1.3975e-05 1.15765e-05 9.58325e-06 7.92804e-06 6.55465e-06 5.41595e-06 4.4725e-06 3.69137e-06 3.04504e-06 2.5106e-06 2.06893e-06 1.70415e-06 1.40304e-06 1.15462e-06 9.49774e-07 7.80945e-07 6.41868e-07 5.27352e-07 4.33103e-07 3.55567e-07 2.91808e-07 2.39398e-07 1.96336e-07 1.60966e-07 1.31927e-07 1.08093e-07 8.85376e-08 7.2499e-08 5.93488e-08 4.85703e-08 3.97386e-08 3.25041e-08 2.65798e-08 2.17298e-08 1.77604e-08 1.45126e-08 1.1856e-08 9.6834e-09 7.90718e-09 6.45535e-09 5.26897e-09 4.29971e-09 3.50804e-09 2.86156e-09 2.33376e-09 1.90294e-09 1.55136e-09 1.2645e-09 1.0305e-09 8.39651e-10 6.84029e-10 5.57156e-10 4.53739e-10 3.69457e-10 3.00782e-10 2.44834e-10 1.99262e-10 1.62148e-10 1.31926e-10 1.07322e-10 8.72941e-11 7.09935e-11 5.77287e-11 4.6936e-11 3.81559e-11 3.10142e-11 2.52059e-11 2.04828e-11 1.66426e-11 1.35207e-11
0.00187552 0.00175598 0.00162085 0.00147899 0.00133675 0.00119853 0.00106724 0.000944686 0.000831855 0.000729126 0.000636456 0.000553513 0.000479771 0.00041459 0.000357269 0.000307089 0.000263335 0.000225324 0.000192409 0.000163993 0.000139528 0.000118516 0.000100512 8.5119e-05 7.19839e-05 6.07964e-05 5.12843e-05 4.32098e-05 3.6366e-05 3.05738e-05 2.56782e-05 2.15457e-05 1.80616e-05 1.51275e-05 1.26594e-05 1.05854e-05 8.84426e-06 7.384e-06 6.16041e-06 5.13602e-06 4.27911e-06 3.56288e-06 2.96469e-06 2.46545e-06 2.04909e-06 1.70209e-06 1.41309e-06 1.17253e-06 9.72437e-07 8.06089e-07 6.67877e-07 5.53105e-07 4.57849e-07 3.78832e-07 3.13318e-07 2.59026e-07 2.14056e-07 1.76823e-07 1.46011e-07 1.20523e-07 9.94478e-08 8.2029e-08 6.76377e-08 5.57525e-08 4.59406e-08 3.78433e-08 3.11635e-08 2.56548e-08 2.11136e-08 1.73711e-08 1.42879e-08 1.17486e-08 9.65798e-09 7.93724e-09 6.52136e-09 5.35668e-09 4.39889e-09 3.61146e-09 2.96427e-09 2.43249e-09 1.99564e-09 1.63687e-09 1.34229e-09 1.10049e-09 9.02054e-10 7.39241e-10 6.05689e-10 4.96163e-10 4.06362e-10 3.32748e-10 2.72417e-10 2.22982e-10 1.82485e-10 1.49314e-10 1.22152e-10 9.99125e-11 8.1708e-11 6.6809e-11 5.46176e-11 4.46434e-11 3.64848e-11
0.00150042 0.00147294 0.001415 0.00133675 0.00124599 0.00114866 0.00104922 0.00095087 0.000855907 0.000765866 0.000681712 0.000603975 0.000532861 0.000468341 0.000410216 0.000358173 0.000311828 0.000270756 0.000234513 0.000202654 0.000174749 0.000150384 0.000129173 0.000110758 9.48106e-05 8.10316e-05 6.91522e-05 5.89311e-05 5.01536e-05 4.26291e-05 3.61895e-05 3.06872e-05 2.59927e-05 2.19931e-05 1.859e-05 1.56983e-05 1.32441e-05 1.11635e-05 9.40167e-06 7.91134e-06 6.65194e-06 5.58871e-06 4.69194e-06 3.93624e-06 3.29996e-06 2.76468e-06 2.31472e-06 1.93678e-06 1.61956e-06 1.35349e-06 1.13049e-06 9.43703e-07 7.87353e-07 6.56561e-07 5.47216e-07 4.55856e-07 3.79564e-07 3.15893e-07 2.62781e-07 2.18502e-07 1.81604e-07 1.50874e-07 1.25291e-07 1.04005e-07 8.63005e-08 7.15824e-08 5.93521e-08 4.91933e-08 4.07586e-08 3.37583e-08 2.79506e-08 2.31343e-08 1.91416e-08 1.58329e-08 1.3092e-08 1.08223e-08 8.94329e-09 7.38835e-09 6.10199e-09 5.03816e-09 4.15864e-09 3.43171e-09 2.83109e-09 2.33497e-09 1.92529e-09 1.58709e-09 1.30797e-09 1.07768e-09 8.87714e-10 7.31064e-10 6.01917e-10 4.95472e-10 4.07759e-10 3.35499e-10 2.75985e-10 2.2698e-10 1.86637e-10 1.53432e-10 1.2611e-10 1.03632e-10 8.51438e-11
0.00120033 0.00123287 0.00122914 0.00119853 0.00114866 0.00108571 0.00101453 0.000938948 0.00086188 0.000785517 0.000711458 0.000640822 0.000574349 0.000512483 0.000455439 0.000403258 0.000355853 0.000313048 0.000274603 0.000240239 0.000209655 0.000182542 0.000158591 0.000137502 0.00011899 0.000102783 8.86326e-05 7.63064e-05 6.55934e-05 5.63021e-05 4.82597e-05 4.13112e-05 3.53184e-05 3.01584e-05 2.57223e-05 2.19144e-05 1.86503e-05 1.58561e-05 1.34672e-05 1.14274e-05 9.68767e-06 8.20558e-06 6.94432e-06 5.87209e-06 4.96148e-06 4.18887e-06 3.53394e-06 2.97926e-06 2.50989e-06 2.11304e-06 1.77777e-06 1.49474e-06 1.256e-06 1.05475e-06 8.85232e-07 7.42536e-07 6.22497e-07 5.21583e-07 4.36798e-07 3.65609e-07 3.05869e-07 2.55766e-07 2.13769e-07 1.78585e-07 1.49125e-07 1.24469e-07 1.03846e-07 8.66024e-08 7.21926e-08 6.01563e-08 5.01069e-08 4.17202e-08 3.47241e-08 2.88906e-08 2.40283e-08 1.99773e-08 1.66035e-08 1.37947e-08 1.14573e-08 9.51281e-09 7.89581e-09 6.5516e-09 5.43455e-09 4.50659e-09 3.73597e-09 3.09622e-09 2.56529e-09 2.1248e-09 1.75946e-09 1.45654e-09 1.20545e-09 9.97379e-10 8.25012e-10 6.8226e-10 5.64068e-10 4.66236e-10 3.85279e-10 3.18303e-10 2.62909e-10 2.17105e-10 1.7924e-10
0.000960267 0.00102991 0.001063 0.00106724 0.00104922 0.00101453 0.000967849 0.000913003 0.000853097 0.000790607 0.000727464 0.000665148 0.000604757 0.000547079 0.000492647 0.000441792 0.000394684 0.00035137 0.000311803 0.000275866 0.000243394 0.000214188 0.000188029 0.000164689 0.000143938 0.000125548 0.000109298 9.4979e-05 8.23946e-05 7.1361e-05 6.17091e-05 5.32836e-05 4.59436e-05 3.95611e-05 3.40213e-05 2.92209e-05 2.5068e-05 2.14808e-05 1.83867e-05 1.57216e-05 1.34291e-05 1.14597e-05 9.76978e-06 8.32147e-06 7.0816e-06 6.02131e-06 5.11553e-06 4.34252e-06 3.68346e-06 3.12207e-06 2.64431e-06 2.23807e-06 1.89293e-06 1.59995e-06 1.35143e-06 1.14079e-06 9.62388e-07 8.11398e-07 6.83697e-07 5.75766e-07 4.84603e-07 4.07654e-07 3.42742e-07 2.88017e-07 2.41908e-07 2.03081e-07 1.70404e-07 1.42917e-07 1.19809e-07 1.00392e-07 8.40852e-08 7.03966e-08 5.89117e-08 4.92801e-08 4.12066e-08 3.44421e-08 2.87769e-08 2.40344e-08 2.0066e-08 1.67467e-08 1.39715e-08 1.1652e-08 9.71431e-09 8.09609e-09 6.74518e-09 5.61786e-09 4.67744e-09 3.89322e-09 3.23948e-09 2.69469e-09 2.24085e-09 1.8629e-09 1.54825e-09 1.28638e-09 1.0685e-09 8.87284e-10 7.36601e-10 6.11345e-10 5.07255e-10 4.20779e-10 3.48957e-10
0.000768214 0.000858823 0.000915742 0.000944686 0.00095087 0.000938948 0.000913003 0.000876549 0.000832571 0.000783559 0.000731558 0.000678222 0.000624858 0.00057248 0.00052185 0.000473521 0.00042787 0.000385136 0.000345442 0.000308823 0.000275243 0.000244617 0.000216819 0.000191701 0.000169094 0.000148823 0.000130708 0.000114571 0.000100237 8.75399e-05 7.63212e-05 6.64323e-05 5.77354e-05 5.01027e-05 4.34176e-05 3.75734e-05 3.24736e-05 2.80309e-05 2.41669e-05 2.08114e-05 1.79019e-05 1.53826e-05 1.32041e-05 1.13228e-05 9.70016e-06 8.30227e-06 7.0994e-06 6.06548e-06 5.17773e-06 4.41628e-06 3.76379e-06 3.20521e-06 2.72748e-06 2.31925e-06 1.97071e-06 1.67339e-06 1.41997e-06 1.20414e-06 1.02046e-06 8.64255e-07 7.31518e-07 6.188e-07 5.23148e-07 4.42032e-07 3.73287e-07 3.15063e-07 2.65781e-07 2.24092e-07 1.88847e-07 1.59067e-07 1.33919e-07 1.12693e-07 9.4788e-08 7.96917e-08 6.697e-08 5.62548e-08 4.72339e-08 3.96431e-08 3.32586e-08 2.78911e-08 2.33807e-08 1.95921e-08 1.64113e-08 1.37417e-08 1.15022e-08 9.62423e-09 8.05004e-09 6.73101e-09 5.6262e-09 4.70116e-09 3.92692e-09 3.27914e-09 2.73735e-09 2.28436e-09 1.90575e-09 1.58941e-09 1.32519e-09 1.10457e-09 9.20412e-10 7.66742e-10 6.38551e-10
0.000614571 0.000714973 0.000786132 0.000831855 0.000855907 0.00086188 0.000853097 0.000832571 0.000802974 0.000766633 0.000725548 0.000681401 0.000635589 0.000589252 0.000543296 0.000498432 0.000455195 0.000413976 0.000375042 0.000338561 0.000304618 0.000273234 0.000244376 0.000217976 0.000193933 0.000172129 0.000152431 0.000134698 0.000118786 0.000104551 9.18531e-05 8.05561e-05 7.05304e-05 6.16538e-05 5.3812e-05 4.68987e-05 4.08161e-05 3.54745e-05 3.07919e-05 2.6694e-05 2.31136e-05 1.99902e-05 1.72696e-05 1.49031e-05 1.28474e-05 1.10641e-05 9.51905e-06 8.18198e-06 7.02627e-06 6.02843e-06 5.16783e-06 4.42637e-06 3.78821e-06 3.23949e-06 2.76812e-06 2.36356e-06 2.01666e-06 1.71945e-06 1.46504e-06 1.24742e-06 1.06143e-06 9.02595e-07 7.67048e-07 6.51458e-07 5.52958e-07 4.69077e-07 3.97694e-07 3.36987e-07 2.85391e-07 2.41567e-07 2.04365e-07 1.72805e-07 1.46046e-07 1.2337e-07 1.04165e-07 8.79085e-08 7.4155e-08 6.25251e-08 5.26959e-08 4.43926e-08 3.73818e-08 3.14651e-08 2.6474e-08 2.22657e-08 1.8719e-08 1.57311e-08 1.32151e-08 1.10974e-08 9.31561e-09 7.81709e-09 6.55729e-09 5.49861e-09 4.60927e-09 3.86247e-09 3.23559e-09 2.70957e-09 2.26834e-09 1.89836e-09 1.58823e-09 1.32836e-09 1.11067e-09
0.000491657 0.00059431 0.000672751 0.000729126 0.000765866 0.000785517 0.000790607 0.000783559 0.000766633 0.000741888 0.00071116 0.000676062 0.000637985 0.000598107 0.000557414 0.000516709 0.000476638 0.000437706 0.000400297 0.000364687 0.000331067 0.000299554 0.000270203 0.000243022 0.000217981 0.000195018 0.000174051 0.000154982 0.000137702 0.000122096 0.000108046 9.5433e-05 8.4142e-05 7.406e-05 6.50794e-05 5.70982e-05 5.00205e-05 4.37568e-05 3.82243e-05 3.33467e-05 2.90541e-05 2.52826e-05 2.19744e-05 1.9077e-05 1.65431e-05 1.43302e-05 1.24004e-05 1.07196e-05 9.25755e-06 7.98729e-06 6.88495e-06 5.92943e-06 5.10208e-06 4.38645e-06 3.76809e-06 3.23431e-06 2.77399e-06 2.37737e-06 2.03595e-06 1.74231e-06 1.48997e-06 1.27331e-06 1.08742e-06 9.28064e-07 7.91556e-07 6.74706e-07 5.74756e-07 4.89321e-07 4.16343e-07 3.54048e-07 3.00906e-07 2.55601e-07 2.17001e-07 1.84134e-07 1.56166e-07 1.32379e-07 1.1216e-07 9.49833e-08 8.03993e-08 6.80229e-08 5.75256e-08 4.86266e-08 4.10861e-08 3.47001e-08 2.92943e-08 2.47203e-08 2.08521e-08 1.75821e-08 1.48191e-08 1.24854e-08 1.05153e-08 8.85273e-09 7.45029e-09 6.26776e-09 5.27105e-09 4.43129e-09 3.72404e-09 3.1286e-09 2.6275e-09 2.20593e-09 1.8514e-09
0.000393325 0.000493313 0.000574088 0.000636456 0.000681712 0.000711458 0.000727464 0.000731558 0.000725548 0.00071116 0.000690006 0.000663553 0.000633117 0.000599851 0.000564757 0.000528682 0.000492338 0.000456307 0.000421055 0.00038695 0.000354266 0.000323203 0.000293895 0.000266422 0.000240819 0.000217082 0.000195181 0.000175062 0.000156655 0.000139875 0.000124632 0.000110829 9.8367e-05 8.71482e-05 7.70748e-05 6.80524e-05 5.99902e-05 5.28021e-05 4.64067e-05 4.07281e-05 3.56956e-05 3.12437e-05 2.73123e-05 2.38463e-05 2.07954e-05 1.81141e-05 1.5761e-05 1.36988e-05 1.1894e-05 1.03166e-05 8.93963e-06 7.73905e-06 6.69353e-06 5.78404e-06 4.99377e-06 4.30781e-06 3.713e-06 3.19774e-06 2.75182e-06 2.36628e-06 2.03323e-06 1.74579e-06 1.49792e-06 1.28435e-06 1.10049e-06 9.42322e-07 8.06367e-07 6.89592e-07 5.89363e-07 5.03397e-07 4.29717e-07 3.66608e-07 3.12591e-07 2.66385e-07 2.26885e-07 1.9314e-07 1.64327e-07 1.39742e-07 1.18775e-07 1.00904e-07 8.56809e-08 7.27199e-08 6.16908e-08 5.23105e-08 4.43367e-08 3.75617e-08 3.18083e-08 2.69247e-08 2.27813e-08 1.92677e-08 1.62894e-08 1.3766e-08 1.1629e-08 9.81992e-09 8.28916e-09 6.99442e-09 5.89976e-09 4.97463e-09 4.19308e-09 3.53308e-09 2.97595e-09
0.00031466 0.000408943 0.00048863 0.000553513 0.000603975 0.000640822 0.000665148 0.000678222 0.000681401 0.000676062 0.000663553 0.000645154 0.000622054 0.000595335 0.000565965 0.000534795 0.000502561 0.000469888 0.000437299 0.000405223 0.000374004 0.000343908 0.000315137 0.000287834 0.000262093 0.000237966 0.000215474 0.000194605 0.000175329 0.000157597 0.000141345 0.000126503 0.000112993 0.000100733 8.96379e-05 7.9625e-05 7.06114e-05 6.25169e-05 5.52642e-05 4.87799e-05 4.29943e-05 3.78423e-05 3.3263e-05 2.92e-05 2.56012e-05 2.24188e-05 1.9609e-05 1.71319e-05 1.49513e-05 1.30344e-05 1.13514e-05 9.87586e-06 8.58373e-06 7.45358e-06 6.46627e-06 5.60471e-06 4.8537e-06 4.19975e-06 3.6309e-06 3.13657e-06 2.70741e-06 2.33517e-06 2.0126e-06 1.73332e-06 1.49173e-06 1.28292e-06 1.10259e-06 9.46968e-07 8.12783e-07 6.97168e-07 5.97625e-07 5.11983e-07 4.38351e-07 3.75089e-07 3.20773e-07 2.74168e-07 2.34205e-07 1.99959e-07 1.7063e-07 1.45527e-07 1.24055e-07 1.05697e-07 9.0012e-08 7.66175e-08 6.51854e-08 5.54333e-08 4.71187e-08 4.00332e-08 3.39982e-08 2.88604e-08 2.44887e-08 2.07704e-08 1.76095e-08 1.49236e-08 1.26422e-08 1.07055e-08 9.06191e-09 7.66776e-09 6.48567e-09 5.4838e-09 4.63501e-09
0.000251728 0.000338588 0.000414911 0.000479771 0.000532861 0.000574349 0.000604757 0.000624858 0.000635589 0.000637985 0.000633117 0.000622054 0.000605831 0.000585421 0.000561727 0.000535566 0.000507665 0.000478665 0.000449117 0.000419491 0.000390178 0.000361496 0.000333702 0.000306992 0.000281513 0.000257368 0.000234622 0.000213308 0.000193434 0.000174984 0.000157929 0.000142221 0.000127806 0.000114621 0.000102598 9.16676e-05 8.17565e-05 7.27932e-05 6.47068e-05 5.74284e-05 5.08915e-05 4.5033e-05 3.97928e-05 3.51146e-05 3.09457e-05 2.72371e-05 2.39435e-05 2.10231e-05 1.84376e-05 1.6152e-05 1.41344e-05 1.23558e-05 1.07899e-05 9.41311e-06 8.20405e-06 7.14355e-06 6.21445e-06 5.40136e-06 4.69058e-06 4.06987e-06 3.52839e-06 3.05649e-06 2.64562e-06 2.28822e-06 1.97762e-06 1.70793e-06 1.47396e-06 1.27115e-06 1.0955e-06 9.43485e-07 8.12034e-07 6.98449e-07 6.00375e-07 5.15754e-07 4.42794e-07 3.79931e-07 3.25804e-07 2.79229e-07 2.3918e-07 2.04763e-07 1.75204e-07 1.49834e-07 1.28071e-07 1.09414e-07 9.34284e-08 7.97394e-08 6.80234e-08 5.80014e-08 4.94331e-08 4.21114e-08 3.58581e-08 3.05199e-08 2.59652e-08 2.20808e-08 1.87696e-08 1.59484e-08 1.35458e-08 1.15005e-08 9.76018e-09 8.28002e-09 7.02165e-09
0.000201383 0.000280017 0.000351549 0.00041459 0.000468341 0.000512483 0.000547079 0.00057248 0.000589252 0.000598107 0.000599851 0.000595335 0.000585421 0.000570957 0.00055275 0.000531558 0.000508077 0.000482935 0.00045669 0.000429829 0.000402774 0.00037588 0.000349444 0.000323705 0.000298855 0.000275039 0.000252365 0.000230906 0.000210706 0.000191783 0.000174138 0.000157751 0.000142592 0.000128619 0.000115781 0.000104024 9.32883e-05 8.35118e-05 7.46323e-05 6.65875e-05 5.93158e-05 5.27577e-05 4.68556e-05 4.15547e-05 3.68029e-05 3.25513e-05 2.87538e-05 2.53677e-05 2.23534e-05 1.96742e-05 1.72965e-05 1.51894e-05 1.33247e-05 1.16768e-05 1.02223e-05 8.94023e-06 7.81144e-06 6.81881e-06 5.9469e-06 5.1819e-06 4.5114e-06 3.92435e-06 3.41088e-06 2.96222e-06 2.57056e-06 2.22897e-06 1.93133e-06 1.67221e-06 1.44682e-06 1.25093e-06 1.08083e-06 9.33225e-07 8.05252e-07 6.94381e-07 5.98398e-07 5.15365e-07 4.43585e-07 3.81575e-07 3.28044e-07 2.81861e-07 2.42045e-07 2.07738e-07 1.78199e-07 1.52778e-07 1.30916e-07 1.12125e-07 9.5983e-08 8.21244e-08 7.02327e-08 6.00343e-08 5.12928e-08 4.3804e-08 3.73916e-08 3.19037e-08 2.72093e-08 2.31956e-08 1.97656e-08 1.68358e-08 1.43344e-08 1.21997e-08 1.03787e-08
0.000161106 0.000231331 0.000297268 0.000357269 0.000410216 0.000455439 0.000492647 0.00052185 0.000543296 0.000557414 0.000564757 0.000565965 0.000561727 0.00055275 0.000539735 0.00052336 0.000504267 0.000483054 0.000460265 0.000436389 0.000411858 0.000387051 0.000362291 0.00033785 0.000313955 0.000290788 0.000268491 0.000247174 0.000226915 0.000207763 0.000189748 0.000172879 0.000157148 0.000142536 0.000129011 0.000116536 0.000105064 9.45456e-05 8.49294e-05 7.61607e-05 6.81848e-05 6.09472e-05 5.43944e-05 4.84743e-05 4.31367e-05 3.83338e-05 3.40201e-05 3.01526e-05 2.66913e-05 2.35985e-05 2.08394e-05 1.83818e-05 1.61959e-05 1.42545e-05 1.25326e-05 1.10074e-05 9.65822e-06 8.46614e-06 7.41417e-06 6.48693e-06 5.67054e-06 4.95255e-06 4.32176e-06 3.76816e-06 3.28279e-06 2.85766e-06 2.48564e-06 2.16041e-06 1.87633e-06 1.62842e-06 1.41226e-06 1.22393e-06 1.05999e-06 9.17397e-07 7.93464e-07 6.85832e-07 5.92427e-07 5.11426e-07 4.41233e-07 3.80447e-07 3.27844e-07 2.82353e-07 2.43037e-07 2.0908e-07 1.79771e-07 1.54487e-07 1.3269e-07 1.1391e-07 9.77391e-08 8.38218e-08 7.18512e-08 6.15606e-08 5.27189e-08 4.51261e-08 3.86092e-08 3.30187e-08 2.82251e-08 2.41169e-08 2.05979e-08 1.75849e-08 1.50064e-08
0.000128885 0.000190919 0.000250904 0.000307089 0.000358173 0.000403258 0.000441792 0.000473521 0.000498432 0.000516709 0.000528682 0.000534795 0.000535566 0.000531558 0.00052336 0.000511557 0.000496727 0.000479417 0.000460144 0.000439381 0.00041756 0.000395065 0.000372236 0.000349368 0.00032671 0.000304475 0.000282836 0.00026193 0.000241865 0.000222723 0.000204558 0.000187405 0.000171282 0.00015619 0.000142117 0.000129043 0.000116937 0.000105763 9.54803e-05 8.6044e-05 7.74076e-05 6.95232e-05 6.23425e-05 5.58176e-05 4.99013e-05 4.4548e-05 3.97138e-05 3.53564e-05 3.14361e-05 2.79152e-05 2.47581e-05 2.19319e-05 1.94059e-05 1.71514e-05 1.51423e-05 1.33543e-05 1.17653e-05 1.03548e-05 9.10449e-06 7.99747e-06 7.01849e-06 6.15373e-06 5.39072e-06 4.71822e-06 4.12611e-06 3.60532e-06 3.1477e-06 2.746e-06 2.39371e-06 2.08503e-06 1.81481e-06 1.57846e-06 1.37192e-06 1.19158e-06 1.03424e-06 8.97069e-07 7.77585e-07 6.73583e-07 5.83123e-07 5.045e-07 4.36214e-07 3.76946e-07 3.2554e-07 2.80984e-07 2.4239e-07 2.08981e-07 1.80079e-07 1.55091e-07 1.335e-07 1.14856e-07 9.87659e-08 8.48872e-08 7.2923e-08 6.26149e-08 5.37383e-08 4.60986e-08 3.95268e-08 3.38766e-08 2.90211e-08 2.48506e-08 2.12702e-08
0.000103108 0.000157419 0.000211407 0.000263335 0.000311828 0.000355853 0.000394684 0.00042787 0.000455195 0.000476638 0.000492338 0.000502561 0.000507665 0.000508077 0.000504267 0.000496727 0.000485955 0.000472442 0.000456662 0.000439063 0.00042006 0.000400034 0.00037933 0.000358253 0.00033707 0.000316014 0.000295279 0.000275029 0.000255398 0.000236492 0.00021839 0.000201152 0.000184818 0.00016941 0.000154936 0.000141392 0.000128765 0.000117032 0.000106164 9.61286e-05 8.68874e-05 7.84004e-05 7.06257e-05 6.35207e-05 5.70426e-05 5.11489e-05 4.57982e-05 4.095e-05 3.65655e-05 3.26077e-05 2.90413e-05 2.5833e-05 2.29516e-05 2.03678e-05 1.80544e-05 1.59861e-05 1.41396e-05 1.24933e-05 1.10274e-05 9.72385e-06 8.56609e-06 7.53906e-06 6.62904e-06 5.82363e-06 5.11158e-06 4.48273e-06 3.92795e-06 3.43901e-06 3.00851e-06 2.62984e-06 2.29707e-06 2.00489e-06 1.74859e-06 1.52396e-06 1.32724e-06 1.15512e-06 1.00464e-06 8.73175e-07 7.58422e-07 6.58328e-07 5.71085e-07 4.95098e-07 4.28963e-07 3.71441e-07 3.21444e-07 2.78018e-07 2.40324e-07 2.07625e-07 1.79278e-07 1.54718e-07 1.33452e-07 1.1505e-07 9.91355e-08 8.53793e-08 7.34958e-08 6.32357e-08 5.4382e-08 4.6746e-08 4.01636e-08 3.44924e-08 2.96087e-08
8.24863e-05 0.000129682 0.000177843 0.000225324 0.000270756 0.000313048 0.00035137 0.000385136 0.000413976 0.000437706 0.000456307 0.000469888 0.000478665 0.000482935 0.000483054 0.000479417 0.000472442 0.000462554 0.000450177 0.000435722 0.000419579 0.000402116 0.000383671 0.000364552 0.000345034 0.000325361 0.000305746 0.000286371 0.000267391 0.000248931 0.000231096 0.000213965 0.000197598 0.000182038 0.000167313 0.000153435 0.000140406 0.00012822 0.00011686 0.000106303 9.65232e-05 8.74881e-05 7.91636e-05 7.15134e-05 6.44997e-05 5.80844e-05 5.22293e-05 4.68967e-05 4.20498e-05 3.76527e-05 3.36712e-05 3.00722e-05 2.68246e-05 2.38989e-05 2.12674e-05 1.8904e-05 1.67846e-05 1.48868e-05 1.31896e-05 1.16739e-05 1.03221e-05 9.11789e-06 8.04649e-06 7.09439e-06 6.24926e-06 5.49993e-06 4.83624e-06 4.24904e-06 3.73004e-06 3.27178e-06 2.86754e-06 2.51129e-06 2.19762e-06 1.9217e-06 1.6792e-06 1.46625e-06 1.2794e-06 1.1156e-06 9.72116e-07 8.46523e-07 7.36678e-07 6.40679e-07 5.5684e-07 4.83676e-07 4.19871e-07 3.64268e-07 3.15844e-07 2.737e-07 2.37047e-07 2.05188e-07 1.77515e-07 1.53492e-07 1.3265e-07 1.14579e-07 9.89198e-08 8.53577e-08 7.36187e-08 6.34633e-08 5.46827e-08 4.70948e-08 4.0541e-08
6.5989e-05 0.000106743 0.000149385 0.000192409 0.000234513 0.000274603 0.000311803 0.000345442 0.000375042 0.000400297 0.000421055 0.000437299 0.000449117 0.00045669 0.000460265 0.000460144 0.000456662 0.000450177 0.000441057 0.000429667 0.000416368 0.000401503 0.000385397 0.00036835 0.000350641 0.000332517 0.000314202 0.000295891 0.000277754 0.000259934 0.000242553 0.00022571 0.000209484 0.000193935 0.000179108 0.000165034 0.000151729 0.000139201 0.000127447 0.000116456 0.000106212 9.66929e-05 8.78719e-05 7.972e-05 7.22058e-05 6.5296e-05 5.89569e-05 5.3154e-05 4.78532e-05 4.30208e-05 3.8624e-05 3.46309e-05 3.1011e-05 2.77349e-05 2.47749e-05 2.21048e-05 1.96999e-05 1.75371e-05 1.55948e-05 1.38529e-05 1.22928e-05 1.08975e-05 9.65108e-06 8.539e-06 7.54799e-06 6.66588e-06 5.8816e-06 5.18505e-06 4.56708e-06 4.0194e-06 3.5345e-06 3.1056e-06 2.72661e-06 2.39203e-06 2.09692e-06 1.83686e-06 1.60789e-06 1.40647e-06 1.22942e-06 1.07392e-06 9.37466e-07 8.1781e-07 7.12967e-07 6.2117e-07 5.40856e-07 4.70638e-07 4.0929e-07 3.55729e-07 3.08998e-07 2.68253e-07 2.3275e-07 2.01834e-07 1.7493e-07 1.51531e-07 1.31194e-07 1.13527e-07 9.81891e-08 8.4881e-08 7.33405e-08 6.33383e-08 5.46741e-08
5.27912e-05 8.77919e-05 0.000125305 0.000163993 0.000202654 0.000240239 0.000275866 0.000308823 0.000338561 0.000364687 0.00038695 0.000405223 0.000419491 0.000429829 0.000436389 0.000439381 0.000439063 0.000435722 0.000429667 0.000421218 0.000410695 0.000398412 0.000384674 0.00036977 0.000353969 0.00033752 0.00032065 0.00030356 0.000286433 0.000269424 0.000252669 0.000236283 0.000220361 0.000204979 0.000190198 0.000176065 0.00016261 0.000149856 0.000137812 0.000126479 0.000115853 0.00010592 9.66637e-05 8.8062e-05 8.00902e-05 7.2721e-05 6.59255e-05 5.96735e-05 5.39343e-05 4.86769e-05 4.38706e-05 3.94853e-05 3.54916e-05 3.1861e-05 2.85662e-05 2.55811e-05 2.2881e-05 2.04423e-05 1.82432e-05 1.62629e-05 1.44821e-05 1.2883e-05 1.14488e-05 1.01642e-05 9.0151e-06 7.98835e-06 7.07201e-06 6.25514e-06 5.52776e-06 4.88075e-06 4.30583e-06 3.7955e-06 3.34295e-06 2.94203e-06 2.58718e-06 2.2734e-06 1.99619e-06 1.7515e-06 1.5357e-06 1.34555e-06 1.17812e-06 1.03083e-06 9.01357e-07 7.8763e-07 6.87811e-07 6.00264e-07 5.23537e-07 4.56339e-07 3.97529e-07 3.46095e-07 3.01141e-07 2.61878e-07 2.27607e-07 1.97712e-07 1.7165e-07 1.48945e-07 1.29175e-07 1.11972e-07 9.70104e-08 8.4006e-08 7.27091e-08
4.2233e-05 7.21518e-05 0.000104968 0.000139528 0.000174749 0.000209655 0.000243394 0.000275243 0.000304618 0.000331067 0.000354266 0.000374004 0.000390178 0.000402774 0.000411858 0.00041756 0.00042006 0.000419579 0.000416368 0.000410695 0.000402838 0.000393078 0.000381696 0.000368959 0.000355126 0.000340439 0.000325122 0.000309382 0.000293403 0.000277353 0.000261376 0.0002456 0.000230133 0.000215066 0.000200474 0.000186415 0.000172936 0.000160072 0.000147844 0.000136267 0.000125345 0.000115076 0.000105452 9.64587e-05 8.80793e-05 8.02928e-05 7.30756e-05 6.64025e-05 6.02467e-05 5.45807e-05 4.93767e-05 4.46065e-05 4.02427e-05 3.6258e-05 3.2626e-05 2.93214e-05 2.63195e-05 2.3597e-05 2.11319e-05 1.89031e-05 1.68908e-05 1.50767e-05 1.34435e-05 1.19749e-05 1.06563e-05 9.4736e-06 8.41422e-06 7.46638e-06 6.61931e-06 5.86314e-06 5.18885e-06 4.58821e-06 4.05372e-06 3.57859e-06 3.15662e-06 2.78223e-06 2.45037e-06 2.15647e-06 1.89642e-06 1.66653e-06 1.46346e-06 1.28425e-06 1.12621e-06 9.86954e-07 8.64349e-07 7.56484e-07 6.6166e-07 5.78359e-07 5.05236e-07 4.41091e-07 3.84861e-07 3.35603e-07 2.92482e-07 2.54757e-07 2.21775e-07 1.92957e-07 1.67793e-07 1.45834e-07 1.26682e-07 1.09989e-07 9.54469e-08
3.37864e-05 5.9256e-05 8.78242e-05 0.000118516 0.000150384 0.000182542 0.000214188 0.000244617 0.000273234 0.000299554 0.000323203 0.000343908 0.000361496 0.00037588 0.000387051 0.000395065 0.000400034 0.000402116 0.000401503 0.000398412 0.000393078 0.000385747 0.000376667 0.000366085 0.000354242 0.000341368 0.000327682 0.000313387 0.00029867 0.000283701 0.000268634 0.000253605 0.000238731 0.000224114 0.000209843 0.000195988 0.000182607 0.000169748 0.000157445 0.000145721 0.000134594 0.00012407 0.00011415 0.000104829 9.60985e-05 8.79428e-05 8.03449e-05 7.32849e-05 6.67405e-05 6.06883e-05 5.51036e-05 4.99612e-05 4.52358e-05 4.0902e-05 3.69348e-05 3.33098e-05 3.00032e-05 2.69921e-05 2.42545e-05 2.17695e-05 1.95172e-05 1.74788e-05 1.56365e-05 1.39739e-05 1.24753e-05 1.11263e-05 9.91355e-06 8.82459e-06 7.84794e-06 6.97303e-06 6.19014e-06 5.49037e-06 4.86554e-06 4.30822e-06 3.81161e-06 3.36954e-06 2.97639e-06 2.62709e-06 2.31703e-06 2.04205e-06 1.79839e-06 1.58267e-06 1.39185e-06 1.22319e-06 1.07424e-06 9.42808e-07 8.26912e-07 7.24798e-07 6.34892e-07 5.55794e-07 4.86254e-07 4.25159e-07 3.71522e-07 3.24462e-07 2.83202e-07 2.4705e-07 2.15394e-07 1.87691e-07 1.63464e-07 1.42289e-07 1.23793e-07
2.70291e-05 4.86325e-05 7.33947e-05 0.000100512 0.000129173 0.000158591 0.000188029 0.000216819 0.000244376 0.000270203 0.000293895 0.000315137 0.000333702 0.000349444 0.000362291 0.000372236 0.00037933 0.000383671 0.000385397 0.000384674 0.000381696 0.000376667 0.000369806 0.000361333 0.000351468 0.000340426 0.000328415 0.000315632 0.000302261 0.000288474 0.000274427 0.00026026 0.000246101 0.00023206 0.000218232 0.000204702 0.000191537 0.000178795 0.000166521 0.00015475 0.000143508 0.000132813 0.000122674 0.000113095 0.000104073 9.56015e-05 8.76693e-05 8.02621e-05 7.33627e-05 6.6952e-05 6.10092e-05 5.55123e-05 5.04388e-05 4.57654e-05 4.14692e-05 3.7527e-05 3.39163e-05 3.06149e-05 2.76014e-05 2.48552e-05 2.23564e-05 2.00864e-05 1.8027e-05 1.61615e-05 1.44739e-05 1.29493e-05 1.15737e-05 1.03342e-05 9.21865e-06 8.21584e-06 7.31542e-06 6.50787e-06 5.78439e-06 5.13694e-06 4.55813e-06 4.0412e-06 3.58001e-06 3.16895e-06 2.8029e-06 2.47725e-06 2.1878e-06 1.93076e-06 1.70269e-06 1.50049e-06 1.3214e-06 1.16288e-06 1.0227e-06 8.98819e-07 7.89435e-07 6.92923e-07 6.07829e-07 5.32857e-07 4.6685e-07 4.08776e-07 3.57716e-07 3.12854e-07 2.73463e-07 2.38899e-07 2.08588e-07 1.82024e-07 1.58759e-07
2.16233e-05 3.98882e-05 6.12686e-05 8.5119e-05 0.000110758 0.000137502 0.000164689 0.000191701 0.000217976 0.000243022 0.000266422 0.000287834 0.000306992 0.000323705 0.00033785 0.000349368 0.000358253 0.000364552 0.00036835 0.00036977 0.000368959 0.000366085 0.000361333 0.000354895 0.000346967 0.000337746 0.000327426 0.000316194 0.000304229 0.000291699 0.000278759 0.000265554 0.000252215 0.000238857 0.000225586 0.000212491 0.000199651 0.000187133 0.000174991 0.000163271 0.000152006 0.000141225 0.000130945 0.000121178 0.000111929 0.0001032 9.49842e-05 8.72743e-05 8.00583e-05 7.33219e-05 6.70484e-05 6.12196e-05 5.58159e-05 5.08171e-05 4.62021e-05 4.19499e-05 3.80392e-05 3.44493e-05 3.11595e-05 2.81498e-05 2.54008e-05 2.2894e-05 2.06114e-05 1.85361e-05 1.66519e-05 1.49436e-05 1.33969e-05 1.19982e-05 1.07351e-05 9.59579e-06 8.56937e-06 7.64574e-06 6.81555e-06 6.07017e-06 5.40165e-06 4.80271e-06 4.26666e-06 3.78736e-06 3.35923e-06 2.97718e-06 2.63656e-06 2.33316e-06 2.06315e-06 1.82307e-06 1.60978e-06 1.42045e-06 1.25253e-06 1.10371e-06 9.71934e-07 8.55333e-07 7.52237e-07 6.61151e-07 5.80735e-07 5.09789e-07 4.47241e-07 3.92136e-07 3.43621e-07 3.00936e-07 2.63405e-07 2.30426e-07 2.01467e-07
1.72986e-05 3.26963e-05 5.10929e-05 7.19839e-05 9.48106e-05 0.00011899 0.000143938 0.000169094 0.000193933 0.000217981 0.000240819 0.000262093 0.000281513 0.000298855 0.000313955 0.00032671 0.00033707 0.000345034 0.000350641 0.000353969 0.000355126 0.000354242 0.000351468 0.000346967 0.00034091 0.000333474 0.000324835 0.000315168 0.000304643 0.000293422 0.000281657 0.000269492 0.00025706 0.000244481 0.000231864 0.000219307 0.000206893 0.000194699 0.000182787 0.00017121 0.000160013 0.000149229 0.000138887 0.000129006 0.000119597 0.00011067 0.000102225 9.42613e-05 8.67715e-05 7.97464e-05 7.31742e-05 6.70403e-05 6.1329e-05 5.60228e-05 5.11036e-05 4.65522e-05 4.23496e-05 3.84762e-05 3.49128e-05 3.16402e-05 2.86399e-05 2.58935e-05 2.33837e-05 2.10935e-05 1.90067e-05 1.71081e-05 1.53831e-05 1.38179e-05 1.23995e-05 1.11158e-05 9.95555e-06 8.90802e-06 7.9634e-06 7.11256e-06 6.34703e-06 5.65902e-06 5.04132e-06 4.48732e-06 3.99095e-06 3.54666e-06 3.14936e-06 2.79442e-06 2.47762e-06 2.1951e-06 1.94338e-06 1.7193e-06 1.51999e-06 1.34286e-06 1.18556e-06 1.046e-06 9.22254e-07 8.12626e-07 7.15576e-07 6.29724e-07 5.53831e-07 4.86791e-07 4.27611e-07 3.75407e-07 3.29385e-07 2.88842e-07 2.53147e-07
1.38389e-05 2.67856e-05 4.25652e-05 6.07964e-05 8.10316e-05 0.000102783 0.000125548 0.000148823 0.000172129 0.000195018 0.000217082 0.000237966 0.000257368 0.000275039 0.000290788 0.000304475 0.000316014 0.000325361 0.000332517 0.00033752 0.000340439 0.000341368 0.000340426 0.000337746 0.000333474 0.000327763 0.000320773 0.000312662 0.000303589 0.000293706 0.000283163 0.000272098 0.000260644 0.000248923 0.000237045 0.000225113 0.000213218 0.00020144 0.000189849 0.000178505 0.000167461 0.000156759 0.000146432 0.000136509 0.000127009 0.000117947 0.000109331 0.000101164 9.34461e-05 8.61733e-05 7.9338e-05 7.29301e-05 6.69375e-05 6.13462e-05 5.61409e-05 5.13052e-05 4.6822e-05 4.26736e-05 3.88425e-05 3.53106e-05 3.20603e-05 2.90743e-05 2.63354e-05 2.38272e-05 2.15338e-05 1.94399e-05 1.75308e-05 1.57928e-05 1.42125e-05 1.27775e-05 1.14762e-05 1.02976e-05 9.23136e-06 8.26793e-06 7.39838e-06 6.61445e-06 5.90847e-06 5.27337e-06 4.70263e-06 4.19024e-06 3.7307e-06 3.31894e-06 2.95036e-06 2.62072e-06 2.32618e-06 2.06324e-06 1.8287e-06 1.61969e-06 1.43357e-06 1.26797e-06 1.12075e-06 9.8997e-07 8.73884e-07 7.70919e-07 6.79659e-07 5.98833e-07 5.27298e-07 4.6403e-07 4.08113e-07 3.58726e-07 3.15135e-07
1.10711e-05 2.19313e-05 3.54278e-05 5.12843e-05 6.91522e-05 8.86326e-05 0.000109298 0.000130708 0.000152431 0.000174051 0.000195181 0.000215474 0.000234622 0.000252365 0.000268491 0.000282836 0.000295279 0.000305746 0.000314202 0.00032065 0.000325122 0.000327682 0.000328415 0.000327426 0.000324835 0.000320773 0.000315378 0.000308793 0.000301163 0.00029263 0.000283335 0.000273411 0.000262989 0.000252188 0.000241121 0.000229892 0.000218596 0.000207316 0.00019613 0.000185104 0.000174295 0.000163753 0.000153519 0.000143627 0.000134103 0.000124969 0.00011624 0.000107924 0.000100027 9.25504e-05 8.54911e-05 7.88435e-05 7.25996e-05 6.6749e-05 6.12794e-05 5.61775e-05 5.14285e-05 4.7017e-05 4.29271e-05 3.91424e-05 3.56465e-05 3.24229e-05 2.94556e-05 2.67286e-05 2.42263e-05 2.19338e-05 1.98365e-05 1.79207e-05 1.6173e-05 1.45809e-05 1.31324e-05 1.18162e-05 1.06218e-05 9.53913e-06 8.55897e-06 7.6726e-06 6.87196e-06 6.14954e-06 5.4984e-06 4.91211e-06 4.38475e-06 3.91087e-06 3.48546e-06 3.10392e-06 2.76205e-06 2.456e-06 2.18226e-06 1.93764e-06 1.71922e-06 1.52436e-06 1.35066e-06 1.19595e-06 1.05826e-06 9.3581e-07 8.27e-07 7.30381e-07 6.4465e-07 5.68634e-07 5.0128e-07 4.41642e-07 3.88872e-07
8.8569e-06 1.79474e-05 2.9461e-05 4.32098e-05 5.89311e-05 7.63064e-05 9.4979e-05 0.000114571 0.000134698 0.000154982 0.000175062 0.000194605 0.000213308 0.000230906 0.000247174 0.00026193 0.000275029 0.000286371 0.000295891 0.00030356 0.000309382 0.000313387 0.000315632 0.000316194 0.000315168 0.000312662 0.000308793 0.000303687 0.000297473 0.000290282 0.000282243 0.000273485 0.00026413 0.000254298 0.000244099 0.000233637 0.000223008 0.000212302 0.000201596 0.000190964 0.000180467 0.00017016 0.000160091 0.000150301 0.000140821 0.000131679 0.000122896 0.000114486 0.000106461 9.88264e-05 9.15847e-05 8.47348e-05 7.82726e-05 7.21915e-05 6.64829e-05 6.11362e-05 5.61395e-05 5.14797e-05 4.7143e-05 4.31148e-05 3.93802e-05 3.59241e-05 3.27312e-05 2.97865e-05 2.70752e-05 2.45827e-05 2.22948e-05 2.01978e-05 1.82786e-05 1.65245e-05 1.49236e-05 1.34643e-05 1.21359e-05 1.0928e-05 9.83116e-06 8.83628e-06 7.93492e-06 7.11922e-06 6.38184e-06 5.71598e-06 5.11533e-06 4.57404e-06 4.08675e-06 3.6485e-06 3.25471e-06 2.90122e-06 2.58419e-06 2.30011e-06 2.04578e-06 1.81829e-06 1.61496e-06 1.43338e-06 1.27136e-06 1.12691e-06 9.98211e-07 8.83644e-07 7.81731e-07 6.9114e-07 6.10673e-07 5.39248e-07 4.75893e-07
7.08552e-06 1.46797e-05 2.44784e-05 3.6366e-05 5.01536e-05 6.55934e-05 8.23946e-05 0.000100237 0.000118786 0.000137702 0.000156655 0.000175329 0.000193434 0.000210706 0.000226915 0.000241865 0.000255398 0.000267391 0.000277754 0.000286433 0.000293403 0.00029867 0.000302261 0.000304229 0.000304643 0.000303589 0.000301163 0.000297473 0.000292632 0.000286757 0.000279968 0.000272383 0.000264118 0.000255287 0.000245998 0.000236355 0.000226452 0.000216381 0.000206224 0.000196053 0.000185938 0.000175938 0.000166104 0.000156482 0.000147112 0.000138024 0.000129246 0.000120798 0.000112696 0.000104952 9.75711e-05 9.05584e-05 8.39136e-05 7.76338e-05 7.1714e-05 6.61468e-05 6.09234e-05 5.60332e-05 5.14645e-05 4.7205e-05 4.32413e-05 3.95599e-05 3.61469e-05 3.29881e-05 3.00696e-05 2.73775e-05 2.48982e-05 2.26183e-05 2.05248e-05 1.86054e-05 1.68479e-05 1.5241e-05 1.37735e-05 1.24353e-05 1.12163e-05 1.01074e-05 9.09969e-06 8.18511e-06 7.35595e-06 6.60506e-06 5.92578e-06 5.31193e-06 4.75776e-06 4.25799e-06 3.8077e-06 3.40239e-06 3.0379e-06 2.71043e-06 2.41648e-06 2.15285e-06 1.91661e-06 1.7051e-06 1.51589e-06 1.34676e-06 1.19571e-06 1.0609e-06 9.40681e-07 8.33555e-07 7.38166e-07 6.5329e-07 5.77823e-07
5.66842e-06 1.20012e-05 2.03221e-05 3.05738e-05 4.26291e-05 5.63021e-05 7.1361e-05 8.75399e-05 0.000104551 0.000122096 0.000139875 0.000157597 0.000174984 0.000191783 0.000207763 0.000222723 0.000236492 0.000248931 0.000259934 0.000269424 0.000277353 0.000283701 0.000288474 0.000291699 0.000293422 0.000293706 0.00029263 0.000290282 0.000286757 0.000282161 0.000276598 0.000270178 0.000263009 0.000255199 0.00024685 0.000238064 0.000228935 0.000219552 0.000209999 0.000200352 0.000190682 0.000181052 0.000171517 0.000162129 0.00015293 0.000143958 0.000135243 0.000126812 0.000118685 0.000110879 0.000103404 9.62702e-05 8.94802e-05 8.30357e-05 7.69351e-05 7.11744e-05 6.57479e-05 6.06476e-05 5.58645e-05 5.13884e-05 4.72079e-05 4.3311e-05 3.96855e-05 3.63183e-05 3.31967e-05 3.03074e-05 2.76377e-05 2.51746e-05 2.29057e-05 2.08188e-05 1.8902e-05 1.71439e-05 1.55336e-05 1.40605e-05 1.27147e-05 1.14868e-05 1.03677e-05 9.34914e-06 8.42302e-06 7.58195e-06 6.81895e-06 6.12753e-06 5.50162e-06 4.9356e-06 4.42425e-06 3.96274e-06 3.54662e-06 3.17177e-06 2.83441e-06 2.53107e-06 2.25855e-06 2.01393e-06 1.79455e-06 1.59797e-06 1.42195e-06 1.26447e-06 1.1237e-06 9.97947e-07 8.85704e-07 7.85592e-07 6.96364e-07
4.53473e-06 9.80696e-06 1.68585e-05 2.56782e-05 3.61895e-05 4.82597e-05 6.17091e-05 7.63212e-05 9.18531e-05 0.000108046 0.000124632 0.000141345 0.000157929 0.000174138 0.000189748 0.000204558 0.00021839 0.000231096 0.000242553 0.000252669 0.000261376 0.000268634 0.000274427 0.000278759 0.000281657 0.000283163 0.000283335 0.000282243 0.000279968 0.000276598 0.000272227 0.000266952 0.000260873 0.000254088 0.000246697 0.000238794 0.000230472 0.00022182 0.00021292 0.000203849 0.00019468 0.000185477 0.000176302 0.000167206 0.000158237 0.000149438 0.000140842 0.000132482 0.000124382 0.000116563 0.000109041 0.000101827 9.49311e-05 8.83575e-05 8.21085e-05 7.61835e-05 7.05797e-05 6.52923e-05 6.03147e-05 5.56391e-05 5.12563e-05 4.71562e-05 4.33281e-05 3.97605e-05 3.64417e-05 3.33597e-05 3.05024e-05 2.78578e-05 2.54138e-05 2.31588e-05 2.10811e-05 1.91695e-05 1.74133e-05 1.5802e-05 1.43256e-05 1.29745e-05 1.17396e-05 1.06124e-05 9.58461e-06 8.64858e-06 7.79708e-06 7.02334e-06 6.321e-06 5.68415e-06 5.10728e-06 4.58526e-06 4.11334e-06 3.68713e-06 3.30255e-06 2.95587e-06 2.64362e-06 2.36264e-06 2.11002e-06 1.88308e-06 1.67939e-06 1.49671e-06 1.33301e-06 1.18643e-06 1.05529e-06 9.38035e-07 8.33287e-07
3.62779e-06 8.01035e-06 1.3975e-05 2.15457e-05 3.06872e-05 4.13112e-05 5.32836e-05 6.64323e-05 8.05561e-05 9.5433e-05 0.000110829 0.000126503 0.000142221 0.000157751 0.000172879 0.000187405 0.000201152 0.000213965 0.00022571 0.000236283 0.0002456 0.000253605 0.00026026 0.000265554 0.000269492 0.000272098 0.000273411 0.000273485 0.000272383 0.000270178 0.000266952 0.00026279 0.000257781 0.000252016 0.000245586 0.000238583 0.000231093 0.000223203 0.000214993 0.000206542 0.000197921 0.000189198 0.000180434 0.000171685 0.000163002 0.00015443 0.000146008 0.00013777 0.000129747 0.000121963 0.000114438 0.000107189 0.000100227 9.35608e-05 8.71973e-05 8.11388e-05 7.53856e-05 6.99359e-05 6.4786e-05 5.99303e-05 5.5362e-05 5.10731e-05 4.70544e-05 4.32964e-05 3.97885e-05 3.652e-05 3.348e-05 3.0657e-05 2.804e-05 2.56176e-05 2.33788e-05 2.13128e-05 1.9409e-05 1.7657e-05 1.6047e-05 1.45694e-05 1.3215e-05 1.19751e-05 1.08415e-05 9.80616e-06 8.86176e-06 8.00127e-06 7.21809e-06 6.50604e-06 5.85934e-06 5.27261e-06 4.74081e-06 4.25927e-06 3.82368e-06 3.43001e-06 3.07455e-06 2.7539e-06 2.46489e-06 2.20464e-06 1.97048e-06 1.75997e-06 1.57087e-06 1.40115e-06 1.24895e-06 1.11255e-06 9.9041e-07
2.90223e-06 6.5401e-06 1.15765e-05 1.80616e-05 2.59927e-05 3.53184e-05 4.59436e-05 5.77354e-05 7.05304e-05 8.4142e-05 9.8367e-05 0.000112993 0.000127806 0.000142592 0.000157148 0.000171282 0.000184818 0.000197598 0.000209484 0.000220361 0.000230133 0.000238731 0.000246101 0.000252215 0.00025706 0.000260644 0.000262989 0.00026413 0.000264118 0.000263009 0.000260873 0.000257781 0.000253813 0.00024905 0.000243577 0.000237476 0.000230832 0.000223725 0.000216235 0.000208439 0.000200406 0.000192205 0.0001839 0.000175546 0.000167199 0.000158904 0.000150706 0.000142642 0.000134745 0.000127043 0.00011956 0.000112317 0.000105329 9.86086e-05 9.21655e-05 8.60056e-05 8.01325e-05 7.45472e-05 6.92488e-05 6.42344e-05 5.94994e-05 5.5038e-05 5.0843e-05 4.69065e-05 4.32195e-05 3.97728e-05 3.65564e-05 3.35601e-05 3.07736e-05 2.81862e-05 2.57877e-05 2.35674e-05 2.15154e-05 1.96214e-05 1.78758e-05 1.62692e-05 1.47923e-05 1.34366e-05 1.21935e-05 1.10551e-05 1.00139e-05 9.06262e-06 8.19449e-06 7.40313e-06 6.68252e-06 6.02703e-06 5.43139e-06 4.89068e-06 4.40032e-06 3.95605e-06 3.55391e-06 3.19026e-06 2.86169e-06 2.5651e-06 2.2976e-06 2.05655e-06 1.83951e-06 1.64425e-06 1.46874e-06 1.31108e-06 1.16959e-06
