0.905207 0.0218905 0.0110381 0.00569349 0.00299663 0.00160492 0.000872119 0.00047945 0.00026593 0.000148445 8.32138e-05 4.67583e-05 2.62969e-05 1.47846e-05 8.30182e-06 4.65253e-06 2.60096e-06 1.44994e-06 8.05811e-07 4.46394e-07 2.46475e-07 1.3564e-07 7.43996e-08 4.06763e-08 2.21679e-08 1.20427e-08 6.52044e-09 3.51577e-09 1.88164e-09 9.87247e-10 5.28917e-10
0.0218905 0.000953048 0.00048764 0.000254092 0.000134111 7.13665e-05 3.81476e-05 2.04256e-05 1.09336e-05 5.84329e-06 3.11517e-06 1.65583e-06 8.77294e-07 4.63255e-07 2.43806e-07 1.27894e-07 6.68787e-08 3.48676e-08 1.81268e-08 9.3985e-09 4.86073e-09 2.50794e-09 1.29111e-09 6.63245e-10 3.39931e-10 1.73684e-10 8.81845e-11 4.39756e-11 2.06191e-11 7.42291e-12 3.71533e-12
0.0110381 0.00048764 0.000247925 0.000128286 6.72353e-05 3.55407e-05 1.88819e-05 1.00551e-05 5.35668e-06 2.85088e-06 1.51439e-06 8.02449e-07 4.24008e-07 2.23375e-07 1.17322e-07 6.1435e-08 3.20762e-08 1.67004e-08 8.67177e-09 4.49141e-09 2.32067e-09 1.19633e-09 6.15353e-10 3.15772e-10 1.61525e-10 8.20952e-11 4.09773e-11 1.92402e-11 6.9838e-12 3.47017e-12 1.73798e-12
0.00569349 0.000254092 0.000128286 6.5862e-05 3.42426e-05 1.79606e-05 9.47332e-06 5.01191e-06 2.65452e-06 1.40555e-06 7.43294e-07 3.92326e-07 2.06599e-07 1.08518e-07 5.68489e-08 2.97013e-08 1.54767e-08 8.04381e-09 4.1703e-09 2.15696e-09 1.11308e-09 5.73112e-10 2.94385e-10 1.50724e-10 7.66687e-11 3.82944e-11 1.79953e-11 6.56817e-12 3.27005e-12 1.62544e-12 8.14586e-13
0.00299663 0.000134111 6.72353e-05 3.42426e-05 1.76543e-05 9.18362e-06 4.80616e-06 2.5245e-06 1.32844e-06 6.99345e-07 3.67948e-07 1.93339e-07 1.01411e-07 5.30827e-08 2.77236e-08 1.44457e-08 7.50952e-09 3.8948e-09 2.01548e-09 1.04069e-09 5.36183e-10 2.75599e-10 1.41197e-10 7.18637e-11 3.59102e-11 1.6884e-11 6.19231e-12 3.08038e-12 1.53428e-12 7.62927e-13 3.82576e-13
0.00160492 7.13665e-05 3.55407e-05 1.79606e-05 9.18362e-06 4.73777e-06 2.45976e-06 1.28242e-06 6.70243e-07 3.50675e-07 1.83487e-07 9.59424e-08 5.0106e-08 2.61269e-08 1.3599e-08 7.06457e-09 3.66267e-09 1.89511e-09 9.78573e-10 5.04267e-10 2.59261e-10 1.32866e-10 6.76423e-11 3.38066e-11 1.58997e-11 5.85774e-12 2.90915e-12 1.44777e-12 7.21423e-13 3.58862e-13 1.80064e-13
0.000872119 3.81476e-05 1.88819e-05 9.47332e-06 4.80616e-06 2.45976e-06 1.26713e-06 6.55751e-07 3.40368e-07 1.76964e-07 9.20678e-08 4.78944e-08 2.48983e-08 1.29297e-08 6.70533e-09 3.47203e-09 1.79485e-09 9.26233e-10 4.77108e-10 2.45241e-10 1.25666e-10 6.39708e-11 3.19672e-11 1.5035e-11 5.56272e-12 2.75718e-12 1.36981e-12 6.81984e-13 3.3998e-13 1.69179e-13 8.49391e-14
0.00047945 2.04256e-05 1.00551e-05 5.01191e-06 2.5245e-06 1.28242e-06 6.55751e-07 3.36942e-07 1.73715e-07 8.97556e-08 4.64299e-08 2.40278e-08 1.24325e-08 6.4289e-09 3.32133e-09 1.7139e-09 8.83245e-10 4.54486e-10 2.33426e-10 1.19538e-10 6.08199e-11 3.03773e-11 1.42831e-11 5.30504e-12 2.62373e-12 1.30086e-12 6.46525e-13 3.22013e-13 1.60596e-13 7.99434e-14 4.01602e-14
0.00026593 1.09336e-05 5.35668e-06 2.65452e-06 1.32844e-06 6.70243e-07 3.40368e-07 1.73715e-07 8.89869e-08 4.57006e-08 2.35084e-08 1.21032e-08 6.23303e-09 3.20937e-09 1.65161e-09 8.49263e-10 4.3622e-10 2.23722e-10 1.14434e-10 5.81643e-11 2.90241e-11 1.36378e-11 5.08256e-12 2.50778e-12 1.24059e-12 6.15282e-13 3.05901e-13 1.52419e-13 7.60462e-14 3.7868e-14 1.90338e-14
0.000148445 5.84329e-06 2.85088e-06 1.40555e-06 6.99345e-07 3.50675e-07 1.76964e-07 8.97556e-08 4.57006e-08 2.33357e-08 1.19392e-08 6.11614e-09 3.13522e-09 1.60747e-09 8.24014e-10 4.22164e-10 2.1605e-10 1.10312e-10 5.5983e-11 2.78968e-11 1.3094e-11 4.89341e-12 2.40839e-12 1.18855e-12 5.88116e-13 2.91766e-13 1.45107e-13 7.23282e-14 3.61007e-14 1.79825e-14 9.04343e-15
8.32138e-05 3.11517e-06 1.51439e-06 7.43294e-07 3.67948e-07 1.83487e-07 9.20678e-08 4.64299e-08 2.35084e-08 1.19392e-08 6.07729e-09 3.0983e-09 1.58113e-09 8.07293e-10 4.12203e-10 2.1035e-10 1.0714e-10 5.42584e-11 2.69865e-11 1.26474e-11 4.73599e-12 2.32471e-12 1.14431e-12 5.64824e-13 2.7955e-13 1.38724e-13 6.90151e-14 3.44126e-14 1.71824e-14 8.56149e-15 4.30769e-15
4.67583e-05 1.65583e-06 8.02449e-07 3.92326e-07 1.93339e-07 9.59424e-08 4.78944e-08 2.40278e-08 1.21032e-08 6.11614e-09 3.0983e-09 1.57237e-09 7.98966e-10 4.06258e-10 2.06574e-10 1.04892e-10 5.29768e-11 2.62859e-11 1.22944e-11 4.60897e-12 2.25603e-12 1.10749e-12 5.45215e-13 2.69163e-13 1.33247e-13 6.61399e-14 3.29142e-14 1.64171e-14 8.1999e-15 4.08692e-15 2.05724e-15
2.62969e-05 8.77294e-07 4.24008e-07 2.06599e-07 1.01411e-07 5.0106e-08 2.48983e-08 1.24325e-08 6.23303e-09 3.13522e-09 1.58113e-09 7.98966e-10 4.04282e-10 2.04694e-10 1.0355e-10 5.21281e-11 2.57895e-11 1.2032e-11 4.51128e-12 2.20178e-12 1.07778e-12 5.29124e-13 2.60519e-13 1.28635e-13 6.36925e-14 3.16226e-14 1.57411e-14 7.85374e-15 3.9239e-15 1.95621e-15 9.85096e-16
1.47846e-05 4.63255e-07 2.23375e-07 1.08518e-07 5.30827e-08 2.61269e-08 1.29297e-08 6.4289e-09 3.20937e-09 1.60747e-09 8.07293e-10 4.06258e-10 2.04694e-10 1.03104e-10 5.17054e-11 2.54932e-11 1.18583e-11 4.44208e-12 2.16149e-12 1.05493e-12 5.16412e-13 2.53546e-13 1.2485e-13 6.16554e-14 3.05338e-14 1.51629e-14 7.54956e-15 3.76769e-15 1.88292e-15 9.38908e-16 4.72976e-16
8.30182e-06 2.43806e-07 1.17322e-07 5.68489e-08 2.77236e-08 1.3599e-08 6.70533e-09 3.32133e-09 1.65161e-09 8.24014e-10 4.12203e-10 2.06574e-10 1.0355e-10 5.17054e-11 2.53947e-11 1.17718e-11 4.4008e-12 2.13482e-12 1.03875e-12 5.06972e-13 2.48183e-13 1.2186e-13 6.00119e-14 2.964e-14 1.4681e-14 7.2918e-15 3.63131e-15 1.81265e-15 9.0608e-16 4.51894e-16 2.27709e-16
4.65253e-06 1.27894e-07 6.1435e-08 2.97013e-08 1.44457e-08 7.06457e-09 3.47203e-09 1.7139e-09 8.49263e-10 4.22164e-10 2.1035e-10 1.04892e-10 5.21281e-11 2.54932e-11 1.17718e-11 4.38707e-12 2.12153e-12 1.0291e-12 5.00723e-13 2.44384e-13 1.1964e-13 5.8748e-14 2.89339e-14 1.4292e-14 7.07992e-15 3.51701e-15 1.75176e-15 8.74581e-16 4.37251e-16 2.18104e-16 1.09928e-16
2.60096e-06 6.68787e-08 3.20762e-08 1.54767e-08 7.50952e-09 3.66267e-09 1.79485e-09 8.83245e-10 4.3622e-10 2.1605e-10 1.0714e-10 5.29768e-11 2.57895e-11 1.18583e-11 4.4008e-12 2.12153e-12 1.02589e-12 4.97612e-13 2.42118e-13 1.1817e-13 5.78529e-14 2.84096e-14 1.39929e-14 6.91249e-15 3.42462e-15 1.7014e-15 8.4754e-16 4.23198e-16 2.11608e-16 1.05563e-16 5.32144e-17
1.44994e-06 3.48676e-08 1.67004e-08 8.04381e-09 3.8948e-09 1.89511e-09 9.26233e-10 4.54486e-10 2.23722e-10 1.10312e-10 5.42584e-11 2.62859e-11 1.2032e-11 4.44208e-12 2.13482e-12 1.0291e-12 4.97612e-13 2.41365e-13 1.17439e-13 5.73189e-14 2.80625e-14 1.37811e-14 6.78814e-15 3.35353e-15 1.66154e-15 8.25537e-16 4.11269e-16 2.05374e-16 1.027e-16 5.1236e-17 2.58309e-17
8.05811e-07 1.81268e-08 8.67177e-09 4.1703e-09 2.01548e-09 9.78573e-10 4.77108e-10 2.33426e-10 1.14434e-10 5.5983e-11 2.69865e-11 1.22944e-11 4.51128e-12 2.16149e-12 1.03875e-12 5.00723e-13 2.42118e-13 1.17439e-13 5.71414e-14 2.78898e-14 1.36548e-14 6.70584e-15 3.30319e-15 1.63192e-15 8.08577e-16 4.01757e-16 2.00156e-16 9.99547e-17 4.99851e-17 2.49376e-17 1.25729e-17
4.46394e-07 9.3985e-09 4.49141e-09 2.15696e-09 1.04069e-09 5.04267e-10 2.45241e-10 1.19538e-10 5.81643e-11 2.78968e-11 1.26474e-11 4.60897e-12 2.20178e-12 1.05493e-12 5.06972e-13 2.44384e-13 1.1817e-13 5.73189e-14 2.78898e-14 1.36128e-14 6.66486e-15 3.27315e-15 1.61231e-15 7.96558e-16 3.94675e-16 1.96101e-16 9.76967e-17 4.87874e-17 2.43969e-17 1.21713e-17 6.1363e-18
2.46475e-07 4.86073e-09 2.32067e-09 1.11308e-09 5.36183e-10 2.59261e-10 1.25666e-10 6.08199e-11 2.90241e-11 1.3094e-11 4.73599e-12 2.25603e-12 1.07778e-12 5.16412e-13 2.48183e-13 1.1964e-13 5.78529e-14 2.80625e-14 1.36548e-14 6.66486e-15 3.26317e-15 1.60255e-15 7.89387e-16 3.89984e-16 1.93221e-16 9.60005e-17 4.78243e-17 2.38807e-17 1.19411e-17 5.95681e-18 3.0029e-18
1.3564e-07 2.50794e-09 1.19633e-09 5.73112e-10 2.75599e-10 1.32866e-10 6.39708e-11 3.03773e-11 1.36378e-11 4.89341e-12 2.32471e-12 1.10749e-12 5.29124e-13 2.53546e-13 1.2186e-13 5.8748e-14 2.84096e-14 1.37811e-14 6.70584e-15 3.27315e-15 1.60255e-15 7.87003e-16 3.87648e-16 1.91501e-16 9.48739e-17 4.71333e-17 2.34778e-17 1.17221e-17 5.86065e-18 2.92326e-18 1.47341e-18
7.43996e-08 1.29111e-09 6.15353e-10 2.94385e-10 1.41197e-10 6.76423e-11 3.19672e-11 1.42831e-11 5.08256e-12 2.40839e-12 1.14431e-12 5.45215e-13 2.60519e-13 1.2485e-13 6.00119e-14 2.89339e-14 1.39929e-14 6.78814e-15 3.30319e-15 1.61231e-15 7.89387e-16 3.87648e-16 1.90929e-16 9.43125e-17 4.67195e-17 2.32072e-17 1.15581e-17 5.7698e-18 2.8842e-18 1.43839e-18 7.24826e-19
4.06763e-08 6.63245e-10 3.15772e-10 1.50724e-10 7.18637e-11 3.38066e-11 1.5035e-11 5.30504e-12 2.50778e-12 1.18855e-12 5.64824e-13 2.69163e-13 1.28635e-13 6.16554e-14 2.964e-14 1.4292e-14 6.91249e-15 3.35353e-15 1.63192e-15 7.96558e-16 3.89984e-16 1.91501e-16 9.43125e-17 4.65817e-17 2.30718e-17 1.14586e-17 5.70575e-18 2.84769e-18 1.42318e-18 7.09618e-19 3.57482e-19
2.21679e-08 3.39931e-10 1.61525e-10 7.66687e-11 3.59102e-11 1.58997e-11 5.56272e-12 2.62373e-12 1.24059e-12 5.88116e-13 2.7955e-13 1.33247e-13 6.36925e-14 3.05338e-14 1.4681e-14 7.07992e-15 3.42462e-15 1.66154e-15 8.08577e-16 3.94675e-16 1.93221e-16 9.48739e-17 4.67195e-17 2.30718e-17 1.14254e-17 5.67325e-18 2.82429e-18 1.40921e-18 7.04082e-19 3.50981e-19 1.7675e-19
1.20427e-08 1.73684e-10 8.20952e-11 3.82944e-11 1.6884e-11 5.85774e-12 2.75718e-12 1.30086e-12 6.15282e-13 2.91766e-13 1.38724e-13 6.61399e-14 3.16226e-14 1.51629e-14 7.2918e-15 3.51701e-15 1.7014e-15 8.25537e-16 4.01757e-16 1.96101e-16 9.60005e-17 4.71333e-17 2.32072e-17 1.14586e-17 5.67325e-18 2.81635e-18 1.40166e-18 6.9916e-19 3.4921e-19 1.7403e-19 8.76038e-20
6.52044e-09 8.81845e-11 4.09773e-11 1.79953e-11 6.19231e-12 2.90915e-12 1.36981e-12 6.46525e-13 3.05901e-13 1.45107e-13 6.90151e-14 3.29142e-14 1.57411e-14 7.54956e-15 3.63131e-15 1.75176e-15 8.4754e-16 4.11269e-16 2.00156e-16 9.76967e-17 4.78243e-17 2.34778e-17 1.15581e-17 5.70575e-18 2.82429e-18 1.40166e-18 6.97366e-19 3.47733e-19 1.7362e-19 8.64971e-20 4.35211e-20
3.51577e-09 4.39756e-11 1.92402e-11 6.56817e-12 3.08038e-12 1.44777e-12 6.81984e-13 3.22013e-13 1.52419e-13 7.23282e-14 3.44126e-14 1.64171e-14 7.85374e-15 3.76769e-15 1.81265e-15 8.74581e-16 4.23198e-16 2.05374e-16 9.99547e-17 4.87874e-17 2.38807e-17 1.17221e-17 5.7698e-18 2.84769e-18 1.40921e-18 6.9916e-19 3.47733e-19 1.73327e-19 8.6507e-20 4.30827e-20 2.16662e-20
1.88164e-09 2.06191e-11 6.9838e-12 3.27005e-12 1.53428e-12 7.21423e-13 3.3998e-13 1.60596e-13 7.60462e-14 3.61007e-14 1.71824e-14 8.1999e-15 3.9239e-15 1.88292e-15 9.0608e-16 4.37251e-16 2.11608e-16 1.027e-16 4.99851e-17 2.43969e-17 1.19411e-17 5.86065e-18 2.8842e-18 1.42318e-18 7.04082e-19 3.4921e-19 1.7362e-19 8.6507e-20 4.31577e-20 2.1486e-20 1.07996e-20
9.87247e-10 7.42291e-12 3.47017e-12 1.62544e-12 7.62927e-13 3.58862e-13 1.69179e-13 7.99434e-14 3.7868e-14 1.79825e-14 8.56149e-15 4.08692e-15 1.95621e-15 9.38908e-16 4.51894e-16 2.18104e-16 1.05563e-16 5.1236e-17 2.49376e-17 1.21713e-17 5.95681e-18 2.92326e-18 1.43839e-18 7.09618e-19 3.50981e-19 1.7403e-19 8.64971e-20 4.30827e-20 2.1486e-20 1.06934e-20 5.37245e-21
5.28917e-10 3.71533e-12 1.73798e-12 8.14586e-13 3.82576e-13 1.80064e-13 8.49391e-14 4.01602e-14 1.90338e-14 9.04343e-15 4.30769e-15 2.05724e-15 9.85096e-16 4.72976e-16 2.27709e-16 1.09928e-16 5.32144e-17 2.58309e-17 1.25729e-17 6.1363e-18 3.0029e-18 1.47341e-18 7.24826e-19 3.57482e-19 1.7675e-19 8.76038e-20 4.35211e-20 2.16662e-20 1.07996e-20 5.37245e-21 2.69733e-21
