0.989924 0.00249892 0.00125052 0.000627362 0.000315519 0.000159073 8.03923e-05 4.07249e-05 2.06781e-05 1.05231e-05 5.36696e-06 2.74308e-06 1.40489e-06 7.20952e-07 3.70678e-07 1.90931e-07 9.85167e-08 5.09163e-08 2.63559e-08 1.36627e-08 7.09231e-09 3.68634e-09 1.91831e-09 9.99347e-10 5.21131e-10 2.71994e-10 1.42056e-10 7.42004e-11 3.86862e-11 1.99873e-11 1.04616e-11
0.00249892 1.15465e-05 5.79023e-06 2.91173e-06 1.46815e-06 7.42174e-07 3.76096e-07 1.91024e-07 9.72308e-08 4.95884e-08 2.53364e-08 1.29666e-08 6.64591e-09 3.41084e-09 1.75259e-09 9.0146e-10 4.64089e-10 2.39105e-10 1.23269e-10 6.35844e-11 3.28119e-11 1.69376e-11 8.74513e-12 4.51542e-12 2.33061e-12 1.20091e-12 6.14875e-13 3.07452e-13 1.39932e-13 3.7453e-14 1.89344e-14
0.00125052 5.79023e-06 2.9034e-06 1.45988e-06 7.36006e-07 3.72009e-07 1.88485e-07 9.57167e-08 4.87105e-08 2.48377e-08 1.26878e-08 6.49194e-09 3.32666e-09 1.70695e-09 8.76886e-10 4.50936e-10 2.321e-10 1.19556e-10 6.16233e-11 3.17798e-11 1.63961e-11 8.4618e-12 4.36756e-12 2.25364e-12 1.16096e-12 5.94267e-13 2.97012e-13 1.35015e-13 3.59102e-14 1.80601e-14 9.13445e-15
0.000627362 2.91173e-06 1.45988e-06 7.33951e-07 3.69966e-07 1.86962e-07 9.47073e-08 4.80834e-08 2.44638e-08 1.2471e-08 6.36879e-09 3.2578e-09 1.66892e-09 8.56096e-10 4.39664e-10 2.26031e-10 1.16307e-10 5.98932e-11 3.08625e-11 1.59117e-11 8.20688e-12 4.23382e-12 2.18369e-12 1.1245e-12 5.75373e-13 2.87392e-13 1.30438e-13 3.43982e-14 1.73215e-14 8.71381e-15 4.40933e-15
0.000315519 1.46815e-06 7.36006e-07 3.69966e-07 1.86454e-07 9.42027e-08 4.77072e-08 2.42145e-08 1.23161e-08 6.27643e-09 3.20425e-09 1.6385e-09 8.39089e-10 4.30272e-10 2.20896e-10 1.13523e-10 5.83941e-11 3.00601e-11 1.54844e-11 7.98033e-12 4.11418e-12 2.12074e-12 1.09151e-12 5.58199e-13 2.78606e-13 1.26234e-13 3.29877e-14 1.65982e-14 8.36079e-15 4.20721e-15 2.12992e-15
0.000159073 7.42174e-07 3.72009e-07 1.86962e-07 9.42027e-08 4.75818e-08 2.40898e-08 1.22232e-08 6.21486e-09 3.166e-09 1.61569e-09 8.25862e-10 4.22759e-10 2.16695e-10 1.11203e-10 5.71258e-11 2.93725e-11 1.51141e-11 7.78214e-12 4.00865e-12 2.0648e-12 1.06201e-12 5.42746e-13 2.70657e-13 1.2241e-13 3.16954e-14 1.59255e-14 8.01544e-15 4.03881e-15 2.03293e-15 1.02967e-15
8.03923e-05 3.76096e-07 1.88485e-07 9.47073e-08 4.77072e-08 2.40898e-08 1.21922e-08 6.18408e-09 3.14306e-09 1.60049e-09 8.16416e-10 4.17125e-10 2.13429e-10 1.09347e-10 5.60883e-11 2.87995e-11 1.48009e-11 7.61229e-12 3.9172e-12 2.01587e-12 1.03598e-12 5.29013e-13 2.63548e-13 1.1897e-13 3.05254e-14 1.53118e-14 7.69528e-15 3.87422e-15 1.95276e-15 9.83205e-16 4.98223e-16
4.07249e-05 1.91024e-07 9.57167e-08 4.80834e-08 2.42145e-08 1.22232e-08 6.18408e-09 3.13541e-09 1.59288e-09 8.10748e-10 4.13369e-10 2.11095e-10 1.07956e-10 5.52815e-11 2.83412e-11 1.45446e-11 7.47078e-12 3.83983e-12 1.97393e-12 1.01342e-12 5.17e-13 2.57275e-13 1.15912e-13 2.94787e-14 1.4759e-14 7.40453e-15 3.7222e-15 1.8745e-15 9.45125e-16 4.76e-16 2.41319e-16
2.06781e-05 9.72308e-08 4.87105e-08 2.44638e-08 1.23161e-08 6.21486e-09 3.14306e-09 1.59288e-09 8.08859e-10 4.11491e-10 2.09696e-10 1.07028e-10 5.47052e-11 2.79975e-11 1.43453e-11 7.35758e-12 3.77654e-12 1.93899e-12 9.94343e-13 5.06704e-13 2.51841e-13 1.13237e-13 2.85552e-14 1.42677e-14 7.14417e-15 3.58483e-15 1.80249e-15 9.07992e-16 4.57957e-16 2.30709e-16 1.17018e-16
1.05231e-05 4.95884e-08 2.48377e-08 1.2471e-08 6.27643e-09 3.166e-09 1.60049e-09 8.10748e-10 4.11491e-10 2.09229e-10 1.06564e-10 5.43594e-11 2.77684e-11 1.4203e-11 7.27269e-12 3.72732e-12 1.91104e-12 9.78734e-13 4.98126e-13 2.47243e-13 1.10945e-13 2.7755e-14 1.38378e-14 6.91443e-15 3.46262e-15 1.73779e-15 8.73981e-16 4.40386e-16 2.22184e-16 1.11962e-16 5.68146e-17
5.36696e-06 2.53364e-08 1.26878e-08 6.36879e-09 3.20425e-09 1.61569e-09 8.16416e-10 4.13369e-10 2.09696e-10 1.06564e-10 5.42442e-11 2.76538e-11 1.41176e-11 7.2161e-12 3.69217e-12 1.89008e-12 9.66595e-13 4.91264e-13 2.43481e-13 1.09035e-13 2.70781e-14 1.34694e-14 6.71536e-15 3.35568e-15 1.68065e-15 8.43614e-16 4.24371e-16 2.13893e-16 1.07946e-16 5.44108e-17 2.76227e-17
2.74308e-06 1.29666e-08 6.49194e-09 3.2578e-09 1.6385e-09 8.25862e-10 4.17125e-10 2.11095e-10 1.07028e-10 5.43594e-11 2.76538e-11 1.40891e-11 7.1878e-12 3.67108e-12 1.87611e-12 9.57925e-13 4.86118e-13 2.40556e-13 1.07507e-13 2.65243e-14 1.31625e-14 6.54694e-15 3.26403e-15 1.63112e-15 8.17015e-16 4.10174e-16 2.06379e-16 1.04047e-16 5.25254e-17 2.64826e-17 1.34502e-17
1.40489e-06 6.64591e-09 3.32666e-09 1.66892e-09 8.39089e-10 4.22759e-10 2.13429e-10 1.07956e-10 5.47052e-11 2.77684e-11 1.41176e-11 7.1878e-12 3.66405e-12 1.86912e-12 9.52723e-13 4.82688e-13 2.38467e-13 1.06362e-13 2.60936e-14 1.2917e-14 6.40916e-15 3.18767e-15 1.58922e-15 7.94214e-16 3.97855e-16 1.9977e-16 1.00535e-16 5.06984e-17 2.56009e-17 1.29108e-17 6.55997e-18
7.20952e-07 3.41084e-09 1.70695e-09 8.56096e-10 4.30272e-10 2.16695e-10 1.09347e-10 5.52815e-11 2.79975e-11 1.4203e-11 7.2161e-12 3.67108e-12 1.86912e-12 9.50989e-13 4.80973e-13 2.37214e-13 1.05598e-13 2.5786e-14 1.27328e-14 6.30201e-15 3.12658e-15 1.55494e-15 7.75213e-16 3.8743e-16 1.94099e-16 9.7475e-17 4.90643e-17 2.47483e-17 1.25003e-17 6.30554e-18 3.20508e-18
3.70678e-07 1.75259e-09 8.76886e-10 4.39664e-10 2.20896e-10 1.11203e-10 5.60883e-11 2.83412e-11 1.43453e-11 7.27269e-12 3.69217e-12 1.87611e-12 9.52723e-13 4.80973e-13 2.36796e-13 1.05216e-13 2.56015e-14 1.26101e-14 6.22548e-15 3.08077e-15 1.52828e-15 7.60015e-16 3.78901e-16 1.89372e-16 9.48821e-17 4.76556e-17 2.3992e-17 1.21044e-17 6.1154e-18 3.08546e-18 1.56889e-18
1.90931e-07 9.0146e-10 4.50936e-10 2.26031e-10 1.13523e-10 5.71258e-11 2.87995e-11 1.45446e-11 7.35758e-12 3.72732e-12 1.89008e-12 9.57925e-13 4.82688e-13 2.37214e-13 1.05216e-13 2.554e-14 1.25487e-14 6.17957e-15 3.05024e-15 1.50924e-15 7.48617e-16 3.72268e-16 1.8559e-16 9.27601e-17 4.64799e-17 2.3348e-17 1.17564e-17 5.9325e-18 2.9979e-18 1.51286e-18 7.69506e-19
9.85167e-08 4.64089e-10 2.321e-10 1.16307e-10 5.83941e-11 2.93725e-11 1.48009e-11 7.47078e-12 3.77654e-12 1.91104e-12 9.66595e-13 4.86118e-13 2.38467e-13 1.05598e-13 2.56015e-14 1.25487e-14 6.16427e-15 3.03497e-15 1.49782e-15 7.4102e-16 3.6753e-16 1.82754e-16 9.11096e-17 4.55391e-17 2.28202e-17 1.14644e-17 5.77352e-18 2.91395e-18 1.47282e-18 7.43372e-19 3.78221e-19
5.09163e-08 2.39105e-10 1.19556e-10 5.98932e-11 3.00601e-11 1.51141e-11 7.61229e-12 3.83983e-12 1.93899e-12 9.78734e-13 4.91264e-13 2.40556e-13 1.06362e-13 2.5786e-14 1.26101e-14 6.17957e-15 3.03497e-15 1.49401e-15 7.37221e-16 3.64688e-16 1.80864e-16 8.99307e-17 4.48334e-17 2.24096e-17 1.12305e-17 5.6425e-18 2.84194e-18 1.43458e-18 7.25212e-19 3.66089e-19 1.86309e-19
2.63559e-08 1.23269e-10 6.16233e-11 3.08625e-11 1.54844e-11 7.78214e-12 3.9172e-12 1.97393e-12 9.94343e-13 4.98126e-13 2.43481e-13 1.07507e-13 2.60936e-14 1.27328e-14 6.22548e-15 3.05024e-15 1.49782e-15 7.37221e-16 3.6374e-16 1.79919e-16 8.92235e-17 4.4363e-17 2.21163e-17 1.10549e-17 5.54038e-18 2.78387e-18 1.40229e-18 7.07949e-19 3.57935e-19 1.80709e-19 9.1985e-20
1.36627e-08 6.35844e-11 3.17798e-11 1.59117e-11 7.98033e-12 4.00865e-12 2.01587e-12 1.01342e-12 5.06704e-13 2.47243e-13 1.09035e-13 2.65243e-14 1.2917e-14 6.30201e-15 3.08077e-15 1.50924e-15 7.4102e-16 3.64688e-16 1.79919e-16 8.89877e-17 4.41278e-17 2.19403e-17 1.09378e-17 5.46741e-18 2.74021e-18 1.37695e-18 6.93654e-19 3.50227e-19 1.77092e-19 8.94165e-20 4.55222e-20
7.09231e-09 3.28119e-11 1.63961e-11 8.20688e-12 4.11418e-12 2.0648e-12 1.03598e-12 5.17e-13 2.51841e-13 1.10945e-13 2.70781e-14 1.31625e-14 6.40916e-15 3.12658e-15 1.52828e-15 7.48617e-16 3.6753e-16 1.80864e-16 8.92235e-17 4.41278e-17 2.18816e-17 1.08793e-17 5.42361e-18 2.71109e-18 1.35881e-18 6.82828e-19 3.44001e-19 1.73699e-19 8.78372e-20 4.43532e-20 2.25828e-20
3.68634e-09 1.69376e-11 8.4618e-12 4.23382e-12 2.12074e-12 1.06201e-12 5.29013e-13 2.57275e-13 1.13237e-13 2.7755e-14 1.34694e-14 6.54694e-15 3.18767e-15 1.55494e-15 7.60015e-16 3.72268e-16 1.82754e-16 8.99307e-17 4.4363e-17 2.19403e-17 1.08793e-17 5.40902e-18 2.69653e-18 1.34791e-18 6.7559e-19 3.39505e-19 1.71044e-19 8.63693e-20 4.36776e-20 2.20557e-20 1.12305e-20
1.91831e-09 8.74513e-12 4.36756e-12 2.18369e-12 1.09151e-12 5.42746e-13 2.63548e-13 1.15912e-13 2.85552e-14 1.38378e-14 6.71536e-15 3.26403e-15 1.58922e-15 7.75213e-16 3.78901e-16 1.8559e-16 9.11096e-17 4.48334e-17 2.21163e-17 1.09378e-17 5.42361e-18 2.69653e-18 1.34428e-18 6.71968e-19 3.36798e-19 1.69252e-19 8.52699e-20 4.30576e-20 2.17747e-20 1.09955e-20 5.59883e-21
9.99347e-10 4.51542e-12 2.25364e-12 1.1245e-12 5.58199e-13 2.70657e-13 1.1897e-13 2.94787e-14 1.42677e-14 6.91443e-15 3.35568e-15 1.63112e-15 7.94214e-16 3.8743e-16 1.89372e-16 9.27601e-17 4.55391e-17 2.24096e-17 1.10549e-17 5.46741e-18 2.71109e-18 1.34791e-18 6.71968e-19 3.35895e-19 1.68352e-19 8.46009e-20 4.26214e-20 2.15213e-20 1.08832e-20 5.49552e-21 2.79815e-21
5.21131e-10 2.33061e-12 1.16096e-12 5.75373e-13 2.78606e-13 1.2241e-13 3.05254e-14 1.4759e-14 7.14417e-15 3.46262e-15 1.68065e-15 8.17015e-16 3.97855e-16 1.94099e-16 9.48821e-17 4.64799e-17 2.28202e-17 1.12305e-17 5.54038e-18 2.74021e-18 1.35881e-18 6.7559e-19 3.36798e-19 1.68352e-19 8.4377e-20 4.23998e-20 2.13597e-20 1.07847e-20 5.45342e-21 2.75356e-21 1.4019e-21
2.71994e-10 1.20091e-12 5.94267e-13 2.87392e-13 1.26234e-13 3.16954e-14 1.53118e-14 7.40453e-15 3.58483e-15 1.73779e-15 8.43614e-16 4.10174e-16 1.9977e-16 9.7475e-17 4.76556e-17 2.3348e-17 1.14644e-17 5.6425e-18 2.78387e-18 1.37695e-18 6.82828e-19 3.39505e-19 1.69252e-19 8.46009e-20 4.23998e-20 2.13048e-20 1.07319e-20 5.41817e-21 2.73948e-21 1.38311e-21 7.04066e-22
1.42056e-10 6.14875e-13 2.97012e-13 1.30438e-13 3.29877e-14 1.59255e-14 7.69528e-15 3.7222e-15 1.80249e-15 8.73981e-16 4.24371e-16 2.06379e-16 1.00535e-16 4.90643e-17 2.3992e-17 1.17564e-17 5.77352e-18 2.84194e-18 1.40229e-18 6.93654e-19 3.44001e-19 1.71044e-19 8.52699e-20 4.26214e-20 2.13597e-20 1.07319e-20 5.40544e-21 2.7287e-21 1.37947e-21 6.96386e-22 3.54425e-22
7.42004e-11 3.07452e-13 1.35015e-13 3.43982e-14 1.65982e-14 8.01544e-15 3.87422e-15 1.8745e-15 9.07992e-16 4.40386e-16 2.13893e-16 1.04047e-16 5.06984e-17 2.47483e-17 1.21044e-17 5.9325e-18 2.91395e-18 1.43458e-18 7.07949e-19 3.50227e-19 1.73699e-19 8.63693e-20 4.30576e-20 2.15213e-20 1.07847e-20 5.41817e-21 2.7287e-21 1.37726e-21 6.96153e-22 3.51382e-22 1.78794e-22
3.86862e-11 1.39932e-13 3.59102e-14 1.73215e-14 8.36079e-15 4.03881e-15 1.95276e-15 9.45125e-16 4.57957e-16 2.22184e-16 1.07946e-16 5.25254e-17 2.56009e-17 1.25003e-17 6.1154e-18 2.9979e-18 1.47282e-18 7.25212e-19 3.57935e-19 1.77092e-19 8.78372e-20 4.36776e-20 2.17747e-20 1.08832e-20 5.45342e-21 2.73948e-21 1.37947e-21 6.96153e-22 3.51816e-22 1.77551e-22 9.032e-23
1.99873e-11 3.7453e-14 1.80601e-14 8.71381e-15 4.20721e-15 2.03293e-15 9.83205e-16 4.76e-16 2.30709e-16 1.11962e-16 5.44108e-17 2.64826e-17 1.29108e-17 6.30554e-18 3.08546e-18 1.51286e-18 7.43372e-19 3.66089e-19 1.80709e-19 8.94165e-20 4.43532e-20 2.20557e-20 1.09955e-20 5.49552e-21 2.75356e-21 1.38311e-21 6.96386e-22 3.51382e-22 1.77551e-22 8.9592e-23 4.5565e-23
1.04616e-11 1.89344e-14 9.13445e-15 4.40933e-15 2.12992e-15 1.02967e-15 4.98223e-16 2.41319e-16 1.17018e-16 5.68146e-17 2.76227e-17 1.34502e-17 6.55997e-18 3.20508e-18 1.56889e-18 7.69506e-19 3.78221e-19 1.86309e-19 9.1985e-20 4.55222e-20 2.25828e-20 1.12305e-20 5.59883e-21 2.79815e-21 1.4019e-21 7.04066e-22 3.54425e-22 1.78794e-22 9.032e-23 4.5565e-23 2.3165e-23
