0.939564 0.0143787 0.0072274 0.00368676 0.00190665 0.000998509 0.000528837 0.000282866 0.000152584 8.28896e-05 4.52862e-05 2.48519e-05 1.36832e-05 7.55095e-06 4.17275e-06 2.30738e-06 1.2759e-06 7.05158e-07 3.89356e-07 2.14708e-07 1.18216e-07 6.49745e-08 3.56437e-08 1.95139e-08 1.06608e-08 5.81128e-09 3.15983e-09 1.71219e-09 9.21392e-10 4.86177e-10 2.62141e-10
0.0143787 0.000399092 0.000202735 0.000104384 5.43319e-05 2.85148e-05 1.50546e-05 7.97954e-06 4.23922e-06 2.25439e-06 1.19889e-06 6.37104e-07 3.38139e-07 1.79172e-07 9.47606e-08 5.00152e-08 2.63424e-08 1.38444e-08 7.26043e-09 3.79954e-09 1.98427e-09 1.03419e-09 5.37953e-10 2.79275e-10 1.44665e-10 7.46976e-11 3.83038e-11 1.92461e-11 9.00914e-12 3.06782e-12 1.54218e-12
0.0072274 0.000202735 0.000102707 5.27146e-05 2.73448e-05 1.43018e-05 7.52536e-06 3.97604e-06 2.10606e-06 1.11696e-06 5.92543e-07 3.1419e-07 1.66425e-07 8.80292e-08 4.64837e-08 2.44999e-08 1.28876e-08 6.76558e-09 3.5445e-09 1.85324e-09 9.67042e-10 5.03629e-10 2.61767e-10 1.35754e-10 7.01736e-11 3.60197e-11 1.8113e-11 8.48547e-12 2.90423e-12 1.44998e-12 7.2939e-13
0.00368676 0.000104384 5.27146e-05 2.69552e-05 1.39261e-05 7.25343e-06 3.80105e-06 2.00045e-06 1.05574e-06 5.58031e-07 2.95123e-07 1.56051e-07 8.24524e-08 4.35145e-08 2.29315e-08 1.20645e-08 6.33601e-09 3.32137e-09 1.7378e-09 9.07532e-10 4.73044e-10 2.46091e-10 1.2774e-10 6.60896e-11 3.39499e-11 1.70814e-11 8.00397e-12 2.7459e-12 1.37354e-12 6.86044e-13 3.45341e-13
0.00190665 5.43319e-05 2.73448e-05 1.39261e-05 7.16288e-06 3.71369e-06 1.93722e-06 1.01504e-06 5.33459e-07 2.80876e-07 1.48017e-07 7.80123e-08 4.1098e-08 2.1632e-08 1.13725e-08 5.97034e-09 3.12942e-09 1.63759e-09 8.55465e-10 4.461e-10 2.32198e-10 1.206e-10 6.2433e-11 3.20885e-11 1.61497e-11 7.56687e-12 2.60003e-12 1.29954e-12 6.50366e-13 3.24976e-13 1.637e-13
0.000998509 2.85148e-05 1.43018e-05 7.25343e-06 3.71369e-06 1.91616e-06 9.94723e-07 5.18747e-07 2.71404e-07 1.42296e-07 7.46946e-08 3.92266e-08 2.05975e-08 1.08093e-08 5.66739e-09 2.96802e-09 1.55229e-09 8.10673e-10 4.2271e-10 2.20042e-10 1.14309e-10 5.9192e-11 3.04298e-11 1.53154e-11 7.17365e-12 2.46798e-12 1.23152e-12 6.15817e-13 3.08344e-13 1.5414e-13 7.76988e-14
0.000528837 1.50546e-05 7.52536e-06 3.80105e-06 1.93722e-06 9.94723e-07 5.13848e-07 2.66675e-07 1.38871e-07 7.24887e-08 3.78941e-08 1.98244e-08 1.03731e-08 5.4262e-09 2.83668e-09 1.48162e-09 7.73013e-10 4.028e-10 2.09585e-10 1.08849e-10 5.63564e-11 2.89686e-11 1.4576e-11 6.82326e-12 2.34973e-12 1.17017e-12 5.84147e-13 2.92236e-13 1.46398e-13 7.32147e-14 3.69319e-14
0.000282866 7.97954e-06 3.97604e-06 2.00045e-06 1.01504e-06 5.18747e-07 2.66675e-07 1.37731e-07 7.13876e-08 3.70963e-08 1.93105e-08 1.00625e-08 5.24597e-09 2.73496e-09 1.42535e-09 7.42364e-10 3.86305e-10 2.00793e-10 1.042e-10 5.39171e-11 2.77001e-11 1.39291e-11 6.5146e-12 2.24498e-12 1.11549e-12 5.55696e-13 2.77514e-13 1.38899e-13 6.96166e-14 3.48307e-14 1.75819e-14
0.000152584 4.23922e-06 2.10606e-06 1.05574e-06 5.33459e-07 2.71404e-07 1.38871e-07 7.13876e-08 3.68306e-08 1.90539e-08 9.87658e-09 5.12614e-09 2.66253e-09 1.38331e-09 7.18628e-10 3.73172e-10 1.93637e-10 1.00349e-10 5.18661e-11 2.66203e-11 1.33725e-11 6.24669e-12 2.1534e-12 1.06734e-12 5.30471e-13 2.64348e-13 1.32068e-13 6.61314e-14 3.31616e-14 1.65984e-14 8.38431e-15
8.28896e-05 2.25439e-06 1.11696e-06 5.58031e-07 2.80876e-07 1.42296e-07 7.24887e-08 3.70963e-08 1.90539e-08 9.81467e-09 5.06632e-09 2.61917e-09 1.35536e-09 7.01727e-10 3.63358e-10 1.88096e-10 9.7283e-11 5.01969e-11 2.57257e-11 1.29046e-11 6.01864e-12 2.07465e-12 1.02557e-12 5.0841e-13 2.52743e-13 1.25989e-13 6.29685e-14 3.15449e-14 1.58258e-14 7.92457e-15 4.00557e-15
4.52862e-05 1.19889e-06 5.92543e-07 2.95123e-07 1.48017e-07 7.46946e-08 3.78941e-08 1.93105e-08 9.87658e-09 5.06632e-09 2.60473e-09 1.3414e-09 6.91609e-10 3.56834e-10 1.8415e-10 9.4992e-11 4.89042e-11 2.50135e-11 1.25238e-11 5.82973e-12 2.00849e-12 9.9003e-13 4.89443e-13 2.42674e-13 1.20668e-13 6.01701e-14 3.0084e-14 1.50776e-14 7.56778e-15 3.79098e-15 1.91743e-15
2.48519e-05 6.37104e-07 3.1419e-07 1.56051e-07 7.80123e-08 3.92266e-08 1.98244e-08 1.00625e-08 5.12614e-09 2.61917e-09 1.3414e-09 6.8824e-10 3.53577e-10 1.81788e-10 9.34687e-11 4.79837e-11 2.44813e-11 1.22289e-11 5.67933e-12 1.95466e-12 9.60603e-13 4.73505e-13 2.34107e-13 1.16092e-13 5.77393e-14 2.87999e-14 1.44047e-14 7.22237e-15 3.62668e-15 1.81743e-15 9.19792e-16
1.36832e-05 3.38139e-07 1.66425e-07 8.24524e-08 4.1098e-08 2.05975e-08 1.03731e-08 5.24597e-09 2.66253e-09 1.35536e-09 6.91609e-10 3.53577e-10 1.81001e-10 9.27083e-11 4.74327e-11 2.41274e-11 1.20189e-11 5.56696e-12 1.91299e-12 9.37184e-13 4.6054e-13 2.27012e-13 1.12246e-13 5.56706e-14 2.76943e-14 1.38176e-14 6.91344e-15 3.4677e-15 1.74201e-15 8.7328e-16 4.42217e-16
7.55095e-06 1.79172e-07 8.80292e-08 4.35145e-08 2.1632e-08 1.08093e-08 5.4262e-09 2.73496e-09 1.38331e-09 7.01727e-10 3.56834e-10 1.81788e-10 9.27083e-11 4.72492e-11 2.39508e-11 1.18932e-11 5.49225e-12 1.88333e-12 9.19691e-13 4.50502e-13 2.21367e-13 1.09118e-13 5.39575e-14 2.67649e-14 1.33174e-14 6.64623e-15 3.32641e-15 1.66909e-15 8.38798e-16 4.20632e-16 2.13115e-16
4.17275e-06 9.47606e-08 4.64837e-08 2.29315e-08 1.13725e-08 5.66739e-09 2.83668e-09 1.42535e-09 7.18628e-10 3.63358e-10 1.8415e-10 9.34687e-11 4.74327e-11 2.39508e-11 1.18514e-11 5.45495e-12 1.86558e-12 9.08063e-13 4.43358e-13 2.17149e-13 1.06696e-13 5.25941e-14 2.60088e-14 1.2903e-14 6.42131e-15 3.20542e-15 1.60476e-15 8.05484e-16 4.04935e-16 2.03123e-16 1.02962e-16
2.30738e-06 5.00152e-08 2.44999e-08 1.20645e-08 5.97034e-09 2.96802e-09 1.48162e-09 7.42364e-10 3.73172e-10 1.88096e-10 9.4992e-11 4.79837e-11 2.41274e-11 1.18932e-11 5.45495e-12 1.85967e-12 9.02259e-13 4.39081e-13 2.14346e-13 1.04972e-13 5.15757e-14 2.54235e-14 1.25732e-14 6.23827e-15 3.10505e-15 1.55032e-15 7.76347e-16 3.89788e-16 1.96015e-16 9.83501e-17 4.98739e-17
1.2759e-06 2.63424e-08 1.28876e-08 6.33601e-09 3.12942e-09 1.55229e-09 7.73013e-10 3.86305e-10 1.93637e-10 9.7283e-11 4.89042e-11 2.44813e-11 1.20189e-11 5.49225e-12 1.86558e-12 9.02259e-13 4.37657e-13 2.12947e-13 1.03941e-13 5.08987e-14 2.50068e-14 1.23268e-14 6.09655e-15 3.02514e-15 1.50595e-15 7.52036e-16 3.76675e-16 1.89167e-16 9.51519e-17 4.77527e-17 2.42242e-17
7.05158e-07 1.38444e-08 6.76558e-09 3.32137e-09 1.63759e-09 8.10673e-10 4.028e-10 2.00793e-10 1.00349e-10 5.01969e-11 2.50135e-11 1.22289e-11 5.56696e-12 1.88333e-12 9.08063e-13 4.39081e-13 2.12947e-13 1.03597e-13 5.05608e-14 2.47574e-14 1.21631e-14 5.99567e-15 2.96544e-15 1.47158e-15 7.32648e-16 3.6592e-16 1.83311e-16 9.20772e-17 4.63248e-17 2.32524e-17 1.17989e-17
3.89356e-07 7.26043e-09 3.5445e-09 1.7378e-09 8.55465e-10 4.2271e-10 2.09585e-10 1.042e-10 5.18661e-11 2.57257e-11 1.25238e-11 5.67933e-12 1.91299e-12 9.19691e-13 4.43358e-13 2.14346e-13 1.03941e-13 5.05608e-14 2.46744e-14 1.20813e-14 5.93529e-15 2.92575e-15 1.44711e-15 7.18156e-16 3.57575e-16 1.78609e-16 8.94871e-17 4.49557e-17 2.26209e-17 1.13558e-17 5.76341e-18
2.14708e-07 3.79954e-09 1.85324e-09 9.07532e-10 4.461e-10 2.20042e-10 1.08849e-10 5.39171e-11 2.66203e-11 1.29046e-11 5.82973e-12 1.95466e-12 9.37184e-13 4.50502e-13 2.17149e-13 1.04972e-13 5.08987e-14 2.47574e-14 1.20813e-14 5.91518e-15 2.90594e-15 1.43246e-15 7.08522e-16 3.5163e-16 1.75088e-16 8.7462e-17 4.38237e-17 2.20176e-17 1.10799e-17 5.56257e-18 2.82351e-18
1.18216e-07 1.98427e-09 9.67042e-10 4.73044e-10 2.32198e-10 1.14309e-10 5.63564e-11 2.77001e-11 1.33725e-11 6.01864e-12 2.00849e-12 9.60603e-13 4.6054e-13 2.21367e-13 1.06696e-13 5.15757e-14 2.50068e-14 1.21631e-14 5.93529e-15 2.90594e-15 1.42758e-15 7.03713e-16 3.48071e-16 1.72745e-16 8.60163e-17 4.29688e-17 2.15305e-17 1.08175e-17 5.44382e-18 2.73308e-18 1.38735e-18
6.49745e-08 1.03419e-09 5.03629e-10 2.46091e-10 1.206e-10 5.9192e-11 2.89686e-11 1.39291e-11 6.24669e-12 2.07465e-12 9.9003e-13 4.73505e-13 2.27012e-13 1.09118e-13 5.25941e-14 2.54235e-14 1.23268e-14 5.99567e-15 2.92575e-15 1.43246e-15 7.03713e-16 3.46886e-16 1.71575e-16 8.51501e-17 4.23987e-17 2.11795e-17 1.06122e-17 5.33168e-18 2.68303e-18 1.34698e-18 6.83711e-19
3.56437e-08 5.37953e-10 2.61767e-10 1.2774e-10 6.2433e-11 3.04298e-11 1.4576e-11 6.5146e-12 2.1534e-12 1.02557e-12 4.89443e-13 2.34107e-13 1.12246e-13 5.39575e-14 2.60088e-14 1.25732e-14 6.09655e-15 2.96544e-15 1.44711e-15 7.08522e-16 3.48071e-16 1.71575e-16 8.48617e-17 4.21139e-17 2.09686e-17 1.04738e-17 5.24755e-18 2.63619e-18 1.32647e-18 6.65876e-19 3.37949e-19
1.95139e-08 2.79275e-10 1.35754e-10 6.60896e-11 3.20885e-11 1.53154e-11 6.82326e-12 2.24498e-12 1.06734e-12 5.0841e-13 2.42674e-13 1.16092e-13 5.56706e-14 2.67649e-14 1.2903e-14 6.23827e-15 3.02514e-15 1.47158e-15 7.18156e-16 3.5163e-16 1.72745e-16 8.51501e-17 4.21139e-17 2.08983e-17 1.04044e-17 5.1964e-18 2.60315e-18 1.30754e-18 6.5782e-19 3.30174e-19 1.67537e-19
1.06608e-08 1.44665e-10 7.01736e-11 3.39499e-11 1.61497e-11 7.17365e-12 2.34973e-12 1.11549e-12 5.30471e-13 2.52743e-13 1.20668e-13 5.77393e-14 2.76943e-14 1.33174e-14 6.42131e-15 3.10505e-15 1.50595e-15 7.32648e-16 3.57575e-16 1.75088e-16 8.60163e-17 4.23987e-17 2.09686e-17 1.04044e-17 5.17929e-18 2.58636e-18 1.29541e-18 6.50543e-19 3.27215e-19 1.64205e-19 8.32968e-20
5.81128e-09 7.46976e-11 3.60197e-11 1.70814e-11 7.56687e-12 2.46798e-12 1.17017e-12 5.55696e-13 2.64348e-13 1.25989e-13 6.01701e-14 2.87999e-14 1.38176e-14 6.64623e-15 3.20542e-15 1.55032e-15 7.52036e-16 3.6592e-16 1.78609e-16 8.7462e-17 4.29688e-17 2.11795e-17 1.04738e-17 5.1964e-18 2.58636e-18 1.2913e-18 6.46616e-19 3.2464e-19 1.63245e-19 8.19011e-20 4.15312e-20
3.15983e-09 3.83038e-11 1.8113e-11 8.00397e-12 2.60003e-12 1.23152e-12 5.84147e-13 2.77514e-13 1.32068e-13 6.29685e-14 3.0084e-14 1.44047e-14 6.91344e-15 3.32641e-15 1.60476e-15 7.76347e-16 3.76675e-16 1.83311e-16 8.94871e-17 4.38237e-17 2.15305e-17 1.06122e-17 5.24755e-18 2.60315e-18 1.29541e-18 6.46616e-19 3.23704e-19 1.62469e-19 8.16714e-20 4.09634e-20 2.07632e-20
1.71219e-09 1.92461e-11 8.48547e-12 2.7459e-12 1.29954e-12 6.15817e-13 2.92236e-13 1.38899e-13 6.61314e-14 3.15449e-14 1.50776e-14 7.22237e-15 3.4677e-15 1.66909e-15 8.05484e-16 3.89788e-16 1.89167e-16 9.20772e-17 4.49557e-17 2.20176e-17 1.08175e-17 5.33168e-18 2.63619e-18 1.30754e-18 6.50543e-19 3.2464e-19 1.62469e-19 8.15163e-20 4.09623e-20 2.05386e-20 1.04053e-20
9.21392e-10 9.00914e-12 2.90423e-12 1.37354e-12 6.50366e-13 3.08344e-13 1.46398e-13 6.96166e-14 3.31616e-14 1.58258e-14 7.56778e-15 3.62668e-15 1.74201e-15 8.38798e-16 4.04935e-16 1.96015e-16 9.51519e-17 4.63248e-17 2.26209e-17 1.10799e-17 5.44382e-18 2.68303e-18 1.32647e-18 6.5782e-19 3.27215e-19 1.63245e-19 8.16714e-20 4.09623e-20 2.05757e-20 1.03132e-20 5.22222e-21
4.86177e-10 3.06782e-12 1.44998e-12 6.86044e-13 3.24976e-13 1.5414e-13 7.32147e-14 3.48307e-14 1.65984e-14 7.92457e-15 3.79098e-15 1.81743e-15 8.7328e-16 4.20632e-16 2.03123e-16 9.83501e-17 4.77527e-17 2.32524e-17 1.13558e-17 5.56257e-18 2.73308e-18 1.34698e-18 6.65876e-19 3.30174e-19 1.64205e-19 8.19011e-20 4.09634e-20 2.05386e-20 1.03132e-20 5.16779e-21 2.61558e-21
2.62141e-10 1.54218e-12 7.2939e-13 3.45341e-13 1.637e-13 7.76988e-14 3.69319e-14 1.75819e-14 8.38431e-15 4.00557e-15 1.91743e-15 9.19792e-16 4.42217e-16 2.13115e-16 1.02962e-16 4.98739e-17 2.42242e-17 1.17989e-17 5.76341e-18 2.82351e-18 1.38735e-18 6.83711e-19 3.37949e-19 1.67537e-19 8.32968e-20 4.15312e-20 2.07632e-20 1.04053e-20 5.22222e-21 2.61558e-21 1.32291e-21
