0.54606 0.133693 0.0327325 0.00801399 0.00196209 0.000480383 0.000117614 2.87956e-05 7.05011e-06 1.7261e-06 4.22605e-07 1.03468e-07 2.53323e-08 6.20216e-09 1.51849e-09 3.71777e-10 9.10231e-11 2.22854e-11 5.4562e-12 1.33586e-12 3.27061e-13 8.00753e-14 1.96051e-14 4.79996e-15 1.17519e-15 2.87724e-16 7.04443e-17 1.72471e-17 4.22265e-18 1.03384e-18 2.53118e-19 6.19716e-20 1.51727e-20 3.71477e-21 9.09497e-22 2.22675e-22 5.4518e-23 1.33478e-23 3.26798e-24 8.00108e-25 1.95893e-25 4.79609e-26 1.17424e-26 2.87492e-27 7.03875e-28 1.72332e-28 4.21924e-29 1.03301e-29 2.52914e-30 6.19217e-31 1.51605e-31 3.71177e-32 9.08764e-33 2.22495e-33 5.44741e-34 1.3337e-34 3.26534e-35 7.99463e-36 1.95735e-36 4.79222e-37 1.17329e-37 2.8726e-38 7.03308e-39 1.72193e-39 4.21584e-40 1.03218e-40 2.5271e-41 6.18718e-42 1.51482e-42 3.70878e-43 9.08031e-44 2.22316e-44 5.44302e-45 1.33263e-45 3.26271e-46 7.98818e-47 1.95577e-47 4.78836e-48 1.17235e-48 2.87029e-49 7.02741e-50 1.72054e-50 4.21244e-51 1.03134e-51 2.52507e-52 6.18219e-53 1.5136e-53 3.70579e-54 9.07299e-55 2.22136e-55 5.43863e-56 1.33155e-56 3.26008e-57 7.98174e-58 1.95419e-58 4.7845e-59 1.1714e-59 2.86797e-60 7.02174e-61 1.71915e-61 4.20905e-62
0.133693 0.0459566 0.0144894 0.00434017 0.00125669 0.000355196 9.85972e-05 2.69881e-05 7.30493e-06 1.95922e-06 5.21483e-07 1.3791e-07 3.62707e-08 9.49373e-09 2.47458e-09 6.42631e-10 1.6634e-10 4.29299e-11 1.10503e-11 2.83762e-12 7.27093e-13 1.85937e-13 4.74626e-14 1.20952e-14 3.07754e-15 7.81942e-16 1.98413e-16 5.02839e-17 1.27288e-17 3.21869e-18 8.13079e-19 2.05198e-19 5.174e-20 1.30351e-20 3.28138e-21 8.25414e-22 2.07481e-22 5.21184e-23 1.30835e-23 3.28242e-24 8.2302e-25 2.06246e-25 5.16573e-26 1.29318e-26 3.23574e-27 8.09261e-28 2.02307e-28 5.05532e-29 1.26272e-29 3.15281e-30 7.86907e-31 1.96332e-31 4.89674e-32 1.22089e-32 3.04302e-33 7.58223e-34 1.88868e-34 4.70317e-35 1.17085e-35 2.91403e-36 7.25055e-37 1.80359e-37 4.48534e-38 1.11519e-38 2.77205e-39 6.88898e-40 1.71164e-40 4.25186e-41 1.05598e-41 2.62207e-42 6.50949e-43 1.61573e-43 4.00967e-44 9.94879e-45 2.46806e-45 6.12164e-46 1.51812e-46 3.76422e-47 9.33201e-48 2.31317e-48 5.73291e-49 1.42062e-49 3.51982e-50 8.71968e-51 2.15984e-51 5.34914e-52 1.32462e-52 3.27975e-53 8.11965e-54 2.00993e-54 4.97475e-55 1.23115e-55 3.04651e-56 7.53781e-57 1.86483e-57 4.61304e-58 1.14101e-58 2.82194e-59 6.97848e-60 1.72556e-60 4.26638e-61
0.0327325 0.0144894 0.00545312 0.00188007 0.000612927 0.000192132 5.84904e-05 1.74055e-05 5.08575e-06 1.46386e-06 4.16083e-07 1.17005e-07 3.26001e-08 9.01014e-09 2.47266e-09 6.7432e-10 1.82863e-10 4.93388e-11 1.32515e-11 3.54437e-12 9.44418e-13 2.50772e-13 6.63748e-14 1.75164e-14 4.60996e-15 1.21017e-15 3.16931e-16 8.28177e-17 2.15965e-17 5.62082e-18 1.46024e-18 3.78706e-19 9.80563e-20 2.53504e-20 6.5443e-21 1.68712e-21 4.34371e-22 1.11696e-22 2.86882e-23 7.36003e-24 1.88621e-24 4.82899e-25 1.23509e-25 3.15596e-26 8.05703e-27 2.05516e-27 5.2379e-28 1.3339e-28 3.39439e-29 8.63136e-30 2.19326e-30 5.56938e-31 1.41331e-31 3.58423e-32 9.08423e-33 2.30104e-33 5.82523e-34 1.47388e-34 3.72718e-35 9.42051e-36 2.37986e-36 6.00922e-37 1.51664e-37 3.82601e-38 9.64761e-39 2.43168e-39 6.12651e-40 1.54292e-40 3.88421e-41 9.77452e-42 2.45882e-42 6.18302e-43 1.55425e-43 3.90565e-44 9.81115e-45 2.46379e-45 6.18516e-46 1.55225e-46 3.89442e-47 9.76777e-48 2.44919e-48 6.13942e-49 1.53855e-49 3.85462e-50 9.65466e-51 2.41758e-51 6.05223e-52 1.51476e-52 3.79025e-53 9.4818e-54 2.37145e-54 5.92978e-55 1.48241e-55 3.70513e-56 9.25865e-57 2.31314e-57 5.77788e-58 1.44294e-58 3.60283e-59 8.99407e-60 2.24485e-60
0.00801399 0.00434017 0.00188007 0.000725791 0.000260595 8.89451e-05 2.9233e-05 9.32901e-06 2.90738e-06 8.88532e-07 2.67115e-07 7.91803e-08 2.31874e-08 6.71835e-09 1.92837e-09 5.48885e-10 1.55065e-10 4.35119e-11 1.21349e-11 3.36537e-12 9.28552e-13 2.54997e-13 6.97234e-14 1.89879e-14 5.15173e-15 1.39291e-15 3.7539e-16 1.00862e-16 2.7023e-17 7.22073e-18 1.92458e-18 5.11751e-19 1.35771e-19 3.59447e-20 9.49704e-21 2.50445e-21 6.59246e-22 1.73234e-22 4.54466e-23 1.19039e-23 3.11332e-24 8.13087e-25 2.12057e-25 5.52329e-26 1.4368e-26 3.73308e-27 9.68798e-28 2.51139e-28 6.50321e-29 1.68226e-29 4.34733e-30 1.12237e-30 2.89499e-31 7.46049e-32 1.92093e-32 4.94191e-33 1.27035e-33 3.26299e-34 8.37484e-35 2.14792e-35 5.50493e-36 1.40989e-36 3.60851e-37 9.22972e-38 2.35926e-38 6.02692e-39 1.53871e-39 3.92615e-40 1.00123e-40 2.55187e-41 6.50062e-42 1.6551e-42 4.21187e-43 1.0713e-43 2.72357e-44 6.92089e-45 1.75787e-45 4.46292e-46 1.13256e-46 2.8729e-47 7.28448e-48 1.84629e-48 4.67768e-49 1.18466e-49 2.9991e-50 7.58975e-51 1.92003e-51 4.8555e-52 1.22747e-52 3.10198e-53 7.83652e-54 1.97909e-54 4.99657e-55 1.26108e-55 3.18184e-56 8.02575e-57 2.02379e-57 5.10176e-58 1.28574e-58 3.23939e-59 8.15938e-60
0.00196209 0.00125669 0.000612927 0.000260595 0.000101675 3.73601e-05 1.31265e-05 4.45348e-06 1.46889e-06 4.73307e-07 1.49536e-07 4.64544e-08 1.42218e-08 4.29845e-09 1.28451e-09 3.79983e-10 1.11388e-10 3.23847e-11 9.34536e-12 2.67848e-12 7.62888e-13 2.16038e-13 6.08539e-14 1.7057e-14 4.75906e-15 1.32215e-15 3.65851e-16 1.00856e-16 2.77055e-17 7.58567e-18 2.07045e-18 5.63451e-19 1.5291e-19 4.13873e-20 1.1174e-20 3.00964e-21 8.0879e-22 2.16879e-22 5.80371e-23 1.55002e-23 4.13193e-24 1.09948e-24 2.92058e-25 7.74524e-26 2.05074e-26 5.42155e-27 1.4312e-27 3.7728e-28 9.93205e-29 2.61123e-29 6.85652e-30 1.79818e-30 4.71035e-31 1.23248e-31 3.22129e-32 8.41044e-33 2.19362e-33 5.71574e-34 1.48787e-34 3.86948e-35 1.00542e-35 2.61011e-36 6.7702e-37 1.75462e-37 4.54378e-38 1.17574e-38 3.04e-39 7.85445e-40 2.02789e-40 5.23204e-41 1.34896e-41 3.47569e-42 8.94952e-43 2.30295e-43 5.92247e-44 1.52216e-44 3.90987e-45 1.00373e-45 2.57531e-46 6.60396e-47 1.69258e-47 4.33577e-48 1.1101e-48 2.84083e-49 7.26632e-50 1.85771e-50 4.74722e-51 1.21256e-51 3.0958e-52 7.90047e-53 2.01534e-53 5.13878e-54 1.30977e-54 3.33699e-55 8.49854e-56 2.16354e-56 5.50583e-57 1.40061e-57 3.56168e-58 9.05394e-59 2.30074e-59
0.000480383 0.000355196 0.000192132 8.89451e-05 3.73601e-05 1.46615e-05 5.46871e-06 1.96032e-06 6.80481e-07 2.30008e-07 7.60155e-08 2.46423e-08 7.8556e-09 2.46762e-09 7.6508e-10 2.34459e-10 7.10994e-11 2.13569e-11 6.35995e-12 1.87903e-12 5.51138e-13 1.60575e-13 4.6495e-14 1.33855e-14 3.83302e-15 1.09213e-15 3.09728e-16 8.74539e-17 2.45916e-17 6.88826e-18 1.92238e-18 5.34645e-19 1.48206e-19 4.09559e-20 1.12845e-20 3.10048e-21 8.49594e-22 2.32213e-22 6.33146e-23 1.7223e-23 4.67463e-24 1.26607e-24 3.42202e-25 9.23112e-26 2.48546e-26 6.67996e-27 1.79219e-27 4.80026e-28 1.28364e-28 3.42727e-29 9.13689e-30 2.43231e-30 6.46592e-31 1.71654e-31 4.55101e-32 1.20507e-32 3.18701e-33 8.41855e-34 2.22122e-34 5.85409e-35 1.54119e-35 4.05319e-36 1.06486e-36 2.79485e-37 7.32831e-38 1.91974e-38 5.0244e-39 1.31383e-39 3.43259e-40 8.96059e-41 2.3372e-41 6.09126e-42 1.58628e-42 4.12784e-43 1.07336e-43 2.78902e-44 7.2419e-45 1.87912e-45 4.87262e-46 1.26266e-46 3.26987e-47 8.46256e-48 2.1888e-48 5.65784e-49 1.46164e-49 3.7738e-50 9.73809e-51 2.51148e-51 6.47368e-52 1.6678e-52 4.29449e-53 1.10525e-53 2.84309e-54 7.30989e-55 1.87856e-55 4.82541e-56 1.23893e-56 3.17951e-57 8.15612e-58 2.09131e-58 5.36005e-59
0.000117614 9.85972e-05 5.84904e-05 2.9233e-05 1.31265e-05 5.46871e-06 2.15404e-06 8.11958e-07 2.95364e-07 1.04317e-07 3.59342e-08 1.21154e-08 4.00919e-09 1.30509e-09 4.18688e-10 1.32579e-10 4.14908e-11 1.28471e-11 3.93952e-12 1.19736e-12 3.6096e-13 1.07999e-13 3.20885e-14 9.47246e-15 2.77941e-15 8.10943e-16 2.3536e-16 6.797e-17 1.95378e-17 5.5914e-18 1.59353e-18 4.52369e-19 1.2794e-19 3.60564e-20 1.01274e-20 2.83548e-21 7.91459e-22 2.20276e-22 6.11363e-23 1.6923e-23 4.67249e-24 1.28695e-24 3.53639e-25 9.69577e-26 2.65258e-26 7.2419e-27 1.97319e-27 5.36601e-28 1.45656e-28 3.94665e-29 1.06753e-29 2.88275e-30 7.77202e-31 2.09211e-31 5.62316e-32 1.50919e-32 4.04474e-33 1.08254e-33 2.89348e-34 7.72391e-35 2.05926e-35 5.48349e-36 1.45845e-36 3.8746e-37 1.0282e-37 2.72558e-38 7.21741e-39 1.90923e-39 5.04544e-40 1.33204e-40 3.51337e-41 9.25825e-42 2.43748e-42 6.41167e-43 1.68511e-43 4.42508e-44 1.16107e-44 3.04403e-45 7.97442e-46 2.08746e-46 5.46026e-47 1.42722e-47 3.72787e-48 9.73031e-49 2.53802e-49 6.61568e-50 1.72333e-50 4.48628e-51 1.16716e-51 3.03464e-52 7.8854e-53 2.04778e-53 5.31486e-54 1.37865e-54 3.57417e-55 9.26102e-56 2.39834e-56 6.20775e-57 1.60596e-57 4.15255e-58 1.0732e-58
2.87956e-05 2.69881e-05 1.74055e-05 9.32901e-06 4.45348e-06 1.96032e-06 8.11958e-07 3.20633e-07 1.21808e-07 4.48109e-08 1.60422e-08 5.61014e-09 1.92229e-09 6.46938e-10 2.14275e-10 6.99631e-11 2.25511e-11 7.18435e-12 2.26452e-12 7.06838e-13 2.18655e-13 6.70801e-14 2.04214e-14 6.1726e-15 1.85334e-15 5.53006e-16 1.64046e-16 4.83968e-17 1.42043e-17 4.14864e-18 1.20611e-18 3.49121e-19 1.00639e-19 2.88967e-20 8.26625e-21 2.35626e-21 6.69364e-22 1.89538e-22 5.35037e-23 1.50586e-23 4.22623e-24 1.18288e-24 3.30213e-25 9.19513e-26 2.55432e-26 7.0792e-27 1.9576e-27 5.40169e-28 1.48742e-28 4.08759e-29 1.12114e-29 3.06934e-30 8.3877e-31 2.28814e-31 6.23143e-32 1.69426e-32 4.59923e-33 1.24658e-33 3.37371e-34 9.1173e-35 2.46045e-35 6.63083e-36 1.78462e-36 4.79692e-37 1.28776e-37 3.45283e-38 9.24698e-39 2.47356e-39 6.60928e-40 1.76404e-40 4.70326e-41 1.25267e-41 3.33296e-42 8.85914e-43 2.35252e-43 6.24112e-44 1.65421e-44 4.38052e-45 1.15898e-45 3.06376e-46 8.09218e-47 2.13559e-47 5.63144e-48 1.48381e-48 3.90662e-49 1.02777e-49 2.70189e-50 7.09783e-51 1.86326e-51 4.88789e-52 1.28136e-52 3.35684e-53 8.78831e-54 2.29933e-54 6.01204e-55 1.571e-55 4.10265e-56 1.07077e-56 2.793e-57 7.28112e-58 1.89706e-58
7.05011e-06 7.30493e-06 5.08575e-06 2.90738e-06 1.46889e-06 6.80481e-07 2.95364e-07 1.21808e-07 4.81905e-08 1.84181e-08 6.83611e-09 2.47413e-09 8.75962e-10 3.0418e-10 1.03822e-10 3.48933e-11 1.15648e-11 3.78475e-12 1.22439e-12 3.91927e-13 1.24238e-13 3.90293e-14 1.2159e-14 3.75861e-15 1.15347e-15 3.51588e-16 1.06488e-16 3.20601e-17 9.59804e-18 2.85818e-18 8.46858e-19 2.49726e-19 7.33081e-20 2.14277e-20 6.23769e-21 1.80876e-21 5.22547e-22 1.50428e-22 4.31578e-23 1.23418e-23 3.51842e-24 1.00005e-24 2.83432e-25 8.0109e-26 2.25821e-26 6.34951e-27 1.78094e-27 4.98347e-28 1.39131e-28 3.87576e-29 1.07737e-29 2.9887e-30 8.27435e-31 2.28639e-31 6.30603e-32 1.73611e-32 4.77132e-33 1.30907e-33 3.58567e-34 9.80583e-35 2.67746e-35 7.29974e-36 1.98726e-36 5.40233e-37 1.46658e-37 3.97597e-38 1.07649e-38 2.91085e-39 7.86118e-40 2.12045e-40 5.71285e-41 1.53736e-41 4.13245e-42 1.10959e-42 2.97611e-43 7.97406e-44 2.13435e-44 5.70709e-45 1.52454e-45 4.06863e-46 1.0848e-46 2.88971e-47 7.69077e-48 2.04505e-48 5.43332e-49 1.44232e-49 3.8256e-50 1.01388e-50 2.68493e-51 7.10464e-52 1.87854e-52 4.96338e-53 1.31044e-53 3.45736e-54 9.11525e-55 2.40156e-55 6.32301e-56 1.66367e-56 4.37448e-57 1.1495e-57 3.01869e-58
1.7261e-06 1.95922e-06 1.46386e-06 8.88532e-07 4.73307e-07 2.30008e-07 1.04317e-07 4.48109e-08 1.84181e-08 7.29707e-09 2.80227e-09 1.04761e-09 3.82563e-10 1.36843e-10 4.80557e-11 1.65995e-11 5.64895e-12 1.89652e-12 6.28887e-13 2.06186e-13 6.68969e-14 2.14957e-14 6.84542e-15 2.16182e-15 6.77412e-16 2.10725e-16 6.51032e-17 1.99844e-17 6.09738e-18 1.84972e-18 5.58099e-19 1.67527e-19 5.00428e-20 1.48793e-20 4.40462e-21 1.29839e-21 3.81206e-22 1.11493e-22 3.24894e-23 9.43432e-24 2.73033e-24 7.87621e-25 2.26501e-25 6.49425e-26 1.85669e-26 5.29359e-27 1.50524e-27 4.26918e-28 1.20783e-28 3.40903e-29 9.59953e-30 2.69711e-30 7.56151e-31 2.11548e-31 5.90648e-32 1.64587e-32 4.57756e-33 1.27078e-33 3.5215e-34 9.74157e-35 2.69027e-35 7.41732e-36 2.04176e-36 5.6116e-37 1.53997e-37 4.21985e-38 1.15467e-38 3.1551e-39 8.60947e-40 2.34619e-40 6.38539e-41 1.73565e-41 4.71197e-42 1.27767e-42 3.4604e-43 9.36127e-44 2.52962e-44 6.82812e-45 1.84111e-45 4.95913e-46 1.3344e-46 3.58698e-47 9.63269e-48 2.58434e-48 6.92694e-49 1.85496e-49 4.9629e-50 1.32664e-50 3.54319e-51 9.45513e-52 2.52104e-52 6.71639e-53 1.78791e-53 4.7557e-54 1.26401e-54 3.35703e-55 8.90921e-56 2.36269e-56 6.26131e-57 1.65813e-57 4.38804e-58
4.22605e-07 5.21483e-07 4.16083e-07 2.67115e-07 1.49536e-07 7.60155e-08 3.59342e-08 1.60422e-08 6.83611e-09 2.80227e-09 1.11148e-09 4.28502e-10 1.61149e-10 5.92908e-11 2.13931e-11 7.58501e-12 2.64708e-12 9.10607e-13 3.09164e-13 1.03707e-13 3.44033e-14 1.1296e-14 3.67366e-15 1.18416e-15 3.78541e-16 1.2007e-16 3.78083e-17 1.18237e-17 3.6737e-18 1.13448e-18 3.48317e-19 1.06357e-19 3.23067e-20 9.76487e-21 2.93758e-21 8.79746e-22 2.62336e-22 7.79068e-23 2.30455e-23 6.7914e-24 1.99418e-24 5.83534e-25 1.70185e-25 4.94749e-26 1.43388e-26 4.14332e-27 1.19383e-27 3.43038e-28 9.83066e-29 2.81e-29 8.01218e-30 2.27904e-30 6.46757e-31 1.83127e-31 5.17388e-32 1.45868e-32 4.10407e-33 1.1524e-33 3.22964e-34 9.0342e-35 2.52251e-35 7.03081e-36 1.95627e-36 5.43407e-37 1.50699e-37 4.1726e-38 1.15353e-38 3.18419e-39 8.77663e-40 2.41565e-40 6.63946e-41 1.82238e-41 4.99535e-42 1.3675e-42 3.73885e-43 1.02096e-43 2.78455e-44 7.5855e-45 2.064e-45 5.60977e-46 1.52299e-46 4.13026e-47 1.11892e-47 3.02807e-48 8.18637e-49 2.21098e-49 5.96558e-50 1.60807e-50 4.33062e-51 1.16519e-51 3.1322e-52 8.41238e-53 2.25742e-53 6.0525e-54 1.62142e-54 4.3401e-55 1.16079e-55 3.10218e-56 8.28403e-57 2.21047e-57 5.89392e-58
1.03468e-07 1.3791e-07 1.17005e-07 7.91803e-08 4.64544e-08 2.46423e-08 1.21154e-08 5.61014e-09 2.47413e-09 1.04761e-09 4.28502e-10 1.70114e-10 6.57955e-11 2.48681e-11 9.20804e-12 3.3472e-12 1.19662e-12 4.21348e-13 1.46321e-13 5.01701e-14 1.70013e-14 5.69902e-15 1.89118e-15 6.217e-16 2.02587e-16 6.54734e-17 2.09971e-17 6.68488e-18 2.11371e-18 6.64018e-19 2.07322e-19 6.43551e-20 1.98663e-20 6.1005e-21 1.86396e-21 5.66802e-22 1.71571e-22 5.17081e-23 1.55188e-23 4.63896e-24 1.38138e-24 4.09832e-25 1.2116e-25 3.5697e-26 1.04829e-26 3.06871e-27 8.95587e-28 2.60605e-28 7.56181e-29 2.18815e-29 6.31506e-30 1.81787e-30 5.22002e-31 1.49533e-31 4.27355e-32 1.2186e-32 3.46721e-33 9.84412e-34 2.78918e-34 7.88688e-35 2.22581e-35 6.26969e-36 1.7628e-36 4.94746e-37 1.38613e-37 3.8769e-38 1.08254e-38 3.01791e-39 8.40006e-40 2.33449e-40 6.47814e-41 1.79504e-41 4.96681e-42 1.37238e-42 3.78689e-43 1.04355e-43 2.87194e-44 7.89384e-45 2.16701e-45 5.94162e-46 1.62717e-46 4.45096e-47 1.21613e-47 3.31912e-48 9.04878e-49 2.46429e-49 6.70407e-50 1.82196e-50 4.94654e-51 1.34164e-51 3.63536e-52 9.84116e-53 2.66159e-53 7.19181e-54 1.94154e-54 5.23685e-55 1.4113e-55 3.80014e-56 1.02239e-56 2.74839e-57 7.38228e-58
2.53323e-08 3.62707e-08 3.26001e-08 2.31874e-08 1.42218e-08 7.8556e-09 4.00919e-09 1.92229e-09 8.75962e-10 3.82563e-10 1.61149e-10 6.57955e-11 2.61403e-11 1.01379e-11 3.8481e-12 1.43268e-12 5.24157e-13 1.88741e-13 6.69811e-14 2.3455e-14 8.11267e-15 2.77417e-15 9.38628e-16 3.14456e-16 1.04378e-16 3.43477e-17 1.12111e-17 3.63139e-18 1.16777e-18 3.72967e-19 1.18351e-19 3.73258e-20 1.17034e-20 3.64923e-21 1.13186e-21 3.49298e-22 1.07276e-22 3.27951e-23 9.98152e-24 3.02515e-24 9.13133e-25 2.74554e-25 8.22422e-26 2.45469e-26 7.30112e-27 2.16437e-27 6.39545e-28 1.88391e-28 5.53277e-29 1.62018e-29 4.73114e-30 1.3778e-30 4.00189e-31 1.15941e-31 3.3507e-32 9.66039e-33 2.77871e-33 7.97468e-34 2.28366e-34 6.52565e-35 1.86088e-35 5.29588e-36 1.50421e-36 4.26432e-37 1.20666e-37 3.40829e-38 9.60998e-39 2.70497e-39 7.6011e-40 2.13246e-40 5.973e-41 1.67043e-41 4.66452e-42 1.30059e-42 3.62113e-43 1.00677e-43 2.79525e-44 7.75032e-45 2.14607e-45 5.93481e-46 1.63915e-46 4.5216e-47 1.24577e-47 3.42821e-48 9.42304e-49 2.58713e-49 7.09514e-50 1.94369e-50 5.31896e-51 1.45401e-51 3.97064e-52 1.08321e-52 2.95212e-53 8.03767e-54 2.1863e-54 5.94131e-55 1.61307e-55 4.37552e-56 1.18582e-56 3.21092e-57 8.68693e-58
6.20216e-09 9.49373e-09 9.01014e-09 6.71835e-09 4.29845e-09 2.46762e-09 1.30509e-09 6.46938e-10 3.0418e-10 1.36843e-10 5.92908e-11 2.48681e-11 1.01379e-11 4.03031e-12 1.56671e-12 5.96872e-13 2.23281e-13 8.21505e-14 2.97694e-14 1.06381e-14 3.75286e-15 1.3082e-15 4.50988e-16 1.53872e-16 5.1994e-17 1.74103e-17 5.78036e-18 1.90378e-18 6.22281e-19 2.0195e-19 6.50957e-20 2.08479e-20 6.63613e-21 2.10008e-21 6.60915e-22 2.06896e-22 6.44408e-23 1.9974e-23 6.16246e-24 1.89283e-24 5.78916e-25 1.76335e-25 5.34996e-26 1.61702e-26 4.86958e-27 1.4613e-27 4.37033e-28 1.30276e-28 3.87114e-29 1.14679e-29 3.38724e-30 9.97615e-31 2.93005e-31 8.58264e-32 2.50747e-32 7.30721e-33 2.12424e-33 6.16058e-34 1.78252e-34 5.14604e-35 1.48239e-35 4.26117e-36 1.22235e-36 3.49938e-37 9.99846e-38 2.85132e-38 8.11617e-39 2.30605e-39 6.54058e-40 1.85189e-40 5.23458e-41 1.47718e-41 4.16188e-42 1.17075e-42 3.2883e-43 9.22207e-44 2.58256e-44 7.22185e-45 2.01669e-45 5.62385e-46 1.56619e-46 4.35599e-47 1.20996e-47 3.35665e-48 9.30049e-49 2.57384e-49 7.11444e-50 1.96425e-50 5.41698e-51 1.49222e-51 4.10613e-52 1.12867e-52 3.09913e-53 8.50091e-54 2.32943e-54 6.37676e-55 1.74391e-55 4.76466e-56 1.30055e-56 3.54668e-57 9.66314e-58
1.51849e-09 2.47458e-09 2.47266e-09 1.92837e-09 1.28451e-09 7.6508e-10 4.18688e-10 2.14275e-10 1.03822e-10 4.80557e-11 2.13931e-11 9.20804e-12 3.8481e-12 1.56671e-12 6.23177e-13 2.42736e-13 9.27726e-14 3.485e-14 1.28861e-14 4.69596e-15 1.68849e-15 5.99615e-16 2.10485e-16 7.30949e-17 2.51287e-17 8.5574e-18 2.88836e-18 9.66764e-19 3.21036e-19 1.05813e-19 3.46292e-20 1.1257e-20 3.63602e-21 1.16731e-21 3.72581e-22 1.18263e-22 3.73404e-23 1.17303e-23 3.66714e-24 1.1411e-24 3.53494e-25 1.09037e-25 3.34947e-26 1.02483e-26 3.12365e-27 9.48578e-28 2.87037e-28 8.65584e-29 2.6016e-29 7.79429e-30 2.3279e-30 6.93184e-31 2.05811e-31 6.09345e-32 1.79917e-32 5.29818e-33 1.5562e-33 4.55949e-34 1.33264e-34 3.88584e-35 1.13047e-35 3.28144e-36 9.50444e-37 2.74706e-37 7.92349e-38 2.28082e-38 6.55265e-39 1.87894e-39 5.37776e-40 1.53639e-40 4.38158e-41 1.24741e-41 3.54529e-42 1.00595e-42 2.84973e-43 8.06017e-44 2.27622e-44 6.41844e-45 1.80719e-45 5.08102e-46 1.42654e-46 3.99959e-47 1.11985e-47 3.1313e-48 8.74433e-49 2.43879e-49 6.79328e-50 1.88996e-50 5.25176e-51 1.45762e-51 4.04094e-52 1.11899e-52 3.09521e-53 8.5522e-54 2.36048e-54 6.50825e-55 1.79259e-55 4.93236e-56 1.3558e-56 3.72315e-57 1.02143e-57
3.71777e-10 6.42631e-10 6.7432e-10 5.48885e-10 3.79983e-10 2.34459e-10 1.32579e-10 6.99631e-11 3.48933e-11 1.65995e-11 7.58501e-12 3.3472e-12 1.43268e-12 5.96872e-13 2.42736e-13 9.65961e-14 3.76917e-14 1.44462e-14 5.44679e-15 2.02291e-15 7.40907e-16 2.67881e-16 9.56981e-17 3.38063e-17 1.18178e-17 4.09078e-18 1.403e-18 4.77008e-19 1.60849e-19 5.38183e-20 1.78746e-20 5.89522e-21 1.93139e-21 6.28763e-22 2.03459e-22 6.54575e-23 2.09432e-23 6.66553e-24 2.1107e-24 6.65137e-25 2.08628e-25 6.5146e-26 2.0255e-26 6.27158e-27 1.93413e-27 5.94187e-28 1.81864e-28 5.54639e-29 1.68566e-29 5.1059e-30 1.54158e-30 4.63978e-31 1.39222e-31 4.16521e-32 1.24258e-32 3.69665e-33 1.09679e-33 3.24564e-34 9.58022e-35 2.82084e-35 8.28585e-36 2.42818e-36 7.09966e-37 2.07125e-37 6.02961e-38 1.75159e-38 5.07794e-39 1.46917e-39 4.24241e-40 1.22271e-40 3.51747e-41 1.01006e-41 2.89532e-42 8.28502e-43 2.36677e-43 6.74993e-44 1.92194e-44 5.46379e-45 1.55087e-45 4.3954e-46 1.24388e-46 3.51501e-47 9.91877e-48 2.79501e-48 7.86532e-49 2.21039e-49 6.20369e-50 1.7389e-50 4.86798e-51 1.36109e-51 3.80101e-52 1.06021e-52 2.95379e-53 8.2199e-54 2.28489e-54 6.34429e-55 1.75966e-55 4.87542e-56 1.34939e-56 3.73094e-57 1.03052e-57
9.10231e-11 1.6634e-10 1.82863e-10 1.55065e-10 1.11388e-10 7.10994e-11 4.14908e-11 2.25511e-11 1.15648e-11 5.64895e-12 2.64708e-12 1.19662e-12 5.24157e-13 2.23281e-13 9.27726e-14 3.76917e-14 1.50054e-14 5.86415e-15 2.25319e-15 8.52339e-16 3.17809e-16 1.16927e-16 4.24872e-17 1.52603e-17 5.42185e-18 1.9068e-18 6.64203e-19 2.29282e-19 7.84755e-20 2.66434e-20 8.97676e-21 3.00256e-21 9.97384e-22 3.29134e-22 1.07933e-22 3.51829e-23 1.1403e-23 3.67556e-24 1.17853e-24 3.75985e-25 1.1937e-25 3.77221e-26 1.18673e-26 3.71737e-27 1.15962e-27 3.6029e-28 1.11509e-28 3.43833e-29 1.05637e-29 3.23422e-30 9.8686e-31 3.00139e-31 9.09938e-32 2.75022e-32 8.28764e-33 2.49023e-33 7.46152e-34 2.22963e-34 6.64488e-35 1.97526e-35 5.85696e-36 1.73246e-36 5.11236e-37 1.50514e-37 4.42136e-38 1.29593e-38 3.79033e-39 1.10629e-39 3.22236e-40 9.36736e-41 2.7178e-41 7.8704e-42 2.27495e-42 6.56389e-43 1.89053e-43 5.43569e-44 1.56024e-44 4.47107e-45 1.27917e-45 3.65391e-46 1.04211e-46 2.96763e-47 8.4384e-48 2.39595e-48 6.79322e-49 1.92338e-49 5.43826e-50 1.53557e-50 4.33019e-51 1.2195e-51 3.43009e-52 9.63578e-53 2.70357e-53 7.57646e-54 2.12072e-54 5.92921e-55 1.65583e-55 4.61903e-56 1.28709e-56 3.58259e-57 9.9615e-58
2.22854e-11 4.29299e-11 4.93388e-11 4.35119e-11 3.23847e-11 2.13569e-11 1.28471e-11 7.18435e-12 3.78475e-12 1.89652e-12 9.10607e-13 4.21348e-13 1.88741e-13 8.21505e-14 3.485e-14 1.44462e-14 5.86415e-15 2.33539e-15 9.13934e-16 3.51944e-16 1.33527e-16 4.99653e-17 1.84581e-17 6.73748e-18 2.43182e-18 8.68537e-19 3.07143e-19 1.07605e-19 3.73674e-20 1.28683e-20 4.39654e-21 1.49084e-21 5.0193e-22 1.67839e-22 5.57596e-23 1.84097e-23 6.0422e-24 1.97184e-24 6.40004e-25 2.06643e-25 6.63863e-26 2.12246e-26 6.75433e-27 2.13985e-27 6.7501e-28 2.12047e-28 6.63456e-29 2.0678e-29 6.42062e-30 1.98642e-30 6.12412e-31 1.88166e-31 5.76248e-32 1.75911e-32 5.35342e-33 1.6243e-33 4.91399e-34 1.48242e-34 4.45979e-35 1.33812e-35 4.00445e-36 1.19534e-36 3.55932e-37 1.0573e-37 3.13339e-38 9.26487e-39 2.73336e-39 8.04659e-40 2.36378e-40 6.92953e-41 2.02733e-41 5.91953e-42 1.7251e-42 5.01792e-43 1.45692e-43 4.22244e-44 1.22159e-44 3.52812e-45 1.01725e-45 2.92816e-46 8.41514e-47 2.41457e-47 6.91746e-48 1.97876e-48 5.65188e-49 1.61198e-49 4.59098e-50 1.30569e-50 3.70834e-51 1.0518e-51 2.97927e-52 8.42795e-53 2.38112e-53 6.71885e-54 1.89354e-54 5.33003e-55 1.49854e-55 4.20825e-56 1.18042e-56 3.30737e-57 9.25652e-58
5.4562e-12 1.10503e-11 1.32515e-11 1.21349e-11 9.34536e-12 6.35995e-12 3.93952e-12 2.26452e-12 1.22439e-12 6.28887e-13 3.09164e-13 1.46321e-13 6.69811e-14 2.97694e-14 1.28861e-14 5.44679e-15 2.25319e-15 9.13934e-16 3.64088e-16 1.42657e-16 5.50455e-17 2.09397e-17 7.86083e-18 2.91471e-18 1.0683e-18 3.87324e-19 1.38999e-19 4.94039e-20 1.74002e-20 6.07575e-21 2.10423e-21 7.23121e-22 2.46671e-22 8.35539e-23 2.81123e-23 9.39807e-24 3.12258e-24 1.03142e-24 3.38774e-25 1.10671e-25 3.5967e-26 1.16307e-26 3.74299e-27 1.19901e-27 3.82373e-28 1.21418e-28 3.83952e-29 1.20928e-29 3.79396e-30 1.18584e-30 3.69306e-31 1.14608e-31 3.5446e-32 1.09265e-32 3.35741e-33 1.02843e-33 3.14074e-34 9.56347e-35 2.90375e-35 8.79218e-36 2.65498e-36 7.99622e-37 2.40213e-37 7.19823e-38 2.15179e-38 6.4172e-39 1.90936e-39 5.6683e-40 1.67905e-40 4.96295e-41 1.46389e-41 4.30909e-42 1.26589e-42 3.71156e-43 1.08614e-43 3.17253e-44 9.24975e-45 2.69202e-45 7.82105e-46 2.26834e-46 6.56783e-47 1.89855e-47 5.47927e-48 1.57884e-48 4.54235e-49 1.30486e-49 3.74286e-50 1.07204e-50 3.06615e-51 8.75725e-52 2.49772e-52 7.11431e-53 2.0237e-53 5.74899e-54 1.63111e-54 4.62197e-55 1.30808e-55 3.69756e-56 1.04395e-56 2.94396e-57 8.2925e-58
1.33586e-12 2.83762e-12 3.54437e-12 3.36537e-12 2.67848e-12 1.87903e-12 1.19736e-12 7.06838e-13 3.91927e-13 2.06186e-13 1.03707e-13 5.01701e-14 2.3455e-14 1.06381e-14 4.69596e-15 2.02291e-15 8.52339e-16 3.51944e-16 1.42657e-16 5.6847e-17 2.22984e-17 8.61957e-18 3.28686e-18 1.23751e-18 4.60409e-19 1.69387e-19 6.16655e-20 2.22276e-20 7.93718e-21 2.80919e-21 9.85905e-22 3.4325e-22 1.18598e-22 4.06809e-23 1.38578e-23 4.68947e-24 1.57689e-24 5.27044e-25 1.75132e-25 5.78711e-26 1.90208e-26 6.21954e-27 2.02364e-27 6.55288e-28 2.11218e-28 6.77797e-29 2.16573e-29 6.89144e-30 2.18411e-30 6.89533e-31 2.16873e-31 6.79639e-32 2.12236e-32 6.60508e-33 2.04878e-33 6.33457e-34 1.95245e-34 5.99964e-35 1.83818e-35 5.61569e-36 1.71082e-36 5.19788e-37 1.57506e-37 4.76045e-38 1.43518e-38 4.31619e-39 1.29496e-39 3.87614e-40 1.15759e-40 3.44939e-41 1.02563e-41 3.04309e-42 9.01033e-43 2.66249e-43 7.85189e-44 2.31111e-44 6.78958e-45 1.99095e-45 5.8276e-46 1.70274e-46 4.9665e-47 1.44615e-47 4.20388e-48 1.22005e-48 3.53514e-49 1.02271e-49 2.95414e-50 8.52022e-51 2.45373e-51 7.05619e-52 2.02625e-52 5.81041e-53 1.66388e-53 4.75829e-54 1.35895e-54 3.87603e-55 1.10412e-55 3.1412e-56 8.92563e-57 2.53311e-57 7.1804e-58
3.27061e-13 7.27093e-13 9.44418e-13 9.28552e-13 7.62888e-13 5.51138e-13 3.6096e-13 2.18655e-13 1.24238e-13 6.68969e-14 3.44033e-14 1.70013e-14 8.11267e-15 3.75286e-15 1.68849e-15 7.40907e-16 3.17809e-16 1.33527e-16 5.50455e-17 2.22984e-17 8.88786e-18 3.48977e-18 1.3512e-18 5.16376e-19 1.94938e-19 7.27502e-20 2.68579e-20 9.81469e-21 3.55214e-21 1.2739e-21 4.52914e-22 1.59705e-22 5.58748e-23 1.9403e-23 6.68998e-24 2.29098e-24 7.79447e-25 2.63536e-25 8.85713e-26 2.95972e-26 9.83579e-27 3.25134e-27 1.06929e-27 3.49937e-28 1.13978e-28 3.69544e-29 1.19286e-29 3.83404e-30 1.22724e-30 3.91259e-31 1.24257e-31 3.93139e-32 1.23935e-32 3.89325e-33 1.21883e-33 3.80307e-34 1.18283e-34 3.66734e-35 1.13359e-35 3.4936e-36 1.07359e-36 3.2899e-37 1.0054e-37 3.06437e-38 9.31567e-39 2.8248e-39 8.54452e-40 2.57835e-40 7.76201e-41 2.33136e-41 6.98669e-42 2.08921e-42 6.23392e-43 1.85623e-43 5.51586e-44 1.63578e-44 4.84159e-45 1.43027e-45 4.21727e-46 1.24122e-46 3.64655e-47 1.06943e-47 3.13091e-48 9.15069e-49 2.67004e-49 7.7781e-50 2.26223e-50 6.56933e-51 1.90475e-51 5.51442e-52 1.59412e-52 4.6016e-53 1.32641e-53 3.81805e-54 1.0975e-54 3.15053e-55 9.03204e-56 2.58595e-56 7.39433e-57 2.11169e-57 6.02313e-58
8.00753e-14 1.85937e-13 2.50772e-13 2.54997e-13 2.16038e-13 1.60575e-13 1.07999e-13 6.70801e-14 3.90293e-14 2.14957e-14 1.1296e-14 5.69902e-15 2.77417e-15 1.3082e-15 5.99615e-16 2.67881e-16 1.16927e-16 4.99653e-17 2.09397e-17 8.61957e-18 3.48977e-18 1.39129e-18 5.46777e-19 2.12022e-19 8.11892e-20 3.07251e-20 1.14991e-20 4.25881e-21 1.56174e-21 5.67354e-22 2.04284e-22 7.29357e-23 2.58315e-23 9.07871e-24 3.1675e-24 1.09741e-24 3.77669e-25 1.29142e-25 4.38883e-26 1.48274e-26 4.98097e-27 1.66415e-27 5.53078e-28 1.82887e-28 6.01805e-29 1.97098e-29 6.4259e-30 2.08581e-30 6.74169e-31 2.17008e-31 6.95747e-32 2.22203e-32 7.07008e-33 2.24141e-33 7.08093e-34 2.22932e-34 6.9954e-35 2.18801e-35 6.82218e-36 2.12066e-36 6.57245e-37 2.03108e-37 6.25896e-38 1.92347e-38 5.89529e-39 1.80215e-39 5.49506e-40 1.67138e-40 5.07134e-41 1.53512e-41 4.63615e-42 1.39698e-42 4.20015e-43 1.26009e-43 3.77242e-44 1.12705e-44 3.36036e-45 9.99934e-46 2.96972e-46 8.80309e-47 2.60465e-47 7.69258e-48 2.26788e-48 6.67437e-49 1.9609e-49 5.75137e-50 1.68411e-50 4.92345e-51 1.43707e-51 4.18805e-52 1.21866e-52 3.54078e-53 1.02725e-53 2.97596e-54 8.60916e-55 2.48707e-55 7.17494e-56 2.06711e-56 5.94748e-57 1.70898e-57 4.90439e-58
1.96051e-14 4.74626e-14 6.63748e-14 6.97234e-14 6.08539e-14 4.6495e-14 3.20885e-14 2.04214e-14 1.2159e-14 6.84542e-15 3.67366e-15 1.89118e-15 9.38628e-16 4.50988e-16 2.10485e-16 9.56981e-17 4.24872e-17 1.84581e-17 7.86083e-18 3.28686e-18 1.3512e-18 5.46777e-19 2.18033e-19 8.57575e-20 3.32994e-20 1.27747e-20 4.84537e-21 1.81818e-21 6.75367e-22 2.48465e-22 9.05785e-23 3.27354e-23 1.17334e-23 4.17264e-24 1.47276e-24 5.16102e-25 1.79619e-25 6.21021e-26 2.13362e-26 7.28609e-27 2.47366e-27 8.35122e-28 2.80424e-28 9.36744e-29 3.1135e-29 1.02985e-29 3.39053e-30 1.11122e-30 3.62604e-31 1.17823e-31 3.81282e-32 1.22897e-32 3.94607e-33 1.26232e-33 4.02344e-34 1.27791e-34 4.045e-35 1.27613e-35 4.01299e-36 1.25799e-36 3.9315e-37 1.22503e-37 3.80605e-38 1.17917e-38 3.64318e-39 1.12258e-39 3.44999e-40 1.05756e-40 3.23378e-41 9.86404e-42 3.00169e-42 9.11309e-43 2.76043e-43 8.34302e-44 2.51608e-44 7.57185e-45 2.27392e-45 6.81494e-46 2.03837e-46 6.08493e-47 1.813e-47 5.39167e-48 1.60049e-48 4.7424e-49 1.40274e-49 4.14195e-50 1.22094e-50 3.59302e-51 1.05564e-51 3.09651e-52 9.06873e-53 2.65185e-53 7.74267e-54 2.25728e-54 6.57118e-55 1.91019e-55 5.5449e-56 1.60734e-56 4.65294e-57 1.34513e-57 3.88352e-58
4.79996e-15 1.20952e-14 1.75164e-14 1.89879e-14 1.7057e-14 1.33855e-14 9.47246e-15 6.1726e-15 3.75861e-15 2.16182e-15 1.18416e-15 6.217e-16 3.14456e-16 1.53872e-16 7.30949e-17 3.38063e-17 1.52603e-17 6.73748e-18 2.91471e-18 1.23751e-18 5.16376e-19 2.12022e-19 8.57575e-20 3.42031e-20 1.34631e-20 5.23423e-21 2.01143e-21 7.6451e-22 2.87573e-22 1.07112e-22 3.95244e-23 1.44556e-23 5.24243e-24 1.88593e-24 6.73248e-25 2.38576e-25 8.39496e-26 2.93412e-26 1.01889e-26 3.51619e-27 1.20621e-27 4.11411e-28 1.39549e-28 4.70823e-29 1.58036e-29 5.27831e-30 1.7545e-30 5.80491e-31 1.91201e-31 6.27049e-32 2.0478e-32 6.66044e-33 2.15776e-33 6.9637e-34 2.23904e-34 7.17324e-35 2.29005e-35 7.28607e-36 2.31047e-36 7.3031e-37 2.30117e-37 7.22874e-38 2.26403e-38 7.07033e-39 2.20175e-39 6.8375e-40 2.11766e-40 6.54146e-41 2.01547e-41 6.19429e-42 1.89908e-42 5.80837e-43 1.77235e-43 5.39576e-44 1.63902e-44 4.9678e-45 1.5025e-45 4.53476e-46 1.36585e-46 4.10561e-47 1.23168e-47 3.68791e-48 1.10215e-48 3.28773e-49 9.78956e-50 2.90975e-50 8.63353e-51 2.55727e-51 7.56195e-52 2.2324e-52 6.57973e-53 1.9362e-53 5.68873e-54 1.66883e-54 4.88825e-55 1.42972e-55 4.17557e-56 1.21775e-56 3.54641e-57 1.03138e-57 2.99541e-58
1.17519e-15 3.07754e-15 4.60996e-15 5.15173e-15 4.75906e-15 3.83302e-15 2.77941e-15 1.85334e-15 1.15347e-15 6.77412e-16 3.78541e-16 2.02587e-16 1.04378e-16 5.1994e-17 2.51287e-17 1.18178e-17 5.42185e-18 2.43182e-18 1.0683e-18 4.60409e-19 1.94938e-19 8.11892e-20 3.32994e-20 1.34631e-20 5.37047e-21 2.1154e-21 8.23386e-22 3.16909e-22 1.20684e-22 4.54981e-23 1.69897e-23 6.28679e-24 2.30629e-24 8.39104e-25 3.02897e-25 1.08518e-25 3.85991e-26 1.36349e-26 4.78459e-27 1.6683e-27 5.78155e-28 1.99185e-28 6.82352e-29 2.3248e-29 7.87905e-30 2.65676e-30 8.91448e-31 2.97698e-31 9.89602e-32 3.27501e-32 1.07918e-32 3.54129e-33 1.15736e-33 3.76767e-34 1.22186e-34 3.94784e-35 1.27097e-35 4.07748e-36 1.30368e-36 4.15444e-37 1.31964e-37 4.17862e-38 1.31912e-38 4.15184e-39 1.30298e-39 4.07756e-40 1.27252e-40 3.96056e-41 1.22943e-41 3.80657e-42 1.17563e-42 3.62195e-43 1.11319e-43 3.41334e-44 1.04421e-44 3.18731e-45 9.70739e-46 2.95017e-46 8.94694e-47 2.70773e-47 8.17821e-48 2.46519e-48 7.41648e-49 2.22699e-49 6.67464e-50 1.99683e-50 5.96314e-51 1.77764e-51 5.29004e-52 1.57159e-52 4.66115e-53 1.38018e-53 4.0802e-54 1.20432e-54 3.54916e-55 1.04436e-55 3.06847e-56 9.0023e-57 2.63728e-57 7.71511e-58 2.25382e-58
2.87724e-16 7.81942e-16 1.21017e-15 1.39291e-15 1.32215e-15 1.09213e-15 8.10943e-16 5.53006e-16 3.51588e-16 2.10725e-16 1.2007e-16 6.54734e-17 3.43477e-17 1.74103e-17 8.5574e-18 4.09078e-18 1.9068e-18 8.68537e-19 3.87324e-19 1.69387e-19 7.27502e-20 3.07251e-20 1.27747e-20 5.23423e-21 2.1154e-21 8.43974e-22 3.3265e-22 1.29617e-22 4.99602e-23 1.90598e-23 7.20063e-24 2.69519e-24 9.99928e-25 3.67861e-25 1.34246e-25 4.86154e-26 1.74761e-26 6.23799e-27 2.21157e-27 7.78986e-28 2.72671e-28 9.4871e-29 3.28177e-29 1.1289e-29 3.86241e-30 1.31462e-30 4.45203e-31 1.50039e-31 5.03276e-32 1.68047e-32 5.58651e-33 1.84924e-33 6.096e-34 2.00147e-34 6.54574e-35 2.13265e-35 6.92279e-36 2.23916e-36 7.21733e-37 2.31843e-37 7.42298e-38 2.369e-38 7.53688e-39 2.39052e-39 7.5596e-40 2.38366e-40 7.49479e-41 2.35003e-41 7.34874e-42 2.29196e-42 7.12988e-43 2.2124e-43 6.84817e-44 2.11466e-44 6.51451e-45 2.00227e-45 6.14021e-46 1.87882e-46 5.73649e-47 1.74779e-47 5.31409e-48 1.61245e-48 4.88289e-49 1.47577e-49 4.45174e-50 1.34036e-50 4.02824e-51 1.20843e-51 3.61874e-52 1.08177e-52 3.22827e-53 9.61776e-54 2.86063e-54 8.49464e-55 2.51847e-55 7.45499e-56 2.20338e-56 6.50243e-57 1.91609e-57 5.63793e-58 1.65653e-58
7.04443e-17 1.98413e-16 3.16931e-16 3.7539e-16 3.65851e-16 3.09728e-16 2.3536e-16 1.64046e-16 1.06488e-16 6.51032e-17 3.78083e-17 2.09971e-17 1.12111e-17 5.78036e-18 2.88836e-18 1.403e-18 6.64203e-19 3.07143e-19 1.38999e-19 6.16655e-20 2.68579e-20 1.14991e-20 4.84537e-21 2.01143e-21 8.23386e-22 3.3265e-22 1.32736e-22 5.23484e-23 2.04178e-23 7.88055e-24 3.01144e-24 1.13992e-24 4.27618e-25 1.59036e-25 5.86629e-26 2.14692e-26 7.79826e-27 2.81219e-27 1.00712e-27 3.58288e-28 1.2665e-28 4.44941e-29 1.55391e-29 5.39596e-30 1.86344e-30 6.40107e-31 2.18754e-31 7.43873e-32 2.5174e-32 8.47978e-33 2.84353e-33 9.49361e-34 3.15619e-34 1.04498e-34 3.44602e-35 1.13199e-35 3.7045e-36 1.20788e-36 3.92437e-37 1.2706e-37 4.09995e-38 1.31862e-38 4.22735e-39 1.35101e-39 4.30452e-40 1.36741e-40 4.33126e-41 1.36804e-41 4.30906e-42 1.35361e-42 4.24088e-43 1.32525e-43 4.13092e-44 1.28446e-44 3.98428e-45 1.23297e-45 3.8067e-46 1.17264e-46 3.60426e-47 1.10542e-47 3.38307e-48 1.03322e-48 3.14909e-49 9.57872e-50 2.90789e-50 8.81069e-51 2.66453e-51 8.04317e-52 2.4235e-52 7.28922e-53 2.18855e-53 6.55972e-54 1.96281e-54 5.86338e-55 1.74867e-55 5.20681e-56 1.54792e-56 4.59465e-57 1.36174e-57 4.02979e-58 1.19078e-58
1.72471e-17 5.02839e-17 8.28177e-17 1.00862e-16 1.00856e-16 8.74539e-17 6.797e-17 4.83968e-17 3.20601e-17 1.99844e-17 1.18237e-17 6.68488e-18 3.63139e-18 1.90378e-18 9.66764e-19 4.77008e-19 2.29282e-19 1.07605e-19 4.94039e-20 2.22276e-20 9.81469e-21 4.25881e-21 1.81818e-21 7.6451e-22 3.16909e-22 1.29617e-22 5.23484e-23 2.08911e-23 8.2436e-24 3.21828e-24 1.2437e-24 4.76003e-25 1.80511e-25 6.78554e-26 2.52941e-26 9.35342e-27 3.43229e-27 1.25025e-27 4.52213e-28 1.62457e-28 5.79826e-29 2.0565e-29 7.24989e-30 2.54097e-30 8.85571e-31 3.06963e-31 1.05844e-31 3.63115e-32 1.23961e-32 4.21174e-33 1.42441e-33 4.79591e-34 1.60777e-34 5.36723e-35 1.78444e-35 5.90927e-36 1.94936e-36 6.40649e-37 2.09781e-37 6.84495e-38 2.22574e-38 7.21302e-39 2.32989e-39 7.50179e-40 2.40791e-40 7.70541e-41 2.45845e-41 7.82114e-42 2.48113e-42 7.84924e-43 2.47647e-43 7.79278e-44 2.44585e-44 7.65724e-45 2.39134e-45 7.45008e-46 2.31554e-46 7.18023e-47 2.22146e-47 6.85764e-48 2.11234e-48 6.49274e-49 1.99151e-49 6.09602e-50 1.86224e-50 5.67766e-51 1.72767e-51 5.24722e-52 1.59069e-52 4.81337e-53 1.45389e-53 4.38375e-54 1.31949e-54 3.96487e-55 1.18939e-55 3.56208e-56 1.06508e-56 3.17958e-57 9.47716e-58 2.82045e-58 8.38113e-59
4.22265e-18 1.27288e-17 2.15965e-17 2.7023e-17 2.77055e-17 2.45916e-17 1.95378e-17 1.42043e-17 9.59804e-18 6.09738e-18 3.6737e-18 2.11371e-18 1.16777e-18 6.22281e-19 3.21036e-19 1.60849e-19 7.84755e-20 3.73674e-20 1.74002e-20 7.93718e-21 3.55214e-21 1.56174e-21 6.75367e-22 2.87573e-22 1.20684e-22 4.99602e-23 2.04178e-23 8.2436e-24 3.29025e-24 1.29899e-24 5.07559e-25 1.96376e-25 7.52688e-26 2.85926e-26 1.07691e-26 4.02299e-27 1.49114e-27 5.48561e-28 2.00356e-28 7.26728e-29 2.61848e-29 9.37442e-30 3.33548e-30 1.17974e-30 4.14877e-31 1.45092e-31 5.04711e-32 1.74658e-32 6.01393e-33 2.06072e-33 7.02807e-34 2.38601e-34 8.06471e-35 2.71419e-35 9.09665e-36 3.03644e-36 1.00957e-36 3.34386e-37 1.10342e-37 3.62795e-38 1.18863e-38 3.88098e-39 1.26293e-39 4.09639e-40 1.32446e-40 4.269e-41 1.37182e-41 4.39523e-42 1.40414e-42 4.47315e-43 1.42108e-43 4.50245e-44 1.42277e-44 4.48435e-45 1.40983e-45 4.42143e-46 1.38327e-46 4.31741e-47 1.34441e-47 4.1769e-48 1.29482e-48 4.00513e-49 1.23621e-49 3.80768e-50 1.1704e-50 3.5903e-51 1.09917e-51 3.35861e-52 1.02429e-52 3.11798e-53 9.47381e-54 2.87337e-54 8.69938e-55 2.62922e-55 7.93274e-56 2.38939e-56 7.18509e-57 2.1571e-57 6.46568e-58 1.93497e-58 5.78179e-59
1.03384e-18 3.21869e-18 5.62082e-18 7.22073e-18 7.58567e-18 6.88826e-18 5.5914e-18 4.14864e-18 2.85818e-18 1.84972e-18 1.13448e-18 6.64018e-19 3.72967e-19 2.0195e-19 1.05813e-19 5.38183e-20 2.66434e-20 1.28683e-20 6.07575e-21 2.80919e-21 1.2739e-21 5.67354e-22 2.48465e-22 1.07112e-22 4.54981e-23 1.90598e-23 7.88055e-24 3.21828e-24 1.29899e-24 5.18525e-25 2.04812e-25 8.0091e-26 3.10215e-26 1.19064e-26 4.53021e-27 1.70937e-27 6.39865e-28 2.37694e-28 8.76512e-29 3.20947e-29 1.16724e-29 4.21749e-30 1.51431e-30 5.40428e-31 1.91743e-31 6.76465e-32 2.37355e-32 8.28432e-33 2.8767e-33 9.9399e-34 3.41811e-34 1.16996e-34 3.98652e-35 1.35244e-35 4.5687e-36 1.537e-36 5.15005e-37 1.71891e-37 5.71538e-38 1.89335e-38 6.24958e-39 2.05565e-39 6.73846e-40 2.20153e-40 7.16932e-41 2.3273e-41 7.53153e-42 2.42997e-42 7.81693e-43 2.50737e-43 8.02006e-44 2.55823e-44 8.13826e-45 2.58213e-45 8.17157e-46 2.57951e-46 8.12259e-47 2.55154e-47 7.99613e-48 2.50006e-48 7.79887e-49 2.42742e-49 7.53891e-50 2.33637e-50 7.2254e-51 2.2299e-51 6.86801e-52 2.11112e-52 6.47663e-53 1.98314e-53 6.06095e-54 1.84896e-54 5.63021e-55 1.71139e-55 5.19292e-56 1.573e-56 4.75673e-57 1.43604e-57 4.32826e-58 1.30245e-58 3.91312e-59
2.53118e-19 8.13079e-19 1.46024e-18 1.92458e-18 2.07045e-18 1.92238e-18 1.59353e-18 1.20611e-18 8.46858e-19 5.58099e-19 3.48317e-19 2.07322e-19 1.18351e-19 6.50957e-20 3.46292e-20 1.78746e-20 8.97676e-21 4.39654e-21 2.10423e-21 9.85905e-22 4.52914e-22 2.04284e-22 9.05785e-23 3.95244e-23 1.69897e-23 7.20063e-24 3.01144e-24 1.2437e-24 5.07559e-25 2.04812e-25 8.17645e-26 3.23105e-26 1.26444e-26 4.90259e-27 1.88409e-27 7.17952e-28 2.7137e-28 1.01776e-28 3.78861e-29 1.40022e-29 5.13939e-30 1.87386e-30 6.78861e-31 2.44422e-31 8.74803e-32 3.113e-32 1.10161e-32 3.87742e-33 1.35767e-33 4.7299e-34 1.63979e-34 5.65803e-35 1.94333e-35 6.64489e-36 2.26229e-36 7.6697e-37 2.58959e-37 8.70873e-38 2.9174e-38 9.73642e-39 3.23748e-39 1.07266e-39 3.54163e-40 1.16538e-40 3.82199e-41 1.24942e-41 4.07151e-42 1.32271e-42 4.28413e-43 1.38352e-43 4.4551e-44 1.43057e-44 4.58107e-45 1.46304e-45 4.66019e-46 1.48058e-46 4.69207e-47 1.48329e-47 4.67773e-48 1.47169e-48 4.61943e-49 1.44668e-49 4.5205e-50 1.40945e-50 4.38513e-51 1.36144e-51 4.21813e-52 1.30424e-52 4.02469e-53 1.23953e-53 3.8102e-54 1.16902e-54 3.58004e-55 1.09437e-55 3.33937e-56 1.01719e-56 3.09304e-57 9.3893e-58 2.84547e-58 8.60918e-59 2.60056e-59
6.19716e-20 2.05198e-19 3.78706e-19 5.11751e-19 5.63451e-19 5.34645e-19 4.52369e-19 3.49121e-19 2.49726e-19 1.67527e-19 1.06357e-19 6.43551e-20 3.73258e-20 2.08479e-20 1.1257e-20 5.89522e-21 3.00256e-21 1.49084e-21 7.23121e-22 3.4325e-22 1.59705e-22 7.29357e-23 3.27354e-23 1.44556e-23 6.28679e-24 2.69519e-24 1.13992e-24 4.76003e-25 1.96376e-25 8.0091e-26 3.23105e-26 1.29002e-26 5.09985e-27 1.99719e-27 7.75117e-28 2.98242e-28 1.1381e-28 4.30876e-29 1.6189e-29 6.03828e-30 2.23642e-30 8.22724e-31 3.00692e-31 1.09209e-31 3.94238e-32 1.41486e-32 5.04901e-33 1.79192e-33 6.32598e-34 2.22181e-34 7.76466e-35 2.70049e-35 9.3482e-36 3.22136e-36 1.10518e-36 3.77543e-37 1.28436e-37 4.35156e-38 1.46855e-38 4.93703e-39 1.65355e-39 5.51804e-40 1.83489e-40 6.08035e-41 2.00808e-41 6.60999e-42 2.16882e-42 7.09381e-43 2.31315e-43 7.5201e-44 2.43765e-44 7.87905e-45 2.53956e-45 8.16307e-46 2.61687e-46 8.36701e-47 2.66834e-47 8.48827e-48 2.69355e-48 8.52672e-49 2.69284e-49 8.48456e-50 2.66723e-50 8.36607e-51 2.61837e-51 8.17728e-52 2.54841e-52 7.92561e-53 2.45987e-53 7.6195e-54 2.35553e-54 7.26803e-55 2.23832e-55 6.88053e-56 2.11119e-56 6.46629e-57 1.97704e-57 6.03423e-58 1.8386e-58 5.59275e-59 1.69842e-59
1.51727e-20 5.174e-20 9.80563e-20 1.35771e-19 1.5291e-19 1.48206e-19 1.2794e-19 1.00639e-19 7.33081e-20 5.00428e-20 3.23067e-20 1.98663e-20 1.17034e-20 6.63613e-21 3.63602e-21 1.93139e-21 9.97384e-22 5.0193e-22 2.46671e-22 1.18598e-22 5.58748e-23 2.58315e-23 1.17334e-23 5.24243e-24 2.30629e-24 9.99928e-25 4.27618e-25 1.80511e-25 7.52688e-26 3.10215e-26 1.26444e-26 5.09985e-27 2.03635e-27 8.05348e-28 3.15598e-28 1.22597e-28 4.72252e-29 1.80456e-29 6.84241e-30 2.57525e-30 9.62333e-31 3.57142e-31 1.31667e-31 4.82319e-32 1.75594e-32 6.35471e-33 2.28653e-33 8.1816e-34 2.91175e-34 1.03086e-34 3.63118e-35 1.2728e-35 4.44021e-36 1.54183e-36 5.32991e-37 1.83445e-37 6.28706e-38 2.14584e-38 7.29458e-39 2.47005e-39 8.33212e-40 2.80023e-40 9.37692e-41 3.12892e-41 1.04048e-41 3.44838e-42 1.13913e-42 3.75092e-43 1.23125e-43 4.02929e-44 1.31466e-44 4.27689e-45 1.38741e-45 4.48813e-46 1.44791e-46 4.65857e-47 1.49495e-47 4.78505e-48 1.52776e-48 4.86578e-49 1.54597e-49 4.90031e-50 1.54966e-50 4.88948e-51 1.53929e-51 4.83531e-52 1.51564e-52 4.74078e-53 1.47981e-53 4.60975e-54 1.43312e-54 4.44666e-55 1.37705e-55 4.25638e-56 1.31318e-56 4.04401e-57 1.24314e-57 3.81467e-58 1.16853e-58 3.57338e-59 1.0909e-59
