0.920532 0.0170758 0.00923126 0.00499047 0.00269787 0.00145848 0.000788463 0.000426247 0.000230432 0.000124572 6.73445e-05 3.64068e-05 1.96817e-05 1.064e-05 5.75205e-06 3.10959e-06 1.68106e-06 9.0879e-07 4.91297e-07 2.65597e-07 1.43583e-07 7.76219e-08 4.19628e-08 2.26853e-08 1.22638e-08 6.62987e-09 3.58414e-09 1.93761e-09 1.04748e-09 5.66273e-10 3.0613e-10 1.65495e-10 8.94677e-11 4.83667e-11 2.61473e-11 1.41354e-11 7.64165e-12 4.13111e-12 2.2333e-12 1.20733e-12 6.52691e-13 3.52848e-13 1.90752e-13 1.03121e-13 5.57479e-14 3.01376e-14 1.62925e-14 8.80783e-15 4.76156e-15 2.57412e-15 1.39158e-15 7.52298e-16 4.06696e-16 2.19862e-16 1.18858e-16 6.42555e-17 3.47369e-17 1.87789e-17 1.0152e-17 5.48822e-18 2.96696e-18 1.60395e-18 8.67105e-19 4.68761e-19 2.53415e-19 1.36997e-19 7.40615e-20 4.0038e-20 2.16448e-20 1.17013e-20 6.32577e-21 3.41974e-21 1.84873e-21 9.99433e-22 5.40299e-22 2.92088e-22 1.57904e-22 8.53639e-23 4.61482e-23 2.49479e-23 1.3487e-23 7.29113e-24 3.94162e-24 2.13086e-24 1.15196e-24 6.22753e-25 3.36663e-25 1.82002e-25 9.83912e-26 5.31908e-26 2.87552e-26 1.55452e-26 8.40383e-27 4.54315e-27 2.45605e-27 1.32775e-27 7.17791e-28 3.88041e-28 2.09777e-28 1.13407e-28 6.13082e-29
0.0170758 0.00102028 0.000564843 0.000312533 0.000172837 9.55337e-05 5.27798e-05 2.9146e-05 1.60878e-05 8.87629e-06 4.89541e-06 2.69884e-06 1.48731e-06 8.19346e-07 4.51214e-07 2.484e-07 1.36704e-07 7.52096e-08 4.13652e-08 2.27442e-08 1.25021e-08 6.87031e-09 3.77447e-09 2.07312e-09 1.13837e-09 6.24944e-10 3.43002e-10 1.88215e-10 1.03256e-10 5.66351e-11 3.10574e-11 1.70278e-11 9.33397e-12 5.11554e-12 2.80309e-12 1.53569e-12 8.41191e-13 4.60692e-13 2.52264e-13 1.38111e-13 7.56023e-14 4.13784e-14 2.26437e-14 1.23896e-14 6.77803e-15 3.70758e-15 2.02776e-15 1.10889e-15 6.06316e-16 3.31479e-16 1.812e-16 9.90397e-17 5.41262e-17 2.95771e-17 1.61604e-17 8.82881e-18 4.82285e-18 2.63426e-18 1.43869e-18 7.85657e-19 4.28997e-19 2.34224e-19 1.2787e-19 6.98011e-20 3.80993e-20 2.07937e-20 1.13477e-20 6.19218e-21 3.37865e-21 1.84334e-21 1.00562e-21 5.48559e-22 2.99212e-22 1.63193e-22 8.89998e-23 4.85338e-23 2.64647e-23 1.44297e-23 7.86712e-24 4.28888e-24 2.33799e-24 1.27441e-24 6.94622e-25 3.7858e-25 2.06319e-25 1.12433e-25 6.12658e-26 3.33823e-26 1.81881e-26 9.90908e-27 5.39825e-27 2.94068e-27 1.60183e-27 8.7249e-28 4.75204e-28 2.58807e-28 1.40945e-28 7.67534e-29 4.1795e-29 2.27577e-29 1.23911e-29
0.00923126 0.000564843 0.000313327 0.000173705 9.62458e-05 5.32991e-05 2.9501e-05 1.63208e-05 9.02489e-06 4.98825e-06 2.75593e-06 1.52198e-06 8.40186e-07 4.63637e-07 2.55753e-07 1.41029e-07 7.77411e-08 4.284e-08 2.35999e-08 1.29969e-08 7.15548e-09 3.93835e-09 2.16705e-09 1.19209e-09 6.55595e-10 3.60457e-10 1.98137e-10 1.08887e-10 5.98254e-11 3.28624e-11 1.80476e-11 9.90941e-12 5.43987e-12 2.98568e-12 1.63837e-12 8.98882e-13 4.93074e-13 2.70424e-13 1.48287e-13 8.12993e-14 4.45656e-14 2.44255e-14 1.3385e-14 7.33376e-15 4.01764e-15 2.20065e-15 1.20523e-15 6.59978e-16 3.61351e-16 1.97821e-16 1.08282e-16 5.92637e-17 3.24314e-17 1.77456e-17 9.70874e-18 5.31111e-18 2.90508e-18 1.58885e-18 8.6888e-19 4.75106e-19 2.59762e-19 1.42009e-19 7.76269e-20 4.24293e-20 2.31888e-20 1.26721e-20 6.92434e-21 3.78328e-21 2.0669e-21 1.1291e-21 6.16748e-22 3.36857e-22 1.8397e-22 1.00465e-22 5.48587e-23 2.99531e-23 1.63533e-23 8.92762e-24 4.87341e-24 2.6601e-24 1.45188e-24 7.9238e-25 4.3242e-25 2.35965e-25 1.28754e-25 7.02494e-26 3.83263e-26 2.09085e-26 1.14057e-26 6.22146e-27 3.39341e-27 1.85078e-27 1.00936e-27 5.50441e-28 3.00159e-28 1.63669e-28 8.92395e-29 4.86546e-29 2.65257e-29 1.44606e-29 7.88281e-30
0.00499047 0.000312533 0.000173705 9.64838e-05 5.35598e-05 2.97151e-05 1.64771e-05 9.13185e-06 5.0585e-06 2.80078e-06 1.55003e-06 8.57452e-07 4.74132e-07 2.62068e-07 1.44797e-07 7.99735e-08 4.41546e-08 2.437e-08 1.34459e-08 7.41629e-09 4.08929e-09 2.25413e-09 1.24218e-09 6.84332e-10 3.76905e-10 2.07531e-10 1.14242e-10 6.28721e-11 3.45929e-11 1.9029e-11 1.04652e-11 5.75416e-12 3.16319e-12 1.73851e-12 9.55309e-13 5.24837e-13 2.88285e-13 1.58321e-13 8.69318e-14 4.77245e-14 2.61956e-14 1.43762e-14 7.88839e-15 4.32776e-15 2.37395e-15 1.30201e-15 7.13987e-16 3.91476e-16 2.14614e-16 1.17639e-16 6.44741e-17 3.53315e-17 1.9359e-17 1.06059e-17 5.8098e-18 3.18215e-18 1.74273e-18 9.54303e-19 5.2251e-19 2.86058e-19 1.56591e-19 8.57101e-20 4.69086e-20 2.56701e-20 1.40462e-20 7.68507e-21 4.2043e-21 2.29984e-21 1.25795e-21 6.87997e-22 3.76246e-22 2.0574e-22 1.12493e-22 6.15032e-23 3.36227e-23 1.83794e-23 1.0046e-23 5.49065e-24 3.00067e-24 1.63976e-24 8.96001e-25 4.89558e-25 2.67466e-25 1.46117e-25 7.98182e-26 4.35986e-26 2.3813e-26 1.30055e-26 7.10245e-27 3.87849e-27 2.11781e-27 1.15634e-27 6.3133e-28 3.44668e-28 1.88156e-28 1.02709e-28 5.60627e-29 3.05995e-29 1.67005e-29 9.11421e-30 4.97376e-30
0.00269787 0.000172837 9.62458e-05 5.35598e-05 2.97867e-05 1.65555e-05 9.19635e-06 5.10563e-06 2.83306e-06 1.57125e-06 8.71017e-07 4.82623e-07 2.67299e-07 1.4798e-07 8.18905e-08 4.52995e-08 2.50489e-08 1.38461e-08 7.65093e-09 4.22624e-09 2.33374e-09 1.2883e-09 7.10961e-10 3.92237e-10 2.16336e-10 1.19286e-10 6.57555e-11 3.6238e-11 1.99658e-11 1.09978e-11 6.05647e-12 3.33454e-12 1.8355e-12 1.01014e-12 5.55793e-13 3.05744e-13 1.68158e-13 9.24679e-14 5.08374e-14 2.79445e-14 1.53579e-14 8.43897e-15 4.63633e-15 2.54676e-15 1.39872e-15 7.68074e-16 4.21706e-16 2.315e-16 1.27065e-16 6.97334e-17 3.82643e-17 2.09936e-17 1.15165e-17 6.31681e-18 3.46433e-18 1.8997e-18 1.04159e-18 5.71028e-19 3.13015e-19 1.71563e-19 9.40222e-20 5.15217e-20 2.82294e-20 1.54656e-20 8.47201e-21 4.64046e-21 2.5415e-21 1.3918e-21 7.62118e-22 4.17278e-22 2.28448e-22 1.25057e-22 6.84527e-23 3.74657e-23 2.0504e-23 1.12203e-23 6.13955e-24 3.35916e-24 1.83776e-24 1.00534e-24 5.49924e-25 3.00786e-25 1.64505e-25 8.99638e-26 4.91954e-26 2.68998e-26 1.47076e-26 8.0409e-27 4.39579e-27 2.40292e-27 1.31344e-27 7.17885e-28 3.92347e-28 2.14416e-28 1.1717e-28 6.40246e-29 3.49825e-29 1.9113e-29 1.04419e-29 5.70435e-30 3.11606e-30
0.00145848 9.55337e-05 5.32991e-05 2.97151e-05 1.65555e-05 9.2179e-06 5.12929e-06 2.85253e-06 1.58549e-06 8.80778e-07 4.89047e-07 2.71409e-07 1.50555e-07 8.34783e-08 4.62664e-08 2.56318e-08 1.41945e-08 7.85774e-09 4.34825e-09 2.40535e-09 1.33013e-09 7.35302e-10 4.06349e-10 2.24492e-10 1.23986e-10 6.84568e-11 3.77869e-11 2.08521e-11 1.15038e-11 6.34492e-12 3.49866e-12 1.92874e-12 1.06303e-12 5.85759e-13 3.22698e-13 1.77738e-13 9.7876e-14 5.38869e-14 2.96623e-14 1.63246e-14 8.98253e-15 4.9417e-15 2.71817e-15 1.49486e-15 8.21965e-16 4.5189e-16 2.48395e-16 1.36516e-16 7.50167e-17 4.12161e-17 2.26419e-17 1.24364e-17 6.82994e-18 3.75041e-18 2.05912e-18 1.13039e-18 6.20465e-19 3.40528e-19 1.86867e-19 1.02533e-19 5.62521e-20 3.08578e-20 1.69255e-20 9.28257e-21 5.09036e-21 2.79114e-21 1.53027e-21 8.38898e-22 4.5984e-22 2.52035e-22 1.38125e-22 7.56902e-23 4.14732e-23 2.27224e-23 1.2448e-23 6.81882e-24 3.7349e-24 2.04555e-24 1.12022e-24 6.13425e-25 3.35879e-25 1.83894e-25 1.00675e-25 5.51107e-26 3.01661e-26 1.65108e-26 9.03618e-27 4.94503e-27 2.70596e-27 1.48062e-27 8.1009e-28 4.43193e-28 2.4245e-28 1.32624e-28 7.25428e-29 3.96768e-29 2.16995e-29 1.18669e-29 6.48926e-30 3.54835e-30 1.94013e-30
0.000788463 5.27798e-05 2.9501e-05 1.64771e-05 9.19635e-06 5.12929e-06 2.85904e-06 1.59264e-06 8.86665e-07 4.93356e-07 2.74366e-07 1.52503e-07 8.47254e-08 4.70485e-08 2.61146e-08 1.44888e-08 8.03528e-09 4.45447e-09 2.46845e-09 1.36739e-09 7.57189e-10 4.19147e-10 2.31944e-10 1.2831e-10 7.09583e-11 3.92297e-11 2.1682e-11 1.19801e-11 6.61767e-12 3.65454e-12 2.01767e-12 1.11367e-12 6.14552e-13 3.39046e-13 1.87007e-13 1.03125e-13 5.68553e-14 3.13392e-14 1.7271e-14 9.51608e-15 5.24221e-15 2.88728e-15 1.58994e-15 8.7538e-16 4.81876e-16 2.65215e-16 1.45945e-16 8.02985e-17 4.4173e-17 2.42962e-17 1.33614e-17 7.34687e-18 4.03913e-18 2.2203e-18 1.22032e-18 6.7062e-19 3.68486e-19 2.02445e-19 1.11209e-19 6.10821e-20 3.35456e-20 1.84206e-20 1.0114e-20 5.55249e-21 3.04793e-21 1.67291e-21 9.18103e-22 5.03807e-22 2.76433e-22 1.5166e-22 8.31968e-23 4.5635e-23 2.50292e-23 1.37263e-23 7.52695e-24 4.12708e-24 2.2627e-24 1.24043e-24 6.79949e-25 3.72687e-25 2.04255e-25 1.11935e-25 6.13368e-26 3.36079e-26 1.8413e-26 1.00873e-26 5.52574e-27 3.02672e-27 1.65776e-27 9.07897e-28 4.97187e-28 2.72252e-28 1.4907e-28 8.1617e-29 4.46827e-29 2.44607e-29 1.33896e-29 7.32888e-30 4.01124e-30 2.19529e-30 1.20137e-30
0.000426247 2.9146e-05 1.63208e-05 9.13185e-06 5.10563e-06 2.85253e-06 1.59264e-06 8.88632e-07 4.95519e-07 2.76149e-07 1.53809e-07 8.56227e-08 4.76401e-08 2.64937e-08 1.47267e-08 8.18228e-09 4.54416e-09 2.52261e-09 1.39982e-09 7.76471e-10 4.30543e-10 2.38644e-10 1.32231e-10 7.32435e-11 4.05569e-11 2.24503e-11 1.24236e-11 6.87301e-12 3.8012e-12 2.10172e-12 1.16175e-12 6.42e-13 3.5469e-13 1.95909e-13 1.08183e-13 5.97256e-14 3.29659e-14 1.81917e-14 1.00366e-14 5.53622e-15 3.05316e-15 1.68345e-15 9.2804e-16 5.11507e-16 2.81875e-16 1.55304e-16 8.55528e-17 4.71206e-17 2.59486e-17 1.42872e-17 7.86523e-18 4.3292e-18 2.38252e-18 1.311e-18 7.21278e-19 3.96772e-19 2.18232e-19 1.20016e-19 6.59929e-20 3.62827e-20 1.99456e-20 1.09632e-20 6.02525e-21 3.311e-21 1.81925e-21 9.99478e-22 5.49041e-22 3.01569e-22 1.65623e-22 9.09511e-23 4.99399e-23 2.74184e-23 1.50519e-23 8.26224e-24 4.53482e-24 2.48874e-24 1.3657e-24 7.49364e-25 4.11139e-25 2.25551e-25 1.23726e-25 6.78638e-26 3.72201e-26 2.04117e-26 1.1193e-26 6.13726e-27 3.36487e-27 1.8447e-27 1.01123e-27 5.54291e-28 3.03804e-28 1.66501e-28 9.12442e-29 4.99991e-29 2.73961e-29 1.501e-29 8.22328e-30 4.50482e-30 2.46763e-30 1.35162e-30 7.40281e-31
0.000230432 1.60878e-05 9.02489e-06 5.0585e-06 2.83306e-06 1.58549e-06 8.86665e-07 4.95519e-07 2.76744e-07 1.54465e-07 8.61637e-08 4.80368e-08 2.67664e-08 1.49067e-08 8.29771e-09 4.61667e-09 2.56745e-09 1.4272e-09 7.93018e-10 4.40459e-10 2.44545e-10 1.35721e-10 7.52972e-11 4.17597e-11 2.3152e-11 1.28315e-11 7.1093e-12 3.93771e-12 2.18037e-12 1.20696e-12 6.67933e-13 3.69535e-13 2.04392e-13 1.13021e-13 6.2481e-14 3.45327e-14 1.90815e-14 1.05413e-14 5.82208e-15 3.21491e-15 1.77487e-15 9.79663e-16 5.40628e-16 2.98288e-16 1.64547e-16 9.07531e-17 5.00443e-17 2.75912e-17 1.52094e-17 8.38259e-18 4.61927e-18 2.54506e-18 1.40201e-18 7.72218e-19 4.25267e-19 2.34163e-19 1.28918e-19 7.09649e-20 3.90584e-20 2.14944e-20 1.18271e-20 6.50689e-21 3.57942e-21 1.96878e-21 1.08275e-21 5.95394e-22 3.27363e-22 1.79971e-22 9.89299e-23 5.43753e-23 2.98833e-23 1.64213e-23 9.02275e-24 4.95707e-24 2.72311e-24 1.49576e-24 8.21514e-25 4.51154e-25 2.47738e-25 1.36025e-25 7.46799e-26 4.09967e-26 2.25037e-26 1.23515e-26 6.77872e-27 3.71996e-27 2.04123e-27 1.11997e-27 6.14451e-28 3.37079e-28 1.84902e-28 1.01418e-28 5.56232e-29 3.05044e-29 1.67277e-29 9.1723e-30 5.02906e-30 2.75718e-30 1.51151e-30 8.28562e-31 4.54161e-31
0.000124572 8.87629e-06 4.98825e-06 2.80078e-06 1.57125e-06 8.80778e-07 4.93356e-07 2.76149e-07 1.54465e-07 8.63445e-08 4.82359e-08 2.69308e-08 1.50274e-08 8.38075e-09 4.67151e-09 2.60265e-09 1.44933e-09 8.06714e-10 4.48829e-10 2.49608e-10 1.38758e-10 7.71057e-11 4.28303e-11 2.37824e-11 1.3201e-11 7.32503e-12 4.0632e-12 2.25314e-12 1.24903e-12 6.92192e-13 3.8349e-13 2.12402e-13 1.1761e-13 6.51052e-14 3.60307e-14 1.99352e-14 1.10272e-14 6.09821e-15 3.37163e-15 1.86372e-15 1.02997e-15 5.69084e-16 3.14367e-16 1.73624e-16 9.58729e-17 5.29295e-17 2.92158e-17 1.61234e-17 8.89648e-18 4.90798e-18 2.70715e-18 1.49296e-18 8.23214e-19 4.53845e-19 2.50169e-19 1.37877e-19 7.59774e-20 4.18613e-20 2.3061e-20 1.27023e-20 6.9956e-21 3.85219e-21 2.12096e-21 1.16762e-21 6.42706e-22 3.53728e-22 1.94658e-22 1.07108e-22 5.89276e-23 3.24164e-23 1.78304e-23 9.80636e-24 5.3927e-24 2.96522e-24 1.63027e-24 8.96225e-25 4.9264e-25 2.70768e-25 1.48806e-25 8.17712e-26 4.49302e-26 2.46851e-26 1.35609e-26 7.4491e-27 4.09146e-27 2.24705e-27 1.23398e-27 6.77592e-28 3.72039e-28 2.04255e-28 1.1213e-28 6.15504e-29 3.37837e-29 1.85416e-29 1.01755e-29 5.58376e-30 3.06384e-30 1.68102e-30 9.22242e-31 5.05925e-31 2.77521e-31
6.73445e-05 4.89541e-06 2.75593e-06 1.55003e-06 8.71017e-07 4.89047e-07 2.74366e-07 1.53809e-07 8.61637e-08 4.82359e-08 2.69858e-08 1.5088e-08 8.43082e-09 4.70829e-09 2.62797e-09 1.46607e-09 8.17467e-10 4.55595e-10 2.53798e-10 1.41321e-10 7.86571e-11 4.37615e-11 2.43374e-11 1.35298e-11 7.5188e-12 4.17687e-12 2.31955e-12 1.28769e-12 7.14627e-13 3.96471e-13 2.19894e-13 1.21923e-13 6.75826e-14 3.7451e-14 2.0748e-14 1.14914e-14 6.36302e-15 3.52245e-15 1.94949e-15 1.07869e-15 5.96722e-16 3.30028e-16 1.82489e-16 1.00886e-16 5.57614e-17 3.08142e-17 1.70248e-17 9.40438e-18 5.19394e-18 2.86803e-18 1.58341e-18 8.74033e-19 4.82378e-19 2.66179e-19 1.46855e-19 8.10093e-20 4.46799e-20 2.4639e-20 1.35853e-20 7.48945e-21 4.12827e-21 2.27523e-21 1.25378e-21 6.90809e-22 3.80572e-22 2.09633e-22 1.15458e-22 6.35821e-23 3.501e-23 1.9275e-23 1.06108e-23 5.84046e-24 3.21438e-24 1.76888e-24 9.73305e-25 5.35492e-25 2.94585e-25 1.62039e-25 8.91222e-26 4.90124e-26 2.69515e-26 1.48189e-26 8.14715e-27 4.47872e-27 2.46185e-27 1.35309e-27 7.43623e-28 4.08638e-28 2.24536e-28 1.23366e-28 6.77746e-29 3.72306e-29 2.04502e-29 1.1232e-29 6.16856e-30 3.38745e-30 1.86007e-30 1.02129e-30 5.60707e-31 3.07815e-31 1.6897e-31
3.64068e-05 2.69884e-06 1.52198e-06 8.57452e-07 4.82623e-07 2.71409e-07 1.52503e-07 8.56227e-08 4.80368e-08 2.69308e-08 1.5088e-08 8.44754e-09 4.72674e-09 2.64324e-09 1.47729e-09 8.252e-10 4.6071e-10 2.57087e-10 1.43392e-10 7.99408e-11 4.45472e-11 2.48135e-11 1.38158e-11 7.68937e-12 4.27799e-12 2.37919e-12 1.3227e-12 7.35098e-13 4.08397e-13 2.26819e-13 1.25933e-13 6.98984e-14 3.87852e-14 2.1515e-14 1.19315e-14 6.61501e-15 3.6665e-15 2.03171e-15 1.12555e-15 6.2339e-16 3.45186e-16 1.91094e-16 1.05765e-16 5.85255e-17 3.23783e-17 1.7909e-17 9.90379e-18 5.47577e-18 3.02694e-18 1.67294e-18 9.24437e-19 5.10735e-19 2.82121e-19 1.55812e-19 8.60387e-20 4.75022e-20 2.62218e-20 1.44725e-20 7.98647e-21 4.40657e-21 2.43098e-21 1.34091e-21 7.39525e-22 4.07799e-22 2.24843e-22 1.23952e-22 6.83232e-23 3.76554e-23 2.07506e-23 1.14335e-23 6.299e-24 3.46986e-24 1.91118e-24 1.05254e-24 5.79597e-25 3.19127e-25 1.75692e-25 9.6715e-26 5.32339e-26 2.92979e-26 1.61227e-26 8.87146e-27 4.88099e-27 2.68521e-27 1.47708e-27 8.12435e-28 4.46819e-28 2.45716e-28 1.35112e-28 7.42876e-29 4.08412e-29 2.24514e-29 1.23409e-29 6.78292e-30 3.72776e-30 2.04853e-30 1.12564e-30 6.18478e-31 3.39792e-31 1.86666e-31 1.02538e-31
1.96817e-05 1.48731e-06 8.40186e-07 4.74132e-07 2.67299e-07 1.50555e-07 8.47254e-08 4.76401e-08 2.67664e-08 1.50274e-08 8.43082e-09 4.72674e-09 2.64834e-09 1.48292e-09 8.29862e-10 4.6414e-10 2.59452e-10 1.44958e-10 8.09484e-11 4.51822e-11 2.52073e-11 1.4057e-11 7.83563e-12 4.36592e-12 2.43167e-12 1.35384e-12 7.53476e-13 4.19194e-13 2.33136e-13 1.29616e-13 7.20387e-14 4.00254e-14 2.22317e-14 1.23447e-14 6.85271e-15 3.80297e-15 2.10991e-15 1.17028e-15 6.48943e-16 3.59759e-16 1.99394e-16 1.10486e-16 6.12072e-17 3.38999e-17 1.87715e-17 1.03922e-17 5.75205e-18 3.18309e-18 1.76112e-18 9.74189e-19 5.38784e-19 2.97923e-19 1.64708e-19 9.10431e-20 5.03157e-20 2.78026e-20 1.53601e-20 8.4846e-21 4.68596e-21 2.5876e-21 1.42866e-21 7.88667e-22 4.35306e-22 2.40233e-22 1.32558e-22 7.31342e-23 4.03436e-23 2.2252e-23 1.22718e-23 6.76687e-24 3.73089e-24 2.05675e-24 1.1337e-24 6.2483e-25 3.44328e-25 1.89729e-25 1.0453e-25 5.75841e-26 3.17186e-26 1.74694e-26 9.62042e-27 5.29741e-27 2.91668e-27 1.60571e-27 8.83898e-28 4.86512e-28 2.67758e-28 1.47349e-28 8.10798e-29 4.46104e-29 2.45425e-29 1.35009e-29 7.42616e-30 4.08441e-30 2.24624e-30 1.23522e-30 6.79196e-31 3.7343e-31 2.053e-31 1.12858e-31 6.20351e-32
1.064e-05 8.19346e-07 4.63637e-07 2.62068e-07 1.4798e-07 8.34783e-08 4.70485e-08 2.64937e-08 1.49067e-08 8.38075e-09 4.70829e-09 2.64324e-09 1.48292e-09 8.3142e-10 4.65861e-10 2.60878e-10 1.46007e-10 8.16729e-11 4.56621e-11 2.55164e-11 1.42519e-11 7.95662e-12 4.44008e-12 2.47667e-12 1.38091e-12 7.69646e-13 4.28794e-13 2.38806e-13 1.32949e-13 7.39904e-14 4.11641e-14 2.28939e-14 1.27286e-14 7.07476e-15 3.93107e-15 2.18366e-15 1.21265e-15 6.73237e-16 3.73667e-16 2.07342e-16 1.15022e-16 6.37923e-17 3.53713e-17 1.96079e-17 1.08671e-17 6.02141e-18 3.33572e-18 1.84751e-18 1.02305e-18 5.66392e-19 3.13511e-19 1.73501e-19 9.60001e-20 5.3108e-20 2.93745e-20 1.62444e-20 8.98173e-21 4.96528e-21 2.74445e-21 1.51669e-21 8.38044e-22 4.62988e-22 2.55744e-22 1.41246e-22 7.79979e-23 4.30652e-23 2.37743e-23 1.31229e-23 7.24252e-24 3.99661e-24 2.20515e-24 1.21654e-24 6.71056e-25 3.70115e-25 2.04109e-25 1.12547e-25 6.20516e-26 3.42075e-26 1.88556e-26 1.03922e-26 5.72703e-27 3.15574e-27 1.73871e-27 9.57869e-28 5.27642e-28 2.90621e-28 1.60056e-28 8.81396e-29 4.8532e-29 2.67204e-29 1.47101e-29 8.09742e-30 4.45695e-30 2.45295e-30 1.34989e-30 7.42801e-31 4.08701e-31 2.24855e-31 1.23697e-31 6.80428e-32 3.74255e-32
5.75205e-06 4.51214e-07 2.55753e-07 1.44797e-07 8.18905e-08 4.62664e-08 2.61146e-08 1.47267e-08 8.29771e-09 4.67151e-09 2.62797e-09 1.47729e-09 8.29862e-10 4.65861e-10 2.61355e-10 1.46534e-10 8.21096e-11 4.59839e-11 2.57386e-11 1.43993e-11 8.05155e-12 4.5e-12 2.51389e-12 1.40374e-12 7.83506e-13 4.37139e-13 2.43794e-13 1.35913e-13 7.57418e-14 4.21944e-14 2.34975e-14 1.30811e-14 7.27984e-15 4.05007e-15 2.25252e-15 1.25241e-15 6.96137e-16 3.86831e-16 2.14896e-16 1.19349e-16 6.6267e-17 3.67845e-17 2.04138e-17 1.13261e-17 6.28248e-18 3.48405e-18 1.9317e-18 1.07078e-18 5.93427e-19 3.28809e-19 1.82151e-19 1.00887e-19 5.58665e-20 3.09304e-20 1.71214e-20 9.47572e-21 5.24335e-21 2.90087e-21 1.60463e-21 8.87455e-22 4.90735e-22 2.71317e-22 1.49982e-22 8.2896e-23 4.58102e-23 2.53119e-23 1.39838e-23 7.72433e-24 4.26615e-24 2.35587e-24 1.30079e-24 7.18132e-25 3.9641e-25 2.1879e-25 1.20741e-25 6.66239e-26 3.67579e-26 2.02777e-26 1.1185e-26 6.16878e-27 3.40184e-27 1.87577e-27 1.03418e-27 5.70119e-28 3.14259e-28 1.73206e-28 9.54538e-29 5.25991e-29 2.89813e-29 1.59667e-29 8.79567e-30 4.84485e-30 2.66839e-30 1.46953e-30 8.09216e-31 4.45566e-31 2.45312e-31 1.35048e-31 7.43391e-32 4.09175e-32 2.25198e-32
3.10959e-06 2.484e-07 1.41029e-07 7.99735e-08 4.52995e-08 2.56318e-08 1.44888e-08 8.18228e-09 4.61667e-09 2.60265e-09 1.46607e-09 8.252e-10 4.6414e-10 2.60878e-10 1.46534e-10 8.22555e-11 4.61454e-11 2.58725e-11 1.4498e-11 8.11981e-12 4.54528e-12 2.54308e-12 1.42218e-12 7.94968e-13 4.44174e-13 2.48069e-13 1.38488e-13 7.72821e-14 4.31101e-14 2.40391e-14 1.33999e-14 7.46676e-15 4.15926e-15 2.3161e-15 1.28932e-15 7.17514e-16 3.9918e-16 2.22014e-16 1.23444e-16 6.8618e-17 3.8132e-17 2.11849e-17 1.17667e-17 6.53391e-18 3.62733e-18 2.01325e-18 1.11714e-18 6.19756e-19 3.43746e-19 1.90617e-19 1.0568e-19 5.85784e-20 3.24633e-20 1.79872e-20 9.9644e-21 5.51895e-21 3.0562e-21 1.69211e-21 9.36698e-22 5.18435e-22 2.8689e-22 1.58732e-22 8.78099e-23 4.85683e-23 2.68592e-23 1.48514e-23 8.21061e-24 4.53857e-24 2.50842e-24 1.38617e-24 7.65906e-25 4.23129e-25 2.33728e-25 1.2909e-25 7.12877e-26 3.93625e-26 2.17317e-26 1.19964e-26 6.62152e-27 3.65435e-27 2.01656e-27 1.11266e-27 6.13848e-28 3.38619e-28 1.86773e-28 1.03007e-28 5.68036e-29 3.13211e-29 1.72684e-29 9.5197e-30 5.24747e-30 2.89222e-30 1.59394e-30 8.78351e-31 4.83975e-31 2.66647e-31 1.46896e-31 8.09175e-32 4.45692e-32 2.45465e-32 1.35177e-32
1.68106e-06 1.36704e-07 7.77411e-08 4.41546e-08 2.50489e-08 1.41945e-08 8.03528e-09 4.54416e-09 2.56745e-09 1.44933e-09 8.17467e-10 4.6071e-10 2.59452e-10 1.46007e-10 8.21096e-11 4.61454e-11 2.59173e-11 1.45476e-11 8.16095e-12 4.57563e-12 2.56408e-12 1.43612e-12 8.0396e-13 4.49857e-13 2.51603e-13 1.40659e-13 7.86019e-14 4.39057e-14 2.45153e-14 1.36832e-14 7.6344e-15 4.25801e-15 2.37404e-15 1.32319e-15 7.37246e-16 4.10644e-16 2.28656e-16 1.27283e-16 7.08324e-17 3.94066e-17 2.19172e-17 1.21867e-17 6.7744e-18 3.76483e-18 2.09176e-18 1.16191e-18 6.4525e-19 3.58248e-19 1.98857e-19 1.10358e-19 6.1231e-20 3.39662e-20 1.88379e-20 1.04456e-20 5.79088e-21 3.20977e-21 1.77877e-21 9.85565e-22 5.45974e-22 3.024e-22 1.67462e-22 9.27203e-23 5.13288e-23 2.84103e-23 1.57225e-23 8.69957e-24 4.8129e-24 2.66225e-24 1.4724e-24 8.14217e-25 4.50185e-25 2.48875e-25 1.37565e-25 7.60288e-26 4.20135e-26 2.32135e-26 1.28244e-26 7.084e-27 3.91259e-27 2.16071e-27 1.1931e-27 6.58722e-28 3.63645e-28 2.00725e-28 1.10784e-28 6.11368e-29 3.37349e-29 1.86127e-29 1.02682e-29 5.66408e-30 3.12407e-30 1.72292e-30 9.50097e-31 5.23873e-31 2.88829e-31 1.59226e-31 8.77697e-32 4.83764e-32 2.66614e-32 1.46923e-32 8.09579e-33
9.0879e-07 7.52096e-08 4.284e-08 2.437e-08 1.38461e-08 7.85774e-09 4.45447e-09 2.52261e-09 1.4272e-09 8.06714e-10 4.55595e-10 2.57087e-10 1.44958e-10 8.16729e-11 4.59839e-11 2.58725e-11 1.45476e-11 8.17469e-12 4.59086e-12 2.57673e-12 1.44545e-12 8.10424e-13 4.5415e-13 2.54375e-13 1.42412e-13 7.9693e-14 4.45763e-14 2.49232e-14 1.39292e-14 7.78178e-15 4.34574e-15 2.42599e-15 1.35381e-15 7.5522e-16 4.21157e-16 2.34786e-16 1.30846e-16 7.28981e-17 4.06014e-17 2.26067e-17 1.25838e-17 7.00268e-18 3.89583e-18 2.16681e-18 1.20485e-18 6.6978e-19 3.72244e-19 2.06833e-19 1.14897e-19 6.38118e-20 3.5432e-20 1.96696e-20 1.0917e-20 6.05792e-21 3.36088e-21 1.86422e-21 1.03385e-21 5.73236e-22 3.17781e-22 1.76135e-22 9.76074e-23 5.4081e-23 2.99593e-23 1.65938e-23 9.1894e-24 5.08813e-24 2.81683e-24 1.55917e-24 8.62901e-25 4.77488e-25 2.64179e-25 1.46141e-25 8.08321e-26 4.47027e-26 2.47186e-26 1.36664e-26 7.55489e-27 4.17584e-27 2.30783e-27 1.27529e-27 7.04624e-28 3.89272e-28 2.15029e-28 1.18765e-28 6.55886e-29 3.62174e-29 1.99967e-29 1.10395e-29 6.09386e-30 3.36347e-30 1.85625e-30 1.02433e-30 5.65193e-31 3.11824e-31 1.72019e-31 9.48859e-32 5.23339e-32 2.88617e-32 1.59155e-32 8.77558e-33 4.83828e-33
4.91297e-07 4.13652e-08 2.35999e-08 1.34459e-08 7.65093e-09 4.34825e-09 2.46845e-09 1.39982e-09 7.93018e-10 4.48829e-10 2.53798e-10 1.43392e-10 8.09484e-11 4.56621e-11 2.57386e-11 1.4498e-11 8.16095e-12 4.59086e-12 2.58095e-12 1.45014e-12 8.14318e-13 4.57028e-13 2.56368e-13 1.43736e-13 8.05487e-14 4.51178e-14 2.52605e-14 1.41366e-14 7.90801e-15 4.42193e-15 2.47164e-15 1.381e-15 7.71333e-16 4.3066e-16 2.40368e-16 1.34113e-16 7.48038e-17 4.17098e-17 2.32498e-17 1.29559e-17 7.21756e-18 4.01966e-18 2.23804e-18 1.24574e-18 6.93224e-19 3.85663e-19 2.14503e-19 1.19276e-19 6.63083e-20 3.68537e-20 2.04784e-20 1.13767e-20 6.31885e-21 3.50888e-21 1.94809e-21 1.08134e-21 6.00102e-22 3.3297e-22 1.84715e-22 1.02451e-22 5.68137e-23 3.14999e-23 1.74618e-23 9.67821e-24 5.36323e-24 2.97157e-24 1.64616e-24 9.11782e-25 5.04941e-25 2.7959e-25 1.54788e-25 8.56819e-26 4.74216e-26 2.62422e-26 1.45199e-26 8.03278e-27 4.44333e-27 2.4575e-27 1.359e-27 7.5143e-28 4.15434e-28 2.29647e-28 1.2693e-28 7.01483e-29 3.87629e-29 2.14172e-29 1.1832e-29 6.5359e-30 3.60996e-30 1.99366e-30 1.10091e-30 6.0786e-31 3.3559e-31 1.85255e-31 1.02255e-31 5.64358e-32 3.11445e-32 1.71855e-32 9.48206e-33 5.23119e-33 2.88573e-33
2.65597e-07 2.27442e-08 1.29969e-08 7.41629e-09 4.22624e-09 2.40535e-09 1.36739e-09 7.76471e-10 4.40459e-10 2.49608e-10 1.41321e-10 7.99408e-11 4.51822e-11 2.55164e-11 1.43993e-11 8.11981e-12 4.57563e-12 2.57673e-12 1.45014e-12 8.15619e-13 4.58471e-13 2.57569e-13 1.44624e-13 8.11637e-14 4.55268e-14 2.55249e-14 1.4304e-14 8.01234e-15 4.48613e-15 2.51074e-15 1.40462e-15 7.85493e-16 4.39098e-16 2.4537e-16 1.37065e-16 7.65388e-17 4.27258e-17 2.38428e-17 1.3301e-17 7.41788e-18 4.13565e-18 2.30505e-18 1.28438e-18 7.15462e-19 3.98439e-19 2.21831e-19 1.23473e-19 6.87085e-20 3.82246e-20 2.12604e-20 1.18222e-20 6.57246e-21 3.65308e-21 2.03e-21 1.12782e-21 6.26458e-22 3.47901e-22 1.93167e-22 1.07232e-22 5.95156e-23 3.30261e-23 1.83232e-23 1.01641e-23 5.63714e-24 3.12589e-24 1.73306e-24 9.60683e-25 5.32446e-25 2.95053e-25 1.63477e-25 9.05619e-26 5.01612e-26 2.77795e-26 1.53821e-26 8.5162e-27 4.71425e-27 2.60927e-27 1.44399e-27 7.99009e-28 4.42059e-28 2.44541e-28 1.35259e-28 7.48043e-29 4.13649e-29 2.28709e-29 1.26439e-29 6.98921e-30 3.86298e-30 2.13485e-30 1.17967e-30 6.51789e-31 3.60084e-31 1.98908e-31 1.09864e-31 6.06751e-32 3.35058e-32 1.85006e-32 1.02142e-32 5.63873e-33 3.11253e-33 1.71792e-33
1.43583e-07 1.25021e-08 7.15548e-09 4.08929e-09 2.33374e-09 1.33013e-09 7.57189e-10 4.30543e-10 2.44545e-10 1.38758e-10 7.86571e-11 4.45472e-11 2.52073e-11 1.42519e-11 8.05155e-12 4.54528e-12 2.56408e-12 1.44545e-12 8.14318e-13 4.58471e-13 2.5797e-13 1.45069e-13 8.15343e-14 4.58009e-14 2.57149e-14 1.44305e-14 8.09414e-15 4.53795e-15 2.54306e-15 1.42451e-15 7.97616e-16 4.46424e-16 2.49766e-16 1.39686e-16 7.80934e-17 4.36437e-17 2.43825e-17 1.36173e-17 7.60257e-18 4.24319e-18 2.36751e-18 1.32056e-18 7.36378e-19 4.10505e-19 2.28779e-19 1.27466e-19 7.10005e-20 3.9538e-20 2.2012e-20 1.22517e-20 6.81758e-21 3.79282e-21 2.10957e-21 1.17309e-21 6.52184e-22 3.62508e-22 2.01453e-22 1.11928e-22 6.21755e-23 3.45313e-23 1.91745e-23 1.06451e-23 5.90879e-24 3.27919e-24 1.81952e-24 1.00942e-24 5.59902e-25 3.10513e-25 1.72177e-25 9.5455e-26 5.2912e-26 2.93252e-26 1.62503e-26 9.00358e-27 4.98775e-27 2.76268e-27 1.53001e-27 8.4722e-28 4.6907e-28 2.59669e-28 1.43728e-28 7.95442e-29 4.40167e-29 2.4354e-29 1.34731e-29 7.45269e-30 4.12196e-30 2.27951e-30 1.26046e-30 6.96888e-31 3.85255e-31 2.12953e-31 1.17698e-31 6.50441e-32 3.59417e-32 1.98583e-32 1.09709e-32 6.06028e-33 3.34734e-33 1.84868e-33 1.0209e-33
7.76219e-08 6.87031e-09 3.93835e-09 2.25413e-09 1.2883e-09 7.35302e-10 4.19147e-10 2.38644e-10 1.35721e-10 7.71057e-11 4.37615e-11 2.48135e-11 1.4057e-11 7.95662e-12 4.5e-12 2.54308e-12 1.43612e-12 8.10424e-13 4.57028e-13 2.57569e-13 1.45069e-13 8.16581e-14 4.59384e-14 2.58294e-14 1.45152e-14 8.15292e-15 4.57709e-15 2.56839e-15 1.44057e-15 8.07633e-16 4.52595e-16 2.53528e-16 1.41961e-16 7.9459e-17 4.44585e-17 2.48661e-17 1.39029e-17 7.77063e-18 4.34172e-18 2.42508e-18 1.3541e-18 7.55867e-19 4.21802e-19 2.35312e-19 1.31238e-19 7.3173e-20 4.07874e-20 2.27294e-20 1.2663e-20 7.05305e-21 3.92745e-21 2.18645e-21 1.21694e-21 6.77167e-22 3.76727e-22 2.09538e-22 1.16521e-22 6.47821e-23 3.60095e-23 2.0012e-23 1.11193e-23 6.17708e-24 3.43088e-24 1.90522e-24 1.05781e-24 5.87207e-25 3.25911e-25 1.80855e-25 1.00344e-25 5.56644e-26 3.0874e-26 1.71214e-26 9.49331e-27 5.26294e-27 2.91724e-27 1.61678e-27 8.95916e-28 4.96386e-28 2.74986e-28 1.52314e-28 8.43548e-29 4.67112e-29 2.58627e-29 1.43176e-29 7.92518e-30 4.38625e-30 2.4273e-30 1.34307e-30 7.43056e-31 4.11048e-31 2.27359e-31 1.25742e-31 6.95343e-32 3.84475e-32 2.12564e-32 1.17506e-32 6.49512e-33 3.58977e-33 1.98381e-33 1.09619e-33 6.05661e-34
4.19628e-08 3.77447e-09 2.16705e-09 1.24218e-09 7.10961e-10 4.06349e-10 2.31944e-10 1.32231e-10 7.52972e-11 4.28303e-11 2.43374e-11 1.38158e-11 7.83563e-12 4.44008e-12 2.51389e-12 1.42218e-12 8.0396e-13 4.5415e-13 2.56368e-13 1.44624e-13 8.15343e-14 4.59384e-14 2.58677e-14 1.45577e-14 8.18834e-15 4.60332e-15 2.58659e-15 1.45269e-15 8.15486e-16 4.57575e-16 2.56637e-16 1.43877e-16 8.06279e-17 4.51655e-17 2.52907e-17 1.41564e-17 7.92116e-18 4.43069e-18 2.47745e-18 1.38482e-18 7.73824e-19 4.32269e-19 2.41398e-19 1.34767e-19 7.52152e-20 4.19668e-20 2.34091e-20 1.30541e-20 7.27774e-21 4.05633e-21 2.26027e-21 1.25916e-21 7.01293e-22 3.90494e-22 2.17385e-22 1.2099e-22 6.73242e-23 3.74542e-23 2.08324e-23 1.15848e-23 6.44093e-24 3.58033e-24 1.98982e-24 1.10566e-24 6.14256e-25 3.4119e-25 1.89481e-25 1.05211e-25 5.84086e-26 3.24206e-26 1.79925e-26 9.98373e-27 5.53889e-27 3.07245e-27 1.70403e-27 9.44944e-28 5.23924e-28 2.90446e-28 1.60991e-28 8.92222e-29 4.94407e-29 2.73927e-29 1.51749e-29 8.40544e-30 4.65518e-30 2.57784e-30 1.42731e-30 7.90184e-31 4.37404e-31 2.42094e-31 1.33978e-31 7.41361e-32 4.10181e-32 2.26919e-32 1.25521e-32 6.94246e-33 3.83939e-33 2.12307e-33 1.17386e-33 6.48971e-34 3.58746e-34
2.26853e-08 2.07312e-09 1.19209e-09 6.84332e-10 3.92237e-10 2.24492e-10 1.2831e-10 7.32435e-11 4.17597e-11 2.37824e-11 1.35298e-11 7.68937e-12 4.36592e-12 2.47667e-12 1.40374e-12 7.94968e-13 4.49857e-13 2.54375e-13 1.43736e-13 8.11637e-14 4.58009e-14 2.58294e-14 1.45577e-14 8.20017e-15 4.61647e-15 2.59755e-15 1.46082e-15 8.21128e-16 4.61336e-16 2.59073e-16 1.45423e-16 8.15934e-17 4.57609e-17 2.56542e-17 1.43764e-17 8.05333e-18 4.50963e-18 2.52435e-18 1.41255e-18 7.90158e-19 4.41854e-19 2.47004e-19 1.38036e-19 7.71168e-20 4.30701e-20 2.40479e-20 1.34232e-20 7.49057e-21 4.17885e-21 2.33069e-21 1.29957e-21 7.2445e-22 4.03747e-22 2.2496e-22 1.25315e-22 6.97906e-23 3.88593e-23 2.16321e-23 1.20395e-23 6.69924e-24 3.72695e-24 2.07298e-24 1.15279e-24 6.40942e-25 3.56292e-25 1.98022e-25 1.10037e-25 6.11346e-26 3.39593e-26 1.88606e-26 1.04731e-26 5.81468e-27 3.22778e-27 1.79148e-27 9.94145e-28 5.51595e-28 3.06002e-28 1.69732e-28 9.41319e-29 5.21972e-29 2.89398e-29 1.60428e-29 8.89216e-30 4.92803e-30 2.73074e-30 1.51297e-30 8.38153e-31 4.64259e-31 2.57124e-31 1.42387e-31 7.88393e-32 4.36479e-32 2.41619e-32 1.33736e-32 7.40142e-33 4.09573e-33 2.2662e-33 1.25377e-33 6.93567e-34 3.83629e-34 2.12172e-34
1.22638e-08 1.13837e-09 6.55595e-10 3.76905e-10 2.16336e-10 1.23986e-10 7.09583e-11 4.05569e-11 2.3152e-11 1.3201e-11 7.5188e-12 4.27799e-12 2.43167e-12 1.38091e-12 7.83506e-13 4.44174e-13 2.51603e-13 1.42412e-13 8.05487e-14 4.55268e-14 2.57149e-14 1.45152e-14 8.18834e-15 4.61647e-15 2.60122e-15 1.46489e-15 8.24526e-16 4.63855e-16 2.60824e-16 1.4659e-16 8.23501e-17 4.62413e-17 2.59543e-17 1.45616e-17 8.16643e-18 4.57811e-18 2.56552e-18 1.43716e-18 8.0478e-19 4.50505e-19 2.52102e-19 1.41029e-19 7.88681e-20 4.4092e-20 2.46425e-20 1.37684e-20 7.69051e-21 4.29442e-21 2.39737e-21 1.33798e-21 7.46531e-22 4.16425e-22 2.32229e-22 1.29476e-22 7.21705e-23 4.02186e-23 2.24076e-23 1.24815e-23 6.95093e-24 3.87013e-24 2.15435e-24 1.19899e-24 6.67161e-25 3.71157e-25 2.06443e-25 1.14805e-25 6.38321e-26 3.54844e-26 1.97223e-26 1.09598e-26 6.08932e-27 3.38269e-27 1.87881e-27 1.04336e-27 5.7931e-28 3.21603e-28 1.7851e-28 9.90686e-29 5.49724e-29 3.04992e-29 1.69187e-29 9.38394e-30 5.20404e-30 2.88559e-30 1.59982e-30 8.86841e-31 4.91545e-31 2.72411e-31 1.50948e-31 8.36329e-32 4.63309e-32 2.56632e-32 1.42134e-32 7.87104e-33 4.35828e-33 2.41294e-33 1.33576e-33 7.39367e-34 4.09207e-34 2.26453e-34 1.25304e-34
6.62987e-09 6.24944e-10 3.60457e-10 2.07531e-10 1.19286e-10 6.84568e-11 3.92297e-11 2.24503e-11 1.28315e-11 7.32503e-12 4.17687e-12 2.37919e-12 1.35384e-12 7.69646e-13 4.37139e-13 2.48069e-13 1.40659e-13 7.9693e-14 4.51178e-14 2.55249e-14 1.44305e-14 8.15292e-15 4.60332e-15 2.59755e-15 1.46489e-15 8.25661e-16 4.65118e-16 2.61878e-16 1.47372e-16 8.28936e-17 4.6604e-17 2.61895e-17 1.4711e-17 8.25982e-18 4.63576e-18 2.60074e-18 1.45849e-18 8.17615e-19 4.58178e-19 2.56664e-19 1.4373e-19 8.04603e-20 4.50272e-20 2.51901e-20 1.4088e-20 7.87657e-21 4.40248e-21 2.45999e-21 1.37419e-21 7.67433e-22 4.28469e-22 2.39157e-22 1.33456e-22 7.44531e-23 4.15262e-23 2.31557e-23 1.2909e-23 7.19492e-24 4.00925e-24 2.2336e-24 1.2441e-24 6.92806e-25 3.85726e-25 2.14713e-25 1.19496e-25 6.64908e-26 3.69903e-26 2.05746e-26 1.14419e-26 6.36185e-27 3.53665e-27 1.96574e-27 1.09241e-27 6.06975e-28 3.37198e-28 1.87296e-28 1.04017e-28 5.77576e-29 3.20662e-29 1.78e-29 9.87934e-30 5.48241e-30 3.04195e-30 1.68761e-30 9.36115e-31 5.19191e-31 2.87916e-31 1.59641e-31 8.85051e-32 4.90608e-32 2.71922e-32 1.50695e-32 8.35028e-33 4.62646e-33 2.56297e-33 1.41967e-33 7.86283e-34 4.35432e-34 2.41108e-34 1.33492e-34 7.39005e-35
3.58414e-09 3.43002e-10 1.98137e-10 1.14242e-10 6.57555e-11 3.77869e-11 2.1682e-11 1.24236e-11 7.1093e-12 4.0632e-12 2.31955e-12 1.3227e-12 7.53476e-13 4.28794e-13 2.43794e-13 1.38488e-13 7.86019e-14 4.45763e-14 2.52605e-14 1.4304e-14 8.09414e-15 4.57709e-15 2.58659e-15 1.46082e-15 8.24526e-16 4.65118e-16 2.6223e-16 1.47764e-16 8.3221e-17 4.68469e-17 2.63585e-17 1.48238e-17 8.333e-18 4.68226e-18 2.62982e-18 1.47645e-18 8.28594e-19 4.64832e-19 2.60669e-19 1.46125e-19 8.18851e-20 4.58709e-20 2.56877e-20 1.43804e-20 8.04785e-21 4.50251e-21 2.51825e-21 1.40804e-21 7.87058e-22 4.39822e-22 2.45714e-22 1.37235e-22 7.66282e-23 4.27761e-23 2.38729e-23 1.332e-23 7.43017e-24 4.14374e-24 2.3104e-24 1.28791e-24 7.17772e-25 3.99941e-25 2.22799e-25 1.24091e-25 6.91005e-26 3.84711e-26 2.14143e-26 1.19176e-26 6.63125e-27 3.6891e-27 2.05195e-27 1.14113e-27 6.34496e-28 3.52734e-28 1.96062e-28 1.0896e-28 6.05439e-29 3.3636e-29 1.8684e-29 1.03769e-29 5.76233e-30 3.19937e-30 1.7761e-30 9.85838e-31 5.4712e-31 3.03597e-31 1.68443e-31 9.34435e-32 5.18306e-32 2.87452e-32 1.594e-32 8.83803e-33 4.89967e-33 2.71597e-33 1.50532e-33 8.34216e-34 4.6225e-34 2.56108e-34 1.41879e-34 7.85897e-35 4.35273e-35
1.93761e-09 1.88215e-10 1.08887e-10 6.28721e-11 3.6238e-11 2.08521e-11 1.19801e-11 6.87301e-12 3.93771e-12 2.25314e-12 1.28769e-12 7.35098e-13 4.19194e-13 2.38806e-13 1.35913e-13 7.72821e-14 4.39057e-14 2.49232e-14 1.41366e-14 8.01234e-15 4.53795e-15 2.56839e-15 1.45269e-15 8.21128e-16 4.63855e-16 2.61878e-16 1.47764e-16 8.33304e-17 4.69687e-17 2.64602e-17 1.48993e-17 8.38556e-18 4.71736e-18 2.65261e-18 1.49094e-18 8.37658e-19 4.70432e-19 2.64093e-19 1.48201e-19 8.31353e-20 4.6619e-20 2.61329e-20 1.46442e-20 8.20349e-21 4.59401e-21 2.57186e-21 1.43936e-21 8.05311e-22 4.50432e-22 2.51867e-22 1.40797e-22 7.86859e-23 4.39627e-23 2.45561e-23 1.37128e-23 7.65565e-24 4.27301e-24 2.38442e-24 1.33024e-24 7.41956e-25 4.13742e-25 2.30667e-25 1.28573e-25 7.16508e-26 3.99212e-26 2.22381e-26 1.23853e-26 6.89653e-27 3.83947e-27 2.13713e-27 1.18935e-27 6.61776e-28 3.68159e-28 2.04778e-28 1.13882e-28 6.33222e-29 3.52034e-29 1.95678e-29 1.0875e-29 6.04293e-30 3.35737e-30 1.86502e-30 1.03587e-30 5.75253e-31 3.19412e-31 1.77329e-31 9.84349e-32 5.46332e-32 3.03183e-32 1.68227e-32 9.33311e-33 5.17727e-33 2.87157e-33 1.59251e-33 8.83061e-34 4.89604e-34 2.71423e-34 1.50451e-34 8.33858e-35 4.62102e-35 2.56055e-35
1.04748e-09 1.03256e-10 5.98254e-11 3.45929e-11 1.99658e-11 1.15038e-11 6.61767e-12 3.8012e-12 2.18037e-12 1.24903e-12 7.14627e-13 4.08397e-13 2.33136e-13 1.32949e-13 7.57418e-14 4.31101e-14 2.45153e-14 1.39292e-14 7.90801e-15 4.48613e-15 2.54306e-15 1.44057e-15 8.15486e-16 4.61336e-16 2.60824e-16 1.47372e-16 8.3221e-17 4.69687e-17 2.64942e-17 1.49372e-17 8.41721e-18 4.74087e-18 2.66897e-18 1.50187e-18 8.44758e-19 4.74948e-19 2.6692e-19 1.49949e-19 8.42043e-20 4.72675e-20 2.65235e-20 1.4878e-20 8.34272e-21 4.67653e-21 2.62057e-21 1.46801e-21 8.22105e-22 4.60248e-22 2.5759e-22 1.44125e-22 8.06166e-23 4.50807e-23 2.52023e-23 1.40855e-23 7.87037e-24 4.3965e-24 2.45534e-24 1.37091e-24 7.65256e-25 4.27073e-25 2.38286e-25 1.32923e-25 7.41316e-26 4.13348e-26 2.30429e-26 1.2843e-26 7.15668e-27 3.98721e-27 2.22097e-27 1.2369e-27 6.88719e-28 3.83416e-28 2.13413e-28 1.18766e-28 6.60832e-29 3.67632e-29 2.04486e-29 1.13721e-29 6.32333e-30 3.51546e-30 1.95412e-30 1.08605e-30 6.03509e-31 3.35314e-31 1.86276e-31 1.03466e-31 5.74611e-32 3.19073e-32 1.77152e-32 9.83426e-33 5.45857e-33 3.02941e-33 1.68105e-33 9.32706e-34 5.17433e-34 2.87018e-34 1.59188e-34 8.82791e-35 4.895e-35 2.71391e-35 1.50448e-35
5.66273e-10 5.66351e-11 3.28624e-11 1.9029e-11 1.09978e-11 6.34492e-12 3.65454e-12 2.10172e-12 1.20696e-12 6.92192e-13 3.96471e-13 2.26819e-13 1.29616e-13 7.39904e-14 4.21944e-14 2.40391e-14 1.36832e-14 7.78178e-15 4.42193e-15 2.51074e-15 1.42451e-15 8.07633e-16 4.57575e-16 2.59073e-16 1.4659e-16 8.28936e-17 4.68469e-17 2.64602e-17 1.49372e-17 8.42778e-18 4.75265e-18 2.67883e-18 1.5092e-18 8.49857e-19 4.78357e-19 2.69135e-19 1.51358e-19 8.50867e-20 4.78131e-20 2.68575e-20 1.50807e-20 8.46483e-21 4.74966e-21 2.66414e-21 1.49384e-21 8.37359e-22 4.69224e-22 2.62853e-22 1.47202e-22 8.24115e-23 4.61249e-23 2.58084e-23 1.44367e-23 8.07338e-24 4.51367e-24 2.52285e-24 1.40976e-24 7.87573e-25 4.39878e-25 2.45624e-25 1.37123e-25 7.65329e-26 4.27062e-26 2.38254e-26 1.32891e-26 7.41072e-27 4.13176e-27 2.30316e-27 1.28359e-27 7.15225e-28 3.98453e-28 2.21937e-28 1.23596e-28 6.88174e-29 3.83103e-29 2.13234e-29 1.18665e-29 6.60264e-30 3.67315e-30 2.0431e-30 1.13624e-30 6.31803e-31 3.51258e-31 1.95256e-31 1.08522e-31 6.03064e-32 3.35079e-32 1.86152e-32 1.03402e-32 5.74285e-33 3.18909e-33 1.77071e-33 9.83033e-34 5.45673e-34 3.02859e-34 1.68071e-34 9.32587e-35 5.17407e-35 2.87026e-35 1.59206e-35 8.82963e-36
3.0613e-10 3.10574e-11 1.80476e-11 1.04652e-11 6.05647e-12 3.49866e-12 2.01767e-12 1.16175e-12 6.67933e-13 3.8349e-13 2.19894e-13 1.25933e-13 7.20387e-14 4.11641e-14 2.34975e-14 1.33999e-14 7.6344e-15 4.34574e-15 2.47164e-15 1.40462e-15 7.97616e-16 4.52595e-16 2.56637e-16 1.45423e-16 8.23501e-17 4.6604e-17 2.63585e-17 1.48993e-17 8.41721e-18 4.75265e-18 2.68212e-18 1.51287e-18 8.52928e-19 4.80639e-19 2.70725e-19 1.52421e-19 8.57778e-20 4.8253e-20 2.71331e-20 1.52512e-20 8.56923e-21 4.81304e-21 2.70234e-21 1.51673e-21 8.51e-22 4.77315e-22 2.67633e-22 1.50016e-22 8.40622e-23 4.70905e-23 2.63717e-23 1.47645e-23 8.26376e-24 4.62399e-24 2.58667e-24 1.4466e-24 8.08812e-25 4.52103e-25 2.5265e-25 1.41155e-25 7.88449e-26 4.403e-26 2.45825e-26 1.37217e-26 7.65763e-27 4.27257e-27 2.38338e-27 1.32925e-27 7.41197e-28 4.13214e-28 2.3032e-28 1.28353e-28 7.15152e-29 3.98393e-29 2.21894e-29 1.23567e-29 6.87994e-30 3.82993e-30 2.13169e-30 1.18628e-30 6.60048e-31 3.67194e-31 2.04243e-31 1.13588e-31 6.31609e-32 3.51156e-32 1.95203e-32 1.08495e-32 6.02935e-33 3.35019e-33 1.86126e-33 1.03392e-33 5.74254e-34 3.18907e-34 1.77079e-34 9.83136e-35 5.45763e-35 3.02928e-35 1.6812e-35 9.32925e-36 5.17632e-36
1.65495e-10 1.70278e-11 9.90941e-12 5.75416e-12 3.33454e-12 1.92874e-12 1.11367e-12 6.42e-13 3.69535e-13 2.12402e-13 1.21923e-13 6.98984e-14 4.00254e-14 2.28939e-14 1.30811e-14 7.46676e-15 4.25801e-15 2.42599e-15 1.381e-15 7.85493e-16 4.46424e-16 2.53528e-16 1.43877e-16 8.15934e-17 4.62413e-17 2.61895e-17 1.48238e-17 8.38556e-18 4.74087e-18 2.67883e-18 1.51287e-18 8.53953e-19 4.81783e-19 2.71682e-19 1.53133e-19 8.6274e-20 4.8585e-20 2.73489e-20 1.53886e-20 8.65537e-21 4.86635e-21 2.735e-21 1.53657e-21 8.6296e-22 4.84483e-22 2.71907e-22 1.52552e-22 8.5561e-23 4.7973e-23 2.68897e-23 1.50676e-23 8.44066e-24 4.72698e-24 2.64649e-24 1.48129e-24 8.28881e-25 4.63694e-25 2.59335e-25 1.45004e-25 8.10579e-26 4.53007e-26 2.53113e-26 1.41391e-26 7.89646e-27 4.40907e-27 2.46132e-27 1.37371e-27 7.66538e-28 4.27644e-28 2.38531e-28 1.33021e-28 7.41672e-29 4.13448e-29 2.30435e-29 1.28409e-29 7.15429e-30 3.98528e-30 2.2196e-30 1.236e-30 6.88155e-31 3.83074e-31 2.13211e-31 1.18649e-31 6.60163e-32 3.67257e-32 2.04279e-32 1.13608e-32 6.3173e-33 3.51229e-33 1.95248e-33 1.08522e-33 6.03104e-34 3.35124e-34 1.86191e-34 1.03432e-34 5.74501e-35 3.19059e-35 1.77172e-35 9.83706e-36 5.4611e-36 3.03138e-36
8.94677e-11 9.33397e-12 5.43987e-12 3.16319e-12 1.8355e-12 1.06303e-12 6.14552e-13 3.5469e-13 2.04392e-13 1.1761e-13 6.75826e-14 3.87852e-14 2.22317e-14 1.27286e-14 7.27984e-15 4.15926e-15 2.37404e-15 1.35381e-15 7.71333e-16 4.39098e-16 2.49766e-16 1.41961e-16 8.06279e-17 4.57609e-17 2.59543e-17 1.4711e-17 8.333e-18 4.71736e-18 2.66897e-18 1.5092e-18 8.52928e-19 4.81783e-19 2.72002e-19 1.5349e-19 8.65728e-20 4.88073e-20 2.75039e-20 1.54923e-20 8.72283e-21 4.90933e-21 2.76194e-21 1.55325e-21 8.73182e-22 4.90694e-22 2.75653e-22 1.54798e-22 8.69006e-23 4.87683e-23 2.73599e-23 1.53446e-23 8.60327e-24 4.82218e-24 2.70207e-24 1.51366e-24 8.47692e-25 4.74604e-25 2.65649e-25 1.48653e-25 8.31627e-26 4.65131e-26 2.60086e-26 1.45397e-26 8.12625e-27 4.54075e-27 2.53668e-27 1.4168e-27 7.91152e-28 4.4169e-28 2.46539e-28 1.37583e-28 7.67636e-29 4.28215e-29 2.38827e-29 1.33175e-29 7.42476e-30 4.13868e-30 2.30655e-30 1.28524e-30 7.16034e-31 3.98848e-31 2.2213e-31 1.2369e-31 6.88639e-32 3.83335e-32 2.13352e-32 1.18726e-32 6.60589e-33 3.67493e-33 2.0441e-33 1.13682e-33 6.32148e-34 3.51466e-34 1.95383e-34 1.086e-34 6.03553e-35 3.35383e-35 1.86341e-35 1.03519e-35 5.7501e-36 3.19356e-36 1.77345e-36
