0.763604 0.0475356 0.0242907 0.0130571 0.00727739 0.00415158 0.00239883 0.00139295 0.000808465 0.000467364 0.00026854 0.000153195 8.67292e-05 4.87254e-05 2.71713e-05 1.5045e-05 8.27538e-06 4.52382e-06 2.45894e-06 1.32959e-06 7.15487e-07 3.83333e-07 2.04551e-07 1.0875e-07 5.76212e-08 3.04345e-08 1.60253e-08 8.40786e-09 4.38447e-09 2.24973e-09 1.17439e-09
0.0475356 0.00511727 0.0026647 0.00141961 0.000761309 0.000407353 0.000216568 0.00011423 5.97676e-05 3.10366e-05 1.6008e-05 8.20775e-06 4.18684e-06 2.12643e-06 1.07598e-06 5.42759e-07 2.73069e-07 1.37086e-07 6.86948e-08 3.43721e-08 1.71772e-08 8.57555e-09 4.27768e-09 2.13228e-09 1.0621e-09 5.28422e-10 2.62123e-10 1.2877e-10 6.11253e-11 2.53783e-11 1.26053e-11
0.0242907 0.0026647 0.00134261 0.000694388 0.000363406 0.000190729 9.98862e-05 5.20721e-05 2.69967e-05 1.39178e-05 7.13708e-06 3.64229e-06 1.85087e-06 9.37065e-07 4.72915e-07 2.38026e-07 1.1953e-07 5.99106e-08 2.99807e-08 1.49834e-08 7.48019e-09 3.73103e-09 1.85958e-09 9.26129e-10 4.60708e-10 2.28522e-10 1.12315e-10 5.34693e-11 2.25613e-11 1.11091e-11 5.51994e-12
0.0130571 0.00141961 0.000694388 0.000349039 0.000178177 9.16015e-05 4.71766e-05 2.42661e-05 1.24461e-05 6.3611e-06 3.23915e-06 1.64358e-06 8.31257e-07 4.19197e-07 2.10862e-07 1.05835e-07 5.30214e-08 2.65213e-08 1.32487e-08 6.61126e-09 3.29616e-09 1.64211e-09 8.17464e-10 4.06483e-10 2.01563e-10 9.90792e-11 4.72704e-11 2.02041e-11 9.96919e-12 4.90931e-12 2.44013e-12
0.00727739 0.000761309 0.000363406 0.000178177 8.88925e-05 4.47977e-05 2.26879e-05 1.1509e-05 5.83597e-06 2.95487e-06 1.49307e-06 7.52759e-07 3.78688e-07 1.90116e-07 9.527e-08 4.7664e-08 2.38133e-08 1.18833e-08 5.92416e-09 2.95094e-09 1.46889e-09 7.30656e-10 3.63054e-10 1.79922e-10 8.84297e-11 4.22659e-11 1.82758e-11 9.01013e-12 4.44652e-12 2.18985e-12 1.08871e-12
0.00415158 0.000407353 0.000190729 9.16015e-05 4.47977e-05 2.21717e-05 1.10533e-05 5.53221e-06 2.77365e-06 1.39106e-06 6.97307e-07 3.49214e-07 1.74688e-07 8.72818e-08 4.35604e-08 2.17176e-08 1.08178e-08 5.38432e-09 2.67817e-09 1.33137e-09 6.61457e-10 3.28315e-10 1.62558e-10 7.98619e-11 3.82273e-11 1.67066e-11 8.22372e-12 4.05492e-12 2.00133e-12 9.85668e-13 4.90119e-13
0.00239883 0.000216568 9.98862e-05 4.71766e-05 2.26879e-05 1.10533e-05 5.43281e-06 2.68547e-06 1.332e-06 6.6191e-07 3.29205e-07 1.63768e-07 8.14558e-08 4.05005e-08 2.01284e-08 9.99908e-09 4.96511e-09 2.46454e-09 1.2229e-09 6.0656e-10 3.00619e-10 1.48657e-10 7.29778e-11 3.49705e-11 1.54314e-11 7.58295e-12 3.73308e-12 1.84086e-12 9.08622e-13 4.47503e-13 2.22539e-13
0.00139295 0.00011423 5.20721e-05 2.42661e-05 1.1509e-05 5.53221e-06 2.68547e-06 1.31266e-06 6.44672e-07 3.17605e-07 1.56786e-07 7.74934e-08 3.83298e-08 1.89664e-08 9.38687e-09 4.64622e-09 2.29982e-09 1.13837e-09 5.63401e-10 2.78688e-10 1.37583e-10 6.7466e-11 3.23504e-11 1.43968e-11 7.06205e-12 3.47062e-12 1.7087e-12 8.42625e-13 4.15912e-13 2.04832e-13 1.01862e-13
0.000808465 5.97676e-05 2.69967e-05 1.24461e-05 5.83597e-06 2.77365e-06 1.332e-06 6.44672e-07 3.13805e-07 1.53383e-07 7.51933e-08 3.69398e-08 1.81745e-08 8.95153e-09 4.41243e-09 2.17629e-09 1.07386e-09 5.30009e-10 2.61533e-10 1.28843e-10 6.30835e-11 3.02534e-11 1.35607e-11 6.63981e-12 3.2573e-12 1.60087e-12 7.88177e-13 3.88676e-13 1.91839e-13 9.44718e-14 4.69776e-14
0.000467364 3.10366e-05 1.39178e-05 6.3611e-06 2.95487e-06 1.39106e-06 6.6191e-07 3.17605e-07 1.53383e-07 7.44393e-08 3.62615e-08 1.77141e-08 8.67228e-09 4.25277e-09 2.08824e-09 1.02643e-09 5.0489e-10 2.48397e-10 1.22057e-10 5.96425e-11 2.8591e-11 1.28901e-11 6.29942e-12 3.08467e-12 1.51332e-12 7.4376e-13 3.66174e-13 1.80561e-13 8.91116e-14 4.38788e-14 2.18167e-14
0.00026854 1.6008e-05 7.13708e-06 3.23915e-06 1.49307e-06 6.97307e-07 3.29205e-07 1.56786e-07 7.51933e-08 3.62615e-08 1.75631e-08 8.53586e-09 4.15983e-09 2.03165e-09 9.93977e-10 4.86941e-10 2.38714e-10 1.16937e-10 5.6999e-11 2.72952e-11 1.23592e-11 6.02777e-12 2.94603e-12 1.44265e-12 7.07758e-13 3.47833e-13 1.71235e-13 8.44275e-14 4.16617e-14 2.05115e-14 1.01965e-14
0.000153195 8.20775e-06 3.64229e-06 1.64358e-06 7.52759e-07 3.49214e-07 1.63768e-07 7.74934e-08 3.69398e-08 1.77141e-08 8.53586e-09 4.12931e-09 2.00398e-09 9.75054e-10 4.75384e-10 2.32073e-10 1.13269e-10 5.50448e-11 2.6314e-11 1.19483e-11 5.81472e-12 2.83615e-12 1.3862e-12 6.78812e-13 3.33008e-13 1.63646e-13 8.05526e-14 3.97106e-14 1.95923e-14 9.64436e-15 4.79321e-15
8.67292e-05 4.18684e-06 1.85087e-06 8.31257e-07 3.78688e-07 1.74688e-07 8.14558e-08 3.83298e-08 1.81745e-08 8.67228e-09 4.15983e-09 2.00398e-09 9.68837e-10 4.69726e-10 2.28195e-10 1.10903e-10 5.37015e-11 2.56091e-11 1.16428e-11 5.65254e-12 2.75104e-12 1.34188e-12 6.55853e-13 3.21154e-13 1.57537e-13 7.7408e-14 3.80972e-14 1.87777e-14 9.26258e-15 4.55866e-15 2.26501e-15
4.87254e-05 2.12643e-06 9.37065e-07 4.19197e-07 1.90116e-07 8.72818e-08 4.05005e-08 1.89664e-08 8.95153e-09 4.25277e-09 2.03165e-09 9.75054e-10 4.69726e-10 2.2692e-10 1.09744e-10 5.2916e-11 2.51535e-11 1.14318e-11 5.53554e-12 2.68768e-12 1.30811e-12 6.38055e-13 3.11842e-13 1.52689e-13 7.48908e-14 3.6793e-14 1.81048e-14 8.92174e-15 4.39987e-15 2.16498e-15 1.07535e-15
2.71713e-05 1.07598e-06 4.72915e-07 2.10862e-07 9.527e-08 4.35604e-08 2.01284e-08 9.38687e-09 4.41243e-09 2.08824e-09 9.93977e-10 4.75384e-10 2.28195e-10 1.09744e-10 5.26575e-11 2.49299e-11 1.1308e-11 5.45967e-12 2.64389e-12 1.28373e-12 6.24797e-13 3.04744e-13 1.48929e-13 7.29127e-14 3.5757e-14 1.75639e-14 8.64087e-15 4.25706e-15 2.0989e-15 1.03254e-15 5.12692e-16
1.5045e-05 5.42759e-07 2.38026e-07 1.05835e-07 4.7664e-08 2.17176e-08 9.99908e-09 4.64622e-09 2.17629e-09 1.02643e-09 4.86941e-10 2.32073e-10 1.10903e-10 5.2916e-11 2.49299e-11 1.12672e-11 5.42236e-12 2.61818e-12 1.26791e-12 6.15629e-13 2.99617e-13 1.46127e-13 7.14047e-14 3.49534e-14 1.71385e-14 8.41673e-15 4.1398e-15 2.03901e-15 1.00504e-15 4.94304e-16 2.45351e-16
8.27538e-06 2.73069e-07 1.1953e-07 5.30214e-08 2.38133e-08 1.08178e-08 4.96511e-09 2.29982e-09 1.07386e-09 5.0489e-10 2.38714e-10 1.13269e-10 5.37015e-11 2.51535e-11 1.1308e-11 5.42236e-12 2.60971e-12 1.26013e-12 6.10245e-13 2.96289e-13 1.44189e-13 7.03152e-14 3.43547e-14 1.68142e-14 8.24278e-15 4.04713e-15 1.9901e-15 9.79933e-16 4.82876e-16 2.37431e-16 1.17807e-16
4.52382e-06 1.37086e-07 5.99106e-08 2.65213e-08 1.18833e-08 5.38432e-09 2.46454e-09 1.13837e-09 5.30009e-10 2.48397e-10 1.16937e-10 5.50448e-11 2.56091e-11 1.14318e-11 5.45967e-12 2.61818e-12 1.26013e-12 6.0847e-13 2.94652e-13 1.43051e-13 6.96081e-14 3.39406e-14 1.658e-14 8.11322e-15 3.97646e-15 1.95193e-15 9.5957e-16 4.72361e-16 2.32694e-16 1.14387e-16 5.67337e-17
2.45894e-06 6.86948e-08 2.99807e-08 1.32487e-08 5.92416e-09 2.67817e-09 1.2229e-09 5.63401e-10 2.61533e-10 1.22057e-10 5.6999e-11 2.6314e-11 1.16428e-11 5.53554e-12 2.64389e-12 1.26791e-12 6.10245e-13 2.94652e-13 1.42675e-13 6.92601e-14 3.36974e-14 1.6428e-14 8.02364e-15 3.92544e-15 1.92349e-15 9.43948e-16 4.63916e-16 2.28301e-16 1.12431e-16 5.52542e-17 2.73943e-17
1.32959e-06 3.43721e-08 1.49834e-08 6.61126e-09 2.95094e-09 1.33137e-09 6.0656e-10 2.78688e-10 1.28843e-10 5.96425e-11 2.72952e-11 1.19483e-11 5.65254e-12 2.68768e-12 1.28373e-12 6.15629e-13 2.96289e-13 1.43051e-13 6.92601e-14 3.36172e-14 1.63533e-14 7.97105e-15 3.89235e-15 1.90384e-15 9.32664e-16 4.57579e-16 2.24819e-16 1.10604e-16 5.44523e-17 2.67535e-17 1.32588e-17
7.15487e-07 1.71772e-08 7.48019e-09 3.29616e-09 1.46889e-09 6.61457e-10 3.00619e-10 1.37583e-10 6.30835e-11 2.8591e-11 1.23592e-11 5.81472e-12 2.75104e-12 1.30811e-12 6.24797e-13 2.99617e-13 1.44189e-13 6.96081e-14 3.36974e-14 1.63533e-14 7.95371e-15 3.87608e-15 1.89231e-15 9.2535e-16 4.53198e-16 2.22284e-16 1.09181e-16 5.36972e-17 2.64279e-17 1.29811e-17 6.4308e-18
3.83333e-07 8.57555e-09 3.73103e-09 1.64211e-09 7.30656e-10 3.28315e-10 1.48657e-10 6.7466e-11 3.02534e-11 1.28901e-11 6.02777e-12 2.83615e-12 1.34188e-12 6.38055e-13 3.04744e-13 1.46127e-13 7.03152e-14 3.39406e-14 1.6428e-14 7.97105e-15 3.87608e-15 1.88851e-15 9.21755e-16 4.50628e-16 2.2064e-16 1.08189e-16 5.3124e-17 2.61192e-17 1.28509e-17 6.31055e-18 3.12501e-18
2.04551e-07 4.27768e-09 1.85958e-09 8.17464e-10 3.63054e-10 1.62558e-10 7.29778e-11 3.23504e-11 1.35607e-11 6.29942e-12 2.94603e-12 1.3862e-12 6.55853e-13 3.11842e-13 1.48929e-13 7.14047e-14 3.43547e-14 1.658e-14 8.02364e-15 3.89235e-15 1.89231e-15 9.21755e-16 4.49782e-16 2.19831e-16 1.07605e-16 5.27478e-17 2.5893e-17 1.27267e-17 6.25972e-18 3.07306e-18 1.5212e-18
1.0875e-07 2.13228e-09 9.26129e-10 4.06483e-10 1.79922e-10 7.98619e-11 3.49705e-11 1.43968e-11 6.63981e-12 3.08467e-12 1.44265e-12 6.78812e-13 3.21154e-13 1.52689e-13 7.29127e-14 3.49534e-14 1.68142e-14 8.11322e-15 3.92544e-15 1.90384e-15 9.2535e-16 4.50628e-16 2.19831e-16 1.07413e-16 5.25626e-17 2.57584e-17 1.26405e-17 6.21095e-18 3.05395e-18 1.49887e-18 7.41668e-19
5.76212e-08 1.0621e-09 4.60708e-10 2.01563e-10 8.84297e-11 3.82273e-11 1.54314e-11 7.06205e-12 3.2573e-12 1.51332e-12 7.07758e-13 3.33008e-13 1.57537e-13 7.48908e-14 3.5757e-14 1.71385e-14 8.24278e-15 3.97646e-15 1.92349e-15 9.32664e-16 4.53198e-16 2.2064e-16 1.07605e-16 5.25626e-17 2.57139e-17 1.25973e-17 6.17998e-18 3.0356e-18 1.49215e-18 7.32146e-19 3.6214e-19
3.04345e-08 5.28422e-10 2.28522e-10 9.90792e-11 4.22659e-11 1.67066e-11 7.58295e-12 3.47062e-12 1.60087e-12 7.4376e-13 3.47833e-13 1.63646e-13 7.7408e-14 3.6793e-14 1.75639e-14 8.41673e-15 4.04713e-15 1.95193e-15 9.43948e-16 4.57579e-16 2.22284e-16 1.08189e-16 5.27478e-17 2.57584e-17 1.25973e-17 6.16957e-18 3.02571e-18 1.48575e-18 7.30089e-19 3.58133e-19 1.77075e-19
1.60253e-08 2.62123e-10 1.12315e-10 4.72704e-11 1.82758e-11 8.22372e-12 3.73308e-12 1.7087e-12 7.88177e-13 3.66174e-13 1.71235e-13 8.05526e-14 3.80972e-14 1.81048e-14 8.64087e-15 4.1398e-15 1.9901e-15 9.5957e-16 4.63916e-16 2.24819e-16 1.09181e-16 5.3124e-17 2.5893e-17 1.26405e-17 6.17998e-18 3.02571e-18 1.48341e-18 7.28179e-19 3.5771e-19 1.75422e-19 8.67023e-20
8.40786e-09 1.2877e-10 5.34693e-11 2.02041e-11 9.01013e-12 4.05492e-12 1.84086e-12 8.42625e-13 3.88676e-13 1.80561e-13 8.44275e-14 3.97106e-14 1.87777e-14 8.92174e-15 4.25706e-15 2.03901e-15 9.79933e-16 4.72361e-16 2.28301e-16 1.10604e-16 5.36972e-17 2.61192e-17 1.27267e-17 6.21095e-18 3.0356e-18 1.48575e-18 7.28179e-19 3.57335e-19 1.75481e-19 8.60331e-20 4.25058e-20
4.38447e-09 6.11253e-11 2.25613e-11 9.96919e-12 4.44652e-12 2.00133e-12 9.08622e-13 4.15912e-13 1.91839e-13 8.91116e-14 4.16617e-14 1.95923e-14 9.26258e-15 4.39987e-15 2.0989e-15 1.00504e-15 4.82876e-16 2.32694e-16 1.12431e-16 5.44523e-17 2.64279e-17 1.28509e-17 6.25972e-18 3.05395e-18 1.49215e-18 7.30089e-19 3.5771e-19 1.75481e-19 8.61492e-20 4.22252e-20 2.08542e-20
2.24973e-09 2.53783e-11 1.11091e-11 4.90931e-12 2.18985e-12 9.85668e-13 4.47503e-13 2.04832e-13 9.44718e-14 4.38788e-14 2.05115e-14 9.64436e-15 4.55866e-15 2.16498e-15 1.03254e-15 4.94304e-16 2.37431e-16 1.14387e-16 5.52542e-17 2.67535e-17 1.29811e-17 6.31055e-18 3.07306e-18 1.49887e-18 7.32146e-19 3.58133e-19 1.75422e-19 8.60331e-20 4.22252e-20 2.06916e-20 1.0216e-20
1.17439e-09 1.26053e-11 5.51994e-12 2.44013e-12 1.08871e-12 4.90119e-13 2.22539e-13 1.01862e-13 4.69776e-14 2.18167e-14 1.01965e-14 4.79321e-15 2.26501e-15 1.07535e-15 5.12692e-16 2.45351e-16 1.17807e-16 5.67337e-17 2.73943e-17 1.32588e-17 6.4308e-18 3.12501e-18 1.5212e-18 7.41668e-19 3.6214e-19 1.77075e-19 8.67023e-20 4.25058e-20 2.08542e-20 1.0216e-20 5.04173e-21
