0.598272 0.128164 0.0274558 0.00588168 0.00126 0.000269921 5.78235e-05 1.23872e-05 2.65363e-06 5.6847e-07 1.2178e-07 2.60881e-08 5.58869e-09 1.19723e-09 2.56475e-10 5.49431e-11 1.17701e-11 2.52144e-12 5.40152e-13 1.15713e-13 2.47886e-14 5.3103e-15 1.13759e-15 2.43699e-16 5.22062e-17 1.11838e-17 2.39584e-18 5.13245e-19 1.09949e-19 2.35538e-20 5.04578e-21 1.08093e-21 2.3156e-22 4.96056e-23 1.06267e-23 2.27649e-24 4.87679e-25 1.04472e-25 2.23805e-26 4.79443e-27 1.02708e-27 2.20025e-28 4.71346e-29 1.00973e-29 2.16309e-30 4.63386e-31 9.92682e-32 2.12656e-32 4.5556e-33 9.75918e-34 2.09065e-34 4.47866e-35 9.59436e-36 2.05534e-36 4.40303e-37 9.43233e-38 2.02063e-38 4.32867e-39 9.27304e-40 1.98651e-40 4.25557e-41 9.11644e-42 1.95296e-42 4.1837e-43 8.96248e-44 1.91998e-44 4.11304e-45 8.81112e-46 1.88755e-46 4.04358e-47 8.66231e-48 1.85567e-48 3.97529e-49 8.51602e-50 1.82433e-50 3.90816e-51 8.3722e-52 1.79352e-52 3.84216e-53 8.23081e-54 1.76324e-54 3.77727e-55 8.09181e-56 1.73346e-56 3.71348e-57 7.95515e-58 1.70418e-58 3.65077e-59 7.82081e-60 1.6754e-60 3.58911e-61 7.68873e-62 1.64711e-62 3.5285e-63 7.55888e-64 1.61929e-64 3.46891e-65 7.43122e-66 1.59194e-66 3.41032e-67 7.30572e-68
0.128164 0.0389262 0.0107961 0.00283918 0.000720987 0.00017861 4.34376e-05 1.0414e-05 2.46841e-06 5.7967e-07 1.35078e-07 3.12718e-08 7.19933e-09 1.64942e-09 3.76298e-10 8.55293e-11 1.93758e-11 4.37642e-12 9.85875e-13 2.21554e-13 4.96807e-14 1.1118e-14 2.48356e-15 5.53848e-16 1.2332e-16 2.74189e-17 6.08821e-18 1.35017e-18 2.99079e-19 6.61779e-20 1.46285e-20 3.23051e-21 7.12775e-22 1.57133e-22 3.46127e-23 7.6186e-24 1.67573e-24 3.68331e-25 8.09084e-26 1.77616e-26 3.89687e-27 8.54495e-28 1.87272e-28 4.10217e-29 8.98141e-30 1.9655e-30 4.29942e-31 9.4007e-32 2.05463e-32 4.48884e-33 9.80327e-34 2.14018e-34 4.67063e-35 1.01896e-35 2.22225e-36 4.845e-37 1.056e-37 2.30094e-38 5.01216e-39 1.0915e-39 2.37634e-40 5.17228e-41 1.1255e-41 2.44854e-42 5.32557e-43 1.15805e-43 2.51762e-44 5.4722e-45 1.18917e-45 2.58367e-46 5.61236e-47 1.21891e-47 2.64677e-48 5.74623e-49 1.24731e-49 2.707e-50 5.87397e-51 1.2744e-51 2.76445e-52 5.99576e-53 1.30022e-53 2.81918e-54 6.11177e-55 1.3248e-55 2.87127e-56 6.22214e-57 1.34818e-57 2.9208e-58 6.32704e-59 1.3704e-59 2.96784e-60 6.42663e-61 1.39148e-61 3.01245e-62 6.52104e-63 1.41145e-63 3.05472e-64 6.61044e-65 1.43036e-65 3.09469e-66 6.69495e-67
0.0274558 0.0107961 0.0035855 0.00108785 0.000311636 8.5758e-05 2.29044e-05 5.97697e-06 1.53095e-06 3.8619e-07 9.61797e-08 2.36939e-08 5.78251e-09 1.39973e-09 3.36397e-10 8.03322e-11 1.90745e-11 4.50605e-12 1.05957e-12 2.48104e-13 5.78728e-14 1.34521e-14 3.11672e-15 7.19964e-16 1.65853e-16 3.81084e-17 8.73535e-18 1.99789e-18 4.55989e-19 1.03869e-19 2.36168e-20 5.36047e-21 1.21472e-21 2.74838e-22 6.20932e-23 1.40091e-23 3.1565e-24 7.10328e-25 1.5966e-25 3.58461e-26 8.03932e-27 1.80114e-27 4.03135e-28 9.01451e-29 2.01392e-29 4.49537e-30 1.0026e-30 2.23432e-31 4.97541e-32 1.10712e-32 2.46177e-33 5.47025e-34 1.21473e-34 2.69573e-35 5.97869e-36 1.32519e-36 2.93564e-37 6.4996e-38 1.43826e-38 3.181e-39 7.03189e-40 1.55371e-40 3.43132e-41 7.5745e-42 1.6713e-42 3.68611e-43 8.12644e-44 1.79083e-44 3.94493e-45 8.68672e-46 1.9121e-46 4.20733e-47 9.25442e-48 2.03489e-48 4.47289e-49 9.82863e-50 2.15903e-50 4.74122e-51 1.04085e-51 2.28433e-52 5.01191e-53 1.09932e-53 2.41061e-54 5.28461e-55 1.1582e-55 2.53772e-56 5.55895e-57 1.21741e-57 2.66548e-58 5.8346e-59 1.27687e-59 2.79374e-60 6.11122e-61 1.33652e-61 2.92236e-62 6.38851e-63 1.3963e-63 3.05119e-64 6.66617e-65 1.45613e-65 3.18011e-66
0.00588168 0.00283918 0.00108785 0.000370286 0.000117017 3.51126e-05 1.01372e-05 2.84005e-06 7.76672e-07 2.08207e-07 5.48881e-08 1.42643e-08 3.66141e-09 9.29714e-10 2.33831e-10 5.83129e-11 1.44318e-11 3.54728e-12 8.66498e-13 2.10463e-13 5.08548e-14 1.22297e-14 2.92815e-15 6.98235e-16 1.65871e-16 3.92658e-17 9.26476e-18 2.17932e-18 5.11165e-19 1.19571e-19 2.7899e-20 6.49394e-21 1.50815e-21 3.49502e-22 8.08299e-23 1.86577e-23 4.2988e-24 9.88736e-25 2.27034e-25 5.20492e-26 1.19146e-26 2.72343e-27 6.2166e-28 1.41714e-28 3.22642e-29 7.33667e-30 1.66636e-30 3.78049e-31 8.56756e-32 1.93961e-32 4.38665e-33 9.91134e-34 2.23731e-34 5.04577e-35 1.13697e-35 2.55981e-36 5.75852e-37 1.29441e-37 2.90738e-38 6.52545e-39 1.46355e-39 3.28023e-40 7.34696e-41 1.64447e-41 3.6785e-42 8.22332e-43 1.83723e-43 4.10229e-44 9.15467e-45 2.04183e-45 4.5516e-46 1.0141e-46 2.25828e-47 5.02643e-48 1.11823e-48 2.48655e-49 5.52669e-50 1.22783e-50 2.72659e-51 6.05226e-52 1.34287e-52 2.97833e-53 6.60298e-54 1.46331e-54 3.24168e-55 7.17862e-56 1.58911e-56 3.51652e-57 7.77895e-58 1.72021e-58 3.80273e-59 8.40367e-60 1.85654e-60 4.10017e-61 9.05246e-62 1.99803e-62 4.40867e-63 9.72498e-64 2.1446e-64 4.72807e-65 1.04208e-65
0.00126 0.000720987 0.000311636 0.000117017 4.0242e-05 1.30161e-05 4.02181e-06 1.19912e-06 3.47376e-07 9.8267e-08 2.72463e-08 7.42598e-09 1.99405e-09 5.2851e-10 1.3847e-10 3.59078e-11 9.22587e-12 2.3507e-12 5.9442e-13 1.49273e-13 3.72487e-14 9.24065e-15 2.28007e-15 5.59787e-16 1.36797e-16 3.32848e-17 8.06598e-18 1.94724e-18 4.68419e-19 1.12303e-19 2.68398e-20 6.39544e-21 1.51962e-21 3.60114e-22 8.51223e-23 2.00724e-23 4.72237e-24 1.10859e-24 2.59705e-25 6.0719e-26 1.41691e-26 3.30044e-27 7.67438e-28 1.78152e-28 4.12896e-29 9.55482e-30 2.20781e-30 5.09429e-31 1.17384e-31 2.70124e-32 6.20818e-33 1.42506e-33 3.26727e-34 7.48239e-35 1.71165e-35 3.91135e-36 8.92869e-37 2.03617e-37 4.63893e-38 1.05588e-38 2.40111e-39 5.4554e-40 1.23842e-40 2.80897e-41 6.36611e-42 1.44165e-42 3.26221e-43 7.37634e-44 1.66669e-44 3.76325e-45 8.49128e-46 1.91466e-46 4.31448e-47 9.71602e-48 2.18665e-48 4.91822e-49 1.10556e-49 2.48373e-50 5.57676e-51 1.25148e-51 2.80692e-52 6.29232e-53 1.40984e-53 3.15725e-54 7.06705e-55 1.5811e-55 3.5357e-56 7.90304e-57 1.7657e-57 3.94322e-58 8.80232e-59 1.96409e-59 4.38071e-60 9.76683e-61 2.17666e-61 4.84907e-62 1.07984e-62 2.40382e-63 5.34913e-64 1.18989e-64 2.64595e-65
0.000269921 0.00017861 8.5758e-05 3.51126e-05 1.30161e-05 4.50148e-06 1.47811e-06 4.66065e-07 1.42219e-07 4.22362e-08 1.22592e-08 3.48903e-09 9.76188e-10 2.69062e-10 7.31818e-11 1.96698e-11 5.2307e-12 1.37761e-12 3.59646e-13 9.314e-14 2.39439e-14 6.11366e-15 1.55123e-15 3.91309e-16 9.81756e-17 2.45068e-17 6.08852e-18 1.50593e-18 3.70924e-19 9.10031e-20 2.22441e-20 5.41812e-21 1.31535e-21 3.18321e-22 7.68051e-23 1.84791e-23 4.43398e-24 1.06117e-24 2.53342e-25 6.03403e-26 1.43393e-26 3.40026e-27 8.04635e-28 1.90031e-28 4.47943e-29 1.05396e-29 2.47551e-30 5.80453e-31 1.35882e-31 3.17594e-32 7.4118e-33 1.72719e-33 4.01921e-34 9.34001e-35 2.1676e-35 5.02409e-36 1.16304e-36 2.68914e-37 6.2105e-38 1.43268e-38 3.3014e-39 7.59949e-40 1.74753e-40 4.01447e-41 9.21318e-42 2.11242e-42 4.83895e-43 1.10747e-43 2.53242e-44 5.7859e-45 1.32083e-45 3.01282e-46 6.86685e-47 1.5639e-47 3.55908e-48 8.09373e-49 1.83929e-49 4.17688e-50 9.47892e-51 2.1497e-51 4.87209e-52 1.10351e-52 2.49788e-53 5.65072e-54 1.27755e-54 2.8867e-55 6.51898e-56 1.47135e-56 3.31907e-57 7.48319e-58 1.68628e-58 3.79798e-59 8.54984e-60 1.92376e-60 4.32648e-61 9.72554e-62 2.18521e-62 4.90766e-63 1.1017e-63 2.47208e-64 5.54468e-65
5.78235e-05 4.34376e-05 2.29044e-05 1.01372e-05 4.02181e-06 1.47811e-06 5.13016e-07 1.70249e-07 5.4485e-08 1.692e-08 5.12235e-09 1.5172e-09 4.4092e-10 1.26012e-10 3.54829e-11 9.85963e-12 2.70715e-12 7.3529e-13 1.97753e-13 5.27066e-14 1.39317e-14 3.65443e-15 9.51825e-16 2.46283e-16 6.33358e-17 1.61948e-17 4.11881e-18 1.04227e-18 2.62503e-19 6.58185e-20 1.64336e-20 4.0868e-21 1.0125e-21 2.49948e-22 6.14931e-23 1.50797e-23 3.68656e-24 8.98603e-25 2.1842e-25 5.2948e-26 1.28023e-26 3.08784e-27 7.43007e-28 1.7838e-28 4.27317e-29 1.02151e-29 2.43702e-30 5.80271e-31 1.37908e-31 3.2716e-32 7.74774e-33 1.83172e-33 4.32349e-34 1.01889e-34 2.3975e-35 5.63312e-36 1.32166e-36 3.09663e-37 7.24563e-38 1.69316e-38 3.95159e-39 9.21112e-40 2.14455e-40 4.9872e-41 1.15848e-41 2.6881e-42 6.23075e-43 1.44273e-43 3.33726e-44 7.71204e-45 1.78046e-45 4.10667e-46 9.4635e-47 2.17885e-47 5.0122e-48 1.15202e-48 2.64567e-49 6.07099e-50 1.39201e-50 3.18926e-51 7.30148e-52 1.67037e-52 3.81859e-53 8.72342e-54 1.99146e-54 4.54323e-55 1.03579e-55 2.35992e-56 5.37341e-57 1.22274e-57 2.78069e-58 6.31995e-59 1.43556e-59 3.25898e-60 7.39434e-61 1.67679e-61 3.80034e-62 8.60869e-63 1.94907e-63 4.41058e-64 9.97578e-65
1.23872e-05 1.0414e-05 5.97697e-06 2.84005e-06 1.19912e-06 4.66065e-07 1.70249e-07 5.92351e-08 1.98126e-08 6.4132e-09 2.0191e-09 6.20694e-10 1.86884e-10 5.52487e-11 1.60699e-11 4.60665e-12 1.30335e-12 3.64391e-13 1.00778e-13 2.75963e-14 7.488e-15 2.01473e-15 5.37862e-16 1.4255e-16 3.75252e-17 9.81581e-18 2.55241e-18 6.60015e-19 1.69777e-19 4.34562e-20 1.10712e-20 2.80811e-21 7.09268e-22 1.78434e-22 4.47196e-23 1.11674e-23 2.77915e-24 6.89359e-25 1.70458e-25 4.20228e-26 1.03301e-26 2.53237e-27 6.1916e-28 1.50999e-28 3.67356e-29 8.91619e-30 2.15919e-30 5.21741e-31 1.25808e-31 3.02748e-32 7.27119e-33 1.74304e-33 4.17079e-34 9.96232e-35 2.37553e-35 5.65509e-36 1.34407e-36 3.18956e-37 7.55758e-38 1.78813e-38 4.22472e-39 9.96776e-40 2.34863e-40 5.52669e-41 1.29887e-41 3.0488e-42 7.14779e-43 1.67381e-43 3.91514e-44 9.14756e-45 2.13498e-45 4.97766e-46 1.15934e-46 2.69748e-47 6.2702e-48 1.45609e-48 3.37825e-49 7.83066e-50 1.8135e-50 4.19623e-51 9.70133e-52 2.241e-52 5.17247e-53 1.19291e-53 2.74904e-54 6.33026e-55 1.45659e-55 3.34916e-56 7.69525e-57 1.76687e-57 4.05404e-58 9.29562e-59 2.13001e-59 4.87756e-60 1.11622e-60 2.55284e-61 5.83488e-62 1.33285e-62 3.04279e-63 6.94246e-64 1.5831e-64
2.65363e-06 2.46841e-06 1.53095e-06 7.76672e-07 3.47376e-07 1.42219e-07 5.4485e-08 1.98126e-08 6.90595e-09 2.3239e-09 7.59017e-10 2.41618e-10 7.52108e-11 2.29541e-11 6.88367e-12 2.03212e-12 5.9145e-13 1.69939e-13 4.82578e-14 1.3557e-14 3.77099e-15 1.03936e-15 2.84047e-16 7.70161e-17 2.07286e-17 5.54069e-18 1.47146e-18 3.88415e-19 1.01943e-19 2.66116e-20 6.91143e-21 1.78634e-21 4.59588e-22 1.17728e-22 3.00326e-23 7.63113e-24 1.93174e-24 4.87246e-25 1.22477e-25 3.06852e-26 7.66362e-27 1.90821e-27 4.7376e-28 1.17295e-28 2.89623e-29 7.13293e-30 1.75236e-30 4.29474e-31 1.05014e-31 2.56206e-32 6.23728e-33 1.51529e-33 3.67387e-34 8.89007e-35 2.14717e-35 5.17648e-36 1.24576e-36 2.99286e-37 7.17821e-38 1.71887e-38 4.10949e-39 9.81001e-40 2.33834e-40 5.56569e-41 1.32288e-41 3.14e-42 7.44324e-43 1.76211e-43 4.16633e-44 9.8388e-45 2.32065e-45 5.46727e-46 1.28658e-46 3.02425e-47 7.10114e-48 1.66563e-48 3.90281e-49 9.13562e-50 2.13633e-50 4.99091e-51 1.16488e-51 2.71631e-52 6.32826e-53 1.47301e-53 3.42571e-54 7.96024e-55 1.84817e-55 4.2875e-56 9.93847e-57 2.30195e-57 5.3277e-58 1.23213e-58 2.84745e-59 6.57568e-60 1.51746e-60 3.4994e-61 8.06441e-62 1.85721e-62 4.2743e-63 9.83079e-64 2.25963e-64
5.6847e-07 5.7967e-07 3.8619e-07 2.08207e-07 9.8267e-08 4.22362e-08 1.692e-08 6.4132e-09 2.3239e-09 8.11146e-10 2.74273e-10 9.02358e-11 2.89867e-11 9.11738e-12 2.81449e-12 8.54332e-13 2.55424e-13 7.53198e-14 2.19326e-14 6.31331e-15 1.79806e-15 5.07086e-16 1.41708e-16 3.92664e-17 1.07946e-17 2.94554e-18 7.98185e-19 2.14881e-19 5.74931e-20 1.52934e-20 4.04575e-21 1.0647e-21 2.7881e-22 7.2668e-23 1.88553e-23 4.87157e-24 1.25353e-24 3.21301e-25 8.20489e-26 2.08778e-26 5.29437e-27 1.3382e-27 3.37178e-28 8.47004e-29 2.12152e-29 5.29899e-30 1.31998e-30 3.27953e-31 8.12766e-32 2.0094e-32 4.95622e-33 1.2197e-33 2.99504e-34 7.33891e-35 1.79461e-35 4.37969e-36 1.06679e-36 2.59361e-37 6.2942e-38 1.52479e-38 3.68755e-39 8.90311e-40 2.14607e-40 5.1649e-41 1.24113e-41 2.97799e-42 7.13509e-43 1.70711e-43 4.07874e-44 9.73213e-45 2.31911e-45 5.51923e-46 1.31188e-46 3.11447e-47 7.38511e-48 1.74915e-48 4.13812e-49 9.77909e-50 2.30847e-50 5.44365e-51 1.28235e-51 3.01775e-52 7.09462e-53 1.6663e-53 3.90991e-54 9.1659e-55 2.14678e-55 5.02358e-56 1.17452e-56 2.74368e-57 6.40387e-58 1.49346e-58 3.48012e-59 8.10309e-60 1.88525e-60 4.38286e-61 1.01817e-61 2.36355e-62 5.4827e-63 1.27092e-63 2.944e-64
1.2178e-07 1.35078e-07 9.61797e-08 5.48881e-08 2.72463e-08 1.22592e-08 5.12235e-09 2.0191e-09 7.59017e-10 2.74273e-10 9.58384e-11 3.25331e-11 1.0768e-11 3.48541e-12 1.10598e-12 3.44744e-13 1.05743e-13 3.19632e-14 9.53327e-15 2.80869e-15 8.18189e-16 2.35862e-16 6.73356e-17 1.90503e-17 5.34431e-18 1.48746e-18 4.10937e-19 1.12738e-19 3.07261e-20 8.32229e-21 2.2409e-21 6.00039e-22 1.59822e-22 4.23553e-23 1.11711e-23 2.93293e-24 7.66674e-25 1.99577e-25 5.17459e-26 1.33654e-26 3.43954e-27 8.82042e-28 2.2543e-28 5.74282e-29 1.45841e-29 3.69259e-30 9.32225e-31 2.34691e-31 5.89251e-32 1.47561e-32 3.68596e-33 9.1848e-34 2.28332e-34 5.66332e-35 1.40158e-35 3.46123e-36 8.52989e-37 2.09788e-37 5.14952e-38 1.26162e-38 3.08524e-39 7.53128e-40 1.83523e-40 4.46454e-41 1.08429e-41 2.62913e-42 6.36504e-43 1.5386e-43 3.71369e-44 8.95064e-45 2.15421e-45 5.17753e-46 1.24272e-46 2.97886e-47 7.13134e-48 1.70509e-48 4.07182e-49 9.71205e-50 2.31379e-50 5.50604e-51 1.30878e-51 3.10756e-52 7.37066e-53 1.74637e-53 4.13351e-54 9.7738e-55 2.30877e-55 5.44849e-56 1.28458e-56 3.02581e-57 7.12078e-58 1.67427e-58 3.93316e-59 9.23178e-60 2.16502e-60 5.07318e-61 1.18781e-61 2.77884e-62 6.49594e-63 1.51735e-63 3.54162e-64
2.60881e-08 3.12718e-08 2.36939e-08 1.42643e-08 7.42598e-09 3.48903e-09 1.5172e-09 6.20694e-10 2.41618e-10 9.02358e-11 3.25331e-11 1.1378e-11 3.87493e-12 1.28905e-12 4.19944e-13 1.34263e-13 4.22037e-14 1.30629e-14 3.98661e-15 1.20099e-15 3.5751e-16 1.05253e-16 3.06705e-17 8.85223e-18 2.53223e-18 7.18316e-19 2.02169e-19 5.64806e-20 1.56695e-20 4.31862e-21 1.18284e-21 3.2206e-22 8.7198e-23 2.34831e-23 6.29204e-24 1.67772e-24 4.45282e-25 1.17659e-25 3.0958e-26 8.11253e-27 2.11761e-27 5.50695e-28 1.42697e-28 3.68482e-29 9.48359e-30 2.43297e-30 6.22242e-31 1.58667e-31 4.03426e-32 1.0229e-32 2.58665e-33 6.52395e-34 1.64131e-34 4.11922e-35 1.03136e-35 2.57642e-36 6.42178e-37 1.5972e-37 3.9642e-38 9.81902e-39 2.4273e-39 5.98889e-40 1.47488e-40 3.6256e-41 8.89679e-42 2.17941e-42 5.32988e-43 1.30132e-43 3.1722e-44 7.72077e-45 1.8763e-45 4.55304e-46 1.10325e-46 2.66952e-47 6.45052e-48 1.55658e-48 3.75126e-49 9.02867e-50 2.17033e-50 5.21065e-51 1.2495e-51 2.99274e-52 7.15981e-53 1.71098e-53 4.0842e-54 9.73866e-55 2.3197e-55 5.51965e-56 1.31205e-56 3.11569e-57 7.39151e-58 1.75184e-58 4.14809e-59 9.81294e-60 2.3193e-60 5.4768e-61 1.29217e-61 3.04605e-62 7.17445e-63 1.68842e-63 3.97028e-64
5.58869e-09 7.19933e-09 5.78251e-09 3.66141e-09 1.99405e-09 9.76188e-10 4.4092e-10 1.86884e-10 7.52108e-11 2.89867e-11 1.0768e-11 3.87493e-12 1.35619e-12 4.63138e-13 1.54735e-13 5.06896e-14 1.63125e-14 5.16527e-15 1.61152e-15 4.95987e-16 1.5075e-16 4.52895e-17 1.34601e-17 3.96035e-18 1.15434e-18 3.33508e-19 9.55617e-20 2.71693e-20 7.66795e-21 2.14913e-21 5.98397e-22 1.65579e-22 4.55456e-23 1.24577e-23 3.38919e-24 9.17335e-25 2.47077e-25 6.62376e-26 1.76778e-26 4.69773e-27 1.24325e-27 3.27724e-28 8.60611e-29 2.25173e-29 5.8708e-30 1.52547e-30 3.95084e-31 1.02001e-31 2.62539e-32 6.73757e-33 1.72416e-33 4.4e-34 1.11988e-34 2.84293e-35 7.19904e-36 1.81856e-36 4.58309e-37 1.15238e-37 2.89113e-38 7.23776e-39 1.80813e-39 4.50784e-40 1.12162e-40 2.78539e-41 6.90415e-42 1.7082e-42 4.21883e-43 1.04014e-43 2.56008e-44 6.29067e-45 1.54327e-45 3.78008e-46 9.24471e-47 2.25753e-47 5.50474e-48 1.34035e-48 3.25905e-49 7.9135e-50 1.91896e-50 4.64721e-51 1.12399e-51 2.71511e-52 6.55058e-53 1.57852e-53 3.79933e-54 9.13405e-55 2.19345e-55 5.26153e-56 1.26074e-56 3.01768e-57 7.21553e-58 1.72353e-58 4.11275e-59 9.80431e-60 2.33497e-60 5.55562e-61 1.32062e-61 3.13636e-62 7.44189e-63 1.76423e-63 4.1788e-64
1.19723e-09 1.64942e-09 1.39973e-09 9.29714e-10 5.2851e-10 2.69062e-10 1.26012e-10 5.52487e-11 2.29541e-11 9.11738e-12 3.48541e-12 1.28905e-12 4.63138e-13 1.62194e-13 5.55188e-14 1.8618e-14 6.12855e-15 1.98355e-15 6.32136e-16 1.98612e-16 6.15892e-17 1.8868e-17 5.71536e-18 1.71312e-18 5.0846e-19 1.49526e-19 4.35926e-20 1.26055e-20 3.61712e-21 1.03039e-21 2.91501e-22 8.19286e-23 2.28838e-23 6.35405e-24 1.75437e-24 4.81787e-25 1.31629e-25 3.57861e-26 9.68342e-27 2.60844e-27 6.99604e-28 1.86859e-28 4.97095e-29 1.31732e-29 3.47803e-30 9.15005e-31 2.39893e-31 6.26853e-32 1.63275e-32 4.2396e-33 1.09756e-33 2.83313e-34 7.29263e-35 1.87205e-35 4.79298e-36 1.224e-36 3.11799e-37 7.92357e-38 2.00886e-38 5.08146e-39 1.28253e-39 3.23004e-40 8.11784e-41 2.03604e-41 5.09648e-42 1.27325e-42 3.17496e-43 7.90249e-44 1.96341e-44 4.86968e-45 1.20572e-45 2.98038e-46 7.3551e-47 1.81224e-47 4.4583e-48 1.09513e-48 2.68605e-49 6.57863e-50 1.60894e-50 3.92955e-51 9.58417e-52 2.33448e-52 5.67883e-53 1.37967e-53 3.34772e-54 8.11319e-55 1.96387e-55 4.74815e-56 1.14666e-56 2.76602e-57 6.66491e-58 1.60421e-58 3.85713e-59 9.2643e-60 2.22288e-60 5.32819e-61 1.27589e-61 3.05228e-62 7.29493e-63 1.74185e-63 4.15526e-64
2.56475e-10 3.76298e-10 3.36397e-10 2.33831e-10 1.3847e-10 7.31818e-11 3.54829e-11 1.60699e-11 6.88367e-12 2.81449e-12 1.10598e-12 4.19944e-13 1.54735e-13 5.55188e-14 1.94532e-14 6.67233e-15 2.24479e-15 7.4206e-16 2.41386e-16 7.73679e-17 2.44611e-17 7.63651e-18 2.35615e-18 7.19023e-19 2.17183e-19 6.49721e-20 1.92619e-20 5.662e-21 1.651e-21 4.77769e-22 1.37265e-22 3.91677e-23 1.11038e-23 3.12845e-24 8.76242e-25 2.44046e-25 6.76057e-26 1.86319e-26 5.10964e-27 1.39466e-27 3.78946e-28 1.02516e-28 2.76176e-29 7.41015e-30 1.98053e-30 5.27362e-31 1.39916e-31 3.69922e-32 9.74744e-33 2.5601e-33 6.70277e-34 1.74956e-34 4.55323e-35 1.18159e-35 3.05782e-36 7.89203e-37 2.03156e-37 5.2164e-38 1.33611e-38 3.41408e-39 8.70352e-40 2.21377e-40 5.61841e-41 1.42286e-41 3.59588e-42 9.06909e-43 2.28276e-43 5.7348e-44 1.43799e-44 3.59911e-45 8.99194e-46 2.24259e-46 5.58347e-47 1.38781e-47 3.44388e-48 8.53241e-49 2.11065e-49 5.21312e-50 1.28567e-50 3.16612e-51 7.78579e-52 1.91192e-52 4.68857e-53 1.14823e-53 2.8083e-54 6.85959e-55 1.67342e-55 4.07729e-56 9.92227e-57 2.41175e-57 5.85527e-58 1.41992e-58 3.43945e-59 8.32216e-60 2.01146e-60 4.85652e-61 1.17134e-61 2.82225e-62 6.79314e-63 1.63348e-63 3.92405e-64
5.49431e-11 8.55293e-11 8.03322e-11 5.83129e-11 3.59078e-11 1.96698e-11 9.85963e-12 4.60665e-12 2.03212e-12 8.54332e-13 3.44744e-13 1.34263e-13 5.06896e-14 1.8618e-14 6.67233e-15 2.33897e-15 8.0367e-16 2.71153e-16 8.99707e-17 2.93982e-17 9.47074e-18 3.0112e-18 9.4577e-19 2.93684e-19 9.02279e-20 2.74446e-20 8.26962e-21 2.46982e-21 7.31492e-22 2.14939e-22 6.26847e-23 1.81516e-23 5.22067e-24 1.49189e-24 4.23721e-25 1.19639e-25 3.35915e-26 9.38113e-27 2.60643e-27 7.20604e-28 1.98285e-28 5.43136e-29 1.48124e-29 4.02269e-30 1.08804e-30 2.93138e-31 7.86798e-32 2.10412e-32 5.60726e-33 1.4892e-33 3.94207e-34 1.04019e-34 2.73627e-35 7.1764e-36 1.8767e-36 4.89397e-37 1.27274e-37 3.30118e-38 8.54039e-39 2.20393e-39 5.67363e-40 1.45712e-40 3.73358e-41 9.54513e-42 2.43494e-42 6.19824e-43 1.57451e-43 3.99157e-44 1.00991e-44 2.55026e-45 6.4279e-46 1.61717e-46 4.06126e-47 1.01814e-47 2.54804e-48 6.36616e-49 1.58795e-49 3.9546e-50 9.83299e-51 2.4412e-51 6.05156e-52 1.49794e-52 3.70248e-53 9.13862e-54 2.25252e-54 5.54455e-55 1.36298e-55 3.34615e-56 8.20441e-57 2.00912e-57 4.91394e-58 1.20041e-58 2.92899e-59 7.1384e-60 1.73776e-60 4.22562e-61 1.02639e-61 2.4904e-62 6.0362e-63 1.46152e-63 3.53509e-64
1.17701e-11 1.93758e-11 1.90745e-11 1.44318e-11 9.22587e-12 5.2307e-12 2.70715e-12 1.30335e-12 5.9145e-13 2.55424e-13 1.05743e-13 4.22037e-14 1.63125e-14 6.12855e-15 2.24479e-15 8.0367e-16 2.81835e-16 9.69896e-17 3.28063e-17 1.09217e-17 3.58305e-18 1.15959e-18 3.70562e-19 1.17027e-19 3.65519e-20 1.12987e-20 3.45871e-21 1.04907e-21 3.15447e-22 9.40764e-23 2.78389e-23 8.17737e-24 2.38518e-24 6.91069e-25 1.98952e-25 5.69283e-26 1.61948e-26 4.58143e-27 1.28915e-27 3.60896e-28 1.00536e-28 2.78744e-29 7.69331e-30 2.11407e-30 5.78483e-31 1.57651e-31 4.27951e-32 1.1573e-32 3.11821e-33 8.37194e-34 2.24005e-34 5.97376e-35 1.58796e-35 4.20804e-36 1.11175e-36 2.92859e-37 7.69262e-38 2.01506e-38 5.26425e-39 1.37167e-39 3.56499e-40 9.24259e-41 2.39047e-41 6.16817e-42 1.58795e-42 4.07898e-43 1.0455e-43 2.6741e-44 6.82551e-45 1.73867e-45 4.42024e-46 1.12161e-46 2.84067e-47 7.18134e-48 1.81223e-48 4.56518e-49 1.14805e-49 2.88227e-50 7.22433e-51 1.80785e-51 4.51697e-52 1.12684e-52 2.80689e-53 6.98145e-54 1.73396e-54 4.30047e-55 1.0651e-55 2.63434e-56 6.50689e-57 1.60512e-57 3.9544e-58 9.72986e-59 2.39109e-59 5.86888e-60 1.43879e-60 3.52314e-61 8.61713e-62 2.10525e-62 5.13763e-63 1.25241e-63 3.04975e-64
2.52144e-12 4.37642e-12 4.50605e-12 3.54728e-12 2.3507e-12 1.37761e-12 7.3529e-13 3.64391e-13 1.69939e-13 7.53198e-14 3.19632e-14 1.30629e-14 5.16527e-15 1.98355e-15 7.4206e-16 2.71153e-16 9.69896e-17 3.40245e-17 1.17253e-17 3.97496e-18 1.32729e-18 4.37012e-19 1.42018e-19 4.55924e-20 1.44704e-20 4.54371e-21 1.41241e-21 4.34895e-22 1.32711e-22 4.01546e-23 1.20522e-23 3.58981e-24 1.06149e-24 3.1171e-25 9.0931e-26 2.63591e-26 7.59498e-27 2.17576e-27 6.19855e-28 1.75655e-28 4.95237e-29 1.38943e-29 3.87979e-30 1.07847e-30 2.98472e-31 8.22555e-32 2.25765e-32 6.17218e-33 1.681e-33 4.56141e-34 1.23334e-34 3.3233e-35 8.92495e-36 2.38911e-36 6.3753e-37 1.69606e-37 4.49881e-38 1.18989e-38 3.13834e-39 8.25493e-40 2.16561e-40 5.66669e-41 1.47908e-41 3.85119e-42 1.00038e-42 2.59259e-43 6.70377e-44 1.72961e-44 4.45292e-45 1.14401e-45 2.93311e-46 7.50511e-47 1.91663e-47 4.88528e-48 1.24288e-48 3.15631e-49 8.00117e-50 2.02474e-50 5.11498e-51 1.29001e-51 3.2481e-52 8.16525e-53 2.04941e-53 5.13593e-54 1.28515e-54 3.21107e-55 8.01151e-56 1.99601e-56 4.96597e-57 1.23382e-57 3.06139e-58 7.58601e-59 1.87736e-59 4.64012e-60 1.14543e-60 2.8241e-61 6.95452e-62 1.71058e-62 4.20255e-63 1.03131e-63 2.528e-64
5.40152e-13 9.85875e-13 1.05957e-12 8.66498e-13 5.9442e-13 3.59646e-13 1.97753e-13 1.00778e-13 4.82578e-14 2.19326e-14 9.53327e-15 3.98661e-15 1.61152e-15 6.32136e-16 2.41386e-16 8.99707e-17 3.28063e-17 1.17253e-17 4.11455e-18 1.41967e-18 4.82256e-19 1.61465e-19 5.33366e-20 1.73983e-20 5.60883e-21 1.78828e-21 5.6426e-22 1.76304e-22 5.45782e-23 1.67481e-23 5.0968e-24 1.53885e-24 4.61138e-25 1.372e-25 4.05424e-26 1.19023e-26 3.47248e-27 1.00706e-27 2.90388e-28 8.32753e-29 2.37553e-29 6.7422e-30 1.90424e-30 5.35301e-31 1.49798e-31 4.17364e-32 1.15795e-32 3.19961e-33 8.80627e-34 2.41452e-34 6.59581e-35 1.79537e-35 4.87008e-36 1.31662e-36 3.54791e-37 9.53039e-38 2.55221e-38 6.81441e-39 1.81419e-39 4.81628e-40 1.27512e-40 3.36691e-41 8.86717e-42 2.32938e-42 6.10412e-43 1.59575e-43 4.16185e-44 1.08297e-44 2.81176e-45 7.28443e-46 1.88317e-46 4.85826e-47 1.25081e-47 3.21396e-48 8.24232e-49 2.10977e-49 5.39032e-50 1.3747e-50 3.49968e-51 8.89396e-52 2.25644e-52 5.71514e-53 1.44518e-53 3.64857e-54 9.19693e-55 2.3147e-55 5.81693e-56 1.45965e-56 3.65744e-57 9.15137e-58 2.28659e-58 5.70555e-59 1.42175e-59 3.53812e-60 8.79349e-61 2.18271e-61 5.41113e-62 1.33982e-62 3.31344e-63 8.1846e-64 2.01933e-64
1.15713e-13 2.21554e-13 2.48104e-13 2.10463e-13 1.49273e-13 9.314e-14 5.27066e-14 2.75963e-14 1.3557e-14 6.31331e-15 2.80869e-15 1.20099e-15 4.95987e-16 1.98612e-16 7.73679e-17 2.93982e-17 1.09217e-17 3.97496e-18 1.41967e-18 4.98318e-19 1.7213e-19 5.85783e-20 1.96606e-20 6.51378e-21 2.13208e-21 6.8997e-22 2.20904e-22 7.00148e-23 2.19801e-23 6.83819e-24 2.10926e-24 6.4533e-25 1.95915e-25 5.90398e-26 1.7667e-26 5.25118e-27 1.55079e-27 4.5517e-28 1.32808e-28 3.85313e-29 1.11182e-29 3.1914e-30 9.1146e-31 2.59051e-31 7.32822e-32 2.06372e-32 5.78643e-33 1.61563e-33 4.49265e-34 1.24438e-34 3.4336e-35 9.43934e-36 2.58571e-36 7.05847e-37 1.92035e-37 5.2075e-38 1.40767e-38 3.79344e-39 1.01921e-39 2.73041e-40 7.29393e-41 1.9431e-41 5.16253e-42 1.36802e-42 3.61588e-43 9.53356e-44 2.50751e-44 6.57965e-45 1.7225e-45 4.49922e-46 1.17262e-46 3.04962e-47 7.91446e-48 2.04977e-48 5.29803e-49 1.3667e-49 3.51881e-50 9.0428e-51 2.31959e-51 5.93932e-52 1.51808e-52 3.87351e-53 9.86686e-54 2.50918e-54 6.3706e-55 1.61486e-55 4.08707e-56 1.03282e-56 2.60604e-57 6.56595e-58 1.65191e-58 4.15008e-59 1.04117e-59 2.6085e-60 6.52644e-61 1.63075e-61 4.06944e-62 1.01421e-62 2.52451e-63 6.2761e-64 1.55839e-64
2.47886e-14 4.96807e-14 5.78728e-14 5.08548e-14 3.72487e-14 2.39439e-14 1.39317e-14 7.488e-15 3.77099e-15 1.79806e-15 8.18189e-16 3.5751e-16 1.5075e-16 6.15892e-17 2.44611e-17 9.47074e-18 3.58305e-18 1.32729e-18 4.82256e-19 1.7213e-19 6.04338e-20 2.0896e-20 7.12302e-21 2.39601e-21 7.95981e-22 2.61358e-22 8.48766e-23 2.7279e-23 8.68171e-24 2.73744e-24 8.55567e-25 2.6517e-25 8.15325e-26 2.48792e-26 7.53691e-27 2.26746e-27 6.77653e-28 2.01241e-28 5.93996e-29 1.74306e-29 5.0863e-30 1.47621e-30 4.26223e-31 1.22448e-31 3.50085e-32 9.96259e-33 2.8224e-33 7.96121e-34 2.23623e-34 6.2559e-35 1.74323e-35 4.83911e-36 1.33836e-36 3.68829e-37 1.01291e-37 2.77235e-38 7.56319e-39 2.05674e-39 5.57584e-40 1.50707e-40 4.06149e-41 1.09144e-41 2.92487e-42 7.817e-43 2.08367e-43 5.53989e-44 1.46921e-44 3.88693e-45 1.02587e-45 2.70126e-46 7.09662e-47 1.86025e-47 4.86572e-48 1.26999e-48 3.30791e-49 8.59852e-50 2.23065e-50 5.77556e-51 1.49256e-51 3.84997e-52 9.91271e-53 2.54771e-53 6.53655e-54 1.67418e-54 4.28078e-55 1.09277e-55 2.78504e-56 7.08671e-57 1.80046e-57 4.56727e-58 1.15686e-58 2.92593e-59 7.3896e-60 1.86364e-60 4.6935e-61 1.18042e-61 2.96479e-62 7.43665e-63 1.86293e-63 4.66079e-64 1.1646e-64
5.3103e-15 1.1118e-14 1.34521e-14 1.22297e-14 9.24065e-15 6.11366e-15 3.65443e-15 2.01473e-15 1.03936e-15 5.07086e-16 2.35862e-16 1.05253e-16 4.52895e-17 1.8868e-17 7.63651e-18 3.0112e-18 1.15959e-18 4.37012e-19 1.61465e-19 5.85783e-20 2.0896e-20 7.3381e-21 2.53959e-21 8.67e-22 2.9223e-22 9.73238e-23 3.20483e-23 1.04415e-23 3.36777e-24 1.07591e-24 3.40626e-25 1.06916e-25 3.32849e-26 1.02817e-26 3.1524e-27 9.59683e-28 2.90171e-28 8.71659e-29 2.60208e-29 7.7212e-30 2.27794e-30 6.68325e-31 1.95035e-31 5.66241e-32 1.63581e-32 4.70312e-33 1.34595e-33 3.83471e-34 1.08782e-34 3.07303e-35 8.64603e-36 2.42306e-36 6.76488e-37 1.88172e-37 5.21548e-38 1.44054e-38 3.96545e-39 1.08801e-39 2.97571e-40 8.11336e-41 2.20546e-41 5.97754e-42 1.61548e-42 4.35383e-43 1.1702e-43 3.13688e-44 8.38713e-45 2.23683e-45 5.95092e-46 1.5794e-46 4.18195e-47 1.10477e-47 2.91198e-48 7.65869e-49 2.00997e-49 5.264e-50 1.37578e-50 3.58851e-51 9.34165e-52 2.42716e-52 6.2944e-53 1.62933e-53 4.20997e-54 1.08587e-54 2.79591e-55 7.18668e-56 1.8442e-56 4.72471e-57 1.20849e-57 3.08623e-58 7.86936e-59 2.0035e-59 5.09322e-60 1.29288e-60 3.27716e-61 8.29514e-62 2.09674e-62 5.29266e-63 1.33419e-63 3.35885e-64 8.44498e-65
1.13759e-15 2.48356e-15 3.11672e-15 2.92815e-15 2.28007e-15 1.55123e-15 9.51825e-16 5.37862e-16 2.84047e-16 1.41708e-16 6.73356e-17 3.06705e-17 1.34601e-17 5.71536e-18 2.35615e-18 9.4577e-19 3.70562e-19 1.42018e-19 5.33366e-20 1.96606e-20 7.12302e-21 2.53959e-21 8.92012e-22 3.08966e-22 1.05625e-22 3.56682e-23 1.19061e-23 3.93107e-24 1.28459e-24 4.15692e-25 1.33274e-25 4.2353e-26 1.33467e-26 4.17241e-27 1.29443e-27 3.98655e-28 1.21921e-28 3.70382e-29 1.11797e-29 3.35377e-30 1.00014e-30 2.9656e-31 8.74541e-32 2.56538e-32 7.48699e-33 2.17433e-33 6.28465e-34 1.80818e-34 5.17931e-35 1.47719e-35 4.19558e-36 1.18685e-36 3.3443e-37 9.38784e-38 2.6256e-38 7.3171e-39 2.03209e-39 5.62445e-40 1.55165e-40 4.26699e-41 1.16977e-41 3.19717e-42 8.71269e-43 2.36751e-43 6.41531e-44 1.73364e-44 4.67243e-45 1.25603e-45 3.36788e-46 9.0082e-47 2.40364e-47 6.39845e-48 1.69933e-48 4.50298e-49 1.19059e-49 3.14116e-50 8.26986e-51 2.17274e-51 5.69691e-52 1.49077e-52 3.89347e-53 1.01493e-53 2.64076e-54 6.85845e-55 1.77806e-55 4.60153e-56 1.1888e-56 3.06609e-57 7.89476e-58 2.02949e-58 5.20883e-59 1.33479e-59 3.4152e-60 8.72496e-61 2.22569e-61 5.66934e-62 1.44204e-62 3.66277e-63 9.29052e-64 2.35331e-64 5.953e-65
2.43699e-16 5.53848e-16 7.19964e-16 6.98235e-16 5.59787e-16 3.91309e-16 2.46283e-16 1.4255e-16 7.70161e-17 3.92664e-17 1.90503e-17 8.85223e-18 3.96035e-18 1.71312e-18 7.19023e-19 2.93684e-19 1.17027e-19 4.55924e-20 1.73983e-20 6.51378e-21 2.39601e-21 8.67e-22 3.08966e-22 1.08542e-22 3.76243e-23 1.28788e-23 4.35647e-24 1.45727e-24 4.82336e-25 1.58056e-25 5.13026e-26 1.65023e-26 5.26272e-27 1.66461e-27 5.22414e-28 1.62728e-28 5.03269e-29 1.5458e-29 4.7168e-30 1.43019e-30 4.31025e-31 1.29143e-31 3.84763e-32 1.14015e-32 3.36091e-33 9.85733e-34 2.87703e-34 8.35761e-35 2.4168e-35 6.95797e-36 1.99466e-36 5.69453e-37 1.61921e-37 4.58626e-38 1.29412e-38 3.63826e-39 1.01921e-39 2.84533e-40 7.91656e-41 2.19542e-41 6.06892e-42 1.67246e-42 4.59501e-43 1.25874e-43 3.43825e-44 9.36529e-45 2.544e-45 6.89212e-46 1.86233e-46 5.01946e-47 1.34951e-47 3.61944e-48 9.68444e-49 2.58523e-49 6.88555e-50 1.82984e-50 4.85226e-51 1.28396e-51 3.39041e-52 8.93448e-53 2.34973e-53 6.16759e-54 1.61577e-54 4.22502e-55 1.10275e-55 2.87302e-56 7.4719e-57 1.93985e-57 5.02762e-58 1.30086e-58 3.36034e-59 8.66632e-60 2.2315e-60 5.73698e-61 1.47267e-61 3.77463e-62 9.66053e-63 2.46886e-63 6.30048e-64 1.60561e-64 4.08608e-65
5.22062e-17 1.2332e-16 1.65853e-16 1.65871e-16 1.36797e-16 9.81756e-17 6.33358e-17 3.75252e-17 2.07286e-17 1.07946e-17 5.34431e-18 2.53223e-18 1.15434e-18 5.0846e-19 2.17183e-19 9.02279e-20 3.65519e-20 1.44704e-20 5.60883e-21 2.13208e-21 7.95981e-22 2.9223e-22 1.05625e-22 3.76243e-23 1.32199e-23 4.58565e-24 1.5715e-24 5.32433e-25 1.7845e-25 5.91999e-26 1.94491e-26 6.33088e-27 2.0427e-27 6.53577e-28 2.07448e-28 6.5342e-29 2.0431e-29 6.34359e-30 1.95637e-30 5.99453e-31 1.82539e-31 5.5253e-32 1.66284e-32 4.97661e-33 1.48146e-33 4.38729e-34 1.29281e-34 3.79118e-35 1.10659e-35 3.21538e-36 9.30203e-37 2.67966e-37 7.68767e-38 2.19673e-38 6.25279e-39 1.77312e-39 5.00972e-40 1.41041e-40 3.9571e-41 1.10649e-41 3.08387e-42 8.56762e-43 2.37288e-43 6.55204e-44 1.80383e-44 4.95183e-45 1.35555e-45 3.70063e-46 1.00757e-46 2.73613e-47 7.41125e-48 2.00245e-48 5.39728e-49 1.45128e-49 3.89329e-50 1.04205e-50 2.78287e-51 7.41563e-52 1.97185e-52 5.23225e-53 1.38552e-53 3.66152e-54 9.65728e-55 2.5422e-55 6.67944e-56 1.75172e-56 4.5856e-57 1.19826e-57 3.12569e-58 8.13936e-59 2.11593e-59 5.4915e-60 1.42289e-60 3.68093e-61 9.50735e-62 2.45183e-62 6.31336e-63 1.62324e-63 4.16741e-64 1.06837e-64 2.73504e-65
1.11838e-17 2.74189e-17 3.81084e-17 3.92658e-17 3.32848e-17 2.45068e-17 1.61948e-17 9.81581e-18 5.54069e-18 2.94554e-18 1.48746e-18 7.18316e-19 3.33508e-19 1.49526e-19 6.49721e-20 2.74446e-20 1.12987e-20 4.54371e-21 1.78828e-21 6.8997e-22 2.61358e-22 9.73238e-23 3.56682e-23 1.28788e-23 4.58565e-24 1.61149e-24 5.59347e-25 1.91896e-25 6.51107e-26 2.18622e-26 7.26809e-27 2.39355e-27 7.81193e-28 2.52783e-28 8.11292e-29 2.58348e-29 8.16534e-30 2.56225e-30 7.98501e-31 2.47202e-31 7.60438e-32 2.32496e-32 7.0665e-33 2.13562e-33 6.41892e-34 1.91911e-34 5.70845e-35 1.68962e-35 4.97715e-36 1.45936e-36 4.25989e-37 1.23807e-37 3.58314e-38 1.03278e-38 2.965e-39 8.47947e-40 2.41594e-40 6.85839e-41 1.94008e-41 5.46918e-42 1.53662e-42 4.3032e-43 1.20125e-43 3.34296e-44 9.27499e-45 2.56575e-45 7.07726e-46 1.94669e-46 5.33993e-47 1.46087e-47 3.98612e-48 1.08487e-48 2.94524e-49 7.97627e-50 2.15497e-50 5.80852e-51 1.56205e-51 4.19132e-52 1.12216e-52 2.99794e-53 7.99237e-54 2.12634e-54 5.64561e-55 1.49599e-55 3.9564e-56 1.04434e-56 2.75153e-57 7.23616e-58 1.89959e-58 4.97785e-59 1.30218e-59 3.40062e-60 8.86582e-61 2.30762e-61 5.99666e-62 1.55584e-62 4.03033e-63 1.04244e-63 2.6922e-64 6.94253e-65 1.7877e-65
2.39584e-18 6.08821e-18 8.73535e-18 9.26476e-18 8.06598e-18 6.08852e-18 4.11881e-18 2.55241e-18 1.47146e-18 7.98185e-19 4.10937e-19 2.02169e-19 9.55617e-20 4.35926e-20 1.92619e-20 8.26962e-21 3.45871e-21 1.41241e-21 5.6426e-22 2.20904e-22 8.48766e-23 3.20483e-23 1.19061e-23 4.35647e-24 1.5715e-24 5.59347e-25 1.96593e-25 6.82781e-26 2.34477e-26 7.96675e-27 2.67952e-27 8.92575e-28 2.94607e-28 9.63909e-29 3.12748e-29 1.00665e-29 3.21541e-30 1.01954e-30 3.21006e-31 1.00388e-31 3.11909e-32 9.6306e-33 2.9557e-33 9.0187e-34 2.73648e-34 8.2583e-35 2.47924e-35 7.40541e-36 2.20119e-36 6.51191e-37 1.91764e-37 5.62208e-38 1.64117e-38 4.77084e-39 1.38125e-39 3.98324e-40 1.14429e-40 3.27505e-41 9.33955e-42 2.654e-42 7.51598e-43 2.12138e-43 5.96808e-44 1.67368e-44 4.67913e-45 1.3042e-45 3.62448e-46 1.00438e-46 2.77541e-47 7.64833e-48 2.10204e-48 5.76206e-49 1.57544e-49 4.29673e-50 1.16899e-50 3.17278e-51 8.59113e-52 2.32094e-52 6.25603e-53 1.68259e-53 4.51563e-54 1.20932e-54 3.23193e-55 8.61984e-56 2.29441e-56 6.09529e-57 1.61616e-57 4.27716e-58 1.12986e-58 2.97925e-59 7.84178e-60 2.06046e-60 5.40463e-61 1.41526e-61 3.69987e-62 9.65671e-63 2.51638e-63 6.54696e-64 1.70071e-64 4.41125e-65 1.14246e-65
5.13245e-19 1.35017e-18 1.99789e-18 2.17932e-18 1.94724e-18 1.50593e-18 1.04227e-18 6.60015e-19 3.88415e-19 2.14881e-19 1.12738e-19 5.64806e-20 2.71693e-20 1.26055e-20 5.662e-21 2.46982e-21 1.04907e-21 4.34895e-22 1.76304e-22 7.00148e-23 2.7279e-23 1.04415e-23 3.93107e-24 1.45727e-24 5.32433e-25 1.91896e-25 6.82781e-26 2.40008e-26 8.34025e-27 2.86684e-27 9.75297e-28 3.28548e-28 1.09646e-28 3.62662e-29 1.18934e-29 3.86869e-30 1.24861e-30 3.99979e-31 1.27211e-31 4.018e-32 1.2607e-32 3.93043e-33 1.21785e-33 3.7512e-34 1.14884e-34 3.49905e-35 1.06003e-35 3.19483e-36 9.58087e-37 2.85931e-37 8.49344e-38 2.5115e-38 7.39383e-39 2.16745e-39 6.32743e-40 1.83973e-40 5.32819e-41 1.53727e-41 4.41888e-42 1.26563e-42 3.61226e-43 1.02746e-43 2.91275e-44 8.23059e-45 2.31837e-45 6.51019e-46 1.82261e-46 5.08765e-47 1.41609e-47 3.93049e-48 1.08795e-48 3.00337e-49 8.26932e-50 2.271e-50 6.22121e-51 1.70007e-51 4.63464e-52 1.2605e-52 3.42034e-53 9.26012e-54 2.50152e-54 6.74294e-55 1.81373e-55 4.86847e-56 1.30414e-56 3.48649e-57 9.30247e-58 2.47725e-58 6.58447e-59 1.74688e-59 4.6261e-60 1.22289e-60 3.22699e-61 8.50072e-62 2.23551e-62 5.86911e-63 1.53835e-63 4.02567e-64 1.0518e-64 2.74377e-65 7.14659e-66
1.09949e-19 2.99079e-19 4.55989e-19 5.11165e-19 4.68419e-19 3.70924e-19 2.62503e-19 1.69777e-19 1.01943e-19 5.74931e-20 3.07261e-20 1.56695e-20 7.66795e-21 3.61712e-21 1.651e-21 7.31492e-22 3.15447e-22 1.32711e-22 5.45782e-23 2.19801e-23 8.68171e-24 3.36777e-24 1.28459e-24 4.82336e-25 1.7845e-25 6.51107e-26 2.34477e-26 8.34025e-27 2.93208e-27 1.01942e-27 3.50716e-28 1.19455e-28 4.03002e-29 1.34727e-29 4.46501e-30 1.46749e-30 4.78486e-31 1.54826e-31 4.97318e-32 1.58623e-32 5.02522e-33 1.58166e-33 4.94704e-34 1.53797e-34 4.75349e-35 1.46093e-35 4.46558e-36 1.35781e-36 4.10756e-37 1.23648e-37 3.70433e-38 1.10464e-38 3.27928e-39 9.69261e-40 2.85275e-40 8.36175e-41 2.44115e-41 7.09907e-42 2.05667e-42 5.93647e-43 1.7074e-43 4.89354e-44 1.39776e-44 3.97926e-45 1.12919e-45 3.19417e-46 9.00767e-47 2.53256e-47 7.09957e-48 1.98453e-48 5.53179e-49 1.53774e-49 4.26321e-50 1.17883e-50 3.25128e-51 8.9447e-52 2.45477e-52 6.72064e-53 1.83564e-53 5.00223e-54 1.36006e-54 3.68968e-55 9.98794e-56 2.69798e-56 7.27268e-57 1.95641e-57 5.25234e-58 1.40731e-58 3.76343e-59 1.00451e-59 2.67616e-60 7.11664e-61 1.8891e-61 5.00573e-62 1.32411e-62 3.49655e-63 9.21778e-64 2.42602e-64 6.37469e-65 1.67236e-65 4.38044e-66
2.35538e-20 6.61779e-20 1.03869e-19 1.19571e-19 1.12303e-19 9.10031e-20 6.58185e-20 4.34562e-20 2.66116e-20 1.52934e-20 8.32229e-21 4.31862e-21 2.14913e-21 1.03039e-21 4.77769e-22 2.14939e-22 9.40764e-23 4.01546e-23 1.67481e-23 6.83819e-24 2.73744e-24 1.07591e-24 4.15692e-25 1.58056e-25 5.91999e-26 2.18622e-26 7.96675e-27 2.86684e-27 1.01942e-27 3.58425e-28 1.24677e-28 4.29279e-29 1.46377e-29 4.94512e-30 1.65589e-30 5.49802e-31 1.81073e-31 5.91728e-32 1.91931e-32 6.18089e-33 1.97679e-33 6.28034e-34 1.98256e-34 6.22e-35 1.93985e-35 6.01517e-36 1.85488e-36 5.68916e-37 1.73589e-37 5.27001e-38 1.59214e-38 4.78737e-39 1.43292e-39 4.26983e-40 1.26685e-40 3.74294e-41 1.10136e-41 3.2279e-42 9.42398e-43 2.74105e-43 7.94344e-44 2.29378e-44 6.60064e-45 1.89299e-45 5.411e-46 1.54172e-46 4.37893e-47 1.23993e-47 3.50043e-48 9.85314e-49 2.76556e-49 7.74065e-50 2.16064e-50 6.01484e-51 1.67005e-51 4.62508e-52 1.27768e-52 3.52091e-53 9.6793e-54 2.65466e-54 7.26392e-55 1.98312e-55 5.40212e-56 1.46836e-56 3.98268e-57 1.07797e-57 2.91171e-58 7.84898e-59 2.11163e-59 5.66995e-60 1.51954e-60 4.06471e-61 1.0853e-61 2.89256e-62 7.69561e-63 2.04383e-63 5.41879e-64 1.43425e-64 3.7899e-65 9.99819e-66 2.6334e-66
5.04578e-21 1.46285e-20 2.36168e-20 2.7899e-20 2.68398e-20 2.22441e-20 1.64336e-20 1.10712e-20 6.91143e-21 4.04575e-21 2.2409e-21 1.18284e-21 5.98397e-22 2.91501e-22 1.37265e-22 6.26847e-23 2.78389e-23 1.20522e-23 5.0968e-24 2.10926e-24 8.55567e-25 3.40626e-25 1.33274e-25 5.13026e-26 1.94491e-26 7.26809e-27 2.67952e-27 9.75297e-28 3.50716e-28 1.24677e-28 4.38405e-29 1.52566e-29 5.25706e-30 1.79444e-30 6.07013e-31 2.03573e-31 6.771e-32 2.23432e-32 7.317e-33 2.37874e-33 7.67909e-34 2.46226e-34 7.8438e-35 2.48307e-35 7.81301e-36 2.44401e-36 7.60202e-37 2.35168e-37 7.23644e-38 2.21536e-38 6.74846e-39 2.04584e-39 6.17317e-40 1.85427e-40 5.54531e-41 1.65127e-41 4.8967e-42 1.44621e-42 4.25449e-43 1.24681e-43 3.64024e-44 1.05897e-44 3.06969e-45 8.8676e-46 2.55302e-46 7.32613e-47 2.09556e-47 5.97539e-48 1.69865e-48 4.81439e-49 1.36054e-49 3.83389e-50 1.07734e-50 3.01914e-51 8.43823e-52 2.35225e-52 6.54037e-53 1.81398e-53 5.01875e-54 1.3852e-54 3.81423e-55 1.04784e-55 2.87212e-56 7.85493e-57 2.14356e-57 5.83715e-58 1.58619e-58 4.30144e-59 1.16411e-59 3.14423e-60 8.47593e-61 2.28049e-61 6.12426e-62 1.64163e-62 4.39248e-63 1.17319e-63 3.12799e-64 8.32553e-65 2.21219e-65 5.86826e-66 1.55411e-66
1.08093e-21 3.23051e-21 5.36047e-21 6.49394e-21 6.39544e-21 5.41812e-21 4.0868e-21 2.80811e-21 1.78634e-21 1.0647e-21 6.00039e-22 3.2206e-22 1.65579e-22 8.19286e-23 3.91677e-23 1.81516e-23 8.17737e-24 3.58981e-24 1.53885e-24 6.4533e-25 2.6517e-25 1.06916e-25 4.2353e-26 1.65023e-26 6.33088e-27 2.39355e-27 8.92575e-28 3.28548e-28 1.19455e-28 4.29279e-29 1.52566e-29 5.36526e-30 1.86791e-30 6.44097e-31 2.20071e-31 7.45357e-32 2.50331e-32 8.33995e-33 2.7571e-33 9.04714e-34 2.94757e-34 9.53734e-35 3.06555e-35 9.79067e-36 3.10767e-36 9.80543e-37 3.07607e-37 9.59631e-38 2.97762e-38 9.19108e-39 2.8227e-39 8.62643e-40 2.62379e-40 7.94365e-41 2.39421e-41 7.18471e-42 2.14692e-42 6.38896e-43 1.89366e-43 5.59086e-44 1.64438e-44 4.81857e-45 1.4069e-45 4.09337e-46 1.18688e-46 3.42986e-47 9.87928e-48 2.83653e-48 8.11884e-49 2.31674e-49 6.59123e-50 1.86978e-50 5.28906e-51 1.49195e-51 4.1971e-52 1.17756e-52 3.29522e-53 9.19757e-54 2.56079e-54 7.11228e-55 1.9706e-55 5.44709e-56 1.5022e-56 4.13336e-57 1.13479e-57 3.1087e-58 8.49791e-59 2.31811e-59 6.31043e-60 1.71437e-60 4.64821e-61 1.25782e-61 3.39719e-62 9.15798e-63 2.4642e-63 6.61851e-64 1.77446e-64 4.74907e-65 1.26882e-65 3.38414e-66 9.01096e-67
2.3156e-22 7.12775e-22 1.21472e-21 1.50815e-21 1.51962e-21 1.31535e-21 1.0125e-21 7.09268e-22 4.59588e-22 2.7881e-22 1.59822e-22 8.7198e-23 4.55456e-23 2.28838e-23 1.11038e-23 5.22067e-24 2.38518e-24 1.06149e-24 4.61138e-25 1.95915e-25 8.15325e-26 3.32849e-26 1.33467e-26 5.26272e-27 2.0427e-27 7.81193e-28 2.94607e-28 1.09646e-28 4.03002e-29 1.46377e-29 5.25706e-30 1.86791e-30 6.56944e-31 2.28805e-31 7.89501e-32 2.70002e-32 9.15521e-33 3.07901e-33 1.0274e-33 3.40236e-34 1.11857e-34 3.6518e-35 1.18419e-35 3.81511e-36 1.22142e-36 3.88679e-37 1.22961e-37 3.86798e-38 1.21008e-38 3.76563e-39 1.1658e-39 3.5912e-40 1.10091e-40 3.35906e-41 1.02024e-41 3.08501e-42 9.28833e-43 2.78481e-43 8.31531e-44 2.47306e-44 7.3267e-45 2.16244e-45 6.35889e-46 1.86321e-46 5.44029e-47 1.58307e-47 4.59126e-48 1.32724e-48 3.82461e-49 1.09869e-49 3.14664e-50 8.98524e-51 2.5583e-51 7.26341e-52 2.05647e-52 5.80664e-53 1.6352e-53 4.59286e-54 1.28673e-54 3.59587e-55 1.00244e-55 2.78782e-56 7.73481e-57 2.14107e-57 5.91326e-58 1.62951e-58 4.48063e-59 1.22939e-59 3.36611e-60 9.1975e-61 2.50801e-61 6.82534e-62 1.85383e-62 5.02549e-63 1.35977e-63 3.67239e-64 9.90002e-65 2.66406e-65 7.15624e-66 1.91898e-66 5.13705e-67
