0.971783 0.00689584 0.00345624 0.00174442 0.00088642 0.00045337 0.000233325 0.000120785 6.28715e-05 3.28931e-05 1.72896e-05 9.12659e-06 4.83598e-06 2.57112e-06 1.37101e-06 7.3292e-07 3.92646e-07 2.10723e-07 1.13251e-07 6.09325e-08 3.28102e-08 1.76769e-08 9.52663e-09 5.13469e-09 2.76722e-09 1.49084e-09 8.02639e-10 4.31417e-10 2.30778e-10 1.21456e-10 6.52023e-11
0.00689584 8.92924e-05 4.50016e-05 2.28441e-05 1.16723e-05 5.9985e-06 3.09808e-06 1.6068e-06 8.36235e-07 4.364e-07 2.28222e-07 1.19538e-07 6.26777e-08 3.28854e-08 1.72592e-08 9.05813e-09 4.75284e-09 2.49276e-09 1.30662e-09 6.84401e-10 3.58194e-10 1.87301e-10 9.78455e-11 5.1058e-11 2.66043e-11 1.38253e-11 7.13455e-12 3.60012e-12 1.67377e-12 5.21263e-13 2.63262e-13
0.00345624 4.50016e-05 2.26657e-05 1.14969e-05 5.86917e-06 3.0133e-06 1.5547e-06 8.05491e-07 4.18762e-07 2.18309e-07 1.14052e-07 5.96798e-08 3.12631e-08 1.63885e-08 8.59407e-09 4.50693e-09 2.3631e-09 1.23856e-09 6.48809e-10 3.39645e-10 1.77662e-10 9.28507e-11 4.8476e-11 2.52729e-11 1.31408e-11 6.78462e-12 3.42444e-12 1.59173e-12 4.95676e-13 2.48774e-13 1.25723e-13
0.00174442 2.28441e-05 1.14969e-05 5.82607e-06 2.97093e-06 1.52345e-06 7.85007e-07 4.06172e-07 2.10879e-07 1.0979e-07 5.72838e-08 2.99373e-08 1.56639e-08 8.20193e-09 4.29646e-09 2.25091e-09 1.17911e-09 6.1746e-10 3.23187e-10 1.69056e-10 8.83649e-11 4.61452e-11 2.40653e-11 1.25172e-11 6.46453e-12 3.26292e-12 1.51552e-12 4.70632e-13 2.36605e-13 1.18797e-13 6.00765e-14
0.00088642 1.16723e-05 5.86917e-06 2.97093e-06 1.51304e-06 7.74768e-07 3.98621e-07 2.05929e-07 1.06747e-07 5.54883e-08 2.89071e-08 1.50848e-08 7.88145e-09 4.12129e-09 2.15611e-09 1.12822e-09 5.90335e-10 3.08812e-10 1.61475e-10 8.43851e-11 4.40639e-11 2.29807e-11 1.19543e-11 6.17417e-12 3.11573e-12 1.44568e-12 4.47318e-13 2.24702e-13 1.1302e-13 5.67693e-14 2.8728e-14
0.00045337 5.9985e-06 3.0133e-06 1.52345e-06 7.74768e-07 3.96105e-07 2.03455e-07 1.04922e-07 5.42919e-08 2.81717e-08 1.46508e-08 7.63241e-09 3.98129e-09 2.07863e-09 1.08587e-09 5.67413e-10 2.96507e-10 1.54916e-10 8.09087e-11 4.22308e-11 2.20186e-11 1.14516e-11 5.91341e-12 2.98284e-12 1.3823e-12 4.26008e-13 2.13653e-13 1.07371e-13 5.40309e-14 2.71509e-14 1.37491e-14
0.000233325 3.09808e-06 1.5547e-06 7.85007e-07 3.98621e-07 2.03455e-07 1.04314e-07 5.3694e-08 2.77306e-08 1.43616e-08 7.45464e-09 3.87637e-09 2.01843e-09 1.05202e-09 5.4868e-10 2.86267e-10 1.49373e-10 7.79333e-11 4.06446e-11 2.11781e-11 1.10089e-11 5.68206e-12 2.86418e-12 1.32538e-12 4.06756e-13 2.03595e-13 1.02145e-13 5.13557e-14 2.58554e-14 1.2998e-14 6.58671e-15
0.000120785 1.6068e-06 8.05491e-07 4.06172e-07 2.05929e-07 1.04922e-07 5.3694e-08 2.75836e-08 1.42171e-08 7.34803e-09 3.80647e-09 1.97545e-09 1.02666e-09 5.34123e-10 2.78082e-10 1.44843e-10 7.54569e-11 3.93043e-11 2.04587e-11 1.06258e-11 5.47997e-12 2.75967e-12 1.27488e-12 3.89564e-13 1.94554e-13 9.74088e-14 4.8889e-14 2.45909e-14 1.23865e-14 6.22956e-15 3.15902e-15
6.28715e-05 8.36235e-07 4.18762e-07 2.10879e-07 1.06747e-07 5.42919e-08 2.77306e-08 1.42171e-08 7.3125e-09 3.77153e-09 1.94968e-09 1.00976e-09 5.23732e-10 2.71949e-10 1.41323e-10 7.34777e-11 3.82088e-11 1.986e-11 1.03021e-11 5.307e-12 2.66923e-12 1.23076e-12 3.74424e-13 1.86532e-13 9.31756e-14 4.66644e-14 2.34294e-14 1.17901e-14 5.94156e-15 2.98947e-15 1.51702e-15
3.28931e-05 4.364e-07 2.18309e-07 1.0979e-07 5.54883e-08 2.81717e-08 1.43616e-08 7.34803e-09 3.77153e-09 1.94109e-09 1.00131e-09 5.175e-10 2.67862e-10 1.38811e-10 7.19945e-11 3.73576e-11 1.93815e-11 1.00375e-11 5.16304e-12 2.59281e-12 1.193e-12 3.61325e-13 1.79526e-13 8.94467e-14 4.46889e-14 2.23877e-14 1.12446e-14 5.66097e-15 2.8542e-15 1.43668e-15 7.29551e-16
1.72896e-05 2.28222e-07 1.14052e-07 5.72838e-08 2.89071e-08 1.46508e-08 7.45464e-09 3.80647e-09 1.94968e-09 1.00131e-09 5.15424e-10 2.6582e-10 1.37304e-10 7.10063e-11 3.675e-11 1.90229e-11 9.83194e-12 5.04799e-12 2.53036e-12 1.16158e-12 3.50257e-13 1.7353e-13 8.62203e-14 4.2963e-14 2.14692e-14 1.07584e-14 5.40557e-15 2.72255e-15 1.37333e-15 6.91561e-16 3.51413e-16
9.12659e-06 1.19538e-07 5.96798e-08 2.99373e-08 1.50848e-08 7.63241e-09 3.87637e-09 1.97545e-09 1.00976e-09 5.175e-10 2.6582e-10 1.36801e-10 7.05123e-11 3.63856e-11 1.8784e-11 9.68519e-12 4.96177e-12 2.48183e-12 1.13647e-12 3.41213e-13 1.6854e-13 8.34943e-14 4.14858e-14 2.06743e-14 1.03332e-14 5.1795e-15 2.60337e-15 1.31176e-15 6.61989e-16 3.33489e-16 1.69571e-16
4.83598e-06 6.26777e-08 3.12631e-08 1.56639e-08 7.88145e-09 3.98129e-09 2.01843e-09 1.02666e-09 5.23732e-10 2.67862e-10 1.37304e-10 7.05123e-11 3.62642e-11 1.86645e-11 9.59718e-12 4.90433e-12 2.44718e-12 1.11765e-12 3.34186e-13 1.64552e-13 8.12667e-14 4.02566e-14 2.00026e-14 9.96921e-15 4.98364e-15 2.4987e-15 1.25635e-15 6.33292e-16 3.19737e-16 1.61135e-16 8.19847e-17
2.57112e-06 3.28854e-08 1.63885e-08 8.20193e-09 4.12129e-09 2.07863e-09 1.05202e-09 5.34123e-10 2.71949e-10 1.38811e-10 7.10063e-11 3.63856e-11 1.86645e-11 9.56785e-12 4.87561e-12 2.42641e-12 1.10511e-12 3.29171e-13 1.61564e-13 7.95358e-14 3.92742e-14 1.94537e-14 9.66627e-15 4.81809e-15 2.409e-15 1.20813e-15 6.07647e-16 3.06416e-16 1.54768e-16 7.80253e-17 3.97223e-17
1.37101e-06 1.72592e-08 8.59407e-09 4.29646e-09 2.15611e-09 1.08587e-09 5.4868e-10 2.78082e-10 1.41323e-10 7.19945e-11 3.675e-11 1.8784e-11 9.59718e-12 4.87561e-12 2.41949e-12 1.09884e-12 3.26163e-13 1.59574e-13 7.83004e-14 3.85381e-14 1.90272e-14 9.42418e-15 4.6828e-15 2.33432e-15 1.16733e-15 5.85564e-16 2.94605e-16 1.48612e-16 7.50919e-17 3.78699e-17 1.92899e-17
7.3292e-07 9.05813e-09 4.50693e-09 2.25091e-09 1.12822e-09 5.67413e-10 2.86267e-10 1.44843e-10 7.34777e-11 3.73576e-11 1.90229e-11 9.68519e-12 4.90433e-12 2.42641e-12 1.09884e-12 3.2516e-13 1.58579e-13 7.75595e-14 3.80477e-14 1.87228e-14 9.24276e-15 4.57767e-15 2.27464e-15 1.13397e-15 5.67155e-16 2.8456e-16 1.43205e-16 7.22627e-17 3.65262e-17 1.84263e-17 9.39056e-18
3.92646e-07 4.75284e-09 2.3631e-09 1.17911e-09 5.90335e-10 2.96507e-10 1.49373e-10 7.54569e-11 3.82088e-11 1.93815e-11 9.83194e-12 4.96177e-12 2.44718e-12 1.10511e-12 3.26163e-13 1.58579e-13 7.73126e-14 3.78025e-14 1.85403e-14 9.12189e-15 4.50264e-15 2.22991e-15 1.10805e-15 5.52437e-16 2.76336e-16 1.38673e-16 6.98044e-17 3.5234e-17 1.78151e-17 8.98956e-18 4.58333e-18
2.10723e-07 2.49276e-09 1.23856e-09 6.1746e-10 3.08812e-10 1.54916e-10 7.79333e-11 3.93043e-11 1.986e-11 1.00375e-11 5.04799e-12 2.48183e-12 1.11765e-12 3.29171e-13 1.59574e-13 7.75595e-14 3.78025e-14 1.84794e-14 9.06148e-15 4.45764e-15 2.20012e-15 1.08955e-15 5.41407e-16 2.69943e-16 1.35044e-16 6.77799e-17 3.41256e-17 1.72292e-17 8.71376e-18 4.39801e-18 2.24317e-18
1.13251e-07 1.30662e-09 6.48809e-10 3.23187e-10 1.61475e-10 8.09087e-11 4.06446e-11 2.04587e-11 1.03021e-11 5.16304e-12 2.53036e-12 1.13647e-12 3.34186e-13 1.61564e-13 7.83004e-14 3.80477e-14 1.85403e-14 9.06148e-15 4.44264e-15 2.18522e-15 1.07845e-15 5.34057e-16 2.65379e-16 1.32323e-16 6.62033e-17 3.32323e-17 1.67345e-17 8.45051e-18 4.2748e-18 2.15798e-18 1.10099e-18
6.09325e-08 6.84401e-10 3.39645e-10 1.69056e-10 8.43851e-11 4.22308e-11 2.11781e-11 1.06258e-11 5.307e-12 2.59281e-12 1.16158e-12 3.41213e-13 1.64552e-13 7.95358e-14 3.85381e-14 1.87228e-14 9.12189e-15 4.45764e-15 2.18522e-15 1.07476e-15 5.30384e-16 2.62642e-16 1.3051e-16 6.50773e-17 3.25613e-17 1.63465e-17 8.23246e-18 4.1578e-18 2.10361e-18 1.06208e-18 5.41987e-19
3.28102e-08 3.58194e-10 1.77662e-10 8.83649e-11 4.40639e-11 2.20186e-11 1.10089e-11 5.47997e-12 2.66923e-12 1.193e-12 3.50257e-13 1.6854e-13 8.12667e-14 3.92742e-14 1.90272e-14 9.24276e-15 4.50264e-15 2.20012e-15 1.07845e-15 5.30384e-16 2.6173e-16 1.29604e-16 6.44019e-17 3.21139e-17 1.60688e-17 8.06738e-18 4.06323e-18 2.05232e-18 1.03846e-18 5.24346e-19 2.67616e-19
1.76769e-08 1.87301e-10 9.28507e-11 4.61452e-11 2.29807e-11 1.14516e-11 5.68206e-12 2.75967e-12 1.23076e-12 3.61325e-13 1.7353e-13 8.34943e-14 4.02566e-14 1.94537e-14 9.42418e-15 4.57767e-15 2.22991e-15 1.08955e-15 5.34057e-16 2.62642e-16 1.29604e-16 6.41768e-17 3.18902e-17 1.59021e-17 7.95705e-18 3.99495e-18 2.01216e-18 1.01637e-18 5.14299e-19 2.59691e-19 1.32549e-19
9.52663e-09 9.78455e-11 4.8476e-11 2.40653e-11 1.19543e-11 5.91341e-12 2.86418e-12 1.27488e-12 3.74424e-13 1.79526e-13 8.62203e-14 4.14858e-14 2.00026e-14 9.66627e-15 4.6828e-15 2.27464e-15 1.10805e-15 5.41407e-16 2.65379e-16 1.3051e-16 6.44019e-17 3.18902e-17 1.58466e-17 7.90185e-18 3.95385e-18 1.98506e-18 9.99811e-19 5.05009e-19 2.55536e-19 1.29029e-19 6.58558e-20
5.13469e-09 5.1058e-11 2.52729e-11 1.25172e-11 6.17417e-12 2.98284e-12 1.32538e-12 3.89564e-13 1.86532e-13 8.94467e-14 4.2963e-14 2.06743e-14 9.96921e-15 4.81809e-15 2.33432e-15 1.13397e-15 5.52437e-16 2.69943e-16 1.32323e-16 6.50773e-17 3.21139e-17 1.59021e-17 7.90185e-18 3.94015e-18 1.97146e-18 9.89731e-19 4.98464e-19 2.51757e-19 1.27379e-19 6.43133e-20 3.28216e-20
2.76722e-09 2.66043e-11 1.31408e-11 6.46453e-12 3.11573e-12 1.3823e-12 4.06756e-13 1.94554e-13 9.31756e-14 4.46889e-14 2.14692e-14 1.03332e-14 4.98364e-15 2.409e-15 1.16733e-15 5.67155e-16 2.76336e-16 1.35044e-16 6.62033e-17 3.25613e-17 1.60688e-17 7.95705e-18 3.95385e-18 1.97146e-18 9.86358e-19 4.95137e-19 2.49341e-19 1.25917e-19 6.37001e-20 3.21579e-20 1.64082e-20
1.49084e-09 1.38253e-11 6.78462e-12 3.26292e-12 1.44568e-12 4.26008e-13 2.03595e-13 9.74088e-14 4.66644e-14 2.23877e-14 1.07584e-14 5.1795e-15 2.4987e-15 1.20813e-15 5.85564e-16 2.8456e-16 1.38673e-16 6.77799e-17 3.32323e-17 1.63465e-17 8.06738e-18 3.99495e-18 1.98506e-18 9.89731e-19 4.95137e-19 2.48521e-19 1.2513e-19 6.31791e-20 3.19553e-20 1.61293e-20 8.22749e-21
8.02639e-10 7.13455e-12 3.42444e-12 1.51552e-12 4.47318e-13 2.13653e-13 1.02145e-13 4.8889e-14 2.34294e-14 1.12446e-14 5.40557e-15 2.60337e-15 1.25635e-15 6.07647e-16 2.94605e-16 1.43205e-16 6.98044e-17 3.41256e-17 1.67345e-17 8.23246e-18 4.06323e-18 2.01216e-18 9.99811e-19 4.98464e-19 2.49341e-19 1.2513e-19 6.29906e-20 3.1797e-20 1.60785e-20 8.11375e-21 4.13735e-21
4.31417e-10 3.60012e-12 1.59173e-12 4.70632e-13 2.24702e-13 1.07371e-13 5.13557e-14 2.45909e-14 1.17901e-14 5.66097e-15 2.72255e-15 1.31176e-15 6.33292e-16 3.06416e-16 1.48612e-16 7.22627e-17 3.5234e-17 1.72292e-17 8.45051e-18 4.1578e-18 2.05232e-18 1.01637e-18 5.05009e-19 2.51757e-19 1.25917e-19 6.31791e-20 3.1797e-20 1.60464e-20 8.11164e-21 4.09234e-21 2.0859e-21
2.30778e-10 1.67377e-12 4.95676e-13 2.36605e-13 1.1302e-13 5.40309e-14 2.58554e-14 1.23865e-14 5.94156e-15 2.8542e-15 1.37333e-15 6.61989e-16 3.19737e-16 1.54768e-16 7.50919e-17 3.65262e-17 1.78151e-17 8.71376e-18 4.2748e-18 2.10361e-18 1.03846e-18 5.14299e-19 2.55536e-19 1.27379e-19 6.37001e-20 3.19553e-20 1.60785e-20 8.11164e-21 4.09922e-21 2.06748e-21 1.05334e-21
1.21456e-10 5.21263e-13 2.48774e-13 1.18797e-13 5.67693e-14 2.71509e-14 1.2998e-14 6.22956e-15 2.98947e-15 1.43668e-15 6.91561e-16 3.33489e-16 1.61135e-16 7.80253e-17 3.78699e-17 1.84263e-17 8.98956e-18 4.39801e-18 2.15798e-18 1.06208e-18 5.24346e-19 2.59691e-19 1.29029e-19 6.43133e-20 3.21579e-20 1.61293e-20 8.11375e-21 4.09234e-21 2.06748e-21 1.0425e-21 5.30923e-22
6.52023e-11 2.63262e-13 1.25723e-13 6.00765e-14 2.8728e-14 1.37491e-14 6.58671e-15 3.15902e-15 1.51702e-15 7.29551e-16 3.51413e-16 1.69571e-16 8.19847e-17 3.97223e-17 1.92899e-17 9.39056e-18 4.58333e-18 2.24317e-18 1.10099e-18 5.41987e-19 2.67616e-19 1.32549e-19 6.58558e-20 3.28216e-20 1.64082e-20 8.22749e-21 4.13735e-21 2.0859e-21 1.05334e-21 5.30923e-22 2.70217e-22
