0.82342 0.0301584 0.0178914 0.010614 0.00629676 0.00373554 0.0022161 0.0013147 0.000779943 0.0004627 0.000274496 0.000162844 9.6607e-05 5.7312e-05 3.40002e-05 2.01706e-05 1.19662e-05 7.0989e-06 4.21141e-06 2.49841e-06 1.48218e-06 8.793e-07 5.21643e-07 3.09464e-07 1.83589e-07 1.08914e-07 6.46129e-08 3.83315e-08 2.27401e-08 1.34905e-08 8.00323e-09 4.7479e-09 2.81668e-09 1.67099e-09 9.91314e-10 5.88095e-10 3.48886e-10 2.06976e-10 1.22788e-10 7.28439e-11 4.32145e-11 2.56369e-11 1.52091e-11 9.02276e-12 5.35273e-12 3.1755e-12 1.88386e-12 1.1176e-12 6.63012e-13 3.93331e-13 2.33343e-13 1.3843e-13 8.21235e-14 4.87196e-14 2.89028e-14 1.71466e-14 1.01722e-14 6.03462e-15 3.58003e-15 2.12384e-15 1.25997e-15 7.47473e-16 4.43437e-16 2.63068e-16 1.56065e-16 9.25852e-17 5.4926e-17 3.25848e-17 1.93308e-17 1.1468e-17 6.80337e-18 4.03608e-18 2.3944e-18 1.42047e-18 8.42694e-19 4.99926e-19 2.96581e-19 1.75946e-19 1.0438e-19 6.1923e-20 3.67357e-20 2.17934e-20 1.29289e-20 7.67004e-21 4.55024e-21 2.69942e-21 1.60143e-21 9.50044e-22 5.63612e-22 3.34362e-22 1.9836e-22 1.17676e-22 6.98114e-23 4.14155e-23 2.45697e-23 1.45759e-23 8.64713e-24 5.12989e-24 3.0433e-24 1.80543e-24 1.07107e-24
0.0301584 0.00402082 0.00249804 0.00154882 0.000958498 0.000592158 0.000365256 0.000224969 0.000138375 8.50056e-05 5.21585e-05 3.19687e-05 1.95739e-05 1.19732e-05 7.31726e-06 4.46801e-06 2.72601e-06 1.66192e-06 1.01246e-06 6.16378e-07 3.75001e-07 2.28008e-07 1.38551e-07 8.41445e-08 5.10751e-08 3.09862e-08 1.87895e-08 1.13883e-08 6.89934e-09 4.178e-09 2.52901e-09 1.53024e-09 9.25552e-10 5.59608e-10 3.38231e-10 2.04359e-10 1.23434e-10 7.45305e-11 4.49885e-11 2.71482e-11 1.63779e-11 9.87762e-12 5.95569e-12 3.59004e-12 2.1635e-12 1.3035e-12 7.85163e-13 4.72836e-13 2.84686e-13 1.71367e-13 1.03133e-13 6.20555e-14 3.73316e-14 2.24538e-14 1.35027e-14 8.11849e-15 4.88035e-15 2.93327e-15 1.76271e-15 1.0591e-15 6.36248e-16 3.82161e-16 2.2951e-16 1.37813e-16 8.27406e-17 4.96689e-17 2.9812e-17 1.78912e-17 1.07357e-17 6.44116e-18 3.86406e-18 2.31777e-18 1.3901e-18 8.3362e-19 4.99852e-19 2.99685e-19 1.79656e-19 1.07689e-19 6.45438e-20 3.86805e-20 2.31786e-20 1.38879e-20 8.32043e-21 4.98439e-21 2.98564e-21 1.78823e-21 1.07095e-21 6.41326e-22 3.84016e-22 2.29923e-22 1.37651e-22 8.24023e-23 4.93248e-23 2.95227e-23 1.76691e-23 1.0574e-23 6.32745e-24 3.78607e-24 2.26525e-24 1.35523e-24 8.10732e-25
0.0178914 0.00249804 0.00156384 0.000976747 0.000608772 0.000378694 0.000235154 0.000145783 9.02406e-05 5.57813e-05 3.44356e-05 2.12323e-05 1.30765e-05 8.04493e-06 4.94444e-06 3.036e-06 1.86252e-06 1.14165e-06 6.9923e-07 4.27937e-07 2.61715e-07 1.59949e-07 9.7691e-08 5.96292e-08 3.63754e-08 2.21775e-08 1.3514e-08 8.23063e-09 5.01035e-09 3.04857e-09 1.85408e-09 1.12712e-09 6.84909e-10 4.16024e-10 2.52601e-10 1.53317e-10 9.30224e-11 5.64201e-11 3.42085e-11 2.07345e-11 1.25636e-11 7.61036e-12 4.60858e-12 2.79001e-12 1.68858e-12 1.0217e-12 6.18033e-13 3.73758e-13 2.25976e-13 1.36593e-13 8.25462e-14 4.98731e-14 3.01259e-14 1.81937e-14 1.09853e-14 6.63155e-15 4.00251e-15 2.41527e-15 1.45719e-15 8.79001e-16 5.30132e-16 3.19671e-16 1.92729e-16 1.16177e-16 7.00201e-17 4.21945e-17 2.54227e-17 1.53151e-17 9.22477e-18 5.55555e-18 3.34532e-18 2.01412e-18 1.21249e-18 7.29808e-19 4.39221e-19 2.64303e-19 1.59026e-19 9.56706e-20 5.75489e-20 3.46134e-20 2.08162e-20 1.25172e-20 7.52603e-21 4.52456e-21 2.71982e-21 1.63477e-21 9.82492e-22 5.90414e-22 3.54765e-22 2.13148e-22 1.2805e-22 7.69197e-23 4.62013e-23 2.77479e-23 1.66636e-23 1.00061e-23 6.00794e-24 3.60702e-24 2.16538e-24 1.29982e-24 7.80182e-25
0.010614 0.00154882 0.000976747 0.000614366 0.000385515 0.000241387 0.000150844 9.40908e-05 5.85918e-05 3.64292e-05 2.2617e-05 1.40228e-05 8.68342e-06 5.37074e-06 3.31817e-06 2.04791e-06 1.2627e-06 7.77835e-07 4.78736e-07 2.94406e-07 1.80907e-07 1.11082e-07 6.81587e-08 4.17933e-08 2.56102e-08 1.56838e-08 9.59921e-09 5.87185e-09 3.58988e-09 2.19362e-09 1.33976e-09 8.1787e-10 4.99049e-10 3.04376e-10 1.85563e-10 1.13083e-10 6.88855e-11 4.19463e-11 2.55329e-11 1.55364e-11 9.45041e-12 5.74653e-12 3.49318e-12 2.12275e-12 1.28957e-12 7.83181e-13 4.75505e-13 2.8862e-13 1.75138e-13 1.06248e-13 6.44391e-14 3.90724e-14 2.36856e-14 1.43548e-14 8.69781e-15 5.26896e-15 3.19113e-15 1.93229e-15 1.16979e-15 7.08039e-16 4.28469e-16 2.59237e-16 1.56817e-16 9.48435e-17 5.73514e-17 3.4674e-17 2.09598e-17 1.26677e-17 7.65485e-18 4.62492e-18 2.79385e-18 1.68746e-18 1.01906e-18 6.15316e-19 3.71479e-19 2.24237e-19 1.35338e-19 8.16715e-20 4.92791e-20 2.97302e-20 1.79339e-20 1.08168e-20 6.52325e-21 3.93348e-21 2.37158e-21 1.4297e-21 8.61791e-22 5.19408e-22 3.13015e-22 1.88614e-22 1.13641e-22 6.84619e-23 4.12398e-23 2.48393e-23 1.49595e-23 9.00843e-24 5.42424e-24 3.26577e-24 1.96603e-24 1.18346e-24 7.12323e-25
0.00629676 0.000958498 0.000608772 0.000385515 0.000243486 0.000153411 9.6446e-05 6.05109e-05 3.78944e-05 2.36904e-05 1.47869e-05 9.21592e-06 5.7359e-06 3.56537e-06 2.21352e-06 1.37268e-06 8.50338e-07 5.26231e-07 3.25348e-07 2.00969e-07 1.24033e-07 7.64884e-08 4.71322e-08 2.90216e-08 1.78575e-08 1.09807e-08 6.74779e-09 4.14407e-09 2.54354e-09 1.56029e-09 9.56615e-10 5.86198e-10 3.59033e-10 2.19794e-10 1.34492e-10 8.22588e-11 5.029e-11 3.07327e-11 1.87734e-11 1.14635e-11 6.99729e-12 4.26955e-12 2.60425e-12 1.58793e-12 9.67919e-13 5.898e-13 3.59282e-13 2.18793e-13 1.332e-13 8.10676e-14 4.93253e-14 3.00037e-14 1.82458e-14 1.10928e-14 6.74229e-15 4.09702e-15 2.489e-15 1.51175e-15 9.17983e-16 5.57305e-16 3.38265e-16 2.05271e-16 1.2454e-16 7.55443e-17 4.5815e-17 2.77798e-17 1.6841e-17 1.02077e-17 6.18592e-18 3.74804e-18 2.27054e-18 1.37524e-18 8.32827e-19 5.04266e-19 3.05277e-19 1.84782e-19 1.1183e-19 6.76687e-20 4.09406e-20 2.4766e-20 1.49794e-20 9.05881e-21 5.47757e-21 3.31165e-21 2.0019e-21 1.20999e-21 7.31251e-22 4.4187e-22 2.66973e-22 1.61282e-22 9.74211e-23 5.88393e-23 3.55328e-23 2.14557e-23 1.2954e-23 7.82021e-24 4.72045e-24 2.84906e-24 1.71938e-24 1.03752e-24 6.26002e-25
0.00373554 0.000592158 0.000378694 0.000241387 0.000153411 9.72386e-05 6.14843e-05 3.87903e-05 2.44228e-05 1.53479e-05 9.62829e-06 6.03041e-06 3.7713e-06 2.35519e-06 1.46889e-06 9.14996e-07 5.69305e-07 3.53832e-07 2.19685e-07 1.36264e-07 8.44421e-08 5.22826e-08 3.23439e-08 1.99932e-08 1.23494e-08 7.62243e-09 4.70155e-09 2.89803e-09 1.78521e-09 1.09903e-09 6.76207e-10 4.1582e-10 2.55562e-10 1.56986e-10 9.63853e-11 5.91494e-11 3.62817e-11 2.22448e-11 1.36327e-11 8.35126e-12 5.11382e-12 3.13017e-12 1.91525e-12 1.17144e-12 7.16242e-13 4.37772e-13 2.67478e-13 1.63375e-13 9.97573e-14 6.08931e-14 3.71586e-14 2.26685e-14 1.38249e-14 8.42904e-15 5.13779e-15 3.13082e-15 1.90734e-15 1.16168e-15 7.07358e-16 4.30611e-16 2.62077e-16 1.59468e-16 9.70103e-17 5.90021e-17 3.58775e-17 2.18115e-17 1.32574e-17 8.05647e-18 4.8949e-18 2.97343e-18 1.80588e-18 1.09658e-18 6.6575e-19 4.04114e-19 2.45256e-19 1.4882e-19 9.02876e-20 5.47675e-20 3.32159e-20 2.01419e-20 1.2212e-20 7.40293e-21 4.487e-21 2.71921e-21 1.64765e-21 9.98218e-22 6.04677e-22 3.66236e-22 2.21788e-22 1.34294e-22 8.13051e-23 4.92177e-23 2.97899e-23 1.80286e-23 1.09094e-23 6.60061e-24 3.99315e-24 2.41544e-24 1.46091e-24 8.83492e-25 5.34233e-25
0.0022161 0.000365256 0.000235154 0.000150844 9.6446e-05 6.14843e-05 3.90917e-05 2.47941e-05 1.56908e-05 9.90952e-06 6.24652e-06 3.93063e-06 2.46933e-06 1.54895e-06 9.70236e-07 6.06932e-07 3.79193e-07 2.3663e-07 1.47501e-07 9.18475e-08 5.71356e-08 3.55088e-08 2.20484e-08 1.36788e-08 8.47937e-09 5.25223e-09 3.25088e-09 2.01072e-09 1.24281e-09 7.67676e-10 4.73891e-10 2.92359e-10 1.80262e-10 1.11084e-10 6.8417e-11 4.21165e-11 2.59134e-11 1.59363e-11 9.79594e-12 6.0188e-12 3.69645e-12 2.26921e-12 1.39248e-12 8.54138e-13 5.23722e-13 3.21004e-13 1.96681e-13 1.20465e-13 7.37583e-14 4.51456e-14 2.76234e-14 1.68967e-14 1.03322e-14 6.31617e-15 3.86e-15 2.35828e-15 1.4404e-15 8.79532e-16 5.36914e-16 3.27676e-16 1.99928e-16 1.21954e-16 7.43726e-17 4.53446e-17 2.764e-17 1.68442e-17 1.02628e-17 6.25158e-18 3.80731e-18 2.31823e-18 1.41125e-18 8.58948e-19 5.22688e-19 3.18005e-19 1.93439e-19 1.17644e-19 7.15353e-20 4.34902e-20 2.64354e-20 1.60659e-20 9.76224e-21 5.93092e-21 3.60266e-21 2.18804e-21 1.32867e-21 8.06699e-22 4.8971e-22 2.97236e-22 1.80384e-22 1.09454e-22 6.64056e-23 4.02824e-23 2.44323e-23 1.48168e-23 8.98435e-24 5.44704e-24 3.302e-24 2.00142e-24 1.21295e-24 7.35011e-25 4.4534e-25
0.0013147 0.000224969 0.000145783 9.40908e-05 6.05109e-05 3.87903e-05 2.47941e-05 1.58062e-05 1.00521e-05 6.37852e-06 4.03922e-06 2.55302e-06 1.61083e-06 1.0147e-06 6.38204e-07 4.00832e-07 2.51411e-07 1.57492e-07 9.85407e-08 6.15865e-08 3.84498e-08 2.39808e-08 1.49423e-08 9.30202e-09 5.78575e-09 3.59569e-09 2.23286e-09 1.38551e-09 8.59106e-10 5.32329e-10 3.29628e-10 2.03981e-10 1.2615e-10 7.79703e-11 4.81639e-11 2.97355e-11 1.83483e-11 1.13161e-11 6.97555e-12 4.29787e-12 2.64683e-12 1.6293e-12 1.00251e-12 6.16585e-13 3.79068e-13 2.32954e-13 1.43104e-13 8.78764e-14 5.39428e-14 3.31008e-14 2.03046e-14 1.2451e-14 7.63253e-15 4.6773e-15 2.8654e-15 1.75486e-15 1.07442e-15 6.57619e-16 4.02396e-16 2.46157e-16 1.50541e-16 9.20406e-17 5.62591e-17 3.43792e-17 2.10035e-17 1.28287e-17 7.83373e-18 4.78249e-18 2.91905e-18 1.78127e-18 1.08674e-18 6.62867e-19 4.04237e-19 2.46466e-19 1.50241e-19 9.1566e-20 5.5795e-20 3.39917e-20 2.07047e-20 1.26091e-20 7.67752e-21 4.67391e-21 2.84487e-21 1.7313e-21 1.05343e-21 6.40867e-22 3.89815e-22 2.37071e-22 1.44155e-22 8.76426e-23 5.32761e-23 3.23805e-23 1.96775e-23 1.19562e-23 7.26364e-24 4.41218e-24 2.67973e-24 1.6273e-24 9.8807e-25 5.99858e-25 3.64126e-25
0.000779943 0.000138375 9.02406e-05 5.85918e-05 3.78944e-05 2.44228e-05 1.56908e-05 1.00521e-05 6.42292e-06 4.09424e-06 2.60412e-06 1.65298e-06 1.04727e-06 6.62357e-07 4.18232e-07 2.63682e-07 1.66005e-07 1.04371e-07 6.55374e-08 4.11035e-08 2.575e-08 1.61143e-08 1.0074e-08 6.29177e-09 3.92594e-09 2.44756e-09 1.52461e-09 9.48929e-10 5.90168e-10 3.66774e-10 2.27779e-10 1.41362e-10 8.76737e-11 5.43416e-11 3.36615e-11 2.08391e-11 1.28938e-11 7.97345e-12 4.92814e-12 3.04438e-12 1.87975e-12 1.1601e-12 7.15631e-13 4.41254e-13 2.71956e-13 1.67543e-13 1.03175e-13 6.35109e-14 3.908e-14 2.4038e-14 1.47802e-14 9.08466e-15 5.58194e-15 3.42857e-15 2.10522e-15 1.29224e-15 7.92959e-16 4.86434e-16 2.9831e-16 1.82887e-16 1.12092e-16 6.8682e-17 4.20719e-17 2.57647e-17 1.57741e-17 9.65499e-18 5.90813e-18 3.61444e-18 2.21068e-18 1.35179e-18 8.26402e-19 5.05097e-19 3.08646e-19 1.88561e-19 1.15173e-19 7.03325e-20 4.2941e-20 2.6212e-20 1.59971e-20 9.76108e-21 5.95485e-21 3.63213e-21 2.21499e-21 1.35052e-21 8.23291e-22 5.01798e-22 3.05794e-22 1.86318e-22 1.13503e-22 6.91333e-23 4.21014e-23 2.56352e-23 1.56066e-23 9.49974e-24 5.78161e-24 3.5182e-24 2.14056e-24 1.30218e-24 7.92049e-25 4.81694e-25 2.92907e-25
0.0004627 8.50056e-05 5.57813e-05 3.64292e-05 2.36904e-05 1.53479e-05 9.90952e-06 6.37852e-06 4.09424e-06 2.6213e-06 1.67433e-06 1.06715e-06 6.78798e-07 4.30971e-07 2.73151e-07 1.72844e-07 1.09206e-07 6.89002e-08 4.34122e-08 2.73182e-08 1.71701e-08 1.07796e-08 6.76026e-09 4.23526e-09 2.65078e-09 1.65754e-09 1.03555e-09 6.4641e-10 4.03175e-10 2.5127e-10 1.56482e-10 9.73814e-11 6.05604e-11 3.76369e-11 2.33755e-11 1.45091e-11 9.00041e-12 5.58001e-12 3.45753e-12 2.14124e-12 1.32537e-12 8.1996e-13 5.07032e-13 3.13382e-13 1.93603e-13 1.19552e-13 7.37929e-14 4.55291e-14 2.80793e-14 1.73106e-14 1.06676e-14 6.57144e-15 4.04663e-15 2.49099e-15 1.53284e-15 9.42922e-16 5.79842e-16 3.56453e-16 2.19057e-16 1.34579e-16 8.26548e-17 5.07492e-17 3.11504e-17 1.91151e-17 1.17265e-17 7.19189e-18 4.40963e-18 2.70302e-18 1.65647e-18 1.01487e-18 6.21631e-19 3.8067e-19 2.33058e-19 1.42652e-19 8.72959e-20 5.34089e-20 3.26692e-20 1.99788e-20 1.22155e-20 7.46725e-21 4.56376e-21 2.78868e-21 1.70369e-21 1.04063e-21 6.35508e-22 3.88029e-22 2.3688e-22 1.44582e-22 8.82313e-23 5.38338e-23 3.28408e-23 2.00308e-23 1.22155e-23 7.44819e-24 4.54068e-24 2.76772e-24 1.68677e-24 1.02783e-24 6.26214e-25 3.81468e-25 2.32342e-25
0.000274496 5.21585e-05 3.44356e-05 2.2617e-05 1.47869e-05 9.62829e-06 6.24652e-06 4.03922e-06 2.60412e-06 1.67433e-06 1.07383e-06 6.87122e-07 4.38741e-07 2.79593e-07 1.77848e-07 1.12934e-07 7.15989e-08 4.53246e-08 2.86514e-08 1.80875e-08 1.14041e-08 7.18171e-09 4.51752e-09 2.83861e-09 1.78183e-09 1.11738e-09 7.00054e-10 4.38203e-10 2.74061e-10 1.71264e-10 1.06941e-10 6.67257e-11 4.16034e-11 2.59216e-11 1.614e-11 1.0043e-11 6.24533e-12 3.88136e-12 2.41079e-12 1.49655e-12 9.28506e-13 5.75771e-13 3.56856e-13 2.21065e-13 1.3688e-13 8.47139e-14 5.2405e-14 3.24041e-14 2.00281e-14 1.23737e-14 7.64159e-15 4.71731e-15 2.91098e-15 1.79564e-15 1.10724e-15 6.82509e-16 4.20556e-16 2.59055e-16 1.5952e-16 9.81966e-17 6.04283e-17 3.71749e-17 2.28627e-17 1.40565e-17 8.63971e-18 5.30882e-18 3.26119e-18 2.00279e-18 1.22965e-18 7.54762e-19 4.63157e-19 2.84143e-19 1.74277e-19 1.06865e-19 6.55134e-20 4.01534e-20 2.46045e-20 1.50734e-20 9.23231e-21 5.65348e-21 3.46122e-21 2.11861e-21 1.29653e-21 7.93283e-22 4.85273e-22 2.96797e-22 1.81489e-22 1.10958e-22 6.78241e-23 4.14507e-23 2.5328e-23 1.54736e-23 9.45166e-24 5.7723e-24 3.52465e-24 2.15185e-24 1.31351e-24 8.01655e-25 4.89182e-25 2.9846e-25 1.82068e-25
0.000162844 3.19687e-05 2.12323e-05 1.40228e-05 9.21592e-06 6.03041e-06 3.93063e-06 2.55302e-06 1.65298e-06 1.06715e-06 6.87122e-07 4.41352e-07 2.82853e-07 1.80898e-07 1.15469e-07 7.35721e-08 4.6798e-08 2.97204e-08 1.88466e-08 1.19345e-08 7.54742e-09 4.76703e-09 3.00733e-09 1.89506e-09 1.19289e-09 7.50118e-10 4.71233e-10 2.95757e-10 1.85459e-10 1.16195e-10 7.27398e-11 4.55002e-11 2.84398e-11 1.77632e-11 1.1087e-11 6.91528e-12 4.31045e-12 2.68511e-12 1.67162e-12 1.04006e-12 6.46739e-13 4.0194e-13 2.49667e-13 1.55002e-13 9.61817e-14 5.96536e-14 3.69807e-14 2.29146e-14 1.41924e-14 8.78637e-15 5.43725e-15 3.36333e-15 2.07962e-15 1.28537e-15 7.94158e-16 4.90482e-16 3.02817e-16 1.86889e-16 1.15302e-16 7.11119e-17 4.38433e-17 2.70224e-17 1.66497e-17 1.02554e-17 6.31495e-18 3.88738e-18 2.39231e-18 1.47182e-18 9.05254e-19 5.56631e-19 3.42174e-19 2.10288e-19 1.29202e-19 7.93619e-20 4.87358e-20 2.99212e-20 1.83656e-20 1.12702e-20 6.91441e-21 4.24113e-21 2.60082e-21 1.59458e-21 9.77432e-22 5.99012e-22 3.67024e-22 2.24836e-22 1.37705e-22 8.43228e-23 5.16247e-23 3.16e-23 1.9339e-23 1.18332e-23 7.23918e-24 4.42791e-24 2.70789e-24 1.65572e-24 1.01221e-24 6.18696e-25 3.78106e-25 2.31035e-25 1.41147e-25
9.6607e-05 1.95739e-05 1.30765e-05 8.68342e-06 5.7359e-06 3.7713e-06 2.46933e-06 1.61083e-06 1.04727e-06 6.78798e-07 4.38741e-07 2.82853e-07 1.81923e-07 1.16751e-07 7.47745e-08 4.77993e-08 3.05014e-08 1.94311e-08 1.23594e-08 7.84977e-09 4.97869e-09 3.15357e-09 1.99503e-09 1.26062e-09 7.95664e-10 5.01662e-10 3.15972e-10 1.98821e-10 1.24989e-10 7.8504e-11 4.92652e-11 3.08909e-11 1.93544e-11 1.2117e-11 7.58046e-12 4.73902e-12 2.96064e-12 1.8484e-12 1.15327e-12 7.19121e-13 4.48139e-13 2.79109e-13 1.73738e-13 1.08088e-13 6.72102e-14 4.17706e-14 2.59473e-14 1.61103e-14 9.99802e-15 6.20192e-15 3.84544e-15 2.38331e-15 1.47649e-15 9.14332e-16 5.65984e-16 3.50216e-16 2.16622e-16 1.33939e-16 8.27858e-17 5.11506e-17 3.15934e-17 1.95072e-17 1.20406e-17 7.42957e-18 4.5829e-18 2.82607e-18 1.74219e-18 1.07368e-18 6.61505e-19 4.07441e-19 2.50886e-19 1.54443e-19 9.50481e-20 5.84796e-20 3.5971e-20 2.21203e-20 1.35995e-20 8.35883e-21 5.13648e-21 3.1556e-21 1.9382e-21 1.19019e-21 7.30696e-22 4.48499e-22 2.75228e-22 1.68862e-22 1.03581e-22 6.35237e-23 3.89499e-23 2.38775e-23 1.46348e-23 8.96812e-24 5.49456e-24 3.36576e-24 2.06135e-24 1.26224e-24 7.7278e-25 4.73034e-25 2.89503e-25 1.77149e-25 1.08381e-25
5.7312e-05 1.19732e-05 8.04493e-06 5.37074e-06 3.56537e-06 2.35519e-06 1.54895e-06 1.0147e-06 6.62357e-07 4.30971e-07 2.79593e-07 1.80898e-07 1.16751e-07 7.51784e-08 4.83057e-08 3.09771e-08 1.9828e-08 1.26696e-08 8.08236e-09 5.1481e-09 3.27436e-09 2.07974e-09 1.31926e-09 8.35825e-10 5.28923e-10 3.34337e-10 2.11113e-10 1.33169e-10 8.39209e-11 5.28364e-11 3.3236e-11 2.08887e-11 1.31177e-11 8.23114e-12 5.16098e-12 3.23359e-12 2.02456e-12 1.26671e-12 7.92028e-13 4.94909e-13 3.09059e-13 1.92885e-13 1.2031e-13 7.50005e-14 4.67292e-14 2.90993e-14 1.81115e-14 1.1267e-14 7.00573e-15 4.35404e-15 2.70478e-15 1.67949e-15 1.0424e-15 6.46703e-16 4.01048e-16 2.48606e-16 1.54048e-16 9.5419e-17 5.90812e-17 3.65683e-17 2.26258e-17 1.39943e-17 8.65264e-18 5.34812e-18 3.30454e-18 2.04118e-18 1.26042e-18 7.78061e-19 4.80156e-19 2.96225e-19 1.82699e-19 1.12649e-19 6.94377e-20 4.27904e-20 2.63621e-20 1.62367e-20 9.99784e-21 6.15464e-21 3.78784e-21 2.33063e-21 1.43367e-21 8.81709e-22 5.42124e-22 3.33253e-22 2.0481e-22 1.25844e-22 7.73068e-23 4.748e-23 2.9155e-23 1.78989e-23 1.09862e-23 6.74194e-24 4.13653e-24 2.53747e-24 1.55627e-24 9.54301e-25 5.85066e-25 3.58629e-25 2.1979e-25 1.34677e-25 8.25088e-26
3.40002e-05 7.31726e-06 4.94444e-06 3.31817e-06 2.21352e-06 1.46889e-06 9.70236e-07 6.38204e-07 4.18232e-07 2.73151e-07 1.77848e-07 1.15469e-07 7.47745e-08 4.83057e-08 3.11369e-08 2.00287e-08 1.28585e-08 8.24025e-09 5.27172e-09 3.36721e-09 2.14749e-09 1.36765e-09 8.69824e-10 5.52499e-10 3.50511e-10 2.22111e-10 1.40591e-10 8.88967e-11 5.61534e-11 3.54362e-11 2.23417e-11 1.40734e-11 8.85747e-12 5.57012e-12 3.50007e-12 2.19764e-12 1.37886e-12 8.64516e-13 5.41663e-13 3.39155e-13 2.12222e-13 1.32712e-13 8.29415e-14 5.18059e-14 3.23401e-14 2.01775e-14 1.25823e-14 7.84202e-15 4.88515e-15 3.04169e-15 1.89298e-15 1.17754e-15 7.32163e-16 4.5504e-16 2.82687e-16 1.75541e-16 1.08962e-16 6.76081e-17 4.19327e-17 2.59981e-17 1.61127e-17 9.98248e-18 6.18235e-18 3.82752e-18 2.36883e-18 1.46557e-18 9.06435e-19 5.60439e-19 3.46405e-19 2.14046e-19 1.32221e-19 8.16514e-20 5.04083e-20 3.11113e-20 1.91961e-20 1.1841e-20 7.30212e-21 4.50189e-21 2.77478e-21 1.70982e-21 1.05334e-21 6.48747e-22 3.99465e-22 2.45912e-22 1.51349e-22 9.31282e-23 5.72907e-23 3.52363e-23 2.16672e-23 1.33205e-23 8.18744e-24 5.03135e-24 3.09124e-24 1.89886e-24 1.16618e-24 7.1607e-25 4.39603e-25 2.69826e-25 1.65587e-25 1.01598e-25 6.2326e-26
2.01706e-05 4.46801e-06 3.036e-06 2.04791e-06 1.37268e-06 9.14996e-07 6.06932e-07 4.00832e-07 2.63682e-07 1.72844e-07 1.12934e-07 7.35721e-08 4.77993e-08 3.09771e-08 2.00287e-08 1.29219e-08 8.32005e-09 5.34696e-09 3.4302e-09 2.1969e-09 1.40482e-09 8.96994e-10 5.71937e-10 3.64191e-10 2.31612e-10 1.4712e-10 9.33435e-11 5.91591e-11 3.74545e-11 2.36893e-11 1.49687e-11 9.44962e-12 5.96021e-12 3.75612e-12 2.36517e-12 1.48813e-12 9.35603e-13 5.87791e-13 3.69017e-13 2.31511e-13 1.45147e-13 9.09429e-14 5.69453e-14 3.56357e-14 2.22874e-14 1.39311e-14 8.70312e-15 5.43414e-15 3.39126e-15 2.1153e-15 1.31877e-15 8.2178e-16 5.11848e-16 3.18661e-16 1.983e-16 1.23347e-16 7.66926e-17 4.76648e-17 2.9612e-17 1.83893e-17 1.14156e-17 7.08381e-18 4.39416e-18 2.72477e-18 1.689e-18 1.0466e-18 6.48314e-19 4.01464e-19 2.48523e-19 1.53798e-19 9.51478e-20 5.88457e-20 3.63832e-20 2.24885e-20 1.38961e-20 8.58433e-21 5.30149e-21 3.27319e-21 2.02036e-21 1.24673e-21 7.69137e-22 4.74379e-22 2.92509e-22 1.80321e-22 1.11134e-22 6.84776e-23 4.2184e-23 2.59805e-23 1.59974e-23 9.84813e-24 6.06128e-24 3.72976e-24 2.2946e-24 1.41137e-24 8.67935e-25 5.33636e-25 3.28032e-25 2.01605e-25 1.23881e-25 7.61068e-26 4.67478e-26
1.19662e-05 2.72601e-06 1.86252e-06 1.2627e-06 8.50338e-07 5.69305e-07 3.79193e-07 2.51411e-07 1.66005e-07 1.09206e-07 7.15989e-08 4.6798e-08 3.05014e-08 1.9828e-08 1.28585e-08 8.32005e-09 5.37221e-09 3.46204e-09 2.22696e-09 1.43003e-09 9.16797e-10 5.86859e-10 3.75115e-10 2.3944e-10 1.52637e-10 9.71815e-11 6.18005e-11 3.92562e-11 2.49089e-11 1.57889e-11 9.99811e-12 6.32514e-12 3.99784e-12 2.52464e-12 1.59297e-12 1.00429e-12 6.3266e-13 3.98247e-13 2.50505e-13 1.57461e-13 9.89085e-14 6.20877e-14 3.89492e-14 2.44187e-14 1.52997e-14 9.58053e-15 5.99583e-15 3.75033e-15 2.34453e-15 1.46492e-15 9.14859e-16 5.71056e-16 3.56281e-16 2.22179e-16 1.38489e-16 8.62846e-17 5.37356e-17 3.34507e-17 2.08146e-17 1.29466e-17 8.04954e-18 5.00285e-18 3.10813e-18 1.93028e-18 1.19835e-18 7.43692e-19 4.61372e-19 2.86129e-19 1.77389e-19 1.09939e-19 6.81138e-20 4.21874e-20 2.61214e-20 1.61689e-20 1.00054e-20 6.18958e-21 3.82794e-21 2.36672e-21 1.46288e-21 9.03969e-22 5.58448e-22 3.44904e-22 2.12962e-22 1.31461e-22 8.11305e-23 5.0057e-23 3.08774e-23 1.90421e-23 1.17405e-23 7.23705e-24 4.46003e-24 2.748e-24 1.69279e-24 1.04254e-24 6.41938e-25 3.95187e-25 2.43233e-25 1.49677e-25 9.20872e-26 5.66447e-26 3.48365e-26
7.0989e-06 1.66192e-06 1.14165e-06 7.77835e-07 5.26231e-07 3.53832e-07 2.3663e-07 1.57492e-07 1.04371e-07 6.89002e-08 4.53246e-08 2.97204e-08 1.94311e-08 1.26696e-08 8.24025e-09 5.34696e-09 3.46204e-09 2.23705e-09 1.44277e-09 9.2884e-10 5.96974e-10 3.83072e-10 2.45445e-10 1.5704e-10 1.00341e-10 6.40304e-11 4.08097e-11 2.59796e-11 1.65203e-11 1.04939e-11 6.65906e-12 4.22145e-12 2.67363e-12 1.69179e-12 1.06958e-12 6.75637e-13 4.26445e-13 2.68951e-13 1.69494e-13 1.06738e-13 6.71704e-14 4.22416e-14 2.65469e-14 1.66729e-14 1.04649e-14 6.56449e-15 4.11538e-15 2.57853e-15 1.61471e-15 1.01061e-15 6.32183e-16 3.95259e-16 2.47005e-16 1.54283e-16 9.63223e-17 6.01084e-17 3.74929e-17 2.33761e-17 1.45683e-17 9.07539e-18 5.65124e-18 3.51762e-18 2.18869e-18 1.3613e-18 8.46372e-19 5.26029e-19 3.26816e-19 2.02975e-19 1.26019e-19 7.82132e-20 4.85269e-20 3.00984e-20 1.86624e-20 1.15679e-20 7.16823e-21 4.44056e-21 2.75002e-21 1.70258e-21 1.0538e-21 6.52057e-22 4.03362e-22 2.49452e-22 1.54229e-22 9.53302e-23 5.89094e-23 3.63939e-23 2.24785e-23 1.38803e-23 8.56892e-24 5.28873e-24 3.26345e-24 2.01327e-24 1.24174e-24 7.65707e-25 4.72063e-25 2.90967e-25 1.79307e-25 1.10473e-25 6.80504e-26 4.19098e-26 2.58056e-26
4.21141e-06 1.01246e-06 6.9923e-07 4.78736e-07 3.25348e-07 2.19685e-07 1.47501e-07 9.85407e-08 6.55374e-08 4.34122e-08 2.86514e-08 1.88466e-08 1.23594e-08 8.08236e-09 5.27172e-09 3.4302e-09 2.22696e-09 1.44277e-09 9.32881e-10 6.02082e-10 3.8791e-10 2.49513e-10 1.60245e-10 1.02763e-10 6.58086e-11 4.20875e-11 2.68828e-11 1.71504e-11 1.09288e-11 6.9565e-12 4.42336e-12 2.80979e-12 1.78309e-12 1.13049e-12 7.16095e-13 4.53209e-13 2.86592e-13 1.81084e-13 1.14329e-13 7.21289e-14 4.54722e-14 2.86468e-14 1.80348e-14 1.13465e-14 7.13397e-15 4.48263e-15 2.81496e-15 1.76667e-15 1.10814e-15 6.94689e-16 4.35265e-16 2.72577e-16 1.70609e-16 1.06733e-16 6.67398e-17 4.17124e-17 2.60583e-17 1.62716e-17 1.0156e-17 6.33621e-18 3.95142e-18 2.4632e-18 1.53487e-18 9.5603e-19 5.95258e-19 3.70489e-19 2.30508e-19 1.43364e-19 8.91335e-20 5.53976e-20 3.44186e-20 2.13773e-20 1.3273e-20 8.23847e-21 5.11196e-21 3.17099e-21 1.9664e-21 1.21904e-21 7.55508e-22 4.68096e-22 2.89941e-22 1.79541e-22 1.11147e-22 6.87889e-23 4.25622e-23 2.63279e-23 1.62817e-23 1.00664e-23 6.22217e-24 3.84507e-24 2.37554e-24 1.4673e-24 9.061e-25 5.59415e-25 3.45298e-25 2.13088e-25 1.31471e-25 8.10972e-26 5.0014e-26 3.0838e-26 1.90104e-26
2.49841e-06 6.16378e-07 4.27937e-07 2.94406e-07 2.00969e-07 1.36264e-07 9.18475e-08 6.15865e-08 4.11035e-08 2.73182e-08 1.80875e-08 1.19345e-08 7.84977e-09 5.1481e-09 3.36721e-09 2.1969e-09 1.43003e-09 9.2884e-10 6.02082e-10 3.89533e-10 2.51568e-10 1.62193e-10 1.04403e-10 6.71027e-11 4.30667e-11 2.76026e-11 1.76682e-11 1.12953e-11 7.21252e-12 4.60028e-12 2.93096e-12 1.86544e-12 1.1861e-12 7.5343e-13 4.78149e-13 3.03177e-13 1.92069e-13 1.21579e-13 7.68977e-14 4.85996e-14 3.06922e-14 1.9369e-14 1.22148e-14 7.69782e-15 4.84802e-15 3.05129e-15 1.91926e-15 1.20649e-15 7.57981e-16 4.75933e-16 2.98671e-16 1.8733e-16 1.17434e-16 7.35793e-17 4.60789e-17 2.88428e-17 1.80454e-17 1.12849e-17 7.05388e-18 4.40726e-18 2.75246e-18 1.71827e-18 1.07222e-18 6.68803e-19 4.17006e-19 2.59908e-19 1.61931e-19 1.00852e-19 6.2788e-20 3.90765e-20 2.43111e-20 1.51197e-20 9.40023e-21 5.84239e-21 3.62996e-21 2.25463e-21 1.39996e-21 8.69006e-22 5.39262e-22 3.3454e-22 2.07478e-22 1.28639e-22 7.97355e-23 4.94096e-23 3.06094e-23 1.89575e-23 1.17381e-23 7.26606e-24 4.49668e-24 2.78213e-24 1.7209e-24 1.06422e-24 6.57963e-25 4.06697e-25 2.51328e-25 1.55279e-25 9.5915e-26 5.92333e-26 3.65721e-26 2.25758e-26 1.39329e-26
1.48218e-06 3.75001e-07 2.61715e-07 1.80907e-07 1.24033e-07 8.44421e-08 5.71356e-08 3.84498e-08 2.575e-08 1.71701e-08 1.14041e-08 7.54742e-09 4.97869e-09 3.27436e-09 2.14749e-09 1.40482e-09 9.16797e-10 5.96974e-10 3.8791e-10 2.51568e-10 1.62846e-10 1.05231e-10 6.78888e-11 4.37295e-11 2.81261e-11 1.80649e-11 1.15872e-11 7.4228e-12 4.74928e-12 3.03516e-12 1.93754e-12 1.23554e-12 7.87072e-13 5.00892e-13 3.18465e-13 2.02294e-13 1.28387e-13 8.14121e-14 5.15824e-14 3.26565e-14 2.06588e-14 1.30592e-14 8.24933e-15 5.20735e-15 3.2849e-15 2.07082e-15 1.30463e-15 8.21418e-16 5.16868e-16 3.25044e-16 2.04295e-16 1.28331e-16 8.05702e-17 5.05577e-17 3.17087e-17 1.98771e-17 1.24542e-17 7.79964e-18 4.88236e-18 3.05485e-18 1.91054e-18 1.19436e-18 7.46329e-19 4.66172e-19 2.91062e-19 1.81658e-19 1.13332e-19 7.06785e-20 4.40616e-20 2.74584e-20 1.71054e-20 1.06522e-20 6.6313e-21 4.12677e-21 2.56731e-21 1.59663e-21 9.92646e-22 6.16946e-22 3.83325e-22 2.38098e-22 1.47848e-22 9.17802e-23 5.69585e-23 3.53383e-23 2.19186e-23 1.35913e-23 8.42545e-24 5.22169e-24 3.23532e-24 2.00407e-24 1.24108e-24 7.68381e-25 4.75609e-25 2.9432e-25 1.8209e-25 1.12629e-25 6.96495e-26 4.30612e-26 2.66169e-26 1.64488e-26 1.01629e-26
8.793e-07 2.28008e-07 1.59949e-07 1.11082e-07 7.64884e-08 5.22826e-08 3.55088e-08 2.39808e-08 1.61143e-08 1.07796e-08 7.18171e-09 4.76703e-09 3.15357e-09 2.07974e-09 1.36765e-09 8.96994e-10 5.86859e-10 3.83072e-10 2.49513e-10 1.62193e-10 1.05231e-10 6.81525e-11 4.4064e-11 2.84441e-11 1.83332e-11 1.17994e-11 7.58376e-12 4.86788e-12 3.1207e-12 1.99822e-12 1.27802e-12 8.165e-13 5.21094e-13 3.32228e-13 2.11609e-13 1.34655e-13 8.56092e-14 5.438e-14 3.45138e-14 2.18873e-14 1.38692e-14 8.78171e-15 5.55632e-15 3.51306e-15 2.21965e-15 1.40149e-15 8.84327e-16 5.57649e-16 3.51433e-16 2.21342e-16 1.39326e-16 8.76502e-17 5.51106e-17 3.46325e-17 2.17523e-17 1.36554e-17 8.56815e-18 5.37351e-18 3.3684e-18 2.11051e-18 1.32176e-18 8.27422e-19 5.17741e-19 3.23828e-19 2.02458e-19 1.26526e-19 7.90413e-20 4.9358e-20 3.08103e-20 1.92252e-20 1.19919e-20 7.47739e-21 4.66078e-21 2.90414e-21 1.80896e-21 1.12641e-21 7.01166e-22 4.36322e-22 2.71429e-22 1.688e-22 1.04944e-22 6.52244e-23 4.05263e-23 2.51732e-23 1.56321e-23 9.70454e-24 6.02301e-24 3.7371e-24 2.31815e-24 1.43759e-24 8.91283e-25 5.52442e-25 3.42334e-25 2.12084e-25 1.31359e-25 8.13406e-26 5.03563e-26 3.11674e-26 1.92863e-26 1.19316e-26 7.37993e-27
5.21643e-07 1.38551e-07 9.7691e-08 6.81587e-08 4.71322e-08 3.23439e-08 2.20484e-08 1.49423e-08 1.0074e-08 6.76026e-09 4.51752e-09 3.00733e-09 1.99503e-09 1.31926e-09 8.69824e-10 5.71937e-10 3.75115e-10 2.45445e-10 1.60245e-10 1.04403e-10 6.78888e-11 4.4064e-11 2.85507e-11 1.84686e-11 1.19282e-11 7.69264e-12 4.95406e-12 3.18613e-12 2.04649e-12 1.31287e-12 8.41249e-13 5.38441e-13 3.44257e-13 2.19875e-13 1.40293e-13 8.9429e-14 5.69533e-14 3.62386e-14 2.30382e-14 1.46341e-14 9.28821e-15 5.89061e-15 3.73302e-15 2.36398e-15 1.49596e-15 9.4601e-16 5.97836e-16 3.77561e-16 2.38297e-16 1.50309e-16 9.47525e-17 5.9696e-17 3.75885e-17 2.36551e-17 1.48786e-17 9.35344e-18 5.87705e-18 3.69089e-18 2.31682e-18 1.4536e-18 9.11589e-19 5.71419e-19 3.58029e-19 2.24229e-19 1.40373e-19 8.78402e-20 5.49448e-20 3.43548e-20 2.14723e-20 1.34154e-20 8.37849e-21 5.23081e-21 3.26449e-21 2.03661e-21 1.27014e-21 7.91856e-22 4.9351e-22 3.07471e-22 1.91501e-22 1.19235e-22 7.42161e-23 4.61808e-23 2.87272e-23 1.78648e-23 1.11065e-23 6.90292e-24 4.2891e-24 2.66428e-24 1.65453e-24 1.0272e-24 6.3756e-25 3.95616e-25 2.45424e-25 1.52212e-25 9.43792e-26 5.85055e-26 3.62588e-26 2.24661e-26 1.39168e-26 8.6189e-27 5.33662e-27
3.09464e-07 8.41445e-08 5.96292e-08 4.17933e-08 2.90216e-08 1.99932e-08 1.36788e-08 9.30202e-09 6.29177e-09 4.23526e-09 2.83861e-09 1.89506e-09 1.26062e-09 8.35825e-10 5.52499e-10 3.64191e-10 2.3944e-10 1.5704e-10 1.02763e-10 6.71027e-11 4.37295e-11 2.84441e-11 1.84686e-11 1.19714e-11 7.74755e-12 5.00637e-12 3.23038e-12 2.08155e-12 1.33952e-12 8.60925e-13 5.52662e-13 3.54366e-13 2.26968e-13 1.45216e-13 9.2816e-14 5.92656e-14 3.78069e-14 2.40959e-14 1.53437e-14 9.76221e-15 6.20594e-15 3.94204e-15 2.50207e-15 1.58691e-15 1.00575e-15 6.36978e-16 4.03145e-16 2.54982e-16 1.61168e-16 1.01806e-16 6.42697e-17 4.0549e-17 2.55683e-17 1.61132e-17 1.01489e-17 6.38894e-18 4.01985e-18 2.52796e-18 1.58896e-18 9.98265e-19 6.26863e-19 3.93458e-19 2.46846e-19 1.54797e-19 9.70307e-20 6.07956e-20 3.80762e-20 2.38374e-20 1.49174e-20 9.33156e-21 5.83513e-21 3.6474e-21 2.27907e-21 1.42355e-21 8.88866e-22 5.54815e-22 3.46187e-22 2.15938e-22 1.34649e-22 8.39342e-23 5.23041e-23 3.25835e-23 2.0292e-23 1.26335e-23 7.86306e-24 4.89253e-24 3.04335e-24 1.89255e-24 1.17658e-24 7.31269e-25 4.54377e-25 2.82255e-25 1.75288e-25 1.08831e-25 6.75527e-26 4.19204e-26 2.60076e-26 1.61314e-26 1.00032e-26 6.20161e-27 3.84388e-27
1.83589e-07 5.10751e-08 3.63754e-08 2.56102e-08 1.78575e-08 1.23494e-08 8.47937e-09 5.78575e-09 3.92594e-09 2.65078e-09 1.78183e-09 1.19289e-09 7.95664e-10 5.28923e-10 3.50511e-10 2.31612e-10 1.52637e-10 1.00341e-10 6.58086e-11 4.30667e-11 2.81261e-11 1.83332e-11 1.19282e-11 7.74755e-12 5.02391e-12 3.2527e-12 2.10282e-12 1.35753e-12 8.75212e-13 5.63531e-13 3.62399e-13 2.3278e-13 1.49352e-13 9.57204e-14 6.12836e-14 3.91965e-14 2.50454e-14 1.59884e-14 1.01974e-14 6.4982e-15 4.13745e-15 2.63219e-15 1.67325e-15 1.06285e-15 6.74621e-16 4.27894e-16 2.71212e-16 1.71786e-16 1.08738e-16 6.87853e-17 4.3485e-17 2.74739e-17 1.73478e-17 1.09476e-17 6.90478e-18 4.35254e-18 2.74224e-18 1.72679e-18 1.08682e-18 6.83684e-19 4.29877e-19 2.70164e-19 1.69711e-19 1.0656e-19 6.68787e-20 4.19558e-20 2.63095e-20 1.64912e-20 1.03327e-20 6.47147e-21 4.05156e-21 2.53556e-21 1.58622e-21 9.91957e-22 6.20105e-22 3.8751e-22 2.42075e-22 1.5117e-22 9.43711e-23 5.88935e-23 3.67414e-23 2.29142e-23 1.42862e-23 8.90426e-24 5.54812e-24 3.45593e-24 2.15207e-24 1.33975e-24 8.33811e-25 5.18788e-25 3.22696e-25 2.00669e-25 1.24753e-25 7.75368e-26 4.81784e-26 2.99287e-26 1.85872e-26 1.15407e-26 7.16382e-27 4.44584e-27 2.75842e-27
1.08914e-07 3.09862e-08 2.21775e-08 1.56838e-08 1.09807e-08 7.62243e-09 5.25223e-09 3.59569e-09 2.44756e-09 1.65754e-09 1.11738e-09 7.50118e-10 5.01662e-10 3.34337e-10 2.22111e-10 1.4712e-10 9.71815e-11 6.40304e-11 4.20875e-11 2.76026e-11 1.80649e-11 1.17994e-11 7.69264e-12 5.00637e-12 3.2527e-12 2.10996e-12 1.36661e-12 8.83878e-13 5.70875e-13 3.6823e-13 2.37219e-13 1.52636e-13 9.80986e-14 6.29775e-14 4.03872e-14 2.58735e-14 1.65591e-14 1.05878e-14 6.76348e-15 4.31668e-15 2.75268e-15 1.75388e-15 1.11659e-15 7.10312e-16 4.51518e-16 2.86802e-16 1.82046e-16 1.15472e-16 7.31953e-17 4.63665e-17 2.93527e-17 1.85705e-17 1.17419e-17 7.41989e-18 4.68606e-18 2.95785e-18 1.86598e-18 1.17654e-18 7.41452e-19 4.67023e-19 2.94021e-19 1.85016e-19 1.16368e-19 7.31574e-20 4.59712e-20 2.8875e-20 1.81288e-20 1.13771e-20 7.13696e-21 4.47526e-21 2.80511e-21 1.75757e-21 1.1008e-21 6.89191e-22 4.31331e-22 2.69852e-22 1.68766e-22 1.0551e-22 6.59404e-23 4.11969e-23 2.57296e-23 1.60643e-23 1.00265e-23 6.25608e-24 3.9023e-24 2.43337e-24 1.51693e-24 9.45353e-25 5.88976e-25 3.66841e-25 2.28421e-25 1.42192e-25 8.84904e-26 5.50555e-26 3.42446e-26 2.12946e-26 1.32384e-26 8.228e-27 5.11263e-27 3.17605e-27 1.97255e-27
6.46129e-08 1.87895e-08 1.3514e-08 9.59921e-09 6.74779e-09 4.70155e-09 3.25088e-09 2.23286e-09 1.52461e-09 1.03555e-09 7.00054e-10 4.71233e-10 3.15972e-10 2.11113e-10 1.40591e-10 9.33435e-11 6.18005e-11 4.08097e-11 2.68828e-11 1.76682e-11 1.15872e-11 7.58376e-12 4.95406e-12 3.23038e-12 2.10282e-12 1.36661e-12 8.86783e-13 5.74578e-13 3.71766e-13 2.40219e-13 1.55019e-13 9.99147e-14 6.43221e-14 4.13617e-14 2.65682e-14 1.70479e-14 1.0928e-14 6.99817e-15 4.47735e-15 2.86195e-15 1.82778e-15 1.16631e-15 7.43614e-16 4.73735e-16 3.0157e-16 1.91829e-16 1.21934e-16 7.74514e-17 4.91627e-17 3.11854e-17 1.97691e-17 1.25241e-17 7.92937e-18 5.01731e-18 3.17285e-18 2.00531e-18 1.2667e-18 7.997e-19 5.04606e-19 3.18239e-19 2.00602e-19 1.26387e-19 7.95902e-20 5.00971e-20 3.15185e-20 1.98208e-20 1.24591e-20 7.82821e-21 4.91649e-21 3.0865e-21 1.93687e-21 1.21496e-21 7.61824e-22 4.77507e-22 2.99186e-22 1.87388e-22 1.17324e-22 7.34301e-23 4.59421e-23 2.87342e-23 1.79655e-23 1.12289e-23 7.01606e-24 4.38238e-24 2.73646e-24 1.70818e-24 1.06598e-24 6.65014e-25 4.1475e-25 2.58592e-25 1.61183e-25 1.00439e-25 6.25699e-26 3.89681e-26 2.42626e-26 1.51026e-26 9.39832e-27 5.84708e-27 3.63678e-27 2.26145e-27 1.40589e-27
3.83315e-08 1.13883e-08 8.23063e-09 5.87185e-09 4.14407e-09 2.89803e-09 2.01072e-09 1.38551e-09 9.48929e-10 6.4641e-10 4.38203e-10 2.95757e-10 1.98821e-10 1.33169e-10 8.88967e-11 5.91591e-11 3.92562e-11 2.59796e-11 1.71504e-11 1.12953e-11 7.4228e-12 4.86788e-12 3.18613e-12 2.08155e-12 1.35753e-12 8.83878e-13 5.74578e-13 3.72951e-13 2.4173e-13 1.56464e-13 1.01141e-13 6.52973e-14 4.21055e-14 2.71194e-14 1.74477e-14 1.12132e-14 7.19902e-15 4.61727e-15 2.95856e-15 1.89397e-15 1.21137e-15 7.74109e-16 4.9427e-16 3.15336e-16 2.01021e-16 1.28049e-16 8.15058e-17 5.18428e-17 3.29522e-17 2.09308e-17 1.32861e-17 8.42816e-18 5.34311e-18 3.38524e-18 2.14352e-18 1.35648e-18 8.5793e-19 5.42315e-19 3.42623e-19 2.16348e-19 1.36542e-19 8.61312e-20 5.43052e-20 3.42227e-20 2.15567e-20 1.35722e-20 8.54126e-21 5.37283e-21 3.37828e-21 2.12327e-21 1.33393e-21 8.37696e-22 5.25855e-22 3.2997e-22 2.06975e-22 1.29777e-22 8.1342e-23 5.09654e-23 3.19214e-23 1.99865e-23 1.25095e-23 7.82707e-24 4.89568e-24 3.06115e-24 1.91345e-24 1.19568e-24 7.46921e-25 4.66448e-25 2.91206e-25 1.81748e-25 1.134e-25 7.07347e-26 4.41092e-26 2.74982e-26 1.71381e-26 1.06783e-26 6.65161e-27 4.14227e-27 2.57892e-27 1.60519e-27 9.98865e-28
2.27401e-08 6.89934e-09 5.01035e-09 3.58988e-09 2.54354e-09 1.78521e-09 1.24281e-09 8.59106e-10 5.90168e-10 4.03175e-10 2.74061e-10 1.85459e-10 1.24989e-10 8.39209e-11 5.61534e-11 3.74545e-11 2.49089e-11 1.65203e-11 1.09288e-11 7.21252e-12 4.74928e-12 3.1207e-12 2.04649e-12 1.33952e-12 8.75212e-13 5.70875e-13 3.71766e-13 2.4173e-13 1.56948e-13 1.01759e-13 6.58885e-14 4.26077e-14 2.7519e-14 1.77527e-14 1.14394e-14 7.36324e-15 4.73453e-15 3.04119e-15 1.95158e-15 1.25117e-15 8.01405e-16 5.12865e-16 3.27932e-16 2.09509e-16 1.33744e-16 8.53115e-17 5.43766e-17 3.46337e-17 2.20432e-17 1.40201e-17 8.91112e-18 5.66017e-18 3.59294e-18 2.27929e-18 1.44506e-18 9.15619e-19 5.79821e-19 3.66968e-19 2.32126e-19 1.46753e-19 9.27304e-20 5.85645e-20 3.69683e-20 2.33245e-20 1.47091e-20 9.27166e-21 5.84156e-21 3.67879e-21 2.31574e-21 1.4571e-21 9.16438e-22 5.76153e-22 3.62073e-22 2.27447e-22 1.42822e-22 8.96488e-23 5.6251e-23 3.52821e-23 2.21219e-23 1.38655e-23 8.68749e-24 5.44133e-24 3.40698e-24 2.1325e-24 1.33434e-24 8.34652e-25 5.21923e-25 3.26266e-25 2.03895e-25 1.27382e-25 7.95577e-26 4.9674e-26 3.10064e-26 1.93487e-26 1.20706e-26 7.52817e-27 4.69388e-27 2.92589e-27 1.82335e-27 1.13598e-27 7.07557e-28
1.34905e-08 4.178e-09 3.04857e-09 2.19362e-09 1.56029e-09 1.09903e-09 7.67676e-10 5.32329e-10 3.66774e-10 2.5127e-10 1.71264e-10 1.16195e-10 7.8504e-11 5.28364e-11 3.54362e-11 2.36893e-11 1.57889e-11 1.04939e-11 6.9565e-12 4.60028e-12 3.03516e-12 1.99822e-12 1.31287e-12 8.60925e-13 5.63531e-13 3.6823e-13 2.40219e-13 1.56464e-13 1.01759e-13 6.60865e-14 4.28607e-14 2.77612e-14 1.79586e-14 1.16034e-14 7.48849e-15 4.82748e-15 3.10872e-15 1.99983e-15 1.2852e-15 8.25148e-16 5.29283e-16 3.39198e-16 2.17191e-16 1.38951e-16 8.88234e-17 5.67346e-17 3.62105e-17 2.30939e-17 1.47178e-17 9.37312e-18 5.96522e-18 3.79383e-18 2.41128e-18 1.53159e-18 9.72227e-19 6.16782e-19 3.91058e-19 2.478e-19 1.56935e-19 9.93344e-20 6.28418e-20 3.97347e-20 2.51114e-20 1.58619e-20 1.00145e-20 6.31965e-21 3.98617e-21 2.51315e-21 1.58375e-21 9.97623e-22 6.28142e-22 3.95336e-22 2.48711e-22 1.56404e-22 9.8317e-23 6.17787e-23 3.88046e-23 2.43649e-23 1.52927e-23 9.59505e-24 6.01805e-24 3.77321e-24 2.36493e-24 1.48176e-24 9.28097e-25 5.81121e-25 3.63748e-25 2.27613e-25 1.42383e-25 8.90401e-26 5.56651e-26 3.47897e-26 2.17366e-26 1.35771e-26 8.47817e-27 5.29266e-27 3.30314e-27 2.06092e-27 1.28553e-27 8.01651e-28 4.99778e-28
8.00323e-09 2.52901e-09 1.85408e-09 1.33976e-09 9.56615e-10 6.76207e-10 4.73891e-10 3.29628e-10 2.27779e-10 1.56482e-10 1.06941e-10 7.27398e-11 4.92652e-11 3.3236e-11 2.23417e-11 1.49687e-11 9.99811e-12 6.65906e-12 4.42336e-12 2.93096e-12 1.93754e-12 1.27802e-12 8.41249e-13 5.52662e-13 3.62399e-13 2.37219e-13 1.55019e-13 1.01141e-13 6.58885e-14 4.28607e-14 2.78423e-14 1.80623e-14 1.17027e-14 7.57301e-15 4.89483e-15 3.1602e-15 2.03806e-15 1.313e-15 8.45024e-16 5.43311e-16 3.48993e-16 2.23968e-16 1.43606e-16 9.1999e-17 5.88889e-17 3.76646e-17 2.40709e-17 1.53717e-17 9.80912e-18 6.25499e-18 3.98583e-18 2.53814e-18 1.6152e-18 1.0272e-18 6.52849e-19 4.14671e-19 2.6323e-19 1.66999e-19 1.05887e-19 6.71017e-20 4.24998e-20 2.69036e-20 1.70219e-20 1.07643e-20 6.80376e-21 4.29833e-21 2.71422e-21 1.71312e-21 1.08077e-21 6.81529e-22 4.29582e-22 2.70658e-22 1.70456e-22 1.07306e-22 6.75247e-23 4.24745e-23 2.67069e-23 1.67862e-23 1.05468e-23 6.62407e-24 4.15886e-24 2.61016e-24 1.63761e-24 1.02708e-24 6.43944e-25 4.03598e-25 2.52877e-25 1.5839e-25 9.91767e-26 6.20807e-26 3.88481e-26 2.43026e-26 1.51987e-26 9.50237e-27 5.93927e-27 3.71117e-27 2.31829e-27 1.44778e-27 9.03904e-28 5.64189e-28 3.52057e-28
4.7479e-09 1.53024e-09 1.12712e-09 8.1787e-10 5.86198e-10 4.1582e-10 2.92359e-10 2.03981e-10 1.41362e-10 9.73814e-11 6.67257e-11 4.55002e-11 3.08909e-11 2.08887e-11 1.40734e-11 9.44962e-12 6.32514e-12 4.22145e-12 2.80979e-12 1.86544e-12 1.23554e-12 8.165e-13 5.38441e-13 3.54366e-13 2.3278e-13 1.52636e-13 9.99147e-14 6.52973e-14 4.26077e-14 2.77612e-14 1.80623e-14 1.1736e-14 7.61557e-15 4.93563e-15 3.19493e-15 2.06576e-15 1.33418e-15 8.60768e-16 5.54764e-16 3.57188e-16 2.29756e-16 1.4765e-16 9.47995e-17 6.08135e-17 3.89786e-17 2.49629e-17 1.59742e-17 1.02142e-17 6.5263e-18 4.16687e-18 2.65855e-18 1.69504e-18 1.07999e-18 6.87667e-19 4.37581e-19 2.7827e-19 1.76853e-19 1.12331e-19 7.13076e-20 4.52404e-20 2.86865e-20 1.818e-20 1.15155e-20 7.2903e-21 4.61307e-21 2.91756e-21 1.84434e-21 1.16535e-21 7.35985e-22 4.64607e-22 2.93163e-22 1.84902e-22 1.16571e-22 7.34609e-23 4.62747e-23 2.91377e-23 1.83398e-23 1.1539e-23 7.25724e-24 4.56262e-24 2.86745e-24 1.80145e-24 1.13134e-24 7.10248e-25 4.45738e-25 2.79642e-25 1.7538e-25 1.09955e-25 6.89147e-26 4.31788e-26 2.70454e-26 1.69349e-26 1.06009e-26 6.63395e-27 4.15025e-27 2.59568e-27 1.62295e-27 1.01446e-27 6.33941e-28 3.96044e-28 2.47355e-28
2.81668e-09 9.25552e-10 6.84909e-10 4.99049e-10 3.59033e-10 2.55562e-10 1.80262e-10 1.2615e-10 8.76737e-11 6.05604e-11 4.16034e-11 2.84398e-11 1.93544e-11 1.31177e-11 8.85747e-12 5.96021e-12 3.99784e-12 2.67363e-12 1.78309e-12 1.1861e-12 7.87072e-13 5.21094e-13 3.44257e-13 2.26968e-13 1.49352e-13 9.80986e-14 6.43221e-14 4.21055e-14 2.7519e-14 1.79586e-14 1.17027e-14 7.61557e-15 4.94929e-15 3.21242e-15 2.08253e-15 1.34847e-15 8.72169e-16 5.63491e-16 3.63677e-16 2.3448e-16 1.51032e-16 9.71897e-17 6.24847e-17 4.01366e-17 2.57593e-17 1.65183e-17 1.05838e-17 6.77611e-18 4.33496e-18 2.7712e-18 1.77026e-18 1.13006e-18 7.20885e-19 4.5956e-19 2.92777e-19 1.86404e-19 1.18606e-19 7.54217e-20 4.79325e-20 3.04449e-20 1.93266e-20 1.22619e-20 7.77549e-21 4.92799e-21 3.12169e-21 1.97647e-21 1.25078e-21 7.9115e-22 5.00189e-22 3.16088e-22 1.99658e-22 1.26059e-22 7.95554e-23 5.01859e-23 3.16455e-23 1.99464e-23 1.25673e-23 7.91494e-24 4.98293e-24 3.13586e-24 1.97272e-24 1.24055e-24 7.79843e-25 4.90055e-25 3.07845e-25 1.93316e-25 1.21355e-25 7.61562e-26 4.77759e-26 2.99622e-26 1.87845e-26 1.17731e-26 7.37648e-27 4.62036e-27 2.89317e-27 1.81111e-27 1.13341e-27 7.09104e-28 4.43516e-28 2.77325e-28 1.7336e-28
