0.984526 0.00763199 5.91627e-05 4.58626e-07 3.55524e-09 2.756e-11 2.13643e-13 1.65615e-15 1.28384e-17 9.95222e-20 7.7149e-22 5.98054e-24 4.63608e-26 3.59386e-28 2.78594e-30 2.15964e-32 1.67414e-34 1.29778e-36 1.00603e-38 7.79871e-41 6.04551e-43 4.68644e-45 3.6329e-47 2.8162e-49 2.1831e-51 1.69233e-53 1.31188e-55 1.01696e-57 7.88343e-60 6.11119e-62 4.73736e-64 3.67237e-66 2.8468e-68 2.20682e-70 1.71071e-72 1.32613e-74 1.02801e-76 7.96908e-79 6.17758e-81 4.78882e-83 3.71226e-85 2.87772e-87 2.23079e-89 1.7293e-91 1.34054e-93 1.03918e-95 8.05565e-98 6.24469e-100 4.84085e-102 3.75259e-104 2.90899e-106 2.25503e-108 1.74808e-110 1.3551e-112 1.05047e-114 8.14317e-117 6.31253e-119 4.89344e-121 3.79336e-123 2.94059e-125 2.27953e-127 1.76708e-129 1.36983e-131 1.06188e-133 8.23163e-136 6.38111e-138 4.9466e-140 3.83457e-142 2.97254e-144 2.30429e-146 1.78627e-148 1.38471e-150 1.07342e-152 8.32106e-155 6.45043e-157 5.00033e-159 3.87623e-161 3.00483e-163 2.32932e-165 1.80568e-167 1.39975e-169 1.08508e-171 8.41145e-174 6.52051e-176 5.05466e-178 3.91834e-180 3.03747e-182 2.35463e-184 1.82529e-186 1.41496e-188 1.09687e-190 8.50283e-193 6.59134e-195 5.10957e-197 3.96091e-199 3.07047e-201 2.38021e-203 1.84512e-205 1.43033e-207 1.10878e-209 8.59521e-212
0.00763199 8.85904e-05 9.14869e-07 8.8604e-09 8.23937e-11 7.44978e-13 6.59879e-15 5.75393e-17 4.95544e-19 4.22517e-21 3.5728e-23 3.00021e-25 2.5045e-27 2.08005e-29 1.71986e-31 1.4165e-33 1.16261e-35 9.51291e-38 7.76226e-40 6.31796e-42 5.13075e-44 4.15803e-46 3.36336e-48 2.71584e-50 2.18948e-52 1.76253e-54 1.41688e-56 1.13757e-58 9.12235e-61 7.30723e-63 5.84718e-65 4.6743e-67 3.73326e-69 2.97909e-71 2.37533e-73 1.89248e-75 1.50668e-77 1.19869e-79 9.53039e-82 7.57255e-84 6.01333e-86 4.77246e-88 3.7856e-90 3.00125e-92 2.37824e-94 1.88367e-96 1.49127e-98 1.1801e-100 9.33471e-103 7.38091e-105 5.8338e-107 4.60927e-109 3.64048e-111 2.87433e-113 2.26867e-115 1.79006e-117 1.41198e-119 1.11343e-121 8.77748e-124 6.91764e-126 5.4504e-128 4.29325e-130 3.38092e-132 2.66181e-134 2.09516e-136 1.64876e-138 1.29718e-140 1.02035e-142 8.02433e-145 6.30926e-147 4.95978e-149 3.89818e-151 3.06323e-153 2.40669e-155 1.89052e-157 1.4848e-159 1.16595e-161 9.15426e-164 7.18614e-166 5.64028e-168 4.42628e-170 3.47306e-172 2.72473e-174 2.13734e-176 1.67634e-178 1.3146e-180 1.03078e-182 8.08132e-185 6.33497e-187 4.96539e-189 3.89143e-191 3.0494e-193 2.38929e-195 1.87187e-197 1.46633e-199 1.14853e-201 8.99511e-204 7.0441e-206 5.51569e-208 4.31848e-210 3.3808e-212
5.91627e-05 9.14869e-07 1.15084e-08 1.30266e-10 1.38092e-12 1.39914e-14 1.37114e-16 1.30964e-18 1.22558e-20 1.12793e-22 1.02372e-24 9.18247e-27 8.15354e-29 7.17659e-31 6.26825e-33 5.43774e-35 4.68873e-37 4.02098e-39 3.43145e-41 2.91537e-43 2.46689e-45 2.07968e-47 1.7473e-49 1.46345e-51 1.22216e-53 1.01791e-55 8.45682e-58 7.00958e-60 5.79737e-62 4.78502e-64 3.94189e-66 3.24148e-68 2.661e-70 2.18098e-72 1.78484e-74 1.45856e-76 1.19031e-78 9.70134e-81 7.89718e-83 6.42102e-85 5.21498e-87 4.23096e-89 3.42913e-91 2.77656e-93 2.24609e-95 1.81535e-97 1.46596e-99 1.18284e-101 9.53652e-104 7.68288e-106 6.18503e-108 4.97571e-110 4.00014e-112 3.21375e-114 2.58033e-116 2.0705e-118 1.66043e-120 1.33082e-122 1.06606e-124 8.53519e-127 6.83001e-129 5.46278e-131 4.36713e-133 3.4896e-135 2.78714e-137 2.22511e-139 1.77565e-141 1.41639e-143 1.12937e-145 9.00151e-148 7.17184e-150 5.71195e-152 4.5476e-154 3.61932e-156 2.87954e-158 2.2902e-160 1.82089e-162 1.44729e-164 1.14999e-166 9.13484e-169 7.25404e-171 5.75884e-173 4.57054e-175 3.62645e-177 2.87659e-179 2.2812e-181 1.80857e-183 1.43351e-185 1.13595e-187 8.99937e-190 7.12795e-192 5.6444e-194 4.46862e-196 3.53699e-198 2.79899e-200 2.2145e-202 1.75171e-204 1.38535e-206 1.0954e-208 8.65966e-211 6.84456e-213
4.58626e-07 8.8604e-09 1.30266e-10 1.67205e-12 1.97321e-14 2.19716e-16 2.34355e-18 2.41781e-20 2.4288e-22 2.387e-24 2.3033e-26 2.18814e-28 2.05096e-30 1.89996e-32 1.742e-34 1.5826e-36 1.42606e-38 1.27556e-40 1.13337e-42 1.00094e-44 8.79105e-47 7.68186e-49 6.68132e-51 5.78605e-53 4.99072e-55 4.28873e-57 3.67274e-59 3.13504e-61 2.66797e-63 2.26403e-65 1.91612e-67 1.61759e-69 1.36232e-71 1.14476e-73 9.59902e-76 8.03271e-78 6.7091e-80 5.5934e-82 4.65515e-84 3.86788e-86 3.20869e-88 2.65783e-90 2.19838e-92 1.81584e-94 1.49788e-96 1.23404e-98 1.01543e-100 8.34573e-103 6.85158e-105 5.61885e-107 4.60311e-109 3.76722e-111 3.08013e-113 2.51602e-115 2.05336e-117 1.67433e-119 1.36411e-121 1.11046e-123 9.03272e-126 7.34177e-128 5.96297e-130 4.83965e-132 3.92522e-134 3.18142e-136 2.57688e-138 2.08589e-140 1.68741e-142 1.36424e-144 1.10232e-146 8.90182e-149 7.18473e-151 5.79574e-153 4.67283e-155 3.76557e-157 3.03295e-159 2.44169e-161 1.96477e-163 1.58028e-165 1.27046e-167 1.02093e-169 8.20062e-172 6.5844e-174 5.28456e-176 4.23964e-178 3.40001e-180 2.72562e-182 2.18419e-184 1.74967e-186 1.4011e-188 1.12157e-190 8.97513e-193 7.17973e-195 5.74162e-197 4.59009e-199 3.66836e-201 2.93082e-203 2.34086e-205 1.86911e-207 1.49199e-209 1.19063e-211 9.49874e-214
3.55524e-09 8.23937e-11 1.38092e-12 1.97321e-14 2.55425e-16 3.0873e-18 3.54637e-20 3.91559e-22 4.18789e-24 4.36326e-26 4.44695e-28 4.44783e-30 4.37695e-32 4.24639e-34 4.06833e-36 3.85444e-38 3.61543e-40 3.36076e-42 3.09858e-44 2.83562e-46 2.57732e-48 2.32791e-50 2.0905e-52 1.86728e-54 1.65963e-56 1.46826e-58 1.29337e-60 1.13471e-62 9.91756e-65 8.63731e-67 7.49716e-69 6.48698e-71 5.59618e-73 4.81409e-75 4.13022e-77 3.5345e-79 3.0174e-81 2.57003e-83 2.18421e-85 1.85242e-87 1.5679e-89 1.32455e-91 1.11693e-93 9.40203e-96 7.90112e-98 6.62912e-100 5.5533e-102 4.64516e-104 3.87997e-106 3.23636e-108 2.69594e-110 2.24288e-112 1.86366e-114 1.54671e-116 1.28219e-118 1.06172e-120 8.78214e-123 7.25669e-125 5.99017e-127 4.93986e-129 4.06986e-131 3.35e-133 2.75501e-135 2.26374e-137 1.85851e-139 1.52457e-141 1.24965e-143 1.02351e-145 8.37667e-148 6.85068e-150 5.59871e-152 4.57237e-154 3.73166e-156 3.04354e-158 2.48071e-160 2.02071e-162 1.64501e-164 1.33836e-166 1.08824e-168 8.84372e-171 7.18296e-173 5.83093e-175 4.73089e-177 3.8364e-179 3.10948e-181 2.51905e-183 2.03975e-185 1.65086e-187 1.33551e-189 1.0799e-191 8.72836e-194 7.05167e-196 5.69465e-198 4.59687e-200 3.7092e-202 2.99175e-204 2.41213e-206 1.94406e-208 1.56623e-210 1.26137e-212 1.01548e-214
2.756e-11 7.44978e-13 1.39914e-14 2.19716e-16 3.0873e-18 4.01507e-20 4.92915e-22 5.7853e-24 6.54856e-26 7.19394e-28 7.70614e-30 8.0786e-32 8.31212e-34 8.41334e-36 8.3932e-38 8.26557e-40 8.04595e-42 7.75047e-44 7.39508e-46 6.99493e-48 6.56393e-50 6.11449e-52 5.65737e-54 5.20169e-56 4.75489e-58 4.3229e-60 3.91025e-62 3.5202e-64 3.15493e-66 2.81571e-68 2.50303e-70 2.21677e-72 1.95631e-74 1.72069e-76 1.50864e-78 1.31874e-80 1.14944e-82 9.99131e-85 8.66218e-87 7.49117e-89 6.46306e-91 5.56337e-93 4.77848e-95 4.09575e-97 3.50353e-99 2.99117e-101 2.54901e-103 2.16834e-105 1.84136e-107 1.56111e-109 1.3214e-111 1.11679e-113 9.42457e-116 7.942e-118 6.68339e-120 5.61671e-122 4.71416e-124 3.95168e-126 3.3085e-128 2.76675e-130 2.31107e-132 1.92829e-134 1.60719e-136 1.33816e-138 1.11303e-140 9.2487e-143 7.6778e-145 6.36778e-147 5.27649e-149 4.36837e-151 3.61343e-153 2.98647e-155 2.46627e-157 2.03507e-159 1.67795e-161 1.38246e-163 1.13816e-165 9.36363e-168 7.69801e-170 6.32433e-172 5.1923e-174 4.26011e-176 3.49304e-178 2.86229e-180 2.34401e-182 1.91842e-184 1.56919e-186 1.28279e-188 1.04808e-190 8.55845e-193 6.98491e-195 5.69769e-197 4.64528e-199 3.78535e-201 3.08308e-203 2.50987e-205 2.04227e-207 1.661e-209 1.3503e-211 1.09722e-213 8.91181e-216
2.13643e-13 6.59879e-15 1.37114e-16 2.34355e-18 3.54637e-20 4.92915e-22 6.42944e-24 7.98008e-26 9.51522e-28 1.0975e-29 1.23088e-31 1.34767e-33 1.44507e-35 1.52136e-37 1.57588e-39 1.60886e-41 1.62126e-43 1.61459e-45 1.5908e-47 1.55208e-49 1.50073e-51 1.4391e-53 1.36947e-55 1.29397e-57 1.21457e-59 1.13303e-61 1.05087e-63 9.69416e-66 8.89735e-68 8.12703e-70 7.38994e-72 6.69109e-74 6.0339e-76 5.42046e-78 4.85171e-80 4.32765e-82 3.84751e-84 3.40993e-86 3.01308e-88 2.65482e-90 2.33276e-92 2.04441e-94 1.78721e-96 1.55862e-98 1.35612e-100 1.17731e-102 1.0199e-104 8.81726e-107 7.60761e-109 6.5514e-111 5.63146e-113 4.8321e-115 4.13911e-117 3.53962e-119 3.02212e-121 2.57628e-123 2.19292e-125 1.86389e-127 1.582e-129 1.34091e-131 1.13505e-133 9.59567e-136 8.102e-138 6.83254e-140 5.75521e-142 4.84219e-144 4.06948e-146 3.41638e-148 2.86506e-150 2.40025e-152 2.00884e-154 1.67961e-156 1.40301e-158 1.17087e-160 9.76265e-163 8.13284e-165 6.76929e-167 5.62962e-169 4.67799e-171 3.88411e-173 3.22243e-175 2.67143e-177 2.21299e-179 1.83188e-181 1.51532e-183 1.25259e-185 1.0347e-187 8.54141e-190 7.04628e-192 5.80914e-194 4.78619e-196 3.94094e-198 3.24301e-200 2.6671e-202 2.19219e-204 1.80082e-206 1.4785e-208 1.2132e-210 9.94974e-213 8.15571e-215 6.68171e-217
1.65615e-15 5.75393e-17 1.30964e-18 2.41781e-20 3.91559e-22 5.7853e-24 7.98008e-26 1.04304e-27 1.30515e-29 1.57514e-31 1.84374e-33 2.10221e-35 2.3428e-37 2.55903e-39 2.74587e-41 2.89981e-43 3.01879e-45 3.10211e-47 3.15027e-49 3.16477e-51 3.1479e-53 3.10256e-55 3.03205e-57 2.93989e-59 2.8297e-61 2.70506e-63 2.56937e-65 2.42586e-67 2.27744e-69 2.12674e-71 1.97604e-73 1.82731e-75 1.68218e-77 1.54197e-79 1.40772e-81 1.2802e-83 1.15995e-85 1.04732e-87 9.4246e-90 8.45387e-92 7.55991e-94 6.74067e-96 5.9933e-98 5.31442e-100 4.70022e-102 4.14665e-104 3.6495e-106 3.20455e-108 2.80758e-110 2.45451e-112 2.1414e-114 1.8645e-116 1.62027e-118 1.4054e-120 1.21683e-122 1.05171e-124 9.07465e-127 7.81718e-129 6.72325e-131 5.77348e-133 4.95047e-135 4.23861e-137 3.624e-139 3.09425e-141 2.63843e-143 2.24684e-145 1.91095e-147 1.62329e-149 1.37728e-151 1.16719e-153 9.8803e-156 8.35445e-158 7.05664e-160 5.95418e-162 5.01881e-164 4.22615e-166 3.5552e-168 2.98793e-170 2.50883e-172 2.10464e-174 1.76399e-176 1.4772e-178 1.23598e-180 1.03329e-182 8.63143e-185 7.20437e-187 6.00857e-189 5.00743e-191 4.16998e-193 3.47005e-195 2.88553e-197 2.39779e-199 1.99112e-201 1.65231e-203 1.37025e-205 1.1356e-207 9.40531e-210 7.78486e-212 6.43966e-214 5.32371e-216 4.39854e-218
1.28384e-17 4.95544e-19 1.22558e-20 2.4288e-22 4.18789e-24 6.54856e-26 9.51522e-28 1.30515e-29 1.70847e-31 2.15125e-33 2.62116e-35 3.10468e-37 3.58793e-39 4.05751e-41 4.50105e-43 4.90778e-45 5.26882e-47 5.57735e-49 5.82869e-51 6.02022e-53 6.15124e-55 6.22275e-57 6.23722e-59 6.19829e-61 6.11053e-63 5.97915e-65 5.80977e-67 5.6082e-69 5.38024e-71 5.13152e-73 4.86742e-75 4.5929e-77 4.31251e-79 4.0303e-81 3.74981e-83 3.47406e-85 3.20561e-87 2.94651e-89 2.69839e-91 2.46247e-93 2.23961e-95 2.03033e-97 1.83492e-99 1.65337e-101 1.48554e-103 1.33107e-105 1.1895e-107 1.06029e-109 9.42785e-112 8.36318e-114 7.40177e-116 6.5364e-118 5.75988e-120 5.06512e-122 4.44526e-124 3.89371e-126 3.4042e-128 2.97082e-130 2.58805e-132 2.25074e-134 1.95414e-136 1.6939e-138 1.46601e-140 1.26686e-142 1.09314e-144 9.41878e-147 8.10414e-149 6.96349e-151 5.97544e-153 5.12096e-155 4.38313e-157 3.747e-159 3.19935e-161 2.72856e-163 2.32438e-165 1.97788e-167 1.6812e-169 1.4275e-171 1.21083e-173 1.02601e-175 8.68532e-178 7.34515e-180 6.2059e-182 5.23848e-184 4.41786e-186 3.72249e-188 3.13384e-190 2.63603e-192 2.21546e-194 1.86046e-196 1.5611e-198 1.30888e-200 1.09657e-202 9.18002e-205 7.67947e-207 6.41954e-209 5.3625e-211 4.47639e-213 3.73415e-215 3.11289e-217 2.59328e-219
9.95222e-20 4.22517e-21 1.12793e-22 2.387e-24 4.36326e-26 7.19394e-28 1.0975e-29 1.57514e-31 2.15125e-33 2.81927e-35 3.56766e-37 4.38071e-39 5.23956e-41 6.12339e-43 7.01054e-45 7.87959e-47 8.7103e-49 9.48439e-51 1.01861e-52 1.08027e-54 1.13243e-56 1.17446e-58 1.20599e-60 1.22699e-62 1.23764e-64 1.23836e-66 1.22975e-68 1.21257e-70 1.18767e-72 1.15597e-74 1.11844e-76 1.07604e-78 1.02972e-80 9.80415e-83 9.2897e-85 8.76186e-87 8.22786e-89 7.69414e-91 7.16631e-93 6.6492e-95 6.14682e-97 5.66247e-99 5.19872e-101 4.75751e-103 4.34022e-105 3.94768e-107 3.5803e-109 3.23809e-111 2.92076e-113 2.62772e-115 2.35819e-117 2.1112e-119 1.88568e-121 1.68045e-123 1.49429e-125 1.32594e-127 1.17416e-129 1.03768e-131 9.15301e-134 8.05847e-136 7.08194e-138 6.21278e-140 5.44096e-142 4.75709e-144 4.15243e-146 3.61893e-148 3.14913e-150 2.73623e-152 2.37401e-154 2.05682e-156 1.77954e-158 1.53758e-160 1.32676e-162 1.14339e-164 9.84122e-167 8.46008e-169 7.26409e-171 6.2299e-173 5.33687e-175 4.56677e-177 3.90353e-179 3.33307e-181 2.84301e-183 2.42254e-185 2.06219e-187 1.75373e-189 1.48999e-191 1.26472e-193 1.07253e-195 9.08731e-198 7.69268e-200 6.50646e-202 5.49851e-204 4.64285e-206 3.91716e-208 3.30226e-210 2.7817e-212 2.34141e-214 1.96932e-216 1.65513e-218 1.39006e-220
7.7149e-22 3.5728e-23 1.02372e-24 2.3033e-26 4.44695e-28 7.70614e-30 1.23088e-31 1.84374e-33 2.62116e-35 3.56766e-37 4.67978e-39 5.94611e-41 7.34799e-43 8.86046e-45 1.04537e-46 1.20945e-48 1.37479e-50 1.53788e-52 1.69533e-54 1.84398e-56 1.98103e-58 2.10409e-60 2.21125e-62 2.30106e-64 2.3726e-66 2.42539e-68 2.45943e-70 2.4751e-72 2.47313e-74 2.45456e-76 2.42063e-78 2.3728e-80 2.31263e-82 2.24175e-84 2.16181e-86 2.07447e-88 1.9813e-90 1.88384e-92 1.78349e-94 1.68155e-96 1.5792e-98 1.47749e-100 1.37732e-102 1.27948e-104 1.18461e-106 1.09324e-108 1.00578e-110 9.2256e-113 8.4378e-115 7.69579e-117 7.00015e-119 6.35083e-121 5.74726e-123 5.18839e-125 4.67284e-127 4.19891e-129 3.7647e-131 3.36816e-133 3.00711e-135 2.67934e-137 2.38261e-139 2.1147e-141 1.87344e-143 1.65672e-145 1.4625e-147 1.28884e-149 1.13392e-151 9.96009e-154 8.73491e-156 7.64867e-158 6.68749e-160 5.83856e-162 5.09013e-164 4.43147e-166 3.8528e-168 3.34526e-170 2.90082e-172 2.51224e-174 2.17303e-176 1.87735e-178 1.61998e-180 1.39628e-182 1.20211e-184 1.0338e-186 8.88086e-189 7.62104e-191 6.53314e-193 5.59485e-195 4.78654e-197 4.09101e-199 3.4932e-201 2.97994e-203 2.53977e-205 2.16265e-207 1.83991e-209 1.56397e-211 1.32828e-213 1.12716e-215 9.55714e-218 8.0969e-220 6.85435e-222
5.98054e-24 3.00021e-25 9.18247e-27 2.18814e-28 4.44783e-30 8.0786e-32 1.34767e-33 2.10221e-35 3.10468e-37 4.38071e-39 5.94611e-41 7.80538e-43 9.95093e-45 1.23632e-46 1.50115e-48 1.78551e-50 2.08457e-52 2.39288e-54 2.70468e-56 3.01406e-58 3.31524e-60 3.60272e-62 3.87146e-64 4.11706e-66 4.33576e-68 4.52463e-70 4.68148e-72 4.80493e-74 4.89437e-76 4.9499e-78 4.97226e-80 4.96276e-82 4.9232e-84 4.85575e-86 4.76291e-88 4.64738e-90 4.51198e-92 4.3596e-94 4.19312e-96 4.01535e-98 3.829e-100 3.6366e-102 3.44053e-104 3.24294e-106 3.04577e-108 2.85076e-110 2.65938e-112 2.47293e-114 2.29246e-116 2.11883e-118 1.95272e-120 1.79463e-122 1.6449e-124 1.50374e-126 1.37122e-128 1.24733e-130 1.13194e-132 1.02487e-134 9.25855e-137 8.34596e-139 7.5075e-141 6.73947e-143 6.03799e-145 5.39906e-147 4.81867e-149 4.2928e-151 3.8175e-153 3.38893e-155 3.00339e-157 2.65731e-159 2.34733e-161 2.07026e-163 1.8231e-165 1.60305e-167 1.4075e-169 1.23404e-171 1.08046e-173 9.447e-176 8.24902e-178 7.19359e-180 6.26522e-182 5.44988e-184 4.73487e-186 4.10877e-188 3.5613e-190 3.08325e-192 2.66639e-194 2.30336e-196 1.98763e-198 1.71336e-200 1.47542e-202 1.26924e-204 1.09079e-206 9.36511e-209 8.03289e-211 6.88373e-213 5.89354e-215 5.04123e-217 4.30837e-219 3.67884e-221 3.13861e-223
4.63608e-26 2.5045e-27 8.15354e-29 2.05096e-30 4.37695e-32 8.31212e-34 1.44507e-35 2.3428e-37 3.58793e-39 5.23956e-41 7.34799e-43 9.95093e-45 1.30704e-46 1.67106e-48 2.08567e-50 2.54754e-52 3.05151e-54 3.59088e-56 4.15757e-58 4.74253e-60 5.33602e-62 5.92797e-64 6.50836e-66 7.06748e-68 7.59628e-70 8.08655e-72 8.53116e-74 8.92414e-76 9.26082e-78 9.53785e-80 9.75316e-82 9.90596e-84 9.9966e-86 1.00265e-87 9.99814e-90 9.9146e-92 9.77978e-94 9.59804e-96 9.37412e-98 9.11302e-100 8.81984e-102 8.49971e-104 8.15766e-106 7.79856e-108 7.42702e-110 7.04737e-112 6.66362e-114 6.2794e-116 5.89797e-118 5.5222e-120 5.15458e-122 4.79722e-124 4.45187e-126 4.11995e-128 3.80256e-130 3.5005e-132 3.21432e-134 2.94432e-136 2.6906e-138 2.45308e-140 2.23152e-142 2.02556e-144 1.83471e-146 1.65843e-148 1.49608e-150 1.34699e-152 1.21046e-154 1.08575e-156 9.72134e-159 8.68876e-161 7.75255e-163 6.90563e-165 6.14119e-167 5.45267e-169 4.8338e-171 4.27866e-173 3.78164e-175 3.33751e-177 2.94135e-179 2.58862e-181 2.2751e-183 1.99689e-185 1.75042e-187 1.53242e-189 1.3399e-191 1.17013e-193 1.02066e-195 8.8923e-198 7.73838e-200 6.72663e-202 5.8407e-204 5.06597e-206 4.38934e-208 3.79912e-210 3.28491e-212 2.83746e-214 2.44854e-216 2.11089e-218 1.81807e-220 1.56442e-222 1.34492e-224
3.59386e-28 2.08005e-29 7.17659e-31 1.89996e-32 4.24639e-34 8.41334e-36 1.52136e-37 2.55903e-39 4.05751e-41 6.12339e-43 8.86046e-45 1.23632e-46 1.67106e-48 2.19603e-50 2.81445e-52 3.52666e-54 4.32994e-56 5.21854e-58 6.18378e-60 7.21432e-62 8.29659e-64 9.4152e-66 1.05535e-67 1.1694e-69 1.28191e-71 1.39117e-73 1.49552e-75 1.59345e-77 1.6836e-79 1.76479e-81 1.83605e-83 1.89663e-85 1.946e-87 1.98386e-89 2.0101e-91 2.02482e-93 2.02831e-95 2.02099e-97 2.00346e-99 1.97638e-101 1.94055e-103 1.89682e-105 1.84607e-107 1.78922e-109 1.72719e-111 1.66091e-113 1.59124e-115 1.51904e-117 1.4451e-119 1.37018e-121 1.29495e-123 1.22004e-125 1.14598e-127 1.07328e-129 1.00234e-131 9.33517e-134 8.67106e-136 8.03337e-138 7.4239e-140 6.84395e-142 6.29437e-144 5.77558e-146 5.28769e-148 4.83046e-150 4.40341e-152 4.00583e-154 3.63681e-156 3.29531e-158 2.98018e-160 2.69016e-162 2.42394e-164 2.1802e-166 1.95757e-168 1.75471e-170 1.57027e-172 1.40295e-174 1.25148e-176 1.11465e-178 9.91281e-181 8.80268e-183 7.8056e-185 6.9117e-187 6.11171e-189 5.39702e-191 4.75959e-193 4.192e-195 3.68741e-197 3.23953e-199 2.84257e-201 2.49127e-203 2.18082e-205 1.90687e-207 1.66545e-209 1.45298e-211 1.26624e-213 1.10233e-215 9.58631e-218 8.32808e-220 7.2277e-222 6.26649e-224 5.42783e-226
2.78594e-30 1.71986e-31 6.26825e-33 1.742e-34 4.06833e-36 8.3932e-38 1.57588e-39 2.74587e-41 4.50105e-43 7.01054e-45 1.04537e-46 1.50115e-48 2.08567e-50 2.81445e-52 3.70024e-54 4.75222e-56 5.9753e-58 7.36966e-60 8.93042e-62 1.06477e-63 1.25066e-65 1.44879e-67 1.65683e-69 1.87213e-71 2.09181e-73 2.31282e-75 2.53204e-77 2.74637e-79 2.95283e-81 3.14858e-83 3.33104e-85 3.49793e-87 3.64728e-89 3.77748e-91 3.88733e-93 3.97597e-95 4.04293e-97 4.08812e-99 4.11177e-101 4.11441e-103 4.09685e-105 4.06017e-107 4.00559e-109 3.93455e-111 3.84856e-113 3.74925e-115 3.63828e-117 3.51733e-119 3.38806e-121 3.25211e-123 3.11102e-125 2.96631e-127 2.81934e-129 2.67142e-131 2.52372e-133 2.3773e-135 2.2331e-137 2.09194e-139 1.95453e-141 1.82146e-143 1.69322e-145 1.57019e-147 1.45266e-149 1.34085e-151 1.23488e-153 1.1348e-155 1.04063e-157 9.52301e-160 8.69714e-162 7.92728e-164 7.21171e-166 6.54847e-168 5.93536e-170 5.37006e-172 4.85014e-174 4.3731e-176 3.93642e-178 3.53758e-180 3.17409e-182 2.84353e-184 2.54351e-186 2.27175e-188 2.02608e-190 1.80439e-192 1.60471e-194 1.42517e-196 1.26402e-198 1.11962e-200 9.90435e-203 8.75048e-205 7.72146e-207 6.80516e-209 5.99045e-211 5.2671e-213 4.62577e-215 4.05795e-217 3.5559e-219 3.11257e-221 2.7216e-223 2.37725e-225 2.07433e-227
2.15964e-32 1.4165e-33 5.43774e-35 1.5826e-36 3.85444e-38 8.26557e-40 1.60886e-41 2.89981e-43 4.90778e-45 7.87959e-47 1.20945e-48 1.78551e-50 2.54754e-52 3.52666e-54 4.75222e-56 6.25022e-58 8.04187e-60 1.01422e-61 1.25592e-63 1.52926e-65 1.83339e-67 2.1666e-69 2.52633e-71 2.90926e-73 3.31137e-75 3.72806e-77 4.15427e-79 4.5846e-81 5.0135e-83 5.43537e-85 5.84473e-87 6.23632e-89 6.60525e-91 6.94707e-93 7.25787e-95 7.53434e-97 7.77379e-99 7.97423e-101 8.13428e-103 8.25326e-105 8.33108e-107 8.36827e-109 8.36588e-111 8.32543e-113 8.24888e-115 8.13853e-117 7.99695e-119 7.82695e-121 7.6315e-123 7.41363e-125 7.17643e-127 6.92299e-129 6.6563e-131 6.37929e-133 6.09473e-135 5.80524e-137 5.51327e-139 5.22107e-141 4.93066e-143 4.64389e-145 4.36236e-147 4.08749e-149 3.82045e-151 3.56227e-153 3.31375e-155 3.07553e-157 2.84809e-159 2.63174e-161 2.42669e-163 2.233e-165 2.05063e-167 1.87946e-169 1.71927e-171 1.56979e-173 1.43068e-175 1.30157e-177 1.18204e-179 1.07165e-181 9.6995e-184 8.76463e-186 7.90718e-188 7.12245e-190 6.40576e-192 5.75254e-194 5.15832e-196 4.61882e-198 4.12991e-200 3.68764e-202 3.28826e-204 2.92824e-206 2.60423e-208 2.31311e-210 2.05195e-212 1.81804e-214 1.60884e-216 1.42202e-218 1.25544e-220 1.10709e-222 9.75183e-225 8.5804e-227 7.54149e-229
1.67414e-34 1.16261e-35 4.68873e-37 1.42606e-38 3.61543e-40 8.04595e-42 1.62126e-43 3.01879e-45 5.26882e-47 8.7103e-49 1.37479e-50 2.08457e-52 3.05151e-54 4.32994e-56 5.9753e-58 8.04187e-60 1.05803e-61 1.36352e-63 1.72425e-65 2.14279e-67 2.62044e-69 3.15715e-71 3.75144e-73 4.40032e-75 5.09939e-77 5.84288e-79 6.62377e-81 7.43397e-83 8.26455e-85 9.1059e-87 9.94803e-89 1.07808e-90 1.1594e-92 1.2378e-94 1.31234e-96 1.38217e-98 1.44652e-100 1.5047e-102 1.55616e-104 1.60044e-106 1.6372e-108 1.66624e-110 1.68743e-112 1.7008e-114 1.70645e-116 1.70459e-118 1.6955e-120 1.67956e-122 1.65718e-124 1.62885e-126 1.59508e-128 1.55641e-130 1.51342e-132 1.46668e-134 1.41675e-136 1.3642e-138 1.30957e-140 1.25339e-142 1.19616e-144 1.13833e-146 1.08034e-148 1.02258e-150 9.65402e-153 9.09132e-155 8.54045e-157 8.00381e-159 7.48344e-161 6.98104e-163 6.49797e-165 6.03527e-167 5.59373e-169 5.17383e-171 4.77585e-173 4.39984e-175 4.04568e-177 3.71305e-179 3.40154e-181 3.11059e-183 2.83955e-185 2.58768e-187 2.3542e-189 2.13827e-191 1.93903e-193 1.75559e-195 1.58705e-197 1.43253e-199 1.29114e-201 1.16201e-203 1.04431e-205 9.37227e-208 8.39972e-210 7.51798e-212 6.71994e-214 5.99885e-216 5.34834e-218 4.76244e-220 4.23554e-222 3.7624e-224 3.33818e-226 2.95836e-228 2.61876e-230
1.29778e-36 9.51291e-38 4.02098e-39 1.27556e-40 3.36076e-42 7.75047e-44 1.61459e-45 3.10211e-47 5.57735e-49 9.48439e-51 1.53788e-52 2.39288e-54 3.59088e-56 5.21854e-58 7.36966e-60 1.01422e-61 1.36352e-63 1.79443e-65 2.31585e-67 2.93554e-69 3.65979e-71 4.49302e-73 5.43752e-75 6.49321e-77 7.65752e-79 8.92529e-81 1.02888e-82 1.17381e-84 1.32607e-86 1.48424e-88 1.64672e-90 1.81179e-92 1.97764e-94 2.14243e-96 2.30427e-98 2.46135e-100 2.61191e-102 2.75429e-104 2.88698e-106 3.00862e-108 3.11804e-110 3.21427e-112 3.29653e-114 3.36425e-116 3.4171e-118 3.45491e-120 3.47774e-122 3.48583e-124 3.47956e-126 3.4595e-128 3.42633e-130 3.38084e-132 3.32393e-134 3.25656e-136 3.17975e-138 3.09455e-140 3.00203e-142 2.90326e-144 2.79929e-146 2.69115e-148 2.57983e-150 2.46628e-152 2.35137e-154 2.23595e-156 2.12077e-158 2.00651e-160 1.89382e-162 1.78322e-164 1.67522e-166 1.57022e-168 1.46856e-170 1.37055e-172 1.2764e-174 1.18629e-176 1.10034e-178 1.01862e-180 9.4117e-183 8.67986e-185 7.9903e-187 7.34238e-189 6.73519e-191 6.16763e-193 5.63843e-195 5.14616e-197 4.68932e-199 4.26629e-201 3.87543e-203 3.51504e-205 3.18343e-207 2.8789e-209 2.59978e-211 2.34443e-213 2.11125e-215 1.8987e-217 1.70528e-219 1.52957e-221 1.37022e-223 1.22592e-225 1.09546e-227 9.77707e-230 8.71568e-232
1.00603e-38 7.76226e-40 3.43145e-41 1.13337e-42 3.09858e-44 7.39508e-46 1.5908e-47 3.15027e-49 5.82869e-51 1.01861e-52 1.69533e-54 2.70468e-56 4.15757e-58 6.18378e-60 8.93042e-62 1.25592e-63 1.72425e-65 2.31585e-67 3.0485e-69 3.93935e-71 5.00421e-73 6.25685e-75 7.70841e-77 9.36675e-79 1.1236e-80 1.33162e-82 1.56028e-84 1.8087e-86 2.07554e-88 2.35901e-90 2.65694e-92 2.96679e-94 3.28569e-96 3.61055e-98 3.93807e-100 4.26485e-102 4.58743e-104 4.9024e-106 5.20642e-108 5.49631e-110 5.76912e-112 6.02215e-114 6.253e-116 6.45961e-118 6.64028e-120 6.79369e-122 6.91889e-124 7.01531e-126 7.08276e-128 7.12139e-130 7.13167e-132 7.11441e-134 7.07064e-136 7.00168e-138 6.90903e-140 6.79435e-142 6.65947e-144 6.50629e-146 6.33677e-148 6.15294e-150 5.9568e-152 5.75035e-154 5.53553e-156 5.31424e-158 5.08826e-160 4.8593e-162 4.62896e-164 4.39871e-166 4.1699e-168 3.94375e-170 3.72135e-172 3.50367e-174 3.29154e-176 3.08569e-178 2.88669e-180 2.69505e-182 2.51113e-184 2.33521e-186 2.16749e-188 2.00808e-190 1.857e-192 1.71423e-194 1.57967e-196 1.45318e-198 1.33459e-200 1.22366e-202 1.12014e-204 1.02376e-206 9.34229e-209 8.51232e-211 7.74454e-213 7.03571e-215 6.3826e-217 5.78197e-219 5.23062e-221 4.72542e-223 4.26333e-225 3.8414e-227 3.45677e-229 3.10672e-231 2.78866e-233
7.79871e-41 6.31796e-42 2.91537e-43 1.00094e-44 2.83562e-46 6.99493e-48 1.55208e-49 3.16477e-51 6.02022e-53 1.08027e-54 1.84398e-56 3.01406e-58 4.74253e-60 7.21432e-62 1.06477e-63 1.52926e-65 2.14279e-67 2.93554e-69 3.93935e-71 5.18681e-73 6.71024e-75 8.54062e-77 1.07064e-78 1.32325e-80 1.61389e-82 1.94398e-84 2.3143e-86 2.72489e-88 3.17499e-90 3.66306e-92 4.18675e-94 4.74292e-96 5.32769e-98 5.93651e-100 6.56425e-102 7.20526e-104 7.85354e-106 8.50281e-108 9.14667e-110 9.77869e-112 1.03926e-113 1.09822e-115 1.15418e-117 1.2066e-119 1.255e-121 1.29896e-123 1.33811e-125 1.37215e-127 1.40086e-129 1.42406e-131 1.44169e-133 1.4537e-135 1.46014e-137 1.46111e-139 1.45676e-141 1.44729e-143 1.43297e-145 1.41406e-147 1.39089e-149 1.36379e-151 1.33314e-153 1.2993e-155 1.26264e-157 1.22356e-159 1.18244e-161 1.13963e-163 1.09551e-165 1.05041e-167 1.00467e-169 9.58588e-172 9.12458e-174 8.66541e-176 8.21076e-178 7.76282e-180 7.32348e-182 6.89446e-184 6.47718e-186 6.0729e-188 5.68261e-190 5.30714e-192 4.94711e-194 4.60297e-196 4.27501e-198 3.96336e-200 3.66804e-202 3.38894e-204 3.12584e-206 2.87843e-208 2.64635e-210 2.42915e-212 2.22632e-214 2.03733e-216 1.86161e-218 1.69855e-220 1.54755e-222 1.40799e-224 1.27924e-226 1.16068e-228 1.0517e-230 9.51697e-233 8.60095e-235
6.04551e-43 5.13075e-44 2.46689e-45 8.79105e-47 2.57732e-48 6.56393e-50 1.50073e-51 3.1479e-53 6.15124e-55 1.13243e-56 1.98103e-58 3.31524e-60 5.33602e-62 8.29659e-64 1.25066e-65 1.83339e-67 2.62044e-69 3.65979e-71 5.00421e-73 6.71024e-75 8.83693e-77 1.14443e-78 1.45917e-80 1.83355e-82 2.27278e-84 2.78138e-86 3.36301e-88 4.02033e-90 4.75479e-92 5.56655e-94 6.45437e-96 7.41557e-98 8.44603e-100 9.54017e-102 1.06911e-103 1.18906e-105 1.31294e-107 1.43972e-109 1.5683e-111 1.69752e-113 1.8262e-115 1.95311e-117 2.07706e-119 2.19689e-121 2.31146e-123 2.41974e-125 2.52075e-127 2.61361e-129 2.69757e-131 2.77197e-133 2.8363e-135 2.89016e-137 2.93327e-139 2.9655e-141 2.98682e-143 2.99732e-145 2.99722e-147 2.9868e-149 2.96648e-151 2.93672e-153 2.89807e-155 2.85113e-157 2.79656e-159 2.73503e-161 2.66725e-163 2.59394e-165 2.51584e-167 2.43367e-169 2.34813e-171 2.25991e-173 2.16969e-175 2.07808e-177 1.98569e-179 1.89308e-181 1.80076e-183 1.70921e-185 1.61885e-187 1.53006e-189 1.44319e-191 1.35853e-193 1.27633e-195 1.19681e-197 1.12014e-199 1.04645e-201 9.7584e-204 9.0839e-206 8.44137e-208 7.83097e-210 7.2526e-212 6.70597e-214 6.1906e-216 5.70584e-218 5.25092e-220 4.82494e-222 4.42691e-224 4.05578e-226 3.71043e-228 3.38969e-230 3.09239e-232 2.81731e-234 2.56327e-236
4.68644e-45 4.15803e-46 2.07968e-47 7.68186e-49 2.32791e-50 6.11449e-52 1.4391e-53 3.10256e-55 6.22275e-57 1.17446e-58 2.10409e-60 3.60272e-62 5.92797e-64 9.4152e-66 1.44879e-67 2.1666e-69 3.15715e-71 4.49302e-73 6.25685e-75 8.54062e-77 1.14443e-78 1.50742e-80 1.95403e-82 2.49541e-84 3.1425e-86 3.90572e-88 4.79464e-90 5.8176e-92 6.98142e-94 8.29105e-96 9.74933e-98 1.13568e-99 1.31113e-101 1.50084e-103 1.70407e-105 1.91984e-107 2.14691e-109 2.38379e-111 2.62881e-113 2.88008e-115 3.13559e-117 3.39317e-119 3.65061e-121 3.90562e-123 4.15593e-125 4.39931e-127 4.63356e-129 4.85664e-131 5.0666e-133 5.26169e-135 5.44031e-137 5.6011e-139 5.7429e-141 5.86478e-143 5.96606e-145 6.04627e-147 6.10519e-149 6.14283e-151 6.1594e-153 6.15531e-155 6.13117e-157 6.08774e-159 6.02595e-161 5.94683e-163 5.85153e-165 5.74131e-167 5.61747e-169 5.48135e-171 5.33434e-173 5.17783e-175 5.0132e-177 4.84182e-179 4.66502e-181 4.48408e-183 4.30021e-185 4.11459e-187 3.92831e-189 3.74236e-191 3.5577e-193 3.37515e-195 3.1955e-197 3.01941e-199 2.84748e-201 2.68024e-203 2.51812e-205 2.36148e-207 2.21062e-209 2.06576e-211 1.92707e-213 1.79465e-215 1.66856e-217 1.5488e-219 1.43534e-221 1.3281e-223 1.22698e-225 1.13185e-227 1.04254e-229 9.58872e-232 8.80655e-234 8.07677e-236 7.3972e-238
3.6329e-47 3.36336e-48 1.7473e-49 6.68132e-51 2.0905e-52 5.65737e-54 1.36947e-55 3.03205e-57 6.23722e-59 1.20599e-60 2.21125e-62 3.87146e-64 6.50836e-66 1.05535e-67 1.65683e-69 2.52633e-71 3.75144e-73 5.43752e-75 7.70841e-77 1.07064e-78 1.45917e-80 1.95403e-82 2.57423e-84 3.33979e-86 4.27136e-88 5.38971e-90 6.71523e-92 8.26728e-94 1.00636e-95 1.21199e-97 1.44488e-99 1.70598e-101 1.99585e-103 2.31462e-105 2.66198e-107 3.03713e-109 3.43879e-111 3.86522e-113 4.31417e-115 4.78298e-117 5.26857e-119 5.76751e-121 6.27605e-123 6.7902e-125 7.30579e-127 7.81853e-129 8.32409e-131 8.81818e-133 9.29658e-135 9.75525e-137 1.01904e-138 1.05983e-140 1.0976e-142 1.13204e-144 1.1629e-146 1.18999e-148 1.21313e-150 1.23221e-152 1.24715e-154 1.25791e-156 1.2645e-158 1.26698e-160 1.26542e-162 1.25994e-164 1.2507e-166 1.23787e-168 1.22165e-170 1.20226e-172 1.17995e-174 1.15496e-176 1.12756e-178 1.098e-180 1.06656e-182 1.0335e-184 9.99082e-187 9.63567e-189 9.27201e-191 8.90222e-193 8.52857e-195 8.15319e-197 7.77805e-199 7.40501e-201 7.03574e-203 6.67176e-205 6.31445e-207 5.965e-209 5.62447e-211 5.29376e-213 4.97364e-215 4.66471e-217 4.36749e-219 4.08233e-221 3.80949e-223 3.54912e-225 3.30129e-227 3.06596e-229 2.84304e-231 2.63235e-233 2.43366e-235 2.24668e-237 2.07111e-239
2.8162e-49 2.71584e-50 1.46345e-51 5.78605e-53 1.86728e-54 5.20169e-56 1.29397e-57 2.93989e-59 6.19829e-61 1.22699e-62 2.30106e-64 4.11706e-66 7.06748e-68 1.1694e-69 1.87213e-71 2.90926e-73 4.40032e-75 6.49321e-77 9.36675e-79 1.32325e-80 1.83355e-82 2.49541e-84 3.33979e-86 4.4005e-88 5.71367e-90 7.31723e-92 9.25006e-94 1.15512e-95 1.42588e-97 1.74091e-99 2.10356e-101 2.51674e-103 2.98289e-105 3.5038e-107 4.0806e-109 4.71364e-111 5.40244e-113 6.14563e-115 6.94099e-117 7.78537e-119 8.67476e-121 9.60433e-123 1.05685e-124 1.15608e-126 1.25745e-128 1.3602e-130 1.46356e-132 1.56672e-134 1.66884e-136 1.76912e-138 1.86673e-140 1.96088e-142 2.05082e-144 2.13583e-146 2.21526e-148 2.2885e-150 2.35504e-152 2.41442e-154 2.46627e-156 2.51029e-158 2.54628e-160 2.5741e-162 2.59372e-164 2.60514e-166 2.60849e-168 2.60393e-170 2.5917e-172 2.57209e-174 2.54545e-176 2.51217e-178 2.47267e-180 2.42741e-182 2.37688e-184 2.32158e-186 2.26202e-188 2.19871e-190 2.13217e-192 2.0629e-194 1.99141e-196 1.91818e-198 1.84366e-200 1.76831e-202 1.69254e-204 1.61674e-206 1.54128e-208 1.46648e-210 1.39266e-212 1.32008e-214 1.24898e-216 1.1796e-218 1.11209e-220 1.04664e-222 9.83362e-225 9.22367e-227 8.63735e-229 8.07527e-231 7.53782e-233 7.02519e-235 6.53741e-237 6.07435e-239 5.63576e-241
2.1831e-51 2.18948e-52 1.22216e-53 4.99072e-55 1.65963e-56 4.75489e-58 1.21457e-59 2.8297e-61 6.11053e-63 1.23764e-64 2.3726e-66 4.33576e-68 7.59628e-70 1.28191e-71 2.09181e-73 3.31137e-75 5.09939e-77 7.65752e-79 1.1236e-80 1.61389e-82 2.27278e-84 3.1425e-86 4.27136e-88 5.71367e-90 7.52936e-92 9.78332e-94 1.25446e-95 1.58852e-97 1.98787e-99 2.45988e-101 3.01175e-103 3.65033e-105 4.38191e-107 5.21206e-109 6.14538e-111 7.18541e-113 8.33439e-115 9.59317e-117 1.09611e-118 1.24358e-120 1.40134e-122 1.56883e-124 1.74534e-126 1.92997e-128 2.1217e-130 2.31937e-132 2.52169e-134 2.72728e-136 2.93466e-138 3.14232e-140 3.34867e-142 3.55213e-144 3.75114e-146 3.94415e-148 4.12966e-150 4.30626e-152 4.47262e-154 4.62751e-156 4.76984e-158 4.89865e-160 5.01309e-162 5.11251e-164 5.19638e-166 5.26433e-168 5.31615e-170 5.35178e-172 5.37129e-174 5.37491e-176 5.36298e-178 5.33598e-180 5.29448e-182 5.23916e-184 5.17078e-186 5.09016e-188 4.99819e-190 4.89581e-192 4.78398e-194 4.6637e-196 4.53595e-198 4.40175e-200 4.26207e-202 4.11789e-204 3.97014e-206 3.81973e-208 3.66753e-210 3.51435e-212 3.36097e-214 3.2081e-216 3.05641e-218 2.90651e-220 2.75893e-222 2.61418e-224 2.47268e-226 2.33482e-228 2.20092e-230 2.07127e-232 1.94607e-234 1.82551e-236 1.70972e-238 1.5988e-240 1.4928e-242
1.69233e-53 1.76253e-54 1.01791e-55 4.28873e-57 1.46826e-58 4.3229e-60 1.13303e-61 2.70506e-63 5.97915e-65 1.23836e-66 2.42539e-68 4.52463e-70 8.08655e-72 1.39117e-73 2.31282e-75 3.72806e-77 5.84288e-79 8.92529e-81 1.33162e-82 1.94398e-84 2.78138e-86 3.90572e-88 5.38971e-90 7.31723e-92 9.78332e-94 1.28939e-95 1.6765e-97 2.15214e-99 2.72954e-101 3.42242e-103 4.24479e-105 5.21063e-107 6.3336e-109 7.62668e-111 9.10186e-113 1.07697e-114 1.26392e-116 1.47173e-118 1.70083e-120 1.95144e-122 2.22346e-124 2.51653e-126 2.82995e-128 3.16273e-130 3.51356e-132 3.88085e-134 4.26271e-136 4.65699e-138 5.0613e-140 5.47306e-142 5.88949e-144 6.30772e-146 6.72474e-148 7.13752e-150 7.54303e-152 7.93824e-154 8.32023e-156 8.68618e-158 9.03341e-160 9.35944e-162 9.662e-164 9.93904e-166 1.01888e-167 1.04097e-169 1.06007e-171 1.07606e-173 1.0889e-175 1.09854e-177 1.10498e-179 1.10824e-181 1.10837e-183 1.10543e-185 1.09953e-187 1.09076e-189 1.07927e-191 1.06521e-193 1.04873e-195 1.03001e-197 1.00923e-199 9.86571e-202 9.62234e-204 9.36409e-206 9.09292e-208 8.81073e-210 8.51942e-212 8.22083e-214 7.91672e-216 7.60881e-218 7.29869e-220 6.9879e-222 6.67785e-224 6.36986e-226 6.06514e-228 5.76479e-230 5.4698e-232 5.18106e-234 4.89933e-236 4.6253e-238 4.35952e-240 4.10248e-242 3.85455e-244
1.31188e-55 1.41688e-56 8.45682e-58 3.67274e-59 1.29337e-60 3.91025e-62 1.05087e-63 2.56937e-65 5.80977e-67 1.22975e-68 2.45943e-70 4.68148e-72 8.53116e-74 1.49552e-75 2.53204e-77 4.15427e-79 6.62377e-81 1.02888e-82 1.56028e-84 2.3143e-86 3.36301e-88 4.79464e-90 6.71523e-92 9.25006e-94 1.25446e-95 1.6765e-97 2.20979e-99 2.87501e-101 3.69461e-103 4.6927e-105 5.89464e-107 7.32671e-109 9.01566e-111 1.09881e-112 1.32702e-114 1.58867e-116 1.88604e-118 2.22118e-120 2.59583e-122 3.01132e-124 3.46859e-126 3.96809e-128 4.50975e-130 5.09295e-132 5.71649e-134 6.37863e-136 7.07699e-138 7.80867e-140 8.5702e-142 9.35762e-144 1.01665e-145 1.09919e-147 1.18288e-149 1.26715e-151 1.35145e-153 1.43519e-155 1.51777e-157 1.59863e-159 1.67717e-161 1.75284e-163 1.8251e-165 1.89346e-167 1.95745e-169 2.01663e-171 2.07064e-173 2.11914e-175 2.16186e-177 2.19857e-179 2.22911e-181 2.25336e-183 2.27128e-185 2.28285e-187 2.28813e-189 2.28722e-191 2.28025e-193 2.26741e-195 2.24893e-197 2.22508e-199 2.19612e-201 2.1624e-203 2.12423e-205 2.08197e-207 2.03599e-209 1.98666e-211 1.93436e-213 1.87947e-215 1.82237e-217 1.76342e-219 1.70297e-221 1.6414e-223 1.57901e-225 1.51614e-227 1.45308e-229 1.39012e-231 1.32752e-233 1.26552e-235 1.20434e-237 1.14417e-239 1.08521e-241 1.0276e-243 9.71488e-246
1.01696e-57 1.13757e-58 7.00958e-60 3.13504e-61 1.13471e-62 3.5202e-64 9.69416e-66 2.42586e-67 5.6082e-69 1.21257e-70 2.4751e-72 4.80493e-74 8.92414e-76 1.59345e-77 2.74637e-79 4.5846e-81 7.43397e-83 1.17381e-84 1.8087e-86 2.72489e-88 4.02033e-90 5.8176e-92 8.26728e-94 1.15512e-95 1.58852e-97 2.15214e-99 2.87501e-101 3.78996e-103 4.93368e-105 6.34645e-107 8.07191e-109 1.01566e-110 1.26494e-112 1.56007e-114 1.90619e-116 2.3084e-118 2.77169e-120 3.30082e-122 3.90019e-124 4.57376e-126 5.3249e-128 6.15627e-130 7.06978e-132 8.06642e-134 9.14624e-136 1.03083e-137 1.15505e-139 1.28697e-141 1.42616e-143 1.57211e-145 1.72417e-147 1.8816e-149 2.04358e-151 2.20921e-153 2.37749e-155 2.54739e-157 2.71783e-159 2.88769e-161 3.05583e-163 3.2211e-165 3.38239e-167 3.53859e-169 3.68862e-171 3.83148e-173 3.96622e-175 4.09195e-177 4.20789e-179 4.31331e-181 4.40763e-183 4.49032e-185 4.56098e-187 4.61932e-189 4.66514e-191 4.69835e-193 4.71898e-195 4.72712e-197 4.72298e-199 4.70686e-201 4.67913e-203 4.64023e-205 4.59067e-207 4.53102e-209 4.4619e-211 4.38397e-213 4.29792e-215 4.20445e-217 4.10431e-219 3.99823e-221 3.88694e-223 3.7712e-225 3.65171e-227 3.52919e-229 3.40432e-231 3.27776e-233 3.15013e-235 3.02204e-237 2.89405e-239 2.76667e-241 2.64038e-243 2.51564e-245 2.39284e-247
7.88343e-60 9.12235e-61 5.79737e-62 2.66797e-63 9.91756e-65 3.15493e-66 8.89735e-68 2.27744e-69 5.38024e-71 1.18767e-72 2.47313e-74 4.89437e-76 9.26082e-78 1.6836e-79 2.95283e-81 5.0135e-83 8.26455e-85 1.32607e-86 2.07554e-88 3.17499e-90 4.75479e-92 6.98142e-94 1.00636e-95 1.42588e-97 1.98787e-99 2.72954e-101 3.69461e-103 4.93368e-105 6.50446e-107 8.47186e-109 1.09079e-110 1.38911e-112 1.75065e-114 2.18441e-116 2.69983e-118 3.30664e-120 4.01469e-122 4.83382e-124 5.77363e-126 6.84329e-128 8.05132e-130 9.40539e-132 1.09121e-133 1.25768e-135 1.44033e-137 1.63939e-139 1.8549e-141 2.0867e-143 2.33446e-145 2.59761e-147 2.8754e-149 3.16686e-151 3.47082e-153 3.78591e-155 4.1106e-157 4.44318e-159 4.7818e-161 5.12449e-163 5.46918e-165 5.81373e-167 6.15593e-169 6.49357e-171 6.82443e-173 7.14635e-175 7.4572e-177 7.75494e-179 8.03765e-181 8.30351e-183 8.55087e-185 8.77824e-187 8.98431e-189 9.16792e-191 9.32816e-193 9.46429e-195 9.57577e-197 9.66227e-199 9.72366e-201 9.76e-203 9.77154e-205 9.75871e-207 9.72209e-209 9.66244e-211 9.58063e-213 9.47768e-215 9.35469e-217 9.2129e-219 9.05357e-221 8.87808e-223 8.68781e-225 8.4842e-227 8.26869e-229 8.04274e-231 7.80779e-233 7.56527e-235 7.31655e-237 7.063e-239 6.80592e-241 6.54654e-243 6.28605e-245 6.02556e-247 5.76611e-249
6.11119e-62 7.30723e-63 4.78502e-64 2.26403e-65 8.63731e-67 2.81571e-68 8.12703e-70 2.12674e-71 5.13152e-73 1.15597e-74 2.45456e-76 4.9499e-78 9.53785e-80 1.76479e-81 3.14858e-83 5.43537e-85 9.1059e-87 1.48424e-88 2.35901e-90 3.66306e-92 5.56655e-94 8.29105e-96 1.21199e-97 1.74091e-99 2.45988e-101 3.42242e-103 4.6927e-105 6.34645e-107 8.47186e-109 1.11702e-110 1.45561e-112 1.87577e-114 2.39163e-116 3.01858e-118 3.77314e-120 4.67278e-122 5.7358e-124 6.98097e-126 8.42736e-128 1.00939e-129 1.19993e-131 1.41611e-133 1.65959e-135 1.93188e-137 2.23427e-139 2.56782e-141 2.93333e-143 3.33128e-145 3.76181e-147 4.22473e-149 4.71944e-151 5.24497e-153 5.79996e-155 6.38264e-157 6.99086e-159 7.6221e-161 8.27349e-163 8.94182e-165 9.6236e-167 1.03151e-168 1.10124e-170 1.17113e-172 1.24075e-174 1.30969e-176 1.37751e-178 1.44377e-180 1.50806e-182 1.56996e-184 1.6291e-186 1.6851e-188 1.73761e-190 1.78633e-192 1.83097e-194 1.87129e-196 1.90708e-198 1.93816e-200 1.9644e-202 1.9857e-204 2.00201e-206 2.01331e-208 2.01962e-210 2.021e-212 2.01752e-214 2.00932e-216 1.99653e-218 1.97934e-220 1.95795e-222 1.93258e-224 1.90346e-226 1.87085e-228 1.83501e-230 1.79622e-232 1.75477e-234 1.71093e-236 1.66499e-238 1.61723e-240 1.56794e-242 1.51738e-244 1.46584e-246 1.41355e-248 1.36078e-250
4.73736e-64 5.84718e-65 3.94189e-66 1.91612e-67 7.49716e-69 2.50303e-70 7.38994e-72 1.97604e-73 4.86742e-75 1.11844e-76 2.42063e-78 4.97226e-80 9.75316e-82 1.83605e-83 3.33104e-85 5.84473e-87 9.94803e-89 1.64672e-90 2.65694e-92 4.18675e-94 6.45437e-96 9.74933e-98 1.44488e-99 2.10356e-101 3.01175e-103 4.24479e-105 5.89464e-107 8.07191e-109 1.09079e-110 1.45561e-112 1.91939e-114 2.50235e-116 3.22726e-118 4.11941e-120 5.20657e-122 6.51884e-124 8.08843e-126 9.94937e-128 1.21371e-129 1.46881e-131 1.76393e-133 2.10274e-135 2.48884e-137 2.92568e-139 3.41649e-141 3.9642e-143 4.57138e-145 5.24016e-147 5.97215e-149 6.7684e-151 7.62934e-153 8.55471e-155 9.54355e-157 1.05942e-158 1.17041e-160 1.28701e-162 1.40884e-164 1.53541e-166 1.66619e-168 1.80059e-170 1.93793e-172 2.07753e-174 2.2186e-176 2.36038e-178 2.50203e-180 2.64272e-182 2.7816e-184 2.91784e-186 3.05059e-188 3.17905e-190 3.30243e-192 3.41997e-194 3.53099e-196 3.63482e-198 3.73087e-200 3.81862e-202 3.89759e-204 3.9674e-206 4.02772e-208 4.07832e-210 4.11902e-212 4.14973e-214 4.17043e-216 4.18116e-218 4.18205e-220 4.17327e-222 4.15508e-224 4.12777e-226 4.09168e-228 4.04723e-230 3.99484e-232 3.93498e-234 3.86815e-236 3.79489e-238 3.71572e-240 3.63121e-242 3.5419e-244 3.44838e-246 3.35118e-248 3.25088e-250 3.148e-252
