0.825894 0.0373344 0.0189672 0.010023 0.00546433 0.00304863 0.00172781 0.000988556 0.000568161 0.000326807 0.000187635 0.000107339 6.1112e-05 3.46046e-05 1.94822e-05 1.09043e-05 6.06797e-06 3.35775e-06 1.84805e-06 1.01194e-06 5.51434e-07 2.99128e-07 1.61574e-07 8.69261e-08 4.65912e-08 2.48837e-08 1.32431e-08 7.01899e-09 3.69463e-09 1.91044e-09 1.00625e-09
0.0373344 0.00297652 0.00154153 0.000817102 0.00043799 0.00023551 0.000126415 6.75595e-05 3.59029e-05 1.89649e-05 9.9581e-06 5.19921e-06 2.70034e-06 1.39581e-06 7.18389e-07 3.68316e-07 1.88187e-07 9.58589e-08 4.8697e-08 2.46794e-08 1.2481e-08 6.3002e-09 3.17496e-09 1.59759e-09 8.02654e-10 4.02436e-10 2.00897e-10 9.90066e-11 4.66767e-11 1.84111e-11 9.1611e-12
0.0189672 0.00154153 0.000783127 0.000407372 0.000214736 0.000113839 6.03951e-05 3.19704e-05 1.68588e-05 8.84929e-06 4.62261e-06 2.40323e-06 1.24376e-06 6.40993e-07 3.29078e-07 1.68357e-07 8.58631e-08 4.36681e-08 2.21533e-08 1.12137e-08 5.6651e-09 2.85694e-09 1.43846e-09 7.2309e-10 3.62712e-10 1.81147e-10 8.93322e-11 4.22103e-11 1.68694e-11 8.32552e-12 4.14456e-12
0.010023 0.000817102 0.000407372 0.000207879 0.000107643 5.61801e-05 2.9412e-05 1.53976e-05 8.04514e-06 4.19085e-06 2.17536e-06 1.12498e-06 5.79648e-07 2.97616e-07 1.52308e-07 7.77098e-08 3.95398e-08 2.00685e-08 1.0163e-08 5.13646e-09 2.59133e-09 1.30516e-09 6.56272e-10 3.29274e-10 1.64484e-10 8.11461e-11 3.84044e-11 1.55064e-11 7.66794e-12 3.78511e-12 1.88509e-12
0.00546433 0.00043799 0.000214736 0.000107643 5.47889e-05 2.81515e-05 1.45378e-05 7.52188e-06 3.89121e-06 2.01005e-06 1.036e-06 5.32573e-07 2.73021e-07 1.39577e-07 7.11666e-08 3.61952e-08 1.83661e-08 9.29949e-09 4.6996e-09 2.37081e-09 1.19405e-09 6.00381e-10 3.0122e-10 1.50466e-10 7.42421e-11 3.5184e-11 1.434e-11 7.0847e-12 3.50433e-12 1.73016e-12 8.62006e-13
0.00304863 0.00023551 0.000113839 5.61801e-05 2.81515e-05 1.4254e-05 7.26405e-06 3.71487e-06 1.90245e-06 9.74229e-07 4.98407e-07 2.54586e-07 1.29801e-07 6.60478e-08 3.35399e-08 1.69986e-08 8.5991e-09 4.34245e-09 2.18933e-09 1.1021e-09 5.53907e-10 2.77797e-10 1.38721e-10 6.844e-11 3.24698e-11 1.33521e-11 6.5856e-12 3.25443e-12 1.61014e-12 7.95094e-13 3.96271e-13
0.00172781 0.000126415 6.03951e-05 2.9412e-05 1.45378e-05 7.26405e-06 3.65666e-06 1.84942e-06 9.37867e-07 4.76162e-07 2.41783e-07 1.22703e-07 6.22085e-08 3.14994e-08 1.59278e-08 8.04251e-09 4.05524e-09 2.04196e-09 1.02683e-09 5.15607e-10 2.58384e-10 1.2894e-10 6.35885e-11 3.01925e-11 1.25198e-11 6.1634e-12 3.04061e-12 1.50292e-12 7.43734e-13 3.67314e-13 1.83122e-13
0.000988556 6.75595e-05 3.19704e-05 1.53976e-05 7.52188e-06 3.71487e-06 1.84942e-06 9.25863e-07 4.65197e-07 2.34244e-07 1.18079e-07 5.95408e-08 3.00168e-08 1.51241e-08 7.61443e-09 3.83013e-09 1.92472e-09 9.6622e-10 4.84466e-10 2.42471e-10 1.20868e-10 5.95616e-11 2.82933e-11 1.18225e-11 5.80852e-12 2.86004e-12 1.41123e-12 6.97679e-13 3.45314e-13 1.70564e-13 8.50546e-14
0.000568161 3.59029e-05 1.68588e-05 8.04514e-06 3.89121e-06 1.90245e-06 9.37867e-07 4.65197e-07 2.31755e-07 1.15799e-07 5.79694e-08 2.90506e-08 1.45653e-08 7.30317e-09 3.66104e-09 1.83447e-09 9.1867e-10 4.59663e-10 2.29642e-10 1.14296e-10 5.62562e-11 2.6724e-11 1.12427e-11 5.51221e-12 2.70867e-12 1.33394e-12 6.58315e-13 3.25508e-13 1.61133e-13 7.9597e-14 3.97e-14
0.000326807 1.89649e-05 8.84929e-06 4.19085e-06 2.01005e-06 9.74229e-07 4.76162e-07 2.34244e-07 1.15799e-07 5.74505e-08 2.85742e-08 1.42361e-08 7.10024e-09 3.5434e-09 1.7688e-09 8.8292e-10 4.4055e-10 2.19566e-10 1.09055e-10 5.35883e-11 2.54447e-11 1.07659e-11 5.26708e-12 2.58283e-12 1.26938e-12 6.25223e-13 3.08596e-13 1.52606e-13 7.55507e-14 3.73233e-14 1.8618e-14
0.000187635 9.9581e-06 4.62261e-06 2.17536e-06 1.036e-06 4.98407e-07 2.41783e-07 1.18079e-07 5.79694e-08 2.85742e-08 1.41273e-08 7.00014e-09 3.47405e-09 1.72596e-09 8.58032e-10 4.26631e-10 2.11983e-10 1.05012e-10 5.14905e-11 2.44235e-11 1.03805e-11 5.06707e-12 2.47937e-12 1.21598e-12 5.97695e-13 2.94422e-13 1.45335e-13 7.18765e-14 3.55864e-14 1.75809e-14 8.77057e-15
0.000107339 5.19921e-06 2.40323e-06 1.12498e-06 5.32573e-07 2.54586e-07 1.22703e-07 5.95408e-08 2.90506e-08 1.42361e-08 7.00014e-09 3.45114e-09 1.70482e-09 8.43355e-10 4.17546e-10 2.06701e-10 1.02065e-10 4.99105e-11 2.36351e-11 1.0077e-11 4.90726e-12 2.39575e-12 1.17242e-12 5.75067e-13 2.82692e-13 1.39264e-13 6.87489e-14 3.4002e-14 1.6835e-14 8.31711e-15 4.14926e-15
6.1112e-05 2.70034e-06 1.24376e-06 5.79648e-07 2.73021e-07 1.29801e-07 6.22085e-08 3.00168e-08 1.45653e-08 7.10024e-09 3.47405e-09 1.70482e-09 8.38504e-10 4.13061e-10 2.03584e-10 1.00141e-10 4.88089e-11 2.306e-11 9.84815e-12 4.78378e-12 2.32991e-12 1.13762e-12 5.56782e-13 2.73124e-13 1.34272e-13 6.61505e-14 3.26566e-14 1.61515e-14 7.99684e-15 3.95062e-15 1.97084e-15
3.46046e-05 1.39581e-06 6.40993e-07 2.97616e-07 1.39577e-07 6.60478e-08 3.14994e-08 1.51241e-08 7.30317e-09 3.5434e-09 1.72596e-09 8.43355e-10 4.13061e-10 2.02553e-10 9.91907e-11 4.81587e-11 2.26843e-11 9.68845e-12 4.69365e-12 2.28028e-12 1.11074e-12 5.42391e-13 2.65484e-13 1.30238e-13 6.40296e-14 3.15453e-14 1.55729e-14 7.70191e-15 3.81315e-15 1.88368e-15 9.39637e-16
1.94822e-05 7.18389e-07 3.29078e-07 1.52308e-07 7.11666e-08 3.35399e-08 1.59278e-08 7.61443e-09 3.66104e-09 1.7688e-09 8.58032e-10 4.17546e-10 2.03584e-10 9.91907e-11 4.79437e-11 2.24987e-11 9.59411e-12 4.63473e-12 2.24565e-12 1.09112e-12 5.31543e-13 2.59583e-13 1.27065e-13 6.23362e-14 3.06468e-14 1.50984e-14 7.45325e-15 3.68593e-15 1.82472e-15 9.01327e-16 4.49555e-16
1.09043e-05 3.68316e-07 1.68357e-07 7.77098e-08 3.61952e-08 1.69986e-08 8.04251e-09 3.83013e-09 1.83447e-09 8.8292e-10 4.26631e-10 2.06701e-10 1.00141e-10 4.81587e-11 2.24987e-11 9.56291e-12 4.60561e-12 2.22519e-12 1.07829e-12 5.23975e-13 2.55277e-13 1.24673e-13 6.10287e-14 2.99399e-14 1.47192e-14 7.25115e-15 3.57923e-15 1.76989e-15 8.76087e-16 4.32697e-16 2.15781e-16
6.06797e-06 1.88187e-07 8.58631e-08 3.95398e-08 1.83661e-08 8.5991e-09 4.05524e-09 1.92472e-09 9.1867e-10 4.4055e-10 2.11983e-10 1.02065e-10 4.88089e-11 2.26843e-11 9.59411e-12 4.60561e-12 2.21842e-12 1.07196e-12 5.19506e-13 2.52463e-13 1.23005e-13 6.00752e-14 2.94074e-14 1.44265e-14 7.092e-15 3.49346e-15 1.72421e-15 8.52495e-16 4.21917e-16 2.08355e-16 1.03883e-16
3.35775e-06 9.58589e-08 4.36681e-08 2.00685e-08 9.29949e-09 4.34245e-09 2.04196e-09 9.6622e-10 4.59663e-10 2.19566e-10 1.05012e-10 4.99105e-11 2.306e-11 9.68845e-12 4.63473e-12 2.22519e-12 1.07196e-12 5.18028e-13 2.51073e-13 1.2202e-13 5.94521e-14 2.90361e-14 1.4213e-14 6.97211e-15 3.42717e-15 1.688e-15 8.33005e-16 4.11792e-16 2.03769e-16 1.00611e-16 5.01511e-17
1.84805e-06 4.8697e-08 2.21533e-08 1.0163e-08 4.6996e-09 2.18933e-09 1.02683e-09 4.84466e-10 2.29642e-10 1.09055e-10 5.14905e-11 2.36351e-11 9.84815e-12 4.69365e-12 2.24565e-12 1.07829e-12 5.19506e-13 2.51073e-13 1.21694e-13 5.91442e-14 2.88169e-14 1.40736e-14 6.88855e-15 3.37884e-15 1.66069e-15 8.17832e-16 4.0352e-16 1.9944e-16 9.86697e-17 4.87092e-17 2.42733e-17
1.01194e-06 2.46794e-08 1.12137e-08 5.13646e-09 2.37081e-09 1.1021e-09 5.15607e-10 2.42471e-10 1.14296e-10 5.35883e-11 2.44235e-11 1.0077e-11 4.78378e-12 2.28028e-12 1.09112e-12 5.23975e-13 2.52463e-13 1.2202e-13 5.91442e-14 2.87444e-14 1.40047e-14 6.83923e-15 3.34727e-15 1.64165e-15 8.06751e-16 3.97229e-16 1.95955e-16 9.68302e-17 4.78941e-17 2.36386e-17 1.17763e-17
5.51434e-07 1.2481e-08 5.6651e-09 2.59133e-09 1.19405e-09 5.53907e-10 2.58384e-10 1.20868e-10 5.62562e-11 2.54447e-11 1.03805e-11 4.90726e-12 2.32991e-12 1.11074e-12 5.31543e-13 2.55277e-13 1.23005e-13 5.94521e-14 2.88169e-14 1.40047e-14 6.82292e-15 3.33169e-15 1.63042e-15 7.99512e-16 3.92835e-16 1.93386e-16 9.53776e-17 4.71189e-17 2.33001e-17 1.14974e-17 5.72592e-18
2.99128e-07 6.3002e-09 2.85694e-09 1.30516e-09 6.00381e-10 2.77797e-10 1.2894e-10 5.95616e-11 2.6724e-11 1.07659e-11 5.06707e-12 2.39575e-12 1.13762e-12 5.42391e-13 2.59583e-13 1.24673e-13 6.00752e-14 2.90361e-14 1.40736e-14 6.83923e-15 3.33169e-15 1.6267e-15 7.95938e-16 3.90241e-16 1.91704e-16 9.43522e-17 4.65228e-17 2.29773e-17 1.13591e-17 5.60377e-18 2.78981e-18
1.61574e-07 3.17496e-09 1.43846e-09 6.56272e-10 3.0122e-10 1.38721e-10 6.35885e-11 2.82933e-11 1.12427e-11 5.26708e-12 2.47937e-12 1.17242e-12 5.56782e-13 2.65484e-13 1.27065e-13 6.10287e-14 2.94074e-14 1.4213e-14 6.88855e-15 3.34727e-15 1.63042e-15 7.95938e-16 3.89383e-16 1.90873e-16 9.37451e-17 4.61277e-17 2.27384e-17 1.12272e-17 5.54863e-18 2.7366e-18 1.3619e-18
8.69261e-08 1.59759e-09 7.2309e-10 3.29274e-10 1.50466e-10 6.844e-11 3.01925e-11 1.18225e-11 5.51221e-12 2.58283e-12 1.21598e-12 5.75067e-13 2.73124e-13 1.30238e-13 6.23362e-14 2.99399e-14 1.44265e-14 6.97211e-15 3.37884e-15 1.64165e-15 7.99512e-16 3.90241e-16 1.90873e-16 9.35442e-17 4.59319e-17 2.2595e-17 1.11349e-17 5.49618e-18 2.71545e-18 1.3389e-18 6.66061e-19
4.65912e-08 8.02654e-10 3.62712e-10 1.64484e-10 7.42421e-11 3.24698e-11 1.25198e-11 5.80852e-12 2.70867e-12 1.26938e-12 5.97695e-13 2.82692e-13 1.34272e-13 6.40296e-14 3.06468e-14 1.47192e-14 7.092e-15 3.42717e-15 1.66069e-15 8.06751e-16 3.92835e-16 1.91704e-16 9.37451e-17 4.59319e-17 2.25474e-17 1.10884e-17 5.46269e-18 2.69552e-18 1.33131e-18 6.5624e-19 3.26324e-19
2.48837e-08 4.02436e-10 1.81147e-10 8.11461e-11 3.5184e-11 1.33521e-11 6.1634e-12 2.86004e-12 1.33394e-12 6.25223e-13 2.94422e-13 1.39264e-13 6.61505e-14 3.15453e-14 1.50984e-14 7.25115e-15 3.49346e-15 1.688e-15 8.17832e-16 3.97229e-16 1.93386e-16 9.43522e-17 4.61277e-17 2.2595e-17 1.10884e-17 5.45138e-18 2.68474e-18 1.32431e-18 6.53848e-19 3.22202e-19 1.60151e-19
1.32431e-08 2.00897e-10 8.93322e-11 3.84044e-11 1.434e-11 6.5856e-12 3.04061e-12 1.41123e-12 6.58315e-13 3.08596e-13 1.45335e-13 6.87489e-14 3.26566e-14 1.55729e-14 7.45325e-15 3.57923e-15 1.72421e-15 8.33005e-16 4.0352e-16 1.95955e-16 9.53776e-17 4.65228e-17 2.27384e-17 1.11349e-17 5.46269e-18 2.68474e-18 1.32175e-18 6.51747e-19 3.21669e-19 1.58462e-19 7.87289e-20
7.01899e-09 9.90066e-11 4.22103e-11 1.55064e-11 7.0847e-12 3.25443e-12 1.50292e-12 6.97679e-13 3.25508e-13 1.52606e-13 7.18765e-14 3.4002e-14 1.61515e-14 7.70191e-15 3.68593e-15 1.76989e-15 8.52495e-16 4.11792e-16 1.9944e-16 9.68302e-17 4.71189e-17 2.29773e-17 1.12272e-17 5.49618e-18 2.69552e-18 1.32431e-18 6.51747e-19 3.21253e-19 1.58495e-19 7.80528e-20 3.87615e-20
3.69463e-09 4.66767e-11 1.68694e-11 7.66794e-12 3.50433e-12 1.61014e-12 7.43734e-13 3.45314e-13 1.61133e-13 7.55507e-14 3.55864e-14 1.6835e-14 7.99684e-15 3.81315e-15 1.82472e-15 8.76087e-16 4.21917e-16 2.03769e-16 9.86697e-17 4.78941e-17 2.33001e-17 1.13591e-17 5.54863e-18 2.71545e-18 1.33131e-18 6.53848e-19 3.21669e-19 1.58495e-19 7.81664e-20 3.84815e-20 1.91015e-20
1.91044e-09 1.84111e-11 8.32552e-12 3.78511e-12 1.73016e-12 7.95094e-13 3.67314e-13 1.70564e-13 7.9597e-14 3.73233e-14 1.75809e-14 8.31711e-15 3.95062e-15 1.88368e-15 9.01327e-16 4.32697e-16 2.08355e-16 1.00611e-16 4.87092e-17 2.36386e-17 1.14974e-17 5.60377e-18 2.7366e-18 1.3389e-18 6.5624e-19 3.22202e-19 1.58462e-19 7.80528e-20 3.84815e-20 1.89392e-20 9.39739e-21
1.00625e-09 9.1611e-12 4.14456e-12 1.88509e-12 8.62006e-13 3.96271e-13 1.83122e-13 8.50546e-14 3.97e-14 1.8618e-14 8.77057e-15 4.14926e-15 1.97084e-15 9.39637e-16 4.49555e-16 2.15781e-16 1.03883e-16 5.01511e-17 2.42733e-17 1.17763e-17 5.72592e-18 2.78981e-18 1.3619e-18 6.66061e-19 3.26324e-19 1.60151e-19 7.87289e-20 3.87615e-20 1.91015e-20 9.39739e-21 4.66032e-21
