0.174263 0.0427868 0.0217915 0.0121861 0.00688295 0.00384487 0.00212013 0.00115637 0.000625229 0.000335686 0.000179198 9.52026e-05 5.03728e-05 2.65593e-05 1.39607e-05 7.31855e-06 3.82735e-06 1.99727e-06 1.04023e-06 5.40825e-07 2.80728e-07 1.45503e-07 7.53131e-08 3.89334e-08 2.01031e-08 1.03684e-08 5.34113e-09 2.74666e-09 1.40702e-09 7.12031e-10 3.65668e-10
0.0427868 0.0120305 0.00567358 0.00257194 0.00116864 0.000538653 0.000251902 0.00011921 5.69381e-05 2.73899e-05 1.32495e-05 6.43769e-06 3.13913e-06 1.53517e-06 7.52584e-07 3.69687e-07 1.81912e-07 8.96451e-08 4.42328e-08 2.18495e-08 1.08033e-08 5.34618e-09 2.64763e-09 1.31208e-09 6.50596e-10 3.22746e-10 1.60134e-10 7.93953e-11 3.92151e-11 1.90862e-11 9.49261e-12
0.0217915 0.00567358 0.00207872 0.000852492 0.000370263 0.000166687 7.6866e-05 3.60418e-05 1.71022e-05 8.18679e-06 3.94518e-06 1.91103e-06 9.29518e-07 4.53621e-07 2.21982e-07 1.08876e-07 5.35033e-08 2.63354e-08 1.29811e-08 6.40635e-09 3.16499e-09 1.56509e-09 7.74574e-10 3.83621e-10 1.90114e-10 9.42626e-11 4.67457e-11 2.31637e-11 1.14337e-11 5.63608e-12 2.80209e-12
0.0121861 0.00257194 0.000852492 0.000332398 0.000140669 6.23613e-05 2.84586e-05 1.324e-05 6.24349e-06 2.97337e-06 1.4266e-06 6.88438e-07 3.33749e-07 1.624e-07 7.92649e-08 3.87864e-08 1.902e-08 9.34409e-09 4.59776e-09 2.26542e-09 1.11755e-09 5.51875e-10 2.72782e-10 1.34941e-10 6.68006e-11 3.30873e-11 1.6393e-11 8.11713e-12 4.01855e-12 1.97999e-12 9.83612e-13
0.00688295 0.00116864 0.000370263 0.000140669 5.86382e-05 2.57338e-05 1.16538e-05 5.38799e-06 2.52738e-06 1.19814e-06 5.7256e-07 2.75325e-07 1.33054e-07 6.45597e-08 3.14298e-08 1.53436e-08 7.50819e-09 3.68141e-09 1.80819e-09 8.89461e-10 4.38106e-10 2.1604e-10 1.06643e-10 5.26892e-11 2.60528e-11 1.28905e-11 6.38046e-12 3.15926e-12 1.5629e-12 7.69629e-13 3.82009e-13
0.00384487 0.000538653 0.000166687 6.23613e-05 2.57338e-05 1.12087e-05 5.04494e-06 2.32033e-06 1.08349e-06 5.11605e-07 2.43622e-07 1.16781e-07 5.6276e-08 2.72361e-08 1.32286e-08 6.44431e-09 3.14729e-09 1.54041e-09 7.5535e-10 3.70992e-10 1.82473e-10 8.98617e-11 4.4303e-11 2.18635e-11 1.07989e-11 5.33778e-12 2.64007e-12 1.30611e-12 6.45658e-13 3.17766e-13 1.57599e-13
0.00212013 0.000251902 7.6866e-05 2.84586e-05 1.16538e-05 5.04494e-06 2.25896e-06 1.03432e-06 4.81083e-07 2.26367e-07 1.07459e-07 5.13673e-08 2.46912e-08 1.19226e-08 5.77873e-09 2.80974e-09 1.36982e-09 6.6936e-10 3.27731e-10 1.60742e-10 7.89582e-11 3.88372e-11 1.91255e-11 9.42839e-12 4.65229e-12 2.2975e-12 1.13536e-12 5.61241e-13 2.77244e-13 1.36375e-13 6.75864e-14
0.00115637 0.00011921 3.60418e-05 1.324e-05 5.38799e-06 2.32033e-06 1.03432e-06 4.71732e-07 2.18654e-07 1.02568e-07 4.85562e-08 2.3153e-08 1.11041e-08 5.35084e-09 2.58862e-09 1.25648e-09 6.11592e-10 2.98414e-10 1.4591e-10 7.14733e-11 3.50669e-11 1.72292e-11 8.47579e-12 4.17426e-12 2.05785e-12 1.01538e-12 5.01364e-13 2.47653e-13 1.22255e-13 6.01064e-14 2.97679e-14
0.000625229 5.69381e-05 1.71022e-05 6.24349e-06 2.52738e-06 1.08349e-06 4.81083e-07 2.18654e-07 1.01038e-07 4.72659e-08 2.23208e-08 1.06195e-08 5.08281e-09 2.44477e-09 1.18072e-09 5.72207e-10 2.78121e-10 1.35522e-10 6.61809e-11 3.23807e-11 1.58696e-11 7.78919e-12 3.82816e-12 1.88364e-12 9.27818e-13 4.57434e-13 2.25698e-13 1.11407e-13 5.49621e-14 2.70093e-14 1.3368e-14
0.000335686 2.73899e-05 8.18679e-06 2.97337e-06 1.19814e-06 5.11605e-07 2.26367e-07 1.02568e-07 4.72659e-08 2.20569e-08 1.03931e-08 4.93476e-09 2.35759e-09 1.13207e-09 5.45898e-10 2.64179e-10 1.28234e-10 6.24085e-11 3.04418e-11 1.48784e-11 7.28453e-12 3.57205e-12 1.754e-12 8.6233e-13 4.24418e-13 2.09091e-13 1.03093e-13 5.08545e-14 2.5074e-14 1.23163e-14 6.0922e-15
0.000179198 1.32495e-05 3.94518e-06 1.4266e-06 5.7256e-07 2.43622e-07 1.07459e-07 4.85562e-08 2.23208e-08 1.03931e-08 4.88735e-09 2.31634e-09 1.10479e-09 5.29686e-10 2.5506e-10 1.2327e-10 5.97634e-11 2.90525e-11 1.41563e-11 6.912e-12 3.38099e-12 1.65645e-12 8.12699e-13 3.9924e-13 1.96351e-13 9.66656e-14 4.76296e-14 2.34807e-14 1.15708e-14 5.68117e-15 2.8086e-15
9.52026e-05 6.43769e-06 1.91103e-06 6.88438e-07 2.75325e-07 1.16781e-07 5.13673e-08 2.3153e-08 1.06195e-08 4.93476e-09 2.31634e-09 1.09599e-09 5.21941e-10 2.49889e-10 1.20173e-10 5.80093e-11 2.80921e-11 1.36419e-11 6.64068e-12 3.23942e-12 1.58317e-12 7.75008e-13 3.79946e-13 1.86513e-13 9.16658e-14 4.50983e-14 2.22073e-14 1.09415e-14 5.38891e-15 2.64486e-15 1.30685e-15
5.03728e-05 3.13913e-06 9.29518e-07 3.33749e-07 1.33054e-07 5.6276e-08 2.46912e-08 1.11041e-08 5.08281e-09 2.35759e-09 1.10479e-09 5.21941e-10 2.48213e-10 1.18682e-10 5.70061e-11 2.74869e-11 1.32971e-11 6.45096e-12 3.13735e-12 1.52912e-12 7.46706e-13 3.65253e-13 1.78935e-13 8.77773e-14 4.31119e-14 2.11973e-14 1.04318e-14 5.13691e-15 2.52878e-15 1.24065e-15 6.1271e-16
2.65593e-05 1.53517e-06 4.53621e-07 1.624e-07 6.45597e-08 2.72361e-08 1.19226e-08 5.35084e-09 2.44477e-09 1.13207e-09 5.29686e-10 2.49889e-10 1.18682e-10 5.66795e-11 2.71941e-11 1.30986e-11 6.33046e-12 3.06834e-12 1.49097e-12 7.261e-13 3.54302e-13 1.73182e-13 8.47826e-14 4.15636e-14 2.04014e-14 1.00251e-14 4.93092e-15 2.42685e-15 1.19412e-15 5.8564e-16 2.89088e-16
1.39607e-05 7.52584e-07 2.21982e-07 7.92649e-08 3.14298e-08 1.32286e-08 5.77873e-09 2.58862e-09 1.18072e-09 5.45898e-10 2.5506e-10 1.20173e-10 5.70061e-11 2.71941e-11 1.30338e-11 6.27191e-12 3.0284e-12 1.46659e-12 7.12073e-13 3.46515e-13 1.68961e-13 8.25317e-14 4.03779e-14 1.97826e-14 9.70458e-15 4.76612e-15 2.34302e-15 1.15259e-15 5.66872e-16 2.7792e-16 1.37127e-16
7.31855e-06 3.69687e-07 1.08876e-07 3.87864e-08 1.53436e-08 6.44431e-09 2.80974e-09 1.25648e-09 5.72207e-10 2.64179e-10 1.2327e-10 5.80093e-11 2.74869e-11 1.30986e-11 6.27191e-12 3.01532e-12 1.4547e-12 7.03917e-13 3.41513e-13 1.66071e-13 8.09212e-14 3.95019e-14 1.93141e-14 9.4572e-15 4.63678e-15 2.27602e-15 1.11833e-15 5.49873e-16 2.70326e-16 1.32489e-16 6.53427e-17
3.82735e-06 1.81912e-07 5.35033e-08 1.902e-08 7.50819e-09 3.14729e-09 1.36982e-09 6.11592e-10 2.78121e-10 1.28234e-10 5.97634e-11 2.80921e-11 1.32971e-11 6.33046e-12 3.0284e-12 1.4547e-12 7.01241e-13 3.39067e-13 1.64384e-13 7.98824e-14 3.88993e-14 1.89772e-14 9.2734e-15 4.53824e-15 2.22389e-15 1.09107e-15 5.35846e-16 2.63353e-16 1.29416e-16 6.34082e-17 3.12595e-17
1.99727e-06 8.96451e-08 2.63354e-08 9.34409e-09 3.68141e-09 1.54041e-09 6.6936e-10 2.98414e-10 1.35522e-10 6.24085e-11 2.90525e-11 1.36419e-11 6.45096e-12 3.06834e-12 1.46659e-12 7.03917e-13 3.39067e-13 1.6383e-13 7.93731e-14 3.85467e-14 1.87592e-14 9.14647e-15 4.46705e-15 2.18495e-15 1.07016e-15 5.24787e-16 2.57615e-16 1.26556e-16 6.21674e-17 3.04503e-17 1.50058e-17
1.04023e-06 4.42328e-08 1.29811e-08 4.59776e-09 1.80819e-09 7.5535e-10 3.27731e-10 1.4591e-10 6.61809e-11 3.04418e-11 1.41563e-11 6.64068e-12 3.13735e-12 1.49097e-12 7.12073e-13 3.41513e-13 1.64384e-13 7.93731e-14 3.84305e-14 1.8652e-14 9.07198e-15 4.42083e-15 2.15796e-15 1.05499e-15 5.16474e-16 2.53154e-16 1.24218e-16 6.09984e-17 2.99526e-17 1.4667e-17 7.2251e-18
5.40825e-07 2.18495e-08 6.40635e-09 2.26542e-09 8.89461e-10 3.70992e-10 1.60742e-10 7.14733e-11 3.23807e-11 1.48784e-11 6.912e-12 3.23942e-12 1.52912e-12 7.261e-13 3.46515e-13 1.66071e-13 7.98824e-14 3.85467e-14 1.8652e-14 9.04743e-15 4.39808e-15 2.14209e-15 1.04511e-15 5.1069e-16 2.49897e-16 1.22436e-16 6.0052e-17 2.94775e-17 1.44695e-17 7.08336e-18 3.48807e-18
2.80728e-07 1.08033e-08 3.16499e-09 1.11755e-09 4.38106e-10 1.82473e-10 7.89582e-11 3.50669e-11 1.58696e-11 7.28453e-12 3.38099e-12 1.58317e-12 7.46706e-13 3.54302e-13 1.68961e-13 8.09212e-14 3.88993e-14 1.87592e-14 9.07198e-15 4.39808e-15 2.13685e-15 1.04024e-15 5.07282e-16 2.4777e-16 1.21189e-16 5.93511e-17 2.90988e-17 1.42783e-17 7.00629e-18 3.42895e-18 1.68794e-18
1.45503e-07 5.34618e-09 1.56509e-09 5.51875e-10 2.1604e-10 8.98617e-11 3.88372e-11 1.72292e-11 7.78919e-12 3.57205e-12 1.65645e-12 7.75008e-13 3.65253e-13 1.73182e-13 8.25317e-14 3.95019e-14 1.89772e-14 9.14647e-15 4.42083e-15 2.14209e-15 1.04024e-15 5.06155e-16 2.46719e-16 1.20452e-16 5.88908e-17 2.88297e-17 1.41293e-17 6.93049e-18 3.39965e-18 1.6634e-18 8.18555e-19
7.53131e-08 2.64763e-09 7.74574e-10 2.72782e-10 1.06643e-10 4.4303e-11 1.91255e-11 8.47579e-12 3.82816e-12 1.754e-12 8.12699e-13 3.79946e-13 1.78935e-13 8.47826e-14 4.03779e-14 1.93141e-14 9.2734e-15 4.46705e-15 2.15796e-15 1.04511e-15 5.07282e-16 2.46719e-16 1.20208e-16 5.86629e-17 2.86697e-17 1.40298e-17 6.87341e-18 3.37027e-18 1.65271e-18 8.08453e-19 3.9771e-19
3.89334e-08 1.31208e-09 3.83621e-10 1.34941e-10 5.26892e-11 2.18635e-11 9.42839e-12 4.17426e-12 1.88364e-12 8.6233e-13 3.9924e-13 1.86513e-13 8.77773e-14 4.15636e-14 1.97826e-14 9.4572e-15 4.53824e-15 2.18495e-15 1.05499e-15 5.1069e-16 2.4777e-16 1.20452e-16 5.86629e-17 2.86167e-17 1.39802e-17 6.83882e-18 3.34927e-18 1.64171e-18 8.04817e-19 3.93599e-19 1.93567e-19
2.01031e-08 6.50596e-10 1.90114e-10 6.68006e-11 2.60528e-11 1.07989e-11 4.65229e-12 2.05785e-12 9.27818e-13 4.24418e-13 1.96351e-13 9.16658e-14 4.31119e-14 2.04014e-14 9.70458e-15 4.63678e-15 2.22389e-15 1.07016e-15 5.16474e-16 2.49897e-16 1.21189e-16 5.88908e-17 2.86697e-17 1.39802e-17 6.82728e-18 3.33858e-18 1.6345e-18 8.00925e-19 3.92522e-19 1.91922e-19 9.43565e-20
1.03684e-08 3.22746e-10 9.42626e-11 3.30873e-11 1.28905e-11 5.33778e-12 2.2975e-12 1.01538e-12 4.57434e-13 2.09091e-13 9.66656e-14 4.50983e-14 2.11973e-14 1.00251e-14 4.76612e-15 2.27602e-15 1.09107e-15 5.24787e-16 2.53154e-16 1.22436e-16 5.93511e-17 2.88297e-17 1.40298e-17 6.83882e-18 3.33858e-18 1.63203e-18 7.98748e-19 3.91276e-19 1.91705e-19 9.37127e-20 4.60598e-20
5.34113e-09 1.60134e-10 4.67457e-11 1.6393e-11 6.38046e-12 2.64007e-12 1.13536e-12 5.01364e-13 2.25698e-13 1.03093e-13 4.76296e-14 2.22073e-14 1.04318e-14 4.93092e-15 2.34302e-15 1.11833e-15 5.35846e-16 2.57615e-16 1.24218e-16 6.0052e-17 2.90988e-17 1.41293e-17 6.87341e-18 3.34927e-18 1.6345e-18 7.98748e-19 3.908e-19 1.91382e-19 9.37415e-20 4.58149e-20 2.25118e-20
2.74666e-09 7.93953e-11 2.31637e-11 8.11713e-12 3.15926e-12 1.30611e-12 5.61241e-13 2.47653e-13 1.11407e-13 5.08545e-14 2.34807e-14 1.09415e-14 5.13691e-15 2.42685e-15 1.15259e-15 5.49873e-16 2.63353e-16 1.26556e-16 6.09984e-17 2.94775e-17 1.42783e-17 6.93049e-18 3.37027e-18 1.64171e-18 8.00925e-19 3.91276e-19 1.91382e-19 9.36963e-20 4.5882e-20 2.24197e-20 1.10134e-20
1.40702e-09 3.92151e-11 1.14337e-11 4.01855e-12 1.5629e-12 6.45658e-13 2.77244e-13 1.22255e-13 5.49621e-14 2.5074e-14 1.15708e-14 5.38891e-15 2.52878e-15 1.19412e-15 5.66872e-16 2.70326e-16 1.29416e-16 6.21674e-17 2.99526e-17 1.44695e-17 7.00629e-18 3.39965e-18 1.65271e-18 8.04817e-19 3.92522e-19 1.91705e-19 9.37415e-20 4.5882e-20 2.24625e-20 1.09741e-20 5.38956e-21
7.12031e-10 1.90862e-11 5.63608e-12 1.97999e-12 7.69629e-13 3.17766e-13 1.36375e-13 6.01064e-14 2.70093e-14 1.23163e-14 5.68117e-15 2.64486e-15 1.24065e-15 5.8564e-16 2.7792e-16 1.32489e-16 6.34082e-17 3.04503e-17 1.4667e-17 7.08336e-18 3.42895e-18 1.6634e-18 8.08453e-19 3.93599e-19 1.91922e-19 9.37127e-20 4.58149e-20 2.24197e-20 1.09741e-20 5.36065e-21 2.63222e-21
3.65668e-10 9.49261e-12 2.80209e-12 9.83612e-13 3.82009e-13 1.57599e-13 6.75864e-14 2.97679e-14 1.3368e-14 6.0922e-15 2.8086e-15 1.30685e-15 6.1271e-16 2.89088e-16 1.37127e-16 6.53427e-17 3.12595e-17 1.50058e-17 7.2251e-18 3.48807e-18 1.68794e-18 8.18555e-19 3.9771e-19 1.93567e-19 9.43565e-20 4.60598e-20 2.25118e-20 1.10134e-20 5.38956e-21 2.63222e-21 1.29217e-21
