0.51775 0.00608505 0.00512859 0.00432246 0.00364305 0.00307042 0.00258781 0.00218105 0.00183823 0.00154929 0.00130577 0.00110052 0.000927541 0.000781748 0.000658871 0.000555308 0.000468023 0.000394458 0.000332456 0.0002802 0.000236157 0.000199038 0.000167752 0.000141385 0.000119161 0.000100431 8.46453e-05 7.13405e-05 6.0127e-05 5.06761e-05 4.27107e-05 3.59973e-05 3.03392e-05 2.55704e-05 2.15512e-05 1.81637e-05 1.53087e-05 1.29024e-05 1.08744e-05 9.16513e-06 7.72453e-06 6.51037e-06 5.48705e-06 4.62459e-06 3.89768e-06 3.28503e-06 2.76868e-06 2.3335e-06 1.96671e-06 1.65758e-06 1.39704e-06 1.17745e-06 9.92372e-07 8.36389e-07 7.04923e-07 5.94122e-07 5.00736e-07 4.22029e-07 3.55693e-07 2.99785e-07 2.52664e-07 2.12949e-07 1.79478e-07 1.51267e-07 1.2749e-07 1.07451e-07 9.05616e-08 7.63269e-08 6.43297e-08 5.42182e-08 4.5696e-08 3.85134e-08 3.24598e-08 2.73577e-08 2.30575e-08 1.94333e-08 1.63787e-08 1.38043e-08 1.16345e-08 9.80574e-09 8.26445e-09 6.96542e-09 5.87058e-09 4.94783e-09 4.17011e-09 3.51464e-09 2.9622e-09 2.4966e-09 2.10418e-09 1.77344e-09 1.49468e-09 1.25975e-09 1.06174e-09 8.94849e-10 7.54194e-10 6.35648e-10 5.35735e-10 4.51527e-10 3.80555e-10 3.20738e-10 2.70324e-10
0.00608505 0.00236707 0.00209134 0.00184381 0.00162243 0.00142508 0.00124969 0.00109423 0.000956767 0.000835481 0.000728686 0.000634821 0.000552461 0.000480308 0.000417188 0.000362044 0.000313928 0.000271994 0.000235486 0.000203735 0.000176147 0.000152199 0.000131427 0.000113424 9.78344e-05 8.4343e-05 7.26757e-05 6.25924e-05 5.38834e-05 4.63657e-05 3.98801e-05 3.42878e-05 2.94683e-05 2.53167e-05 2.17422e-05 1.86658e-05 1.60195e-05 1.37438e-05 1.17878e-05 1.01071e-05 8.66356e-06 7.42409e-06 6.36022e-06 5.44737e-06 4.66435e-06 3.9929e-06 3.41729e-06 2.92399e-06 2.50133e-06 2.1393e-06 1.82928e-06 1.56387e-06 1.3367e-06 1.1423e-06 9.75992e-07 8.33743e-07 7.12099e-07 6.08097e-07 5.19196e-07 4.43218e-07 3.78298e-07 3.22836e-07 2.75463e-07 2.35007e-07 2.00462e-07 1.70972e-07 1.45799e-07 1.24316e-07 1.05984e-07 9.03434e-08 7.70013e-08 6.56215e-08 5.59166e-08 4.76414e-08 4.05861e-08 3.45717e-08 2.94453e-08 2.50763e-08 2.13533e-08 1.81811e-08 1.54786e-08 1.31765e-08 1.12156e-08 9.54567e-09 8.12359e-09 6.91272e-09 5.8818e-09 5.00418e-09 4.25714e-09 3.6213e-09 3.08017e-09 2.61969e-09 2.22786e-09 1.89449e-09 1.61087e-09 1.36961e-09 1.1644e-09 9.89855e-10 8.41416e-10 7.15184e-10 6.07848e-10
0.00512859 0.00209134 0.00188128 0.00168712 0.0015088 0.00134593 0.00119791 0.00106393 0.000943123 0.000834555 0.000737276 0.000650348 0.000572859 0.000503938 0.000442762 0.000388563 0.000340629 0.000298303 0.000260984 0.000228126 0.000199233 0.000173856 0.000151594 0.000132085 0.000115006 0.000100068 8.70142e-05 7.56171e-05 6.56742e-05 5.70067e-05 4.94564e-05 4.2884e-05 3.71665e-05 3.21959e-05 2.78772e-05 2.41272e-05 2.08727e-05 1.80497e-05 1.56024e-05 1.34817e-05 1.16449e-05 1.00547e-05 8.6787e-06 7.48846e-06 6.45935e-06 5.5699e-06 4.80146e-06 4.13779e-06 3.56483e-06 3.07034e-06 2.64372e-06 2.27578e-06 1.95853e-06 1.68509e-06 1.44947e-06 1.24649e-06 1.07169e-06 9.21196e-07 7.91658e-07 6.80189e-07 5.84291e-07 5.01811e-07 4.30888e-07 3.69915e-07 3.1751e-07 2.72478e-07 2.33789e-07 2.00558e-07 1.7202e-07 1.47518e-07 1.26484e-07 1.08432e-07 9.29412e-08 7.96508e-08 6.82503e-08 5.84728e-08 5.00885e-08 4.29001e-08 3.67382e-08 3.14569e-08 2.69311e-08 2.30533e-08 1.97313e-08 1.68857e-08 1.44487e-08 1.23619e-08 1.05751e-08 9.04556e-09 7.73629e-09 6.61575e-09 5.65687e-09 4.83641e-09 4.13449e-09 3.53406e-09 3.0205e-09 2.5813e-09 2.20573e-09 1.88461e-09 1.61007e-09 1.3754e-09 1.17481e-09
0.00432246 0.00184381 0.00168712 0.00153729 0.00139558 0.00126272 0.00113909 0.00102479 0.000919681 0.000823492 0.000735836 0.000656254 0.000584245 0.000519283 0.000460839 0.000408388 0.000361424 0.000319459 0.000282033 0.000248715 0.000219102 0.000192823 0.000169536 0.000148928 0.000130714 0.000114634 0.000100454 8.79639e-05 7.69721e-05 6.73083e-05 5.88196e-05 5.13696e-05 4.48364e-05 3.91117e-05 3.4099e-05 2.97131e-05 2.5878e-05 2.25268e-05 1.96002e-05 1.70459e-05 1.4818e-05 1.28757e-05 1.11833e-05 9.70943e-06 8.42652e-06 7.31035e-06 6.33969e-06 5.49594e-06 4.76284e-06 4.12613e-06 3.57337e-06 3.09367e-06 2.67754e-06 2.31668e-06 2.00386e-06 1.73278e-06 1.49796e-06 1.29461e-06 1.11856e-06 9.66202e-07 8.34385e-07 7.20374e-07 6.2179e-07 5.36571e-07 4.62924e-07 3.99296e-07 3.44337e-07 2.96878e-07 2.55906e-07 2.20543e-07 1.90028e-07 1.63703e-07 1.40997e-07 1.21417e-07 1.04537e-07 8.99867e-08 7.74479e-08 6.66445e-08 5.73381e-08 4.93229e-08 4.24211e-08 3.64791e-08 3.13643e-08 2.69624e-08 2.31747e-08 1.99161e-08 1.71131e-08 1.47024e-08 1.26295e-08 1.08473e-08 9.31531e-09 7.99856e-09 6.86702e-09 5.89476e-09 5.0595e-09 4.34203e-09 3.72582e-09 3.19667e-09 2.74233e-09 2.35228e-09 2.01747e-09
0.00364305 0.00162243 0.0015088 0.00139558 0.00128477 0.00117783 0.00107577 0.000979274 0.000888746 0.000804377 0.000726195 0.000654107 0.000587929 0.000527414 0.000472269 0.000422177 0.000376802 0.000335809 0.00029886 0.000265631 0.000235807 0.000209088 0.000185194 0.000163859 0.000144839 0.000127906 0.000112852 9.94846e-05 8.7629e-05 7.71259e-05 6.7831e-05 5.96135e-05 5.23555e-05 4.59508e-05 4.0304e-05 3.53295e-05 3.09507e-05 2.70992e-05 2.3714e-05 2.07407e-05 1.81309e-05 1.58416e-05 1.38348e-05 1.20766e-05 1.05371e-05 9.18981e-06 8.01142e-06 6.98127e-06 6.08115e-06 5.29504e-06 4.60881e-06 4.01004e-06 3.48782e-06 3.03256e-06 2.63583e-06 2.29024e-06 1.98933e-06 1.72741e-06 1.49951e-06 1.3013e-06 1.12895e-06 9.79156e-07 8.48999e-07 7.35943e-07 6.37772e-07 5.52554e-07 4.786e-07 4.14441e-07 3.58796e-07 3.10547e-07 2.68724e-07 2.32481e-07 2.0108e-07 1.73883e-07 1.50331e-07 1.29942e-07 1.12296e-07 9.70254e-08 8.38151e-08 7.23891e-08 6.25088e-08 5.39668e-08 4.65835e-08 4.02029e-08 3.46901e-08 2.9928e-08 2.58151e-08 2.22637e-08 1.91976e-08 1.65511e-08 1.42671e-08 1.22963e-08 1.05961e-08 9.12957e-09 7.86482e-09 6.77427e-09 5.83408e-09 5.02366e-09 4.32519e-09 3.72331e-09 3.20475e-09
0.00307042 0.00142508 0.00134593 0.00126272 0.00117783 0.0010931 0.00100995 0.000929419 0.000852266 0.000779004 0.00070996 0.00064531 0.000585112 0.000529333 0.000477874 0.000430583 0.000387272 0.000347732 0.000311737 0.000279055 0.000249451 0.000222694 0.000198561 0.000176835 0.000157311 0.000139794 0.000124102 0.000110066 9.75278e-05 8.6342e-05 7.6375e-05 6.75042e-05 5.96177e-05 5.26135e-05 4.63992e-05 4.08908e-05 3.60126e-05 3.16962e-05 2.788e-05 2.45087e-05 2.15328e-05 1.89077e-05 1.65938e-05 1.45555e-05 1.27612e-05 1.11826e-05 9.79461e-06 8.57499e-06 7.50389e-06 6.56374e-06 5.73896e-06 5.01577e-06 4.38196e-06 3.82676e-06 3.34064e-06 2.91519e-06 2.54302e-06 2.21758e-06 1.93313e-06 1.68461e-06 1.46755e-06 1.27806e-06 1.11269e-06 9.68422e-07 8.42609e-07 7.32928e-07 6.37343e-07 5.54069e-07 4.81545e-07 4.18402e-07 3.63444e-07 3.15624e-07 2.74027e-07 2.37854e-07 2.06406e-07 1.79074e-07 1.55325e-07 1.34695e-07 1.16779e-07 1.01224e-07 8.77216e-08 7.60045e-08 6.58388e-08 5.70211e-08 4.93745e-08 4.27449e-08 3.69983e-08 3.20182e-08 2.77032e-08 2.39654e-08 2.07281e-08 1.79249e-08 1.54981e-08 1.33975e-08 1.15797e-08 1.00068e-08 8.64621e-09 7.46937e-09 6.45169e-09 5.57178e-09 4.81113e-09
0.00258781 0.00124969 0.00119791 0.00113909 0.00107577 0.00100995 0.000943235 0.000876887 0.000811869 0.000748909 0.000688534 0.000631113 0.000576881 0.000525971 0.000478431 0.000434244 0.000393344 0.000355628 0.000320963 0.000289201 0.000260179 0.000233728 0.000209678 0.000187857 0.0001681 0.000150244 0.000134136 0.000119627 0.00010658 9.4864e-05 8.43578e-05 7.49487e-05 6.65326e-05 5.90134e-05 5.23029e-05 4.63206e-05 4.09928e-05 3.62524e-05 3.20386e-05 2.82962e-05 2.49752e-05 2.20305e-05 1.94217e-05 1.7112e-05 1.50687e-05 1.32622e-05 1.16663e-05 1.02573e-05 9.014e-06 7.91766e-06 6.95146e-06 6.10042e-06 5.35123e-06 4.69205e-06 4.11237e-06 3.60285e-06 3.15521e-06 2.76214e-06 2.41712e-06 2.11443e-06 1.84898e-06 1.61629e-06 1.41241e-06 1.23383e-06 1.07748e-06 9.40644e-07 8.20929e-07 7.16232e-07 6.24701e-07 5.44708e-07 4.74822e-07 4.13786e-07 3.60497e-07 3.13986e-07 2.73403e-07 2.38005e-07 2.07136e-07 1.80227e-07 1.56775e-07 1.36341e-07 1.18543e-07 1.03045e-07 8.95521e-08 7.78088e-08 6.75906e-08 5.87016e-08 5.09708e-08 4.42488e-08 3.84055e-08 3.33271e-08 2.89144e-08 2.50812e-08 2.17519e-08 1.8861e-08 1.63512e-08 1.41728e-08 1.22824e-08 1.06423e-08 9.21953e-09 7.98561e-09 6.91567e-09
0.00218105 0.00109423 0.00106393 0.00102479 0.000979274 0.000929419 0.000876887 0.000823025 0.000768911 0.000715393 0.00066313 0.000612616 0.000564215 0.000518178 0.000474667 0.000433771 0.000395521 0.0003599 0.000326856 0.000296311 0.000268167 0.000242309 0.000218616 0.000196959 0.000177209 0.000159237 0.000142913 0.000128115 0.000114723 0.000102623 9.17063e-05 8.18725e-05 7.30257e-05 6.50773e-05 5.79447e-05 5.15518e-05 4.5828e-05 4.07089e-05 3.61352e-05 3.20528e-05 2.84122e-05 2.51685e-05 2.22809e-05 1.97125e-05 1.74297e-05 1.54024e-05 1.36032e-05 1.20077e-05 1.05936e-05 9.34134e-06 8.23296e-06 7.25257e-06 6.3859e-06 5.62021e-06 4.94411e-06 4.34744e-06 3.82116e-06 3.35719e-06 2.94836e-06 2.58829e-06 2.27132e-06 1.99241e-06 1.74711e-06 1.53146e-06 1.34195e-06 1.17549e-06 1.02933e-06 9.01046e-07 7.88496e-07 6.89786e-07 6.03247e-07 5.27404e-07 4.6096e-07 4.0277e-07 3.51824e-07 3.07237e-07 2.68226e-07 2.34105e-07 2.04271e-07 1.78193e-07 1.55404e-07 1.35496e-07 1.18108e-07 1.02928e-07 8.96768e-08 7.81135e-08 6.80257e-08 5.92272e-08 5.15553e-08 4.48673e-08 3.90386e-08 3.39599e-08 2.95357e-08 2.56827e-08 2.23278e-08 1.94072e-08 1.68654e-08 1.46537e-08 1.27296e-08 1.10561e-08 9.60084e-09
0.00183823 0.000956767 0.000943123 0.000919681 0.000888746 0.000852266 0.000811869 0.000768911 0.000724504 0.000679554 0.00063479 0.000590785 0.000547986 0.000506729 0.000467258 0.000429742 0.000394288 0.000360949 0.00032974 0.000300642 0.000273611 0.000248582 0.000225476 0.000204205 0.000184673 0.000166779 0.000150423 0.000135502 0.000121917 0.000109569 9.83662e-05 8.82174e-05 7.90373e-05 7.07452e-05 6.32653e-05 5.65266e-05 5.04631e-05 4.50133e-05 4.01207e-05 3.57327e-05 3.18015e-05 2.82828e-05 2.51362e-05 2.23249e-05 1.98154e-05 1.7577e-05 1.55821e-05 1.38056e-05 1.22247e-05 1.08188e-05 9.56952e-06 8.46008e-06 7.47547e-06 6.60219e-06 5.82814e-06 5.14242e-06 4.53532e-06 3.99811e-06 3.523e-06 3.10304e-06 2.73201e-06 2.40437e-06 2.11519e-06 1.86007e-06 1.63511e-06 1.43682e-06 1.26213e-06 1.10828e-06 9.72851e-07 8.53682e-07 7.48862e-07 6.56698e-07 5.75695e-07 5.04525e-07 4.42019e-07 3.8714e-07 3.38975e-07 2.96717e-07 2.59653e-07 2.27155e-07 1.98671e-07 1.73712e-07 1.51848e-07 1.32702e-07 1.1594e-07 1.01271e-07 8.84353e-08 7.7208e-08 6.73901e-08 5.88069e-08 5.1305e-08 4.47501e-08 3.90239e-08 3.4023e-08 2.96565e-08 2.58449e-08 2.25185e-08 1.96162e-08 1.70845e-08 1.48765e-08 1.29514e-08
0.00154929 0.000835481 0.000834555 0.000823492 0.000804377 0.000779004 0.000748909 0.000715393 0.000679554 0.000642305 0.000604401 0.000566456 0.000528965 0.000492319 0.00045682 0.000422695 0.000390107 0.000359166 0.00032994 0.000302458 0.000276722 0.000252709 0.000230381 0.000209681 0.000190546 0.000172903 0.000156674 0.000141781 0.000128142 0.000115675 0.0001043 9.3941e-05 8.45213e-05 7.59691e-05 6.82159e-05 6.11968e-05 5.48506e-05 4.912e-05 4.39514e-05 3.9295e-05 3.51046e-05 3.13375e-05 2.79544e-05 2.49189e-05 2.2198e-05 1.97611e-05 1.75805e-05 1.56308e-05 1.38889e-05 1.2334e-05 1.09469e-05 9.71038e-06 8.60892e-06 7.62841e-06 6.75612e-06 5.9806e-06 5.29154e-06 4.67965e-06 4.13661e-06 3.65495e-06 3.22794e-06 2.84961e-06 2.51456e-06 2.218e-06 1.95562e-06 1.72361e-06 1.51855e-06 1.33738e-06 1.17739e-06 1.03617e-06 9.11562e-07 8.01665e-07 7.0478e-07 6.19397e-07 5.44182e-07 4.77948e-07 4.19645e-07 3.6834e-07 3.23211e-07 2.83527e-07 2.48643e-07 2.17989e-07 1.91061e-07 1.67413e-07 1.46652e-07 1.28432e-07 1.12446e-07 9.84245e-08 8.61297e-08 7.5352e-08 6.59068e-08 5.76317e-08 5.03836e-08 4.40369e-08 3.84808e-08 3.36181e-08 2.93634e-08 2.56415e-08 2.23865e-08 1.95406e-08 1.70529e-08
0.00130577 0.000728686 0.000737276 0.000735836 0.000726195 0.00070996 0.000688534 0.00066313 0.00063479 0.000604401 0.000572712 0.000540348 0.000507827 0.000475569 0.000443913 0.000413126 0.000383413 0.000354926 0.000327772 0.000302022 0.000277715 0.000254865 0.000233465 0.000213489 0.000194902 0.000177656 0.000161697 0.000146965 0.000133396 0.000120926 0.000109487 9.90152e-05 8.94448e-05 8.07128e-05 7.27585e-05 6.55232e-05 5.89514e-05 5.29901e-05 4.75896e-05 4.27032e-05 3.8287e-05 3.43003e-05 3.07051e-05 2.74663e-05 2.45515e-05 2.19307e-05 1.95764e-05 1.74634e-05 1.55686e-05 1.38708e-05 1.23507e-05 1.09907e-05 9.77497e-06 8.68889e-06 7.71932e-06 6.85434e-06 6.08317e-06 5.39607e-06 4.78424e-06 4.23978e-06 3.75553e-06 3.32509e-06 2.94267e-06 2.60312e-06 2.30177e-06 2.03446e-06 1.79747e-06 1.58746e-06 1.40144e-06 1.23675e-06 1.09101e-06 9.62087e-07 8.48099e-07 7.47356e-07 6.58353e-07 5.79755e-07 5.10371e-07 4.49146e-07 3.9514e-07 3.47519e-07 3.05544e-07 2.68557e-07 2.35979e-07 2.07292e-07 1.8204e-07 1.5982e-07 1.40273e-07 1.23084e-07 1.07972e-07 9.46907e-08 8.30217e-08 7.27722e-08 6.37721e-08 5.58713e-08 4.89375e-08 4.28541e-08 3.7518e-08 3.28388e-08 2.87366e-08 2.51412e-08 2.19908e-08
0.00110052 0.000634821 0.000650348 0.000656254 0.000654107 0.00064531 0.000631113 0.000612616 0.000590785 0.000566456 0.000540348 0.000513076 0.000485157 0.000457026 0.00042904 0.00040149 0.00037461 0.000348581 0.000323543 0.000299596 0.000276811 0.00025523 0.000234874 0.000215745 0.00019783 0.000181105 0.000165535 0.00015108 0.000137693 0.000125324 0.000113919 0.000103424 9.37864e-05 8.49507e-05 7.68642e-05 6.94751e-05 6.27335e-05 5.65916e-05 5.10036e-05 4.59263e-05 4.13186e-05 3.71422e-05 3.3361e-05 2.99413e-05 2.68519e-05 2.40635e-05 2.15494e-05 1.92847e-05 1.72464e-05 1.54136e-05 1.37668e-05 1.22884e-05 1.09622e-05 9.7735e-06 8.70873e-06 7.75569e-06 6.90322e-06 6.14123e-06 5.46056e-06 4.85291e-06 4.31078e-06 3.82738e-06 3.39662e-06 3.01296e-06 2.67146e-06 2.36763e-06 2.09747e-06 1.85736e-06 1.64406e-06 1.45469e-06 1.28662e-06 1.13753e-06 1.00535e-06 8.88196e-07 7.84413e-07 6.92511e-07 6.11165e-07 5.39191e-07 4.75534e-07 4.19255e-07 3.69517e-07 3.25577e-07 2.86773e-07 2.52517e-07 2.22286e-07 1.95617e-07 1.72098e-07 1.51363e-07 1.33089e-07 1.16989e-07 1.02809e-07 9.03235e-08 7.93334e-08 6.96626e-08 6.11551e-08 5.36731e-08 4.70949e-08 4.13129e-08 3.6232e-08 3.17686e-08 2.78485e-08
0.000927541 0.000552461 0.000572859 0.000584245 0.000587929 0.000585112 0.000576881 0.000564215 0.000547986 0.000528965 0.000507827 0.000485157 0.000461461 0.000437171 0.000412648 0.000388198 0.000364068 0.000340463 0.000317543 0.000295432 0.000274224 0.000253985 0.000234759 0.00021657 0.000199427 0.000183324 0.000168245 0.000154167 0.000141058 0.000128882 0.000117598 0.000107164 9.75353e-05 8.86668e-05 8.05133e-05 7.30299e-05 6.61726e-05 5.98988e-05 5.4167e-05 4.89379e-05 4.41735e-05 3.98381e-05 3.58978e-05 3.23209e-05 2.90772e-05 2.61391e-05 2.34804e-05 2.10768e-05 1.89061e-05 1.69474e-05 1.51816e-05 1.3591e-05 1.21595e-05 1.08721e-05 9.71529e-06 8.67654e-06 7.7445e-06 6.90878e-06 6.15995e-06 5.48942e-06 4.88938e-06 4.35276e-06 3.87316e-06 3.44476e-06 3.06232e-06 2.7211e-06 2.41683e-06 2.14565e-06 1.90408e-06 1.68901e-06 1.49762e-06 1.32738e-06 1.17604e-06 1.04155e-06 9.2209e-07 8.16032e-07 7.21911e-07 6.38418e-07 5.64385e-07 4.98765e-07 4.40627e-07 3.89137e-07 3.43553e-07 3.03211e-07 2.67523e-07 2.35962e-07 2.08062e-07 1.83406e-07 1.61625e-07 1.42389e-07 1.25407e-07 1.10419e-07 9.71964e-08 8.55338e-08 7.52506e-08 6.61863e-08 5.81989e-08 5.11624e-08 4.49653e-08 3.95092e-08 3.47067e-08
0.000781748 0.000480308 0.000503938 0.000519283 0.000527414 0.000529333 0.000525971 0.000518178 0.000506729 0.000492319 0.000475569 0.000457026 0.000437171 0.000416421 0.000395134 0.000373617 0.000352127 0.000330878 0.000310046 0.00028977 0.000270164 0.00025131 0.000233273 0.000216093 0.000199797 0.000184397 0.000169893 0.000156276 0.000143528 0.000131625 0.00012054 0.00011024 0.00010069 9.18539e-05 8.36941e-05 7.61724e-05 6.92509e-05 6.28921e-05 5.70592e-05 5.17166e-05 4.683e-05 4.23665e-05 3.82946e-05 3.45845e-05 3.12081e-05 2.81388e-05 2.53516e-05 2.28234e-05 2.05323e-05 1.8458e-05 1.65819e-05 1.48865e-05 1.33558e-05 1.19748e-05 1.073e-05 9.60879e-06 8.59971e-06 7.69219e-06 6.87661e-06 6.14416e-06 5.4868e-06 4.89723e-06 4.3688e-06 3.89546e-06 3.47172e-06 3.09261e-06 2.75362e-06 2.45067e-06 2.18009e-06 1.93854e-06 1.72302e-06 1.53082e-06 1.35951e-06 1.20688e-06 1.07097e-06 9.49997e-07 8.42371e-07 7.4666e-07 6.61584e-07 5.85992e-07 5.18855e-07 4.59252e-07 4.06358e-07 3.59436e-07 3.17829e-07 2.80948e-07 2.48268e-07 2.19321e-07 1.9369e-07 1.71003e-07 1.50929e-07 1.33173e-07 1.17472e-07 1.03593e-07 9.13284e-08 8.04939e-08 7.09256e-08 6.24782e-08 5.50225e-08 4.84441e-08 4.26414e-08
0.000658871 0.000417188 0.000442762 0.000460839 0.000472269 0.000477874 0.000478431 0.000474667 0.000467258 0.00045682 0.000443913 0.00042904 0.000412648 0.000395134 0.000376844 0.000358077 0.000339092 0.000320107 0.000301305 0.000282839 0.000264832 0.000247382 0.000230567 0.000214442 0.000199049 0.000184414 0.000170551 0.000157463 0.000145145 0.000133585 0.000122766 0.000112665 0.000103257 9.45126e-05 8.64023e-05 7.88944e-05 7.1957e-05 6.55577e-05 5.96644e-05 5.42457e-05 4.92707e-05 4.47095e-05 4.05333e-05 3.67147e-05 3.32272e-05 3.0046e-05 2.71474e-05 2.45093e-05 2.21108e-05 1.99322e-05 1.79555e-05 1.61635e-05 1.45405e-05 1.30718e-05 1.1744e-05 1.05444e-05 9.4616e-06 8.48493e-06 7.60467e-06 6.81188e-06 6.09836e-06 5.45664e-06 4.87988e-06 4.36183e-06 3.89682e-06 3.47966e-06 3.10567e-06 2.77057e-06 2.47049e-06 2.20191e-06 1.96167e-06 1.74687e-06 1.55494e-06 1.38352e-06 1.2305e-06 1.09396e-06 9.7219e-07 8.63642e-07 7.66924e-07 6.80785e-07 6.041e-07 5.35861e-07 4.75164e-07 4.21196e-07 3.73231e-07 3.30618e-07 2.92774e-07 2.59178e-07 2.29365e-07 2.02918e-07 1.79465e-07 1.58675e-07 1.40251e-07 1.23931e-07 1.09478e-07 9.66829e-08 8.53596e-08 7.53417e-08 6.64815e-08 5.86476e-08 5.17232e-08
0.000555308 0.000362044 0.000388563 0.000408388 0.000422177 0.000430583 0.000434244 0.000433771 0.000429742 0.000422695 0.000413126 0.00040149 0.000388198 0.000373617 0.000358077 0.000341866 0.000325235 0.000308402 0.000291555 0.000274849 0.000258418 0.000242369 0.000226789 0.000211747 0.000197294 0.000183469 0.000170296 0.000157792 0.000145961 0.000134802 0.000124306 0.000114462 0.00010525 9.66503e-05 8.86399e-05 8.11936e-05 7.4285e-05 6.7887e-05 6.19721e-05 5.65129e-05 5.14821e-05 4.68529e-05 4.25995e-05 3.86965e-05 3.51199e-05 3.18463e-05 2.88537e-05 2.61211e-05 2.36287e-05 2.13578e-05 1.92908e-05 1.74112e-05 1.57038e-05 1.41541e-05 1.27488e-05 1.14756e-05 1.0323e-05 9.28051e-06 8.33826e-06 7.48728e-06 6.7193e-06 6.02672e-06 5.40258e-06 4.84049e-06 4.33462e-06 3.87964e-06 3.47068e-06 3.10332e-06 2.77351e-06 2.47759e-06 2.21224e-06 1.97441e-06 1.76138e-06 1.57065e-06 1.39999e-06 1.24735e-06 1.1109e-06 9.88985e-07 8.80103e-07 7.82907e-07 6.96182e-07 6.18834e-07 5.49879e-07 4.88433e-07 4.33701e-07 3.84968e-07 3.41596e-07 3.03008e-07 2.68692e-07 2.38184e-07 2.11074e-07 1.8699e-07 1.65604e-07 1.46619e-07 1.29771e-07 1.14826e-07 1.01573e-07 8.98236e-08 7.94112e-08 7.01863e-08 6.20161e-08
0.000468023 0.000313928 0.000340629 0.000361424 0.000376802 0.000387272 0.000393344 0.000395521 0.000394288 0.000390107 0.000383413 0.00037461 0.000364068 0.000352127 0.000339092 0.000325235 0.000310798 0.000295994 0.000281008 0.000265998 0.000251102 0.000236432 0.000222083 0.000208132 0.00019464 0.000181654 0.000169209 0.000157329 0.00014603 0.000135319 0.000125196 0.000115655 0.000106688 9.82799e-05 9.04147e-05 8.30732e-05 7.62345e-05 6.98764e-05 6.39761e-05 5.85099e-05 5.34544e-05 4.8786e-05 4.44814e-05 4.05181e-05 3.68739e-05 3.35274e-05 3.04584e-05 2.7647e-05 2.50747e-05 2.27237e-05 2.05773e-05 1.86198e-05 1.68362e-05 1.52127e-05 1.37363e-05 1.23949e-05 1.11771e-05 1.00726e-05 9.0716e-06 8.16511e-06 7.34485e-06 6.60317e-06 5.93304e-06 5.32798e-06 4.78204e-06 4.28977e-06 3.8462e-06 3.44675e-06 3.08726e-06 2.76392e-06 2.47328e-06 2.21217e-06 1.97773e-06 1.76734e-06 1.57865e-06 1.4095e-06 1.25794e-06 1.12221e-06 1.00073e-06 8.92037e-07 7.94842e-07 7.07966e-07 6.30348e-07 5.61031e-07 4.99156e-07 4.43946e-07 3.94704e-07 3.50802e-07 3.11678e-07 2.76824e-07 2.45788e-07 2.1816e-07 1.93576e-07 1.71709e-07 1.52265e-07 1.34981e-07 1.19624e-07 1.05983e-07 9.38698e-08 8.31175e-08 7.35761e-08
0.000394458 0.000271994 0.000298303 0.000319459 0.000335809 0.000347732 0.000355628 0.0003599 0.000360949 0.000359166 0.000354926 0.000348581 0.000340463 0.000330878 0.000320107 0.000308402 0.000295994 0.000283085 0.000269857 0.000256466 0.000243048 0.000229721 0.000216584 0.000203719 0.000191194 0.000179064 0.00016737 0.000156145 0.000145412 0.000135185 0.000125473 0.000116278 0.000107595 9.94196e-05 9.17393e-05 8.45411e-05 7.78093e-05 7.15265e-05 6.5674e-05 6.02324e-05 5.51815e-05 5.0501e-05 4.61705e-05 4.21698e-05 3.84792e-05 3.50792e-05 3.1951e-05 2.90766e-05 2.64386e-05 2.40202e-05 2.18057e-05 1.97802e-05 1.79293e-05 1.62398e-05 1.4699e-05 1.32952e-05 1.20173e-05 1.08551e-05 9.79908e-06 8.84021e-06 7.9703e-06 7.18171e-06 6.46737e-06 5.82077e-06 5.2359e-06 4.70723e-06 4.22969e-06 3.79861e-06 3.40973e-06 3.05913e-06 2.74324e-06 2.45879e-06 2.2028e-06 1.97256e-06 1.76558e-06 1.57962e-06 1.41263e-06 1.26276e-06 1.12832e-06 1.00778e-06 8.99752e-07 8.02986e-07 7.1635e-07 6.38816e-07 5.69461e-07 5.07448e-07 4.52025e-07 4.02511e-07 3.58295e-07 3.18826e-07 2.83609e-07 2.52198e-07 2.24192e-07 1.99231e-07 1.76994e-07 1.57189e-07 1.39557e-07 1.23865e-07 1.09904e-07 9.74887e-08 8.64505e-08
0.000332456 0.000235486 0.000260984 0.000282033 0.00029886 0.000311737 0.000320963 0.000326856 0.00032974 0.00032994 0.000327772 0.000323543 0.000317543 0.000310046 0.000301305 0.000291555 0.000281008 0.000269857 0.000258274 0.000246414 0.000234409 0.000222378 0.000210421 0.000198625 0.000187061 0.00017579 0.00016486 0.000154308 0.000144165 0.000134451 0.000125181 0.000116364 0.000108001 0.000100091 9.26302e-05 8.56092e-05 7.90174e-05 7.28417e-05 6.70676e-05 6.16794e-05 5.66604e-05 5.19934e-05 4.76608e-05 4.36449e-05 3.99283e-05 3.64934e-05 3.33233e-05 3.04015e-05 2.77118e-05 2.52388e-05 2.29677e-05 2.08843e-05 1.89753e-05 1.72278e-05 1.56297e-05 1.41698e-05 1.28374e-05 1.16223e-05 1.05153e-05 9.50762e-06 8.59108e-06 7.75813e-06 7.00173e-06 6.31537e-06 5.69303e-06 5.12913e-06 4.61856e-06 4.15658e-06 3.73884e-06 3.36136e-06 3.02047e-06 2.71281e-06 2.43531e-06 2.18515e-06 1.95979e-06 1.75686e-06 1.57425e-06 1.40999e-06 1.26233e-06 1.12966e-06 1.01051e-06 9.03561e-07 8.07606e-07 7.21558e-07 6.44429e-07 5.75326e-07 5.13441e-07 4.58045e-07 4.08478e-07 3.64145e-07 3.24511e-07 2.89091e-07 2.57449e-07 2.29195e-07 2.03975e-07 1.81471e-07 1.61399e-07 1.43501e-07 1.2755e-07 1.13337e-07 1.00677e-07
0.0002802 0.000203735 0.000228126 0.000248715 0.000265631 0.000279055 0.000289201 0.000296311 0.000300642 0.000302458 0.000302022 0.000299596 0.000295432 0.00028977 0.000282839 0.000274849 0.000265998 0.000256466 0.000246414 0.000235989 0.000225323 0.000214531 0.000203713 0.000192958 0.00018234 0.000171922 0.000161758 0.000151889 0.000142351 0.00013317 0.000124365 0.000115951 0.000107934 0.00010032 9.31076e-05 8.6293e-05 7.987e-05 7.38297e-05 6.81614e-05 6.2853e-05 5.7891e-05 5.32613e-05 4.8949e-05 4.49389e-05 4.12157e-05 3.7764e-05 3.45686e-05 3.16145e-05 2.88871e-05 2.63721e-05 2.40559e-05 2.19251e-05 1.99672e-05 1.817e-05 1.65222e-05 1.50128e-05 1.36315e-05 1.23687e-05 1.12152e-05 1.01626e-05 9.20276e-06 8.32834e-06 7.53235e-06 6.80833e-06 6.15028e-06 5.55262e-06 5.01021e-06 4.5183e-06 4.07248e-06 3.6687e-06 3.30325e-06 2.97269e-06 2.67389e-06 2.40394e-06 2.16021e-06 1.94029e-06 1.74195e-06 1.56318e-06 1.40214e-06 1.25714e-06 1.12666e-06 1.00929e-06 9.03784e-07 8.08976e-07 7.23826e-07 6.47386e-07 5.78795e-07 5.17277e-07 4.62126e-07 4.12703e-07 3.68434e-07 3.28798e-07 2.93323e-07 2.61586e-07 2.33205e-07 2.07833e-07 1.85162e-07 1.6491e-07 1.46827e-07 1.30686e-07 1.16283e-07
0.000236157 0.000176147 0.000199233 0.000219102 0.000235807 0.000249451 0.000260179 0.000268167 0.000273611 0.000276722 0.000277715 0.000276811 0.000274224 0.000270164 0.000264832 0.000258418 0.000251102 0.000243048 0.000234409 0.000225323 0.000215916 0.000206299 0.000196572 0.000186821 0.000177124 0.000167546 0.000158141 0.000148957 0.000140031 0.000131394 0.00012307 0.000115078 0.00010743 0.000100134 9.3194e-05 8.66106e-05 8.03814e-05 7.45013e-05 6.89632e-05 6.37582e-05 5.8876e-05 5.43054e-05 5.00341e-05 4.60493e-05 4.2338e-05 3.88866e-05 3.56819e-05 3.27103e-05 2.99588e-05 2.74143e-05 2.50643e-05 2.28964e-05 2.0899e-05 1.90606e-05 1.73706e-05 1.58184e-05 1.43944e-05 1.30891e-05 1.1894e-05 1.08006e-05 9.80115e-06 8.88844e-06 8.05562e-06 7.2963e-06 6.60456e-06 5.97485e-06 5.40206e-06 4.8814e-06 4.40848e-06 3.97922e-06 3.58984e-06 3.23688e-06 2.91713e-06 2.62765e-06 2.36574e-06 2.1289e-06 1.91487e-06 1.72156e-06 1.54707e-06 1.38964e-06 1.24768e-06 1.11974e-06 1.0045e-06 9.0074e-07 8.0737e-07 7.23389e-07 6.47888e-07 5.80042e-07 5.19103e-07 4.64392e-07 4.15294e-07 3.71252e-07 3.31762e-07 2.96369e-07 2.64659e-07 2.36262e-07 2.10841e-07 1.88093e-07 1.67745e-07 1.4955e-07 1.33286e-07
0.000199038 0.000152199 0.000173856 0.000192823 0.000209088 0.000222694 0.000233728 0.000242309 0.000248582 0.000252709 0.000254865 0.00025523 0.000253985 0.00025131 0.000247382 0.000242369 0.000236432 0.000229721 0.000222378 0.000214531 0.000206299 0.000197789 0.000189097 0.00018031 0.000171502 0.000162741 0.000154083 0.000145576 0.000137263 0.000129176 0.000121343 0.000113786 0.000106522 9.95621e-05 9.29142e-05 8.65825e-05 8.05682e-05 7.48696e-05 6.94829e-05 6.44023e-05 5.96204e-05 5.51287e-05 5.09174e-05 4.6976e-05 4.32937e-05 3.98589e-05 3.66599e-05 3.3685e-05 3.09225e-05 2.83606e-05 2.59879e-05 2.37931e-05 2.17655e-05 1.98945e-05 1.81698e-05 1.65818e-05 1.51212e-05 1.37792e-05 1.25472e-05 1.14174e-05 1.03823e-05 9.43472e-06 8.56805e-06 7.77605e-06 7.05287e-06 6.39306e-06 5.79154e-06 5.24356e-06 4.74473e-06 4.29096e-06 3.87847e-06 3.50376e-06 3.16359e-06 2.85498e-06 2.57518e-06 2.32166e-06 2.09208e-06 1.88431e-06 1.69638e-06 1.52649e-06 1.373e-06 1.2344e-06 1.10931e-06 9.96475e-07 8.9474e-07 8.03061e-07 7.20484e-07 6.46141e-07 5.79243e-07 5.19072e-07 4.64975e-07 4.16361e-07 3.72693e-07 3.33485e-07 2.98295e-07 2.66726e-07 2.38415e-07 2.13037e-07 1.90297e-07 1.69929e-07 1.51691e-07
0.000167752 0.000131427 0.000151594 0.000169536 0.000185194 0.000198561 0.000209678 0.000218616 0.000225476 0.000230381 0.000233465 0.000234874 0.000234759 0.000233273 0.000230567 0.000226789 0.000222083 0.000216584 0.000210421 0.000203713 0.000196572 0.000189097 0.000181383 0.000173511 0.000165556 0.000157585 0.000149653 0.000141813 0.000134105 0.000126568 0.00011923 0.000112116 0.000105246 9.86354e-05 9.22944e-05 8.62308e-05 8.04487e-05 7.49495e-05 6.97325e-05 6.47945e-05 6.01311e-05 5.5736e-05 5.16019e-05 4.77206e-05 4.40831e-05 4.06798e-05 3.75009e-05 3.45361e-05 3.1775e-05 2.92074e-05 2.68228e-05 2.46112e-05 2.25625e-05 2.06671e-05 1.89155e-05 1.72987e-05 1.58078e-05 1.44346e-05 1.3171e-05 1.20094e-05 1.09426e-05 9.96372e-06 9.06639e-06 8.24451e-06 7.49235e-06 6.80458e-06 6.17618e-06 5.60248e-06 5.0791e-06 4.60199e-06 4.16736e-06 3.77172e-06 3.41181e-06 3.08461e-06 2.78736e-06 2.51748e-06 2.2726e-06 2.05055e-06 1.8493e-06 1.66703e-06 1.50203e-06 1.35275e-06 1.21776e-06 1.09577e-06 9.85573e-07 8.86086e-07 7.96312e-07 7.15341e-07 6.42347e-07 5.76574e-07 5.17335e-07 4.64005e-07 4.16017e-07 3.72854e-07 3.34048e-07 2.99174e-07 2.67846e-07 2.39715e-07 2.14465e-07 1.9181e-07 1.71492e-07
0.000141385 0.000113424 0.000132085 0.000148928 0.000163859 0.000176835 0.000187857 0.000196959 0.000204205 0.000209681 0.000213489 0.000215745 0.00021657 0.000216093 0.000214442 0.000211747 0.000208132 0.000203719 0.000198625 0.000192958 0.000186821 0.00018031 0.000173511 0.000166504 0.000159361 0.000152147 0.000144918 0.000137726 0.000130614 0.00012362 0.000116775 0.000110107 0.000103638 9.73851e-05 9.13619e-05 8.55788e-05 8.00427e-05 7.47578e-05 6.97257e-05 6.49461e-05 6.04168e-05 5.61339e-05 5.20924e-05 4.82861e-05 4.4708e-05 4.13502e-05 3.82045e-05 3.52623e-05 3.25146e-05 2.99523e-05 2.75662e-05 2.53473e-05 2.32865e-05 2.1375e-05 1.9604e-05 1.79652e-05 1.64504e-05 1.50517e-05 1.37616e-05 1.25729e-05 1.14786e-05 1.04722e-05 9.54759e-06 8.69879e-06 7.92029e-06 7.20686e-06 6.55362e-06 5.95595e-06 5.40955e-06 4.91042e-06 4.45479e-06 4.03917e-06 3.66031e-06 3.31521e-06 3.00106e-06 2.71527e-06 2.45545e-06 2.21939e-06 2.00504e-06 1.81052e-06 1.63411e-06 1.4742e-06 1.32934e-06 1.19817e-06 1.07948e-06 9.72121e-07 8.7507e-07 7.8738e-07 7.08187e-07 6.36703e-07 5.72207e-07 5.14043e-07 4.61615e-07 4.14377e-07 3.71835e-07 3.33538e-07 2.99077e-07 2.68082e-07 2.40215e-07 2.1517e-07 1.92671e-07
0.000119161 9.78344e-05 0.000115006 0.000130714 0.000144839 0.000157311 0.0001681 0.000177209 0.000184673 0.000190546 0.000194902 0.00019783 0.000199427 0.000199797 0.000199049 0.000197294 0.00019464 0.000191194 0.000187061 0.00018234 0.000177124 0.000171502 0.000165556 0.000159361 0.000152986 0.000146493 0.00013994 0.000133374 0.000126842 0.000120381 0.000114024 0.0001078 0.000101733 9.58426e-05 9.01444e-05 8.46508e-05 7.93712e-05 7.43122e-05 6.94776e-05 6.48695e-05 6.04877e-05 5.63307e-05 5.23953e-05 4.86774e-05 4.51716e-05 4.1872e-05 3.87717e-05 3.58638e-05 3.31404e-05 3.05939e-05 2.82162e-05 2.59993e-05 2.3935e-05 2.20153e-05 2.02324e-05 1.85784e-05 1.70459e-05 1.56274e-05 1.4316e-05 1.31049e-05 1.19874e-05 1.09574e-05 1.00089e-05 9.13623e-06 8.33414e-06 7.59751e-06 6.92157e-06 6.30185e-06 5.73411e-06 5.2144e-06 4.73903e-06 4.30452e-06 3.90766e-06 3.54544e-06 3.21505e-06 2.91392e-06 2.63961e-06 2.38992e-06 2.16276e-06 1.95623e-06 1.76857e-06 1.59816e-06 1.4435e-06 1.30321e-06 1.17603e-06 1.06079e-06 9.56429e-07 8.61968e-07 7.76511e-07 6.99238e-07 6.29399e-07 5.6631e-07 5.09345e-07 4.57933e-07 4.11554e-07 3.69733e-07 3.3204e-07 2.98081e-07 2.675e-07 2.39971e-07 2.152e-07
0.000100431 8.4343e-05 0.000100068 0.000114634 0.000127906 0.000139794 0.000150244 0.000159237 0.000166779 0.000172903 0.000177656 0.000181105 0.000183324 0.000184397 0.000184414 0.000183469 0.000181654 0.000179064 0.00017579 0.000171922 0.000167546 0.000162741 0.000157585 0.000152147 0.000146493 0.000140684 0.000134773 0.00012881 0.000122838 0.000116896 0.000111018 0.000105233 9.95663e-05 9.40394e-05 8.86696e-05 8.34713e-05 7.84557e-05 7.36313e-05 6.90042e-05 6.45781e-05 6.03552e-05 5.63356e-05 5.25181e-05 4.89002e-05 4.54785e-05 4.22483e-05 3.92046e-05 3.63416e-05 3.36529e-05 3.1132e-05 2.87719e-05 2.65657e-05 2.45061e-05 2.2586e-05 2.07982e-05 1.91357e-05 1.75916e-05 1.6159e-05 1.48315e-05 1.36026e-05 1.24662e-05 1.14165e-05 1.04476e-05 9.55438e-06 8.73155e-06 7.97427e-06 7.27794e-06 6.63818e-06 6.05088e-06 5.51218e-06 5.01845e-06 4.56626e-06 4.15243e-06 3.77399e-06 3.42815e-06 3.11231e-06 2.82408e-06 2.56121e-06 2.32162e-06 2.10339e-06 1.90474e-06 1.72401e-06 1.5597e-06 1.41038e-06 1.27478e-06 1.1517e-06 1.04003e-06 9.38792e-07 8.47042e-07 7.63937e-07 6.887e-07 6.20621e-07 5.59047e-07 5.03383e-07 4.53086e-07 4.07658e-07 3.66647e-07 3.29639e-07 2.96259e-07 2.66163e-07 2.39039e-07
8.46453e-05 7.26757e-05 8.70142e-05 0.000100454 0.000112852 0.000124102 0.000134136 0.000142913 0.000150423 0.000156674 0.000161697 0.000165535 0.000168245 0.000169893 0.000170551 0.000170296 0.000169209 0.00016737 0.00016486 0.000161758 0.000158141 0.000154083 0.000149653 0.000144918 0.00013994 0.000134773 0.000129472 0.000124083 0.00011865 0.00011321 0.000107798 0.000102443 9.71715e-05 9.20061e-05 8.69654e-05 8.20651e-05 7.73181e-05 7.27345e-05 6.83221e-05 6.40866e-05 6.00315e-05 5.6159e-05 5.24693e-05 4.89617e-05 4.56341e-05 4.24836e-05 3.95064e-05 3.6698e-05 3.40534e-05 3.15671e-05 2.92333e-05 2.7046e-05 2.49988e-05 2.30856e-05 2.12998e-05 1.96352e-05 1.80854e-05 1.66443e-05 1.53058e-05 1.40639e-05 1.29129e-05 1.18473e-05 1.08617e-05 9.95103e-06 9.11039e-06 8.33511e-06 7.62073e-06 6.96306e-06 6.3581e-06 5.80208e-06 5.29146e-06 4.8229e-06 4.39325e-06 3.99959e-06 3.63915e-06 3.30937e-06 3.00785e-06 2.73235e-06 2.48079e-06 2.25124e-06 2.0419e-06 1.85112e-06 1.67735e-06 1.51917e-06 1.37527e-06 1.24442e-06 1.12551e-06 1.01752e-06 9.19483e-07 8.30537e-07 7.49878e-07 6.76771e-07 6.10542e-07 5.50572e-07 4.96295e-07 4.47195e-07 4.02798e-07 3.62671e-07 3.26419e-07 2.93684e-07 2.64136e-07
7.13405e-05 6.25924e-05 7.56171e-05 8.79639e-05 9.94846e-05 0.000110066 0.000119627 0.000128115 0.000135502 0.000141781 0.000146965 0.00015108 0.000154167 0.000156276 0.000157463 0.000157792 0.000157329 0.000156145 0.000154308 0.000151889 0.000148957 0.000145576 0.000141813 0.000137726 0.000133374 0.00012881 0.000124083 0.00011924 0.00011432 0.000109363 0.000104401 9.94652e-05 9.45813e-05 8.97725e-05 8.50586e-05 8.04565e-05 7.59801e-05 7.16411e-05 6.74486e-05 6.34098e-05 5.95297e-05 5.58119e-05 5.22583e-05 4.88695e-05 4.56449e-05 4.25829e-05 3.9681e-05 3.6936e-05 3.4344e-05 3.19006e-05 2.9601e-05 2.74403e-05 2.54129e-05 2.35134e-05 2.17362e-05 2.00756e-05 1.8526e-05 1.70816e-05 1.5737e-05 1.44867e-05 1.33253e-05 1.22478e-05 1.1249e-05 1.03242e-05 9.46875e-06 8.67814e-06 7.94816e-06 7.27476e-06 6.6541e-06 6.08252e-06 5.55659e-06 5.07304e-06 4.62881e-06 4.221e-06 3.84692e-06 3.50402e-06 3.18993e-06 2.90242e-06 2.63941e-06 2.399e-06 2.17936e-06 1.97884e-06 1.79588e-06 1.62904e-06 1.477e-06 1.33853e-06 1.21248e-06 1.0978e-06 9.93523e-07 8.98759e-07 8.12684e-07 7.34541e-07 6.63635e-07 5.99327e-07 5.41032e-07 4.88213e-07 4.40378e-07 3.97077e-07 3.57897e-07 3.22462e-07 2.90428e-07
6.0127e-05 5.38834e-05 6.56742e-05 7.69721e-05 8.7629e-05 9.75278e-05 0.00010658 0.000114723 0.000121917 0.000128142 0.000133396 0.000137693 0.000141058 0.000143528 0.000145145 0.000145961 0.00014603 0.000145412 0.000144165 0.000142351 0.000140031 0.000137263 0.000134105 0.000130614 0.000126842 0.000122838 0.00011865 0.00011432 0.000109889 0.000105393 0.000100864 9.63337e-05 9.18269e-05 8.73675e-05 8.29759e-05 7.86695e-05 7.44636e-05 7.03707e-05 6.6401e-05 6.25631e-05 5.88632e-05 5.53062e-05 5.18954e-05 4.86325e-05 4.55183e-05 4.25524e-05 3.97335e-05 3.70595e-05 3.45277e-05 3.21346e-05 2.98766e-05 2.77495e-05 2.57486e-05 2.38694e-05 2.21069e-05 2.04562e-05 1.89121e-05 1.74697e-05 1.61238e-05 1.48695e-05 1.3702e-05 1.26164e-05 1.16079e-05 1.06723e-05 9.80491e-06 9.0017e-06 8.25858e-06 7.57169e-06 6.93735e-06 6.35204e-06 5.81243e-06 5.31536e-06 4.85784e-06 4.43705e-06 4.05035e-06 3.69523e-06 3.36935e-06 3.07052e-06 2.79668e-06 2.5459e-06 2.31641e-06 2.10652e-06 1.91469e-06 1.73946e-06 1.57951e-06 1.43358e-06 1.30052e-06 1.17927e-06 1.06883e-06 9.6831e-07 8.76855e-07 7.93696e-07 7.18118e-07 6.49464e-07 5.87133e-07 5.30568e-07 4.79261e-07 4.32746e-07 3.90594e-07 3.52413e-07 3.17845e-07
5.06761e-05 4.63657e-05 5.70067e-05 6.73083e-05 7.71259e-05 8.6342e-05 9.4864e-05 0.000102623 0.000109569 0.000115675 0.000120926 0.000125324 0.000128882 0.000131625 0.000133585 0.000134802 0.000135319 0.000135185 0.000134451 0.00013317 0.000131394 0.000129176 0.000126568 0.00012362 0.000120381 0.000116896 0.00011321 0.000109363 0.000105393 0.000101335 9.72207e-05 9.30796e-05 8.89378e-05 8.48184e-05 8.07423e-05 7.67276e-05 7.27898e-05 6.89424e-05 6.51967e-05 6.1562e-05 5.80458e-05 5.4654e-05 5.13909e-05 4.82596e-05 4.52619e-05 4.23985e-05 3.96692e-05 3.7073e-05 3.46081e-05 3.22721e-05 3.00623e-05 2.79751e-05 2.6007e-05 2.4154e-05 2.2412e-05 2.07766e-05 1.92433e-05 1.78077e-05 1.64652e-05 1.52113e-05 1.40416e-05 1.29516e-05 1.1937e-05 1.09937e-05 1.01174e-05 9.30432e-06 8.55055e-06 7.85244e-06 7.20648e-06 6.6093e-06 6.05769e-06 5.54861e-06 5.07917e-06 4.64662e-06 4.24838e-06 3.88201e-06 3.5452e-06 3.23579e-06 2.95176e-06 2.69121e-06 2.45235e-06 2.23353e-06 2.03319e-06 1.84989e-06 1.68228e-06 1.52912e-06 1.38923e-06 1.26155e-06 1.14508e-06 1.03888e-06 9.42118e-07 8.53989e-07 7.73769e-07 7.00786e-07 6.34421e-07 5.74104e-07 5.1931e-07 4.69557e-07 4.24404e-07 3.83444e-07 3.46304e-07
4.27107e-05 3.98801e-05 4.94564e-05 5.88196e-05 6.7831e-05 7.6375e-05 8.43578e-05 9.17063e-05 9.83662e-05 0.0001043 0.000109487 0.000113919 0.000117598 0.00012054 0.000122766 0.000124306 0.000125196 0.000125473 0.000125181 0.000124365 0.00012307 0.000121343 0.00011923 0.000116775 0.000114024 0.000111018 0.000107798 0.000104401 0.000100864 9.72207e-05 9.35005e-05 8.97323e-05 8.59415e-05 8.21513e-05 7.83824e-05 7.4653e-05 7.09793e-05 6.73752e-05 6.38527e-05 6.04219e-05 5.70913e-05 5.38675e-05 5.07559e-05 4.77605e-05 4.48841e-05 4.21285e-05 3.94943e-05 3.69816e-05 3.45895e-05 3.23165e-05 3.01606e-05 2.81192e-05 2.61895e-05 2.43683e-05 2.2652e-05 2.1037e-05 1.95194e-05 1.80953e-05 1.67606e-05 1.55112e-05 1.43432e-05 1.32525e-05 1.22352e-05 1.12873e-05 1.04051e-05 9.58475e-06 8.82281e-06 8.11575e-06 7.46024e-06 6.85308e-06 6.2912e-06 5.77168e-06 5.29172e-06 4.84867e-06 4.44003e-06 4.06341e-06 3.71658e-06 3.39741e-06 3.1039e-06 2.83419e-06 2.58652e-06 2.35924e-06 2.15081e-06 1.95978e-06 1.78483e-06 1.62469e-06 1.4782e-06 1.34428e-06 1.22191e-06 1.11017e-06 1.00819e-06 9.15165e-07 8.30359e-07 7.53086e-07 6.82712e-07 6.18654e-07 5.60375e-07 5.07379e-07 4.59211e-07 4.15451e-07 3.75715e-07
3.59973e-05 3.42878e-05 4.2884e-05 5.13696e-05 5.96135e-05 6.75042e-05 7.49487e-05 8.18725e-05 8.82174e-05 9.3941e-05 9.90152e-05 0.000103424 0.000107164 0.00011024 0.000112665 0.000114462 0.000115655 0.000116278 0.000116364 0.000115951 0.000115078 0.000113786 0.000112116 0.000110107 0.0001078 0.000105233 0.000102443 9.94652e-05 9.63337e-05 9.30796e-05 8.97323e-05 8.63188e-05 8.28641e-05 7.93906e-05 7.59189e-05 7.24673e-05 6.9052e-05 6.56874e-05 6.23859e-05 5.91583e-05 5.60135e-05 5.29591e-05 5.00013e-05 4.71449e-05 4.43935e-05 4.17498e-05 3.92153e-05 3.67909e-05 3.44765e-05 3.22716e-05 3.01748e-05 2.81844e-05 2.62982e-05 2.45137e-05 2.28281e-05 2.12382e-05 1.97408e-05 1.83325e-05 1.70097e-05 1.57688e-05 1.46063e-05 1.35184e-05 1.25015e-05 1.15522e-05 1.06668e-05 9.84195e-06 9.07427e-06 8.36052e-06 7.69755e-06 7.08231e-06 6.5119e-06 5.98351e-06 5.49447e-06 5.04223e-06 4.62436e-06 4.23857e-06 3.88265e-06 3.55456e-06 3.25233e-06 2.97414e-06 2.71825e-06 2.48303e-06 2.26696e-06 2.06862e-06 1.88667e-06 1.71985e-06 1.56701e-06 1.42706e-06 1.29898e-06 1.18185e-06 1.07478e-06 9.7696e-07 8.87649e-07 8.06147e-07 7.31811e-07 6.64045e-07 6.02301e-07 5.46072e-07 4.9489e-07 4.48325e-07 4.0598e-07
3.03392e-05 2.94683e-05 3.71665e-05 4.48364e-05 5.23555e-05 5.96177e-05 6.65326e-05 7.30257e-05 7.90373e-05 8.45213e-05 8.94448e-05 9.37864e-05 9.75353e-05 0.00010069 0.000103257 0.00010525 0.000106688 0.000107595 0.000108001 0.000107934 0.00010743 0.000106522 0.000105246 0.000103638 0.000101733 9.95663e-05 9.71715e-05 9.45813e-05 9.18269e-05 8.89378e-05 8.59415e-05 8.28641e-05 7.97293e-05 7.65591e-05 7.33735e-05 7.01908e-05 6.7027e-05 6.38967e-05 6.08127e-05 5.77859e-05 5.48261e-05 5.19414e-05 4.91384e-05 4.64229e-05 4.3799e-05 4.12703e-05 3.8839e-05 3.65068e-05 3.42743e-05 3.21418e-05 3.01085e-05 2.81736e-05 2.63355e-05 2.45922e-05 2.29417e-05 2.13812e-05 1.99082e-05 1.85197e-05 1.72127e-05 1.5984e-05 1.48304e-05 1.37487e-05 1.27355e-05 1.17876e-05 1.09019e-05 1.00751e-05 9.30406e-06 8.58585e-06 7.91746e-06 7.29605e-06 6.71884e-06 6.18318e-06 5.68652e-06 5.22642e-06 4.80053e-06 4.40664e-06 4.04264e-06 3.70651e-06 3.39636e-06 3.11039e-06 2.8469e-06 2.60431e-06 2.38111e-06 2.17588e-06 1.98731e-06 1.81415e-06 1.65524e-06 1.50951e-06 1.37594e-06 1.25359e-06 1.14159e-06 1.03911e-06 9.45394e-07 8.59749e-07 7.81517e-07 7.10095e-07 6.44925e-07 5.85489e-07 5.3131e-07 4.81947e-07 4.36994e-07
