0.81152 0.031152 0.0186912 0.0112147 0.00672884 0.0040373 0.00242238 0.00145343 0.000872058 0.000523235 0.000313941 0.000188364 0.000113019 6.78112e-05 4.06867e-05 2.4412e-05 1.46472e-05 8.78833e-06 5.273e-06 3.1638e-06 1.89828e-06 1.13897e-06 6.83381e-07 4.10028e-07 2.46017e-07 1.4761e-07 8.85661e-08 5.31397e-08 3.18838e-08 1.91303e-08 1.14782e-08 6.8869e-09 4.13214e-09 2.47928e-09 1.48757e-09 8.92542e-10 5.35525e-10 3.21315e-10 1.92789e-10 1.15674e-10 6.94041e-11 4.16425e-11 2.49855e-11 1.49913e-11 8.99477e-12 5.39686e-12 3.23812e-12 1.94287e-12 1.16572e-12 6.99433e-13 4.1966e-13 2.51796e-13 1.51078e-13 9.06466e-14 5.43879e-14 3.26328e-14 1.95797e-14 1.17478e-14 7.04868e-15 4.22921e-15 2.53752e-15 1.52251e-15 9.13509e-16 5.48105e-16 3.28863e-16 1.97318e-16 1.18391e-16 7.10344e-17 4.26207e-17 2.55724e-17 1.53434e-17 9.20606e-18 5.52364e-18 3.31418e-18 1.98851e-18 1.19311e-18 7.15863e-19 4.29518e-19 2.57711e-19 1.54626e-19 9.27759e-20 5.56655e-20 3.33993e-20 2.00396e-20 1.20238e-20 7.21425e-21 4.32855e-21 2.59713e-21 1.55828e-21 9.34967e-22 5.6098e-22 3.36588e-22 2.01953e-22 1.21172e-22 7.27031e-23 4.36218e-23 2.61731e-23 1.57039e-23 9.42232e-24 5.65339e-24 3.39203e-24
0.031152 0.004436 0.00279368 0.00175546 0.00110082 0.000689023 0.000430531 0.000268589 0.000167316 0.000104087 6.46706e-05 4.01334e-05 2.48787e-05 1.54064e-05 9.53134e-06 5.89131e-06 3.63829e-06 2.24508e-06 1.38431e-06 8.5294e-07 5.25178e-07 3.23155e-07 1.98722e-07 1.22131e-07 7.50169e-08 4.60532e-08 2.82578e-08 1.73302e-08 1.06234e-08 6.50923e-09 3.98665e-09 2.44065e-09 1.49359e-09 9.13674e-10 5.58716e-10 3.41537e-10 2.08706e-10 1.27494e-10 7.7859e-11 4.75328e-11 2.90101e-11 1.77003e-11 1.07968e-11 6.58398e-12 4.01395e-12 2.44651e-12 1.49079e-12 9.08201e-13 5.53158e-13 3.36837e-13 2.05068e-13 1.2482e-13 7.59596e-14 4.62163e-14 2.81141e-14 1.70991e-14 1.03978e-14 6.32169e-15 3.84282e-15 2.33558e-15 1.41928e-15 8.62326e-16 5.23851e-16 3.18184e-16 1.93234e-16 1.17335e-16 7.12374e-17 4.32444e-17 2.62478e-17 1.59294e-17 9.66606e-18 5.86469e-18 3.55785e-18 2.15813e-18 1.30893e-18 7.93788e-19 4.81331e-19 2.91834e-19 1.76921e-19 1.07246e-19 6.50029e-20 3.93951e-20 2.38731e-20 1.44655e-20 8.76424e-21 5.30952e-21 3.2163e-21 1.94813e-21 1.17989e-21 7.14541e-22 4.32689e-22 2.61992e-22 1.58622e-22 9.60296e-23 5.81315e-23 3.51871e-23 2.12972e-23 1.28893e-23 7.80017e-24 4.72005e-24 2.856e-24
0.0186912 0.00279368 0.00177426 0.00112395 0.000710343 0.000447991 0.000281986 0.000177179 0.000111144 6.96141e-05 4.35409e-05 2.71973e-05 1.69677e-05 1.05736e-05 6.58201e-06 4.09312e-06 2.54295e-06 1.57846e-06 9.7895e-07 6.06653e-07 3.75657e-07 2.3245e-07 1.43737e-07 8.88235e-08 5.4855e-08 3.38569e-08 2.08849e-08 1.28761e-08 7.93429e-09 4.88672e-09 3.0083e-09 1.85108e-09 1.13852e-09 6.99954e-10 4.30153e-10 2.64245e-10 1.62266e-10 9.96066e-11 6.11219e-11 3.74937e-11 2.2992e-11 1.40948e-11 8.63784e-12 5.29204e-12 3.24128e-12 1.98467e-12 1.2149e-12 7.43499e-13 4.54893e-13 2.78246e-13 1.70155e-13 1.0403e-13 6.35879e-14 3.88591e-14 2.3742e-14 1.45028e-14 8.85717e-15 5.4082e-15 3.30161e-15 2.01519e-15 1.22977e-15 7.50337e-16 4.57731e-16 2.79184e-16 1.70254e-16 1.03808e-16 6.32843e-17 3.85738e-17 2.35083e-17 1.43247e-17 8.72741e-18 5.31646e-18 3.23816e-18 1.97203e-18 1.2008e-18 7.31089e-19 4.45054e-19 2.70894e-19 1.64867e-19 1.00326e-19 6.10435e-20 3.71377e-20 2.25913e-20 1.37409e-20 8.35687e-21 5.08187e-21 3.08999e-21 1.87864e-21 1.14205e-21 6.94197e-22 4.21926e-22 2.56417e-22 1.55817e-22 9.46767e-23 5.75214e-23 3.49443e-23 2.12267e-23 1.28929e-23 7.83035e-24 4.75525e-24 2.88754e-24
0.0112147 0.00175546 0.00112395 0.00071753 0.000456866 0.000290203 0.000183936 0.00011635 7.34628e-05 4.63056e-05 2.91419e-05 1.83135e-05 1.1493e-05 7.20353e-06 4.50965e-06 2.82004e-06 1.76163e-06 1.09937e-06 6.8544e-07 4.26985e-07 2.65762e-07 1.65283e-07 1.02716e-07 6.37876e-08 3.95857e-08 2.45503e-08 1.52162e-08 9.42534e-09 5.835e-09 3.61033e-09 2.23267e-09 1.38002e-09 8.52581e-10 5.26482e-10 3.24966e-10 2.00495e-10 1.23649e-10 7.62254e-11 4.69724e-11 2.89349e-11 1.78174e-11 1.09676e-11 6.74893e-12 4.15159e-12 2.55302e-12 1.56949e-12 9.64572e-13 5.92629e-13 3.64006e-13 2.23519e-13 1.37215e-13 8.42129e-14 5.16707e-14 3.16958e-14 1.94382e-14 1.19181e-14 7.30566e-15 4.47728e-15 2.74331e-15 1.68052e-15 1.02925e-15 6.3025e-16 3.85849e-16 2.36177e-16 1.44536e-16 8.84369e-17 5.41019e-17 3.30914e-17 2.02368e-17 1.23736e-17 7.56444e-18 4.62368e-18 2.82572e-18 1.72664e-18 1.05489e-18 6.44393e-19 3.93576e-19 2.4035e-19 1.46756e-19 8.95962e-20 5.46919e-20 3.3381e-20 2.03712e-20 1.24302e-20 7.58378e-21 4.62635e-21 2.82187e-21 1.72101e-21 1.04949e-21 6.39918e-22 3.90139e-22 2.37829e-22 1.44965e-22 8.83514e-23 5.38415e-23 3.28076e-23 1.99888e-23 1.21774e-23 7.41787e-24 4.51815e-24 2.75169e-24
0.00672884 0.00110082 0.000710343 0.000456866 0.000292971 0.000187369 0.000119541 7.60972e-05 4.83434e-05 3.06543e-05 1.9404e-05 1.2263e-05 7.73837e-06 4.87639e-06 3.06889e-06 1.92901e-06 1.21112e-06 7.59579e-07 4.75899e-07 2.97878e-07 1.8628e-07 1.1639e-07 7.26626e-08 4.53279e-08 2.82551e-08 1.76002e-08 1.09558e-08 6.81538e-09 4.23707e-09 2.63258e-09 1.63474e-09 1.01456e-09 6.29328e-10 3.90172e-10 2.41781e-10 1.49756e-10 9.27145e-11 5.73747e-11 3.54903e-11 2.19442e-11 1.35631e-11 8.37971e-12 5.17534e-12 3.19515e-12 1.97193e-12 1.21659e-12 7.50337e-13 4.62623e-13 2.85144e-13 1.75699e-13 1.08229e-13 6.66496e-14 4.10325e-14 2.52547e-14 1.55396e-14 9.55929e-15 5.87898e-15 3.6147e-15 2.22197e-15 1.36553e-15 8.39008e-16 5.15387e-16 3.16524e-16 1.94351e-16 1.1931e-16 7.32279e-17 4.49356e-17 2.75689e-17 1.69108e-17 1.03712e-17 6.35935e-18 3.89869e-18 2.38972e-18 1.46454e-18 8.97391e-19 5.49781e-19 3.36765e-19 2.0625e-19 1.26297e-19 7.73259e-20 4.73359e-20 2.89729e-20 1.77309e-20 1.08494e-20 6.63772e-21 4.06043e-21 2.48351e-21 1.51881e-21 9.28712e-22 5.6781e-22 3.47112e-22 2.12169e-22 1.2967e-22 7.92401e-23 4.84171e-23 2.95802e-23 1.80697e-23 1.10371e-23 6.74073e-24 4.11634e-24 2.51344e-24
0.0040373 0.000689023 0.000447991 0.000290203 0.000187369 0.000120616 7.74354e-05 4.95917e-05 3.16887e-05 2.02071e-05 1.28611e-05 8.17127e-06 5.18311e-06 3.2827e-06 2.07613e-06 1.31129e-06 8.27185e-07 5.21189e-07 3.28025e-07 2.06236e-07 1.29536e-07 8.12851e-08 5.09616e-08 3.19232e-08 1.99811e-08 1.24968e-08 7.8101e-09 4.87764e-09 3.04418e-09 1.89868e-09 1.18348e-09 7.37251e-10 4.59008e-10 2.85618e-10 1.77632e-10 1.10416e-10 6.86014e-11 4.26016e-11 2.64435e-11 1.64066e-11 1.01749e-11 6.30758e-12 3.90858e-12 2.42106e-12 1.49909e-12 9.27875e-13 5.74111e-13 3.55101e-13 2.19564e-13 1.35715e-13 8.38598e-14 5.18019e-14 3.19894e-14 1.97487e-14 1.21884e-14 7.52023e-15 4.63871e-15 2.86054e-15 1.76354e-15 1.08695e-15 6.69776e-16 4.12612e-16 2.54127e-16 1.5648e-16 9.63318e-17 5.92901e-17 3.64839e-17 2.24454e-17 1.38058e-17 8.48999e-18 5.21995e-18 3.20878e-18 1.9721e-18 1.21182e-18 7.44501e-19 4.57313e-19 2.80857e-19 1.72456e-19 1.05877e-19 6.499e-20 3.98861e-20 2.44752e-20 1.50162e-20 9.21142e-21 5.64971e-21 3.46465e-21 2.12436e-21 1.30236e-21 7.98314e-22 4.89276e-22 2.99828e-22 1.8371e-22 1.12547e-22 6.89406e-23 4.22241e-23 2.58577e-23 1.5833e-23 9.69357e-24 5.93403e-24 3.63214e-24 2.22292e-24
0.00242238 0.000430531 0.000281986 0.000183936 0.000119541 7.74354e-05 5.00121e-05 3.22139e-05 2.06988e-05 1.327e-05 8.48978e-06 5.42115e-06 3.45555e-06 2.199e-06 1.39723e-06 8.86507e-07 5.61709e-07 3.5546e-07 2.24673e-07 1.41847e-07 8.94593e-08 5.63628e-08 3.54766e-08 2.23098e-08 1.40175e-08 8.80011e-09 5.52027e-09 3.46023e-09 2.16737e-09 1.35663e-09 8.48596e-10 5.30471e-10 3.31403e-10 2.06916e-10 1.29117e-10 8.05259e-11 5.01946e-11 3.1272e-11 1.94734e-11 1.21204e-11 7.5404e-12 4.68896e-12 2.91454e-12 1.81084e-12 1.12464e-12 6.98194e-13 4.33282e-13 2.68784e-13 1.66678e-13 1.03323e-13 6.40281e-14 3.9664e-14 2.4563e-14 1.52065e-14 9.4111e-15 5.82266e-15 3.60143e-15 2.22691e-15 1.3766e-15 8.50738e-16 5.25613e-16 3.24656e-16 2.00479e-16 1.23767e-16 7.63899e-17 4.7137e-17 2.90794e-17 1.79354e-17 1.10595e-17 6.81817e-18 4.20247e-18 2.5897e-18 1.59553e-18 9.82811e-19 6.0527e-19 3.72686e-19 2.29432e-19 1.41215e-19 8.6902e-20 5.34686e-20 3.28919e-20 2.02304e-20 1.24407e-20 7.64908e-21 4.70222e-21 2.89018e-21 1.77614e-21 1.09134e-21 6.70463e-22 4.11835e-22 2.52933e-22 1.55319e-22 9.53626e-23 5.85423e-23 3.59336e-23 2.20531e-23 1.35325e-23 8.3029e-24 5.09357e-24 3.12433e-24 1.91618e-24
0.00145343 0.000268589 0.000177179 0.00011635 7.60972e-05 4.95917e-05 3.22139e-05 2.08644e-05 1.34775e-05 8.68466e-06 5.58373e-06 3.58261e-06 2.29426e-06 1.46661e-06 9.35985e-07 5.96418e-07 3.79493e-07 2.41138e-07 1.53028e-07 9.69952e-08 6.14093e-08 3.88372e-08 2.45366e-08 1.54867e-08 9.7656e-09 6.15254e-09 3.87296e-09 2.43602e-09 1.53103e-09 9.61529e-10 6.03439e-10 3.7845e-10 2.37191e-10 1.48564e-10 9.29964e-11 5.81786e-11 3.6376e-11 2.27316e-11 1.41976e-11 8.86299e-12 5.53007e-12 3.44884e-12 2.14988e-12 1.33956e-12 8.34295e-13 5.19391e-13 3.23214e-13 2.01054e-13 1.25017e-13 7.77067e-14 4.82825e-14 2.99893e-14 1.86205e-14 1.15576e-14 7.17139e-15 4.44834e-15 2.75839e-15 1.70993e-15 1.05968e-15 6.56508e-16 4.06614e-16 2.5177e-16 1.5585e-16 9.64476e-17 5.96711e-17 3.69084e-17 2.28232e-17 1.41099e-17 8.72094e-18 5.38892e-18 3.3292e-18 2.05627e-18 1.26977e-18 7.83922e-19 4.8387e-19 2.98603e-19 1.84234e-19 1.13647e-19 7.00905e-20 4.32192e-20 2.66447e-20 1.64234e-20 1.01213e-20 6.23632e-21 3.84188e-21 2.36638e-21 1.4573e-21 8.97303e-22 5.52404e-22 3.4002e-22 2.09257e-22 1.28762e-22 7.92186e-23 4.87303e-23 2.99713e-23 1.84309e-23 1.13325e-23 6.96688e-24 4.28243e-24 2.63197e-24 1.61738e-24
0.000872058 0.000167316 0.000111144 7.34628e-05 4.83434e-05 3.16887e-05 2.06988e-05 1.34775e-05 8.75026e-06 5.66621e-06 3.66031e-06 2.35928e-06 1.51758e-06 9.74306e-07 6.24412e-07 3.99512e-07 2.55221e-07 1.62807e-07 1.03714e-07 6.59841e-08 4.1929e-08 2.66127e-08 1.68729e-08 1.06866e-08 6.76177e-09 4.27438e-09 2.69957e-09 1.70351e-09 1.07408e-09 6.76689e-10 4.26003e-10 2.67992e-10 1.68473e-10 1.05839e-10 6.6448e-11 4.16916e-11 2.61429e-11 1.63836e-11 1.02617e-11 6.42388e-12 4.01927e-12 2.51349e-12 1.57106e-12 9.8153e-13 6.12933e-13 3.82585e-13 2.38701e-13 1.48867e-13 9.28028e-14 5.78298e-14 3.60224e-14 2.243e-14 1.39613e-14 8.68695e-15 5.40326e-15 3.35966e-15 2.08829e-15 1.29761e-15 8.06045e-16 5.00541e-16 3.10734e-16 1.92845e-16 1.19647e-16 7.42118e-17 4.60175e-17 2.85269e-17 1.76796e-17 1.09541e-17 6.78527e-18 4.20195e-18 2.60153e-18 1.61028e-18 9.9649e-19 6.16515e-19 3.81343e-19 2.35826e-19 1.45805e-19 9.01279e-20 5.57e-20 3.44161e-20 2.12608e-20 1.31314e-20 8.10882e-21 5.00634e-21 3.0903e-21 1.90722e-21 1.17685e-21 7.26041e-22 4.47842e-22 2.76194e-22 1.70305e-22 1.04995e-22 6.47197e-23 3.98872e-23 2.45788e-23 1.51432e-23 9.32843e-24 5.74555e-24 3.53825e-24 2.17861e-24 1.34124e-24
0.000523235 0.000104087 6.96141e-05 4.63056e-05 3.06543e-05 2.02071e-05 1.327e-05 8.68466e-06 5.66621e-06 3.68645e-06 2.39225e-06 1.54872e-06 1.00044e-06 6.44956e-07 4.15002e-07 2.66567e-07 1.70943e-07 1.09452e-07 6.99792e-08 4.46808e-08 2.84914e-08 1.81458e-08 1.15435e-08 7.33534e-09 4.6564e-09 2.9529e-09 1.87083e-09 1.1842e-09 7.4893e-10 4.73256e-10 2.98817e-10 1.8853e-10 1.18861e-10 7.4884e-11 4.71459e-11 2.96629e-11 1.86513e-11 1.17203e-11 7.36061e-12 4.61998e-12 2.89819e-12 1.81711e-12 1.1387e-12 7.13219e-13 4.46502e-13 2.79395e-13 1.74749e-13 1.09249e-13 6.82704e-14 4.26446e-14 2.66267e-14 1.66187e-14 1.03683e-14 6.46626e-15 4.03124e-15 2.51228e-15 1.5651e-15 9.74698e-16 6.06808e-16 3.77651e-16 2.34958e-16 1.46135e-16 9.08629e-17 5.64791e-17 3.50964e-17 2.18028e-17 1.35407e-17 8.40715e-18 5.21844e-18 3.2383e-18 2.00901e-18 1.24606e-18 7.72654e-19 4.7899e-19 2.96868e-19 1.8395e-19 1.13955e-19 7.05784e-20 4.37031e-20 2.70557e-20 1.6746e-20 1.03627e-20 6.41128e-21 3.96578e-21 2.45259e-21 1.51648e-21 9.37483e-22 5.7944e-22 3.58073e-22 2.21235e-22 1.36666e-22 8.44086e-23 5.2124e-23 3.2182e-23 1.98662e-23 1.22615e-23 7.5666e-24 4.6686e-24 2.88007e-24 1.77644e-24 1.09555e-24
0.000313941 6.46706e-05 4.35409e-05 2.91419e-05 1.9404e-05 1.28611e-05 8.48978e-06 5.58373e-06 3.66031e-06 2.39225e-06 1.5592e-06 1.01369e-06 6.57504e-07 4.25559e-07 2.74887e-07 1.77231e-07 1.1407e-07 7.32989e-08 4.70282e-08 3.01296e-08 1.92769e-08 1.23175e-08 7.86105e-09 5.01113e-09 3.19089e-09 2.02971e-09 1.2898e-09 8.18837e-10 5.19368e-10 3.29135e-10 2.08405e-10 1.31854e-10 8.33575e-11 5.26589e-11 3.32422e-11 2.09704e-11 1.32202e-11 8.32889e-12 5.24407e-12 3.29982e-12 2.0752e-12 1.30433e-12 8.19364e-13 5.14444e-13 3.22833e-13 2.02489e-13 1.26945e-13 7.95478e-14 4.98244e-14 3.11935e-14 1.95209e-14 1.2211e-14 7.63532e-15 4.77233e-15 2.9817e-15 1.86223e-15 1.16263e-15 7.25598e-16 4.52685e-16 2.82323e-16 1.76016e-16 1.09702e-16 6.83497e-17 4.25719e-17 2.65079e-17 1.65006e-17 1.02682e-17 6.38796e-18 3.97291e-18 2.47022e-18 1.53548e-18 9.54194e-19 5.92811e-19 3.68201e-19 2.28636e-19 1.41938e-19 8.80938e-20 5.46626e-20 3.39104e-20 2.10318e-20 1.30414e-20 8.08489e-21 5.01106e-21 3.10523e-21 1.92382e-21 1.19165e-21 7.37976e-22 4.5693e-22 2.8286e-22 1.75069e-22 1.08334e-22 6.70255e-23 4.14605e-23 2.56419e-23 1.58558e-23 9.80275e-24 6.05946e-24 3.74494e-24 2.31411e-24 1.42972e-24 8.8317e-25
0.000188364 4.01334e-05 2.71973e-05 1.83135e-05 1.2263e-05 8.17127e-06 5.42115e-06 3.58261e-06 2.35928e-06 1.54872e-06 1.01369e-06 6.61725e-07 4.30908e-07 2.79966e-07 1.81515e-07 1.17454e-07 7.58627e-08 4.89153e-08 3.14892e-08 2.02405e-08 1.29916e-08 8.3275e-09 5.33105e-09 3.40865e-09 2.17697e-09 1.38882e-09 8.8508e-10 5.6349e-10 3.58405e-10 2.27754e-10 1.44602e-10 9.17317e-11 5.8145e-11 3.68271e-11 2.33076e-11 1.47406e-11 9.31599e-12 5.88373e-12 3.71359e-12 2.34242e-12 1.47663e-12 9.30298e-13 5.85769e-13 3.68631e-13 2.3186e-13 1.45758e-13 9.15845e-14 5.75173e-14 3.61051e-14 2.26536e-14 1.42073e-14 8.90624e-15 5.58074e-15 3.4955e-15 2.18852e-15 1.36968e-15 8.5688e-16 5.35868e-16 3.34993e-16 2.09342e-16 1.30775e-16 8.1667e-17 5.09825e-17 3.18165e-17 1.98493e-17 1.23794e-17 7.71832e-18 4.81076e-18 2.99762e-18 1.8673e-18 1.16286e-18 7.23972e-19 4.50606e-19 2.80386e-19 1.74422e-19 1.08476e-19 6.74461e-20 4.19249e-20 2.60545e-20 1.61878e-20 1.00552e-20 6.24446e-21 3.87703e-21 2.40662e-21 1.49355e-21 9.26699e-22 5.74864e-22 3.56534e-22 2.21079e-22 1.37059e-22 8.4953e-23 5.26461e-23 3.26189e-23 2.02065e-23 1.2515e-23 7.74981e-24 4.79813e-24 2.97013e-24 1.83824e-24 1.13751e-24 7.0377e-25
0.000113019 2.48787e-05 1.69677e-05 1.1493e-05 7.73837e-06 5.18311e-06 3.45555e-06 2.29426e-06 1.51758e-06 1.00044e-06 6.57504e-07 4.30908e-07 2.81674e-07 1.83684e-07 1.19519e-07 7.76077e-08 5.02968e-08 3.25384e-08 2.10144e-08 1.35504e-08 8.72439e-09 5.60925e-09 3.60159e-09 2.30957e-09 1.47926e-09 9.46367e-10 6.04783e-10 3.86087e-10 2.46228e-10 1.56883e-10 9.98654e-11 6.35145e-11 4.03612e-11 2.56273e-11 1.62593e-11 1.0308e-11 6.53031e-12 4.13416e-12 2.61546e-12 1.65358e-12 1.04478e-12 6.59723e-13 4.16333e-13 2.62585e-13 1.65522e-13 1.04282e-13 6.5665e-14 4.13273e-14 2.5997e-14 1.63456e-14 1.02725e-14 6.45286e-15 4.05167e-15 2.5429e-15 1.59529e-15 1.00039e-15 6.27087e-16 3.92929e-16 2.46113e-16 1.54096e-16 9.64472e-17 6.03438e-17 3.77419e-17 2.35975e-17 1.4749e-17 9.2155e-18 5.75618e-18 3.5943e-18 2.24367e-18 1.40015e-18 8.73496e-19 5.44781e-19 3.39672e-19 2.11727e-19 1.31939e-19 8.21967e-20 5.11943e-20 3.18769e-20 1.98436e-20 1.23497e-20 7.68397e-21 4.77981e-21 2.97258e-21 1.84822e-21 1.14889e-21 7.14005e-22 4.43639e-22 2.7559e-22 1.71161e-22 1.06281e-22 6.59801e-23 4.09528e-23 2.54137e-23 1.57676e-23 9.78089e-24 6.06608e-24 3.76145e-24 2.33197e-24 1.44547e-24 8.95813e-25 5.55071e-25
6.78112e-05 1.54064e-05 1.05736e-05 7.20353e-06 4.87639e-06 3.2827e-06 2.199e-06 1.46661e-06 9.74306e-07 6.44956e-07 4.25559e-07 2.79966e-07 1.83684e-07 1.20213e-07 7.84912e-08 5.11394e-08 3.3252e-08 2.15806e-08 1.39812e-08 9.04283e-09 5.83965e-09 3.76555e-09 2.42473e-09 1.55928e-09 1.00147e-09 6.42442e-10 4.11655e-10 2.63488e-10 1.68475e-10 1.07617e-10 6.86765e-11 4.37865e-11 2.78927e-11 1.77531e-11 1.12903e-11 7.17456e-12 4.55574e-12 2.89072e-12 1.83293e-12 1.16143e-12 7.35451e-13 4.65413e-13 2.94344e-13 1.86043e-13 1.17522e-13 7.4196e-14 4.68172e-14 2.95257e-14 1.86111e-14 1.17253e-14 7.38356e-15 4.6473e-15 2.92372e-15 1.83854e-15 1.15564e-15 7.26079e-16 4.55999e-16 2.86264e-16 1.79638e-16 1.12683e-16 7.0657e-17 4.42884e-17 2.77503e-17 1.73816e-17 1.08833e-17 6.81218e-18 4.26251e-18 2.66626e-18 1.66725e-18 1.04223e-18 6.5132e-19 4.06905e-19 2.54135e-19 1.58675e-19 9.90447e-20 6.18062e-20 3.85579e-20 2.4048e-20 1.49944e-20 9.34692e-21 5.82501e-21 3.62924e-21 2.26062e-21 1.40778e-21 8.76477e-22 5.45562e-22 3.39506e-22 2.11228e-22 1.3139e-22 8.17099e-23 5.08036e-23 3.15808e-23 1.96273e-23 1.21958e-23 7.57651e-24 4.7059e-24 2.92234e-24 1.81441e-24 1.12631e-24 6.99032e-25 4.33767e-25
4.06867e-05 9.53134e-06 6.58201e-06 4.50965e-06 3.06889e-06 2.07613e-06 1.39723e-06 9.35985e-07 6.24412e-07 4.15002e-07 2.74887e-07 1.81515e-07 1.19519e-07 7.84912e-08 5.14226e-08 3.36132e-08 2.19257e-08 1.42741e-08 9.27563e-09 6.01713e-09 3.89699e-09 2.52001e-09 1.62721e-09 1.04927e-09 6.75717e-10 4.34611e-10 2.79205e-10 1.79165e-10 1.14846e-10 7.35406e-11 4.70446e-11 3.00663e-11 1.91979e-11 1.22475e-11 7.80681e-12 4.97219e-12 3.16433e-12 2.01228e-12 1.27873e-12 8.12009e-13 5.15286e-13 3.26775e-13 2.07096e-13 1.31167e-13 8.3027e-14 5.25242e-14 3.32089e-14 2.0985e-14 1.32536e-14 8.36626e-15 5.2785e-15 3.3287e-15 2.09813e-15 1.32186e-15 8.32419e-16 5.23968e-16 3.29671e-16 2.07335e-16 1.30342e-16 8.19071e-17 5.14503e-17 3.23063e-17 2.02779e-17 1.27233e-17 7.98027e-18 5.00361e-18 3.13617e-18 1.96503e-18 1.23082e-18 7.70689e-19 4.82421e-19 3.01882e-19 1.88849e-19 1.18104e-19 7.38387e-20 4.61508e-20 2.88371e-20 1.80137e-20 1.12495e-20 7.02345e-21 4.38381e-21 2.73553e-21 1.70655e-21 1.06436e-21 6.63669e-22 4.13723e-22 2.57848e-22 1.60663e-22 1.00085e-22 6.23338e-23 3.88133e-23 2.41626e-23 1.50387e-23 9.35808e-24 5.82199e-24 3.62131e-24 2.25202e-24 1.40021e-24 8.70414e-25 5.40972e-25 3.36156e-25
2.4412e-05 5.89131e-06 4.09312e-06 2.82004e-06 1.92901e-06 1.31129e-06 8.86507e-07 5.96418e-07 3.99512e-07 2.66567e-07 1.77231e-07 1.17454e-07 7.76077e-08 5.11394e-08 3.36132e-08 2.20417e-08 1.44222e-08 9.41748e-09 6.13772e-09 3.99301e-09 2.59334e-09 1.68162e-09 1.08878e-09 7.03934e-10 4.54501e-10 2.93074e-10 1.8875e-10 1.21419e-10 7.80191e-11 5.00783e-11 3.21109e-11 2.05697e-11 1.31642e-11 8.41716e-12 5.37722e-12 3.43229e-12 2.18907e-12 1.39506e-12 8.88386e-13 5.65317e-13 3.59481e-13 2.28435e-13 1.45065e-13 9.20632e-14 5.83899e-14 3.70108e-14 2.34458e-14 1.48441e-14 9.39297e-15 5.94044e-15 3.75498e-15 2.37233e-15 1.49805e-15 9.45519e-16 5.96497e-16 3.76138e-16 2.37078e-16 1.49364e-16 9.40622e-17 5.92111e-17 3.72576e-17 2.34343e-17 1.4734e-17 9.26032e-18 5.81792e-18 3.65386e-18 2.29393e-18 1.43965e-18 9.03205e-19 5.66459e-19 3.55147e-19 2.22592e-19 1.39467e-19 8.73574e-20 5.4701e-20 3.42422e-20 2.1429e-20 1.34065e-20 8.38508e-21 5.24298e-21 3.27741e-21 2.04818e-21 1.27965e-21 7.99281e-22 4.99113e-22 3.11594e-22 1.94479e-22 1.21354e-22 7.57056e-23 4.72173e-23 2.94425e-23 1.83548e-23 1.144e-23 7.1287e-24 4.44118e-24 2.76626e-24 1.72265e-24 1.07254e-24 6.67632e-25 4.15504e-25 2.58539e-25
1.46472e-05 3.63829e-06 2.54295e-06 1.76163e-06 1.21112e-06 8.27185e-07 5.61709e-07 3.79493e-07 2.55221e-07 1.70943e-07 1.1407e-07 7.58627e-08 5.02968e-08 3.3252e-08 2.19257e-08 1.44222e-08 9.46513e-09 6.19871e-09 4.05149e-09 2.64315e-09 1.72134e-09 1.11917e-09 7.26515e-10 4.70925e-10 3.04824e-10 1.97046e-10 1.27213e-10 8.20296e-11 5.28331e-11 3.39908e-11 2.18452e-11 1.40251e-11 8.99571e-12 5.76443e-12 3.6905e-12 2.36067e-12 1.50877e-12 9.63519e-13 6.14835e-13 3.92039e-13 2.49795e-13 1.59049e-13 1.012e-13 6.43496e-14 4.08913e-14 2.59685e-14 1.64816e-14 1.04543e-14 6.62745e-15 4.19909e-15 2.65907e-15 1.68297e-15 1.06463e-15 6.73143e-16 4.25406e-16 2.68716e-16 1.69662e-16 1.07073e-16 6.75431e-17 4.25889e-17 2.68429e-17 1.69116e-17 1.06504e-17 6.70464e-18 4.21909e-18 2.65398e-18 1.66885e-18 1.04901e-18 6.59159e-19 4.14047e-19 2.59993e-19 1.63203e-19 1.02413e-19 6.42454e-20 4.02896e-20 2.52586e-20 1.58305e-20 9.91866e-21 6.21274e-21 3.89036e-21 2.43542e-21 1.52418e-21 9.53638e-22 5.96505e-22 3.73018e-22 2.33203e-22 1.45757e-22 9.10781e-23 5.68974e-23 3.55358e-23 2.2189e-23 1.38518e-23 8.64519e-24 5.39442e-24 3.36525e-24 2.09892e-24 1.30881e-24 8.15959e-25 5.08589e-25 3.16939e-25 1.97467e-25
8.78833e-06 2.24508e-06 1.57846e-06 1.09937e-06 7.59579e-07 5.21189e-07 3.5546e-07 2.41138e-07 1.62807e-07 1.09452e-07 7.32989e-08 4.89153e-08 3.25384e-08 2.15806e-08 1.42741e-08 9.41748e-09 6.19871e-09 4.07113e-09 2.66832e-09 1.74552e-09 1.13979e-09 7.4299e-10 4.83548e-10 3.14219e-10 2.03889e-10 1.32117e-10 8.5497e-11 5.52586e-11 3.56722e-11 2.30018e-11 1.48156e-11 9.53283e-12 6.12754e-12 3.93486e-12 2.52446e-12 1.61815e-12 1.03632e-12 6.63142e-13 4.24004e-13 2.70892e-13 1.7294e-13 1.10327e-13 7.03329e-14 4.48065e-14 2.85256e-14 1.8149e-14 1.15398e-14 7.33298e-15 4.65702e-15 2.95588e-15 1.8751e-15 1.18885e-15 7.53357e-16 4.77146e-16 3.02054e-16 1.9112e-16 1.2087e-16 7.64068e-17 4.82778e-17 3.04909e-17 1.92489e-17 1.21466e-17 7.66174e-18 4.83084e-18 3.04471e-18 1.91823e-18 1.20807e-18 7.60539e-19 4.78622e-19 3.01099e-19 1.89354e-19 1.19039e-19 7.481e-20 4.69988e-20 2.95171e-20 1.8532e-20 1.16315e-20 7.29822e-21 4.57791e-21 2.87072e-21 1.79965e-21 1.12787e-21 7.06663e-22 4.42634e-22 2.77179e-22 1.73524e-22 1.08604e-22 6.79549e-23 4.25095e-23 2.65853e-23 1.66223e-23 1.03905e-23 6.49352e-24 4.05715e-24 2.53432e-24 1.58272e-24 9.8821e-25 6.16877e-25 3.84994e-25 2.40224e-25 1.49861e-25
5.273e-06 1.38431e-06 9.7895e-07 6.8544e-07 4.75899e-07 3.28025e-07 2.24673e-07 1.53028e-07 1.03714e-07 6.99792e-08 4.70282e-08 3.14892e-08 2.10144e-08 1.39812e-08 9.27563e-09 6.13772e-09 4.05149e-09 2.66832e-09 1.75364e-09 1.15021e-09 7.53016e-10 4.92112e-10 3.2107e-10 2.09146e-10 1.36035e-10 8.83551e-11 5.73094e-11 3.71243e-11 2.40191e-11 1.55218e-11 1.00193e-11 6.46049e-12 4.16141e-12 2.67783e-12 1.72151e-12 1.10569e-12 7.09534e-13 4.54925e-13 2.91438e-13 1.86554e-13 1.19324e-13 7.62651e-14 4.8709e-14 3.10876e-14 1.98276e-14 1.26377e-14 8.04978e-15 5.12426e-15 3.25999e-15 2.07274e-15 1.31712e-15 8.36496e-16 5.30966e-16 3.36853e-16 2.13595e-16 1.3537e-16 8.57513e-17 5.4294e-17 3.43606e-17 2.17356e-17 1.37432e-17 8.68593e-18 5.48731e-18 3.46515e-18 2.1873e-18 1.38013e-18 8.7049e-19 5.48834e-19 3.45904e-19 2.17927e-19 1.37249e-19 8.64087e-20 5.43818e-20 3.4214e-20 2.15183e-20 1.35292e-20 8.50347e-21 5.34299e-21 3.35613e-21 2.10747e-21 1.32298e-21 8.3027e-22 5.20908e-22 3.26722e-22 2.04869e-22 1.28427e-22 8.04856e-23 5.04273e-23 3.15864e-23 1.97799e-23 1.23833e-23 7.75074e-24 4.85002e-24 3.03417e-24 1.89772e-24 1.18665e-24 7.41849e-25 4.6367e-25 2.89738e-25 1.81012e-25 1.13061e-25
3.1638e-06 8.5294e-07 6.06653e-07 4.26985e-07 2.97878e-07 2.06236e-07 1.41847e-07 9.69952e-08 6.59841e-08 4.46808e-08 3.01296e-08 2.02405e-08 1.35504e-08 9.04283e-09 6.01713e-09 3.99301e-09 2.64315e-09 1.74552e-09 1.15021e-09 7.56381e-10 4.96438e-10 3.25237e-10 2.1271e-10 1.3889e-10 9.05489e-11 5.89467e-11 3.83204e-11 2.48785e-11 1.61312e-11 1.04468e-11 6.75761e-12 4.36638e-12 2.81829e-12 1.81721e-12 1.17057e-12 7.53311e-13 4.84345e-13 3.11138e-13 1.99701e-13 1.28071e-13 8.20687e-14 5.25496e-14 3.3623e-14 2.14977e-14 1.37354e-14 8.76998e-15 5.59588e-15 3.5683e-15 2.27396e-15 1.44825e-15 9.21822e-16 5.86412e-16 3.72835e-16 2.36916e-16 1.50468e-16 9.5514e-17 6.06e-17 3.84295e-17 2.43584e-17 1.54323e-17 9.77264e-18 6.18585e-18 3.91379e-18 2.4752e-18 1.56473e-18 9.88766e-19 6.24558e-19 3.94349e-19 2.48899e-19 1.57037e-19 9.90419e-20 6.24425e-20 3.93538e-20 2.47938e-20 1.56153e-20 9.83133e-21 6.18773e-21 3.89324e-21 2.4488e-21 1.53978e-21 9.67905e-22 6.08241e-22 3.82112e-22 2.39983e-22 1.50676e-22 9.45775e-23 5.93487e-23 3.7232e-23 2.3351e-23 1.46414e-23 9.17792e-24 5.75171e-24 3.60363e-24 2.25723e-24 1.41354e-24 8.84981e-25 5.53934e-25 3.46642e-25 2.16873e-25 1.35654e-25 8.48321e-26
1.89828e-06 5.25178e-07 3.75657e-07 2.65762e-07 1.8628e-07 1.29536e-07 8.94593e-08 6.14093e-08 4.1929e-08 2.84914e-08 1.92769e-08 1.29916e-08 8.72439e-09 5.83965e-09 3.89699e-09 2.59334e-09 1.72134e-09 1.13979e-09 7.53016e-10 4.96438e-10 3.26635e-10 2.1451e-10 1.40626e-10 9.20357e-11 6.01393e-11 3.92379e-11 2.55641e-11 1.66327e-11 1.08075e-11 7.01375e-12 4.54628e-12 2.94351e-12 1.90369e-12 1.22991e-12 7.93792e-13 5.11821e-13 3.29702e-13 2.12193e-13 1.36446e-13 8.76648e-14 5.62774e-14 3.60994e-14 2.31384e-14 1.48199e-14 9.4852e-15 6.06659e-15 3.87747e-15 2.47667e-15 1.58092e-15 1.00852e-15 6.42974e-16 4.09684e-16 2.60889e-16 1.66044e-16 1.05621e-16 6.71508e-17 4.26704e-17 2.71009e-17 1.72039e-17 1.09159e-17 6.92296e-18 4.38857e-18 2.78074e-18 1.76119e-18 1.11498e-18 7.05577e-19 4.46317e-19 2.82207e-19 1.7837e-19 1.12696e-19 7.11751e-20 4.49354e-20 2.8359e-20 1.78911e-20 1.12832e-20 7.11343e-21 4.4831e-21 2.82445e-21 1.77889e-21 1.12002e-21 7.04962e-22 4.4358e-22 2.79027e-22 1.75466e-22 1.10309e-22 6.93272e-23 4.35587e-23 2.73605e-23 1.71813e-23 1.07862e-23 6.76966e-24 4.24768e-24 2.66456e-24 1.67105e-24 1.04772e-24 6.56739e-25 4.11563e-25 2.57855e-25 1.61515e-25 1.01147e-25 6.33271e-26
1.13897e-06 3.23155e-07 2.3245e-07 1.65283e-07 1.1639e-07 8.12851e-08 5.63628e-08 3.88372e-08 2.66127e-08 1.81458e-08 1.23175e-08 8.3275e-09 5.60925e-09 3.76555e-09 2.52001e-09 1.68162e-09 1.11917e-09 7.4299e-10 4.92112e-10 3.25237e-10 2.1451e-10 1.41209e-10 9.27865e-11 6.08642e-11 3.98595e-11 2.60633e-11 1.70171e-11 1.10952e-11 7.2244e-12 4.698e-12 3.05135e-12 1.97953e-12 1.28275e-12 8.30337e-13 5.36926e-13 3.46848e-13 2.23845e-13 1.44328e-13 9.29746e-14 5.98415e-14 3.84837e-14 2.47286e-14 1.58775e-14 1.01867e-14 6.53081e-15 4.18398e-15 2.67862e-15 1.71373e-15 1.09569e-15 7.00094e-16 4.47051e-16 2.85296e-16 1.81962e-16 1.15989e-16 7.38947e-17 4.70515e-17 2.99436e-17 1.90462e-17 1.21087e-17 7.6943e-18 4.8869e-18 3.10237e-18 1.96859e-18 1.24859e-18 7.9158e-19 5.01629e-19 3.17751e-19 2.01193e-19 1.2734e-19 8.05644e-20 5.09511e-20 3.22106e-20 2.03555e-20 1.2859e-20 8.12038e-21 5.12617e-21 3.23489e-21 2.0407e-21 1.28692e-21 8.11307e-22 5.11303e-22 3.22133e-22 2.02888e-22 1.27745e-22 8.04088e-23 5.05981e-23 3.18302e-23 2.0018e-23 1.25858e-23 7.91078e-24 4.97096e-24 3.12281e-24 1.96127e-24 1.23144e-24 7.73005e-25 4.8511e-25 3.04362e-25 1.90913e-25 1.19722e-25 7.50606e-26 4.70487e-26
6.83381e-07 1.98722e-07 1.43737e-07 1.02716e-07 7.26626e-08 5.09616e-08 3.54766e-08 2.45366e-08 1.68729e-08 1.15435e-08 7.86105e-09 5.33105e-09 3.60159e-09 2.42473e-09 1.62721e-09 1.08878e-09 7.26515e-10 4.83548e-10 3.2107e-10 2.1271e-10 1.40626e-10 9.27865e-11 6.11074e-11 4.01732e-11 2.63666e-11 1.72775e-11 1.13045e-11 7.3858e-12 4.81889e-12 3.13998e-12 2.04344e-12 1.32823e-12 8.62353e-13 5.59261e-13 3.62312e-13 2.34479e-13 1.51599e-13 9.79214e-14 6.31915e-14 4.07431e-14 2.62469e-14 1.68943e-14 1.08656e-14 6.98284e-15 4.48416e-15 2.87748e-15 1.84517e-15 1.18239e-15 7.57171e-16 4.84557e-16 3.09899e-16 1.98074e-16 1.26525e-16 8.07736e-17 5.15366e-17 3.28641e-17 2.09455e-17 1.33423e-17 8.4947e-18 5.40563e-18 3.43819e-18 2.18577e-18 1.38891e-18 8.82159e-19 5.60044e-19 3.55391e-19 2.25426e-19 1.42928e-19 9.05843e-20 5.73868e-20 3.63411e-20 2.30047e-20 1.45569e-20 9.20784e-21 5.82221e-21 3.68012e-21 2.32532e-21 1.46876e-21 9.27415e-22 5.85397e-22 3.69389e-22 2.33012e-22 1.46938e-22 9.26305e-23 5.83769e-23 3.67788e-23 2.31646e-23 1.45856e-23 9.18123e-24 5.77769e-24 3.63485e-24 2.28613e-24 1.43746e-24 9.03605e-25 5.67867e-25 3.56782e-25 2.24104e-25 1.4073e-25 8.83522e-26 5.54552e-26 3.47988e-26
4.10028e-07 1.22131e-07 8.88235e-08 6.37876e-08 4.53279e-08 3.19232e-08 2.23098e-08 1.54867e-08 1.06866e-08 7.33534e-09 5.01113e-09 3.40865e-09 2.30957e-09 1.55928e-09 1.04927e-09 7.03934e-10 4.70925e-10 3.14219e-10 2.09146e-10 1.3889e-10 9.20357e-11 6.08642e-11 4.01732e-11 2.64683e-11 1.74089e-11 1.14316e-11 7.49505e-12 4.90682e-12 3.20785e-12 2.09433e-12 1.36558e-12 8.89313e-13 5.78468e-13 3.75847e-13 2.43932e-13 1.58151e-13 1.02432e-13 6.62789e-14 4.28457e-14 2.76723e-14 1.78567e-14 1.1513e-14 7.41687e-15 4.77426e-15 3.07084e-15 1.97371e-15 1.26763e-15 8.13575e-16 5.21801e-16 3.34443e-16 2.14219e-16 1.37127e-16 8.77239e-17 5.6086e-17 3.58375e-17 2.28863e-17 1.46074e-17 9.31823e-18 5.94109e-18 3.78595e-18 2.41138e-18 1.53512e-18 9.7681e-19 6.21261e-19 3.94946e-19 2.50961e-19 1.59398e-19 1.01198e-19 6.42214e-20 4.07386e-20 2.58319e-20 1.63732e-20 1.03739e-20 6.5703e-21 4.15972e-21 2.63259e-21 1.66551e-21 1.05331e-21 6.65905e-22 4.20844e-22 2.65879e-22 1.67921e-22 1.06019e-22 6.69149e-23 4.22208e-23 2.66316e-23 1.67933e-23 1.05863e-23 6.67154e-24 4.20322e-24 2.64737e-24 1.66696e-24 1.04934e-24 6.60377e-25 4.1548e-25 2.61333e-25 1.64333e-25 1.03311e-25 6.49315e-26 4.07999e-26 2.56304e-26
2.46017e-07 7.50169e-08 5.4855e-08 3.95857e-08 2.82551e-08 1.99811e-08 1.40175e-08 9.7656e-09 6.76177e-09 4.6564e-09 3.19089e-09 2.17697e-09 1.47926e-09 1.00147e-09 6.75717e-10 4.54501e-10 3.04824e-10 2.03889e-10 1.36035e-10 9.05489e-11 6.01393e-11 3.98595e-11 2.63666e-11 1.74089e-11 1.14743e-11 7.55017e-12 4.96021e-12 3.25378e-12 2.13133e-12 1.39417e-12 9.1077e-13 5.94231e-13 3.87237e-13 2.52054e-13 1.63881e-13 1.06438e-13 6.90578e-14 4.47609e-14 2.89846e-14 1.87513e-14 1.21201e-14 7.82718e-15 5.05055e-15 3.25626e-15 2.09777e-15 1.3504e-15 8.68655e-16 5.58365e-16 3.58662e-16 2.30227e-16 1.47686e-16 9.4677e-17 6.06564e-17 3.88368e-17 2.48514e-17 1.58931e-17 1.01582e-17 6.48915e-18 4.14309e-18 2.64382e-18 1.68623e-18 1.07494e-18 6.84914e-19 4.36195e-19 2.77665e-19 1.76669e-19 1.12359e-19 7.14266e-20 4.53865e-20 2.88276e-20 1.83026e-20 1.16155e-20 7.36871e-21 4.67278e-21 2.96205e-21 1.87692e-21 1.18889e-21 7.52795e-22 4.76495e-22 3.01501e-22 1.90709e-22 1.20588e-22 7.62248e-23 4.81666e-23 3.04268e-23 1.92145e-23 1.21302e-23 7.65554e-24 4.83006e-24 3.0465e-24 1.92099e-24 1.21094e-24 7.63132e-25 4.8079e-25 3.02826e-25 1.90684e-25 1.20038e-25 7.55463e-26 4.75329e-26 2.98996e-26 1.88031e-26
1.4761e-07 4.60532e-08 3.38569e-08 2.45503e-08 1.76002e-08 1.24968e-08 8.80011e-09 6.15254e-09 4.27438e-09 2.9529e-09 2.02971e-09 1.38882e-09 9.46367e-10 6.42442e-10 4.34611e-10 2.93074e-10 1.97046e-10 1.32117e-10 8.83551e-11 5.89467e-11 3.92379e-11 2.60633e-11 1.72775e-11 1.14316e-11 7.55017e-12 4.97811e-12 3.27694e-12 2.15379e-12 1.4135e-12 9.26362e-13 6.0629e-13 3.96297e-13 2.58717e-13 1.68699e-13 1.09877e-13 7.14865e-14 4.64604e-14 3.01647e-14 1.95654e-14 1.26785e-14 8.2082e-15 5.30937e-15 3.43136e-15 2.21579e-15 1.42968e-15 9.2175e-16 5.93823e-16 3.8228e-16 2.45921e-16 1.58091e-16 1.01561e-16 6.52019e-17 4.18326e-17 2.68225e-17 1.71878e-17 1.10074e-17 7.04523e-18 4.50674e-18 2.88132e-18 1.84114e-18 1.17585e-18 7.50581e-19 4.78877e-19 3.05378e-19 1.94645e-19 1.24007e-19 7.89672e-20 5.02636e-20 3.19793e-20 2.03374e-20 1.29283e-20 8.21495e-21 5.21786e-21 3.31289e-21 2.10258e-21 1.33392e-21 8.45949e-22 5.36288e-22 3.39856e-22 2.15296e-22 1.36341e-22 8.63109e-23 5.46209e-23 3.45547e-23 2.18532e-23 1.3816e-23 8.73196e-24 5.51705e-24 3.48473e-24 2.2004e-24 1.38901e-24 8.76557e-25 5.53009e-25 3.48788e-25 2.19922e-25 1.3863e-25 8.73635e-26 5.5041e-26 3.4668e-26 2.18302e-26 1.37429e-26
8.85661e-08 2.82578e-08 2.08849e-08 1.52162e-08 1.09558e-08 7.8101e-09 5.52027e-09 3.87296e-09 2.69957e-09 1.87083e-09 1.2898e-09 8.8508e-10 6.04783e-10 4.11655e-10 2.79205e-10 1.8875e-10 1.27213e-10 8.5497e-11 5.73094e-11 3.83204e-11 2.55641e-11 1.70171e-11 1.13045e-11 7.49505e-12 4.96021e-12 3.27694e-12 2.16132e-12 1.42326e-12 9.35825e-13 6.14444e-13 4.02878e-13 2.63811e-13 1.7253e-13 1.12696e-13 7.35275e-14 4.79186e-14 3.11953e-14 2.02873e-14 1.31802e-14 8.55462e-15 5.54719e-15 3.59379e-15 2.32622e-15 1.50447e-15 9.72202e-16 6.27746e-16 4.0502e-16 2.61121e-16 1.68225e-16 1.08301e-16 6.96747e-17 4.47946e-17 2.87801e-17 1.84792e-17 1.18578e-17 7.60437e-18 4.87378e-18 3.1219e-18 1.99861e-18 1.27879e-18 8.17784e-19 5.22697e-19 3.33918e-19 2.13212e-19 1.36073e-19 8.68007e-20 5.53441e-20 3.52712e-20 2.24685e-20 1.43066e-20 9.1057e-21 5.79302e-21 3.68398e-21 2.34181e-21 1.48804e-21 9.45163e-22 6.00112e-22 3.80885e-22 2.41654e-22 1.53263e-22 9.71686e-23 6.15831e-23 3.90164e-23 2.47107e-23 1.56452e-23 9.90219e-24 6.26532e-24 3.96294e-24 2.50585e-24 1.58402e-24 1.001e-24 6.32383e-25 3.99391e-25 2.52169e-25 1.5917e-25 1.00441e-25 6.33633e-26 3.99621e-26 2.51967e-26 1.58827e-26 1.0009e-26
5.31397e-08 1.73302e-08 1.28761e-08 9.42534e-09 6.81538e-09 4.87764e-09 3.46023e-09 2.43602e-09 1.70351e-09 1.1842e-09 8.18837e-10 5.6349e-10 3.86087e-10 2.63488e-10 1.79165e-10 1.21419e-10 8.20296e-11 5.52586e-11 3.71243e-11 2.48785e-11 1.66327e-11 1.10952e-11 7.3858e-12 4.90682e-12 3.25378e-12 2.15379e-12 1.42326e-12 9.38997e-13 6.18555e-13 4.0687e-13 2.67254e-13 1.75311e-13 1.14851e-13 7.51493e-14 4.91132e-14 3.20609e-14 2.09062e-14 1.3618e-14 8.86155e-15 5.76071e-15 3.74135e-15 2.42761e-15 1.57377e-15 1.01937e-15 6.59712e-16 4.26604e-16 2.75647e-16 1.77971e-16 1.14821e-16 7.40257e-17 4.7691e-17 3.07039e-17 1.97542e-17 1.27012e-17 8.16127e-18 5.24085e-18 3.36345e-18 2.15731e-18 1.38291e-18 8.85992e-19 5.67322e-19 3.63077e-19 2.32242e-19 1.48478e-19 9.4878e-20 6.05979e-20 3.8685e-20 2.46845e-20 1.57437e-20 1.00368e-20 6.39577e-21 4.07383e-21 2.59376e-21 1.65073e-21 1.05014e-21 6.67796e-22 4.24493e-22 2.69731e-22 1.71328e-22 1.08783e-22 6.90463e-23 4.38089e-23 2.77864e-23 1.76178e-23 1.11667e-23 7.0754e-24 4.48162e-24 2.83778e-24 1.79633e-24 1.13673e-24 7.19106e-25 4.54777e-25 2.87524e-25 1.81728e-25 1.14827e-25 7.25343e-26 4.58058e-26 2.89186e-26 1.82523e-26 1.1517e-26 7.26517e-27
3.18838e-08 1.06234e-08 7.93429e-09 5.835e-09 4.23707e-09 3.04418e-09 2.16737e-09 1.53103e-09 1.07408e-09 7.4893e-10 5.19368e-10 3.58405e-10 2.46228e-10 1.68475e-10 1.14846e-10 7.80191e-11 5.28331e-11 3.56722e-11 2.40191e-11 1.61312e-11 1.08075e-11 7.2244e-12 4.81889e-12 3.20785e-12 2.13133e-12 1.4135e-12 9.35825e-13 6.18555e-13 4.08209e-13 2.6899e-13 1.76998e-13 1.16307e-13 7.63264e-14 5.00259e-14 3.27483e-14 2.1413e-14 1.39856e-14 9.12456e-15 5.94691e-15 3.87198e-15 2.51857e-15 1.63668e-15 1.06263e-15 6.89311e-16 4.46764e-16 2.89322e-16 1.87213e-16 1.21046e-16 7.82053e-17 5.04897e-17 3.2573e-17 2.09996e-17 1.35291e-17 8.71043e-18 5.60442e-18 3.60371e-18 2.31581e-18 1.48729e-18 9.54633e-19 6.12392e-19 3.92628e-19 2.51592e-19 1.61132e-19 1.03144e-19 6.59905e-20 4.21992e-20 2.69722e-20 1.72314e-20 1.10033e-20 7.0231e-21 4.48063e-21 2.85731e-21 1.82134e-21 1.16048e-21 7.39109e-22 4.70546e-22 2.99448e-22 1.9049e-22 1.21131e-22 7.6997e-23 4.89252e-23 3.10765e-23 1.97323e-23 1.25248e-23 7.94715e-24 5.04087e-24 3.19635e-24 2.0261e-24 1.28389e-24 8.13306e-25 5.15045e-25 3.26064e-25 2.06361e-25 1.30564e-25 8.25831e-26 5.22195e-26 3.30104e-26 2.08615e-26 1.31802e-26 8.32486e-27 5.25674e-27
1.91303e-08 6.50923e-09 4.88672e-09 3.61033e-09 2.63258e-09 1.89868e-09 1.35663e-09 9.61529e-10 6.76689e-10 4.73256e-10 3.29135e-10 2.27754e-10 1.56883e-10 1.07617e-10 7.35406e-11 5.00783e-11 3.39908e-11 2.30018e-11 1.55218e-11 1.04468e-11 7.01375e-12 4.698e-12 3.13998e-12 2.09433e-12 1.39417e-12 9.26362e-13 6.14444e-13 4.0687e-13 2.6899e-13 1.77564e-13 1.17041e-13 7.70402e-14 5.06424e-14 3.32471e-14 2.18001e-14 1.42773e-14 9.3398e-15 6.10312e-15 3.98386e-15 2.59783e-15 1.69234e-15 1.10141e-15 7.16156e-16 4.65239e-16 3.01972e-16 1.95836e-16 1.269e-16 8.21647e-17 5.31587e-17 3.43667e-17 2.22016e-17 1.43325e-17 9.24616e-18 5.96084e-18 3.84033e-18 2.4726e-18 1.59099e-18 1.02309e-18 6.57517e-19 4.22325e-19 2.71107e-19 1.73938e-19 1.11536e-19 7.14832e-20 4.57898e-20 2.93167e-20 1.87605e-20 1.19995e-20 7.67147e-21 4.90219e-21 3.13115e-21 1.99905e-21 1.27571e-21 8.1376e-22 5.18868e-22 3.30702e-22 2.10689e-22 1.34175e-22 8.54151e-23 5.43538e-23 3.45749e-23 2.19852e-23 1.39747e-23 8.87972e-24 5.64031e-24 3.58143e-24 2.27333e-24 1.44252e-24 9.15039e-25 5.80252e-25 3.67836e-25 2.33107e-25 1.47681e-25 9.35317e-26 5.92194e-26 3.74836e-26 2.37188e-26 1.50044e-26 9.48903e-27 5.99936e-27 3.792e-27
1.14782e-08 3.98665e-09 3.0083e-09 2.23267e-09 1.63474e-09 1.18348e-09 8.48596e-10 6.03439e-10 4.26003e-10 2.98817e-10 2.08405e-10 1.44602e-10 9.98654e-11 6.86765e-11 4.70446e-11 3.21109e-11 2.18452e-11 1.48156e-11 1.00193e-11 6.75761e-12 4.54628e-12 3.05135e-12 2.04344e-12 1.36558e-12 9.1077e-13 6.0629e-13 4.02878e-13 2.67254e-13 1.76998e-13 1.17041e-13 7.72794e-14 5.09531e-14 3.35495e-14 2.20614e-14 1.44889e-14 9.50411e-15 6.22706e-15 4.07537e-15 2.6643e-15 1.73998e-15 1.13519e-15 7.39891e-16 4.8179e-16 3.13438e-16 2.03733e-16 1.32311e-16 8.58561e-17 5.56666e-17 3.60642e-17 2.33468e-17 1.51027e-17 9.76272e-18 6.30638e-18 4.07092e-18 2.62612e-18 1.69299e-18 1.09074e-18 7.02289e-19 4.51908e-19 2.90621e-19 1.86791e-19 1.19988e-19 7.70341e-20 4.94304e-20 3.17012e-20 2.03205e-20 1.30189e-20 8.33684e-21 5.33603e-21 3.41373e-21 2.18292e-21 1.39525e-21 8.91393e-22 5.69244e-22 3.63363e-22 2.31847e-22 1.47871e-22 9.42731e-23 6.00786e-23 3.82721e-23 2.43713e-23 1.55136e-23 9.87149e-24 6.27908e-24 3.99259e-24 2.53781e-24 1.61255e-24 1.02429e-24 6.50403e-25 4.12858e-25 2.61986e-25 1.66195e-25 1.05395e-25 6.68171e-26 4.23471e-26 2.68305e-26 1.69944e-26 1.07611e-26 6.8121e-27 4.31105e-27 2.7275e-27
6.8869e-09 2.44065e-09 1.85108e-09 1.38002e-09 1.01456e-09 7.37251e-10 5.30471e-10 3.7845e-10 2.67992e-10 1.8853e-10 1.31854e-10 9.17317e-11 6.35145e-11 4.37865e-11 3.00663e-11 2.05697e-11 1.40251e-11 9.53283e-12 6.46049e-12 4.36638e-12 2.94351e-12 1.97953e-12 1.32823e-12 8.89313e-13 5.94231e-13 3.96297e-13 2.63811e-13 1.75311e-13 1.16307e-13 7.70402e-14 5.09531e-14 3.36508e-14 2.21931e-14 1.46171e-14 9.61504e-15 6.31692e-15 4.14521e-15 2.71701e-15 1.77893e-15 1.16349e-15 7.60193e-16 4.96196e-16 3.23568e-16 2.10802e-16 1.37212e-16 8.92339e-17 5.79829e-17 3.76455e-17 2.44219e-17 1.5831e-17 1.02544e-17 6.63731e-18 4.29303e-18 2.77481e-18 1.79229e-18 1.1569e-18 7.46282e-19 4.81102e-19 3.09959e-19 1.99578e-19 1.28429e-19 8.25979e-20 5.30922e-20 3.41079e-20 2.19001e-20 1.40544e-20 9.01474e-21 5.77933e-21 3.7033e-21 2.37187e-21 1.51841e-21 9.71594e-22 6.2142e-22 3.97276e-22 2.53869e-22 1.6216e-22 1.03536e-22 6.60791e-23 4.2156e-23 2.68833e-23 1.71371e-23 1.092e-23 6.95581e-24 4.42905e-24 2.81914e-24 1.79377e-24 1.14094e-24 7.25453e-25 4.61114e-25 2.92996e-25 1.86111e-25 1.18179e-25 7.50188e-26 4.76062e-26 3.02011e-26 1.91536e-26 1.21435e-26 7.69685e-27 4.87701e-27 3.08936e-27 1.95642e-27
4.13214e-09 1.49359e-09 1.13852e-09 8.52581e-10 6.29328e-10 4.59008e-10 3.31403e-10 2.37191e-10 1.68473e-10 1.18861e-10 8.33575e-11 5.8145e-11 4.03612e-11 2.78927e-11 1.91979e-11 1.31642e-11 8.99571e-12 6.12754e-12 4.16141e-12 2.81829e-12 1.90369e-12 1.28275e-12 8.62353e-13 5.78468e-13 3.87237e-13 2.58717e-13 1.7253e-13 1.14851e-13 7.63264e-14 5.06424e-14 3.35495e-14 2.21931e-14 1.46601e-14 9.67092e-15 6.37138e-15 4.19234e-15 2.75522e-15 1.80864e-15 1.18593e-15 7.76785e-16 5.08262e-16 3.32228e-16 2.16951e-16 1.41539e-16 9.22557e-17 6.00793e-17 3.90915e-17 2.54142e-17 1.65089e-17 1.07156e-17 6.94995e-18 4.50425e-18 2.91708e-18 1.88784e-18 1.22091e-18 7.89062e-19 5.09628e-19 3.2894e-19 2.12183e-19 1.36785e-19 8.8127e-20 5.67449e-20 3.65172e-20 2.3487e-20 1.5098e-20 9.70024e-21 6.229e-21 3.99792e-21 2.56467e-21 1.64444e-21 1.05389e-21 6.75103e-22 4.32259e-22 2.76645e-22 1.76973e-22 1.13163e-22 7.23298e-23 4.62112e-23 2.9512e-23 1.88398e-23 1.20221e-23 7.66859e-24 4.88973e-24 3.11667e-24 1.9858e-24 1.2648e-24 8.05296e-25 5.12548e-25 3.2611e-25 2.07418e-25 1.31881e-25 8.38251e-26 5.3263e-26 3.38328e-26 2.1484e-26 1.36382e-26 8.65495e-27 5.49089e-27 3.48251e-27 2.20808e-27 1.39962e-27
