0.993799 0.00153354 0.00077153 0.000388161 0.000195286 9.82495e-05 4.94299e-05 2.48685e-05 1.25115e-05 6.29458e-06 3.16684e-06 1.59326e-06 8.01576e-07 4.03277e-07 2.02891e-07 1.02076e-07 5.13548e-08 2.58369e-08 1.29987e-08 6.53971e-09 3.29016e-09 1.6553e-09 8.32791e-10 4.18982e-10 2.10792e-10 1.06051e-10 5.33547e-11 2.6843e-11 1.35049e-11 6.79438e-12 3.41829e-12 1.71976e-12 8.65222e-13 4.35298e-13 2.19001e-13 1.10181e-13 5.54324e-14 2.78884e-14 1.40308e-14 7.05897e-15 3.55141e-15 1.78673e-15 8.98915e-16 4.52249e-16 2.27529e-16 1.14471e-16 5.75911e-17 2.89744e-17 1.45772e-17 7.33386e-18 3.68971e-18 1.85631e-18 9.33921e-19 4.69861e-19 2.3639e-19 1.18929e-19 5.98338e-20 3.01027e-20 1.51449e-20 7.61946e-21 3.83339e-21 1.9286e-21 9.7029e-22 4.88158e-22 2.45595e-22 1.2356e-22 6.21639e-23 3.1275e-23 1.57346e-23 7.91618e-24 3.98267e-24 2.00371e-24 1.00808e-24 5.07168e-25 2.55159e-25 1.28372e-25 6.45847e-26 3.24929e-26 1.63474e-26 8.22445e-27 4.13777e-27 2.08173e-27 1.04733e-27 5.26919e-28 2.65096e-28 1.33371e-28 6.70998e-29 3.37583e-29 1.6984e-29 8.54473e-30 4.2989e-30 2.1628e-30 1.08812e-30 5.47438e-31 2.75419e-31 1.38565e-31 6.97128e-32 3.50729e-32 1.76454e-32 8.87748e-33 4.46631e-33
0.00153354 7.1339e-06 3.59647e-06 1.81311e-06 9.1405e-07 4.60801e-07 2.32304e-07 1.17111e-07 5.90384e-08 2.97626e-08 1.5004e-08 7.56379e-09 3.81304e-09 1.92221e-09 9.69011e-10 4.88489e-10 2.46252e-10 1.24137e-10 6.25783e-11 3.15459e-11 1.59023e-11 8.01635e-12 4.04102e-12 2.03706e-12 1.02687e-12 5.17635e-13 2.60934e-13 1.31534e-13 6.63043e-14 3.34229e-14 1.68479e-14 8.49268e-15 4.28097e-15 2.15794e-15 1.08776e-15 5.4831e-16 2.76387e-16 1.39318e-16 7.02256e-17 3.53983e-17 1.7843e-17 8.99395e-18 4.53349e-18 2.28514e-18 1.15184e-18 5.80589e-19 2.92647e-19 1.47509e-19 7.43518e-20 3.74768e-20 1.889e-20 9.52139e-21 4.79918e-21 2.41898e-21 1.21926e-21 6.14551e-22 3.09755e-22 1.56127e-22 7.86928e-23 3.96635e-23 1.99915e-23 1.00763e-23 5.07869e-24 2.55978e-24 1.29018e-24 6.50277e-25 3.27751e-25 1.65192e-25 8.32592e-26 4.19638e-26 2.11502e-26 1.06599e-26 5.37269e-27 2.70787e-27 1.36478e-27 6.87854e-28 3.4668e-28 1.74727e-28 8.8062e-29 4.4383e-29 2.23688e-29 1.12737e-29 5.68188e-30 2.86362e-30 1.44323e-30 7.27371e-31 3.66585e-31 1.84753e-31 9.31125e-32 4.6927e-32 2.36503e-32 1.19192e-32 6.00701e-33 3.02739e-33 1.52572e-33 7.68923e-34 3.87515e-34 1.95296e-34 9.84228e-35 4.96018e-35 2.49976e-35
0.00077153 3.59647e-06 1.81314e-06 9.14084e-07 4.60827e-07 2.32321e-07 1.17122e-07 5.90451e-08 2.97665e-08 1.50062e-08 7.56507e-09 3.81375e-09 1.92261e-09 9.69229e-10 4.88608e-10 2.46316e-10 1.24172e-10 6.25969e-11 3.15559e-11 1.59076e-11 8.01918e-12 4.04252e-12 2.03785e-12 1.02729e-12 5.17855e-13 2.6105e-13 1.31594e-13 6.63361e-14 3.34395e-14 1.68566e-14 8.49721e-15 4.28333e-15 2.15916e-15 1.0884e-15 5.48642e-16 2.76559e-16 1.39407e-16 7.02718e-17 3.54222e-17 1.78553e-17 9.00034e-18 4.53679e-18 2.28684e-18 1.15272e-18 5.81042e-19 2.92881e-19 1.47629e-19 7.44137e-20 3.75087e-20 1.89064e-20 9.52981e-21 4.80351e-21 2.4212e-21 1.2204e-21 6.15137e-22 3.10056e-22 1.56281e-22 7.87719e-23 3.97041e-23 2.00123e-23 1.00869e-23 5.08414e-24 2.56257e-24 1.29161e-24 6.51008e-25 3.28125e-25 1.65383e-25 8.3357e-26 4.20137e-26 2.11758e-26 1.0673e-26 5.37936e-27 2.71128e-27 1.36652e-27 6.88742e-28 3.47133e-28 1.74958e-28 8.81801e-29 4.44432e-29 2.23996e-29 1.12894e-29 5.68988e-30 2.86769e-30 1.44531e-30 7.2843e-31 3.67125e-31 1.85028e-31 9.32526e-32 4.69984e-32 2.36866e-32 1.19377e-32 6.01644e-33 3.03219e-33 1.52817e-33 7.70168e-34 3.88148e-34 1.95618e-34 9.85869e-35 4.96853e-35 2.504e-35 1.26195e-35
0.000388161 1.81311e-06 9.14084e-07 4.60836e-07 2.3233e-07 1.17128e-07 5.90495e-08 2.97693e-08 1.50079e-08 7.56606e-09 3.81432e-09 1.92293e-09 9.6941e-10 4.88708e-10 2.46371e-10 1.24202e-10 6.26132e-11 3.15647e-11 1.59124e-11 8.0217e-12 4.04387e-12 2.03857e-12 1.02767e-12 5.18056e-13 2.61156e-13 1.3165e-13 6.63654e-14 3.34549e-14 1.68646e-14 8.50142e-15 4.28553e-15 2.16031e-15 1.089e-15 5.48953e-16 2.76721e-16 1.39491e-16 7.03154e-17 3.54448e-17 1.78671e-17 9.00641e-18 4.53993e-18 2.28847e-18 1.15355e-18 5.81475e-19 2.93104e-19 1.47744e-19 7.4473e-20 3.75392e-20 1.89221e-20 9.5379e-21 4.80766e-21 2.42334e-21 1.2215e-21 6.15701e-22 3.10345e-22 1.5643e-22 7.88482e-23 3.97432e-23 2.00324e-23 1.00972e-23 5.08941e-24 2.56527e-24 1.29299e-24 6.51716e-25 3.28488e-25 1.65569e-25 8.34519e-26 4.20623e-26 2.12006e-26 1.06857e-26 5.38584e-27 2.71459e-27 1.36821e-27 6.89606e-28 3.47574e-28 1.75183e-28 8.82951e-29 4.45019e-29 2.24295e-29 1.13047e-29 5.69768e-30 2.87167e-30 1.44734e-30 7.29465e-31 3.67652e-31 1.85297e-31 9.33896e-32 4.70682e-32 2.37222e-32 1.19559e-32 6.02568e-33 3.03689e-33 1.53056e-33 7.71387e-34 3.88769e-34 1.95934e-34 9.87477e-35 4.97671e-35 2.50817e-35 1.26407e-35 6.37062e-36
0.000195286 9.1405e-07 4.60827e-07 2.3233e-07 1.1713e-07 5.90517e-08 2.9771e-08 1.5009e-08 7.56677e-09 3.81475e-09 1.92318e-09 9.69555e-10 4.8879e-10 2.46417e-10 1.24228e-10 6.26272e-11 3.15723e-11 1.59165e-11 8.02394e-12 4.04507e-12 2.03921e-12 1.02801e-12 5.18238e-13 2.61253e-13 1.31701e-13 6.63923e-14 3.34691e-14 1.68721e-14 8.50533e-15 4.28758e-15 2.16138e-15 1.08956e-15 5.49244e-16 2.76873e-16 1.3957e-16 7.03565e-17 3.54661e-17 1.78781e-17 9.01215e-18 4.5429e-18 2.29e-18 1.15435e-18 5.81886e-19 2.93316e-19 1.47854e-19 7.45295e-20 3.75684e-20 1.89371e-20 9.54564e-21 4.81165e-21 2.42539e-21 1.22255e-21 6.16243e-22 3.10624e-22 1.56573e-22 7.89217e-23 3.97809e-23 2.00517e-23 1.01071e-23 5.0945e-24 2.56788e-24 1.29433e-24 6.52401e-25 3.28838e-25 1.65748e-25 8.35438e-26 4.21093e-26 2.12246e-26 1.0698e-26 5.39213e-27 2.71781e-27 1.36986e-27 6.90447e-28 3.48004e-28 1.75403e-28 8.84071e-29 4.45592e-29 2.24587e-29 1.13196e-29 5.70528e-30 2.87555e-30 1.44932e-30 7.30474e-31 3.68167e-31 1.8556e-31 9.35235e-32 4.71364e-32 2.3757e-32 1.19736e-32 6.0347e-33 3.04149e-33 1.53291e-33 7.7258e-34 3.89377e-34 1.96243e-34 9.89052e-35 4.98473e-35 2.51225e-35 1.26614e-35 6.38119e-36 3.21602e-36
9.82495e-05 4.60801e-07 2.32321e-07 1.17128e-07 5.90517e-08 2.97716e-08 1.50096e-08 7.5672e-09 3.81504e-09 1.92336e-09 9.69663e-10 4.88854e-10 2.46454e-10 1.24248e-10 6.26388e-11 3.15788e-11 1.59201e-11 8.02587e-12 4.04612e-12 2.03978e-12 1.02831e-12 5.18401e-13 2.61339e-13 1.31747e-13 6.64168e-14 3.3482e-14 1.68789e-14 8.50892e-15 4.28947e-15 2.16237e-15 1.09007e-15 5.49516e-16 2.77014e-16 1.39644e-16 7.0395e-17 3.54862e-17 1.78885e-17 9.01756e-18 4.54571e-18 2.29146e-18 1.1551e-18 5.82276e-19 2.93518e-19 1.47958e-19 7.45834e-20 3.75962e-20 1.89515e-20 9.55304e-21 4.81546e-21 2.42735e-21 1.22356e-21 6.16764e-22 3.10892e-22 1.5671e-22 7.89924e-23 3.98173e-23 2.00704e-23 1.01167e-23 5.09941e-24 2.57039e-24 1.29562e-24 6.53063e-25 3.29178e-25 1.65922e-25 8.36329e-26 4.21549e-26 2.1248e-26 1.07099e-26 5.39824e-27 2.72093e-27 1.37145e-27 6.91264e-28 3.48421e-28 1.75616e-28 8.85161e-29 4.46148e-29 2.24872e-29 1.13341e-29 5.71269e-30 2.87933e-30 1.45125e-30 7.31459e-31 3.68669e-31 1.85816e-31 9.36542e-32 4.7203e-32 2.37909e-32 1.19909e-32 6.04353e-33 3.04599e-33 1.5352e-33 7.73747e-34 3.89971e-34 1.96546e-34 9.90594e-35 4.99258e-35 2.51625e-35 1.26818e-35 6.39155e-36 3.2213e-36 1.62351e-36
4.94299e-05 2.32304e-07 1.17122e-07 5.90495e-08 2.9771e-08 1.50096e-08 7.56734e-09 3.81518e-09 1.92347e-09 9.69736e-10 4.889e-10 2.46482e-10 1.24265e-10 6.26482e-11 3.1584e-11 1.5923e-11 8.02751e-12 4.04702e-12 2.04027e-12 1.02858e-12 5.18545e-13 2.61417e-13 1.31789e-13 6.64388e-14 3.34937e-14 1.68851e-14 8.51221e-15 4.2912e-15 2.16329e-15 1.09055e-15 5.49767e-16 2.77146e-16 1.39713e-16 7.0431e-17 3.55049e-17 1.78983e-17 9.02264e-18 4.54835e-18 2.29283e-18 1.15582e-18 5.82646e-19 2.9371e-19 1.48057e-19 7.46347e-20 3.76227e-20 1.89652e-20 9.5601e-21 4.81911e-21 2.42923e-21 1.22453e-21 6.17262e-22 3.11148e-22 1.56843e-22 7.90603e-23 3.98522e-23 2.00883e-23 1.01259e-23 5.10414e-24 2.57282e-24 1.29687e-24 6.53702e-25 3.29506e-25 1.6609e-25 8.3719e-26 4.2199e-26 2.12706e-26 1.07215e-26 5.40416e-27 2.72396e-27 1.373e-27 6.92057e-28 3.48827e-28 1.75823e-28 8.86221e-29 4.4669e-29 2.25148e-29 1.13483e-29 5.71991e-30 2.88302e-30 1.45313e-30 7.32419e-31 3.69159e-31 1.86066e-31 9.37817e-32 4.72681e-32 2.38241e-32 1.20078e-32 6.05215e-33 3.05038e-33 1.53744e-33 7.74889e-34 3.90553e-34 1.96843e-34 9.92103e-35 5.00027e-35 2.52016e-35 1.27017e-35 6.4017e-36 3.22646e-36 1.62613e-36 8.19568e-37
2.48685e-05 1.17111e-07 5.90451e-08 2.97693e-08 1.5009e-08 7.5672e-09 3.81518e-09 1.9235e-09 9.69772e-10 4.88927e-10 2.465e-10 1.24276e-10 6.26552e-11 3.15881e-11 1.59254e-11 8.02885e-12 4.04777e-12 2.04068e-12 1.02881e-12 5.18669e-13 2.61484e-13 1.31825e-13 6.64584e-14 3.35042e-14 1.68907e-14 8.51518e-15 4.29278e-15 2.16412e-15 1.09099e-15 5.49998e-16 2.77268e-16 1.39777e-16 7.04644e-17 3.55224e-17 1.79074e-17 9.0274e-18 4.55083e-18 2.29412e-18 1.15649e-18 5.82994e-19 2.9389e-19 1.48151e-19 7.46832e-20 3.76478e-20 1.89782e-20 9.56682e-21 4.82258e-21 2.43102e-21 1.22546e-21 6.17739e-22 3.11394e-22 1.56969e-22 7.91255e-23 3.98857e-23 2.01056e-23 1.01348e-23 5.1087e-24 2.57516e-24 1.29807e-24 6.54319e-25 3.29822e-25 1.66252e-25 8.38022e-26 4.22417e-26 2.12924e-26 1.07327e-26 5.4099e-27 2.7269e-27 1.37451e-27 6.92826e-28 3.4922e-28 1.76025e-28 8.8725e-29 4.47216e-29 2.25417e-29 1.1362e-29 5.72693e-30 2.8866e-30 1.45496e-30 7.33354e-31 3.69637e-31 1.86309e-31 9.3906e-32 4.73315e-32 2.38565e-32 1.20243e-32 6.06057e-33 3.05467e-33 1.53963e-33 7.76004e-34 3.91121e-34 1.97132e-34 9.93579e-35 5.00779e-35 2.52399e-35 1.27212e-35 6.41163e-36 3.23152e-36 1.62871e-36 8.2088e-37 4.13727e-37
1.25115e-05 5.90384e-08 2.97665e-08 1.50079e-08 7.56677e-09 3.81504e-09 1.92347e-09 9.69772e-10 4.88936e-10 2.46509e-10 1.24283e-10 6.26598e-11 3.15911e-11 1.59271e-11 8.02989e-12 4.04837e-12 2.04102e-12 1.029e-12 5.18775e-13 2.61542e-13 1.31857e-13 6.64755e-14 3.35135e-14 1.68957e-14 8.51783e-15 4.29419e-15 2.16487e-15 1.09139e-15 5.5021e-16 2.77379e-16 1.39836e-16 7.04952e-17 3.55386e-17 1.79159e-17 9.03184e-18 4.55314e-18 2.29533e-18 1.15712e-18 5.83321e-19 2.94061e-19 1.4824e-19 7.47291e-20 3.76716e-20 1.89905e-20 9.57319e-21 4.82587e-21 2.43273e-21 1.22634e-21 6.18193e-22 3.11628e-22 1.5709e-22 7.91878e-23 3.99178e-23 2.01221e-23 1.01433e-23 5.11307e-24 2.57741e-24 1.29922e-24 6.54912e-25 3.30127e-25 1.66409e-25 8.38824e-26 4.22828e-26 2.13135e-26 1.07435e-26 5.41544e-27 2.72974e-27 1.37596e-27 6.93571e-28 3.49602e-28 1.7622e-28 8.88248e-29 4.47726e-29 2.25678e-29 1.13754e-29 5.73375e-30 2.89009e-30 1.45674e-30 7.34264e-31 3.70101e-31 1.86547e-31 9.40271e-32 4.73933e-32 2.3888e-32 1.20404e-32 6.06878e-33 3.05886e-33 1.54176e-33 7.77093e-34 3.91677e-34 1.97415e-34 9.95022e-35 5.01514e-35 2.52774e-35 1.27403e-35 6.42136e-36 3.23647e-36 1.63123e-36 8.22164e-37 4.14381e-37 2.08852e-37
6.29458e-06 2.97626e-08 1.50062e-08 7.56606e-09 3.81475e-09 1.92336e-09 9.69736e-10 4.88927e-10 2.46509e-10 1.24285e-10 6.26622e-11 3.15928e-11 1.59283e-11 8.03064e-12 4.04882e-12 2.04129e-12 1.02915e-12 5.18861e-13 2.6159e-13 1.31884e-13 6.64902e-14 3.35215e-14 1.69e-14 8.52018e-15 4.29545e-15 2.16555e-15 1.09175e-15 5.50401e-16 2.7748e-16 1.39889e-16 7.05235e-17 3.55535e-17 1.79237e-17 9.03594e-18 4.55529e-18 2.29646e-18 1.1577e-18 5.83628e-19 2.9422e-19 1.48323e-19 7.47723e-20 3.7694e-20 1.90021e-20 9.57923e-21 4.829e-21 2.43435e-21 1.22717e-21 6.18626e-22 3.11852e-22 1.57205e-22 7.92473e-23 3.99484e-23 2.01379e-23 1.01514e-23 5.11726e-24 2.57957e-24 1.30033e-24 6.55483e-25 3.3042e-25 1.66559e-25 8.39598e-26 4.23225e-26 2.13339e-26 1.07539e-26 5.4208e-27 2.73248e-27 1.37737e-27 6.94292e-28 3.49971e-28 1.76409e-28 8.89216e-29 4.48221e-29 2.25931e-29 1.13883e-29 5.74038e-30 2.89348e-30 1.45847e-30 7.35149e-31 3.70553e-31 1.86778e-31 9.41451e-32 4.74536e-32 2.39188e-32 1.20561e-32 6.07679e-33 3.06295e-33 1.54385e-33 7.78157e-34 3.92219e-34 1.97692e-34 9.96432e-35 5.02233e-35 2.5314e-35 1.2759e-35 6.43086e-36 3.24132e-36 1.6337e-36 8.2342e-37 4.15021e-37 2.09178e-37 1.05429e-37
3.16684e-06 1.5004e-08 7.56507e-09 3.81432e-09 1.92318e-09 9.69663e-10 4.889e-10 2.465e-10 1.24283e-10 6.26622e-11 3.15934e-11 1.59289e-11 8.03108e-12 4.04912e-12 2.04148e-12 1.02926e-12 5.18928e-13 2.61629e-13 1.31905e-13 6.65025e-14 3.35283e-14 1.69037e-14 8.52221e-15 4.29656e-15 2.16614e-15 1.09207e-15 5.50572e-16 2.77572e-16 1.39938e-16 7.05492e-17 3.55671e-17 1.79309e-17 9.03972e-18 4.55728e-18 2.2975e-18 1.15825e-18 5.83913e-19 2.94369e-19 1.484e-19 7.48128e-20 3.77151e-20 1.90131e-20 9.58492e-21 4.83195e-21 2.43588e-21 1.22797e-21 6.19036e-22 3.12064e-22 1.57315e-22 7.93039e-23 3.99777e-23 2.0153e-23 1.01592e-23 5.12127e-24 2.58163e-24 1.3014e-24 6.5603e-25 3.30701e-25 1.66704e-25 8.40341e-26 4.23607e-26 2.13535e-26 1.0764e-26 5.42597e-27 2.73514e-27 1.37873e-27 6.94988e-28 3.50328e-28 1.76592e-28 8.90153e-29 4.48701e-29 2.26177e-29 1.14009e-29 5.74681e-30 2.89677e-30 1.46015e-30 7.36009e-31 3.70993e-31 1.87002e-31 9.42598e-32 4.75122e-32 2.39487e-32 1.20714e-32 6.08459e-33 3.06693e-33 1.54588e-33 7.79194e-34 3.92748e-34 1.97962e-34 9.97808e-35 5.02934e-35 2.53498e-35 1.27772e-35 6.44016e-36 3.24605e-36 1.63611e-36 8.2465e-37 4.15647e-37 2.09497e-37 1.05592e-37 5.32209e-38
1.59326e-06 7.56379e-09 3.81375e-09 1.92293e-09 9.69555e-10 4.88854e-10 2.46482e-10 1.24276e-10 6.26598e-11 3.15928e-11 1.59289e-11 8.03123e-12 4.04927e-12 2.04159e-12 1.02934e-12 5.18976e-13 2.61658e-13 1.31922e-13 6.65123e-14 3.35338e-14 1.69068e-14 8.52393e-15 4.2975e-15 2.16666e-15 1.09235e-15 5.50723e-16 2.77653e-16 1.39981e-16 7.05724e-17 3.55794e-17 1.79374e-17 9.04317e-18 4.5591e-18 2.29845e-18 1.15875e-18 5.84177e-19 2.94508e-19 1.48473e-19 7.48506e-20 3.77348e-20 1.90234e-20 9.59026e-21 4.83473e-21 2.43732e-21 1.22872e-21 6.19424e-22 3.12265e-22 1.57419e-22 7.93578e-23 4.00056e-23 2.01674e-23 1.01666e-23 5.1251e-24 2.58361e-24 1.30242e-24 6.56554e-25 3.30971e-25 1.66843e-25 8.41056e-26 4.23975e-26 2.13724e-26 1.07737e-26 5.43095e-27 2.73769e-27 1.38004e-27 6.95661e-28 3.50673e-28 1.76769e-28 8.91059e-29 4.49165e-29 2.26415e-29 1.14131e-29 5.75304e-30 2.89996e-30 1.46179e-30 7.36843e-31 3.7142e-31 1.8722e-31 9.43713e-32 4.75692e-32 2.39778e-32 1.20863e-32 6.09219e-33 3.07081e-33 1.54786e-33 7.80204e-34 3.93264e-34 1.98225e-34 9.99151e-35 5.03619e-35 2.53847e-35 1.2795e-35 6.44924e-36 3.25068e-36 1.63847e-36 8.25852e-37 4.1626e-37 2.09809e-37 1.05751e-37 5.33018e-38 2.68657e-38
8.01576e-07 3.81304e-09 1.92261e-09 9.6941e-10 4.8879e-10 2.46454e-10 1.24265e-10 6.26552e-11 3.15911e-11 1.59283e-11 8.03108e-12 4.04927e-12 2.04163e-12 1.02938e-12 5.19005e-13 2.61677e-13 1.31935e-13 6.65196e-14 3.35381e-14 1.69093e-14 8.52534e-15 4.29829e-15 2.16709e-15 1.09259e-15 5.50854e-16 2.77724e-16 1.40019e-16 7.05929e-17 3.55904e-17 1.79433e-17 9.04629e-18 4.56075e-18 2.29933e-18 1.15922e-18 5.8442e-19 2.94635e-19 1.4854e-19 7.48857e-20 3.77532e-20 1.90329e-20 9.59527e-21 4.83734e-21 2.43868e-21 1.22942e-21 6.19791e-22 3.12455e-22 1.57518e-22 7.94089e-23 4.0032e-23 2.0181e-23 1.01737e-23 5.12875e-24 2.58549e-24 1.30339e-24 6.57056e-25 3.3123e-25 1.66976e-25 8.41741e-26 4.24327e-26 2.13905e-26 1.0783e-26 5.43574e-27 2.74015e-27 1.3813e-27 6.9631e-28 3.51006e-28 1.76939e-28 8.91934e-29 4.49614e-29 2.26645e-29 1.14248e-29 5.75907e-30 2.90305e-30 1.46337e-30 7.37653e-31 3.71834e-31 1.87432e-31 9.44796e-32 4.76245e-32 2.40061e-32 1.21007e-32 6.09958e-33 3.07459e-33 1.54979e-33 7.81189e-34 3.93766e-34 1.98481e-34 1.00046e-34 5.04287e-35 2.54188e-35 1.28124e-35 6.45811e-36 3.2552e-36 1.64078e-36 8.27027e-37 4.16859e-37 2.10115e-37 1.05906e-37 5.33811e-38 2.69061e-38 1.35617e-38
4.03277e-07 1.92221e-09 9.69229e-10 4.88708e-10 2.46417e-10 1.24248e-10 6.26482e-11 3.15881e-11 1.59271e-11 8.03064e-12 4.04912e-12 2.04159e-12 1.02938e-12 5.19014e-13 2.61687e-13 1.31942e-13 6.65245e-14 3.35412e-14 1.69112e-14 8.52644e-15 4.29892e-15 2.16745e-15 1.09279e-15 5.50964e-16 2.77785e-16 1.40053e-16 7.06109e-17 3.56001e-17 1.79485e-17 9.04908e-18 4.56224e-18 2.30012e-18 1.15964e-18 5.84642e-19 2.94752e-19 1.48601e-19 7.49181e-20 3.77702e-20 1.90419e-20 9.59993e-21 4.83977e-21 2.43995e-21 1.23008e-21 6.20135e-22 3.12634e-22 1.57611e-22 7.94571e-23 4.0057e-23 2.0194e-23 1.01804e-23 5.13222e-24 2.58729e-24 1.30431e-24 6.57534e-25 3.31476e-25 1.67103e-25 8.42396e-26 4.24665e-26 2.14079e-26 1.0792e-26 5.44034e-27 2.74252e-27 1.38252e-27 6.96934e-28 3.51326e-28 1.77104e-28 8.92779e-29 4.50048e-29 2.26867e-29 1.14362e-29 5.76491e-30 2.90604e-30 1.4649e-30 7.38437e-31 3.72235e-31 1.87638e-31 9.45847e-32 4.76783e-32 2.40336e-32 1.21148e-32 6.10676e-33 3.07826e-33 1.55166e-33 7.82147e-34 3.94256e-34 1.98731e-34 1.00174e-34 5.04939e-35 2.5452e-35 1.28294e-35 6.46676e-36 3.25962e-36 1.64303e-36 8.28175e-37 4.17444e-37 2.10413e-37 1.06058e-37 5.34585e-38 2.69456e-38 1.35818e-38 6.8458e-39
2.02891e-07 9.69011e-10 4.88608e-10 2.46371e-10 1.24228e-10 6.26388e-11 3.1584e-11 1.59254e-11 8.02989e-12 4.04882e-12 2.04148e-12 1.02934e-12 5.19005e-13 2.61687e-13 1.31944e-13 6.65269e-14 3.35431e-14 1.69124e-14 8.52722e-15 4.29939e-15 2.16773e-15 1.09295e-15 5.51055e-16 2.77835e-16 1.40081e-16 7.06264e-17 3.56085e-17 1.79531e-17 9.05155e-18 4.56357e-18 2.30083e-18 1.16001e-18 5.84843e-19 2.94859e-19 1.48658e-19 7.49478e-20 3.77858e-20 1.90501e-20 9.60424e-21 4.84203e-21 2.44113e-21 1.2307e-21 6.20457e-22 3.12802e-22 1.57698e-22 7.95025e-23 4.00806e-23 2.02062e-23 1.01867e-23 5.13551e-24 2.58899e-24 1.30519e-24 6.57989e-25 3.31711e-25 1.67225e-25 8.43022e-26 4.24987e-26 2.14245e-26 1.08005e-26 5.44475e-27 2.74479e-27 1.38369e-27 6.97534e-28 3.51635e-28 1.77262e-28 8.93593e-29 4.50465e-29 2.27081e-29 1.14472e-29 5.77055e-30 2.90893e-30 1.46638e-30 7.39196e-31 3.72624e-31 1.87837e-31 9.46866e-32 4.77304e-32 2.40603e-32 1.21284e-32 6.11374e-33 3.08182e-33 1.55349e-33 7.83079e-34 3.94732e-34 1.98974e-34 1.00298e-34 5.05573e-35 2.54844e-35 1.28459e-35 6.47519e-36 3.26392e-36 1.64522e-36 8.29295e-37 4.18015e-37 2.10704e-37 1.06207e-37 5.35342e-38 2.69842e-38 1.36014e-38 6.85582e-39 3.45567e-39
1.02076e-07 4.88489e-10 2.46316e-10 1.24202e-10 6.26272e-11 3.15788e-11 1.5923e-11 8.02885e-12 4.04837e-12 2.04129e-12 1.02926e-12 5.18976e-13 2.61677e-13 1.31942e-13 6.65269e-14 3.35437e-14 1.6913e-14 8.52769e-15 4.29971e-15 2.16793e-15 1.09307e-15 5.51126e-16 2.77876e-16 1.40104e-16 7.06392e-17 3.56156e-17 1.7957e-17 9.05368e-18 4.56473e-18 2.30146e-18 1.16035e-18 5.85023e-19 2.94955e-19 1.48709e-19 7.49748e-20 3.78001e-20 1.90576e-20 9.60821e-21 4.84412e-21 2.44222e-21 1.23127e-21 6.20757e-22 3.12959e-22 1.5778e-22 7.95451e-23 4.01027e-23 2.02178e-23 1.01927e-23 5.13861e-24 2.5906e-24 1.30603e-24 6.5842e-25 3.31935e-25 1.6734e-25 8.43619e-26 4.25295e-26 2.14404e-26 1.08087e-26 5.44897e-27 2.74696e-27 1.38481e-27 6.9811e-28 3.51931e-28 1.77415e-28 8.94376e-29 4.50867e-29 2.27288e-29 1.14578e-29 5.77599e-30 2.91172e-30 1.46781e-30 7.39929e-31 3.73e-31 1.88029e-31 9.47853e-32 4.77809e-32 2.40861e-32 1.21417e-32 6.12051e-33 3.08529e-33 1.55526e-33 7.83984e-34 3.95195e-34 1.99211e-34 1.00419e-34 5.0619e-35 2.55159e-35 1.2862e-35 6.48341e-36 3.26811e-36 1.64736e-36 8.30387e-37 4.18572e-37 2.10988e-37 1.06352e-37 5.36082e-38 2.70218e-38 1.36206e-38 6.86561e-39 3.46066e-39 1.74437e-39
5.13548e-08 2.46252e-10 1.24172e-10 6.26132e-11 3.15723e-11 1.59201e-11 8.02751e-12 4.04777e-12 2.04102e-12 1.02915e-12 5.18928e-13 2.61658e-13 1.31935e-13 6.65245e-14 3.35431e-14 1.6913e-14 8.52784e-15 4.29986e-15 2.16805e-15 1.09315e-15 5.51176e-16 2.77906e-16 1.40121e-16 7.06495e-17 3.56215e-17 1.79603e-17 9.05549e-18 4.56572e-18 2.302e-18 1.16064e-18 5.85182e-19 2.9504e-19 1.48754e-19 7.49992e-20 3.7813e-20 1.90645e-20 9.61184e-21 4.84603e-21 2.44323e-21 1.2318e-21 6.21035e-22 3.13104e-22 1.57856e-22 7.95849e-23 4.01235e-23 2.02286e-23 1.01983e-23 5.14154e-24 2.59212e-24 1.30682e-24 6.58829e-25 3.32146e-25 1.6745e-25 8.44185e-26 4.25588e-26 2.14556e-26 1.08165e-26 5.453e-27 2.74904e-27 1.38588e-27 6.98662e-28 3.52215e-28 1.77561e-28 8.95127e-29 4.51254e-29 2.27486e-29 1.1468e-29 5.78123e-30 2.91441e-30 1.46919e-30 7.40638e-31 3.73363e-31 1.88215e-31 9.48807e-32 4.78298e-32 2.41112e-32 1.21545e-32 6.12707e-33 3.08865e-33 1.55698e-33 7.84863e-34 3.95644e-34 1.99441e-34 1.00536e-34 5.0679e-35 2.55466e-35 1.28777e-35 6.49141e-36 3.2722e-36 1.64945e-36 8.31452e-37 4.19115e-37 2.11266e-37 1.06493e-37 5.36803e-38 2.70586e-38 1.36394e-38 6.87518e-39 3.46554e-39 1.74685e-39 8.80523e-40
2.58369e-08 1.24137e-10 6.25969e-11 3.15647e-11 1.59165e-11 8.02587e-12 4.04702e-12 2.04068e-12 1.029e-12 5.18861e-13 2.61629e-13 1.31922e-13 6.65196e-14 3.35412e-14 1.69124e-14 8.52769e-15 4.29986e-15 2.16809e-15 1.09319e-15 5.51206e-16 2.77927e-16 1.40134e-16 7.06572e-17 3.5626e-17 1.79629e-17 9.05697e-18 4.56655e-18 2.30246e-18 1.1609e-18 5.85319e-19 2.95115e-19 1.48795e-19 7.50208e-20 3.78246e-20 1.90707e-20 9.61512e-21 4.84777e-21 2.44415e-21 1.23229e-21 6.21291e-22 3.13239e-22 1.57926e-22 7.96218e-23 4.01428e-23 2.02387e-23 1.02036e-23 5.14428e-24 2.59354e-24 1.30756e-24 6.59214e-25 3.32346e-25 1.67553e-25 8.44722e-26 4.25866e-26 2.14699e-26 1.0824e-26 5.45684e-27 2.75102e-27 1.3869e-27 6.9919e-28 3.52487e-28 1.77701e-28 8.95848e-29 4.51625e-29 2.27677e-29 1.14778e-29 5.78627e-30 2.917e-30 1.47052e-30 7.4132e-31 3.73713e-31 1.88395e-31 9.49728e-32 4.78771e-32 2.41354e-32 1.21669e-32 6.13342e-33 3.0919e-33 1.55864e-33 7.85715e-34 3.9608e-34 1.99664e-34 1.0065e-34 5.07373e-35 2.55764e-35 1.28929e-35 6.49919e-36 3.27618e-36 1.65148e-36 8.32489e-37 4.19645e-37 2.11536e-37 1.06631e-37 5.37507e-38 2.70946e-38 1.36577e-38 6.88452e-39 3.4703e-39 1.74928e-39 8.81761e-40 4.44468e-40
1.29987e-08 6.25783e-11 3.15559e-11 1.59124e-11 8.02394e-12 4.04612e-12 2.04027e-12 1.02881e-12 5.18775e-13 2.6159e-13 1.31905e-13 6.65123e-14 3.35381e-14 1.69112e-14 8.52722e-15 4.29971e-15 2.16805e-15 1.09319e-15 5.51216e-16 2.77937e-16 1.40142e-16 7.06624e-17 3.56293e-17 1.79648e-17 9.05812e-18 4.56721e-18 2.30283e-18 1.16111e-18 5.85436e-19 2.95179e-19 1.4883e-19 7.50397e-20 3.78348e-20 1.90761e-20 9.61806e-21 4.84934e-21 2.44498e-21 1.23273e-21 6.21524e-22 3.13362e-22 1.57991e-22 7.96559e-23 4.01607e-23 2.0248e-23 1.02085e-23 5.14684e-24 2.59488e-24 1.30825e-24 6.59576e-25 3.32534e-25 1.67651e-25 8.4523e-26 4.26129e-26 2.14836e-26 1.0831e-26 5.46049e-27 2.75291e-27 1.38787e-27 6.99693e-28 3.52746e-28 1.77835e-28 8.96538e-29 4.5198e-29 2.2786e-29 1.14872e-29 5.79111e-30 2.91949e-30 1.4718e-30 7.41978e-31 3.74051e-31 1.88568e-31 9.50617e-32 4.79227e-32 2.41588e-32 1.21789e-32 6.13957e-33 3.09505e-33 1.56025e-33 7.86541e-34 3.96503e-34 1.9988e-34 1.00761e-34 5.0794e-35 2.56054e-35 1.29077e-35 6.50676e-36 3.28004e-36 1.65346e-36 8.33498e-37 4.2016e-37 2.11799e-37 1.06766e-37 5.38193e-38 2.71296e-38 1.36756e-38 6.89363e-39 3.47495e-39 1.75165e-39 8.8297e-40 4.45085e-40 2.24356e-40
6.53971e-09 3.15459e-11 1.59076e-11 8.0217e-12 4.04507e-12 2.03978e-12 1.02858e-12 5.18669e-13 2.61542e-13 1.31884e-13 6.65025e-14 3.35338e-14 1.69093e-14 8.52644e-15 4.29939e-15 2.16793e-15 1.09315e-15 5.51206e-16 2.77937e-16 1.40144e-16 7.0665e-17 3.56312e-17 1.79661e-17 9.05894e-18 4.56771e-18 2.30312e-18 1.16127e-18 5.85531e-19 2.95232e-19 1.48859e-19 7.5056e-20 3.78437e-20 1.90809e-20 9.62065e-21 4.85073e-21 2.44573e-21 1.23313e-21 6.21735e-22 3.13474e-22 1.5805e-22 7.96871e-23 4.01771e-23 2.02567e-23 1.0213e-23 5.14922e-24 2.59612e-24 1.3089e-24 6.59915e-25 3.32711e-25 1.67743e-25 8.45708e-26 4.26377e-26 2.14964e-26 1.08377e-26 5.46395e-27 2.7547e-27 1.3888e-27 7.00171e-28 3.52994e-28 1.77962e-28 8.97197e-29 4.5232e-29 2.28035e-29 1.14963e-29 5.79576e-30 2.92188e-30 1.47303e-30 7.42609e-31 3.74376e-31 1.88735e-31 9.51474e-32 4.79667e-32 2.41813e-32 1.21904e-32 6.14551e-33 3.09809e-33 1.56181e-33 7.8734e-34 3.96912e-34 2.0009e-34 1.00868e-34 5.08489e-35 2.56335e-35 1.29221e-35 6.51411e-36 3.2838e-36 1.65538e-36 8.3448e-37 4.20662e-37 2.12055e-37 1.06897e-37 5.38861e-38 2.71637e-38 1.3693e-38 6.90252e-39 3.47949e-39 1.75397e-39 8.8415e-40 4.45686e-40 2.24663e-40 1.13248e-40
3.29016e-09 1.59023e-11 8.01918e-12 4.04387e-12 2.03921e-12 1.02831e-12 5.18545e-13 2.61484e-13 1.31857e-13 6.64902e-14 3.35283e-14 1.69068e-14 8.52534e-15 4.29892e-15 2.16773e-15 1.09307e-15 5.51176e-16 2.77927e-16 1.40142e-16 7.0665e-17 3.56319e-17 1.79668e-17 9.05944e-18 4.56804e-18 2.30333e-18 1.1614e-18 5.85605e-19 2.95275e-19 1.48883e-19 7.50695e-20 3.78512e-20 1.90851e-20 9.6229e-21 4.85195e-21 2.44639e-21 1.23348e-21 6.21924e-22 3.13575e-22 1.58104e-22 7.97156e-23 4.01922e-23 2.02646e-23 1.02172e-23 5.15141e-24 2.59727e-24 1.30951e-24 6.60231e-25 3.32876e-25 1.67829e-25 8.46155e-26 4.26611e-26 2.15086e-26 1.0844e-26 5.46722e-27 2.75639e-27 1.38968e-27 7.00626e-28 3.53229e-28 1.78084e-28 8.97824e-29 4.52644e-29 2.28202e-29 1.15049e-29 5.8002e-30 2.92416e-30 1.47421e-30 7.43216e-31 3.74687e-31 1.88896e-31 9.52298e-32 4.8009e-32 2.42031e-32 1.22016e-32 6.15123e-33 3.10103e-33 1.56332e-33 7.88113e-34 3.97308e-34 2.00293e-34 1.00972e-34 5.09021e-35 2.56607e-35 1.2936e-35 6.52124e-36 3.28745e-36 1.65724e-36 8.35433e-37 4.21149e-37 2.12304e-37 1.07024e-37 5.39511e-38 2.71969e-38 1.371e-38 6.91118e-39 3.48391e-39 1.75622e-39 8.85301e-40 4.46274e-40 2.24962e-40 1.13401e-40 5.71641e-41
1.6553e-09 8.01635e-12 4.04252e-12 2.03857e-12 1.02801e-12 5.18401e-13 2.61417e-13 1.31825e-13 6.64755e-14 3.35215e-14 1.69037e-14 8.52393e-15 4.29829e-15 2.16745e-15 1.09295e-15 5.51126e-16 2.77906e-16 1.40134e-16 7.06624e-17 3.56312e-17 1.79668e-17 9.0596e-18 4.56821e-18 2.30346e-18 1.16148e-18 5.85658e-19 2.95307e-19 1.48902e-19 7.50803e-20 3.78573e-20 1.90885e-20 9.6248e-21 4.853e-21 2.44696e-21 1.23379e-21 6.22091e-22 3.13664e-22 1.58152e-22 7.97411e-23 4.02058e-23 2.02718e-23 1.0221e-23 5.15342e-24 2.59833e-24 1.31006e-24 6.60523e-25 3.33029e-25 1.67909e-25 8.46574e-26 4.26829e-26 2.15199e-26 1.08499e-26 5.47029e-27 2.75799e-27 1.39051e-27 7.01056e-28 3.53452e-28 1.78199e-28 8.98421e-29 4.52952e-29 2.28362e-29 1.15131e-29 5.80444e-30 2.92635e-30 1.47534e-30 7.43796e-31 3.74986e-31 1.89049e-31 9.5309e-32 4.80497e-32 2.4224e-32 1.22124e-32 6.15675e-33 3.10386e-33 1.56477e-33 7.88858e-34 3.9769e-34 2.00489e-34 1.01072e-34 5.09535e-35 2.56871e-35 1.29495e-35 6.52815e-36 3.29098e-36 1.65905e-36 8.36359e-37 4.21623e-37 2.12547e-37 1.07148e-37 5.40144e-38 2.72292e-38 1.37265e-38 6.91961e-39 3.48821e-39 1.75842e-39 8.86423e-40 4.46846e-40 2.25255e-40 1.1355e-40 5.72402e-41 2.88544e-41
8.32791e-10 4.04102e-12 2.03785e-12 1.02767e-12 5.18238e-13 2.61339e-13 1.31789e-13 6.64584e-14 3.35135e-14 1.69e-14 8.52221e-15 4.2975e-15 2.16709e-15 1.09279e-15 5.51055e-16 2.77876e-16 1.40121e-16 7.06572e-17 3.56293e-17 1.79661e-17 9.05944e-18 4.56821e-18 2.3035e-18 1.16153e-18 5.8569e-19 2.95328e-19 1.48915e-19 7.50884e-20 3.78621e-20 1.90912e-20 9.62635e-21 4.85387e-21 2.44744e-21 1.23405e-21 6.22236e-22 3.13743e-22 1.58194e-22 7.97639e-23 4.02179e-23 2.02783e-23 1.02245e-23 5.15525e-24 2.5993e-24 1.31057e-24 6.60792e-25 3.3317e-25 1.67983e-25 8.46962e-26 4.27032e-26 2.15305e-26 1.08555e-26 5.47318e-27 2.75949e-27 1.39129e-27 7.01461e-28 3.53662e-28 1.78308e-28 8.98986e-29 4.53245e-29 2.28513e-29 1.15209e-29 5.80848e-30 2.92844e-30 1.47641e-30 7.44352e-31 3.75273e-31 1.89197e-31 9.53848e-32 4.80887e-32 2.42441e-32 1.22227e-32 6.16206e-33 3.10659e-33 1.56617e-33 7.89577e-34 3.98059e-34 2.00678e-34 1.01169e-34 5.10033e-35 2.57126e-35 1.29626e-35 6.53484e-36 3.29441e-36 1.66081e-36 8.37257e-37 4.22082e-37 2.12781e-37 1.07268e-37 5.40758e-38 2.72606e-38 1.37425e-38 6.92781e-39 3.4924e-39 1.76056e-39 8.87516e-40 4.47404e-40 2.25539e-40 1.13696e-40 5.73143e-41 2.88923e-41 1.45646e-41
4.18982e-10 2.03706e-12 1.02729e-12 5.18056e-13 2.61253e-13 1.31747e-13 6.64388e-14 3.35042e-14 1.68957e-14 8.52018e-15 4.29656e-15 2.16666e-15 1.09259e-15 5.50964e-16 2.77835e-16 1.40104e-16 7.06495e-17 3.5626e-17 1.79648e-17 9.05894e-18 4.56804e-18 2.30346e-18 1.16153e-18 5.857e-19 2.95339e-19 1.48923e-19 7.50938e-20 3.78655e-20 1.90933e-20 9.62756e-21 4.85456e-21 2.44783e-21 1.23428e-21 6.22358e-22 3.1381e-22 1.58231e-22 7.97838e-23 4.02287e-23 2.02841e-23 1.02276e-23 5.1569e-24 2.60018e-24 1.31104e-24 6.61037e-25 3.333e-25 1.68051e-25 8.47321e-26 4.2722e-26 2.15404e-26 1.08606e-26 5.47587e-27 2.7609e-27 1.39202e-27 7.01842e-28 3.5386e-28 1.78411e-28 8.9952e-29 4.53522e-29 2.28656e-29 1.15284e-29 5.81232e-30 2.93042e-30 1.47744e-30 7.44881e-31 3.75546e-31 1.89338e-31 9.54575e-32 4.81261e-32 2.42633e-32 1.22326e-32 6.16716e-33 3.10921e-33 1.56752e-33 7.90269e-34 3.98415e-34 2.0086e-34 1.01263e-34 5.10513e-35 2.57372e-35 1.29752e-35 6.54132e-36 3.29773e-36 1.66251e-36 8.38127e-37 4.22527e-37 2.13009e-37 1.07384e-37 5.41355e-38 2.72911e-38 1.37581e-38 6.93578e-39 3.49648e-39 1.76264e-39 8.8858e-40 4.47947e-40 2.25817e-40 1.13837e-40 5.73866e-41 2.89292e-41 1.45834e-41 7.3516e-42
2.10792e-10 1.02687e-12 5.17855e-13 2.61156e-13 1.31701e-13 6.64168e-14 3.34937e-14 1.68907e-14 8.51783e-15 4.29545e-15 2.16614e-15 1.09235e-15 5.50854e-16 2.77785e-16 1.40081e-16 7.06392e-17 3.56215e-17 1.79629e-17 9.05812e-18 4.56771e-18 2.30333e-18 1.16148e-18 5.8569e-19 2.95339e-19 1.48926e-19 7.50965e-20 3.78675e-20 1.90947e-20 9.62843e-21 4.85509e-21 2.44814e-21 1.23445e-21 6.22458e-22 3.13866e-22 1.58262e-22 7.98009e-23 4.0238e-23 2.02891e-23 1.02303e-23 5.15837e-24 2.60096e-24 1.31146e-24 6.6126e-25 3.33418e-25 1.68114e-25 8.4765e-26 4.27393e-26 2.15495e-26 1.08654e-26 5.47837e-27 2.76221e-27 1.3927e-27 7.02199e-28 3.54046e-28 1.78508e-28 9.00023e-29 4.53783e-29 2.28792e-29 1.15354e-29 5.81596e-30 2.93231e-30 1.47841e-30 7.45385e-31 3.75806e-31 1.89472e-31 9.55268e-32 4.81619e-32 2.42818e-32 1.22421e-32 6.17205e-33 3.11172e-33 1.56881e-33 7.90935e-34 3.98757e-34 2.01036e-34 1.01353e-34 5.10976e-35 2.5761e-35 1.29874e-35 6.54757e-36 3.30093e-36 1.66415e-36 8.38968e-37 4.22959e-37 2.1323e-37 1.07497e-37 5.41933e-38 2.73207e-38 1.37733e-38 6.94353e-39 3.50043e-39 1.76467e-39 8.89614e-40 4.48476e-40 2.26087e-40 1.13975e-40 5.7457e-41 2.89651e-41 1.46018e-41 7.36096e-42 3.71076e-42
1.06051e-10 5.17635e-13 2.6105e-13 1.3165e-13 6.63923e-14 3.3482e-14 1.68851e-14 8.51518e-15 4.29419e-15 2.16555e-15 1.09207e-15 5.50723e-16 2.77724e-16 1.40053e-16 7.06264e-17 3.56156e-17 1.79603e-17 9.05697e-18 4.56721e-18 2.30312e-18 1.1614e-18 5.85658e-19 2.95328e-19 1.48923e-19 7.50965e-20 3.78682e-20 1.90954e-20 9.62895e-21 4.85543e-21 2.44836e-21 1.23458e-21 6.22536e-22 3.13911e-22 1.58288e-22 7.98151e-23 4.02459e-23 2.02935e-23 1.02327e-23 5.15965e-24 2.60165e-24 1.31183e-24 6.61459e-25 3.33524e-25 1.6817e-25 8.47949e-26 4.27551e-26 2.15578e-26 1.08698e-26 5.48068e-27 2.76342e-27 1.39334e-27 7.02531e-28 3.54219e-28 1.78598e-28 9.00494e-29 4.54028e-29 2.2892e-29 1.1542e-29 5.8194e-30 2.93409e-30 1.47934e-30 7.45863e-31 3.76053e-31 1.896e-31 9.55929e-32 4.8196e-32 2.42994e-32 1.22512e-32 6.17672e-33 3.11413e-33 1.57006e-33 7.91573e-34 3.99085e-34 2.01205e-34 1.0144e-34 5.11422e-35 2.57839e-35 1.29991e-35 6.5536e-36 3.30403e-36 1.66573e-36 8.39782e-37 4.23376e-37 2.13444e-37 1.07607e-37 5.42493e-38 2.73494e-38 1.37879e-38 6.95104e-39 3.50428e-39 1.76663e-39 8.90619e-40 4.4899e-40 2.26349e-40 1.14109e-40 5.75256e-41 2.90001e-41 1.46197e-41 7.37009e-42 3.71541e-42 1.87301e-42
5.33547e-11 2.60934e-13 1.31594e-13 6.63654e-14 3.34691e-14 1.68789e-14 8.51221e-15 4.29278e-15 2.16487e-15 1.09175e-15 5.50572e-16 2.77653e-16 1.40019e-16 7.06109e-17 3.56085e-17 1.7957e-17 9.05549e-18 4.56655e-18 2.30283e-18 1.16127e-18 5.85605e-19 2.95307e-19 1.48915e-19 7.50938e-20 3.78675e-20 1.90954e-20 9.62912e-21 4.85561e-21 2.44849e-21 1.23467e-21 6.22592e-22 3.13945e-22 1.58307e-22 7.98265e-23 4.02523e-23 2.02971e-23 1.02347e-23 5.16075e-24 2.60225e-24 1.31215e-24 6.61634e-25 3.33618e-25 1.68221e-25 8.48218e-26 4.27695e-26 2.15654e-26 1.08738e-26 5.4828e-27 2.76453e-27 1.39392e-27 7.02838e-28 3.5438e-28 1.78683e-28 9.00934e-29 4.54258e-29 2.29039e-29 1.15482e-29 5.82264e-30 2.93577e-30 1.48021e-30 7.46316e-31 3.76288e-31 1.89721e-31 9.56556e-32 4.82285e-32 2.43161e-32 1.22598e-32 6.18119e-33 3.11644e-33 1.57124e-33 7.92184e-34 3.994e-34 2.01367e-34 1.01523e-34 5.11851e-35 2.58059e-35 1.30105e-35 6.55941e-36 3.30701e-36 1.66727e-36 8.40568e-37 4.23778e-37 2.1365e-37 1.07713e-37 5.43036e-38 2.73772e-38 1.38022e-38 6.95832e-39 3.508e-39 1.76854e-39 8.91594e-40 4.49488e-40 2.26604e-40 1.1424e-40 5.75922e-41 2.90342e-41 1.4637e-41 7.37898e-42 3.71995e-42 1.87533e-42 9.454e-43
2.6843e-11 1.31534e-13 6.63361e-14 3.34549e-14 1.68721e-14 8.50892e-15 4.2912e-15 2.16412e-15 1.09139e-15 5.50401e-16 2.77572e-16 1.39981e-16 7.05929e-17 3.56001e-17 1.79531e-17 9.05368e-18 4.56572e-18 2.30246e-18 1.16111e-18 5.85531e-19 2.95275e-19 1.48902e-19 7.50884e-20 3.78655e-20 1.90947e-20 9.62895e-21 4.85561e-21 2.44854e-21 1.23472e-21 6.22625e-22 3.13967e-22 1.58321e-22 7.9835e-23 4.02573e-23 2.03e-23 1.02363e-23 5.16166e-24 2.60276e-24 1.31243e-24 6.61786e-25 3.33701e-25 1.68265e-25 8.48457e-26 4.27823e-26 2.15723e-26 1.08774e-26 5.48472e-27 2.76555e-27 1.39446e-27 7.03121e-28 3.54529e-28 1.78761e-28 9.01343e-29 4.54471e-29 2.29151e-29 1.15541e-29 5.82568e-30 2.93735e-30 1.48103e-30 7.46743e-31 3.76509e-31 1.89836e-31 9.57151e-32 4.82593e-32 2.43321e-32 1.22681e-32 6.18544e-33 3.11863e-33 1.57238e-33 7.92769e-34 3.99701e-34 2.01522e-34 1.01603e-34 5.12262e-35 2.5827e-35 1.30213e-35 6.565e-36 3.30988e-36 1.66874e-36 8.41325e-37 4.24167e-37 2.1385e-37 1.07815e-37 5.4356e-38 2.7404e-38 1.38159e-38 6.96537e-39 3.51162e-39 1.77039e-39 8.9254e-40 4.49972e-40 2.26852e-40 1.14366e-40 5.7657e-41 2.90673e-41 1.4654e-41 7.38762e-42 3.72437e-42 1.87758e-42 9.46552e-43 4.77187e-43
1.35049e-11 6.63043e-14 3.34395e-14 1.68646e-14 8.50533e-15 4.28947e-15 2.16329e-15 1.09099e-15 5.5021e-16 2.7748e-16 1.39938e-16 7.05724e-17 3.55904e-17 1.79485e-17 9.05155e-18 4.56473e-18 2.302e-18 1.1609e-18 5.85436e-19 2.95232e-19 1.48883e-19 7.50803e-20 3.78621e-20 1.90933e-20 9.62843e-21 4.85543e-21 2.44849e-21 1.23472e-21 6.22636e-22 3.13978e-22 1.5833e-22 7.98407e-23 4.02609e-23 2.03021e-23 1.02376e-23 5.16239e-24 2.60317e-24 1.31266e-24 6.61915e-25 3.33771e-25 1.68304e-25 8.48666e-26 4.27936e-26 2.15783e-26 1.08807e-26 5.48646e-27 2.76647e-27 1.39495e-27 7.03379e-28 3.54665e-28 1.78832e-28 9.0172e-29 4.5467e-29 2.29255e-29 1.15595e-29 5.82851e-30 2.93883e-30 1.4818e-30 7.47144e-31 3.76718e-31 1.89945e-31 9.57714e-32 4.82884e-32 2.43472e-32 1.22759e-32 6.18949e-33 3.12072e-33 1.57346e-33 7.93327e-34 3.99989e-34 2.0167e-34 1.0168e-34 5.12656e-35 2.58473e-35 1.30318e-35 6.57037e-36 3.31264e-36 1.67016e-36 8.42054e-37 4.24541e-37 2.14042e-37 1.07914e-37 5.44066e-38 2.743e-38 1.38292e-38 6.97219e-39 3.51511e-39 1.77218e-39 8.93457e-40 4.50442e-40 2.27092e-40 1.14489e-40 5.77198e-41 2.90994e-41 1.46704e-41 7.39602e-42 3.72866e-42 1.87978e-42 9.47673e-43 4.77759e-43 2.40856e-43
6.79438e-12 3.34229e-14 1.68566e-14 8.50142e-15 4.28758e-15 2.16237e-15 1.09055e-15 5.49998e-16 2.77379e-16 1.39889e-16 7.05492e-17 3.55794e-17 1.79433e-17 9.04908e-18 4.56357e-18 2.30146e-18 1.16064e-18 5.85319e-19 2.95179e-19 1.48859e-19 7.50695e-20 3.78573e-20 1.90912e-20 9.62756e-21 4.85509e-21 2.44836e-21 1.23467e-21 6.22625e-22 3.13978e-22 1.58333e-22 7.98435e-23 4.02631e-23 2.03036e-23 1.02385e-23 5.16294e-24 2.6035e-24 1.31285e-24 6.6202e-25 3.3383e-25 1.68336e-25 8.48846e-26 4.28034e-26 2.15837e-26 1.08835e-26 5.488e-27 2.7673e-27 1.39539e-27 7.03613e-28 3.54789e-28 1.78898e-28 9.02066e-29 4.54852e-29 2.2935e-29 1.15645e-29 5.83114e-30 2.94021e-30 1.48252e-30 7.47519e-31 3.76913e-31 1.90046e-31 9.58243e-32 4.83159e-32 2.43614e-32 1.22833e-32 6.19332e-33 3.12271e-33 1.57448e-33 7.93857e-34 4.00263e-34 2.01812e-34 1.01753e-34 5.13033e-35 2.58667e-35 1.30418e-35 6.57552e-36 3.31529e-36 1.67152e-36 8.42755e-37 4.24902e-37 2.14227e-37 1.08009e-37 5.44554e-38 2.7455e-38 1.38421e-38 6.97878e-39 3.51849e-39 1.77391e-39 8.94344e-40 4.50896e-40 2.27325e-40 1.14608e-40 5.77808e-41 2.91306e-41 1.46864e-41 7.40418e-42 3.73284e-42 1.88191e-42 9.48763e-43 4.78316e-43 2.41141e-43 1.2157e-43
3.41829e-12 1.68479e-14 8.49721e-15 4.28553e-15 2.16138e-15 1.09007e-15 5.49767e-16 2.77268e-16 1.39836e-16 7.05235e-17 3.55671e-17 1.79374e-17 9.04629e-18 4.56224e-18 2.30083e-18 1.16035e-18 5.85182e-19 2.95115e-19 1.4883e-19 7.5056e-20 3.78512e-20 1.90885e-20 9.62635e-21 4.85456e-21 2.44814e-21 1.23458e-21 6.22592e-22 3.13967e-22 1.5833e-22 7.98435e-23 4.02638e-23 2.03043e-23 1.0239e-23 5.16331e-24 2.60373e-24 1.31299e-24 6.62102e-25 3.33877e-25 1.68363e-25 8.48996e-26 4.28116e-26 2.15882e-26 1.0886e-26 5.48935e-27 2.76802e-27 1.39578e-27 7.03823e-28 3.54901e-28 1.78957e-28 9.02381e-29 4.55018e-29 2.29438e-29 1.15691e-29 5.83357e-30 2.94148e-30 1.48319e-30 7.47868e-31 3.77096e-31 1.90142e-31 9.58739e-32 4.83417e-32 2.43749e-32 1.22902e-32 6.19694e-33 3.12459e-33 1.57545e-33 7.94361e-34 4.00523e-34 2.01947e-34 1.01822e-34 5.13392e-35 2.58853e-35 1.30513e-35 6.58045e-36 3.31783e-36 1.67283e-36 8.43427e-37 4.25248e-37 2.14405e-37 1.081e-37 5.45023e-38 2.74791e-38 1.38545e-38 6.98513e-39 3.52175e-39 1.77558e-39 8.95201e-40 4.51335e-40 2.2755e-40 1.14724e-40 5.78398e-41 2.91608e-41 1.47018e-41 7.4121e-42 3.73689e-42 1.88398e-42 9.49822e-43 4.78858e-43 2.41418e-43 1.21711e-43 6.13607e-44
1.71976e-12 8.49268e-15 4.28333e-15 2.16031e-15 1.08956e-15 5.49516e-16 2.77146e-16 1.39777e-16 7.04952e-17 3.55535e-17 1.79309e-17 9.04317e-18 4.56075e-18 2.30012e-18 1.16001e-18 5.85023e-19 2.9504e-19 1.48795e-19 7.50397e-20 3.78437e-20 1.90851e-20 9.6248e-21 4.85387e-21 2.44783e-21 1.23445e-21 6.22536e-22 3.13945e-22 1.58321e-22 7.98407e-23 4.02631e-23 2.03043e-23 1.02392e-23 5.16349e-24 2.60387e-24 1.31308e-24 6.62161e-25 3.33913e-25 1.68384e-25 8.49115e-26 4.28184e-26 2.1592e-26 1.08881e-26 5.4905e-27 2.76865e-27 1.39612e-27 7.04007e-28 3.55e-28 1.7901e-28 9.02664e-29 4.55169e-29 2.29518e-29 1.15734e-29 5.8358e-30 2.94266e-30 1.48381e-30 7.48192e-31 3.77266e-31 1.9023e-31 9.59202e-32 4.83659e-32 2.43875e-32 1.22968e-32 6.20035e-33 3.12636e-33 1.57637e-33 7.94837e-34 4.0077e-34 2.02074e-34 1.01889e-34 5.13734e-35 2.59029e-35 1.30604e-35 6.58515e-36 3.32026e-36 1.67408e-36 8.44071e-37 4.25579e-37 2.14575e-37 1.08188e-37 5.45475e-38 2.75024e-38 1.38664e-38 6.99126e-39 3.52489e-39 1.77719e-39 8.96028e-40 4.5176e-40 2.27768e-40 1.14835e-40 5.7897e-41 2.91901e-41 1.47168e-41 7.41978e-42 3.74081e-42 1.88599e-42 9.5085e-43 4.79384e-43 2.41687e-43 1.21849e-43 6.14309e-44 3.09708e-44
8.65222e-13 4.28097e-15 2.15916e-15 1.089e-15 5.49244e-16 2.77014e-16 1.39713e-16 7.04644e-17 3.55386e-17 1.79237e-17 9.03972e-18 4.5591e-18 2.29933e-18 1.15964e-18 5.84843e-19 2.94955e-19 1.48754e-19 7.50208e-20 3.78348e-20 1.90809e-20 9.6229e-21 4.853e-21 2.44744e-21 1.23428e-21 6.22458e-22 3.13911e-22 1.58307e-22 7.9835e-23 4.02609e-23 2.03036e-23 1.0239e-23 5.16349e-24 2.60391e-24 1.31313e-24 6.62196e-25 3.33936e-25 1.68399e-25 8.49205e-26 4.28237e-26 2.1595e-26 1.08899e-26 5.49146e-27 2.76919e-27 1.39642e-27 7.04167e-28 3.55087e-28 1.79057e-28 9.02916e-29 4.55304e-29 2.2959e-29 1.15772e-29 5.83783e-30 2.94373e-30 1.48437e-30 7.4849e-31 3.77422e-31 1.90312e-31 9.59633e-32 4.83884e-32 2.43992e-32 1.23029e-32 6.20355e-33 3.12802e-33 1.57724e-33 7.95287e-34 4.01004e-34 2.02195e-34 1.01951e-34 5.14058e-35 2.59197e-35 1.30691e-35 6.58963e-36 3.32257e-36 1.67527e-36 8.44687e-37 4.25897e-37 2.14739e-37 1.08272e-37 5.45908e-38 2.75246e-38 1.38778e-38 6.99715e-39 3.52792e-39 1.77875e-39 8.96826e-40 4.52169e-40 2.27978e-40 1.14943e-40 5.79522e-41 2.92184e-41 1.47313e-41 7.42721e-42 3.74462e-42 1.88794e-42 9.51848e-43 4.79894e-43 2.41948e-43 1.21982e-43 6.14992e-44 3.10057e-44 1.56319e-44
