0.795985 0.00574812 0.0050296 0.0044009 0.00385079 0.00336944 0.00294826 0.00257973 0.00225726 0.0019751 0.00172822 0.00151219 0.00132317 0.00115777 0.00101305 0.000886417 0.000775615 0.000678663 0.00059383 0.000519602 0.000454651 0.00039782 0.000348092 0.000304581 0.000266508 0.000233195 0.000204045 0.00017854 0.000156222 0.000136694 0.000119608 0.000104657 9.15746e-05 8.01278e-05 7.01118e-05 6.13478e-05 5.36794e-05 4.69694e-05 4.10983e-05 3.5961e-05 3.14659e-05 2.75326e-05 2.4091e-05 2.10797e-05 1.84447e-05 1.61391e-05 1.41217e-05 1.23565e-05 1.0812e-05 9.46046e-06 8.2779e-06 7.24316e-06 6.33777e-06 5.54555e-06 4.85235e-06 4.24581e-06 3.71508e-06 3.2507e-06 2.84436e-06 2.48882e-06 2.17771e-06 1.9055e-06 1.66731e-06 1.4589e-06 1.27654e-06 1.11697e-06 9.77347e-07 8.55179e-07 7.48282e-07 6.54746e-07 5.72903e-07 5.0129e-07 4.38629e-07 3.838e-07 3.35825e-07 2.93847e-07 2.57116e-07 2.24977e-07 1.96855e-07 1.72248e-07 1.50717e-07 1.31877e-07 1.15393e-07 1.00968e-07 8.83474e-08 7.7304e-08 6.7641e-08 5.91859e-08 5.17876e-08 4.53142e-08 3.96499e-08 3.46937e-08 3.0357e-08 2.65623e-08 2.32421e-08 2.03368e-08 1.77947e-08 1.55704e-08 1.36241e-08 1.19211e-08 1.04309e-08
0.00574812 0.000908376 0.000818561 0.000737007 0.000663052 0.000596069 0.000535472 0.000480711 0.000431273 0.000386684 0.000346503 0.000310325 0.000277778 0.000248519 0.000222234 0.000198638 0.000177468 0.000158487 0.000141478 0.000126245 0.00011261 0.000100411 8.95017e-05 7.97512e-05 7.10399e-05 6.32602e-05 5.63155e-05 5.01185e-05 4.45909e-05 3.9662e-05 3.52686e-05 3.13539e-05 2.78668e-05 2.47615e-05 2.19971e-05 1.9537e-05 1.73481e-05 1.54013e-05 1.367e-05 1.2131e-05 1.07631e-05 9.54759e-06 8.46782e-06 7.50881e-06 6.65724e-06 5.90124e-06 5.23022e-06 4.63475e-06 4.10642e-06 3.63776e-06 3.2221e-06 2.85351e-06 2.52673e-06 2.23706e-06 1.98032e-06 1.75281e-06 1.55124e-06 1.37268e-06 1.21451e-06 1.07444e-06 9.50413e-07 8.40603e-07 7.43395e-07 6.57354e-07 5.81208e-07 5.13828e-07 4.54211e-07 4.0147e-07 3.54817e-07 3.13554e-07 2.77063e-07 2.44796e-07 2.16266e-07 1.91044e-07 1.68748e-07 1.49041e-07 1.31624e-07 1.16233e-07 1.02632e-07 9.06162e-08 8.00003e-08 7.06226e-08 6.23392e-08 5.50233e-08 4.85622e-08 4.28567e-08 3.78188e-08 3.33707e-08 2.94437e-08 2.59771e-08 2.2917e-08 2.02161e-08 1.78323e-08 1.57286e-08 1.38722e-08 1.22342e-08 1.07889e-08 9.51372e-09 8.38879e-09 7.39644e-09 6.52111e-09
0.0050296 0.000818561 0.000740758 0.000669713 0.000604941 0.000545972 0.00049236 0.000443677 0.000399521 0.000359517 0.000323309 0.000290569 0.000260993 0.000234296 0.000210217 0.000188518 0.000168975 0.000151388 0.000135571 0.000121354 0.000108583 9.71176e-05 8.68297e-05 7.7603e-05 6.93323e-05 6.19219e-05 5.52853e-05 4.93443e-05 4.40282e-05 3.92731e-05 3.50216e-05 3.12216e-05 2.78264e-05 2.4794e-05 2.20865e-05 1.96698e-05 1.75134e-05 1.55897e-05 1.38743e-05 1.23449e-05 1.09818e-05 9.76719e-06 8.68518e-06 7.72153e-06 6.86349e-06 6.09968e-06 5.41989e-06 4.81501e-06 4.27691e-06 3.79831e-06 3.37272e-06 2.99434e-06 2.658e-06 2.35907e-06 2.09346e-06 1.85748e-06 1.64787e-06 1.46172e-06 1.29641e-06 1.14965e-06 1.01937e-06 9.03742e-07 8.01129e-07 7.10081e-07 6.29305e-07 5.57653e-07 4.94104e-07 4.37747e-07 3.87775e-07 3.43472e-07 3.04198e-07 2.69387e-07 2.38535e-07 2.11196e-07 1.86972e-07 1.6551e-07 1.46498e-07 1.29658e-07 1.14744e-07 1.01536e-07 8.98401e-08 7.94849e-08 7.03173e-08 6.22019e-08 5.50186e-08 4.86609e-08 4.30345e-08 3.80557e-08 3.36504e-08 2.97527e-08 2.63046e-08 2.32544e-08 2.05564e-08 1.81701e-08 1.60598e-08 1.41935e-08 1.25433e-08 1.10842e-08 9.79424e-09 8.65382e-09 7.64569e-09
0.0044009 0.000737007 0.000669713 0.000607913 0.000551264 0.000499421 0.000452052 0.000408833 0.000369452 0.000333613 0.000301037 0.000271457 0.000244626 0.000220311 0.000198297 0.000178383 0.000160383 0.000144126 0.000129453 0.000116219 0.000104292 9.35476e-05 8.38754e-05 7.51732e-05 6.73478e-05 6.03147e-05 5.39967e-05 4.83238e-05 4.32325e-05 3.86652e-05 3.45696e-05 3.08985e-05 2.76092e-05 2.46631e-05 2.20253e-05 1.96644e-05 1.75521e-05 1.56627e-05 1.39734e-05 1.24633e-05 1.11139e-05 9.90831e-06 8.83162e-06 7.87028e-06 7.01213e-06 6.24631e-06 5.56304e-06 4.95357e-06 4.41006e-06 3.92547e-06 3.49352e-06 3.10856e-06 2.76556e-06 2.46e-06 2.18785e-06 1.94551e-06 1.72974e-06 1.53768e-06 1.36674e-06 1.21463e-06 1.07929e-06 9.58908e-07 8.51836e-07 7.5662e-07 6.71961e-07 5.96699e-07 5.29801e-07 4.70347e-07 4.17514e-07 3.70573e-07 3.28872e-07 2.91831e-07 2.58933e-07 2.29719e-07 2.0378e-07 1.80751e-07 1.60307e-07 1.42162e-07 1.26058e-07 1.11768e-07 9.90879e-08 8.78383e-08 7.78587e-08 6.90066e-08 6.11556e-08 5.4193e-08 4.8019e-08 4.25447e-08 3.76914e-08 3.3389e-08 2.95753e-08 2.61951e-08 2.31995e-08 2.05448e-08 1.81925e-08 1.61083e-08 1.42619e-08 1.26261e-08 1.11772e-08 9.89389e-09 8.75729e-09
0.00385079 0.000663052 0.000604941 0.000551264 0.000501787 0.000456273 0.000414477 0.00037616 0.000341086 0.000309025 0.000279759 0.000253075 0.000228775 0.000206669 0.000186579 0.00016834 0.000151794 0.000136799 0.000123219 0.000110931 9.9819e-05 8.9778e-05 8.07106e-05 7.25275e-05 6.51469e-05 5.84938e-05 5.24997e-05 4.71023e-05 4.22446e-05 3.78746e-05 3.39453e-05 3.04137e-05 2.72409e-05 2.43917e-05 2.18341e-05 1.9539e-05 1.74803e-05 1.56343e-05 1.39796e-05 1.24969e-05 1.11686e-05 9.97917e-06 8.9143e-06 7.96126e-06 7.10853e-06 6.34577e-06 5.66367e-06 5.05386e-06 4.5088e-06 4.02174e-06 3.58662e-06 3.19798e-06 2.85094e-06 2.54111e-06 2.26456e-06 2.01777e-06 1.79758e-06 1.60115e-06 1.42597e-06 1.26976e-06 1.13049e-06 1.00634e-06 8.957e-07 7.97111e-07 7.09274e-07 6.31031e-07 5.61344e-07 4.99288e-07 4.44034e-07 3.94846e-07 3.51063e-07 3.12098e-07 2.77424e-07 2.46574e-07 2.19129e-07 1.94717e-07 1.73005e-07 1.53698e-07 1.36531e-07 1.21268e-07 1.07701e-07 9.56419e-08 8.49245e-08 7.54006e-08 6.69384e-08 5.94202e-08 5.27415e-08 4.68092e-08 4.15404e-08 3.68613e-08 3.27065e-08 2.90174e-08 2.57423e-08 2.28349e-08 2.02542e-08 1.79637e-08 1.59309e-08 1.41271e-08 1.25265e-08 1.11064e-08 9.84659e-09
0.00336944 0.000596069 0.000545972 0.000499421 0.000456273 0.000416368 0.000379539 0.000345614 0.000314418 0.000285778 0.000259523 0.000235488 0.000213514 0.000193449 0.000175147 0.000158471 0.000143293 0.000129489 0.000116948 0.000105563 9.52359e-05 8.58754e-05 7.73971e-05 6.97232e-05 6.27819e-05 5.65071e-05 5.08382e-05 4.57196e-05 4.11004e-05 3.69341e-05 3.31781e-05 2.97936e-05 2.67453e-05 2.4001e-05 2.15315e-05 1.93101e-05 1.73127e-05 1.55175e-05 1.39045e-05 1.24558e-05 1.1155e-05 9.98756e-06 8.94003e-06 8.00042e-06 7.15786e-06 6.40256e-06 5.72567e-06 5.11922e-06 4.57602e-06 4.08961e-06 3.65416e-06 3.26443e-06 2.9157e-06 2.60373e-06 2.32471e-06 2.07521e-06 1.85216e-06 1.65281e-06 1.47466e-06 1.31549e-06 1.17331e-06 1.04634e-06 9.32959e-07 8.31738e-07 7.41389e-07 6.60758e-07 5.88811e-07 5.24625e-07 4.67372e-07 4.1631e-07 3.70778e-07 3.30183e-07 2.93995e-07 2.6174e-07 2.32995e-07 2.07382e-07 1.84563e-07 1.64236e-07 1.4613e-07 1.30006e-07 1.15648e-07 1.02865e-07 9.14847e-08 8.1355e-08 7.23395e-08 6.43164e-08 5.71774e-08 5.08258e-08 4.51754e-08 4.01493e-08 3.5679e-08 3.17035e-08 2.81684e-08 2.50252e-08 2.22308e-08 1.97467e-08 1.75386e-08 1.55762e-08 1.38321e-08 1.22823e-08 1.09053e-08
0.00294826 0.000535472 0.00049236 0.000452052 0.000414477 0.000379539 0.000347131 0.000317134 0.000289424 0.000263874 0.000240353 0.000218736 0.000198895 0.000180711 0.000164065 0.000148846 0.000134946 0.000122264 0.000110705 0.000100179 9.0602e-05 8.18959e-05 7.39876e-05 6.68094e-05 6.02984e-05 5.43966e-05 4.90505e-05 4.42108e-05 3.9832e-05 3.58725e-05 3.22941e-05 2.90617e-05 2.61434e-05 2.351e-05 2.11346e-05 1.8993e-05 1.70629e-05 1.53243e-05 1.37587e-05 1.23494e-05 1.10814e-05 9.94079e-06 8.91522e-06 7.99339e-06 7.16506e-06 6.42098e-06 5.75279e-06 5.15294e-06 4.61457e-06 4.13154e-06 3.69826e-06 3.30973e-06 2.9614e-06 2.64919e-06 2.36943e-06 2.11881e-06 1.89433e-06 1.69333e-06 1.51338e-06 1.35232e-06 1.20819e-06 1.07924e-06 9.63888e-07 8.60728e-07 7.68487e-07 6.86024e-07 6.12317e-07 5.46447e-07 4.87591e-07 4.35012e-07 3.88047e-07 3.46105e-07 3.08654e-07 2.75219e-07 2.45374e-07 2.18737e-07 1.94966e-07 1.73758e-07 1.54837e-07 1.3796e-07 1.22908e-07 1.09486e-07 9.75179e-08 8.68486e-08 7.7338e-08 6.88613e-08 6.13072e-08 5.4576e-08 4.85788e-08 4.32362e-08 3.84773e-08 3.42388e-08 3.04642e-08 2.71031e-08 2.41105e-08 2.14464e-08 1.90749e-08 1.69641e-08 1.50855e-08 1.34137e-08 1.19262e-08
0.00257973 0.000480711 0.000443677 0.000408833 0.00037616 0.000345614 0.000317134 0.000290646 0.000266065 0.000243301 0.000222258 0.000202842 0.000184954 0.000168498 0.000153382 0.000139515 0.000126807 0.000115177 0.000104543 9.48301e-05 8.59673e-05 7.78872e-05 7.05271e-05 6.38281e-05 5.77356e-05 5.21987e-05 4.71703e-05 4.26066e-05 3.84674e-05 3.47155e-05 3.13166e-05 2.82392e-05 2.54545e-05 2.29357e-05 2.06588e-05 1.86014e-05 1.67432e-05 1.50657e-05 1.35519e-05 1.21865e-05 1.09553e-05 9.8457e-06 8.84594e-06 7.9455e-06 7.1348e-06 6.40515e-06 5.74865e-06 5.15815e-06 4.62719e-06 4.14991e-06 3.721e-06 3.33567e-06 2.98959e-06 2.67884e-06 2.39989e-06 2.14955e-06 1.92493e-06 1.72345e-06 1.54277e-06 1.38076e-06 1.23555e-06 1.1054e-06 9.88797e-07 8.84337e-07 7.9078e-07 7.07004e-07 6.32001e-07 5.64864e-07 5.04781e-07 4.5102e-07 4.02924e-07 3.59904e-07 3.21431e-07 2.8703e-07 2.56275e-07 2.28784e-07 2.04214e-07 1.82259e-07 1.62643e-07 1.4512e-07 1.29469e-07 1.15491e-07 1.0301e-07 9.18667e-08 8.19192e-08 7.30404e-08 6.51165e-08 5.80457e-08 5.17371e-08 4.6109e-08 4.10888e-08 3.66113e-08 3.26184e-08 2.90579e-08 2.58835e-08 2.30536e-08 2.05311e-08 1.82828e-08 1.62791e-08 1.44937e-08 1.29029e-08
0.00225726 0.000431273 0.000399521 0.000369452 0.000341086 0.000314418 0.000289424 0.000266065 0.000244288 0.000224033 0.000205232 0.000187816 0.00017171 0.000156841 0.000143134 0.000130518 0.00011892 0.000108271 9.85054e-05 8.95596e-05 8.13733e-05 7.38892e-05 6.70534e-05 6.08152e-05 5.51271e-05 4.99446e-05 4.52264e-05 4.09339e-05 3.70314e-05 3.34858e-05 3.02663e-05 2.73449e-05 2.46954e-05 2.22937e-05 2.0118e-05 1.81478e-05 1.63648e-05 1.47518e-05 1.32933e-05 1.19751e-05 1.07841e-05 9.70865e-06 8.7378e-06 7.86174e-06 7.07151e-06 6.35895e-06 5.71665e-06 5.13788e-06 4.61653e-06 4.14704e-06 3.7244e-06 3.34403e-06 3.00182e-06 2.69401e-06 2.41724e-06 2.16843e-06 1.94482e-06 1.74391e-06 1.56344e-06 1.40137e-06 1.25585e-06 1.12524e-06 1.00802e-06 9.02845e-07 8.08503e-07 7.23892e-07 6.48025e-07 5.80012e-07 5.19052e-07 4.64424e-07 4.1548e-07 3.71636e-07 3.32368e-07 2.97205e-07 2.65722e-07 2.3754e-07 2.12317e-07 1.89746e-07 1.69551e-07 1.51485e-07 1.35326e-07 1.20875e-07 1.07953e-07 9.64008e-08 8.60739e-08 7.68439e-08 6.85953e-08 6.1225e-08 5.46402e-08 4.8758e-08 4.35041e-08 3.8812e-08 3.46222e-08 3.08813e-08 2.75417e-08 2.45607e-08 2.19001e-08 1.95257e-08 1.7407e-08 1.55166e-08 1.38302e-08
0.0019751 0.000386684 0.000359517 0.000333613 0.000309025 0.000285778 0.000263874 0.000243301 0.000224033 0.000206033 0.000189257 0.000173655 0.000159173 0.000145756 0.000133345 0.000121884 0.000111314 0.00010158 9.26269e-05 8.44018e-05 7.68539e-05 6.99347e-05 6.35983e-05 5.78009e-05 5.25014e-05 4.76612e-05 4.3244e-05 3.9216e-05 3.55454e-05 3.2203e-05 2.91614e-05 2.63953e-05 2.38813e-05 2.15977e-05 1.95246e-05 1.76437e-05 1.59379e-05 1.43917e-05 1.2991e-05 1.17225e-05 1.05743e-05 9.53553e-06 8.59607e-06 7.74678e-06 6.97931e-06 6.28605e-06 5.66005e-06 5.09498e-06 4.58509e-06 4.12515e-06 3.7104e-06 3.33651e-06 2.99957e-06 2.69601e-06 2.42261e-06 2.17644e-06 1.95486e-06 1.75545e-06 1.57604e-06 1.41468e-06 1.26958e-06 1.13914e-06 1.0219e-06 9.1655e-07 8.21907e-07 7.36903e-07 6.60571e-07 5.92042e-07 5.3053e-07 4.75329e-07 4.258e-07 3.8137e-07 3.41521e-07 3.05788e-07 2.73752e-07 2.45034e-07 2.19296e-07 1.96233e-07 1.7557e-07 1.57061e-07 1.40483e-07 1.25638e-07 1.12347e-07 1.00448e-07 8.97979e-08 8.02666e-08 7.17379e-08 6.41074e-08 5.72815e-08 5.11763e-08 4.57163e-08 4.08341e-08 3.6469e-08 3.25669e-08 2.9079e-08 2.59619e-08 2.31763e-08 2.06874e-08 1.84638e-08 1.64775e-08 1.47034e-08
0.00172822 0.000346503 0.000323309 0.000301037 0.000279759 0.000259523 0.000240353 0.000222258 0.000205232 0.000189257 0.000174306 0.000160347 0.000147343 0.000135252 0.00012403 0.000113633 0.000104014 9.51298e-05 8.69343e-05 7.9384e-05 7.24365e-05 6.60509e-05 6.0188e-05 5.48104e-05 4.98827e-05 4.53713e-05 4.12446e-05 3.74728e-05 3.40282e-05 3.08846e-05 2.80178e-05 2.54051e-05 2.30257e-05 2.086e-05 1.889e-05 1.7099e-05 1.54717e-05 1.39938e-05 1.26524e-05 1.14355e-05 1.0332e-05 9.33175e-06 8.42557e-06 7.60493e-06 6.86207e-06 6.18989e-06 5.58189e-06 5.03215e-06 4.53528e-06 4.08635e-06 3.68087e-06 3.31475e-06 2.98429e-06 2.6861e-06 2.41712e-06 2.17456e-06 1.95589e-06 1.7588e-06 1.58122e-06 1.42127e-06 1.27722e-06 1.14753e-06 1.0308e-06 9.25758e-07 8.31258e-07 7.46262e-07 6.6983e-07 6.01115e-07 5.39352e-07 4.83849e-07 4.33982e-07 3.89188e-07 3.48959e-07 3.12836e-07 2.80408e-07 2.51301e-07 2.2518e-07 2.01743e-07 1.80719e-07 1.61861e-07 1.4495e-07 1.29787e-07 1.16194e-07 1.0401e-07 9.30913e-08 8.33074e-08 7.45419e-08 6.669e-08 5.96576e-08 5.33599e-08 4.77212e-08 4.26731e-08 3.81543e-08 3.41101e-08 3.04909e-08 2.72526e-08 2.43554e-08 2.17638e-08 1.94458e-08 1.73728e-08 1.55191e-08
0.00151219 0.000310325 0.000290569 0.000271457 0.000253075 0.000235488 0.000218736 0.000202842 0.000187816 0.000173655 0.000160347 0.000147875 0.000136212 0.000125329 0.000115196 0.000105776 9.7036e-05 8.89386e-05 8.14478e-05 7.45277e-05 6.8143e-05 6.22596e-05 5.68441e-05 5.18648e-05 4.72911e-05 4.30941e-05 3.92463e-05 3.57216e-05 3.24956e-05 2.95454e-05 2.68493e-05 2.43872e-05 2.21403e-05 2.00913e-05 1.82238e-05 1.65228e-05 1.49743e-05 1.35655e-05 1.22845e-05 1.11202e-05 1.00626e-05 9.10227e-06 8.23076e-06 7.4402e-06 6.72336e-06 6.07365e-06 5.48502e-06 4.95194e-06 4.46935e-06 4.03264e-06 3.63758e-06 3.28032e-06 2.95736e-06 2.66551e-06 2.40185e-06 2.16373e-06 1.94874e-06 1.7547e-06 1.57961e-06 1.42167e-06 1.27924e-06 1.15083e-06 1.03508e-06 9.30787e-07 8.36828e-07 7.52203e-07 6.76004e-07 6.07406e-07 5.45666e-07 4.90111e-07 4.40133e-07 3.9518e-07 3.54756e-07 3.18413e-07 2.85744e-07 2.56385e-07 2.30005e-07 2.06306e-07 1.8502e-07 1.65904e-07 1.48741e-07 1.33333e-07 1.19504e-07 1.07093e-07 9.59582e-08 8.59687e-08 7.70085e-08 6.89728e-08 6.17674e-08 5.53074e-08 4.95166e-08 4.43265e-08 3.96753e-08 3.55078e-08 3.17742e-08 2.84297e-08 2.54343e-08 2.27517e-08 2.03498e-08 1.81994e-08 1.62743e-08
0.00132317 0.000277778 0.000260993 0.000244626 0.000228775 0.000213514 0.000198895 0.000184954 0.00017171 0.000159173 0.000147343 0.000136212 0.000125764 0.000115982 0.000106843 9.83207e-05 9.03889e-05 8.3019e-05 7.6182e-05 6.98488e-05 6.39903e-05 5.8578e-05 5.35839e-05 4.8981e-05 4.47433e-05 4.08457e-05 3.72645e-05 3.3977e-05 3.09616e-05 2.81983e-05 2.56679e-05 2.33526e-05 2.12356e-05 1.93013e-05 1.7535e-05 1.59232e-05 1.44533e-05 1.31136e-05 1.18932e-05 1.07821e-05 9.77112e-06 8.85161e-06 8.01573e-06 7.25624e-06 6.56647e-06 5.94029e-06 5.37209e-06 4.8567e-06 4.38941e-06 3.9659e-06 3.5822e-06 3.23471e-06 2.92011e-06 2.6354e-06 2.37781e-06 2.14485e-06 1.93422e-06 1.74385e-06 1.57183e-06 1.41644e-06 1.27613e-06 1.14945e-06 1.03511e-06 9.31952e-07 8.38892e-07 7.54967e-07 6.79299e-07 6.11093e-07 5.49627e-07 4.94248e-07 4.44365e-07 3.99442e-07 3.58996e-07 3.22587e-07 2.8982e-07 2.60336e-07 2.33812e-07 2.09955e-07 1.88502e-07 1.69213e-07 1.51875e-07 1.36291e-07 1.22288e-07 1.09707e-07 9.84059e-08 8.82559e-08 7.91416e-08 7.09584e-08 6.36125e-08 5.70193e-08 5.11025e-08 4.57937e-08 4.10309e-08 3.67588e-08 3.29273e-08 2.94915e-08 2.64109e-08 2.36492e-08 2.11738e-08 1.89552e-08 1.69671e-08
0.00115777 0.000248519 0.000234296 0.000220311 0.000206669 0.000193449 0.000180711 0.000168498 0.000156841 0.000145756 0.000135252 0.000125329 0.000115982 0.0001072 9.89673e-05 9.12666e-05 8.40777e-05 7.73788e-05 7.11471e-05 6.53591e-05 5.99911e-05 5.50196e-05 5.04211e-05 4.61729e-05 4.22528e-05 3.86394e-05 3.5312e-05 3.22511e-05 2.94378e-05 2.68545e-05 2.44842e-05 2.23112e-05 2.03205e-05 1.84982e-05 1.68312e-05 1.53073e-05 1.3915e-05 1.26439e-05 1.1484e-05 1.04263e-05 9.46216e-06 8.58388e-06 7.78419e-06 7.05643e-06 6.39444e-06 5.79254e-06 5.24554e-06 4.74864e-06 4.29744e-06 3.8879e-06 3.51632e-06 3.17932e-06 2.87378e-06 2.59688e-06 2.34601e-06 2.1188e-06 1.9131e-06 1.72693e-06 1.55848e-06 1.40612e-06 1.26835e-06 1.1438e-06 1.03125e-06 9.29569e-07 8.37725e-07 7.54793e-07 6.79926e-07 6.12358e-07 5.51392e-07 4.96396e-07 4.46798e-07 4.02078e-07 3.61766e-07 3.25435e-07 2.92699e-07 2.63209e-07 2.36648e-07 2.12731e-07 1.91199e-07 1.71817e-07 1.54375e-07 1.38681e-07 1.24563e-07 1.11864e-07 1.00445e-07 9.01774e-08 8.09475e-08 7.26517e-08 6.51966e-08 5.84982e-08 5.24807e-08 4.70757e-08 4.22216e-08 3.78629e-08 3.39498e-08 3.0437e-08 2.72843e-08 2.4455e-08 2.19164e-08 1.96389e-08 1.75959e-08
0.00101305 0.000222234 0.000210217 0.000198297 0.000186579 0.000175147 0.000164065 0.000153382 0.000143134 0.000133345 0.00012403 0.000115196 0.000106843 9.89673e-05 9.15604e-05 8.46105e-05 7.8103e-05 7.20217e-05 6.6349e-05 6.10663e-05 5.61546e-05 5.15944e-05 4.73664e-05 4.34514e-05 3.98307e-05 3.6486e-05 3.33995e-05 3.05543e-05 2.7934e-05 2.55231e-05 2.33068e-05 2.12711e-05 1.94028e-05 1.76894e-05 1.61192e-05 1.46813e-05 1.33653e-05 1.21618e-05 1.10619e-05 1.00571e-05 9.13975e-06 8.30278e-06 7.53951e-06 6.84381e-06 6.21002e-06 5.63291e-06 5.10764e-06 4.62979e-06 4.19525e-06 3.80027e-06 3.4414e-06 3.11546e-06 2.81955e-06 2.551e-06 2.30737e-06 2.08643e-06 1.88613e-06 1.7046e-06 1.54015e-06 1.39121e-06 1.25635e-06 1.1343e-06 1.02386e-06 9.2395e-07 8.33603e-07 7.51921e-07 6.78095e-07 6.11385e-07 5.51121e-07 4.96695e-07 4.47553e-07 4.03192e-07 3.63157e-07 3.27034e-07 2.94449e-07 2.65062e-07 2.38564e-07 2.14676e-07 1.93147e-07 1.73746e-07 1.56268e-07 1.40524e-07 1.26346e-07 1.1358e-07 1.02087e-07 9.17435e-08 8.24349e-08 7.40595e-08 6.65251e-08 5.97485e-08 5.36543e-08 4.81749e-08 4.3249e-08 3.88213e-08 3.48422e-08 3.12668e-08 2.80545e-08 2.51689e-08 2.25773e-08 2.02499e-08 1.81601e-08
0.000886417 0.000198638 0.000188518 0.000178383 0.00016834 0.000158471 0.000148846 0.000139515 0.000130518 0.000121884 0.000113633 0.000105776 9.83207e-05 9.12666e-05 8.46105e-05 7.83454e-05 7.24618e-05 6.69479e-05 6.17906e-05 5.69753e-05 5.24868e-05 4.83096e-05 4.44275e-05 4.08247e-05 3.74854e-05 3.4394e-05 3.15354e-05 2.88949e-05 2.64583e-05 2.42121e-05 2.21433e-05 2.02396e-05 1.84892e-05 1.68811e-05 1.54049e-05 1.40507e-05 1.28093e-05 1.16721e-05 1.0631e-05 9.67847e-06 8.80754e-06 8.01164e-06 7.28472e-06 6.62116e-06 6.01574e-06 5.46366e-06 4.96045e-06 4.50201e-06 4.08454e-06 3.70454e-06 3.3588e-06 3.04437e-06 2.75852e-06 2.49875e-06 2.26278e-06 2.0485e-06 1.85399e-06 1.67749e-06 1.51739e-06 1.3722e-06 1.24059e-06 1.12132e-06 1.01326e-06 9.15399e-07 8.26792e-07 7.46589e-07 6.74013e-07 6.08356e-07 5.48976e-07 4.95285e-07 4.46752e-07 4.02891e-07 3.63263e-07 3.27467e-07 2.95142e-07 2.65956e-07 2.39611e-07 2.15836e-07 1.94385e-07 1.75034e-07 1.57582e-07 1.41846e-07 1.27659e-07 1.14872e-07 1.03349e-07 9.29666e-08 8.3614e-08 7.51905e-08 6.76051e-08 6.07758e-08 5.46281e-08 4.90951e-08 4.4116e-08 3.96363e-08 3.56064e-08 3.19818e-08 2.87222e-08 2.57914e-08 2.31565e-08 2.07881e-08 1.86595e-08
0.000775615 0.000177468 0.000168975 0.000160383 0.000151794 0.000143293 0.000134946 0.000126807 0.00011892 0.000111314 0.000104014 9.7036e-05 9.03889e-05 8.40777e-05 7.8103e-05 7.24618e-05 6.71484e-05 6.21549e-05 5.74717e-05 5.30878e-05 4.89914e-05 4.51698e-05 4.16101e-05 3.82991e-05 3.52236e-05 3.23704e-05 2.97266e-05 2.72797e-05 2.50175e-05 2.2928e-05 2.09999e-05 1.92225e-05 1.75854e-05 1.60787e-05 1.46932e-05 1.34202e-05 1.22512e-05 1.11787e-05 1.01952e-05 9.29403e-06 8.46875e-06 7.71343e-06 7.02255e-06 6.39096e-06 5.81388e-06 5.28688e-06 4.80586e-06 4.36702e-06 3.96685e-06 3.60211e-06 3.2698e-06 2.96718e-06 2.69171e-06 2.44105e-06 2.21307e-06 2.00577e-06 1.81737e-06 1.6462e-06 1.49073e-06 1.34958e-06 1.22147e-06 1.10524e-06 9.99808e-07 9.04211e-07 8.17555e-07 7.39027e-07 6.67885e-07 6.03453e-07 5.45114e-07 4.92306e-07 4.44518e-07 4.01283e-07 3.62178e-07 3.26816e-07 2.94848e-07 2.65954e-07 2.39845e-07 2.16258e-07 1.94954e-07 1.75717e-07 1.58349e-07 1.42672e-07 1.28524e-07 1.1576e-07 1.04246e-07 9.3861e-08 8.44969e-08 7.60547e-08 6.84451e-08 6.15872e-08 5.54078e-08 4.98409e-08 4.48266e-08 4.03109e-08 3.62447e-08 3.25841e-08 2.9289e-08 2.63234e-08 2.36549e-08 2.1254e-08 1.90943e-08
0.000678663 0.000158487 0.000151388 0.000144126 0.000136799 0.000129489 0.000122264 0.000115177 0.000108271 0.00010158 9.51298e-05 8.89386e-05 8.3019e-05 7.73788e-05 7.20217e-05 6.69479e-05 6.21549e-05 5.76378e-05 5.33901e-05 4.94037e-05 4.56695e-05 4.21776e-05 3.89176e-05 3.58787e-05 3.30499e-05 3.04201e-05 2.79785e-05 2.57142e-05 2.36168e-05 2.1676e-05 1.98819e-05 1.8225e-05 1.66962e-05 1.52868e-05 1.39887e-05 1.27939e-05 1.16951e-05 1.06853e-05 9.75791e-06 8.90682e-06 8.12626e-06 7.41081e-06 6.75544e-06 6.15545e-06 5.60647e-06 5.10444e-06 4.64557e-06 4.22637e-06 3.8436e-06 3.49425e-06 3.17556e-06 2.88496e-06 2.62009e-06 2.37877e-06 2.159e-06 1.95894e-06 1.77688e-06 1.61127e-06 1.46068e-06 1.32379e-06 1.19941e-06 1.08642e-06 9.83812e-07 8.9067e-07 8.06143e-07 7.29459e-07 6.5991e-07 5.9685e-07 5.39692e-07 4.87896e-07 4.40973e-07 3.98475e-07 3.59996e-07 3.25163e-07 2.93641e-07 2.6512e-07 2.39321e-07 2.15991e-07 1.94897e-07 1.7583e-07 1.58599e-07 1.4303e-07 1.28966e-07 1.16265e-07 1.04796e-07 9.44418e-08 8.50965e-08 7.66633e-08 6.90544e-08 6.21907e-08 5.60004e-08 5.04183e-08 4.53856e-08 4.08491e-08 3.67605e-08 3.30763e-08 2.9757e-08 2.67669e-08 2.40739e-08 2.16488e-08 1.94654e-08
0.00059383 0.000141478 0.000135571 0.000129453 0.000123219 0.000116948 0.000110705 0.000104543 9.85054e-05 9.26269e-05 8.69343e-05 8.14478e-05 7.6182e-05 7.11471e-05 6.6349e-05 6.17906e-05 5.74717e-05 5.33901e-05 4.95417e-05 4.59209e-05 4.25208e-05 3.9334e-05 3.63521e-05 3.35663e-05 3.09677e-05 2.8547e-05 2.6295e-05 2.42025e-05 2.22606e-05 2.04604e-05 1.87933e-05 1.7251e-05 1.58256e-05 1.45093e-05 1.32948e-05 1.21753e-05 1.11441e-05 1.01949e-05 9.32194e-06 8.51956e-06 7.78258e-06 7.1061e-06 6.48554e-06 5.91663e-06 5.39536e-06 4.91802e-06 4.48113e-06 4.08148e-06 3.71608e-06 3.38215e-06 3.07714e-06 2.79866e-06 2.54452e-06 2.31269e-06 2.1013e-06 1.90864e-06 1.73311e-06 1.57324e-06 1.42771e-06 1.29526e-06 1.17477e-06 1.06519e-06 9.65578e-07 8.75048e-07 7.928e-07 7.18102e-07 6.5028e-07 5.8872e-07 5.32861e-07 4.82189e-07 4.36236e-07 3.94573e-07 3.5681e-07 3.22592e-07 2.91593e-07 2.63517e-07 2.38096e-07 2.15084e-07 1.94257e-07 1.75413e-07 1.58366e-07 1.42949e-07 1.29009e-07 1.16407e-07 1.05017e-07 9.47254e-08 8.54271e-08 7.70284e-08 6.94437e-08 6.25954e-08 5.64133e-08 5.08336e-08 4.57985e-08 4.12556e-08 3.71577e-08 3.34617e-08 3.01289e-08 2.7124e-08 2.44153e-08 2.19739e-08 1.97739e-08
0.000519602 0.000126245 0.000121354 0.000116219 0.000110931 0.000105563 0.000100179 9.48301e-05 8.95596e-05 8.44018e-05 7.9384e-05 7.45277e-05 6.98488e-05 6.53591e-05 6.10663e-05 5.69753e-05 5.30878e-05 4.94037e-05 4.59209e-05 4.26357e-05 3.95434e-05 3.66383e-05 3.39139e-05 3.13632e-05 2.89789e-05 2.67533e-05 2.46789e-05 2.27477e-05 2.09521e-05 1.92846e-05 1.77377e-05 1.63041e-05 1.49768e-05 1.37492e-05 1.26148e-05 1.15674e-05 1.06011e-05 9.71034e-06 8.88984e-06 8.1346e-06 7.43992e-06 6.80136e-06 6.21477e-06 5.67626e-06 5.18218e-06 4.72912e-06 4.31392e-06 3.93361e-06 3.58545e-06 3.26687e-06 2.97551e-06 2.70917e-06 2.46581e-06 2.24354e-06 2.04064e-06 1.85548e-06 1.68659e-06 1.5326e-06 1.39225e-06 1.26438e-06 1.14792e-06 1.04189e-06 9.45396e-07 8.57604e-07 7.77758e-07 7.05163e-07 6.39181e-07 5.79228e-07 5.24769e-07 4.75317e-07 4.30424e-07 3.8968e-07 3.52713e-07 3.19182e-07 2.88775e-07 2.61209e-07 2.36225e-07 2.13586e-07 1.93077e-07 1.74503e-07 1.57684e-07 1.42459e-07 1.28679e-07 1.16211e-07 1.04931e-07 9.47289e-08 8.55035e-08 7.71629e-08 6.9624e-08 6.28109e-08 5.6655e-08 5.1094e-08 4.60713e-08 4.15357e-08 3.74407e-08 3.37442e-08 3.0408e-08 2.73975e-08 2.46813e-08 2.22312e-08 2.00213e-08
0.000454651 0.00011261 0.000108583 0.000104292 9.9819e-05 9.52359e-05 9.0602e-05 8.59673e-05 8.13733e-05 7.68539e-05 7.24365e-05 6.8143e-05 6.39903e-05 5.99911e-05 5.61546e-05 5.24868e-05 4.89914e-05 4.56695e-05 4.25208e-05 3.95434e-05 3.6734e-05 3.40886e-05 3.16023e-05 2.92695e-05 2.70844e-05 2.50407e-05 2.3132e-05 2.13519e-05 1.96938e-05 1.81511e-05 1.67175e-05 1.53867e-05 1.41526e-05 1.30093e-05 1.19511e-05 1.09726e-05 1.00684e-05 9.23373e-06 8.46374e-06 7.75397e-06 7.10018e-06 6.49838e-06 5.9448e-06 5.4359e-06 4.96837e-06 4.5391e-06 4.14518e-06 3.78391e-06 3.45275e-06 3.14937e-06 2.87156e-06 2.61729e-06 2.38469e-06 2.17201e-06 1.97761e-06 1.80002e-06 1.63784e-06 1.48981e-06 1.35473e-06 1.23153e-06 1.11919e-06 1.01681e-06 9.23537e-07 8.38583e-07 7.61236e-07 6.90839e-07 6.26789e-07 5.68531e-07 5.15558e-07 4.67406e-07 4.23648e-07 3.83896e-07 3.47794e-07 3.15014e-07 2.8526e-07 2.58259e-07 2.33763e-07 2.11546e-07 1.91401e-07 1.73138e-07 1.56586e-07 1.41588e-07 1.28002e-07 1.15698e-07 1.04556e-07 9.44698e-08 8.53409e-08 7.70803e-08 6.9607e-08 6.28472e-08 5.67342e-08 5.12071e-08 4.62107e-08 4.1695e-08 3.76145e-08 3.39279e-08 3.05978e-08 2.75903e-08 2.48746e-08 2.24228e-08 2.02097e-08
0.00039782 0.000100411 9.71176e-05 9.35476e-05 8.9778e-05 8.58754e-05 8.18959e-05 7.78872e-05 7.38892e-05 6.99347e-05 6.60509e-05 6.22596e-05 5.8578e-05 5.50196e-05 5.15944e-05 4.83096e-05 4.51698e-05 4.21776e-05 3.9334e-05 3.66383e-05 3.40886e-05 3.16823e-05 2.94156e-05 2.72844e-05 2.52841e-05 2.34096e-05 2.16555e-05 2.00165e-05 1.84871e-05 1.70617e-05 1.57348e-05 1.4501e-05 1.3355e-05 1.22916e-05 1.13059e-05 1.03929e-05 9.54808e-06 8.76701e-06 8.04546e-06 7.37939e-06 6.76501e-06 6.1987e-06 5.67707e-06 5.19691e-06 4.7552e-06 4.34912e-06 3.976e-06 3.63338e-06 3.31894e-06 3.03051e-06 2.76608e-06 2.52377e-06 2.30184e-06 2.09868e-06 1.91279e-06 1.74276e-06 1.58732e-06 1.44527e-06 1.31552e-06 1.19704e-06 1.08891e-06 9.90244e-07 9.00258e-07 8.18216e-07 7.43443e-07 6.75318e-07 6.13272e-07 5.5678e-07 5.05362e-07 4.58576e-07 4.16019e-07 3.77319e-07 3.42138e-07 3.10164e-07 2.81114e-07 2.54727e-07 2.30766e-07 2.09013e-07 1.89271e-07 1.71357e-07 1.55106e-07 1.40368e-07 1.27005e-07 1.14891e-07 1.03913e-07 9.39661e-08 8.49553e-08 7.67944e-08 6.94048e-08 6.27151e-08 5.66602e-08 5.1181e-08 4.62237e-08 4.17396e-08 3.76842e-08 3.40173e-08 3.07023e-08 2.77059e-08 2.4998e-08 2.25513e-08 2.0341e-08
0.000348092 8.95017e-05 8.68297e-05 8.38754e-05 8.07106e-05 7.73971e-05 7.39876e-05 7.05271e-05 6.70534e-05 6.35983e-05 6.0188e-05 5.68441e-05 5.35839e-05 5.04211e-05 4.73664e-05 4.44275e-05 4.16101e-05 3.89176e-05 3.63521e-05 3.39139e-05 3.16023e-05 2.94156e-05 2.73514e-05 2.54065e-05 2.35773e-05 2.18597e-05 2.02495e-05 1.87422e-05 1.73331e-05 1.60176e-05 1.4791e-05 1.36485e-05 1.25856e-05 1.15978e-05 1.06806e-05 9.82997e-06 9.04165e-06 8.31176e-06 7.63651e-06 7.01233e-06 6.43579e-06 5.90366e-06 5.41285e-06 4.96047e-06 4.54378e-06 4.16022e-06 3.80736e-06 3.48294e-06 3.18484e-06 2.91107e-06 2.65978e-06 2.42925e-06 2.21787e-06 2.02413e-06 1.84667e-06 1.68417e-06 1.53545e-06 1.39939e-06 1.27498e-06 1.16126e-06 1.05735e-06 9.62444e-07 8.75797e-07 7.96719e-07 7.24573e-07 6.58776e-07 5.9879e-07 5.44119e-07 4.9431e-07 4.48944e-07 4.07639e-07 3.70041e-07 3.3583e-07 3.04708e-07 2.76405e-07 2.50674e-07 2.27286e-07 2.06034e-07 1.86729e-07 1.69196e-07 1.53277e-07 1.38827e-07 1.25713e-07 1.13815e-07 1.03023e-07 9.32358e-08 8.43624e-08 7.6319e-08 6.90297e-08 6.24252e-08 5.64424e-08 5.10239e-08 4.61176e-08 4.16759e-08 3.76555e-08 3.40173e-08 3.07256e-08 2.77479e-08 2.50547e-08 2.26194e-08 2.04176e-08
0.000304581 7.97512e-05 7.7603e-05 7.51732e-05 7.25275e-05 6.97232e-05 6.68094e-05 6.38281e-05 6.08152e-05 5.78009e-05 5.48104e-05 5.18648e-05 4.8981e-05 4.61729e-05 4.34514e-05 4.08247e-05 3.82991e-05 3.58787e-05 3.35663e-05 3.13632e-05 2.92695e-05 2.72844e-05 2.54065e-05 2.36334e-05 2.19624e-05 2.03903e-05 1.89138e-05 1.75291e-05 1.62323e-05 1.50196e-05 1.38868e-05 1.28301e-05 1.18455e-05 1.0929e-05 1.00768e-05 9.28513e-06 8.55045e-06 7.86924e-06 7.23816e-06 6.65401e-06 6.11371e-06 5.61437e-06 5.1532e-06 4.7276e-06 4.33508e-06 3.97331e-06 3.6401e-06 3.33337e-06 3.05118e-06 2.79173e-06 2.5533e-06 2.33432e-06 2.1333e-06 1.94886e-06 1.77971e-06 1.62467e-06 1.48261e-06 1.35252e-06 1.23343e-06 1.12446e-06 1.02479e-06 9.33659e-07 8.50377e-07 7.74292e-07 7.04809e-07 6.41377e-07 5.83491e-07 5.30683e-07 4.82524e-07 4.38619e-07 3.98606e-07 3.62151e-07 3.28948e-07 2.98716e-07 2.71198e-07 2.46156e-07 2.23374e-07 2.02655e-07 1.83817e-07 1.66693e-07 1.51131e-07 1.36993e-07 1.24152e-07 1.12491e-07 1.01905e-07 9.22969e-08 8.35781e-08 7.56683e-08 6.84941e-08 6.19886e-08 5.60905e-08 5.07445e-08 4.58998e-08 4.15103e-08 3.75341e-08 3.3933e-08 3.06722e-08 2.77201e-08 2.50481e-08 2.263e-08 2.0442e-08
0.000266508 7.10399e-05 6.93323e-05 6.73478e-05 6.51469e-05 6.27819e-05 6.02984e-05 5.77356e-05 5.51271e-05 5.25014e-05 4.98827e-05 4.72911e-05 4.47433e-05 4.22528e-05 3.98307e-05 3.74854e-05 3.52236e-05 3.30499e-05 3.09677e-05 2.89789e-05 2.70844e-05 2.52841e-05 2.35773e-05 2.19624e-05 2.04374e-05 1.9e-05 1.76474e-05 1.63766e-05 1.51845e-05 1.40677e-05 1.30229e-05 1.20466e-05 1.11355e-05 1.02861e-05 9.49516e-06 8.75933e-06 8.07547e-06 7.44049e-06 6.85142e-06 6.30542e-06 5.79974e-06 5.33177e-06 4.89903e-06 4.49916e-06 4.12991e-06 3.78917e-06 3.47495e-06 3.18535e-06 2.91862e-06 2.67309e-06 2.44721e-06 2.23951e-06 2.04863e-06 1.8733e-06 1.71234e-06 1.56464e-06 1.42916e-06 1.30497e-06 1.19116e-06 1.08691e-06 9.91467e-07 9.04115e-07 8.24203e-07 7.51124e-07 6.84321e-07 6.23277e-07 5.67515e-07 5.16597e-07 4.70118e-07 4.27705e-07 3.89015e-07 3.53734e-07 3.2157e-07 2.92258e-07 2.65552e-07 2.41228e-07 2.19081e-07 1.9892e-07 1.80574e-07 1.63882e-07 1.48701e-07 1.34897e-07 1.22348e-07 1.10943e-07 1.0058e-07 9.11671e-08 8.26183e-08 7.48564e-08 6.78106e-08 6.14162e-08 5.56144e-08 5.03513e-08 4.55779e-08 4.12497e-08 3.73259e-08 3.37694e-08 3.05466e-08 2.76266e-08 2.49816e-08 2.25861e-08 2.0417e-08
0.000233195 6.32602e-05 6.19219e-05 6.03147e-05 5.84938e-05 5.65071e-05 5.43966e-05 5.21987e-05 4.99446e-05 4.76612e-05 4.53713e-05 4.30941e-05 4.08457e-05 3.86394e-05 3.6486e-05 3.4394e-05 3.23704e-05 3.04201e-05 2.8547e-05 2.67533e-05 2.50407e-05 2.34096e-05 2.18597e-05 2.03903e-05 1.9e-05 1.7687e-05 1.64492e-05 1.52841e-05 1.41893e-05 1.3162e-05 1.21993e-05 1.12983e-05 1.04561e-05 9.66979e-06 8.93648e-06 8.2533e-06 7.61748e-06 7.02628e-06 6.47709e-06 5.96736e-06 5.49466e-06 5.05665e-06 4.65109e-06 4.27588e-06 3.92897e-06 3.60847e-06 3.31255e-06 3.0395e-06 2.78773e-06 2.5557e-06 2.34199e-06 2.14527e-06 1.96428e-06 1.79787e-06 1.64492e-06 1.50442e-06 1.37542e-06 1.25704e-06 1.14844e-06 1.04887e-06 9.57618e-07 8.74018e-07 7.97463e-07 7.27387e-07 6.63266e-07 6.04617e-07 5.50992e-07 5.0198e-07 4.57199e-07 4.16298e-07 3.78954e-07 3.44868e-07 3.13766e-07 2.85396e-07 2.59527e-07 2.35944e-07 2.14452e-07 1.94872e-07 1.77038e-07 1.60799e-07 1.46016e-07 1.32564e-07 1.20324e-07 1.09191e-07 9.90676e-08 8.98639e-08 8.14985e-08 7.3897e-08 6.69913e-08 6.07191e-08 5.50235e-08 4.98528e-08 4.51596e-08 4.09007e-08 3.70368e-08 3.35319e-08 3.03534e-08 2.74714e-08 2.48588e-08 2.24909e-08 2.03452e-08
0.000204045 5.63155e-05 5.52853e-05 5.39967e-05 5.24997e-05 5.08382e-05 4.90505e-05 4.71703e-05 4.52264e-05 4.3244e-05 4.12446e-05 3.92463e-05 3.72645e-05 3.5312e-05 3.33995e-05 3.15354e-05 2.97266e-05 2.79785e-05 2.6295e-05 2.46789e-05 2.3132e-05 2.16555e-05 2.02495e-05 1.89138e-05 1.76474e-05 1.64492e-05 1.53175e-05 1.42504e-05 1.3246e-05 1.23018e-05 1.14157e-05 1.0585e-05 9.80736e-06 9.08023e-06 8.40112e-06 7.76752e-06 7.17701e-06 6.6272e-06 6.11577e-06 5.64046e-06 5.19911e-06 4.78962e-06 4.41001e-06 4.05836e-06 3.73285e-06 3.43175e-06 3.15343e-06 2.89633e-06 2.65897e-06 2.43999e-06 2.23808e-06 2.05202e-06 1.88065e-06 1.7229e-06 1.57778e-06 1.44432e-06 1.32167e-06 1.20899e-06 1.10552e-06 1.01056e-06 9.23444e-07 8.43557e-07 7.70331e-07 7.03238e-07 6.41789e-07 5.8553e-07 5.34044e-07 4.86942e-07 4.43868e-07 4.0449e-07 3.68504e-07 3.35628e-07 3.05604e-07 2.78194e-07 2.53177e-07 2.30352e-07 2.09534e-07 1.9055e-07 1.73245e-07 1.57475e-07 1.43107e-07 1.30021e-07 1.18106e-07 1.07258e-07 9.73864e-08 8.84044e-08 8.0234e-08 7.28039e-08 6.60485e-08 5.9908e-08 5.43277e-08 4.92578e-08 4.46525e-08 4.04702e-08 3.66728e-08 3.32258e-08 3.00973e-08 2.72587e-08 2.46834e-08 2.23476e-08 2.02295e-08
0.00017854 5.01185e-05 4.93443e-05 4.83238e-05 4.71023e-05 4.57196e-05 4.42108e-05 4.26066e-05 4.09339e-05 3.9216e-05 3.74728e-05 3.57216e-05 3.3977e-05 3.22511e-05 3.05543e-05 2.88949e-05 2.72797e-05 2.57142e-05 2.42025e-05 2.27477e-05 2.13519e-05 2.00165e-05 1.87422e-05 1.75291e-05 1.63766e-05 1.52841e-05 1.42504e-05 1.32741e-05 1.23534e-05 1.14866e-05 1.06716e-05 9.90657e-06 9.18925e-06 8.51754e-06 7.88926e-06 7.30226e-06 6.75443e-06 6.24366e-06 5.76791e-06 5.32519e-06 4.91357e-06 4.53119e-06 4.17627e-06 3.8471e-06 3.54203e-06 3.25951e-06 2.99805e-06 2.75626e-06 2.53279e-06 2.32638e-06 2.13586e-06 1.9601e-06 1.79805e-06 1.64873e-06 1.51121e-06 1.38462e-06 1.26815e-06 1.16105e-06 1.06262e-06 9.72179e-07 8.89132e-07 8.12903e-07 7.42964e-07 6.78823e-07 6.20022e-07 5.66139e-07 5.16781e-07 4.71585e-07 4.30217e-07 3.92364e-07 3.57742e-07 3.26085e-07 2.97149e-07 2.70708e-07 2.46556e-07 2.24501e-07 2.04368e-07 1.85994e-07 1.69231e-07 1.53943e-07 1.40002e-07 1.27295e-07 1.15715e-07 1.05164e-07 9.55551e-08 8.68051e-08 7.88397e-08 7.15902e-08 6.49939e-08 5.89935e-08 5.35364e-08 4.85745e-08 4.4064e-08 3.99647e-08 3.624e-08 3.28563e-08 2.97831e-08 2.69926e-08 2.44591e-08 2.21596e-08 2.00728e-08
0.000156222 4.45909e-05 4.40282e-05 4.32325e-05 4.22446e-05 4.11004e-05 3.9832e-05 3.84674e-05 3.70314e-05 3.55454e-05 3.40282e-05 3.24956e-05 3.09616e-05 2.94378e-05 2.7934e-05 2.64583e-05 2.50175e-05 2.36168e-05 2.22606e-05 2.09521e-05 1.96938e-05 1.84871e-05 1.73331e-05 1.62323e-05 1.51845e-05 1.41893e-05 1.3246e-05 1.23534e-05 1.15103e-05 1.07152e-05 9.96648e-06 9.26251e-06 8.60148e-06 7.98155e-06 7.40089e-06 6.85762e-06 6.34989e-06 5.87589e-06 5.4338e-06 5.02187e-06 4.6384e-06 4.28173e-06 3.95027e-06 3.64248e-06 3.35689e-06 3.09211e-06 2.84679e-06 2.61966e-06 2.40951e-06 2.2152e-06 2.03565e-06 1.86983e-06 1.71679e-06 1.57562e-06 1.44547e-06 1.32555e-06 1.21511e-06 1.11345e-06 1.01992e-06 9.33906e-07 8.54847e-07 7.82211e-07 7.15506e-07 6.54273e-07 5.98087e-07 5.46553e-07 4.99305e-07 4.56002e-07 4.16331e-07 3.8e-07 3.4674e-07 3.16303e-07 2.88458e-07 2.62992e-07 2.39712e-07 2.18435e-07 1.98996e-07 1.81241e-07 1.65029e-07 1.50231e-07 1.36727e-07 1.24408e-07 1.13173e-07 1.02929e-07 9.35913e-08 8.50821e-08 7.73298e-08 7.02688e-08 6.38393e-08 5.7986e-08 5.26588e-08 4.78114e-08 4.34017e-08 3.9391e-08 3.57441e-08 3.24288e-08 2.94155e-08 2.66773e-08 2.41896e-08 2.193e-08 1.9878e-08
0.000136694 3.9662e-05 3.92731e-05 3.86652e-05 3.78746e-05 3.69341e-05 3.58725e-05 3.47155e-05 3.34858e-05 3.2203e-05 3.08846e-05 2.95454e-05 2.81983e-05 2.68545e-05 2.55231e-05 2.42121e-05 2.2928e-05 2.1676e-05 2.04604e-05 1.92846e-05 1.81511e-05 1.70617e-05 1.60176e-05 1.50196e-05 1.40677e-05 1.3162e-05 1.23018e-05 1.14866e-05 1.07152e-05 9.98651e-06 9.29931e-06 8.65216e-06 8.04356e-06 7.47199e-06 6.93584e-06 6.43353e-06 5.96345e-06 5.524e-06 5.1136e-06 4.73072e-06 4.37385e-06 4.0415e-06 3.73228e-06 3.4448e-06 3.17775e-06 2.92986e-06 2.69994e-06 2.48683e-06 2.28944e-06 2.10673e-06 1.93771e-06 1.78146e-06 1.6371e-06 1.5038e-06 1.38078e-06 1.26732e-06 1.16272e-06 1.06635e-06 9.77598e-07 8.95903e-07 8.2074e-07 7.5162e-07 6.88084e-07 6.29707e-07 5.76094e-07 5.26875e-07 4.81709e-07 4.40279e-07 4.0229e-07 3.67469e-07 3.35565e-07 3.06342e-07 2.79587e-07 2.55097e-07 2.3269e-07 2.12195e-07 1.93454e-07 1.76324e-07 1.6067e-07 1.46369e-07 1.33309e-07 1.21385e-07 1.10502e-07 1.00571e-07 9.15123e-08 8.32506e-08 7.57181e-08 6.88523e-08 6.25957e-08 5.68956e-08 5.1704e-08 4.69765e-08 4.26727e-08 3.87555e-08 3.51911e-08 3.19484e-08 2.8999e-08 2.63169e-08 2.38786e-08 2.16622e-08 1.96481e-08
0.000119608 3.52686e-05 3.50216e-05 3.45696e-05 3.39453e-05 3.31781e-05 3.22941e-05 3.13166e-05 3.02663e-05 2.91614e-05 2.80178e-05 2.68493e-05 2.56679e-05 2.44842e-05 2.33068e-05 2.21433e-05 2.09999e-05 1.98819e-05 1.87933e-05 1.77377e-05 1.67175e-05 1.57348e-05 1.4791e-05 1.38868e-05 1.30229e-05 1.21993e-05 1.14157e-05 1.06716e-05 9.96648e-06 9.29931e-06 8.66911e-06 8.07471e-06 7.51491e-06 6.98839e-06 6.49381e-06 6.02981e-06 5.59499e-06 5.18797e-06 4.80737e-06 4.45185e-06 4.12005e-06 3.81069e-06 3.52251e-06 3.25428e-06 3.00482e-06 2.77301e-06 2.55775e-06 2.35801e-06 2.17281e-06 2.00119e-06 1.84228e-06 1.69521e-06 1.5592e-06 1.43348e-06 1.31734e-06 1.21012e-06 1.11118e-06 1.01993e-06 9.35811e-07 8.58312e-07 7.86944e-07 7.21253e-07 6.60814e-07 6.05233e-07 5.54141e-07 5.07196e-07 4.64078e-07 4.24493e-07 3.88164e-07 3.54837e-07 3.24275e-07 2.96259e-07 2.70586e-07 2.47069e-07 2.25534e-07 2.0582e-07 1.87779e-07 1.71275e-07 1.56182e-07 1.42383e-07 1.29771e-07 1.18247e-07 1.07721e-07 9.81092e-08 8.93341e-08 8.13254e-08 7.4018e-08 6.73525e-08 6.12738e-08 5.57319e-08 5.06806e-08 4.60776e-08 4.1884e-08 3.80645e-08 3.45865e-08 3.14201e-08 2.85381e-08 2.59156e-08 2.35297e-08 2.13594e-08 1.93859e-08
0.000104657 3.13539e-05 3.12216e-05 3.08985e-05 3.04137e-05 2.97936e-05 2.90617e-05 2.82392e-05 2.73449e-05 2.63953e-05 2.54051e-05 2.43872e-05 2.33526e-05 2.23112e-05 2.12711e-05 2.02396e-05 1.92225e-05 1.8225e-05 1.7251e-05 1.63041e-05 1.53867e-05 1.4501e-05 1.36485e-05 1.28301e-05 1.20466e-05 1.12983e-05 1.0585e-05 9.90657e-06 9.26251e-06 8.65216e-06 8.07471e-06 7.52926e-06 7.01478e-06 6.5302e-06 6.07438e-06 5.64615e-06 5.24432e-06 4.86769e-06 4.51506e-06 4.18525e-06 3.87707e-06 3.58939e-06 3.32109e-06 3.07107e-06 2.83828e-06 2.62172e-06 2.4204e-06 2.23339e-06 2.05981e-06 1.89879e-06 1.74953e-06 1.61126e-06 1.48326e-06 1.36482e-06 1.2553e-06 1.15409e-06 1.06061e-06 9.74312e-07 8.94688e-07 8.21259e-07 7.53577e-07 6.91221e-07 6.33799e-07 5.80946e-07 5.32318e-07 4.87598e-07 4.4649e-07 4.08716e-07 3.7402e-07 3.42164e-07 3.12927e-07 2.86104e-07 2.61504e-07 2.38951e-07 2.18282e-07 1.99346e-07 1.82004e-07 1.66126e-07 1.51594e-07 1.38298e-07 1.26136e-07 1.15015e-07 1.0485e-07 9.55596e-08 8.70722e-08 7.93203e-08 7.22421e-08 6.57807e-08 5.98841e-08 5.45042e-08 4.95971e-08 4.51222e-08 4.10426e-08 3.73242e-08 3.39359e-08 3.0849e-08 2.80374e-08 2.54772e-08 2.31464e-08 2.10249e-08 1.90943e-08
9.15746e-05 2.78668e-05 2.78264e-05 2.76092e-05 2.72409e-05 2.67453e-05 2.61434e-05 2.54545e-05 2.46954e-05 2.38813e-05 2.30257e-05 2.21403e-05 2.12356e-05 2.03205e-05 1.94028e-05 1.84892e-05 1.75854e-05 1.66962e-05 1.58256e-05 1.49768e-05 1.41526e-05 1.3355e-05 1.25856e-05 1.18455e-05 1.11355e-05 1.04561e-05 9.80736e-06 9.18925e-06 8.60148e-06 8.04356e-06 7.51491e-06 7.01478e-06 6.54237e-06 6.09676e-06 5.67703e-06 5.28216e-06 4.91115e-06 4.56296e-06 4.23654e-06 3.93086e-06 3.64489e-06 3.37762e-06 3.12806e-06 2.89524e-06 2.67823e-06 2.47611e-06 2.28802e-06 2.11311e-06 1.95058e-06 1.79967e-06 1.65963e-06 1.52977e-06 1.40942e-06 1.29797e-06 1.19481e-06 1.09938e-06 1.01115e-06 9.29632e-07 8.54345e-07 7.84852e-07 7.20739e-07 6.61619e-07 6.07129e-07 5.5693e-07 5.10704e-07 4.68156e-07 4.29011e-07 3.93011e-07 3.59916e-07 3.29506e-07 3.01572e-07 2.75924e-07 2.52382e-07 2.30782e-07 2.10971e-07 1.92806e-07 1.76157e-07 1.60903e-07 1.4693e-07 1.34136e-07 1.22425e-07 1.11708e-07 1.01904e-07 9.29385e-08 8.47411e-08 7.72485e-08 7.04022e-08 6.4148e-08 5.84363e-08 5.32215e-08 4.84614e-08 4.41177e-08 4.01549e-08 3.65404e-08 3.32445e-08 3.02398e-08 2.75012e-08 2.50057e-08 2.27323e-08 2.06616e-08 1.8776e-08
