0.967322 0.00770037 0.00397707 0.00205407 0.00106088 0.000547921 0.000282989 0.000146157 7.54871e-05 3.89874e-05 2.01361e-05 1.03999e-05 5.37129e-06 2.77415e-06 1.43279e-06 7.40003e-07 3.82195e-07 1.97395e-07 1.0195e-07 5.2655e-08 2.71951e-08 1.40457e-08 7.25428e-09 3.74667e-09 1.93507e-09 9.99421e-10 5.16179e-10 2.66595e-10 1.3769e-10 7.11139e-11 3.67288e-11 1.89696e-11 9.79737e-12 5.06012e-12 2.61344e-12 1.34978e-12 6.97133e-13 3.60054e-13 1.8596e-13 9.6044e-14 4.96046e-14 2.56197e-14 1.3232e-14 6.83402e-15 3.52962e-15 1.82297e-15 9.41523e-16 4.86276e-16 2.5115e-16 1.29714e-16 6.69942e-17 3.4601e-17 1.78706e-17 9.22979e-18 4.76698e-18 2.46204e-18 1.27159e-18 6.56746e-19 3.39195e-19 1.75187e-19 9.04799e-20 4.67309e-20 2.41355e-20 1.24654e-20 6.43811e-21 3.32514e-21 1.71736e-21 8.86978e-22 4.58105e-22 2.36601e-22 1.22199e-22 6.31131e-23 3.25965e-23 1.68354e-23 8.69508e-24 4.49082e-24 2.31941e-24 1.19792e-24 6.187e-25 3.19545e-25 1.65038e-25 8.52383e-26 4.40237e-26 2.27372e-26 1.17433e-26 6.06514e-27 3.13251e-27 1.61787e-27 8.35594e-28 4.31566e-28 2.22894e-28 1.1512e-28 5.94568e-29 3.07081e-29 1.586e-29 8.19136e-30 4.23065e-30 2.18504e-30 1.12852e-30 5.82857e-31 3.01033e-31
0.00770037 0.000188903 9.85861e-05 5.14453e-05 2.6843e-05 1.40046e-05 7.30577e-06 3.81082e-06 1.9876e-06 1.03657e-06 5.40539e-07 2.81849e-07 1.46949e-07 7.66086e-08 3.99348e-08 2.08156e-08 1.0849e-08 5.65398e-09 2.94635e-09 1.53525e-09 7.99912e-10 4.16746e-10 2.17104e-10 1.13092e-10 5.89067e-11 3.06808e-11 1.59786e-11 8.32109e-12 4.33304e-12 2.25619e-12 1.17471e-12 6.11585e-13 3.18388e-13 1.6574e-13 8.62727e-14 4.49048e-14 2.33714e-14 1.21633e-14 6.32988e-15 3.29392e-15 1.71398e-15 8.91816e-16 4.64003e-16 2.41403e-16 1.25586e-16 6.5331e-17 3.39839e-17 1.76769e-17 9.19425e-18 4.78196e-18 2.48699e-18 1.29336e-18 6.72586e-19 3.49747e-19 1.81861e-19 9.456e-20 4.91649e-20 2.55613e-20 1.3289e-20 6.90849e-21 3.59133e-21 1.86685e-21 9.70388e-22 5.04387e-22 2.62159e-22 1.36254e-22 7.08132e-23 3.68013e-23 1.91248e-23 9.93832e-24 5.16432e-24 2.68347e-24 1.39433e-24 7.24466e-25 3.76405e-25 1.95559e-25 1.01598e-25 5.27807e-26 2.7419e-26 1.42434e-26 7.39882e-27 3.84323e-27 1.99625e-27 1.03686e-27 5.38534e-28 2.79699e-28 1.45263e-28 7.54409e-29 3.91783e-29 2.03456e-29 1.05653e-29 5.48633e-30 2.84884e-30 1.47926e-30 7.68078e-31 3.988e-31 2.07058e-31 1.07502e-31 5.58126e-32 2.89757e-32 1.50427e-32
0.00397707 9.85861e-05 5.14704e-05 2.6869e-05 1.40249e-05 7.3198e-06 3.81993e-06 1.99327e-06 1.04001e-06 5.42577e-07 2.83039e-07 1.47635e-07 7.70005e-08 4.01567e-08 2.09404e-08 1.09187e-08 5.69276e-09 2.96782e-09 1.54709e-09 8.06418e-10 4.2031e-10 2.19051e-10 1.14153e-10 5.94835e-11 3.09937e-11 1.6148e-11 8.41266e-12 4.38245e-12 2.28281e-12 1.18904e-12 6.19284e-13 3.2252e-13 1.67956e-13 8.74591e-14 4.55395e-14 2.37107e-14 1.23445e-14 6.42656e-15 3.34547e-15 1.74145e-15 9.06438e-16 4.71782e-16 2.45539e-16 1.27784e-16 6.64981e-17 3.46034e-17 1.80055e-17 9.36848e-18 4.87429e-18 2.5359e-18 1.31926e-18 6.8629e-19 3.56997e-19 1.85695e-19 9.65863e-20 5.02356e-20 2.61268e-20 1.35876e-20 7.06611e-21 3.6745e-21 1.91072e-21 9.93523e-22 5.16583e-22 2.68587e-22 1.3964e-22 7.25972e-23 3.77408e-23 1.96194e-23 1.01987e-23 5.30132e-24 2.75555e-24 1.43224e-24 7.44403e-25 3.86887e-25 2.01068e-25 1.04493e-25 5.43022e-26 2.82183e-26 1.46633e-26 7.61929e-27 3.95898e-27 2.05702e-27 1.06876e-27 5.55272e-28 2.88482e-28 1.49871e-28 7.78577e-29 4.04457e-29 2.10102e-29 1.09138e-29 5.66901e-30 2.9446e-30 1.52944e-30 7.94373e-31 4.12577e-31 2.14276e-31 1.11283e-31 5.77927e-32 3.00127e-32 1.55856e-32 8.09343e-33
0.00205407 5.14453e-05 2.6869e-05 1.40316e-05 7.32682e-06 3.8254e-06 1.99706e-06 1.04246e-06 5.44108e-07 2.83966e-07 1.48186e-07 7.7322e-08 4.03421e-08 2.10463e-08 1.09787e-08 5.72649e-09 2.98668e-09 1.55758e-09 8.12225e-10 4.23513e-10 2.20811e-10 1.15117e-10 6.00104e-11 3.12809e-11 1.63041e-11 8.49738e-12 4.42833e-12 2.30762e-12 1.20242e-12 6.26499e-13 3.26403e-13 1.70043e-13 8.85795e-14 4.61403e-14 2.40325e-14 1.25167e-14 6.51862e-15 3.39464e-15 1.76769e-15 9.20433e-16 4.7924e-16 2.4951e-16 1.29897e-16 6.76219e-17 3.52006e-17 1.83227e-17 9.53688e-18 4.96363e-18 2.58327e-18 1.34437e-18 6.99594e-19 3.64042e-19 1.89424e-19 9.85594e-20 5.12791e-20 2.66785e-20 1.38792e-20 7.22014e-21 3.75584e-21 1.95367e-21 1.01619e-21 5.28541e-22 2.74894e-22 1.42966e-22 7.43502e-23 3.86646e-23 2.01061e-23 1.0455e-23 5.43631e-24 2.82661e-24 1.46964e-24 7.64083e-25 3.9724e-25 2.06514e-25 1.07357e-25 5.58077e-26 2.90097e-26 1.50791e-26 7.8378e-27 4.07378e-27 2.11731e-27 1.10042e-27 5.71897e-28 2.97209e-28 1.54451e-28 8.02616e-29 4.17071e-29 2.1672e-29 1.12609e-29 5.85106e-30 3.04006e-30 1.57949e-30 8.20614e-31 4.26332e-31 2.21485e-31 1.15061e-31 5.97721e-32 3.10497e-32 1.61289e-32 8.37795e-33 4.35171e-33
0.00106088 2.6843e-05 1.40249e-05 7.32682e-06 3.82722e-06 1.99895e-06 1.04394e-06 5.45131e-07 2.8463e-07 1.48599e-07 7.75725e-08 4.04908e-08 2.11331e-08 1.10288e-08 5.75512e-09 3.00289e-09 1.5667e-09 8.17325e-10 4.26349e-10 2.22382e-10 1.15984e-10 6.04868e-11 3.15419e-11 1.64468e-11 8.57514e-12 4.47062e-12 2.33057e-12 1.21486e-12 6.33221e-13 3.30031e-13 1.71999e-13 8.96323e-14 4.67062e-14 2.43364e-14 1.26797e-14 6.60593e-15 3.44137e-15 1.79268e-15 9.33782e-16 4.86366e-16 2.53311e-16 1.31923e-16 6.87007e-17 3.57748e-17 1.86281e-17 9.69921e-18 5.04987e-18 2.62906e-18 1.36867e-18 7.12482e-19 3.70874e-19 1.93044e-19 1.00477e-19 5.22942e-20 2.72157e-20 1.41633e-20 7.3704e-21 3.83527e-21 1.99563e-21 1.03835e-21 5.40245e-22 2.81072e-22 1.46226e-22 7.60701e-23 3.95716e-23 2.05843e-23 1.07071e-23 5.56912e-24 2.89658e-24 1.50649e-24 7.83485e-25 4.07453e-25 2.11889e-25 1.10185e-25 5.72955e-26 2.97922e-26 1.54906e-26 8.05412e-27 4.18748e-27 2.17707e-27 1.13182e-27 5.8839e-28 3.05872e-28 1.59001e-28 8.26502e-29 4.2961e-29 2.23301e-29 1.16063e-29 6.03229e-30 3.13514e-30 1.62937e-30 8.46773e-31 4.4005e-31 2.28678e-31 1.18832e-31 6.17488e-32 3.20857e-32 1.66718e-32 8.66244e-33 4.50077e-33 2.33841e-33
0.000547921 1.40046e-05 7.3198e-06 3.8254e-06 1.99895e-06 1.04443e-06 5.45642e-07 2.85028e-07 1.48875e-07 7.77517e-08 4.06025e-08 2.12008e-08 1.1069e-08 5.77859e-09 3.01644e-09 1.57444e-09 8.21709e-10 4.28816e-10 2.23762e-10 1.16752e-10 6.09119e-11 3.17765e-11 1.65758e-11 8.64583e-12 4.50926e-12 2.35163e-12 1.22631e-12 6.3944e-13 3.33401e-13 1.73821e-13 9.06161e-14 4.72366e-14 2.46219e-14 1.28332e-14 6.68838e-15 3.4856e-15 1.81638e-15 9.46468e-16 4.9315e-16 2.56936e-16 1.33858e-16 6.97331e-17 3.63252e-17 1.89213e-17 9.85527e-18 5.13289e-18 2.6732e-18 1.39212e-18 7.24936e-19 3.77484e-19 1.96551e-19 1.02336e-19 5.32796e-20 2.77377e-20 1.44397e-20 7.51669e-21 3.91267e-21 2.03657e-21 1.05999e-21 5.51682e-22 2.87114e-22 1.49417e-22 7.77546e-23 4.04607e-23 2.10534e-23 1.09545e-23 5.69959e-24 2.96536e-24 1.54274e-24 8.02584e-25 4.17514e-25 2.17187e-25 1.12975e-25 5.87639e-26 3.05649e-26 1.58972e-26 8.26799e-27 4.29996e-27 2.23621e-27 1.16291e-27 6.04732e-28 3.1446e-28 1.63513e-28 8.50207e-29 4.42061e-29 2.2984e-29 1.19496e-29 6.21252e-30 3.22974e-30 1.67901e-30 8.72823e-31 4.53717e-31 2.35847e-31 1.22592e-31 6.37207e-32 3.31197e-32 1.72139e-32 8.94662e-33 4.64972e-33 2.41647e-33 1.25581e-33
0.000282989 7.30577e-06 3.81993e-06 1.99706e-06 1.04394e-06 5.45642e-07 2.85161e-07 1.49013e-07 7.78593e-08 4.06771e-08 2.12492e-08 1.10992e-08 5.79688e-09 3.0273e-09 1.58079e-09 8.25373e-10 4.30909e-10 2.24948e-10 1.17419e-10 6.12853e-11 3.19843e-11 1.66909e-11 8.70935e-12 4.54419e-12 2.37078e-12 1.23678e-12 6.45148e-13 3.36506e-13 1.75506e-13 9.15296e-14 4.77307e-14 2.48888e-14 1.29771e-14 6.76585e-15 3.52726e-15 1.83875e-15 9.58473e-16 4.99584e-16 2.60381e-16 1.35701e-16 7.07179e-17 3.6851e-17 1.92018e-17 1.00049e-17 5.21259e-18 2.71563e-18 1.4147e-18 7.36941e-19 3.83864e-19 1.99939e-19 1.04135e-19 5.4234e-20 2.82439e-20 1.4708e-20 7.65883e-21 3.98794e-21 2.07642e-21 1.08108e-21 5.62836e-22 2.93012e-22 1.52534e-22 7.94019e-23 4.13308e-23 2.15128e-23 1.1197e-23 5.82757e-24 3.03287e-24 1.57835e-24 8.21359e-25 4.27411e-25 2.22403e-25 1.15722e-25 6.02111e-26 3.1327e-26 1.62984e-26 8.47918e-27 4.41109e-27 2.29468e-27 1.19366e-27 6.20907e-28 3.22965e-28 1.67984e-28 8.73706e-29 4.5441e-29 2.36328e-29 1.22904e-29 6.39154e-30 3.32375e-30 1.72837e-30 8.98736e-31 4.67318e-31 2.42985e-31 1.26338e-31 6.56859e-32 3.41506e-32 1.77546e-32 9.2302e-33 4.79842e-33 2.49443e-33 1.29668e-33 6.74033e-34
0.000146157 3.81082e-06 1.99327e-06 1.04246e-06 5.45131e-07 2.85028e-07 1.49013e-07 7.78952e-08 4.07144e-08 2.12783e-08 1.11193e-08 5.80997e-09 3.03546e-09 1.58573e-09 8.2831e-10 4.32626e-10 2.25939e-10 1.17985e-10 6.16063e-11 3.21649e-11 1.67919e-11 8.7656e-12 4.57536e-12 2.38799e-12 1.24624e-12 6.50336e-13 3.39342e-13 1.77054e-13 9.23714e-14 4.81878e-14 2.51365e-14 1.31111e-14 6.83824e-15 3.5663e-15 1.85978e-15 9.69782e-16 5.05659e-16 2.63641e-16 1.37448e-16 7.16536e-17 3.73516e-17 1.94694e-17 1.01478e-17 5.28885e-18 2.7563e-18 1.43637e-18 7.4848e-19 3.90005e-19 2.03205e-19 1.05871e-19 5.51562e-20 2.87335e-20 1.49678e-20 7.79665e-21 4.06101e-21 2.11513e-21 1.10159e-21 5.73695e-22 2.98759e-22 1.55575e-22 8.10097e-23 4.21808e-23 2.1962e-23 1.14343e-23 5.95291e-24 3.09905e-24 1.61327e-24 8.39788e-25 4.37132e-25 2.27529e-25 1.18425e-25 6.16355e-26 3.20776e-26 1.66938e-26 8.68743e-27 4.52075e-27 2.35241e-27 1.22405e-27 6.36895e-28 3.31376e-28 1.72408e-28 8.96973e-29 4.66643e-29 2.42759e-29 1.26284e-29 6.56916e-30 3.41708e-30 1.7774e-30 9.24485e-31 4.80841e-31 2.50085e-31 1.30065e-31 6.76424e-32 3.51774e-32 1.82934e-32 9.51289e-33 4.94671e-33 2.57222e-33 1.33748e-33 6.95426e-34 3.61579e-34
7.54871e-05 1.9876e-06 1.04001e-06 5.44108e-07 2.8463e-07 1.48875e-07 7.78593e-08 4.07144e-08 2.1288e-08 1.11294e-08 5.81783e-09 3.0409e-09 1.58927e-09 8.30516e-10 4.33964e-10 2.26733e-10 1.1845e-10 6.18745e-11 3.23182e-11 1.68788e-11 8.81452e-12 4.60273e-12 2.40322e-12 1.25469e-12 6.54998e-13 3.41907e-13 1.7846e-13 9.31404e-14 4.86073e-14 2.53648e-14 1.32351e-14 6.90545e-15 3.60267e-15 1.87942e-15 9.80379e-16 5.11367e-16 2.66712e-16 1.39098e-16 7.25391e-17 3.78263e-17 1.97237e-17 1.02838e-17 5.36158e-18 2.79515e-18 1.45711e-18 7.5954e-19 3.95899e-19 2.06345e-19 1.07542e-19 5.6045e-20 2.9206e-20 1.52189e-20 7.92996e-21 4.13177e-21 2.15267e-21 1.12149e-21 5.84244e-22 3.04347e-22 1.58534e-22 8.25763e-23 4.30098e-23 2.24005e-23 1.16662e-23 6.07544e-24 3.16379e-24 1.64747e-24 8.57847e-25 4.46665e-25 2.3256e-25 1.21079e-25 6.30355e-26 3.28158e-26 1.70829e-26 8.89252e-27 4.62881e-27 2.40933e-27 1.25403e-27 6.52679e-28 3.39685e-28 1.76781e-28 9.19982e-29 4.78748e-29 2.49126e-29 1.29633e-29 6.7452e-30 3.50961e-30 1.82603e-30 9.50044e-31 4.94269e-31 2.57139e-31 1.3377e-31 6.95881e-32 3.6199e-32 1.88297e-32 9.79441e-33 5.09446e-33 2.64975e-33 1.37815e-33 7.16767e-34 3.72773e-34 1.93864e-34
3.89874e-05 1.03657e-06 5.42577e-07 2.83966e-07 1.48599e-07 7.77517e-08 4.06771e-08 2.12783e-08 1.11294e-08 5.82045e-09 3.04363e-09 1.5914e-09 8.31989e-10 4.34921e-10 2.2733e-10 1.18812e-10 6.20895e-11 3.24439e-11 1.69515e-11 8.85603e-12 4.62626e-12 2.41647e-12 1.2621e-12 6.59126e-13 3.44195e-13 1.79723e-13 9.38356e-14 4.89886e-14 2.55734e-14 1.33489e-14 6.96738e-15 3.63631e-15 1.89766e-15 9.90249e-16 5.167e-16 2.69589e-16 1.40648e-16 7.33731e-17 3.82745e-17 1.99643e-17 1.04128e-17 5.43069e-18 2.83213e-18 1.47688e-18 7.70105e-19 4.01539e-19 2.09353e-19 1.09145e-19 5.68992e-20 2.96607e-20 1.54608e-20 8.0586e-21 4.20013e-21 2.18898e-21 1.14077e-21 5.9447e-22 3.09771e-22 1.61409e-22 8.40997e-23 4.38166e-23 2.28277e-23 1.18922e-23 6.19504e-24 3.22704e-24 1.68091e-24 8.75516e-25 4.56e-25 2.3749e-25 1.23682e-25 6.44094e-26 3.35407e-26 1.74654e-26 9.0942e-27 4.73514e-27 2.46538e-27 1.28356e-27 6.6824e-28 3.47881e-28 1.81098e-28 9.42708e-29 4.9071e-29 2.55421e-29 1.32945e-29 6.91945e-30 3.60127e-30 1.87423e-30 9.75384e-31 5.07589e-31 2.6414e-31 1.37449e-31 7.1521e-32 3.72144e-32 1.9363e-32 1.00745e-32 5.24151e-33 2.72695e-33 1.41868e-33 7.38035e-34 3.83933e-34 1.9972e-34 1.0389e-34
2.01361e-05 5.40539e-07 2.83039e-07 1.48186e-07 7.75725e-08 4.06025e-08 2.12492e-08 1.11193e-08 5.81783e-09 3.04363e-09 1.59211e-09 8.32726e-10 4.35496e-10 2.27729e-10 1.19071e-10 6.2251e-11 3.25419e-11 1.70097e-11 8.89007e-12 4.64592e-12 2.42772e-12 1.26848e-12 6.62716e-13 3.46205e-13 1.80842e-13 9.4456e-14 4.93312e-14 2.57619e-14 1.34523e-14 7.02396e-15 3.66718e-15 1.91447e-15 9.9938e-16 5.21652e-16 2.72269e-16 1.42097e-16 7.41546e-17 3.86956e-17 2.01909e-17 1.05346e-17 5.49608e-18 2.8672e-18 1.49567e-18 7.80162e-19 4.06917e-19 2.12227e-19 1.1068e-19 5.77179e-20 3.00972e-20 1.56934e-20 8.18241e-21 4.266e-21 2.22401e-21 1.15939e-21 6.04361e-22 3.15022e-22 1.64196e-22 8.55779e-23 4.46003e-23 2.3243e-23 1.21122e-23 6.31154e-24 3.28871e-24 1.71354e-24 8.92774e-25 4.65124e-25 2.42313e-25 1.2623e-25 6.57555e-26 3.42516e-26 1.78406e-26 9.29224e-27 4.83963e-27 2.52049e-27 1.31263e-27 6.83562e-28 3.55957e-28 1.85353e-28 9.65126e-29 5.02518e-29 2.61639e-29 1.36218e-29 7.09174e-30 3.69193e-30 1.92193e-30 1.00048e-30 5.20787e-31 2.7108e-31 1.41098e-31 7.3439e-32 3.82224e-32 1.98928e-32 1.03528e-32 5.38772e-33 2.80374e-33 1.459e-33 7.59208e-34 3.9505e-34 2.05555e-34 1.06953e-34 5.56469e-35
1.03999e-05 2.81849e-07 1.47635e-07 7.7322e-08 4.04908e-08 2.12008e-08 1.10992e-08 5.80997e-09 3.0409e-09 1.5914e-09 8.32726e-10 4.35687e-10 2.27928e-10 1.19226e-10 6.23588e-11 3.2612e-11 1.70534e-11 8.91659e-12 4.66169e-12 2.43694e-12 1.2738e-12 6.65762e-13 3.47932e-13 1.81815e-13 9.50008e-14 4.96346e-14 2.59301e-14 1.35452e-14 7.0751e-15 3.69524e-15 1.92982e-15 1.00776e-15 5.26214e-16 2.74748e-16 1.43441e-16 7.48824e-17 3.9089e-17 2.04032e-17 1.0649e-17 5.55766e-18 2.90031e-18 1.51345e-18 7.89697e-19 4.12027e-19 2.14963e-19 1.12143e-19 5.84998e-20 3.05148e-20 1.59162e-20 8.30122e-21 4.32932e-21 2.25773e-21 1.17733e-21 6.13905e-22 3.20095e-22 1.66891e-22 8.70092e-23 4.536e-23 2.3646e-23 1.23259e-23 6.42481e-24 3.34872e-24 1.74532e-24 9.096e-25 4.74029e-25 2.47023e-25 1.28721e-25 6.70723e-26 3.49475e-26 1.82083e-26 9.48641e-27 4.94215e-27 2.57461e-27 1.34118e-27 6.98626e-28 3.63902e-28 1.89542e-28 9.87209e-29 5.14156e-29 2.67771e-29 1.39449e-29 7.26187e-30 3.78151e-30 1.96909e-30 1.0253e-30 5.33849e-31 2.77952e-31 1.44713e-31 7.53402e-32 3.92221e-32 2.04184e-32 1.06291e-32 5.53292e-33 2.88004e-33 1.49909e-33 7.80267e-34 4.0611e-34 2.11364e-34 1.10003e-34 5.72481e-35 2.97924e-35
5.37129e-06 1.46949e-07 7.70005e-08 4.03421e-08 2.11331e-08 1.1069e-08 5.79688e-09 3.03546e-09 1.58927e-09 8.31989e-10 4.35496e-10 2.27928e-10 1.19278e-10 6.24128e-11 3.26541e-11 1.70826e-11 8.93557e-12 4.67353e-12 2.44412e-12 1.27807e-12 6.6826e-13 3.49376e-13 1.82641e-13 9.54691e-14 4.98984e-14 2.60778e-14 1.36275e-14 7.12074e-15 3.72045e-15 1.9437e-15 1.01537e-15 5.30381e-16 2.77023e-16 1.4468e-16 7.55557e-17 3.94542e-17 2.06009e-17 1.07559e-17 5.61536e-18 2.93141e-18 1.53019e-18 7.98699e-19 4.16862e-19 2.17556e-19 1.13533e-19 5.92441e-20 3.09129e-20 1.6129e-20 8.41489e-21 4.38998e-21 2.29008e-21 1.19457e-21 6.23089e-22 3.24984e-22 1.69492e-22 8.83917e-23 4.60946e-23 2.40362e-23 1.25331e-23 6.53471e-24 3.40701e-24 1.77622e-24 9.25974e-25 4.82702e-25 2.51615e-25 1.31152e-25 6.83583e-26 3.56276e-26 1.85679e-26 9.67649e-27 5.04259e-27 2.62766e-27 1.3692e-27 7.13416e-28 3.71708e-28 1.93661e-28 1.00893e-28 5.25613e-29 2.73811e-29 1.42633e-29 7.42966e-30 3.86991e-30 2.01566e-30 1.04982e-30 5.4676e-31 2.84749e-31 1.4829e-31 7.72225e-32 4.02124e-32 2.09393e-32 1.0903e-32 5.67697e-33 2.95577e-33 1.5389e-33 8.01188e-34 4.17104e-34 2.1714e-34 1.13037e-34 5.88418e-35 3.06294e-35 1.59432e-35
2.77415e-06 7.66086e-08 4.01567e-08 2.10463e-08 1.10288e-08 5.77859e-09 3.0273e-09 1.58573e-09 8.30516e-10 4.34921e-10 2.27729e-10 1.19226e-10 6.24128e-11 3.26681e-11 1.70972e-11 8.94696e-12 4.68143e-12 2.44926e-12 1.28128e-12 6.70207e-13 3.50533e-13 1.83318e-13 9.58603e-14 5.01223e-14 2.62048e-14 1.36991e-14 7.16081e-15 3.74278e-15 1.95608e-15 1.02222e-15 5.34148e-16 2.7909e-16 1.45812e-16 7.61735e-17 3.97907e-17 2.07838e-17 1.08552e-17 5.6691e-18 2.96047e-18 1.54587e-18 8.07155e-19 4.21415e-19 2.20005e-19 1.14848e-19 5.99498e-20 3.12912e-20 1.63316e-20 8.52328e-21 4.44792e-21 2.32103e-21 1.2111e-21 6.31901e-22 3.29681e-22 1.71994e-22 8.97238e-23 4.68034e-23 2.44131e-23 1.27334e-23 6.64111e-24 3.4635e-24 1.8062e-24 9.41875e-25 4.91133e-25 2.56084e-25 1.33519e-25 6.96119e-26 3.62912e-26 1.8919e-26 9.86225e-27 5.14082e-27 2.67959e-27 1.39664e-27 7.27915e-28 3.79365e-28 1.97704e-28 1.03028e-28 5.36875e-29 2.79753e-29 1.45767e-29 7.59491e-30 3.95703e-30 2.06157e-30 1.07402e-30 5.59507e-31 2.91463e-31 1.51825e-31 7.90839e-32 4.11923e-32 2.14549e-32 1.11744e-32 5.81972e-33 3.03086e-33 1.57839e-33 8.21952e-34 4.2802e-34 2.22877e-34 1.16052e-34 6.04263e-35 3.14619e-35 1.63805e-35 8.5282e-36
1.43279e-06 3.99348e-08 2.09404e-08 1.09787e-08 5.75512e-09 3.01644e-09 1.58079e-09 8.2831e-10 4.33964e-10 2.2733e-10 1.19071e-10 6.23588e-11 3.26541e-11 1.70972e-11 8.95076e-12 4.68539e-12 2.45235e-12 1.28342e-12 6.71599e-13 3.51402e-13 1.83846e-13 9.6174e-14 5.03058e-14 2.63109e-14 1.37598e-14 7.19526e-15 3.76219e-15 1.96696e-15 1.02828e-15 5.3751e-16 2.80948e-16 1.46834e-16 7.6735e-17 4.00981e-17 2.09517e-17 1.09466e-17 5.71881e-18 2.98744e-18 1.56048e-18 8.15055e-19 4.2568e-19 2.22304e-19 1.16087e-19 6.06159e-20 3.1649e-20 1.65236e-20 8.62623e-21 4.50307e-21 2.35054e-21 1.22687e-21 6.40331e-22 3.34182e-22 1.74395e-22 9.10039e-23 4.74854e-23 2.47762e-23 1.29266e-23 6.74388e-24 3.51812e-24 1.83522e-24 9.57285e-25 4.99312e-25 2.60423e-25 1.3582e-25 7.08316e-26 3.69375e-26 1.92613e-26 1.00435e-26 5.23673e-27 2.73034e-27 1.42348e-27 7.42105e-28 3.86865e-28 2.01667e-28 1.05121e-28 5.4793e-29 2.85589e-29 1.48847e-29 7.75745e-30 4.04278e-30 2.10679e-30 1.09786e-30 5.72076e-31 2.98087e-31 1.55315e-31 8.09225e-32 4.21606e-32 2.19648e-32 1.14428e-32 5.96102e-33 3.10522e-33 1.61751e-33 8.42535e-34 4.38846e-34 2.28571e-34 1.19046e-34 6.20002e-35 3.22891e-35 1.68153e-35 8.75666e-36 4.55992e-36
7.40003e-07 2.08156e-08 1.09187e-08 5.72649e-09 3.00289e-09 1.57444e-09 8.25373e-10 4.32626e-10 2.26733e-10 1.18812e-10 6.2251e-11 3.2612e-11 1.70826e-11 8.94696e-12 4.68539e-12 2.45337e-12 1.28449e-12 6.72435e-13 3.51982e-13 1.84223e-13 9.64096e-14 5.04489e-14 2.6396e-14 1.38096e-14 7.22404e-15 3.77866e-15 1.9763e-15 1.03354e-15 5.40461e-16 2.82593e-16 1.47747e-16 7.72394e-17 4.03759e-17 2.11042e-17 1.10301e-17 5.76441e-18 3.01229e-18 1.57399e-18 8.22387e-19 4.29652e-19 2.24453e-19 1.17247e-19 6.12415e-20 3.1986e-20 1.67049e-20 8.72363e-21 4.55535e-21 2.37857e-21 1.24189e-21 6.48369e-22 3.3848e-22 1.76692e-22 9.22302e-23 4.81397e-23 2.51251e-23 1.31125e-23 6.84288e-24 3.57081e-24 1.86325e-24 9.72186e-25 5.07229e-25 2.64628e-25 1.38052e-25 7.2016e-26 3.75657e-26 1.95944e-26 1.022e-26 5.33022e-27 2.77984e-27 1.44968e-27 7.55971e-28 3.942e-28 2.05545e-28 1.07171e-28 5.58766e-29 2.91314e-29 1.5187e-29 7.91709e-30 4.12705e-30 2.15127e-30 1.12132e-30 5.84452e-31 3.04613e-31 1.58756e-31 8.27362e-32 4.31164e-32 2.24684e-32 1.17081e-32 6.10072e-33 3.17878e-33 1.65624e-33 8.62918e-34 4.49573e-34 2.34215e-34 1.22015e-34 6.35617e-35 3.31103e-35 1.72471e-35 8.98365e-36 4.67923e-36 2.43715e-36
3.82195e-07 1.0849e-08 5.69276e-09 2.98668e-09 1.5667e-09 8.21709e-10 4.30909e-10 2.25939e-10 1.1845e-10 6.20895e-11 3.25419e-11 1.70534e-11 8.93557e-12 4.68143e-12 2.45235e-12 1.28449e-12 6.72714e-13 3.52273e-13 1.8445e-13 9.65669e-14 5.05512e-14 2.64599e-14 1.38484e-14 7.24711e-15 3.79216e-15 1.98411e-15 1.03801e-15 5.42998e-16 2.84023e-16 1.48548e-16 7.76861e-17 4.06238e-17 2.12412e-17 1.11056e-17 5.80586e-18 3.03498e-18 1.58639e-18 8.29143e-19 4.33326e-19 2.26447e-19 1.18327e-19 6.1826e-20 3.23017e-20 1.68751e-20 8.81534e-21 4.60469e-21 2.40509e-21 1.25613e-21 6.56003e-22 3.4257e-22 1.78881e-22 9.34013e-23 4.87656e-23 2.54593e-23 1.32909e-23 6.938e-24 3.6215e-24 1.89025e-24 9.86558e-25 5.14875e-25 2.68693e-25 1.40213e-25 7.31636e-26 3.8175e-26 1.99177e-26 1.03915e-26 5.42117e-27 2.82804e-27 1.47522e-27 7.69496e-28 4.01361e-28 2.09335e-28 1.09176e-28 5.69369e-29 2.9692e-29 1.54834e-29 8.07366e-30 4.20975e-30 2.19494e-30 1.14438e-30 5.96623e-31 3.11036e-31 1.62144e-31 8.45232e-32 4.40587e-32 2.29652e-32 1.19699e-32 6.23868e-33 3.25146e-33 1.69452e-33 8.83079e-34 4.60188e-34 2.39803e-34 1.24956e-34 6.51094e-35 3.39246e-35 1.76754e-35 9.20894e-36 4.79771e-36 2.49944e-36 1.30208e-36
1.97395e-07 5.65398e-09 2.96782e-09 1.55758e-09 8.17325e-10 4.28816e-10 2.24948e-10 1.17985e-10 6.18745e-11 3.24439e-11 1.70097e-11 8.91659e-12 4.67353e-12 2.44926e-12 1.28342e-12 6.72435e-13 3.52273e-13 1.84525e-13 9.66456e-14 5.06126e-14 2.65025e-14 1.38761e-14 7.26444e-15 3.80269e-15 1.99037e-15 1.04168e-15 5.45118e-16 2.85236e-16 1.49237e-16 7.80745e-17 4.08414e-17 2.13626e-17 1.11729e-17 5.8431e-18 3.0555e-18 1.59766e-18 8.35314e-19 4.36697e-19 2.28284e-19 1.19327e-19 6.23684e-20 3.25956e-20 1.70342e-20 8.90126e-21 4.65104e-21 2.43006e-21 1.26956e-21 6.63224e-22 3.46447e-22 1.80961e-22 9.45157e-23 4.93622e-23 2.57785e-23 1.34615e-23 7.02912e-24 3.67014e-24 1.91619e-24 1.00038e-24 5.22241e-25 2.72615e-25 1.42299e-25 7.42731e-26 3.87647e-26 2.0231e-26 1.05578e-26 5.50947e-27 2.87489e-27 1.50006e-27 7.82665e-28 4.08339e-28 2.13031e-28 1.11133e-28 5.79729e-29 3.02401e-29 1.57733e-29 8.22698e-30 4.2908e-30 2.23778e-30 1.16701e-30 6.08575e-31 3.17347e-31 1.65476e-31 8.62814e-32 4.49864e-32 2.34545e-32 1.22279e-32 6.37475e-33 3.32319e-33 1.73232e-33 9.02997e-34 4.7068e-34 2.45329e-34 1.27866e-34 6.66416e-35 3.47312e-35 1.80999e-35 9.43231e-36 4.91523e-36 2.56126e-36 1.33459e-36 6.95389e-37
1.0195e-07 2.94635e-09 1.54709e-09 8.12225e-10 4.26349e-10 2.23762e-10 1.17419e-10 6.16063e-11 3.23182e-11 1.69515e-11 8.89007e-12 4.66169e-12 2.44412e-12 1.28128e-12 6.71599e-13 3.51982e-13 1.8445e-13 9.66456e-14 5.06331e-14 2.65239e-14 1.38928e-14 7.27601e-15 3.81021e-15 1.99507e-15 1.04453e-15 5.46817e-16 2.86231e-16 1.49813e-16 7.8404e-17 4.10285e-17 2.14681e-17 1.12321e-17 5.87607e-18 3.0738e-18 1.60778e-18 8.4089e-19 4.3976e-19 2.29962e-19 1.20243e-19 6.28682e-20 3.28675e-20 1.71818e-20 8.98126e-21 4.69432e-21 2.45345e-21 1.28218e-21 6.70024e-22 3.50107e-22 1.82928e-22 9.5572e-23 4.99289e-23 2.60822e-23 1.36241e-23 7.11613e-24 3.71665e-24 1.94103e-24 1.01365e-24 5.29316e-25 2.76387e-25 1.44309e-25 7.53432e-26 3.93342e-26 2.05339e-26 1.07189e-26 5.59502e-27 2.92032e-27 1.52418e-27 7.95463e-28 4.15126e-28 2.1663e-28 1.13041e-28 5.89832e-29 3.07752e-29 1.60565e-29 8.37688e-30 4.3701e-30 2.27972e-30 1.18918e-30 6.20295e-31 3.23539e-31 1.68747e-31 8.80089e-32 4.58984e-32 2.39359e-32 1.2482e-32 6.50878e-33 3.39388e-33 1.7696e-33 9.22651e-34 4.8104e-34 2.50789e-34 1.30743e-34 6.81569e-35 3.55292e-35 1.85201e-35 9.65354e-36 5.03168e-36 2.62255e-36 1.36684e-36 7.12355e-37 3.71244e-37
5.2655e-08 1.53525e-09 8.06418e-10 4.23513e-10 2.22382e-10 1.16752e-10 6.12853e-11 3.21649e-11 1.68788e-11 8.85603e-12 4.64592e-12 2.43694e-12 1.27807e-12 6.70207e-13 3.51402e-13 1.84223e-13 9.65669e-14 5.06126e-14 2.65239e-14 1.38983e-14 7.28179e-15 3.81473e-15 1.99821e-15 1.04658e-15 5.48093e-16 2.87006e-16 1.50274e-16 7.86742e-17 4.11848e-17 2.15576e-17 1.12829e-17 5.90473e-18 3.08987e-18 1.61674e-18 8.45866e-19 4.42512e-19 2.31479e-19 1.21076e-19 6.33246e-20 3.31169e-20 1.73178e-20 9.05525e-21 4.7345e-21 2.47523e-21 1.29397e-21 6.76392e-22 3.53543e-22 1.8478e-22 9.6569e-23 5.04649e-23 2.63701e-23 1.37786e-23 7.19892e-24 3.76099e-24 1.96476e-24 1.02633e-24 5.36094e-25 2.80005e-25 1.4624e-25 7.63726e-26 3.98827e-26 2.0826e-26 1.08743e-26 5.67771e-27 2.96429e-27 1.54755e-27 8.07874e-28 4.21716e-28 2.20127e-28 1.14895e-28 5.99668e-29 3.12965e-29 1.63328e-29 8.52318e-30 4.44757e-30 2.32072e-30 1.21088e-30 6.31769e-31 3.29607e-31 1.71955e-31 8.9704e-32 4.6794e-32 2.44089e-32 1.27318e-32 6.64063e-33 3.46347e-33 1.80632e-33 9.4202e-34 4.91255e-34 2.56175e-34 1.33582e-34 6.96535e-35 3.63178e-35 1.89356e-35 9.87241e-36 5.14694e-36 2.68324e-36 1.39879e-36 7.29173e-37 3.80095e-37 1.98124e-37
2.71951e-08 7.99912e-10 4.2031e-10 2.20811e-10 1.15984e-10 6.09119e-11 3.19843e-11 1.67919e-11 8.81452e-12 4.62626e-12 2.42772e-12 1.2738e-12 6.6826e-13 3.50533e-13 1.83846e-13 9.64096e-14 5.05512e-14 2.65025e-14 1.38928e-14 7.28179e-15 3.81624e-15 1.99978e-15 1.0478e-15 5.48945e-16 2.87561e-16 1.50621e-16 7.88847e-17 4.13101e-17 2.1631e-17 1.13254e-17 5.92905e-18 3.10368e-18 1.62453e-18 8.50234e-19 4.44948e-19 2.32832e-19 1.21825e-19 6.37371e-20 3.33436e-20 1.7442e-20 9.12312e-21 4.77151e-21 2.49537e-21 1.3049e-21 6.82323e-22 3.56753e-22 1.86515e-22 9.75052e-23 5.09695e-23 2.66417e-23 1.39246e-23 7.27739e-24 3.8031e-24 1.98733e-24 1.03843e-24 5.42565e-25 2.83466e-25 1.48089e-25 7.73599e-26 4.04095e-26 2.11069e-26 1.1024e-26 5.75746e-27 3.00674e-27 1.57013e-27 8.19884e-28 4.28099e-28 2.23518e-28 1.16696e-28 6.09225e-29 3.18036e-29 1.66017e-29 8.66573e-30 4.5231e-30 2.36073e-30 1.23207e-30 6.42986e-31 3.35543e-31 1.75095e-31 9.13646e-32 4.76719e-32 2.4873e-32 1.2977e-32 6.77016e-33 3.53187e-33 1.84244e-33 9.61084e-34 5.01316e-34 2.61483e-34 1.36382e-34 7.113e-35 3.70963e-35 1.9346e-35 1.00887e-35 5.2609e-36 2.74327e-36 1.43041e-36 7.45825e-37 3.88862e-37 2.0274e-37 1.05698e-37
1.40457e-08 4.16746e-10 2.19051e-10 1.15117e-10 6.04868e-11 3.17765e-11 1.66909e-11 8.7656e-12 4.60273e-12 2.41647e-12 1.26848e-12 6.65762e-13 3.49376e-13 1.83318e-13 9.6174e-14 5.04489e-14 2.64599e-14 1.38761e-14 7.27601e-15 3.81473e-15 1.99978e-15 1.04821e-15 5.49371e-16 2.87894e-16 1.50852e-16 7.90353e-17 4.14042e-17 2.16881e-17 1.13594e-17 5.94899e-18 3.11522e-18 1.63114e-18 8.53989e-19 4.47067e-19 2.34019e-19 1.22488e-19 6.41052e-20 3.35472e-20 1.75542e-20 9.1848e-21 4.80532e-21 2.51384e-21 1.31498e-21 6.87807e-22 3.59732e-22 1.8813e-22 9.83796e-23 5.14422e-23 2.68969e-23 1.40622e-23 7.35144e-24 3.84292e-24 2.00873e-24 1.04991e-24 5.48722e-25 2.86764e-25 1.49854e-25 7.83041e-26 4.09141e-26 2.13764e-26 1.11679e-26 5.83417e-27 3.04763e-27 1.59191e-27 8.31479e-28 4.34269e-28 2.26799e-28 1.1844e-28 6.18492e-29 3.22957e-29 1.68629e-29 8.80435e-30 4.59663e-30 2.39971e-30 1.25273e-30 6.53932e-31 3.4134e-31 1.78164e-31 9.2989e-32 4.85314e-32 2.53276e-32 1.32173e-32 6.89722e-33 3.59903e-33 1.87792e-33 9.79823e-34 5.11211e-34 2.66707e-34 1.39139e-34 7.25848e-35 3.78638e-35 1.97508e-35 1.03021e-35 5.37344e-36 2.80259e-36 1.46167e-36 7.62295e-37 3.97539e-37 2.0731e-37 1.08104e-37 5.63702e-38
7.25428e-09 2.17104e-10 1.14153e-10 6.00104e-11 3.15419e-11 1.65758e-11 8.70935e-12 4.57536e-12 2.40322e-12 1.2621e-12 6.62716e-13 3.47932e-13 1.82641e-13 9.58603e-14 5.03058e-14 2.6396e-14 1.38484e-14 7.26444e-15 3.81021e-15 1.99821e-15 1.0478e-15 5.49371e-16 2.88005e-16 1.50968e-16 7.91257e-17 4.1467e-17 2.1729e-17 1.1385e-17 5.96453e-18 3.12447e-18 1.63656e-18 8.57126e-19 4.48864e-19 2.3504e-19 1.23064e-19 6.44283e-20 3.37274e-20 1.76543e-20 9.24021e-21 4.83586e-21 2.53063e-21 1.32418e-21 6.92838e-22 3.62476e-22 1.89624e-22 9.91911e-23 5.18822e-23 2.71351e-23 1.4191e-23 7.42098e-24 3.88042e-24 2.02892e-24 1.06077e-24 5.54557e-25 2.89896e-25 1.51534e-25 7.9204e-26 4.13959e-26 2.16341e-26 1.13056e-26 5.90774e-27 3.0869e-27 1.61286e-27 8.42645e-28 4.40217e-28 2.29967e-28 1.20126e-28 6.27458e-29 3.27724e-29 1.71162e-29 8.9389e-30 4.66806e-30 2.43762e-30 1.27284e-30 6.64595e-31 3.46992e-31 1.81159e-31 9.45754e-32 4.93714e-32 2.57722e-32 1.34526e-32 7.02169e-33 3.66485e-33 1.91272e-33 9.98217e-34 5.2093e-34 2.71841e-34 1.41851e-34 7.40165e-35 3.86195e-35 2.01496e-35 1.05126e-35 5.48444e-36 2.86113e-36 1.49254e-36 7.78568e-37 4.06115e-37 2.11829e-37 1.10485e-37 5.76244e-38 3.00533e-38
3.74667e-09 1.13092e-10 5.94835e-11 3.12809e-11 1.64468e-11 8.64583e-12 4.54419e-12 2.38799e-12 1.25469e-12 6.59126e-13 3.46205e-13 1.81815e-13 9.54691e-14 5.01223e-14 2.63109e-14 1.38096e-14 7.24711e-15 3.80269e-15 1.99507e-15 1.04658e-15 5.48945e-16 2.87894e-16 1.50968e-16 7.91559e-17 4.14985e-17 2.17536e-17 1.1402e-17 5.97565e-18 3.13142e-18 1.64078e-18 8.5964e-19 4.50337e-19 2.35893e-19 1.23552e-19 6.4706e-20 3.38842e-20 1.77423e-20 9.28926e-21 4.86312e-21 2.54571e-21 1.3325e-21 6.97409e-22 3.64982e-22 1.90994e-22 9.99386e-23 5.22892e-23 2.73562e-23 1.43109e-23 7.48592e-24 3.91553e-24 2.04788e-24 1.07099e-24 5.60063e-25 2.92858e-25 1.53125e-25 8.00585e-26 4.18542e-26 2.18797e-26 1.14371e-26 5.97808e-27 3.1245e-27 1.63295e-27 8.53369e-28 4.45939e-28 2.33017e-28 1.21751e-28 6.36114e-29 3.32331e-29 1.73613e-29 9.06921e-30 4.73732e-30 2.47441e-30 1.29237e-30 6.74964e-31 3.52493e-31 1.84076e-31 9.61221e-32 5.01911e-32 2.62064e-32 1.36826e-32 7.14343e-33 3.72928e-33 1.9468e-33 1.01625e-33 5.30463e-34 2.7688e-34 1.44514e-34 7.54235e-35 3.93627e-35 2.05421e-35 1.07197e-35 5.59379e-36 2.91884e-36 1.52298e-36 7.94625e-37 4.14583e-37 2.16294e-37 1.12839e-37 5.88647e-38 3.07069e-38 1.60176e-38
1.93507e-09 5.89067e-11 3.09937e-11 1.63041e-11 8.57514e-12 4.50926e-12 2.37078e-12 1.24624e-12 6.54998e-13 3.44195e-13 1.80842e-13 9.50008e-14 4.98984e-14 2.62048e-14 1.37598e-14 7.22404e-15 3.79216e-15 1.99037e-15 1.04453e-15 5.48093e-16 2.87561e-16 1.50852e-16 7.91257e-17 4.14985e-17 2.17618e-17 1.14106e-17 5.98232e-18 3.13606e-18 1.6438e-18 8.61529e-19 4.51485e-19 2.36577e-19 1.23953e-19 6.4938e-20 3.40171e-20 1.78178e-20 9.3319e-21 4.88704e-21 2.55907e-21 1.33992e-21 7.01515e-22 3.67247e-22 1.92239e-22 1.00621e-22 5.26625e-23 2.75599e-23 1.44218e-23 7.54618e-24 3.94822e-24 2.06558e-24 1.08056e-24 5.65233e-25 2.95646e-25 1.54627e-25 8.08666e-26 4.22885e-26 2.21129e-26 1.15622e-26 6.04512e-27 3.1604e-27 1.65216e-27 8.63639e-28 4.51426e-28 2.35946e-28 1.23314e-28 6.44449e-29 3.36773e-29 1.75979e-29 9.19515e-30 4.80432e-30 2.51004e-30 1.31131e-30 6.85026e-31 3.57837e-31 1.86913e-31 9.76272e-32 5.09894e-32 2.66297e-32 1.39069e-32 7.2623e-33 3.79223e-33 1.98014e-33 1.03389e-33 5.398e-34 2.81819e-34 1.47126e-34 7.68043e-35 4.00925e-35 2.09277e-35 1.09235e-35 5.70138e-36 2.97564e-36 1.55297e-36 8.10451e-37 4.22934e-37 2.20699e-37 1.15162e-37 6.00899e-38 3.13527e-38 1.63581e-38 8.53439e-39
9.99421e-10 3.06808e-11 1.6148e-11 8.49738e-12 4.47062e-12 2.35163e-12 1.23678e-12 6.50336e-13 3.41907e-13 1.79723e-13 9.4456e-14 4.96346e-14 2.60778e-14 1.36991e-14 7.19526e-15 3.77866e-15 1.98411e-15 1.04168e-15 5.46817e-16 2.87006e-16 1.50621e-16 7.90353e-17 4.1467e-17 2.17536e-17 1.14106e-17 5.98455e-18 3.13838e-18 1.64562e-18 8.62789e-19 4.52307e-19 2.37091e-19 1.24265e-19 6.51239e-20 3.41261e-20 1.78809e-20 9.36808e-21 4.9076e-21 2.57067e-21 1.34643e-21 7.05151e-22 3.69267e-22 1.93357e-22 1.01238e-22 5.30016e-23 2.77459e-23 1.45235e-23 7.60169e-24 3.97845e-24 2.08201e-24 1.08948e-24 5.7006e-25 2.98257e-25 1.56037e-25 8.16273e-26 4.26983e-26 2.23334e-26 1.16807e-26 6.10878e-27 3.19455e-27 1.67046e-27 8.73442e-28 4.56671e-28 2.38751e-28 1.24813e-28 6.52453e-29 3.41044e-29 1.78257e-29 9.31655e-30 4.86899e-30 2.54447e-30 1.32963e-30 6.94771e-31 3.63017e-31 1.89666e-31 9.90892e-32 5.17656e-32 2.70416e-32 1.41254e-32 7.37817e-33 3.85366e-33 2.01268e-33 1.05113e-33 5.4893e-34 2.86652e-34 1.49683e-34 7.81575e-35 4.08082e-35 2.13061e-35 1.11235e-35 5.8071e-36 3.0315e-36 1.58247e-36 8.26031e-37 4.31159e-37 2.2504e-37 1.17453e-37 6.12986e-38 3.19903e-38 1.66943e-38 8.71168e-39 4.54587e-39
5.16179e-10 1.59786e-11 8.41266e-12 4.42833e-12 2.33057e-12 1.22631e-12 6.45148e-13 3.39342e-13 1.7846e-13 9.38356e-14 4.93312e-14 2.59301e-14 1.36275e-14 7.16081e-15 3.76219e-15 1.9763e-15 1.03801e-15 5.45118e-16 2.86231e-16 1.50274e-16 7.88847e-17 4.14042e-17 2.1729e-17 1.1402e-17 5.98232e-18 3.13838e-18 1.64622e-18 8.6342e-19 4.528e-19 2.37433e-19 1.24489e-19 6.52636e-20 3.42111e-20 1.79315e-20 9.39774e-21 4.92478e-21 2.58052e-21 1.35203e-21 7.08311e-22 3.7104e-22 1.94348e-22 1.01788e-22 5.33063e-23 2.79139e-23 1.46159e-23 7.65237e-24 4.00617e-24 2.09714e-24 1.09772e-24 5.7454e-25 3.00688e-25 1.57354e-25 8.23396e-26 4.3083e-26 2.2541e-26 1.17926e-26 6.16896e-27 3.22691e-27 1.68784e-27 8.82766e-28 4.6167e-28 2.41429e-28 1.26246e-28 6.60117e-29 3.4514e-29 1.80444e-29 9.43329e-30 4.93126e-30 2.57767e-30 1.34732e-30 7.04187e-31 3.68028e-31 1.92331e-31 1.00506e-31 5.25187e-32 2.74417e-32 1.43379e-32 7.49091e-33 3.91348e-33 2.04441e-33 1.06795e-33 5.57843e-34 2.91375e-34 1.52184e-34 7.94817e-35 4.15091e-35 2.1677e-35 1.13197e-35 5.91083e-36 3.08634e-36 1.61146e-36 8.41347e-37 4.3925e-37 2.29313e-37 1.19709e-37 6.24897e-38 3.26189e-38 1.7026e-38 8.88667e-39 4.63817e-39 2.42068e-39
2.66595e-10 8.32109e-12 4.38245e-12 2.30762e-12 1.21486e-12 6.3944e-13 3.36506e-13 1.77054e-13 9.31404e-14 4.89886e-14 2.57619e-14 1.35452e-14 7.12074e-15 3.74278e-15 1.96696e-15 1.03354e-15 5.42998e-16 2.85236e-16 1.49813e-16 7.86742e-17 4.13101e-17 2.16881e-17 1.1385e-17 5.97565e-18 3.13606e-18 1.64562e-18 8.6342e-19 4.52964e-19 2.37605e-19 1.24623e-19 6.53568e-20 3.42718e-20 1.79695e-20 9.42085e-21 4.93855e-21 2.58859e-21 1.35671e-21 7.10992e-22 3.72565e-22 1.95208e-22 1.02271e-22 5.3576e-23 2.80639e-23 1.46989e-23 7.69817e-24 4.03136e-24 2.11096e-24 1.10528e-24 5.78666e-25 3.02936e-25 1.58576e-25 8.30027e-26 4.34423e-26 2.27353e-26 1.18976e-26 6.22561e-27 3.25743e-27 1.70427e-27 8.91602e-28 4.66416e-28 2.43976e-28 1.27612e-28 6.67432e-29 3.49055e-29 1.82538e-29 9.54523e-30 4.99105e-30 2.60958e-30 1.36434e-30 7.13263e-31 3.72864e-31 1.94906e-31 1.01877e-31 5.3248e-32 2.78295e-32 1.4544e-32 7.60041e-33 3.97162e-33 2.07528e-33 1.08433e-33 5.66531e-34 2.95981e-34 1.54626e-34 8.07753e-35 4.21943e-35 2.20398e-35 1.15117e-35 6.01247e-36 3.14011e-36 1.6399e-36 8.56384e-37 4.47199e-37 2.33514e-37 1.21929e-37 6.36619e-38 3.3238e-38 1.73529e-38 9.05919e-39 4.72921e-39 2.46871e-39 1.28865e-39
1.3769e-10 4.33304e-12 2.28281e-12 1.20242e-12 6.33221e-13 3.33401e-13 1.75506e-13 9.23714e-14 4.86073e-14 2.55734e-14 1.34523e-14 7.0751e-15 3.72045e-15 1.95608e-15 1.02828e-15 5.40461e-16 2.84023e-16 1.49237e-16 7.8404e-17 4.11848e-17 2.1631e-17 1.13594e-17 5.96453e-18 3.13142e-18 1.6438e-18 8.62789e-19 4.528e-19 2.37605e-19 1.24667e-19 6.54035e-20 3.43083e-20 1.79949e-20 9.43738e-21 4.94889e-21 2.59488e-21 1.36045e-21 7.1319e-22 3.73838e-22 1.95938e-22 1.02686e-22 5.38104e-23 2.81954e-23 1.47724e-23 7.73903e-24 4.05399e-24 2.12344e-24 1.11215e-24 5.82434e-25 3.04997e-25 1.59702e-25 8.36157e-26 4.37757e-26 2.29163e-26 1.19956e-26 6.27866e-27 3.2861e-27 1.71974e-27 8.99937e-28 4.70903e-28 2.46389e-28 1.28908e-28 6.74389e-29 3.52786e-29 1.84537e-29 9.65224e-30 5.04829e-30 2.64018e-30 1.38069e-30 7.21989e-31 3.7752e-31 1.97389e-31 1.032e-31 5.39526e-32 2.82046e-32 1.47435e-32 7.70655e-33 4.02804e-33 2.10525e-33 1.10025e-33 5.74983e-34 3.00466e-34 1.57005e-34 8.20372e-35 4.28632e-35 2.23943e-35 1.16995e-35 6.11192e-36 3.19276e-36 1.66776e-36 8.71127e-37 4.54997e-37 2.37638e-37 1.24109e-37 6.48142e-38 3.38469e-38 1.76745e-38 9.22906e-39 4.81891e-39 2.51606e-39 1.31364e-39 6.85824e-40
7.11139e-11 2.25619e-12 1.18904e-12 6.26499e-13 3.30031e-13 1.73821e-13 9.15296e-14 4.81878e-14 2.53648e-14 1.33489e-14 7.02396e-15 3.69524e-15 1.9437e-15 1.02222e-15 5.3751e-16 2.82593e-16 1.48548e-16 7.80745e-17 4.10285e-17 2.15576e-17 1.13254e-17 5.94899e-18 3.12447e-18 1.64078e-18 8.61529e-19 4.52307e-19 2.37433e-19 1.24623e-19 6.54035e-20 3.43205e-20 1.80076e-20 9.44731e-21 4.95579e-21 2.59938e-21 1.36327e-21 7.14902e-22 3.74858e-22 1.96537e-22 1.03033e-22 5.40093e-23 2.83086e-23 1.48363e-23 7.77489e-24 4.07402e-24 2.13458e-24 1.11831e-24 5.85838e-25 3.0687e-25 1.60729e-25 8.41781e-26 4.40827e-26 2.30835e-26 1.20866e-26 6.32804e-27 3.31286e-27 1.73422e-27 9.07762e-28 4.75126e-28 2.48665e-28 1.30134e-28 6.80981e-29 3.56328e-29 1.86438e-29 9.75419e-30 5.10292e-30 2.66943e-30 1.39634e-30 7.30356e-31 3.8199e-31 1.99776e-31 1.04474e-31 5.46317e-32 2.85665e-32 1.49363e-32 7.80919e-33 4.08266e-33 2.13431e-33 1.11569e-33 5.83191e-34 3.04826e-34 1.5932e-34 8.32658e-35 4.35151e-35 2.274e-35 1.18828e-35 6.20906e-36 3.24423e-36 1.69502e-36 8.8556e-37 4.62637e-37 2.41681e-37 1.26248e-37 6.59453e-38 3.44449e-38 1.79906e-38 9.39613e-39 4.90718e-39 2.56269e-39 1.33826e-39 6.98823e-40 3.64901e-40
3.67288e-11 1.17471e-12 6.19284e-13 3.26403e-13 1.71999e-13 9.06161e-14 4.77307e-14 2.51365e-14 1.32351e-14 6.96738e-15 3.66718e-15 1.92982e-15 1.01537e-15 5.34148e-16 2.80948e-16 1.47747e-16 7.76861e-17 4.08414e-17 2.14681e-17 1.12829e-17 5.92905e-18 3.11522e-18 1.63656e-18 8.5964e-19 4.51485e-19 2.37091e-19 1.24489e-19 6.53568e-20 3.43083e-20 1.80076e-20 9.45062e-21 4.95924e-21 2.60208e-21 1.36515e-21 7.16127e-22 3.75625e-22 1.97003e-22 1.03311e-22 5.41723e-23 2.8403e-23 1.48905e-23 7.80571e-24 4.09143e-24 2.14436e-24 1.12377e-24 5.88875e-25 3.08552e-25 1.61658e-25 8.46889e-26 4.4363e-26 2.3237e-26 1.21703e-26 6.37369e-27 3.33769e-27 1.7477e-27 9.15069e-28 4.79081e-28 2.50802e-28 1.31287e-28 6.87199e-29 3.59676e-29 1.88239e-29 9.85098e-30 5.15488e-30 2.6973e-30 1.41127e-30 7.38354e-31 3.86269e-31 2.02064e-31 1.05696e-31 5.52845e-32 2.89149e-32 1.51221e-32 7.90824e-33 4.13543e-33 2.1624e-33 1.13065e-33 5.91145e-34 3.09056e-34 1.61568e-34 8.44599e-35 4.41492e-35 2.30766e-35 1.20614e-35 6.3038e-36 3.29446e-36 1.72165e-36 8.99669e-37 4.7011e-37 2.45638e-37 1.28343e-37 6.70541e-38 3.50316e-38 1.83009e-38 9.56021e-39 4.99392e-39 2.60854e-39 1.36249e-39 7.11621e-40 3.71661e-40 1.941e-40
1.89696e-11 6.11585e-13 3.2252e-13 1.70043e-13 8.96323e-14 4.72366e-14 2.48888e-14 1.31111e-14 6.90545e-15 3.63631e-15 1.91447e-15 1.00776e-15 5.30381e-16 2.7909e-16 1.46834e-16 7.72394e-17 4.06238e-17 2.13626e-17 1.12321e-17 5.90473e-18 3.10368e-18 1.63114e-18 8.57126e-19 4.50337e-19 2.36577e-19 1.24265e-19 6.52636e-20 3.42718e-20 1.79949e-20 9.44731e-21 4.95924e-21 2.60299e-21 1.36609e-21 7.16863e-22 3.76136e-22 1.97337e-22 1.0352e-22 5.42994e-23 2.84788e-23 1.49349e-23 7.83146e-24 4.10619e-24 2.15276e-24 1.12852e-24 5.9154e-25 3.10041e-25 1.62486e-25 8.51477e-26 4.46163e-26 2.33763e-26 1.22468e-26 6.41556e-27 3.36055e-27 1.76016e-27 9.21847e-28 4.82761e-28 2.52798e-28 1.32367e-28 6.93036e-29 3.62827e-29 1.89938e-29 9.94247e-30 5.2041e-30 2.72375e-30 1.42548e-30 7.45973e-31 3.90353e-31 2.04251e-31 1.06867e-31 5.59104e-32 2.92494e-32 1.53008e-32 8.00357e-33 4.18628e-33 2.18951e-33 1.14509e-33 5.98837e-34 3.1315e-34 1.63746e-34 8.56182e-35 4.47649e-35 2.34037e-35 1.22351e-35 6.39603e-36 3.3434e-36 1.74761e-36 9.13438e-37 4.7741e-37 2.49506e-37 1.30392e-37 6.81394e-38 3.56062e-38 1.86051e-38 9.72115e-39 5.07906e-39 2.65356e-39 1.38629e-39 7.24205e-40 3.78311e-40 1.97614e-40 1.0322e-40
9.79737e-12 3.18388e-13 1.67956e-13 8.85795e-14 4.67062e-14 2.46219e-14 1.29771e-14 6.83824e-15 3.60267e-15 1.89766e-15 9.9938e-16 5.26214e-16 2.77023e-16 1.45812e-16 7.6735e-17 4.03759e-17 2.12412e-17 1.11729e-17 5.87607e-18 3.08987e-18 1.62453e-18 8.53989e-19 4.48864e-19 2.35893e-19 1.23953e-19 6.51239e-20 3.42111e-20 1.79695e-20 9.43738e-21 4.95579e-21 2.60208e-21 1.36609e-21 7.17108e-22 3.76392e-22 1.97537e-22 1.03659e-22 5.43902e-23 2.85356e-23 1.49695e-23 7.85209e-24 4.1183e-24 2.15977e-24 1.13255e-24 5.93831e-25 3.11335e-25 1.63213e-25 8.55538e-26 4.48422e-26 2.35015e-26 1.23159e-26 6.4536e-27 3.38143e-27 1.77159e-27 9.2809e-28 4.86164e-28 2.54649e-28 1.33372e-28 6.98486e-29 3.65778e-29 1.91533e-29 1.00286e-29 5.25053e-30 2.74876e-30 1.43893e-30 7.53205e-31 3.94236e-31 2.06334e-31 1.07983e-31 5.65086e-32 2.95695e-32 1.5472e-32 8.09509e-33 4.23516e-33 2.2156e-33 1.15901e-33 6.06258e-34 3.17105e-34 1.65852e-34 8.67394e-35 4.53614e-35 2.3721e-35 1.24038e-35 6.48565e-36 3.39101e-36 1.77289e-36 9.26853e-37 4.84527e-37 2.53281e-37 1.32393e-37 6.92002e-38 3.61682e-38 1.89028e-38 9.87879e-39 5.16251e-39 2.69772e-39 1.40966e-39 7.36563e-40 3.84845e-40 2.01068e-40 1.05046e-40 5.48781e-41
