0.975321 0.00302611 0.00225688 0.00168674 0.00126325 0.000948033 0.000712906 0.000537155 0.000405517 0.000306717 0.000232416 0.000176428 0.000134159 0.000102187 7.79585e-05 5.95659e-05 4.55793e-05 3.49252e-05 2.67965e-05 2.05848e-05 1.58306e-05 1.21866e-05 9.38917e-06 7.23827e-06 5.58156e-06 4.30283e-06 3.31316e-06 2.54428e-06 1.94353e-06 1.46998e-06 1.13782e-06
0.00302611 2.59354e-05 1.939e-05 1.45302e-05 1.09127e-05 8.21314e-06 6.19374e-06 4.67961e-06 3.54177e-06 2.68491e-06 2.03835e-06 1.54955e-06 1.17939e-06 8.98609e-07 6.85308e-07 5.23045e-07 3.99446e-07 3.05182e-07 2.33201e-07 1.78163e-07 1.36016e-07 1.03677e-07 7.87969e-08 5.958e-08 4.46486e-08 3.2942e-08 2.36386e-08 1.60983e-08 9.81883e-09 4.40347e-09 3.31492e-09
0.00225688 1.939e-05 1.44941e-05 1.08593e-05 8.154e-06 6.13548e-06 4.62578e-06 3.49404e-06 2.64375e-06 2.00358e-06 1.52065e-06 1.15565e-06 8.79302e-07 6.69738e-07 5.10574e-07 3.89518e-07 2.97318e-07 2.27e-07 1.73294e-07 1.32207e-07 1.0071e-07 7.64958e-08 5.78053e-08 4.32907e-08 3.19158e-08 2.28796e-08 1.55593e-08 9.46732e-09 4.22035e-09 3.15511e-09 2.37605e-09
0.00168674 1.45302e-05 1.08593e-05 8.13429e-06 6.10635e-06 4.5935e-06 3.46223e-06 2.61437e-06 1.97753e-06 1.49818e-06 1.13667e-06 8.63519e-07 6.56774e-07 5.00033e-07 3.81016e-07 2.9051e-07 2.21581e-07 1.69003e-07 1.28826e-07 9.80585e-08 7.44271e-08 5.62008e-08 4.20563e-08 3.09777e-08 2.21814e-08 1.50591e-08 9.13621e-09 4.04109e-09 3.0245e-09 2.26132e-09 1.70361e-09
0.00126325 1.09127e-05 8.154e-06 6.10635e-06 4.58274e-06 3.44633e-06 2.59675e-06 1.96016e-06 1.48214e-06 1.12244e-06 8.51251e-07 6.46411e-07 4.91415e-07 3.73938e-07 2.84755e-07 2.1694e-07 1.65288e-07 1.25871e-07 9.57218e-08 7.25904e-08 5.47667e-08 4.09461e-08 3.0129e-08 2.15457e-08 1.46004e-08 8.82937e-09 3.8711e-09 2.89673e-09 2.16833e-09 1.62136e-09 1.22196e-09
0.000948033 8.21314e-06 6.13548e-06 4.5935e-06 3.44633e-06 2.59088e-06 1.95148e-06 1.47252e-06 1.11296e-06 8.42493e-07 6.38643e-07 4.84717e-07 3.6828e-07 2.8005e-07 2.13077e-07 1.62148e-07 1.23341e-07 9.36989e-08 7.0985e-08 5.35026e-08 3.99601e-08 2.937e-08 2.09735e-08 1.41846e-08 8.54882e-09 3.7133e-09 2.77584e-09 2.07743e-09 1.55528e-09 1.16307e-09 8.76922e-10
0.000712906 6.19374e-06 4.62578e-06 3.46223e-06 2.59675e-06 1.95148e-06 1.46931e-06 1.10822e-06 8.3724e-07 6.33467e-07 4.79935e-07 3.64039e-07 2.76393e-07 2.09989e-07 1.59581e-07 1.21235e-07 9.19889e-08 6.96103e-08 5.24081e-08 3.90982e-08 2.87007e-08 2.04649e-08 1.38123e-08 8.29564e-09 3.56925e-09 2.66401e-09 1.99165e-09 1.49075e-09 1.11623e-09 8.34828e-10 6.29697e-10
0.000537155 4.67961e-06 3.49404e-06 2.61437e-06 1.96016e-06 1.47252e-06 1.10822e-06 8.35489e-07 6.3088e-07 4.77067e-07 3.61213e-07 2.73783e-07 2.07674e-07 1.57586e-07 1.1955e-07 9.05909e-08 6.84657e-08 5.14829e-08 3.836e-08 2.81212e-08 2.00203e-08 1.34839e-08 8.07035e-09 3.43975e-09 2.5624e-09 1.9126e-09 1.43002e-09 1.07053e-09 8.01698e-10 5.99657e-10 4.52503e-10
0.000405517 3.54177e-06 2.64375e-06 1.97753e-06 1.48214e-06 1.11296e-06 8.3724e-07 6.3088e-07 4.76111e-07 3.598e-07 2.72217e-07 2.06131e-07 1.56161e-07 1.18288e-07 8.95043e-08 6.75507e-08 5.07265e-08 3.77454e-08 2.76312e-08 1.96394e-08 1.31994e-08 7.87316e-09 3.32524e-09 2.47163e-09 1.84115e-09 1.3743e-09 1.02765e-09 7.69415e-10 5.76292e-10 4.31105e-10 3.25452e-10
0.000306717 2.68491e-06 2.00358e-06 1.49818e-06 1.12244e-06 8.42493e-07 6.33467e-07 4.77067e-07 3.598e-07 2.71695e-07 2.0536e-07 1.55307e-07 1.17447e-07 8.87285e-08 6.68649e-08 5.01385e-08 3.7254e-08 2.72306e-08 1.93222e-08 1.29588e-08 7.70419e-09 3.2259e-09 2.392e-09 1.77777e-09 1.32423e-09 9.88493e-10 7.3923e-10 5.53554e-10 4.14677e-10 3.10241e-10 2.3431e-10
0.000232416 2.03835e-06 1.52065e-06 1.13667e-06 8.51251e-07 6.38643e-07 4.79935e-07 3.61213e-07 2.72217e-07 2.0536e-07 1.55022e-07 1.17027e-07 8.82632e-08 6.64078e-08 4.97187e-08 3.68857e-08 2.69193e-08 1.90686e-08 1.27621e-08 7.56343e-09 3.14183e-09 2.32367e-09 1.72268e-09 1.28017e-09 9.53549e-10 7.11817e-10 5.32376e-10 3.98714e-10 2.98731e-10 2.23521e-10 1.68887e-10
0.000176428 1.54955e-06 1.15565e-06 8.63519e-07 6.46411e-07 4.84717e-07 3.64039e-07 2.73783e-07 2.06131e-07 1.55307e-07 1.17027e-07 8.81081e-08 6.61794e-08 4.9467e-08 3.66403e-08 2.66969e-08 1.88785e-08 1.26091e-08 7.45088e-09 3.07305e-09 2.26671e-09 1.676e-09 1.24228e-09 9.23071e-10 6.87537e-10 5.1326e-10 3.83912e-10 2.87566e-10 2.15489e-10 1.61254e-10 1.21892e-10
0.000134159 1.17939e-06 8.79302e-07 6.56774e-07 4.91415e-07 3.6828e-07 2.76393e-07 2.07674e-07 1.56161e-07 1.17447e-07 8.82632e-08 6.61794e-08 4.93831e-08 3.65176e-08 2.65636e-08 1.87518e-08 1.24999e-08 7.3665e-09 3.01957e-09 2.22114e-09 1.63779e-09 1.21066e-09 8.97193e-10 6.66582e-10 4.96477e-10 3.70644e-10 2.77265e-10 2.07713e-10 1.55674e-10 1.16506e-10 8.81044e-11
0.000102187 8.98609e-07 6.69738e-07 5.00033e-07 3.73938e-07 2.8005e-07 2.09989e-07 1.57586e-07 1.18288e-07 8.87285e-08 6.64078e-08 4.9467e-08 3.65176e-08 2.65192e-08 1.86885e-08 1.24344e-08 7.31027e-09 2.98138e-09 2.18697e-09 1.60806e-09 1.18534e-09 8.75981e-10 6.49053e-10 4.82171e-10 3.59114e-10 2.68106e-10 2.00579e-10 1.50285e-10 1.12651e-10 8.43166e-11 6.37881e-11
7.79585e-05 6.85308e-07 5.10574e-07 3.81016e-07 2.84755e-07 2.13077e-07 1.59581e-07 1.1955e-07 8.95043e-08 6.68649e-08 4.97187e-08 3.66403e-08 2.65636e-08 1.86885e-08 1.24126e-08 7.28216e-09 2.95847e-09 2.16419e-09 1.58683e-09 1.16634e-09 8.59468e-10 6.35001e-10 4.70417e-10 3.49429e-10 2.60242e-10 1.94297e-10 1.45374e-10 1.08936e-10 8.16684e-11 6.11333e-11 4.62676e-11
5.95659e-05 5.23045e-07 3.89518e-07 2.9051e-07 2.1694e-07 1.62148e-07 1.21235e-07 9.05909e-08 6.75507e-08 5.01385e-08 3.68857e-08 2.66969e-08 1.87518e-08 1.24344e-08 7.28216e-09 2.95083e-09 2.1528e-09 1.57409e-09 1.15368e-09 8.47667e-10 6.2445e-10 4.61254e-10 3.41646e-10 2.53752e-10 1.88979e-10 1.41096e-10 1.05578e-10 7.91255e-11 5.93277e-11 4.44144e-11 3.36269e-11
4.55793e-05 3.99446e-07 2.97318e-07 2.21581e-07 1.65288e-07 1.23341e-07 9.19889e-08 6.84657e-08 5.07265e-08 3.7254e-08 2.69193e-08 1.88785e-08 1.24999e-08 7.31027e-09 2.95847e-09 2.1528e-09 1.56985e-09 1.14735e-09 8.40586e-10 6.17412e-10 4.54701e-10 3.35793e-10 2.48679e-10 1.84685e-10 1.37538e-10 1.02693e-10 7.68479e-11 5.76005e-11 4.3194e-11 3.23392e-11 2.44931e-11
3.49252e-05 3.05182e-07 2.27e-07 1.69003e-07 1.25871e-07 9.36989e-08 6.96103e-08 5.14829e-08 3.77454e-08 2.72306e-08 1.90686e-08 1.26091e-08 7.3665e-09 2.98138e-09 2.16419e-09 1.57409e-09 1.14735e-09 8.38225e-10 6.13893e-10 4.50766e-10 3.31886e-10 2.45045e-10 1.81447e-10 1.34743e-10 1.00342e-10 7.49225e-11 5.6071e-11 4.2032e-11 3.1523e-11 2.36031e-11 1.78824e-11
2.67965e-05 2.33201e-07 1.73294e-07 1.28826e-07 9.57218e-08 7.0985e-08 5.24081e-08 3.836e-08 2.76312e-08 1.93222e-08 1.27621e-08 7.45088e-09 3.01957e-09 2.18697e-09 1.58683e-09 1.15368e-09 8.40586e-10 6.13893e-10 4.49454e-10 3.29931e-10 2.42862e-10 1.79282e-10 1.32735e-10 9.85609e-11 7.3396e-11 5.48038e-11 4.10172e-11 3.07503e-11 2.30644e-11 1.72709e-11 1.30887e-11
2.05848e-05 1.78163e-07 1.32207e-07 9.80585e-08 7.25904e-08 5.35026e-08 3.90982e-08 2.81212e-08 1.96394e-08 1.29588e-08 7.56343e-09 3.07305e-09 2.22114e-09 1.60806e-09 1.16634e-09 8.47667e-10 6.17412e-10 4.50766e-10 3.29931e-10 2.42134e-10 1.78198e-10 1.31526e-10 9.73662e-11 7.22934e-11 5.38339e-11 4.01979e-11 3.00873e-11 2.25581e-11 1.69213e-11 1.26717e-11 9.6056e-12
1.58306e-05 1.36016e-07 1.0071e-07 7.44271e-08 5.47667e-08 3.99601e-08 2.87007e-08 2.00203e-08 1.31994e-08 7.70419e-09 3.14183e-09 2.26671e-09 1.63779e-09 1.18534e-09 8.59468e-10 6.2445e-10 4.54701e-10 3.31886e-10 2.42862e-10 1.78198e-10 1.31123e-10 9.6767e-11 7.16278e-11 5.31798e-11 3.96e-11 2.95698e-11 2.21334e-11 1.65958e-11 1.24498e-11 9.3236e-12 7.06909e-12
1.21866e-05 1.03677e-07 7.64958e-08 5.62008e-08 4.09461e-08 2.937e-08 2.04649e-08 1.34839e-08 7.87316e-09 3.2259e-09 2.32367e-09 1.676e-09 1.21066e-09 8.75981e-10 6.35001e-10 4.61254e-10 3.35793e-10 2.45045e-10 1.79282e-10 1.31526e-10 9.6767e-11 7.14053e-11 5.28508e-11 3.9237e-11 2.9217e-11 2.1817e-11 1.63309e-11 1.22456e-11 9.18689e-12 6.8803e-12 5.21743e-12
9.38917e-06 7.87969e-08 5.78053e-08 4.20563e-08 3.0129e-08 2.09735e-08 1.38123e-08 8.07035e-09 3.32524e-09 2.392e-09 1.72268e-09 1.24228e-09 8.97193e-10 6.49053e-10 4.70417e-10 3.41646e-10 2.48679e-10 1.81447e-10 1.32735e-10 9.73662e-11 7.16278e-11 5.28508e-11 3.91153e-11 2.90386e-11 2.16227e-11 1.61462e-11 1.20863e-11 9.06319e-12 6.79963e-12 5.09255e-12 3.86218e-12
7.23827e-06 5.958e-08 4.32907e-08 3.09777e-08 2.15457e-08 1.41846e-08 8.29564e-09 3.43975e-09 2.47163e-09 1.77777e-09 1.28017e-09 9.23071e-10 6.66582e-10 4.82171e-10 3.49429e-10 2.53752e-10 1.84685e-10 1.34743e-10 9.85609e-11 7.22934e-11 5.31798e-11 3.9237e-11 2.90386e-11 2.15573e-11 1.60518e-11 1.19863e-11 8.97247e-12 6.7283e-12 5.04798e-12 3.7807e-12 2.86745e-12
5.58156e-06 4.46486e-08 3.19158e-08 2.21814e-08 1.46004e-08 8.54882e-09 3.56925e-09 2.5624e-09 1.84115e-09 1.32423e-09 9.53549e-10 6.87537e-10 4.96477e-10 3.59114e-10 2.60242e-10 1.88979e-10 1.37538e-10 1.00342e-10 7.3396e-11 5.38339e-11 3.96e-11 2.9217e-11 2.16227e-11 1.60518e-11 1.19522e-11 8.92497e-12 6.68089e-12 5.00988e-12 3.75871e-12 2.81509e-12 2.13511e-12
4.30283e-06 3.2942e-08 2.28796e-08 1.50591e-08 8.82937e-09 3.7133e-09 2.66401e-09 1.9126e-09 1.3743e-09 9.88493e-10 7.11817e-10 5.1326e-10 3.70644e-10 2.68106e-10 1.94297e-10 1.41096e-10 1.02693e-10 7.49225e-11 5.48038e-11 4.01979e-11 2.95698e-11 2.1817e-11 1.61462e-11 1.19863e-11 8.92497e-12 6.66439e-12 4.98863e-12 3.74082e-12 2.80654e-12 2.10193e-12 1.59415e-12
3.31316e-06 2.36386e-08 1.55593e-08 9.13621e-09 3.8711e-09 2.77584e-09 1.99165e-09 1.43002e-09 1.02765e-09 7.3923e-10 5.32376e-10 3.83912e-10 2.77265e-10 2.00579e-10 1.45374e-10 1.05578e-10 7.68479e-11 5.6071e-11 4.10172e-11 3.00873e-11 2.21334e-11 1.63309e-11 1.20863e-11 8.97247e-12 6.68089e-12 4.98863e-12 3.73415e-12 2.80003e-12 2.10065e-12 1.57321e-12 1.19307e-12
2.54428e-06 1.60983e-08 9.46732e-09 4.04109e-09 2.89673e-09 2.07743e-09 1.49075e-09 1.07053e-09 7.69415e-10 5.53554e-10 3.98714e-10 2.87566e-10 2.07713e-10 1.50285e-10 1.08936e-10 7.91255e-11 5.76005e-11 4.2032e-11 3.07503e-11 2.25581e-11 1.65958e-11 1.22456e-11 9.06319e-12 6.7283e-12 5.00988e-12 3.74082e-12 2.80003e-12 2.0995e-12 1.57502e-12 1.17952e-12 8.94417e-13
1.94353e-06 9.81883e-09 4.22035e-09 3.0245e-09 2.16833e-09 1.55528e-09 1.11623e-09 8.01698e-10 5.76292e-10 4.14677e-10 2.98731e-10 2.15489e-10 1.55674e-10 1.12651e-10 8.16684e-11 5.93277e-11 4.3194e-11 3.1523e-11 2.30644e-11 1.69213e-11 1.24498e-11 9.18689e-12 6.79963e-12 5.04798e-12 3.75871e-12 2.80654e-12 2.10065e-12 1.57502e-12 1.18151e-12 8.8479e-13 6.7085e-13
1.46998e-06 4.40347e-09 3.15511e-09 2.26132e-09 1.62136e-09 1.16307e-09 8.34828e-10 5.99657e-10 4.31105e-10 3.10241e-10 2.23521e-10 1.61254e-10 1.16506e-10 8.43166e-11 6.11333e-11 4.44144e-11 3.23392e-11 2.36031e-11 1.72709e-11 1.26717e-11 9.3236e-12 6.8803e-12 5.09255e-12 3.7807e-12 2.81509e-12 2.10193e-12 1.57321e-12 1.17952e-12 8.8479e-13 6.6257e-13 5.02321e-13
1.13782e-06 3.31492e-09 2.37605e-09 1.70361e-09 1.22196e-09 8.76922e-10 6.29697e-10 4.52503e-10 3.25452e-10 2.3431e-10 1.68887e-10 1.21892e-10 8.81044e-11 6.37881e-11 4.62676e-11 3.36269e-11 2.44931e-11 1.78824e-11 1.30887e-11 9.6056e-12 7.06909e-12 5.21743e-12 3.86218e-12 2.86745e-12 2.13511e-12 1.59415e-12 1.19307e-12 8.94417e-13 6.7085e-13 5.02321e-13 3.8072e-13
