0.18394 0.0919699 0.0459849 0.0229925 0.0114962 0.00574812 0.00287406 0.00143703 0.000718515 0.000359257 0.000179629 8.98143e-05 4.49072e-05 2.24536e-05 1.12268e-05 5.61339e-06 2.8067e-06 1.40335e-06 7.01674e-07 3.50837e-07 1.75419e-07 8.77093e-08 4.38546e-08 2.19273e-08 1.09637e-08 5.48183e-09 2.74092e-09 1.37046e-09 6.85229e-10 3.42614e-10 1.71307e-10 8.56536e-11 4.28268e-11 2.14134e-11 1.07067e-11 5.35335e-12 2.67668e-12 1.33834e-12 6.69169e-13 3.34584e-13 1.67292e-13 8.36461e-14 4.18231e-14 2.09115e-14 1.04558e-14 5.22788e-15 2.61394e-15 1.30697e-15 6.53485e-16 3.26743e-16 1.63371e-16 8.16856e-17 4.08428e-17 2.04214e-17 1.02107e-17 5.10535e-18 2.55268e-18 1.27634e-18 6.38169e-19 3.19085e-19 1.59542e-19 7.97711e-20 3.98856e-20 1.99428e-20 9.97139e-21 4.9857e-21 2.49285e-21 1.24642e-21 6.23212e-22 3.11606e-22 1.55803e-22 7.79015e-23 3.89508e-23 1.94754e-23 9.73769e-24 4.86884e-24 2.43442e-24 1.21721e-24 6.08605e-25 3.04303e-25 1.52151e-25 7.60757e-26 3.80378e-26 1.90189e-26 9.50946e-27 4.75473e-27 2.37737e-27 1.18868e-27 5.94341e-28 2.97171e-28 1.48585e-28 7.42927e-29 3.71463e-29 1.85732e-29 9.28658e-30 4.64329e-30 2.32165e-30 1.16082e-30 5.80411e-31 2.90206e-31 1.45103e-31
0.0919699 0.058136 0.0351436 0.0206096 0.0118237 0.00667128 0.00371536 0.00204754 0.0011187 0.000606816 0.000327141 0.000175437 9.36515e-05 4.97923e-05 2.63795e-05 1.39314e-05 7.33651e-06 3.85366e-06 2.01954e-06 1.05612e-06 5.51237e-07 2.87207e-07 1.49398e-07 7.75958e-08 4.02464e-08 2.08475e-08 1.07859e-08 5.574e-09 2.87753e-09 1.48403e-09 7.6465e-10 3.93641e-10 2.02479e-10 1.04069e-10 5.34489e-11 2.74317e-11 1.40695e-11 7.21158e-12 3.6942e-12 1.89131e-12 9.67756e-13 4.94929e-13 2.5299e-13 1.29258e-13 6.60104e-14 3.36959e-14 1.71933e-14 8.76933e-15 4.47101e-15 2.27867e-15 1.16092e-15 5.91253e-16 3.01023e-16 1.53209e-16 7.79537e-17 3.96514e-17 2.0163e-17 1.02501e-17 5.20937e-18 2.64684e-18 1.3445e-18 6.82789e-19 3.46664e-19 1.75967e-19 8.9301e-20 4.53092e-20 2.2984e-20 1.16567e-20 5.91067e-21 2.9965e-21 1.51884e-21 7.6971e-22 3.90001e-22 1.97574e-22 1.00073e-22 5.068e-23 2.56616e-23 1.29916e-23 6.57623e-24 3.32832e-24 1.68426e-24 8.52182e-25 4.31117e-25 2.18071e-25 1.10292e-25 5.57742e-26 2.82012e-26 1.42576e-26 7.20734e-27 3.64293e-27 1.8411e-27 9.30365e-28 4.7009e-28 2.37499e-28 1.19976e-28 6.06017e-29 3.06076e-29 1.54572e-29 7.80527e-30 3.94097e-30 1.98966e-30
0.0459849 0.0351436 0.02445 0.0160655 0.0101537 0.00623763 0.00374938 0.00221506 0.00129026 0.000742763 0.000423334 0.000239211 0.000134162 7.47507e-05 4.14063e-05 2.28166e-05 1.2514e-05 6.83437e-06 3.71811e-06 2.01564e-06 1.08918e-06 5.86798e-07 3.15269e-07 1.68952e-07 9.03264e-08 4.8184e-08 2.56503e-08 1.36282e-08 7.22758e-09 3.82651e-09 2.02261e-09 1.06748e-09 5.62571e-10 2.96076e-10 1.5562e-10 8.16945e-11 4.28362e-11 2.2436e-11 1.17386e-11 6.13544e-12 3.20371e-12 1.67131e-12 8.71113e-13 4.53651e-13 2.36055e-13 1.22733e-13 6.37654e-14 3.31048e-14 1.71749e-14 8.90438e-15 4.61351e-15 2.38884e-15 1.23618e-15 6.39324e-16 3.30457e-16 1.70716e-16 8.81458e-17 4.54892e-17 2.34639e-17 1.20972e-17 6.23397e-18 3.21107e-18 1.65328e-18 8.50856e-19 4.37711e-19 2.25084e-19 1.157e-19 5.94506e-20 3.05365e-20 1.56793e-20 8.04789e-21 4.12943e-21 2.11813e-21 1.08612e-21 5.56754e-22 2.85309e-22 1.46163e-22 7.48574e-23 3.83271e-23 1.96181e-23 1.0039e-23 5.13577e-24 2.62669e-24 1.34308e-24 6.86575e-25 3.50888e-25 1.79285e-25 9.15842e-26 4.67732e-26 2.38824e-26 1.21916e-26 6.22236e-27 3.17509e-27 1.61983e-27 8.26216e-28 4.21341e-28 2.14827e-28 1.09512e-28 5.58155e-29 2.84425e-29 1.44912e-29
0.0229925 0.0206096 0.0160655 0.0115682 0.00790584 0.00520407 0.00332938 0.00208256 0.00127897 0.000773537 0.000461812 0.000272644 0.000159402 9.23988e-05 5.31529e-05 3.03685e-05 1.72444e-05 9.73755e-06 5.47072e-06 3.05927e-06 1.70347e-06 9.4479e-07 5.22094e-07 2.87533e-07 1.57853e-07 8.64036e-08 4.7164e-08 2.5678e-08 1.3946e-08 7.55683e-09 4.08587e-09 2.20463e-09 1.18725e-09 6.38185e-10 3.42442e-10 1.83444e-10 9.81131e-11 5.23952e-11 2.794e-11 1.48785e-11 7.91258e-12 4.20266e-12 2.22946e-12 1.18132e-12 6.25246e-13 3.3057e-13 1.74592e-13 9.21194e-14 4.85578e-14 2.5572e-14 1.34549e-14 7.07325e-15 3.71531e-15 1.94993e-15 1.0226e-15 5.35873e-16 2.80608e-16 1.46835e-16 7.67822e-17 4.01238e-17 2.09537e-17 1.09357e-17 5.70385e-18 2.97325e-18 1.54898e-18 8.06517e-19 4.19707e-19 2.18297e-19 1.13481e-19 5.89634e-20 3.06216e-20 1.58952e-20 8.2471e-21 4.277e-21 2.2171e-21 1.14879e-21 5.94999e-22 3.08043e-22 1.59416e-22 8.2467e-23 4.26445e-23 2.20435e-23 1.13904e-23 5.88361e-24 3.03805e-24 1.56818e-24 8.0919e-25 4.17409e-25 2.15245e-25 1.1096e-25 5.71831e-26 2.94602e-26 1.51731e-26 7.81244e-27 4.02138e-27 2.06939e-27 1.06461e-27 5.47543e-28 2.81536e-28 1.44723e-28 7.43751e-29
0.0114962 0.0118237 0.0101537 0.00790584 0.00577799 0.00403683 0.00272587 0.00179181 0.00115232 0.000727677 0.000452461 0.000277607 0.000168354 0.000101056 6.01087e-05 3.54617e-05 2.07671e-05 1.20804e-05 6.98443e-06 4.01557e-06 2.2968e-06 1.30746e-06 7.40991e-07 4.18228e-07 2.35152e-07 1.31742e-07 7.35601e-08 4.09437e-08 2.27217e-08 1.2574e-08 6.93994e-09 3.82074e-09 2.09847e-09 1.14995e-09 6.28807e-10 3.43137e-10 1.86882e-10 1.01592e-10 5.51284e-11 2.98642e-11 1.61516e-11 8.7217e-12 4.70255e-12 2.53185e-12 1.36125e-12 7.30905e-13 3.91943e-13 2.09917e-13 1.12293e-13 6.00008e-14 3.20241e-14 1.70738e-14 9.0935e-15 4.83833e-15 2.57179e-15 1.36574e-15 7.24604e-16 3.84104e-16 2.03435e-16 1.07656e-16 5.69244e-17 3.00759e-17 1.58783e-17 8.37663e-18 4.4159e-18 2.32629e-18 1.22465e-18 6.44272e-19 3.38723e-19 1.7797e-19 9.34499e-20 4.904e-20 2.57198e-20 1.34814e-20 7.06255e-21 3.69786e-21 1.93512e-21 1.01214e-21 5.29116e-22 2.76468e-22 1.44388e-22 7.53715e-23 3.93263e-23 2.05098e-23 1.06917e-23 5.57112e-24 2.9017e-24 1.51071e-24 7.86202e-25 4.08989e-25 2.12676e-25 1.1055e-25 5.74426e-26 2.98366e-26 1.5492e-26 8.04098e-27 4.17215e-27 2.16402e-27 1.12206e-27 5.81608e-28 3.01371e-28
0.00574812 0.00667128 0.00623763 0.00520407 0.00403683 0.00297403 0.00210742 0.00144822 0.000970686 0.000637224 0.000410993 0.000261074 0.000163652 0.000101387 6.21595e-05 3.77542e-05 2.27378e-05 1.35892e-05 8.06476e-06 4.75545e-06 2.7875e-06 1.62501e-06 9.42506e-07 5.44069e-07 3.12682e-07 1.78958e-07 1.02027e-07 5.79545e-08 3.28069e-08 1.8511e-08 1.04126e-08 5.84015e-09 3.26653e-09 1.82224e-09 1.014e-09 5.62908e-10 3.11779e-10 1.7231e-10 9.50325e-11 5.23081e-11 2.87366e-11 1.57582e-11 8.62613e-12 4.714e-12 2.57192e-12 1.40102e-12 7.62041e-13 4.13885e-13 2.24477e-13 1.21584e-13 6.57674e-14 3.55301e-14 1.91713e-14 1.03321e-14 5.562e-15 2.99081e-15 1.6065e-15 8.62017e-16 4.62074e-16 2.47445e-16 1.32383e-16 7.07585e-17 3.77863e-17 2.01608e-17 1.07476e-17 5.72467e-18 3.04676e-18 1.62025e-18 8.60982e-19 4.57171e-19 2.42575e-19 1.28618e-19 6.81486e-20 3.60841e-20 1.90936e-20 1.00966e-20 5.33569e-21 2.81797e-21 1.48737e-21 7.84594e-22 4.13637e-22 2.17946e-22 1.14772e-22 6.04073e-23 3.1777e-23 1.67074e-23 8.77981e-24 4.61152e-24 2.42098e-24 1.27037e-24 6.66294e-25 3.49303e-25 1.83038e-25 9.58713e-26 5.01935e-26 2.62677e-26 1.37409e-26 7.18501e-27 3.75549e-27 1.96216e-27 1.02478e-27
0.00287406 0.00371536 0.00374938 0.00332938 0.00272587 0.00210742 0.00156037 0.00111666 0.000777288 0.000528708 0.00035264 0.000231259 0.000149433 9.53081e-05 6.00847e-05 3.74859e-05 2.31674e-05 1.41959e-05 8.63073e-06 5.20966e-06 3.12386e-06 1.8617e-06 1.1032e-06 6.50271e-07 3.814e-07 2.22665e-07 1.29428e-07 7.49246e-08 4.32056e-08 2.48238e-08 1.42133e-08 8.11144e-09 4.61475e-09 2.61765e-09 1.48065e-09 8.35261e-10 4.69979e-10 2.63796e-10 1.4772e-10 8.25335e-11 4.60136e-11 2.56001e-11 1.42145e-11 7.87759e-12 4.35766e-12 2.40626e-12 1.32645e-12 7.29997e-13 4.01107e-13 2.20055e-13 1.20547e-13 6.59414e-14 3.60209e-14 1.96502e-14 1.07056e-14 5.82514e-15 3.16569e-15 1.71835e-15 9.31654e-16 5.04556e-16 2.72954e-16 1.47506e-16 7.96308e-17 4.29454e-17 2.31381e-17 1.24545e-17 6.69763e-18 3.59852e-18 1.93172e-18 1.03608e-18 5.55235e-19 2.97307e-19 1.5907e-19 8.50418e-20 4.54304e-20 2.42514e-20 1.29364e-20 6.89574e-21 3.67322e-21 1.95532e-21 1.04016e-21 5.52969e-22 2.93782e-22 1.55983e-22 8.27688e-23 4.38931e-23 2.32633e-23 1.23224e-23 6.52347e-24 3.45161e-24 1.82528e-24 9.64733e-25 5.09635e-25 2.69085e-25 1.42005e-25 7.49036e-26 3.94906e-26 2.08103e-26 1.09613e-26 5.77094e-27 3.03694e-27
0.00143703 0.00204754 0.00221506 0.00208256 0.00179181 0.00144822 0.00111666 0.000829644 0.000598068 0.000420414 0.000289276 0.000195403 0.000129881 8.51076e-05 5.50652e-05 3.52236e-05 2.23003e-05 1.39867e-05 8.69753e-06 5.36606e-06 3.2867e-06 1.9996e-06 1.20896e-06 7.26693e-07 4.34436e-07 2.58396e-07 1.52955e-07 9.01328e-08 5.28876e-08 3.09085e-08 1.79948e-08 1.04387e-08 6.03472e-09 3.47735e-09 1.99751e-09 1.14404e-09 6.53369e-10 3.72135e-10 2.11405e-10 1.19798e-10 6.77244e-11 3.81985e-11 2.14977e-11 1.2073e-11 6.76633e-12 3.78475e-12 2.11299e-12 1.17751e-12 6.55032e-13 3.63764e-13 2.01679e-13 1.11637e-13 6.16996e-14 3.40492e-14 1.8763e-14 1.03249e-14 5.6738e-15 3.11378e-15 1.70664e-15 9.34232e-16 5.10785e-16 2.78938e-16 1.52152e-16 8.29016e-17 4.51205e-17 2.45315e-17 1.33237e-17 7.22914e-18 3.91852e-18 2.12198e-18 1.14803e-18 6.20539e-19 3.35118e-19 1.80821e-19 9.74829e-20 5.25107e-20 2.82628e-20 1.51997e-20 8.16808e-21 4.38605e-21 2.35344e-21 1.26188e-21 6.76117e-22 3.62012e-22 1.93699e-22 1.03572e-22 5.53437e-23 2.95541e-23 1.57722e-23 8.41196e-24 4.48373e-24 2.38849e-24 1.27161e-24 6.76606e-25 3.5981e-25 1.91236e-25 1.01586e-25 5.39341e-26 2.86199e-26 1.51792e-26 8.04656e-27
0.000718515 0.0011187 0.00129026 0.00127897 0.00115232 0.000970686 0.000777288 0.000598068 0.000445463 0.00032293 0.000228772 0.000158878 0.000108437 7.28822e-05 4.8319e-05 3.16426e-05 2.04925e-05 1.31377e-05 8.34489e-06 5.25565e-06 3.28415e-06 2.03732e-06 1.25533e-06 7.68637e-07 4.67869e-07 2.83222e-07 1.70559e-07 1.02212e-07 6.09706e-08 3.62114e-08 2.14178e-08 1.26183e-08 7.40642e-09 4.33186e-09 2.52506e-09 1.46713e-09 8.49815e-10 4.90794e-10 2.82649e-10 1.62338e-10 9.29955e-11 5.31398e-11 3.02925e-11 1.72285e-11 9.7767e-12 5.53613e-12 3.12839e-12 1.76429e-12 9.9307e-13 5.5793e-13 3.12894e-13 1.75169e-13 9.78996e-14 5.46254e-14 3.04312e-14 1.69268e-14 9.40113e-15 5.21382e-15 2.88748e-15 1.59694e-15 8.82019e-16 4.86525e-16 2.68031e-16 1.47479e-16 8.10511e-17 4.44918e-17 2.43954e-17 1.33615e-17 7.3103e-18 3.99537e-18 2.18138e-18 1.18979e-18 6.48314e-19 3.52926e-19 1.91944e-19 1.04296e-19 5.66208e-20 3.07116e-20 1.6644e-20 9.0126e-21 4.87625e-21 2.63617e-21 1.42404e-21 7.68659e-22 4.14591e-22 2.23452e-22 1.20347e-22 6.47706e-23 3.48352e-23 1.87225e-23 1.00558e-23 5.39741e-24 2.89517e-24 1.55199e-24 8.31445e-25 4.45158e-25 2.38196e-25 1.27379e-25 6.80789e-26 3.63647e-26 1.94136e-26
0.000359257 0.000606816 0.000742763 0.000773537 0.000727677 0.000637224 0.000528708 0.000420414 0.00032293 0.000240992 0.000175482 0.0001251 8.75445e-05 6.02675e-05 4.08873e-05 2.73772e-05 1.81145e-05 1.18567e-05 7.68426e-06 4.935e-06 3.14285e-06 1.986e-06 1.24592e-06 7.76374e-07 4.80738e-07 2.95921e-07 1.81144e-07 1.10305e-07 6.68371e-08 4.03094e-08 2.42029e-08 1.4471e-08 8.6177e-09 5.11245e-09 3.02195e-09 1.78008e-09 1.04509e-09 6.11625e-10 3.5686e-10 2.07609e-10 1.20442e-10 6.96852e-11 4.02143e-11 2.31494e-11 1.32941e-11 7.61677e-12 4.35427e-12 2.48384e-12 1.41393e-12 8.03267e-13 4.55455e-13 2.57758e-13 1.45608e-13 8.21093e-14 4.62224e-14 2.59771e-14 1.45756e-14 8.16547e-15 4.56745e-15 2.55107e-15 1.4228e-15 7.92427e-16 4.40738e-16 2.44807e-16 1.35802e-16 7.52382e-17 4.1633e-17 2.301e-17 1.27024e-17 7.00424e-18 3.85791e-18 2.12261e-18 1.16661e-18 6.40517e-19 3.51314e-19 1.92499e-19 1.05376e-19 5.76288e-20 3.14873e-20 1.71885e-20 9.37458e-21 5.10844e-21 2.78134e-21 1.51306e-21 8.2244e-22 4.46687e-22 2.42415e-22 1.31456e-22 7.12318e-23 3.85696e-23 2.08689e-23 1.12835e-23 6.09653e-24 3.29172e-24 1.77611e-24 9.57699e-25 5.16065e-25 2.77909e-25 1.49564e-25 8.04418e-26 4.32388e-26
0.000179629 0.000327141 0.000423334 0.000461812 0.000452461 0.000410993 0.00035264 0.000289276 0.000228772 0.000175482 0.000131154 9.58491e-05 6.86859e-05 4.83738e-05 3.3545e-05 2.29403e-05 1.54916e-05 1.03422e-05 6.8323e-06 4.47021e-06 2.89879e-06 1.8643e-06 1.18981e-06 7.53915e-07 4.74521e-07 2.96794e-07 1.84537e-07 1.14102e-07 7.01799e-08 4.29506e-08 2.61623e-08 1.58648e-08 9.57944e-09 5.76081e-09 3.451e-09 2.05968e-09 1.22496e-09 7.26058e-10 4.28957e-10 2.52642e-10 1.48354e-10 8.68658e-11 5.07222e-11 2.95388e-11 1.71583e-11 9.94224e-12 5.74723e-12 3.31461e-12 1.9074e-12 1.09525e-12 6.27601e-13 3.58903e-13 2.04844e-13 1.16693e-13 6.63548e-14 3.76638e-14 2.13415e-14 1.20724e-14 6.81799e-15 3.8444e-15 2.16436e-15 1.21668e-15 6.82951e-16 3.8281e-16 2.14276e-16 1.19778e-16 6.68661e-17 3.72801e-17 2.07588e-17 1.1545e-17 6.41312e-18 3.55824e-18 1.97199e-18 1.09167e-18 6.03675e-19 3.33466e-19 1.84013e-19 1.01438e-19 5.58624e-20 3.07337e-20 1.68925e-20 9.27611e-21 5.08908e-21 2.78947e-21 1.52764e-21 8.35886e-22 4.56987e-22 2.49632e-22 1.36252e-22 7.43083e-23 4.04941e-23 2.20502e-23 1.19979e-23 6.52341e-24 3.54428e-24 1.92429e-24 1.04402e-24 5.66039e-25 3.06683e-25 1.66052e-25 8.98488e-26
8.98143e-05 0.000175437 0.000239211 0.000272644 0.000277607 0.000261074 0.000231259 0.000195403 0.000158878 0.0001251 9.58491e-05 7.17246e-05 5.25748e-05 3.78402e-05 2.67947e-05 1.86973e-05 1.28748e-05 8.75898e-06 5.8933e-06 3.92502e-06 2.58966e-06 1.69378e-06 1.09887e-06 7.07541e-07 4.52356e-07 2.87292e-07 1.81322e-07 1.13768e-07 7.09863e-08 4.40596e-08 2.72106e-08 1.67254e-08 1.02343e-08 6.23549e-09 3.7836e-09 2.28687e-09 1.37705e-09 8.26238e-10 4.94047e-10 2.94442e-10 1.74927e-10 1.03608e-10 6.11872e-11 3.60332e-11 2.11624e-11 1.23962e-11 7.24295e-12 4.22164e-12 2.45483e-12 1.42419e-12 8.24437e-13 4.76229e-13 2.7452e-13 1.57928e-13 9.06767e-14 5.1965e-14 2.97254e-14 1.69734e-14 9.67507e-15 5.50564e-15 3.12786e-15 1.77416e-15 1.00476e-15 5.68163e-16 3.20805e-16 1.80878e-16 1.0184e-16 5.72607e-17 3.21525e-17 1.80304e-17 1.00982e-17 5.64857e-18 3.15578e-18 1.761e-18 9.81535e-19 5.46461e-19 3.03899e-19 1.68821e-19 9.36834e-20 5.19332e-20 2.87597e-20 1.59107e-20 8.79365e-21 4.85548e-21 2.67847e-21 1.47618e-21 8.12832e-22 4.47174e-22 2.45796e-22 1.3499e-22 7.40737e-23 4.06135e-23 2.22498e-23 1.21797e-23 6.66208e-24 3.64125e-24 1.98868e-24 1.08532e-24 5.91886e-25 3.22558e-25 1.7566e-25
4.49072e-05 9.36515e-05 0.000134162 0.000159402 0.000168354 0.000163652 0.000149433 0.000129881 0.000108437 8.75445e-05 6.86859e-05 5.25748e-05 3.93818e-05 2.89404e-05 2.09073e-05 1.48736e-05 1.04351e-05 7.22883e-06 4.94994e-06 3.35347e-06 2.2496e-06 1.49534e-06 9.85556e-07 6.44422e-07 4.18244e-07 2.69562e-07 1.72598e-07 1.09831e-07 6.94819e-08 4.37136e-08 2.73578e-08 1.70365e-08 1.05589e-08 6.51471e-09 4.0022e-09 2.44858e-09 1.49217e-09 9.0591e-10 5.48e-10 3.30346e-10 1.98477e-10 1.18867e-10 7.09693e-11 4.22465e-11 2.50765e-11 1.48437e-11 8.76319e-12 5.16015e-12 3.03096e-12 1.77604e-12 1.03827e-12 6.05604e-13 3.52464e-13 2.04701e-13 1.1864e-13 6.86233e-14 3.96159e-14 2.2827e-14 1.31289e-14 7.53766e-15 4.32005e-15 2.47177e-15 1.41193e-15 8.05229e-16 4.58509e-16 2.60685e-16 1.47992e-16 8.38938e-17 4.74906e-17 2.68464e-17 1.51558e-17 8.54472e-18 4.81125e-18 2.70565e-18 1.51968e-18 8.52525e-19 4.77696e-19 2.6736e-19 1.49469e-19 8.34688e-20 4.65617e-20 2.59461e-20 1.44433e-20 8.03188e-21 4.46206e-21 2.47644e-21 1.37311e-21 7.60629e-22 4.20959e-22 2.32763e-22 1.28588e-22 7.09758e-23 3.91424e-23 2.15684e-23 1.18749e-23 6.53266e-24 3.5909e-24 1.97232e-24 1.08247e-24 5.93641e-25 3.25319e-25
2.24536e-05 4.97923e-05 7.47507e-05 9.23988e-05 0.000101056 0.000101387 9.53081e-05 8.51076e-05 7.28822e-05 6.02675e-05 4.83738e-05 3.78402e-05 2.89404e-05 2.16965e-05 1.59786e-05 1.15804e-05 8.2719e-06 5.83094e-06 4.06077e-06 2.79663e-06 1.90628e-06 1.28702e-06 8.61235e-07 5.71546e-07 3.7636e-07 2.46029e-07 1.5973e-07 1.03033e-07 6.60552e-08 4.21039e-08 2.66902e-08 1.68311e-08 1.05613e-08 6.59582e-09 4.1007e-09 2.53848e-09 1.56493e-09 9.60952e-10 5.87843e-10 3.58296e-10 2.17623e-10 1.31737e-10 7.94887e-11 4.78135e-11 2.86742e-11 1.71464e-11 1.02244e-11 6.0804e-12 3.60652e-12 2.13377e-12 1.25934e-12 7.4149e-13 4.35583e-13 2.5531e-13 1.49322e-13 8.71501e-14 5.07604e-14 2.95068e-14 1.71191e-14 9.91343e-15 5.73027e-15 3.30639e-15 1.9045e-15 1.09516e-15 6.28719e-16 3.60364e-16 2.06227e-16 1.17839e-16 6.72334e-17 3.83045e-17 2.1792e-17 1.23806e-17 7.02422e-18 3.97996e-18 2.25214e-18 1.2728e-18 7.18437e-19 4.05031e-19 2.28072e-19 1.28277e-19 7.20661e-20 4.04416e-20 2.26699e-20 1.26942e-20 7.10075e-21 3.96785e-21 2.21496e-21 1.23523e-21 6.88183e-22 3.83042e-22 2.13001e-22 1.18336e-22 6.56838e-23 3.64263e-23 2.01833e-23 1.11737e-23 6.18069e-24 3.41599e-24 1.88644e-24 1.04093e-24 5.73932e-25
1.12268e-05 2.63795e-05 4.14063e-05 5.31529e-05 6.01087e-05 6.21595e-05 6.00847e-05 5.50652e-05 4.8319e-05 4.08873e-05 3.3545e-05 2.67947e-05 2.09073e-05 1.59786e-05 1.19878e-05 8.845e-06 6.42834e-06 4.60811e-06 3.2619e-06 2.28233e-06 1.57989e-06 1.08282e-06 7.35291e-07 4.95003e-07 3.30552e-07 2.19063e-07 1.44142e-07 9.42067e-08 6.11791e-08 3.94913e-08 2.53462e-08 1.61793e-08 1.02744e-08 6.49246e-09 4.08334e-09 2.55663e-09 1.59385e-09 9.8955e-10 6.11939e-10 3.7699e-10 2.31401e-10 1.4154e-10 8.62826e-11 5.24269e-11 3.17558e-11 1.91768e-11 1.15467e-11 6.93287e-12 4.15127e-12 2.47913e-12 1.47675e-12 8.77478e-13 5.20141e-13 3.07604e-13 1.81502e-13 1.0686e-13 6.27797e-14 3.68063e-14 2.15352e-14 1.25755e-14 7.32939e-15 4.26387e-15 2.47601e-15 1.43527e-15 8.30551e-16 4.79811e-16 2.76734e-16 1.59353e-16 9.1618e-17 5.25943e-17 3.01475e-17 1.72556e-17 9.86264e-18 5.62926e-18 3.20863e-18 1.82646e-18 1.03833e-18 5.89531e-19 3.343e-19 1.89337e-19 1.07106e-19 6.05181e-20 3.41552e-20 1.92548e-20 1.08428e-20 6.09922e-21 3.42725e-21 1.92382e-21 1.07879e-21 6.04333e-22 3.3821e-22 1.89094e-22 1.05622e-22 5.89423e-23 3.28626e-23 1.83056e-23 1.01879e-23 5.66506e-24 3.14741e-24 1.74718e-24 9.69088e-25
5.61339e-06 1.39314e-05 2.28166e-05 3.03685e-05 3.54617e-05 3.77542e-05 3.74859e-05 3.52236e-05 3.16426e-05 2.73772e-05 2.29403e-05 1.86973e-05 1.48736e-05 1.15804e-05 8.845e-06 6.63997e-06 4.90721e-06 3.57523e-06 2.57095e-06 1.82665e-06 1.28346e-06 8.92532e-07 6.14739e-07 4.19622e-07 2.84036e-07 1.90748e-07 1.27151e-07 8.41652e-08 5.53438e-08 3.61643e-08 2.34912e-08 1.51731e-08 9.74772e-09 6.23022e-09 3.96256e-09 2.50851e-09 1.58091e-09 9.92059e-10 6.19982e-10 3.85926e-10 2.3932e-10 1.47866e-10 9.10395e-11 5.58624e-11 3.41657e-11 2.08301e-11 1.2661e-11 7.67305e-12 4.63693e-12 2.79445e-12 1.67959e-12 1.0069e-12 6.02118e-13 3.59186e-13 2.13763e-13 1.26926e-13 7.51972e-14 4.44541e-14 2.62245e-14 1.54388e-14 9.07097e-15 5.31925e-15 3.11333e-15 1.81887e-15 1.06071e-15 6.17487e-16 3.58854e-16 2.08201e-16 1.20598e-16 6.97441e-17 4.02716e-17 2.32183e-17 1.33665e-17 7.68374e-18 4.41074e-18 2.5284e-18 1.44741e-18 8.27479e-19 4.72452e-19 2.69403e-19 1.53428e-19 8.72721e-20 4.95819e-20 2.81359e-20 1.59476e-20 9.02899e-21 5.10623e-21 2.88462e-21 1.62784e-21 9.17653e-22 5.16771e-22 2.90722e-22 1.6339e-22 9.17382e-23 5.14585e-23 2.88373e-23 1.61455e-23 9.03131e-24 5.04733e-24 2.81832e-24 1.57233e-24
2.8067e-06 7.33651e-06 1.2514e-05 1.72444e-05 2.07671e-05 2.27378e-05 2.31674e-05 2.23003e-05 2.04925e-05 1.81145e-05 1.54916e-05 1.28748e-05 1.04351e-05 8.2719e-06 6.42834e-06 4.90721e-06 3.68586e-06 2.72792e-06 1.99181e-06 1.43633e-06 1.0239e-06 7.22137e-07 5.04266e-07 3.48869e-07 2.39267e-07 1.62762e-07 1.0987e-07 7.36297e-08 4.90054e-08 3.24049e-08 2.1296e-08 1.39136e-08 9.03972e-09 5.84198e-09 3.75628e-09 2.40352e-09 1.5308e-09 9.70639e-10 6.12831e-10 3.85339e-10 2.41343e-10 1.50584e-10 9.36132e-11 5.79921e-11 3.58036e-11 2.20324e-11 1.35152e-11 8.26527e-12 5.03972e-12 3.06417e-12 1.85787e-12 1.12344e-12 6.77571e-13 4.07625e-13 2.44626e-13 1.46456e-13 8.748e-14 5.21353e-14 3.1003e-14 1.83972e-14 1.08943e-14 6.43825e-15 3.79737e-15 2.23545e-15 1.31352e-15 7.70396e-16 4.51045e-16 2.63615e-16 1.5381e-16 8.95944e-17 5.21043e-17 3.02537e-17 1.75393e-17 1.01529e-17 5.86848e-18 3.38713e-18 1.9522e-18 1.1236e-18 6.45821e-19 3.70709e-19 2.12515e-19 1.21672e-19 6.95741e-20 3.97349e-20 2.2666e-20 1.29141e-20 7.34936e-21 4.17775e-21 2.3722e-21 1.3455e-21 7.62344e-22 4.31478e-22 2.43959e-22 1.37795e-22 7.77522e-23 4.38295e-23 2.46832e-23 1.38874e-23 7.80617e-24 4.38384e-24 2.45968e-24
1.40335e-06 3.85366e-06 6.83437e-06 9.73755e-06 1.20804e-05 1.35892e-05 1.41959e-05 1.39867e-05 1.31377e-05 1.18567e-05 1.03422e-05 8.75898e-06 7.22883e-06 5.83094e-06 4.60811e-06 3.57523e-06 2.72792e-06 2.04994e-06 1.5191e-06 1.11134e-06 8.03423e-07 5.74444e-07 4.06525e-07 2.84943e-07 1.97934e-07 1.36337e-07 9.31654e-08 6.3188e-08 4.25533e-08 2.84651e-08 1.892e-08 1.24996e-08 8.2104e-09 5.36343e-09 3.48528e-09 2.25347e-09 1.45004e-09 9.28762e-10 5.92257e-10 3.76074e-10 2.37829e-10 1.49814e-10 9.40153e-11 5.87845e-11 3.6627e-11 2.2744e-11 1.4077e-11 8.68514e-12 5.34212e-12 3.27614e-12 2.00338e-12 1.22168e-12 7.42978e-13 4.50669e-13 2.72669e-13 1.64566e-13 9.9084e-14 5.95186e-14 3.56711e-14 2.13314e-14 1.27289e-14 7.57967e-15 4.50427e-15 2.67137e-15 1.58126e-15 9.34219e-16 5.50925e-16 3.24305e-16 1.90568e-16 1.1179e-16 6.5467e-17 3.82763e-17 2.2343e-17 1.30218e-17 7.5776e-18 4.40292e-18 2.55453e-18 1.47998e-18 8.56225e-19 4.94675e-19 2.85407e-19 1.64449e-19 9.46315e-20 5.43857e-20 3.1217e-20 1.78964e-20 1.02475e-20 5.86077e-21 3.34803e-21 1.91042e-21 1.08889e-21 6.1996e-22 3.52593e-22 2.0032e-22 1.1369e-22 6.44582e-23 3.65087e-23 2.06579e-23 1.16776e-23 6.59484e-24 3.7209e-24
7.01674e-07 2.01954e-06 3.71811e-06 5.47072e-06 6.98443e-06 8.06476e-06 8.63073e-06 8.69753e-06 8.34489e-06 7.68426e-06 6.8323e-06 5.8933e-06 4.94994e-06 4.06077e-06 3.2619e-06 2.57095e-06 1.99181e-06 1.5191e-06 1.14204e-06 8.47266e-07 6.20924e-07 4.49903e-07 3.22551e-07 2.28971e-07 1.6104e-07 1.12281e-07 7.76452e-08 5.32798e-08 3.62938e-08 2.45522e-08 1.65002e-08 1.10198e-08 7.31592e-09 4.82945e-09 3.17082e-09 2.07107e-09 1.34605e-09 8.70685e-10 5.60635e-10 3.59415e-10 2.29447e-10 1.45884e-10 9.23931e-11 5.82956e-11 3.66485e-11 2.29591e-11 1.43345e-11 8.92051e-12 5.53377e-12 3.42233e-12 2.11024e-12 1.29746e-12 7.95503e-13 4.86423e-13 2.9665e-13 1.80453e-13 1.09498e-13 6.6283e-14 4.00292e-14 2.4119e-14 1.45002e-14 8.69861e-15 5.20724e-15 3.11079e-15 1.85465e-15 1.10358e-15 6.55413e-16 3.88522e-16 2.29893e-16 1.35788e-16 8.00649e-17 4.71286e-17 2.76953e-17 1.62488e-17 9.51796e-18 5.56662e-18 3.2507e-18 1.89546e-18 1.10362e-18 6.41652e-19 3.72539e-19 2.15996e-19 1.25065e-19 7.2319e-20 4.17643e-20 2.40883e-20 1.3876e-20 7.98348e-21 4.58773e-21 2.63324e-21 1.50966e-21 8.64521e-22 4.94522e-22 2.82565e-22 1.61281e-22 9.19574e-23 5.23766e-23 2.98018e-23 1.69399e-23 9.6194e-24 5.4571e-24
3.50837e-07 1.05612e-06 2.01564e-06 3.05927e-06 4.01557e-06 4.75545e-06 5.20966e-06 5.36606e-06 5.25565e-06 4.935e-06 4.47021e-06 3.92502e-06 3.35347e-06 2.79663e-06 2.28233e-06 1.82665e-06 1.43633e-06 1.11134e-06 8.47266e-07 6.372e-07 4.73216e-07 3.47347e-07 2.52194e-07 1.81252e-07 1.29029e-07 9.10334e-08 6.36864e-08 4.42011e-08 3.04472e-08 2.08238e-08 1.41459e-08 9.54779e-09 6.40488e-09 4.27148e-09 2.83282e-09 1.8687e-09 1.22642e-09 8.00963e-10 5.20645e-10 3.36907e-10 2.17066e-10 1.39271e-10 8.89981e-11 5.66521e-11 3.59274e-11 2.27021e-11 1.42952e-11 8.97119e-12 5.61164e-12 3.49911e-12 2.17517e-12 1.34816e-12 8.33176e-13 5.13475e-13 3.1559e-13 1.93456e-13 1.18285e-13 7.21427e-14 4.38939e-14 2.66435e-14 1.61354e-14 9.74985e-15 5.87852e-15 3.53684e-15 2.12355e-15 1.27242e-15 7.60924e-16 4.54166e-16 2.70565e-16 1.6089e-16 9.55007e-17 5.65876e-17 3.34726e-17 1.97664e-17 1.16534e-17 6.85927e-18 4.03107e-18 2.36533e-18 1.38582e-18 8.10738e-19 4.73613e-19 2.7628e-19 1.60942e-19 9.36262e-20 5.43929e-20 3.15585e-20 1.82865e-20 1.05826e-20 6.11669e-21 3.5311e-21 2.03602e-21 1.17259e-21 6.74534e-22 3.87587e-22 2.22459e-22 1.27542e-22 7.30449e-23 4.17892e-23 2.38828e-23 1.36352e-23 7.77675e-24
1.75419e-07 5.51237e-07 1.08918e-06 1.70347e-06 2.2968e-06 2.7875e-06 3.12386e-06 3.2867e-06 3.28415e-06 3.14285e-06 2.89879e-06 2.58966e-06 2.2496e-06 1.90628e-06 1.57989e-06 1.28346e-06 1.0239e-06 8.03423e-07 6.20924e-07 4.73216e-07 3.5601e-07 2.64635e-07 1.94524e-07 1.415e-07 1.01925e-07 7.27456e-08 5.14713e-08 3.61217e-08 2.51541e-08 1.73885e-08 1.19369e-08 8.14034e-09 5.51639e-09 3.71582e-09 2.48863e-09 1.6576e-09 1.09828e-09 7.24034e-10 4.75011e-10 3.10192e-10 2.01658e-10 1.30538e-10 8.41504e-11 5.4031e-11 3.45586e-11 2.20219e-11 1.39827e-11 8.8475e-12 5.57942e-12 3.50706e-12 2.19749e-12 1.37272e-12 8.5497e-13 5.30968e-13 3.28831e-13 2.03094e-13 1.25105e-13 7.68666e-14 4.71103e-14 2.88031e-14 1.75685e-14 1.06912e-14 6.49148e-15 3.93287e-15 2.37764e-15 1.43443e-15 8.63626e-16 5.18932e-16 3.11209e-16 1.86282e-16 1.11297e-16 6.63761e-17 3.95156e-17 2.34841e-17 1.39329e-17 8.25257e-18 4.88012e-18 2.88125e-18 1.69846e-18 9.99691e-19 5.87525e-19 3.44786e-19 2.02046e-19 1.18232e-19 6.9091e-20 4.03197e-20 2.34982e-20 1.36768e-20 7.95019e-21 4.61554e-21 2.67627e-21 1.54992e-21 8.96544e-22 5.17992e-22 2.98933e-22 1.72319e-22 9.92216e-23 5.70696e-23 3.27895e-23 1.88193e-23 1.079e-23
8.77093e-08 2.87207e-07 5.86798e-07 9.4479e-07 1.30746e-06 1.62501e-06 1.8617e-06 1.9996e-06 2.03732e-06 1.986e-06 1.8643e-06 1.69378e-06 1.49534e-06 1.28702e-06 1.08282e-06 8.92532e-07 7.22137e-07 5.74444e-07 4.49903e-07 3.47347e-07 2.64635e-07 1.99151e-07 1.4816e-07 1.09049e-07 7.94598e-08 5.73546e-08 4.10322e-08 2.91093e-08 2.04875e-08 1.43112e-08 9.92559e-09 6.8373e-09 4.67951e-09 3.18298e-09 2.15232e-09 1.4472e-09 9.67843e-10 6.43921e-10 4.26287e-10 2.80866e-10 1.84206e-10 1.20279e-10 7.82035e-11 5.06386e-11 3.26602e-11 2.09843e-11 1.34328e-11 8.56819e-12 5.44639e-12 3.45045e-12 2.17888e-12 1.3716e-12 8.60785e-13 5.38614e-13 3.36056e-13 2.0909e-13 1.2974e-13 8.02918e-14 4.95622e-14 3.05172e-14 1.87448e-14 1.14865e-14 7.02243e-15 4.28361e-15 2.60721e-15 1.58348e-15 9.59704e-16 5.80463e-16 3.50384e-16 2.11089e-16 1.26929e-16 7.61803e-17 4.56388e-17 2.72929e-17 1.62933e-17 9.7101e-18 5.77714e-18 3.43155e-18 2.03503e-18 1.20494e-18 7.12352e-19 4.205e-19 2.47853e-19 1.45878e-19 8.57371e-20 5.03198e-20 2.94926e-20 1.72625e-20 1.00906e-20 5.89072e-21 3.43452e-21 1.99995e-21 1.16315e-21 6.75663e-22 3.92018e-22 2.27183e-22 1.31506e-22 7.6037e-23 4.39159e-23 2.53363e-23 1.46015e-23
4.38546e-08 1.49398e-07 3.15269e-07 5.22094e-07 7.40991e-07 9.42506e-07 1.1032e-06 1.20896e-06 1.25533e-06 1.24592e-06 1.18981e-06 1.09887e-06 9.85556e-07 8.61235e-07 7.35291e-07 6.14739e-07 5.04266e-07 4.06525e-07 3.22551e-07 2.52194e-07 1.94524e-07 1.4816e-07 1.11529e-07 8.30364e-08 6.11896e-08 4.46563e-08 3.22944e-08 2.31544e-08 1.64666e-08 1.16204e-08 8.14061e-09 5.66325e-09 3.91373e-09 2.68761e-09 1.83449e-09 1.24495e-09 8.40197e-10 5.64034e-10 3.76718e-10 2.50381e-10 1.65631e-10 1.09072e-10 7.15137e-11 4.66914e-11 3.03614e-11 1.96653e-11 1.26892e-11 8.15788e-12 5.22611e-12 3.33647e-12 2.123e-12 1.34652e-12 8.5136e-13 5.36654e-13 3.37283e-13 2.11372e-13 1.32096e-13 8.23296e-14 5.11771e-14 3.17307e-14 1.96244e-14 1.21075e-14 7.45216e-15 4.57618e-15 2.80377e-15 1.71405e-15 1.04561e-15 6.36511e-16 3.86677e-16 2.34434e-16 1.41854e-16 8.56697e-17 5.16417e-17 3.10725e-17 1.86626e-17 1.11894e-17 6.69719e-18 4.00172e-18 2.38718e-18 1.42174e-18 8.45408e-19 5.01924e-19 2.97542e-19 1.7612e-19 1.04096e-19 6.14373e-20 3.62092e-20 2.1311e-20 1.25255e-20 7.35206e-21 4.30975e-21 2.52311e-21 1.47526e-21 8.61511e-22 5.02484e-22 2.92725e-22 1.70328e-22 9.89932e-23 5.74683e-23 3.33244e-23 1.93026e-23
2.19273e-08 7.75958e-08 1.68952e-07 2.87533e-07 4.18228e-07 5.44069e-07 6.50271e-07 7.26693e-07 7.68637e-07 7.76374e-07 7.53915e-07 7.07541e-07 6.44422e-07 5.71546e-07 4.95003e-07 4.19622e-07 3.48869e-07 2.84943e-07 2.28971e-07 1.81252e-07 1.415e-07 1.09049e-07 8.30364e-08 6.25218e-08 4.6582e-08 3.4364e-08 2.51151e-08 1.81946e-08 1.30716e-08 9.31713e-09 6.59141e-09 4.62995e-09 3.23014e-09 2.23899e-09 1.54238e-09 1.05623e-09 7.19217e-10 4.8708e-10 3.28151e-10 2.19972e-10 1.46747e-10 9.74433e-11 6.44158e-11 4.23994e-11 2.7792e-11 1.8144e-11 1.17994e-11 7.64458e-12 4.93478e-12 3.17434e-12 2.03496e-12 1.30023e-12 8.28119e-13 5.25788e-13 3.32823e-13 2.10058e-13 1.32197e-13 8.29658e-14 5.19277e-14 3.24157e-14 2.01835e-14 1.25358e-14 7.76694e-15 4.80081e-15 2.96055e-15 1.82158e-15 1.11831e-15 6.85082e-16 4.188e-16 2.55492e-16 1.55551e-16 9.45178e-17 5.73217e-17 3.46981e-17 2.09649e-17 1.26444e-17 7.6126e-18 4.57528e-18 2.74515e-18 1.64435e-18 9.83365e-19 5.8714e-19 3.50017e-19 2.08339e-19 1.23822e-19 7.34823e-20 4.35449e-20 2.57676e-20 1.52267e-20 8.98542e-21 5.29525e-21 3.11644e-21 1.83175e-21 1.07527e-21 6.30412e-22 3.69142e-22 2.15891e-22 1.26112e-22 7.35814e-23 4.28822e-23 2.49627e-23
1.09637e-08 4.02464e-08 9.03264e-08 1.57853e-07 2.35152e-07 3.12682e-07 3.814e-07 4.34436e-07 4.67869e-07 4.80738e-07 4.74521e-07 4.52356e-07 4.18244e-07 3.7636e-07 3.30552e-07 2.84036e-07 2.39267e-07 1.97934e-07 1.6104e-07 1.29029e-07 1.01925e-07 7.94598e-08 6.11896e-08 4.6582e-08 3.50818e-08 2.61546e-08 1.9314e-08 1.41346e-08 1.02564e-08 7.38237e-09 5.2731e-09 3.7391e-09 2.63299e-09 1.84184e-09 1.28027e-09 8.84543e-10 6.07598e-10 4.15047e-10 2.82005e-10 1.90629e-10 1.28226e-10 8.58421e-11 5.72053e-11 3.79537e-11 2.50739e-11 1.64969e-11 1.08107e-11 7.05728e-12 4.58989e-12 2.97441e-12 1.9208e-12 1.23621e-12 7.92998e-13 5.07069e-13 3.23233e-13 2.05426e-13 1.30174e-13 8.22534e-14 5.18299e-14 3.25712e-14 2.04148e-14 1.27628e-14 7.95902e-15 4.95127e-15 3.07285e-15 1.90265e-15 1.17542e-15 7.24549e-16 4.45661e-16 2.73542e-16 1.67552e-16 1.02423e-16 6.24866e-17 3.80486e-17 2.31244e-17 1.40281e-17 8.49455e-18 5.13466e-18 3.09833e-18 1.8664e-18 1.12242e-18 6.739e-19 4.0396e-19 2.41768e-19 1.44473e-19 8.62018e-20 5.13571e-20 3.05527e-20 1.815e-20 1.07669e-20 6.37831e-21 3.77337e-21 2.22932e-21 1.31537e-21 7.75103e-22 4.56165e-22 2.68128e-22 1.57409e-22 9.22983e-23 5.40557e-23 3.16215e-23
5.48183e-09 2.08475e-08 4.8184e-08 8.64036e-08 1.31742e-07 1.78958e-07 2.22665e-07 2.58396e-07 2.83222e-07 2.95921e-07 2.96794e-07 2.87292e-07 2.69562e-07 2.46029e-07 2.19063e-07 1.90748e-07 1.62762e-07 1.36337e-07 1.12281e-07 9.10334e-08 7.27456e-08 5.73546e-08 4.46563e-08 3.4364e-08 2.61546e-08 1.97016e-08 1.46969e-08 1.08632e-08 7.95985e-09 5.78456e-09 4.17092e-09 2.98508e-09 2.12126e-09 1.49724e-09 1.04997e-09 7.31763e-10 5.06978e-10 3.49251e-10 2.39284e-10 1.63085e-10 1.10591e-10 7.46308e-11 5.01283e-11 3.35187e-11 2.23151e-11 1.47939e-11 9.76789e-12 6.42406e-12 4.20886e-12 2.74737e-12 1.78697e-12 1.15828e-12 7.48251e-13 4.81796e-13 3.09244e-13 1.9788e-13 1.26241e-13 8.0303e-14 5.09367e-14 3.22204e-14 2.03265e-14 1.27895e-14 8.02669e-15 5.025e-15 3.13819e-15 1.9552e-15 1.21534e-15 7.53737e-16 4.66426e-16 2.88009e-16 1.77465e-16 1.09124e-16 6.69659e-17 4.10135e-17 2.50703e-17 1.52957e-17 9.3148e-18 5.66225e-18 3.43582e-18 2.0812e-18 1.25851e-18 7.59746e-19 4.57896e-19 2.75527e-19 1.6553e-19 9.92914e-20 5.94683e-20 3.55639e-20 2.12371e-20 1.26635e-20 7.54044e-21 4.48368e-21 2.66243e-21 1.57884e-21 9.35022e-22 5.53021e-22 3.26668e-22 1.92719e-22 1.13555e-22 6.6828e-23 3.92817e-23
2.74092e-09 1.07859e-08 2.56503e-08 4.7164e-08 7.35601e-08 1.02027e-07 1.29428e-07 1.52955e-07 1.70559e-07 1.81144e-07 1.84537e-07 1.81322e-07 1.72598e-07 1.5973e-07 1.44142e-07 1.27151e-07 1.0987e-07 9.31654e-08 7.76452e-08 6.36864e-08 5.14713e-08 4.10322e-08 3.22944e-08 2.51151e-08 1.9314e-08 1.46969e-08 1.1073e-08 8.26474e-09 6.11413e-09 4.48521e-09 3.26405e-09 2.35737e-09 1.69024e-09 1.20356e-09 8.5136e-10 5.98431e-10 4.18104e-10 2.90424e-10 2.00613e-10 1.37835e-10 9.42153e-11 6.4081e-11 4.3377e-11 2.92273e-11 1.96058e-11 1.30952e-11 8.71036e-12 5.77051e-12 3.80805e-12 2.50353e-12 1.6399e-12 1.0704e-12 6.9627e-13 4.514e-13 2.91701e-13 1.87908e-13 1.20676e-13 7.7269e-14 4.9332e-14 3.14069e-14 1.99401e-14 1.2626e-14 7.97382e-15 5.02298e-15 3.15629e-15 1.97851e-15 1.23728e-15 7.71961e-16 4.80551e-16 2.98486e-16 1.84999e-16 1.14419e-16 7.06201e-17 4.34991e-17 2.67407e-17 1.64068e-17 1.00473e-17 6.14141e-18 3.7471e-18 2.28217e-18 1.38752e-18 8.42145e-19 5.10273e-19 3.08675e-19 1.86422e-19 1.12409e-19 6.76751e-20 4.06809e-20 2.44174e-20 1.46341e-20 8.75795e-21 5.23383e-21 3.1234e-21 1.86139e-21 1.1078e-21 6.58421e-22 3.90822e-22 2.31683e-22 1.3717e-22 8.11119e-23 4.79045e-23
1.37046e-09 5.574e-09 1.36282e-08 2.5678e-08 4.09437e-08 5.79545e-08 7.49246e-08 9.01328e-08 1.02212e-07 1.10305e-07 1.14102e-07 1.13768e-07 1.09831e-07 1.03033e-07 9.42067e-08 8.41652e-08 7.36297e-08 6.3188e-08 5.32798e-08 4.42011e-08 3.61217e-08 2.91093e-08 2.31544e-08 1.81946e-08 1.41346e-08 1.08632e-08 8.26474e-09 6.22797e-09 4.65084e-09 3.44339e-09 2.52872e-09 1.84265e-09 1.33283e-09 9.57292e-10 6.82944e-10 4.84089e-10 3.41021e-10 2.38817e-10 1.66294e-10 1.15164e-10 7.93363e-11 5.43787e-11 3.70908e-11 2.51803e-11 1.7017e-11 1.14498e-11 7.67136e-12 5.11875e-12 3.40197e-12 2.2523e-12 1.4856e-12 9.76356e-13 6.39425e-13 4.17341e-13 2.7149e-13 1.76044e-13 1.13796e-13 7.33355e-14 4.71209e-14 3.01898e-14 1.9288e-14 1.22892e-14 7.80909e-15 4.94933e-15 3.12888e-15 1.97313e-15 1.24128e-15 7.79035e-16 4.87799e-16 3.0475e-16 1.89971e-16 1.18166e-16 7.33471e-17 4.54333e-17 2.80858e-17 1.73276e-17 1.06696e-17 6.5574e-18 4.0226e-18 2.46315e-18 1.50555e-18 9.18628e-19 5.59547e-19 3.40251e-19 2.06559e-19 1.25194e-19 7.57579e-20 4.57713e-20 2.76115e-20 1.66315e-20 1.00029e-20 6.00744e-21 3.60271e-21 2.15753e-21 1.29028e-21 7.70583e-22 4.59593e-22 2.7375e-22 1.62845e-22 9.67472e-23 5.74061e-23
6.85229e-10 2.87753e-09 7.22758e-09 1.3946e-08 2.27217e-08 3.28069e-08 4.32056e-08 5.28876e-08 6.09706e-08 6.68371e-08 7.01799e-08 7.09863e-08 6.94819e-08 6.60552e-08 6.11791e-08 5.53438e-08 4.90054e-08 4.25533e-08 3.62938e-08 3.04472e-08 2.51541e-08 2.04875e-08 1.64666e-08 1.30716e-08 1.02564e-08 7.95985e-09 6.11413e-09 4.65084e-09 3.50527e-09 2.61886e-09 1.94041e-09 1.4264e-09 1.04068e-09 7.53825e-10 5.423e-10 3.87574e-10 2.75254e-10 1.94308e-10 1.36373e-10 9.51806e-11 6.60752e-11 4.56339e-11 3.13599e-11 2.14476e-11 1.46007e-11 9.89513e-12 6.67717e-12 4.48689e-12 3.00289e-12 2.00184e-12 1.32943e-12 8.79633e-13 5.79938e-13 3.81024e-13 2.49492e-13 1.6283e-13 1.05932e-13 6.87019e-14 4.44221e-14 2.86385e-14 1.84101e-14 1.18018e-14 7.545e-15 4.81076e-15 3.05944e-15 1.94076e-15 1.22808e-15 7.75239e-16 4.88223e-16 3.06761e-16 1.9231e-16 1.20295e-16 7.50856e-17 4.6768e-17 2.90699e-17 1.80327e-17 1.11639e-17 6.89809e-18 4.25418e-18 2.61875e-18 1.60908e-18 9.86922e-19 6.04262e-19 3.69334e-19 2.25361e-19 1.37283e-19 8.34922e-20 5.06969e-20 3.0735e-20 1.86044e-20 1.12445e-20 6.78602e-21 4.08936e-21 2.46076e-21 1.47867e-21 8.87291e-22 5.31701e-22 3.18188e-22 1.90163e-22 1.13501e-22 6.76581e-23
3.42614e-10 1.48403e-09 3.82651e-09 7.55683e-09 1.2574e-08 1.8511e-08 2.48238e-08 3.09085e-08 3.62114e-08 4.03094e-08 4.29506e-08 4.40596e-08 4.37136e-08 4.21039e-08 3.94913e-08 3.61643e-08 3.24049e-08 2.84651e-08 2.45522e-08 2.08238e-08 1.73885e-08 1.43112e-08 1.16204e-08 9.31713e-09 7.38237e-09 5.78456e-09 4.48521e-09 3.44339e-09 2.61886e-09 1.9741e-09 1.47554e-09 1.09405e-09 8.04994e-10 5.87987e-10 4.26486e-10 3.07279e-10 2.19977e-10 1.56512e-10 1.10702e-10 7.78567e-11 5.44585e-11 3.78923e-11 2.62322e-11 1.80716e-11 1.23911e-11 8.45745e-12 5.7472e-12 3.88885e-12 2.62055e-12 1.75885e-12 1.17592e-12 7.83242e-13 5.19791e-13 3.43734e-13 2.26527e-13 1.48787e-13 9.74085e-14 6.35701e-14 4.13591e-14 2.68278e-14 1.73512e-14 1.11902e-14 7.19676e-15 4.61594e-15 2.9528e-15 1.88403e-15 1.19907e-15 7.61262e-16 4.82146e-16 3.0465e-16 1.92055e-16 1.20801e-16 7.58164e-17 4.7481e-17 2.96729e-17 1.85057e-17 1.15179e-17 7.1545e-18 4.4355e-18 2.74461e-18 1.69515e-18 1.04506e-18 6.43129e-19 3.95084e-19 2.42287e-19 1.48332e-19 9.06604e-20 5.53211e-20 3.37029e-20 2.05003e-20 1.24503e-20 7.54984e-21 4.57138e-21 2.76388e-21 1.66864e-21 1.00598e-21 6.05632e-22 3.64109e-22 2.18609e-22 1.31077e-22 7.84899e-23
1.71307e-10 7.6465e-10 2.02261e-09 4.08587e-09 6.93994e-09 1.04126e-08 1.42133e-08 1.79948e-08 2.14178e-08 2.42029e-08 2.61623e-08 2.72106e-08 2.73578e-08 2.66902e-08 2.53462e-08 2.34912e-08 2.1296e-08 1.892e-08 1.65002e-08 1.41459e-08 1.19369e-08 9.92559e-09 8.14061e-09 6.59141e-09 5.2731e-09 4.17092e-09 3.26405e-09 2.52872e-09 1.94041e-09 1.47554e-09 1.11243e-09 8.31829e-10 6.17172e-10 4.54509e-10 3.32343e-10 2.41364e-10 1.74149e-10 1.24868e-10 8.89962e-11 6.3064e-11 4.44403e-11 3.11492e-11 2.17208e-11 1.50711e-11 1.0407e-11 7.15301e-12 4.89444e-12 3.33451e-12 2.26222e-12 1.52851e-12 1.02869e-12 6.89669e-13 4.6066e-13 3.06587e-13 2.03331e-13 1.34392e-13 8.85322e-14 5.81339e-14 3.80534e-14 2.4833e-14 1.61574e-14 1.04822e-14 6.78117e-15 4.37478e-15 2.81474e-15 1.80625e-15 1.15611e-15 7.3813e-16 4.70111e-16 2.98695e-16 1.89337e-16 1.19743e-16 7.55595e-17 4.75746e-17 2.98901e-17 1.87399e-17 1.17249e-17 7.32113e-18 4.56232e-18 2.8376e-18 1.76153e-18 1.09149e-18 6.75082e-19 4.16786e-19 2.56865e-19 1.58032e-19 9.70622e-20 5.95156e-20 3.64335e-20 2.22676e-20 1.35881e-20 8.27888e-21 5.03641e-21 3.05929e-21 1.85558e-21 1.12385e-21 6.79701e-22 4.10505e-22 2.47583e-22 1.49119e-22 8.96942e-23
8.56536e-11 3.93641e-10 1.06748e-09 2.20463e-09 3.82074e-09 5.84015e-09 8.11144e-09 1.04387e-08 1.26183e-08 1.4471e-08 1.58648e-08 1.67254e-08 1.70365e-08 1.68311e-08 1.61793e-08 1.51731e-08 1.39136e-08 1.24996e-08 1.10198e-08 9.54779e-09 8.14034e-09 6.8373e-09 5.66325e-09 4.62995e-09 3.7391e-09 2.98508e-09 2.35737e-09 1.84265e-09 1.4264e-09 1.09405e-09 8.31829e-10 6.27209e-10 4.69184e-10 3.48324e-10 2.56731e-10 1.87916e-10 1.36636e-10 9.87194e-11 7.08896e-11 5.06068e-11 3.59236e-11 2.53621e-11 1.78119e-11 1.24461e-11 8.65439e-12 5.98944e-12 4.12622e-12 2.83008e-12 1.9328e-12 1.31454e-12 8.90465e-13 6.00849e-13 4.03897e-13 2.70508e-13 1.80526e-13 1.20058e-13 7.95752e-14 5.257e-14 3.46186e-14 2.27263e-14 1.48741e-14 9.70615e-15 6.31556e-15 4.09785e-15 2.6516e-15 1.71118e-15 1.1014e-15 7.07113e-16 4.52841e-16 2.89296e-16 1.84375e-16 1.17232e-16 7.43703e-17 4.70741e-17 2.97312e-17 1.87376e-17 1.17843e-17 7.39601e-18 4.63252e-18 2.89587e-18 1.80675e-18 1.12511e-18 6.99326e-19 4.33881e-19 2.6871e-19 1.66123e-19 1.02524e-19 6.31664e-20 3.88527e-20 2.38586e-20 1.46274e-20 8.95377e-21 5.47228e-21 3.33938e-21 2.03476e-21 1.23799e-21 7.52124e-22 4.56291e-22 2.76429e-22 1.67233e-22 1.01035e-22
4.28268e-11 2.02479e-10 5.62571e-10 1.18725e-09 2.09847e-09 3.26653e-09 4.61475e-09 6.03472e-09 7.40642e-09 8.6177e-09 9.57944e-09 1.02343e-08 1.05589e-08 1.05613e-08 1.02744e-08 9.74772e-09 9.03972e-09 8.2104e-09 7.31592e-09 6.40488e-09 5.51639e-09 4.67951e-09 3.91373e-09 3.23014e-09 2.63299e-09 2.12126e-09 1.69024e-09 1.33283e-09 1.04068e-09 8.04994e-10 6.17172e-10 4.69184e-10 3.53816e-10 2.64768e-10 1.96679e-10 1.45075e-10 1.0629e-10 7.7372e-11 5.59723e-11 4.02502e-11 2.87783e-11 2.04624e-11 1.4472e-11 1.01828e-11 7.12925e-12 4.96746e-12 3.44514e-12 2.37864e-12 1.63515e-12 1.11933e-12 7.63101e-13 5.18183e-13 3.5052e-13 2.36221e-13 1.58617e-13 1.06131e-13 7.07699e-14 4.70329e-14 3.1156e-14 2.05734e-14 1.35435e-14 8.88888e-15 5.81688e-15 3.79568e-15 2.46988e-15 1.6028e-15 1.03735e-15 6.69637e-16 4.31173e-16 2.76939e-16 1.77444e-16 1.13424e-16 7.23336e-17 4.60242e-17 2.92189e-17 1.85095e-17 1.17003e-17 7.38055e-18 4.64612e-18 2.91889e-18 1.83016e-18 1.1453e-18 7.1536e-19 4.45987e-19 2.7754e-19 1.72405e-19 1.06908e-19 6.6179e-20 4.0897e-20 2.52312e-20 1.55408e-20 9.55672e-21 5.86754e-21 3.5969e-21 2.20158e-21 1.34551e-21 8.21103e-22 5.00351e-22 3.0446e-22 1.85e-22 1.12257e-22
