0.998441 0.000388799 0.000194703 9.75033e-05 4.88277e-05 2.44519e-05 1.2245e-05 6.13207e-06 3.07082e-06 1.53781e-06 7.70102e-07 3.85652e-07 1.93127e-07 9.6714e-08 4.84324e-08 2.4254e-08 1.21459e-08 6.08243e-09 3.04596e-09 1.52536e-09 7.63868e-10 3.8253e-10 1.91563e-10 9.59311e-11 4.80404e-11 2.40577e-11 1.20476e-11 6.0332e-12 3.0213e-12 1.51301e-12 7.57685e-13 3.79433e-13 1.90013e-13 9.51545e-14 4.76515e-14 2.38629e-14 1.19501e-14 5.98436e-15 2.99685e-15 1.50076e-15 7.51551e-16 3.76362e-16 1.88474e-16 9.43842e-17 4.72657e-17 2.36697e-17 1.18533e-17 5.93591e-18 2.97259e-18 1.48861e-18 7.45467e-19 3.73315e-19 1.86949e-19 9.36202e-20 4.68831e-20 2.34781e-20 1.17574e-20 5.88786e-21 2.94852e-21 1.47656e-21 7.39432e-22 3.70293e-22 1.85435e-22 9.28623e-23 4.65036e-23 2.32881e-23 1.16622e-23 5.8402e-24 2.92465e-24 1.46461e-24 7.33447e-25 3.67295e-25 1.83934e-25 9.21106e-26 4.61271e-26 2.30996e-26 1.15678e-26 5.79292e-27 2.90098e-27 1.45275e-27 7.27509e-28 3.64322e-28 1.82445e-28 9.13649e-29 4.57537e-29 2.29126e-29 1.14742e-29 5.74603e-30 2.8775e-30 1.44099e-30 7.2162e-31 3.61373e-31 1.80968e-31 9.06253e-32 4.53834e-32 2.27271e-32 1.13813e-32 5.69951e-33 2.8542e-33 1.42933e-33 7.15778e-34
0.000388799 4.54755e-07 2.27851e-07 1.14162e-07 5.71998e-08 2.86593e-08 1.43595e-08 7.19465e-09 3.6048e-09 1.80615e-09 9.04949e-10 4.53414e-10 2.27178e-10 1.13825e-10 5.70307e-11 2.85745e-11 1.43169e-11 7.17332e-12 3.59411e-12 1.80078e-12 9.02259e-13 4.52065e-13 2.26502e-13 1.13486e-13 5.68605e-14 2.84892e-14 1.42741e-14 7.15187e-15 3.58335e-15 1.79539e-15 8.99553e-16 4.50709e-16 2.25821e-16 1.13144e-16 5.66894e-17 2.84034e-17 1.42311e-17 7.13029e-18 3.57253e-18 1.78996e-18 8.96832e-19 4.49344e-19 2.25137e-19 1.12801e-19 5.65174e-20 2.83171e-20 1.41878e-20 7.10859e-21 3.56164e-21 1.7845e-21 8.94096e-22 4.47972e-22 2.24449e-22 1.12456e-22 5.63444e-23 2.82304e-23 1.41443e-23 7.08678e-24 3.55071e-24 1.77902e-24 8.91346e-25 4.46593e-25 2.23757e-25 1.1211e-25 5.61705e-26 2.81432e-26 1.41006e-26 7.06485e-27 3.53971e-27 1.77351e-27 8.88581e-28 4.45207e-28 2.23062e-28 1.11761e-28 5.59957e-29 2.80555e-29 1.40567e-29 7.04282e-30 3.52866e-30 1.76797e-30 8.85803e-31 4.43814e-31 2.22364e-31 1.11411e-31 5.58201e-32 2.79675e-32 1.40125e-32 7.02068e-33 3.51756e-33 1.7624e-33 8.83012e-34 4.42414e-34 2.21662e-34 1.11059e-34 5.56436e-35 2.7879e-35 1.39682e-35 6.99843e-36 3.50641e-36 1.75681e-36 8.80208e-37
0.000194703 2.27851e-07 1.14162e-07 5.71999e-08 2.86594e-08 1.43595e-08 7.19469e-09 3.60483e-09 1.80616e-09 9.04958e-10 4.53419e-10 2.27181e-10 1.13826e-10 5.70315e-11 2.8575e-11 1.43172e-11 7.17345e-12 3.59417e-12 1.80082e-12 9.02279e-13 4.52076e-13 2.26507e-13 1.13489e-13 5.6862e-14 2.849e-14 1.42746e-14 7.15208e-15 3.58346e-15 1.79544e-15 8.99584e-16 4.50724e-16 2.25829e-16 1.13149e-16 5.66916e-17 2.84045e-17 1.42317e-17 7.13059e-18 3.57268e-18 1.79004e-18 8.96873e-19 4.49365e-19 2.25148e-19 1.12807e-19 5.65202e-20 2.83186e-20 1.41886e-20 7.10897e-21 3.56184e-21 1.7846e-21 8.94148e-22 4.47998e-22 2.24462e-22 1.12463e-22 5.63479e-23 2.82322e-23 1.41453e-23 7.08724e-24 3.55094e-24 1.77914e-24 8.91408e-25 4.46624e-25 2.23773e-25 1.12118e-25 5.61746e-26 2.81453e-26 1.41017e-26 7.0654e-27 3.53999e-27 1.77365e-27 8.88653e-28 4.45243e-28 2.23081e-28 1.1177e-28 5.60005e-29 2.8058e-29 1.40579e-29 7.04344e-30 3.52898e-30 1.76813e-30 8.85885e-31 4.43855e-31 2.22385e-31 1.11421e-31 5.58255e-32 2.79702e-32 1.40139e-32 7.02138e-33 3.51792e-33 1.76258e-33 8.83104e-34 4.42461e-34 2.21686e-34 1.11071e-34 5.56497e-35 2.78821e-35 1.39697e-35 6.99922e-36 3.5068e-36 1.75701e-36 8.8031e-37 4.4106e-37
9.75033e-05 1.14162e-07 5.71999e-08 2.86595e-08 1.43596e-08 7.19472e-09 3.60484e-09 1.80617e-09 9.04964e-10 4.53423e-10 2.27183e-10 1.13828e-10 5.70322e-11 2.85754e-11 1.43174e-11 7.17356e-12 3.59424e-12 1.80085e-12 9.02296e-13 4.52085e-13 2.26512e-13 1.13491e-13 5.68634e-14 2.84907e-14 1.42749e-14 7.15228e-15 3.58356e-15 1.7955e-15 8.99612e-16 4.50739e-16 2.25837e-16 1.13153e-16 5.66936e-17 2.84056e-17 1.42322e-17 7.13087e-18 3.57283e-18 1.79011e-18 8.96912e-19 4.49385e-19 2.25158e-19 1.12812e-19 5.65229e-20 2.832e-20 1.41893e-20 7.10934e-21 3.56203e-21 1.7847e-21 8.94197e-22 4.48024e-22 2.24475e-22 1.1247e-22 5.63512e-23 2.82339e-23 1.41461e-23 7.08769e-24 3.55117e-24 1.77926e-24 8.91467e-25 4.46655e-25 2.23789e-25 1.12126e-25 5.61786e-26 2.81473e-26 1.41027e-26 7.06593e-27 3.54026e-27 1.77378e-27 8.88723e-28 4.45279e-28 2.23099e-28 1.1178e-28 5.60051e-29 2.80603e-29 1.40591e-29 7.04406e-30 3.52929e-30 1.76828e-30 8.85965e-31 4.43896e-31 2.22405e-31 1.11432e-31 5.58308e-32 2.79729e-32 1.40153e-32 7.02207e-33 3.51827e-33 1.76276e-33 8.83194e-34 4.42506e-34 2.21709e-34 1.11083e-34 5.56556e-35 2.78851e-35 1.39712e-35 6.99999e-36 3.50719e-36 1.7572e-36 8.80409e-37 4.4111e-37 2.21009e-37
4.88277e-05 5.71998e-08 2.86594e-08 1.43596e-08 7.19473e-09 3.60485e-09 1.80618e-09 9.04969e-10 4.53426e-10 2.27185e-10 1.13829e-10 5.70327e-11 2.85757e-11 1.43175e-11 7.17366e-12 3.59429e-12 1.80088e-12 9.02311e-13 4.52093e-13 2.26516e-13 1.13493e-13 5.68646e-14 2.84914e-14 1.42753e-14 7.15246e-15 3.58366e-15 1.79555e-15 8.99638e-16 4.50753e-16 2.25844e-16 1.13156e-16 5.66955e-17 2.84066e-17 1.42328e-17 7.13114e-18 3.57296e-18 1.79019e-18 8.96948e-19 4.49404e-19 2.25168e-19 1.12817e-19 5.65255e-20 2.83213e-20 1.419e-20 7.10969e-21 3.56221e-21 1.78479e-21 8.94244e-22 4.48048e-22 2.24488e-22 1.12476e-22 5.63545e-23 2.82355e-23 1.4147e-23 7.08812e-24 3.55139e-24 1.77937e-24 8.91525e-25 4.46684e-25 2.23804e-25 1.12133e-25 5.61825e-26 2.81493e-26 1.41037e-26 7.06644e-27 3.54052e-27 1.77392e-27 8.88791e-28 4.45313e-28 2.23116e-28 1.11789e-28 5.60097e-29 2.80626e-29 1.40603e-29 7.04465e-30 3.52959e-30 1.76844e-30 8.86043e-31 4.43935e-31 2.22426e-31 1.11442e-31 5.58359e-32 2.79755e-32 1.40166e-32 7.02275e-33 3.51861e-33 1.76293e-33 8.83282e-34 4.42551e-34 2.21731e-34 1.11094e-34 5.56614e-35 2.7888e-35 1.39727e-35 7.00074e-36 3.50758e-36 1.7574e-36 8.80507e-37 4.4116e-37 2.21034e-37 1.10744e-37
2.44519e-05 2.86593e-08 1.43595e-08 7.19472e-09 3.60485e-09 1.80618e-09 9.04971e-10 4.53428e-10 2.27186e-10 1.13829e-10 5.70331e-11 2.85759e-11 1.43177e-11 7.17374e-12 3.59433e-12 1.8009e-12 9.02324e-13 4.521e-13 2.2652e-13 1.13496e-13 5.68657e-14 2.8492e-14 1.42756e-14 7.15262e-15 3.58374e-15 1.79559e-15 8.99662e-16 4.50765e-16 2.2585e-16 1.1316e-16 5.66973e-17 2.84075e-17 1.42332e-17 7.13138e-18 3.57309e-18 1.79025e-18 8.96983e-19 4.49422e-19 2.25177e-19 1.12822e-19 5.65279e-20 2.83226e-20 1.41906e-20 7.11002e-21 3.56238e-21 1.78488e-21 8.94289e-22 4.48071e-22 2.24499e-22 1.12482e-22 5.63576e-23 2.82371e-23 1.41478e-23 7.08854e-24 3.55161e-24 1.77948e-24 8.9158e-25 4.46712e-25 2.23818e-25 1.12141e-25 5.61863e-26 2.81512e-26 1.41047e-26 7.06694e-27 3.54077e-27 1.77405e-27 8.88856e-28 4.45347e-28 2.23133e-28 1.11797e-28 5.60141e-29 2.80649e-29 1.40614e-29 7.04523e-30 3.52989e-30 1.76859e-30 8.86119e-31 4.43974e-31 2.22445e-31 1.11452e-31 5.5841e-32 2.79781e-32 1.40179e-32 7.02341e-33 3.51894e-33 1.7631e-33 8.83368e-34 4.42594e-34 2.21753e-34 1.11105e-34 5.5667e-35 2.78909e-35 1.39742e-35 7.00148e-36 3.50795e-36 1.75759e-36 8.80603e-37 4.41208e-37 2.21058e-37 1.10757e-37 5.54923e-38
1.2245e-05 1.43595e-08 7.19469e-09 3.60484e-09 1.80618e-09 9.04971e-10 4.53428e-10 2.27186e-10 1.1383e-10 5.70334e-11 2.85761e-11 1.43178e-11 7.1738e-12 3.59437e-12 1.80092e-12 9.02335e-13 4.52106e-13 2.26523e-13 1.13497e-13 5.68667e-14 2.84925e-14 1.42759e-14 7.15277e-15 3.58382e-15 1.79563e-15 8.99683e-16 4.50776e-16 2.25856e-16 1.13163e-16 5.6699e-17 2.84084e-17 1.42337e-17 7.13162e-18 3.57321e-18 1.79031e-18 8.97015e-19 4.49438e-19 2.25186e-19 1.12826e-19 5.65302e-20 2.83237e-20 1.41912e-20 7.11034e-21 3.56254e-21 1.78496e-21 8.94332e-22 4.48093e-22 2.24511e-22 1.12488e-22 5.63605e-23 2.82386e-23 1.41486e-23 7.08894e-24 3.55181e-24 1.77958e-24 8.91633e-25 4.46739e-25 2.23832e-25 1.12148e-25 5.61899e-26 2.81531e-26 1.41057e-26 7.06742e-27 3.54102e-27 1.77417e-27 8.8892e-28 4.45379e-28 2.2315e-28 1.11806e-28 5.60183e-29 2.8067e-29 1.40625e-29 7.04579e-30 3.53017e-30 1.76873e-30 8.86192e-31 4.44011e-31 2.22464e-31 1.11462e-31 5.58459e-32 2.79806e-32 1.40192e-32 7.02405e-33 3.51927e-33 1.76327e-33 8.83451e-34 4.42637e-34 2.21775e-34 1.11116e-34 5.56726e-35 2.78937e-35 1.39756e-35 7.0022e-36 3.50831e-36 1.75777e-36 8.80697e-37 4.41255e-37 2.21082e-37 1.10769e-37 5.54984e-38 2.78064e-38
6.13207e-06 7.19465e-09 3.60483e-09 1.80617e-09 9.04969e-10 4.53428e-10 2.27186e-10 1.1383e-10 5.70335e-11 2.85762e-11 1.43179e-11 7.17384e-12 3.59439e-12 1.80094e-12 9.02344e-13 4.52111e-13 2.26526e-13 1.13499e-13 5.68675e-14 2.84929e-14 1.42761e-14 7.1529e-15 3.58389e-15 1.79567e-15 8.99703e-16 4.50787e-16 2.25862e-16 1.13166e-16 5.67004e-17 2.84091e-17 1.42341e-17 7.13183e-18 3.57332e-18 1.79037e-18 8.97045e-19 4.49454e-19 2.25194e-19 1.12831e-19 5.65324e-20 2.83249e-20 1.41918e-20 7.11063e-21 3.56269e-21 1.78504e-21 8.94372e-22 4.48114e-22 2.24521e-22 1.12493e-22 5.63633e-23 2.82401e-23 1.41493e-23 7.08932e-24 3.552e-24 1.77968e-24 8.91684e-25 4.46766e-25 2.23845e-25 1.12154e-25 5.61934e-26 2.81548e-26 1.41066e-26 7.06788e-27 3.54125e-27 1.77429e-27 8.88981e-28 4.4541e-28 2.23166e-28 1.11814e-28 5.60225e-29 2.80691e-29 1.40636e-29 7.04633e-30 3.53045e-30 1.76887e-30 8.86264e-31 4.44048e-31 2.22483e-31 1.11471e-31 5.58507e-32 2.7983e-32 1.40204e-32 7.02467e-33 3.51959e-33 1.76343e-33 8.83533e-34 4.42678e-34 2.21796e-34 1.11127e-34 5.5678e-35 2.78964e-35 1.3977e-35 7.0029e-36 3.50867e-36 1.75795e-36 8.80788e-37 4.41302e-37 2.21106e-37 1.10781e-37 5.55045e-38 2.78094e-38 1.39333e-38
3.07082e-06 3.6048e-09 1.80616e-09 9.04964e-10 4.53426e-10 2.27186e-10 1.1383e-10 5.70335e-11 2.85762e-11 1.43179e-11 7.17387e-12 3.59441e-12 1.80095e-12 9.0235e-13 4.52115e-13 2.26528e-13 1.135e-13 5.68682e-14 2.84933e-14 1.42763e-14 7.15301e-15 3.58395e-15 1.7957e-15 8.9972e-16 4.50796e-16 2.25867e-16 1.13168e-16 5.67018e-17 2.84099e-17 1.42345e-17 7.13203e-18 3.57343e-18 1.79043e-18 8.97073e-19 4.49469e-19 2.25201e-19 1.12834e-19 5.65344e-20 2.83259e-20 1.41924e-20 7.11091e-21 3.56284e-21 1.78512e-21 8.94411e-22 4.48133e-22 2.24532e-22 1.12499e-22 5.6366e-23 2.82415e-23 1.415e-23 7.08968e-24 3.55219e-24 1.77978e-24 8.91733e-25 4.46791e-25 2.23858e-25 1.12161e-25 5.61967e-26 2.81566e-26 1.41074e-26 7.06833e-27 3.54148e-27 1.77441e-27 8.8904e-28 4.4544e-28 2.23181e-28 1.11822e-28 5.60264e-29 2.80712e-29 1.40646e-29 7.04686e-30 3.53072e-30 1.76901e-30 8.86333e-31 4.44083e-31 2.225e-31 1.1148e-31 5.58553e-32 2.79854e-32 1.40216e-32 7.02528e-33 3.5199e-33 1.76358e-33 8.83612e-34 4.42718e-34 2.21816e-34 1.11137e-34 5.56832e-35 2.78991e-35 1.39783e-35 7.00359e-36 3.50902e-36 1.75813e-36 8.80878e-37 4.41347e-37 2.21129e-37 1.10792e-37 5.55104e-38 2.78124e-38 1.39349e-38 6.98179e-39
1.53781e-06 1.80615e-09 9.04958e-10 4.53423e-10 2.27185e-10 1.13829e-10 5.70334e-11 2.85762e-11 1.43179e-11 7.17388e-12 3.59442e-12 1.80096e-12 9.02355e-13 4.52118e-13 2.2653e-13 1.13501e-13 5.68687e-14 2.84936e-14 1.42765e-14 7.15311e-15 3.584e-15 1.79573e-15 8.99735e-16 4.50804e-16 2.25871e-16 1.13171e-16 5.6703e-17 2.84105e-17 1.42348e-17 7.13221e-18 3.57352e-18 1.79048e-18 8.97099e-19 4.49482e-19 2.25208e-19 1.12838e-19 5.65363e-20 2.83269e-20 1.41929e-20 7.11118e-21 3.56297e-21 1.78519e-21 8.94447e-22 4.48152e-22 2.24541e-22 1.12504e-22 5.63686e-23 2.82428e-23 1.41507e-23 7.09003e-24 3.55237e-24 1.77987e-24 8.9178e-25 4.46815e-25 2.23871e-25 1.12167e-25 5.61999e-26 2.81582e-26 1.41083e-26 7.06876e-27 3.5417e-27 1.77452e-27 8.89098e-28 4.4547e-28 2.23196e-28 1.11829e-28 5.60303e-29 2.80732e-29 1.40656e-29 7.04737e-30 3.53098e-30 1.76914e-30 8.86401e-31 4.44117e-31 2.22518e-31 1.11489e-31 5.58598e-32 2.79876e-32 1.40228e-32 7.02587e-33 3.5202e-33 1.76374e-33 8.8369e-34 4.42758e-34 2.21836e-34 1.11147e-34 5.56884e-35 2.79017e-35 1.39797e-35 7.00426e-36 3.50936e-36 1.7583e-36 8.80965e-37 4.41391e-37 2.21151e-37 1.10804e-37 5.55161e-38 2.78153e-38 1.39363e-38 6.98254e-39 3.49847e-39
7.70102e-07 9.04949e-10 4.53419e-10 2.27183e-10 1.13829e-10 5.70331e-11 2.85761e-11 1.43179e-11 7.17387e-12 3.59442e-12 1.80096e-12 9.02357e-13 4.52119e-13 2.26531e-13 1.13502e-13 5.68692e-14 2.84938e-14 1.42766e-14 7.15318e-15 3.58404e-15 1.79576e-15 8.99748e-16 4.50811e-16 2.25875e-16 1.13173e-16 5.67041e-17 2.84111e-17 1.42351e-17 7.13237e-18 3.57361e-18 1.79052e-18 8.97123e-19 4.49494e-19 2.25215e-19 1.12842e-19 5.65381e-20 2.83278e-20 1.41933e-20 7.11143e-21 3.5631e-21 1.78525e-21 8.94481e-22 4.4817e-22 2.2455e-22 1.12508e-22 5.6371e-23 2.8244e-23 1.41513e-23 7.09036e-24 3.55254e-24 1.77996e-24 8.91825e-25 4.46838e-25 2.23882e-25 1.12173e-25 5.6203e-26 2.81598e-26 1.41091e-26 7.06917e-27 3.54191e-27 1.77463e-27 8.89153e-28 4.45498e-28 2.2321e-28 1.11836e-28 5.6034e-29 2.80751e-29 1.40666e-29 7.04786e-30 3.53123e-30 1.76927e-30 8.86466e-31 4.4415e-31 2.22535e-31 1.11498e-31 5.58642e-32 2.79899e-32 1.40239e-32 7.02644e-33 3.52049e-33 1.76388e-33 8.83765e-34 4.42796e-34 2.21856e-34 1.11157e-34 5.56934e-35 2.79042e-35 1.39809e-35 7.00491e-36 3.50969e-36 1.75847e-36 8.8105e-37 4.41435e-37 2.21173e-37 1.10815e-37 5.55218e-38 2.78182e-38 1.39378e-38 6.98327e-39 3.49884e-39 1.75303e-39
3.85652e-07 4.53414e-10 2.27181e-10 1.13828e-10 5.70327e-11 2.85759e-11 1.43178e-11 7.17384e-12 3.59441e-12 1.80096e-12 9.02357e-13 4.5212e-13 2.26532e-13 1.13502e-13 5.68694e-14 2.8494e-14 1.42767e-14 7.15324e-15 3.58408e-15 1.79577e-15 8.99759e-16 4.50817e-16 2.25878e-16 1.13174e-16 5.67051e-17 2.84116e-17 1.42354e-17 7.13251e-18 3.57368e-18 1.79056e-18 8.97144e-19 4.49506e-19 2.25221e-19 1.12845e-19 5.65397e-20 2.83287e-20 1.41938e-20 7.11166e-21 3.56322e-21 1.78532e-21 8.94513e-22 4.48186e-22 2.24559e-22 1.12513e-22 5.63733e-23 2.82452e-23 1.41519e-23 7.09067e-24 3.5527e-24 1.78004e-24 8.91867e-25 4.46859e-25 2.23893e-25 1.12179e-25 5.6206e-26 2.81613e-26 1.41099e-26 7.06957e-27 3.54211e-27 1.77473e-27 8.89206e-28 4.45525e-28 2.23224e-28 1.11843e-28 5.60376e-29 2.80769e-29 1.40675e-29 7.04834e-30 3.53147e-30 1.76939e-30 8.86529e-31 4.44183e-31 2.22551e-31 1.11506e-31 5.58684e-32 2.7992e-32 1.4025e-32 7.027e-33 3.52077e-33 1.76403e-33 8.83838e-34 4.42833e-34 2.21875e-34 1.11167e-34 5.56983e-35 2.79067e-35 1.39822e-35 7.00555e-36 3.51001e-36 1.75863e-36 8.81134e-37 4.41477e-37 2.21194e-37 1.10826e-37 5.55273e-38 2.7821e-38 1.39392e-38 6.98399e-39 3.4992e-39 1.75321e-39 8.78415e-40
1.93127e-07 2.27178e-10 1.13826e-10 5.70322e-11 2.85757e-11 1.43177e-11 7.1738e-12 3.59439e-12 1.80095e-12 9.02355e-13 4.52119e-13 2.26532e-13 1.13502e-13 5.68696e-14 2.84941e-14 1.42768e-14 7.15329e-15 3.5841e-15 1.79579e-15 8.99767e-16 4.50822e-16 2.25881e-16 1.13176e-16 5.67059e-17 2.8412e-17 1.42356e-17 7.13264e-18 3.57375e-18 1.7906e-18 8.97164e-19 4.49516e-19 2.25226e-19 1.12847e-19 5.65412e-20 2.83294e-20 1.41942e-20 7.11187e-21 3.56333e-21 1.78537e-21 8.94543e-22 4.48202e-22 2.24567e-22 1.12517e-22 5.63755e-23 2.82463e-23 1.41525e-23 7.09097e-24 3.55285e-24 1.78012e-24 8.91908e-25 4.4688e-25 2.23904e-25 1.12185e-25 5.62088e-26 2.81627e-26 1.41106e-26 7.06994e-27 3.54231e-27 1.77483e-27 8.89256e-28 4.45551e-28 2.23237e-28 1.1185e-28 5.60411e-29 2.80787e-29 1.40684e-29 7.0488e-30 3.53171e-30 1.76951e-30 8.8659e-31 4.44214e-31 2.22567e-31 1.11514e-31 5.58725e-32 2.79941e-32 1.4026e-32 7.02754e-33 3.52105e-33 1.76417e-33 8.83909e-34 4.42869e-34 2.21893e-34 1.11176e-34 5.5703e-35 2.79091e-35 1.39834e-35 7.00617e-36 3.51033e-36 1.75879e-36 8.81215e-37 4.41518e-37 2.21215e-37 1.10836e-37 5.55326e-38 2.78237e-38 1.39406e-38 6.98469e-39 3.49956e-39 1.75339e-39 8.78506e-40 4.4016e-40
9.6714e-08 1.13825e-10 5.70315e-11 2.85754e-11 1.43175e-11 7.17374e-12 3.59437e-12 1.80094e-12 9.0235e-13 4.52118e-13 2.26531e-13 1.13502e-13 5.68696e-14 2.84942e-14 1.42768e-14 7.15331e-15 3.58412e-15 1.7958e-15 8.99774e-16 4.50826e-16 2.25883e-16 1.13177e-16 5.67066e-17 2.84124e-17 1.42358e-17 7.13275e-18 3.57381e-18 1.79063e-18 8.97181e-19 4.49525e-19 2.25231e-19 1.1285e-19 5.65425e-20 2.83302e-20 1.41946e-20 7.11206e-21 3.56344e-21 1.78543e-21 8.94571e-22 4.48216e-22 2.24575e-22 1.12521e-22 5.63775e-23 2.82474e-23 1.41531e-23 7.09125e-24 3.553e-24 1.78019e-24 8.91946e-25 4.469e-25 2.23914e-25 1.1219e-25 5.62114e-26 2.81641e-26 1.41113e-26 7.07031e-27 3.54249e-27 1.77493e-27 8.89305e-28 4.45576e-28 2.2325e-28 1.11857e-28 5.60444e-29 2.80804e-29 1.40693e-29 7.04925e-30 3.53193e-30 1.76963e-30 8.86649e-31 4.44244e-31 2.22582e-31 1.11522e-31 5.58765e-32 2.79961e-32 1.40271e-32 7.02807e-33 3.52131e-33 1.7643e-33 8.83979e-34 4.42905e-34 2.21911e-34 1.11185e-34 5.57076e-35 2.79115e-35 1.39846e-35 7.00677e-36 3.51064e-36 1.75895e-36 8.81294e-37 4.41558e-37 2.21236e-37 1.10847e-37 5.55379e-38 2.78263e-38 1.39419e-38 6.98537e-39 3.4999e-39 1.75357e-39 8.78595e-40 4.40205e-40 2.20557e-40
4.84324e-08 5.70307e-11 2.8575e-11 1.43174e-11 7.17366e-12 3.59433e-12 1.80092e-12 9.02344e-13 4.52115e-13 2.2653e-13 1.13502e-13 5.68694e-14 2.84941e-14 1.42768e-14 7.15332e-15 3.58413e-15 1.79581e-15 8.99778e-16 4.50828e-16 2.25885e-16 1.13178e-16 5.67071e-17 2.84127e-17 1.4236e-17 7.13285e-18 3.57386e-18 1.79066e-18 8.97196e-19 4.49533e-19 2.25235e-19 1.12852e-19 5.65438e-20 2.83308e-20 1.41949e-20 7.11224e-21 3.56353e-21 1.78548e-21 8.94597e-22 4.4823e-22 2.24582e-22 1.12525e-22 5.63794e-23 2.82484e-23 1.41536e-23 7.09151e-24 3.55313e-24 1.78026e-24 8.91982e-25 4.46919e-25 2.23924e-25 1.12195e-25 5.6214e-26 2.81654e-26 1.4112e-26 7.07065e-27 3.54267e-27 1.77502e-27 8.89352e-28 4.45599e-28 2.23262e-28 1.11863e-28 5.60476e-29 2.8082e-29 1.40701e-29 7.04967e-30 3.53215e-30 1.76974e-30 8.86706e-31 4.44273e-31 2.22597e-31 1.11529e-31 5.58803e-32 2.79981e-32 1.40281e-32 7.02858e-33 3.52157e-33 1.76443e-33 8.84046e-34 4.42939e-34 2.21928e-34 1.11194e-34 5.57121e-35 2.79137e-35 1.39858e-35 7.00736e-36 3.51093e-36 1.7591e-36 8.81371e-37 4.41597e-37 2.21256e-37 1.10857e-37 5.5543e-38 2.78289e-38 1.39432e-38 6.98604e-39 3.50024e-39 1.75374e-39 8.78682e-40 4.40249e-40 2.20579e-40 1.10518e-40
2.4254e-08 2.85745e-11 1.43172e-11 7.17356e-12 3.59429e-12 1.8009e-12 9.02335e-13 4.52111e-13 2.26528e-13 1.13501e-13 5.68692e-14 2.8494e-14 1.42768e-14 7.15331e-15 3.58413e-15 1.79581e-15 8.9978e-16 4.5083e-16 2.25886e-16 1.13179e-16 5.67075e-17 2.8413e-17 1.42361e-17 7.13292e-18 3.57391e-18 1.79068e-18 8.97209e-19 4.4954e-19 2.25239e-19 1.12854e-19 5.65448e-20 2.83314e-20 1.41952e-20 7.1124e-21 3.56361e-21 1.78552e-21 8.9462e-22 4.48242e-22 2.24588e-22 1.12528e-22 5.63811e-23 2.82493e-23 1.4154e-23 7.09176e-24 3.55326e-24 1.78033e-24 8.92016e-25 4.46936e-25 2.23933e-25 1.12199e-25 5.62164e-26 2.81667e-26 1.41126e-26 7.07098e-27 3.54284e-27 1.7751e-27 8.89396e-28 4.45622e-28 2.23274e-28 1.11869e-28 5.60507e-29 2.80836e-29 1.40709e-29 7.05008e-30 3.53236e-30 1.76985e-30 8.86761e-31 4.44301e-31 2.22611e-31 1.11537e-31 5.5884e-32 2.8e-32 1.4029e-32 7.02907e-33 3.52182e-33 1.76456e-33 8.8411e-34 4.42972e-34 2.21945e-34 1.11202e-34 5.57165e-35 2.7916e-35 1.39869e-35 7.00793e-36 3.51122e-36 1.75925e-36 8.81446e-37 4.41635e-37 2.21275e-37 1.10866e-37 5.5548e-38 2.78315e-38 1.39445e-38 6.98669e-39 3.50057e-39 1.75391e-39 8.78767e-40 4.40292e-40 2.20601e-40 1.10529e-40 5.53786e-41
1.21459e-08 1.43169e-11 7.17345e-12 3.59424e-12 1.80088e-12 9.02324e-13 4.52106e-13 2.26526e-13 1.135e-13 5.68687e-14 2.84938e-14 1.42767e-14 7.15329e-15 3.58412e-15 1.79581e-15 8.9978e-16 4.50831e-16 2.25886e-16 1.13179e-16 5.67078e-17 2.84131e-17 1.42362e-17 7.13298e-18 3.57394e-18 1.7907e-18 8.9722e-19 4.49546e-19 2.25242e-19 1.12856e-19 5.65458e-20 2.83319e-20 1.41955e-20 7.11255e-21 3.56369e-21 1.78556e-21 8.94642e-22 4.48253e-22 2.24594e-22 1.12531e-22 5.63827e-23 2.82501e-23 1.41545e-23 7.09198e-24 3.55338e-24 1.78039e-24 8.92048e-25 4.46953e-25 2.23942e-25 1.12204e-25 5.62187e-26 2.81678e-26 1.41132e-26 7.07129e-27 3.543e-27 1.77518e-27 8.89438e-28 4.45644e-28 2.23285e-28 1.11875e-28 5.60536e-29 2.80851e-29 1.40717e-29 7.05048e-30 3.53256e-30 1.76995e-30 8.86813e-31 4.44328e-31 2.22625e-31 1.11544e-31 5.58876e-32 2.80018e-32 1.403e-32 7.02954e-33 3.52206e-33 1.76469e-33 8.84173e-34 4.43004e-34 2.21961e-34 1.11211e-34 5.57207e-35 2.79181e-35 1.3988e-35 7.00849e-36 3.51151e-36 1.75939e-36 8.81519e-37 4.41672e-37 2.21294e-37 1.10876e-37 5.55528e-38 2.78339e-38 1.39458e-38 6.98732e-39 3.50089e-39 1.75407e-39 8.7885e-40 4.40334e-40 2.20623e-40 1.1054e-40 5.53841e-41 2.77493e-41
6.08243e-09 7.17332e-12 3.59417e-12 1.80085e-12 9.02311e-13 4.521e-13 2.26523e-13 1.13499e-13 5.68682e-14 2.84936e-14 1.42766e-14 7.15324e-15 3.5841e-15 1.7958e-15 8.99778e-16 4.5083e-16 2.25886e-16 1.13179e-16 5.67079e-17 2.84132e-17 1.42363e-17 7.13303e-18 3.57397e-18 1.79072e-18 8.97228e-19 4.49551e-19 2.25245e-19 1.12858e-19 5.65466e-20 2.83323e-20 1.41957e-20 7.11268e-21 3.56376e-21 1.7856e-21 8.94661e-22 4.48264e-22 2.24599e-22 1.12534e-22 5.63842e-23 2.82509e-23 1.41549e-23 7.0922e-24 3.55349e-24 1.78045e-24 8.92078e-25 4.46968e-25 2.2395e-25 1.12208e-25 5.62208e-26 2.81689e-26 1.41138e-26 7.07159e-27 3.54315e-27 1.77526e-27 8.89479e-28 4.45665e-28 2.23296e-28 1.1188e-28 5.60564e-29 2.80865e-29 1.40724e-29 7.05085e-30 3.53276e-30 1.77005e-30 8.86864e-31 4.44353e-31 2.22638e-31 1.1155e-31 5.58911e-32 2.80036e-32 1.40309e-32 7.03e-33 3.5223e-33 1.7648e-33 8.84234e-34 4.43035e-34 2.21977e-34 1.11219e-34 5.57248e-35 2.79202e-35 1.3989e-35 7.00903e-36 3.51178e-36 1.75953e-36 8.81589e-37 4.41708e-37 2.21312e-37 1.10885e-37 5.55575e-38 2.78363e-38 1.3947e-38 6.98794e-39 3.50121e-39 1.75423e-39 8.78931e-40 4.40375e-40 2.20643e-40 1.1055e-40 5.53894e-41 2.7752e-41 1.39047e-41
3.04596e-09 3.59411e-12 1.80082e-12 9.02296e-13 4.52093e-13 2.2652e-13 1.13497e-13 5.68675e-14 2.84933e-14 1.42765e-14 7.15318e-15 3.58408e-15 1.79579e-15 8.99774e-16 4.50828e-16 2.25886e-16 1.13179e-16 5.67079e-17 2.84133e-17 1.42363e-17 7.13305e-18 3.57398e-18 1.79073e-18 8.97235e-19 4.49555e-19 2.25247e-19 1.12859e-19 5.65473e-20 2.83327e-20 1.41959e-20 7.11279e-21 3.56382e-21 1.78563e-21 8.94678e-22 4.48273e-22 2.24604e-22 1.12536e-22 5.63856e-23 2.82516e-23 1.41553e-23 7.09239e-24 3.55359e-24 1.7805e-24 8.92105e-25 4.46982e-25 2.23957e-25 1.12212e-25 5.62228e-26 2.817e-26 1.41143e-26 7.07186e-27 3.5433e-27 1.77534e-27 8.89517e-28 4.45684e-28 2.23306e-28 1.11885e-28 5.60591e-29 2.80879e-29 1.40732e-29 7.05121e-30 3.53294e-30 1.77014e-30 8.86912e-31 4.44378e-31 2.22651e-31 1.11557e-31 5.58944e-32 2.80053e-32 1.40317e-32 7.03044e-33 3.52252e-33 1.76492e-33 8.84293e-34 4.43064e-34 2.21992e-34 1.11227e-34 5.57287e-35 2.79222e-35 1.39901e-35 7.00955e-36 3.51205e-36 1.75967e-36 8.81658e-37 4.41743e-37 2.2133e-37 1.10894e-37 5.55621e-38 2.78387e-38 1.39482e-38 6.98854e-39 3.50151e-39 1.75438e-39 8.79009e-40 4.40415e-40 2.20664e-40 1.1056e-40 5.53946e-41 2.77547e-41 1.39061e-41 6.96742e-42
1.52536e-09 1.80078e-12 9.02279e-13 4.52085e-13 2.26516e-13 1.13496e-13 5.68667e-14 2.84929e-14 1.42763e-14 7.15311e-15 3.58404e-15 1.79577e-15 8.99767e-16 4.50826e-16 2.25885e-16 1.13179e-16 5.67078e-17 2.84132e-17 1.42363e-17 7.13306e-18 3.57399e-18 1.79073e-18 8.97239e-19 4.49557e-19 2.25249e-19 1.1286e-19 5.65478e-20 2.8333e-20 1.41961e-20 7.11288e-21 3.56387e-21 1.78566e-21 8.94693e-22 4.48281e-22 2.24608e-22 1.12539e-22 5.63868e-23 2.82522e-23 1.41556e-23 7.09257e-24 3.55368e-24 1.78055e-24 8.92131e-25 4.46996e-25 2.23964e-25 1.12215e-25 5.62247e-26 2.8171e-26 1.41148e-26 7.07213e-27 3.54343e-27 1.77541e-27 8.89553e-28 4.45703e-28 2.23316e-28 1.1189e-28 5.60616e-29 2.80892e-29 1.40738e-29 7.05156e-30 3.53312e-30 1.77023e-30 8.86958e-31 4.44402e-31 2.22663e-31 1.11563e-31 5.58976e-32 2.80069e-32 1.40326e-32 7.03087e-33 3.52274e-33 1.76503e-33 8.84349e-34 4.43093e-34 2.22007e-34 1.11234e-34 5.57325e-35 2.79241e-35 1.39911e-35 7.01005e-36 3.5123e-36 1.7598e-36 8.81725e-37 4.41777e-37 2.21347e-37 1.10903e-37 5.55666e-38 2.78409e-38 1.39493e-38 6.98913e-39 3.50181e-39 1.75453e-39 8.79086e-40 4.40454e-40 2.20683e-40 1.1057e-40 5.53997e-41 2.77572e-41 1.39074e-41 6.96809e-42 3.49126e-42
7.63868e-10 9.02259e-13 4.52076e-13 2.26512e-13 1.13493e-13 5.68657e-14 2.84925e-14 1.42761e-14 7.15301e-15 3.584e-15 1.79576e-15 8.99759e-16 4.50822e-16 2.25883e-16 1.13178e-16 5.67075e-17 2.84131e-17 1.42363e-17 7.13305e-18 3.57399e-18 1.79074e-18 8.97241e-19 4.49559e-19 2.2525e-19 1.1286e-19 5.65482e-20 2.83332e-20 1.41962e-20 7.11296e-21 3.56391e-21 1.78568e-21 8.94706e-22 4.48288e-22 2.24612e-22 1.12541e-22 5.63879e-23 2.82528e-23 1.41559e-23 7.09273e-24 3.55377e-24 1.78059e-24 8.92154e-25 4.47008e-25 2.2397e-25 1.12219e-25 5.62264e-26 2.81719e-26 1.41153e-26 7.07237e-27 3.54356e-27 1.77547e-27 8.89586e-28 4.4572e-28 2.23325e-28 1.11895e-28 5.6064e-29 2.80904e-29 1.40745e-29 7.05188e-30 3.53328e-30 1.77032e-30 8.87003e-31 4.44425e-31 2.22675e-31 1.11569e-31 5.59006e-32 2.80085e-32 1.40334e-32 7.03127e-33 3.52295e-33 1.76514e-33 8.84403e-34 4.43121e-34 2.22021e-34 1.11241e-34 5.57362e-35 2.7926e-35 1.3992e-35 7.01054e-36 3.51255e-36 1.75992e-36 8.81789e-37 4.4181e-37 2.21364e-37 1.10912e-37 5.55709e-38 2.78431e-38 1.39504e-38 6.9897e-39 3.5021e-39 1.75468e-39 8.7916e-40 4.40492e-40 2.20703e-40 1.1058e-40 5.54047e-41 2.77598e-41 1.39086e-41 6.96873e-42 3.49159e-42 1.74941e-42
3.8253e-10 4.52065e-13 2.26507e-13 1.13491e-13 5.68646e-14 2.8492e-14 1.42759e-14 7.1529e-15 3.58395e-15 1.79573e-15 8.99748e-16 4.50817e-16 2.25881e-16 1.13177e-16 5.67071e-17 2.8413e-17 1.42362e-17 7.13303e-18 3.57398e-18 1.79073e-18 8.97241e-19 4.4956e-19 2.2525e-19 1.12861e-19 5.65485e-20 2.83334e-20 1.41963e-20 7.11302e-21 3.56395e-21 1.7857e-21 8.94717e-22 4.48294e-22 2.24615e-22 1.12542e-22 5.63888e-23 2.82533e-23 1.41562e-23 7.09287e-24 3.55384e-24 1.78063e-24 8.92176e-25 4.47019e-25 2.23976e-25 1.12222e-25 5.62281e-26 2.81727e-26 1.41157e-26 7.0726e-27 3.54368e-27 1.77553e-27 8.89618e-28 4.45737e-28 2.23333e-28 1.11899e-28 5.60663e-29 2.80916e-29 1.40751e-29 7.05219e-30 3.53344e-30 1.7704e-30 8.87045e-31 4.44446e-31 2.22686e-31 1.11575e-31 5.59035e-32 2.80099e-32 1.40341e-32 7.03166e-33 3.52315e-33 1.76524e-33 8.84456e-34 4.43148e-34 2.22035e-34 1.11248e-34 5.57398e-35 2.79278e-35 1.39929e-35 7.01102e-36 3.51279e-36 1.76005e-36 8.81852e-37 4.41842e-37 2.2138e-37 1.1092e-37 5.55751e-38 2.78452e-38 1.39515e-38 6.99025e-39 3.50238e-39 1.75482e-39 8.79233e-40 4.40529e-40 2.20721e-40 1.1059e-40 5.54095e-41 2.77622e-41 1.39099e-41 6.96937e-42 3.49191e-42 1.74957e-42 8.766e-43
1.91563e-10 2.26502e-13 1.13489e-13 5.68634e-14 2.84914e-14 1.42756e-14 7.15277e-15 3.58389e-15 1.7957e-15 8.99735e-16 4.50811e-16 2.25878e-16 1.13176e-16 5.67066e-17 2.84127e-17 1.42361e-17 7.13298e-18 3.57397e-18 1.79073e-18 8.97239e-19 4.49559e-19 2.2525e-19 1.12861e-19 5.65486e-20 2.83335e-20 1.41964e-20 7.11306e-21 3.56397e-21 1.78571e-21 8.94725e-22 4.48298e-22 2.24618e-22 1.12544e-22 5.63896e-23 2.82538e-23 1.41564e-23 7.093e-24 3.55391e-24 1.78067e-24 8.92195e-25 4.47029e-25 2.23982e-25 1.12225e-25 5.62295e-26 2.81735e-26 1.41161e-26 7.07281e-27 3.54379e-27 1.77559e-27 8.89648e-28 4.45752e-28 2.23341e-28 1.11903e-28 5.60684e-29 2.80927e-29 1.40756e-29 7.05249e-30 3.53359e-30 1.77048e-30 8.87085e-31 4.44467e-31 2.22696e-31 1.1158e-31 5.59063e-32 2.80114e-32 1.40349e-32 7.03204e-33 3.52334e-33 1.76534e-33 8.84506e-34 4.43173e-34 2.22048e-34 1.11255e-34 5.57432e-35 2.79296e-35 1.39938e-35 7.01147e-36 3.51303e-36 1.76016e-36 8.81912e-37 4.41873e-37 2.21396e-37 1.10928e-37 5.55792e-38 2.78473e-38 1.39526e-38 6.99078e-39 3.50265e-39 1.75496e-39 8.79303e-40 4.40564e-40 2.20739e-40 1.10599e-40 5.54142e-41 2.77646e-41 1.39111e-41 6.96998e-42 3.49222e-42 1.74973e-42 8.7668e-43 4.39249e-43
9.59311e-11 1.13486e-13 5.6862e-14 2.84907e-14 1.42753e-14 7.15262e-15 3.58382e-15 1.79567e-15 8.9972e-16 4.50804e-16 2.25875e-16 1.13174e-16 5.67059e-17 2.84124e-17 1.4236e-17 7.13292e-18 3.57394e-18 1.79072e-18 8.97235e-19 4.49557e-19 2.2525e-19 1.12861e-19 5.65486e-20 2.83335e-20 1.41964e-20 7.11309e-21 3.56399e-21 1.78573e-21 8.94732e-22 4.48302e-22 2.2462e-22 1.12545e-22 5.63903e-23 2.82541e-23 1.41566e-23 7.09311e-24 3.55397e-24 1.7807e-24 8.92212e-25 4.47038e-25 2.23986e-25 1.12227e-25 5.62309e-26 2.81742e-26 1.41165e-26 7.073e-27 3.54389e-27 1.77564e-27 8.89675e-28 4.45766e-28 2.23348e-28 1.11907e-28 5.60704e-29 2.80937e-29 1.40762e-29 7.05276e-30 3.53374e-30 1.77055e-30 8.87123e-31 4.44486e-31 2.22706e-31 1.11585e-31 5.5909e-32 2.80127e-32 1.40356e-32 7.0324e-33 3.52352e-33 1.76543e-33 8.84554e-34 4.43198e-34 2.2206e-34 1.11261e-34 5.57465e-35 2.79313e-35 1.39947e-35 7.01191e-36 3.51325e-36 1.76028e-36 8.8197e-37 4.41902e-37 2.21411e-37 1.10936e-37 5.55831e-38 2.78493e-38 1.39536e-38 6.9913e-39 3.50292e-39 1.7551e-39 8.79372e-40 4.40599e-40 2.20757e-40 1.10608e-40 5.54188e-41 2.77669e-41 1.39123e-41 6.97058e-42 3.49252e-42 1.74989e-42 8.76758e-43 4.39289e-43 2.201e-43
4.80404e-11 5.68605e-14 2.849e-14 1.42749e-14 7.15246e-15 3.58374e-15 1.79563e-15 8.99703e-16 4.50796e-16 2.25871e-16 1.13173e-16 5.67051e-17 2.8412e-17 1.42358e-17 7.13285e-18 3.57391e-18 1.7907e-18 8.97228e-19 4.49555e-19 2.25249e-19 1.1286e-19 5.65485e-20 2.83335e-20 1.41964e-20 7.11309e-21 3.564e-21 1.78573e-21 8.94736e-22 4.48305e-22 2.24622e-22 1.12546e-22 5.63908e-23 2.82544e-23 1.41568e-23 7.0932e-24 3.55402e-24 1.78073e-24 8.92227e-25 4.47046e-25 2.23991e-25 1.1223e-25 5.62321e-26 2.81748e-26 1.41169e-26 7.07318e-27 3.54398e-27 1.77569e-27 8.89701e-28 4.4578e-28 2.23355e-28 1.11911e-28 5.60723e-29 2.80947e-29 1.40767e-29 7.05302e-30 3.53387e-30 1.77062e-30 8.87158e-31 4.44505e-31 2.22716e-31 1.1159e-31 5.59115e-32 2.8014e-32 1.40362e-32 7.03274e-33 3.5237e-33 1.76552e-33 8.846e-34 4.43222e-34 2.22073e-34 1.11268e-34 5.57497e-35 2.79329e-35 1.39955e-35 7.01233e-36 3.51347e-36 1.76039e-36 8.82027e-37 4.41931e-37 2.21425e-37 1.10943e-37 5.55869e-38 2.78513e-38 1.39546e-38 6.9918e-39 3.50317e-39 1.75523e-39 8.79438e-40 4.40633e-40 2.20774e-40 1.10617e-40 5.54232e-41 2.77692e-41 1.39134e-41 6.97116e-42 3.49282e-42 1.75004e-42 8.76834e-43 4.39327e-43 2.2012e-43 1.10288e-43
2.40577e-11 2.84892e-14 1.42746e-14 7.15228e-15 3.58366e-15 1.79559e-15 8.99683e-16 4.50787e-16 2.25867e-16 1.13171e-16 5.67041e-17 2.84116e-17 1.42356e-17 7.13275e-18 3.57386e-18 1.79068e-18 8.9722e-19 4.49551e-19 2.25247e-19 1.1286e-19 5.65482e-20 2.83334e-20 1.41964e-20 7.11309e-21 3.564e-21 1.78573e-21 8.94738e-22 4.48307e-22 2.24623e-22 1.12547e-22 5.63912e-23 2.82547e-23 1.41569e-23 7.09328e-24 3.55406e-24 1.78075e-24 8.9224e-25 4.47053e-25 2.23994e-25 1.12232e-25 5.62331e-26 2.81754e-26 1.41172e-26 7.07334e-27 3.54406e-27 1.77574e-27 8.89724e-28 4.45792e-28 2.23362e-28 1.11914e-28 5.6074e-29 2.80956e-29 1.40771e-29 7.05326e-30 3.534e-30 1.77069e-30 8.87192e-31 4.44522e-31 2.22725e-31 1.11595e-31 5.59139e-32 2.80153e-32 1.40368e-32 7.03306e-33 3.52387e-33 1.76561e-33 8.84644e-34 4.43244e-34 2.22084e-34 1.11273e-34 5.57527e-35 2.79344e-35 1.39963e-35 7.01274e-36 3.51367e-36 1.7605e-36 8.82081e-37 4.41959e-37 2.21439e-37 1.1095e-37 5.55906e-38 2.78531e-38 1.39555e-38 6.99229e-39 3.50342e-39 1.75535e-39 8.79502e-40 4.40666e-40 2.20791e-40 1.10625e-40 5.54275e-41 2.77713e-41 1.39145e-41 6.97173e-42 3.49311e-42 1.75018e-42 8.76909e-43 4.39365e-43 2.20139e-43 1.10298e-43 5.52635e-44
1.20476e-11 1.42741e-14 7.15208e-15 3.58356e-15 1.79555e-15 8.99662e-16 4.50776e-16 2.25862e-16 1.13168e-16 5.6703e-17 2.84111e-17 1.42354e-17 7.13264e-18 3.57381e-18 1.79066e-18 8.97209e-19 4.49546e-19 2.25245e-19 1.12859e-19 5.65478e-20 2.83332e-20 1.41963e-20 7.11306e-21 3.56399e-21 1.78573e-21 8.94738e-22 4.48307e-22 2.24623e-22 1.12547e-22 5.63915e-23 2.82548e-23 1.4157e-23 7.09334e-24 3.5541e-24 1.78077e-24 8.9225e-25 4.47059e-25 2.23998e-25 1.12233e-25 5.62341e-26 2.81759e-26 1.41174e-26 7.07348e-27 3.54414e-27 1.77578e-27 8.89745e-28 4.45803e-28 2.23368e-28 1.11917e-28 5.60756e-29 2.80964e-29 1.40776e-29 7.05349e-30 3.53411e-30 1.77075e-30 8.87224e-31 4.44538e-31 2.22733e-31 1.11599e-31 5.59161e-32 2.80164e-32 1.40374e-32 7.03337e-33 3.52402e-33 1.76569e-33 8.84686e-34 4.43266e-34 2.22095e-34 1.11279e-34 5.57556e-35 2.79359e-35 1.39971e-35 7.01313e-36 3.51387e-36 1.7606e-36 8.82133e-37 4.41985e-37 2.21453e-37 1.10957e-37 5.55941e-38 2.78549e-38 1.39565e-38 6.99276e-39 3.50366e-39 1.75548e-39 8.79564e-40 4.40697e-40 2.20807e-40 1.10633e-40 5.54317e-41 2.77735e-41 1.39156e-41 6.97227e-42 3.49338e-42 1.75032e-42 8.76981e-43 4.39402e-43 2.20157e-43 1.10307e-43 5.52683e-44 2.76915e-44
6.0332e-12 7.15187e-15 3.58346e-15 1.7955e-15 8.99638e-16 4.50765e-16 2.25856e-16 1.13166e-16 5.67018e-17 2.84105e-17 1.42351e-17 7.13251e-18 3.57375e-18 1.79063e-18 8.97196e-19 4.4954e-19 2.25242e-19 1.12858e-19 5.65473e-20 2.8333e-20 1.41962e-20 7.11302e-21 3.56397e-21 1.78573e-21 8.94736e-22 4.48307e-22 2.24623e-22 1.12547e-22 5.63916e-23 2.82549e-23 1.41571e-23 7.09338e-24 3.55412e-24 1.78079e-24 8.92259e-25 4.47064e-25 2.24e-25 1.12235e-25 5.62349e-26 2.81763e-26 1.41177e-26 7.07361e-27 3.54421e-27 1.77581e-27 8.89764e-28 4.45813e-28 2.23373e-28 1.1192e-28 5.60771e-29 2.80972e-29 1.4078e-29 7.0537e-30 3.53422e-30 1.77081e-30 8.87253e-31 4.44554e-31 2.22741e-31 1.11603e-31 5.59182e-32 2.80175e-32 1.4038e-32 7.03366e-33 3.52417e-33 1.76577e-33 8.84726e-34 4.43286e-34 2.22106e-34 1.11285e-34 5.57584e-35 2.79373e-35 1.39978e-35 7.0135e-36 3.51406e-36 1.76069e-36 8.82183e-37 4.42011e-37 2.21466e-37 1.10964e-37 5.55975e-38 2.78567e-38 1.39574e-38 6.99321e-39 3.50389e-39 1.75559e-39 8.79624e-40 4.40728e-40 2.20823e-40 1.10641e-40 5.54357e-41 2.77755e-41 1.39167e-41 6.97281e-42 3.49366e-42 1.75046e-42 8.77051e-43 4.39437e-43 2.20175e-43 1.10317e-43 5.5273e-44 2.76939e-44 1.38757e-44
3.0213e-12 3.58335e-15 1.79544e-15 8.99612e-16 4.50753e-16 2.2585e-16 1.13163e-16 5.67004e-17 2.84099e-17 1.42348e-17 7.13237e-18 3.57368e-18 1.7906e-18 8.97181e-19 4.49533e-19 2.25239e-19 1.12856e-19 5.65466e-20 2.83327e-20 1.41961e-20 7.11296e-21 3.56395e-21 1.78571e-21 8.94732e-22 4.48305e-22 2.24623e-22 1.12547e-22 5.63916e-23 2.8255e-23 1.41571e-23 7.09341e-24 3.55414e-24 1.7808e-24 8.92265e-25 4.47068e-25 2.24002e-25 1.12236e-25 5.62356e-26 2.81767e-26 1.41179e-26 7.07372e-27 3.54427e-27 1.77584e-27 8.89781e-28 4.45822e-28 2.23378e-28 1.11923e-28 5.60784e-29 2.80979e-29 1.40783e-29 7.05389e-30 3.53432e-30 1.77086e-30 8.87281e-31 4.44568e-31 2.22749e-31 1.11607e-31 5.59202e-32 2.80185e-32 1.40385e-32 7.03394e-33 3.52432e-33 1.76584e-33 8.84764e-34 4.43306e-34 2.22116e-34 1.1129e-34 5.5761e-35 2.79387e-35 1.39985e-35 7.01386e-36 3.51425e-36 1.76079e-36 8.82231e-37 4.42035e-37 2.21479e-37 1.1097e-37 5.56008e-38 2.78584e-38 1.39582e-38 6.99365e-39 3.50411e-39 1.75571e-39 8.79682e-40 4.40757e-40 2.20838e-40 1.10649e-40 5.54396e-41 2.77775e-41 1.39177e-41 6.97332e-42 3.49392e-42 1.75059e-42 8.77119e-43 4.39472e-43 2.20193e-43 1.10326e-43 5.52775e-44 2.76962e-44 1.38769e-44 6.95288e-45
1.51301e-12 1.79539e-15 8.99584e-16 4.50739e-16 2.25844e-16 1.1316e-16 5.6699e-17 2.84091e-17 1.42345e-17 7.13221e-18 3.57361e-18 1.79056e-18 8.97164e-19 4.49525e-19 2.25235e-19 1.12854e-19 5.65458e-20 2.83323e-20 1.41959e-20 7.11288e-21 3.56391e-21 1.7857e-21 8.94725e-22 4.48302e-22 2.24622e-22 1.12547e-22 5.63915e-23 2.82549e-23 1.41571e-23 7.09341e-24 3.55415e-24 1.7808e-24 8.92269e-25 4.4707e-25 2.24004e-25 1.12237e-25 5.62361e-26 2.8177e-26 1.4118e-26 7.07381e-27 3.54432e-27 1.77587e-27 8.89796e-28 4.4583e-28 2.23382e-28 1.11925e-28 5.60796e-29 2.80985e-29 1.40787e-29 7.05407e-30 3.53442e-30 1.77091e-30 8.87306e-31 4.44581e-31 2.22756e-31 1.11611e-31 5.59221e-32 2.80195e-32 1.4039e-32 7.0342e-33 3.52445e-33 1.76591e-33 8.84799e-34 4.43324e-34 2.22125e-34 1.11295e-34 5.57635e-35 2.794e-35 1.39992e-35 7.0142e-36 3.51442e-36 1.76088e-36 8.82277e-37 4.42059e-37 2.21491e-37 1.10976e-37 5.56039e-38 2.786e-38 1.3959e-38 6.99407e-39 3.50433e-39 1.75582e-39 8.79738e-40 4.40786e-40 2.20852e-40 1.10656e-40 5.54434e-41 2.77794e-41 1.39187e-41 6.97382e-42 3.49417e-42 1.75072e-42 8.77185e-43 4.39505e-43 2.2021e-43 1.10334e-43 5.52819e-44 2.76985e-44 1.3878e-44 6.95346e-45 3.48396e-45
7.57685e-13 8.99553e-16 4.50724e-16 2.25837e-16 1.13156e-16 5.66973e-17 2.84084e-17 1.42341e-17 7.13203e-18 3.57352e-18 1.79052e-18 8.97144e-19 4.49516e-19 2.25231e-19 1.12852e-19 5.65448e-20 2.83319e-20 1.41957e-20 7.11279e-21 3.56387e-21 1.78568e-21 8.94717e-22 4.48298e-22 2.2462e-22 1.12546e-22 5.63912e-23 2.82548e-23 1.41571e-23 7.09341e-24 3.55415e-24 1.78081e-24 8.92271e-25 4.47072e-25 2.24005e-25 1.12238e-25 5.62365e-26 2.81772e-26 1.41182e-26 7.07388e-27 3.54436e-27 1.77589e-27 8.89809e-28 4.45837e-28 2.23386e-28 1.11927e-28 5.60807e-29 2.80991e-29 1.4079e-29 7.05423e-30 3.5345e-30 1.77095e-30 8.87329e-31 4.44593e-31 2.22762e-31 1.11614e-31 5.59238e-32 2.80204e-32 1.40395e-32 7.03444e-33 3.52458e-33 1.76597e-33 8.84833e-34 4.43341e-34 2.22134e-34 1.11299e-34 5.57659e-35 2.79412e-35 1.39998e-35 7.01452e-36 3.51459e-36 1.76096e-36 8.8232e-37 4.42081e-37 2.21502e-37 1.10982e-37 5.5607e-38 2.78615e-38 1.39598e-38 6.99447e-39 3.50453e-39 1.75592e-39 8.79792e-40 4.40813e-40 2.20866e-40 1.10663e-40 5.5447e-41 2.77813e-41 1.39196e-41 6.97431e-42 3.49442e-42 1.75085e-42 8.77249e-43 4.39538e-43 2.20227e-43 1.10343e-43 5.52862e-44 2.77006e-44 1.38792e-44 6.95402e-45 3.48425e-45 1.74575e-45
3.79433e-13 4.50709e-16 2.25829e-16 1.13153e-16 5.66955e-17 2.84075e-17 1.42337e-17 7.13183e-18 3.57343e-18 1.79048e-18 8.97123e-19 4.49506e-19 2.25226e-19 1.1285e-19 5.65438e-20 2.83314e-20 1.41955e-20 7.11268e-21 3.56382e-21 1.78566e-21 8.94706e-22 4.48294e-22 2.24618e-22 1.12545e-22 5.63908e-23 2.82547e-23 1.4157e-23 7.09338e-24 3.55414e-24 1.7808e-24 8.92271e-25 4.47073e-25 2.24006e-25 1.12238e-25 5.62368e-26 2.81774e-26 1.41183e-26 7.07394e-27 3.54439e-27 1.77591e-27 8.89819e-28 4.45843e-28 2.23389e-28 1.11929e-28 5.60816e-29 2.80996e-29 1.40792e-29 7.05437e-30 3.53458e-30 1.77099e-30 8.8735e-31 4.44604e-31 2.22768e-31 1.11617e-31 5.59254e-32 2.80212e-32 1.40399e-32 7.03466e-33 3.52469e-33 1.76603e-33 8.84864e-34 4.43358e-34 2.22142e-34 1.11304e-34 5.57681e-35 2.79424e-35 1.40004e-35 7.01483e-36 3.51474e-36 1.76104e-36 8.82362e-37 4.42103e-37 2.21513e-37 1.10988e-37 5.56098e-38 2.7863e-38 1.39606e-38 6.99486e-39 3.50473e-39 1.75602e-39 8.79844e-40 4.4084e-40 2.2088e-40 1.1067e-40 5.54506e-41 2.77831e-41 1.39205e-41 6.97477e-42 3.49466e-42 1.75097e-42 8.7731e-43 4.39569e-43 2.20243e-43 1.10351e-43 5.52903e-44 2.77028e-44 1.38802e-44 6.95457e-45 3.48452e-45 1.74589e-45 8.74762e-46
1.90013e-13 2.25821e-16 1.13149e-16 5.66936e-17 2.84066e-17 1.42332e-17 7.13162e-18 3.57332e-18 1.79043e-18 8.97099e-19 4.49494e-19 2.25221e-19 1.12847e-19 5.65425e-20 2.83308e-20 1.41952e-20 7.11255e-21 3.56376e-21 1.78563e-21 8.94693e-22 4.48288e-22 2.24615e-22 1.12544e-22 5.63903e-23 2.82544e-23 1.41569e-23 7.09334e-24 3.55412e-24 1.7808e-24 8.92269e-25 4.47072e-25 2.24006e-25 1.12238e-25 5.62369e-26 2.81775e-26 1.41183e-26 7.07399e-27 3.54442e-27 1.77593e-27 8.89828e-28 4.45847e-28 2.23391e-28 1.1193e-28 5.60824e-29 2.81e-29 1.40795e-29 7.0545e-30 3.53464e-30 1.77103e-30 8.87369e-31 4.44614e-31 2.22773e-31 1.1162e-31 5.59268e-32 2.8022e-32 1.40403e-32 7.03487e-33 3.5248e-33 1.76609e-33 8.84893e-34 4.43373e-34 2.2215e-34 1.11308e-34 5.57702e-35 2.79434e-35 1.40009e-35 7.01512e-36 3.51489e-36 1.76112e-36 8.82401e-37 4.42123e-37 2.21524e-37 1.10993e-37 5.56126e-38 2.78644e-38 1.39613e-38 6.99523e-39 3.50492e-39 1.75612e-39 8.79894e-40 4.40865e-40 2.20893e-40 1.10677e-40 5.5454e-41 2.77848e-41 1.39214e-41 6.97522e-42 3.49489e-42 1.75109e-42 8.7737e-43 4.396e-43 2.20258e-43 1.10359e-43 5.52944e-44 2.77048e-44 1.38813e-44 6.9551e-45 3.48479e-45 1.74603e-45 8.74831e-46 4.38327e-46
