0.976261 0.0116225 0.000138366 1.64726e-06 1.96108e-08 2.33468e-10 2.77946e-12 3.30897e-14 3.93936e-16 4.68984e-18 5.58329e-20 6.64696e-22 7.91326e-24 9.4208e-26 1.12155e-27 1.33522e-29 1.58959e-31 1.89242e-33 2.25294e-35 2.68215e-37 3.19312e-39 3.80143e-41 4.52564e-43 5.38781e-45 6.41423e-47 7.6362e-49 9.09096e-51 1.08229e-52 1.28847e-54 1.53393e-56 1.82616e-58 2.17406e-60 2.58824e-62 3.08132e-64 3.66834e-66 4.36718e-68 5.19917e-70 6.18965e-72 7.36884e-74 8.77266e-76 1.04439e-77 1.24336e-79 1.48023e-81 1.76222e-83 2.09794e-85 2.49762e-87 2.97343e-89 3.5399e-91 4.21428e-93 5.01713e-95 5.97294e-97 7.11084e-99 8.46551e-101 1.00783e-102 1.19983e-104 1.4284e-106 1.70052e-108 2.02449e-110 2.41017e-112 2.86933e-114 3.41596e-116 4.06673e-118 4.84147e-120 5.76381e-122 6.86187e-124 8.16911e-126 9.7254e-128 1.15782e-129 1.37839e-131 1.64098e-133 1.95361e-135 2.32578e-137 2.76887e-139 3.29636e-141 3.92434e-143 4.67196e-145 5.56201e-147 6.62162e-149 7.88309e-151 9.38489e-153 1.11728e-154 1.33013e-156 1.58353e-158 1.88521e-160 2.24435e-162 2.67192e-164 3.18094e-166 3.78694e-168 4.50839e-170 5.36727e-172 6.38978e-174 7.60709e-176 9.0563e-178 1.07816e-179 1.28356e-181 1.52809e-183 1.8192e-185 2.16577e-187 2.57837e-189 3.06957e-191 3.65435e-193
0.0116225 0.000206997 3.28136e-06 4.87918e-08 6.96672e-10 9.67255e-12 1.31565e-13 1.76169e-15 2.32992e-17 3.05072e-19 3.9616e-21 5.10882e-23 6.54936e-25 8.35336e-27 1.0607e-28 1.34162e-30 1.69107e-32 2.12498e-34 2.66284e-36 3.32852e-38 4.15118e-40 5.16649e-42 6.41798e-44 7.95881e-46 9.85378e-48 1.21819e-49 1.50395e-51 1.85437e-53 2.28373e-55 2.80938e-57 3.45242e-59 4.23851e-61 5.19882e-63 6.37119e-65 7.80157e-67 9.54571e-69 1.16713e-70 1.42602e-72 1.7412e-74 2.12472e-76 2.59117e-78 3.15823e-80 3.8473e-82 4.6843e-84 5.70058e-86 6.93408e-88 8.43065e-90 1.02458e-91 1.24466e-93 1.5114e-95 1.8346e-97 2.2261e-99 2.70018e-101 3.2741e-103 3.96869e-105 4.8091e-107 5.82569e-109 7.05508e-111 8.54145e-113 1.03381e-114 1.25093e-116 1.51326e-118 1.83013e-120 2.21282e-122 2.6749e-124 3.23273e-126 3.90602e-128 4.71852e-130 5.69883e-132 6.88141e-134 8.30773e-136 1.00278e-137 1.21016e-139 1.46017e-141 1.76152e-143 2.1247e-145 2.56231e-147 3.08955e-149 3.72469e-151 4.48969e-153 5.41099e-155 6.52037e-157 7.85606e-159 9.46403e-161 1.13995e-162 1.3729e-164 1.65323e-166 1.99055e-168 2.39639e-170 2.88461e-172 3.47189e-174 4.17823e-176 5.02769e-178 6.04918e-180 7.27739e-182 8.75403e-184 1.05292e-185 1.26629e-187 1.52276e-189 1.83098e-191 2.20138e-193
0.000138366 3.28136e-06 6.33435e-08 1.10059e-09 1.79112e-11 2.78622e-13 4.19238e-15 6.14857e-17 8.8353e-19 1.24861e-20 1.74019e-22 2.39694e-24 3.26835e-26 4.41763e-28 5.92531e-30 7.89365e-32 1.04523e-33 1.37654e-35 1.80401e-37 2.35374e-39 3.05858e-41 3.95982e-43 5.10921e-45 6.57161e-47 8.42814e-49 1.07802e-50 1.37542e-52 1.75078e-54 2.22373e-56 2.8187e-58 3.56602e-60 4.50336e-62 5.67745e-64 7.14618e-66 8.98126e-68 1.12714e-69 1.41263e-71 1.76815e-73 2.21042e-75 2.7601e-77 3.44263e-79 4.28937e-81 5.33896e-83 6.63893e-85 8.24775e-87 1.02373e-88 1.2696e-90 1.57322e-92 1.94792e-94 2.41004e-96 2.97962e-98 3.68124e-100 4.54498e-102 5.60775e-104 6.91467e-106 8.52101e-108 1.04944e-109 1.29174e-111 1.58912e-113 1.95392e-115 2.40123e-117 2.94949e-119 3.62117e-121 4.44375e-123 5.4507e-125 6.68289e-127 8.19013e-129 1.00331e-130 1.22859e-132 1.50387e-134 1.84011e-136 2.25071e-138 2.75193e-140 3.36358e-142 4.10978e-144 5.01985e-146 6.12945e-148 7.48194e-150 9.13004e-152 1.11378e-153 1.35832e-155 1.65606e-157 2.0185e-159 2.4596e-161 2.99628e-163 3.64911e-165 4.44305e-167 5.40837e-169 6.58181e-171 8.00794e-173 9.74079e-175 1.18459e-176 1.44027e-178 1.75076e-180 2.12772e-182 2.58531e-184 3.14065e-186 3.81451e-188 4.63203e-190 5.62368e-192 6.82633e-194
1.64726e-06 4.87918e-08 1.10059e-09 2.16804e-11 3.92724e-13 6.71299e-15 1.09927e-16 1.74121e-18 2.68557e-20 4.05255e-22 6.0044e-24 8.7588e-26 1.26062e-27 1.79324e-29 2.52472e-31 3.52219e-33 4.87369e-35 6.69433e-37 9.13405e-39 1.23877e-40 1.67076e-42 2.24199e-44 2.9945e-46 3.98237e-48 5.275e-50 6.96128e-52 9.15485e-54 1.20008e-55 1.56838e-57 2.04389e-59 2.65646e-61 3.44393e-63 4.45425e-65 5.74803e-67 7.40184e-69 9.51227e-71 1.2201e-72 1.56214e-74 1.99659e-76 2.54765e-78 3.24569e-80 4.12876e-82 5.24453e-84 6.65265e-86 8.4277e-88 1.06629e-89 1.34744e-91 1.70074e-93 2.14427e-95 2.70055e-97 3.3976e-99 4.27028e-101 5.36193e-103 6.72637e-105 8.43042e-107 1.0557e-108 1.32089e-110 1.65135e-112 2.06286e-114 2.57495e-116 3.21179e-118 4.00328e-120 4.98636e-122 6.20666e-124 7.72057e-126 9.59765e-128 1.19237e-129 1.48047e-131 1.83711e-133 2.27837e-135 2.82406e-137 3.49858e-139 4.33193e-141 5.36106e-143 6.6314e-145 8.19878e-147 1.01319e-148 1.25149e-150 1.54516e-152 1.90691e-154 2.35234e-156 2.90061e-158 3.57521e-160 4.40494e-162 5.42514e-164 6.67907e-166 8.21978e-168 1.01122e-169 1.24359e-171 1.52882e-173 1.87884e-175 2.30822e-177 2.83481e-179 3.48041e-181 4.2717e-183 5.24129e-185 6.42902e-187 7.88358e-189 9.66444e-191 1.18442e-192 1.45116e-194
1.96108e-08 6.96672e-10 1.79112e-11 3.92724e-13 7.80214e-15 1.44751e-16 2.55243e-18 4.32639e-20 7.10401e-22 1.13636e-23 1.77819e-25 2.73079e-27 4.12615e-29 6.14659e-31 9.04232e-33 1.31547e-34 1.8947e-36 2.70448e-38 3.82893e-40 5.38067e-42 7.5099e-44 1.04163e-45 1.43641e-47 1.97026e-49 2.68914e-51 3.65338e-53 4.94201e-55 6.65826e-57 8.93663e-59 1.19521e-60 1.59316e-62 2.11692e-64 2.80448e-66 3.70489e-68 4.8813e-70 6.41494e-72 8.41011e-74 1.10005e-75 1.43573e-77 1.86992e-79 2.43058e-81 3.15331e-83 4.08348e-85 5.27879e-87 6.81256e-89 8.77782e-91 1.12925e-92 1.45061e-94 1.86075e-96 2.38357e-98 3.04925e-100 3.89583e-102 4.97133e-104 6.33618e-106 8.06644e-108 1.02578e-109 1.30304e-111 1.65352e-113 2.09615e-115 2.65468e-117 3.35886e-119 4.24592e-121 5.36246e-123 6.76678e-125 8.53169e-127 1.07482e-128 1.35297e-130 1.7018e-132 2.13897e-134 2.68647e-136 3.37173e-138 4.22885e-140 5.30029e-142 6.63884e-144 8.31011e-146 1.03956e-147 1.29966e-149 1.62388e-151 2.0278e-153 2.53075e-155 3.15672e-157 3.93538e-159 4.90354e-161 6.10673e-163 7.60133e-165 9.45707e-167 1.17602e-168 1.46173e-170 1.81602e-172 2.25516e-174 2.79926e-176 3.47313e-178 4.30739e-180 5.33984e-182 6.61706e-184 8.1965e-186 1.0149e-187 1.25618e-189 1.55423e-191 1.9223e-193 2.37667e-195
2.33468e-10 9.67255e-12 2.78622e-13 6.71299e-15 1.44751e-16 2.88922e-18 5.44434e-20 9.80888e-22 1.70445e-23 2.87455e-25 4.72741e-27 7.60885e-29 1.20199e-30 1.868e-32 2.8613e-34 4.32657e-36 6.4668e-38 9.56506e-40 1.40138e-41 2.03542e-43 2.93289e-45 4.19524e-47 5.96048e-49 8.41555e-51 1.18128e-52 1.64917e-54 2.29074e-56 3.16679e-58 4.35839e-60 5.97325e-62 8.15411e-64 1.10897e-65 1.5029e-67 2.02995e-69 2.73315e-71 3.66886e-73 4.91081e-75 6.55522e-77 8.7275e-79 1.15908e-80 1.53568e-82 2.03002e-84 2.67765e-86 3.52452e-88 4.62993e-90 6.07034e-92 7.94416e-94 1.03779e-95 1.3534e-97 1.76209e-99 2.29053e-101 2.97288e-103 3.85279e-105 4.986e-107 6.44358e-109 8.31613e-111 1.0719e-112 1.37988e-114 1.77419e-116 2.2785e-118 2.92281e-120 3.74518e-122 4.79378e-124 6.12958e-126 7.82965e-128 9.99141e-130 1.27378e-131 1.6224e-133 2.06457e-135 2.62492e-137 3.33449e-139 4.23234e-141 5.36757e-143 6.80188e-145 8.61279e-147 1.08976e-148 1.37784e-150 1.74081e-152 2.19786e-154 2.77301e-156 3.49633e-158 4.40543e-160 5.54736e-162 6.98092e-164 8.77957e-166 1.1035e-167 1.38618e-169 1.74028e-171 2.1836e-173 2.73835e-175 3.43219e-177 4.29957e-179 5.38338e-181 6.73699e-183 8.42677e-185 1.05353e-186 1.31651e-188 1.64437e-190 2.05293e-192 2.56186e-194 3.19555e-196
2.77946e-12 1.31565e-13 4.19238e-15 1.09927e-16 2.55243e-18 5.44434e-20 1.08992e-21 2.07642e-23 3.80049e-25 6.72917e-27 1.15858e-28 1.94745e-30 3.20592e-32 5.18194e-34 8.24119e-36 1.29181e-37 1.99874e-39 3.0563e-41 4.62366e-43 6.92665e-45 1.02839e-46 1.51425e-48 2.21266e-50 3.21029e-52 4.62707e-54 6.6281e-56 9.43991e-58 1.33721e-59 1.88462e-61 2.64344e-63 3.69111e-65 5.13207e-67 7.10682e-69 9.80386e-71 1.34754e-72 1.8458e-74 2.52e-76 3.4297e-78 4.65385e-80 6.29691e-82 8.49681e-84 1.14353e-85 1.53515e-87 2.05594e-89 2.74704e-91 3.66233e-93 4.87218e-95 6.4684e-97 8.5706e-99 1.13344e-100 1.49619e-102 1.97153e-104 2.59344e-106 3.40589e-108 4.46569e-110 5.84621e-112 7.64202e-114 9.97497e-116 1.30018e-117 1.6924e-119 2.20002e-121 2.85622e-123 3.70354e-125 4.79639e-127 6.20442e-129 8.01661e-131 1.03466e-132 1.33393e-134 1.71795e-136 2.21026e-138 2.8408e-140 3.64767e-142 4.67927e-144 5.99706e-146 7.67904e-148 9.8241e-150 1.25576e-151 1.60381e-153 2.04666e-155 2.60969e-157 3.32502e-159 4.23319e-161 5.38537e-163 6.84615e-165 8.69696e-167 1.10404e-168 1.40057e-170 1.77555e-172 2.24946e-174 2.84802e-176 3.60359e-178 4.5568e-180 5.75868e-182 7.27325e-184 9.18085e-186 1.15822e-187 1.46034e-189 1.84027e-191 2.3178e-193 2.91771e-195 3.67099e-197
3.30897e-14 1.76169e-15 6.14857e-17 1.74121e-18 4.32639e-20 9.80888e-22 2.07642e-23 4.16543e-25 8.00026e-27 1.48207e-28 2.66304e-30 4.66123e-32 7.9748e-34 1.33731e-35 2.20305e-37 3.57198e-39 5.70921e-41 9.00768e-43 1.4045e-44 2.16642e-46 3.30866e-48 5.00712e-50 7.51354e-52 1.11863e-53 1.65327e-55 2.42679e-57 3.53949e-59 5.13143e-61 7.39747e-63 1.06076e-64 1.51344e-66 2.14908e-68 3.03797e-70 4.27624e-72 5.99484e-74 8.37177e-76 1.16483e-77 1.61503e-79 2.23176e-81 3.07415e-83 4.22155e-85 5.78023e-87 7.89218e-89 1.07467e-90 1.45958e-92 1.97742e-94 2.67257e-96 3.60375e-98 4.84858e-100 6.50943e-102 8.72111e-104 1.16609e-105 1.55616e-107 2.07284e-109 2.75609e-111 3.65815e-113 4.84724e-115 6.41233e-117 8.46927e-119 1.11688e-120 1.47068e-122 1.93374e-124 2.53901e-126 3.32918e-128 4.35944e-130 5.70114e-132 7.44638e-134 9.71395e-136 1.26569e-137 1.64723e-139 2.14136e-141 2.78064e-143 3.60689e-145 4.67373e-147 6.04993e-149 7.82353e-151 1.01072e-152 1.30451e-154 1.68212e-156 2.16706e-158 2.78934e-160 3.58718e-162 4.60932e-164 5.91778e-166 7.59151e-168 9.73088e-170 1.24634e-171 1.59512e-173 2.03997e-175 2.60698e-177 3.3292e-179 4.24852e-181 5.41797e-183 6.90467e-185 8.79351e-187 1.11918e-188 1.42351e-190 1.80948e-192 2.29868e-194 2.91839e-196 3.70298e-198
3.93936e-16 2.32992e-17 8.8353e-19 2.68557e-20 7.10401e-22 1.70445e-23 3.80049e-25 8.00026e-27 1.60733e-28 3.10648e-30 5.80999e-32 1.05638e-33 1.87407e-35 3.25353e-37 5.54083e-39 9.27518e-41 1.52875e-42 2.48454e-44 3.9865e-46 6.32184e-48 9.91767e-50 1.54046e-51 2.37076e-53 3.61743e-55 5.47576e-57 8.22709e-59 1.22747e-60 1.81938e-62 2.68011e-64 3.92512e-66 5.71693e-68 8.28347e-70 1.19431e-71 1.71392e-73 2.44867e-75 3.4836e-77 4.93598e-79 6.96697e-81 9.79752e-83 1.37296e-84 1.91751e-86 2.6694e-88 3.70462e-90 5.12603e-92 7.07257e-94 9.73147e-96 1.33546e-97 1.828e-99 2.49605e-101 3.40018e-103 4.62121e-105 6.26687e-107 8.48042e-109 1.14521e-110 1.54344e-112 2.0761e-114 2.78738e-116 3.73554e-118 4.99742e-120 6.67415e-122 8.89867e-124 1.18455e-125 1.57436e-127 2.08926e-129 2.76847e-131 3.66321e-133 4.84034e-135 6.387e-137 8.41671e-139 1.10771e-140 1.456e-142 1.91146e-144 2.50638e-146 3.28263e-148 4.2944e-150 5.61176e-152 7.32526e-154 9.55183e-156 1.24423e-157 1.6191e-159 2.10482e-161 2.73362e-163 3.5469e-165 4.59787e-167 5.95486e-169 7.70551e-171 9.96215e-173 1.28687e-174 1.66095e-176 2.14202e-178 2.76021e-180 3.55404e-182 4.57264e-184 5.87876e-186 7.55237e-188 9.69541e-190 1.24377e-191 1.59446e-193 2.04262e-195 2.61499e-197 3.34554e-199
4.68984e-18 3.05072e-19 1.24861e-20 4.05255e-22 1.13636e-23 2.87455e-25 6.72917e-27 1.48207e-28 3.10648e-30 6.24844e-32 1.21366e-33 2.28749e-35 4.19978e-37 7.53453e-39 1.32423e-40 2.28493e-42 3.87767e-44 6.48224e-46 1.06884e-47 1.74031e-49 2.80098e-51 4.46009e-53 7.03179e-55 1.09845e-56 1.70121e-58 2.6136e-60 3.98515e-62 6.03353e-64 9.07404e-66 1.35611e-67 2.01469e-69 2.97629e-71 4.37343e-73 6.39392e-75 9.30288e-77 1.34733e-78 1.9428e-80 2.78975e-82 3.98996e-84 5.68475e-86 8.06981e-88 1.14154e-89 1.60937e-91 2.2616e-93 3.16828e-95 4.4252e-97 6.16297e-99 8.55937e-101 1.18558e-102 1.63794e-104 2.25726e-106 3.10325e-108 4.25639e-110 5.82489e-112 7.954e-114 1.08384e-115 1.47386e-117 2.00025e-119 2.70943e-121 3.66318e-123 4.9437e-125 6.66008e-127 8.95702e-129 1.20261e-130 1.61206e-132 2.15753e-134 2.88313e-136 3.84701e-138 5.12568e-140 6.81968e-142 9.061e-144 1.20228e-145 1.59317e-147 2.10844e-149 2.78688e-151 3.67913e-153 4.85126e-155 6.38936e-157 8.40554e-159 1.10456e-160 1.44992e-162 1.90123e-164 2.49042e-166 3.25888e-168 4.26022e-170 5.56381e-172 7.25934e-174 9.46272e-176 1.23236e-177 1.6035e-179 2.08457e-181 2.70764e-183 3.51398e-185 4.55666e-187 5.90392e-189 7.64343e-191 9.88773e-193 1.27812e-194 1.65089e-196 2.13081e-198 2.74824e-200
5.58329e-20 3.9616e-21 1.74019e-22 6.0044e-24 1.77819e-25 4.72741e-27 1.15858e-28 2.66304e-30 5.80999e-32 1.21366e-33 2.44341e-35 4.76523e-37 9.03891e-39 1.67308e-40 3.03011e-42 5.38168e-44 9.39116e-46 1.61275e-47 2.72941e-49 4.55775e-51 7.51749e-53 1.22586e-54 1.97794e-56 3.16018e-58 5.00287e-60 7.85226e-62 1.22256e-63 1.8891e-65 2.89827e-67 4.4167e-69 6.68792e-71 1.00662e-72 1.50645e-74 2.24223e-76 3.32018e-78 4.89218e-80 7.17468e-82 1.0475e-83 1.52278e-85 2.20465e-87 3.17929e-89 4.56755e-91 6.53824e-93 9.32668e-95 1.32598e-96 1.8791e-98 2.65469e-100 3.7392e-102 5.25157e-104 7.35514e-106 1.02736e-107 1.43129e-109 1.98901e-111 2.75735e-113 3.8135e-115 5.26215e-117 7.24507e-119 9.95382e-121 1.36469e-122 1.86724e-124 2.54984e-126 3.47536e-128 4.72804e-130 6.42067e-132 8.70399e-134 1.17792e-135 1.59144e-137 2.14667e-139 2.89104e-141 3.88756e-143 5.21975e-145 6.99823e-147 9.36932e-149 1.25263e-150 1.67244e-152 2.22999e-154 2.96955e-156 3.9494e-158 5.24608e-160 6.96006e-162 9.22314e-164 1.22079e-165 1.61404e-167 2.13161e-169 2.81209e-171 3.70588e-173 4.87867e-175 6.4161e-177 8.42961e-179 1.10642e-180 1.45083e-182 1.90067e-184 2.48769e-186 3.25308e-188 4.25019e-190 5.54812e-192 7.23623e-194 9.43011e-196 1.2279e-197 1.59758e-199 2.0769e-201
6.64696e-22 5.10882e-23 2.39694e-24 8.7588e-26 2.73079e-27 7.60885e-29 1.94745e-30 4.66123e-32 1.05638e-33 2.28749e-35 4.76523e-37 9.6007e-39 1.87867e-40 3.58272e-42 6.67752e-44 1.21921e-45 2.18508e-47 3.85052e-49 6.68144e-51 1.14307e-52 1.93023e-54 3.22036e-56 5.31296e-58 8.67445e-60 1.40256e-61 2.24721e-63 3.56988e-65 5.62566e-67 8.79839e-69 1.36624e-70 2.10723e-72 3.22932e-74 4.91892e-76 7.44933e-78 1.12195e-79 1.68094e-81 2.50587e-83 3.71781e-85 5.49072e-87 8.07364e-89 1.18219e-90 1.72407e-92 2.50464e-94 3.6251e-96 5.22808e-98 7.51398e-100 1.07636e-101 1.53694e-103 2.18785e-105 3.10515e-107 4.3944e-109 6.20166e-111 8.72867e-113 1.22534e-114 1.71581e-116 2.39675e-118 3.33999e-120 4.64377e-122 6.4421e-124 8.91751e-126 1.23182e-127 1.69809e-129 2.33622e-131 3.20794e-133 4.39665e-135 6.01483e-137 8.21392e-139 1.11976e-140 1.52392e-142 2.07054e-144 2.80872e-146 3.80409e-148 5.14432e-150 6.94636e-152 9.36597e-154 1.26104e-155 1.69552e-157 2.27658e-159 3.05273e-161 4.08816e-163 5.46784e-165 7.30405e-167 9.74502e-169 1.29863e-170 1.72854e-172 2.29816e-174 3.05207e-176 4.04886e-178 5.36544e-180 7.10266e-182 9.39266e-184 1.24084e-185 1.63763e-187 2.15919e-189 2.84415e-191 3.74289e-193 4.92111e-195 6.46438e-197 8.48412e-199 1.11252e-200 1.45761e-202
7.91326e-24 6.54936e-25 3.26835e-26 1.26062e-27 4.12615e-29 1.20199e-30 3.20592e-32 7.9748e-34 1.87407e-35 4.19978e-37 9.03891e-39 1.87867e-40 3.78735e-42 7.43216e-44 1.42385e-45 2.66959e-47 4.90862e-49 8.86698e-51 1.576e-52 2.7598e-54 4.767e-56 8.13021e-58 1.37038e-59 2.28464e-61 3.77e-63 6.16167e-65 9.98026e-67 1.60289e-68 2.55386e-70 4.03842e-72 6.34051e-74 9.88773e-76 1.53207e-77 2.35942e-79 3.61248e-81 5.50043e-83 8.33083e-85 1.2554e-86 1.88267e-88 2.81029e-90 4.17636e-92 6.18006e-94 9.10766e-96 1.33693e-97 1.95509e-99 2.84864e-101 4.13601e-103 5.98483e-105 8.63176e-107 1.24101e-108 1.77878e-110 2.54206e-112 3.6225e-114 5.14789e-116 7.29601e-118 1.03137e-119 1.45428e-121 2.04559e-123 2.87051e-125 4.01883e-127 5.61395e-129 7.82513e-131 1.08842e-132 1.5108e-134 2.09289e-136 2.89361e-138 3.99309e-140 5.50015e-142 7.56235e-144 1.03795e-145 1.42216e-147 1.94534e-149 2.65665e-151 3.62226e-153 4.93117e-155 6.70284e-157 9.09753e-159 1.23298e-160 1.66869e-162 2.25522e-164 3.04378e-166 4.10262e-168 5.52262e-170 7.42464e-172 9.9693e-174 1.33698e-175 1.79087e-177 2.39605e-179 3.20206e-181 4.27439e-183 5.69955e-185 7.59166e-187 1.01012e-188 1.34263e-190 1.78277e-192 2.36484e-194 3.13386e-196 4.14895e-198 5.48763e-200 7.2515e-202 9.57356e-204
9.4208e-26 8.35336e-27 4.41763e-28 1.79324e-29 6.14659e-31 1.868e-32 5.18194e-34 1.33731e-35 3.25353e-37 7.53453e-39 1.67308e-40 3.58272e-42 7.43216e-44 1.49907e-45 2.94886e-47 5.67173e-49 1.0689e-50 1.97753e-52 3.59712e-54 6.4422e-56 1.13733e-57 1.98139e-59 3.40955e-61 5.80009e-63 9.76131e-65 1.62634e-66 2.68419e-68 4.3909e-70 7.12282e-72 1.14633e-73 1.83108e-75 2.90414e-77 4.57504e-79 7.16115e-81 1.11407e-82 1.72309e-84 2.65024e-86 4.05461e-88 6.17162e-90 9.34821e-92 1.40937e-93 2.11528e-95 3.16107e-97 4.70434e-99 6.9731e-101 1.02963e-102 1.51469e-104 2.22031e-106 3.24341e-108 4.72215e-110 6.85293e-112 9.9142e-114 1.42997e-115 2.05649e-117 2.94914e-119 4.21766e-121 6.01575e-123 8.55827e-125 1.21449e-126 1.71925e-128 2.42806e-130 3.42119e-132 4.80977e-134 6.7472e-136 9.44501e-138 1.31942e-139 1.83947e-141 2.55947e-143 3.55448e-145 4.92713e-147 6.81746e-149 9.4163e-151 1.29833e-152 1.78714e-154 2.45592e-156 3.36953e-158 4.61572e-160 6.31308e-162 8.62161e-164 1.1757e-165 1.60095e-167 2.17694e-169 2.95608e-171 4.00865e-173 5.42883e-175 7.34262e-177 9.91846e-179 1.33813e-180 1.80311e-182 2.42675e-184 3.26227e-186 4.38043e-188 5.8752e-190 7.87134e-192 1.05342e-193 1.4083e-195 1.88075e-197 2.50913e-199 3.34408e-201 4.45246e-203 5.92244e-205
1.12155e-27 1.0607e-28 5.92531e-30 2.52472e-31 9.04232e-33 2.8613e-34 8.24119e-36 2.20305e-37 5.54083e-39 1.32423e-40 3.03011e-42 6.67752e-44 1.42385e-45 2.94886e-47 5.95047e-49 1.17299e-50 2.26385e-52 4.28585e-54 7.97215e-56 1.45909e-57 2.63088e-59 4.67852e-61 8.21357e-63 1.42479e-64 2.444e-66 4.14851e-68 6.97265e-70 1.1611e-71 1.91663e-73 3.13768e-75 5.0965e-77 8.21685e-79 1.31544e-80 2.09177e-82 3.30505e-84 5.19024e-86 8.10332e-88 1.2581e-89 1.94288e-91 2.98508e-93 4.56386e-95 6.94483e-97 1.05202e-98 1.58669e-100 2.38308e-102 3.56476e-104 5.31164e-106 7.88487e-108 1.16623e-109 1.7189e-111 2.5249e-113 3.69668e-115 5.39513e-117 7.84976e-119 1.13872e-120 1.64711e-122 2.3758e-124 3.41756e-126 4.90315e-128 7.01649e-130 1.00157e-131 1.42623e-133 2.02617e-135 2.87186e-137 4.06144e-139 5.73128e-141 8.07055e-143 1.13412e-144 1.59051e-146 2.22619e-148 3.10997e-150 4.33647e-152 6.03566e-154 8.38568e-156 1.16304e-157 1.61033e-159 2.22592e-161 3.07184e-163 4.2325e-165 5.82265e-167 7.99803e-169 1.09698e-170 1.50238e-172 2.05467e-174 2.80607e-176 3.827e-178 5.21237e-180 7.08993e-182 9.63138e-184 1.30673e-185 1.7707e-187 2.3965e-189 3.2396e-191 4.37418e-193 5.89934e-195 7.94731e-197 1.06944e-198 1.43755e-200 1.93029e-202 2.58923e-204 3.46952e-206
1.33522e-29 1.34162e-30 7.89365e-32 3.52219e-33 1.31547e-34 4.32657e-36 1.29181e-37 3.57198e-39 9.27518e-41 2.28493e-42 5.38168e-44 1.21921e-45 2.66959e-47 5.67173e-49 1.17299e-50 2.36785e-52 4.67619e-54 9.05227e-56 1.72062e-57 3.21601e-59 5.9185e-61 1.07366e-62 1.92183e-64 3.39746e-66 5.93655e-68 1.02605e-69 1.75529e-71 2.97392e-73 4.99284e-75 8.31035e-77 1.37197e-78 2.24751e-80 3.65477e-82 5.90166e-84 9.46646e-86 1.50881e-87 2.3902e-89 3.7645e-91 5.896e-93 9.18515e-95 1.4236e-96 2.19559e-98 3.37022e-100 5.14976e-102 7.8345e-104 1.18686e-105 1.79069e-107 2.69111e-109 4.02896e-111 6.00981e-113 8.93279e-115 1.32319e-116 1.9535e-118 2.87479e-120 4.2174e-122 6.16833e-124 8.99529e-126 1.30805e-127 1.89685e-129 2.74329e-131 3.95708e-133 5.69344e-135 8.17147e-137 1.16998e-138 1.67125e-140 2.38183e-142 3.387e-144 4.80593e-146 6.80489e-148 9.61544e-150 1.35595e-151 1.90838e-153 2.68073e-155 3.75861e-157 5.26026e-159 7.3487e-161 1.02484e-162 1.42678e-164 1.98305e-166 2.75169e-168 3.81216e-170 5.27305e-172 7.28262e-174 1.00429e-175 1.38291e-177 1.90154e-179 2.61096e-181 3.5801e-183 4.90231e-185 6.70393e-187 9.15569e-189 1.24881e-190 1.70121e-192 2.31464e-194 3.14547e-196 4.26944e-198 5.78829e-200 7.83849e-202 1.06029e-203 1.43265e-205 1.93368e-207
1.58959e-31 1.69107e-32 1.04523e-33 4.87369e-35 1.8947e-36 6.4668e-38 1.99874e-39 5.70921e-41 1.52875e-42 3.87767e-44 9.39116e-46 2.18508e-47 4.90862e-49 1.0689e-50 2.26385e-52 4.67619e-54 9.44268e-56 1.86781e-57 3.62544e-59 6.91572e-61 1.2982e-62 2.40094e-64 4.37936e-66 7.88557e-68 1.40285e-69 2.46757e-71 4.29441e-73 7.39917e-75 1.26284e-76 2.13613e-78 3.58279e-80 5.961e-82 9.8422e-84 1.61325e-85 2.62601e-87 4.24633e-89 6.82307e-91 1.08972e-92 1.73034e-94 2.73232e-96 4.29154e-98 6.70608e-100 1.04276e-101 1.61375e-103 2.48603e-105 3.81297e-107 5.8234e-109 8.85747e-111 1.34191e-112 2.02523e-114 3.04521e-116 4.56253e-118 6.81221e-120 1.0137e-121 1.50355e-123 2.22308e-125 3.27687e-127 4.81584e-129 7.05714e-131 1.03125e-132 1.50285e-134 2.1843e-136 3.16656e-138 4.57898e-140 6.60521e-142 9.50534e-144 1.3647e-145 1.9549e-147 2.79416e-149 3.9851e-151 5.67172e-153 8.05558e-155 1.14185e-156 1.61535e-158 2.28084e-160 3.21448e-162 4.52201e-164 6.35002e-166 8.90141e-168 1.24566e-169 1.74025e-171 2.42723e-173 3.37997e-175 4.69929e-177 6.52353e-179 9.04227e-181 1.2515e-182 1.72962e-184 2.38702e-186 3.28969e-188 4.52753e-190 6.22277e-192 8.54151e-194 1.17091e-195 1.60311e-197 2.19211e-199 2.99385e-201 4.08391e-203 5.5643e-205 7.57255e-207 1.02939e-208
1.89242e-33 2.12498e-34 1.37654e-35 6.69433e-37 2.70448e-38 9.56506e-40 3.0563e-41 9.00768e-43 2.48454e-44 6.48224e-46 1.61275e-47 3.85052e-49 8.86698e-51 1.97753e-52 4.28585e-54 9.05227e-56 1.86781e-57 3.77277e-59 7.47341e-61 1.45407e-62 2.78259e-64 5.2437e-66 9.74129e-68 1.78567e-69 3.23267e-71 5.78409e-73 1.02359e-74 1.79271e-76 3.10913e-78 5.34245e-80 9.09969e-82 1.53706e-83 2.5758e-85 4.28405e-87 7.07411e-89 1.16013e-90 1.89011e-92 3.06012e-94 4.92467e-96 7.8797e-98 1.25382e-99 1.98449e-101 3.12494e-103 4.89658e-105 7.63633e-107 1.18547e-108 1.83222e-110 2.81978e-112 4.32182e-114 6.59766e-116 1.00333e-117 1.52011e-119 2.2948e-121 3.45219e-123 5.17574e-125 7.73434e-127 1.15209e-128 1.71083e-130 2.53291e-132 3.73906e-134 5.5039e-136 8.07935e-138 1.1828e-139 1.72708e-141 2.51537e-143 3.65436e-145 5.29625e-147 7.65772e-149 1.10466e-150 1.58995e-152 2.2834e-154 3.27229e-156 4.67964e-158 6.6786e-160 9.51241e-162 1.35222e-163 1.91856e-165 2.71702e-167 3.84076e-169 5.41958e-171 7.63403e-173 1.07349e-174 1.50701e-176 2.11212e-178 2.95545e-180 4.12899e-182 5.7596e-184 8.02201e-186 1.11565e-187 1.54933e-189 2.1485e-191 2.97522e-193 4.1144e-195 5.68207e-197 7.83666e-199 1.07942e-200 1.48489e-202 2.04011e-204 2.79948e-206 3.83685e-208 5.25238e-210
2.25294e-35 2.66284e-36 1.80401e-37 9.13405e-39 3.82893e-40 1.40138e-41 4.62366e-43 1.4045e-44 3.9865e-46 1.06884e-47 2.72941e-49 6.68144e-51 1.576e-52 3.59712e-54 7.97215e-56 1.72062e-57 3.62544e-59 7.47341e-61 1.50993e-62 2.99482e-64 5.83939e-66 1.12068e-67 2.11933e-69 3.95308e-71 7.27916e-73 1.32427e-74 2.38198e-76 4.23884e-78 7.46724e-80 1.30291e-81 2.25283e-83 3.86189e-85 6.56616e-87 1.10773e-88 1.85492e-90 3.08412e-92 5.09316e-94 8.35641e-96 1.36253e-97 2.20841e-99 3.55895e-101 5.70389e-103 9.09322e-105 1.44228e-106 2.27638e-108 3.57588e-110 5.59158e-112 8.70501e-114 1.34943e-115 2.08325e-117 3.20331e-119 4.90658e-121 7.48745e-123 1.13845e-124 1.72491e-126 2.60459e-128 3.91988e-130 5.88045e-132 8.79409e-134 1.31115e-135 1.94909e-137 2.88911e-139 4.27052e-141 6.29528e-143 9.25547e-145 1.35725e-146 1.9853e-148 2.89685e-150 4.21683e-152 6.12393e-154 8.87326e-156 1.28283e-157 1.85059e-159 2.66396e-161 3.82685e-163 5.48624e-165 7.84956e-167 1.12091e-168 1.59762e-170 2.27283e-172 3.22753e-174 4.57509e-176 6.47397e-178 9.14532e-180 1.28973e-181 1.81588e-183 2.55257e-185 3.58246e-187 5.02011e-189 7.02404e-191 9.81326e-193 1.36901e-194 1.90711e-196 2.65299e-198 3.68548e-200 5.11286e-202 7.08363e-204 9.8012e-206 1.35439e-207 1.86922e-209 2.57655e-211
2.68215e-37 3.32852e-38 2.35374e-39 1.23877e-40 5.38067e-42 2.03542e-43 6.92665e-45 2.16642e-46 6.32184e-48 1.74031e-49 4.55775e-51 1.14307e-52 2.7598e-54 6.4422e-56 1.45909e-57 3.21601e-59 6.91572e-61 1.45407e-62 2.99482e-64 6.05215e-66 1.20177e-67 2.34778e-69 4.5176e-71 8.57054e-73 1.60454e-74 2.96681e-76 5.42183e-78 9.7996e-80 1.75284e-81 3.1045e-83 5.44725e-85 9.47336e-87 1.63366e-88 2.79461e-90 4.74403e-92 7.99447e-94 1.33779e-95 2.22367e-97 3.67249e-99 6.02797e-101 9.8358e-103 1.59579e-104 2.57491e-106 4.13295e-108 6.60011e-110 1.04885e-111 1.65892e-113 2.61188e-115 4.09415e-117 6.39032e-119 9.93318e-121 1.53787e-122 2.37174e-124 3.64407e-126 5.5786e-128 8.51001e-130 1.29374e-131 1.96027e-133 2.96061e-135 4.45739e-137 6.69038e-139 1.00122e-140 1.49399e-142 2.22302e-144 3.29871e-146 4.88181e-148 7.20584e-150 1.06092e-151 1.55812e-153 2.2828e-155 3.33662e-157 4.86565e-159 7.07939e-161 1.02776e-162 1.48886e-164 2.15228e-166 3.10491e-168 4.47016e-170 6.42305e-172 9.21131e-174 1.3185e-175 1.88381e-177 2.68661e-179 3.82474e-181 5.43555e-183 7.71161e-185 1.09225e-186 1.54449e-188 2.18047e-190 3.07349e-192 4.32555e-194 6.07844e-196 8.52895e-198 1.19499e-199 1.6719e-201 2.33584e-203 3.25892e-205 4.54061e-207 6.31793e-209 8.77941e-211 1.21841e-212
3.19312e-39 4.15118e-40 3.05858e-41 1.67076e-42 7.5099e-44 2.93289e-45 1.02839e-46 3.30866e-48 9.91767e-50 2.80098e-51 7.51749e-53 1.93023e-54 4.767e-56 1.13733e-57 2.63088e-59 5.9185e-61 1.2982e-62 2.78259e-64 5.83939e-66 1.20177e-67 2.42912e-69 4.82849e-71 9.44952e-73 1.8226e-74 3.46783e-76 6.51434e-78 1.20909e-79 2.21878e-81 4.02825e-83 7.2395e-85 1.28861e-86 2.2728e-88 3.97397e-90 6.89109e-92 1.18555e-93 2.02427e-95 3.4315e-97 5.77692e-99 9.66118e-101 1.60547e-102 2.6517e-104 4.35408e-106 7.10911e-108 1.15445e-109 1.8649e-111 2.99739e-113 4.79415e-115 7.63194e-117 1.20943e-118 1.90815e-120 2.99775e-122 4.69014e-124 7.3087e-126 1.13452e-127 1.75449e-129 2.70336e-131 4.15069e-133 6.35101e-135 9.6853e-137 1.47222e-138 2.23078e-140 3.36981e-142 5.07521e-144 7.62141e-146 1.14125e-147 1.70422e-149 2.53803e-151 3.76986e-153 5.58516e-155 8.25388e-157 1.21679e-158 1.78952e-160 2.62568e-162 3.84376e-164 5.61437e-166 8.18274e-168 1.19006e-169 1.72716e-171 2.50156e-173 3.61593e-175 5.2165e-177 7.51114e-179 1.07949e-180 1.54856e-182 2.21748e-184 3.16973e-186 4.52306e-188 6.44325e-190 9.16335e-192 1.30105e-193 1.84432e-195 2.61034e-197 3.68882e-199 5.20497e-201 7.33336e-203 1.0317e-204 1.44937e-206 2.03326e-208 2.84842e-210 3.98496e-212 5.56753e-214
3.80143e-41 5.16649e-42 3.95982e-43 2.24199e-44 1.04163e-45 4.19524e-47 1.51425e-48 5.00712e-50 1.54046e-51 4.46009e-53 1.22586e-54 3.22036e-56 8.13021e-58 1.98139e-59 4.67852e-61 1.07366e-62 2.40094e-64 5.2437e-66 1.12068e-67 2.34778e-69 4.82849e-71 9.76154e-73 1.94218e-74 3.80701e-76 7.35883e-78 1.4039e-79 2.64545e-81 4.92723e-83 9.07664e-85 1.6547e-86 2.9869e-88 5.34124e-90 9.46632e-92 1.66349e-93 2.89956e-95 5.01501e-97 8.60965e-99 1.46761e-100 2.48472e-102 4.17929e-104 6.98552e-106 1.16057e-107 1.917e-109 3.14876e-111 5.14416e-113 8.36044e-115 1.35196e-116 2.17565e-118 3.48479e-120 5.55643e-122 8.82079e-124 1.39435e-125 2.19507e-127 3.44182e-129 5.37584e-131 8.36509e-133 1.29691e-134 2.00358e-136 3.08465e-138 4.73315e-140 7.23898e-142 1.10364e-143 1.67738e-145 2.54174e-147 3.84022e-149 5.78548e-151 8.69186e-153 1.30228e-154 1.946e-156 2.90041e-158 4.31197e-160 6.39469e-162 9.46053e-164 1.39633e-165 2.05617e-167 3.021e-169 4.42879e-171 6.47863e-173 9.45725e-175 1.37768e-176 2.00287e-178 2.90602e-180 4.20824e-182 6.08243e-184 8.77493e-186 1.26362e-187 1.81641e-189 2.60643e-191 3.73362e-193 5.33926e-195 7.62275e-197 1.08651e-198 1.5462e-200 2.19692e-202 3.11669e-204 4.41486e-206 6.24444e-208 8.81936e-210 1.24382e-211 1.75172e-213 2.4636e-215
4.52564e-43 6.41798e-44 5.10921e-45 2.9945e-46 1.43641e-47 5.96048e-49 2.21266e-50 7.51354e-52 2.37076e-53 7.03179e-55 1.97794e-56 5.31296e-58 1.37038e-59 3.40955e-61 8.21357e-63 1.92183e-64 4.37936e-66 9.74129e-68 2.11933e-69 4.5176e-71 9.44952e-73 1.94218e-74 3.92708e-76 7.82016e-78 1.53513e-79 2.97328e-81 5.6863e-83 1.07458e-84 2.00792e-86 3.71202e-88 6.79313e-90 1.23125e-91 2.21125e-93 3.93671e-95 6.95037e-97 1.21737e-98 2.11604e-100 3.65136e-102 6.25671e-104 1.06493e-105 1.8009e-107 3.02667e-109 5.05645e-111 8.39901e-113 1.3874e-114 2.27957e-116 3.72616e-118 6.06042e-120 9.80955e-122 1.58041e-123 2.5347e-125 4.04748e-127 6.43579e-129 1.01914e-130 1.60744e-132 2.52553e-134 3.95311e-136 6.16507e-138 9.58068e-140 1.48373e-141 2.2901e-143 3.52318e-145 5.40296e-147 8.26004e-149 1.25898e-150 1.91328e-152 2.89928e-154 4.38112e-156 6.60224e-158 9.92291e-160 1.48749e-161 2.22415e-163 3.31737e-165 4.93591e-167 7.3267e-169 1.08503e-170 1.60319e-172 2.36354e-174 3.47692e-176 5.10389e-178 7.47656e-180 1.09298e-181 1.59462e-183 2.32192e-185 3.37445e-187 4.89485e-189 7.08717e-191 1.02428e-192 1.47772e-194 2.12819e-196 3.05972e-198 4.39162e-200 6.2929e-202 9.00272e-204 1.2859e-205 1.83383e-207 2.61123e-209 3.71259e-211 5.27066e-213 7.47172e-215 1.05768e-216
5.38781e-45 7.95881e-46 6.57161e-47 3.98237e-48 1.97026e-49 8.41555e-51 3.21029e-52 1.11863e-53 3.61743e-55 1.09845e-56 3.16018e-58 8.67445e-60 2.28464e-61 5.80009e-63 1.42479e-64 3.39746e-66 7.88557e-68 1.78567e-69 3.95308e-71 8.57054e-73 1.8226e-74 3.80701e-76 7.82016e-78 1.58147e-79 3.15173e-81 6.1953e-83 1.20213e-84 2.30425e-86 4.36608e-88 8.18274e-90 1.51773e-91 2.78743e-93 5.07146e-95 9.14477e-97 1.63493e-98 2.8992e-100 5.1011e-102 8.90834e-104 1.54459e-105 2.65972e-107 4.5497e-109 7.73331e-111 1.30643e-112 2.19403e-114 3.66377e-116 6.08455e-118 1.00514e-119 1.65196e-121 2.70159e-123 4.39704e-125 7.12337e-127 1.14884e-128 1.84477e-130 2.94979e-132 4.69742e-134 7.45075e-136 1.17723e-137 1.85309e-139 2.90632e-141 4.54202e-143 7.07384e-145 1.098e-146 1.69873e-148 2.61977e-150 4.02766e-152 6.17342e-154 9.43443e-156 1.43765e-157 2.18459e-159 3.31048e-161 5.00322e-163 7.54169e-165 1.1339e-166 1.70058e-168 2.54422e-170 3.79729e-172 5.65425e-174 8.40005e-176 1.24513e-177 1.8416e-179 2.71795e-181 4.00288e-183 5.88312e-185 8.6291e-187 1.26317e-188 1.84551e-190 2.69118e-192 3.91703e-194 5.69084e-196 8.25304e-198 1.19477e-199 1.72665e-201 2.49107e-203 3.5879e-205 5.15921e-207 7.40673e-209 1.06165e-210 1.51937e-212 2.1711e-214 3.09773e-216 4.41333e-218
6.41423e-47 9.85378e-48 8.42814e-49 5.275e-50 2.68914e-51 1.18128e-52 4.62707e-54 1.65327e-55 5.47576e-57 1.70121e-58 5.00287e-60 1.40256e-61 3.77e-63 9.76131e-65 2.444e-66 5.93655e-68 1.40285e-69 3.23267e-71 7.27916e-73 1.60454e-74 3.46783e-76 7.35883e-78 1.53513e-79 3.15173e-81 6.37464e-83 1.27133e-84 2.50212e-86 4.86333e-88 9.34171e-90 1.77442e-91 3.33483e-93 6.20445e-95 1.14329e-96 2.08753e-98 3.77839e-100 6.78186e-102 1.20758e-103 2.1338e-105 3.74281e-107 6.51892e-109 1.12774e-110 1.93824e-112 3.31041e-114 5.61987e-116 9.485e-118 1.59186e-119 2.65711e-121 4.41199e-123 7.28875e-125 1.19822e-126 1.96045e-128 3.1928e-130 5.17662e-132 8.3568e-134 1.34341e-135 2.15081e-137 3.42984e-139 5.44844e-141 8.62271e-143 1.35967e-144 2.1364e-146 3.34527e-148 5.22061e-150 8.1206e-152 1.25912e-153 1.94624e-155 2.99922e-157 4.60821e-159 7.05993e-161 1.07856e-162 1.64319e-164 2.49669e-166 3.78353e-168 5.71891e-170 8.62257e-172 1.29685e-173 1.94581e-175 2.91264e-177 4.34983e-179 6.48152e-181 9.63655e-183 1.42964e-184 2.11645e-186 3.12671e-188 4.6098e-190 6.78279e-192 9.96055e-194 1.4599e-195 2.13572e-197 3.11862e-199 4.54559e-201 6.61371e-203 9.60592e-205 1.39279e-206 2.01605e-208 2.91337e-210 4.20322e-212 6.05442e-214 8.70723e-216 1.2503e-217 1.79263e-219
7.6362e-49 1.21819e-49 1.07802e-50 6.96128e-52 3.65338e-53 1.64917e-54 6.6281e-56 2.42679e-57 8.22709e-59 2.6136e-60 7.85226e-62 2.24721e-63 6.16167e-65 1.62634e-66 4.14851e-68 1.02605e-69 2.46757e-71 5.78409e-73 1.32427e-74 2.96681e-76 6.51434e-78 1.4039e-79 2.97328e-81 6.1953e-83 1.27133e-84 2.5717e-86 5.13229e-88 1.01125e-89 1.96865e-91 3.78886e-93 7.21329e-95 1.35918e-96 2.53602e-98 4.68769e-100 8.58777e-102 1.55987e-103 2.81023e-105 5.0233e-107 8.91191e-109 1.5697e-110 2.74566e-112 4.77066e-114 8.23604e-116 1.41309e-117 2.41005e-119 4.08677e-121 6.89155e-123 1.15589e-124 1.92867e-126 3.20194e-128 5.28995e-130 8.69839e-132 1.42376e-133 2.32011e-135 3.7645e-137 6.0826e-139 9.78827e-141 1.56894e-142 2.50519e-144 3.9852e-146 6.31657e-148 9.97643e-150 1.57026e-151 2.46325e-153 3.85145e-155 6.00278e-157 9.32671e-159 1.44472e-160 2.23127e-162 3.43607e-164 5.27647e-166 8.08024e-168 1.23405e-169 1.87972e-171 2.85583e-173 4.32788e-175 6.54251e-177 9.8665e-179 1.48441e-180 2.22812e-182 3.33684e-184 4.98617e-186 7.43451e-188 1.10614e-189 1.64232e-191 2.43341e-193 3.59829e-195 5.31032e-197 7.82173e-199 1.1499e-200 1.68735e-202 2.47147e-204 3.61347e-206 5.27383e-208 7.68375e-210 1.11759e-211 1.62278e-213 2.35248e-215 3.40476e-217 4.91992e-219 7.09823e-221
9.09096e-51 1.50395e-51 1.37542e-52 9.15485e-54 4.94201e-55 2.29074e-56 9.43991e-58 3.53949e-59 1.22747e-60 3.98515e-62 1.22256e-63 3.56988e-65 9.98026e-67 2.68419e-68 6.97265e-70 1.75529e-71 4.29441e-73 1.02359e-74 2.38198e-76 5.42183e-78 1.20909e-79 2.64545e-81 5.6863e-83 1.20213e-84 2.50212e-86 5.13229e-88 1.0383e-89 2.07341e-91 4.08974e-93 7.97328e-95 1.53733e-96 2.93306e-98 5.54009e-100 1.03647e-101 1.92146e-103 3.53111e-105 6.43517e-107 1.1634e-108 2.08718e-110 3.71695e-112 6.57252e-114 1.15429e-115 2.01392e-117 3.49156e-119 6.01652e-121 1.03065e-122 1.75552e-124 2.97378e-126 5.01073e-128 8.39956e-130 1.40103e-131 2.32561e-133 3.84232e-135 6.3194e-137 1.03477e-138 1.68713e-140 2.73935e-142 4.42986e-144 7.1355e-146 1.14498e-147 1.83043e-149 2.91564e-151 4.62786e-153 7.32036e-155 1.15406e-156 1.81343e-158 2.84047e-160 4.43533e-162 6.90465e-164 1.07169e-165 1.65857e-167 2.5596e-169 3.93918e-171 6.04594e-173 9.25491e-175 1.41304e-176 2.15198e-178 3.26922e-180 4.95445e-182 7.49056e-184 1.12985e-185 1.70035e-187 2.55319e-189 3.8254e-191 5.71923e-193 8.53263e-195 1.27037e-196 1.88755e-198 2.799e-200 4.14248e-202 6.11906e-204 9.02179e-206 1.3277e-207 1.95037e-209 2.85997e-211 4.18644e-213 6.11761e-215 8.92452e-217 1.29977e-218 1.8899e-220 2.74355e-222
1.08229e-52 1.85437e-53 1.75078e-54 1.20008e-55 6.65826e-57 3.16679e-58 1.33721e-59 5.13143e-61 1.81938e-62 6.03353e-64 1.8891e-65 5.62566e-67 1.60289e-68 4.3909e-70 1.1611e-71 2.97392e-73 7.39917e-75 1.79271e-76 4.23884e-78 9.7996e-80 2.21878e-81 4.92723e-83 1.07458e-84 2.30425e-86 4.86333e-88 1.01125e-89 2.07341e-91 4.19513e-93 8.38213e-95 1.65499e-96 3.23093e-98 6.24013e-100 1.19293e-101 2.25838e-103 4.23576e-105 7.87398e-107 1.45128e-108 2.65312e-110 4.81233e-112 8.66326e-114 1.54832e-115 2.74799e-117 4.84456e-119 8.48563e-121 1.47708e-122 2.5557e-124 4.39633e-126 7.52017e-128 1.27939e-129 2.16517e-131 3.64559e-133 6.10798e-135 1.01847e-136 1.69036e-138 2.79288e-140 4.59433e-142 7.52565e-144 1.22764e-145 1.99456e-147 3.22795e-149 5.20415e-151 8.35916e-153 1.33785e-154 2.13363e-156 3.39111e-158 5.37169e-160 8.48127e-162 1.33483e-163 2.09431e-165 3.27593e-167 5.10904e-169 7.94481e-171 1.23196e-172 1.90505e-174 2.93791e-176 4.51875e-178 6.93219e-180 1.06077e-181 1.61915e-183 2.46547e-185 3.74519e-187 5.67588e-189 8.58219e-191 1.29475e-192 1.94904e-194 2.92763e-196 4.38825e-198 6.56394e-200 9.79834e-202 1.45973e-203 2.17039e-205 3.22082e-207 4.7706e-209 7.05297e-211 1.04082e-212 1.53322e-214 2.25457e-216 3.30956e-218 4.84995e-220 7.09539e-222 1.03633e-223
1.28847e-54 2.28373e-55 2.22373e-56 1.56838e-57 8.93663e-59 4.35839e-60 1.88462e-61 7.39747e-63 2.68011e-64 9.07404e-66 2.89827e-67 8.79839e-69 2.55386e-70 7.12282e-72 1.91663e-73 4.99284e-75 1.26284e-76 3.10913e-78 7.46724e-80 1.75284e-81 4.02825e-83 9.07664e-85 2.00792e-86 4.36608e-88 9.34171e-90 1.96865e-91 4.08974e-93 8.38213e-95 1.69613e-96 3.39078e-98 6.70101e-100 1.30986e-101 2.53385e-103 4.85305e-105 9.2071e-107 1.73095e-108 3.22601e-110 5.96248e-112 1.09323e-113 1.98911e-115 3.59251e-117 6.44242e-119 1.14743e-120 2.03019e-122 3.56929e-124 6.23674e-126 1.08332e-127 1.87094e-129 3.21331e-131 5.48924e-133 9.32846e-135 1.57731e-136 2.65399e-138 4.44447e-140 7.40866e-142 1.22946e-143 2.03144e-145 3.34238e-147 5.47675e-149 8.93826e-151 1.45309e-152 2.35333e-154 3.79727e-156 6.10513e-158 9.78126e-160 1.56174e-161 2.48525e-163 3.942e-165 6.23278e-167 9.82419e-169 1.54381e-170 2.4188e-172 3.77875e-174 5.88659e-176 9.14482e-178 1.4168e-179 2.18921e-181 3.37394e-183 5.1866e-185 7.95325e-187 1.2166e-188 1.85656e-190 2.82652e-192 4.29337e-194 6.50677e-196 9.83948e-198 1.4847e-199 2.23552e-201 3.35903e-203 5.03686e-205 7.53758e-207 1.12576e-208 1.6781e-210 2.49668e-212 3.70762e-214 5.49578e-216 8.13164e-218 1.20104e-219 1.77082e-221 2.60645e-223 3.82993e-225
1.53393e-56 2.80938e-57 2.8187e-58 2.04389e-59 1.19521e-60 5.97325e-62 2.64344e-63 1.06076e-64 3.92512e-66 1.35611e-67 4.4167e-69 1.36624e-70 4.03842e-72 1.14633e-73 3.13768e-75 8.31035e-77 2.13613e-78 5.34245e-80 1.30291e-81 3.1045e-83 7.2395e-85 1.6547e-86 3.71202e-88 8.18274e-90 1.77442e-91 3.78886e-93 7.97328e-95 1.65499e-96 3.39078e-98 6.86192e-100 1.37247e-101 2.71467e-103 5.31274e-105 1.02925e-106 1.97478e-108 3.75401e-110 7.07333e-112 1.32148e-113 2.44882e-115 4.50248e-117 8.21629e-119 1.48851e-120 2.67791e-122 4.7854e-124 8.49612e-126 1.499e-127 2.62876e-129 4.5831e-131 7.94524e-133 1.36985e-134 2.34927e-136 4.00828e-138 6.80478e-140 1.14965e-141 1.9332e-143 3.23596e-145 5.39265e-147 8.94803e-149 1.47853e-150 2.43309e-152 3.98805e-154 6.5115e-156 1.05916e-157 1.71652e-159 2.77189e-161 4.46053e-163 7.15342e-165 1.14339e-166 1.82165e-168 2.89305e-170 4.58035e-172 7.22977e-174 1.13779e-175 1.78543e-177 2.79378e-179 4.35949e-181 6.78423e-183 1.05296e-184 1.63002e-186 2.5169e-188 3.87664e-190 5.95638e-192 9.12994e-194 1.39615e-195 2.13008e-197 3.24249e-199 4.9249e-201 7.46399e-203 1.1288e-204 1.70355e-206 2.56565e-208 3.85623e-210 5.78451e-212 8.66012e-214 1.29405e-215 1.93001e-217 2.87319e-219 4.26954e-221 6.33318e-223 9.37777e-225 1.3862e-226
1.82616e-58 3.45242e-59 3.56602e-60 2.65646e-61 1.59316e-62 8.15411e-64 3.69111e-65 1.51344e-66 5.71693e-68 2.01469e-69 6.68792e-71 2.10723e-72 6.34051e-74 1.83108e-75 5.0965e-77 1.37197e-78 3.58279e-80 9.09969e-82 2.25283e-83 5.44725e-85 1.28861e-86 2.9869e-88 6.79313e-90 1.51773e-91 3.33483e-93 7.21329e-95 1.53733e-96 3.23093e-98 6.70101e-100 1.37247e-101 2.77771e-103 5.55833e-105 1.1003e-106 2.15574e-108 4.1822e-110 8.0375e-112 1.5308e-113 2.8904e-115 5.41243e-117 1.00545e-118 1.85354e-120 3.39183e-122 6.1628e-124 1.1121e-125 1.99361e-127 3.55108e-129 6.28639e-131 1.10624e-132 1.9355e-134 3.3675e-136 5.82735e-138 1.00313e-139 1.71802e-141 2.92791e-143 4.96597e-145 8.38355e-147 1.40892e-148 2.35739e-150 3.92751e-152 6.51621e-154 1.07674e-155 1.77219e-157 2.90562e-159 4.74611e-161 7.7241e-163 1.25259e-164 2.02421e-166 3.26008e-168 5.23309e-170 8.37299e-172 1.33545e-173 2.12339e-175 3.36603e-177 5.3201e-179 8.38427e-181 1.31759e-182 2.06486e-184 3.22718e-186 5.03038e-188 7.82075e-190 1.2128e-191 1.87604e-193 2.89489e-195 4.45635e-197 6.8439e-199 1.04864e-200 1.60311e-202 2.44531e-204 3.72184e-206 5.65264e-208 8.56706e-210 1.29573e-211 1.95577e-213 2.94616e-215 4.42939e-217 6.64655e-219 9.95469e-221 1.48817e-222 2.22066e-224 3.30776e-226 4.91832e-228
