0.992263 0.001908 0.000961394 0.000484423 0.000244089 0.000122991 6.19721e-05 3.12262e-05 1.57341e-05 7.92806e-06 3.99476e-06 2.01286e-06 1.01423e-06 5.11048e-07 2.57505e-07 1.2975e-07 6.53781e-08 3.29425e-08 1.65989e-08 8.36379e-09 4.21431e-09 2.12349e-09 1.06998e-09 5.39135e-10 2.71657e-10 1.36882e-10 6.89714e-11 3.4753e-11 1.75112e-11 8.82348e-12 4.44594e-12 2.2402e-12 1.12878e-12 5.68767e-13 2.86588e-13 1.44405e-13 7.27621e-14 3.66631e-14 1.84736e-14 9.30842e-15 4.69029e-15 2.36333e-15 1.19082e-15 6.00027e-16 3.02339e-16 1.52341e-16 7.67612e-17 3.86781e-17 1.9489e-17 9.82003e-18 4.94808e-18 2.49322e-18 1.25627e-18 6.33005e-19 3.18956e-19 1.60714e-19 8.09801e-20 4.08039e-20 2.05601e-20 1.03597e-20 5.22003e-21 2.63025e-21 1.32532e-21 6.67796e-22 3.36486e-22 1.69547e-22 8.54308e-23 4.30465e-23 2.16901e-23 1.09291e-23 5.50693e-24 2.77481e-24 1.39816e-24 7.04499e-25 3.5498e-25 1.78866e-25 9.01262e-26 4.54124e-26 2.28822e-26 1.15298e-26 5.80959e-27 2.92731e-27 1.475e-27 7.43219e-28 3.7449e-28 1.88697e-28 9.50796e-29 4.79084e-29 2.41399e-29 1.21635e-29 6.12889e-30 3.0882e-30 1.55607e-30 7.84067e-31 3.95072e-31 1.99068e-31 1.00305e-31 5.05414e-32 2.54666e-32 1.2832e-32 6.46575e-33
0.001908 1.10738e-05 5.59408e-06 2.82591e-06 1.42753e-06 7.2112e-07 3.64274e-07 1.84012e-07 9.29526e-08 4.69542e-08 2.37183e-08 1.19809e-08 6.05195e-09 3.05701e-09 1.54417e-09 7.79996e-10 3.93991e-10 1.99011e-10 1.00523e-10 5.07752e-11 2.56469e-11 1.29543e-11 6.54325e-12 3.30498e-12 1.66933e-12 8.43165e-13 4.25874e-13 2.15103e-13 1.08645e-13 5.48744e-14 2.77158e-14 1.39986e-14 7.07028e-15 3.57098e-15 1.80358e-15 9.10922e-16 4.60071e-16 2.32362e-16 1.17356e-16 5.92708e-17 2.99347e-17 1.51184e-17 7.63547e-18 3.85623e-18 1.94754e-18 9.8358e-19 4.96741e-19 2.50869e-19 1.26696e-19 6.39847e-20 3.23137e-20 1.63191e-20 8.24143e-21 4.16205e-21 2.10188e-21 1.06147e-21 5.36051e-22 2.70709e-22 1.36708e-22 6.90377e-23 3.48639e-23 1.76061e-23 8.89093e-24 4.48983e-24 2.26731e-24 1.14496e-24 5.78183e-25 2.91971e-25 1.47439e-25 7.44529e-26 3.75967e-26 1.89852e-26 9.58694e-27 4.84108e-27 2.44457e-27 1.23441e-27 6.23326e-28 3.14753e-28 1.58936e-28 8.02549e-29 4.05247e-29 2.04628e-29 1.03326e-29 5.21737e-30 2.63446e-30 1.33024e-30 6.71686e-31 3.39157e-31 1.71251e-31 8.64696e-32 4.36609e-32 2.20455e-32 1.11313e-32 5.6204e-33 2.83784e-33 1.43287e-33 7.23478e-34 3.65293e-34 1.8444e-34 9.31251e-35 4.70194e-35
0.000961394 5.59408e-06 2.82599e-06 1.42761e-06 7.21183e-07 3.64317e-07 1.84039e-07 9.29688e-08 4.69637e-08 2.37238e-08 1.19841e-08 6.0537e-09 3.05798e-09 1.54471e-09 7.80289e-10 3.9415e-10 1.99097e-10 1.00569e-10 5.08e-11 2.56601e-11 1.29614e-11 6.547e-12 3.30697e-12 1.67038e-12 8.43718e-13 4.26165e-13 2.15256e-13 1.08725e-13 5.49164e-14 2.77378e-14 1.40101e-14 7.07627e-15 3.5741e-15 1.80521e-15 9.11769e-16 4.60511e-16 2.32591e-16 1.17474e-16 5.93323e-17 2.99666e-17 1.51349e-17 7.64401e-18 3.86064e-18 1.94983e-18 9.84759e-19 4.97349e-19 2.51183e-19 1.26858e-19 6.40682e-20 3.23567e-20 1.63412e-20 8.25283e-21 4.16791e-21 2.1049e-21 1.06302e-21 5.36849e-22 2.71118e-22 1.36919e-22 6.91458e-23 3.49194e-23 1.76345e-23 8.90554e-24 4.49732e-24 2.27115e-24 1.14693e-24 5.79192e-25 2.92488e-25 1.47704e-25 7.45886e-26 3.76662e-26 1.90208e-26 9.60513e-27 4.85038e-27 2.44933e-27 1.23685e-27 6.24572e-28 3.1539e-28 1.59261e-28 8.04212e-29 4.06097e-29 2.05063e-29 1.03548e-29 5.2287e-30 2.64025e-30 1.33319e-30 6.73195e-31 3.39927e-31 1.71644e-31 8.66702e-32 4.37632e-32 2.20977e-32 1.11579e-32 5.63399e-33 2.84477e-33 1.43641e-33 7.2528e-34 3.66211e-34 1.84908e-34 9.33638e-35 4.7141e-35 2.38022e-35
0.000484423 2.82591e-06 1.42761e-06 7.21204e-07 3.64338e-07 1.84055e-07 9.29797e-08 4.69705e-08 2.3728e-08 1.19865e-08 6.0551e-09 3.05878e-09 1.54515e-09 7.80536e-10 3.94286e-10 1.99171e-10 1.0061e-10 5.08218e-11 2.56719e-11 1.29677e-11 6.55037e-12 3.30876e-12 1.67133e-12 8.44223e-13 4.26432e-13 2.15397e-13 1.08799e-13 5.49554e-14 2.77582e-14 1.40208e-14 7.08188e-15 3.57703e-15 1.80674e-15 9.12566e-16 4.60926e-16 2.32807e-16 1.17587e-16 5.93906e-17 2.99968e-17 1.51506e-17 7.65213e-18 3.86485e-18 1.952e-18 9.85884e-19 4.97931e-19 2.51484e-19 1.27013e-19 6.41482e-20 3.2398e-20 1.63625e-20 8.26378e-21 4.17355e-21 2.10781e-21 1.06452e-21 5.37618e-22 2.71514e-22 1.37122e-22 6.92502e-23 3.4973e-23 1.76621e-23 8.91967e-24 4.50458e-24 2.27487e-24 1.14883e-24 5.80171e-25 2.9299e-25 1.47961e-25 7.47203e-26 3.77336e-26 1.90553e-26 9.62282e-27 4.85944e-27 2.45396e-27 1.23922e-27 6.25785e-28 3.1601e-28 1.59579e-28 8.05835e-29 4.06926e-29 2.05486e-29 1.03764e-29 5.23977e-30 2.6459e-30 1.33608e-30 6.74669e-31 3.4068e-31 1.72029e-31 8.68665e-32 4.38634e-32 2.21488e-32 1.1184e-32 5.6473e-33 2.85156e-33 1.43987e-33 7.27046e-34 3.67112e-34 1.85367e-34 9.35979e-35 4.72604e-35 2.38631e-35 1.20491e-35
0.000244089 1.42753e-06 7.21183e-07 3.64338e-07 1.8406e-07 9.29851e-08 4.69746e-08 2.37307e-08 1.19882e-08 6.05616e-09 3.0594e-09 1.54551e-09 7.80739e-10 3.944e-10 1.99234e-10 1.00644e-10 5.08408e-11 2.56822e-11 1.29733e-11 6.55336e-12 3.31037e-12 1.67219e-12 8.4468e-13 4.26674e-13 2.15525e-13 1.08867e-13 5.49912e-14 2.77771e-14 1.40307e-14 7.08708e-15 3.57976e-15 1.80816e-15 9.13311e-16 4.61315e-16 2.3301e-16 1.17692e-16 5.94455e-17 3.00254e-17 1.51654e-17 7.65983e-18 3.86884e-18 1.95407e-18 9.86954e-19 4.98485e-19 2.5177e-19 1.27161e-19 6.42246e-20 3.24375e-20 1.63829e-20 8.27429e-21 4.17897e-21 2.1106e-21 1.06596e-21 5.38357e-22 2.71894e-22 1.37318e-22 6.93509e-23 3.50247e-23 1.76887e-23 8.93333e-24 4.51159e-24 2.27847e-24 1.15068e-24 5.81118e-25 2.93476e-25 1.4821e-25 7.48481e-26 3.77991e-26 1.90889e-26 9.64001e-27 4.86824e-27 2.45847e-27 1.24152e-27 6.26966e-28 3.16614e-28 1.59888e-28 8.07415e-29 4.07734e-29 2.059e-29 1.03976e-29 5.25057e-30 2.65142e-30 1.3389e-30 6.7611e-31 3.41416e-31 1.72404e-31 8.70584e-32 4.39614e-32 2.21988e-32 1.12095e-32 5.66032e-33 2.85821e-33 1.44326e-33 7.28776e-34 3.67994e-34 1.85817e-34 9.38274e-35 4.73774e-35 2.39227e-35 1.20795e-35 6.09936e-36
0.000122991 7.2112e-07 3.64317e-07 1.84055e-07 9.29851e-08 4.6976e-08 2.37321e-08 1.19893e-08 6.05686e-09 3.05984e-09 1.54578e-09 7.80896e-10 3.9449e-10 1.99286e-10 1.00673e-10 5.08568e-11 2.5691e-11 1.29781e-11 6.55599e-12 3.31179e-12 1.67295e-12 8.45089e-13 4.26893e-13 2.15642e-13 1.08929e-13 5.5024e-14 2.77944e-14 1.40398e-14 7.09188e-15 3.58228e-15 1.80949e-15 9.14005e-16 4.61678e-16 2.33199e-16 1.17791e-16 5.94972e-17 3.00522e-17 1.51794e-17 7.6671e-18 3.87262e-18 1.95603e-18 9.87971e-19 4.99011e-19 2.52043e-19 1.27302e-19 6.42976e-20 3.24752e-20 1.64023e-20 8.28434e-21 4.18415e-21 2.11327e-21 1.06733e-21 5.39068e-22 2.7226e-22 1.37506e-22 6.94478e-23 3.50746e-23 1.77143e-23 8.94651e-24 4.51836e-24 2.28195e-24 1.15247e-24 5.82035e-25 2.93946e-25 1.48451e-25 7.49719e-26 3.78626e-26 1.91214e-26 9.65669e-27 4.87679e-27 2.46285e-27 1.24377e-27 6.28114e-28 3.17202e-28 1.60188e-28 8.08954e-29 4.08522e-29 2.06302e-29 1.04182e-29 5.2611e-30 2.6568e-30 1.34165e-30 6.77516e-31 3.42134e-31 1.72771e-31 8.72458e-32 4.40571e-32 2.22477e-32 1.12345e-32 5.67306e-33 2.86471e-33 1.44658e-33 7.30469e-34 3.68858e-34 1.86258e-34 9.40522e-35 4.7492e-35 2.39812e-35 1.21093e-35 6.11456e-36 3.08752e-36
6.19721e-05 3.64274e-07 1.84039e-07 9.29797e-08 4.69746e-08 2.37321e-08 1.19896e-08 6.05721e-09 3.06011e-09 1.54596e-09 7.81009e-10 3.94559e-10 1.99326e-10 1.00696e-10 5.087e-11 2.56984e-11 1.29822e-11 6.55823e-12 3.31301e-12 1.67362e-12 8.4545e-13 4.27087e-13 2.15746e-13 1.08985e-13 5.50536e-14 2.78102e-14 1.40481e-14 7.09629e-15 3.58461e-15 1.81071e-15 9.14648e-16 4.62015e-16 2.33376e-16 1.17884e-16 5.95455e-17 3.00775e-17 1.51926e-17 7.67395e-18 3.87618e-18 1.95788e-18 9.88932e-19 4.9951e-19 2.52301e-19 1.27436e-19 6.4367e-20 3.25111e-20 1.64209e-20 8.29394e-21 4.18911e-21 2.11583e-21 1.06866e-21 5.39749e-22 2.72611e-22 1.37687e-22 6.9541e-23 3.51226e-23 1.7739e-23 8.95921e-24 4.52489e-24 2.28531e-24 1.15419e-24 5.82921e-25 2.94401e-25 1.48685e-25 7.50917e-26 3.79241e-26 1.9153e-26 9.67286e-27 4.88508e-27 2.4671e-27 1.24594e-27 6.29229e-28 3.17773e-28 1.60481e-28 8.10452e-29 4.09288e-29 2.06694e-29 1.04382e-29 5.27136e-30 2.66205e-30 1.34434e-30 6.78887e-31 3.42835e-31 1.7313e-31 8.74289e-32 4.41506e-32 2.22955e-32 1.12589e-32 5.68552e-33 2.87107e-33 1.44983e-33 7.32126e-34 3.69704e-34 1.8669e-34 9.42724e-35 4.76044e-35 2.40385e-35 1.21385e-35 6.12946e-36 3.09512e-36 1.5629e-36
3.12262e-05 1.84012e-07 9.29688e-08 4.69705e-08 2.37307e-08 1.19893e-08 6.05721e-09 3.06019e-09 1.54605e-09 7.81076e-10 3.94604e-10 1.99355e-10 1.00714e-10 5.08802e-11 2.57043e-11 1.29855e-11 6.56011e-12 3.31405e-12 1.67419e-12 8.45763e-13 4.27257e-13 2.15838e-13 1.09034e-13 5.50801e-14 2.78243e-14 1.40557e-14 7.1003e-15 3.58673e-15 1.81183e-15 9.1524e-16 4.62327e-16 2.3354e-16 1.1797e-16 5.95905e-17 3.0101e-17 1.52049e-17 7.68037e-18 3.87953e-18 1.95963e-18 9.8984e-19 4.99982e-19 2.52546e-19 1.27563e-19 6.44329e-20 3.25453e-20 1.64386e-20 8.30309e-21 4.19385e-21 2.11828e-21 1.06992e-21 5.40401e-22 2.72948e-22 1.37861e-22 6.96305e-23 3.51687e-23 1.77627e-23 8.97143e-24 4.53118e-24 2.28854e-24 1.15586e-24 5.83776e-25 2.94841e-25 1.48911e-25 7.52076e-26 3.79836e-26 1.91835e-26 9.68853e-27 4.89311e-27 2.47122e-27 1.24806e-27 6.30312e-28 3.18328e-28 1.60765e-28 8.11907e-29 4.10033e-29 2.07076e-29 1.04577e-29 5.28135e-30 2.66716e-30 1.34695e-30 6.80224e-31 3.43519e-31 1.73479e-31 8.76075e-32 4.42419e-32 2.23421e-32 1.12827e-32 5.69769e-33 2.87729e-33 1.453e-33 7.33747e-34 3.70531e-34 1.87112e-34 9.44879e-35 4.77143e-35 2.40946e-35 1.21671e-35 6.14406e-36 3.10257e-36 1.56669e-36 7.91126e-37
1.57341e-05 9.29526e-08 4.69637e-08 2.3728e-08 1.19882e-08 6.05686e-09 3.06011e-09 1.54605e-09 7.81099e-10 3.94627e-10 1.99372e-10 1.00725e-10 5.08875e-11 2.57087e-11 1.29881e-11 6.56161e-12 3.31491e-12 1.67467e-12 8.46028e-13 4.27403e-13 2.15917e-13 1.09077e-13 5.51035e-14 2.78369e-14 1.40624e-14 7.1039e-15 3.58865e-15 1.81285e-15 9.1578e-16 4.62613e-16 2.33691e-16 1.18049e-16 5.96322e-17 3.01229e-17 1.52163e-17 7.68637e-18 3.88266e-18 1.96126e-18 9.90693e-19 5.00426e-19 2.52778e-19 1.27683e-19 6.44953e-20 3.25776e-20 1.64554e-20 8.31179e-21 4.19835e-21 2.12061e-21 1.07112e-21 5.41024e-22 2.7327e-22 1.38027e-22 6.97162e-23 3.52129e-23 1.77855e-23 8.98317e-24 4.53723e-24 2.29165e-24 1.15746e-24 5.84601e-25 2.95264e-25 1.49128e-25 7.53196e-26 3.80411e-26 1.9213e-26 9.70368e-27 4.90089e-27 2.47521e-27 1.2501e-27 6.31361e-28 3.18866e-28 1.61041e-28 8.1332e-29 4.10757e-29 2.07447e-29 1.04767e-29 5.29106e-30 2.67213e-30 1.3495e-30 6.81526e-31 3.44185e-31 1.7382e-31 8.77816e-32 4.43309e-32 2.23876e-32 1.13059e-32 5.70957e-33 2.88336e-33 1.4561e-33 7.3533e-34 3.7134e-34 1.87525e-34 9.46986e-35 4.78219e-35 2.41495e-35 1.21952e-35 6.15836e-36 3.10986e-36 1.57041e-36 7.93024e-37 4.00457e-37
7.92806e-06 4.69542e-08 2.37238e-08 1.19865e-08 6.05616e-09 3.05984e-09 1.54596e-09 7.81076e-10 3.94627e-10 1.99378e-10 1.00731e-10 5.08919e-11 2.57117e-11 1.299e-11 6.56273e-12 3.31557e-12 1.67505e-12 8.46245e-13 4.27524e-13 2.15985e-13 1.09114e-13 5.51238e-14 2.78479e-14 1.40684e-14 7.10711e-15 3.59037e-15 1.81377e-15 9.16269e-16 4.62872e-16 2.33828e-16 1.18122e-16 5.96705e-17 3.01431e-17 1.5227e-17 7.69194e-18 3.88558e-18 1.96279e-18 9.91491e-19 5.00843e-19 2.52995e-19 1.27797e-19 6.45542e-20 3.26082e-20 1.64713e-20 8.32004e-21 4.20263e-21 2.12282e-21 1.07227e-21 5.41618e-22 2.73577e-22 1.38186e-22 6.97981e-23 3.52552e-23 1.78074e-23 8.99443e-24 4.54303e-24 2.29464e-24 1.159e-24 5.85393e-25 2.95672e-25 1.49338e-25 7.54275e-26 3.80966e-26 1.92415e-26 9.71833e-27 4.90841e-27 2.47907e-27 1.25208e-27 6.32378e-28 3.19387e-28 1.61308e-28 8.14691e-29 4.1146e-29 2.07807e-29 1.04952e-29 5.30051e-30 2.67697e-30 1.35197e-30 6.82793e-31 3.44833e-31 1.74151e-31 8.79513e-32 4.44177e-32 2.2432e-32 1.13286e-32 5.72117e-33 2.88928e-33 1.45913e-33 7.36877e-34 3.7213e-34 1.87928e-34 9.49047e-35 4.79271e-35 2.42032e-35 1.22226e-35 6.17235e-36 3.117e-36 1.57406e-36 7.94882e-37 4.01405e-37 2.02703e-37
3.99476e-06 2.37183e-08 1.19841e-08 6.0551e-09 3.0594e-09 1.54578e-09 7.81009e-10 3.94604e-10 1.99372e-10 1.00731e-10 5.08933e-11 2.57131e-11 1.29911e-11 6.56348e-12 3.31604e-12 1.67534e-12 8.46413e-13 4.27621e-13 2.1604e-13 1.09145e-13 5.5141e-14 2.78574e-14 1.40736e-14 7.10992e-15 3.59189e-15 1.81459e-15 9.16707e-16 4.63106e-16 2.33953e-16 1.18188e-16 5.97056e-17 3.01616e-17 1.52367e-17 7.69708e-18 3.88828e-18 1.96421e-18 9.92234e-19 5.01231e-19 2.53198e-19 1.27903e-19 6.46095e-20 3.2637e-20 1.64863e-20 8.32783e-21 4.20667e-21 2.12492e-21 1.07336e-21 5.42182e-22 2.73869e-22 1.38337e-22 6.98763e-23 3.52956e-23 1.78282e-23 9.00521e-24 4.54859e-24 2.29751e-24 1.16048e-24 5.86155e-25 2.96065e-25 1.4954e-25 7.55314e-26 3.815e-26 1.9269e-26 9.73246e-27 4.91568e-27 2.4828e-27 1.254e-27 6.33361e-28 3.19892e-28 1.61567e-28 8.16019e-29 4.12141e-29 2.08156e-29 1.05131e-29 5.30968e-30 2.68167e-30 1.35438e-30 6.84025e-31 3.45464e-31 1.74474e-31 8.81165e-32 4.45022e-32 2.24752e-32 1.13507e-32 5.73247e-33 2.89506e-33 1.46208e-33 7.38387e-34 3.72901e-34 1.88322e-34 9.51061e-35 4.803e-35 2.42557e-35 1.22494e-35 6.18604e-36 3.12399e-36 1.57762e-36 7.96702e-37 4.02334e-37 2.03177e-37 1.02603e-37
2.01286e-06 1.19809e-08 6.0537e-09 3.05878e-09 1.54551e-09 7.80896e-10 3.94559e-10 1.99355e-10 1.00725e-10 5.08919e-11 2.57131e-11 1.29915e-11 6.56386e-12 3.31632e-12 1.67553e-12 8.46534e-13 4.27694e-13 2.16083e-13 1.0917e-13 5.5155e-14 2.78653e-14 1.40779e-14 7.11232e-15 3.5932e-15 1.8153e-15 9.17093e-16 4.63314e-16 2.34064e-16 1.18247e-16 5.97373e-17 3.01785e-17 1.52456e-17 7.7018e-18 3.89077e-18 1.96552e-18 9.92922e-19 5.01593e-19 2.53387e-19 1.28002e-19 6.46612e-20 3.2664e-20 1.65004e-20 8.33516e-21 4.21049e-21 2.12691e-21 1.07439e-21 5.42717e-22 2.74146e-22 1.3848e-22 6.99507e-23 3.53341e-23 1.78481e-23 9.0155e-24 4.55391e-24 2.30026e-24 1.16189e-24 5.86886e-25 2.96441e-25 1.49734e-25 7.56314e-26 3.82015e-26 1.92955e-26 9.74608e-27 4.92268e-27 2.4864e-27 1.25585e-27 6.34312e-28 3.2038e-28 1.61818e-28 8.17305e-29 4.12801e-29 2.08494e-29 1.05304e-29 5.31858e-30 2.68623e-30 1.35671e-30 6.85223e-31 3.46077e-31 1.74788e-31 8.82772e-32 4.45845e-32 2.25173e-32 1.13723e-32 5.74349e-33 2.9007e-33 1.46496e-33 7.3986e-34 3.73654e-34 1.88707e-34 9.53027e-35 4.81304e-35 2.4307e-35 1.22756e-35 6.19942e-36 3.13082e-36 1.58111e-36 7.98482e-37 4.03242e-37 2.03641e-37 1.0284e-37 5.19346e-38
1.01423e-06 6.05195e-09 3.05798e-09 1.54515e-09 7.80739e-10 3.9449e-10 1.99326e-10 1.00714e-10 5.08875e-11 2.57117e-11 1.29911e-11 6.56386e-12 3.31642e-12 1.67562e-12 8.46606e-13 4.27743e-13 2.16113e-13 1.09189e-13 5.51659e-14 2.78716e-14 1.40815e-14 7.11433e-15 3.59431e-15 1.81591e-15 9.17428e-16 4.63496e-16 2.34163e-16 1.183e-16 5.97657e-17 3.01936e-17 1.52537e-17 7.70609e-18 3.89304e-18 1.96672e-18 9.93556e-19 5.01926e-19 2.53563e-19 1.28094e-19 6.47094e-20 3.26893e-20 1.65135e-20 8.34204e-21 4.21408e-21 2.12878e-21 1.07536e-21 5.43222e-22 2.74409e-22 1.38617e-22 7.00214e-23 3.53707e-23 1.78671e-23 9.02531e-24 4.55898e-24 2.30288e-24 1.16325e-24 5.87585e-25 2.96802e-25 1.4992e-25 7.57273e-26 3.82509e-26 1.9321e-26 9.75919e-27 4.92943e-27 2.48987e-27 1.25763e-27 6.35229e-28 3.20851e-28 1.6206e-28 8.18549e-29 4.13439e-29 2.08822e-29 1.05472e-29 5.3272e-30 2.69065e-30 1.35898e-30 6.86384e-31 3.46672e-31 1.75093e-31 8.84334e-32 4.46644e-32 2.25582e-32 1.13932e-32 5.75421e-33 2.90618e-33 1.46777e-33 7.41295e-34 3.74388e-34 1.89082e-34 9.54945e-35 4.82284e-35 2.43571e-35 1.23012e-35 6.2125e-36 3.1375e-36 1.58452e-36 8.00223e-37 4.04131e-37 2.04095e-37 1.03072e-37 5.20528e-38 2.62874e-38
5.11048e-07 3.05701e-09 1.54471e-09 7.80536e-10 3.944e-10 1.99286e-10 1.00696e-10 5.08802e-11 2.57087e-11 1.299e-11 6.56348e-12 3.31632e-12 1.67562e-12 8.4663e-13 4.27767e-13 2.16132e-13 1.09201e-13 5.51737e-14 2.78763e-14 1.40843e-14 7.11593e-15 3.59523e-15 1.81643e-15 9.17712e-16 4.63652e-16 2.34248e-16 1.18347e-16 5.97907e-17 3.02071e-17 1.5261e-17 7.70995e-18 3.8951e-18 1.96781e-18 9.94135e-19 5.02232e-19 2.53724e-19 1.28179e-19 6.47541e-20 3.27127e-20 1.65258e-20 8.34847e-21 4.21743e-21 2.13053e-21 1.07628e-21 5.43698e-22 2.74656e-22 1.38745e-22 7.00882e-23 3.54054e-23 1.78851e-23 9.03463e-24 4.56381e-24 2.30538e-24 1.16454e-24 5.88253e-25 2.97147e-25 1.50099e-25 7.58192e-26 3.82983e-26 1.93454e-26 9.77178e-27 4.93591e-27 2.49321e-27 1.25935e-27 6.36113e-28 3.21306e-28 1.62293e-28 8.19749e-29 4.14056e-29 2.09139e-29 1.05635e-29 5.33555e-30 2.69493e-30 1.36118e-30 6.87511e-31 3.4725e-31 1.75389e-31 8.85851e-32 4.47422e-32 2.2598e-32 1.14136e-32 5.76465e-33 2.91152e-33 1.4705e-33 7.42694e-34 3.75104e-34 1.89448e-34 9.56815e-35 4.83241e-35 2.4406e-35 1.23262e-35 6.22526e-36 3.14402e-36 1.58785e-36 8.01925e-37 4.05e-37 2.04538e-37 1.03298e-37 5.21684e-38 2.63464e-38 1.33056e-38
2.57505e-07 1.54417e-09 7.80289e-10 3.94286e-10 1.99234e-10 1.00673e-10 5.087e-11 2.57043e-11 1.29881e-11 6.56273e-12 3.31604e-12 1.67553e-12 8.46606e-13 4.27767e-13 2.16138e-13 1.09207e-13 5.51784e-14 2.78794e-14 1.40863e-14 7.11714e-15 3.59593e-15 1.81683e-15 9.17944e-16 4.63782e-16 2.3432e-16 1.18386e-16 5.98125e-17 3.02189e-17 1.52673e-17 7.71338e-18 3.89694e-18 1.96879e-18 9.94659e-19 5.0251e-19 2.53871e-19 1.28257e-19 6.47952e-20 3.27343e-20 1.65372e-20 8.35444e-21 4.22056e-21 2.13216e-21 1.07713e-21 5.44144e-22 2.74889e-22 1.38867e-22 7.01513e-23 3.54382e-23 1.79021e-23 9.04347e-24 4.56839e-24 2.30775e-24 1.16577e-24 5.88889e-25 2.97476e-25 1.50269e-25 7.59071e-26 3.83437e-26 1.93688e-26 9.78385e-27 4.94213e-27 2.49642e-27 1.26101e-27 6.36964e-28 3.21744e-28 1.62519e-28 8.20907e-29 4.14651e-29 2.09445e-29 1.05792e-29 5.34362e-30 2.69908e-30 1.3633e-30 6.88602e-31 3.4781e-31 1.75676e-31 8.87323e-32 4.48176e-32 2.26367e-32 1.14334e-32 5.77479e-33 2.91672e-33 1.47316e-33 7.44054e-34 3.758e-34 1.89805e-34 9.58638e-35 4.84173e-35 2.44537e-35 1.23505e-35 6.23772e-36 3.15038e-36 1.59111e-36 8.03587e-37 4.05849e-37 2.04972e-37 1.03519e-37 5.22815e-38 2.64041e-38 1.3335e-38 6.73463e-39
1.2975e-07 7.79996e-10 3.9415e-10 1.99171e-10 1.00644e-10 5.08568e-11 2.56984e-11 1.29855e-11 6.56161e-12 3.31557e-12 1.67534e-12 8.46534e-13 4.27743e-13 2.16132e-13 1.09207e-13 5.518e-14 2.7881e-14 1.40875e-14 7.11794e-15 3.59644e-15 1.81714e-15 9.18124e-16 4.63886e-16 2.34379e-16 1.1842e-16 5.98308e-17 3.0229e-17 1.52729e-17 7.71639e-18 3.89857e-18 1.96967e-18 9.95127e-19 5.02761e-19 2.54005e-19 1.28327e-19 6.48327e-20 3.27542e-20 1.65477e-20 8.35995e-21 4.22346e-21 2.13368e-21 1.07793e-21 5.44561e-22 2.75107e-22 1.3898e-22 7.02105e-23 3.5469e-23 1.79182e-23 9.05182e-24 4.57273e-24 2.31e-24 1.16694e-24 5.89494e-25 2.97789e-25 1.50431e-25 7.59909e-26 3.8387e-26 1.93912e-26 9.79541e-27 4.9481e-27 2.49949e-27 1.26259e-27 6.37781e-28 3.22165e-28 1.62735e-28 8.22022e-29 4.15225e-29 2.0974e-29 1.05944e-29 5.35141e-30 2.70308e-30 1.36536e-30 6.89658e-31 3.48351e-31 1.75954e-31 8.88749e-32 4.48907e-32 2.26742e-32 1.14526e-32 5.78463e-33 2.92176e-33 1.47575e-33 7.45377e-34 3.76477e-34 1.90151e-34 9.60412e-35 4.85081e-35 2.45001e-35 1.23743e-35 6.24986e-36 3.15659e-36 1.59428e-36 8.05209e-37 4.06678e-37 2.05395e-37 1.03736e-37 5.2392e-38 2.64606e-38 1.33638e-38 6.74934e-39 3.40871e-39
6.53781e-08 3.93991e-10 1.99097e-10 1.0061e-10 5.08408e-11 2.5691e-11 1.29822e-11 6.56011e-12 3.31491e-12 1.67505e-12 8.46413e-13 4.27694e-13 2.16113e-13 1.09201e-13 5.51784e-14 2.7881e-14 1.40879e-14 7.11834e-15 3.59674e-15 1.81734e-15 9.18253e-16 4.63964e-16 2.34425e-16 1.18446e-16 5.98459e-17 3.02375e-17 1.52775e-17 7.71896e-18 3.89997e-18 1.97043e-18 9.95541e-19 5.02984e-19 2.54124e-19 1.28391e-19 6.48667e-20 3.27722e-20 1.65572e-20 8.365e-21 4.22612e-21 2.13509e-21 1.07867e-21 5.44948e-22 2.75309e-22 1.39086e-22 7.0266e-23 3.5498e-23 1.79333e-23 9.05968e-24 4.57682e-24 2.31213e-24 1.16804e-24 5.90067e-25 2.98087e-25 1.50585e-25 7.60707e-26 3.84283e-26 1.94126e-26 9.80645e-27 4.9538e-27 2.50244e-27 1.26411e-27 6.38564e-28 3.22568e-28 1.62943e-28 8.23095e-29 4.15777e-29 2.10024e-29 1.0609e-29 5.35893e-30 2.70694e-30 1.36735e-30 6.90678e-31 3.48875e-31 1.76223e-31 8.90129e-32 4.49615e-32 2.27105e-32 1.14713e-32 5.79419e-33 2.92666e-33 1.47825e-33 7.46663e-34 3.77136e-34 1.90488e-34 9.62138e-35 4.85964e-35 2.45453e-35 1.23974e-35 6.2617e-36 3.16265e-36 1.59738e-36 8.06792e-37 4.07487e-37 2.05809e-37 1.03947e-37 5.24999e-38 2.65157e-38 1.3392e-38 6.76372e-39 3.41605e-39 1.72528e-39
3.29425e-08 1.99011e-10 1.00569e-10 5.08218e-11 2.56822e-11 1.29781e-11 6.55823e-12 3.31405e-12 1.67467e-12 8.46245e-13 4.27621e-13 2.16083e-13 1.09189e-13 5.51737e-14 2.78794e-14 1.40875e-14 7.11834e-15 3.59684e-15 1.81745e-15 9.1833e-16 4.64016e-16 2.34458e-16 1.18466e-16 5.98576e-17 3.02442e-17 1.52814e-17 7.72111e-18 3.90117e-18 1.97109e-18 9.959e-19 5.03178e-19 2.54229e-19 1.28448e-19 6.48971e-20 3.27885e-20 1.65659e-20 8.3696e-21 4.22856e-21 2.13637e-21 1.07934e-21 5.45306e-22 2.75497e-22 1.39185e-22 7.03177e-23 3.5525e-23 1.79474e-23 9.06705e-24 4.58066e-24 2.31413e-24 1.16908e-24 5.90609e-25 2.98368e-25 1.50731e-25 7.61464e-26 3.84676e-26 1.94329e-26 9.81697e-27 4.95924e-27 2.50525e-27 1.26556e-27 6.39314e-28 3.22955e-28 1.63143e-28 8.24124e-29 4.16307e-29 2.10297e-29 1.06231e-29 5.36617e-30 2.71067e-30 1.36926e-30 6.91662e-31 3.49381e-31 1.76483e-31 8.91464e-32 4.50301e-32 2.27457e-32 1.14893e-32 5.80344e-33 2.93141e-33 1.48069e-33 7.4791e-34 3.77775e-34 1.90816e-34 9.63816e-35 4.86823e-35 2.45893e-35 1.24199e-35 6.27322e-36 3.16854e-36 1.60039e-36 8.08334e-37 4.08276e-37 2.06212e-37 1.04153e-37 5.26053e-38 2.65695e-38 1.34195e-38 6.77777e-39 3.42323e-39 1.72895e-39 8.73227e-40
1.65989e-08 1.00523e-10 5.08e-11 2.56719e-11 1.29733e-11 6.55599e-12 3.31301e-12 1.67419e-12 8.46028e-13 4.27524e-13 2.1604e-13 1.0917e-13 5.51659e-14 2.78763e-14 1.40863e-14 7.11794e-15 3.59674e-15 1.81745e-15 9.18356e-16 4.64042e-16 2.34477e-16 1.18479e-16 5.98659e-17 3.02493e-17 1.52844e-17 7.72283e-18 3.90214e-18 1.97164e-18 9.96203e-19 5.03346e-19 2.54321e-19 1.28497e-19 6.49239e-20 3.28029e-20 1.65736e-20 8.37373e-21 4.23076e-21 2.13755e-21 1.07996e-21 5.45633e-22 2.7567e-22 1.39276e-22 7.03655e-23 3.55501e-23 1.79606e-23 9.07394e-24 4.58426e-24 2.31601e-24 1.17006e-24 5.91119e-25 2.98634e-25 1.50869e-25 7.62181e-26 3.85048e-26 1.94522e-26 9.82697e-27 4.96442e-27 2.50793e-27 1.26695e-27 6.4003e-28 3.23326e-28 1.63334e-28 8.2511e-29 4.16816e-29 2.10559e-29 1.06366e-29 5.37312e-30 2.71425e-30 1.37111e-30 6.92611e-31 3.49869e-31 1.76734e-31 8.92753e-32 4.50963e-32 2.27797e-32 1.15068e-32 5.81241e-33 2.936e-33 1.48305e-33 7.4912e-34 3.78395e-34 1.91134e-34 9.65445e-35 4.87658e-35 2.46321e-35 1.24418e-35 6.28443e-36 3.17428e-36 1.60333e-36 8.09836e-37 4.09044e-37 2.06605e-37 1.04354e-37 5.2708e-38 2.66221e-38 1.34464e-38 6.79149e-39 3.43024e-39 1.73253e-39 8.75056e-40 4.41966e-40
8.36379e-09 5.07752e-11 2.56601e-11 1.29677e-11 6.55336e-12 3.31179e-12 1.67362e-12 8.45763e-13 4.27403e-13 2.15985e-13 1.09145e-13 5.5155e-14 2.78716e-14 1.40843e-14 7.11714e-15 3.59644e-15 1.81734e-15 9.1833e-16 4.64042e-16 2.34484e-16 1.18486e-16 5.98709e-17 3.02526e-17 1.52865e-17 7.72412e-18 3.9029e-18 1.97207e-18 9.96452e-19 5.03485e-19 2.54398e-19 1.2854e-19 6.49472e-20 3.28155e-20 1.65804e-20 8.37741e-21 4.23273e-21 2.1386e-21 1.08053e-21 5.45932e-22 2.75828e-22 1.39359e-22 7.04096e-23 3.55733e-23 1.79727e-23 9.08034e-24 4.58761e-24 2.31776e-24 1.17098e-24 5.91598e-25 2.98883e-25 1.50999e-25 7.62857e-26 3.85399e-26 1.94704e-26 9.83644e-27 4.96933e-27 2.51047e-27 1.26827e-27 6.40713e-28 3.23679e-28 1.63517e-28 8.26052e-29 4.17302e-29 2.1081e-29 1.06495e-29 5.3798e-30 2.71769e-30 1.37288e-30 6.93524e-31 3.50339e-31 1.76975e-31 8.93996e-32 4.51602e-32 2.28125e-32 1.15236e-32 5.82107e-33 2.94045e-33 1.48533e-33 7.50292e-34 3.78996e-34 1.91442e-34 9.67025e-35 4.88468e-35 2.46736e-35 1.24631e-35 6.29532e-36 3.17986e-36 1.60618e-36 8.11298e-37 4.09792e-37 2.06988e-37 1.0455e-37 5.28082e-38 2.66733e-38 1.34725e-38 6.80488e-39 3.43708e-39 1.73603e-39 8.76842e-40 4.42878e-40 2.23689e-40
4.21431e-09 2.56469e-11 1.29614e-11 6.55037e-12 3.31037e-12 1.67295e-12 8.4545e-13 4.27257e-13 2.15917e-13 1.09114e-13 5.5141e-14 2.78653e-14 1.40815e-14 7.11593e-15 3.59593e-15 1.81714e-15 9.18253e-16 4.64016e-16 2.34477e-16 1.18486e-16 5.98726e-17 3.02543e-17 1.52878e-17 7.72498e-18 3.90344e-18 1.9724e-18 9.96645e-19 5.03596e-19 2.54461e-19 1.28576e-19 6.49669e-20 3.28264e-20 1.65864e-20 8.38063e-21 4.23447e-21 2.13954e-21 1.08103e-21 5.462e-22 2.75971e-22 1.39435e-22 7.04498e-23 3.55946e-23 1.7984e-23 9.08624e-24 4.59072e-24 2.31939e-24 1.17183e-24 5.92044e-25 2.99117e-25 1.51121e-25 7.63493e-26 3.8573e-26 1.94877e-26 9.8454e-27 4.97398e-27 2.51289e-27 1.26952e-27 6.41362e-28 3.24015e-28 1.63691e-28 8.26952e-29 4.17767e-29 2.1105e-29 1.06619e-29 5.3862e-30 2.72099e-30 1.37458e-30 6.944e-31 3.5079e-31 1.77208e-31 8.95193e-32 4.52218e-32 2.28442e-32 1.15399e-32 5.82944e-33 2.94475e-33 1.48754e-33 7.51425e-34 3.79578e-34 1.91741e-34 9.68557e-35 4.89253e-35 2.47138e-35 1.24837e-35 6.3059e-36 3.18527e-36 1.60896e-36 8.1272e-37 4.1052e-37 2.07361e-37 1.04741e-37 5.29058e-38 2.67232e-38 1.34981e-38 6.81794e-39 3.44375e-39 1.73944e-39 8.78586e-40 4.4377e-40 2.24145e-40 1.13213e-40
2.12349e-09 1.29543e-11 6.547e-12 3.30876e-12 1.67219e-12 8.45089e-13 4.27087e-13 2.15838e-13 1.09077e-13 5.51238e-14 2.78574e-14 1.40779e-14 7.11433e-15 3.59523e-15 1.81683e-15 9.18124e-16 4.63964e-16 2.34458e-16 1.18479e-16 5.98709e-17 3.02543e-17 1.52882e-17 7.72541e-18 3.90377e-18 1.97262e-18 9.96783e-19 5.0368e-19 2.5451e-19 1.28604e-19 6.4983e-20 3.28354e-20 1.65914e-20 8.38339e-21 4.23598e-21 2.14036e-21 1.08147e-21 5.46438e-22 2.76099e-22 1.39504e-22 7.04862e-23 3.56139e-23 1.79942e-23 9.09166e-24 4.59358e-24 2.3209e-24 1.17262e-24 5.92459e-25 2.99334e-25 1.51235e-25 7.64088e-26 3.86041e-26 1.95038e-26 9.85383e-27 4.97837e-27 2.51517e-27 1.2707e-27 6.41977e-28 3.24334e-28 1.63856e-28 8.27808e-29 4.1821e-29 2.1128e-29 1.06738e-29 5.39232e-30 2.72415e-30 1.37621e-30 6.95241e-31 3.51224e-31 1.77431e-31 8.96344e-32 4.5281e-32 2.28747e-32 1.15556e-32 5.83751e-33 2.9489e-33 1.48967e-33 7.52521e-34 3.80141e-34 1.92029e-34 9.70039e-35 4.90014e-35 2.47529e-35 1.25038e-35 6.31616e-36 3.19053e-36 1.61165e-36 8.14101e-37 4.11228e-37 2.07723e-37 1.04926e-37 5.30007e-38 2.67718e-38 1.35229e-38 6.83065e-39 3.45026e-39 1.74277e-39 8.80287e-40 4.44639e-40 2.24589e-40 1.1344e-40 5.72988e-41
1.06998e-09 6.54325e-12 3.30697e-12 1.67133e-12 8.4468e-13 4.26893e-13 2.15746e-13 1.09034e-13 5.51035e-14 2.78479e-14 1.40736e-14 7.11232e-15 3.59431e-15 1.81643e-15 9.17944e-16 4.63886e-16 2.34425e-16 1.18466e-16 5.98659e-17 3.02526e-17 1.52878e-17 7.72541e-18 3.90388e-18 1.97273e-18 9.96866e-19 5.03735e-19 2.54546e-19 1.28625e-19 6.49955e-20 3.28426e-20 1.65955e-20 8.38569e-21 4.23726e-21 2.14106e-21 1.08186e-21 5.46647e-22 2.76212e-22 1.39565e-22 7.05188e-23 3.56313e-23 1.80035e-23 9.09658e-24 4.59619e-24 2.32228e-24 1.17335e-24 5.92843e-25 2.99535e-25 1.5134e-25 7.64642e-26 3.86331e-26 1.9519e-26 9.86174e-27 4.9825e-27 2.51732e-27 1.27182e-27 6.42558e-28 3.24635e-28 1.64012e-28 8.2862e-29 4.18631e-29 2.11498e-29 1.06851e-29 5.39816e-30 2.72717e-30 1.37777e-30 6.96046e-31 3.51639e-31 1.77646e-31 8.97448e-32 4.53379e-32 2.2904e-32 1.15707e-32 5.84528e-33 2.9529e-33 1.49173e-33 7.53578e-34 3.80684e-34 1.92309e-34 9.71473e-35 4.9075e-35 2.47906e-35 1.25231e-35 6.3261e-36 3.19564e-36 1.61427e-36 8.15441e-37 4.11914e-37 2.08075e-37 1.05106e-37 5.3093e-38 2.68191e-38 1.35471e-38 6.84304e-39 3.4566e-39 1.74601e-39 8.81945e-40 4.45487e-40 2.25023e-40 1.13662e-40 5.7412e-41 2.89993e-41
5.39135e-10 3.30498e-12 1.67038e-12 8.44223e-13 4.26674e-13 2.15642e-13 1.08985e-13 5.50801e-14 2.78369e-14 1.40684e-14 7.10992e-15 3.5932e-15 1.81591e-15 9.17712e-16 4.63782e-16 2.34379e-16 1.18446e-16 5.98576e-17 3.02493e-17 1.52865e-17 7.72498e-18 3.90377e-18 1.97273e-18 9.96893e-19 5.03763e-19 2.54567e-19 1.28639e-19 6.50045e-20 3.28481e-20 1.65987e-20 8.38753e-21 4.2383e-21 2.14164e-21 1.08218e-21 5.46826e-22 2.7631e-22 1.39618e-22 7.05475e-23 3.56468e-23 1.80118e-23 9.10102e-24 4.59855e-24 2.32353e-24 1.17402e-24 5.93194e-25 2.99721e-25 1.51438e-25 7.65155e-26 3.866e-26 1.95331e-26 9.86912e-27 4.98636e-27 2.51933e-27 1.27287e-27 6.43105e-28 3.2492e-28 1.64161e-28 8.29389e-29 4.1903e-29 2.11705e-29 1.06958e-29 5.40371e-30 2.73005e-30 1.37926e-30 6.96815e-31 3.52037e-31 1.77851e-31 8.98506e-32 4.53925e-32 2.29322e-32 1.15852e-32 5.85275e-33 2.95674e-33 1.49371e-33 7.54596e-34 3.81208e-34 1.92578e-34 9.72857e-35 4.91461e-35 2.48272e-35 1.25419e-35 6.33573e-36 3.20057e-36 1.6168e-36 8.16741e-37 4.12581e-37 2.08416e-37 1.05282e-37 5.31827e-38 2.6865e-38 1.35707e-38 6.85508e-39 3.46276e-39 1.74916e-39 8.8356e-40 4.46313e-40 2.25445e-40 1.13878e-40 5.75225e-41 2.90558e-41 1.46766e-41
2.71657e-10 1.66933e-12 8.43718e-13 4.26432e-13 2.15525e-13 1.08929e-13 5.50536e-14 2.78243e-14 1.40624e-14 7.10711e-15 3.59189e-15 1.8153e-15 9.17428e-16 4.63652e-16 2.3432e-16 1.1842e-16 5.98459e-17 3.02442e-17 1.52844e-17 7.72412e-18 3.90344e-18 1.97262e-18 9.96866e-19 5.03763e-19 2.54574e-19 1.28646e-19 6.50098e-20 3.28517e-20 1.66009e-20 8.38891e-21 4.23912e-21 2.14211e-21 1.08245e-21 5.46975e-22 2.76393e-22 1.39663e-22 7.05725e-23 3.56604e-23 1.80191e-23 9.10496e-24 4.60066e-24 2.32466e-24 1.17462e-24 5.93514e-25 2.9989e-25 1.51527e-25 7.65627e-26 3.86848e-26 1.95462e-26 9.87598e-27 4.98995e-27 2.52121e-27 1.27386e-27 6.43618e-28 3.25188e-28 1.643e-28 8.30115e-29 4.19408e-29 2.11901e-29 1.0706e-29 5.40899e-30 2.73278e-30 1.38067e-30 6.97548e-31 3.52415e-31 1.78047e-31 8.99518e-32 4.54448e-32 2.29591e-32 1.15991e-32 5.85992e-33 2.96044e-33 1.49561e-33 7.55576e-34 3.81712e-34 1.92837e-34 9.74192e-35 4.92147e-35 2.48624e-35 1.256e-35 6.34504e-36 3.20535e-36 1.61926e-36 8.17999e-37 4.13227e-37 2.08747e-37 1.05451e-37 5.32698e-38 2.69096e-38 1.35935e-38 6.86679e-39 3.46876e-39 1.75223e-39 8.85131e-40 4.47117e-40 2.25857e-40 1.14089e-40 5.76302e-41 2.91109e-41 1.47048e-41 7.4278e-42
1.36882e-10 8.43165e-13 4.26165e-13 2.15397e-13 1.08867e-13 5.5024e-14 2.78102e-14 1.40557e-14 7.1039e-15 3.59037e-15 1.81459e-15 9.17093e-16 4.63496e-16 2.34248e-16 1.18386e-16 5.98308e-17 3.02375e-17 1.52814e-17 7.72283e-18 3.9029e-18 1.9724e-18 9.96783e-19 5.03735e-19 2.54567e-19 1.28646e-19 6.50116e-20 3.28535e-20 1.66023e-20 8.38983e-21 4.2397e-21 2.14246e-21 1.08265e-21 5.47095e-22 2.7646e-22 1.39701e-22 7.05936e-23 3.5672e-23 1.80255e-23 9.10841e-24 4.60253e-24 2.32567e-24 1.17516e-24 5.93801e-25 3.00043e-25 1.51609e-25 7.66058e-26 3.87076e-26 1.95582e-26 9.88232e-27 4.99328e-27 2.52296e-27 1.27477e-27 6.44098e-28 3.25438e-28 1.64431e-28 8.30796e-29 4.19763e-29 2.12085e-29 1.07156e-29 5.41398e-30 2.73537e-30 1.38202e-30 6.98244e-31 3.52776e-31 1.78233e-31 9.00484e-32 4.54947e-32 2.29849e-32 1.16124e-32 5.86679e-33 2.96398e-33 1.49744e-33 7.56518e-34 3.82197e-34 1.93087e-34 9.75477e-35 4.92809e-35 2.48965e-35 1.25775e-35 6.35403e-36 3.20997e-36 1.62163e-36 8.19217e-37 4.13852e-37 2.09068e-37 1.05616e-37 5.33542e-38 2.69529e-38 1.36157e-38 6.87816e-39 3.47458e-39 1.75522e-39 8.8666e-40 4.479e-40 2.26257e-40 1.14294e-40 5.77351e-41 2.91646e-41 1.47322e-41 7.44184e-42 3.75915e-42
6.89714e-11 4.25874e-13 2.15256e-13 1.08799e-13 5.49912e-14 2.77944e-14 1.40481e-14 7.1003e-15 3.58865e-15 1.81377e-15 9.16707e-16 4.63314e-16 2.34163e-16 1.18347e-16 5.98125e-17 3.0229e-17 1.52775e-17 7.72111e-18 3.90214e-18 1.97207e-18 9.96645e-19 5.0368e-19 2.54546e-19 1.28639e-19 6.50098e-20 3.28535e-20 1.66028e-20 8.39029e-21 4.24005e-21 2.1427e-21 1.0828e-21 5.47184e-22 2.76513e-22 1.39732e-22 7.06108e-23 3.56816e-23 1.80308e-23 9.11137e-24 4.60414e-24 2.32654e-24 1.17563e-24 5.94057e-25 3.0018e-25 1.51682e-25 7.66449e-26 3.87284e-26 1.95692e-26 9.88813e-27 4.99634e-27 2.52457e-27 1.27562e-27 6.44543e-28 3.25672e-28 1.64553e-28 8.31434e-29 4.20096e-29 2.12259e-29 1.07246e-29 5.41869e-30 2.73782e-30 1.38329e-30 6.98904e-31 3.53118e-31 1.78411e-31 9.01403e-32 4.55422e-32 2.30095e-32 1.16251e-32 5.87336e-33 2.96738e-33 1.49919e-33 7.57421e-34 3.82663e-34 1.93327e-34 9.76713e-35 4.93445e-35 2.49292e-35 1.25944e-35 6.36269e-36 3.21443e-36 1.62392e-36 8.20394e-37 4.14456e-37 2.09379e-37 1.05775e-37 5.34359e-38 2.69948e-38 1.36372e-38 6.88919e-39 3.48024e-39 1.75811e-39 8.88144e-40 4.4866e-40 2.26647e-40 1.14493e-40 5.78372e-41 2.92168e-41 1.4759e-41 7.45552e-42 3.76615e-42 1.90246e-42
3.4753e-11 2.15103e-13 1.08725e-13 5.49554e-14 2.77771e-14 1.40398e-14 7.09629e-15 3.58673e-15 1.81285e-15 9.16269e-16 4.63106e-16 2.34064e-16 1.183e-16 5.97907e-17 3.02189e-17 1.52729e-17 7.71896e-18 3.90117e-18 1.97164e-18 9.96452e-19 5.03596e-19 2.5451e-19 1.28625e-19 6.50045e-20 3.28517e-20 1.66023e-20 8.39029e-21 4.24016e-21 2.14282e-21 1.08289e-21 5.47244e-22 2.76551e-22 1.39754e-22 7.06242e-23 3.56894e-23 1.80352e-23 9.11383e-24 4.60551e-24 2.3273e-24 1.17604e-24 5.94281e-25 3.00302e-25 1.51747e-25 7.66798e-26 3.8747e-26 1.95791e-26 9.89341e-27 4.99914e-27 2.52605e-27 1.2764e-27 6.44954e-28 3.25888e-28 1.64666e-28 8.32029e-29 4.20407e-29 2.12422e-29 1.07331e-29 5.42311e-30 2.74012e-30 1.38449e-30 6.99528e-31 3.53442e-31 1.78579e-31 9.02275e-32 4.55874e-32 2.30329e-32 1.16373e-32 5.87963e-33 2.97062e-33 1.50086e-33 7.58285e-34 3.83109e-34 1.93557e-34 9.779e-35 4.94057e-35 2.49607e-35 1.26106e-35 6.37104e-36 3.21872e-36 1.62613e-36 8.2153e-37 4.1504e-37 2.09679e-37 1.05929e-37 5.3515e-38 2.70354e-38 1.3658e-38 6.89988e-39 3.48572e-39 1.76093e-39 8.89585e-40 4.49399e-40 2.27025e-40 1.14687e-40 5.79364e-41 2.92676e-41 1.4785e-41 7.46883e-42 3.77296e-42 1.90594e-42 9.62797e-43
1.75112e-11 1.08645e-13 5.49164e-14 2.77582e-14 1.40307e-14 7.09188e-15 3.58461e-15 1.81183e-15 9.1578e-16 4.62872e-16 2.33953e-16 1.18247e-16 5.97657e-17 3.02071e-17 1.52673e-17 7.71639e-18 3.89997e-18 1.97109e-18 9.96203e-19 5.03485e-19 2.54461e-19 1.28604e-19 6.49955e-20 3.28481e-20 1.66009e-20 8.38983e-21 4.24005e-21 2.14282e-21 1.08292e-21 5.47274e-22 2.76573e-22 1.3977e-22 7.06338e-23 3.56952e-23 1.80386e-23 9.11581e-24 4.60663e-24 2.32793e-24 1.17639e-24 5.94473e-25 3.00406e-25 1.51804e-25 7.67106e-26 3.87636e-26 1.9588e-26 9.89816e-27 5.00168e-27 2.5274e-27 1.27711e-27 6.45331e-28 3.26086e-28 1.64771e-28 8.32579e-29 4.20696e-29 2.12573e-29 1.0741e-29 5.42725e-30 2.74228e-30 1.38561e-30 7.00115e-31 3.53748e-31 1.78738e-31 9.031e-32 4.56303e-32 2.30551e-32 1.16488e-32 5.88559e-33 2.9737e-33 1.50246e-33 7.59111e-34 3.83535e-34 1.93777e-34 9.79036e-35 4.94643e-35 2.49909e-35 1.26262e-35 6.37907e-36 3.22286e-36 1.62825e-36 8.22624e-37 4.15603e-37 2.09968e-37 1.06078e-37 5.35914e-38 2.70747e-38 1.36782e-38 6.91022e-39 3.49103e-39 1.76365e-39 8.90982e-40 4.50115e-40 2.27392e-40 1.14875e-40 5.80329e-41 2.9317e-41 1.48103e-41 7.48179e-42 3.77959e-42 1.90934e-42 9.64534e-43 4.87249e-43
8.82348e-12 5.48744e-14 2.77378e-14 1.40208e-14 7.08708e-15 3.58228e-15 1.81071e-15 9.1524e-16 4.62613e-16 2.33828e-16 1.18188e-16 5.97373e-17 3.01936e-17 1.5261e-17 7.71338e-18 3.89857e-18 1.97043e-18 9.959e-19 5.03346e-19 2.54398e-19 1.28576e-19 6.4983e-20 3.28426e-20 1.65987e-20 8.38891e-21 4.2397e-21 2.1427e-21 1.08289e-21 5.47274e-22 2.76581e-22 1.39777e-22 7.06396e-23 3.56991e-23 1.80411e-23 9.11729e-24 4.6075e-24 2.32843e-24 1.17668e-24 5.94633e-25 3.00495e-25 1.51853e-25 7.67374e-26 3.87782e-26 1.95959e-26 9.90239e-27 5.00394e-27 2.52861e-27 1.27776e-27 6.45674e-28 3.26268e-28 1.64867e-28 8.33086e-29 4.20962e-29 2.12713e-29 1.07484e-29 5.43111e-30 2.7443e-30 1.38667e-30 7.00666e-31 3.54035e-31 1.78887e-31 9.03879e-32 4.56708e-32 2.30762e-32 1.16597e-32 5.89125e-33 2.97664e-33 1.50398e-33 7.59897e-34 3.83942e-34 1.93988e-34 9.80123e-35 4.95204e-35 2.50199e-35 1.26411e-35 6.38677e-36 3.22683e-36 1.6303e-36 8.23677e-37 4.16145e-37 2.10247e-37 1.06221e-37 5.36652e-38 2.71126e-38 1.36977e-38 6.92023e-39 3.49616e-39 1.76629e-39 8.92335e-40 4.50809e-40 2.27748e-40 1.15058e-40 5.81265e-41 2.9365e-41 1.48349e-41 7.49438e-42 3.78604e-42 1.91264e-42 9.66224e-43 4.88114e-43 2.46582e-43
4.44594e-12 2.77158e-14 1.40101e-14 7.08188e-15 3.57976e-15 1.80949e-15 9.14648e-16 4.62327e-16 2.33691e-16 1.18122e-16 5.97056e-17 3.01785e-17 1.52537e-17 7.70995e-18 3.89694e-18 1.96967e-18 9.95541e-19 5.03178e-19 2.54321e-19 1.2854e-19 6.49669e-20 3.28354e-20 1.65955e-20 8.38753e-21 4.23912e-21 2.14246e-21 1.0828e-21 5.47244e-22 2.76573e-22 1.39777e-22 7.06415e-23 3.5701e-23 1.80426e-23 9.11827e-24 4.60813e-24 2.32881e-24 1.1769e-24 5.94761e-25 3.00568e-25 1.51894e-25 7.676e-26 3.87906e-26 1.96027e-26 9.90609e-27 5.00594e-27 2.52969e-27 1.27834e-27 6.45982e-28 3.26432e-28 1.64954e-28 8.33549e-29 4.21207e-29 2.12842e-29 1.07552e-29 5.43468e-30 2.74618e-30 1.38765e-30 7.0118e-31 3.54304e-31 1.79028e-31 9.04611e-32 4.57089e-32 2.3096e-32 1.167e-32 5.89661e-33 2.97942e-33 1.50542e-33 7.60645e-34 3.84329e-34 1.94188e-34 9.8116e-35 4.9574e-35 2.50476e-35 1.26554e-35 6.39415e-36 3.23063e-36 1.63226e-36 8.24689e-37 4.16666e-37 2.10515e-37 1.0636e-37 5.37362e-38 2.71491e-38 1.37165e-38 6.92989e-39 3.50113e-39 1.76884e-39 8.93644e-40 4.51481e-40 2.28093e-40 1.15235e-40 5.82172e-41 2.94115e-41 1.48587e-41 7.5066e-42 3.7923e-42 1.91585e-42 9.67867e-43 4.88955e-43 2.47013e-43 1.24787e-43
2.2402e-12 1.39986e-14 7.07627e-15 3.57703e-15 1.80816e-15 9.14005e-16 4.62015e-16 2.3354e-16 1.18049e-16 5.96705e-17 3.01616e-17 1.52456e-17 7.70609e-18 3.8951e-18 1.96879e-18 9.95127e-19 5.02984e-19 2.54229e-19 1.28497e-19 6.49472e-20 3.28264e-20 1.65914e-20 8.38569e-21 4.2383e-21 2.14211e-21 1.08265e-21 5.47184e-22 2.76551e-22 1.3977e-22 7.06396e-23 3.5701e-23 1.8043e-23 9.11877e-24 4.6085e-24 2.32906e-24 1.17706e-24 5.94857e-25 3.00624e-25 1.51926e-25 7.67785e-26 3.8801e-26 1.96085e-26 9.90926e-27 5.00768e-27 2.53063e-27 1.27885e-27 6.46256e-28 3.2658e-28 1.65033e-28 8.33967e-29 4.2143e-29 2.1296e-29 1.07614e-29 5.43797e-30 2.74791e-30 1.38856e-30 7.01658e-31 3.54554e-31 1.79159e-31 9.05295e-32 4.57446e-32 2.31147e-32 1.16797e-32 5.90167e-33 2.98205e-33 1.50679e-33 7.61354e-34 3.84697e-34 1.94379e-34 9.82146e-35 4.96251e-35 2.5074e-35 1.2669e-35 6.4012e-36 3.23428e-36 1.63414e-36 8.25659e-37 4.17166e-37 2.10773e-37 1.06492e-37 5.38046e-38 2.71843e-38 1.37346e-38 6.9392e-39 3.50592e-39 1.7713e-39 8.94909e-40 4.52131e-40 2.28427e-40 1.15406e-40 5.83051e-41 2.94566e-41 1.48819e-41 7.51846e-42 3.79838e-42 1.91896e-42 9.69464e-43 4.89773e-43 2.47432e-43 1.25001e-43 6.31498e-44
1.12878e-12 7.07028e-15 3.5741e-15 1.80674e-15 9.13311e-16 4.61678e-16 2.33376e-16 1.1797e-16 5.96322e-17 3.01431e-17 1.52367e-17 7.7018e-18 3.89304e-18 1.96781e-18 9.94659e-19 5.02761e-19 2.54124e-19 1.28448e-19 6.49239e-20 3.28155e-20 1.65864e-20 8.38339e-21 4.23726e-21 2.14164e-21 1.08245e-21 5.47095e-22 2.76513e-22 1.39754e-22 7.06338e-23 3.56991e-23 1.80426e-23 9.11877e-24 4.60862e-24 2.32918e-24 1.17715e-24 5.94921e-25 3.00665e-25 1.51951e-25 7.67929e-26 3.88093e-26 1.96132e-26 9.91191e-27 5.00915e-27 2.53144e-27 1.27929e-27 6.46497e-28 3.26709e-28 1.65103e-28 8.34342e-29 4.2163e-29 2.13067e-29 1.07671e-29 5.44098e-30 2.7495e-30 1.3894e-30 7.02099e-31 3.54786e-31 1.7928e-31 9.05933e-32 4.5778e-32 2.31321e-32 1.16888e-32 5.90642e-33 2.98452e-33 1.50807e-33 7.62024e-34 3.85045e-34 1.94559e-34 9.83083e-35 4.96736e-35 2.50992e-35 1.26821e-35 6.40794e-36 3.23776e-36 1.63594e-36 8.26587e-37 4.17645e-37 2.1102e-37 1.0662e-37 5.38703e-38 2.72182e-38 1.3752e-38 6.94817e-39 3.51053e-39 1.77367e-39 8.9613e-40 4.52758e-40 2.28749e-40 1.15571e-40 5.83901e-41 2.95003e-41 1.49043e-41 7.52995e-42 3.80428e-42 1.92198e-42 9.71013e-43 4.90567e-43 2.47839e-43 1.2521e-43 6.32565e-44 3.19573e-44
