0.502734 0.00107425 0.000959189 0.000856449 0.000764713 0.000682803 0.000609667 0.000544364 0.000486056 0.000433994 0.000387508 0.000346001 0.00030894 0.000275849 0.000246303 0.000219921 0.000196365 0.000175332 0.000156551 0.000139783 0.000124811 0.000111442 9.95051e-05 8.88469e-05 7.93303e-05 7.08331e-05 6.32461e-05 5.64717e-05 5.04229e-05 4.5022e-05 4.01996e-05 3.58937e-05 3.20491e-05 2.86163e-05 2.55511e-05 2.28143e-05 2.03706e-05 1.81887e-05 1.62404e-05 1.45009e-05 1.29477e-05 1.15608e-05 1.03225e-05 9.21686e-06 8.22963e-06 7.34814e-06 6.56106e-06 5.8583e-06 5.2308e-06 4.67052e-06 4.17025e-06 3.72357e-06 3.32473e-06 2.96861e-06 2.65064e-06 2.36672e-06 2.11322e-06 1.88687e-06 1.68476e-06 1.5043e-06 1.34318e-06 1.19931e-06 1.07085e-06 9.56146e-07 8.53731e-07 7.62286e-07 6.80636e-07 6.07732e-07 5.42637e-07 4.84514e-07 4.32617e-07 3.86278e-07 3.44903e-07 3.0796e-07 2.74974e-07 2.45521e-07 2.19223e-07 1.95741e-07 1.74775e-07 1.56055e-07 1.39339e-07 1.24414e-07 1.11088e-07 9.91893e-08 8.8565e-08 7.90786e-08 7.06083e-08 6.30454e-08 5.62924e-08 5.02629e-08 4.48791e-08 4.0072e-08 3.57798e-08 3.19474e-08 2.85254e-08 2.547e-08 2.27419e-08 2.0306e-08 1.8131e-08 1.61889e-08 1.44549e-08
0.00107425 0.000449694 0.000412383 0.000377905 0.000346082 0.00031674 0.000289714 0.000264843 0.000241977 0.00022097 0.000201688 0.000184001 0.000167789 0.000152938 0.000139345 0.000126908 0.000115537 0.000105146 9.56558e-05 8.6992e-05 7.90868e-05 7.18769e-05 6.53043e-05 5.9315e-05 5.38595e-05 4.88922e-05 4.43711e-05 4.02576e-05 3.65162e-05 3.31145e-05 3.00225e-05 2.7213e-05 2.46609e-05 2.23433e-05 2.02393e-05 1.83296e-05 1.65968e-05 1.5025e-05 1.35994e-05 1.23069e-05 1.11352e-05 1.00734e-05 9.11122e-06 8.23962e-06 7.4502e-06 6.73536e-06 6.08818e-06 5.50237e-06 4.97221e-06 4.49248e-06 4.05849e-06 3.66592e-06 3.31088e-06 2.98985e-06 2.6996e-06 2.43723e-06 2.20009e-06 1.98579e-06 1.79216e-06 1.61722e-06 1.4592e-06 1.31648e-06 1.18759e-06 1.0712e-06 9.66127e-07 8.71271e-07 7.85651e-07 7.08377e-07 6.38643e-07 5.7572e-07 5.1895e-07 4.67737e-07 4.2154e-07 3.79874e-07 3.42297e-07 3.08412e-07 2.77858e-07 2.50312e-07 2.25479e-07 2.03093e-07 1.82917e-07 1.64732e-07 1.48345e-07 1.33578e-07 1.20273e-07 1.08285e-07 9.74855e-08 8.77572e-08 7.89945e-08 7.11021e-08 6.39942e-08 5.75932e-08 5.18293e-08 4.66393e-08 4.19665e-08 3.77597e-08 3.39726e-08 3.05635e-08 2.7495e-08 2.47332e-08 2.22476e-08
0.000959189 0.000412383 0.000382449 0.000354307 0.000327904 0.000303179 0.000280067 0.000258498 0.000238398 0.000219694 0.000202311 0.000186176 0.000171216 0.00015736 0.00014454 0.000132688 0.000121743 0.000111642 0.000102329 9.37474e-05 8.58464e-05 7.85766e-05 7.18921e-05 6.57494e-05 6.0108e-05 5.49299e-05 5.01795e-05 4.58237e-05 4.18319e-05 3.81752e-05 3.48271e-05 3.17628e-05 2.89595e-05 2.6396e-05 2.40527e-05 2.19115e-05 1.99556e-05 1.81697e-05 1.65394e-05 1.50518e-05 1.36948e-05 1.24573e-05 1.13291e-05 1.03008e-05 9.36393e-06 8.5105e-06 7.73329e-06 7.02569e-06 6.38163e-06 5.79553e-06 5.2623e-06 4.77729e-06 4.33623e-06 3.93523e-06 3.57072e-06 3.23945e-06 2.93846e-06 2.66501e-06 2.41665e-06 2.19111e-06 1.98634e-06 1.80044e-06 1.63172e-06 1.47861e-06 1.33968e-06 1.21366e-06 1.09934e-06 9.95671e-07 9.01665e-07 8.16436e-07 7.39176e-07 6.6915e-07 6.05688e-07 5.48184e-07 4.96085e-07 4.48889e-07 4.0614e-07 3.67423e-07 3.32364e-07 3.00619e-07 2.7188e-07 2.45864e-07 2.22317e-07 2.01005e-07 1.8172e-07 1.64271e-07 1.48483e-07 1.34201e-07 1.21282e-07 1.09598e-07 9.90306e-08 8.9475e-08 8.08347e-08 7.3023e-08 6.5961e-08 5.95773e-08 5.38073e-08 4.85924e-08 4.38797e-08 3.96211e-08 3.57732e-08
0.000856449 0.000377905 0.000354307 0.000331671 0.000310036 0.000289425 0.000269847 0.0002513 0.000233771 0.00021724 0.000201682 0.000187066 0.000173358 0.000160523 0.000148522 0.000137316 0.000126866 0.000117132 0.000108075 9.96575e-05 9.18416e-05 8.4591e-05 7.78708e-05 7.16474e-05 6.58887e-05 6.05638e-05 5.56437e-05 5.11006e-05 4.69085e-05 4.30425e-05 3.94795e-05 3.61975e-05 3.3176e-05 3.03959e-05 2.78391e-05 2.54887e-05 2.33292e-05 2.13459e-05 1.95253e-05 1.78546e-05 1.63221e-05 1.4917e-05 1.36292e-05 1.24492e-05 1.13685e-05 1.03789e-05 9.4732e-06 8.64445e-06 7.88638e-06 7.19316e-06 6.55942e-06 5.98023e-06 5.45103e-06 4.96764e-06 4.52622e-06 4.1232e-06 3.75536e-06 3.41969e-06 3.11345e-06 2.83413e-06 2.57942e-06 2.34719e-06 2.13552e-06 1.94261e-06 1.76685e-06 1.60673e-06 1.4609e-06 1.3281e-06 1.2072e-06 1.09714e-06 9.96972e-07 9.05823e-07 8.22894e-07 7.47456e-07 6.78843e-07 6.16448e-07 5.59717e-07 5.08142e-07 4.61263e-07 4.18658e-07 3.79943e-07 3.44767e-07 3.12812e-07 2.83786e-07 2.57425e-07 2.33487e-07 2.11752e-07 1.9202e-07 1.74108e-07 1.57851e-07 1.43098e-07 1.2971e-07 1.17563e-07 1.06544e-07 9.65479e-08 8.74815e-08 7.92592e-08 7.18032e-08 6.50427e-08 5.89134e-08 5.33571e-08
0.000764713 0.000346082 0.000327904 0.000310036 0.000292582 0.000275625 0.000259226 0.000243434 0.000228282 0.00021379 0.000199971 0.000186828 0.000174358 0.000162554 0.000151401 0.000140884 0.000130983 0.000121677 0.000112944 0.000104759 9.70972e-05 8.99348e-05 8.32464e-05 7.70073e-05 7.11933e-05 6.57805e-05 6.07458e-05 5.60668e-05 5.17219e-05 4.76903e-05 4.39523e-05 4.04888e-05 3.72818e-05 3.43143e-05 3.15701e-05 2.90338e-05 2.6691e-05 2.45282e-05 2.25325e-05 2.0692e-05 1.89953e-05 1.74321e-05 1.59924e-05 1.4667e-05 1.34475e-05 1.23257e-05 1.12943e-05 1.03463e-05 9.47532e-06 8.67537e-06 7.94092e-06 7.26682e-06 6.64832e-06 6.08102e-06 5.56082e-06 5.08397e-06 4.64698e-06 4.24663e-06 3.87994e-06 3.54418e-06 3.23682e-06 2.95553e-06 2.69816e-06 2.46273e-06 2.24743e-06 2.05057e-06 1.87062e-06 1.70617e-06 1.5559e-06 1.41863e-06 1.29326e-06 1.17877e-06 1.07425e-06 9.78844e-07 8.91775e-07 8.12328e-07 7.39849e-07 6.73739e-07 6.13449e-07 5.58476e-07 5.08359e-07 4.62677e-07 4.21043e-07 3.83106e-07 3.48542e-07 3.17057e-07 2.88379e-07 2.62264e-07 2.38484e-07 2.16835e-07 1.97128e-07 1.79191e-07 1.62868e-07 1.48016e-07 1.34503e-07 1.2221e-07 1.11029e-07 1.0086e-07 9.16134e-08 8.32057e-08 7.5562e-08
0.000682803 0.00031674 0.000303179 0.000289425 0.000275625 0.0002619 0.000248351 0.000235061 0.000222096 0.000209507 0.000197334 0.000185608 0.000174349 0.000163572 0.000153282 0.000143483 0.000134172 0.000125342 0.000116985 0.00010909 0.000101642 9.46269e-05 8.80294e-05 8.18325e-05 7.60191e-05 7.05719e-05 6.54733e-05 6.07061e-05 5.6253e-05 5.20972e-05 4.82223e-05 4.46123e-05 4.12518e-05 3.8126e-05 3.52205e-05 3.25217e-05 3.00166e-05 2.76927e-05 2.55383e-05 2.35422e-05 2.16937e-05 1.99829e-05 1.84003e-05 1.69372e-05 1.5585e-05 1.43361e-05 1.31829e-05 1.21188e-05 1.11371e-05 1.02319e-05 9.3975e-06 8.62873e-06 7.92067e-06 7.26876e-06 6.66875e-06 6.1167e-06 5.60895e-06 5.14208e-06 4.71296e-06 4.31863e-06 3.9564e-06 3.62373e-06 3.31832e-06 3.03799e-06 2.78076e-06 2.54479e-06 2.32838e-06 2.12995e-06 1.94805e-06 1.78136e-06 1.62862e-06 1.48871e-06 1.36057e-06 1.24325e-06 1.13585e-06 1.03755e-06 9.47597e-07 8.65305e-07 7.90032e-07 7.21195e-07 6.58253e-07 6.00714e-07 5.48122e-07 5.00061e-07 4.56148e-07 4.16033e-07 3.79392e-07 3.45931e-07 3.15378e-07 2.87486e-07 2.62025e-07 2.38789e-07 2.17586e-07 1.98241e-07 1.80593e-07 1.64496e-07 1.49817e-07 1.36431e-07 1.24226e-07 1.13101e-07 1.0296e-07
0.000609667 0.000289714 0.000280067 0.000269847 0.000259226 0.000248351 0.000237347 0.00022632 0.000215358 0.000204535 0.000193913 0.000183539 0.000173454 0.000163689 0.000154265 0.000145201 0.000136507 0.000128189 0.000120251 0.000112691 0.000105506 9.86901e-05 9.22347e-05 8.61308e-05 8.03678e-05 7.49343e-05 6.98181e-05 6.50066e-05 6.04868e-05 5.62458e-05 5.22703e-05 4.85475e-05 4.50645e-05 4.18087e-05 3.87678e-05 3.593e-05 3.32837e-05 3.08178e-05 2.85215e-05 2.63847e-05 2.43976e-05 2.25507e-05 2.08353e-05 1.92429e-05 1.77655e-05 1.63954e-05 1.51256e-05 1.39493e-05 1.28602e-05 1.18521e-05 1.09196e-05 1.00573e-05 9.26025e-06 8.52385e-06 7.84374e-06 7.21585e-06 6.63639e-06 6.10181e-06 5.60882e-06 5.15433e-06 4.73548e-06 4.34959e-06 3.99419e-06 3.66696e-06 3.36576e-06 3.0886e-06 2.83364e-06 2.59916e-06 2.38358e-06 2.18542e-06 2.00333e-06 1.83604e-06 1.68239e-06 1.54131e-06 1.41178e-06 1.2929e-06 1.18382e-06 1.08374e-06 9.91953e-07 9.0778e-07 8.30609e-07 7.59871e-07 6.95044e-07 6.35644e-07 5.81229e-07 5.31389e-07 4.85748e-07 4.4396e-07 4.05707e-07 3.70696e-07 3.38657e-07 3.09343e-07 2.82528e-07 2.58001e-07 2.35571e-07 2.15063e-07 1.96314e-07 1.79177e-07 1.63515e-07 1.49203e-07 1.36127e-07
0.000544364 0.000264843 0.000258498 0.0002513 0.000243434 0.000235061 0.00022632 0.00021733 0.000208196 0.000199005 0.000189833 0.000180743 0.000171787 0.000163009 0.000154444 0.00014612 0.00013806 0.000130281 0.000122794 0.000115607 0.000108725 0.00010215 9.58804e-05 8.99137e-05 8.4245e-05 7.88684e-05 7.37764e-05 6.89608e-05 6.44127e-05 6.01228e-05 5.6081e-05 5.22773e-05 4.87014e-05 4.53432e-05 4.21923e-05 3.92387e-05 3.64723e-05 3.38834e-05 3.14626e-05 2.92007e-05 2.70887e-05 2.51181e-05 2.32806e-05 2.15684e-05 1.99738e-05 1.84897e-05 1.71091e-05 1.58257e-05 1.46331e-05 1.35256e-05 1.24975e-05 1.15436e-05 1.0659e-05 9.83898e-06 9.0792e-06 8.37551e-06 7.72404e-06 7.12115e-06 6.56344e-06 6.04771e-06 5.57098e-06 5.13046e-06 4.72354e-06 4.34777e-06 4.0009e-06 3.6808e-06 3.38549e-06 3.11315e-06 2.86205e-06 2.63061e-06 2.41735e-06 2.22089e-06 2.03997e-06 1.87339e-06 1.72007e-06 1.57897e-06 1.44916e-06 1.32976e-06 1.21997e-06 1.11904e-06 1.02626e-06 9.41008e-07 8.62684e-07 7.9074e-07 7.24672e-07 6.64012e-07 6.08327e-07 5.57222e-07 5.10327e-07 4.67305e-07 4.27843e-07 3.91654e-07 3.58471e-07 3.28051e-07 3.00168e-07 2.74615e-07 2.51202e-07 2.29753e-07 2.10106e-07 1.92113e-07 1.75637e-07
0.000486056 0.000241977 0.000238398 0.000233771 0.000228282 0.000222096 0.000215358 0.000208196 0.000200721 0.000193031 0.000185209 0.000177328 0.00016945 0.000161628 0.000153905 0.00014632 0.000138902 0.000131677 0.000124664 0.000117879 0.000111333 0.000105034 9.89874e-05 9.31959e-05 8.766e-05 8.23783e-05 7.73479e-05 7.25647e-05 6.80235e-05 6.37182e-05 5.9642e-05 5.57877e-05 5.21474e-05 4.87132e-05 4.54768e-05 4.243e-05 3.95645e-05 3.68719e-05 3.4344e-05 3.19727e-05 2.97501e-05 2.76684e-05 2.57202e-05 2.38982e-05 2.21954e-05 2.0605e-05 1.91205e-05 1.77357e-05 1.64446e-05 1.52417e-05 1.41214e-05 1.30787e-05 1.21086e-05 1.12066e-05 1.03682e-05 9.58945e-06 8.86628e-06 8.19506e-06 7.57232e-06 6.9948e-06 6.45942e-06 5.96331e-06 5.50375e-06 5.07821e-06 4.6843e-06 4.31982e-06 3.98266e-06 3.6709e-06 3.3827e-06 3.11637e-06 2.87032e-06 2.64309e-06 2.43328e-06 2.23963e-06 2.06094e-06 1.89609e-06 1.74406e-06 1.60388e-06 1.47467e-06 1.3556e-06 1.24589e-06 1.14484e-06 1.05179e-06 9.66117e-07 8.87259e-07 8.1469e-07 7.47923e-07 6.86508e-07 6.30026e-07 5.78094e-07 5.30353e-07 4.86475e-07 4.46154e-07 4.0911e-07 3.75083e-07 3.43833e-07 3.15138e-07 2.88794e-07 2.64614e-07 2.42422e-07 2.2206e-07
0.000433994 0.00022097 0.000219694 0.00021724 0.00021379 0.000209507 0.000204535 0.000199005 0.000193031 0.000186714 0.000180143 0.000173395 0.00016654 0.000159635 0.000152732 0.000145875 0.000139099 0.000132437 0.000125914 0.000119551 0.000113366 0.000107372 0.000101579 9.59948e-05 9.06246e-05 8.54713e-05 8.05358e-05 7.58177e-05 7.13153e-05 6.70256e-05 6.29446e-05 5.90678e-05 5.53898e-05 5.19049e-05 4.86067e-05 4.54889e-05 4.25446e-05 3.97671e-05 3.71494e-05 3.46847e-05 3.23659e-05 3.01864e-05 2.81394e-05 2.62183e-05 2.44166e-05 2.27283e-05 2.11472e-05 1.96675e-05 1.82836e-05 1.699e-05 1.57816e-05 1.46535e-05 1.36007e-05 1.2619e-05 1.17038e-05 1.08512e-05 1.00572e-05 9.31822e-06 8.63068e-06 7.9913e-06 7.39697e-06 6.84474e-06 6.33184e-06 5.85566e-06 5.41373e-06 5.00375e-06 4.62355e-06 4.27108e-06 3.94445e-06 3.64185e-06 3.36161e-06 3.10217e-06 2.86205e-06 2.63989e-06 2.4344e-06 2.24439e-06 2.06875e-06 1.90642e-06 1.75645e-06 1.61794e-06 1.49003e-06 1.37195e-06 1.26297e-06 1.16242e-06 1.06966e-06 9.84113e-07 9.05237e-07 8.32527e-07 7.65516e-07 7.03772e-07 6.46893e-07 5.94507e-07 5.46269e-07 5.01859e-07 4.60983e-07 4.23366e-07 3.88756e-07 3.56918e-07 3.27636e-07 3.00709e-07 2.75953e-07
0.000387508 0.000201688 0.000202311 0.000201682 0.000199971 0.000197334 0.000193913 0.000189833 0.000185209 0.000180143 0.000174724 0.000169033 0.000163142 0.000157114 0.000151002 0.000144855 0.000138715 0.000132618 0.000126593 0.000120667 0.000114861 0.000109194 0.00010368 9.83297e-05 9.31534e-05 8.81573e-05 8.33459e-05 7.87221e-05 7.42872e-05 7.00411e-05 6.59827e-05 6.21096e-05 5.8419e-05 5.49072e-05 5.15697e-05 4.8402e-05 4.53989e-05 4.2555e-05 3.98647e-05 3.73224e-05 3.4922e-05 3.26579e-05 3.05242e-05 2.85149e-05 2.66244e-05 2.48471e-05 2.31773e-05 2.16098e-05 2.01391e-05 1.87604e-05 1.74686e-05 1.6259e-05 1.5127e-05 1.40683e-05 1.30787e-05 1.21541e-05 1.12908e-05 1.04851e-05 9.73346e-06 9.03265e-06 8.37951e-06 7.77108e-06 7.20453e-06 6.67722e-06 6.18663e-06 5.73037e-06 5.30622e-06 4.91207e-06 4.54592e-06 4.20592e-06 3.8903e-06 3.59742e-06 3.32574e-06 3.07379e-06 2.84023e-06 2.62378e-06 2.42324e-06 2.2375e-06 2.06553e-06 1.90634e-06 1.75903e-06 1.62275e-06 1.4967e-06 1.38016e-06 1.27242e-06 1.17286e-06 1.08087e-06 9.95898e-07 9.17428e-07 8.44979e-07 7.78105e-07 7.16392e-07 6.59452e-07 6.06929e-07 5.58491e-07 5.13829e-07 4.72657e-07 4.34711e-07 3.99745e-07 3.67531e-07 3.37858e-07
0.000346001 0.000184001 0.000186176 0.000187066 0.000186828 0.000185608 0.000183539 0.000180743 0.000177328 0.000173395 0.000169033 0.000164323 0.000159337 0.000154138 0.000148785 0.000143328 0.000137811 0.000132274 0.00012675 0.000121269 0.000115855 0.000110532 0.000105315 0.000100222 9.52627e-05 9.04484e-05 8.57864e-05 8.12825e-05 7.69408e-05 7.27637e-05 6.87526e-05 6.49075e-05 6.12276e-05 5.77112e-05 5.43559e-05 5.11585e-05 4.81156e-05 4.52233e-05 4.24772e-05 3.98728e-05 3.74054e-05 3.50701e-05 3.28618e-05 3.07757e-05 2.88065e-05 2.69494e-05 2.51994e-05 2.35514e-05 2.20008e-05 2.05428e-05 1.91728e-05 1.78863e-05 1.66791e-05 1.55469e-05 1.44856e-05 1.34915e-05 1.25608e-05 1.16899e-05 1.08754e-05 1.0114e-05 9.40268e-06 8.73837e-06 8.11828e-06 7.53973e-06 7.00017e-06 6.49719e-06 6.0285e-06 5.59195e-06 5.18548e-06 4.80718e-06 4.45521e-06 4.12788e-06 3.82356e-06 3.54073e-06 3.27797e-06 3.03393e-06 2.80735e-06 2.59705e-06 2.40193e-06 2.22094e-06 2.0531e-06 1.89751e-06 1.75332e-06 1.61973e-06 1.49598e-06 1.3814e-06 1.27532e-06 1.17714e-06 1.0863e-06 1.00227e-06 9.24559e-07 8.52705e-07 7.86284e-07 7.249e-07 6.68185e-07 6.15793e-07 5.67408e-07 5.22731e-07 4.81488e-07 4.43422e-07 4.08296e-07
0.00030894 0.000167789 0.000171216 0.000173358 0.000174358 0.000174349 0.000173454 0.000171787 0.00016945 0.00016654 0.000163142 0.000159337 0.000155194 0.000150778 0.000146147 0.000141354 0.000136443 0.000131457 0.000126432 0.000121398 0.000116385 0.000111417 0.000106513 0.000101693 9.69704e-05 9.23586e-05 8.78677e-05 8.35061e-05 7.92801e-05 7.51947e-05 7.12533e-05 6.74583e-05 6.38106e-05 6.03104e-05 5.69572e-05 5.37494e-05 5.0685e-05 4.77614e-05 4.49758e-05 4.23247e-05 3.98044e-05 3.74111e-05 3.51407e-05 3.2989e-05 3.09516e-05 2.90243e-05 2.72026e-05 2.54822e-05 2.38586e-05 2.23277e-05 2.08852e-05 1.95269e-05 1.82488e-05 1.70469e-05 1.59174e-05 1.48566e-05 1.38609e-05 1.29269e-05 1.20511e-05 1.12305e-05 1.04619e-05 9.74248e-06 9.06931e-06 8.43976e-06 7.85128e-06 7.30144e-06 6.78793e-06 6.30855e-06 5.86122e-06 5.44397e-06 5.05492e-06 4.69232e-06 4.3545e-06 4.03986e-06 3.74694e-06 3.47433e-06 3.2207e-06 2.98482e-06 2.76551e-06 2.56167e-06 2.37228e-06 2.19636e-06 2.03301e-06 1.88137e-06 1.74064e-06 1.61008e-06 1.48898e-06 1.37669e-06 1.2726e-06 1.17613e-06 1.08675e-06 1.00395e-06 9.27281e-07 8.56295e-07 7.90589e-07 7.29785e-07 6.7353e-07 6.21496e-07 5.73377e-07 5.28888e-07 4.87764e-07
0.000275849 0.000152938 0.00015736 0.000160523 0.000162554 0.000163572 0.000163689 0.000163009 0.000161628 0.000159635 0.000157114 0.000154138 0.000150778 0.000147096 0.00014315 0.000138991 0.000134666 0.000130218 0.000125684 0.000121097 0.000116487 0.000111881 0.0001073 0.000102766 9.82957e-05 9.39034e-05 8.96018e-05 8.54015e-05 8.1311e-05 7.73372e-05 7.34858e-05 6.97606e-05 6.61648e-05 6.27002e-05 5.93677e-05 5.61674e-05 5.30988e-05 5.01605e-05 4.7351e-05 4.46679e-05 4.21088e-05 3.96706e-05 3.73502e-05 3.51442e-05 3.30492e-05 3.10613e-05 2.91768e-05 2.7392e-05 2.5703e-05 2.41059e-05 2.25969e-05 2.11722e-05 1.9828e-05 1.85608e-05 1.73668e-05 1.62426e-05 1.51848e-05 1.41901e-05 1.32552e-05 1.2377e-05 1.15526e-05 1.07791e-05 1.00537e-05 9.3737e-06 8.73668e-06 8.14017e-06 7.58184e-06 7.05949e-06 6.57101e-06 6.11441e-06 5.68778e-06 5.28933e-06 4.91732e-06 4.57015e-06 4.24628e-06 3.94426e-06 3.66272e-06 3.40035e-06 3.15594e-06 2.92834e-06 2.71646e-06 2.51928e-06 2.33583e-06 2.16522e-06 2.00659e-06 1.85914e-06 1.72214e-06 1.59487e-06 1.47667e-06 1.36694e-06 1.26508e-06 1.17057e-06 1.08289e-06 1.00157e-06 9.26172e-07 8.56278e-07 7.91502e-07 7.31485e-07 6.75889e-07 6.24401e-07 5.76728e-07
0.000246303 0.000139345 0.00014454 0.000148522 0.000151401 0.000153282 0.000154265 0.000154444 0.000153905 0.000152732 0.000151002 0.000148785 0.000146147 0.00014315 0.000139848 0.000136292 0.00013253 0.000128603 0.000124549 0.000120403 0.000116196 0.000111955 0.000107704 0.000103466 9.92588e-05 9.50994e-05 9.10021e-05 8.69792e-05 8.30411e-05 7.91965e-05 7.54527e-05 7.18154e-05 6.82893e-05 6.48778e-05 6.15832e-05 5.84073e-05 5.53506e-05 5.24133e-05 4.95948e-05 4.68941e-05 4.43095e-05 4.18392e-05 3.94808e-05 3.72319e-05 3.50896e-05 3.30509e-05 3.11127e-05 2.92718e-05 2.75249e-05 2.58686e-05 2.42994e-05 2.28141e-05 2.14091e-05 2.00811e-05 1.88268e-05 1.76429e-05 1.65262e-05 1.54736e-05 1.4482e-05 1.35483e-05 1.26698e-05 1.18437e-05 1.10672e-05 1.03378e-05 9.65291e-06 9.01021e-06 8.40736e-06 7.84217e-06 7.31253e-06 6.81643e-06 6.35195e-06 5.91725e-06 5.51061e-06 5.13035e-06 4.77492e-06 4.44282e-06 4.13264e-06 3.84303e-06 3.57274e-06 3.32056e-06 3.08536e-06 2.86607e-06 2.66168e-06 2.47125e-06 2.29387e-06 2.1287e-06 1.97496e-06 1.83188e-06 1.69878e-06 1.57499e-06 1.45989e-06 1.35291e-06 1.25349e-06 1.16113e-06 1.07534e-06 9.95692e-07 9.21751e-07 8.53129e-07 7.89458e-07 7.30397e-07 6.75623e-07
0.000219921 0.000126908 0.000132688 0.000137316 0.000140884 0.000143483 0.000145201 0.00014612 0.00014632 0.000145875 0.000144855 0.000143328 0.000141354 0.000138991 0.000136292 0.000133307 0.000130081 0.000126656 0.000123069 0.000119356 0.000115547 0.000111671 0.000107753 0.000103816 9.98804e-05 9.59643e-05 9.20832e-05 8.82509e-05 8.44795e-05 8.07791e-05 7.71585e-05 7.3625e-05 7.01846e-05 6.68421e-05 6.36013e-05 6.04652e-05 5.74357e-05 5.4514e-05 5.17007e-05 4.89959e-05 4.63989e-05 4.39088e-05 4.15242e-05 3.92433e-05 3.70641e-05 3.49843e-05 3.30015e-05 3.11129e-05 2.93159e-05 2.76075e-05 2.59848e-05 2.44448e-05 2.29845e-05 2.16007e-05 2.02906e-05 1.9051e-05 1.78789e-05 1.67716e-05 1.57259e-05 1.47393e-05 1.38088e-05 1.29318e-05 1.21058e-05 1.13281e-05 1.05964e-05 9.90826e-06 9.26148e-06 8.65385e-06 8.08328e-06 7.54776e-06 7.04538e-06 6.57428e-06 6.13273e-06 5.71904e-06 5.33161e-06 4.96892e-06 4.62954e-06 4.31208e-06 4.01524e-06 3.73779e-06 3.47855e-06 3.23642e-06 3.01034e-06 2.79932e-06 2.60242e-06 2.41876e-06 2.2475e-06 2.08786e-06 1.93909e-06 1.8005e-06 1.67142e-06 1.55124e-06 1.43938e-06 1.33529e-06 1.23845e-06 1.14839e-06 1.06465e-06 9.86812e-07 9.14476e-07 8.4727e-07 7.84847e-07
0.000196365 0.000115537 0.000121743 0.000126866 0.000130983 0.000134172 0.000136507 0.00013806 0.000138902 0.000139099 0.000138715 0.000137811 0.000136443 0.000134666 0.00013253 0.000130081 0.000127364 0.000124419 0.000121283 0.00011799 0.000114572 0.000111058 0.000107472 0.00010384 0.000100182 9.65161e-05 9.28604e-05 8.92295e-05 8.56366e-05 8.20931e-05 7.86092e-05 7.51933e-05 7.18527e-05 6.85936e-05 6.5421e-05 6.23389e-05 5.93505e-05 5.64582e-05 5.36635e-05 5.09674e-05 4.83705e-05 4.58725e-05 4.34729e-05 4.11708e-05 3.89649e-05 3.68536e-05 3.48351e-05 3.29073e-05 3.10681e-05 2.93149e-05 2.76454e-05 2.6057e-05 2.45469e-05 2.31126e-05 2.17513e-05 2.04603e-05 1.92368e-05 1.80782e-05 1.69817e-05 1.59447e-05 1.49646e-05 1.40389e-05 1.3165e-05 1.23407e-05 1.15634e-05 1.08309e-05 1.0141e-05 9.49161e-06 8.88059e-06 8.30598e-06 7.76587e-06 7.25843e-06 6.7819e-06 6.3346e-06 5.91492e-06 5.52132e-06 5.15232e-06 4.80654e-06 4.48264e-06 4.17935e-06 3.89548e-06 3.62986e-06 3.38143e-06 3.14915e-06 2.93204e-06 2.72919e-06 2.53972e-06 2.36281e-06 2.19767e-06 2.04357e-06 1.89982e-06 1.76577e-06 1.64079e-06 1.5243e-06 1.41577e-06 1.31467e-06 1.22052e-06 1.13287e-06 1.05128e-06 9.75373e-07 9.04756e-07
0.000175332 0.000105146 0.000111642 0.000117132 0.000121677 0.000125342 0.000128189 0.000130281 0.000131677 0.000132437 0.000132618 0.000132274 0.000131457 0.000130218 0.000128603 0.000126656 0.000124419 0.000121931 0.000119227 0.000116341 0.000113305 0.000110146 0.00010689 0.000103562 0.000100184 9.67736e-05 9.33499e-05 8.99286e-05 8.65236e-05 8.31476e-05 7.98116e-05 7.65253e-05 7.32971e-05 7.01342e-05 6.70426e-05 6.40275e-05 6.10931e-05 5.82428e-05 5.54791e-05 5.2804e-05 5.02188e-05 4.77243e-05 4.53207e-05 4.30078e-05 4.07851e-05 3.86517e-05 3.66065e-05 3.46478e-05 3.27741e-05 3.09835e-05 2.92741e-05 2.76435e-05 2.60897e-05 2.46102e-05 2.32027e-05 2.18647e-05 2.05939e-05 1.93877e-05 1.82437e-05 1.71594e-05 1.61324e-05 1.51603e-05 1.42407e-05 1.33714e-05 1.25501e-05 1.17746e-05 1.10427e-05 1.03524e-05 9.70167e-06 9.08852e-06 8.51109e-06 7.96756e-06 7.4562e-06 6.97531e-06 6.52329e-06 6.0986e-06 5.69975e-06 5.32532e-06 4.97398e-06 4.64442e-06 4.33542e-06 4.04581e-06 3.77447e-06 3.52035e-06 3.28243e-06 3.05977e-06 2.85145e-06 2.65663e-06 2.47447e-06 2.30423e-06 2.14516e-06 1.99659e-06 1.85786e-06 1.72836e-06 1.60751e-06 1.49476e-06 1.38961e-06 1.29157e-06 1.20018e-06 1.11501e-06 1.03567e-06
0.000156551 9.56558e-05 0.000102329 0.000108075 0.000112944 0.000116985 0.000120251 0.000122794 0.000124664 0.000125914 0.000126593 0.00012675 0.000126432 0.000125684 0.000124549 0.000123069 0.000121283 0.000119227 0.000116936 0.000114441 0.000111775 0.000108963 0.000106032 0.000103007 9.99078e-05 9.67556e-05 9.35683e-05 9.03624e-05 8.71527e-05 8.39526e-05 8.07741e-05 7.76276e-05 7.45225e-05 7.14669e-05 6.84678e-05 6.55313e-05 6.26626e-05 5.9866e-05 5.71448e-05 5.4502e-05 5.19396e-05 4.94593e-05 4.70621e-05 4.47485e-05 4.25186e-05 4.03723e-05 3.8309e-05 3.63277e-05 3.44274e-05 3.26067e-05 3.08641e-05 2.91979e-05 2.76062e-05 2.60871e-05 2.46385e-05 2.32584e-05 2.19445e-05 2.06947e-05 1.95067e-05 1.83783e-05 1.73073e-05 1.62914e-05 1.53285e-05 1.44163e-05 1.35528e-05 1.27358e-05 1.19632e-05 1.12332e-05 1.05436e-05 9.8927e-06 9.27856e-06 8.69941e-06 8.15354e-06 7.63927e-06 7.15502e-06 6.69923e-06 6.27043e-06 5.86719e-06 5.48816e-06 5.13202e-06 4.79755e-06 4.48353e-06 4.18884e-06 3.91239e-06 3.65315e-06 3.41014e-06 3.18243e-06 2.96912e-06 2.76938e-06 2.5824e-06 2.40742e-06 2.24374e-06 2.09067e-06 1.94756e-06 1.81381e-06 1.68885e-06 1.57213e-06 1.46313e-06 1.36139e-06 1.26644e-06 1.17785e-06
0.000139783 8.6992e-05 9.37474e-05 9.96575e-05 0.000104759 0.00010909 0.000112691 0.000115607 0.000117879 0.000119551 0.000120667 0.000121269 0.000121398 0.000121097 0.000120403 0.000119356 0.00011799 0.000116341 0.000114441 0.000112322 0.000110011 0.000107537 0.000104924 0.000102196 9.93751e-05 9.6481e-05 9.35322e-05 9.05456e-05 8.75366e-05 8.4519e-05 8.15055e-05 7.85073e-05 7.55344e-05 7.25958e-05 6.96993e-05 6.68519e-05 6.40594e-05 6.1327e-05 5.8659e-05 5.6059e-05 5.35298e-05 5.10738e-05 4.86928e-05 4.6388e-05 4.41602e-05 4.20098e-05 3.99369e-05 3.79411e-05 3.60219e-05 3.41784e-05 3.24095e-05 3.0714e-05 2.90905e-05 2.75374e-05 2.60529e-05 2.46354e-05 2.3283e-05 2.19937e-05 2.07655e-05 1.95965e-05 1.84846e-05 1.74277e-05 1.6424e-05 1.54712e-05 1.45675e-05 1.37107e-05 1.28991e-05 1.21307e-05 1.14035e-05 1.07158e-05 1.00657e-05 9.45161e-06 8.87175e-06 8.32449e-06 7.80826e-06 7.32154e-06 6.86285e-06 6.43078e-06 6.02396e-06 5.64108e-06 5.28088e-06 4.94217e-06 4.62379e-06 4.32464e-06 4.04366e-06 3.77986e-06 3.53227e-06 3.29999e-06 3.08214e-06 2.8779e-06 2.68649e-06 2.50715e-06 2.33919e-06 2.18194e-06 2.03475e-06 1.89702e-06 1.7682e-06 1.64773e-06 1.53511e-06 1.42986e-06 1.33153e-06
0.000124811 7.90868e-05 8.58464e-05 9.18416e-05 9.70972e-05 0.000101642 0.000105506 0.000108725 0.000111333 0.000113366 0.000114861 0.000115855 0.000116385 0.000116487 0.000116196 0.000115547 0.000114572 0.000113305 0.000111775 0.000110011 0.000108042 0.000105893 0.000103589 0.000101153 9.86062e-05 9.59686e-05 9.32587e-05 9.04934e-05 8.76885e-05 8.48582e-05 8.20156e-05 7.91724e-05 7.63394e-05 7.35261e-05 7.0741e-05 6.79917e-05 6.52848e-05 6.26263e-05 6.0021e-05 5.74734e-05 5.4987e-05 5.25648e-05 5.02093e-05 4.79224e-05 4.57054e-05 4.35595e-05 4.14852e-05 3.94827e-05 3.75521e-05 3.56929e-05 3.39045e-05 3.21862e-05 3.05369e-05 2.89554e-05 2.74405e-05 2.59906e-05 2.46041e-05 2.32796e-05 2.20152e-05 2.08091e-05 1.96596e-05 1.85649e-05 1.7523e-05 1.65321e-05 1.55904e-05 1.46959e-05 1.3847e-05 1.30417e-05 1.22782e-05 1.15549e-05 1.08699e-05 1.02217e-05 9.60854e-06 9.02885e-06 8.48109e-06 7.96376e-06 7.47541e-06 7.01462e-06 6.58004e-06 6.17038e-06 5.78436e-06 5.42078e-06 5.07848e-06 4.75634e-06 4.45331e-06 4.16836e-06 3.90051e-06 3.64884e-06 3.41244e-06 3.19049e-06 2.98216e-06 2.78669e-06 2.60335e-06 2.43145e-06 2.27032e-06 2.11933e-06 1.9779e-06 1.84546e-06 1.72147e-06 1.60543e-06 1.49687e-06
0.000111442 7.18769e-05 7.85766e-05 8.4591e-05 8.99348e-05 9.46269e-05 9.86901e-05 0.00010215 0.000105034 0.000107372 0.000109194 0.000110532 0.000111417 0.000111881 0.000111955 0.000111671 0.000111058 0.000110146 0.000108963 0.000107537 0.000105893 0.000104057 0.000102052 9.98995e-05 9.76215e-05 9.52371e-05 9.27645e-05 9.02209e-05 8.76219e-05 8.4982e-05 8.23146e-05 7.96318e-05 7.69448e-05 7.42636e-05 7.15973e-05 6.89541e-05 6.63411e-05 6.37649e-05 6.12312e-05 5.87447e-05 5.63099e-05 5.39303e-05 5.16089e-05 4.93484e-05 4.71507e-05 4.50173e-05 4.29495e-05 4.0948e-05 3.90132e-05 3.71453e-05 3.53441e-05 3.36093e-05 3.19402e-05 3.03361e-05 2.87959e-05 2.73186e-05 2.59029e-05 2.45475e-05 2.32509e-05 2.20115e-05 2.08279e-05 1.96984e-05 1.86213e-05 1.7595e-05 1.66177e-05 1.56877e-05 1.48034e-05 1.39629e-05 1.31647e-05 1.24071e-05 1.16885e-05 1.10071e-05 1.03616e-05 9.75016e-06 9.17147e-06 8.62401e-06 8.10636e-06 7.61712e-06 7.15497e-06 6.71861e-06 6.30678e-06 5.91827e-06 5.55194e-06 5.20666e-06 4.88134e-06 4.57498e-06 4.28657e-06 4.01517e-06 3.75987e-06 3.51981e-06 3.29416e-06 3.08213e-06 2.88298e-06 2.69597e-06 2.52044e-06 2.35573e-06 2.20123e-06 2.05635e-06 1.92053e-06 1.79325e-06 1.674e-06
9.95051e-05 6.53043e-05 7.18921e-05 7.78708e-05 8.32464e-05 8.80294e-05 9.22347e-05 9.58804e-05 9.89874e-05 0.000101579 0.00010368 0.000105315 0.000106513 0.0001073 0.000107704 0.000107753 0.000107472 0.00010689 0.000106032 0.000104924 0.000103589 0.000102052 0.000100334 9.84566e-05 9.64405e-05 9.43045e-05 9.20665e-05 8.97433e-05 8.73505e-05 8.49027e-05 8.24133e-05 7.98948e-05 7.73585e-05 7.4815e-05 7.22737e-05 6.97432e-05 6.72314e-05 6.47451e-05 6.22905e-05 5.98732e-05 5.7498e-05 5.51691e-05 5.28899e-05 5.06638e-05 4.84931e-05 4.638e-05 4.43261e-05 4.23328e-05 4.0401e-05 3.85312e-05 3.67237e-05 3.49786e-05 3.32957e-05 3.16745e-05 3.01145e-05 2.86148e-05 2.71746e-05 2.57927e-05 2.4468e-05 2.31993e-05 2.19851e-05 2.08242e-05 1.9715e-05 1.86559e-05 1.76456e-05 1.66824e-05 1.57648e-05 1.48912e-05 1.406e-05 1.32696e-05 1.25186e-05 1.18054e-05 1.11284e-05 1.04862e-05 9.8773e-06 9.30033e-06 8.75389e-06 8.23662e-06 7.7472e-06 7.28436e-06 6.84686e-06 6.4335e-06 6.04313e-06 5.67462e-06 5.32691e-06 4.99896e-06 4.68978e-06 4.3984e-06 4.12391e-06 3.86543e-06 3.62212e-06 3.39317e-06 3.17781e-06 2.97532e-06 2.78498e-06 2.60614e-06 2.43814e-06 2.28039e-06 2.13231e-06 1.99335e-06 1.86299e-06
8.88469e-05 5.9315e-05 6.57494e-05 7.16474e-05 7.70073e-05 8.18325e-05 8.61308e-05 8.99137e-05 9.31959e-05 9.59948e-05 9.83297e-05 0.000100222 0.000101693 0.000102766 0.000103466 0.000103816 0.00010384 0.000103562 0.000103007 0.000102196 0.000101153 9.98995e-05 9.84566e-05 9.68444e-05 9.50824e-05 9.31888e-05 9.11811e-05 8.90757e-05 8.6888e-05 8.46325e-05 8.23226e-05 7.99709e-05 7.75889e-05 7.51874e-05 7.27762e-05 7.03641e-05 6.79594e-05 6.55696e-05 6.32011e-05 6.086e-05 5.85517e-05 5.62807e-05 5.40512e-05 5.18668e-05 4.97305e-05 4.76449e-05 4.56121e-05 4.3634e-05 4.17118e-05 3.98466e-05 3.80392e-05 3.62899e-05 3.4599e-05 3.29664e-05 3.13918e-05 2.98747e-05 2.84147e-05 2.70108e-05 2.56623e-05 2.43681e-05 2.31271e-05 2.19381e-05 2.07999e-05 1.97112e-05 1.86705e-05 1.76766e-05 1.6728e-05 1.58232e-05 1.49609e-05 1.41395e-05 1.33576e-05 1.26137e-05 1.19065e-05 1.12345e-05 1.05964e-05 9.99071e-06 9.41613e-06 8.87137e-06 8.35512e-06 7.86615e-06 7.40323e-06 6.96519e-06 6.55089e-06 6.15921e-06 5.78908e-06 5.43947e-06 5.10938e-06 4.79786e-06 4.50397e-06 4.22683e-06 3.96558e-06 3.71942e-06 3.48755e-06 3.26922e-06 3.06372e-06 2.87037e-06 2.6885e-06 2.5175e-06 2.35677e-06 2.20574e-06 2.06386e-06
7.93303e-05 5.38595e-05 6.0108e-05 6.58887e-05 7.11933e-05 7.60191e-05 8.03678e-05 8.4245e-05 8.766e-05 9.06246e-05 9.31534e-05 9.52627e-05 9.69704e-05 9.82957e-05 9.92588e-05 9.98804e-05 0.000100182 0.000100184 9.99078e-05 9.93751e-05 9.86062e-05 9.76215e-05 9.64405e-05 9.50824e-05 9.35654e-05 9.19072e-05 9.01244e-05 8.8233e-05 8.62481e-05 8.4184e-05 8.20538e-05 7.98703e-05 7.76449e-05 7.53885e-05 7.31112e-05 7.08221e-05 6.85298e-05 6.62419e-05 6.39655e-05 6.17069e-05 5.94719e-05 5.72655e-05 5.50924e-05 5.29566e-05 5.08614e-05 4.88101e-05 4.68051e-05 4.48487e-05 4.29427e-05 4.10884e-05 3.92871e-05 3.75395e-05 3.58462e-05 3.42076e-05 3.26236e-05 3.10942e-05 2.96191e-05 2.81978e-05 2.68296e-05 2.55139e-05 2.42498e-05 2.30363e-05 2.18724e-05 2.0757e-05 1.96888e-05 1.86668e-05 1.76895e-05 1.67558e-05 1.58643e-05 1.50136e-05 1.42025e-05 1.34296e-05 1.26935e-05 1.19929e-05 1.13266e-05 1.0693e-05 1.00911e-05 9.51954e-06 8.97704e-06 8.4624e-06 7.97445e-06 7.51202e-06 7.074e-06 6.65929e-06 6.26682e-06 5.89557e-06 5.54455e-06 5.2128e-06 4.89938e-06 4.60341e-06 4.32404e-06 4.06042e-06 3.81178e-06 3.57734e-06 3.35638e-06 3.1482e-06 2.95213e-06 2.76753e-06 2.59379e-06 2.43033e-06 2.27658e-06
7.08331e-05 4.88922e-05 5.49299e-05 6.05638e-05 6.57805e-05 7.05719e-05 7.49343e-05 7.88684e-05 8.23783e-05 8.54713e-05 8.81573e-05 9.04484e-05 9.23586e-05 9.39034e-05 9.50994e-05 9.59643e-05 9.65161e-05 9.67736e-05 9.67556e-05 9.6481e-05 9.59686e-05 9.52371e-05 9.43045e-05 9.31888e-05 9.19072e-05 9.04762e-05 8.8912e-05 8.72299e-05 8.54444e-05 8.35695e-05 8.16183e-05 7.96031e-05 7.75355e-05 7.54264e-05 7.32859e-05 7.11233e-05 6.89474e-05 6.67662e-05 6.45869e-05 6.24162e-05 6.02602e-05 5.81245e-05 5.60138e-05 5.39327e-05 5.18851e-05 4.98743e-05 4.79034e-05 4.59749e-05 4.40911e-05 4.22537e-05 4.04643e-05 3.87241e-05 3.7034e-05 3.53946e-05 3.38064e-05 3.22696e-05 3.0784e-05 2.93497e-05 2.79661e-05 2.6633e-05 2.53495e-05 2.4115e-05 2.29287e-05 2.17897e-05 2.0697e-05 1.96495e-05 1.86462e-05 1.76858e-05 1.67673e-05 1.58893e-05 1.50508e-05 1.42504e-05 1.34868e-05 1.2759e-05 1.20655e-05 1.14052e-05 1.07769e-05 1.01793e-05 9.6112e-06 9.07149e-06 8.55899e-06 8.07259e-06 7.61117e-06 7.17367e-06 6.75904e-06 6.36626e-06 5.99436e-06 5.64238e-06 5.3094e-06 4.99452e-06 4.69688e-06 4.41565e-06 4.15004e-06 3.89927e-06 3.66261e-06 3.43934e-06 3.22878e-06 3.03029e-06 2.84323e-06 2.66701e-06 2.50106e-06
6.32461e-05 4.43711e-05 5.01795e-05 5.56437e-05 6.07458e-05 6.54733e-05 6.98181e-05 7.37764e-05 7.73479e-05 8.05358e-05 8.33459e-05 8.57864e-05 8.78677e-05 8.96018e-05 9.10021e-05 9.20832e-05 9.28604e-05 9.33499e-05 9.35683e-05 9.35322e-05 9.32587e-05 9.27645e-05 9.20665e-05 9.11811e-05 9.01244e-05 8.8912e-05 8.75592e-05 8.60806e-05 8.44903e-05 8.28016e-05 8.10273e-05 7.91797e-05 7.72701e-05 7.53093e-05 7.33075e-05 7.12741e-05 6.92179e-05 6.7147e-05 6.50691e-05 6.2991e-05 6.0919e-05 5.88591e-05 5.68164e-05 5.47957e-05 5.28012e-05 5.08367e-05 4.89056e-05 4.70109e-05 4.5155e-05 4.33402e-05 4.15683e-05 3.9841e-05 3.81593e-05 3.65244e-05 3.49369e-05 3.33973e-05 3.1906e-05 3.0463e-05 2.90683e-05 2.77216e-05 2.64226e-05 2.51708e-05 2.39655e-05 2.28061e-05 2.16918e-05 2.06216e-05 1.95948e-05 1.86102e-05 1.76668e-05 1.67637e-05 1.58995e-05 1.50734e-05 1.4284e-05 1.35303e-05 1.2811e-05 1.21251e-05 1.14714e-05 1.08487e-05 1.02558e-05 9.69173e-06 9.15529e-06 8.64541e-06 8.16102e-06 7.70108e-06 7.26456e-06 6.85047e-06 6.45784e-06 6.08572e-06 5.7332e-06 5.3994e-06 5.08344e-06 4.78451e-06 4.50181e-06 4.23455e-06 3.98199e-06 3.74342e-06 3.51814e-06 3.3055e-06 3.10486e-06 2.9156e-06 2.73715e-06
5.64717e-05 4.02576e-05 4.58237e-05 5.11006e-05 5.60668e-05 6.07061e-05 6.50066e-05 6.89608e-05 7.25647e-05 7.58177e-05 7.87221e-05 8.12825e-05 8.35061e-05 8.54015e-05 8.69792e-05 8.82509e-05 8.92295e-05 8.99286e-05 9.03624e-05 9.05456e-05 9.04934e-05 9.02209e-05 8.97433e-05 8.90757e-05 8.8233e-05 8.72299e-05 8.60806e-05 8.47991e-05 8.33986e-05 8.18922e-05 8.02922e-05 7.86105e-05 7.68581e-05 7.50459e-05 7.31837e-05 7.12812e-05 6.9347e-05 6.73895e-05 6.54163e-05 6.34347e-05 6.1451e-05 5.94715e-05 5.75015e-05 5.55461e-05 5.361e-05 5.16971e-05 4.98112e-05 4.79556e-05 4.6133e-05 4.43461e-05 4.2597e-05 4.08877e-05 3.92196e-05 3.7594e-05 3.60121e-05 3.44745e-05 3.29819e-05 3.15346e-05 3.01328e-05 2.87766e-05 2.74659e-05 2.62002e-05 2.49794e-05 2.38028e-05 2.26699e-05 2.158e-05 2.05322e-05 1.95259e-05 1.85601e-05 1.76338e-05 1.67461e-05 1.5896e-05 1.50825e-05 1.43045e-05 1.35608e-05 1.28506e-05 1.21726e-05 1.15258e-05 1.09091e-05 1.03214e-05 9.76172e-06 9.22898e-06 8.72215e-06 8.24022e-06 7.78218e-06 7.34707e-06 6.93393e-06 6.54185e-06 6.16991e-06 5.81725e-06 5.483e-06 5.16634e-06 4.86647e-06 4.58263e-06 4.31405e-06 4.06002e-06 3.81984e-06 3.59285e-06 3.3784e-06 3.17587e-06 2.98467e-06
5.04229e-05 3.65162e-05 4.18319e-05 4.69085e-05 5.17219e-05 5.6253e-05 6.04868e-05 6.44127e-05 6.80235e-05 7.13153e-05 7.42872e-05 7.69408e-05 7.92801e-05 8.1311e-05 8.30411e-05 8.44795e-05 8.56366e-05 8.65236e-05 8.71527e-05 8.75366e-05 8.76885e-05 8.76219e-05 8.73505e-05 8.6888e-05 8.62481e-05 8.54444e-05 8.44903e-05 8.33986e-05 8.21823e-05 8.08535e-05 7.94242e-05 7.79058e-05 7.63091e-05 7.46447e-05 7.29224e-05 7.11516e-05 6.9341e-05 6.7499e-05 6.56333e-05 6.37513e-05 6.18595e-05 5.99642e-05 5.80711e-05 5.61856e-05 5.43124e-05 5.24559e-05 5.062e-05 4.88084e-05 4.70242e-05 4.52701e-05 4.35488e-05 4.18624e-05 4.02126e-05 3.86012e-05 3.70294e-05 3.54983e-05 3.40088e-05 3.25614e-05 3.11567e-05 2.97949e-05 2.84762e-05 2.72003e-05 2.59673e-05 2.47768e-05 2.36284e-05 2.25215e-05 2.14557e-05 2.04301e-05 1.94442e-05 1.84971e-05 1.75879e-05 1.67158e-05 1.58799e-05 1.50791e-05 1.43126e-05 1.35794e-05 1.28784e-05 1.22086e-05 1.15691e-05 1.09587e-05 1.03766e-05 9.82175e-06 9.29309e-06 8.7897e-06 8.3106e-06 7.85486e-06 7.42154e-06 7.00974e-06 6.61859e-06 6.2472e-06 5.89475e-06 5.56041e-06 5.24339e-06 4.94292e-06 4.65825e-06 4.38867e-06 4.13346e-06 3.89197e-06 3.66354e-06 3.44755e-06 3.24338e-06
4.5022e-05 3.31145e-05 3.81752e-05 4.30425e-05 4.76903e-05 5.20972e-05 5.62458e-05 6.01228e-05 6.37182e-05 6.70256e-05 7.00411e-05 7.27637e-05 7.51947e-05 7.73372e-05 7.91965e-05 8.07791e-05 8.20931e-05 8.31476e-05 8.39526e-05 8.4519e-05 8.48582e-05 8.4982e-05 8.49027e-05 8.46325e-05 8.4184e-05 8.35695e-05 8.28016e-05 8.18922e-05 8.08535e-05 7.9697e-05 7.84342e-05 7.70758e-05 7.56326e-05 7.41146e-05 7.25315e-05 7.08925e-05 6.92064e-05 6.74813e-05 6.57251e-05 6.3945e-05 6.2148e-05 6.03402e-05 5.85277e-05 5.67158e-05 5.49096e-05 5.31138e-05 5.13324e-05 4.95693e-05 4.78279e-05 4.61114e-05 4.44225e-05 4.27635e-05 4.11368e-05 3.9544e-05 3.79868e-05 3.64665e-05 3.49843e-05 3.3541e-05 3.21373e-05 3.07738e-05 2.94506e-05 2.81682e-05 2.69264e-05 2.57251e-05 2.45643e-05 2.34434e-05 2.23622e-05 2.13201e-05 2.03165e-05 1.93508e-05 1.84223e-05 1.75302e-05 1.66737e-05 1.5852e-05 1.50642e-05 1.43094e-05 1.35867e-05 1.28952e-05 1.22339e-05 1.1602e-05 1.09983e-05 1.04221e-05 9.87234e-06 9.34812e-06 8.84851e-06 8.3726e-06 7.9195e-06 7.48833e-06 7.07823e-06 6.68834e-06 6.31785e-06 5.96594e-06 5.63184e-06 5.31478e-06 5.01401e-06 4.72883e-06 4.45853e-06 4.20243e-06 3.95989e-06 3.73028e-06 3.51299e-06
4.01996e-05 3.00225e-05 3.48271e-05 3.94795e-05 4.39523e-05 4.82223e-05 5.22703e-05 5.6081e-05 5.9642e-05 6.29446e-05 6.59827e-05 6.87526e-05 7.12533e-05 7.34858e-05 7.54527e-05 7.71585e-05 7.86092e-05 7.98116e-05 8.07741e-05 8.15055e-05 8.20156e-05 8.23146e-05 8.24133e-05 8.23226e-05 8.20538e-05 8.16183e-05 8.10273e-05 8.02922e-05 7.94242e-05 7.84342e-05 7.73329e-05 7.61308e-05 7.4838e-05 7.34643e-05 7.20191e-05 7.05114e-05 6.89497e-05 6.73423e-05 6.56969e-05 6.40206e-05 6.23205e-05 6.0603e-05 5.88739e-05 5.7139e-05 5.54035e-05 5.3672e-05 5.1949e-05 5.02385e-05 4.85442e-05 4.68695e-05 4.52172e-05 4.35901e-05 4.19906e-05 4.04207e-05 3.88823e-05 3.73771e-05 3.59062e-05 3.44709e-05 3.30721e-05 3.17106e-05 3.03868e-05 2.91011e-05 2.78539e-05 2.66452e-05 2.54749e-05 2.4343e-05 2.32492e-05 2.21931e-05 2.11744e-05 2.01925e-05 1.92468e-05 1.83367e-05 1.74616e-05 1.66208e-05 1.58133e-05 1.50386e-05 1.42956e-05 1.35837e-05 1.29019e-05 1.22493e-05 1.16251e-05 1.10284e-05 1.04584e-05 9.91403e-06 9.39454e-06 8.89903e-06 8.42663e-06 7.97649e-06 7.54779e-06 7.13969e-06 6.75139e-06 6.38211e-06 6.03106e-06 5.6975e-06 5.38069e-06 5.07992e-06 4.7945e-06 4.52375e-06 4.26703e-06 4.0237e-06 3.79316e-06
3.58937e-05 2.7213e-05 3.17628e-05 3.61975e-05 4.04888e-05 4.46123e-05 4.85475e-05 5.22773e-05 5.57877e-05 5.90678e-05 6.21096e-05 6.49075e-05 6.74583e-05 6.97606e-05 7.18154e-05 7.3625e-05 7.51933e-05 7.65253e-05 7.76276e-05 7.85073e-05 7.91724e-05 7.96318e-05 7.98948e-05 7.99709e-05 7.98703e-05 7.96031e-05 7.91797e-05 7.86105e-05 7.79058e-05 7.70758e-05 7.61308e-05 7.50805e-05 7.39346e-05 7.27025e-05 7.13932e-05 7.00156e-05 6.85779e-05 6.70882e-05 6.55542e-05 6.3983e-05 6.23815e-05 6.07561e-05 5.91131e-05 5.74579e-05 5.5796e-05 5.41321e-05 5.2471e-05 5.08169e-05 4.91734e-05 4.75443e-05 4.59326e-05 4.43414e-05 4.27731e-05 4.12302e-05 3.97146e-05 3.82283e-05 3.67727e-05 3.53492e-05 3.39591e-05 3.26031e-05 3.12822e-05 2.99968e-05 2.87474e-05 2.75344e-05 2.63578e-05 2.52177e-05 2.41141e-05 2.30467e-05 2.20153e-05 2.10196e-05 2.0059e-05 1.91331e-05 1.82414e-05 1.73832e-05 1.65578e-05 1.57647e-05 1.5003e-05 1.4272e-05 1.35709e-05 1.28989e-05 1.22553e-05 1.16391e-05 1.10496e-05 1.0486e-05 9.94731e-06 9.43282e-06 8.94168e-06 8.47307e-06 8.02619e-06 7.60024e-06 7.19445e-06 6.80803e-06 6.44023e-06 6.09033e-06 5.75759e-06 5.44131e-06 5.14081e-06 4.85541e-06 4.58448e-06 4.32738e-06 4.0835e-06
3.20491e-05 2.46609e-05 2.89595e-05 3.3176e-05 3.72818e-05 4.12518e-05 4.50645e-05 4.87014e-05 5.21474e-05 5.53898e-05 5.8419e-05 6.12276e-05 6.38106e-05 6.61648e-05 6.82893e-05 7.01846e-05 7.18527e-05 7.32971e-05 7.45225e-05 7.55344e-05 7.63394e-05 7.69448e-05 7.73585e-05 7.75889e-05 7.76449e-05 7.75355e-05 7.72701e-05 7.68581e-05 7.63091e-05 7.56326e-05 7.4838e-05 7.39346e-05 7.29315e-05 7.18377e-05 7.0662e-05 6.94126e-05 6.80978e-05 6.67254e-05 6.53028e-05 6.38372e-05 6.23353e-05 6.08038e-05 5.92485e-05 5.76753e-05 5.60895e-05 5.44962e-05 5.29e-05 5.13054e-05 4.97162e-05 4.81361e-05 4.65687e-05 4.5017e-05 4.34837e-05 4.19714e-05 4.04825e-05 3.90188e-05 3.75822e-05 3.61742e-05 3.47963e-05 3.34494e-05 3.21348e-05 3.0853e-05 2.96047e-05 2.83905e-05 2.72106e-05 2.60653e-05 2.49546e-05 2.38785e-05 2.2837e-05 2.18298e-05 2.08566e-05 1.9917e-05 1.90107e-05 1.81371e-05 1.72956e-05 1.64858e-05 1.57069e-05 1.49583e-05 1.42392e-05 1.35491e-05 1.28871e-05 1.22525e-05 1.16446e-05 1.10625e-05 1.05054e-05 9.97264e-06 9.46339e-06 8.97687e-06 8.51231e-06 8.06895e-06 7.64602e-06 7.24279e-06 6.85851e-06 6.49248e-06 6.14398e-06 5.81232e-06 5.49682e-06 5.19684e-06 4.91172e-06 4.64083e-06 4.38359e-06
