0.94788 0.001368 0.00127029 0.00117955 0.0010953 0.00101706 0.000944415 0.000876956 0.000814317 0.000756151 0.00070214 0.000651988 0.000605417 0.000562173 0.000522018 0.000484731 0.000450107 0.000417957 0.000388103 0.000360381 0.000334639 0.000310737 0.000288541 0.000267931 0.000248793 0.000231022 0.000214521 0.000199198 0.000184969 0.000171757 0.000159489 0.000148097 0.000137518 0.000127696 0.000118575 0.000110105 0.00010224 9.49374e-05 8.81562e-05 8.18593e-05 7.60122e-05 7.05828e-05 6.55412e-05 6.08596e-05 5.65125e-05 5.24759e-05 4.87276e-05 4.52471e-05 4.20152e-05 3.90141e-05 3.62274e-05 3.36397e-05 3.12369e-05 2.90056e-05 2.69338e-05 2.501e-05 2.32235e-05 2.15647e-05 2.00244e-05 1.85941e-05 1.72659e-05 1.60326e-05 1.48875e-05 1.38241e-05 1.28366e-05 1.19197e-05 1.10683e-05 1.02777e-05 9.5436e-06 8.86192e-06 8.22892e-06 7.64114e-06 7.09535e-06 6.58854e-06 6.11793e-06 5.68093e-06 5.27515e-06 4.89835e-06 4.54847e-06 4.22358e-06 3.9219e-06 3.64176e-06 3.38164e-06 3.14009e-06 2.9158e-06 2.70753e-06 2.51413e-06 2.33455e-06 2.1678e-06 2.01295e-06 1.86917e-06 1.73566e-06 1.61168e-06 1.49656e-06 1.38967e-06 1.2904e-06 1.19823e-06 1.11264e-06 1.03317e-06 9.59372e-07 8.90846e-07
0.001368 5.4122e-05 5.06857e-05 4.74642e-05 4.44444e-05 4.16137e-05 3.89607e-05 3.64744e-05 3.41445e-05 3.19613e-05 2.99158e-05 2.79995e-05 2.62043e-05 2.45227e-05 2.29476e-05 2.14724e-05 2.00909e-05 1.87972e-05 1.75858e-05 1.64515e-05 1.53896e-05 1.43954e-05 1.34648e-05 1.25936e-05 1.17782e-05 1.1015e-05 1.03008e-05 9.6324e-06 9.00693e-06 8.42166e-06 7.87406e-06 7.36171e-06 6.88238e-06 6.43397e-06 6.0145e-06 5.62213e-06 5.25513e-06 4.91187e-06 4.59084e-06 4.2906e-06 4.00984e-06 3.74729e-06 3.50179e-06 3.27225e-06 3.05763e-06 2.85697e-06 2.66938e-06 2.49402e-06 2.33008e-06 2.17684e-06 2.03361e-06 1.89972e-06 1.77459e-06 1.65765e-06 1.54835e-06 1.44621e-06 1.35077e-06 1.26158e-06 1.17824e-06 1.10037e-06 1.02761e-06 9.59629e-07 8.96119e-07 8.36786e-07 7.81357e-07 7.29577e-07 6.81207e-07 6.36026e-07 5.93823e-07 5.54404e-07 5.17587e-07 4.832e-07 4.51086e-07 4.21094e-07 3.93084e-07 3.66928e-07 3.42503e-07 3.19695e-07 2.98398e-07 2.78512e-07 2.59945e-07 2.42609e-07 2.26424e-07 2.11312e-07 1.97205e-07 1.84034e-07 1.71739e-07 1.60262e-07 1.49548e-07 1.39547e-07 1.30211e-07 1.21497e-07 1.13364e-07 1.05773e-07 9.86875e-08 9.20748e-08 8.59032e-08 8.01436e-08 7.47685e-08 6.97523e-08 6.50713e-08
0.00127029 5.06857e-05 4.74812e-05 4.44761e-05 4.16581e-05 3.90159e-05 3.65387e-05 3.42164e-05 3.20395e-05 2.99992e-05 2.80869e-05 2.62949e-05 2.46156e-05 2.30421e-05 2.15679e-05 2.01867e-05 1.88929e-05 1.7681e-05 1.65458e-05 1.54827e-05 1.4487e-05 1.35547e-05 1.26816e-05 1.18642e-05 1.10988e-05 1.03823e-05 9.71152e-06 9.08363e-06 8.49591e-06 7.94583e-06 7.431e-06 6.9492e-06 6.49832e-06 6.07642e-06 5.68165e-06 5.31228e-06 4.96671e-06 4.64341e-06 4.34096e-06 4.05804e-06 3.7934e-06 3.54587e-06 3.31435e-06 3.09782e-06 2.89533e-06 2.70596e-06 2.52887e-06 2.36329e-06 2.20846e-06 2.0637e-06 1.92835e-06 1.80181e-06 1.68352e-06 1.57293e-06 1.46956e-06 1.37293e-06 1.28261e-06 1.19819e-06 1.11929e-06 1.04555e-06 9.76638e-07 9.12236e-07 8.52053e-07 7.95814e-07 7.43265e-07 6.94163e-07 6.48285e-07 6.0542e-07 5.65373e-07 5.27959e-07 4.93006e-07 4.60353e-07 4.29851e-07 4.01358e-07 3.74743e-07 3.49883e-07 3.26663e-07 3.04976e-07 2.84721e-07 2.65804e-07 2.48137e-07 2.31638e-07 2.16231e-07 2.01843e-07 1.88407e-07 1.75862e-07 1.64148e-07 1.5321e-07 1.42998e-07 1.33463e-07 1.2456e-07 1.16249e-07 1.0849e-07 1.01246e-07 9.4484e-08 8.81713e-08 8.22786e-08 7.67779e-08 7.16434e-08 6.68508e-08 6.23774e-08
0.00117955 4.74642e-05 4.44761e-05 4.16729e-05 3.90434e-05 3.65772e-05 3.42644e-05 3.20955e-05 3.00618e-05 2.8155e-05 2.63675e-05 2.46917e-05 2.3121e-05 2.16488e-05 2.02691e-05 1.89761e-05 1.77645e-05 1.66293e-05 1.55657e-05 1.45693e-05 1.36359e-05 1.27615e-05 1.19426e-05 1.11756e-05 1.04573e-05 9.78461e-06 9.15474e-06 8.56497e-06 8.01279e-06 7.49583e-06 7.01187e-06 6.55884e-06 6.13478e-06 5.73787e-06 5.36638e-06 5.01871e-06 4.69336e-06 4.38889e-06 4.104e-06 3.83743e-06 3.58802e-06 3.35467e-06 3.13637e-06 2.93216e-06 2.74112e-06 2.56243e-06 2.39529e-06 2.23897e-06 2.09276e-06 1.95603e-06 1.82816e-06 1.70859e-06 1.59677e-06 1.49222e-06 1.39447e-06 1.30307e-06 1.21762e-06 1.13773e-06 1.06305e-06 9.93232e-07 9.27971e-07 8.66969e-07 8.0995e-07 7.56657e-07 7.06847e-07 6.60295e-07 6.16789e-07 5.76132e-07 5.38139e-07 5.02635e-07 4.6946e-07 4.38461e-07 4.09497e-07 3.82435e-07 3.57151e-07 3.33529e-07 3.11461e-07 2.90844e-07 2.71585e-07 2.53594e-07 2.36789e-07 2.21091e-07 2.06428e-07 1.92733e-07 1.79942e-07 1.67995e-07 1.56837e-07 1.46417e-07 1.36686e-07 1.27598e-07 1.19111e-07 1.11187e-07 1.03787e-07 9.6877e-08 9.04251e-08 8.44009e-08 7.87762e-08 7.35247e-08 6.86217e-08 6.40442e-08 5.97707e-08
0.0010953 4.44444e-05 4.16581e-05 3.90434e-05 3.65901e-05 3.42884e-05 3.21291e-05 3.01036e-05 2.82037e-05 2.6422e-05 2.47511e-05 2.31842e-05 2.17152e-05 2.03378e-05 1.90466e-05 1.78363e-05 1.67018e-05 1.56385e-05 1.4642e-05 1.37082e-05 1.28332e-05 1.20134e-05 1.12453e-05 1.05257e-05 9.85161e-06 9.22019e-06 8.62878e-06 8.07487e-06 7.55613e-06 7.07034e-06 6.61546e-06 6.18953e-06 5.79074e-06 5.41737e-06 5.06784e-06 4.74064e-06 4.43435e-06 4.14767e-06 3.87934e-06 3.62821e-06 3.39318e-06 3.17324e-06 2.96743e-06 2.77485e-06 2.59466e-06 2.42607e-06 2.26834e-06 2.12078e-06 1.98274e-06 1.85361e-06 1.73283e-06 1.61985e-06 1.51418e-06 1.41535e-06 1.32293e-06 1.23649e-06 1.15566e-06 1.08007e-06 1.00939e-06 9.43309e-07 8.8152e-07 8.2375e-07 7.6974e-07 7.19247e-07 6.72045e-07 6.27919e-07 5.86672e-07 5.48117e-07 5.1208e-07 4.78397e-07 4.46916e-07 4.17494e-07 3.89997e-07 3.643e-07 3.40287e-07 3.17847e-07 2.96878e-07 2.77284e-07 2.58977e-07 2.41871e-07 2.25889e-07 2.10958e-07 1.97008e-07 1.83975e-07 1.718e-07 1.60427e-07 1.49802e-07 1.39878e-07 1.30608e-07 1.21949e-07 1.13861e-07 1.06307e-07 9.92518e-08 9.26626e-08 8.65087e-08 8.07616e-08 7.53945e-08 7.03825e-08 6.57021e-08 6.13315e-08 5.72504e-08
0.00101706 4.16137e-05 3.90159e-05 3.65772e-05 3.42884e-05 3.21403e-05 3.01245e-05 2.8233e-05 2.64583e-05 2.47935e-05 2.32317e-05 2.17668e-05 2.03929e-05 1.91045e-05 1.78962e-05 1.67633e-05 1.57011e-05 1.47053e-05 1.37717e-05 1.28967e-05 1.20765e-05 1.13079e-05 1.05875e-05 9.91244e-06 9.27991e-06 8.68726e-06 8.13201e-06 7.61183e-06 7.12455e-06 6.66812e-06 6.2406e-06 5.8402e-06 5.46521e-06 5.11404e-06 4.7852e-06 4.47729e-06 4.189e-06 3.91908e-06 3.66639e-06 3.42983e-06 3.20839e-06 3.00112e-06 2.80711e-06 2.62553e-06 2.45559e-06 2.29655e-06 2.14772e-06 2.00846e-06 1.87815e-06 1.75622e-06 1.64214e-06 1.53542e-06 1.43557e-06 1.34216e-06 1.25479e-06 1.17306e-06 1.09661e-06 1.02511e-06 9.58236e-07 8.95692e-07 8.37201e-07 7.82503e-07 7.31353e-07 6.83523e-07 6.388e-07 5.96984e-07 5.57886e-07 5.21332e-07 4.87158e-07 4.55209e-07 4.25342e-07 3.97423e-07 3.71325e-07 3.4693e-07 3.24128e-07 3.02816e-07 2.82896e-07 2.6428e-07 2.46881e-07 2.30621e-07 2.15427e-07 2.01227e-07 1.87958e-07 1.7556e-07 1.63975e-07 1.5315e-07 1.43036e-07 1.33587e-07 1.24758e-07 1.1651e-07 1.08805e-07 1.01607e-07 9.4882e-08 8.86003e-08 8.27325e-08 7.72514e-08 7.21318e-08 6.73498e-08 6.28833e-08 5.87117e-08 5.48156e-08
0.000944415 3.89607e-05 3.65387e-05 3.42644e-05 3.21291e-05 3.01245e-05 2.82427e-05 2.64765e-05 2.48189e-05 2.32634e-05 2.18038e-05 2.04343e-05 1.91495e-05 1.79442e-05 1.68137e-05 1.57533e-05 1.47589e-05 1.38263e-05 1.29518e-05 1.21319e-05 1.13632e-05 1.06426e-05 9.96704e-06 9.33383e-06 8.74035e-06 8.18414e-06 7.66289e-06 7.17444e-06 6.71677e-06 6.28795e-06 5.8862e-06 5.50983e-06 5.15726e-06 4.827e-06 4.51767e-06 4.22795e-06 3.95662e-06 3.70253e-06 3.46459e-06 3.24179e-06 3.03317e-06 2.83786e-06 2.655e-06 2.48381e-06 2.32356e-06 2.17356e-06 2.03315e-06 1.90173e-06 1.77874e-06 1.66363e-06 1.5559e-06 1.4551e-06 1.36077e-06 1.27251e-06 1.18992e-06 1.11265e-06 1.04037e-06 9.72738e-07 9.09473e-07 8.50292e-07 7.94933e-07 7.43152e-07 6.9472e-07 6.49421e-07 6.07056e-07 5.67435e-07 5.30383e-07 4.95733e-07 4.63332e-07 4.33035e-07 4.04706e-07 3.78218e-07 3.53453e-07 3.30299e-07 3.08653e-07 2.88416e-07 2.69498e-07 2.51814e-07 2.35283e-07 2.19831e-07 2.05388e-07 1.91889e-07 1.79271e-07 1.67479e-07 1.56458e-07 1.46158e-07 1.36533e-07 1.27538e-07 1.19133e-07 1.11278e-07 1.03939e-07 9.70815e-08 9.06741e-08 8.46873e-08 7.90939e-08 7.38681e-08 6.89859e-08 6.44249e-08 6.01639e-08 5.61834e-08 5.24651e-08
0.000876956 3.64744e-05 3.42164e-05 3.20955e-05 3.01036e-05 2.8233e-05 2.64765e-05 2.48274e-05 2.32793e-05 2.1826e-05 2.04619e-05 1.91817e-05 1.79803e-05 1.68529e-05 1.57952e-05 1.48028e-05 1.38719e-05 1.29986e-05 1.21795e-05 1.14113e-05 1.06909e-05 1.00153e-05 9.38191e-06 8.788e-06 8.23121e-06 7.70924e-06 7.21996e-06 6.76136e-06 6.33153e-06 5.9287e-06 5.55119e-06 5.19745e-06 4.866e-06 4.55544e-06 4.26449e-06 3.99192e-06 3.73659e-06 3.49742e-06 3.27339e-06 3.06358e-06 2.86707e-06 2.68305e-06 2.51072e-06 2.34936e-06 2.19826e-06 2.0568e-06 1.92435e-06 1.80036e-06 1.68428e-06 1.57563e-06 1.47392e-06 1.37872e-06 1.28962e-06 1.20622e-06 1.12818e-06 1.05515e-06 9.86801e-07 9.22849e-07 8.63008e-07 8.07019e-07 7.54634e-07 7.05624e-07 6.59773e-07 6.16881e-07 5.76756e-07 5.39223e-07 5.04115e-07 4.71278e-07 4.40564e-07 4.11839e-07 3.84974e-07 3.5985e-07 3.36355e-07 3.14384e-07 2.93839e-07 2.74628e-07 2.56666e-07 2.39871e-07 2.24168e-07 2.09487e-07 1.95762e-07 1.82931e-07 1.70936e-07 1.59723e-07 1.49241e-07 1.39444e-07 1.30286e-07 1.21726e-07 1.13725e-07 1.06248e-07 9.92594e-08 9.27282e-08 8.66245e-08 8.09205e-08 7.55902e-08 7.06093e-08 6.59549e-08 6.16058e-08 5.75421e-08 5.37451e-08 5.01975e-08
0.000814317 3.41445e-05 3.20395e-05 3.00618e-05 2.82037e-05 2.64583e-05 2.48189e-05 2.32793e-05 2.18334e-05 2.04757e-05 1.9201e-05 1.80043e-05 1.6881e-05 1.58266e-05 1.4837e-05 1.39084e-05 1.30369e-05 1.22192e-05 1.14521e-05 1.07324e-05 1.00573e-05 9.42408e-06 8.83017e-06 8.27318e-06 7.75085e-06 7.26107e-06 6.80184e-06 6.37128e-06 5.96764e-06 5.58926e-06 5.23459e-06 4.90215e-06 4.59057e-06 4.29858e-06 4.02495e-06 3.76854e-06 3.52828e-06 3.30318e-06 3.09229e-06 2.89472e-06 2.70965e-06 2.53629e-06 2.3739e-06 2.22182e-06 2.07938e-06 1.94598e-06 1.82107e-06 1.70409e-06 1.59456e-06 1.49201e-06 1.396e-06 1.30611e-06 1.22195e-06 1.14318e-06 1.06944e-06 1.00041e-06 9.35807e-07 8.7534e-07 8.18749e-07 7.65787e-07 7.16225e-07 6.69847e-07 6.26448e-07 5.8584e-07 5.47846e-07 5.12297e-07 4.79038e-07 4.47924e-07 4.18816e-07 3.91586e-07 3.66115e-07 3.42289e-07 3.20004e-07 2.9916e-07 2.79665e-07 2.61432e-07 2.4438e-07 2.28433e-07 2.1352e-07 1.99575e-07 1.86536e-07 1.74343e-07 1.62942e-07 1.52283e-07 1.42316e-07 1.32999e-07 1.24287e-07 1.16144e-07 1.08531e-07 1.01414e-07 9.4761e-08 8.85424e-08 8.27297e-08 7.72966e-08 7.22184e-08 6.74721e-08 6.30362e-08 5.88905e-08 5.5016e-08 5.13952e-08 4.80115e-08
0.000756151 3.19613e-05 2.99992e-05 2.8155e-05 2.6422e-05 2.47935e-05 2.32634e-05 2.1826e-05 2.04757e-05 1.92075e-05 1.80164e-05 1.68979e-05 1.58476e-05 1.48615e-05 1.39358e-05 1.30668e-05 1.22511e-05 1.14855e-05 1.07671e-05 1.00929e-05 9.46031e-06 8.8668e-06 8.30999e-06 7.78766e-06 7.29771e-06 6.83817e-06 6.40718e-06 6.00301e-06 5.624e-06 5.26862e-06 4.93541e-06 4.62303e-06 4.33018e-06 4.05566e-06 3.79834e-06 3.55716e-06 3.33112e-06 3.11929e-06 2.92078e-06 2.73477e-06 2.56048e-06 2.39718e-06 2.24419e-06 2.10087e-06 1.9666e-06 1.84084e-06 1.72303e-06 1.6127e-06 1.50936e-06 1.41259e-06 1.32196e-06 1.23709e-06 1.15763e-06 1.08322e-06 1.01356e-06 9.48335e-07 8.87274e-07 8.30112e-07 7.76603e-07 7.26515e-07 6.79631e-07 6.3575e-07 5.9468e-07 5.56242e-07 5.2027e-07 4.86607e-07 4.55107e-07 4.2563e-07 3.98049e-07 3.72243e-07 3.48098e-07 3.25508e-07 3.04374e-07 2.84603e-07 2.66108e-07 2.48806e-07 2.32622e-07 2.17485e-07 2.03325e-07 1.90082e-07 1.77697e-07 1.66113e-07 1.5528e-07 1.45149e-07 1.35675e-07 1.26815e-07 1.18531e-07 1.10785e-07 1.03543e-07 9.67708e-08 9.04394e-08 8.45199e-08 7.89858e-08 7.38121e-08 6.89754e-08 6.4454e-08 6.02275e-08 5.62767e-08 5.25837e-08 4.91318e-08 4.59054e-08
0.00070214 2.99158e-05 2.80869e-05 2.63675e-05 2.47511e-05 2.32317e-05 2.18038e-05 2.04619e-05 1.9201e-05 1.80164e-05 1.69035e-05 1.58581e-05 1.48762e-05 1.3954e-05 1.30881e-05 1.2275e-05 1.15116e-05 1.07949e-05 1.01221e-05 9.49056e-06 8.89786e-06 8.34162e-06 7.81964e-06 7.32986e-06 6.87032e-06 6.43919e-06 6.03474e-06 5.65536e-06 5.29951e-06 4.96577e-06 4.65277e-06 4.35926e-06 4.08403e-06 3.82597e-06 3.58402e-06 3.35719e-06 3.14455e-06 2.94522e-06 2.75839e-06 2.58328e-06 2.41917e-06 2.26537e-06 2.12124e-06 1.98619e-06 1.85965e-06 1.74109e-06 1.63001e-06 1.52595e-06 1.42847e-06 1.33716e-06 1.25163e-06 1.17152e-06 1.09649e-06 1.02623e-06 9.60421e-07 8.988e-07 8.41098e-07 7.87069e-07 7.36482e-07 6.89119e-07 6.44777e-07 6.03265e-07 5.64405e-07 5.28028e-07 4.93978e-07 4.62106e-07 4.32276e-07 4.04357e-07 3.78227e-07 3.53774e-07 3.30891e-07 3.09477e-07 2.89439e-07 2.7069e-07 2.53146e-07 2.36733e-07 2.21376e-07 2.07009e-07 1.93568e-07 1.80994e-07 1.69232e-07 1.5823e-07 1.47938e-07 1.38312e-07 1.29308e-07 1.20887e-07 1.1301e-07 1.05645e-07 9.8756e-08 9.23139e-08 8.62898e-08 8.06565e-08 7.53889e-08 7.04635e-08 6.58581e-08 6.15521e-08 5.75261e-08 5.37621e-08 5.02431e-08 4.69532e-08 4.38776e-08
0.000651988 2.79995e-05 2.62949e-05 2.46917e-05 2.31842e-05 2.17668e-05 2.04343e-05 1.91817e-05 1.80043e-05 1.68979e-05 1.58581e-05 1.48811e-05 1.39632e-05 1.31009e-05 1.22909e-05 1.15302e-05 1.08157e-05 1.01448e-05 9.5148e-06 8.92332e-06 8.36803e-06 7.84676e-06 7.35747e-06 6.89825e-06 6.46726e-06 6.06282e-06 5.68332e-06 5.32724e-06 4.99317e-06 4.67977e-06 4.38579e-06 4.11003e-06 3.85139e-06 3.60882e-06 3.38135e-06 3.16804e-06 2.96802e-06 2.78049e-06 2.60467e-06 2.43984e-06 2.28532e-06 2.14049e-06 2.00473e-06 1.87749e-06 1.75824e-06 1.64649e-06 1.54177e-06 1.44364e-06 1.3517e-06 1.26555e-06 1.18484e-06 1.10923e-06 1.0384e-06 9.72054e-07 9.09906e-07 8.51696e-07 7.97177e-07 7.46117e-07 6.983e-07 6.53521e-07 6.1159e-07 5.72327e-07 5.35563e-07 5.01143e-07 4.68917e-07 4.38747e-07 4.10503e-07 3.84063e-07 3.59314e-07 3.36147e-07 3.14464e-07 2.94168e-07 2.75173e-07 2.57396e-07 2.4076e-07 2.25191e-07 2.10622e-07 1.9699e-07 1.84233e-07 1.72298e-07 1.6113e-07 1.50682e-07 1.40907e-07 1.31762e-07 1.23207e-07 1.15204e-07 1.07718e-07 1.00715e-07 9.41645e-08 8.80378e-08 8.23073e-08 7.69477e-08 7.19351e-08 6.72473e-08 6.28632e-08 5.87633e-08 5.49294e-08 5.13443e-08 4.79919e-08 4.48572e-08 4.19263e-08
0.000605417 2.62043e-05 2.46156e-05 2.3121e-05 2.17152e-05 2.03929e-05 1.91495e-05 1.79803e-05 1.6881e-05 1.58476e-05 1.48762e-05 1.39632e-05 1.31052e-05 1.22989e-05 1.15414e-05 1.08296e-05 1.0161e-05 9.533e-06 8.94314e-06 8.38918e-06 7.86898e-06 7.38053e-06 6.92193e-06 6.49138e-06 6.08722e-06 5.70785e-06 5.35178e-06 5.0176e-06 4.70401e-06 4.40974e-06 4.13363e-06 3.87458e-06 3.63156e-06 3.40358e-06 3.18973e-06 2.98916e-06 2.80104e-06 2.62462e-06 2.45917e-06 2.30404e-06 2.15858e-06 2.0222e-06 1.89434e-06 1.77447e-06 1.66211e-06 1.55679e-06 1.45807e-06 1.36555e-06 1.27884e-06 1.19758e-06 1.12143e-06 1.05008e-06 9.83223e-07 9.20583e-07 8.61896e-07 8.06917e-07 7.55412e-07 7.07166e-07 6.61974e-07 6.19645e-07 5.79999e-07 5.42869e-07 5.08096e-07 4.75531e-07 4.45037e-07 4.16483e-07 3.89746e-07 3.64712e-07 3.41274e-07 3.1933e-07 2.98787e-07 2.79555e-07 2.61553e-07 2.44701e-07 2.28927e-07 2.14163e-07 2.00344e-07 1.87411e-07 1.75307e-07 1.63979e-07 1.53379e-07 1.43459e-07 1.34177e-07 1.25491e-07 1.17364e-07 1.0976e-07 1.02646e-07 9.59895e-08 8.97624e-08 8.39369e-08 7.84872e-08 7.33892e-08 6.86204e-08 6.41597e-08 5.99873e-08 5.60848e-08 5.24347e-08 4.90208e-08 4.5828e-08 4.2842e-08 4.00496e-08
0.000562173 2.45227e-05 2.30421e-05 2.16488e-05 2.03378e-05 1.91045e-05 1.79442e-05 1.68529e-05 1.58266e-05 1.48615e-05 1.3954e-05 1.31009e-05 1.22989e-05 1.15451e-05 1.08366e-05 1.01708e-05 9.54515e-06 8.95732e-06 8.40507e-06 7.88629e-06 7.399e-06 6.94133e-06 6.51152e-06 6.1079e-06 5.72892e-06 5.37309e-06 5.03904e-06 4.72545e-06 4.43109e-06 4.15482e-06 3.89553e-06 3.6522e-06 3.42386e-06 3.20962e-06 3.0086e-06 2.82002e-06 2.64311e-06 2.47715e-06 2.3215e-06 2.1755e-06 2.03858e-06 1.91018e-06 1.78977e-06 1.67687e-06 1.57101e-06 1.47176e-06 1.37871e-06 1.29149e-06 1.20972e-06 1.13308e-06 1.06124e-06 9.93917e-07 9.3082e-07 8.71689e-07 8.16279e-07 7.64358e-07 7.15709e-07 6.70128e-07 6.27424e-07 5.87417e-07 5.49938e-07 5.1483e-07 4.81944e-07 4.51141e-07 4.2229e-07 3.95269e-07 3.69963e-07 3.46264e-07 3.24072e-07 3.0329e-07 2.83831e-07 2.65611e-07 2.48552e-07 2.3258e-07 2.17627e-07 2.03628e-07 1.90524e-07 1.78256e-07 1.66774e-07 1.56025e-07 1.45965e-07 1.36549e-07 1.27736e-07 1.19489e-07 1.1177e-07 1.04547e-07 9.77875e-08 9.14624e-08 8.55438e-08 8.00059e-08 7.48244e-08 6.99764e-08 6.54406e-08 6.11971e-08 5.72272e-08 5.35133e-08 5.00391e-08 4.67891e-08 4.37491e-08 4.09054e-08 3.82456e-08
0.000522018 2.29476e-05 2.15679e-05 2.02691e-05 1.90466e-05 1.78962e-05 1.68137e-05 1.57952e-05 1.4837e-05 1.39358e-05 1.30881e-05 1.22909e-05 1.15414e-05 1.08366e-05 1.0174e-05 9.55122e-06 8.96583e-06 8.41567e-06 7.89867e-06 7.41288e-06 6.95645e-06 6.52765e-06 6.12485e-06 5.74651e-06 5.39116e-06 5.05745e-06 4.74408e-06 4.44983e-06 4.17356e-06 3.9142e-06 3.67072e-06 3.44218e-06 3.22767e-06 3.02635e-06 2.83741e-06 2.66012e-06 2.49376e-06 2.33768e-06 2.19124e-06 2.05386e-06 1.925e-06 1.80412e-06 1.69074e-06 1.5844e-06 1.48468e-06 1.39117e-06 1.30348e-06 1.22125e-06 1.14416e-06 1.07188e-06 1.00413e-06 9.40607e-07 8.81065e-07 8.25256e-07 7.72947e-07 7.23921e-07 6.77976e-07 6.34919e-07 5.94571e-07 5.56764e-07 5.21339e-07 4.88149e-07 4.57052e-07 4.2792e-07 4.00629e-07 3.75063e-07 3.51115e-07 3.28684e-07 3.07675e-07 2.87997e-07 2.69568e-07 2.52309e-07 2.36147e-07 2.21012e-07 2.0684e-07 1.93569e-07 1.81144e-07 1.69511e-07 1.5862e-07 1.48423e-07 1.38877e-07 1.29941e-07 1.21576e-07 1.13746e-07 1.06417e-07 9.95568e-08 9.31361e-08 8.71269e-08 8.15028e-08 7.62396e-08 7.13141e-08 6.67048e-08 6.23917e-08 5.83557e-08 5.45793e-08 5.10458e-08 4.77398e-08 4.46466e-08 4.17527e-08 3.90453e-08 3.65125e-08
0.000484731 2.14724e-05 2.01867e-05 1.89761e-05 1.78363e-05 1.67633e-05 1.57533e-05 1.48028e-05 1.39084e-05 1.30668e-05 1.2275e-05 1.15302e-05 1.08296e-05 1.01708e-05 9.55122e-06 8.96867e-06 8.42098e-06 7.9061e-06 7.42213e-06 6.96726e-06 6.53977e-06 6.13806e-06 5.7606e-06 5.40597e-06 5.07282e-06 4.75987e-06 4.46592e-06 4.18984e-06 3.93057e-06 3.68711e-06 3.4585e-06 3.24387e-06 3.04237e-06 2.85321e-06 2.67564e-06 2.50899e-06 2.35257e-06 2.20578e-06 2.06803e-06 1.93877e-06 1.8175e-06 1.70371e-06 1.59697e-06 1.49683e-06 1.4029e-06 1.3148e-06 1.23216e-06 1.15467e-06 1.08199e-06 1.01384e-06 9.49934e-07 8.90016e-07 8.33838e-07 7.81169e-07 7.31794e-07 6.85509e-07 6.42123e-07 6.01457e-07 5.63341e-07 5.27618e-07 4.9414e-07 4.62767e-07 4.33367e-07 4.05819e-07 3.80007e-07 3.55822e-07 3.33164e-07 3.11936e-07 2.9205e-07 2.7342e-07 2.5597e-07 2.39625e-07 2.24315e-07 2.09975e-07 1.96545e-07 1.83968e-07 1.7219e-07 1.6116e-07 1.50831e-07 1.41159e-07 1.32104e-07 1.23625e-07 1.15686e-07 1.08254e-07 1.01296e-07 9.47823e-08 8.86846e-08 8.29766e-08 7.76336e-08 7.26324e-08 6.79513e-08 6.35701e-08 5.94695e-08 5.56318e-08 5.20403e-08 4.86793e-08 4.5534e-08 4.25908e-08 3.98366e-08 3.72596e-08 3.48483e-08
0.000450107 2.00909e-05 1.88929e-05 1.77645e-05 1.67018e-05 1.57011e-05 1.47589e-05 1.38719e-05 1.30369e-05 1.22511e-05 1.15116e-05 1.08157e-05 1.0161e-05 9.54515e-06 8.96583e-06 8.42098e-06 7.90858e-06 7.42676e-06 6.97375e-06 6.54785e-06 6.1475e-06 5.77119e-06 5.41751e-06 5.08514e-06 4.77281e-06 4.47935e-06 4.20365e-06 3.94464e-06 3.70135e-06 3.47283e-06 3.2582e-06 3.05665e-06 2.86738e-06 2.68966e-06 2.5228e-06 2.36615e-06 2.2191e-06 2.08106e-06 1.9515e-06 1.8299e-06 1.71578e-06 1.60869e-06 1.5082e-06 1.41391e-06 1.32544e-06 1.24245e-06 1.16459e-06 1.09155e-06 1.02305e-06 9.58795e-07 8.98532e-07 8.42017e-07 7.89018e-07 7.39321e-07 6.92722e-07 6.4903e-07 6.08066e-07 5.69662e-07 5.33661e-07 4.99912e-07 4.68278e-07 4.38627e-07 4.10836e-07 3.8479e-07 3.60381e-07 3.37506e-07 3.16071e-07 2.95985e-07 2.77165e-07 2.59531e-07 2.4301e-07 2.27532e-07 2.13032e-07 1.99449e-07 1.86725e-07 1.74806e-07 1.63643e-07 1.53187e-07 1.43394e-07 1.34222e-07 1.25633e-07 1.17589e-07 1.10057e-07 1.03004e-07 9.63995e-08 9.02158e-08 8.44259e-08 7.90052e-08 7.39302e-08 6.91791e-08 6.47313e-08 6.05676e-08 5.66701e-08 5.30217e-08 4.96068e-08 4.64105e-08 4.34189e-08 4.06189e-08 3.79985e-08 3.5546e-08 3.3251e-08
0.000417957 1.87972e-05 1.7681e-05 1.66293e-05 1.56385e-05 1.47053e-05 1.38263e-05 1.29986e-05 1.22192e-05 1.14855e-05 1.07949e-05 1.01448e-05 9.533e-06 8.95732e-06 8.41567e-06 7.9061e-06 7.42676e-06 6.97591e-06 6.5519e-06 6.15317e-06 5.77825e-06 5.42576e-06 5.09438e-06 4.78289e-06 4.49012e-06 4.21496e-06 3.95639e-06 3.71342e-06 3.48513e-06 3.27065e-06 3.06917e-06 2.87991e-06 2.70215e-06 2.5352e-06 2.37842e-06 2.23119e-06 2.09295e-06 1.96316e-06 1.84131e-06 1.72692e-06 1.61955e-06 1.51876e-06 1.42417e-06 1.3354e-06 1.25209e-06 1.17392e-06 1.10057e-06 1.03175e-06 9.67178e-07 9.06606e-07 8.49785e-07 7.96486e-07 7.46494e-07 6.99606e-07 6.55632e-07 6.14394e-07 5.75723e-07 5.39461e-07 5.0546e-07 4.73582e-07 4.43694e-07 4.15675e-07 3.89409e-07 3.64786e-07 3.41707e-07 3.20074e-07 2.99799e-07 2.80797e-07 2.62989e-07 2.463e-07 2.30662e-07 2.16008e-07 2.02278e-07 1.89413e-07 1.77359e-07 1.66067e-07 1.55488e-07 1.45578e-07 1.36294e-07 1.27598e-07 1.19453e-07 1.11824e-07 1.04679e-07 9.79864e-08 9.1719e-08 8.58497e-08 8.03534e-08 7.52065e-08 7.03871e-08 6.58744e-08 6.16491e-08 5.76931e-08 5.39893e-08 5.05217e-08 4.72754e-08 4.42364e-08 4.13915e-08 3.87285e-08 3.62357e-08 3.39025e-08 3.17186e-08
0.000388103 1.75858e-05 1.65458e-05 1.55657e-05 1.4642e-05 1.37717e-05 1.29518e-05 1.21795e-05 1.14521e-05 1.07671e-05 1.01221e-05 9.5148e-06 8.94314e-06 8.40507e-06 7.89867e-06 7.42213e-06 6.97375e-06 6.5519e-06 6.15506e-06 5.78178e-06 5.43071e-06 5.10055e-06 4.7901e-06 4.4982e-06 4.22377e-06 3.9658e-06 3.72331e-06 3.4954e-06 3.28121e-06 3.07993e-06 2.89081e-06 2.71311e-06 2.54617e-06 2.38935e-06 2.24205e-06 2.10369e-06 1.97375e-06 1.85172e-06 1.73714e-06 1.62954e-06 1.52852e-06 1.43369e-06 1.34466e-06 1.26108e-06 1.18264e-06 1.10902e-06 1.03992e-06 9.75078e-07 9.1423e-07 8.57136e-07 8.03566e-07 7.53307e-07 7.06156e-07 6.61925e-07 6.20434e-07 5.81516e-07 5.45013e-07 5.10779e-07 4.78673e-07 4.48564e-07 4.20331e-07 3.93858e-07 3.69036e-07 3.45763e-07 3.23944e-07 3.03489e-07 2.84315e-07 2.6634e-07 2.49492e-07 2.33701e-07 2.189e-07 2.05029e-07 1.92029e-07 1.79846e-07 1.68431e-07 1.57733e-07 1.4771e-07 1.38319e-07 1.2952e-07 1.21276e-07 1.13554e-07 1.06319e-07 9.95416e-08 9.31932e-08 8.72467e-08 8.16769e-08 7.64602e-08 7.15743e-08 6.69985e-08 6.27132e-08 5.87001e-08 5.49421e-08 5.14231e-08 4.8128e-08 4.50427e-08 4.21539e-08 3.94491e-08 3.69169e-08 3.45462e-08 3.23268e-08 3.02491e-08
0.000360381 1.64515e-05 1.54827e-05 1.45693e-05 1.37082e-05 1.28967e-05 1.21319e-05 1.14113e-05 1.07324e-05 1.00929e-05 9.49056e-06 8.92332e-06 8.38918e-06 7.88629e-06 7.41288e-06 6.96726e-06 6.54785e-06 6.15317e-06 5.78178e-06 5.43236e-06 5.10364e-06 4.79443e-06 4.5036e-06 4.23008e-06 3.97286e-06 3.73101e-06 3.50363e-06 3.28986e-06 3.08892e-06 2.90004e-06 2.72253e-06 2.5557e-06 2.39894e-06 2.25165e-06 2.11326e-06 1.98325e-06 1.86112e-06 1.7464e-06 1.63866e-06 1.53747e-06 1.44244e-06 1.35321e-06 1.26942e-06 1.19075e-06 1.1169e-06 1.04757e-06 9.82485e-07 9.21397e-07 8.64062e-07 8.10252e-07 7.59753e-07 7.12366e-07 6.67901e-07 6.2618e-07 5.87037e-07 5.50313e-07 5.15863e-07 4.83546e-07 4.53233e-07 4.24801e-07 3.98134e-07 3.73124e-07 3.4967e-07 3.27676e-07 3.07052e-07 2.87714e-07 2.69583e-07 2.52583e-07 2.36646e-07 2.21705e-07 2.077e-07 1.94571e-07 1.82265e-07 1.70731e-07 1.5992e-07 1.49789e-07 1.40294e-07 1.31396e-07 1.23058e-07 1.15244e-07 1.07923e-07 1.01064e-07 9.4637e-08 8.86157e-08 8.29748e-08 7.76902e-08 7.27398e-08 6.81026e-08 6.37589e-08 5.96903e-08 5.58795e-08 5.23103e-08 4.89676e-08 4.5837e-08 4.29053e-08 4.01598e-08 3.75889e-08 3.51815e-08 3.29273e-08 3.08167e-08 2.88405e-08
0.000334639 1.53896e-05 1.4487e-05 1.36359e-05 1.28332e-05 1.20765e-05 1.13632e-05 1.06909e-05 1.00573e-05 9.46031e-06 8.89786e-06 8.36803e-06 7.86898e-06 7.399e-06 6.95645e-06 6.53977e-06 6.1475e-06 5.77825e-06 5.43071e-06 5.10364e-06 4.79587e-06 4.50629e-06 4.23386e-06 3.97758e-06 3.73652e-06 3.50981e-06 3.2966e-06 3.09611e-06 2.90761e-06 2.73039e-06 2.56378e-06 2.40718e-06 2.25999e-06 2.12165e-06 1.99165e-06 1.8695e-06 1.75472e-06 1.64689e-06 1.54559e-06 1.45043e-06 1.36104e-06 1.27709e-06 1.19824e-06 1.1242e-06 1.05468e-06 9.89393e-07 9.281e-07 8.70556e-07 8.16536e-07 7.65827e-07 7.1823e-07 6.73555e-07 6.31628e-07 5.9228e-07 5.55356e-07 5.20708e-07 4.88198e-07 4.57695e-07 4.29079e-07 4.02232e-07 3.77048e-07 3.53425e-07 3.31267e-07 3.10484e-07 2.90993e-07 2.72713e-07 2.5557e-07 2.39495e-07 2.24422e-07 2.10289e-07 1.97037e-07 1.84613e-07 1.72966e-07 1.62047e-07 1.51812e-07 1.42217e-07 1.33224e-07 1.24795e-07 1.16895e-07 1.09491e-07 1.02552e-07 9.60492e-08 8.99557e-08 8.42458e-08 7.88956e-08 7.38826e-08 6.91858e-08 6.47853e-08 6.06628e-08 5.68006e-08 5.31827e-08 4.97935e-08 4.66189e-08 4.36452e-08 4.086e-08 3.82513e-08 3.58081e-08 3.35199e-08 3.13769e-08 2.93701e-08 2.74908e-08
0.000310737 1.43954e-05 1.35547e-05 1.27615e-05 1.20134e-05 1.13079e-05 1.06426e-05 1.00153e-05 9.42408e-06 8.8668e-06 8.34162e-06 7.84676e-06 7.38053e-06 6.94133e-06 6.52765e-06 6.13806e-06 5.77119e-06 5.42576e-06 5.10055e-06 4.79443e-06 4.50629e-06 4.23512e-06 3.97994e-06 3.73983e-06 3.51393e-06 3.30142e-06 3.10152e-06 2.9135e-06 2.73668e-06 2.57041e-06 2.41406e-06 2.26706e-06 2.12886e-06 1.99896e-06 1.87685e-06 1.76208e-06 1.65423e-06 1.55287e-06 1.45763e-06 1.36815e-06 1.28409e-06 1.20511e-06 1.13092e-06 1.06124e-06 9.95796e-07 9.34333e-07 8.76613e-07 8.22413e-07 7.71522e-07 7.23741e-07 6.78883e-07 6.36771e-07 5.97241e-07 5.60135e-07 5.25309e-07 4.92623e-07 4.61948e-07 4.33162e-07 4.0615e-07 3.80805e-07 3.57024e-07 3.34713e-07 3.13782e-07 2.94147e-07 2.75728e-07 2.58451e-07 2.42246e-07 2.27047e-07 2.12793e-07 1.99425e-07 1.86889e-07 1.75134e-07 1.64112e-07 1.53778e-07 1.44088e-07 1.35004e-07 1.26487e-07 1.18503e-07 1.11019e-07 1.04004e-07 9.74285e-08 9.12653e-08 8.54889e-08 8.00752e-08 7.50017e-08 7.02471e-08 6.57917e-08 6.16168e-08 5.77048e-08 5.40394e-08 5.06051e-08 4.73875e-08 4.43731e-08 4.15491e-08 3.89035e-08 3.64253e-08 3.41038e-08 3.19293e-08 2.98926e-08 2.79849e-08 2.61982e-08
0.000288541 1.34648e-05 1.26816e-05 1.19426e-05 1.12453e-05 1.05875e-05 9.96704e-06 9.38191e-06 8.83017e-06 8.30999e-06 7.81964e-06 7.35747e-06 6.92193e-06 6.51152e-06 6.12485e-06 5.7606e-06 5.41751e-06 5.09438e-06 4.7901e-06 4.5036e-06 4.23386e-06 3.97994e-06 3.74093e-06 3.51599e-06 3.30431e-06 3.10512e-06 2.91772e-06 2.74141e-06 2.57556e-06 2.41957e-06 2.27285e-06 2.13488e-06 2.00515e-06 1.88316e-06 1.76848e-06 1.66066e-06 1.55932e-06 1.46406e-06 1.37454e-06 1.2904e-06 1.21134e-06 1.13706e-06 1.06726e-06 1.00169e-06 9.40089e-07 8.82226e-07 8.27878e-07 7.76834e-07 7.28896e-07 6.83878e-07 6.41606e-07 6.01914e-07 5.64648e-07 5.29662e-07 4.96818e-07 4.65987e-07 4.37047e-07 4.09884e-07 3.8439e-07 3.60465e-07 3.38012e-07 3.16944e-07 2.97174e-07 2.78625e-07 2.61222e-07 2.44895e-07 2.29578e-07 2.1521e-07 2.01733e-07 1.89091e-07 1.77234e-07 1.66113e-07 1.55684e-07 1.45904e-07 1.36733e-07 1.28133e-07 1.20069e-07 1.12508e-07 1.0542e-07 9.87739e-08 9.25436e-08 8.67031e-08 8.12281e-08 7.60962e-08 7.12858e-08 6.67772e-08 6.25516e-08 5.85913e-08 5.48798e-08 5.14017e-08 4.81424e-08 4.50883e-08 4.22265e-08 3.9545e-08 3.70327e-08 3.46788e-08 3.24735e-08 3.04075e-08 2.84721e-08 2.6659e-08 2.49606e-08
0.000267931 1.25936e-05 1.18642e-05 1.11756e-05 1.05257e-05 9.91244e-06 9.33383e-06 8.788e-06 8.27318e-06 7.78766e-06 7.32986e-06 6.89825e-06 6.49138e-06 6.1079e-06 5.74651e-06 5.40597e-06 5.08514e-06 4.78289e-06 4.4982e-06 4.23008e-06 3.97758e-06 3.73983e-06 3.51599e-06 3.30527e-06 3.10693e-06 2.92025e-06 2.74457e-06 2.57925e-06 2.42371e-06 2.27737e-06 2.13971e-06 2.01022e-06 1.88843e-06 1.7739e-06 1.66619e-06 1.56492e-06 1.4697e-06 1.38018e-06 1.29603e-06 1.21693e-06 1.14259e-06 1.07272e-06 1.00706e-06 9.45363e-07 8.87391e-07 8.32925e-07 7.81756e-07 7.33688e-07 6.88537e-07 6.46127e-07 6.06297e-07 5.68891e-07 5.33763e-07 5.00778e-07 4.69807e-07 4.40729e-07 4.13429e-07 3.87801e-07 3.63743e-07 3.41161e-07 3.19965e-07 3.00072e-07 2.81402e-07 2.63882e-07 2.47441e-07 2.32014e-07 2.17539e-07 2.03957e-07 1.91216e-07 1.79262e-07 1.68049e-07 1.5753e-07 1.47664e-07 1.3841e-07 1.2973e-07 1.2159e-07 1.13956e-07 1.06797e-07 1.00084e-07 9.37894e-08 8.78873e-08 8.23534e-08 7.71651e-08 7.2301e-08 6.7741e-08 6.34663e-08 5.94593e-08 5.57032e-08 5.21826e-08 4.88828e-08 4.57901e-08 4.28917e-08 4.01753e-08 3.76297e-08 3.52443e-08 3.3009e-08 3.09144e-08 2.89519e-08 2.71131e-08 2.53903e-08 2.37762e-08
0.000248793 1.17782e-05 1.10988e-05 1.04573e-05 9.85161e-06 9.27991e-06 8.74035e-06 8.23121e-06 7.75085e-06 7.29771e-06 6.87032e-06 6.46726e-06 6.08722e-06 5.72892e-06 5.39116e-06 5.07282e-06 4.77281e-06 4.49012e-06 4.22377e-06 3.97286e-06 3.73652e-06 3.51393e-06 3.30431e-06 3.10693e-06 2.92109e-06 2.74614e-06 2.58146e-06 2.42647e-06 2.2806e-06 2.14333e-06 2.01417e-06 1.89265e-06 1.77834e-06 1.6708e-06 1.56966e-06 1.47454e-06 1.38509e-06 1.30097e-06 1.22188e-06 1.14752e-06 1.07762e-06 1.01191e-06 9.5015e-07 8.92102e-07 8.37549e-07 7.86285e-07 7.38114e-07 6.92854e-07 6.50331e-07 6.10384e-07 5.72858e-07 5.37609e-07 5.04501e-07 4.73407e-07 4.44205e-07 4.16783e-07 3.91033e-07 3.66856e-07 3.44156e-07 3.22844e-07 3.02837e-07 2.84057e-07 2.66428e-07 2.49881e-07 2.34351e-07 2.19776e-07 2.06098e-07 1.93263e-07 1.81218e-07 1.69917e-07 1.59314e-07 1.49366e-07 1.40033e-07 1.31278e-07 1.23065e-07 1.15362e-07 1.08136e-07 1.01358e-07 9.50018e-08 8.90405e-08 8.345e-08 7.82076e-08 7.32917e-08 6.86822e-08 6.43603e-08 6.03081e-08 5.65089e-08 5.29472e-08 4.96082e-08 4.64782e-08 4.35441e-08 4.07939e-08 3.8216e-08 3.57998e-08 3.35353e-08 3.1413e-08 2.9424e-08 2.75601e-08 2.58134e-08 2.41767e-08 2.2643e-08
0.000231022 1.1015e-05 1.03823e-05 9.78461e-06 9.22019e-06 8.68726e-06 8.18414e-06 7.70924e-06 7.26107e-06 6.83817e-06 6.43919e-06 6.06282e-06 5.70785e-06 5.37309e-06 5.05745e-06 4.75987e-06 4.47935e-06 4.21496e-06 3.9658e-06 3.73101e-06 3.50981e-06 3.30142e-06 3.10512e-06 2.92025e-06 2.74614e-06 2.5822e-06 2.42785e-06 2.28253e-06 2.14574e-06 2.01699e-06 1.89582e-06 1.7818e-06 1.6745e-06 1.57355e-06 1.47858e-06 1.38924e-06 1.30521e-06 1.22618e-06 1.15185e-06 1.08196e-06 1.01624e-06 9.54446e-07 8.96355e-07 8.41747e-07 7.90416e-07 7.42169e-07 6.96826e-07 6.54214e-07 6.14171e-07 5.76546e-07 5.41195e-07 5.07982e-07 4.76782e-07 4.47473e-07 4.19943e-07 3.94086e-07 3.69801e-07 3.46995e-07 3.25578e-07 3.05468e-07 2.86586e-07 2.68857e-07 2.52213e-07 2.36588e-07 2.2192e-07 2.08152e-07 1.95229e-07 1.831e-07 1.71717e-07 1.61034e-07 1.51009e-07 1.41602e-07 1.32775e-07 1.24494e-07 1.16723e-07 1.09434e-07 1.02595e-07 9.61795e-08 9.01618e-08 8.45171e-08 7.92228e-08 7.42572e-08 6.96001e-08 6.52327e-08 6.1137e-08 5.72963e-08 5.36949e-08 5.0318e-08 4.71518e-08 4.41833e-08 4.14002e-08 3.8791e-08 3.6345e-08 3.40521e-08 3.19028e-08 2.98881e-08 2.79997e-08 2.62298e-08 2.45709e-08 2.30162e-08 2.15592e-08
0.000214521 1.03008e-05 9.71152e-06 9.15474e-06 8.62878e-06 8.13201e-06 7.66289e-06 7.21996e-06 6.80184e-06 6.40718e-06 6.03474e-06 5.68332e-06 5.35178e-06 5.03904e-06 4.74408e-06 4.46592e-06 4.20365e-06 3.95639e-06 3.72331e-06 3.50363e-06 3.2966e-06 3.10152e-06 2.91772e-06 2.74457e-06 2.58146e-06 2.42785e-06 2.28318e-06 2.14695e-06 2.01869e-06 1.89794e-06 1.78427e-06 1.67728e-06 1.57658e-06 1.48182e-06 1.39265e-06 1.30875e-06 1.22982e-06 1.15557e-06 1.08572e-06 1.02003e-06 9.58246e-07 9.00146e-07 8.45513e-07 7.94145e-07 7.4585e-07 7.00449e-07 6.57771e-07 6.17655e-07 5.79952e-07 5.44518e-07 5.11219e-07 4.79929e-07 4.50528e-07 4.22905e-07 3.96954e-07 3.72575e-07 3.49675e-07 3.28164e-07 3.07961e-07 2.88987e-07 2.71168e-07 2.54435e-07 2.38723e-07 2.2397e-07 2.10118e-07 1.97114e-07 1.84906e-07 1.73446e-07 1.62688e-07 1.52591e-07 1.43115e-07 1.3422e-07 1.25873e-07 1.1804e-07 1.1069e-07 1.03793e-07 9.73217e-08 9.12501e-08 8.55538e-08 8.02098e-08 7.51966e-08 7.0494e-08 6.60828e-08 6.19453e-08 5.80646e-08 5.4425e-08 5.10116e-08 4.78105e-08 4.48087e-08 4.19938e-08 3.93543e-08 3.68794e-08 3.4559e-08 3.23834e-08 3.03437e-08 2.84316e-08 2.6639e-08 2.49586e-08 2.33835e-08 2.1907e-08 2.05231e-08
0.000199198 9.6324e-06 9.08363e-06 8.56497e-06 8.07487e-06 7.61183e-06 7.17444e-06 6.76136e-06 6.37128e-06 6.00301e-06 5.65536e-06 5.32724e-06 5.0176e-06 4.72545e-06 4.44983e-06 4.18984e-06 3.94464e-06 3.71342e-06 3.4954e-06 3.28986e-06 3.09611e-06 2.9135e-06 2.74141e-06 2.57925e-06 2.42647e-06 2.28253e-06 2.14695e-06 2.01926e-06 1.899e-06 1.78575e-06 1.67913e-06 1.57875e-06 1.48425e-06 1.3953e-06 1.31159e-06 1.23281e-06 1.15867e-06 1.08891e-06 1.02329e-06 9.61547e-07 9.0347e-07 8.48844e-07 7.97469e-07 7.49153e-07 7.03719e-07 6.60999e-07 6.20834e-07 5.83073e-07 5.47575e-07 5.14208e-07 4.82845e-07 4.53369e-07 4.25668e-07 3.99637e-07 3.75176e-07 3.52194e-07 3.30601e-07 3.10315e-07 2.91259e-07 2.73358e-07 2.56545e-07 2.40753e-07 2.25922e-07 2.11994e-07 1.98915e-07 1.86634e-07 1.75103e-07 1.64276e-07 1.54112e-07 1.4457e-07 1.35612e-07 1.27204e-07 1.19312e-07 1.11904e-07 1.04952e-07 9.84274e-08 9.23046e-08 8.65591e-08 8.11678e-08 7.61092e-08 7.13629e-08 6.691e-08 6.27324e-08 5.88133e-08 5.5137e-08 5.16884e-08 4.84537e-08 4.54197e-08 4.25742e-08 3.99054e-08 3.74026e-08 3.50554e-08 3.28544e-08 3.07905e-08 2.88553e-08 2.70407e-08 2.53394e-08 2.37443e-08 2.22489e-08 2.0847e-08 1.95328e-08
0.000184969 9.00693e-06 8.49591e-06 8.01279e-06 7.55613e-06 7.12455e-06 6.71677e-06 6.33153e-06 5.96764e-06 5.624e-06 5.29951e-06 4.99317e-06 4.70401e-06 4.43109e-06 4.17356e-06 3.93057e-06 3.70135e-06 3.48513e-06 3.28121e-06 3.08892e-06 2.90761e-06 2.73668e-06 2.57556e-06 2.42371e-06 2.2806e-06 2.14574e-06 2.01869e-06 1.899e-06 1.78625e-06 1.68006e-06 1.58005e-06 1.48587e-06 1.3972e-06 1.31372e-06 1.23513e-06 1.16116e-06 1.09153e-06 1.02601e-06 9.64345e-07 9.06326e-07 8.51738e-07 8.00384e-07 7.52075e-07 7.06634e-07 6.63896e-07 6.23703e-07 5.85905e-07 5.50364e-07 5.16946e-07 4.85528e-07 4.55993e-07 4.28228e-07 4.02131e-07 3.77602e-07 3.54549e-07 3.32885e-07 3.12527e-07 2.93399e-07 2.75426e-07 2.58541e-07 2.42678e-07 2.27776e-07 2.13779e-07 2.00631e-07 1.88283e-07 1.76686e-07 1.65795e-07 1.55569e-07 1.45966e-07 1.36949e-07 1.28483e-07 1.20536e-07 1.13074e-07 1.0607e-07 9.94956e-08 9.33244e-08 8.75322e-08 8.2096e-08 7.69941e-08 7.22063e-08 6.77134e-08 6.34975e-08 5.95417e-08 5.58302e-08 5.23479e-08 4.90809e-08 4.6016e-08 4.31409e-08 4.04439e-08 3.7914e-08 3.55411e-08 3.33155e-08 3.12282e-08 2.92706e-08 2.74347e-08 2.57131e-08 2.40986e-08 2.25848e-08 2.11653e-08 1.98344e-08 1.85866e-08
0.000171757 8.42166e-06 7.94583e-06 7.49583e-06 7.07034e-06 6.66812e-06 6.28795e-06 5.9287e-06 5.58926e-06 5.26862e-06 4.96577e-06 4.67977e-06 4.40974e-06 4.15482e-06 3.9142e-06 3.68711e-06 3.47283e-06 3.27065e-06 3.07993e-06 2.90004e-06 2.73039e-06 2.57041e-06 2.41957e-06 2.27737e-06 2.14333e-06 2.01699e-06 1.89794e-06 1.78575e-06 1.68006e-06 1.58048e-06 1.48669e-06 1.39834e-06 1.31514e-06 1.23679e-06 1.16302e-06 1.09357e-06 1.02818e-06 9.66638e-07 9.0871e-07 8.54192e-07 8.02888e-07 7.54612e-07 7.09191e-07 6.66459e-07 6.2626e-07 5.88447e-07 5.52881e-07 5.19432e-07 4.87976e-07 4.58396e-07 4.30583e-07 4.04434e-07 3.79849e-07 3.56739e-07 3.35015e-07 3.14596e-07 2.95405e-07 2.77369e-07 2.60421e-07 2.44494e-07 2.2953e-07 2.1547e-07 2.02261e-07 1.89852e-07 1.78195e-07 1.67245e-07 1.56961e-07 1.47302e-07 1.3823e-07 1.29711e-07 1.21712e-07 1.142e-07 1.07147e-07 1.00525e-07 9.43085e-08 8.84722e-08 8.29935e-08 7.78507e-08 7.30234e-08 6.84926e-08 6.42402e-08 6.02493e-08 5.6504e-08 5.29894e-08 4.96915e-08 4.6597e-08 4.36934e-08 4.09692e-08 3.84134e-08 3.60157e-08 3.37663e-08 3.16563e-08 2.96771e-08 2.78205e-08 2.60792e-08 2.4446e-08 2.29143e-08 2.14778e-08 2.01307e-08 1.88674e-08 1.76828e-08
0.000159489 7.87406e-06 7.431e-06 7.01187e-06 6.61546e-06 6.2406e-06 5.8862e-06 5.55119e-06 5.23459e-06 4.93541e-06 4.65277e-06 4.38579e-06 4.13363e-06 3.89553e-06 3.67072e-06 3.4585e-06 3.2582e-06 3.06917e-06 2.89081e-06 2.72253e-06 2.56378e-06 2.41406e-06 2.27285e-06 2.13971e-06 2.01417e-06 1.89582e-06 1.78427e-06 1.67913e-06 1.58005e-06 1.48669e-06 1.39872e-06 1.31585e-06 1.23779e-06 1.16427e-06 1.09503e-06 1.02982e-06 9.68424e-07 9.1062e-07 8.56202e-07 8.04978e-07 7.56764e-07 7.11387e-07 6.68685e-07 6.28502e-07 5.90695e-07 5.55124e-07 5.21662e-07 4.90185e-07 4.60577e-07 4.32731e-07 4.06543e-07 3.81917e-07 3.58761e-07 3.36989e-07 3.16519e-07 2.97276e-07 2.79187e-07 2.62183e-07 2.46202e-07 2.31182e-07 2.17066e-07 2.03802e-07 1.91338e-07 1.79627e-07 1.68624e-07 1.58287e-07 1.48577e-07 1.39455e-07 1.30886e-07 1.22839e-07 1.1528e-07 1.08182e-07 1.01516e-07 9.52562e-08 8.93785e-08 8.38597e-08 7.86781e-08 7.38135e-08 6.92467e-08 6.49596e-08 6.09353e-08 5.7158e-08 5.36126e-08 5.0285e-08 4.71621e-08 4.42314e-08 4.14811e-08 3.89003e-08 3.64787e-08 3.42065e-08 3.20746e-08 3.00744e-08 2.8198e-08 2.64376e-08 2.47863e-08 2.32372e-08 2.17842e-08 2.04213e-08 1.9143e-08 1.79441e-08 1.68198e-08
0.000148097 7.36171e-06 6.9492e-06 6.55884e-06 6.18953e-06 5.8402e-06 5.50983e-06 5.19745e-06 4.90215e-06 4.62303e-06 4.35926e-06 4.11003e-06 3.87458e-06 3.6522e-06 3.44218e-06 3.24387e-06 3.05665e-06 2.87991e-06 2.71311e-06 2.5557e-06 2.40718e-06 2.26706e-06 2.13488e-06 2.01022e-06 1.89265e-06 1.7818e-06 1.67728e-06 1.57875e-06 1.48587e-06 1.39834e-06 1.31585e-06 1.23812e-06 1.16489e-06 1.0959e-06 1.03091e-06 9.69701e-07 9.12054e-07 8.57768e-07 8.06653e-07 7.58527e-07 7.1322e-07 6.70572e-07 6.30429e-07 5.92647e-07 5.57092e-07 5.23634e-07 4.92153e-07 4.62535e-07 4.3467e-07 4.08458e-07 3.83803e-07 3.60613e-07 3.38804e-07 3.18295e-07 2.99009e-07 2.80876e-07 2.63827e-07 2.47798e-07 2.3273e-07 2.18567e-07 2.05254e-07 1.92741e-07 1.80982e-07 1.69931e-07 1.59547e-07 1.49789e-07 1.40621e-07 1.32008e-07 1.23916e-07 1.16314e-07 1.09173e-07 1.02466e-07 9.61666e-08 9.02501e-08 8.46937e-08 7.94758e-08 7.45759e-08 6.99751e-08 6.56552e-08 6.15993e-08 5.77915e-08 5.42168e-08 5.0861e-08 4.7711e-08 4.47543e-08 4.1979e-08 3.93743e-08 3.69297e-08 3.46356e-08 3.24827e-08 3.04624e-08 2.85667e-08 2.6788e-08 2.51191e-08 2.35533e-08 2.20842e-08 2.07061e-08 1.94133e-08 1.82005e-08 1.70629e-08 1.59959e-08
0.000137518 6.88238e-06 6.49832e-06 6.13478e-06 5.79074e-06 5.46521e-06 5.15726e-06 4.866e-06 4.59057e-06 4.33018e-06 4.08403e-06 3.85139e-06 3.63156e-06 3.42386e-06 3.22767e-06 3.04237e-06 2.86738e-06 2.70215e-06 2.54617e-06 2.39894e-06 2.25999e-06 2.12886e-06 2.00515e-06 1.88843e-06 1.77834e-06 1.6745e-06 1.57658e-06 1.48425e-06 1.3972e-06 1.31514e-06 1.23779e-06 1.16489e-06 1.09619e-06 1.03146e-06 9.70468e-07 9.13011e-07 8.58888e-07 8.0791e-07 7.599e-07 7.14689e-07 6.72118e-07 6.32037e-07 5.94303e-07 5.58782e-07 5.25348e-07 4.9388e-07 4.64266e-07 4.36398e-07 4.10176e-07 3.85505e-07 3.62295e-07 3.4046e-07 3.19922e-07 3.00604e-07 2.82435e-07 2.65349e-07 2.49282e-07 2.34174e-07 2.1997e-07 2.06615e-07 1.9406e-07 1.82258e-07 1.71165e-07 1.60738e-07 1.50938e-07 1.41728e-07 1.33074e-07 1.24941e-07 1.173e-07 1.10121e-07 1.03376e-07 9.7039e-08 9.10864e-08 8.54949e-08 8.02429e-08 7.53101e-08 7.06773e-08 6.63265e-08 6.22407e-08 5.84041e-08 5.48016e-08 5.1419e-08 4.82432e-08 4.52617e-08 4.24626e-08 3.9835e-08 3.73685e-08 3.50533e-08 3.28802e-08 3.08406e-08 2.89264e-08 2.713e-08 2.54442e-08 2.38622e-08 2.23777e-08 2.09848e-08 1.96779e-08 1.84518e-08 1.73014e-08 1.62221e-08 1.52096e-08
