0.434922 0.104022 0.0447444 0.0192465 0.00827877 0.00356106 0.00153177 0.000658881 0.000283414 0.000121909 5.24383e-05 2.2556e-05 9.70233e-06 4.1734e-06 1.79516e-06 7.72178e-07 3.32148e-07 1.42871e-07 6.14552e-08 2.64346e-08 1.13707e-08 4.89102e-09 2.10384e-09 9.04956e-10 3.89261e-10 1.67438e-10 7.20226e-11 3.09801e-11 1.33259e-11 5.73205e-12 2.46561e-12 1.06057e-12 4.56196e-13 1.9623e-13 8.4407e-14 3.63072e-14 1.56173e-14 6.71769e-15 2.88957e-15 1.24293e-15 5.3464e-16 2.29972e-16 9.8921e-17 4.25503e-17 1.83027e-17 7.87281e-18 3.38644e-18 1.45666e-18 6.26572e-19 2.69516e-19 1.15931e-19 4.98669e-20 2.14499e-20 9.22656e-21 3.96875e-21 1.70713e-21 7.34313e-22 3.1586e-22 1.35865e-22 5.84416e-23 2.51383e-23 1.08131e-23 4.65119e-24 2.00068e-24 8.6058e-25 3.70173e-25 1.59228e-25 6.84908e-26 2.94609e-26 1.26724e-26 5.45097e-27 2.3447e-27 1.00856e-27 4.33825e-28 1.86607e-28 8.0268e-29 3.45268e-29 1.48515e-29 6.38828e-30 2.74788e-30 1.18198e-30 5.08423e-31 2.18695e-31 9.40703e-32 4.04638e-32 1.74052e-32 7.48676e-33 3.22038e-33 1.38523e-33 5.95847e-34 2.563e-34 1.10246e-34 4.74216e-35 2.03981e-35 8.77412e-36 3.77414e-36 1.62342e-36 6.98305e-37 3.00372e-37 1.29203e-37 5.55759e-38
0.104022 0.0448546 0.0229925 0.011481 0.00562278 0.00271296 0.00129358 0.000610886 0.000286195 0.000133182 6.16219e-05 2.83707e-05 1.30055e-05 5.9392e-06 2.70309e-06 1.22655e-06 5.55046e-07 2.50559e-07 1.12856e-07 5.07295e-08 2.27609e-08 1.01947e-08 4.55911e-09 2.03587e-09 9.07895e-10 4.04366e-10 1.79889e-10 7.99388e-11 3.54867e-11 1.57382e-11 6.97349e-12 3.08727e-12 1.36568e-12 6.03658e-13 2.66637e-13 1.17693e-13 5.19159e-14 2.28866e-14 1.00834e-14 4.44004e-15 1.95405e-15 8.59532e-16 3.77899e-16 1.66068e-16 7.29461e-17 3.20281e-17 1.40566e-17 6.16676e-18 2.70439e-18 1.18555e-18 5.19541e-19 2.27599e-19 9.96735e-20 4.36366e-20 1.90981e-20 8.35603e-21 3.65499e-21 1.59828e-21 6.98721e-22 3.05381e-22 1.33436e-22 5.82904e-23 2.54577e-23 1.11159e-23 4.85255e-24 2.11789e-24 9.24161e-25 4.03183e-25 1.75862e-25 7.66935e-26 3.34398e-26 1.45777e-26 6.35389e-27 2.76895e-27 1.20647e-27 5.25591e-28 2.28934e-28 9.9702e-29 4.34142e-29 1.89015e-29 8.22807e-30 3.58128e-30 1.55854e-30 6.78173e-31 2.95057e-31 1.28356e-31 5.58302e-32 2.42812e-32 1.05589e-32 4.5911e-33 1.99602e-33 8.67689e-34 3.77151e-34 1.63915e-34 7.12324e-35 3.09521e-35 1.34481e-35 5.84232e-36 2.53787e-36 1.10233e-36 4.78754e-37
0.0447444 0.0229925 0.0130758 0.00712627 0.00376788 0.00194726 0.000988526 0.000494628 0.000244558 0.000119705 5.80903e-05 2.79801e-05 1.33892e-05 6.37007e-06 3.01504e-06 1.42047e-06 6.66424e-07 3.11473e-07 1.45072e-07 6.73543e-08 3.118e-08 1.43951e-08 6.62923e-09 3.0458e-09 1.39636e-09 6.38868e-10 2.91743e-10 1.32989e-10 6.05204e-11 2.7498e-11 1.24753e-11 5.65185e-12 2.5571e-12 1.15545e-12 5.21475e-13 2.35081e-13 1.05858e-13 4.7619e-14 2.13995e-14 9.60758e-15 4.30952e-15 1.93137e-15 8.64843e-16 3.86956e-16 1.73002e-16 7.72893e-17 3.45047e-17 1.53936e-17 6.86298e-18 3.05781e-18 1.36157e-18 6.05917e-19 2.69487e-19 1.1979e-19 5.32195e-20 2.36318e-20 1.04883e-20 4.65265e-21 2.06297e-21 9.14294e-22 4.0503e-22 1.7935e-22 7.93841e-23 3.51229e-23 1.55337e-23 6.86743e-24 3.03495e-24 1.34076e-24 5.92101e-25 2.61392e-25 1.15357e-25 5.08924e-26 2.24452e-26 9.89601e-27 4.36179e-27 1.92195e-27 8.46629e-28 3.7284e-28 1.64147e-28 7.22481e-29 3.17912e-29 1.39854e-29 6.15084e-30 2.70451e-30 1.18888e-30 5.22498e-31 2.29579e-31 1.00852e-31 4.42933e-32 1.94491e-32 8.53827e-33 3.74757e-33 1.64453e-33 7.2152e-34 3.16497e-34 1.38806e-34 6.08649e-35 2.66836e-35 1.16962e-35 5.12588e-36 2.24604e-36
0.0192465 0.011481 0.00712627 0.00417623 0.00235196 0.0012861 0.000687363 0.000360673 0.000186405 9.51177e-05 4.80093e-05 2.40037e-05 1.19022e-05 5.85843e-06 2.86474e-06 1.3926e-06 6.73363e-07 3.24011e-07 1.55218e-07 7.40544e-08 3.51986e-08 1.6672e-08 7.87125e-09 3.70504e-09 1.73908e-09 8.1415e-10 3.80202e-10 1.7714e-10 8.23504e-11 3.82047e-11 1.76896e-11 8.17552e-12 3.77179e-12 1.73722e-12 7.9886e-13 3.66799e-13 1.68173e-13 7.69993e-14 3.52081e-14 1.60786e-14 7.33381e-15 3.34122e-15 1.52053e-15 6.91228e-16 3.13906e-16 1.42412e-16 6.45472e-17 2.92286e-17 1.32237e-17 5.97761e-18 2.69986e-18 1.21845e-18 5.4946e-19 2.47594e-19 1.11488e-19 5.01664e-20 2.2558e-20 1.01368e-20 4.55224e-21 2.04305e-21 9.16368e-22 4.10777e-22 1.84033e-22 8.2403e-23 3.68771e-23 1.64946e-23 7.37407e-24 3.295e-24 1.47161e-24 6.5694e-25 2.93129e-25 1.30736e-25 5.82833e-26 2.59721e-26 1.15688e-26 5.151e-27 2.29257e-27 1.01997e-27 4.53612e-28 2.01661e-28 8.9619e-29 3.9813e-29 1.76807e-29 7.84921e-30 3.48344e-30 1.54543e-30 6.85412e-31 3.03892e-31 1.34695e-31 5.96839e-32 2.64383e-32 1.17081e-32 5.1834e-33 2.29416e-33 1.01511e-33 4.49045e-34 1.98587e-34 8.78015e-35 3.881e-35 1.71505e-35 7.57715e-36
0.00827877 0.00562278 0.00376788 0.00235196 0.00139914 0.000803499 0.000449053 0.000245559 0.000131898 6.97875e-05 3.64525e-05 1.8829e-05 9.63101e-06 4.88369e-06 2.45729e-06 1.22782e-06 6.09631e-07 3.00954e-07 1.4779e-07 7.22248e-08 3.51387e-08 1.7025e-08 8.21702e-09 3.95169e-09 1.89407e-09 9.04984e-10 4.31125e-10 2.04813e-10 9.70448e-11 4.58679e-11 2.16285e-11 1.0176e-11 4.77756e-12 2.23853e-12 1.04685e-12 4.8867e-13 2.27712e-13 1.05933e-13 4.9202e-14 2.28176e-14 1.05662e-14 4.88601e-15 2.25633e-15 1.0406e-15 4.79316e-16 2.20513e-16 1.01331e-16 4.65116e-17 2.1326e-17 9.76796e-18 4.46949e-18 2.04309e-18 9.33049e-19 4.25719e-19 1.94069e-19 8.83923e-20 4.02263e-20 1.82917e-20 8.31104e-21 3.77333e-21 1.71187e-21 7.76077e-22 3.51587e-22 1.59171e-22 7.20122e-23 3.25587e-23 1.47114e-23 6.64315e-24 2.99802e-24 1.3522e-24 6.09535e-25 2.7461e-25 1.23651e-25 5.56479e-26 2.50308e-26 1.12534e-26 5.05679e-27 2.27121e-27 1.01961e-27 4.57523e-28 2.05208e-28 9.19989e-29 4.12272e-29 1.84672e-29 8.26873e-30 3.70084e-30 1.65572e-30 7.40469e-31 3.31024e-31 1.47928e-31 6.60818e-32 2.95091e-32 1.31728e-32 5.87826e-33 2.62224e-33 1.16937e-33 5.21298e-34 2.32318e-34 1.035e-34 4.60964e-35 2.05239e-35
0.00356106 0.00271296 0.00194726 0.0012861 0.000803499 0.000482112 0.000280437 0.000159135 8.84824e-05 4.83643e-05 2.60524e-05 1.38569e-05 7.28885e-06 3.79641e-06 1.96003e-06 1.00395e-06 5.1055e-07 2.57943e-07 1.2954e-07 6.46981e-08 3.21488e-08 1.58997e-08 7.82895e-09 3.83918e-09 1.87547e-09 9.12891e-10 4.42854e-10 2.1415e-10 1.03245e-10 4.96351e-11 2.37978e-11 1.13808e-11 5.42944e-12 2.58423e-12 1.2273e-12 5.81642e-13 2.75098e-13 1.29862e-13 6.11898e-14 2.87811e-14 1.35145e-14 6.33554e-15 2.96544e-15 1.38592e-15 6.46784e-16 3.0142e-16 1.40281e-16 6.52019e-17 3.02674e-17 1.40334e-17 6.4989e-18 3.00624e-18 1.38908e-18 6.41164e-19 2.95639e-19 1.36181e-19 6.26688e-20 2.88121e-20 1.32343e-20 6.07347e-21 2.78482e-21 1.27583e-21 5.84023e-22 2.67129e-22 1.22089e-22 5.5757e-23 2.54451e-23 1.16037e-23 5.28788e-24 2.40808e-24 1.0959e-24 4.98409e-25 2.2653e-25 1.02895e-25 4.67089e-26 2.11908e-26 9.60821e-27 4.35403e-27 1.97196e-27 8.92628e-28 4.03842e-28 1.82611e-28 8.25317e-29 3.72819e-29 1.6833e-29 7.59661e-30 3.42667e-30 1.54499e-30 6.9628e-31 3.13653e-31 1.4123e-31 6.35653e-32 2.85977e-32 1.28607e-32 5.78128e-33 2.59784e-33 1.16689e-33 5.23944e-34 2.35167e-34 1.05514e-34 4.73244e-35
0.00153177 0.00129358 0.000988526 0.000687363 0.000449053 0.000280437 0.000169196 9.93129e-05 5.69933e-05 3.20936e-05 1.77822e-05 9.71536e-06 5.24308e-06 2.79883e-06 1.47955e-06 7.75298e-07 4.03041e-07 2.08007e-07 1.0664e-07 5.43376e-08 2.75313e-08 1.38763e-08 6.95988e-09 3.47497e-09 1.72762e-09 8.55476e-10 4.2202e-10 2.07452e-10 1.01636e-10 4.96363e-11 2.41683e-11 1.17342e-11 5.68177e-12 2.74404e-12 1.32199e-12 6.35391e-13 3.04704e-13 1.45808e-13 6.96283e-14 3.31843e-14 1.57853e-14 7.49516e-15 3.55259e-15 1.68103e-15 7.94144e-16 3.74576e-16 1.7641e-16 8.29602e-17 3.89585e-17 1.82701e-17 8.55669e-18 4.00234e-18 1.86975e-18 8.7243e-19 4.06604e-19 1.89287e-19 8.80224e-20 4.08886e-20 1.89741e-20 8.79596e-21 4.07361e-21 1.88478e-21 8.71246e-22 4.02372e-22 1.85666e-22 8.55983e-23 3.94307e-23 1.81489e-23 8.34679e-24 3.83577e-24 1.76139e-24 8.08238e-25 3.70602e-25 1.69813e-25 7.7756e-26 3.55798e-26 1.627e-26 7.43517e-27 3.39563e-27 1.54982e-27 7.06937e-28 3.22272e-28 1.46829e-28 6.68583e-29 3.04269e-29 1.38395e-29 6.29151e-30 2.85864e-30 1.2982e-30 5.89257e-31 2.67333e-31 1.21224e-31 5.49441e-32 2.48914e-32 1.12714e-32 5.10164e-33 2.30807e-33 1.04376e-33 4.7181e-34 2.13182e-34 9.62843e-35
0.000658881 0.000610886 0.000494628 0.000360673 0.000245559 0.000159135 9.93129e-05 6.01482e-05 3.55435e-05 2.0575e-05 1.17021e-05 6.55472e-06 3.62261e-06 1.97847e-06 1.06911e-06 5.72213e-07 3.03617e-07 1.5983e-07 8.35297e-08 4.33635e-08 2.23732e-08 1.14774e-08 5.85663e-09 2.97365e-09 1.50282e-09 7.56183e-10 3.7893e-10 1.8915e-10 9.40721e-11 4.66239e-11 2.30318e-11 1.1342e-11 5.56876e-12 2.72646e-12 1.33126e-12 6.48349e-13 3.14979e-13 1.52661e-13 7.38227e-14 3.56211e-14 1.71522e-14 8.24248e-15 3.95329e-15 1.89257e-15 9.04411e-16 4.31449e-16 2.05479e-16 9.77028e-17 4.63841e-17 2.19875e-17 1.04076e-17 4.91939e-18 2.32208e-18 1.09463e-18 5.15346e-19 2.42319e-19 1.13802e-19 5.33826e-20 2.50122e-20 1.17064e-20 5.47293e-21 2.556e-21 1.19249e-21 5.55798e-22 2.58794e-22 1.20387e-22 5.59503e-23 2.59797e-23 1.20526e-23 5.58671e-24 2.58742e-24 1.19735e-24 5.53638e-25 2.55794e-25 1.18093e-25 5.44793e-26 2.51143e-26 1.15691e-26 5.32567e-27 2.44991e-27 1.12625e-27 5.17407e-28 2.37548e-28 1.08992e-28 4.9977e-29 2.29024e-29 1.0489e-29 4.80103e-30 2.19627e-30 1.00414e-30 4.58839e-31 2.09553e-31 9.56526e-32 4.36388e-32 1.98988e-32 9.06907e-33 4.13127e-33 1.88103e-33 8.56048e-34 3.89402e-34 1.77051e-34
0.000283414 0.000286195 0.000244558 0.000186405 0.000131898 8.84824e-05 5.69933e-05 3.55435e-05 2.15874e-05 1.28233e-05 7.47412e-06 4.28532e-06 2.42182e-06 1.35129e-06 7.45401e-07 4.06966e-07 2.20125e-07 1.18054e-07 6.28204e-08 3.31893e-08 1.74184e-08 9.08527e-09 4.71165e-09 2.4304e-09 1.24738e-09 6.37197e-10 3.24055e-10 1.64114e-10 8.27852e-11 4.16037e-11 2.08337e-11 1.03977e-11 5.17259e-12 2.56537e-12 1.26859e-12 6.25579e-13 3.07668e-13 1.50928e-13 7.38571e-14 3.60572e-14 1.75634e-14 8.53655e-15 4.14044e-15 2.00417e-15 9.68228e-16 4.66881e-16 2.24724e-16 1.07977e-16 5.1794e-17 2.48037e-17 1.18595e-17 5.66172e-18 2.69889e-18 1.28468e-18 6.10658e-19 2.89875e-19 1.3742e-19 6.50627e-20 3.07662e-20 1.45307e-20 6.85473e-21 3.22994e-21 1.52024e-21 7.14754e-22 3.35691e-22 1.57498e-22 7.38193e-23 3.45651e-23 1.61692e-23 7.55668e-24 3.52838e-24 1.64601e-24 7.67197e-25 3.57282e-25 1.66246e-25 7.72926e-26 3.59068e-26 1.66677e-26 7.73108e-27 3.58327e-27 1.65959e-27 7.68081e-28 3.55229e-28 1.64176e-28 7.58256e-29 3.49973e-29 1.61425e-29 7.44093e-30 3.42778e-30 1.57809e-30 7.26085e-31 3.33877e-31 1.53438e-31 7.04743e-32 3.23508e-32 1.48423e-32 6.80581e-33 3.11909e-33 1.42873e-33 6.54105e-34 2.99313e-34
0.000121909 0.000133182 0.000119705 9.51177e-05 6.97875e-05 4.83643e-05 3.20936e-05 2.0575e-05 1.28233e-05 7.80505e-06 4.65557e-06 2.72872e-06 1.57495e-06 8.9672e-07 5.04373e-07 2.80592e-07 1.54552e-07 8.4358e-08 4.56625e-08 2.45279e-08 1.30822e-08 6.9317e-09 3.65035e-09 1.91135e-09 9.95444e-10 5.15826e-10 2.66029e-10 1.36587e-10 6.98318e-11 3.55595e-11 1.80388e-11 9.11776e-12 4.59278e-12 2.3059e-12 1.1541e-12 5.75904e-13 2.86559e-13 1.42195e-13 7.03747e-14 3.47417e-14 1.71093e-14 8.40623e-15 4.12093e-15 2.01581e-15 9.84004e-16 4.7937e-16 2.33077e-16 1.13113e-16 5.47947e-17 2.64972e-17 1.27915e-17 6.16492e-18 2.96647e-18 1.42521e-18 6.83694e-19 3.27501e-19 1.56656e-19 7.48308e-20 3.5697e-20 1.70066e-20 8.09192e-21 3.84546e-21 1.82525e-21 8.65338e-22 4.09782e-22 1.93837e-22 9.15896e-23 4.3231e-23 2.03842e-23 9.60182e-24 4.51839e-24 2.1242e-24 9.97689e-25 4.6816e-25 2.19484e-25 1.02808e-25 4.81145e-26 2.24987e-26 1.05119e-26 4.90738e-27 2.28915e-27 1.06699e-27 4.96957e-28 2.31287e-28 1.07563e-28 4.9988e-29 2.32146e-29 1.07735e-29 4.99641e-30 2.31564e-30 1.0725e-30 4.96419e-31 2.29628e-31 1.06153e-31 4.90428e-32 2.26443e-32 1.04493e-32 4.81913e-33 2.22127e-33 1.02328e-33 4.71135e-34
5.24383e-05 6.16219e-05 5.80903e-05 4.80093e-05 3.64525e-05 2.60524e-05 1.77822e-05 1.17021e-05 7.47412e-06 4.65557e-06 2.83852e-06 1.69885e-06 1.00035e-06 5.80607e-07 3.32666e-07 1.88401e-07 1.05579e-07 5.85998e-08 3.22389e-08 1.75928e-08 9.5285e-09 5.12488e-09 2.73854e-09 1.45451e-09 7.68145e-10 4.03505e-10 2.10896e-10 1.09705e-10 5.6811e-11 2.9295e-11 1.50453e-11 7.69736e-12 3.92371e-12 1.99315e-12 1.00911e-12 5.09283e-13 2.56247e-13 1.28556e-13 6.4315e-14 3.20899e-14 1.59699e-14 7.92795e-15 3.92628e-15 1.94e-15 9.56444e-16 4.70529e-16 2.31001e-16 1.13181e-16 5.53468e-17 2.70146e-17 1.31619e-17 6.40137e-18 3.10805e-18 1.50656e-18 7.29101e-19 3.523e-19 1.69973e-19 8.18858e-20 3.93927e-20 1.89242e-20 9.07887e-21 4.34983e-21 2.0814e-21 9.94703e-22 4.7479e-22 2.26356e-22 1.0779e-22 5.12709e-23 2.43603e-23 1.15618e-23 5.48163e-24 2.59624e-24 1.22841e-24 5.80645e-25 2.74195e-25 1.2936e-25 6.09728e-26 2.87132e-26 1.35096e-26 6.35074e-27 2.9829e-27 1.39988e-27 6.5643e-28 3.07567e-28 1.43995e-28 6.73635e-29 3.149e-29 1.47095e-29 6.86608e-30 3.20265e-30 1.49282e-30 6.95352e-31 3.23675e-31 1.50566e-31 6.99939e-32 3.25174e-32 1.50973e-32 7.00507e-33 3.24835e-33 1.5054e-33 6.97247e-34
2.2556e-05 2.83707e-05 2.79801e-05 2.40037e-05 1.8829e-05 1.38569e-05 9.71536e-06 6.55472e-06 4.28532e-06 2.72872e-06 1.69885e-06 1.03723e-06 6.22528e-07 3.68e-07 2.14605e-07 1.23627e-07 7.04319e-08 3.97214e-08 2.21944e-08 1.22955e-08 6.7579e-09 3.68709e-09 1.99794e-09 1.07572e-09 5.75725e-10 3.06396e-10 1.62199e-10 8.54353e-11 4.4789e-11 2.33753e-11 1.21477e-11 6.28743e-12 3.24175e-12 1.66529e-12 8.52463e-13 4.34916e-13 2.21178e-13 1.12135e-13 5.66838e-14 2.85724e-14 1.43632e-14 7.20138e-15 3.60152e-15 1.7968e-15 8.94319e-16 4.44123e-16 2.20071e-16 1.08819e-16 5.36979e-17 2.64454e-17 1.2999e-17 6.37765e-18 3.12341e-18 1.527e-18 7.45264e-19 3.63133e-19 1.76654e-19 8.58038e-20 4.16132e-20 2.01518e-20 9.74482e-21 4.70572e-21 2.26927e-21 1.09288e-21 5.25645e-22 2.52503e-22 1.21144e-22 5.80522e-23 2.77859e-23 1.32841e-23 6.34382e-24 3.02618e-24 1.44203e-24 6.86432e-25 3.2642e-25 1.55067e-25 7.3593e-26 3.48929e-26 1.65283e-26 7.82202e-27 3.69843e-27 1.74716e-27 8.24651e-28 3.88901e-28 1.8325e-28 8.62772e-29 4.05881e-29 1.90792e-29 8.96158e-30 4.20611e-30 1.97266e-30 9.24501e-31 4.32962e-31 2.02622e-31 9.4759e-32 4.42853e-32 2.06827e-32 9.65316e-33 4.50247e-33 2.09872e-33 9.77659e-34
9.70233e-06 1.30055e-05 1.33892e-05 1.19022e-05 9.63101e-06 7.28885e-06 5.24308e-06 3.62261e-06 2.42182e-06 1.57495e-06 1.00035e-06 6.22528e-07 3.8052e-07 2.28923e-07 1.35776e-07 7.95042e-08 4.60157e-08 2.63519e-08 1.49448e-08 8.3999e-09 4.68224e-09 2.58992e-09 1.42234e-09 7.75896e-10 4.20605e-10 2.26662e-10 1.21469e-10 6.47552e-11 3.43499e-11 1.81356e-11 9.53229e-12 4.98906e-12 2.60066e-12 1.35043e-12 6.98653e-13 3.60181e-13 1.85062e-13 9.47782e-14 4.83898e-14 2.46323e-14 1.2503e-14 6.32888e-15 3.19512e-15 1.60893e-15 8.08192e-16 4.05003e-16 2.02489e-16 1.01014e-16 5.02832e-17 2.49782e-17 1.23829e-17 6.12679e-18 3.02566e-18 1.49145e-18 7.33869e-19 3.60475e-19 1.76766e-19 8.65385e-20 4.22987e-20 2.06428e-20 1.0059e-20 4.89441e-21 2.37806e-21 1.15382e-21 5.59059e-22 2.70521e-22 1.30731e-22 6.30967e-23 3.04156e-23 1.4644e-23 7.04224e-24 3.38267e-24 1.62299e-24 7.77848e-25 3.72394e-25 1.78095e-25 8.50842e-26 4.06076e-26 1.93612e-26 9.22225e-27 4.38861e-27 2.08646e-27 9.91052e-28 4.70319e-28 2.23e-28 1.05644e-28 5.0005e-29 2.36495e-29 1.11757e-29 5.27692e-30 2.48968e-30 1.17374e-30 5.52929e-31 2.60281e-31 1.22433e-31 5.75492e-32 2.70317e-32 1.26884e-32 5.95169e-33 2.78986e-33 1.30688e-33
4.1734e-06 5.9392e-06 6.37007e-06 5.85843e-06 4.88369e-06 3.79641e-06 2.79883e-06 1.97847e-06 1.35129e-06 8.9672e-07 5.80607e-07 3.68e-07 2.28923e-07 1.40064e-07 8.44341e-08 5.02228e-08 2.9513e-08 1.7152e-08 9.86748e-09 5.62382e-09 3.17757e-09 1.781e-09 9.90784e-10 5.47332e-10 3.0038e-10 1.63837e-10 8.88438e-11 4.79138e-11 2.57063e-11 1.37241e-11 7.2929e-12 3.85823e-12 2.03254e-12 1.06645e-12 5.574e-13 2.90265e-13 1.50623e-13 7.7897e-14 4.01551e-14 2.06352e-14 1.05724e-14 5.40119e-15 2.75168e-15 1.39812e-15 7.08546e-16 3.58187e-16 1.80636e-16 9.08842e-17 4.56239e-17 2.28533e-17 1.14232e-17 5.69816e-18 2.83673e-18 1.4095e-18 6.99032e-19 3.4605e-19 1.71006e-19 8.43604e-20 4.15468e-20 2.04282e-20 1.00284e-20 4.91546e-21 2.4057e-21 1.17566e-21 5.73719e-22 2.79583e-22 1.3606e-22 6.61257e-23 3.20957e-23 1.55586e-23 7.5328e-24 3.64263e-24 1.75937e-24 8.48783e-25 4.09018e-25 1.96882e-25 9.46663e-26 4.54698e-26 2.18171e-26 1.04575e-26 5.00753e-27 2.39548e-27 1.14483e-27 5.46617e-28 2.60748e-28 1.2427e-28 5.91728e-29 2.81513e-29 1.33814e-29 6.35535e-30 3.0159e-30 1.43002e-30 6.77516e-31 3.20742e-31 1.51725e-31 7.17182e-32 3.38749e-32 1.59885e-32 7.54092e-33 3.55413e-33 1.67394e-33
1.79516e-06 2.70309e-06 3.01504e-06 2.86474e-06 2.45729e-06 1.96003e-06 1.47955e-06 1.06911e-06 7.45401e-07 5.04373e-07 3.32666e-07 2.14605e-07 1.35776e-07 8.44341e-08 5.17025e-08 3.12223e-08 1.86182e-08 1.09751e-08 6.40161e-09 3.69778e-09 2.11681e-09 1.20167e-09 6.76867e-10 3.78491e-10 2.10203e-10 1.15994e-10 6.36211e-11 3.46967e-11 1.88204e-11 1.01565e-11 5.45444e-12 2.91573e-12 1.55178e-12 8.22415e-13 4.34119e-13 2.28275e-13 1.19595e-13 6.24367e-14 3.24861e-14 1.68479e-14 8.71035e-15 4.48975e-15 2.30755e-15 1.18268e-15 6.04524e-16 3.08199e-16 1.56732e-16 7.9511e-17 4.02417e-17 2.03206e-17 1.02385e-17 5.14766e-18 2.58274e-18 1.29324e-18 6.46286e-19 3.22364e-19 1.60497e-19 7.97636e-20 3.95717e-20 1.95986e-20 9.69052e-21 4.78374e-21 2.35779e-21 1.16031e-21 5.70159e-22 2.79758e-22 1.37073e-22 6.70679e-23 3.27709e-23 1.59913e-23 7.79324e-24 3.79315e-24 1.84393e-24 8.95281e-25 4.3417e-25 2.10308e-25 1.01755e-25 4.91782e-26 2.37419e-26 1.14497e-26 5.5159e-27 2.65456e-27 1.27624e-27 6.12973e-28 2.94124e-28 1.40996e-28 6.75268e-29 3.23109e-29 1.54465e-29 7.37785e-30 3.52088e-30 1.67882e-30 7.99819e-31 3.80735e-31 1.81094e-31 8.60673e-32 4.08728e-32 1.93953e-32 9.19667e-33 4.35755e-33 2.06318e-33
7.72178e-07 1.22655e-06 1.42047e-06 1.3926e-06 1.22782e-06 1.00395e-06 7.75298e-07 5.72213e-07 4.06966e-07 2.80592e-07 1.88401e-07 1.23627e-07 7.95042e-08 5.02228e-08 3.12223e-08 1.91322e-08 1.15714e-08 6.91538e-09 4.08779e-09 2.39208e-09 1.38677e-09 7.97005e-10 4.54365e-10 2.57077e-10 1.44425e-10 8.05988e-11 4.46979e-11 2.46417e-11 1.35089e-11 7.36648e-12 3.99676e-12 2.1581e-12 1.15997e-12 6.20769e-13 3.30828e-13 1.75608e-13 9.28598e-14 4.89241e-14 2.56858e-14 1.34399e-14 7.00958e-15 3.64444e-15 1.88913e-15 9.76416e-16 5.03258e-16 2.58686e-16 1.32623e-16 6.78218e-17 3.45985e-17 1.76082e-17 8.94082e-18 4.52973e-18 2.28997e-18 1.15526e-18 5.81624e-19 2.92246e-19 1.46561e-19 7.33629e-20 3.6656e-20 1.82829e-20 9.1032e-21 4.52495e-21 2.24555e-21 1.1126e-21 5.50396e-22 2.71865e-22 1.34087e-22 6.60375e-23 3.24773e-23 1.59503e-23 7.82291e-24 3.83173e-24 1.87439e-24 9.15749e-25 4.46843e-25 2.17775e-25 1.06009e-25 5.15438e-26 2.50331e-26 1.21442e-26 5.885e-27 2.84879e-27 1.37758e-27 6.65467e-28 3.21142e-28 1.54823e-28 7.45681e-29 3.58802e-29 1.72484e-29 8.28407e-30 3.97507e-30 1.90572e-30 9.12842e-31 4.36876e-31 2.08908e-31 9.98141e-32 4.76512e-32 2.27305e-32 1.08343e-32 5.16005e-33 2.45571e-33
3.32148e-07 5.55046e-07 6.66424e-07 6.73363e-07 6.09631e-07 5.1055e-07 4.03041e-07 3.03617e-07 2.20125e-07 1.54552e-07 1.05579e-07 7.04319e-08 4.60157e-08 2.9513e-08 1.86182e-08 1.15714e-08 7.09503e-09 4.29693e-09 2.57301e-09 1.5247e-09 8.9481e-10 5.20446e-10 3.00182e-10 1.71788e-10 9.75923e-11 5.50608e-11 3.08636e-11 1.71943e-11 9.52365e-12 5.24603e-12 2.87467e-12 1.56742e-12 8.50605e-13 4.59523e-13 2.47179e-13 1.32411e-13 7.06509e-14 3.75548e-14 1.98899e-14 1.04974e-14 5.52168e-15 2.89504e-15 1.51315e-15 7.88507e-16 4.09701e-16 2.12281e-16 1.09693e-16 5.6534e-17 2.90628e-17 1.49039e-17 7.62477e-18 3.89182e-18 1.98201e-18 1.0072e-18 5.10746e-19 2.58467e-19 1.30539e-19 6.58009e-20 3.31057e-20 1.66256e-20 8.33436e-21 4.17071e-21 2.08358e-21 1.03917e-21 5.17446e-22 2.5725e-22 1.27696e-22 6.32915e-23 3.13238e-23 1.54803e-23 7.63968e-24 3.76508e-24 1.85306e-24 9.10824e-25 4.47116e-25 2.1921e-25 1.0734e-25 5.2498e-26 2.56454e-26 1.25133e-26 6.09873e-27 2.9691e-27 1.44389e-27 7.01423e-28 3.40384e-28 1.6501e-28 7.99117e-29 3.86616e-29 1.86864e-29 9.02307e-30 4.35286e-30 2.09794e-30 1.01023e-30 4.86021e-31 2.3362e-31 1.12199e-31 5.38397e-32 2.58138e-32 1.23665e-32 5.91954e-33 2.8313e-33
1.42871e-07 2.50559e-07 3.11473e-07 3.24011e-07 3.00954e-07 2.57943e-07 2.08007e-07 1.5983e-07 1.18054e-07 8.4358e-08 5.85998e-08 3.97214e-08 2.63519e-08 1.7152e-08 1.09751e-08 6.91538e-09 4.29693e-09 2.63612e-09 1.59842e-09 9.58807e-10 5.69427e-10 3.35056e-10 1.95453e-10 1.13099e-10 6.49506e-11 3.70352e-11 2.09764e-11 1.18058e-11 6.6047e-12 3.67403e-12 2.03277e-12 1.11893e-12 6.12901e-13 3.34158e-13 1.81374e-13 9.80273e-14 5.27646e-14 2.82903e-14 1.51112e-14 8.04245e-15 4.26549e-15 2.25474e-15 1.18802e-15 6.24022e-16 3.26793e-16 1.70642e-16 8.8855e-17 4.61425e-17 2.3899e-17 1.23469e-17 6.36301e-18 3.27139e-18 1.67801e-18 8.58777e-19 4.38548e-19 2.23476e-19 1.13645e-19 5.7676e-20 2.9214e-20 1.47694e-20 7.45292e-21 3.75411e-21 1.88765e-21 9.47528e-22 4.74826e-22 2.37556e-22 1.1866e-22 5.91788e-23 2.94691e-23 1.46528e-23 7.27514e-24 3.60699e-24 1.78585e-24 8.82982e-25 4.35994e-25 2.15002e-25 1.05889e-25 5.2085e-26 2.55884e-26 1.2556e-26 6.1539e-27 3.01263e-27 1.47316e-27 7.19567e-28 3.5109e-28 1.71121e-28 8.33162e-29 4.05237e-29 1.96902e-29 9.5578e-30 4.63492e-30 2.24548e-30 1.08685e-30 5.25562e-31 2.53913e-31 1.22562e-31 5.91078e-32 2.84812e-32 1.3712e-32 6.59599e-33 3.17031e-33
6.14552e-08 1.12856e-07 1.45072e-07 1.55218e-07 1.4779e-07 1.2954e-07 1.0664e-07 8.35297e-08 6.28204e-08 4.56625e-08 3.22389e-08 2.21944e-08 1.49448e-08 9.86748e-09 6.40161e-09 4.08779e-09 2.57301e-09 1.59842e-09 9.8108e-10 5.95518e-10 3.57782e-10 2.12909e-10 1.25574e-10 7.34496e-11 4.26272e-11 2.45582e-11 1.40508e-11 7.98675e-12 4.51183e-12 2.5339e-12 1.41517e-12 7.86193e-13 4.34567e-13 2.39053e-13 1.30898e-13 7.13611e-14 3.87399e-14 2.0946e-14 1.12812e-14 6.05332e-15 3.23648e-15 1.72446e-15 9.15771e-16 4.84761e-16 2.55813e-16 1.34592e-16 7.06087e-17 3.69388e-17 1.92722e-17 1.00286e-17 5.20527e-18 2.69511e-18 1.3921e-18 7.17392e-19 3.6886e-19 1.89241e-19 9.68817e-20 4.94957e-20 2.52358e-20 1.28414e-20 6.52191e-21 3.30619e-21 1.67298e-21 8.4505e-22 4.26111e-22 2.14501e-22 1.078e-22 5.40889e-23 2.70966e-23 1.35535e-23 6.76919e-24 3.37585e-24 1.68114e-24 8.36012e-25 4.15168e-25 2.05896e-25 1.01976e-25 5.04415e-26 2.49187e-26 1.22949e-26 6.05889e-27 2.98225e-27 1.46617e-27 7.19991e-28 3.53166e-28 1.73042e-28 8.46937e-29 4.14083e-29 2.02241e-29 9.86745e-30 4.80951e-30 2.34189e-30 1.13922e-30 5.53647e-31 2.68812e-31 1.30395e-31 6.31943e-32 3.05989e-32 1.4803e-32 7.15514e-33 3.45553e-33
2.64346e-08 5.07295e-08 6.73543e-08 7.40544e-08 7.22248e-08 6.46981e-08 5.43376e-08 4.33635e-08 3.31893e-08 2.45279e-08 1.75928e-08 1.22955e-08 8.3999e-09 5.62382e-09 3.69778e-09 2.39208e-09 1.5247e-09 9.58807e-10 5.95518e-10 3.65676e-10 2.2218e-10 1.33673e-10 7.96905e-11 4.71029e-11 2.76185e-11 1.6072e-11 9.28649e-12 5.32982e-12 3.03956e-12 1.72301e-12 9.71132e-13 5.44379e-13 3.03576e-13 1.68455e-13 9.30338e-14 5.11483e-14 2.79986e-14 1.52628e-14 8.28699e-15 4.48221e-15 2.41537e-15 1.29697e-15 6.94044e-16 3.70176e-16 1.96809e-16 1.04314e-16 5.51247e-17 2.90467e-17 1.52629e-17 7.99838e-18 4.18051e-18 2.17948e-18 1.13346e-18 5.88058e-19 3.04385e-19 1.57197e-19 8.10048e-20 4.16532e-20 2.13738e-20 1.09455e-20 5.59412e-21 2.85359e-21 1.45291e-21 7.38393e-22 3.74596e-22 1.89706e-22 9.59092e-23 4.84081e-23 2.43933e-23 1.22725e-23 6.16484e-24 3.09208e-24 1.54859e-24 7.74445e-25 3.86747e-25 1.92867e-25 9.60501e-26 4.77702e-26 2.37273e-26 1.17701e-26 5.83135e-27 2.8855e-27 1.42609e-27 7.03978e-28 3.47108e-28 1.70952e-28 8.41001e-29 4.13276e-29 2.02869e-29 9.94782e-30 4.8729e-30 2.38453e-30 1.16568e-30 5.6928e-31 2.77747e-31 1.35381e-31 6.5926e-32 3.2074e-32 1.55903e-32 7.57122e-33 3.67362e-33
1.13707e-08 2.27609e-08 3.118e-08 3.51986e-08 3.51387e-08 3.21488e-08 2.75313e-08 2.23732e-08 1.74184e-08 1.30822e-08 9.5285e-09 6.7579e-09 4.68224e-09 3.17757e-09 2.11681e-09 1.38677e-09 8.9481e-10 5.69427e-10 3.57782e-10 2.2218e-10 1.36481e-10 8.29966e-11 4.99989e-11 2.98565e-11 1.76821e-11 1.0391e-11 6.0619e-12 3.51204e-12 2.02149e-12 1.15636e-12 6.5759e-13 3.71865e-13 2.0917e-13 1.17058e-13 6.51908e-14 3.61369e-14 1.99424e-14 1.09584e-14 5.99698e-15 3.26891e-15 1.77511e-15 9.60413e-16 5.17799e-16 2.78219e-16 1.49001e-16 7.9545e-17 4.23357e-17 2.24653e-17 1.1887e-17 6.27224e-18 3.30068e-18 1.7324e-18 9.0697e-19 4.7366e-19 2.46775e-19 1.2827e-19 6.65223e-20 3.44234e-20 1.7775e-20 9.15922e-21 4.71005e-21 2.41731e-21 1.23823e-21 6.33067e-22 3.23073e-22 1.64579e-22 8.36922e-23 4.24867e-23 2.15325e-23 1.0895e-23 5.50383e-24 2.77603e-24 1.39804e-24 7.03015e-25 3.52999e-25 1.76995e-25 8.86209e-26 4.43113e-26 2.21262e-26 1.10338e-26 5.49519e-27 2.7333e-27 1.35785e-27 6.73725e-28 3.33882e-28 1.6527e-28 8.17129e-29 4.03548e-29 1.99075e-29 9.80982e-30 4.8288e-30 2.37442e-30 1.16634e-30 5.72334e-31 2.80568e-31 1.37403e-31 6.72256e-32 3.28593e-32 1.60462e-32 7.82864e-33 3.81597e-33
4.89102e-09 1.01947e-08 1.43951e-08 1.6672e-08 1.7025e-08 1.58997e-08 1.38763e-08 1.14774e-08 9.08527e-09 6.9317e-09 5.12488e-09 3.68709e-09 2.58992e-09 1.781e-09 1.20167e-09 7.97005e-10 5.20446e-10 3.35056e-10 2.12909e-10 1.33673e-10 8.29966e-11 5.10012e-11 3.10392e-11 1.87206e-11 1.11958e-11 6.64253e-12 3.9116e-12 2.28717e-12 1.3284e-12 7.66655e-13 4.39791e-13 2.5084e-13 1.42288e-13 8.02917e-14 4.5082e-14 2.51918e-14 1.40129e-14 7.76048e-15 4.27975e-15 2.35065e-15 1.28607e-15 7.00988e-16 3.80702e-16 2.06036e-16 1.11132e-16 5.97476e-17 3.2021e-17 1.71091e-17 9.11462e-18 4.84184e-18 2.56495e-18 1.35513e-18 7.14089e-19 3.7534e-19 1.96801e-19 1.02942e-19 5.37219e-20 2.79721e-20 1.45326e-20 7.5341e-21 3.89773e-21 2.01237e-21 1.03691e-21 5.33256e-22 2.73721e-22 1.40243e-22 7.17248e-23 3.6618e-23 1.86627e-23 9.49561e-24 4.82346e-24 2.44622e-24 1.23866e-24 6.26235e-25 3.16133e-25 1.59353e-25 8.02095e-26 4.03158e-26 2.02359e-26 1.01433e-26 5.0776e-27 2.53845e-27 1.26743e-27 6.32018e-28 3.14776e-28 1.56584e-28 7.77991e-29 3.86097e-29 1.9139e-29 9.47662e-30 4.68713e-30 2.31573e-30 1.14289e-30 5.63461e-31 2.77508e-31 1.36535e-31 6.71091e-32 3.29527e-32 1.61651e-32 7.92237e-33 3.87904e-33
2.10384e-09 4.55911e-09 6.62923e-09 7.87125e-09 8.21702e-09 7.82895e-09 6.95988e-09 5.85663e-09 4.71165e-09 3.65035e-09 2.73854e-09 1.99794e-09 1.42234e-09 9.90784e-10 6.76867e-10 4.54365e-10 3.00182e-10 1.95453e-10 1.25574e-10 7.96905e-11 4.99989e-11 3.10392e-11 1.90796e-11 1.16201e-11 7.01599e-12 4.20171e-12 2.49704e-12 1.47324e-12 8.63248e-13 5.02538e-13 2.90746e-13 1.67225e-13 9.56425e-14 5.44094e-14 3.07945e-14 1.73438e-14 9.72252e-15 5.42572e-15 3.0148e-15 1.66823e-15 9.19424e-16 5.04783e-16 2.7611e-16 1.50489e-16 8.17389e-17 4.42488e-17 2.38766e-17 1.28436e-17 6.88793e-18 3.68314e-18 1.96387e-18 1.04427e-18 5.53798e-19 2.92929e-19 1.54553e-19 8.13444e-20 4.27113e-20 2.23743e-20 1.16943e-20 6.09882e-21 3.17384e-21 1.64823e-21 8.54211e-22 4.41825e-22 2.28083e-22 1.1752e-22 6.04407e-23 3.10286e-23 1.59011e-23 8.13478e-24 4.15461e-24 2.11835e-24 1.07836e-24 5.48082e-25 2.78134e-25 1.40931e-25 7.13038e-26 3.60237e-26 1.81738e-26 9.15579e-27 4.6063e-27 2.31433e-27 1.16125e-27 5.81923e-28 2.91243e-28 1.45581e-28 7.26811e-29 3.62425e-29 1.80511e-29 8.98019e-30 4.46246e-30 2.21502e-30 1.09825e-30 5.43951e-31 2.69126e-31 1.33014e-31 6.56739e-32 3.23929e-32 1.59616e-32 7.85734e-33 3.86419e-33
9.04956e-10 2.03587e-09 3.0458e-09 3.70504e-09 3.95169e-09 3.83918e-09 3.47497e-09 2.97365e-09 2.4304e-09 1.91135e-09 1.45451e-09 1.07572e-09 7.75896e-10 5.47332e-10 3.78491e-10 2.57077e-10 1.71788e-10 1.13099e-10 7.34496e-11 4.71029e-11 2.98565e-11 1.87206e-11 1.16201e-11 7.14487e-12 4.35436e-12 2.63167e-12 1.57806e-12 9.39267e-13 5.55138e-13 3.25925e-13 1.90144e-13 1.10262e-13 6.35739e-14 3.64542e-14 2.07941e-14 1.1802e-14 6.66628e-15 3.74809e-15 2.09804e-15 1.16942e-15 6.49156e-16 3.58935e-16 1.97711e-16 1.08507e-16 5.93395e-17 3.23405e-17 1.75676e-17 9.5124e-18 5.13478e-18 2.76345e-18 1.48291e-18 7.93515e-19 4.23453e-19 2.25372e-19 1.19639e-19 6.33508e-20 3.34635e-20 1.76343e-20 9.27128e-21 4.86342e-21 2.5456e-21 1.32956e-21 6.92977e-22 3.6045e-22 1.87115e-22 9.69456e-23 5.01332e-23 2.58773e-23 1.33329e-23 6.85748e-24 3.52089e-24 1.8047e-24 9.23505e-25 4.71813e-25 2.40664e-25 1.22568e-25 6.23282e-26 3.16478e-26 1.6046e-26 8.124e-27 4.10735e-27 2.07375e-27 1.0456e-27 5.26497e-28 2.64766e-28 1.32977e-28 6.67027e-29 3.34177e-29 1.67219e-29 8.35751e-30 4.17217e-30 2.08041e-30 1.03621e-30 5.15541e-31 2.56216e-31 1.27199e-31 6.30817e-32 3.12516e-32 1.54667e-32 7.64696e-33 3.77702e-33
3.89261e-10 9.07895e-10 1.39636e-09 1.73908e-09 1.89407e-09 1.87547e-09 1.72762e-09 1.50282e-09 1.24738e-09 9.95444e-10 7.68145e-10 5.75725e-10 4.20605e-10 3.0038e-10 2.10203e-10 1.44425e-10 9.75923e-11 6.49506e-11 4.26272e-11 2.76185e-11 1.76821e-11 1.11958e-11 7.01599e-12 4.35436e-12 2.67807e-12 1.63311e-12 9.87914e-13 5.93095e-13 3.53514e-13 2.09281e-13 1.23094e-13 7.19565e-14 4.18168e-14 2.41655e-14 1.38903e-14 7.94334e-15 4.52021e-15 2.56016e-15 1.44347e-15 8.10329e-16 4.52997e-16 2.52219e-16 1.39885e-16 7.72926e-17 4.25531e-17 2.33456e-17 1.27647e-17 6.95655e-18 3.77921e-18 2.04679e-18 1.10523e-18 5.95086e-19 3.19513e-19 1.71086e-19 9.13673e-20 4.86688e-20 2.58598e-20 1.3707e-20 7.24817e-21 3.82396e-21 2.0129e-21 1.05725e-21 5.54122e-22 2.89819e-22 1.51274e-22 7.88025e-23 4.09706e-23 2.12608e-23 1.10125e-23 5.69379e-24 2.93866e-24 1.51407e-24 7.7876e-25 3.99891e-25 2.0501e-25 1.04934e-25 5.36267e-26 2.73642e-26 1.39423e-26 7.0933e-27 3.60361e-27 1.82816e-27 9.26168e-28 4.68571e-28 2.36746e-28 1.1946e-28 6.02007e-29 3.02994e-29 1.5231e-29 7.64707e-30 3.83479e-30 1.92078e-30 9.60974e-31 4.80233e-31 2.39722e-31 1.19533e-31 5.95382e-32 2.96239e-32 1.47243e-32 7.31109e-33 3.6265e-33
1.67438e-10 4.04366e-10 6.38868e-10 8.1415e-10 9.04984e-10 9.12891e-10 8.55476e-10 7.56183e-10 6.37197e-10 5.15826e-10 4.03505e-10 3.06396e-10 2.26662e-10 1.63837e-10 1.15994e-10 8.05988e-11 5.50608e-11 3.70352e-11 2.45582e-11 1.6072e-11 1.0391e-11 6.64253e-12 4.20171e-12 2.63167e-12 1.63311e-12 1.00466e-12 6.12994e-13 3.71129e-13 2.23052e-13 1.33126e-13 7.89307e-14 4.65045e-14 2.72356e-14 1.58596e-14 9.18476e-15 5.29138e-15 3.03311e-15 1.73028e-15 9.82508e-16 5.55424e-16 3.12647e-16 1.75265e-16 9.78611e-17 5.44328e-17 3.01651e-17 1.6657e-17 9.16611e-18 5.02714e-18 2.74821e-18 1.49767e-18 8.13691e-19 4.40779e-19 2.38088e-19 1.28247e-19 6.88936e-20 3.69122e-20 1.97265e-20 1.0516e-20 5.59238e-21 2.96701e-21 1.57051e-21 8.29452e-22 4.3711e-22 2.2986e-22 1.20624e-22 6.31713e-23 3.30175e-23 1.72237e-23 8.96777e-24 4.66056e-24 2.41772e-24 1.25199e-24 6.47211e-25 3.34004e-25 1.72082e-25 8.85144e-26 4.54568e-26 2.3308e-26 1.19329e-26 6.10006e-27 3.11375e-27 1.58711e-27 8.07817e-28 4.10597e-28 2.08414e-28 1.05647e-28 5.34828e-29 2.70403e-29 1.36539e-29 6.88594e-30 3.46846e-30 1.74497e-30 8.76848e-31 4.40105e-31 2.20643e-31 1.10494e-31 5.52718e-32 2.76183e-32 1.37856e-32 6.87377e-33 3.42385e-33
7.20226e-11 1.79889e-10 2.91743e-10 3.80202e-10 4.31125e-10 4.42854e-10 4.2202e-10 3.7893e-10 3.24055e-10 2.66029e-10 2.10896e-10 1.62199e-10 1.21469e-10 8.88438e-11 6.36211e-11 4.46979e-11 3.08636e-11 2.09764e-11 1.40508e-11 9.28649e-12 6.0619e-12 3.9116e-12 2.49704e-12 1.57806e-12 9.87914e-13 6.12994e-13 3.77186e-13 2.3026e-13 1.39517e-13 8.39365e-14 5.01582e-14 2.97812e-14 1.75745e-14 1.03106e-14 6.01529e-15 3.49066e-15 2.01527e-15 1.15777e-15 6.62005e-16 3.76815e-16 2.1355e-16 1.20515e-16 6.77366e-17 3.79233e-17 2.11518e-17 1.17545e-17 6.50917e-18 3.59223e-18 1.9759e-18 1.08336e-18 5.92152e-19 3.22688e-19 1.75332e-19 9.49956e-20 5.13271e-20 2.76582e-20 1.4865e-20 7.96899e-21 4.26153e-21 2.27343e-21 1.20997e-21 6.42503e-22 3.40412e-22 1.79965e-22 9.49395e-23 4.99809e-23 2.62591e-23 1.37688e-23 7.20559e-24 3.76375e-24 1.96231e-24 1.02124e-24 5.30541e-25 2.75141e-25 1.42447e-25 7.36258e-26 3.79925e-26 1.95737e-26 1.00685e-26 5.17123e-27 2.65197e-27 1.358e-27 6.94392e-28 3.54561e-28 1.80789e-28 9.20572e-29 4.68123e-29 2.37732e-29 1.20574e-29 6.10752e-30 3.08982e-30 1.56123e-30 7.87905e-31 3.9716e-31 1.99962e-31 1.00562e-31 5.05154e-32 2.53473e-32 1.27047e-32 6.36105e-33 3.1815e-33
3.09801e-11 7.99388e-11 1.32989e-10 1.7714e-10 2.04813e-10 2.1415e-10 2.07452e-10 1.8915e-10 1.64114e-10 1.36587e-10 1.09705e-10 8.54353e-11 6.47552e-11 4.79138e-11 3.46967e-11 2.46417e-11 1.71943e-11 1.18058e-11 7.98675e-12 5.32982e-12 3.51204e-12 2.28717e-12 1.47324e-12 9.39267e-13 5.93095e-13 3.71129e-13 2.3026e-13 1.41712e-13 8.65525e-14 5.24814e-14 3.16039e-14 1.89073e-14 1.12411e-14 6.64348e-15 3.90399e-15 2.28166e-15 1.32655e-15 7.67398e-16 4.41798e-16 2.53173e-16 1.44436e-16 8.2048e-17 4.64157e-17 2.61534e-17 1.46797e-17 8.20897e-18 4.57399e-18 2.53973e-18 1.40545e-18 7.75211e-19 4.26234e-19 2.33636e-19 1.27683e-19 6.95773e-20 3.78074e-20 2.04878e-20 1.10728e-20 5.96885e-21 3.20942e-21 1.72145e-21 9.21127e-22 4.91733e-22 2.61908e-22 1.39188e-22 7.38094e-23 3.90572e-23 2.06248e-23 1.08693e-23 5.71679e-24 3.00099e-24 1.57237e-24 8.22323e-25 4.29282e-25 2.23704e-25 1.16373e-25 6.04354e-26 3.13334e-26 1.62187e-26 8.38164e-27 4.32475e-27 2.22806e-27 1.14614e-27 5.88713e-28 3.01954e-28 1.54653e-28 7.90986e-29 4.04001e-29 2.06068e-29 1.0497e-29 5.34011e-30 2.7132e-30 1.37679e-30 6.97775e-31 3.53212e-31 1.78582e-31 9.01837e-32 4.54901e-32 2.29198e-32 1.1535e-32 5.79894e-33 2.9121e-33
1.33259e-11 3.54867e-11 6.05204e-11 8.23504e-11 9.70448e-11 1.03245e-10 1.01636e-10 9.40721e-11 8.27852e-11 6.98318e-11 5.6811e-11 4.4789e-11 3.43499e-11 2.57063e-11 1.88204e-11 1.35089e-11 9.52365e-12 6.6047e-12 4.51183e-12 3.03956e-12 2.02149e-12 1.3284e-12 8.63248e-13 5.55138e-13 3.53514e-13 2.23052e-13 1.39517e-13 8.65525e-14 5.32785e-14 3.25551e-14 1.97533e-14 1.19058e-14 7.13045e-15 4.24458e-15 2.51207e-15 1.47847e-15 8.65527e-16 5.04114e-16 2.92177e-16 1.68544e-16 9.67848e-17 5.53352e-17 3.15039e-17 1.78633e-17 1.0089e-17 5.67662e-18 3.18226e-18 1.77761e-18 9.89562e-19 5.49036e-19 3.03637e-19 1.67396e-19 9.20052e-20 5.04191e-20 2.75505e-20 1.50124e-20 8.15808e-21 4.42158e-21 2.39027e-21 1.28892e-21 6.93337e-22 3.72071e-22 1.99204e-22 1.0641e-22 5.6716e-23 3.01641e-23 1.60087e-23 8.47864e-24 4.48146e-24 2.36405e-24 1.24467e-24 6.54086e-25 3.43093e-25 1.7964e-25 9.38913e-26 4.89886e-26 2.55168e-26 1.32689e-26 6.88867e-27 3.57059e-27 1.84784e-27 9.54815e-28 4.92628e-28 2.5379e-28 1.30557e-28 6.70662e-29 3.44032e-29 1.76237e-29 9.01585e-30 4.60616e-30 2.3502e-30 1.1976e-30 6.09498e-31 3.09809e-31 1.57284e-31 7.97543e-32 4.03935e-32 2.04345e-32 1.03257e-32 5.21179e-33 2.62768e-33
5.73205e-12 1.57382e-11 2.7498e-11 3.82047e-11 4.58679e-11 4.96351e-11 4.96363e-11 4.66239e-11 4.16037e-11 3.55595e-11 2.9295e-11 2.33753e-11 1.81356e-11 1.37241e-11 1.01565e-11 7.36648e-12 5.24603e-12 3.67403e-12 2.5339e-12 1.72301e-12 1.15636e-12 7.66655e-13 5.02538e-13 3.25925e-13 2.09281e-13 1.33126e-13 8.39365e-14 5.24814e-14 3.25551e-14 2.00433e-14 1.22523e-14 7.43897e-15 4.4874e-15 2.69023e-15 1.6033e-15 9.50131e-16 5.60009e-16 3.28357e-16 1.9157e-16 1.11229e-16 6.4284e-17 3.69872e-17 2.11902e-17 1.20897e-17 6.87007e-18 3.88889e-18 2.19313e-18 1.23234e-18 6.90042e-19 3.85073e-19 2.14181e-19 1.18749e-19 6.56341e-20 3.61677e-20 1.98719e-20 1.08873e-20 5.94838e-21 3.2412e-21 1.76146e-21 9.54831e-22 5.16296e-22 2.78493e-22 1.49865e-22 8.04607e-23 4.31008e-23 2.30371e-23 1.22868e-23 6.53931e-24 3.47323e-24 1.84103e-24 9.73945e-25 5.14248e-25 2.71015e-25 1.42565e-25 7.48596e-26 3.92387e-26 2.05319e-26 1.07253e-26 5.59324e-27 2.91213e-27 1.51378e-27 7.85656e-28 4.07131e-28 2.10659e-28 1.08838e-28 5.615e-29 2.89266e-29 1.48811e-29 7.64495e-30 3.92216e-30 2.00954e-30 1.02825e-30 5.25464e-31 2.68186e-31 1.36707e-31 6.96004e-32 3.53924e-32 1.7976e-32 9.11951e-33 4.62115e-33 2.33904e-33
2.46561e-12 6.97349e-12 1.24753e-11 1.76896e-11 2.16285e-11 2.37978e-11 2.41683e-11 2.30318e-11 2.08337e-11 1.80388e-11 1.50453e-11 1.21477e-11 9.53229e-12 7.2929e-12 5.45444e-12 3.99676e-12 2.87467e-12 2.03277e-12 1.41517e-12 9.71132e-13 6.5759e-13 4.39791e-13 2.90746e-13 1.90144e-13 1.23094e-13 7.89307e-14 5.01582e-14 3.16039e-14 1.97533e-14 1.22523e-14 7.54465e-15 4.61378e-15 2.80292e-15 1.69212e-15 1.0154e-15 6.05818e-16 3.59459e-16 2.12156e-16 1.24581e-16 7.27987e-17 4.234e-17 2.45137e-17 1.41308e-17 8.11134e-18 4.63712e-18 2.64055e-18 1.49791e-18 8.46598e-19 4.7678e-19 2.67581e-19 1.49671e-19 8.34456e-20 4.63765e-20 2.56956e-20 1.41947e-20 7.81864e-21 4.29449e-21 2.35233e-21 1.28506e-21 7.00194e-22 3.80549e-22 2.06313e-22 1.11582e-22 6.02057e-23 3.24103e-23 1.74082e-23 9.32976e-24 4.9895e-24 2.66277e-24 1.41814e-24 7.53766e-25 3.99854e-25 2.11706e-25 1.11879e-25 5.90156e-26 3.10743e-26 1.63332e-26 8.57014e-27 4.4892e-27 2.34762e-27 1.22569e-27 6.38904e-28 3.32515e-28 1.72789e-28 8.96535e-29 4.64486e-29 2.40295e-29 1.24136e-29 6.40378e-30 3.29896e-30 1.69718e-30 8.71964e-31 4.47404e-31 2.29266e-31 1.17336e-31 5.9976e-32 3.06191e-32 1.56128e-32 7.95161e-33 4.04502e-33 2.05535e-33
1.06057e-12 3.08727e-12 5.65185e-12 8.17552e-12 1.0176e-11 1.13808e-11 1.17342e-11 1.1342e-11 1.03977e-11 9.11776e-12 7.69736e-12 6.28743e-12 4.98906e-12 3.85823e-12 2.91573e-12 2.1581e-12 1.56742e-12 1.11893e-12 7.86193e-13 5.44379e-13 3.71865e-13 2.5084e-13 1.67225e-13 1.10262e-13 7.19565e-14 4.65045e-14 2.97812e-14 1.89073e-14 1.19058e-14 7.43897e-15 4.61378e-15 2.84149e-15 1.73829e-15 1.05662e-15 6.3835e-16 3.83401e-16 2.28986e-16 1.36027e-16 8.0388e-17 4.72714e-17 2.76647e-17 1.61157e-17 9.34631e-18 5.39719e-18 3.10381e-18 1.7778e-18 1.01435e-18 5.76583e-19 3.26558e-19 1.84302e-19 1.03661e-19 5.81117e-20 3.24725e-20 1.80888e-20 1.00459e-20 5.56264e-21 3.07134e-21 1.69107e-21 9.28566e-22 5.08525e-22 2.77772e-22 1.51346e-22 8.22596e-23 4.46026e-23 2.41278e-23 1.30221e-23 7.01254e-24 3.7681e-24 2.02042e-24 1.08108e-24 5.77279e-25 3.07643e-25 1.63629e-25 8.68649e-26 4.60272e-26 2.43438e-26 1.28523e-26 6.77343e-27 3.56359e-27 1.87167e-27 9.81415e-28 5.13769e-28 2.68528e-28 1.40129e-28 7.30131e-29 3.79853e-29 1.97327e-29 1.02359e-29 5.302e-30 2.74249e-30 1.4166e-30 7.30738e-31 3.76439e-31 1.93668e-31 9.95081e-32 5.10631e-32 2.61706e-32 1.33963e-32 6.84904e-33 3.49749e-33 1.78392e-33
4.56196e-13 1.36568e-12 2.5571e-12 3.77179e-12 4.77756e-12 5.42944e-12 5.68177e-12 5.56876e-12 5.17259e-12 4.59278e-12 3.92371e-12 3.24175e-12 2.60066e-12 2.03254e-12 1.55178e-12 1.15997e-12 8.50605e-13 6.12901e-13 4.34567e-13 3.03576e-13 2.0917e-13 1.42288e-13 9.56425e-14 6.35739e-14 4.18168e-14 2.72356e-14 1.75745e-14 1.12411e-14 7.13045e-15 4.4874e-15 2.80292e-15 1.73829e-15 1.07072e-15 6.55243e-16 3.98499e-16 2.40916e-16 1.44819e-16 8.65778e-17 5.14876e-17 3.04651e-17 1.79386e-17 1.05132e-17 6.13367e-18 3.56295e-18 2.06095e-18 1.18729e-18 6.81297e-19 3.89457e-19 2.21808e-19 1.25875e-19 7.11864e-20 4.01227e-20 2.25405e-20 1.26228e-20 7.04709e-21 3.92246e-21 2.1769e-21 1.20471e-21 6.64855e-22 3.65931e-22 2.00876e-22 1.09988e-22 6.00727e-23 3.27302e-23 1.77904e-23 9.64747e-24 5.21981e-24 2.81794e-24 1.51798e-24 8.15979e-25 4.37714e-25 2.34326e-25 1.25195e-25 6.67588e-26 3.55306e-26 1.8875e-26 1.00087e-26 5.2977e-27 2.79921e-27 1.47651e-27 7.77504e-28 4.08743e-28 2.14531e-28 1.12419e-28 5.88174e-29 3.07259e-29 1.60269e-29 8.34732e-30 4.34123e-30 2.25454e-30 1.1692e-30 6.0551e-31 3.13157e-31 1.61742e-31 8.34278e-32 4.29771e-32 2.21111e-32 1.13616e-32 5.83087e-33 2.98882e-33 1.5302e-33
