0.383619 0.0810475 0.0387239 0.0200453 0.0103538 0.00518479 0.00250835 0.00117778 0.000539937 0.000242931 0.000107711 4.72081e-05 2.04998e-05 8.8351e-06 3.78414e-06 1.61232e-06 6.83924e-07 2.89003e-07 1.21717e-07 5.11125e-08 2.14082e-08 8.94599e-09 3.73057e-09 1.55277e-09 6.45202e-10 2.67674e-10 1.10886e-10 4.58636e-11 1.89187e-11 7.72736e-12 3.18645e-12
0.0810475 0.0227817 0.0107474 0.0046097 0.00187243 0.00074009 0.000288963 0.000112331 4.36467e-05 1.69815e-05 6.62025e-06 2.58657e-06 1.01273e-06 3.9729e-07 1.56127e-07 6.14501e-08 2.42192e-08 9.55703e-09 3.77529e-09 1.49275e-09 5.90736e-10 2.33951e-10 9.27153e-11 3.67655e-11 1.4587e-11 5.79012e-12 2.29885e-12 9.11962e-13 3.59473e-13 1.36583e-13 5.43427e-14
0.0387239 0.0107474 0.00392606 0.00148425 0.000564285 0.000214837 8.20015e-05 3.14181e-05 1.20897e-05 4.67211e-06 1.81267e-06 7.05727e-07 2.75588e-07 1.07896e-07 4.23358e-08 1.66431e-08 6.55341e-09 2.58412e-09 1.02021e-09 4.03213e-10 1.5951e-10 6.31542e-11 2.50229e-11 9.92105e-12 3.93572e-12 1.56194e-12 6.1973e-13 2.4505e-13 9.50053e-14 3.75369e-14 1.49366e-14
0.0200453 0.0046097 0.00148425 0.000516025 0.000186292 6.86796e-05 2.56768e-05 9.70187e-06 3.69709e-06 1.41865e-06 5.47473e-07 2.12265e-07 8.26172e-08 3.2259e-08 1.26297e-08 4.95577e-09 1.94831e-09 7.67207e-10 3.02537e-10 1.19446e-10 4.72096e-11 1.86764e-11 7.3946e-12 2.92987e-12 1.16154e-12 4.60577e-13 1.82339e-13 7.14579e-14 2.83164e-14 1.11862e-14 4.44983e-15
0.0103538 0.00187243 0.000564285 0.000186292 6.4898e-05 2.33621e-05 8.5942e-06 3.21072e-06 1.21345e-06 4.62724e-07 1.77695e-07 6.86226e-08 2.66213e-08 1.03658e-08 4.0486e-09 1.58533e-09 6.22113e-10 2.44578e-10 9.6305e-11 3.79728e-11 1.49903e-11 5.92382e-12 2.34308e-12 9.27492e-13 3.67329e-13 1.45412e-13 5.7288e-14 2.27009e-14 8.99248e-15 3.55111e-15 1.41182e-15
0.00518479 0.00074009 0.000214837 6.86796e-05 2.33621e-05 8.2697e-06 3.00619e-06 1.11339e-06 4.1804e-07 1.58589e-07 6.06459e-08 2.33381e-08 9.02653e-09 3.50555e-09 1.36602e-09 5.33797e-10 2.09085e-10 8.20624e-11 3.22637e-11 1.27037e-11 5.00856e-12 1.97691e-12 7.81069e-13 3.08839e-13 1.22145e-13 4.82157e-14 1.90913e-14 7.56107e-15 2.99357e-15 1.18157e-15 4.69441e-16
0.00250835 0.000288963 8.20015e-05 2.56768e-05 8.5942e-06 3.00619e-06 1.08328e-06 3.98564e-07 1.48871e-07 5.62376e-08 2.14294e-08 8.22134e-09 3.17126e-09 1.22866e-09 4.7775e-10 1.86328e-10 7.28551e-11 2.85482e-11 1.12073e-11 4.4068e-12 1.73521e-12 6.84082e-13 2.69968e-13 1.06615e-13 4.20871e-14 1.66451e-14 6.58629e-15 2.60682e-15 1.03146e-15 4.06903e-16 1.61547e-16
0.00117778 0.000112331 3.14181e-05 9.70187e-06 3.21072e-06 1.11339e-06 3.98564e-07 1.45882e-07 5.42603e-08 2.04249e-08 7.75916e-09 2.9688e-09 1.14242e-09 4.41659e-10 1.71397e-10 6.6727e-11 2.60475e-11 1.01911e-11 3.99516e-12 1.56887e-12 6.16997e-13 2.42961e-13 9.57713e-14 3.7768e-14 1.49148e-14 5.89417e-15 2.33058e-15 9.21805e-16 3.64504e-16 1.43717e-16 5.70176e-17
0.000539937 4.36467e-05 1.20897e-05 3.69709e-06 1.21345e-06 4.1804e-07 1.48871e-07 5.42603e-08 2.01107e-08 7.54717e-09 2.85941e-09 1.09144e-09 4.19092e-10 1.61701e-10 6.26392e-11 2.43457e-11 9.48899e-12 3.70732e-12 1.45143e-12 5.69263e-13 2.23617e-13 8.79569e-14 3.46294e-14 1.36516e-14 5.38666e-15 2.1271e-15 8.40452e-16 3.32195e-16 1.31275e-16 5.17318e-17 2.05099e-17
0.000242931 1.69815e-05 4.67211e-06 1.41865e-06 4.62724e-07 1.58589e-07 5.62376e-08 2.04249e-08 7.54717e-09 2.82475e-09 1.06766e-09 4.06651e-10 1.55839e-10 6.00199e-11 2.32116e-11 9.00772e-12 3.50585e-12 1.36791e-12 5.34882e-13 2.09541e-13 8.22209e-14 3.23048e-14 1.27101e-14 5.00628e-15 1.97379e-15 7.78823e-16 3.07508e-16 1.21465e-16 4.79705e-17 1.88942e-17 7.48607e-18
0.000107711 6.62025e-06 1.81267e-06 5.47473e-07 1.77695e-07 6.06459e-08 2.14294e-08 7.75916e-09 2.85941e-09 1.06766e-09 4.02672e-10 1.53068e-10 5.85537e-11 2.2514e-11 8.69353e-12 3.36889e-12 1.30945e-12 5.1029e-13 1.99303e-13 7.79924e-14 3.05707e-14 1.20014e-14 4.71775e-15 1.8567e-15 7.3146e-16 2.88412e-16 1.13798e-16 4.49214e-17 1.77306e-17 6.98016e-18 2.76392e-18
4.72081e-05 2.58657e-06 7.05727e-07 2.12265e-07 6.86226e-08 2.33381e-08 8.22134e-09 2.9688e-09 1.09144e-09 4.06651e-10 1.53068e-10 5.80812e-11 2.21811e-11 8.5156e-12 3.28353e-12 1.27074e-12 4.93313e-13 1.92021e-13 7.4916e-14 2.92862e-14 1.14691e-14 4.49856e-15 1.76691e-15 6.94834e-16 2.73533e-16 1.07778e-16 4.24982e-17 1.67658e-17 6.61377e-18 2.6025e-18 1.02991e-18
2.04998e-05 1.01273e-06 2.75588e-07 8.26172e-08 2.66213e-08 9.02653e-09 3.17126e-09 1.14242e-09 4.19092e-10 1.55839e-10 5.85537e-11 2.21811e-11 8.45795e-12 3.24249e-12 1.24862e-12 4.82624e-13 1.87144e-13 7.27665e-14 2.83605e-14 1.10765e-14 4.33396e-15 1.6985e-15 6.66598e-16 2.61944e-16 1.03046e-16 4.05757e-17 1.59896e-17 6.30432e-18 2.48561e-18 9.7765e-19 3.86683e-19
8.8351e-06 3.9729e-07 1.07896e-07 3.2259e-08 1.03658e-08 3.50555e-09 1.22866e-09 4.41659e-10 1.61701e-10 6.00199e-11 2.2514e-11 8.5156e-12 3.24249e-12 1.24142e-12 4.77455e-13 1.84337e-13 7.1402e-14 2.77348e-14 1.07995e-14 4.21413e-15 1.6475e-15 6.45154e-16 2.5301e-16 9.9352e-17 3.90581e-17 1.537e-17 6.05324e-18 2.38534e-18 9.39989e-19 3.69566e-19 1.46096e-19
3.78414e-06 1.56127e-07 4.23358e-08 1.26297e-08 4.0486e-09 1.36602e-09 4.7775e-10 1.71397e-10 6.26392e-11 2.32116e-11 8.69353e-12 3.28353e-12 1.24862e-12 4.77455e-13 1.8342e-13 7.07391e-14 2.73727e-14 1.06225e-14 4.13256e-15 1.61124e-15 6.29413e-16 2.46291e-16 9.652e-17 3.78762e-17 1.48808e-17 5.85235e-18 2.30357e-18 9.07264e-19 3.57352e-19 1.4044e-19 5.54911e-20
1.61232e-06 6.14501e-08 1.66431e-08 4.95577e-09 1.58533e-09 5.33797e-10 1.86328e-10 6.6727e-11 2.43457e-11 9.00772e-12 3.36889e-12 1.27074e-12 4.82624e-13 1.84337e-13 7.07391e-14 2.72541e-14 1.05362e-14 4.08514e-15 1.58795e-15 6.18636e-16 2.41483e-16 9.44264e-17 3.69804e-17 1.45026e-17 5.69437e-18 2.23822e-18 8.80525e-19 3.46622e-19 1.36464e-19 5.36104e-20 2.11727e-20
6.83924e-07 2.42192e-08 6.55341e-09 1.94831e-09 6.22113e-10 2.09085e-10 7.28551e-11 2.60475e-11 9.48899e-12 3.50585e-12 1.30945e-12 4.93313e-13 1.87144e-13 7.1402e-14 2.73727e-14 1.05362e-14 4.06958e-15 1.57656e-15 6.12346e-16 2.38381e-16 9.29858e-17 3.63357e-17 1.42212e-17 5.57378e-18 2.18727e-18 8.59262e-19 3.37865e-19 1.32938e-19 5.23141e-20 2.05443e-20 8.11005e-21
2.89003e-07 9.55703e-09 2.58412e-09 7.67207e-10 2.44578e-10 8.20624e-11 2.85482e-11 1.01911e-11 3.70732e-12 1.36791e-12 5.1029e-13 1.92021e-13 7.27665e-14 2.77348e-14 1.06225e-14 4.08514e-15 1.57656e-15 6.10278e-16 2.3686e-16 9.21424e-17 3.59182e-17 1.40268e-17 5.48655e-18 2.14914e-18 8.42911e-19 3.30964e-19 1.30073e-19 5.11558e-20 2.01224e-20 7.89956e-21 3.11708e-21
1.21717e-07 3.77529e-09 1.02021e-09 3.02537e-10 9.6305e-11 3.22637e-11 1.12073e-11 3.99516e-12 1.45143e-12 5.34882e-13 1.99303e-13 7.4916e-14 2.83605e-14 1.07995e-14 4.13256e-15 1.58795e-15 6.12346e-16 2.3686e-16 9.18647e-17 3.57131e-17 1.39126e-17 5.42986e-18 2.12267e-18 8.3102e-19 3.25765e-19 1.27847e-19 5.02221e-20 1.9743e-20 7.76288e-21 3.0465e-21 1.20162e-21
5.11125e-08 1.49275e-09 4.03213e-10 1.19446e-10 3.79728e-11 1.27037e-11 4.4068e-12 1.56887e-12 5.69263e-13 2.09541e-13 7.79924e-14 2.92862e-14 1.10765e-14 4.21413e-15 1.61124e-15 6.18636e-16 2.38381e-16 9.21424e-17 3.57131e-17 1.38749e-17 5.40195e-18 2.10709e-18 8.23267e-19 3.2214e-19 1.26219e-19 4.95116e-20 1.9441e-20 7.6393e-21 3.00259e-21 1.17797e-21 4.64442e-22
2.14082e-08 5.90736e-10 1.5951e-10 4.72096e-11 1.49903e-11 5.00856e-12 1.73521e-12 6.16997e-13 2.23617e-13 8.22209e-14 3.05707e-14 1.14691e-14 4.33396e-15 1.6475e-15 6.29413e-16 2.41483e-16 9.29858e-17 3.59182e-17 1.39126e-17 5.40195e-18 2.10195e-18 8.19442e-19 3.20001e-19 1.25153e-19 4.90134e-20 1.92178e-20 7.54275e-21 2.96272e-21 1.16405e-21 4.56539e-22 1.79933e-22
8.94599e-09 2.33951e-10 6.31542e-11 1.86764e-11 5.92382e-12 1.97691e-12 6.84082e-13 2.42961e-13 8.79569e-14 3.23048e-14 1.20014e-14 4.49856e-15 1.6985e-15 6.45154e-16 2.46291e-16 9.44264e-17 3.63357e-17 1.40268e-17 5.42986e-18 2.10709e-18 8.19442e-19 3.19293e-19 1.24626e-19 4.87183e-20 1.90709e-20 7.47436e-21 2.9324e-21 1.15137e-21 4.52212e-22 1.77305e-22 6.98551e-23
3.73057e-09 9.27153e-11 2.50229e-11 7.3946e-12 2.34308e-12 7.81069e-13 2.69968e-13 9.57713e-14 3.46294e-14 1.27101e-14 4.71775e-15 1.76691e-15 6.66598e-16 2.5301e-16 9.652e-17 3.69804e-17 1.42212e-17 5.48655e-18 2.12267e-18 8.23267e-19 3.20001e-19 1.24626e-19 4.86206e-20 1.89981e-20 7.43364e-21 2.91223e-21 1.1421e-21 4.48269e-22 1.76001e-22 6.89878e-23 2.71705e-23
1.55277e-09 3.67655e-11 9.92105e-12 2.92987e-12 9.27492e-13 3.08839e-13 1.06615e-13 3.7768e-14 1.36516e-14 5.00628e-15 1.8567e-15 6.94834e-16 2.61944e-16 9.9352e-17 3.78762e-17 1.45026e-17 5.57378e-18 2.14914e-18 8.3102e-19 3.2214e-19 1.25153e-19 4.87183e-20 1.89981e-20 7.42013e-21 2.90218e-21 1.13652e-21 4.45548e-22 1.74813e-22 6.86133e-23 2.68873e-23 1.05859e-23
6.45202e-10 1.4587e-11 3.93572e-12 1.16154e-12 3.67329e-13 1.22145e-13 4.20871e-14 1.49148e-14 5.38666e-15 1.97379e-15 7.3146e-16 2.73533e-16 1.03046e-16 3.90581e-17 1.48808e-17 5.69437e-18 2.18727e-18 8.42911e-19 3.25765e-19 1.26219e-19 4.90134e-20 1.90709e-20 7.43364e-21 2.90218e-21 1.13466e-21 4.44178e-22 1.74067e-22 6.8273e-23 2.67883e-23 1.04948e-23 4.13061e-24
2.67674e-10 5.79012e-12 1.56194e-12 4.60577e-13 1.45412e-13 4.82157e-14 1.66451e-14 5.89417e-15 2.1271e-15 7.78823e-16 2.88412e-16 1.07778e-16 4.05757e-17 1.537e-17 5.85235e-18 2.23822e-18 8.59262e-19 3.30964e-19 1.27847e-19 4.95116e-20 1.92178e-20 7.47436e-21 2.91223e-21 1.13652e-21 4.44178e-22 1.73816e-22 6.80928e-23 2.66988e-23 1.04726e-23 4.1018e-24 1.61393e-24
1.10886e-10 2.29885e-12 6.1973e-13 1.82339e-13 5.7288e-14 1.90913e-14 6.58629e-15 2.33058e-15 8.40452e-16 3.07508e-16 1.13798e-16 4.24982e-17 1.59896e-17 6.05324e-18 2.30357e-18 8.80525e-19 3.37865e-19 1.30073e-19 5.02221e-20 1.9441e-20 7.54275e-21 2.9324e-21 1.1421e-21 4.45548e-22 1.74067e-22 6.80928e-23 2.66667e-23 1.04526e-23 4.09887e-24 1.60501e-24 6.31334e-25
4.58636e-11 9.11962e-13 2.4505e-13 7.14579e-14 2.27009e-14 7.56107e-15 2.60682e-15 9.21805e-16 3.32195e-16 1.21465e-16 4.49214e-17 1.67658e-17 6.30432e-18 2.38534e-18 9.07264e-19 3.46622e-19 1.32938e-19 5.11558e-20 1.9743e-20 7.6393e-21 2.96272e-21 1.15137e-21 4.48269e-22 1.74813e-22 6.8273e-23 2.66988e-23 1.04526e-23 4.09591e-24 1.60572e-24 6.28617e-25 2.47199e-25
1.89187e-11 3.59473e-13 9.50053e-14 2.83164e-14 8.99248e-15 2.99357e-15 1.03146e-15 3.64504e-16 1.31275e-16 4.79705e-17 1.77306e-17 6.61377e-18 2.48561e-18 9.39989e-19 3.57352e-19 1.36464e-19 5.23141e-20 2.01224e-20 7.76288e-21 3.00259e-21 1.16405e-21 4.52212e-22 1.76001e-22 6.86133e-23 2.67883e-23 1.04726e-23 4.09887e-24 1.60572e-24 6.29331e-25 2.46322e-25 9.68389e-26
7.72736e-12 1.36583e-13 3.75369e-14 1.11862e-14 3.55111e-15 1.18157e-15 4.06903e-16 1.43717e-16 5.17318e-17 1.88942e-17 6.98016e-18 2.6025e-18 9.7765e-19 3.69566e-19 1.4044e-19 5.36104e-20 2.05443e-20 7.89956e-21 3.0465e-21 1.17797e-21 4.56539e-22 1.77305e-22 6.89878e-23 2.68873e-23 1.04948e-23 4.1018e-24 1.60501e-24 6.28617e-25 2.46322e-25 9.63944e-26 3.78883e-26
3.18645e-12 5.43427e-14 1.49366e-14 4.44983e-15 1.41182e-15 4.69441e-16 1.61547e-16 5.70176e-17 2.05099e-17 7.48607e-18 2.76392e-18 1.02991e-18 3.86683e-19 1.46096e-19 5.54911e-20 2.11727e-20 8.11005e-21 3.11708e-21 1.20162e-21 4.64442e-22 1.79933e-22 6.98551e-23 2.71705e-23 1.05859e-23 4.13061e-24 1.61393e-24 6.31334e-25 2.47199e-25 9.68389e-26 3.78883e-26 1.48883e-26
