0.397093 0.121201 0.0398265 0.0141185 0.00281619 0.000427665 5.59359e-05 6.68256e-06 7.52775e-07 8.14647e-08 8.56836e-09 8.82517e-10 8.94642e-11 8.95785e-12 8.88134e-13 8.73519e-14 8.53463e-15 8.2923e-16 8.01864e-17 7.72232e-18 7.41044e-19 7.08889e-20 6.76247e-21 6.4351e-22 6.10995e-23 5.78958e-24 5.47598e-25 5.17075e-26 4.87507e-27 4.58722e-28 4.31328e-29
0.121201 0.0431804 0.0172857 0.00224579 0.00023483 2.25887e-05 2.09298e-06 1.9055e-07 1.72067e-08 1.54821e-09 1.39121e-10 1.24988e-11 1.1233e-12 1.01011e-13 9.08922e-15 8.18422e-16 7.37409e-17 6.64818e-18 5.99708e-19 5.41252e-20 4.88723e-21 4.41481e-22 3.98961e-23 3.60665e-24 3.26151e-25 2.95028e-26 2.66948e-27 2.416e-28 2.1862e-29 1.89693e-30 1.71821e-31
0.0398265 0.0172857 0.00182973 0.000180634 1.69342e-05 1.54302e-06 1.38662e-07 1.23881e-08 1.10485e-09 9.85617e-11 8.80219e-12 7.87191e-13 7.05002e-14 6.32247e-15 5.67695e-16 5.1029e-17 4.59134e-18 4.1346e-19 3.72611e-20 3.36023e-21 3.03207e-22 2.73742e-23 2.47258e-24 2.23431e-25 2.01978e-26 1.82649e-27 1.65221e-28 1.49462e-29 1.31999e-30 1.1922e-31 1.07982e-32
0.0141185 0.00224579 0.000180634 1.54007e-05 1.33392e-06 1.16131e-07 1.01469e-08 8.89959e-10 7.83631e-11 6.92596e-12 6.14206e-13 5.46293e-14 4.87115e-15 4.3528e-16 3.89671e-17 3.49382e-18 3.13676e-19 2.81941e-20 2.53668e-21 2.28427e-22 2.05854e-23 1.85635e-24 1.67502e-25 1.51219e-26 1.36583e-27 1.23416e-28 1.11546e-29 9.95481e-31 8.98875e-32 8.11592e-33 7.3475e-34
0.00281619 0.00023483 1.69342e-05 1.33392e-06 1.09777e-07 9.24882e-09 7.90746e-10 6.83185e-11 5.95028e-12 5.21573e-13 4.59549e-14 4.06598e-15 3.60982e-16 3.21388e-17 2.86808e-18 2.56451e-19 2.29689e-20 2.06012e-21 1.85e-22 1.66306e-23 1.4964e-24 1.34752e-25 1.21432e-26 1.09497e-27 9.87915e-29 8.91713e-30 7.99956e-31 7.21862e-32 6.51465e-33 5.87866e-34 5.31835e-35
0.000427665 2.25887e-05 1.54302e-06 1.16131e-07 9.24882e-09 7.61747e-10 6.41005e-11 5.47468e-12 4.72693e-13 4.11521e-14 3.60582e-15 3.17567e-16 2.80836e-17 2.49187e-18 2.21716e-19 1.97729e-20 1.7668e-21 1.58132e-22 1.41733e-23 1.27189e-24 1.14261e-25 1.02742e-26 9.24612e-28 8.327e-29 7.50388e-30 6.74439e-31 6.08015e-32 5.48275e-33 4.94466e-34 4.45881e-35 4.03062e-36
5.59359e-05 2.09298e-06 1.38662e-07 1.01469e-08 7.90746e-10 6.41005e-11 5.33153e-12 4.51369e-13 3.87048e-14 3.35087e-15 2.92249e-16 2.56368e-17 2.25938e-18 1.9987e-19 1.77358e-20 1.57789e-21 1.40685e-22 1.25666e-23 1.1243e-24 1.00726e-25 9.0349e-27 8.11262e-28 7.29125e-29 6.55833e-30 5.8944e-31 5.30709e-32 4.78045e-33 4.30738e-34 3.88173e-35 3.49775e-36 3.1593e-37
6.68256e-06 1.9055e-07 1.23881e-08 8.89959e-10 6.83185e-11 5.47468e-12 4.51369e-13 3.79513e-14 3.23631e-15 2.78895e-16 2.42285e-17 2.11814e-18 1.8611e-19 1.64195e-20 1.4535e-21 1.2903e-22 1.14814e-23 1.02371e-24 9.14345e-26 8.17897e-27 7.32583e-28 6.56927e-29 5.89679e-30 5.29414e-31 4.75928e-32 4.28119e-33 3.85307e-34 3.46901e-35 3.12384e-36 2.81279e-37 2.53862e-38
7.52775e-07 1.72067e-08 1.10485e-09 7.83631e-11 5.95028e-12 4.72693e-13 3.87048e-14 3.23631e-15 2.74713e-16 2.35815e-17 2.04167e-18 1.77956e-19 1.55944e-20 1.37252e-21 1.21235e-22 1.07409e-23 9.54011e-25 8.49196e-26 7.57308e-27 6.76456e-28 6.05091e-29 5.41927e-30 4.85727e-31 4.35876e-32 3.91466e-33 3.51828e-34 3.16382e-35 2.84624e-36 2.56115e-37 2.30451e-38 2.07834e-39
8.14647e-08 1.54821e-09 9.85617e-11 6.92596e-12 5.21573e-13 4.11521e-14 3.35087e-15 2.78895e-16 2.35815e-17 2.01741e-18 1.74147e-19 1.51388e-20 1.32346e-21 1.1623e-22 1.02464e-23 9.06148e-25 8.03509e-26 7.14132e-27 6.35952e-28 5.67306e-29 5.0683e-30 4.53329e-31 4.05992e-32 3.63969e-33 3.26587e-34 2.93267e-35 2.6351e-36 2.36881e-37 2.13005e-38 1.91534e-39 1.72615e-40
8.56836e-09 1.39121e-10 8.80219e-12 6.14206e-13 4.59549e-14 3.60582e-15 2.92249e-16 2.42285e-17 2.04167e-18 1.74147e-19 1.4993e-20 1.30026e-21 1.13426e-22 9.94187e-24 8.7486e-25 7.72409e-26 6.83873e-27 6.06943e-28 5.39788e-29 4.80932e-30 4.29139e-31 3.83478e-32 3.43096e-33 3.073e-34 2.75499e-35 2.4719e-36 2.21939e-37 1.9937e-38 1.79155e-39 1.60994e-40 1.44996e-41
8.82517e-10 1.24988e-11 7.87191e-13 5.46293e-14 4.06598e-15 3.17567e-16 2.56368e-17 2.11814e-18 1.77956e-19 1.51388e-20 1.30026e-21 1.12522e-22 9.79646e-24 8.57128e-25 7.53008e-26 6.63816e-27 5.869e-28 5.20197e-29 4.62076e-30 4.11209e-31 3.66558e-32 3.27232e-33 2.92501e-34 2.61755e-35 2.34475e-36 2.1022e-37 1.8861e-38 1.69315e-39 1.52051e-40 1.36557e-41 1.22911e-42
8.94642e-11 1.1233e-12 7.05002e-14 4.87115e-15 3.60982e-16 2.80836e-17 2.25938e-18 1.8611e-19 1.55944e-20 1.32346e-21 1.13426e-22 9.79646e-24 8.51379e-25 7.43677e-26 6.52348e-27 5.74271e-28 5.07069e-29 4.48895e-30 3.9828e-31 3.54072e-32 3.15313e-33 2.81224e-34 2.51158e-35 2.24573e-36 2.01013e-37 1.80088e-38 1.61465e-39 1.44855e-40 1.30006e-41 1.16693e-42 1.0497e-43
8.95785e-12 1.01011e-13 6.32247e-15 4.3528e-16 3.21388e-17 2.49187e-18 1.9987e-19 1.64195e-20 1.37252e-21 1.1623e-22 9.94187e-24 8.57128e-25 7.43677e-26 6.48615e-27 5.68163e-28 4.99512e-29 4.40524e-30 3.8954e-31 3.45259e-32 3.06633e-33 2.72815e-34 2.43108e-35 2.16939e-36 1.93826e-37 1.73365e-38 1.55212e-39 1.39072e-40 1.24689e-41 1.11844e-42 1.00337e-43 9.02072e-45
8.88134e-13 9.08922e-15 5.67695e-16 3.89671e-17 2.86808e-18 2.21716e-19 1.77358e-20 1.4535e-21 1.21235e-22 1.02464e-23 8.7486e-25 7.53008e-26 6.52348e-27 5.68163e-28 4.97043e-29 4.36458e-30 3.84479e-31 3.39627e-32 3.00724e-33 2.66834e-34 2.37198e-35 2.11197e-36 1.88317e-37 1.68131e-38 1.50279e-39 1.34456e-40 1.204e-41 1.07886e-42 9.67194e-44 8.67243e-45 7.79281e-46
8.73519e-14 8.18422e-16 5.1029e-17 3.49382e-18 2.56451e-19 1.97729e-20 1.57789e-21 1.2903e-22 1.07409e-23 9.06148e-25 7.72409e-26 6.63816e-27 5.74271e-28 4.99512e-29 4.36458e-30 3.82822e-31 3.3688e-32 2.97288e-33 2.62992e-34 2.33151e-35 2.07087e-36 1.84244e-37 1.64165e-38 1.46467e-39 1.3083e-40 1.16982e-41 1.04692e-42 9.37591e-44 8.40115e-45 7.52933e-46 6.76227e-47
8.53463e-15 7.37409e-17 4.59134e-18 3.13676e-19 2.29689e-20 1.7668e-21 1.40685e-22 1.14814e-23 9.54011e-25 8.03509e-26 6.83873e-27 5.869e-28 5.07069e-29 4.40524e-30 3.84479e-31 3.3688e-32 2.9616e-33 2.61112e-34 2.30789e-35 2.04436e-36 1.81442e-37 1.6131e-38 1.43631e-39 1.28063e-40 1.1432e-41 1.0216e-42 9.13769e-44 8.17919e-45 7.32524e-46 6.56206e-47 5.89074e-48
8.2923e-16 6.64818e-18 4.1346e-19 2.81941e-20 2.06012e-21 1.58132e-22 1.25666e-23 1.02371e-24 8.49196e-26 7.14132e-27 6.06943e-28 5.20197e-29 4.48895e-30 3.8954e-31 3.39627e-32 2.97288e-33 2.61112e-34 2.30013e-35 2.03136e-36 1.79801e-37 1.59462e-38 1.41672e-39 1.26063e-40 1.1233e-41 1.00216e-42 8.95068e-44 8.00167e-45 7.15877e-46 6.40836e-47 5.73818e-48 5.14881e-49
8.01864e-17 5.99708e-19 3.72611e-20 2.53668e-21 1.85e-22 1.41733e-23 1.1243e-24 9.14345e-26 7.57308e-27 6.35952e-28 5.39788e-29 4.62076e-30 3.9828e-31 3.45259e-32 3.00724e-33 2.62992e-34 2.30789e-35 2.03136e-36 1.79261e-37 1.58554e-38 1.40522e-39 1.24763e-40 1.10948e-41 9.88036e-43 8.80999e-44 7.86435e-45 7.027e-46 6.28379e-47 5.62258e-48 5.03247e-49 4.51362e-50
7.72232e-18 5.41252e-20 3.36023e-21 2.28427e-22 1.66306e-23 1.27189e-24 1.00726e-25 8.17897e-27 6.76456e-28 5.67306e-29 4.80932e-30 4.11209e-31 3.54072e-32 3.06633e-33 2.66834e-34 2.33151e-35 2.04436e-36 1.79801e-37 1.58554e-38 1.40142e-39 1.24123e-40 1.10135e-41 9.78829e-43 8.71198e-44 7.76405e-45 6.92719e-46 6.18666e-47 5.52982e-48 4.94583e-49 4.42497e-50 3.96711e-51
7.41044e-19 4.88723e-21 3.03207e-22 2.05854e-23 1.4964e-24 1.14261e-25 9.0349e-27 7.32583e-28 6.05091e-29 5.0683e-30 4.29139e-31 3.66558e-32 3.15313e-33 2.72815e-34 2.37198e-35 2.07087e-36 1.81442e-37 1.59462e-38 1.40522e-39 1.24123e-40 1.09867e-41 9.74287e-43 8.65415e-44 7.69845e-45 6.85734e-46 6.11527e-47 5.45903e-48 4.87733e-49 4.36046e-50 3.89975e-51 3.49485e-52
7.08889e-20 4.41481e-22 2.73742e-23 1.85635e-24 1.34752e-25 1.02742e-26 8.11262e-28 6.56927e-29 5.41927e-30 4.53329e-31 3.83478e-32 3.27232e-33 2.81224e-34 2.43108e-35 2.11197e-36 1.84244e-37 1.6131e-38 1.41672e-39 1.24763e-40 1.10135e-41 9.74287e-43 8.63503e-44 7.66603e-45 6.81601e-46 6.06838e-47 5.40919e-48 4.82661e-49 4.31051e-50 3.8522e-51 3.44393e-52 3.08518e-53
6.76247e-21 3.98961e-23 2.47258e-24 1.67502e-25 1.21432e-26 9.24612e-28 7.29125e-29 5.89679e-30 4.85727e-31 4.05992e-32 3.43096e-33 2.92501e-34 2.51158e-35 2.16939e-36 1.88317e-37 1.64165e-38 1.43631e-39 1.26063e-40 1.10948e-41 9.78829e-43 8.65415e-44 7.66603e-45 6.80232e-46 6.04515e-47 5.37959e-48 4.79312e-49 4.2751e-50 3.81645e-51 3.40939e-52 3.04697e-53 2.72858e-54
6.4351e-22 3.60665e-24 2.23431e-25 1.51219e-26 1.09497e-27 8.327e-29 6.55833e-30 5.29414e-31 4.35876e-32 3.63969e-33 3.073e-34 2.61755e-35 2.24573e-36 1.93826e-37 1.68131e-38 1.46467e-39 1.28063e-40 1.1233e-41 9.88036e-43 8.71198e-44 7.69845e-45 6.81601e-46 6.04515e-47 5.36978e-48 4.77647e-49 4.25396e-50 3.79269e-51 3.38451e-52 3.02242e-53 2.70022e-54 2.41722e-55
6.10995e-23 3.26151e-25 2.01978e-26 1.36583e-27 9.87915e-29 7.50388e-30 5.8944e-31 4.75928e-32 3.91466e-33 3.26587e-34 2.75499e-35 2.34475e-36 2.01013e-37 1.73365e-38 1.50279e-39 1.3083e-40 1.1432e-41 1.00216e-42 8.80999e-44 7.76405e-45 6.85734e-46 6.06838e-47 5.37959e-48 4.77647e-49 4.24693e-50 3.78083e-51 3.36957e-52 3.00582e-53 2.68332e-54 2.39649e-55 2.1446e-56
5.78958e-24 2.95028e-26 1.82649e-27 1.23416e-28 8.91713e-30 6.74439e-31 5.30709e-32 4.28119e-33 3.51828e-34 2.93267e-35 2.4719e-36 2.1022e-37 1.80088e-38 1.55212e-39 1.34456e-40 1.16982e-41 1.0216e-42 8.95068e-44 7.86435e-45 6.92719e-46 6.11527e-47 5.40919e-48 4.79312e-49 4.25396e-50 3.78083e-51 3.36458e-52 2.9975e-53 2.67298e-54 2.3854e-55 2.12975e-56 1.90528e-57
5.47598e-25 2.66948e-27 1.65221e-28 1.11546e-29 7.99956e-31 6.08015e-32 4.78045e-33 3.85307e-34 3.16382e-35 2.6351e-36 2.21939e-37 1.8861e-38 1.61465e-39 1.39072e-40 1.204e-41 1.04692e-42 9.13769e-44 8.00167e-45 7.027e-46 6.18666e-47 5.45903e-48 4.82661e-49 4.2751e-50 3.79269e-51 3.36957e-52 2.9975e-53 2.66952e-54 2.37971e-55 2.12301e-56 1.89492e-57 1.69467e-58
5.17075e-26 2.416e-28 1.49462e-29 9.95481e-31 7.21862e-32 5.48275e-33 4.30738e-34 3.46901e-35 2.84624e-36 2.36881e-37 1.9937e-38 1.69315e-39 1.44855e-40 1.24689e-41 1.07886e-42 9.37591e-44 8.17919e-45 7.15877e-46 6.28379e-47 5.52982e-48 4.87733e-49 4.31051e-50 3.81645e-51 3.38451e-52 3.00582e-53 2.67298e-54 2.37971e-55 2.12069e-56 1.89135e-57 1.68767e-58 1.50888e-59
4.87507e-27 2.1862e-29 1.31999e-30 8.98875e-32 6.51465e-33 4.94466e-34 3.88173e-35 3.12384e-36 2.56115e-37 2.13005e-38 1.79155e-39 1.52051e-40 1.30006e-41 1.11844e-42 9.67194e-44 8.40115e-45 7.32524e-46 6.40836e-47 5.62258e-48 4.94583e-49 4.36046e-50 3.8522e-51 3.40939e-52 3.02242e-53 2.68332e-54 2.3854e-55 2.12301e-56 1.89135e-57 1.68633e-58 1.50431e-59 1.34457e-60
4.58722e-28 1.89693e-30 1.1922e-31 8.11592e-33 5.87866e-34 4.45881e-35 3.49775e-36 2.81279e-37 2.30451e-38 1.91534e-39 1.60994e-40 1.36557e-41 1.16693e-42 1.00337e-43 8.67243e-45 7.52933e-46 6.56206e-47 5.73818e-48 5.03247e-49 4.42497e-50 3.89975e-51 3.44393e-52 3.04697e-53 2.70022e-54 2.39649e-55 2.12975e-56 1.89492e-57 1.68767e-58 1.50431e-59 1.3416e-60 1.19882e-61
4.31328e-29 1.71821e-31 1.07982e-32 7.3475e-34 5.31835e-35 4.03062e-36 3.1593e-37 2.53862e-38 2.07834e-39 1.72615e-40 1.44996e-41 1.22911e-42 1.0497e-43 9.02072e-45 7.79281e-46 6.76227e-47 5.89074e-48 5.14881e-49 4.51362e-50 3.96711e-51 3.49485e-52 3.08518e-53 2.72858e-54 2.41722e-55 2.1446e-56 1.90528e-57 1.69467e-58 1.50888e-59 1.34457e-60 1.19882e-61 1.07094e-62
