0.980239 0.00476894 0.00243183 0.00124006 0.000632345 0.000322452 0.000164428 8.38469e-05 4.27561e-05 2.18026e-05 1.11178e-05 5.66931e-06 2.89095e-06 1.47418e-06 7.51732e-07 3.83331e-07 1.95472e-07 9.96771e-08 5.08284e-08 2.59189e-08 1.32168e-08 6.73967e-09 3.43676e-09 1.75251e-09 8.93658e-10 4.55703e-10 2.32377e-10 1.18496e-10 6.04247e-11 3.08124e-11 1.57122e-11 8.01212e-12 4.08562e-12 2.08338e-12 1.06238e-12 5.4174e-13 2.7625e-13 1.40868e-13 7.18329e-14 3.66298e-14 1.86786e-14 9.5248e-15 4.85698e-15 2.47672e-15 1.26296e-15 6.4402e-16 3.28405e-16 1.67464e-16 8.53949e-17 4.35454e-17 2.22051e-17 1.13231e-17 5.77398e-18 2.94433e-18 1.5014e-18 7.6561e-19 3.90408e-19 1.99081e-19 1.01517e-19 5.17668e-20 2.63975e-20 1.34609e-20 6.8641e-21 3.50021e-21 1.78487e-21 9.10157e-22 4.64117e-22 2.36667e-22 1.20684e-22 6.15403e-23 3.13813e-23 1.60023e-23 8.16004e-24 4.16105e-24 2.12185e-24 1.08199e-24 5.51741e-25 2.8135e-25 1.43469e-25 7.31591e-26 3.7306e-26 1.90235e-26 9.70065e-27 4.94665e-27 2.52245e-27 1.28627e-27 6.5591e-28 3.34468e-28 1.70556e-28 8.69715e-29 4.43494e-29 2.26151e-29 1.15321e-29 5.88058e-30 2.99869e-30 1.52912e-30 7.79745e-31 3.97616e-31 2.02756e-31 1.03392e-31 5.27225e-32
0.00476894 7.07183e-05 3.62934e-05 1.86254e-05 9.55798e-06 4.90466e-06 2.51672e-06 1.29135e-06 6.62578e-07 3.39949e-07 1.74411e-07 8.94781e-08 4.59034e-08 2.35482e-08 1.20796e-08 6.19634e-09 3.17835e-09 1.63025e-09 8.3616e-10 4.28856e-10 2.19948e-10 1.12801e-10 5.78484e-11 2.96658e-11 1.52128e-11 7.80092e-12 4.00009e-12 2.05107e-12 1.05167e-12 5.39217e-13 2.76462e-13 1.41741e-13 7.26676e-14 3.72542e-14 1.90984e-14 9.79052e-15 5.01884e-15 2.5727e-15 1.31875e-15 6.75964e-16 3.46476e-16 1.77587e-16 9.10205e-17 4.66504e-17 2.39089e-17 1.22533e-17 6.27967e-18 3.21817e-18 1.64919e-18 8.45126e-19 4.33073e-19 2.21917e-19 1.13713e-19 5.82667e-20 2.98552e-20 1.52971e-20 7.8377e-21 4.01567e-21 2.0574e-21 1.05407e-21 5.40019e-22 2.76656e-22 1.4173e-22 7.26064e-23 3.71945e-23 1.90534e-23 9.76019e-24 4.9996e-24 2.56096e-24 1.31178e-24 6.71911e-25 3.44154e-25 1.76273e-25 9.02839e-26 4.62409e-26 2.36829e-26 1.21292e-26 6.21191e-27 3.18133e-27 1.62923e-27 8.34355e-28 4.27278e-28 2.18807e-28 1.12048e-28 5.73775e-29 2.93812e-29 1.50449e-29 7.70378e-30 3.94466e-30 2.0198e-30 1.03419e-30 5.29521e-31 2.71119e-31 1.38813e-31 7.10709e-32 3.63871e-32 1.86293e-32 9.53755e-33 4.88283e-33 2.49977e-33 1.27974e-33
0.00243183 3.62934e-05 1.86288e-05 9.5615e-06 4.90737e-06 2.51856e-06 1.29253e-06 6.63301e-07 3.4038e-07 1.74663e-07 8.96233e-08 4.59859e-08 2.35946e-08 1.21055e-08 6.2107e-09 3.18626e-09 1.63458e-09 8.38525e-10 4.30141e-10 2.20644e-10 1.13177e-10 5.80508e-11 2.97745e-11 1.5271e-11 7.83206e-12 4.01671e-12 2.05993e-12 1.05638e-12 5.41718e-13 2.77788e-13 1.42443e-13 7.30394e-14 3.74506e-14 1.92021e-14 9.84522e-15 5.04766e-15 2.58787e-15 1.32673e-15 6.80159e-16 3.4868e-16 1.78744e-16 9.16271e-17 4.69683e-17 2.40755e-17 1.23405e-17 6.3253e-18 3.24203e-18 1.66166e-18 8.51643e-19 4.36477e-19 2.23694e-19 1.1464e-19 5.87503e-20 3.01073e-20 1.54285e-20 7.90615e-21 4.05132e-21 2.07596e-21 1.06373e-21 5.45045e-22 2.7927e-22 1.4309e-22 7.33131e-23 3.75617e-23 1.92442e-23 9.85929e-24 5.05106e-24 2.58767e-24 1.32565e-24 6.79106e-25 3.47887e-25 1.78209e-25 9.1288e-26 4.67615e-26 2.39527e-26 1.22691e-26 6.28438e-27 3.21887e-27 1.64868e-27 8.44426e-28 4.32493e-28 2.21507e-28 1.13446e-28 5.81008e-29 2.97555e-29 1.52386e-29 7.80396e-30 3.99648e-30 2.0466e-30 1.04804e-30 5.36685e-31 2.74822e-31 1.40727e-31 7.20602e-32 3.68983e-32 1.88934e-32 9.67402e-33 4.95333e-33 2.53618e-33 1.29854e-33 6.64852e-34
0.00124006 1.86254e-05 9.5615e-06 4.90827e-06 2.51949e-06 1.29324e-06 6.63784e-07 3.40689e-07 1.74852e-07 8.97363e-08 4.6052e-08 2.36326e-08 1.21272e-08 6.22286e-09 3.19305e-09 1.63834e-09 8.40597e-10 4.31277e-10 2.21263e-10 1.13513e-10 5.82332e-11 2.9873e-11 1.5324e-11 7.86054e-12 4.03197e-12 2.06809e-12 1.06073e-12 5.44039e-13 2.79023e-13 1.43099e-13 7.33872e-14 3.76349e-14 1.92996e-14 9.89675e-15 5.07487e-15 2.60222e-15 1.33429e-15 6.8414e-16 3.50774e-16 1.79845e-16 9.22054e-17 4.72719e-17 2.42347e-17 1.2424e-17 6.36903e-18 3.26493e-18 1.67364e-18 8.57909e-19 4.39753e-19 2.25406e-19 1.15534e-19 5.92169e-20 3.03508e-20 1.55555e-20 7.97238e-21 4.08584e-21 2.09394e-21 1.07309e-21 5.49922e-22 2.81809e-22 1.4441e-22 7.40001e-23 3.7919e-23 1.943e-23 9.95583e-24 5.10121e-24 2.61373e-24 1.33918e-24 6.86131e-25 3.51534e-25 1.80102e-25 9.22698e-26 4.72708e-26 2.42168e-26 1.24061e-26 6.35537e-27 3.25567e-27 1.66775e-27 8.54306e-28 4.3761e-28 2.24158e-28 1.14818e-28 5.88114e-29 3.01234e-29 1.5429e-29 7.90249e-30 4.04746e-30 2.07297e-30 1.06169e-30 5.43741e-31 2.78471e-31 1.42614e-31 7.30356e-32 3.74025e-32 1.9154e-32 9.8087e-33 5.02292e-33 2.57213e-33 1.31712e-33 6.74447e-34 3.45354e-34
0.000632345 9.55798e-06 4.90737e-06 2.51949e-06 1.29347e-06 6.64025e-07 3.40874e-07 1.74979e-07 8.98171e-08 4.61016e-08 2.36622e-08 1.21445e-08 6.23282e-09 3.19871e-09 1.64153e-09 8.42375e-10 4.32262e-10 2.21806e-10 1.13811e-10 5.83956e-11 2.99613e-11 1.53718e-11 7.88636e-12 4.04588e-12 2.07556e-12 1.06474e-12 5.46179e-13 2.80166e-13 1.43708e-13 7.3711e-14 3.78069e-14 1.93908e-14 9.94509e-15 5.10044e-15 2.61574e-15 1.34143e-15 6.87905e-16 3.52758e-16 1.80889e-16 9.2755e-17 4.75608e-17 2.43865e-17 1.25037e-17 6.41082e-18 3.28684e-18 1.68512e-18 8.6392e-19 4.42899e-19 2.27051e-19 1.16394e-19 5.96664e-20 3.05856e-20 1.56781e-20 8.03635e-21 4.11921e-21 2.11134e-21 1.08216e-21 5.54648e-22 2.84271e-22 1.45692e-22 7.46673e-23 3.82662e-23 1.96106e-23 1.00497e-23 5.15004e-24 2.63911e-24 1.35237e-24 6.92982e-25 3.55092e-25 1.81949e-25 9.32288e-26 4.77685e-26 2.44751e-26 1.254e-26 6.42485e-27 3.2917e-27 1.68643e-27 8.63987e-28 4.42628e-28 2.26757e-28 1.16165e-28 5.9509e-29 3.04846e-29 1.5616e-29 7.99933e-30 4.09758e-30 2.09891e-30 1.07511e-30 5.50686e-31 2.82064e-31 1.44472e-31 7.39967e-32 3.78995e-32 1.94109e-32 9.94152e-33 5.09157e-33 2.60762e-33 1.33545e-33 6.83921e-34 3.50249e-34 1.79366e-34
0.000322452 4.90466e-06 2.51856e-06 1.29324e-06 6.64025e-07 3.40935e-07 1.75042e-07 8.98656e-08 4.61346e-08 2.36834e-08 1.21575e-08 6.24057e-09 3.20324e-09 1.64414e-09 8.43859e-10 4.33097e-10 2.22272e-10 1.14069e-10 5.85379e-11 3.00393e-11 1.54144e-11 7.90949e-12 4.05841e-12 2.08232e-12 1.06838e-12 5.48137e-13 2.81215e-13 1.44269e-13 7.40106e-14 3.79665e-14 1.94758e-14 9.99021e-15 5.12438e-15 2.62842e-15 1.34814e-15 6.91453e-16 3.54631e-16 1.81878e-16 9.32757e-17 4.7835e-17 2.45307e-17 1.25795e-17 6.45066e-18 3.30775e-18 1.6961e-18 8.69673e-19 4.45913e-19 2.2863e-19 1.17221e-19 6.00986e-20 3.08115e-20 1.57962e-20 8.09803e-21 4.15141e-21 2.12815e-21 1.09093e-21 5.5922e-22 2.86654e-22 1.46934e-22 7.53142e-23 3.8603e-23 1.97859e-23 1.0141e-23 5.19752e-24 2.6638e-24 1.3652e-24 6.99655e-25 3.58559e-25 1.83751e-25 9.41645e-26 4.82544e-26 2.47273e-26 1.26709e-26 6.49279e-27 3.32694e-27 1.70471e-27 8.73467e-28 4.47543e-28 2.29305e-28 1.17486e-28 6.01932e-29 3.08391e-29 1.57997e-29 8.09442e-30 4.14683e-30 2.12441e-30 1.08831e-30 5.57517e-31 2.85599e-31 1.46301e-31 7.49429e-32 3.83889e-32 1.96641e-32 1.00724e-32 5.15926e-33 2.64261e-33 1.35354e-33 6.9327e-34 3.5508e-34 1.81863e-34 9.31436e-35
0.000164428 2.51672e-06 1.29253e-06 6.63784e-07 3.40874e-07 1.75042e-07 8.98817e-08 4.61512e-08 2.36961e-08 1.21661e-08 6.24611e-09 3.20664e-09 1.64617e-09 8.45047e-10 4.33781e-10 2.22661e-10 1.14288e-10 5.866e-11 3.0107e-11 1.54517e-11 7.92994e-12 4.06957e-12 2.08839e-12 1.07167e-12 5.49912e-13 2.82171e-13 1.44782e-13 7.42858e-14 3.81137e-14 1.95543e-14 1.00321e-14 5.14666e-15 2.64026e-15 1.35442e-15 6.9478e-16 3.56392e-16 1.82808e-16 9.37673e-17 4.80943e-17 2.46674e-17 1.26515e-17 6.48853e-18 3.32766e-18 1.70656e-18 8.75164e-19 4.48794e-19 2.3014e-19 1.18012e-19 6.05131e-20 3.10285e-20 1.59097e-20 8.15738e-21 4.18243e-21 2.14435e-21 1.09939e-21 5.63636e-22 2.88958e-22 1.48136e-22 7.59406e-23 3.89295e-23 1.9956e-23 1.02296e-23 5.24362e-24 2.68779e-24 1.37769e-24 7.06147e-25 3.61935e-25 1.85505e-25 9.50765e-26 4.87282e-26 2.49734e-26 1.27987e-26 6.55914e-27 3.36138e-27 1.72258e-27 8.8274e-28 4.52353e-28 2.318e-28 1.18779e-28 6.08637e-29 3.11866e-29 1.59798e-29 8.18774e-30 4.19517e-30 2.14944e-30 1.10127e-30 5.6423e-31 2.89074e-31 1.481e-31 7.58738e-32 3.88706e-32 1.99133e-32 1.02013e-32 5.22594e-33 2.67709e-33 1.37137e-33 7.0249e-34 3.59846e-34 1.84326e-34 9.44169e-35 4.83621e-35
8.38469e-05 1.29135e-06 6.63301e-07 3.40689e-07 1.74979e-07 8.98656e-08 4.61512e-08 2.37003e-08 1.21704e-08 6.24944e-09 3.20891e-09 1.64762e-09 8.45938e-10 4.34313e-10 2.22972e-10 1.14467e-10 5.87618e-11 3.01643e-11 1.54837e-11 7.94768e-12 4.07934e-12 2.09375e-12 1.07459e-12 5.51502e-13 2.83032e-13 1.45248e-13 7.45364e-14 3.82484e-14 1.96265e-14 1.00707e-14 5.16727e-15 2.65124e-15 1.36026e-15 6.97885e-16 3.5804e-16 1.83681e-16 9.42293e-17 4.83386e-17 2.47964e-17 1.27195e-17 6.52441e-18 3.34656e-18 1.7165e-18 8.80392e-19 4.5154e-19 2.31582e-19 1.18769e-19 6.09099e-20 3.12364e-20 1.60186e-20 8.21437e-21 4.21225e-21 2.15995e-21 1.10754e-21 5.67894e-22 2.91181e-22 1.49296e-22 7.6546e-23 3.92452e-23 2.01206e-23 1.03154e-23 5.28832e-24 2.71107e-24 1.38981e-24 7.12455e-25 3.65217e-25 1.87213e-25 9.59643e-26 4.91897e-26 2.52133e-26 1.29234e-26 6.62388e-27 3.395e-27 1.74004e-27 8.91802e-28 4.57055e-28 2.3424e-28 1.20045e-28 6.15202e-29 3.15271e-29 1.61563e-29 8.27922e-30 4.24258e-30 2.17401e-30 1.114e-30 5.70822e-31 2.92488e-31 1.49867e-31 7.6789e-32 3.93443e-32 2.01585e-32 1.03282e-32 5.29159e-33 2.71106e-33 1.38894e-33 7.11575e-34 3.64545e-34 1.86756e-34 9.56729e-35 4.90114e-35 2.51072e-35
4.27561e-05 6.62578e-07 3.4038e-07 1.74852e-07 8.98171e-08 4.61346e-08 2.36961e-08 1.21704e-08 6.25055e-09 3.21005e-09 1.64849e-09 8.46532e-10 4.34693e-10 2.23206e-10 1.14607e-10 5.88434e-11 3.02112e-11 1.55104e-11 7.96271e-12 4.08773e-12 2.0984e-12 1.07715e-12 5.52907e-13 2.83799e-13 1.45665e-13 7.47624e-14 3.83704e-14 1.96923e-14 1.0106e-14 5.1862e-15 2.66137e-15 1.36567e-15 7.00768e-16 3.59574e-16 1.84496e-16 9.46617e-17 4.85677e-17 2.49177e-17 1.27837e-17 6.55827e-18 3.36443e-18 1.72592e-18 8.85352e-19 4.54151e-19 2.32955e-19 1.1949e-19 6.12886e-20 3.14351e-20 1.61228e-20 8.26898e-21 4.24085e-21 2.17492e-21 1.11538e-21 5.7199e-22 2.93322e-22 1.50415e-22 7.71303e-23 3.95502e-23 2.02797e-23 1.03984e-23 5.3316e-24 2.73363e-24 1.40156e-24 7.18576e-25 3.68404e-25 1.88871e-25 9.68274e-26 4.96387e-26 2.54468e-26 1.30448e-26 6.68698e-27 3.42779e-27 1.75707e-27 9.00648e-28 4.61649e-28 2.36624e-28 1.21282e-28 6.21624e-29 3.18602e-29 1.6329e-29 8.36882e-30 4.28903e-30 2.19809e-30 1.12648e-30 5.7729e-31 2.95839e-31 1.51603e-31 7.7688e-32 3.98099e-32 2.03995e-32 1.0453e-32 5.35617e-33 2.74448e-33 1.40624e-33 7.20523e-34 3.69174e-34 1.8915e-34 9.6911e-35 4.96516e-35 2.54382e-35 1.30326e-35
2.18026e-05 3.39949e-07 1.74663e-07 8.97363e-08 4.61016e-08 2.36834e-08 1.21661e-08 6.24944e-09 3.21005e-09 1.64878e-09 8.4683e-10 4.34922e-10 2.23361e-10 1.14706e-10 5.89046e-11 3.02478e-11 1.55318e-11 7.97502e-12 4.09473e-12 2.10234e-12 1.07935e-12 5.54127e-13 2.84471e-13 1.46033e-13 7.49635e-14 3.84798e-14 1.97515e-14 1.0138e-14 5.20345e-15 2.67063e-15 1.37064e-15 7.03425e-16 3.60992e-16 1.85253e-16 9.50642e-17 4.87816e-17 2.50312e-17 1.28438e-17 6.59011e-18 3.38126e-18 1.73481e-18 8.90044e-19 4.56624e-19 2.34258e-19 1.20176e-19 6.16491e-20 3.16246e-20 1.62222e-20 8.32118e-21 4.26823e-21 2.18927e-21 1.12289e-21 5.75925e-22 2.95381e-22 1.51491e-22 7.76931e-23 3.98443e-23 2.04333e-23 1.04785e-23 5.37343e-24 2.75545e-24 1.41294e-24 7.24507e-25 3.71494e-25 1.90481e-25 9.76655e-26 5.0075e-26 2.56738e-26 1.31629e-26 6.7484e-27 3.45972e-27 1.77367e-27 9.09274e-28 4.6613e-28 2.38952e-28 1.22491e-28 6.27899e-29 3.21859e-29 1.64981e-29 8.45651e-30 4.33452e-30 2.22168e-30 1.13871e-30 5.83631e-31 2.99125e-31 1.53306e-31 7.85704e-32 4.0267e-32 2.06363e-32 1.05756e-32 5.41966e-33 2.77735e-33 1.42325e-33 7.29329e-34 3.7373e-34 1.91507e-34 9.81307e-35 5.02825e-35 2.57645e-35 1.32013e-35 6.76406e-36
1.11178e-05 1.74411e-07 8.96233e-08 4.6052e-08 2.36622e-08 1.21575e-08 6.24611e-09 3.20891e-09 1.64849e-09 8.4683e-10 4.34998e-10 2.23439e-10 1.14766e-10 5.89454e-11 3.02739e-11 1.55478e-11 7.9846e-12 4.10034e-12 2.10557e-12 1.08119e-12 5.5516e-13 2.85048e-13 1.46353e-13 7.51398e-14 3.85765e-14 1.98043e-14 1.01667e-14 5.21899e-15 2.67903e-15 1.37516e-15 7.05856e-16 3.62296e-16 1.8595e-16 9.54366e-17 4.89801e-17 2.51368e-17 1.28999e-17 6.6199e-18 3.39705e-18 1.74317e-18 8.94463e-19 4.58958e-19 2.35489e-19 1.20825e-19 6.19912e-20 3.18046e-20 1.63169e-20 8.37094e-21 4.29436e-21 2.20298e-21 1.13008e-21 5.79694e-22 2.97355e-22 1.52525e-22 7.8234e-23 4.01272e-23 2.05812e-23 1.05558e-23 5.41379e-24 2.77652e-24 1.42393e-24 7.30243e-25 3.74486e-25 1.9204e-25 9.84781e-26 5.04982e-26 2.58942e-26 1.32776e-26 6.80811e-27 3.49079e-27 1.78983e-27 9.17675e-28 4.70497e-28 2.41222e-28 1.2367e-28 6.34024e-29 3.2504e-29 1.66632e-29 8.54224e-30 4.37901e-30 2.24477e-30 1.15069e-30 5.89841e-31 3.02346e-31 1.54976e-31 7.94359e-32 4.07155e-32 2.08687e-32 1.0696e-32 5.48203e-33 2.80965e-33 1.43997e-33 7.37989e-34 3.78213e-34 1.93828e-34 9.93314e-35 5.09038e-35 2.60859e-35 1.33676e-35 6.85007e-36 3.51017e-36
5.66931e-06 8.94781e-08 4.59859e-08 2.36326e-08 1.21445e-08 6.24057e-09 3.20664e-09 1.64762e-09 8.46532e-10 4.34922e-10 2.23439e-10 1.14786e-10 5.89658e-11 3.02896e-11 1.55585e-11 7.99144e-12 4.10454e-12 2.10808e-12 1.08266e-12 5.56006e-13 2.85529e-13 1.46624e-13 7.52911e-14 3.86603e-14 1.98505e-14 1.01921e-14 5.23283e-15 2.68656e-15 1.37924e-15 7.08059e-16 3.63483e-16 1.86588e-16 9.57786e-17 4.91631e-17 2.52346e-17 1.2952e-17 6.64763e-18 3.41178e-18 1.75099e-18 8.98608e-19 4.61153e-19 2.3665e-19 1.21438e-19 6.23147e-20 3.19752e-20 1.64068e-20 8.41823e-21 4.31923e-21 2.21605e-21 1.13695e-21 5.83297e-22 2.99245e-22 1.53516e-22 7.8753e-23 4.03989e-23 2.07234e-23 1.06302e-23 5.45267e-24 2.79684e-24 1.43455e-24 7.35784e-25 3.77377e-25 1.93549e-25 9.92647e-26 5.09083e-26 2.61079e-26 1.33889e-26 6.86609e-27 3.52097e-27 1.80554e-27 9.25848e-28 4.74748e-28 2.43432e-28 1.2482e-28 6.39997e-29 3.28143e-29 1.68244e-29 8.62596e-30 4.42248e-30 2.26733e-30 1.1624e-30 5.95918e-31 3.05499e-31 1.56611e-31 8.02839e-32 4.11552e-32 2.10966e-32 1.08142e-32 5.54324e-33 2.84136e-33 1.4564e-33 7.46498e-34 3.82619e-34 1.96109e-34 1.00513e-34 5.15152e-35 2.64023e-35 1.35314e-35 6.93478e-36 3.55399e-36 1.82135e-36
2.89095e-06 4.59034e-08 2.35946e-08 1.21272e-08 6.23282e-09 3.20324e-09 1.64617e-09 8.45938e-10 4.34693e-10 2.23361e-10 1.14766e-10 5.89658e-11 3.02948e-11 1.55639e-11 7.99555e-12 4.10735e-12 2.10987e-12 1.08376e-12 5.56664e-13 2.85914e-13 1.46846e-13 7.54172e-14 3.87314e-14 1.98902e-14 1.02141e-14 5.24496e-15 2.69321e-15 1.38287e-15 7.10034e-16 3.64553e-16 1.87166e-16 9.60901e-17 4.93305e-17 2.53243e-17 1.30001e-17 6.67328e-18 3.42546e-18 1.75827e-18 9.02477e-19 4.63206e-19 2.37738e-19 1.22014e-19 6.26194e-20 3.21362e-20 1.64917e-20 8.46303e-21 4.34283e-21 2.22847e-21 1.14348e-21 5.86731e-22 3.01049e-22 1.54462e-22 7.92495e-23 4.06592e-23 2.08598e-23 1.07016e-23 5.49005e-24 2.81639e-24 1.44477e-24 7.41126e-25 3.80167e-25 1.95006e-25 1.00025e-25 5.1305e-26 2.63148e-26 1.34968e-26 6.9223e-27 3.55026e-27 1.82079e-27 9.33788e-28 4.78881e-28 2.45583e-28 1.25938e-28 6.45814e-29 3.31168e-29 1.69816e-29 8.70764e-30 4.46491e-30 2.28937e-30 1.17384e-30 6.01859e-31 3.08582e-31 1.58211e-31 8.1114e-32 4.15858e-32 2.13199e-32 1.093e-32 5.60327e-33 2.87248e-33 1.47253e-33 7.54852e-34 3.86948e-34 1.98351e-34 1.01674e-34 5.21164e-35 2.67136e-35 1.36925e-35 7.01818e-36 3.59715e-36 1.84368e-36 9.4494e-37
1.47418e-06 2.35482e-08 1.21055e-08 6.22286e-09 3.19871e-09 1.64414e-09 8.45047e-10 4.34313e-10 2.23206e-10 1.14706e-10 5.89454e-11 3.02896e-11 1.55639e-11 7.99692e-12 4.10875e-12 2.11095e-12 1.0845e-12 5.57135e-13 2.86203e-13 1.47018e-13 7.55182e-14 3.87895e-14 1.99233e-14 1.02327e-14 5.25536e-15 2.69898e-15 1.38605e-15 7.11779e-16 3.65506e-16 1.87684e-16 9.63709e-17 4.94822e-17 2.54061e-17 1.3044e-17 6.69684e-18 3.43807e-18 1.765e-18 9.06068e-19 4.65118e-19 2.38754e-19 1.22554e-19 6.29053e-20 3.22875e-20 1.65718e-20 8.50532e-21 4.36515e-21 2.24024e-21 1.14968e-21 5.89996e-22 3.02766e-22 1.55365e-22 7.97235e-23 4.0908e-23 2.09903e-23 1.077e-23 5.5259e-24 2.83516e-24 1.45459e-24 7.46265e-25 3.82855e-25 1.9641e-25 1.00759e-25 5.16882e-26 2.65148e-26 1.36011e-26 6.97671e-27 3.57863e-27 1.83557e-27 9.41492e-28 4.82894e-28 2.47672e-28 1.27026e-28 6.51473e-29 3.34111e-29 1.71347e-29 8.78724e-30 4.50629e-30 2.31087e-30 1.18501e-30 6.07661e-31 3.11595e-31 1.59776e-31 8.1926e-32 4.20072e-32 2.15386e-32 1.10434e-32 5.66209e-33 2.90298e-33 1.48834e-33 7.63049e-34 3.91196e-34 2.00552e-34 1.02814e-34 5.27071e-35 2.70195e-35 1.38509e-35 7.1002e-36 3.63962e-36 1.86566e-36 9.56316e-37 4.90188e-37
7.51732e-07 1.20796e-08 6.2107e-09 3.19305e-09 1.64153e-09 8.43859e-10 4.33781e-10 2.22972e-10 1.14607e-10 5.89046e-11 3.02739e-11 1.55585e-11 7.99555e-12 4.10875e-12 2.11131e-12 1.08486e-12 5.57417e-13 2.86396e-13 1.47142e-13 7.5594e-14 3.88348e-14 1.99498e-14 1.0248e-14 5.26404e-15 2.70387e-15 1.38878e-15 7.13293e-16 3.6634e-16 1.88142e-16 9.66209e-17 4.96182e-17 2.54798e-17 1.30838e-17 6.7183e-18 3.4496e-18 1.77119e-18 9.09378e-19 4.66886e-19 2.39697e-19 1.23055e-19 6.3172e-20 3.24291e-20 1.66469e-20 8.54508e-21 4.38618e-21 2.25135e-21 1.15555e-21 5.93088e-22 3.04395e-22 1.56223e-22 8.01747e-23 4.11452e-23 2.11149e-23 1.08354e-23 5.5602e-24 2.85315e-24 1.46402e-24 7.51201e-25 3.85438e-25 1.97762e-25 1.01465e-25 5.20575e-26 2.67077e-26 1.37019e-26 7.02931e-27 3.60607e-27 1.84989e-27 9.48956e-28 4.86784e-28 2.49699e-28 1.28081e-28 6.5697e-29 3.36973e-29 1.72836e-29 8.86472e-30 4.54658e-30 2.33182e-30 1.1959e-30 6.13321e-31 3.14536e-31 1.61303e-31 8.27193e-32 4.24191e-32 2.17524e-32 1.11543e-32 5.71967e-33 2.93285e-33 1.50383e-33 7.71083e-34 3.95361e-34 2.02712e-34 1.03933e-34 5.32871e-35 2.732e-35 1.40066e-35 7.18083e-36 3.68137e-36 1.88728e-36 9.67509e-37 4.95982e-37 2.54255e-37
3.83331e-07 6.19634e-09 3.18626e-09 1.63834e-09 8.42375e-10 4.33097e-10 2.22661e-10 1.14467e-10 5.88434e-11 3.02478e-11 1.55478e-11 7.99144e-12 4.10735e-12 2.11095e-12 1.08486e-12 5.57511e-13 2.86493e-13 1.47216e-13 7.56446e-14 3.88672e-14 1.99696e-14 1.02598e-14 5.27099e-15 2.70787e-15 1.39106e-15 7.14575e-16 3.67057e-16 1.88539e-16 9.684e-17 4.97384e-17 2.55454e-17 1.31195e-17 6.73765e-18 3.46006e-18 1.77682e-18 9.12407e-19 4.6851e-19 2.40566e-19 1.2352e-19 6.34196e-20 3.2561e-20 1.67169e-20 8.58227e-21 4.4059e-21 2.26179e-21 1.16107e-21 5.96006e-22 3.05936e-22 1.57035e-22 8.06029e-23 4.13706e-23 2.12334e-23 1.08977e-23 5.59295e-24 2.87034e-24 1.47303e-24 7.55929e-25 3.87916e-25 1.99059e-25 1.02145e-25 5.24129e-26 2.68936e-26 1.3799e-26 7.08006e-27 3.63258e-27 1.86372e-27 9.56176e-28 4.9055e-28 2.51662e-28 1.29105e-28 6.62304e-29 3.39751e-29 1.74283e-29 8.94003e-30 4.58578e-30 2.35222e-30 1.20651e-30 6.18837e-31 3.17403e-31 1.62793e-31 8.34936e-32 4.28213e-32 2.19613e-32 1.12628e-32 5.77598e-33 2.96208e-33 1.519e-33 7.78952e-34 3.99443e-34 2.04828e-34 1.05031e-34 5.3856e-35 2.76149e-35 1.41594e-35 7.26002e-36 3.7224e-36 1.90853e-36 9.78515e-37 5.01681e-37 2.57205e-37 1.31863e-37
1.95472e-07 3.17835e-09 1.63458e-09 8.40597e-10 4.32262e-10 2.22272e-10 1.14288e-10 5.87618e-11 3.02112e-11 1.55318e-11 7.9846e-12 4.10454e-12 2.10987e-12 1.0845e-12 5.57417e-13 2.86493e-13 1.47241e-13 7.56699e-14 3.88866e-14 1.99829e-14 1.02683e-14 5.27621e-15 2.71099e-15 1.39288e-15 7.15625e-16 3.67654e-16 1.88876e-16 9.7028e-17 4.98426e-17 2.56029e-17 1.31511e-17 6.75487e-18 3.46943e-18 1.7819e-18 9.15151e-19 4.69989e-19 2.41361e-19 1.23946e-19 6.36479e-20 3.26829e-20 1.6782e-20 8.61689e-21 4.4243e-21 2.27157e-21 1.16625e-21 5.9875e-22 3.07387e-22 1.57802e-22 8.10077e-23 4.15841e-23 2.13459e-23 1.0957e-23 5.62411e-24 2.88672e-24 1.48164e-24 7.60448e-25 3.90287e-25 2.00302e-25 1.02796e-25 5.27541e-26 2.70722e-26 1.38925e-26 7.12894e-27 3.65813e-27 1.87707e-27 9.63148e-28 4.9419e-28 2.53562e-28 1.30096e-28 6.67471e-29 3.42445e-29 1.75687e-29 9.01315e-30 4.62386e-30 2.37204e-30 1.21683e-30 6.24205e-31 3.20196e-31 1.64246e-31 8.42486e-32 4.32137e-32 2.21652e-32 1.13687e-32 5.831e-33 2.99065e-33 1.53383e-33 7.8665e-34 4.03438e-34 2.06901e-34 1.06106e-34 5.44137e-35 2.79041e-35 1.43093e-35 7.33774e-36 3.76268e-36 1.9294e-36 9.89329e-37 5.07283e-37 2.60107e-37 1.33366e-37 6.83802e-38
9.96771e-08 1.63025e-09 8.38525e-10 4.31277e-10 2.21806e-10 1.14069e-10 5.866e-11 3.01643e-11 1.55104e-11 7.97502e-12 4.10034e-12 2.10808e-12 1.08376e-12 5.57135e-13 2.86396e-13 1.47216e-13 7.56699e-14 3.88931e-14 1.99895e-14 1.02734e-14 5.27969e-15 2.71321e-15 1.39425e-15 7.16443e-16 3.68133e-16 1.89151e-16 9.71848e-17 4.9931e-17 2.56522e-17 1.31784e-17 6.76996e-18 3.47771e-18 1.78642e-18 9.17611e-19 4.71323e-19 2.42082e-19 1.24335e-19 6.38567e-20 3.27949e-20 1.68419e-20 8.64892e-21 4.44138e-21 2.28066e-21 1.17109e-21 6.01317e-22 3.08748e-22 1.58523e-22 8.13891e-23 4.17856e-23 2.14523e-23 1.10131e-23 5.65369e-24 2.90229e-24 1.48983e-24 7.64756e-25 3.9255e-25 2.01491e-25 1.0342e-25 5.3081e-26 2.72435e-26 1.39822e-26 7.17592e-27 3.68271e-27 1.88993e-27 9.69869e-28 4.97702e-28 2.55396e-28 1.31053e-28 6.72469e-29 3.45052e-29 1.77046e-29 9.08404e-30 4.6608e-30 2.39129e-30 1.22685e-30 6.29424e-31 3.22912e-31 1.65659e-31 8.49838e-32 4.35961e-32 2.2364e-32 1.14721e-32 5.8847e-33 3.01854e-33 1.54832e-33 7.94176e-34 4.07345e-34 2.08929e-34 1.07159e-34 5.49598e-35 2.81874e-35 1.44563e-35 7.41394e-36 3.80219e-36 1.94988e-36 9.99944e-37 5.12784e-37 2.62957e-37 1.34843e-37 6.9145e-38 3.54558e-38
5.08284e-08 8.3616e-10 4.30141e-10 2.21263e-10 1.13811e-10 5.85379e-11 3.0107e-11 1.54837e-11 7.96271e-12 4.09473e-12 2.10557e-12 1.08266e-12 5.56664e-13 2.86203e-13 1.47142e-13 7.56446e-14 3.88866e-14 1.99895e-14 1.02751e-14 5.28143e-15 2.71455e-15 1.39517e-15 7.17027e-16 3.68492e-16 1.89366e-16 9.73103e-17 5.00033e-17 2.56934e-17 1.32016e-17 6.78291e-18 3.48489e-18 1.79038e-18 9.19784e-19 4.7251e-19 2.42728e-19 1.24685e-19 6.4046e-20 3.28969e-20 1.68967e-20 8.67834e-21 4.45713e-21 2.28907e-21 1.17557e-21 6.03707e-22 3.10019e-22 1.59197e-22 8.17468e-23 4.19751e-23 2.15526e-23 1.10661e-23 5.68165e-24 2.91704e-24 1.49761e-24 7.68849e-25 3.94704e-25 2.02623e-25 1.04015e-25 5.33935e-26 2.74075e-26 1.40682e-26 7.22098e-27 3.70631e-27 1.90229e-27 9.76336e-28 5.01084e-28 2.57164e-28 1.31977e-28 6.77295e-29 3.47572e-29 1.78362e-29 9.15266e-30 4.69659e-30 2.40994e-30 1.23658e-30 6.3449e-31 3.2555e-31 1.67033e-31 8.56989e-32 4.39682e-32 2.25576e-32 1.15727e-32 5.93705e-33 3.04576e-33 1.56247e-33 8.01524e-34 4.11162e-34 2.10912e-34 1.08188e-34 5.54942e-35 2.84648e-35 1.46002e-35 7.4886e-36 3.84091e-36 1.96997e-36 1.01036e-36 5.18183e-37 2.65755e-37 1.36293e-37 6.98964e-38 3.58451e-38 1.83821e-38
2.59189e-08 4.28856e-10 2.20644e-10 1.13513e-10 5.83956e-11 3.00393e-11 1.54517e-11 7.94768e-12 4.08773e-12 2.10234e-12 1.08119e-12 5.56006e-13 2.85914e-13 1.47018e-13 7.5594e-14 3.88672e-14 1.99829e-14 1.02734e-14 5.28143e-15 2.71499e-15 1.39562e-15 7.17378e-16 3.68731e-16 1.89519e-16 9.74045e-17 5.00596e-17 2.57263e-17 1.32206e-17 6.79371e-18 3.49097e-18 1.79378e-18 9.2167e-19 4.7355e-19 2.43299e-19 1.24996e-19 6.42156e-20 3.29889e-20 1.69465e-20 8.70513e-21 4.47154e-21 2.2968e-21 1.17971e-21 6.05917e-22 3.11198e-22 1.59825e-22 8.20806e-23 4.21523e-23 2.16466e-23 1.11159e-23 5.708e-24 2.93097e-24 1.50496e-24 7.72727e-25 3.96748e-25 2.037e-25 1.04581e-25 5.36913e-26 2.7564e-26 1.41504e-26 7.2641e-27 3.72893e-27 1.91414e-27 9.82545e-28 5.04335e-28 2.58866e-28 1.32867e-28 6.81948e-29 3.50004e-29 1.79632e-29 9.21897e-30 4.7312e-30 2.428e-30 1.246e-30 6.39401e-31 3.2811e-31 1.68367e-31 8.63936e-32 4.433e-32 2.27459e-32 1.16707e-32 5.98803e-33 3.07228e-33 1.57626e-33 8.08692e-34 4.14888e-34 2.12847e-34 1.09193e-34 5.60165e-35 2.8736e-35 1.4741e-35 7.56168e-36 3.87883e-36 1.98964e-36 1.02056e-36 5.23476e-37 2.685e-37 1.37716e-37 7.06341e-38 3.62274e-38 1.85802e-38 9.5292e-39
1.32168e-08 2.19948e-10 1.13177e-10 5.82332e-11 2.99613e-11 1.54144e-11 7.92994e-12 4.07934e-12 2.0984e-12 1.07935e-12 5.5516e-13 2.85529e-13 1.46846e-13 7.55182e-14 3.88348e-14 1.99696e-14 1.02683e-14 5.27969e-15 2.71455e-15 1.39562e-15 7.17495e-16 3.68851e-16 1.89611e-16 9.74673e-17 5.00998e-17 2.5751e-17 1.32354e-17 6.80236e-18 3.49596e-18 1.79662e-18 9.23268e-19 4.74442e-19 2.43794e-19 1.2527e-19 6.43654e-20 3.30707e-20 1.6991e-20 8.72928e-21 4.48459e-21 2.30384e-21 1.18349e-21 6.07947e-22 3.12284e-22 1.60406e-22 8.23904e-23 4.23173e-23 2.17343e-23 1.11624e-23 5.7327e-24 2.94405e-24 1.51189e-24 7.76387e-25 3.9868e-25 2.04719e-25 1.05118e-25 5.39743e-26 2.77129e-26 1.42287e-26 7.30525e-27 3.75054e-27 1.92548e-27 9.88493e-28 5.07453e-28 2.60499e-28 1.33723e-28 6.86424e-29 3.52345e-29 1.80856e-29 9.28296e-30 4.76463e-30 2.44546e-30 1.25511e-30 6.44155e-31 3.3059e-31 1.69659e-31 8.70675e-32 4.46811e-32 2.29288e-32 1.1766e-32 6.03762e-33 3.09808e-33 1.58968e-33 8.15676e-34 4.1852e-34 2.14736e-34 1.10175e-34 5.65264e-35 2.90009e-35 1.48786e-35 7.63314e-36 3.91593e-36 2.0089e-36 1.03056e-36 5.28662e-37 2.7119e-37 1.39111e-37 7.13577e-38 3.66025e-38 1.87747e-38 9.63e-39 4.93937e-39
6.73967e-09 1.12801e-10 5.80508e-11 2.9873e-11 1.53718e-11 7.90949e-12 4.06957e-12 2.09375e-12 1.07715e-12 5.54127e-13 2.85048e-13 1.46624e-13 7.54172e-14 3.87895e-14 1.99498e-14 1.02598e-14 5.27621e-15 2.71321e-15 1.39517e-15 7.17378e-16 3.68851e-16 1.89642e-16 9.74988e-17 5.01239e-17 2.57675e-17 1.32459e-17 6.80885e-18 3.49983e-18 1.79889e-18 9.24576e-19 4.75187e-19 2.44213e-19 1.25504e-19 6.44954e-20 3.31424e-20 1.70304e-20 8.75078e-21 4.49629e-21 2.31018e-21 1.18692e-21 6.09796e-22 3.13279e-22 1.60939e-22 8.2676e-23 4.24699e-23 2.18157e-23 1.12058e-23 5.75576e-24 2.9563e-24 1.51838e-24 7.79828e-25 4.00501e-25 2.05681e-25 1.05627e-25 5.42424e-26 2.78542e-26 1.43031e-26 7.34442e-27 3.77114e-27 1.93631e-27 9.94178e-28 5.10437e-28 2.62064e-28 1.34543e-28 6.90722e-29 3.54596e-29 1.82034e-29 9.34458e-30 4.79685e-30 2.4623e-30 1.2639e-30 6.4875e-31 3.32988e-31 1.70911e-31 8.77204e-32 4.50215e-32 2.31063e-32 1.18585e-32 6.08579e-33 3.12317e-33 1.60274e-33 8.22474e-34 4.22056e-34 2.16575e-34 1.11132e-34 5.70239e-35 2.92595e-35 1.5013e-35 7.70295e-36 3.9522e-36 2.02773e-36 1.04034e-36 5.33737e-37 2.73825e-37 1.40478e-37 7.20668e-38 3.69704e-38 1.89655e-38 9.72891e-39 4.99065e-39 2.56e-39
3.43676e-09 5.78484e-11 2.97745e-11 1.5324e-11 7.88636e-12 4.05841e-12 2.08839e-12 1.07459e-12 5.52907e-13 2.84471e-13 1.46353e-13 7.52911e-14 3.87314e-14 1.99233e-14 1.0248e-14 5.27099e-15 2.71099e-15 1.39425e-15 7.17027e-16 3.68731e-16 1.89611e-16 9.74988e-17 5.0132e-17 2.57758e-17 1.32523e-17 6.81318e-18 3.50261e-18 1.80059e-18 9.25594e-19 4.75783e-19 2.44557e-19 1.25699e-19 6.46056e-20 3.3204e-20 1.70645e-20 8.76962e-21 4.50663e-21 2.31583e-21 1.19e-21 6.11463e-22 3.1418e-22 1.61425e-22 8.29372e-23 4.26101e-23 2.18908e-23 1.12459e-23 5.77716e-24 2.9677e-24 1.52444e-24 7.83047e-25 4.02208e-25 2.06586e-25 1.06105e-25 5.44954e-26 2.79879e-26 1.43736e-26 7.38159e-27 3.79071e-27 1.94661e-27 9.99596e-28 5.13284e-28 2.6356e-28 1.35328e-28 6.94839e-29 3.56754e-29 1.83165e-29 9.40381e-30 4.82785e-30 2.47852e-30 1.27239e-30 6.53182e-31 3.35304e-31 1.72121e-31 8.83518e-32 4.5351e-32 2.32781e-32 1.19481e-32 6.13252e-33 3.14752e-33 1.61543e-33 8.29081e-34 4.25496e-34 2.18366e-34 1.12063e-34 5.75086e-35 2.95115e-35 1.5144e-35 7.77108e-36 3.9876e-36 2.04613e-36 1.04989e-36 5.387e-37 2.76402e-37 1.41816e-37 7.27612e-38 3.73307e-38 1.91524e-38 9.82589e-39 5.04094e-39 2.58608e-39 1.32668e-39
1.75251e-09 2.96658e-11 1.5271e-11 7.86054e-12 4.04588e-12 2.08232e-12 1.07167e-12 5.51502e-13 2.83799e-13 1.46033e-13 7.51398e-14 3.86603e-14 1.98902e-14 1.02327e-14 5.26404e-15 2.70787e-15 1.39288e-15 7.16443e-16 3.68492e-16 1.89519e-16 9.74673e-17 5.01239e-17 2.57758e-17 1.32544e-17 6.81534e-18 3.50427e-18 1.80173e-18 9.26322e-19 4.7623e-19 2.44824e-19 1.25856e-19 6.46958e-20 3.32553e-20 1.70934e-20 8.78579e-21 4.5156e-21 2.32078e-21 1.19271e-21 6.12947e-22 3.14987e-22 1.61863e-22 8.3174e-23 4.27378e-23 2.19594e-23 1.12828e-23 5.79688e-24 2.97824e-24 1.53007e-24 7.86043e-25 4.03802e-25 2.07432e-25 1.06554e-25 5.47333e-26 2.81137e-26 1.44402e-26 7.41673e-27 3.80925e-27 1.95639e-27 1.00475e-27 5.15994e-28 2.64985e-28 1.36077e-28 6.98774e-29 3.5882e-29 1.84248e-29 9.46061e-30 4.85761e-30 2.4941e-30 1.28054e-30 6.57451e-31 3.37537e-31 1.73287e-31 8.89615e-32 4.56695e-32 2.34444e-32 1.20349e-32 6.17778e-33 3.17112e-33 1.62773e-33 8.35494e-34 4.28838e-34 2.20106e-34 1.12969e-34 5.79802e-35 2.9757e-35 1.52717e-35 7.8375e-36 4.02214e-36 2.06408e-36 1.05922e-36 5.43549e-37 2.7892e-37 1.43124e-37 7.34405e-38 3.76834e-38 1.93355e-38 9.92089e-39 5.09023e-39 2.61165e-39 1.33994e-39 6.87458e-40
8.93658e-10 1.52128e-11 7.83206e-12 4.03197e-12 2.07556e-12 1.06838e-12 5.49912e-13 2.83032e-13 1.45665e-13 7.49635e-14 3.85765e-14 1.98505e-14 1.02141e-14 5.25536e-15 2.70387e-15 1.39106e-15 7.15625e-16 3.68133e-16 1.89366e-16 9.74045e-17 5.00998e-17 2.57675e-17 1.32523e-17 6.81534e-18 3.50482e-18 1.80229e-18 9.26758e-19 4.76528e-19 2.45015e-19 1.25973e-19 6.4766e-20 3.32964e-20 1.71171e-20 8.79927e-21 4.5232e-21 2.32503e-21 1.19507e-21 6.14247e-22 3.15701e-22 1.62253e-22 8.33862e-23 4.28529e-23 2.20217e-23 1.13163e-23 5.81493e-24 2.98792e-24 1.53525e-24 7.88814e-25 4.05281e-25 2.0822e-25 1.06973e-25 5.49558e-26 2.82318e-26 1.45027e-26 7.44984e-27 3.82676e-27 1.96563e-27 1.00962e-27 5.18566e-28 2.6634e-28 1.3679e-28 7.02525e-29 3.60791e-29 1.85284e-29 9.51496e-30 4.88612e-30 2.50905e-30 1.28838e-30 6.61554e-31 3.39684e-31 1.74411e-31 8.95492e-32 4.59767e-32 2.36049e-32 1.21187e-32 6.22156e-33 3.19397e-33 1.63965e-33 8.41711e-34 4.32079e-34 2.21795e-34 1.1385e-34 5.84387e-35 2.99957e-35 1.5396e-35 7.90217e-36 4.05579e-36 2.08158e-36 1.06832e-36 5.4828e-37 2.8138e-37 1.44402e-37 7.41044e-38 3.80282e-38 1.95145e-38 1.00139e-38 5.13849e-39 2.6367e-39 1.35294e-39 6.942e-40 3.56192e-40
4.55703e-10 7.80092e-12 4.01671e-12 2.06809e-12 1.06474e-12 5.48137e-13 2.82171e-13 1.45248e-13 7.47624e-14 3.84798e-14 1.98043e-14 1.01921e-14 5.24496e-15 2.69898e-15 1.38878e-15 7.14575e-16 3.67654e-16 1.89151e-16 9.73103e-17 5.00596e-17 2.5751e-17 1.32459e-17 6.81318e-18 3.50427e-18 1.80229e-18 9.26904e-19 4.76678e-19 2.4513e-19 1.26052e-19 6.48162e-20 3.33273e-20 1.71356e-20 8.81007e-21 4.52942e-21 2.32857e-21 1.19707e-21 6.15362e-22 3.1632e-22 1.62595e-22 8.35737e-23 4.29553e-23 2.20774e-23 1.13466e-23 5.83128e-24 2.99674e-24 1.53999e-24 7.9136e-25 4.06644e-25 2.08949e-25 1.07362e-25 5.51629e-26 2.83419e-26 1.45612e-26 7.48088e-27 3.84321e-27 1.97434e-27 1.01423e-27 5.20997e-28 2.67623e-28 1.37467e-28 7.06088e-29 3.62667e-29 1.86271e-29 9.56683e-30 4.91337e-30 2.52336e-30 1.29588e-30 6.65489e-31 3.41746e-31 1.75491e-31 9.01146e-32 4.62725e-32 2.37597e-32 1.21996e-32 6.26383e-33 3.21605e-33 1.65118e-33 8.47728e-34 4.35218e-34 2.23433e-34 1.14703e-34 5.88837e-35 3.02276e-35 1.55168e-35 7.96507e-36 4.08853e-36 2.09863e-36 1.07719e-36 5.52892e-37 2.83778e-37 1.45649e-37 7.47526e-38 3.8365e-38 1.96895e-38 1.01048e-38 5.18571e-39 2.66122e-39 1.36566e-39 7.00805e-40 3.59619e-40 1.84535e-40
2.32377e-10 4.00009e-12 2.05993e-12 1.06073e-12 5.46179e-13 2.81215e-13 1.44782e-13 7.45364e-14 3.83704e-14 1.97515e-14 1.01667e-14 5.23283e-15 2.69321e-15 1.38605e-15 7.13293e-16 3.67057e-16 1.88876e-16 9.71848e-17 5.00033e-17 2.57263e-17 1.32354e-17 6.80885e-18 3.50261e-18 1.80173e-18 9.26758e-19 4.76678e-19 2.45168e-19 1.26091e-19 6.48463e-20 3.33478e-20 1.71487e-20 8.81817e-21 4.53426e-21 2.3314e-21 1.1987e-21 6.16293e-22 3.16844e-22 1.62888e-22 8.37363e-23 4.30451e-23 2.21267e-23 1.13735e-23 5.84594e-24 3.00469e-24 1.54429e-24 7.93678e-25 4.07891e-25 2.09618e-25 1.0772e-25 5.53545e-26 2.84442e-26 1.46157e-26 7.50985e-27 3.8586e-27 1.9825e-27 1.01855e-27 5.23288e-28 2.68834e-28 1.38106e-28 7.09464e-29 3.64447e-29 1.87208e-29 9.6162e-30 4.93934e-30 2.53701e-30 1.30305e-30 6.69253e-31 3.43722e-31 1.76527e-31 9.06574e-32 4.65569e-32 2.39085e-32 1.22775e-32 6.30457e-33 3.23735e-33 1.66232e-33 8.53543e-34 4.38255e-34 2.25018e-34 1.1553e-34 5.93151e-35 3.04525e-35 1.5634e-35 8.02616e-36 4.12035e-36 2.1152e-36 1.08582e-36 5.57383e-37 2.86115e-37 1.46865e-37 7.53848e-38 3.86938e-38 1.98604e-38 1.01936e-38 5.23184e-39 2.68518e-39 1.37811e-39 7.07269e-40 3.62974e-40 1.86277e-40 9.55943e-41
1.18496e-10 2.05107e-12 1.05638e-12 5.44039e-13 2.80166e-13 1.44269e-13 7.42858e-14 3.82484e-14 1.96923e-14 1.0138e-14 5.21899e-15 2.68656e-15 1.38287e-15 7.11779e-16 3.6634e-16 1.88539e-16 9.7028e-17 4.9931e-17 2.56934e-17 1.32206e-17 6.80236e-18 3.49983e-18 1.80059e-18 9.26322e-19 4.76528e-19 2.4513e-19 1.26091e-19 6.48563e-20 3.33581e-20 1.71566e-20 8.82357e-21 4.53772e-21 2.33353e-21 1.19997e-21 6.17038e-22 3.17274e-22 1.63132e-22 8.38741e-23 4.31221e-23 2.21694e-23 1.13971e-23 5.85889e-24 3.01177e-24 1.54815e-24 7.95768e-25 4.09021e-25 2.10227e-25 1.08048e-25 5.55304e-26 2.85384e-26 1.46661e-26 7.53674e-27 3.87292e-27 1.99012e-27 1.0226e-27 5.25435e-28 2.69972e-28 1.38709e-28 7.1265e-29 3.6613e-29 1.88097e-29 9.66303e-30 4.96402e-30 2.55e-30 1.30989e-30 6.72846e-31 3.45609e-31 1.77518e-31 9.11774e-32 4.68295e-32 2.40514e-32 1.23524e-32 6.34377e-33 3.25787e-33 1.67304e-33 8.59153e-34 4.41187e-34 2.26549e-34 1.1633e-34 5.97326e-35 3.06704e-35 1.57477e-35 8.08542e-36 4.15124e-36 2.1313e-36 1.09421e-36 5.61751e-37 2.88389e-37 1.48048e-37 7.60007e-38 3.90142e-38 2.00271e-38 1.02802e-38 5.27689e-39 2.7086e-39 1.39028e-39 7.13589e-40 3.66257e-40 1.87981e-40 9.64793e-41 4.95159e-41
6.04247e-11 1.05167e-12 5.41718e-13 2.79023e-13 1.43708e-13 7.40106e-14 3.81137e-14 1.96265e-14 1.0106e-14 5.20345e-15 2.67903e-15 1.37924e-15 7.10034e-16 3.65506e-16 1.88142e-16 9.684e-17 4.98426e-17 2.56522e-17 1.32016e-17 6.79371e-18 3.49596e-18 1.79889e-18 9.25594e-19 4.7623e-19 2.45015e-19 1.26052e-19 6.48463e-20 3.33581e-20 1.71593e-20 8.82627e-21 4.5398e-21 2.33495e-21 1.20088e-21 6.17597e-22 3.17608e-22 1.63328e-22 8.3987e-23 4.31863e-23 2.22056e-23 1.14173e-23 5.87012e-24 3.01797e-24 1.55155e-24 7.97628e-25 4.10033e-25 2.10777e-25 1.08345e-25 5.56907e-26 2.86246e-26 1.47123e-26 7.56152e-27 3.88617e-27 1.99719e-27 1.02637e-27 5.2744e-28 2.71037e-28 1.39274e-28 7.15645e-29 3.67715e-29 1.88935e-29 9.70732e-30 4.98739e-30 2.56233e-30 1.31638e-30 6.76266e-31 3.47408e-31 1.78464e-31 9.16743e-32 4.70904e-32 2.41883e-32 1.24242e-32 6.3814e-33 3.27758e-33 1.68337e-33 8.64555e-34 4.44012e-34 2.28027e-34 1.17102e-34 6.0136e-35 3.08811e-35 1.58576e-35 8.14281e-36 4.18119e-36 2.14691e-36 1.10235e-36 5.65993e-37 2.90599e-37 1.49199e-37 7.66e-38 3.93261e-38 2.01894e-38 1.03647e-38 5.32083e-39 2.73144e-39 1.40215e-39 7.19762e-40 3.69465e-40 1.89648e-40 9.73449e-41 4.99654e-41 2.56458e-41
3.08124e-11 5.39217e-13 2.77788e-13 1.43099e-13 7.3711e-14 3.79665e-14 1.95543e-14 1.00707e-14 5.1862e-15 2.67063e-15 1.37516e-15 7.08059e-16 3.64553e-16 1.87684e-16 9.66209e-17 4.97384e-17 2.56029e-17 1.31784e-17 6.78291e-18 3.49097e-18 1.79662e-18 9.24576e-19 4.75783e-19 2.44824e-19 1.25973e-19 6.48162e-20 3.33478e-20 1.71566e-20 8.82627e-21 4.54049e-21 2.33566e-21 1.20143e-21 6.1797e-22 3.17847e-22 1.63475e-22 8.40748e-23 4.32378e-23 2.22353e-23 1.14342e-23 5.87964e-24 3.02329e-24 1.5545e-24 7.99258e-25 4.10928e-25 2.11266e-25 1.08612e-25 5.58352e-26 2.87028e-26 1.47545e-26 7.58419e-27 3.89834e-27 2.00371e-27 1.02985e-27 5.293e-28 2.72028e-28 1.39801e-28 7.18447e-29 3.69202e-29 1.89723e-29 9.74903e-30 5.00945e-30 2.57398e-30 1.32254e-30 6.7951e-31 3.49118e-31 1.79364e-31 9.21479e-32 4.73394e-32 2.43192e-32 1.24928e-32 6.41745e-33 3.29648e-33 1.69328e-33 8.69747e-34 4.46731e-34 2.2945e-34 1.17847e-34 6.05252e-35 3.10845e-35 1.59639e-35 8.19832e-36 4.21016e-36 2.16203e-36 1.11023e-36 5.70107e-37 2.92744e-37 1.50317e-37 7.71825e-38 3.96295e-38 2.03474e-38 1.04469e-38 5.36362e-39 2.75371e-39 1.41374e-39 7.25785e-40 3.72596e-40 1.91276e-40 9.81909e-41 5.04049e-41 2.58741e-41 1.32816e-41
1.57122e-11 2.76462e-13 1.42443e-13 7.33872e-14 3.78069e-14 1.94758e-14 1.00321e-14 5.16727e-15 2.66137e-15 1.37064e-15 7.05856e-16 3.63483e-16 1.87166e-16 9.63709e-17 4.96182e-17 2.55454e-17 1.31511e-17 6.76996e-18 3.48489e-18 1.79378e-18 9.23268e-19 4.75187e-19 2.44557e-19 1.25856e-19 6.4766e-20 3.33273e-20 1.71487e-20 8.82357e-21 4.5398e-21 2.33566e-21 1.20161e-21 6.18156e-22 3.1799e-22 1.63573e-22 8.41376e-23 4.32764e-23 2.22584e-23 1.14477e-23 5.88743e-24 3.02773e-24 1.557e-24 8.00656e-25 4.11705e-25 2.11694e-25 1.08847e-25 5.59637e-26 2.87728e-26 1.47925e-26 7.60474e-27 3.90942e-27 2.00967e-27 1.03305e-27 5.31015e-28 2.72945e-28 1.40291e-28 7.21054e-29 3.70589e-29 1.9046e-29 9.78815e-30 5.03019e-30 2.58496e-30 1.32834e-30 6.82578e-31 3.50737e-31 1.80218e-31 9.25979e-32 4.75764e-32 2.44438e-32 1.25584e-32 6.45189e-33 3.31457e-33 1.70277e-33 8.74725e-34 4.49341e-34 2.30817e-34 1.18563e-34 6.09e-35 3.12805e-35 1.60665e-35 8.25191e-36 4.23817e-36 2.17666e-36 1.11787e-36 5.74092e-37 2.94823e-37 1.51402e-37 7.77479e-38 3.99242e-38 2.05009e-38 1.05269e-38 5.40527e-39 2.77539e-39 1.42502e-39 7.31657e-40 3.75651e-40 1.92864e-40 9.90167e-41 5.08342e-41 2.60972e-41 1.33975e-41 6.87769e-42
8.01212e-12 1.41741e-13 7.30394e-14 3.76349e-14 1.93908e-14 9.99021e-15 5.14666e-15 2.65124e-15 1.36567e-15 7.03425e-16 3.62296e-16 1.86588e-16 9.60901e-17 4.94822e-17 2.54798e-17 1.31195e-17 6.75487e-18 3.47771e-18 1.79038e-18 9.2167e-19 4.74442e-19 2.44213e-19 1.25699e-19 6.46958e-20 3.32964e-20 1.71356e-20 8.81817e-21 4.53772e-21 2.33495e-21 1.20143e-21 6.18156e-22 3.18038e-22 1.63622e-22 8.41752e-23 4.33021e-23 2.22749e-23 1.14579e-23 5.8935e-24 3.03128e-24 1.55905e-24 8.01823e-25 4.12362e-25 2.12062e-25 1.09051e-25 5.60764e-26 2.88346e-26 1.48263e-26 7.62315e-27 3.91941e-27 2.01508e-27 1.03597e-27 5.32583e-28 2.73787e-28 1.40742e-28 7.23466e-29 3.71877e-29 1.91146e-29 9.82466e-30 5.04958e-30 2.59525e-30 1.3338e-30 6.85467e-31 3.52265e-31 1.81025e-31 9.30241e-32 4.78012e-32 2.45623e-32 1.26208e-32 6.48472e-33 3.33183e-33 1.71184e-33 8.79488e-34 4.5184e-34 2.32128e-34 1.1925e-34 6.12601e-35 3.14692e-35 1.61652e-35 8.30357e-36 4.26518e-36 2.19078e-36 1.12525e-36 5.77946e-37 2.96835e-37 1.52452e-37 7.82958e-38 4.021e-38 2.06499e-38 1.06046e-38 5.44574e-39 2.79647e-39 1.436e-39 7.37373e-40 3.78626e-40 1.94412e-40 9.98221e-41 5.12531e-41 2.6315e-41 1.35107e-41 6.93653e-42 3.56121e-42
4.08562e-12 7.26676e-14 3.74506e-14 1.92996e-14 9.94509e-15 5.12438e-15 2.64026e-15 1.36026e-15 7.00768e-16 3.60992e-16 1.8595e-16 9.57786e-17 4.93305e-17 2.54061e-17 1.30838e-17 6.73765e-18 3.46943e-18 1.78642e-18 9.19784e-19 4.7355e-19 2.43794e-19 1.25504e-19 6.46056e-20 3.32553e-20 1.71171e-20 8.81007e-21 4.53426e-21 2.33353e-21 1.20088e-21 6.1797e-22 3.1799e-22 1.63622e-22 8.41878e-23 4.3315e-23 2.22848e-23 1.14646e-23 5.89784e-24 3.03394e-24 1.56065e-24 8.02757e-25 4.12901e-25 2.12369e-25 1.09224e-25 5.61731e-26 2.88883e-26 1.48559e-26 7.63942e-27 3.9283e-27 2.01992e-27 1.0386e-27 5.34004e-28 2.74554e-28 1.41154e-28 7.25681e-29 3.73063e-29 1.91781e-29 9.85854e-30 5.06764e-30 2.60486e-30 1.3389e-30 6.88176e-31 3.53701e-31 1.81786e-31 9.34264e-32 4.80138e-32 2.46745e-32 1.268e-32 6.51591e-33 3.34826e-33 1.72048e-33 8.84034e-34 4.54229e-34 2.33383e-34 1.19909e-34 6.16055e-35 3.16502e-35 1.62601e-35 8.35326e-36 4.29119e-36 2.20439e-36 1.13237e-36 5.81667e-37 2.9878e-37 1.53467e-37 7.88261e-38 4.04868e-38 2.07944e-38 1.06799e-38 5.48502e-39 2.81695e-39 1.44667e-39 7.42932e-40 3.81521e-40 1.95919e-40 1.00607e-40 5.16614e-41 2.65274e-41 1.36212e-41 6.99398e-42 3.59107e-42 1.8438e-42
