0.325213 0.126051 0.0488571 0.0189369 0.00733987 0.00284491 0.00110268 0.000427395 0.000165657 6.42081e-05 2.48869e-05 9.64608e-06 3.73879e-06 1.44914e-06 5.61683e-07 2.17707e-07 8.43825e-08 3.27064e-08 1.26769e-08 4.91352e-09 1.90447e-09 7.38165e-10 2.86111e-10 1.10896e-10 4.29828e-11 1.666e-11 6.45736e-12 2.50285e-12 9.70098e-13 3.76007e-13 1.45739e-13 5.6488e-14 2.18946e-14 8.48628e-15 3.28925e-15 1.2749e-15 4.94149e-16 1.91531e-16 7.42367e-17 2.87739e-17 1.11527e-17 4.32274e-18 1.67548e-18 6.49412e-19 2.5171e-19 9.7562e-20 3.78147e-20 1.46569e-20 5.68096e-21 2.20192e-21 8.53458e-22 3.30798e-22 1.28216e-22 4.96962e-23 1.92621e-23 7.46593e-24 2.89377e-24 1.12162e-24 4.34735e-25 1.68502e-25 6.53108e-26 2.53143e-26 9.81173e-27 3.803e-27 1.47403e-27 5.71329e-28 2.21446e-28 8.58316e-29 3.32681e-29 1.28946e-29 4.99791e-30 1.93717e-30 7.50842e-31 2.91024e-31 1.128e-31 4.37209e-32 1.69461e-32 6.56826e-33 2.54584e-33 9.86758e-34 3.82464e-34 1.48242e-34 5.74581e-35 2.22706e-35 8.63201e-36 3.34574e-36 1.2968e-36 5.02635e-37 1.9482e-37 7.55116e-38 2.92681e-38 1.13442e-38 4.39698e-39 1.70426e-39 6.60564e-40 2.56033e-40 9.92375e-41 3.84641e-41 1.49086e-41 5.77852e-42 2.23974e-42
0.126051 0.0650608 0.0314979 0.0146428 0.00661902 0.00293122 0.00127788 0.000550243 0.000234567 9.91715e-05 4.16377e-05 1.73786e-05 7.21652e-06 2.98339e-06 1.22855e-06 5.0417e-07 2.06262e-07 8.41508e-08 3.42462e-08 1.39053e-08 5.63448e-09 2.2788e-09 9.20034e-10 3.70858e-10 1.49269e-10 5.99977e-11 2.4085e-11 9.65701e-12 3.86773e-12 1.54746e-12 6.18523e-13 2.46999e-13 9.85506e-14 3.92888e-14 1.5651e-14 6.23018e-15 2.47832e-15 9.85211e-16 3.91408e-16 1.55407e-16 6.1669e-17 2.44584e-17 9.69538e-18 3.84138e-18 1.52126e-18 6.02179e-19 2.38264e-19 9.42343e-20 3.72552e-20 1.47231e-20 5.81632e-21 2.29691e-21 9.06758e-22 3.57845e-22 1.41176e-22 5.5679e-23 2.1953e-23 8.65309e-24 3.4098e-24 1.34329e-24 5.2905e-25 2.08312e-25 8.20024e-26 3.22727e-26 1.26983e-26 4.99526e-27 1.96462e-27 7.72512e-28 3.037e-28 1.19371e-28 4.69102e-29 1.84313e-29 7.24042e-30 2.84378e-30 1.11674e-30 4.38465e-31 1.72126e-31 6.75598e-32 2.65132e-32 1.04033e-32 4.08145e-33 1.60101e-33 6.27934e-34 2.46248e-34 9.65547e-35 3.78544e-35 1.48389e-35 5.81614e-36 2.27936e-36 8.9318e-37 3.49956e-37 1.371e-37 5.37049e-38 2.10349e-38 8.23798e-39 3.22593e-39 1.26312e-39 4.94525e-40 1.93593e-40 7.57788e-41 2.96595e-41
0.0488571 0.0314979 0.0178844 0.00944485 0.00475608 0.00231498 0.00109827 0.00051065 0.000233596 0.000105428 4.70446e-05 2.07896e-05 9.11014e-06 3.96283e-06 1.71261e-06 7.35863e-07 3.14543e-07 1.33822e-07 5.66936e-08 2.39254e-08 1.00611e-08 4.21718e-09 1.76236e-09 7.34452e-10 3.05291e-10 1.26597e-10 5.23798e-11 2.1627e-11 8.91204e-12 3.66572e-12 1.50519e-12 6.17038e-13 2.5256e-13 1.03224e-13 4.21309e-14 1.71731e-14 6.9913e-15 2.84283e-15 1.15466e-15 4.68478e-16 1.89879e-16 7.68847e-17 3.11024e-17 1.25706e-17 5.07627e-18 2.0482e-18 8.25765e-19 3.32666e-19 1.33918e-19 5.38723e-20 2.16568e-20 8.70041e-21 3.49308e-21 1.40156e-21 5.62031e-22 2.25247e-22 9.02236e-23 3.61201e-23 1.44528e-23 5.78016e-24 2.31056e-24 9.23185e-25 3.68692e-25 1.47179e-25 5.87276e-26 2.34238e-26 9.33891e-27 3.72189e-27 1.48274e-27 5.90481e-28 2.35065e-28 9.35443e-29 3.72132e-29 1.4799e-29 5.88335e-30 2.33819e-30 9.28966e-31 3.68968e-31 1.46504e-31 5.81546e-32 2.30779e-32 9.15568e-33 3.63135e-33 1.43989e-33 5.70798e-34 2.26217e-34 8.96318e-35 3.55054e-35 1.40613e-35 5.56744e-36 2.20388e-36 8.7222e-37 3.4512e-37 1.36528e-37 5.39988e-38 2.1353e-38 8.44203e-39 3.33696e-39 1.31878e-39 5.21087e-40 2.05859e-40
0.0189369 0.0146428 0.00944485 0.00552588 0.00303693 0.00159684 0.000812178 0.000402451 0.000195257 9.309e-05 4.37301e-05 2.0284e-05 9.30569e-06 4.22812e-06 1.90472e-06 8.51523e-07 3.78078e-07 1.66829e-07 7.32e-08 3.19531e-08 1.38823e-08 6.0051e-09 2.58721e-09 1.11051e-09 4.75018e-10 2.02531e-10 8.60915e-11 3.64921e-11 1.5427e-11 6.50545e-12 2.73684e-12 1.14882e-12 4.81216e-13 2.01169e-13 8.39378e-14 3.49601e-14 1.45359e-14 6.03398e-15 2.50086e-15 1.03497e-15 4.27709e-16 1.76514e-16 7.27517e-17 2.99478e-17 1.2313e-17 5.05669e-18 2.07437e-18 8.50046e-19 3.4798e-19 1.4231e-19 5.81441e-20 2.37342e-20 9.67964e-21 3.94431e-21 1.60592e-21 6.53323e-22 2.6558e-22 1.07879e-22 4.37887e-23 1.77616e-23 7.19954e-24 2.91635e-24 1.18058e-24 4.77615e-25 1.93107e-25 7.803e-26 3.1512e-26 1.27189e-26 5.1308e-27 2.06867e-27 8.33634e-28 3.35769e-28 1.35174e-28 5.43928e-29 2.18769e-29 8.79498e-30 3.5342e-30 1.41958e-30 5.69963e-31 2.28747e-31 9.17673e-32 3.68003e-32 1.47519e-32 5.91127e-33 2.36786e-33 9.48143e-34 3.79524e-34 1.51865e-34 6.07474e-35 2.42916e-35 9.71055e-36 3.88057e-36 1.55029e-36 6.19152e-37 2.47203e-37 9.86696e-38 3.93721e-38 1.57063e-38 6.26381e-39 2.49739e-39 9.9545e-40
0.00733987 0.00661902 0.00475608 0.00303693 0.00179938 0.00101144 0.000546494 0.00028626 0.000146226 7.3153e-05 3.59567e-05 1.7408e-05 8.31748e-06 3.92828e-06 1.83632e-06 8.50554e-07 3.90716e-07 1.78141e-07 8.06683e-08 3.63019e-08 1.6243e-08 7.22941e-09 3.20194e-09 1.41172e-09 6.19792e-10 2.71035e-10 1.18086e-10 5.12697e-11 2.21874e-11 9.57229e-12 4.11779e-12 1.76653e-12 7.55869e-13 3.22627e-13 1.37385e-13 5.83724e-14 2.47488e-14 1.04718e-14 4.42232e-15 1.86413e-15 7.84391e-16 3.29499e-16 1.38188e-16 5.78641e-17 2.41935e-17 1.0101e-17 4.2114e-18 1.75352e-18 7.29185e-19 3.0285e-19 1.25631e-19 5.20555e-20 2.15453e-20 8.90779e-21 3.67905e-21 1.51797e-21 6.257e-22 2.57667e-22 1.06012e-22 4.35774e-23 1.78976e-23 7.34454e-24 3.01149e-24 1.23383e-24 5.0512e-25 2.06638e-25 8.44715e-26 3.45067e-26 1.40863e-26 5.74646e-27 2.34271e-27 9.5447e-28 3.88629e-28 1.58142e-28 6.43132e-29 2.61399e-29 1.06185e-29 4.31108e-30 1.74934e-30 7.09473e-31 2.87591e-31 1.16519e-31 4.71851e-32 1.90988e-32 7.72689e-33 3.12467e-33 1.26301e-33 5.10296e-34 2.06086e-34 8.31944e-35 3.35706e-35 1.3541e-35 5.45969e-36 2.20048e-36 8.86548e-37 3.57046e-37 1.43744e-37 5.7849e-38 2.32729e-38 9.35957e-39 3.76282e-39
0.00284491 0.00293122 0.00231498 0.00159684 0.00101144 0.00060339 0.000344137 0.000189468 0.000101372 5.29632e-05 2.71201e-05 1.36486e-05 6.76612e-06 3.30999e-06 1.60027e-06 7.65553e-07 3.62765e-07 1.70423e-07 7.94358e-08 3.676e-08 1.68988e-08 7.72113e-09 3.50787e-09 1.58532e-09 7.12949e-10 3.19158e-10 1.42261e-10 6.31552e-11 2.79307e-11 1.23083e-11 5.40558e-12 2.36643e-12 1.03282e-12 4.49475e-13 1.95071e-13 8.44396e-14 3.64601e-14 1.57057e-14 6.75013e-15 2.89483e-15 1.23888e-15 5.29142e-16 2.25571e-16 9.59838e-17 4.07704e-17 1.72884e-17 7.31906e-18 3.09365e-18 1.30565e-18 5.50236e-19 2.31556e-19 9.73128e-20 4.08423e-20 1.71197e-20 7.16713e-21 2.99692e-21 1.2517e-21 5.22202e-22 2.17622e-22 9.05959e-23 3.76763e-23 1.56529e-23 6.49682e-24 2.694e-24 1.11609e-24 4.61966e-25 1.9105e-25 7.89435e-26 3.25934e-26 1.3446e-26 5.54269e-27 2.28306e-27 9.39702e-28 3.865e-28 1.58855e-28 6.52461e-29 2.67803e-29 1.09847e-29 4.50283e-30 1.84463e-30 7.55206e-31 3.09002e-31 1.26358e-31 5.16408e-32 2.10931e-32 8.6109e-33 3.51336e-33 1.43274e-33 5.83968e-34 2.37898e-34 9.6867e-35 3.94231e-35 1.60368e-35 6.52053e-36 2.65002e-36 1.07651e-36 4.37118e-37 1.77415e-37 7.19776e-38 2.91893e-38 1.18324e-38
0.00110268 0.00127788 0.00109827 0.000812178 0.000546494 0.000344137 0.000206188 0.000118802 6.63147e-05 3.60534e-05 1.9168e-05 9.99659e-06 5.12676e-06 2.5907e-06 1.29206e-06 6.36848e-07 3.1058e-07 1.50011e-07 7.18214e-08 3.411e-08 1.60799e-08 7.52845e-09 3.50239e-09 1.61977e-09 7.44978e-10 3.40871e-10 1.55215e-10 7.03557e-11 3.17543e-11 1.42741e-11 6.39195e-12 2.85197e-12 1.26813e-12 5.62035e-13 2.48322e-13 1.09391e-13 4.80531e-14 2.10519e-14 9.19902e-15 4.00978e-15 1.74371e-15 7.56558e-16 3.27541e-16 1.41508e-16 6.10132e-17 2.62558e-17 1.12777e-17 4.83539e-18 2.06963e-18 8.84355e-19 3.77276e-19 1.607e-19 6.83462e-20 2.90255e-20 1.23092e-20 5.21298e-21 2.20478e-21 9.31292e-22 3.92883e-22 1.65544e-22 6.96712e-23 2.92884e-23 1.22986e-23 5.15876e-24 2.16162e-24 9.0483e-25 3.78375e-25 1.58073e-25 6.59752e-26 2.75108e-26 1.14614e-26 4.77078e-27 1.98413e-27 8.24497e-28 3.42337e-28 1.42028e-28 5.88784e-29 2.43898e-29 1.00958e-29 4.17595e-30 1.72609e-30 7.12966e-31 2.94294e-31 1.21396e-31 5.00432e-32 2.06163e-32 8.48799e-33 3.49248e-33 1.43616e-33 5.90226e-34 2.42429e-34 9.95188e-35 4.08307e-35 1.6743e-35 6.86196e-36 2.81085e-36 1.15081e-36 4.70928e-37 1.92615e-37 7.87435e-38 3.21762e-38
0.000427395 0.000550243 0.00051065 0.000402451 0.00028626 0.000189468 0.000118802 7.13918e-05 4.14461e-05 2.33801e-05 1.28715e-05 6.93902e-06 3.67294e-06 1.91301e-06 9.82151e-07 4.97788e-07 2.49377e-07 1.23618e-07 6.06894e-08 2.95326e-08 1.42544e-08 6.82844e-09 3.2483e-09 1.53518e-09 7.21148e-10 3.36835e-10 1.56491e-10 7.23406e-11 3.32827e-11 1.52445e-11 6.95302e-12 3.15859e-12 1.42943e-12 6.44556e-13 2.89645e-13 1.29732e-13 5.79253e-14 2.57865e-14 1.14465e-14 5.06718e-15 2.23727e-15 9.85319e-16 4.32897e-16 1.8975e-16 8.29869e-17 3.6216e-17 1.57721e-17 6.85507e-18 2.97368e-18 1.28756e-18 5.5649e-19 2.40099e-19 1.03417e-19 4.4472e-20 1.90939e-20 8.18534e-21 3.50376e-21 1.49764e-21 6.39252e-22 2.72489e-22 1.15998e-22 4.93173e-23 2.09414e-23 8.88148e-24 3.7623e-24 1.59192e-24 6.72831e-25 2.84064e-25 1.19803e-25 5.04739e-26 2.12437e-26 8.93232e-27 3.75217e-27 1.57468e-27 6.60245e-28 2.76586e-28 1.15764e-28 4.84115e-29 2.02284e-29 8.44535e-30 3.52313e-30 1.46859e-30 6.117e-31 2.54597e-31 1.05889e-31 4.40082e-32 1.82774e-32 7.58568e-33 3.14617e-33 1.30402e-33 5.40134e-34 2.23586e-34 9.24948e-35 3.82406e-35 1.58005e-35 6.52471e-36 2.69278e-36 1.1107e-36 4.57875e-37 1.88652e-37 7.76859e-38
0.000165657 0.000234567 0.000233596 0.000195257 0.000146226 0.000101372 6.63147e-05 4.14461e-05 2.49606e-05 1.45753e-05 8.29077e-06 4.61064e-06 2.51397e-06 1.34709e-06 7.1073e-07 3.69803e-07 1.90011e-07 9.65225e-08 4.85229e-08 2.41604e-08 1.19242e-08 5.83724e-09 2.8359e-09 1.36807e-09 6.55632e-10 3.12269e-10 1.4787e-10 6.96401e-11 3.26291e-11 1.52139e-11 7.06117e-12 3.26302e-12 1.50163e-12 6.88333e-13 3.14344e-13 1.4304e-13 6.48676e-14 2.93212e-14 1.32123e-14 5.93577e-15 2.65907e-15 1.18792e-15 5.2929e-16 2.35232e-16 1.04288e-16 4.61267e-17 2.03555e-17 8.9631e-18 3.93836e-18 1.72697e-18 7.55785e-19 3.30126e-19 1.43933e-19 6.26413e-20 2.7215e-20 1.18039e-20 5.11135e-21 2.20982e-21 9.5392e-22 4.11167e-22 1.76968e-22 7.60605e-23 3.26459e-23 1.39932e-23 5.99022e-24 2.56106e-24 1.09361e-24 4.66424e-25 1.98698e-25 8.45492e-26 3.59371e-26 1.52582e-26 6.47151e-27 2.74194e-27 1.16057e-27 4.90743e-28 2.07309e-28 8.74932e-29 3.68917e-29 1.55414e-29 6.5414e-30 2.7509e-30 1.15588e-30 4.85277e-31 2.03571e-31 8.5329e-32 3.57388e-32 1.49573e-32 6.25518e-33 2.61403e-33 1.09161e-33 4.55533e-34 1.89965e-34 7.91645e-35 3.29685e-35 1.3721e-35 5.70681e-36 2.37207e-36 9.85357e-37 4.09068e-37 1.69723e-37
6.42081e-05 9.91715e-05 0.000105428 9.309e-05 7.3153e-05 5.29632e-05 3.60534e-05 2.33801e-05 1.45753e-05 8.79245e-06 5.15795e-06 2.95383e-06 1.65636e-06 9.11712e-07 4.93596e-07 2.63289e-07 1.38567e-07 7.20417e-08 3.7039e-08 1.88487e-08 9.50162e-09 4.74802e-09 2.35341e-09 1.15769e-09 5.65476e-10 2.74381e-10 1.32309e-10 6.34279e-11 3.02391e-11 1.43413e-11 6.76794e-12 3.17898e-12 1.48656e-12 6.9221e-13 3.21024e-13 1.48308e-13 6.82639e-14 3.13105e-14 1.43129e-14 6.52171e-15 2.96245e-15 1.34168e-15 6.05909e-16 2.72879e-16 1.2257e-16 5.49152e-17 2.45433e-17 1.09431e-17 4.86807e-18 2.16078e-18 9.57053e-19 4.23021e-19 1.86603e-19 8.21544e-20 3.61017e-20 1.58355e-20 6.93374e-21 3.0308e-21 1.32259e-21 5.76218e-22 2.50649e-22 1.08863e-22 4.72113e-23 2.04448e-23 8.84114e-24 3.818e-24 1.64658e-24 7.09187e-25 3.05061e-25 1.31061e-25 5.62388e-26 2.41037e-26 1.03188e-26 4.41253e-27 1.88481e-27 8.04228e-28 3.42795e-28 1.45963e-28 6.20891e-29 2.63852e-29 1.12018e-29 4.75122e-30 2.01336e-30 8.52408e-31 3.60569e-31 1.52389e-31 6.43501e-32 2.71509e-32 1.14463e-32 4.82167e-33 2.02951e-33 8.53588e-34 3.58739e-34 1.50657e-34 6.32239e-35 2.65133e-35 1.11108e-35 4.6529e-36 1.9472e-36 8.14346e-37 3.40349e-37
2.48869e-05 4.16377e-05 4.70446e-05 4.37301e-05 3.59567e-05 2.71201e-05 1.9168e-05 1.28715e-05 8.29077e-06 5.15795e-06 3.11559e-06 1.8346e-06 1.0565e-06 5.96564e-07 3.31001e-07 1.80785e-07 9.73439e-08 5.17403e-08 2.71771e-08 1.41205e-08 7.26333e-09 3.70154e-09 1.87015e-09 9.37284e-10 4.66225e-10 2.30279e-10 1.12989e-10 5.50938e-11 2.67062e-11 1.28737e-11 6.17307e-12 2.94528e-12 1.39858e-12 6.61123e-13 3.11175e-13 1.45861e-13 6.81031e-14 3.16783e-14 1.46823e-14 6.78149e-15 3.1219e-15 1.43262e-15 6.55414e-16 2.98966e-16 1.35987e-16 6.16864e-17 2.79085e-17 1.25945e-17 5.66967e-18 2.54627e-18 1.14092e-18 5.10085e-19 2.2756e-19 1.01308e-19 4.50108e-20 1.9959e-20 8.83356e-21 3.9024e-21 1.72087e-21 7.5755e-22 3.32919e-22 1.46066e-22 6.39833e-23 2.79838e-23 1.22204e-23 5.32873e-24 2.32026e-24 1.00888e-24 4.38071e-25 1.89964e-25 8.2268e-26 3.55826e-26 1.53711e-26 6.63199e-27 2.85804e-27 1.23024e-27 5.28952e-28 2.27176e-28 9.74627e-29 4.17689e-29 1.7882e-29 7.64785e-30 3.2676e-30 1.39475e-30 5.94768e-31 2.53392e-31 1.07855e-31 4.58668e-32 1.94882e-32 8.27316e-33 3.50916e-33 1.48721e-33 6.29779e-34 2.66475e-34 1.12663e-34 4.75963e-35 2.00926e-35 8.47567e-36 3.57269e-36 1.50489e-36 6.33444e-37
9.64608e-06 1.73786e-05 2.07896e-05 2.0284e-05 1.7408e-05 1.36486e-05 9.99659e-06 6.93902e-06 4.61064e-06 2.95383e-06 1.8346e-06 1.10934e-06 6.55269e-07 3.79127e-07 2.15345e-07 1.20304e-07 6.62076e-08 3.59423e-08 1.92698e-08 1.02132e-08 5.35607e-09 2.78142e-09 1.43127e-09 7.3027e-10 3.69649e-10 1.85718e-10 9.26563e-11 4.59227e-11 2.2619e-11 1.10754e-11 5.39284e-12 2.61201e-12 1.25877e-12 6.03717e-13 2.88228e-13 1.37008e-13 6.48549e-14 3.0578e-14 1.4362e-14 6.72096e-15 3.13416e-15 1.45661e-15 6.7477e-16 3.11609e-16 1.43469e-16 6.58636e-17 3.01521e-17 1.37662e-17 6.26873e-18 2.84739e-18 1.2902e-18 5.83228e-19 2.63043e-19 1.18373e-19 5.3155e-20 2.38194e-20 1.06522e-20 4.75436e-21 2.11795e-21 9.41749e-22 4.17994e-22 1.85201e-22 8.19171e-23 3.61729e-23 1.59473e-23 7.01953e-24 3.08503e-24 1.35382e-24 5.93233e-25 2.5958e-25 1.13425e-25 4.94948e-26 2.15691e-26 9.3873e-27 4.08036e-27 1.7714e-27 7.68088e-28 3.32651e-28 1.43901e-28 6.21791e-29 2.68376e-29 1.1571e-29 4.98349e-30 2.1441e-30 9.21534e-31 3.95679e-31 1.69726e-31 7.27338e-32 3.11397e-32 1.33195e-32 5.69207e-33 2.43033e-33 1.03676e-33 4.41896e-34 1.8819e-34 8.00778e-35 3.40468e-35 1.44641e-35 6.14001e-36 2.60442e-36 1.10388e-36
3.73879e-06 7.21652e-06 9.11014e-06 9.30569e-06 8.31748e-06 6.76612e-06 5.12676e-06 3.67294e-06 2.51397e-06 1.65636e-06 1.0565e-06 6.55269e-07 3.96575e-07 2.34867e-07 1.36434e-07 7.78887e-08 4.3772e-08 2.42493e-08 1.32591e-08 7.16297e-09 3.82687e-09 2.02357e-09 1.05981e-09 5.50122e-10 2.83176e-10 1.44627e-10 7.33229e-11 3.69159e-11 1.84646e-11 9.17851e-12 4.53577e-12 2.22898e-12 1.08958e-12 5.29928e-13 2.56498e-13 1.23581e-13 5.92809e-14 2.83172e-14 1.34721e-14 6.38473e-15 3.01466e-15 1.41836e-15 6.65038e-16 3.10794e-16 1.44783e-16 6.72409e-17 3.11361e-17 1.43765e-17 6.61982e-18 3.04004e-18 1.39249e-18 6.36238e-19 2.89999e-19 1.31872e-19 5.98306e-20 2.70854e-20 1.22353e-20 5.51561e-21 2.48138e-21 1.11414e-21 4.99292e-22 2.23338e-22 9.97205e-23 4.44468e-23 1.97766e-23 8.78488e-24 3.89594e-24 1.72503e-24 7.6262e-25 3.36637e-25 1.48379e-25 6.53068e-26 2.87032e-26 1.25981e-26 5.52197e-27 2.41719e-27 1.05674e-27 4.61405e-28 2.01214e-28 8.76418e-29 3.81287e-29 1.65688e-29 7.19179e-30 3.11819e-30 1.3505e-30 5.84286e-31 2.52524e-31 1.09027e-31 4.70254e-32 2.02629e-32 8.72269e-33 3.75135e-33 1.61184e-33 6.91923e-34 2.9676e-34 1.27166e-34 5.44451e-35 2.32905e-35 9.95488e-36 4.25145e-36 1.81421e-36
1.44914e-06 2.98339e-06 3.96283e-06 4.22812e-06 3.92828e-06 3.30999e-06 2.5907e-06 1.91301e-06 1.34709e-06 9.11712e-07 5.96564e-07 3.79127e-07 2.34867e-07 1.42248e-07 8.44342e-08 4.9217e-08 2.82217e-08 1.59426e-08 8.88369e-09 4.88834e-09 2.65878e-09 1.43062e-09 7.62105e-10 4.02203e-10 2.10415e-10 1.0918e-10 5.62163e-11 2.87357e-11 1.45881e-11 7.35789e-12 3.68836e-12 1.83812e-12 9.10964e-13 4.49084e-13 2.20273e-13 1.07523e-13 5.22443e-14 2.52732e-14 1.21743e-14 5.84074e-15 2.79126e-15 1.32894e-15 6.30449e-16 2.98049e-16 1.40435e-16 6.59572e-17 3.08816e-17 1.44157e-17 6.70979e-18 3.11433e-18 1.44159e-18 6.65545e-19 3.06483e-19 1.40788e-19 6.45182e-20 2.94979e-20 1.34561e-20 6.12487e-21 2.78195e-21 1.26097e-21 5.70404e-22 2.5752e-22 1.16041e-22 5.21919e-23 2.3432e-23 1.05015e-23 4.69833e-24 2.0985e-24 9.35756e-25 4.16604e-25 1.85185e-25 8.21916e-26 3.64253e-26 1.61193e-26 7.12316e-27 3.14337e-27 1.38525e-27 6.09654e-28 2.67962e-28 1.17628e-28 5.15709e-29 2.25824e-29 9.87675e-30 4.3147e-30 1.88273e-30 8.20608e-31 3.57276e-31 1.55383e-31 6.75057e-32 2.92972e-32 1.27019e-32 5.5014e-33 2.38041e-33 1.02899e-33 4.44382e-34 1.91734e-34 8.26498e-35 3.55955e-35 1.53167e-35 6.58501e-36 2.82864e-36
5.61683e-07 1.22855e-06 1.71261e-06 1.90472e-06 1.83632e-06 1.60027e-06 1.29206e-06 9.82151e-07 7.1073e-07 4.93596e-07 3.31001e-07 2.15345e-07 1.36434e-07 8.44342e-08 5.11702e-08 3.0432e-08 1.77923e-08 1.02419e-08 5.81228e-09 3.25555e-09 1.80155e-09 9.85822e-10 5.33848e-10 2.8629e-10 1.52138e-10 8.0159e-11 4.18962e-11 2.17322e-11 1.11924e-11 5.72529e-12 2.90992e-12 1.46999e-12 7.38292e-13 3.68757e-13 1.83215e-13 9.05724e-14 4.45593e-14 2.18212e-14 1.0639e-14 5.1651e-15 2.49741e-15 1.20282e-15 5.77136e-16 2.75918e-16 1.31451e-16 6.24142e-17 2.95387e-17 1.39358e-17 6.55476e-18 3.074e-18 1.43753e-18 6.70401e-19 3.11812e-19 1.44653e-19 6.69383e-20 3.09003e-20 1.42306e-20 6.53865e-21 2.99766e-21 1.3713e-21 6.25991e-22 2.85174e-22 1.29653e-22 5.88312e-23 2.66446e-23 1.2045e-23 5.43523e-24 2.44831e-24 1.10095e-24 4.94243e-25 2.21515e-25 9.91218e-26 4.42851e-26 1.97552e-26 8.79949e-27 3.91381e-27 1.73828e-27 7.70965e-28 3.41472e-28 1.5104e-28 6.67209e-29 2.94356e-29 1.29699e-29 5.70778e-30 2.50883e-30 1.10144e-30 4.83001e-31 2.11563e-31 9.25646e-32 4.04552e-32 1.76619e-32 7.70268e-33 3.3558e-33 1.46052e-33 6.35017e-34 2.75827e-34 1.19693e-34 5.18909e-35 2.24754e-35 9.72584e-36 4.2049e-36
2.17707e-07 5.0417e-07 7.35863e-07 8.51523e-07 8.50554e-07 7.65553e-07 6.36848e-07 4.97788e-07 3.69803e-07 2.63289e-07 1.80785e-07 1.20304e-07 7.78887e-08 4.9217e-08 3.0432e-08 1.84529e-08 1.0993e-08 6.44411e-09 3.72218e-09 2.12096e-09 1.19347e-09 6.63801e-10 3.65222e-10 1.98922e-10 1.07324e-10 5.73924e-11 3.04355e-11 1.60134e-11 8.36282e-12 4.33672e-12 2.23392e-12 1.14345e-12 5.81761e-13 2.94288e-13 1.48053e-13 7.40946e-14 3.68958e-14 1.82845e-14 9.01965e-15 4.42975e-15 2.16634e-15 1.05512e-15 5.11886e-16 2.47402e-16 1.19138e-16 5.71707e-17 2.73415e-17 1.30331e-17 6.19294e-18 2.9337e-18 1.38563e-18 6.52572e-19 3.0648e-19 1.4355e-19 6.70604e-20 3.12482e-20 1.45249e-20 6.73531e-21 3.11595e-21 1.43826e-21 6.62409e-22 3.04427e-22 1.39615e-22 6.3899e-23 2.91874e-23 1.33062e-23 6.05474e-24 2.75002e-24 1.2468e-24 5.6428e-25 2.54946e-25 1.14994e-25 5.17837e-26 2.32818e-26 1.0451e-26 4.68424e-27 2.09638e-27 9.36839e-28 4.18059e-28 1.86295e-28 8.29029e-29 3.68428e-29 1.63518e-29 7.24794e-30 3.2086e-30 1.41866e-30 6.26484e-31 2.76328e-31 1.21739e-31 5.3572e-32 2.35481e-32 1.03393e-32 4.53479e-33 1.98682e-33 8.6957e-34 3.80193e-34 1.66059e-34 7.24589e-35 3.15861e-35 1.37557e-35 5.98493e-36
8.43825e-08 2.06262e-07 3.14543e-07 3.78078e-07 3.90716e-07 3.62765e-07 3.1058e-07 2.49377e-07 1.90011e-07 1.38567e-07 9.73439e-08 6.62076e-08 4.3772e-08 2.82217e-08 1.77923e-08 1.0993e-08 6.66888e-09 3.97879e-09 2.33784e-09 1.35449e-09 7.74624e-10 4.37696e-10 2.44559e-10 1.35221e-10 7.40368e-11 4.01655e-11 2.16021e-11 1.15237e-11 6.10012e-12 3.20561e-12 1.67291e-12 8.67312e-13 4.46846e-13 2.28849e-13 1.16538e-13 5.9023e-14 2.97383e-14 1.49089e-14 7.43875e-15 3.69456e-15 1.82689e-15 8.99544e-16 4.41125e-16 2.15474e-16 1.04854e-16 5.0838e-17 2.45618e-17 1.18264e-17 5.67564e-18 2.71514e-18 1.29488e-18 6.15701e-19 2.91912e-19 1.38011e-19 6.50718e-20 3.06e-20 1.43527e-20 6.71527e-21 3.13428e-21 1.45944e-21 6.78012e-22 3.1428e-22 1.45362e-22 6.70906e-23 3.09012e-23 1.42041e-23 6.51622e-24 2.98363e-24 1.36358e-24 6.22046e-25 2.83262e-25 1.28765e-25 5.84338e-26 2.64733e-26 1.19741e-26 5.40738e-27 2.4381e-27 1.09763e-27 4.93411e-28 2.21476e-28 9.92711e-29 4.44334e-29 1.98609e-29 8.86547e-30 3.95213e-30 1.75954e-30 7.82372e-31 3.47446e-31 1.5411e-31 6.82733e-32 3.02107e-32 1.33527e-32 5.895e-33 2.59964e-33 1.14517e-33 5.03914e-34 2.21506e-34 9.72664e-35 4.26675e-35 1.8698e-35 8.18587e-36
3.27064e-08 8.41508e-08 1.33822e-07 1.66829e-07 1.78141e-07 1.70423e-07 1.50011e-07 1.23618e-07 9.65225e-08 7.20417e-08 5.17403e-08 3.59423e-08 2.42493e-08 1.59426e-08 1.02419e-08 6.44411e-09 3.97879e-09 2.41473e-09 1.44259e-09 8.49403e-10 4.93468e-10 2.83139e-10 1.60587e-10 9.00989e-11 5.00414e-11 2.75301e-11 1.50106e-11 8.11565e-12 4.35293e-12 2.31717e-12 1.22468e-12 6.42879e-13 3.3529e-13 1.73792e-13 8.95531e-14 4.58865e-14 2.33856e-14 1.18569e-14 5.98199e-15 3.0037e-15 1.50137e-15 7.47153e-16 3.70253e-16 1.82734e-16 8.98333e-17 4.39958e-17 2.14682e-17 1.04387e-17 5.05843e-18 2.44314e-18 1.17623e-18 5.64532e-19 2.70135e-19 1.28886e-19 6.13203e-20 2.90944e-20 1.37675e-20 6.49797e-21 3.05917e-21 1.4367e-21 6.73118e-22 3.14636e-22 1.46738e-22 6.8284e-23 3.17075e-23 1.46925e-23 6.79426e-24 3.13561e-24 1.4443e-24 6.63996e-25 3.04697e-25 1.39567e-25 6.38157e-26 2.91286e-26 1.32732e-26 6.03825e-27 2.74247e-27 1.24361e-27 5.63055e-28 2.5454e-28 1.14899e-28 5.17891e-29 2.33099e-29 1.04769e-29 4.7025e-30 2.10785e-30 9.43571e-31 4.21839e-31 1.8835e-31 8.39928e-32 3.74098e-32 1.66421e-32 7.39459e-33 3.28184e-33 1.45487e-33 6.44238e-34 2.84963e-34 1.2591e-34 5.55741e-35 2.45035e-35 1.07929e-35
1.26769e-08 3.42462e-08 5.66936e-08 7.32e-08 8.06683e-08 7.94358e-08 7.18214e-08 6.06894e-08 4.85229e-08 3.7039e-08 2.71771e-08 1.92698e-08 1.32591e-08 8.88369e-09 5.81228e-09 3.72218e-09 2.33784e-09 1.44259e-09 8.7583e-10 5.2385e-10 3.09024e-10 1.79973e-10 1.03571e-10 5.89419e-11 3.31951e-11 1.85124e-11 1.02292e-11 5.60326e-12 3.04412e-12 1.64096e-12 8.78054e-13 4.66543e-13 2.46239e-13 1.29138e-13 6.73139e-14 3.48844e-14 1.7978e-14 9.21585e-15 4.70013e-15 2.38535e-15 1.20489e-15 6.05858e-16 3.03319e-16 1.51217e-16 7.50826e-17 3.71345e-17 1.82968e-17 8.98225e-18 4.39401e-18 2.14216e-18 1.04089e-18 5.04156e-19 2.4343e-19 1.17185e-19 5.62472e-20 2.69212e-20 1.28496e-20 6.11669e-21 2.9041e-21 1.37532e-21 6.49714e-22 3.06194e-22 1.43963e-22 6.7533e-23 3.16092e-23 1.47627e-23 6.8802e-24 3.19991e-24 1.48524e-24 6.88022e-25 3.18105e-25 1.46799e-25 6.76201e-26 3.1092e-26 1.42711e-26 6.53913e-27 2.99124e-27 1.36605e-27 6.2285e-28 2.83539e-28 1.28876e-28 5.84886e-29 2.65049e-29 1.19936e-29 5.41939e-30 2.44537e-30 1.1019e-30 4.95857e-31 2.22841e-31 1.00016e-31 4.48325e-32 2.00712e-32 8.97467e-33 4.00812e-33 1.78792e-33 7.96619e-34 3.54532e-34 1.57606e-34 6.99857e-35 3.10437e-35 1.37554e-35
4.91352e-09 1.39053e-08 2.39254e-08 3.19531e-08 3.63019e-08 3.676e-08 3.411e-08 2.95326e-08 2.41604e-08 1.88487e-08 1.41205e-08 1.02132e-08 7.16297e-09 4.88834e-09 3.25555e-09 2.12096e-09 1.35449e-09 8.49403e-10 5.2385e-10 3.18146e-10 1.90491e-10 1.12563e-10 6.57023e-11 3.79125e-11 2.16429e-11 1.22311e-11 6.84679e-12 3.79852e-12 2.08958e-12 1.1403e-12 6.17544e-13 3.32026e-13 1.7729e-13 9.40463e-14 4.95765e-14 2.5978e-14 1.35346e-14 7.0129e-15 3.6146e-15 1.85364e-15 9.45971e-16 4.80506e-16 2.42976e-16 1.22333e-16 6.13344e-17 3.06275e-17 1.52343e-17 7.54916e-18 3.72726e-18 1.83378e-18 8.99127e-19 4.39396e-19 2.14041e-19 1.0394e-19 5.0322e-20 2.42916e-20 1.16927e-20 5.61271e-21 2.68693e-21 1.28293e-21 6.10994e-22 2.90264e-22 1.37561e-22 6.5039e-23 3.06798e-23 1.44396e-23 6.78122e-24 3.17784e-24 1.48611e-24 6.93557e-25 3.23035e-25 1.50166e-25 6.96738e-26 3.2267e-26 1.49162e-26 6.88311e-27 3.1707e-27 1.45809e-27 6.69405e-28 3.0682e-28 1.40405e-28 6.41507e-29 2.92652e-29 1.33305e-29 6.06317e-30 2.75374e-30 1.2489e-30 5.65626e-31 2.5582e-31 1.15546e-31 5.21201e-32 2.34796e-32 1.05639e-32 4.74696e-33 2.13046e-33 9.55007e-34 4.27588e-34 1.91222e-34 8.54186e-35 3.81134e-35 1.69872e-35
1.90447e-09 5.63448e-09 1.00611e-08 1.38823e-08 1.6243e-08 1.68988e-08 1.60799e-08 1.42544e-08 1.19242e-08 9.50162e-09 7.26333e-09 5.35607e-09 3.82687e-09 2.65878e-09 1.80155e-09 1.19347e-09 7.74624e-10 4.93468e-10 3.09024e-10 1.90491e-10 1.15724e-10 6.93566e-11 4.10464e-11 2.40073e-11 1.38872e-11 7.95029e-12 4.50722e-12 2.53182e-12 1.40984e-12 7.78619e-13 4.26655e-13 2.32057e-13 1.25324e-13 6.72262e-14 3.58295e-14 1.89786e-14 9.99366e-15 5.23273e-15 2.72506e-15 1.41176e-15 7.27731e-16 3.73327e-16 1.90631e-16 9.69075e-17 4.90511e-17 2.47248e-17 1.24128e-17 6.20758e-18 3.09273e-18 1.53526e-18 7.59437e-19 3.74386e-19 1.83954e-19 9.00959e-20 4.39893e-20 2.14128e-20 1.03926e-20 5.02957e-21 2.42734e-21 1.1683e-21 5.60836e-22 2.68536e-22 1.28258e-22 6.11091e-23 2.90468e-23 1.37747e-23 6.51759e-24 3.07704e-24 1.44959e-24 6.81461e-25 3.19702e-25 1.49685e-25 6.9945e-26 3.26214e-26 1.51856e-26 7.05608e-27 3.27276e-27 1.5153e-27 7.00385e-28 3.23177e-28 1.48876e-28 6.8471e-29 3.14411e-29 1.44149e-29 6.59877e-30 3.01622e-30 1.37666e-30 6.27425e-31 2.85551e-31 1.29778e-31 5.89015e-32 2.66975e-32 1.20849e-32 5.46329e-33 2.46669e-33 1.11233e-33 5.00977e-34 2.25362e-34 1.01258e-34 4.54432e-35 2.0371e-35
7.38165e-10 2.2788e-09 4.21718e-09 6.0051e-09 7.22941e-09 7.72113e-09 7.52845e-09 6.82844e-09 5.83724e-09 4.74802e-09 3.70154e-09 2.78142e-09 2.02357e-09 1.43062e-09 9.85822e-10 6.63801e-10 4.37696e-10 2.83139e-10 1.79973e-10 1.12563e-10 6.93566e-11 4.21454e-11 2.5281e-11 1.49827e-11 8.7794e-12 5.09001e-12 2.92159e-12 1.66117e-12 9.36105e-13 5.23064e-13 2.8993e-13 1.59482e-13 8.70898e-14 4.72291e-14 2.54433e-14 1.36203e-14 7.24711e-15 3.83372e-15 2.01676e-15 1.05527e-15 5.49336e-16 2.84553e-16 1.46695e-16 7.52791e-17 3.84599e-17 1.95651e-17 9.91203e-18 5.00158e-18 2.51405e-18 1.25897e-18 6.28178e-19 3.12338e-19 1.54771e-19 7.64393e-20 3.76315e-20 1.84686e-20 9.03652e-21 4.40849e-21 2.14455e-21 1.04033e-21 5.03301e-22 2.4285e-22 1.16877e-22 5.61091e-23 2.68704e-23 1.28375e-23 6.11888e-24 2.9099e-24 1.38077e-24 6.53766e-25 3.0889e-25 1.45642e-25 6.85316e-26 3.21836e-26 1.50848e-26 7.05699e-27 3.2953e-27 1.53597e-27 7.14658e-28 3.31938e-28 1.53913e-28 7.12473e-29 3.29268e-29 1.51926e-29 6.99892e-30 3.21928e-30 1.47852e-30 6.78033e-31 3.10485e-31 1.41973e-31 6.48279e-32 2.95609e-32 1.34612e-32 6.12166e-33 2.78027e-33 1.26109e-33 5.71285e-34 2.58477e-34 1.16804e-34 5.27196e-35 2.37669e-35
2.86111e-10 9.20034e-10 1.76236e-09 2.58721e-09 3.20194e-09 3.50787e-09 3.50239e-09 3.2483e-09 2.8359e-09 2.35341e-09 1.87015e-09 1.43127e-09 1.05981e-09 7.62105e-10 5.33848e-10 3.65222e-10 2.44559e-10 1.60587e-10 1.03571e-10 6.57023e-11 4.10464e-11 2.5281e-11 1.5366e-11 9.22468e-12 5.47397e-12 3.21306e-12 1.8667e-12 1.07405e-12 6.12336e-13 3.46087e-13 1.93999e-13 1.07897e-13 5.95633e-14 3.2648e-14 1.77739e-14 9.61362e-15 5.1676e-15 2.76123e-15 1.467e-15 7.7513e-16 4.07403e-16 2.13043e-16 1.10863e-16 5.74188e-17 2.96037e-17 1.51961e-17 7.76736e-18 3.95397e-18 2.00479e-18 1.0126e-18 5.09551e-19 2.55489e-19 1.27654e-19 6.35661e-20 3.15489e-20 1.56082e-20 7.69784e-21 3.78505e-21 1.85565e-21 9.07147e-22 4.4223e-22 2.15e-22 1.04251e-22 5.04198e-23 2.43237e-23 1.17056e-23 5.61975e-24 2.69169e-24 1.2863e-24 6.13326e-25 2.91806e-25 1.38539e-25 6.56364e-26 3.10337e-26 1.46439e-26 6.89661e-27 3.24179e-27 1.52097e-27 7.12302e-28 3.32988e-28 1.55393e-28 7.23911e-29 3.36672e-29 1.56318e-29 7.24618e-30 3.35364e-30 1.5497e-30 7.15007e-31 3.29399e-31 1.51528e-31 6.96037e-32 3.19267e-32 1.46241e-32 6.68941e-33 3.05576e-33 1.39404e-33 6.35133e-34 2.88999e-34 1.31335e-34 5.96113e-35 2.70237e-35
1.10896e-10 3.70858e-10 7.34452e-10 1.11051e-09 1.41172e-09 1.58532e-09 1.61977e-09 1.53518e-09 1.36807e-09 1.15769e-09 9.37284e-10 7.3027e-10 5.50122e-10 4.02203e-10 2.8629e-10 1.98922e-10 1.35221e-10 9.00989e-11 5.89419e-11 3.79125e-11 2.40073e-11 1.49827e-11 9.22468e-12 5.60807e-12 3.36915e-12 2.00162e-12 1.17674e-12 6.84968e-13 3.9499e-13 2.25756e-13 1.27947e-13 7.19335e-14 4.01342e-14 2.22296e-14 1.22272e-14 6.68081e-15 3.62714e-15 1.95725e-15 1.04999e-15 5.60112e-16 2.97178e-16 1.56854e-16 8.23752e-17 4.30524e-17 2.23961e-17 1.15982e-17 5.98025e-18 3.07058e-18 1.57019e-18 7.99788e-19 4.05824e-19 2.05161e-19 1.03345e-19 5.18771e-20 2.59532e-20 1.29413e-20 6.43252e-21 3.18739e-21 1.57462e-21 7.75607e-22 3.80946e-22 1.86584e-22 9.11394e-23 4.44005e-23 2.15748e-23 1.04571e-23 5.05603e-24 2.43873e-24 1.17355e-24 5.63434e-25 2.69906e-25 1.29013e-25 6.15353e-26 2.92891e-26 1.39123e-26 6.59514e-27 3.1203e-27 1.47345e-27 6.94474e-28 3.26721e-28 1.53432e-28 7.19258e-29 3.3659e-29 1.57246e-29 7.33385e-30 3.41488e-30 1.58752e-30 7.36855e-31 3.41485e-31 1.58016e-31 7.30105e-32 3.36847e-32 1.55187e-32 7.13943e-33 3.27997e-33 1.50481e-33 6.89465e-34 3.15479e-34 1.44166e-34 6.57966e-35 2.99915e-35
4.29828e-11 1.49269e-10 3.05291e-10 4.75018e-10 6.19792e-10 7.12949e-10 7.44978e-10 7.21148e-10 6.55632e-10 5.65476e-10 4.66225e-10 3.69649e-10 2.83176e-10 2.10415e-10 1.52138e-10 1.07324e-10 7.40368e-11 5.00414e-11 3.31951e-11 2.16429e-11 1.38872e-11 8.7794e-12 5.47397e-12 3.36915e-12 2.04865e-12 1.23159e-12 7.32485e-13 4.31248e-13 2.51472e-13 1.45313e-13 8.32471e-14 4.73009e-14 2.6667e-14 1.49224e-14 8.29111e-15 4.57538e-15 2.50847e-15 1.36671e-15 7.40184e-16 3.98566e-16 2.13429e-16 1.13682e-16 6.0242e-17 3.17656e-17 1.66702e-17 8.70802e-18 4.52859e-18 2.34496e-18 1.2092e-18 6.21018e-19 3.17697e-19 1.61911e-19 8.22129e-20 4.15963e-20 2.09732e-20 1.05393e-20 5.27883e-21 2.63561e-21 1.31184e-21 6.50986e-22 3.22098e-22 1.58914e-22 7.81857e-23 3.8363e-23 1.87736e-23 9.1635e-24 4.46148e-24 2.16684e-24 1.04986e-24 5.07476e-25 2.44739e-25 1.17765e-25 5.65423e-26 2.70895e-26 1.29514e-26 6.17927e-27 2.94229e-27 1.39823e-27 6.63181e-28 3.13953e-28 1.48352e-28 6.99735e-29 3.29458e-29 1.54849e-29 7.26563e-30 3.40336e-30 1.59158e-30 7.43096e-31 3.46395e-31 1.61221e-31 7.49216e-32 3.47647e-32 1.61075e-32 7.45228e-33 3.44294e-33 1.5884e-33 7.31802e-34 3.36696e-34 1.54705e-34 7.09904e-35 3.25339e-35
1.666e-11 5.99977e-11 1.26597e-10 2.02531e-10 2.71035e-10 3.19158e-10 3.40871e-10 3.36835e-10 3.12269e-10 2.74381e-10 2.30279e-10 1.85718e-10 1.44627e-10 1.0918e-10 8.0159e-11 5.73924e-11 4.01655e-11 2.75301e-11 1.85124e-11 1.22311e-11 7.95029e-12 5.09001e-12 3.21306e-12 2.00162e-12 1.23159e-12 7.49022e-13 4.50568e-13 2.68243e-13 1.5814e-13 9.23678e-14 5.34775e-14 3.07028e-14 1.7487e-14 9.88428e-15 5.54641e-15 3.09069e-15 1.71082e-15 9.40976e-16 5.14386e-16 2.79538e-16 1.51054e-16 8.11812e-17 4.34008e-17 2.30856e-17 1.22197e-17 6.43774e-18 3.37617e-18 1.76279e-18 9.16484e-19 4.7452e-19 2.44707e-19 1.25705e-19 6.43314e-20 3.28025e-20 1.66668e-20 8.43914e-21 4.25883e-21 2.14224e-21 1.07416e-21 5.36943e-22 2.67598e-22 1.32974e-22 6.58889e-23 3.25574e-23 1.60438e-23 7.88529e-24 3.8655e-24 1.89015e-24 9.21976e-25 4.48638e-25 2.17797e-25 1.05489e-25 5.09786e-26 2.45817e-26 1.18278e-26 5.67907e-27 2.72117e-27 1.30124e-27 6.21013e-28 2.95802e-28 1.4063e-28 6.67337e-29 3.16097e-29 1.49457e-29 7.05428e-30 3.32383e-30 1.56348e-30 7.34216e-31 3.4423e-31 1.61131e-31 7.53056e-32 3.51403e-32 1.63729e-32 7.61726e-33 3.53864e-33 1.64153e-33 7.60412e-34 3.51758e-34 1.62497e-34 7.49656e-35 3.45386e-35
6.45736e-12 2.4085e-11 5.23798e-11 8.60915e-11 1.18086e-10 1.42261e-10 1.55215e-10 1.56491e-10 1.4787e-10 1.32309e-10 1.12989e-10 9.26563e-11 7.33229e-11 5.62163e-11 4.18962e-11 3.04355e-11 2.16021e-11 1.50106e-11 1.02292e-11 6.84679e-12 4.50722e-12 2.92159e-12 1.8667e-12 1.17674e-12 7.32485e-13 4.50568e-13 2.74071e-13 1.64959e-13 9.82988e-14 5.80236e-14 3.39431e-14 1.96871e-14 1.13258e-14 6.46515e-15 3.6632e-15 2.06089e-15 1.15158e-15 6.39291e-16 3.52681e-16 1.93398e-16 1.05441e-16 5.71675e-17 3.08288e-17 1.65393e-17 8.82898e-18 4.69039e-18 2.48019e-18 1.30558e-18 6.84268e-19 3.57122e-19 1.85622e-19 9.60991e-20 4.95608e-20 2.54645e-20 1.30364e-20 6.65039e-21 3.38103e-21 1.71319e-21 8.65272e-22 4.35642e-22 2.18661e-22 1.09424e-22 5.45993e-23 2.7166e-23 1.3479e-23 6.66984e-24 3.29173e-24 1.62036e-24 7.95618e-25 3.89698e-25 1.90417e-25 9.2824e-26 4.51457e-26 2.19075e-26 1.06075e-26 5.12505e-27 2.47096e-27 1.18887e-27 5.70852e-28 2.73559e-28 1.30838e-28 6.24579e-29 2.97598e-29 1.41539e-29 6.71958e-30 3.1845e-30 1.50657e-30 7.11538e-31 3.35492e-31 1.57927e-31 7.42215e-32 3.48271e-32 1.63167e-32 7.63277e-33 3.56518e-33 1.6628e-33 7.7441e-34 3.60149e-34 1.67257e-34 7.7569e-35 3.59255e-35
2.50285e-12 9.65701e-12 2.1627e-11 3.64921e-11 5.12697e-11 6.31552e-11 7.03557e-11 7.23406e-11 6.96401e-11 6.34279e-11 5.50938e-11 4.59227e-11 3.69159e-11 2.87357e-11 2.17322e-11 1.60134e-11 1.15237e-11 8.11565e-12 5.60326e-12 3.79852e-12 2.53182e-12 1.66117e-12 1.07405e-12 6.84968e-13 4.31248e-13 2.68243e-13 1.64959e-13 1.00357e-13 6.04354e-14 3.60445e-14 2.1301e-14 1.24788e-14 7.24987e-15 4.17871e-15 2.39036e-15 1.35748e-15 7.65578e-16 4.28897e-16 2.38748e-16 1.32087e-16 7.26469e-17 3.97287e-17 2.16079e-17 1.16903e-17 6.29256e-18 3.37047e-18 1.79675e-18 9.53426e-19 5.03677e-19 2.64938e-19 1.38778e-19 7.24001e-20 3.76227e-20 1.94762e-20 1.0045e-20 5.16213e-21 2.64356e-21 1.34918e-21 6.86301e-22 3.47983e-22 1.75888e-22 8.86312e-23 4.45288e-23 2.23066e-23 1.11427e-23 5.55072e-24 2.75761e-24 1.36638e-24 6.75288e-25 3.329e-25 1.63708e-25 8.03119e-26 3.93068e-26 1.91936e-26 9.35116e-27 4.54587e-27 2.20511e-27 1.0674e-27 5.1561e-28 2.48562e-28 1.19587e-28 5.74231e-29 2.75207e-29 1.31649e-29 6.286e-30 2.99605e-30 1.42546e-30 6.77023e-31 3.21005e-31 1.51947e-31 7.18053e-32 3.38781e-32 1.59584e-32 7.50558e-33 3.52462e-33 1.65266e-33 7.73769e-34 3.61747e-34 1.68879e-34 7.87289e-35 3.66513e-35
9.70098e-13 3.86773e-12 8.91204e-12 1.5427e-11 2.21874e-11 2.79307e-11 3.17543e-11 3.32827e-11 3.26291e-11 3.02391e-11 2.67062e-11 2.2619e-11 1.84646e-11 1.45881e-11 1.11924e-11 8.36282e-12 6.10012e-12 4.35293e-12 3.04412e-12 2.08958e-12 1.40984e-12 9.36105e-13 6.12336e-13 3.9499e-13 2.51472e-13 1.5814e-13 9.82988e-14 6.04354e-14 3.67726e-14 2.21556e-14 1.32246e-14 7.82376e-15 4.58954e-15 2.67062e-15 1.54205e-15 8.83842e-16 5.0301e-16 2.84335e-16 1.59681e-16 8.91168e-17 4.94367e-17 2.7266e-17 1.49543e-17 8.15782e-18 4.42714e-18 2.39052e-18 1.28455e-18 6.87029e-19 3.65784e-19 1.93893e-19 1.02341e-19 5.37949e-20 2.81637e-20 1.46875e-20 7.6307e-21 3.94988e-21 2.03729e-21 1.04716e-21 5.36416e-22 2.73881e-22 1.39389e-22 7.07198e-23 3.57708e-23 1.80396e-23 9.07128e-24 4.54864e-24 2.27455e-24 1.13433e-24 5.64209e-25 2.79913e-25 1.38521e-25 6.83816e-26 3.36759e-26 1.65454e-26 8.11026e-27 3.96656e-27 1.93569e-27 9.42578e-28 4.58015e-28 2.22097e-28 1.07478e-28 5.1908e-29 2.50206e-29 1.20373e-29 5.78023e-30 2.7705e-30 1.32552e-30 6.33054e-31 3.01813e-31 1.43645e-31 6.82513e-32 3.23753e-32 1.53324e-32 7.24962e-33 3.42245e-33 1.6132e-33 7.59245e-34 3.56802e-34 1.67431e-34 7.84541e-35 3.67096e-35
3.76007e-13 1.54746e-12 3.66572e-12 6.50545e-12 9.57229e-12 1.23083e-11 1.42741e-11 1.52445e-11 1.52139e-11 1.43413e-11 1.28737e-11 1.10754e-11 9.17851e-12 7.35789e-12 5.72529e-12 4.33672e-12 3.20561e-12 2.31717e-12 1.64096e-12 1.1403e-12 7.78619e-13 5.23064e-13 3.46087e-13 2.25756e-13 1.45313e-13 9.23678e-14 5.80236e-14 3.60445e-14 2.21556e-14 1.34827e-14 8.12707e-15 4.85466e-15 2.87499e-15 1.68864e-15 9.84057e-16 5.6916e-16 3.26826e-16 1.86379e-16 1.05583e-16 5.94319e-17 3.32492e-17 1.84917e-17 1.02259e-17 5.62397e-18 3.07668e-18 1.67456e-18 9.06918e-19 4.88831e-19 2.62264e-19 1.40078e-19 7.44928e-20 3.94482e-20 2.08048e-20 1.09289e-20 5.71892e-21 2.98143e-21 1.54864e-21 8.01567e-22 4.13457e-22 2.1255e-22 1.08911e-22 5.56289e-23 2.83255e-23 1.43794e-23 7.2781e-24 3.67319e-24 1.84861e-24 9.278e-25 4.64404e-25 2.31845e-25 1.15448e-25 5.73432e-26 2.84128e-26 1.40444e-26 6.9258e-27 3.40752e-27 1.67274e-27 8.19334e-28 4.00456e-28 1.95312e-28 9.50606e-29 4.6173e-29 2.23826e-29 1.08288e-29 5.22898e-30 2.5202e-30 1.21241e-30 5.82207e-31 2.7908e-31 1.33543e-31 6.3792e-32 3.04213e-32 1.44833e-32 6.88414e-33 3.26689e-33 1.54787e-33 7.32256e-34 3.45882e-34 1.63133e-34 7.68274e-35 3.61293e-35
1.45739e-13 6.18523e-13 1.50519e-12 2.73684e-12 4.11779e-12 5.40558e-12 6.39195e-12 6.95302e-12 7.06117e-12 6.76794e-12 6.17307e-12 5.39284e-12 4.53577e-12 3.68836e-12 2.90992e-12 2.23392e-12 1.67291e-12 1.22468e-12 8.78054e-13 6.17544e-13 4.26655e-13 2.8993e-13 1.93999e-13 1.27947e-13 8.32471e-14 5.34775e-14 3.39431e-14 2.1301e-14 1.32246e-14 8.12707e-15 4.94631e-15 2.98281e-15 1.78303e-15 1.05694e-15 6.21534e-16 3.62704e-16 2.10112e-16 1.20863e-16 6.90562e-17 3.92004e-17 2.21139e-17 1.24002e-17 6.91312e-18 3.83259e-18 2.11333e-18 1.15925e-18 6.32706e-19 3.43644e-19 1.85766e-19 9.99632e-20 5.35538e-20 2.85677e-20 1.51758e-20 8.02916e-21 4.23138e-21 2.22145e-21 1.16192e-21 6.05548e-22 3.1448e-22 1.62762e-22 8.39582e-23 4.31681e-23 2.21252e-23 1.1305e-23 5.75897e-24 2.92511e-24 1.48147e-24 7.48212e-25 3.76849e-25 1.89299e-25 9.484e-26 4.73941e-26 2.36249e-26 1.17476e-26 5.82762e-27 2.88412e-27 1.42409e-27 7.01589e-28 3.44883e-28 1.69169e-28 8.28042e-29 4.04465e-29 1.97163e-29 9.59182e-30 4.65722e-30 2.25692e-30 1.09166e-30 5.27051e-31 2.53997e-31 1.22188e-31 5.86766e-32 2.81289e-32 1.34619e-32 6.43184e-33 3.06799e-33 1.46108e-33 6.94712e-34 3.29808e-34 1.56334e-34 7.39929e-35 3.4969e-35
5.6488e-14 2.46999e-13 6.17038e-13 1.14882e-12 1.76653e-12 2.36643e-12 2.85197e-12 3.15859e-12 3.26302e-12 3.17898e-12 2.94528e-12 2.61201e-12 2.22898e-12 1.83812e-12 1.46999e-12 1.14345e-12 8.67312e-13 6.42879e-13 4.66543e-13 3.32026e-13 2.32057e-13 1.59482e-13 1.07897e-13 7.19335e-14 4.73009e-14 3.07028e-14 1.96871e-14 1.24788e-14 7.82376e-15 4.85466e-15 2.98281e-15 1.81562e-15 1.09533e-15 6.55186e-16 3.88729e-16 2.28847e-16 1.33721e-16 7.75796e-17 4.47001e-17 2.55859e-17 1.45523e-17 8.22633e-18 4.62294e-18 2.58322e-18 1.43555e-18 7.93545e-19 4.36414e-19 2.3882e-19 1.30064e-19 7.05058e-20 3.80482e-20 2.0443e-20 1.09373e-20 5.82761e-21 3.09265e-21 1.63487e-21 8.6098e-22 4.51757e-22 2.3619e-22 1.23057e-22 6.3896e-23 3.30678e-23 1.70583e-23 8.772e-24 4.49706e-24 2.29857e-24 1.17143e-24 5.95299e-25 3.01676e-25 1.52462e-25 7.68468e-26 3.86328e-26 1.93722e-26 9.68987e-27 4.83499e-27 2.40677e-27 1.19525e-27 5.9222e-28 2.92774e-28 1.44419e-28 7.10854e-29 3.49153e-29 1.7114e-29 8.37143e-30 4.08678e-30 1.99119e-30 9.68292e-31 4.69981e-31 2.27692e-31 1.10109e-31 5.31525e-32 2.56129e-32 1.23209e-32 5.91686e-33 2.8367e-33 1.35776e-33 6.4883e-34 3.09563e-34 1.47465e-34 7.01396e-35 3.33104e-35
2.18946e-14 9.85506e-14 2.5256e-13 4.81216e-13 7.55869e-13 1.03282e-12 1.26813e-12 1.42943e-12 1.50163e-12 1.48656e-12 1.39858e-12 1.25877e-12 1.08958e-12 9.10964e-13 7.38292e-13 5.81761e-13 4.46846e-13 3.3529e-13 2.46239e-13 1.7729e-13 1.25324e-13 8.70898e-14 5.95633e-14 4.01342e-14 2.6667e-14 1.7487e-14 1.13258e-14 7.24987e-15 4.58954e-15 2.87499e-15 1.78303e-15 1.09533e-15 6.66793e-16 4.02417e-16 2.40861e-16 1.43026e-16 8.42889e-17 4.93132e-17 2.86498e-17 1.65334e-17 9.47974e-18 5.40167e-18 3.05953e-18 1.72294e-18 9.64848e-19 5.3741e-19 2.97774e-19 1.64163e-19 9.00627e-20 4.91766e-20 2.67288e-20 1.44634e-20 7.79262e-21 4.18098e-21 2.23411e-21 1.18908e-21 6.30446e-22 3.33011e-22 1.75261e-22 9.19121e-23 4.8035e-23 2.50196e-23 1.2989e-23 6.72175e-24 3.46761e-24 1.78342e-24 9.14501e-25 4.67574e-25 2.38387e-25 1.21202e-25 6.14548e-26 3.10778e-26 1.56753e-26 7.88635e-27 3.95783e-27 1.98144e-27 9.89616e-28 4.93104e-28 2.45141e-28 1.21596e-28 6.01821e-29 2.9722e-29 1.46478e-29 7.20382e-30 3.53566e-30 1.73185e-30 8.46637e-31 4.13094e-31 2.01178e-31 9.77922e-32 4.745e-32 2.29821e-32 1.11116e-32 5.36309e-33 2.58412e-33 1.24304e-33 5.96955e-34 2.86217e-34 1.37012e-34 6.54847e-35 3.12502e-35
