0.155934 0.0820703 0.0431949 0.0227341 0.0119653 0.00629755 0.0033145 0.00174447 0.000918144 0.000483234 0.000254333 0.00013386 7.04525e-05 3.70803e-05 1.95159e-05 1.02715e-05 5.40607e-06 2.8453e-06 1.49753e-06 7.88172e-07 4.14827e-07 2.1833e-07 1.14911e-07 6.04793e-08 3.18312e-08 1.67533e-08 8.81751e-09 4.64079e-09 2.44252e-09 1.28554e-09 6.76599e-10 3.56105e-10 1.87424e-10 9.8644e-11 5.19179e-11 2.73252e-11 1.43817e-11 7.56931e-12 3.98385e-12 2.09676e-12 1.10356e-12 5.8082e-13 3.05695e-13 1.60892e-13 8.468e-14 4.45684e-14 2.34571e-14 1.23458e-14 6.4978e-15 3.4199e-15 1.79995e-15 9.4734e-16 4.986e-16 2.62421e-16 1.38116e-16 7.26928e-17 3.82594e-17 2.01365e-17 1.05982e-17 5.57798e-18 2.93578e-18 1.54515e-18 8.13235e-19 4.28019e-19 2.25273e-19 1.18565e-19 6.24025e-20 3.28434e-20 1.7286e-20 9.0979e-21 4.78837e-21 2.52019e-21 1.32642e-21 6.98114e-22 3.67429e-22 1.93383e-22 1.01781e-22 5.35688e-23 2.81941e-23 1.4839e-23 7.81001e-24 4.11053e-24 2.16344e-24 1.13865e-24 5.9929e-25 3.15416e-25 1.66008e-25 8.73728e-26 4.59857e-26 2.4203e-26 1.27384e-26 6.70443e-27 3.52865e-27 1.85718e-27 9.77465e-28 5.14455e-28 2.70766e-28 1.42508e-28 7.50044e-29 3.9476e-29 2.07768e-29
0.0820703 0.0538675 0.0339685 0.0208345 0.0125215 0.00740923 0.00433062 0.00250613 0.00143841 0.0008199 0.0004646 0.000261934 0.000147022 8.22018e-05 4.5802e-05 2.54421e-05 1.40936e-05 7.78768e-06 4.29352e-06 2.36224e-06 1.29723e-06 7.11145e-07 3.8923e-07 2.12723e-07 1.16099e-07 6.32833e-08 3.44536e-08 1.8737e-08 1.01792e-08 5.52465e-09 2.9957e-09 1.62299e-09 8.78579e-10 4.75238e-10 2.56877e-10 1.38752e-10 7.48974e-11 4.0404e-11 2.17833e-11 1.17376e-11 6.32118e-12 3.40247e-12 1.83053e-12 9.84358e-13 5.29095e-13 2.84267e-13 1.52665e-13 8.19552e-14 4.39793e-14 2.35917e-14 1.26508e-14 6.7815e-15 3.63405e-15 1.94678e-15 1.04258e-15 5.58181e-16 2.98755e-16 1.59858e-16 8.5514e-17 4.57327e-17 2.44516e-17 1.30702e-17 6.98482e-18 3.73188e-18 1.99344e-18 1.0646e-18 5.6843e-19 3.03445e-19 1.61956e-19 8.64229e-20 4.61084e-20 2.45953e-20 1.31174e-20 6.99468e-21 3.72919e-21 1.98788e-21 1.05949e-21 5.64592e-22 3.0082e-22 1.60256e-22 8.53609e-23 4.54613e-23 2.42084e-23 1.28893e-23 6.86178e-24 3.65248e-24 1.94395e-24 1.03449e-24 5.5045e-25 2.92858e-25 1.55792e-25 8.28677e-26 4.40735e-26 2.34381e-26 1.24629e-26 6.62634e-27 3.52276e-27 1.87262e-27 9.95341e-28 5.28997e-28 2.81122e-28
0.0431949 0.0339685 0.0245214 0.0167869 0.0110801 0.00711969 0.00448117 0.00277431 0.00169453 0.00102338 0.000612146 0.000363143 0.000213877 0.000125168 7.28396e-05 4.21745e-05 2.43084e-05 1.39533e-05 7.97933e-06 4.54746e-06 2.58347e-06 1.46345e-06 8.26775e-07 4.65924e-07 2.61961e-07 1.46967e-07 8.2286e-08 4.59842e-08 2.56518e-08 1.42856e-08 7.94318e-09 4.41003e-09 2.44498e-09 1.35372e-09 7.48562e-10 4.13432e-10 2.28077e-10 1.25685e-10 6.91878e-11 3.80491e-11 2.09047e-11 1.14749e-11 6.29321e-12 3.44851e-12 1.88818e-12 1.03304e-12 5.64767e-13 3.0854e-13 1.68443e-13 9.18985e-14 5.01055e-14 2.7302e-14 1.48678e-14 8.09182e-15 4.40155e-15 2.39294e-15 1.30026e-15 7.06176e-16 3.83338e-16 2.07991e-16 1.128e-16 6.11478e-17 3.31333e-17 1.79459e-17 9.71607e-18 5.25827e-18 2.84465e-18 1.53834e-18 8.31602e-19 4.49393e-19 2.42765e-19 1.311e-19 7.07739e-20 3.8195e-20 2.06065e-20 1.1114e-20 5.9925e-21 3.23013e-21 1.74064e-21 9.37732e-22 5.05046e-22 2.71937e-22 1.46385e-22 7.87793e-23 4.2386e-23 2.27997e-23 1.22612e-23 6.59228e-24 3.54357e-24 1.90437e-24 1.02321e-24 5.49656e-25 2.95206e-25 1.58515e-25 8.51001e-26 4.56777e-26 2.4513e-26 1.31524e-26 7.05563e-27 3.78432e-27 2.02937e-27
0.0227341 0.0208345 0.0167869 0.0125561 0.00893897 0.006141 0.0041057 0.00268644 0.00172715 0.00109423 0.00068465 0.000423798 0.00025988 0.000158049 9.54147e-05 5.72236e-05 3.41155e-05 2.02294e-05 1.19366e-05 7.01159e-06 4.10159e-06 2.39015e-06 1.38789e-06 8.03256e-07 4.63465e-07 2.66644e-07 1.52995e-07 8.7564e-08 4.99966e-08 2.84827e-08 1.6192e-08 9.18651e-09 5.20206e-09 2.94047e-09 1.65926e-09 9.34766e-10 5.25795e-10 2.95315e-10 1.6563e-10 9.27695e-11 5.18928e-11 2.89914e-11 1.61776e-11 9.01699e-12 5.02032e-12 2.79217e-12 1.55135e-12 8.611e-13 4.77515e-13 2.6456e-13 1.46446e-13 8.09963e-14 4.47605e-14 2.47161e-14 1.36374e-14 7.51902e-15 4.14265e-15 2.28082e-15 1.25491e-15 6.89995e-16 3.79144e-16 2.08206e-16 1.14268e-16 6.26756e-17 3.4358e-17 1.88242e-17 1.0308e-17 5.64161e-18 3.08611e-18 1.68735e-18 9.22121e-19 5.03694e-19 2.75009e-19 1.50083e-19 8.18706e-20 4.46415e-20 2.43315e-20 1.32563e-20 7.21942e-21 3.9302e-21 2.13876e-21 1.16345e-21 6.32672e-22 3.43917e-22 1.86887e-22 1.01521e-22 5.51302e-23 2.99283e-23 1.62418e-23 8.81157e-24 4.77902e-24 2.59116e-24 1.4045e-24 7.6107e-25 4.12292e-25 2.23288e-25 1.20895e-25 6.54385e-26 3.54117e-26 1.91579e-26 1.03619e-26
0.0119653 0.0125215 0.0110801 0.00893897 0.00679068 0.00494179 0.00348104 0.00238974 0.00160648 0.0010612 0.000690653 0.000443759 0.000281947 0.000177375 0.00011061 6.84332e-05 4.20382e-05 2.56571e-05 1.5567e-05 9.39391e-06 5.64052e-06 3.37122e-06 2.00629e-06 1.18925e-06 7.02316e-07 4.13317e-07 2.42446e-07 1.4178e-07 8.26723e-08 4.80751e-08 2.78843e-08 1.61339e-08 9.31345e-09 5.36446e-09 3.08342e-09 1.76877e-09 1.01271e-09 5.78769e-10 3.30197e-10 1.88069e-10 1.06947e-10 6.07237e-11 3.44278e-11 1.94916e-11 1.10204e-11 6.22269e-12 3.50925e-12 1.97663e-12 1.11206e-12 6.24943e-13 3.50817e-13 1.96726e-13 1.10205e-13 6.16758e-14 3.44836e-14 1.92624e-14 1.07502e-14 5.99443e-15 3.33974e-15 1.85918e-15 1.03416e-15 5.748e-16 3.19243e-16 1.77177e-16 9.82625e-17 5.44587e-17 3.01616e-17 1.66939e-17 9.23391e-18 5.10437e-18 2.81992e-18 1.55695e-18 8.59134e-19 4.7381e-19 2.61161e-19 1.43873e-19 7.92183e-20 4.35961e-20 2.39802e-20 1.3184e-20 7.2449e-21 3.97938e-21 2.18474e-21 1.19892e-21 6.57642e-22 3.60581e-22 1.97622e-22 1.08265e-22 5.92879e-23 3.24543e-23 1.77587e-23 9.71373e-24 5.31127e-24 2.90304e-24 1.58618e-24 8.66361e-25 4.73038e-25 2.58194e-25 1.40881e-25 7.68456e-26 4.1903e-26
0.00629755 0.00740923 0.00711969 0.006141 0.00494179 0.00378558 0.00279385 0.00200218 0.00140088 0.000960779 0.000647844 0.000430482 0.00028241 0.000183188 0.000117636 7.48619e-05 4.72535e-05 2.96063e-05 1.84243e-05 1.13944e-05 7.00651e-06 4.28555e-06 2.60838e-06 1.58031e-06 9.53345e-07 5.72817e-07 3.42882e-07 2.0452e-07 1.21583e-07 7.20513e-08 4.25709e-08 2.50816e-08 1.47377e-08 8.63761e-09 5.05012e-09 2.9458e-09 1.71452e-09 9.95779e-10 5.77171e-10 3.3389e-10 1.92795e-10 1.11125e-10 6.39421e-11 3.67321e-11 2.10676e-11 1.20648e-11 6.89906e-12 3.93951e-12 2.24646e-12 1.27933e-12 7.2763e-13 4.13335e-13 2.34517e-13 1.32906e-13 7.52365e-14 4.25442e-14 2.40322e-14 1.35614e-14 7.6451e-15 4.3057e-15 2.42269e-15 1.36194e-15 7.64948e-16 4.29273e-16 2.40697e-16 1.34851e-16 7.54906e-17 4.22275e-17 2.36032e-17 1.31834e-17 7.35819e-18 4.10404e-18 2.28747e-18 1.27412e-18 7.09223e-19 3.94529e-19 2.19334e-19 1.21862e-19 6.76664e-20 3.75514e-20 2.08273e-20 1.15451e-20 6.39627e-21 3.54181e-21 1.96018e-21 1.08429e-21 5.99488e-22 3.31285e-22 1.82984e-22 1.01023e-22 5.5748e-23 3.07497e-23 1.69535e-23 9.34307e-24 5.14677e-24 2.83398e-24 1.55984e-24 8.58203e-25 4.71984e-25 2.59475e-25 1.42592e-25
0.0033145 0.00433062 0.00448117 0.0041057 0.00348104 0.00279385 0.00215136 0.00160337 0.0011636 0.00082592 0.00057528 0.000394231 0.000266343 0.000177694 0.000117231 7.65665e-05 4.95549e-05 3.18084e-05 2.02634e-05 1.28193e-05 8.05818e-06 5.03538e-06 3.12922e-06 1.93468e-06 1.19042e-06 7.29183e-07 4.44775e-07 2.70221e-07 1.63557e-07 9.86464e-08 5.92975e-08 3.55312e-08 2.12262e-08 1.2644e-08 7.5112e-09 4.45041e-09 2.63031e-09 1.55088e-09 9.12341e-10 5.35533e-10 3.13693e-10 1.83378e-10 1.06992e-10 6.2308e-11 3.62209e-11 2.10196e-11 1.21777e-11 7.04384e-12 4.06799e-12 2.34584e-12 1.3508e-12 7.76731e-13 4.46029e-13 2.55791e-13 1.46505e-13 8.38079e-14 4.78847e-14 2.73278e-14 1.55784e-14 8.87079e-15 5.04592e-15 2.86727e-15 1.62764e-15 9.23044e-16 5.22964e-16 2.96017e-16 1.67405e-16 9.45884e-17 5.33989e-17 3.01205e-17 1.6976e-17 9.56011e-18 5.37961e-18 3.02488e-18 1.69958e-18 9.54243e-19 5.35387e-19 3.00175e-19 1.68185e-19 9.41693e-20 5.26926e-20 2.94655e-20 1.64667e-20 9.19675e-21 5.13337e-21 2.86363e-21 1.59655e-21 8.89617e-22 4.95432e-22 2.7576e-22 1.53408e-22 8.5298e-23 4.74033e-23 2.63306e-23 1.46184e-23 8.11202e-24 4.49939e-24 2.49445e-24 1.38229e-24 7.65648e-25 4.23904e-25
0.00174447 0.00250613 0.00277431 0.00268644 0.00238974 0.00200218 0.00160337 0.00123906 0.000930153 0.000681562 0.000489238 0.000345 0.000239537 0.000164045 0.000110979 7.4258e-05 4.91956e-05 3.22982e-05 2.10299e-05 1.35891e-05 8.71966e-06 5.55884e-06 3.52246e-06 2.21953e-06 1.3912e-06 8.67713e-07 5.38701e-07 3.32984e-07 2.04979e-07 1.2569e-07 7.67879e-08 4.67479e-08 2.83653e-08 1.71568e-08 1.03461e-08 6.22104e-09 3.7304e-09 2.23103e-09 1.33095e-09 7.92076e-10 4.7029e-10 2.78611e-10 1.64702e-10 9.71643e-11 5.72075e-11 3.36177e-11 1.97189e-11 1.15458e-11 6.74869e-12 3.93816e-12 2.2944e-12 1.33465e-12 7.75203e-13 4.49602e-13 2.60392e-13 1.50602e-13 8.69872e-14 5.01787e-14 2.89094e-14 1.66352e-14 9.56097e-15 5.48877e-15 3.14747e-15 1.80291e-15 1.03163e-15 5.89689e-16 3.36732e-16 1.92096e-16 1.0948e-16 6.23367e-17 3.54615e-17 2.0155e-17 1.14453e-17 6.4939e-18 3.68148e-18 2.08538e-18 1.18033e-18 6.6755e-19 3.77254e-19 2.1304e-19 1.20219e-19 6.77914e-20 3.82009e-20 2.15118e-20 1.21056e-20 6.80792e-21 3.82615e-21 2.149e-21 1.20626e-21 6.76682e-22 3.79375e-22 2.12569e-22 1.19038e-22 6.66229e-23 3.72669e-23 2.08348e-23 1.16419e-23 6.50176e-24 3.62925e-24 2.0248e-24 1.12911e-24
0.000918144 0.00143841 0.00169453 0.00172715 0.00160648 0.00140088 0.0011636 0.000930153 0.000720683 0.000544026 0.000401673 0.000290948 0.000207248 0.000145458 0.000100753 6.89647e-05 4.6702e-05 3.13186e-05 2.08155e-05 1.37216e-05 8.97699e-06 5.83182e-06 3.76392e-06 2.41453e-06 1.5401e-06 9.77113e-07 6.16822e-07 3.87544e-07 2.42405e-07 1.50983e-07 9.36648e-08 5.78862e-08 3.56455e-08 2.18747e-08 1.338e-08 8.1585e-09 4.95982e-09 3.00663e-09 1.81762e-09 1.09593e-09 6.59129e-10 3.95461e-10 2.36714e-10 1.41375e-10 8.42518e-11 5.01051e-11 2.9738e-11 1.76156e-11 1.04153e-11 6.1469e-12 3.62142e-12 2.12993e-12 1.25066e-12 7.33192e-13 4.29168e-13 2.50833e-13 1.4639e-13 8.53147e-14 4.96524e-14 2.88587e-14 1.67514e-14 9.71125e-15 5.62298e-15 3.25191e-15 1.87847e-15 1.08387e-15 6.24696e-16 3.5966e-16 2.06851e-16 1.18844e-16 6.82122e-17 3.9113e-17 2.2406e-17 1.28234e-17 7.33238e-18 4.18889e-18 2.39097e-18 1.36357e-18 7.76995e-19 4.42389e-19 2.51677e-19 1.43068e-19 8.12656e-20 4.6126e-20 2.61616e-20 1.48276e-20 8.39785e-21 4.75297e-21 2.68823e-21 1.51942e-21 8.58236e-22 4.84457e-22 2.73294e-22 1.54077e-22 8.6812e-23 4.88836e-23 2.75101e-23 1.54729e-23 8.69772e-24 4.8865e-24 2.7438e-24
0.000483234 0.0008199 0.00102338 0.00109423 0.0010612 0.000960779 0.00082592 0.000681562 0.000544026 0.00042235 0.000320231 0.000237898 0.000173606 0.000124704 8.83239e-05 6.17699e-05 4.27069e-05 2.92204e-05 1.98027e-05 1.3303e-05 8.86445e-06 5.86259e-06 3.85027e-06 2.51224e-06 1.62922e-06 1.05055e-06 6.7377e-07 4.29939e-07 2.73037e-07 1.72611e-07 1.08655e-07 6.81183e-08 4.25395e-08 2.64678e-08 1.64102e-08 1.01403e-08 6.24586e-09 3.83528e-09 2.34813e-09 1.43358e-09 8.7285e-10 5.30061e-10 3.21087e-10 1.9403e-10 1.16978e-10 7.03667e-11 4.22365e-11 2.52988e-11 1.51229e-11 9.02236e-12 5.3726e-12 3.1934e-12 1.89475e-12 1.12228e-12 6.63634e-13 3.91789e-13 2.30937e-13 1.35916e-13 7.98742e-14 4.68721e-14 2.74671e-14 1.60738e-14 9.39393e-15 5.48295e-15 3.1962e-15 1.86088e-15 1.08214e-15 6.28553e-16 3.64674e-16 2.11341e-16 1.22347e-16 7.07521e-17 4.0873e-17 2.35881e-17 1.35994e-17 7.833e-18 4.50738e-18 2.5913e-18 1.48839e-18 8.54148e-19 4.89746e-19 2.80569e-19 1.606e-19 9.18541e-20 5.24933e-20 2.99756e-20 1.71041e-20 9.7522e-21 5.55629e-21 3.16339e-21 1.79975e-21 1.02321e-21 5.81332e-22 3.30058e-22 1.8727e-22 1.06185e-22 6.01706e-23 3.40747e-23 1.92847e-23 1.09077e-23 6.16582e-24
0.000254333 0.0004646 0.000612146 0.00068465 0.000690653 0.000647844 0.00057528 0.000489238 0.000401673 0.000320231 0.000248998 0.000189472 0.000141476 0.000103887 7.51547e-05 5.36443e-05 3.78281e-05 2.63815e-05 1.82131e-05 1.24573e-05 8.44742e-06 5.68277e-06 3.79466e-06 2.51639e-06 1.65794e-06 1.08572e-06 7.06939e-07 4.57832e-07 2.94998e-07 1.89164e-07 1.20746e-07 7.67407e-08 4.8572e-08 3.06223e-08 1.92337e-08 1.20374e-08 7.50786e-09 4.66741e-09 2.89248e-09 1.78714e-09 1.101e-09 6.76406e-10 4.14444e-10 2.53282e-10 1.54406e-10 9.39038e-11 5.69768e-11 3.44939e-11 2.08376e-11 1.25617e-11 7.55734e-12 4.53775e-12 2.71949e-12 1.62681e-12 9.71427e-13 5.79071e-13 3.44607e-13 2.04742e-13 1.2145e-13 7.19318e-14 4.25393e-14 2.51203e-14 1.4813e-14 8.72281e-15 5.12961e-15 3.01259e-15 1.76701e-15 1.03512e-15 6.05642e-16 3.53933e-16 2.06595e-16 1.20455e-16 7.0153e-17 4.08128e-17 2.37183e-17 1.37696e-17 7.98577e-18 4.6268e-18 2.67807e-18 1.54863e-18 8.94686e-19 5.16411e-19 2.97805e-19 1.71588e-19 9.878e-20 5.68179e-20 3.26544e-20 1.8752e-20 1.07598e-20 6.16917e-21 3.53439e-21 2.02338e-21 1.15749e-21 6.61676e-22 3.77975e-22 2.15763e-22 1.23082e-22 7.01645e-23 3.99717e-23 2.27565e-23 1.29473e-23
0.00013386 0.000261934 0.000363143 0.000423798 0.000443759 0.000430482 0.000394231 0.000345 0.000290948 0.000237898 0.000189472 0.000147512 0.000112582 8.44239e-05 6.23215e-05 4.536e-05 3.25949e-05 2.31506e-05 1.62681e-05 1.132e-05 7.80576e-06 5.33739e-06 3.62111e-06 2.43883e-06 1.63136e-06 1.08425e-06 7.1629e-07 4.70516e-07 3.07414e-07 1.99831e-07 1.29272e-07 8.32442e-08 5.33715e-08 3.40769e-08 2.16714e-08 1.373e-08 8.66725e-09 5.45236e-09 3.41857e-09 2.13657e-09 1.33125e-09 8.27031e-10 5.12333e-10 3.16517e-10 1.95028e-10 1.19866e-10 7.349e-11 4.49503e-11 2.7431e-11 1.67028e-11 1.01486e-11 6.15343e-12 3.72355e-12 2.24878e-12 1.35555e-12 8.15617e-13 4.8987e-13 2.93712e-13 1.75805e-13 1.05057e-13 6.268e-14 3.73385e-14 2.22089e-14 1.31904e-14 7.82283e-15 4.63299e-15 2.7401e-15 1.61842e-15 9.5467e-16 5.62423e-16 3.30928e-16 1.94482e-16 1.14159e-16 6.69324e-17 3.91988e-17 2.29313e-17 1.34003e-17 7.82239e-18 4.56157e-18 2.65734e-18 1.5465e-18 8.99141e-19 5.22266e-19 3.03075e-19 1.75715e-19 1.01784e-19 5.89067e-20 3.40624e-20 1.96797e-20 1.13605e-20 6.55276e-21 3.7766e-21 2.17489e-21 1.25151e-21 7.19624e-22 4.13477e-22 2.37398e-22 1.36205e-22 7.80906e-23 4.47407e-23 2.56159e-23
7.04525e-05 0.000147022 0.000213877 0.00025988 0.000281947 0.00028241 0.000266343 0.000239537 0.000207248 0.000173606 0.000141476 0.000112582 8.77414e-05 6.71326e-05 5.05259e-05 3.74682e-05 2.74148e-05 1.98152e-05 1.41628e-05 1.0019e-05 7.02052e-06 4.87615e-06 3.35905e-06 2.29628e-06 1.55852e-06 1.05069e-06 7.03853e-07 4.68696e-07 3.10346e-07 2.04398e-07 1.33938e-07 8.73448e-08 5.66994e-08 3.66455e-08 2.35859e-08 1.51201e-08 9.65603e-09 6.1441e-09 3.89581e-09 2.46194e-09 1.5508e-09 9.7384e-10 6.09707e-10 3.80631e-10 2.36964e-10 1.47129e-10 9.11156e-11 5.62861e-11 3.46866e-11 2.13259e-11 1.30819e-11 8.00722e-12 4.89069e-12 2.98102e-12 1.81339e-12 1.10097e-12 6.67173e-13 4.03559e-13 2.4367e-13 1.46874e-13 8.83803e-14 5.30949e-14 3.18461e-14 1.90714e-14 1.14038e-14 6.80885e-15 4.05948e-15 2.41688e-15 1.43696e-15 8.53193e-16 5.0592e-16 2.99612e-16 1.77212e-16 1.04688e-16 6.17699e-17 3.64041e-17 2.14302e-17 1.26012e-17 7.40158e-18 4.34279e-18 2.5454e-18 1.49037e-18 8.71752e-19 5.09403e-19 2.97378e-19 1.73437e-19 1.01058e-19 5.88299e-20 3.42166e-20 1.98835e-20 1.15444e-20 6.69701e-21 3.88175e-21 2.24811e-21 1.30094e-21 7.52239e-22 4.34625e-22 2.50924e-22 1.44758e-22 8.34491e-23 4.80713e-23
3.70803e-05 8.22018e-05 0.000125168 0.000158049 0.000177375 0.000183188 0.000177694 0.000164045 0.000145458 0.000124704 0.000103887 8.44239e-05 6.71326e-05 5.23661e-05 4.01522e-05 3.03149e-05 2.25695e-05 1.659e-05 1.20529e-05 8.66295e-06 6.16483e-06 4.34681e-06 3.03872e-06 2.10731e-06 1.45047e-06 9.91344e-07 6.73071e-07 4.54131e-07 3.04603e-07 2.03168e-07 1.34794e-07 8.89803e-08 5.84564e-08 3.82281e-08 2.48907e-08 1.61391e-08 1.04229e-08 6.70555e-09 4.29822e-09 2.74545e-09 1.74771e-09 1.10895e-09 7.01448e-10 4.42352e-10 2.78148e-10 1.74408e-10 1.09063e-10 6.80224e-11 4.2318e-11 2.62624e-11 1.62597e-11 1.00436e-11 6.19014e-12 3.8069e-12 2.33631e-12 1.43088e-12 8.74617e-13 5.33575e-13 3.24908e-13 1.97485e-13 1.19823e-13 7.25763e-14 4.38854e-14 2.64932e-14 1.59681e-14 9.60946e-15 5.77409e-15 3.46437e-15 2.07557e-15 1.24175e-15 7.41883e-16 4.42638e-16 2.63748e-16 1.56953e-16 9.32833e-17 5.53735e-17 3.28304e-17 1.94418e-17 1.14999e-17 6.79455e-18 4.01001e-18 2.36405e-18 1.39222e-18 8.19036e-19 4.81342e-19 2.82598e-19 1.65751e-19 9.71235e-20 5.68565e-20 3.32531e-20 1.94306e-20 1.13436e-20 6.61659e-21 3.85604e-21 2.24532e-21 1.30633e-21 7.59402e-22 4.41103e-22 2.56014e-22 1.48473e-22 8.60399e-23
1.95159e-05 4.5802e-05 7.28396e-05 9.54147e-05 0.00011061 0.000117636 0.000117231 0.000110979 0.000100753 8.83239e-05 7.51547e-05 6.23215e-05 5.05259e-05 4.01522e-05 3.13437e-05 2.40775e-05 1.82284e-05 1.36183e-05 1.00511e-05 7.33566e-06 5.29873e-06 3.79083e-06 2.68791e-06 1.89003e-06 1.31864e-06 9.13267e-07 6.28155e-07 4.29245e-07 2.9152e-07 1.96832e-07 1.32166e-07 8.82797e-08 5.86713e-08 3.88078e-08 2.55525e-08 1.67516e-08 1.09363e-08 7.11134e-09 4.60648e-09 2.97298e-09 1.91197e-09 1.22545e-09 7.82867e-10 4.98554e-10 3.16532e-10 2.00377e-10 1.26488e-10 7.96271e-11 4.99946e-11 3.13092e-11 1.95588e-11 1.2189e-11 7.5785e-12 4.70127e-12 2.91e-12 1.7974e-12 1.10789e-12 6.81517e-13 4.18412e-13 2.56392e-13 1.56819e-13 9.57436e-14 5.83521e-14 3.55024e-14 2.15642e-14 1.30768e-14 7.91733e-15 4.78609e-15 2.88885e-15 1.74111e-15 1.04785e-15 6.29738e-16 3.77937e-16 2.26513e-16 1.35579e-16 8.10455e-17 4.83857e-17 2.88514e-17 1.71827e-17 1.02211e-17 6.07295e-18 3.60418e-18 2.13662e-18 1.26524e-18 7.48433e-19 4.42257e-19 2.61064e-19 1.5395e-19 9.06941e-20 5.33771e-20 3.13844e-20 1.84359e-20 1.08196e-20 6.34405e-21 3.71649e-21 2.17529e-21 1.27212e-21 7.43312e-22 4.33962e-22 2.53149e-22 1.47554e-22
1.02715e-05 2.54421e-05 4.21745e-05 5.72236e-05 6.84332e-05 7.48619e-05 7.65665e-05 7.4258e-05 6.89647e-05 6.17699e-05 5.36443e-05 4.536e-05 3.74682e-05 3.03149e-05 2.40775e-05 1.88076e-05 1.44709e-05 1.0982e-05 8.22971e-06 6.096e-06 4.46727e-06 3.24124e-06 2.32997e-06 1.66045e-06 1.17375e-06 8.23406e-07 5.73504e-07 3.96751e-07 2.72722e-07 1.86333e-07 1.26579e-07 8.55182e-08 5.74772e-08 3.84395e-08 2.5586e-08 1.69536e-08 1.11851e-08 7.34877e-09 4.80906e-09 3.13506e-09 2.03627e-09 1.31792e-09 8.50094e-10 5.46536e-10 3.50265e-10 2.23794e-10 1.42567e-10 9.05635e-11 5.73705e-11 3.62464e-11 2.28412e-11 1.43577e-11 9.00314e-12 5.63223e-12 3.51539e-12 2.18928e-12 1.36048e-12 8.43668e-13 5.22112e-13 3.22473e-13 1.98785e-13 1.22308e-13 7.51154e-14 4.60497e-14 2.81817e-14 1.72175e-14 1.05015e-14 6.39481e-15 3.88793e-15 2.36014e-15 1.43054e-15 8.65814e-16 5.23264e-16 3.15795e-16 1.90322e-16 1.14548e-16 6.88514e-17 4.1331e-17 2.47793e-17 1.48375e-17 8.87376e-18 5.30073e-18 3.16269e-18 1.88487e-18 1.12206e-18 6.67228e-19 3.96336e-19 2.35175e-19 1.39402e-19 8.25468e-20 4.88312e-20 2.8858e-20 1.70379e-20 1.00497e-20 5.92221e-21 3.48671e-21 2.05096e-21 1.20535e-21 7.07767e-22 4.15236e-22 2.43407e-22
5.40607e-06 1.40936e-05 2.43084e-05 3.41155e-05 4.20382e-05 4.72535e-05 4.95549e-05 4.91956e-05 4.6702e-05 4.27069e-05 3.78281e-05 3.25949e-05 2.74148e-05 2.25695e-05 1.82284e-05 1.44709e-05 1.13099e-05 8.71444e-06 6.62752e-06 4.98016e-06 3.70092e-06 2.72205e-06 1.98295e-06 1.43163e-06 1.02494e-06 7.2801e-07 5.13274e-07 3.59348e-07 2.4992e-07 1.72727e-07 1.18667e-07 8.10658e-08 5.50812e-08 3.72337e-08 2.50459e-08 1.67686e-08 1.11766e-08 7.41736e-09 4.90226e-09 3.22717e-09 2.11637e-09 1.38283e-09 9.00348e-10 5.84218e-10 3.77845e-10 2.43599e-10 1.5657e-10 1.00336e-10 6.41148e-11 4.08562e-11 2.59652e-11 1.64587e-11 1.04065e-11 6.56367e-12 4.13009e-12 2.5928e-12 1.62406e-12 1.01506e-12 6.33077e-13 3.94026e-13 2.44749e-13 1.51728e-13 9.38823e-14 5.7982e-14 3.57449e-14 2.19972e-14 1.35136e-14 8.28788e-15 5.07458e-15 3.10213e-15 1.89337e-15 1.15384e-15 7.02109e-16 4.26604e-16 2.58835e-16 1.56823e-16 9.48851e-17 5.73326e-17 3.45966e-17 2.08499e-17 1.25494e-17 7.54406e-18 4.52959e-18 2.7164e-18 1.62713e-18 9.73532e-19 5.81822e-19 3.47337e-19 2.07129e-19 1.23387e-19 7.34245e-20 4.36484e-20 2.59214e-20 1.53786e-20 9.11496e-21 5.39729e-21 3.19293e-21 1.88712e-21 1.11434e-21 6.57423e-22 3.87518e-22
2.8453e-06 7.78768e-06 1.39533e-05 2.02294e-05 2.56571e-05 2.96063e-05 3.18084e-05 3.22982e-05 3.13186e-05 2.92204e-05 2.63815e-05 2.31506e-05 1.98152e-05 1.659e-05 1.36183e-05 1.0982e-05 8.71444e-06 6.81424e-06 5.25709e-06 4.00576e-06 3.01746e-06 2.24891e-06 1.65957e-06 1.21337e-06 8.79471e-07 6.32276e-07 4.51083e-07 3.19492e-07 2.24743e-07 1.5707e-07 1.091e-07 7.53374e-08 5.17339e-08 3.5337e-08 2.40148e-08 1.62413e-08 1.09331e-08 7.32709e-09 4.8895e-09 3.24949e-09 2.15106e-09 1.41854e-09 9.32058e-10 6.10259e-10 3.98207e-10 2.58988e-10 1.67908e-10 1.08526e-10 6.9937e-11 4.49401e-11 2.87974e-11 1.84036e-11 1.17305e-11 7.45807e-12 4.73007e-12 2.99275e-12 1.88914e-12 1.1898e-12 7.47703e-13 4.68873e-13 2.9341e-13 1.83237e-13 1.14207e-13 7.10453e-14 4.41124e-14 2.73394e-14 1.69137e-14 1.04455e-14 6.43992e-15 3.96375e-15 2.4357e-15 1.49434e-15 9.15375e-16 5.5987e-16 3.41922e-16 2.08513e-16 1.26976e-16 7.72147e-17 4.68904e-17 2.84372e-17 1.72233e-17 1.04181e-17 6.29377e-18 3.79748e-18 2.28851e-18 1.3775e-18 8.28179e-19 4.97345e-19 2.98333e-19 1.78758e-19 1.06993e-19 6.39714e-20 3.82085e-20 2.27974e-20 1.35886e-20 8.09149e-21 4.81348e-21 2.8607e-21 1.69854e-21 1.00757e-21 5.9714e-22
1.49753e-06 4.29352e-06 7.97933e-06 1.19366e-05 1.5567e-05 1.84243e-05 2.02634e-05 2.10299e-05 2.08155e-05 1.98027e-05 1.82131e-05 1.62681e-05 1.41628e-05 1.20529e-05 1.00511e-05 8.22971e-06 6.62752e-06 5.25709e-06 4.11256e-06 3.17635e-06 2.42444e-06 1.83032e-06 1.36774e-06 1.01235e-06 7.42629e-07 5.40207e-07 3.89861e-07 2.79263e-07 1.98632e-07 1.40338e-07 9.85236e-08 6.87514e-08 4.77006e-08 3.29141e-08 2.25925e-08 1.54302e-08 1.0488e-08 7.09613e-09 4.78005e-09 3.20629e-09 2.14193e-09 1.4253e-09 9.44854e-10 6.24086e-10 4.1077e-10 2.69452e-10 1.76174e-10 1.14822e-10 7.4607e-11 4.83331e-11 3.12221e-11 2.01126e-11 1.29212e-11 8.27935e-12 5.29157e-12 3.37364e-12 2.1457e-12 1.36152e-12 8.61966e-13 5.44496e-13 3.43213e-13 2.15884e-13 1.35515e-13 8.48965e-14 5.30818e-14 3.31267e-14 2.0635e-14 1.28306e-14 7.96379e-15 4.93451e-15 3.05236e-15 1.885e-15 1.16221e-15 7.15444e-16 4.39739e-16 2.69873e-16 1.65379e-16 1.01198e-16 6.18371e-17 3.7733e-17 2.29934e-17 1.39928e-17 8.5043e-18 5.16196e-18 3.12928e-18 1.89469e-18 1.14579e-18 6.92078e-19 4.1754e-19 2.51619e-19 1.51461e-19 9.10703e-20 5.46993e-20 3.28188e-20 1.96702e-20 1.17773e-20 7.04439e-21 4.20928e-21 2.51273e-21 1.49853e-21 8.92843e-22
7.88172e-07 2.36224e-06 4.54746e-06 7.01159e-06 9.39391e-06 1.13944e-05 1.28193e-05 1.35891e-05 1.37216e-05 1.3303e-05 1.24573e-05 1.132e-05 1.0019e-05 8.66295e-06 7.33566e-06 6.096e-06 4.98016e-06 4.00576e-06 3.17635e-06 2.48579e-06 1.92186e-06 1.46918e-06 1.11137e-06 8.32487e-07 6.17867e-07 4.54626e-07 3.31799e-07 2.403e-07 1.72772e-07 1.23367e-07 8.7515e-08 6.16969e-08 4.32385e-08 3.01316e-08 2.08848e-08 1.44012e-08 9.88138e-09 6.74809e-09 4.58744e-09 3.10501e-09 2.09283e-09 1.40491e-09 9.39452e-10 6.25851e-10 4.15428e-10 2.74791e-10 1.81151e-10 1.19032e-10 7.79673e-11 5.09135e-11 3.31486e-11 2.15204e-11 1.39324e-11 8.99547e-12 5.79271e-12 3.72076e-12 2.38399e-12 1.5238e-12 9.71701e-13 6.18223e-13 3.92456e-13 2.48597e-13 1.57138e-13 9.9123e-14 6.24013e-14 3.92069e-14 2.45867e-14 1.53895e-14 9.61521e-15 5.99678e-15 3.73354e-15 2.32051e-15 1.43987e-15 8.91977e-16 5.51687e-16 3.40685e-16 2.10064e-16 1.2933e-16 7.95077e-17 4.88086e-17 2.99207e-17 1.83168e-17 1.11979e-17 6.83677e-18 4.16869e-18 2.53859e-18 1.54398e-18 9.37902e-19 5.69047e-19 3.44845e-19 2.08735e-19 1.26203e-19 7.62175e-20 4.59791e-20 2.77074e-20 1.66789e-20 1.00296e-20 6.02494e-21 3.61561e-21 2.16758e-21 1.29821e-21
4.14827e-07 1.29723e-06 2.58347e-06 4.10159e-06 5.64052e-06 7.00651e-06 8.05818e-06 8.71966e-06 8.97699e-06 8.86445e-06 8.44742e-06 7.80576e-06 7.02052e-06 6.16483e-06 5.29873e-06 4.46727e-06 3.70092e-06 3.01746e-06 2.42444e-06 1.92186e-06 1.50456e-06 1.16429e-06 8.91299e-07 6.75462e-07 5.07072e-07 3.77291e-07 2.78386e-07 2.03791e-07 1.48073e-07 1.06829e-07 7.65562e-08 5.45122e-08 3.85799e-08 2.71459e-08 1.89949e-08 1.3221e-08 9.15559e-09 6.30945e-09 4.32779e-09 2.95522e-09 2.00927e-09 1.36045e-09 9.17458e-10 6.16331e-10 4.125e-10 2.75088e-10 1.82814e-10 1.21085e-10 7.99383e-11 5.26081e-11 3.45163e-11 2.25794e-11 1.47283e-11 9.58039e-12 6.21496e-12 4.02117e-12 2.59511e-12 1.67063e-12 1.07289e-12 6.87397e-13 4.39404e-13 2.80253e-13 1.78357e-13 1.13269e-13 7.17843e-14 4.54017e-14 2.86588e-14 1.80554e-14 1.13538e-14 7.12647e-15 4.46507e-15 2.79267e-15 1.74368e-15 1.08688e-15 6.76368e-16 4.20229e-16 2.60678e-16 1.61455e-16 9.98488e-17 6.16582e-17 3.80197e-17 2.34103e-17 1.43946e-17 8.83893e-18 5.4202e-18 3.3194e-18 2.03021e-18 1.24014e-18 7.56592e-19 4.61021e-19 2.8058e-19 1.70561e-19 1.03562e-19 6.28096e-20 3.80509e-20 2.30264e-20 1.39192e-20 8.40512e-21 5.0701e-21 3.05522e-21 1.8392e-21
2.1833e-07 7.11145e-07 1.46345e-06 2.39015e-06 3.37122e-06 4.28555e-06 5.03538e-06 5.55884e-06 5.83182e-06 5.86259e-06 5.68277e-06 5.33739e-06 4.87615e-06 4.34681e-06 3.79083e-06 3.24124e-06 2.72205e-06 2.24891e-06 1.83032e-06 1.46918e-06 1.16429e-06 9.11771e-07 7.06154e-07 5.41272e-07 4.10882e-07 3.09071e-07 2.30498e-07 1.70512e-07 1.25172e-07 9.12231e-08 6.60241e-08 4.74732e-08 3.39218e-08 2.40945e-08 1.70169e-08 1.19531e-08 8.35236e-09 5.80721e-09 4.01828e-09 2.76764e-09 1.89781e-09 1.29581e-09 8.81134e-10 5.9679e-10 4.0266e-10 2.70677e-10 1.81306e-10 1.21024e-10 8.05156e-11 5.33928e-11 3.52957e-11 2.32617e-11 1.52855e-11 1.00155e-11 6.5442e-12 4.2645e-12 2.77165e-12 1.79679e-12 1.16192e-12 7.49559e-13 4.82403e-13 3.09753e-13 1.98449e-13 1.26863e-13 8.09274e-14 5.15173e-14 3.27287e-14 2.07513e-14 1.31317e-14 8.29417e-15 5.22906e-15 3.29071e-15 2.06722e-15 1.29638e-15 8.11605e-16 5.07267e-16 3.16536e-16 1.97206e-16 1.22671e-16 7.61903e-17 4.72508e-17 2.92605e-17 1.80938e-17 1.11729e-17 6.88972e-18 4.24275e-18 2.60925e-18 1.60257e-18 9.83011e-19 6.02218e-19 3.68478e-19 2.25186e-19 1.37452e-19 8.38014e-20 5.10329e-20 3.10425e-20 1.88616e-20 1.14478e-20 6.94063e-21 4.20353e-21 2.54317e-21
1.14911e-07 3.8923e-07 8.26775e-07 1.38789e-06 2.00629e-06 2.60838e-06 3.12922e-06 3.52246e-06 3.76392e-06 3.85027e-06 3.79466e-06 3.62111e-06 3.35905e-06 3.03872e-06 2.68791e-06 2.32997e-06 1.98295e-06 1.65957e-06 1.36774e-06 1.11137e-06 8.91299e-07 7.06154e-07 5.53156e-07 4.28736e-07 3.29014e-07 2.50138e-07 1.88505e-07 1.40882e-07 1.04466e-07 7.68877e-08 5.61908e-08 4.07897e-08 2.94206e-08 2.10909e-08 1.50315e-08 1.06533e-08 7.50997e-09 5.26703e-09 3.67582e-09 2.55322e-09 1.76541e-09 1.21535e-09 8.33154e-10 5.68828e-10 3.8684e-10 2.6208e-10 1.76907e-10 1.18992e-10 7.97626e-11 5.3289e-11 3.54877e-11 2.35593e-11 1.5593e-11 1.02901e-11 6.7713e-12 4.44342e-12 2.90798e-12 1.89813e-12 1.2358e-12 8.02592e-13 5.19981e-13 3.3609e-13 2.16733e-13 1.3945e-13 8.9529e-14 5.73563e-14 3.66684e-14 2.33948e-14 1.48965e-14 9.4668e-15 6.00479e-15 3.80177e-15 2.40261e-15 1.51569e-15 9.54512e-16 6.00085e-16 3.76634e-16 2.36003e-16 1.47645e-16 9.22233e-17 5.75168e-17 3.58174e-17 2.22716e-17 1.38286e-17 8.57412e-18 5.30877e-18 3.28249e-18 2.02688e-18 1.24991e-18 7.69785e-19 4.73484e-19 2.90869e-19 1.78466e-19 1.09368e-19 6.69435e-20 4.09279e-20 2.49937e-20 1.52459e-20 9.28951e-21 5.65402e-21 3.4376e-21
6.04793e-08 2.12723e-07 4.65924e-07 8.03256e-07 1.18925e-06 1.58031e-06 1.93468e-06 2.21953e-06 2.41453e-06 2.51224e-06 2.51639e-06 2.43883e-06 2.29628e-06 2.10731e-06 1.89003e-06 1.66045e-06 1.43163e-06 1.21337e-06 1.01235e-06 8.32487e-07 6.75462e-07 5.41272e-07 4.28736e-07 3.35932e-07 2.60552e-07 2.00164e-07 1.52392e-07 1.1504e-07 8.61461e-08 6.40193e-08 4.72324e-08 3.4608e-08 2.51919e-08 1.82233e-08 1.31037e-08 9.36861e-09 6.66156e-09 4.71189e-09 3.31607e-09 2.32245e-09 1.61899e-09 1.12356e-09 7.76368e-10 5.34231e-10 3.66137e-10 2.49959e-10 1.70006e-10 1.15207e-10 7.77982e-11 5.23576e-11 3.51201e-11 2.34824e-11 1.56524e-11 1.04018e-11 6.89231e-12 4.55392e-12 3.00057e-12 1.97176e-12 1.29231e-12 8.44833e-13 5.50931e-13 3.58403e-13 2.32606e-13 1.50616e-13 9.73079e-14 6.27296e-14 4.03522e-14 2.59033e-14 1.65942e-14 1.06094e-14 6.76989e-15 4.31164e-15 2.7409e-15 1.73921e-15 1.10163e-15 6.96561e-16 4.39682e-16 2.77071e-16 1.74313e-16 1.09489e-16 6.8663e-17 4.29937e-17 2.68799e-17 1.67805e-17 1.04603e-17 6.51127e-18 4.04739e-18 2.51237e-18 1.55741e-18 9.64153e-19 5.96101e-19 3.68074e-19 2.26988e-19 1.39807e-19 8.60059e-20 5.28452e-20 3.24317e-20 1.98807e-20 1.2173e-20 7.44516e-21 4.54854e-21
3.18312e-08 1.16099e-07 2.61961e-07 4.63465e-07 7.02316e-07 9.53345e-07 1.19042e-06 1.3912e-06 1.5401e-06 1.62922e-06 1.65794e-06 1.63136e-06 1.55852e-06 1.45047e-06 1.31864e-06 1.17375e-06 1.02494e-06 8.79471e-07 7.42629e-07 6.17867e-07 5.07072e-07 4.10882e-07 3.29014e-07 2.60552e-07 2.04202e-07 1.58482e-07 1.21871e-07 9.29059e-08 7.02447e-08 5.26982e-08 3.92428e-08 2.90178e-08 2.13134e-08 1.55546e-08 1.12826e-08 8.13608e-09 5.83427e-09 4.16124e-09 2.95269e-09 2.08477e-09 1.46497e-09 1.02472e-09 7.13605e-10 4.94832e-10 3.4172e-10 2.35047e-10 1.61053e-10 1.09943e-10 7.47828e-11 5.069e-11 3.42433e-11 2.30571e-11 1.54758e-11 1.03552e-11 6.90821e-12 4.5952e-12 3.04799e-12 2.01616e-12 1.33006e-12 8.75149e-13 5.74365e-13 3.76026e-13 2.45582e-13 1.60012e-13 1.04018e-13 6.7467e-14 4.36638e-14 2.81982e-14 1.81724e-14 1.16874e-14 7.50159e-15 4.80553e-15 3.07255e-15 1.96085e-15 1.24909e-15 7.94266e-16 5.04168e-16 3.19476e-16 2.02102e-16 1.27639e-16 8.04815e-17 5.06662e-17 3.18468e-17 1.99871e-17 1.25251e-17 7.8375e-18 4.89718e-18 3.05562e-18 1.90392e-18 1.18469e-18 7.36169e-19 4.56855e-19 2.8315e-19 1.75267e-19 1.08353e-19 6.69035e-20 4.126e-20 2.54152e-20 1.56368e-20 9.60955e-21 5.89883e-21
1.67533e-08 6.32833e-08 1.46967e-07 2.66644e-07 4.13317e-07 5.72817e-07 7.29183e-07 8.67713e-07 9.77113e-07 1.05055e-06 1.08572e-06 1.08425e-06 1.05069e-06 9.91344e-07 9.13267e-07 8.23406e-07 7.2801e-07 6.32276e-07 5.40207e-07 4.54626e-07 3.77291e-07 3.09071e-07 2.50138e-07 2.00164e-07 1.58482e-07 1.24234e-07 9.64749e-08 7.42561e-08 5.66761e-08 4.29148e-08 3.22499e-08 2.40615e-08 1.78294e-08 1.31253e-08 9.60211e-09 6.98274e-09 5.04889e-09 3.63061e-09 2.59701e-09 1.84827e-09 1.309e-09 9.22729e-10 6.47508e-10 4.52399e-10 3.14752e-10 2.18097e-10 1.5053e-10 1.03501e-10 7.09033e-11 4.83994e-11 3.2924e-11 2.23218e-11 1.50846e-11 1.01617e-11 6.8244e-12 4.5695e-12 3.05081e-12 2.03112e-12 1.34854e-12 8.92959e-13 5.89751e-13 3.88511e-13 2.55307e-13 1.67369e-13 1.09463e-13 7.14263e-14 4.65024e-14 3.02094e-14 1.9583e-14 1.26679e-14 8.17796e-15 5.26884e-15 3.38794e-15 2.17433e-15 1.39283e-15 8.90588e-16 5.68426e-16 3.62165e-16 2.30351e-16 1.46265e-16 9.27189e-17 5.86802e-17 3.70786e-17 2.33924e-17 1.47354e-17 9.26815e-18 5.82081e-18 3.65042e-18 2.28604e-18 1.42961e-18 8.92799e-19 5.56805e-19 3.46797e-19 2.15716e-19 1.34008e-19 8.31442e-20 5.15222e-20 3.18879e-20 1.97123e-20 1.21713e-20 7.50636e-21
8.81751e-09 3.44536e-08 8.2286e-08 1.52995e-07 2.42446e-07 3.42882e-07 4.44775e-07 5.38701e-07 6.16822e-07 6.7377e-07 7.06939e-07 7.1629e-07 7.03853e-07 6.73071e-07 6.28155e-07 5.73504e-07 5.13274e-07 4.51083e-07 3.89861e-07 3.31799e-07 2.78386e-07 2.30498e-07 1.88505e-07 1.52392e-07 1.21871e-07 9.64749e-08 7.56417e-08 5.87723e-08 4.52751e-08 3.45951e-08 2.6231e-08 1.97435e-08 1.47569e-08 1.09562e-08 8.0827e-09 5.92651e-09 4.32017e-09 3.1316e-09 2.25784e-09 1.61946e-09 1.15581e-09 8.20957e-10 5.80427e-10 4.08545e-10 2.86328e-10 1.99841e-10 1.38918e-10 9.61937e-11 6.63591e-11 4.56113e-11 3.12399e-11 2.13236e-11 1.45066e-11 9.8372e-12 6.64989e-12 4.48161e-12 3.01139e-12 2.01766e-12 1.34807e-12 8.98228e-13 5.96907e-13 3.95639e-13 2.61574e-13 1.72511e-13 1.135e-13 7.44995e-14 4.87882e-14 3.18789e-14 2.07846e-14 1.35223e-14 8.77908e-15 5.68801e-15 3.67792e-15 2.37352e-15 1.5288e-15 9.82868e-16 6.30725e-16 4.0402e-16 2.58344e-16 1.64909e-16 1.05088e-16 6.68558e-17 4.24637e-17 2.69278e-17 1.70491e-17 1.07779e-17 6.80316e-18 4.28787e-18 2.6986e-18 1.69596e-18 1.06434e-18 6.67025e-19 4.17461e-19 2.60921e-19 1.62867e-19 1.0153e-19 6.32128e-20 3.93073e-20 2.44122e-20 1.51432e-20 9.3823e-21
4.64079e-09 1.8737e-08 4.59842e-08 8.7564e-08 1.4178e-07 2.0452e-07 2.70221e-07 3.32984e-07 3.87544e-07 4.29939e-07 4.57832e-07 4.70516e-07 4.68696e-07 4.54131e-07 4.29245e-07 3.96751e-07 3.59348e-07 3.19492e-07 2.79263e-07 2.403e-07 2.03791e-07 1.70512e-07 1.40882e-07 1.1504e-07 9.29059e-08 7.42561e-08 5.87723e-08 4.60894e-08 3.58287e-08 2.76223e-08 2.11286e-08 1.60407e-08 1.20915e-08 9.0526e-09 6.73349e-09 4.97739e-09 3.65739e-09 2.67212e-09 1.94157e-09 1.40332e-09 1.00915e-09 7.22152e-10 5.14345e-10 3.64675e-10 2.57425e-10 1.80948e-10 1.26671e-10 8.83236e-11 6.13493e-11 4.24549e-11 2.92738e-11 2.01146e-11 1.37744e-11 9.40156e-12 6.39644e-12 4.33836e-12 2.93358e-12 1.97785e-12 1.32967e-12 8.91416e-13 5.95989e-13 3.97416e-13 2.6432e-13 1.75356e-13 1.1605e-13 7.66169e-14 5.04647e-14 3.31632e-14 2.17447e-14 1.42266e-14 9.288e-15 6.0511e-15 3.93422e-15 2.55278e-15 1.65317e-15 1.06853e-15 6.89353e-16 4.43912e-16 2.85344e-16 1.83094e-16 1.1728e-16 7.49961e-17 4.78771e-17 3.05146e-17 1.94173e-17 1.23364e-17 7.82555e-18 4.95658e-18 3.13474e-18 1.97964e-18 1.24837e-18 7.86122e-19 4.94346e-19 3.10441e-19 1.9469e-19 1.21937e-19 7.62717e-20 4.76471e-20 2.97278e-20 1.85248e-20 1.15296e-20
2.44252e-09 1.01792e-08 2.56518e-08 4.99966e-08 8.26723e-08 1.21583e-07 1.63557e-07 2.04979e-07 2.42405e-07 2.73037e-07 2.94998e-07 3.07414e-07 3.10346e-07 3.04603e-07 2.9152e-07 2.72722e-07 2.4992e-07 2.24743e-07 1.98632e-07 1.72772e-07 1.48073e-07 1.25172e-07 1.04466e-07 8.61461e-08 7.02447e-08 5.66761e-08 4.52751e-08 3.58287e-08 2.81018e-08 2.18559e-08 1.68623e-08 1.29107e-08 9.8135e-09 7.40767e-09 5.55466e-09 4.13881e-09 3.06516e-09 2.25681e-09 1.65236e-09 1.20331e-09 8.71769e-10 6.28432e-10 4.50846e-10 3.21947e-10 2.28874e-10 1.62006e-10 1.14196e-10 8.017e-11 5.60627e-11 3.9056e-11 2.71084e-11 1.87488e-11 1.29222e-11 8.87651e-12 6.07756e-12 4.14798e-12 2.82231e-12 1.91456e-12 1.29497e-12 8.7341e-13 5.8745e-13 3.94048e-13 2.63622e-13 1.75913e-13 1.17092e-13 7.77479e-14 5.15007e-14 3.40348e-14 2.2441e-14 1.47635e-14 9.69153e-15 6.34844e-15 4.14988e-15 2.70717e-15 1.76249e-15 1.14522e-15 7.42707e-16 4.80761e-16 3.10629e-16 2.00341e-16 1.28982e-16 8.28964e-17 5.31866e-17 3.40678e-17 2.17858e-17 1.39093e-17 8.86643e-18 5.64313e-18 3.58617e-18 2.27557e-18 1.44183e-18 9.12237e-19 5.76349e-19 3.63629e-19 2.29105e-19 1.44153e-19 9.05814e-20 5.68442e-20 3.56267e-20 2.23006e-20 1.39417e-20
1.28554e-09 5.52465e-09 1.42856e-08 2.84827e-08 4.80751e-08 7.20513e-08 9.86464e-08 1.2569e-07 1.50983e-07 1.72611e-07 1.89164e-07 1.99831e-07 2.04398e-07 2.03168e-07 1.96832e-07 1.86333e-07 1.72727e-07 1.5707e-07 1.40338e-07 1.23367e-07 1.06829e-07 9.12231e-08 7.68877e-08 6.40193e-08 5.26982e-08 4.29148e-08 3.45951e-08 2.76223e-08 2.18559e-08 1.71451e-08 1.33403e-08 1.02994e-08 7.89303e-09 6.00625e-09 4.53971e-09 3.40913e-09 2.54431e-09 1.88762e-09 1.39246e-09 1.02157e-09 7.45525e-10 5.41315e-10 3.91121e-10 2.81268e-10 2.01349e-10 1.43504e-10 1.01843e-10 7.1979e-11 5.06697e-11 3.55313e-11 2.48226e-11 1.72784e-11 1.19847e-11 8.28448e-12 5.70763e-12 3.9196e-12 2.68325e-12 1.83126e-12 1.24608e-12 8.45434e-13 5.71986e-13 3.85917e-13 2.59678e-13 1.74276e-13 1.16662e-13 7.78999e-14 5.18901e-14 3.44824e-14 2.28612e-14 1.51221e-14 9.98063e-15 6.57293e-15 4.31952e-15 2.83274e-15 1.85392e-15 1.2109e-15 7.89362e-16 5.13583e-16 3.33526e-16 2.16196e-16 1.39889e-16 9.03542e-17 5.82585e-17 3.74999e-17 2.40976e-17 1.54599e-17 9.90233e-18 6.3326e-18 4.04344e-18 2.57785e-18 1.64101e-18 1.0431e-18 6.62081e-19 4.19641e-19 2.65605e-19 1.67879e-19 1.05966e-19 6.67977e-20 4.20519e-20 2.64392e-20 1.6602e-20
6.76599e-10 2.9957e-09 7.94318e-09 1.6192e-08 2.78843e-08 4.25709e-08 5.92975e-08 7.67879e-08 9.36648e-08 1.08655e-07 1.20746e-07 1.29272e-07 1.33938e-07 1.34794e-07 1.32166e-07 1.26579e-07 1.18667e-07 1.091e-07 9.85236e-08 8.7515e-08 7.65562e-08 6.60241e-08 5.61908e-08 4.72324e-08 3.92428e-08 3.22499e-08 2.6231e-08 2.11286e-08 1.68623e-08 1.33403e-08 1.04665e-08 8.14714e-09 6.29409e-09 4.82765e-09 3.67749e-09 2.78298e-09 2.09281e-09 1.56431e-09 1.1625e-09 8.59093e-10 6.31472e-10 4.61766e-10 3.35988e-10 2.43298e-10 1.75362e-10 1.2583e-10 8.98978e-11 6.39574e-11 4.53178e-11 3.19842e-11 2.24877e-11 1.57524e-11 1.09948e-11 7.64741e-12 5.30112e-12 3.6626e-12 2.52243e-12 1.73178e-12 1.18536e-12 8.08949e-13 5.5048e-13 3.73545e-13 2.52786e-13 1.7061e-13 1.14848e-13 7.71145e-14 5.165e-14 3.45103e-14 2.30037e-14 1.52982e-14 1.01507e-14 6.7203e-15 4.43955e-15 2.92662e-15 1.92526e-15 1.26395e-15 8.28139e-16 5.41536e-16 3.53443e-16 2.30248e-16 1.49718e-16 9.71779e-17 6.29639e-17 4.0725e-17 2.6296e-17 1.69509e-17 1.09089e-17 7.00917e-18 4.49641e-18 2.87997e-18 1.84182e-18 1.17612e-18 7.4992e-19 4.77471e-19 3.0357e-19 1.92735e-19 1.22198e-19 7.73704e-20 4.89221e-20 3.08933e-20 1.94832e-20
3.56105e-10 1.62299e-09 4.41003e-09 9.18651e-09 1.61339e-08 2.50816e-08 3.55312e-08 4.67479e-08 5.78862e-08 6.81183e-08 7.67407e-08 8.32442e-08 8.73448e-08 8.89803e-08 8.82797e-08 8.55182e-08 8.10658e-08 7.53374e-08 6.87514e-08 6.16969e-08 5.45122e-08 4.74732e-08 4.07897e-08 3.4608e-08 2.90178e-08 2.40615e-08 1.97435e-08 1.60407e-08 1.29107e-08 1.02994e-08 8.14714e-09 6.39298e-09 4.9782e-09 3.84825e-09 2.95404e-09 2.25249e-09 1.70656e-09 1.28503e-09 9.61912e-10 7.15966e-10 5.30001e-10 3.9028e-10 2.85938e-10 2.0847e-10 1.51273e-10 1.09269e-10 7.85811e-11 5.62707e-11 4.01283e-11 2.85023e-11 2.01661e-11 1.42143e-11 9.98256e-12 6.98579e-12 4.87181e-12 3.38617e-12 2.3459e-12 1.62006e-12 1.11534e-12 7.65562e-13 5.23935e-13 3.57547e-13 2.4332e-13 1.65135e-13 1.11776e-13 7.5463e-14 5.08181e-14 3.41373e-14 2.28766e-14 1.52942e-14 1.02014e-14 6.78907e-15 4.50818e-15 2.98712e-15 1.97507e-15 1.30321e-15 8.58144e-16 5.63953e-16 3.69895e-16 2.42149e-16 1.58224e-16 1.03196e-16 6.71847e-17 4.36625e-17 2.83265e-17 1.83457e-17 1.18618e-17 7.65688e-18 4.9346e-18 3.17514e-18 2.03984e-18 1.30847e-18 8.38067e-19 5.35981e-19 3.42285e-19 2.18276e-19 1.38999e-19 8.83922e-20 5.6134e-20 3.56004e-20 2.25481e-20
1.87424e-10 8.78579e-10 2.44498e-09 5.20206e-09 9.31345e-09 1.47377e-08 2.12262e-08 2.83653e-08 3.56455e-08 4.25395e-08 4.8572e-08 5.33715e-08 5.66994e-08 5.84564e-08 5.86713e-08 5.74772e-08 5.50812e-08 5.17339e-08 4.77006e-08 4.32385e-08 3.85799e-08 3.39218e-08 2.94206e-08 2.51919e-08 2.13134e-08 1.78294e-08 1.47569e-08 1.20915e-08 9.8135e-09 7.89303e-09 6.29409e-09 4.9782e-09 3.90686e-09 3.04335e-09 2.35391e-09 1.80831e-09 1.38014e-09 1.04679e-09 7.89201e-10 5.91572e-10 4.40976e-10 3.26963e-10 2.41181e-10 1.77022e-10 1.29307e-10 9.40163e-11 6.8051e-11 4.90432e-11 3.51963e-11 2.51562e-11 1.79092e-11 1.27012e-11 8.97421e-12 6.31799e-12 4.43237e-12 3.09893e-12 2.15946e-12 1.49995e-12 1.03858e-12 7.16928e-13 4.93416e-13 3.38601e-13 2.31702e-13 1.58114e-13 1.07606e-13 7.30394e-14 4.94492e-14 3.33941e-14 2.24963e-14 1.51185e-14 1.01364e-14 6.78049e-15 4.52544e-15 3.01373e-15 2.00268e-15 1.32801e-15 8.78803e-16 5.80366e-16 3.82516e-16 2.51624e-16 1.65206e-16 1.08264e-16 7.08184e-17 4.62407e-17 3.01394e-17 1.96106e-17 1.27381e-17 8.26026e-18 5.3477e-18 3.45652e-18 2.2306e-18 1.43723e-18 9.24623e-19 5.93947e-19 3.80967e-19 2.44002e-19 1.56055e-19 9.9666e-20 6.35645e-20 4.04844e-20 2.575e-20
