0.640378 0.0129646 0.0105092 0.00851883 0.00690541 0.00559757 0.00453742 0.00367806 0.00298146 0.00241679 0.00195906 0.00158803 0.00128727 0.00104347 0.00084584 0.000685643 0.000555786 0.000450524 0.000365197 0.000296031 0.000239965 0.000194517 0.000157676 0.000127813 0.000103606 8.3984e-05 6.80779e-05 5.51844e-05 4.47328e-05 3.62607e-05 2.93931e-05 2.38262e-05 1.93137e-05 1.56558e-05 1.26907e-05 1.02871e-05 8.33882e-06 6.7595e-06 5.47929e-06 4.44155e-06 3.60034e-06 2.91846e-06 2.36572e-06 1.91767e-06 1.55447e-06 1.26007e-06 1.02142e-06 8.27967e-07 6.71155e-07 5.44042e-07 4.41004e-07 3.5748e-07 2.89776e-07 2.34894e-07 1.90407e-07 1.54345e-07 1.25113e-07 1.01417e-07 8.22094e-08 6.66394e-08 5.40183e-08 4.37876e-08 3.54945e-08 2.8772e-08 2.33228e-08 1.89056e-08 1.5325e-08 1.24225e-08 1.00698e-08 8.16262e-09 6.61667e-09 5.36351e-09 4.3477e-09 3.52427e-09 2.85679e-09 2.31573e-09 1.87715e-09 1.52163e-09 1.23344e-09 9.99834e-10 8.10472e-10 6.56973e-10 5.32547e-10 4.31685e-10 3.49927e-10 2.83653e-10 2.29931e-10 1.86383e-10 1.51083e-10 1.22469e-10 9.92742e-11 8.04723e-11 6.52313e-11 5.28769e-11 4.28623e-11 3.47445e-11 2.81641e-11 2.283e-11 1.85061e-11 1.50012e-11 1.216e-11
0.0129646 0.00363683 0.00310493 0.00264405 0.00224638 0.00190449 0.00161153 0.00136123 0.00114793 0.0009666 0.000812779 0.000682551 0.000572498 0.000479648 0.000401433 0.00033564 0.000280369 0.000233995 0.00019513 0.000162593 0.000135381 0.000112645 9.36645e-05 7.78332e-05 6.46388e-05 5.36504e-05 4.45057e-05 3.69004e-05 3.05795e-05 2.53293e-05 2.09709e-05 1.73548e-05 1.43563e-05 1.1871e-05 9.81216e-06 8.10738e-06 6.69638e-06 5.52904e-06 4.56367e-06 3.76565e-06 3.10621e-06 2.56148e-06 2.11167e-06 1.74036e-06 1.43395e-06 1.18118e-06 9.72723e-07 8.00856e-07 6.59198e-07 5.42472e-07 4.46315e-07 3.67123e-07 3.01918e-07 2.48243e-07 2.0407e-07 1.67725e-07 1.37826e-07 1.13237e-07 9.30179e-08 7.63957e-08 6.27333e-08 5.15057e-08 4.22807e-08 3.47026e-08 2.84783e-08 2.33669e-08 1.91701e-08 1.57249e-08 1.2897e-08 1.05763e-08 8.67197e-09 7.10962e-09 5.82801e-09 4.77683e-09 3.91478e-09 3.20792e-09 2.62838e-09 2.1533e-09 1.76389e-09 1.44475e-09 1.18322e-09 9.68933e-10 7.93374e-10 6.49558e-10 5.3176e-10 4.35282e-10 3.56275e-10 2.91581e-10 2.38613e-10 1.9525e-10 1.59753e-10 1.30698e-10 1.06918e-10 8.7458e-11 7.15339e-11 5.85045e-11 4.78446e-11 3.91239e-11 3.19904e-11 2.61555e-11 2.13834e-11
0.0105092 0.00310493 0.00268807 0.00231963 0.00199587 0.00171279 0.00146635 0.00125265 0.00106796 0.000908831 0.000772109 0.00065493 0.000554728 0.000469222 0.000396394 0.000334475 0.000281915 0.000237367 0.000199662 0.000167791 0.000140884 0.000118194 9.908e-05 8.29951e-05 6.9472e-05 5.8113e-05 4.85799e-05 4.05855e-05 3.38868e-05 2.82777e-05 2.35843e-05 1.96597e-05 1.638e-05 1.36409e-05 1.13547e-05 9.44739e-06 7.85714e-06 6.53188e-06 5.428e-06 4.50895e-06 3.74412e-06 3.10791e-06 2.57892e-06 2.13925e-06 1.77396e-06 1.47059e-06 1.21872e-06 1.00969e-06 8.36278e-07 6.92453e-07 5.73208e-07 4.74373e-07 3.92479e-07 3.24642e-07 2.68465e-07 2.21957e-07 1.83464e-07 1.51612e-07 1.25263e-07 1.03471e-07 8.54523e-08 7.05572e-08 5.82469e-08 4.80752e-08 3.96722e-08 3.2732e-08 2.7001e-08 2.22695e-08 1.83639e-08 1.51408e-08 1.24813e-08 1.02872e-08 8.47754e-09 6.98513e-09 5.75456e-09 4.74008e-09 3.90388e-09 3.21473e-09 2.64686e-09 2.17901e-09 1.79361e-09 1.47618e-09 1.21477e-09 9.99526e-10 8.22317e-10 6.76443e-10 5.56379e-10 4.57571e-10 3.76267e-10 3.09374e-10 2.54345e-10 2.0908e-10 1.71853e-10 1.41239e-10 1.16066e-10 9.537e-11 7.83563e-11 6.43714e-11 5.28772e-11 4.34313e-11 3.56693e-11
0.00851883 0.00264405 0.00231963 0.00202686 0.00176473 0.0015316 0.00132545 0.00114405 0.000985132 0.000846446 0.000725832 0.000621259 0.000530845 0.000452871 0.000385781 0.000328177 0.000278815 0.00023659 0.000200532 0.000169787 0.00014361 0.000121352 0.000102451 8.64188e-05 7.28358e-05 6.13398e-05 5.16198e-05 4.34091e-05 3.64796e-05 3.06364e-05 2.5713e-05 2.1568e-05 1.80808e-05 1.5149e-05 1.26859e-05 1.06178e-05 8.88254e-06 7.42733e-06 6.20767e-06 5.186e-06 4.33062e-06 3.61484e-06 3.01616e-06 2.51565e-06 2.09741e-06 1.74807e-06 1.4564e-06 1.21298e-06 1.00991e-06 8.40559e-07 6.9939e-07 5.81751e-07 4.83756e-07 4.02151e-07 3.34218e-07 2.77684e-07 2.30651e-07 1.91534e-07 1.59011e-07 1.31977e-07 1.09513e-07 9.08508e-08 7.53515e-08 6.24822e-08 5.17995e-08 4.29339e-08 3.55781e-08 2.94765e-08 2.44164e-08 2.02209e-08 1.6743e-08 1.38607e-08 1.14725e-08 9.494e-09 7.85531e-09 6.49832e-09 5.37482e-09 4.44482e-09 3.67512e-09 3.03822e-09 2.51129e-09 2.07542e-09 1.71494e-09 1.41686e-09 1.17042e-09 9.66698e-10 7.98322e-10 6.59181e-10 5.44216e-10 4.4924e-10 3.7079e-10 3.05999e-10 2.52497e-10 2.08323e-10 1.71855e-10 1.41754e-10 1.16911e-10 9.64103e-11 7.94951e-11 6.55401e-11 5.40286e-11
0.00690541 0.00224638 0.00199587 0.00176473 0.00155372 0.00136276 0.00119122 0.0010381 0.000902155 0.000782036 0.000676346 0.000583698 0.000502756 0.000432252 0.000371009 0.000317944 0.000272068 0.000232491 0.000198415 0.000169127 0.000143997 0.000122468 0.000104051 8.83174e-05 7.48933e-05 6.34537e-05 5.37163e-05 4.54367e-05 3.84038e-05 3.24357e-05 2.73759e-05 2.30898e-05 1.94622e-05 1.63943e-05 1.38018e-05 1.16125e-05 9.76512e-06 8.20723e-06 6.89432e-06 5.78856e-06 4.8578e-06 4.07481e-06 3.41647e-06 2.86325e-06 2.3986e-06 2.00853e-06 1.68122e-06 1.4067e-06 1.17657e-06 9.83728e-07 8.22201e-07 6.8696e-07 5.73771e-07 4.79075e-07 3.9988e-07 3.33674e-07 2.78344e-07 2.32121e-07 1.93518e-07 1.61289e-07 1.34391e-07 1.11949e-07 9.32298e-08 7.76209e-08 6.46091e-08 5.37653e-08 4.47308e-08 3.72057e-08 3.09395e-08 2.57228e-08 2.1381e-08 1.77682e-08 1.47628e-08 1.22632e-08 1.01847e-08 8.45685e-09 7.02074e-09 5.8274e-09 4.83598e-09 4.01249e-09 3.32862e-09 2.76082e-09 2.28947e-09 1.89827e-09 1.57365e-09 1.30432e-09 1.08092e-09 8.95632e-10 7.4199e-10 6.1461e-10 5.0902e-10 4.21507e-10 3.48988e-10 2.88904e-10 2.3913e-10 1.97904e-10 1.63762e-10 1.35492e-10 1.12087e-10 9.27129e-11 7.66775e-11
0.00559757 0.00190449 0.00171279 0.0015316 0.00136276 0.00120721 0.00106523 0.000936654 0.000820995 0.000717554 0.000625506 0.000543958 0.000471999 0.000408724 0.000353262 0.00030479 0.000262537 0.000225794 0.000193914 0.00016631 0.000142453 0.000121871 0.000104144 8.88997e-05 7.58086e-05 6.45822e-05 5.4967e-05 4.67419e-05 3.97139e-05 3.37152e-05 2.86004e-05 2.42434e-05 2.05356e-05 1.73828e-05 1.47044e-05 1.24308e-05 1.05023e-05 8.86775e-06 7.48333e-06 6.31157e-06 5.32045e-06 4.48266e-06 3.77492e-06 3.17738e-06 2.67318e-06 2.24797e-06 1.88956e-06 1.58762e-06 1.33337e-06 1.11939e-06 9.39382e-07 7.88018e-07 6.60799e-07 5.53917e-07 4.6416e-07 3.88814e-07 3.25589e-07 2.72557e-07 2.28089e-07 1.90817e-07 1.59588e-07 1.33429e-07 1.11527e-07 9.31926e-08 7.78511e-08 6.50174e-08 5.4285e-08 4.53124e-08 3.78133e-08 3.15474e-08 2.63133e-08 2.19425e-08 1.82933e-08 1.52476e-08 1.27061e-08 1.05858e-08 8.8175e-09 7.343e-09 6.1138e-09 5.08932e-09 4.23565e-09 3.52449e-09 2.93216e-09 2.43891e-09 2.02826e-09 1.68644e-09 1.40197e-09 1.16528e-09 9.68379e-10 8.04611e-10 6.68426e-10 5.55198e-10 4.61075e-10 3.82847e-10 3.17841e-10 2.63831e-10 2.18966e-10 1.81702e-10 1.50758e-10 1.25065e-10 1.03735e-10
0.00453742 0.00161153 0.00146635 0.00132545 0.00119122 0.00106523 0.000948336 0.000840932 0.000743045 0.000654444 0.000574727 0.000503374 0.0004398 0.000383389 0.000333515 0.000289566 0.000250955 0.000217124 0.000187558 0.000161776 0.000139343 0.000119863 0.000102977 8.83653e-05 7.57417e-05 6.48523e-05 5.5472e-05 4.74026e-05 4.04695e-05 3.45199e-05 2.942e-05 2.50532e-05 2.1318e-05 1.81261e-05 1.5401e-05 1.30766e-05 1.10956e-05 9.4086e-06 7.97317e-06 6.75269e-06 5.71573e-06 4.83529e-06 4.08826e-06 3.45482e-06 2.91805e-06 2.46345e-06 2.07868e-06 1.7532e-06 1.47801e-06 1.24547e-06 1.04907e-06 8.83269e-07 7.43375e-07 6.2539e-07 5.2593e-07 4.42123e-07 3.71535e-07 3.12106e-07 2.62091e-07 2.20018e-07 1.84637e-07 1.54895e-07 1.29904e-07 1.08911e-07 9.12829e-08 7.64856e-08 6.40685e-08 5.3652e-08 4.49167e-08 3.75934e-08 3.14558e-08 2.63133e-08 2.2006e-08 1.83991e-08 1.53796e-08 1.28526e-08 1.07383e-08 8.96967e-09 7.49065e-09 6.25412e-09 5.22056e-09 4.35688e-09 3.63531e-09 3.03261e-09 2.52932e-09 2.10913e-09 1.7584e-09 1.46571e-09 1.22151e-09 1.0178e-09 8.47904e-10 7.06241e-10 5.88142e-10 4.89705e-10 4.07673e-10 3.39324e-10 2.82387e-10 2.34965e-10 1.95475e-10 1.62595e-10 1.35225e-10
0.00367806 0.00136123 0.00125265 0.00114405 0.0010381 0.000936654 0.000840932 0.000751671 0.000669241 0.000593738 0.000525061 0.000462968 0.000407123 0.000357131 0.000312563 0.000272979 0.000237939 0.000207017 0.000179803 0.000155915 0.000134996 0.000116716 0.000100775 8.69005e-05 7.48449e-05 6.43875e-05 5.53303e-05 4.74975e-05 4.07329e-05 3.48983e-05 2.98722e-05 2.55475e-05 2.18306e-05 1.86395e-05 1.59024e-05 1.35572e-05 1.15495e-05 9.83238e-06 8.36492e-06 7.11189e-06 6.04279e-06 5.1313e-06 4.35476e-06 3.69365e-06 3.13119e-06 2.65297e-06 2.24663e-06 1.90157e-06 1.60873e-06 1.36034e-06 1.14978e-06 9.71373e-07 8.20293e-07 6.92418e-07 5.84236e-07 4.92758e-07 4.1544e-07 3.5012e-07 2.9496e-07 2.484e-07 2.09115e-07 1.75982e-07 1.48049e-07 1.24507e-07 1.04676e-07 8.79746e-08 7.39153e-08 6.2084e-08 5.21309e-08 4.37606e-08 3.67239e-08 3.081e-08 2.58413e-08 2.16681e-08 1.81641e-08 1.52228e-08 1.27545e-08 1.06837e-08 8.94702e-09 7.49081e-09 6.27013e-09 5.24715e-09 4.39008e-09 3.67217e-09 3.07099e-09 2.56768e-09 2.1464e-09 1.79386e-09 1.49892e-09 1.25222e-09 1.04591e-09 8.73425e-10 7.29243e-10 6.08746e-10 5.08065e-10 4.23958e-10 3.5371e-10 2.95049e-10 2.46074e-10 2.05192e-10 1.71074e-10
0.00298146 0.00114793 0.00106796 0.000985132 0.000902155 0.000820995 0.000743045 0.000669241 0.000600168 0.00053614 0.000477266 0.000423505 0.000374707 0.000330646 0.000291047 0.000255606 0.000224004 0.000195922 0.000171043 0.000149065 0.000129699 0.000112676 9.77454e-05 8.46769e-05 7.32602e-05 6.33045e-05 5.46375e-05 4.71043e-05 4.05663e-05 3.49002e-05 2.99961e-05 2.5757e-05 2.20972e-05 1.89411e-05 1.62223e-05 1.38827e-05 1.18714e-05 1.01439e-05 8.66171e-06 7.39096e-06 6.30245e-06 5.37078e-06 4.574e-06 3.89307e-06 3.31157e-06 2.81534e-06 2.39214e-06 2.03148e-06 1.7243e-06 1.46283e-06 1.2404e-06 1.05129e-06 8.90603e-07 7.54133e-07 6.38294e-07 5.40017e-07 4.5668e-07 3.86046e-07 3.26207e-07 2.75537e-07 2.32649e-07 1.96363e-07 1.65677e-07 1.39737e-07 1.17817e-07 9.93025e-08 8.36695e-08 7.04747e-08 5.93419e-08 4.99521e-08 4.20353e-08 3.53626e-08 2.97405e-08 2.5005e-08 2.10176e-08 1.76612e-08 1.48367e-08 1.24606e-08 1.04624e-08 8.78231e-09 7.37017e-09 6.18357e-09 5.18675e-09 4.34958e-09 3.64668e-09 3.05667e-09 2.56153e-09 2.14612e-09 1.79769e-09 1.5055e-09 1.26053e-09 1.05521e-09 8.83143e-10 7.38987e-10 6.18239e-10 5.17119e-10 4.32454e-10 3.61583e-10 3.02269e-10 2.52638e-10 2.11118e-10
0.00241679 0.0009666 0.000908831 0.000846446 0.000782036 0.000717554 0.000654444 0.000593738 0.00053614 0.0004821 0.000431868 0.000385543 0.000343111 0.000304473 0.000269471 0.000237911 0.000209571 0.000184216 0.00016161 0.000141515 0.000123704 0.000107958 9.40703e-05 8.18497e-05 7.1118e-05 6.17123e-05 5.34837e-05 4.62971e-05 4.00307e-05 3.45749e-05 2.98317e-05 2.57137e-05 2.2143e-05 1.90507e-05 1.63759e-05 1.40647e-05 1.20699e-05 1.03499e-05 8.86825e-06 7.59318e-06 6.49685e-06 5.55503e-06 4.74659e-06 4.05322e-06 3.45899e-06 2.95011e-06 2.51463e-06 2.14222e-06 1.82396e-06 1.55215e-06 1.32016e-06 1.12228e-06 9.53592e-07 8.0987e-07 6.87489e-07 5.83337e-07 4.94743e-07 4.19424e-07 3.55421e-07 3.01061e-07 2.54912e-07 2.15753e-07 1.82539e-07 1.5438e-07 1.30517e-07 1.10303e-07 9.31875e-08 7.87003e-08 6.6443e-08 5.60763e-08 4.73117e-08 3.99043e-08 3.36463e-08 2.83611e-08 2.38989e-08 2.01329e-08 1.69555e-08 1.42755e-08 1.20158e-08 1.0111e-08 8.50595e-09 7.1538e-09 6.01504e-09 5.05627e-09 4.24927e-09 3.5702e-09 2.99893e-09 2.51847e-09 2.1145e-09 1.77492e-09 1.48954e-09 1.24976e-09 1.04836e-09 8.79224e-10 7.3722e-10 6.18023e-10 5.17992e-10 4.34064e-10 3.63662e-10 3.04619e-10 2.55113e-10
0.00195906 0.000812779 0.000772109 0.000725832 0.000676346 0.000625506 0.000574727 0.000525061 0.000477266 0.000431868 0.000389205 0.000349469 0.000312741 0.000279017 0.00024823 0.000220265 0.000194979 0.000172209 0.00015178 0.000133511 0.000117226 0.000102748 8.99119e-05 7.85574e-05 6.85364e-05 5.97106e-05 5.19527e-05 4.5146e-05 3.9184e-05 3.39704e-05 2.94182e-05 2.54494e-05 2.19938e-05 1.89892e-05 1.63798e-05 1.41164e-05 1.21553e-05 1.0458e-05 8.99048e-06 7.72296e-06 6.62922e-06 5.68627e-06 4.87406e-06 4.17505e-06 3.57395e-06 3.05746e-06 2.614e-06 2.23354e-06 1.90734e-06 1.62787e-06 1.38858e-06 1.18384e-06 1.00877e-06 8.59151e-07 7.31366e-07 6.22288e-07 5.29232e-07 4.49886e-07 3.82266e-07 3.24669e-07 2.75634e-07 2.33908e-07 1.98418e-07 1.68246e-07 1.42607e-07 1.2083e-07 1.0234e-07 8.66484e-08 7.33366e-08 6.20484e-08 5.24799e-08 4.43721e-08 3.75046e-08 3.16899e-08 2.67683e-08 2.26041e-08 1.90819e-08 1.61037e-08 1.35864e-08 1.14594e-08 9.66259e-09 8.14529e-09 6.86439e-09 5.78338e-09 4.87133e-09 4.10206e-09 3.45339e-09 2.90658e-09 2.44575e-09 2.05749e-09 1.73045e-09 1.45506e-09 1.22321e-09 1.02808e-09 8.63878e-10 7.25745e-10 6.09567e-10 5.11879e-10 4.29756e-10 3.60734e-10 3.02736e-10
0.00158803 0.000682551 0.00065493 0.000621259 0.000583698 0.000543958 0.000503374 0.000462968 0.000423505 0.000385543 0.000349469 0.000315534 0.000283883 0.000254578 0.000227618 0.000202953 0.0001805 0.00016015 0.000141781 0.000125259 0.000110447 9.72093e-05 8.54108e-05 7.49222e-05 6.56204e-05 5.73894e-05 5.01212e-05 4.37157e-05 3.80807e-05 3.31321e-05 2.87935e-05 2.49954e-05 2.16754e-05 1.87773e-05 1.62509e-05 1.40513e-05 1.21384e-05 1.04768e-05 9.03514e-06 7.78554e-06 6.70352e-06 5.76753e-06 4.9586e-06 4.26012e-06 3.65752e-06 3.13807e-06 2.69067e-06 2.30561e-06 1.97445e-06 1.68986e-06 1.44547e-06 1.23572e-06 1.05584e-06 9.0167e-07 7.69613e-07 6.56567e-07 5.59852e-07 4.77155e-07 4.06485e-07 3.46124e-07 2.94595e-07 2.50629e-07 2.13134e-07 1.81173e-07 1.53943e-07 1.30754e-07 1.11014e-07 9.42192e-08 7.99353e-08 6.77921e-08 5.74732e-08 4.87079e-08 4.12653e-08 3.49482e-08 2.95884e-08 2.50425e-08 2.11883e-08 1.79217e-08 1.51541e-08 1.281e-08 1.08254e-08 9.14555e-09 7.7242e-09 6.52193e-09 5.50527e-09 4.64585e-09 3.91955e-09 3.30593e-09 2.78766e-09 2.35004e-09 1.98063e-09 1.66889e-09 1.40587e-09 1.18402e-09 9.9695e-10 8.39242e-10 7.06323e-10 5.94323e-10 4.99973e-10 4.2051e-10 3.53601e-10
0.00128727 0.000572498 0.000554728 0.000530845 0.000502756 0.000471999 0.0004398 0.000407123 0.000374707 0.000343111 0.000312741 0.000283883 0.000256721 0.000231364 0.000207855 0.000186195 0.000166344 0.000148239 0.000131798 0.000116926 0.000103521 9.14766e-05 8.06879e-05 7.10502e-05 6.24626e-05 5.48289e-05 4.80582e-05 4.20652e-05 3.6771e-05 3.21026e-05 2.79931e-05 2.43816e-05 2.12125e-05 1.84358e-05 1.60063e-05 1.38833e-05 1.20305e-05 1.04156e-05 9.00952e-06 7.78668e-06 6.72433e-06 5.80233e-06 5.00294e-06 4.31049e-06 3.71122e-06 3.19305e-06 2.74538e-06 2.35893e-06 2.0256e-06 1.73829e-06 1.49084e-06 1.27787e-06 1.09471e-06 9.37278e-07 8.02056e-07 6.85983e-07 5.86408e-07 5.01038e-07 4.27887e-07 3.65243e-07 3.11626e-07 2.65759e-07 2.26543e-07 1.9303e-07 1.64405e-07 1.39967e-07 1.19114e-07 1.01327e-07 8.61625e-08 7.32399e-08 6.22322e-08 5.28596e-08 4.48826e-08 3.8096e-08 3.23244e-08 2.7418e-08 2.32487e-08 1.97069e-08 1.66994e-08 1.41464e-08 1.19801e-08 1.01424e-08 8.58407e-09 7.26305e-09 6.14357e-09 5.19517e-09 4.39196e-09 3.71193e-09 3.13634e-09 2.64931e-09 2.23733e-09 1.88893e-09 1.59439e-09 1.34544e-09 1.13508e-09 9.57386e-10 8.07317e-10 6.80613e-10 5.73663e-10 4.8341e-10 4.07266e-10
0.00104347 0.000479648 0.000469222 0.000452871 0.000432252 0.000408724 0.000383389 0.000357131 0.000330646 0.000304473 0.000279017 0.000254578 0.000231364 0.000209509 0.000189093 0.000170148 0.000152671 0.000136631 0.000121979 0.00010865 9.6572e-05 8.56645e-05 7.58456e-05 6.70325e-05 5.91435e-05 5.20996e-05 4.58249e-05 4.02477e-05 3.53005e-05 3.09208e-05 2.70504e-05 2.36361e-05 2.06289e-05 1.79844e-05 1.56623e-05 1.36261e-05 1.1843e-05 1.02835e-05 8.92117e-06 7.73252e-06 6.69655e-06 5.79461e-06 5.01016e-06 4.32858e-06 3.73693e-06 3.22382e-06 2.77921e-06 2.39429e-06 2.06132e-06 1.77352e-06 1.52495e-06 1.31042e-06 1.12541e-06 9.6596e-07 8.28639e-07 7.10451e-07 6.08796e-07 5.21416e-07 4.46351e-07 3.81905e-07 3.26605e-07 2.79181e-07 2.38534e-07 2.03712e-07 1.73898e-07 1.48383e-07 1.26558e-07 1.07899e-07 9.19535e-08 7.83336e-08 6.67052e-08 5.67814e-08 4.8316e-08 4.10977e-08 3.49452e-08 2.97034e-08 2.52392e-08 2.14386e-08 1.82043e-08 1.54529e-08 1.31132e-08 1.11242e-08 9.43401e-09 7.99818e-09 6.77886e-09 5.74374e-09 4.86528e-09 4.12e-09 3.48791e-09 2.95199e-09 2.49774e-09 2.11283e-09 1.78677e-09 1.51064e-09 1.27685e-09 1.07898e-09 9.11551e-10 7.69914e-10 6.50129e-10 5.48852e-10 4.63245e-10
0.00084584 0.000401433 0.000396394 0.000385781 0.000371009 0.000353262 0.000333515 0.000312563 0.000291047 0.000269471 0.00024823 0.000227618 0.000207855 0.000189093 0.000171431 0.000154924 0.000139596 0.000125442 0.000112436 0.00010054 8.9703e-05 7.98669e-05 7.09696e-05 6.29464e-05 5.57322e-05 4.92626e-05 4.34753e-05 3.83102e-05 3.37103e-05 2.96222e-05 2.59959e-05 2.2785e-05 1.99467e-05 1.7442e-05 1.52349e-05 1.32931e-05 1.15869e-05 1.00897e-05 8.7777e-06 7.6293e-06 6.6253e-06 5.74851e-06 4.98363e-06 4.31708e-06 3.73678e-06 3.23205e-06 2.79347e-06 2.41269e-06 2.08239e-06 1.79611e-06 1.54819e-06 1.33364e-06 1.14812e-06 9.87824e-07 8.4941e-07 7.29977e-07 6.2699e-07 5.38243e-07 4.61815e-07 3.96036e-07 3.39457e-07 2.90818e-07 2.49029e-07 2.13145e-07 1.82349e-07 1.55932e-07 1.33284e-07 1.13877e-07 9.72549e-08 8.30249e-08 7.08484e-08 6.0434e-08 5.15305e-08 4.39221e-08 3.74231e-08 3.18742e-08 2.71383e-08 2.3098e-08 1.96524e-08 1.67152e-08 1.42122e-08 1.20801e-08 1.02646e-08 8.71913e-09 7.40409e-09 6.28548e-09 5.33427e-09 4.52568e-09 3.83855e-09 3.25482e-09 2.75908e-09 2.33821e-09 1.98099e-09 1.67791e-09 1.42082e-09 1.20281e-09 1.01799e-09 8.61351e-10 7.28636e-10 6.16218e-10 5.2102e-10
0.000685643 0.00033564 0.000334475 0.000328177 0.000317944 0.00030479 0.000289566 0.000272979 0.000255606 0.000237911 0.000220265 0.000202953 0.000186195 0.000170148 0.000154924 0.000140596 0.000127202 0.000114758 0.000103257 9.26803e-05 8.29946e-05 7.41598e-05 6.61301e-05 5.88562e-05 5.22868e-05 4.63705e-05 4.10561e-05 3.6294e-05 3.20366e-05 2.82385e-05 2.4857e-05 2.1852e-05 1.91865e-05 1.6826e-05 1.4739e-05 1.28967e-05 1.12728e-05 9.84328e-06 8.58661e-06 7.48327e-06 6.51574e-06 5.66828e-06 4.92683e-06 4.27882e-06 3.71306e-06 3.2196e-06 2.78962e-06 2.4153e-06 2.08971e-06 1.80677e-06 1.56109e-06 1.34794e-06 1.16315e-06 1.00307e-06 8.64508e-07 7.44646e-07 6.41036e-07 5.51534e-07 4.74271e-07 4.07614e-07 3.50144e-07 3.00625e-07 2.57981e-07 2.21279e-07 1.89709e-07 1.62567e-07 1.39246e-07 1.19217e-07 1.02025e-07 8.7275e-08 7.46263e-08 6.37848e-08 5.44966e-08 4.65426e-08 3.97342e-08 3.3909e-08 2.89271e-08 2.46682e-08 2.10288e-08 1.792e-08 1.52656e-08 1.3e-08 1.1067e-08 9.4183e-09 8.01267e-09 6.81467e-09 5.79399e-09 4.92469e-09 4.18456e-09 3.55461e-09 3.01862e-09 2.56272e-09 2.17507e-09 1.84554e-09 1.56551e-09 1.32762e-09 1.12557e-09 9.54031e-10 8.08426e-10 6.84869e-10 5.80053e-10
0.000555786 0.000280369 0.000281915 0.000278815 0.000272068 0.000262537 0.000250955 0.000237939 0.000224004 0.000209571 0.000194979 0.0001805 0.000166344 0.000152671 0.000139596 0.000127202 0.00011554 0.000104638 9.45046e-05 8.51342e-05 7.65092e-05 6.86033e-05 6.13841e-05 5.48149e-05 4.88562e-05 4.34673e-05 3.86071e-05 3.4235e-05 3.03112e-05 2.67978e-05 2.36584e-05 2.08587e-05 1.83667e-05 1.61525e-05 1.41885e-05 1.2449e-05 1.09109e-05 9.55274e-06 8.35514e-06 7.30052e-06 6.37298e-06 5.55819e-06 4.84329e-06 4.21673e-06 3.66818e-06 3.18843e-06 2.76926e-06 2.40338e-06 2.08431e-06 1.80631e-06 1.5643e-06 1.35381e-06 1.17087e-06 1.012e-06 8.74145e-07 7.54611e-07 6.51038e-07 5.61357e-07 4.83757e-07 4.16655e-07 3.58669e-07 3.08591e-07 2.6537e-07 2.28088e-07 1.95948e-07 1.68256e-07 1.4441e-07 1.23887e-07 1.06233e-07 9.10545e-08 7.80112e-08 6.68082e-08 5.71904e-08 4.89373e-08 4.18586e-08 3.57899e-08 3.05894e-08 2.61347e-08 2.23205e-08 1.90561e-08 1.62633e-08 1.3875e-08 1.18333e-08 1.00887e-08 8.59848e-09 7.32597e-09 6.23979e-09 5.31298e-09 4.52244e-09 3.84835e-09 3.27375e-09 2.78413e-09 2.36705e-09 2.01187e-09 1.70951e-09 1.45219e-09 1.23326e-09 1.04706e-09 8.88737e-10 7.54156e-10 6.3979e-10
0.000450524 0.000233995 0.000237367 0.00023659 0.000232491 0.000225794 0.000217124 0.000207017 0.000195922 0.000184216 0.000172209 0.00016015 0.000148239 0.000136631 0.000125442 0.000114758 0.000104638 9.5119e-05 8.62207e-05 7.79477e-05 7.02938e-05 6.32439e-05 5.67764e-05 5.0865e-05 4.54801e-05 4.059e-05 3.61621e-05 3.21634e-05 2.85614e-05 2.53244e-05 2.24217e-05 1.98241e-05 1.75043e-05 1.54362e-05 1.35959e-05 1.19609e-05 1.05106e-05 9.22617e-06 8.09018e-06 7.08689e-06 6.20196e-06 5.4224e-06 4.73651e-06 4.13372e-06 3.60456e-06 3.14053e-06 2.73404e-06 2.3783e-06 2.06729e-06 1.79562e-06 1.55854e-06 1.35182e-06 1.17173e-06 1.01496e-06 8.78597e-07 7.60082e-07 6.57152e-07 5.67824e-07 4.90354e-07 4.23213e-07 3.65064e-07 3.14735e-07 2.71201e-07 2.33568e-07 2.01056e-07 1.72984e-07 1.48759e-07 1.27867e-07 1.09858e-07 9.43429e-08 8.0983e-08 6.94847e-08 5.95936e-08 5.10891e-08 4.37804e-08 3.75022e-08 3.21116e-08 2.74852e-08 2.35165e-08 2.01133e-08 1.71963e-08 1.4697e-08 1.25566e-08 1.07242e-08 9.15601e-09 7.81455e-09 6.66742e-09 5.68684e-09 4.84893e-09 4.13318e-09 3.522e-09 3.00028e-09 2.55508e-09 2.1753e-09 1.85143e-09 1.57533e-09 1.34003e-09 1.13956e-09 9.68817e-10 8.23434e-10 6.99682e-10
0.000365197 0.00019513 0.000199662 0.000200532 0.000198415 0.000193914 0.000187558 0.000179803 0.000171043 0.00016161 0.00015178 0.000141781 0.000131798 0.000121979 0.000112436 0.000103257 9.45046e-05 8.62207e-05 7.84321e-05 7.11518e-05 6.43819e-05 5.81161e-05 5.23415e-05 4.70401e-05 4.21905e-05 3.77686e-05 3.37489e-05 3.01051e-05 2.68106e-05 2.38394e-05 2.11658e-05 1.87651e-05 1.6614e-05 1.46902e-05 1.29728e-05 1.14423e-05 1.00807e-05 8.87107e-06 7.7982e-06 6.84793e-06 6.00741e-06 5.26494e-06 4.60989e-06 4.03266e-06 3.52461e-06 3.07793e-06 2.68564e-06 2.34146e-06 2.0398e-06 1.77565e-06 1.54458e-06 1.34261e-06 1.16624e-06 1.01235e-06 8.78184e-07 7.6131e-07 6.59577e-07 5.71088e-07 4.94175e-07 4.27372e-07 3.69389e-07 3.19096e-07 2.755e-07 2.37734e-07 2.05039e-07 1.76751e-07 1.52289e-07 1.3115e-07 1.12891e-07 9.71283e-08 8.35287e-08 7.18011e-08 6.16931e-08 5.29852e-08 4.54873e-08 3.90343e-08 3.34831e-08 2.87099e-08 2.46076e-08 2.10833e-08 1.8057e-08 1.54594e-08 1.32306e-08 1.13191e-08 9.68039e-09 8.27605e-09 7.07304e-09 6.04288e-09 5.16107e-09 4.40651e-09 3.76107e-09 3.20917e-09 2.73741e-09 2.3343e-09 1.98995e-09 1.69591e-09 1.44489e-09 1.23068e-09 1.04793e-09 8.92069e-10 7.59185e-10
0.000296031 0.000162593 0.000167791 0.000169787 0.000169127 0.00016631 0.000161776 0.000155915 0.000149065 0.000141515 0.000133511 0.000125259 0.000116926 0.00010865 0.00010054 9.26803e-05 8.51342e-05 7.79477e-05 7.11518e-05 6.47649e-05 5.87957e-05 5.32443e-05 4.81047e-05 4.33657e-05 3.90124e-05 3.50271e-05 3.13902e-05 2.80811e-05 2.50784e-05 2.23607e-05 1.99069e-05 1.76963e-05 1.5709e-05 1.3926e-05 1.23295e-05 1.09024e-05 9.62887e-06 8.49434e-06 7.48516e-06 6.58881e-06 5.79379e-06 5.0896e-06 4.46668e-06 3.91634e-06 3.43069e-06 3.00262e-06 2.62573e-06 2.29425e-06 2.00301e-06 1.74738e-06 1.52322e-06 1.32683e-06 1.15494e-06 1.00462e-06 8.73265e-07 7.58585e-07 6.5854e-07 5.7133e-07 4.95364e-07 4.29242e-07 3.71729e-07 3.21738e-07 2.78314e-07 2.4062e-07 2.0792e-07 1.7957e-07 1.55006e-07 1.33736e-07 1.15328e-07 9.94062e-08 8.56423e-08 7.37502e-08 6.34808e-08 5.46172e-08 4.69709e-08 4.03779e-08 3.46958e-08 2.98011e-08 2.55867e-08 2.19596e-08 1.88394e-08 1.61563e-08 1.38502e-08 1.18689e-08 1.01674e-08 8.70672e-09 7.45328e-09 6.37809e-09 5.45617e-09 4.66596e-09 3.98889e-09 3.40897e-09 2.91245e-09 2.48746e-09 2.12384e-09 1.81283e-09 1.5469e-09 1.3196e-09 1.12537e-09 9.59453e-10 8.17771e-10
0.000239965 0.000135381 0.000140884 0.00014361 0.000143997 0.000142453 0.000139343 0.000134996 0.000129699 0.000123704 0.000117226 0.000110447 0.000103521 9.6572e-05 8.9703e-05 8.29946e-05 7.65092e-05 7.02938e-05 6.43819e-05 5.87957e-05 5.35481e-05 4.86445e-05 4.4084e-05 3.98607e-05 3.5965e-05 3.23843e-05 2.91043e-05 2.61087e-05 2.33808e-05 2.09033e-05 1.86587e-05 1.663e-05 1.48004e-05 1.31539e-05 1.16749e-05 1.0349e-05 9.16239e-06 8.10222e-06 7.15654e-06 6.31428e-06 5.56522e-06 4.89998e-06 4.30998e-06 3.78738e-06 3.32504e-06 2.91652e-06 2.55595e-06 2.23805e-06 1.95808e-06 1.71177e-06 1.49527e-06 1.30517e-06 1.1384e-06 9.92229e-07 8.64222e-07 7.52218e-07 6.54297e-07 5.68754e-07 4.94085e-07 4.28954e-07 3.72185e-07 3.2274e-07 2.79704e-07 2.4227e-07 2.09732e-07 1.81466e-07 1.56927e-07 1.35637e-07 1.17177e-07 1.01179e-07 8.73236e-08 7.53298e-08 6.49533e-08 5.59807e-08 4.82261e-08 4.15276e-08 3.57442e-08 3.07534e-08 2.64484e-08 2.27369e-08 1.95385e-08 1.67834e-08 1.44113e-08 1.23698e-08 1.06135e-08 9.10334e-09 7.80523e-09 6.68987e-09 5.73191e-09 4.90945e-09 4.2036e-09 3.59804e-09 3.07872e-09 2.63351e-09 2.25197e-09 1.92512e-09 1.6452e-09 1.40556e-09 1.20047e-09 1.02501e-09 8.74938e-10
0.000194517 0.000112645 0.000118194 0.000121352 0.000122468 0.000121871 0.000119863 0.000116716 0.000112676 0.000107958 0.000102748 9.72093e-05 9.14766e-05 8.56645e-05 7.98669e-05 7.41598e-05 6.86033e-05 6.32439e-05 5.81161e-05 5.32443e-05 4.86445e-05 4.43256e-05 4.02906e-05 3.65378e-05 3.30618e-05 2.98543e-05 2.69049e-05 2.42015e-05 2.17309e-05 1.94793e-05 1.74327e-05 1.5577e-05 1.38981e-05 1.23825e-05 1.10171e-05 9.78938e-06 8.68751e-06 7.70029e-06 6.81726e-06 6.02867e-06 5.32549e-06 4.69938e-06 4.14265e-06 3.64827e-06 3.20983e-06 2.82146e-06 2.47786e-06 2.17422e-06 1.90617e-06 1.66979e-06 1.46156e-06 1.27831e-06 1.11719e-06 9.75662e-07 8.51453e-07 7.42539e-07 6.47117e-07 5.63584e-07 4.90517e-07 4.26654e-07 3.70877e-07 3.22198e-07 2.79744e-07 2.42744e-07 2.1052e-07 1.82473e-07 1.58078e-07 1.36873e-07 1.18451e-07 1.02457e-07 8.85783e-08 7.65428e-08 6.61113e-08 5.7075e-08 4.92512e-08 4.2481e-08 3.66253e-08 3.15632e-08 2.71893e-08 2.34117e-08 2.01508e-08 1.73372e-08 1.49105e-08 1.28186e-08 1.1016e-08 9.4633e-09 8.12649e-09 6.97601e-09 5.98628e-09 5.13518e-09 4.40357e-09 3.77491e-09 3.23493e-09 2.77128e-09 2.37331e-09 2.03186e-09 1.73898e-09 1.48786e-09 1.27262e-09 1.08819e-09 9.30213e-10
0.000157676 9.36645e-05 9.908e-05 0.000102451 0.000104051 0.000104144 0.000102977 0.000100775 9.77454e-05 9.40703e-05 8.99119e-05 8.54108e-05 8.06879e-05 7.58456e-05 7.09696e-05 6.61301e-05 6.13841e-05 5.67764e-05 5.23415e-05 4.81047e-05 4.4084e-05 4.02906e-05 3.67304e-05 3.3405e-05 3.03122e-05 2.74472e-05 2.48027e-05 2.23699e-05 2.01389e-05 1.80988e-05 1.62383e-05 1.45458e-05 1.301e-05 1.16193e-05 1.03627e-05 9.22961e-06 8.20976e-06 7.29351e-06 6.47174e-06 5.73591e-06 5.07806e-06 4.49081e-06 3.96732e-06 3.50132e-06 3.08703e-06 2.71919e-06 2.39297e-06 2.10402e-06 1.84835e-06 1.62239e-06 1.42289e-06 1.24693e-06 1.09188e-06 9.55397e-07 8.35361e-07 7.29884e-07 6.37283e-07 5.56052e-07 4.84854e-07 4.225e-07 3.67933e-07 3.20216e-07 2.78519e-07 2.4211e-07 2.1034e-07 1.82635e-07 1.58493e-07 1.37467e-07 1.19169e-07 1.03252e-07 8.94165e-08 7.73964e-08 6.69596e-08 5.79026e-08 5.00473e-08 4.32379e-08 3.73382e-08 3.22293e-08 2.78074e-08 2.3982e-08 2.06742e-08 1.78154e-08 1.53457e-08 1.32131e-08 1.13725e-08 9.78454e-09 8.41515e-09 7.23474e-09 6.21764e-09 5.34163e-09 4.58742e-09 3.93835e-09 3.37995e-09 2.89976e-09 2.48697e-09 2.13224e-09 1.82753e-09 1.56587e-09 1.34125e-09 1.14851e-09 9.83161e-10
0.000127813 7.78332e-05 8.29951e-05 8.64188e-05 8.83174e-05 8.88997e-05 8.83653e-05 8.69005e-05 8.46769e-05 8.18497e-05 7.85574e-05 7.49222e-05 7.10502e-05 6.70325e-05 6.29464e-05 5.88562e-05 5.48149e-05 5.0865e-05 4.70401e-05 4.33657e-05 3.98607e-05 3.65378e-05 3.3405e-05 3.04662e-05 2.77218e-05 2.51695e-05 2.28048e-05 2.06217e-05 1.86126e-05 1.67693e-05 1.50827e-05 1.35437e-05 1.21428e-05 1.08705e-05 9.71758e-06 8.67496e-06 7.73394e-06 6.8862e-06 6.12386e-06 5.43945e-06 4.82601e-06 4.27702e-06 3.78643e-06 3.34865e-06 2.95852e-06 2.61131e-06 2.30267e-06 2.02867e-06 1.78569e-06 1.57046e-06 1.38001e-06 1.21168e-06 1.06304e-06 9.31912e-07 8.16349e-07 7.14595e-07 6.25079e-07 5.46397e-07 4.77296e-07 4.16658e-07 3.6349e-07 3.16906e-07 2.76123e-07 2.40443e-07 2.09251e-07 1.82e-07 1.58209e-07 1.37453e-07 1.19355e-07 1.03585e-07 8.98528e-08 7.79013e-08 6.75059e-08 5.84693e-08 5.06182e-08 4.38008e-08 3.78841e-08 3.27519e-08 2.83025e-08 2.44469e-08 2.11075e-08 1.82167e-08 1.57153e-08 1.35519e-08 1.16816e-08 1.00656e-08 8.66974e-09 7.46466e-09 6.42469e-09 5.52759e-09 4.75405e-09 4.08731e-09 3.51285e-09 3.0181e-09 2.59215e-09 2.22557e-09 1.91021e-09 1.63901e-09 1.40587e-09 1.20551e-09 1.03338e-09
0.000103606 6.46388e-05 6.9472e-05 7.28358e-05 7.48933e-05 7.58086e-05 7.57417e-05 7.48449e-05 7.32602e-05 7.1118e-05 6.85364e-05 6.56204e-05 6.24626e-05 5.91435e-05 5.57322e-05 5.22868e-05 4.88562e-05 4.54801e-05 4.21905e-05 3.90124e-05 3.5965e-05 3.30618e-05 3.03122e-05 2.77218e-05 2.52928e-05 2.3025e-05 2.09161e-05 1.89621e-05 1.71577e-05 1.54966e-05 1.3972e-05 1.25763e-05 1.1302e-05 1.01413e-05 9.08648e-06 8.12988e-06 7.26413e-06 6.4821e-06 5.777e-06 5.14236e-06 4.57208e-06 4.06045e-06 3.60213e-06 3.19217e-06 2.82597e-06 2.4993e-06 2.20827e-06 1.94931e-06 1.71916e-06 1.51485e-06 1.33368e-06 1.1732e-06 1.0312e-06 9.05671e-07 7.94815e-07 6.97007e-07 6.10791e-07 5.3486e-07 4.68044e-07 4.09299e-07 3.57691e-07 3.12388e-07 2.72652e-07 2.37824e-07 2.07321e-07 1.80623e-07 1.57273e-07 1.36865e-07 1.19039e-07 1.03479e-07 8.99053e-08 7.80717e-08 6.77613e-08 5.87833e-08 5.09699e-08 4.41739e-08 3.82661e-08 3.31331e-08 2.86757e-08 2.4807e-08 2.14508e-08 1.85407e-08 1.60187e-08 1.38341e-08 1.19425e-08 1.03054e-08 8.8893e-09 7.6648e-09 6.60647e-09 5.69214e-09 4.90255e-09 4.22097e-09 3.63284e-09 3.12557e-09 2.68821e-09 2.31125e-09 1.9865e-09 1.70681e-09 1.46602e-09 1.2588e-09 1.08053e-09
8.3984e-05 5.36504e-05 5.8113e-05 6.13398e-05 6.34537e-05 6.45822e-05 6.48523e-05 6.43875e-05 6.33045e-05 6.17123e-05 5.97106e-05 5.73894e-05 5.48289e-05 5.20996e-05 4.92626e-05 4.63705e-05 4.34673e-05 4.059e-05 3.77686e-05 3.50271e-05 3.23843e-05 2.98543e-05 2.74472e-05 2.51695e-05 2.3025e-05 2.10151e-05 1.9139e-05 1.73945e-05 1.5778e-05 1.4285e-05 1.29103e-05 1.1648e-05 1.04919e-05 9.43584e-06 8.47334e-06 7.59807e-06 6.80377e-06 6.08439e-06 5.43408e-06 4.84727e-06 4.31866e-06 3.84326e-06 3.41637e-06 3.03362e-06 2.69093e-06 2.38454e-06 2.11096e-06 1.86698e-06 1.64968e-06 1.45636e-06 1.28458e-06 1.13209e-06 9.96885e-07 8.7712e-07 7.71141e-07 6.77449e-07 5.94699e-07 5.21679e-07 4.57301e-07 4.00592e-07 3.50679e-07 3.06783e-07 2.68209e-07 2.34338e-07 2.04619e-07 1.78562e-07 1.55732e-07 1.35742e-07 1.18252e-07 1.02959e-07 8.95948e-08 7.79243e-08 6.77389e-08 5.88549e-08 5.11106e-08 4.43636e-08 3.84888e-08 3.33763e-08 2.89295e-08 2.50638e-08 2.1705e-08 1.87881e-08 1.62562e-08 1.40596e-08 1.21547e-08 1.05037e-08 9.07326e-09 7.83455e-09 6.76233e-09 5.83463e-09 5.0323e-09 4.3387e-09 3.73934e-09 3.22163e-09 2.77461e-09 2.3888e-09 2.05592e-09 1.76884e-09 1.52134e-09 1.30805e-09 1.12429e-09
6.80779e-05 4.45057e-05 4.85799e-05 5.16198e-05 5.37163e-05 5.4967e-05 5.5472e-05 5.53303e-05 5.46375e-05 5.34837e-05 5.19527e-05 5.01212e-05 4.80582e-05 4.58249e-05 4.34753e-05 4.10561e-05 3.86071e-05 3.61621e-05 3.37489e-05 3.13902e-05 2.91043e-05 2.69049e-05 2.48027e-05 2.28048e-05 2.09161e-05 1.9139e-05 1.7474e-05 1.59204e-05 1.44758e-05 1.31372e-05 1.19007e-05 1.07618e-05 9.71566e-06 8.75724e-06 7.88128e-06 7.08251e-06 6.3557e-06 5.69571e-06 5.09757e-06 4.55647e-06 4.06784e-06 3.62733e-06 3.23084e-06 2.87451e-06 2.55476e-06 2.26822e-06 2.01181e-06 1.78265e-06 1.5781e-06 1.39574e-06 1.23336e-06 1.08892e-06 9.60588e-07 8.46686e-07 7.45694e-07 6.56238e-07 5.77076e-07 5.07088e-07 4.45267e-07 3.90708e-07 3.42598e-07 3.00211e-07 2.62896e-07 2.30072e-07 2.0122e-07 1.75878e-07 1.53636e-07 1.34127e-07 1.17029e-07 1.02053e-07 8.89447e-08 7.74782e-08 6.74542e-08 5.86966e-08 5.10501e-08 4.43776e-08 3.85584e-08 3.34861e-08 2.90674e-08 2.52201e-08 2.18721e-08 1.89601e-08 1.64286e-08 1.4229e-08 1.23186e-08 1.06603e-08 9.22151e-09 7.97367e-09 6.89196e-09 5.95467e-09 5.14289e-09 4.4401e-09 3.83193e-09 3.30585e-09 2.85097e-09 2.45782e-09 2.11814e-09 1.82478e-09 1.57152e-09 1.35295e-09 1.16441e-09
5.51844e-05 3.69004e-05 4.05855e-05 4.34091e-05 4.54367e-05 4.67419e-05 4.74026e-05 4.74975e-05 4.71043e-05 4.62971e-05 4.5146e-05 4.37157e-05 4.20652e-05 4.02477e-05 3.83102e-05 3.6294e-05 3.4235e-05 3.21634e-05 3.01051e-05 2.80811e-05 2.61087e-05 2.42015e-05 2.23699e-05 2.06217e-05 1.89621e-05 1.73945e-05 1.59204e-05 1.45399e-05 1.3252e-05 1.20546e-05 1.09451e-05 9.91998e-06 8.97564e-06 8.10797e-06 7.31273e-06 6.5856e-06 5.92221e-06 5.31825e-06 4.7695e-06 4.27186e-06 3.82137e-06 3.41429e-06 3.04702e-06 2.7162e-06 2.41867e-06 2.15145e-06 1.91181e-06 1.69717e-06 1.50518e-06 1.33366e-06 1.18061e-06 1.04421e-06 9.22766e-07 8.14768e-07 7.18824e-07 6.33676e-07 5.58182e-07 4.91311e-07 4.32134e-07 3.79812e-07 3.33591e-07 2.92795e-07 2.56816e-07 2.25111e-07 1.97195e-07 1.72632e-07 1.51037e-07 1.32064e-07 1.15407e-07 1.00793e-07 8.798e-08 7.67538e-08 6.69239e-08 5.83221e-08 5.07996e-08 4.42249e-08 3.84819e-08 3.34683e-08 2.9094e-08 2.52794e-08 2.19548e-08 1.90588e-08 1.65374e-08 1.43433e-08 1.24349e-08 1.07759e-08 9.33428e-09 8.08223e-09 6.99531e-09 6.05215e-09 5.23412e-09 4.52492e-09 3.91033e-09 3.37796e-09 2.917e-09 2.51804e-09 2.17287e-09 1.87436e-09 1.6163e-09 1.3933e-09 1.20066e-09
4.47328e-05 3.05795e-05 3.38868e-05 3.64796e-05 3.84038e-05 3.97139e-05 4.04695e-05 4.07329e-05 4.05663e-05 4.00307e-05 3.9184e-05 3.80807e-05 3.6771e-05 3.53005e-05 3.37103e-05 3.20366e-05 3.03112e-05 2.85614e-05 2.68106e-05 2.50784e-05 2.33808e-05 2.17309e-05 2.01389e-05 1.86126e-05 1.71577e-05 1.5778e-05 1.44758e-05 1.3252e-05 1.21063e-05 1.10377e-05 1.00444e-05 9.12389e-06 8.27339e-06 7.48971e-06 6.76947e-06 6.10913e-06 5.50509e-06 4.95376e-06 4.45157e-06 3.99502e-06 3.58075e-06 3.20551e-06 2.86619e-06 2.55985e-06 2.28372e-06 2.03519e-06 1.81181e-06 1.61132e-06 1.43161e-06 1.27074e-06 1.12689e-06 9.98433e-07 8.83844e-07 7.81739e-07 6.90856e-07 6.10046e-07 5.38263e-07 4.74563e-07 4.18088e-07 3.68065e-07 3.23795e-07 2.84652e-07 2.5007e-07 2.19543e-07 1.92618e-07 1.68887e-07 1.47988e-07 1.29596e-07 1.13422e-07 9.92087e-08 8.67269e-08 7.5773e-08 6.61663e-08 5.77465e-08 5.03715e-08 4.39156e-08 3.82678e-08 3.33296e-08 2.90145e-08 2.52459e-08 2.19565e-08 1.90868e-08 1.65847e-08 1.44041e-08 1.25047e-08 1.08511e-08 9.41215e-09 8.16063e-09 7.07261e-09 6.12717e-09 5.30601e-09 4.5931e-09 3.97445e-09 3.43782e-09 2.97254e-09 2.56929e-09 2.21993e-09 1.9174e-09 1.65551e-09 1.4289e-09 1.23289e-09
3.62607e-05 2.53293e-05 2.82777e-05 3.06364e-05 3.24357e-05 3.37152e-05 3.45199e-05 3.48983e-05 3.49002e-05 3.45749e-05 3.39704e-05 3.31321e-05 3.21026e-05 3.09208e-05 2.96222e-05 2.82385e-05 2.67978e-05 2.53244e-05 2.38394e-05 2.23607e-05 2.09033e-05 1.94793e-05 1.80988e-05 1.67693e-05 1.54966e-05 1.4285e-05 1.31372e-05 1.20546e-05 1.10377e-05 1.00861e-05 9.19882e-06 8.37406e-06 7.60979e-06 6.90358e-06 6.25274e-06 5.65442e-06 5.1057e-06 4.60358e-06 4.14508e-06 3.72724e-06 3.34719e-06 3.00214e-06 2.68942e-06 2.40645e-06 2.15083e-06 1.92025e-06 1.71258e-06 1.52579e-06 1.35802e-06 1.20752e-06 1.07269e-06 9.52041e-07 8.44209e-07 7.47941e-07 6.62091e-07 5.85613e-07 5.17554e-07 4.57046e-07 4.03305e-07 3.55618e-07 3.13342e-07 2.75896e-07 2.42756e-07 2.13453e-07 1.87562e-07 1.64705e-07 1.44542e-07 1.26768e-07 1.11113e-07 9.7333e-08 8.52124e-08 7.45586e-08 6.52003e-08 5.69854e-08 4.97788e-08 4.34607e-08 3.79248e-08 3.30773e-08 2.88351e-08 2.51246e-08 2.18811e-08 1.90473e-08 1.65729e-08 1.44133e-08 1.25295e-08 1.08872e-08 9.45604e-09 8.20952e-09 7.12434e-09 6.18006e-09 5.35877e-09 4.64478e-09 4.02434e-09 3.48543e-09 3.01754e-09 2.61148e-09 2.25924e-09 1.95379e-09 1.68904e-09 1.45965e-09 1.26097e-09
2.93931e-05 2.09709e-05 2.35843e-05 2.5713e-05 2.73759e-05 2.86004e-05 2.942e-05 2.98722e-05 2.99961e-05 2.98317e-05 2.94182e-05 2.87935e-05 2.79931e-05 2.70504e-05 2.59959e-05 2.4857e-05 2.36584e-05 2.24217e-05 2.11658e-05 1.99069e-05 1.86587e-05 1.74327e-05 1.62383e-05 1.50827e-05 1.3972e-05 1.29103e-05 1.19007e-05 1.09451e-05 1.00444e-05 9.19882e-06 8.40786e-06 7.67047e-06 6.98517e-06 6.35013e-06 5.76329e-06 5.22237e-06 4.72501e-06 4.26873e-06 3.85107e-06 3.46953e-06 3.12168e-06 2.80513e-06 2.51759e-06 2.25684e-06 2.02076e-06 1.80737e-06 1.61476e-06 1.44117e-06 1.28494e-06 1.14451e-06 1.01844e-06 9.05423e-07 8.04215e-07 7.13688e-07 6.32808e-07 5.60623e-07 4.96268e-07 4.3895e-07 3.87951e-07 3.42618e-07 3.02358e-07 2.66637e-07 2.3497e-07 2.06921e-07 1.82097e-07 1.60146e-07 1.4075e-07 1.23626e-07 1.08517e-07 9.51979e-08 8.34638e-08 7.31336e-08 6.40454e-08 5.60554e-08 4.90354e-08 4.28715e-08 3.74627e-08 3.27194e-08 2.85622e-08 2.49208e-08 2.1733e-08 1.89439e-08 1.65049e-08 1.43733e-08 1.25113e-08 1.08857e-08 9.46709e-09 8.2298e-09 7.15118e-09 6.21133e-09 5.39277e-09 4.68019e-09 4.06015e-09 3.52087e-09 3.05204e-09 2.64464e-09 2.29075e-09 1.98349e-09 1.71682e-09 1.48547e-09 1.28484e-09
2.38262e-05 1.73548e-05 1.96597e-05 2.1568e-05 2.30898e-05 2.42434e-05 2.50532e-05 2.55475e-05 2.5757e-05 2.57137e-05 2.54494e-05 2.49954e-05 2.43816e-05 2.36361e-05 2.2785e-05 2.1852e-05 2.08587e-05 1.98241e-05 1.87651e-05 1.76963e-05 1.663e-05 1.5577e-05 1.45458e-05 1.35437e-05 1.25763e-05 1.1648e-05 1.07618e-05 9.91998e-06 9.12389e-06 8.37406e-06 7.67047e-06 7.01256e-06 6.39933e-06 5.8295e-06 5.30147e-06 4.81348e-06 4.36363e-06 3.94991e-06 3.57026e-06 3.22263e-06 2.90496e-06 2.61521e-06 2.35142e-06 2.11169e-06 1.89418e-06 1.69714e-06 1.51893e-06 1.35799e-06 1.21284e-06 1.08212e-06 9.64547e-07 8.58933e-07 7.64177e-07 6.79264e-07 6.03258e-07 5.353e-07 4.74604e-07 4.2045e-07 3.7218e-07 3.29199e-07 2.90962e-07 2.56978e-07 2.268e-07 2.00026e-07 1.76291e-07 1.55269e-07 1.36664e-07 1.20211e-07 1.05673e-07 9.28352e-08 8.15082e-08 7.15211e-08 6.27213e-08 5.4973e-08 4.81552e-08 4.21599e-08 3.68913e-08 3.22641e-08 2.82028e-08 2.46402e-08 2.1517e-08 1.87805e-08 1.63841e-08 1.42868e-08 1.24522e-08 1.08483e-08 9.44671e-09 8.2226e-09 7.15402e-09 6.22166e-09 5.40854e-09 4.69976e-09 4.0822e-09 3.54438e-09 3.07621e-09 2.66884e-09 2.31454e-09 2.00652e-09 1.73884e-09 1.50633e-09 1.30444e-09
1.93137e-05 1.43563e-05 1.638e-05 1.80808e-05 1.94622e-05 2.05356e-05 2.1318e-05 2.18306e-05 2.20972e-05 2.2143e-05 2.19938e-05 2.16754e-05 2.12125e-05 2.06289e-05 1.99467e-05 1.91865e-05 1.83667e-05 1.75043e-05 1.6614e-05 1.5709e-05 1.48004e-05 1.38981e-05 1.301e-05 1.21428e-05 1.1302e-05 1.04919e-05 9.71566e-06 8.97564e-06 8.27339e-06 7.60979e-06 6.98517e-06 6.39933e-06 5.85172e-06 5.34141e-06 4.86727e-06 4.42793e-06 4.02189e-06 3.64753e-06 3.30318e-06 2.98711e-06 2.69761e-06 2.43297e-06 2.19149e-06 1.97156e-06 1.77159e-06 1.59007e-06 1.42555e-06 1.27667e-06 1.14214e-06 1.02074e-06 9.11339e-07 8.12879e-07 7.24376e-07 6.44919e-07 5.73668e-07 5.09847e-07 4.52744e-07 4.01705e-07 3.56135e-07 3.15486e-07 2.79264e-07 2.47016e-07 2.18332e-07 1.92842e-07 1.70209e-07 1.5013e-07 1.32331e-07 1.16567e-07 1.02615e-07 9.02762e-08 7.93726e-08 6.97441e-08 6.12475e-08 5.37551e-08 4.71525e-08 4.1338e-08 3.62208e-08 3.17202e-08 2.77642e-08 2.42891e-08 2.12382e-08 1.85614e-08 1.6214e-08 1.41567e-08 1.23546e-08 1.0777e-08 9.39651e-09 8.18921e-09 7.1339e-09 6.21189e-09 5.40674e-09 4.70399e-09 4.09089e-09 3.55625e-09 3.09025e-09 2.68426e-09 2.33071e-09 2.02295e-09 1.75517e-09 1.52227e-09 1.31979e-09
