0.00388984 0.00310401 0.00247694 0.00197655 0.00157725 0.00125861 0.00100435 0.000801447 0.000639539 0.000510339 0.00040724 0.000324969 0.000259319 0.000206931 0.000165127 0.000131768 0.000105148 8.39062e-05 6.69554e-05 5.34291e-05 4.26353e-05 3.40221e-05 2.7149e-05 2.16643e-05 1.72877e-05 1.37952e-05 1.10083e-05 8.78441e-06 7.00979e-06 5.59367e-06 4.46363e-06 3.56189e-06 2.84232e-06 2.26811e-06 1.80991e-06 1.44427e-06 1.1525e-06 9.19669e-07 7.33878e-07 5.8562e-07 4.67313e-07 3.72906e-07 2.97571e-07 2.37456e-07 1.89485e-07 1.51205e-07 1.20659e-07 9.62833e-08 7.68321e-08 6.13105e-08 4.89245e-08 3.90408e-08 3.11537e-08 2.48601e-08 1.98378e-08 1.58302e-08 1.26322e-08 1.00802e-08 8.04381e-09 6.41879e-09 5.12207e-09 4.08731e-09 3.26159e-09 2.60268e-09 2.07689e-09 1.65731e-09 1.3225e-09 1.05533e-09 8.42133e-10 6.72005e-10 5.36246e-10 4.27914e-10 3.41467e-10 2.72483e-10 2.17436e-10 1.7351e-10 1.38457e-10 1.10486e-10 8.81657e-11 7.03544e-11 5.61414e-11 4.47997e-11 3.57493e-11 2.85272e-11 2.27641e-11 1.81653e-11 1.44956e-11 1.15672e-11 9.23036e-12 7.36564e-12 5.87763e-12 4.69023e-12 3.74271e-12 2.98661e-12 2.38325e-12 1.90179e-12 1.51759e-12 1.211e-12 9.66357e-13 7.71133e-13 6.15349e-13
0.00310401 0.00262056 0.00220576 0.00185161 0.00155052 0.00129552 0.00108027 0.000899118 0.000747069 0.000619759 0.000513398 0.000424718 0.000350915 0.000289598 0.000238733 0.000196601 0.000161749 0.000132955 0.000109193 8.96062e-05 7.34766e-05 6.02071e-05 4.93002e-05 4.0343e-05 3.29928e-05 2.69659e-05 2.20276e-05 1.7984e-05 1.46752e-05 1.19693e-05 9.75782e-06 7.95135e-06 6.47653e-06 5.27309e-06 4.29156e-06 3.49141e-06 2.8394e-06 2.30833e-06 1.87596e-06 1.52407e-06 1.2378e-06 1.005e-06 8.15735e-07 6.61927e-07 5.36972e-07 4.35489e-07 3.53094e-07 2.86217e-07 2.31951e-07 1.87929e-07 1.52227e-07 1.2328e-07 9.98168e-08 8.08021e-08 6.53963e-08 5.29174e-08 4.28115e-08 3.46291e-08 2.80055e-08 2.26448e-08 1.83071e-08 1.47978e-08 1.19593e-08 9.66369e-09 7.80753e-09 6.30693e-09 5.094e-09 4.11374e-09 3.32164e-09 2.6817e-09 2.16475e-09 1.74723e-09 1.41005e-09 1.1378e-09 9.18003e-10 7.40576e-10 5.97371e-10 4.81802e-10 3.88548e-10 3.13309e-10 2.52612e-10 2.03652e-10 1.64164e-10 1.3232e-10 1.06642e-10 8.59384e-11 6.92478e-11 5.57936e-11 4.49492e-11 3.62094e-11 2.91663e-11 2.34911e-11 1.89186e-11 1.52349e-11 1.22674e-11 9.87713e-12 7.95197e-12 6.40154e-12 5.15302e-12 4.14768e-12 3.33824e-12
0.00247694 0.00220576 0.00194837 0.00170918 0.00149049 0.0012931 0.00111678 0.000960649 0.000823389 0.000703474 0.000599278 0.000509166 0.00043156 0.000364973 0.000308031 0.000259482 0.000218203 0.000183192 0.000153564 0.000128546 0.000107459 8.97196e-05 7.48198e-05 6.23249e-05 5.18619e-05 4.31122e-05 3.58048e-05 2.97091e-05 2.46301e-05 2.04027e-05 1.68877e-05 1.39678e-05 1.15446e-05 9.53521e-06 7.87043e-06 6.49222e-06 5.35213e-06 4.40968e-06 3.63116e-06 2.98848e-06 2.45828e-06 2.02112e-06 1.66091e-06 1.36426e-06 1.12009e-06 9.19216e-07 7.5405e-07 6.18309e-07 5.06803e-07 4.15246e-07 3.40103e-07 2.78458e-07 2.27906e-07 1.86467e-07 1.52513e-07 1.24701e-07 1.01929e-07 8.32905e-08 6.80398e-08 5.55654e-08 4.53653e-08 3.70274e-08 3.02139e-08 2.46478e-08 2.01019e-08 1.63904e-08 1.33609e-08 1.08888e-08 8.872e-09 7.22713e-09 5.88592e-09 4.79257e-09 3.90149e-09 3.17544e-09 2.58397e-09 2.10226e-09 1.71002e-09 1.39069e-09 1.13079e-09 9.19292e-10 7.47217e-10 6.07245e-10 4.93409e-10 4.00845e-10 3.25592e-10 2.64424e-10 2.14713e-10 1.74321e-10 1.41505e-10 1.1485e-10 9.32019e-11 7.56233e-11 6.13514e-11 4.9766e-11 4.03627e-11 3.27318e-11 2.654e-11 2.15167e-11 1.7442e-11 1.41371e-11 1.1457e-11
0.00197655 0.00185161 0.00170918 0.00155905 0.00140822 0.00126153 0.00112218 0.000992155 0.000872523 0.000763705 0.000665654 0.000578006 0.000500191 0.000431512 0.000371211 0.000318509 0.000272635 0.000232851 0.000198464 0.000168832 0.000143367 0.000121539 0.000102872 8.69432e-05 7.33781e-05 6.18476e-05 5.20638e-05 4.37757e-05 3.67654e-05 3.08447e-05 2.58509e-05 2.16445e-05 1.81056e-05 1.51318e-05 1.26356e-05 1.05426e-05 8.78928e-06 7.32203e-06 6.09529e-06 5.07051e-06 4.21518e-06 3.50185e-06 2.90741e-06 2.41241e-06 2.00051e-06 1.658e-06 1.37338e-06 1.13701e-06 9.40835e-07 7.7812e-07 6.43234e-07 5.31481e-07 4.38942e-07 3.62355e-07 2.99002e-07 2.46622e-07 2.03335e-07 1.67579e-07 1.38057e-07 1.13693e-07 9.35947e-08 7.70215e-08 6.33608e-08 5.21053e-08 4.28349e-08 3.52025e-08 2.89208e-08 2.37527e-08 1.95022e-08 1.60076e-08 1.31354e-08 1.07755e-08 8.83714e-09 7.24548e-09 5.93892e-09 4.86671e-09 3.98705e-09 3.26558e-09 2.67401e-09 2.18908e-09 1.79167e-09 1.46607e-09 1.19937e-09 9.80964e-10 8.02159e-10 6.55806e-10 5.36042e-10 4.38059e-10 3.57915e-10 2.92375e-10 2.3879e-10 1.94988e-10 1.59191e-10 1.29942e-10 1.06048e-10 8.65316e-11 7.05947e-11 5.75831e-11 4.69617e-11 3.8293e-11 3.12193e-11
0.00157725 0.00155052 0.00149049 0.00140822 0.00131227 0.00120912 0.0011036 0.000999233 0.00089848 0.000803007 0.000713854 0.000631586 0.000556418 0.00048831 0.000427038 0.00037226 0.000323556 0.000280462 0.000242498 0.000209184 0.000180055 0.000154667 0.000132606 0.000113488 9.69626e-05 8.27115e-05 7.04487e-05 5.99183e-05 5.08929e-05 4.31712e-05 3.65761e-05 3.09522e-05 2.61637e-05 2.20923e-05 1.86354e-05 1.5704e-05 1.32212e-05 1.11208e-05 9.34598e-06 7.84781e-06 6.58448e-06 5.52022e-06 4.62449e-06 3.8713e-06 3.2385e-06 2.7073e-06 2.26175e-06 1.88832e-06 1.57558e-06 1.31384e-06 1.09495e-06 9.12017e-07 7.5923e-07 6.31703e-07 5.25325e-07 4.36642e-07 3.62753e-07 3.01224e-07 2.50015e-07 2.07418e-07 1.72004e-07 1.42574e-07 1.18131e-07 9.78379e-08 8.09988e-08 6.70317e-08 5.5452e-08 4.58556e-08 3.79062e-08 3.13238e-08 2.58754e-08 2.13674e-08 1.76389e-08 1.45563e-08 1.20086e-08 9.90367e-09 8.16522e-09 6.72992e-09 5.54529e-09 4.56786e-09 3.76166e-09 3.09689e-09 2.54891e-09 2.09733e-09 1.7253e-09 1.4189e-09 1.16662e-09 9.58957e-10 7.88067e-10 6.47476e-10 5.31841e-10 4.36757e-10 3.58591e-10 2.94349e-10 2.41563e-10 1.982e-10 1.62587e-10 1.33345e-10 1.0934e-10 8.96381e-11 7.34718e-11
0.00125861 0.00129552 0.0012931 0.00126153 0.00120912 0.00114254 0.00106709 0.000986888 0.000905096 0.000824079 0.000745556 0.000670727 0.00060038 0.000534985 0.000474763 0.000419749 0.000369842 0.000324845 0.000284493 0.000248482 0.000216485 0.000188166 0.000163193 0.000141242 0.000122007 0.000105198 9.05481e-05 7.78105e-05 6.67607e-05 5.71954e-05 4.89315e-05 4.18054e-05 3.56713e-05 3.04e-05 2.58772e-05 2.20025e-05 1.86877e-05 1.58559e-05 1.34398e-05 1.13809e-05 9.6285e-06 8.13867e-06 6.87345e-06 5.80009e-06 4.89042e-06 4.12021e-06 3.4687e-06 2.91809e-06 2.45315e-06 2.06087e-06 1.73018e-06 1.45161e-06 1.21713e-06 1.01991e-06 8.5414e-07 7.14902e-07 5.98027e-07 4.99987e-07 4.17798e-07 3.48938e-07 2.91281e-07 2.43032e-07 2.02677e-07 1.68944e-07 1.40762e-07 1.17228e-07 9.75861e-08 8.12007e-08 6.75384e-08 5.6152e-08 4.66667e-08 3.87685e-08 3.21947e-08 2.67257e-08 2.21776e-08 1.83968e-08 1.52553e-08 1.26458e-08 1.04792e-08 8.68093e-09 7.1889e-09 5.95143e-09 4.92543e-09 4.07505e-09 3.37049e-09 2.78691e-09 2.30371e-09 1.90375e-09 1.57278e-09 1.299e-09 1.07259e-09 8.85402e-10 7.30693e-10 6.02862e-10 4.97269e-10 4.10069e-10 3.38077e-10 2.78658e-10 2.29627e-10 1.8918e-10 1.55821e-10
0.00100435 0.00108027 0.00111678 0.00112218 0.0011036 0.00106709 0.00101768 0.00095951 0.000895934 0.000829614 0.000762631 0.000696569 0.000632604 0.000571575 0.000514046 0.000460363 0.000410701 0.000365101 0.000323505 0.000285781 0.000251746 0.000221183 0.000193853 0.000169508 0.000147899 0.00012878 0.000111917 9.70833e-05 8.40696e-05 7.26802e-05 6.27351e-05 5.40697e-05 4.65346e-05 3.99948e-05 3.43291e-05 2.9429e-05 2.5198e-05 2.15504e-05 1.84103e-05 1.57109e-05 1.33935e-05 1.14066e-05 9.70513e-06 8.24982e-06 7.00647e-06 5.94535e-06 5.04072e-06 4.27027e-06 3.61473e-06 3.0575e-06 2.58426e-06 2.1827e-06 1.84225e-06 1.55385e-06 1.30973e-06 1.10326e-06 9.28761e-07 7.81385e-07 6.57007e-07 5.52108e-07 4.63697e-07 3.89231e-07 3.26548e-07 2.73817e-07 2.29484e-07 1.92233e-07 1.60951e-07 1.34695e-07 1.1267e-07 9.42039e-08 7.87291e-08 6.57677e-08 5.49168e-08 4.58371e-08 3.82429e-08 3.18942e-08 2.6589e-08 2.21577e-08 1.8458e-08 1.53704e-08 1.27946e-08 1.06467e-08 8.85627e-09 7.36443e-09 6.12182e-09 5.08721e-09 4.22608e-09 3.5096e-09 2.91367e-09 2.4182e-09 2.00637e-09 1.66418e-09 1.37996e-09 1.14394e-09 9.48027e-10 7.85447e-10 6.5057e-10 5.3871e-10 4.45965e-10 3.69091e-10 3.0539e-10
0.000801447 0.000899118 0.000960649 0.000992155 0.000999233 0.000986888 0.00095951 0.000920885 0.000874223 0.000822203 0.000767021 0.000710452 0.000653895 0.000598433 0.000544877 0.000493811 0.000445634 0.000400591 0.000358808 0.000320315 0.000285068 0.000252968 0.000223877 0.000197631 0.000174047 0.000152933 0.000134096 0.000117343 0.000102488 8.93515e-05 7.77648e-05 6.75697e-05 5.86192e-05 5.07782e-05 4.39231e-05 3.79412e-05 3.27309e-05 2.82003e-05 2.42673e-05 2.08584e-05 1.79082e-05 1.53585e-05 1.3158e-05 1.12614e-05 9.62875e-06 8.225e-06 7.01946e-06 5.9853e-06 5.09911e-06 4.34052e-06 3.69179e-06 3.13756e-06 2.66449e-06 2.26108e-06 1.91736e-06 1.62475e-06 1.37586e-06 1.16432e-06 9.84671e-07 8.32214e-07 7.02929e-07 5.93373e-07 5.00599e-07 4.22088e-07 3.55693e-07 2.99578e-07 2.52182e-07 2.12174e-07 1.78422e-07 1.49965e-07 1.25985e-07 1.05789e-07 8.87894e-08 7.44874e-08 6.24611e-08 5.23536e-08 4.38629e-08 3.67338e-08 3.07506e-08 2.57316e-08 2.15232e-08 1.79961e-08 1.50412e-08 1.25668e-08 1.04956e-08 8.76261e-09 7.31315e-09 6.10133e-09 5.08856e-09 4.24247e-09 3.5359e-09 2.94604e-09 2.4538e-09 2.04316e-09 1.70071e-09 1.41523e-09 1.17732e-09 9.79111e-10 8.14037e-10 6.766e-10 5.62209e-10
0.000639539 0.000747069 0.000823389 0.000872523 0.00089848 0.000905096 0.000895934 0.000874223 0.000842833 0.000804262 0.000760655 0.000713816 0.000665242 0.000616148 0.000567505 0.000520065 0.000474395 0.000430909 0.000389884 0.000351493 0.000315822 0.000282885 0.000252644 0.000225017 0.000199896 0.000177149 0.00015663 0.000138188 0.000121666 0.00010691 9.37697e-05 8.20984e-05 7.17582e-05 6.26189e-05 5.4559e-05 4.74661e-05 4.12365e-05 3.57756e-05 3.09971e-05 2.68229e-05 2.31826e-05 2.00128e-05 1.72569e-05 1.48642e-05 1.27897e-05 1.09935e-05 9.44023e-06 8.09864e-06 6.94126e-06 5.94393e-06 5.08546e-06 4.34728e-06 3.71319e-06 3.16905e-06 2.70255e-06 2.30297e-06 1.96103e-06 1.66866e-06 1.41888e-06 1.20568e-06 1.02383e-06 8.6884e-07 7.3685e-07 6.24525e-07 5.29005e-07 4.4783e-07 3.78894e-07 3.20389e-07 2.70769e-07 2.2871e-07 1.93083e-07 1.62922e-07 1.37403e-07 1.15824e-07 9.75869e-08 8.21822e-08 6.91772e-08 5.82036e-08 4.8949e-08 4.11478e-08 3.45752e-08 2.90401e-08 2.43811e-08 2.04612e-08 1.71647e-08 1.43937e-08 1.20654e-08 1.01099e-08 8.46816e-09 7.09046e-09 5.93477e-09 4.96571e-09 4.15343e-09 3.47285e-09 2.90281e-09 2.42554e-09 2.02608e-09 1.69187e-09 1.41234e-09 1.17863e-09 9.833e-10
0.000510339 0.000619759 0.000703474 0.000763705 0.000803007 0.000824079 0.000829614 0.000822203 0.000804262 0.000777997 0.000745377 0.000708128 0.000667739 0.000625472 0.000582375 0.000539307 0.000496954 0.000455849 0.000416398 0.00037889 0.000343523 0.000310415 0.000279621 0.000251143 0.000224944 0.000200954 0.000179082 0.000159221 0.00014125 0.000125046 0.00011048 9.74261e-05 8.5759e-05 7.53584e-05 6.61096e-05 5.79039e-05 5.06396e-05 4.42219e-05 3.85632e-05 3.35832e-05 2.92083e-05 2.53714e-05 2.20118e-05 1.90748e-05 1.65109e-05 1.42761e-05 1.23307e-05 1.06395e-05 9.17111e-06 7.89779e-06 6.7949e-06 5.84073e-06 5.01612e-06 4.30425e-06 3.69033e-06 3.16141e-06 2.70616e-06 2.3147e-06 1.97838e-06 1.6897e-06 1.44211e-06 1.22995e-06 1.04829e-06 8.92877e-07 7.60012e-07 6.4651e-07 5.49621e-07 4.66971e-07 3.96516e-07 3.36498e-07 2.85403e-07 2.41934e-07 2.04975e-07 1.7357e-07 1.469e-07 1.24266e-07 1.05067e-07 8.87905e-08 7.49999e-08 6.33215e-08 5.34371e-08 4.50752e-08 3.8005e-08 3.20299e-08 2.69827e-08 2.27213e-08 1.9125e-08 1.60914e-08 1.35336e-08 1.1378e-08 9.56203e-09 8.03287e-09 6.74575e-09 5.6628e-09 4.752e-09 3.98628e-09 3.34278e-09 2.80221e-09 2.34826e-09 1.9672e-09 1.64743e-09
0.00040724 0.000513398 0.000599278 0.000665654 0.000713854 0.000745556 0.000762631 0.000767021 0.000760655 0.000745377 0.00072291 0.000694826 0.000662529 0.000627256 0.000590072 0.000551884 0.000513448 0.000475383 0.000438182 0.000402231 0.00036782 0.000335156 0.000304377 0.000275563 0.000248746 0.00022392 0.000201045 0.000180062 0.000160893 0.000143444 0.000127618 0.000113309 0.000100411 8.88182e-05 7.84255e-05 6.91323e-05 6.08419e-05 5.34627e-05 4.69084e-05 4.10985e-05 3.59585e-05 3.14195e-05 2.74181e-05 2.38966e-05 2.08024e-05 1.80878e-05 1.57099e-05 1.36297e-05 1.18125e-05 1.02271e-05 8.84574e-06 7.64359e-06 6.59864e-06 5.69136e-06 4.9045e-06 4.22279e-06 3.6328e-06 3.12269e-06 2.68208e-06 2.30186e-06 1.97405e-06 1.69168e-06 1.44866e-06 1.23968e-06 1.06012e-06 9.05964e-07 7.73719e-07 6.60356e-07 5.6325e-07 4.80131e-07 4.09033e-07 3.48259e-07 2.96345e-07 2.52029e-07 2.14222e-07 1.81988e-07 1.54523e-07 1.31135e-07 1.11231e-07 9.43005e-08 7.99082e-08 6.76801e-08 5.72962e-08 4.84832e-08 4.10071e-08 3.46684e-08 2.92967e-08 2.47467e-08 2.08945e-08 1.76347e-08 1.48773e-08 1.25461e-08 1.0576e-08 8.91179e-09 7.5066e-09 6.3206e-09 5.32002e-09 4.4762e-09 3.76488e-09 3.16548e-09 2.66059e-09
0.000324969 0.000424718 0.000509166 0.000578006 0.000631586 0.000670727 0.000696569 0.000710452 0.000713816 0.000708128 0.000694826 0.000675277 0.000650751 0.000622406 0.000591274 0.000558263 0.000524156 0.00048962 0.000455209 0.000421377 0.000388485 0.000356814 0.000326574 0.000297913 0.000270927 0.000245667 0.000222149 0.00020036 0.000180262 0.0001618 0.000144904 0.000129498 0.000115494 0.000102806 9.13412e-05 8.10112e-05 7.17269e-05 6.34027e-05 5.59565e-05 4.931e-05 4.33896e-05 3.81264e-05 3.34562e-05 2.93197e-05 2.5662e-05 2.24332e-05 1.95874e-05 1.7083e-05 1.48823e-05 1.29511e-05 1.12587e-05 9.77753e-06 8.48285e-06 7.35254e-06 6.36691e-06 5.50841e-06 4.76146e-06 4.11226e-06 3.5486e-06 3.05971e-06 2.63607e-06 2.26932e-06 1.95212e-06 1.67801e-06 1.44136e-06 1.2372e-06 1.06123e-06 9.09677e-07 7.79252e-07 6.67096e-07 5.70723e-07 4.87971e-07 4.16966e-07 3.56082e-07 3.03911e-07 2.59237e-07 2.21007e-07 1.88312e-07 1.60367e-07 1.36498e-07 1.16122e-07 9.87373e-08 8.39137e-08 7.12809e-08 6.0521e-08 5.13611e-08 4.35675e-08 3.69397e-08 3.13063e-08 2.65203e-08 2.24563e-08 1.90071e-08 1.60809e-08 1.35997e-08 1.14966e-08 9.71498e-09 8.20621e-09 6.9291e-09 5.84854e-09 4.93464e-09 4.16203e-09
0.000259319 0.000350915 0.00043156 0.000500191 0.000556418 0.00060038 0.000632604 0.000653895 0.000665242 0.000667739 0.000662529 0.000650751 0.000633508 0.000611841 0.000586712 0.000558991 0.000529456 0.000498788 0.000467572 0.000436306 0.000405404 0.000375202 0.000345969 0.000317909 0.000291176 0.000265875 0.00024207 0.000219794 0.000199051 0.000179821 0.000162069 0.000145744 0.000130783 0.00011712 0.00010468 9.33869e-05 8.3163e-05 7.39311e-05 6.56156e-05 5.81428e-05 5.14423e-05 4.54468e-05 4.00929e-05 3.53211e-05 3.10759e-05 2.73059e-05 2.39634e-05 2.10047e-05 1.83898e-05 1.60823e-05 1.40488e-05 1.22594e-05 1.06869e-05 9.30667e-06 8.09678e-06 7.03748e-06 6.1111e-06 5.30187e-06 4.59576e-06 3.98028e-06 3.44435e-06 2.97815e-06 2.573e-06 2.22125e-06 1.91613e-06 1.6517e-06 1.42273e-06 1.22463e-06 1.05339e-06 9.0548e-07 7.77823e-07 6.6773e-07 5.72856e-07 4.91157e-07 4.20853e-07 3.60397e-07 3.08445e-07 2.63831e-07 2.25543e-07 1.92705e-07 1.6456e-07 1.4045e-07 1.1981e-07 1.02151e-07 8.70513e-08 7.41469e-08 6.31247e-08 5.37155e-08 4.56874e-08 3.88412e-08 3.3006e-08 2.8035e-08 2.38022e-08 2.01998e-08 1.71354e-08 1.45298e-08 1.23153e-08 1.04342e-08 8.83687e-09 7.48114e-09 6.33097e-09
0.000206931 0.000289598 0.000364973 0.000431512 0.00048831 0.000534985 0.000571575 0.000598433 0.000616148 0.000625472 0.000627256 0.000622406 0.000611841 0.000596464 0.000577138 0.00055467 0.0005298 0.000503198 0.000475457 0.000447096 0.00041856 0.000390225 0.000362403 0.000335346 0.000309254 0.00028428 0.000260532 0.000238085 0.000216982 0.00019724 0.000178856 0.000161807 0.000146057 0.00013156 0.00011826 0.000106098 9.50081e-05 8.49249e-05 7.57807e-05 6.75088e-05 6.00436e-05 5.33216e-05 4.72816e-05 4.18656e-05 3.70186e-05 3.26887e-05 2.88278e-05 2.53909e-05 2.23365e-05 1.96263e-05 1.72251e-05 1.51009e-05 1.32243e-05 1.15687e-05 1.01101e-05 8.82656e-06 7.69852e-06 6.70832e-06 5.8401e-06 5.0797e-06 4.41445e-06 3.83306e-06 3.32546e-06 2.88275e-06 2.49699e-06 2.16118e-06 1.86912e-06 1.61533e-06 1.39499e-06 1.20385e-06 1.03818e-06 8.94709e-07 7.7055e-07 6.63189e-07 5.70423e-07 4.90328e-07 4.21221e-07 3.61637e-07 3.10299e-07 2.66095e-07 2.2806e-07 1.95352e-07 1.67244e-07 1.43104e-07 1.22384e-07 1.0461e-07 8.9372e-08 7.63156e-08 6.51347e-08 5.55651e-08 4.73791e-08 4.03803e-08 3.43996e-08 2.92915e-08 2.49308e-08 2.12101e-08 1.8037e-08 1.53321e-08 1.30274e-08 1.10646e-08 9.39375e-09
0.000165127 0.000238733 0.000308031 0.000371211 0.000427038 0.000474763 0.000514046 0.000544877 0.000567505 0.000582375 0.000590072 0.000591274 0.000586712 0.000577138 0.0005633 0.000545921 0.000525686 0.000503228 0.000479128 0.000453905 0.000428019 0.000401869 0.000375797 0.000350091 0.000324987 0.000300677 0.000277308 0.000254993 0.000233812 0.000213814 0.000195028 0.000177461 0.000161101 0.000145925 0.000131898 0.000118978 0.000107114 9.62524e-05 8.63368e-05 7.73087e-05 6.91092e-05 6.16802e-05 5.49644e-05 4.89066e-05 4.34534e-05 3.85543e-05 3.41613e-05 3.02291e-05 2.67156e-05 2.35813e-05 2.07899e-05 1.83076e-05 1.61036e-05 1.41494e-05 1.24191e-05 1.0889e-05 9.5379e-06 8.34619e-06 7.2964e-06 6.3727e-06 5.56087e-06 4.84816e-06 4.22313e-06 3.67557e-06 3.19636e-06 2.77739e-06 2.41144e-06 2.09209e-06 1.81366e-06 1.57113e-06 1.36005e-06 1.1765e-06 1.01702e-06 8.78556e-07 7.58443e-07 6.54325e-07 5.64141e-07 4.86083e-07 4.18569e-07 3.60216e-07 3.09815e-07 2.66312e-07 2.28787e-07 1.9644e-07 1.68574e-07 1.44584e-07 1.23942e-07 1.06191e-07 9.09369e-08 7.78347e-08 6.65874e-08 5.69377e-08 4.86632e-08 4.15717e-08 3.54972e-08 3.02966e-08 2.58463e-08 2.204e-08 1.87861e-08 1.60058e-08 1.36313e-08
0.000131768 0.000196601 0.000259482 0.000318509 0.00037226 0.000419749 0.000460363 0.000493811 0.000520065 0.000539307 0.000551884 0.000558263 0.000558991 0.00055467 0.000545921 0.000533373 0.000517637 0.000499297 0.000478903 0.000456957 0.000433919 0.000410195 0.000386145 0.00036208 0.000338264 0.000314918 0.000292223 0.000270325 0.000249333 0.000229331 0.000210374 0.000192496 0.000175714 0.000160025 0.000145416 0.000131862 0.000119329 0.000107777 9.71621e-05 8.74351e-05 7.85457e-05 7.04423e-05 6.30732e-05 5.63872e-05 5.03342e-05 4.48657e-05 3.99352e-05 3.5498e-05 3.15123e-05 2.79383e-05 2.47389e-05 2.18794e-05 1.93279e-05 1.70544e-05 1.50318e-05 1.32347e-05 1.16403e-05 1.02275e-05 8.97726e-06 7.87222e-06 6.89667e-06 6.03645e-06 5.27877e-06 4.61214e-06 4.02624e-06 3.51183e-06 3.06063e-06 2.66527e-06 2.31916e-06 2.01645e-06 1.75194e-06 1.52101e-06 1.31957e-06 1.144e-06 9.9111e-07 8.58073e-07 7.42402e-07 6.41906e-07 5.54661e-07 4.78975e-07 4.13363e-07 3.56524e-07 3.0732e-07 2.64753e-07 2.27952e-07 1.96156e-07 1.68703e-07 1.45014e-07 1.24585e-07 1.06979e-07 9.1813e-08 7.87577e-08 6.75252e-08 5.78666e-08 4.95656e-08 4.24354e-08 3.63141e-08 3.10615e-08 2.65567e-08 2.26952e-08 1.93867e-08
0.000105148 0.000161749 0.000218203 0.000272635 0.000323556 0.000369842 0.000410701 0.000445634 0.000474395 0.000496954 0.000513448 0.000524156 0.000529456 0.0005298 0.000525686 0.000517637 0.000506184 0.00049185 0.000475138 0.000456523 0.000436449 0.000415319 0.000393497 0.000371306 0.000349029 0.000326909 0.000305152 0.000283929 0.000263378 0.000243609 0.000224705 0.000206726 0.00018971 0.00017368 0.000158641 0.000144588 0.000131503 0.000119361 0.000108131 9.77754e-05 8.82527e-05 7.95198e-05 7.15316e-05 6.42422e-05 5.76058e-05 5.15773e-05 4.61124e-05 4.11684e-05 3.67042e-05 3.26808e-05 2.9061e-05 2.58098e-05 2.28946e-05 2.02847e-05 1.79517e-05 1.58694e-05 1.40133e-05 1.23613e-05 1.08927e-05 9.58906e-06 8.43313e-06 7.40947e-06 6.504e-06 5.70399e-06 4.99794e-06 4.37548e-06 3.8273e-06 3.34502e-06 2.92114e-06 2.54895e-06 2.22245e-06 1.93631e-06 1.68575e-06 1.46654e-06 1.27493e-06 1.10757e-06 9.61529e-07 8.3418e-07 7.2322e-07 6.26614e-07 5.42568e-07 4.69502e-07 4.06027e-07 3.50923e-07 3.03119e-07 2.61675e-07 2.25769e-07 1.94681e-07 1.67781e-07 1.4452e-07 1.24418e-07 1.07056e-07 9.20697e-08 7.91411e-08 6.79942e-08 5.83887e-08 5.0116e-08 4.2995e-08 3.68687e-08 3.16007e-08 2.70732e-08
8.39062e-05 0.000132955 0.000183192 0.000232851 0.000280462 0.000324845 0.000365101 0.000400591 0.000430909 0.000455849 0.000475383 0.00048962 0.000498788 0.000503198 0.000503228 0.000499297 0.00049185 0.000481338 0.000468212 0.000452909 0.000435845 0.000417408 0.000397957 0.000377817 0.000357281 0.000336605 0.000316013 0.000295696 0.000275815 0.000256503 0.000237866 0.000219986 0.000202925 0.000186725 0.000171414 0.000157002 0.00014349 0.000130868 0.000119118 0.000108214 9.8126e-05 8.88194e-05 8.02569e-05 7.23992e-05 6.52057e-05 5.86357e-05 5.26482e-05 4.72033e-05 4.22617e-05 3.77856e-05 3.37386e-05 3.00862e-05 2.67956e-05 2.38358e-05 2.11779e-05 1.87946e-05 1.66608e-05 1.47532e-05 1.305e-05 1.15315e-05 1.01794e-05 8.97696e-06 7.90892e-06 6.96141e-06 6.12178e-06 5.37859e-06 4.72149e-06 4.1411e-06 3.62902e-06 3.17765e-06 2.78019e-06 2.43053e-06 2.12321e-06 1.85336e-06 1.6166e-06 1.40908e-06 1.22732e-06 1.06826e-06 9.29182e-07 8.07671e-07 7.01589e-07 6.09048e-07 5.28379e-07 4.5811e-07 3.96944e-07 3.43739e-07 2.9749e-07 2.57315e-07 2.22439e-07 1.92183e-07 1.65951e-07 1.43222e-07 1.2354e-07 1.06508e-07 9.17763e-08 7.90423e-08 6.80413e-08 5.85427e-08 5.03458e-08 4.3276e-08 3.71816e-08
6.69554e-05 0.000109193 0.000153564 0.000198464 0.000242498 0.000284493 0.000323505 0.000358808 0.000389884 0.000416398 0.000438182 0.000455209 0.000467572 0.000475457 0.000479128 0.000478903 0.000475138 0.000468212 0.000458518 0.000446444 0.000432371 0.000416665 0.00039967 0.000381705 0.000363062 0.000344005 0.000324769 0.000305558 0.000286551 0.000267899 0.000249727 0.000232137 0.000215212 0.000199014 0.000183587 0.00016896 0.000155152 0.000142166 0.000129998 0.000118635 0.000108059 9.82442e-05 8.9162e-05 8.07805e-05 7.30655e-05 6.59812e-05 5.94914e-05 5.35592e-05 4.81482e-05 4.32228e-05 3.8748e-05 3.46902e-05 3.10173e-05 2.76983e-05 2.47043e-05 2.20077e-05 1.95828e-05 1.74054e-05 1.54531e-05 1.37052e-05 1.21422e-05 1.07466e-05 9.50189e-06 8.39321e-06 7.40688e-06 6.5304e-06 5.75243e-06 5.06266e-06 4.45175e-06 3.91124e-06 3.43351e-06 3.01169e-06 2.6396e-06 2.31168e-06 2.02296e-06 1.76897e-06 1.54575e-06 1.34972e-06 1.17772e-06 1.02693e-06 8.94845e-07 7.79229e-07 6.78107e-07 5.89731e-07 5.12549e-07 4.45194e-07 3.86455e-07 3.35267e-07 2.90688e-07 2.51891e-07 2.18148e-07 1.88821e-07 1.63346e-07 1.41232e-07 1.22048e-07 1.05414e-07 9.10002e-08 7.85177e-08 6.77136e-08 5.83676e-08 5.02872e-08
5.34291e-05 8.96062e-05 0.000128546 0.000168832 0.000209184 0.000248482 0.000285781 0.000320315 0.000351493 0.00037889 0.000402231 0.000421377 0.000436306 0.000447096 0.000453905 0.000456957 0.000456523 0.000452909 0.000446444 0.000437464 0.000426312 0.000413321 0.000398814 0.000383096 0.000366454 0.00034915 0.000331422 0.000313485 0.000295528 0.000277715 0.000260189 0.000243068 0.000226451 0.000210417 0.000195029 0.000180332 0.000166358 0.000153128 0.000140651 0.000128926 0.000117946 0.000107696 9.81572e-05 8.93049e-05 8.11121e-05 7.35492e-05 6.65849e-05 6.01867e-05 5.43216e-05 4.89568e-05 4.40595e-05 3.95977e-05 3.55404e-05 3.18576e-05 2.85204e-05 2.55015e-05 2.27751e-05 2.03165e-05 1.81028e-05 1.61126e-05 1.43257e-05 1.27237e-05 1.12892e-05 1.00065e-05 8.86085e-06 7.83889e-06 6.92835e-06 6.11799e-06 5.3976e-06 4.75789e-06 4.19042e-06 3.68755e-06 3.24237e-06 2.84866e-06 2.50079e-06 2.19372e-06 1.9229e-06 1.68427e-06 1.47418e-06 1.28938e-06 1.12696e-06 9.84332e-07 8.59173e-07 7.49433e-07 6.53287e-07 5.69113e-07 4.95475e-07 4.311e-07 3.74863e-07 3.25768e-07 2.82938e-07 2.45597e-07 2.13065e-07 1.84739e-07 1.60091e-07 1.38657e-07 1.2003e-07 1.0385e-07 8.98058e-08 7.76214e-08 6.70568e-08
4.26353e-05 7.34766e-05 0.000107459 0.000143367 0.000180055 0.000216485 0.000251746 0.000285068 0.000315822 0.000343523 0.00036782 0.000388485 0.000405404 0.00041856 0.000428019 0.000433919 0.000436449 0.000435845 0.000432371 0.000426312 0.000417964 0.000407626 0.000395592 0.000382149 0.00036757 0.000352111 0.000336008 0.000319479 0.000302719 0.000285903 0.000269183 0.000252692 0.000236542 0.000220828 0.000205627 0.000190999 0.000176992 0.000163639 0.000150964 0.000138977 0.000127683 0.000117078 0.000107152 9.7889e-05 8.92698e-05 8.12713e-05 7.38677e-05 6.70318e-05 6.07346e-05 5.49467e-05 4.96383e-05 4.47795e-05 4.0341e-05 3.62941e-05 3.26109e-05 2.92646e-05 2.62295e-05 2.34812e-05 2.09963e-05 1.87532e-05 1.67312e-05 1.49111e-05 1.32751e-05 1.18064e-05 1.04896e-05 9.31062e-06 8.25621e-06 7.31435e-06 6.47401e-06 5.72508e-06 5.05835e-06 4.46543e-06 3.9387e-06 3.47124e-06 3.05679e-06 2.6897e-06 2.36486e-06 2.07767e-06 1.824e-06 1.60013e-06 1.40273e-06 1.22882e-06 1.07572e-06 9.41065e-07 8.22714e-07 7.18776e-07 6.27566e-07 5.47583e-07 4.77498e-07 4.16129e-07 3.62429e-07 3.15473e-07 2.74441e-07 2.38609e-07 2.0734e-07 1.80068e-07 1.56298e-07 1.35594e-07 1.1757e-07 1.01889e-07 8.82538e-08
3.40221e-05 6.02071e-05 8.97196e-05 0.000121539 0.000154667 0.000188166 0.000221183 0.000252968 0.000282885 0.000310415 0.000335156 0.000356814 0.000375202 0.000390225 0.000401869 0.000410195 0.000415319 0.000417408 0.000416665 0.000413321 0.000407626 0.000399839 0.000390224 0.000379042 0.00036655 0.00035299 0.000338593 0.000323574 0.00030813 0.00029244 0.000276665 0.000260947 0.000245409 0.000230158 0.000215284 0.000200861 0.000186948 0.000173593 0.000160831 0.000148685 0.000137171 0.000126295 0.000116057 0.000106449 9.74612e-05 8.90765e-05 8.12757e-05 7.40369e-05 6.73359e-05 6.11475e-05 5.5445e-05 5.02016e-05 4.53902e-05 4.09839e-05 3.69562e-05 3.32812e-05 2.9934e-05 2.68905e-05 2.41275e-05 2.16233e-05 1.9357e-05 1.73091e-05 1.54611e-05 1.37959e-05 1.22973e-05 1.09505e-05 9.74158e-06 8.65781e-06 7.68737e-06 6.81944e-06 6.04405e-06 5.3521e-06 4.73529e-06 4.18602e-06 3.69739e-06 3.26316e-06 2.87763e-06 2.53567e-06 2.23264e-06 1.96435e-06 1.72702e-06 1.51727e-06 1.33205e-06 1.16863e-06 1.02456e-06 8.97639e-07 7.85925e-07 6.87668e-07 6.01311e-07 5.2547e-07 4.58911e-07 4.0054e-07 3.49385e-07 3.04584e-07 2.65375e-07 2.31082e-07 2.01108e-07 1.74926e-07 1.5207e-07 1.32129e-07 1.14743e-07
2.7149e-05 4.93002e-05 7.48198e-05 0.000102872 0.000132606 0.000163193 0.000193853 0.000223877 0.000252644 0.000279621 0.000304377 0.000326574 0.000345969 0.000362403 0.000375797 0.000386145 0.000393497 0.000397957 0.00039967 0.000398814 0.000395592 0.000390224 0.000382938 0.00037397 0.000363551 0.000351911 0.000339267 0.000325829 0.000311791 0.000297333 0.000282619 0.000267797 0.000252999 0.000238341 0.000223924 0.000209831 0.000196136 0.000182895 0.000170157 0.000157955 0.000146316 0.000135256 0.000124785 0.000114903 0.000105609 9.68931e-05 8.87426e-05 8.11416e-05 7.40711e-05 6.75103e-05 6.14365e-05 5.58263e-05 5.06554e-05 4.5899e-05 4.15326e-05 3.75318e-05 3.38726e-05 3.05318e-05 2.74868e-05 2.4716e-05 2.21987e-05 1.99151e-05 1.78466e-05 1.59757e-05 1.42859e-05 1.27616e-05 1.13884e-05 1.0153e-05 9.04288e-06 8.04654e-06 7.15337e-06 6.3536e-06 5.63825e-06 4.99911e-06 4.42865e-06 3.92003e-06 3.46699e-06 3.06386e-06 2.70548e-06 2.38718e-06 2.10474e-06 1.85434e-06 1.63254e-06 1.43625e-06 1.26267e-06 1.1093e-06 9.73904e-07 8.54464e-07 7.49182e-07 6.5645e-07 5.74833e-07 5.0305e-07 4.39962e-07 3.84555e-07 3.35926e-07 2.93276e-07 2.55894e-07 2.23151e-07 1.94489e-07 1.69416e-07 1.47496e-07
2.16643e-05 4.0343e-05 6.23249e-05 8.69432e-05 0.000113488 0.000141242 0.000169508 0.000197631 0.000225017 0.000251143 0.000275563 0.000297913 0.000317909 0.000335346 0.000350091 0.00036208 0.000371306 0.000377817 0.000381705 0.000383096 0.000382149 0.000379042 0.00037397 0.000367135 0.000358748 0.000349015 0.000338142 0.000326326 0.000313756 0.000300609 0.000287049 0.000273227 0.00025928 0.00024533 0.000231486 0.000217842 0.000204479 0.000191465 0.000178857 0.000166701 0.000155032 0.000143876 0.000133253 0.000123172 0.000113638 0.00010465 9.62019e-05 8.82843e-05 8.08836e-05 7.39838e-05 6.75667e-05 6.16125e-05 5.61001e-05 5.10076e-05 4.63127e-05 4.19929e-05 3.80257e-05 3.43891e-05 3.10612e-05 2.80212e-05 2.52485e-05 2.27238e-05 2.04283e-05 1.83444e-05 1.64553e-05 1.47451e-05 1.3199e-05 1.18031e-05 1.05444e-05 9.41081e-06 8.39117e-06 7.47508e-06 6.65297e-06 5.91602e-06 5.25613e-06 4.66586e-06 4.13843e-06 3.66761e-06 3.24774e-06 2.87367e-06 2.54072e-06 2.24464e-06 1.98159e-06 1.74809e-06 1.54099e-06 1.35747e-06 1.19497e-06 1.05121e-06 9.2413e-07 8.11875e-07 7.12793e-07 6.25406e-07 5.48388e-07 4.80558e-07 4.20863e-07 3.68363e-07 3.22223e-07 2.817e-07 2.46132e-07 2.14935e-07 1.87588e-07
1.72877e-05 3.29928e-05 5.18619e-05 7.33781e-05 9.69626e-05 0.000122007 0.000147899 0.000174047 0.000199896 0.000224944 0.000248746 0.000270927 0.000291176 0.000309254 0.000324987 0.000338264 0.000349029 0.000357281 0.000363062 0.000366454 0.00036757 0.00036655 0.000363551 0.000358748 0.000352321 0.000344457 0.000335344 0.000325165 0.0003141 0.000302318 0.000289983 0.000277244 0.000264241 0.000251098 0.000237931 0.000224841 0.000211916 0.000199233 0.000186859 0.000174846 0.00016324 0.000152077 0.000141383 0.000131178 0.000121474 0.000112276 0.000103587 9.5403e-05 8.77159e-05 8.05151e-05 7.37871e-05 6.75163e-05 6.16852e-05 5.62749e-05 5.1266e-05 4.66381e-05 4.23706e-05 3.84429e-05 3.48347e-05 3.15256e-05 2.84961e-05 2.57271e-05 2.32003e-05 2.08979e-05 1.88032e-05 1.69002e-05 1.51737e-05 1.36095e-05 1.21942e-05 1.09154e-05 9.76115e-06 8.72072e-06 7.78397e-06 6.94154e-06 6.18477e-06 5.5057e-06 4.897e-06 4.35195e-06 3.86439e-06 3.42868e-06 3.03969e-06 2.69274e-06 2.38358e-06 2.10833e-06 1.86349e-06 1.6459e-06 1.45268e-06 1.28126e-06 1.12928e-06 9.94666e-07 8.75515e-07 7.70136e-07 6.77006e-07 5.94763e-07 5.22186e-07 4.58186e-07 4.01788e-07 3.52124e-07 3.08419e-07 2.69984e-07 2.36205e-07
1.37952e-05 2.69659e-05 4.31122e-05 6.18476e-05 8.27115e-05 0.000105198 0.00012878 0.000152933 0.000177149 0.000200954 0.00022392 0.000245667 0.000265875 0.00028428 0.000300677 0.000314918 0.000326909 0.000336605 0.000344005 0.00034915 0.000352111 0.00035299 0.000351911 0.000349015 0.000344457 0.0003384 0.000331012 0.00032246 0.000312912 0.000302529 0.000291467 0.000279874 0.000267888 0.000255636 0.000243235 0.000230793 0.000218402 0.000206147 0.0001941 0.000182325 0.000170873 0.000159788 0.000149105 0.000138851 0.000129047 0.000119705 0.000110834 0.000102436 9.45101e-05 8.70503e-05 8.00481e-05 7.34922e-05 6.73692e-05 6.16637e-05 5.63591e-05 5.14378e-05 4.68814e-05 4.26711e-05 3.87881e-05 3.52133e-05 3.19283e-05 2.89145e-05 2.61541e-05 2.36299e-05 2.13251e-05 1.92239e-05 1.7311e-05 1.5572e-05 1.39933e-05 1.25619e-05 1.12658e-05 1.00936e-05 9.03481e-06 8.07959e-06 7.2188e-06 6.44396e-06 5.74727e-06 5.12151e-06 4.56005e-06 4.05679e-06 3.60616e-06 3.20304e-06 2.84277e-06 2.52109e-06 2.23413e-06 1.97837e-06 1.75062e-06 1.54798e-06 1.36784e-06 1.20783e-06 1.06582e-06 9.39879e-07 8.28276e-07 7.29454e-07 6.42016e-07 5.64706e-07 4.964e-07 4.36093e-07 3.82884e-07 3.3597e-07 2.94635e-07
1.10083e-05 2.20276e-05 3.58048e-05 5.20638e-05 7.04487e-05 9.05481e-05 0.000111917 0.000134096 0.00015663 0.000179082 0.000201045 0.000222149 0.00024207 0.000260532 0.000277308 0.000292223 0.000305152 0.000316013 0.000324769 0.000331422 0.000336008 0.000338593 0.000339267 0.000338142 0.000335344 0.000331012 0.000325292 0.000318336 0.000310295 0.000301321 0.000291561 0.000281158 0.000270245 0.00025895 0.000247391 0.000235676 0.000223904 0.000212164 0.000200533 0.000189082 0.000177869 0.000166946 0.000156353 0.000146127 0.000136293 0.000126873 0.00011788 0.000109324 0.000101209 9.35356e-05 8.62992e-05 7.94936e-05 7.31093e-05 6.71347e-05 6.15567e-05 5.63603e-05 5.15298e-05 4.70487e-05 4.28998e-05 3.90657e-05 3.5529e-05 3.22724e-05 2.92789e-05 2.65316e-05 2.40143e-05 2.17114e-05 1.96076e-05 1.76887e-05 1.59407e-05 1.43506e-05 1.29061e-05 1.15955e-05 1.0408e-05 9.33317e-06 8.36159e-06 7.48434e-06 6.69315e-06 5.98037e-06 5.3389e-06 4.76223e-06 4.24434e-06 3.77971e-06 3.36326e-06 2.99036e-06 2.65676e-06 2.3586e-06 2.09235e-06 1.8548e-06 1.64305e-06 1.45445e-06 1.28661e-06 1.13736e-06 1.00475e-06 8.87019e-07 7.82576e-07 6.89991e-07 6.07978e-07 5.35382e-07 4.71168e-07 4.14407e-07 3.64269e-07
8.78441e-06 1.7984e-05 2.97091e-05 4.37757e-05 5.99183e-05 7.78105e-05 9.70833e-05 0.000117343 0.000138188 0.000159221 0.000180062 0.00020036 0.000219794 0.000238085 0.000254993 0.000270325 0.000283929 0.000295696 0.000305558 0.000313485 0.000319479 0.000323574 0.000325829 0.000326326 0.000325165 0.00032246 0.000318336 0.000312925 0.000306364 0.00029879 0.000290341 0.000281151 0.000271351 0.000261063 0.000250405 0.000239485 0.000228405 0.000217256 0.000206122 0.000195075 0.000184181 0.000173497 0.000163072 0.000152946 0.000143153 0.00013372 0.000124667 0.00011601 0.000107759 9.99183e-05 9.24905e-05 8.54733e-05 7.88615e-05 7.26475e-05 6.68215e-05 6.13718e-05 5.62856e-05 5.15485e-05 4.71457e-05 4.30615e-05 3.92801e-05 3.57855e-05 3.25614e-05 2.95921e-05 2.68619e-05 2.43555e-05 2.20582e-05 1.99555e-05 1.80339e-05 1.62802e-05 1.46819e-05 1.32271e-05 1.19047e-05 1.07042e-05 9.61563e-06 8.62973e-06 7.73788e-06 6.932e-06 6.20461e-06 5.54878e-06 4.95809e-06 4.42662e-06 3.94891e-06 3.51995e-06 3.13512e-06 2.79022e-06 2.48139e-06 2.2051e-06 1.95814e-06 1.7376e-06 1.5408e-06 1.36535e-06 1.20905e-06 1.06992e-06 9.46177e-07 8.36201e-07 7.38535e-07 6.51864e-07 5.75008e-07 5.06904e-07 4.46597e-07
7.00979e-06 1.46752e-05 2.46301e-05 3.67654e-05 5.08929e-05 6.67607e-05 8.40696e-05 0.000102488 0.000121666 0.00014125 0.000160893 0.000180262 0.000199051 0.000216982 0.000233812 0.000249333 0.000263378 0.000275815 0.000286551 0.000295528 0.000302719 0.00030813 0.000311791 0.000313756 0.0003141 0.000312912 0.000310295 0.000306364 0.000301236 0.000295036 0.00028789 0.000279923 0.000271257 0.000262011 0.000252299 0.000242229 0.000231901 0.00022141 0.00021084 0.00020027 0.000189769 0.000179398 0.000169212 0.000159257 0.000149572 0.000140191 0.00013114 0.000122439 0.000114105 0.000106147 9.85728e-05 9.13846e-05 8.45819e-05 7.81608e-05 7.21154e-05 6.64373e-05 6.11165e-05 5.61415e-05 5.14998e-05 4.71777e-05 4.31612e-05 3.94356e-05 3.59863e-05 3.27983e-05 2.98568e-05 2.71473e-05 2.46553e-05 2.2367e-05 2.02688e-05 1.83477e-05 1.65913e-05 1.49875e-05 1.35252e-05 1.21935e-05 1.09824e-05 9.88213e-06 8.88387e-06 7.97918e-06 7.16023e-06 6.4197e-06 5.75081e-06 5.14728e-06 4.60327e-06 4.11341e-06 3.67275e-06 3.27672e-06 2.92114e-06 2.60217e-06 2.31631e-06 2.06035e-06 1.83135e-06 1.62665e-06 1.44383e-06 1.28067e-06 1.13519e-06 1.00557e-06 8.90162e-07 7.87497e-07 6.96231e-07 6.15159e-07 5.43193e-07
5.59367e-06 1.19693e-05 2.04027e-05 3.08447e-05 4.31712e-05 5.71954e-05 7.26802e-05 8.93515e-05 0.00010691 0.000125046 0.000143444 0.0001618 0.000179821 0.00019724 0.000213814 0.000229331 0.000243609 0.000256503 0.000267899 0.000277715 0.000285903 0.00029244 0.000297333 0.000300609 0.000302318 0.000302529 0.000301321 0.00029879 0.000295036 0.00029017 0.000284303 0.00027755 0.000270025 0.000261841 0.000253106 0.000243926 0.0002344 0.000224621 0.000214677 0.000204647 0.000194604 0.000184613 0.000174733 0.000165016 0.000155505 0.000146239 0.000137249 0.000128562 0.000120198 0.000112173 0.000104499 9.7182e-05 9.02269e-05 8.36336e-05 7.73998e-05 7.15207e-05 6.59895e-05 6.07974e-05 5.59344e-05 5.13892e-05 4.71498e-05 4.32032e-05 3.95362e-05 3.61351e-05 3.29862e-05 3.00757e-05 2.73899e-05 2.49155e-05 2.26393e-05 2.05486e-05 1.8631e-05 1.68747e-05 1.52682e-05 1.38009e-05 1.24622e-05 1.12426e-05 1.01327e-05 9.12393e-06 8.20812e-06 7.37765e-06 6.6254e-06 5.94473e-06 5.3295e-06 4.77398e-06 4.27289e-06 3.82134e-06 3.41483e-06 3.0492e-06 2.72066e-06 2.42571e-06 2.16115e-06 1.92405e-06 1.71175e-06 1.52182e-06 1.35203e-06 1.20037e-06 1.06501e-06 9.44302e-07 8.36733e-07 7.40947e-07 6.55715e-07
4.46363e-06 9.75782e-06 1.68877e-05 2.58509e-05 3.65761e-05 4.89315e-05 6.27351e-05 7.77648e-05 9.37697e-05 0.00011048 0.000127618 0.000144904 0.000162069 0.000178856 0.000195028 0.000210374 0.000224705 0.000237866 0.000249727 0.000260189 0.000269183 0.000276665 0.000282619 0.000287049 0.000289983 0.000291467 0.000291561 0.000290341 0.00028789 0.000284303 0.000279678 0.000274118 0.000267727 0.00026061 0.00025287 0.000244607 0.000235919 0.000226897 0.000217628 0.000208193 0.000198667 0.000189117 0.000179605 0.000170187 0.000160911 0.000151819 0.000142949 0.000134332 0.000125992 0.00011795 0.000110223 0.000102821 9.5754e-05 8.90251e-05 8.26362e-05 7.65859e-05 7.08705e-05 6.54846e-05 6.04206e-05 5.56698e-05 5.12222e-05 4.70668e-05 4.3192e-05 3.95857e-05 3.62352e-05 3.3128e-05 3.02512e-05 2.75921e-05 2.51381e-05 2.28769e-05 2.07964e-05 1.8885e-05 1.71313e-05 1.55246e-05 1.40545e-05 1.27111e-05 1.1485e-05 1.03674e-05 9.34993e-06 8.42463e-06 7.58414e-06 6.82153e-06 6.13033e-06 5.50453e-06 4.93851e-06 4.42709e-06 3.96546e-06 3.54918e-06 3.17414e-06 2.83658e-06 2.53303e-06 2.2603e-06 2.01547e-06 1.79589e-06 1.59911e-06 1.42292e-06 1.26528e-06 1.12435e-06 9.98468e-07 8.86104e-07 7.85884e-07
3.56189e-06 7.95135e-06 1.39678e-05 2.16445e-05 3.09522e-05 4.18054e-05 5.40697e-05 6.75697e-05 8.20984e-05 9.74261e-05 0.000113309 0.000129498 0.000145744 0.000161807 0.000177461 0.000192496 0.000206726 0.000219986 0.000232137 0.000243068 0.000252692 0.000260947 0.000267797 0.000273227 0.000277244 0.000279874 0.000281158 0.000281151 0.000279923 0.00027755 0.000274118 0.000269716 0.000264439 0.000258383 0.000251642 0.000244314 0.000236488 0.000228256 0.000219703 0.000210908 0.000201948 0.000192891 0.000183803 0.000174741 0.000165757 0.000156897 0.000148203 0.000139709 0.000131445 0.000123436 0.000115702 0.000108261 0.000101122 9.42958e-05 8.77864e-05 8.15965e-05 7.57257e-05 7.01713e-05 6.49288e-05 5.9992e-05 5.53531e-05 5.10034e-05 4.69331e-05 4.31315e-05 3.95876e-05 3.62899e-05 3.32267e-05 3.0386e-05 2.7756e-05 2.53249e-05 2.30812e-05 2.10134e-05 1.91106e-05 1.7362e-05 1.57573e-05 1.42866e-05 1.29405e-05 1.171e-05 1.05865e-05 9.56194e-06 8.62871e-06 7.77964e-06 7.00799e-06 6.30745e-06 5.67217e-06 5.09664e-06 4.57579e-06 4.10488e-06 3.67954e-06 3.29573e-06 2.9497e-06 2.63804e-06 2.35757e-06 2.1054e-06 1.87886e-06 1.67553e-06 1.49317e-06 1.32975e-06 1.18343e-06 1.05252e-06 9.35477e-07
2.84232e-06 6.47653e-06 1.15446e-05 1.81056e-05 2.61637e-05 3.56713e-05 4.65346e-05 5.86192e-05 7.17582e-05 8.5759e-05 0.000100411 0.000115494 0.000130783 0.000146057 0.000161101 0.000175714 0.00018971 0.000202925 0.000215212 0.000226451 0.000236542 0.000245409 0.000252999 0.00025928 0.000264241 0.000267888 0.000270245 0.000271351 0.000271257 0.000270025 0.000267727 0.000264439 0.000260245 0.000255231 0.000249484 0.000243093 0.000236145 0.000228725 0.000220917 0.000212799 0.000204447 0.000195929 0.000187313 0.000178657 0.000170017 0.000161442 0.000152976 0.000144657 0.000136519 0.000128592 0.000120899 0.000113461 0.000106293 9.94075e-05 9.28137e-05 8.65172e-05 8.05209e-05 7.48253e-05 6.94288e-05 6.43276e-05 5.95167e-05 5.49893e-05 5.07376e-05 4.67529e-05 4.30256e-05 3.95455e-05 3.63023e-05 3.32849e-05 3.04824e-05 2.78837e-05 2.54778e-05 2.32538e-05 2.12011e-05 1.9309e-05 1.75676e-05 1.5967e-05 1.44978e-05 1.3151e-05 1.19178e-05 1.07901e-05 9.76008e-06 8.82041e-06 7.96413e-06 7.1847e-06 6.476e-06 5.83229e-06 5.24821e-06 4.7188e-06 4.23939e-06 3.8057e-06 3.41374e-06 3.05982e-06 2.74054e-06 2.45278e-06 2.19364e-06 1.96048e-06 1.75088e-06 1.5626e-06 1.39363e-06 1.24209e-06 1.10631e-06
