0.827197 0.000342322 0.000326723 0.000311834 0.000297625 0.000284062 0.000271118 0.000258764 0.000246972 0.000235718 0.000224977 0.000214725 0.00020494 0.000195601 0.000186688 0.000178181 0.000170062 0.000162312 0.000154916 0.000147857 0.000141119 0.000134688 0.000128551 0.000122693 0.000117102 0.000111766 0.000106673 0.000101812 9.71725e-05 9.27445e-05 8.85183e-05 8.44846e-05 8.06348e-05 7.69604e-05 7.34534e-05 7.01063e-05 6.69116e-05 6.38626e-05 6.09525e-05 5.8175e-05 5.5524e-05 5.29939e-05 5.0579e-05 4.82742e-05 4.60744e-05 4.39749e-05 4.1971e-05 4.00585e-05 3.82331e-05 3.64908e-05 3.4828e-05 3.32409e-05 3.17262e-05 3.02805e-05 2.89007e-05 2.75837e-05 2.63268e-05 2.51271e-05 2.39821e-05 2.28893e-05 2.18462e-05 2.08507e-05 1.99006e-05 1.89938e-05 1.81282e-05 1.73022e-05 1.65137e-05 1.57612e-05 1.5043e-05 1.43575e-05 1.37033e-05 1.30788e-05 1.24829e-05 1.1914e-05 1.13711e-05 1.0853e-05 1.03584e-05 9.88639e-06 9.43588e-06 9.0059e-06 8.59552e-06 8.20383e-06 7.83e-06 7.4732e-06 7.13265e-06 6.80763e-06 6.49742e-06 6.20134e-06 5.91875e-06 5.64904e-06 5.39163e-06 5.14594e-06 4.91145e-06 4.68764e-06 4.47403e-06 4.27016e-06 4.07557e-06 3.88985e-06 3.7126e-06 3.54342e-06 3.38195e-06
0.000342322 4.87118e-05 4.70446e-05 4.54282e-05 4.38614e-05 4.23431e-05 4.08721e-05 3.94472e-05 3.80673e-05 3.67313e-05 3.54379e-05 3.41862e-05 3.2975e-05 3.18031e-05 3.06696e-05 2.95734e-05 2.85134e-05 2.74885e-05 2.64979e-05 2.55405e-05 2.46153e-05 2.37214e-05 2.28578e-05 2.20237e-05 2.12182e-05 2.04403e-05 1.96893e-05 1.89642e-05 1.82644e-05 1.75889e-05 1.69371e-05 1.63082e-05 1.57014e-05 1.51161e-05 1.45515e-05 1.4007e-05 1.34818e-05 1.29755e-05 1.24873e-05 1.20167e-05 1.1563e-05 1.11257e-05 1.07042e-05 1.02981e-05 9.90674e-06 9.52968e-06 9.1664e-06 8.81645e-06 8.47935e-06 8.15467e-06 7.84197e-06 7.54084e-06 7.25087e-06 6.97166e-06 6.70285e-06 6.44406e-06 6.19493e-06 5.95513e-06 5.72432e-06 5.50218e-06 5.2884e-06 5.08268e-06 4.88472e-06 4.69425e-06 4.511e-06 4.3347e-06 4.1651e-06 4.00196e-06 3.84503e-06 3.6941e-06 3.54894e-06 3.40934e-06 3.27509e-06 3.146e-06 3.02187e-06 2.90252e-06 2.78778e-06 2.67746e-06 2.57141e-06 2.46946e-06 2.37147e-06 2.27728e-06 2.18675e-06 2.09974e-06 2.01612e-06 1.93576e-06 1.85854e-06 1.78434e-06 1.71304e-06 1.64453e-06 1.57871e-06 1.51547e-06 1.45472e-06 1.39636e-06 1.34029e-06 1.28644e-06 1.23471e-06 1.18502e-06 1.1373e-06 1.09147e-06 1.04745e-06
0.000326723 4.70446e-05 4.55068e-05 4.40124e-05 4.25605e-05 4.11504e-05 3.97812e-05 3.8452e-05 3.71621e-05 3.59106e-05 3.46966e-05 3.35193e-05 3.23779e-05 3.12714e-05 3.01991e-05 2.916e-05 2.81535e-05 2.71786e-05 2.62345e-05 2.53204e-05 2.44356e-05 2.35793e-05 2.27506e-05 2.19488e-05 2.11732e-05 2.0423e-05 1.96975e-05 1.8996e-05 1.83179e-05 1.76623e-05 1.70287e-05 1.64165e-05 1.58249e-05 1.52533e-05 1.47012e-05 1.41679e-05 1.36529e-05 1.31556e-05 1.26755e-05 1.22119e-05 1.17644e-05 1.13326e-05 1.09157e-05 1.05135e-05 1.01254e-05 9.75099e-06 9.38978e-06 9.04135e-06 8.70529e-06 8.38119e-06 8.06865e-06 7.76728e-06 7.47672e-06 7.19659e-06 6.92655e-06 6.66626e-06 6.41538e-06 6.1736e-06 5.9406e-06 5.71608e-06 5.49975e-06 5.29132e-06 5.09053e-06 4.8971e-06 4.71079e-06 4.53133e-06 4.35849e-06 4.19205e-06 4.03176e-06 3.87742e-06 3.72881e-06 3.58573e-06 3.44799e-06 3.31538e-06 3.18774e-06 3.06487e-06 2.94662e-06 2.8328e-06 2.72326e-06 2.61786e-06 2.51642e-06 2.41882e-06 2.32491e-06 2.23456e-06 2.14764e-06 2.06402e-06 1.98357e-06 1.9062e-06 1.83177e-06 1.76018e-06 1.69133e-06 1.62511e-06 1.56143e-06 1.50019e-06 1.4413e-06 1.38468e-06 1.33024e-06 1.27789e-06 1.22757e-06 1.17918e-06 1.13267e-06
0.000311834 4.54282e-05 4.40124e-05 4.26331e-05 4.12899e-05 3.99823e-05 3.87096e-05 3.74715e-05 3.62673e-05 3.50964e-05 3.39582e-05 3.28522e-05 3.17776e-05 3.07339e-05 2.97205e-05 2.87367e-05 2.77818e-05 2.68552e-05 2.59563e-05 2.50845e-05 2.4239e-05 2.34193e-05 2.26248e-05 2.18547e-05 2.11086e-05 2.03858e-05 1.96856e-05 1.90075e-05 1.83509e-05 1.77153e-05 1.71e-05 1.65045e-05 1.59283e-05 1.53707e-05 1.48314e-05 1.43097e-05 1.38051e-05 1.33172e-05 1.28455e-05 1.23895e-05 1.19486e-05 1.15226e-05 1.11109e-05 1.07131e-05 1.03287e-05 9.95737e-06 9.59871e-06 9.25229e-06 8.91775e-06 8.59471e-06 8.28281e-06 7.98168e-06 7.691e-06 7.41042e-06 7.13961e-06 6.87827e-06 6.62608e-06 6.38275e-06 6.14798e-06 5.92149e-06 5.70301e-06 5.49228e-06 5.28903e-06 5.09302e-06 4.904e-06 4.72174e-06 4.54601e-06 4.37659e-06 4.21326e-06 4.05581e-06 3.90406e-06 3.75779e-06 3.61682e-06 3.48097e-06 3.35006e-06 3.22393e-06 3.10239e-06 2.9853e-06 2.8725e-06 2.76383e-06 2.65916e-06 2.55834e-06 2.46123e-06 2.36771e-06 2.27765e-06 2.19092e-06 2.10741e-06 2.02699e-06 1.94957e-06 1.87503e-06 1.80327e-06 1.73418e-06 1.66768e-06 1.60367e-06 1.54206e-06 1.48276e-06 1.42569e-06 1.37076e-06 1.31791e-06 1.26704e-06 1.2181e-06
0.000297625 4.38614e-05 4.25605e-05 4.12899e-05 4.00494e-05 3.88388e-05 3.76577e-05 3.65061e-05 3.53834e-05 3.42893e-05 3.32236e-05 3.21857e-05 3.11753e-05 3.01919e-05 2.92352e-05 2.83045e-05 2.73996e-05 2.65198e-05 2.56647e-05 2.48339e-05 2.40268e-05 2.32429e-05 2.24818e-05 2.17429e-05 2.10257e-05 2.03298e-05 1.96547e-05 1.89998e-05 1.83647e-05 1.77489e-05 1.7152e-05 1.65733e-05 1.60126e-05 1.54692e-05 1.49428e-05 1.4433e-05 1.39392e-05 1.3461e-05 1.29981e-05 1.25499e-05 1.21162e-05 1.16964e-05 1.12902e-05 1.08972e-05 1.0517e-05 1.01492e-05 9.79356e-06 9.44961e-06 9.11705e-06 8.79552e-06 8.4847e-06 8.18427e-06 7.89391e-06 7.61331e-06 7.34217e-06 7.08021e-06 6.82713e-06 6.58266e-06 6.34652e-06 6.11847e-06 5.89823e-06 5.68557e-06 5.48024e-06 5.282e-06 5.09063e-06 4.9059e-06 4.7276e-06 4.55552e-06 4.38945e-06 4.22921e-06 4.07459e-06 3.92541e-06 3.78149e-06 3.64265e-06 3.50874e-06 3.37957e-06 3.25499e-06 3.13484e-06 3.01899e-06 2.90727e-06 2.79955e-06 2.6957e-06 2.59558e-06 2.49906e-06 2.40602e-06 2.31634e-06 2.2299e-06 2.14659e-06 2.06631e-06 1.98895e-06 1.9144e-06 1.84256e-06 1.77335e-06 1.70667e-06 1.64243e-06 1.58055e-06 1.52093e-06 1.46351e-06 1.4082e-06 1.35493e-06 1.30363e-06
0.000284062 4.23431e-05 4.11504e-05 3.99823e-05 3.88388e-05 3.77199e-05 3.66258e-05 3.55562e-05 3.4511e-05 3.34903e-05 3.24936e-05 3.15209e-05 3.0572e-05 2.96465e-05 2.87442e-05 2.78649e-05 2.70081e-05 2.61736e-05 2.5361e-05 2.457e-05 2.38002e-05 2.30512e-05 2.23228e-05 2.16144e-05 2.09257e-05 2.02564e-05 1.9606e-05 1.89741e-05 1.83603e-05 1.77643e-05 1.71856e-05 1.66238e-05 1.60787e-05 1.55497e-05 1.50365e-05 1.45387e-05 1.40559e-05 1.35878e-05 1.31339e-05 1.2694e-05 1.22676e-05 1.18545e-05 1.14541e-05 1.10663e-05 1.06907e-05 1.0327e-05 9.9747e-06 9.63365e-06 9.30348e-06 8.98389e-06 8.67459e-06 8.37527e-06 8.08565e-06 7.80545e-06 7.53439e-06 7.27221e-06 7.01864e-06 6.77342e-06 6.53632e-06 6.30707e-06 6.08544e-06 5.87121e-06 5.66415e-06 5.46403e-06 5.27064e-06 5.08377e-06 4.90322e-06 4.7288e-06 4.5603e-06 4.39754e-06 4.24034e-06 4.08852e-06 3.94191e-06 3.80034e-06 3.66366e-06 3.53169e-06 3.40429e-06 3.28132e-06 3.16261e-06 3.04805e-06 2.93748e-06 2.83078e-06 2.72781e-06 2.62847e-06 2.53261e-06 2.44014e-06 2.35093e-06 2.26487e-06 2.18187e-06 2.1018e-06 2.02459e-06 1.95012e-06 1.87831e-06 1.80907e-06 1.7423e-06 1.67793e-06 1.61586e-06 1.55603e-06 1.49835e-06 1.44275e-06 1.38915e-06
0.000271118 4.08721e-05 3.97812e-05 3.87096e-05 3.76577e-05 3.66258e-05 3.56139e-05 3.46222e-05 3.36508e-05 3.26998e-05 3.17691e-05 3.08587e-05 2.99686e-05 2.90987e-05 2.82487e-05 2.74187e-05 2.66084e-05 2.58177e-05 2.50462e-05 2.42939e-05 2.35604e-05 2.28455e-05 2.21489e-05 2.14705e-05 2.08097e-05 2.01665e-05 1.95404e-05 1.89312e-05 1.83386e-05 1.77623e-05 1.72018e-05 1.6657e-05 1.61275e-05 1.56129e-05 1.5113e-05 1.46275e-05 1.41559e-05 1.36981e-05 1.32536e-05 1.28222e-05 1.24035e-05 1.19973e-05 1.16033e-05 1.1221e-05 1.08504e-05 1.0491e-05 1.01425e-05 9.80474e-06 9.47736e-06 9.16011e-06 8.85272e-06 8.55491e-06 8.26643e-06 7.98702e-06 7.71643e-06 7.45442e-06 7.20074e-06 6.95515e-06 6.71743e-06 6.48736e-06 6.2647e-06 6.04925e-06 5.84079e-06 5.63912e-06 5.44404e-06 5.25535e-06 5.07286e-06 4.89638e-06 4.72574e-06 4.56075e-06 4.40124e-06 4.24705e-06 4.098e-06 3.95395e-06 3.81474e-06 3.6802e-06 3.55021e-06 3.42462e-06 3.30327e-06 3.18606e-06 3.07283e-06 2.96346e-06 2.85784e-06 2.75583e-06 2.65733e-06 2.56221e-06 2.47037e-06 2.38171e-06 2.29611e-06 2.21349e-06 2.13373e-06 2.05675e-06 1.98245e-06 1.91074e-06 1.84155e-06 1.77478e-06 1.71035e-06 1.64819e-06 1.58822e-06 1.53037e-06 1.47455e-06
0.000258764 3.94472e-05 3.8452e-05 3.74715e-05 3.65061e-05 3.55562e-05 3.46222e-05 3.37044e-05 3.28031e-05 3.19185e-05 3.10507e-05 3.01998e-05 2.9366e-05 2.85493e-05 2.77497e-05 2.69672e-05 2.62017e-05 2.54532e-05 2.47216e-05 2.40068e-05 2.33085e-05 2.26268e-05 2.19614e-05 2.13121e-05 2.06788e-05 2.00612e-05 1.94592e-05 1.88724e-05 1.83007e-05 1.77438e-05 1.72016e-05 1.66736e-05 1.61598e-05 1.56597e-05 1.51733e-05 1.47001e-05 1.424e-05 1.37926e-05 1.33577e-05 1.29351e-05 1.25245e-05 1.21255e-05 1.1738e-05 1.13617e-05 1.09963e-05 1.06416e-05 1.02973e-05 9.96322e-06 9.63901e-06 9.32447e-06 9.01936e-06 8.72343e-06 8.43646e-06 8.15822e-06 7.88846e-06 7.62698e-06 7.37355e-06 7.12795e-06 6.88997e-06 6.65941e-06 6.43606e-06 6.21972e-06 6.0102e-06 5.8073e-06 5.61083e-06 5.42062e-06 5.23649e-06 5.05825e-06 4.88574e-06 4.71879e-06 4.55724e-06 4.40093e-06 4.2497e-06 4.10341e-06 3.9619e-06 3.82503e-06 3.69266e-06 3.56465e-06 3.44087e-06 3.3212e-06 3.2055e-06 3.09365e-06 2.98554e-06 2.88104e-06 2.78004e-06 2.68244e-06 2.58813e-06 2.49699e-06 2.40894e-06 2.32388e-06 2.2417e-06 2.16232e-06 2.08564e-06 2.01159e-06 1.94007e-06 1.871e-06 1.8043e-06 1.7399e-06 1.67772e-06 1.61769e-06 1.55974e-06
0.000246972 3.80673e-05 3.71621e-05 3.62673e-05 3.53834e-05 3.4511e-05 3.36508e-05 3.28031e-05 3.19684e-05 3.11469e-05 3.03391e-05 2.95451e-05 2.87651e-05 2.79994e-05 2.72481e-05 2.65113e-05 2.5789e-05 2.50813e-05 2.43882e-05 2.37097e-05 2.30457e-05 2.23962e-05 2.17612e-05 2.11405e-05 2.0534e-05 1.99416e-05 1.93631e-05 1.87985e-05 1.82475e-05 1.771e-05 1.71857e-05 1.66746e-05 1.61764e-05 1.56909e-05 1.5218e-05 1.47573e-05 1.43087e-05 1.3872e-05 1.3447e-05 1.30334e-05 1.2631e-05 1.22396e-05 1.18589e-05 1.14888e-05 1.11291e-05 1.07794e-05 1.04396e-05 1.01095e-05 9.78874e-06 9.47725e-06 9.17477e-06 8.88108e-06 8.59597e-06 8.31923e-06 8.05066e-06 7.79005e-06 7.53721e-06 7.29194e-06 7.05404e-06 6.82332e-06 6.5996e-06 6.38269e-06 6.17241e-06 5.96858e-06 5.77104e-06 5.5796e-06 5.3941e-06 5.21438e-06 5.04028e-06 4.87164e-06 4.7083e-06 4.55012e-06 4.39695e-06 4.24865e-06 4.10507e-06 3.96608e-06 3.83155e-06 3.70134e-06 3.57532e-06 3.45339e-06 3.3354e-06 3.22125e-06 3.11081e-06 3.00399e-06 2.90066e-06 2.80072e-06 2.70407e-06 2.61061e-06 2.52024e-06 2.43287e-06 2.34839e-06 2.26673e-06 2.18779e-06 2.11149e-06 2.03775e-06 1.96648e-06 1.89761e-06 1.83106e-06 1.76675e-06 1.70462e-06 1.6446e-06
0.000235718 3.67313e-05 3.59106e-05 3.50964e-05 3.42893e-05 3.34903e-05 3.26998e-05 3.19185e-05 3.11469e-05 3.03855e-05 2.96348e-05 2.8895e-05 2.81666e-05 2.74498e-05 2.67448e-05 2.60519e-05 2.53712e-05 2.47028e-05 2.4047e-05 2.34036e-05 2.27729e-05 2.21548e-05 2.15493e-05 2.09565e-05 2.03762e-05 1.98085e-05 1.92533e-05 1.87104e-05 1.81798e-05 1.76615e-05 1.71551e-05 1.66608e-05 1.61782e-05 1.57073e-05 1.52479e-05 1.47998e-05 1.43629e-05 1.3937e-05 1.3522e-05 1.31176e-05 1.27236e-05 1.234e-05 1.19665e-05 1.16029e-05 1.1249e-05 1.09046e-05 1.05696e-05 1.02438e-05 9.92687e-06 9.61876e-06 9.31923e-06 9.02809e-06 8.74517e-06 8.47027e-06 8.2032e-06 7.9438e-06 7.69187e-06 7.44724e-06 7.20973e-06 6.97917e-06 6.75539e-06 6.53821e-06 6.32747e-06 6.12302e-06 5.92467e-06 5.73229e-06 5.54571e-06 5.36478e-06 5.18934e-06 5.01926e-06 4.85439e-06 4.69459e-06 4.53971e-06 4.38962e-06 4.2442e-06 4.1033e-06 3.96681e-06 3.8346e-06 3.70655e-06 3.58253e-06 3.46244e-06 3.34616e-06 3.23357e-06 3.12458e-06 3.01908e-06 2.91696e-06 2.81812e-06 2.72247e-06 2.62992e-06 2.54036e-06 2.45371e-06 2.36989e-06 2.2888e-06 2.21036e-06 2.13449e-06 2.06112e-06 1.99016e-06 1.92155e-06 1.85521e-06 1.79106e-06 1.72904e-06
0.000224977 3.54379e-05 3.46966e-05 3.39582e-05 3.32236e-05 3.24936e-05 3.17691e-05 3.10507e-05 3.03391e-05 2.96348e-05 2.89384e-05 2.82504e-05 2.75712e-05 2.69011e-05 2.62406e-05 2.55898e-05 2.49492e-05 2.43188e-05 2.36989e-05 2.30896e-05 2.24911e-05 2.19035e-05 2.13268e-05 2.07612e-05 2.02065e-05 1.9663e-05 1.91305e-05 1.86091e-05 1.80987e-05 1.75992e-05 1.71106e-05 1.66329e-05 1.61659e-05 1.57095e-05 1.52636e-05 1.48282e-05 1.44031e-05 1.39881e-05 1.35832e-05 1.31882e-05 1.2803e-05 1.24273e-05 1.20611e-05 1.17042e-05 1.13565e-05 1.10177e-05 1.06878e-05 1.03665e-05 1.00537e-05 9.74927e-06 9.45299e-06 9.16472e-06 8.88429e-06 8.61153e-06 8.34628e-06 8.08839e-06 7.83767e-06 7.59399e-06 7.35717e-06 7.12707e-06 6.90351e-06 6.68636e-06 6.47545e-06 6.27064e-06 6.07178e-06 5.87872e-06 5.69132e-06 5.50943e-06 5.33292e-06 5.16165e-06 4.99548e-06 4.83428e-06 4.67792e-06 4.52628e-06 4.37923e-06 4.23664e-06 4.09839e-06 3.96437e-06 3.83447e-06 3.70856e-06 3.58654e-06 3.4683e-06 3.35373e-06 3.24274e-06 3.13521e-06 3.03106e-06 2.93018e-06 2.83248e-06 2.73787e-06 2.64626e-06 2.55756e-06 2.47168e-06 2.38855e-06 2.30809e-06 2.2302e-06 2.15483e-06 2.08188e-06 2.01129e-06 1.94299e-06 1.87691e-06 1.81298e-06
0.000214725 3.41862e-05 3.35193e-05 3.28522e-05 3.21857e-05 3.15209e-05 3.08587e-05 3.01998e-05 2.95451e-05 2.8895e-05 2.82504e-05 2.76117e-05 2.69795e-05 2.63542e-05 2.57362e-05 2.5126e-05 2.45238e-05 2.393e-05 2.33448e-05 2.27685e-05 2.22012e-05 2.16431e-05 2.10945e-05 2.05553e-05 2.00258e-05 1.95059e-05 1.89958e-05 1.84954e-05 1.80048e-05 1.7524e-05 1.7053e-05 1.65917e-05 1.61402e-05 1.56983e-05 1.5266e-05 1.48432e-05 1.44299e-05 1.4026e-05 1.36314e-05 1.32459e-05 1.28694e-05 1.2502e-05 1.21433e-05 1.17934e-05 1.1452e-05 1.11191e-05 1.07944e-05 1.0478e-05 1.01696e-05 9.86909e-06 9.57635e-06 9.29122e-06 9.01356e-06 8.74323e-06 8.48009e-06 8.22399e-06 7.97478e-06 7.73233e-06 7.49649e-06 7.26712e-06 7.04407e-06 6.82722e-06 6.61641e-06 6.41151e-06 6.2124e-06 6.01892e-06 5.83095e-06 5.64835e-06 5.47101e-06 5.29878e-06 5.13155e-06 4.96919e-06 4.81157e-06 4.65858e-06 4.51011e-06 4.36603e-06 4.22623e-06 4.0906e-06 3.95902e-06 3.8314e-06 3.70763e-06 3.5876e-06 3.47122e-06 3.35838e-06 3.24898e-06 3.14294e-06 3.04016e-06 2.94054e-06 2.84401e-06 2.75047e-06 2.65984e-06 2.57204e-06 2.48698e-06 2.40459e-06 2.32479e-06 2.2475e-06 2.17266e-06 2.10019e-06 2.03002e-06 1.96209e-06 1.89632e-06
0.00020494 3.2975e-05 3.23779e-05 3.17776e-05 3.11753e-05 3.0572e-05 2.99686e-05 2.9366e-05 2.87651e-05 2.81666e-05 2.75712e-05 2.69795e-05 2.63921e-05 2.58096e-05 2.52324e-05 2.4661e-05 2.40959e-05 2.35373e-05 2.29856e-05 2.24411e-05 2.1904e-05 2.13747e-05 2.08533e-05 2.03399e-05 1.98348e-05 1.93381e-05 1.88498e-05 1.83701e-05 1.7899e-05 1.74366e-05 1.69829e-05 1.6538e-05 1.61018e-05 1.56743e-05 1.52556e-05 1.48455e-05 1.44441e-05 1.40512e-05 1.36669e-05 1.32911e-05 1.29236e-05 1.25645e-05 1.22135e-05 1.18707e-05 1.15359e-05 1.1209e-05 1.089e-05 1.05786e-05 1.02748e-05 9.97852e-06 9.68956e-06 9.40784e-06 9.13322e-06 8.86559e-06 8.60482e-06 8.35078e-06 8.10335e-06 7.8624e-06 7.6278e-06 7.39943e-06 7.17716e-06 6.96087e-06 6.75042e-06 6.54569e-06 6.34657e-06 6.15292e-06 5.96463e-06 5.78157e-06 5.60362e-06 5.43067e-06 5.26259e-06 5.09929e-06 4.94063e-06 4.78651e-06 4.63681e-06 4.49144e-06 4.35027e-06 4.21322e-06 4.08016e-06 3.95101e-06 3.82565e-06 3.704e-06 3.58596e-06 3.47142e-06 3.36031e-06 3.25252e-06 3.14798e-06 3.04658e-06 2.94826e-06 2.85291e-06 2.76047e-06 2.67085e-06 2.58398e-06 2.49977e-06 2.41816e-06 2.33907e-06 2.26243e-06 2.18816e-06 2.11621e-06 2.04651e-06 1.97898e-06
0.000195601 3.18031e-05 3.12714e-05 3.07339e-05 3.01919e-05 2.96465e-05 2.90987e-05 2.85493e-05 2.79994e-05 2.74498e-05 2.69011e-05 2.63542e-05 2.58096e-05 2.52679e-05 2.47298e-05 2.41957e-05 2.36661e-05 2.31414e-05 2.2622e-05 2.21082e-05 2.16005e-05 2.1099e-05 2.0604e-05 2.01157e-05 1.96345e-05 1.91603e-05 1.86934e-05 1.8234e-05 1.77821e-05 1.73378e-05 1.69012e-05 1.64724e-05 1.60515e-05 1.56383e-05 1.5233e-05 1.48356e-05 1.44461e-05 1.40644e-05 1.36905e-05 1.33244e-05 1.2966e-05 1.26153e-05 1.22722e-05 1.19367e-05 1.16087e-05 1.1288e-05 1.09747e-05 1.06686e-05 1.03697e-05 1.00778e-05 9.79291e-06 9.51483e-06 9.2435e-06 8.97882e-06 8.72067e-06 8.46895e-06 8.22355e-06 7.98435e-06 7.75125e-06 7.52414e-06 7.30289e-06 7.0874e-06 6.87756e-06 6.67325e-06 6.47436e-06 6.28078e-06 6.09239e-06 5.90909e-06 5.73077e-06 5.55731e-06 5.38862e-06 5.22457e-06 5.06508e-06 4.91002e-06 4.75931e-06 4.61283e-06 4.47049e-06 4.33219e-06 4.19783e-06 4.06731e-06 3.94054e-06 3.81743e-06 3.69788e-06 3.58181e-06 3.46912e-06 3.35974e-06 3.25356e-06 3.15052e-06 3.05053e-06 2.95351e-06 2.85938e-06 2.76806e-06 2.67948e-06 2.59357e-06 2.51024e-06 2.42944e-06 2.35109e-06 2.27512e-06 2.20148e-06 2.13008e-06 2.06088e-06
0.000186688 3.06696e-05 3.01991e-05 2.97205e-05 2.92352e-05 2.87442e-05 2.82487e-05 2.77497e-05 2.72481e-05 2.67448e-05 2.62406e-05 2.57362e-05 2.52324e-05 2.47298e-05 2.4229e-05 2.37307e-05 2.32352e-05 2.27431e-05 2.22548e-05 2.17707e-05 2.12913e-05 2.08167e-05 2.03474e-05 1.98836e-05 1.94255e-05 1.89734e-05 1.85274e-05 1.80879e-05 1.76548e-05 1.72283e-05 1.68086e-05 1.63958e-05 1.59898e-05 1.55909e-05 1.5199e-05 1.48142e-05 1.44365e-05 1.4066e-05 1.37026e-05 1.33462e-05 1.2997e-05 1.26549e-05 1.23198e-05 1.19918e-05 1.16706e-05 1.13564e-05 1.10491e-05 1.07485e-05 1.04546e-05 1.01673e-05 9.88666e-06 9.61246e-06 9.34464e-06 9.08314e-06 8.82785e-06 8.57868e-06 8.33554e-06 8.09834e-06 7.86698e-06 7.64135e-06 7.42137e-06 7.20692e-06 6.99792e-06 6.79425e-06 6.59583e-06 6.40254e-06 6.21428e-06 6.03096e-06 5.85248e-06 5.67873e-06 5.50962e-06 5.34505e-06 5.18491e-06 5.02912e-06 4.87758e-06 4.73019e-06 4.58685e-06 4.44748e-06 4.31199e-06 4.18027e-06 4.05225e-06 3.92784e-06 3.80694e-06 3.68948e-06 3.57536e-06 3.46452e-06 3.35685e-06 3.2523e-06 3.15077e-06 3.05219e-06 2.95648e-06 2.86358e-06 2.7734e-06 2.68588e-06 2.60095e-06 2.51854e-06 2.43857e-06 2.361e-06 2.28574e-06 2.21274e-06 2.14194e-06
0.000178181 2.95734e-05 2.916e-05 2.87367e-05 2.83045e-05 2.78649e-05 2.74187e-05 2.69672e-05 2.65113e-05 2.60519e-05 2.55898e-05 2.5126e-05 2.4661e-05 2.41957e-05 2.37307e-05 2.32665e-05 2.28038e-05 2.2343e-05 2.18847e-05 2.14293e-05 2.09771e-05 2.05287e-05 2.00842e-05 1.96441e-05 1.92086e-05 1.8778e-05 1.83525e-05 1.79324e-05 1.75178e-05 1.71088e-05 1.67057e-05 1.63086e-05 1.59176e-05 1.55327e-05 1.51541e-05 1.47819e-05 1.4416e-05 1.40566e-05 1.37037e-05 1.33572e-05 1.30172e-05 1.26838e-05 1.23568e-05 1.20363e-05 1.17222e-05 1.14146e-05 1.11133e-05 1.08184e-05 1.05297e-05 1.02473e-05 9.97109e-06 9.70096e-06 9.43688e-06 9.17876e-06 8.92655e-06 8.68016e-06 8.43951e-06 8.20452e-06 7.97512e-06 7.75121e-06 7.53271e-06 7.31953e-06 7.11159e-06 6.90879e-06 6.71104e-06 6.51826e-06 6.33035e-06 6.14722e-06 5.96878e-06 5.79495e-06 5.62562e-06 5.46071e-06 5.30013e-06 5.14379e-06 4.9916e-06 4.84348e-06 4.69932e-06 4.55906e-06 4.42259e-06 4.28985e-06 4.16074e-06 4.03517e-06 3.91308e-06 3.79437e-06 3.67897e-06 3.5668e-06 3.45778e-06 3.35184e-06 3.24889e-06 3.14888e-06 3.05172e-06 2.95734e-06 2.86568e-06 2.77666e-06 2.69022e-06 2.60629e-06 2.5248e-06 2.4457e-06 2.36893e-06 2.29441e-06 2.22209e-06
0.000170062 2.85134e-05 2.81535e-05 2.77818e-05 2.73996e-05 2.70081e-05 2.66084e-05 2.62017e-05 2.5789e-05 2.53712e-05 2.49492e-05 2.45238e-05 2.40959e-05 2.36661e-05 2.32352e-05 2.28038e-05 2.23725e-05 2.19418e-05 2.15123e-05 2.10845e-05 2.06588e-05 2.02355e-05 1.98152e-05 1.93981e-05 1.89846e-05 1.8575e-05 1.81694e-05 1.77683e-05 1.73717e-05 1.698e-05 1.65932e-05 1.62116e-05 1.58352e-05 1.54643e-05 1.50989e-05 1.47392e-05 1.43851e-05 1.40368e-05 1.36943e-05 1.33577e-05 1.30271e-05 1.27023e-05 1.23835e-05 1.20707e-05 1.17638e-05 1.14629e-05 1.11679e-05 1.08787e-05 1.05955e-05 1.03181e-05 1.00465e-05 9.78061e-06 9.52045e-06 9.26592e-06 9.01698e-06 8.77357e-06 8.53562e-06 8.30306e-06 8.07582e-06 7.85384e-06 7.63704e-06 7.42533e-06 7.21866e-06 7.01693e-06 6.82007e-06 6.628e-06 6.44064e-06 6.25791e-06 6.07971e-06 5.90598e-06 5.73663e-06 5.57158e-06 5.41074e-06 5.25403e-06 5.10138e-06 4.95269e-06 4.80789e-06 4.66689e-06 4.52963e-06 4.39601e-06 4.26596e-06 4.1394e-06 4.01625e-06 3.89644e-06 3.77989e-06 3.66653e-06 3.55629e-06 3.44909e-06 3.34485e-06 3.24352e-06 3.14502e-06 3.04928e-06 2.95623e-06 2.86582e-06 2.77797e-06 2.69262e-06 2.60971e-06 2.52918e-06 2.45097e-06 2.37501e-06 2.30125e-06
0.000162312 2.74885e-05 2.71786e-05 2.68552e-05 2.65198e-05 2.61736e-05 2.58177e-05 2.54532e-05 2.50813e-05 2.47028e-05 2.43188e-05 2.393e-05 2.35373e-05 2.31414e-05 2.27431e-05 2.2343e-05 2.19418e-05 2.154e-05 2.11383e-05 2.07371e-05 2.03368e-05 1.9938e-05 1.9541e-05 1.91463e-05 1.87541e-05 1.83648e-05 1.79788e-05 1.75962e-05 1.72173e-05 1.68424e-05 1.64717e-05 1.61053e-05 1.57435e-05 1.53863e-05 1.5034e-05 1.46866e-05 1.43442e-05 1.4007e-05 1.3675e-05 1.33483e-05 1.3027e-05 1.2711e-05 1.24005e-05 1.20954e-05 1.17958e-05 1.15017e-05 1.1213e-05 1.09299e-05 1.06522e-05 1.03799e-05 1.01131e-05 9.85166e-06 9.59559e-06 9.34484e-06 9.09936e-06 8.85912e-06 8.62405e-06 8.39411e-06 8.16924e-06 7.94938e-06 7.73447e-06 7.52445e-06 7.31924e-06 7.11878e-06 6.92301e-06 6.73185e-06 6.54523e-06 6.36307e-06 6.18531e-06 6.01188e-06 5.84269e-06 5.67767e-06 5.51675e-06 5.35985e-06 5.2069e-06 5.05782e-06 4.91254e-06 4.77097e-06 4.63306e-06 4.49872e-06 4.36788e-06 4.24047e-06 4.11642e-06 3.99565e-06 3.87809e-06 3.76367e-06 3.65233e-06 3.54399e-06 3.43859e-06 3.33605e-06 3.23632e-06 3.13933e-06 3.04501e-06 2.95331e-06 2.86415e-06 2.77748e-06 2.69324e-06 2.61136e-06 2.5318e-06 2.45448e-06 2.37937e-06
0.000154916 2.64979e-05 2.62345e-05 2.59563e-05 2.56647e-05 2.5361e-05 2.50462e-05 2.47216e-05 2.43882e-05 2.4047e-05 2.36989e-05 2.33448e-05 2.29856e-05 2.2622e-05 2.22548e-05 2.18847e-05 2.15123e-05 2.11383e-05 2.07632e-05 2.03876e-05 2.00119e-05 1.96366e-05 1.92623e-05 1.88892e-05 1.85178e-05 1.81483e-05 1.77812e-05 1.74168e-05 1.70552e-05 1.66968e-05 1.63418e-05 1.59905e-05 1.56429e-05 1.52993e-05 1.49599e-05 1.46247e-05 1.4294e-05 1.39678e-05 1.36463e-05 1.33294e-05 1.30174e-05 1.27103e-05 1.2408e-05 1.21108e-05 1.18185e-05 1.15313e-05 1.12492e-05 1.09721e-05 1.07e-05 1.04331e-05 1.01712e-05 9.91436e-06 9.66254e-06 9.41573e-06 9.17389e-06 8.93698e-06 8.70499e-06 8.47785e-06 8.25553e-06 8.03798e-06 7.82515e-06 7.61698e-06 7.41343e-06 7.21443e-06 7.01993e-06 6.82986e-06 6.64416e-06 6.46278e-06 6.28563e-06 6.11267e-06 5.94381e-06 5.779e-06 5.61817e-06 5.46125e-06 5.30817e-06 5.15886e-06 5.01326e-06 4.87128e-06 4.73288e-06 4.59797e-06 4.46649e-06 4.33837e-06 4.21355e-06 4.09195e-06 3.97351e-06 3.85817e-06 3.74585e-06 3.6365e-06 3.53004e-06 3.42643e-06 3.32558e-06 3.22744e-06 3.13196e-06 3.03906e-06 2.94869e-06 2.86079e-06 2.77531e-06 2.69218e-06 2.61135e-06 2.53276e-06 2.45637e-06
0.000147857 2.55405e-05 2.53204e-05 2.50845e-05 2.48339e-05 2.457e-05 2.42939e-05 2.40068e-05 2.37097e-05 2.34036e-05 2.30896e-05 2.27685e-05 2.24411e-05 2.21082e-05 2.17707e-05 2.14293e-05 2.10845e-05 2.07371e-05 2.03876e-05 2.00366e-05 1.96846e-05 1.93321e-05 1.89796e-05 1.86275e-05 1.82761e-05 1.7926e-05 1.75774e-05 1.72306e-05 1.68859e-05 1.65437e-05 1.62041e-05 1.58675e-05 1.5534e-05 1.52038e-05 1.48771e-05 1.45541e-05 1.42349e-05 1.39196e-05 1.36085e-05 1.33015e-05 1.29988e-05 1.27005e-05 1.24066e-05 1.21172e-05 1.18324e-05 1.15522e-05 1.12766e-05 1.10057e-05 1.07394e-05 1.04779e-05 1.02211e-05 9.96896e-06 9.72154e-06 9.47882e-06 9.24077e-06 9.00737e-06 8.77861e-06 8.55444e-06 8.33484e-06 8.11977e-06 7.90919e-06 7.70307e-06 7.50134e-06 7.30398e-06 7.11092e-06 6.92212e-06 6.73752e-06 6.55708e-06 6.38072e-06 6.2084e-06 6.04005e-06 5.87562e-06 5.71504e-06 5.55825e-06 5.4052e-06 5.25582e-06 5.11005e-06 4.96782e-06 4.82907e-06 4.69373e-06 4.56176e-06 4.43307e-06 4.30761e-06 4.18532e-06 4.06613e-06 3.94999e-06 3.83682e-06 3.72657e-06 3.61918e-06 3.51459e-06 3.41274e-06 3.31356e-06 3.21701e-06 3.12302e-06 3.03154e-06 2.94251e-06 2.85587e-06 2.77158e-06 2.68957e-06 2.60979e-06 2.5322e-06
0.000141119 2.46153e-05 2.44356e-05 2.4239e-05 2.40268e-05 2.38002e-05 2.35604e-05 2.33085e-05 2.30457e-05 2.27729e-05 2.24911e-05 2.22012e-05 2.1904e-05 2.16005e-05 2.12913e-05 2.09771e-05 2.06588e-05 2.03368e-05 2.00119e-05 1.96846e-05 1.93554e-05 1.90249e-05 1.86935e-05 1.83617e-05 1.80299e-05 1.76984e-05 1.73678e-05 1.70382e-05 1.67101e-05 1.63836e-05 1.60592e-05 1.5737e-05 1.54173e-05 1.51003e-05 1.47862e-05 1.44751e-05 1.41673e-05 1.3863e-05 1.35621e-05 1.32649e-05 1.29716e-05 1.26821e-05 1.23965e-05 1.21151e-05 1.18377e-05 1.15645e-05 1.12956e-05 1.1031e-05 1.07706e-05 1.05146e-05 1.0263e-05 1.00157e-05 9.77283e-06 9.53433e-06 9.30022e-06 9.07048e-06 8.84509e-06 8.62405e-06 8.40733e-06 8.1949e-06 7.98674e-06 7.78282e-06 7.58309e-06 7.38753e-06 7.19608e-06 7.00872e-06 6.82538e-06 6.64604e-06 6.47063e-06 6.29911e-06 6.13143e-06 5.96754e-06 5.80737e-06 5.65088e-06 5.49801e-06 5.34871e-06 5.20291e-06 5.06057e-06 4.92162e-06 4.786e-06 4.65366e-06 4.52454e-06 4.39858e-06 4.27573e-06 4.15592e-06 4.03909e-06 3.92519e-06 3.81417e-06 3.70596e-06 3.6005e-06 3.49775e-06 3.39765e-06 3.30013e-06 3.20515e-06 3.11265e-06 3.02258e-06 2.93488e-06 2.8495e-06 2.7664e-06 2.68551e-06 2.6068e-06
0.000134688 2.37214e-05 2.35793e-05 2.34193e-05 2.32429e-05 2.30512e-05 2.28455e-05 2.26268e-05 2.23962e-05 2.21548e-05 2.19035e-05 2.16431e-05 2.13747e-05 2.1099e-05 2.08167e-05 2.05287e-05 2.02355e-05 1.9938e-05 1.96366e-05 1.93321e-05 1.90249e-05 1.87155e-05 1.84045e-05 1.80924e-05 1.77795e-05 1.74662e-05 1.7153e-05 1.68402e-05 1.65282e-05 1.62172e-05 1.59075e-05 1.55995e-05 1.52934e-05 1.49893e-05 1.46876e-05 1.43884e-05 1.40919e-05 1.37982e-05 1.35076e-05 1.32202e-05 1.29361e-05 1.26554e-05 1.23782e-05 1.21047e-05 1.18349e-05 1.15688e-05 1.13066e-05 1.10483e-05 1.07939e-05 1.05435e-05 1.02972e-05 1.00549e-05 9.81664e-06 9.58249e-06 9.35244e-06 9.12649e-06 8.90463e-06 8.68686e-06 8.47316e-06 8.26353e-06 8.05794e-06 7.85637e-06 7.65879e-06 7.46518e-06 7.27551e-06 7.08973e-06 6.90782e-06 6.72973e-06 6.55543e-06 6.38487e-06 6.21801e-06 6.0548e-06 5.8952e-06 5.73915e-06 5.58662e-06 5.43754e-06 5.29186e-06 5.14955e-06 5.01053e-06 4.87477e-06 4.7422e-06 4.61278e-06 4.48645e-06 4.36315e-06 4.24284e-06 4.12545e-06 4.01094e-06 3.89926e-06 3.79033e-06 3.68413e-06 3.58058e-06 3.47965e-06 3.38127e-06 3.28539e-06 3.19197e-06 3.10094e-06 3.01227e-06 2.9259e-06 2.84179e-06 2.75987e-06 2.68011e-06
0.000128551 2.28578e-05 2.27506e-05 2.26248e-05 2.24818e-05 2.23228e-05 2.21489e-05 2.19614e-05 2.17612e-05 2.15493e-05 2.13268e-05 2.10945e-05 2.08533e-05 2.0604e-05 2.03474e-05 2.00842e-05 1.98152e-05 1.9541e-05 1.92623e-05 1.89796e-05 1.86935e-05 1.84045e-05 1.81132e-05 1.78201e-05 1.75254e-05 1.72298e-05 1.69336e-05 1.66371e-05 1.63408e-05 1.60448e-05 1.57497e-05 1.54555e-05 1.51626e-05 1.48713e-05 1.45818e-05 1.42942e-05 1.40089e-05 1.37259e-05 1.34455e-05 1.31677e-05 1.28929e-05 1.26209e-05 1.23521e-05 1.20865e-05 1.18242e-05 1.15653e-05 1.13098e-05 1.10579e-05 1.08096e-05 1.05649e-05 1.03239e-05 1.00867e-05 9.8532e-06 9.62352e-06 9.39766e-06 9.17561e-06 8.9574e-06 8.74303e-06 8.5325e-06 8.3258e-06 8.12291e-06 7.92384e-06 7.72856e-06 7.53705e-06 7.34929e-06 7.16526e-06 6.98492e-06 6.80824e-06 6.63519e-06 6.46574e-06 6.29984e-06 6.13747e-06 5.97857e-06 5.82311e-06 5.67104e-06 5.52232e-06 5.37691e-06 5.23476e-06 5.09581e-06 4.96003e-06 4.82737e-06 4.69777e-06 4.57119e-06 4.44757e-06 4.32688e-06 4.20905e-06 4.09404e-06 3.9818e-06 3.87228e-06 3.76543e-06 3.66119e-06 3.55952e-06 3.46038e-06 3.3637e-06 3.26945e-06 3.17757e-06 3.08801e-06 3.00073e-06 2.91569e-06 2.83282e-06 2.7521e-06
0.000122693 2.20237e-05 2.19488e-05 2.18547e-05 2.17429e-05 2.16144e-05 2.14705e-05 2.13121e-05 2.11405e-05 2.09565e-05 2.07612e-05 2.05553e-05 2.03399e-05 2.01157e-05 1.98836e-05 1.96441e-05 1.93981e-05 1.91463e-05 1.88892e-05 1.86275e-05 1.83617e-05 1.80924e-05 1.78201e-05 1.75452e-05 1.72683e-05 1.69898e-05 1.671e-05 1.64294e-05 1.61483e-05 1.58671e-05 1.55861e-05 1.53055e-05 1.50257e-05 1.47468e-05 1.44693e-05 1.41932e-05 1.39189e-05 1.36464e-05 1.3376e-05 1.31079e-05 1.28422e-05 1.2579e-05 1.23185e-05 1.20608e-05 1.1806e-05 1.15543e-05 1.13056e-05 1.10601e-05 1.08179e-05 1.0579e-05 1.03435e-05 1.01114e-05 9.88276e-06 9.65764e-06 9.43606e-06 9.21804e-06 9.0036e-06 8.79275e-06 8.5855e-06 8.38185e-06 8.18181e-06 7.98537e-06 7.79252e-06 7.60325e-06 7.41755e-06 7.23539e-06 7.05675e-06 6.88162e-06 6.70997e-06 6.54176e-06 6.37697e-06 6.21557e-06 6.05751e-06 5.90278e-06 5.75131e-06 5.60309e-06 5.45807e-06 5.31621e-06 5.17747e-06 5.0418e-06 4.90916e-06 4.7795e-06 4.65279e-06 4.52898e-06 4.40802e-06 4.28986e-06 4.17447e-06 4.06178e-06 3.95176e-06 3.84437e-06 3.73954e-06 3.63725e-06 3.53743e-06 3.44005e-06 3.34505e-06 3.2524e-06 3.16205e-06 3.07395e-06 2.98805e-06 2.90432e-06 2.8227e-06
0.000117102 2.12182e-05 2.11732e-05 2.11086e-05 2.10257e-05 2.09257e-05 2.08097e-05 2.06788e-05 2.0534e-05 2.03762e-05 2.02065e-05 2.00258e-05 1.98348e-05 1.96345e-05 1.94255e-05 1.92086e-05 1.89846e-05 1.87541e-05 1.85178e-05 1.82761e-05 1.80299e-05 1.77795e-05 1.75254e-05 1.72683e-05 1.70085e-05 1.67466e-05 1.64828e-05 1.62176e-05 1.59514e-05 1.56845e-05 1.54172e-05 1.51499e-05 1.48828e-05 1.46163e-05 1.43505e-05 1.40858e-05 1.38222e-05 1.35602e-05 1.32997e-05 1.30411e-05 1.27845e-05 1.253e-05 1.22778e-05 1.2028e-05 1.17807e-05 1.15361e-05 1.12943e-05 1.10553e-05 1.08192e-05 1.05861e-05 1.03561e-05 1.01292e-05 9.90553e-06 9.68507e-06 9.46787e-06 9.25397e-06 9.0434e-06 8.83618e-06 8.63233e-06 8.43186e-06 8.23478e-06 8.04109e-06 7.8508e-06 7.66389e-06 7.48037e-06 7.30022e-06 7.12343e-06 6.94998e-06 6.77985e-06 6.61302e-06 6.44946e-06 6.28916e-06 6.13208e-06 5.9782e-06 5.82747e-06 5.67987e-06 5.53537e-06 5.39393e-06 5.25551e-06 5.12007e-06 4.98757e-06 4.85799e-06 4.73126e-06 4.60736e-06 4.48625e-06 4.36787e-06 4.2522e-06 4.13917e-06 4.02877e-06 3.92093e-06 3.81561e-06 3.71278e-06 3.61239e-06 3.51439e-06 3.41875e-06 3.32542e-06 3.23435e-06 3.1455e-06 3.05884e-06 2.97432e-06 2.89189e-06
0.000111766 2.04403e-05 2.0423e-05 2.03858e-05 2.03298e-05 2.02564e-05 2.01665e-05 2.00612e-05 1.99416e-05 1.98085e-05 1.9663e-05 1.95059e-05 1.93381e-05 1.91603e-05 1.89734e-05 1.8778e-05 1.8575e-05 1.83648e-05 1.81483e-05 1.7926e-05 1.76984e-05 1.74662e-05 1.72298e-05 1.69898e-05 1.67466e-05 1.65006e-05 1.62523e-05 1.6002e-05 1.57503e-05 1.54973e-05 1.52435e-05 1.49892e-05 1.47346e-05 1.44801e-05 1.42259e-05 1.39722e-05 1.37194e-05 1.34675e-05 1.32169e-05 1.29677e-05 1.27201e-05 1.24742e-05 1.22302e-05 1.19883e-05 1.17486e-05 1.15111e-05 1.12761e-05 1.10436e-05 1.08137e-05 1.05865e-05 1.0362e-05 1.01405e-05 9.92175e-06 9.70601e-06 9.49328e-06 9.28359e-06 9.07699e-06 8.8735e-06 8.67315e-06 8.47596e-06 8.28195e-06 8.09114e-06 7.90352e-06 7.71909e-06 7.53788e-06 7.35985e-06 7.18502e-06 7.01337e-06 6.84489e-06 6.67957e-06 6.51738e-06 6.3583e-06 6.20232e-06 6.04941e-06 5.89955e-06 5.7527e-06 5.60883e-06 5.46793e-06 5.32995e-06 5.19486e-06 5.06263e-06 4.93322e-06 4.80659e-06 4.68272e-06 4.56156e-06 4.44307e-06 4.32722e-06 4.21396e-06 4.10326e-06 3.99508e-06 3.88937e-06 3.7861e-06 3.68523e-06 3.58671e-06 3.4905e-06 3.39657e-06 3.30487e-06 3.21537e-06 3.12801e-06 3.04277e-06 2.95961e-06
0.000106673 1.96893e-05 1.96975e-05 1.96856e-05 1.96547e-05 1.9606e-05 1.95404e-05 1.94592e-05 1.93631e-05 1.92533e-05 1.91305e-05 1.89958e-05 1.88498e-05 1.86934e-05 1.85274e-05 1.83525e-05 1.81694e-05 1.79788e-05 1.77812e-05 1.75774e-05 1.73678e-05 1.7153e-05 1.69336e-05 1.671e-05 1.64828e-05 1.62523e-05 1.6019e-05 1.57833e-05 1.55455e-05 1.53062e-05 1.50655e-05 1.48238e-05 1.45814e-05 1.43386e-05 1.40958e-05 1.3853e-05 1.36107e-05 1.33689e-05 1.3128e-05 1.28881e-05 1.26493e-05 1.2412e-05 1.21762e-05 1.19421e-05 1.17099e-05 1.14796e-05 1.12514e-05 1.10254e-05 1.08017e-05 1.05804e-05 1.03616e-05 1.01453e-05 9.93165e-06 9.7207e-06 9.5125e-06 9.3071e-06 9.10455e-06 8.90488e-06 8.70813e-06 8.51432e-06 8.32349e-06 8.13564e-06 7.9508e-06 7.76897e-06 7.59017e-06 7.41439e-06 7.24164e-06 7.07191e-06 6.9052e-06 6.74149e-06 6.58078e-06 6.42305e-06 6.26829e-06 6.11647e-06 5.96758e-06 5.82159e-06 5.67849e-06 5.53823e-06 5.40081e-06 5.26618e-06 5.13432e-06 5.0052e-06 4.87879e-06 4.75505e-06 4.63395e-06 4.51545e-06 4.39952e-06 4.28613e-06 4.17524e-06 4.06681e-06 3.9608e-06 3.85718e-06 3.75592e-06 3.65696e-06 3.56028e-06 3.46583e-06 3.37359e-06 3.2835e-06 3.19554e-06 3.10966e-06 3.02583e-06
0.000101812 1.89642e-05 1.8996e-05 1.90075e-05 1.89998e-05 1.89741e-05 1.89312e-05 1.88724e-05 1.87985e-05 1.87104e-05 1.86091e-05 1.84954e-05 1.83701e-05 1.8234e-05 1.80879e-05 1.79324e-05 1.77683e-05 1.75962e-05 1.74168e-05 1.72306e-05 1.70382e-05 1.68402e-05 1.66371e-05 1.64294e-05 1.62176e-05 1.6002e-05 1.57833e-05 1.55616e-05 1.53375e-05 1.51114e-05 1.48834e-05 1.46541e-05 1.44236e-05 1.41924e-05 1.39606e-05 1.37286e-05 1.34965e-05 1.32647e-05 1.30333e-05 1.28026e-05 1.25727e-05 1.23438e-05 1.21161e-05 1.18898e-05 1.1665e-05 1.14418e-05 1.12204e-05 1.10009e-05 1.07835e-05 1.05681e-05 1.03549e-05 1.0144e-05 9.93544e-06 9.72934e-06 9.52574e-06 9.3247e-06 9.12627e-06 8.9305e-06 8.73742e-06 8.54709e-06 8.35952e-06 8.17474e-06 7.99278e-06 7.81365e-06 7.63737e-06 7.46394e-06 7.29337e-06 7.12567e-06 6.96083e-06 6.79886e-06 6.63974e-06 6.48347e-06 6.33003e-06 6.17942e-06 6.03162e-06 5.88661e-06 5.74437e-06 5.60488e-06 5.46812e-06 5.33406e-06 5.20268e-06 5.07396e-06 4.94785e-06 4.82435e-06 4.70341e-06 4.585e-06 4.4691e-06 4.35567e-06 4.24468e-06 4.1361e-06 4.02988e-06 3.92601e-06 3.82443e-06 3.72513e-06 3.62805e-06 3.53318e-06 3.44046e-06 3.34988e-06 3.26138e-06 3.17493e-06 3.09051e-06
9.71725e-05 1.82644e-05 1.83179e-05 1.83509e-05 1.83647e-05 1.83603e-05 1.83386e-05 1.83007e-05 1.82475e-05 1.81798e-05 1.80987e-05 1.80048e-05 1.7899e-05 1.77821e-05 1.76548e-05 1.75178e-05 1.73717e-05 1.72173e-05 1.70552e-05 1.68859e-05 1.67101e-05 1.65282e-05 1.63408e-05 1.61483e-05 1.59514e-05 1.57503e-05 1.55455e-05 1.53375e-05 1.51267e-05 1.49133e-05 1.46978e-05 1.44805e-05 1.42617e-05 1.40417e-05 1.38208e-05 1.35992e-05 1.33773e-05 1.31552e-05 1.29332e-05 1.27115e-05 1.24903e-05 1.22698e-05 1.20502e-05 1.18316e-05 1.16142e-05 1.13981e-05 1.11835e-05 1.09705e-05 1.07592e-05 1.05498e-05 1.03422e-05 1.01367e-05 9.93335e-06 9.73214e-06 9.53319e-06 9.33656e-06 9.14232e-06 8.95052e-06 8.76121e-06 8.57442e-06 8.3902e-06 8.20858e-06 8.02959e-06 7.85325e-06 7.67958e-06 7.5086e-06 7.34031e-06 7.17474e-06 7.01189e-06 6.85175e-06 6.69433e-06 6.53962e-06 6.38762e-06 6.23832e-06 6.09171e-06 5.94778e-06 5.80651e-06 5.66789e-06 5.5319e-06 5.39851e-06 5.26772e-06 5.13949e-06 5.0138e-06 4.89063e-06 4.76995e-06 4.65173e-06 4.53595e-06 4.42258e-06 4.31158e-06 4.20293e-06 4.0966e-06 3.99256e-06 3.89076e-06 3.79119e-06 3.69381e-06 3.59858e-06 3.50548e-06 3.41446e-06 3.32551e-06 3.23857e-06 3.15363e-06
9.27445e-05 1.75889e-05 1.76623e-05 1.77153e-05 1.77489e-05 1.77643e-05 1.77623e-05 1.77438e-05 1.771e-05 1.76615e-05 1.75992e-05 1.7524e-05 1.74366e-05 1.73378e-05 1.72283e-05 1.71088e-05 1.698e-05 1.68424e-05 1.66968e-05 1.65437e-05 1.63836e-05 1.62172e-05 1.60448e-05 1.58671e-05 1.56845e-05 1.54973e-05 1.53062e-05 1.51114e-05 1.49133e-05 1.47124e-05 1.4509e-05 1.43034e-05 1.40959e-05 1.38869e-05 1.36766e-05 1.34653e-05 1.32533e-05 1.30408e-05 1.28281e-05 1.26153e-05 1.24027e-05 1.21905e-05 1.19788e-05 1.17678e-05 1.15577e-05 1.13487e-05 1.11409e-05 1.09344e-05 1.07293e-05 1.05258e-05 1.03239e-05 1.01238e-05 9.92559e-06 9.72931e-06 9.53505e-06 9.3429e-06 9.1529e-06 8.96513e-06 8.77964e-06 8.59647e-06 8.41567e-06 8.23729e-06 8.06135e-06 7.88788e-06 7.71692e-06 7.54847e-06 7.38257e-06 7.21923e-06 7.05845e-06 6.90024e-06 6.74461e-06 6.59157e-06 6.4411e-06 6.29322e-06 6.1479e-06 6.00515e-06 5.86496e-06 5.7273e-06 5.59218e-06 5.45957e-06 5.32945e-06 5.20182e-06 5.07664e-06 4.9539e-06 4.83358e-06 4.71564e-06 4.60007e-06 4.48685e-06 4.37593e-06 4.26731e-06 4.16095e-06 4.05682e-06 3.95489e-06 3.85513e-06 3.75752e-06 3.66202e-06 3.5686e-06 3.47724e-06 3.3879e-06 3.30054e-06 3.21515e-06
8.85183e-05 1.69371e-05 1.70287e-05 1.71e-05 1.7152e-05 1.71856e-05 1.72018e-05 1.72016e-05 1.71857e-05 1.71551e-05 1.71106e-05 1.7053e-05 1.69829e-05 1.69012e-05 1.68086e-05 1.67057e-05 1.65932e-05 1.64717e-05 1.63418e-05 1.62041e-05 1.60592e-05 1.59075e-05 1.57497e-05 1.55861e-05 1.54172e-05 1.52435e-05 1.50655e-05 1.48834e-05 1.46978e-05 1.4509e-05 1.43173e-05 1.41231e-05 1.39267e-05 1.37284e-05 1.35285e-05 1.33272e-05 1.3125e-05 1.29219e-05 1.27182e-05 1.25142e-05 1.23101e-05 1.2106e-05 1.19021e-05 1.16988e-05 1.1496e-05 1.12939e-05 1.10928e-05 1.08927e-05 1.06938e-05 1.04963e-05 1.03001e-05 1.01054e-05 9.91238e-06 9.72106e-06 9.53153e-06 9.34388e-06 9.15818e-06 8.97449e-06 8.79287e-06 8.61339e-06 8.43609e-06 8.26101e-06 8.0882e-06 7.91768e-06 7.7495e-06 7.58368e-06 7.42025e-06 7.25921e-06 7.1006e-06 6.94442e-06 6.79068e-06 6.63939e-06 6.49055e-06 6.34417e-06 6.20025e-06 6.05877e-06 5.91975e-06 5.78316e-06 5.649e-06 5.51725e-06 5.38792e-06 5.26097e-06 5.13639e-06 5.01418e-06 4.8943e-06 4.77673e-06 4.66147e-06 4.54848e-06 4.43773e-06 4.32922e-06 4.22291e-06 4.11878e-06 4.01679e-06 3.91693e-06 3.81917e-06 3.72347e-06 3.62982e-06 3.53818e-06 3.44852e-06 3.36082e-06 3.27504e-06
8.44846e-05 1.63082e-05 1.64165e-05 1.65045e-05 1.65733e-05 1.66238e-05 1.6657e-05 1.66736e-05 1.66746e-05 1.66608e-05 1.66329e-05 1.65917e-05 1.6538e-05 1.64724e-05 1.63958e-05 1.63086e-05 1.62116e-05 1.61053e-05 1.59905e-05 1.58675e-05 1.5737e-05 1.55995e-05 1.54555e-05 1.53055e-05 1.51499e-05 1.49892e-05 1.48238e-05 1.46541e-05 1.44805e-05 1.43034e-05 1.41231e-05 1.39399e-05 1.37543e-05 1.35664e-05 1.33767e-05 1.31853e-05 1.29925e-05 1.27987e-05 1.26039e-05 1.24085e-05 1.22127e-05 1.20167e-05 1.18206e-05 1.16247e-05 1.14291e-05 1.1234e-05 1.10396e-05 1.08459e-05 1.06532e-05 1.04615e-05 1.0271e-05 1.00818e-05 9.89393e-06 9.70758e-06 9.52281e-06 9.3397e-06 9.15833e-06 8.97877e-06 8.80109e-06 8.62534e-06 8.45159e-06 8.27988e-06 8.11026e-06 7.94277e-06 7.77745e-06 7.61433e-06 7.45344e-06 7.2948e-06 7.13843e-06 6.98436e-06 6.8326e-06 6.68315e-06 6.53603e-06 6.39125e-06 6.2488e-06 6.1087e-06 5.97093e-06 5.83549e-06 5.70239e-06 5.5716e-06 5.44313e-06 5.31696e-06 5.19308e-06 5.07147e-06 4.95212e-06 4.83502e-06 4.72014e-06 4.60747e-06 4.49698e-06 4.38866e-06 4.28248e-06 4.17843e-06 4.07647e-06 3.97658e-06 3.87874e-06 3.78293e-06 3.68911e-06 3.59727e-06 3.50737e-06 3.41939e-06 3.33329e-06
8.06348e-05 1.57014e-05 1.58249e-05 1.59283e-05 1.60126e-05 1.60787e-05 1.61275e-05 1.61598e-05 1.61764e-05 1.61782e-05 1.61659e-05 1.61402e-05 1.61018e-05 1.60515e-05 1.59898e-05 1.59176e-05 1.58352e-05 1.57435e-05 1.56429e-05 1.5534e-05 1.54173e-05 1.52934e-05 1.51626e-05 1.50257e-05 1.48828e-05 1.47346e-05 1.45814e-05 1.44236e-05 1.42617e-05 1.40959e-05 1.39267e-05 1.37543e-05 1.35791e-05 1.34015e-05 1.32216e-05 1.30398e-05 1.28564e-05 1.26715e-05 1.24855e-05 1.22986e-05 1.2111e-05 1.19229e-05 1.17345e-05 1.15459e-05 1.13575e-05 1.11692e-05 1.09814e-05 1.07941e-05 1.06075e-05 1.04217e-05 1.02369e-05 1.00531e-05 9.87044e-06 9.68908e-06 9.50908e-06 9.33054e-06 9.15353e-06 8.97814e-06 8.80443e-06 8.63247e-06 8.46232e-06 8.29404e-06 8.12768e-06 7.96328e-06 7.80088e-06 7.64053e-06 7.48225e-06 7.32608e-06 7.17204e-06 7.02016e-06 6.87045e-06 6.72293e-06 6.57761e-06 6.43451e-06 6.29363e-06 6.15497e-06 6.01855e-06 5.88435e-06 5.75239e-06 5.62265e-06 5.49513e-06 5.36982e-06 5.24672e-06 5.12581e-06 5.00708e-06 4.89051e-06 4.77611e-06 4.66383e-06 4.55368e-06 4.44564e-06 4.33967e-06 4.23577e-06 4.13391e-06 4.03407e-06 3.93624e-06 3.84037e-06 3.74647e-06 3.65449e-06 3.56441e-06 3.47622e-06 3.38988e-06
