0.365081 0.131324 0.0472389 0.0169924 0.00611238 0.0021987 0.000790899 0.000284496 0.000102337 3.68117e-05 1.32416e-05 4.76318e-06 1.71337e-06 6.16321e-07 2.21698e-07 7.97476e-08 2.86862e-08 1.03188e-08 3.71179e-09 1.33518e-09 4.80279e-10 1.72762e-10 6.21447e-11 2.23542e-11 8.04108e-12 2.89248e-12 1.04046e-12 3.74266e-13 1.34628e-13 4.84273e-14 1.74199e-14 6.26615e-15 2.25401e-15 8.10795e-16 2.91653e-16 1.04911e-16 3.77378e-17 1.35748e-17 4.88301e-18 1.75648e-18 6.31826e-19 2.27276e-19 8.17538e-20 2.94079e-20 1.05784e-20 3.80517e-21 1.36877e-21 4.92362e-22 1.77108e-22 6.37081e-23 2.29166e-23 8.24337e-24 2.96524e-24 1.06663e-24 3.83681e-25 1.38015e-25 4.96456e-26 1.78581e-26 6.42379e-27 2.31072e-27 8.31193e-28 2.9899e-28 1.0755e-28 3.86872e-29 1.39163e-29 5.00585e-30 1.80067e-30 6.47721e-31 2.32993e-31 8.38105e-32 3.01477e-32 1.08445e-32 3.90089e-33 1.4032e-33 5.04748e-34 1.81564e-34 6.53108e-35 2.34931e-35 8.45075e-36 3.03984e-36 1.09347e-36 3.93334e-37 1.41487e-37 5.08946e-38 1.83074e-38 6.5854e-39 2.36885e-39 8.52103e-40 3.06512e-40 1.10256e-40 3.96605e-41 1.42664e-41 5.13178e-42 1.84597e-42 6.64016e-43 2.38855e-43 8.5919e-44 3.09061e-44 1.11173e-44 3.99903e-45 1.4385e-45
0.131324 0.0636264 0.028782 0.0124736 0.00524966 0.00216274 0.000876656 0.000350845 0.000138973 5.45841e-05 2.12869e-05 8.25155e-06 3.18199e-06 1.22151e-06 4.67056e-07 1.77957e-07 6.75931e-08 2.56017e-08 9.67242e-09 3.6459e-09 1.37141e-09 5.1487e-10 1.9296e-10 7.21996e-11 2.69745e-11 1.0064e-11 3.74998e-12 1.39562e-12 5.1882e-13 1.92669e-13 7.14791e-14 2.64938e-14 9.81143e-15 3.63047e-15 1.34232e-15 4.9594e-16 1.83105e-16 6.75589e-17 2.49111e-17 9.18001e-18 3.38101e-18 1.24455e-18 4.57882e-19 1.68375e-19 6.18867e-20 2.27362e-20 8.34931e-21 3.06479e-21 1.12454e-21 4.12462e-22 1.51227e-22 5.54269e-23 2.03078e-23 7.43805e-24 2.72344e-24 9.96876e-25 3.64783e-25 1.33446e-25 4.88036e-26 1.78436e-26 6.52228e-27 2.38345e-27 8.70778e-28 3.18057e-28 1.16146e-28 4.24037e-29 1.54778e-29 5.64839e-30 2.06087e-30 7.51778e-31 2.74186e-31 9.99812e-32 3.64512e-32 1.32871e-32 4.8425e-33 1.76456e-33 6.42885e-34 2.34185e-34 8.52938e-35 3.10606e-35 1.13093e-35 4.11718e-36 1.49866e-36 5.45436e-37 1.98485e-37 7.22191e-38 2.62737e-38 9.5573e-39 3.47612e-39 1.26416e-39 4.59684e-40 1.67134e-40 6.07606e-41 2.20867e-41 8.02771e-42 2.91747e-42 1.06017e-42 3.85213e-43 1.39953e-43 5.08419e-44 1.8468e-44
0.0472389 0.028782 0.0153297 0.00756895 0.00355692 0.0016138 0.000713085 0.000308626 0.000131359 5.51418e-05 2.28797e-05 9.39942e-06 3.82838e-06 1.54761e-06 6.21476e-07 2.48097e-07 9.85192e-08 3.89358e-08 1.53215e-08 6.00542e-09 2.34544e-09 9.12996e-10 3.54316e-10 1.37117e-10 5.29244e-11 2.03782e-11 7.82873e-12 3.00121e-12 1.14826e-12 4.38506e-13 1.67166e-13 6.36215e-14 2.41758e-14 9.17315e-15 3.47575e-15 1.31523e-15 4.9706e-16 1.87627e-16 7.07434e-17 2.66443e-17 1.00247e-17 3.76797e-18 1.41492e-18 5.30837e-19 1.98981e-19 7.45248e-20 2.78895e-20 1.04291e-20 3.89698e-21 1.45513e-21 5.42971e-22 2.02471e-22 7.54525e-23 2.81006e-23 1.04592e-23 3.89076e-24 1.44653e-24 5.37509e-25 1.99627e-25 7.41027e-26 2.74939e-26 1.01961e-26 3.77947e-27 1.40034e-27 5.18622e-28 1.91993e-28 7.10464e-29 2.62801e-29 9.71727e-30 3.59169e-30 1.32707e-30 4.90158e-31 1.80979e-31 6.67995e-32 2.46477e-32 9.09159e-33 3.35249e-33 1.23584e-33 4.5544e-34 1.67792e-34 6.18002e-35 2.27556e-35 8.37663e-36 3.08273e-36 1.1342e-36 4.17191e-37 1.53417e-37 5.64035e-38 2.07318e-38 7.61846e-39 2.79898e-39 1.0281e-39 3.77553e-40 1.38621e-40 5.08847e-41 1.86749e-41 6.85241e-42 2.51387e-42 9.22061e-43 3.38138e-43 1.23979e-43
0.0169924 0.0124736 0.00756895 0.00414984 0.0021326 0.00104705 0.000496765 0.000229449 0.000103706 4.60391e-05 2.01311e-05 8.68903e-06 3.70836e-06 1.56712e-06 6.56482e-07 2.7287e-07 1.12628e-07 4.61938e-08 1.88375e-08 7.64155e-09 3.08495e-09 1.23991e-09 4.96308e-10 1.97909e-10 7.86406e-11 3.11459e-11 1.22976e-11 4.84159e-12 1.901e-12 7.44515e-13 2.90887e-13 1.13394e-13 4.41093e-14 1.71234e-14 6.63457e-15 2.56592e-15 9.90646e-16 3.81835e-16 1.46942e-16 5.6463e-17 2.16649e-17 8.30135e-18 3.17665e-18 1.21406e-18 4.63429e-19 1.76693e-19 6.72932e-20 2.56008e-20 9.72941e-21 3.6939e-21 1.40109e-21 5.30935e-22 2.01015e-22 7.60396e-23 2.874e-23 1.08538e-23 4.0958e-24 1.54442e-24 5.81931e-25 2.19114e-25 8.24457e-26 3.1001e-26 1.16493e-26 4.37474e-27 1.64187e-27 6.15835e-28 2.30855e-28 8.64908e-29 3.23864e-29 1.21206e-29 4.53377e-30 1.69502e-30 6.334e-31 2.36577e-31 8.83206e-32 3.29575e-32 1.22929e-32 4.58313e-33 1.708e-33 6.36258e-34 2.36921e-34 8.81863e-35 3.28119e-35 1.22039e-35 4.53736e-36 1.68636e-36 6.26537e-37 2.32697e-37 8.63952e-38 3.20659e-38 1.18975e-38 4.41297e-39 1.63633e-39 6.06566e-40 2.24779e-40 8.32733e-41 3.08412e-41 1.14191e-41 4.22685e-42 1.56416e-42 5.7867e-43
0.00611238 0.00524966 0.00355692 0.0021326 0.00118356 0.000622158 0.000314009 0.000153509 7.31337e-05 3.41041e-05 1.56185e-05 7.04253e-06 3.13295e-06 1.3773e-06 5.99144e-07 2.58198e-07 1.10331e-07 4.67863e-08 1.9702e-08 8.24395e-09 3.42939e-09 1.41891e-09 5.84147e-10 2.39374e-10 9.76694e-11 3.96908e-11 1.60689e-11 6.48253e-12 2.60652e-12 1.04476e-12 4.17533e-13 1.664e-13 6.61401e-14 2.62234e-14 1.03724e-14 4.09341e-15 1.61196e-15 6.33478e-16 2.4846e-16 9.72669e-17 3.80098e-17 1.48279e-17 5.77493e-18 2.24558e-18 8.71869e-19 3.38018e-19 1.30864e-19 5.05956e-20 1.95362e-20 7.53397e-21 2.90189e-21 1.11643e-21 4.29034e-22 1.64694e-22 6.31549e-23 2.41932e-23 9.25867e-24 3.53989e-24 1.35216e-24 5.16028e-25 1.96762e-25 7.4962e-26 2.85354e-26 1.08537e-26 4.12513e-27 1.56664e-27 5.94538e-28 2.25466e-28 8.54437e-29 3.23582e-29 1.22462e-29 4.63171e-30 1.75069e-30 6.61317e-31 2.49662e-31 9.4198e-32 3.5521e-32 1.33871e-32 5.0426e-33 1.89842e-33 7.1434e-34 2.68657e-34 1.0099e-34 3.79444e-35 1.42499e-35 5.34904e-36 2.00698e-36 7.52694e-37 2.82166e-37 1.05732e-37 3.96031e-38 1.48277e-38 5.5494e-39 2.0761e-39 7.76395e-40 2.90238e-40 1.08459e-40 4.05154e-41 1.51293e-41 5.64767e-42 2.10751e-42
0.0021987 0.00216274 0.0016138 0.00104705 0.000622158 0.000347578 0.000185405 9.5376e-05 4.76426e-05 2.32251e-05 1.10905e-05 5.20283e-06 2.40335e-06 1.09519e-06 4.93084e-07 2.19614e-07 9.68662e-08 4.23499e-08 1.83671e-08 7.9074e-09 3.38132e-09 1.4369e-09 6.07089e-10 2.55119e-10 1.06674e-10 4.43956e-11 1.83957e-11 7.59109e-12 3.12039e-12 1.27799e-12 5.21613e-13 2.12202e-13 8.60615e-14 3.4801e-14 1.40334e-14 5.64391e-15 2.26411e-15 9.06078e-16 3.61769e-16 1.44124e-16 5.72963e-17 2.27319e-17 9.00122e-18 3.5576e-18 1.40357e-18 5.52792e-19 2.17355e-19 8.53264e-20 3.34447e-20 1.30896e-20 5.11568e-21 1.99654e-21 7.78164e-22 3.02902e-22 1.17757e-22 4.57244e-23 1.77336e-23 6.86993e-24 2.65845e-24 1.02763e-24 3.96822e-25 1.53079e-25 5.89942e-26 2.27138e-26 8.73707e-27 3.35777e-27 1.28931e-27 4.9464e-28 1.8961e-28 7.26242e-29 2.77945e-29 1.06292e-29 4.0618e-30 1.55102e-30 5.91842e-31 2.25679e-31 8.59966e-32 3.27478e-32 1.24624e-32 4.73963e-33 1.80143e-33 6.84271e-34 2.59765e-34 9.85554e-35 3.73709e-35 1.41627e-35 5.36441e-36 2.03079e-36 7.68393e-37 2.90589e-37 1.09839e-37 4.14975e-38 1.56703e-38 5.91465e-39 2.23141e-39 8.41457e-40 3.1717e-40 1.19498e-40 4.50034e-41 1.69413e-41 6.37483e-42
0.000790899 0.000876656 0.000713085 0.000496765 0.000314009 0.000185405 0.000104013 5.60547e-05 2.92414e-05 1.48468e-05 7.36731e-06 3.58442e-06 1.7142e-06 8.07477e-07 3.75278e-07 1.72321e-07 7.82715e-08 3.52032e-08 1.56911e-08 6.93654e-09 3.04324e-09 1.32582e-09 5.73865e-10 2.46893e-10 1.05623e-10 4.49491e-11 1.90342e-11 8.02291e-12 3.36689e-12 1.40713e-12 5.85795e-13 2.4297e-13 1.00424e-13 4.13695e-14 1.69882e-14 6.95515e-15 2.83934e-15 1.15594e-15 4.6937e-16 1.9011e-16 7.68158e-17 3.09666e-17 1.2456e-17 4.99962e-18 2.00267e-18 8.0062e-19 3.19464e-19 1.2724e-19 5.05898e-20 2.008e-20 7.95704e-21 3.14812e-21 1.24361e-21 4.90541e-22 1.93216e-22 7.59985e-23 2.98526e-23 1.1711e-23 4.5883e-24 1.79547e-24 7.01752e-25 2.73959e-25 1.06831e-25 4.16136e-26 1.61923e-26 6.29408e-27 2.44408e-27 9.48141e-28 3.67463e-28 1.42282e-28 5.50413e-29 2.12737e-29 8.21526e-30 3.1698e-30 1.22204e-30 4.70748e-31 1.81197e-31 6.96913e-32 2.67843e-32 1.02864e-32 3.94762e-33 1.51391e-33 5.80189e-34 2.22201e-34 8.50428e-35 3.25274e-35 1.24333e-35 4.74959e-36 1.81327e-36 6.91851e-37 2.63821e-37 1.00545e-37 3.82973e-38 1.45793e-38 5.54721e-39 2.10951e-39 8.018e-40 3.04599e-40 1.15658e-40 4.38946e-41 1.66509e-41
0.000284496 0.000350845 0.000308626 0.000229449 0.000153509 9.5376e-05 5.60547e-05 3.15375e-05 1.7126e-05 9.02992e-06 4.64365e-06 2.33716e-06 1.15442e-06 5.60858e-07 2.68503e-07 1.26857e-07 5.9225e-08 2.73526e-08 1.25085e-08 5.66862e-09 2.54759e-09 1.13614e-09 5.0307e-10 2.21276e-10 9.67259e-11 4.20364e-11 1.81694e-11 7.8132e-12 3.34363e-12 1.42439e-12 6.04176e-13 2.55226e-13 1.07399e-13 4.50276e-14 1.88119e-14 7.83311e-15 3.25126e-15 1.34538e-15 5.55106e-16 2.28399e-16 9.3724e-17 3.83614e-17 1.56628e-17 6.37991e-18 2.59282e-18 1.05142e-18 4.25468e-19 1.7182e-19 6.92508e-20 2.78583e-20 1.11863e-20 4.48386e-21 1.79421e-21 7.1676e-22 2.85876e-22 1.13843e-22 4.52667e-23 1.79728e-23 7.12587e-24 2.82138e-24 1.11559e-24 4.40534e-25 1.73743e-25 6.84386e-26 2.69262e-26 1.05814e-26 4.15354e-27 1.6286e-27 6.37884e-28 2.49582e-28 9.75532e-29 3.80922e-29 1.48596e-29 5.79116e-30 2.25487e-30 8.77168e-31 3.40926e-31 1.32392e-31 5.13683e-32 1.99145e-32 7.71424e-33 2.98589e-33 1.15483e-33 4.46304e-34 1.72355e-34 6.6512e-35 2.56488e-35 9.884e-36 3.80629e-36 1.4648e-36 5.63342e-37 2.16514e-37 8.3162e-38 3.19224e-38 1.22462e-38 4.69517e-39 1.79906e-39 6.88956e-40 2.63689e-40 1.00868e-40 3.85636e-41
0.000102337 0.000138973 0.000131359 0.000103706 7.31337e-05 4.76426e-05 2.92414e-05 1.7126e-05 9.65574e-06 5.27422e-06 2.8045e-06 1.4571e-06 7.41893e-07 3.7106e-07 1.82663e-07 8.86481e-08 4.24716e-08 2.01118e-08 9.42245e-09 4.37141e-09 2.00982e-09 9.16353e-10 4.14574e-10 1.86211e-10 8.30766e-11 3.68308e-11 1.62319e-11 7.11391e-12 3.10145e-12 1.34544e-12 5.80932e-13 2.4972e-13 1.06892e-13 4.55715e-14 1.93544e-14 8.18997e-15 3.45361e-15 1.45151e-15 6.0811e-16 2.53993e-16 1.05777e-16 4.39281e-17 1.81938e-17 7.51588e-18 3.09708e-18 1.27316e-18 5.22166e-19 2.13681e-19 8.72542e-20 3.55553e-20 1.44593e-20 5.86879e-21 2.37756e-21 9.61445e-22 3.88106e-22 1.56399e-22 6.29213e-23 2.52733e-23 1.01356e-23 4.0586e-24 1.62279e-24 6.47931e-25 2.58339e-25 1.02863e-25 4.09035e-26 1.62443e-26 6.44317e-27 2.55251e-27 1.01e-27 3.99182e-28 1.57591e-28 6.21457e-29 2.44807e-29 9.63345e-30 3.78699e-30 1.48721e-30 5.83475e-31 2.28696e-31 8.95547e-32 3.50365e-32 1.36951e-32 5.34845e-33 2.08698e-33 8.13665e-34 3.16968e-34 1.23377e-34 4.7986e-35 1.86491e-35 7.24221e-36 2.81036e-36 1.08978e-36 4.22284e-37 1.63518e-37 6.32748e-38 2.44682e-38 9.45555e-39 3.65165e-39 1.40934e-39 5.43588e-40 2.09535e-40 8.07203e-41
3.68117e-05 5.45841e-05 5.51418e-05 4.60391e-05 3.41041e-05 2.32251e-05 1.48468e-05 9.02992e-06 5.27422e-06 2.97844e-06 1.63449e-06 8.75087e-07 4.58514e-07 2.35714e-07 1.19139e-07 5.93073e-08 2.91199e-08 1.41201e-08 6.76899e-09 3.21109e-09 1.50861e-09 7.02449e-10 3.2437e-10 1.48628e-10 6.76112e-11 3.05486e-11 1.37151e-11 6.12077e-12 2.71618e-12 1.19892e-12 5.26538e-13 2.30138e-13 1.00131e-13 4.33779e-14 1.87145e-14 8.04232e-15 3.44313e-15 1.46881e-15 6.24433e-16 2.64592e-16 1.11762e-16 4.7065e-17 1.97622e-17 8.27478e-18 3.45546e-18 1.43922e-18 5.97946e-19 2.47826e-19 1.02475e-19 4.22778e-20 1.74044e-20 7.14976e-21 2.93115e-21 1.1993e-21 4.8976e-22 1.99634e-22 8.12278e-23 3.29925e-23 1.3378e-23 5.41563e-24 2.18883e-24 8.83284e-25 3.55902e-25 1.43192e-25 5.7529e-26 2.30806e-26 9.24731e-27 3.70006e-27 1.47856e-27 5.90097e-28 2.35219e-28 9.36485e-29 3.72409e-29 1.47925e-29 5.86919e-30 2.32616e-30 9.20955e-31 3.64237e-31 1.43908e-31 5.68007e-32 2.23974e-32 8.82321e-33 3.47256e-33 1.36544e-33 5.36425e-34 2.10553e-34 8.25736e-35 3.2356e-35 1.2668e-35 4.95575e-36 1.93716e-36 7.56627e-37 2.95302e-37 1.15166e-37 4.48812e-38 1.74779e-38 6.8015e-39 2.64495e-39 1.02786e-39 3.9917e-40 1.54916e-40
1.32416e-05 2.12869e-05 2.28797e-05 2.01311e-05 1.56185e-05 1.10905e-05 7.36731e-06 4.64365e-06 2.8045e-06 1.63449e-06 9.24197e-07 5.09101e-07 2.74113e-07 1.44644e-07 7.49666e-08 3.82321e-08 1.92155e-08 9.53044e-09 4.66988e-09 2.26286e-09 1.08529e-09 5.15585e-10 2.42781e-10 1.13384e-10 5.25461e-11 2.41767e-11 1.10486e-11 5.01703e-12 2.26449e-12 1.0163e-12 4.53662e-13 2.01475e-13 8.90435e-14 3.9172e-14 1.71568e-14 7.48295e-15 3.25062e-15 1.40667e-15 6.06491e-16 2.60571e-16 1.11573e-16 4.76196e-17 2.02608e-17 8.59458e-18 3.63528e-18 1.53335e-18 6.45032e-19 2.70642e-19 1.13272e-19 4.72935e-20 1.96999e-20 8.18738e-21 3.39528e-21 1.40502e-21 5.8023e-22 2.39139e-22 9.83697e-23 4.03884e-23 1.65524e-23 6.77164e-24 2.76554e-24 1.12756e-24 4.58976e-25 1.86532e-25 7.5691e-26 3.06678e-26 1.24075e-26 5.01264e-27 2.02229e-27 8.1476e-28 3.27824e-28 1.31731e-28 5.28676e-29 2.11911e-29 8.48386e-30 3.39252e-30 1.35503e-30 5.40617e-31 2.15452e-31 8.57716e-32 3.41097e-32 1.35508e-32 5.37789e-33 2.13221e-33 8.44553e-34 3.34204e-34 1.32127e-34 5.21886e-35 2.05954e-35 8.12055e-36 3.19909e-36 1.25922e-36 4.95241e-37 1.94616e-37 7.6418e-38 2.99828e-38 1.17548e-38 4.60499e-39 1.80269e-39 7.05177e-40 2.75654e-40
4.76318e-06 8.25155e-06 9.39942e-06 8.68903e-06 7.04253e-06 5.20283e-06 3.58442e-06 2.33716e-06 1.4571e-06 8.75087e-07 5.09101e-07 2.8816e-07 1.59234e-07 8.61446e-08 4.57304e-08 2.38672e-08 1.22666e-08 6.21683e-09 3.1107e-09 1.53831e-09 7.52515e-10 3.64438e-10 1.74854e-10 8.31663e-11 3.92358e-11 1.83698e-11 8.53909e-12 3.94263e-12 1.80881e-12 8.24864e-13 3.74018e-13 1.68675e-13 7.56787e-14 3.37885e-14 1.50154e-14 6.64308e-15 2.92653e-15 1.28401e-15 5.61165e-16 2.44337e-16 1.06005e-16 4.58322e-17 1.97503e-17 8.48386e-18 3.63311e-18 1.55124e-18 6.60448e-19 2.80416e-19 1.18744e-19 5.01534e-20 2.11305e-20 8.88125e-21 3.72414e-21 1.5581e-21 6.50452e-22 2.70964e-22 1.12645e-22 4.67352e-23 1.93523e-23 7.99832e-24 3.29965e-24 1.35882e-24 5.58597e-25 2.29246e-25 9.39265e-26 3.84218e-26 1.56923e-26 6.39932e-27 2.60576e-27 1.05951e-27 4.30188e-28 1.74426e-28 7.06283e-29 2.8561e-29 1.15347e-29 4.65257e-30 1.87432e-30 7.54175e-31 3.03101e-31 1.21675e-31 4.87896e-32 1.95421e-32 7.81892e-33 3.12508e-33 1.24774e-33 4.97676e-34 1.98306e-34 7.89403e-35 3.1394e-35 1.24734e-35 4.95137e-36 1.96368e-36 7.78094e-37 3.08045e-37 1.2185e-37 4.81583e-38 1.90177e-38 7.50404e-39 2.9586e-39 1.16557e-39 4.58833e-40
1.71337e-06 3.18199e-06 3.82838e-06 3.70836e-06 3.13295e-06 2.40335e-06 1.7142e-06 1.15442e-06 7.41893e-07 4.58514e-07 2.74113e-07 1.59234e-07 9.0206e-08 4.99793e-08 2.71482e-08 1.44864e-08 7.60645e-09 3.93581e-09 2.00936e-09 1.01327e-09 5.05177e-10 2.49219e-10 1.21747e-10 5.89338e-11 2.82848e-11 1.34666e-11 6.36335e-12 2.98559e-12 1.39143e-12 6.44373e-13 2.96622e-13 1.35766e-13 6.18054e-14 2.7991e-14 1.26146e-14 5.65834e-15 2.52671e-15 1.12345e-15 4.97471e-16 2.19416e-16 9.64101e-17 4.22082e-17 1.84142e-17 8.00653e-18 3.46999e-18 1.49918e-18 6.45755e-19 2.77343e-19 1.18781e-19 5.07331e-20 2.1612e-20 9.18314e-21 3.89239e-21 1.6459e-21 6.94356e-22 2.92271e-22 1.22755e-22 5.14486e-23 2.15185e-23 8.9822e-24 3.74203e-24 1.556e-24 6.45818e-25 2.67566e-25 1.10661e-25 4.56895e-26 1.88329e-26 7.75026e-27 3.18441e-27 1.30639e-27 5.35133e-28 2.18884e-28 8.9401e-29 3.64639e-29 1.48521e-29 6.04132e-30 2.45419e-30 9.95696e-31 4.03461e-31 1.63284e-31 6.60033e-32 2.66487e-32 1.0747e-32 4.32922e-33 1.74201e-33 7.00202e-34 2.81148e-34 1.1277e-34 4.51867e-35 1.80881e-35 7.2335e-36 2.88992e-36 1.15349e-36 4.59977e-37 1.83259e-37 7.29465e-38 2.9011e-38 1.15278e-38 4.5768e-39 1.81558e-39 7.19638e-40
6.16321e-07 1.22151e-06 1.54761e-06 1.56712e-06 1.3773e-06 1.09519e-06 8.07477e-07 5.60858e-07 3.7106e-07 2.35714e-07 1.44644e-07 8.61446e-08 4.99793e-08 2.83334e-08 1.57339e-08 8.57643e-09 4.597e-09 2.42657e-09 1.26306e-09 6.49019e-10 3.29552e-10 1.65501e-10 8.22662e-11 4.0503e-11 1.97636e-11 9.56306e-12 4.59092e-12 2.18762e-12 1.03513e-12 4.86554e-13 2.27265e-13 1.0552e-13 4.87161e-14 2.23696e-14 1.02188e-14 4.64521e-15 2.10166e-15 9.46593e-16 4.24509e-16 1.89588e-16 8.43353e-17 3.73721e-17 1.65001e-17 7.25925e-18 3.18284e-18 1.39095e-18 6.05937e-19 2.63157e-19 1.1395e-19 4.92011e-20 2.11851e-20 9.09748e-21 3.89659e-21 1.66477e-21 7.09519e-22 3.01679e-22 1.27976e-22 5.41676e-23 2.28775e-23 9.64189e-24 4.05531e-24 1.70223e-24 7.13132e-25 2.98194e-25 1.24459e-25 5.18531e-26 2.15656e-26 8.95378e-27 3.71131e-27 1.53583e-27 6.34553e-28 2.6177e-28 1.07823e-28 4.4347e-29 1.82132e-29 7.46958e-30 3.05917e-30 1.25119e-30 5.11057e-31 2.08474e-31 8.49344e-32 3.45602e-32 1.40456e-32 5.70146e-33 2.31166e-33 9.36195e-34 3.78722e-34 1.53037e-34 6.17738e-35 2.49088e-35 1.00334e-35 4.03741e-36 1.62301e-36 6.51801e-37 2.61511e-37 1.04822e-37 4.1977e-38 1.67947e-38 6.71343e-39 2.68122e-39 1.0699e-39
2.21698e-07 4.67056e-07 6.21476e-07 6.56482e-07 5.99144e-07 4.93084e-07 3.75278e-07 2.68503e-07 1.82663e-07 1.19139e-07 7.49666e-08 4.57304e-08 2.71482e-08 1.57339e-08 8.92501e-09 4.96588e-09 2.71512e-09 1.46106e-09 7.74839e-10 4.05443e-10 2.09541e-10 1.07058e-10 5.41165e-11 2.70838e-11 1.34288e-11 6.60033e-12 3.2175e-12 1.55633e-12 7.47313e-13 3.56363e-13 1.68821e-13 7.94789e-14 3.71962e-14 1.73098e-14 8.01202e-15 3.68941e-15 1.69057e-15 7.71018e-16 3.50053e-16 1.58242e-16 7.12368e-17 3.19411e-17 1.42668e-17 6.34881e-18 2.8152e-18 1.24404e-18 5.47915e-19 2.40547e-19 1.05279e-19 4.59389e-20 1.99875e-20 8.67197e-21 3.75228e-21 1.61929e-21 6.9702e-22 2.99286e-22 1.28198e-22 5.47843e-23 2.33584e-23 9.93734e-24 4.21853e-24 1.78707e-24 7.55507e-25 3.18765e-25 1.34234e-25 5.64203e-26 2.36706e-26 9.91298e-27 4.14418e-27 1.72954e-27 7.20607e-28 2.9975e-28 1.24488e-28 5.16203e-29 2.13724e-29 8.83569e-30 3.64751e-30 1.5036e-30 6.18965e-31 2.54453e-31 1.04465e-31 4.28314e-32 1.75388e-32 7.17288e-33 2.9299e-33 1.19533e-33 4.87093e-34 1.98258e-34 8.06043e-35 3.27341e-35 1.32791e-35 5.38107e-36 2.17827e-36 8.80857e-37 3.55843e-37 1.43608e-37 5.7899e-38 2.33209e-38 9.38448e-39 3.77286e-39 1.51542e-39
7.97476e-08 1.77957e-07 2.48097e-07 2.7287e-07 2.58198e-07 2.19614e-07 1.72321e-07 1.26857e-07 8.86481e-08 5.93073e-08 3.82321e-08 2.38672e-08 1.44864e-08 8.57643e-09 4.96588e-09 2.81836e-09 1.57082e-09 8.61158e-10 4.6502e-10 2.47638e-10 1.30191e-10 6.76339e-11 3.47481e-11 1.76685e-11 8.89737e-12 4.4399e-12 2.19669e-12 1.07811e-12 5.25109e-13 2.53924e-13 1.21952e-13 5.81908e-14 2.75954e-14 1.30097e-14 6.09898e-15 2.84394e-15 1.31934e-15 6.09066e-16 2.79851e-16 1.28006e-16 5.82978e-17 2.64401e-17 1.19436e-17 5.37436e-18 2.40938e-18 1.07628e-18 4.79113e-19 2.12569e-19 9.40061e-20 4.14432e-20 1.82153e-20 7.98262e-21 3.48835e-21 1.52019e-21 6.6072e-22 2.86424e-22 1.23853e-22 5.34246e-23 2.29902e-23 9.87052e-24 4.22824e-24 1.80729e-24 7.70852e-25 3.28104e-25 1.39371e-25 5.90851e-26 2.50004e-26 1.05585e-26 4.45102e-27 1.87302e-27 7.86802e-28 3.2995e-28 1.38136e-28 5.77379e-29 2.40947e-29 1.00394e-29 4.17668e-30 1.73503e-30 7.19698e-31 2.98108e-31 1.23307e-31 5.09344e-32 2.10111e-32 8.65601e-33 3.56144e-33 1.46348e-33 6.00631e-34 2.46208e-34 1.00805e-34 4.12239e-35 1.68392e-35 6.87074e-36 2.80031e-36 1.14008e-36 4.63666e-37 1.88373e-37 7.64513e-38 3.09965e-38 1.25548e-38 5.08021e-39 2.0537e-39
2.86862e-08 6.75931e-08 9.85192e-08 1.12628e-07 1.10331e-07 9.68662e-08 7.82715e-08 5.9225e-08 4.24716e-08 2.91199e-08 1.92155e-08 1.22666e-08 7.60645e-09 4.597e-09 2.71512e-09 1.57082e-09 8.91917e-10 4.97859e-10 2.73587e-10 1.48194e-10 7.92116e-11 4.18202e-11 2.18271e-11 1.12707e-11 5.76159e-12 2.91772e-12 1.46452e-12 7.28983e-13 3.60005e-13 1.76463e-13 8.58855e-14 4.15204e-14 1.99444e-14 9.52199e-15 4.51966e-15 2.13338e-15 1.00166e-15 4.67905e-16 2.17507e-16 1.00636e-16 4.63533e-17 2.12582e-17 9.70873e-18 4.41628e-18 2.00111e-18 9.03366e-19 4.06343e-19 1.82142e-19 8.13707e-20 3.62336e-20 1.60838e-20 7.11767e-21 3.14054e-21 1.38174e-21 6.06232e-22 2.65264e-22 1.15766e-22 5.03936e-23 2.18824e-23 9.47909e-24 4.09658e-24 1.76638e-24 7.59949e-25 3.26244e-25 1.39761e-25 5.97497e-26 2.54926e-26 1.08553e-26 4.61363e-27 1.95719e-27 8.28767e-28 3.50315e-28 1.47819e-28 6.22682e-29 2.61866e-29 1.09948e-29 4.60898e-30 1.92906e-30 8.06172e-31 3.36404e-31 1.40172e-31 5.83232e-32 2.42333e-32 1.00551e-32 4.16656e-33 1.72423e-33 7.12609e-34 2.94142e-34 1.21261e-34 4.99292e-35 2.05338e-35 8.43473e-36 3.46076e-36 1.41834e-36 5.80636e-37 2.3744e-37 9.69918e-38 3.95784e-38 1.61336e-38 6.5699e-39 2.67271e-39
1.03188e-08 2.56017e-08 3.89358e-08 4.61938e-08 4.67863e-08 4.23499e-08 3.52032e-08 2.73526e-08 2.01118e-08 1.41201e-08 9.53044e-09 6.21683e-09 3.93581e-09 2.42657e-09 1.46106e-09 8.61158e-10 4.97859e-10 2.828e-10 1.58067e-10 8.70463e-11 4.72817e-11 2.53572e-11 1.34387e-11 7.04376e-12 3.65381e-12 1.87697e-12 9.55412e-13 4.82137e-13 2.41326e-13 1.19861e-13 5.90975e-14 2.89357e-14 1.4074e-14 6.80236e-15 3.26801e-15 1.56101e-15 7.41539e-16 3.50406e-16 1.64745e-16 7.70803e-17 3.58962e-17 1.6642e-17 7.68225e-18 3.53154e-18 1.61696e-18 7.37488e-19 3.3511e-19 1.51724e-19 6.84549e-20 3.07814e-20 1.3796e-20 6.16375e-21 2.74538e-21 1.21918e-21 5.39859e-22 2.38383e-22 1.04975e-22 4.61052e-23 2.01974e-23 8.82581e-24 3.84731e-24 1.67313e-24 7.25938e-25 3.14263e-25 1.35748e-25 5.85125e-26 2.51685e-26 1.08039e-26 4.62855e-27 1.97909e-27 8.44627e-28 3.598e-28 1.52993e-28 6.49406e-29 2.75175e-29 1.16404e-29 4.91599e-30 2.07277e-30 8.72572e-31 3.66757e-31 1.53921e-31 6.45014e-32 2.69903e-32 1.12778e-32 4.70582e-33 1.96087e-33 8.15976e-34 3.39103e-34 1.40742e-34 5.83395e-35 2.41524e-35 9.98676e-36 4.12446e-36 1.70136e-36 7.01003e-37 2.88502e-37 1.18602e-37 4.8703e-38 1.99779e-38 8.1862e-39 3.35089e-39
3.71179e-09 9.67242e-09 1.53215e-08 1.88375e-08 1.9702e-08 1.83671e-08 1.56911e-08 1.25085e-08 9.42245e-09 6.76899e-09 4.66988e-09 3.1107e-09 2.00936e-09 1.26306e-09 7.74839e-10 4.6502e-10 2.73587e-10 1.58067e-10 8.98192e-11 5.02631e-11 2.77322e-11 1.51013e-11 8.12338e-12 4.32015e-12 2.27309e-12 1.18406e-12 6.1098e-13 3.1247e-13 1.58464e-13 7.97235e-14 3.98066e-14 1.97334e-14 9.7157e-15 4.75241e-15 2.31021e-15 1.11636e-15 5.36394e-16 2.56329e-16 1.21854e-16 5.76372e-17 2.71314e-17 1.27124e-17 5.92986e-18 2.75419e-18 1.27392e-18 5.86885e-19 2.69331e-19 1.2314e-19 5.60975e-20 2.54666e-20 1.1522e-20 5.19595e-21 2.33572e-21 1.04674e-21 4.67692e-22 2.08362e-22 9.25667e-23 4.1011e-23 1.81212e-23 7.98639e-24 3.51089e-24 1.53964e-24 6.73566e-25 2.93988e-25 1.28025e-25 5.56281e-26 2.41189e-26 1.04353e-26 4.50565e-27 1.9415e-27 8.3496e-28 3.58394e-28 1.53547e-28 6.56639e-29 2.80307e-29 1.19448e-29 5.08134e-30 2.15799e-30 9.1497e-31 3.87316e-31 1.63696e-31 6.90783e-32 2.91063e-32 1.22458e-32 5.14468e-33 2.15828e-33 9.04173e-34 3.78267e-34 1.58038e-34 6.594e-35 2.74773e-35 1.14353e-35 4.75309e-36 1.9732e-36 8.1817e-37 3.38845e-37 1.40169e-37 5.79171e-38 2.39041e-38 9.85502e-39 4.05855e-39
1.33518e-09 3.6459e-09 6.00542e-09 7.64155e-09 8.24395e-09 7.9074e-09 6.93654e-09 5.66862e-09 4.37141e-09 3.21109e-09 2.26286e-09 1.53831e-09 1.01327e-09 6.49019e-10 4.05443e-10 2.47638e-10 1.48194e-10 8.70463e-11 5.02631e-11 2.85703e-11 1.60052e-11 8.84586e-12 4.82789e-12 2.60419e-12 1.38934e-12 7.33595e-13 3.836e-13 1.98754e-13 1.0209e-13 5.20094e-14 2.62903e-14 1.31914e-14 6.57237e-15 3.25263e-15 1.59941e-15 7.81671e-16 3.79786e-16 1.8349e-16 8.81746e-17 4.21529e-17 2.00517e-17 9.4929e-18 4.47348e-18 2.09878e-18 9.80455e-19 4.56138e-19 2.11365e-19 9.75655e-20 4.48684e-20 2.05598e-20 9.38816e-21 4.2724e-21 1.93794e-21 8.76243e-22 3.94974e-22 1.77505e-22 7.95402e-23 3.55413e-23 1.58374e-23 7.03837e-24 3.1198e-24 1.37937e-24 6.08357e-25 2.67664e-25 1.1749e-25 5.14541e-26 2.24836e-26 9.80315e-27 4.26521e-27 1.85188e-27 8.0242e-28 3.47e-28 1.49767e-28 6.45174e-29 2.77417e-29 1.1907e-29 5.1015e-30 2.18192e-30 9.31628e-31 3.9712e-31 1.69002e-31 7.18072e-32 3.04623e-32 1.2903e-32 5.45712e-33 2.3046e-33 9.71848e-34 4.09245e-34 1.72093e-34 7.22682e-35 3.03074e-35 1.26934e-35 5.30935e-36 2.21796e-36 9.25387e-37 3.85619e-37 1.60498e-37 6.67216e-38 2.77048e-38 1.14907e-38 4.76045e-39
4.80279e-10 1.37141e-09 2.34544e-09 3.08495e-09 3.42939e-09 3.38132e-09 3.04324e-09 2.54759e-09 2.00982e-09 1.50861e-09 1.08529e-09 7.52515e-10 5.05177e-10 3.29552e-10 2.09541e-10 1.30191e-10 7.92116e-11 4.72817e-11 2.77322e-11 1.60052e-11 9.10015e-12 5.10287e-12 2.82469e-12 1.54485e-12 8.35396e-13 4.46978e-13 2.36776e-13 1.24249e-13 6.4621e-14 3.33262e-14 1.70497e-14 8.6564e-15 4.36323e-15 2.18412e-15 1.08612e-15 5.36706e-16 2.63618e-16 1.28736e-16 6.25194e-17 3.02007e-17 1.45142e-17 6.94118e-18 3.30379e-18 1.56533e-18 7.38393e-19 3.46833e-19 1.62244e-19 7.55953e-20 3.50874e-20 1.62253e-20 7.47607e-21 3.43272e-21 1.57085e-21 7.16481e-22 3.25757e-22 1.47652e-22 6.67236e-23 3.00643e-23 1.3508e-23 6.05242e-24 2.70458e-24 1.2054e-24 5.35867e-25 2.37631e-25 1.05122e-25 4.63938e-26 2.04279e-26 8.97448e-27 3.93405e-27 1.72084e-27 7.51152e-28 3.2721e-28 1.42251e-28 6.17209e-29 2.67287e-29 1.15534e-29 4.98476e-30 2.14684e-30 9.22977e-31 3.96127e-31 1.69725e-31 7.26004e-32 3.10048e-32 1.32199e-32 5.62799e-33 2.39229e-33 1.01537e-33 4.30325e-34 1.82113e-34 7.69614e-35 3.24788e-35 1.36878e-35 5.76086e-36 2.42141e-36 1.01645e-36 4.26142e-37 1.78435e-37 7.46227e-38 3.11701e-38 1.30044e-38 5.4192e-39
1.72762e-10 5.1487e-10 9.12996e-10 1.23991e-09 1.41891e-09 1.4369e-09 1.32582e-09 1.13614e-09 9.16353e-10 7.02449e-10 5.15585e-10 3.64438e-10 2.49219e-10 1.65501e-10 1.07058e-10 6.76339e-11 4.18202e-11 2.53572e-11 1.51013e-11 8.84586e-12 5.10287e-12 2.90212e-12 1.62878e-12 9.02892e-13 4.94735e-13 2.6815e-13 1.43856e-13 7.64316e-14 4.02386e-14 2.10013e-14 1.08712e-14 5.58351e-15 2.84645e-15 1.44084e-15 7.24406e-16 3.61854e-16 1.79635e-16 8.86476e-17 4.34977e-17 2.1227e-17 1.03044e-17 4.97692e-18 2.3921e-18 1.14435e-18 5.44965e-19 2.58392e-19 1.21999e-19 5.73664e-20 2.68685e-20 1.25363e-20 5.82756e-21 2.69927e-21 1.24593e-21 5.73157e-22 2.62803e-22 1.20117e-22 5.47316e-23 2.48636e-23 1.12621e-23 5.08675e-24 2.29117e-24 1.02921e-24 4.61113e-25 2.06063e-25 9.18559e-26 4.08467e-26 1.81207e-26 8.02018e-27 3.54169e-27 1.56054e-27 6.86125e-28 3.01032e-28 1.31803e-28 5.7592e-29 2.51154e-29 1.09315e-29 4.74894e-30 2.05925e-30 8.91325e-31 3.85115e-31 1.66108e-31 7.15236e-32 3.07456e-32 1.31948e-32 5.65364e-33 2.41862e-33 1.03309e-33 4.40603e-34 1.87634e-34 7.97884e-35 3.38802e-35 1.43662e-35 6.08324e-36 2.5724e-36 1.08633e-36 4.58159e-37 1.92979e-37 8.11809e-38 3.4108e-38 1.43128e-38 5.99891e-39
6.21447e-11 1.9296e-10 3.54316e-10 4.96308e-10 5.84147e-10 6.07089e-10 5.73865e-10 5.0307e-10 4.14574e-10 3.2437e-10 2.42781e-10 1.74854e-10 1.21747e-10 8.22662e-11 5.41165e-11 3.47481e-11 2.18271e-11 1.34387e-11 8.12338e-12 4.82789e-12 2.82469e-12 1.62878e-12 9.26539e-13 5.20427e-13 2.88867e-13 1.58558e-13 8.61217e-14 4.63158e-14 2.46758e-14 1.30302e-14 6.82288e-15 3.54405e-15 1.8269e-15 9.34905e-16 4.75115e-16 2.39852e-16 1.20316e-16 5.99865e-17 2.97333e-17 1.46552e-17 7.18449e-18 3.50382e-18 1.70026e-18 8.21094e-19 3.94684e-19 1.88867e-19 8.99866e-20 4.26951e-20 2.01751e-20 9.49615e-21 4.45274e-21 2.0802e-21 9.68345e-22 4.49209e-22 2.07685e-22 9.5706e-23 4.39636e-23 2.01329e-23 9.19204e-24 4.18454e-24 1.89953e-24 8.59887e-25 3.88206e-25 1.74799e-25 7.85056e-26 3.51701e-26 1.57176e-26 7.00746e-27 3.11691e-27 1.38324e-27 6.12502e-28 2.70628e-28 1.1932e-28 5.24995e-29 2.30522e-29 1.01019e-29 4.41827e-30 1.92873e-30 8.4039e-31 3.65507e-31 1.58684e-31 6.87714e-32 2.97533e-32 1.28508e-32 5.54124e-33 2.38549e-33 1.02532e-33 4.40008e-34 1.88537e-34 8.06638e-35 3.44603e-35 1.47004e-35 6.26211e-36 2.66381e-36 1.13159e-36 4.80051e-37 2.0338e-37 8.60522e-38 3.63628e-38 1.53463e-38 6.46863e-39
2.23542e-11 7.21996e-11 1.37117e-10 1.97909e-10 2.39374e-10 2.55119e-10 2.46893e-10 2.21276e-10 1.86211e-10 1.48628e-10 1.13384e-10 8.31663e-11 5.89338e-11 4.0503e-11 2.70838e-11 1.76685e-11 1.12707e-11 7.04376e-12 4.32015e-12 2.60419e-12 1.54485e-12 9.02892e-13 5.20427e-13 2.9611e-13 1.66444e-13 9.24963e-14 5.0852e-14 2.76747e-14 1.49171e-14 7.96776e-15 4.21925e-15 2.21598e-15 1.15478e-15 5.97302e-16 3.06757e-16 1.56472e-16 7.92951e-17 3.99339e-17 1.9991e-17 9.95002e-18 4.92504e-18 2.42484e-18 1.18775e-18 5.78925e-19 2.80832e-19 1.35603e-19 6.51872e-20 3.12022e-20 1.48731e-20 7.06099e-21 3.33915e-21 1.57312e-21 7.38409e-22 3.4537e-22 1.6098e-22 7.47825e-23 3.46267e-23 1.59825e-23 7.35425e-24 3.37387e-24 1.54329e-24 7.0393e-25 3.20189e-25 1.45248e-25 6.57153e-26 2.96556e-26 1.33492e-26 5.99431e-27 2.68525e-27 1.20009e-27 5.35119e-28 2.38077e-28 1.05691e-28 4.68197e-29 2.06973e-29 9.13081e-30 4.0201e-30 1.7665e-30 7.7474e-31 3.39143e-31 1.48187e-31 6.46329e-32 2.81403e-32 1.22307e-32 5.30681e-33 2.29875e-33 9.9412e-34 4.29228e-34 1.85034e-34 7.96424e-35 3.42276e-35 1.46879e-35 6.29371e-36 2.69295e-36 1.15062e-36 4.90948e-37 2.09191e-37 8.90159e-38 3.78284e-38 1.60547e-38 6.80507e-39
8.04108e-12 2.69745e-11 5.29244e-11 7.86406e-11 9.76694e-11 1.06674e-10 1.05623e-10 9.67259e-11 8.30766e-11 6.76112e-11 5.25461e-11 3.92358e-11 2.82848e-11 1.97636e-11 1.34288e-11 8.89737e-12 5.76159e-12 3.65381e-12 2.27309e-12 1.38934e-12 8.35396e-13 4.94735e-13 2.88867e-13 1.66444e-13 9.47211e-14 5.32789e-14 2.96407e-14 1.63198e-14 8.89763e-15 4.8061e-15 2.57321e-15 1.36618e-15 7.19558e-16 3.76105e-16 1.95158e-16 1.00563e-16 5.14744e-17 2.61798e-17 1.32335e-17 6.65006e-18 3.32287e-18 1.65133e-18 8.16339e-19 4.01522e-19 1.96529e-19 9.574e-20 4.64282e-20 2.24159e-20 1.07765e-20 5.15952e-21 2.46038e-21 1.16872e-21 5.53081e-22 2.60784e-22 1.22528e-22 5.73712e-23 2.67732e-23 1.24536e-23 5.77452e-24 2.66931e-24 1.23021e-24 5.65318e-25 2.59042e-25 1.1837e-25 5.39435e-26 2.45183e-26 1.11153e-26 5.02646e-27 2.26744e-27 1.02039e-27 4.58123e-28 2.05211e-28 9.17163e-29 4.09016e-29 1.82013e-29 8.08267e-30 3.58191e-30 1.58417e-30 6.99248e-31 3.08052e-31 1.35455e-31 5.94515e-32 2.6046e-32 1.13906e-32 4.97269e-33 2.16717e-33 9.42897e-34 4.09561e-34 1.77611e-34 7.69008e-35 3.3244e-35 1.43493e-35 6.18432e-36 2.66141e-36 1.14366e-36 4.90756e-37 2.10292e-37 8.99867e-38 3.84543e-38 1.64108e-38 6.99433e-39
2.89248e-12 1.0064e-11 2.03782e-11 3.11459e-11 3.96908e-11 4.43956e-11 4.49491e-11 4.20364e-11 3.68308e-11 3.05486e-11 2.41767e-11 1.83698e-11 1.34666e-11 9.56306e-12 6.60033e-12 4.4399e-12 2.91772e-12 1.87697e-12 1.18406e-12 7.33595e-13 4.46978e-13 2.6815e-13 1.58558e-13 9.24963e-14 5.32789e-14 3.03257e-14 1.70683e-14 9.50527e-15 5.24063e-15 2.86203e-15 1.54898e-15 8.31168e-16 4.42365e-16 2.33607e-16 1.22449e-16 6.37282e-17 3.29416e-17 1.69168e-17 8.63311e-18 4.37923e-18 2.20857e-18 1.10765e-18 5.52536e-19 2.74201e-19 1.35396e-19 6.65348e-20 3.25436e-20 1.58462e-20 7.68224e-21 3.70866e-21 1.78307e-21 8.5388e-22 4.07337e-22 1.93593e-22 9.16748e-23 4.32594e-23 2.03434e-23 9.53499e-24 4.45462e-24 2.07458e-24 9.63203e-25 4.45868e-25 2.05792e-25 9.47145e-26 4.34712e-26 1.98981e-26 9.08397e-27 4.13639e-27 1.87877e-27 8.51254e-28 3.8477e-28 1.73509e-28 7.80634e-29 3.50426e-29 1.56961e-29 7.01539e-30 3.12895e-30 1.39267e-30 6.18618e-31 2.74244e-31 1.21342e-31 5.35868e-32 2.36209e-32 1.0393e-32 4.56466e-33 2.0013e-33 8.75926e-34 3.82725e-34 1.6695e-34 7.27068e-35 3.16132e-35 1.3724e-35 5.94866e-36 2.57454e-36 1.11258e-36 4.80093e-37 2.06868e-37 8.90114e-38 3.82466e-38 1.64113e-38 7.0325e-39
1.04046e-12 3.74998e-12 7.82873e-12 1.22976e-11 1.60689e-11 1.83957e-11 1.90342e-11 1.81694e-11 1.62319e-11 1.37151e-11 1.10486e-11 8.53909e-12 6.36335e-12 4.59092e-12 3.2175e-12 2.19669e-12 1.46452e-12 9.55412e-13 6.1098e-13 3.836e-13 2.36776e-13 1.43856e-13 8.61217e-14 5.0852e-14 2.96407e-14 1.70683e-14 9.71663e-15 5.47199e-15 3.05021e-15 1.68384e-15 9.21028e-16 4.99388e-16 2.68522e-16 1.43239e-16 7.58303e-17 3.98532e-17 2.07998e-17 1.07834e-17 5.55478e-18 2.84384e-18 1.44734e-18 7.32426e-19 3.68614e-19 1.84536e-19 9.1912e-20 4.55535e-20 2.24699e-20 1.10326e-20 5.39288e-21 2.62474e-21 1.27214e-21 6.14076e-22 2.95257e-22 1.41423e-22 6.74884e-23 3.20903e-23 1.52054e-23 7.18028e-24 3.37945e-24 1.58544e-24 7.41465e-25 3.45702e-25 1.60701e-25 7.44854e-26 3.44265e-26 1.58677e-26 7.2939e-27 3.34397e-27 1.52913e-27 6.97488e-28 3.17365e-28 1.44058e-28 6.52374e-29 2.94751e-29 1.32873e-29 5.97673e-30 2.68258e-30 1.20151e-30 5.37032e-31 2.39549e-31 1.06642e-31 4.73821e-32 2.10122e-32 9.30076e-33 4.10929e-33 1.81232e-33 7.97872e-34 3.50654e-34 1.53846e-34 6.73856e-35 2.9467e-35 1.28648e-35 5.60768e-36 2.44055e-36 1.06054e-36 4.60165e-37 1.99369e-37 8.62526e-38 3.72619e-38 1.60749e-38 6.92515e-39
3.74266e-13 1.39562e-12 3.00121e-12 4.84159e-12 6.48253e-12 7.59109e-12 8.02291e-12 7.8132e-12 7.11391e-12 6.12077e-12 5.01703e-12 3.94263e-12 2.98559e-12 2.18762e-12 1.55633e-12 1.07811e-12 7.28983e-13 4.82137e-13 3.1247e-13 1.98754e-13 1.24249e-13 7.64316e-14 4.63158e-14 2.76747e-14 1.63198e-14 9.50527e-15 5.47199e-15 3.11557e-15 1.75549e-15 9.79411e-16 5.41317e-16 2.96522e-16 1.61052e-16 8.67658e-17 4.63832e-17 2.46122e-17 1.29674e-17 6.78575e-18 3.52778e-18 1.82254e-18 9.35897e-19 4.77807e-19 2.42574e-19 1.22487e-19 6.15275e-20 3.07512e-20 1.52948e-20 7.57145e-21 3.73111e-21 1.83055e-21 8.94269e-22 4.35067e-22 2.10814e-22 1.01753e-22 4.89271e-23 2.34398e-23 1.11893e-23 5.32283e-24 2.52354e-24 1.19247e-24 5.61681e-25 2.63739e-25 1.23462e-25 5.76241e-26 2.68173e-26 1.24451e-26 5.75944e-27 2.65823e-27 1.22366e-27 5.6184e-28 2.57319e-28 1.17561e-28 5.35812e-29 2.43634e-29 1.10526e-29 5.00281e-30 2.25946e-30 1.01826e-30 4.57923e-31 2.05507e-31 9.20404e-32 4.11401e-32 1.83529e-32 8.17171e-33 3.63166e-33 1.61101e-33 7.13352e-34 3.15311e-34 1.39129e-34 6.12851e-35 2.69502e-35 1.18318e-35 5.18604e-36 2.2695e-36 9.91615e-37 4.32601e-37 1.88441e-37 8.19628e-38 3.55977e-38 1.54384e-38 6.68603e-39
1.34628e-13 5.1882e-13 1.14826e-12 1.901e-12 2.60652e-12 3.12039e-12 3.36689e-12 3.34363e-12 3.10145e-12 2.71618e-12 2.26449e-12 1.80881e-12 1.39143e-12 1.03513e-12 7.47313e-13 5.25109e-13 3.60005e-13 2.41326e-13 1.58464e-13 1.0209e-13 6.4621e-14 4.02386e-14 2.46758e-14 1.49171e-14 8.89763e-15 5.24063e-15 3.05021e-15 1.75549e-15 9.99661e-16 5.63547e-16 3.14667e-16 1.74108e-16 9.55033e-17 5.19546e-17 2.80411e-17 1.50204e-17 7.98769e-18 4.21837e-18 2.21295e-18 1.1535e-18 5.97565e-19 3.07736e-19 1.57576e-19 8.0243e-20 4.06457e-20 2.04829e-20 1.0271e-20 5.12566e-21 2.54606e-21 1.25902e-21 6.19872e-22 3.03904e-22 1.48384e-22 7.21625e-23 3.49587e-23 1.6872e-23 8.11322e-24 3.88755e-24 1.85634e-24 8.83439e-25 4.19057e-25 1.98145e-25 9.33985e-26 4.38914e-26 2.05652e-26 9.60798e-27 4.47617e-27 2.07963e-27 9.63597e-28 4.45312e-28 2.05266e-28 9.43801e-29 4.32889e-29 1.98075e-29 9.0419e-30 4.11804e-30 1.8713e-30 8.48472e-31 3.83878e-31 1.73312e-31 7.80839e-32 3.51084e-32 1.57541e-32 7.05549e-33 3.15374e-33 1.40704e-33 6.26592e-34 2.78532e-34 1.23592e-34 5.47454e-35 2.4208e-35 1.06865e-35 4.70969e-36 2.07225e-36 9.10324e-37 3.9927e-37 1.74849e-37 7.64541e-38 3.33801e-38 1.45524e-38 6.33509e-39
4.84273e-14 1.92669e-13 4.38506e-13 7.44515e-13 1.04476e-12 1.27799e-12 1.40713e-12 1.42439e-12 1.34544e-12 1.19892e-12 1.0163e-12 8.24864e-13 6.44373e-13 4.86554e-13 3.56363e-13 2.53924e-13 1.76463e-13 1.19861e-13 7.97235e-14 5.20094e-14 3.33262e-14 2.10013e-14 1.30302e-14 7.96776e-15 4.8061e-15 2.86203e-15 1.68384e-15 9.79411e-16 5.63547e-16 3.20953e-16 1.81017e-16 1.01152e-16 5.60261e-17 3.07714e-17 1.67651e-17 9.06401e-18 4.86439e-18 2.59217e-18 1.37199e-18 7.2144e-19 3.76985e-19 1.95805e-19 1.0111e-19 5.19188e-20 2.65156e-20 1.34712e-20 6.80943e-21 3.42524e-21 1.7148e-21 8.54562e-22 4.23978e-22 2.09445e-22 1.03034e-22 5.0481e-23 2.46356e-23 1.19766e-23 5.80076e-24 2.79939e-24 1.3462e-24 6.45158e-25 3.08156e-25 1.4671e-25 6.96255e-26 3.29407e-26 1.55377e-26 7.30732e-27 3.42673e-27 1.60244e-27 7.47296e-28 3.47566e-28 1.61229e-28 7.45996e-29 3.44303e-29 1.58518e-29 7.28073e-30 3.33619e-30 1.5252e-30 6.95703e-31 3.16638e-31 1.43801e-31 6.51688e-32 2.94724e-32 1.33017e-32 5.99141e-33 2.69339e-33 1.20847e-33 5.4119e-34 2.41913e-34 1.07939e-34 4.80754e-35 2.13749e-35 9.48717e-36 4.20372e-36 1.85955e-36 8.21239e-37 3.62104e-37 1.59408e-37 7.00668e-38 3.07503e-38 1.34751e-38 5.89622e-39
1.74199e-14 7.14791e-14 1.67166e-13 2.90887e-13 4.17533e-13 5.21613e-13 5.85795e-13 6.04176e-13 5.80932e-13 5.26538e-13 4.53662e-13 3.74018e-13 2.96622e-13 2.27265e-13 1.68821e-13 1.21952e-13 8.58855e-14 5.90975e-14 3.98066e-14 2.62903e-14 1.70497e-14 1.08712e-14 6.82288e-15 4.21925e-15 2.57321e-15 1.54898e-15 9.21028e-16 5.41317e-16 3.14667e-16 1.81017e-16 1.03106e-16 5.8177e-17 3.25323e-17 1.80366e-17 9.91825e-18 5.4114e-18 2.93037e-18 1.57546e-18 8.41178e-19 4.46152e-19 2.35127e-19 1.23154e-19 6.41238e-20 3.31976e-20 1.70921e-20 8.75327e-21 4.4597e-21 2.26087e-21 1.14065e-21 5.7279e-22 2.86334e-22 1.42509e-22 7.06257e-23 3.48566e-23 1.71341e-23 8.38963e-24 4.09237e-24 1.98885e-24 9.63095e-25 4.64747e-25 2.23503e-25 1.07129e-25 5.1183e-26 2.43766e-26 1.1574e-26 5.4788e-27 2.58592e-27 1.21703e-27 5.71175e-28 2.67332e-28 1.24787e-28 5.80971e-29 2.69791e-29 1.24973e-29 5.77482e-30 2.66208e-30 1.22429e-30 5.61756e-31 2.57178e-31 1.17479e-31 5.35488e-32 2.43566e-32 1.10556e-32 5.00793e-33 2.26395e-33 1.02146e-33 4.59984e-34 2.06747e-34 9.27536e-35 4.15364e-35 1.85673e-35 8.28524e-36 3.69071e-36 1.64126e-36 7.28648e-37 3.22957e-37 1.42913e-37 6.31405e-38 2.78526e-38 1.22675e-38 5.39499e-39
6.26615e-15 2.64938e-14 6.36215e-14 1.13394e-13 1.664e-13 2.12202e-13 2.4297e-13 2.55226e-13 2.4972e-13 2.30138e-13 2.01475e-13 1.68675e-13 1.35766e-13 1.0552e-13 7.94789e-14 5.81908e-14 4.15204e-14 2.89357e-14 1.97334e-14 1.31914e-14 8.6564e-15 5.58351e-15 3.54405e-15 2.21598e-15 1.36618e-15 8.31168e-16 4.99388e-16 2.96522e-16 1.74108e-16 1.01152e-16 5.8177e-17 3.31409e-17 1.87072e-17 1.0468e-17 5.80899e-18 3.19796e-18 1.74714e-18 9.47547e-19 5.10291e-19 2.7296e-19 1.45063e-19 7.66112e-20 4.02169e-20 2.09893e-20 1.0893e-20 5.6226e-21 2.88703e-21 1.47489e-21 7.49784e-22 3.79355e-22 1.91053e-22 9.57894e-23 4.78187e-23 2.3771e-23 1.17685e-23 5.8032e-24 2.85058e-24 1.39498e-24 6.80158e-25 3.30449e-25 1.59989e-25 7.71985e-26 3.71274e-26 1.77985e-26 8.50566e-27 4.05232e-27 1.92487e-27 9.11652e-28 4.30545e-28 2.02767e-28 9.52344e-29 4.461e-29 2.08419e-29 9.71263e-30 4.51493e-30 2.09365e-30 9.68543e-31 4.47008e-31 2.05833e-31 9.45663e-32 4.33511e-32 1.98301e-32 9.05168e-33 4.12316e-33 1.87432e-33 8.50333e-34 3.85017e-34 1.73994e-34 7.84809e-35 3.53335e-35 1.58787e-35 7.12303e-36 3.18968e-36 1.42586e-36 6.36308e-37 2.83485e-37 1.26089e-37 5.59911e-38 2.48239e-38 1.09885e-38 4.85668e-39
2.25401e-15 9.81143e-15 2.41758e-14 4.41093e-14 6.61401e-14 8.60615e-14 1.00424e-13 1.07399e-13 1.06892e-13 1.00131e-13 8.90435e-14 7.56787e-14 6.18054e-14 4.87161e-14 3.71962e-14 2.75954e-14 1.99444e-14 1.4074e-14 9.7157e-15 6.57237e-15 4.36323e-15 2.84645e-15 1.8269e-15 1.15478e-15 7.19558e-16 4.42365e-16 2.68522e-16 1.61052e-16 9.55033e-17 5.60261e-17 3.25323e-17 1.87072e-17 1.06578e-17 6.01835e-18 3.36983e-18 1.87162e-18 1.03147e-18 5.64232e-19 3.06446e-19 1.65297e-19 8.85734e-20 4.71603e-20 2.49566e-20 1.31287e-20 6.86718e-21 3.57221e-21 1.84832e-21 9.51431e-22 4.87311e-22 2.48389e-22 1.26015e-22 6.36407e-23 3.19986e-23 1.60201e-23 7.9871e-24 3.96603e-24 1.96162e-24 9.66516e-25 4.74445e-25 2.32053e-25 1.13098e-25 5.49319e-26 2.65911e-26 1.283e-26 6.17063e-27 2.95854e-27 1.41418e-27 6.73967e-28 3.20267e-28 1.51758e-28 7.17113e-29 3.37943e-29 1.58835e-29 7.44599e-30 3.48172e-30 1.62399e-30 7.55641e-31 3.5076e-31 1.62438e-31 7.50537e-32 3.46003e-32 1.59159e-32 7.30537e-33 3.34606e-33 1.52941e-33 6.9763e-34 3.17584e-34 1.4429e-34 6.543e-35 2.96138e-35 1.33783e-35 6.03275e-36 2.71548e-36 1.22015e-36 5.47296e-37 2.4507e-37 1.09554e-37 4.88935e-38 2.17855e-38 9.69145e-39 4.30455e-39
