0.382868 0.0783907 0.0381384 0.0201251 0.0106663 0.00551649 0.00276962 0.00135399 0.000647674 0.000304514 0.000141236 6.48009e-05 2.94735e-05 1.33103e-05 5.97551e-06 2.66932e-06 1.18736e-06 5.26223e-07 2.32472e-07 1.02411e-07 4.50031e-08 1.97317e-08 8.63408e-09 3.77117e-09 1.64444e-09 7.15972e-10 3.11275e-10 1.35113e-10 5.84757e-11 2.50442e-11 1.08399e-11
0.0783907 0.0215824 0.0103145 0.00456762 0.00193042 0.000796702 0.000325397 0.000132458 5.39285e-05 2.19943e-05 8.99099e-06 3.68425e-06 1.51314e-06 6.22746e-07 2.5677e-07 1.06044e-07 4.38584e-08 1.81622e-08 7.52961e-09 3.12468e-09 1.29784e-09 5.39484e-10 2.24409e-10 9.34067e-11 3.89007e-11 1.62083e-11 6.75454e-12 2.81192e-12 1.16252e-12 4.63571e-13 1.9363e-13
0.0381384 0.0103145 0.00390134 0.0015335 0.000608186 0.000242052 9.67008e-05 3.88098e-05 1.56515e-05 6.34145e-06 2.58014e-06 1.05363e-06 4.31627e-07 1.77296e-07 7.29944e-08 3.01118e-08 1.24428e-08 5.14917e-09 2.13358e-09 8.85038e-10 3.67485e-10 1.52719e-10 6.35153e-11 2.64337e-11 1.10075e-11 4.58546e-12 1.90951e-12 7.92232e-13 3.22406e-13 1.33674e-13 5.58415e-14
0.0201251 0.00456762 0.0015335 0.000556383 0.000209921 8.09794e-05 3.17061e-05 1.25537e-05 5.01494e-06 2.0179e-06 8.16768e-07 3.322e-07 1.35653e-07 5.5577e-08 2.28326e-08 9.40208e-09 3.87923e-09 1.60323e-09 6.63552e-10 2.74979e-10 1.14077e-10 4.73714e-11 1.9688e-11 8.18853e-12 3.4077e-12 1.41831e-12 5.89291e-13 2.4243e-13 1.00836e-13 4.18022e-14 1.74576e-14
0.0106663 0.00193042 0.000608186 0.000209921 7.65143e-05 2.88409e-05 1.11162e-05 4.35313e-06 1.7251e-06 6.89937e-07 2.77932e-07 1.12607e-07 4.58366e-08 1.87287e-08 7.67648e-09 3.15467e-09 1.29929e-09 5.3613e-10 2.21583e-10 9.17079e-11 3.80018e-11 1.57639e-11 6.54525e-12 2.71974e-12 1.13069e-12 4.69816e-13 1.94307e-13 8.08266e-14 3.36077e-14 1.39274e-14 5.81325e-15
0.00551649 0.000796702 0.000242052 8.09794e-05 2.88409e-05 1.0695e-05 4.07479e-06 1.58233e-06 6.23079e-07 2.4795e-07 9.94768e-08 4.01668e-08 1.63022e-08 6.64408e-09 2.71717e-09 1.1144e-09 4.58152e-10 1.88741e-10 7.78911e-11 3.21935e-11 1.33236e-11 5.5205e-12 2.28964e-12 9.50371e-13 3.94558e-13 1.63503e-13 6.79635e-14 2.82565e-14 1.1743e-14 4.86417e-15 2.02894e-15
0.00276962 0.000325397 9.67008e-05 3.17061e-05 1.11162e-05 4.07479e-06 1.53936e-06 5.93943e-07 2.32703e-07 9.22227e-08 3.6872e-08 1.4844e-08 6.00888e-09 2.44329e-09 9.97127e-10 4.08181e-10 1.67523e-10 6.89043e-11 2.83946e-11 1.17201e-11 4.84445e-12 2.0049e-12 8.30598e-13 3.44338e-13 1.427e-13 5.9248e-14 2.46115e-14 1.02261e-14 4.2473e-15 1.7584e-15 7.32943e-16
0.00135399 0.000132458 3.88098e-05 1.25537e-05 4.35313e-06 1.58233e-06 5.93943e-07 2.28014e-07 8.89695e-08 3.51386e-08 1.40072e-08 5.62432e-09 2.27142e-09 9.21645e-10 3.75409e-10 1.53407e-10 6.28585e-11 2.5816e-11 1.06237e-11 4.37941e-12 1.80803e-12 7.47409e-13 3.09284e-13 1.28043e-13 5.30843e-14 2.20235e-14 9.14206e-15 3.796e-15 1.57565e-15 6.51983e-16 2.71572e-16
0.000647674 5.39285e-05 1.56515e-05 5.01494e-06 1.7251e-06 6.23079e-07 2.32703e-07 8.89695e-08 3.45965e-08 1.36236e-08 5.4166e-09 2.16985e-09 8.74462e-10 3.54135e-10 1.43994e-10 5.87457e-11 2.40349e-11 9.85734e-12 4.05121e-12 1.668e-12 6.87842e-13 2.84026e-13 1.17394e-13 4.85851e-14 2.01261e-14 8.3435e-15 3.46095e-15 1.43611e-15 5.95734e-16 2.46381e-16 1.02557e-16
0.000304514 2.19943e-05 6.34145e-06 2.0179e-06 6.89937e-07 2.4795e-07 9.22227e-08 3.51386e-08 1.36236e-08 5.35079e-09 2.12247e-09 8.48456e-10 3.41274e-10 1.37963e-10 5.60054e-11 2.28143e-11 9.32105e-12 3.81783e-12 1.56716e-12 6.44505e-13 2.65489e-13 1.09508e-13 4.52321e-14 1.8704e-14 7.74185e-15 3.20709e-15 1.3294e-15 5.5127e-16 2.28543e-16 9.44731e-17 3.92995e-17
0.000141236 8.99099e-06 2.58014e-06 8.16768e-07 2.77932e-07 9.94768e-08 3.6872e-08 1.40072e-08 5.4166e-09 2.12247e-09 8.40138e-10 3.35198e-10 1.34589e-10 5.432e-11 2.20176e-11 8.95652e-12 3.65451e-12 1.49504e-12 6.12989e-13 2.51825e-13 1.03625e-13 4.27084e-14 1.76254e-14 7.28239e-15 3.01198e-15 1.24683e-15 5.16485e-16 2.1404e-16 8.86845e-17 3.66424e-17 1.52335e-17
6.48009e-05 3.68425e-06 1.05363e-06 3.322e-07 1.12607e-07 4.01668e-08 1.4844e-08 5.62432e-09 2.16985e-09 8.48456e-10 3.35198e-10 1.33501e-10 5.35159e-11 2.15665e-11 8.72934e-12 3.54637e-12 1.44526e-12 5.90574e-13 2.41885e-13 9.92687e-14 4.08131e-14 1.68061e-14 6.93003e-15 2.8611e-15 1.18248e-15 4.89159e-16 2.02499e-16 8.38686e-17 3.47307e-17 1.43435e-17 5.95964e-18
2.94735e-05 1.51314e-06 4.31627e-07 1.35653e-07 4.58366e-08 1.63022e-08 6.00888e-09 2.27142e-09 8.74462e-10 3.41274e-10 1.34589e-10 5.35159e-11 2.14203e-11 8.62013e-12 3.48457e-12 1.41392e-12 5.75562e-13 2.3494e-13 9.6129e-14 3.94152e-14 1.61909e-14 6.6616e-15 2.74478e-15 1.13237e-15 4.67678e-16 1.93339e-16 7.99881e-17 3.31095e-17 1.37037e-17 5.65711e-18 2.34922e-18
1.33103e-05 6.22746e-07 1.77296e-07 5.5577e-08 1.87287e-08 6.64408e-09 2.44329e-09 9.21645e-10 3.54135e-10 1.37963e-10 5.432e-11 2.15665e-11 8.62013e-12 3.46446e-12 1.39876e-12 5.66924e-13 2.30532e-13 9.4007e-14 3.84289e-14 1.5743e-14 6.4615e-15 2.65645e-15 1.09373e-15 4.50908e-16 1.86107e-16 7.6889e-17 3.1792e-17 1.31525e-17 5.44097e-18 2.2452e-18 9.3188e-19
5.97551e-06 2.5677e-07 7.29944e-08 2.28326e-08 7.67648e-09 2.71717e-09 9.97127e-10 3.75409e-10 1.43994e-10 5.60054e-11 2.20176e-11 8.72934e-12 3.48457e-12 1.39876e-12 5.64103e-13 2.2839e-13 9.2779e-14 3.77988e-14 1.54381e-14 6.31921e-15 2.59161e-15 1.06468e-15 4.38051e-16 1.80474e-16 7.44417e-17 3.07371e-17 1.27021e-17 5.25217e-18 2.1717e-18 8.95796e-19 3.71622e-19
2.66932e-06 1.06044e-07 3.01118e-08 9.40208e-09 3.15467e-09 1.1144e-09 4.08181e-10 1.53407e-10 5.87457e-11 2.28143e-11 8.95652e-12 3.54637e-12 1.41392e-12 5.66924e-13 2.2839e-13 9.23768e-14 3.74915e-14 1.52609e-14 6.22782e-15 2.54722e-15 1.04389e-15 4.28546e-16 1.76204e-16 7.25493e-17 2.99074e-17 1.23419e-17 5.09756e-18 2.10674e-18 8.70709e-19 3.59023e-19 1.48871e-19
1.18736e-06 4.38584e-08 1.24428e-08 3.87923e-09 1.29929e-09 4.58152e-10 1.67523e-10 6.28585e-11 2.40349e-11 9.32105e-12 3.65451e-12 1.44526e-12 5.75562e-13 2.30532e-13 9.2779e-14 3.74915e-14 1.52027e-14 6.18313e-15 2.52131e-15 1.03047e-15 4.22006e-16 1.73132e-16 7.11415e-17 2.92739e-17 1.20609e-17 4.97452e-18 2.05359e-18 8.48312e-19 3.50452e-19 1.44452e-19 5.98715e-20
5.26223e-07 1.81622e-08 5.14917e-09 1.60323e-09 5.3613e-10 1.88741e-10 6.89043e-11 2.5816e-11 9.85734e-12 3.81783e-12 1.49504e-12 5.90574e-13 2.3494e-13 9.4007e-14 3.77988e-14 1.52609e-14 6.18313e-15 2.51279e-15 1.02389e-15 4.18177e-16 1.71142e-16 7.01685e-17 2.88157e-17 1.18506e-17 4.87987e-18 2.01167e-18 8.3006e-19 3.42732e-19 1.4153e-19 5.83171e-20 2.41605e-20
2.32472e-07 7.52961e-09 2.13358e-09 6.63552e-10 2.21583e-10 7.78911e-11 2.83946e-11 1.06237e-11 4.05121e-12 1.56716e-12 6.12989e-13 2.41885e-13 9.6129e-14 3.84289e-14 1.54381e-14 6.22782e-15 2.52131e-15 1.02389e-15 4.16917e-16 1.70164e-16 6.95972e-17 2.85179e-17 1.17047e-17 4.81103e-18 1.98008e-18 8.15867e-19 3.3649e-19 1.38877e-19 5.73255e-20 2.36133e-20 9.77888e-21
1.02411e-07 3.12468e-09 8.85038e-10 2.74979e-10 9.17079e-11 3.21935e-11 1.17201e-11 4.37941e-12 1.668e-12 6.44505e-13 2.51825e-13 9.92687e-14 3.94152e-14 1.5743e-14 6.31921e-15 2.54722e-15 1.03047e-15 4.18177e-16 1.70164e-16 6.94088e-17 2.83713e-17 1.16188e-17 4.76614e-18 1.95804e-18 8.05478e-19 3.31734e-19 1.36757e-19 5.64193e-20 2.32798e-20 9.58636e-21 3.96842e-21
4.50031e-08 1.29784e-09 3.67485e-10 1.14077e-10 3.80018e-11 1.33236e-11 4.84445e-12 1.80803e-12 6.87842e-13 2.65489e-13 1.03625e-13 4.08131e-14 1.61909e-14 6.4615e-15 2.59161e-15 1.04389e-15 4.22006e-16 1.71142e-16 6.95972e-17 2.83713e-17 1.15904e-17 4.744e-18 1.94504e-18 7.98677e-19 3.28397e-19 1.35189e-19 5.57083e-20 2.29733e-20 9.47583e-21 3.90087e-21 1.61422e-21
1.97317e-08 5.39484e-10 1.52719e-10 4.73714e-11 1.57639e-11 5.5205e-12 2.0049e-12 7.47409e-13 2.84026e-13 1.09508e-13 4.27084e-14 1.68061e-14 6.6616e-15 2.65645e-15 1.06468e-15 4.28546e-16 1.73132e-16 7.01685e-17 2.85179e-17 1.16188e-17 4.744e-18 1.94074e-18 7.95313e-19 3.26421e-19 1.34157e-19 5.52039e-20 2.2739e-20 9.37369e-21 3.86501e-21 1.59064e-21 6.57985e-22
8.63408e-09 2.24409e-10 6.35153e-11 1.9688e-11 6.54525e-12 2.28964e-12 8.30598e-13 3.09284e-13 1.17394e-13 4.52321e-14 1.76254e-14 6.93003e-15 2.74478e-15 1.09373e-15 4.38051e-16 1.76204e-16 7.11415e-17 2.88157e-17 1.17047e-17 4.76614e-18 1.94504e-18 7.95313e-19 3.25766e-19 1.33644e-19 5.49035e-20 2.25829e-20 9.29853e-21 3.83172e-21 1.57938e-21 6.49813e-22 2.6871e-22
3.77117e-09 9.34067e-11 2.64337e-11 8.18853e-12 2.71974e-12 9.50371e-13 3.44338e-13 1.28043e-13 4.85851e-14 1.8704e-14 7.28239e-15 2.8611e-15 1.13237e-15 4.50908e-16 1.80474e-16 7.25493e-17 2.92739e-17 1.18506e-17 4.81103e-18 1.95804e-18 7.98677e-19 3.26421e-19 1.33644e-19 5.48037e-20 2.25051e-20 9.25322e-21 3.8086e-21 1.56889e-21 6.46465e-22 2.65908e-22 1.09921e-22
1.64444e-09 3.89007e-11 1.10075e-11 3.4077e-12 1.13069e-12 3.94558e-13 1.427e-13 5.30843e-14 2.01261e-14 7.74185e-15 3.01198e-15 1.18248e-15 4.67678e-16 1.86107e-16 7.44417e-17 2.99074e-17 1.20609e-17 4.87987e-18 1.98008e-18 8.05478e-19 3.28397e-19 1.34157e-19 5.49035e-20 2.25051e-20 9.23811e-21 3.79692e-21 1.56225e-21 6.43324e-22 2.65001e-22 1.08974e-22 4.50336e-23
7.15972e-10 1.62083e-11 4.58546e-12 1.41831e-12 4.69816e-13 1.63503e-13 5.9248e-14 2.20235e-14 8.3435e-15 3.20709e-15 1.24683e-15 4.89159e-16 1.93339e-16 7.6889e-17 3.07371e-17 1.23419e-17 4.97452e-18 2.01167e-18 8.15867e-19 3.31734e-19 1.35189e-19 5.52039e-20 2.25829e-20 9.25322e-21 3.79692e-21 1.56e-21 6.41645e-22 2.6414e-22 1.08773e-22 4.47191e-23 1.84745e-23
3.11275e-10 6.75454e-12 1.90951e-12 5.89291e-13 1.94307e-13 6.79635e-14 2.46115e-14 9.14206e-15 3.46095e-15 1.3294e-15 5.16485e-16 2.02499e-16 7.99881e-17 3.1792e-17 1.27021e-17 5.09756e-18 2.05359e-18 8.3006e-19 3.3649e-19 1.36757e-19 5.57083e-20 2.2739e-20 9.29853e-21 3.8086e-21 1.56225e-21 6.41645e-22 2.63829e-22 1.08575e-22 4.46984e-23 1.83722e-23 7.58778e-24
1.35113e-10 2.81192e-12 7.92232e-13 2.4243e-13 8.08266e-14 2.82565e-14 1.02261e-14 3.796e-15 1.43611e-15 5.5127e-16 2.1404e-16 8.38686e-17 3.31095e-17 1.31525e-17 5.25217e-18 2.10674e-18 8.48312e-19 3.42732e-19 1.38877e-19 5.64193e-20 2.29733e-20 9.37369e-21 3.83172e-21 1.56889e-21 6.43324e-22 2.6414e-22 1.08575e-22 4.46691e-23 1.83845e-23 7.55486e-24 3.11932e-24
5.84757e-11 1.16252e-12 3.22406e-13 1.00836e-13 3.36077e-14 1.1743e-14 4.2473e-15 1.57565e-15 5.95734e-16 2.28543e-16 8.86845e-17 3.47307e-17 1.37037e-17 5.44097e-18 2.1717e-18 8.70709e-19 3.50452e-19 1.4153e-19 5.73255e-20 2.32798e-20 9.47583e-21 3.86501e-21 1.57938e-21 6.46465e-22 2.65001e-22 1.08773e-22 4.46984e-23 1.83845e-23 7.56465e-24 3.10795e-24 1.28291e-24
2.50442e-11 4.63571e-13 1.33674e-13 4.18022e-14 1.39274e-14 4.86417e-15 1.7584e-15 6.51983e-16 2.46381e-16 9.44731e-17 3.66424e-17 1.43435e-17 5.65711e-18 2.2452e-18 8.95796e-19 3.59023e-19 1.44452e-19 5.83171e-20 2.36133e-20 9.58636e-21 3.90087e-21 1.59064e-21 6.49813e-22 2.65908e-22 1.08974e-22 4.47191e-23 1.83722e-23 7.55486e-24 3.10795e-24 1.27669e-24 5.26886e-25
1.08399e-11 1.9363e-13 5.58415e-14 1.74576e-14 5.81325e-15 2.02894e-15 7.32943e-16 2.71572e-16 1.02557e-16 3.92995e-17 1.52335e-17 5.95964e-18 2.34922e-18 9.3188e-19 3.71622e-19 1.48871e-19 5.98715e-20 2.41605e-20 9.77888e-21 3.96842e-21 1.61422e-21 6.57985e-22 2.6871e-22 1.09921e-22 4.50336e-23 1.84745e-23 7.58778e-24 3.11932e-24 1.28291e-24 5.26886e-25 2.17386e-25
