0.0250126 0.0177626 0.012614 0.00895778 0.00636132 0.00451746 0.00320805 0.00227818 0.00161784 0.0011489 0.000815886 0.000579397 0.000411456 0.000292193 0.0002075 0.000147355 0.000104643 7.43119e-05 5.27722e-05 3.74759e-05 2.66133e-05 1.88993e-05 1.34213e-05 9.53104e-06 6.76842e-06 4.80656e-06 3.41335e-06 2.42397e-06 1.72137e-06 1.22242e-06 8.68099e-07 6.16476e-07 4.37787e-07 3.10892e-07 2.20779e-07 1.56785e-07 1.1134e-07 7.90675e-08 5.61494e-08 3.98742e-08 2.83165e-08 2.01088e-08 1.42802e-08 1.0141e-08 7.20157e-09 5.11416e-09 3.63179e-09 2.5791e-09 1.83153e-09 1.30065e-09 9.23653e-10 6.55928e-10 4.65804e-10 3.30788e-10 2.34907e-10 1.66818e-10 1.18465e-10 8.41275e-11 5.97427e-11 4.2426e-11 3.01286e-11 2.13957e-11 1.5194e-11 1.079e-11 7.66243e-12 5.44144e-12 3.86421e-12 2.74415e-12 1.94874e-12 1.38389e-12 9.82763e-13 6.97904e-13 4.95613e-13 3.51957e-13 2.4994e-13 1.77494e-13 1.26046e-13 8.95112e-14 6.3566e-14 4.5141e-14 3.20567e-14 2.27649e-14 1.61664e-14 1.14805e-14 8.1528e-15 5.78967e-15 4.1115e-15 2.91976e-15 2.07345e-15 1.47245e-15 1.04566e-15 7.42567e-16 5.2733e-16 3.74481e-16 2.65936e-16 1.88853e-16 1.34113e-16 9.52396e-17 6.76339e-17 4.80299e-17 3.41082e-17
0.0177626 0.0140898 0.0110539 0.00859413 0.00663162 0.00508475 0.00387745 0.00294284 0.00222426 0.00167501 0.00125729 0.000940996 0.00070243 0.000523104 0.00038872 0.000288291 0.000213423 0.000157735 0.0001164 8.57743e-05 6.31234e-05 4.6397e-05 3.40637e-05 2.49821e-05 1.83033e-05 1.33973e-05 9.79765e-06 7.15915e-06 5.22706e-06 3.81354e-06 2.78029e-06 2.02563e-06 1.47486e-06 1.0732e-06 7.8047e-07 5.67274e-07 4.12097e-07 2.99218e-07 2.17154e-07 1.57523e-07 1.14217e-07 8.27815e-08 5.99734e-08 4.34324e-08 3.14416e-08 2.2753e-08 1.64597e-08 1.19031e-08 8.60507e-09 6.21892e-09 4.49307e-09 3.24523e-09 2.34329e-09 1.69156e-09 1.22077e-09 8.80783e-10 6.35326e-10 4.58164e-10 3.30326e-10 2.38105e-10 1.71592e-10 1.23633e-10 8.90597e-11 6.41418e-11 4.61866e-11 3.32513e-11 2.39343e-11 1.72248e-11 1.2394e-11 8.91655e-12 6.41369e-12 4.61264e-12 3.31682e-12 2.38467e-12 1.71423e-12 1.2321e-12 8.85439e-13 6.36227e-13 4.57095e-13 3.28354e-13 2.35843e-13 1.69374e-13 1.21623e-13 8.7324e-14 6.26901e-14 4.50001e-14 3.22982e-14 2.3179e-14 1.66327e-14 1.1934e-14 8.56173e-15 6.14177e-15 4.40536e-15 3.15956e-15 2.26584e-15 1.62477e-15 1.16496e-15 8.35205e-16 5.98736e-16 4.2918e-16 3.07614e-16
0.012614 0.0110539 0.00942548 0.00787421 0.00647425 0.00525549 0.00422146 0.00336105 0.00265593 0.00208512 0.00162771 0.00126428 0.000977622 0.000752939 0.000577804 0.000441955 0.000337036 0.000256322 0.000194446 0.000147164 0.000111139 8.37646e-05 6.30145e-05 4.73216e-05 3.54786e-05 2.65585e-05 1.98523e-05 1.48191e-05 1.10477e-05 8.22601e-06 6.11789e-06 4.54501e-06 3.37296e-06 2.50066e-06 1.85218e-06 1.37062e-06 1.01338e-06 7.48625e-07 5.526e-07 4.07592e-07 3.00414e-07 2.21263e-07 1.62856e-07 1.19788e-07 8.80547e-08 6.46885e-08 4.7495e-08 3.48517e-08 2.55601e-08 1.87359e-08 1.37266e-08 1.00517e-08 7.35712e-09 5.3824e-09 3.93595e-09 2.87697e-09 2.10203e-09 1.53519e-09 1.12077e-09 8.17901e-10 5.96655e-10 4.35098e-10 3.17174e-10 2.31131e-10 1.68373e-10 1.22616e-10 8.92648e-11 6.49651e-11 4.72659e-11 3.43786e-11 2.49979e-11 1.81717e-11 1.3206e-11 9.59462e-12 6.96902e-12 5.06063e-12 3.67392e-12 2.66654e-12 1.93492e-12 1.40371e-12 1.0181e-12 7.38258e-13 5.35217e-13 3.87935e-13 2.81124e-13 2.03679e-13 1.47539e-13 1.06852e-13 7.73707e-14 5.60127e-14 4.05429e-14 2.93404e-14 2.12294e-14 1.5358e-14 1.11085e-14 8.03348e-15 5.80872e-15 4.19939e-15 3.03544e-15 2.19377e-15 1.58523e-15
0.00895778 0.00859413 0.00787421 0.00698647 0.00605266 0.00514742 0.00431298 0.00356985 0.00292452 0.00237488 0.00191391 0.00153215 0.00121932 0.00096525 0.000760506 0.000596624 0.00046623 0.000363034 0.000281751 0.000218005 0.000168207 0.000129446 9.93741e-05 7.61148e-05 5.8175e-05 4.43744e-05 3.37837e-05 2.56747e-05 1.94793e-05 1.47552e-05 1.11599e-05 8.42842e-06 6.35679e-06 4.78808e-06 3.602e-06 2.7065e-06 2.03131e-06 1.5229e-06 1.14054e-06 8.53323e-07 6.37819e-07 4.76298e-07 3.55363e-07 2.64906e-07 1.97311e-07 1.46847e-07 1.09205e-07 8.11514e-08 6.02611e-08 4.47173e-08 3.31605e-08 2.45744e-08 1.82e-08 1.34708e-08 9.96451e-09 7.36662e-09 5.44299e-09 4.01948e-09 2.9667e-09 2.18853e-09 1.61367e-09 1.18923e-09 8.76017e-10 6.44997e-10 4.74688e-10 3.49195e-10 2.56769e-10 1.88728e-10 1.38661e-10 1.01835e-10 7.47611e-11 5.48641e-11 4.02477e-11 2.95146e-11 2.16362e-11 1.58553e-11 1.16151e-11 8.50599e-12 6.22714e-12 4.55739e-12 3.33433e-12 2.43876e-12 1.78321e-12 1.30349e-12 9.5256e-13 6.95912e-13 5.08274e-13 3.71129e-13 2.70918e-13 1.97715e-13 1.44255e-13 1.05224e-13 7.6735e-14 5.59458e-14 4.07793e-14 2.97175e-14 2.16515e-14 1.57712e-14 1.14855e-14 8.36254e-15 6.08747e-15
0.00636132 0.00663162 0.00647425 0.00605266 0.00548544 0.00485561 0.00421887 0.00361054 0.00305118 0.00255099 0.00211319 0.00173645 0.00141675 0.0011486 0.000925914 0.000742568 0.000592744 0.000471127 0.000372993 0.000294229 0.000231319 0.000181292 0.000141671 0.000110408 8.58243e-05 6.65545e-05 5.14946e-05 3.97575e-05 3.06336e-05 2.35585e-05 1.80845e-05 1.38585e-05 1.06026e-05 8.09892e-06 6.1772e-06 4.70474e-06 3.57836e-06 2.71808e-06 2.06203e-06 1.56244e-06 1.18252e-06 8.93976e-07 6.75115e-07 5.09307e-07 3.83838e-07 2.89e-07 2.17392e-07 1.6338e-07 1.22681e-07 9.20423e-08 6.89994e-08 5.16846e-08 3.86851e-08 2.89337e-08 2.16248e-08 1.61509e-08 1.20544e-08 8.99102e-09 6.70183e-09 4.99237e-09 3.71669e-09 2.76534e-09 2.05632e-09 1.52824e-09 1.13515e-09 8.42719e-10 6.25298e-10 4.63737e-10 3.43748e-10 2.54683e-10 1.88606e-10 1.39608e-10 1.03292e-10 7.63896e-11 5.64696e-11 4.17265e-11 3.08198e-11 2.27548e-11 1.67937e-11 1.23894e-11 9.13669e-12 6.73547e-12 4.96351e-12 3.65641e-12 2.69259e-12 1.98215e-12 1.45867e-12 1.07309e-12 7.89174e-13 5.80194e-13 4.26421e-13 3.13308e-13 2.3013e-13 1.68985e-13 1.2405e-13 9.10384e-14 6.67928e-14 4.8991e-14 3.59241e-14 2.63354e-14 1.93011e-14
0.00451746 0.00508475 0.00525549 0.00514742 0.00485561 0.00445369 0.00399656 0.00352347 0.00306117 0.00262675 0.00223008 0.0018758 0.00156495 0.00129613 0.0010665 0.000872387 0.000709788 0.00057467 0.000463184 0.000371779 0.000297266 0.000236839 0.000188067 0.000148874 0.000117505 9.2491e-05 7.26137e-05 5.68692e-05 4.44356e-05 3.46444e-05 2.69545e-05 2.09301e-05 1.62216e-05 1.25497e-05 9.69234e-06 7.47329e-06 5.75324e-06 4.42242e-06 3.39453e-06 2.60194e-06 1.99175e-06 1.52271e-06 1.16268e-06 8.86725e-07 6.75488e-07 5.14002e-07 3.90704e-07 2.96674e-07 2.25049e-07 1.70551e-07 1.29129e-07 9.76781e-08 7.38224e-08 5.57452e-08 4.20596e-08 3.17083e-08 2.38859e-08 1.79795e-08 1.35236e-08 1.01647e-08 7.63466e-09 5.73046e-09 4.29833e-09 3.22202e-09 2.41369e-09 1.80704e-09 1.35205e-09 1.01102e-09 7.55582e-10 5.64362e-10 4.21305e-10 3.14343e-10 2.34414e-10 1.74719e-10 1.30161e-10 9.6919e-11 7.21322e-11 5.36594e-11 3.98991e-11 2.96541e-11 2.20301e-11 1.63591e-11 1.21428e-11 9.00949e-12 6.68197e-12 4.95376e-12 3.6711e-12 2.71951e-12 2.01383e-12 1.49071e-12 1.10308e-12 8.15953e-13 6.03354e-13 4.45995e-13 3.29565e-13 2.4345e-13 1.79778e-13 1.32716e-13 9.79429e-14 7.22586e-14 5.32934e-14
0.00320805 0.00387745 0.00422146 0.00431298 0.00421887 0.00399656 0.00369303 0.00334509 0.00298036 0.00261871 0.00227365 0.00195365 0.00166341 0.00140483 0.00117783 0.000981038 0.000812255 0.000668848 0.000548005 0.000446922 0.000362927 0.000293548 0.000236551 0.000189961 0.000152051 0.000121335 9.65455e-05 7.66116e-05 6.0637e-05 4.78764e-05 3.77135e-05 2.96426e-05 2.32499e-05 1.81994e-05 1.42188e-05 1.10885e-05 8.6322e-06 6.70874e-06 5.20547e-06 4.0328e-06 3.11966e-06 2.40982e-06 1.85893e-06 1.43207e-06 1.10181e-06 8.46663e-07 6.49823e-07 4.98169e-07 3.8148e-07 2.91807e-07 2.22979e-07 1.70211e-07 1.29803e-07 9.88928e-08 7.52732e-08 5.72432e-08 4.34936e-08 3.30183e-08 2.50452e-08 1.8982e-08 1.43754e-08 1.08783e-08 8.22582e-09 6.21557e-09 4.69326e-09 3.54133e-09 2.67033e-09 2.01222e-09 1.51533e-09 1.14042e-09 8.5774e-10 6.4474e-10 4.84349e-10 3.63649e-10 2.72874e-10 2.04645e-10 1.53394e-10 1.14917e-10 8.60474e-11 6.43977e-11 4.81712e-11 3.60158e-11 2.69149e-11 2.01043e-11 1.50102e-11 1.12018e-11 8.35598e-12 6.23045e-12 4.64363e-12 3.45951e-12 2.57628e-12 1.91777e-12 1.42702e-12 1.06144e-12 7.89211e-13 5.86582e-13 4.35818e-13 3.23686e-13 2.40319e-13 1.78361e-13 1.32331e-13
0.00227818 0.00294284 0.00336105 0.00356985 0.00361054 0.00352347 0.00334509 0.00310647 0.00283296 0.00254432 0.00225533 0.00197653 0.00171492 0.00147475 0.00125814 0.00106565 0.000896728 0.000750087 0.000623993 0.000516478 0.000425489 0.000349008 0.000285114 0.000232036 0.000188167 0.000152083 0.000122531 9.84283e-05 7.88441e-05 6.29881e-05 5.01933e-05 3.99011e-05 3.16465e-05 2.50446e-05 1.97784e-05 1.55883e-05 1.22623e-05 9.62828e-06 7.54669e-06 5.90511e-06 4.61308e-06 3.59808e-06 2.80217e-06 2.17914e-06 1.69224e-06 1.31235e-06 1.01641e-06 7.86202e-07 6.07387e-07 4.68684e-07 3.61239e-07 2.78114e-07 2.13884e-07 1.64316e-07 1.26106e-07 9.66848e-08 7.40564e-08 5.66708e-08 4.33271e-08 3.30958e-08 2.52586e-08 1.92611e-08 1.46756e-08 1.11727e-08 8.49935e-09 6.46071e-09 4.9074e-09 3.72483e-09 2.82523e-09 2.1414e-09 1.62199e-09 1.22776e-09 9.28738e-10 7.02101e-10 5.30439e-10 4.00505e-10 3.0222e-10 2.27921e-10 1.7179e-10 1.2941e-10 9.74322e-11 7.33167e-11 5.5141e-11 4.14498e-11 3.11423e-11 2.33863e-11 1.75535e-11 1.31691e-11 9.87518e-12 7.40174e-12 5.54531e-12 4.15265e-12 3.10838e-12 2.32572e-12 1.73939e-12 1.30034e-12 9.71719e-13 7.25854e-13 5.41985e-13 4.04535e-13 3.01828e-13
0.00161784 0.00222426 0.00265593 0.00292452 0.00305118 0.00306117 0.00298036 0.00283296 0.0026403 0.00242031 0.00218739 0.00195268 0.00172438 0.00150819 0.00130779 0.00112523 0.000961346 0.00081605 0.000688624 0.000577931 0.000482585 0.00040108 0.000331883 0.000273502 0.000224526 0.000183656 0.000149714 0.000121654 9.85521e-05 7.96075e-05 6.41286e-05 5.1525e-05 4.12957e-05 3.3019e-05 2.63414e-05 2.09688e-05 1.66574e-05 1.32062e-05 1.04501e-05 8.25398e-06 6.50791e-06 5.12251e-06 4.02543e-06 3.15833e-06 2.47424e-06 1.93547e-06 1.51187e-06 1.17935e-06 9.18746e-07 7.14805e-07 5.55441e-07 4.31084e-07 3.34176e-07 2.58758e-07 2.00139e-07 1.54633e-07 1.19348e-07 9.20217e-08 7.08816e-08 5.45454e-08 4.19348e-08 3.22102e-08 2.47187e-08 1.8953e-08 1.45199e-08 1.11145e-08 8.50091e-09 6.49677e-09 4.96129e-09 3.78586e-09 2.88679e-09 2.19965e-09 1.67488e-09 1.27443e-09 9.69074e-10 7.36394e-10 5.5922e-10 4.24405e-10 3.21891e-10 2.43991e-10 1.84833e-10 1.39937e-10 1.05886e-10 8.0075e-11 6.05227e-11 4.57199e-11 3.45192e-11 2.6049e-11 1.96472e-11 1.48112e-11 1.11601e-11 8.4049e-12 6.32692e-12 4.76046e-12 3.58018e-12 2.69133e-12 2.02225e-12 1.51884e-12 1.14026e-12 8.55682e-13 6.41859e-13
0.0011489 0.00167501 0.00208512 0.00237488 0.00255099 0.00262675 0.00261871 0.00254432 0.00242031 0.0022618 0.0020818 0.00189102 0.00169792 0.00150893 0.00132868 0.00116027 0.00100559 0.000865536 0.00074029 0.000629482 0.000532375 0.000447992 0.000375223 0.0003129 0.000259859 0.000214978 0.000177202 0.000145563 0.000119184 9.72854e-05 7.91779e-05 6.42613e-05 5.20166e-05 4.19985e-05 3.38278e-05 2.71836e-05 2.1796e-05 1.74391e-05 1.39246e-05 1.10965e-05 8.8262e-06 7.00762e-06 5.554e-06 4.39448e-06 3.47137e-06 2.73786e-06 2.15605e-06 1.69538e-06 1.33124e-06 1.04387e-06 8.17438e-07 6.39292e-07 4.99341e-07 3.89551e-07 3.03539e-07 2.36246e-07 1.83665e-07 1.42632e-07 1.10648e-07 8.57474e-08 6.63836e-08 5.13423e-08 3.9671e-08 3.06243e-08 2.36191e-08 1.82001e-08 1.40123e-08 1.07789e-08 8.28481e-09 6.36265e-09 4.88259e-09 3.74392e-09 2.86863e-09 2.19634e-09 1.6804e-09 1.28474e-09 9.81561e-10 7.49418e-10 5.71796e-10 4.35988e-10 3.32223e-10 2.52996e-10 1.92543e-10 1.46447e-10 1.11321e-10 8.4571e-11 6.42121e-11 4.8727e-11 3.69559e-11 2.80132e-11 2.12232e-11 1.60707e-11 1.21628e-11 9.20057e-12 6.95635e-12 5.25698e-12 3.97085e-12 2.99797e-12 2.2624e-12 1.70653e-12 1.28666e-12
0.000815886 0.00125729 0.00162771 0.00191391 0.00211319 0.00223008 0.00227365 0.00225533 0.00218739 0.0020818 0.00194958 0.00180035 0.0016422 0.00148167 0.00132383 0.0011724 0.00103002 0.000898328 0.000778231 0.000670027 0.00057357 0.000488389 0.000413797 0.000348973 0.000293024 0.000245039 0.000204122 0.000169418 0.00014013 0.000115526 9.49469e-05 7.78028e-05 6.35749e-05 5.18093e-05 4.21127e-05 3.41468e-05 2.76226e-05 2.22945e-05 1.79551e-05 1.44303e-05 1.15741e-05 9.2654e-06 7.40341e-06 5.90501e-06 4.70171e-06 3.73736e-06 2.966e-06 2.35016e-06 1.85937e-06 1.46892e-06 1.15881e-06 9.12903e-07 7.1822e-07 5.6432e-07 4.42838e-07 3.47081e-07 2.71706e-07 2.12453e-07 1.65934e-07 1.29459e-07 1.00893e-07 7.85482e-08 6.109e-08 4.74648e-08 3.68428e-08 2.85708e-08 2.21356e-08 1.71344e-08 1.32514e-08 1.02396e-08 7.90564e-09 6.09864e-09 4.70089e-09 3.62063e-09 2.78646e-09 2.14286e-09 1.64669e-09 1.26449e-09 9.70313e-10 7.44056e-10 5.70167e-10 4.36625e-10 3.34141e-10 2.55548e-10 1.95317e-10 1.49189e-10 1.13886e-10 8.68851e-11 6.62468e-11 5.04817e-11 3.84465e-11 2.92644e-11 2.2263e-11 1.69276e-11 1.2864e-11 9.77084e-12 7.41765e-12 5.62837e-12 4.26858e-12 3.23574e-12 2.45164e-12
0.000579397 0.000940996 0.00126428 0.00153215 0.00173645 0.0018758 0.00195365 0.00197653 0.00195268 0.00189102 0.00180035 0.00168886 0.00156384 0.00143148 0.00129687 0.00116404 0.00103603 0.000915002 0.000802413 0.000699098 0.000605414 0.000521346 0.000446607 0.000380712 0.000323052 0.000272942 0.000229668 0.000192513 0.000160783 0.000133819 0.000111013 9.18064e-05 7.56975e-05 6.22382e-05 5.10335e-05 4.17375e-05 3.405e-05 2.77124e-05 2.25027e-05 1.82323e-05 1.47411e-05 1.18941e-05 9.57812e-06 7.6985e-06 6.17644e-06 4.94655e-06 3.9548e-06 3.15667e-06 2.51558e-06 2.00159e-06 1.59023e-06 1.26157e-06 9.99417e-07 7.90655e-07 6.24665e-07 4.92884e-07 3.88414e-07 3.05711e-07 2.40331e-07 1.88713e-07 1.48014e-07 1.15964e-07 9.07564e-08 7.09535e-08 5.54148e-08 4.32358e-08 3.37005e-08 2.62431e-08 2.04169e-08 1.58696e-08 1.23242e-08 9.56247e-09 7.41331e-09 5.74237e-09 4.44443e-09 3.43711e-09 2.65602e-09 2.05086e-09 1.58239e-09 1.22003e-09 9.39968e-10 7.23684e-10 5.56779e-10 4.28076e-10 3.28903e-10 2.5254e-10 1.93781e-10 1.486e-10 1.13882e-10 8.72223e-11 6.67635e-11 5.10733e-11 3.90479e-11 2.98369e-11 2.2786e-11 1.73917e-11 1.32672e-11 1.01155e-11 7.70847e-12 5.87117e-12 4.46952e-12
0.000411456 0.00070243 0.000977622 0.00121932 0.00141675 0.00156495 0.00166341 0.00171492 0.00172438 0.00169792 0.0016422 0.00156384 0.00146905 0.00136342 0.00125175 0.00113806 0.00102557 0.00091674 0.000813395 0.000716773 0.000627634 0.00054635 0.000472987 0.000407375 0.000349176 0.000297939 0.000253136 0.000214203 0.000180568 0.000151663 0.000126948 0.000105913 8.80883e-05 7.30453e-05 6.03991e-05 4.98064e-05 4.09644e-05 3.36079e-05 2.75063e-05 2.24605e-05 1.82996e-05 1.48777e-05 1.20707e-05 9.77384e-06 7.89884e-06 6.37171e-06 5.13061e-06 4.12409e-06 3.30945e-06 2.65142e-06 2.12087e-06 1.69389e-06 1.35086e-06 1.07574e-06 8.55454e-07 6.79351e-07 5.38785e-07 4.26753e-07 3.37592e-07 2.66733e-07 2.10496e-07 1.65923e-07 1.30641e-07 1.02747e-07 8.0722e-08 6.33516e-08 4.96681e-08 3.8901e-08 3.04382e-08 2.37936e-08 1.8582e-08 1.44987e-08 1.13025e-08 8.80318e-09 6.85063e-09 5.32667e-09 4.13831e-09 3.21247e-09 2.49179e-09 1.93129e-09 1.49573e-09 1.15753e-09 8.95153e-10 6.91749e-10 5.34187e-10 4.12229e-10 3.17899e-10 2.4499e-10 1.8868e-10 1.45218e-10 1.11697e-10 8.58609e-11 6.59603e-11 5.06418e-11 3.88579e-11 2.97987e-11 2.28385e-11 1.74942e-11 1.33931e-11 1.02478e-11 7.83698e-12
0.000292193 0.000523104 0.000752939 0.00096525 0.0011486 0.00129613 0.00140483 0.00147475 0.00150819 0.00150893 0.00148167 0.00143148 0.00136342 0.00128227 0.00119239 0.00109755 0.00100094 0.000905143 0.000812185 0.000723574 0.000640373 0.000563259 0.000492593 0.000428485 0.000370848 0.000319446 0.000273943 0.000233933 0.00019897 0.000168593 0.000142341 0.000119766 0.000100443 8.39763e-05 7.00002e-05 5.81842e-05 4.8231e-05 3.98759e-05 3.28854e-05 2.7055e-05 2.22067e-05 1.81864e-05 1.48618e-05 1.21198e-05 9.86382e-06 8.0122e-06 6.49596e-06 5.2571e-06 4.24703e-06 3.42519e-06 2.75782e-06 2.21693e-06 1.77935e-06 1.42599e-06 1.14113e-06 9.11867e-07 7.27657e-07 5.79876e-07 4.61501e-07 3.66821e-07 2.91202e-07 2.30891e-07 1.82854e-07 1.44643e-07 1.14288e-07 9.02045e-08 7.11192e-08 5.6013e-08 4.40701e-08 3.46389e-08 2.71992e-08 2.13369e-08 1.67224e-08 1.30938e-08 1.02434e-08 8.0064e-09 6.25252e-09 4.87872e-09 3.80361e-09 2.96301e-09 2.30634e-09 1.7938e-09 1.39409e-09 1.08264e-09 8.40143e-10 6.5149e-10 5.0484e-10 3.90927e-10 3.0251e-10 2.33932e-10 1.80781e-10 1.39615e-10 1.07754e-10 8.3112e-11 6.40654e-11 4.93536e-11 3.79974e-11 2.9237e-11 2.24834e-11 1.72799e-11 1.32733e-11
0.0002075 0.00038872 0.000577804 0.000760506 0.000925914 0.0010665 0.00117783 0.00125814 0.00130779 0.00132868 0.00132383 0.00129687 0.00125175 0.00119239 0.00112254 0.00104561 0.000964606 0.000882072 0.000800105 0.000720366 0.000644112 0.000572249 0.000505371 0.000443821 0.000387727 0.000337056 0.000291648 0.000251251 0.000215551 0.000184197 0.000156814 0.000133027 0.000112466 9.47746e-05 7.96191e-05 6.66891e-05 5.57003e-05 4.63956e-05 3.85442e-05 3.1941e-05 2.6405e-05 2.17777e-05 1.79209e-05 1.47152e-05 1.20577e-05 9.86017e-06 8.04737e-06 6.55544e-06 5.33032e-06 4.32646e-06 3.50562e-06 2.83578e-06 2.29021e-06 1.84669e-06 1.48679e-06 1.19524e-06 9.59481e-07 7.69139e-07 6.15713e-07 4.92234e-07 3.93007e-07 3.13385e-07 2.49585e-07 1.98534e-07 1.57739e-07 1.25183e-07 9.92348e-08 7.85788e-08 6.21558e-08 4.91137e-08 3.87685e-08 3.05717e-08 2.40843e-08 1.89553e-08 1.49046e-08 1.17087e-08 9.18981e-09 7.20643e-09 5.64622e-09 4.42004e-09 3.45727e-09 2.702e-09 2.11004e-09 1.64647e-09 1.28375e-09 1.00019e-09 7.78676e-10 6.05782e-10 4.70938e-10 3.65852e-10 2.84018e-10 2.20339e-10 1.70823e-10 1.32347e-10 1.02471e-10 7.92892e-11 6.13132e-11 4.73835e-11 3.65962e-11 2.8248e-11 2.17913e-11
0.000147355 0.000288291 0.000441955 0.000596624 0.000742568 0.000872387 0.000981038 0.00106565 0.00112523 0.00116027 0.0011724 0.00116404 0.00113806 0.00109755 0.00104561 0.000985203 0.000919033 0.000849504 0.000778673 0.000708246 0.00063959 0.000573756 0.000511513 0.000453382 0.000399675 0.00035053 0.000305948 0.00026582 0.000229961 0.000198126 0.000170036 0.000145389 0.000123877 0.000105193 8.904e-05 7.51356e-05 6.32157e-05 5.30364e-05 4.43754e-05 3.70319e-05 3.0826e-05 2.5598e-05 2.12071e-05 1.75298e-05 1.44587e-05 1.19006e-05 9.77519e-06 8.0136e-06 6.55696e-06 5.35521e-06 4.36589e-06 3.55316e-06 2.88686e-06 2.34167e-06 1.89642e-06 1.53346e-06 1.23811e-06 9.98176e-07 8.03596e-07 6.46048e-07 5.18687e-07 4.15884e-07 3.33029e-07 2.66346e-07 2.12754e-07 1.69743e-07 1.35269e-07 1.07673e-07 8.56119e-08 6.79966e-08 5.39482e-08 4.27577e-08 3.38538e-08 2.67773e-08 2.11594e-08 1.6704e-08 1.31745e-08 1.03812e-08 8.17271e-09 6.42841e-09 5.05201e-09 3.96694e-09 3.11233e-09 2.43983e-09 1.91111e-09 1.49578e-09 1.16981e-09 9.1418e-10 7.13879e-10 5.57055e-10 4.34369e-10 3.38464e-10 2.6355e-10 2.05076e-10 1.59469e-10 1.23922e-10 9.62363e-11 7.46879e-11 5.79279e-11 4.49009e-11 3.47823e-11
0.000104643 0.000213423 0.000337036 0.00046623 0.000592744 0.000709788 0.000812255 0.000896728 0.000961346 0.00100559 0.00103002 0.00103603 0.00102557 0.00100094 0.000964606 0.000919033 0.00086658 0.000809421 0.000749491 0.000688459 0.000627723 0.000568414 0.00051141 0.000457364 0.00040673 0.000359788 0.000316677 0.000277418 0.000241942 0.00021011 0.000181733 0.000156586 0.000134428 0.000115003 9.80571e-05 8.33422e-05 7.06193e-05 5.96633e-05 5.02654e-05 4.22332e-05 3.53922e-05 2.9585e-05 2.46709e-05 2.05251e-05 1.70375e-05 1.41117e-05 1.16638e-05 9.62089e-06 7.92015e-06 6.50759e-06 5.33706e-06 4.36921e-06 3.57063e-06 2.91306e-06 2.37268e-06 1.92945e-06 1.56657e-06 1.27001e-06 1.02807e-06 8.31022e-07 6.70802e-07 5.40732e-07 4.35303e-07 3.49973e-07 2.81014e-07 2.25362e-07 1.80514e-07 1.44419e-07 1.15408e-07 9.21206e-08 7.3451e-08 5.85017e-08 4.65457e-08 3.69948e-08 2.93739e-08 2.32997e-08 1.84636e-08 1.46173e-08 1.15615e-08 9.13609e-09 7.21302e-09 5.68972e-09 4.48424e-09 3.53117e-09 2.77834e-09 2.18423e-09 1.71578e-09 1.34673e-09 1.05624e-09 8.27785e-10 6.48254e-10 5.07287e-10 3.96687e-10 3.0998e-10 2.42056e-10 1.88885e-10 1.47295e-10 1.14786e-10 8.9393e-11 6.95727e-11 5.41127e-11
7.43119e-05 0.000157735 0.000256322 0.000363034 0.000471127 0.00057467 0.000668848 0.000750087 0.00081605 0.000865536 0.000898328 0.000915002 0.00091674 0.000905143 0.000882072 0.000849504 0.000809421 0.000763722 0.000714163 0.000662315 0.000609542 0.000556992 0.000505604 0.000456115 0.000409079 0.000364889 0.000323796 0.000285932 0.000251333 0.000219954 0.000191693 0.000166403 0.000143905 0.000124001 0.000106482 9.11379e-05 7.77586e-05 6.61425e-05 5.60982e-05 4.74463e-05 4.00208e-05 3.367e-05 2.82562e-05 2.36558e-05 1.97582e-05 1.64657e-05 1.36921e-05 1.13617e-05 9.40867e-06 7.77599e-06 6.41432e-06 5.28126e-06 4.34051e-06 3.56108e-06 2.91663e-06 2.38486e-06 1.9469e-06 1.58687e-06 1.29145e-06 1.04946e-06 8.5158e-07 6.90034e-07 5.58362e-07 4.51209e-07 3.6414e-07 2.93496e-07 2.36261e-07 1.89955e-07 1.52542e-07 1.22354e-07 9.80286e-08 7.84513e-08 6.2715e-08 5.00815e-08 3.9951e-08 3.18369e-08 2.53452e-08 2.01573e-08 1.60158e-08 1.27131e-08 1.00821e-08 7.98833e-09 6.32369e-09 5.00153e-09 3.9524e-09 3.12069e-09 2.46195e-09 1.94068e-09 1.52855e-09 1.20299e-09 9.46035e-10 7.434e-10 5.83731e-10 4.58019e-10 3.59119e-10 2.81375e-10 2.20306e-10 1.72373e-10 1.34778e-10 1.05311e-10 8.22333e-11
5.27722e-05 0.0001164 0.000194446 0.000281751 0.000372993 0.000463184 0.000548005 0.000623993 0.000688624 0.00074029 0.000778231 0.000802413 0.000813395 0.000812185 0.000800105 0.000778673 0.000749491 0.000714163 0.000674231 0.000631123 0.000586121 0.000540346 0.000494746 0.000450102 0.000407034 0.000366014 0.000327379 0.000291353 0.000258059 0.000227539 0.00019977 0.000174674 0.000152138 0.000132017 0.000114151 9.83683e-05 8.44916e-05 7.2346e-05 6.17606e-05 5.2572e-05 4.46264e-05 3.77804e-05 3.19022e-05 2.68717e-05 2.258e-05 1.89298e-05 1.5834e-05 1.32157e-05 1.10072e-05 9.14911e-06 7.58962e-06 6.28388e-06 5.19309e-06 4.28389e-06 3.52766e-06 2.89996e-06 2.37999e-06 1.95009e-06 1.59532e-06 1.30309e-06 1.0628e-06 8.65558e-07 7.03916e-07 5.71666e-07 4.63633e-07 3.75519e-07 3.03758e-07 2.454e-07 1.98009e-07 1.59577e-07 1.28453e-07 1.03279e-07 8.29456e-08 6.65414e-08 5.33236e-08 4.2686e-08 3.4135e-08 2.72691e-08 2.17625e-08 1.73508e-08 1.38202e-08 1.09976e-08 8.74339e-09 6.94493e-09 5.51149e-09 4.37009e-09 3.46209e-09 2.74043e-09 2.1674e-09 1.7128e-09 1.35247e-09 1.0671e-09 8.41289e-10 6.6276e-10 5.21726e-10 4.10401e-10 3.22597e-10 2.53397e-10 1.98902e-10 1.56019e-10 1.22298e-10
3.74759e-05 8.57743e-05 0.000147164 0.000218005 0.000294229 0.000371779 0.000446922 0.000516478 0.000577931 0.000629482 0.000670027 0.000699098 0.000716773 0.000723574 0.000720366 0.000708246 0.000688459 0.000662315 0.000631123 0.000596141 0.000558537 0.000519364 0.000479548 0.000439875 0.000400997 0.000363435 0.000327591 0.000293757 0.000262129 0.000232821 0.000205879 0.00018129 0.000158999 0.000138916 0.000120927 0.0001049 9.06916e-05 7.8156e-05 6.71452e-05 5.75144e-05 4.91243e-05 4.18427e-05 3.55459e-05 3.01194e-05 2.54582e-05 2.14669e-05 1.80596e-05 1.51591e-05 1.26969e-05 1.06123e-05 8.85187e-06 7.3689e-06 6.12261e-06 5.07762e-06 4.20337e-06 3.47352e-06 2.86548e-06 2.35994e-06 1.94043e-06 1.59297e-06 1.30571e-06 1.06865e-06 8.73342e-07 7.12709e-07 5.8081e-07 4.72675e-07 3.8416e-07 3.11815e-07 2.52772e-07 2.04653e-07 1.65494e-07 1.33667e-07 1.07836e-07 8.68974e-08 6.99462e-08 5.624e-08 4.51712e-08 3.62427e-08 2.90491e-08 2.32598e-08 1.86058e-08 1.48685e-08 1.18706e-08 9.46832e-09 7.54524e-09 6.00733e-09 4.77865e-09 3.79796e-09 3.01595e-09 2.39295e-09 1.89707e-09 1.50273e-09 1.18942e-09 9.40685e-10 7.43395e-10 5.87036e-10 4.63219e-10 3.65248e-10 2.8779e-10 2.26597e-10 1.78291e-10
2.66133e-05 6.31234e-05 0.000111139 0.000168207 0.000231319 0.000297266 0.000362927 0.000425489 0.000482585 0.000532375 0.00057357 0.000605414 0.000627634 0.000640373 0.000644112 0.00063959 0.000627723 0.000609542 0.000586121 0.000558537 0.000527821 0.000494936 0.00046075 0.000426031 0.000391432 0.0003575 0.000324676 0.0002933 0.000263624 0.000235821 0.000209995 0.000186191 0.000164406 0.0001446 0.000126703 0.000110622 9.625e-05 8.34683e-05 7.21544e-05 6.21837e-05 5.34335e-05 4.57848e-05 3.91239e-05 3.33441e-05 2.83459e-05 2.40377e-05 2.03359e-05 1.71646e-05 1.44556e-05 1.21479e-05 1.01872e-05 8.52561e-06 7.12097e-06 5.93636e-06 4.9396e-06 4.10276e-06 3.40169e-06 2.81559e-06 2.32657e-06 1.91937e-06 1.58092e-06 1.30014e-06 1.06762e-06 8.75388e-07 7.1674e-07 5.86021e-07 4.78486e-07 3.90161e-07 3.17723e-07 2.58403e-07 2.09895e-07 1.70285e-07 1.37984e-07 1.11678e-07 9.02842e-08 7.29062e-08 5.88082e-08 4.73851e-08 3.81404e-08 3.06674e-08 2.46334e-08 1.97669e-08 1.58463e-08 1.2691e-08 1.01544e-08 8.11725e-09 6.48288e-09 5.17294e-09 4.12406e-09 3.28501e-09 2.61444e-09 2.07902e-09 1.65189e-09 1.31146e-09 1.04035e-09 8.24647e-10 6.53162e-10 5.16947e-10 4.08834e-10 3.23094e-10 2.55152e-10
1.88993e-05 4.6397e-05 8.37646e-05 0.000129446 0.000181292 0.000236839 0.000293548 0.000349008 0.00040108 0.000447992 0.000488389 0.000521346 0.00054635 0.000563259 0.000572249 0.000573756 0.000568414 0.000556992 0.000540346 0.000519364 0.000494936 0.000467912 0.000439089 0.000409187 0.000378843 0.000348605 0.000318931 0.000290194 0.000262684 0.000236618 0.000212148 0.000189367 0.000168319 0.000149008 0.000131404 0.000115452 0.000101079 8.8195e-05 7.67026e-05 6.64989e-05 5.74788e-05 4.9538e-05 4.25747e-05 3.64914e-05 3.11957e-05 2.66012e-05 2.26281e-05 1.9203e-05 1.6259e-05 1.37359e-05 1.15794e-05 9.74108e-06 8.17802e-06 6.85227e-06 5.73046e-06 4.7834e-06 3.98563e-06 3.31507e-06 2.7526e-06 2.28174e-06 1.88835e-06 1.5603e-06 1.28725e-06 1.06037e-06 8.72195e-07 7.16378e-07 5.8757e-07 4.8126e-07 3.93654e-07 3.21572e-07 2.62352e-07 2.13768e-07 1.73966e-07 1.41405e-07 1.14802e-07 9.30962e-08 7.54088e-08 6.1014e-08 4.93133e-08 3.98139e-08 3.21107e-08 2.58713e-08 2.08232e-08 1.67436e-08 1.34501e-08 1.07942e-08 8.65459e-09 6.93271e-09 5.54839e-09 4.43654e-09 3.5444e-09 2.82922e-09 2.25645e-09 1.79814e-09 1.43174e-09 1.13909e-09 9.05544e-10 7.19319e-10 5.70955e-10 4.5285e-10 3.58909e-10
1.34213e-05 3.40637e-05 6.30145e-05 9.93741e-05 0.000141671 0.000188067 0.000236551 0.000285114 0.000331883 0.000375223 0.000413797 0.000446607 0.000472987 0.000492593 0.000505371 0.000511513 0.00051141 0.000505604 0.000494746 0.000479548 0.00046075 0.000439089 0.000415271 0.000389957 0.000363748 0.000337174 0.000310695 0.000284697 0.000259496 0.000235339 0.000212414 0.000190853 0.000170738 0.000152113 0.000134985 0.000119332 0.000105113 9.22657e-05 8.07185e-05 7.03899e-05 6.11932e-05 5.30397e-05 4.58407e-05 3.95091e-05 3.39609e-05 2.91164e-05 2.49005e-05 2.12435e-05 1.80811e-05 1.53545e-05 1.30103e-05 1.10005e-05 9.28178e-06 7.81582e-06 6.56849e-06 5.5097e-06 4.613e-06 3.85527e-06 3.21633e-06 2.67869e-06 2.2272e-06 1.84879e-06 1.53223e-06 1.26791e-06 1.0476e-06 8.64288e-07 7.12025e-07 5.85759e-07 4.81219e-07 3.94803e-07 3.23478e-07 2.64696e-07 2.16323e-07 1.76571e-07 1.43949e-07 1.17215e-07 9.53348e-08 7.74506e-08 6.2851e-08 5.09476e-08 4.12542e-08 3.33699e-08 2.69644e-08 2.17664e-08 1.75529e-08 1.41411e-08 1.13816e-08 9.1519e-09 7.35218e-09 5.90099e-09 4.73199e-09 3.79123e-09 3.03487e-09 2.42733e-09 1.93979e-09 1.54889e-09 1.23576e-09 9.85152e-10 7.84746e-10 6.24625e-10 4.96797e-10
9.53104e-06 2.49821e-05 4.73216e-05 7.61148e-05 0.000110408 0.000148874 0.000189961 0.000232036 0.000273502 0.0003129 0.000348973 0.000380712 0.000407375 0.000428485 0.000443821 0.000453382 0.000457364 0.000456115 0.000450102 0.000439875 0.000426031 0.000409187 0.000389957 0.000368931 0.000346659 0.000323643 0.000300327 0.000277099 0.000254284 0.000232149 0.000210907 0.000190719 0.0001717 0.000153924 0.000137431 0.00012223 0.000108307 9.56289e-05 8.41461e-05 7.37988e-05 6.45191e-05 5.62343e-05 4.88693e-05 4.23485e-05 3.65973e-05 3.15433e-05 2.71177e-05 2.32552e-05 1.9895e-05 1.69807e-05 1.44606e-05 1.22875e-05 1.04188e-05 8.81601e-06 7.44482e-06 6.27462e-06 5.2783e-06 4.43198e-06 3.71465e-06 3.10796e-06 2.5959e-06 2.1646e-06 1.80202e-06 1.49779e-06 1.24299e-06 1.02997e-06 8.52202e-07 7.04094e-07 5.80904e-07 4.78605e-07 3.93789e-07 3.23574e-07 2.65535e-07 2.1763e-07 1.78146e-07 1.45648e-07 1.18937e-07 9.70107e-08 7.90361e-08 6.43195e-08 5.22856e-08 4.24572e-08 3.44397e-08 2.79071e-08 2.25906e-08 1.82685e-08 1.47588e-08 1.19118e-08 9.60485e-09 7.73745e-09 6.22738e-09 5.0075e-09 4.023e-09 3.22924e-09 2.58986e-09 2.07532e-09 1.66163e-09 1.32931e-09 1.06259e-09 8.4872e-10 6.77365e-10
6.76842e-06 1.83033e-05 3.54786e-05 5.8175e-05 8.58243e-05 0.000117505 0.000152051 0.000188167 0.000224526 0.000259859 0.000293024 0.000323052 0.000349176 0.000370848 0.000387727 0.000399675 0.00040673 0.000409079 0.000407034 0.000400997 0.000391432 0.000378843 0.000363748 0.000346659 0.00032807 0.000308443 0.000288196 0.000267705 0.000247295 0.000227241 0.000207773 0.000189069 0.000171271 0.000154477 0.000138754 0.000124138 0.000110641 9.82518e-05 8.69452e-05 7.6681e-05 6.74097e-05 5.90747e-05 5.16146e-05 4.49658e-05 3.90637e-05 3.38444e-05 2.92456e-05 2.52076e-05 2.16738e-05 1.8591e-05 1.59098e-05 1.35849e-05 1.15744e-05 9.84065e-06 8.3494e-06 7.06997e-06 5.97496e-06 5.03999e-06 4.24349e-06 3.56645e-06 2.99219e-06 2.5061e-06 2.09549e-06 1.7493e-06 1.45799e-06 1.21331e-06 1.00816e-06 8.36463e-07 6.93001e-07 5.73332e-07 4.73672e-07 3.90805e-07 3.22008e-07 2.64978e-07 2.17771e-07 1.78752e-07 1.46544e-07 1.19997e-07 9.81429e-08 8.01769e-08 6.54259e-08 5.33297e-08 4.34227e-08 3.53185e-08 2.86967e-08 2.32924e-08 1.88869e-08 1.52994e-08 1.23813e-08 1.00101e-08 8.08549e-09 6.52485e-09 5.26065e-09 4.2376e-09 3.4105e-09 2.74246e-09 2.20339e-09 1.7688e-09 1.41876e-09 1.13706e-09 9.10569e-10
4.80656e-06 1.33973e-05 2.65585e-05 4.43744e-05 6.65545e-05 9.2491e-05 0.000121335 0.000152083 0.000183656 0.000214978 0.000245039 0.000272942 0.000297939 0.000319446 0.000337056 0.00035053 0.000359788 0.000364889 0.000366014 0.000363435 0.0003575 0.000348605 0.000337174 0.000323643 0.000308443 0.000291987 0.000274664 0.000256826 0.000238789 0.000220828 0.000203178 0.000186031 0.000169543 0.000153834 0.000138991 0.000125072 0.000112111 0.00010012 8.90913e-05 7.90055e-05 6.98298e-05 6.15231e-05 5.40381e-05 4.7323e-05 4.13237e-05 3.59851e-05 3.12522e-05 2.70715e-05 2.33912e-05 2.01621e-05 1.73377e-05 1.48748e-05 1.27334e-05 1.08767e-05 9.27127e-06 7.88664e-06 6.69547e-06 5.67322e-06 4.79798e-06 4.05032e-06 3.41305e-06 2.87103e-06 2.41097e-06 2.02127e-06 1.69181e-06 1.41381e-06 1.17966e-06 9.82804e-07 8.17585e-07 6.79158e-07 5.6337e-07 4.66676e-07 3.86053e-07 3.18936e-07 2.63144e-07 2.16836e-07 1.78454e-07 1.46687e-07 1.2043e-07 9.87565e-08 8.08903e-08 6.61814e-08 5.40869e-08 4.41545e-08 3.60075e-08 2.93329e-08 2.38708e-08 1.94062e-08 1.57608e-08 1.27877e-08 1.03655e-08 8.39408e-09 6.79131e-09 5.48954e-09 4.4333e-09 3.57713e-09 2.88378e-09 2.32283e-09 1.86942e-09 1.50326e-09 1.20783e-09
3.41335e-06 9.79765e-06 1.98523e-05 3.37837e-05 5.14946e-05 7.26137e-05 9.65455e-05 0.000122531 0.000149714 0.000177202 0.000204122 0.000229668 0.000253136 0.000273943 0.000291648 0.000305948 0.000316677 0.000323796 0.000327379 0.000327591 0.000324676 0.000318931 0.000310695 0.000300327 0.000288196 0.000274664 0.00026008 0.000244769 0.000229031 0.000213132 0.000197305 0.000181748 0.000166628 0.000152076 0.000138197 0.000125066 0.000112736 0.000101235 9.05755e-05 8.07545e-05 7.17553e-05 6.35516e-05 5.61094e-05 4.93887e-05 4.33459e-05 3.79349e-05 3.31087e-05 2.882e-05 2.50225e-05 2.16714e-05 1.87239e-05 1.61394e-05 1.38801e-05 1.19107e-05 1.01989e-05 8.7148e-06 7.43159e-06 6.3248e-06 5.37249e-06 4.55501e-06 3.85486e-06 3.25651e-06 2.74626e-06 2.31203e-06 1.94323e-06 1.63062e-06 1.36613e-06 1.14278e-06 9.54497e-07 7.96059e-07 6.62961e-07 5.51336e-07 4.5787e-07 3.79734e-07 3.14514e-07 2.60157e-07 2.1492e-07 1.77327e-07 1.4613e-07 1.20278e-07 9.88818e-08 8.11981e-08 6.66013e-08 5.45676e-08 4.46594e-08 3.6511e-08 2.98178e-08 2.43264e-08 1.98261e-08 1.61422e-08 1.31299e-08 1.06694e-08 8.66171e-09 7.02526e-09 5.69273e-09 4.60878e-09 3.7279e-09 3.01274e-09 2.43268e-09 1.96263e-09 1.58208e-09
2.42397e-06 7.15915e-06 1.48191e-05 2.56747e-05 3.97575e-05 5.68692e-05 7.66116e-05 9.84283e-05 0.000121654 0.000145563 0.000169418 0.000192513 0.000214203 0.000233933 0.000251251 0.00026582 0.000277418 0.000285932 0.000291353 0.000293757 0.0002933 0.000290194 0.000284697 0.000277099 0.000267705 0.000256826 0.000244769 0.000231829 0.000218282 0.000204378 0.000190345 0.00017638 0.000162652 0.000149303 0.000136447 0.000124173 0.000112547 0.000101614 9.14026e-05 8.1923e-05 7.31737e-05 6.5142e-05 5.78063e-05 5.11383e-05 4.51046e-05 3.96681e-05 3.47895e-05 3.04286e-05 2.65447e-05 2.30978e-05 2.00492e-05 1.73613e-05 1.4999e-05 1.2929e-05 1.11202e-05 9.54418e-06 8.17453e-06 6.98732e-06 5.96081e-06 5.07537e-06 4.3134e-06 3.65916e-06 3.09864e-06 2.61944e-06 2.21061e-06 1.8625e-06 1.56668e-06 1.31577e-06 1.10333e-06 9.23804e-07 7.72346e-07 6.44788e-07 5.37536e-07 4.47504e-07 3.72047e-07 3.08902e-07 2.56141e-07 2.12121e-07 1.75446e-07 1.44934e-07 1.19585e-07 9.85528e-08 8.11256e-08 6.67041e-08 5.47851e-08 4.49465e-08 3.68351e-08 3.01556e-08 2.46617e-08 2.0148e-08 1.6444e-08 1.34076e-08 1.09213e-08 8.8876e-09 7.22579e-09 5.86927e-09 4.76308e-09 3.86192e-09 3.1285e-09 2.53216e-09 2.04774e-09
1.72137e-06 5.22706e-06 1.10477e-05 1.94793e-05 3.06336e-05 4.44356e-05 6.0637e-05 7.88441e-05 9.85521e-05 0.000119184 0.00014013 0.000160783 0.000180568 0.00019897 0.000215551 0.000229961 0.000241942 0.000251333 0.000258059 0.000262129 0.000263624 0.000262684 0.000259496 0.000254284 0.000247295 0.000238789 0.000229031 0.000218282 0.000206789 0.000194787 0.000182489 0.000170088 0.000157751 0.000145624 0.000133826 0.000122456 0.000111592 0.00010129 9.15905e-05 8.25179e-05 7.40831e-05 6.62856e-05 5.91153e-05 5.25548e-05 4.65803e-05 4.11636e-05 3.62735e-05 3.18763e-05 2.79374e-05 2.4422e-05 2.12954e-05 1.8524e-05 1.60751e-05 1.3918e-05 1.20235e-05 1.03643e-05 8.91521e-06 7.65296e-06 6.55628e-06 5.60579e-06 4.78399e-06 4.07509e-06 3.46496e-06 2.94097e-06 2.49192e-06 2.10788e-06 1.7801e-06 1.50086e-06 1.26344e-06 1.06195e-06 8.91241e-07 7.46875e-07 6.24993e-07 5.22262e-07 4.35814e-07 3.63183e-07 3.02255e-07 2.51221e-07 2.08538e-07 1.7289e-07 1.4316e-07 1.18399e-07 9.78059e-08 8.07006e-08 6.65109e-08 5.4755e-08 4.50275e-08 3.69881e-08 3.03519e-08 2.48804e-08 2.03743e-08 1.66675e-08 1.36216e-08 1.11215e-08 9.07158e-09 7.39251e-09 6.01863e-09 4.89561e-09 3.97856e-09 3.23042e-09 2.62069e-09
1.22242e-06 3.81354e-06 8.22601e-06 1.47552e-05 2.35585e-05 3.46444e-05 4.78764e-05 6.29881e-05 7.96075e-05 9.72854e-05 0.000115526 0.000133819 0.000151663 0.000168593 0.000184197 0.000198126 0.00021011 0.000219954 0.000227539 0.000232821 0.000235821 0.000236618 0.000235339 0.000232149 0.000227241 0.000220828 0.000213132 0.000204378 0.000194787 0.00018457 0.000173926 0.000163037 0.000152066 0.000141155 0.00013043 0.000119993 0.000109929 0.000100304 9.11681e-05 8.25567e-05 7.44916e-05 6.69828e-05 6.00308e-05 5.36279e-05 4.77595e-05 4.2406e-05 3.75436e-05 3.31455e-05 2.91831e-05 2.56268e-05 2.24464e-05 1.9612e-05 1.70943e-05 1.48649e-05 1.28969e-05 1.11648e-05 9.64444e-06 8.3137e-06 7.15196e-06 6.14033e-06 5.26157e-06 4.50006e-06 3.84167e-06 3.27371e-06 2.78481e-06 2.36486e-06 2.00488e-06 1.6969e-06 1.43394e-06 1.20982e-06 1.01917e-06 8.57278e-07 7.20042e-07 6.03905e-07 5.05787e-07 4.23025e-07 3.53328e-07 2.94722e-07 2.45518e-07 2.04268e-07 1.69736e-07 1.40868e-07 1.1677e-07 9.66793e-08 7.99526e-08 6.60444e-08 5.44946e-08 4.49151e-08 3.69796e-08 3.04138e-08 2.49876e-08 2.05085e-08 1.68152e-08 1.37734e-08 1.12708e-08 9.21406e-09 7.52551e-09 6.14069e-09 5.0061e-09 4.07747e-09 3.31814e-09
8.68099e-07 2.78029e-06 6.11789e-06 1.11599e-05 1.80845e-05 2.69545e-05 3.77135e-05 5.01933e-05 6.41286e-05 7.91779e-05 9.49469e-05 0.000111013 0.000126948 0.000142341 0.000156814 0.000170036 0.000181733 0.000191693 0.00019977 0.000205879 0.000209995 0.000212148 0.000212414 0.000210907 0.000207773 0.000203178 0.000197305 0.000190345 0.000182489 0.000173926 0.000164836 0.000155388 0.000145736 0.000136019 0.000126361 0.000116866 0.000107624 9.87072e-05 9.01734e-05 8.20661e-05 7.44159e-05 6.72423e-05 6.05547e-05 5.43543e-05 4.8635e-05 4.33849e-05 3.85874e-05 3.42225e-05 3.02674e-05 2.66977e-05 2.34878e-05 2.06116e-05 1.80434e-05 1.57576e-05 1.37295e-05 1.19355e-05 1.03532e-05 8.96148e-06 7.74077e-06 6.6728e-06 5.74083e-06 4.92953e-06 4.22493e-06 3.61442e-06 3.08659e-06 2.63124e-06 2.23923e-06 1.90245e-06 1.61368e-06 1.36656e-06 1.15548e-06 9.75511e-07 8.2234e-07 6.92204e-07 5.81827e-07 4.88363e-07 4.09348e-07 3.42654e-07 2.86447e-07 2.39149e-07 1.99406e-07 1.66061e-07 1.38122e-07 1.14745e-07 9.52118e-08 7.89122e-08 6.53284e-08 5.40223e-08 4.46237e-08 3.68204e-08 3.03493e-08 2.49893e-08 2.05548e-08 1.68902e-08 1.3865e-08 1.13706e-08 9.31592e-09 7.6253e-09 6.23566e-09 5.09459e-09 4.15855e-09
6.16476e-07 2.02563e-06 4.54501e-06 8.42842e-06 1.38585e-05 2.09301e-05 2.96426e-05 3.99011e-05 5.1525e-05 6.42613e-05 7.78028e-05 9.18064e-05 0.000105913 0.000119766 0.000133027 0.000145389 0.000156586 0.000166403 0.000174674 0.00018129 0.000186191 0.000189367 0.000190853 0.000190719 0.000189069 0.000186031 0.000181748 0.00017638 0.000170088 0.000163037 0.000155388 0.000147294 0.000138899 0.000130335 0.000121721 0.000113163 0.00010475 9.65589e-05 8.86524e-05 8.10804e-05 7.38807e-05 6.70802e-05 6.06961e-05 5.47373e-05 4.92052e-05 4.40951e-05 3.93972e-05 3.50976e-05 3.11793e-05 2.76229e-05 2.44074e-05 2.15109e-05 1.89109e-05 1.65848e-05 1.45107e-05 1.26668e-05 1.10326e-05 9.58843e-06 8.31567e-06 7.19701e-06 6.21633e-06 5.35876e-06 4.61068e-06 3.95964e-06 3.39433e-06 2.90456e-06 2.48114e-06 2.11585e-06 1.80134e-06 1.5311e-06 1.29933e-06 1.10092e-06 9.31399e-07 7.86804e-07 6.63686e-07 5.59032e-07 4.70221e-07 3.94976e-07 3.31324e-07 2.77563e-07 2.32224e-07 1.94043e-07 1.61938e-07 1.34979e-07 1.12373e-07 9.3442e-08 7.76102e-08 6.43873e-08 5.33573e-08 4.41682e-08 3.6522e-08 3.01674e-08 2.48923e-08 2.05185e-08 1.6896e-08 1.38993e-08 1.14228e-08 9.37851e-09 7.69276e-09 6.30411e-09 5.16138e-09
4.37787e-07 1.47486e-06 3.37296e-06 6.35679e-06 1.06026e-05 1.62216e-05 2.32499e-05 3.16465e-05 4.12957e-05 5.20166e-05 6.35749e-05 7.56975e-05 8.80883e-05 0.000100443 0.000112466 0.000123877 0.000134428 0.000143905 0.000152138 0.000158999 0.000164406 0.000168319 0.000170738 0.0001717 0.000171271 0.000169543 0.000166628 0.000162652 0.000157751 0.000152066 0.000145736 0.000138899 0.000131686 0.000124221 0.000116616 0.000108974 0.000101383 9.3922e-05 8.66564e-05 7.96403e-05 7.29169e-05 6.65189e-05 6.04702e-05 5.47859e-05 4.94741e-05 4.45365e-05 3.99694e-05 3.57648e-05 3.19109e-05 2.83934e-05 2.51957e-05 2.22998e-05 1.96867e-05 1.7337e-05 1.52312e-05 1.335e-05 1.16746e-05 1.0187e-05 8.86982e-06 7.70678e-06 6.68258e-06 5.78296e-06 4.99472e-06 4.30574e-06 3.70493e-06 3.1822e-06 2.72838e-06 2.33525e-06 1.99539e-06 1.70217e-06 1.4497e-06 1.23272e-06 1.04659e-06 8.87222e-07 7.51004e-07 6.34775e-07 5.35769e-07 4.51573e-07 3.80087e-07 3.19487e-07 2.68195e-07 2.24847e-07 1.88265e-07 1.57439e-07 1.31499e-07 1.09701e-07 9.14079e-08 7.60771e-08 6.32454e-08 5.25191e-08 4.35639e-08 3.60965e-08 2.98773e-08 2.47037e-08 2.04049e-08 1.68371e-08 1.38792e-08 1.14298e-08 9.4035e-09 7.72908e-09 6.34685e-09
