0.750415 0.00234008 0.00212773 0.00193465 0.00175909 0.00159947 0.00145433 0.00132235 0.00120236 0.00109325 0.000994045 0.000903841 0.000821823 0.000747247 0.000679439 0.000617784 0.000561724 0.000510751 0.000464403 0.000422261 0.000383943 0.000349103 0.000317424 0.00028862 0.000262429 0.000238615 0.000216962 0.000197274 0.000179373 0.000163096 0.000148296 0.000134839 0.000122603 0.000111477 0.000101362 9.21636e-05 8.38003e-05 7.61959e-05 6.92816e-05 6.29947e-05 5.72783e-05 5.20806e-05 4.73546e-05 4.30574e-05 3.91502e-05 3.55976e-05 3.23673e-05 2.94302e-05 2.67596e-05 2.43313e-05 2.21234e-05 2.01158e-05 1.82904e-05 1.66307e-05 1.51215e-05 1.37493e-05 1.25017e-05 1.13672e-05 1.03357e-05 9.3978e-06 8.54501e-06 7.7696e-06 7.06455e-06 6.42349e-06 5.84059e-06 5.31059e-06 4.82869e-06 4.39051e-06 3.9921e-06 3.62984e-06 3.30045e-06 3.00096e-06 2.72864e-06 2.48103e-06 2.25589e-06 2.05118e-06 1.86505e-06 1.69581e-06 1.54192e-06 1.402e-06 1.27478e-06 1.1591e-06 1.05392e-06 9.58282e-07 8.71324e-07 7.92256e-07 7.20363e-07 6.54995e-07 5.95558e-07 5.41514e-07 4.92375e-07 4.47695e-07 4.07069e-07 3.7013e-07 3.36543e-07 3.06004e-07 2.78236e-07 2.52988e-07 2.3003e-07 2.09156e-07 1.90177e-07
0.00234008 0.000466748 0.000435305 0.000405724 0.000377928 0.000351836 0.000327367 0.000304441 0.000282981 0.000262908 0.000244149 0.000226629 0.000210278 0.000195028 0.000180815 0.000167575 0.000155249 0.00014378 0.000133115 0.000123201 0.00011399 0.000105436 9.74964e-05 9.01292e-05 8.32963e-05 7.69613e-05 7.10901e-05 6.56508e-05 6.06132e-05 5.59493e-05 5.16327e-05 4.76388e-05 4.39446e-05 4.05286e-05 3.73706e-05 3.44521e-05 3.17555e-05 2.92646e-05 2.69643e-05 2.48405e-05 2.28801e-05 2.1071e-05 1.94017e-05 1.78619e-05 1.64418e-05 1.51324e-05 1.39252e-05 1.28125e-05 1.17871e-05 1.08422e-05 9.97181e-06 9.17008e-06 8.43175e-06 7.7519e-06 7.12601e-06 6.54987e-06 6.01962e-06 5.53167e-06 5.08271e-06 4.66967e-06 4.28975e-06 3.94032e-06 3.61899e-06 3.32353e-06 3.05189e-06 2.80218e-06 2.57266e-06 2.36172e-06 2.16788e-06 1.98977e-06 1.82614e-06 1.67582e-06 1.53774e-06 1.41092e-06 1.29446e-06 1.18751e-06 1.08932e-06 9.99164e-07 9.16403e-07 8.40434e-07 7.70707e-07 7.06714e-07 6.47988e-07 5.94102e-07 5.44659e-07 4.99297e-07 4.57683e-07 4.1951e-07 3.84496e-07 3.52382e-07 3.2293e-07 2.95922e-07 2.71156e-07 2.48449e-07 2.27629e-07 2.08542e-07 1.91045e-07 1.75006e-07 1.60305e-07 1.46831e-07 1.34482e-07
0.00212773 0.000435305 0.000407901 0.000381937 0.000357372 0.000334163 0.000312261 0.000291618 0.000272181 0.000253899 0.00023672 0.000220592 0.000205464 0.000191284 0.000178003 0.000165574 0.00015395 0.000143085 0.000132937 0.000123463 0.000114624 0.000106382 9.87004e-05 9.15443e-05 8.48811e-05 7.86797e-05 7.29104e-05 6.75456e-05 6.25587e-05 5.7925e-05 5.3621e-05 4.96247e-05 4.59153e-05 4.24735e-05 3.92809e-05 3.63204e-05 3.35759e-05 3.10324e-05 2.86759e-05 2.64932e-05 2.4472e-05 2.26008e-05 2.0869e-05 1.92665e-05 1.7784e-05 1.64129e-05 1.5145e-05 1.39728e-05 1.28894e-05 1.18882e-05 1.09631e-05 1.01085e-05 9.3193e-06 8.59049e-06 7.9176e-06 7.29647e-06 6.72319e-06 6.19417e-06 5.70607e-06 5.2558e-06 4.84048e-06 4.45747e-06 4.10429e-06 3.77868e-06 3.47852e-06 3.20185e-06 2.94689e-06 2.71194e-06 2.49547e-06 2.29606e-06 2.11237e-06 1.94319e-06 1.7874e-06 1.64394e-06 1.51186e-06 1.39027e-06 1.27834e-06 1.17533e-06 1.08052e-06 9.93281e-07 9.1301e-07 8.39158e-07 7.71218e-07 7.08725e-07 6.51245e-07 5.98382e-07 5.49769e-07 5.05069e-07 4.6397e-07 4.26186e-07 3.91451e-07 3.59522e-07 3.30175e-07 3.03204e-07 2.78418e-07 2.55641e-07 2.34713e-07 2.15485e-07 1.97819e-07 1.81591e-07 1.66684e-07
0.00193465 0.000405724 0.000381937 0.000359228 0.000337589 0.000317005 0.000297454 0.000278912 0.000261351 0.000244739 0.000229043 0.000214229 0.000200263 0.000187108 0.000174728 0.000163089 0.000152153 0.000141888 0.000132258 0.000123231 0.000114774 0.000106857 9.94491e-05 9.25219e-05 8.60477e-05 7.99999e-05 7.43534e-05 6.9084e-05 6.41688e-05 5.9586e-05 5.5315e-05 5.13361e-05 4.76308e-05 4.41816e-05 4.0972e-05 3.79864e-05 3.521e-05 3.26292e-05 3.02308e-05 2.80026e-05 2.59332e-05 2.40118e-05 2.22284e-05 2.05734e-05 1.9038e-05 1.7614e-05 1.62936e-05 1.50694e-05 1.39349e-05 1.28836e-05 1.19097e-05 1.10077e-05 1.01723e-05 9.39896e-06 8.68309e-06 8.02057e-06 7.40755e-06 6.84042e-06 6.31585e-06 5.83072e-06 5.38215e-06 4.96745e-06 4.58412e-06 4.22986e-06 3.90249e-06 3.60004e-06 3.32064e-06 3.06257e-06 2.82425e-06 2.60418e-06 2.401e-06 2.21344e-06 2.04032e-06 1.88054e-06 1.7331e-06 1.59707e-06 1.47157e-06 1.3558e-06 1.24902e-06 1.15055e-06 1.05974e-06 9.76017e-07 8.98827e-07 8.2767e-07 7.62081e-07 7.01631e-07 6.45923e-07 5.94591e-07 5.47294e-07 5.03719e-07 4.63578e-07 4.26604e-07 3.92549e-07 3.61186e-07 3.32304e-07 3.0571e-07 2.81225e-07 2.58682e-07 2.3793e-07 2.18828e-07 2.01246e-07
0.00175909 0.000377928 0.000357372 0.000337589 0.000318595 0.000300396 0.000282994 0.000266385 0.000250557 0.000235499 0.000221192 0.000207617 0.000194753 0.000182576 0.000171063 0.000160188 0.000149926 0.00014025 0.000131136 0.000122558 0.000114489 0.000106906 9.97846e-05 9.31003e-05 8.68307e-05 8.09533e-05 7.5447e-05 7.02909e-05 6.54655e-05 6.09517e-05 5.67315e-05 5.27875e-05 4.91034e-05 4.56634e-05 4.24528e-05 3.94574e-05 3.66638e-05 3.40595e-05 3.16324e-05 2.93713e-05 2.72654e-05 2.53049e-05 2.34802e-05 2.17824e-05 2.02032e-05 1.87346e-05 1.73694e-05 1.61005e-05 1.49216e-05 1.38264e-05 1.28093e-05 1.18649e-05 1.09883e-05 1.01747e-05 9.41984e-06 8.71958e-06 8.0701e-06 7.46786e-06 6.90952e-06 6.39198e-06 5.91236e-06 5.46795e-06 5.05625e-06 4.67492e-06 4.32177e-06 3.99477e-06 3.69205e-06 3.41184e-06 3.1525e-06 2.91253e-06 2.69051e-06 2.48512e-06 2.29515e-06 2.11946e-06 1.957e-06 1.80681e-06 1.66796e-06 1.53962e-06 1.42101e-06 1.3114e-06 1.21013e-06 1.11657e-06 1.03014e-06 9.50316e-07 8.76594e-07 8.08516e-07 7.45659e-07 6.87626e-07 6.34055e-07 5.84607e-07 5.3897e-07 4.96853e-07 4.5799e-07 4.22133e-07 3.89051e-07 3.58534e-07 3.30385e-07 3.04423e-07 2.80479e-07 2.584e-07 2.38041e-07
0.00159947 0.000351836 0.000334163 0.000317005 0.000300396 0.000284362 0.000268922 0.000254086 0.000239859 0.000226243 0.000213233 0.000200822 0.000189 0.000177755 0.000167072 0.000156935 0.000147327 0.00013823 0.000129625 0.000121494 0.000113816 0.000106574 9.97467e-05 9.3316e-05 8.72632e-05 8.15698e-05 7.6218e-05 7.11904e-05 6.64702e-05 6.2041e-05 5.78872e-05 5.39936e-05 5.03458e-05 4.69299e-05 4.37326e-05 4.07412e-05 3.79437e-05 3.53286e-05 3.2885e-05 3.06024e-05 2.8471e-05 2.64816e-05 2.46253e-05 2.28938e-05 2.12792e-05 1.97742e-05 1.83716e-05 1.70649e-05 1.58479e-05 1.47147e-05 1.36599e-05 1.26783e-05 1.1765e-05 1.09156e-05 1.01256e-05 9.3912e-06 8.70857e-06 8.07422e-06 7.48485e-06 6.93739e-06 6.42897e-06 5.95689e-06 5.51865e-06 5.1119e-06 4.73444e-06 4.38424e-06 4.05938e-06 3.75807e-06 3.47867e-06 3.21961e-06 2.97947e-06 2.75689e-06 2.55062e-06 2.35949e-06 2.18243e-06 2.01841e-06 1.86651e-06 1.72584e-06 1.59559e-06 1.47502e-06 1.3634e-06 1.2601e-06 1.16451e-06 1.07605e-06 9.94215e-07 9.1851e-07 8.48488e-07 7.83727e-07 7.23841e-07 6.68467e-07 6.17273e-07 5.69948e-07 5.26204e-07 4.85775e-07 4.48412e-07 4.13888e-07 3.8199e-07 3.52521e-07 3.25298e-07 3.00153e-07 2.7693e-07
0.00145433 0.000327367 0.000312261 0.000297454 0.000282994 0.000268922 0.000255268 0.000242056 0.000229305 0.000217025 0.000205224 0.000193905 0.000183066 0.000172705 0.000162815 0.000153387 0.000144412 0.000135879 0.000127775 0.000120086 0.000112799 0.0001059 9.93726e-05 9.32032e-05 8.73765e-05 8.18778e-05 7.66924e-05 7.18057e-05 6.72037e-05 6.28725e-05 5.87986e-05 5.49689e-05 5.13707e-05 4.7992e-05 4.48208e-05 4.18459e-05 3.90565e-05 3.64422e-05 3.39931e-05 3.16996e-05 2.95528e-05 2.75441e-05 2.56652e-05 2.39085e-05 2.22666e-05 2.07325e-05 1.92996e-05 1.79616e-05 1.67127e-05 1.55473e-05 1.44601e-05 1.34462e-05 1.25008e-05 1.16197e-05 1.07985e-05 1.00335e-05 9.32101e-06 8.65754e-06 8.03988e-06 7.465e-06 6.93005e-06 6.43238e-06 5.96949e-06 5.53903e-06 5.1388e-06 4.76678e-06 4.42102e-06 4.09974e-06 3.80126e-06 3.52402e-06 3.26654e-06 3.02747e-06 2.80551e-06 2.59949e-06 2.40829e-06 2.23087e-06 2.06626e-06 1.91356e-06 1.77194e-06 1.6406e-06 1.51882e-06 1.40592e-06 1.30127e-06 1.20427e-06 1.11438e-06 1.03109e-06 9.53925e-07 8.82443e-07 8.16234e-07 7.54916e-07 6.98135e-07 6.45562e-07 5.9689e-07 5.51836e-07 5.10134e-07 4.7154e-07 4.35827e-07 4.02782e-07 3.7221e-07 3.43928e-07 3.17768e-07
0.00132235 0.000304441 0.000291618 0.000278912 0.000266385 0.000254086 0.000242056 0.000230331 0.000218936 0.000207893 0.000197216 0.000186918 0.000177004 0.000167479 0.000158344 0.000149596 0.000141232 0.000133246 0.00012563 0.000118378 0.000111478 0.000104922 9.86974e-05 9.27941e-05 8.72004e-05 8.19046e-05 7.68948e-05 7.21593e-05 6.76864e-05 6.34643e-05 5.94818e-05 5.57276e-05 5.21908e-05 4.88608e-05 4.57271e-05 4.27799e-05 4.00094e-05 3.74063e-05 3.49618e-05 3.26671e-05 3.05141e-05 2.84949e-05 2.66019e-05 2.48279e-05 2.31662e-05 2.16101e-05 2.01535e-05 1.87906e-05 1.75156e-05 1.63234e-05 1.52089e-05 1.41674e-05 1.31944e-05 1.22856e-05 1.1437e-05 1.06449e-05 9.90574e-06 9.21612e-06 8.5729e-06 7.97311e-06 7.41394e-06 6.89277e-06 6.40712e-06 5.95469e-06 5.53328e-06 5.14086e-06 4.77551e-06 4.43543e-06 4.11893e-06 3.82444e-06 3.55048e-06 3.29567e-06 3.0587e-06 2.83838e-06 2.63357e-06 2.4432e-06 2.26629e-06 2.10192e-06 1.94922e-06 1.80739e-06 1.67566e-06 1.55335e-06 1.43979e-06 1.33438e-06 1.23654e-06 1.14574e-06 1.06149e-06 9.83328e-07 9.1082e-07 8.43568e-07 7.81199e-07 7.23366e-07 6.69745e-07 6.20035e-07 5.73958e-07 5.31253e-07 4.91677e-07 4.55006e-07 4.21031e-07 3.89556e-07 3.604e-07
0.00120236 0.000282981 0.000272181 0.000261351 0.000250557 0.000239859 0.000229305 0.000218936 0.000208787 0.000198884 0.000189252 0.000179906 0.000170861 0.000162125 0.000153706 0.000145608 0.00013783 0.000130373 0.000123234 0.000116408 0.00010989 0.000103675 9.77536e-05 9.21192e-05 8.67629e-05 8.16759e-05 7.68489e-05 7.22727e-05 6.79376e-05 6.38341e-05 5.99528e-05 5.62841e-05 5.28187e-05 4.95474e-05 4.64613e-05 4.35515e-05 4.08096e-05 3.82273e-05 3.57965e-05 3.35094e-05 3.13587e-05 2.9337e-05 2.74376e-05 2.56538e-05 2.39792e-05 2.24078e-05 2.09339e-05 1.95518e-05 1.82564e-05 1.70425e-05 1.59056e-05 1.48411e-05 1.38446e-05 1.29121e-05 1.20398e-05 1.12241e-05 1.04614e-05 9.74856e-06 9.08247e-06 8.46024e-06 7.87913e-06 7.33656e-06 6.8301e-06 6.35745e-06 5.91647e-06 5.50512e-06 5.12151e-06 4.76383e-06 4.43041e-06 4.11967e-06 3.83012e-06 3.56037e-06 3.30912e-06 3.07514e-06 2.85729e-06 2.65449e-06 2.46574e-06 2.29009e-06 2.12666e-06 1.97463e-06 1.83323e-06 1.70173e-06 1.57947e-06 1.4658e-06 1.36015e-06 1.26196e-06 1.17072e-06 1.08594e-06 1.00719e-06 9.34043e-07 8.6611e-07 8.03029e-07 7.44461e-07 6.90091e-07 6.39623e-07 5.92784e-07 5.49319e-07 5.08989e-07 4.71573e-07 4.36863e-07 4.0467e-07
0.00109325 0.000262908 0.000253899 0.000244739 0.000235499 0.000226243 0.000217025 0.000207893 0.000198884 0.000190033 0.000181368 0.000172909 0.000164677 0.000156685 0.000148945 0.000141464 0.000134248 0.000127301 0.000120622 0.000114213 0.00010807 0.000102191 9.65717e-05 9.12067e-05 8.60902e-05 8.1216e-05 7.65771e-05 7.21663e-05 6.79761e-05 6.39988e-05 6.02268e-05 5.6652e-05 5.32666e-05 5.00629e-05 4.70331e-05 4.41696e-05 4.14648e-05 3.89116e-05 3.65027e-05 3.42313e-05 3.20905e-05 3.00739e-05 2.81752e-05 2.63883e-05 2.47074e-05 2.31269e-05 2.16414e-05 2.02458e-05 1.89351e-05 1.77046e-05 1.65499e-05 1.54667e-05 1.44508e-05 1.34985e-05 1.26061e-05 1.177e-05 1.09869e-05 1.02537e-05 9.56736e-06 8.92516e-06 8.32437e-06 7.76249e-06 7.23713e-06 6.74604e-06 6.28711e-06 5.85832e-06 5.45781e-06 5.08378e-06 4.73457e-06 4.4086e-06 4.10439e-06 3.82055e-06 3.55577e-06 3.30882e-06 3.07855e-06 2.86387e-06 2.66377e-06 2.47728e-06 2.30352e-06 2.14164e-06 1.99086e-06 1.85045e-06 1.7197e-06 1.59798e-06 1.48469e-06 1.37925e-06 1.28113e-06 1.18985e-06 1.10494e-06 1.02596e-06 9.52516e-07 8.84225e-07 8.20736e-07 7.61718e-07 7.06866e-07 6.55891e-07 6.08526e-07 5.64521e-07 5.23643e-07 4.85674e-07 4.50412e-07
0.000994045 0.000244149 0.00023672 0.000229043 0.000221192 0.000213233 0.000205224 0.000197216 0.000189252 0.000181368 0.000173596 0.000165963 0.00015849 0.000151197 0.000144097 0.000137203 0.000130524 0.000124065 0.000117831 0.000111826 0.000106049 0.000100501 9.51801e-05 9.00833e-05 8.52073e-05 8.0548e-05 7.61006e-05 7.18598e-05 6.78199e-05 6.39749e-05 6.03187e-05 5.68449e-05 5.35469e-05 5.04182e-05 4.74523e-05 4.46425e-05 4.19826e-05 3.9466e-05 3.70864e-05 3.48377e-05 3.27139e-05 3.07091e-05 2.88176e-05 2.7034e-05 2.53528e-05 2.37689e-05 2.22773e-05 2.08733e-05 1.95523e-05 1.83099e-05 1.71418e-05 1.6044e-05 1.50127e-05 1.40443e-05 1.3135e-05 1.22818e-05 1.14813e-05 1.07305e-05 1.00266e-05 9.3668e-06 8.74858e-06 8.16945e-06 7.62711e-06 7.11935e-06 6.64409e-06 6.19937e-06 5.78332e-06 5.3942e-06 5.03035e-06 4.69021e-06 4.37231e-06 4.07525e-06 3.79774e-06 3.53855e-06 3.29651e-06 3.07054e-06 2.85961e-06 2.66276e-06 2.47908e-06 2.30774e-06 2.14792e-06 1.99888e-06 1.85992e-06 1.73038e-06 1.60965e-06 1.49713e-06 1.3923e-06 1.29464e-06 1.20367e-06 1.11895e-06 1.04007e-06 9.66629e-07 8.98265e-07 8.34636e-07 7.75424e-07 7.20329e-07 6.69072e-07 6.21392e-07 5.77047e-07 5.35807e-07 4.97461e-07
0.000903841 0.000226629 0.000220592 0.000214229 0.000207617 0.000200822 0.000193905 0.000186918 0.000179906 0.000172909 0.000165963 0.000159095 0.000152331 0.000145692 0.000139196 0.000132858 0.000126689 0.000120698 0.000114893 0.000109278 0.000103857 9.86328e-05 9.36051e-05 8.87737e-05 8.41373e-05 7.96935e-05 7.54395e-05 7.13717e-05 6.7486e-05 6.37781e-05 6.0243e-05 5.68758e-05 5.36712e-05 5.06239e-05 4.77284e-05 4.49791e-05 4.23705e-05 3.98971e-05 3.75534e-05 3.53339e-05 3.32334e-05 3.12465e-05 2.93682e-05 2.75935e-05 2.59176e-05 2.43356e-05 2.28431e-05 2.14356e-05 2.01089e-05 1.88588e-05 1.76815e-05 1.65732e-05 1.55302e-05 1.4549e-05 1.36263e-05 1.2759e-05 1.19439e-05 1.11783e-05 1.04593e-05 9.78431e-06 9.15085e-06 8.55653e-06 7.9991e-06 7.47642e-06 6.98645e-06 6.52729e-06 6.0971e-06 5.69416e-06 5.31684e-06 4.9636e-06 4.63298e-06 4.32361e-06 4.03419e-06 3.7635e-06 3.51037e-06 3.27372e-06 3.05253e-06 2.84582e-06 2.65269e-06 2.47229e-06 2.3038e-06 2.14647e-06 1.99959e-06 1.86249e-06 1.73454e-06 1.61515e-06 1.50377e-06 1.39988e-06 1.303e-06 1.21266e-06 1.12843e-06 1.04992e-06 9.7675e-07 9.08565e-07 8.45036e-07 7.85854e-07 7.3073e-07 6.79392e-07 6.31588e-07 5.8708e-07 5.45647e-07
0.000821823 0.000210278 0.000205464 0.000200263 0.000194753 0.000189 0.000183066 0.000177004 0.000170861 0.000164677 0.00015849 0.000152331 0.000146226 0.0001402 0.000134272 0.000128458 0.000122773 0.000117229 0.000111834 0.000106596 0.00010152 9.66112e-05 9.18709e-05 8.7301e-05 8.29018e-05 7.86729e-05 7.46129e-05 7.07198e-05 6.6991e-05 6.34234e-05 6.00135e-05 5.67575e-05 5.36513e-05 5.06906e-05 4.7871e-05 4.51878e-05 4.26363e-05 4.02119e-05 3.79098e-05 3.57252e-05 3.36536e-05 3.16902e-05 2.98305e-05 2.807e-05 2.64043e-05 2.48292e-05 2.33404e-05 2.19339e-05 2.06058e-05 1.93523e-05 1.81697e-05 1.70544e-05 1.60032e-05 1.50127e-05 1.40797e-05 1.32012e-05 1.23745e-05 1.15966e-05 1.08649e-05 1.0177e-05 9.53047e-06 8.92295e-06 8.35229e-06 7.81642e-06 7.31336e-06 6.84124e-06 6.39828e-06 5.9828e-06 5.59319e-06 5.22794e-06 4.88561e-06 4.56484e-06 4.26435e-06 3.98293e-06 3.71941e-06 3.47273e-06 3.24186e-06 3.02583e-06 2.82372e-06 2.63469e-06 2.45792e-06 2.29266e-06 2.13817e-06 1.9938e-06 1.85889e-06 1.73286e-06 1.61514e-06 1.5052e-06 1.40255e-06 1.30672e-06 1.21727e-06 1.13379e-06 1.0559e-06 9.8323e-07 9.15445e-07 8.52226e-07 7.93274e-07 7.3831e-07 6.8707e-07 6.39311e-07 5.94801e-07
0.000747247 0.000195028 0.000191284 0.000187108 0.000182576 0.000177755 0.000172705 0.000167479 0.000162125 0.000156685 0.000151197 0.000145692 0.0001402 0.000134745 0.000129349 0.00012403 0.000118804 0.000113685 0.000108682 0.000103806 9.90635e-05 9.446e-05 9e-05 8.56864e-05 8.15212e-05 7.75052e-05 7.36386e-05 6.99207e-05 6.63501e-05 6.29252e-05 5.96434e-05 5.65021e-05 5.34982e-05 5.06285e-05 4.78893e-05 4.52769e-05 4.27875e-05 4.04171e-05 3.81616e-05 3.60171e-05 3.39793e-05 3.20444e-05 3.02081e-05 2.84665e-05 2.68158e-05 2.52519e-05 2.37711e-05 2.23698e-05 2.10444e-05 1.97912e-05 1.8607e-05 1.74884e-05 1.64322e-05 1.54355e-05 1.44952e-05 1.36084e-05 1.27726e-05 1.1985e-05 1.12431e-05 1.05445e-05 9.88688e-06 9.2681e-06 8.68604e-06 8.13867e-06 7.6241e-06 7.14051e-06 6.68616e-06 6.2594e-06 5.85868e-06 5.4825e-06 5.12946e-06 4.79822e-06 4.48752e-06 4.19615e-06 3.92297e-06 3.66692e-06 3.42697e-06 3.20217e-06 2.99159e-06 2.7944e-06 2.60977e-06 2.43694e-06 2.27519e-06 2.12385e-06 1.98226e-06 1.84983e-06 1.72599e-06 1.6102e-06 1.50196e-06 1.40079e-06 1.30626e-06 1.21793e-06 1.13542e-06 1.05836e-06 9.86398e-07 9.19207e-07 8.56483e-07 7.97937e-07 7.43299e-07 6.92317e-07 6.44753e-07
0.000679439 0.000180815 0.000178003 0.000174728 0.000171063 0.000167072 0.000162815 0.000158344 0.000153706 0.000148945 0.000144097 0.000139196 0.000134272 0.000129349 0.000124451 0.000119597 0.000114805 0.000110088 0.00010546 0.000100931 9.65086e-05 9.22009e-05 8.80133e-05 8.395e-05 8.00142e-05 7.62083e-05 7.25334e-05 6.89901e-05 6.55783e-05 6.22971e-05 5.91454e-05 5.61213e-05 5.32228e-05 5.04474e-05 4.77924e-05 4.52548e-05 4.28316e-05 4.05194e-05 3.8315e-05 3.62148e-05 3.42154e-05 3.23132e-05 3.05047e-05 2.87864e-05 2.71547e-05 2.56062e-05 2.41375e-05 2.27452e-05 2.14261e-05 2.01768e-05 1.89944e-05 1.78757e-05 1.68177e-05 1.58178e-05 1.4873e-05 1.39807e-05 1.31383e-05 1.23433e-05 1.15934e-05 1.08862e-05 1.02197e-05 9.59153e-06 8.99983e-06 8.44264e-06 7.91811e-06 7.42449e-06 6.96009e-06 6.52332e-06 6.11266e-06 5.72664e-06 5.3639e-06 5.02313e-06 4.70307e-06 4.40255e-06 4.12045e-06 3.8557e-06 3.6073e-06 3.37429e-06 3.15577e-06 2.95088e-06 2.75883e-06 2.57884e-06 2.41019e-06 2.2522e-06 2.10422e-06 1.96566e-06 1.83594e-06 1.71452e-06 1.60088e-06 1.49455e-06 1.39509e-06 1.30205e-06 1.21504e-06 1.1337e-06 1.05765e-06 9.86564e-07 9.20136e-07 8.58068e-07 8.00082e-07 7.45918e-07 6.95334e-07
0.000617784 0.000167575 0.000165574 0.000163089 0.000160188 0.000156935 0.000153387 0.000149596 0.000145608 0.000141464 0.000137203 0.000132858 0.000128458 0.00012403 0.000119597 0.00011518 0.000110796 0.000106461 0.000102189 9.79908e-05 9.38763e-05 8.98536e-05 8.59297e-05 8.21098e-05 7.83983e-05 7.47986e-05 7.13129e-05 6.79428e-05 6.46892e-05 6.15523e-05 5.85316e-05 5.56264e-05 5.28354e-05 5.01569e-05 4.7589e-05 4.51294e-05 4.27758e-05 4.05256e-05 3.83759e-05 3.63239e-05 3.43667e-05 3.25012e-05 3.07244e-05 2.90331e-05 2.74243e-05 2.58948e-05 2.44417e-05 2.3062e-05 2.17525e-05 2.05105e-05 1.9333e-05 1.82172e-05 1.71605e-05 1.61601e-05 1.52135e-05 1.43181e-05 1.34716e-05 1.26716e-05 1.19159e-05 1.12022e-05 1.05286e-05 9.89289e-06 9.29328e-06 8.72788e-06 8.19491e-06 7.69268e-06 7.21957e-06 6.77403e-06 6.35458e-06 5.95981e-06 5.58838e-06 5.239e-06 4.91045e-06 4.60159e-06 4.3113e-06 4.03854e-06 3.78231e-06 3.54168e-06 3.31575e-06 3.10367e-06 2.90464e-06 2.71789e-06 2.54272e-06 2.37843e-06 2.22439e-06 2.07998e-06 1.94463e-06 1.81781e-06 1.69899e-06 1.58769e-06 1.48346e-06 1.38586e-06 1.2945e-06 1.20898e-06 1.12895e-06 1.05407e-06 9.8402e-07 9.185e-07 8.57228e-07 7.99936e-07 7.46376e-07
0.000561724 0.000155249 0.00015395 0.000152153 0.000149926 0.000147327 0.000144412 0.000141232 0.00013783 0.000134248 0.000130524 0.000126689 0.000122773 0.000118804 0.000114805 0.000110796 0.000106797 0.000102822 9.88877e-05 9.5005e-05 9.11848e-05 8.74361e-05 8.37667e-05 8.01828e-05 7.66897e-05 7.32916e-05 6.99919e-05 6.67928e-05 6.36961e-05 6.07029e-05 5.78136e-05 5.50281e-05 5.23459e-05 4.97662e-05 4.72876e-05 4.49086e-05 4.26275e-05 4.04421e-05 3.83503e-05 3.63498e-05 3.44381e-05 3.26127e-05 3.08708e-05 2.921e-05 2.76274e-05 2.61204e-05 2.46862e-05 2.33222e-05 2.20256e-05 2.07938e-05 1.96242e-05 1.85142e-05 1.74613e-05 1.64631e-05 1.55171e-05 1.46211e-05 1.37728e-05 1.297e-05 1.22105e-05 1.14923e-05 1.08134e-05 1.0172e-05 9.56613e-06 8.99408e-06 8.45415e-06 7.9447e-06 7.46418e-06 7.01108e-06 6.58399e-06 6.18153e-06 5.80239e-06 5.44534e-06 5.10917e-06 4.79276e-06 4.49503e-06 4.21495e-06 3.95155e-06 3.70388e-06 3.47108e-06 3.25231e-06 3.04676e-06 2.85369e-06 2.67238e-06 2.50216e-06 2.34237e-06 2.19242e-06 2.05172e-06 1.91974e-06 1.79596e-06 1.67989e-06 1.57108e-06 1.46909e-06 1.37351e-06 1.28396e-06 1.20007e-06 1.1215e-06 1.04793e-06 9.79038e-07 9.14551e-07 8.54195e-07 7.97714e-07
0.000510751 0.00014378 0.000143085 0.000141888 0.00014025 0.00013823 0.000135879 0.000133246 0.000130373 0.000127301 0.000124065 0.000120698 0.000117229 0.000113685 0.000110088 0.000106461 0.000102822 9.91879e-05 9.55729e-05 9.19901e-05 8.84508e-05 8.49648e-05 8.15402e-05 7.81844e-05 7.49033e-05 7.17018e-05 6.85839e-05 6.55529e-05 6.26112e-05 5.97605e-05 5.70021e-05 5.43365e-05 5.1764e-05 4.92842e-05 4.68965e-05 4.46e-05 4.23934e-05 4.02754e-05 3.82441e-05 3.62978e-05 3.44344e-05 3.2652e-05 3.09482e-05 2.93208e-05 2.77674e-05 2.62858e-05 2.48734e-05 2.3528e-05 2.22471e-05 2.10283e-05 1.98693e-05 1.87677e-05 1.77212e-05 1.67276e-05 1.57847e-05 1.48903e-05 1.40423e-05 1.32387e-05 1.24774e-05 1.17565e-05 1.10743e-05 1.04287e-05 9.81823e-06 9.24104e-06 8.69557e-06 8.18025e-06 7.69358e-06 7.23413e-06 6.80051e-06 6.3914e-06 6.00555e-06 5.64173e-06 5.2988e-06 4.97565e-06 4.67122e-06 4.38451e-06 4.11457e-06 3.86047e-06 3.62136e-06 3.3964e-06 3.18482e-06 2.98586e-06 2.79882e-06 2.62302e-06 2.45783e-06 2.30264e-06 2.15688e-06 2.02e-06 1.8915e-06 1.77088e-06 1.65769e-06 1.55148e-06 1.45185e-06 1.35841e-06 1.27079e-06 1.18865e-06 1.11165e-06 1.03949e-06 9.71871e-07 9.08524e-07 8.49187e-07
0.000464403 0.000133115 0.000132937 0.000132258 0.000131136 0.000129625 0.000127775 0.00012563 0.000123234 0.000120622 0.000117831 0.000114893 0.000111834 0.000108682 0.00010546 0.000102189 9.88877e-05 9.55729e-05 9.22597e-05 8.89614e-05 8.56895e-05 8.24544e-05 7.9265e-05 7.61289e-05 7.30528e-05 7.00422e-05 6.71018e-05 6.42353e-05 6.1446e-05 5.87361e-05 5.61075e-05 5.35614e-05 5.10986e-05 4.87193e-05 4.64235e-05 4.42108e-05 4.20805e-05 4.00316e-05 3.80629e-05 3.61731e-05 3.43605e-05 3.26235e-05 3.09603e-05 2.93689e-05 2.78474e-05 2.63938e-05 2.50059e-05 2.36817e-05 2.2419e-05 2.12158e-05 2.00698e-05 1.8979e-05 1.79413e-05 1.69546e-05 1.60169e-05 1.51262e-05 1.42806e-05 1.34781e-05 1.27169e-05 1.19952e-05 1.13111e-05 1.06632e-05 1.00495e-05 9.46866e-06 8.91902e-06 8.39913e-06 7.90754e-06 7.44289e-06 7.00383e-06 6.58911e-06 6.1975e-06 5.82783e-06 5.47898e-06 5.14988e-06 4.83949e-06 4.54685e-06 4.27101e-06 4.01108e-06 3.76621e-06 3.53559e-06 3.31844e-06 3.11404e-06 2.92167e-06 2.74068e-06 2.57043e-06 2.41033e-06 2.2598e-06 2.1183e-06 1.98532e-06 1.86038e-06 1.74301e-06 1.63278e-06 1.52927e-06 1.4321e-06 1.3409e-06 1.25531e-06 1.175e-06 1.09967e-06 1.02901e-06 9.62756e-07 9.00638e-07
0.000422261 0.000123201 0.000123463 0.000123231 0.000122558 0.000121494 0.000120086 0.000118378 0.000116408 0.000114213 0.000111826 0.000109278 0.000106596 0.000103806 0.000100931 9.79908e-05 9.5005e-05 9.19901e-05 8.89614e-05 8.59321e-05 8.29143e-05 7.99185e-05 7.69541e-05 7.40292e-05 7.11509e-05 6.83251e-05 6.55572e-05 6.28513e-05 6.02113e-05 5.76399e-05 5.51395e-05 5.27119e-05 5.03583e-05 4.80796e-05 4.58762e-05 4.37481e-05 4.16952e-05 3.97169e-05 3.78125e-05 3.59809e-05 3.4221e-05 3.25316e-05 3.09111e-05 2.9358e-05 2.78707e-05 2.64474e-05 2.50863e-05 2.37857e-05 2.25436e-05 2.13581e-05 2.02274e-05 1.91496e-05 1.81228e-05 1.71451e-05 1.62147e-05 1.53297e-05 1.44883e-05 1.36888e-05 1.29294e-05 1.22084e-05 1.15243e-05 1.08753e-05 1.02601e-05 9.67691e-06 9.12443e-06 8.60122e-06 8.1059e-06 7.63717e-06 7.19374e-06 6.77441e-06 6.37799e-06 6.00335e-06 5.64941e-06 5.31514e-06 4.99953e-06 4.70163e-06 4.42054e-06 4.15537e-06 3.9053e-06 3.66953e-06 3.44731e-06 3.23791e-06 3.04063e-06 2.85484e-06 2.67989e-06 2.5152e-06 2.3602e-06 2.21436e-06 2.07717e-06 1.94814e-06 1.82681e-06 1.71275e-06 1.60555e-06 1.50481e-06 1.41017e-06 1.32127e-06 1.23778e-06 1.15939e-06 1.0858e-06 1.01673e-06 9.51912e-07
0.000383943 0.00011399 0.000114624 0.000114774 0.000114489 0.000113816 0.000112799 0.000111478 0.00010989 0.00010807 0.000106049 0.000103857 0.00010152 9.90635e-05 9.65086e-05 9.38763e-05 9.11848e-05 8.84508e-05 8.56895e-05 8.29143e-05 8.01372e-05 7.73692e-05 7.46197e-05 7.18972e-05 6.92091e-05 6.65618e-05 6.3961e-05 6.14114e-05 5.89171e-05 5.64814e-05 5.41072e-05 5.17966e-05 4.95514e-05 4.73728e-05 4.52618e-05 4.32187e-05 4.12439e-05 3.93371e-05 3.74981e-05 3.57262e-05 3.40206e-05 3.23804e-05 3.08045e-05 2.92917e-05 2.78405e-05 2.64495e-05 2.51173e-05 2.38423e-05 2.26228e-05 2.14572e-05 2.03439e-05 1.9281e-05 1.82671e-05 1.73003e-05 1.6379e-05 1.55014e-05 1.46661e-05 1.38712e-05 1.31153e-05 1.23967e-05 1.1714e-05 1.10655e-05 1.045e-05 9.86586e-06 9.31181e-06 8.78648e-06 8.28858e-06 7.81685e-06 7.37008e-06 6.9471e-06 6.54679e-06 6.16805e-06 5.80984e-06 5.47116e-06 5.15105e-06 4.84858e-06 4.56287e-06 4.29306e-06 4.03835e-06 3.79795e-06 3.57113e-06 3.35718e-06 3.15542e-06 2.96521e-06 2.78592e-06 2.61699e-06 2.45784e-06 2.30794e-06 2.1668e-06 2.03392e-06 1.90886e-06 1.79118e-06 1.68047e-06 1.57635e-06 1.47842e-06 1.38636e-06 1.29982e-06 1.2185e-06 1.14208e-06 1.07029e-06 1.00286e-06
0.000349103 0.000105436 0.000106382 0.000106857 0.000106906 0.000106574 0.0001059 0.000104922 0.000103675 0.000102191 0.000100501 9.86328e-05 9.66112e-05 9.446e-05 9.22009e-05 8.98536e-05 8.74361e-05 8.49648e-05 8.24544e-05 7.99185e-05 7.73692e-05 7.48173e-05 7.22725e-05 6.97435e-05 6.7238e-05 6.47626e-05 6.23234e-05 5.99253e-05 5.75728e-05 5.52697e-05 5.30192e-05 5.08237e-05 4.86855e-05 4.66062e-05 4.45871e-05 4.2629e-05 4.07325e-05 3.88979e-05 3.71251e-05 3.54139e-05 3.37638e-05 3.21743e-05 3.06444e-05 2.91733e-05 2.77599e-05 2.64031e-05 2.51015e-05 2.38539e-05 2.26589e-05 2.1515e-05 2.04208e-05 1.93748e-05 1.83755e-05 1.74213e-05 1.65108e-05 1.56424e-05 1.48147e-05 1.40261e-05 1.32752e-05 1.25605e-05 1.18805e-05 1.1234e-05 1.06195e-05 1.00357e-05 9.48125e-06 8.95496e-06 8.45557e-06 7.98189e-06 7.53277e-06 7.10708e-06 6.70376e-06 6.32176e-06 5.96008e-06 5.61775e-06 5.29385e-06 4.98747e-06 4.69776e-06 4.4239e-06 4.16509e-06 3.92059e-06 3.68966e-06 3.47161e-06 3.26578e-06 3.07155e-06 2.88829e-06 2.71544e-06 2.55245e-06 2.39879e-06 2.25397e-06 2.1175e-06 1.98894e-06 1.86786e-06 1.75384e-06 1.6465e-06 1.54547e-06 1.4504e-06 1.36095e-06 1.27681e-06 1.19768e-06 1.12329e-06 1.05334e-06
0.000317424 9.74964e-05 9.87004e-05 9.94491e-05 9.97846e-05 9.97467e-05 9.93726e-05 9.86974e-05 9.77536e-05 9.65717e-05 9.51801e-05 9.36051e-05 9.18709e-05 9e-05 8.80133e-05 8.59297e-05 8.37667e-05 8.15402e-05 7.9265e-05 7.69541e-05 7.46197e-05 7.22725e-05 6.99224e-05 6.7578e-05 6.52472e-05 6.2937e-05 6.06534e-05 5.84019e-05 5.61871e-05 5.40131e-05 5.18834e-05 4.98009e-05 4.7768e-05 4.57868e-05 4.38588e-05 4.19852e-05 4.0167e-05 3.84047e-05 3.66986e-05 3.50487e-05 3.34551e-05 3.19172e-05 3.04346e-05 2.90066e-05 2.76324e-05 2.63111e-05 2.50416e-05 2.3823e-05 2.2654e-05 2.15334e-05 2.046e-05 1.94324e-05 1.84494e-05 1.75095e-05 1.66114e-05 1.57537e-05 1.49351e-05 1.41542e-05 1.34097e-05 1.27002e-05 1.20245e-05 1.13811e-05 1.07689e-05 1.01866e-05 9.63291e-06 9.10675e-06 8.60692e-06 8.13229e-06 7.68176e-06 7.25428e-06 6.84882e-06 6.46438e-06 6.1e-06 5.75475e-06 5.42774e-06 5.1181e-06 4.82501e-06 4.54768e-06 4.28532e-06 4.03722e-06 3.80266e-06 3.58096e-06 3.37149e-06 3.17362e-06 2.98677e-06 2.81035e-06 2.64384e-06 2.48672e-06 2.33849e-06 2.19868e-06 2.06686e-06 1.94259e-06 1.82546e-06 1.7151e-06 1.61113e-06 1.51321e-06 1.421e-06 1.33418e-06 1.25247e-06 1.17557e-06 1.10322e-06
0.00028862 9.01292e-05 9.15443e-05 9.25219e-05 9.31003e-05 9.3316e-05 9.32032e-05 9.27941e-05 9.21192e-05 9.12067e-05 9.00833e-05 8.87737e-05 8.7301e-05 8.56864e-05 8.395e-05 8.21098e-05 8.01828e-05 7.81844e-05 7.61289e-05 7.40292e-05 7.18972e-05 6.97435e-05 6.7578e-05 6.54094e-05 6.32455e-05 6.10935e-05 5.89597e-05 5.68495e-05 5.4768e-05 5.27194e-05 5.07074e-05 4.87352e-05 4.68057e-05 4.49209e-05 4.30829e-05 4.12931e-05 3.95527e-05 3.78626e-05 3.62233e-05 3.46353e-05 3.30986e-05 3.16131e-05 3.01786e-05 2.87947e-05 2.74608e-05 2.61763e-05 2.49403e-05 2.3752e-05 2.26105e-05 2.15146e-05 2.04634e-05 1.94557e-05 1.84903e-05 1.75661e-05 1.66818e-05 1.58362e-05 1.50282e-05 1.42564e-05 1.35196e-05 1.28166e-05 1.21463e-05 1.15073e-05 1.08985e-05 1.03188e-05 9.76701e-06 9.24202e-06 8.74274e-06 8.26812e-06 7.8171e-06 7.3887e-06 6.98192e-06 6.59582e-06 6.22949e-06 5.88203e-06 5.55259e-06 5.24034e-06 4.94447e-06 4.66423e-06 4.39886e-06 4.14766e-06 3.90995e-06 3.68505e-06 3.47235e-06 3.27125e-06 3.08115e-06 2.90151e-06 2.7318e-06 2.57151e-06 2.42015e-06 2.27728e-06 2.14243e-06 2.01519e-06 1.89517e-06 1.78198e-06 1.67525e-06 1.57464e-06 1.47982e-06 1.39047e-06 1.3063e-06 1.22702e-06 1.15237e-06
0.000262429 8.32963e-05 8.48811e-05 8.60477e-05 8.68307e-05 8.72632e-05 8.73765e-05 8.72004e-05 8.67629e-05 8.60902e-05 8.52073e-05 8.41373e-05 8.29018e-05 8.15212e-05 8.00142e-05 7.83983e-05 7.66897e-05 7.49033e-05 7.30528e-05 7.11509e-05 6.92091e-05 6.7238e-05 6.52472e-05 6.32455e-05 6.12408e-05 5.92401e-05 5.72498e-05 5.52757e-05 5.33229e-05 5.13957e-05 4.94981e-05 4.76335e-05 4.58049e-05 4.40149e-05 4.22654e-05 4.05583e-05 3.88951e-05 3.72767e-05 3.57041e-05 3.41779e-05 3.26985e-05 3.12659e-05 2.98802e-05 2.85411e-05 2.72485e-05 2.60017e-05 2.48002e-05 2.36434e-05 2.25304e-05 2.14605e-05 2.04328e-05 1.94462e-05 1.84998e-05 1.75925e-05 1.67233e-05 1.58912e-05 1.50949e-05 1.43334e-05 1.36056e-05 1.29103e-05 1.22465e-05 1.1613e-05 1.10088e-05 1.04327e-05 9.88383e-06 9.361e-06 8.86322e-06 8.3895e-06 7.93887e-06 7.51037e-06 7.10307e-06 6.71608e-06 6.34852e-06 5.99954e-06 5.66832e-06 5.35407e-06 5.05602e-06 4.77342e-06 4.50557e-06 4.25177e-06 4.01136e-06 3.78371e-06 3.5682e-06 3.36424e-06 3.17127e-06 2.98875e-06 2.81616e-06 2.653e-06 2.4988e-06 2.35311e-06 2.21548e-06 2.08551e-06 1.9628e-06 1.84697e-06 1.73767e-06 1.63454e-06 1.53726e-06 1.44552e-06 1.35903e-06 1.27749e-06 1.20065e-06
0.000238615 7.69613e-05 7.86797e-05 7.99999e-05 8.09533e-05 8.15698e-05 8.18778e-05 8.19046e-05 8.16759e-05 8.1216e-05 8.0548e-05 7.96935e-05 7.86729e-05 7.75052e-05 7.62083e-05 7.47986e-05 7.32916e-05 7.17018e-05 7.00422e-05 6.83251e-05 6.65618e-05 6.47626e-05 6.2937e-05 6.10935e-05 5.92401e-05 5.73838e-05 5.5531e-05 5.36875e-05 5.18585e-05 5.00487e-05 4.82619e-05 4.65019e-05 4.47719e-05 4.30744e-05 4.14118e-05 3.97861e-05 3.8199e-05 3.66518e-05 3.51455e-05 3.36809e-05 3.22587e-05 3.08792e-05 2.95427e-05 2.82491e-05 2.69983e-05 2.579e-05 2.46239e-05 2.34995e-05 2.24161e-05 2.13732e-05 2.037e-05 1.94056e-05 1.84793e-05 1.75902e-05 1.67373e-05 1.59196e-05 1.51362e-05 1.43862e-05 1.36684e-05 1.29819e-05 1.23257e-05 1.16988e-05 1.11002e-05 1.05288e-05 9.98371e-06 9.46395e-06 8.96857e-06 8.49662e-06 8.0472e-06 7.61939e-06 7.21234e-06 6.82518e-06 6.45708e-06 6.10725e-06 5.77488e-06 5.45923e-06 5.15956e-06 4.87515e-06 4.60532e-06 4.34941e-06 4.10677e-06 3.87679e-06 3.65888e-06 3.45245e-06 3.25697e-06 3.07191e-06 2.89676e-06 2.73104e-06 2.57427e-06 2.42603e-06 2.28587e-06 2.15339e-06 2.02821e-06 1.90995e-06 1.79825e-06 1.69277e-06 1.5932e-06 1.49922e-06 1.41054e-06 1.32687e-06 1.24796e-06
0.000216962 7.10901e-05 7.29104e-05 7.43534e-05 7.5447e-05 7.6218e-05 7.66924e-05 7.68948e-05 7.68489e-05 7.65771e-05 7.61006e-05 7.54395e-05 7.46129e-05 7.36386e-05 7.25334e-05 7.13129e-05 6.99919e-05 6.85839e-05 6.71018e-05 6.55572e-05 6.3961e-05 6.23234e-05 6.06534e-05 5.89597e-05 5.72498e-05 5.5531e-05 5.38095e-05 5.20912e-05 5.03813e-05 4.86845e-05 4.70049e-05 4.53463e-05 4.3712e-05 4.21048e-05 4.05273e-05 3.89815e-05 3.74693e-05 3.59922e-05 3.45515e-05 3.31483e-05 3.17831e-05 3.04568e-05 2.91696e-05 2.79217e-05 2.67132e-05 2.5544e-05 2.44139e-05 2.33226e-05 2.22697e-05 2.12547e-05 2.02769e-05 1.93357e-05 1.84305e-05 1.75605e-05 1.67248e-05 1.59227e-05 1.51533e-05 1.44157e-05 1.3709e-05 1.30323e-05 1.23847e-05 1.17653e-05 1.11732e-05 1.06074e-05 1.0067e-05 9.5512e-06 9.05905e-06 8.58969e-06 8.14225e-06 7.7159e-06 7.30981e-06 6.92318e-06 6.55522e-06 6.20516e-06 5.87226e-06 5.55579e-06 5.25505e-06 4.96935e-06 4.69805e-06 4.4405e-06 4.19608e-06 3.96419e-06 3.74427e-06 3.53576e-06 3.33813e-06 3.15087e-06 2.97347e-06 2.80548e-06 2.64643e-06 2.49589e-06 2.35345e-06 2.2187e-06 2.09126e-06 1.97076e-06 1.85686e-06 1.74921e-06 1.64751e-06 1.55144e-06 1.46071e-06 1.37505e-06 1.29419e-06
0.000197274 6.56508e-05 6.75456e-05 6.9084e-05 7.02909e-05 7.11904e-05 7.18057e-05 7.21593e-05 7.22727e-05 7.21663e-05 7.18598e-05 7.13717e-05 7.07198e-05 6.99207e-05 6.89901e-05 6.79428e-05 6.67928e-05 6.55529e-05 6.42353e-05 6.28513e-05 6.14114e-05 5.99253e-05 5.84019e-05 5.68495e-05 5.52757e-05 5.36875e-05 5.20912e-05 5.04926e-05 4.88968e-05 4.73087e-05 4.57325e-05 4.4172e-05 4.26306e-05 4.11113e-05 3.96166e-05 3.8149e-05 3.67103e-05 3.53024e-05 3.39265e-05 3.25838e-05 3.12754e-05 3.0002e-05 2.8764e-05 2.7562e-05 2.63961e-05 2.52664e-05 2.41728e-05 2.31152e-05 2.20934e-05 2.11069e-05 2.01553e-05 1.92382e-05 1.83549e-05 1.75049e-05 1.66874e-05 1.59017e-05 1.51471e-05 1.44229e-05 1.37282e-05 1.30622e-05 1.24241e-05 1.18131e-05 1.12283e-05 1.0669e-05 1.01342e-05 9.62312e-06 9.13499e-06 8.66897e-06 8.22426e-06 7.80008e-06 7.39564e-06 7.0102e-06 6.643e-06 6.29333e-06 5.96047e-06 5.64374e-06 5.34246e-06 5.05599e-06 4.7837e-06 4.52496e-06 4.2792e-06 4.04583e-06 3.8243e-06 3.61407e-06 3.41464e-06 3.2255e-06 3.04618e-06 2.87621e-06 2.71516e-06 2.56259e-06 2.41811e-06 2.28131e-06 2.15183e-06 2.0293e-06 1.91338e-06 1.80374e-06 1.70007e-06 1.60206e-06 1.50943e-06 1.42191e-06 1.33922e-06
0.000179373 6.06132e-05 6.25587e-05 6.41688e-05 6.54655e-05 6.64702e-05 6.72037e-05 6.76864e-05 6.79376e-05 6.79761e-05 6.78199e-05 6.7486e-05 6.6991e-05 6.63501e-05 6.55783e-05 6.46892e-05 6.36961e-05 6.26112e-05 6.1446e-05 6.02113e-05 5.89171e-05 5.75728e-05 5.61871e-05 5.4768e-05 5.33229e-05 5.18585e-05 5.03813e-05 4.88968e-05 4.74104e-05 4.59266e-05 4.44499e-05 4.29841e-05 4.15325e-05 4.00985e-05 3.86845e-05 3.72931e-05 3.59264e-05 3.45862e-05 3.32741e-05 3.19913e-05 3.0739e-05 2.95181e-05 2.83293e-05 2.7173e-05 2.60498e-05 2.49597e-05 2.3903e-05 2.28795e-05 2.18892e-05 2.09318e-05 2.00071e-05 1.91147e-05 1.82541e-05 1.74247e-05 1.66262e-05 1.58577e-05 1.51188e-05 1.44088e-05 1.37269e-05 1.30724e-05 1.24447e-05 1.18429e-05 1.12663e-05 1.07141e-05 1.01856e-05 9.68009e-06 9.19671e-06 8.73475e-06 8.29347e-06 7.87212e-06 7.46999e-06 7.08636e-06 6.72053e-06 6.37183e-06 6.03957e-06 5.72312e-06 5.42182e-06 5.13506e-06 4.86224e-06 4.60278e-06 4.35609e-06 4.12163e-06 3.89888e-06 3.6873e-06 3.48641e-06 3.29573e-06 3.11479e-06 2.94314e-06 2.78035e-06 2.62602e-06 2.47973e-06 2.34112e-06 2.20981e-06 2.08546e-06 1.96771e-06 1.85626e-06 1.75079e-06 1.651e-06 1.55661e-06 1.46736e-06 1.38297e-06
0.000163096 5.59493e-05 5.7925e-05 5.9586e-05 6.09517e-05 6.2041e-05 6.28725e-05 6.34643e-05 6.38341e-05 6.39988e-05 6.39749e-05 6.37781e-05 6.34234e-05 6.29252e-05 6.22971e-05 6.15523e-05 6.07029e-05 5.97605e-05 5.87361e-05 5.76399e-05 5.64814e-05 5.52697e-05 5.40131e-05 5.27194e-05 5.13957e-05 5.00487e-05 4.86845e-05 4.73087e-05 4.59266e-05 4.45428e-05 4.31617e-05 4.1787e-05 4.04223e-05 3.90707e-05 3.77351e-05 3.6418e-05 3.51215e-05 3.38477e-05 3.25981e-05 3.13742e-05 3.01773e-05 2.90083e-05 2.78682e-05 2.67575e-05 2.56769e-05 2.46265e-05 2.36067e-05 2.26177e-05 2.16593e-05 2.07315e-05 1.98341e-05 1.89669e-05 1.81295e-05 1.73215e-05 1.65426e-05 1.57921e-05 1.50695e-05 1.43744e-05 1.3706e-05 1.30638e-05 1.24471e-05 1.18552e-05 1.12875e-05 1.07433e-05 1.02219e-05 9.72255e-06 9.24461e-06 8.78738e-06 8.35016e-06 7.93228e-06 7.53306e-06 7.15184e-06 6.78796e-06 6.44078e-06 6.10966e-06 5.79399e-06 5.49316e-06 5.20659e-06 4.93369e-06 4.67392e-06 4.42672e-06 4.19157e-06 3.96796e-06 3.75539e-06 3.55338e-06 3.36147e-06 3.17921e-06 3.00617e-06 2.84192e-06 2.68607e-06 2.53824e-06 2.39804e-06 2.26512e-06 2.13913e-06 2.01976e-06 1.90667e-06 1.79956e-06 1.69815e-06 1.60215e-06 1.5113e-06 1.42534e-06
0.000148296 5.16327e-05 5.3621e-05 5.5315e-05 5.67315e-05 5.78872e-05 5.87986e-05 5.94818e-05 5.99528e-05 6.02268e-05 6.03187e-05 6.0243e-05 6.00135e-05 5.96434e-05 5.91454e-05 5.85316e-05 5.78136e-05 5.70021e-05 5.61075e-05 5.51395e-05 5.41072e-05 5.30192e-05 5.18834e-05 5.07074e-05 4.94981e-05 4.82619e-05 4.70049e-05 4.57325e-05 4.44499e-05 4.31617e-05 4.1872e-05 4.0585e-05 3.93039e-05 3.80321e-05 3.67724e-05 3.55274e-05 3.42993e-05 3.30902e-05 3.19019e-05 3.07358e-05 2.95934e-05 2.84757e-05 2.73838e-05 2.63183e-05 2.528e-05 2.42692e-05 2.32865e-05 2.23319e-05 2.14056e-05 2.05077e-05 1.9638e-05 1.87964e-05 1.79827e-05 1.71967e-05 1.64378e-05 1.57059e-05 1.50003e-05 1.43207e-05 1.36665e-05 1.30372e-05 1.24322e-05 1.1851e-05 1.12928e-05 1.07572e-05 1.02434e-05 9.75096e-06 9.27908e-06 8.82719e-06 8.39465e-06 7.98083e-06 7.5851e-06 7.20685e-06 6.84545e-06 6.50031e-06 6.17083e-06 5.85643e-06 5.55654e-06 5.2706e-06 4.99807e-06 4.7384e-06 4.49109e-06 4.25563e-06 4.03153e-06 3.81831e-06 3.61551e-06 3.42268e-06 3.2394e-06 3.06524e-06 2.8998e-06 2.74269e-06 2.59354e-06 2.45198e-06 2.31766e-06 2.19025e-06 2.06943e-06 1.95488e-06 1.84631e-06 1.74343e-06 1.64597e-06 1.55366e-06 1.46626e-06
0.000134839 4.76388e-05 4.96247e-05 5.13361e-05 5.27875e-05 5.39936e-05 5.49689e-05 5.57276e-05 5.62841e-05 5.6652e-05 5.68449e-05 5.68758e-05 5.67575e-05 5.65021e-05 5.61213e-05 5.56264e-05 5.50281e-05 5.43365e-05 5.35614e-05 5.27119e-05 5.17966e-05 5.08237e-05 4.98009e-05 4.87352e-05 4.76335e-05 4.65019e-05 4.53463e-05 4.4172e-05 4.29841e-05 4.1787e-05 4.0585e-05 3.93819e-05 3.81813e-05 3.69864e-05 3.58001e-05 3.46249e-05 3.34633e-05 3.23173e-05 3.11887e-05 3.00792e-05 2.89903e-05 2.79231e-05 2.68786e-05 2.58579e-05 2.48616e-05 2.38902e-05 2.29444e-05 2.20243e-05 2.11302e-05 2.02623e-05 1.94205e-05 1.86049e-05 1.78153e-05 1.70515e-05 1.63133e-05 1.56004e-05 1.49123e-05 1.42488e-05 1.36093e-05 1.29935e-05 1.24008e-05 1.18308e-05 1.12828e-05 1.07563e-05 1.02509e-05 9.76579e-06 9.30056e-06 8.85459e-06 8.42729e-06 8.01807e-06 7.62637e-06 7.2516e-06 6.8932e-06 6.55059e-06 6.22323e-06 5.91057e-06 5.61206e-06 5.32718e-06 5.05542e-06 4.79626e-06 4.54922e-06 4.31381e-06 4.08956e-06 3.87602e-06 3.67275e-06 3.47932e-06 3.2953e-06 3.1203e-06 2.95393e-06 2.79581e-06 2.64558e-06 2.50288e-06 2.36737e-06 2.23873e-06 2.11665e-06 2.00082e-06 1.89095e-06 1.78676e-06 1.68799e-06 1.59437e-06 1.50565e-06
0.000122603 4.39446e-05 4.59153e-05 4.76308e-05 4.91034e-05 5.03458e-05 5.13707e-05 5.21908e-05 5.28187e-05 5.32666e-05 5.35469e-05 5.36712e-05 5.36513e-05 5.34982e-05 5.32228e-05 5.28354e-05 5.23459e-05 5.1764e-05 5.10986e-05 5.03583e-05 4.95514e-05 4.86855e-05 4.7768e-05 4.68057e-05 4.58049e-05 4.47719e-05 4.3712e-05 4.26306e-05 4.15325e-05 4.04223e-05 3.93039e-05 3.81813e-05 3.7058e-05 3.59371e-05 3.48215e-05 3.37139e-05 3.26167e-05 3.1532e-05 3.04617e-05 2.94074e-05 2.83708e-05 2.73531e-05 2.63555e-05 2.53788e-05 2.4424e-05 2.34917e-05 2.25825e-05 2.16968e-05 2.08349e-05 1.99971e-05 1.91834e-05 1.8394e-05 1.76287e-05 1.68875e-05 1.61703e-05 1.54767e-05 1.48066e-05 1.41596e-05 1.35354e-05 1.29336e-05 1.23537e-05 1.17953e-05 1.1258e-05 1.07413e-05 1.02447e-05 9.76756e-06 9.30951e-06 8.86997e-06 8.44842e-06 8.04432e-06 7.65715e-06 7.28635e-06 6.93142e-06 6.59182e-06 6.26702e-06 5.95653e-06 5.65983e-06 5.37642e-06 5.10582e-06 4.84755e-06 4.60114e-06 4.36613e-06 4.14208e-06 3.92855e-06 3.72511e-06 3.53136e-06 3.34689e-06 3.17132e-06 3.00428e-06 2.84539e-06 2.6943e-06 2.55068e-06 2.41419e-06 2.28452e-06 2.16137e-06 2.04443e-06 1.93342e-06 1.82808e-06 1.72814e-06 1.63334e-06 1.54345e-06
