0.426145 0.112131 0.0452948 0.0182965 0.00739077 0.00298545 0.00120596 0.000487138 0.000196776 7.94865e-05 3.21081e-05 1.29699e-05 5.23909e-06 2.1163e-06 8.54865e-07 3.45317e-07 1.39489e-07 5.63456e-08 2.27604e-08 9.19394e-09 3.71383e-09 1.50018e-09 6.05988e-10 2.44785e-10 9.88793e-11 3.99417e-11 1.61342e-11 6.5173e-12 2.63262e-12 1.06343e-12 4.29566e-13 1.73521e-13 7.00926e-14 2.83134e-14 1.1437e-14 4.61992e-15 1.86619e-15 7.53834e-16 3.04507e-16 1.23004e-16 4.96865e-17 2.00705e-17 8.10737e-18 3.27492e-18 1.32288e-18 5.3437e-19 2.15855e-19 8.71935e-20 3.52212e-20 1.42274e-20 5.74707e-21 2.32149e-21 9.37752e-22 3.78799e-22 1.53013e-22 6.18088e-23 2.49673e-23 1.00854e-23 4.07392e-24 1.64563e-24 6.64744e-25 2.68519e-25 1.08467e-25 4.38144e-26 1.76985e-26 7.14921e-27 2.88788e-27 1.16654e-27 4.71217e-28 1.90345e-28 7.68887e-29 3.10587e-29 1.2546e-29 5.06786e-30 2.04713e-30 8.26925e-31 3.34031e-31 1.3493e-31 5.4504e-32 2.20166e-32 8.89345e-33 3.59245e-33 1.45115e-33 5.86182e-34 2.36785e-34 9.56476e-35 3.86363e-35 1.56069e-35 6.3043e-36 2.54658e-36 1.02868e-36 4.15527e-37 1.67849e-37 6.78017e-38 2.73881e-38 1.10632e-38 4.46892e-39 1.80519e-39 7.29197e-40 2.94554e-40 1.18983e-40
0.112131 0.0490728 0.0239524 0.0113436 0.00525605 0.00239535 0.00107754 0.000479681 0.000211706 9.27644e-05 4.03991e-05 1.75015e-05 7.5473e-06 3.24164e-06 1.38738e-06 5.91909e-07 2.51816e-07 1.06857e-07 4.52394e-08 1.91124e-08 8.05895e-09 3.39214e-09 1.42549e-09 5.98135e-10 2.50628e-10 1.04881e-10 4.38372e-11 1.8302e-11 7.63301e-12 3.18026e-12 1.32381e-12 5.50567e-13 2.28789e-13 9.49993e-14 3.94172e-14 1.63435e-14 6.77202e-15 2.80425e-15 1.16052e-15 4.8e-16 1.98423e-16 8.19818e-17 3.38552e-17 1.39742e-17 5.7654e-18 2.37762e-18 9.80105e-19 4.03857e-19 1.66347e-19 6.8492e-20 2.81909e-20 1.15992e-20 4.77092e-21 1.96172e-21 8.06376e-22 3.31366e-22 1.3613e-22 5.59083e-23 2.29552e-23 9.42266e-24 3.86683e-24 1.58647e-24 6.50732e-25 2.66854e-25 1.09408e-25 4.48464e-26 1.83787e-26 7.53032e-27 3.08479e-27 1.26344e-27 5.17368e-28 2.11819e-28 8.67069e-29 3.54868e-29 1.45213e-29 5.94119e-30 2.43036e-30 9.94031e-31 4.06502e-31 1.66211e-31 6.79509e-32 2.77759e-32 1.13522e-32 4.63909e-33 1.89552e-33 7.74405e-34 3.16339e-34 1.29206e-34 5.27667e-35 2.1547e-35 8.79755e-36 3.5916e-36 1.46611e-36 5.98407e-37 2.4422e-37 9.96598e-38 4.06644e-38 1.65907e-38 6.7682e-39 2.76083e-39 1.12607e-39
0.0452948 0.0239524 0.013151 0.00686829 0.00346439 0.00170295 0.000820534 0.000389077 0.000182079 8.42743e-05 3.86411e-05 1.75744e-05 7.93661e-06 3.56185e-06 1.58966e-06 7.05949e-07 3.12101e-07 1.37421e-07 6.02841e-08 2.63562e-08 1.14871e-08 4.9922e-09 2.16382e-09 9.35578e-10 4.03592e-10 1.7373e-10 7.46341e-11 3.20025e-11 1.36982e-11 5.85361e-12 2.49748e-12 1.06399e-12 4.5265e-13 1.92314e-13 8.16041e-14 3.45854e-14 1.46412e-14 6.1914e-15 2.61547e-15 1.10378e-15 4.65371e-16 1.96031e-16 8.25035e-17 3.46943e-17 1.45779e-17 6.12068e-18 2.56793e-18 1.07661e-18 4.5106e-19 1.88853e-19 7.90203e-20 3.30435e-20 1.38095e-20 5.76791e-21 2.4078e-21 1.00459e-21 4.18921e-22 1.74606e-22 7.274e-23 3.02889e-23 1.26065e-23 5.24463e-24 2.18096e-24 9.06565e-25 3.76681e-25 1.56451e-25 6.49554e-26 2.69582e-26 1.11843e-26 4.63844e-27 1.92303e-27 7.96996e-28 3.30205e-28 1.36764e-28 5.66274e-29 2.34396e-29 9.69938e-30 4.01248e-30 1.65943e-30 6.861e-31 2.83595e-31 1.17191e-31 4.84151e-32 1.99967e-32 8.25711e-33 3.40874e-33 1.40688e-33 5.80527e-34 2.39491e-34 9.87781e-35 4.07323e-35 1.67929e-35 6.92183e-36 2.85252e-36 1.17531e-36 4.8416e-37 1.99408e-37 8.21139e-38 3.38073e-38 1.39164e-38 5.72749e-39
0.0182965 0.0113436 0.00686829 0.0038873 0.00210193 0.00109926 0.000560338 0.000279844 0.000137435 6.65539e-05 3.18456e-05 1.5081e-05 7.07745e-06 3.29496e-06 1.52311e-06 6.99575e-07 3.1947e-07 1.45127e-07 6.56128e-08 2.95339e-08 1.32403e-08 5.91364e-09 2.63212e-09 1.16777e-09 5.16541e-10 2.2784e-10 1.00234e-10 4.39866e-11 1.92582e-11 8.41312e-12 3.66772e-12 1.59581e-12 6.93038e-13 3.00444e-13 1.30029e-13 5.6185e-14 2.42403e-14 1.04429e-14 4.49263e-15 1.93019e-15 8.28221e-16 3.54945e-16 1.51938e-16 6.49653e-17 2.77477e-17 1.18391e-17 5.04635e-18 2.1489e-18 9.14217e-19 3.88591e-19 1.65029e-19 7.00266e-20 2.96903e-20 1.25784e-20 5.32487e-21 2.25254e-21 9.52201e-22 4.0224e-22 1.69805e-22 7.16368e-23 3.02028e-23 1.27261e-23 5.35899e-24 2.25539e-24 9.48672e-25 3.98817e-25 1.67572e-25 7.03727e-26 2.95385e-26 1.23925e-26 5.19666e-27 2.17814e-27 9.12538e-28 3.82141e-28 1.59959e-28 6.69283e-29 2.79919e-29 1.17025e-29 4.89055e-30 2.043e-30 8.5313e-31 3.56126e-31 1.48606e-31 6.19891e-32 2.58491e-32 1.07753e-32 4.49026e-33 1.87057e-33 7.79e-34 3.24316e-34 1.34979e-34 5.61612e-35 2.33604e-35 9.71402e-36 4.03829e-36 1.67832e-36 6.97329e-37 2.89658e-37 1.20287e-37 4.99395e-38 2.07281e-38
0.00739077 0.00525605 0.00346439 0.00210193 0.001207 0.000666041 0.000356507 0.000186256 9.53973e-05 4.80556e-05 2.38671e-05 1.17095e-05 5.68351e-06 2.73263e-06 1.30279e-06 6.16413e-07 2.89659e-07 1.35267e-07 6.28088e-08 2.90117e-08 1.33361e-08 6.10303e-09 2.78138e-09 1.26269e-09 5.71172e-10 2.57496e-10 1.15717e-10 5.18478e-11 2.31655e-11 1.03229e-11 4.58851e-12 2.03473e-12 9.00251e-13 3.97454e-13 1.75115e-13 7.70044e-14 3.37987e-14 1.48086e-14 6.47724e-15 2.82853e-15 1.23326e-15 5.36907e-16 2.33411e-16 1.01331e-16 4.39329e-17 1.90231e-17 8.22694e-18 3.55369e-18 1.53329e-18 6.6083e-19 2.84506e-19 1.22361e-19 5.25731e-20 2.25664e-20 9.67735e-21 4.14626e-21 1.7749e-21 7.59142e-22 3.24423e-22 1.38533e-22 5.9109e-23 2.52015e-23 1.07369e-23 4.57109e-24 1.94473e-24 8.26804e-25 3.51285e-25 1.49155e-25 6.32911e-26 2.684e-26 1.13753e-26 4.8183e-27 2.03975e-27 8.63015e-28 3.64944e-28 1.54243e-28 6.51568e-29 2.75103e-29 1.16096e-29 4.89702e-30 2.06462e-30 8.70061e-31 3.66491e-31 1.54307e-31 6.49411e-32 2.73194e-32 1.14879e-32 4.82879e-33 2.0289e-33 8.52148e-34 3.57769e-34 1.50151e-34 6.29935e-35 2.64184e-35 1.10755e-35 4.64163e-36 1.9446e-36 8.14413e-37 3.40971e-37 1.42709e-37 5.97098e-38
0.00298545 0.00239535 0.00170295 0.00109926 0.000666041 0.000385594 0.000215619 0.000117294 6.23835e-05 3.25586e-05 1.67215e-05 8.4691e-06 4.23748e-06 2.09748e-06 1.02827e-06 4.99766e-07 2.41005e-07 1.15397e-07 5.48955e-08 2.59585e-08 1.22075e-08 5.71151e-09 2.65959e-09 1.23298e-09 5.69247e-10 2.61795e-10 1.19962e-10 5.47815e-11 2.49358e-11 1.13158e-11 5.12023e-12 2.31049e-12 1.03989e-12 4.66868e-13 2.0911e-13 9.34501e-14 4.16726e-14 1.85451e-14 8.23668e-15 3.65138e-15 1.61576e-15 7.13747e-16 3.14765e-16 1.3859e-16 6.09268e-17 2.67448e-17 1.17232e-17 5.13161e-18 2.24327e-18 9.79376e-19 4.27048e-19 1.85986e-19 8.09051e-20 3.51546e-20 1.52585e-20 6.61579e-21 2.86553e-21 1.23992e-21 5.35996e-22 2.31484e-22 9.98809e-23 4.30584e-23 1.85463e-23 7.98162e-24 3.43217e-24 1.47469e-24 6.33131e-25 2.71618e-25 1.1644e-25 4.98809e-26 2.13531e-26 9.1346e-27 3.90506e-27 1.66833e-27 7.12295e-28 3.03925e-28 1.29601e-28 5.52323e-29 2.35247e-29 1.0014e-29 4.26039e-30 1.81157e-30 7.6989e-31 3.27021e-31 1.38835e-31 5.89124e-32 2.49863e-32 1.05922e-32 4.48814e-33 1.90084e-33 8.04692e-34 3.40502e-34 1.44019e-34 6.08886e-35 2.57317e-35 1.08698e-35 4.58989e-36 1.93735e-36 8.17421e-37 3.4476e-37 1.45353e-37
0.00120596 0.00107754 0.000820534 0.000560338 0.000356507 0.000215619 0.00012548 7.08253e-05 3.89899e-05 2.102e-05 1.1132e-05 5.80513e-06 2.98666e-06 1.51834e-06 7.63692e-07 3.80453e-07 1.87894e-07 9.20637e-08 4.47839e-08 2.16404e-08 1.0393e-08 4.96303e-09 2.35751e-09 1.11434e-09 5.243e-10 2.45619e-10 1.14599e-10 5.32641e-11 2.46672e-11 1.13847e-11 5.23742e-12 2.40204e-12 1.09844e-12 5.00915e-13 2.27826e-13 1.03358e-13 4.67778e-14 2.11218e-14 9.51618e-15 4.27833e-15 1.91956e-15 8.59573e-16 3.84191e-16 1.71407e-16 7.63401e-17 3.3943e-17 1.50676e-17 6.67823e-18 2.95545e-18 1.30603e-18 5.76333e-19 2.5398e-19 1.11777e-19 4.91306e-20 2.15681e-20 9.45695e-21 4.14175e-21 1.81186e-21 7.91749e-22 3.4561e-22 1.50708e-22 6.56515e-23 2.85712e-23 1.24221e-23 5.39584e-24 2.34168e-24 1.01534e-24 4.3987e-25 1.90402e-25 8.23495e-26 3.5588e-26 1.53677e-26 6.63103e-27 2.85911e-27 1.23187e-27 5.30382e-28 2.28198e-28 9.8116e-29 4.21579e-29 1.81024e-29 7.76813e-30 3.3314e-30 1.42782e-30 6.11587e-31 2.61812e-31 1.12014e-31 4.78974e-32 2.04697e-32 8.74336e-33 3.73262e-33 1.59267e-33 6.79226e-34 2.89526e-34 1.23352e-34 5.25288e-35 2.23585e-35 9.51233e-36 4.04514e-36 1.71943e-36 7.30545e-37 3.10256e-37
0.000487138 0.000479681 0.000389077 0.000279844 0.000186256 0.000117294 7.08253e-05 4.13657e-05 2.35111e-05 1.3062e-05 7.11734e-06 3.81353e-06 2.01347e-06 1.04932e-06 5.40526e-07 2.75538e-07 1.39134e-07 6.96522e-08 3.45944e-08 1.70577e-08 8.35447e-09 4.06646e-09 1.96789e-09 9.472e-10 4.53617e-10 2.16212e-10 1.02597e-10 4.84807e-11 2.28182e-11 1.06996e-11 4.99931e-12 2.32803e-12 1.08062e-12 5.00076e-13 2.30745e-13 1.06175e-13 4.87261e-14 2.23047e-14 1.01853e-14 4.64022e-15 2.10926e-15 9.56721e-16 4.33054e-16 1.95629e-16 8.82047e-17 3.96959e-17 1.7833e-17 7.99751e-18 3.58065e-18 1.60055e-18 7.14334e-19 3.1833e-19 1.41651e-19 6.29431e-20 2.79306e-20 1.23775e-20 5.47806e-21 2.42145e-21 1.06904e-21 4.71409e-22 2.07635e-22 9.13521e-23 4.01478e-23 1.76256e-23 7.72994e-24 3.38666e-24 1.48231e-24 6.48174e-25 2.83164e-25 1.23591e-25 5.38954e-26 2.34822e-26 1.02225e-26 4.44646e-27 1.9325e-27 8.39232e-28 3.64173e-28 1.57908e-28 6.84193e-29 2.96237e-29 1.28171e-29 5.54166e-30 2.39438e-30 1.03385e-30 4.46107e-31 1.92372e-31 8.29035e-32 3.57056e-32 1.53687e-32 6.61122e-33 2.84233e-33 1.22129e-33 5.24471e-34 2.25105e-34 9.65641e-35 4.14015e-35 1.77416e-35 7.5988e-36 3.25298e-36 1.39188e-36 5.95272e-37
0.000196776 0.000211706 0.000182079 0.000137435 9.53973e-05 6.23835e-05 3.89899e-05 2.35111e-05 1.37681e-05 7.86748e-06 4.40276e-06 2.41971e-06 1.30895e-06 6.98225e-07 3.67814e-07 1.91588e-07 9.87813e-08 5.04594e-08 2.5557e-08 1.28433e-08 6.40762e-09 3.17543e-09 1.56385e-09 7.657e-10 3.72866e-10 1.80644e-10 8.70971e-11 4.18036e-11 1.99785e-11 9.50936e-12 4.50889e-12 2.13012e-12 1.00283e-12 4.70564e-13 2.2011e-13 1.02648e-13 4.77325e-14 2.2135e-14 1.02376e-14 4.72298e-15 2.17359e-15 9.97986e-16 4.57187e-16 2.08989e-16 9.53335e-17 4.34005e-17 1.97197e-17 8.94315e-18 4.0485e-18 1.82952e-18 8.25358e-19 3.71736e-19 1.67162e-19 7.50531e-20 3.36474e-20 1.50627e-20 6.73353e-21 3.00599e-21 1.34016e-21 5.96707e-22 2.65351e-22 1.17855e-22 5.22829e-23 2.31668e-23 1.02537e-23 4.53334e-24 2.00211e-24 8.8329e-25 3.89291e-25 1.71401e-25 7.53923e-26 3.31305e-26 1.45454e-26 6.38014e-27 2.79607e-27 1.2243e-27 5.35626e-28 2.34139e-28 1.02266e-28 4.4632e-29 1.94635e-29 8.48137e-30 3.69306e-30 1.6069e-30 6.98681e-31 3.03574e-31 1.31811e-31 5.71931e-32 2.47998e-32 1.07466e-32 4.6539e-33 2.01414e-33 8.71159e-34 3.76567e-34 1.62678e-34 7.02368e-35 3.03076e-35 1.30706e-35 5.63376e-36 2.42698e-36 1.04497e-36
7.94865e-05 9.27644e-05 8.42743e-05 6.65539e-05 4.80556e-05 3.25586e-05 2.102e-05 1.3062e-05 7.86748e-06 4.61656e-06 2.64932e-06 1.49135e-06 8.25459e-07 4.50109e-07 2.42181e-07 1.28748e-07 6.77038e-08 3.52512e-08 1.8188e-08 9.30602e-09 4.7248e-09 2.38171e-09 1.1926e-09 5.93464e-10 2.93604e-10 1.44461e-10 7.0714e-11 3.44469e-11 1.67033e-11 8.06434e-12 3.87746e-12 1.85707e-12 8.86119e-13 4.21325e-13 1.99652e-13 9.43037e-14 4.4406e-14 2.08483e-14 9.76039e-15 4.55704e-15 2.12209e-15 9.85724e-16 4.56769e-16 2.11167e-16 9.74053e-17 4.48331e-17 2.05925e-17 9.43933e-18 4.31844e-18 1.97194e-18 8.98809e-19 4.08953e-19 1.85752e-19 8.42314e-20 3.81341e-20 1.72375e-20 7.77992e-21 3.50618e-21 1.57787e-21 7.09091e-22 3.18231e-22 1.4263e-22 6.38439e-23 2.8542e-23 1.27444e-23 5.68376e-24 2.53191e-24 1.1266e-24 5.0074e-25 2.22324e-25 9.86057e-26 4.36889e-26 1.93377e-26 8.55087e-27 3.77746e-27 1.66717e-27 7.35127e-28 3.23858e-28 1.42549e-28 6.26902e-29 2.75466e-29 1.20943e-29 5.30564e-30 2.3257e-30 1.01866e-30 4.45837e-31 1.94983e-31 8.52121e-32 3.72128e-32 1.62397e-32 7.0821e-33 3.08639e-33 1.34416e-33 5.85014e-34 2.5445e-34 1.10602e-34 4.80459e-35 2.08586e-35 9.05006e-36 3.92431e-36 1.70068e-36
3.21081e-05 4.03991e-05 3.86411e-05 3.18456e-05 2.38671e-05 1.67215e-05 1.1132e-05 7.11734e-06 4.40276e-06 2.64932e-06 1.55709e-06 8.96684e-07 5.0723e-07 2.82422e-07 1.55043e-07 8.40385e-08 4.50292e-08 2.3875e-08 1.25375e-08 6.52565e-09 3.36882e-09 1.72596e-09 8.78026e-10 4.43726e-10 2.22861e-10 1.11284e-10 5.52654e-11 2.73047e-11 1.34247e-11 6.57006e-12 3.20136e-12 1.55344e-12 7.50821e-13 3.61528e-13 1.73455e-13 8.29353e-14 3.95243e-14 1.87768e-14 8.89346e-15 4.20011e-15 1.97808e-15 9.29102e-16 4.35277e-16 2.03419e-16 9.4837e-17 4.41126e-17 2.0473e-17 9.48122e-18 4.38172e-18 2.02093e-18 9.30272e-19 4.27416e-19 1.96018e-19 8.9737e-20 4.10109e-20 1.87112e-20 8.52312e-21 3.87624e-21 1.76018e-21 7.98098e-22 3.61347e-22 1.63373e-22 7.37628e-23 3.32593e-23 1.49769e-23 6.73561e-24 3.02547e-24 1.35732e-24 6.08216e-25 2.72228e-25 1.21707e-25 5.43529e-26 2.42471e-26 1.08054e-26 4.81034e-27 2.1393e-27 9.50477e-28 4.21883e-28 1.87082e-28 8.28844e-29 3.66876e-29 1.62249e-29 7.16912e-30 3.16505e-30 1.39616e-30 6.15363e-31 2.71007e-31 1.19258e-31 5.24397e-32 2.30411e-32 1.01164e-32 4.43841e-33 1.9459e-33 8.52524e-34 3.73244e-34 1.63299e-34 7.1398e-35 3.11963e-35 1.3622e-35 5.94433e-36 2.59235e-36
1.29699e-05 1.75015e-05 1.75744e-05 1.5081e-05 1.17095e-05 8.4691e-06 5.80513e-06 3.81353e-06 2.41971e-06 1.49135e-06 8.96684e-07 5.27696e-07 3.04765e-07 1.73107e-07 9.68727e-08 5.34897e-08 2.91786e-08 1.57417e-08 8.4068e-09 4.44788e-09 2.33305e-09 1.21399e-09 6.26999e-10 3.21582e-10 1.63864e-10 8.29877e-11 4.17869e-11 2.09268e-11 1.04264e-11 5.16953e-12 2.5513e-12 1.25362e-12 6.13421e-13 2.98965e-13 1.45156e-13 7.02214e-14 3.3853e-14 1.6266e-14 7.79072e-15 3.72002e-15 1.77106e-15 8.40804e-16 3.98082e-16 1.87979e-16 8.85418e-17 4.16032e-17 1.9502e-17 9.12104e-18 4.25649e-18 1.98214e-18 9.21124e-19 4.27203e-19 1.97746e-19 9.1362e-20 4.21338e-20 1.93966e-20 8.91402e-21 4.08973e-21 1.87331e-21 8.56715e-22 3.91197e-22 1.78362e-22 8.12036e-23 3.69174e-23 1.67604e-23 7.59886e-24 3.44065e-24 1.55587e-24 7.02685e-25 3.16967e-25 1.42806e-25 6.42647e-26 2.88868e-26 1.297e-26 5.81711e-27 2.6062e-27 1.16642e-27 5.215e-28 2.32927e-28 1.03934e-28 4.63314e-29 2.06341e-29 9.18108e-30 4.08139e-30 1.81275e-30 8.04428e-31 3.5667e-31 1.58009e-31 6.99423e-32 3.09348e-32 1.36713e-32 6.03721e-33 2.66397e-33 1.17462e-33 5.17542e-34 2.27866e-34 1.00254e-34 4.40782e-35 1.93663e-35 8.50305e-36 3.73091e-36
5.23909e-06 7.5473e-06 7.93661e-06 7.07745e-06 5.68351e-06 4.23748e-06 2.98666e-06 2.01347e-06 1.30895e-06 8.25459e-07 5.0723e-07 3.04765e-07 1.79546e-07 1.03948e-07 5.92497e-08 3.33014e-08 1.84805e-08 1.01374e-08 5.502e-09 2.95707e-09 1.57497e-09 8.31823e-10 4.35906e-10 2.26767e-10 1.17164e-10 6.01474e-11 3.0691e-11 1.55713e-11 7.85771e-12 3.945e-12 1.97102e-12 9.80241e-13 4.85366e-13 2.39326e-13 1.17537e-13 5.7505e-14 2.80317e-14 1.36168e-14 6.59236e-15 3.18134e-15 1.5305e-15 7.34117e-16 3.51117e-16 1.67471e-16 7.96652e-17 3.77992e-17 1.78903e-17 8.44717e-18 3.97921e-18 1.87028e-18 8.77146e-19 4.10508e-19 1.91727e-19 8.93689e-20 4.15769e-20 1.93067e-20 8.94899e-21 4.14071e-21 1.91263e-21 8.81983e-22 4.06055e-22 1.86648e-22 8.56625e-23 3.9256e-23 1.79633e-23 8.20817e-24 3.74542e-24 1.70673e-24 7.76698e-25 3.53002e-25 1.60233e-25 7.26421e-26 3.28927e-26 1.48764e-26 6.72037e-27 3.03247e-27 1.36685e-27 6.1542e-28 2.76798e-28 1.24366e-28 5.58211e-29 2.50301e-29 1.12125e-29 5.01791e-30 2.24356e-30 1.00219e-30 4.47271e-31 1.99437e-31 8.88512e-32 3.95503e-32 1.75902e-32 7.81691e-33 3.47094e-33 1.53998e-33 6.8272e-34 3.02439e-34 1.33877e-34 5.92176e-35 2.61746e-35 1.15611e-35 5.10282e-36
2.1163e-06 3.24164e-06 3.56185e-06 3.29496e-06 2.73263e-06 2.09748e-06 1.51834e-06 1.04932e-06 6.98225e-07 4.50109e-07 2.82422e-07 1.73107e-07 1.03948e-07 6.12941e-08 3.55601e-08 2.03306e-08 1.14702e-08 6.3934e-09 3.52431e-09 1.92299e-09 1.03938e-09 5.56878e-10 2.95936e-10 1.5607e-10 8.17213e-11 4.25044e-11 2.19678e-11 1.12862e-11 5.76576e-12 2.92985e-12 1.48126e-12 7.45289e-13 3.73271e-13 1.86133e-13 9.24293e-14 4.57153e-14 2.25244e-14 1.10575e-14 5.40919e-15 2.63721e-15 1.28159e-15 6.20867e-16 2.99878e-16 1.44422e-16 6.93604e-17 3.32215e-17 1.58707e-17 7.56279e-18 3.5951e-18 1.70497e-18 8.06737e-19 3.80879e-19 1.79437e-19 8.43595e-20 3.95803e-20 1.85342e-20 8.66244e-21 4.04113e-21 1.88184e-21 8.74788e-22 4.05958e-22 1.88078e-22 8.69947e-23 4.01755e-23 1.85252e-23 8.52928e-24 3.92126e-24 1.80019e-24 8.2529e-25 3.77835e-25 1.72751e-25 7.8881e-26 3.59727e-26 1.63845e-26 7.45357e-27 3.38671e-27 1.53705e-27 6.96787e-28 3.15521e-28 1.42719e-28 6.44865e-29 2.91072e-29 1.31246e-29 5.91195e-30 2.6604e-30 1.19603e-30 5.37183e-31 2.41045e-31 1.08062e-31 4.84017e-32 2.16602e-32 9.68474e-33 4.32656e-33 1.93123e-33 8.61327e-34 3.83841e-34 1.70918e-34 7.6048e-35 3.38106e-35 1.50207e-35 6.66813e-36
8.54865e-07 1.38738e-06 1.58966e-06 1.52311e-06 1.30279e-06 1.02827e-06 7.63692e-07 5.40526e-07 3.67814e-07 2.42181e-07 1.55043e-07 9.68727e-08 5.92497e-08 3.55601e-08 2.09846e-08 1.21963e-08 6.99136e-09 3.95754e-09 2.2145e-09 1.22605e-09 6.72154e-10 3.65144e-10 1.96683e-10 1.05104e-10 5.57488e-11 2.9364e-11 1.53651e-11 7.9902e-12 4.13074e-12 2.12363e-12 1.08601e-12 5.526e-13 2.7984e-13 1.41068e-13 7.08034e-14 3.53894e-14 1.76182e-14 8.73762e-15 4.31751e-15 2.12591e-15 1.04325e-15 5.10294e-16 2.48823e-16 1.20962e-16 5.86333e-17 2.83411e-17 1.36619e-17 6.56846e-18 3.15002e-18 1.50693e-18 7.19186e-19 3.42441e-19 1.62689e-19 7.71235e-20 3.64837e-20 1.72235e-20 8.11486e-21 3.81592e-21 1.79102e-21 8.39082e-22 3.92405e-22 1.83194e-22 8.5379e-23 3.9726e-23 1.84544e-23 8.55941e-24 3.96389e-24 1.83295e-24 8.46343e-25 3.90232e-25 1.79677e-25 8.26176e-26 3.79379e-26 1.73984e-26 7.96876e-27 3.64529e-27 1.66549e-27 7.60036e-28 3.46432e-28 1.57726e-28 7.17303e-29 3.25854e-29 1.47868e-29 6.70298e-30 3.03536e-30 1.37313e-30 6.20551e-31 2.80168e-31 1.26369e-31 5.69451e-32 2.5637e-32 1.15314e-32 5.18216e-33 2.32679e-33 1.04383e-33 4.67877e-34 2.09543e-34 9.37686e-35 4.19269e-35 1.8732e-35 8.36249e-36
3.45317e-07 5.91909e-07 7.05949e-07 6.99575e-07 6.16413e-07 4.99766e-07 3.80453e-07 2.75538e-07 1.91588e-07 1.28748e-07 8.40385e-08 5.34897e-08 3.33014e-08 2.03306e-08 1.21963e-08 7.20205e-09 4.19245e-09 2.40885e-09 1.36757e-09 7.67897e-10 4.268e-10 2.3498e-10 1.28235e-10 6.94067e-11 3.72769e-11 1.98759e-11 1.05255e-11 5.53807e-12 2.89617e-12 1.50584e-12 7.78661e-13 4.00547e-13 2.05022e-13 1.04446e-13 5.29682e-14 2.67462e-14 1.34496e-14 6.7365e-15 3.36128e-15 1.67104e-15 8.27833e-16 4.08723e-16 2.01141e-16 9.86751e-17 4.82613e-17 2.35353e-17 1.14449e-17 5.55035e-18 2.68459e-18 1.29517e-18 6.23299e-19 2.99242e-19 1.4333e-19 6.84966e-20 3.26623e-20 1.55417e-20 7.37989e-21 3.49724e-21 1.65405e-21 7.80808e-22 3.67902e-22 1.73035e-22 8.12399e-23 3.80766e-23 1.78163e-23 8.32278e-24 3.88172e-24 1.80761e-24 8.4047e-25 3.90207e-25 1.80899e-25 8.37454e-26 3.87152e-26 1.78736e-26 8.24076e-27 3.79452e-27 1.74499e-27 8.0147e-28 3.67664e-28 1.6846e-28 7.70961e-29 3.52427e-29 1.60923e-29 7.33982e-30 3.34413e-30 1.52202e-30 6.91995e-31 3.14298e-31 1.42608e-31 6.46428e-32 2.92735e-32 1.32439e-32 5.9862e-33 2.70326e-33 1.21965e-33 5.49787e-34 2.47615e-34 1.11426e-34 5.00991e-35 2.25068e-35 1.01029e-35
1.39489e-07 2.51816e-07 3.12101e-07 3.1947e-07 2.89659e-07 2.41005e-07 1.87894e-07 1.39134e-07 9.87813e-08 6.77038e-08 4.50292e-08 2.91786e-08 1.84805e-08 1.14702e-08 6.99136e-09 4.19245e-09 2.47712e-09 1.44398e-09 8.31374e-10 4.73235e-10 2.66547e-10 1.48667e-10 8.21652e-11 4.50252e-11 2.44766e-11 1.32063e-11 7.07519e-12 3.76525e-12 1.99115e-12 1.04668e-12 5.47089e-13 2.84415e-13 1.471e-13 7.57076e-14 3.87821e-14 1.97777e-14 1.00428e-14 5.07867e-15 2.55817e-15 1.2837e-15 6.4182e-16 3.19771e-16 1.58781e-16 7.85855e-17 3.87723e-17 1.90714e-17 9.35342e-18 4.57432e-18 2.23096e-18 1.08518e-18 5.26499e-19 2.54805e-19 1.23018e-19 5.92526e-20 2.84746e-20 1.36535e-20 6.53277e-21 3.11918e-21 1.48627e-21 7.068e-22 3.35471e-22 1.58927e-22 7.51526e-23 3.54743e-23 1.67158e-23 7.86325e-24 3.69281e-24 1.73144e-24 8.10532e-25 3.78846e-25 1.76806e-25 8.23933e-26 3.83406e-26 1.78161e-26 8.26734e-27 3.83117e-27 1.77305e-27 8.19499e-28 3.78289e-28 1.74405e-28 8.03089e-29 3.6936e-29 1.69678e-29 7.78582e-30 3.56856e-30 1.63381e-30 7.47201e-31 3.41359e-31 1.55787e-31 7.1024e-32 3.23475e-32 1.47179e-32 6.69007e-33 3.03808e-33 1.37835e-33 6.24767e-34 2.82933e-34 1.28015e-34 5.78705e-35 2.61383e-35 1.17959e-35
5.63456e-08 1.06857e-07 1.37421e-07 1.45127e-07 1.35267e-07 1.15397e-07 9.20637e-08 6.96522e-08 5.04594e-08 3.52512e-08 2.3875e-08 1.57417e-08 1.01374e-08 6.3934e-09 3.95754e-09 2.40885e-09 1.44398e-09 8.53611e-10 4.98206e-10 2.87371e-10 1.63963e-10 9.26092e-11 5.18164e-11 2.87378e-11 1.58071e-11 8.62739e-12 4.67447e-12 2.51529e-12 1.34465e-12 7.14399e-13 3.77331e-13 1.98189e-13 1.03544e-13 5.38229e-14 2.78423e-14 1.4336e-14 7.34897e-15 3.75125e-15 1.90701e-15 9.65666e-16 4.8715e-16 2.44863e-16 1.22649e-16 6.12271e-17 3.04656e-17 1.51116e-17 7.47302e-18 3.68473e-18 1.81168e-18 8.88311e-19 4.34401e-19 2.11882e-19 1.03089e-19 5.00346e-20 2.42273e-20 1.17042e-20 5.64172e-21 2.71356e-21 1.30242e-21 6.23834e-22 2.98208e-22 1.42273e-22 6.77488e-23 3.22015e-23 1.5278e-23 7.23588e-24 3.42113e-24 1.6148e-24 7.60945e-25 3.58008e-25 1.68171e-25 7.88762e-26 3.69394e-26 1.72742e-26 8.06643e-27 3.76146e-27 1.7516e-27 8.14571e-28 3.78312e-28 1.75473e-28 8.12873e-29 3.76093e-29 1.73796e-29 8.02168e-30 3.69814e-30 1.70295e-30 7.83308e-31 3.599e-31 1.65181e-31 7.57314e-32 3.46846e-32 1.5869e-32 7.25313e-33 3.31184e-33 1.51074e-33 6.88484e-34 3.13464e-34 1.42587e-34 6.48e-35 2.94226e-35 1.33476e-35
2.27604e-08 4.52394e-08 6.02841e-08 6.56128e-08 6.28088e-08 5.48955e-08 4.47839e-08 3.45944e-08 2.5557e-08 1.8188e-08 1.25375e-08 8.4068e-09 5.502e-09 3.52431e-09 2.2145e-09 1.36757e-09 8.31374e-10 4.98206e-10 2.94649e-10 1.7216e-10 9.94681e-11 5.68732e-11 3.22042e-11 1.80706e-11 1.00539e-11 5.54913e-12 3.03977e-12 1.65336e-12 8.93241e-13 4.79513e-13 2.55859e-13 1.35738e-13 7.1617e-14 3.75889e-14 1.96305e-14 1.0203e-14 5.27877e-15 2.71915e-15 1.39477e-15 7.12551e-16 3.62609e-16 1.83838e-16 9.28674e-17 4.67499e-17 2.34553e-17 1.17298e-17 5.84765e-18 2.9064e-18 1.44031e-18 7.11743e-19 3.50748e-19 1.72388e-19 8.45079e-20 4.13233e-20 2.01574e-20 9.80939e-21 4.76266e-21 2.30719e-21 1.11525e-21 5.37943e-22 2.58942e-22 1.24393e-22 5.96395e-23 2.85392e-23 1.36313e-23 6.49894e-24 3.09296e-24 1.46944e-24 6.96937e-25 3.3e-25 1.56002e-25 7.36309e-26 3.46989e-26 1.63273e-26 7.67125e-27 3.59905e-27 1.68614e-27 7.88848e-28 3.68554e-28 1.7196e-28 8.01283e-29 3.72895e-29 1.73316e-29 8.04557e-30 3.73033e-30 1.72752e-30 7.9908e-31 3.69199e-31 1.7039e-31 7.85499e-32 3.61724e-32 1.66398e-32 7.64648e-33 3.51018e-33 1.60975e-33 7.37489e-34 3.37543e-34 1.54342e-34 7.05066e-35 3.21789e-35 1.46729e-35
9.19394e-09 1.91124e-08 2.63562e-08 2.95339e-08 2.90117e-08 2.59585e-08 2.16404e-08 1.70577e-08 1.28433e-08 9.30602e-09 6.52565e-09 4.44788e-09 2.95707e-09 1.92299e-09 1.22605e-09 7.67897e-10 4.73235e-10 2.87371e-10 1.7216e-10 1.0186e-10 5.95743e-11 3.44714e-11 1.97478e-11 1.12078e-11 6.3055e-12 3.51838e-12 1.94804e-12 1.07072e-12 5.84443e-13 3.16926e-13 1.70791e-13 9.14949e-14 4.87389e-14 2.58234e-14 1.36118e-14 7.1397e-15 3.72732e-15 1.93709e-15 1.00234e-15 5.16505e-16 2.65089e-16 1.35529e-16 6.90331e-17 3.50369e-17 1.77211e-17 8.93318e-18 4.48867e-18 2.2484e-18 1.12283e-18 5.59096e-19 2.77604e-19 1.37458e-19 6.7882e-20 3.3436e-20 1.64279e-20 8.0517e-21 3.93696e-21 1.92057e-21 9.34807e-22 4.54007e-22 2.20027e-22 1.06411e-22 5.13594e-23 2.47396e-23 1.18941e-23 5.70755e-24 2.73383e-24 1.30712e-24 6.23876e-25 2.97261e-25 1.414e-25 6.71511e-26 3.18391e-26 1.50726e-26 7.12445e-27 3.3625e-27 1.58466e-27 7.45736e-28 3.50447e-28 1.6446e-28 7.70743e-29 3.60731e-29 1.68613e-29 7.87129e-30 3.66992e-30 1.70897e-30 7.94855e-31 3.69256e-31 1.71342e-31 7.94151e-32 3.67668e-32 1.70032e-32 7.85481e-33 3.62475e-33 1.67097e-33 7.69504e-34 3.5401e-34 1.627e-34 7.47028e-35 3.42663e-35 1.57032e-35
3.71383e-09 8.05895e-09 1.14871e-08 1.32403e-08 1.33361e-08 1.22075e-08 1.0393e-08 8.35447e-09 6.40762e-09 4.7248e-09 3.36882e-09 2.33305e-09 1.57497e-09 1.03938e-09 6.72154e-10 4.268e-10 2.66547e-10 1.63963e-10 9.94681e-11 5.95743e-11 3.52603e-11 2.0641e-11 1.19597e-11 6.86342e-12 3.9035e-12 2.20138e-12 1.23162e-12 6.83898e-13 3.77063e-13 2.06494e-13 1.12361e-13 6.07686e-14 3.26753e-14 1.74725e-14 9.29377e-15 4.91848e-15 2.59038e-15 1.35793e-15 7.08686e-16 3.68271e-16 1.90586e-16 9.82407e-17 5.04464e-17 2.58088e-17 1.3157e-17 6.68431e-18 3.38463e-18 1.70833e-18 8.59566e-19 4.312e-19 2.1568e-19 1.07575e-19 5.35084e-20 2.65444e-20 1.31341e-20 6.48235e-21 3.19156e-21 1.56761e-21 7.68191e-22 3.75595e-22 1.83239e-22 8.92039e-23 4.33356e-23 2.10098e-23 1.01657e-23 4.90919e-24 2.36626e-24 1.13844e-24 5.46736e-25 2.62106e-25 1.25438e-25 5.99305e-26 2.85859e-26 1.3613e-26 6.47248e-27 3.07267e-27 1.45648e-27 6.89364e-28 3.25809e-28 1.53765e-28 7.24682e-29 3.4107e-29 1.60308e-29 7.52484e-30 3.52759e-30 1.65162e-30 7.72325e-31 3.60712e-31 1.68268e-31 7.84025e-32 3.64886e-32 1.69625e-32 7.87661e-33 3.65352e-33 1.69284e-33 7.83538e-34 3.62286e-34 1.67339e-34 7.72156e-35 3.55944e-35 1.63921e-35
1.50018e-09 3.39214e-09 4.9922e-09 5.91364e-09 6.10303e-09 5.71151e-09 4.96303e-09 4.06646e-09 3.17543e-09 2.38171e-09 1.72596e-09 1.21399e-09 8.31823e-10 5.56878e-10 3.65144e-10 2.3498e-10 1.48667e-10 9.26092e-11 5.68732e-11 3.44714e-11 2.0641e-11 1.22208e-11 7.15977e-12 4.15359e-12 2.38748e-12 1.36047e-12 7.68936e-13 4.3126e-13 2.40113e-13 1.32766e-13 7.29289e-14 3.98105e-14 2.16027e-14 1.16559e-14 6.25502e-15 3.33928e-15 1.77385e-15 9.37792e-16 4.93523e-16 2.58581e-16 1.34911e-16 7.01012e-17 3.62827e-17 1.8708e-17 9.611e-18 4.92012e-18 2.51015e-18 1.27641e-18 6.46984e-19 3.26928e-19 1.64705e-19 8.27368e-20 4.14443e-20 2.07033e-20 1.03148e-20 5.12572e-21 2.54073e-21 1.25632e-21 6.19734e-22 3.05003e-22 1.49769e-22 7.33813e-23 3.5877e-23 1.7504e-23 8.52261e-24 4.14135e-24 2.00848e-24 9.72225e-25 4.69743e-25 2.26551e-25 1.09069e-25 5.24184e-26 2.51495e-26 1.20463e-26 5.76068e-27 2.75044e-27 1.31116e-27 6.24085e-28 2.96609e-28 1.40763e-28 6.67066e-29 3.15673e-29 1.49179e-29 7.04026e-30 3.31812e-30 1.56182e-30 7.34196e-31 3.44705e-31 1.6164e-31 7.57045e-32 3.54143e-32 1.65473e-32 7.72283e-33 3.60027e-33 1.67653e-33 7.79855e-34 3.62368e-34 1.682e-34 7.79926e-35 3.61273e-35 1.67179e-35
6.05988e-10 1.42549e-09 2.16382e-09 2.63212e-09 2.78138e-09 2.65959e-09 2.35751e-09 1.96789e-09 1.56385e-09 1.1926e-09 8.78026e-10 6.26999e-10 4.35906e-10 2.95936e-10 1.96683e-10 1.28235e-10 8.21652e-11 5.18164e-11 3.22042e-11 1.97478e-11 1.19597e-11 7.15977e-12 4.2403e-12 2.48609e-12 1.44388e-12 8.31166e-13 4.74468e-13 2.68715e-13 1.51052e-13 8.43105e-14 4.67422e-14 2.57485e-14 1.40975e-14 7.67367e-15 4.15379e-15 2.23652e-15 1.19807e-15 6.38661e-16 3.38857e-16 1.78979e-16 9.41247e-17 4.92933e-17 2.57113e-17 1.33589e-17 6.91497e-18 3.56645e-18 1.833e-18 9.38892e-19 4.79342e-19 2.43947e-19 1.23768e-19 6.26075e-20 3.15781e-20 1.58826e-20 7.96661e-21 3.98539e-21 1.9886e-21 9.89767e-22 4.91424e-22 2.43414e-22 1.2029e-22 5.93103e-23 2.91793e-23 1.43247e-23 7.01756e-24 3.43082e-24 1.67395e-24 8.15154e-25 3.96195e-25 1.92207e-25 9.30759e-26 4.49917e-26 2.17105e-26 1.04585e-26 5.02968e-27 2.41492e-27 1.15763e-27 5.54062e-28 2.64776e-28 1.26341e-28 6.01964e-29 2.86396e-29 1.36066e-29 6.45541e-30 3.05849e-30 1.44713e-30 6.83812e-31 3.22704e-31 1.52098e-31 7.15975e-32 3.36622e-32 1.58076e-32 7.41436e-33 3.47358e-33 1.6255e-33 7.59813e-34 3.5477e-34 1.65469e-34 7.70943e-35 3.58815e-35 1.66828e-35
2.44785e-10 5.98135e-10 9.35578e-10 1.16777e-09 1.26269e-09 1.23298e-09 1.11434e-09 9.472e-10 7.657e-10 5.93464e-10 4.43726e-10 3.21582e-10 2.26767e-10 1.5607e-10 1.05104e-10 6.94067e-11 4.50252e-11 2.87378e-11 1.80706e-11 1.12078e-11 6.86342e-12 4.15359e-12 2.48609e-12 1.47276e-12 8.64065e-13 5.02357e-13 2.89572e-13 1.65572e-13 9.39489e-14 5.29227e-14 2.96072e-14 1.64552e-14 9.08849e-15 4.98988e-15 2.72403e-15 1.47899e-15 7.98821e-16 4.29296e-16 2.29602e-16 1.22233e-16 6.47838e-17 3.4189e-17 1.79686e-17 9.40617e-18 4.90505e-18 2.54837e-18 1.31924e-18 6.80576e-19 3.49921e-19 1.79329e-19 9.16139e-20 4.66598e-20 2.36938e-20 1.19971e-20 6.05759e-21 3.05029e-21 1.53191e-21 7.67376e-22 3.83437e-22 1.91126e-22 9.50412e-23 4.71518e-23 2.33402e-23 1.1528e-23 5.68156e-24 2.79429e-24 1.37146e-24 6.71783e-25 3.28416e-25 1.60247e-25 7.80446e-26 3.79405e-26 1.84114e-26 8.91887e-27 4.3131e-27 2.08229e-27 1.00364e-27 4.8297e-28 2.32047e-28 1.11317e-28 5.33196e-29 2.55017e-29 1.21792e-29 5.80827e-30 2.76609e-30 1.31549e-30 6.24775e-31 2.96335e-31 1.40371e-31 6.64073e-32 3.13768e-32 1.48069e-32 6.979e-33 3.28552e-33 1.54492e-33 7.25617e-34 3.4042e-34 1.59529e-34 7.4677e-35 3.49193e-35 1.63111e-35
9.88793e-11 2.50628e-10 4.03592e-10 5.16541e-10 5.71172e-10 5.69247e-10 5.243e-10 4.53617e-10 3.72866e-10 2.93604e-10 2.22861e-10 1.63864e-10 1.17164e-10 8.17213e-11 5.57488e-11 3.72769e-11 2.44766e-11 1.58071e-11 1.00539e-11 6.3055e-12 3.9035e-12 2.38748e-12 1.44388e-12 8.64065e-13 5.11998e-13 3.00576e-13 1.74919e-13 1.00954e-13 5.78115e-14 3.28608e-14 1.85473e-14 1.03984e-14 5.79266e-15 3.2073e-15 1.7655e-15 9.66435e-16 5.26208e-16 2.85046e-16 1.53652e-16 8.24336e-17 4.40246e-17 2.34091e-17 1.23948e-17 6.5362e-18 3.43324e-18 1.79653e-18 9.36631e-19 4.86587e-19 2.51918e-19 1.2999e-19 6.68591e-20 3.42807e-20 1.75234e-20 8.93113e-21 4.53888e-21 2.30028e-21 1.16261e-21 5.86065e-22 2.94673e-22 1.47792e-22 7.3944e-23 3.69083e-23 1.83798e-23 9.13225e-24 4.5275e-24 2.23978e-24 1.10571e-24 5.44734e-25 2.6783e-25 1.31427e-25 6.4369e-26 3.14671e-26 1.53547e-26 7.47904e-27 3.63655e-27 1.76517e-27 8.55367e-28 4.13812e-28 1.99872e-28 9.63857e-29 4.64087e-29 2.23113e-29 1.07103e-29 5.13386e-30 2.45731e-30 1.17453e-30 5.60619e-31 2.67227e-31 1.27207e-31 6.04749e-32 2.8713e-32 1.36154e-32 6.44828e-33 3.05018e-33 1.44107e-33 6.80032e-34 3.2053e-34 1.50908e-34 7.09687e-35 3.33381e-35 1.56437e-35
3.99417e-11 1.04881e-10 1.7373e-10 2.2784e-10 2.57496e-10 2.61795e-10 2.45619e-10 2.16212e-10 1.80644e-10 1.44461e-10 1.11284e-10 8.29877e-11 6.01474e-11 4.25044e-11 2.9364e-11 1.98759e-11 1.32063e-11 8.62739e-12 5.54913e-12 3.51838e-12 2.20138e-12 1.36047e-12 8.31166e-13 5.02357e-13 3.00576e-13 1.78145e-13 1.04643e-13 6.09505e-14 3.52185e-14 2.01963e-14 1.14986e-14 6.50188e-15 3.65256e-15 2.03915e-15 1.13165e-15 6.24455e-16 3.42703e-16 1.87094e-16 1.01629e-16 5.49386e-17 2.95608e-17 1.58348e-17 8.44564e-18 4.48586e-18 2.37308e-18 1.25053e-18 6.56516e-19 3.43415e-19 1.79005e-19 9.29894e-20 4.81468e-20 2.4849e-20 1.27851e-20 6.5582e-21 3.35423e-21 1.71066e-21 8.70022e-22 4.41292e-22 2.23245e-22 1.12649e-22 5.67009e-23 2.84707e-23 1.4262e-23 7.12783e-24 3.55432e-24 1.76848e-24 8.78037e-25 4.35024e-25 2.15091e-25 1.06136e-25 5.22699e-26 2.56926e-26 1.26052e-26 6.17299e-27 3.0176e-27 1.47252e-27 7.17325e-28 3.48848e-28 1.69371e-28 8.20987e-29 3.97323e-29 1.91988e-29 9.2628e-30 4.46229e-30 2.14652e-30 1.03106e-30 4.94557e-31 2.36889e-31 1.13313e-31 5.4129e-32 2.58231e-32 1.23033e-32 5.85441e-33 2.78227e-33 1.32063e-33 6.2609e-34 2.96466e-34 1.40218e-34 6.62417e-35 3.12584e-35 1.47339e-35
1.61342e-11 4.38372e-11 7.46341e-11 1.00234e-10 1.15717e-10 1.19962e-10 1.14599e-10 1.02597e-10 8.70971e-11 7.0714e-11 5.52654e-11 4.17869e-11 3.0691e-11 2.19678e-11 1.53651e-11 1.05255e-11 7.07519e-12 4.67447e-12 3.03977e-12 1.94804e-12 1.23162e-12 7.68936e-13 4.74468e-13 2.89572e-13 1.74919e-13 1.04643e-13 6.20329e-14 3.64577e-14 2.12526e-14 1.22935e-14 7.05905e-15 4.02512e-15 2.2799e-15 1.28319e-15 7.17831e-16 3.99235e-16 2.20807e-16 1.21472e-16 6.64827e-17 3.62075e-17 1.96257e-17 1.05893e-17 5.68848e-18 3.04283e-18 1.62098e-18 8.60112e-19 4.5464e-19 2.39424e-19 1.25635e-19 6.56963e-20 3.42379e-20 1.77849e-20 9.2091e-21 4.75383e-21 2.44663e-21 1.25554e-21 6.42481e-22 3.27864e-22 1.66864e-22 8.47025e-23 4.28869e-23 2.16609e-23 1.09138e-23 5.48594e-24 2.75122e-24 1.37665e-24 6.87336e-25 3.42439e-25 1.7025e-25 8.44695e-26 4.18257e-26 2.06698e-26 1.01952e-26 5.01929e-27 2.46655e-27 1.20992e-27 5.92459e-28 2.89608e-28 1.41328e-28 6.88534e-29 3.34901e-29 1.62636e-29 7.88562e-30 3.8176e-30 1.8454e-30 8.90734e-31 4.29315e-31 2.06626e-31 9.93088e-32 4.76642e-32 2.2846e-32 1.09359e-32 5.22792e-33 2.49602e-33 1.1902e-33 5.66828e-34 2.69622e-34 1.28096e-34 6.07865e-35 2.88119e-35 1.36409e-35
6.5173e-12 1.8302e-11 3.20025e-11 4.39866e-11 5.18478e-11 5.47815e-11 5.32641e-11 4.84807e-11 4.18036e-11 3.44469e-11 2.73047e-11 2.09268e-11 1.55713e-11 1.12862e-11 7.9902e-12 5.53807e-12 3.76525e-12 2.51529e-12 1.65336e-12 1.07072e-12 6.83898e-13 4.3126e-13 2.68715e-13 1.65572e-13 1.00954e-13 6.09505e-14 3.64577e-14 2.16165e-14 1.27106e-14 7.41519e-15 4.29361e-15 2.46845e-15 1.40953e-15 7.99663e-16 4.50864e-16 2.52701e-16 1.40831e-16 7.80587e-17 4.30398e-17 2.3612e-17 1.28911e-17 7.00525e-18 3.78969e-18 2.04127e-18 1.09491e-18 5.84923e-19 3.11258e-19 1.65005e-19 8.71533e-20 4.58698e-20 2.40589e-20 1.25769e-20 6.55337e-21 3.40399e-21 1.76272e-21 9.10097e-22 4.68529e-22 2.40527e-22 1.2314e-22 6.28751e-23 3.20206e-23 1.62659e-23 8.24243e-24 4.16663e-24 2.10133e-24 1.05732e-24 5.30815e-25 2.65907e-25 1.32919e-25 6.63032e-26 3.30061e-26 1.63977e-26 8.13063e-27 4.02376e-27 1.98758e-27 9.79984e-28 4.82317e-28 2.36962e-28 1.16219e-28 5.69033e-29 2.78149e-29 1.35741e-29 6.61375e-30 3.2174e-30 1.56277e-30 7.57929e-31 3.67044e-31 1.77491e-31 8.57061e-32 4.13274e-32 1.99005e-32 9.56979e-33 4.5958e-33 2.2042e-33 1.0558e-33 5.05079e-34 2.41322e-34 1.1516e-34 5.48887e-35 2.61306e-35 1.24253e-35
2.63262e-12 7.63301e-12 1.36982e-11 1.92582e-11 2.31655e-11 2.49358e-11 2.46672e-11 2.28182e-11 1.99785e-11 1.67033e-11 1.34247e-11 1.04264e-11 7.85771e-12 5.76576e-12 4.13074e-12 2.89617e-12 1.99115e-12 1.34465e-12 8.93241e-13 5.84443e-13 3.77063e-13 2.40113e-13 1.51052e-13 9.39489e-14 5.78115e-14 3.52185e-14 2.12526e-14 1.27106e-14 7.53771e-15 4.43427e-15 2.58873e-15 1.50036e-15 8.63567e-16 4.9377e-16 2.80549e-16 1.58441e-16 8.89625e-17 4.96745e-17 2.75894e-17 1.52448e-17 8.38218e-18 4.58698e-18 2.49866e-18 1.35508e-18 7.31764e-19 3.93536e-19 2.10798e-19 1.12479e-19 5.97932e-20 3.16709e-20 1.67165e-20 8.79327e-21 4.61021e-21 2.40933e-21 1.25521e-21 6.5196e-22 3.37632e-22 1.74349e-22 8.97809e-23 4.61068e-23 2.36154e-23 1.20643e-23 6.14773e-24 3.12507e-24 1.58476e-24 8.01766e-25 4.04706e-25 2.03826e-25 1.02431e-25 5.13662e-26 2.57049e-26 1.28371e-26 6.39807e-27 3.1826e-27 1.5801e-27 7.83018e-28 3.87312e-28 1.91236e-28 9.42563e-29 4.63768e-29 2.27801e-29 1.11709e-29 5.46904e-30 2.67325e-30 1.30462e-30 6.35714e-31 3.09301e-31 1.50264e-31 7.28943e-32 3.5311e-32 1.7081e-32 8.25118e-33 3.9804e-33 1.91759e-33 9.22603e-34 4.43313e-34 2.12742e-34 1.01965e-34 4.88108e-35 2.33374e-35 1.11448e-35
1.06343e-12 3.18026e-12 5.85361e-12 8.41312e-12 1.03229e-11 1.13158e-11 1.13847e-11 1.06996e-11 9.50936e-12 8.06434e-12 6.57006e-12 5.16953e-12 3.945e-12 2.92985e-12 2.12363e-12 1.50584e-12 1.04668e-12 7.14399e-13 4.79513e-13 3.16926e-13 2.06494e-13 1.32766e-13 8.43105e-14 5.29227e-14 3.28608e-14 2.01963e-14 1.22935e-14 7.41519e-15 4.43427e-15 2.63007e-15 1.54787e-15 9.04254e-16 5.24544e-16 3.02238e-16 1.7303e-16 9.84508e-17 5.5687e-17 3.13205e-17 1.75204e-17 9.74963e-18 5.3982e-18 2.97444e-18 1.6313e-18 8.9065e-19 4.84162e-19 2.62089e-19 1.413e-19 7.58801e-20 4.05938e-20 2.16366e-20 1.14912e-20 6.0818e-21 3.20802e-21 1.68664e-21 8.83945e-22 4.61835e-22 2.40571e-22 1.24948e-22 6.47109e-23 3.34212e-23 1.72144e-23 8.84337e-24 4.53135e-24 2.31605e-24 1.18088e-24 6.0066e-25 3.04816e-25 1.54332e-25 7.79664e-26 3.93019e-26 1.97694e-26 9.92363e-27 4.97121e-27 2.48534e-27 1.24012e-27 6.17603e-28 3.07002e-28 1.52327e-28 7.54449e-29 3.73007e-29 1.841e-29 9.07096e-30 4.46201e-30 2.19128e-30 1.07441e-30 5.25967e-31 2.57085e-31 1.25469e-31 6.1143e-32 2.97525e-32 1.44569e-32 7.01476e-33 3.39897e-33 1.64471e-33 7.94778e-34 3.83557e-34 1.84863e-34 8.89845e-35 4.27792e-35 2.05406e-35 9.85065e-36
4.29566e-13 1.32381e-12 2.49748e-12 3.66772e-12 4.58851e-12 5.12023e-12 5.23742e-12 4.99931e-12 4.50889e-12 3.87746e-12 3.20136e-12 2.5513e-12 1.97102e-12 1.48126e-12 1.08601e-12 7.78661e-13 5.47089e-13 3.77331e-13 2.55859e-13 1.70791e-13 1.12361e-13 7.29289e-14 4.67422e-14 2.96072e-14 1.85473e-14 1.14986e-14 7.05905e-15 4.29361e-15 2.58873e-15 1.54787e-15 9.18224e-16 5.40619e-16 3.16022e-16 1.83471e-16 1.05821e-16 6.06538e-17 3.45568e-17 1.95752e-17 1.10275e-17 6.17925e-18 3.44486e-18 1.91103e-18 1.05511e-18 5.79878e-19 3.17287e-19 1.72866e-19 9.3793e-20 5.06864e-20 2.72853e-20 1.46331e-20 7.81914e-21 4.1634e-21 2.20926e-21 1.16842e-21 6.15949e-22 3.23686e-22 1.6958e-22 8.85786e-23 4.61344e-23 2.39603e-23 1.24098e-23 6.41022e-24 3.3025e-24 1.69709e-24 8.69927e-25 4.44841e-25 2.26931e-25 1.15498e-25 5.86505e-26 2.97169e-26 1.50243e-26 7.57987e-27 3.81617e-27 1.91739e-27 9.61457e-28 4.81174e-28 2.40351e-28 1.19833e-28 5.96361e-29 2.96253e-29 1.4691e-29 7.27255e-30 3.59407e-30 1.77322e-30 8.73436e-31 4.29538e-31 2.10906e-31 1.03396e-31 5.06128e-32 2.47382e-32 1.20737e-32 5.88416e-33 2.86361e-33 1.39168e-33 6.75413e-34 3.27352e-34 1.58447e-34 7.65927e-35 3.69772e-35 1.78292e-35 8.586e-36
1.73521e-13 5.50567e-13 1.06399e-12 1.59581e-12 2.03473e-12 2.31049e-12 2.40204e-12 2.32803e-12 2.13012e-12 1.85707e-12 1.55344e-12 1.25362e-12 9.80241e-13 7.45289e-13 5.526e-13 4.00547e-13 2.84415e-13 1.98189e-13 1.35738e-13 9.14949e-14 6.07686e-14 3.98105e-14 2.57485e-14 1.64552e-14 1.03984e-14 6.50188e-15 4.02512e-15 2.46845e-15 1.50036e-15 9.04254e-16 5.40619e-16 3.20751e-16 1.88918e-16 1.10498e-16 6.4201e-17 3.70648e-17 2.12681e-17 1.21325e-17 6.88217e-18 3.88286e-18 2.1793e-18 1.21704e-18 6.76378e-19 3.74154e-19 2.06041e-19 1.12971e-19 6.1681e-20 3.35403e-20 1.81664e-20 9.80188e-21 5.26915e-21 2.82234e-21 1.50648e-21 8.0139e-22 4.24906e-22 2.2457e-22 1.1832e-22 6.21504e-23 3.25499e-23 1.69983e-23 8.85207e-24 4.59724e-24 2.38118e-24 1.23015e-24 6.33903e-25 3.25845e-25 1.67089e-25 8.54788e-26 4.3628e-26 2.22173e-26 1.1289e-26 5.7238e-27 2.89597e-27 1.46219e-27 7.36773e-28 3.70511e-28 1.85962e-28 9.31578e-29 4.65804e-29 2.32484e-29 1.15825e-29 5.7603e-30 2.85982e-30 1.41741e-30 7.01344e-31 3.46463e-31 1.70877e-31 8.41452e-32 4.13715e-32 2.03102e-32 9.95581e-33 4.87306e-33 2.38177e-33 1.16247e-33 5.66577e-34 2.75765e-34 1.34039e-34 6.50652e-35 3.15426e-35 1.52717e-35 7.38462e-36
7.00926e-14 2.28789e-13 4.5265e-13 6.93038e-13 9.00251e-13 1.03989e-12 1.09844e-12 1.08062e-12 1.00283e-12 8.86119e-13 7.50821e-13 6.13421e-13 4.85366e-13 3.73271e-13 2.7984e-13 2.05022e-13 1.471e-13 1.03544e-13 7.1617e-14 4.87389e-14 3.26753e-14 2.16027e-14 1.40975e-14 9.08849e-15 5.79266e-15 3.65256e-15 2.2799e-15 1.40953e-15 8.63567e-16 5.24544e-16 3.16022e-16 1.88918e-16 1.12101e-16 6.60493e-17 3.86535e-17 2.24747e-17 1.29868e-17 7.45976e-18 4.26051e-18 2.41997e-18 1.36728e-18 7.68585e-19 4.29923e-19 2.39348e-19 1.32641e-19 7.31822e-20 4.02043e-20 2.19958e-20 1.19858e-20 6.50584e-21 3.51806e-21 1.89546e-21 1.01761e-21 5.44446e-22 2.90316e-22 1.54302e-22 8.17515e-23 4.31797e-23 2.27384e-23 1.1939e-23 6.25086e-24 3.26365e-24 1.69937e-24 8.82524e-25 4.57133e-25 2.36191e-25 1.21735e-25 6.25927e-26 3.21077e-26 1.64323e-26 8.3909e-27 4.27528e-27 2.17363e-27 1.10279e-27 5.58346e-28 2.82122e-28 1.42269e-28 7.16046e-29 3.59705e-29 1.80361e-29 9.02702e-30 4.50991e-30 2.2492e-30 1.11979e-30 5.5656e-31 2.76162e-31 1.36807e-31 6.76633e-32 3.3413e-32 1.64742e-32 8.11025e-33 3.98671e-33 1.95684e-33 9.59113e-34 4.69425e-34 2.29433e-34 1.11982e-34 5.45826e-35 2.65694e-35 1.29163e-35 6.27101e-36
