0.400967 0.134553 0.0451519 0.0151516 0.00508444 0.00170619 0.000572546 0.00019213 6.4473e-05 2.16352e-05 7.26015e-06 2.43629e-06 8.17548e-07 2.74345e-07 9.2062e-08 3.08933e-08 1.03669e-08 3.47882e-09 1.16739e-09 3.91741e-10 1.31457e-10 4.4113e-11 1.4803e-11 4.96746e-12 1.66693e-12 5.59373e-13 1.87709e-13 6.29896e-14 2.11375e-14 7.09311e-15 2.38024e-15 7.98738e-16 2.68033e-16 8.99439e-17 3.01825e-17 1.01284e-17 3.39878e-18 1.14053e-18 3.82728e-19 1.28432e-19 4.30981e-20 1.44624e-20 4.85317e-21 1.62858e-21 5.46503e-22 1.8339e-22 6.15404e-23 2.06511e-23 6.92991e-24 2.32547e-24 7.8036e-25 2.61866e-25 8.78744e-26 2.94881e-26 9.89532e-27 3.32058e-27 1.11429e-27 3.73922e-28 1.25477e-28 4.21065e-29 1.41297e-29 4.7415e-30 1.59111e-30 5.33929e-31 1.79171e-31 6.01244e-32 2.0176e-32 6.77047e-33 2.27197e-33 7.62406e-34 2.55841e-34 8.58526e-35 2.88096e-35 9.66765e-36 3.24418e-36 1.08865e-36 3.65319e-37 1.2259e-37 4.11377e-38 1.38046e-38 4.63241e-39 1.5545e-39 5.21644e-40 1.75048e-40 5.87411e-41 1.97118e-41 6.61469e-42 2.2197e-42 7.44864e-43 2.49954e-43 8.38773e-44 2.81467e-44 9.44522e-45 3.16954e-45 1.0636e-45 3.56914e-46 1.1977e-46 4.01912e-47 1.3487e-47 4.52583e-48 1.51873e-48
0.134553 0.061391 0.0260504 0.0105704 0.00416075 0.00160214 0.000606733 0.00022679 8.38851e-05 3.07605e-05 1.11986e-05 4.05194e-06 1.45838e-06 5.225e-07 1.86447e-07 6.62945e-08 2.34976e-08 8.30497e-09 2.9278e-09 1.02976e-09 3.61423e-10 1.26607e-10 4.42721e-11 1.54559e-11 5.38773e-12 1.87547e-12 6.52009e-13 2.26397e-13 7.85232e-14 2.72061e-14 9.41685e-15 3.25642e-15 1.12511e-15 3.88408e-16 1.33981e-16 4.61824e-17 1.59076e-17 5.47579e-18 1.8837e-18 6.47616e-19 2.22522e-19 7.64174e-20 2.62291e-20 8.99828e-21 3.08551e-21 1.05754e-21 3.62307e-22 1.24072e-22 4.24712e-23 1.45327e-23 4.97094e-24 1.69971e-24 5.80976e-25 1.98517e-25 6.78109e-26 2.31561e-26 7.90498e-27 2.69781e-27 9.20448e-28 3.13957e-28 1.0706e-28 3.64984e-29 1.24398e-29 4.23888e-30 1.44407e-30 4.91842e-31 1.67483e-31 5.70194e-32 1.94082e-32 6.60485e-33 2.24727e-33 7.64478e-34 2.60013e-34 8.84196e-35 3.00626e-35 1.02195e-35 3.47345e-36 1.18038e-36 4.01066e-37 1.36252e-37 4.62813e-38 1.57182e-38 5.33754e-39 1.81225e-39 6.15226e-40 2.08831e-40 7.08757e-41 2.40517e-41 8.16093e-42 2.76874e-42 9.39229e-43 3.18574e-43 1.08044e-43 3.6639e-44 1.24233e-44 4.21197e-45 1.42787e-45 4.84001e-46 1.64044e-46 5.55946e-47 1.88392e-47
0.0451519 0.0260504 0.0130567 0.00605013 0.00266426 0.00113166 0.000467826 0.000189342 7.53338e-05 2.95534e-05 1.14571e-05 4.39687e-06 1.67267e-06 6.31475e-07 2.36794e-07 8.82633e-08 3.27233e-08 1.20735e-08 4.43515e-09 1.62275e-09 5.91575e-10 2.14939e-10 7.78544e-11 2.81198e-11 1.01297e-11 3.64007e-12 1.30506e-12 4.66897e-13 1.66702e-13 5.94077e-14 2.11337e-14 7.50558e-15 2.66139e-15 9.42294e-16 3.33159e-16 1.17635e-16 4.14828e-17 1.46108e-17 5.14023e-18 1.8064e-18 6.34149e-19 2.224e-19 7.79222e-20 2.72766e-20 9.53979e-21 3.33366e-21 1.164e-21 4.06114e-22 1.41586e-22 4.93262e-23 1.71726e-23 5.97454e-24 2.07728e-24 7.21796e-25 2.50654e-25 8.6993e-26 3.01752e-26 1.04612e-26 3.62482e-27 1.25536e-27 4.34551e-28 1.5035e-28 5.19958e-29 1.79737e-29 6.21037e-30 2.14494e-30 7.40514e-31 2.55552e-31 8.81569e-32 3.03998e-32 1.04791e-32 3.61098e-33 1.24386e-33 4.28326e-34 1.47446e-34 5.07402e-35 1.74556e-35 6.00322e-36 2.06397e-36 7.09411e-37 2.43763e-37 8.37371e-38 2.87574e-38 9.87339e-39 3.38899e-39 1.16296e-39 3.98981e-40 1.36847e-40 4.69259e-41 1.60876e-41 5.51405e-42 1.88953e-42 6.47356e-43 2.21738e-43 7.59356e-44 2.59993e-44 8.90004e-45 3.04605e-45 1.04231e-45 3.56596e-46 1.21976e-46
0.0151516 0.0105704 0.00605013 0.003119 0.00150443 0.00069248 0.000307763 0.00013308 5.62846e-05 2.33725e-05 9.55677e-06 3.85628e-06 1.53831e-06 6.07502e-07 2.37787e-07 9.23381e-08 3.56025e-08 1.36391e-08 5.19458e-09 1.96788e-09 7.41867e-10 2.78419e-10 1.04056e-10 3.87404e-11 1.43717e-11 5.31379e-12 1.95861e-12 7.19825e-13 2.63825e-13 9.6447e-14 3.51729e-14 1.27977e-14 4.64641e-15 1.6835e-15 6.08784e-16 2.19741e-16 7.91768e-17 2.84811e-17 1.02288e-17 3.668e-18 1.31342e-18 4.69649e-19 1.67712e-19 5.98136e-20 2.13061e-20 7.58049e-21 2.69401e-21 9.56376e-22 3.3916e-22 1.20155e-22 4.25263e-23 1.50372e-23 5.31229e-24 1.87507e-24 6.61285e-25 2.33026e-25 8.20497e-26 2.88681e-26 1.01493e-26 3.5657e-27 1.25184e-27 4.392e-28 1.5399e-28 5.39565e-29 1.88942e-29 6.61229e-30 2.31272e-30 8.08439e-31 2.82444e-31 9.86243e-32 3.44198e-32 1.20064e-32 4.18602e-33 1.45874e-33 5.08105e-34 1.769e-34 6.15612e-35 2.14139e-35 7.44562e-36 2.58776e-36 8.99021e-37 3.12207e-37 1.0838e-37 3.76086e-38 1.30456e-38 4.52361e-39 1.56802e-39 5.43333e-40 1.88206e-40 6.51711e-41 2.25598e-41 7.80687e-42 2.70074e-42 9.34018e-43 3.22922e-43 1.11612e-43 3.85655e-44 1.33219e-44 4.60055e-45 1.58831e-45 5.48209e-46
0.00508444 0.00416075 0.00266426 0.00150443 0.000784782 0.000387245 0.000183291 8.39728e-05 3.74701e-05 1.63585e-05 7.01105e-06 2.95764e-06 1.23064e-06 5.05902e-07 2.05755e-07 8.28849e-08 3.31026e-08 1.31179e-08 5.16165e-09 2.01789e-09 7.84194e-10 3.03087e-10 1.16549e-10 4.46074e-11 1.69982e-11 6.45092e-12 2.43883e-12 9.18719e-13 3.44922e-13 1.29087e-13 4.81661e-14 1.79214e-14 6.65029e-15 2.46153e-15 9.08914e-16 3.34845e-16 1.23089e-16 4.51531e-17 1.65308e-17 6.04055e-18 2.20328e-18 8.0225e-19 2.91625e-19 1.05839e-19 3.83532e-20 1.38777e-20 5.01435e-21 1.80934e-21 6.52011e-22 2.3466e-22 8.43515e-23 3.02854e-23 1.08613e-23 3.89088e-24 1.39236e-24 4.97749e-25 1.77761e-25 6.3422e-26 2.26068e-26 8.05086e-27 2.8646e-27 1.01839e-27 3.61746e-28 1.28394e-28 4.55348e-29 1.61366e-29 5.71426e-30 2.02206e-30 7.15028e-31 2.52671e-31 8.92278e-32 3.14893e-32 1.11058e-32 3.91445e-33 1.37889e-33 4.8544e-34 1.70802e-34 6.00628e-35 2.11097e-35 7.41529e-36 2.60344e-36 9.13579e-37 3.20427e-37 1.12331e-37 3.93609e-38 1.37856e-38 4.82605e-39 1.68874e-39 5.90669e-40 2.0651e-40 7.21696e-41 2.5211e-41 8.80342e-42 3.07285e-42 1.07217e-42 3.73958e-43 1.30383e-43 4.54421e-44 1.58322e-44 5.51408e-45 1.9198e-45
0.00170619 0.00160214 0.00113166 0.00069248 0.000387245 0.000203307 0.000101808 4.91257e-05 2.30039e-05 1.0507e-05 4.69896e-06 2.06378e-06 8.92241e-07 3.80437e-07 1.60229e-07 6.67455e-08 2.75294e-08 1.12531e-08 4.5624e-09 1.83596e-09 7.3374e-10 2.91382e-10 1.15035e-10 4.51671e-11 1.76443e-11 6.85995e-12 2.65523e-12 1.02346e-12 3.9294e-13 1.50305e-13 5.7293e-14 2.17666e-14 8.2436e-15 3.11279e-15 1.17207e-15 4.40137e-16 1.64857e-16 6.15975e-17 2.29617e-17 8.54029e-18 3.16966e-18 1.17398e-18 4.33966e-19 1.60114e-19 5.8968e-20 2.16793e-20 7.95691e-21 2.91569e-21 1.06675e-21 3.897e-22 1.42157e-22 5.17841e-23 1.88381e-23 6.84401e-24 2.48332e-24 8.99959e-25 3.25759e-25 1.1778e-25 4.25364e-26 1.53455e-26 5.53023e-27 1.99097e-27 7.16067e-28 2.57291e-28 9.23614e-29 3.31253e-29 1.18698e-29 4.24967e-30 1.5202e-30 5.43364e-31 1.9406e-31 6.92536e-32 2.46956e-32 8.79988e-33 3.13343e-33 1.11496e-33 3.96459e-34 1.40879e-34 5.00277e-35 1.7754e-35 6.29666e-36 2.23182e-36 7.90581e-37 2.79885e-37 9.90297e-38 3.50193e-38 1.23769e-38 4.37201e-39 1.54356e-39 5.44679e-40 1.92105e-40 6.77209e-41 2.38614e-41 8.40355e-42 2.9582e-42 1.04086e-42 3.66069e-43 1.2869e-43 4.52205e-44 1.58834e-44 5.57662e-45
0.000572546 0.000606733 0.000467826 0.000307763 0.000183291 0.000101808 5.36673e-05 2.71532e-05 1.32889e-05 6.32644e-06 2.94217e-06 1.34102e-06 6.00601e-07 2.6487e-07 1.15218e-07 4.95079e-08 2.10386e-08 8.85106e-09 3.68973e-09 1.52527e-09 6.25672e-10 2.54828e-10 1.03104e-10 4.14606e-11 1.6577e-11 6.59245e-12 2.60859e-12 1.02735e-12 4.02807e-13 1.57274e-13 6.11643e-14 2.36979e-14 9.14908e-15 3.5203e-15 1.35016e-15 5.16257e-16 1.96824e-16 7.48313e-17 2.83748e-17 1.07319e-17 4.04913e-18 1.52417e-18 5.72438e-19 2.14531e-19 8.02327e-20 2.99466e-20 1.11561e-20 4.14831e-21 1.53978e-21 5.70554e-22 2.11065e-22 7.79537e-23 2.87464e-23 1.05847e-23 3.89175e-24 1.42889e-24 5.23914e-25 1.91844e-25 7.01583e-26 2.56253e-26 9.34836e-27 3.40637e-27 1.2398e-27 4.50747e-28 1.63699e-28 5.93883e-29 2.15235e-29 7.79283e-30 2.81874e-30 1.01861e-30 3.67754e-31 1.32654e-31 4.78081e-32 1.72152e-32 6.19387e-33 2.22668e-33 7.99852e-34 2.87094e-34 1.0297e-34 3.69039e-35 1.32166e-35 4.73e-36 1.69161e-36 6.0457e-37 2.15925e-37 7.70689e-38 2.74902e-38 9.79955e-39 3.49116e-39 1.243e-39 4.42305e-40 1.57297e-40 5.59083e-41 1.98606e-41 7.05135e-42 2.5022e-42 8.87452e-43 3.14591e-43 1.11463e-43 3.94728e-44 1.39719e-44
0.00019213 0.00022679 0.000189342 0.00013308 8.39728e-05 4.91257e-05 2.71532e-05 1.43538e-05 7.31813e-06 3.62048e-06 1.74605e-06 8.23774e-07 3.81281e-07 1.73521e-07 7.77933e-08 3.44104e-08 1.50372e-08 6.49914e-09 2.78085e-09 1.17895e-09 4.95594e-10 2.06704e-10 8.55874e-11 3.5199e-11 1.43848e-11 5.84403e-12 2.36109e-12 9.48958e-13 3.79533e-13 1.51091e-13 5.9886e-14 2.36379e-14 9.29354e-15 3.64023e-15 1.42079e-15 5.52658e-16 2.14278e-16 8.2824e-17 3.19191e-17 1.22664e-17 4.70115e-18 1.79706e-18 6.8523e-19 2.60656e-19 9.89228e-20 3.74594e-20 1.41545e-20 5.33746e-21 2.00867e-21 7.54482e-22 2.82868e-22 1.05862e-22 3.95494e-23 1.47507e-23 5.49262e-24 2.04203e-24 7.58021e-25 2.80968e-25 1.03994e-25 3.84376e-26 1.41878e-26 5.22999e-27 1.92545e-27 7.07981e-28 2.60008e-28 9.53759e-29 3.49457e-29 1.27898e-29 4.67583e-30 1.70763e-30 6.22989e-31 2.27054e-31 8.26701e-32 3.00712e-32 1.09281e-32 3.96775e-33 1.4393e-33 5.21653e-34 1.88903e-34 6.83493e-35 2.47101e-35 8.9262e-36 3.22196e-36 1.16209e-36 4.18827e-37 1.50838e-37 5.42845e-38 1.95225e-38 7.01607e-39 2.51976e-39 9.04352e-40 3.24365e-40 1.16266e-40 4.16487e-41 1.49102e-41 5.33463e-42 1.90752e-42 6.81682e-43 2.43472e-43 8.69105e-44 3.10069e-44
6.4473e-05 8.38851e-05 7.53338e-05 5.62846e-05 3.74701e-05 2.30039e-05 1.32889e-05 7.31813e-06 3.87648e-06 1.98806e-06 9.91993e-07 4.83415e-07 2.30766e-07 1.08174e-07 4.98928e-08 2.26802e-08 1.01756e-08 4.51125e-09 1.97838e-09 8.58985e-10 3.69546e-10 1.57636e-10 6.67137e-11 2.80274e-11 1.16942e-11 4.84805e-12 1.99777e-12 8.18584e-13 3.33626e-13 1.35289e-13 5.46003e-14 2.19362e-14 8.7753e-15 3.49615e-15 1.38749e-15 5.48607e-16 2.16151e-16 8.48761e-17 3.32208e-17 1.29625e-17 5.04291e-18 1.9563e-18 7.56839e-19 2.92031e-19 1.12397e-19 4.31544e-20 1.65301e-20 6.31745e-21 2.40913e-21 9.16774e-22 3.4816e-22 1.31959e-22 4.99199e-23 1.88497e-23 7.10493e-24 2.67339e-24 1.00423e-24 3.76617e-25 1.41019e-25 5.27216e-26 1.96812e-26 7.3364e-27 2.73088e-27 1.01514e-27 3.76851e-28 1.39717e-28 5.17343e-29 1.91325e-29 7.06714e-30 2.60739e-30 9.60887e-31 3.53715e-31 1.30066e-31 4.77761e-32 1.75311e-32 6.42636e-33 2.35338e-33 8.60991e-34 3.14698e-34 1.14918e-34 4.19266e-35 1.52829e-35 5.56604e-36 2.02543e-36 7.36427e-37 2.67539e-37 9.7118e-38 3.52268e-38 1.27677e-38 4.62412e-39 1.6735e-39 6.05213e-40 2.18718e-40 7.89877e-41 2.85062e-41 1.02808e-41 3.70538e-42 1.33462e-42 4.80407e-43 1.72819e-43 6.2131e-44
2.16352e-05 3.07605e-05 2.95534e-05 2.33725e-05 1.63585e-05 1.0507e-05 6.32644e-06 3.62048e-06 1.98806e-06 1.05475e-06 5.43471e-07 2.73062e-07 1.34212e-07 6.46975e-08 3.0653e-08 1.42994e-08 6.57766e-09 2.98737e-09 1.34106e-09 5.95615e-10 2.6194e-10 1.1415e-10 4.93259e-11 2.11469e-11 8.99951e-12 3.80359e-12 1.59719e-12 6.66606e-13 2.76622e-13 1.14168e-13 4.68784e-14 1.9155e-14 7.79083e-15 3.15481e-15 1.27216e-15 5.10948e-16 2.04434e-16 8.14979e-17 3.2376e-17 1.28188e-17 5.05916e-18 1.99055e-18 7.80879e-19 3.05463e-19 1.19164e-19 4.63645e-20 1.79938e-20 6.9662e-21 2.69055e-21 1.03679e-21 3.98643e-22 1.5295e-22 5.85617e-23 2.23774e-23 8.53419e-24 3.24861e-24 1.23436e-24 4.68183e-25 1.77273e-25 6.70109e-26 2.52897e-26 9.52918e-27 3.5851e-27 1.34679e-27 5.05203e-28 1.89242e-28 7.079e-29 2.64449e-29 9.86605e-30 3.67613e-30 1.36803e-30 5.0848e-31 1.88772e-31 6.99997e-32 2.59277e-32 9.59295e-33 3.54545e-33 1.30897e-33 4.82772e-34 1.77875e-34 6.54725e-35 2.40759e-35 8.84495e-36 3.24643e-36 1.19048e-36 4.36166e-37 1.59663e-37 5.83962e-38 2.13404e-38 7.79227e-39 2.843e-39 1.03645e-39 3.77555e-40 1.37431e-40 4.9988e-41 1.81689e-41 6.59905e-42 2.39512e-42 8.68706e-43 3.14864e-43 1.14047e-43
7.26015e-06 1.11986e-05 1.14571e-05 9.55677e-06 7.01105e-06 4.69896e-06 2.94217e-06 1.74605e-06 9.91993e-07 5.43471e-07 2.8869e-07 1.49319e-07 7.54548e-08 3.73533e-08 1.81557e-08 8.68066e-09 4.08915e-09 1.90037e-09 8.72317e-10 3.95894e-10 1.77801e-10 7.90825e-11 3.48589e-11 1.52371e-11 6.60825e-12 2.84497e-12 1.21639e-12 5.16709e-13 2.18151e-13 9.157e-14 3.82268e-14 1.58754e-14 6.56045e-15 2.69838e-15 1.10491e-15 4.50502e-16 1.82934e-16 7.39942e-17 2.98181e-17 1.19731e-17 4.7912e-18 1.91095e-18 7.59765e-19 3.01152e-19 1.19019e-19 4.69053e-20 1.8435e-20 7.2264e-21 2.82552e-21 1.10207e-21 4.28834e-22 1.66484e-22 6.44899e-23 2.49274e-23 9.61513e-24 3.70131e-24 1.42202e-24 5.45288e-25 2.08711e-25 7.97413e-26 3.04133e-26 1.15799e-26 4.40181e-27 1.67055e-27 6.33004e-28 2.39493e-28 9.04759e-29 3.41307e-29 1.28571e-29 4.83665e-30 1.81703e-30 6.81728e-31 2.55449e-31 9.55989e-32 3.57332e-32 1.33405e-32 4.97472e-33 1.85297e-33 6.89418e-34 2.56226e-34 9.51265e-35 3.52797e-35 1.30709e-35 4.83782e-36 1.78883e-36 6.60799e-37 2.43872e-37 8.99194e-38 3.31247e-38 1.21917e-38 4.48332e-39 1.64727e-39 6.04736e-40 2.21825e-40 8.13025e-41 2.97752e-41 1.0896e-41 3.98426e-42 1.45581e-42 5.31545e-43 1.93937e-43
2.43629e-06 4.05194e-06 4.39687e-06 3.85628e-06 2.95764e-06 2.06378e-06 1.34102e-06 8.23774e-07 4.83415e-07 2.73062e-07 1.49319e-07 7.93975e-08 4.11968e-08 2.09182e-08 1.04186e-08 5.09998e-09 2.45766e-09 1.16757e-09 5.47494e-10 2.53672e-10 1.16243e-10 5.27246e-11 2.3688e-11 1.05485e-11 4.6586e-12 2.04147e-12 8.88098e-13 3.83701e-13 1.64705e-13 7.0268e-14 2.98047e-14 1.25724e-14 5.2757e-15 2.20281e-15 9.15399e-16 3.78683e-16 1.55978e-16 6.39808e-17 2.61406e-17 1.06397e-17 4.31481e-18 1.7437e-18 7.02295e-19 2.81942e-19 1.12835e-19 4.50221e-20 1.79121e-20 7.10643e-21 2.81179e-21 1.10963e-21 4.36797e-22 1.71521e-22 6.71936e-23 2.62628e-23 1.02421e-23 3.98569e-24 1.54777e-24 5.99831e-25 2.32003e-25 8.95626e-26 3.45104e-26 1.32735e-26 5.09632e-27 1.95336e-27 7.47447e-28 2.85544e-28 1.08912e-28 4.14768e-29 1.57718e-29 5.98849e-30 2.27054e-30 8.59673e-31 3.25044e-31 1.22736e-31 4.6284e-32 1.74316e-32 6.55695e-33 2.4634e-33 9.24381e-34 3.46465e-34 1.29709e-34 4.8506e-35 1.81195e-35 6.76127e-36 2.52032e-36 9.38501e-37 3.49121e-37 1.29744e-37 4.817e-38 1.78671e-38 6.62102e-39 2.45131e-39 9.06738e-40 3.35106e-40 1.23739e-40 4.56524e-41 1.68289e-41 6.19862e-42 2.2813e-42 8.38934e-43 3.08273e-43
8.17548e-07 1.45838e-06 1.67267e-06 1.53831e-06 1.23064e-06 8.92241e-07 6.00601e-07 3.81281e-07 2.30766e-07 1.34212e-07 7.54548e-08 4.11968e-08 2.19237e-08 1.14059e-08 5.81529e-09 2.91158e-09 1.43401e-09 6.95797e-10 3.33021e-10 1.57399e-10 7.35343e-11 3.39868e-11 1.55521e-11 7.05052e-12 3.1686e-12 1.41243e-12 6.24782e-13 2.74378e-13 1.19676e-13 5.1863e-14 2.23384e-14 9.56591e-15 4.07384e-15 1.72584e-15 7.27482e-16 3.05189e-16 1.27448e-16 5.29907e-17 2.19406e-17 9.04807e-18 3.71698e-18 1.52131e-18 6.20443e-19 2.52173e-19 1.02156e-19 4.12523e-20 1.66074e-20 6.66606e-21 2.66806e-21 1.06493e-21 4.23922e-22 1.68317e-22 6.66624e-23 2.63378e-23 1.03814e-23 4.08263e-24 1.602e-24 6.27263e-25 2.45092e-25 9.5571e-26 3.71933e-26 1.44467e-26 5.60095e-27 2.16752e-27 8.37324e-28 3.22905e-28 1.24315e-28 4.77815e-29 1.83358e-29 7.02525e-30 2.68758e-30 1.02663e-30 3.91592e-31 1.49155e-31 5.67335e-32 2.15502e-32 8.17497e-33 3.09712e-33 1.17187e-33 4.42852e-34 1.67152e-34 6.30154e-35 2.37288e-35 8.92502e-36 3.35318e-36 1.25843e-36 4.71772e-37 1.76677e-37 6.60964e-38 2.47023e-38 9.22281e-39 3.44007e-39 1.2819e-39 4.77237e-40 1.77506e-40 6.59629e-41 2.44906e-41 9.0849e-42 3.3672e-42 1.24695e-42 4.61394e-43
2.74345e-07 5.225e-07 6.31475e-07 6.07502e-07 5.05902e-07 3.80437e-07 2.6487e-07 1.73521e-07 1.08174e-07 6.46975e-08 3.73533e-08 2.09182e-08 1.14059e-08 6.07409e-09 3.16727e-09 1.62056e-09 8.15076e-10 4.03601e-10 1.97016e-10 9.49179e-11 4.51779e-11 2.12629e-11 9.90334e-12 4.56779e-12 2.08771e-12 9.46062e-13 4.25282e-13 1.89734e-13 8.40439e-14 3.69768e-14 1.61647e-14 7.02367e-15 3.03422e-15 1.30358e-15 5.57119e-16 2.36908e-16 1.00261e-16 4.22367e-17 1.7715e-17 7.3988e-18 3.07769e-18 1.27527e-18 5.26446e-19 2.16543e-19 8.87623e-20 3.62628e-20 1.47671e-20 5.99481e-21 2.42633e-21 9.79176e-22 3.94049e-22 1.58145e-22 6.33019e-23 2.52736e-23 1.00656e-23 3.99915e-24 1.58519e-24 6.26918e-25 2.4739e-25 9.74147e-26 3.82791e-26 1.50113e-26 5.87514e-27 2.29501e-27 8.94824e-28 3.48256e-28 1.35297e-28 5.24717e-29 2.03155e-29 7.85259e-30 3.0304e-30 1.16762e-30 4.49199e-31 1.72553e-31 6.61866e-32 2.5351e-32 9.69638e-33 3.70364e-33 1.41275e-33 5.38185e-34 2.04757e-34 7.78037e-35 2.95274e-35 1.11925e-35 4.23753e-36 1.60249e-36 6.05319e-37 2.28396e-37 8.60834e-38 3.24103e-38 1.21896e-38 4.57983e-39 1.71897e-39 6.44547e-40 2.41444e-40 9.03572e-41 3.37831e-41 1.26193e-41 4.7095e-42 1.75601e-42 6.5418e-43
9.2062e-08 1.86447e-07 2.36794e-07 2.37787e-07 2.05755e-07 1.60229e-07 1.15218e-07 7.77933e-08 4.98928e-08 3.0653e-08 1.81557e-08 1.04186e-08 5.81529e-09 3.16727e-09 1.6877e-09 8.81768e-10 4.52556e-10 2.28528e-10 1.13697e-10 5.57987e-11 2.70405e-11 1.29515e-11 6.1362e-12 2.87784e-12 1.33692e-12 6.15561e-13 2.81058e-13 1.27318e-13 5.72455e-14 2.5558e-14 1.13346e-14 4.9949e-15 2.18788e-15 9.52839e-16 4.12699e-16 1.77816e-16 7.62316e-17 3.25249e-17 1.38134e-17 5.84081e-18 2.45928e-18 1.03128e-18 4.3077e-19 1.79258e-19 7.43254e-20 3.07097e-20 1.26458e-20 5.19043e-21 2.12369e-21 8.66273e-22 3.52321e-22 1.42883e-22 5.77862e-23 2.33079e-23 9.37673e-24 3.76274e-24 1.50624e-24 6.0152e-25 2.39664e-25 9.52749e-26 3.77924e-26 1.49592e-26 5.90895e-27 2.32936e-27 9.16454e-28 3.59876e-28 1.41053e-28 5.51854e-29 2.15523e-29 8.4025e-30 3.27031e-30 1.27072e-30 4.92961e-31 1.90936e-31 7.38404e-32 2.85131e-32 1.0994e-32 4.23291e-33 1.62746e-33 6.24855e-34 2.39586e-34 9.17421e-35 3.50842e-35 1.33999e-35 5.11155e-36 1.94748e-36 7.41091e-37 2.81683e-37 1.06942e-37 4.05554e-38 1.53627e-38 5.81314e-39 2.19731e-39 8.29694e-40 3.12966e-40 1.17933e-40 4.43961e-41 1.66967e-41 6.27333e-42 2.35482e-42 8.83109e-43
3.08933e-08 6.62945e-08 8.82633e-08 9.23381e-08 8.28849e-08 6.67455e-08 4.95079e-08 3.44104e-08 2.26802e-08 1.42994e-08 8.68066e-09 5.09998e-09 2.91158e-09 1.62056e-09 8.81768e-10 4.70095e-10 2.46032e-10 1.26616e-10 6.41634e-11 3.20573e-11 1.5808e-11 7.70101e-12 3.70945e-12 1.76803e-12 8.34416e-13 3.90167e-13 1.80857e-13 8.31479e-14 3.79313e-14 1.71773e-14 7.72483e-15 3.45105e-15 1.53209e-15 6.76105e-16 2.96664e-16 1.29463e-16 5.6203e-17 2.42776e-17 1.04369e-17 4.46628e-18 1.90284e-18 8.07272e-19 3.41087e-19 1.43551e-19 6.01869e-20 2.51428e-20 1.04663e-20 4.34209e-21 1.79546e-21 7.40063e-22 3.04107e-22 1.24592e-22 5.08977e-23 2.07344e-23 8.42372e-24 3.41328e-24 1.37952e-24 5.56169e-25 2.23684e-25 8.97515e-26 3.59299e-26 1.43518e-26 5.72022e-27 2.27512e-27 9.03034e-28 3.57712e-28 1.41421e-28 5.58043e-29 2.19793e-29 8.64115e-30 3.39125e-30 1.32861e-30 5.19636e-31 2.02901e-31 7.90982e-32 3.07867e-32 1.19644e-32 4.64257e-33 1.79881e-33 6.95959e-34 2.68885e-34 1.0374e-34 3.99699e-35 1.53795e-35 5.90996e-36 2.26814e-36 8.69381e-37 3.32825e-37 1.27261e-37 4.8603e-38 1.85406e-38 7.06465e-39 2.68887e-39 1.02228e-39 3.88243e-40 1.4729e-40 5.58205e-41 2.11333e-41 7.9929e-42 3.02003e-42 1.13998e-42
1.03669e-08 2.34976e-08 3.27233e-08 3.56025e-08 3.31026e-08 2.75294e-08 2.10386e-08 1.50372e-08 1.01756e-08 6.57766e-09 4.08915e-09 2.45766e-09 1.43401e-09 8.15076e-10 4.52556e-10 2.46032e-10 1.31225e-10 6.87829e-11 3.54829e-11 1.80378e-11 9.04607e-12 4.47995e-12 2.19282e-12 1.06167e-12 5.0878e-13 2.41493e-13 1.13594e-13 5.29796e-14 2.45114e-14 1.12544e-14 5.13024e-15 2.32261e-15 1.04468e-15 4.66968e-16 2.075e-16 9.1683e-17 4.02909e-17 1.76146e-17 7.66268e-18 3.31754e-18 1.42975e-18 6.1347e-19 2.62111e-19 1.11533e-19 4.72731e-20 1.99607e-20 8.39743e-21 3.5203e-21 1.47071e-21 6.12406e-22 2.5419e-22 1.0518e-22 4.33909e-23 1.78484e-23 7.32106e-24 2.99471e-24 1.22174e-24 4.9714e-25 2.01783e-25 8.17011e-26 3.30017e-26 1.32996e-26 5.34762e-27 2.1455e-27 8.58944e-28 3.43158e-28 1.36817e-28 5.44404e-29 2.16203e-29 8.56997e-30 3.39074e-30 1.33914e-30 5.27947e-31 2.07781e-31 8.16376e-32 3.20227e-32 1.25408e-32 4.90351e-33 1.91434e-33 7.4623e-34 2.90459e-34 1.12893e-34 4.38157e-35 1.6982e-35 6.5729e-36 2.54064e-36 9.80752e-37 3.78109e-37 1.45588e-37 5.59883e-38 2.15051e-38 8.25023e-39 3.16142e-39 1.21004e-39 4.62622e-40 1.76673e-40 6.73973e-41 2.56832e-41 9.77682e-42 3.7179e-42 1.41239e-42
3.47882e-09 8.30497e-09 1.20735e-08 1.36391e-08 1.31179e-08 1.12531e-08 8.85106e-09 6.49914e-09 4.51125e-09 2.98737e-09 1.90037e-09 1.16757e-09 6.95797e-10 4.03601e-10 2.28528e-10 1.26616e-10 6.87829e-11 3.67007e-11 1.92629e-11 9.95844e-12 5.07669e-12 2.55463e-12 1.27007e-12 6.24342e-13 3.03688e-13 1.4626e-13 6.97857e-14 3.30054e-14 1.54807e-14 7.20405e-15 3.3275e-15 1.52608e-15 6.95192e-16 3.14657e-16 1.41549e-16 6.33033e-17 2.81521e-17 1.24527e-17 5.47997e-18 2.39965e-18 1.04581e-18 4.53711e-19 1.95973e-19 8.42897e-20 3.61062e-20 1.54056e-20 6.54829e-21 2.7732e-21 1.17029e-21 4.92171e-22 2.06298e-22 8.61936e-23 3.59005e-23 1.49077e-23 6.17232e-24 2.54828e-24 1.04917e-24 4.30798e-25 1.76428e-25 7.20704e-26 2.93678e-26 1.19383e-26 4.84163e-27 1.95907e-27 7.90935e-28 3.18632e-28 1.28091e-28 5.13865e-29 2.05734e-29 8.22065e-30 3.27848e-30 1.30504e-30 5.18534e-31 2.05661e-31 8.14262e-32 3.21834e-32 1.2699e-32 5.00261e-33 1.96754e-33 7.72624e-34 3.0293e-34 1.18594e-34 4.63594e-35 1.80961e-35 7.05364e-36 2.7456e-36 1.06725e-36 4.14301e-37 1.60618e-37 6.21886e-38 2.40479e-38 9.28763e-39 3.58263e-39 1.38032e-39 5.31183e-40 2.04177e-40 7.83928e-41 3.0065e-41 1.15178e-41 4.40766e-42 1.68495e-42
1.16739e-09 2.9278e-09 4.43515e-09 5.19458e-09 5.16165e-09 4.5624e-09 3.68973e-09 2.78085e-09 1.97838e-09 1.34106e-09 8.72317e-10 5.47494e-10 3.33021e-10 1.97016e-10 1.13697e-10 6.41634e-11 3.54829e-11 1.92629e-11 1.02817e-11 5.403e-12 2.79859e-12 1.43032e-12 7.21961e-13 3.60198e-13 1.77761e-13 8.68334e-14 4.20103e-14 2.0141e-14 9.57365e-15 4.51382e-15 2.11185e-15 9.80843e-16 4.52386e-16 2.07268e-16 9.43635e-17 4.27016e-17 1.92118e-17 8.59568e-18 3.82544e-18 1.69381e-18 7.46303e-19 3.27278e-19 1.42871e-19 6.20975e-20 2.68763e-20 1.1585e-20 4.97415e-21 2.1276e-21 9.06706e-22 3.85035e-22 1.62945e-22 6.87278e-23 2.88949e-23 1.21102e-23 5.06011e-24 2.10808e-24 8.75728e-25 3.62779e-25 1.49878e-25 6.17575e-26 2.53822e-26 1.0406e-26 4.25581e-27 1.73641e-27 7.06839e-28 2.87085e-28 1.16345e-28 4.70494e-29 1.89869e-29 7.64654e-30 3.07334e-30 1.23285e-30 4.9361e-31 1.97264e-31 7.86907e-32 3.13346e-32 1.24557e-32 4.9428e-33 1.95818e-33 7.74503e-34 3.05843e-34 1.20585e-34 4.747e-35 1.86592e-35 7.3236e-36 2.8703e-36 1.12335e-36 4.39033e-37 1.71351e-37 6.67872e-38 2.59973e-38 1.01065e-38 3.92397e-39 1.52163e-39 5.89331e-40 2.27976e-40 8.80855e-41 3.39951e-41 1.31049e-41 5.04617e-42 1.94094e-42
3.91741e-10 1.02976e-09 1.62275e-09 1.96788e-09 2.01789e-09 1.83596e-09 1.52527e-09 1.17895e-09 8.58985e-10 5.95615e-10 3.95894e-10 2.53672e-10 1.57399e-10 9.49179e-11 5.57987e-11 3.20573e-11 1.80378e-11 9.95844e-12 5.403e-12 2.88478e-12 1.51758e-12 7.87426e-13 4.03369e-13 2.04172e-13 1.02192e-13 5.06135e-14 2.48205e-14 1.20585e-14 5.80678e-15 2.77296e-15 1.31372e-15 6.17706e-16 2.88365e-16 1.33699e-16 6.15856e-17 2.81914e-17 1.2828e-17 5.80383e-18 2.61149e-18 1.16889e-18 5.20544e-19 2.3069e-19 1.01757e-19 4.46826e-20 1.95354e-20 8.5051e-21 3.68787e-21 1.59283e-21 6.85353e-22 2.9381e-22 1.25509e-22 5.34307e-23 2.26703e-23 9.58775e-24 4.04215e-24 1.69896e-24 7.11982e-25 2.97511e-25 1.23971e-25 5.15178e-26 2.13522e-26 8.82685e-27 3.6398e-27 1.49722e-27 6.1441e-28 2.51547e-28 1.02753e-28 4.18798e-29 1.70324e-29 6.91243e-30 2.79956e-30 1.13155e-30 4.56456e-31 1.83776e-31 7.38519e-32 2.96233e-32 1.1861e-32 4.74071e-33 1.89154e-33 7.53445e-34 2.99618e-34 1.18954e-34 4.71519e-35 1.86613e-35 7.3743e-36 2.9097e-36 1.1464e-36 4.51023e-37 1.77193e-37 6.95167e-38 2.72358e-38 1.06564e-38 4.16398e-39 1.62497e-39 6.33335e-40 2.46535e-40 9.585e-41 3.72205e-41 1.44364e-41 5.59282e-42 2.16424e-42
1.31457e-10 3.61423e-10 5.91575e-10 7.41867e-10 7.84194e-10 7.3374e-10 6.25672e-10 4.95594e-10 3.69546e-10 2.6194e-10 1.77801e-10 1.16243e-10 7.35343e-11 4.51779e-11 2.70405e-11 1.5808e-11 9.04607e-12 5.07669e-12 2.79859e-12 1.51758e-12 8.10493e-13 4.26786e-13 2.21796e-13 1.13856e-13 5.77771e-14 2.90039e-14 1.44122e-14 7.09305e-15 3.45929e-15 1.67265e-15 8.02184e-16 3.81744e-16 1.80328e-16 8.45849e-17 3.94097e-17 1.82441e-17 8.39408e-18 3.8394e-18 1.74623e-18 7.89918e-19 3.55467e-19 1.59162e-19 7.09221e-20 3.14561e-20 1.38893e-20 6.10624e-21 2.67333e-21 1.16567e-21 5.06295e-22 2.19072e-22 9.44455e-23 4.05727e-23 1.73697e-23 7.41143e-24 3.15213e-24 1.33642e-24 5.64873e-25 2.38051e-25 1.00031e-25 4.19162e-26 1.75162e-26 7.30028e-27 3.03469e-27 1.25832e-27 5.20471e-28 2.14763e-28 8.84103e-29 3.63122e-29 1.4881e-29 6.08508e-30 2.48298e-30 1.01106e-30 4.10862e-31 1.66629e-31 6.74467e-32 2.72485e-32 1.09879e-32 4.4228e-33 1.77706e-33 7.1277e-34 2.85398e-34 1.14084e-34 4.55285e-35 1.81402e-35 7.21629e-36 2.86624e-36 1.13671e-36 4.50133e-37 1.7799e-37 7.02789e-38 2.77104e-38 1.09108e-38 4.29026e-39 1.68472e-39 6.60699e-40 2.58773e-40 1.01224e-40 3.95463e-41 1.54311e-41 6.01404e-42 2.3411e-42
4.4113e-11 1.26607e-10 2.14939e-10 2.78419e-10 3.03087e-10 2.91382e-10 2.54828e-10 2.06704e-10 1.57636e-10 1.1415e-10 7.90825e-11 5.27246e-11 3.39868e-11 2.12629e-11 1.29515e-11 7.70101e-12 4.47995e-12 2.55463e-12 1.43032e-12 7.87426e-13 4.26786e-13 2.27991e-13 1.20161e-13 6.25359e-14 3.21636e-14 1.63598e-14 8.2348e-15 4.10434e-15 2.02667e-15 9.9194e-16 4.81444e-16 2.31817e-16 1.10777e-16 5.25546e-17 2.47613e-17 1.15896e-17 5.3904e-18 2.49197e-18 1.14536e-18 5.23507e-19 2.37999e-19 1.07643e-19 4.84446e-20 2.16983e-20 9.6739e-21 4.29383e-21 1.89767e-21 8.35199e-22 3.66112e-22 1.59863e-22 6.95416e-23 3.01409e-23 1.30175e-23 5.60287e-24 2.4035e-24 1.02771e-24 4.38059e-25 1.86151e-25 7.88691e-26 3.33189e-26 1.40363e-26 5.89687e-27 2.47076e-27 1.03254e-27 4.30412e-28 1.78972e-28 7.42394e-29 3.07228e-29 1.26849e-29 5.22562e-30 2.148e-30 8.81045e-31 3.60621e-31 1.47303e-31 6.00485e-32 2.44309e-32 9.92068e-33 4.02094e-33 1.62672e-33 6.56924e-34 2.64819e-34 1.06569e-34 4.28132e-35 1.71712e-35 6.87568e-36 2.74875e-36 1.09717e-36 4.37263e-37 1.74003e-37 6.91393e-38 2.74322e-38 1.08687e-38 4.30014e-39 1.69898e-39 6.70358e-40 2.64147e-40 1.03948e-40 4.08535e-41 1.60359e-41 6.2866e-42 2.46155e-42
1.4803e-11 4.42721e-11 7.78544e-11 1.04056e-10 1.16549e-10 1.15035e-10 1.03104e-10 8.55874e-11 6.67137e-11 4.93259e-11 3.48589e-11 2.3688e-11 1.55521e-11 9.90334e-12 6.1362e-12 3.70945e-12 2.19282e-12 1.27007e-12 7.21961e-13 4.03369e-13 2.21796e-13 1.20161e-13 6.42048e-14 3.3866e-14 1.76483e-14 9.09287e-15 4.63498e-15 2.33887e-15 1.16899e-15 5.79006e-16 2.84329e-16 1.38488e-16 6.69301e-17 3.21077e-17 1.5294e-17 7.23586e-18 3.4013e-18 1.58892e-18 7.37855e-19 3.40686e-19 1.56441e-19 7.14573e-20 3.24736e-20 1.46853e-20 6.60961e-21 2.96131e-21 1.32091e-21 5.8669e-22 2.59508e-22 1.14329e-22 5.01742e-23 2.19369e-23 9.55629e-24 4.1483e-24 1.79458e-24 7.73768e-25 3.32547e-25 1.42473e-25 6.08528e-26 2.59142e-26 1.10036e-26 4.65919e-27 1.96739e-27 8.2853e-28 3.48009e-28 1.45803e-28 6.09346e-29 2.54043e-29 1.05663e-29 4.38461e-30 1.81534e-30 7.49942e-31 3.09142e-31 1.27166e-31 5.2202e-32 2.13858e-32 8.74387e-33 3.56813e-33 1.4533e-33 5.9083e-34 2.39761e-34 9.71229e-35 3.9274e-35 1.58542e-35 6.38929e-36 2.57067e-36 1.03261e-36 4.14133e-37 1.65831e-37 6.63021e-38 2.6469e-38 1.05514e-38 4.20001e-39 1.66945e-39 6.62662e-40 2.62672e-40 1.0398e-40 4.11064e-41 1.62294e-41 6.3994e-42 2.52016e-42
4.96746e-12 1.54559e-11 2.81198e-11 3.87404e-11 4.46074e-11 4.51671e-11 4.14606e-11 3.5199e-11 2.80274e-11 2.11469e-11 1.52371e-11 1.05485e-11 7.05052e-12 4.56779e-12 2.87784e-12 1.76803e-12 1.06167e-12 6.24342e-13 3.60198e-13 2.04172e-13 1.13856e-13 6.25359e-14 3.3866e-14 1.80992e-14 9.55379e-15 4.98469e-15 2.57242e-15 1.31386e-15 6.64523e-16 3.32998e-16 1.65406e-16 8.14755e-17 3.98145e-17 1.93088e-17 9.29646e-18 4.44495e-18 2.11121e-18 9.96394e-19 4.67389e-19 2.17961e-19 1.01072e-19 4.66153e-20 2.13873e-20 9.76328e-21 4.43534e-21 2.00549e-21 9.0271e-22 4.04551e-22 1.80534e-22 8.02348e-23 3.55174e-23 1.5662e-23 6.8807e-24 3.01193e-24 1.3138e-24 5.71123e-25 2.4745e-25 1.06867e-25 4.60086e-26 1.97472e-26 8.45047e-27 3.60577e-27 1.53423e-27 6.51007e-28 2.75497e-28 1.16282e-28 4.89551e-29 2.0559e-29 8.61286e-30 3.59966e-30 1.50095e-30 6.24433e-31 2.59204e-31 1.07363e-31 4.43756e-32 1.83034e-32 7.53419e-33 3.09511e-33 1.26902e-33 5.19318e-34 2.12121e-34 8.64846e-35 3.51976e-35 1.42995e-35 5.79934e-36 2.34801e-36 9.49073e-37 3.82992e-37 1.54307e-37 6.20721e-38 2.49309e-38 9.99818e-39 4.00366e-39 1.60088e-39 6.39197e-40 2.54857e-40 1.01475e-40 4.03482e-41 1.60217e-41 6.35359e-42 2.51632e-42
1.66693e-12 5.38773e-12 1.01297e-11 1.43717e-11 1.69982e-11 1.76443e-11 1.6577e-11 1.43848e-11 1.16942e-11 8.99951e-12 6.60825e-12 4.6586e-12 3.1686e-12 2.08771e-12 1.33692e-12 8.34416e-13 5.0878e-13 3.03688e-13 1.77761e-13 1.02192e-13 5.77771e-14 3.21636e-14 1.76483e-14 9.55379e-15 5.10685e-15 2.69752e-15 1.409e-15 7.28222e-16 3.72625e-16 1.88869e-16 9.48726e-17 4.72502e-17 2.33413e-17 1.14412e-17 5.56663e-18 2.68924e-18 1.29038e-18 6.15138e-19 2.91417e-19 1.3723e-19 6.42505e-20 2.99152e-20 1.38543e-20 6.38317e-21 2.92637e-21 1.33516e-21 6.06353e-22 2.74137e-22 1.23403e-22 5.5317e-23 2.46958e-23 1.09818e-23 4.86478e-24 2.14704e-24 9.44172e-25 4.13753e-25 1.80698e-25 7.86555e-26 3.41276e-26 1.47612e-26 6.36524e-27 2.73663e-27 1.17317e-27 5.01511e-28 2.13798e-28 9.08997e-29 3.85463e-29 1.6304e-29 6.87889e-30 2.89524e-30 1.21567e-30 5.09254e-31 2.12845e-31 8.87618e-32 3.69353e-32 1.53367e-32 6.35497e-33 2.6279e-33 1.08451e-33 4.46691e-34 1.83631e-34 7.53473e-35 3.08594e-35 1.2616e-35 5.14854e-36 2.09744e-36 8.53011e-37 3.46331e-37 1.40383e-37 5.68111e-38 2.29543e-38 9.26018e-39 3.73001e-39 1.50019e-39 6.02481e-40 2.41606e-40 9.67507e-41 3.86893e-41 1.545e-41 6.16134e-42 2.45383e-42
5.59373e-13 1.87547e-12 3.64007e-12 5.31379e-12 6.45092e-12 6.85995e-12 6.59245e-12 5.84403e-12 4.84805e-12 3.80359e-12 2.84497e-12 2.04147e-12 1.41243e-12 9.46062e-13 6.15561e-13 3.90167e-13 2.41493e-13 1.4626e-13 8.68334e-14 5.06135e-14 2.90039e-14 1.63598e-14 9.09287e-15 4.98469e-15 2.69752e-15 1.44218e-15 7.62259e-16 3.98562e-16 2.06277e-16 1.0573e-16 5.36975e-17 2.7034e-17 1.34974e-17 6.68556e-18 3.28648e-18 1.60388e-18 7.77311e-19 3.74219e-19 1.79012e-19 8.51079e-20 4.02249e-20 1.8904e-20 8.8356e-21 4.10797e-21 1.90024e-21 8.74693e-22 4.0072e-22 1.82739e-22 8.2965e-23 3.7505e-23 1.6884e-23 7.57019e-24 3.38094e-24 1.50424e-24 6.66796e-25 2.94519e-25 1.29634e-25 5.68661e-26 2.48631e-26 1.08359e-26 4.7078e-27 2.03915e-27 8.80628e-28 3.7921e-28 1.62833e-28 6.97289e-29 2.97794e-29 1.26847e-29 5.38933e-30 2.28404e-30 9.65629e-31 4.07268e-31 1.71371e-31 7.1945e-32 3.01366e-32 1.25962e-32 5.25355e-33 2.18654e-33 9.08176e-34 3.76452e-34 1.55738e-34 6.43041e-35 2.65009e-35 1.09013e-35 4.47614e-36 1.83465e-36 7.50658e-37 3.06609e-37 1.25024e-37 5.08958e-38 2.06854e-38 8.39368e-39 3.40062e-39 1.37561e-39 5.55612e-40 2.2408e-40 9.02395e-41 3.62882e-41 1.4572e-41 5.84344e-42 2.34004e-42
1.87709e-13 6.52009e-13 1.30506e-12 1.95861e-12 2.43883e-12 2.65523e-12 2.60859e-12 2.36109e-12 1.99777e-12 1.59719e-12 1.21639e-12 8.88098e-13 6.24782e-13 4.25282e-13 2.81058e-13 1.80857e-13 1.13594e-13 6.97857e-14 4.20103e-14 2.48205e-14 1.44122e-14 8.2348e-15 4.63498e-15 2.57242e-15 1.409e-15 7.62259e-16 4.07591e-16 2.15556e-16 1.12816e-16 5.84634e-17 3.00139e-17 1.52716e-17 7.70467e-18 3.85567e-18 1.91461e-18 9.43723e-19 4.61876e-19 2.24519e-19 1.08429e-19 5.20371e-20 2.48235e-20 1.17731e-20 5.55256e-21 2.60468e-21 1.2155e-21 5.64385e-22 2.60789e-22 1.1994e-22 5.4912e-23 2.503e-23 1.13607e-23 5.13519e-24 2.31189e-24 1.03679e-24 4.63206e-25 2.06189e-25 9.14552e-26 4.04246e-26 1.78082e-26 7.81929e-27 3.42237e-27 1.49326e-27 6.49567e-28 2.81727e-28 1.21837e-28 5.25425e-29 2.25968e-29 9.69212e-30 4.14623e-30 1.76919e-30 7.5303e-31 3.19732e-31 1.35433e-31 5.72327e-32 2.41308e-32 1.01514e-32 4.26117e-33 1.78484e-33 7.4603e-34 3.11185e-34 1.29541e-34 5.38187e-35 2.23161e-35 9.23584e-36 3.81527e-36 1.57318e-36 6.4752e-37 2.66049e-37 1.09124e-37 4.46827e-38 1.82656e-38 7.4545e-39 3.03741e-39 1.23567e-39 5.01909e-40 2.03556e-40 8.24314e-41 3.33318e-41 1.34585e-41 5.4264e-42 2.18483e-42
6.29896e-14 2.26397e-13 4.66897e-13 7.19825e-13 9.18719e-13 1.02346e-12 1.02735e-12 9.48958e-13 8.18584e-13 6.66606e-13 5.16709e-13 3.83701e-13 2.74378e-13 1.89734e-13 1.27318e-13 8.31479e-14 5.29796e-14 3.30054e-14 2.0141e-14 1.20585e-14 7.09305e-15 4.10434e-15 2.33887e-15 1.31386e-15 7.28222e-16 3.98562e-16 2.15556e-16 1.15278e-16 6.09983e-17 3.1953e-17 1.65786e-17 8.52376e-18 4.34458e-18 2.1962e-18 1.10144e-18 5.48239e-19 2.70915e-19 1.32948e-19 6.48095e-20 3.13917e-20 1.51119e-20 7.23186e-21 3.44114e-21 1.62842e-21 7.66517e-22 3.58965e-22 1.67275e-22 7.75759e-23 3.58104e-23 1.64567e-23 7.52984e-24 3.43082e-24 1.5568e-24 7.03626e-25 3.16794e-25 1.42097e-25 6.35054e-26 2.82812e-26 1.25513e-26 5.55167e-27 2.44759e-27 1.07565e-27 4.71258e-28 2.05841e-28 8.96445e-29 3.89283e-29 1.68573e-29 7.2798e-30 3.13536e-30 1.34685e-30 5.77085e-31 2.46646e-31 1.05159e-31 4.47282e-32 1.89801e-32 8.03567e-33 3.39446e-33 1.43076e-33 6.01765e-34 2.52565e-34 1.05784e-34 4.42172e-35 1.84459e-35 7.68001e-36 3.1915e-36 1.32378e-36 5.48071e-37 2.26504e-37 9.34424e-38 3.84821e-38 1.58209e-38 6.49344e-39 2.66075e-39 1.0885e-39 4.44594e-40 1.81309e-40 7.38254e-41 3.00149e-41 1.21849e-41 4.93937e-42 1.99939e-42
2.11375e-14 7.85232e-14 1.66702e-13 2.63825e-13 3.44922e-13 3.9294e-13 4.02807e-13 3.79533e-13 3.33626e-13 2.76622e-13 2.18151e-13 1.64705e-13 1.19676e-13 8.40439e-14 5.72455e-14 3.79313e-14 2.45114e-14 1.54807e-14 9.57365e-15 5.80678e-15 3.45929e-15 2.02667e-15 1.16899e-15 6.64523e-16 3.72625e-16 2.06277e-16 1.12816e-16 6.09983e-17 3.2626e-17 1.72724e-17 9.05533e-18 4.70358e-18 2.42167e-18 1.23634e-18 6.26129e-19 3.14661e-19 1.5697e-19 7.77529e-20 3.82532e-20 1.86975e-20 9.08186e-21 4.38472e-21 2.10466e-21 1.00458e-21 4.76905e-22 2.25222e-22 1.05826e-22 4.94825e-23 2.3028e-23 1.06677e-23 4.9199e-24 2.25929e-24 1.03318e-24 4.70564e-25 2.13477e-25 9.64769e-26 4.34391e-26 1.9488e-26 8.71215e-27 3.88147e-27 1.72353e-27 7.62833e-28 3.36562e-28 1.48033e-28 6.49149e-29 2.83827e-29 1.23742e-29 5.37975e-30 2.33249e-30 1.00859e-30 4.34989e-31 1.87125e-31 8.02967e-32 3.43719e-32 1.46781e-32 6.25346e-33 2.65813e-33 1.12734e-33 4.77069e-34 2.01452e-34 8.48875e-35 3.56959e-35 1.498e-35 6.27393e-36 2.62253e-36 1.09413e-36 4.55621e-37 1.89381e-37 7.85745e-38 3.25428e-38 1.34546e-38 5.55316e-39 2.28812e-39 9.41233e-40 3.86553e-40 1.58499e-40 6.48875e-41 2.65231e-41 1.08249e-41 4.41141e-42 1.79511e-42
7.09311e-15 2.72061e-14 5.94077e-14 9.6447e-14 1.29087e-13 1.50305e-13 1.57274e-13 1.51091e-13 1.35289e-13 1.14168e-13 9.157e-14 7.0268e-14 5.1863e-14 3.69768e-14 2.5558e-14 1.71773e-14 1.12544e-14 7.20405e-15 4.51382e-15 2.77296e-15 1.67265e-15 9.9194e-16 5.79006e-16 3.32998e-16 1.88869e-16 1.0573e-16 5.84634e-17 3.1953e-17 1.72724e-17 9.2396e-18 4.89377e-18 2.56763e-18 1.3351e-18 6.88278e-19 3.51927e-19 1.78538e-19 8.98972e-20 4.49397e-20 2.23105e-20 1.10027e-20 5.39156e-21 2.62576e-21 1.27122e-21 6.11927e-22 2.92942e-22 1.39492e-22 6.60813e-23 3.11489e-23 1.46121e-23 6.82266e-24 3.17123e-24 1.46756e-24 6.76263e-25 3.10341e-25 1.41847e-25 6.4581e-26 2.92916e-26 1.32367e-26 5.96016e-27 2.67435e-27 1.19591e-27 5.33018e-28 2.36799e-28 1.0487e-28 4.63004e-29 2.03806e-29 8.94491e-30 3.91466e-30 1.70844e-30 7.43566e-31 3.22761e-31 1.39736e-31 6.03435e-32 2.59937e-32 1.11698e-32 4.78832e-33 2.04789e-33 8.73842e-34 3.72036e-34 1.58045e-34 6.69948e-35 2.83389e-35 1.19626e-35 5.03947e-36 2.11874e-36 8.89042e-37 3.72334e-37 1.55641e-37 6.494e-38 2.70465e-38 1.12444e-38 4.66659e-39 1.93337e-39 7.99641e-40 3.30182e-40 1.36113e-40 5.6021e-41 2.30205e-41 9.445e-42 3.86924e-42 1.58269e-42
2.38024e-15 9.41685e-15 2.11337e-14 3.51729e-14 4.81661e-14 5.7293e-14 6.11643e-14 5.9886e-14 5.46003e-14 4.68784e-14 3.82268e-14 2.98047e-14 2.23384e-14 1.61647e-14 1.13346e-14 7.72483e-15 5.13024e-15 3.3275e-15 2.11185e-15 1.31372e-15 8.02184e-16 4.81444e-16 2.84329e-16 1.65406e-16 9.48726e-17 5.36975e-17 3.00139e-17 1.65786e-17 9.05533e-18 4.89377e-18 2.61816e-18 1.38732e-18 7.28417e-19 3.7913e-19 1.95691e-19 1.00204e-19 5.09183e-20 2.56848e-20 1.28653e-20 6.40066e-21 3.16374e-21 1.55401e-21 7.58726e-22 3.68286e-22 1.77764e-22 8.53385e-23 4.07536e-23 1.93634e-23 9.1551e-24 4.30802e-24 2.01785e-24 9.40932e-25 4.3686e-25 2.01975e-25 9.29985e-26 4.26508e-26 1.9485e-26 8.86828e-27 4.02152e-27 1.81716e-27 8.18259e-28 3.67214e-28 1.64254e-28 7.32351e-29 3.25507e-29 1.44235e-29 6.37217e-30 2.80696e-30 1.23296e-30 5.40072e-31 2.35924e-31 1.02787e-31 4.46658e-32 1.936e-32 8.37055e-33 3.6103e-33 1.55345e-33 6.66858e-34 2.85612e-34 1.22051e-34 5.20421e-35 2.21427e-35 9.40127e-36 3.98329e-36 1.68428e-36 7.10753e-37 2.99345e-37 1.25832e-37 5.27945e-38 2.21096e-38 9.24236e-39 3.85663e-39 1.60645e-39 6.68004e-40 2.77301e-40 1.14921e-40 4.75483e-41 1.96413e-41 8.10054e-42 3.33565e-42 1.37145e-42
7.98738e-16 3.25642e-15 7.50558e-15 1.27977e-14 1.79214e-14 2.17666e-14 2.36979e-14 2.36379e-14 2.19362e-14 1.9155e-14 1.58754e-14 1.25724e-14 9.56591e-15 7.02367e-15 4.9949e-15 3.45105e-15 2.32261e-15 1.52608e-15 9.80843e-16 6.17706e-16 3.81744e-16 2.31817e-16 1.38488e-16 8.14755e-17 4.72502e-17 2.7034e-17 1.52716e-17 8.52376e-18 4.70358e-18 2.56763e-18 1.38732e-18 7.42298e-19 3.93492e-19 2.06745e-19 1.07707e-19 5.5658e-20 2.85384e-20 1.45241e-20 7.33902e-21 3.68294e-21 1.83601e-21 9.09461e-22 4.47738e-22 2.19124e-22 1.06628e-22 5.16e-23 2.48376e-23 1.18939e-23 5.66717e-24 2.68723e-24 1.26824e-24 5.95832e-25 2.78693e-25 1.29797e-25 6.01996e-26 2.78077e-26 1.27946e-26 5.8644e-27 2.67795e-27 1.21845e-27 5.52426e-28 2.49602e-28 1.12399e-28 5.04493e-29 2.25715e-29 1.00673e-29 4.47655e-30 1.98465e-30 8.77331e-31 3.86733e-31 1.70002e-31 7.45281e-32 3.25862e-32 1.42109e-32 6.18166e-33 2.68231e-33 1.16107e-33 5.01382e-34 2.16006e-34 9.28474e-35 3.98198e-35 1.70401e-35 7.2763e-36 3.10048e-36 1.3184e-36 5.59474e-37 2.36944e-37 1.00152e-37 4.22508e-38 1.77906e-38 7.47718e-39 3.13685e-39 1.31362e-39 5.49137e-40 2.2916e-40 9.5468e-41 3.97054e-41 1.64864e-41 6.83436e-42 2.82864e-42 1.1689e-42
2.68033e-16 1.12511e-15 2.66139e-15 4.64641e-15 6.65029e-15 8.2436e-15 9.14908e-15 9.29354e-15 8.7753e-15 7.79083e-15 6.56045e-15 5.2757e-15 4.07384e-15 3.03422e-15 2.18788e-15 1.53209e-15 1.04468e-15 6.95192e-16 4.52386e-16 2.88365e-16 1.80328e-16 1.10777e-16 6.69301e-17 3.98145e-17 2.33413e-17 1.34974e-17 7.70467e-18 4.34458e-18 2.42167e-18 1.3351e-18 7.28417e-19 3.93492e-19 2.10563e-19 1.11663e-19 5.87062e-20 3.06107e-20 1.58353e-20 8.1299e-21 4.14361e-21 2.09716e-21 1.05429e-21 5.26586e-22 2.61375e-22 1.28956e-22 6.32544e-23 3.08531e-23 1.49674e-23 7.22288e-24 3.46788e-24 1.65683e-24 7.87798e-25 3.72855e-25 1.75676e-25 8.24119e-26 3.84969e-26 1.7909e-26 8.29806e-27 3.82992e-27 1.76098e-27 8.06707e-28 3.68226e-28 1.6749e-28 7.59244e-29 3.43025e-29 1.54475e-29 6.93442e-30 3.10326e-30 1.38456e-30 6.15915e-31 2.73197e-31 1.20838e-31 5.33007e-32 2.34471e-32 1.02872e-32 4.50174e-33 1.96501e-33 8.55604e-34 3.71643e-34 1.61044e-34 6.96228e-35 3.00307e-35 1.29243e-35 5.54999e-36 2.37817e-36 1.01689e-36 4.33915e-37 1.84778e-37 7.85285e-38 3.33083e-38 1.41007e-38 5.95805e-39 2.51282e-39 1.05785e-39 4.44535e-40 1.86475e-40 7.80876e-41 3.26439e-41 1.36236e-41 5.6763e-42 2.3612e-42 9.8063e-43
