0.378989 0.0636353 0.0339274 0.0196888 0.0117616 0.00704338 0.00418471 0.00245982 0.00143089 0.000824727 0.000471653 0.000267971 0.000151412 8.51544e-05 4.77001e-05 2.66276e-05 1.48196e-05 8.22603e-06 4.55532e-06 2.51728e-06 1.38841e-06 7.64462e-07 4.20253e-07 2.30695e-07 1.26468e-07 6.92389e-08 3.78522e-08 2.06494e-08 1.12129e-08 6.0083e-09 3.27406e-09
0.0636353 0.0154051 0.00790268 0.00404288 0.00204736 0.0010315 0.000519573 0.000262414 0.000133061 6.77605e-05 3.46491e-05 1.7784e-05 9.15806e-06 4.72962e-06 2.44869e-06 1.27052e-06 6.60462e-07 3.43896e-07 1.79322e-07 9.36246e-08 4.89367e-08 2.56042e-08 1.34082e-08 7.02694e-09 3.68496e-09 1.93307e-09 1.01365e-09 5.30121e-10 2.74583e-10 1.37776e-10 7.25322e-11
0.0339274 0.00790268 0.00350583 0.00164577 0.000792688 0.000387509 0.00019154 9.55582e-05 4.8056e-05 2.43332e-05 1.23927e-05 6.34238e-06 3.25923e-06 1.68063e-06 8.69145e-07 4.50593e-07 2.34095e-07 1.2184e-07 6.35145e-08 3.31551e-08 1.73281e-08 9.06587e-09 4.74756e-09 2.48811e-09 1.30472e-09 6.84227e-10 3.58379e-10 1.86739e-10 9.56837e-11 4.98769e-11 2.62641e-11
0.0196888 0.00404288 0.00164577 0.00072665 0.000336258 0.000160197 7.78566e-05 3.84015e-05 1.91588e-05 9.64551e-06 4.89144e-06 2.49519e-06 1.27896e-06 6.58153e-07 3.39802e-07 1.75924e-07 9.12929e-08 4.74697e-08 2.47253e-08 1.28977e-08 6.73667e-09 3.52266e-09 1.84382e-09 9.65852e-10 5.0618e-10 2.65193e-10 1.38595e-10 7.18242e-11 3.76033e-11 1.96005e-11 1.03195e-11
0.0117616 0.00204736 0.000792688 0.000336258 0.000151267 7.06963e-05 3.3913e-05 1.65752e-05 8.21514e-06 4.11547e-06 2.07902e-06 1.05726e-06 5.40542e-07 2.77569e-07 1.43046e-07 7.39404e-08 3.83166e-08 1.98988e-08 1.03531e-08 5.39519e-09 2.81544e-09 1.47098e-09 7.69329e-10 4.02675e-10 2.10829e-10 1.10289e-10 5.74728e-11 3.0115e-11 1.57634e-11 8.21469e-12 4.32302e-12
0.00704338 0.0010315 0.000387509 0.000160197 7.06963e-05 3.25967e-05 1.54884e-05 7.51819e-06 3.70704e-06 1.8496e-06 9.31309e-07 4.72311e-07 2.40911e-07 1.23455e-07 6.35073e-08 3.27737e-08 1.69588e-08 8.79541e-09 4.57056e-09 2.37913e-09 1.24024e-09 6.47354e-10 3.38249e-10 1.76868e-10 9.24917e-11 4.82998e-11 2.52986e-11 1.3251e-11 6.93339e-12 3.61192e-12 1.89968e-12
0.00418471 0.000519573 0.00019154 7.78566e-05 3.3913e-05 1.54884e-05 7.30856e-06 3.52926e-06 1.73315e-06 8.61895e-07 4.32775e-07 2.18953e-07 1.11444e-07 5.70005e-08 2.92715e-08 1.50822e-08 7.79303e-09 4.03636e-09 2.09492e-09 1.08922e-09 5.67201e-10 2.95754e-10 1.54379e-10 8.06372e-11 4.21151e-11 2.20373e-11 1.15365e-11 6.03951e-12 3.15855e-12 1.64478e-12 8.64517e-13
0.00245982 0.000262414 9.55582e-05 3.84015e-05 1.65752e-05 7.51819e-06 3.52926e-06 1.69738e-06 8.30816e-07 4.12019e-07 2.06384e-07 1.04191e-07 5.29291e-08 2.70241e-08 1.38553e-08 7.12828e-09 3.67812e-09 1.90261e-09 9.86293e-10 5.12233e-10 2.66456e-10 1.38796e-10 7.23755e-11 3.7764e-11 1.97331e-11 1.03189e-11 5.39862e-12 2.82462e-12 1.47645e-12 7.68531e-13 4.03688e-13
0.00143089 0.000133061 4.8056e-05 1.91588e-05 8.21514e-06 3.70704e-06 1.73315e-06 8.30816e-07 4.05535e-07 2.00629e-07 1.00281e-07 5.05278e-08 2.56224e-08 1.30606e-08 6.68602e-09 3.43498e-09 1.77009e-09 9.14506e-10 4.73526e-10 2.45661e-10 1.27658e-10 6.64305e-11 3.46065e-11 1.80528e-11 9.42642e-12 4.92593e-12 2.57551e-12 1.34674e-12 7.03579e-13 3.66082e-13 1.92172e-13
0.000824727 6.77605e-05 2.43332e-05 9.64551e-06 4.11547e-06 1.8496e-06 8.61895e-07 4.12019e-07 2.00629e-07 9.90437e-08 4.9409e-08 2.48508e-08 1.25809e-08 6.40314e-09 3.27325e-09 1.67942e-09 8.64356e-10 4.46046e-10 2.30708e-10 1.19566e-10 6.20717e-11 3.22703e-11 1.68014e-11 8.75787e-12 4.56972e-12 2.38637e-12 1.24692e-12 6.51641e-13 3.40259e-13 1.76971e-13 9.28436e-14
0.000471653 3.46491e-05 1.23927e-05 4.89144e-06 2.07902e-06 9.31309e-07 4.32775e-07 2.06384e-07 1.00281e-07 4.9409e-08 2.46042e-08 1.23545e-08 6.24498e-09 3.17388e-09 1.62031e-09 8.30305e-10 4.26838e-10 2.20026e-10 1.13687e-10 5.88612e-11 3.0529e-11 1.58601e-11 8.25098e-12 4.2977e-12 2.2409e-12 1.16946e-12 6.10691e-13 3.18966e-13 1.66466e-13 8.65473e-14 4.5379e-14
0.000267971 1.7784e-05 6.34238e-06 2.49519e-06 1.05726e-06 4.72311e-07 2.18953e-07 1.04191e-07 5.05278e-08 2.48508e-08 1.23545e-08 6.19404e-09 3.1265e-09 1.58686e-09 8.091e-10 4.14127e-10 2.12658e-10 1.09508e-10 5.6527e-11 2.92399e-11 1.51535e-11 7.86608e-12 4.08911e-12 2.12838e-12 1.10903e-12 5.78408e-13 3.01865e-13 1.5758e-13 8.21997e-14 4.27207e-14 2.23874e-14
0.000151412 9.15806e-06 3.25923e-06 1.27896e-06 5.40542e-07 2.40911e-07 1.11444e-07 5.29291e-08 2.56224e-08 1.25809e-08 6.24498e-09 3.1265e-09 1.57602e-09 7.98911e-10 4.06868e-10 2.08021e-10 1.0671e-10 5.48968e-11 2.83113e-11 1.46325e-11 7.57713e-12 3.93024e-12 2.04163e-12 1.06194e-12 5.52991e-13 2.88234e-13 1.50341e-13 7.84401e-14 4.08984e-14 2.12482e-14 1.11292e-14
8.51544e-05 4.72962e-06 1.68063e-06 6.58153e-07 2.77569e-07 1.23455e-07 5.70005e-08 2.70241e-08 1.30606e-08 6.40314e-09 3.17388e-09 1.58686e-09 7.98911e-10 4.04506e-10 2.0578e-10 1.05101e-10 5.38622e-11 2.76838e-11 1.4265e-11 7.36681e-12 3.81182e-12 1.97575e-12 1.02564e-12 5.33134e-13 2.77451e-13 1.44532e-13 7.53463e-14 3.9292e-14 2.04776e-14 1.06353e-14 5.5677e-15
4.77001e-05 2.44869e-06 8.69145e-07 3.39802e-07 1.43046e-07 6.35073e-08 2.92715e-08 1.38553e-08 6.68602e-09 3.27325e-09 1.62031e-09 8.091e-10 4.06868e-10 2.0578e-10 1.04576e-10 5.33598e-11 2.73208e-11 1.40302e-11 7.22368e-12 3.72763e-12 1.9274e-12 9.98327e-13 5.17905e-13 2.69045e-13 1.39934e-13 7.28552e-14 3.79607e-14 1.97865e-14 1.03076e-14 5.35168e-15 2.80035e-15
2.66276e-05 1.27052e-06 4.50593e-07 1.75924e-07 7.39404e-08 3.27737e-08 1.50822e-08 7.12828e-09 3.43498e-09 1.67942e-09 8.30305e-10 4.14127e-10 2.08021e-10 1.05101e-10 5.33598e-11 2.72019e-11 1.39158e-11 7.14048e-12 3.67356e-12 1.89429e-12 9.78782e-13 5.06645e-13 2.62672e-13 1.36375e-13 7.08908e-14 3.68892e-14 1.92114e-14 1.00091e-14 5.21203e-15 2.70523e-15 1.41493e-15
1.48196e-05 6.60462e-07 2.34095e-07 9.12929e-08 3.83166e-08 1.69588e-08 7.79303e-09 3.67812e-09 1.77009e-09 8.64356e-10 4.26838e-10 2.12658e-10 1.0671e-10 5.38622e-11 2.73208e-11 1.39158e-11 7.11317e-12 3.64712e-12 1.87497e-12 9.66173e-13 4.98897e-13 2.58083e-13 1.33725e-13 6.93892e-14 3.6051e-14 1.87504e-14 9.76032e-15 5.08287e-15 2.64577e-15 1.37285e-15 7.17739e-16
8.22603e-06 3.43896e-07 1.2184e-07 4.74697e-08 1.98988e-08 8.79541e-09 4.03636e-09 1.90261e-09 9.14506e-10 4.46046e-10 2.20026e-10 1.09508e-10 5.48968e-11 2.76838e-11 1.40302e-11 7.14048e-12 3.64712e-12 1.86862e-12 9.5999e-13 4.94361e-13 2.55112e-13 1.31894e-13 6.83022e-14 3.54227e-14 1.83945e-14 9.56251e-15 4.97543e-15 2.58996e-15 1.34764e-15 6.99072e-16 3.65332e-16
4.55532e-06 1.79322e-07 6.35145e-08 2.47253e-08 1.03531e-08 4.57056e-09 2.09492e-09 9.86293e-10 4.73526e-10 2.30708e-10 1.13687e-10 5.6527e-11 2.83113e-11 1.4265e-11 7.22368e-12 3.67356e-12 1.87497e-12 9.5999e-13 4.92867e-13 2.53651e-13 1.30818e-13 6.75956e-14 3.49863e-14 1.81353e-14 9.41284e-15 4.89109e-15 2.54376e-15 1.32362e-15 6.88475e-16 3.57043e-16 1.86516e-16
2.51728e-06 9.36246e-08 3.31551e-08 1.28977e-08 5.39519e-09 2.37913e-09 1.08922e-09 5.12233e-10 2.45661e-10 1.19566e-10 5.88612e-11 2.92399e-11 1.46325e-11 7.36681e-12 3.72763e-12 1.89429e-12 9.66173e-13 4.94361e-13 2.53651e-13 1.30464e-13 6.72476e-14 3.47293e-14 1.79661e-14 9.30828e-15 4.82909e-15 2.50819e-15 1.30392e-15 6.78221e-16 3.52651e-16 1.82838e-16 9.54771e-17
1.38841e-06 4.89367e-08 1.73281e-08 6.73667e-09 2.81544e-09 1.24024e-09 5.67201e-10 2.66456e-10 1.27658e-10 6.20717e-11 3.0529e-11 1.51535e-11 7.57713e-12 3.81182e-12 1.9274e-12 9.78782e-13 4.98897e-13 2.55112e-13 1.30818e-13 6.72476e-14 3.46444e-14 1.78826e-14 9.2465e-15 4.78842e-15 2.48311e-15 1.28917e-15 6.69927e-16 3.48327e-16 1.81058e-16 9.38491e-17 4.89899e-17
7.64462e-07 2.56042e-08 9.06587e-09 3.52266e-09 1.47098e-09 6.47354e-10 2.95754e-10 1.38796e-10 6.64305e-11 3.22703e-11 1.58601e-11 7.86608e-12 3.93024e-12 1.97575e-12 9.98327e-13 5.06645e-13 2.58083e-13 1.31894e-13 6.75956e-14 3.47293e-14 1.78826e-14 9.22607e-15 4.76829e-15 2.46822e-15 1.2794e-15 6.63961e-16 3.44902e-16 1.79267e-16 9.31523e-17 4.82728e-17 2.51901e-17
4.20253e-07 1.34082e-08 4.74756e-09 1.84382e-09 7.69329e-10 3.38249e-10 1.54379e-10 7.23755e-11 3.46065e-11 1.68014e-11 8.25098e-12 4.08911e-12 2.04163e-12 1.02564e-12 5.17905e-13 2.62672e-13 1.33725e-13 6.83022e-14 3.49863e-14 1.79661e-14 9.2465e-15 4.76829e-15 2.46329e-15 1.27454e-15 6.60387e-16 3.42585e-16 1.77895e-16 9.24315e-17 4.80153e-17 2.48765e-17 1.29769e-17
2.30695e-07 7.02694e-09 2.48811e-09 9.65852e-10 4.02675e-10 1.76868e-10 8.06372e-11 3.7764e-11 1.80528e-11 8.75787e-12 4.2977e-12 2.12838e-12 1.06194e-12 5.33134e-13 2.69045e-13 1.36375e-13 6.93892e-14 3.54227e-14 1.81353e-14 9.30828e-15 4.78842e-15 2.46822e-15 1.27454e-15 6.59198e-16 3.41423e-16 1.77052e-16 9.1906e-17 4.77373e-17 2.47908e-17 1.28412e-17 6.6965e-18
1.26468e-07 3.68496e-09 1.30472e-09 5.0618e-10 2.10829e-10 9.24917e-11 4.21151e-11 1.97331e-11 9.42642e-12 4.56972e-12 2.2409e-12 1.10903e-12 5.52991e-13 2.77451e-13 1.39934e-13 7.08908e-14 3.6051e-14 1.83945e-14 9.41284e-15 4.82909e-15 2.48311e-15 1.2794e-15 6.60387e-16 3.41423e-16 1.7677e-16 9.16353e-17 4.75509e-17 2.46909e-17 1.28188e-17 6.63848e-18 3.46082e-18
6.92389e-08 1.93307e-09 6.84227e-10 2.65193e-10 1.10289e-10 4.82998e-11 2.20373e-11 1.03189e-11 4.92593e-12 2.38637e-12 1.16946e-12 5.78408e-13 2.88234e-13 1.44532e-13 7.28552e-14 3.68892e-14 1.87504e-14 9.56251e-15 4.89109e-15 2.50819e-15 1.28917e-15 6.63961e-16 3.42585e-16 1.77052e-16 9.16353e-17 4.74866e-17 2.46336e-17 1.27872e-17 6.63693e-18 3.43638e-18 1.79095e-18
3.78522e-08 1.01365e-09 3.58379e-10 1.38595e-10 5.74728e-11 2.52986e-11 1.15365e-11 5.39862e-12 2.57551e-12 1.24692e-12 6.10691e-13 3.01865e-13 1.50341e-13 7.53463e-14 3.79607e-14 1.92114e-14 9.76032e-15 4.97543e-15 2.54376e-15 1.30392e-15 6.69927e-16 3.44902e-16 1.77895e-16 9.1906e-17 4.75509e-17 2.46336e-17 1.27747e-17 6.6294e-18 3.43997e-18 1.78076e-18 9.27825e-19
2.06494e-08 5.30121e-10 1.86739e-10 7.18242e-11 3.0115e-11 1.3251e-11 6.03951e-12 2.82462e-12 1.34674e-12 6.51641e-13 3.18966e-13 1.5758e-13 7.84401e-14 3.9292e-14 1.97865e-14 1.00091e-14 5.08287e-15 2.58996e-15 1.32362e-15 6.78221e-16 3.48327e-16 1.79267e-16 9.24315e-17 4.77373e-17 2.46909e-17 1.27872e-17 6.6294e-18 3.43938e-18 1.78425e-18 9.2348e-19 4.81033e-19
1.12129e-08 2.74583e-10 9.56837e-11 3.76033e-11 1.57634e-11 6.93339e-12 3.15855e-12 1.47645e-12 7.03579e-13 3.40259e-13 1.66466e-13 8.21997e-14 4.08984e-14 2.04776e-14 1.03076e-14 5.21203e-15 2.64577e-15 1.34764e-15 6.88475e-16 3.52651e-16 1.81058e-16 9.31523e-17 4.80153e-17 2.47908e-17 1.28188e-17 6.63693e-18 3.43997e-18 1.78425e-18 9.25418e-19 4.78894e-19 2.49393e-19
6.0083e-09 1.37776e-10 4.98769e-11 1.96005e-11 8.21469e-12 3.61192e-12 1.64478e-12 7.68531e-13 3.66082e-13 1.76971e-13 8.65473e-14 4.27207e-14 2.12482e-14 1.06353e-14 5.35168e-15 2.70523e-15 1.37285e-15 6.99072e-16 3.57043e-16 1.82838e-16 9.38491e-17 4.82728e-17 2.48765e-17 1.28412e-17 6.63848e-18 3.43638e-18 1.78076e-18 9.2348e-19 4.78894e-19 2.47792e-19 1.29019e-19
3.27406e-09 7.25322e-11 2.62641e-11 1.03195e-11 4.32302e-12 1.89968e-12 8.64517e-13 4.03688e-13 1.92172e-13 9.28436e-14 4.5379e-14 2.23874e-14 1.11292e-14 5.5677e-15 2.80035e-15 1.41493e-15 7.17739e-16 3.65332e-16 1.86516e-16 9.54771e-17 4.89899e-17 2.51901e-17 1.29769e-17 6.6965e-18 3.46082e-18 1.79095e-18 9.27825e-19 4.81033e-19 2.49393e-19 1.29019e-19 6.71599e-20
