0.578068 0.026765 0.019541 0.0142668 0.0104161 0.00760473 0.00555217 0.00405361 0.00295952 0.00216073 0.00157753 0.00115175 0.000840886 0.000613926 0.000448224 0.000327246 0.00023892 0.000174434 0.000127354 9.29802e-05 6.78843e-05 4.9562e-05 3.61849e-05 2.64184e-05 1.92879e-05 1.4082e-05 1.02812e-05 7.50625e-06 5.48027e-06 4.00111e-06 2.92119e-06 2.13275e-06 1.55711e-06 1.13683e-06 8.29997e-07 6.05976e-07 4.4242e-07 3.23008e-07 2.35826e-07 1.72176e-07 1.25704e-07 9.17761e-08 6.70052e-08 4.89202e-08 3.57163e-08 2.60763e-08 1.90382e-08 1.38997e-08 1.01481e-08 7.40904e-09 5.4093e-09 3.9493e-09 2.88336e-09 2.10513e-09 1.53694e-09 1.12211e-09 8.19248e-10 5.98129e-10 4.3669e-10 3.18825e-10 2.32773e-10 1.69946e-10 1.24077e-10 9.05876e-11 6.61375e-11 4.82867e-11 3.52538e-11 2.57386e-11 1.87916e-11 1.37197e-11 1.00166e-11 7.3131e-12 5.33925e-12 3.89816e-12 2.84602e-12 2.07787e-12 1.51704e-12 1.10758e-12 8.08639e-13 5.90383e-13 4.31035e-13 3.14697e-13 2.29758e-13 1.67745e-13 1.2247e-13 8.94146e-14 6.52811e-14 4.76613e-14 3.47973e-14 2.54053e-14 1.85483e-14 1.3542e-14 9.88693e-15 7.2184e-15 5.27011e-15 3.84768e-15 2.80917e-15 2.05096e-15 1.49739e-15 1.09324e-15 7.98168e-16
0.026765 0.00873236 0.00685482 0.00535465 0.00416492 0.00322734 0.00249247 0.00191918 0.00147378 0.00112901 0.00086298 0.000658311 0.000501258 0.000381026 0.00028918 0.000219157 0.000165866 0.000125377 9.46614e-05 7.13927e-05 5.37887e-05 4.04867e-05 3.04468e-05 2.28771e-05 1.71756e-05 1.28853e-05 9.65967e-06 7.23661e-06 5.41785e-06 4.0537e-06 3.03124e-06 2.26541e-06 1.69216e-06 1.26333e-06 9.42709e-07 7.03132e-07 5.24206e-07 3.90644e-07 2.90992e-07 2.16675e-07 1.61277e-07 1.19999e-07 8.92544e-08 6.63642e-08 4.93283e-08 3.6654e-08 2.72279e-08 2.02199e-08 1.50114e-08 1.11415e-08 8.26705e-09 6.13261e-09 4.54812e-09 3.3722e-09 2.49973e-09 1.85256e-09 1.37264e-09 1.01683e-09 7.53096e-10 5.57653e-10 4.12849e-10 3.05588e-10 2.26152e-10 1.67335e-10 1.23792e-10 9.15647e-11 6.77157e-11 5.00703e-11 3.7017e-11 2.73625e-11 2.02229e-11 1.4944e-11 1.10415e-11 8.157e-12 6.0252e-12 4.44994e-12 3.28609e-12 2.42633e-12 1.79128e-12 1.32229e-12 9.7597e-13 7.20271e-13 5.31502e-13 3.92162e-13 2.89319e-13 2.13424e-13 1.57421e-13 1.16101e-13 8.56187e-14 6.31329e-14 4.6548e-14 3.43167e-14 2.52969e-14 1.86462e-14 1.37428e-14 1.01279e-14 7.46326e-15 5.4992e-15 4.05167e-15 2.98492e-15 2.19885e-15
0.019541 0.00685482 0.00551105 0.00440188 0.00349625 0.00276339 0.00217478 0.00170504 0.00133222 0.00103774 0.000806122 0.00062463 0.00048289 0.000372528 0.000286833 0.000220456 0.000169158 0.000129596 9.91438e-05 7.57451e-05 5.77955e-05 4.40472e-05 3.35319e-05 2.54999e-05 1.93725e-05 1.47036e-05 1.11499e-05 8.44795e-06 6.39557e-06 4.83806e-06 3.65717e-06 2.76257e-06 2.0854e-06 1.5732e-06 1.18608e-06 8.93688e-07 6.72994e-07 5.06523e-07 3.8103e-07 2.86483e-07 2.15292e-07 1.61716e-07 1.21417e-07 9.11207e-08 6.8355e-08 5.12561e-08 3.84193e-08 2.87863e-08 2.15606e-08 1.61428e-08 1.20822e-08 9.03997e-09 6.76151e-09 5.0557e-09 3.77906e-09 2.82394e-09 2.1096e-09 1.5755e-09 1.1763e-09 8.78008e-10 6.55185e-10 4.88785e-10 3.64555e-10 2.71832e-10 2.02645e-10 1.51032e-10 1.12539e-10 8.38378e-11 6.24429e-11 4.64979e-11 3.46173e-11 2.57671e-11 1.91757e-11 1.42676e-11 1.06138e-11 7.8942e-12 5.87038e-12 4.36463e-12 3.24453e-12 2.41147e-12 1.792e-12 1.33145e-12 9.89098e-13 7.34658e-13 5.45587e-13 4.05113e-13 3.00763e-13 2.23258e-13 1.65702e-13 1.22967e-13 9.12403e-14 6.76903e-14 5.0212e-14 3.72419e-14 2.76184e-14 2.04791e-14 1.51834e-14 1.12557e-14 8.34304e-15 6.18336e-15 4.58219e-15
0.0142668 0.00535465 0.00440188 0.00358868 0.00290514 0.00233755 0.00187093 0.0014905 0.00118254 0.000934751 0.000736434 0.000578449 0.000453114 0.000354047 0.000276003 0.000214706 0.000166694 0.000129182 9.99409e-05 7.71956e-05 5.95379e-05 4.58549e-05 3.52699e-05 2.70945e-05 2.07896e-05 1.59341e-05 1.21997e-05 9.33106e-06 7.13015e-06 5.4434e-06 4.15205e-06 3.16441e-06 2.40978e-06 1.83371e-06 1.39433e-06 1.05949e-06 8.04512e-07 6.10502e-07 4.62988e-07 3.50906e-07 2.65802e-07 2.01226e-07 1.52255e-07 1.15142e-07 8.70316e-08 6.57515e-08 4.96511e-08 3.74759e-08 2.82736e-08 2.13217e-08 1.60724e-08 1.21105e-08 9.12163e-09 6.86775e-09 5.16885e-09 3.88879e-09 2.9247e-09 2.19886e-09 1.6526e-09 1.24164e-09 9.32575e-10 7.00223e-10 5.25602e-10 3.9441e-10 2.95878e-10 2.21899e-10 1.6637e-10 1.24704e-10 9.34474e-11 7.00073e-11 5.24335e-11 3.92615e-11 2.93913e-11 2.19972e-11 1.64595e-11 1.2313e-11 9.20908e-12 6.88609e-12 5.14797e-12 3.84776e-12 2.87534e-12 2.14824e-12 1.60469e-12 1.19843e-12 8.94858e-13 6.68055e-13 4.98643e-13 3.72125e-13 2.77658e-13 2.07136e-13 1.545e-13 1.15219e-13 8.59112e-14 6.40478e-14 4.77407e-14 3.55799e-14 2.65126e-14 1.97531e-14 1.47147e-14 1.09598e-14 8.16192e-15
0.0104161 0.00416492 0.00349625 0.00290514 0.00239342 0.00195754 0.001591 0.00128602 0.00103449 0.000828571 0.000661085 0.00052562 0.000416593 0.000329228 0.000259497 0.000204036 0.000160067 0.00012531 9.79095e-05 7.63609e-05 5.94534e-05 4.62154e-05 3.58708e-05 2.78021e-05 2.15194e-05 1.66353e-05 1.28442e-05 9.90563e-06 7.63104e-06 5.87263e-06 4.51492e-06 3.46781e-06 2.66112e-06 2.0403e-06 1.56301e-06 1.19642e-06 9.15094e-07 6.99403e-07 5.34169e-07 4.0769e-07 3.10952e-07 2.37016e-07 1.80548e-07 1.37451e-07 1.0458e-07 7.9526e-08 6.0441e-08 4.5912e-08 3.48576e-08 2.64517e-08 2.00632e-08 1.52105e-08 1.15263e-08 8.73059e-09 6.61014e-09 5.00259e-09 3.78445e-09 2.86179e-09 2.16324e-09 1.63458e-09 1.23466e-09 9.32255e-10 7.03669e-10 5.30949e-10 4.0049e-10 3.01988e-10 2.2764e-10 1.71542e-10 1.29229e-10 9.73239e-11 7.32744e-11 5.51518e-11 4.14998e-11 3.12186e-11 2.34781e-11 1.76522e-11 1.32685e-11 9.97088e-12 7.49097e-12 5.62648e-12 4.22505e-12 3.17194e-12 2.38077e-12 1.78654e-12 1.34033e-12 1.00534e-12 7.53917e-13 5.65252e-13 4.23712e-13 3.1755e-13 2.37939e-13 1.78252e-13 1.33511e-13 9.99816e-14 7.48584e-14 5.60379e-14 4.19415e-14 3.13855e-14 2.34821e-14 1.75659e-14 1.3138e-14
0.00760473 0.00322734 0.00276339 0.00233755 0.00195754 0.00162546 0.00133994 0.00109763 0.00089418 0.000724878 0.000585065 0.000470361 0.000376799 0.000300868 0.000239525 0.000190167 0.0001506 0.000118985 9.38029e-05 7.37998e-05 5.79518e-05 4.54258e-05 3.55474e-05 2.77731e-05 2.16665e-05 1.68787e-05 1.31312e-05 1.02027e-05 7.91764e-06 6.13724e-06 4.75193e-06 3.67542e-06 2.83991e-06 2.1922e-06 1.69065e-06 1.30268e-06 1.00287e-06 7.71433e-07 5.92931e-07 4.55383e-07 3.49484e-07 2.68021e-07 2.05404e-07 1.57311e-07 1.20401e-07 9.20932e-08 7.03984e-08 5.37827e-08 4.10653e-08 3.13377e-08 2.39015e-08 1.82203e-08 1.38825e-08 1.05722e-08 8.04734e-09 6.12262e-09 4.65612e-09 3.53931e-09 2.68921e-09 2.04243e-09 1.55057e-09 1.17669e-09 8.92609e-10 6.76853e-10 5.13056e-10 3.88755e-10 2.94464e-10 2.22965e-10 1.68769e-10 1.27703e-10 9.65986e-11 7.30465e-11 5.52194e-11 4.17302e-11 3.15266e-11 2.3811e-11 1.79784e-11 1.35706e-11 1.02407e-11 7.72573e-12 5.82684e-12 4.39352e-12 3.31192e-12 2.49595e-12 1.88055e-12 1.41653e-12 1.06676e-12 8.03157e-13 6.04553e-13 4.54956e-13 3.423e-13 2.57483e-13 1.93641e-13 1.45597e-13 1.0945e-13 8.22599e-14 6.18121e-14 4.64378e-14 3.48806e-14 2.61946e-14 1.96679e-14
0.00555217 0.00249247 0.00217478 0.00187093 0.001591 0.00133994 0.00111925 0.00092829 0.000765155 0.000627248 0.000511698 0.000415613 0.00033624 0.000271049 0.000217782 0.000174456 0.000139361 0.000111039 8.82612e-05 6.99994e-05 5.54001e-05 4.37599e-05 3.45017e-05 2.7155e-05 2.13377e-05 1.67405e-05 1.31145e-05 1.02595e-05 8.01535e-06 6.25413e-06 4.874e-06 3.79404e-06 2.9501e-06 2.29145e-06 1.77804e-06 1.37832e-06 1.06745e-06 8.25949e-07 6.3853e-07 4.93225e-07 3.80677e-07 2.93581e-07 2.26242e-07 1.74221e-07 1.34066e-07 1.03096e-07 7.92274e-08 6.08458e-08 4.66998e-08 3.58208e-08 2.746e-08 2.10387e-08 1.611e-08 1.23292e-08 9.4308e-09 7.21006e-09 5.5095e-09 4.20799e-09 3.21241e-09 2.45125e-09 1.86959e-09 1.42533e-09 1.08617e-09 8.27365e-10 6.29968e-10 4.79475e-10 3.6479e-10 2.7743e-10 2.10912e-10 1.60284e-10 1.21765e-10 9.24701e-11 7.0199e-11 5.32738e-11 4.0416e-11 3.06515e-11 2.32387e-11 1.76131e-11 1.33453e-11 1.01086e-11 7.65464e-12 5.79472e-12 4.38549e-12 3.31804e-12 2.50973e-12 1.89782e-12 1.43472e-12 1.08435e-12 8.1933e-13 6.18927e-13 4.67426e-13 3.52924e-13 2.66407e-13 2.01052e-13 1.51695e-13 1.14428e-13 8.62979e-14 6.50685e-14 4.90509e-14 3.69684e-14 2.78562e-14
0.00405361 0.00191918 0.00170504 0.0014905 0.00128602 0.00109763 0.00092829 0.000778924 0.000649136 0.000537729 0.000443068 0.000363328 0.000296657 0.000241273 0.000195528 0.000157938 0.000127189 0.00010214 8.18119e-05 6.53708e-05 5.21156e-05 4.146e-05 3.29173e-05 2.60857e-05 2.06352e-05 1.62962e-05 1.28491e-05 1.01158e-05 7.9525e-06 6.24326e-06 4.89498e-06 3.83307e-06 2.99794e-06 2.34207e-06 1.82768e-06 1.42477e-06 1.10954e-06 8.6322e-07 6.7095e-07 5.21033e-07 4.0426e-07 3.13393e-07 2.42752e-07 1.87886e-07 1.4531e-07 1.12298e-07 8.67245e-08 6.6928e-08 5.16156e-08 3.97805e-08 3.06397e-08 2.35847e-08 1.81432e-08 1.39491e-08 1.07184e-08 8.23139e-09 6.31805e-09 4.84691e-09 3.71641e-09 2.84817e-09 2.18171e-09 1.6704e-09 1.27833e-09 9.7784e-10 7.47653e-10 5.71406e-10 4.36521e-10 3.33338e-10 2.54442e-10 1.94142e-10 1.48075e-10 1.12897e-10 8.60431e-11 6.55531e-11 4.99246e-11 3.80088e-11 2.8927e-11 2.20078e-11 1.67381e-11 1.27261e-11 9.67264e-12 7.34952e-12 5.58264e-12 4.23925e-12 3.21818e-12 2.44233e-12 1.853e-12 1.40547e-12 1.06574e-12 8.07906e-13 6.12287e-13 4.63911e-13 3.514e-13 2.66109e-13 2.01468e-13 1.52492e-13 1.15394e-13 8.73004e-14 6.60308e-14 4.99316e-14 3.77491e-14
0.00295952 0.00147378 0.00133222 0.00118254 0.00103449 0.00089418 0.000765155 0.000649136 0.000546616 0.000457286 0.000380344 0.000314715 0.000259199 0.000212575 0.000173668 0.000141381 0.000114724 9.28126e-05 7.48771e-05 6.02506e-05 4.83637e-05 3.87336e-05 3.09547e-05 2.46883e-05 1.9653e-05 1.56165e-05 1.2388e-05 9.81096e-06 7.75807e-06 6.12574e-06 4.83009e-06 3.80338e-06 2.99109e-06 2.34939e-06 1.84319e-06 1.44443e-06 1.1307e-06 8.84197e-07 6.90736e-07 5.39081e-07 4.20329e-07 3.27441e-07 2.54858e-07 1.98196e-07 1.54007e-07 1.19575e-07 9.27699e-08 7.19203e-08 5.57165e-08 4.31332e-08 3.33691e-08 2.57983e-08 1.99323e-08 1.53906e-08 1.18764e-08 9.15929e-09 7.0597e-09 5.43835e-09 4.18706e-09 3.22196e-09 2.47802e-09 1.90488e-09 1.46357e-09 1.12396e-09 8.62741e-10 6.61926e-10 5.07623e-10 3.89117e-10 2.98147e-10 2.28348e-10 1.74816e-10 1.3378e-10 1.02335e-10 7.82513e-11 5.98123e-11 4.57011e-11 3.49062e-11 2.66515e-11 2.03417e-11 1.55203e-11 1.18377e-11 9.02583e-12 6.87962e-12 5.24206e-12 3.99302e-12 3.04064e-12 2.3147e-12 1.76155e-12 1.34019e-12 1.01932e-12 7.75054e-13 5.89155e-13 4.47721e-13 3.40147e-13 2.58351e-13 1.96172e-13 1.4892e-13 1.1302e-13 8.57534e-14 6.50486e-14 4.93309e-14
0.00216073 0.00112901 0.00103774 0.000934751 0.000828571 0.000724878 0.000627248 0.000537729 0.000457286 0.000386147 0.000324051 0.000270433 0.000224563 0.000185632 0.000152819 0.000125333 0.000102435 8.34517e-05 6.77846e-05 5.49066e-05 4.43602e-05 3.57529e-05 2.87501e-05 2.30694e-05 1.84738e-05 1.47654e-05 1.178e-05 9.38205e-06 7.46001e-06 5.92248e-06 4.69486e-06 3.71641e-06 2.93788e-06 2.31941e-06 1.82886e-06 1.44033e-06 1.13303e-06 8.90311e-07 6.98839e-07 5.47981e-07 4.29263e-07 3.35942e-07 2.62666e-07 2.05189e-07 1.6015e-07 1.24892e-07 9.73178e-08 7.57715e-08 5.89505e-08 4.58296e-08 3.56035e-08 2.76397e-08 2.14427e-08 1.66241e-08 1.288e-08 9.97284e-09 7.71716e-09 5.96812e-09 4.6128e-09 3.56324e-09 2.75097e-09 2.12271e-09 1.63707e-09 1.26189e-09 9.72197e-10 7.48642e-10 5.76216e-10 4.43294e-10 3.40877e-10 2.62004e-10 2.01292e-10 1.54581e-10 1.1866e-10 9.10479e-11 6.98328e-11 5.35397e-11 4.10319e-11 3.14342e-11 2.40723e-11 1.84278e-11 1.41017e-11 1.07874e-11 8.24913e-12 6.30596e-12 4.81889e-12 3.68129e-12 2.81132e-12 2.14626e-12 1.63802e-12 1.24974e-12 9.53209e-13 7.2682e-13 5.54036e-13 4.22204e-13 3.2165e-13 2.44976e-13 1.86527e-13 1.41985e-13 1.08051e-13 8.22051e-14 6.25253e-14
0.00157753 0.00086298 0.000806122 0.000736434 0.000661085 0.000585065 0.000511698 0.000443068 0.000380344 0.000324051 0.00027426 0.00023075 0.000193114 0.000160842 0.000133378 0.000110162 9.06532e-05 7.43461e-05 6.07806e-05 4.95448e-05 4.02757e-05 3.26568e-05 2.64156e-05 2.13188e-05 1.71686e-05 1.37985e-05 1.10686e-05 8.86273e-06 7.08419e-06 5.65325e-06 4.50426e-06 3.58341e-06 2.84673e-06 2.25839e-06 1.78929e-06 1.41583e-06 1.11896e-06 8.83298e-07 6.96486e-07 5.48587e-07 4.31643e-07 3.39284e-07 2.66427e-07 2.09018e-07 1.63829e-07 1.28296e-07 1.00384e-07 7.84791e-08 6.13046e-08 4.78511e-08 3.73216e-08 2.90876e-08 2.26539e-08 1.76309e-08 1.37123e-08 1.06576e-08 8.27799e-09 6.42568e-09 4.98479e-09 3.86469e-09 2.99453e-09 2.31897e-09 1.79482e-09 1.38838e-09 1.07341e-09 8.29467e-10 6.40635e-10 4.94545e-10 3.81584e-10 2.94285e-10 2.26853e-10 1.74792e-10 1.34618e-10 1.03633e-10 7.97449e-11 6.13375e-11 4.71596e-11 3.62442e-11 2.78442e-11 2.13826e-11 1.64142e-11 1.25956e-11 9.66171e-12 7.40855e-12 5.67882e-12 4.35141e-12 3.33314e-12 2.55229e-12 1.95372e-12 1.49504e-12 1.14368e-12 8.74617e-13 6.68646e-13 5.11025e-13 3.90442e-13 2.98224e-13 2.27721e-13 1.73835e-13 1.32663e-13 1.01214e-13 7.71989e-14
0.00115175 0.000658311 0.00062463 0.000578449 0.00052562 0.000470361 0.000415613 0.000363328 0.000314715 0.000270433 0.00023075 0.00019566 0.000164976 0.000138399 0.000115569 9.60984e-05 7.95987e-05 6.56963e-05 5.40423e-05 4.43186e-05 3.62399e-05 2.9554e-05 2.40407e-05 1.95093e-05 1.57964e-05 1.2763e-05 1.02914e-05 8.28258e-06 6.65375e-06 5.33601e-06 4.27218e-06 3.41506e-06 2.72578e-06 2.17249e-06 1.72911e-06 1.37439e-06 1.09105e-06 8.65053e-07 6.85059e-07 5.419e-07 4.28185e-07 3.37974e-07 2.66495e-07 2.09926e-07 1.65205e-07 1.29891e-07 1.02034e-07 8.00807e-08 6.27979e-08 4.92045e-08 3.85228e-08 3.01366e-08 2.35582e-08 1.84023e-08 1.43645e-08 1.12049e-08 8.73435e-09 6.80403e-09 5.29691e-09 4.12103e-09 3.20422e-09 2.48989e-09 1.93367e-09 1.50085e-09 1.16426e-09 9.02667e-10 6.99475e-10 5.41739e-10 4.19359e-10 3.24463e-10 2.50918e-10 1.9395e-10 1.49846e-10 1.15718e-10 8.93222e-11 6.89171e-11 5.31503e-11 4.09732e-11 3.15728e-11 2.43191e-11 1.87244e-11 1.44111e-11 1.10871e-11 8.52658e-12 6.55493e-12 5.03735e-12 3.86971e-12 2.97168e-12 2.28125e-12 1.75063e-12 1.34298e-12 1.02992e-12 7.89573e-13 6.05121e-13 4.63612e-13 3.55085e-13 2.7188e-13 2.08109e-13 1.59248e-13 1.21824e-13 9.31672e-14
0.000840886 0.000501258 0.00048289 0.000453114 0.000416593 0.000376799 0.00033624 0.000296657 0.000259199 0.000224563 0.000193114 0.000164976 0.000140106 0.000118352 9.94909e-05 8.32659e-05 6.94036e-05 5.76322e-05 4.7691e-05 3.9337e-05 3.23485e-05 2.65265e-05 2.16947e-05 1.76988e-05 1.44049e-05 1.1698e-05 9.47975e-06 7.66679e-06 6.18876e-06 4.98664e-06 4.01109e-06 3.22107e-06 2.58257e-06 2.06752e-06 1.65279e-06 1.31941e-06 1.05188e-06 8.37512e-07 6.66008e-07 5.28994e-07 4.19684e-07 3.32592e-07 2.6329e-07 2.08213e-07 1.64492e-07 1.29826e-07 1.02369e-07 8.06451e-08 6.34751e-08 4.99178e-08 3.92234e-08 3.07952e-08 2.41589e-08 1.89382e-08 1.48346e-08 1.16118e-08 9.08262e-09 7.09946e-09 5.54557e-09 4.32895e-09 3.37707e-09 2.63285e-09 2.05138e-09 1.59738e-09 1.24313e-09 9.6689e-10 7.51615e-10 5.83952e-10 4.53447e-10 3.51924e-10 2.72992e-10 2.11657e-10 1.64022e-10 1.27047e-10 9.83605e-11 7.6116e-11 5.88755e-11 4.55198e-11 3.51785e-11 2.71749e-11 2.09834e-11 1.61958e-11 1.24956e-11 9.63687e-12 7.42927e-12 5.72518e-12 4.4103e-12 3.39615e-12 2.61424e-12 2.01164e-12 1.54739e-12 1.18987e-12 9.14642e-13 7.0284e-13 5.39906e-13 4.14608e-13 3.18287e-13 2.44266e-13 1.87401e-13 1.4373e-13 1.10202e-13
0.000613926 0.000381026 0.000372528 0.000354047 0.000329228 0.000300868 0.000271049 0.000241273 0.000212575 0.000185632 0.000160842 0.000138399 0.000118352 0.000100643 8.51506e-05 7.17094e-05 6.01333e-05 5.02282e-05 4.18023e-05 3.46724e-05 2.86681e-05 2.36336e-05 1.94294e-05 1.59316e-05 1.30314e-05 1.06344e-05 8.65927e-06 7.03628e-06 5.70616e-06 4.61875e-06 3.73184e-06 3.01006e-06 2.42389e-06 1.9488e-06 1.56446e-06 1.2541e-06 1.00392e-06 8.02566e-07 6.40773e-07 5.10961e-07 4.06959e-07 3.23751e-07 2.57269e-07 2.04218e-07 1.61937e-07 1.2828e-07 1.01518e-07 8.02635e-08 6.34002e-08 5.00351e-08 3.94531e-08 3.10828e-08 2.44682e-08 1.92459e-08 1.51264e-08 1.18796e-08 9.3229e-09 7.31116e-09 5.7295e-09 4.48694e-09 3.51151e-09 2.74634e-09 2.14654e-09 1.67669e-09 1.30889e-09 1.02116e-09 7.96224e-10 6.20481e-10 4.83259e-10 3.7618e-10 2.92671e-10 2.27581e-10 1.76877e-10 1.37401e-10 1.06683e-10 8.27922e-11 6.42213e-11 4.9793e-11 3.85887e-11 2.98922e-11 2.31454e-11 1.79137e-11 1.38587e-11 1.07172e-11 8.28442e-12 6.40131e-12 4.9443e-12 3.81745e-12 2.94629e-12 2.27309e-12 1.75306e-12 1.35151e-12 1.04157e-12 8.02428e-13 6.17978e-13 4.75765e-13 3.66157e-13 2.81708e-13 2.16666e-13 1.66587e-13 1.28044e-13
0.000448224 0.00028918 0.000286833 0.000276003 0.000259497 0.000239525 0.000217782 0.000195528 0.000173668 0.000152819 0.000133378 0.000115569 9.94909e-05 8.51506e-05 7.24919e-05 6.14171e-05 5.18038e-05 4.35167e-05 3.6417e-05 3.03685e-05 2.52415e-05 2.09158e-05 1.72815e-05 1.424e-05 1.17039e-05 9.59625e-06 7.85018e-06 6.40789e-06 5.21982e-06 4.24368e-06 3.44364e-06 2.78944e-06 2.25565e-06 1.82103e-06 1.46785e-06 1.18139e-06 9.49456e-07 7.61996e-07 6.1073e-07 4.8886e-07 3.90823e-07 3.12071e-07 2.48898e-07 1.98291e-07 1.57802e-07 1.25449e-07 9.9627e-08 7.90422e-08 6.26505e-08 4.96119e-08 3.92514e-08 3.10272e-08 2.45053e-08 1.93383e-08 1.52484e-08 1.2014e-08 9.45841e-09 7.44089e-09 5.84945e-09 4.59512e-09 3.60726e-09 2.82985e-09 2.21852e-09 1.73813e-09 1.3609e-09 1.06489e-09 8.32757e-10 6.50844e-10 5.08376e-10 3.96869e-10 3.09649e-10 2.41466e-10 1.88196e-10 1.46602e-10 1.14143e-10 8.88261e-11 6.90906e-11 5.37141e-11 4.174e-11 3.24201e-11 2.51698e-11 1.95322e-11 1.51507e-11 1.1747e-11 9.1041e-12 7.05288e-12 5.46158e-12 4.22762e-12 3.27116e-12 2.53011e-12 1.95619e-12 1.51188e-12 1.16806e-12 9.02102e-13 6.96449e-13 5.3749e-13 4.14668e-13 3.19802e-13 2.46557e-13 1.90024e-13 1.46405e-13
0.000327246 0.000219157 0.000220456 0.000214706 0.000204036 0.000190167 0.000174456 0.000157938 0.000141381 0.000125333 0.000110162 9.60984e-05 8.32659e-05 7.17094e-05 6.14171e-05 5.23381e-05 4.43957e-05 3.74988e-05 3.15489e-05 2.64461e-05 2.20932e-05 1.8398e-05 1.52751e-05 1.26467e-05 1.04428e-05 8.60139e-06 7.0679e-06 5.79476e-06 4.7408e-06 3.87065e-06 3.15408e-06 2.56542e-06 2.08292e-06 1.68831e-06 1.36623e-06 1.10387e-06 8.90556e-07 7.17428e-07 5.77156e-07 4.63689e-07 3.72049e-07 2.98148e-07 2.38639e-07 1.90786e-07 1.52357e-07 1.21536e-07 9.6848e-08 7.70958e-08 6.13112e-08 4.87113e-08 3.86646e-08 3.06622e-08 2.42945e-08 1.92327e-08 1.52127e-08 1.20232e-08 9.49488e-09 7.49242e-09 5.90782e-09 4.65492e-09 3.6651e-09 2.88373e-09 2.26739e-09 1.78159e-09 1.39895e-09 1.0978e-09 8.60936e-10 6.74766e-10 5.28538e-10 4.13756e-10 3.23715e-10 2.53127e-10 1.97822e-10 1.54517e-10 1.20629e-10 9.41234e-11 7.34048e-11 5.72183e-11 4.45793e-11 3.47155e-11 2.70214e-11 2.10229e-11 1.63485e-11 1.27078e-11 9.87358e-12 7.66814e-12 5.95281e-12 4.61926e-12 3.58299e-12 2.77807e-12 2.15313e-12 1.66812e-12 1.29187e-12 1.0001e-12 7.73946e-13 5.98712e-13 4.62987e-13 3.57903e-13 2.76574e-13 2.13652e-13 1.6499e-13
0.00023892 0.000165866 0.000169158 0.000166694 0.000160067 0.0001506 0.000139361 0.000127189 0.000114724 0.000102435 9.06532e-05 7.95987e-05 6.94036e-05 6.01333e-05 5.18038e-05 4.43957e-05 3.78653e-05 3.21535e-05 2.71921e-05 2.29092e-05 1.92329e-05 1.60933e-05 1.34246e-05 1.11658e-05 9.26169e-06 7.66237e-06 6.32368e-06 5.20673e-06 4.2776e-06 3.50687e-06 2.86925e-06 2.34306e-06 1.90987e-06 1.55404e-06 1.26238e-06 1.0238e-06 8.29029e-07 6.7031e-07 5.412e-07 4.36355e-07 3.51352e-07 2.82544e-07 2.26929e-07 1.82042e-07 1.45863e-07 1.16744e-07 9.33354e-08 7.45418e-08 5.94713e-08 4.74005e-08 3.77431e-08 3.00251e-08 2.38635e-08 1.89495e-08 1.50344e-08 1.19181e-08 9.44002e-09 7.4712e-09 5.9084e-09 4.66894e-09 3.68676e-09 2.90908e-09 2.29382e-09 1.80744e-09 1.42323e-09 1.11995e-09 8.80725e-10 6.92163e-10 5.43636e-10 4.26722e-10 3.34753e-10 2.62454e-10 2.05652e-10 1.61054e-10 1.26059e-10 9.86146e-11 7.71049e-11 6.02558e-11 4.70648e-11 3.67433e-11 2.86713e-11 2.2362e-11 1.74329e-11 1.3584e-11 1.05801e-11 8.23677e-12 6.40966e-12 4.9857e-12 3.87644e-12 3.01273e-12 2.3405e-12 1.81754e-12 1.41086e-12 1.09476e-12 8.49149e-13 6.58394e-13 5.10301e-13 3.95374e-13 3.0622e-13 2.37085e-13 1.83494e-13
0.000174434 0.000125377 0.000129596 0.000129182 0.00012531 0.000118985 0.000111039 0.00010214 9.28126e-05 8.34517e-05 7.43461e-05 6.56963e-05 5.76322e-05 5.02282e-05 4.35167e-05 3.74988e-05 3.21535e-05 2.74447e-05 2.33268e-05 1.97493e-05 1.66595e-05 1.40053e-05 1.17363e-05 9.80533e-06 8.16889e-06 6.78736e-06 5.6252e-06 4.65083e-06 3.83647e-06 3.15782e-06 2.59384e-06 2.12638e-06 1.73987e-06 1.42104e-06 1.15862e-06 9.43086e-07 7.66422e-07 6.21895e-07 5.03874e-07 4.07669e-07 3.29378e-07 2.6577e-07 2.1417e-07 1.72375e-07 1.38569e-07 1.11264e-07 8.92393e-08 7.1496e-08 5.722e-08 4.57475e-08 3.65387e-08 2.91554e-08 2.3242e-08 1.85111e-08 1.47299e-08 1.1711e-08 9.30286e-09 7.38384e-09 5.85596e-09 4.6406e-09 3.67465e-09 2.9076e-09 2.29898e-09 1.81646e-09 1.43422e-09 1.13164e-09 8.92299e-10 7.03122e-10 5.53699e-10 4.35758e-10 3.42729e-10 2.694e-10 2.11636e-10 1.66162e-10 1.30385e-10 1.02255e-10 8.01507e-11 6.27911e-11 4.91657e-11 3.84773e-11 3.00974e-11 2.35309e-11 1.83882e-11 1.43625e-11 1.1213e-11 8.75006e-12 6.82504e-12 5.32116e-12 4.14685e-12 3.23031e-12 2.51528e-12 1.95771e-12 1.52311e-12 1.18452e-12 9.20828e-13 7.15561e-13 5.55838e-13 4.31604e-13 3.35013e-13 2.59943e-13 2.01622e-13
0.000127354 9.46614e-05 9.91438e-05 9.99409e-05 9.79095e-05 9.38029e-05 8.82612e-05 8.18119e-05 7.48771e-05 6.77846e-05 6.07806e-05 5.40423e-05 4.7691e-05 4.18023e-05 3.6417e-05 3.15489e-05 2.71921e-05 2.33268e-05 1.99241e-05 1.6949e-05 1.4364e-05 1.21305e-05 1.02105e-05 8.56775e-06 7.16833e-06 5.98095e-06 4.97723e-06 4.1317e-06 3.42174e-06 2.82743e-06 2.33136e-06 1.91841e-06 1.57553e-06 1.29152e-06 1.05682e-06 8.63285e-07 7.0403e-07 5.73245e-07 4.66044e-07 3.78333e-07 3.06695e-07 2.48282e-07 2.00728e-07 1.62075e-07 1.30704e-07 1.05279e-07 8.47012e-08 6.80691e-08 5.46433e-08 4.38192e-08 3.51031e-08 2.80926e-08 2.24604e-08 1.79404e-08 1.43169e-08 1.1415e-08 9.09335e-09 7.23774e-09 5.75602e-09 4.57395e-09 3.63176e-09 2.88143e-09 2.28441e-09 1.80975e-09 1.43269e-09 1.1334e-09 8.96014e-10 7.07872e-10 5.58868e-10 4.40946e-10 3.47686e-10 2.73982e-10 2.15771e-10 1.69828e-10 1.33589e-10 1.05024e-10 8.25203e-11 6.48032e-11 5.08627e-11 3.99e-11 3.1284e-11 2.45161e-11 1.92027e-11 1.50335e-11 1.17639e-11 9.20102e-12 7.19314e-12 5.62085e-12 4.39027e-12 3.42758e-12 2.67483e-12 2.0865e-12 1.62689e-12 1.26799e-12 9.8787e-13 7.69322e-13 5.98887e-13 4.66028e-13 3.62504e-13 2.81871e-13 2.19092e-13
9.29802e-05 7.13927e-05 7.57451e-05 7.71956e-05 7.63609e-05 7.37998e-05 6.99994e-05 6.53708e-05 6.02506e-05 5.49066e-05 4.95448e-05 4.43186e-05 3.9337e-05 3.46724e-05 3.03685e-05 2.64461e-05 2.29092e-05 1.97493e-05 1.6949e-05 1.44853e-05 1.23318e-05 1.04605e-05 8.84302e-06 7.45181e-06 6.2606e-06 5.24488e-06 4.38215e-06 3.65201e-06 3.03615e-06 2.51834e-06 2.08425e-06 1.72137e-06 1.41883e-06 1.16721e-06 9.58453e-07 7.85643e-07 6.42901e-07 5.25236e-07 4.28433e-07 3.48944e-07 2.83788e-07 2.30474e-07 1.86922e-07 1.514e-07 1.22473e-07 9.89513e-08 7.98517e-08 6.43642e-08 5.18224e-08 4.16791e-08 3.34858e-08 2.68755e-08 2.15486e-08 1.72607e-08 1.3813e-08 1.10438e-08 8.82186e-09 7.04079e-09 5.61452e-09 4.47346e-09 3.56141e-09 2.83306e-09 2.25193e-09 1.78865e-09 1.41963e-09 1.12593e-09 8.92368e-10 7.06765e-10 5.59387e-10 4.42449e-10 3.4973e-10 2.76266e-10 2.18098e-10 1.72073e-10 1.35679e-10 1.0692e-10 8.42089e-11 6.62844e-11 5.21465e-11 4.10019e-11 3.22219e-11 2.53088e-11 1.98687e-11 1.55901e-11 1.22268e-11 9.58444e-12 7.50952e-12 5.88103e-12 4.60356e-12 3.60194e-12 2.81699e-12 2.20213e-12 1.72073e-12 1.344e-12 1.04931e-12 8.18891e-13 6.38813e-13 4.98135e-13 3.88284e-13 3.02541e-13 2.35641e-13
6.78843e-05 5.37887e-05 5.77955e-05 5.95379e-05 5.94534e-05 5.79518e-05 5.54001e-05 5.21156e-05 4.83637e-05 4.43602e-05 4.02757e-05 3.62399e-05 3.23485e-05 2.86681e-05 2.52415e-05 2.20932e-05 1.92329e-05 1.66595e-05 1.4364e-05 1.23318e-05 1.0545e-05 8.98353e-06 7.62657e-06 6.45336e-06 5.44376e-06 4.57871e-06 3.84049e-06 3.21287e-06 2.68112e-06 2.23209e-06 1.85407e-06 1.53676e-06 1.27113e-06 1.04934e-06 8.64617e-07 7.1112e-07 5.83857e-07 4.78566e-07 3.91632e-07 3.19992e-07 2.61066e-07 2.12684e-07 1.73026e-07 1.40573e-07 1.14058e-07 9.24279e-08 7.48078e-08 6.04749e-08 4.88319e-08 3.93864e-08 3.17335e-08 2.55407e-08 2.05353e-08 1.64944e-08 1.32358e-08 1.06109e-08 8.49881e-09 6.80099e-09 5.43759e-09 4.34381e-09 3.46715e-09 2.76517e-09 2.20357e-09 1.75467e-09 1.39616e-09 1.11007e-09 8.8197e-10 7.00243e-10 5.55575e-10 4.40496e-10 3.49022e-10 2.76363e-10 2.18691e-10 1.72946e-10 1.36686e-10 1.07964e-10 8.52267e-11 6.72391e-11 5.30178e-11 4.17812e-11 3.2908e-11 2.59054e-11 2.03822e-11 1.60282e-11 1.2598e-11 9.89687e-12 7.7711e-12 6.09898e-12 4.78439e-12 3.75139e-12 2.94008e-12 2.30319e-12 1.80347e-12 1.41155e-12 1.10433e-12 8.63603e-13 6.75072e-13 5.27482e-13 4.11993e-13 3.21661e-13 2.51036e-13
4.9562e-05 4.04867e-05 4.40472e-05 4.58549e-05 4.62154e-05 4.54258e-05 4.37599e-05 4.146e-05 3.87336e-05 3.57529e-05 3.26568e-05 2.9554e-05 2.65265e-05 2.36336e-05 2.09158e-05 1.8398e-05 1.60933e-05 1.40053e-05 1.21305e-05 1.04605e-05 8.98353e-06 7.68562e-06 6.55169e-06 5.56626e-06 4.71405e-06 3.98036e-06 3.35134e-06 2.81415e-06 2.35703e-06 1.96937e-06 1.64166e-06 1.36546e-06 1.13333e-06 9.38767e-07 7.76095e-07 6.4042e-07 5.2752e-07 4.33777e-07 3.56104e-07 2.91874e-07 2.38862e-07 1.95188e-07 1.59272e-07 1.29785e-07 1.05615e-07 8.58357e-08 6.96728e-08 5.64845e-08 4.57386e-08 3.69947e-08 2.98891e-08 2.41221e-08 1.94474e-08 1.56626e-08 1.26019e-08 1.01294e-08 8.13437e-09 6.52625e-09 5.23136e-09 4.18972e-09 3.35263e-09 2.68054e-09 2.14145e-09 1.70941e-09 1.36348e-09 1.08673e-09 8.65507e-10 6.88819e-10 5.4781e-10 4.35365e-10 3.45765e-10 2.74422e-10 2.17657e-10 1.72523e-10 1.36663e-10 1.0819e-10 8.55969e-11 6.76821e-11 5.34857e-11 4.22428e-11 3.33446e-11 2.63063e-11 2.07424e-11 1.63466e-11 1.28757e-11 1.01366e-11 7.97613e-12 6.27305e-12 4.93122e-12 3.87456e-12 3.04288e-12 2.38862e-12 1.87418e-12 1.46988e-12 1.15229e-12 9.0292e-13 7.07218e-13 5.53699e-13 4.33326e-13 3.38983e-13 2.65073e-13
3.61849e-05 3.04468e-05 3.35319e-05 3.52699e-05 3.58708e-05 3.55474e-05 3.45017e-05 3.29173e-05 3.09547e-05 2.87501e-05 2.64156e-05 2.40407e-05 2.16947e-05 1.94294e-05 1.72815e-05 1.52751e-05 1.34246e-05 1.17363e-05 1.02105e-05 8.84302e-06 7.62657e-06 6.55169e-06 5.60762e-06 4.78303e-06 4.06643e-06 3.44658e-06 2.91273e-06 2.4548e-06 2.06344e-06 1.73016e-06 1.44727e-06 1.2079e-06 1.00593e-06 8.36003e-07 6.93399e-07 5.74026e-07 4.74334e-07 3.91267e-07 3.22201e-07 2.64894e-07 2.17437e-07 1.78211e-07 1.45848e-07 1.19192e-07 9.72751e-08 7.92828e-08 6.45353e-08 5.24655e-08 4.26016e-08 3.45515e-08 2.79907e-08 2.26506e-08 1.83096e-08 1.4785e-08 1.19268e-08 9.61152e-09 7.73824e-09 6.22419e-09 5.00178e-09 4.01584e-09 3.22144e-09 2.58197e-09 2.06772e-09 1.65455e-09 1.32288e-09 1.05687e-09 8.43716e-10 6.73049e-10 5.36513e-10 4.2737e-10 3.40193e-10 2.70614e-10 2.15121e-10 1.70896e-10 1.35676e-10 1.07646e-10 8.53541e-11 6.76375e-11 5.35664e-11 4.23979e-11 3.35387e-11 2.65158e-11 2.09518e-11 1.65464e-11 1.30603e-11 1.03033e-11 8.12408e-12 6.40254e-12 5.04329e-12 3.97067e-12 3.12466e-12 2.45775e-12 1.93227e-12 1.51845e-12 1.19271e-12 9.36436e-13 7.34903e-13 5.76494e-13 4.52038e-13 3.54302e-13 2.77583e-13
2.64184e-05 2.28771e-05 2.54999e-05 2.70945e-05 2.78021e-05 2.77731e-05 2.7155e-05 2.60857e-05 2.46883e-05 2.30694e-05 2.13188e-05 1.95093e-05 1.76988e-05 1.59316e-05 1.424e-05 1.26467e-05 1.11658e-05 9.80533e-06 8.56775e-06 7.45181e-06 6.45336e-06 5.56626e-06 4.78303e-06 4.09549e-06 3.4951e-06 2.97335e-06 2.52197e-06 2.13308e-06 1.79932e-06 1.51392e-06 1.2707e-06 1.06408e-06 8.89083e-07 7.41291e-07 6.16812e-07 5.12235e-07 4.24592e-07 3.51312e-07 2.90175e-07 2.39278e-07 1.96991e-07 1.61925e-07 1.32902e-07 1.08922e-07 8.91444e-08 7.28586e-08 5.94698e-08 4.84794e-08 3.94713e-08 3.20984e-08 2.60723e-08 2.11535e-08 1.71438e-08 1.38793e-08 1.12247e-08 9.06861e-09 7.31942e-09 5.90194e-09 4.75449e-09 3.82662e-09 3.07707e-09 2.47219e-09 1.98452e-09 1.59172e-09 1.27563e-09 1.0215e-09 8.17357e-10 6.53515e-10 5.22127e-10 4.1685e-10 3.32563e-10 2.65133e-10 2.1123e-10 1.68174e-10 1.33805e-10 1.06392e-10 8.45413e-11 6.71367e-11 5.32827e-11 4.22623e-11 3.35016e-11 2.65416e-11 2.10157e-11 1.6631e-11 1.3154e-11 1.03983e-11 8.21556e-12 6.48766e-12 5.12056e-12 4.03951e-12 3.18513e-12 2.51023e-12 1.97739e-12 1.55693e-12 1.2253e-12 9.63874e-13 7.57884e-13 5.95653e-13 4.67945e-13 3.67461e-13 2.88432e-13
1.92879e-05 1.71756e-05 1.93725e-05 2.07896e-05 2.15194e-05 2.16665e-05 2.13377e-05 2.06352e-05 1.9653e-05 1.84738e-05 1.71686e-05 1.57964e-05 1.44049e-05 1.30314e-05 1.17039e-05 1.04428e-05 9.26169e-06 8.16889e-06 7.16833e-06 6.2606e-06 5.44376e-06 4.71405e-06 4.06643e-06 3.4951e-06 2.99381e-06 2.55617e-06 2.17586e-06 1.8468e-06 1.56321e-06 1.31971e-06 1.11138e-06 9.3372e-07 7.82682e-07 6.54653e-07 5.4643e-07 4.55188e-07 3.78457e-07 3.14081e-07 2.60193e-07 2.15184e-07 1.77668e-07 1.4646e-07 1.20548e-07 9.90737e-08 8.13081e-08 6.66355e-08 5.45373e-08 4.45774e-08 3.63904e-08 2.96706e-08 2.41628e-08 1.96546e-08 1.59696e-08 1.29612e-08 1.05084e-08 8.51092e-09 6.88615e-09 5.56608e-09 4.49474e-09 3.62621e-09 2.92283e-09 2.35379e-09 1.89388e-09 1.52254e-09 1.22299e-09 9.81574e-10 7.87188e-10 6.30806e-10 5.05106e-10 4.04153e-10 3.23141e-10 2.58184e-10 2.06139e-10 1.64473e-10 1.3114e-10 1.04494e-10 8.32084e-11 6.62166e-11 5.26618e-11 4.18562e-11 3.32478e-11 2.63943e-11 2.09415e-11 1.66057e-11 1.31603e-11 1.0424e-11 8.2522e-12 6.52943e-12 5.16362e-12 4.08141e-12 3.2244e-12 2.54607e-12 2.00947e-12 1.5852e-12 1.24991e-12 9.85086e-13 7.76015e-13 6.1104e-13 4.80924e-13 3.78349e-13 2.97524e-13
1.4082e-05 1.28853e-05 1.47036e-05 1.59341e-05 1.66353e-05 1.68787e-05 1.67405e-05 1.62962e-05 1.56165e-05 1.47654e-05 1.37985e-05 1.2763e-05 1.1698e-05 1.06344e-05 9.59625e-06 8.60139e-06 7.66237e-06 6.78736e-06 5.98095e-06 5.24488e-06 4.57871e-06 3.98036e-06 3.44658e-06 2.97335e-06 2.55617e-06 2.1903e-06 1.87096e-06 1.59347e-06 1.35333e-06 1.14632e-06 9.68518e-07 8.1631e-07 6.8643e-07 5.75936e-07 4.82203e-07 4.02903e-07 3.35986e-07 2.79657e-07 2.3235e-07 1.92709e-07 1.59563e-07 1.31904e-07 1.08868e-07 8.97198e-08 7.38309e-08 6.06697e-08 4.97862e-08 4.08007e-08 3.33937e-08 2.72972e-08 2.22865e-08 1.81741e-08 1.48035e-08 1.20445e-08 9.78904e-09 7.94753e-09 6.44578e-09 5.22254e-09 4.22729e-09 3.41843e-09 2.76176e-09 2.2292e-09 1.79774e-09 1.44853e-09 1.16616e-09 9.38051e-10 7.53951e-10 6.05502e-10 4.85903e-10 3.89631e-10 3.12201e-10 2.49975e-10 2.00009e-10 1.59918e-10 1.27776e-10 1.02025e-10 8.14101e-11 6.49184e-11 5.17347e-11 4.12026e-11 3.27946e-11 2.60866e-11 2.07385e-11 1.64773e-11 1.30842e-11 1.03839e-11 8.23646e-12 6.52956e-12 5.17363e-12 4.09714e-12 3.24296e-12 2.56557e-12 2.02865e-12 1.60332e-12 1.26655e-12 1.00004e-12 7.89245e-13 6.22594e-13 4.90909e-13 3.86903e-13 3.04799e-13
1.02812e-05 9.65967e-06 1.11499e-05 1.21997e-05 1.28442e-05 1.31312e-05 1.31145e-05 1.28491e-05 1.2388e-05 1.178e-05 1.10686e-05 1.02914e-05 9.47975e-06 8.65927e-06 7.85018e-06 7.0679e-06 6.32368e-06 5.6252e-06 4.97723e-06 4.38215e-06 3.84049e-06 3.35134e-06 2.91273e-06 2.52197e-06 2.17586e-06 1.87096e-06 1.60367e-06 1.37043e-06 1.16776e-06 9.92364e-07 8.41126e-07 7.11174e-07 5.99879e-07 5.04857e-07 4.23967e-07 3.55297e-07 2.97156e-07 2.48052e-07 2.0668e-07 1.71902e-07 1.42731e-07 1.18314e-07 9.79172e-08 8.09116e-08 6.67595e-08 5.5003e-08 4.52534e-08 3.71813e-08 3.05089e-08 2.50019e-08 2.04635e-08 1.67287e-08 1.36594e-08 1.11406e-08 9.07619e-09 7.38632e-09 6.00475e-09 4.87658e-09 3.95641e-09 3.20674e-09 2.59664e-09 2.10066e-09 1.69788e-09 1.37111e-09 1.10627e-09 8.91825e-10 7.18356e-10 5.7816e-10 4.64956e-10 3.73627e-10 3.00009e-10 2.40718e-10 1.93003e-10 1.54636e-10 1.23809e-10 9.90591e-11 7.92036e-11 6.32861e-11 5.05348e-11 4.0327e-11 3.21611e-11 2.56329e-11 2.04176e-11 1.62537e-11 1.29315e-11 1.02825e-11 8.17153e-12 6.49035e-12 5.15226e-12 4.08785e-12 3.24164e-12 2.56927e-12 2.03532e-12 1.61154e-12 1.27536e-12 1.00883e-12 7.97611e-13 6.30322e-13 4.97889e-13 3.93101e-13 3.10228e-13
7.50625e-06 7.23661e-06 8.44795e-06 9.33106e-06 9.90563e-06 1.02027e-05 1.02595e-05 1.01158e-05 9.81096e-06 9.38205e-06 8.86273e-06 8.28258e-06 7.66679e-06 7.03628e-06 6.40789e-06 5.79476e-06 5.20673e-06 4.65083e-06 4.1317e-06 3.65201e-06 3.21287e-06 2.81415e-06 2.4548e-06 2.13308e-06 1.8468e-06 1.59347e-06 1.37043e-06 1.17499e-06 1.00449e-06 8.56342e-07 7.28118e-07 6.17532e-07 5.2248e-07 4.41039e-07 3.7147e-07 3.12211e-07 2.61872e-07 2.1922e-07 1.83168e-07 1.52768e-07 1.27191e-07 1.05717e-07 8.77255e-08 7.26812e-08 6.01251e-08 4.96647e-08 4.09656e-08 3.37434e-08 2.77571e-08 2.28031e-08 1.87095e-08 1.53319e-08 1.2549e-08 1.02593e-08 8.37791e-09 6.83398e-09 5.56859e-09 4.53275e-09 3.68583e-09 2.99417e-09 2.42994e-09 1.97016e-09 1.59591e-09 1.29158e-09 1.04436e-09 8.43728e-10 6.81065e-10 5.49308e-10 4.42682e-10 3.56471e-10 2.86827e-10 2.30614e-10 1.8528e-10 1.4875e-10 1.19336e-10 9.5672e-11 7.66476e-11 6.13649e-11 4.90969e-11 3.9256e-11 3.13677e-11 2.50488e-11 1.99905e-11 1.59441e-11 1.27092e-11 1.01247e-11 8.06117e-12 6.41461e-12 5.10154e-12 4.05506e-12 3.22151e-12 2.55796e-12 2.03003e-12 1.61024e-12 1.27661e-12 1.01161e-12 8.01229e-13 6.34296e-13 5.01906e-13 3.96963e-13 3.13819e-13
5.48027e-06 5.41785e-06 6.39557e-06 7.13015e-06 7.63104e-06 7.91764e-06 8.01535e-06 7.9525e-06 7.75807e-06 7.46001e-06 7.08419e-06 6.65375e-06 6.18876e-06 5.70616e-06 5.21982e-06 4.7408e-06 4.2776e-06 3.83647e-06 3.42174e-06 3.03615e-06 2.68112e-06 2.35703e-06 2.06344e-06 1.79932e-06 1.56321e-06 1.35333e-06 1.16776e-06 1.00449e-06 8.61469e-07 7.36726e-07 6.28349e-07 5.34537e-07 4.53614e-07 3.84038e-07 3.24401e-07 2.73433e-07 2.29994e-07 1.93071e-07 1.61764e-07 1.35283e-07 1.12936e-07 9.41178e-08 7.8305e-08 6.50443e-08 5.39454e-08 4.46731e-08 3.69407e-08 3.05035e-08 2.51536e-08 2.07144e-08 1.70367e-08 1.39944e-08 1.14813e-08 9.40836e-09 7.7008e-09 6.29607e-09 5.14194e-09 4.19491e-09 3.41874e-09 2.78335e-09 2.26382e-09 1.83948e-09 1.49327e-09 1.21111e-09 9.81373e-10 7.94519e-10 6.42688e-10 5.19435e-10 4.19473e-10 3.38474e-10 2.72901e-10 2.19861e-10 1.76996e-10 1.42382e-10 1.14454e-10 9.19384e-11 7.38004e-11 5.92001e-11 4.74563e-11 3.8017e-11 3.04355e-11 2.43504e-11 1.94697e-11 1.55578e-11 1.24243e-11 9.91606e-12 7.90957e-12 6.30547e-12 5.02385e-12 4.00051e-12 3.18389e-12 2.5326e-12 2.01348e-12 1.59993e-12 1.27067e-12 1.00866e-12 8.00283e-13 6.34643e-13 5.03044e-13 3.98545e-13 3.15606e-13
4.00111e-06 4.0537e-06 4.83806e-06 5.4434e-06 5.87263e-06 6.13724e-06 6.25413e-06 6.24326e-06 6.12574e-06 5.92248e-06 5.65325e-06 5.33601e-06 4.98664e-06 4.61875e-06 4.24368e-06 3.87065e-06 3.50687e-06 3.15782e-06 2.82743e-06 2.51834e-06 2.23209e-06 1.96937e-06 1.73016e-06 1.51392e-06 1.31971e-06 1.14632e-06 9.92364e-07 8.56342e-07 7.36726e-07 6.31993e-07 5.40661e-07 4.61316e-07 3.92631e-07 3.33372e-07 2.82408e-07 2.38708e-07 2.01344e-07 1.69484e-07 1.42386e-07 1.19396e-07 9.99359e-08 8.35012e-08 6.96511e-08 5.80033e-08 4.8227e-08 4.00371e-08 3.31887e-08 2.74722e-08 2.27086e-08 1.87456e-08 1.54539e-08 1.27239e-08 1.04632e-08 8.59379e-09 7.05008e-09 5.77705e-09 4.72862e-09 3.86626e-09 3.15783e-09 2.57654e-09 2.10013e-09 1.71013e-09 1.39122e-09 1.13072e-09 9.18153e-10 7.4488e-10 6.03777e-10 4.88984e-10 3.95684e-10 3.19923e-10 2.5846e-10 2.08641e-10 1.68295e-10 1.35648e-10 1.09253e-10 8.79304e-11 7.07187e-11 5.68364e-11 4.56479e-11 3.66373e-11 2.93858e-11 2.35544e-11 1.88681e-11 1.51047e-11 1.20846e-11 9.66242e-12 7.72118e-12 6.16634e-12 4.92178e-12 3.92619e-12 3.13025e-12 2.49431e-12 1.9865e-12 1.58123e-12 1.25799e-12 1.00031e-12 7.95015e-13 6.31538e-13 5.0143e-13 3.97935e-13 3.15651e-13
2.92119e-06 3.03124e-06 3.65717e-06 4.15205e-06 4.51492e-06 4.75193e-06 4.874e-06 4.89498e-06 4.83009e-06 4.69486e-06 4.50426e-06 4.27218e-06 4.01109e-06 3.73184e-06 3.44364e-06 3.15408e-06 2.86925e-06 2.59384e-06 2.33136e-06 2.08425e-06 1.85407e-06 1.64166e-06 1.44727e-06 1.2707e-06 1.11138e-06 9.68518e-07 8.41126e-07 7.28118e-07 6.28349e-07 5.40661e-07 4.6391e-07 3.96993e-07 3.38863e-07 2.8854e-07 2.45117e-07 2.07762e-07 1.75721e-07 1.48314e-07 1.24933e-07 1.05036e-07 8.81448e-08 7.3838e-08 6.17468e-08 5.15497e-08 4.29673e-08 3.5758e-08 2.97134e-08 2.46544e-08 2.04278e-08 1.69025e-08 1.39668e-08 1.1526e-08 9.49979e-09 7.82013e-09 6.42976e-09 5.28044e-09 4.33164e-09 3.5494e-09 2.90529e-09 2.37557e-09 1.94044e-09 1.58343e-09 1.29084e-09 1.05131e-09 8.55428e-10 6.9541e-10 5.64821e-10 4.58355e-10 3.7164e-10 3.01079e-10 2.43715e-10 1.97123e-10 1.59312e-10 1.28656e-10 1.0382e-10 8.37165e-11 6.74569e-11 5.43167e-11 4.37056e-11 3.51434e-11 2.82396e-11 2.2677e-11 1.81983e-11 1.45949e-11 1.16977e-11 9.3698e-12 7.50064e-12 6.0008e-12 4.79806e-12 3.83418e-12 3.06221e-12 2.4443e-12 1.95001e-12 1.55484e-12 1.2391e-12 9.86956e-13 7.85719e-13 6.25197e-13 4.97221e-13 3.95248e-13 3.14036e-13
2.13275e-06 2.26541e-06 2.76257e-06 3.16441e-06 3.46781e-06 3.67542e-06 3.79404e-06 3.83307e-06 3.80338e-06 3.71641e-06 3.58341e-06 3.41506e-06 3.22107e-06 3.01006e-06 2.78944e-06 2.56542e-06 2.34306e-06 2.12638e-06 1.91841e-06 1.72137e-06 1.53676e-06 1.36546e-06 1.2079e-06 1.06408e-06 9.3372e-07 8.1631e-07 7.11174e-07 6.17532e-07 5.34537e-07 4.61316e-07 3.96993e-07 3.40712e-07 2.91652e-07 2.49037e-07 2.12144e-07 1.80305e-07 1.52909e-07 1.29402e-07 1.09288e-07 9.21204e-08 7.75036e-08 6.50879e-08 5.45653e-08 4.56665e-08 3.81564e-08 3.18308e-08 2.65131e-08 2.2051e-08 1.83134e-08 1.51879e-08 1.25788e-08 1.04041e-08 8.59435e-09 7.09052e-09 5.84272e-09 4.8088e-09 3.95329e-09 3.24632e-09 2.66286e-09 2.18194e-09 1.786e-09 1.46043e-09 1.19302e-09 9.73623e-10 7.93822e-10 6.46626e-10 5.26246e-10 4.27897e-10 3.47626e-10 2.82174e-10 2.28854e-10 1.85459e-10 1.50172e-10 1.21505e-10 9.82341e-11 7.93606e-11 6.4066e-11 5.16816e-11 4.16617e-11 3.3561e-11 2.70169e-11 2.17343e-11 1.7473e-11 1.40382e-11 1.12713e-11 9.04419e-12 7.25265e-12 5.81248e-12 4.65552e-12 3.72667e-12 2.98143e-12 2.38387e-12 1.90502e-12 1.52152e-12 1.21457e-12 9.69027e-13 7.72722e-13 6.15867e-13 4.90604e-13 3.90623e-13 3.10865e-13
1.55711e-06 1.69216e-06 2.0854e-06 2.40978e-06 2.66112e-06 2.83991e-06 2.9501e-06 2.99794e-06 2.99109e-06 2.93788e-06 2.84673e-06 2.72578e-06 2.58257e-06 2.42389e-06 2.25565e-06 2.08292e-06 1.90987e-06 1.73987e-06 1.57553e-06 1.41883e-06 1.27113e-06 1.13333e-06 1.00593e-06 8.89083e-07 7.82682e-07 6.8643e-07 5.99879e-07 5.2248e-07 4.53614e-07 3.92631e-07 3.38863e-07 2.91652e-07 2.50357e-07 2.14367e-07 1.83107e-07 1.56044e-07 1.32685e-07 1.12581e-07 9.53265e-08 8.05566e-08 6.79451e-08 5.72024e-08 4.80724e-08 4.03302e-08 3.37785e-08 2.82456e-08 2.35821e-08 1.96588e-08 1.63642e-08 1.36023e-08 1.1291e-08 9.35978e-09 7.74876e-09 6.40689e-09 5.29085e-09 4.36396e-09 3.59523e-09 2.95853e-09 2.43188e-09 1.9968e-09 1.63783e-09 1.342e-09 1.0985e-09 8.98287e-10 7.3386e-10 5.98965e-10 4.88415e-10 3.97911e-10 3.23891e-10 2.63412e-10 2.14046e-10 1.73787e-10 1.40986e-10 1.14285e-10 9.25686e-11 7.49215e-11 6.05932e-11 4.8969e-11 3.95463e-11 3.19142e-11 2.57371e-11 2.07414e-11 1.67042e-11 1.3444e-11 1.08131e-11 8.69151e-12 6.98183e-12 5.60501e-12 4.49699e-12 3.60586e-12 2.88963e-12 2.31434e-12 1.85253e-12 1.48205e-12 1.18501e-12 9.46992e-13 7.56381e-13 6.0382e-13 4.81783e-13 3.84215e-13 3.06253e-13
