0.374739 0.0450051 0.0264735 0.0169221 0.011306 0.00772365 0.0053323 0.00369813 0.00256874 0.00178437 0.00123869 0.000859039 0.000595078 0.000411743 0.00028456 0.000196439 0.000135459 9.33112e-05 6.42134e-05 4.41472e-05 3.03238e-05 2.08104e-05 1.42691e-05 9.77504e-06 6.6895e-06 4.57186e-06 3.11831e-06 2.1194e-06 1.4306e-06 9.51906e-07 6.49476e-07
0.0450051 0.00886101 0.0049353 0.00286983 0.00170736 0.00103169 0.000631302 0.000390515 0.000243847 0.000153497 9.72877e-05 6.20206e-05 3.97324e-05 2.556e-05 1.65012e-05 1.06853e-05 6.93736e-06 4.51426e-06 2.94331e-06 1.92235e-06 1.25743e-06 8.23559e-07 5.39969e-07 3.54306e-07 2.32556e-07 1.52569e-07 9.98898e-08 6.50656e-08 4.19035e-08 2.63434e-08 1.74046e-08
0.0264735 0.0049353 0.00253119 0.00139183 0.000798792 0.00047169 0.000284358 0.000174177 0.000108045 6.7708e-05 4.27828e-05 2.7217e-05 1.74114e-05 1.11904e-05 7.22017e-06 4.67388e-06 3.03407e-06 1.97432e-06 1.2874e-06 8.40983e-07 5.5022e-07 3.60458e-07 2.36391e-07 1.55136e-07 1.01826e-07 6.67801e-08 4.36787e-08 2.83911e-08 1.82166e-08 1.18786e-08 7.85142e-09
0.0169221 0.00286983 0.00139183 0.000733791 0.000409147 0.000237016 0.000141083 8.56851e-05 5.28437e-05 3.2981e-05 2.07794e-05 1.31912e-05 8.42564e-06 5.40885e-06 3.48675e-06 2.25557e-06 1.46345e-06 9.51916e-07 6.20526e-07 4.05258e-07 2.65093e-07 1.73639e-07 1.13855e-07 7.47032e-08 4.90167e-08 3.21287e-08 2.09959e-08 1.36325e-08 8.93223e-09 5.82481e-09 3.85015e-09
0.011306 0.00170736 0.000798792 0.000409147 0.000223467 0.000127647 7.52675e-05 4.54199e-05 2.78857e-05 1.73477e-05 1.09032e-05 6.90855e-06 4.40606e-06 2.825e-06 1.81923e-06 1.17582e-06 7.62313e-07 4.95523e-07 3.22826e-07 2.10722e-07 1.37773e-07 9.02015e-08 5.91185e-08 3.87714e-08 2.54272e-08 1.66578e-08 1.08821e-08 7.14357e-09 4.68052e-09 3.05197e-09 2.0168e-09
0.00772365 0.00103169 0.00047169 0.000237016 0.000127647 7.22102e-05 4.22987e-05 2.54081e-05 1.55478e-05 9.648e-06 6.05181e-06 3.8283e-06 2.43816e-06 1.56134e-06 1.00437e-06 6.4852e-07 4.20076e-07 2.72836e-07 1.77614e-07 1.15854e-07 7.56968e-08 4.95282e-08 3.24414e-08 2.12635e-08 1.39377e-08 9.12807e-09 5.99443e-09 3.93438e-09 2.57734e-09 1.68029e-09 1.10989e-09
0.0053323 0.000631302 0.000284358 0.000141083 7.52675e-05 4.22987e-05 2.46639e-05 1.47664e-05 9.01341e-06 5.58201e-06 3.49549e-06 2.20796e-06 1.40435e-06 8.98239e-07 5.77176e-07 3.72299e-07 2.40924e-07 1.56338e-07 1.01689e-07 6.62769e-08 4.32715e-08 2.82922e-08 1.85192e-08 1.21309e-08 7.94806e-09 5.21682e-09 3.42475e-09 2.24707e-09 1.47158e-09 9.5918e-10 6.33242e-10
0.00369813 0.000390515 0.000174177 8.56851e-05 4.54199e-05 2.54081e-05 1.47664e-05 8.81889e-06 5.37235e-06 3.3215e-06 2.07684e-06 1.31008e-06 8.32215e-07 5.31669e-07 3.41255e-07 2.19893e-07 1.42159e-07 9.21635e-08 5.98946e-08 3.90047e-08 2.54457e-08 1.66249e-08 1.08747e-08 7.11944e-09 4.66779e-09 3.06234e-09 2.0095e-09 1.31796e-09 8.62817e-10 5.62246e-10 3.70988e-10
0.00256874 0.000243847 0.000108045 5.28437e-05 2.78857e-05 1.55478e-05 9.01341e-06 5.37235e-06 3.26727e-06 2.01699e-06 1.25943e-06 7.93429e-07 5.03407e-07 3.21238e-07 2.05965e-07 1.32581e-07 8.56291e-08 5.54631e-08 3.60125e-08 2.34327e-08 1.5275e-08 9.97256e-09 6.51905e-09 4.26765e-09 2.79649e-09 1.83371e-09 1.2027e-09 7.88466e-10 5.15986e-10 3.3615e-10 2.21683e-10
0.00178437 0.000153497 6.7708e-05 3.2981e-05 1.73477e-05 9.648e-06 5.58201e-06 3.3215e-06 2.01699e-06 1.24343e-06 7.75401e-07 4.87894e-07 3.09192e-07 1.97085e-07 1.26229e-07 8.11729e-08 5.23768e-08 3.38945e-08 2.1989e-08 1.42963e-08 9.31215e-09 6.07538e-09 3.96986e-09 2.59725e-09 1.70094e-09 1.11474e-09 7.30775e-10 4.78871e-10 3.13264e-10 2.0403e-10 1.34481e-10
0.00123869 9.72877e-05 4.27828e-05 2.07794e-05 1.09032e-05 6.05181e-06 3.49549e-06 2.07684e-06 1.25943e-06 7.75401e-07 4.82941e-07 3.03514e-07 1.92129e-07 1.22335e-07 7.82735e-08 5.02857e-08 3.2417e-08 2.09596e-08 1.35863e-08 8.8263e-09 5.74499e-09 3.74598e-09 2.44616e-09 1.59941e-09 1.04685e-09 6.85705e-10 4.49299e-10 2.94292e-10 1.92446e-10 1.25309e-10 8.25526e-11
0.000859039 6.20206e-05 2.7217e-05 1.31912e-05 6.90855e-06 3.8283e-06 2.20796e-06 1.31008e-06 7.93429e-07 4.87894e-07 3.03514e-07 1.90534e-07 1.2048e-07 7.66349e-08 4.89852e-08 3.14406e-08 2.02505e-08 1.30823e-08 8.47338e-09 5.5006e-09 3.57799e-09 2.33144e-09 1.5215e-09 9.94227e-10 6.50381e-10 4.25788e-10 2.78858e-10 1.82574e-10 1.19347e-10 7.76926e-11 5.11583e-11
0.000595078 3.97324e-05 1.74114e-05 8.42564e-06 4.40606e-06 2.43816e-06 1.40435e-06 8.32215e-07 5.03407e-07 3.09192e-07 1.92129e-07 1.2048e-07 7.61045e-08 4.83608e-08 3.08834e-08 1.98046e-08 1.27451e-08 8.22705e-09 5.32464e-09 3.45418e-09 2.24532e-09 1.46213e-09 9.53602e-10 6.22776e-10 4.07173e-10 2.66431e-10 1.7441e-10 1.14142e-10 7.45875e-11 4.85435e-11 3.19496e-11
0.000411743 2.556e-05 1.11904e-05 5.40885e-06 2.825e-06 1.56134e-06 8.98239e-07 5.31669e-07 3.21238e-07 1.97085e-07 1.22335e-07 7.66349e-08 4.83608e-08 3.07022e-08 1.95891e-08 1.25513e-08 8.0708e-09 5.2058e-09 3.36687e-09 2.18265e-09 1.41787e-09 9.22729e-10 6.01454e-10 3.92578e-10 2.56535e-10 1.6778e-10 1.09782e-10 7.18175e-11 4.69142e-11 3.0526e-11 2.00822e-11
0.00028456 1.65012e-05 7.22017e-06 3.48675e-06 1.81923e-06 1.00437e-06 5.77176e-07 3.41255e-07 2.05965e-07 1.26229e-07 7.82735e-08 4.89852e-08 3.08834e-08 1.95891e-08 1.2488e-08 7.99493e-09 5.13705e-09 3.31111e-09 2.14e-09 1.3864e-09 9.00057e-10 5.854e-10 3.81362e-10 2.48789e-10 1.62493e-10 1.06224e-10 6.94747e-11 4.54315e-11 2.9668e-11 1.93001e-11 1.26916e-11
0.000196439 1.06853e-05 4.67388e-06 2.25557e-06 1.17582e-06 6.4852e-07 3.72299e-07 2.19893e-07 1.32581e-07 8.11729e-08 5.02857e-08 3.14406e-08 1.98046e-08 1.25513e-08 7.99493e-09 5.11454e-09 3.28393e-09 2.11521e-09 1.36619e-09 8.84532e-10 5.73903e-10 3.73058e-10 2.429e-10 1.5838e-10 1.03394e-10 6.75601e-11 4.41684e-11 2.88722e-11 1.88484e-11 1.2259e-11 8.05815e-12
0.000135459 6.93736e-06 3.03407e-06 1.46345e-06 7.62313e-07 4.20076e-07 2.40924e-07 1.42159e-07 8.56291e-08 5.23768e-08 3.2417e-08 2.02505e-08 1.27451e-08 8.0708e-09 5.13705e-09 3.28393e-09 2.10708e-09 1.3563e-09 8.75472e-10 5.66484e-10 3.67339e-10 2.38655e-10 1.5531e-10 1.01219e-10 6.60476e-11 4.31384e-11 2.81911e-11 1.84214e-11 1.20223e-11 7.8177e-12 5.13677e-12
9.33112e-05 4.51426e-06 1.97432e-06 9.51916e-07 4.95523e-07 2.72836e-07 1.56338e-07 9.21635e-08 5.54631e-08 3.38945e-08 2.09596e-08 1.30823e-08 8.22705e-09 5.2058e-09 3.31111e-09 2.11521e-09 1.3563e-09 8.72493e-10 5.62845e-10 3.63989e-10 2.35903e-10 1.53184e-10 9.96393e-11 6.49069e-11 4.23344e-11 2.76389e-11 1.80551e-11 1.1794e-11 7.69485e-12 5.00274e-12 3.28591e-12
6.42134e-05 2.94331e-06 1.2874e-06 6.20526e-07 3.22826e-07 1.77614e-07 1.01689e-07 5.98946e-08 3.60125e-08 2.1989e-08 1.35863e-08 8.47338e-09 5.32464e-09 3.36687e-09 2.14e-09 1.36619e-09 8.75472e-10 5.62845e-10 3.62886e-10 2.3455e-10 1.51934e-10 9.86105e-11 6.41116e-11 4.17449e-11 2.72159e-11 1.77614e-11 1.15983e-11 7.57376e-12 4.94003e-12 3.21111e-12 2.10838e-12
4.41472e-05 1.92235e-06 8.40983e-07 4.05258e-07 2.10722e-07 1.15854e-07 6.62769e-08 3.90047e-08 2.34327e-08 1.42963e-08 8.8263e-09 5.5006e-09 3.45418e-09 2.18265e-09 1.3864e-09 8.84532e-10 5.66484e-10 3.63989e-10 2.3455e-10 1.51522e-10 9.81033e-11 6.36424e-11 4.13586e-11 2.69182e-11 1.75424e-11 1.1444e-11 7.47038e-12 4.87662e-12 3.17995e-12 2.06665e-12 1.35647e-12
3.03238e-05 1.25743e-06 5.5022e-07 2.65093e-07 1.37773e-07 7.56968e-08 4.32715e-08 2.54457e-08 1.5275e-08 9.31215e-09 5.74499e-09 3.57799e-09 2.24532e-09 1.41787e-09 9.00057e-10 5.73903e-10 3.67339e-10 2.35903e-10 1.51934e-10 9.81033e-11 6.34873e-11 4.11675e-11 2.67416e-11 1.73976e-11 1.13335e-11 7.39081e-12 4.82291e-12 3.1474e-12 2.05182e-12 1.33325e-12 8.74805e-13
2.08104e-05 8.23559e-07 3.60458e-07 1.73639e-07 9.02015e-08 4.95282e-08 2.82922e-08 1.66249e-08 9.97256e-09 6.07538e-09 3.74598e-09 2.33144e-09 1.46213e-09 9.22729e-10 5.854e-10 3.73058e-10 2.38655e-10 1.53184e-10 9.86105e-11 6.36424e-11 4.11675e-11 2.6683e-11 1.73256e-11 1.12673e-11 7.33725e-12 4.78309e-12 3.12021e-12 2.03562e-12 1.32671e-12 8.6194e-13 5.65376e-13
1.42691e-05 5.39969e-07 2.36391e-07 1.13855e-07 5.91185e-08 3.24414e-08 1.85192e-08 1.08747e-08 6.51905e-09 3.96986e-09 2.44616e-09 1.5215e-09 9.53602e-10 6.01454e-10 3.81362e-10 2.429e-10 1.5531e-10 9.96393e-11 6.41116e-11 4.13586e-11 2.67416e-11 1.73256e-11 1.12453e-11 7.3104e-12 4.7588e-12 3.10117e-12 2.02238e-12 1.31902e-12 8.59467e-13 5.5829e-13 3.66089e-13
9.77504e-06 3.54306e-07 1.55136e-07 7.47032e-08 3.87714e-08 2.12635e-08 1.21309e-08 7.11944e-09 4.26765e-09 2.59725e-09 1.59941e-09 9.94227e-10 6.22776e-10 3.92578e-10 2.48789e-10 1.5838e-10 1.01219e-10 6.49069e-11 4.17449e-11 2.69182e-11 1.73976e-11 1.12673e-11 7.3104e-12 4.75066e-12 3.09145e-12 2.01395e-12 1.31297e-12 8.56102e-13 5.57701e-13 3.62214e-13 2.37446e-13
6.6895e-06 2.32556e-07 1.01826e-07 4.90167e-08 2.54272e-08 1.39377e-08 7.94806e-09 4.66779e-09 2.79649e-09 1.70094e-09 1.04685e-09 6.50381e-10 4.07173e-10 2.56535e-10 1.62493e-10 1.03394e-10 6.60476e-11 4.23344e-11 2.72159e-11 1.75424e-11 1.13335e-11 7.33725e-12 4.7588e-12 3.09145e-12 2.01107e-12 1.30972e-12 8.53611e-13 5.56438e-13 3.62408e-13 2.35341e-13 1.54232e-13
4.57186e-06 1.52569e-07 6.67801e-08 3.21287e-08 1.66578e-08 9.12807e-09 5.21682e-09 3.06234e-09 1.83371e-09 1.11474e-09 6.85705e-10 4.25788e-10 2.66431e-10 1.6778e-10 1.06224e-10 6.75601e-11 4.31384e-11 2.76389e-11 1.77614e-11 1.1444e-11 7.39081e-12 4.78309e-12 3.10117e-12 2.01395e-12 1.30972e-12 8.52715e-13 5.55604e-13 3.62088e-13 2.35778e-13 1.53089e-13 1.00301e-13
3.11831e-06 9.98898e-08 4.36787e-08 2.09959e-08 1.08821e-08 5.99443e-09 3.42475e-09 2.0095e-09 1.2027e-09 7.30775e-10 4.49299e-10 2.78858e-10 1.7441e-10 1.09782e-10 6.94747e-11 4.41684e-11 2.81911e-11 1.80551e-11 1.15983e-11 7.47038e-12 4.82291e-12 3.12021e-12 2.02238e-12 1.31297e-12 8.53611e-13 5.55604e-13 3.61922e-13 2.35811e-13 1.53521e-13 9.96667e-14 6.52834e-14
2.1194e-06 6.50656e-08 2.83911e-08 1.36325e-08 7.14357e-09 3.93438e-09 2.24707e-09 1.31796e-09 7.88466e-10 4.78871e-10 2.94292e-10 1.82574e-10 1.14142e-10 7.18175e-11 4.54315e-11 2.88722e-11 1.84214e-11 1.1794e-11 7.57376e-12 4.87662e-12 3.1474e-12 2.03562e-12 1.31902e-12 8.56102e-13 5.56438e-13 3.62088e-13 2.35811e-13 1.5361e-13 9.99878e-14 6.49049e-14 4.25042e-14
1.4306e-06 4.19035e-08 1.82166e-08 8.93223e-09 4.68052e-09 2.57734e-09 1.47158e-09 8.62817e-10 5.15986e-10 3.13264e-10 1.92446e-10 1.19347e-10 7.45875e-11 4.69142e-11 2.9668e-11 1.88484e-11 1.20223e-11 7.69485e-12 4.94003e-12 3.17995e-12 2.05182e-12 1.32671e-12 8.59467e-13 5.57701e-13 3.62408e-13 2.35778e-13 1.53521e-13 9.99878e-14 6.50743e-14 4.22374e-14 2.76546e-14
9.51906e-07 2.63434e-08 1.18786e-08 5.82481e-09 3.05197e-09 1.68029e-09 9.5918e-10 5.62246e-10 3.3615e-10 2.0403e-10 1.25309e-10 7.76926e-11 4.85435e-11 3.0526e-11 1.93001e-11 1.2259e-11 7.8177e-12 5.00274e-12 3.21111e-12 2.06665e-12 1.33325e-12 8.6194e-13 5.5829e-13 3.62214e-13 2.35341e-13 1.53089e-13 9.96667e-14 6.49049e-14 4.22374e-14 2.74129e-14 1.79461e-14
6.49476e-07 1.74046e-08 7.85142e-09 3.85015e-09 2.0168e-09 1.10989e-09 6.33242e-10 3.70988e-10 2.21683e-10 1.34481e-10 8.25526e-11 5.11583e-11 3.19496e-11 2.00822e-11 1.26916e-11 8.05815e-12 5.13677e-12 3.28591e-12 2.10838e-12 1.35647e-12 8.74805e-13 5.65376e-13 3.66089e-13 2.37446e-13 1.54232e-13 1.00301e-13 6.52834e-14 4.25042e-14 2.76546e-14 1.79461e-14 1.17457e-14
