0.718931 0.00414361 0.00366978 0.00325014 0.00287848 0.00254932 0.00225781 0.00199962 0.00177096 0.00156845 0.0013891 0.00123025 0.00108957 0.000964979 0.000854632 0.000756904 0.000670351 0.000593696 0.000525806 0.00046568 0.000412429 0.000365267 0.000323498 0.000286506 0.000253744 0.000224728 0.00019903 0.000176271 0.000156114 0.000138262 0.000122452 0.000108449 9.6048e-05 8.50648e-05 7.53376e-05 6.67226e-05 5.90928e-05 5.23355e-05 4.63509e-05 4.10506e-05 3.63564e-05 3.2199e-05 2.8517e-05 2.52561e-05 2.2368e-05 1.98102e-05 1.75449e-05 1.55386e-05 1.37618e-05 1.21881e-05 1.07944e-05 9.56002e-06 8.46682e-06 7.49863e-06 6.64116e-06 5.88173e-06 5.20915e-06 4.61348e-06 4.08592e-06 3.61869e-06 3.20489e-06 2.83841e-06 2.51383e-06 2.22637e-06 1.97179e-06 1.74631e-06 1.54662e-06 1.36976e-06 1.21313e-06 1.0744e-06 9.51545e-07 8.42735e-07 7.46367e-07 6.61019e-07 5.85431e-07 5.18486e-07 4.59197e-07 4.06687e-07 3.60182e-07 3.18995e-07 2.82518e-07 2.50211e-07 2.21599e-07 1.96259e-07 1.73817e-07 1.53941e-07 1.36337e-07 1.20747e-07 1.0694e-07 9.47109e-08 8.38806e-08 7.42888e-08 6.57938e-08 5.82702e-08 5.16069e-08 4.57056e-08 4.04791e-08 3.58503e-08 3.17508e-08 2.812e-08 2.49045e-08
0.00414361 0.000922831 0.000843911 0.000770974 0.000703682 0.000641699 0.00058469 0.000532328 0.000484296 0.000440288 0.000400012 0.00036319 0.000329559 0.00029887 0.00027089 0.000245401 0.0002222 0.000201096 0.000181912 0.000164487 0.000148668 0.000134316 0.000121302 0.000109508 9.88257e-05 8.91543e-05 8.04024e-05 7.24863e-05 6.53293e-05 5.88613e-05 5.30183e-05 4.77419e-05 4.29789e-05 3.8681e-05 3.4804e-05 3.13079e-05 2.81563e-05 2.5316e-05 2.27572e-05 2.04525e-05 1.83773e-05 1.65093e-05 1.48282e-05 1.33157e-05 1.19552e-05 1.07318e-05 9.63177e-06 8.64303e-06 7.75447e-06 6.95611e-06 6.23893e-06 5.59482e-06 5.01643e-06 4.49716e-06 4.03106e-06 3.61275e-06 3.2374e-06 2.90064e-06 2.59858e-06 2.32766e-06 2.08473e-06 1.86692e-06 1.67166e-06 1.49665e-06 1.3398e-06 1.19925e-06 1.07333e-06 9.60526e-07 8.59484e-07 7.68991e-07 6.87955e-07 6.15397e-07 5.50437e-07 4.92287e-07 4.40238e-07 3.93655e-07 3.5197e-07 3.1467e-07 2.81299e-07 2.51445e-07 2.2474e-07 2.00855e-07 1.79494e-07 1.60391e-07 1.43311e-07 1.28039e-07 1.14386e-07 1.02181e-07 9.12723e-08 8.15219e-08 7.28079e-08 6.50209e-08 5.80627e-08 5.18457e-08 4.62912e-08 4.13292e-08 3.68966e-08 3.29374e-08 2.94012e-08 2.6243e-08 2.34226e-08
0.00366978 0.000843911 0.0007769 0.000714349 0.000656097 0.00060196 0.000551744 0.000505246 0.000462261 0.000422582 0.000386006 0.000352334 0.000321373 0.000292936 0.000266846 0.000242931 0.000221032 0.000200996 0.00018268 0.000165948 0.000150677 0.000136747 0.000124049 0.000112483 0.000101953 9.2372e-05 8.36597e-05 7.57413e-05 6.85481e-05 6.20169e-05 5.60894e-05 5.07124e-05 4.58367e-05 4.14174e-05 3.74134e-05 3.37871e-05 3.0504e-05 2.75327e-05 2.48445e-05 2.24132e-05 2.0215e-05 1.82282e-05 1.64329e-05 1.48112e-05 1.33466e-05 1.20244e-05 1.0831e-05 9.75407e-06 8.78255e-06 7.90631e-06 7.1162e-06 6.4039e-06 5.7619e-06 5.18339e-06 4.66218e-06 4.19271e-06 3.76992e-06 3.38924e-06 3.04654e-06 2.73808e-06 2.46051e-06 2.21076e-06 1.98609e-06 1.78401e-06 1.60227e-06 1.43887e-06 1.29197e-06 1.15992e-06 1.04124e-06 9.34587e-07 8.38764e-07 7.5268e-07 6.75354e-07 6.05906e-07 5.4354e-07 4.87542e-07 4.37268e-07 3.92137e-07 3.51629e-07 3.15275e-07 2.82651e-07 2.5338e-07 2.27118e-07 2.0356e-07 1.82429e-07 1.63476e-07 1.4648e-07 1.3124e-07 1.17575e-07 1.05325e-07 9.43429e-08 8.44992e-08 7.56766e-08 6.77699e-08 6.06847e-08 5.43361e-08 4.8648e-08 4.35522e-08 3.89873e-08 3.48984e-08 3.12362e-08
0.00325014 0.000770974 0.000714349 0.000660934 0.000610697 0.000563576 0.000519486 0.000478322 0.000439968 0.0004043 0.000371185 0.000340489 0.000312078 0.000285818 0.000261575 0.000239222 0.000218635 0.000199693 0.000182282 0.000166294 0.000151625 0.000138177 0.000125858 0.000114581 0.000104267 9.48387e-05 8.62258e-05 7.83627e-05 7.11883e-05 6.46458e-05 5.86828e-05 5.32508e-05 4.83049e-05 4.38037e-05 3.97091e-05 3.59859e-05 3.2602e-05 2.95275e-05 2.67354e-05 2.42006e-05 2.19002e-05 1.98133e-05 1.79208e-05 1.6205e-05 1.465e-05 1.32411e-05 1.1965e-05 1.08095e-05 9.76344e-06 8.81679e-06 7.96029e-06 7.18557e-06 6.48498e-06 5.85159e-06 5.27908e-06 4.76172e-06 4.29431e-06 3.87211e-06 3.49082e-06 3.14656e-06 2.8358e-06 2.55532e-06 2.30222e-06 2.07388e-06 1.86791e-06 1.68215e-06 1.51465e-06 1.36364e-06 1.22752e-06 1.10483e-06 9.9428e-07 8.94674e-07 8.04945e-07 7.24125e-07 6.5134e-07 5.85801e-07 5.26795e-07 4.73678e-07 4.25868e-07 3.82841e-07 3.44124e-07 3.09289e-07 2.77951e-07 2.49763e-07 2.2441e-07 2.0161e-07 1.81109e-07 1.62677e-07 1.46107e-07 1.31212e-07 1.17825e-07 1.05793e-07 9.49824e-08 8.52686e-08 7.65416e-08 6.87018e-08 6.16598e-08 5.53351e-08 4.9655e-08 4.45544e-08 3.99745e-08
0.00287848 0.000703682 0.000656097 0.000610697 0.000567551 0.000526688 0.000488107 0.000451781 0.000417665 0.000385698 0.000355806 0.000327909 0.00030192 0.000277747 0.000255297 0.000234478 0.000215195 0.000197357 0.000180876 0.000165664 0.000151637 0.000138716 0.000126825 0.00011589 0.000105843 9.66185e-05 8.81559e-05 8.03974e-05 7.32892e-05 6.67809e-05 6.08254e-05 5.5379e-05 5.0401e-05 4.58533e-05 4.1701e-05 3.79116e-05 3.44549e-05 3.13032e-05 2.84308e-05 2.5814e-05 2.34312e-05 2.12621e-05 1.92884e-05 1.74932e-05 1.58609e-05 1.43771e-05 1.30289e-05 1.18042e-05 1.06921e-05 9.68257e-06 8.76634e-06 7.93506e-06 7.18106e-06 6.49734e-06 5.87752e-06 5.31576e-06 4.80675e-06 4.34565e-06 3.92805e-06 3.54993e-06 3.20763e-06 2.89783e-06 2.61751e-06 2.3639e-06 2.13452e-06 1.92709e-06 1.73954e-06 1.57e-06 1.41677e-06 1.2783e-06 1.1532e-06 1.0402e-06 9.38134e-07 8.45968e-07 7.62755e-07 6.87635e-07 6.19833e-07 5.58645e-07 5.03434e-07 4.53624e-07 4.08692e-07 3.68167e-07 3.31622e-07 2.98669e-07 2.68961e-07 2.42181e-07 2.18043e-07 1.9629e-07 1.76688e-07 1.59027e-07 1.43117e-07 1.28785e-07 1.15877e-07 1.04253e-07 9.37854e-08 8.43609e-08 7.58763e-08 6.82388e-08 6.13644e-08 5.51776e-08 4.96102e-08
0.00254932 0.000641699 0.00060196 0.000563576 0.000526688 0.000491394 0.000457755 0.000425806 0.000395555 0.000366992 0.000340091 0.000314813 0.000291111 0.000268929 0.000248206 0.000228879 0.000210881 0.000194145 0.000178602 0.000164186 0.00015083 0.000138469 0.000127043 0.000116489 0.000106751 9.77737e-05 8.95037e-05 8.18916e-05 7.48903e-05 6.84554e-05 6.25451e-05 5.712e-05 5.21436e-05 4.75813e-05 4.34011e-05 3.9573e-05 3.60693e-05 3.28641e-05 2.99334e-05 2.72548e-05 2.48079e-05 2.25735e-05 2.05341e-05 1.86733e-05 1.69763e-05 1.54291e-05 1.40191e-05 1.27345e-05 1.15647e-05 1.04996e-05 9.53028e-06 8.64836e-06 7.84621e-06 7.11683e-06 6.4538e-06 5.85127e-06 5.30385e-06 4.80665e-06 4.35516e-06 3.9453e-06 3.57331e-06 3.23578e-06 2.92958e-06 2.65187e-06 2.40006e-06 2.17177e-06 1.96486e-06 1.77737e-06 1.6075e-06 1.45363e-06 1.31428e-06 1.1881e-06 1.07387e-06 9.70483e-07 8.76917e-07 7.92257e-07 7.15668e-07 6.46393e-07 5.83744e-07 5.27096e-07 4.75882e-07 4.29588e-07 3.87748e-07 3.49938e-07 3.15777e-07 2.84916e-07 2.5704e-07 2.31864e-07 2.09129e-07 1.88602e-07 1.70071e-07 1.53344e-07 1.38246e-07 1.24622e-07 1.12329e-07 1.01237e-07 9.12317e-08 8.22066e-08 7.4067e-08 6.67267e-08 6.01081e-08
0.00225781 0.00058469 0.000551744 0.000519486 0.000488107 0.000457755 0.00042854 0.000400538 0.000373802 0.00034836 0.000324224 0.000301388 0.000279836 0.000259542 0.000240473 0.000222589 0.000205845 0.000190195 0.000175589 0.000161977 0.000149308 0.000137532 0.000126598 0.000116456 0.00010706 9.83636e-05 9.03212e-05 8.28904e-05 7.60306e-05 6.97027e-05 6.387e-05 5.84976e-05 5.35526e-05 4.90039e-05 4.48223e-05 4.09807e-05 3.74533e-05 3.42163e-05 3.12474e-05 2.85257e-05 2.60318e-05 2.37479e-05 2.16572e-05 1.97441e-05 1.79944e-05 1.63948e-05 1.49329e-05 1.35974e-05 1.23779e-05 1.12647e-05 1.02488e-05 9.32218e-06 8.47715e-06 7.70681e-06 7.00478e-06 6.36519e-06 5.78266e-06 5.25226e-06 4.76946e-06 4.33011e-06 3.9304e-06 3.56685e-06 3.23627e-06 2.93575e-06 2.66262e-06 2.41445e-06 2.189e-06 1.98424e-06 1.79831e-06 1.62952e-06 1.47631e-06 1.33729e-06 1.21116e-06 1.09674e-06 9.92981e-07 8.98894e-07 8.13597e-07 7.36283e-07 6.66217e-07 6.02731e-07 5.45217e-07 4.93121e-07 4.45941e-07 4.03221e-07 3.64544e-07 3.29534e-07 2.97847e-07 2.69173e-07 2.43229e-07 2.19758e-07 1.98528e-07 1.79328e-07 1.61965e-07 1.46266e-07 1.32074e-07 1.19246e-07 1.07651e-07 9.71736e-08 8.77062e-08 7.91527e-08 7.14259e-08
0.00199962 0.000532328 0.000505246 0.000478322 0.000451781 0.000425806 0.000400538 0.000376089 0.000352541 0.000329952 0.000308362 0.000287793 0.000268255 0.000249744 0.000232249 0.000215749 0.000200221 0.000185634 0.000171954 0.000159146 0.000147171 0.000135992 0.000125569 0.000115863 0.000106834 9.84452e-05 9.06585e-05 8.34378e-05 7.67482e-05 7.05559e-05 6.48288e-05 5.9536e-05 5.46484e-05 5.01381e-05 4.5979e-05 4.21461e-05 3.86161e-05 3.5367e-05 3.23783e-05 2.96305e-05 2.71057e-05 2.47869e-05 2.26584e-05 2.07055e-05 1.89145e-05 1.72728e-05 1.57686e-05 1.43909e-05 1.31296e-05 1.19754e-05 1.09195e-05 9.95387e-06 9.0712e-06 8.2646e-06 7.52778e-06 6.8549e-06 6.24063e-06 5.68003e-06 5.16857e-06 4.70208e-06 4.27672e-06 3.88899e-06 3.53564e-06 3.21371e-06 2.9205e-06 2.65349e-06 2.41042e-06 2.18919e-06 1.98788e-06 1.80474e-06 1.63818e-06 1.48672e-06 1.34902e-06 1.22387e-06 1.11013e-06 1.0068e-06 9.12936e-07 8.27689e-07 7.50283e-07 6.8001e-07 6.16224e-07 5.58338e-07 5.05814e-07 4.58164e-07 4.14944e-07 3.75748e-07 3.40207e-07 3.07986e-07 2.78779e-07 2.52308e-07 2.28321e-07 2.06588e-07 1.869e-07 1.69068e-07 1.52918e-07 1.38294e-07 1.25053e-07 1.13067e-07 1.02219e-07 9.24e-08 8.35152e-08
0.00177096 0.000484296 0.000462261 0.000439968 0.000417665 0.000395555 0.000373802 0.000352541 0.000331875 0.000311886 0.000292635 0.000274165 0.000256504 0.000239668 0.000223664 0.000208487 0.000194129 0.000180574 0.000167802 0.000155789 0.000144509 0.000133933 0.000124032 0.000114776 0.000106133 9.80724e-05 9.05636e-05 8.35761e-05 7.70803e-05 7.10474e-05 6.54494e-05 6.02595e-05 5.54519e-05 5.10018e-05 4.68858e-05 4.30815e-05 3.95677e-05 3.63244e-05 3.33326e-05 3.05745e-05 2.80332e-05 2.56931e-05 2.35394e-05 2.15583e-05 1.97368e-05 1.8063e-05 1.65254e-05 1.51138e-05 1.38183e-05 1.26299e-05 1.15402e-05 1.05414e-05 9.62623e-06 8.78803e-06 8.02061e-06 7.31823e-06 6.6756e-06 6.08783e-06 5.55043e-06 5.05922e-06 4.61037e-06 4.20036e-06 3.82593e-06 3.48409e-06 3.1721e-06 2.88742e-06 2.62773e-06 2.39091e-06 2.17498e-06 1.97817e-06 1.79881e-06 1.6354e-06 1.48655e-06 1.351e-06 1.22759e-06 1.11526e-06 1.01302e-06 9.20003e-07 8.35384e-07 7.58423e-07 6.88439e-07 6.24813e-07 5.66978e-07 5.14417e-07 4.66657e-07 4.23269e-07 3.83857e-07 3.48065e-07 3.15565e-07 2.8606e-07 2.59277e-07 2.3497e-07 2.12913e-07 1.92901e-07 1.74748e-07 1.58282e-07 1.4335e-07 1.2981e-07 1.17535e-07 1.06407e-07 9.63217e-08
0.00156845 0.000440288 0.000422582 0.0004043 0.000385698 0.000366992 0.00034836 0.000329952 0.000311886 0.00029426 0.000277151 0.000260616 0.000244699 0.000229431 0.000214833 0.000200913 0.000187676 0.000175117 0.000163227 0.000151994 0.000141401 0.000131428 0.000122055 0.000113258 0.000105013 9.72959e-05 9.00819e-05 8.33458e-05 7.7063e-05 7.1209e-05 6.57598e-05 6.06923e-05 5.59839e-05 5.16129e-05 4.75583e-05 4.38001e-05 4.03192e-05 3.70975e-05 3.41177e-05 3.13633e-05 2.8819e-05 2.64701e-05 2.43029e-05 2.23043e-05 2.04624e-05 1.87656e-05 1.72033e-05 1.57656e-05 1.44432e-05 1.32273e-05 1.21098e-05 1.10833e-05 1.01406e-05 9.2754e-06 8.48151e-06 7.75337e-06 7.08577e-06 6.47388e-06 5.91327e-06 5.3998e-06 4.92967e-06 4.49935e-06 4.10559e-06 3.7454e-06 3.41602e-06 3.11489e-06 2.83967e-06 2.58821e-06 2.3585e-06 2.14873e-06 1.95721e-06 1.7824e-06 1.62288e-06 1.47735e-06 1.34462e-06 1.22357e-06 1.11322e-06 1.01264e-06 9.20983e-07 8.37474e-07 7.61406e-07 6.92131e-07 6.29053e-07 5.71631e-07 5.19367e-07 4.71807e-07 4.28535e-07 3.89172e-07 3.53372e-07 3.20817e-07 2.91219e-07 2.64313e-07 2.39859e-07 2.17638e-07 1.97448e-07 1.79106e-07 1.62447e-07 1.47317e-07 1.3358e-07 1.21108e-07 1.09787e-07
0.0013891 0.000400012 0.000386006 0.000371185 0.000355806 0.000340091 0.000324224 0.000308362 0.000292635 0.000277151 0.000261996 0.00024724 0.000232939 0.000219133 0.000205855 0.000193124 0.000180954 0.000169351 0.000158315 0.000147842 0.000137923 0.000128548 0.000119701 0.000111366 0.000103527 9.61635e-05 8.92564e-05 8.27856e-05 7.67306e-05 7.10711e-05 6.5787e-05 6.08583e-05 5.62654e-05 5.19894e-05 4.80119e-05 4.43151e-05 4.08819e-05 3.7696e-05 3.47416e-05 3.20038e-05 2.94685e-05 2.71221e-05 2.4952e-05 2.2946e-05 2.10929e-05 1.93818e-05 1.78029e-05 1.63465e-05 1.5004e-05 1.37668e-05 1.26274e-05 1.15785e-05 1.06133e-05 9.72545e-06 8.90916e-06 8.15893e-06 7.46969e-06 6.83672e-06 6.25564e-06 5.72239e-06 5.23319e-06 4.78456e-06 4.37328e-06 3.99634e-06 3.65101e-06 3.33471e-06 3.0451e-06 2.78e-06 2.5374e-06 2.31546e-06 2.11248e-06 1.92688e-06 1.75722e-06 1.60217e-06 1.46051e-06 1.33111e-06 1.21294e-06 1.10504e-06 1.00656e-06 9.16687e-07 8.34686e-07 7.59886e-07 6.91667e-07 6.29465e-07 5.7276e-07 5.21076e-07 4.73979e-07 4.31069e-07 3.91981e-07 3.56383e-07 3.23967e-07 2.94455e-07 2.67592e-07 2.43144e-07 2.20898e-07 2.00658e-07 1.82247e-07 1.65503e-07 1.50276e-07 1.36432e-07 1.23847e-07
0.00123025 0.00036319 0.000352334 0.000340489 0.000327909 0.000314813 0.000301388 0.000287793 0.000274165 0.000260616 0.00024724 0.000234116 0.000221305 0.000208858 0.000196815 0.000185204 0.000174046 0.000163355 0.00015314 0.000143403 0.000134142 0.000125353 0.000117028 0.000109155 0.000101724 9.47199e-05 8.81277e-05 8.19319e-05 7.6116e-05 7.06634e-05 6.55571e-05 6.07805e-05 5.63167e-05 5.21494e-05 4.82624e-05 4.46402e-05 4.12675e-05 3.81297e-05 3.52127e-05 3.25029e-05 2.99874e-05 2.76539e-05 2.54906e-05 2.34864e-05 2.16307e-05 1.99135e-05 1.83253e-05 1.68573e-05 1.5501e-05 1.42487e-05 1.30928e-05 1.20266e-05 1.10435e-05 1.01373e-05 9.30256e-06 8.53385e-06 7.82626e-06 7.17519e-06 6.57635e-06 6.02577e-06 5.51974e-06 5.05482e-06 4.62782e-06 4.23578e-06 3.87596e-06 3.54581e-06 3.24298e-06 2.9653e-06 2.71076e-06 2.47749e-06 2.26378e-06 2.06805e-06 1.88882e-06 1.72476e-06 1.57461e-06 1.43724e-06 1.31159e-06 1.19668e-06 1.09163e-06 9.95605e-07 9.07856e-07 8.27687e-07 7.5446e-07 6.87587e-07 6.26531e-07 5.70797e-07 5.19932e-07 4.7352e-07 4.31179e-07 3.9256e-07 3.57343e-07 3.25233e-07 2.95963e-07 2.69285e-07 2.44975e-07 2.22827e-07 2.02651e-07 1.84275e-07 1.67542e-07 1.52306e-07 1.38437e-07
0.00108957 0.000329559 0.000321373 0.000312078 0.00030192 0.000291111 0.000279836 0.000268255 0.000256504 0.000244699 0.000232939 0.000221305 0.000209866 0.000198678 0.000187786 0.000177225 0.000167023 0.0001572 0.000147769 0.00013874 0.000130118 0.000121901 0.000114088 0.000106674 9.96495e-05 9.30065e-05 8.67337e-05 8.08193e-05 7.52505e-05 7.00138e-05 6.50955e-05 6.04815e-05 5.61579e-05 5.21105e-05 4.83254e-05 4.4789e-05 4.14879e-05 3.84091e-05 3.55399e-05 3.28683e-05 3.03824e-05 2.8071e-05 2.59233e-05 2.39292e-05 2.20787e-05 2.03627e-05 1.87722e-05 1.7299e-05 1.59351e-05 1.46732e-05 1.35062e-05 1.24275e-05 1.14309e-05 1.05106e-05 9.66112e-06 8.8774e-06 8.15464e-06 7.48839e-06 6.87447e-06 6.30899e-06 5.78834e-06 5.30913e-06 4.86824e-06 4.46274e-06 4.08992e-06 3.74726e-06 3.43243e-06 3.14326e-06 2.87774e-06 2.63401e-06 2.41036e-06 2.20518e-06 2.017e-06 1.84447e-06 1.68633e-06 1.54141e-06 1.40865e-06 1.28706e-06 1.17572e-06 1.07379e-06 9.80514e-07 8.95162e-07 8.17084e-07 7.45676e-07 6.80384e-07 6.20695e-07 5.66142e-07 5.16293e-07 4.70752e-07 4.29154e-07 3.91167e-07 3.56483e-07 3.24822e-07 2.95925e-07 2.69557e-07 2.455e-07 2.23556e-07 2.03542e-07 1.85293e-07 1.68655e-07 1.53489e-07
0.000964979 0.00029887 0.000292936 0.000285818 0.000277747 0.000268929 0.000259542 0.000249744 0.000239668 0.000229431 0.000219133 0.000208858 0.000198678 0.000188652 0.00017883 0.000169251 0.000159948 0.000150946 0.000142263 0.000133913 0.000125905 0.000118243 0.000110931 0.000103966 9.73448e-05 9.10618e-05 8.51098e-05 7.94802e-05 7.41634e-05 6.91491e-05 6.44261e-05 5.99832e-05 5.58084e-05 5.18901e-05 4.82163e-05 4.47751e-05 4.1555e-05 3.85445e-05 3.57323e-05 3.31077e-05 3.06599e-05 2.83789e-05 2.62548e-05 2.42783e-05 2.24403e-05 2.07322e-05 1.91458e-05 1.76734e-05 1.63076e-05 1.50413e-05 1.3868e-05 1.27814e-05 1.17756e-05 1.0845e-05 9.98451e-06 9.18914e-06 8.45431e-06 7.7757e-06 7.1493e-06 6.57131e-06 6.03821e-06 5.54671e-06 5.09373e-06 4.67642e-06 4.2921e-06 3.93829e-06 3.61268e-06 3.31312e-06 3.03762e-06 2.78433e-06 2.55153e-06 2.33763e-06 2.14115e-06 1.96073e-06 1.7951e-06 1.6431e-06 1.50363e-06 1.37571e-06 1.2584e-06 1.15085e-06 1.05228e-06 9.61955e-07 8.7921e-07 8.03426e-07 7.34034e-07 6.70508e-07 6.12366e-07 5.59164e-07 5.10492e-07 4.65974e-07 4.25264e-07 3.88045e-07 3.54022e-07 3.22929e-07 2.94519e-07 2.68565e-07 2.44858e-07 2.2321e-07 2.03444e-07 1.85399e-07 1.6893e-07
0.000854632 0.00027089 0.000266846 0.000261575 0.000255297 0.000248206 0.000240473 0.000232249 0.000223664 0.000214833 0.000205855 0.000196815 0.000187786 0.00017883 0.000169999 0.000161335 0.000152874 0.000144646 0.000136672 0.000128969 0.000121551 0.000114426 0.000107599 0.000101073 9.48483e-05 8.89214e-05 8.32888e-05 7.79447e-05 7.28826e-05 6.80946e-05 6.35721e-05 5.93061e-05 5.5287e-05 5.15049e-05 4.79499e-05 4.46119e-05 4.14807e-05 3.85464e-05 3.57991e-05 3.32291e-05 3.0827e-05 2.85837e-05 2.64903e-05 2.45381e-05 2.2719e-05 2.1025e-05 1.94486e-05 1.79825e-05 1.66199e-05 1.53542e-05 1.41792e-05 1.30889e-05 1.20779e-05 1.11408e-05 1.02727e-05 9.46891e-06 8.72496e-06 8.03674e-06 7.40037e-06 6.81218e-06 6.26877e-06 5.76693e-06 5.30365e-06 4.87616e-06 4.48182e-06 4.11821e-06 3.78305e-06 3.47422e-06 3.18976e-06 2.92782e-06 2.6867e-06 2.46482e-06 2.26071e-06 2.073e-06 1.90043e-06 1.74181e-06 1.59607e-06 1.4622e-06 1.33926e-06 1.22639e-06 1.12279e-06 1.02773e-06 9.40525e-07 8.60544e-07 7.87209e-07 7.19982e-07 6.58369e-07 6.01915e-07 5.50199e-07 5.02834e-07 4.59463e-07 4.19759e-07 3.83418e-07 3.50163e-07 3.19738e-07 2.91908e-07 2.66456e-07 2.43184e-07 2.21908e-07 2.02462e-07 1.84691e-07
0.000756904 0.000245401 0.000242931 0.000239222 0.000234478 0.000228879 0.000222589 0.000215749 0.000208487 0.000200913 0.000193124 0.000185204 0.000177225 0.000169251 0.000161335 0.000153521 0.000145848 0.000138347 0.000131042 0.000123954 0.0001171 0.000110489 0.000104132 9.8033e-05 9.21947e-05 8.66178e-05 8.13009e-05 7.62411e-05 7.14339e-05 6.6874e-05 6.25551e-05 5.84701e-05 5.46115e-05 5.09713e-05 4.75411e-05 4.43124e-05 4.12766e-05 3.84251e-05 3.57493e-05 3.32407e-05 3.08908e-05 2.86916e-05 2.6635e-05 2.47132e-05 2.29188e-05 2.12445e-05 1.96833e-05 1.82286e-05 1.6874e-05 1.56134e-05 1.44409e-05 1.3351e-05 1.23386e-05 1.13985e-05 1.0526e-05 9.71678e-06 8.96654e-06 8.27134e-06 7.62742e-06 7.03129e-06 6.47962e-06 5.96934e-06 5.49752e-06 5.06144e-06 4.65856e-06 4.28649e-06 3.94301e-06 3.62603e-06 3.33361e-06 3.06395e-06 2.81535e-06 2.58626e-06 2.3752e-06 2.18081e-06 2.00185e-06 1.83713e-06 1.68556e-06 1.54614e-06 1.41793e-06 1.30006e-06 1.19172e-06 1.09218e-06 1.00073e-06 9.16756e-07 8.39651e-07 7.68876e-07 7.03927e-07 6.44337e-07 5.89678e-07 5.39553e-07 4.93597e-07 4.51472e-07 4.12867e-07 3.77496e-07 3.45094e-07 3.15419e-07 2.88246e-07 2.6337e-07 2.40601e-07 2.19764e-07 2.007e-07
0.000670351 0.0002222 0.000221032 0.000218635 0.000215195 0.000210881 0.000205845 0.000200221 0.000194129 0.000187676 0.000180954 0.000174046 0.000167023 0.000159948 0.000152874 0.000145848 0.000138908 0.000132087 0.000125413 0.000118908 0.000112589 0.000106471 0.000100565 9.48782e-05 8.94159e-05 8.4181e-05 7.91743e-05 7.43952e-05 6.98414e-05 6.55097e-05 6.13956e-05 5.74941e-05 5.37992e-05 5.03047e-05 4.70037e-05 4.38893e-05 4.09542e-05 3.81909e-05 3.55922e-05 3.31505e-05 3.08584e-05 2.87088e-05 2.66944e-05 2.48084e-05 2.30438e-05 2.13941e-05 1.9853e-05 1.84143e-05 1.7072e-05 1.58206e-05 1.46546e-05 1.35688e-05 1.25584e-05 1.16185e-05 1.07448e-05 9.93305e-06 9.17921e-06 8.47951e-06 7.83038e-06 7.22845e-06 6.67053e-06 6.15364e-06 5.67497e-06 5.23189e-06 4.8219e-06 4.4427e-06 4.09211e-06 3.76808e-06 3.46873e-06 3.19227e-06 2.93704e-06 2.70149e-06 2.48417e-06 2.28375e-06 2.09897e-06 1.92865e-06 1.77173e-06 1.62718e-06 1.49407e-06 1.37154e-06 1.25876e-06 1.155e-06 1.05957e-06 9.71803e-07 8.9112e-07 8.16965e-07 7.48826e-07 6.86232e-07 6.28745e-07 5.7596e-07 5.27505e-07 4.83035e-07 4.42231e-07 4.04799e-07 3.70468e-07 3.38988e-07 3.10129e-07 2.83677e-07 2.59436e-07 2.37227e-07 2.16883e-07
0.000593696 0.000201096 0.000200996 0.000199693 0.000197357 0.000194145 0.000190195 0.000185634 0.000180574 0.000175117 0.000169351 0.000163355 0.0001572 0.000150946 0.000144646 0.000138347 0.000132087 0.000125902 0.000119819 0.000113863 0.000108052 0.000102404 9.69294e-05 9.16394e-05 8.65406e-05 8.1638e-05 7.69345e-05 7.2431e-05 6.81275e-05 6.40223e-05 6.01128e-05 5.63955e-05 5.28662e-05 4.95199e-05 4.63514e-05 4.33549e-05 4.05244e-05 3.78538e-05 3.53366e-05 3.29664e-05 3.07369e-05 2.86417e-05 2.66743e-05 2.48285e-05 2.30983e-05 2.14777e-05 1.99609e-05 1.85422e-05 1.72163e-05 1.59779e-05 1.48219e-05 1.37437e-05 1.27384e-05 1.18019e-05 1.09298e-05 1.01182e-05 9.36331e-06 8.66148e-06 8.00934e-06 7.40366e-06 6.8414e-06 6.31969e-06 5.83582e-06 5.38724e-06 4.97156e-06 4.58651e-06 4.23e-06 3.90003e-06 3.59474e-06 3.3124e-06 3.05137e-06 2.81014e-06 2.58727e-06 2.38145e-06 2.19142e-06 2.01605e-06 1.85424e-06 1.70499e-06 1.56738e-06 1.44053e-06 1.32364e-06 1.21595e-06 1.11677e-06 1.02545e-06 9.41388e-07 8.64034e-07 7.92868e-07 7.27412e-07 6.67223e-07 6.1189e-07 5.61034e-07 5.14305e-07 4.71376e-07 4.31949e-07 3.95745e-07 3.62509e-07 3.32004e-07 3.04012e-07 2.7833e-07 2.54774e-07 2.33171e-07
0.000525806 0.000181912 0.00018268 0.000182282 0.000180876 0.000178602 0.000175589 0.000171954 0.000167802 0.000163227 0.000158315 0.00015314 0.000147769 0.000142263 0.000136672 0.000131042 0.000125413 0.000119819 0.00011429 0.000108849 0.000103519 9.83153e-05 9.32531e-05 8.83434e-05 8.35947e-05 7.90137e-05 7.46048e-05 7.03708e-05 6.63129e-05 6.24313e-05 5.87247e-05 5.51912e-05 5.18278e-05 4.86311e-05 4.5597e-05 4.2721e-05 3.99981e-05 3.74234e-05 3.49913e-05 3.26965e-05 3.05335e-05 2.84965e-05 2.65801e-05 2.47787e-05 2.30868e-05 2.14991e-05 2.00103e-05 1.86154e-05 1.73093e-05 1.60873e-05 1.49447e-05 1.38771e-05 1.28801e-05 1.19497e-05 1.10819e-05 1.0273e-05 9.51933e-06 8.81761e-06 8.16454e-06 7.55708e-06 6.9923e-06 6.46746e-06 5.97997e-06 5.52736e-06 5.10734e-06 4.71771e-06 4.35644e-06 4.02159e-06 3.71136e-06 3.42405e-06 3.15806e-06 2.9119e-06 2.68418e-06 2.4736e-06 2.27892e-06 2.099e-06 1.93279e-06 1.77929e-06 1.63757e-06 1.50677e-06 1.38608e-06 1.27476e-06 1.1721e-06 1.07747e-06 9.90247e-07 9.09887e-07 8.35866e-07 7.67701e-07 7.04947e-07 6.47187e-07 5.94039e-07 5.45145e-07 5.00176e-07 4.58827e-07 4.20815e-07 3.85879e-07 3.53778e-07 3.24287e-07 2.972e-07 2.72328e-07 2.49492e-07
0.00046568 0.000164487 0.000165948 0.000166294 0.000165664 0.000164186 0.000161977 0.000159146 0.000155789 0.000151994 0.000147842 0.000143403 0.00013874 0.000133913 0.000128969 0.000123954 0.000118908 0.000113863 0.000108849 0.000103893 9.90139e-05 9.42318e-05 8.95611e-05 8.50144e-05 8.06015e-05 7.63303e-05 7.22066e-05 6.82345e-05 6.44166e-05 6.07544e-05 5.7248e-05 5.38966e-05 5.06986e-05 4.76516e-05 4.47528e-05 4.19988e-05 3.93856e-05 3.69091e-05 3.45649e-05 3.23484e-05 3.02549e-05 2.82795e-05 2.64174e-05 2.46637e-05 2.30136e-05 2.14621e-05 2.00048e-05 1.86368e-05 1.73538e-05 1.61512e-05 1.50249e-05 1.39707e-05 1.29847e-05 1.2063e-05 1.12019e-05 1.0398e-05 9.64794e-06 8.9484e-06 8.29638e-06 7.68897e-06 7.1234e-06 6.59705e-06 6.10744e-06 5.65222e-06 5.22917e-06 4.83618e-06 4.47127e-06 4.13259e-06 3.81838e-06 3.52698e-06 3.25685e-06 3.00653e-06 2.77465e-06 2.55994e-06 2.36119e-06 2.17727e-06 2.00715e-06 1.84984e-06 1.70442e-06 1.57003e-06 1.44588e-06 1.33123e-06 1.22537e-06 1.12766e-06 1.03751e-06 9.54341e-07 8.77645e-07 8.06935e-07 7.41761e-07 6.81706e-07 6.26381e-07 5.75426e-07 5.28509e-07 4.8532e-07 4.45572e-07 4.09e-07 3.75357e-07 3.44416e-07 3.15967e-07 2.89815e-07 2.65779e-07
0.000412429 0.000148668 0.000150677 0.000151625 0.000151637 0.00015083 0.000149308 0.000147171 0.000144509 0.000141401 0.000137923 0.000134142 0.000130118 0.000125905 0.000121551 0.0001171 0.000112589 0.000108052 0.000103519 9.90139e-05 9.45597e-05 9.01748e-05 8.58751e-05 8.16737e-05 7.75817e-05 7.36079e-05 6.9759e-05 6.60405e-05 6.2456e-05 5.90081e-05 5.5698e-05 5.25261e-05 4.94918e-05 4.65939e-05 4.38304e-05 4.11989e-05 3.86965e-05 3.63199e-05 3.40656e-05 3.19296e-05 2.99081e-05 2.79969e-05 2.61919e-05 2.44887e-05 2.28831e-05 2.13709e-05 1.99478e-05 1.86096e-05 1.73524e-05 1.6172e-05 1.50646e-05 1.40265e-05 1.30538e-05 1.21432e-05 1.12912e-05 1.04945e-05 9.7499e-06 9.05449e-06 8.40534e-06 7.79972e-06 7.23499e-06 6.70867e-06 6.21838e-06 5.76188e-06 5.33705e-06 4.94186e-06 4.57442e-06 4.23292e-06 3.91566e-06 3.62105e-06 3.34758e-06 3.09384e-06 2.85848e-06 2.64027e-06 2.43802e-06 2.25064e-06 2.07709e-06 1.91641e-06 1.7677e-06 1.6301e-06 1.50283e-06 1.38515e-06 1.27637e-06 1.17585e-06 1.08299e-06 9.97229e-07 9.18049e-07 8.44964e-07 7.77524e-07 7.1531e-07 6.57932e-07 6.05028e-07 5.56261e-07 5.1132e-07 4.69914e-07 4.31775e-07 3.96654e-07 3.64318e-07 3.34554e-07 3.07164e-07 2.81964e-07
0.000365267 0.000134316 0.000136747 0.000138177 0.000138716 0.000138469 0.000137532 0.000135992 0.000133933 0.000131428 0.000128548 0.000125353 0.000121901 0.000118243 0.000114426 0.000110489 0.000106471 0.000102404 9.83153e-05 9.42318e-05 9.01748e-05 8.61634e-05 8.2214e-05 7.83402e-05 7.45538e-05 7.08643e-05 6.72795e-05 6.38055e-05 6.0447e-05 5.72074e-05 5.4089e-05 5.10932e-05 4.82202e-05 4.54697e-05 4.28407e-05 4.03316e-05 3.79404e-05 3.56645e-05 3.35011e-05 3.14473e-05 2.94996e-05 2.76547e-05 2.59088e-05 2.42585e-05 2.26998e-05 2.12292e-05 1.98428e-05 1.85369e-05 1.73079e-05 1.61521e-05 1.5066e-05 1.40462e-05 1.30892e-05 1.21918e-05 1.13508e-05 1.05632e-05 9.8261e-06 9.13662e-06 8.49205e-06 7.88983e-06 7.32747e-06 6.80261e-06 6.313e-06 5.8565e-06 5.43108e-06 5.03482e-06 4.66587e-06 4.32252e-06 4.00313e-06 3.70615e-06 3.43012e-06 3.17367e-06 2.93551e-06 2.71442e-06 2.50925e-06 2.31893e-06 2.14244e-06 1.97884e-06 1.82724e-06 1.6868e-06 1.55675e-06 1.43636e-06 1.32495e-06 1.22187e-06 1.12654e-06 1.0384e-06 9.56932e-07 8.81648e-07 8.12102e-07 7.47874e-07 6.88573e-07 6.33836e-07 5.83326e-07 5.36727e-07 4.93748e-07 4.54117e-07 4.17584e-07 3.83913e-07 3.52887e-07 3.24306e-07 2.97984e-07
0.000323498 0.000121302 0.000124049 0.000125858 0.000126825 0.000127043 0.000126598 0.000125569 0.000124032 0.000122055 0.000119701 0.000117028 0.000114088 0.000110931 0.000107599 0.000104132 0.000100565 9.69294e-05 9.32531e-05 8.95611e-05 8.58751e-05 8.2214e-05 7.85944e-05 7.50304e-05 7.15341e-05 6.81156e-05 6.47834e-05 6.15444e-05 5.84039e-05 5.53661e-05 5.24342e-05 4.96102e-05 4.68953e-05 4.42899e-05 4.17939e-05 3.94063e-05 3.71259e-05 3.49509e-05 3.28792e-05 3.09084e-05 2.90358e-05 2.72585e-05 2.55736e-05 2.39779e-05 2.24681e-05 2.10411e-05 1.96935e-05 1.84219e-05 1.72233e-05 1.60941e-05 1.50314e-05 1.40318e-05 1.30924e-05 1.22102e-05 1.13821e-05 1.06055e-05 9.87753e-06 9.19561e-06 8.55721e-06 7.95988e-06 7.40131e-06 6.87926e-06 6.3916e-06 5.93631e-06 5.51144e-06 5.11515e-06 4.7457e-06 4.40143e-06 4.08077e-06 3.78223e-06 3.50441e-06 3.24596e-06 3.00565e-06 2.78229e-06 2.57475e-06 2.382e-06 2.20305e-06 2.03697e-06 1.88289e-06 1.73999e-06 1.6075e-06 1.48472e-06 1.37095e-06 1.26559e-06 1.16803e-06 1.07773e-06 9.94164e-07 9.16863e-07 8.45376e-07 7.79283e-07 7.18194e-07 6.61747e-07 6.09603e-07 5.61446e-07 5.16983e-07 4.75942e-07 4.38068e-07 4.03126e-07 3.70896e-07 3.41176e-07 3.13776e-07
0.000286506 0.000109508 0.000112483 0.000114581 0.00011589 0.000116489 0.000116456 0.000115863 0.000114776 0.000113258 0.000111366 0.000109155 0.000106674 0.000103966 0.000101073 9.8033e-05 9.48782e-05 9.16394e-05 8.83434e-05 8.50144e-05 8.16737e-05 7.83402e-05 7.50304e-05 7.17584e-05 6.85368e-05 6.53759e-05 6.22848e-05 5.92707e-05 5.63397e-05 5.34967e-05 5.07454e-05 4.80884e-05 4.55279e-05 4.30647e-05 4.06995e-05 3.84319e-05 3.62615e-05 3.4187e-05 3.22069e-05 3.03195e-05 2.85227e-05 2.68141e-05 2.51913e-05 2.36516e-05 2.21922e-05 2.08104e-05 1.95032e-05 1.82678e-05 1.71012e-05 1.60005e-05 1.49629e-05 1.39855e-05 1.30654e-05 1.22e-05 1.13865e-05 1.06225e-05 9.90522e-06 9.23238e-06 8.60158e-06 8.01054e-06 7.45708e-06 6.93909e-06 6.45458e-06 6.00161e-06 5.57835e-06 5.18305e-06 4.81404e-06 4.46975e-06 4.14865e-06 3.84933e-06 3.57043e-06 3.31067e-06 3.06884e-06 2.84378e-06 2.63443e-06 2.43977e-06 2.25882e-06 2.09069e-06 1.93453e-06 1.78954e-06 1.65496e-06 1.53009e-06 1.41426e-06 1.30687e-06 1.20732e-06 1.11508e-06 1.02963e-06 9.50498e-07 8.77237e-07 8.09433e-07 7.46696e-07 6.88665e-07 6.35002e-07 5.8539e-07 5.39537e-07 4.97169e-07 4.58032e-07 4.21887e-07 3.88515e-07 3.5771e-07 3.29282e-07
0.000253744 9.88257e-05 0.000101953 0.000104267 0.000105843 0.000106751 0.00010706 0.000106834 0.000106133 0.000105013 0.000103527 0.000101724 9.96495e-05 9.73448e-05 9.48483e-05 9.21947e-05 8.94159e-05 8.65406e-05 8.35947e-05 8.06015e-05 7.75817e-05 7.45538e-05 7.15341e-05 6.85368e-05 6.55744e-05 6.26576e-05 5.97957e-05 5.69964e-05 5.42662e-05 5.16105e-05 4.90334e-05 4.65384e-05 4.41279e-05 4.18035e-05 3.95663e-05 3.74168e-05 3.53549e-05 3.338e-05 3.14911e-05 2.96871e-05 2.79663e-05 2.63269e-05 2.47669e-05 2.32841e-05 2.18762e-05 2.05409e-05 1.92755e-05 1.80776e-05 1.69446e-05 1.58739e-05 1.48629e-05 1.39091e-05 1.30099e-05 1.21629e-05 1.13655e-05 1.06154e-05 9.9103e-06 9.24791e-06 8.62602e-06 8.04253e-06 7.49539e-06 6.98263e-06 6.50236e-06 6.05277e-06 5.63212e-06 5.23875e-06 4.87108e-06 4.52759e-06 4.20686e-06 3.9075e-06 3.62822e-06 3.3678e-06 3.12505e-06 2.89888e-06 2.68825e-06 2.49216e-06 2.30967e-06 2.13992e-06 1.98208e-06 1.83535e-06 1.69901e-06 1.57237e-06 1.45477e-06 1.34562e-06 1.24433e-06 1.15037e-06 1.06323e-06 9.82453e-07 9.0759e-07 8.3823e-07 7.73988e-07 7.14503e-07 6.59438e-07 6.0848e-07 5.61334e-07 5.17728e-07 4.77406e-07 4.40131e-07 4.05681e-07 3.73851e-07 3.44447e-07
0.000224728 8.91543e-05 9.2372e-05 9.48387e-05 9.66185e-05 9.77737e-05 9.83636e-05 9.84452e-05 9.80724e-05 9.72959e-05 9.61635e-05 9.47199e-05 9.30065e-05 9.10618e-05 8.89214e-05 8.66178e-05 8.4181e-05 8.1638e-05 7.90137e-05 7.63303e-05 7.36079e-05 7.08643e-05 6.81156e-05 6.53759e-05 6.26576e-05 5.99716e-05 5.73271e-05 5.47322e-05 5.21939e-05 4.97177e-05 4.73083e-05 4.49695e-05 4.27043e-05 4.05148e-05 3.84027e-05 3.63687e-05 3.44134e-05 3.25367e-05 3.07381e-05 2.90169e-05 2.73719e-05 2.58019e-05 2.43051e-05 2.28799e-05 2.15243e-05 2.02363e-05 1.90137e-05 1.78545e-05 1.67562e-05 1.57167e-05 1.47337e-05 1.38048e-05 1.29278e-05 1.21004e-05 1.13204e-05 1.05856e-05 9.89393e-06 9.2432e-06 8.63142e-06 8.05663e-06 7.51692e-06 7.01045e-06 6.53545e-06 6.09022e-06 5.67311e-06 5.28255e-06 4.91705e-06 4.57517e-06 4.25554e-06 3.95685e-06 3.67786e-06 3.41739e-06 3.17432e-06 2.94759e-06 2.73618e-06 2.53914e-06 2.35557e-06 2.18461e-06 2.02546e-06 1.87736e-06 1.73959e-06 1.61149e-06 1.4924e-06 1.38174e-06 1.27895e-06 1.18349e-06 1.09488e-06 1.01264e-06 9.3635e-07 8.65593e-07 7.9999e-07 7.39182e-07 6.82837e-07 6.30642e-07 5.82304e-07 5.37551e-07 4.96128e-07 4.57797e-07 4.22337e-07 3.89542e-07 3.59219e-07
0.00019903 8.04024e-05 8.36597e-05 8.62258e-05 8.81559e-05 8.95037e-05 9.03212e-05 9.06585e-05 9.05636e-05 9.00819e-05 8.92564e-05 8.81277e-05 8.67337e-05 8.51098e-05 8.32888e-05 8.13009e-05 7.91743e-05 7.69345e-05 7.46048e-05 7.22066e-05 6.9759e-05 6.72795e-05 6.47834e-05 6.22848e-05 5.97957e-05 5.73271e-05 5.48883e-05 5.24876e-05 5.01319e-05 4.78273e-05 4.55787e-05 4.33903e-05 4.12655e-05 3.92067e-05 3.7216e-05 3.52948e-05 3.34439e-05 3.16636e-05 2.9954e-05 2.83147e-05 2.67451e-05 2.5244e-05 2.38105e-05 2.24431e-05 2.11402e-05 1.99001e-05 1.87212e-05 1.76014e-05 1.65389e-05 1.55316e-05 1.45775e-05 1.36747e-05 1.2821e-05 1.20144e-05 1.12529e-05 1.05345e-05 9.8573e-06 9.21932e-06 8.61872e-06 8.05367e-06 7.5224e-06 7.0232e-06 6.5544e-06 6.11442e-06 5.70171e-06 5.31479e-06 4.95224e-06 4.61271e-06 4.29489e-06 3.99754e-06 3.71947e-06 3.45955e-06 3.21671e-06 2.98993e-06 2.77824e-06 2.58071e-06 2.39648e-06 2.22472e-06 2.06464e-06 1.91552e-06 1.77665e-06 1.64738e-06 1.52708e-06 1.41518e-06 1.31112e-06 1.21439e-06 1.1245e-06 1.04099e-06 9.63444e-07 8.91449e-07 8.2463e-07 7.62635e-07 7.05132e-07 6.51812e-07 6.02383e-07 5.56576e-07 5.14137e-07 4.74829e-07 4.3843e-07 4.04734e-07 3.73548e-07
0.000176271 7.24863e-05 7.57413e-05 7.83627e-05 8.03974e-05 8.18916e-05 8.28904e-05 8.34378e-05 8.35761e-05 8.33458e-05 8.27856e-05 8.19319e-05 8.08193e-05 7.94802e-05 7.79447e-05 7.62411e-05 7.43952e-05 7.2431e-05 7.03708e-05 6.82345e-05 6.60405e-05 6.38055e-05 6.15444e-05 5.92707e-05 5.69964e-05 5.47322e-05 5.24876e-05 5.02706e-05 4.80885e-05 4.59475e-05 4.38527e-05 4.18086e-05 3.98189e-05 3.78863e-05 3.60134e-05 3.42017e-05 3.24525e-05 3.07666e-05 2.91444e-05 2.75858e-05 2.60905e-05 2.4658e-05 2.32874e-05 2.19777e-05 2.07277e-05 1.95359e-05 1.8401e-05 1.73213e-05 1.62951e-05 1.53208e-05 1.43966e-05 1.35207e-05 1.26912e-05 1.19064e-05 1.11644e-05 1.04634e-05 9.80162e-06 9.17737e-06 8.58889e-06 8.03451e-06 7.51258e-06 7.02153e-06 6.55979e-06 6.12589e-06 5.71837e-06 5.33584e-06 4.97698e-06 4.64049e-06 4.32513e-06 4.02974e-06 3.75318e-06 3.49438e-06 3.25231e-06 3.02598e-06 2.81448e-06 2.6169e-06 2.43243e-06 2.26025e-06 2.09961e-06 1.9498e-06 1.81014e-06 1.68e-06 1.55876e-06 1.44587e-06 1.34079e-06 1.243e-06 1.15203e-06 1.06745e-06 9.88812e-07 9.15737e-07 8.47849e-07 7.848e-07 7.26263e-07 6.71931e-07 6.21516e-07 5.74751e-07 5.31382e-07 4.91175e-07 4.53909e-07 4.19379e-07 3.87391e-07
0.000156114 6.53293e-05 6.85481e-05 7.11883e-05 7.32892e-05 7.48903e-05 7.60306e-05 7.67482e-05 7.70803e-05 7.7063e-05 7.67306e-05 7.6116e-05 7.52505e-05 7.41634e-05 7.28826e-05 7.14339e-05 6.98414e-05 6.81275e-05 6.63129e-05 6.44166e-05 6.2456e-05 6.0447e-05 5.84039e-05 5.63397e-05 5.42662e-05 5.21939e-05 5.01319e-05 4.80885e-05 4.60709e-05 4.40854e-05 4.21374e-05 4.02313e-05 3.83712e-05 3.65602e-05 3.48009e-05 3.30954e-05 3.14452e-05 2.98513e-05 2.83145e-05 2.6835e-05 2.5413e-05 2.40482e-05 2.274e-05 2.14876e-05 2.02903e-05 1.91469e-05 1.80562e-05 1.7017e-05 1.60277e-05 1.5087e-05 1.41932e-05 1.33449e-05 1.25404e-05 1.17781e-05 1.10564e-05 1.03736e-05 9.72813e-06 9.11844e-06 8.54292e-06 8.00003e-06 7.48826e-06 7.00614e-06 6.55224e-06 6.12516e-06 5.72356e-06 5.34613e-06 4.99161e-06 4.65881e-06 4.34654e-06 4.05369e-06 3.7792e-06 3.52204e-06 3.28123e-06 3.05584e-06 2.84496e-06 2.64777e-06 2.46344e-06 2.29122e-06 2.13036e-06 1.9802e-06 1.84006e-06 1.70933e-06 1.58742e-06 1.47379e-06 1.36791e-06 1.26928e-06 1.17744e-06 1.09195e-06 1.0124e-06 9.38405e-07 8.69595e-07 8.05626e-07 7.46179e-07 6.90949e-07 6.39653e-07 5.92025e-07 5.47816e-07 5.06791e-07 4.68732e-07 4.33434e-07 4.00707e-07
0.000138262 5.88613e-05 6.20169e-05 6.46458e-05 6.67809e-05 6.84554e-05 6.97027e-05 7.05559e-05 7.10474e-05 7.1209e-05 7.10711e-05 7.06634e-05 7.00138e-05 6.91491e-05 6.80946e-05 6.6874e-05 6.55097e-05 6.40223e-05 6.24313e-05 6.07544e-05 5.90081e-05 5.72074e-05 5.53661e-05 5.34967e-05 5.16105e-05 4.97177e-05 4.78273e-05 4.59475e-05 4.40854e-05 4.22474e-05 4.04389e-05 3.86646e-05 3.69286e-05 3.52343e-05 3.35845e-05 3.19815e-05 3.04271e-05 2.89226e-05 2.74691e-05 2.60671e-05 2.47169e-05 2.34186e-05 2.2172e-05 2.09765e-05 1.98315e-05 1.87363e-05 1.76899e-05 1.66912e-05 1.5739e-05 1.48322e-05 1.39694e-05 1.31492e-05 1.23703e-05 1.16311e-05 1.09304e-05 1.02665e-05 9.63807e-06 9.04365e-06 8.48181e-06 7.95114e-06 7.45024e-06 6.97777e-06 6.53239e-06 6.11281e-06 5.71778e-06 5.34608e-06 4.99654e-06 4.668e-06 4.35939e-06 4.06964e-06 3.79773e-06 3.54271e-06 3.30364e-06 3.07962e-06 2.8698e-06 2.67338e-06 2.48958e-06 2.31767e-06 2.15694e-06 2.00673e-06 1.8664e-06 1.73536e-06 1.61305e-06 1.49891e-06 1.39246e-06 1.29319e-06 1.20067e-06 1.11447e-06 1.03418e-06 9.59414e-07 8.89824e-07 8.25071e-07 7.64836e-07 7.08823e-07 6.56751e-07 6.08357e-07 5.63395e-07 5.21635e-07 4.82858e-07 4.46862e-07 4.13457e-07
0.000122452 5.30183e-05 5.60894e-05 5.86828e-05 6.08254e-05 6.25451e-05 6.387e-05 6.48288e-05 6.54494e-05 6.57598e-05 6.5787e-05 6.55571e-05 6.50955e-05 6.44261e-05 6.35721e-05 6.25551e-05 6.13956e-05 6.01128e-05 5.87247e-05 5.7248e-05 5.5698e-05 5.4089e-05 5.24342e-05 5.07454e-05 4.90334e-05 4.73083e-05 4.55787e-05 4.38527e-05 4.21374e-05 4.04389e-05 3.87628e-05 3.7114e-05 3.54965e-05 3.3914e-05 3.23694e-05 3.08651e-05 2.94033e-05 2.79854e-05 2.66128e-05 2.52862e-05 2.40063e-05 2.27732e-05 2.1587e-05 2.04476e-05 1.93544e-05 1.8307e-05 1.73047e-05 1.63465e-05 1.54316e-05 1.45589e-05 1.37273e-05 1.29356e-05 1.21827e-05 1.14672e-05 1.07879e-05 1.01435e-05 9.53266e-06 8.95413e-06 8.40659e-06 7.88875e-06 7.39935e-06 6.93715e-06 6.50091e-06 6.08944e-06 5.70157e-06 5.33618e-06 4.99216e-06 4.66844e-06 4.364e-06 4.07785e-06 3.80901e-06 3.55659e-06 3.31969e-06 3.09746e-06 2.88911e-06 2.69384e-06 2.51093e-06 2.33967e-06 2.17938e-06 2.02942e-06 1.88919e-06 1.75811e-06 1.63563e-06 1.52123e-06 1.41442e-06 1.31473e-06 1.22172e-06 1.13498e-06 1.05411e-06 9.78731e-07 9.08505e-07 8.43098e-07 7.82199e-07 7.25516e-07 6.72772e-07 6.2371e-07 5.78085e-07 5.35671e-07 4.96252e-07 4.59627e-07 4.25608e-07
0.000108449 4.77419e-05 5.07124e-05 5.32508e-05 5.5379e-05 5.712e-05 5.84976e-05 5.9536e-05 6.02595e-05 6.06923e-05 6.08583e-05 6.07805e-05 6.04815e-05 5.99832e-05 5.93061e-05 5.84701e-05 5.74941e-05 5.63955e-05 5.51912e-05 5.38966e-05 5.25261e-05 5.10932e-05 4.96102e-05 4.80884e-05 4.65384e-05 4.49695e-05 4.33903e-05 4.18086e-05 4.02313e-05 3.86646e-05 3.7114e-05 3.55843e-05 3.40797e-05 3.26039e-05 3.116e-05 2.97507e-05 2.8378e-05 2.70439e-05 2.57496e-05 2.44964e-05 2.32848e-05 2.21155e-05 2.09886e-05 1.99042e-05 1.88622e-05 1.7862e-05 1.69033e-05 1.59855e-05 1.51077e-05 1.42691e-05 1.34688e-05 1.27059e-05 1.19792e-05 1.12878e-05 1.06303e-05 1.00058e-05 9.41311e-06 8.85097e-06 8.31825e-06 7.81378e-06 7.33642e-06 6.88502e-06 6.45846e-06 6.05564e-06 5.67547e-06 5.3169e-06 4.97891e-06 4.6605e-06 4.36072e-06 4.07861e-06 3.8133e-06 3.5639e-06 3.32959e-06 3.10955e-06 2.90302e-06 2.70927e-06 2.52758e-06 2.35729e-06 2.19774e-06 2.04833e-06 1.90847e-06 1.7776e-06 1.6552e-06 1.54076e-06 1.4338e-06 1.33389e-06 1.24057e-06 1.15346e-06 1.07217e-06 9.96334e-07 9.25612e-07 8.59682e-07 7.9824e-07 7.40999e-07 6.87688e-07 6.38053e-07 5.91855e-07 5.48869e-07 5.08883e-07 4.717e-07 4.37132e-07
9.6048e-05 4.29789e-05 4.58367e-05 4.83049e-05 5.0401e-05 5.21436e-05 5.35526e-05 5.46484e-05 5.54519e-05 5.59839e-05 5.62654e-05 5.63167e-05 5.61579e-05 5.58084e-05 5.5287e-05 5.46115e-05 5.37992e-05 5.28662e-05 5.18278e-05 5.06986e-05 4.94918e-05 4.82202e-05 4.68953e-05 4.55279e-05 4.41279e-05 4.27043e-05 4.12655e-05 3.98189e-05 3.83712e-05 3.69286e-05 3.54965e-05 3.40797e-05 3.26825e-05 3.13084e-05 2.99608e-05 2.86424e-05 2.73554e-05 2.61019e-05 2.48834e-05 2.37011e-05 2.25561e-05 2.14488e-05 2.03799e-05 1.93494e-05 1.83575e-05 1.74039e-05 1.64884e-05 1.56104e-05 1.47695e-05 1.39649e-05 1.3196e-05 1.24619e-05 1.17617e-05 1.10944e-05 1.04592e-05 9.85491e-06 9.28063e-06 8.73527e-06 8.2178e-06 7.72715e-06 7.26228e-06 6.82216e-06 6.40574e-06 6.01203e-06 5.64002e-06 5.28874e-06 4.95723e-06 4.64458e-06 4.34988e-06 4.07226e-06 3.81087e-06 3.56489e-06 3.33354e-06 3.11605e-06 2.9117e-06 2.7198e-06 2.53965e-06 2.37063e-06 2.21211e-06 2.06352e-06 1.92428e-06 1.79387e-06 1.67177e-06 1.55751e-06 1.45062e-06 1.35066e-06 1.25722e-06 1.16991e-06 1.08836e-06 1.01221e-06 9.41129e-07 8.74804e-07 8.12937e-07 7.55249e-07 7.01473e-07 6.51361e-07 6.04678e-07 5.61202e-07 5.20726e-07 4.83054e-07 4.48001e-07
