0.501809 0.0699293 0.0363806 0.0204851 0.0119147 0.00696923 0.00404651 0.00232043 0.0013128 0.000733326 0.000405029 0.00022153 0.000120161 6.47172e-05 3.46464e-05 1.84526e-05 9.78432e-06 5.16812e-06 2.72067e-06 1.42803e-06 7.47582e-07 3.90451e-07 2.03499e-07 1.05861e-07 5.49739e-08 2.85018e-08 1.47526e-08 7.61953e-09 3.91826e-09 1.98865e-09 1.02491e-09
0.0699293 0.014938 0.00769174 0.00395396 0.00200017 0.000996871 0.000491646 0.000240923 0.000117662 5.7387e-05 2.79882e-05 1.36601e-05 6.67463e-06 3.26573e-06 1.60006e-06 7.85029e-07 3.85654e-07 1.89687e-07 9.34029e-08 4.60393e-08 2.27145e-08 1.12162e-08 5.54276e-09 2.74096e-09 1.3562e-09 6.71229e-10 3.32026e-10 1.63672e-10 7.95938e-11 3.68105e-11 1.82788e-11
0.0363806 0.00769174 0.00352832 0.00168 0.000809292 0.000390785 0.000188717 9.11528e-05 4.40669e-05 2.13358e-05 1.03499e-05 5.03119e-06 2.45092e-06 1.19642e-06 5.85159e-07 2.86705e-07 1.40701e-07 6.915e-08 3.40295e-08 1.6766e-08 8.26917e-09 4.0823e-09 2.01703e-09 9.97304e-10 4.93342e-10 2.44001e-10 1.20405e-10 5.88607e-11 2.78249e-11 1.36894e-11 6.7999e-12
0.0204851 0.00395396 0.00168 0.000753271 0.000347574 0.000162863 7.70109e-05 3.66452e-05 1.75251e-05 8.41769e-06 4.05897e-06 1.9641e-06 9.53417e-07 4.64115e-07 2.26493e-07 1.10775e-07 5.42849e-08 2.66478e-08 1.3101e-08 6.44959e-09 3.17889e-09 1.56846e-09 7.74577e-10 3.82782e-10 1.89197e-10 9.33885e-11 4.58083e-11 2.19746e-11 1.08492e-11 5.33774e-12 2.65151e-12
0.0119147 0.00200017 0.000809292 0.000347574 0.000155059 7.08549e-05 3.28939e-05 1.54427e-05 7.31174e-06 3.48562e-06 1.67108e-06 8.04993e-07 3.89372e-07 1.89e-07 9.20186e-08 4.49185e-08 2.19765e-08 1.07733e-08 5.29034e-09 2.60179e-09 1.28125e-09 6.31669e-10 3.11707e-10 1.53896e-10 7.59371e-11 3.7322e-11 1.80821e-11 8.93072e-12 4.40907e-12 2.16897e-12 1.07721e-12
0.00696923 0.000996871 0.000390785 0.000162863 7.08549e-05 3.17484e-05 1.45209e-05 6.7409e-06 3.16456e-06 1.49875e-06 7.14875e-07 3.42978e-07 1.65355e-07 8.00472e-08 3.88852e-08 1.89456e-08 9.25407e-09 4.5301e-09 2.2218e-09 1.09148e-09 5.36964e-10 2.6448e-10 1.30378e-10 6.42745e-11 3.16158e-11 1.54142e-11 7.60961e-12 3.75782e-12 1.85483e-12 9.1224e-13 4.52889e-13
0.00404651 0.000491646 0.000188717 7.70109e-05 3.28939e-05 1.45209e-05 6.56456e-06 3.02012e-06 1.408e-06 6.63221e-07 3.1498e-07 1.50593e-07 7.23945e-08 3.49614e-08 1.69486e-08 8.24301e-09 4.02008e-09 1.96522e-09 9.62659e-10 4.72386e-10 2.3215e-10 1.14222e-10 5.62314e-11 2.76557e-11 1.35315e-11 6.67471e-12 3.29425e-12 1.62629e-12 8.02453e-13 3.94536e-13 1.95774e-13
0.00232043 0.000240923 9.11528e-05 3.66452e-05 1.54427e-05 6.7409e-06 3.02012e-06 1.37966e-06 6.39629e-07 2.99958e-07 1.41948e-07 6.76655e-08 3.24483e-08 1.5637e-08 7.56656e-09 3.67404e-09 1.78922e-09 8.7352e-10 4.27382e-10 2.09487e-10 1.02838e-10 5.0535e-11 2.48319e-11 1.21688e-11 5.99586e-12 2.95643e-12 1.45854e-12 7.19751e-13 3.54997e-13 1.74476e-13 8.65292e-14
0.0013128 0.000117662 4.40669e-05 1.75251e-05 7.31174e-06 3.16456e-06 1.408e-06 6.39629e-07 2.95221e-07 1.37946e-07 6.50857e-08 3.09483e-08 1.48092e-08 7.12333e-09 3.44121e-09 1.66845e-09 8.11432e-10 3.95665e-10 1.93363e-10 9.46747e-11 4.64213e-11 2.27763e-11 1.1163e-11 5.49255e-12 2.70496e-12 1.33312e-12 6.57375e-13 3.24245e-13 1.59851e-13 7.85344e-14 3.89255e-14
0.000733326 5.7387e-05 2.13358e-05 8.41769e-06 3.48562e-06 1.49875e-06 6.63221e-07 2.99958e-07 1.37946e-07 6.42653e-08 3.02458e-08 1.43511e-08 6.85438e-09 3.29155e-09 1.58775e-09 7.6877e-10 3.73417e-10 1.81872e-10 8.87833e-11 4.34209e-11 2.12617e-11 1.04116e-11 5.11408e-12 2.51481e-12 1.2378e-12 6.09715e-13 3.00502e-13 1.48146e-13 7.30005e-14 3.58508e-14 1.7759e-14
0.000405029 2.79882e-05 1.03499e-05 4.05897e-06 1.67108e-06 7.14875e-07 3.1498e-07 1.41948e-07 6.50857e-08 3.02458e-08 1.42044e-08 6.72716e-09 3.20771e-09 1.53808e-09 7.40919e-10 3.58297e-10 1.73834e-10 8.45722e-11 4.12395e-11 2.01442e-11 9.84834e-12 4.82776e-12 2.36982e-12 1.16463e-12 5.72899e-13 2.8204e-13 1.38931e-13 6.84571e-14 3.37168e-14 1.6552e-14 8.19441e-15
0.00022153 1.36601e-05 5.03119e-06 1.9641e-06 8.04993e-07 3.42978e-07 1.50593e-07 6.76655e-08 3.09483e-08 1.43511e-08 6.72716e-09 3.1807e-09 1.51439e-09 7.25158e-10 3.48884e-10 1.68518e-10 8.16695e-11 3.969e-11 1.93317e-11 9.43014e-12 4.61211e-12 2.25933e-12 1.10831e-12 5.44329e-13 2.67605e-13 1.31668e-13 6.4824e-14 3.19252e-14 1.57165e-14 7.71247e-15 3.81609e-15
0.000120161 6.67463e-06 2.45092e-06 9.53417e-07 3.89372e-07 1.65355e-07 7.23945e-08 3.24483e-08 1.48092e-08 6.85438e-09 3.20771e-09 1.51439e-09 7.20054e-10 3.44362e-10 1.65484e-10 7.98445e-11 3.86538e-11 1.87645e-11 9.12839e-12 4.45281e-12 2.1762e-12 1.06531e-12 5.22244e-13 2.56331e-13 1.25944e-13 6.19328e-14 3.04751e-14 1.50012e-14 7.38151e-15 3.62096e-15 1.79067e-15
6.47172e-05 3.26573e-06 1.19642e-06 4.64115e-07 1.89e-07 8.00472e-08 3.49614e-08 1.5637e-08 7.12333e-09 3.29155e-09 1.53808e-09 7.25158e-10 3.44362e-10 1.64498e-10 7.89629e-11 3.80582e-11 1.84048e-11 8.92435e-12 4.34032e-12 2.11561e-12 1.03321e-12 5.0544e-13 2.4762e-13 1.21464e-13 5.96446e-14 2.93141e-14 1.44171e-14 7.09326e-15 3.48875e-15 1.71078e-15 8.45591e-16
3.46464e-05 1.60006e-06 5.85159e-07 2.26493e-07 9.20186e-08 3.88852e-08 1.69486e-08 7.56656e-09 3.44121e-09 1.58775e-09 7.40919e-10 3.48884e-10 1.65484e-10 7.89629e-11 3.78639e-11 1.82301e-11 8.80623e-12 4.26842e-12 2.07433e-12 1.01035e-12 4.93086e-13 2.41056e-13 1.18021e-13 5.78579e-14 2.83951e-14 1.39482e-14 6.85647e-15 3.37182e-15 1.65768e-15 8.12599e-16 4.01446e-16
1.84526e-05 7.85029e-07 2.86705e-07 1.10775e-07 4.49185e-08 1.89456e-08 8.24301e-09 3.67404e-09 1.66845e-09 7.6877e-10 3.58297e-10 1.68518e-10 7.98445e-11 3.80582e-11 1.82301e-11 8.76755e-12 4.23335e-12 2.05033e-12 9.95665e-13 4.84619e-13 2.36351e-13 1.15471e-13 5.65007e-14 2.76826e-14 1.35785e-14 6.66658e-15 3.27548e-15 1.61005e-15 7.91217e-16 3.8773e-16 1.91459e-16
9.78432e-06 3.85654e-07 1.40701e-07 5.42849e-08 2.19765e-08 9.25407e-09 4.02008e-09 1.78922e-09 8.11432e-10 3.73417e-10 1.73834e-10 8.16695e-11 3.86538e-11 1.84048e-11 8.80623e-12 4.23335e-12 2.04245e-12 9.88478e-13 4.79675e-13 2.33313e-13 1.13714e-13 5.5522e-14 2.71513e-14 1.32955e-14 6.51809e-15 3.19859e-15 1.57082e-15 7.71796e-16 3.79126e-16 1.8573e-16 9.16707e-17
5.16812e-06 1.89687e-07 6.915e-08 2.66478e-08 1.07733e-08 4.5301e-09 1.96522e-09 8.7352e-10 3.95665e-10 1.81872e-10 8.45722e-11 3.969e-11 1.87645e-11 8.92435e-12 4.26842e-12 2.05033e-12 9.88478e-13 4.78049e-13 2.31822e-13 1.12685e-13 5.48873e-14 2.67834e-14 1.30903e-14 6.40665e-15 3.13927e-15 1.53978e-15 7.55847e-16 3.71216e-16 1.82281e-16 8.92703e-17 4.40422e-17
2.72067e-06 9.34029e-08 3.40295e-08 1.3101e-08 5.29034e-09 2.2218e-09 9.62659e-10 4.27382e-10 1.93363e-10 8.87833e-11 4.12395e-11 1.93317e-11 9.12839e-12 4.34032e-12 2.07433e-12 9.95665e-13 4.79675e-13 2.31822e-13 1.12345e-13 5.45751e-14 2.65671e-14 1.29567e-14 6.32911e-15 3.09602e-15 1.51633e-15 7.43404e-16 3.64764e-16 1.79072e-16 8.78987e-17 4.30352e-17 2.12229e-17
1.42803e-06 4.60393e-08 1.6766e-08 6.44959e-09 2.60179e-09 1.09148e-09 4.72386e-10 2.09487e-10 9.46747e-11 4.34209e-11 2.01442e-11 9.43014e-12 4.45281e-12 2.11561e-12 1.01035e-12 4.84619e-13 2.33313e-13 1.12685e-13 5.45751e-14 2.64957e-14 1.28908e-14 6.28339e-15 3.06776e-15 1.49993e-15 7.34273e-16 3.59832e-16 1.76485e-16 8.66074e-17 4.24967e-17 2.08006e-17 1.02538e-17
7.47582e-07 2.27145e-08 8.26917e-09 3.17889e-09 1.28125e-09 5.36964e-10 2.3215e-10 1.02838e-10 4.64213e-11 2.12617e-11 9.84834e-12 4.61211e-12 2.1762e-12 1.03321e-12 4.93086e-13 2.36351e-13 1.13714e-13 5.48873e-14 2.65671e-14 1.28908e-14 6.26828e-15 3.05379e-15 1.49023e-15 7.28281e-16 3.56364e-16 1.74563e-16 8.55831e-17 4.19831e-17 2.05933e-17 1.0077e-17 4.96567e-18
3.90451e-07 1.12162e-08 4.0823e-09 1.56846e-09 6.31669e-10 2.6448e-10 1.14222e-10 5.0535e-11 2.27763e-11 1.04116e-11 4.82776e-12 2.25933e-12 1.06531e-12 5.0544e-13 2.41056e-13 1.15471e-13 5.5522e-14 2.67834e-14 1.29567e-14 6.28339e-15 3.05379e-15 1.48702e-15 7.25313e-16 3.54306e-16 1.73296e-16 8.48542e-17 4.15856e-17 2.03926e-17 9.99964e-18 4.89192e-18 2.40972e-18
2.03499e-07 5.54276e-09 2.01703e-09 7.74577e-10 3.11707e-10 1.30378e-10 5.62314e-11 2.48319e-11 1.1163e-11 5.11408e-12 2.36982e-12 1.10831e-12 5.22244e-13 2.4762e-13 1.18021e-13 5.65007e-14 2.71513e-14 1.30903e-14 6.32911e-15 3.06776e-15 1.49023e-15 7.25313e-16 3.53623e-16 1.72667e-16 8.44194e-17 4.13199e-17 2.02428e-17 9.92322e-18 4.86438e-18 2.37912e-18 1.17153e-18
1.05861e-07 2.74096e-09 9.97304e-10 3.82782e-10 1.53896e-10 6.42745e-11 2.76557e-11 1.21688e-11 5.49255e-12 2.51481e-12 1.16463e-12 5.44329e-13 2.56331e-13 1.21464e-13 5.78579e-14 2.76826e-14 1.32955e-14 6.40665e-15 3.09602e-15 1.49993e-15 7.28281e-16 3.54306e-16 1.72667e-16 8.4275e-17 4.11874e-17 2.01522e-17 9.86918e-18 4.83638e-18 2.3701e-18 1.15892e-18 5.70486e-19
5.49739e-08 1.3562e-09 4.93342e-10 1.89197e-10 7.59371e-11 3.16158e-11 1.35315e-11 5.99586e-12 2.70496e-12 1.2378e-12 5.72899e-13 2.67605e-13 1.25944e-13 5.96446e-14 2.83951e-14 1.35785e-14 6.51809e-15 3.13927e-15 1.51633e-15 7.34273e-16 3.56364e-16 1.73296e-16 8.44194e-17 4.11874e-17 2.01219e-17 9.84178e-18 4.81824e-18 2.36043e-18 1.15641e-18 5.65333e-19 2.782e-19
2.85018e-08 6.71229e-10 2.44001e-10 9.33885e-11 3.7322e-11 1.54142e-11 6.67471e-12 2.95643e-12 1.33312e-12 6.09715e-13 2.8204e-13 1.31668e-13 6.19328e-14 2.93141e-14 1.39482e-14 6.66658e-15 3.19859e-15 1.53978e-15 7.43404e-16 3.59832e-16 1.74563e-16 8.48542e-17 4.13199e-17 2.01522e-17 9.84178e-18 4.81208e-18 2.3551e-18 1.15341e-18 5.64919e-19 2.76112e-19 1.35833e-19
1.47526e-08 3.32026e-10 1.20405e-10 4.58083e-11 1.80821e-11 7.60961e-12 3.29425e-12 1.45854e-12 6.57375e-13 3.00502e-13 1.38931e-13 6.4824e-14 3.04751e-14 1.44171e-14 6.85647e-15 3.27548e-15 1.57082e-15 7.55847e-16 3.64764e-16 1.76485e-16 8.55831e-17 4.15856e-17 2.02428e-17 9.86918e-18 4.81824e-18 2.3551e-18 1.15227e-18 5.64165e-19 2.76247e-19 1.34992e-19 6.63903e-20
7.61953e-09 1.63672e-10 5.88607e-11 2.19746e-11 8.93072e-12 3.75782e-12 1.62629e-12 7.19751e-13 3.24245e-13 1.48146e-13 6.84571e-14 3.19252e-14 1.50012e-14 7.09326e-15 3.37182e-15 1.61005e-15 7.71796e-16 3.71216e-16 1.79072e-16 8.66074e-17 4.19831e-17 2.03926e-17 9.92322e-18 4.83638e-18 2.36043e-18 1.15341e-18 5.64165e-19 2.76148e-19 1.35184e-19 6.60474e-20 3.24738e-20
3.91826e-09 7.95938e-11 2.78249e-11 1.08492e-11 4.40907e-12 1.85483e-12 8.02453e-13 3.54997e-13 1.59851e-13 7.30005e-14 3.37168e-14 1.57165e-14 7.38151e-15 3.48875e-15 1.65768e-15 7.91217e-16 3.79126e-16 1.82281e-16 8.78987e-17 4.24967e-17 2.05933e-17 9.99964e-18 4.86438e-18 2.3701e-18 1.15641e-18 5.64919e-19 2.76247e-19 1.35184e-19 6.61629e-20 3.23198e-20 1.58869e-20
1.98865e-09 3.68105e-11 1.36894e-11 5.33774e-12 2.16897e-12 9.1224e-13 3.94536e-13 1.74476e-13 7.85344e-14 3.58508e-14 1.6552e-14 7.71247e-15 3.62096e-15 1.71078e-15 8.12599e-16 3.8773e-16 1.8573e-16 8.92703e-17 4.30352e-17 2.08006e-17 1.0077e-17 4.89192e-18 2.37912e-18 1.15892e-18 5.65333e-19 2.76112e-19 1.34992e-19 6.60474e-20 3.23198e-20 1.57857e-20 7.75802e-21
1.02491e-09 1.82788e-11 6.7999e-12 2.65151e-12 1.07721e-12 4.52889e-13 1.95774e-13 8.65292e-14 3.89255e-14 1.7759e-14 8.19441e-15 3.81609e-15 1.79067e-15 8.45591e-16 4.01446e-16 1.91459e-16 9.16707e-17 4.40422e-17 2.12229e-17 1.02538e-17 4.96567e-18 2.40972e-18 1.17153e-18 5.70486e-19 2.782e-19 1.35833e-19 6.63903e-20 3.24738e-20 1.58869e-20 7.75802e-21 3.8117e-21
