0.0515754 0.0337908 0.0221388 0.0145047 0.00950309 0.00622616 0.00407921 0.00267259 0.001751 0.00114721 0.00075162 0.000492441 0.000322634 0.000211381 0.000138491 9.07354e-05 5.94473e-05 3.89482e-05 2.55178e-05 1.67186e-05 1.09535e-05 7.17646e-06 4.70182e-06 3.0805e-06 2.01826e-06 1.32231e-06 8.6634e-07 5.67602e-07 3.71877e-07 2.43644e-07 1.59629e-07 1.04584e-07 6.85207e-08 4.48929e-08 2.94126e-08 1.92703e-08 1.26254e-08 8.2718e-09 5.41945e-09 3.55068e-09 2.3263e-09 1.52413e-09 9.98568e-10 6.54234e-10 4.28636e-10 2.80831e-10 1.83993e-10 1.20547e-10 7.8979e-11 5.17448e-11 3.39018e-11 2.22115e-11 1.45524e-11 9.53431e-12 6.24662e-12 4.09261e-12 2.68137e-12 1.75676e-12 1.15098e-12 7.5409e-13 4.94059e-13 3.23694e-13 2.12075e-13 1.38946e-13 9.10335e-14 5.96426e-14 3.90762e-14 2.56016e-14 1.67735e-14 1.09895e-14 7.20004e-15 4.71727e-15 3.09062e-15 2.02489e-15 1.32665e-15 8.69186e-16 5.69467e-16 3.73099e-16 2.44444e-16 1.60153e-16 1.04928e-16 6.87458e-17 4.50404e-17 2.95092e-17 1.93336e-17 1.26669e-17 8.29897e-18 5.43726e-18 3.56234e-18 2.33395e-18 1.52914e-18 1.00185e-18 6.56384e-19 4.30045e-19 2.81753e-19 1.84597e-19 1.20943e-19 7.92385e-20 5.19148e-20 3.40132e-20 2.22845e-20
0.0337908 0.0256114 0.019055 0.0139749 0.0101326 0.00727846 0.00518786 0.0036736 0.00258679 0.00181269 0.00126487 0.000879312 0.000609257 0.000420892 0.000289989 0.000199317 0.000136697 9.35625e-05 6.3922e-05 4.3598e-05 2.96899e-05 2.01895e-05 1.37108e-05 9.29952e-06 6.3002e-06 4.26361e-06 2.88243e-06 1.94682e-06 1.31372e-06 8.85752e-07 5.96725e-07 4.01706e-07 2.70228e-07 1.8166e-07 1.22041e-07 8.19383e-08 5.49812e-08 3.68722e-08 2.47146e-08 1.65572e-08 1.10869e-08 7.42047e-09 4.96431e-09 3.31971e-09 2.21903e-09 1.48271e-09 9.90339e-10 6.61231e-10 4.41337e-10 2.94469e-10 1.96412e-10 1.30967e-10 8.73012e-11 5.81771e-11 3.8758e-11 2.58138e-11 1.7188e-11 1.14417e-11 7.61454e-12 5.06634e-12 3.3701e-12 2.24126e-12 1.49021e-12 9.90621e-13 6.58383e-13 4.37484e-13 2.90643e-13 1.93052e-13 1.28206e-13 8.51266e-14 5.65125e-14 3.75102e-14 2.48933e-14 1.65175e-14 1.09581e-14 7.2688e-15 4.82084e-15 3.19682e-15 2.11959e-15 1.40516e-15 9.31403e-16 6.17294e-16 4.09063e-16 2.71039e-16 1.79564e-16 1.18947e-16 7.87839e-17 5.21758e-17 3.45502e-17 2.28762e-17 1.5145e-17 1.00256e-17 6.63592e-18 4.39187e-18 2.90639e-18 1.92315e-18 1.27243e-18 8.41802e-19 5.56861e-19 3.68335e-19 2.43613e-19
0.0221388 0.019055 0.0156994 0.0125454 0.00980019 0.00752226 0.0056931 0.00425921 0.00315576 0.00231898 0.00169199 0.00122686 0.000884735 0.000634908 0.000453638 0.000322846 0.000228942 0.000161823 0.00011404 8.01452e-05 5.6182e-05 3.92911e-05 2.74184e-05 1.90943e-05 1.32721e-05 9.20876e-06 6.37873e-06 4.41146e-06 3.04639e-06 2.10077e-06 1.44675e-06 9.9509e-07 6.83616e-07 4.69104e-07 3.21556e-07 2.20189e-07 1.50629e-07 1.02947e-07 7.02953e-08 4.79587e-08 3.26927e-08 2.22684e-08 1.51565e-08 1.03084e-08 7.00618e-09 4.75857e-09 3.22991e-09 2.19094e-09 1.48528e-09 1.00632e-09 6.8142e-10 4.61168e-10 3.11942e-10 2.10896e-10 1.42511e-10 9.62544e-11 6.49818e-11 4.38499e-11 2.95771e-11 1.99416e-11 1.34395e-11 9.05393e-12 6.09707e-12 4.10432e-12 2.76187e-12 1.85784e-12 1.2493e-12 8.39797e-13 5.64339e-13 3.79112e-13 2.546e-13 1.7093e-13 1.14722e-13 7.69751e-14 5.16334e-14 3.46251e-14 2.32132e-14 1.55584e-14 1.04251e-14 6.98374e-15 4.67723e-15 3.13173e-15 2.09642e-15 1.40305e-15 9.38788e-16 6.28011e-16 4.20023e-16 2.80858e-16 1.87763e-16 1.25501e-16 8.38679e-17 5.60351e-17 3.74319e-17 2.50001e-17 1.66941e-17 1.11456e-17 7.43992e-18 4.96544e-18 3.31339e-18 2.21063e-18 1.47464e-18
0.0145047 0.0139749 0.0125454 0.0107569 0.00892799 0.00723087 0.00574497 0.00449401 0.00347043 0.00265092 0.00200607 0.00150577 0.00112216 0.000830981 0.000611861 0.000448213 0.000326809 0.000237279 0.000171608 0.000123668 8.88267e-05 6.36059e-05 4.54164e-05 3.23424e-05 2.29747e-05 1.62823e-05 1.1514e-05 8.12535e-06 5.72282e-06 4.02325e-06 2.82348e-06 1.97821e-06 1.38382e-06 9.66567e-07 6.74164e-07 4.69578e-07 3.26652e-07 2.26945e-07 1.57485e-07 1.0916e-07 7.55807e-08 5.22759e-08 3.61205e-08 2.49335e-08 1.71952e-08 1.18478e-08 8.15628e-09 5.61024e-09 3.85585e-09 2.648e-09 1.81714e-09 1.24606e-09 8.53857e-10 5.84699e-10 4.0012e-10 2.73633e-10 1.87015e-10 1.27738e-10 8.71983e-11 5.94906e-11 4.05645e-11 2.76446e-11 1.88298e-11 1.28192e-11 8.72282e-12 5.93259e-12 4.03298e-12 2.74036e-12 1.86121e-12 1.26355e-12 8.57443e-13 5.81616e-13 3.94359e-13 2.67285e-13 1.81088e-13 1.22642e-13 8.30286e-14 5.61902e-14 3.80136e-14 2.5708e-14 1.738e-14 1.17459e-14 7.93568e-15 5.35974e-15 3.61883e-15 2.44265e-15 1.64825e-15 1.11189e-15 7.49846e-16 5.05548e-16 3.40748e-16 2.29608e-16 1.54677e-16 1.04172e-16 7.014e-17 4.72142e-17 3.1774e-17 2.1378e-17 1.438e-17 9.67057e-18 6.50196e-18
0.00950309 0.0101326 0.00980019 0.00892799 0.00780562 0.00662027 0.00548436 0.00445834 0.00356823 0.0028186 0.00220157 0.00170291 0.00130594 0.000993919 0.000751314 0.000564452 0.000421712 0.000313474 0.000231936 0.000170874 0.000125391 9.16771e-05 6.67996e-05 4.8518e-05 3.51347e-05 2.5372e-05 1.82738e-05 1.31288e-05 9.41036e-06 6.73012e-06 4.80316e-06 3.4211e-06 2.43209e-06 1.72588e-06 1.22262e-06 8.64688e-07 6.10583e-07 4.30503e-07 3.03098e-07 2.13103e-07 1.4963e-07 1.04929e-07 7.34922e-08 5.1413e-08 3.59263e-08 2.5077e-08 1.74856e-08 1.21798e-08 8.47566e-09 5.89241e-09 4.09272e-09 2.84016e-09 1.96924e-09 1.36424e-09 9.44349e-10 6.53177e-10 4.51437e-10 3.11775e-10 2.15165e-10 1.48388e-10 1.02266e-10 7.04325e-11 4.84771e-11 3.33447e-11 2.2922e-11 1.57478e-11 1.08127e-11 7.41995e-12 5.08897e-12 3.48839e-12 2.38996e-12 1.63657e-12 1.12011e-12 7.66257e-13 5.23938e-13 3.58082e-13 2.44617e-13 1.67031e-13 1.14003e-13 7.77769e-14 5.304e-14 3.61558e-14 2.46364e-14 1.67806e-14 1.14253e-14 7.77618e-15 5.29059e-15 3.59819e-15 2.4463e-15 1.66258e-15 1.12956e-15 7.67165e-16 5.20866e-16 3.53527e-16 2.39873e-16 1.62706e-16 1.1033e-16 7.47921e-17 5.0686e-17 3.43395e-17 2.32582e-17
0.00622616 0.00727846 0.00752226 0.00723087 0.00662027 0.00584982 0.00502984 0.00423149 0.0034966 0.00284613 0.00228701 0.00181729 0.00142994 0.0011154 0.000863298 0.000663507 0.000506719 0.000384742 0.000290578 0.000218388 0.000163392 0.000121733 9.03413e-05 6.68006e-05 4.92256e-05 3.61583e-05 2.64798e-05 1.93368e-05 1.40828e-05 1.02302e-05 7.4137e-06 5.3603e-06 3.86719e-06 2.7842e-06 2.00053e-06 1.43472e-06 1.02708e-06 7.33985e-07 5.2366e-07 3.7301e-07 2.65293e-07 1.88405e-07 1.33612e-07 9.46249e-08 6.69261e-08 4.72755e-08 3.33538e-08 2.3504e-08 1.6544e-08 1.16322e-08 8.16997e-09 5.7323e-09 4.01793e-09 2.81354e-09 1.96832e-09 1.37575e-09 9.60726e-10 6.70323e-10 4.6731e-10 3.25516e-10 2.26566e-10 1.57573e-10 1.09508e-10 7.6048e-11 5.27743e-11 3.65978e-11 2.53626e-11 1.75649e-11 1.21568e-11 8.40847e-12 5.81232e-12 4.01533e-12 2.77229e-12 1.91297e-12 1.31927e-12 9.09331e-13 6.26438e-13 4.31327e-13 2.96833e-13 2.04174e-13 1.40371e-13 9.6459e-14 6.62529e-14 4.54848e-14 3.12127e-14 2.14094e-14 1.46787e-14 1.00598e-14 6.89137e-15 4.71895e-15 3.23006e-15 2.21006e-15 1.51158e-15 1.03345e-15 7.06299e-16 4.82533e-16 3.29541e-16 2.24977e-16 1.53538e-16 1.04748e-16 7.1438e-17
0.00407921 0.00518786 0.0056931 0.00574497 0.00548436 0.00502984 0.00447365 0.00388297 0.00330343 0.00276353 0.0022789 0.001856 0.00149514 0.00119283 0.000943432 0.000740377 0.000576927 0.000446667 0.000343776 0.000263149 0.000200418 0.00015193 0.000114672 8.61994e-05 6.45502e-05 4.81657e-05 3.58192e-05 2.65532e-05 1.96251e-05 1.44636e-05 1.06309e-05 7.7938e-06 5.69996e-06 4.15897e-06 3.02788e-06 2.19974e-06 1.59487e-06 1.15408e-06 8.33565e-07 6.00991e-07 4.32566e-07 3.10828e-07 2.22997e-07 1.5974e-07 1.14259e-07 8.1611e-08 5.82118e-08 4.14665e-08 2.95004e-08 2.09613e-08 1.48761e-08 1.05452e-08 7.4667e-09 5.28116e-09 3.73138e-09 2.63368e-09 1.85704e-09 1.30815e-09 9.20631e-10 6.47312e-10 4.5473e-10 3.19166e-10 2.23826e-10 1.56836e-10 1.09808e-10 7.68207e-11 5.37022e-11 3.7513e-11 2.61852e-11 1.8265e-11 1.27316e-11 8.86854e-12 6.17352e-12 4.2947e-12 2.98577e-12 2.0745e-12 1.44047e-12 9.9963e-13 6.93301e-13 4.80571e-13 3.32929e-13 2.3052e-13 1.59527e-13 1.1034e-13 7.62795e-14 5.27066e-14 3.64005e-14 2.51269e-14 1.73367e-14 1.19561e-14 8.24168e-15 5.67867e-15 3.91098e-15 2.69239e-15 1.8527e-15 1.27436e-15 8.76191e-16 6.02187e-16 4.13707e-16 2.84109e-16 1.95034e-16
0.00267259 0.0036736 0.00425921 0.00449401 0.00445834 0.00423149 0.00388297 0.00346892 0.00303173 0.00260132 0.00219721 0.00183077 0.00150732 0.00122794 0.000990915 0.000792848 0.000629481 0.000496261 0.000388712 0.000302661 0.000234365 0.000180554 0.000138437 0.000105674 8.03288e-05 6.0824e-05 4.58859e-05 3.44963e-05 2.58488e-05 1.93088e-05 1.4381e-05 1.06808e-05 7.91148e-06 5.8453e-06 4.30824e-06 3.168e-06 2.32437e-06 1.70177e-06 1.2434e-06 9.06708e-07 6.59944e-07 4.79469e-07 3.47741e-07 2.51781e-07 1.82006e-07 1.31362e-07 9.46668e-08 6.81228e-08 4.89524e-08 3.51288e-08 2.51755e-08 1.80192e-08 1.28812e-08 9.1971e-09 6.55903e-09 4.67235e-09 3.32469e-09 2.36321e-09 1.67804e-09 1.19031e-09 8.43509e-10 5.97176e-10 4.22385e-10 2.98483e-10 2.10739e-10 1.48659e-10 1.04779e-10 7.37897e-11 5.19241e-11 3.6509e-11 2.56506e-11 1.80082e-11 1.26335e-11 8.85655e-12 6.20442e-12 4.34351e-12 3.0387e-12 2.12447e-12 1.48434e-12 1.03643e-12 7.23241e-13 5.04384e-13 3.51547e-13 2.44879e-13 1.7048e-13 1.18619e-13 8.24887e-14 5.73327e-14 3.98274e-14 2.76526e-14 1.91898e-14 1.33103e-14 9.22769e-15 6.39424e-15 4.42874e-15 3.06598e-15 2.12159e-15 1.46743e-15 1.01453e-15 7.011e-16 4.84298e-16
0.001751 0.00258679 0.00315576 0.00347043 0.00356823 0.0034966 0.00330343 0.00303173 0.00271714 0.00238726 0.00206215 0.00175532 0.001475 0.00122536 0.00100763 0.000820989 0.00066336 0.00053193 0.000423572 0.000335125 0.000263575 0.00020616 0.000160425 0.000124237 9.57803e-05 7.35303e-05 5.62247e-05 4.28309e-05 3.25121e-05 2.45964e-05 1.85487e-05 1.39456e-05 1.04545e-05 7.81588e-06 5.82786e-06 4.3346e-06 3.21621e-06 2.38089e-06 1.75863e-06 1.29624e-06 9.53484e-07 6.99984e-07 5.12911e-07 3.75151e-07 2.73909e-07 1.99651e-07 1.45286e-07 1.05558e-07 7.65758e-08 5.54689e-08 4.01222e-08 2.89811e-08 2.09055e-08 1.50604e-08 1.08359e-08 7.7867e-09 5.58886e-09 4.00671e-09 2.86919e-09 2.05236e-09 1.4665e-09 1.04678e-09 7.46425e-10 5.31725e-10 3.78415e-10 2.69054e-10 1.91122e-10 1.35641e-10 9.61816e-11 6.81429e-11 4.82376e-11 3.41189e-11 2.41133e-11 1.70287e-11 1.20163e-11 8.47299e-12 5.97014e-12 4.2036e-12 2.95769e-12 2.07963e-12 1.46126e-12 1.02608e-12 7.20035e-13 5.04953e-13 3.53899e-13 2.4788e-13 1.73518e-13 1.21393e-13 8.48771e-14 5.9312e-14 4.14242e-14 2.89153e-14 2.0173e-14 1.40664e-14 9.80332e-15 6.82876e-15 4.75438e-15 3.30851e-15 2.30124e-15 1.59988e-15 1.11175e-15
0.00114721 0.00181269 0.00231898 0.00265092 0.0028186 0.00284613 0.00276353 0.00260132 0.00238726 0.00214475 0.00189225 0.00164345 0.00140784 0.00119137 0.000997237 0.000826571 0.000679029 0.000553304 0.000447506 0.000359459 0.000286906 0.00022765 0.000179642 0.000141032 0.000110189 8.57032e-05 6.63751e-05 5.11999e-05 3.93445e-05 3.01255e-05 2.2988e-05 1.74847e-05 1.32579e-05 1.00232e-05 7.55647e-06 5.68148e-06 4.26074e-06 3.1874e-06 2.37881e-06 1.77131e-06 1.31607e-06 9.7578e-07 7.22011e-07 5.33197e-07 3.93019e-07 2.89168e-07 2.12385e-07 1.55725e-07 1.13994e-07 8.33129e-08 6.07959e-08 4.42984e-08 3.22309e-08 2.34179e-08 1.69914e-08 1.23122e-08 8.91014e-09 6.44004e-09 4.64904e-09 3.35216e-09 2.41426e-09 1.73682e-09 1.2481e-09 8.95948e-10 6.42486e-10 4.60259e-10 3.29391e-10 2.35506e-10 1.68221e-10 1.20049e-10 8.55944e-11 6.09747e-11 4.3399e-11 3.08634e-11 2.19306e-11 1.55707e-11 1.10464e-11 7.83066e-12 5.54686e-12 3.92622e-12 2.77707e-12 1.96286e-12 1.3864e-12 9.78566e-13 6.90241e-13 4.86548e-13 3.42744e-13 2.4129e-13 1.69761e-13 1.19364e-13 8.38776e-14 5.89066e-14 4.13457e-14 2.90035e-14 2.03342e-14 1.42484e-14 9.97864e-15 6.98467e-15 4.88646e-15 3.4168e-15 2.38795e-15
0.00075162 0.00126487 0.00169199 0.00200607 0.00220157 0.00228701 0.0022789 0.00219721 0.00206215 0.00189225 0.00170327 0.00150783 0.00131547 0.00113289 0.000964417 0.000812486 0.000678047 0.000560993 0.000460489 0.000375246 0.000303728 0.000244307 0.000195369 0.000155385 0.000122954 9.68269e-05 7.59077e-05 5.92549e-05 4.60693e-05 3.56812e-05 2.75354e-05 2.11761e-05 1.62321e-05 1.24035e-05 9.44961e-06 7.17863e-06 5.43852e-06 4.10942e-06 3.09732e-06 2.32885e-06 1.74698e-06 1.30757e-06 9.76569e-07 7.27846e-07 5.41385e-07 4.01914e-07 2.97816e-07 2.20281e-07 1.62648e-07 1.1989e-07 8.82277e-08 6.48242e-08 4.75554e-08 3.48347e-08 2.54796e-08 1.86107e-08 1.35748e-08 9.88842e-09 7.19377e-09 5.22681e-09 3.79301e-09 2.74922e-09 1.99035e-09 1.43931e-09 1.03967e-09 7.50185e-10 5.40731e-10 3.89355e-10 2.80074e-10 2.01267e-10 1.44496e-10 1.0364e-10 7.42681e-11 5.31723e-11 3.80352e-11 2.7184e-11 1.94121e-11 1.38508e-11 9.87475e-12 7.03449e-12 5.00729e-12 3.56157e-12 2.53137e-12 1.79785e-12 1.27597e-12 9.04938e-13 6.41356e-13 4.54239e-13 3.215e-13 2.27402e-13 1.60742e-13 1.1355e-13 8.01642e-14 5.65598e-14 3.98819e-14 2.81053e-14 1.97948e-14 1.39337e-14 9.80254e-15 6.89244e-15 4.84365e-15
0.000492441 0.000879312 0.00122686 0.00150577 0.00170291 0.00181729 0.001856 0.00183077 0.00175532 0.00164345 0.00150783 0.00135934 0.00120674 0.00105676 0.000914209 0.000782241 0.000662685 0.000556321 0.000463151 0.000382634 0.000313877 0.000255781 0.000207161 0.000166822 0.000133617 0.000106481 8.44523e-05 6.66804e-05 5.2425e-05 4.10513e-05 3.20224e-05 2.48886e-05 1.92771e-05 1.48815e-05 1.1452e-05 8.78627e-06 6.7216e-06 5.12787e-06 3.90164e-06 2.96106e-06 2.24172e-06 1.69313e-06 1.27588e-06 9.59344e-07 7.19814e-07 5.38987e-07 4.02789e-07 3.00433e-07 2.23674e-07 1.66228e-07 1.23322e-07 9.13366e-08 6.7537e-08 4.98599e-08 3.6753e-08 2.70511e-08 1.98814e-08 1.45914e-08 1.06942e-08 7.82745e-09 5.72171e-09 4.17715e-09 3.04578e-09 2.21816e-09 1.61352e-09 1.17236e-09 8.50863e-10 6.16855e-10 4.46728e-10 3.23184e-10 2.33568e-10 1.68634e-10 1.21633e-10 8.76485e-11 6.31004e-11 4.53861e-11 3.26156e-11 2.34179e-11 1.67995e-11 1.20415e-11 8.62398e-12 6.1714e-12 4.41281e-12 3.1529e-12 2.25099e-12 1.60588e-12 1.14481e-12 8.15534e-13 5.80555e-13 4.12994e-13 2.93594e-13 2.08574e-13 1.48077e-13 1.0506e-13 7.44915e-14 5.27845e-14 3.73801e-14 2.64552e-14 1.87122e-14 1.32277e-14 9.34535e-15
0.000322634 0.000609257 0.000884735 0.00112216 0.00130594 0.00142994 0.00149514 0.00150732 0.001475 0.00140784 0.00131547 0.00120674 0.00108928 0.000969283 0.000851547 0.000739542 0.000635592 0.000541069 0.000456594 0.000382215 0.000317577 0.00026205 0.000214842 0.00017508 0.000141873 0.000114356 9.17162e-05 7.32121e-05 5.8181e-05 4.60406e-05 3.62874e-05 2.84913e-05 2.22888e-05 1.73762e-05 1.35015e-05 1.04576e-05 8.07544e-06 6.21776e-06 4.77407e-06 3.65577e-06 2.7922e-06 2.12734e-06 1.61692e-06 1.22613e-06 9.27723e-07 7.00432e-07 5.2773e-07 3.96812e-07 2.97792e-07 2.23061e-07 1.66779e-07 1.24478e-07 9.27462e-08 6.89886e-08 5.12337e-08 3.79884e-08 2.81244e-08 2.07907e-08 1.53471e-08 1.13129e-08 8.32768e-09 6.12202e-09 4.49469e-09 3.29575e-09 2.41362e-09 1.76547e-09 1.28985e-09 9.41275e-10 6.86129e-10 4.99594e-10 3.63381e-10 2.64028e-10 1.91643e-10 1.38962e-10 1.00664e-10 7.28508e-11 5.26726e-11 3.80481e-11 2.74592e-11 1.97997e-11 1.42644e-11 1.02677e-11 7.38475e-12 5.30689e-12 3.81062e-12 2.73406e-12 1.96013e-12 1.40421e-12 1.0052e-12 7.19049e-13 5.13985e-13 3.67143e-13 2.62071e-13 1.86942e-13 1.33261e-13 9.49317e-14 6.75832e-14 4.80828e-14 3.41876e-14 2.42929e-14 1.72514e-14
0.000211381 0.000420892 0.000634908 0.000830981 0.000993919 0.0011154 0.00119283 0.00122794 0.00122536 0.00119137 0.00113289 0.00105676 0.000969283 0.000875864 0.000780949 0.000687992 0.00059952 0.000517249 0.000442211 0.000374891 0.000315355 0.000263362 0.000218465 0.000180084 0.000147573 0.000120262 9.74943e-05 7.86482e-05 6.31497e-05 5.04816e-05 4.01857e-05 3.18621e-05 2.51666e-05 1.98061e-05 1.55334e-05 1.21422e-05 9.46119e-06 7.34975e-06 5.69286e-06 4.39713e-06 3.38716e-06 2.60239e-06 1.99445e-06 1.52484e-06 1.16309e-06 8.85166e-07 6.7219e-07 5.09385e-07 3.85226e-07 2.90756e-07 2.19034e-07 1.64699e-07 1.2362e-07 9.26249e-08 6.92838e-08 5.17393e-08 3.85757e-08 2.87164e-08 2.13447e-08 1.58419e-08 1.17409e-08 8.68932e-09 6.42212e-09 4.74016e-09 3.49416e-09 2.57243e-09 1.8915e-09 1.38913e-09 1.01899e-09 7.46609e-10 5.46421e-10 3.99469e-10 2.91723e-10 2.12814e-10 1.55089e-10 1.12907e-10 8.21172e-11 5.96658e-11 4.33115e-11 3.14107e-11 2.27591e-11 1.64757e-11 1.19166e-11 8.61168e-12 6.21807e-12 4.48605e-12 3.23385e-12 2.32932e-12 1.67647e-12 1.20568e-12 8.66437e-13 6.22186e-13 4.46464e-13 3.20141e-13 2.29399e-13 1.64262e-13 1.17541e-13 8.40526e-14 6.00655e-14 4.28961e-14 3.06149e-14
0.000138491 0.000289989 0.000453638 0.000611861 0.000751314 0.000863298 0.000943432 0.000990915 0.00100763 0.000997237 0.000964417 0.000914209 0.000851547 0.000780949 0.00070632 0.000630873 0.000557122 0.00048692 0.000421538 0.000361753 0.000307942 0.000260169 0.000218272 0.000181925 0.000150702 0.000124118 0.000101669 8.28539e-05 6.71932e-05 5.42421e-05 4.35961e-05 3.48941e-05 2.78186e-05 2.20941e-05 1.74843e-05 1.37886e-05 1.08381e-05 8.49199e-06 6.6335e-06 5.1666e-06 4.01278e-06 3.10819e-06 2.40125e-06 1.85044e-06 1.42251e-06 1.09098e-06 8.3482e-07 6.37407e-07 4.85644e-07 3.69255e-07 2.802e-07 2.12213e-07 1.6042e-07 1.21048e-07 9.11772e-08 6.85597e-08 5.14667e-08 3.85724e-08 2.8863e-08 2.15643e-08 1.60871e-08 1.19836e-08 8.91408e-09 6.62158e-09 4.912e-09 3.63898e-09 2.6924e-09 1.98954e-09 1.46835e-09 1.08239e-09 7.96937e-10 5.86092e-10 4.30544e-10 3.1593e-10 2.31577e-10 1.69567e-10 1.24033e-10 9.06344e-11 6.61634e-11 4.82526e-11 3.51567e-11 2.55912e-11 1.86112e-11 1.35228e-11 9.81693e-12 7.12048e-12 5.16027e-12 3.73658e-12 2.70346e-12 1.95441e-12 1.41178e-12 1.01902e-12 7.34961e-13 5.2969e-13 3.81468e-13 2.74524e-13 1.9742e-13 1.41873e-13 1.01884e-13 7.3117e-14 5.24373e-14
9.07354e-05 0.000199317 0.000322846 0.000448213 0.000564452 0.000663507 0.000740377 0.000792848 0.000820989 0.000826571 0.000812486 0.000782241 0.000739542 0.000687992 0.000630873 0.00057103 0.000510808 0.00045205 0.000396125 0.000343977 0.000296194 0.000253063 0.000214645 0.000180825 0.000151365 0.000125947 0.000104207 8.57609e-05 7.02248e-05 5.72287e-05 4.64264e-05 3.75006e-05 3.01665e-05 2.41716e-05 1.92955e-05 1.53478e-05 1.21659e-05 9.61198e-06 7.57016e-06 5.94398e-06 4.65349e-06 3.63294e-06 2.82852e-06 2.19646e-06 1.70134e-06 1.31461e-06 1.0134e-06 7.79427e-07 5.98149e-07 4.58052e-07 3.50042e-07 2.66963e-07 2.03206e-07 1.54383e-07 1.17074e-07 8.86235e-08 6.69701e-08 5.05217e-08 3.80505e-08 2.86119e-08 2.1481e-08 1.61028e-08 1.20533e-08 9.00907e-09 6.72422e-09 5.01193e-09 3.73065e-09 2.77327e-09 2.05894e-09 1.52668e-09 1.13064e-09 8.36324e-10 6.17899e-10 4.55996e-10 3.36137e-10 2.47511e-10 1.82056e-10 1.33769e-10 9.81878e-11 7.19978e-11 5.27411e-11 3.85972e-11 2.82194e-11 2.06126e-11 1.50424e-11 1.09676e-11 7.98947e-12 5.81497e-12 4.2287e-12 3.07256e-12 2.23068e-12 1.61816e-12 1.1729e-12 8.49491e-13 6.14785e-13 4.44589e-13 3.21271e-13 2.31989e-13 1.67398e-13 1.20705e-13 8.69753e-14
5.94473e-05 0.000136697 0.000228942 0.000326809 0.000421712 0.000506719 0.000576927 0.000629481 0.00066336 0.000679029 0.000678047 0.000662685 0.000635592 0.00059952 0.000557122 0.000510808 0.000462667 0.000414426 0.000367444 0.000322738 0.000281015 0.000242715 0.000208061 0.000177103 0.000149759 0.000125853 0.000105146 8.73623e-05 7.22081e-05 5.93877e-05 4.86142e-05 3.96174e-05 3.21483e-05 2.59813e-05 2.09159e-05 1.67756e-05 1.3407e-05 1.06783e-05 8.47712e-06 6.70851e-06 5.29283e-06 4.16372e-06 3.26629e-06 2.55534e-06 1.99392e-06 1.55191e-06 1.20494e-06 9.33329e-07 7.21292e-07 5.56191e-07 4.27961e-07 3.28608e-07 2.5181e-07 1.92582e-07 1.47004e-07 1.12005e-07 8.5185e-08 6.46735e-08 4.90171e-08 3.70891e-08 2.80183e-08 2.11325e-08 1.59145e-08 1.19669e-08 8.98535e-09 6.737e-09 5.04419e-09 3.77159e-09 2.8163e-09 2.10023e-09 1.56424e-09 1.16358e-09 8.64494e-10 6.41519e-10 4.75499e-10 3.52041e-10 2.60346e-10 1.92324e-10 1.41922e-10 1.04618e-10 7.70399e-11 5.66742e-11 4.16508e-11 3.05801e-11 2.24305e-11 1.64373e-11 1.20344e-11 8.80285e-12 6.43336e-12 4.69757e-12 3.42717e-12 2.49823e-12 1.81958e-12 1.32421e-12 9.62925e-13 6.99662e-13 5.07981e-13 3.68533e-13 2.67166e-13 1.93537e-13 1.40099e-13
3.89482e-05 9.35625e-05 0.000161823 0.000237279 0.000313474 0.000384742 0.000446667 0.000496261 0.00053193 0.000553304 0.000560993 0.000556321 0.000541069 0.000517249 0.00048692 0.00045205 0.000414426 0.000375592 0.000336828 0.000299144 0.000263299 0.000229821 0.000199045 0.00017114 0.000146147 0.000124006 0.000104585 8.77044e-05 7.31521e-05 6.07028e-05 5.01279e-05 4.12042e-05 3.37202e-05 2.74797e-05 2.23043e-05 1.80342e-05 1.4528e-05 1.16622e-05 9.33002e-06 7.43997e-06 5.91423e-06 4.68721e-06 3.70398e-06 2.9188e-06 2.29385e-06 1.798e-06 1.40577e-06 1.09642e-06 8.53126e-07 6.62296e-07 5.13009e-07 3.96516e-07 3.05836e-07 2.35415e-07 1.80851e-07 1.38667e-07 1.06125e-07 8.10723e-08 6.18243e-08 4.70651e-08 3.57693e-08 2.71401e-08 2.05599e-08 1.55509e-08 1.17444e-08 8.85652e-09 6.66911e-09 5.01486e-09 3.76575e-09 2.82395e-09 2.1149e-09 1.58184e-09 1.18165e-09 8.81612e-10 6.56963e-10 4.88979e-10 3.63527e-10 2.69953e-10 2.00243e-10 1.48372e-10 1.0982e-10 8.12004e-11 5.99772e-11 4.42564e-11 3.26238e-11 2.40255e-11 1.76764e-11 1.2993e-11 9.54168e-12 7.0008e-12 5.13198e-12 3.75874e-12 2.7506e-12 2.01116e-12 1.46928e-12 1.07253e-12 7.82285e-13 5.70136e-13 4.15197e-13 3.02133e-13 2.19693e-13
2.55178e-05 6.3922e-05 0.00011404 0.000171608 0.000231936 0.000290578 0.000343776 0.000388712 0.000423572 0.000447506 0.000460489 0.000463151 0.000456594 0.000442211 0.000421538 0.000396125 0.000367444 0.000336828 0.000305426 0.000274193 0.000243883 0.000215065 0.000188136 0.00016335 0.000140835 0.000120623 0.00010267 8.68764e-05 7.31043e-05 6.11915e-05 5.09638e-05 4.22436e-05 3.48568e-05 2.86371e-05 2.34299e-05 1.90938e-05 1.55011e-05 1.25387e-05 1.0107e-05 8.11955e-06 6.50187e-06 5.1903e-06 4.13089e-06 3.27822e-06 2.59429e-06 2.04751e-06 1.61177e-06 1.26555e-06 9.91283e-07 7.74616e-07 6.03918e-07 4.69789e-07 3.64661e-07 2.82464e-07 2.1835e-07 1.68454e-07 1.2971e-07 9.96902e-08 7.64782e-08 5.85667e-08 4.47725e-08 3.41695e-08 2.60347e-08 1.98047e-08 1.50419e-08 1.1407e-08 8.63764e-09 6.53106e-09 4.9312e-09 3.71806e-09 2.79955e-09 2.10514e-09 1.58092e-09 1.18572e-09 8.882e-10 6.64522e-10 4.96577e-10 3.70642e-10 2.76327e-10 2.05779e-10 1.53073e-10 1.13743e-10 8.44288e-11 6.2604e-11 4.63734e-11 3.43162e-11 2.53688e-11 1.87361e-11 1.38244e-11 1.01908e-11 7.50532e-12 5.52254e-12 4.05997e-12 2.98213e-12 2.18857e-12 1.60482e-12 1.17579e-12 8.6076e-13 6.29628e-13 4.60196e-13 3.36097e-13
1.67186e-05 4.3598e-05 8.01452e-05 0.000123668 0.000170874 0.000218388 0.000263149 0.000302661 0.000335125 0.000359459 0.000375246 0.000382634 0.000382215 0.000374891 0.000361753 0.000343977 0.000322738 0.000299144 0.000274193 0.000248747 0.000223522 0.000199084 0.00017586 0.00015415 0.000134146 0.000115947 9.95758e-05 8.50001e-05 7.21433e-05 6.08993e-05 5.11432e-05 4.27397e-05 3.55502e-05 2.94384e-05 2.42735e-05 1.99333e-05 1.63052e-05 1.32876e-05 1.07895e-05 8.73074e-06 7.04136e-06 5.66069e-06 4.5367e-06 3.62506e-06 2.8883e-06 2.29488e-06 1.81849e-06 1.43725e-06 1.13308e-06 8.91103e-07 6.99147e-07 5.47285e-07 4.27455e-07 3.33142e-07 2.59093e-07 2.01092e-07 1.55765e-07 1.20423e-07 9.29241e-08 7.15736e-08 5.50303e-08 4.22372e-08 3.23632e-08 2.47565e-08 1.89071e-08 1.4417e-08 1.09763e-08 8.34422e-09 6.33397e-09 4.80111e-09 3.63411e-09 2.74698e-09 2.07363e-09 1.56327e-09 1.177e-09 8.85055e-10 6.64704e-10 4.98609e-10 3.73573e-10 2.79568e-10 2.08979e-10 1.56038e-10 1.16381e-10 8.67098e-11 6.45348e-11 4.79809e-11 3.5637e-11 2.64423e-11 1.96007e-11 1.45152e-11 1.0739e-11 7.93777e-12 5.86187e-12 4.32496e-12 3.18819e-12 2.34816e-12 1.72798e-12 1.27053e-12 9.33404e-13 6.85173e-13 5.02554e-13
1.09535e-05 2.96899e-05 5.6182e-05 8.88267e-05 0.000125391 0.000163392 0.000200418 0.000234365 0.000263575 0.000286906 0.000303728 0.000313877 0.000317577 0.000315355 0.000307942 0.000296194 0.000281015 0.000263299 0.000243883 0.000223522 0.000202864 0.000182448 0.000162701 0.000143945 0.000126408 0.000110234 9.54979e-05 8.22188e-05 7.03705e-05 5.98943e-05 5.0708e-05 4.27146e-05 3.58086e-05 2.98817e-05 2.48266e-05 2.05404e-05 1.6926e-05 1.38939e-05 1.13628e-05 9.25982e-06 7.52025e-06 6.08738e-06 4.91188e-06 3.95125e-06 3.1691e-06 2.53451e-06 2.02141e-06 1.60787e-06 1.27562e-06 1.00949e-06 7.96947e-07 6.27668e-07 4.93214e-07 3.86701e-07 3.02535e-07 2.36192e-07 1.8402e-07 1.43088e-07 1.11045e-07 8.60157e-08 6.65055e-08 5.13286e-08 3.95461e-08 3.04164e-08 2.33555e-08 1.79046e-08 1.37042e-08 1.0473e-08 7.9915e-09 6.08898e-09 4.63267e-09 3.51969e-09 2.6704e-09 2.02329e-09 1.53097e-09 1.15693e-09 8.73165e-10 6.58179e-10 4.95519e-10 3.72611e-10 2.79861e-10 2.09955e-10 1.57333e-10 1.1777e-10 8.80588e-11 6.5773e-11 4.90758e-11 3.65796e-11 2.72378e-11 2.02615e-11 1.50573e-11 1.11791e-11 8.29193e-12 6.14471e-12 4.54937e-12 3.3652e-12 2.48707e-12 1.83648e-12 1.35492e-12 9.98796e-13 7.35665e-13
7.17646e-06 2.01895e-05 3.92911e-05 6.36059e-05 9.16771e-05 0.000121733 0.00015193 0.000180554 0.00020616 0.00022765 0.000244307 0.000255781 0.00026205 0.000263362 0.000260169 0.000253063 0.000242715 0.000229821 0.000215065 0.000199084 0.000182448 0.000165649 0.000149094 0.000133107 0.00011793 0.000103737 9.06375e-05 7.8688e-05 6.79024e-05 5.82604e-05 4.97161e-05 4.22058e-05 3.56536e-05 2.9977e-05 2.50911e-05 2.09112e-05 1.73559e-05 1.43481e-05 1.18166e-05 9.69628e-06 7.92848e-06 6.46107e-06 5.2481e-06 4.24945e-06 3.43039e-06 2.76108e-06 2.21606e-06 1.77374e-06 1.41594e-06 1.12741e-06 8.95426e-07 7.09458e-07 5.60792e-07 4.42267e-07 3.48019e-07 2.73265e-07 2.14118e-07 1.67431e-07 1.30663e-07 1.01773e-07 7.91204e-08 6.13969e-08 4.75582e-08 3.67743e-08 2.83871e-08 2.18762e-08 1.68313e-08 1.29292e-08 9.91626e-09 7.5939e-09 5.80679e-09 4.4338e-09 3.38062e-09 2.57403e-09 1.95721e-09 1.48621e-09 1.12708e-09 8.53637e-10 6.45721e-10 4.87845e-10 3.68124e-10 2.77454e-10 2.08874e-10 1.57066e-10 1.17976e-10 8.85168e-11 6.63423e-11 4.96701e-11 3.7149e-11 2.77559e-11 2.0717e-11 1.54479e-11 1.15077e-11 8.56438e-12 6.36787e-12 4.73033e-12 3.5107e-12 2.60321e-12 1.9286e-12 1.42757e-12 1.05581e-12
4.70182e-06 1.37108e-05 2.74184e-05 4.54164e-05 6.67996e-05 9.03413e-05 0.000114672 0.000138437 0.000160425 0.000179642 0.000195369 0.000207161 0.000214842 0.000218465 0.000218272 0.000214645 0.000208061 0.000199045 0.000188136 0.00017586 0.000162701 0.000149094 0.000135413 0.000121966 0.000109 9.66979e-05 8.51924e-05 7.45664e-05 6.48629e-05 5.60917e-05 4.82367e-05 4.12622e-05 3.5118e-05 2.97447e-05 2.50776e-05 2.10496e-05 1.7594e-05 1.46462e-05 1.21448e-05 1.0033e-05 8.25859e-06 6.77444e-06 5.53845e-06 4.51337e-06 3.66657e-06 2.96969e-06 2.39827e-06 1.93135e-06 1.5511e-06 1.24243e-06 9.9263e-07 7.91088e-07 6.28948e-07 4.98868e-07 3.94792e-07 3.11737e-07 2.45626e-07 1.9313e-07 1.51544e-07 1.18676e-07 9.27573e-08 7.23623e-08 5.63478e-08 4.37987e-08 3.39848e-08 2.63248e-08 2.03572e-08 1.57167e-08 1.21147e-08 9.32363e-09 7.16465e-09 5.49739e-09 4.21195e-09 3.22247e-09 2.46199e-09 1.8784e-09 1.43122e-09 1.08906e-09 8.27632e-10 6.28165e-10 4.7618e-10 3.60529e-10 2.72641e-10 2.05936e-10 1.55373e-10 1.17092e-10 8.8145e-11 6.6282e-11 4.97886e-11 3.736e-11 2.8005e-11 2.09712e-11 1.56884e-11 1.17249e-11 8.75425e-12 6.53007e-12 4.86643e-12 3.62331e-12 2.6953e-12 2.0032e-12 1.48751e-12
3.0805e-06 9.29952e-06 1.90943e-05 3.23424e-05 4.8518e-05 6.68006e-05 8.61994e-05 0.000105674 0.000124237 0.000141032 0.000155385 0.000166822 0.00017508 0.000180084 0.000181925 0.000180825 0.000177103 0.00017114 0.00016335 0.00015415 0.000143945 0.000133107 0.000121966 0.000110809 9.98706e-05 8.93372e-05 7.935e-05 7.0009e-05 6.13772e-05 5.34872e-05 4.6346e-05 3.99406e-05 3.42427e-05 2.92129e-05 2.48044e-05 2.09662e-05 1.76453e-05 1.47889e-05 1.23455e-05 1.02663e-05 8.50585e-06 7.02227e-06 5.77763e-06 4.7379e-06 3.8729e-06 3.15607e-06 2.56426e-06 2.07742e-06 1.67831e-06 1.35221e-06 1.08662e-06 8.70967e-07 6.96392e-07 5.55473e-07 4.42037e-07 3.50969e-07 2.78048e-07 2.19806e-07 1.73401e-07 1.36514e-07 1.07261e-07 8.41134e-08 6.58369e-08 5.14368e-08 4.01143e-08 3.12292e-08 2.42705e-08 1.88309e-08 1.45865e-08 1.12807e-08 8.71047e-09 6.71556e-09 5.16979e-09 3.97399e-09 3.0504e-09 2.33817e-09 1.78977e-09 1.36814e-09 1.04446e-09 7.96319e-10 6.06361e-10 4.6114e-10 3.5027e-10 2.65737e-10 2.01367e-10 1.52413e-10 1.15229e-10 8.70196e-11 6.56441e-11 4.9466e-11 3.72355e-11 2.79999e-11 2.10335e-11 1.57844e-11 1.18336e-11 8.86301e-12 6.63179e-12 4.9576e-12 3.70262e-12 2.76281e-12 2.05969e-12
2.01826e-06 6.3002e-06 1.32721e-05 2.29747e-05 3.51347e-05 4.92256e-05 6.45502e-05 8.03288e-05 9.57803e-05 0.000110189 0.000122954 0.000133617 0.000141873 0.000147573 0.000150702 0.000151365 0.000149759 0.000146147 0.000140835 0.000134146 0.000126408 0.00011793 0.000109 9.98706e-05 9.07608e-05 8.185e-05 7.32809e-05 6.51612e-05 5.75668e-05 5.05459e-05 4.41228e-05 3.83025e-05 3.30743e-05 2.84157e-05 2.42956e-05 2.06771e-05 1.75197e-05 1.47815e-05 1.24204e-05 1.03957e-05 8.66816e-06 7.2015e-06 5.96207e-06 4.91928e-06 4.04565e-06 3.31669e-06 2.71079e-06 2.20904e-06 1.79503e-06 1.45457e-06 1.17552e-06 9.47535e-07 7.61835e-07 6.11025e-07 4.889e-07 3.90277e-07 3.10846e-07 2.47037e-07 1.95907e-07 1.55036e-07 1.22442e-07 9.65098e-08 7.59227e-08 5.96148e-08 4.67237e-08 3.65544e-08 2.85483e-08 2.22576e-08 1.73239e-08 1.34618e-08 1.0444e-08 8.08995e-09 6.25692e-09 4.83195e-09 3.72603e-09 2.8691e-09 2.20613e-09 1.69401e-09 1.29901e-09 9.94792e-10 7.60827e-10 5.81145e-10 4.43342e-10 3.37799e-10 2.57071e-10 1.95404e-10 1.48357e-10 1.12508e-10 8.52264e-11 6.44888e-11 4.87442e-11 3.68043e-11 2.776e-11 2.09167e-11 1.57444e-11 1.18393e-11 8.89402e-12 6.67502e-12 5.00489e-12 3.74913e-12 2.80586e-12
1.32231e-06 4.26361e-06 9.20876e-06 1.62823e-05 2.5372e-05 3.61583e-05 4.81657e-05 6.0824e-05 7.35303e-05 8.57032e-05 9.68269e-05 0.000106481 0.000114356 0.000120262 0.000124118 0.000125947 0.000125853 0.000124006 0.000120623 0.000115947 0.000110234 0.000103737 9.66979e-05 8.93372e-05 8.185e-05 7.44036e-05 6.71356e-05 6.01554e-05 5.35452e-05 4.7363e-05 4.16454e-05 3.64107e-05 3.16622e-05 2.73911e-05 2.35795e-05 2.02026e-05 1.72312e-05 1.46331e-05 1.2375e-05 1.04235e-05 8.74593e-06 7.31113e-06 6.08986e-06 5.0551e-06 4.18217e-06 3.44884e-06 2.83525e-06 2.32379e-06 1.89904e-06 1.54753e-06 1.25763e-06 1.01932e-06 8.24032e-07 6.64486e-07 5.34525e-07 4.28962e-07 3.43452e-07 2.74371e-07 2.18705e-07 1.73962e-07 1.38086e-07 1.09386e-07 8.64803e-08 6.82395e-08 5.37449e-08 4.22514e-08 3.31563e-08 2.59734e-08 2.03117e-08 1.58576e-08 1.236e-08 9.61834e-09 7.47311e-09 5.79744e-09 4.49073e-09 3.47343e-09 2.68271e-09 2.06906e-09 1.59357e-09 1.22569e-09 9.41473e-10 7.22219e-10 5.53315e-10 4.23379e-10 3.23556e-10 2.46969e-10 1.88286e-10 1.43379e-10 1.09057e-10 8.28571e-11 6.28818e-11 4.76701e-11 3.60995e-11 2.73085e-11 2.06369e-11 1.55793e-11 1.17494e-11 8.85222e-12 6.66297e-12 5.01035e-12 3.76408e-12
8.6634e-07 2.88243e-06 6.37873e-06 1.1514e-05 1.82738e-05 2.64798e-05 3.58192e-05 4.58859e-05 5.62247e-05 6.63751e-05 7.59077e-05 8.44523e-05 9.17162e-05 9.74943e-05 0.000101669 0.000104207 0.000105146 0.000104585 0.00010267 9.95758e-05 9.54979e-05 9.06375e-05 8.51924e-05 7.935e-05 7.32809e-05 6.71356e-05 6.10427e-05 5.51079e-05 4.9415e-05 4.40272e-05 3.89887e-05 3.43273e-05 3.00567e-05 2.61791e-05 2.2687e-05 1.95662e-05 1.67969e-05 1.43557e-05 1.22172e-05 1.03548e-05 8.74181e-06 7.35212e-06 6.16077e-06 5.14428e-06 4.28089e-06 3.5507e-06 2.93569e-06 2.41973e-06 1.98851e-06 1.62942e-06 1.33143e-06 1.08499e-06 8.81823e-07 7.14866e-07 5.78075e-07 4.66327e-07 3.75295e-07 3.01341e-07 2.4142e-07 1.92993e-07 1.53953e-07 1.22556e-07 9.73662e-08 7.72013e-08 6.10951e-08 4.82584e-08 3.8049e-08 2.99458e-08 2.3527e-08 1.84525e-08 1.44483e-08 1.12945e-08 8.81493e-09 6.86895e-09 5.34434e-09 4.15187e-09 3.22072e-09 2.4948e-09 1.92975e-09 1.49061e-09 1.14983e-09 8.85778e-10 6.81469e-10 5.2361e-10 4.0181e-10 3.07961e-10 2.35744e-10 1.80246e-10 1.37652e-10 1.05001e-10 8.00048e-11 6.08909e-11 4.62926e-11 3.51563e-11 2.66707e-11 2.02121e-11 1.53018e-11 1.15727e-11 8.74372e-12 6.59982e-12 4.9768e-12
5.67602e-07 1.94682e-06 4.41146e-06 8.12535e-06 1.31288e-05 1.93368e-05 2.65532e-05 3.44963e-05 4.28309e-05 5.11999e-05 5.92549e-05 6.66804e-05 7.32121e-05 7.86482e-05 8.28539e-05 8.57609e-05 8.73623e-05 8.77044e-05 8.68764e-05 8.50001e-05 8.22188e-05 7.8688e-05 7.45664e-05 7.0009e-05 6.51612e-05 6.01554e-05 5.51079e-05 5.01177e-05 4.52665e-05 4.06185e-05 3.62221e-05 3.21112e-05 2.8307e-05 2.48196e-05 2.16503e-05 1.8793e-05 1.62361e-05 1.39638e-05 1.19575e-05 1.01967e-05 8.66039e-06 7.32712e-06 6.17601e-06 5.18704e-06 4.34131e-06 3.62128e-06 3.01088e-06 2.4955e-06 2.06205e-06 1.69887e-06 1.39565e-06 1.14337e-06 9.34173e-07 7.61255e-07 6.18768e-07 5.01707e-07 4.05815e-07 3.27482e-07 2.63667e-07 2.11816e-07 1.69794e-07 1.35821e-07 1.08422e-07 8.63767e-08 6.86787e-08 5.45024e-08 4.31715e-08 3.41337e-08 2.69397e-08 2.12248e-08 1.66937e-08 1.3108e-08 1.02756e-08 8.04232e-09 6.28456e-09 4.90344e-09 3.82008e-09 2.97169e-09 2.30837e-09 1.79057e-09 1.38699e-09 1.07291e-09 8.28837e-10 6.39449e-10 4.92699e-10 3.79147e-10 2.91402e-10 2.23691e-10 1.71507e-10 1.31342e-10 1.00466e-10 7.67614e-11 5.85839e-11 4.46618e-11 3.40113e-11 2.5873e-11 1.96614e-11 1.49257e-11 1.13192e-11 8.5755e-12 6.49048e-12
3.71877e-07 1.31372e-06 3.04639e-06 5.72282e-06 9.41036e-06 1.40828e-05 1.96251e-05 2.58488e-05 3.25121e-05 3.93445e-05 4.60693e-05 5.2425e-05 5.8181e-05 6.31497e-05 6.71932e-05 7.02248e-05 7.22081e-05 7.31521e-05 7.31043e-05 7.21433e-05 7.03705e-05 6.79024e-05 6.48629e-05 6.13772e-05 5.75668e-05 5.35452e-05 4.9415e-05 4.52665e-05 4.11761e-05 3.72067e-05 3.34078e-05 2.98168e-05 2.64594e-05 2.33517e-05 2.05014e-05 1.79089e-05 1.55693e-05 1.34731e-05 1.16076e-05 9.95797e-06 8.50783e-06 7.24025e-06 6.13813e-06 5.18472e-06 4.36389e-06 3.66046e-06 3.06026e-06 2.55028e-06 2.1187e-06 1.75487e-06 1.44928e-06 1.19352e-06 9.80196e-07 8.02855e-07 6.55894e-07 5.34484e-07 4.3448e-07 3.52344e-07 2.85071e-07 2.30121e-07 1.85352e-07 1.48972e-07 1.19481e-07 9.56323e-08 7.63906e-08 6.09013e-08 4.846e-08 3.84885e-08 3.05131e-08 2.41472e-08 1.90762e-08 1.50444e-08 1.18449e-08 9.31061e-09 7.30685e-09 5.72533e-09 4.47924e-09 3.49908e-09 2.72936e-09 2.12589e-09 1.6535e-09 1.28429e-09 9.96154e-10 7.71629e-10 5.96923e-10 4.61177e-10 3.55848e-10 2.74233e-10 2.11078e-10 1.62272e-10 1.24604e-10 9.55682e-11 7.32148e-11 5.60267e-11 4.28264e-11 3.27006e-11 2.49422e-11 1.90045e-11 1.44653e-11 1.09991e-11 8.35502e-12
2.43644e-07 8.85752e-07 2.10077e-06 4.02325e-06 6.73012e-06 1.02302e-05 1.44636e-05 1.93088e-05 2.45964e-05 3.01255e-05 3.56812e-05 4.10513e-05 4.60406e-05 5.04816e-05 5.42421e-05 5.72287e-05 5.93877e-05 6.07028e-05 6.11915e-05 6.08993e-05 5.98943e-05 5.82604e-05 5.60917e-05 5.34872e-05 5.05459e-05 4.7363e-05 4.40272e-05 4.06185e-05 3.72067e-05 3.38511e-05 3.06004e-05 2.74927e-05 2.45566e-05 2.1812e-05 1.92711e-05 1.69395e-05 1.48173e-05 1.29002e-05 1.11807e-05 9.64842e-06 8.29149e-06 7.09681e-06 6.05078e-06 5.13967e-06 4.35002e-06 3.66886e-06 3.08394e-06 2.58382e-06 2.15796e-06 1.79678e-06 1.4916e-06 1.2347e-06 1.01918e-06 8.38992e-07 6.88839e-07 5.64106e-07 4.60805e-07 3.75506e-07 3.05271e-07 2.47601e-07 2.00374e-07 1.61799e-07 1.30371e-07 1.04828e-07 8.41185e-08 6.73656e-08 5.38444e-08 4.29553e-08 3.42047e-08 2.71873e-08 2.15712e-08 1.70854e-08 1.35095e-08 1.06642e-08 8.40443e-09 6.61294e-09 5.19517e-09 4.07511e-09 3.19171e-09 2.49614e-09 1.94932e-09 1.52014e-09 1.1838e-09 9.20612e-10 7.14979e-10 5.54546e-10 4.29556e-10 3.32315e-10 2.56766e-10 1.98149e-10 1.52729e-10 1.17581e-10 9.04159e-11 6.94473e-11 5.32814e-11 4.08333e-11 3.12593e-11 2.39043e-11 1.82606e-11 1.39349e-11 1.06229e-11
1.59629e-07 5.96725e-07 1.44675e-06 2.82348e-06 4.80316e-06 7.4137e-06 1.06309e-05 1.4381e-05 1.85487e-05 2.2988e-05 2.75354e-05 3.20224e-05 3.62874e-05 4.01857e-05 4.35961e-05 4.64264e-05 4.86142e-05 5.01279e-05 5.09638e-05 5.11432e-05 5.0708e-05 4.97161e-05 4.82367e-05 4.6346e-05 4.41228e-05 4.16454e-05 3.89887e-05 3.62221e-05 3.34078e-05 3.06004e-05 2.78456e-05 2.51812e-05 2.26367e-05 2.02341e-05 1.79885e-05 1.59092e-05 1.40004e-05 1.22619e-05 1.06901e-05 9.2787e-06 8.01955e-06 6.90296e-06 5.91845e-06 5.05508e-06 4.30181e-06 3.64781e-06 3.08262e-06 2.59635e-06 2.17976e-06 1.82431e-06 1.5222e-06 1.2664e-06 1.05059e-06 8.6914e-07 7.17096e-07 5.90104e-07 4.84365e-07 3.96589e-07 3.23937e-07 2.63972e-07 2.14615e-07 1.74097e-07 1.4092e-07 1.13824e-07 9.17469e-08 7.3802e-08 5.92494e-08 4.74743e-08 3.79675e-08 3.03082e-08 2.41503e-08 1.92095e-08 1.5253e-08 1.20909e-08 9.56837e-09 7.55981e-09 5.96336e-09 4.69669e-09 3.6934e-09 2.90007e-09 2.27379e-09 1.78017e-09 1.39174e-09 1.08655e-09 8.47125e-10 6.59571e-10 5.12864e-10 3.98273e-10 3.08892e-10 2.3927e-10 1.85113e-10 1.43041e-10 1.104e-10 8.51074e-11 6.55341e-11 5.04054e-11 3.8726e-11 2.97203e-11 2.27843e-11 1.74485e-11 1.33483e-11
1.04584e-07 4.01706e-07 9.9509e-07 1.97821e-06 3.4211e-06 5.3603e-06 7.7938e-06 1.06808e-05 1.39456e-05 1.74847e-05 2.11761e-05 2.48886e-05 2.84913e-05 3.18621e-05 3.48941e-05 3.75006e-05 3.96174e-05 4.12042e-05 4.22436e-05 4.27397e-05 4.27146e-05 4.22058e-05 4.12622e-05 3.99406e-05 3.83025e-05 3.64107e-05 3.43273e-05 3.21112e-05 2.98168e-05 2.74927e-05 2.51812e-05 2.29182e-05 2.07327e-05 1.86476e-05 1.66798e-05 1.48411e-05 1.31383e-05 1.15745e-05 1.01493e-05 8.85972e-06 7.70068e-06 6.66547e-06 5.74632e-06 4.93477e-06 4.22202e-06 3.59918e-06 3.05751e-06 2.5886e-06 2.18442e-06 1.83751e-06 1.54094e-06 1.28838e-06 1.07409e-06 8.9292e-07 7.40279e-07 6.12099e-07 5.04802e-07 4.15265e-07 3.40771e-07 2.78972e-07 2.27847e-07 1.85669e-07 1.50963e-07 1.22479e-07 9.916e-08 8.01149e-08 6.45972e-08 5.19826e-08 4.17509e-08 3.34699e-08 2.6782e-08 2.13919e-08 1.70564e-08 1.35761e-08 1.07877e-08 8.5578e-09 6.77782e-09 5.35952e-09 4.2314e-09 3.33562e-09 2.62554e-09 2.06357e-09 1.61954e-09 1.26926e-09 9.93352e-10 7.76358e-10 6.05951e-10 4.72324e-10 3.67688e-10 2.85868e-10 2.21977e-10 1.72154e-10 1.33352e-10 1.03172e-10 7.97298e-11 6.15429e-11 4.74507e-11 3.65446e-11 2.81143e-11 2.16054e-11 1.65857e-11
6.85207e-08 2.70228e-07 6.83616e-07 1.38382e-06 2.43209e-06 3.86719e-06 5.69996e-06 7.91148e-06 1.04545e-05 1.32579e-05 1.62321e-05 1.92771e-05 2.22888e-05 2.51666e-05 2.78186e-05 3.01665e-05 3.21483e-05 3.37202e-05 3.48568e-05 3.55502e-05 3.58086e-05 3.56536e-05 3.5118e-05 3.42427e-05 3.30743e-05 3.16622e-05 3.00567e-05 2.8307e-05 2.64594e-05 2.45566e-05 2.26367e-05 2.07327e-05 1.88725e-05 1.70785e-05 1.53686e-05 1.37558e-05 1.2249e-05 1.08534e-05 9.57137e-06 8.40231e-06 7.34372e-06 6.3914e-06 5.53993e-06 4.78303e-06 4.11386e-06 3.52534e-06 3.01029e-06 2.56166e-06 2.17264e-06 1.83675e-06 1.54794e-06 1.30058e-06 1.08953e-06 9.1011e-07 7.58123e-07 6.2981e-07 5.21836e-07 4.31264e-07 3.55523e-07 2.92372e-07 2.39868e-07 1.96337e-07 1.60345e-07 1.30662e-07 1.06245e-07 8.62099e-08 6.98094e-08 5.64158e-08 4.55025e-08 3.66301e-08 2.94324e-08 2.36057e-08 1.88986e-08 1.51035e-08 1.20497e-08 9.59718e-09 7.6312e-09 6.05813e-09 4.8017e-09 3.79992e-09 3.00255e-09 2.36895e-09 1.8663e-09 1.46819e-09 1.15336e-09 9.04785e-10 7.08813e-10 5.54543e-10 4.33276e-10 3.3809e-10 2.63479e-10 2.05076e-10 1.59423e-10 1.23783e-10 9.59955e-11 7.4359e-11 5.75327e-11 4.44635e-11 3.43247e-11 2.64687e-11 2.03887e-11
