0.379196 0.0644719 0.0342079 0.0197543 0.0117312 0.00697542 0.00411071 0.00239479 0.00137981 0.000787376 0.000445666 0.000250544 0.000140049 7.79092e-05 4.3163e-05 2.38284e-05 1.3114e-05 7.19778e-06 3.94107e-06 2.15324e-06 1.17417e-06 6.39154e-07 3.47364e-07 1.88507e-07 1.02158e-07 5.52901e-08 2.98809e-08 1.61152e-08 8.65204e-09 4.58434e-09 2.46932e-09
0.0644719 0.0157326 0.00803909 0.00408413 0.0020502 0.00102289 0.000509931 0.000254803 0.000127798 6.4363e-05 3.25454e-05 1.65171e-05 8.40972e-06 4.29397e-06 2.19787e-06 1.12739e-06 5.7936e-07 2.98214e-07 1.53718e-07 7.93347e-08 4.09905e-08 2.11998e-08 1.09738e-08 5.68479e-09 2.94675e-09 1.52802e-09 7.9206e-10 4.09528e-10 2.09738e-10 1.04028e-10 5.41301e-11
0.0342079 0.00803909 0.00353869 0.00164696 0.000785781 0.000380269 0.000185993 9.17929e-05 4.56574e-05 2.28627e-05 1.15137e-05 5.82628e-06 2.96018e-06 1.5091e-06 7.71552e-07 3.95431e-07 2.03087e-07 1.04489e-07 5.38439e-08 2.77838e-08 1.43536e-08 7.4231e-09 3.84244e-09 1.99052e-09 1.03175e-09 5.34849e-10 2.76931e-10 1.42658e-10 7.22543e-11 3.72325e-11 1.93782e-11
0.0197543 0.00408413 0.00164696 0.000720239 0.00032997 0.000155573 7.48029e-05 3.64941e-05 1.80064e-05 8.96431e-06 4.49496e-06 2.26705e-06 1.14884e-06 5.84467e-07 2.98314e-07 1.52677e-07 7.83208e-08 4.02567e-08 2.07271e-08 1.06875e-08 5.51791e-09 2.85206e-09 1.47558e-09 7.64029e-10 3.9579e-10 2.04972e-10 1.05893e-10 5.4243e-11 2.8072e-11 1.44647e-11 7.52703e-12
0.0117312 0.0020502 0.000785781 0.00032997 0.000146907 6.79317e-05 3.22344e-05 1.55817e-05 7.63687e-06 3.78289e-06 1.88945e-06 9.49967e-07 4.80159e-07 2.43747e-07 1.24178e-07 6.34513e-08 3.25033e-08 1.66856e-08 8.58125e-09 4.42026e-09 2.28004e-09 1.17749e-09 6.08713e-10 3.14925e-10 1.62982e-10 8.42763e-11 4.34089e-11 2.24829e-11 1.16329e-11 5.99268e-12 3.11703e-12
0.00697542 0.00102289 0.000380269 0.000155573 6.79317e-05 3.09853e-05 1.45617e-05 6.99004e-06 3.40806e-06 1.68126e-06 8.36957e-07 4.19631e-07 2.11597e-07 1.07191e-07 5.45086e-08 2.78065e-08 1.42229e-08 7.29144e-09 3.74529e-09 1.92703e-09 9.92946e-10 5.12283e-10 2.64577e-10 1.36746e-10 7.06831e-11 3.64835e-11 1.88882e-11 9.77892e-12 5.05772e-12 2.60456e-12 1.35393e-12
0.00411071 0.000509931 0.000185993 7.48029e-05 3.22344e-05 1.45617e-05 6.79548e-06 3.24489e-06 1.57558e-06 7.74665e-07 3.84552e-07 1.92335e-07 9.67746e-08 4.89298e-08 2.48381e-08 1.26505e-08 6.46122e-09 3.30793e-09 1.69702e-09 8.72138e-10 4.48901e-10 2.31359e-10 1.19368e-10 6.16279e-11 3.18138e-11 1.6454e-11 8.51385e-12 4.40554e-12 2.27745e-12 1.17234e-12 6.09028e-13
0.00239479 0.000254803 9.17929e-05 3.64941e-05 1.55817e-05 6.99004e-06 3.24489e-06 1.54311e-06 7.46772e-07 3.66133e-07 1.81307e-07 9.0484e-08 4.54384e-08 2.29329e-08 1.16223e-08 5.91052e-09 3.01456e-09 1.54135e-09 7.89776e-10 4.05425e-10 2.08454e-10 1.07325e-10 5.53164e-11 2.85282e-11 1.47341e-11 7.61542e-12 3.93803e-12 2.03657e-12 1.05225e-12 5.41432e-13 2.8109e-13
0.00137981 0.000127798 4.56574e-05 1.80064e-05 7.63687e-06 3.40806e-06 1.57558e-06 7.46772e-07 3.60378e-07 1.76257e-07 8.70919e-08 4.33789e-08 2.17444e-08 1.09563e-08 5.54408e-09 2.81542e-09 1.43406e-09 7.32327e-10 3.74805e-10 1.92193e-10 9.87164e-11 5.07743e-11 2.61437e-11 1.34798e-11 6.95693e-12 3.59327e-12 1.85694e-12 9.59754e-13 4.95617e-13 2.54912e-13 1.32257e-13
0.000787376 6.4363e-05 2.28627e-05 8.96431e-06 3.78289e-06 1.68126e-06 7.74665e-07 3.66133e-07 1.76257e-07 8.60182e-08 4.24193e-08 2.10901e-08 1.05542e-08 5.30968e-09 2.68294e-09 1.36064e-09 6.92188e-10 3.53065e-10 1.805e-10 9.24614e-11 4.7444e-11 2.43794e-11 1.25457e-11 6.46363e-12 3.33346e-12 1.72057e-12 8.88596e-13 4.59e-13 2.36902e-13 1.21798e-13 6.31544e-14
0.000445666 3.25454e-05 1.15137e-05 4.49496e-06 1.88945e-06 8.36957e-07 3.84552e-07 1.81307e-07 8.70919e-08 4.24193e-08 2.0881e-08 1.03643e-08 5.17861e-09 2.60154e-09 1.31278e-09 6.64933e-10 3.37868e-10 1.72147e-10 8.79164e-11 4.49909e-11 2.30642e-11 1.1843e-11 6.08962e-12 3.13507e-12 1.6157e-12 8.33393e-13 4.30144e-13 2.22062e-13 1.14554e-13 5.88723e-14 3.05089e-14
0.000250544 1.65171e-05 5.82628e-06 2.26705e-06 9.49967e-07 4.19631e-07 1.92335e-07 9.0484e-08 4.33789e-08 2.10901e-08 1.03643e-08 5.13639e-09 2.56273e-09 1.28569e-09 6.47959e-10 3.27811e-10 1.66384e-10 8.46859e-11 4.32073e-11 2.20906e-11 1.13155e-11 5.8056e-12 2.98294e-12 1.53458e-12 7.90331e-13 4.07403e-13 2.1015e-13 1.08431e-13 5.59081e-14 2.8722e-14 1.48762e-14
0.000140049 8.40972e-06 2.96018e-06 1.14884e-06 4.80159e-07 2.11597e-07 9.67746e-08 4.54384e-08 2.17444e-08 1.05542e-08 5.17861e-09 2.56273e-09 1.27691e-09 6.39803e-10 3.22067e-10 1.62757e-10 8.25233e-11 4.19615e-11 2.13892e-11 1.09266e-11 5.59239e-12 2.86707e-12 1.47204e-12 7.56777e-13 3.895e-13 2.00659e-13 1.03447e-13 5.33471e-14 2.74934e-14 1.41193e-14 7.30915e-15
7.79092e-05 4.29397e-06 1.5091e-06 5.84467e-07 2.43747e-07 1.07191e-07 4.89298e-08 2.29329e-08 1.09563e-08 5.30968e-09 2.60154e-09 1.28569e-09 6.39803e-10 3.20198e-10 1.61004e-10 8.12793e-11 4.1171e-11 2.09153e-11 1.06522e-11 5.4372e-12 2.7807e-12 1.42455e-12 7.30906e-13 3.75514e-13 1.93152e-13 9.94483e-14 5.12414e-14 2.64117e-14 1.36056e-14 6.98484e-15 3.61406e-15
4.3163e-05 2.19787e-06 7.71552e-07 2.98314e-07 1.24178e-07 5.45086e-08 2.48381e-08 1.16223e-08 5.54408e-09 2.68294e-09 1.31278e-09 6.47959e-10 3.22067e-10 1.61004e-10 8.08731e-11 4.0787e-11 2.06411e-11 1.0477e-11 5.33158e-12 2.7193e-12 1.38969e-12 7.11447e-13 3.64789e-13 1.873e-13 9.62842e-14 4.95466e-14 2.5516e-14 1.31455e-14 6.76883e-15 3.47385e-15 1.79657e-15
2.38284e-05 1.12739e-06 3.95431e-07 1.52677e-07 6.34513e-08 2.78065e-08 1.26505e-08 5.91052e-09 2.81542e-09 1.36064e-09 6.64933e-10 3.27811e-10 1.62757e-10 8.12793e-11 4.0787e-11 2.05513e-11 1.03915e-11 5.27018e-12 2.67986e-12 1.36583e-12 6.97521e-13 3.56859e-13 1.82863e-13 9.38353e-14 4.82104e-14 2.47954e-14 1.2763e-14 6.57232e-15 3.3828e-15 1.73556e-15 8.97177e-16
1.3114e-05 5.7936e-07 2.03087e-07 7.83208e-08 3.25033e-08 1.42229e-08 6.46122e-09 3.01456e-09 1.43406e-09 6.92188e-10 3.37868e-10 1.66384e-10 8.25233e-11 4.1171e-11 2.06411e-11 1.03915e-11 5.25003e-12 2.66057e-12 1.3519e-12 6.88537e-13 3.51402e-13 1.79669e-13 9.20124e-14 4.71892e-14 2.42319e-14 1.24565e-14 6.40876e-15 3.29874e-15 1.69721e-15 8.70499e-16 4.49802e-16
7.19778e-06 2.98214e-07 1.04489e-07 4.02567e-08 1.66856e-08 7.29144e-09 3.30793e-09 1.54135e-09 7.32327e-10 3.53065e-10 1.72147e-10 8.46859e-11 4.19615e-11 2.09153e-11 1.0477e-11 5.27018e-12 2.66057e-12 1.34732e-12 6.84131e-13 3.48207e-13 1.77601e-13 9.07523e-14 4.645e-14 2.38095e-14 1.22201e-14 6.27878e-15 3.2289e-15 1.66129e-15 8.54414e-16 4.38106e-16 2.26284e-16
3.94107e-06 1.53718e-07 5.38439e-08 2.07271e-08 8.58125e-09 3.74529e-09 1.69702e-09 7.89776e-10 3.74805e-10 1.805e-10 8.79164e-11 4.32073e-11 2.13892e-11 1.06522e-11 5.33158e-12 2.67986e-12 1.3519e-12 6.84131e-13 3.47155e-13 1.76584e-13 9.00123e-14 4.59695e-14 2.35161e-14 1.20478e-14 6.18047e-15 3.17412e-15 1.6316e-15 8.39131e-16 4.31415e-16 2.2115e-16 1.14181e-16
2.15324e-06 7.93347e-08 2.77838e-08 1.06875e-08 4.42026e-09 1.92703e-09 8.72138e-10 4.05425e-10 1.92193e-10 9.24614e-11 4.49909e-11 2.20906e-11 1.09266e-11 5.4372e-12 2.7193e-12 1.36583e-12 6.88537e-13 3.48207e-13 1.76584e-13 8.97683e-14 4.57329e-14 2.33434e-14 1.19354e-14 6.11181e-15 3.13387e-15 1.60876e-15 8.26614e-16 4.24961e-16 2.18406e-16 1.11929e-16 5.77675e-17
1.17417e-06 4.09905e-08 1.43536e-08 5.51791e-09 2.28004e-09 9.92946e-10 4.48901e-10 2.08454e-10 9.87164e-11 4.7444e-11 2.30642e-11 1.13155e-11 5.59239e-12 2.7807e-12 1.38969e-12 6.97521e-13 3.51402e-13 1.77601e-13 9.00123e-14 4.57329e-14 2.32864e-14 1.188e-14 6.07124e-15 3.10747e-15 1.59267e-15 8.17248e-16 4.1975e-16 2.15713e-16 1.10827e-16 5.67826e-17 2.92954e-17
6.39154e-07 2.11998e-08 7.4231e-09 2.85206e-09 1.17749e-09 5.12283e-10 2.31359e-10 1.07325e-10 5.07743e-11 2.43794e-11 1.1843e-11 5.8056e-12 2.86707e-12 1.42455e-12 7.11447e-13 3.56859e-13 1.79669e-13 9.07523e-14 4.59695e-14 2.33434e-14 1.188e-14 6.05783e-15 3.0944e-15 1.58312e-15 8.11051e-16 4.16007e-16 2.13585e-16 1.09724e-16 5.6355e-17 2.88667e-17 1.48878e-17
3.47364e-07 1.09738e-08 3.84244e-09 1.47558e-09 6.08713e-10 2.64577e-10 1.19368e-10 5.53164e-11 2.61437e-11 1.25457e-11 6.08962e-12 2.98294e-12 1.47204e-12 7.30906e-13 3.64789e-13 1.82863e-13 9.20124e-14 4.645e-14 2.35161e-14 1.19354e-14 6.07124e-15 3.0944e-15 1.57995e-15 8.07971e-16 4.13765e-16 2.12148e-16 1.0888e-16 5.59153e-17 2.87096e-17 1.47025e-17 7.5802e-18
1.88507e-07 5.68479e-09 1.99052e-09 7.64029e-10 3.14925e-10 1.36746e-10 6.16279e-11 2.85282e-11 1.34798e-11 6.46363e-12 3.13507e-12 1.53458e-12 7.56777e-13 3.75514e-13 1.873e-13 9.38353e-14 4.71892e-14 2.38095e-14 1.20478e-14 6.11181e-15 3.10747e-15 1.58312e-15 8.07971e-16 4.1302e-16 2.11427e-16 1.08363e-16 5.55957e-17 2.85416e-17 1.46503e-17 7.50093e-18 3.86603e-18
1.02158e-07 2.94675e-09 1.03175e-09 3.9579e-10 1.62982e-10 7.06831e-11 3.18138e-11 1.47341e-11 6.95693e-12 3.33346e-12 1.6157e-12 7.90331e-13 3.895e-13 1.93152e-13 9.62842e-14 4.82104e-14 2.42319e-14 1.22201e-14 6.18047e-15 3.13387e-15 1.59267e-15 8.11051e-16 4.13765e-16 2.11427e-16 1.0819e-16 5.54314e-17 2.84294e-17 1.45904e-17 7.4871e-18 3.83255e-18 1.97471e-18
5.52901e-08 1.52802e-09 5.34849e-10 2.04972e-10 8.42763e-11 3.64835e-11 1.6454e-11 7.61542e-12 3.59327e-12 1.72057e-12 8.33393e-13 4.07403e-13 2.00659e-13 9.94483e-14 4.95466e-14 2.47954e-14 1.24565e-14 6.27878e-15 3.17412e-15 1.60876e-15 8.17248e-16 4.16007e-16 2.12148e-16 1.08363e-16 5.54314e-17 2.83908e-17 1.45562e-17 7.46822e-18 3.83128e-18 1.96078e-18 1.00999e-18
2.98809e-08 7.9206e-10 2.76931e-10 1.05893e-10 4.34089e-11 1.88882e-11 8.51385e-12 3.93803e-12 1.85694e-12 8.88596e-13 4.30144e-13 2.1015e-13 1.03447e-13 5.12414e-14 2.5516e-14 1.2763e-14 6.40876e-15 3.2289e-15 1.6316e-15 8.26614e-16 4.1975e-16 2.13585e-16 1.0888e-16 5.55957e-17 2.84294e-17 1.45562e-17 7.46082e-18 3.82675e-18 1.96266e-18 1.00426e-18 5.17144e-19
1.61152e-08 4.09528e-10 1.42658e-10 5.4243e-11 2.24829e-11 9.77892e-12 4.40554e-12 2.03657e-12 9.59754e-13 4.59e-13 2.22062e-13 1.08431e-13 5.33471e-14 2.64117e-14 1.31455e-14 6.57232e-15 3.29874e-15 1.66129e-15 8.39131e-16 4.24961e-16 2.15713e-16 1.09724e-16 5.59153e-17 2.85416e-17 1.45904e-17 7.46822e-18 3.82675e-18 1.96226e-18 1.00616e-18 5.14737e-19 2.64995e-19
8.65204e-09 2.09738e-10 7.22543e-11 2.8072e-11 1.16329e-11 5.05772e-12 2.27745e-12 1.05225e-12 4.95617e-13 2.36902e-13 1.14554e-13 5.59081e-14 2.74934e-14 1.36056e-14 6.76883e-15 3.3828e-15 1.69721e-15 8.54414e-16 4.31415e-16 2.18406e-16 1.10827e-16 5.6355e-17 2.87096e-17 1.46503e-17 7.4871e-18 3.83128e-18 1.96266e-18 1.00616e-18 5.15797e-19 2.63832e-19 1.35793e-19
4.58434e-09 1.04028e-10 3.72325e-11 1.44647e-11 5.99268e-12 2.60456e-12 1.17234e-12 5.41432e-13 2.54912e-13 1.21798e-13 5.88723e-14 2.8722e-14 1.41193e-14 6.98484e-15 3.47385e-15 1.73556e-15 8.70499e-16 4.38106e-16 2.2115e-16 1.11929e-16 5.67826e-17 2.88667e-17 1.47025e-17 7.50093e-18 3.83255e-18 1.96078e-18 1.00426e-18 5.14737e-19 2.63832e-19 1.34934e-19 6.94374e-20
2.46932e-09 5.41301e-11 1.93782e-11 7.52703e-12 3.11703e-12 1.35393e-12 6.09028e-13 2.8109e-13 1.32257e-13 6.31544e-14 3.05089e-14 1.48762e-14 7.30915e-15 3.61406e-15 1.79657e-15 8.97177e-16 4.49802e-16 2.26284e-16 1.14181e-16 5.77675e-17 2.92954e-17 1.48878e-17 7.5802e-18 3.86603e-18 1.97471e-18 1.00999e-18 5.17144e-19 2.64995e-19 1.35793e-19 6.94374e-20 3.57234e-20
