0.524499 0.0461751 0.0295845 0.0189548 0.0121444 0.00778093 0.00498525 0.00319406 0.00204644 0.00131116 0.000840061 0.000538229 0.000344844 0.000220942 0.000141558 9.06965e-05 5.81094e-05 3.72308e-05 2.38538e-05 1.52832e-05 9.79197e-06 6.27373e-06 4.01959e-06 2.57536e-06 1.65004e-06 1.05718e-06 6.77338e-07 4.33972e-07 2.78046e-07 1.78145e-07 1.14138e-07 7.31282e-08 4.68534e-08 3.0019e-08 1.92333e-08 1.23228e-08 7.89523e-09 5.05849e-09 3.24098e-09 2.0765e-09 1.33042e-09 8.52401e-10 5.46135e-10 3.4991e-10 2.24188e-10 1.43638e-10 9.20288e-11 5.8963e-11 3.77777e-11 2.42042e-11 1.55077e-11 9.93581e-12 6.36589e-12 4.07864e-12 2.61319e-12 1.67428e-12 1.07271e-12 6.87288e-13 4.40347e-13 2.82131e-13 1.80762e-13 1.15814e-13 7.42025e-14 4.75417e-14 3.046e-14 1.95158e-14 1.25038e-14 8.01121e-15 5.13279e-15 3.28859e-15 2.10701e-15 1.34996e-15 8.64923e-16 5.54158e-16 3.5505e-16 2.27481e-16 1.45748e-16 9.33807e-17 5.98292e-17 3.83327e-17 2.45598e-17 1.57355e-17 1.00818e-17 6.45941e-18 4.13855e-18 2.65158e-18 1.69887e-18 1.08847e-18 6.97384e-19 4.46815e-19 2.86275e-19 1.83417e-19 1.17516e-19 7.52925e-20 4.824e-20 3.09075e-20 1.98025e-20 1.26875e-20 8.12889e-21 5.20819e-21 3.3369e-21
0.0461751 0.0168791 0.0119142 0.00833803 0.00579362 0.00400121 0.0027489 0.00187995 0.00128056 0.000869194 0.000588121 0.000396817 0.00026706 0.000179318 0.000120152 8.03527e-05 5.36422e-05 3.57526e-05 2.37934e-05 1.58126e-05 1.04951e-05 6.95746e-06 4.60707e-06 3.04749e-06 2.01387e-06 1.32959e-06 8.77046e-07 5.78056e-07 3.80697e-07 2.50535e-07 1.64761e-07 1.08281e-07 7.11175e-08 4.6681e-08 3.06235e-08 2.00786e-08 1.31579e-08 8.6183e-09 5.64223e-09 3.69218e-09 2.41504e-09 1.579e-09 1.03197e-09 6.74193e-10 4.4029e-10 2.87434e-10 1.8758e-10 1.22375e-10 7.981e-11 5.20341e-11 3.39148e-11 2.20986e-11 1.43952e-11 9.37467e-12 6.1035e-12 3.97276e-12 2.58523e-12 1.68191e-12 1.09397e-12 7.11396e-13 4.62512e-13 3.00637e-13 1.95377e-13 1.26946e-13 8.24666e-14 5.35619e-14 3.4782e-14 2.25827e-14 1.46596e-14 9.51465e-15 6.17437e-15 4.00611e-15 2.59887e-15 1.6857e-15 1.09323e-15 7.0889e-16 4.59605e-16 2.97941e-16 1.93115e-16 1.25154e-16 8.10994e-17 5.25454e-17 3.40407e-17 2.20501e-17 1.42813e-17 9.24865e-18 5.98877e-18 3.87748e-18 2.51023e-18 1.62492e-18 1.05173e-18 6.80663e-19 4.4047e-19 2.85009e-19 1.84399e-19 1.19293e-19 7.71676e-20 4.99131e-20 3.22815e-20 2.08764e-20 1.34996e-20
0.0295845 0.0119142 0.00874003 0.00633493 0.00454661 0.00323631 0.00228753 0.00160716 0.00112322 0.000781376 0.000541337 0.000373661 0.000257068 0.000176326 0.000120615 8.22996e-05 5.60271e-05 3.80609e-05 2.58053e-05 1.74641e-05 1.17991e-05 7.95908e-06 5.36082e-06 3.60575e-06 2.42208e-06 1.62497e-06 1.08892e-06 7.28897e-07 4.87394e-07 3.25584e-07 2.17287e-07 1.44882e-07 9.65207e-08 6.42497e-08 4.27347e-08 2.8403e-08 1.88641e-08 1.25201e-08 8.30409e-09 5.50427e-09 3.64622e-09 2.41395e-09 1.59724e-09 1.05626e-09 6.98146e-10 4.6121e-10 3.04535e-10 2.00988e-10 1.32588e-10 8.74263e-11 5.76228e-11 3.79634e-11 2.50011e-11 1.64582e-11 1.08303e-11 7.12424e-12 4.68468e-12 3.07942e-12 2.02353e-12 1.32925e-12 8.72903e-13 5.73044e-13 3.76078e-13 2.46739e-13 1.61835e-13 1.06117e-13 6.95626e-14 4.5588e-14 2.98684e-14 1.95642e-14 1.28116e-14 8.38761e-15 5.48996e-15 3.59252e-15 2.35034e-15 1.53732e-15 1.00532e-15 6.57279e-16 4.2964e-16 2.80783e-16 1.83464e-16 1.19852e-16 7.82809e-17 5.11193e-17 3.33759e-17 2.17873e-17 1.42199e-17 9.27925e-18 6.05419e-18 3.94935e-18 2.57587e-18 1.67978e-18 1.09525e-18 7.14012e-19 4.65405e-19 3.03314e-19 1.97646e-19 1.28772e-19 8.3887e-20 5.46394e-20 3.55842e-20
0.0189548 0.00833803 0.00633493 0.00473798 0.00349905 0.00255726 0.00185264 0.00133215 0.000951703 0.000676056 0.000477841 0.000336233 0.000235641 0.000164544 0.00011452 7.94628e-05 5.49848e-05 3.79498e-05 2.61305e-05 1.79527e-05 1.2309e-05 8.42326e-06 5.75385e-06 3.92377e-06 2.67152e-06 1.81619e-06 1.23296e-06 8.359e-07 5.65985e-07 3.82763e-07 2.58555e-07 1.74462e-07 1.17596e-07 7.91858e-08 5.32704e-08 3.58035e-08 2.40427e-08 1.61314e-08 1.08146e-08 7.24446e-09 4.84927e-09 3.24363e-09 2.16812e-09 1.44824e-09 9.66757e-10 6.4494e-10 4.29989e-10 2.86509e-10 1.90797e-10 1.26989e-10 8.44749e-11 5.61647e-11 3.73233e-11 2.47904e-11 1.64582e-11 1.09214e-11 7.24401e-12 4.80276e-12 3.18286e-12 2.10845e-12 1.39616e-12 9.24136e-13 6.11463e-13 4.04429e-13 2.67396e-13 1.76732e-13 1.16768e-13 7.7123e-14 5.09215e-14 3.36107e-14 2.21777e-14 1.46292e-14 9.64706e-15 6.35975e-15 4.1914e-15 2.76157e-15 1.81899e-15 1.19781e-15 7.88554e-16 5.18992e-16 3.41491e-16 2.24641e-16 1.47738e-16 9.71382e-17 6.38537e-17 4.19644e-17 2.75726e-17 1.81125e-17 1.18955e-17 7.81077e-18 5.1276e-18 3.36546e-18 2.20844e-18 1.4489e-18 9.50406e-19 6.23296e-19 4.08693e-19 2.67929e-19 1.75615e-19 1.15087e-19 7.5407e-20
0.0121444 0.00579362 0.00454661 0.00349905 0.0026516 0.0019843 0.00146949 0.00107863 0.000785719 0.000568554 0.000409008 0.000292704 0.000208497 0.00014789 0.0001045 7.35823e-05 5.16462e-05 3.61427e-05 2.5224e-05 1.75592e-05 1.21946e-05 8.45022e-06 5.84344e-06 4.03296e-06 2.77832e-06 1.91068e-06 1.31185e-06 8.99299e-07 6.15582e-07 4.20785e-07 2.87247e-07 1.95839e-07 1.33357e-07 9.0704e-08 6.16249e-08 4.18238e-08 2.83562e-08 1.92064e-08 1.29967e-08 8.78677e-09 5.93533e-09 4.00585e-09 2.70141e-09 1.82032e-09 1.22567e-09 8.24677e-10 5.54479e-10 3.72554e-10 2.50152e-10 1.67857e-10 1.12565e-10 7.54404e-11 5.053e-11 3.38256e-11 2.26309e-11 1.51329e-11 1.01138e-11 6.75595e-12 4.51067e-12 3.01013e-12 2.00781e-12 1.33863e-12 8.92083e-13 5.94235e-13 3.95663e-13 2.63337e-13 1.75195e-13 1.16508e-13 7.74504e-14 5.14666e-14 3.41874e-14 2.27011e-14 1.50687e-14 9.99888e-15 6.63253e-15 4.39807e-15 2.91544e-15 1.93199e-15 1.27989e-15 8.47624e-16 5.61183e-16 3.7143e-16 2.45767e-16 1.62572e-16 1.0751e-16 7.10773e-17 4.69783e-17 3.10419e-17 2.05063e-17 1.3543e-17 8.942e-18 5.90265e-18 3.89543e-18 2.57016e-18 1.69536e-18 1.11806e-18 7.37179e-19 4.85939e-19 3.20256e-19 2.11017e-19 1.39011e-19
0.00778093 0.00400121 0.00323631 0.00255726 0.0019843 0.00151737 0.00114639 0.000857349 0.000635628 0.000467698 0.000341857 0.000248408 0.000179556 0.000129173 9.2528e-05 6.6019e-05 4.69353e-05 3.32575e-05 2.34935e-05 1.65488e-05 1.16261e-05 8.14751e-06 5.69647e-06 3.9741e-06 2.76681e-06 1.92255e-06 1.33346e-06 9.23263e-07 6.38197e-07 4.40457e-07 3.03531e-07 2.08873e-07 1.4354e-07 9.85138e-08 6.75275e-08 4.62323e-08 3.16164e-08 2.15974e-08 1.47378e-08 1.00466e-08 6.84195e-09 4.65512e-09 3.16435e-09 2.1491e-09 1.45833e-09 9.88783e-10 6.69883e-10 4.53483e-10 3.0676e-10 2.07359e-10 1.40068e-10 9.45498e-11 6.37814e-11 4.29979e-11 2.89687e-11 1.9505e-11 1.31252e-11 8.82705e-12 5.93309e-12 3.98574e-12 2.67611e-12 1.79587e-12 1.20455e-12 8.07532e-13 5.41109e-13 3.62414e-13 2.42619e-13 1.62349e-13 1.08588e-13 7.25984e-14 4.85166e-14 3.24097e-14 2.16413e-14 1.44451e-14 9.63811e-15 6.42832e-15 4.2859e-15 2.85647e-15 1.9031e-15 1.26748e-15 8.43869e-16 5.61644e-16 3.73684e-16 2.48547e-16 1.65262e-16 1.09851e-16 7.29964e-17 4.84918e-17 3.22038e-17 2.13807e-17 1.41909e-17 9.41628e-18 6.24638e-18 4.14248e-18 2.74648e-18 1.82045e-18 1.20634e-18 7.99194e-19 5.29329e-19 3.50504e-19 2.32036e-19
0.00498525 0.0027489 0.00228753 0.00185264 0.00146949 0.00114639 0.000882246 0.000671273 0.000505812 0.000377943 0.000280326 0.000206571 0.000151337 0.000110292 7.99983e-05 5.77745e-05 4.15594e-05 2.97862e-05 2.12763e-05 1.51501e-05 1.07564e-05 7.61617e-06 5.37893e-06 3.78978e-06 2.6641e-06 1.8688e-06 1.30827e-06 9.14124e-07 6.37566e-07 4.43911e-07 3.0857e-07 2.14157e-07 1.48409e-07 1.027e-07 7.09712e-08 4.89808e-08 3.37616e-08 2.32431e-08 1.5983e-08 1.09784e-08 7.53268e-09 5.16308e-09 3.53535e-09 2.41843e-09 1.65283e-09 1.12858e-09 7.6993e-10 5.24811e-10 3.57435e-10 2.43245e-10 1.65408e-10 1.12393e-10 7.63146e-11 5.17806e-11 3.51097e-11 2.379e-11 1.61094e-11 1.09015e-11 7.37271e-12 4.98315e-12 3.36609e-12 2.27247e-12 1.5333e-12 1.034e-12 6.96914e-13 4.69476e-13 3.16101e-13 2.12727e-13 1.4309e-13 9.62027e-14 6.46494e-14 4.34254e-14 2.91561e-14 1.95671e-14 1.31261e-14 8.80167e-15 5.89951e-15 3.95269e-15 2.64727e-15 1.77229e-15 1.18606e-15 7.93451e-16 5.30607e-16 3.54708e-16 2.37037e-16 1.58348e-16 1.05745e-16 7.05934e-17 4.71115e-17 3.14304e-17 2.09621e-17 1.39761e-17 9.31546e-18 6.20716e-18 4.13479e-18 2.75352e-18 1.83315e-18 1.22008e-18 8.11813e-19 5.40016e-19 3.59121e-19
0.00319406 0.00187995 0.00160716 0.00133215 0.00107863 0.000857349 0.000671273 0.000519023 0.000397043 0.000300946 0.000226279 0.00016893 0.000125318 9.24366e-05 6.78313e-05 4.95419e-05 3.60283e-05 2.60972e-05 1.88345e-05 1.35468e-05 9.71284e-06 6.9434e-06 4.9499e-06 3.51959e-06 2.49646e-06 1.76667e-06 1.24749e-06 8.79062e-07 6.1823e-07 4.3398e-07 3.041e-07 2.1273e-07 1.48572e-07 1.03603e-07 7.21376e-08 5.01574e-08 3.4827e-08 2.41506e-08 1.6726e-08 1.15699e-08 7.99389e-09 5.51694e-09 3.80334e-09 2.61924e-09 1.80196e-09 1.23848e-09 8.5039e-10 5.83375e-10 3.99843e-10 2.73814e-10 1.87351e-10 1.28087e-10 8.74997e-11 5.97276e-11 4.07398e-11 2.7768e-11 1.89132e-11 1.28731e-11 8.75609e-12 5.95186e-12 4.04313e-12 2.74481e-12 1.86227e-12 1.26274e-12 8.55725e-13 5.79574e-13 3.92322e-13 2.65425e-13 1.79478e-13 1.21299e-13 8.19376e-14 5.53215e-14 3.73331e-14 2.51819e-14 1.69777e-14 1.14413e-14 7.70682e-15 5.18903e-15 3.49229e-15 2.34938e-15 1.57985e-15 1.06195e-15 7.13538e-16 4.7925e-16 3.21767e-16 2.15952e-16 1.44882e-16 9.71656e-17 6.51413e-17 4.36564e-17 2.92476e-17 1.95878e-17 1.31141e-17 8.77702e-18 5.87242e-18 3.9278e-18 2.62632e-18 1.75554e-18 1.17313e-18 7.83699e-19 5.23392e-19
0.00204644 0.00128056 0.00112322 0.000951703 0.000785719 0.000635628 0.000505812 0.000397043 0.000308076 0.000236672 0.000180242 0.000136217 0.000102244 7.62738e-05 5.65847e-05 4.17663e-05 3.06862e-05 2.24497e-05 1.63595e-05 1.18781e-05 8.59501e-06 6.1997e-06 4.45867e-06 3.19765e-06 2.28726e-06 1.63202e-06 1.16177e-06 8.2518e-07 5.84877e-07 4.13725e-07 2.92099e-07 2.05854e-07 1.44822e-07 1.01716e-07 7.13272e-08 4.9941e-08 3.4916e-08 2.43771e-08 1.69962e-08 1.18347e-08 8.23033e-09 5.7168e-09 3.96627e-09 2.74866e-09 1.90278e-09 1.31582e-09 9.08996e-10 6.27334e-10 4.32533e-10 2.97945e-10 2.05051e-10 1.40997e-10 9.68691e-11 6.64972e-11 4.56112e-11 3.12609e-11 2.14092e-11 1.46513e-11 1.00194e-11 6.84696e-12 4.67582e-12 3.191e-12 2.17627e-12 1.48327e-12 1.01032e-12 6.87754e-13 4.67895e-13 3.18136e-13 2.16187e-13 1.46827e-13 9.96654e-14 6.76165e-14 4.58495e-14 3.10739e-14 2.10494e-14 1.42518e-14 9.64479e-15 6.52396e-15 4.41092e-15 2.98093e-15 2.01363e-15 1.35963e-15 9.17646e-16 6.19081e-16 4.17485e-16 2.81423e-16 1.89629e-16 1.27727e-16 8.59985e-17 5.78811e-17 3.89424e-17 2.61909e-17 1.76085e-17 1.18342e-17 7.95076e-18 5.33985e-18 3.58513e-18 2.40622e-18 1.61446e-18 1.08288e-18 7.26096e-19
0.00131116 0.000869194 0.000781376 0.000676056 0.000568554 0.000467698 0.000377943 0.000300946 0.000236672 0.000184145 0.000141946 0.000108523 8.23662e-05 6.21049e-05 4.65509e-05 3.47047e-05 2.57457e-05 1.90131e-05 1.39824e-05 1.02429e-05 7.47643e-06 5.43878e-06 3.944e-06 2.85157e-06 2.05598e-06 1.47847e-06 1.06053e-06 7.58942e-07 5.41904e-07 3.86111e-07 2.74551e-07 1.94847e-07 1.38026e-07 9.76031e-08 6.8902e-08 4.8562e-08 3.41732e-08 2.40118e-08 1.68477e-08 1.18047e-08 8.26023e-09 5.77258e-09 4.02911e-09 2.80884e-09 1.95588e-09 1.36041e-09 9.45211e-10 6.56039e-10 4.54871e-10 3.15078e-10 2.18037e-10 1.50744e-10 1.04125e-10 7.18604e-11 4.9551e-11 3.41392e-11 2.35019e-11 1.61663e-11 1.11118e-11 7.63188e-12 5.23796e-12 3.59239e-12 2.46209e-12 1.68627e-12 1.15416e-12 7.89442e-13 5.39636e-13 3.68649e-13 2.51688e-13 1.71733e-13 1.1711e-13 7.98158e-14 5.43678e-14 3.70134e-14 2.51852e-14 1.71279e-14 1.16424e-14 7.90975e-15 5.37118e-15 3.64558e-15 2.47319e-15 1.67706e-15 1.13669e-15 7.70086e-16 5.21491e-16 3.52994e-16 2.38838e-16 1.61532e-16 1.09204e-16 7.37975e-17 4.9851e-17 3.36618e-17 2.27214e-17 1.5331e-17 1.03406e-17 6.97204e-18 4.69917e-18 3.16613e-18 2.13249e-18 1.43581e-18 9.66405e-19
0.000840061 0.000588121 0.000541337 0.000477841 0.000409008 0.000341857 0.000280326 0.000226279 0.000180242 0.000141946 0.000110685 8.55591e-05 6.56259e-05 4.99878e-05 3.78376e-05 2.84775e-05 2.13212e-05 1.58868e-05 1.17852e-05 8.70671e-06 6.40782e-06 4.69913e-06 3.43459e-06 2.50248e-06 1.81796e-06 1.31701e-06 9.51597e-07 6.85857e-07 4.93159e-07 3.53805e-07 2.53286e-07 1.80955e-07 1.29028e-07 9.18308e-08 6.52404e-08 4.62701e-08 3.27621e-08 2.3161e-08 1.63487e-08 1.15232e-08 8.11061e-09 5.70089e-09 4.00187e-09 2.80565e-09 1.96459e-09 1.37403e-09 9.59894e-10 6.69834e-10 4.66922e-10 3.25138e-10 2.26178e-10 1.57183e-10 1.09131e-10 7.56979e-11 5.246e-11 3.63238e-11 2.51294e-11 1.73704e-11 1.19974e-11 8.27977e-12 5.70972e-12 3.93445e-12 2.70916e-12 1.86411e-12 1.28176e-12 8.80729e-13 6.04766e-13 4.15001e-13 2.84598e-13 1.95049e-13 1.33595e-13 9.14481e-14 6.25611e-14 4.27745e-14 2.92295e-14 1.99626e-14 1.36263e-14 9.29626e-15 6.33889e-15 4.32013e-15 2.94281e-15 2.00362e-15 1.36351e-15 9.27461e-16 6.30567e-16 4.28518e-16 2.91079e-16 1.97635e-16 1.3413e-16 9.09924e-17 6.17024e-17 4.18235e-17 2.83376e-17 1.91925e-17 1.29937e-17 8.79357e-18 5.94885e-18 4.0229e-18 2.71948e-18 1.8377e-18 1.24139e-18
0.000538229 0.000396817 0.000373661 0.000336233 0.000292704 0.000248408 0.000206571 0.00016893 0.000136217 0.000108523 8.55591e-05 6.68357e-05 5.17841e-05 3.9829e-05 3.04318e-05 2.31121e-05 1.74568e-05 1.31188e-05 9.81286e-06 7.30838e-06 5.42126e-06 4.00636e-06 2.95035e-06 2.16554e-06 1.58457e-06 1.15608e-06 8.41125e-07 6.10374e-07 4.41827e-07 3.19067e-07 2.29897e-07 1.65293e-07 1.186e-07 8.49301e-08 6.07051e-08 4.33119e-08 3.08489e-08 2.19357e-08 1.55729e-08 1.10388e-08 7.81322e-09 5.52228e-09 3.89771e-09 2.7474e-09 1.93408e-09 1.35984e-09 9.54944e-10 6.69824e-10 4.69302e-10 3.28448e-10 2.29625e-10 1.6037e-10 1.11889e-10 7.79885e-11 5.43075e-11 3.77822e-11 2.62618e-11 1.82382e-11 1.26551e-11 8.77384e-12 6.078e-12 4.20714e-12 2.9099e-12 2.01113e-12 1.38894e-12 9.58548e-13 6.61056e-13 4.55579e-13 3.13759e-13 2.15945e-13 1.48529e-13 1.02095e-13 7.01339e-14 4.81493e-14 3.30366e-14 2.26541e-14 1.55257e-14 1.06344e-14 7.28014e-15 4.98117e-15 3.40639e-15 2.32827e-15 1.59056e-15 1.08606e-15 7.41211e-16 5.05618e-16 3.44745e-16 2.34948e-16 1.60047e-16 1.08976e-16 7.41686e-17 5.04571e-17 3.43115e-17 2.33225e-17 1.58464e-17 1.07624e-17 7.30663e-18 4.95853e-18 3.36373e-18 2.28099e-18 1.54619e-18
0.000344844 0.00026706 0.000257068 0.000235641 0.000208497 0.000179556 0.000151337 0.000125318 0.000102244 8.23662e-05 6.56259e-05 5.17841e-05 4.05122e-05 3.14507e-05 2.4247e-05 1.85757e-05 1.4149e-05 1.07203e-05 8.0828e-06 6.06669e-06 4.53433e-06 3.37573e-06 2.50394e-06 1.8509e-06 1.36373e-06 1.00172e-06 7.33679e-07 5.35889e-07 3.90403e-07 2.83712e-07 2.05692e-07 1.48793e-07 1.07403e-07 7.7368e-08 5.56227e-08 3.9914e-08 2.85899e-08 2.04431e-08 1.45934e-08 1.04008e-08 7.40124e-09 5.25889e-09 3.73128e-09 2.64372e-09 1.87064e-09 1.3219e-09 9.32949e-10 6.57639e-10 4.63024e-10 3.25626e-10 2.28745e-10 1.60515e-10 1.12517e-10 7.87919e-11 5.51202e-11 3.8523e-11 2.6898e-11 1.87638e-11 1.30778e-11 9.10686e-12 6.33627e-12 4.40493e-12 3.0598e-12 2.12375e-12 1.47291e-12 1.02076e-12 7.0689e-13 4.89177e-13 3.38278e-13 2.33767e-13 1.61435e-13 1.1141e-13 7.68376e-14 5.29597e-14 3.64795e-14 2.51123e-14 1.72769e-14 1.18793e-14 8.16335e-15 5.60662e-15 3.84852e-15 2.64028e-15 1.81041e-15 1.24073e-15 8.49873e-16 5.81852e-16 3.98159e-16 2.72326e-16 1.86172e-16 1.27214e-16 8.68871e-17 5.9317e-17 4.0477e-17 2.76088e-17 1.88234e-17 1.28282e-17 8.73876e-18 5.95053e-18 4.05028e-18 2.75576e-18 1.87425e-18
0.000220942 0.000179318 0.000176326 0.000164544 0.00014789 0.000129173 0.000110292 9.24366e-05 7.62738e-05 6.21049e-05 4.99878e-05 3.9829e-05 3.14507e-05 2.46357e-05 1.91578e-05 1.48e-05 1.13648e-05 8.67875e-06 6.59382e-06 4.98613e-06 3.75389e-06 2.81461e-06 2.10227e-06 1.56457e-06 1.16046e-06 8.5798e-07 6.32431e-07 4.64844e-07 3.40739e-07 2.49125e-07 1.81696e-07 1.32207e-07 9.59831e-08 6.95353e-08 5.02721e-08 3.6274e-08 2.61244e-08 1.87807e-08 1.34778e-08 9.65606e-09 6.90684e-09 4.93267e-09 3.51748e-09 2.50468e-09 1.78099e-09 1.26468e-09 8.96871e-10 6.35222e-10 4.4935e-10 3.17486e-10 2.24057e-10 1.57944e-10 1.11217e-10 7.82304e-11 5.49705e-11 3.85874e-11 2.70604e-11 1.89587e-11 1.32702e-11 9.28006e-12 6.48395e-12 4.52639e-12 3.15717e-12 2.20033e-12 1.53224e-12 1.06616e-12 7.41285e-13 5.15017e-13 3.57551e-13 2.48052e-13 1.71966e-13 1.19135e-13 8.24798e-14 5.70646e-14 3.94552e-14 2.72626e-14 1.8826e-14 1.29923e-14 8.96092e-15 6.17682e-15 4.25527e-15 2.92984e-15 2.01613e-15 1.38662e-15 9.53159e-16 6.54853e-16 4.49674e-16 3.08626e-16 2.11714e-16 1.45162e-16 9.9483e-17 6.81457e-17 4.66579e-17 3.1931e-17 2.18426e-17 1.4935e-17 1.02074e-17 6.97326e-18 4.76184e-18 3.25037e-18 2.21774e-18
0.000141558 0.000120152 0.000120615 0.00011452 0.0001045 9.2528e-05 7.99983e-05 6.78313e-05 5.65847e-05 4.65509e-05 3.78376e-05 3.04318e-05 2.4247e-05 1.91578e-05 1.50227e-05 1.16994e-05 9.05438e-06 6.96709e-06 5.33257e-06 4.0615e-06 3.07928e-06 2.32466e-06 1.74798e-06 1.30945e-06 9.77481e-07 7.27254e-07 5.39386e-07 3.98862e-07 2.94116e-07 2.16298e-07 1.58663e-07 1.16102e-07 8.47613e-08 6.17431e-08 4.48802e-08 3.25563e-08 2.35703e-08 1.70325e-08 1.22858e-08 8.84658e-09 6.35941e-09 4.5641e-09 3.27051e-09 2.34002e-09 1.67182e-09 1.19275e-09 8.49791e-10 6.04646e-10 4.29668e-10 3.04947e-10 2.16167e-10 1.53055e-10 1.08245e-10 7.64695e-11 5.39635e-11 3.80414e-11 2.67898e-11 1.88473e-11 1.32467e-11 9.30161e-12 6.5254e-12 4.57367e-12 3.20289e-12 2.24102e-12 1.56671e-12 1.09439e-12 7.63856e-13 5.32734e-13 3.7126e-13 2.58535e-13 1.79905e-13 1.251e-13 8.69289e-14 6.03634e-14 4.18881e-14 2.90483e-14 2.01312e-14 1.39426e-14 9.65042e-15 6.6755e-15 4.6149e-15 3.18849e-15 2.20169e-15 1.51944e-15 1.04801e-15 7.22458e-16 4.97767e-16 3.42776e-16 2.35922e-16 1.62296e-16 1.1159e-16 7.66888e-17 5.26777e-17 3.61672e-17 2.48198e-17 1.70248e-17 1.16726e-17 7.99942e-18 5.47972e-18 3.75206e-18 2.568e-18
9.06965e-05 8.03527e-05 8.22996e-05 7.94628e-05 7.35823e-05 6.6019e-05 5.77745e-05 4.95419e-05 4.17663e-05 3.47047e-05 2.84775e-05 2.31121e-05 1.85757e-05 1.48e-05 1.16994e-05 9.1827e-06 7.16056e-06 5.55043e-06 4.27871e-06 3.28157e-06 2.5049e-06 1.9036e-06 1.44067e-06 1.08609e-06 8.15794e-07 6.10658e-07 4.55619e-07 3.38896e-07 2.51339e-07 1.85886e-07 1.37115e-07 1.00884e-07 7.40487e-08 5.42263e-08 3.96228e-08 2.88909e-08 2.1023e-08 1.5268e-08 1.10676e-08 8.00834e-09 5.78462e-09 4.17137e-09 3.00317e-09 2.15874e-09 1.5494e-09 1.11043e-09 7.94706e-10 5.67968e-10 4.05381e-10 2.88963e-10 2.0572e-10 1.4628e-10 1.03891e-10 7.37007e-11 5.22252e-11 3.69672e-11 2.61393e-11 1.84638e-11 1.30291e-11 9.18504e-12 6.46893e-12 4.55176e-12 3.19986e-12 2.24748e-12 1.57719e-12 1.10587e-12 7.74754e-13 5.4234e-13 3.79346e-13 2.65132e-13 1.85165e-13 1.29221e-13 9.01136e-14 6.2797e-14 4.37304e-14 3.0432e-14 2.11635e-14 1.47081e-14 1.02152e-14 7.09026e-15 4.91821e-15 3.40948e-15 2.36215e-15 1.63558e-15 1.13185e-15 7.82808e-16 5.41104e-16 3.73826e-16 2.58121e-16 1.78135e-16 1.2287e-16 8.47079e-17 5.83689e-17 4.01999e-17 2.7673e-17 1.90406e-17 1.30948e-17 9.00151e-18 6.18491e-18 4.24772e-18 2.91599e-18
5.81094e-05 5.36422e-05 5.60271e-05 5.49848e-05 5.16462e-05 4.69353e-05 4.15594e-05 3.60283e-05 3.06862e-05 2.57457e-05 2.13212e-05 1.74568e-05 1.4149e-05 1.13648e-05 9.05438e-06 7.16056e-06 5.62477e-06 4.39111e-06 3.40851e-06 2.63185e-06 2.02219e-06 1.54667e-06 1.1779e-06 8.93461e-07 6.7515e-07 5.08366e-07 3.81496e-07 2.85376e-07 2.12829e-07 1.58269e-07 1.17374e-07 8.68187e-08 6.40578e-08 4.71515e-08 3.4628e-08 2.53752e-08 1.85558e-08 1.35417e-08 9.8634e-09 7.1708e-09 5.20387e-09 3.76992e-09 2.72653e-09 1.96873e-09 1.41933e-09 1.0217e-09 7.34385e-10 5.27121e-10 3.77832e-10 2.70463e-10 1.93355e-10 1.38056e-10 9.84518e-11 7.01256e-11 4.98916e-11 3.5456e-11 2.51696e-11 1.78484e-11 1.26436e-11 8.94755e-12 6.32567e-12 4.46776e-12 3.15257e-12 2.22249e-12 1.5654e-12 1.10162e-12 7.74573e-13 5.44165e-13 3.81981e-13 2.6792e-13 1.8777e-13 1.31497e-13 9.20187e-14 6.43453e-14 4.49618e-14 3.13952e-14 2.19069e-14 1.52757e-14 1.06447e-14 7.41279e-15 5.15882e-15 3.58793e-15 2.49384e-15 1.73233e-15 1.20263e-15 8.34408e-16 5.78595e-16 4.00982e-16 2.77737e-16 1.92266e-16 1.33027e-16 9.19914e-17 6.3581e-17 4.39224e-17 3.03267e-17 2.0929e-17 1.44364e-17 9.95321e-18 6.85899e-18 4.7245e-18 3.25275e-18
3.72308e-05 3.57526e-05 3.80609e-05 3.79498e-05 3.61427e-05 3.32575e-05 2.97862e-05 2.60972e-05 2.24497e-05 1.90131e-05 1.58868e-05 1.31188e-05 1.07203e-05 8.67875e-06 6.96709e-06 5.55043e-06 4.39111e-06 3.45178e-06 2.69744e-06 2.09647e-06 1.62115e-06 1.24767e-06 9.56001e-07 7.2948e-07 5.54463e-07 4.19888e-07 3.16872e-07 2.38343e-07 1.78717e-07 1.3361e-07 9.96061e-08 7.40562e-08 5.49186e-08 4.06264e-08 2.9983e-08 2.20781e-08 1.6222e-08 1.18945e-08 8.70396e-09 6.35698e-09 4.63424e-09 3.37231e-09 2.44978e-09 1.77664e-09 1.28639e-09 9.29964e-10 6.7128e-10 4.83843e-10 3.48248e-10 2.50308e-10 1.79672e-10 1.28802e-10 9.22181e-11 6.59443e-11 4.70999e-11 3.36015e-11 2.39445e-11 1.70442e-11 1.21194e-11 8.60853e-12 6.1085e-12 4.33021e-12 3.06662e-12 2.1697e-12 1.53369e-12 1.08313e-12 7.64257e-13 5.38794e-13 3.79523e-13 2.67113e-13 1.87844e-13 1.31995e-13 9.26784e-14 6.50233e-14 4.55864e-14 3.19363e-14 2.23574e-14 1.56406e-14 1.09342e-14 7.63883e-15 5.33307e-15 3.72088e-15 2.59439e-15 1.80781e-15 1.25893e-15 8.76171e-16 6.0942e-16 4.23634e-16 2.94316e-16 2.04359e-16 1.41818e-16 9.83625e-17 6.8186e-17 4.72424e-17 3.27146e-17 2.26428e-17 1.56638e-17 1.08306e-17 7.48499e-18 5.17038e-18 3.56984e-18
2.38538e-05 2.37934e-05 2.58053e-05 2.61305e-05 2.5224e-05 2.34935e-05 2.12763e-05 1.88345e-05 1.63595e-05 1.39824e-05 1.17852e-05 9.81286e-06 8.0828e-06 6.59382e-06 5.33257e-06 4.27871e-06 3.40851e-06 2.69744e-06 2.12176e-06 1.65957e-06 1.29129e-06 9.99853e-07 7.70665e-07 5.91476e-07 4.52128e-07 3.44301e-07 2.61251e-07 1.97562e-07 1.4892e-07 1.11911e-07 8.38543e-08 6.26576e-08 4.6695e-08 3.47109e-08 2.574e-08 1.90432e-08 1.40573e-08 1.03546e-08 7.61144e-09 5.58392e-09 4.08866e-09 2.98828e-09 2.18016e-09 1.58784e-09 1.15453e-09 8.38113e-10 6.0747e-10 4.39634e-10 3.17704e-10 2.29265e-10 1.65217e-10 1.18902e-10 8.54596e-11 6.13456e-11 4.39817e-11 3.1495e-11 2.25271e-11 1.60944e-11 1.14859e-11 8.18821e-12 5.83116e-12 4.14835e-12 2.94823e-12 2.09326e-12 1.4848e-12 1.05223e-12 7.44999e-13 5.27004e-13 3.72471e-13 2.63027e-13 1.85586e-13 1.30839e-13 9.21676e-14 6.48754e-14 4.56297e-14 3.20692e-14 2.2522e-14 1.58057e-14 1.10843e-14 7.76788e-15 5.44e-15 3.80718e-15 2.6627e-15 1.86106e-15 1.29994e-15 9.07428e-16 6.33047e-16 4.41365e-16 3.0754e-16 2.14168e-16 1.49058e-16 1.03685e-16 7.20827e-17 5.00854e-17 3.47823e-17 2.41422e-17 1.67482e-17 1.16128e-17 8.04802e-18 5.57474e-18 3.85965e-18
1.52832e-05 1.58126e-05 1.74641e-05 1.79527e-05 1.75592e-05 1.65488e-05 1.51501e-05 1.35468e-05 1.18781e-05 1.02429e-05 8.70671e-06 7.30838e-06 6.06669e-06 4.98613e-06 4.0615e-06 3.28157e-06 2.63185e-06 2.09647e-06 1.65957e-06 1.30614e-06 1.02245e-06 7.96372e-07 6.17378e-07 4.76512e-07 3.66268e-07 2.80432e-07 2.13922e-07 1.62618e-07 1.23209e-07 9.30566e-08 7.00732e-08 5.26159e-08 3.94001e-08 2.94269e-08 2.19234e-08 1.62942e-08 1.20826e-08 8.93979e-09 6.60047e-09 4.86335e-09 3.57636e-09 2.62496e-09 1.92313e-09 1.40646e-09 1.02684e-09 7.48441e-10 5.44651e-10 3.95735e-10 2.87103e-10 2.07987e-10 1.50459e-10 1.08694e-10 7.84172e-11 5.65005e-11 4.06579e-11 2.92215e-11 2.09768e-11 1.50408e-11 1.07723e-11 7.70661e-12 5.50743e-12 3.93167e-12 2.80387e-12 1.99757e-12 1.42174e-12 1.01093e-12 7.18145e-13 5.09691e-13 3.61419e-13 2.56056e-13 1.81253e-13 1.28195e-13 9.05934e-14 6.39695e-14 4.51342e-14 3.18201e-14 2.24165e-14 1.57801e-14 1.11003e-14 7.80278e-15 5.48097e-15 3.84738e-15 2.69885e-15 1.89192e-15 1.32539e-15 9.27907e-16 6.49219e-16 4.53951e-16 3.17221e-16 2.21541e-16 1.54629e-16 1.07863e-16 7.51988e-17 5.23967e-17 3.64886e-17 2.53965e-17 1.76668e-17 1.22833e-17 8.53582e-18 5.92863e-18 4.11571e-18
9.79197e-06 1.04951e-05 1.17991e-05 1.2309e-05 1.21946e-05 1.16261e-05 1.07564e-05 9.71284e-06 8.59501e-06 7.47643e-06 6.40782e-06 5.42126e-06 4.53433e-06 3.75389e-06 3.07928e-06 2.5049e-06 2.02219e-06 1.62115e-06 1.29129e-06 1.02245e-06 8.05111e-07 6.30709e-07 4.91708e-07 3.81611e-07 2.94908e-07 2.26992e-07 1.74056e-07 1.32988e-07 1.01264e-07 7.68589e-08 5.81563e-08 4.38758e-08 3.30093e-08 2.47677e-08 1.85362e-08 1.38385e-08 1.0307e-08 7.65932e-09 5.67941e-09 4.20248e-09 3.10334e-09 2.28722e-09 1.68255e-09 1.23549e-09 9.05625e-10 6.62703e-10 4.84144e-10 3.53133e-10 2.57176e-10 1.87013e-10 1.35794e-10 9.84641e-11 7.12981e-11 5.15582e-11 3.72352e-11 2.68572e-11 1.93479e-11 1.39215e-11 1.00054e-11 7.18264e-12 5.15054e-12 3.68936e-12 2.63991e-12 1.88703e-12 1.34751e-12 9.61293e-13 6.85112e-13 4.87818e-13 3.47019e-13 2.46637e-13 1.75137e-13 1.24258e-13 8.80849e-14 6.23906e-14 4.41555e-14 3.12251e-14 2.2064e-14 1.55787e-14 1.09914e-14 7.74916e-15 5.45937e-15 3.84345e-15 2.70395e-15 1.90098e-15 1.33557e-15 9.37708e-16 6.57942e-16 4.6135e-16 3.23296e-16 2.26414e-16 1.58469e-16 1.10847e-16 7.74912e-17 5.41413e-17 3.78058e-17 2.63844e-17 1.84033e-17 1.28295e-17 8.93906e-18 6.2251e-18 4.33288e-18
6.27373e-06 6.95746e-06 7.95908e-06 8.42326e-06 8.45022e-06 8.14751e-06 7.61617e-06 6.9434e-06 6.1997e-06 5.43878e-06 4.69913e-06 4.00636e-06 3.37573e-06 2.81461e-06 2.32466e-06 1.9036e-06 1.54667e-06 1.24767e-06 9.99853e-07 7.96372e-07 6.30709e-07 4.9687e-07 3.895e-07 3.03917e-07 2.36106e-07 1.82672e-07 1.40783e-07 1.081e-07 8.27161e-08 6.30829e-08 4.79582e-08 3.63502e-08 2.74727e-08 2.07064e-08 1.55656e-08 1.16716e-08 8.73061e-09 6.51553e-09 4.85159e-09 3.60483e-09 2.67291e-09 1.97795e-09 1.46086e-09 1.07695e-09 7.92494e-10 5.82158e-10 4.26926e-10 3.12575e-10 2.2849e-10 1.66768e-10 1.21538e-10 8.84461e-11 6.4274e-11 4.66442e-11 3.3805e-11 2.44682e-11 1.76878e-11 1.27707e-11 9.20943e-12 6.63352e-12 4.77267e-12 3.43001e-12 2.4624e-12 1.76588e-12 1.26507e-12 9.05377e-13 6.47314e-13 4.6236e-13 3.2994e-13 2.35227e-13 1.67551e-13 1.1924e-13 8.47851e-14 6.02348e-14 4.27577e-14 3.03267e-14 2.14926e-14 1.52199e-14 1.07696e-14 7.61482e-15 5.38019e-15 3.79856e-15 2.67997e-15 1.88946e-15 1.3312e-15 9.37254e-16 6.59449e-16 4.63683e-16 3.25823e-16 2.28806e-16 1.60577e-16 1.12625e-16 7.89451e-17 5.53042e-17 3.87203e-17 2.70938e-17 1.89477e-17 1.32435e-17 9.25143e-18 6.45926e-18 4.5074e-18
4.01959e-06 4.60707e-06 5.36082e-06 5.75385e-06 5.84344e-06 5.69647e-06 5.37893e-06 4.9499e-06 4.45867e-06 3.944e-06 3.43459e-06 2.95035e-06 2.50394e-06 2.10227e-06 1.74798e-06 1.44067e-06 1.1779e-06 9.56001e-07 7.70665e-07 6.17378e-07 4.91708e-07 3.895e-07 3.06975e-07 2.40787e-07 1.88027e-07 1.46209e-07 1.1324e-07 8.7375e-08 6.71771e-08 5.1473e-08 3.93126e-08 2.99327e-08 2.27238e-08 1.72026e-08 1.29878e-08 9.78037e-09 7.34681e-09 5.50565e-09 4.11646e-09 3.07102e-09 2.28622e-09 1.6985e-09 1.25937e-09 9.3199e-10 6.88443e-10 5.07632e-10 3.73663e-10 2.74589e-10 2.01456e-10 1.47569e-10 1.07931e-10 7.88225e-11 5.74816e-11 4.18599e-11 3.04421e-11 2.21093e-11 1.60367e-11 1.16174e-11 8.40555e-12 6.07444e-12 4.38469e-12 3.16138e-12 2.27684e-12 1.63801e-12 1.17718e-12 8.45114e-13 6.06107e-13 4.34264e-13 3.1084e-13 2.22284e-13 1.5881e-13 1.13358e-13 8.08425e-14 5.76036e-14 4.10099e-14 2.91718e-14 2.0734e-14 1.47249e-14 1.04491e-14 7.40917e-15 5.24964e-15 3.71677e-15 2.62957e-15 1.85905e-15 1.31338e-15 9.27231e-16 6.54169e-16 4.61212e-16 3.24957e-16 2.28807e-16 1.61004e-16 1.13222e-16 7.95716e-17 5.58885e-17 3.92308e-17 2.75218e-17 1.92964e-17 1.35216e-17 9.46971e-18 6.62835e-18 4.63701e-18
2.57536e-06 3.04749e-06 3.60575e-06 3.92377e-06 4.03296e-06 3.9741e-06 3.78978e-06 3.51959e-06 3.19765e-06 2.85157e-06 2.50248e-06 2.16554e-06 1.8509e-06 1.56457e-06 1.30945e-06 1.08609e-06 8.93461e-07 7.2948e-07 5.91476e-07 4.76512e-07 3.81611e-07 3.03917e-07 2.40787e-07 1.89843e-07 1.48994e-07 1.1643e-07 9.06136e-08 7.02497e-08 5.42632e-08 4.17691e-08 3.20455e-08 2.4508e-08 1.86871e-08 1.42076e-08 1.07722e-08 8.14593e-09 6.14433e-09 4.62328e-09 3.47063e-09 2.59948e-09 1.94277e-09 1.44892e-09 1.07843e-09 8.01101e-10 5.9397e-10 4.39589e-10 3.24759e-10 2.39515e-10 1.76352e-10 1.29637e-10 9.51477e-11 6.97281e-11 5.10242e-11 3.72839e-11 2.72057e-11 1.98248e-11 1.44272e-11 1.04857e-11 7.61142e-12 5.51827e-12 3.99596e-12 2.89024e-12 2.08811e-12 1.50692e-12 1.08631e-12 7.82274e-13 5.62747e-13 4.04416e-13 2.90343e-13 2.08245e-13 1.49219e-13 1.06825e-13 7.64051e-14 5.45992e-14 3.89826e-14 2.78088e-14 1.98212e-14 1.41163e-14 1.00452e-14 7.14257e-15 5.07472e-15 3.60278e-15 2.55586e-15 1.81183e-15 1.28347e-15 9.08538e-16 6.42685e-16 4.54313e-16 3.20937e-16 2.26566e-16 1.59841e-16 1.12695e-16 7.94044e-17 5.59134e-17 3.9348e-17 2.76737e-17 1.94516e-17 1.36644e-17 9.5935e-18 6.7316e-18 4.72082e-18
1.65004e-06 2.01387e-06 2.42208e-06 2.67152e-06 2.77832e-06 2.76681e-06 2.6641e-06 2.49646e-06 2.28726e-06 2.05598e-06 1.81796e-06 1.58457e-06 1.36373e-06 1.16046e-06 9.77481e-07 8.15794e-07 6.7515e-07 5.54463e-07 4.52128e-07 3.66268e-07 2.94908e-07 2.36106e-07 1.88027e-07 1.48994e-07 1.17512e-07 9.2274e-08 7.21548e-08 5.62001e-08 4.36097e-08 3.37197e-08 2.59845e-08 1.99592e-08 1.52839e-08 1.16693e-08 8.88449e-09 6.74599e-09 5.10896e-09 3.85956e-09 2.90872e-09 2.18708e-09 1.64083e-09 1.22837e-09 9.17697e-10 6.84229e-10 5.09172e-10 3.78195e-10 2.80403e-10 2.07533e-10 1.5334e-10 1.13111e-10 8.33036e-11 6.12557e-11 4.49752e-11 3.29734e-11 2.41398e-11 1.76482e-11 1.28849e-11 9.39481e-12 6.84129e-12 4.97559e-12 3.61427e-12 2.62228e-12 1.90035e-12 1.37561e-12 9.94656e-13 7.18424e-13 5.18357e-13 3.73617e-13 2.6902e-13 1.93514e-13 1.39065e-13 9.98414e-14 7.16142e-14 5.13206e-14 3.67449e-14 2.62858e-14 1.87876e-14 1.34171e-14 9.57382e-15 6.82591e-15 4.86284e-15 3.46163e-15 2.46229e-15 1.75013e-15 1.24303e-15 8.82216e-16 6.25691e-16 4.43445e-16 3.14066e-16 2.22283e-16 1.57219e-16 1.11126e-16 7.84961e-17 5.54121e-17 3.90922e-17 2.75619e-17 1.94207e-17 1.36761e-17 9.62506e-18 6.7701e-18 4.75926e-18
1.05718e-06 1.32959e-06 1.62497e-06 1.81619e-06 1.91068e-06 1.92255e-06 1.8688e-06 1.76667e-06 1.63202e-06 1.47847e-06 1.31701e-06 1.15608e-06 1.00172e-06 8.5798e-07 7.27254e-07 6.10658e-07 5.08366e-07 4.19888e-07 3.44301e-07 2.80432e-07 2.26992e-07 1.82672e-07 1.46209e-07 1.1643e-07 9.2274e-08 7.28004e-08 5.71923e-08 4.47497e-08 3.48804e-08 2.70891e-08 2.09655e-08 1.61728e-08 1.24365e-08 9.5346e-09 7.28882e-09 5.55665e-09 4.22492e-09 3.20419e-09 2.42413e-09 1.82966e-09 1.37784e-09 1.03533e-09 7.76315e-10 5.80915e-10 4.33841e-10 3.23385e-10 2.40606e-10 1.78697e-10 1.32487e-10 9.80615e-11 7.24627e-11 5.34615e-11 3.93821e-11 2.89672e-11 2.12755e-11 1.5604e-11 1.14286e-11 8.35926e-12 6.10621e-12 4.45472e-12 3.24584e-12 2.36214e-12 1.71699e-12 1.2466e-12 9.04055e-13 6.54909e-13 4.73911e-13 3.42573e-13 2.47378e-13 1.78455e-13 1.28607e-13 9.25932e-14 6.6601e-14 4.78606e-14 3.43621e-14 2.46486e-14 1.76654e-14 1.26498e-14 9.05053e-15 6.47003e-15 4.62153e-15 3.29852e-15 2.35241e-15 1.67638e-15 1.19372e-15 8.49401e-16 6.03956e-16 4.29128e-16 3.04693e-16 2.16191e-16 1.53291e-16 1.08619e-16 7.69143e-17 5.44287e-17 3.84921e-17 2.72046e-17 1.92152e-17 1.35639e-17 9.56888e-18 6.74657e-18 4.75392e-18
6.77338e-07 8.77046e-07 1.08892e-06 1.23296e-06 1.31185e-06 1.33346e-06 1.30827e-06 1.24749e-06 1.16177e-06 1.06053e-06 9.51597e-07 8.41125e-07 7.33679e-07 6.32431e-07 5.39386e-07 4.55619e-07 3.81496e-07 3.16872e-07 2.61251e-07 2.13922e-07 1.74056e-07 1.40783e-07 1.1324e-07 9.06136e-08 7.21548e-08 5.71923e-08 4.51358e-08 3.54745e-08 2.77726e-08 2.16623e-08 1.68368e-08 1.30423e-08 1.00706e-08 7.7521e-09 5.94988e-09 4.55379e-09 3.47587e-09 2.64623e-09 2.00958e-09 1.52244e-09 1.15072e-09 8.67814e-10 6.53054e-10 4.90418e-10 3.67545e-10 2.74921e-10 2.05252e-10 1.52958e-10 1.13786e-10 8.45009e-11 6.26482e-11 4.63716e-11 3.42699e-11 2.52877e-11 1.8632e-11 1.37082e-11 1.00714e-11 7.38932e-12 5.41423e-12 3.96189e-12 2.89544e-12 2.11343e-12 1.54076e-12 1.12194e-12 8.16017e-13 5.92842e-13 4.30229e-13 3.11883e-13 2.25852e-13 1.63383e-13 1.18073e-13 8.52443e-14 6.14834e-14 4.43034e-14 3.18943e-14 2.29399e-14 1.64847e-14 1.18356e-14 8.49033e-15 6.08545e-15 4.35813e-15 3.11856e-15 2.22978e-15 1.59305e-15 1.13726e-15 8.11266e-16 5.78287e-16 4.11913e-16 2.93194e-16 2.08545e-16 1.48231e-16 1.05289e-16 7.47372e-17 5.30154e-17 3.75824e-17 2.66249e-17 1.88503e-17 1.33376e-17 9.43132e-18 6.66508e-18 4.7074e-18
4.33972e-07 5.78056e-07 7.28897e-07 8.359e-07 8.99299e-07 9.23263e-07 9.14124e-07 8.79062e-07 8.2518e-07 7.58942e-07 6.85857e-07 6.10374e-07 5.35889e-07 4.64844e-07 3.98862e-07 3.38896e-07 2.85376e-07 2.38343e-07 1.97562e-07 1.62618e-07 1.32988e-07 1.081e-07 8.7375e-08 7.02497e-08 5.62001e-08 4.47497e-08 3.54745e-08 2.80039e-08 2.20187e-08 1.72473e-08 1.34614e-08 1.04704e-08 8.11742e-09 6.27352e-09 4.83395e-09 3.71403e-09 2.84571e-09 2.17463e-09 1.65758e-09 1.26037e-09 9.5609e-10 7.23616e-10 5.46466e-10 4.11809e-10 3.09697e-10 2.32443e-10 1.74125e-10 1.30195e-10 9.71731e-11 7.23996e-11 5.38503e-11 3.99874e-11 2.96457e-11 2.19443e-11 1.6219e-11 1.19698e-11 8.8211e-12 6.4916e-12 4.77076e-12 3.50143e-12 2.5665e-12 1.87882e-12 1.3737e-12 1.00318e-12 7.31727e-13 5.33114e-13 3.87974e-13 2.82037e-13 2.04806e-13 1.48566e-13 1.07659e-13 7.79366e-14 5.63641e-14 4.07233e-14 2.93948e-14 2.1198e-14 1.52729e-14 1.09941e-14 7.9071e-15 5.68199e-15 4.07958e-15 2.92665e-15 2.09784e-15 1.50254e-15 1.07532e-15 7.68981e-16 5.49494e-16 3.92362e-16 2.79957e-16 1.99611e-16 1.42223e-16 1.01263e-16 7.205e-17 5.123e-17 3.64021e-17 2.58491e-17 1.83436e-17 1.30091e-17 9.2202e-18 6.5308e-18 4.62306e-18
2.78046e-07 3.80697e-07 4.87394e-07 5.65985e-07 6.15582e-07 6.38197e-07 6.37566e-07 6.1823e-07 5.84877e-07 5.41904e-07 4.93159e-07 4.41827e-07 3.90403e-07 3.40739e-07 2.94116e-07 2.51339e-07 2.12829e-07 1.78717e-07 1.4892e-07 1.23209e-07 1.01264e-07 8.27161e-08 6.71771e-08 5.42632e-08 4.36097e-08 3.48804e-08 2.77726e-08 2.20187e-08 1.73862e-08 1.36755e-08 1.07174e-08 8.36982e-09 6.51467e-09 5.05454e-09 3.90971e-09 3.01534e-09 2.31903e-09 1.77871e-09 1.36075e-09 1.0384e-09 7.90508e-10 6.00399e-10 4.54988e-10 3.4405e-10 2.59617e-10 1.95509e-10 1.46943e-10 1.10232e-10 8.25407e-11 6.16954e-11 4.60347e-11 3.42915e-11 2.55022e-11 1.89356e-11 1.40382e-11 1.03917e-11 7.68118e-12 5.66955e-12 4.17894e-12 3.07606e-12 2.26125e-12 1.66013e-12 1.21728e-12 8.9146e-13 6.52068e-13 4.76402e-13 3.47661e-13 2.53426e-13 1.84531e-13 1.34221e-13 9.7525e-14 7.07887e-14 5.13303e-14 3.71839e-14 2.69101e-14 1.94565e-14 1.40543e-14 1.01428e-14 7.31335e-15 5.2686e-15 3.79227e-15 2.72732e-15 1.9598e-15 1.40713e-15 1.00951e-15 7.23671e-16 5.18368e-16 3.71026e-16 2.65367e-16 1.89657e-16 1.3545e-16 9.66673e-17 6.89409e-17 4.91332e-17 3.49929e-17 2.49055e-17 1.77143e-17 1.25914e-17 8.94435e-18 6.34967e-18 4.5049e-18
1.78145e-07 2.50535e-07 3.25584e-07 3.82763e-07 4.20785e-07 4.40457e-07 4.43911e-07 4.3398e-07 4.13725e-07 3.86111e-07 3.53805e-07 3.19067e-07 2.83712e-07 2.49125e-07 2.16298e-07 1.85886e-07 1.58269e-07 1.3361e-07 1.11911e-07 9.30566e-08 7.68589e-08 6.30829e-08 5.1473e-08 4.17691e-08 3.37197e-08 2.70891e-08 2.16623e-08 1.72473e-08 1.36755e-08 1.08009e-08 8.49874e-09 6.66348e-09 5.2068e-09 4.05535e-09 3.14873e-09 2.43751e-09 1.88155e-09 1.4484e-09 1.11203e-09 8.51607e-10 6.50575e-10 4.95825e-10 3.77024e-10 2.86057e-10 2.16577e-10 1.63635e-10 1.23388e-10 9.28603e-11 6.97548e-11 5.23033e-11 3.91488e-11 2.92525e-11 2.18215e-11 1.62519e-11 1.20848e-11 8.97244e-12 6.65171e-12 4.92408e-12 3.64e-12 2.68707e-12 1.98094e-12 1.45845e-12 1.0724e-12 7.87549e-13 5.77653e-13 4.23191e-13 3.0967e-13 2.26342e-13 1.65252e-13 1.20518e-13 8.77994e-14 6.38965e-14 4.64532e-14 3.37379e-14 2.44789e-14 1.77438e-14 1.28496e-14 9.29672e-15 6.72007e-15 4.85321e-15 3.5019e-15 2.52467e-15 1.8186e-15 1.30891e-15 9.413e-16 6.76391e-16 4.85653e-16 3.48432e-16 2.49793e-16 1.78944e-16 1.28095e-16 9.16296e-17 6.54982e-17 4.67863e-17 3.33971e-17 2.38234e-17 1.69828e-17 1.20984e-17 8.61327e-18 6.12815e-18 4.35731e-18
1.14138e-07 1.64761e-07 2.17287e-07 2.58555e-07 2.87247e-07 3.03531e-07 3.0857e-07 3.041e-07 2.92099e-07 2.74551e-07 2.53286e-07 2.29897e-07 2.05692e-07 1.81696e-07 1.58663e-07 1.37115e-07 1.17374e-07 9.96061e-08 8.38543e-08 7.00732e-08 5.81563e-08 4.79582e-08 3.93126e-08 3.20455e-08 2.59845e-08 2.09655e-08 1.68368e-08 1.34614e-08 1.07174e-08 8.49874e-09 6.71379e-09 5.28452e-09 4.14515e-09 3.2407e-09 2.52558e-09 1.9623e-09 1.52022e-09 1.17444e-09 9.04874e-10 6.95377e-10 5.33052e-10 4.07637e-10 3.11007e-10 2.36751e-10 1.79835e-10 1.36315e-10 1.03117e-10 7.78513e-11 5.8664e-11 4.4124e-11 3.31282e-11 2.48293e-11 1.85778e-11 1.38775e-11 1.03497e-11 7.70677e-12 5.73001e-12 4.25399e-12 3.15364e-12 2.33463e-12 1.72595e-12 1.27426e-12 9.39548e-13 6.91876e-13 5.08858e-13 3.73797e-13 2.74258e-13 2.00991e-13 1.4713e-13 1.07582e-13 7.85793e-14 5.7334e-14 4.1789e-14 3.04276e-14 2.21328e-14 1.60834e-14 1.16762e-14 8.46869e-15 6.13658e-15 4.44264e-15 3.21343e-15 2.32229e-15 1.67683e-15 1.20975e-15 8.72046e-16 6.28102e-16 4.52036e-16 3.25068e-16 2.33581e-16 1.67715e-16 1.20332e-16 8.62718e-17 6.18077e-17 4.42494e-17 3.16568e-17 2.26322e-17 1.61693e-17 1.15442e-17 8.23668e-18 5.87297e-18 4.18491e-18
7.31282e-08 1.08281e-07 1.44882e-07 1.74462e-07 1.95839e-07 2.08873e-07 2.14157e-07 2.1273e-07 2.05854e-07 1.94847e-07 1.80955e-07 1.65293e-07 1.48793e-07 1.32207e-07 1.16102e-07 1.00884e-07 8.68187e-08 7.40562e-08 6.26576e-08 5.26159e-08 4.38758e-08 3.63502e-08 2.99327e-08 2.4508e-08 1.99592e-08 1.61728e-08 1.30423e-08 1.04704e-08 8.36982e-09 6.66348e-09 5.28452e-09 4.1755e-09 3.28762e-09 2.57985e-09 2.01794e-09 1.57355e-09 1.22339e-09 9.48454e-10 7.33294e-10 5.65453e-10 4.34924e-10 3.33709e-10 2.55444e-10 1.95089e-10 1.48667e-10 1.13049e-10 8.57878e-11 6.49701e-11 4.91089e-11 3.70501e-11 2.79014e-11 2.09745e-11 1.57402e-11 1.17924e-11 8.82032e-12 6.58687e-12 4.91137e-12 3.65657e-12 2.71837e-12 2.018e-12 1.496e-12 1.10751e-12 8.18822e-13 6.046e-13 4.45858e-13 3.28388e-13 2.41575e-13 1.77502e-13 1.30273e-13 9.55016e-14 6.99337e-14 5.11553e-14 3.73795e-14 2.7285e-14 1.98963e-14 1.44939e-14 1.05481e-14 7.66907e-15 5.57061e-15 4.0426e-15 2.93106e-15 2.12325e-15 1.53673e-15 1.11127e-15 8.02926e-16 5.79658e-16 4.18132e-16 3.01375e-16 2.17049e-16 1.56197e-16 1.1232e-16 8.0708e-17 5.79503e-17 4.15795e-17 2.98121e-17 2.136e-17 1.52936e-17 1.09427e-17 7.8243e-18 5.59088e-18 3.99239e-18
4.68534e-08 7.11175e-08 9.65207e-08 1.17596e-07 1.33357e-07 1.4354e-07 1.48409e-07 1.48572e-07 1.44822e-07 1.38026e-07 1.29028e-07 1.186e-07 1.07403e-07 9.59831e-08 8.47613e-08 7.40487e-08 6.40578e-08 5.49186e-08 4.6695e-08 3.94001e-08 3.30093e-08 2.74727e-08 2.27238e-08 1.86871e-08 1.52839e-08 1.24365e-08 1.00706e-08 8.11742e-09 6.51467e-09 5.2068e-09 4.14515e-09 3.28762e-09 2.59818e-09 2.0463e-09 1.60638e-09 1.25709e-09 9.80784e-10 7.63001e-10 5.91928e-10 4.57984e-10 3.53437e-10 2.72078e-10 2.08945e-10 1.6009e-10 1.22383e-10 9.33551e-11 7.10629e-11 5.3984e-11 4.0929e-11 3.09718e-11 2.33935e-11 1.76377e-11 1.32748e-11 9.97411e-12 7.48172e-12 5.6031e-12 4.18961e-12 3.12792e-12 2.33179e-12 1.73578e-12 1.29028e-12 9.57791e-13 7.10024e-13 5.25657e-13 3.88663e-13 2.8701e-13 2.11684e-13 1.55939e-13 1.14739e-13 8.43276e-14 6.19067e-14 4.53969e-14 3.32541e-14 2.43335e-14 1.77875e-14 1.29892e-14 9.47581e-15 6.906e-15 5.02829e-15 3.65768e-15 2.65821e-15 1.9301e-15 1.40018e-15 1.01486e-15 7.34953e-16 5.31795e-16 3.84476e-16 2.77742e-16 2.00477e-16 1.44593e-16 1.04206e-16 7.50423e-17 5.40002e-17 3.88297e-17 2.79009e-17 2.00337e-17 1.43747e-17 1.03071e-17 7.38549e-18 5.28847e-18 3.78436e-18
