0.417708 0.120456 0.0454826 0.0171736 0.00648451 0.00244846 0.000924505 0.00034908 0.000131808 4.97689e-05 1.8792e-05 7.09561e-06 2.67921e-06 1.01163e-06 3.81978e-07 1.4423e-07 5.44591e-08 2.0563e-08 7.76431e-09 2.9317e-09 1.10697e-09 4.17976e-10 1.57822e-10 5.95914e-11 2.25009e-11 8.49602e-12 3.20798e-12 1.21129e-12 4.57366e-13 1.72695e-13 6.52073e-14 2.46214e-14 9.29669e-15 3.5103e-15 1.32544e-15 5.00469e-16 1.8897e-16 7.13525e-17 2.69417e-17 1.01728e-17 3.84112e-18 1.45035e-18 5.47633e-19 2.06779e-19 7.80768e-20 2.94807e-20 1.11315e-20 4.20311e-21 1.58703e-21 5.99242e-22 2.26266e-22 8.54348e-23 3.2259e-23 1.21806e-23 4.59921e-24 1.7366e-24 6.55715e-25 2.47589e-25 9.34862e-26 3.52991e-26 1.33285e-26 5.03264e-27 1.90026e-27 7.17511e-28 2.70922e-28 1.02296e-28 3.86257e-29 1.45845e-29 5.50692e-30 2.07934e-30 7.85129e-31 2.96454e-31 1.11937e-31 4.22658e-32 1.5959e-32 6.0259e-33 2.2753e-33 8.5912e-34 3.24392e-34 1.22486e-34 4.6249e-35 1.7463e-35 6.59378e-36 2.48972e-36 9.40084e-37 3.54963e-37 1.34029e-37 5.06075e-38 1.91087e-38 7.21518e-39 2.72435e-39 1.02868e-39 3.88415e-40 1.4666e-40 5.53768e-41 2.09095e-41 7.89515e-42 2.9811e-42 1.12562e-42 4.25019e-43 1.60481e-43
0.120456 0.0534607 0.0247725 0.0110856 0.00483967 0.0020743 0.000876454 0.000366139 0.000151541 6.22384e-05 2.53954e-05 1.03045e-05 4.161e-06 1.67315e-06 6.70278e-07 2.67632e-07 1.06546e-07 4.23038e-08 1.67563e-08 6.62259e-09 2.61223e-09 1.02849e-09 4.04258e-10 1.58652e-10 6.21737e-11 2.43327e-11 9.51118e-12 3.71344e-12 1.44826e-12 5.6426e-13 2.19632e-13 8.5413e-14 3.31882e-14 1.28854e-14 4.99901e-15 1.93803e-15 7.50828e-16 2.90697e-16 1.1248e-16 4.34968e-17 1.68111e-17 6.49391e-18 2.50723e-18 9.67549e-19 3.73206e-19 1.4389e-19 5.54536e-20 2.13624e-20 8.22617e-21 3.16652e-21 1.21845e-21 4.68685e-22 1.80222e-22 6.92777e-23 2.66221e-23 1.02273e-23 3.92779e-24 1.50805e-24 5.78845e-25 2.22124e-25 8.52149e-26 3.26835e-26 1.25324e-26 4.80443e-27 1.84141e-27 7.05606e-28 2.70322e-28 1.03541e-28 3.96508e-29 1.51813e-29 5.81142e-30 2.22421e-30 8.51118e-31 3.25632e-31 1.24564e-31 4.76412e-32 1.82181e-32 6.96554e-33 2.6628e-33 1.01779e-33 3.88967e-34 1.4863e-34 5.67854e-35 2.16924e-35 8.28557e-36 3.16431e-36 1.20832e-36 4.61347e-37 1.76125e-37 6.723e-38 2.56598e-38 9.79254e-39 3.7367e-39 1.42571e-39 5.43914e-40 2.07483e-40 7.91389e-41 3.01824e-41 1.151e-41 4.38886e-42 1.67336e-42
0.0454826 0.0247725 0.0131212 0.00655152 0.00314277 0.00146417 0.000667034 0.000298526 0.000131679 5.73854e-05 2.47533e-05 1.05836e-05 4.4906e-06 1.89254e-06 7.92851e-07 3.30383e-07 1.37012e-07 5.65737e-08 2.32678e-08 9.53526e-09 3.8947e-09 1.58596e-09 6.44008e-10 2.6083e-10 1.05383e-10 4.24822e-11 1.70893e-11 6.86097e-12 2.74942e-12 1.09986e-12 4.3926e-13 1.75159e-13 6.97438e-14 2.77316e-14 1.10122e-14 4.36745e-15 1.73008e-15 6.84558e-16 2.70574e-16 1.06835e-16 4.2142e-17 1.66076e-17 6.5389e-18 2.57234e-18 1.01109e-18 3.97108e-19 1.55845e-19 6.11164e-20 2.39505e-20 9.37943e-21 3.67073e-21 1.43566e-21 5.61161e-22 2.19213e-22 8.55846e-23 3.33954e-23 1.3024e-23 5.07667e-24 1.97786e-24 7.70197e-25 2.99781e-25 1.16629e-25 4.53545e-26 1.76297e-26 6.85e-27 2.66047e-27 1.0329e-27 4.00855e-28 1.5551e-28 6.03072e-29 2.33791e-29 9.06019e-30 3.50996e-30 1.35933e-30 5.2627e-31 2.03685e-31 7.88091e-32 3.04836e-32 1.17878e-32 4.55695e-33 1.76116e-33 6.80464e-34 2.62844e-34 1.01503e-34 3.9188e-35 1.51258e-35 5.8369e-36 2.25187e-36 8.68568e-37 3.3494e-37 1.29132e-37 4.97748e-38 1.91819e-38 7.3907e-39 2.84702e-39 1.0965e-39 4.22225e-40 1.62553e-40 6.25699e-41 2.408e-41 9.26549e-42
0.0171736 0.0110856 0.00655152 0.00357643 0.00185247 0.000923916 0.000447722 0.000212071 9.8601e-05 4.51385e-05 2.03937e-05 9.11001e-06 4.02947e-06 1.76682e-06 7.68736e-07 3.32163e-07 1.42631e-07 6.08997e-08 2.58688e-08 1.09367e-08 4.60375e-09 1.93017e-09 8.06251e-10 3.35619e-10 1.39261e-10 5.76117e-11 2.37669e-11 9.77891e-12 4.01359e-12 1.64347e-12 6.71479e-13 2.73778e-13 1.11406e-13 4.52485e-14 1.83454e-14 7.42536e-15 3.00059e-15 1.21068e-15 4.87767e-16 1.9624e-16 7.88459e-17 3.16383e-17 1.26798e-17 5.0757e-18 2.02949e-18 8.10597e-19 3.23419e-19 1.2891e-19 5.13318e-20 2.0421e-20 8.1166e-21 3.22323e-21 1.27891e-21 5.07034e-22 2.00858e-22 7.95076e-23 3.1449e-23 1.24306e-23 4.90997e-24 1.93807e-24 7.64502e-25 3.01377e-25 1.18734e-25 4.67497e-26 1.83963e-26 7.23495e-27 2.84382e-27 1.11721e-27 4.38675e-28 1.72159e-28 6.75306e-29 2.64766e-29 1.03758e-29 4.06424e-30 1.59127e-30 6.22757e-31 2.43618e-31 9.52617e-32 3.7235e-32 1.45483e-32 5.68205e-33 2.21837e-33 8.65765e-34 3.37761e-34 1.31724e-34 5.13536e-35 2.00138e-35 7.79728e-36 3.03679e-36 1.18236e-36 4.60202e-37 1.79066e-37 6.96546e-38 2.70868e-38 1.05303e-38 4.09263e-39 1.59017e-39 6.17682e-40 2.39868e-40 9.31248e-41 3.61449e-41
0.00648451 0.00483967 0.00314277 0.00185247 0.00102522 0.000542392 0.000277309 0.000137998 6.71762e-05 3.21052e-05 1.51061e-05 7.01263e-06 3.21739e-06 1.46091e-06 6.5726e-07 2.93263e-07 1.29878e-07 5.71309e-08 2.49758e-08 1.08569e-08 4.6949e-09 2.02047e-09 8.65636e-10 3.69328e-10 1.56966e-10 6.64694e-11 2.80518e-11 1.18008e-11 4.94946e-12 2.07e-12 8.6341e-13 3.5922e-13 1.49094e-13 6.17395e-14 2.55107e-14 1.05192e-14 4.32897e-15 1.77815e-15 7.29069e-16 2.98414e-16 1.21942e-16 4.97509e-17 2.02669e-17 8.24405e-18 3.34876e-18 1.35844e-18 5.50345e-19 2.22682e-19 8.99932e-20 3.6327e-20 1.46474e-20 5.89955e-21 2.37368e-21 9.54077e-22 3.83105e-22 1.53687e-22 6.15968e-23 2.46655e-23 9.86834e-24 3.94487e-24 1.57568e-24 6.28863e-25 2.5079e-25 9.99397e-26 3.97969e-26 1.58363e-26 6.29732e-27 2.50246e-27 9.93789e-28 3.94406e-28 1.56431e-28 6.20069e-29 2.4564e-29 9.72542e-30 3.84833e-30 1.52194e-30 6.01576e-31 2.37659e-31 9.3842e-32 3.70358e-32 1.46094e-32 5.7602e-33 2.27007e-33 8.94211e-34 3.52085e-34 1.38568e-34 5.45122e-35 2.14358e-35 8.42576e-36 3.31056e-36 1.30024e-36 5.10476e-37 2.00338e-37 7.85938e-38 3.08216e-38 1.20828e-38 4.73505e-39 1.85495e-39 7.26431e-40 2.84388e-40 1.11298e-40
0.00244846 0.0020743 0.00146417 0.000923916 0.000542392 0.000302469 0.000162239 8.4388e-05 4.28084e-05 2.12668e-05 1.03791e-05 4.98834e-06 2.36559e-06 1.10863e-06 5.14118e-07 2.36176e-07 1.07572e-07 4.8618e-08 2.18181e-08 9.7278e-09 4.31132e-09 1.9002e-09 8.33213e-10 3.63608e-10 1.57969e-10 6.83425e-11 2.94515e-11 1.2645e-11 5.4103e-12 2.30726e-12 9.80898e-13 4.15788e-13 1.75755e-13 7.4095e-14 3.11583e-14 1.30711e-14 5.47082e-15 2.28476e-15 9.5217e-16 3.9602e-16 1.64392e-16 6.81152e-17 2.81731e-17 1.16328e-17 4.79538e-18 1.97367e-18 8.11083e-19 3.32827e-19 1.36382e-19 5.58086e-20 2.28072e-20 9.30871e-21 3.79463e-21 1.54501e-21 6.28333e-22 2.55248e-22 1.03576e-22 4.19858e-23 1.7002e-23 6.87806e-24 2.77979e-24 1.12241e-24 4.52789e-25 1.82496e-25 7.34916e-26 2.95704e-26 1.18883e-26 4.77573e-27 1.917e-27 7.68908e-28 3.08182e-28 1.23432e-28 4.94018e-29 1.97588e-29 7.89747e-30 3.15451e-30 1.25921e-30 5.02335e-31 2.00274e-31 7.97989e-32 3.17772e-32 1.2647e-32 5.03057e-33 1.9999e-33 7.94638e-34 3.15575e-34 1.2526e-34 4.96941e-35 1.97053e-35 7.81002e-36 3.09397e-36 1.22512e-36 4.84891e-37 1.9183e-37 7.58575e-38 2.99843e-38 1.1847e-38 4.67887e-39 1.84713e-39 7.28924e-40 2.87539e-40
0.000924505 0.000876454 0.000667034 0.000447722 0.000277309 0.000162239 9.09117e-05 4.92376e-05 2.59372e-05 1.33503e-05 6.7376e-06 3.34299e-06 1.63422e-06 7.88472e-07 3.75994e-07 1.77424e-07 8.29314e-08 3.84305e-08 1.76687e-08 8.06465e-09 3.65649e-09 1.64762e-09 7.38166e-10 3.28948e-10 1.45858e-10 6.43721e-11 2.8285e-11 1.23771e-11 5.39493e-12 2.34289e-12 1.01392e-12 4.37339e-13 1.88048e-13 8.06161e-14 3.44619e-14 1.46919e-14 6.24731e-15 2.64991e-15 1.12135e-15 4.73441e-16 1.99455e-16 8.38527e-17 3.51817e-17 1.47326e-17 6.15791e-18 2.56928e-18 1.07014e-18 4.44986e-19 1.84738e-19 7.65758e-20 3.16939e-20 1.30988e-20 5.40601e-21 2.22809e-21 9.17099e-22 3.77004e-22 1.54789e-22 6.34761e-23 2.60001e-23 1.06377e-23 4.34754e-24 1.7749e-24 7.2386e-25 2.94913e-25 1.20035e-25 4.88093e-26 1.98286e-26 8.04799e-27 3.2636e-27 1.3223e-27 5.35302e-28 2.16525e-28 8.75123e-29 3.53419e-29 1.42619e-29 5.75094e-30 2.3173e-30 9.33076e-31 3.75446e-31 1.50966e-31 6.06629e-32 2.43602e-32 9.77602e-33 3.92076e-33 1.57149e-33 6.29493e-34 2.52008e-34 1.0083e-34 4.03195e-35 1.61139e-35 6.43654e-36 2.56963e-36 1.02533e-36 4.08913e-37 1.62997e-37 6.49404e-38 2.58607e-38 1.02934e-38 4.09516e-39 1.62849e-39 6.47298e-40
0.00034908 0.000366139 0.000298526 0.000212071 0.000137998 8.4388e-05 4.92376e-05 2.76831e-05 1.51012e-05 8.03257e-06 4.18197e-06 2.13728e-06 1.07474e-06 5.32755e-07 2.6074e-07 1.26155e-07 6.04082e-08 2.86542e-08 1.34751e-08 6.28682e-09 2.91174e-09 1.33947e-09 6.12317e-10 2.78274e-10 1.25773e-10 5.65547e-11 2.53077e-11 1.12736e-11 5.00047e-12 2.20901e-12 9.72113e-13 4.2624e-13 1.86247e-13 8.11137e-14 3.52158e-14 1.52433e-14 6.57934e-15 2.83203e-15 1.21584e-15 5.20673e-16 2.22438e-16 9.48091e-17 4.03205e-17 1.7111e-17 7.24653e-18 3.06284e-18 1.29208e-18 5.44068e-19 2.28688e-19 9.59593e-20 4.01983e-20 1.68124e-20 7.0206e-21 2.92728e-21 1.21876e-21 5.06706e-22 2.10376e-22 8.72281e-23 3.61205e-23 1.49384e-23 6.1705e-24 2.54578e-24 1.0491e-24 4.31842e-25 1.77564e-25 7.29324e-26 2.99249e-26 1.22661e-26 5.02281e-27 2.0548e-27 8.39812e-28 3.42922e-28 1.399e-28 5.70244e-29 2.32237e-29 9.45011e-30 3.84227e-30 1.56096e-30 6.33657e-31 2.57031e-31 1.04182e-31 4.21966e-32 1.70786e-32 6.90753e-33 2.79186e-33 1.12764e-33 4.55158e-34 1.836e-34 7.40127e-35 2.98174e-35 1.20051e-35 4.83065e-36 1.94262e-36 7.80765e-37 3.13622e-37 1.25908e-37 5.05197e-38 2.02598e-38 8.12051e-39 3.25316e-39 1.30259e-39
0.000131808 0.000151541 0.000131679 9.8601e-05 6.71762e-05 4.28084e-05 2.59372e-05 1.51012e-05 8.51125e-06 4.66872e-06 2.50253e-06 1.31493e-06 6.78973e-07 3.45227e-07 1.73134e-07 8.57615e-08 4.20091e-08 2.03691e-08 9.78488e-09 4.66037e-09 2.20218e-09 1.03302e-09 4.81287e-10 2.22816e-10 1.02544e-10 4.69308e-11 2.13666e-11 9.67996e-12 4.36509e-12 1.95976e-12 8.76206e-13 3.90205e-13 1.7312e-13 7.65333e-14 3.37189e-14 1.48076e-14 6.48256e-15 2.82955e-15 1.23155e-15 5.34566e-16 2.31427e-16 9.99384e-17 4.30528e-17 1.85037e-17 7.93492e-18 3.39538e-18 1.44987e-18 6.17866e-19 2.62795e-19 1.11564e-19 4.7276e-20 1.99984e-20 8.44518e-21 3.56046e-21 1.49868e-21 6.29853e-22 2.6431e-22 1.10753e-22 4.63424e-23 1.93644e-23 8.08063e-24 3.3676e-24 1.40166e-24 5.82681e-25 2.41932e-25 1.00334e-25 4.15629e-26 1.71981e-26 7.10856e-27 2.9351e-27 1.21064e-27 4.98846e-28 2.05348e-28 8.44494e-29 3.46971e-29 1.42426e-29 5.84111e-30 2.39342e-30 9.79871e-31 4.00823e-31 1.63824e-31 6.69042e-32 2.73014e-32 1.11322e-32 4.53573e-33 1.84667e-33 7.51307e-34 3.05446e-34 1.24093e-34 5.03805e-35 2.04402e-35 8.28745e-36 3.35795e-36 1.35973e-36 5.50248e-37 2.22535e-37 8.9945e-38 3.63328e-38 1.46679e-38 5.91819e-39 2.38653e-39
4.97689e-05 6.22384e-05 5.73854e-05 4.51385e-05 3.21052e-05 2.12668e-05 1.33503e-05 8.03257e-06 4.66872e-06 2.6363e-06 1.4525e-06 7.83441e-07 4.14783e-07 2.1602e-07 1.10865e-07 5.61517e-08 2.81025e-08 1.39125e-08 6.81932e-09 3.3121e-09 1.59513e-09 7.62235e-10 3.61592e-10 1.70372e-10 7.97662e-11 3.71237e-11 1.71811e-11 7.90966e-12 3.62327e-12 1.65195e-12 7.49809e-13 3.38894e-13 1.52555e-13 6.84104e-14 3.05653e-14 1.36087e-14 6.03887e-15 2.6712e-15 1.17795e-15 5.17931e-16 2.27088e-16 9.92976e-17 4.33065e-17 1.88399e-17 8.17624e-18 3.54012e-18 1.52935e-18 6.59256e-19 2.8359e-19 1.21744e-19 5.21616e-20 2.23065e-20 9.52168e-21 4.05716e-21 1.72576e-21 7.32841e-22 3.10694e-22 1.31513e-22 5.55828e-23 2.34565e-23 9.88449e-24 4.15942e-24 1.74789e-24 7.33525e-25 3.07432e-25 1.28686e-25 5.37993e-26 2.24645e-26 9.36926e-27 3.90315e-27 1.62419e-27 6.75124e-28 2.80327e-28 1.16277e-28 4.81811e-29 1.99447e-29 8.24807e-30 3.40771e-30 1.40659e-30 5.80062e-31 2.38997e-31 9.83854e-32 4.04664e-32 1.66301e-32 6.82865e-33 2.80172e-33 1.14861e-33 4.70522e-34 1.92601e-34 7.87794e-35 3.21994e-35 1.31514e-35 5.3677e-36 2.18929e-36 8.92329e-37 3.63459e-37 1.47945e-37 6.0182e-38 2.44657e-38 9.93982e-39 4.03584e-39
1.8792e-05 2.53954e-05 2.47533e-05 2.03937e-05 1.51061e-05 1.03791e-05 6.7376e-06 4.18197e-06 2.50253e-06 1.4525e-06 8.21404e-07 4.54189e-07 2.46246e-07 1.31202e-07 6.88282e-08 3.56059e-08 1.81878e-08 9.18406e-09 4.58887e-09 2.27071e-09 1.11359e-09 5.41603e-10 2.61384e-10 1.25241e-10 5.96047e-11 2.81881e-11 1.32515e-11 6.19484e-12 2.88066e-12 1.33284e-12 6.13758e-13 2.81357e-13 1.28426e-13 5.83816e-14 2.64366e-14 1.19266e-14 5.36148e-15 2.402e-15 1.07261e-15 4.77477e-16 2.11913e-16 9.37791e-17 4.13855e-17 1.8215e-17 7.99628e-18 3.50161e-18 1.5297e-18 6.66708e-19 2.8993e-19 1.25809e-19 5.44775e-20 2.3542e-20 1.01535e-20 4.37076e-21 1.87801e-21 8.05488e-22 3.44877e-22 1.47412e-22 6.29057e-23 2.6801e-23 1.14009e-23 4.84246e-24 2.05379e-24 8.69805e-25 3.67859e-25 1.55363e-25 6.55298e-26 2.76037e-26 1.1613e-26 4.87966e-27 2.0479e-27 8.58458e-28 3.59442e-28 1.50332e-28 6.28055e-29 2.62106e-29 1.0927e-29 4.55071e-30 1.89331e-30 7.86928e-31 3.26762e-31 1.35556e-31 5.61827e-32 2.32646e-32 9.62502e-33 3.97861e-33 1.6432e-33 6.78088e-34 2.79593e-34 1.15191e-34 4.74204e-35 1.95064e-35 8.01785e-36 3.29318e-36 1.35162e-36 5.54346e-37 2.27196e-37 9.30504e-38 3.80837e-38 1.55765e-38 6.36668e-39
7.09561e-06 1.03045e-05 1.05836e-05 9.11001e-06 7.01263e-06 4.98834e-06 3.34299e-06 2.13728e-06 1.31493e-06 7.83441e-07 4.54189e-07 2.57158e-07 1.42618e-07 7.76593e-08 4.16017e-08 2.19603e-08 1.14387e-08 5.88634e-09 2.99561e-09 1.50898e-09 7.52967e-10 3.72447e-10 1.82731e-10 8.89724e-11 4.30136e-11 2.06564e-11 9.85765e-12 4.67648e-12 2.20614e-12 1.03525e-12 4.83369e-13 2.24615e-13 1.03903e-13 4.78566e-14 2.19515e-14 1.00294e-14 4.56512e-15 2.07044e-15 9.35775e-16 4.21542e-16 1.8929e-16 8.4739e-17 3.78234e-17 1.68347e-17 7.47248e-18 3.30809e-18 1.46078e-18 6.43465e-19 2.82769e-19 1.23977e-19 5.42357e-20 2.36751e-20 1.03132e-20 4.48347e-21 1.94528e-21 8.42411e-22 3.64134e-22 1.57115e-22 6.76728e-23 2.90987e-23 1.24915e-23 5.35373e-24 2.29096e-24 9.78852e-25 4.17609e-25 1.77907e-25 7.56837e-26 3.21523e-26 1.36408e-26 5.77955e-27 2.44564e-27 1.03359e-27 4.36283e-28 1.83938e-28 7.7458e-29 3.2581e-29 1.36891e-29 5.74529e-30 2.4087e-30 1.00878e-30 4.22054e-31 1.76401e-31 7.36554e-32 3.07248e-32 1.28045e-32 5.3313e-33 2.21773e-33 9.21715e-34 3.82741e-34 1.58796e-34 6.58276e-35 2.72657e-35 1.12843e-35 4.66642e-36 1.92821e-36 7.9614e-37 3.28471e-37 1.3542e-37 5.57892e-38 2.29672e-38 9.44838e-39
2.67921e-06 4.161e-06 4.4906e-06 4.02947e-06 3.21739e-06 2.36559e-06 1.63422e-06 1.07474e-06 6.78973e-07 4.14783e-07 2.46246e-07 1.42618e-07 8.08294e-08 4.49403e-08 2.4562e-08 1.3219e-08 7.01568e-09 3.67634e-09 1.90414e-09 9.75719e-10 4.95047e-10 2.48872e-10 1.24049e-10 6.13393e-11 3.01051e-11 1.46721e-11 7.10361e-12 3.41792e-12 1.6349e-12 7.77682e-13 3.67977e-13 1.73245e-13 8.11762e-14 3.78636e-14 1.75846e-14 8.13284e-15 3.74655e-15 1.71938e-15 7.862e-16 3.58243e-16 1.62692e-16 7.36466e-17 3.32347e-17 1.49532e-17 6.70847e-18 3.00128e-18 1.33913e-18 5.95957e-19 2.64556e-19 1.17157e-19 5.17604e-20 2.28161e-20 1.00352e-20 4.40438e-21 1.92904e-21 8.4319e-22 3.67841e-22 1.60166e-22 6.96111e-23 3.02e-23 1.3079e-23 5.65466e-24 2.44072e-24 1.05179e-24 4.52539e-25 1.9441e-25 8.33931e-26 3.57198e-26 1.52781e-26 6.52569e-27 2.78351e-27 1.18573e-27 5.04444e-28 2.14334e-28 9.0956e-29 3.85519e-29 1.63209e-29 6.90146e-30 2.91503e-30 1.22988e-30 5.18335e-31 2.1822e-31 9.17752e-32 3.85577e-32 1.61831e-32 6.78552e-33 2.84241e-33 1.18954e-33 4.97356e-34 2.0776e-34 8.67093e-35 3.61567e-35 1.50639e-35 6.27076e-36 2.6082e-36 1.08394e-36 4.50116e-37 1.86766e-37 7.7435e-38 3.20808e-38 1.32809e-38
1.01163e-06 1.67315e-06 1.89254e-06 1.76682e-06 1.46091e-06 1.10863e-06 7.88472e-07 5.32755e-07 3.45227e-07 2.1602e-07 1.31202e-07 7.76593e-08 4.49403e-08 2.54914e-08 1.42034e-08 7.78773e-09 4.20824e-09 2.244e-09 1.18212e-09 6.15798e-10 3.17482e-10 1.62118e-10 8.20465e-11 4.1178e-11 2.05059e-11 1.01369e-11 4.97661e-12 2.42737e-12 1.1767e-12 5.67109e-13 2.71811e-13 1.29595e-13 6.14812e-14 2.90287e-14 1.3644e-14 6.38512e-15 2.97574e-15 1.38132e-15 6.38757e-16 2.94299e-16 1.35119e-16 6.18265e-17 2.81981e-17 1.28205e-17 5.81132e-18 2.62651e-18 1.18375e-18 5.32062e-19 2.38517e-19 1.06653e-19 4.75724e-20 2.1169e-20 9.39811e-21 4.163e-21 1.84004e-21 8.11573e-22 3.57221e-22 1.56921e-22 6.87987e-23 3.01065e-23 1.31505e-23 5.73388e-24 2.49573e-24 1.08445e-24 4.7044e-25 2.0375e-25 8.81064e-26 3.80409e-26 1.64e-26 7.05993e-27 3.03484e-27 1.30277e-27 5.58475e-28 2.3909e-28 1.02224e-28 4.36506e-29 1.86159e-29 7.92956e-30 3.3736e-30 1.4336e-30 6.08509e-31 2.57998e-31 1.09267e-31 4.62264e-32 1.95358e-32 8.24753e-33 3.47836e-33 1.46552e-33 6.16852e-34 2.59391e-34 1.08973e-34 4.57382e-35 1.91798e-35 8.03569e-36 3.36372e-36 1.40683e-36 5.87891e-37 2.45465e-37 1.02407e-37 4.2689e-38 1.77812e-38
3.81978e-07 6.70278e-07 7.92851e-07 7.68736e-07 6.5726e-07 5.14118e-07 3.75994e-07 2.6074e-07 1.73134e-07 1.10865e-07 6.88282e-08 4.16017e-08 2.4562e-08 1.42034e-08 8.06232e-09 4.50057e-09 2.47455e-09 1.34192e-09 7.18556e-10 3.80308e-10 1.99128e-10 1.03226e-10 5.30158e-11 2.69929e-11 1.3632e-11 6.83203e-12 3.39952e-12 1.68012e-12 8.25049e-13 4.027e-13 1.95426e-13 9.43207e-14 4.52866e-14 2.16359e-14 1.02879e-14 4.86976e-15 2.29514e-15 1.07723e-15 5.03592e-16 2.34526e-16 1.0882e-16 5.03144e-17 2.31847e-17 1.06485e-17 4.87532e-18 2.22533e-18 1.01277e-18 4.5961e-19 2.08005e-19 9.38867e-20 4.22683e-20 1.8982e-20 8.50387e-21 3.80078e-21 1.69488e-21 7.54128e-22 3.34825e-22 1.48348e-22 6.55943e-23 2.89462e-23 1.27492e-23 5.60477e-24 2.45948e-24 1.07735e-24 4.71103e-25 2.05657e-25 8.963e-26 3.90001e-26 1.69432e-26 7.34953e-27 3.18327e-27 1.37674e-27 5.94578e-28 2.56424e-28 1.10437e-28 4.74993e-29 2.04029e-29 8.75268e-30 3.75012e-30 1.60478e-30 6.85902e-31 2.92817e-31 1.24862e-31 5.31827e-32 2.26271e-32 9.61644e-33 4.08259e-33 1.73142e-33 7.33534e-34 3.10457e-34 1.31266e-34 5.54471e-35 2.33987e-35 9.86499e-36 4.15529e-36 1.74869e-36 7.35253e-37 3.08874e-37 1.29644e-37 5.43696e-38 2.27823e-38
1.4423e-07 2.67632e-07 3.30383e-07 3.32163e-07 2.93263e-07 2.36176e-07 1.77424e-07 1.26155e-07 8.57615e-08 5.61517e-08 3.56059e-08 2.19603e-08 1.3219e-08 7.78773e-09 4.50057e-09 2.55623e-09 1.42927e-09 7.87783e-10 4.28549e-10 2.30328e-10 1.22416e-10 6.43915e-11 3.35448e-11 1.73183e-11 8.86576e-12 4.5028e-12 2.26989e-12 1.13624e-12 5.6499e-13 2.79173e-13 1.37122e-13 6.69685e-14 3.25299e-14 1.57201e-14 7.55938e-15 3.61804e-15 1.72387e-15 8.17825e-16 3.86384e-16 1.81824e-16 8.52363e-17 3.98109e-17 1.85287e-17 8.59421e-18 3.97319e-18 1.83103e-18 8.41243e-19 3.85355e-19 1.76018e-19 8.01766e-20 3.64228e-20 1.65032e-20 7.45882e-21 3.36286e-21 1.51257e-21 6.78767e-22 3.03916e-22 1.35781e-22 6.05349e-23 2.69325e-23 1.19585e-23 5.29944e-24 2.34399e-24 1.03485e-24 4.56048e-25 2.00623e-25 8.81052e-26 3.86273e-26 1.69073e-26 7.38858e-27 3.2238e-27 1.40446e-27 6.10947e-28 2.65377e-28 1.15107e-28 4.98578e-29 2.1566e-29 9.31593e-30 4.01895e-30 1.73157e-30 7.45113e-31 3.20235e-31 1.37464e-31 5.89383e-32 2.52406e-32 1.07971e-32 4.6135e-33 1.96914e-33 8.3957e-34 3.57583e-34 1.52141e-34 6.4666e-35 2.74581e-35 1.16476e-35 4.93612e-36 2.08988e-36 8.84003e-37 3.73584e-37 1.57736e-37 6.6541e-38 2.80459e-38
5.44591e-08 1.06546e-07 1.37012e-07 1.42631e-07 1.29878e-07 1.07572e-07 8.29314e-08 6.04082e-08 4.20091e-08 2.81025e-08 1.81878e-08 1.14387e-08 7.01568e-09 4.20824e-09 2.47455e-09 1.42927e-09 8.12229e-10 4.54791e-10 2.51218e-10 1.37044e-10 7.39003e-11 3.94252e-11 2.08239e-11 1.08967e-11 5.65235e-12 2.90801e-12 1.48459e-12 7.52395e-13 3.78695e-13 1.89363e-13 9.41041e-14 4.64902e-14 2.2839e-14 1.11602e-14 5.42557e-15 2.62482e-15 1.26394e-15 6.0591e-16 2.89218e-16 1.37484e-16 6.50962e-17 3.07047e-17 1.44298e-17 6.75739e-18 3.15367e-18 1.46698e-18 6.80218e-19 3.1444e-19 1.44922e-19 6.66012e-20 3.05224e-20 1.39502e-20 6.35925e-21 2.89152e-21 1.31152e-21 5.9345e-22 2.67905e-22 1.20669e-22 5.42315e-23 2.43208e-23 1.08843e-23 4.86113e-24 2.16679e-24 9.63958e-25 4.28038e-25 1.89719e-25 8.39385e-26 3.70726e-26 1.63457e-26 7.19501e-27 3.16193e-27 1.38733e-27 6.07764e-28 2.65845e-28 1.16112e-28 5.06397e-29 2.2054e-29 9.5913e-30 4.16557e-30 1.80672e-30 7.82596e-31 3.38553e-31 1.46275e-31 6.31212e-32 2.72055e-32 1.17117e-32 5.03594e-33 2.16293e-33 9.27938e-34 3.97664e-34 1.70233e-34 7.27967e-35 3.10975e-35 1.32707e-35 5.65754e-36 2.40952e-36 1.02521e-36 4.3579e-37 1.8507e-37 7.8522e-38 3.32854e-38
2.0563e-08 4.23038e-08 5.65737e-08 6.08997e-08 5.71309e-08 4.8618e-08 3.84305e-08 2.86542e-08 2.03691e-08 1.39125e-08 9.18406e-09 5.88634e-09 3.67634e-09 2.244e-09 1.34192e-09 7.87783e-10 4.54791e-10 2.58572e-10 1.44966e-10 8.02319e-11 4.38778e-11 2.37319e-11 1.27039e-11 6.73526e-12 3.53874e-12 1.84356e-12 9.5279e-13 4.88722e-13 2.48903e-13 1.25912e-13 6.32874e-14 3.16171e-14 1.57039e-14 7.75692e-15 3.81135e-15 1.86326e-15 9.06507e-16 4.38992e-16 2.11647e-16 1.01605e-16 4.85778e-17 2.31338e-17 1.0975e-17 5.18766e-18 2.44346e-18 1.14698e-18 5.36634e-19 2.50274e-19 1.16363e-19 5.39412e-20 2.49328e-20 1.14923e-20 5.28275e-21 2.42198e-21 1.10757e-21 5.05234e-22 2.29914e-22 1.0438e-22 4.72804e-23 2.13687e-23 9.63687e-24 4.3369e-24 1.94774e-24 8.72997e-25 3.90524e-25 1.74364e-25 7.77067e-26 3.45679e-26 1.53504e-26 6.80478e-27 3.01145e-27 1.33051e-27 5.86898e-28 2.58476e-28 1.13659e-28 4.9904e-29 2.18787e-29 9.57812e-30 4.18719e-30 1.82793e-30 7.96907e-31 3.46957e-31 1.5086e-31 6.55115e-32 2.84128e-32 1.23076e-32 5.32487e-33 2.30106e-33 9.93209e-34 4.2821e-34 1.8441e-34 7.93291e-35 3.40887e-35 1.46327e-35 6.2746e-36 2.68782e-36 1.1502e-36 4.9172e-37 2.10009e-37 8.96063e-38 3.81971e-38
7.76431e-09 1.67563e-08 2.32678e-08 2.58688e-08 2.49758e-08 2.18181e-08 1.76687e-08 1.34751e-08 9.78488e-09 6.81932e-09 4.58887e-09 2.99561e-09 1.90414e-09 1.18212e-09 7.18556e-10 4.28549e-10 2.51218e-10 1.44966e-10 8.24549e-11 4.628e-11 2.56585e-11 1.40641e-11 7.62736e-12 4.09563e-12 2.17883e-12 1.14902e-12 6.00971e-13 3.11891e-13 1.60679e-13 8.22036e-14 4.17782e-14 2.10998e-14 1.05927e-14 5.2876e-15 2.62508e-15 1.29647e-15 6.37112e-16 3.11596e-16 1.51697e-16 7.35274e-17 3.5488e-17 1.70586e-17 8.16774e-18 3.89598e-18 1.8516e-18 8.76894e-19 4.13875e-19 1.94698e-19 9.13e-20 4.26817e-20 1.98937e-20 9.24555e-21 4.2848e-21 1.98037e-21 9.12878e-22 4.19724e-22 1.925e-22 8.8073e-23 4.02003e-23 1.83071e-23 8.31832e-24 3.77143e-24 1.70629e-24 7.70376e-25 3.47116e-25 1.56096e-25 7.00604e-26 3.13862e-26 1.40349e-26 6.26475e-27 2.7915e-27 1.24173e-27 5.51434e-28 2.44483e-28 1.0822e-28 4.78286e-29 2.11058e-29 9.29961e-30 4.09156e-30 1.79758e-30 7.88632e-31 3.4551e-31 1.51167e-31 6.60507e-32 2.88225e-32 1.25612e-32 5.46744e-33 2.37685e-33 1.03204e-33 4.47585e-34 1.93887e-34 8.38926e-35 3.62586e-35 1.56538e-35 6.7508e-36 2.90823e-36 1.25154e-36 5.38042e-37 2.31071e-37 9.91385e-38 4.24926e-38
2.9317e-09 6.62259e-09 9.53526e-09 1.09367e-08 1.08569e-08 9.7278e-09 8.06465e-09 6.28682e-09 4.66037e-09 3.3121e-09 2.27071e-09 1.50898e-09 9.75719e-10 6.15798e-10 3.80308e-10 2.30328e-10 1.37044e-10 8.02319e-11 4.628e-11 2.63333e-11 1.47954e-11 8.21575e-12 4.51251e-12 2.45329e-12 1.32105e-12 7.04989e-13 3.73045e-13 1.95824e-13 1.0202e-13 5.277e-14 2.71102e-14 1.38378e-14 7.01982e-15 3.54022e-15 1.7754e-15 8.85589e-16 4.39476e-16 2.1702e-16 1.06662e-16 5.21854e-17 2.5421e-17 1.23314e-17 5.95765e-18 2.86711e-18 1.37461e-18 6.56653e-19 3.12585e-19 1.48295e-19 7.01229e-20 3.30531e-20 1.55319e-20 7.27684e-21 3.3994e-21 1.58359e-21 7.35692e-22 3.40878e-22 1.57537e-22 7.26236e-23 3.33976e-23 1.53222e-23 7.01334e-24 3.20296e-24 1.45957e-24 6.63697e-25 3.01169e-25 1.36385e-25 6.16396e-26 2.78043e-26 1.25182e-26 5.62561e-27 2.52355e-27 1.13002e-27 5.05139e-28 2.25425e-28 1.00432e-28 4.46728e-29 1.98393e-29 8.79698e-30 3.89477e-30 1.72181e-30 7.60068e-31 3.35043e-31 1.47482e-31 6.48308e-32 2.84602e-32 1.24773e-32 5.46311e-33 2.38894e-33 1.04335e-33 4.55112e-34 1.98282e-34 8.62852e-35 3.75045e-35 1.6283e-35 7.06149e-36 3.059e-36 1.32371e-36 5.72191e-37 2.47078e-37 1.06581e-37 4.59285e-38
1.10697e-09 2.61223e-09 3.8947e-09 4.60375e-09 4.6949e-09 4.31132e-09 3.65649e-09 2.91174e-09 2.20218e-09 1.59513e-09 1.11359e-09 7.52967e-10 4.95047e-10 3.17482e-10 1.99128e-10 1.22416e-10 7.39003e-11 4.38778e-11 2.56585e-11 1.47954e-11 8.42135e-12 4.73589e-12 2.63356e-12 1.44919e-12 7.8965e-13 4.26311e-13 2.28158e-13 1.21108e-13 6.37874e-14 3.33499e-14 1.73147e-14 8.92989e-15 4.5764e-15 2.33119e-15 1.18066e-15 5.94665e-16 2.97938e-16 1.48518e-16 7.36749e-17 3.63775e-17 1.78811e-17 8.75147e-18 4.26539e-18 2.07059e-18 1.00126e-18 4.82365e-19 2.31545e-19 1.10759e-19 5.28024e-20 2.50903e-20 1.18845e-20 5.61206e-21 2.64221e-21 1.24038e-21 5.80661e-22 2.71084e-22 1.26221e-22 5.86193e-23 2.71555e-23 1.25491e-23 5.78542e-24 2.66103e-24 1.22119e-24 5.59188e-25 2.55506e-25 1.16502e-25 5.30122e-26 2.40742e-26 1.09114e-26 4.93604e-27 2.22879e-27 1.00454e-27 4.51953e-28 2.02984e-28 9.10101e-29 4.07373e-29 1.82048e-29 8.12239e-30 3.61827e-30 1.60936e-30 7.14741e-31 3.16961e-31 1.40357e-31 6.20649e-32 2.74065e-32 1.20856e-32 5.32234e-33 2.34081e-33 1.02818e-33 4.51045e-34 1.9762e-34 8.64792e-35 3.77981e-35 1.65012e-35 7.19547e-36 3.13406e-36 1.36354e-36 5.92584e-37 2.57254e-37 1.1156e-37 4.83285e-38
4.17976e-10 1.02849e-09 1.58596e-09 1.93017e-09 2.02047e-09 1.9002e-09 1.64762e-09 1.33947e-09 1.03302e-09 7.62235e-10 5.41603e-10 3.72447e-10 2.48872e-10 1.62118e-10 1.03226e-10 6.43915e-11 3.94252e-11 2.37319e-11 1.40641e-11 8.21575e-12 4.73589e-12 2.69643e-12 1.51765e-12 8.45046e-13 4.65805e-13 2.54336e-13 1.37636e-13 7.38569e-14 3.93174e-14 2.07727e-14 1.08964e-14 5.67682e-15 2.93835e-15 1.51149e-15 7.72921e-16 3.93009e-16 1.98752e-16 9.99913e-17 5.00546e-17 2.49369e-17 1.23662e-17 6.10526e-18 3.00133e-18 1.46937e-18 7.16511e-19 3.48052e-19 1.68443e-19 8.12276e-20 3.90341e-20 1.86949e-20 8.92456e-21 4.24695e-21 2.01482e-21 9.53021e-22 4.49483e-22 2.114e-22 9.91543e-23 4.63836e-23 2.16419e-23 1.00724e-23 4.67639e-24 2.16596e-24 1.00088e-24 4.61451e-25 2.1228e-25 9.74446e-26 4.46365e-26 2.04047e-26 9.30888e-27 4.2385e-27 1.92617e-27 8.73698e-28 3.95578e-28 1.78782e-28 8.06589e-29 3.63274e-29 1.63338e-29 7.33199e-30 3.28592e-30 1.4703e-30 6.56871e-31 2.93018e-31 1.30516e-31 5.80491e-32 2.57814e-32 1.14342e-32 5.06416e-33 2.23985e-33 9.89361e-34 4.36438e-34 1.9228e-34 8.46051e-35 3.71811e-35 1.632e-35 7.15482e-36 3.13305e-36 1.37036e-36 5.98696e-37 2.61273e-37 1.13895e-37 4.95958e-38
1.57822e-10 4.04258e-10 6.44008e-10 8.06251e-10 8.65636e-10 8.33213e-10 7.38166e-10 6.12317e-10 4.81287e-10 3.61592e-10 2.61384e-10 1.82731e-10 1.24049e-10 8.20465e-11 5.30158e-11 3.35448e-11 2.08239e-11 1.27039e-11 7.62736e-12 4.51251e-12 2.63356e-12 1.51765e-12 8.64327e-13 4.86848e-13 2.71406e-13 1.49839e-13 8.19695e-14 4.44556e-14 2.39138e-14 1.27645e-14 6.76339e-15 3.55864e-15 1.85997e-15 9.65975e-16 4.9864e-16 2.55908e-16 1.30606e-16 6.63017e-17 3.34859e-17 1.68292e-17 8.41801e-18 4.19157e-18 2.07797e-18 1.0258e-18 5.04332e-19 2.46977e-19 1.20487e-19 5.85632e-20 2.83635e-20 1.36897e-20 6.58532e-21 3.15754e-21 1.50923e-21 7.19172e-22 3.41682e-22 1.61867e-22 7.64679e-23 3.60259e-23 1.69277e-23 7.93342e-24 3.70877e-24 1.72956e-24 8.04641e-25 3.73472e-25 1.72953e-25 7.99161e-26 3.68469e-26 1.69531e-26 7.78397e-27 3.56679e-27 1.63116e-27 7.44526e-28 3.3919e-28 1.54243e-28 7.00139e-29 3.17246e-29 1.43501e-29 6.48007e-30 2.92135e-30 1.31486e-30 5.9086e-31 2.65101e-31 1.1876e-31 5.31225e-32 2.37272e-32 1.05824e-32 4.71312e-33 2.09617e-33 9.30999e-34 4.12942e-34 1.82918e-34 8.09207e-35 3.57528e-35 1.57767e-35 6.95327e-36 3.06081e-36 1.34576e-36 5.91004e-37 2.59247e-37 1.13592e-37 4.97159e-38
5.95914e-11 1.58652e-10 2.6083e-10 3.35619e-10 3.69328e-10 3.63608e-10 3.28948e-10 2.78274e-10 2.22816e-10 1.70372e-10 1.25241e-10 8.89724e-11 6.13393e-11 4.1178e-11 2.69929e-11 1.73183e-11 1.08967e-11 6.73526e-12 4.09563e-12 2.45329e-12 1.44919e-12 8.45046e-13 4.86848e-13 2.77336e-13 1.56324e-13 8.72423e-14 4.82346e-14 2.64331e-14 1.43649e-14 7.74484e-15 4.14428e-15 2.20177e-15 1.1618e-15 6.0906e-16 3.17312e-16 1.64335e-16 8.46244e-17 4.33399e-17 2.20802e-17 1.11925e-17 5.6461e-18 2.83493e-18 1.41704e-18 7.05248e-19 3.49529e-19 1.72532e-19 8.48322e-20 4.15538e-20 2.02802e-20 9.86275e-21 4.78005e-21 2.30899e-21 1.11176e-21 5.33628e-22 2.55355e-22 1.21833e-22 5.79615e-23 2.74978e-23 1.30099e-23 6.13906e-24 2.8894e-24 1.35651e-24 6.35289e-25 2.96813e-25 1.38351e-25 6.4342e-26 2.98567e-26 1.38244e-26 6.38751e-27 2.94522e-27 1.35527e-27 6.22404e-28 2.85286e-28 1.30516e-28 5.95998e-29 2.71667e-29 1.23611e-29 5.61466e-30 2.54594e-30 1.15252e-30 5.2088e-31 2.35033e-31 1.05886e-31 4.76295e-32 2.13923e-32 9.59383e-33 4.29629e-33 1.92121e-33 8.57915e-34 3.82573e-34 1.70371e-34 7.57703e-35 3.36538e-35 1.49283e-35 6.61358e-36 2.92634e-36 1.29324e-36 5.70841e-37 2.51673e-37 1.10829e-37 4.87497e-38
2.25009e-11 6.21737e-11 1.05383e-10 1.39261e-10 1.56966e-10 1.57969e-10 1.45858e-10 1.25773e-10 1.02544e-10 7.97662e-11 5.96047e-11 4.30136e-11 3.01051e-11 2.05059e-11 1.3632e-11 8.86576e-12 5.65235e-12 3.53874e-12 2.17883e-12 1.32105e-12 7.8965e-13 4.65805e-13 2.71406e-13 1.56324e-13 8.90714e-14 5.02385e-14 2.80657e-14 1.55377e-14 8.5287e-15 4.6436e-15 2.50888e-15 1.34562e-15 7.16693e-16 3.79184e-16 1.99344e-16 1.04162e-16 5.41111e-17 2.79533e-17 1.43632e-17 7.3422e-18 3.73464e-18 1.89059e-18 9.52681e-19 4.77937e-19 2.38745e-19 1.18768e-19 5.8848e-20 2.90458e-20 1.42827e-20 6.99779e-21 3.41654e-21 1.66239e-21 8.06203e-22 3.89728e-22 1.87813e-22 9.02349e-23 4.32259e-23 2.06476e-23 9.83524e-24 4.6722e-24 2.21365e-24 1.04612e-24 4.93127e-25 2.31886e-25 1.08781e-25 5.09118e-26 2.37736e-26 1.10766e-26 5.14964e-27 2.38904e-27 1.10604e-27 5.11017e-28 2.35635e-28 1.08443e-28 4.98122e-29 2.28383e-29 1.0452e-29 4.77488e-30 2.17754e-30 9.91345e-31 4.50563e-31 2.04442e-31 9.26158e-32 4.18901e-32 1.89175e-32 8.5301e-33 3.84056e-33 1.72662e-33 7.75129e-34 3.47485e-34 1.55558e-34 6.95435e-35 3.10482e-35 1.38434e-35 6.16436e-36 2.74143e-36 1.21765e-36 5.40172e-37 2.3934e-37 1.0592e-37 4.68202e-38
8.49602e-12 2.43327e-11 4.24822e-11 5.76117e-11 6.64694e-11 6.83425e-11 6.43721e-11 5.65547e-11 4.69308e-11 3.71237e-11 2.81881e-11 2.06564e-11 1.46721e-11 1.01369e-11 6.83203e-12 4.5028e-12 2.90801e-12 1.84356e-12 1.14902e-12 7.04989e-13 4.26311e-13 2.54336e-13 1.49839e-13 8.72423e-14 5.02385e-14 2.86312e-14 1.61583e-14 9.03525e-15 5.00829e-15 2.75321e-15 1.50166e-15 8.12929e-16 4.36953e-16 2.33271e-16 1.23727e-16 6.52173e-17 3.41723e-17 1.78034e-17 9.22467e-18 4.75455e-18 2.43817e-18 1.24423e-18 6.31966e-19 3.19534e-19 1.60856e-19 8.06347e-20 4.02561e-20 2.00181e-20 9.91635e-21 4.89408e-21 2.40674e-21 1.17944e-21 5.76038e-22 2.80416e-22 1.36072e-22 6.58248e-23 3.1747e-23 1.52666e-23 7.32052e-24 3.50055e-24 1.66938e-24 7.94019e-25 3.76695e-25 1.78262e-25 8.41526e-26 3.96314e-26 1.86208e-26 8.72913e-27 4.08298e-27 1.90563e-27 8.87523e-28 4.12494e-28 1.91326e-28 8.85657e-29 4.09179e-29 1.88683e-29 8.68447e-30 3.98988e-30 1.82978e-30 8.37676e-31 3.8283e-31 1.74664e-31 7.95581e-32 3.61793e-32 1.64265e-32 7.44647e-33 3.37048e-33 1.52327e-33 6.87422e-34 3.09769e-34 1.39391e-34 6.26356e-35 2.81068e-35 1.25954e-35 5.63687e-36 2.51939e-36 1.12459e-36 5.01352e-37 2.2323e-37 9.92726e-38 4.40945e-38
3.20798e-12 9.51118e-12 1.70893e-11 2.37669e-11 2.80518e-11 2.94515e-11 2.8285e-11 2.53077e-11 2.13666e-11 1.71811e-11 1.32515e-11 9.85765e-12 7.10361e-12 4.97661e-12 3.39952e-12 2.26989e-12 1.48459e-12 9.5279e-13 6.00971e-13 3.73045e-13 2.28158e-13 1.37636e-13 8.19695e-14 4.82346e-14 2.80657e-14 1.61583e-14 9.21048e-15 5.20087e-15 2.9107e-15 1.61527e-15 8.89215e-16 4.8579e-16 2.63468e-16 1.41902e-16 7.59221e-17 4.03635e-17 2.13288e-17 1.1205e-17 5.85357e-18 3.04155e-18 1.57224e-18 8.08683e-19 4.13953e-19 2.10917e-19 1.06987e-19 5.40346e-20 2.71769e-20 1.36136e-20 6.7928e-21 3.3766e-21 1.6723e-21 8.25284e-22 4.05875e-22 1.98941e-22 9.71941e-23 4.73348e-23 2.29818e-23 1.11247e-23 5.36937e-24 2.5842e-24 1.2403e-24 5.9369e-25 2.83433e-25 1.34967e-25 6.4109e-26 3.03774e-26 1.43598e-26 6.77227e-27 3.18664e-27 1.49612e-27 7.00901e-28 3.27661e-28 1.52859e-28 7.11659e-29 3.30666e-29 1.53342e-29 7.09747e-30 3.27895e-30 1.51206e-30 6.96025e-31 3.19828e-31 1.4671e-31 6.7184e-32 3.07151e-32 1.40195e-32 6.38876e-33 2.90683e-33 1.32055e-33 5.99007e-34 2.71309e-34 1.22705e-34 5.54165e-35 2.49921e-35 1.12555e-35 5.06218e-36 2.27367e-36 1.01987e-36 4.56879e-37 2.04411e-37 9.13403e-38 4.07648e-38
1.21129e-12 3.71344e-12 6.86097e-12 9.77891e-12 1.18008e-11 1.2645e-11 1.23771e-11 1.12736e-11 9.67996e-12 7.90966e-12 6.19484e-12 4.67648e-12 3.41792e-12 2.42737e-12 1.68012e-12 1.13624e-12 7.52395e-13 4.88722e-13 3.11891e-13 1.95824e-13 1.21108e-13 7.38569e-14 4.44556e-14 2.64331e-14 1.55377e-14 9.03525e-15 5.20087e-15 2.96511e-15 1.67516e-15 9.38268e-16 5.21244e-16 2.87323e-16 1.57209e-16 8.54091e-17 4.60883e-17 2.47095e-17 1.31656e-17 6.97325e-18 3.67237e-18 1.92341e-18 1.00208e-18 5.19429e-19 2.67929e-19 1.3755e-19 7.02938e-20 3.57651e-20 1.81197e-20 9.14221e-21 4.59428e-21 2.29988e-21 1.147e-21 5.69961e-22 2.82224e-22 1.39269e-22 6.8497e-23 3.35802e-23 1.64108e-23 7.99552e-24 3.88392e-24 1.8812e-24 9.08602e-25 4.37639e-25 2.10229e-25 1.00724e-25 4.81353e-26 2.29462e-26 1.09119e-26 5.17679e-27 2.45025e-27 1.15711e-27 5.4522e-28 2.56347e-28 1.20272e-28 5.63112e-29 2.63113e-29 1.22695e-29 5.71034e-30 2.65258e-30 1.22988e-30 5.69191e-31 2.6295e-31 1.21261e-31 5.5824e-32 2.56556e-32 1.17712e-32 5.39197e-33 2.46592e-33 1.12597e-33 5.13336e-34 2.33678e-34 1.06215e-34 4.82077e-35 2.18485e-35 9.88807e-36 4.46886e-36 2.01691e-36 9.0906e-37 4.09188e-37 1.83945e-37 8.2584e-38 3.70302e-38
4.57366e-13 1.44826e-12 2.74942e-12 4.01359e-12 4.94946e-12 5.4103e-12 5.39493e-12 5.00047e-12 4.36509e-12 3.62327e-12 2.88066e-12 2.20614e-12 1.6349e-12 1.1767e-12 8.25049e-13 5.6499e-13 3.78695e-13 2.48903e-13 1.60679e-13 1.0202e-13 6.37874e-14 3.93174e-14 2.39138e-14 1.43649e-14 8.5287e-15 5.00829e-15 2.9107e-15 1.67516e-15 9.55194e-16 5.39899e-16 3.02629e-16 1.6829e-16 9.288e-17 5.0892e-17 2.76936e-17 1.49707e-17 8.04187e-18 4.29376e-18 2.27923e-18 1.20311e-18 6.31665e-19 3.29925e-19 1.71463e-19 8.86818e-20 4.56537e-20 2.33973e-20 1.1939e-20 6.06654e-21 3.07006e-21 1.54754e-21 7.77095e-22 3.88774e-22 1.93801e-22 9.62718e-23 4.76615e-23 2.35181e-23 1.15676e-23 5.67193e-24 2.77267e-24 1.35139e-24 6.56764e-25 3.18287e-25 1.53829e-25 7.41479e-26 3.56473e-26 1.70942e-26 8.17696e-27 3.90195e-27 1.85755e-27 8.82254e-28 4.18083e-28 1.97683e-28 9.32681e-29 4.39113e-29 2.06308e-29 9.6733e-30 4.52655e-30 2.11404e-30 9.85435e-31 4.58489e-31 2.12928e-31 9.87083e-32 4.5678e-32 2.11013e-32 9.73129e-33 4.48031e-33 2.05936e-33 9.45061e-34 4.33013e-34 1.98092e-34 9.04839e-35 4.12691e-35 1.87949e-35 8.54722e-36 3.88144e-36 1.76016e-36 7.97104e-37 3.60487e-37 1.62812e-37 7.34367e-38 3.30812e-38
1.72695e-13 5.6426e-13 1.09986e-12 1.64347e-12 2.07e-12 2.30726e-12 2.34289e-12 2.20901e-12 1.95976e-12 1.65195e-12 1.33284e-12 1.03525e-12 7.77682e-13 5.67109e-13 4.027e-13 2.79173e-13 1.89363e-13 1.25912e-13 8.22036e-14 5.277e-14 3.33499e-14 2.07727e-14 1.27645e-14 7.74484e-15 4.6436e-15 2.75321e-15 1.61527e-15 9.38268e-16 5.39899e-16 3.07904e-16 1.74112e-16 9.76632e-17 5.4361e-17 3.00366e-17 1.64801e-17 8.98156e-18 4.86345e-18 2.6173e-18 1.40018e-18 7.44802e-19 3.94015e-19 2.07344e-19 1.08557e-19 5.65575e-20 2.93267e-20 1.51373e-20 7.77871e-21 3.98021e-21 2.02816e-21 1.02933e-21 5.20371e-22 2.62078e-22 1.31509e-22 6.57555e-23 3.27648e-23 1.62713e-23 8.05405e-24 3.97398e-24 1.95475e-24 9.58622e-25 4.68734e-25 2.2854e-25 1.11118e-25 5.38794e-26 2.60559e-26 1.25679e-26 6.04673e-27 2.90203e-27 1.38942e-27 6.63647e-28 3.16255e-28 1.50368e-28 7.13368e-29 3.377e-29 1.59525e-29 7.52013e-30 3.53785e-30 1.66107e-30 7.78378e-31 3.64051e-31 1.69949e-31 7.91915e-32 3.68345e-32 1.71026e-32 7.92713e-33 3.66801e-33 1.69441e-33 7.81433e-34 3.59804e-34 1.65406e-34 7.59209e-35 3.47942e-35 1.59221e-35 7.2753e-36 3.31949e-36 1.51241e-36 6.88114e-37 3.12644e-37 1.41856e-37 6.42787e-38 2.9088e-38
6.52073e-14 2.19632e-13 4.3926e-13 6.71479e-13 8.6341e-13 9.80898e-13 1.01392e-12 9.72113e-13 8.76206e-13 7.49809e-13 6.13758e-13 4.83369e-13 3.67977e-13 2.71811e-13 1.95426e-13 1.37122e-13 9.41041e-14 6.32874e-14 4.17782e-14 2.71102e-14 1.73147e-14 1.08964e-14 6.76339e-15 4.14428e-15 2.50888e-15 1.50166e-15 8.89215e-16 5.21244e-16 3.02629e-16 1.74112e-16 9.931e-17 5.61805e-17 3.15336e-17 1.75676e-17 9.71729e-18 5.33833e-18 2.91352e-18 1.58016e-18 8.5184e-19 4.56558e-19 2.43337e-19 1.28998e-19 6.80311e-20 3.56993e-20 1.86429e-20 9.69044e-21 5.01434e-21 2.58338e-21 1.32534e-21 6.77158e-22 3.44611e-22 1.74701e-22 8.82347e-23 4.44026e-23 2.22662e-23 1.11275e-23 5.54241e-24 2.75165e-24 1.36181e-24 6.71901e-25 3.30517e-25 1.62112e-25 7.92864e-26 3.86703e-26 1.88096e-26 9.12501e-27 4.41535e-27 2.13109e-27 1.02605e-27 4.92818e-28 2.36147e-28 1.12896e-28 5.38509e-29 2.56301e-29 1.21722e-29 5.7686e-30 2.72817e-30 1.28763e-30 6.06522e-31 2.85138e-31 1.33793e-31 6.26613e-32 2.92931e-32 1.36694e-32 6.3674e-33 2.96088e-33 1.37448e-33 6.36988e-34 2.94719e-34 1.36139e-34 6.27868e-35 2.89119e-35 1.32929e-35 6.10247e-36 2.79737e-36 1.28044e-36 5.85261e-37 2.67132e-37 1.21759e-37 5.54218e-38 2.51929e-38
2.46214e-14 8.5413e-14 1.75159e-13 2.73778e-13 3.5922e-13 4.15788e-13 4.37339e-13 4.2624e-13 3.90205e-13 3.38894e-13 2.81357e-13 2.24615e-13 1.73245e-13 1.29595e-13 9.43207e-14 6.69685e-14 4.64902e-14 3.16171e-14 2.10998e-14 1.38378e-14 8.92989e-15 5.67682e-15 3.55864e-15 2.20177e-15 1.34562e-15 8.12929e-16 4.8579e-16 2.87323e-16 1.6829e-16 9.76632e-17 5.61805e-17 3.20486e-17 1.81372e-17 1.01865e-17 5.67968e-18 3.14484e-18 1.72972e-18 9.45316e-19 5.13463e-19 2.77253e-19 1.4886e-19 7.94877e-20 4.22214e-20 2.23129e-20 1.17339e-20 6.14146e-21 3.19967e-21 1.65963e-21 8.57133e-22 4.40835e-22 2.25814e-22 1.15219e-22 5.85658e-23 2.96594e-23 1.49665e-23 7.52602e-24 3.77169e-24 1.88397e-24 9.38028e-25 4.65585e-25 2.30387e-25 1.13665e-25 5.59157e-26 2.74293e-26 1.34183e-26 6.54654e-27 3.18554e-27 1.5461e-27 7.4852e-28 3.61495e-28 1.74164e-28 8.37137e-29 4.01455e-29 1.92088e-29 9.17082e-30 4.36898e-30 2.077e-30 9.85356e-31 4.6652e-31 2.20437e-31 1.03957e-31 4.8932e-32 2.29889e-32 1.07807e-32 5.0465e-33 2.35812e-33 1.09998e-33 5.12228e-34 2.3813e-34 1.10522e-34 5.12132e-35 2.36932e-35 1.09443e-35 5.04758e-36 2.32447e-36 1.06885e-36 4.90771e-37 2.25017e-37 1.03024e-37 4.71036e-38 2.15069e-38
9.29669e-15 3.31882e-14 6.97438e-14 1.11406e-13 1.49094e-13 1.75755e-13 1.88048e-13 1.86247e-13 1.7312e-13 1.52555e-13 1.28426e-13 1.03903e-13 8.11762e-14 6.14812e-14 4.52866e-14 3.25299e-14 2.2839e-14 1.57039e-14 1.05927e-14 7.01982e-15 4.5764e-15 2.93835e-15 1.85997e-15 1.1618e-15 7.16693e-16 4.36953e-16 2.63468e-16 1.57209e-16 9.288e-17 5.4361e-17 3.15336e-17 1.81372e-17 1.03478e-17 5.85822e-18 3.29211e-18 1.837e-18 1.01813e-18 5.60621e-19 3.06779e-19 1.66868e-19 9.02428e-20 4.85328e-20 2.59615e-20 1.38158e-20 7.31564e-21 3.85508e-21 2.02202e-21 1.05579e-21 5.48871e-22 2.84133e-22 1.46484e-22 7.52189e-23 3.84755e-23 1.96069e-23 9.9552e-24 5.03674e-24 2.53951e-24 1.27612e-24 6.39167e-25 3.1912e-25 1.58835e-25 7.88177e-26 3.89961e-26 1.92384e-26 9.4645e-27 4.6434e-27 2.27202e-27 1.1088e-27 5.39737e-28 2.62076e-28 1.26944e-28 6.13421e-29 2.95726e-29 1.42242e-29 6.82641e-30 3.26892e-30 1.56201e-30 7.44813e-31 3.54418e-31 1.68308e-31 7.97691e-32 3.77328e-32 1.78145e-32 8.39492e-33 3.94877e-33 1.85406e-33 8.68992e-34 4.06587e-34 1.89911e-34 8.8556e-35 4.12259e-35 1.9161e-35 8.89153e-36 4.11959e-36 1.90574e-36 8.8027e-37 4.05996e-37 1.86979e-37 8.59877e-38 3.9488e-38 1.81087e-38
