0.849784 0.000151118 0.000145794 0.000140656 0.0001357 0.000130919 0.000126306 0.000121855 0.000117561 0.000113419 0.000109423 0.000105567 0.000101847 9.82585e-05 9.47962e-05 9.1456e-05 8.82334e-05 8.51244e-05 8.2125e-05 7.92312e-05 7.64394e-05 7.3746e-05 7.11475e-05 6.86405e-05 6.62219e-05 6.38885e-05 6.16373e-05 5.94655e-05 5.73701e-05 5.53486e-05 5.33984e-05 5.15168e-05 4.97016e-05 4.79503e-05 4.62607e-05 4.46306e-05 4.3058e-05 4.15408e-05 4.00771e-05 3.86649e-05 3.73025e-05 3.59881e-05 3.47201e-05 3.34967e-05 3.23164e-05 3.11777e-05 3.00791e-05 2.90192e-05 2.79967e-05 2.70102e-05 2.60585e-05 2.51403e-05 2.42544e-05 2.33998e-05 2.25753e-05 2.17798e-05 2.10124e-05 2.0272e-05 1.95577e-05 1.88685e-05 1.82037e-05 1.75623e-05 1.69434e-05 1.63464e-05 1.57704e-05 1.52147e-05 1.46786e-05 1.41614e-05 1.36624e-05 1.3181e-05 1.27166e-05 1.22685e-05 1.18362e-05 1.14191e-05 1.10168e-05 1.06286e-05 1.02541e-05 9.89276e-06 9.54418e-06 9.20788e-06 8.88343e-06 8.57041e-06 8.26842e-06 7.97708e-06 7.69599e-06 7.42482e-06 7.1632e-06 6.91079e-06 6.66728e-06 6.43235e-06 6.2057e-06 5.98704e-06 5.77608e-06 5.57255e-06 5.3762e-06 5.18676e-06 5.004e-06 4.82768e-06 4.65757e-06 4.49346e-06 4.33512e-06
0.000151118 1.89296e-05 1.84204e-05 1.79237e-05 1.74391e-05 1.69663e-05 1.65053e-05 1.60556e-05 1.56172e-05 1.51897e-05 1.4773e-05 1.43668e-05 1.39708e-05 1.35849e-05 1.32089e-05 1.28425e-05 1.24855e-05 1.21378e-05 1.1799e-05 1.1469e-05 1.11477e-05 1.08347e-05 1.053e-05 1.02333e-05 9.94442e-06 9.6632e-06 9.38945e-06 9.12299e-06 8.86365e-06 8.61127e-06 8.36566e-06 8.12667e-06 7.89414e-06 7.6679e-06 7.44781e-06 7.2337e-06 7.02544e-06 6.82287e-06 6.62586e-06 6.43425e-06 6.24793e-06 6.06674e-06 5.89057e-06 5.71928e-06 5.55275e-06 5.39085e-06 5.23347e-06 5.08049e-06 4.93179e-06 4.78726e-06 4.64679e-06 4.51028e-06 4.37762e-06 4.2487e-06 4.12344e-06 4.00173e-06 3.88348e-06 3.76859e-06 3.65698e-06 3.54855e-06 3.44323e-06 3.34092e-06 3.24154e-06 3.14502e-06 3.05128e-06 2.96024e-06 2.87183e-06 2.78597e-06 2.7026e-06 2.62164e-06 2.54304e-06 2.46671e-06 2.39261e-06 2.32067e-06 2.25083e-06 2.18303e-06 2.11721e-06 2.05332e-06 1.9913e-06 1.93111e-06 1.87268e-06 1.81598e-06 1.76094e-06 1.70753e-06 1.6557e-06 1.6054e-06 1.55659e-06 1.50922e-06 1.46326e-06 1.41867e-06 1.3754e-06 1.33342e-06 1.29269e-06 1.25317e-06 1.21484e-06 1.17765e-06 1.14157e-06 1.10657e-06 1.07263e-06 1.0397e-06 1.00776e-06
0.000145794 1.84204e-05 1.79435e-05 1.74774e-05 1.7022e-05 1.65772e-05 1.61428e-05 1.57185e-05 1.53042e-05 1.48998e-05 1.4505e-05 1.41196e-05 1.37435e-05 1.33764e-05 1.30183e-05 1.2669e-05 1.23281e-05 1.19957e-05 1.16715e-05 1.13553e-05 1.10471e-05 1.07465e-05 1.04535e-05 1.01678e-05 9.88943e-06 9.6181e-06 9.35368e-06 9.09602e-06 8.84498e-06 8.6004e-06 8.36213e-06 8.13004e-06 7.90398e-06 7.68382e-06 7.46941e-06 7.26062e-06 7.05732e-06 6.85938e-06 6.66668e-06 6.47909e-06 6.29648e-06 6.11874e-06 5.94575e-06 5.77739e-06 5.61355e-06 5.45412e-06 5.299e-06 5.14806e-06 5.00122e-06 4.85837e-06 4.7194e-06 4.58422e-06 4.45274e-06 4.32486e-06 4.2005e-06 4.07955e-06 3.96193e-06 3.84756e-06 3.73636e-06 3.62823e-06 3.52311e-06 3.42092e-06 3.32157e-06 3.22499e-06 3.13112e-06 3.03987e-06 2.95118e-06 2.86499e-06 2.78122e-06 2.69982e-06 2.62071e-06 2.54384e-06 2.46914e-06 2.39657e-06 2.32606e-06 2.25755e-06 2.191e-06 2.12634e-06 2.06353e-06 2.00252e-06 1.94326e-06 1.88569e-06 1.82978e-06 1.77548e-06 1.72275e-06 1.67153e-06 1.62179e-06 1.57349e-06 1.52659e-06 1.48105e-06 1.43683e-06 1.39389e-06 1.3522e-06 1.31173e-06 1.27243e-06 1.23428e-06 1.19725e-06 1.1613e-06 1.1264e-06 1.09253e-06 1.05964e-06
0.000140656 1.79237e-05 1.74774e-05 1.70406e-05 1.66133e-05 1.61952e-05 1.57862e-05 1.53863e-05 1.49952e-05 1.46129e-05 1.42392e-05 1.38739e-05 1.35169e-05 1.31681e-05 1.28273e-05 1.24944e-05 1.21692e-05 1.18517e-05 1.15416e-05 1.12389e-05 1.09433e-05 1.06548e-05 1.03733e-05 1.00985e-05 9.83031e-06 9.56867e-06 9.31342e-06 9.06442e-06 8.82154e-06 8.58466e-06 8.35365e-06 8.12839e-06 7.90875e-06 7.69462e-06 7.48587e-06 7.28239e-06 7.08406e-06 6.89076e-06 6.7024e-06 6.51884e-06 6.33999e-06 6.16574e-06 5.99598e-06 5.83062e-06 5.66954e-06 5.51265e-06 5.35985e-06 5.21105e-06 5.06615e-06 4.92505e-06 4.78768e-06 4.65393e-06 4.52372e-06 4.39697e-06 4.27359e-06 4.1535e-06 4.03662e-06 3.92287e-06 3.81218e-06 3.70445e-06 3.59964e-06 3.49765e-06 3.39843e-06 3.30189e-06 3.20798e-06 3.11662e-06 3.02776e-06 2.94132e-06 2.85725e-06 2.77549e-06 2.69597e-06 2.61864e-06 2.54344e-06 2.47032e-06 2.39922e-06 2.33009e-06 2.26288e-06 2.19754e-06 2.13402e-06 2.07227e-06 2.01224e-06 1.95389e-06 1.89718e-06 1.84205e-06 1.78848e-06 1.73641e-06 1.68581e-06 1.63664e-06 1.58885e-06 1.54242e-06 1.4973e-06 1.45347e-06 1.41087e-06 1.36949e-06 1.32929e-06 1.29023e-06 1.25229e-06 1.21543e-06 1.17962e-06 1.14485e-06 1.11106e-06
0.0001357 1.74391e-05 1.7022e-05 1.66133e-05 1.62127e-05 1.58202e-05 1.54357e-05 1.50591e-05 1.46903e-05 1.43292e-05 1.39758e-05 1.36298e-05 1.32913e-05 1.296e-05 1.2636e-05 1.2319e-05 1.20091e-05 1.1706e-05 1.14096e-05 1.11199e-05 1.08368e-05 1.056e-05 1.02896e-05 1.00254e-05 9.76729e-06 9.51516e-06 9.2689e-06 9.02841e-06 8.79357e-06 8.56429e-06 8.34045e-06 8.12194e-06 7.90867e-06 7.70053e-06 7.49741e-06 7.29922e-06 7.10585e-06 6.9172e-06 6.73318e-06 6.55369e-06 6.37863e-06 6.20791e-06 6.04144e-06 5.87911e-06 5.72086e-06 5.56657e-06 5.41617e-06 5.26957e-06 5.12669e-06 4.98743e-06 4.85173e-06 4.7195e-06 4.59065e-06 4.46512e-06 4.34282e-06 4.22368e-06 4.10763e-06 3.99459e-06 3.88449e-06 3.77727e-06 3.67285e-06 3.57117e-06 3.47216e-06 3.37576e-06 3.2819e-06 3.19053e-06 3.10158e-06 3.01499e-06 2.93071e-06 2.84867e-06 2.76883e-06 2.69113e-06 2.61551e-06 2.54193e-06 2.47032e-06 2.40065e-06 2.33286e-06 2.26691e-06 2.20275e-06 2.14033e-06 2.07962e-06 2.02055e-06 1.9631e-06 1.90723e-06 1.85288e-06 1.80003e-06 1.74863e-06 1.69864e-06 1.65003e-06 1.60277e-06 1.55681e-06 1.51213e-06 1.46868e-06 1.42644e-06 1.38538e-06 1.34546e-06 1.30665e-06 1.26893e-06 1.23226e-06 1.19662e-06 1.16198e-06
0.000130919 1.69663e-05 1.65772e-05 1.61952e-05 1.58202e-05 1.54521e-05 1.5091e-05 1.47368e-05 1.43894e-05 1.40488e-05 1.37148e-05 1.33875e-05 1.30668e-05 1.27525e-05 1.24446e-05 1.21431e-05 1.18478e-05 1.15587e-05 1.12757e-05 1.09987e-05 1.07276e-05 1.04623e-05 1.02028e-05 9.94892e-06 9.70062e-06 9.45779e-06 9.22036e-06 8.98823e-06 8.7613e-06 8.53951e-06 8.32274e-06 8.11092e-06 7.90395e-06 7.70175e-06 7.50423e-06 7.3113e-06 7.12289e-06 6.93889e-06 6.75923e-06 6.58381e-06 6.41257e-06 6.24541e-06 6.08226e-06 5.92303e-06 5.76764e-06 5.61602e-06 5.46808e-06 5.32375e-06 5.18296e-06 5.04562e-06 4.91166e-06 4.78102e-06 4.65362e-06 4.52939e-06 4.40825e-06 4.29015e-06 4.17501e-06 4.06277e-06 3.95337e-06 3.84673e-06 3.7428e-06 3.64151e-06 3.54281e-06 3.44663e-06 3.35292e-06 3.26162e-06 3.17267e-06 3.08602e-06 3.00161e-06 2.91939e-06 2.83931e-06 2.76131e-06 2.68536e-06 2.61139e-06 2.53936e-06 2.46923e-06 2.40094e-06 2.33445e-06 2.26973e-06 2.20671e-06 2.14538e-06 2.08567e-06 2.02755e-06 1.97098e-06 1.91593e-06 1.86235e-06 1.81021e-06 1.75947e-06 1.7101e-06 1.66206e-06 1.61532e-06 1.56984e-06 1.52559e-06 1.48255e-06 1.44067e-06 1.39994e-06 1.36032e-06 1.32177e-06 1.28429e-06 1.24783e-06 1.21237e-06
0.000126306 1.65053e-05 1.61428e-05 1.57862e-05 1.54357e-05 1.5091e-05 1.47523e-05 1.44196e-05 1.40927e-05 1.37717e-05 1.34565e-05 1.31471e-05 1.28435e-05 1.25456e-05 1.22534e-05 1.19667e-05 1.16857e-05 1.14101e-05 1.11401e-05 1.08754e-05 1.0616e-05 1.03619e-05 1.0113e-05 9.86922e-06 9.63052e-06 9.39681e-06 9.16803e-06 8.94411e-06 8.72496e-06 8.51053e-06 8.30075e-06 8.09552e-06 7.89479e-06 7.69849e-06 7.50652e-06 7.31884e-06 7.13535e-06 6.956e-06 6.7807e-06 6.60938e-06 6.44197e-06 6.27841e-06 6.11861e-06 5.96251e-06 5.81004e-06 5.66113e-06 5.51571e-06 5.37371e-06 5.23507e-06 5.09971e-06 4.96758e-06 4.8386e-06 4.71272e-06 4.58986e-06 4.46998e-06 4.35299e-06 4.23885e-06 4.1275e-06 4.01886e-06 3.9129e-06 3.80954e-06 3.70873e-06 3.61043e-06 3.51456e-06 3.42108e-06 3.32993e-06 3.24106e-06 3.15443e-06 3.06998e-06 2.98765e-06 2.90741e-06 2.82921e-06 2.75299e-06 2.67872e-06 2.60634e-06 2.53582e-06 2.46711e-06 2.40016e-06 2.33494e-06 2.2714e-06 2.20951e-06 2.14922e-06 2.0905e-06 2.03331e-06 1.97762e-06 1.92337e-06 1.87055e-06 1.81912e-06 1.76904e-06 1.72028e-06 1.6728e-06 1.62658e-06 1.58159e-06 1.53779e-06 1.49515e-06 1.45365e-06 1.41325e-06 1.37394e-06 1.33567e-06 1.29843e-06 1.26219e-06
0.000121855 1.60556e-05 1.57185e-05 1.53863e-05 1.50591e-05 1.47368e-05 1.44196e-05 1.41073e-05 1.38001e-05 1.34979e-05 1.32008e-05 1.29087e-05 1.26216e-05 1.23395e-05 1.20623e-05 1.17901e-05 1.15229e-05 1.12605e-05 1.10029e-05 1.07502e-05 1.05022e-05 1.0259e-05 1.00204e-05 9.78654e-06 9.55721e-06 9.33243e-06 9.11213e-06 8.89626e-06 8.68476e-06 8.47759e-06 8.27468e-06 8.07597e-06 7.88141e-06 7.69093e-06 7.50449e-06 7.32201e-06 7.14343e-06 6.96871e-06 6.79777e-06 6.63055e-06 6.46699e-06 6.30704e-06 6.15063e-06 5.9977e-06 5.84819e-06 5.70203e-06 5.55918e-06 5.41957e-06 5.28314e-06 5.14983e-06 5.01958e-06 4.89234e-06 4.76804e-06 4.64664e-06 4.52807e-06 4.41228e-06 4.29922e-06 4.18882e-06 4.08105e-06 3.97583e-06 3.87313e-06 3.77288e-06 3.67505e-06 3.57957e-06 3.4864e-06 3.39549e-06 3.30679e-06 3.22025e-06 3.13583e-06 3.05349e-06 2.97317e-06 2.89483e-06 2.81843e-06 2.74393e-06 2.67127e-06 2.60043e-06 2.53137e-06 2.46403e-06 2.39838e-06 2.33439e-06 2.27201e-06 2.21121e-06 2.15195e-06 2.0942e-06 2.03792e-06 1.98308e-06 1.92963e-06 1.87756e-06 1.82683e-06 1.7774e-06 1.72925e-06 1.68234e-06 1.63664e-06 1.59213e-06 1.54878e-06 1.50656e-06 1.46544e-06 1.42539e-06 1.38639e-06 1.34841e-06 1.31143e-06
0.000117561 1.56172e-05 1.53042e-05 1.49952e-05 1.46903e-05 1.43894e-05 1.40927e-05 1.38001e-05 1.35118e-05 1.32277e-05 1.29479e-05 1.26724e-05 1.24012e-05 1.21343e-05 1.18717e-05 1.16134e-05 1.13595e-05 1.11098e-05 1.08645e-05 1.06233e-05 1.03865e-05 1.01538e-05 9.92536e-06 9.70107e-06 9.48092e-06 9.26486e-06 9.05286e-06 8.84489e-06 8.64091e-06 8.44087e-06 8.24473e-06 8.05245e-06 7.86398e-06 7.67928e-06 7.4983e-06 7.32099e-06 7.14731e-06 6.97719e-06 6.8106e-06 6.64749e-06 6.48779e-06 6.33147e-06 6.17847e-06 6.02873e-06 5.88222e-06 5.73886e-06 5.59862e-06 5.46144e-06 5.32728e-06 5.19607e-06 5.06777e-06 4.94232e-06 4.81968e-06 4.6998e-06 4.58262e-06 4.4681e-06 4.35618e-06 4.24682e-06 4.13998e-06 4.03559e-06 3.93361e-06 3.83401e-06 3.73672e-06 3.64171e-06 3.54893e-06 3.45833e-06 3.36988e-06 3.28351e-06 3.19921e-06 3.11691e-06 3.03659e-06 2.95819e-06 2.88168e-06 2.80702e-06 2.73416e-06 2.66307e-06 2.59372e-06 2.52606e-06 2.46006e-06 2.39567e-06 2.33287e-06 2.27162e-06 2.21189e-06 2.15364e-06 2.09683e-06 2.04144e-06 1.98744e-06 1.93479e-06 1.88345e-06 1.83341e-06 1.78463e-06 1.73708e-06 1.69074e-06 1.64557e-06 1.60155e-06 1.55865e-06 1.51684e-06 1.4761e-06 1.43641e-06 1.39774e-06 1.36006e-06
0.000113419 1.51897e-05 1.48998e-05 1.46129e-05 1.43292e-05 1.40488e-05 1.37717e-05 1.34979e-05 1.32277e-05 1.2961e-05 1.26978e-05 1.24383e-05 1.21824e-05 1.19302e-05 1.16817e-05 1.14368e-05 1.11958e-05 1.09584e-05 1.07249e-05 1.0495e-05 1.02689e-05 1.00466e-05 9.82794e-06 9.61304e-06 9.40183e-06 9.1943e-06 8.99044e-06 8.79021e-06 8.5936e-06 8.40057e-06 8.21111e-06 8.02516e-06 7.84271e-06 7.66372e-06 7.48815e-06 7.31597e-06 7.14714e-06 6.98162e-06 6.81937e-06 6.66035e-06 6.50452e-06 6.35184e-06 6.20227e-06 6.05575e-06 5.91226e-06 5.77174e-06 5.63415e-06 5.49945e-06 5.3676e-06 5.23854e-06 5.11224e-06 4.98865e-06 4.86773e-06 4.74943e-06 4.6337e-06 4.52051e-06 4.40982e-06 4.30156e-06 4.19571e-06 4.09223e-06 3.99106e-06 3.89216e-06 3.7955e-06 3.70103e-06 3.60871e-06 3.5185e-06 3.43036e-06 3.34425e-06 3.26012e-06 3.17795e-06 3.09769e-06 3.0193e-06 2.94275e-06 2.868e-06 2.79501e-06 2.72375e-06 2.65418e-06 2.58626e-06 2.51996e-06 2.45525e-06 2.39209e-06 2.33046e-06 2.27031e-06 2.21161e-06 2.15434e-06 2.09847e-06 2.04395e-06 1.99077e-06 1.9389e-06 1.88829e-06 1.83894e-06 1.7908e-06 1.74385e-06 1.69807e-06 1.65343e-06 1.60989e-06 1.56745e-06 1.52606e-06 1.48572e-06 1.44639e-06 1.40805e-06
0.000109423 1.4773e-05 1.4505e-05 1.42392e-05 1.39758e-05 1.37148e-05 1.34565e-05 1.32008e-05 1.29479e-05 1.26978e-05 1.24507e-05 1.22065e-05 1.19653e-05 1.17272e-05 1.14923e-05 1.12605e-05 1.10319e-05 1.08065e-05 1.05843e-05 1.03654e-05 1.01498e-05 9.93743e-06 9.72838e-06 9.52261e-06 9.32014e-06 9.12095e-06 8.92505e-06 8.73241e-06 8.54303e-06 8.3569e-06 8.17399e-06 7.99429e-06 7.81778e-06 7.64443e-06 7.47422e-06 7.30712e-06 7.14311e-06 6.98215e-06 6.82423e-06 6.6693e-06 6.51733e-06 6.3683e-06 6.22216e-06 6.07889e-06 5.93844e-06 5.80079e-06 5.66589e-06 5.53371e-06 5.40421e-06 5.27736e-06 5.15311e-06 5.03142e-06 4.91227e-06 4.79561e-06 4.6814e-06 4.56961e-06 4.46019e-06 4.35311e-06 4.24833e-06 4.14581e-06 4.04551e-06 3.94739e-06 3.85142e-06 3.75756e-06 3.66578e-06 3.57602e-06 3.48827e-06 3.40247e-06 3.31861e-06 3.23663e-06 3.1565e-06 3.07819e-06 3.00167e-06 2.9269e-06 2.85384e-06 2.78246e-06 2.71274e-06 2.64463e-06 2.5781e-06 2.51313e-06 2.44967e-06 2.38771e-06 2.3272e-06 2.26812e-06 2.21044e-06 2.15414e-06 2.09917e-06 2.04551e-06 1.99314e-06 1.94203e-06 1.89215e-06 1.84347e-06 1.79597e-06 1.74962e-06 1.7044e-06 1.66028e-06 1.61724e-06 1.57525e-06 1.53429e-06 1.49434e-06 1.45537e-06
0.000105567 1.43668e-05 1.41196e-05 1.38739e-05 1.36298e-05 1.33875e-05 1.31471e-05 1.29087e-05 1.26724e-05 1.24383e-05 1.22065e-05 1.19771e-05 1.17501e-05 1.15256e-05 1.13037e-05 1.10845e-05 1.08679e-05 1.0654e-05 1.04429e-05 1.02347e-05 1.00292e-05 9.82658e-06 9.62684e-06 9.42999e-06 9.23604e-06 9.045e-06 8.85688e-06 8.67168e-06 8.48939e-06 8.31002e-06 8.13357e-06 7.96001e-06 7.78935e-06 7.62157e-06 7.45666e-06 7.2946e-06 7.13537e-06 6.97895e-06 6.82533e-06 6.67448e-06 6.52637e-06 6.38099e-06 6.2383e-06 6.09828e-06 5.9609e-06 5.82614e-06 5.69396e-06 5.56433e-06 5.43722e-06 5.31261e-06 5.19046e-06 5.07073e-06 4.9534e-06 4.83844e-06 4.7258e-06 4.61546e-06 4.50738e-06 4.40153e-06 4.29788e-06 4.19639e-06 4.09702e-06 3.99975e-06 3.90454e-06 3.81136e-06 3.72017e-06 3.63094e-06 3.54364e-06 3.45823e-06 3.37468e-06 3.29296e-06 3.21304e-06 3.13488e-06 3.05845e-06 2.98372e-06 2.91066e-06 2.83923e-06 2.76941e-06 2.70117e-06 2.63448e-06 2.5693e-06 2.5056e-06 2.44337e-06 2.38256e-06 2.32316e-06 2.26513e-06 2.20844e-06 2.15307e-06 2.09899e-06 2.04618e-06 1.99461e-06 1.94425e-06 1.89508e-06 1.84707e-06 1.8002e-06 1.75444e-06 1.70978e-06 1.66618e-06 1.62363e-06 1.5821e-06 1.54157e-06 1.50202e-06
0.000101847 1.39708e-05 1.37435e-05 1.35169e-05 1.32913e-05 1.30668e-05 1.28435e-05 1.26216e-05 1.24012e-05 1.21824e-05 1.19653e-05 1.17501e-05 1.15367e-05 1.13254e-05 1.11161e-05 1.09089e-05 1.0704e-05 1.05013e-05 1.0301e-05 1.0103e-05 9.90735e-06 9.7142e-06 9.52352e-06 9.33535e-06 9.14972e-06 8.96663e-06 8.78612e-06 8.60819e-06 8.43286e-06 8.26013e-06 8.09001e-06 7.92251e-06 7.75761e-06 7.59533e-06 7.43565e-06 7.27857e-06 7.12408e-06 6.97217e-06 6.82282e-06 6.67603e-06 6.53177e-06 6.39004e-06 6.2508e-06 6.11405e-06 5.97975e-06 5.8479e-06 5.71846e-06 5.59142e-06 5.46674e-06 5.34441e-06 5.22439e-06 5.10667e-06 4.99121e-06 4.87799e-06 4.76697e-06 4.65814e-06 4.55145e-06 4.44689e-06 4.34443e-06 4.24403e-06 4.14566e-06 4.0493e-06 3.95491e-06 3.86247e-06 3.77194e-06 3.6833e-06 3.59651e-06 3.51155e-06 3.42839e-06 3.34699e-06 3.26733e-06 3.18938e-06 3.1131e-06 3.03848e-06 2.96547e-06 2.89406e-06 2.82421e-06 2.7559e-06 2.68909e-06 2.62377e-06 2.55989e-06 2.49744e-06 2.43639e-06 2.37672e-06 2.31839e-06 2.26137e-06 2.20566e-06 2.15121e-06 2.098e-06 2.04602e-06 1.99523e-06 1.94561e-06 1.89714e-06 1.84979e-06 1.80355e-06 1.75838e-06 1.71427e-06 1.6712e-06 1.62914e-06 1.58807e-06 1.54797e-06
9.82585e-05 1.35849e-05 1.33764e-05 1.31681e-05 1.296e-05 1.27525e-05 1.25456e-05 1.23395e-05 1.21343e-05 1.19302e-05 1.17272e-05 1.15256e-05 1.13254e-05 1.11266e-05 1.09295e-05 1.0734e-05 1.05403e-05 1.03485e-05 1.01585e-05 9.97044e-06 9.78441e-06 9.60044e-06 9.41858e-06 9.23886e-06 9.06133e-06 8.88601e-06 8.71293e-06 8.54212e-06 8.3736e-06 8.20738e-06 8.04349e-06 7.88194e-06 7.72272e-06 7.56586e-06 7.41135e-06 7.2592e-06 7.1094e-06 6.96196e-06 6.81686e-06 6.67411e-06 6.53369e-06 6.39559e-06 6.25981e-06 6.12632e-06 5.99512e-06 5.8662e-06 5.73952e-06 5.61509e-06 5.49287e-06 5.37285e-06 5.25501e-06 5.13933e-06 5.02578e-06 4.91434e-06 4.805e-06 4.69772e-06 4.59249e-06 4.48927e-06 4.38804e-06 4.28879e-06 4.19147e-06 4.09607e-06 4.00257e-06 3.91092e-06 3.82112e-06 3.73312e-06 3.64692e-06 3.56246e-06 3.47975e-06 3.39873e-06 3.3194e-06 3.24171e-06 3.16565e-06 3.09119e-06 3.01831e-06 2.94696e-06 2.87714e-06 2.80881e-06 2.74196e-06 2.67654e-06 2.61254e-06 2.54993e-06 2.48869e-06 2.4288e-06 2.37022e-06 2.31293e-06 2.25691e-06 2.20214e-06 2.1486e-06 2.09625e-06 2.04507e-06 1.99505e-06 1.94617e-06 1.89839e-06 1.8517e-06 1.80607e-06 1.76149e-06 1.71793e-06 1.67537e-06 1.6338e-06 1.59319e-06
9.47962e-05 1.32089e-05 1.30183e-05 1.28273e-05 1.2636e-05 1.24446e-05 1.22534e-05 1.20623e-05 1.18717e-05 1.16817e-05 1.14923e-05 1.13037e-05 1.11161e-05 1.09295e-05 1.07441e-05 1.05599e-05 1.0377e-05 1.01956e-05 1.00156e-05 9.83726e-06 9.66052e-06 9.48547e-06 9.31218e-06 9.14069e-06 8.97105e-06 8.8033e-06 8.63749e-06 8.47364e-06 8.31179e-06 8.15196e-06 7.99418e-06 7.83847e-06 7.68484e-06 7.53332e-06 7.38391e-06 7.23663e-06 7.09148e-06 6.94846e-06 6.80758e-06 6.66884e-06 6.53224e-06 6.39777e-06 6.26544e-06 6.13523e-06 6.00713e-06 5.88114e-06 5.75725e-06 5.63545e-06 5.51571e-06 5.39804e-06 5.2824e-06 5.16879e-06 5.0572e-06 4.94759e-06 4.83996e-06 4.73428e-06 4.63054e-06 4.52872e-06 4.42879e-06 4.33073e-06 4.23452e-06 4.14014e-06 4.04757e-06 3.95678e-06 3.86775e-06 3.78047e-06 3.69489e-06 3.61101e-06 3.52879e-06 3.44822e-06 3.36926e-06 3.29191e-06 3.21612e-06 3.14188e-06 3.06917e-06 2.99795e-06 2.92822e-06 2.85993e-06 2.79307e-06 2.72762e-06 2.66355e-06 2.60084e-06 2.53946e-06 2.47939e-06 2.42062e-06 2.36311e-06 2.30684e-06 2.2518e-06 2.19795e-06 2.14529e-06 2.09378e-06 2.0434e-06 1.99414e-06 1.94597e-06 1.89887e-06 1.85283e-06 1.80781e-06 1.76381e-06 1.7208e-06 1.67876e-06 1.63767e-06
9.1456e-05 1.28425e-05 1.2669e-05 1.24944e-05 1.2319e-05 1.21431e-05 1.19667e-05 1.17901e-05 1.16134e-05 1.14368e-05 1.12605e-05 1.10845e-05 1.09089e-05 1.0734e-05 1.05599e-05 1.03865e-05 1.02142e-05 1.00428e-05 9.87258e-06 9.70356e-06 9.53582e-06 9.36944e-06 9.20447e-06 9.04098e-06 8.87903e-06 8.71867e-06 8.55995e-06 8.40291e-06 8.24758e-06 8.09401e-06 7.94223e-06 7.79226e-06 7.64413e-06 7.49787e-06 7.35349e-06 7.21102e-06 7.07046e-06 6.93182e-06 6.79513e-06 6.66037e-06 6.52757e-06 6.39672e-06 6.26783e-06 6.14088e-06 6.0159e-06 5.89286e-06 5.77176e-06 5.6526e-06 5.53537e-06 5.42006e-06 5.30666e-06 5.19516e-06 5.08555e-06 4.97781e-06 4.87194e-06 4.7679e-06 4.6657e-06 4.56531e-06 4.46672e-06 4.36991e-06 4.27486e-06 4.18155e-06 4.08996e-06 4.00008e-06 3.91189e-06 3.82536e-06 3.74047e-06 3.65721e-06 3.57555e-06 3.49548e-06 3.41696e-06 3.33999e-06 3.26453e-06 3.19057e-06 3.11808e-06 3.04705e-06 2.97745e-06 2.90926e-06 2.84245e-06 2.77702e-06 2.71293e-06 2.65016e-06 2.58869e-06 2.52851e-06 2.46958e-06 2.4119e-06 2.35543e-06 2.30016e-06 2.24607e-06 2.19313e-06 2.14132e-06 2.09063e-06 2.04104e-06 1.99252e-06 1.94506e-06 1.89864e-06 1.85323e-06 1.80882e-06 1.76539e-06 1.72293e-06 1.6814e-06
8.82334e-05 1.24855e-05 1.23281e-05 1.21692e-05 1.20091e-05 1.18478e-05 1.16857e-05 1.15229e-05 1.13595e-05 1.11958e-05 1.10319e-05 1.08679e-05 1.0704e-05 1.05403e-05 1.0377e-05 1.02142e-05 1.00519e-05 9.89027e-06 9.72944e-06 9.56947e-06 9.41046e-06 9.25247e-06 9.0956e-06 8.9399e-06 8.78543e-06 8.63227e-06 8.48047e-06 8.33008e-06 8.18113e-06 8.03369e-06 7.88779e-06 7.74346e-06 7.60074e-06 7.45965e-06 7.32023e-06 7.1825e-06 7.04648e-06 6.91218e-06 6.77963e-06 6.64883e-06 6.5198e-06 6.39255e-06 6.26709e-06 6.14341e-06 6.02153e-06 5.90144e-06 5.78315e-06 5.66665e-06 5.55194e-06 5.43902e-06 5.32788e-06 5.21852e-06 5.11093e-06 5.00509e-06 4.901e-06 4.79865e-06 4.69803e-06 4.59912e-06 4.50191e-06 4.40639e-06 4.31254e-06 4.22035e-06 4.1298e-06 4.04088e-06 3.95357e-06 3.86785e-06 3.7837e-06 3.70112e-06 3.62007e-06 3.54054e-06 3.46252e-06 3.38597e-06 3.3109e-06 3.23727e-06 3.16506e-06 3.09426e-06 3.02485e-06 2.9568e-06 2.89011e-06 2.82474e-06 2.76068e-06 2.6979e-06 2.6364e-06 2.57615e-06 2.51712e-06 2.45931e-06 2.40268e-06 2.34723e-06 2.29293e-06 2.23976e-06 2.18771e-06 2.13675e-06 2.08687e-06 2.03805e-06 1.99026e-06 1.9435e-06 1.89773e-06 1.85296e-06 1.80915e-06 1.76629e-06 1.72436e-06
8.51244e-05 1.21378e-05 1.19957e-05 1.18517e-05 1.1706e-05 1.15587e-05 1.14101e-05 1.12605e-05 1.11098e-05 1.09584e-05 1.08065e-05 1.0654e-05 1.05013e-05 1.03485e-05 1.01956e-05 1.00428e-05 9.89027e-06 9.73807e-06 9.58632e-06 9.43512e-06 9.28456e-06 9.13473e-06 8.9857e-06 8.83757e-06 8.6904e-06 8.54425e-06 8.3992e-06 8.2553e-06 8.1126e-06 7.97116e-06 7.83101e-06 7.69222e-06 7.55481e-06 7.41882e-06 7.28428e-06 7.15122e-06 7.01968e-06 6.88967e-06 6.76122e-06 6.63435e-06 6.50907e-06 6.3854e-06 6.26334e-06 6.14292e-06 6.02414e-06 5.90701e-06 5.79153e-06 5.6777e-06 5.56553e-06 5.45502e-06 5.34616e-06 5.23896e-06 5.1334e-06 5.0295e-06 4.92723e-06 4.8266e-06 4.72759e-06 4.6302e-06 4.53442e-06 4.44023e-06 4.34763e-06 4.2566e-06 4.16714e-06 4.07922e-06 3.99284e-06 3.90797e-06 3.82462e-06 3.74276e-06 3.66237e-06 3.58344e-06 3.50595e-06 3.4299e-06 3.35525e-06 3.282e-06 3.21012e-06 3.13961e-06 3.07043e-06 3.00258e-06 2.93604e-06 2.87079e-06 2.80681e-06 2.74408e-06 2.68258e-06 2.6223e-06 2.56323e-06 2.50533e-06 2.44859e-06 2.39301e-06 2.33854e-06 2.28519e-06 2.23293e-06 2.18174e-06 2.13161e-06 2.08252e-06 2.03445e-06 1.98739e-06 1.94131e-06 1.8962e-06 1.85204e-06 1.80883e-06 1.76653e-06
8.2125e-05 1.1799e-05 1.16715e-05 1.15416e-05 1.14096e-05 1.12757e-05 1.11401e-05 1.10029e-05 1.08645e-05 1.07249e-05 1.05843e-05 1.04429e-05 1.0301e-05 1.01585e-05 1.00156e-05 9.87258e-06 9.72944e-06 9.58632e-06 9.44335e-06 9.30063e-06 9.15825e-06 9.01632e-06 8.87492e-06 8.73414e-06 8.59406e-06 8.45475e-06 8.31628e-06 8.17871e-06 8.04211e-06 7.90654e-06 7.77205e-06 7.63868e-06 7.50648e-06 7.37549e-06 7.24576e-06 7.11732e-06 6.9902e-06 6.86443e-06 6.74004e-06 6.61705e-06 6.49549e-06 6.37537e-06 6.25671e-06 6.13954e-06 6.02385e-06 5.90967e-06 5.797e-06 5.68585e-06 5.57622e-06 5.46813e-06 5.36158e-06 5.25655e-06 5.15307e-06 5.05112e-06 4.95071e-06 4.85182e-06 4.75446e-06 4.65863e-06 4.5643e-06 4.47149e-06 4.38018e-06 4.29035e-06 4.20201e-06 4.11514e-06 4.02974e-06 3.94578e-06 3.86326e-06 3.78216e-06 3.70248e-06 3.6242e-06 3.5473e-06 3.47178e-06 3.39761e-06 3.32479e-06 3.25329e-06 3.18311e-06 3.11422e-06 3.04661e-06 2.98027e-06 2.91518e-06 2.85133e-06 2.78868e-06 2.72724e-06 2.66699e-06 2.6079e-06 2.54997e-06 2.49316e-06 2.43748e-06 2.3829e-06 2.3294e-06 2.27698e-06 2.2256e-06 2.17526e-06 2.12594e-06 2.07763e-06 2.0303e-06 1.98394e-06 1.93854e-06 1.89407e-06 1.85053e-06 1.8079e-06
7.92312e-05 1.1469e-05 1.13553e-05 1.12389e-05 1.11199e-05 1.09987e-05 1.08754e-05 1.07502e-05 1.06233e-05 1.0495e-05 1.03654e-05 1.02347e-05 1.0103e-05 9.97044e-06 9.83726e-06 9.70356e-06 9.56947e-06 9.43512e-06 9.30063e-06 9.1661e-06 9.03165e-06 8.89738e-06 8.76338e-06 8.62974e-06 8.49655e-06 8.36389e-06 8.23184e-06 8.10046e-06 7.96982e-06 7.83999e-06 7.71102e-06 7.58297e-06 7.45589e-06 7.32982e-06 7.20482e-06 7.08092e-06 6.95816e-06 6.83657e-06 6.7162e-06 6.59705e-06 6.47918e-06 6.36259e-06 6.24731e-06 6.13336e-06 6.02076e-06 5.90952e-06 5.79966e-06 5.69119e-06 5.58412e-06 5.47847e-06 5.37422e-06 5.2714e-06 5.17e-06 5.07004e-06 4.9715e-06 4.87439e-06 4.77871e-06 4.68446e-06 4.59164e-06 4.50023e-06 4.41024e-06 4.32166e-06 4.23448e-06 4.14871e-06 4.06431e-06 3.9813e-06 3.89966e-06 3.81938e-06 3.74045e-06 3.66286e-06 3.5866e-06 3.51165e-06 3.43801e-06 3.36566e-06 3.29459e-06 3.22478e-06 3.15622e-06 3.08891e-06 3.02281e-06 2.95793e-06 2.89424e-06 2.83174e-06 2.7704e-06 2.71021e-06 2.65115e-06 2.59322e-06 2.53639e-06 2.48066e-06 2.426e-06 2.3724e-06 2.31985e-06 2.26832e-06 2.21781e-06 2.1683e-06 2.11978e-06 2.07222e-06 2.02562e-06 1.97996e-06 1.93522e-06 1.89139e-06 1.84846e-06
7.64394e-05 1.11477e-05 1.10471e-05 1.09433e-05 1.08368e-05 1.07276e-05 1.0616e-05 1.05022e-05 1.03865e-05 1.02689e-05 1.01498e-05 1.00292e-05 9.90735e-06 9.78441e-06 9.66052e-06 9.53582e-06 9.41046e-06 9.28456e-06 9.15825e-06 9.03165e-06 8.90487e-06 8.77802e-06 8.65119e-06 8.52449e-06 8.398e-06 8.27182e-06 8.14601e-06 8.02067e-06 7.89585e-06 7.77163e-06 7.64807e-06 7.52523e-06 7.40317e-06 7.28194e-06 7.16158e-06 7.04215e-06 6.92369e-06 6.80623e-06 6.68982e-06 6.57448e-06 6.46025e-06 6.34716e-06 6.23524e-06 6.1245e-06 6.01497e-06 5.90667e-06 5.79962e-06 5.69383e-06 5.58932e-06 5.4861e-06 5.38419e-06 5.28358e-06 5.18429e-06 5.08632e-06 4.98968e-06 4.89438e-06 4.80041e-06 4.70777e-06 4.61647e-06 4.52651e-06 4.43788e-06 4.35058e-06 4.2646e-06 4.17995e-06 4.09661e-06 4.01459e-06 3.93387e-06 3.85444e-06 3.77631e-06 3.69945e-06 3.62387e-06 3.54954e-06 3.47647e-06 3.40463e-06 3.33403e-06 3.26464e-06 3.19646e-06 3.12948e-06 3.06368e-06 2.99905e-06 2.93557e-06 2.87324e-06 2.81204e-06 2.75196e-06 2.69298e-06 2.63509e-06 2.57828e-06 2.52254e-06 2.46784e-06 2.41418e-06 2.36154e-06 2.3099e-06 2.25926e-06 2.2096e-06 2.1609e-06 2.11316e-06 2.06635e-06 2.02046e-06 1.97548e-06 1.93139e-06 1.88819e-06
7.3746e-05 1.08347e-05 1.07465e-05 1.06548e-05 1.056e-05 1.04623e-05 1.03619e-05 1.0259e-05 1.01538e-05 1.00466e-05 9.93743e-06 9.82658e-06 9.7142e-06 9.60044e-06 9.48547e-06 9.36944e-06 9.25247e-06 9.13473e-06 9.01632e-06 8.89738e-06 8.77802e-06 8.65835e-06 8.53848e-06 8.41851e-06 8.29854e-06 8.17865e-06 8.05893e-06 7.93947e-06 7.82033e-06 7.70159e-06 7.58333e-06 7.46559e-06 7.34845e-06 7.23196e-06 7.11617e-06 7.00114e-06 6.88691e-06 6.77352e-06 6.66102e-06 6.54945e-06 6.43883e-06 6.32921e-06 6.22061e-06 6.11306e-06 6.00659e-06 5.90122e-06 5.79697e-06 5.69386e-06 5.59191e-06 5.49114e-06 5.39155e-06 5.29317e-06 5.196e-06 5.10005e-06 5.00533e-06 4.91185e-06 4.81961e-06 4.72862e-06 4.63887e-06 4.55038e-06 4.46314e-06 4.37715e-06 4.29242e-06 4.20893e-06 4.12668e-06 4.04568e-06 3.96592e-06 3.88739e-06 3.81009e-06 3.734e-06 3.65914e-06 3.58547e-06 3.51301e-06 3.44173e-06 3.37164e-06 3.30272e-06 3.23496e-06 3.16835e-06 3.10288e-06 3.03854e-06 2.97532e-06 2.9132e-06 2.85219e-06 2.79225e-06 2.73339e-06 2.67559e-06 2.61884e-06 2.56312e-06 2.50842e-06 2.45473e-06 2.40204e-06 2.35034e-06 2.2996e-06 2.24982e-06 2.20099e-06 2.15309e-06 2.1061e-06 2.06002e-06 2.01484e-06 1.97053e-06 1.92709e-06
7.11475e-05 1.053e-05 1.04535e-05 1.03733e-05 1.02896e-05 1.02028e-05 1.0113e-05 1.00204e-05 9.92536e-06 9.82794e-06 9.72838e-06 9.62684e-06 9.52352e-06 9.41858e-06 9.31218e-06 9.20447e-06 9.0956e-06 8.9857e-06 8.87492e-06 8.76338e-06 8.65119e-06 8.53848e-06 8.42536e-06 8.31192e-06 8.19827e-06 8.08451e-06 7.97071e-06 7.85698e-06 7.74338e-06 7.63e-06 7.51691e-06 7.40417e-06 7.29185e-06 7.18001e-06 7.06871e-06 6.958e-06 6.84794e-06 6.73856e-06 6.62993e-06 6.52207e-06 6.41502e-06 6.30883e-06 6.20353e-06 6.09915e-06 5.99572e-06 5.89326e-06 5.7918e-06 5.69137e-06 5.59198e-06 5.49365e-06 5.3964e-06 5.30025e-06 5.20522e-06 5.1113e-06 5.01852e-06 4.92688e-06 4.8364e-06 4.74707e-06 4.65891e-06 4.57191e-06 4.48609e-06 4.40144e-06 4.31797e-06 4.23568e-06 4.15457e-06 4.07462e-06 3.99585e-06 3.91826e-06 3.84182e-06 3.76655e-06 3.69244e-06 3.61948e-06 3.54767e-06 3.47699e-06 3.40745e-06 3.33903e-06 3.27172e-06 3.20553e-06 3.14043e-06 3.07642e-06 3.0135e-06 2.95164e-06 2.89085e-06 2.8311e-06 2.7724e-06 2.71472e-06 2.65806e-06 2.60241e-06 2.54775e-06 2.49407e-06 2.44137e-06 2.38962e-06 2.33883e-06 2.28897e-06 2.24003e-06 2.19201e-06 2.14489e-06 2.09865e-06 2.05329e-06 2.00879e-06 1.96515e-06
6.86405e-05 1.02333e-05 1.01678e-05 1.00985e-05 1.00254e-05 9.94892e-06 9.86922e-06 9.78654e-06 9.70107e-06 9.61304e-06 9.52261e-06 9.42999e-06 9.33535e-06 9.23886e-06 9.14069e-06 9.04098e-06 8.9399e-06 8.83757e-06 8.73414e-06 8.62974e-06 8.52449e-06 8.41851e-06 8.31192e-06 8.20482e-06 8.09731e-06 7.9895e-06 7.88147e-06 7.77332e-06 7.66513e-06 7.55697e-06 7.44893e-06 7.34108e-06 7.23349e-06 7.12621e-06 7.01931e-06 6.91285e-06 6.80689e-06 6.70147e-06 6.59664e-06 6.49245e-06 6.38893e-06 6.28614e-06 6.18411e-06 6.08287e-06 5.98245e-06 5.88289e-06 5.78421e-06 5.68644e-06 5.58961e-06 5.49373e-06 5.39882e-06 5.30491e-06 5.21202e-06 5.12015e-06 5.02932e-06 4.93954e-06 4.85083e-06 4.76318e-06 4.67663e-06 4.59116e-06 4.50678e-06 4.4235e-06 4.34133e-06 4.26027e-06 4.18031e-06 4.10146e-06 4.02372e-06 3.94708e-06 3.87156e-06 3.79713e-06 3.72381e-06 3.65159e-06 3.58046e-06 3.51042e-06 3.44147e-06 3.37359e-06 3.30678e-06 3.24104e-06 3.17635e-06 3.11272e-06 3.05012e-06 2.98856e-06 2.92803e-06 2.86851e-06 2.81e-06 2.75248e-06 2.69595e-06 2.6404e-06 2.58582e-06 2.53219e-06 2.47951e-06 2.42776e-06 2.37694e-06 2.32704e-06 2.27804e-06 2.22992e-06 2.18269e-06 2.13633e-06 2.09083e-06 2.04617e-06 2.00235e-06
6.62219e-05 9.94442e-06 9.88943e-06 9.83031e-06 9.76729e-06 9.70062e-06 9.63052e-06 9.55721e-06 9.48092e-06 9.40183e-06 9.32014e-06 9.23604e-06 9.14972e-06 9.06133e-06 8.97105e-06 8.87903e-06 8.78543e-06 8.6904e-06 8.59406e-06 8.49655e-06 8.398e-06 8.29854e-06 8.19827e-06 8.09731e-06 7.99577e-06 7.89374e-06 7.79132e-06 7.6886e-06 7.58567e-06 7.48262e-06 7.37952e-06 7.27645e-06 7.17348e-06 7.07067e-06 6.96809e-06 6.86581e-06 6.76387e-06 6.66234e-06 6.56126e-06 6.46069e-06 6.36067e-06 6.26124e-06 6.16244e-06 6.06431e-06 5.96689e-06 5.8702e-06 5.77429e-06 5.67918e-06 5.58489e-06 5.49146e-06 5.39889e-06 5.30723e-06 5.21648e-06 5.12666e-06 5.03779e-06 4.94989e-06 4.86297e-06 4.77703e-06 4.6921e-06 4.60817e-06 4.52527e-06 4.44338e-06 4.36254e-06 4.28272e-06 4.20395e-06 4.12622e-06 4.04954e-06 3.97391e-06 3.89932e-06 3.82578e-06 3.75329e-06 3.68184e-06 3.61143e-06 3.54206e-06 3.47373e-06 3.40643e-06 3.34015e-06 3.2749e-06 3.21066e-06 3.14744e-06 3.08521e-06 3.02398e-06 2.96374e-06 2.90449e-06 2.8462e-06 2.78889e-06 2.73252e-06 2.67711e-06 2.62264e-06 2.56909e-06 2.51647e-06 2.46476e-06 2.41395e-06 2.36403e-06 2.31499e-06 2.26682e-06 2.21952e-06 2.17306e-06 2.12745e-06 2.08266e-06 2.03869e-06
6.38885e-05 9.6632e-06 9.6181e-06 9.56867e-06 9.51516e-06 9.45779e-06 9.39681e-06 9.33243e-06 9.26486e-06 9.1943e-06 9.12095e-06 9.045e-06 8.96663e-06 8.88601e-06 8.8033e-06 8.71867e-06 8.63227e-06 8.54425e-06 8.45475e-06 8.36389e-06 8.27182e-06 8.17865e-06 8.08451e-06 7.9895e-06 7.89374e-06 7.79732e-06 7.70035e-06 7.60293e-06 7.50513e-06 7.40706e-06 7.30878e-06 7.21038e-06 7.11193e-06 7.0135e-06 6.91516e-06 6.81697e-06 6.719e-06 6.62129e-06 6.52391e-06 6.42691e-06 6.33033e-06 6.23421e-06 6.13862e-06 6.04357e-06 5.94912e-06 5.85529e-06 5.76213e-06 5.66966e-06 5.57791e-06 5.48691e-06 5.39669e-06 5.30727e-06 5.21867e-06 5.13092e-06 5.04402e-06 4.958e-06 4.87288e-06 4.78867e-06 4.70537e-06 4.62302e-06 4.5416e-06 4.46114e-06 4.38164e-06 4.30311e-06 4.22555e-06 4.14897e-06 4.07338e-06 3.99877e-06 3.92515e-06 3.85252e-06 3.78089e-06 3.71025e-06 3.64059e-06 3.57193e-06 3.50426e-06 3.43757e-06 3.37186e-06 3.30713e-06 3.24338e-06 3.18059e-06 3.11877e-06 3.05791e-06 2.998e-06 2.93904e-06 2.88102e-06 2.82394e-06 2.76778e-06 2.71254e-06 2.65821e-06 2.60478e-06 2.55225e-06 2.5006e-06 2.44983e-06 2.39993e-06 2.35089e-06 2.3027e-06 2.25535e-06 2.20883e-06 2.16314e-06 2.11825e-06 2.07417e-06
6.16373e-05 9.38945e-06 9.35368e-06 9.31342e-06 9.2689e-06 9.22036e-06 9.16803e-06 9.11213e-06 9.05286e-06 8.99044e-06 8.92505e-06 8.85688e-06 8.78612e-06 8.71293e-06 8.63749e-06 8.55995e-06 8.48047e-06 8.3992e-06 8.31628e-06 8.23184e-06 8.14601e-06 8.05893e-06 7.97071e-06 7.88147e-06 7.79132e-06 7.70035e-06 7.60868e-06 7.5164e-06 7.42361e-06 7.33038e-06 7.23681e-06 7.14297e-06 7.04895e-06 6.95481e-06 6.86062e-06 6.76645e-06 6.67237e-06 6.57842e-06 6.48468e-06 6.39119e-06 6.29801e-06 6.20517e-06 6.11274e-06 6.02075e-06 5.92924e-06 5.83825e-06 5.74781e-06 5.65797e-06 5.56875e-06 5.48019e-06 5.3923e-06 5.30512e-06 5.21868e-06 5.13298e-06 5.04807e-06 4.96394e-06 4.88064e-06 4.79816e-06 4.71652e-06 4.63574e-06 4.55584e-06 4.47682e-06 4.39869e-06 4.32146e-06 4.24514e-06 4.16974e-06 4.09526e-06 4.02171e-06 3.94909e-06 3.8774e-06 3.80666e-06 3.73685e-06 3.66798e-06 3.60006e-06 3.53307e-06 3.46703e-06 3.40192e-06 3.33775e-06 3.27451e-06 3.21221e-06 3.15082e-06 3.09036e-06 3.03082e-06 2.97219e-06 2.91447e-06 2.85765e-06 2.80173e-06 2.74669e-06 2.69254e-06 2.63926e-06 2.58685e-06 2.5353e-06 2.48461e-06 2.43476e-06 2.38574e-06 2.33756e-06 2.2902e-06 2.24365e-06 2.1979e-06 2.15295e-06 2.10878e-06
5.94655e-05 9.12299e-06 9.09602e-06 9.06442e-06 9.02841e-06 8.98823e-06 8.94411e-06 8.89626e-06 8.84489e-06 8.79021e-06 8.73241e-06 8.67168e-06 8.60819e-06 8.54212e-06 8.47364e-06 8.40291e-06 8.33008e-06 8.2553e-06 8.17871e-06 8.10046e-06 8.02067e-06 7.93947e-06 7.85698e-06 7.77332e-06 7.6886e-06 7.60293e-06 7.5164e-06 7.42913e-06 7.3412e-06 7.2527e-06 7.16372e-06 7.07434e-06 6.98464e-06 6.89469e-06 6.80457e-06 6.71435e-06 6.62408e-06 6.53384e-06 6.44367e-06 6.35364e-06 6.26381e-06 6.17421e-06 6.0849e-06 5.99593e-06 5.90733e-06 5.81915e-06 5.73143e-06 5.6442e-06 5.55749e-06 5.47135e-06 5.38579e-06 5.30085e-06 5.21656e-06 5.13293e-06 5.05e-06 4.96778e-06 4.88629e-06 4.80556e-06 4.72559e-06 4.64642e-06 4.56804e-06 4.49047e-06 4.41373e-06 4.33783e-06 4.26277e-06 4.18857e-06 4.11523e-06 4.04276e-06 3.97117e-06 3.90045e-06 3.83062e-06 3.76168e-06 3.69363e-06 3.62647e-06 3.56021e-06 3.49484e-06 3.43036e-06 3.36678e-06 3.30409e-06 3.24229e-06 3.18138e-06 3.12135e-06 3.06221e-06 3.00394e-06 2.94655e-06 2.89003e-06 2.83437e-06 2.77957e-06 2.72563e-06 2.67253e-06 2.62028e-06 2.56886e-06 2.51827e-06 2.4685e-06 2.41955e-06 2.3714e-06 2.32405e-06 2.2775e-06 2.23173e-06 2.18673e-06 2.14251e-06
5.73701e-05 8.86365e-06 8.84498e-06 8.82154e-06 8.79357e-06 8.7613e-06 8.72496e-06 8.68476e-06 8.64091e-06 8.5936e-06 8.54303e-06 8.48939e-06 8.43286e-06 8.3736e-06 8.31179e-06 8.24758e-06 8.18113e-06 8.1126e-06 8.04211e-06 7.96982e-06 7.89585e-06 7.82033e-06 7.74338e-06 7.66513e-06 7.58567e-06 7.50513e-06 7.42361e-06 7.3412e-06 7.258e-06 7.1741e-06 7.0896e-06 7.00457e-06 6.9191e-06 6.83325e-06 6.74712e-06 6.66075e-06 6.57424e-06 6.48762e-06 6.40098e-06 6.31436e-06 6.22782e-06 6.14142e-06 6.05519e-06 5.9692e-06 5.88349e-06 5.79809e-06 5.71306e-06 5.62842e-06 5.54421e-06 5.46048e-06 5.37724e-06 5.29454e-06 5.21239e-06 5.13083e-06 5.04988e-06 4.96957e-06 4.88991e-06 4.81093e-06 4.73265e-06 4.65508e-06 4.57825e-06 4.50216e-06 4.42682e-06 4.35227e-06 4.27849e-06 4.20551e-06 4.13333e-06 4.06197e-06 3.99142e-06 3.9217e-06 3.85282e-06 3.78477e-06 3.71756e-06 3.6512e-06 3.58569e-06 3.52102e-06 3.45721e-06 3.39425e-06 3.33213e-06 3.27087e-06 3.21046e-06 3.1509e-06 3.09218e-06 3.03431e-06 2.97728e-06 2.92109e-06 2.86573e-06 2.8112e-06 2.75749e-06 2.70461e-06 2.65254e-06 2.60128e-06 2.55082e-06 2.50116e-06 2.4523e-06 2.40422e-06 2.35691e-06 2.31038e-06 2.26462e-06 2.21961e-06 2.17536e-06
5.53486e-05 8.61127e-06 8.6004e-06 8.58466e-06 8.56429e-06 8.53951e-06 8.51053e-06 8.47759e-06 8.44087e-06 8.40057e-06 8.3569e-06 8.31002e-06 8.26013e-06 8.20738e-06 8.15196e-06 8.09401e-06 8.03369e-06 7.97116e-06 7.90654e-06 7.83999e-06 7.77163e-06 7.70159e-06 7.63e-06 7.55697e-06 7.48262e-06 7.40706e-06 7.33038e-06 7.2527e-06 7.1741e-06 7.09469e-06 7.01455e-06 6.93377e-06 6.85242e-06 6.77059e-06 6.68835e-06 6.60577e-06 6.52293e-06 6.43988e-06 6.35669e-06 6.27343e-06 6.19014e-06 6.10688e-06 6.0237e-06 5.94066e-06 5.85779e-06 5.77515e-06 5.69278e-06 5.61071e-06 5.52899e-06 5.44765e-06 5.36673e-06 5.28625e-06 5.20624e-06 5.12675e-06 5.04779e-06 4.96938e-06 4.89156e-06 4.81434e-06 4.73775e-06 4.66181e-06 4.58652e-06 4.51192e-06 4.43801e-06 4.36481e-06 4.29234e-06 4.2206e-06 4.14961e-06 4.07937e-06 4.0099e-06 3.9412e-06 3.87328e-06 3.80615e-06 3.73981e-06 3.67427e-06 3.60954e-06 3.5456e-06 3.48248e-06 3.42016e-06 3.35866e-06 3.29796e-06 3.23808e-06 3.17901e-06 3.12076e-06 3.06331e-06 3.00667e-06 2.95083e-06 2.8958e-06 2.84157e-06 2.78813e-06 2.73548e-06 2.68363e-06 2.63256e-06 2.58226e-06 2.53275e-06 2.484e-06 2.43601e-06 2.38878e-06 2.3423e-06 2.29657e-06 2.25158e-06 2.20732e-06
5.33984e-05 8.36566e-06 8.36213e-06 8.35365e-06 8.34045e-06 8.32274e-06 8.30075e-06 8.27468e-06 8.24473e-06 8.21111e-06 8.17399e-06 8.13357e-06 8.09001e-06 8.04349e-06 7.99418e-06 7.94223e-06 7.88779e-06 7.83101e-06 7.77205e-06 7.71102e-06 7.64807e-06 7.58333e-06 7.51691e-06 7.44893e-06 7.37952e-06 7.30878e-06 7.23681e-06 7.16372e-06 7.0896e-06 7.01455e-06 6.93866e-06 6.86201e-06 6.7847e-06 6.70679e-06 6.62836e-06 6.54949e-06 6.47025e-06 6.3907e-06 6.31091e-06 6.23093e-06 6.15084e-06 6.07068e-06 5.99051e-06 5.91038e-06 5.83033e-06 5.75042e-06 5.67068e-06 5.59116e-06 5.5119e-06 5.43294e-06 5.35431e-06 5.27605e-06 5.19819e-06 5.12075e-06 5.04377e-06 4.96728e-06 4.89129e-06 4.81584e-06 4.74095e-06 4.66664e-06 4.59292e-06 4.51981e-06 4.44734e-06 4.37552e-06 4.30436e-06 4.23388e-06 4.16409e-06 4.095e-06 4.02662e-06 3.95897e-06 3.89204e-06 3.82585e-06 3.76041e-06 3.69572e-06 3.63178e-06 3.56861e-06 3.5062e-06 3.44455e-06 3.38368e-06 3.32359e-06 3.26426e-06 3.20572e-06 3.14794e-06 3.09095e-06 3.03472e-06 2.97928e-06 2.9246e-06 2.87069e-06 2.81755e-06 2.76518e-06 2.71356e-06 2.66271e-06 2.61261e-06 2.56326e-06 2.51465e-06 2.46679e-06 2.41966e-06 2.37326e-06 2.32759e-06 2.28264e-06 2.2384e-06
5.15168e-05 8.12667e-06 8.13004e-06 8.12839e-06 8.12194e-06 8.11092e-06 8.09552e-06 8.07597e-06 8.05245e-06 8.02516e-06 7.99429e-06 7.96001e-06 7.92251e-06 7.88194e-06 7.83847e-06 7.79226e-06 7.74346e-06 7.69222e-06 7.63868e-06 7.58297e-06 7.52523e-06 7.46559e-06 7.40417e-06 7.34108e-06 7.27645e-06 7.21038e-06 7.14297e-06 7.07434e-06 7.00457e-06 6.93377e-06 6.86201e-06 6.7894e-06 6.71602e-06 6.64194e-06 6.56724e-06 6.49199e-06 6.41628e-06 6.34016e-06 6.2637e-06 6.18697e-06 6.11002e-06 6.03291e-06 5.9557e-06 5.87844e-06 5.80117e-06 5.72396e-06 5.64683e-06 5.56984e-06 5.49302e-06 5.41642e-06 5.34008e-06 5.26402e-06 5.18828e-06 5.1129e-06 5.0379e-06 4.96332e-06 4.88917e-06 4.81549e-06 4.7423e-06 4.66963e-06 4.59748e-06 4.52589e-06 4.45487e-06 4.38444e-06 4.31461e-06 4.2454e-06 4.17683e-06 4.10891e-06 4.04164e-06 3.97505e-06 3.90913e-06 3.84391e-06 3.77938e-06 3.71556e-06 3.65245e-06 3.59006e-06 3.52839e-06 3.46745e-06 3.40724e-06 3.34776e-06 3.28902e-06 3.23102e-06 3.17376e-06 3.11724e-06 3.06147e-06 3.00643e-06 2.95214e-06 2.89858e-06 2.84577e-06 2.79369e-06 2.74235e-06 2.69173e-06 2.64185e-06 2.59269e-06 2.54426e-06 2.49654e-06 2.44954e-06 2.40325e-06 2.35766e-06 2.31278e-06 2.26858e-06
4.97016e-05 7.89414e-06 7.90398e-06 7.90875e-06 7.90867e-06 7.90395e-06 7.89479e-06 7.88141e-06 7.86398e-06 7.84271e-06 7.81778e-06 7.78935e-06 7.75761e-06 7.72272e-06 7.68484e-06 7.64413e-06 7.60074e-06 7.55481e-06 7.50648e-06 7.45589e-06 7.40317e-06 7.34845e-06 7.29185e-06 7.23349e-06 7.17348e-06 7.11193e-06 7.04895e-06 6.98464e-06 6.9191e-06 6.85242e-06 6.7847e-06 6.71602e-06 6.64647e-06 6.57612e-06 6.50507e-06 6.43337e-06 6.36111e-06 6.28836e-06 6.21517e-06 6.14162e-06 6.06776e-06 5.99366e-06 5.91936e-06 5.84493e-06 5.77041e-06 5.69585e-06 5.62131e-06 5.54682e-06 5.47242e-06 5.39817e-06 5.32409e-06 5.25022e-06 5.1766e-06 5.10327e-06 5.03024e-06 4.95757e-06 4.88526e-06 4.81335e-06 4.74187e-06 4.67083e-06 4.60027e-06 4.53019e-06 4.46063e-06 4.3916e-06 4.32312e-06 4.2552e-06 4.18787e-06 4.12112e-06 4.05499e-06 3.98947e-06 3.92459e-06 3.86035e-06 3.79676e-06 3.73383e-06 3.67157e-06 3.60998e-06 3.54908e-06 3.48886e-06 3.42933e-06 3.3705e-06 3.31237e-06 3.25495e-06 3.19823e-06 3.14221e-06 3.08691e-06 3.03231e-06 2.97843e-06 2.92525e-06 2.87279e-06 2.82103e-06 2.76998e-06 2.71964e-06 2.67e-06 2.62107e-06 2.57283e-06 2.52528e-06 2.47843e-06 2.43227e-06 2.3868e-06 2.342e-06 2.29788e-06
