0.704269 0.00526467 0.00459868 0.00401694 0.00350879 0.00306492 0.0026772 0.00233853 0.0020427 0.00178429 0.00155858 0.00136141 0.00118919 0.00103876 0.00090735 0.000792569 0.000692307 0.000604729 0.000528229 0.000461407 0.000403038 0.000352053 0.000307517 0.000268616 0.000234635 0.000204953 0.000179026 0.000156379 0.000136597 0.000119317 0.000104223 9.10386e-05 7.95221e-05 6.94623e-05 6.06752e-05 5.29996e-05 4.62951e-05 4.04386e-05 3.53231e-05 3.08546e-05 2.69514e-05 2.3542e-05 2.05639e-05 1.79625e-05 1.56902e-05 1.37054e-05 1.19716e-05 1.04572e-05 9.13433e-06 7.97881e-06 6.96948e-06 6.08782e-06 5.3177e-06 4.645e-06 4.0574e-06 3.54413e-06 3.09579e-06 2.70416e-06 2.36208e-06 2.06327e-06 1.80226e-06 1.57427e-06 1.37512e-06 1.20117e-06 1.04922e-06 9.16489e-07 8.00551e-07 6.9928e-07 6.10819e-07 5.33549e-07 4.66054e-07 4.07097e-07 3.55598e-07 3.10614e-07 2.71321e-07 2.36998e-07 2.07018e-07 1.80829e-07 1.57954e-07 1.37973e-07 1.20519e-07 1.05273e-07 9.19556e-08 8.0323e-08 7.01619e-08 6.12863e-08 5.35335e-08 4.67614e-08 4.08459e-08 3.56788e-08 3.11654e-08 2.72229e-08 2.37791e-08 2.0771e-08 1.81434e-08 1.58483e-08 1.38434e-08 1.20922e-08 1.05625e-08 9.22633e-09 8.05917e-09
0.00526467 0.00122941 0.00111254 0.00100556 0.000907845 0.000818761 0.000737687 0.000664023 0.000597191 0.000536642 0.000481855 0.000432341 0.000387644 0.000347337 0.000311024 0.00027834 0.000248948 0.000222538 0.000198826 0.000177553 0.000158479 0.00014139 0.000126089 0.000112396 0.00010015 8.9203e-05 7.94233e-05 7.06904e-05 6.2896e-05 5.59423e-05 4.97415e-05 4.42142e-05 3.92894e-05 3.4903e-05 3.09977e-05 2.75218e-05 2.44294e-05 2.16789e-05 1.92333e-05 1.70596e-05 1.5128e-05 1.34122e-05 1.18883e-05 1.05354e-05 9.33454e-06 8.26889e-06 7.32347e-06 6.48493e-06 5.74134e-06 5.08211e-06 4.49779e-06 3.97998e-06 3.52119e-06 3.1148e-06 2.75487e-06 2.43616e-06 2.154e-06 1.90424e-06 1.6832e-06 1.48762e-06 1.31458e-06 1.16151e-06 1.02614e-06 9.06423e-07 8.00577e-07 7.07005e-07 6.24296e-07 5.51198e-07 4.86604e-07 4.29532e-07 3.79112e-07 3.34575e-07 2.9524e-07 2.60502e-07 2.29828e-07 2.02746e-07 1.78838e-07 1.57735e-07 1.39109e-07 1.22671e-07 1.08165e-07 9.53671e-08 8.40758e-08 7.41151e-08 6.53291e-08 5.75799e-08 5.07459e-08 4.47194e-08 3.94056e-08 3.47206e-08 3.05903e-08 2.69494e-08 2.37401e-08 2.09115e-08 1.84186e-08 1.62218e-08 1.42861e-08 1.25805e-08 1.10778e-08 9.75398e-09 8.58782e-09
0.00459868 0.00111254 0.00101459 0.000923897 0.000840164 0.000763048 0.000692187 0.000627208 0.000567736 0.0005134 0.000463836 0.000418692 0.000377631 0.000340332 0.000306491 0.000275821 0.000248055 0.000222943 0.000200252 0.000179767 0.000161288 0.000144633 0.000129632 0.000116131 0.000103988 9.30735e-05 8.32687e-05 7.44662e-05 6.65678e-05 5.94846e-05 5.31355e-05 4.74473e-05 4.23535e-05 3.77941e-05 3.37148e-05 3.00665e-05 2.68049e-05 2.38903e-05 2.12866e-05 1.89615e-05 1.68859e-05 1.50337e-05 1.33814e-05 1.19078e-05 1.05939e-05 9.42293e-06 8.3795e-06 7.45001e-06 6.62224e-06 5.88524e-06 5.22922e-06 4.64543e-06 4.12603e-06 3.66403e-06 3.25318e-06 2.88789e-06 2.56318e-06 2.2746e-06 2.01818e-06 1.79038e-06 1.58804e-06 1.40836e-06 1.24882e-06 1.1072e-06 9.81491e-07 8.69936e-07 7.70955e-07 6.83145e-07 6.05257e-07 5.3618e-07 4.74927e-07 4.2062e-07 3.72477e-07 3.29806e-07 2.91989e-07 2.58479e-07 2.28789e-07 2.02487e-07 1.7919e-07 1.58556e-07 1.40284e-07 1.24105e-07 1.0978e-07 9.70999e-08 8.58758e-08 7.59419e-08 6.71508e-08 5.93719e-08 5.24894e-08 4.64006e-08 4.10146e-08 3.62506e-08 3.20372e-08 2.83112e-08 2.50165e-08 2.21034e-08 1.9528e-08 1.72514e-08 1.52389e-08 1.34602e-08 1.18883e-08
0.00401694 0.00100556 0.000923897 0.000847365 0.000775904 0.000709396 0.000647676 0.000590553 0.000537809 0.000489215 0.000444534 0.000403525 0.000365951 0.000331577 0.000300176 0.000271531 0.000245431 0.000221679 0.000200088 0.00018048 0.000162692 0.000146569 0.000131968 0.000118757 0.000106812 9.60201e-05 8.62768e-05 7.74861e-05 6.95599e-05 6.24176e-05 5.59855e-05 5.01961e-05 4.4988e-05 4.03053e-05 3.6097e-05 3.23168e-05 2.89228e-05 2.58768e-05 2.31442e-05 2.06939e-05 1.84975e-05 1.65295e-05 1.47667e-05 1.31884e-05 1.17756e-05 1.05115e-05 9.38076e-06 8.36962e-06 7.4657e-06 6.65788e-06 5.93613e-06 5.29147e-06 4.71582e-06 4.20192e-06 3.74326e-06 3.33401e-06 2.96893e-06 2.64332e-06 2.35299e-06 2.09418e-06 1.8635e-06 1.65795e-06 1.47482e-06 1.3117e-06 1.16644e-06 1.0371e-06 9.21959e-07 8.19477e-07 7.28279e-07 6.47136e-07 5.74951e-07 5.10747e-07 4.53651e-07 4.02883e-07 3.57749e-07 3.1763e-07 2.81975e-07 2.5029e-07 2.22139e-07 1.9713e-07 1.74917e-07 1.55188e-07 1.37669e-07 1.22114e-07 1.08304e-07 9.60457e-08 8.51658e-08 7.55104e-08 6.69428e-08 5.93412e-08 5.25976e-08 4.66158e-08 4.13102e-08 3.6605e-08 3.24327e-08 2.87333e-08 2.54536e-08 2.25462e-08 1.99691e-08 1.7685e-08 1.56609e-08
0.00350879 0.000907845 0.000840164 0.000775904 0.000715184 0.00065805 0.000604489 0.000554446 0.000507827 0.000464515 0.000424373 0.000387253 0.000352995 0.000321439 0.000292421 0.00026578 0.000241358 0.000219 0.000198559 0.000179892 0.000162866 0.000147351 0.000133229 0.000120387 0.000108718 9.81249e-05 8.85162e-05 7.9807e-05 7.19188e-05 6.47791e-05 5.83213e-05 5.24839e-05 4.72105e-05 4.24493e-05 3.81531e-05 3.42784e-05 3.07856e-05 2.76388e-05 2.48049e-05 2.2254e-05 1.99589e-05 1.78948e-05 1.60391e-05 1.43716e-05 1.28736e-05 1.15285e-05 1.03211e-05 9.23768e-06 8.26581e-06 7.3943e-06 6.61303e-06 5.91288e-06 5.28561e-06 4.72379e-06 4.22074e-06 3.77044e-06 3.36745e-06 3.00691e-06 2.68442e-06 2.39604e-06 2.13822e-06 1.90778e-06 1.70185e-06 1.51788e-06 1.35355e-06 1.2068e-06 1.07577e-06 9.5881e-07 8.54425e-07 7.61281e-07 6.78183e-07 6.04062e-07 5.3796e-07 4.7902e-07 4.26475e-07 3.79639e-07 3.37898e-07 3.00706e-07 2.6757e-07 2.38054e-07 2.11766e-07 1.88356e-07 1.67513e-07 1.48958e-07 1.32442e-07 1.17743e-07 1.04663e-07 9.30247e-08 8.26713e-08 7.34619e-08 6.5271e-08 5.79871e-08 5.15105e-08 4.57524e-08 4.06337e-08 3.60839e-08 3.20403e-08 2.8447e-08 2.52542e-08 2.24175e-08 1.98976e-08
0.00306492 0.000818761 0.000763048 0.000709396 0.00065805 0.000609176 0.000562875 0.00051919 0.000478127 0.000439652 0.000403711 0.000370224 0.0003391 0.000310236 0.000283522 0.000258845 0.000236087 0.000215134 0.000195871 0.000178186 0.000161971 0.000147122 0.000133539 0.000121128 0.000109799 9.94675e-05 9.00546e-05 8.14858e-05 7.36919e-05 6.66082e-05 6.01749e-05 5.43363e-05 4.90411e-05 4.42418e-05 3.98946e-05 3.59593e-05 3.23988e-05 2.91794e-05 2.62697e-05 2.36414e-05 2.12683e-05 1.91268e-05 1.7195e-05 1.54533e-05 1.38835e-05 1.24693e-05 1.11958e-05 1.00494e-05 9.01776e-06 8.08978e-06 7.25532e-06 6.50521e-06 5.83115e-06 5.22561e-06 4.6818e-06 4.19358e-06 3.75539e-06 3.36222e-06 3.00953e-06 2.69325e-06 2.4097e-06 2.15554e-06 1.9278e-06 1.72378e-06 1.54104e-06 1.37741e-06 1.23093e-06 1.09982e-06 9.82495e-07 8.77532e-07 7.83647e-07 6.99687e-07 6.24618e-07 5.57512e-07 4.97536e-07 4.43941e-07 3.96059e-07 3.53287e-07 3.15087e-07 2.80976e-07 2.50522e-07 2.23337e-07 1.99074e-07 1.77423e-07 1.58105e-07 1.40872e-07 1.25501e-07 1.11792e-07 9.95688e-08 8.86708e-08 7.89559e-08 7.02969e-08 6.25801e-08 5.57039e-08 4.95776e-08 4.412e-08 3.92588e-08 3.49294e-08 3.10741e-08 2.76413e-08 2.45852e-08
0.0026772 0.000737687 0.000692187 0.000647676 0.000604489 0.000562875 0.000523011 0.000485021 0.000448977 0.000414916 0.000382843 0.000352735 0.000324554 0.000298245 0.00027374 0.000250966 0.000229842 0.000210285 0.000192209 0.000175528 0.000160157 0.000146013 0.000133014 0.000121083 0.000110144 0.000100125 9.09579e-05 8.25788e-05 7.49268e-05 6.79448e-05 6.15793e-05 5.57804e-05 5.05018e-05 4.57e-05 4.13351e-05 3.73698e-05 3.37699e-05 3.05037e-05 2.75418e-05 2.48575e-05 2.24261e-05 2.02248e-05 1.82328e-05 1.64312e-05 1.48025e-05 1.33307e-05 1.20013e-05 1.0801e-05 9.71779e-06 8.74054e-06 7.85925e-06 7.06479e-06 6.34887e-06 5.70394e-06 5.12315e-06 4.60031e-06 4.12978e-06 3.70645e-06 3.32571e-06 2.98338e-06 2.67567e-06 2.39915e-06 2.15073e-06 1.92762e-06 1.72728e-06 1.54745e-06 1.38605e-06 1.24124e-06 1.11134e-06 9.94851e-07 8.904e-07 7.9677e-07 7.12856e-07 6.37667e-07 5.70309e-07 5.09979e-07 4.55955e-07 4.07586e-07 3.6429e-07 3.25541e-07 2.90868e-07 2.59848e-07 2.32102e-07 2.07287e-07 1.85098e-07 1.65261e-07 1.47529e-07 1.31681e-07 1.1752e-07 1.04867e-07 9.35643e-08 8.34688e-08 7.44531e-08 6.64028e-08 5.92155e-08 5.27997e-08 4.70734e-08 4.1963e-08 3.74031e-08 3.33348e-08 2.97056e-08
0.00233853 0.000664023 0.000627208 0.000590553 0.000554446 0.00051919 0.000485021 0.000452112 0.00042059 0.000390541 0.000362014 0.000335034 0.000309603 0.000285702 0.000263301 0.000242357 0.000222821 0.000204635 0.000187739 0.000172069 0.00015756 0.000144146 0.000131763 0.000120348 0.000109836 0.00010017 9.12897e-05 8.31409e-05 7.56705e-05 6.88287e-05 6.25681e-05 5.68444e-05 5.16158e-05 4.68431e-05 4.249e-05 3.85222e-05 3.49082e-05 3.16187e-05 2.86263e-05 2.59058e-05 2.3434e-05 2.11895e-05 1.91523e-05 1.73044e-05 1.56289e-05 1.41105e-05 1.27352e-05 1.149e-05 1.03631e-05 9.34365e-06 8.42184e-06 7.58865e-06 6.83583e-06 6.15589e-06 5.542e-06 4.98794e-06 4.48805e-06 4.03719e-06 3.63067e-06 3.26426e-06 2.9341e-06 2.6367e-06 2.36887e-06 2.12776e-06 1.91075e-06 1.7155e-06 1.53986e-06 1.38191e-06 1.2399e-06 1.11225e-06 9.97546e-07 8.94494e-07 8.01932e-07 7.18812e-07 6.44187e-07 5.77204e-07 5.17093e-07 4.6316e-07 4.1478e-07 3.7139e-07 3.32484e-07 2.97605e-07 2.66341e-07 2.38324e-07 2.13221e-07 1.90732e-07 1.7059e-07 1.52552e-07 1.36401e-07 1.21942e-07 1.09001e-07 9.74196e-08 8.70567e-08 7.77855e-08 6.94924e-08 6.20753e-08 5.54426e-08 4.95123e-08 4.42108e-08 3.9472e-08 3.52368e-08
0.0020427 0.000597191 0.000567736 0.000537809 0.000507827 0.000478127 0.000448977 0.00042059 0.000393128 0.000366711 0.000341425 0.000317327 0.000294451 0.000272809 0.000252398 0.000233202 0.000215197 0.000198346 0.00018261 0.000167945 0.000154303 0.000141634 0.000129887 0.000119011 0.000108956 9.96726e-05 9.11111e-05 8.3225e-05 7.59689e-05 6.92994e-05 6.31752e-05 5.75568e-05 5.24072e-05 4.76911e-05 4.33756e-05 3.94297e-05 3.58245e-05 3.25328e-05 2.95295e-05 2.67909e-05 2.42955e-05 2.20229e-05 1.99545e-05 1.8073e-05 1.63623e-05 1.48079e-05 1.33961e-05 1.21145e-05 1.09516e-05 9.89697e-06 8.94085e-06 8.07446e-06 7.28969e-06 6.57914e-06 5.93605e-06 5.35423e-06 4.82804e-06 4.35233e-06 3.92241e-06 3.534e-06 3.18321e-06 2.8665e-06 2.58065e-06 2.32273e-06 2.09008e-06 1.88029e-06 1.69117e-06 1.52072e-06 1.36714e-06 1.22881e-06 1.10424e-06 9.92084e-07 8.91139e-07 8.00303e-07 7.18584e-07 6.45083e-07 5.7899e-07 5.19571e-07 4.66164e-07 4.1817e-07 3.75051e-07 3.3632e-07 3.01536e-07 2.70304e-07 2.42266e-07 2.17102e-07 1.94519e-07 1.74259e-07 1.56084e-07 1.39783e-07 1.25166e-07 1.1206e-07 1.00312e-07 8.97832e-08 8.03477e-08 7.18938e-08 6.43205e-08 5.75371e-08 5.14622e-08 4.60227e-08 4.11527e-08
0.00178429 0.000536642 0.0005134 0.000489215 0.000464515 0.000439652 0.000414916 0.000390541 0.000366711 0.000343572 0.000321236 0.000299784 0.000279272 0.000259737 0.000241199 0.000223663 0.000207122 0.00019156 0.000176956 0.000163279 0.000150498 0.000138577 0.000127476 0.000117156 0.000107577 9.86985e-05 9.04801e-05 8.28823e-05 7.58666e-05 6.93958e-05 6.34338e-05 5.79463e-05 5.29003e-05 4.82645e-05 4.40094e-05 4.01068e-05 3.65305e-05 3.32556e-05 3.0259e-05 2.75188e-05 2.5015e-05 2.27284e-05 2.06417e-05 1.87384e-05 1.70035e-05 1.54228e-05 1.39836e-05 1.26738e-05 1.14823e-05 1.03991e-05 9.41469e-06 8.52051e-06 7.70866e-06 6.97186e-06 6.30346e-06 5.69735e-06 5.14794e-06 4.65012e-06 4.19922e-06 3.79096e-06 3.42143e-06 3.08708e-06 2.78466e-06 2.51121e-06 2.26403e-06 2.04067e-06 1.83889e-06 1.65667e-06 1.49216e-06 1.34367e-06 1.20968e-06 1.08881e-06 9.79807e-07 8.81527e-07 7.92939e-07 7.13106e-07 6.41182e-07 5.76397e-07 5.18057e-07 4.65533e-07 4.18255e-07 3.75709e-07 3.3743e-07 3.02997e-07 2.72029e-07 2.44184e-07 2.19152e-07 1.96654e-07 1.76436e-07 1.58271e-07 1.41953e-07 1.27298e-07 1.14138e-07 1.02323e-07 9.1717e-08 8.21984e-08 7.36569e-08 6.59934e-08 5.91189e-08 5.29532e-08 4.74239e-08
0.00155858 0.000481855 0.000463836 0.000444534 0.000424373 0.000403711 0.000382843 0.000362014 0.000341425 0.000321236 0.000301575 0.000282541 0.000264209 0.000246632 0.000229848 0.000213876 0.000198729 0.000184403 0.000170893 0.000158181 0.000146247 0.000135068 0.000124615 0.000114859 0.000105767 9.73091e-05 8.94512e-05 8.2161e-05 7.54062e-05 6.91551e-05 6.33768e-05 5.80412e-05 5.31197e-05 4.85844e-05 4.4409e-05 4.05684e-05 3.70387e-05 3.37974e-05 3.08233e-05 2.80963e-05 2.55978e-05 2.33101e-05 2.12169e-05 1.93029e-05 1.75537e-05 1.59561e-05 1.44979e-05 1.31676e-05 1.19547e-05 1.08492e-05 9.84235e-06 8.92565e-06 8.09145e-06 7.33267e-06 6.64279e-06 6.01583e-06 5.44629e-06 4.92912e-06 4.45969e-06 4.03375e-06 3.64742e-06 3.29714e-06 2.97967e-06 2.69202e-06 2.43149e-06 2.19559e-06 1.98207e-06 1.78886e-06 1.61408e-06 1.45603e-06 1.31314e-06 1.184e-06 1.06731e-06 9.61908e-07 8.66723e-07 7.80787e-07 7.03223e-07 6.33232e-07 5.7009e-07 5.13141e-07 4.6179e-07 4.15496e-07 3.73772e-07 3.36174e-07 3.02303e-07 2.71795e-07 2.44322e-07 2.19587e-07 1.97322e-07 1.77285e-07 1.59255e-07 1.43036e-07 1.28447e-07 1.15328e-07 1.03532e-07 9.29288e-08 8.33985e-08 7.48342e-08 6.71394e-08 6.0227e-08 5.40184e-08
0.00136141 0.000432341 0.000418692 0.000403525 0.000387253 0.000370224 0.000352735 0.000335034 0.000317327 0.000299784 0.000282541 0.000265711 0.00024938 0.000233614 0.000218463 0.000203962 0.000190132 0.000176985 0.000164525 0.000152747 0.00014164 0.000131191 0.000121381 0.000112189 0.00010359 9.55614e-05 8.80758e-05 8.11071e-05 7.46285e-05 6.86135e-05 6.30356e-05 5.78693e-05 5.30894e-05 4.86716e-05 4.45926e-05 4.08299e-05 3.73623e-05 3.41693e-05 3.12316e-05 2.8531e-05 2.60502e-05 2.3773e-05 2.16841e-05 1.97693e-05 1.80152e-05 1.64094e-05 1.49401e-05 1.35966e-05 1.23687e-05 1.12472e-05 1.02234e-05 9.28921e-06 8.43724e-06 7.66062e-06 6.95302e-06 6.30859e-06 5.72196e-06 5.18817e-06 4.70266e-06 4.26124e-06 3.86007e-06 3.49561e-06 3.16463e-06 2.86417e-06 2.5915e-06 2.34414e-06 2.11982e-06 1.91646e-06 1.73216e-06 1.56518e-06 1.41395e-06 1.27702e-06 1.15307e-06 1.04091e-06 9.39439e-07 8.47669e-07 7.64693e-07 6.89689e-07 6.21909e-07 5.60671e-07 5.05358e-07 4.5541e-07 4.10316e-07 3.69614e-07 3.32886e-07 2.9975e-07 2.69862e-07 2.42909e-07 2.18609e-07 1.96704e-07 1.76963e-07 1.59176e-07 1.43152e-07 1.2872e-07 1.15724e-07 1.04023e-07 9.34895e-08 8.40097e-08 7.54795e-08 6.78049e-08 6.09015e-08
0.00118919 0.000387644 0.000377631 0.000365951 0.000352995 0.0003391 0.000324554 0.000309603 0.000294451 0.000279272 0.000264209 0.00024938 0.000234879 0.000220782 0.000207148 0.00019402 0.000181431 0.000169401 0.000157944 0.000147063 0.000136757 0.000127021 0.000117843 0.00010921 0.000101104 9.35085e-05 8.64018e-05 7.97636e-05 7.3572e-05 6.78052e-05 6.24409e-05 5.74574e-05 5.2833e-05 4.85467e-05 4.45779e-05 4.09069e-05 3.75146e-05 3.43826e-05 3.14937e-05 2.8831e-05 2.6379e-05 2.41226e-05 2.20479e-05 2.01415e-05 1.8391e-05 1.67847e-05 1.53117e-05 1.39617e-05 1.27252e-05 1.15934e-05 1.05579e-05 9.61099e-06 8.74563e-06 7.95517e-06 7.23347e-06 6.57487e-06 5.97412e-06 5.4264e-06 4.92723e-06 4.47251e-06 4.05845e-06 3.68157e-06 3.33866e-06 3.02678e-06 2.74323e-06 2.48552e-06 2.25139e-06 2.03875e-06 1.8457e-06 1.67048e-06 1.5115e-06 1.3673e-06 1.23655e-06 1.11803e-06 1.01063e-06 9.13324e-07 8.25198e-07 7.45405e-07 6.73177e-07 6.07814e-07 5.48678e-07 4.95191e-07 4.46825e-07 4.031e-07 3.63581e-07 3.2787e-07 2.9561e-07 2.66472e-07 2.40161e-07 2.16408e-07 1.94968e-07 1.7562e-07 1.58165e-07 1.42419e-07 1.28219e-07 1.15415e-07 1.03872e-07 9.34686e-08 8.40932e-08 7.56461e-08 6.80368e-08
0.00103876 0.000347337 0.000340332 0.000331577 0.000321439 0.000310236 0.000298245 0.000285702 0.000272809 0.000259737 0.000246632 0.000233614 0.000220782 0.000208218 0.000195985 0.000184136 0.000172709 0.000161733 0.000151228 0.000141205 0.000131671 0.000122625 0.000114064 0.00010598 9.83629e-05 9.11989e-05 8.44736e-05 7.81707e-05 7.2273e-05 6.67628e-05 6.16217e-05 5.68314e-05 5.23736e-05 4.823e-05 4.43829e-05 4.08148e-05 3.7509e-05 3.4449e-05 3.16193e-05 2.90048e-05 2.65913e-05 2.4365e-05 2.23131e-05 2.04234e-05 1.86842e-05 1.70847e-05 1.56147e-05 1.42646e-05 1.30253e-05 1.18884e-05 1.08462e-05 9.89117e-06 9.0166e-06 8.2161e-06 7.48379e-06 6.81418e-06 6.20221e-06 5.64318e-06 5.13274e-06 4.66687e-06 4.24187e-06 3.85431e-06 3.50104e-06 3.17915e-06 2.88598e-06 2.61906e-06 2.37612e-06 2.1551e-06 1.95409e-06 1.77134e-06 1.60525e-06 1.45434e-06 1.31728e-06 1.19283e-06 1.07986e-06 9.77359e-07 8.84369e-07 8.00038e-07 7.2358e-07 6.54278e-07 5.91482e-07 5.34594e-07 4.83073e-07 4.36423e-07 3.94196e-07 3.55981e-07 3.21406e-07 2.90131e-07 2.61847e-07 2.36275e-07 2.1316e-07 1.9227e-07 1.73395e-07 1.56345e-07 1.40946e-07 1.27041e-07 1.14488e-07 1.03158e-07 9.29334e-08 8.37082e-08 7.53864e-08
0.00090735 0.000311024 0.000306491 0.000300176 0.000292421 0.000283522 0.00027374 0.000263301 0.000252398 0.000241199 0.000229848 0.000218463 0.000207148 0.000195985 0.000185044 0.000174381 0.000164039 0.000154052 0.000144447 0.00013524 0.000126443 0.000118063 0.0001101 0.000102552 9.5414e-05 8.86774e-05 8.23319e-05 7.63656e-05 7.07653e-05 6.55169e-05 6.06055e-05 5.60161e-05 5.17331e-05 4.77411e-05 4.40247e-05 4.05689e-05 3.73589e-05 3.43801e-05 3.16187e-05 2.90612e-05 2.66946e-05 2.45066e-05 2.24853e-05 2.06196e-05 1.88987e-05 1.73126e-05 1.58518e-05 1.45072e-05 1.32704e-05 1.21336e-05 1.10892e-05 1.01303e-05 9.25044e-06 8.44354e-06 7.70393e-06 7.02636e-06 6.40595e-06 5.83814e-06 5.31873e-06 4.84381e-06 4.40977e-06 4.01326e-06 3.65119e-06 3.3207e-06 3.01917e-06 2.74417e-06 2.49346e-06 2.26498e-06 2.05683e-06 1.86727e-06 1.69471e-06 1.53768e-06 1.39481e-06 1.26489e-06 1.14677e-06 1.03941e-06 9.41872e-07 8.53275e-07 7.72825e-07 6.99794e-07 6.33516e-07 5.73384e-07 5.18843e-07 4.69386e-07 4.24551e-07 3.83916e-07 3.47098e-07 3.13745e-07 2.83539e-07 2.5619e-07 2.31433e-07 2.09028e-07 1.88756e-07 1.70417e-07 1.53832e-07 1.38835e-07 1.25278e-07 1.13025e-07 1.01952e-07 9.19479e-08 8.29115e-08
0.000792569 0.00027834 0.000275821 0.000271531 0.00026578 0.000258845 0.000250966 0.000242357 0.000233202 0.000223663 0.000213876 0.000203962 0.00019402 0.000184136 0.000174381 0.000164812 0.000155479 0.000146418 0.000137659 0.000129224 0.00012113 0.000113386 0.000106 9.89721e-05 9.23017e-05 8.59846e-05 8.00144e-05 7.43829e-05 6.90805e-05 6.40962e-05 5.94184e-05 5.50348e-05 5.09325e-05 4.70987e-05 4.35203e-05 4.01842e-05 3.70775e-05 3.41876e-05 3.15021e-05 2.9009e-05 2.66967e-05 2.4554e-05 2.25702e-05 2.0735e-05 1.90386e-05 1.74718e-05 1.60256e-05 1.46918e-05 1.34625e-05 1.23302e-05 1.1288e-05 1.03292e-05 9.44777e-06 8.63786e-06 7.8941e-06 7.21146e-06 6.58526e-06 6.01111e-06 5.48496e-06 5.00303e-06 4.5618e-06 4.15802e-06 3.78868e-06 3.45099e-06 3.14236e-06 2.86041e-06 2.60294e-06 2.36792e-06 2.15346e-06 1.95785e-06 1.77948e-06 1.61691e-06 1.46878e-06 1.33385e-06 1.21099e-06 1.09916e-06 9.974e-07 9.04828e-07 8.20643e-07 7.44108e-07 6.74548e-07 6.11345e-07 5.53935e-07 5.01802e-07 4.54472e-07 4.11516e-07 3.72538e-07 3.3718e-07 3.05113e-07 2.76039e-07 2.49684e-07 2.258e-07 2.0416e-07 1.84558e-07 1.66806e-07 1.50733e-07 1.36183e-07 1.23015e-07 1.111e-07 1.00321e-07 9.05725e-08
0.000692307 0.000248948 0.000248055 0.000245431 0.000241358 0.000236087 0.000229842 0.000222821 0.000215197 0.000207122 0.000198729 0.000190132 0.000181431 0.000172709 0.000164039 0.000155479 0.000147079 0.00013888 0.000130915 0.000123208 0.000115779 0.000108643 0.000101809 9.52823e-05 8.90653e-05 8.31573e-05 7.75553e-05 7.22542e-05 6.72476e-05 6.25274e-05 5.80847e-05 5.39096e-05 4.9992e-05 4.6321e-05 4.28857e-05 3.9675e-05 3.66776e-05 3.38828e-05 3.12794e-05 2.8857e-05 2.66052e-05 2.45139e-05 2.25735e-05 2.07745e-05 1.91081e-05 1.75658e-05 1.61394e-05 1.48212e-05 1.36037e-05 1.24802e-05 1.14441e-05 1.04891e-05 9.60943e-06 8.79969e-06 8.05473e-06 7.36976e-06 6.74029e-06 6.16213e-06 5.63137e-06 5.14437e-06 4.69774e-06 4.28834e-06 3.91322e-06 3.56968e-06 3.25519e-06 2.96742e-06 2.70421e-06 2.46356e-06 2.24362e-06 2.0427e-06 1.85921e-06 1.6917e-06 1.53884e-06 1.3994e-06 1.27224e-06 1.15632e-06 1.05068e-06 9.54439e-07 8.6679e-07 7.86991e-07 7.14361e-07 6.48275e-07 5.88161e-07 5.33495e-07 4.83797e-07 4.38629e-07 3.97588e-07 3.60307e-07 3.26451e-07 2.95713e-07 2.67812e-07 2.42494e-07 2.19524e-07 1.98689e-07 1.79797e-07 1.62669e-07 1.47144e-07 1.33076e-07 1.2033e-07 1.08785e-07 9.83298e-08
0.000604729 0.000222538 0.000222943 0.000221679 0.000219 0.000215134 0.000210285 0.000204635 0.000198346 0.00019156 0.000184403 0.000176985 0.000169401 0.000161733 0.000154052 0.000146418 0.00013888 0.000131482 0.000124257 0.000117233 0.000110433 0.000103873 9.75661e-05 9.152e-05 8.57401e-05 8.02287e-05 7.49856e-05 7.00085e-05 6.52935e-05 6.08351e-05 5.66269e-05 5.26614e-05 4.89303e-05 4.54251e-05 4.21365e-05 3.90552e-05 3.61718e-05 3.34768e-05 3.09607e-05 2.86141e-05 2.6428e-05 2.43932e-05 2.25012e-05 2.07434e-05 1.91119e-05 1.75987e-05 1.61964e-05 1.48979e-05 1.36964e-05 1.25855e-05 1.1559e-05 1.06111e-05 9.7365e-06 8.92989e-06 8.18648e-06 7.50173e-06 6.87136e-06 6.29138e-06 5.75804e-06 5.26785e-06 4.81754e-06 4.40408e-06 4.02464e-06 3.67656e-06 3.35742e-06 3.06493e-06 2.79698e-06 2.55161e-06 2.32702e-06 2.12153e-06 1.93359e-06 1.76176e-06 1.60472e-06 1.46126e-06 1.33024e-06 1.21063e-06 1.10146e-06 1.00187e-06 9.11046e-07 8.28236e-07 7.5276e-07 6.83989e-07 6.21347e-07 5.64304e-07 5.12375e-07 4.65115e-07 4.22116e-07 3.83005e-07 3.4744e-07 3.15107e-07 2.85721e-07 2.59021e-07 2.34765e-07 2.12737e-07 1.92737e-07 1.74581e-07 1.58105e-07 1.43155e-07 1.29594e-07 1.17295e-07 1.06144e-07
0.000528229 0.000198826 0.000200252 0.000200088 0.000198559 0.000195871 0.000192209 0.000187739 0.00018261 0.000176956 0.000170893 0.000164525 0.000157944 0.000151228 0.000144447 0.000137659 0.000130915 0.000124257 0.000117721 0.000111337 0.000105127 9.9112e-05 9.33053e-05 8.7718e-05 8.23576e-05 7.72286e-05 7.23334e-05 6.7672e-05 6.32426e-05 5.90422e-05 5.50662e-05 5.13093e-05 4.77652e-05 4.44269e-05 4.12872e-05 3.83382e-05 3.5572e-05 3.29805e-05 3.05555e-05 2.82889e-05 2.61726e-05 2.41986e-05 2.23593e-05 2.0647e-05 1.90543e-05 1.75743e-05 1.62001e-05 1.49251e-05 1.37431e-05 1.26482e-05 1.16346e-05 1.0697e-05 9.83023e-06 9.02947e-06 8.29016e-06 7.60801e-06 6.97897e-06 6.39923e-06 5.86522e-06 5.37361e-06 4.92127e-06 4.50526e-06 4.12287e-06 3.77155e-06 3.44891e-06 3.15277e-06 2.88106e-06 2.63187e-06 2.40344e-06 2.19412e-06 2.00239e-06 1.82685e-06 1.66619e-06 1.5192e-06 1.38477e-06 1.26186e-06 1.14954e-06 1.04693e-06 9.53216e-07 8.67656e-07 7.89567e-07 7.1832e-07 6.53335e-07 5.9408e-07 5.40066e-07 4.90844e-07 4.46001e-07 4.0516e-07 3.67974e-07 3.34125e-07 3.03321e-07 2.75297e-07 2.49808e-07 2.2663e-07 2.0556e-07 1.86409e-07 1.69009e-07 1.53201e-07 1.38845e-07 1.2581e-07 1.13976e-07
0.000461407 0.000177553 0.000179767 0.00018048 0.000179892 0.000178186 0.000175528 0.000172069 0.000167945 0.000163279 0.000158181 0.000152747 0.000147063 0.000141205 0.00013524 0.000129224 0.000123208 0.000117233 0.000111337 0.000105548 9.9892e-05 9.43894e-05 8.90563e-05 8.39051e-05 7.89454e-05 7.41836e-05 6.9624e-05 6.52685e-05 6.11174e-05 5.71694e-05 5.34219e-05 4.98713e-05 4.6513e-05 4.33418e-05 4.03517e-05 3.75365e-05 3.48896e-05 3.24042e-05 3.00732e-05 2.78897e-05 2.58466e-05 2.39369e-05 2.21537e-05 2.04904e-05 1.89402e-05 1.74968e-05 1.6154e-05 1.49058e-05 1.37466e-05 1.26707e-05 1.16729e-05 1.07483e-05 9.89203e-06 9.09961e-06 8.36675e-06 7.6894e-06 7.06374e-06 6.48617e-06 5.95329e-06 5.46193e-06 5.00909e-06 4.59198e-06 4.20797e-06 3.85461e-06 3.52962e-06 3.23086e-06 2.95633e-06 2.70419e-06 2.47271e-06 2.26029e-06 2.06545e-06 1.88679e-06 1.72305e-06 1.57303e-06 1.43563e-06 1.30985e-06 1.19474e-06 1.08943e-06 9.93129e-07 9.05088e-07 8.24627e-07 7.51119e-07 6.83984e-07 6.22689e-07 5.66743e-07 5.15695e-07 4.6913e-07 4.26667e-07 3.87955e-07 3.52673e-07 3.20526e-07 2.91243e-07 2.64577e-07 2.40299e-07 2.18202e-07 1.98095e-07 1.79803e-07 1.63166e-07 1.48038e-07 1.34286e-07 1.21787e-07
0.000403038 0.000158479 0.000161288 0.000162692 0.000162866 0.000161971 0.000160157 0.00015756 0.000154303 0.000150498 0.000146247 0.00014164 0.000136757 0.000131671 0.000126443 0.00012113 0.000115779 0.000110433 0.000105127 9.9892e-05 9.4753e-05 8.97314e-05 8.48446e-05 8.01065e-05 7.5528e-05 7.11172e-05 6.68797e-05 6.28193e-05 5.89379e-05 5.52357e-05 5.17117e-05 4.83639e-05 4.51892e-05 4.21837e-05 3.9343e-05 3.6662e-05 3.41355e-05 3.17577e-05 2.95227e-05 2.74246e-05 2.54572e-05 2.36145e-05 2.18904e-05 2.02789e-05 1.87741e-05 1.73702e-05 1.60618e-05 1.48433e-05 1.37094e-05 1.26553e-05 1.1676e-05 1.07668e-05 9.92343e-06 9.1416e-06 8.41733e-06 7.7468e-06 7.12643e-06 6.55281e-06 6.02273e-06 5.53318e-06 5.08131e-06 4.66444e-06 4.28007e-06 3.92585e-06 3.59957e-06 3.29918e-06 3.02276e-06 2.76851e-06 2.53475e-06 2.31994e-06 2.12262e-06 1.94144e-06 1.77516e-06 1.6226e-06 1.48269e-06 1.35443e-06 1.2369e-06 1.12923e-06 1.03064e-06 9.40389e-07 8.57802e-07 7.82254e-07 7.13168e-07 6.50011e-07 5.92293e-07 5.39562e-07 4.91401e-07 4.47429e-07 4.07293e-07 3.70667e-07 3.37256e-07 3.06785e-07 2.79003e-07 2.5368e-07 2.30605e-07 2.09582e-07 1.90435e-07 1.73e-07 1.57129e-07 1.42684e-07 1.29541e-07
0.000352053 0.00014139 0.000144633 0.000146569 0.000147351 0.000147122 0.000146013 0.000144146 0.000141634 0.000138577 0.000135068 0.000131191 0.000127021 0.000122625 0.000118063 0.000113386 0.000108643 0.000103873 9.9112e-05 9.43894e-05 8.97314e-05 8.51596e-05 8.06922e-05 7.63439e-05 7.21267e-05 6.805e-05 6.41206e-05 6.03436e-05 5.67223e-05 5.32582e-05 4.99518e-05 4.68023e-05 4.38078e-05 4.09659e-05 3.82732e-05 3.5726e-05 3.33199e-05 3.10504e-05 2.89126e-05 2.69013e-05 2.50115e-05 2.32378e-05 2.15749e-05 2.00176e-05 1.85605e-05 1.71987e-05 1.5927e-05 1.47406e-05 1.36346e-05 1.26045e-05 1.16459e-05 1.07544e-05 9.92607e-06 9.15686e-06 8.4431e-06 7.78123e-06 7.16788e-06 6.59986e-06 6.07413e-06 5.58784e-06 5.13829e-06 4.72294e-06 4.3394e-06 3.98541e-06 3.65887e-06 3.3578e-06 3.08035e-06 2.8248e-06 2.58952e-06 2.373e-06 2.17383e-06 1.99071e-06 1.82241e-06 1.6678e-06 1.52582e-06 1.39549e-06 1.2759e-06 1.16621e-06 1.06563e-06 9.73441e-07 8.88975e-07 8.11611e-07 7.40775e-07 6.75938e-07 6.16612e-07 5.62345e-07 5.12722e-07 4.67359e-07 4.25903e-07 3.88029e-07 3.53438e-07 3.21854e-07 2.93023e-07 2.66713e-07 2.42711e-07 2.20819e-07 2.00857e-07 1.8266e-07 1.66076e-07 1.50966e-07 1.37202e-07
0.000307517 0.000126089 0.000129632 0.000131968 0.000133229 0.000133539 0.000133014 0.000131763 0.000129887 0.000127476 0.000124615 0.000121381 0.000117843 0.000114064 0.0001101 0.000106 0.000101809 9.75661e-05 9.33053e-05 8.90563e-05 8.48446e-05 8.06922e-05 7.66174e-05 7.26358e-05 6.876e-05 6.50001e-05 6.13642e-05 5.78584e-05 5.44869e-05 5.12525e-05 4.81568e-05 4.52001e-05 4.23818e-05 3.97003e-05 3.71536e-05 3.47387e-05 3.24525e-05 3.02912e-05 2.82509e-05 2.63274e-05 2.45162e-05 2.28129e-05 2.12129e-05 1.97115e-05 1.83041e-05 1.69862e-05 1.57533e-05 1.4601e-05 1.35249e-05 1.2521e-05 1.1585e-05 1.07131e-05 9.90163e-06 9.14685e-06 8.44533e-06 7.79378e-06 7.18904e-06 6.62811e-06 6.10816e-06 5.62647e-06 5.18051e-06 4.76785e-06 4.38624e-06 4.03352e-06 3.70768e-06 3.40684e-06 3.1292e-06 2.87312e-06 2.63702e-06 2.41945e-06 2.21905e-06 2.03455e-06 1.86475e-06 1.70856e-06 1.56494e-06 1.43293e-06 1.31164e-06 1.20026e-06 1.09799e-06 1.00414e-06 9.18048e-07 8.39093e-07 7.66712e-07 7.0038e-07 6.39612e-07 5.8396e-07 5.33009e-07 4.86378e-07 4.43712e-07 4.04688e-07 3.69004e-07 3.36385e-07 3.06576e-07 2.79342e-07 2.54468e-07 2.31756e-07 2.11023e-07 1.92103e-07 1.7484e-07 1.59094e-07 1.44736e-07
0.000268616 0.000112396 0.000116131 0.000118757 0.000120387 0.000121128 0.000121083 0.000120348 0.000119011 0.000117156 0.000114859 0.000112189 0.00010921 0.00010598 0.000102552 9.89721e-05 9.52823e-05 9.152e-05 8.7718e-05 8.39051e-05 8.01065e-05 7.63439e-05 7.26358e-05 6.8998e-05 6.54435e-05 6.19833e-05 5.8626e-05 5.53785e-05 5.22461e-05 4.92325e-05 4.634e-05 4.35701e-05 4.0923e-05 3.83982e-05 3.59945e-05 3.37099e-05 3.15422e-05 2.94884e-05 2.75454e-05 2.57098e-05 2.39778e-05 2.23458e-05 2.08096e-05 1.93654e-05 1.80092e-05 1.67368e-05 1.55443e-05 1.44277e-05 1.33832e-05 1.2407e-05 1.14954e-05 1.06449e-05 9.85186e-06 9.1131e-06 8.42537e-06 7.78562e-06 7.19091e-06 6.63844e-06 6.12555e-06 5.64969e-06 5.20847e-06 4.79961e-06 4.42096e-06 4.07048e-06 3.74625e-06 3.44647e-06 3.16944e-06 2.91355e-06 2.67732e-06 2.45934e-06 2.25829e-06 2.07294e-06 1.90215e-06 1.74483e-06 1.59999e-06 1.46669e-06 1.34407e-06 1.23131e-06 1.12766e-06 1.03242e-06 9.44941e-07 8.6462e-07 7.90899e-07 7.23258e-07 6.61217e-07 6.04332e-07 5.52192e-07 5.04416e-07 4.60653e-07 4.20579e-07 3.83894e-07 3.50322e-07 3.19607e-07 2.91514e-07 2.65828e-07 2.42348e-07 2.20891e-07 2.01288e-07 1.83383e-07 1.67034e-07 1.5211e-07
0.000234635 0.00010015 0.000103988 0.000106812 0.000108718 0.000109799 0.000110144 0.000109836 0.000108956 0.000107577 0.000105767 0.00010359 0.000101104 9.83629e-05 9.5414e-05 9.23017e-05 8.90653e-05 8.57401e-05 8.23576e-05 7.89454e-05 7.5528e-05 7.21267e-05 6.876e-05 6.54435e-05 6.21907e-05 5.90129e-05 5.59192e-05 5.29172e-05 5.00128e-05 4.72104e-05 4.45132e-05 4.19234e-05 3.94421e-05 3.70696e-05 3.48054e-05 3.26486e-05 3.05973e-05 2.86497e-05 2.68032e-05 2.50551e-05 2.34024e-05 2.18419e-05 2.03703e-05 1.89841e-05 1.76799e-05 1.64542e-05 1.53033e-05 1.42239e-05 1.32123e-05 1.22653e-05 1.13795e-05 1.05516e-05 9.77854e-06 9.05718e-06 8.3846e-06 7.75796e-06 7.17455e-06 6.63175e-06 6.12709e-06 5.65818e-06 5.22277e-06 4.81871e-06 4.44397e-06 4.09663e-06 3.77485e-06 3.47693e-06 3.20124e-06 2.94625e-06 2.71053e-06 2.49273e-06 2.29159e-06 2.10592e-06 1.9346e-06 1.77661e-06 1.63096e-06 1.49675e-06 1.37313e-06 1.25932e-06 1.15457e-06 1.05821e-06 9.69591e-07 8.88129e-07 8.13271e-07 7.44506e-07 6.81361e-07 6.23397e-07 5.70207e-07 5.21413e-07 4.76668e-07 4.35647e-07 3.98054e-07 3.63612e-07 3.32067e-07 3.03184e-07 2.76746e-07 2.52553e-07 2.3042e-07 2.10178e-07 1.9167e-07 1.74753e-07 1.59293e-07
0.000204953 8.9203e-05 9.30735e-05 9.60201e-05 9.81249e-05 9.94675e-05 0.000100125 0.00010017 9.96726e-05 9.86985e-05 9.73091e-05 9.55614e-05 9.35085e-05 9.11989e-05 8.86774e-05 8.59846e-05 8.31573e-05 8.02287e-05 7.72286e-05 7.41836e-05 7.11172e-05 6.805e-05 6.50001e-05 6.19833e-05 5.90129e-05 5.61004e-05 5.32554e-05 5.04858e-05 4.7798e-05 4.51971e-05 4.26869e-05 4.02702e-05 3.79489e-05 3.57238e-05 3.35952e-05 3.15628e-05 2.96256e-05 2.77823e-05 2.6031e-05 2.43695e-05 2.27956e-05 2.13066e-05 1.98997e-05 1.8572e-05 1.73205e-05 1.61421e-05 1.50338e-05 1.39925e-05 1.3015e-05 1.20983e-05 1.12394e-05 1.04354e-05 9.68346e-06 8.98069e-06 8.32442e-06 7.71204e-06 7.14105e-06 6.60902e-06 6.11363e-06 5.65267e-06 5.22403e-06 4.82569e-06 4.45574e-06 4.11236e-06 3.79381e-06 3.49848e-06 3.22483e-06 2.97138e-06 2.73679e-06 2.51974e-06 2.31904e-06 2.13353e-06 1.96216e-06 1.80391e-06 1.65784e-06 1.52308e-06 1.39881e-06 1.28425e-06 1.17869e-06 1.08147e-06 9.91955e-07 9.09571e-07 8.33778e-07 7.64074e-07 6.99993e-07 6.41103e-07 5.87002e-07 5.37318e-07 4.91705e-07 4.49843e-07 4.11436e-07 3.76211e-07 3.43913e-07 3.14309e-07 2.87182e-07 2.62332e-07 2.39575e-07 2.1874e-07 1.9967e-07 1.82221e-07 1.66258e-07
0.000179026 7.94233e-05 8.32687e-05 8.62768e-05 8.85162e-05 9.00546e-05 9.09579e-05 9.12897e-05 9.11111e-05 9.04801e-05 8.94512e-05 8.80758e-05 8.64018e-05 8.44736e-05 8.23319e-05 8.00144e-05 7.75553e-05 7.49856e-05 7.23334e-05 6.9624e-05 6.68797e-05 6.41206e-05 6.13642e-05 5.8626e-05 5.59192e-05 5.32554e-05 5.06443e-05 4.80941e-05 4.56116e-05 4.32023e-05 4.08706e-05 3.86197e-05 3.64519e-05 3.4369e-05 3.23717e-05 3.04602e-05 2.86342e-05 2.68929e-05 2.5235e-05 2.36589e-05 2.21629e-05 2.07449e-05 1.94025e-05 1.81333e-05 1.69347e-05 1.58042e-05 1.4739e-05 1.37365e-05 1.27938e-05 1.19084e-05 1.10774e-05 1.02983e-05 9.56839e-06 8.8852e-06 8.24625e-06 7.64913e-06 7.09153e-06 6.57121e-06 6.08604e-06 5.63393e-06 5.21293e-06 4.82114e-06 4.45676e-06 4.1181e-06 3.80351e-06 3.51145e-06 3.24047e-06 2.98918e-06 2.75627e-06 2.54052e-06 2.34075e-06 2.15588e-06 1.98488e-06 1.82678e-06 1.68067e-06 1.54571e-06 1.4211e-06 1.3061e-06 1.20001e-06 1.10218e-06 1.012e-06 9.28913e-07 8.52383e-07 7.81922e-07 7.17072e-07 6.57408e-07 6.02536e-07 5.52087e-07 5.05722e-07 4.63124e-07 4.24e-07 3.88077e-07 3.55106e-07 3.24852e-07 2.97101e-07 2.71652e-07 2.48323e-07 2.26942e-07 2.07352e-07 1.89409e-07 1.72978e-07
0.000156379 7.06904e-05 7.44662e-05 7.74861e-05 7.9807e-05 8.14858e-05 8.25788e-05 8.31409e-05 8.3225e-05 8.28823e-05 8.2161e-05 8.11071e-05 7.97636e-05 7.81707e-05 7.63656e-05 7.43829e-05 7.22542e-05 7.00085e-05 6.7672e-05 6.52685e-05 6.28193e-05 6.03436e-05 5.78584e-05 5.53785e-05 5.29172e-05 5.04858e-05 4.80941e-05 4.57505e-05 4.3462e-05 4.12343e-05 3.90723e-05 3.69796e-05 3.49591e-05 3.30128e-05 3.1142e-05 2.93475e-05 2.76295e-05 2.59875e-05 2.44209e-05 2.29287e-05 2.15094e-05 2.01614e-05 1.8883e-05 1.7672e-05 1.65264e-05 1.54439e-05 1.44221e-05 1.34588e-05 1.25516e-05 1.1698e-05 1.08956e-05 1.01421e-05 9.43509e-06 8.77231e-06 8.15151e-06 7.57049e-06 7.02713e-06 6.51936e-06 6.0452e-06 5.60274e-06 5.19014e-06 4.80565e-06 4.44757e-06 4.11431e-06 3.80432e-06 3.51617e-06 3.24846e-06 2.99988e-06 2.76919e-06 2.55522e-06 2.35686e-06 2.17307e-06 2.00285e-06 1.84528e-06 1.6995e-06 1.56467e-06 1.44004e-06 1.32488e-06 1.21853e-06 1.12033e-06 1.02972e-06 9.46136e-07 8.69063e-07 7.98023e-07 7.32567e-07 6.7228e-07 6.16774e-07 5.65688e-07 5.18685e-07 4.75456e-07 4.3571e-07 3.99178e-07 3.65612e-07 3.34781e-07 3.0647e-07 2.80483e-07 2.56634e-07 2.34756e-07 2.1469e-07 1.96293e-07 1.79429e-07
0.000136597 6.2896e-05 6.65678e-05 6.95599e-05 7.19188e-05 7.36919e-05 7.49268e-05 7.56705e-05 7.59689e-05 7.58666e-05 7.54062e-05 7.46285e-05 7.3572e-05 7.2273e-05 7.07653e-05 6.90805e-05 6.72476e-05 6.52935e-05 6.32426e-05 6.11174e-05 5.89379e-05 5.67223e-05 5.44869e-05 5.22461e-05 5.00128e-05 4.7798e-05 4.56116e-05 4.3462e-05 4.13562e-05 3.93003e-05 3.72993e-05 3.53572e-05 3.34773e-05 3.16618e-05 2.99127e-05 2.8231e-05 2.66173e-05 2.50718e-05 2.35942e-05 2.21838e-05 2.08397e-05 1.95606e-05 1.83453e-05 1.7192e-05 1.60989e-05 1.50643e-05 1.40861e-05 1.31622e-05 1.22907e-05 1.14694e-05 1.06961e-05 9.96876e-06 9.28529e-06 8.64359e-06 8.04162e-06 7.4774e-06 6.94898e-06 6.45447e-06 5.99204e-06 5.55992e-06 5.1564e-06 4.77986e-06 4.42872e-06 4.10148e-06 3.7967e-06 3.51301e-06 3.24911e-06 3.00376e-06 2.77578e-06 2.56406e-06 2.36754e-06 2.18523e-06 2.01619e-06 1.85952e-06 1.71439e-06 1.58002e-06 1.45566e-06 1.34062e-06 1.23425e-06 1.13594e-06 1.04511e-06 9.61235e-07 8.83807e-07 8.12361e-07 7.4646e-07 6.85697e-07 6.29693e-07 5.78092e-07 5.30567e-07 4.86811e-07 4.46538e-07 4.09484e-07 3.75403e-07 3.44067e-07 3.15264e-07 2.88797e-07 2.64484e-07 2.42158e-07 2.21661e-07 2.02849e-07 1.85589e-07
0.000119317 5.59423e-05 5.94846e-05 6.24176e-05 6.47791e-05 6.66082e-05 6.79448e-05 6.88287e-05 6.92994e-05 6.93958e-05 6.91551e-05 6.86135e-05 6.78052e-05 6.67628e-05 6.55169e-05 6.40962e-05 6.25274e-05 6.08351e-05 5.90422e-05 5.71694e-05 5.52357e-05 5.32582e-05 5.12525e-05 4.92325e-05 4.72104e-05 4.51971e-05 4.32023e-05 4.12343e-05 3.93003e-05 3.74064e-05 3.55577e-05 3.37586e-05 3.20124e-05 3.0322e-05 2.86894e-05 2.71161e-05 2.56031e-05 2.41508e-05 2.27595e-05 2.14287e-05 2.0158e-05 1.89465e-05 1.77932e-05 1.66967e-05 1.56557e-05 1.46686e-05 1.37337e-05 1.28493e-05 1.20136e-05 1.12248e-05 1.04809e-05 9.78018e-06 9.12068e-06 8.50055e-06 7.91797e-06 7.37112e-06 6.85822e-06 6.37756e-06 5.92745e-06 5.50627e-06 5.11243e-06 4.74443e-06 4.40079e-06 4.08012e-06 3.78107e-06 3.50236e-06 3.24277e-06 3.00111e-06 2.77629e-06 2.56725e-06 2.37298e-06 2.19254e-06 2.02503e-06 1.8696e-06 1.72545e-06 1.59183e-06 1.46802e-06 1.35337e-06 1.24723e-06 1.14902e-06 1.05819e-06 9.74216e-07 8.96615e-07 8.24932e-07 7.58742e-07 6.97646e-07 6.41276e-07 5.89284e-07 5.41348e-07 4.97168e-07 4.56463e-07 4.18974e-07 3.84457e-07 3.52688e-07 3.23458e-07 2.96572e-07 2.7185e-07 2.49125e-07 2.28242e-07 2.09058e-07 1.91439e-07
0.000104223 4.97415e-05 5.31355e-05 5.59855e-05 5.83213e-05 6.01749e-05 6.15793e-05 6.25681e-05 6.31752e-05 6.34338e-05 6.33768e-05 6.30356e-05 6.24409e-05 6.16217e-05 6.06055e-05 5.94184e-05 5.80847e-05 5.66269e-05 5.50662e-05 5.34219e-05 5.17117e-05 4.99518e-05 4.81568e-05 4.634e-05 4.45132e-05 4.26869e-05 4.08706e-05 3.90723e-05 3.72993e-05 3.55577e-05 3.38528e-05 3.21889e-05 3.05699e-05 2.89985e-05 2.74772e-05 2.60078e-05 2.45915e-05 2.32292e-05 2.19213e-05 2.06678e-05 1.94685e-05 1.83229e-05 1.72302e-05 1.61896e-05 1.51998e-05 1.42596e-05 1.33677e-05 1.25225e-05 1.17226e-05 1.09663e-05 1.0252e-05 9.57811e-06 8.94289e-06 8.34471e-06 7.78191e-06 7.25287e-06 6.75597e-06 6.28965e-06 5.85236e-06 5.44262e-06 5.05897e-06 4.7e-06 4.36436e-06 4.05075e-06 3.75791e-06 3.48464e-06 3.22979e-06 2.99226e-06 2.77101e-06 2.56503e-06 2.37338e-06 2.19516e-06 2.02952e-06 1.87565e-06 1.73277e-06 1.60018e-06 1.4772e-06 1.36317e-06 1.25749e-06 1.15961e-06 1.06898e-06 9.85097e-07 9.07499e-07 8.35741e-07 7.69411e-07 7.08124e-07 6.51516e-07 5.99252e-07 5.51015e-07 5.06512e-07 4.65468e-07 4.27629e-07 3.92755e-07 3.60625e-07 3.31034e-07 3.03789e-07 2.78713e-07 2.5564e-07 2.34417e-07 2.14902e-07 1.96962e-07
9.10386e-05 4.42142e-05 4.74473e-05 5.01961e-05 5.24839e-05 5.43363e-05 5.57804e-05 5.68444e-05 5.75568e-05 5.79463e-05 5.80412e-05 5.78693e-05 5.74574e-05 5.68314e-05 5.60161e-05 5.50348e-05 5.39096e-05 5.26614e-05 5.13093e-05 4.98713e-05 4.83639e-05 4.68023e-05 4.52001e-05 4.35701e-05 4.19234e-05 4.02702e-05 3.86197e-05 3.69796e-05 3.53572e-05 3.37586e-05 3.21889e-05 3.06528e-05 2.91541e-05 2.76958e-05 2.62806e-05 2.49105e-05 2.35869e-05 2.2311e-05 2.10835e-05 1.99047e-05 1.87746e-05 1.76931e-05 1.66597e-05 1.56736e-05 1.47341e-05 1.38401e-05 1.29905e-05 1.21842e-05 1.14198e-05 1.0696e-05 1.00113e-05 9.36427e-06 8.7535e-06 8.17749e-06 7.63477e-06 7.12386e-06 6.64333e-06 6.19173e-06 5.76767e-06 5.36979e-06 4.99674e-06 4.64724e-06 4.32002e-06 4.01389e-06 3.72767e-06 3.46025e-06 3.21054e-06 2.97752e-06 2.76021e-06 2.55765e-06 2.36897e-06 2.19329e-06 2.02983e-06 1.8778e-06 1.73649e-06 1.60519e-06 1.48327e-06 1.3701e-06 1.26511e-06 1.16776e-06 1.07751e-06 9.93907e-07 9.16478e-07 8.44802e-07 7.78478e-07 7.17133e-07 6.60413e-07 6.07992e-07 5.59561e-07 5.14834e-07 4.73543e-07 4.35437e-07 4.00283e-07 3.67864e-07 3.37977e-07 3.10433e-07 2.85057e-07 2.61687e-07 2.40169e-07 2.20365e-07 2.02142e-07
7.95221e-05 3.92894e-05 4.23535e-05 4.4988e-05 4.72105e-05 4.90411e-05 5.05018e-05 5.16158e-05 5.24072e-05 5.29003e-05 5.31197e-05 5.30894e-05 5.2833e-05 5.23736e-05 5.17331e-05 5.09325e-05 4.9992e-05 4.89303e-05 4.77652e-05 4.6513e-05 4.51892e-05 4.38078e-05 4.23818e-05 4.0923e-05 3.94421e-05 3.79489e-05 3.64519e-05 3.49591e-05 3.34773e-05 3.20124e-05 3.05699e-05 2.91541e-05 2.7769e-05 2.6418e-05 2.51036e-05 2.3828e-05 2.25931e-05 2.14e-05 2.02498e-05 1.91429e-05 1.80798e-05 1.70604e-05 1.60845e-05 1.51516e-05 1.42612e-05 1.34125e-05 1.26047e-05 1.18366e-05 1.11074e-05 1.04157e-05 9.76044e-06 9.14031e-06 8.55403e-06 8.0003e-06 7.47782e-06 6.98528e-06 6.52136e-06 6.08478e-06 5.67427e-06 5.28858e-06 4.92648e-06 4.5868e-06 4.26838e-06 3.97009e-06 3.69085e-06 3.42963e-06 3.18542e-06 2.95725e-06 2.7442e-06 2.54538e-06 2.35997e-06 2.18714e-06 2.02613e-06 1.87623e-06 1.73672e-06 1.60697e-06 1.48634e-06 1.37425e-06 1.27015e-06 1.17352e-06 1.08385e-06 1.00068e-06 9.23584e-07 8.52138e-07 7.8596e-07 7.24685e-07 6.67974e-07 6.15508e-07 5.66987e-07 5.22132e-07 4.80682e-07 4.42392e-07 4.07034e-07 3.74395e-07 3.44276e-07 3.16493e-07 2.90872e-07 2.67253e-07 2.45487e-07 2.25435e-07 2.06967e-07
