0.452506 0.0893248 0.0428015 0.020509 0.00982725 0.00470889 0.00225634 0.00108116 0.000518058 0.000248236 0.000118946 5.69952e-05 2.73102e-05 1.30861e-05 6.27044e-06 3.00458e-06 1.4397e-06 6.89855e-07 3.30555e-07 1.58391e-07 7.58958e-08 3.63667e-08 1.74257e-08 8.34982e-09 4.00096e-09 1.91713e-09 9.18622e-10 4.40173e-10 2.10916e-10 1.01064e-10 4.84265e-11 2.32044e-11 1.11188e-11 5.32774e-12 2.55288e-12 1.22325e-12 5.86142e-13 2.8086e-13 1.34579e-13 6.44856e-14 3.08994e-14 1.48059e-14 7.09451e-15 3.39945e-15 1.62891e-15 7.80517e-16 3.73998e-16 1.79207e-16 8.58702e-17 4.11461e-17 1.97158e-17 9.44718e-18 4.52677e-18 2.16908e-18 1.03935e-18 4.98022e-19 2.38635e-19 1.14346e-19 5.47909e-20 2.6254e-20 1.258e-20 6.02793e-21 2.88838e-21 1.38402e-21 6.63174e-22 3.17771e-22 1.52265e-22 7.29605e-23 3.49602e-23 1.67518e-23 8.02689e-24 3.84622e-24 1.84298e-24 8.83095e-25 4.23149e-25 2.02759e-25 9.71554e-26 4.65536e-26 2.2307e-26 1.06887e-26 5.12169e-27 2.45414e-27 1.17594e-27 5.63473e-28 2.69998e-28 1.29374e-28 6.19916e-29 2.97043e-29 1.42333e-29 6.82013e-30 3.26798e-30 1.56591e-30 7.5033e-31 3.59533e-31 1.72276e-31 8.25491e-32 3.95548e-32 1.89533e-32 9.0818e-33 4.3517e-33 2.08519e-33
0.0893248 0.0373661 0.0208584 0.01141 0.00614548 0.00326967 0.00172243 0.000899944 0.000466975 0.00024089 0.000123635 6.31751e-05 3.21561e-05 1.63112e-05 8.24853e-06 4.15977e-06 2.09258e-06 1.0503e-06 5.26081e-07 2.63011e-07 1.31264e-07 6.5407e-08 3.25434e-08 1.617e-08 8.02422e-09 3.97724e-09 1.96916e-09 9.73931e-10 4.81231e-10 2.37564e-10 1.17175e-10 5.77477e-11 2.84381e-11 1.39943e-11 6.88176e-12 3.38193e-12 1.66096e-12 8.15258e-13 3.99932e-13 1.96084e-13 9.60894e-14 4.70646e-14 2.30414e-14 1.12753e-14 5.51515e-15 2.69654e-15 1.3179e-15 6.43862e-16 3.14443e-16 1.5351e-16 7.49176e-17 3.655e-17 1.78259e-17 8.69128e-18 4.2363e-18 2.06426e-18 1.00559e-18 4.89738e-19 2.38447e-19 1.16068e-19 5.6484e-20 2.74813e-20 1.33674e-20 6.50074e-21 3.1607e-21 1.53643e-21 7.46716e-22 3.62837e-22 1.76272e-22 8.56196e-23 4.158e-23 2.01892e-23 9.80117e-24 4.75734e-24 2.30876e-24 1.12027e-24 5.43503e-25 2.63641e-25 1.27867e-25 6.20075e-26 3.00654e-26 1.45757e-26 7.06533e-27 3.42436e-27 1.65947e-27 8.04092e-28 3.89572e-28 1.8872e-28 9.14105e-29 4.42715e-29 2.1439e-29 1.03809e-29 5.02597e-30 2.43309e-30 1.17774e-30 5.70032e-31 2.7587e-31 1.33496e-31 6.45935e-32 3.12513e-32 1.51185e-32
0.0428015 0.0208584 0.0126456 0.00742729 0.00426118 0.00240075 0.00133309 0.000731482 0.000397392 0.000214067 0.000114473 6.08247e-05 3.21373e-05 1.68952e-05 8.84234e-06 4.60907e-06 2.39368e-06 1.23898e-06 6.3934e-07 3.28984e-07 1.68845e-07 8.64482e-08 4.41622e-08 2.25133e-08 1.14546e-08 5.81742e-09 2.94941e-09 1.49293e-09 7.54542e-10 3.80807e-10 1.91927e-10 9.66071e-11 4.85682e-11 2.43888e-11 1.22335e-11 6.12989e-12 3.06846e-12 1.53451e-12 7.66697e-13 3.82733e-13 1.90899e-13 9.51394e-14 4.73785e-14 2.35766e-14 1.17238e-14 5.82584e-15 2.89309e-15 1.43578e-15 7.12107e-16 3.52977e-16 1.74863e-16 8.65782e-17 4.28437e-17 2.11905e-17 1.04755e-17 5.17608e-18 2.55636e-18 1.26196e-18 6.22693e-19 3.07127e-19 1.51419e-19 7.46221e-20 3.67607e-20 1.81023e-20 8.91092e-21 4.38484e-21 2.15691e-21 1.06062e-21 5.2137e-22 2.56206e-22 1.25862e-22 6.18111e-23 3.03464e-23 1.48943e-23 7.30815e-24 3.58487e-24 1.75801e-24 8.61891e-25 4.22445e-25 2.07003e-25 1.01409e-25 4.96671e-26 2.43197e-26 1.19055e-26 5.82686e-27 2.85119e-27 1.39484e-27 6.82224e-28 3.3361e-28 1.63103e-28 7.97256e-29 3.89626e-29 1.90376e-29 9.30029e-30 4.54254e-30 2.21831e-30 1.0831e-30 5.28734e-31 2.58066e-31 1.25937e-31 6.1447e-32
0.020509 0.01141 0.00742729 0.00463254 0.00280187 0.00165546 0.000960187 0.000548595 0.000309525 0.000172788 9.55744e-05 5.24436e-05 2.85743e-05 1.54714e-05 8.32989e-06 4.46211e-06 2.37923e-06 1.26329e-06 6.68176e-07 3.52155e-07 1.8499e-07 9.68803e-08 5.0593e-08 2.63508e-08 1.36905e-08 7.09632e-09 3.67027e-09 1.89438e-09 9.75864e-10 5.01779e-10 2.5756e-10 1.31985e-10 6.75286e-11 3.44985e-11 1.75992e-11 8.96591e-12 4.56174e-12 2.31807e-12 1.17654e-12 5.96468e-13 3.0206e-13 1.52807e-13 7.72243e-14 3.8989e-14 1.96663e-14 9.91087e-15 4.99026e-15 2.51056e-15 1.26202e-15 6.33898e-16 3.1816e-16 1.59571e-16 7.99748e-17 4.00548e-17 2.00478e-17 1.00277e-17 5.01258e-18 2.50414e-18 1.25026e-18 6.23867e-19 3.11131e-19 1.55081e-19 7.72585e-20 3.8469e-20 1.91452e-20 9.52352e-21 4.73511e-21 2.35322e-21 1.16896e-21 5.80426e-22 2.88077e-22 1.42919e-22 7.08748e-23 3.51336e-23 1.74095e-23 8.6235e-24 4.26993e-24 2.11349e-24 1.04575e-24 5.17251e-25 2.55758e-25 1.2642e-25 6.2468e-26 3.08577e-26 1.52382e-26 7.52266e-27 3.71261e-27 1.83173e-27 9.03479e-28 4.45505e-28 2.19618e-28 1.08234e-28 5.33271e-29 2.62675e-29 1.29353e-29 6.36835e-30 3.13452e-30 1.54244e-30 7.5883e-31 3.73232e-31 1.83533e-31
0.00982725 0.00614548 0.00426118 0.00280187 0.00177468 0.00109295 0.000658442 0.000389664 0.000227211 0.000130834 7.4529e-05 4.20575e-05 2.35375e-05 1.3076e-05 7.21634e-06 3.95883e-06 2.16004e-06 1.17275e-06 6.33831e-07 3.41133e-07 1.8289e-07 9.77003e-08 5.2017e-08 2.7608e-08 1.46101e-08 7.71036e-09 4.05856e-09 2.13112e-09 1.11646e-09 5.83615e-10 3.04447e-10 1.58505e-10 8.23682e-11 4.2727e-11 2.21262e-11 1.14395e-11 5.90517e-12 3.04377e-12 1.56665e-12 8.05267e-13 4.13369e-13 2.11928e-13 1.0852e-13 5.55045e-14 2.83567e-14 1.44715e-14 7.37761e-15 3.75733e-15 1.9117e-15 9.71736e-16 4.93493e-16 2.50398e-16 1.26943e-16 6.43019e-17 3.25455e-17 1.64596e-17 8.31798e-18 4.20046e-18 2.11966e-18 1.06889e-18 5.38649e-19 2.71265e-19 1.36522e-19 6.86662e-20 3.45159e-20 1.73395e-20 8.70576e-21 4.36849e-21 2.19088e-21 1.09818e-21 5.50173e-22 2.7549e-22 1.37878e-22 6.89723e-23 3.44864e-23 1.72353e-23 8.60978e-24 4.29905e-24 2.14568e-24 1.07046e-24 5.33825e-25 2.66102e-25 1.32594e-25 6.60437e-26 3.2883e-26 1.63663e-26 8.14267e-27 4.04975e-27 2.01343e-27 1.00068e-27 4.97168e-28 2.46926e-28 1.226e-28 6.08517e-29 3.01939e-29 1.49772e-29 7.42693e-30 3.68179e-30 1.82466e-30 9.0402e-31 4.47767e-31
0.00470889 0.00326967 0.00240075 0.00165546 0.00109295 0.000698625 0.000435461 0.000265967 0.000159733 9.45755e-05 5.53161e-05 3.20108e-05 1.83512e-05 1.0433e-05 5.8871e-06 3.29959e-06 1.83803e-06 1.01815e-06 5.61089e-07 3.07746e-07 1.68053e-07 9.13961e-08 4.95175e-08 2.67329e-08 1.43843e-08 7.71567e-09 4.12648e-09 2.20079e-09 1.17068e-09 6.21179e-10 3.2883e-10 1.73681e-10 9.15386e-11 4.81476e-11 2.52756e-11 1.32441e-11 6.92746e-12 3.61732e-12 1.88579e-12 9.81565e-13 5.10145e-13 2.64752e-13 1.37209e-13 7.10141e-14 3.67067e-14 1.89499e-14 9.77113e-15 5.03244e-15 2.58896e-15 1.33046e-15 6.82998e-16 3.50265e-16 1.7945e-16 9.18496e-17 4.69685e-17 2.39964e-17 1.22491e-17 6.24733e-18 3.18366e-18 1.6211e-18 8.24806e-19 4.19338e-19 2.13037e-19 1.08152e-19 5.48665e-20 2.78152e-20 1.40918e-20 7.13461e-21 3.60991e-21 1.82538e-21 9.22458e-22 4.65889e-22 2.35163e-22 1.18634e-22 5.98147e-23 3.01421e-23 1.51813e-23 7.64223e-24 3.84513e-24 1.93369e-24 9.71972e-25 4.8833e-25 2.45228e-25 1.23092e-25 6.17583e-26 3.09721e-26 1.5526e-26 7.77974e-27 3.89665e-27 1.95093e-27 9.76381e-28 4.88458e-28 2.4427e-28 1.22109e-28 6.10191e-29 3.04808e-29 1.52206e-29 7.59777e-30 3.79132e-30 1.89125e-30 9.43107e-31
0.00225634 0.00172243 0.00133309 0.000960187 0.000658442 0.000435461 0.000280014 0.000176034 0.000108617 6.59703e-05 3.95292e-05 2.34081e-05 1.37185e-05 7.96597e-06 4.58751e-06 2.62223e-06 1.48873e-06 8.39978e-07 4.71246e-07 2.62994e-07 1.46061e-07 8.07538e-08 4.44593e-08 2.43811e-08 1.33212e-08 7.25318e-09 3.93637e-09 2.12974e-09 1.14892e-09 6.18096e-10 3.31653e-10 1.77513e-10 9.47868e-11 5.0499e-11 2.68461e-11 1.42424e-11 7.54099e-12 3.98522e-12 2.10227e-12 1.10705e-12 5.81996e-13 3.05474e-13 1.60086e-13 8.37695e-14 4.37716e-14 2.284e-14 1.19019e-14 6.19401e-15 3.21947e-15 1.67136e-15 8.6665e-16 4.48873e-16 2.32233e-16 1.20022e-16 6.19648e-17 3.19589e-17 1.64669e-17 8.47655e-18 4.35938e-18 2.23995e-18 1.14993e-18 5.8984e-19 3.02298e-19 1.54805e-19 7.92123e-20 4.05009e-20 2.06924e-20 1.05643e-20 5.38962e-21 2.74772e-21 1.39988e-21 7.12721e-22 3.62632e-22 1.84389e-22 9.36989e-23 4.75849e-23 2.41516e-23 1.22509e-23 6.21074e-24 3.14685e-24 1.59357e-24 8.06551e-25 4.08005e-25 2.06288e-25 1.04247e-25 5.26551e-26 2.65831e-26 1.34142e-26 6.76579e-27 3.41094e-27 1.71884e-27 8.65771e-28 4.35896e-28 2.19371e-28 1.10355e-28 5.54916e-29 2.78924e-29 1.40144e-29 7.03868e-30 3.53381e-30 1.7735e-30
0.00108116 0.000899944 0.000731482 0.000548595 0.000389664 0.000265967 0.000176034 0.000113667 7.19145e-05 4.4723e-05 2.74055e-05 1.65794e-05 9.9173e-06 5.87293e-06 3.44672e-06 2.00644e-06 1.15942e-06 6.65458e-07 3.79587e-07 2.15289e-07 1.2146e-07 6.81881e-08 3.81061e-08 2.12041e-08 1.17517e-08 6.48844e-09 3.56974e-09 1.95737e-09 1.06987e-09 5.83016e-10 3.16803e-10 1.71679e-10 9.27943e-11 5.00327e-11 2.6913e-11 1.44442e-11 7.73546e-12 4.13411e-12 2.20504e-12 1.17388e-12 6.23784e-13 3.30888e-13 1.75223e-13 9.26383e-14 4.88996e-14 2.57727e-14 1.35636e-14 7.12807e-15 3.74087e-15 1.96063e-15 1.02626e-15 5.3651e-16 2.80138e-16 1.46102e-16 7.61103e-17 3.9605e-17 2.05868e-17 1.06899e-17 5.5452e-18 2.87362e-18 1.48773e-18 7.69503e-19 3.97648e-19 2.05306e-19 1.05907e-19 5.45861e-20 2.81112e-20 1.44653e-20 7.43757e-21 3.82121e-21 1.96176e-21 1.0064e-21 5.15921e-22 2.64296e-22 1.35301e-22 6.92178e-23 3.53875e-23 1.80802e-23 9.23168e-24 4.71076e-24 2.40237e-24 1.22442e-24 6.23689e-25 3.17511e-25 1.6155e-25 8.2152e-26 4.17538e-26 2.12102e-26 1.07688e-26 5.46477e-27 2.77178e-27 1.40519e-27 7.12034e-28 3.6063e-28 1.82567e-28 9.23812e-29 4.67252e-29 2.36226e-29 1.19376e-29 6.03004e-30 3.04469e-30
0.000518058 0.000466975 0.000397392 0.000309525 0.000227211 0.000159733 0.000108617 7.19145e-05 4.65788e-05 2.96152e-05 1.85329e-05 1.14386e-05 6.97462e-06 4.20704e-06 2.5132e-06 1.48827e-06 8.74351e-07 5.09962e-07 2.95458e-07 1.70131e-07 9.74095e-08 5.5478e-08 3.14412e-08 1.77368e-08 9.96258e-09 5.57319e-09 3.10579e-09 1.72453e-09 9.54295e-10 5.26364e-10 2.89435e-10 1.58689e-10 8.67616e-11 4.73101e-11 2.57322e-11 1.39619e-11 7.55789e-12 4.08214e-12 2.20012e-12 1.18334e-12 6.35211e-13 3.40328e-13 1.82005e-13 9.71626e-14 5.17817e-14 2.75511e-14 1.46356e-14 7.76274e-15 4.11125e-15 2.17424e-15 1.14824e-15 6.05584e-16 3.18966e-16 1.67789e-16 8.81545e-17 4.626e-17 2.42471e-17 1.26946e-17 6.63901e-18 3.46832e-18 1.81001e-18 9.4363e-19 4.91464e-19 2.55718e-19 1.32929e-19 6.90369e-20 3.58222e-20 1.85713e-20 9.61968e-21 4.9787e-21 2.57464e-21 1.33037e-21 6.86888e-22 3.54381e-22 1.82696e-22 9.41177e-23 4.8451e-23 2.49247e-23 1.28133e-23 6.5826e-24 3.37948e-24 1.73389e-24 8.89034e-25 4.55561e-25 2.33298e-25 1.19403e-25 6.10754e-26 3.12225e-26 1.59524e-26 8.14595e-27 4.15741e-27 2.12066e-27 1.08117e-27 5.50924e-28 2.80589e-28 1.42834e-28 7.26747e-29 3.69594e-29 1.87872e-29 9.54546e-30 4.84768e-30
0.000248236 0.00024089 0.000214067 0.000172788 0.000130834 9.45755e-05 6.59703e-05 4.4723e-05 2.96152e-05 1.9227e-05 1.22729e-05 7.71944e-06 4.79285e-06 2.94171e-06 1.78699e-06 1.07547e-06 6.41794e-07 3.80045e-07 2.23454e-07 1.30526e-07 7.57826e-08 4.37516e-08 2.51266e-08 1.43595e-08 8.16846e-09 4.62657e-09 2.60977e-09 1.46646e-09 8.2102e-10 4.58071e-10 2.54732e-10 1.41214e-10 7.80508e-11 4.30173e-11 2.36445e-11 1.29625e-11 7.08871e-12 3.86733e-12 2.10504e-12 1.14329e-12 6.19632e-13 3.35141e-13 1.80913e-13 9.74749e-14 5.24231e-14 2.81442e-14 1.5084e-14 8.071e-15 4.31169e-15 2.29985e-15 1.2249e-15 6.51439e-16 3.45969e-16 1.83488e-16 9.71862e-17 5.14093e-17 2.71604e-17 1.43319e-17 7.55364e-18 3.97657e-18 2.0911e-18 1.09841e-18 5.76362e-19 3.02116e-19 1.58202e-19 8.27605e-20 4.32529e-20 2.25838e-20 1.1781e-20 6.1401e-21 3.19733e-21 1.66352e-21 8.64778e-22 4.49184e-22 2.33128e-22 1.209e-22 6.265e-23 3.24407e-23 1.67856e-23 8.67906e-24 4.48435e-24 2.31539e-24 1.19469e-24 6.16021e-25 3.17432e-25 1.63466e-25 8.41263e-26 4.3268e-26 2.22402e-26 1.14249e-26 5.86555e-27 3.00966e-27 1.54341e-27 7.91049e-28 4.05219e-28 2.07464e-28 1.06161e-28 5.42958e-29 2.77552e-29 1.41809e-29 7.24188e-30
0.000118946 0.000123635 0.000114473 9.55744e-05 7.4529e-05 5.53161e-05 3.95292e-05 2.74055e-05 1.85329e-05 1.22729e-05 7.98281e-06 5.11196e-06 3.22893e-06 2.01481e-06 1.24355e-06 7.59996e-07 4.60326e-07 2.76544e-07 1.64891e-07 9.76379e-08 5.74447e-08 3.35961e-08 1.95394e-08 1.1305e-08 6.50892e-09 3.73038e-09 2.12872e-09 1.20979e-09 6.84886e-10 3.8631e-10 2.1714e-10 1.21648e-10 6.79358e-11 3.78255e-11 2.1e-11 1.16268e-11 6.4203e-12 3.53632e-12 1.9431e-12 1.06518e-12 5.82614e-13 3.17979e-13 1.73187e-13 9.41365e-14 5.10695e-14 2.76537e-14 1.49472e-14 8.06506e-15 4.34431e-15 2.33627e-15 1.2544e-15 6.72481e-16 3.59978e-16 1.92417e-16 1.02707e-16 5.47469e-17 2.91437e-17 1.54941e-17 8.22703e-18 4.36302e-18 2.31107e-18 1.22274e-18 6.46197e-19 3.41126e-19 1.79886e-19 9.47593e-20 4.98657e-20 2.62148e-20 1.37678e-20 7.22387e-21 3.78676e-21 1.98321e-21 1.03773e-21 5.4252e-22 2.83386e-22 1.47903e-22 7.71291e-23 4.01894e-23 2.09249e-23 1.08863e-23 5.65938e-24 2.93992e-24 1.52612e-24 7.91645e-25 4.10365e-25 2.12575e-25 1.10043e-25 5.69278e-26 2.94311e-26 1.52059e-26 7.85137e-27 4.05147e-27 2.08938e-27 1.07688e-27 5.54703e-28 2.85566e-28 1.46929e-28 7.55562e-29 3.88325e-29 1.99475e-29 1.02412e-29
5.69952e-05 6.31751e-05 6.08247e-05 5.24436e-05 4.20575e-05 3.20108e-05 2.34081e-05 1.65794e-05 1.14386e-05 7.71944e-06 5.11196e-06 3.33008e-06 2.13819e-06 1.35539e-06 8.49351e-07 5.26746e-07 3.23608e-07 1.97104e-07 1.19106e-07 7.14499e-08 4.25729e-08 2.52079e-08 1.48387e-08 8.68704e-09 5.05959e-09 2.93265e-09 1.6921e-09 9.72122e-10 5.5622e-10 3.17026e-10 1.80032e-10 1.0188e-10 5.74622e-11 3.23071e-11 1.8109e-11 1.01212e-11 5.6411e-12 3.13572e-12 1.73859e-12 9.61595e-13 5.3059e-13 2.92103e-13 1.60458e-13 8.79564e-14 4.81156e-14 2.62693e-14 1.43147e-14 7.78603e-15 4.2274e-15 2.29129e-15 1.23982e-15 6.69782e-16 3.61262e-16 1.94557e-16 1.04623e-16 5.61793e-17 3.01244e-17 1.61312e-17 8.62653e-18 4.60728e-18 2.45757e-18 1.30928e-18 6.9669e-19 3.70288e-19 1.96582e-19 1.04248e-19 5.52227e-20 2.92219e-20 1.54472e-20 8.15738e-21 4.30351e-21 2.26816e-21 1.19431e-21 6.28282e-22 3.30218e-22 1.73405e-22 9.09797e-23 4.76935e-23 2.49811e-23 1.3074e-23 6.83691e-24 3.57248e-24 1.86529e-24 9.73181e-25 5.07365e-25 2.64321e-25 1.37605e-25 7.15865e-26 3.72161e-26 1.93347e-26 1.00382e-26 5.20824e-27 2.70053e-27 1.39938e-27 7.24688e-28 3.75063e-28 1.93998e-28 1.00285e-28 5.18112e-29 2.67525e-29 1.38058e-29
2.73102e-05 3.21561e-05 3.21373e-05 2.85743e-05 2.35375e-05 1.83512e-05 1.37185e-05 9.9173e-06 6.97462e-06 4.79285e-06 3.22893e-06 2.13819e-06 1.39463e-06 8.97493e-07 5.70651e-07 3.58911e-07 2.23517e-07 1.37948e-07 8.44343e-08 5.12863e-08 3.0932e-08 1.85334e-08 1.10366e-08 6.53462e-09 3.84827e-09 2.25481e-09 1.31487e-09 7.63296e-10 4.41214e-10 2.54008e-10 1.45672e-10 8.32362e-11 4.73952e-11 2.68975e-11 1.52162e-11 8.58184e-12 4.82601e-12 2.70633e-12 1.51359e-12 8.44334e-13 4.69833e-13 2.60816e-13 1.44453e-13 7.98274e-14 4.40197e-14 2.42239e-14 1.33036e-14 7.29214e-15 3.98957e-15 2.17876e-15 1.18776e-15 6.46404e-16 3.51206e-16 1.90512e-16 1.03182e-16 5.57987e-17 3.01304e-17 1.62466e-17 8.74806e-18 4.70403e-18 2.52612e-18 1.3548e-18 7.25691e-19 3.88234e-19 2.07451e-19 1.10721e-19 5.90264e-20 3.14326e-20 1.67202e-20 8.88461e-21 4.71611e-21 2.50085e-21 1.32483e-21 7.01145e-22 3.70717e-22 1.95826e-22 1.03348e-22 5.44936e-23 2.87083e-23 1.51111e-23 7.94727e-24 4.1762e-24 2.19277e-24 1.15043e-24 6.03097e-25 3.15924e-25 1.65368e-25 8.64969e-26 4.521e-26 2.36135e-26 1.23249e-26 6.42845e-27 3.35071e-27 1.74534e-27 9.08532e-28 4.72631e-28 2.45714e-28 1.27664e-28 6.62894e-29 3.44e-29 1.78409e-29
1.30861e-05 1.63112e-05 1.68952e-05 1.54714e-05 1.3076e-05 1.0433e-05 7.96597e-06 5.87293e-06 4.20704e-06 2.94171e-06 2.01481e-06 1.35539e-06 8.97493e-07 5.86007e-07 3.77845e-07 2.40877e-07 1.51985e-07 9.49975e-08 5.88664e-08 3.61874e-08 2.20819e-08 1.33823e-08 8.05832e-09 4.8234e-09 2.87091e-09 1.69976e-09 1.00137e-09 5.87152e-10 3.42746e-10 1.99232e-10 1.15345e-10 6.65244e-11 3.82278e-11 2.18912e-11 1.24944e-11 7.10854e-12 4.03202e-12 2.28032e-12 1.28603e-12 7.23332e-13 4.05785e-13 2.27076e-13 1.26765e-13 7.06025e-14 3.92344e-14 2.17558e-14 1.20385e-14 6.64801e-15 3.66403e-15 2.01559e-15 1.10674e-15 6.06614e-16 3.31916e-16 1.81306e-16 9.88753e-17 5.38361e-17 2.92676e-17 1.58873e-17 8.61145e-18 4.66106e-18 2.51936e-18 1.3599e-18 7.33084e-19 3.94676e-19 2.12218e-19 1.13971e-19 6.11342e-20 3.27543e-20 1.7529e-20 9.37045e-21 5.00369e-21 2.66906e-21 1.42224e-21 7.57082e-22 4.02605e-22 2.1389e-22 1.13524e-22 6.01971e-23 3.18907e-23 1.68796e-23 8.92637e-24 4.71642e-24 2.48989e-24 1.31337e-24 6.9221e-25 3.64536e-25 1.91823e-25 1.00861e-25 5.2993e-26 2.7822e-26 1.45962e-26 7.65208e-27 4.00877e-27 2.09865e-27 1.09793e-27 5.74002e-28 2.99893e-28 1.5658e-28 8.17016e-29 4.2604e-29 2.22024e-29
6.27044e-06 8.24853e-06 8.84234e-06 8.32989e-06 7.21634e-06 5.8871e-06 4.58751e-06 3.44672e-06 2.5132e-06 1.78699e-06 1.24355e-06 8.49351e-07 5.70651e-07 3.77845e-07 2.46932e-07 1.59483e-07 1.01905e-07 6.44789e-08 4.04329e-08 2.51447e-08 1.55174e-08 9.50798e-09 5.78711e-09 3.50048e-09 2.105e-09 1.25889e-09 7.48979e-10 4.43428e-10 2.61314e-10 1.53317e-10 8.95785e-11 5.21302e-11 3.02223e-11 1.7458e-11 1.00499e-11 5.76618e-12 3.29791e-12 1.88048e-12 1.06913e-12 6.06139e-13 3.42722e-13 1.93278e-13 1.08726e-13 6.10148e-14 3.41604e-14 1.90823e-14 1.06363e-14 5.91612e-15 3.28394e-15 1.81925e-15 1.00591e-15 5.55157e-16 3.05836e-16 1.6819e-16 9.23361e-17 5.06086e-17 2.76935e-17 1.51304e-17 8.25393e-18 4.496e-18 2.44547e-18 1.32827e-18 7.20468e-19 3.90265e-19 2.11123e-19 1.14066e-19 6.15512e-20 3.31732e-20 1.78575e-20 9.6017e-21 5.15682e-21 2.76651e-21 1.48255e-21 7.93641e-22 4.2441e-22 2.26727e-22 1.21e-22 6.45126e-23 3.43626e-23 1.82859e-23 9.72185e-24 5.16401e-24 2.74056e-24 1.45316e-24 7.69871e-25 4.07528e-25 2.15546e-25 1.13912e-25 6.01529e-26 3.17398e-26 1.67347e-26 8.81671e-27 4.64166e-27 2.44188e-27 1.2837e-27 6.74371e-28 3.54025e-28 1.85726e-28 9.73692e-29 5.10134e-29 2.67095e-29
3.00458e-06 4.15977e-06 4.60907e-06 4.46211e-06 3.95883e-06 3.29959e-06 2.62223e-06 2.00644e-06 1.48827e-06 1.07547e-06 7.59996e-07 5.26746e-07 3.58911e-07 2.40877e-07 1.59483e-07 1.04307e-07 6.74663e-08 4.31962e-08 2.74e-08 1.72313e-08 1.07503e-08 6.65742e-09 4.09438e-09 2.50184e-09 1.51949e-09 9.17604e-10 5.51158e-10 3.29374e-10 1.9589e-10 1.15972e-10 6.83609e-11 4.01302e-11 2.34653e-11 1.36694e-11 7.93441e-12 4.58973e-12 2.64625e-12 1.52091e-12 8.71485e-13 4.9791e-13 2.83676e-13 1.61184e-13 9.13467e-14 5.16383e-14 2.91205e-14 1.63835e-14 9.19672e-15 5.15118e-15 2.87911e-15 1.6059e-15 8.93948e-16 4.96669e-16 2.75427e-16 1.5246e-16 8.42431e-17 4.64694e-17 2.55901e-17 1.40692e-17 7.7229e-18 4.23272e-18 2.31636e-18 1.26577e-18 6.90689e-19 3.76362e-19 2.04803e-19 1.11299e-19 6.04063e-20 3.27433e-20 1.77266e-20 9.58523e-21 5.17685e-21 2.79271e-21 1.50485e-21 8.09991e-22 4.35507e-22 2.3391e-22 1.25502e-22 6.72681e-23 3.60192e-23 1.92678e-23 1.02971e-23 5.49779e-24 2.93265e-24 1.56292e-24 8.32203e-25 4.42733e-25 2.35332e-25 1.24985e-25 6.63242e-26 3.5167e-26 1.86317e-26 9.86342e-27 5.21758e-27 2.75792e-27 1.4567e-27 7.68849e-28 4.05507e-28 2.13722e-28 1.12563e-28 5.92442e-29 3.11604e-29
1.4397e-06 2.09258e-06 2.39368e-06 2.37923e-06 2.16004e-06 1.83803e-06 1.48873e-06 1.15942e-06 8.74351e-07 6.41794e-07 4.60326e-07 3.23608e-07 2.23517e-07 1.51985e-07 1.01905e-07 6.74663e-08 4.41554e-08 2.85966e-08 1.83423e-08 1.16607e-08 7.35208e-09 4.6001e-09 2.8577e-09 1.76344e-09 1.08137e-09 6.59214e-10 3.9963e-10 2.40994e-10 1.44607e-10 8.63619e-11 5.13458e-11 3.03971e-11 1.79221e-11 1.05259e-11 6.15909e-12 3.59111e-12 2.0867e-12 1.20857e-12 6.97785e-13 4.01662e-13 2.30536e-13 1.31947e-13 7.53171e-14 4.28802e-14 2.43517e-14 1.37958e-14 7.79736e-15 4.39705e-15 2.47412e-15 1.38917e-15 7.78381e-16 4.35271e-16 2.42931e-16 1.35328e-16 7.52477e-17 4.17662e-17 2.31422e-17 1.28012e-17 7.06938e-18 3.89778e-18 2.14574e-18 1.17944e-18 6.47339e-19 3.5478e-19 1.94166e-19 1.06118e-19 5.79191e-20 3.15706e-20 1.71864e-20 9.34423e-21 5.07421e-21 2.75214e-21 1.49095e-21 8.06782e-22 4.36074e-22 2.35442e-22 1.26982e-22 6.84127e-23 3.68199e-23 1.97964e-23 1.0633e-23 5.70564e-24 3.05868e-24 1.63816e-24 8.76549e-25 4.68601e-25 2.5029e-25 1.33568e-25 7.12183e-26 3.79414e-26 2.01965e-26 1.0742e-26 5.70879e-27 3.03154e-27 1.60859e-27 8.52902e-28 4.51884e-28 2.39241e-28 1.26569e-28 6.69133e-29 3.53502e-29
6.89855e-07 1.0503e-06 1.23898e-06 1.26329e-06 1.17275e-06 1.01815e-06 8.39978e-07 6.65458e-07 5.09962e-07 3.80045e-07 2.76544e-07 1.97104e-07 1.37948e-07 9.49975e-08 6.44789e-08 4.31962e-08 2.85966e-08 1.87271e-08 1.21422e-08 7.80069e-09 4.969e-09 3.14027e-09 1.96996e-09 1.22728e-09 7.59659e-10 4.67351e-10 2.85872e-10 1.73916e-10 1.05262e-10 6.33999e-11 3.80094e-11 2.2687e-11 1.34845e-11 7.98271e-12 4.70759e-12 2.76599e-12 1.61948e-12 9.45003e-13 5.49645e-13 3.18697e-13 1.84234e-13 1.06196e-13 6.10429e-14 3.49942e-14 2.00092e-14 1.14123e-14 6.49332e-15 3.68586e-15 2.08749e-15 1.17966e-15 6.65209e-16 3.74336e-16 2.10229e-16 1.17835e-16 6.59225e-17 3.68122e-17 2.05197e-17 1.14181e-17 6.34271e-18 3.51754e-18 1.94761e-18 1.07667e-18 5.9429e-19 3.27539e-19 1.80258e-19 9.90619e-20 5.43643e-20 2.97941e-20 1.63069e-20 8.91345e-21 4.86597e-21 2.6531e-21 1.4448e-21 7.85864e-22 4.26953e-22 2.31695e-22 1.25594e-22 6.80053e-23 3.67834e-23 1.98748e-23 1.07277e-23 5.78458e-24 3.11605e-24 1.67693e-24 9.01588e-25 4.84278e-25 2.59885e-25 1.3934e-25 7.46418e-26 3.99494e-26 2.13631e-26 1.14144e-26 6.09373e-27 3.25056e-27 1.73255e-27 9.22719e-28 4.91041e-28 2.61116e-28 1.38747e-28 7.36708e-29 3.90885e-29
3.30555e-07 5.26081e-07 6.3934e-07 6.68176e-07 6.33831e-07 5.61089e-07 4.71246e-07 3.79587e-07 2.95458e-07 2.23454e-07 1.64891e-07 1.19106e-07 8.44343e-08 5.88664e-08 4.04329e-08 2.74e-08 1.83423e-08 1.21422e-08 7.95581e-09 5.16364e-09 3.32213e-09 2.12e-09 1.3426e-09 8.44244e-10 5.27335e-10 3.27322e-10 2.01972e-10 1.2393e-10 7.56412e-11 4.59363e-11 2.77638e-11 1.67042e-11 1.00067e-11 5.96978e-12 3.54737e-12 2.09996e-12 1.23862e-12 7.2804e-13 4.265e-13 2.4905e-13 1.44981e-13 8.41475e-14 4.86995e-14 2.81063e-14 1.61778e-14 9.28782e-15 5.3189e-15 3.03863e-15 1.73187e-15 9.84847e-16 5.58811e-16 3.16397e-16 1.78772e-16 1.00808e-16 5.6733e-17 3.18678e-17 1.78675e-17 9.99989e-18 5.58681e-18 3.11595e-18 1.73498e-18 9.64479e-19 5.35309e-19 2.9665e-19 1.64146e-19 9.0694e-20 5.00382e-20 2.75686e-20 1.51682e-20 8.33427e-21 4.57333e-21 2.50634e-21 1.37184e-21 7.49946e-22 4.09483e-22 2.23321e-22 1.21652e-22 6.61944e-23 3.59783e-23 1.95338e-23 1.05943e-23 5.73984e-24 3.10659e-24 1.67969e-24 9.07294e-25 4.89603e-25 2.63953e-25 1.42169e-25 7.65035e-26 4.11308e-26 2.20936e-26 1.18574e-26 6.35827e-27 3.40661e-27 1.82367e-27 9.75477e-28 5.21362e-28 2.78432e-28 1.4858e-28 7.92269e-29 4.22141e-29
1.58391e-07 2.63011e-07 3.28984e-07 3.52155e-07 3.41133e-07 3.07746e-07 2.62994e-07 2.15289e-07 1.70131e-07 1.30526e-07 9.76379e-08 7.14499e-08 5.12863e-08 3.61874e-08 2.51447e-08 1.72313e-08 1.16607e-08 7.80069e-09 5.16364e-09 3.38491e-09 2.19897e-09 1.4166e-09 9.05467e-10 5.74537e-10 3.62059e-10 2.2669e-10 1.41071e-10 8.72854e-11 5.37127e-11 3.28825e-11 2.00317e-11 1.21461e-11 7.33198e-12 4.40711e-12 2.63827e-12 1.57322e-12 9.34633e-13 5.53267e-13 3.26388e-13 1.9191e-13 1.1248e-13 6.57239e-14 3.82901e-14 2.22439e-14 1.28866e-14 7.44577e-15 4.29104e-15 2.4668e-15 1.41467e-15 8.094e-16 4.62046e-16 2.63179e-16 1.49586e-16 8.48457e-17 4.80278e-17 2.71334e-17 1.52999e-17 8.61125e-18 4.83793e-18 2.71324e-18 1.51905e-18 8.49045e-19 4.73785e-19 2.63961e-19 1.46833e-19 8.1555e-20 4.52307e-20 2.50489e-20 1.38525e-20 7.65013e-21 4.21912e-21 2.32381e-21 1.27825e-21 7.02233e-22 3.85308e-22 2.11158e-22 1.15582e-22 6.31924e-23 3.45099e-23 1.8825e-23 1.02577e-23 5.58337e-24 3.03587e-24 1.649e-24 8.94773e-25 4.85034e-25 2.62667e-25 1.42108e-25 7.68106e-26 4.14781e-26 2.23779e-26 1.20623e-26 6.49615e-27 3.49547e-27 1.87924e-27 1.00947e-27 5.41813e-28 2.90569e-28 1.55705e-28 8.33705e-29 4.46053e-29
7.58958e-08 1.31264e-07 1.68845e-07 1.8499e-07 1.8289e-07 1.68053e-07 1.46061e-07 1.2146e-07 9.74095e-08 7.57826e-08 5.74447e-08 4.25729e-08 3.0932e-08 2.20819e-08 1.55174e-08 1.07503e-08 7.35208e-09 4.969e-09 3.32213e-09 2.19897e-09 1.4421e-09 9.37621e-10 6.04739e-10 3.87116e-10 2.46064e-10 1.55372e-10 9.74934e-11 6.08148e-11 3.77233e-11 2.32756e-11 1.42889e-11 8.72992e-12 5.30921e-12 3.21476e-12 1.93843e-12 1.16416e-12 6.96483e-13 4.15153e-13 2.46586e-13 1.45967e-13 8.61226e-14 5.06537e-14 2.9702e-14 1.73655e-14 1.01241e-14 5.88627e-15 3.41329e-15 1.97421e-15 1.13903e-15 6.55595e-16 3.76463e-16 2.15688e-16 1.23304e-16 7.03397e-17 4.00428e-17 2.27496e-17 1.28994e-17 7.30027e-18 4.12383e-18 2.32528e-18 1.30884e-18 7.35441e-19 4.12555e-19 2.3105e-19 1.29192e-19 7.21254e-20 4.02049e-20 2.23781e-20 1.24376e-20 6.90289e-21 3.82579e-21 2.11749e-21 1.17042e-21 6.46095e-22 3.56202e-22 1.96134e-22 1.07864e-22 5.92491e-23 3.25068e-23 1.78142e-23 9.75138e-24 5.33192e-24 2.91225e-24 1.58895e-24 8.66036e-25 4.71535e-25 2.5648e-25 1.39367e-25 7.56564e-26 4.10312e-26 2.22317e-26 1.20345e-26 6.50866e-27 3.51693e-27 1.89869e-27 1.02416e-27 5.51969e-28 2.97232e-28 1.59926e-28 8.59785e-29 4.61863e-29
3.63667e-08 6.5407e-08 8.64482e-08 9.68803e-08 9.77003e-08 9.13961e-08 8.07538e-08 6.81881e-08 5.5478e-08 4.37516e-08 3.35961e-08 2.52079e-08 1.85334e-08 1.33823e-08 9.50798e-09 6.65742e-09 4.6001e-09 3.14027e-09 2.12e-09 1.4166e-09 9.37621e-10 6.15134e-10 4.00249e-10 2.58428e-10 1.65655e-10 1.05465e-10 6.67155e-11 4.19476e-11 2.62235e-11 1.63045e-11 1.00849e-11 6.2072e-12 3.80256e-12 2.31904e-12 1.40823e-12 8.5164e-13 5.13013e-13 3.07864e-13 1.84083e-13 1.09687e-13 6.5138e-14 3.85576e-14 2.27526e-14 1.33858e-14 7.85231e-15 4.59334e-15 2.67967e-15 1.55916e-15 9.04887e-16 5.23873e-16 3.02565e-16 1.74342e-16 1.00232e-16 5.74992e-17 3.29148e-17 1.88028e-17 1.07196e-17 6.09936e-18 3.46387e-18 1.9635e-18 1.111e-18 6.27524e-19 3.53833e-19 1.99176e-19 1.11934e-19 6.28047e-20 3.51837e-20 1.96801e-20 1.09917e-20 6.1301e-21 3.41389e-21 1.89856e-21 1.0544e-21 5.84792e-22 3.23914e-22 1.79185e-22 9.89975e-23 5.46276e-23 3.01075e-23 1.65738e-23 9.11309e-24 5.0051e-24 2.74583e-24 1.50473e-24 8.23712e-25 4.50435e-25 2.46058e-25 1.34276e-25 7.32024e-26 3.9868e-26 2.16921e-26 1.17914e-26 6.40361e-27 3.47443e-27 1.88343e-27 1.02007e-27 5.51985e-28 2.98437e-28 1.61216e-28 8.70167e-29 4.69289e-29
1.74257e-08 3.25434e-08 4.41622e-08 5.0593e-08 5.2017e-08 4.95175e-08 4.44593e-08 3.81061e-08 3.14412e-08 2.51266e-08 1.95394e-08 1.48387e-08 1.10366e-08 8.05832e-09 5.78711e-09 4.09438e-09 2.8577e-09 1.96996e-09 1.3426e-09 9.05467e-10 6.04739e-10 4.00249e-10 2.62678e-10 1.71035e-10 1.10541e-10 7.09464e-11 4.52355e-11 2.86635e-11 1.80559e-11 1.13106e-11 7.04765e-12 4.36926e-12 2.69575e-12 1.65559e-12 1.01231e-12 6.16381e-13 3.73793e-13 2.25803e-13 1.35898e-13 8.14978e-14 4.8706e-14 2.9012e-14 1.72261e-14 1.01966e-14 6.01766e-15 3.5412e-15 2.07809e-15 1.21621e-15 7.09931e-16 4.13358e-16 2.40088e-16 1.39117e-16 8.04244e-17 4.63894e-17 2.66995e-17 1.53343e-17 8.78881e-18 5.02716e-18 2.86989e-18 1.63524e-18 9.30014e-19 5.27972e-19 2.99203e-19 1.69266e-19 9.55973e-20 5.39022e-20 3.03439e-20 1.70551e-20 9.57129e-21 5.36335e-21 3.00099e-21 1.67676e-21 9.3555e-22 5.21274e-22 2.90055e-22 1.61184e-22 8.94548e-23 4.95832e-23 2.7449e-23 1.51772e-23 8.38178e-24 4.62353e-24 2.54749e-24 1.40204e-24 7.70777e-25 4.23278e-25 2.32198e-25 1.27244e-25 6.96575e-26 3.80943e-26 2.08123e-26 1.13594e-26 6.19404e-27 3.37429e-27 1.83648e-27 9.98607e-28 5.42516e-28 2.94473e-28 1.59699e-28 8.65335e-29 4.68491e-29
8.34982e-09 1.617e-08 2.25133e-08 2.63508e-08 2.7608e-08 2.67329e-08 2.43811e-08 2.12041e-08 1.77368e-08 1.43595e-08 1.1305e-08 8.68704e-09 6.53462e-09 4.8234e-09 3.50048e-09 2.50184e-09 1.76344e-09 1.22728e-09 8.44244e-10 5.74537e-10 3.87116e-10 2.58428e-10 1.71035e-10 1.12283e-10 7.31559e-11 4.73241e-11 3.04082e-11 1.94149e-11 1.23215e-11 7.77511e-12 4.87967e-12 3.04669e-12 1.89288e-12 1.1705e-12 7.20556e-13 4.41663e-13 2.696e-13 1.63918e-13 9.92844e-14 5.99163e-14 3.60312e-14 2.15942e-14 1.28996e-14 7.68141e-15 4.56018e-15 2.69924e-15 1.59318e-15 9.3775e-16 5.50489e-16 3.22319e-16 1.88248e-16 1.09677e-16 6.37493e-17 3.69688e-17 2.13907e-17 1.23501e-17 7.11535e-18 4.091e-18 2.34742e-18 1.34433e-18 7.68412e-19 4.38406e-19 2.49673e-19 1.41939e-19 8.0553e-20 4.56385e-20 2.58146e-20 1.45782e-20 8.21974e-21 4.62749e-21 2.60124e-21 1.46008e-21 8.18368e-22 4.58046e-22 2.56018e-22 1.42904e-22 7.96605e-23 4.43485e-23 2.46582e-23 1.36932e-23 7.59477e-24 4.2073e-24 2.328e-24 1.28664e-24 7.10301e-25 3.9169e-25 2.15758e-25 1.18721e-25 6.52569e-26 3.58325e-26 1.96555e-26 1.0771e-26 5.89659e-27 3.22496e-27 1.76212e-27 9.61919e-28 5.24616e-28 2.85858e-28 1.55622e-28 8.46469e-29 4.60018e-29
4.00096e-09 8.02422e-09 1.14546e-08 1.36905e-08 1.46101e-08 1.43843e-08 1.33212e-08 1.17517e-08 9.96258e-09 8.16846e-09 6.50892e-09 5.05959e-09 3.84827e-09 2.87091e-09 2.105e-09 1.51949e-09 1.08137e-09 7.59659e-10 5.27335e-10 3.62059e-10 2.46064e-10 1.65655e-10 1.10541e-10 7.31559e-11 4.80404e-11 3.1318e-11 2.02764e-11 1.30425e-11 8.33792e-12 5.29925e-12 3.34934e-12 2.10575e-12 1.31723e-12 8.20029e-13 5.08154e-13 3.13508e-13 1.92605e-13 1.17849e-13 7.18276e-14 4.36146e-14 2.63881e-14 1.59102e-14 9.56071e-15 5.72666e-15 3.41946e-15 2.03566e-15 1.20833e-15 7.15216e-16 4.22185e-16 2.48552e-16 1.45954e-16 8.54931e-17 4.99568e-17 2.9123e-17 1.69389e-17 9.83032e-18 5.69261e-18 3.28958e-18 1.89705e-18 1.09181e-18 6.27154e-19 3.59562e-19 2.05764e-19 1.17539e-19 6.70233e-20 3.81525e-20 2.16814e-20 1.2301e-20 6.96775e-21 3.94061e-21 2.22518e-21 1.25463e-21 7.06356e-22 3.97106e-22 2.22934e-22 1.24981e-22 6.99723e-23 3.91228e-23 2.18458e-23 1.21829e-23 6.78566e-24 3.77484e-24 2.0974e-24 1.164e-24 6.45232e-25 3.57261e-25 1.97592e-25 1.09163e-25 6.02436e-26 3.32113e-26 1.82898e-26 1.0062e-26 5.52997e-27 3.0362e-27 1.66538e-27 9.12601e-28 4.99618e-28 2.7327e-28 1.4933e-28 8.15291e-29 4.44727e-29
1.91713e-09 3.97724e-09 5.81742e-09 7.09632e-09 7.71036e-09 7.71567e-09 7.25318e-09 6.48844e-09 5.57319e-09 4.62657e-09 3.73038e-09 2.93265e-09 2.25481e-09 1.69976e-09 1.25889e-09 9.17604e-10 6.59214e-10 4.67351e-10 3.27322e-10 2.2669e-10 1.55372e-10 1.05465e-10 7.09464e-11 4.73241e-11 3.1318e-11 2.05715e-11 1.3418e-11 8.69401e-12 5.59785e-12 3.58285e-12 2.2802e-12 1.44334e-12 9.08928e-13 5.69579e-13 3.55251e-13 2.20578e-13 1.36369e-13 8.39593e-14 5.14868e-14 3.14529e-14 1.91438e-14 1.16106e-14 7.0177e-15 4.22768e-15 2.53878e-15 1.51988e-15 9.07192e-16 5.39928e-16 3.20449e-16 1.89673e-16 1.11973e-16 6.59343e-17 3.8729e-17 2.26942e-17 1.32672e-17 7.73854e-18 4.50378e-18 2.61553e-18 1.51577e-18 8.76634e-19 5.05988e-19 2.91486e-19 1.676e-19 9.61896e-20 5.5106e-20 3.15141e-20 1.79913e-20 1.02539e-20 5.83451e-21 3.31452e-21 1.87998e-21 1.06468e-21 6.02045e-22 3.39938e-22 1.91665e-22 1.07913e-22 6.06736e-23 3.40672e-23 1.91028e-23 1.06976e-23 5.98307e-24 3.34206e-24 1.86453e-24 1.03896e-24 5.78245e-25 3.21454e-25 1.78496e-25 9.90033e-26 5.48517e-26 3.0357e-26 1.67828e-26 9.2686e-27 5.11347e-27 2.81823e-27 1.55168e-27 8.53501e-28 4.69013e-28 2.57486e-28 1.41226e-28 7.73887e-29 4.23687e-29
9.18622e-10 1.96916e-09 2.94941e-09 3.67027e-09 4.05856e-09 4.12648e-09 3.93637e-09 3.56974e-09 3.10579e-09 2.60977e-09 2.12872e-09 1.6921e-09 1.31487e-09 1.00137e-09 7.48979e-10 5.51158e-10 3.9963e-10 2.85872e-10 2.01972e-10 1.41071e-10 9.74934e-11 6.67155e-11 4.52355e-11 3.04082e-11 2.02764e-11 1.3418e-11 8.81589e-12 5.75309e-12 3.73033e-12 2.40407e-12 1.5404e-12 9.81576e-13 6.22202e-13 3.92427e-13 2.46322e-13 1.53904e-13 9.57383e-14 5.93042e-14 3.65866e-14 2.24834e-14 1.37648e-14 8.39668e-15 5.10419e-15 3.09231e-15 1.86735e-15 1.1241e-15 6.74619e-16 4.03678e-16 2.40864e-16 1.4332e-16 8.50509e-17 5.03408e-17 2.9721e-17 1.75041e-17 1.02844e-17 6.02857e-18 3.52587e-18 2.05761e-18 1.19821e-18 6.96297e-19 4.03807e-19 2.33718e-19 1.35012e-19 7.78451e-20 4.48013e-20 2.57376e-20 1.47599e-20 8.44992e-21 4.82939e-21 2.75562e-21 1.56981e-21 8.92882e-22 5.07075e-22 2.87539e-22 1.6281e-22 9.20525e-23 5.19729e-23 2.93032e-23 1.64992e-23 9.2775e-24 5.20992e-24 2.92195e-24 1.6367e-24 9.15645e-25 5.11633e-25 2.85543e-25 1.59176e-25 8.86305e-26 4.92945e-26 2.73862e-26 1.51982e-26 8.42528e-27 4.66573e-27 2.5811e-27 1.42642e-27 7.87504e-28 4.3434e-28 2.39324e-28 1.31742e-28 7.2453e-29 3.98094e-29
4.40173e-10 9.73931e-10 1.49293e-09 1.89438e-09 2.13112e-09 2.20079e-09 2.12974e-09 1.95737e-09 1.72453e-09 1.46646e-09 1.20979e-09 9.72122e-10 7.63296e-10 5.87152e-10 4.43428e-10 3.29374e-10 2.40994e-10 1.73916e-10 1.2393e-10 8.72854e-11 6.08148e-11 4.19476e-11 2.86635e-11 1.94149e-11 1.30425e-11 8.69401e-12 5.75309e-12 3.78077e-12 2.4684e-12 1.60159e-12 1.03306e-12 6.62607e-13 4.22726e-13 2.68311e-13 1.6947e-13 1.0654e-13 6.66777e-14 4.15506e-14 2.57855e-14 1.59384e-14 9.81407e-15 6.02074e-15 3.68048e-15 2.24215e-15 1.3614e-15 8.2397e-16 4.97152e-16 2.99063e-16 1.79379e-16 1.07289e-16 6.39957e-17 3.80709e-17 2.259e-17 1.33706e-17 7.89459e-18 4.65028e-18 2.73293e-18 1.60252e-18 9.37626e-19 5.47434e-19 3.18958e-19 1.85463e-19 1.07627e-19 6.2338e-20 3.60385e-20 2.07961e-20 1.1979e-20 6.88804e-21 3.95391e-21 2.26585e-21 1.29635e-21 7.40488e-22 4.2231e-22 2.40479e-22 1.36732e-22 7.76283e-23 4.40092e-23 2.49145e-23 1.4085e-23 7.95191e-24 4.48338e-24 2.52447e-24 1.41963e-24 7.97322e-25 4.47253e-25 2.50579e-25 1.40222e-25 7.83753e-26 4.37563e-26 2.44011e-26 1.35924e-26 7.56319e-27 4.20385e-27 2.33415e-27 1.29467e-27 7.1737e-28 3.97091e-28 2.19586e-28 1.2131e-28 6.69531e-29 3.69176e-29
2.10916e-10 4.81231e-10 7.54542e-10 9.75864e-10 1.11646e-09 1.17068e-09 1.14892e-09 1.06987e-09 9.54295e-10 8.2102e-10 6.84886e-10 5.5622e-10 4.41214e-10 3.42746e-10 2.61314e-10 1.9589e-10 1.44607e-10 1.05262e-10 7.56412e-11 5.37127e-11 3.77233e-11 2.62235e-11 1.80559e-11 1.23215e-11 8.33792e-12 5.59785e-12 3.73033e-12 2.4684e-12 1.6225e-12 1.05976e-12 6.88042e-13 4.44156e-13 2.85157e-13 1.82124e-13 1.1574e-13 7.32028e-14 4.60875e-14 2.88889e-14 1.80321e-14 1.12098e-14 6.94154e-15 4.2823e-15 2.63222e-15 1.61231e-15 9.84243e-16 5.98876e-16 3.63243e-16 2.19648e-16 1.32425e-16 7.9609e-17 4.77248e-17 2.85332e-17 1.70144e-17 1.01198e-17 6.00412e-18 3.55369e-18 2.0984e-18 1.23625e-18 7.26701e-19 4.26249e-19 2.49489e-19 1.45729e-19 8.49504e-20 4.94234e-20 2.8699e-20 1.66337e-20 9.6231e-21 5.55733e-21 3.20374e-21 1.84377e-21 1.05933e-21 6.07637e-22 3.47986e-22 1.98975e-22 1.13597e-22 6.47568e-23 3.68605e-23 2.09513e-23 1.18917e-23 6.74023e-24 3.81517e-24 2.15661e-24 1.21748e-24 6.86419e-25 3.86518e-25 2.17376e-25 1.22102e-25 6.85038e-26 3.8388e-26 2.14869e-26 1.20132e-26 6.709e-27 3.74266e-27 2.08561e-27 1.16098e-27 6.45598e-28 3.58635e-28 1.99023e-28 1.10337e-28 6.11101e-29 3.38131e-29
1.01064e-10 2.37564e-10 3.80807e-10 5.01779e-10 5.83615e-10 6.21179e-10 6.18096e-10 5.83016e-10 5.26364e-10 4.58071e-10 3.8631e-10 3.17026e-10 2.54008e-10 1.99232e-10 1.53317e-10 1.15972e-10 8.63619e-11 6.33999e-11 4.59363e-11 3.28825e-11 2.32756e-11 1.63045e-11 1.13106e-11 7.77511e-12 5.29925e-12 3.58285e-12 2.40407e-12 1.60159e-12 1.05976e-12 6.96726e-13 4.55258e-13 2.95746e-13 1.91058e-13 1.22774e-13 7.84946e-14 4.99416e-14 3.16272e-14 1.99396e-14 1.25171e-14 7.82528e-15 4.87266e-15 3.02252e-15 1.86795e-15 1.1503e-15 7.05933e-16 4.31785e-16 2.63252e-16 1.6e-16 9.69524e-17 5.85765e-17 3.52903e-17 2.12026e-17 1.27046e-17 7.59279e-18 4.52632e-18 2.69166e-18 1.59682e-18 9.45109e-19 5.58112e-19 3.28852e-19 1.9335e-19 1.13443e-19 6.64228e-20 3.88141e-20 2.26367e-20 1.31768e-20 7.65587e-21 4.44007e-21 2.57046e-21 1.48551e-21 8.57042e-22 4.93632e-22 2.83855e-22 1.62965e-22 9.34145e-23 5.34648e-23 3.0554e-23 1.74353e-23 9.93493e-24 5.65307e-24 3.21219e-24 1.82274e-24 1.03293e-24 5.84579e-25 3.30414e-25 1.86519e-25 1.05159e-25 5.92166e-26 3.33056e-26 1.87102e-26 1.04988e-26 5.8844e-27 3.29443e-27 1.84238e-27 1.02922e-27 5.74346e-28 3.20172e-28 1.78297e-28 9.91894e-29 5.51254e-29 3.06062e-29
4.84265e-11 1.17175e-10 1.91927e-10 2.5756e-10 3.04447e-10 3.2883e-10 3.31653e-10 3.16803e-10 2.89435e-10 2.54732e-10 2.1714e-10 1.80032e-10 1.45672e-10 1.15345e-10 8.95785e-11 6.83609e-11 5.13458e-11 3.80094e-11 2.77638e-11 2.00317e-11 1.42889e-11 1.00849e-11 7.04765e-12 4.87967e-12 3.34934e-12 2.2802e-12 1.5404e-12 1.03306e-12 6.88042e-13 4.55258e-13 2.99359e-13 1.95681e-13 1.27189e-13 8.22246e-14 5.28822e-14 3.3843e-14 2.15559e-14 1.36675e-14 8.62802e-15 5.42384e-15 3.39582e-15 2.11781e-15 1.31582e-15 8.14572e-16 5.02502e-16 3.0894e-16 1.89316e-16 1.15643e-16 7.04233e-17 4.27581e-17 2.58859e-17 1.56276e-17 9.40881e-18 5.64974e-18 3.38379e-18 2.02159e-18 1.20482e-18 7.16346e-19 4.24933e-19 2.51502e-19 1.48528e-19 8.75278e-20 5.14728e-20 3.02082e-20 1.76933e-20 1.0343e-20 6.03481e-21 3.51458e-21 2.04313e-21 1.18563e-21 6.86828e-22 3.972e-22 2.29324e-22 1.32185e-22 7.60718e-23 4.37106e-23 2.50776e-23 1.43659e-23 8.21752e-24 4.69379e-24 2.67726e-24 1.52495e-24 8.67422e-25 4.92747e-25 2.79542e-25 1.58384e-25 8.9624e-26 5.06522e-26 2.85918e-26 1.61199e-26 9.0776e-27 5.10594e-27 2.8687e-27 1.60993e-27 9.02503e-28 5.05381e-28 2.827e-28 1.5797e-28 8.81811e-29 4.91737e-29 2.73939e-29
2.32044e-11 5.77477e-11 9.66071e-11 1.31985e-10 1.58505e-10 1.73681e-10 1.77513e-10 1.71679e-10 1.58689e-10 1.41214e-10 1.21648e-10 1.0188e-10 8.32362e-11 6.65244e-11 5.21302e-11 4.01302e-11 3.03971e-11 2.2687e-11 1.67042e-11 1.21461e-11 8.72992e-12 6.2072e-12 4.36926e-12 3.04669e-12 2.10575e-12 1.44334e-12 9.81576e-13 6.62607e-13 4.44156e-13 2.95746e-13 1.95681e-13 1.28694e-13 8.41528e-14 5.47257e-14 3.54023e-14 2.27869e-14 1.45964e-14 9.30665e-15 5.90759e-15 3.73395e-15 2.35039e-15 1.47362e-15 9.20389e-16 5.72733e-16 3.55127e-16 2.19441e-16 1.35145e-16 8.29627e-17 5.07698e-17 3.0975e-17 1.88425e-17 1.14295e-17 6.91368e-18 4.17083e-18 2.50956e-18 1.50615e-18 9.01699e-19 5.38526e-19 3.20872e-19 1.90749e-19 1.13142e-19 6.69636e-20 3.95487e-20 2.33091e-20 1.37101e-20 8.04813e-21 4.71533e-21 2.75746e-21 1.60955e-21 9.37816e-22 5.4546e-22 3.16707e-22 1.83577e-22 1.06233e-22 6.13757e-23 3.54032e-23 2.03898e-23 1.17252e-23 6.73252e-24 3.86009e-24 2.21e-24 1.2635e-24 7.21361e-25 4.11283e-25 2.34179e-25 1.33164e-25 7.5625e-26 4.28937e-26 2.42987e-26 1.3748e-26 7.76918e-27 4.38528e-27 2.47238e-27 1.39231e-27 7.83196e-28 4.40072e-28 2.47004e-28 1.3849e-28 7.7567e-29 4.33995e-29 2.42576e-29
1.11188e-11 2.84381e-11 4.85682e-11 6.75286e-11 8.23682e-11 9.15386e-11 9.47868e-11 9.27943e-11 8.67616e-11 7.80508e-11 6.79358e-11 5.74622e-11 4.73952e-11 3.82278e-11 3.02223e-11 2.34653e-11 1.79221e-11 1.34845e-11 1.00067e-11 7.33198e-12 5.30921e-12 3.80256e-12 2.69575e-12 1.89288e-12 1.31723e-12 9.08928e-13 6.22202e-13 4.22726e-13 2.85157e-13 1.91058e-13 1.27189e-13 8.41528e-14 5.53538e-14 3.62076e-14 2.35577e-14 1.52491e-14 9.82257e-15 6.29742e-15 4.01917e-15 2.554e-15 1.61618e-15 1.0186e-15 6.39484e-16 3.99967e-16 2.49255e-16 1.54789e-16 9.57998e-17 5.90965e-17 3.63394e-17 2.22769e-17 1.36154e-17 8.2975e-18 5.04243e-18 3.05592e-18 1.84709e-18 1.11355e-18 6.69632e-19 4.01696e-19 2.40392e-19 1.43527e-19 8.54986e-20 5.08187e-20 3.01405e-20 1.78386e-20 1.05361e-20 6.21046e-21 3.65355e-21 2.14523e-21 1.25723e-21 7.35465e-22 4.29465e-22 2.5034e-22 1.45675e-22 8.46271e-23 4.90814e-23 2.84199e-23 1.64301e-23 9.48381e-24 5.46594e-24 3.14556e-24 1.80757e-24 1.03722e-24 5.94333e-25 3.40087e-25 1.94338e-25 1.10904e-25 6.32075e-26 3.59774e-26 2.04522e-26 1.16121e-26 6.58495e-27 3.72967e-27 2.10996e-27 1.19227e-27 6.72942e-28 3.79396e-28 2.13661e-28 1.20195e-28 6.7543e-29 3.79155e-29 2.12618e-29
