0.178403 0.0901028 0.0455064 0.0229831 0.0116076 0.00586242 0.00296082 0.00149536 0.000755234 0.000381431 0.000192642 9.7294e-05 4.91384e-05 2.48174e-05 1.2534e-05 6.33032e-06 3.19713e-06 1.61471e-06 8.15511e-07 4.11874e-07 2.08017e-07 1.05059e-07 5.30602e-08 2.67981e-08 1.35344e-08 6.83555e-09 3.4523e-09 1.74358e-09 8.80598e-10 4.44747e-10 2.2462e-10 1.13444e-10 5.72951e-11 2.89369e-11 1.46146e-11 7.38111e-12 3.72783e-12 1.88274e-12 9.50881e-13 4.80243e-13 2.42547e-13 1.22498e-13 6.18679e-14 3.12464e-14 1.5781e-14 7.97021e-15 4.02536e-15 2.03301e-15 1.02677e-15 5.18572e-16 2.61905e-16 1.32275e-16 6.68057e-17 3.37402e-17 1.70405e-17 8.60633e-18 4.34663e-18 2.19527e-18 1.10872e-18 5.5996e-19 2.82808e-19 1.42832e-19 7.21376e-20 3.64331e-20 1.84006e-20 9.29321e-21 4.69354e-21 2.37048e-21 1.19721e-21 6.04651e-22 3.0538e-22 1.54232e-22 7.7895e-23 3.93409e-23 1.98691e-23 1.00349e-23 5.06814e-24 2.55967e-24 1.29276e-24 6.5291e-25 3.29752e-25 1.66542e-25 8.41119e-26 4.24808e-26 2.14549e-26 1.08358e-26 5.47264e-27 2.76396e-27 1.39594e-27 7.0502e-28 3.56071e-28 1.79834e-28 9.08251e-29 4.58712e-29 2.31673e-29 1.17007e-29 5.90942e-30 2.98456e-30 1.50735e-30 7.61289e-31 3.84489e-31
0.0901028 0.057383 0.0349796 0.0206959 0.0119825 0.0068245 0.00383699 0.00213498 0.00117782 0.000645136 0.000351219 0.000190208 0.000102542 5.50599e-05 2.94601e-05 1.57133e-05 8.35742e-06 4.43375e-06 2.34676e-06 1.23952e-06 6.53441e-07 3.43869e-07 1.80665e-07 9.47773e-08 4.96513e-08 2.59774e-08 1.3575e-08 7.08587e-09 3.6948e-09 1.92468e-09 1.00167e-09 5.20846e-10 2.70606e-10 1.40484e-10 7.28778e-11 3.77799e-11 1.95721e-11 1.01331e-11 5.24306e-12 2.71131e-12 1.40132e-12 7.23883e-13 3.73753e-13 1.92883e-13 9.94956e-14 5.13009e-14 2.64401e-14 1.36216e-14 7.01492e-15 3.61124e-15 1.85838e-15 9.56012e-16 4.9164e-16 2.5275e-16 1.29898e-16 6.67394e-17 3.42797e-17 1.76023e-17 9.03622e-18 4.63755e-18 2.37948e-18 1.22058e-18 6.25965e-19 3.20946e-19 1.64519e-19 8.43155e-20 4.32023e-20 2.21318e-20 1.13355e-20 5.80469e-21 2.97191e-21 1.5213e-21 7.78599e-22 3.98417e-22 2.0384e-22 1.04272e-22 5.33307e-23 2.72721e-23 1.39442e-23 7.12858e-24 3.64376e-24 1.86223e-24 9.51609e-25 4.8621e-25 2.48389e-25 1.26877e-25 6.48007e-26 3.3092e-26 1.68971e-26 8.62683e-27 4.40392e-27 2.2479e-27 1.14728e-27 5.85479e-28 2.9875e-28 1.52426e-28 7.77619e-29 3.96671e-29 2.02326e-29 1.03188e-29 5.2622e-30
0.0455064 0.0349796 0.024516 0.0162405 0.0103528 0.00641663 0.00389215 0.00232071 0.00136448 0.000792935 0.000456244 0.000260285 0.000147391 8.29181e-05 4.63777e-05 2.58057e-05 1.42921e-05 7.88208e-06 4.3303e-06 2.37067e-06 1.29367e-06 7.03864e-07 3.81911e-07 2.06696e-07 1.11602e-07 6.01252e-08 3.23254e-08 1.73457e-08 9.29082e-09 4.96791e-09 2.65213e-09 1.41369e-09 7.52474e-10 3.99978e-10 2.12334e-10 1.12583e-10 5.96231e-11 3.1541e-11 1.66677e-11 8.79902e-12 4.64059e-12 2.44518e-12 1.28725e-12 6.77086e-13 3.55854e-13 1.86878e-13 9.80661e-14 5.14238e-14 2.69468e-14 1.4111e-14 7.38461e-15 3.86212e-15 2.01866e-15 1.0545e-15 5.50536e-16 2.87269e-16 1.49818e-16 7.80937e-17 4.06869e-17 2.11878e-17 1.10284e-17 5.73783e-18 2.98395e-18 1.55114e-18 8.05997e-19 4.1864e-19 2.1736e-19 1.12812e-19 5.85286e-20 3.03548e-20 1.57375e-20 8.15632e-21 4.22581e-21 2.1887e-21 1.13325e-21 5.86587e-22 3.03535e-22 1.57021e-22 8.12052e-23 4.19845e-23 2.17008e-23 1.12137e-23 5.79303e-24 2.99195e-24 1.54488e-24 7.97501e-25 4.11589e-25 2.12371e-25 1.09554e-25 5.65021e-26 2.91344e-26 1.50195e-26 7.74131e-27 3.98918e-27 2.05526e-27 1.05868e-27 5.45225e-28 2.80742e-28 1.4453e-28 7.43924e-29 3.82845e-29
0.0229831 0.0206959 0.0162405 0.0117831 0.00811835 0.00538936 0.00347806 0.00219499 0.00136025 0.000830255 0.000500275 0.000298117 0.000175939 0.000102952 5.97887e-05 3.44871e-05 1.97715e-05 1.12723e-05 6.3943e-06 3.61047e-06 2.02996e-06 1.13686e-06 6.34372e-07 3.5279e-07 1.95578e-07 1.08106e-07 5.95909e-08 3.27634e-08 1.79698e-08 9.83332e-09 5.36931e-09 2.92582e-09 1.59124e-09 8.6382e-10 4.68115e-10 2.53255e-10 1.36797e-10 7.378e-11 3.9735e-11 2.13702e-11 1.14781e-11 6.1572e-12 3.29889e-12 1.76542e-12 9.43716e-13 5.03927e-13 2.6881e-13 1.43248e-13 7.62634e-14 4.05641e-14 2.15565e-14 1.14457e-14 6.07213e-15 3.21878e-15 1.70492e-15 9.02377e-16 4.7726e-16 2.5224e-16 1.33222e-16 7.03151e-17 3.70886e-17 1.95506e-17 1.02995e-17 5.42268e-18 2.8534e-18 1.50061e-18 7.88746e-19 4.14359e-19 2.17567e-19 1.1418e-19 5.98928e-20 3.14017e-20 1.64562e-20 8.62002e-21 4.51331e-21 2.36208e-21 1.2357e-21 6.46176e-22 3.37765e-22 1.76485e-22 9.21796e-23 4.81281e-23 2.51191e-23 1.31055e-23 6.83518e-24 3.56367e-24 1.85737e-24 9.6774e-25 5.04055e-25 2.62458e-25 1.36618e-25 7.10927e-26 3.69839e-26 1.92342e-26 1.00003e-26 5.1979e-27 2.70101e-27 1.40316e-27 7.28738e-28 3.78377e-28 1.96412e-28
0.0116076 0.0119825 0.0103528 0.00811835 0.00597917 0.00421134 0.00286762 0.00190124 0.00123345 0.000785863 0.000493058 0.000305279 0.000186843 0.000113196 6.79591e-05 4.047e-05 2.3924e-05 1.40489e-05 8.19998e-06 4.75952e-06 2.74844e-06 1.57961e-06 9.03872e-07 5.15096e-07 2.92424e-07 1.6542e-07 9.32636e-08 5.24169e-08 2.93728e-08 1.64137e-08 9.14788e-09 5.08569e-09 2.82065e-09 1.56089e-09 8.61916e-10 4.74976e-10 2.61237e-10 1.43413e-10 7.85914e-11 4.29954e-11 2.34835e-11 1.28064e-11 6.97332e-12 3.79165e-12 2.05881e-12 1.11642e-12 6.04616e-13 3.27038e-13 1.76684e-13 9.53455e-14 5.13949e-14 2.76742e-14 1.4886e-14 7.99922e-15 4.29432e-15 2.30321e-15 1.23418e-15 6.6075e-16 3.53447e-16 1.88909e-16 1.00885e-16 5.38348e-17 2.87057e-17 1.52951e-17 8.14368e-18 4.33298e-18 2.30386e-18 1.22415e-18 6.50033e-19 3.44954e-19 1.82945e-19 9.69657e-20 5.13644e-20 2.71931e-20 1.43884e-20 7.60908e-21 4.02179e-21 2.12463e-21 1.12182e-21 5.92042e-22 3.12298e-22 1.64657e-22 8.67743e-23 4.57093e-23 2.40671e-23 1.26665e-23 6.66352e-24 3.50405e-24 1.84187e-24 9.67776e-25 5.083e-25 2.6687e-25 1.4006e-25 7.348e-26 3.8536e-26 2.02028e-26 1.05877e-26 5.54685e-27 2.90499e-27 1.52089e-27 7.96001e-28
0.00586242 0.0068245 0.00641663 0.00538936 0.00421134 0.00312677 0.00223362 0.00154775 0.00104626 0.000692802 0.00045078 0.000288905 0.00018273 0.000114237 7.06802e-05 4.33259e-05 2.63358e-05 1.58866e-05 9.51663e-06 5.66444e-06 3.35174e-06 1.97249e-06 1.15494e-06 6.7307e-07 3.90526e-07 2.25658e-07 1.29889e-07 7.4493e-08 4.25766e-08 2.42562e-08 1.37767e-08 7.80204e-09 4.40632e-09 2.48204e-09 1.39463e-09 7.81771e-10 4.37236e-10 2.44013e-10 1.35898e-10 7.55351e-11 4.19046e-11 2.32051e-11 1.28275e-11 7.07903e-12 3.90033e-12 2.14561e-12 1.17856e-12 6.46428e-13 3.54065e-13 1.93669e-13 1.05797e-13 5.77214e-14 3.14537e-14 1.71196e-14 9.30724e-15 5.05437e-15 2.74187e-15 1.48585e-15 8.04381e-16 4.35035e-16 2.35057e-16 1.26888e-16 6.84343e-17 3.68764e-17 1.98542e-17 1.06806e-17 5.74104e-18 3.08349e-18 1.65486e-18 8.87472e-19 4.75589e-19 2.54683e-19 1.36291e-19 7.28854e-20 3.89516e-20 2.08032e-20 1.11035e-20 5.92277e-21 3.15737e-21 1.68218e-21 8.95707e-22 4.76668e-22 2.53528e-22 1.34773e-22 7.16058e-23 3.8025e-23 2.01823e-23 1.07067e-23 5.67712e-24 3.00881e-24 1.59389e-24 8.43959e-25 4.46673e-25 2.36302e-25 1.24956e-25 6.60481e-26 3.48967e-26 1.84302e-26 9.72973e-27 5.13453e-27 2.70852e-27
0.00296082 0.00383699 0.00389215 0.00347806 0.00286762 0.00223362 0.00166677 0.00120245 0.000843951 0.000578914 0.000389451 0.00025763 0.000167944 0.00010807 6.87439e-05 4.32774e-05 2.69911e-05 1.66909e-05 1.02415e-05 6.23936e-06 3.77622e-06 2.27157e-06 1.35874e-06 8.08454e-07 4.78668e-07 2.82104e-07 1.6554e-07 9.67441e-08 5.63218e-08 3.267e-08 1.88855e-08 1.08816e-08 6.25046e-09 3.57974e-09 2.04443e-09 1.16448e-09 6.61581e-10 3.7495e-10 2.12006e-10 1.19606e-10 6.73321e-11 3.78266e-11 2.12087e-11 1.18687e-11 6.62971e-12 3.69675e-12 2.05782e-12 1.14362e-12 6.34551e-13 3.5155e-13 1.94476e-13 1.07429e-13 5.92621e-14 3.26475e-14 1.79621e-14 9.87004e-15 5.41688e-15 2.96937e-15 1.62585e-15 8.8922e-16 4.8581e-16 2.65134e-16 1.4455e-16 7.87293e-17 4.28383e-17 2.32872e-17 1.26474e-17 6.86266e-18 3.72053e-18 2.01532e-18 1.09074e-18 5.89858e-19 3.18733e-19 1.72096e-19 9.28503e-20 5.00582e-20 2.69683e-20 1.45186e-20 7.81078e-21 4.19924e-21 2.25611e-21 1.21135e-21 6.49981e-22 3.48549e-22 1.86794e-22 1.00047e-22 5.3554e-23 2.86504e-23 1.53189e-23 8.18625e-24 4.37229e-24 2.33402e-24 1.2453e-24 6.64083e-25 3.5396e-25 1.88571e-25 1.00412e-25 5.34431e-26 2.84313e-26 1.51183e-26 8.03559e-27
0.00149536 0.00213498 0.00232071 0.00219499 0.00190124 0.00154775 0.00120245 0.000900401 0.000654319 0.000463756 0.000321785 0.000219221 0.000146973 9.71517e-05 6.34139e-05 4.0926e-05 2.61435e-05 1.65456e-05 1.03825e-05 6.46433e-06 3.99584e-06 2.45353e-06 1.49719e-06 9.08336e-07 5.4811e-07 3.29069e-07 1.96625e-07 1.16961e-07 6.92799e-08 4.08729e-08 2.40226e-08 1.40684e-08 8.21081e-09 4.77658e-09 2.77016e-09 1.60181e-09 9.23616e-10 5.3113e-10 3.04642e-10 1.74302e-10 9.94914e-11 5.66601e-11 3.21972e-11 1.82575e-11 1.0332e-11 5.83551e-12 3.28968e-12 1.85113e-12 1.03982e-12 5.83095e-13 3.26444e-13 1.82468e-13 1.01835e-13 5.67493e-14 3.15789e-14 1.75478e-14 9.7378e-15 5.39666e-15 2.98698e-15 1.6512e-15 9.11675e-16 5.02771e-16 2.76951e-16 1.52388e-16 8.37583e-17 4.59882e-17 2.52242e-17 1.38214e-17 7.56591e-18 4.13767e-18 2.26072e-18 1.23407e-18 6.73055e-19 3.66761e-19 1.99686e-19 1.08631e-19 5.90482e-20 3.20713e-20 1.74057e-20 9.4392e-21 5.11514e-21 2.76991e-21 1.49887e-21 8.10518e-22 4.3799e-22 2.36524e-22 1.27645e-22 6.88418e-23 3.71047e-23 1.99865e-23 1.07593e-23 5.78858e-24 3.11249e-24 1.67262e-24 8.98342e-25 4.82223e-25 2.58713e-25 1.38727e-25 7.4349e-26 3.98261e-26 2.13227e-26
0.000755234 0.00117782 0.00136448 0.00136025 0.00123345 0.00104626 0.000843951 0.000654319 0.000491199 0.000358958 0.00025639 0.000179549 0.000123586 8.37787e-05 5.60262e-05 3.70119e-05 2.4182e-05 1.56413e-05 1.00244e-05 6.3705e-06 4.01698e-06 2.5147e-06 1.5637e-06 9.66278e-07 5.93617e-07 3.62682e-07 2.20447e-07 1.33344e-07 8.02874e-08 4.81325e-08 2.87372e-08 1.70906e-08 1.01266e-08 5.97906e-09 3.51839e-09 2.06377e-09 1.20683e-09 7.03654e-10 4.0912e-10 2.37231e-10 1.37205e-10 7.91572e-11 4.55589e-11 2.61612e-11 1.49893e-11 8.56995e-12 4.88969e-12 2.78434e-12 1.58244e-12 8.97697e-13 5.08337e-13 2.87355e-13 1.62165e-13 9.13663e-14 5.1396e-14 2.88674e-14 1.61897e-14 9.06659e-15 5.07037e-15 2.83167e-15 1.57932e-15 8.79706e-16 4.89396e-16 2.71927e-16 1.50913e-16 8.36563e-17 4.63211e-17 2.56201e-17 1.41552e-17 7.81264e-18 4.30758e-18 2.37266e-18 1.30561e-18 7.17759e-19 3.9422e-19 2.16323e-19 1.18599e-19 6.49654e-20 3.55559e-20 1.94438e-20 1.06242e-20 5.80045e-21 3.16439e-21 1.72498e-21 9.39625e-22 5.11452e-22 2.7819e-22 1.51207e-22 8.213e-23 4.45796e-23 2.41814e-23 1.31082e-23 7.10108e-24 3.84444e-24 2.08005e-24 1.12474e-24 6.0781e-25 3.2827e-25 1.77192e-25 9.55902e-26 5.15395e-26
0.000381431 0.000645136 0.000792935 0.000830255 0.000785863 0.000692802 0.000578914 0.000463756 0.000358958 0.000269991 0.000198184 0.000142444 0.000100513 6.97799e-05 4.77458e-05 3.22457e-05 2.15219e-05 1.42109e-05 9.29161e-06 6.02051e-06 3.86857e-06 2.46665e-06 1.5615e-06 9.81892e-07 6.13564e-07 3.81154e-07 2.35472e-07 1.44715e-07 8.85017e-08 5.38727e-08 3.2649e-08 1.97039e-08 1.18442e-08 7.09277e-09 4.23209e-09 2.5165e-09 1.49144e-09 8.8114e-10 5.19004e-10 3.04816e-10 1.78524e-10 1.04278e-10 6.07538e-11 3.53084e-11 2.04714e-11 1.18418e-11 6.83477e-12 3.93641e-12 2.26244e-12 1.29773e-12 7.42935e-13 4.24525e-13 2.4214e-13 1.37869e-13 7.83653e-14 4.44696e-14 2.51944e-14 1.42517e-14 8.04952e-15 4.53976e-15 2.55666e-15 1.43783e-15 8.07518e-16 4.52921e-16 2.53707e-16 1.41938e-16 7.93107e-17 4.42637e-17 2.4675e-17 1.37396e-17 7.642e-18 4.24591e-18 2.35654e-18 1.30656e-18 7.23681e-19 4.00438e-19 2.21362e-19 1.22253e-19 6.74553e-20 3.7186e-20 2.04813e-20 1.12709e-20 6.19714e-21 3.40457e-21 1.86887e-21 1.02506e-21 5.61796e-22 3.07663e-22 1.68362e-22 9.20643e-23 5.03065e-23 2.74693e-23 1.49888e-23 8.17317e-24 4.4537e-24 2.42529e-24 1.31985e-24 7.1781e-25 3.90141e-25 2.11917e-25 1.1504e-25
0.000192642 0.000351219 0.000456244 0.000500275 0.000493058 0.00045078 0.000389451 0.000321785 0.00025639 0.000198184 0.000149291 0.000109982 7.94593e-05 5.64263e-05 3.94583e-05 2.72139e-05 1.85356e-05 1.24817e-05 8.31778e-06 5.49005e-06 3.59168e-06 2.33052e-06 1.50069e-06 9.59481e-07 6.09376e-07 3.84608e-07 2.41322e-07 1.50581e-07 9.34694e-08 5.77322e-08 3.54918e-08 2.17222e-08 1.32385e-08 8.0356e-09 4.85879e-09 2.92712e-09 1.75723e-09 1.05136e-09 6.27017e-10 3.72788e-10 2.20981e-10 1.3062e-10 7.69965e-11 4.52673e-11 2.65456e-11 1.55286e-11 9.0624e-12 5.27667e-12 3.0656e-12 1.77722e-12 1.02818e-12 5.93642e-13 3.42087e-13 1.96758e-13 1.12962e-13 6.47387e-14 3.70381e-14 2.11547e-14 1.20631e-14 6.8679e-15 3.90412e-15 2.21601e-15 1.256e-15 7.10869e-16 4.01782e-16 2.26781e-16 1.27836e-16 7.19686e-17 4.0466e-17 2.27252e-17 1.2747e-17 7.14173e-18 3.99673e-18 2.23421e-18 1.24759e-18 6.95922e-19 3.8779e-19 2.1587e-19 1.20048e-19 6.66956e-20 3.7019e-20 2.0528e-20 1.1373e-20 6.29521e-21 3.4815e-21 1.92375e-21 1.0621e-21 5.85897e-22 3.22943e-22 1.77863e-22 9.78824e-23 5.38259e-23 2.95768e-23 1.62402e-23 8.91079e-24 4.88575e-24 2.67696e-24 1.46573e-24 8.02001e-25 4.38536e-25 2.39637e-25
9.7294e-05 0.000190208 0.000260285 0.000298117 0.000305279 0.000288905 0.00025763 0.000219221 0.000179549 0.000142444 0.000109982 8.29511e-05 6.12933e-05 4.44759e-05 3.17544e-05 2.23439e-05 1.55163e-05 1.06463e-05 7.22498e-06 4.85379e-06 3.23049e-06 2.13155e-06 1.39515e-06 9.0632e-07 5.84637e-07 3.74648e-07 2.38596e-07 1.51063e-07 9.51163e-08 5.95768e-08 3.71317e-08 2.30338e-08 1.42246e-08 8.74701e-09 5.35687e-09 3.26793e-09 1.98618e-09 1.20287e-09 7.25998e-10 4.36747e-10 2.61914e-10 1.56593e-10 9.33523e-11 5.54957e-11 3.29019e-11 1.94559e-11 1.1476e-11 6.75262e-12 3.96402e-12 2.32174e-12 1.35686e-12 7.91288e-13 4.60508e-13 2.67467e-13 1.55046e-13 8.97087e-14 5.181e-14 2.9869e-14 1.71901e-14 9.87654e-15 5.6653e-15 3.24452e-15 1.85526e-15 1.05926e-15 6.039e-16 3.43798e-16 1.9545e-16 1.10962e-16 6.29124e-17 3.56233e-17 2.01456e-17 1.13786e-17 6.41909e-18 3.61695e-18 2.03568e-18 1.14442e-18 6.4266e-19 3.60501e-19 2.02009e-19 1.1308e-19 6.32351e-20 3.53263e-20 1.97159e-20 1.09931e-20 6.12371e-21 3.40809e-21 1.89504e-21 1.05279e-21 5.84369e-22 3.24089e-22 1.79589e-22 9.94351e-23 5.50111e-23 3.04101e-23 1.67977e-23 9.27152e-24 5.1136e-24 2.81828e-24 1.55213e-24 8.54204e-25 4.69779e-25
4.91384e-05 0.000102542 0.000147391 0.000175939 0.000186843 0.00018273 0.000167944 0.000146973 0.000123586 0.000100513 7.94593e-05 6.12933e-05 4.62758e-05 3.42801e-05 2.49669e-05 1.79085e-05 1.26693e-05 8.85066e-06 6.11213e-06 4.17641e-06 2.8259e-06 1.8948e-06 1.25978e-06 8.31e-07 5.44122e-07 3.53819e-07 2.28576e-07 1.46761e-07 9.36841e-08 5.94746e-08 3.75606e-08 2.36037e-08 1.47632e-08 9.19247e-09 5.6993e-09 3.51911e-09 2.16443e-09 1.32625e-09 8.09744e-10 4.92687e-10 2.98783e-10 1.80616e-10 1.08849e-10 6.54052e-11 3.91889e-11 2.34164e-11 1.39549e-11 8.29507e-12 4.91856e-12 2.90948e-12 1.71706e-12 1.01107e-12 5.94059e-13 3.48306e-13 2.038e-13 1.1901e-13 6.93621e-14 4.03503e-14 2.34303e-14 1.35813e-14 7.85871e-15 4.53975e-15 2.6182e-15 1.50758e-15 8.66728e-16 4.97539e-16 2.85187e-16 1.63232e-16 9.32975e-17 5.32523e-17 3.03545e-17 1.72798e-17 9.82421e-18 5.57844e-18 3.1637e-18 1.79209e-18 1.01394e-18 5.73018e-19 3.23472e-19 1.82401e-19 1.02743e-19 5.78117e-20 3.24962e-20 1.82477e-20 1.02366e-20 5.73689e-21 3.21207e-21 1.79675e-21 1.00413e-21 5.6066e-22 3.12771e-22 1.74332e-22 9.70857e-23 5.4022e-23 3.00351e-23 1.66854e-23 9.26186e-24 5.13714e-24 2.84716e-24 1.57679e-24 8.72601e-25
2.48174e-05 5.50599e-05 8.29181e-05 0.000102952 0.000113196 0.000114237 0.00010807 9.71517e-05 8.37787e-05 6.97799e-05 5.64263e-05 4.44759e-05 3.42801e-05 2.59032e-05 1.923e-05 1.40504e-05 1.0119e-05 7.19241e-06 5.05108e-06 3.50818e-06 2.41176e-06 1.64233e-06 1.10854e-06 7.4209e-07 4.92955e-07 3.25094e-07 2.12935e-07 1.38577e-07 8.96385e-08 5.76498e-08 3.68748e-08 2.34644e-08 1.48575e-08 9.3635e-09 5.87465e-09 3.66998e-09 2.2833e-09 1.415e-09 8.73606e-10 5.37406e-10 3.29444e-10 2.01284e-10 1.22586e-10 7.44266e-11 4.50524e-11 2.71929e-11 1.63676e-11 9.82534e-12 5.88276e-12 3.51335e-12 2.09317e-12 1.24413e-12 7.37785e-13 4.36548e-13 2.57751e-13 1.51866e-13 8.92974e-14 5.24036e-14 3.06938e-14 1.79444e-14 1.04717e-14 6.10016e-15 3.54745e-15 2.0595e-15 1.19371e-15 6.90783e-16 3.99126e-16 2.3026e-16 1.32643e-16 7.62995e-17 4.38274e-17 2.51402e-17 1.44015e-17 8.23897e-18 4.70737e-18 2.68618e-18 1.53093e-18 8.71468e-19 4.95489e-19 2.81393e-19 1.59624e-19 9.04487e-20 5.11956e-20 2.89467e-20 1.63498e-20 9.22524e-21 5.20004e-21 2.92824e-21 1.64735e-21 9.25874e-22 5.19891e-22 2.91659e-22 1.63473e-22 9.15451e-23 5.12207e-23 2.86343e-23 1.59942e-23 8.92649e-24 4.97791e-24 2.77376e-24 1.54436e-24
1.2534e-05 2.94601e-05 4.63777e-05 5.97887e-05 6.79591e-05 7.06802e-05 6.87439e-05 6.34139e-05 5.60262e-05 4.77458e-05 3.94583e-05 3.17544e-05 2.49669e-05 1.923e-05 1.45414e-05 1.08154e-05 7.92433e-06 5.72724e-06 4.0878e-06 2.8842e-06 2.01342e-06 1.39171e-06 9.53165e-07 6.47225e-07 4.35961e-07 2.91447e-07 1.93457e-07 1.27555e-07 8.35711e-08 5.44264e-08 3.52445e-08 2.26999e-08 1.45452e-08 9.27441e-09 5.88598e-09 3.71884e-09 2.33958e-09 1.46584e-09 9.14805e-10 5.68761e-10 3.52336e-10 2.17504e-10 1.3382e-10 8.20669e-11 5.01719e-11 3.05806e-11 1.85852e-11 1.12634e-11 6.80756e-12 4.10366e-12 2.46743e-12 1.47995e-12 8.85545e-13 5.28648e-13 3.1488e-13 1.87143e-13 1.10989e-13 6.56885e-14 3.87996e-14 2.28727e-14 1.3458e-14 7.9039e-15 4.6336e-15 2.71165e-15 1.58418e-15 9.2395e-16 5.38004e-16 3.12775e-16 1.81554e-16 1.05225e-16 6.08962e-17 3.51911e-17 2.03077e-17 1.17028e-17 6.73487e-18 3.87074e-18 2.22176e-18 1.27365e-18 7.29229e-19 4.17013e-19 2.38187e-19 1.35888e-19 7.74366e-20 4.40784e-20 2.50627e-20 1.42351e-20 8.07674e-21 4.57784e-21 2.59205e-21 1.4662e-21 8.28543e-22 4.67757e-22 2.63824e-22 1.48664e-22 8.36952e-23 4.70767e-23 2.64563e-23 1.48551e-23 8.334e-24 4.67162e-24 2.61652e-24
6.33032e-06 1.57133e-05 2.58057e-05 3.44871e-05 4.047e-05 4.33259e-05 4.32774e-05 4.0926e-05 3.70119e-05 3.22457e-05 2.72139e-05 2.23439e-05 1.79085e-05 1.40504e-05 1.08154e-05 8.1835e-06 6.09652e-06 4.47783e-06 3.24646e-06 2.32573e-06 1.6478e-06 1.15557e-06 8.02674e-07 5.52596e-07 3.77267e-07 2.55554e-07 1.71834e-07 1.14739e-07 7.61119e-08 5.01749e-08 3.28815e-08 2.14277e-08 1.38891e-08 8.9569e-09 5.74814e-09 3.67177e-09 2.33502e-09 1.4786e-09 9.32475e-10 5.85755e-10 3.66569e-10 2.2857e-10 1.42025e-10 8.79519e-11 5.42895e-11 3.3406e-11 2.04936e-11 1.25355e-11 7.64603e-12 4.65093e-12 2.82157e-12 1.70736e-12 1.03057e-12 6.20556e-13 3.7279e-13 2.23438e-13 1.33625e-13 7.97416e-14 4.74867e-14 2.82212e-14 1.67385e-14 9.90875e-15 5.8547e-15 3.45298e-15 2.03286e-15 1.19472e-15 7.00942e-16 4.10562e-16 2.40089e-16 1.40177e-16 8.17169e-17 4.75652e-17 2.76456e-17 1.60448e-17 9.29887e-18 5.38177e-18 3.11051e-18 1.79541e-18 1.03498e-18 5.95868e-19 3.42631e-19 1.96777e-19 1.12876e-19 6.46729e-20 3.7012e-20 2.1158e-20 1.20816e-20 6.89136e-21 3.92666e-21 2.23505e-21 1.27089e-21 7.21918e-22 4.09675e-22 2.32257e-22 1.31548e-22 7.44377e-23 4.20824e-23 2.37692e-23 1.34135e-23 7.56289e-24 4.2605e-24
3.19713e-06 8.35742e-06 1.42921e-05 1.97715e-05 2.3924e-05 2.63358e-05 2.69911e-05 2.61435e-05 2.4182e-05 2.15219e-05 1.85356e-05 1.55163e-05 1.26693e-05 1.0119e-05 7.92433e-06 6.09652e-06 4.61548e-06 3.44336e-06 2.53461e-06 1.84274e-06 1.32449e-06 9.41938e-07 6.63287e-07 4.62775e-07 3.20097e-07 2.19616e-07 1.49529e-07 1.01077e-07 6.78606e-08 4.52665e-08 3.00105e-08 1.97805e-08 1.29657e-08 8.45384e-09 5.4843e-09 3.54073e-09 2.2754e-09 1.4558e-09 9.27477e-10 5.88483e-10 3.71932e-10 2.34184e-10 1.46918e-10 9.18488e-11 5.72279e-11 3.55409e-11 2.20031e-11 1.35806e-11 8.35752e-12 5.12861e-12 3.13852e-12 1.91554e-12 1.16609e-12 7.08079e-13 4.28916e-13 2.59199e-13 1.56277e-13 9.40124e-14 5.64326e-14 3.38029e-14 2.02062e-14 1.20543e-14 7.17709e-15 4.26509e-15 2.52988e-15 1.49791e-15 8.8532e-16 5.22355e-16 3.0768e-16 1.80933e-16 1.06227e-16 6.2269e-17 3.64451e-17 2.12988e-17 1.24288e-17 7.24237e-18 4.21424e-18 2.44883e-18 1.42106e-18 8.23552e-19 4.76658e-19 2.75531e-19 1.59072e-19 9.17247e-20 5.28274e-20 3.03894e-20 1.74617e-20 1.00221e-20 5.74576e-21 3.29052e-21 1.88242e-21 1.07576e-21 6.14133e-22 3.50244e-22 1.99548e-22 1.13579e-22 6.45851e-23 3.66907e-23 2.08245e-23 1.18086e-23 6.69006e-24
1.61471e-06 4.43375e-06 7.88208e-06 1.12723e-05 1.40489e-05 1.58866e-05 1.66909e-05 1.65456e-05 1.56413e-05 1.42109e-05 1.24817e-05 1.06463e-05 8.85066e-06 7.19241e-06 5.72724e-06 4.47783e-06 3.44336e-06 2.6081e-06 1.94824e-06 1.43685e-06 1.04725e-06 7.54969e-07 5.38731e-07 3.80779e-07 2.66742e-07 1.85296e-07 1.27705e-07 8.73596e-08 5.93406e-08 4.00398e-08 2.6846e-08 1.78917e-08 1.18558e-08 7.8133e-09 5.12237e-09 3.34149e-09 2.16937e-09 1.40197e-09 9.02064e-10 5.77968e-10 3.68816e-10 2.34434e-10 1.48457e-10 9.36721e-11 5.88982e-11 3.69088e-11 2.30539e-11 1.43546e-11 8.91075e-12 5.51516e-12 3.40378e-12 2.0949e-12 1.28588e-12 7.87235e-13 4.80741e-13 2.92855e-13 1.77974e-13 1.07908e-13 6.52785e-14 3.94034e-14 2.37338e-14 1.42658e-14 8.55748e-15 5.12313e-15 3.06117e-15 1.82567e-15 1.08682e-15 6.4583e-16 3.83105e-16 2.26868e-16 1.34123e-16 7.91638e-17 4.66504e-17 2.74477e-17 1.61247e-17 9.45868e-18 5.5403e-18 3.24051e-18 1.89271e-18 1.10397e-18 6.43056e-19 3.74081e-19 2.1733e-19 1.26103e-19 7.30782e-20 4.22982e-20 2.44532e-20 1.41201e-20 8.14408e-21 4.69195e-21 2.70011e-21 1.55216e-21 8.91302e-22 5.11277e-22 2.9298e-22 1.67717e-22 9.59142e-23 5.47976e-23 3.12766e-23 1.78347e-23 1.01603e-23
8.15511e-07 2.34676e-06 4.3303e-06 6.3943e-06 8.19998e-06 9.51663e-06 1.02415e-05 1.03825e-05 1.00244e-05 9.29161e-06 8.31778e-06 7.22498e-06 6.11213e-06 5.05108e-06 4.0878e-06 3.24646e-06 2.53461e-06 1.94824e-06 1.47628e-06 1.10403e-06 8.15651e-07 5.95831e-07 4.30696e-07 3.08283e-07 2.18638e-07 1.53725e-07 1.07207e-07 7.41931e-08 5.09736e-08 3.47804e-08 2.35768e-08 1.5883e-08 1.06369e-08 7.08339e-09 4.69169e-09 3.09157e-09 2.02715e-09 1.32295e-09 8.59465e-10 5.55933e-10 3.58095e-10 2.29734e-10 1.46814e-10 9.34727e-11 5.92974e-11 3.74864e-11 2.36184e-11 1.48325e-11 9.28565e-12 5.79544e-12 3.60644e-12 2.23784e-12 1.38475e-12 8.54571e-13 5.26003e-13 3.22943e-13 1.97784e-13 1.20841e-13 7.36586e-14 4.47967e-14 2.71837e-14 1.64602e-14 9.946e-15 5.99755e-15 3.60938e-15 2.16793e-15 1.29967e-15 7.77703e-16 4.64525e-16 2.76971e-16 1.64858e-16 9.79605e-17 5.81131e-17 3.44187e-17 2.0353e-17 1.20168e-17 7.08422e-18 4.17014e-18 2.4512e-18 1.43876e-18 8.43316e-19 4.93628e-19 2.88554e-19 1.68455e-19 9.82154e-20 5.71909e-20 3.3261e-20 1.93203e-20 1.12092e-20 6.49569e-21 3.75989e-21 2.17387e-21 1.25548e-21 7.24286e-22 4.17393e-22 2.40282e-22 1.38181e-22 7.93835e-23 4.55594e-23 2.61214e-23 1.49622e-23
4.11874e-07 1.23952e-06 2.37067e-06 3.61047e-06 4.75952e-06 5.66444e-06 6.23936e-06 6.46433e-06 6.3705e-06 6.02051e-06 5.49005e-06 4.85379e-06 4.17641e-06 3.50818e-06 2.8842e-06 2.32573e-06 1.84274e-06 1.43685e-06 1.10403e-06 8.36893e-07 6.26504e-07 4.63587e-07 3.39342e-07 2.45895e-07 1.765e-07 1.25566e-07 8.85843e-08 6.20018e-08 4.30725e-08 2.97109e-08 2.03567e-08 1.38586e-08 9.37741e-09 6.30844e-09 4.22037e-09 2.80849e-09 1.85947e-09 1.22515e-09 8.03457e-10 5.24547e-10 3.40983e-10 2.20739e-10 1.42327e-10 9.14155e-11 5.84976e-11 3.7299e-11 2.37e-11 1.50087e-11 9.47387e-12 5.96139e-12 3.73977e-12 2.33916e-12 1.45892e-12 9.074e-13 5.6285e-13 3.48216e-13 2.14881e-13 1.32274e-13 8.12271e-14 4.97634e-14 3.04178e-14 1.85515e-14 1.12899e-14 6.85615e-15 4.15505e-15 2.51304e-15 1.51695e-15 9.13921e-16 5.49584e-16 3.29887e-16 1.97661e-16 1.18227e-16 7.05948e-17 4.20825e-17 2.5045e-17 1.48815e-17 8.82856e-18 5.22959e-18 3.0931e-18 1.82675e-18 1.07731e-18 6.34433e-19 3.73104e-19 2.19121e-19 1.28516e-19 7.52775e-20 4.40367e-20 2.57286e-20 1.50135e-20 8.75025e-21 5.09378e-21 2.96178e-21 1.72014e-21 9.97896e-22 5.78261e-22 3.34725e-22 1.93547e-22 1.11796e-22 6.45083e-23 3.71844e-23 2.14127e-23
2.08017e-07 6.53441e-07 1.29367e-06 2.02996e-06 2.74844e-06 3.35174e-06 3.77622e-06 3.99584e-06 4.01698e-06 3.86857e-06 3.59168e-06 3.23049e-06 2.8259e-06 2.41176e-06 2.01342e-06 1.6478e-06 1.32449e-06 1.04725e-06 8.15651e-07 6.26504e-07 4.75075e-07 3.55973e-07 2.63781e-07 1.93444e-07 1.40488e-07 1.011e-07 7.21303e-08 5.1045e-08 3.58465e-08 2.49904e-08 1.7302e-08 1.19003e-08 8.13392e-09 5.52644e-09 3.73346e-09 2.50846e-09 1.67661e-09 1.11502e-09 7.3798e-10 4.86185e-10 3.18882e-10 2.08259e-10 1.35453e-10 8.7751e-11 5.66307e-11 3.64121e-11 2.33287e-11 1.48947e-11 9.47817e-12 6.01189e-12 3.80133e-12 2.3963e-12 1.50614e-12 9.43945e-13 5.89959e-13 3.67726e-13 2.28606e-13 1.41756e-13 8.76837e-14 5.41061e-14 3.33082e-14 2.04579e-14 1.25372e-14 7.66641e-15 4.67802e-15 2.8486e-15 1.7311e-15 1.04992e-15 6.35552e-16 3.83997e-16 2.31581e-16 1.39411e-16 8.37772e-17 5.02581e-17 3.00991e-17 1.79964e-17 1.07427e-17 6.4026e-18 3.81001e-18 2.26379e-18 1.34307e-18 7.95661e-19 4.70692e-19 2.78059e-19 1.64036e-19 9.66393e-20 5.68583e-20 3.34095e-20 1.96061e-20 1.14913e-20 6.72683e-21 3.93303e-21 2.29683e-21 1.33975e-21 7.80584e-22 4.54283e-22 2.6409e-22 1.53357e-22 8.89588e-23 5.15486e-23 2.98397e-23
1.05059e-07 3.43869e-07 7.03864e-07 1.13686e-06 1.57961e-06 1.97249e-06 2.27157e-06 2.45353e-06 2.5147e-06 2.46665e-06 2.33052e-06 2.13155e-06 1.8948e-06 1.64233e-06 1.39171e-06 1.15557e-06 9.41938e-07 7.54969e-07 5.95831e-07 4.63587e-07 3.55973e-07 2.70015e-07 2.02491e-07 1.50244e-07 1.10369e-07 8.03198e-08 5.79373e-08 4.14446e-08 2.94137e-08 2.07196e-08 1.4492e-08 1.0068e-08 6.94961e-09 4.76775e-09 3.25178e-09 2.20544e-09 1.48778e-09 9.98495e-10 6.66821e-10 4.43214e-10 2.93249e-10 1.93176e-10 1.26717e-10 8.27834e-11 5.38697e-11 3.49218e-11 2.25556e-11 1.45167e-11 9.31092e-12 5.95211e-12 3.79271e-12 2.4092e-12 1.52573e-12 9.63396e-13 6.06585e-13 3.80866e-13 2.38496e-13 1.48954e-13 9.27921e-14 5.76622e-14 3.57454e-14 2.21067e-14 1.36405e-14 8.39777e-15 5.15878e-15 3.16231e-15 1.93445e-15 1.18093e-15 7.19503e-16 4.37519e-16 2.65544e-16 1.60869e-16 9.72789e-17 5.87213e-17 3.53849e-17 2.12864e-17 1.27839e-17 7.66512e-18 4.5886e-18 2.7426e-18 1.63673e-18 9.75308e-19 5.80317e-19 3.44796e-19 2.0457e-19 1.21205e-19 7.17138e-20 4.23745e-20 2.50055e-20 1.47369e-20 8.6741e-21 5.0992e-21 2.99398e-21 1.75579e-21 1.02845e-21 6.0171e-22 3.51638e-22 2.05266e-22 1.1969e-22 6.9715e-23 4.0563e-23
5.30602e-08 1.80665e-07 3.81911e-07 6.34372e-07 9.03872e-07 1.15494e-06 1.35874e-06 1.49719e-06 1.5637e-06 1.5615e-06 1.50069e-06 1.39515e-06 1.25978e-06 1.10854e-06 9.53165e-07 8.02674e-07 6.63287e-07 5.38731e-07 4.30696e-07 3.39342e-07 2.63781e-07 2.02491e-07 1.53638e-07 1.15305e-07 8.56552e-08 6.30207e-08 4.59492e-08 3.32169e-08 2.38191e-08 1.69497e-08 1.19739e-08 8.40045e-09 5.8547e-09 4.05484e-09 2.79147e-09 1.91072e-09 1.30068e-09 8.80745e-10 5.93378e-10 3.97833e-10 2.65483e-10 1.76367e-10 1.16658e-10 7.68415e-11 5.04107e-11 3.29425e-11 2.14464e-11 1.39114e-11 8.99197e-12 5.79237e-12 3.71895e-12 2.38008e-12 1.51849e-12 9.65869e-13 6.12564e-13 3.87389e-13 2.44309e-13 1.5366e-13 9.63921e-14 6.03135e-14 3.7645e-14 2.34395e-14 1.45601e-14 9.02356e-15 5.57978e-15 3.44274e-15 2.11964e-15 1.30231e-15 7.98505e-16 4.88625e-16 2.98419e-16 1.81907e-16 1.10679e-16 6.7218e-17 4.07504e-17 2.46615e-17 1.48993e-17 8.98633e-18 5.41111e-18 3.25306e-18 1.9526e-18 1.17021e-18 7.00256e-19 4.18411e-19 2.49642e-19 1.48734e-19 8.84895e-20 5.25746e-20 3.11941e-20 1.84838e-20 1.09381e-20 6.46456e-21 3.81582e-21 2.24956e-21 1.32459e-21 7.79011e-22 4.5761e-22 2.685e-22 1.57362e-22 9.21233e-23 5.38717e-23
2.67981e-08 9.47773e-08 2.06696e-07 3.5279e-07 5.15096e-07 6.7307e-07 8.08454e-07 9.08336e-07 9.66278e-07 9.81892e-07 9.59481e-07 9.0632e-07 8.31e-07 7.4209e-07 6.47225e-07 5.52596e-07 4.62775e-07 3.80779e-07 3.08283e-07 2.45895e-07 1.93444e-07 1.50244e-07 1.15305e-07 8.75082e-08 6.57208e-08 4.88746e-08 3.60111e-08 2.6302e-08 1.90522e-08 1.36927e-08 9.76786e-09 6.91878e-09 4.86773e-09 3.40271e-09 2.36402e-09 1.63275e-09 1.12135e-09 7.65976e-10 5.20518e-10 3.51959e-10 2.36846e-10 1.58649e-10 1.05798e-10 7.02516e-11 4.64556e-11 3.05974e-11 2.0075e-11 1.31221e-11 8.54635e-12 5.54675e-12 3.58776e-12 2.31302e-12 1.48645e-12 9.52303e-13 6.08267e-13 3.87385e-13 2.46013e-13 1.55801e-13 9.8405e-14 6.19905e-14 3.89516e-14 2.44144e-14 1.52656e-14 9.52263e-15 5.9265e-15 3.68013e-15 2.2802e-15 1.40979e-15 8.69808e-16 5.35555e-16 3.29091e-16 2.01827e-16 1.23541e-16 7.54794e-17 4.6031e-17 2.80217e-17 1.70284e-17 1.03302e-17 6.25619e-18 3.78264e-18 2.28337e-18 1.37616e-18 8.28103e-19 4.97552e-19 2.98498e-19 1.78816e-19 1.06966e-19 6.38953e-20 3.81144e-20 2.27047e-20 1.35071e-20 8.02479e-21 4.76151e-21 2.82165e-21 1.67e-21 9.87186e-22 5.82848e-22 3.43712e-22 2.02454e-22 1.19113e-22 7.00004e-23
1.35344e-08 4.96513e-08 1.11602e-07 1.95578e-07 2.92424e-07 3.90526e-07 4.78668e-07 5.4811e-07 5.93617e-07 6.13564e-07 6.09376e-07 5.84637e-07 5.44122e-07 4.92955e-07 4.35961e-07 3.77267e-07 3.20097e-07 2.66742e-07 2.18638e-07 1.765e-07 1.40488e-07 1.10369e-07 8.56552e-08 6.57208e-08 4.98889e-08 3.74919e-08 2.79097e-08 2.05914e-08 1.50639e-08 1.09322e-08 7.87341e-09 5.62952e-09 3.99742e-09 2.81985e-09 1.97669e-09 1.37732e-09 9.54175e-10 6.57384e-10 4.5051e-10 3.07168e-10 2.08409e-10 1.40736e-10 9.46061e-11 6.33181e-11 4.21985e-11 2.80085e-11 1.85168e-11 1.2195e-11 8.00187e-12 5.23171e-12 3.40869e-12 2.21345e-12 1.43262e-12 9.24304e-13 5.94512e-13 3.81247e-13 2.43774e-13 1.55431e-13 9.88308e-14 6.26731e-14 3.96401e-14 2.50082e-14 1.57381e-14 9.88031e-15 6.18818e-15 3.86682e-15 2.41084e-15 1.49978e-15 9.3101e-16 5.76727e-16 3.56529e-16 2.19963e-16 1.35441e-16 8.32377e-17 5.1059e-17 3.12627e-17 1.91072e-17 1.16575e-17 7.10001e-18 4.31697e-18 2.62046e-18 1.58807e-18 9.60877e-19 5.80479e-19 3.50137e-19 2.1088e-19 1.2682e-19 7.61575e-20 4.56685e-20 2.73472e-20 1.63535e-20 9.76615e-21 5.82449e-21 3.46917e-21 2.06365e-21 1.22602e-21 7.27482e-22 4.31138e-22 2.55205e-22 1.50886e-22 8.91054e-23
6.83555e-09 2.59774e-08 6.01252e-08 1.08106e-07 1.6542e-07 2.25658e-07 2.82104e-07 3.29069e-07 3.62682e-07 3.81154e-07 3.84608e-07 3.74648e-07 3.53819e-07 3.25094e-07 2.91447e-07 2.55554e-07 2.19616e-07 1.85296e-07 1.53725e-07 1.25566e-07 1.011e-07 8.03198e-08 6.30207e-08 4.88746e-08 3.74919e-08 2.84663e-08 2.14053e-08 1.59494e-08 1.17817e-08 8.63204e-09 6.27532e-09 4.52837e-09 3.24477e-09 2.30941e-09 1.63314e-09 1.14782e-09 8.01983e-10 5.57188e-10 3.85019e-10 2.64666e-10 1.81024e-10 1.23219e-10 8.34834e-11 5.63085e-11 3.78153e-11 2.52897e-11 1.68448e-11 1.11761e-11 7.38701e-12 4.86471e-12 3.19228e-12 2.08761e-12 1.36065e-12 8.83962e-13 5.72469e-13 3.69606e-13 2.37921e-13 1.5271e-13 9.77415e-14 6.23874e-14 3.97149e-14 2.52161e-14 1.59698e-14 1.00889e-14 6.35826e-15 3.99768e-15 2.50771e-15 1.56953e-15 9.80186e-16 6.1082e-16 3.79845e-16 2.35726e-16 1.45994e-16 9.02423e-17 5.56737e-17 3.42824e-17 2.10713e-17 1.29279e-17 7.91761e-18 4.8407e-18 2.95449e-18 1.80025e-18 1.09515e-18 6.65149e-19 4.03348e-19 2.44214e-19 1.47639e-19 8.91224e-20 5.37202e-20 3.23344e-20 1.94348e-20 1.16652e-20 6.99223e-21 4.1856e-21 2.50223e-21 1.49395e-21 8.90824e-22 5.30524e-22 3.15561e-22 1.87472e-22 1.11243e-22
3.4523e-09 1.3575e-08 3.23254e-08 5.95909e-08 9.32636e-08 1.29889e-07 1.6554e-07 1.96625e-07 2.20447e-07 2.35472e-07 2.41322e-07 2.38596e-07 2.28576e-07 2.12935e-07 1.93457e-07 1.71834e-07 1.49529e-07 1.27705e-07 1.07207e-07 8.85843e-08 7.21303e-08 5.79373e-08 4.59492e-08 3.60111e-08 2.79097e-08 2.14053e-08 1.62555e-08 1.22301e-08 9.12065e-09 6.7451e-09 4.94879e-09 3.60352e-09 2.60511e-09 1.87043e-09 1.33415e-09 9.45664e-10 6.66281e-10 4.66736e-10 3.25147e-10 2.25307e-10 1.55327e-10 1.06556e-10 7.27522e-11 4.94452e-11 3.34565e-11 2.25415e-11 1.51248e-11 1.0108e-11 6.72911e-12 4.46298e-12 2.94927e-12 1.94212e-12 1.27454e-12 8.33665e-13 5.43538e-13 3.53271e-13 2.2891e-13 1.47888e-13 9.52688e-14 6.11996e-14 3.92066e-14 2.50503e-14 1.59639e-14 1.01476e-14 6.43449e-15 4.07021e-15 2.5686e-15 1.61725e-15 1.01597e-15 6.36844e-16 3.98337e-16 2.48631e-16 1.5487e-16 9.62737e-17 5.973e-17 3.69863e-17 2.28596e-17 1.41025e-17 8.68429e-18 5.33829e-18 3.27578e-18 2.00672e-18 1.22725e-18 7.49314e-19 4.56769e-19 2.77999e-19 1.68933e-19 1.02501e-19 6.20994e-20 3.75673e-20 2.26938e-20 1.36895e-20 8.24637e-21 4.9607e-21 2.98015e-21 1.78797e-21 1.07131e-21 6.41082e-22 3.83147e-22 2.28707e-22 1.36352e-22
1.74358e-09 7.08587e-09 1.73457e-08 3.27634e-08 5.24169e-08 7.4493e-08 9.67441e-08 1.16961e-07 1.33344e-07 1.44715e-07 1.50581e-07 1.51063e-07 1.46761e-07 1.38577e-07 1.27555e-07 1.14739e-07 1.01077e-07 8.73596e-08 7.41931e-08 6.20018e-08 5.1045e-08 4.14446e-08 3.32169e-08 2.6302e-08 2.05914e-08 1.59494e-08 1.22301e-08 9.28939e-09 6.99257e-09 5.21893e-09 3.86373e-09 2.83847e-09 2.07001e-09 1.49904e-09 1.07832e-09 7.70721e-10 5.47497e-10 3.86642e-10 2.71507e-10 1.89625e-10 1.31747e-10 9.10751e-11 6.26548e-11 4.2902e-11 2.92443e-11 1.98477e-11 1.34137e-11 9.02855e-12 6.05302e-12 4.04264e-12 2.68998e-12 1.78349e-12 1.17836e-12 7.7592e-13 5.09243e-13 3.33154e-13 2.17277e-13 1.41276e-13 9.15897e-14 5.92078e-14 3.81678e-14 2.45377e-14 1.57333e-14 1.00619e-14 6.41863e-15 4.08447e-15 2.59288e-15 1.64214e-15 1.03762e-15 6.54174e-16 4.11523e-16 2.58323e-16 1.61815e-16 1.01154e-16 6.31067e-17 3.92926e-17 2.44179e-17 1.51456e-17 9.37693e-18 5.7949e-18 3.57486e-18 2.20148e-18 1.35341e-18 8.30638e-19 5.08956e-19 3.11349e-19 1.90163e-19 1.15965e-19 7.06098e-20 4.29289e-20 2.60611e-20 1.57982e-20 9.56319e-21 5.78082e-21 3.48962e-21 2.10368e-21 1.26649e-21 7.61473e-22 4.57244e-22 2.74215e-22 1.64245e-22
8.80598e-10 3.6948e-09 9.29082e-09 1.79698e-08 2.93728e-08 4.25766e-08 5.63218e-08 6.92799e-08 8.02874e-08 8.85017e-08 9.34694e-08 9.51163e-08 9.36841e-08 8.96385e-08 8.35711e-08 7.61119e-08 6.78606e-08 5.93406e-08 5.09736e-08 4.30725e-08 3.58465e-08 2.94137e-08 2.38191e-08 1.90522e-08 1.50639e-08 1.17817e-08 9.12065e-09 6.99257e-09 5.31211e-09 4.00058e-09 2.98808e-09 2.21437e-09 1.62876e-09 1.18949e-09 8.62784e-10 6.21735e-10 4.45237e-10 3.16935e-10 2.24309e-10 1.57877e-10 1.1053e-10 7.69858e-11 5.33575e-11 3.68052e-11 2.52711e-11 1.72746e-11 1.17578e-11 7.9696e-12 5.38021e-12 3.61799e-12 2.42379e-12 1.61782e-12 1.07602e-12 7.13194e-13 4.71128e-13 3.10208e-13 2.03606e-13 1.33225e-13 8.69117e-14 5.65326e-14 3.66676e-14 2.3717e-14 1.52989e-14 9.84268e-15 6.31607e-15 4.04286e-15 2.58144e-15 1.64435e-15 1.04498e-15 6.62563e-16 4.19153e-16 2.64586e-16 1.66659e-16 1.04756e-16 6.57113e-17 4.11364e-17 2.57014e-17 1.60269e-17 9.97521e-18 6.19711e-18 3.84297e-18 2.37888e-18 1.47e-18 9.06817e-19 5.58458e-19 3.43356e-19 2.10763e-19 1.29168e-19 7.90378e-20 4.82891e-20 2.94583e-20 1.79442e-20 1.09146e-20 6.62932e-21 4.02087e-21 2.43539e-21 1.47308e-21 8.89826e-22 5.36797e-22 3.2341e-22 1.94599e-22
4.44747e-10 1.92468e-09 4.96791e-09 9.83332e-09 1.64137e-08 2.42562e-08 3.267e-08 4.08729e-08 4.81325e-08 5.38727e-08 5.77322e-08 5.95768e-08 5.94746e-08 5.76498e-08 5.44264e-08 5.01749e-08 4.52665e-08 4.00398e-08 3.47804e-08 2.97109e-08 2.49904e-08 2.07196e-08 1.69497e-08 1.36927e-08 1.09322e-08 8.63204e-09 6.7451e-09 5.21893e-09 4.00058e-09 3.03963e-09 2.29017e-09 1.71176e-09 1.26971e-09 9.34994e-10 6.83744e-10 4.96694e-10 3.58523e-10 2.57211e-10 1.83449e-10 1.30104e-10 9.17713e-11 6.43955e-11 4.4959e-11 3.12369e-11 2.16015e-11 1.48707e-11 1.01924e-11 6.95632e-12 4.72826e-12 3.20109e-12 2.15884e-12 1.45051e-12 9.71056e-13 6.47798e-13 4.30674e-13 2.85373e-13 1.88483e-13 1.24099e-13 8.14573e-14 5.33086e-14 3.47859e-14 2.26349e-14 1.46877e-14 9.50518e-15 6.13514e-15 3.9498e-15 2.53651e-15 1.62493e-15 1.03847e-15 6.62126e-16 4.21204e-16 2.67346e-16 1.69319e-16 1.07006e-16 6.74839e-17 4.24718e-17 2.66765e-17 1.67226e-17 1.04626e-17 6.53362e-18 4.07252e-18 2.53386e-18 1.57373e-18 9.75697e-19 6.03887e-19 3.73134e-19 2.30173e-19 1.41756e-19 8.71631e-20 5.35112e-20 3.28011e-20 2.00759e-20 1.22692e-20 7.48726e-21 4.56253e-21 2.77635e-21 1.6871e-21 1.02379e-21 6.20441e-22 3.75504e-22 2.26967e-22
2.2462e-10 1.00167e-09 2.65213e-09 5.36931e-09 9.14788e-09 1.37767e-08 1.88855e-08 2.40226e-08 2.87372e-08 3.2649e-08 3.54918e-08 3.71317e-08 3.75606e-08 3.68748e-08 3.52445e-08 3.28815e-08 3.00105e-08 2.6846e-08 2.35768e-08 2.03567e-08 1.7302e-08 1.4492e-08 1.19739e-08 9.76786e-09 7.87341e-09 6.27532e-09 4.94879e-09 3.86373e-09 2.98808e-09 2.29017e-09 1.74032e-09 1.31177e-09 9.81103e-10 7.2838e-10 5.36943e-10 3.9315e-10 2.86004e-10 2.06768e-10 1.48594e-10 1.06175e-10 7.54479e-11 5.33287e-11 3.75014e-11 2.62414e-11 1.82747e-11 1.26681e-11 8.74252e-12 6.0074e-12 4.11075e-12 2.80155e-12 1.90183e-12 1.28615e-12 8.66575e-13 5.81786e-13 3.89231e-13 2.59525e-13 1.72473e-13 1.14254e-13 7.54507e-14 4.96749e-14 3.26081e-14 2.13432e-14 1.39306e-14 9.06758e-15 5.88637e-15 3.81126e-15 2.46139e-15 1.58566e-15 1.01901e-15 6.53302e-16 4.17866e-16 2.66668e-16 1.698e-16 1.07883e-16 6.83982e-17 4.3274e-17 2.73224e-17 1.72163e-17 1.0827e-17 6.79572e-18 4.25739e-18 2.66224e-18 1.66173e-18 1.03538e-18 6.4399e-19 3.99863e-19 2.47863e-19 1.53388e-19 9.47691e-20 5.84584e-20 3.60036e-20 2.21398e-20 1.35939e-20 8.33425e-21 5.10214e-21 3.11898e-21 1.90396e-21 1.16064e-21 7.06545e-22 4.29533e-22 2.60781e-22
1.13444e-10 5.20846e-10 1.41369e-09 2.92582e-09 5.08569e-09 7.80204e-09 1.08816e-08 1.40684e-08 1.70906e-08 1.97039e-08 2.17222e-08 2.30338e-08 2.36037e-08 2.34644e-08 2.26999e-08 2.14277e-08 1.97805e-08 1.78917e-08 1.5883e-08 1.38586e-08 1.19003e-08 1.0068e-08 8.40045e-09 6.91878e-09 5.62952e-09 4.52837e-09 3.60352e-09 2.83847e-09 2.21437e-09 1.71176e-09 1.31177e-09 9.96958e-10 7.51747e-10 5.62596e-10 4.1802e-10 3.08466e-10 2.26127e-10 1.64721e-10 1.19263e-10 8.5847e-11 6.14476e-11 4.37456e-11 3.09811e-11 2.18311e-11 1.53088e-11 1.06849e-11 7.42384e-12 5.13545e-12 3.53738e-12 2.42658e-12 1.65796e-12 1.12842e-12 7.65129e-13 5.16907e-13 3.47976e-13 2.33447e-13 1.56088e-13 1.04024e-13 6.91067e-14 4.57679e-14 3.02199e-14 1.98952e-14 1.30605e-14 8.54979e-15 5.58171e-15 3.63432e-15 2.3602e-15 1.52887e-15 9.87907e-16 6.36806e-16 4.09512e-16 2.62736e-16 1.68184e-16 1.0742e-16 6.84606e-17 4.35382e-17 2.76309e-17 1.74997e-17 1.1061e-17 6.97763e-18 4.39323e-18 2.76083e-18 1.73177e-18 1.08431e-18 6.77704e-19 4.22831e-19 2.63358e-19 1.63755e-19 1.01653e-19 6.30001e-20 3.89822e-20 2.40829e-20 1.48552e-20 9.14934e-21 5.62667e-21 3.45522e-21 2.11871e-21 1.29733e-21 7.93274e-22 4.84393e-22 2.95382e-22
5.72951e-11 2.70606e-10 7.52474e-10 1.59124e-09 2.82065e-09 4.40632e-09 6.25046e-09 8.21081e-09 1.01266e-08 1.18442e-08 1.32385e-08 1.42246e-08 1.47632e-08 1.48575e-08 1.45452e-08 1.38891e-08 1.29657e-08 1.18558e-08 1.06369e-08 9.37741e-09 8.13392e-09 6.94961e-09 5.8547e-09 4.86773e-09 3.99742e-09 3.24477e-09 2.60511e-09 2.07001e-09 1.62876e-09 1.26971e-09 9.81103e-10 7.51747e-10 5.71409e-10 4.31023e-10 3.22758e-10 2.40001e-10 1.77271e-10 1.30097e-10 9.48887e-11 6.87991e-11 4.95986e-11 3.55604e-11 2.53606e-11 1.79941e-11 1.27044e-11 8.92701e-12 6.24385e-12 4.34769e-12 3.0143e-12 2.08111e-12 1.431e-12 9.80103e-13 6.68718e-13 4.5457e-13 3.07887e-13 2.07806e-13 1.39779e-13 9.37098e-14 6.26215e-14 4.17152e-14 2.77034e-14 1.83431e-14 1.21101e-14 7.97231e-15 5.23379e-15 3.42667e-15 2.23758e-15 1.45734e-15 9.46773e-16 6.13562e-16 3.96664e-16 2.55835e-16 1.64624e-16 1.05693e-16 6.7707e-17 4.32793e-17 2.76061e-17 1.75721e-17 1.11624e-17 7.0766e-18 4.47753e-18 2.82759e-18 1.78228e-18 1.12133e-18 7.04204e-19 4.41459e-19 2.76263e-19 1.72587e-19 1.07637e-19 6.70181e-20 4.16597e-20 2.5855e-20 1.6021e-20 9.91201e-21 6.12313e-21 3.7769e-21 2.32626e-21 1.43071e-21 8.78671e-22 5.3888e-22 3.30034e-22
