0.581348 0.0258338 0.0189853 0.0139524 0.0102536 0.0075354 0.00553778 0.00406973 0.00299085 0.00219798 0.0016153 0.00118709 0.000872393 0.000641124 0.000471163 0.000346259 0.000254466 0.000187008 0.000137432 0.000100999 7.42245e-05 5.45478e-05 4.00873e-05 2.94602e-05 2.16504e-05 1.59109e-05 1.16929e-05 8.59317e-06 6.31514e-06 4.64101e-06 3.41069e-06 2.50652e-06 1.84205e-06 1.35372e-06 9.94854e-07 7.3112e-07 5.37302e-07 3.94864e-07 2.90186e-07 2.13258e-07 1.56724e-07 1.15177e-07 8.46437e-08 6.22048e-08 4.57144e-08 3.35956e-08 2.46895e-08 1.81444e-08 1.33343e-08 9.79942e-09 7.20161e-09 5.29248e-09 3.88945e-09 2.85837e-09 2.10062e-09 1.54375e-09 1.1345e-09 8.33749e-10 6.12724e-10 4.50292e-10 3.30921e-10 2.43194e-10 1.78724e-10 1.31345e-10 9.65254e-11 7.09367e-11 5.21315e-11 3.83115e-11 2.81552e-11 2.06913e-11 1.52061e-11 1.1175e-11 8.21252e-12 6.0354e-12 4.43543e-12 3.2596e-12 2.39549e-12 1.76045e-12 1.29376e-12 9.50785e-13 6.98734e-13 5.13501e-13 3.77373e-13 2.77332e-13 2.03812e-13 1.49782e-13 1.10075e-13 8.08943e-14 5.94494e-14 4.36895e-14 3.21075e-14 2.35958e-14 1.73406e-14 1.27437e-14 9.36534e-15 6.88261e-15 5.05804e-15 3.71716e-15 2.73175e-15 2.00757e-15 1.47537e-15
0.0258338 0.00836638 0.00660253 0.00518589 0.00405635 0.00316124 0.00245564 0.00190199 0.0014693 0.00113236 0.000870806 0.000668347 0.000512034 0.000391628 0.000299077 0.000228073 0.000173697 0.000132123 0.000100384 7.6188e-05 5.77659e-05 4.37568e-05 3.31157e-05 2.50414e-05 1.89207e-05 1.42854e-05 1.0778e-05 8.12631e-06 6.12308e-06 4.61085e-06 3.4701e-06 2.61013e-06 1.96224e-06 1.47443e-06 1.10736e-06 8.31283e-07 6.23762e-07 4.67847e-07 3.50762e-07 2.62876e-07 1.96936e-07 1.47483e-07 1.1041e-07 8.26284e-08 6.18171e-08 4.6233e-08 3.45672e-08 2.58374e-08 1.93069e-08 1.4423e-08 1.07717e-08 8.04275e-09 6.00365e-09 4.48046e-09 3.34293e-09 2.49365e-09 1.85972e-09 1.38665e-09 1.03371e-09 7.70443e-10 5.74114e-10 4.27734e-10 3.18617e-10 2.37293e-10 1.76696e-10 1.31551e-10 9.79237e-11 7.28805e-11 5.42334e-11 4.03511e-11 3.00178e-11 2.23274e-11 1.66048e-11 1.23473e-11 9.18012e-12 6.82444e-12 5.07259e-12 3.76996e-12 2.80149e-12 2.08156e-12 1.54645e-12 1.14877e-12 8.5326e-13 6.33695e-13 4.70578e-13 3.49411e-13 2.59416e-13 1.9258e-13 1.42949e-13 1.06098e-13 7.87398e-14 5.84303e-14 4.33553e-14 3.21667e-14 2.38633e-14 1.77018e-14 1.31301e-14 9.73821e-15 7.22196e-15 5.35545e-15 3.97101e-15
0.0189853 0.00660253 0.00533294 0.00428046 0.00341708 0.00271496 0.00214812 0.00169335 0.00133044 0.0010422 0.000814207 0.000634532 0.000493399 0.000382868 0.000296535 0.000229266 0.000176969 0.000136395 0.000104974 8.06855e-05 6.19395e-05 4.74935e-05 3.63767e-05 2.78332e-05 2.12753e-05 1.62475e-05 1.23969e-05 9.45096e-06 7.19935e-06 5.48e-06 4.16825e-06 3.1683e-06 2.40664e-06 1.82693e-06 1.38601e-06 1.0509e-06 7.9636e-07 6.0315e-07 4.56579e-07 3.45454e-07 2.6125e-07 1.97479e-07 1.49207e-07 1.12687e-07 8.50694e-08 6.41946e-08 4.84233e-08 3.65128e-08 2.75218e-08 2.07374e-08 1.562e-08 1.17615e-08 8.8533e-09 6.66206e-09 5.01163e-09 3.76895e-09 2.83357e-09 2.12974e-09 1.60029e-09 1.20214e-09 9.02812e-10 6.77844e-10 5.08808e-10 3.81832e-10 2.86476e-10 2.14884e-10 1.61147e-10 1.20822e-10 9.05681e-11 6.78756e-11 5.08584e-11 3.80999e-11 2.85365e-11 2.13694e-11 1.59994e-11 1.19766e-11 8.9637e-12 6.70754e-12 5.01838e-12 3.75397e-12 2.80767e-12 2.09956e-12 1.5698e-12 1.17352e-12 8.77141e-13 6.55516e-13 4.89816e-13 3.65948e-13 2.73366e-13 2.04177e-13 1.52479e-13 1.13856e-13 8.50048e-14 6.34562e-14 4.7364e-14 3.53483e-14 2.63776e-14 1.9681e-14 1.46828e-14 1.09526e-14 8.16917e-15
0.0139524 0.00518589 0.00428046 0.00350495 0.00285045 0.00230459 0.00185373 0.00148435 0.00118381 0.000940738 0.000745158 0.00058851 0.000463551 0.000364231 0.000285548 0.000223397 0.000174437 0.000135964 0.000105799 8.21981e-05 6.37685e-05 4.9403e-05 3.82241e-05 2.95386e-05 2.28002e-05 1.75798e-05 1.35405e-05 1.04191e-05 8.00963e-06 6.15186e-06 4.72094e-06 3.61989e-06 2.77346e-06 2.12335e-06 1.62446e-06 1.24192e-06 9.48841e-07 7.24459e-07 5.52799e-07 4.21563e-07 3.21299e-07 2.44746e-07 1.86334e-07 1.41789e-07 1.07839e-07 8.19789e-08 6.22908e-08 4.73096e-08 3.59156e-08 2.72541e-08 2.06729e-08 1.56746e-08 1.18801e-08 9.00081e-09 6.81681e-09 5.16089e-09 3.90586e-09 2.95501e-09 2.2349e-09 1.68973e-09 1.27714e-09 9.64997e-10 7.28926e-10 5.50444e-10 4.15545e-10 3.13618e-10 2.36628e-10 1.78491e-10 1.34602e-10 1.01479e-10 7.64874e-11 5.76367e-11 4.34214e-11 3.27045e-11 2.4627e-11 1.85403e-11 1.39549e-11 1.05013e-11 7.90071e-12 5.94291e-12 4.46935e-12 3.36049e-12 2.52624e-12 1.89874e-12 1.42683e-12 1.07201e-12 8.05277e-13 6.04805e-13 4.54159e-13 3.40978e-13 2.55959e-13 1.92107e-13 1.44159e-13 1.08162e-13 8.114e-14 6.08595e-14 4.56411e-14 3.42229e-14 2.56575e-14 1.9233e-14 1.44151e-14
0.0102536 0.00405635 0.00341708 0.00285045 0.00235825 0.00193736 0.00158192 0.00128482 0.00103862 0.00083609 0.000670522 0.000535916 0.000427011 0.000339278 0.000268873 0.00021257 0.000167686 0.000132009 0.000103724 8.13538e-05 6.37017e-05 4.98015e-05 3.88769e-05 3.03064e-05 2.35941e-05 1.83455e-05 1.42476e-05 1.10526e-05 8.56485e-06 6.63027e-06 5.12765e-06 3.96187e-06 3.05839e-06 2.35893e-06 1.81794e-06 1.39991e-06 1.07719e-06 8.28262e-07 6.36411e-07 4.88667e-07 3.74977e-07 2.87555e-07 2.20381e-07 1.68799e-07 1.29217e-07 9.88615e-08 7.55968e-08 5.77769e-08 4.41353e-08 3.36981e-08 2.5717e-08 1.9617e-08 1.49573e-08 1.13994e-08 8.68418e-09 6.61295e-09 5.0337e-09 3.83009e-09 2.91317e-09 2.21493e-09 1.68344e-09 1.27903e-09 9.71433e-10 7.37563e-10 5.59812e-10 4.24761e-10 3.22189e-10 2.44311e-10 1.85202e-10 1.40352e-10 1.06332e-10 8.05362e-11 6.09813e-11 4.61619e-11 3.49346e-11 2.64311e-11 1.99924e-11 1.51183e-11 1.14298e-11 8.63906e-12 6.5282e-12 4.93196e-12 3.72517e-12 2.81305e-12 2.12379e-12 1.60308e-12 1.20977e-12 9.12776e-13 6.8855e-13 5.19302e-13 3.91578e-13 2.95211e-13 2.22518e-13 1.67693e-13 1.26353e-13 9.51866e-14 7.16951e-14 5.39917e-14 4.06527e-14 3.0604e-14 2.30353e-14
0.0075354 0.00316124 0.00271496 0.00230459 0.00193736 0.00161533 0.00133739 0.00110051 0.000900726 0.000733703 0.000595107 0.00048084 0.000387162 0.000310747 0.00024869 0.000198493 0.000158037 0.000125538 9.95099e-05 7.87209e-05 6.21589e-05 4.89955e-05 3.8556e-05 3.02938e-05 2.37671e-05 1.86206e-05 1.45693e-05 1.13851e-05 8.88624e-06 6.92793e-06 5.39532e-06 4.1974e-06 3.2622e-06 2.53295e-06 1.96493e-06 1.52294e-06 1.17938e-06 9.12585e-07 7.05589e-07 5.45133e-07 4.2086e-07 3.24688e-07 2.50323e-07 1.92864e-07 1.48499e-07 1.1427e-07 8.78775e-08 6.7542e-08 5.18832e-08 3.9833e-08 3.05653e-08 2.34419e-08 1.79696e-08 1.37681e-08 1.0544e-08 8.07113e-09 6.17547e-09 4.72297e-09 3.61057e-09 2.75903e-09 2.10747e-09 1.60914e-09 1.22817e-09 9.3704e-10 7.14659e-10 5.44858e-10 4.15255e-10 3.16371e-10 2.40953e-10 1.83453e-10 1.39629e-10 1.06241e-10 8.08112e-11 6.14498e-11 4.67133e-11 3.55004e-11 2.69714e-11 2.04857e-11 1.55553e-11 1.18084e-11 8.96165e-12 6.79942e-12 5.15758e-12 3.91121e-12 2.9653e-12 2.24762e-12 1.70323e-12 1.29039e-12 9.774e-13 7.40158e-13 5.60377e-13 4.24172e-13 3.21004e-13 2.42878e-13 1.83728e-13 1.38955e-13 1.05072e-13 7.9435e-14 6.00417e-14 4.53745e-14 3.42837e-14
0.00553778 0.00245564 0.00214812 0.00185373 0.00158192 0.00133739 0.00112168 0.000934296 0.000773541 0.000637043 0.000522146 0.00042615 0.000346463 0.000280691 0.000226676 0.000182516 0.00014656 0.00011739 9.38058e-05 7.47958e-05 5.95163e-05 4.72671e-05 3.74712e-05 2.96549e-05 2.34313e-05 1.84856e-05 1.45627e-05 1.14566e-05 9.00122e-06 7.06326e-06 5.53596e-06 4.33398e-06 3.38929e-06 2.64775e-06 2.06638e-06 1.61112e-06 1.255e-06 9.7673e-07 7.59509e-07 5.9011e-07 4.58129e-07 3.55393e-07 2.75491e-07 2.134e-07 1.65188e-07 1.27782e-07 9.87823e-08 7.63156e-08 5.89225e-08 4.54664e-08 3.50629e-08 2.70248e-08 2.0818e-08 1.60282e-08 1.2334e-08 9.4865e-09 7.2928e-09 5.60371e-09 4.30381e-09 3.30396e-09 2.53526e-09 1.94456e-09 1.49086e-09 1.14255e-09 8.75257e-10 6.70232e-10 5.13035e-10 3.9256e-10 3.00264e-10 2.29585e-10 1.75482e-10 1.34081e-10 1.02414e-10 7.81993e-11 5.96907e-11 4.55482e-11 3.47457e-11 2.6497e-11 2.02004e-11 1.53956e-11 1.17303e-11 8.93499e-12 6.80392e-12 5.17971e-12 3.94216e-12 2.99949e-12 2.28165e-12 1.73516e-12 1.31923e-12 1.00275e-12 7.62008e-13 5.78926e-13 4.39729e-13 3.33923e-13 2.53518e-13 1.9243e-13 1.4603e-13 1.10794e-13 8.40424e-14 6.37366e-14 4.8327e-14
0.00406973 0.00190199 0.00169335 0.00148435 0.00128482 0.00110051 0.000934296 0.000787151 0.000658781 0.000548124 0.000453686 0.000373769 0.000306635 0.000250598 0.000204087 0.000165676 0.000134097 0.00010824 8.71472e-05 6.99983e-05 5.60993e-05 4.48666e-05 3.5813e-05 2.85336e-05 2.26942e-05 1.80202e-05 1.42864e-05 1.13095e-05 8.94026e-06 7.05784e-06 5.56462e-06 4.38193e-06 3.44656e-06 2.7078e-06 2.12509e-06 1.66606e-06 1.30487e-06 1.02101e-06 7.9816e-07 6.23396e-07 4.86479e-07 3.79319e-07 2.95526e-07 2.30065e-07 1.7897e-07 1.39121e-07 1.08069e-07 8.38904e-08 6.50782e-08 5.04521e-08 3.90888e-08 3.02664e-08 2.34214e-08 1.81141e-08 1.40016e-08 1.08169e-08 8.35208e-09 6.44561e-09 4.97181e-09 3.83311e-09 2.95379e-09 2.27513e-09 1.75159e-09 1.34792e-09 1.03683e-09 7.97199e-10 6.12695e-10 4.707e-10 3.61469e-10 2.77477e-10 2.12921e-10 1.63323e-10 1.25232e-10 9.59904e-11 7.35508e-11 5.63374e-11 4.31379e-11 3.30201e-11 2.5267e-11 1.93282e-11 1.47807e-11 1.12996e-11 8.63571e-12 6.5979e-12 5.03949e-12 3.84806e-12 2.93749e-12 2.24176e-12 1.71035e-12 1.30456e-12 9.94783e-13 7.58369e-13 5.77993e-13 4.40408e-13 3.35491e-13 2.55506e-13 1.94544e-13 1.48092e-13 1.12706e-13 8.57552e-14 6.52346e-14
0.00299085 0.0014693 0.00133044 0.00118381 0.00103862 0.000900726 0.000773541 0.000658781 0.000556989 0.000467934 0.000390902 0.000324905 0.000268824 0.000221506 0.000181831 0.000148747 0.000121296 9.86203e-05 7.99648e-05 6.46733e-05 5.21816e-05 4.20088e-05 3.37483e-05 2.70586e-05 2.16545e-05 1.72992e-05 1.37967e-05 1.09859e-05 8.73447e-06 6.93447e-06 5.49785e-06 4.35313e-06 3.44242e-06 2.71897e-06 2.14507e-06 1.69043e-06 1.33073e-06 1.0465e-06 8.22161e-07 6.453e-07 5.06019e-07 3.96449e-07 3.10338e-07 2.42729e-07 1.89697e-07 1.48137e-07 1.15595e-07 9.01353e-08 7.02336e-08 5.46885e-08 4.25556e-08 3.3093e-08 2.57182e-08 1.99746e-08 1.55045e-08 1.20277e-08 9.32528e-09 7.22605e-09 5.59637e-09 4.33195e-09 3.35149e-09 2.59164e-09 2.00308e-09 1.54745e-09 1.19489e-09 9.22244e-10 7.11489e-10 5.48657e-10 4.2291e-10 3.25847e-10 2.50958e-10 1.93203e-10 1.48682e-10 1.14376e-10 8.79522e-11 6.76081e-11 5.19509e-11 3.99055e-11 3.06423e-11 2.35213e-11 1.80491e-11 1.38454e-11 1.06173e-11 8.13931e-12 6.23769e-12 4.77889e-12 3.66015e-12 2.80247e-12 2.14515e-12 1.64153e-12 1.25579e-12 9.60433e-13 7.34341e-13 5.61321e-13 4.28954e-13 3.27715e-13 2.50306e-13 1.91133e-13 1.45913e-13 1.11364e-13 8.49752e-14
0.00219798 0.00113236 0.0010422 0.000940738 0.00083609 0.000733703 0.000637043 0.000548124 0.000467934 0.000396741 0.000334343 0.000280235 0.00023374 0.000194099 0.000160533 0.000132283 0.000108635 8.89345e-05 7.25948e-05 5.90966e-05 4.79864e-05 3.88725e-05 3.14194e-05 2.53419e-05 2.03995e-05 1.63903e-05 1.31455e-05 1.05254e-05 8.41394e-06 6.71577e-06 5.35252e-06 4.26005e-06 3.38603e-06 2.68789e-06 2.13108e-06 1.68763e-06 1.33494e-06 1.05481e-06 8.32588e-07 6.56519e-07 5.17179e-07 4.0703e-07 3.20048e-07 2.51433e-07 1.97361e-07 1.54789e-07 1.21303e-07 9.49878e-08 7.43253e-08 5.81151e-08 4.54081e-08 3.54551e-08 2.76651e-08 2.15727e-08 1.68112e-08 1.30926e-08 1.01904e-08 7.9269e-09 6.16263e-09 4.78835e-09 3.71852e-09 2.88618e-09 2.23898e-09 1.73603e-09 1.3454e-09 1.04216e-09 8.0688e-10 6.2443e-10 4.83016e-10 3.73462e-10 2.88631e-10 2.22975e-10 1.72181e-10 1.32904e-10 1.02546e-10 7.90911e-11 6.09775e-11 4.69945e-11 3.62046e-11 2.78819e-11 2.14648e-11 1.65188e-11 1.27081e-11 9.7732e-12 7.5136e-12 5.77455e-12 4.43659e-12 3.40755e-12 2.61639e-12 2.0083e-12 1.54108e-12 1.18221e-12 9.06645e-13 6.95115e-13 5.32787e-13 4.08254e-13 3.12745e-13 2.39515e-13 1.83384e-13 1.4037e-13 1.07419e-13
0.0016153 0.000870806 0.000814207 0.000745158 0.000670522 0.000595107 0.000522146 0.000453686 0.000390902 0.000334343 0.000284119 0.000240049 0.000201764 0.000168791 0.000140603 0.000116665 9.64549e-05 7.94807e-05 6.52919e-05 5.34822e-05 4.36912e-05 3.56031e-05 2.89439e-05 2.3478e-05 1.90044e-05 1.53527e-05 1.23795e-05 9.96419e-06 8.00656e-06 6.42315e-06 5.14493e-06 4.11502e-06 3.28664e-06 2.62148e-06 2.08823e-06 1.66138e-06 1.32021e-06 1.04789e-06 8.30827e-07 6.58022e-07 5.20623e-07 4.11505e-07 3.24945e-07 2.56355e-07 2.02061e-07 1.59128e-07 1.25211e-07 9.84433e-08 7.73364e-08 6.07083e-08 4.76197e-08 3.73259e-08 2.92365e-08 2.28846e-08 1.79007e-08 1.39931e-08 1.09316e-08 8.53458e-09 6.65917e-09 5.1928e-09 4.04701e-09 3.15227e-09 2.454e-09 1.90938e-09 1.48486e-09 1.15413e-09 8.96619e-10 6.96223e-10 5.40358e-10 4.1919e-10 3.25043e-10 2.51928e-10 1.95173e-10 1.51139e-10 1.16991e-10 9.05202e-11 7.00104e-11 5.41261e-11 4.18294e-11 3.23139e-11 2.49536e-11 1.92627e-11 1.48643e-11 1.14661e-11 8.84165e-12 6.81558e-12 5.25201e-12 4.04579e-12 3.11558e-12 2.39848e-12 1.84584e-12 1.4201e-12 1.09222e-12 8.39788e-13 6.45507e-13 4.96027e-13 3.81053e-13 2.92646e-13 2.24687e-13 1.72463e-13 1.32341e-13
0.00118709 0.000668347 0.000634532 0.00058851 0.000535916 0.00048084 0.00042615 0.000373769 0.000324905 0.000280235 0.000240049 0.000204371 0.000173043 0.000145791 0.000122278 0.000102134 8.49852e-05 7.04682e-05 5.82413e-05 4.79905e-05 3.94323e-05 3.23148e-05 2.64163e-05 2.15441e-05 1.75318e-05 1.4237e-05 1.15386e-05 9.33414e-06 7.53737e-06 6.07614e-06 4.89027e-06 3.92975e-06 3.15322e-06 2.52655e-06 2.02168e-06 1.61558e-06 1.28944e-06 1.02789e-06 8.18446e-07 6.50948e-07 5.1717e-07 4.10457e-07 3.25435e-07 2.57773e-07 2.03987e-07 1.61276e-07 1.27395e-07 1.00545e-07 7.92885e-08 6.24752e-08 4.91886e-08 3.86981e-08 3.04224e-08 2.38992e-08 1.87615e-08 1.47182e-08 1.15386e-08 9.04002e-09 7.078e-09 5.53839e-09 4.33107e-09 3.38493e-09 2.64397e-09 2.06404e-09 1.61043e-09 1.25584e-09 9.78804e-10 7.62493e-10 5.93687e-10 4.62026e-10 3.5939e-10 2.79422e-10 2.17148e-10 1.68676e-10 1.30966e-10 1.01642e-10 7.88506e-11 6.11441e-11 4.73942e-11 3.67216e-11 2.84411e-11 2.20192e-11 1.70409e-11 1.31832e-11 1.0195e-11 7.8813e-12 6.09052e-12 4.70499e-12 3.63341e-12 2.80494e-12 2.16465e-12 1.66998e-12 1.28794e-12 9.92979e-13 7.65333e-13 5.89696e-13 4.54228e-13 3.49777e-13 2.69266e-13 2.07227e-13 1.59437e-13
0.000872393 0.000512034 0.000493399 0.000463551 0.000427011 0.000387162 0.000346463 0.000306635 0.000268824 0.00023374 0.000201764 0.000173043 0.000147554 0.000125164 0.000105669 8.88241e-05 7.43673e-05 6.20347e-05 5.15711e-05 4.27366e-05 3.53109e-05 2.90947e-05 2.39105e-05 1.9602e-05 1.60328e-05 1.30849e-05 1.0657e-05 8.66251e-06 7.02819e-06 5.69209e-06 4.60218e-06 3.71494e-06 2.99411e-06 2.40957e-06 1.9364e-06 1.55402e-06 1.24551e-06 9.96992e-07 7.97091e-07 6.36525e-07 5.07729e-07 4.04553e-07 3.22004e-07 2.56038e-07 2.03385e-07 1.61406e-07 1.27973e-07 1.01374e-07 8.02338e-08 6.34485e-08 5.01336e-08 3.95813e-08 3.12259e-08 2.46157e-08 1.93905e-08 1.52636e-08 1.20067e-08 9.43828e-09 7.41439e-09 5.82073e-09 4.56674e-09 3.5807e-09 2.80587e-09 2.19742e-09 1.71993e-09 1.34544e-09 1.05191e-09 8.21977e-10 6.41968e-10 5.01123e-10 3.90982e-10 3.04898e-10 2.37653e-10 1.85151e-10 1.44181e-10 1.12226e-10 8.73138e-11 6.79021e-11 5.27834e-11 4.10137e-11 3.18552e-11 2.47318e-11 1.91937e-11 1.48899e-11 1.15467e-11 8.95071e-12 6.93581e-12 5.37252e-12 4.1601e-12 3.22014e-12 2.4917e-12 1.92739e-12 1.49037e-12 1.15207e-12 8.90265e-13 6.87736e-13 5.31113e-13 4.10031e-13 3.16457e-13 2.44164e-13 1.88329e-13
0.000641124 0.000391628 0.000382868 0.000364231 0.000339278 0.000310747 0.000280691 0.000250598 0.000221506 0.000194099 0.000168791 0.000145791 0.000125164 0.000106869 9.0796e-05 7.67905e-05 6.46751e-05 5.4262e-05 4.53635e-05 3.77988e-05 3.13984e-05 2.60063e-05 2.14819e-05 1.76993e-05 1.45476e-05 1.193e-05 9.76226e-06 7.97208e-06 6.49753e-06 5.28591e-06 4.29263e-06 3.48012e-06 2.81685e-06 2.27647e-06 1.83703e-06 1.48031e-06 1.19123e-06 9.57343e-07 7.68404e-07 6.16001e-07 4.93244e-07 3.94502e-07 3.1518e-07 2.51541e-07 2.00545e-07 1.59729e-07 1.27097e-07 1.01037e-07 8.02481e-08 6.36804e-08 5.049e-08 3.99985e-08 3.16615e-08 2.50425e-08 1.97921e-08 1.56309e-08 1.23356e-08 9.72811e-09 7.66651e-09 6.03774e-09 4.75189e-09 3.73749e-09 2.9378e-09 2.3078e-09 1.81182e-09 1.42161e-09 1.11479e-09 8.73709e-10 6.84387e-10 5.35802e-10 4.19256e-10 3.27892e-10 2.5631e-10 2.00256e-10 1.56385e-10 1.22067e-10 9.52359e-11 7.42686e-11 5.78916e-11 4.51061e-11 3.51291e-11 2.73474e-11 2.12807e-11 1.6553e-11 1.28705e-11 1.00032e-11 7.77175e-12 6.03575e-12 4.68578e-12 3.63641e-12 2.82102e-12 2.18769e-12 1.69594e-12 1.31428e-12 1.01817e-12 7.88502e-13 6.10442e-13 4.72439e-13 3.65518e-13 2.82706e-13 2.18588e-13
0.000471163 0.000299077 0.000296535 0.000285548 0.000268873 0.00024869 0.000226676 0.000204087 0.000181831 0.000160533 0.000140603 0.000122278 0.000105669 9.0796e-05 7.76125e-05 6.60297e-05 5.59318e-05 4.71886e-05 3.96646e-05 3.32253e-05 2.7742e-05 2.3094e-05 1.91704e-05 1.58712e-05 1.31069e-05 1.07985e-05 8.87664e-06 7.28133e-06 5.96066e-06 4.87013e-06 3.97182e-06 3.23352e-06 2.62805e-06 2.13253e-06 1.72777e-06 1.39777e-06 1.12919e-06 9.10972e-07 7.3396e-07 5.90594e-07 4.74651e-07 3.8102e-07 3.0551e-07 2.44694e-07 1.95776e-07 1.56475e-07 1.24939e-07 9.96615e-08 7.94234e-08 6.32372e-08 5.0305e-08 3.9983e-08 3.17523e-08 2.51953e-08 1.99765e-08 1.58265e-08 1.25291e-08 9.91148e-09 7.83511e-09 6.1894e-09 4.88603e-09 3.85456e-09 3.03886e-09 2.39426e-09 1.88522e-09 1.4835e-09 1.1667e-09 9.17014e-10 7.20356e-10 5.65557e-10 4.43782e-10 3.48042e-10 2.72813e-10 2.13736e-10 1.67368e-10 1.30995e-10 1.02477e-10 8.01292e-11 6.2626e-11 4.89239e-11 3.82026e-11 2.98177e-11 2.32631e-11 1.81417e-11 1.41419e-11 1.10194e-11 8.58291e-12 6.68251e-12 5.20087e-12 4.04619e-12 3.14668e-12 2.44624e-12 1.90102e-12 1.4768e-12 1.14683e-12 8.90285e-13 6.90891e-13 5.35975e-13 4.15657e-13 3.22243e-13 2.49743e-13
0.000346259 0.000228073 0.000229266 0.000223397 0.00021257 0.000198493 0.000182516 0.000165676 0.000148747 0.000132283 0.000116665 0.000102134 8.88241e-05 7.67905e-05 6.60297e-05 5.64978e-05 4.81239e-05 4.08207e-05 3.44925e-05 2.9041e-05 2.43696e-05 2.03857e-05 1.70032e-05 1.41428e-05 1.17331e-05 9.71005e-06 8.01715e-06 6.60479e-06 5.42984e-06 4.455e-06 3.64822e-06 2.98211e-06 2.43339e-06 1.98233e-06 1.6123e-06 1.30934e-06 1.06174e-06 8.59742e-07 6.95227e-07 5.61455e-07 4.52848e-07 3.64804e-07 2.9353e-07 2.35912e-07 1.89394e-07 1.51886e-07 1.2168e-07 9.73832e-08 7.78619e-08 6.21949e-08 4.96347e-08 3.95756e-08 3.15276e-08 2.50951e-08 1.99585e-08 1.58606e-08 1.25943e-08 9.99301e-09 7.92312e-09 6.27744e-09 4.97006e-09 3.93225e-09 3.10906e-09 2.45658e-09 1.93978e-09 1.53075e-09 1.20722e-09 9.51497e-10 7.49503e-10 5.90051e-10 4.6426e-10 3.65083e-10 2.86938e-10 2.254e-10 1.76968e-10 1.38872e-10 1.08922e-10 8.53896e-11 6.69091e-11 5.24035e-11 4.10236e-11 3.21004e-11 2.51068e-11 1.96283e-11 1.53387e-11 1.19814e-11 9.35506e-12 7.30143e-12 5.69632e-12 4.44231e-12 3.46301e-12 2.69856e-12 2.10207e-12 1.63682e-12 1.27408e-12 9.91371e-13 7.71119e-13 5.99592e-13 4.66059e-13 3.62142e-13 2.81302e-13
0.000254466 0.000173697 0.000176969 0.000174437 0.000167686 0.000158037 0.00014656 0.000134097 0.000121296 0.000108635 9.64549e-05 8.49852e-05 7.43673e-05 6.46751e-05 5.59318e-05 4.81239e-05 4.12123e-05 3.51412e-05 2.9845e-05 2.52529e-05 2.12936e-05 1.7897e-05 1.49966e-05 1.25303e-05 1.04416e-05 8.67885e-06 7.19637e-06 5.95351e-06 4.91461e-06 4.04862e-06 3.32866e-06 2.73159e-06 2.23758e-06 1.82976e-06 1.4938e-06 1.2176e-06 9.90954e-07 8.05317e-07 6.53533e-07 5.29638e-07 4.28668e-07 3.46508e-07 2.79754e-07 2.25593e-07 1.81709e-07 1.46201e-07 1.17505e-07 9.43432e-08 7.56707e-08 6.06345e-08 4.85398e-08 3.88218e-08 3.10215e-08 2.47669e-08 1.97565e-08 1.57467e-08 1.25406e-08 9.97938e-09 7.93519e-09 6.30502e-09 5.00608e-09 3.97192e-09 3.1492e-09 2.4952e-09 1.97571e-09 1.56335e-09 1.23627e-09 9.7702e-10 7.71664e-10 6.09108e-10 4.80515e-10 3.78854e-10 2.98534e-10 2.35114e-10 1.85067e-10 1.45597e-10 1.14485e-10 8.99759e-11 7.06786e-11 5.54929e-11 4.35491e-11 3.41599e-11 2.67827e-11 2.09891e-11 1.64414e-11 1.28735e-11 1.00754e-11 7.88223e-12 6.16387e-12 4.81815e-12 3.76471e-12 2.94043e-12 2.29574e-12 1.7917e-12 1.3978e-12 1.09009e-12 8.49813e-13 6.62257e-13 5.15912e-13 4.01765e-13 3.12766e-13
0.000187008 0.000132123 0.000136395 0.000135964 0.000132009 0.000125538 0.00011739 0.00010824 9.86203e-05 8.89345e-05 7.94807e-05 7.04682e-05 6.20347e-05 5.4262e-05 4.71886e-05 4.08207e-05 3.51412e-05 3.01171e-05 2.57048e-05 2.18548e-05 1.8515e-05 1.56332e-05 1.31586e-05 1.10431e-05 9.24196e-06 7.71428e-06 6.42312e-06 5.33547e-06 4.42206e-06 3.65722e-06 3.01851e-06 2.48652e-06 2.04448e-06 1.67804e-06 1.37494e-06 1.12474e-06 9.18625e-07 7.4915e-07 6.10053e-07 4.96086e-07 4.02865e-07 3.26735e-07 2.64657e-07 2.14113e-07 1.73017e-07 1.3965e-07 1.12593e-07 9.0681e-08 7.29574e-08 5.86386e-08 4.70838e-08 3.77699e-08 3.02704e-08 2.42381e-08 1.93909e-08 1.54998e-08 1.23792e-08 9.87886e-09 7.8773e-09 6.27644e-09 4.99715e-09 3.97568e-09 3.16074e-09 2.51109e-09 1.9936e-09 1.58169e-09 1.25407e-09 9.93675e-10 7.86853e-10 6.22696e-10 4.9249e-10 3.89281e-10 3.07524e-10 2.428e-10 1.91592e-10 1.51102e-10 1.19106e-10 9.38354e-11 7.38888e-11 5.8153e-11 4.57457e-11 3.59682e-11 2.8267e-11 2.22043e-11 1.74339e-11 1.36822e-11 1.07331e-11 8.41599e-12 6.59626e-12 5.16782e-12 4.04703e-12 3.16802e-12 2.47893e-12 1.93896e-12 1.51602e-12 1.18488e-12 9.25722e-13 7.22977e-13 5.64429e-13 4.40492e-13 3.43647e-13
0.000137432 0.000100384 0.000104974 0.000105799 0.000103724 9.95099e-05 9.38058e-05 8.71472e-05 7.99648e-05 7.25948e-05 6.52919e-05 5.82413e-05 5.15711e-05 4.53635e-05 3.96646e-05 3.44925e-05 2.9845e-05 2.57048e-05 2.20446e-05 1.88309e-05 1.60264e-05 1.35925e-05 1.1491e-05 9.68493e-06 8.13932e-06 6.82187e-06 5.70303e-06 4.7561e-06 3.95724e-06 3.28533e-06 2.72179e-06 2.25041e-06 1.85711e-06 1.52974e-06 1.25786e-06 1.03257e-06 8.46255e-07 6.9248e-07 5.65799e-07 4.61626e-07 3.76109e-07 3.06022e-07 2.48673e-07 2.01818e-07 1.63592e-07 1.32451e-07 1.07115e-07 8.65304e-08 6.98266e-08 5.62887e-08 4.53297e-08 3.64686e-08 2.93116e-08 2.35374e-08 1.88835e-08 1.51365e-08 1.21227e-08 9.70076e-09 7.7564e-09 6.19683e-09 4.94701e-09 3.94627e-09 3.14564e-09 2.50564e-09 1.99444e-09 1.58644e-09 1.26106e-09 1.00175e-09 7.95247e-10 6.30915e-10 5.00231e-10 3.96375e-10 3.13895e-10 2.48434e-10 1.96512e-10 1.55354e-10 1.2275e-10 9.69355e-11 7.65096e-11 6.03565e-11 4.75896e-11 3.75044e-11 2.9542e-11 2.32588e-11 1.83033e-11 1.43969e-11 1.13191e-11 8.89523e-12 6.98733e-12 5.48627e-12 4.30583e-12 3.37795e-12 2.64893e-12 2.0764e-12 1.62696e-12 1.2743e-12 9.97692e-13 7.80829e-13 6.10874e-13 4.77734e-13 3.73475e-13
0.000100999 7.6188e-05 8.06855e-05 8.21981e-05 8.13538e-05 7.87209e-05 7.47958e-05 6.99983e-05 6.46733e-05 5.90966e-05 5.34822e-05 4.79905e-05 4.27366e-05 3.77988e-05 3.32253e-05 2.9041e-05 2.52529e-05 2.18548e-05 1.88309e-05 1.61593e-05 1.38141e-05 1.17673e-05 9.99043e-06 8.45534e-06 7.13503e-06 6.00412e-06 5.03914e-06 4.21868e-06 3.52342e-06 2.93608e-06 2.44138e-06 2.02586e-06 1.67775e-06 1.38684e-06 1.1443e-06 9.42547e-07 7.75071e-07 6.36334e-07 5.21626e-07 4.26961e-07 3.48976e-07 2.84841e-07 2.32182e-07 1.89014e-07 1.5368e-07 1.24801e-07 1.01229e-07 8.20167e-08 6.63774e-08 5.36628e-08 4.33387e-08 3.49655e-08 2.81824e-08 2.26935e-08 1.82566e-08 1.4674e-08 1.1784e-08 9.45503e-09 7.58002e-09 6.07188e-09 4.85992e-09 3.88685e-09 3.10625e-09 2.48058e-09 1.97949e-09 1.57851e-09 1.25788e-09 1.00169e-09 7.97156e-10 6.33972e-10 5.03872e-10 4.0022e-10 3.17697e-10 2.52039e-10 1.99833e-10 1.58349e-10 1.25407e-10 9.92624e-11 7.8526e-11 6.20884e-11 4.90659e-11 3.87549e-11 3.05953e-11 2.41416e-11 1.904e-11 1.50093e-11 1.18263e-11 9.31404e-12 7.33211e-12 5.76933e-12 4.53765e-12 3.56738e-12 2.80338e-12 2.20208e-12 1.72904e-12 1.35706e-12 1.06469e-12 8.34975e-13 6.5457e-13 5.12948e-13 4.01816e-13
7.42245e-05 5.77659e-05 6.19395e-05 6.37685e-05 6.37017e-05 6.21589e-05 5.95163e-05 5.60993e-05 5.21816e-05 4.79864e-05 4.36912e-05 3.94323e-05 3.53109e-05 3.13984e-05 2.7742e-05 2.43696e-05 2.12936e-05 1.8515e-05 1.60264e-05 1.38141e-05 1.18607e-05 1.01463e-05 8.65006e-06 7.35075e-06 6.22767e-06 5.26108e-06 4.43247e-06 3.72477e-06 3.12242e-06 2.61141e-06 2.17919e-06 1.81466e-06 1.50806e-06 1.25083e-06 1.03556e-06 8.55811e-07 7.06053e-07 5.81544e-07 4.78234e-07 3.92678e-07 3.21953e-07 2.63592e-07 2.15515e-07 1.75973e-07 1.43502e-07 1.16877e-07 9.50781e-08 7.72545e-08 6.27013e-08 5.08337e-08 4.11684e-08 3.33063e-08 2.69185e-08 2.17345e-08 1.75321e-08 1.41291e-08 1.13764e-08 9.15184e-09 7.35598e-09 5.90756e-09 4.74046e-09 3.80089e-09 3.04517e-09 2.43785e-09 1.9502e-09 1.55896e-09 1.24532e-09 9.9409e-10 7.93e-10 6.32166e-10 5.03623e-10 4.00961e-10 3.19026e-10 2.53678e-10 2.01595e-10 1.6011e-10 1.27088e-10 1.0082e-10 7.99367e-11 6.33443e-11 5.0169e-11 3.97132e-11 3.14202e-11 2.48463e-11 1.9638e-11 1.55139e-11 1.22499e-11 9.6681e-12 7.62685e-12 6.01382e-12 4.73979e-12 3.73401e-12 2.94037e-12 2.31442e-12 1.82095e-12 1.43209e-12 1.12582e-12 8.84685e-13 6.94923e-13 5.45651e-13 4.28277e-13
5.45478e-05 4.37568e-05 4.74935e-05 4.9403e-05 4.98015e-05 4.89955e-05 4.72671e-05 4.48666e-05 4.20088e-05 3.88725e-05 3.56031e-05 3.23148e-05 2.90947e-05 2.60063e-05 2.3094e-05 2.03857e-05 1.7897e-05 1.56332e-05 1.35925e-05 1.17673e-05 1.01463e-05 8.71584e-06 7.46074e-06 6.36529e-06 5.41379e-06 4.59099e-06 3.88242e-06 3.27455e-06 2.75494e-06 2.31226e-06 1.9363e-06 1.61795e-06 1.34914e-06 1.12276e-06 9.32586e-07 7.73211e-07 6.39949e-07 5.28761e-07 4.36183e-07 3.59252e-07 2.95443e-07 2.42614e-07 1.98952e-07 1.62925e-07 1.33247e-07 1.08836e-07 8.87882e-08 7.23464e-08 5.88809e-08 4.78677e-08 3.8872e-08 3.15332e-08 2.55536e-08 2.06871e-08 1.6731e-08 1.35185e-08 1.09128e-08 8.80132e-09 7.09214e-09 5.70997e-09 4.59331e-09 3.69201e-09 2.96518e-09 2.37958e-09 1.90818e-09 1.52902e-09 1.2243e-09 9.79613e-10 7.8328e-10 6.25868e-10 4.99755e-10 3.98792e-10 3.18022e-10 2.53451e-10 2.01866e-10 1.60683e-10 1.27825e-10 1.01628e-10 8.07529e-11 6.413e-11 5.09009e-11 4.03789e-11 3.20149e-11 2.53702e-11 2.00944e-11 1.59076e-11 1.25869e-11 9.95462e-12 7.86903e-12 6.21747e-12 4.91026e-12 3.87613e-12 3.05842e-12 2.41215e-12 1.90161e-12 1.4985e-12 1.18034e-12 9.29344e-13 7.31425e-13 5.75424e-13 4.52517e-13
4.00873e-05 3.31157e-05 3.63767e-05 3.82241e-05 3.88769e-05 3.8556e-05 3.74712e-05 3.5813e-05 3.37483e-05 3.14194e-05 2.89439e-05 2.64163e-05 2.39105e-05 2.14819e-05 1.91704e-05 1.70032e-05 1.49966e-05 1.31586e-05 1.1491e-05 9.99043e-06 8.65006e-06 7.46074e-06 6.41175e-06 5.4916e-06 4.68849e-06 3.99078e-06 3.38721e-06 2.86716e-06 2.42072e-06 2.03881e-06 1.71315e-06 1.4363e-06 1.20164e-06 1.00327e-06 8.3602e-07 6.95346e-07 5.77305e-07 4.78474e-07 3.95903e-07 3.27057e-07 2.69765e-07 2.22178e-07 1.82722e-07 1.50064e-07 1.23076e-07 1.00811e-07 8.24692e-08 6.7382e-08 5.49895e-08 4.48244e-08 3.64975e-08 2.96851e-08 2.41188e-08 1.9576e-08 1.5873e-08 1.28579e-08 1.04056e-08 8.41322e-09 6.79619e-09 5.48512e-09 4.42317e-09 3.56383e-09 2.86909e-09 2.30794e-09 1.85509e-09 1.48995e-09 1.19579e-09 9.59007e-10 7.68558e-10 6.15498e-10 4.92583e-10 3.93949e-10 3.14858e-10 2.51483e-10 2.00738e-10 1.60133e-10 1.27663e-10 1.01717e-10 8.09966e-11 6.446e-11 5.12707e-11 4.07575e-11 3.23824e-11 2.57146e-11 2.0409e-11 1.61898e-11 1.28363e-11 1.01723e-11 8.05728e-12 6.37893e-12 5.04779e-12 3.99257e-12 3.15649e-12 2.49436e-12 1.97025e-12 1.55559e-12 1.22767e-12 9.68458e-13 7.63661e-13 6.01923e-13 4.74248e-13
2.94602e-05 2.50414e-05 2.78332e-05 2.95386e-05 3.03064e-05 3.02938e-05 2.96549e-05 2.85336e-05 2.70586e-05 2.53419e-05 2.3478e-05 2.15441e-05 1.9602e-05 1.76993e-05 1.58712e-05 1.41428e-05 1.25303e-05 1.10431e-05 9.68493e-06 8.45534e-06 7.35075e-06 6.36529e-06 5.4916e-06 4.7214e-06 4.04596e-06 3.45646e-06 2.94423e-06 2.50096e-06 2.11885e-06 1.79063e-06 1.50965e-06 1.26986e-06 1.06583e-06 8.92727e-07 7.46244e-07 6.22603e-07 5.18493e-07 4.31028e-07 3.57708e-07 2.96374e-07 2.45168e-07 2.025e-07 1.67011e-07 1.37546e-07 1.13123e-07 9.29123e-08 7.6214e-08 6.24384e-08 5.10906e-08 4.17558e-08 3.40876e-08 2.77965e-08 2.2642e-08 1.8424e-08 1.49763e-08 1.21617e-08 9.86644e-09 7.99678e-09 6.47544e-09 5.2388e-09 4.2346e-09 3.41995e-09 2.75971e-09 2.22511e-09 1.79264e-09 1.44309e-09 1.16081e-09 9.33051e-10 7.49429e-10 6.01513e-10 4.82452e-10 3.86692e-10 3.0973e-10 2.47922e-10 1.9832e-10 1.58541e-10 1.26662e-10 1.01131e-10 8.06986e-11 6.43562e-11 5.12938e-11 4.08595e-11 3.25296e-11 2.58838e-11 2.05847e-11 1.63618e-11 1.29985e-11 1.03213e-11 8.19134e-12 6.49775e-12 5.15182e-12 4.08273e-12 3.23398e-12 2.56049e-12 2.02634e-12 1.6029e-12 1.26738e-12 1.00166e-12 7.91315e-13 6.24877e-13 4.93241e-13
2.16504e-05 1.89207e-05 2.12753e-05 2.28002e-05 2.35941e-05 2.37671e-05 2.34313e-05 2.26942e-05 2.16545e-05 2.03995e-05 1.90044e-05 1.75318e-05 1.60328e-05 1.45476e-05 1.31069e-05 1.17331e-05 1.04416e-05 9.24196e-06 8.13932e-06 7.13503e-06 6.22767e-06 5.41379e-06 4.68849e-06 4.04596e-06 3.47982e-06 2.98345e-06 2.55024e-06 2.17377e-06 1.84789e-06 1.56685e-06 1.32531e-06 1.11839e-06 9.41686e-07 7.9121e-07 6.63424e-07 5.55188e-07 4.63736e-07 3.86649e-07 3.21815e-07 2.67404e-07 2.21834e-07 1.83742e-07 1.51962e-07 1.25496e-07 1.03493e-07 8.52313e-08 7.00993e-08 5.758e-08 4.72379e-08 3.87066e-08 3.16789e-08 2.58977e-08 2.11481e-08 1.7251e-08 1.40573e-08 1.14432e-08 9.30596e-09 7.56056e-09 6.13672e-09 4.97644e-09 4.03191e-09 3.26379e-09 2.63974e-09 2.13323e-09 1.72249e-09 1.38973e-09 1.12038e-09 9.02539e-10 7.26511e-10 5.84387e-10 4.69729e-10 3.77302e-10 3.02852e-10 2.4293e-10 1.94735e-10 1.56e-10 1.2489e-10 9.99223e-11 7.9897e-11 6.38465e-11 5.09904e-11 4.06994e-11 3.24669e-11 2.58851e-11 2.06263e-11 1.64271e-11 1.30758e-11 1.04027e-11 8.27192e-12 6.57425e-12 5.2224e-12 4.14651e-12 3.29069e-12 2.61027e-12 2.06958e-12 1.64014e-12 1.29922e-12 1.02871e-12 8.14169e-13 6.44091e-13 5.09327e-13
1.59109e-05 1.42854e-05 1.62475e-05 1.75798e-05 1.83455e-05 1.86206e-05 1.84856e-05 1.80202e-05 1.72992e-05 1.63903e-05 1.53527e-05 1.4237e-05 1.30849e-05 1.193e-05 1.07985e-05 9.71005e-06 8.67885e-06 7.71428e-06 6.82187e-06 6.00412e-06 5.26108e-06 4.59099e-06 3.99078e-06 3.45646e-06 2.98345e-06 2.56686e-06 2.2017e-06 1.88303e-06 1.60605e-06 1.36624e-06 1.15934e-06 9.81429e-07 8.28935e-07 6.98613e-07 5.87552e-07 4.93159e-07 4.13136e-07 3.45459e-07 2.88355e-07 2.40279e-07 1.99887e-07 1.66021e-07 1.3768e-07 1.14007e-07 9.42692e-08 7.78398e-08 6.4187e-08 5.28596e-08 4.3476e-08 3.57141e-08 2.93029e-08 2.40146e-08 1.96585e-08 1.60749e-08 1.31305e-08 1.07142e-08 8.73374e-09 7.1123e-09 5.7863e-09 4.7031e-09 3.81916e-09 3.09858e-09 2.51176e-09 2.03433e-09 1.64628e-09 1.33116e-09 1.0755e-09 8.68259e-10 7.00418e-10 5.646e-10 4.54785e-10 3.66067e-10 2.94448e-10 2.36678e-10 1.90114e-10 1.5261e-10 1.22425e-10 9.81475e-11 7.86354e-11 6.29637e-11 5.03849e-11 4.02953e-11 3.22074e-11 2.57283e-11 2.0541e-11 1.63905e-11 1.30716e-11 1.04192e-11 8.30065e-12 6.60947e-12 5.26019e-12 4.18427e-12 3.32679e-12 2.64376e-12 2.09996e-12 1.66724e-12 1.32308e-12 1.04949e-12 8.32096e-13 6.59446e-13 5.22393e-13
1.16929e-05 1.0778e-05 1.23969e-05 1.35405e-05 1.42476e-05 1.45693e-05 1.45627e-05 1.42864e-05 1.37967e-05 1.31455e-05 1.23795e-05 1.15386e-05 1.0657e-05 9.76226e-06 8.87664e-06 8.01715e-06 7.19637e-06 6.42312e-06 5.70303e-06 5.03914e-06 4.43247e-06 3.88242e-06 3.38721e-06 2.94423e-06 2.55024e-06 2.2017e-06 1.89487e-06 1.62599e-06 1.39134e-06 1.18738e-06 1.01074e-06 8.5829e-07 7.27144e-07 6.14668e-07 5.18486e-07 4.36461e-07 3.66692e-07 3.07496e-07 2.57388e-07 2.15069e-07 1.79405e-07 1.49412e-07 1.24238e-07 1.03149e-07 8.55133e-08 7.07924e-08 5.85249e-08 4.83187e-08 3.98407e-08 3.28089e-08 2.69853e-08 2.21691e-08 1.81914e-08 1.49107e-08 1.22083e-08 9.98507e-09 8.15826e-09 6.65894e-09 5.42982e-09 4.42333e-09 3.60003e-09 2.92729e-09 2.37814e-09 1.93033e-09 1.56551e-09 1.26858e-09 1.02713e-09 8.30971e-10 6.71752e-10 5.42625e-10 4.37993e-10 3.53277e-10 2.84743e-10 2.29343e-10 1.84594e-10 1.48476e-10 1.19346e-10 9.58691e-11 7.69611e-11 6.17437e-11 4.95047e-11 3.96678e-11 3.17668e-11 2.54247e-11 2.03371e-11 1.62584e-11 1.29906e-11 1.03739e-11 8.27989e-12 6.60509e-12 5.26634e-12 4.1968e-12 3.3428e-12 2.66127e-12 2.11766e-12 1.68429e-12 1.33898e-12 1.06397e-12 8.45063e-13 6.70892e-13 5.32384e-13
8.59317e-06 8.12631e-06 9.45096e-06 1.04191e-05 1.10526e-05 1.13851e-05 1.14566e-05 1.13095e-05 1.09859e-05 1.05254e-05 9.96419e-06 9.33414e-06 8.66251e-06 7.97208e-06 7.28133e-06 6.60479e-06 5.95351e-06 5.33547e-06 4.7561e-06 4.21868e-06 3.72477e-06 3.27455e-06 2.86716e-06 2.50096e-06 2.17377e-06 1.88303e-06 1.62599e-06 1.3998e-06 1.20163e-06 1.02871e-06 8.78381e-07 7.48166e-07 6.35747e-07 5.38997e-07 4.55979e-07 3.84944e-07 3.24326e-07 2.72729e-07 2.28916e-07 1.91799e-07 1.60424e-07 1.33959e-07 1.11681e-07 9.29637e-08 7.72674e-08 6.41283e-08 5.31487e-08 4.3989e-08 3.63599e-08 3.00153e-08 2.47471e-08 2.03788e-08 1.67619e-08 1.37711e-08 1.13014e-08 9.26459e-09 7.58683e-09 6.20652e-09 5.07224e-09 4.1412e-09 3.37784e-09 2.75262e-09 2.24108e-09 1.82299e-09 1.4816e-09 1.20313e-09 9.76182e-10 7.91401e-10 6.41087e-10 5.18919e-10 4.19712e-10 3.39218e-10 2.73961e-10 2.21099e-10 1.78312e-10 1.43706e-10 1.15738e-10 9.31516e-11 7.49241e-11 6.02248e-11 4.83791e-11 3.88394e-11 3.1162e-11 2.49873e-11 2.00245e-11 1.60382e-11 1.28382e-11 1.0271e-11 8.21264e-12 6.56329e-12 5.24243e-12 4.18522e-12 3.3395e-12 2.66335e-12 2.12305e-12 1.69153e-12 1.34708e-12 1.07226e-12 8.53117e-13 6.78447e-13 5.39298e-13
6.31514e-06 6.12308e-06 7.19935e-06 8.00963e-06 8.56485e-06 8.88624e-06 9.00122e-06 8.94026e-06 8.73447e-06 8.41394e-06 8.00656e-06 7.53737e-06 7.02819e-06 6.49753e-06 5.96066e-06 5.42984e-06 4.91461e-06 4.42206e-06 3.95724e-06 3.52342e-06 3.12242e-06 2.75494e-06 2.42072e-06 2.11885e-06 1.84789e-06 1.60605e-06 1.39134e-06 1.20163e-06 1.03476e-06 8.88585e-07 7.61043e-07 6.50163e-07 5.54097e-07 4.71136e-07 3.9971e-07 3.38393e-07 2.85898e-07 2.41074e-07 2.02894e-07 1.70451e-07 1.42945e-07 1.19675e-07 1.0003e-07 8.34773e-08 6.95577e-08 5.78735e-08 4.80831e-08 3.98935e-08 3.30543e-08 2.73518e-08 2.26044e-08 1.86579e-08 1.53821e-08 1.26666e-08 1.04187e-08 8.5602e-09 7.02569e-09 5.76022e-09 4.71786e-09 3.86027e-09 3.1555e-09 2.57695e-09 2.10253e-09 1.71389e-09 1.39586e-09 1.13585e-09 9.23498e-10 7.50223e-10 6.08966e-10 4.93914e-10 4.00287e-10 3.24162e-10 2.62319e-10 2.12119e-10 1.71403e-10 1.38406e-10 1.11684e-10 9.00599e-11 7.25749e-11 5.84466e-11 4.70386e-11 3.78336e-11 3.04112e-11 2.44302e-11 1.96139e-11 1.57378e-11 1.26205e-11 1.0115e-11 8.10239e-12 6.4867e-12 5.1904e-12 4.15097e-12 3.31797e-12 2.65077e-12 2.11668e-12 1.68936e-12 1.34765e-12 1.07454e-12 8.56378e-13 6.82189e-13 5.4318e-13
4.64101e-06 4.61085e-06 5.48e-06 6.15186e-06 6.63027e-06 6.92793e-06 7.06326e-06 7.05784e-06 6.93447e-06 6.71577e-06 6.42315e-06 6.07614e-06 5.69209e-06 5.28591e-06 4.87013e-06 4.455e-06 4.04862e-06 3.65722e-06 3.28533e-06 2.93608e-06 2.61141e-06 2.31226e-06 2.03881e-06 1.79063e-06 1.56685e-06 1.36624e-06 1.18738e-06 1.02871e-06 8.88585e-07 7.6538e-07 6.57481e-07 5.63341e-07 4.81494e-07 4.10571e-07 3.49306e-07 2.96541e-07 2.51224e-07 2.12407e-07 1.79244e-07 1.50978e-07 1.26943e-07 1.06551e-07 8.92855e-08 7.46978e-08 6.23963e-08 5.20422e-08 4.33431e-08 3.60471e-08 2.99382e-08 2.48315e-08 2.05693e-08 1.70173e-08 1.40615e-08 1.16053e-08 9.56708e-09 7.87798e-09 6.47999e-09 5.3244e-09 4.37033e-09 3.58358e-09 2.93555e-09 2.40239e-09 1.9642e-09 1.60446e-09 1.30942e-09 1.06769e-09 8.69841e-10 7.08056e-10 5.75887e-10 4.68011e-10 3.80042e-10 3.08369e-10 2.50023e-10 2.02566e-10 1.63998e-10 1.32678e-10 1.07264e-10 8.66585e-11 6.99642e-11 5.64486e-11 4.55143e-11 3.66746e-11 2.95333e-11 2.37679e-11 1.91164e-11 1.53661e-11 1.23444e-11 9.91113e-12 7.95303e-12 6.37825e-12 5.11249e-12 4.09572e-12 3.27943e-12 2.62447e-12 2.09923e-12 1.67827e-12 1.34106e-12 1.07108e-12 8.55035e-13 6.82247e-13 5.44122e-13
3.41069e-06 3.4701e-06 4.16825e-06 4.72094e-06 5.12765e-06 5.39532e-06 5.53596e-06 5.56462e-06 5.49785e-06 5.35252e-06 5.14493e-06 4.89027e-06 4.60218e-06 4.29263e-06 3.97182e-06 3.64822e-06 3.32866e-06 3.01851e-06 2.72179e-06 2.44138e-06 2.17919e-06 1.9363e-06 1.71315e-06 1.50965e-06 1.32531e-06 1.15934e-06 1.01074e-06 8.78381e-07 7.61043e-07 6.57481e-07 5.66454e-07 4.86751e-07 4.17217e-07 3.5676e-07 3.04364e-07 2.59092e-07 2.20088e-07 1.86576e-07 1.57858e-07 1.33308e-07 1.12373e-07 9.45587e-08 7.94342e-08 6.66198e-08 5.57842e-08 4.66395e-08 3.89361e-08 3.24583e-08 2.70205e-08 2.24633e-08 1.86501e-08 1.54645e-08 1.28071e-08 1.05935e-08 8.75224e-09 7.22273e-09 5.95388e-09 4.9026e-09 4.03267e-09 3.31368e-09 2.72013e-09 2.23071e-09 1.82759e-09 1.49591e-09 1.22331e-09 9.99482e-10 8.15895e-10 6.65458e-10 5.42304e-10 4.41579e-10 3.59272e-10 2.92077e-10 2.37266e-10 1.92595e-10 1.56219e-10 1.26621e-10 1.02558e-10 8.30096e-11 6.71412e-11 5.42698e-11 4.38368e-11 3.53866e-11 2.85471e-11 2.30151e-11 1.85437e-11 1.4932e-11 1.20165e-11 9.6647e-12 7.76869e-12 6.24111e-12 5.01112e-12 4.02134e-12 3.22531e-12 2.5855e-12 2.07152e-12 1.65887e-12 1.32775e-12 1.06219e-12 8.4933e-13 6.78799e-13 5.4225e-13
2.50652e-06 2.61013e-06 3.1683e-06 3.61989e-06 3.96187e-06 4.1974e-06 4.33398e-06 4.38193e-06 4.35313e-06 4.26005e-06 4.11502e-06 3.92975e-06 3.71494e-06 3.48012e-06 3.23352e-06 2.98211e-06 2.73159e-06 2.48652e-06 2.25041e-06 2.02586e-06 1.81466e-06 1.61795e-06 1.4363e-06 1.26986e-06 1.11839e-06 9.81429e-07 8.5829e-07 7.48166e-07 6.50163e-07 5.63341e-07 4.86751e-07 4.19454e-07 3.60541e-07 3.09148e-07 2.64462e-07 2.2573e-07 1.92255e-07 1.63407e-07 1.38611e-07 1.17353e-07 9.91712e-08 8.36573e-08 7.04489e-08 5.92272e-08 4.9713e-08 4.16621e-08 3.48624e-08 2.91298e-08 2.43054e-08 2.0252e-08 1.68521e-08 1.40047e-08 1.16238e-08 9.63577e-09 7.97822e-09 6.59812e-09 5.45058e-09 4.49764e-09 3.70731e-09 3.05265e-09 2.51101e-09 2.06342e-09 1.69395e-09 1.38931e-09 1.1384e-09 9.31949e-10 7.62259e-10 6.22923e-10 5.08622e-10 4.14948e-10 3.38249e-10 2.75506e-10 2.24226e-10 1.8235e-10 1.48183e-10 1.20329e-10 9.76398e-11 7.91726e-11 6.41534e-11 5.19478e-11 4.20361e-11 3.39931e-11 2.74712e-11 2.21865e-11 1.79072e-11 1.44444e-11 1.16442e-11 9.38123e-12 7.55366e-12 6.07863e-12 4.88886e-12 3.92979e-12 3.15713e-12 2.53502e-12 2.03442e-12 1.63183e-12 1.30823e-12 1.04827e-12 8.39552e-13 6.7206e-13 5.37723e-13
1.84205e-06 1.96224e-06 2.40664e-06 2.77346e-06 3.05839e-06 3.2622e-06 3.38929e-06 3.44656e-06 3.44242e-06 3.38603e-06 3.28664e-06 3.15322e-06 2.99411e-06 2.81685e-06 2.62805e-06 2.43339e-06 2.23758e-06 2.04448e-06 1.85711e-06 1.67775e-06 1.50806e-06 1.34914e-06 1.20164e-06 1.06583e-06 9.41686e-07 8.28935e-07 7.27144e-07 6.35747e-07 5.54097e-07 4.81494e-07 4.17217e-07 3.60541e-07 3.10758e-07 2.67186e-07 2.29178e-07 1.96129e-07 1.6748e-07 1.42715e-07 1.21366e-07 1.0301e-07 8.7266e-08 7.37944e-08 6.22933e-08 5.24958e-08 4.41669e-08 3.71006e-08 3.11171e-08 2.60598e-08 2.1793e-08 1.81993e-08 1.51775e-08 1.26408e-08 1.05146e-08 8.73503e-09 7.24787e-09 6.00678e-09 4.97248e-09 4.11166e-09 3.39614e-09 2.80214e-09 2.30962e-09 1.90174e-09 1.56433e-09 1.28554e-09 1.05544e-09 8.65714e-10 7.09453e-10 5.80882e-10 4.75198e-10 3.88413e-10 3.17213e-10 2.58854e-10 2.11063e-10 1.71961e-10 1.39995e-10 1.13887e-10 9.25786e-11 7.5203e-11 6.10452e-11 4.95183e-11 4.01405e-11 3.25169e-11 2.63238e-11 2.12965e-11 1.72183e-11 1.39124e-11 1.12343e-11 9.06625e-12 7.31226e-12 5.89417e-12 4.74836e-12 3.82313e-12 3.07647e-12 2.47429e-12 1.9889e-12 1.59788e-12 1.28307e-12 1.02975e-12 8.26027e-13 6.62277e-13 5.30727e-13
