0.378002 0.0595713 0.0324967 0.0192991 0.0118503 0.00733355 0.00452415 0.00277172 0.00168524 0.00101741 0.000610428 0.000364292 0.000216409 0.000128054 7.55137e-05 4.43981e-05 2.60352e-05 1.52315e-05 8.89233e-06 5.18168e-06 3.01427e-06 1.75072e-06 1.01538e-06 5.88121e-07 3.40216e-07 1.96557e-07 1.13388e-07 6.52553e-08 3.73619e-08 2.10975e-08 1.21375e-08
0.0595713 0.0138546 0.00724225 0.00382604 0.00201758 0.00106356 0.000562105 0.000298391 0.000159208 8.5377e-05 4.59986e-05 2.48858e-05 1.35123e-05 7.35982e-06 4.01956e-06 2.20041e-06 1.207e-06 6.63255e-07 3.65025e-07 2.01166e-07 1.10996e-07 6.13086e-08 3.38955e-08 1.87547e-08 1.03835e-08 5.75025e-09 3.18224e-09 1.75548e-09 9.58539e-10 5.07756e-10 2.82322e-10
0.0324967 0.00724225 0.00333085 0.00162701 0.000818774 0.000419478 0.000217745 0.000114239 6.04732e-05 3.22534e-05 1.73109e-05 9.33994e-06 5.06143e-06 2.75295e-06 1.502e-06 8.21641e-07 4.50473e-07 2.47454e-07 1.36159e-07 7.50294e-08 4.1397e-08 2.28661e-08 1.26426e-08 6.9956e-09 3.87296e-09 2.14405e-09 1.1851e-09 6.51443e-10 3.52404e-10 1.93876e-10 1.07829e-10
0.0192991 0.00382604 0.00162701 0.000750956 0.000364018 0.000182018 9.29845e-05 4.82604e-05 2.53557e-05 1.34506e-05 7.19038e-06 3.86775e-06 2.09104e-06 1.13521e-06 6.18433e-07 3.37886e-07 1.8506e-07 1.01571e-07 5.58478e-08 3.07555e-08 1.69602e-08 9.36379e-09 5.17499e-09 2.86226e-09 1.58374e-09 8.75903e-10 4.83151e-10 2.64382e-10 1.46118e-10 8.03856e-11 4.47027e-11
0.0118503 0.00201758 0.000818774 0.000364018 0.000171828 8.43802e-05 4.25795e-05 2.1911e-05 1.14411e-05 6.04135e-06 3.21805e-06 1.72608e-06 9.30996e-07 5.04439e-07 2.74345e-07 1.49672e-07 8.18713e-08 4.48844e-08 2.46544e-08 1.35649e-08 7.47417e-09 4.12335e-09 2.27714e-09 1.25852e-09 6.95722e-10 3.84244e-10 2.1145e-10 1.1699e-10 6.46473e-11 3.55581e-11 1.97658e-11
0.00733355 0.00106356 0.000419478 0.000182018 8.43802e-05 4.09132e-05 2.04621e-05 1.04623e-05 5.43692e-06 2.86019e-06 1.51894e-06 8.12664e-07 4.3738e-07 2.36537e-07 1.28428e-07 6.99606e-08 3.82167e-08 2.09257e-08 1.14812e-08 6.31036e-09 3.4736e-09 1.91456e-09 1.05638e-09 5.8329e-10 3.22092e-10 1.77631e-10 9.82542e-11 5.43428e-11 3.00186e-11 1.65061e-11 9.17022e-12
0.00452415 0.000562105 0.000217745 9.29845e-05 4.25795e-05 2.04621e-05 1.0168e-05 5.17395e-06 2.67868e-06 1.40488e-06 7.44167e-07 3.97259e-07 2.13386e-07 1.15196e-07 6.24452e-08 3.39668e-08 1.85297e-08 1.01333e-08 5.55334e-09 3.04896e-09 1.67662e-09 9.23213e-10 5.08906e-10 2.80716e-10 1.5484e-10 8.55689e-11 4.73074e-11 2.61523e-11 1.44399e-11 7.93712e-12 4.40687e-12
0.00277172 0.000298391 0.000114239 4.82604e-05 2.1911e-05 1.04623e-05 5.17395e-06 2.62294e-06 1.35385e-06 7.08234e-07 3.74313e-07 1.99421e-07 1.06925e-07 5.76276e-08 3.11912e-08 1.69424e-08 9.2304e-09 5.04168e-09 2.75983e-09 1.51361e-09 8.3149e-10 4.57405e-10 2.51895e-10 1.38813e-10 7.66083e-11 4.23096e-11 2.33776e-11 1.29165e-11 7.1283e-12 3.91672e-12 2.17328e-12
0.00168524 0.000159208 6.04732e-05 2.53557e-05 1.14411e-05 5.43692e-06 2.67868e-06 1.35385e-06 6.97013e-07 3.63812e-07 1.91896e-07 1.0205e-07 5.4625e-08 2.93949e-08 1.58873e-08 8.61811e-09 4.68937e-09 2.55835e-09 1.39891e-09 7.6643e-10 4.20618e-10 2.31164e-10 1.27186e-10 7.00751e-11 3.86464e-11 2.133e-11 1.17784e-11 6.50414e-12 3.58767e-12 1.97054e-12 1.09273e-12
0.00101741 8.5377e-05 3.22534e-05 1.34506e-05 6.04135e-06 2.86019e-06 1.40488e-06 7.08234e-07 3.63812e-07 1.89515e-07 9.97793e-08 5.29731e-08 2.83112e-08 1.52128e-08 8.21105e-09 4.44847e-09 2.41768e-09 1.31753e-09 7.19674e-10 3.93901e-10 2.15969e-10 1.18586e-10 6.52108e-11 3.59023e-11 1.97864e-11 1.09135e-11 6.02282e-12 3.324e-12 1.8326e-12 1.00619e-12 5.57639e-13
0.000610428 4.59986e-05 1.73109e-05 7.19038e-06 3.21805e-06 1.51894e-06 7.44167e-07 3.74313e-07 1.91896e-07 9.97793e-08 5.24452e-08 2.77998e-08 1.48358e-08 7.96104e-09 4.29147e-09 2.3222e-09 1.26066e-09 6.86283e-10 3.74495e-10 2.0478e-10 1.12178e-10 6.15525e-11 3.3822e-11 1.86076e-11 1.0248e-11 5.64889e-12 3.11559e-12 1.71856e-12 9.4703e-13 5.19782e-13 2.87906e-13
0.000364292 2.48858e-05 9.33994e-06 3.86775e-06 1.72608e-06 8.12664e-07 3.97259e-07 1.99421e-07 1.0205e-07 5.29731e-08 2.77998e-08 1.47144e-08 7.84185e-09 4.20264e-09 2.26275e-09 1.22304e-09 6.63257e-10 3.60706e-10 1.96647e-10 1.07434e-10 5.88065e-11 3.22424e-11 1.77037e-11 9.73313e-12 5.35697e-12 2.95105e-12 1.6267e-12 8.96815e-13 4.93969e-13 2.71025e-13 1.5004e-13
0.000216409 1.35123e-05 5.06143e-06 2.09104e-06 9.30996e-07 4.3738e-07 2.13386e-07 1.06925e-07 5.4625e-08 2.83112e-08 1.48358e-08 7.84185e-09 4.17387e-09 2.23419e-09 1.20156e-09 6.48769e-10 3.51476e-10 1.90967e-10 1.04017e-10 5.67822e-11 3.10567e-11 1.70151e-11 9.33612e-12 5.12942e-12 2.8214e-12 1.55334e-12 8.55772e-13 4.71558e-13 2.59621e-13 1.42399e-13 7.87922e-14
0.000128054 7.35982e-06 2.75295e-06 1.13521e-06 5.04439e-07 2.36537e-07 1.15196e-07 5.76276e-08 2.93949e-08 1.52128e-08 7.96104e-09 4.20264e-09 2.23419e-09 1.19457e-09 6.41765e-10 3.46167e-10 1.87363e-10 1.01709e-10 5.53544e-11 3.01937e-11 1.6502e-11 9.03462e-12 4.95394e-12 2.72006e-12 1.49526e-12 8.22762e-13 4.53041e-13 2.4952e-13 1.37317e-13 7.52931e-14 4.16411e-14
7.55137e-05 4.01956e-06 1.502e-06 6.18433e-07 2.74345e-07 1.28428e-07 6.24452e-08 3.11912e-08 1.58873e-08 8.21105e-09 4.29147e-09 2.26275e-09 1.20156e-09 6.41765e-10 3.44434e-10 1.85612e-10 1.00373e-10 5.44423e-11 2.96064e-11 1.61371e-11 8.81331e-12 4.82194e-12 2.64233e-12 1.44995e-12 7.96607e-13 4.38097e-13 2.4111e-13 1.32733e-13 7.30167e-14 4.00243e-14 2.21254e-14
4.43981e-05 2.20041e-06 8.21641e-07 3.37886e-07 1.49672e-07 6.99606e-08 3.39668e-08 1.69424e-08 8.61811e-09 4.44847e-09 2.3222e-09 1.22304e-09 6.48769e-10 3.46167e-10 1.85612e-10 9.99361e-11 5.39976e-11 2.92651e-11 1.59028e-11 8.66179e-12 4.72747e-12 2.58485e-12 1.41559e-12 7.76349e-13 4.26296e-13 2.34323e-13 1.28899e-13 7.09289e-14 3.90028e-14 2.13733e-14 1.18099e-14
2.60352e-05 1.207e-06 4.50473e-07 1.8506e-07 8.18713e-08 3.82167e-08 1.85297e-08 9.2304e-09 4.68937e-09 2.41768e-09 1.26066e-09 6.63257e-10 3.51476e-10 1.87363e-10 1.00373e-10 5.39976e-11 2.9153e-11 1.57882e-11 8.57337e-12 4.66652e-12 2.54529e-12 1.39086e-12 7.61265e-13 4.1727e-13 2.29006e-13 1.25816e-13 6.91788e-14 3.80506e-14 2.09156e-14 1.14585e-14 6.3288e-15
1.52315e-05 6.63255e-07 2.47454e-07 1.01571e-07 4.48844e-08 2.09257e-08 1.01333e-08 5.04168e-09 2.55835e-09 1.31753e-09 6.86283e-10 3.60706e-10 1.90967e-10 1.01709e-10 5.44423e-11 2.92651e-11 1.57882e-11 8.5443e-12 4.63664e-12 2.52213e-12 1.37483e-12 7.50834e-13 4.10733e-13 2.25017e-13 1.23433e-13 6.77824e-14 3.72531e-14 2.0482e-14 1.12545e-14 6.16411e-15 3.40321e-15
8.89233e-06 3.65025e-07 1.36159e-07 5.58478e-08 2.46544e-08 1.14812e-08 5.55334e-09 2.75983e-09 1.39891e-09 7.19674e-10 3.74495e-10 1.96647e-10 1.04017e-10 5.53544e-11 2.96064e-11 1.59028e-11 8.57337e-12 4.63664e-12 2.51451e-12 1.36696e-12 7.44709e-13 4.06484e-13 2.22245e-13 1.21695e-13 6.67238e-14 3.66246e-14 2.01204e-14 1.1058e-14 6.07408e-15 3.32594e-15 1.83555e-15
5.18168e-06 2.01166e-07 7.50294e-08 3.07555e-08 1.35649e-08 6.31036e-09 3.04896e-09 1.51361e-09 7.6643e-10 3.93901e-10 2.0478e-10 1.07434e-10 5.67822e-11 3.01937e-11 1.61371e-11 8.66179e-12 4.66652e-12 2.52213e-12 1.36696e-12 7.42689e-13 4.0439e-13 2.20612e-13 1.2056e-13 6.59836e-14 3.61617e-14 1.98406e-14 1.08954e-14 5.98578e-15 3.28686e-15 1.79932e-15 9.92657e-16
3.01427e-06 1.10996e-07 4.1397e-08 1.69602e-08 7.47417e-09 3.4736e-09 1.67662e-09 8.3149e-10 4.20618e-10 2.15969e-10 1.12178e-10 5.88065e-11 3.10567e-11 1.6502e-11 8.81331e-12 4.72747e-12 2.54529e-12 1.37483e-12 7.44709e-13 4.0439e-13 2.20073e-13 1.2e-13 6.5546e-14 3.58577e-14 1.9643e-14 1.0773e-14 5.91362e-15 3.2477e-15 1.78278e-15 9.75721e-16 5.38098e-16
1.75072e-06 6.13086e-08 2.28661e-08 9.36379e-09 4.12335e-09 1.91456e-09 9.23213e-10 4.57405e-10 2.31164e-10 1.18586e-10 6.15525e-11 3.22424e-11 1.70151e-11 9.03462e-12 4.82194e-12 2.58485e-12 1.39086e-12 7.50834e-13 4.06484e-13 2.20612e-13 1.2e-13 6.54013e-14 3.57071e-14 1.95255e-14 1.06917e-14 5.86144e-15 3.21633e-15 1.76577e-15 9.68997e-16 5.30216e-16 2.92308e-16
1.01538e-06 3.38955e-08 1.26426e-08 5.17499e-09 2.27714e-09 1.05638e-09 5.08906e-10 2.51895e-10 1.27186e-10 6.52108e-11 3.3822e-11 1.77037e-11 9.33612e-12 4.95394e-12 2.64233e-12 1.41559e-12 7.61265e-13 4.10733e-13 2.22245e-13 1.2056e-13 6.5546e-14 3.57071e-14 1.94866e-14 1.06513e-14 5.83008e-15 3.19497e-15 1.75254e-15 9.61826e-16 5.27665e-16 2.88666e-16 1.59089e-16
5.88121e-07 1.87547e-08 6.9956e-09 2.86226e-09 1.25852e-09 5.8329e-10 2.80716e-10 1.38813e-10 7.00751e-11 3.59023e-11 1.86076e-11 9.73313e-12 5.12942e-12 2.72006e-12 1.44995e-12 7.76349e-13 4.1727e-13 2.25017e-13 1.21695e-13 6.59836e-14 3.58577e-14 1.95255e-14 1.06513e-14 5.81964e-15 3.18422e-15 1.74437e-15 9.56514e-16 5.24784e-16 2.87819e-16 1.57422e-16 8.67311e-17
3.40216e-07 1.03835e-08 3.87296e-09 1.58374e-09 6.95722e-10 3.22092e-10 1.5484e-10 7.66083e-11 3.86464e-11 1.97864e-11 1.0248e-11 5.35697e-12 2.8214e-12 1.49526e-12 7.96607e-13 4.26296e-13 2.29006e-13 1.23433e-13 6.67238e-14 3.61617e-14 1.9643e-14 1.06917e-14 5.83008e-15 3.18422e-15 1.74162e-15 9.53757e-16 5.22814e-16 2.8675e-16 1.57226e-16 8.59778e-17 4.73547e-17
1.96557e-07 5.75025e-09 2.14405e-09 8.75903e-10 3.84244e-10 1.77631e-10 8.55689e-11 4.23096e-11 2.133e-11 1.09135e-11 5.64889e-12 2.95105e-12 1.55334e-12 8.22762e-13 4.38097e-13 2.34323e-13 1.25816e-13 6.77824e-14 3.66246e-14 1.98406e-14 1.0773e-14 5.86144e-15 3.19497e-15 1.74437e-15 9.53757e-16 5.22129e-16 2.86122e-16 1.56885e-16 8.59982e-17 4.70184e-17 2.58892e-17
1.13388e-07 3.18224e-09 1.1851e-09 4.83151e-10 2.1145e-10 9.82542e-11 4.73074e-11 2.33776e-11 1.17784e-11 6.02282e-12 3.11559e-12 1.6267e-12 8.55772e-13 4.53041e-13 2.4111e-13 1.28899e-13 6.91788e-14 3.72531e-14 2.01204e-14 1.08954e-14 5.91362e-15 3.21633e-15 1.75254e-15 9.56514e-16 5.22814e-16 2.86122e-16 1.56746e-16 8.59219e-17 4.70875e-17 2.57398e-17 1.41689e-17
6.52553e-08 1.75548e-09 6.51443e-10 2.64382e-10 1.1699e-10 5.43428e-11 2.61523e-11 1.29165e-11 6.50414e-12 3.324e-12 1.71856e-12 8.96815e-13 4.71558e-13 2.4952e-13 1.32733e-13 7.09289e-14 3.80506e-14 2.0482e-14 1.1058e-14 5.98578e-15 3.2477e-15 1.76577e-15 9.61826e-16 5.24784e-16 2.8675e-16 1.56885e-16 8.59219e-17 4.70869e-17 2.57989e-17 1.41003e-17 7.75976e-18
3.73619e-08 9.58539e-10 3.52404e-10 1.46118e-10 6.46473e-11 3.00186e-11 1.44399e-11 7.1283e-12 3.58767e-12 1.8326e-12 9.4703e-13 4.93969e-13 2.59621e-13 1.37317e-13 7.30167e-14 3.90028e-14 2.09156e-14 1.12545e-14 6.07408e-15 3.28686e-15 1.78278e-15 9.68997e-16 5.27665e-16 2.87819e-16 1.57226e-16 8.59982e-17 4.70875e-17 2.57989e-17 1.41324e-17 7.72283e-18 4.2491e-18
2.10975e-08 5.07756e-10 1.93876e-10 8.03856e-11 3.55581e-11 1.65061e-11 7.93712e-12 3.91672e-12 1.97054e-12 1.00619e-12 5.19782e-13 2.71025e-13 1.42399e-13 7.52931e-14 4.00243e-14 2.13733e-14 1.14585e-14 6.16411e-15 3.32594e-15 1.79932e-15 9.75721e-16 5.30216e-16 2.88666e-16 1.57422e-16 8.59778e-17 4.70184e-17 2.57398e-17 1.41003e-17 7.72283e-18 4.21979e-18 2.32134e-18
1.21375e-08 2.82322e-10 1.07829e-10 4.47027e-11 1.97658e-11 9.17022e-12 4.40687e-12 2.17328e-12 1.09273e-12 5.57639e-13 2.87906e-13 1.5004e-13 7.87922e-14 4.16411e-14 2.21254e-14 1.18099e-14 6.3288e-15 3.40321e-15 1.83555e-15 9.92657e-16 5.38098e-16 2.92308e-16 1.59089e-16 8.67311e-17 4.73547e-17 2.58892e-17 1.41689e-17 7.75976e-18 4.2491e-18 2.32134e-18 1.27666e-18
