0.580374 0.0209635 0.0159495 0.0121348 0.00923242 0.00702425 0.00534421 0.004066 0.00309351 0.00235362 0.00179069 0.0013624 0.00103654 0.000788627 0.000600006 0.000456499 0.000347315 0.000264246 0.000201044 0.000152959 0.000116375 8.85409e-05 6.7364e-05 5.12521e-05 3.89938e-05 2.96674e-05 2.25717e-05 1.71731e-05 1.30657e-05 9.94068e-06 7.5631e-06 5.75419e-06 4.37792e-06 3.33083e-06 2.53417e-06 1.92806e-06 1.46691e-06 1.11606e-06 8.49126e-07 6.46035e-07 4.91519e-07 3.73959e-07 2.84517e-07 2.16467e-07 1.64693e-07 1.25303e-07 9.53332e-08 7.25317e-08 5.51839e-08 4.19852e-08 3.19433e-08 2.43032e-08 1.84905e-08 1.4068e-08 1.07033e-08 8.14329e-09 6.19561e-09 4.71377e-09 3.58635e-09 2.72858e-09 2.07597e-09 1.57944e-09 1.20168e-09 9.14265e-10 6.95594e-10 5.29225e-10 4.02647e-10 3.06343e-10 2.33073e-10 1.77328e-10 1.34915e-10 1.02647e-10 7.80959e-11 5.94172e-11 4.5206e-11 3.43938e-11 2.61676e-11 1.99089e-11 1.51472e-11 1.15243e-11 8.76799e-12 6.6709e-12 5.07538e-12 3.86147e-12 2.93789e-12 2.23522e-12 1.70061e-12 1.29386e-12 9.84402e-13 7.48956e-13 5.69823e-13 4.33535e-13 3.29844e-13 2.50953e-13 1.90931e-13 1.45265e-13 1.10521e-13 8.40869e-14 6.39753e-14 4.86739e-14 3.70323e-14
0.0209635 0.0068356 0.00555745 0.00449967 0.00362997 0.00291889 0.0023403 0.0018715 0.00149308 0.00118862 0.000944382 0.000748982 0.000593029 0.000468831 0.000370118 0.000291806 0.000229782 0.000180734 0.000142004 0.000111461 8.74054e-05 6.84806e-05 5.36085e-05 4.1933e-05 3.27758e-05 2.56002e-05 1.99822e-05 1.5587e-05 1.21512e-05 9.4673e-06 7.37212e-06 5.73759e-06 4.46322e-06 3.47023e-06 2.69692e-06 2.09501e-06 1.62674e-06 1.26263e-06 9.7963e-07 7.59777e-07 5.8905e-07 4.56528e-07 3.53702e-07 2.73947e-07 2.12109e-07 1.6418e-07 1.27045e-07 9.8281e-08 7.60088e-08 5.87685e-08 4.54269e-08 3.51055e-08 2.71227e-08 2.09503e-08 1.61789e-08 1.24914e-08 9.64235e-09 7.44157e-09 5.74194e-09 4.42964e-09 3.41661e-09 2.63477e-09 2.03147e-09 1.56604e-09 1.20704e-09 9.30183e-10 7.16712e-10 5.52144e-10 4.25297e-10 3.27543e-10 2.5222e-10 1.94191e-10 1.49492e-10 1.15066e-10 8.85562e-11 6.81449e-11 5.24316e-11 4.03365e-11 3.10278e-11 2.38645e-11 1.83528e-11 1.41124e-11 1.08506e-11 8.34177e-12 6.41233e-12 4.92865e-12 3.78787e-12 2.91085e-12 2.23666e-12 1.71846e-12 1.32019e-12 1.01413e-12 7.7895e-13 5.98257e-13 4.59439e-13 3.52801e-13 2.70892e-13 2.07982e-13 1.59668e-13 1.22568e-13 9.40812e-14
0.0159495 0.00555745 0.004616 0.00381305 0.00313476 0.00256631 0.00209313 0.00170153 0.00137906 0.00111469 0.000898781 0.000723071 0.000580516 0.000465184 0.000372113 0.00029718 0.000236978 0.000188706 0.000150069 0.000119196 9.45644e-05 7.49411e-05 5.93288e-05 4.69233e-05 3.70776e-05 2.92722e-05 2.30908e-05 1.82003e-05 1.43349e-05 1.12823e-05 8.87364e-06 6.97466e-06 5.47863e-06 4.30091e-06 3.37442e-06 2.64605e-06 2.07379e-06 1.62447e-06 1.27187e-06 9.95337e-07 7.78571e-07 6.08744e-07 4.75758e-07 3.71671e-07 2.90241e-07 2.26564e-07 1.76792e-07 1.37904e-07 1.07532e-07 8.38212e-08 6.53169e-08 5.08813e-08 3.96238e-08 3.08477e-08 2.40084e-08 1.86801e-08 1.45302e-08 1.12993e-08 8.78443e-09 6.82755e-09 5.30528e-09 4.1214e-09 3.20095e-09 2.48549e-09 1.92951e-09 1.49756e-09 1.16206e-09 9.01537e-10 6.99274e-10 5.4228e-10 4.20449e-10 3.25927e-10 2.52607e-10 1.95744e-10 1.51655e-10 1.17475e-10 9.09826e-11 7.04528e-11 5.45464e-11 4.22244e-11 3.26806e-11 2.52901e-11 1.95678e-11 1.5138e-11 1.17093e-11 9.0559e-12 7.00276e-12 5.41435e-12 4.18566e-12 3.23536e-12 2.50048e-12 1.93227e-12 1.49299e-12 1.15343e-12 8.90985e-13 6.88174e-13 5.31464e-13 4.10391e-13 3.16864e-13 2.44623e-13 1.88831e-13
0.0121348 0.00449967 0.00381305 0.00320869 0.00268394 0.0022333 0.00184981 0.00152595 0.00125422 0.00102752 0.000839306 0.000683727 0.00055562 0.000450498 0.000364505 0.00029436 0.000237289 0.000190964 0.000153445 0.000123117 9.86492e-05 7.89421e-05 6.30953e-05 5.03718e-05 4.01704e-05 3.20021e-05 2.54698e-05 2.02521e-05 1.6089e-05 1.27709e-05 1.01289e-05 8.02728e-06 6.35702e-06 5.03072e-06 3.97843e-06 3.14419e-06 2.48333e-06 1.96018e-06 1.54634e-06 1.21919e-06 9.60726e-07 7.56662e-07 5.95641e-07 4.68657e-07 3.6857e-07 2.89725e-07 2.27645e-07 1.78791e-07 1.40362e-07 1.10149e-07 8.64046e-08 6.77531e-08 5.3108e-08 4.16135e-08 3.25954e-08 2.55228e-08 1.99782e-08 1.56331e-08 1.22291e-08 9.56335e-09 7.47645e-09 5.84323e-09 4.56548e-09 3.56614e-09 2.78479e-09 2.17405e-09 1.69681e-09 1.324e-09 1.03284e-09 8.05511e-10 6.28068e-10 4.89599e-10 3.81571e-10 2.97312e-10 2.31608e-10 1.80386e-10 1.40462e-10 1.09352e-10 8.5115e-11 6.62367e-11 5.15356e-11 4.00897e-11 3.118e-11 2.4246e-11 1.88506e-11 1.46532e-11 1.13885e-11 8.84958e-12 6.87555e-12 5.34097e-12 4.14822e-12 3.22133e-12 2.50115e-12 1.94168e-12 1.50712e-12 1.16965e-12 9.07604e-13 7.04168e-13 5.46253e-13 4.23692e-13 3.28584e-13
0.00923242 0.00362997 0.00313476 0.00268394 0.00228126 0.00192686 0.00161863 0.00135318 0.00112645 0.000934121 0.00077197 0.000635978 0.000522454 0.000428079 0.000349911 0.000285385 0.000232281 0.000188698 0.00015302 0.000123881 0.000100135 8.08215e-05 6.51429e-05 5.24372e-05 4.21575e-05 3.38532e-05 2.71545e-05 2.17582e-05 1.74168e-05 1.39281e-05 1.1128e-05 8.88305e-06 7.085e-06 5.64634e-06 4.49632e-06 3.57786e-06 2.84498e-06 2.26066e-06 1.79516e-06 1.4246e-06 1.12983e-06 8.95519e-07 7.09391e-07 5.61635e-07 4.44414e-07 3.51475e-07 2.77831e-07 2.1951e-07 1.73348e-07 1.36831e-07 1.07958e-07 8.51398e-08 6.71162e-08 5.28862e-08 4.16565e-08 3.27984e-08 2.58141e-08 2.03095e-08 1.5973e-08 1.25579e-08 9.86959e-09 7.75417e-09 6.09015e-09 4.78169e-09 3.75317e-09 2.94498e-09 2.31013e-09 1.8116e-09 1.42025e-09 1.11313e-09 8.7218e-10 6.83203e-10 5.35032e-10 4.18887e-10 3.27872e-10 2.56569e-10 2.00724e-10 1.56997e-10 1.22767e-10 9.59776e-11 7.50174e-11 5.86217e-11 4.57995e-11 3.57743e-11 2.79377e-11 2.18132e-11 1.7028e-11 1.32898e-11 1.03703e-11 8.09058e-12 6.31083e-12 4.92168e-12 3.83761e-12 2.99178e-12 2.33197e-12 1.81736e-12 1.41607e-12 1.1032e-12 8.59321e-13 6.69243e-13 5.21126e-13
0.00702425 0.00291889 0.00256631 0.0022333 0.00192686 0.0016503 0.00140451 0.00118872 0.00100116 0.000839535 0.00070125 0.000583675 0.000484255 0.000400592 0.000330492 0.000271981 0.000223316 0.000182966 0.000149609 0.000122106 9.94855e-05 8.09226e-05 6.57218e-05 5.32986e-05 4.31642e-05 3.49112e-05 2.82012e-05 2.27539e-05 1.83383e-05 1.47637e-05 1.18738e-05 9.54016e-06 7.65801e-06 6.14166e-06 4.92132e-06 3.94019e-06 3.15216e-06 2.51979e-06 2.0128e-06 1.60667e-06 1.28161e-06 1.02163e-06 8.13869e-07 6.47956e-07 5.15555e-07 4.0997e-07 3.25825e-07 2.58808e-07 2.05467e-07 1.63035e-07 1.29301e-07 1.02498e-07 8.12117e-08 6.43167e-08 5.09136e-08 4.0286e-08 3.18633e-08 2.51911e-08 1.9908e-08 1.57266e-08 1.24188e-08 9.80296e-09 7.73529e-09 6.10156e-09 4.8112e-09 3.79242e-09 2.98838e-09 2.35403e-09 1.85374e-09 1.45932e-09 1.14846e-09 9.03555e-10 7.10664e-10 5.5879e-10 4.39248e-10 3.45184e-10 2.71191e-10 2.13001e-10 1.67254e-10 1.31298e-10 1.03046e-10 8.08536e-11 6.3425e-11 4.97414e-11 3.90008e-11 3.05725e-11 2.39601e-11 1.87737e-11 1.47068e-11 1.15184e-11 9.01932e-12 7.061e-12 5.52675e-12 4.325e-12 3.3839e-12 2.64706e-12 2.07027e-12 1.61886e-12 1.26564e-12 9.89306e-13 7.73169e-13
0.00534421 0.0023403 0.00209313 0.00184981 0.00161863 0.00140451 0.00120997 0.00103588 0.000881967 0.000747271 0.000630389 0.000529703 0.000443514 0.000370145 0.000307994 0.000255578 0.000211545 0.000174687 0.000143936 0.000118355 9.71349e-05 7.9576e-05 6.50809e-05 5.31412e-05 4.33264e-05 3.52739e-05 2.8679e-05 2.3287e-05 1.88856e-05 1.52981e-05 1.23782e-05 1.00049e-05 8.0784e-06 6.51643e-06 5.25151e-06 4.2283e-06 3.40149e-06 2.73406e-06 2.19582e-06 1.76216e-06 1.41309e-06 1.13234e-06 9.06736e-07 7.25586e-07 5.80246e-07 4.63723e-07 3.70371e-07 2.95635e-07 2.35843e-07 1.88037e-07 1.4984e-07 1.19339e-07 9.49967e-08 7.55819e-08 6.01054e-08 4.77752e-08 3.79567e-08 3.01425e-08 2.39263e-08 1.89839e-08 1.50561e-08 1.19361e-08 9.45883e-09 7.49276e-09 5.93308e-09 4.69629e-09 3.71596e-09 2.93922e-09 2.32402e-09 1.83696e-09 1.45149e-09 1.14653e-09 9.05345e-10 7.14673e-10 5.63983e-10 4.44932e-10 3.50906e-10 2.7667e-10 2.18076e-10 1.71844e-10 1.35375e-10 1.06617e-10 8.39454e-11 6.60777e-11 5.19998e-11 4.09109e-11 3.21787e-11 2.53042e-11 1.98936e-11 1.56362e-11 1.22871e-11 9.65312e-12 7.58209e-12 5.95408e-12 4.67462e-12 3.66931e-12 2.8796e-12 2.25938e-12 1.77239e-12 1.39009e-12 1.09003e-12
0.004066 0.0018715 0.00170153 0.00152595 0.00135318 0.00118872 0.00103588 0.000896435 0.000771059 0.000659662 0.000561659 0.000476159 0.000402104 0.000338364 0.000283804 0.000237333 0.000197924 0.000164638 0.000136625 0.000113127 9.34764e-05 7.70886e-05 6.34574e-05 5.21462e-05 4.27813e-05 3.5044e-05 2.86639e-05 2.34126e-05 1.9098e-05 1.55588e-05 1.26602e-05 1.02896e-05 8.35371e-06 6.77483e-06 5.48877e-06 4.4425e-06 3.59229e-06 2.90216e-06 2.34257e-06 1.88929e-06 1.52249e-06 1.22593e-06 9.86398e-07 7.93083e-07 6.37202e-07 5.11607e-07 4.10495e-07 3.29153e-07 2.63764e-07 2.11237e-07 1.6907e-07 1.35243e-07 1.08123e-07 8.63946e-08 6.89962e-08 5.50731e-08 4.39376e-08 3.50364e-08 2.79252e-08 2.2247e-08 1.77152e-08 1.41004e-08 1.12183e-08 8.92152e-09 7.09204e-09 5.63543e-09 4.47623e-09 3.55409e-09 2.82085e-09 2.23806e-09 1.77503e-09 1.40729e-09 1.11535e-09 8.83671e-10 6.99881e-10 5.54136e-10 4.38599e-10 3.47043e-10 2.74513e-10 2.17076e-10 1.71605e-10 1.3562e-10 1.07149e-10 8.46318e-11 6.68279e-11 5.27549e-11 4.16344e-11 3.28494e-11 2.59113e-11 2.04334e-11 1.61096e-11 1.26976e-11 1.00058e-11 7.88276e-12 6.20874e-12 4.8891e-12 3.84906e-12 3.02959e-12 2.38406e-12 1.87567e-12 1.47538e-12
0.00309351 0.00149308 0.00137906 0.00125422 0.00112645 0.00100116 0.000881967 0.000771059 0.000669632 0.000578151 0.000496573 0.000424519 0.000361392 0.000306475 0.000258994 0.000218166 0.00018323 0.000153466 0.000128208 0.000106853 8.88566e-05 7.37368e-05 6.10695e-05 5.04847e-05 4.16614e-05 3.43233e-05 2.82332e-05 2.3189e-05 1.9019e-05 1.55777e-05 1.27425e-05 1.04105e-05 8.49518e-06 6.92438e-06 5.63789e-06 4.58562e-06 3.72599e-06 3.02459e-06 2.45293e-06 1.98753e-06 1.60903e-06 1.30152e-06 1.05193e-06 8.49539e-07 6.85566e-07 5.52836e-07 4.45486e-07 3.58734e-07 2.88682e-07 2.32158e-07 1.86584e-07 1.49864e-07 1.20298e-07 9.65097e-08 7.73814e-08 6.20101e-08 4.96655e-08 3.97576e-08 3.181e-08 2.54385e-08 2.03333e-08 1.62449e-08 1.29726e-08 1.03547e-08 8.26148e-09 6.58855e-09 5.25216e-09 4.18511e-09 3.33349e-09 2.65411e-09 2.11238e-09 1.68057e-09 1.33654e-09 1.06255e-09 8.44422e-10 6.70838e-10 5.32754e-10 4.2295e-10 3.35666e-10 2.66308e-10 2.11214e-10 1.67465e-10 1.32738e-10 1.0518e-10 8.33183e-11 6.59816e-11 5.22372e-11 4.13443e-11 3.27137e-11 2.58777e-11 2.04647e-11 1.61797e-11 1.27886e-11 1.01057e-11 7.98361e-12 6.30558e-12 4.97903e-12 3.93061e-12 3.10222e-12 2.44785e-12 1.93107e-12
0.00235362 0.00118862 0.00111469 0.00102752 0.000934121 0.000839535 0.000747271 0.000659662 0.000578151 0.000503519 0.000436069 0.000375764 0.000322336 0.000275372 0.00023437 0.000198788 0.000168075 0.000141691 0.000119124 9.98966e-05 8.35741e-05 6.97632e-05 5.81127e-05 4.83125e-05 4.00903e-05 3.32088e-05 2.74625e-05 2.26745e-05 1.8693e-05 1.53884e-05 1.26506e-05 1.03862e-05 8.51646e-06 6.97488e-06 5.70573e-06 4.66234e-06 3.80569e-06 3.10324e-06 2.52795e-06 2.05734e-06 1.6728e-06 1.35893e-06 1.103e-06 8.94525e-07 7.24871e-07 5.86935e-07 4.74888e-07 3.8395e-07 3.10205e-07 2.50451e-07 2.02072e-07 1.62932e-07 1.3129e-07 1.05727e-07 8.50911e-08 6.84425e-08 5.502e-08 4.42052e-08 3.5497e-08 2.84892e-08 2.28531e-08 1.83227e-08 1.46833e-08 1.17611e-08 9.41598e-09 7.53504e-09 6.02713e-09 4.81887e-09 3.85117e-09 3.0765e-09 2.45665e-09 1.96089e-09 1.56456e-09 1.24785e-09 9.94875e-10 7.92889e-10 6.3168e-10 5.03068e-10 4.00501e-10 3.18735e-10 2.53577e-10 2.01672e-10 1.60339e-10 1.27436e-10 1.01253e-10 8.04252e-11 6.3862e-11 5.06947e-11 4.02305e-11 3.1917e-11 2.53143e-11 2.00718e-11 1.59107e-11 1.26088e-11 9.98945e-12 7.91218e-12 6.26524e-12 4.95986e-12 3.92547e-12 3.10604e-12 2.45706e-12
0.00179069 0.000944382 0.000898781 0.000839306 0.00077197 0.00070125 0.000630389 0.000561659 0.000496573 0.000436069 0.000380649 0.000330498 0.000285575 0.000245682 0.000210521 0.000179735 0.000152936 0.000129729 0.000109726 9.25582e-05 7.78803e-05 6.53758e-05 5.47577e-05 4.57685e-05 3.81798e-05 3.179e-05 2.64229e-05 2.1925e-05 1.81638e-05 1.5025e-05 1.24105e-05 1.02368e-05 8.43255e-06 6.93749e-06 5.70054e-06 4.67865e-06 3.83562e-06 3.14108e-06 2.56963e-06 2.10002e-06 1.71457e-06 1.39855e-06 1.13974e-06 9.28017e-07 7.54981e-07 6.13704e-07 4.98467e-07 4.04555e-07 3.2809e-07 2.65884e-07 2.1532e-07 1.74252e-07 1.40923e-07 1.13894e-07 9.19913e-08 7.42547e-08 5.99019e-08 4.8295e-08 3.89149e-08 3.13392e-08 2.52246e-08 2.02922e-08 1.63158e-08 1.3112e-08 1.0532e-08 8.45564e-09 6.78539e-09 5.44254e-09 4.36347e-09 3.49679e-09 2.80103e-09 2.24275e-09 1.795e-09 1.43605e-09 1.14842e-09 9.18037e-10 7.33589e-10 5.85978e-10 4.67896e-10 3.73472e-10 2.97998e-10 2.37692e-10 1.89525e-10 1.51068e-10 1.20374e-10 9.58851e-11 7.63537e-11 6.07816e-11 4.83703e-11 3.84816e-11 3.06054e-11 2.4334e-11 1.93421e-11 1.53698e-11 1.22099e-11 9.6969e-12 7.69904e-12 6.11116e-12 4.84949e-12 3.84729e-12 3.05142e-12
0.0013624 0.000748982 0.000723071 0.000683727 0.000635978 0.000583675 0.000529703 0.000476159 0.000424519 0.000375764 0.000330498 0.00028904 0.000251495 0.000217818 0.000187858 0.000161396 0.00013817 0.000117899 0.000100296 8.50803e-05 7.19819e-05 6.07492e-05 5.115e-05 4.29731e-05 3.60287e-05 3.01474e-05 2.51793e-05 2.09928e-05 1.7473e-05 1.45202e-05 1.2048e-05 9.9821e-06 8.25894e-06 6.8241e-06 5.63132e-06 4.64131e-06 3.82082e-06 3.1418e-06 2.58062e-06 2.11744e-06 1.73561e-06 1.42124e-06 1.16271e-06 9.50325e-07 7.76046e-07 6.3318e-07 5.16183e-07 4.20464e-07 3.42224e-07 2.78331e-07 2.26199e-07 1.83698e-07 1.49078e-07 1.209e-07 9.79835e-08 7.9359e-08 6.42341e-08 5.19599e-08 4.20059e-08 3.3939e-08 2.74056e-08 2.21175e-08 1.78402e-08 1.43823e-08 1.15887e-08 9.33293e-09 7.51253e-09 6.04426e-09 4.86064e-09 3.90698e-09 3.139e-09 2.52085e-09 2.02354e-09 1.62365e-09 1.30223e-09 1.04401e-09 8.36656e-10 6.70218e-10 5.36681e-10 4.29587e-10 3.43734e-10 2.74937e-10 2.1983e-10 1.75706e-10 1.4039e-10 1.12133e-10 8.95338e-11 7.14654e-11 5.70246e-11 4.54873e-11 3.62728e-11 2.89159e-11 2.30441e-11 1.83592e-11 1.46224e-11 1.16428e-11 9.26765e-12 7.37498e-12 5.8672e-12 4.66641e-12 3.71037e-12
0.00103654 0.000593029 0.000580516 0.00055562 0.000522454 0.000484255 0.000443514 0.000402104 0.000361392 0.000322336 0.000285575 0.000251495 0.000220294 0.000192028 0.000166649 0.000144039 0.000124033 0.000106439 9.10495e-05 7.76538e-05 6.60454e-05 5.60264e-05 4.74113e-05 4.00288e-05 3.37226e-05 2.83516e-05 2.37897e-05 1.9925e-05 1.66589e-05 1.39048e-05 1.15875e-05 9.64173e-06 8.01096e-06 6.64671e-06 5.5074e-06 4.55751e-06 3.76679e-06 3.10955e-06 2.56404e-06 2.1119e-06 1.73763e-06 1.42822e-06 1.17273e-06 9.62024e-07 7.88439e-07 6.45593e-07 5.28164e-07 4.31729e-07 3.52611e-07 2.87762e-07 2.34658e-07 1.91209e-07 1.55691e-07 1.2668e-07 1.03003e-07 8.36948e-08 6.79612e-08 5.51499e-08 4.47256e-08 3.62495e-08 2.93622e-08 2.37696e-08 1.92313e-08 1.55508e-08 1.25679e-08 1.01517e-08 8.19584e-09 6.61341e-09 5.33385e-09 4.29977e-09 3.46451e-09 2.79021e-09 2.24612e-09 1.80731e-09 1.45359e-09 1.1686e-09 9.39083e-10 7.54332e-10 6.05682e-10 4.86131e-10 3.90024e-10 3.12797e-10 2.50766e-10 2.00962e-10 1.60991e-10 1.28923e-10 1.03207e-10 8.25917e-11 6.60717e-11 5.28384e-11 4.22415e-11 3.3759e-11 2.69712e-11 2.15414e-11 1.71995e-11 1.37285e-11 1.09547e-11 8.73877e-12 6.96905e-12 5.55614e-12 4.42843e-12
0.000788627 0.000468831 0.000465184 0.000450498 0.000428079 0.000400592 0.000370145 0.000338364 0.000306475 0.000275372 0.000245682 0.000217818 0.000192028 0.00016843 0.000147048 0.000127836 0.000110702 9.55204e-05 8.21456e-05 7.04244e-05 6.02009e-05 5.13219e-05 4.3641e-05 3.70207e-05 3.13336e-05 2.64634e-05 2.23048e-05 1.87636e-05 1.57557e-05 1.32069e-05 1.1052e-05 9.23398e-06 7.70331e-06 6.417e-06 5.33802e-06 4.4345e-06 3.67917e-06 3.0487e-06 2.52326e-06 2.08597e-06 1.72255e-06 1.42092e-06 1.17089e-06 9.63889e-07 7.92714e-07 6.51326e-07 5.34668e-07 4.38517e-07 3.59348e-07 2.94228e-07 2.40714e-07 1.96778e-07 1.60739e-07 1.31203e-07 1.07016e-07 8.72268e-08 7.10481e-08 5.78315e-08 4.70427e-08 3.82423e-08 3.10689e-08 2.52257e-08 2.04694e-08 1.66002e-08 1.34548e-08 1.08993e-08 8.82447e-09 7.14079e-09 5.77537e-09 4.66866e-09 3.77215e-09 3.04632e-09 2.45897e-09 1.98394e-09 1.59995e-09 1.2897e-09 1.03915e-09 8.36916e-10 6.73752e-10 5.42174e-10 4.36113e-10 3.50659e-10 2.81839e-10 2.26437e-10 1.81857e-10 1.45999e-10 1.17168e-10 9.39968e-11 7.53811e-11 6.0431e-11 4.84293e-11 3.8798e-11 3.10718e-11 2.48761e-11 1.99093e-11 1.59292e-11 1.27408e-11 1.01874e-11 8.14331e-12 6.5074e-12 5.19861e-12
0.000600006 0.000370118 0.000372113 0.000364505 0.000349911 0.000330492 0.000307994 0.000283804 0.000258994 0.00023437 0.000210521 0.000187858 0.000166649 0.000147048 0.000129125 0.000112886 9.82885e-05 8.52579e-05 7.36979e-05 6.34995e-05 5.45473e-05 4.67248e-05 3.99181e-05 3.40178e-05 2.89214e-05 2.45337e-05 2.07679e-05 1.75448e-05 1.47938e-05 1.24515e-05 1.04619e-05 8.77573e-06 7.34967e-06 6.14603e-06 5.13204e-06 4.27937e-06 3.56359e-06 2.9637e-06 2.46175e-06 2.04236e-06 1.69246e-06 1.40094e-06 1.15839e-06 9.56834e-07 7.89552e-07 6.5088e-07 5.36055e-07 4.41083e-07 3.62613e-07 2.97846e-07 2.44442e-07 2.00449e-07 1.64244e-07 1.34474e-07 1.10017e-07 8.99425e-08 7.34785e-08 5.99864e-08 4.89386e-08 3.98991e-08 3.25083e-08 2.64698e-08 2.15398e-08 1.75174e-08 1.42378e-08 1.15656e-08 9.3896e-09 7.61882e-09 6.17867e-09 5.00811e-09 4.05722e-09 3.28521e-09 2.65878e-09 2.15076e-09 1.73898e-09 1.40539e-09 1.13526e-09 9.1665e-10 7.39808e-10 5.96825e-10 4.81271e-10 3.87929e-10 3.12563e-10 2.51737e-10 2.02669e-10 1.63101e-10 1.31208e-10 1.05512e-10 8.48172e-11 6.81566e-11 5.47491e-11 4.39636e-11 3.52907e-11 2.83191e-11 2.27171e-11 1.82173e-11 1.4604e-11 1.17037e-11 9.37644e-12 7.50961e-12 6.01263e-12
0.000456499 0.000291806 0.00029718 0.00029436 0.000285385 0.000271981 0.000255578 0.000237333 0.000218166 0.000198788 0.000179735 0.000161396 0.000144039 0.000127836 0.000112886 9.92258e-05 8.68503e-05 7.57221e-05 6.57815e-05 5.6954e-05 4.91566e-05 4.23023e-05 3.63036e-05 3.10748e-05 2.65342e-05 2.26047e-05 1.92149e-05 1.62996e-05 1.37993e-05 1.16606e-05 9.83563e-06 8.28209e-06 6.96251e-06 5.84399e-06 4.89777e-06 4.09883e-06 3.42545e-06 2.85887e-06 2.38294e-06 1.98378e-06 1.6495e-06 1.36997e-06 1.13654e-06 9.41864e-07 7.7972e-07 6.44836e-07 5.32764e-07 4.39751e-07 3.62642e-07 2.98786e-07 2.45961e-07 2.02304e-07 1.66259e-07 1.36527e-07 1.12024e-07 9.18497e-08 7.52527e-08 6.16104e-08 5.04059e-08 4.12108e-08 3.36705e-08 2.74919e-08 2.24328e-08 1.82933e-08 1.49085e-08 1.21428e-08 9.88445e-09 8.04151e-09 6.53853e-09 5.31357e-09 4.31579e-09 3.50353e-09 2.84269e-09 2.30534e-09 1.86865e-09 1.51394e-09 1.22598e-09 9.92336e-10 8.0285e-10 6.49256e-10 5.24816e-10 4.24043e-10 3.42475e-10 2.76482e-10 2.23115e-10 1.79976e-10 1.4512e-10 1.1697e-10 9.42441e-11 7.5905e-11 6.1112e-11 4.91841e-11 3.95701e-11 3.18242e-11 2.55857e-11 2.05631e-11 1.65209e-11 1.32689e-11 1.06535e-11 8.55096e-12 6.86117e-12
0.000347315 0.000229782 0.000236978 0.000237289 0.000232281 0.000223316 0.000211545 0.000197924 0.00018323 0.000168075 0.000152936 0.00013817 0.000124033 0.000110702 9.82885e-05 8.68503e-05 7.6407e-05 6.6948e-05 5.84404e-05 5.08365e-05 4.40784e-05 3.81026e-05 3.28431e-05 2.82337e-05 2.42098e-05 2.07097e-05 1.76755e-05 1.50535e-05 1.27942e-05 1.08528e-05 9.18897e-06 7.7664e-06 6.55294e-06 5.5201e-06 4.64281e-06 3.89911e-06 3.26983e-06 2.73833e-06 2.29017e-06 1.9129e-06 1.59581e-06 1.32969e-06 1.10667e-06 9.20023e-07 7.64033e-07 6.33828e-07 5.25279e-07 4.34893e-07 3.59716e-07 2.9726e-07 2.45426e-07 2.02454e-07 1.66864e-07 1.37417e-07 1.13076e-07 9.2973e-08 7.63858e-08 6.27112e-08 5.14473e-08 4.21767e-08 3.45527e-08 2.82878e-08 2.31435e-08 1.89226e-08 1.54617e-08 1.26261e-08 1.03043e-08 8.40448e-09 6.851e-09 5.58152e-09 4.54476e-09 3.69857e-09 3.00834e-09 2.44566e-09 1.9872e-09 1.61388e-09 1.31005e-09 1.06291e-09 8.61988e-10 6.98721e-10 5.66121e-10 4.58481e-10 3.71144e-10 3.00315e-10 2.42901e-10 1.96381e-10 1.58706e-10 1.28207e-10 1.03528e-10 8.35675e-11 6.74296e-11 5.43876e-11 4.38519e-11 3.53443e-11 2.84771e-11 2.2936e-11 1.84667e-11 1.48632e-11 1.19588e-11 9.61878e-12 7.73411e-12
0.000264246 0.000180734 0.000188706 0.000190964 0.000188698 0.000182966 0.000174687 0.000164638 0.000153466 0.000141691 0.000129729 0.000117899 0.000106439 9.55204e-05 8.52579e-05 7.57221e-05 6.6948e-05 5.89431e-05 5.16945e-05 4.51741e-05 3.93438e-05 3.41583e-05 2.95689e-05 2.55252e-05 2.19769e-05 1.88751e-05 1.61731e-05 1.38272e-05 1.17966e-05 1.0044e-05 8.53543e-06 7.24014e-06 6.13067e-06 5.18251e-06 4.37396e-06 3.68585e-06 3.1014e-06 2.6059e-06 2.18656e-06 1.83227e-06 1.53343e-06 1.28174e-06 1.0701e-06 8.92367e-07 7.43328e-07 6.18512e-07 5.14117e-07 4.26909e-07 3.54146e-07 2.93504e-07 2.4302e-07 2.01038e-07 1.66163e-07 1.37221e-07 1.13226e-07 9.33512e-08 7.69045e-08 6.33068e-08 5.20743e-08 4.28035e-08 3.51581e-08 2.88582e-08 2.36711e-08 1.94035e-08 1.58949e-08 1.30125e-08 1.06462e-08 8.70491e-09 7.11338e-09 5.80945e-09 4.74184e-09 3.86826e-09 3.1539e-09 2.57008e-09 2.09324e-09 1.70399e-09 1.38642e-09 1.12747e-09 9.1645e-10 7.44566e-10 6.04636e-10 4.90778e-10 3.98181e-10 3.22911e-10 2.61755e-10 2.12091e-10 1.71777e-10 1.39069e-10 1.12542e-10 9.10393e-11 7.36158e-11 5.95037e-11 4.80786e-11 3.88326e-11 3.13531e-11 2.53051e-11 2.04163e-11 1.64663e-11 1.32758e-11 1.06999e-11 8.62087e-12
0.000201044 0.000142004 0.000150069 0.000153445 0.00015302 0.000149609 0.000143936 0.000136625 0.000128208 0.000119124 0.000109726 0.000100296 9.10495e-05 8.21456e-05 7.36979e-05 6.57815e-05 5.84404e-05 5.16945e-05 4.55445e-05 3.99772e-05 3.49688e-05 3.04889e-05 2.65021e-05 2.29707e-05 1.98563e-05 1.71204e-05 1.47258e-05 1.26372e-05 1.08212e-05 9.24704e-06 7.88624e-06 6.71301e-06 5.70401e-06 4.83831e-06 4.09719e-06 3.46409e-06 2.92434e-06 2.46506e-06 2.07498e-06 1.74424e-06 1.4643e-06 1.22772e-06 1.02811e-06 8.59924e-07 7.18429e-07 5.9955e-07 4.99803e-07 4.16216e-07 3.46257e-07 2.87774e-07 2.3894e-07 1.98209e-07 1.64273e-07 1.36027e-07 1.12542e-07 9.30344e-08 7.68456e-08 6.34237e-08 5.23057e-08 4.31042e-08 3.54953e-08 2.92087e-08 2.40186e-08 1.97373e-08 1.62083e-08 1.33016e-08 1.09092e-08 8.94145e-09 7.32417e-09 5.99583e-09 4.90552e-09 4.01118e-09 3.27804e-09 2.67742e-09 2.18567e-09 1.78329e-09 1.45423e-09 1.18528e-09 9.65594e-10 7.86237e-10 6.39887e-10 5.20531e-10 4.23242e-10 3.43979e-10 2.79434e-10 2.26901e-10 1.84164e-10 1.49413e-10 1.21168e-10 9.82221e-11 7.95893e-11 6.44654e-11 5.21949e-11 4.22437e-11 3.41767e-11 2.76398e-11 2.2345e-11 1.8058e-11 1.45882e-11 1.17809e-11 9.51061e-12
0.000152959 0.000111461 0.000119196 0.000123117 0.000123881 0.000122106 0.000118355 0.000113127 0.000106853 9.98966e-05 9.25582e-05 8.50803e-05 7.76538e-05 7.04244e-05 6.34995e-05 5.6954e-05 5.08365e-05 4.51741e-05 3.99772e-05 3.52427e-05 3.0958e-05 2.71036e-05 2.36547e-05 2.0584e-05 1.78621e-05 1.54596e-05 1.3347e-05 1.14959e-05 9.87939e-06 8.4721e-06 7.2505e-06 6.19301e-06 5.27994e-06 4.49349e-06 3.81767e-06 3.23819e-06 2.74235e-06 2.31893e-06 1.95803e-06 1.65098e-06 1.3902e-06 1.16909e-06 9.819e-07 8.23678e-07 6.90137e-07 5.77586e-07 4.82855e-07 4.03228e-07 3.36381e-07 2.80333e-07 2.33394e-07 1.94129e-07 1.6132e-07 1.33935e-07 1.11101e-07 9.20807e-08 7.62532e-08 6.3095e-08 5.21659e-08 4.30966e-08 3.55772e-08 2.93481e-08 2.41923e-08 1.99282e-08 1.64044e-08 1.34946e-08 1.10937e-08 9.11406e-09 7.48298e-09 6.14003e-09 5.03505e-09 4.12649e-09 3.37992e-09 2.76686e-09 2.26373e-09 1.85108e-09 1.51285e-09 1.23577e-09 1.00891e-09 8.2329e-10 6.71484e-10 5.47403e-10 4.46037e-10 3.63271e-10 2.95726e-10 2.40631e-10 1.95713e-10 1.5911e-10 1.29297e-10 1.05026e-10 8.5275e-11 6.92101e-11 5.61489e-11 4.55345e-11 3.69122e-11 2.99111e-11 2.42287e-11 1.96185e-11 1.58796e-11 1.28487e-11 1.03925e-11
0.000116375 8.74054e-05 9.45644e-05 9.86492e-05 0.000100135 9.94855e-05 9.71349e-05 9.34764e-05 8.88566e-05 8.35741e-05 7.78803e-05 7.19819e-05 6.60454e-05 6.02009e-05 5.45473e-05 4.91566e-05 4.40784e-05 3.93438e-05 3.49688e-05 3.0958e-05 2.73067e-05 2.40033e-05 2.10316e-05 1.83721e-05 1.60031e-05 1.3902e-05 1.20459e-05 1.04124e-05 8.97967e-06 7.72713e-06 6.63542e-06 5.68659e-06 4.86415e-06 4.15306e-06 3.53972e-06 3.0119e-06 2.55864e-06 2.17023e-06 1.83802e-06 1.55443e-06 1.31277e-06 1.10719e-06 9.32594e-07 7.84549e-07 6.59205e-07 5.53237e-07 4.63776e-07 3.88352e-07 3.24847e-07 2.71445e-07 2.26592e-07 1.88966e-07 1.57438e-07 1.31048e-07 1.08983e-07 9.0554e-08 7.51767e-08 6.23587e-08 5.16841e-08 4.28028e-08 3.54202e-08 2.92888e-08 2.42009e-08 1.99824e-08 1.64876e-08 1.35946e-08 1.12017e-08 9.22389e-09 7.59039e-09 6.24223e-09 5.13035e-09 4.21396e-09 3.4592e-09 2.83797e-09 2.32698e-09 1.90693e-09 1.56184e-09 1.27852e-09 1.04604e-09 8.55385e-10 6.99126e-10 5.71126e-10 4.66332e-10 3.80582e-10 3.10453e-10 2.53129e-10 2.06295e-10 1.68051e-10 1.36836e-10 1.1137e-10 9.06052e-11 7.36808e-11 5.98929e-11 4.86653e-11 3.95265e-11 3.20912e-11 2.60444e-11 2.11289e-11 1.71346e-11 1.38903e-11 1.12561e-11
8.85409e-05 6.84806e-05 7.49411e-05 7.89421e-05 8.08215e-05 8.09226e-05 7.9576e-05 7.70886e-05 7.37368e-05 6.97632e-05 6.53758e-05 6.07492e-05 5.60264e-05 5.13219e-05 4.67248e-05 4.23023e-05 3.81026e-05 3.41583e-05 3.04889e-05 2.71036e-05 2.40033e-05 2.11827e-05 1.86318e-05 1.63372e-05 1.42831e-05 1.24528e-05 1.08286e-05 9.39284e-06 8.1282e-06 7.01803e-06 6.0465e-06 5.19881e-06 4.46121e-06 3.8211e-06 3.26695e-06 2.78836e-06 2.37594e-06 2.02129e-06 1.71695e-06 1.45628e-06 1.23342e-06 1.04324e-06 8.81202e-07 7.43379e-07 6.26333e-07 5.2708e-07 4.43039e-07 3.71977e-07 3.11971e-07 2.61366e-07 2.18743e-07 1.82888e-07 1.5276e-07 1.27474e-07 1.06275e-07 8.85215e-08 7.36691e-08 6.12563e-08 5.08925e-08 4.22477e-08 3.50435e-08 2.90452e-08 2.40554e-08 1.99081e-08 1.64639e-08 1.36059e-08 1.12363e-08 9.27312e-09 7.64786e-09 6.30337e-09 5.19194e-09 4.27382e-09 3.51592e-09 2.89069e-09 2.37526e-09 1.95061e-09 1.60098e-09 1.31329e-09 1.07672e-09 8.82291e-10 7.22594e-10 5.915e-10 4.83945e-10 3.95752e-10 3.23473e-10 2.64269e-10 2.158e-10 1.76139e-10 1.43702e-10 1.17186e-10 9.55208e-11 7.78274e-11 6.33845e-11 5.16002e-11 4.19896e-11 3.4155e-11 2.77712e-11 2.25717e-11 1.83386e-11 1.48937e-11 1.20913e-11
6.7364e-05 5.36085e-05 5.93288e-05 6.30953e-05 6.51429e-05 6.57218e-05 6.50809e-05 6.34574e-05 6.10695e-05 5.81127e-05 5.47577e-05 5.115e-05 4.74113e-05 4.3641e-05 3.99181e-05 3.63036e-05 3.28431e-05 2.95689e-05 2.65021e-05 2.36547e-05 2.10316e-05 1.86318e-05 1.64499e-05 1.44771e-05 1.27027e-05 1.11142e-05 9.69817e-06 8.44101e-06 7.32903e-06 6.34887e-06 5.48772e-06 4.73343e-06 4.07463e-06 3.5008e-06 3.00224e-06 2.57014e-06 2.1965e-06 1.87411e-06 1.59653e-06 1.35801e-06 1.15344e-06 9.783e-07 8.28627e-07 7.0093e-07 5.92157e-07 4.99647e-07 4.21086e-07 3.54466e-07 2.98052e-07 2.50342e-07 2.10047e-07 1.76056e-07 1.47419e-07 1.23319e-07 1.03061e-07 8.60518e-08 7.1785e-08 5.98311e-08 4.98253e-08 4.14581e-08 3.4468e-08 2.86337e-08 2.37686e-08 1.97151e-08 1.63408e-08 1.35342e-08 1.12017e-08 9.26477e-09 7.65757e-09 6.32498e-09 5.2209e-09 4.3068e-09 3.55053e-09 2.92527e-09 2.40868e-09 1.98215e-09 1.63021e-09 1.34e-09 1.10084e-09 9.03877e-10 7.41757e-10 6.08395e-10 4.98753e-10 4.08663e-10 3.3468e-10 2.73956e-10 2.24143e-10 1.833e-10 1.4983e-10 1.22415e-10 9.99717e-11 8.16069e-11 6.65868e-11 5.43079e-11 4.42746e-11 3.60799e-11 2.939e-11 2.39309e-11 1.9478e-11 1.58476e-11 1.28888e-11
5.12521e-05 4.1933e-05 4.69233e-05 5.03718e-05 5.24372e-05 5.32986e-05 5.31412e-05 5.21462e-05 5.04847e-05 4.83125e-05 4.57685e-05 4.29731e-05 4.00288e-05 3.70207e-05 3.40178e-05 3.10748e-05 2.82337e-05 2.55252e-05 2.29707e-05 2.0584e-05 1.83721e-05 1.63372e-05 1.44771e-05 1.2787e-05 1.12594e-05 9.88555e-06 8.65542e-06 7.5586e-06 6.58441e-06 5.72225e-06 4.9618e-06 4.29317e-06 3.70702e-06 3.19461e-06 2.74784e-06 2.35928e-06 2.02215e-06 1.7303e-06 1.47819e-06 1.26086e-06 1.07388e-06 9.13307e-07 7.75662e-07 6.57875e-07 5.57247e-07 4.71416e-07 3.98318e-07 3.36155e-07 2.83368e-07 2.38604e-07 2.00693e-07 1.68628e-07 1.41541e-07 1.18687e-07 9.94266e-08 8.3213e-08 6.95794e-08 5.81273e-08 4.85176e-08 4.04621e-08 3.3716e-08 2.80719e-08 2.3354e-08 1.9414e-08 1.61265e-08 1.33857e-08 1.11027e-08 9.20256e-09 7.62232e-09 6.30915e-09 5.21874e-09 4.31397e-09 3.56379e-09 2.94222e-09 2.42757e-09 2.00174e-09 1.64964e-09 1.35868e-09 1.1184e-09 9.20108e-10 7.56557e-10 6.21743e-10 5.10683e-10 4.19244e-10 3.44002e-10 2.82122e-10 2.3126e-10 1.89476e-10 1.55168e-10 1.27012e-10 1.03918e-10 8.49839e-11 6.9469e-11 5.67616e-11 4.63587e-11 3.78463e-11 3.0884e-11 2.51921e-11 2.05409e-11 1.67418e-11 1.364e-11
3.89938e-05 3.27758e-05 3.70776e-05 4.01704e-05 4.21575e-05 4.31642e-05 4.33264e-05 4.27813e-05 4.16614e-05 4.00903e-05 3.81798e-05 3.60287e-05 3.37226e-05 3.13336e-05 2.89214e-05 2.65342e-05 2.42098e-05 2.19769e-05 1.98563e-05 1.78621e-05 1.60031e-05 1.42831e-05 1.27027e-05 1.12594e-05 9.94872e-06 8.76443e-06 7.6994e-06 6.74574e-06 5.89521e-06 5.13949e-06 4.47034e-06 3.87978e-06 3.36016e-06 2.90429e-06 2.50544e-06 2.15736e-06 1.85435e-06 1.59117e-06 1.3631e-06 1.16588e-06 9.95662e-07 8.49046e-07 7.22989e-07 6.148e-07 5.22105e-07 4.42813e-07 3.75095e-07 3.17347e-07 2.68175e-07 2.26363e-07 1.90859e-07 1.6075e-07 1.35249e-07 1.13678e-07 9.54525e-08 8.00717e-08 6.71061e-08 5.61884e-08 4.70049e-08 3.92882e-08 3.28103e-08 2.73778e-08 2.28262e-08 1.90162e-08 1.58299e-08 1.31676e-08 1.09448e-08 9.09074e-09 7.54538e-09 6.25837e-09 5.18736e-09 4.29677e-09 3.55676e-09 2.94232e-09 2.4325e-09 2.00978e-09 1.65952e-09 1.3695e-09 1.1295e-09 9.31034e-10 7.67011e-10 6.31537e-10 5.19711e-10 4.2746e-10 3.51401e-10 2.88727e-10 2.37113e-10 1.94629e-10 1.59679e-10 1.30943e-10 1.07328e-10 8.79309e-11 7.20066e-11 5.89399e-11 4.8223e-11 3.94376e-11 3.2239e-11 2.63433e-11 2.15168e-11 1.75675e-11 1.43372e-11
2.96674e-05 2.56002e-05 2.92722e-05 3.20021e-05 3.38532e-05 3.49112e-05 3.52739e-05 3.5044e-05 3.43233e-05 3.32088e-05 3.179e-05 3.01474e-05 2.83516e-05 2.64634e-05 2.45337e-05 2.26047e-05 2.07097e-05 1.88751e-05 1.71204e-05 1.54596e-05 1.3902e-05 1.24528e-05 1.11142e-05 9.88555e-06 8.76443e-06 7.74685e-06 6.82771e-06 6.00121e-06 5.26109e-06 4.60088e-06 4.01405e-06 3.49422e-06 3.03519e-06 2.63104e-06 2.27622e-06 1.96553e-06 1.69418e-06 1.45773e-06 1.25218e-06 1.07388e-06 9.19527e-07 7.86175e-07 6.71184e-07 5.72207e-07 4.87162e-07 4.14211e-07 3.51735e-07 2.98312e-07 2.527e-07 2.13813e-07 1.80705e-07 1.52556e-07 1.28654e-07 1.08384e-07 9.12158e-08 7.6691e-08 6.44172e-08 5.40571e-08 4.53218e-08 3.79643e-08 3.17735e-08 2.65697e-08 2.21998e-08 1.85336e-08 1.54606e-08 1.28872e-08 1.0734e-08 8.93394e-09 7.43036e-09 6.17546e-09 5.12893e-09 4.25686e-09 3.53072e-09 2.92653e-09 2.42418e-09 2.0068e-09 1.66026e-09 1.37273e-09 1.13433e-09 9.36785e-10 7.73201e-10 6.37825e-10 5.25861e-10 4.33318e-10 3.56871e-10 2.93757e-10 2.41682e-10 1.98737e-10 1.63343e-10 1.34186e-10 1.10181e-10 9.04279e-11 7.41814e-11 6.0826e-11 4.98526e-11 4.08408e-11 3.34434e-11 2.73742e-11 2.23969e-11 1.83169e-11 1.4974e-11
2.25717e-05 1.99822e-05 2.30908e-05 2.54698e-05 2.71545e-05 2.82012e-05 2.8679e-05 2.86639e-05 2.82332e-05 2.74625e-05 2.64229e-05 2.51793e-05 2.37897e-05 2.23048e-05 2.07679e-05 1.92149e-05 1.76755e-05 1.61731e-05 1.47258e-05 1.3347e-05 1.20459e-05 1.08286e-05 9.69817e-06 8.65542e-06 7.6994e-06 6.82771e-06 6.03692e-06 5.32285e-06 4.68083e-06 4.10588e-06 3.59291e-06 3.13682e-06 2.73263e-06 2.37554e-06 2.06096e-06 1.78459e-06 1.54242e-06 1.33075e-06 1.14615e-06 9.85529e-07 8.4607e-07 7.25229e-07 6.20724e-07 5.30516e-07 4.52788e-07 3.85929e-07 3.28514e-07 2.79288e-07 2.37147e-07 2.01125e-07 1.70378e-07 1.4417e-07 1.2186e-07 1.02893e-07 8.67882e-08 7.31307e-08 6.15621e-08 5.1774e-08 4.35016e-08 3.65178e-08 3.0628e-08 2.5666e-08 2.14896e-08 1.7978e-08 1.50281e-08 1.25523e-08 1.04763e-08 8.73703e-09 7.28114e-09 6.06347e-09 5.04586e-09 4.19612e-09 3.48711e-09 2.89597e-09 2.40347e-09 1.99345e-09 1.65234e-09 1.36876e-09 1.13316e-09 9.37556e-10 7.75266e-10 6.40702e-10 5.29197e-10 4.36857e-10 3.60434e-10 2.97222e-10 2.44968e-10 2.01796e-10 1.66149e-10 1.3673e-10 1.12466e-10 9.24627e-11 7.59813e-11 6.24086e-11 5.12368e-11 4.20459e-11 3.44883e-11 2.82768e-11 2.31739e-11 1.89839e-11 1.55449e-11
1.71731e-05 1.5587e-05 1.82003e-05 2.02521e-05 2.17582e-05 2.27539e-05 2.3287e-05 2.34126e-05 2.3189e-05 2.26745e-05 2.1925e-05 2.09928e-05 1.9925e-05 1.87636e-05 1.75448e-05 1.62996e-05 1.50535e-05 1.38272e-05 1.26372e-05 1.14959e-05 1.04124e-05 9.39284e-06 8.44101e-06 7.5586e-06 6.74574e-06 6.00121e-06 5.32285e-06 4.70775e-06 4.15249e-06 3.65331e-06 3.20627e-06 2.80736e-06 2.45258e-06 2.13806e-06 1.86005e-06 1.61502e-06 1.39961e-06 1.21073e-06 1.04551e-06 9.01318e-07 7.7575e-07 6.66629e-07 5.7199e-07 4.90068e-07 4.19285e-07 3.58234e-07 3.05666e-07 2.60476e-07 2.2169e-07 1.8845e-07 1.60006e-07 1.357e-07 1.14958e-07 9.7281e-08 8.22355e-08 6.94457e-08 5.85865e-08 4.93772e-08 4.1576e-08 3.49749e-08 2.93953e-08 2.4684e-08 2.071e-08 1.73611e-08 1.45418e-08 1.21705e-08 1.01779e-08 8.50501e-09 7.10171e-09 5.92558e-09 4.94067e-09 4.11655e-09 3.42752e-09 2.85188e-09 2.37134e-09 1.97048e-09 1.63634e-09 1.35801e-09 1.12632e-09 9.33601e-10 7.73395e-10 6.40308e-10 5.29818e-10 4.38148e-10 3.62139e-10 2.99153e-10 2.46991e-10 2.03816e-10 1.68102e-10 1.38576e-10 1.14178e-10 9.40303e-11 7.74002e-11 6.36809e-11 5.23688e-11 4.30464e-11 3.53674e-11 2.90452e-11 2.38427e-11 1.95636e-11 1.60456e-11
1.30657e-05 1.21512e-05 1.43349e-05 1.6089e-05 1.74168e-05 1.83383e-05 1.88856e-05 1.9098e-05 1.9019e-05 1.8693e-05 1.81638e-05 1.7473e-05 1.66589e-05 1.57557e-05 1.47938e-05 1.37993e-05 1.27942e-05 1.17966e-05 1.08212e-05 9.87939e-06 8.97967e-06 8.1282e-06 7.32903e-06 6.58441e-06 5.89521e-06 5.26109e-06 4.68083e-06 4.15249e-06 3.67365e-06 3.24152e-06 2.85307e-06 2.50519e-06 2.19472e-06 1.91854e-06 1.67361e-06 1.45702e-06 1.26602e-06 1.09802e-06 9.50621e-07 8.21595e-07 7.08906e-07 6.10696e-07 5.25281e-07 4.51138e-07 3.86901e-07 3.31348e-07 2.83387e-07 2.4205e-07 2.0648e-07 1.75919e-07 1.49702e-07 1.27244e-07 1.08032e-07 9.16195e-08 7.76172e-08 6.56862e-08 5.55326e-08 4.69019e-08 3.95743e-08 3.336e-08 2.80956e-08 2.36407e-08 1.98747e-08 1.66943e-08 1.40111e-08 1.17495e-08 9.84511e-09 8.24289e-09 6.89613e-09 5.76508e-09 4.81599e-09 4.02024e-09 3.35362e-09 2.79559e-09 2.32884e-09 1.93873e-09 1.61291e-09 1.34099e-09 1.11422e-09 9.2522e-10 7.67818e-10 6.36815e-10 5.27856e-10 4.37288e-10 3.62057e-10 2.99602e-10 2.47786e-10 2.04822e-10 1.69218e-10 1.39731e-10 1.15324e-10 9.51324e-11 7.84374e-11 6.46408e-11 5.32456e-11 4.38386e-11 3.60769e-11 2.96758e-11 2.43996e-11 2.00525e-11 1.64728e-11
9.94068e-06 9.4673e-06 1.12823e-05 1.27709e-05 1.39281e-05 1.47637e-05 1.52981e-05 1.55588e-05 1.55777e-05 1.53884e-05 1.5025e-05 1.45202e-05 1.39048e-05 1.32069e-05 1.24515e-05 1.16606e-05 1.08528e-05 1.0044e-05 9.24704e-06 8.4721e-06 7.72713e-06 7.01803e-06 6.34887e-06 5.72225e-06 5.13949e-06 4.60088e-06 4.10588e-06 3.65331e-06 3.24152e-06 2.86846e-06 2.53188e-06 2.22937e-06 1.95845e-06 1.71664e-06 1.50148e-06 1.3106e-06 1.14175e-06 9.9278e-07 8.61678e-07 7.46582e-07 6.4577e-07 5.57661e-07 4.80818e-07 4.13933e-07 3.55829e-07 3.05446e-07 2.61835e-07 2.24151e-07 1.91642e-07 1.63642e-07 1.39562e-07 1.18884e-07 1.01153e-07 8.59702e-08 7.29862e-08 6.18972e-08 5.24386e-08 4.43805e-08 3.75237e-08 3.16958e-08 2.67479e-08 2.25518e-08 1.89969e-08 1.59884e-08 1.34449e-08 1.12966e-08 9.48382e-09 7.95559e-09 6.6684e-09 5.5852e-09 4.67445e-09 3.90934e-09 3.26712e-09 2.72847e-09 2.27706e-09 1.89905e-09 1.58274e-09 1.31826e-09 1.09727e-09 9.12751e-10 7.58796e-10 6.30428e-10 5.23465e-10 4.34396e-10 3.60276e-10 2.98635e-10 2.47403e-10 2.04849e-10 1.69523e-10 1.40216e-10 1.15915e-10 9.57766e-11 7.90975e-11 6.52907e-11 5.38678e-11 4.44221e-11 3.66155e-11 3.01668e-11 2.48425e-11 2.04487e-11 1.68245e-11
7.5631e-06 7.37212e-06 8.87364e-06 1.01289e-05 1.1128e-05 1.18738e-05 1.23782e-05 1.26602e-05 1.27425e-05 1.26506e-05 1.24105e-05 1.2048e-05 1.15875e-05 1.1052e-05 1.04619e-05 9.83563e-06 9.18897e-06 8.53543e-06 7.88624e-06 7.2505e-06 6.63542e-06 6.0465e-06 5.48772e-06 4.9618e-06 4.47034e-06 4.01405e-06 3.59291e-06 3.20627e-06 2.85307e-06 2.53188e-06 2.24103e-06 1.97869e-06 1.74293e-06 1.5318e-06 1.34332e-06 1.17559e-06 1.02674e-06 8.95026e-07 7.78764e-07 6.76399e-07 5.86482e-07 5.07676e-07 4.38756e-07 3.78606e-07 3.26214e-07 2.80664e-07 2.41137e-07 2.06894e-07 1.7728e-07 1.5171e-07 1.29667e-07 1.10693e-07 9.43845e-08 8.03866e-08 6.83887e-08 5.81184e-08 4.93384e-08 4.18418e-08 3.54486e-08 3.00029e-08 2.53696e-08 2.14318e-08 1.80888e-08 1.52536e-08 1.28517e-08 1.08188e-08 9.09987e-09 7.64786e-09 6.42242e-09 5.38915e-09 4.51867e-09 3.78596e-09 3.16975e-09 2.65193e-09 2.21714e-09 1.85236e-09 1.54656e-09 1.29038e-09 1.07594e-09 8.96558e-10 7.46618e-10 6.21371e-10 5.16822e-10 4.29609e-10 3.56905e-10 2.96334e-10 2.45905e-10 2.03945e-10 1.69052e-10 1.40054e-10 1.15969e-10 9.59763e-11 7.93897e-11 6.56366e-11 5.42392e-11 4.47991e-11 3.69842e-11 3.05183e-11 2.5171e-11 2.07512e-11 1.70997e-11
5.75419e-06 5.73759e-06 6.97466e-06 8.02728e-06 8.88305e-06 9.54016e-06 1.00049e-05 1.02896e-05 1.04105e-05 1.03862e-05 1.02368e-05 9.9821e-06 9.64173e-06 9.23398e-06 8.77573e-06 8.28209e-06 7.7664e-06 7.24014e-06 6.71301e-06 6.19301e-06 5.68659e-06 5.19881e-06 4.73343e-06 4.29317e-06 3.87978e-06 3.49422e-06 3.13682e-06 2.80736e-06 2.50519e-06 2.22937e-06 1.97869e-06 1.75178e-06 1.54716e-06 1.36331e-06 1.19865e-06 1.05165e-06 9.20808e-07 8.04669e-07 7.01857e-07 6.11074e-07 5.31104e-07 4.60822e-07 3.99191e-07 3.45258e-07 2.98158e-07 2.57104e-07 2.21386e-07 1.90367e-07 1.63474e-07 1.40198e-07 1.20084e-07 1.02729e-07 8.77773e-08 7.49147e-08 6.38646e-08 5.43844e-08 4.62619e-08 3.93113e-08 3.3371e-08 2.83001e-08 2.39765e-08 2.02942e-08 1.71616e-08 1.44993e-08 1.22393e-08 1.03226e-08 8.69872e-09 7.32424e-09 6.16196e-09 5.18002e-09 4.35118e-09 3.65219e-09 3.0632e-09 2.56733e-09 2.1502e-09 1.79958e-09 1.5051e-09 1.25796e-09 1.0507e-09 8.77022e-10 7.31587e-10 6.09886e-10 5.08119e-10 4.23077e-10 3.5206e-10 2.92792e-10 2.43363e-10 2.02164e-10 1.67847e-10 1.39279e-10 1.15512e-10 9.57496e-11 7.93273e-11 6.56881e-11 5.43666e-11 4.49742e-11 3.71862e-11 3.07322e-11 2.53862e-11 2.09605e-11 1.72984e-11
4.37792e-06 4.46322e-06 5.47863e-06 6.35702e-06 7.085e-06 7.65801e-06 8.0784e-06 8.35371e-06 8.49518e-06 8.51646e-06 8.43255e-06 8.25894e-06 8.01096e-06 7.70331e-06 7.34967e-06 6.96251e-06 6.55294e-06 6.13067e-06 5.70401e-06 5.27994e-06 4.86415e-06 4.46121e-06 4.07463e-06 3.70702e-06 3.36016e-06 3.03519e-06 2.73263e-06 2.45258e-06 2.19472e-06 1.95845e-06 1.74293e-06 1.54716e-06 1.37003e-06 1.21034e-06 1.06686e-06 9.38372e-07 8.23653e-07 7.21525e-07 6.30852e-07 5.50559e-07 4.79632e-07 4.17128e-07 3.62169e-07 3.13948e-07 2.71726e-07 2.34831e-07 2.02651e-07 1.74635e-07 1.50287e-07 1.29162e-07 1.10864e-07 9.50396e-08 8.13748e-08 6.95924e-08 5.94476e-08 5.07248e-08 4.32347e-08 3.68114e-08 3.131e-08 2.66038e-08 2.25827e-08 1.9151e-08 1.62254e-08 1.37342e-08 1.1615e-08 9.8142e-09 8.28547e-09 6.989e-09 5.89055e-09 4.96075e-09 4.17442e-09 3.51003e-09 2.94915e-09 2.47606e-09 2.07735e-09 1.7416e-09 1.4591e-09 1.22158e-09 1.02205e-09 8.54536e-10 7.14018e-10 5.96227e-10 4.97558e-10 4.14962e-10 3.45869e-10 2.88109e-10 2.39856e-10 1.9957e-10 1.65956e-10 1.37928e-10 1.14571e-10 9.51187e-11 7.89272e-11 6.54579e-11 5.42595e-11 4.49543e-11 3.72264e-11 3.0812e-11 2.54906e-11 2.10782e-11 1.74215e-11
