0.490833 0.136582 0.0380062 0.0105759 0.00294291 0.000818912 0.000227876 6.34101e-05 1.76449e-05 4.90998e-06 1.36628e-06 3.80191e-07 1.05794e-07 2.9439e-08 8.19188e-09 2.27952e-09 6.34315e-10 1.76508e-10 4.91164e-11 1.36674e-11 3.80319e-12 1.0583e-12 2.94489e-13 8.19464e-14 2.28029e-14 6.34529e-15 1.76568e-15 4.91329e-16 1.3672e-16 3.80447e-17 1.05866e-17 2.94588e-18 8.1974e-19 2.28106e-19 6.34742e-20 1.76627e-20 4.91495e-21 1.36766e-21 3.80575e-22 1.05901e-22 2.94688e-23 8.20016e-24 2.28183e-24 6.34956e-25 1.76687e-25 4.9166e-26 1.36813e-26 3.80703e-27 1.05937e-27 2.94787e-28 8.20293e-29 2.2826e-29 6.3517e-30 1.76747e-30 4.91826e-31 1.36859e-31 3.80832e-32 1.05973e-32 2.94886e-33 8.20569e-34 2.28337e-34 6.35384e-35 1.76806e-35 4.91992e-36 1.36905e-36 3.8096e-37 1.06008e-37 2.94986e-38 8.20846e-39 2.28414e-39 6.35599e-40 1.76866e-40 4.92158e-41 1.36951e-41 3.81088e-42 1.06044e-42 2.95085e-43 8.21122e-44 2.28491e-44 6.35813e-45 1.76925e-45 4.92324e-46 1.36997e-46 3.81217e-47 1.0608e-47 2.95184e-48 8.21399e-49 2.28568e-49 6.36027e-50 1.76985e-50 4.9249e-51 1.37043e-51 3.81345e-52 1.06116e-52 2.95284e-53 8.21676e-54 2.28645e-54 6.36241e-55 1.77045e-55 4.92655e-56 1.37089e-56
0.136582 0.052764 0.018789 0.00637107 0.00209084 0.000670293 0.000211142 6.56052e-05 2.01622e-05 6.141e-06 1.85646e-06 5.5767e-07 1.66612e-07 4.95434e-08 1.46714e-08 4.32885e-09 1.27311e-09 3.73336e-10 1.09194e-10 3.18618e-11 9.27699e-12 2.69582e-12 7.81976e-13 2.26452e-13 6.54778e-14 1.89059e-14 5.45165e-15 1.5701e-15 4.51679e-16 1.29798e-16 3.72622e-17 1.06871e-17 3.06244e-18 8.76821e-19 2.50848e-19 7.17111e-20 2.04858e-20 5.8483e-21 1.66851e-21 4.75731e-22 1.35564e-22 3.8609e-23 1.09901e-23 3.12679e-24 8.89172e-25 2.52739e-25 7.1807e-26 2.03928e-26 5.7891e-27 1.64276e-27 4.65989e-28 1.32135e-28 3.74552e-29 1.06135e-29 3.00652e-30 8.514e-31 2.41031e-31 6.82158e-32 1.93008e-32 5.45943e-33 1.54385e-33 4.36466e-34 1.23364e-34 3.48597e-35 9.8482e-36 2.78159e-36 7.85476e-37 2.21759e-37 6.2595e-38 1.76649e-38 4.98422e-39 1.40605e-39 3.96574e-40 1.11833e-40 3.15311e-41 8.88864e-42 2.50529e-42 7.06011e-43 1.98928e-43 5.60419e-44 1.57858e-44 4.44584e-45 1.25193e-45 3.52489e-46 9.92321e-47 2.79319e-47 7.86126e-48 2.21222e-48 6.22459e-49 1.75122e-49 4.92626e-50 1.38562e-50 3.89692e-51 1.09585e-51 3.08128e-52 8.66295e-53 2.43531e-53 6.8454e-54 1.92397e-54 5.407e-55 1.5194e-55
0.0380062 0.018789 0.00795751 0.00309721 0.00114189 0.000405236 0.000139769 4.71478e-05 1.56227e-05 5.10111e-06 1.64519e-06 5.25049e-07 1.66052e-07 5.21012e-08 1.62339e-08 5.02701e-09 1.54807e-09 4.74362e-10 1.44701e-10 4.39594e-11 1.33047e-11 4.01301e-12 1.20659e-12 3.6173e-13 1.08152e-13 3.22544e-14 9.59685e-15 2.84917e-15 8.44145e-16 2.49622e-16 7.36822e-17 2.17122e-17 6.38775e-18 1.87643e-18 5.50419e-19 1.61236e-19 4.71706e-20 1.3783e-20 4.02264e-21 1.17272e-21 3.41517e-22 9.93552e-23 2.88767e-23 8.38493e-24 2.43257e-24 7.05115e-25 2.0422e-25 5.91011e-26 1.70908e-26 4.93873e-27 1.42614e-27 4.11544e-28 1.18683e-28 3.42047e-29 9.85191e-30 2.83597e-30 8.15898e-31 2.34603e-31 6.74217e-32 1.93662e-32 5.55997e-33 1.59548e-33 4.57623e-34 1.31198e-34 3.75973e-35 1.07696e-35 3.08365e-36 8.82579e-37 2.52506e-37 7.22147e-38 2.06452e-38 5.90003e-39 1.68553e-39 4.81363e-40 1.37424e-40 3.92204e-41 1.11899e-41 3.19156e-42 9.10017e-43 2.59399e-43 7.39203e-44 2.1059e-44 5.99779e-45 1.70777e-45 4.86132e-46 1.38347e-46 3.93617e-47 1.11963e-47 3.18397e-48 9.0524e-49 2.57311e-49 7.31235e-50 2.07759e-50 5.90158e-51 1.67605e-51 4.75899e-52 1.351e-52 3.83452e-53 1.08813e-53 3.08723e-54 8.75743e-55
0.0105759 0.00637107 0.00309721 0.00134679 0.000545815 0.000210559 7.82903e-05 2.8285e-05 9.98485e-06 3.45794e-06 1.17841e-06 3.96091e-07 1.31556e-07 4.32405e-08 1.40819e-08 4.54845e-09 1.45835e-09 4.64484e-10 1.47047e-10 4.62969e-11 1.4503e-11 4.52219e-12 1.40405e-12 4.34206e-13 1.33786e-13 4.10809e-14 1.25742e-14 3.83724e-15 1.16772e-15 3.54415e-16 1.07302e-16 3.24102e-17 9.76776e-18 2.93763e-18 8.81728e-19 2.64151e-19 7.89933e-20 2.35823e-20 7.02868e-21 2.09164e-21 6.21519e-22 1.84419e-22 5.4647e-23 1.61719e-23 4.77984e-24 1.41106e-24 4.1608e-25 1.22554e-25 3.60591e-26 1.05988e-26 3.11221e-27 9.12992e-28 2.67587e-28 7.83571e-29 2.29255e-29 6.70191e-30 1.95762e-30 5.71378e-31 1.66644e-31 4.8567e-32 1.41444e-32 4.11654e-33 1.19726e-33 3.47991e-34 1.01082e-34 2.93437e-35 8.51334e-36 2.46851e-36 7.15363e-37 2.07196e-37 5.99801e-38 1.73544e-38 5.01871e-39 1.45065e-39 4.19107e-40 1.21028e-40 3.49341e-41 1.00791e-41 2.90672e-42 8.37922e-43 2.41448e-43 6.95457e-44 2.00238e-44 5.76306e-45 1.65805e-45 4.76851e-46 1.37092e-46 3.93992e-47 1.13192e-47 3.25083e-48 9.3332e-49 2.67872e-49 7.68574e-50 2.2045e-50 6.32123e-51 1.81203e-51 5.19278e-52 1.48769e-52 4.2609e-53 1.22003e-53 3.4924e-54
0.00294291 0.00209084 0.00114189 0.000545815 0.000239972 9.95151e-05 3.9504e-05 1.51551e-05 5.65588e-06 2.06313e-06 7.38226e-07 2.59826e-07 9.01475e-08 3.08862e-08 1.0465e-08 3.51074e-09 1.16729e-09 3.84993e-10 1.26048e-10 4.09929e-11 1.32498e-11 4.2584e-12 1.36147e-12 4.33173e-13 1.37199e-13 4.32726e-14 1.35945e-14 4.25507e-15 1.32723e-15 4.12635e-16 1.27894e-16 3.95248e-17 1.21813e-17 3.74445e-18 1.14817e-18 3.51237e-19 1.07207e-19 3.26527e-20 9.92501e-21 3.01091e-21 9.11712e-22 2.75578e-22 8.31553e-23 2.5051e-23 7.53494e-24 2.26297e-24 6.78655e-25 2.03242e-25 6.07845e-26 1.81556e-26 5.4161e-27 1.61376e-27 4.80272e-28 1.42773e-28 4.2397e-29 1.25767e-29 3.72697e-30 1.10336e-30 3.26337e-31 9.64299e-32 2.84687e-32 8.39742e-33 2.4749e-33 7.28806e-34 2.14447e-34 6.3051e-35 1.85241e-35 5.43829e-36 1.59543e-36 4.67727e-37 1.37029e-37 4.01188e-38 1.17382e-38 3.43231e-39 1.00301e-39 2.92931e-40 8.55012e-41 2.49421e-41 7.27199e-42 2.11904e-42 6.17155e-43 1.79649e-43 5.22683e-44 1.51997e-44 4.41798e-45 1.28353e-45 3.72726e-46 1.08187e-46 3.13884e-47 9.1028e-48 2.63874e-48 7.64605e-49 2.21463e-49 6.41196e-50 1.85571e-50 5.36865e-51 1.55258e-51 4.48833e-52 1.29705e-52 3.74694e-53 1.08204e-53
0.000818912 0.000670293 0.000405236 0.000210559 9.95151e-05 4.4017e-05 1.85275e-05 7.50162e-06 2.94346e-06 1.12527e-06 4.20828e-07 1.54437e-07 5.57527e-08 1.98388e-08 6.9696e-09 2.42065e-09 8.32114e-10 2.83391e-10 9.56977e-11 3.20661e-11 1.06682e-11 3.52599e-12 1.15832e-12 3.78371e-13 1.22949e-13 3.97552e-14 1.27958e-14 4.10078e-15 1.30889e-15 4.16177e-16 1.31852e-16 4.16306e-17 1.3102e-17 4.11081e-18 1.28604e-18 4.01215e-19 1.2484e-19 3.87471e-20 1.19972e-20 3.70615e-21 1.14238e-21 3.51387e-22 1.07866e-22 3.30475e-23 1.01062e-23 3.08502e-24 9.40119e-25 2.86014e-25 8.68757e-26 2.63476e-26 7.97882e-27 2.41276e-27 7.28596e-28 2.19724e-28 6.6177e-29 1.99064e-29 5.98066e-30 1.79472e-30 5.37956e-31 1.61071e-31 4.81751e-32 1.43938e-32 4.29624e-33 1.28108e-33 3.81634e-34 1.13583e-34 3.37746e-35 1.00342e-35 2.97856e-36 8.83417e-37 2.61802e-37 7.75239e-38 2.29384e-38 6.7821e-39 2.00376e-39 5.91584e-40 1.74535e-40 5.1458e-41 1.51612e-41 4.46406e-42 1.31356e-42 3.86279e-43 1.13524e-43 3.33437e-44 9.78787e-45 2.87154e-45 8.41974e-46 2.46744e-46 7.22705e-47 2.11567e-47 6.19032e-48 1.81034e-48 5.29165e-49 1.54602e-49 4.51472e-50 1.31779e-50 3.84471e-51 1.12121e-51 3.26828e-52 9.52282e-53 2.7735e-53
0.000227876 0.000211142 0.000139769 7.82903e-05 3.9504e-05 1.85275e-05 8.22628e-06 3.49898e-06 1.4374e-06 5.73686e-07 2.23441e-07 8.52178e-08 3.19124e-08 1.17599e-08 4.27211e-09 1.53225e-09 5.43268e-10 1.90618e-10 6.6249e-11 2.2825e-11 7.80122e-12 2.64668e-12 8.91791e-13 2.98579e-13 9.93753e-14 3.28918e-14 1.08303e-14 3.54874e-15 1.15748e-15 3.75899e-16 1.21578e-16 3.91702e-17 1.25737e-17 4.02216e-18 1.28238e-18 4.07575e-19 1.2915e-19 4.08069e-20 1.28583e-20 4.04108e-21 1.26684e-21 3.96189e-22 1.23618e-22 3.84856e-23 1.19561e-23 3.70677e-24 1.14695e-24 3.54216e-25 1.09194e-25 3.36017e-26 1.03225e-26 3.16587e-27 9.69418e-28 2.96388e-28 9.04823e-29 2.75829e-29 8.39675e-30 2.55266e-30 7.75008e-31 2.34999e-31 7.11686e-32 2.15273e-32 6.50405e-33 1.96285e-33 5.91711e-34 1.78183e-34 5.36009e-35 1.61078e-35 4.8358e-36 1.45039e-36 4.34601e-37 1.30107e-37 3.89154e-38 1.16296e-38 3.47246e-39 1.03598e-39 3.08824e-40 9.19875e-41 2.73786e-41 8.14261e-42 2.41989e-42 7.18646e-43 2.13268e-43 6.32468e-44 1.87437e-44 5.5512e-45 1.64299e-45 4.8597e-46 1.43652e-46 4.24377e-47 1.25294e-47 3.69707e-48 1.09027e-48 3.21342e-49 9.46589e-50 2.78689e-50 8.20066e-51 2.41186e-51 7.08977e-52 2.08303e-52 6.11709e-53
6.34101e-05 6.56052e-05 4.71478e-05 2.8285e-05 1.51551e-05 7.50162e-06 3.49898e-06 1.55766e-06 6.67691e-07 2.77351e-07 1.1218e-07 4.43459e-08 1.71837e-08 6.54249e-09 2.45233e-09 9.06423e-10 3.30824e-10 1.19368e-10 4.26222e-11 1.50738e-11 5.28424e-12 1.8374e-12 6.34081e-13 2.17288e-13 7.39743e-14 2.50303e-14 8.42086e-15 2.81775e-15 9.38086e-16 3.10813e-16 1.02515e-16 3.36677e-17 1.10121e-17 3.58797e-18 1.16474e-18 3.76783e-19 1.21479e-19 3.90415e-20 1.25091e-20 3.99633e-21 1.27315e-21 4.04518e-22 1.28197e-22 4.05268e-23 1.27814e-23 4.02178e-24 1.26271e-24 3.95611e-25 1.23692e-25 3.85977e-26 1.20213e-26 3.73714e-27 1.15972e-27 3.5927e-28 1.11112e-28 3.43085e-29 1.0577e-29 3.25582e-30 1.00073e-30 3.07154e-31 9.41437e-32 2.88164e-32 8.80885e-33 2.68933e-33 8.20033e-34 2.49743e-34 7.59708e-35 2.30835e-35 7.00606e-36 2.12409e-36 6.433e-37 1.94628e-37 5.88247e-38 1.77618e-38 5.35795e-39 1.61474e-39 4.86193e-40 1.46261e-40 4.39609e-41 1.32019e-41 3.96133e-42 1.18766e-42 3.55792e-43 1.06503e-43 3.18562e-44 9.52142e-45 2.84375e-45 8.48727e-46 2.53128e-46 7.54417e-47 2.24693e-47 6.68777e-48 1.98925e-48 5.9132e-49 1.75664e-49 5.21529e-50 1.54743e-50 4.5887e-51 1.35993e-51 4.02804e-52 1.19242e-52
1.76449e-05 2.01622e-05 1.56227e-05 9.98485e-06 5.65588e-06 2.94346e-06 1.4374e-06 6.67691e-07 2.97813e-07 1.28423e-07 5.38151e-08 2.20014e-08 8.80345e-09 3.45634e-09 1.3343e-09 5.07361e-10 1.90306e-10 7.0502e-11 2.58248e-11 9.36188e-12 3.36154e-12 1.1964e-12 4.22332e-13 1.47951e-13 5.14625e-14 1.77815e-14 6.10567e-15 2.08423e-15 7.07545e-16 2.38942e-16 8.02942e-17 2.68561e-17 8.94276e-18 2.96529e-18 9.79303e-19 3.22184e-19 1.0561e-19 3.44978e-20 1.12312e-20 3.64481e-21 1.17922e-21 3.80397e-22 1.22364e-22 3.9255e-23 1.25604e-23 4.00887e-24 1.27641e-24 4.05458e-25 1.28506e-25 4.06407e-26 1.28259e-26 4.03953e-27 1.26977e-27 3.98375e-28 1.24756e-28 3.89995e-29 1.21704e-29 3.79162e-30 1.17934e-30 3.66241e-31 1.13561e-31 3.51597e-32 1.08701e-32 3.35589e-33 1.03464e-33 3.18558e-34 9.7955e-35 3.00826e-35 9.22715e-36 2.82682e-36 8.6501e-37 2.64392e-37 8.07216e-38 2.46183e-38 7.5001e-39 2.28257e-39 6.93971e-40 2.10779e-40 6.3958e-41 1.93888e-41 5.87223e-42 1.7769e-42 5.37202e-43 1.62269e-43 4.8974e-44 1.47684e-44 4.44989e-45 1.33973e-45 4.03039e-46 1.21156e-46 3.63926e-47 1.09236e-47 3.27643e-48 9.82043e-49 2.94143e-49 8.8042e-50 2.63349e-50 7.87204e-51 2.3516e-51 7.02044e-52 2.09457e-52
4.90998e-06 6.141e-06 5.10111e-06 3.45794e-06 2.06313e-06 1.12527e-06 5.73686e-07 2.77351e-07 1.28423e-07 5.73657e-08 2.4855e-08 1.04896e-08 4.3265e-09 1.74872e-09 6.94189e-10 2.71151e-10 1.04377e-10 3.96489e-11 1.48798e-11 5.52243e-12 2.02868e-12 7.38211e-13 2.66272e-13 9.52604e-14 3.38203e-14 1.19215e-14 4.17412e-15 1.45229e-15 5.02289e-16 1.72747e-16 5.90951e-17 2.01142e-17 6.81351e-18 2.29753e-18 7.71381e-19 2.57917e-19 8.5897e-20 2.84996e-20 9.42173e-21 3.10401e-21 1.01924e-21 3.33617e-22 1.08867e-22 3.54214e-23 1.14924e-23 3.71855e-24 1.20005e-24 3.86301e-25 1.24049e-25 3.97408e-26 1.27026e-26 4.05126e-27 1.28933e-27 4.09488e-28 1.29793e-28 4.10601e-29 1.2965e-29 4.08636e-30 1.28567e-30 4.03812e-31 1.2662e-31 3.96391e-32 1.23896e-32 3.86659e-33 1.20489e-33 3.74919e-34 1.16496e-34 3.61483e-35 1.12016e-35 3.46658e-36 1.07144e-36 3.30746e-37 1.01975e-37 3.14031e-38 9.6594e-39 2.9678e-39 9.10834e-40 2.79237e-40 8.55159e-41 2.6162e-41 7.9957e-42 2.44125e-42 7.44638e-43 2.26917e-43 6.90852e-44 2.1014e-44 6.38622e-45 1.9391e-45 5.88282e-46 1.78322e-46 5.40094e-47 1.63449e-47 4.94256e-48 1.49343e-48 4.50906e-49 1.36039e-49 4.1013e-50 1.23557e-50 3.71968e-51 1.11903e-51 3.36422e-52
1.36628e-06 1.85646e-06 1.64519e-06 1.17841e-06 7.38226e-07 4.20828e-07 2.23441e-07 1.1218e-07 5.38151e-08 2.4855e-08 1.11155e-08 4.8347e-09 2.05241e-09 8.528e-10 3.47646e-10 1.3931e-10 5.49665e-11 2.13845e-11 8.21312e-12 3.11736e-12 1.1704e-12 4.35012e-13 1.60178e-13 5.84678e-14 2.11686e-14 7.60595e-15 2.71333e-15 9.61443e-16 3.38519e-16 1.18477e-16 4.12301e-17 1.4271e-17 4.91439e-18 1.68411e-18 5.74457e-19 1.95085e-19 6.59714e-20 2.22195e-20 7.45481e-21 2.4919e-21 8.30009e-22 2.75521e-22 9.11603e-23 3.00669e-23 9.88681e-24 3.24157e-24 1.05982e-24 3.45566e-25 1.12381e-25 3.64547e-26 1.17965e-26 3.80823e-27 1.22659e-27 3.94195e-28 1.26413e-28 4.04544e-29 1.292e-29 4.1182e-30 1.31016e-30 4.16045e-31 1.31879e-31 4.17302e-32 1.31822e-32 4.15727e-33 1.30897e-33 4.11498e-34 1.29165e-34 4.04832e-35 1.267e-35 3.95969e-36 1.2358e-36 3.85167e-37 1.19889e-37 3.72695e-38 1.15713e-38 3.58822e-39 1.11136e-39 3.43816e-40 1.06242e-40 3.27932e-41 1.0111e-41 3.11415e-42 9.58139e-43 2.94491e-43 9.04231e-44 2.77369e-44 8.49999e-45 2.60236e-45 7.96002e-46 2.43258e-46 7.42731e-47 2.26577e-47 6.90605e-48 2.10319e-48 6.39981e-49 1.94583e-49 5.91148e-50 1.79452e-50 5.44339e-51 1.64992e-51 4.99728e-52
3.80191e-07 5.5767e-07 5.25049e-07 3.96091e-07 2.59826e-07 1.54437e-07 8.52178e-08 4.43459e-08 2.20014e-08 1.04896e-08 4.8347e-09 2.16418e-09 9.44336e-10 4.02869e-10 1.6845e-10 6.91728e-11 2.79453e-11 1.11233e-11 4.36779e-12 1.69385e-12 6.49367e-13 2.4631e-13 9.25073e-14 3.44244e-14 1.27003e-14 4.64789e-15 1.68812e-15 6.08766e-16 2.18058e-16 7.76123e-17 2.74581e-17 9.65892e-18 3.37931e-18 1.17621e-18 4.07382e-19 1.40437e-19 4.81962e-20 1.64696e-20 5.60491e-21 1.89997e-21 6.41631e-22 2.15899e-22 7.2394e-23 2.41936e-23 8.05929e-24 2.67636e-24 8.86114e-25 2.92536e-25 9.63069e-26 3.16201e-26 1.03547e-26 3.38232e-27 1.10212e-27 3.58277e-28 1.16202e-28 3.76045e-29 1.21431e-29 3.91302e-30 1.25838e-30 4.03879e-31 1.29377e-31 4.13669e-32 1.32026e-32 4.20629e-33 1.3378e-33 4.24771e-34 1.34651e-34 4.2616e-35 1.34667e-35 4.24906e-36 1.3387e-36 4.2116e-37 1.32312e-37 4.15102e-38 1.30055e-38 4.0694e-39 1.27168e-39 3.96896e-40 1.23722e-40 3.85206e-41 1.19793e-41 3.72108e-42 1.15457e-42 3.57841e-43 1.10788e-43 3.42639e-44 1.0586e-44 3.26727e-45 1.00741e-45 3.10315e-46 9.5496e-47 2.93602e-47 9.01849e-48 2.76768e-48 8.48619e-49 2.59975e-49 7.95755e-50 2.43367e-50 7.43682e-51 2.2707e-51 6.92769e-52
1.05794e-07 1.66612e-07 1.66052e-07 1.31556e-07 9.01475e-08 5.57527e-08 3.19124e-08 1.71837e-08 8.80345e-09 4.3265e-09 2.05241e-09 9.44336e-10 4.23047e-10 1.85096e-10 7.92977e-11 3.33356e-11 1.3776e-11 5.605e-12 2.24823e-12 8.90065e-13 3.48142e-13 1.34658e-13 5.1546e-14 1.9541e-14 7.34115e-15 2.73459e-15 1.01054e-15 3.7064e-16 1.34981e-16 4.8829e-17 1.7552e-17 6.27132e-18 2.22795e-18 7.87199e-19 2.767e-19 9.67793e-20 3.369e-20 1.16749e-20 4.02829e-21 1.38416e-21 4.73716e-22 1.61505e-22 5.48602e-23 1.8569e-23 6.26382e-24 2.10602e-24 7.05843e-25 2.35844e-25 7.85704e-26 2.61007e-26 8.6466e-27 2.85679e-27 9.41427e-28 3.09461e-28 1.01478e-28 3.3198e-29 1.08357e-29 3.52892e-30 1.1468e-30 3.71899e-31 1.20358e-31 3.88747e-32 1.2532e-32 4.03235e-33 1.2951e-33 4.15217e-34 1.3289e-34 4.24596e-35 1.35439e-35 4.31332e-36 1.37151e-36 4.35431e-37 1.38035e-37 4.36945e-38 1.38116e-38 4.35966e-39 1.37426e-39 4.3262e-40 1.36012e-40 4.27064e-41 1.33926e-41 4.19477e-42 1.31229e-42 4.10054e-43 1.27984e-43 3.99005e-44 1.24258e-44 3.86543e-45 1.20119e-45 3.72885e-46 1.15637e-46 3.58245e-47 1.10876e-47 3.4283e-48 1.05903e-48 3.2684e-49 1.00778e-49 3.10461e-50 9.55577e-51 2.93866e-51 9.02952e-52
2.9439e-08 4.95434e-08 5.21012e-08 4.32405e-08 3.08862e-08 1.98388e-08 1.17599e-08 6.54249e-09 3.45634e-09 1.74872e-09 8.528e-10 4.02869e-10 1.85096e-10 8.2974e-11 3.63876e-11 1.56457e-11 6.60811e-12 2.74599e-12 1.12424e-12 4.54025e-13 1.81058e-13 7.13633e-14 2.78234e-14 1.07384e-14 4.10536e-15 1.55561e-15 5.84549e-16 2.17932e-16 8.06482e-17 2.96357e-17 1.0818e-17 3.92401e-18 1.41484e-18 5.07225e-19 1.80854e-19 6.415e-20 2.26416e-20 7.95337e-21 2.78111e-21 9.68251e-22 3.3569e-22 1.15915e-22 3.98712e-23 1.36635e-23 4.66556e-24 1.58761e-24 5.3844e-25 1.82025e-25 6.13439e-26 2.06114e-26 6.90524e-27 2.30689e-27 7.68585e-28 2.55393e-28 8.46473e-29 2.79858e-29 9.2303e-30 3.03722e-30 9.97124e-31 3.26634e-31 1.06768e-31 3.48266e-32 1.1337e-32 3.68318e-33 1.19429e-33 3.8653e-34 1.2487e-34 4.02679e-35 1.29629e-35 4.16587e-36 1.33656e-36 4.28125e-37 1.36919e-37 4.37205e-38 1.39396e-38 4.43789e-39 1.41083e-39 4.47877e-40 1.41985e-40 4.49512e-41 1.42123e-41 4.48773e-42 1.41526e-42 4.45767e-43 1.40233e-43 4.40631e-44 1.3829e-44 4.33523e-45 1.35751e-45 4.24616e-46 1.32672e-46 4.14098e-47 1.29114e-47 4.02163e-48 1.25139e-48 3.89008e-49 1.2081e-49 3.7483e-50 1.16188e-50 3.59824e-51 1.11334e-51
8.19188e-09 1.46714e-08 1.62339e-08 1.40819e-08 1.0465e-08 6.9696e-09 4.27211e-09 2.45233e-09 1.3343e-09 6.94189e-10 3.47646e-10 1.6845e-10 7.92977e-11 3.63876e-11 1.63208e-11 7.17167e-12 3.09339e-12 1.31191e-12 5.47832e-13 2.25533e-13 9.16354e-14 3.67812e-14 1.45971e-14 5.73216e-15 2.22882e-15 8.58628e-16 3.27905e-16 1.24201e-16 4.66801e-17 1.74162e-17 6.4529e-18 2.37515e-18 8.68763e-19 3.15877e-19 1.14199e-19 4.10622e-20 1.46881e-20 5.22793e-21 1.85193e-21 6.53033e-22 2.29267e-22 8.01523e-23 2.79081e-23 9.67946e-24 3.34456e-24 1.15147e-24 3.95047e-25 1.35076e-25 4.60355e-26 1.564e-26 5.29731e-27 1.78892e-27 6.02402e-28 2.02291e-28 6.77485e-29 2.26303e-29 7.54017e-30 2.50613e-30 8.30979e-31 2.74896e-31 9.07329e-32 2.98819e-32 9.82024e-33 3.22057e-33 1.05405e-33 3.44297e-34 1.12245e-34 3.65247e-35 1.18634e-35 3.84642e-36 1.24493e-36 4.02249e-37 1.29754e-37 4.17869e-38 1.3436e-38 4.31343e-39 1.38267e-39 4.42554e-40 1.41444e-40 4.51423e-41 1.43873e-41 4.5791e-42 1.45547e-42 4.62014e-43 1.46471e-43 4.63771e-44 1.46663e-44 4.63246e-45 1.46147e-45 4.60534e-46 1.44957e-46 4.55756e-47 1.43136e-47 4.49052e-48 1.40729e-48 4.40577e-49 1.3779e-49 4.30503e-50 1.34372e-50 4.19005e-51 1.30532e-51
2.27952e-09 4.32885e-09 5.02701e-09 4.54845e-09 3.51074e-09 2.42065e-09 1.53225e-09 9.06423e-10 5.07361e-10 2.71151e-10 1.3931e-10 6.91728e-11 3.33356e-11 1.56457e-11 7.17167e-12 3.21823e-12 1.41662e-12 6.12737e-13 2.60808e-13 1.09384e-13 4.52545e-14 1.84874e-14 7.46415e-15 2.98069e-15 1.17813e-15 4.61191e-16 1.7891e-16 6.8814e-17 2.62553e-17 9.94129e-18 3.73703e-18 1.39517e-18 5.17476e-19 1.90745e-19 6.98938e-20 2.54662e-20 9.22867e-21 3.32708e-21 1.19352e-21 4.26116e-22 1.5144e-22 5.3585e-23 1.88803e-23 6.62535e-24 2.31582e-24 8.06414e-25 2.79786e-25 9.67306e-26 3.33291e-26 1.14459e-26 3.91829e-27 1.33722e-27 4.54997e-28 1.54368e-28 5.2226e-29 1.7621e-29 5.92962e-30 1.99024e-30 6.66347e-31 2.22556e-31 7.41573e-32 2.4653e-32 8.17738e-33 2.70652e-33 8.93898e-34 2.94622e-34 9.69098e-35 3.18138e-35 1.04239e-35 3.40903e-36 1.11285e-36 3.62635e-37 1.17963e-37 3.83071e-38 1.24191e-38 4.0197e-39 1.29899e-39 4.19122e-40 1.35025e-40 4.34349e-41 1.39518e-41 4.47506e-42 1.43337e-42 4.58484e-43 1.46455e-43 4.67211e-44 1.48854e-44 4.73648e-45 1.50526e-45 4.77792e-46 1.51477e-46 4.7967e-47 1.51719e-47 4.79342e-48 1.51275e-48 4.76889e-49 1.50176e-49 4.7242e-50 1.48459e-50 4.6606e-51 1.46165e-51
6.34315e-10 1.27311e-09 1.54807e-09 1.45835e-09 1.16729e-09 8.32114e-10 5.43268e-10 3.30824e-10 1.90306e-10 1.04377e-10 5.49665e-11 2.79453e-11 1.3776e-11 6.60811e-12 3.09339e-12 1.41662e-12 6.35963e-13 2.80372e-13 1.2157e-13 5.19134e-14 2.18575e-14 9.08314e-15 3.72889e-15 1.51351e-15 6.07809e-16 2.41664e-16 9.5187e-17 3.71618e-17 1.43875e-17 5.52627e-18 2.10679e-18 7.97471e-19 2.99823e-19 1.11998e-19 4.15796e-20 1.53461e-20 5.6321e-21 2.05592e-21 7.46621e-22 2.69802e-22 9.70341e-23 3.47392e-23 1.23824e-23 4.39495e-24 1.55357e-24 5.47014e-25 1.91874e-25 6.70569e-26 2.33523e-26 8.10455e-27 2.80341e-27 9.66605e-28 3.32246e-28 1.13857e-28 3.89036e-29 1.32552e-29 4.50386e-30 1.52623e-30 5.15852e-31 1.73912e-31 5.8488e-32 1.96228e-32 6.56817e-33 2.19351e-33 7.30926e-34 2.43036e-34 8.06404e-35 2.67021e-35 8.82403e-36 2.91032e-36 9.58042e-37 3.14789e-37 1.03244e-37 3.38015e-38 1.10472e-38 3.60438e-39 1.17405e-39 3.81798e-40 1.23963e-40 4.01856e-41 1.30073e-41 4.20391e-42 1.3567e-42 4.37214e-43 1.40699e-43 4.52158e-44 1.45112e-44 4.65092e-45 1.48871e-45 4.75914e-46 1.51951e-46 4.84557e-47 1.54334e-47 4.90983e-48 1.56015e-48 4.95186e-49 1.56995e-49 4.9719e-50 1.57286e-50 4.97044e-51 1.56908e-51
1.76508e-10 3.73336e-10 4.74362e-10 4.64484e-10 3.84993e-10 2.83391e-10 1.90618e-10 1.19368e-10 7.0502e-11 3.96489e-11 2.13845e-11 1.11233e-11 5.605e-12 2.74599e-12 1.31191e-12 6.12737e-13 2.80372e-13 1.25914e-13 5.55864e-14 2.41554e-14 1.03449e-14 4.37089e-15 1.82367e-15 7.52003e-16 3.06702e-16 1.23803e-16 4.94909e-17 1.9604e-17 7.69848e-18 2.99854e-18 1.15889e-18 4.44599e-19 1.69375e-19 6.40954e-20 2.4101e-20 9.00734e-21 3.34679e-21 1.23662e-21 4.54491e-22 1.66182e-22 6.0465e-23 2.18961e-23 7.89311e-24 2.83285e-24 1.01243e-24 3.60354e-25 1.27757e-25 4.51219e-26 1.58779e-26 5.56741e-27 1.94544e-27 6.7754e-28 2.35206e-28 8.13955e-29 2.80823e-29 9.66015e-30 3.31353e-30 1.13342e-30 3.86645e-31 1.31551e-31 4.46439e-32 1.5113e-32 5.10369e-33 1.71946e-33 5.77963e-34 1.93836e-34 6.4866e-35 2.16607e-35 7.21813e-36 2.40045e-36 7.96707e-37 2.63914e-37 8.72575e-38 2.87965e-38 9.48613e-39 3.11939e-39 1.024e-39 3.35576e-40 1.0979e-40 3.58616e-41 1.16952e-41 3.80808e-42 1.23807e-42 4.01913e-43 1.30282e-43 4.21708e-44 1.3631e-44 4.39992e-45 1.41832e-45 4.56587e-46 1.46794e-46 4.71341e-47 1.51153e-47 4.84131e-48 1.54875e-48 4.94863e-49 1.57935e-49 5.03471e-50 1.60317e-50 5.09919e-51 1.62013e-51
4.91164e-11 1.09194e-10 1.44701e-10 1.47047e-10 1.26048e-10 9.56977e-11 6.6249e-11 4.26222e-11 2.58248e-11 1.48798e-11 8.21312e-12 4.36779e-12 2.24823e-12 1.12424e-12 5.47832e-13 2.60808e-13 1.2157e-13 5.55864e-14 2.49717e-14 1.10375e-14 4.80589e-15 2.0636e-15 8.74666e-16 3.66268e-16 1.51646e-16 6.2121e-17 2.51939e-17 1.01216e-17 4.03017e-18 1.59121e-18 6.23232e-19 2.4225e-19 9.34829e-20 3.58262e-20 1.36398e-20 5.16038e-21 1.94062e-21 7.25599e-22 2.69806e-22 9.97937e-23 3.67233e-23 1.34478e-23 4.90135e-24 1.77831e-24 6.42388e-25 2.31075e-25 8.27826e-26 2.95403e-26 1.05011e-26 3.71927e-27 1.3126e-27 4.61641e-28 1.61817e-28 5.65372e-29 1.96914e-29 6.83743e-30 2.36711e-30 8.17132e-31 2.81286e-31 9.65649e-32 3.30627e-32 1.12911e-32 3.84628e-33 1.30702e-33 4.43084e-34 1.49858e-34 5.05693e-35 1.70268e-35 5.72057e-36 1.91792e-36 6.4169e-37 2.14263e-37 7.14026e-38 2.3749e-38 7.88427e-39 2.61263e-39 8.642e-40 2.85355e-40 9.40609e-41 3.09528e-41 1.01689e-41 3.33538e-42 1.09226e-42 3.57138e-43 1.16596e-43 3.80085e-44 1.23721e-44 4.02145e-45 1.3053e-45 4.23094e-46 1.36954e-46 4.42726e-47 1.42931e-47 4.60853e-48 1.48405e-48 4.77309e-49 1.53328e-49 4.91951e-50 1.57657e-50 5.04665e-51 1.61362e-51
1.36674e-11 3.18618e-11 4.39594e-11 4.62969e-11 4.09929e-11 3.20661e-11 2.2825e-11 1.50738e-11 9.36188e-12 5.52243e-12 3.11736e-12 1.69385e-12 8.90065e-13 4.54025e-13 2.25533e-13 1.09384e-13 5.19134e-14 2.41554e-14 1.10375e-14 4.95995e-15 2.19471e-15 9.57309e-16 4.12034e-16 1.75146e-16 7.35868e-17 3.05802e-17 1.25776e-17 5.12311e-18 2.06764e-18 8.27243e-19 3.2825e-19 1.29231e-19 5.04996e-20 1.95937e-20 7.55084e-21 2.89105e-21 1.10007e-21 4.16103e-22 1.56497e-22 5.85376e-23 2.17811e-23 8.06362e-24 2.97075e-24 1.08935e-24 3.97654e-25 1.44527e-25 5.23077e-26 1.88545e-26 6.76949e-27 2.42128e-27 8.62847e-28 3.06389e-28 1.0842e-28 3.82375e-29 1.34418e-29 4.71032e-30 1.64555e-30 5.73163e-31 1.99061e-31 6.89394e-32 2.38099e-32 8.2014e-33 2.81766e-33 9.65578e-34 3.30076e-34 1.12562e-34 3.8296e-35 1.29992e-35 4.40261e-36 1.48783e-36 5.01731e-37 1.68843e-37 5.67036e-38 1.90053e-38 6.35757e-39 2.12266e-39 7.07395e-40 2.35316e-40 7.81384e-41 2.59012e-41 8.571e-42 2.83149e-42 9.33867e-43 3.07507e-43 1.01098e-43 3.31859e-44 1.0877e-44 3.55972e-45 1.16329e-45 3.79612e-46 1.23703e-46 4.02551e-47 1.30819e-47 4.24566e-48 1.3761e-48 4.45449e-49 1.44011e-49 4.65004e-50 1.49964e-50 4.83056e-51 1.55416e-51
3.80319e-12 9.27699e-12 1.33047e-11 1.4503e-11 1.32498e-11 1.06682e-11 7.80122e-12 5.28424e-12 3.36154e-12 2.02868e-12 1.1704e-12 6.49367e-13 3.48142e-13 1.81058e-13 9.16354e-14 4.52545e-14 2.18575e-14 1.03449e-14 4.80589e-15 2.19471e-15 9.86496e-16 4.36942e-16 1.90898e-16 8.23417e-17 3.50938e-17 1.47894e-17 6.16688e-18 2.54588e-18 1.04113e-18 4.2197e-19 1.69578e-19 6.7601e-20 2.67423e-20 1.05018e-20 4.09538e-21 1.58644e-21 6.10629e-22 2.336e-22 8.88419e-23 3.35982e-23 1.26375e-23 4.72877e-24 1.76058e-24 6.52328e-25 2.40577e-25 8.83265e-26 3.22882e-26 1.17537e-26 4.26133e-27 1.5389e-27 5.53642e-28 1.98448e-28 7.08789e-29 2.52281e-29 8.94938e-30 3.16436e-30 1.11533e-30 3.91909e-31 1.37299e-31 4.79605e-32 1.6706e-32 5.80311e-33 2.01041e-33 6.94657e-34 2.39413e-34 8.23089e-35 2.82287e-35 9.65844e-36 3.297e-36 1.12293e-36 3.81616e-37 1.29409e-37 4.37917e-38 1.47885e-38 4.98404e-39 1.67643e-39 5.62797e-40 1.88582e-40 6.30734e-41 2.10576e-41 7.01781e-42 2.33476e-42 7.75434e-43 2.57113e-43 8.51128e-44 2.813e-44 9.28247e-45 3.05836e-45 1.00614e-45 3.30507e-46 1.08411e-46 3.55095e-47 1.16147e-47 3.79376e-48 1.2375e-48 4.03129e-49 1.31152e-49 4.26135e-50 1.38284e-50 4.48184e-51 1.45082e-51
1.0583e-12 2.69582e-12 4.01301e-12 4.52219e-12 4.2584e-12 3.52599e-12 2.64668e-12 1.8374e-12 1.1964e-12 7.38211e-13 4.35012e-13 2.4631e-13 1.34658e-13 7.13633e-14 3.67812e-14 1.84874e-14 9.08314e-15 4.37089e-15 2.0636e-15 9.57309e-16 4.36942e-16 1.96447e-16 8.70891e-17 3.81049e-17 1.64686e-17 7.0358e-18 2.97336e-18 1.24372e-18 5.15209e-19 2.11472e-19 8.60467e-20 3.47228e-20 1.39017e-20 5.52402e-21 2.17933e-21 8.53908e-22 3.32389e-22 1.28573e-22 4.94347e-23 1.88972e-23 7.18367e-24 2.71625e-24 1.02177e-24 3.82454e-25 1.42471e-25 5.28281e-26 1.95014e-26 7.16789e-27 2.62365e-27 9.56458e-28 3.47319e-28 1.25645e-28 4.52865e-29 1.62646e-29 5.82126e-30 2.07651e-30 7.38299e-31 2.61671e-31 9.24568e-32 3.25702e-32 1.14402e-32 4.00695e-33 1.39956e-33 4.87527e-34 1.6938e-34 5.86967e-35 2.02898e-35 6.99653e-36 2.40687e-36 8.26058e-37 2.82867e-37 9.66473e-38 3.29499e-38 1.12098e-38 3.80573e-39 1.28943e-39 4.36007e-40 1.47145e-40 4.95644e-41 1.66642e-41 5.59251e-42 1.87349e-42 6.2652e-43 2.09157e-43 6.9707e-44 2.31933e-44 7.70453e-45 2.55528e-45 8.46162e-46 2.79771e-46 9.23634e-47 3.04478e-47 1.00226e-47 3.29451e-48 1.08141e-48 3.54483e-49 1.16041e-49 3.79362e-50 1.23859e-50 4.03875e-51 1.31528e-51
2.94489e-13 7.81976e-13 1.20659e-12 1.40405e-12 1.36147e-12 1.15832e-12 8.91791e-13 6.34081e-13 4.22332e-13 2.66272e-13 1.60178e-13 9.25073e-14 5.1546e-14 2.78234e-14 1.45971e-14 7.46415e-15 3.72889e-15 1.82367e-15 8.74666e-16 4.12034e-16 1.90898e-16 8.70891e-17 3.91631e-17 1.73761e-17 7.61297e-18 3.29622e-18 1.41136e-18 5.97984e-19 2.50855e-19 1.04247e-19 4.29358e-20 1.75341e-20 7.10288e-21 2.85518e-21 1.13929e-21 4.51414e-22 1.7766e-22 6.94706e-23 2.69974e-23 1.04294e-23 4.00606e-24 1.53033e-24 5.81508e-25 2.19842e-25 8.27043e-26 3.09659e-26 1.15411e-26 4.2824e-27 1.58221e-27 5.82155e-28 2.13338e-28 7.78768e-29 2.83209e-29 1.02616e-29 3.70495e-30 1.33306e-30 4.78034e-31 1.70865e-31 6.08795e-32 2.16246e-32 7.65814e-33 2.70413e-33 9.52128e-34 3.34317e-34 1.1707e-34 4.08872e-35 1.42433e-35 4.94929e-36 1.71558e-36 5.93249e-37 2.04667e-37 7.04475e-38 2.41943e-38 8.29107e-39 2.83518e-39 9.67479e-40 3.29468e-40 1.11974e-40 3.79811e-41 1.28583e-41 4.34493e-42 1.46549e-42 4.93396e-43 1.65821e-43 5.56328e-44 1.8633e-44 6.23027e-45 2.0798e-45 6.93163e-46 2.30656e-46 7.6634e-47 2.54224e-47 8.42099e-48 2.7853e-48 9.19931e-49 3.03405e-49 9.99275e-50 3.28665e-50 1.07954e-50 3.54117e-51 1.16009e-51
8.19464e-14 2.26452e-13 3.6173e-13 4.34206e-13 4.33173e-13 3.78371e-13 2.98579e-13 2.17288e-13 1.47951e-13 9.52604e-14 5.84678e-14 3.44244e-14 1.9541e-14 1.07384e-14 5.73216e-15 2.98069e-15 1.51351e-15 7.52003e-16 3.66268e-16 1.75146e-16 8.23417e-17 3.81049e-17 1.73761e-17 7.81537e-18 3.47016e-18 1.52226e-18 6.60201e-19 2.83261e-19 1.20303e-19 5.06027e-20 2.10909e-20 8.71438e-21 3.5709e-21 1.45173e-21 5.85756e-22 2.34647e-22 9.33497e-23 3.68925e-23 1.44879e-23 5.65491e-24 2.19433e-24 8.46699e-25 3.24937e-25 1.2405e-25 4.71199e-26 1.78113e-26 6.70108e-27 2.50968e-27 9.35798e-28 3.47453e-28 1.28475e-28 4.7316e-29 1.73585e-29 6.34434e-30 2.31033e-30 8.38346e-31 3.03163e-31 1.09264e-31 3.92521e-32 1.40564e-32 5.01815e-33 1.78612e-33 6.3388e-34 2.24319e-34 7.91619e-35 2.78605e-35 9.77944e-36 3.42387e-36 1.19571e-36 4.16548e-37 1.44764e-37 5.01919e-38 1.73624e-38 5.99252e-39 2.06374e-39 7.09197e-40 2.43201e-40 8.32277e-41 2.84246e-41 9.68866e-42 3.29604e-42 1.11917e-42 3.7931e-43 1.28322e-43 4.33342e-44 1.46083e-44 4.91611e-45 1.65163e-45 5.53966e-46 1.85502e-46 6.20184e-47 2.0702e-47 6.89982e-48 2.29618e-48 7.63008e-49 2.53174e-49 8.38853e-50 2.7755e-50 9.17053e-51 3.02591e-51 9.97093e-52
2.28029e-14 6.54778e-14 1.08152e-13 1.33786e-13 1.37199e-13 1.22949e-13 9.93753e-14 7.39743e-14 5.14625e-14 3.38203e-14 2.11686e-14 1.27003e-14 7.34115e-15 4.10536e-15 2.22882e-15 1.17813e-15 6.07809e-16 3.06702e-16 1.51646e-16 7.35868e-17 3.50938e-17 1.64686e-17 7.61297e-18 3.47016e-18 1.56108e-18 6.93625e-19 3.04622e-19 1.32317e-19 5.68788e-20 2.42103e-20 1.0209e-20 4.26676e-21 1.7682e-21 7.2686e-22 2.96495e-22 1.20054e-22 4.8269e-23 1.9276e-23 7.64793e-24 3.01551e-24 1.18187e-24 4.60548e-25 1.7847e-25 6.87904e-26 2.63782e-26 1.00646e-26 3.82169e-27 1.44441e-27 5.43459e-28 2.03586e-28 7.59443e-29 2.82139e-29 1.04401e-29 3.84836e-30 1.41325e-30 5.17114e-31 1.88547e-31 6.85113e-32 2.48116e-32 8.95645e-33 3.22287e-33 1.15615e-33 4.13504e-34 1.47461e-34 5.24364e-35 1.85944e-35 6.57586e-36 2.31938e-36 8.15958e-37 2.8633e-37 1.00229e-37 3.50002e-38 1.21934e-38 4.23815e-39 1.46977e-39 5.08582e-40 1.75604e-40 6.05049e-41 2.0804e-41 7.13873e-42 2.44474e-42 8.35598e-43 2.85058e-43 9.70634e-44 3.29899e-44 1.11924e-44 3.79054e-45 1.28152e-45 4.32523e-46 1.45737e-46 4.90249e-47 1.64651e-47 5.52112e-48 1.84848e-48 6.17929e-49 2.06258e-49 6.87455e-50 2.28796e-50 7.60384e-51 2.52353e-51 8.36349e-52
6.34529e-15 1.89059e-14 3.22544e-14 4.10809e-14 4.32726e-14 3.97552e-14 3.28918e-14 2.50303e-14 1.77815e-14 1.19215e-14 7.60595e-15 4.64789e-15 2.73459e-15 1.55561e-15 8.58628e-16 4.61191e-16 2.41664e-16 1.23803e-16 6.2121e-17 3.05802e-17 1.47894e-17 7.0358e-18 3.29622e-18 1.52226e-18 6.93625e-19 3.12084e-19 1.38754e-19 6.10016e-20 2.65349e-20 1.14266e-20 4.87372e-21 2.05993e-21 8.63143e-22 3.58693e-22 1.47889e-22 6.05159e-23 2.45847e-23 9.91869e-24 3.97518e-24 1.58303e-24 6.26548e-25 2.46522e-25 9.64469e-26 3.75267e-26 1.45243e-26 5.59285e-27 2.14303e-27 8.17248e-28 3.10224e-28 1.17235e-28 4.41123e-29 1.65288e-29 6.16819e-30 2.29277e-30 8.48981e-31 3.13199e-31 1.15126e-31 4.21694e-32 1.53935e-32 5.60055e-33 2.03104e-33 7.34233e-34 2.64615e-34 9.5081e-35 3.40646e-35 1.21696e-35 4.33549e-36 1.54036e-36 5.45825e-37 1.92912e-37 6.80092e-38 2.39167e-38 8.39041e-39 2.93656e-39 1.02539e-39 3.57237e-40 1.24182e-40 4.30747e-41 1.49094e-41 5.14988e-42 1.7752e-42 6.107e-43 2.09681e-43 7.18547e-44 2.45773e-44 8.39092e-45 2.85956e-45 9.72781e-46 3.30349e-46 1.11992e-46 3.79027e-47 1.28066e-47 4.32012e-48 1.455e-48 4.89273e-49 1.64275e-49 5.50721e-50 1.84352e-50 6.16208e-51 2.05675e-51 6.85525e-52
1.76568e-15 5.45165e-15 9.59685e-15 1.25742e-14 1.35945e-14 1.27958e-14 1.08303e-14 8.42086e-15 6.10567e-15 4.17412e-15 2.71333e-15 1.68812e-15 1.01054e-15 5.84549e-16 3.27905e-16 1.7891e-16 9.5187e-17 4.94909e-17 2.51939e-17 1.25776e-17 6.16688e-18 2.97336e-18 1.41136e-18 6.60201e-19 3.04622e-19 1.38754e-19 6.24394e-20 2.77773e-20 1.22239e-20 5.3243e-21 2.29654e-21 9.81414e-22 4.15708e-22 1.74607e-22 7.27499e-23 3.00786e-23 1.23446e-23 5.03066e-24 2.03622e-24 8.18828e-25 3.27219e-25 1.29976e-25 5.13293e-26 2.01574e-26 7.87327e-27 3.05922e-27 1.1827e-27 4.55014e-28 1.7423e-28 6.64111e-29 2.52021e-29 9.5229e-30 3.58341e-30 1.34298e-30 5.01352e-31 1.8645e-31 6.90835e-32 2.55049e-32 9.38328e-33 3.44038e-33 1.25724e-33 4.57958e-34 1.66291e-34 6.01973e-35 2.17264e-35 7.81861e-36 2.80566e-36 1.004e-36 3.58304e-37 1.27532e-37 4.5275e-38 1.60324e-38 5.66323e-39 1.99562e-39 7.01553e-40 2.46057e-40 8.61046e-41 3.00643e-41 1.04744e-41 3.64152e-42 1.26336e-42 4.37406e-43 1.51136e-43 5.21193e-44 1.79386e-44 6.16252e-45 2.1131e-45 7.23252e-46 2.47106e-46 8.42777e-47 2.86941e-47 9.75299e-48 3.30948e-48 1.12117e-48 3.79216e-49 1.2806e-49 4.31787e-50 1.45365e-50 4.88654e-51 1.64022e-51 5.49756e-52
4.91329e-16 1.5701e-15 2.84917e-15 3.83724e-15 4.25507e-15 4.10078e-15 3.54874e-15 2.81775e-15 2.08423e-15 1.45229e-15 9.61443e-16 6.08766e-16 3.7064e-16 2.17932e-16 1.24201e-16 6.8814e-17 3.71618e-17 1.9604e-17 1.01216e-17 5.12311e-18 2.54588e-18 1.24372e-18 5.97984e-19 2.83261e-19 1.32317e-19 6.10016e-20 2.77773e-20 1.25015e-20 5.56456e-21 2.45101e-21 1.0689e-21 4.61756e-22 1.97684e-22 8.39056e-23 3.53216e-23 1.47528e-23 6.11562e-24 2.51693e-24 1.02871e-24 4.1766e-25 1.68491e-25 6.75544e-26 2.69249e-26 1.06702e-26 4.20526e-27 1.64854e-27 6.42938e-28 2.49504e-28 9.6359e-29 3.70409e-29 1.41745e-29 5.40049e-30 2.04886e-30 7.74106e-31 2.91306e-31 1.09197e-31 4.07781e-32 1.51722e-32 5.6249e-33 2.07812e-33 7.65162e-34 2.80804e-34 1.0272e-34 3.74579e-35 1.36177e-35 4.93593e-36 1.78389e-36 6.42884e-37 2.31042e-37 8.28078e-38 2.96005e-38 1.05537e-38 3.75323e-39 1.33147e-39 4.71198e-40 1.66359e-40 5.85974e-41 2.05932e-41 7.22106e-42 2.52657e-42 8.82128e-43 3.07342e-43 1.06861e-43 3.70803e-44 1.28413e-44 4.43844e-45 1.53118e-45 5.27245e-46 1.81219e-46 6.21744e-47 2.12938e-47 7.28017e-48 2.48479e-48 8.46662e-49 2.88016e-49 9.78182e-50 3.31691e-50 1.12297e-50 3.79607e-51 1.28128e-51 4.31827e-52
1.3672e-16 4.51679e-16 8.44145e-16 1.16772e-15 1.32723e-15 1.30889e-15 1.15748e-15 9.38086e-16 7.07545e-16 5.02289e-16 3.38519e-16 2.18058e-16 1.34981e-16 8.06482e-17 4.66801e-17 2.62553e-17 1.43875e-17 7.69848e-18 4.03017e-18 2.06764e-18 1.04113e-18 5.15209e-19 2.50855e-19 1.20303e-19 5.68788e-20 2.65349e-20 1.22239e-20 5.56456e-21 2.50472e-21 1.11545e-21 4.91735e-22 2.14696e-22 9.288e-23 3.98301e-23 1.6938e-23 7.14546e-24 2.99134e-24 1.2431e-24 5.12951e-25 2.10233e-25 8.56033e-26 3.4638e-26 1.39311e-26 5.57041e-27 2.21484e-27 8.75864e-28 3.44548e-28 1.34851e-28 5.25202e-29 2.03578e-29 7.85472e-30 3.0171e-30 1.15389e-30 4.39451e-31 1.66679e-31 6.29691e-32 2.36972e-32 8.88456e-33 3.31886e-33 1.23537e-33 4.5825e-34 1.69411e-34 6.24246e-35 2.29286e-35 8.39539e-36 3.06465e-36 1.11539e-36 4.04775e-37 1.46476e-37 5.28585e-38 1.90234e-38 6.82824e-39 2.44459e-39 8.72976e-40 3.10973e-40 1.10507e-40 3.91764e-41 1.38564e-41 4.88973e-42 1.72168e-42 6.04879e-43 2.12058e-43 7.41871e-44 2.59004e-44 9.02419e-45 3.13796e-45 1.08904e-45 3.77232e-46 1.30425e-46 4.50104e-47 1.55053e-47 5.33184e-48 1.83028e-48 6.27209e-49 2.14574e-49 7.32861e-50 2.49897e-50 8.50757e-51 2.89179e-51 9.81423e-52 3.32571e-52
3.80447e-17 1.29798e-16 2.49622e-16 3.54415e-16 4.12635e-16 4.16177e-16 3.75899e-16 3.10813e-16 2.38942e-16 1.72747e-16 1.18477e-16 7.76123e-17 4.8829e-17 2.96357e-17 1.74162e-17 9.94129e-18 5.52627e-18 2.99854e-18 1.59121e-18 8.27243e-19 4.2197e-19 2.11472e-19 1.04247e-19 5.06027e-20 2.42103e-20 1.14266e-20 5.3243e-21 2.45101e-21 1.11545e-21 5.02145e-22 2.2373e-22 9.87078e-23 4.31433e-23 1.86894e-23 8.02733e-24 3.4198e-24 1.44556e-24 6.06475e-25 2.52619e-25 1.045e-25 4.29415e-26 1.75331e-26 7.1148e-27 2.87001e-27 1.1511e-27 4.59129e-28 1.8215e-28 7.18913e-29 2.82322e-29 1.10333e-29 4.29165e-30 1.66174e-30 6.40587e-31 2.45884e-31 9.39876e-32 3.57809e-32 1.35682e-32 5.12542e-33 1.92894e-33 7.23321e-34 2.70278e-34 1.00645e-34 3.73527e-35 1.38175e-35 5.09507e-36 1.87292e-36 6.86389e-37 2.50803e-37 9.1377e-38 3.3198e-38 1.20278e-38 4.34595e-39 1.56615e-39 5.62939e-40 2.01831e-40 7.21838e-41 2.57536e-41 9.16651e-42 3.25507e-42 1.15326e-42 4.07682e-43 1.43802e-43 5.06149e-44 1.77777e-44 6.23129e-45 2.17971e-45 7.60952e-46 2.65136e-46 9.22034e-47 3.20043e-47 1.10884e-47 3.83478e-48 1.32385e-48 4.56222e-49 1.56952e-49 5.39041e-50 1.84823e-50 6.32671e-51 2.16223e-51 7.37803e-52 2.51364e-52
1.05866e-17 3.72622e-17 7.36822e-17 1.07302e-16 1.27894e-16 1.31852e-16 1.21578e-16 1.02515e-16 8.02942e-17 5.90951e-17 4.12301e-17 2.74581e-17 1.7552e-17 1.0818e-17 6.4529e-18 3.73703e-18 2.10679e-18 1.15889e-18 6.23232e-19 3.2825e-19 1.69578e-19 8.60467e-20 4.29358e-20 2.10909e-20 1.0209e-20 4.87372e-21 2.29654e-21 1.0689e-21 4.91735e-22 2.2373e-22 1.00729e-22 4.48994e-23 1.9824e-23 8.67347e-24 3.76204e-24 1.61825e-24 6.90573e-25 2.92455e-25 1.2295e-25 5.13262e-26 2.12818e-26 8.76696e-27 3.58889e-27 1.4603e-27 5.90725e-28 2.37617e-28 9.50602e-29 3.78293e-29 1.49776e-29 5.90072e-30 2.31359e-30 9.02925e-31 3.50799e-31 1.35695e-31 5.22665e-32 2.00489e-32 7.65972e-33 2.91501e-33 1.10514e-33 4.17434e-34 1.57107e-34 5.89219e-35 2.20228e-35 8.20393e-36 3.04619e-36 1.12749e-36 4.16031e-37 1.53046e-37 5.61354e-38 2.05304e-38 7.4874e-39 2.72312e-39 9.87713e-40 3.57313e-40 1.28927e-40 4.64026e-41 1.66596e-41 5.96671e-42 2.13193e-42 7.5998e-43 2.70296e-43 9.59197e-44 3.39644e-44 1.20007e-44 4.2313e-45 1.48882e-45 5.22793e-46 1.83211e-46 6.40803e-47 2.23699e-47 7.79441e-48 2.71081e-48 9.41073e-49 3.26115e-49 1.12812e-49 3.89574e-50 1.34303e-50 4.6223e-51 1.58824e-51 5.44844e-52 1.86612e-52
2.94588e-18 1.06871e-17 2.17122e-17 3.24102e-17 3.95248e-17 4.16306e-17 3.91702e-17 3.36677e-17 2.68561e-17 2.01142e-17 1.4271e-17 9.65892e-18 6.27132e-18 3.92401e-18 2.37515e-18 1.39517e-18 7.97471e-19 4.44599e-19 2.4225e-19 1.29231e-19 6.7601e-20 3.47228e-20 1.75341e-20 8.71438e-21 4.26676e-21 2.05993e-21 9.81414e-22 4.61756e-22 2.14696e-22 9.87078e-23 4.48994e-23 2.02169e-23 9.01535e-24 3.98323e-24 1.74443e-24 7.57528e-25 3.26309e-25 1.39472e-25 5.91709e-26 2.4924e-26 1.04265e-26 4.33286e-27 1.78911e-27 7.34211e-28 2.99517e-28 1.21486e-28 4.90028e-29 1.96599e-29 7.84663e-30 3.11601e-30 1.23138e-30 4.84322e-31 1.89619e-31 7.3908e-32 2.86829e-32 1.10848e-32 4.26634e-33 1.63552e-33 6.24563e-34 2.37607e-34 9.00636e-35 3.40162e-35 1.28029e-35 4.80238e-36 1.79541e-36 6.69062e-37 2.4854e-37 9.20426e-38 3.39838e-38 1.25106e-38 4.59234e-39 1.681e-39 6.13631e-40 2.23398e-40 8.11158e-41 2.93774e-41 1.06127e-41 3.82439e-42 1.37483e-42 4.93065e-43 1.76421e-43 6.29806e-44 2.24332e-44 7.97307e-45 2.82765e-45 1.00071e-45 3.53421e-46 1.24564e-46 4.38156e-47 1.5382e-47 5.38965e-48 1.8849e-48 6.57974e-49 2.29265e-49 7.97419e-50 2.76866e-50 9.59623e-51 3.32041e-51 1.14697e-51 3.95548e-52 1.36189e-52
8.1974e-19 3.06244e-18 6.38775e-18 9.76776e-18 1.21813e-17 1.3102e-17 1.25737e-17 1.10121e-17 8.94276e-18 6.81351e-18 4.91439e-18 3.37931e-18 2.22795e-18 1.41484e-18 8.68763e-19 5.17476e-19 2.99823e-19 1.69375e-19 9.34829e-20 5.04996e-20 2.67423e-20 1.39017e-20 7.10288e-21 3.5709e-21 1.7682e-21 8.63143e-22 4.15708e-22 1.97684e-22 9.288e-23 4.31433e-23 1.9824e-23 9.01535e-24 4.05975e-24 1.81108e-24 8.00709e-25 3.50979e-25 1.52586e-25 6.58141e-26 2.81729e-26 1.19724e-26 5.05232e-27 2.11773e-27 8.81912e-28 3.64971e-28 1.50128e-28 6.13945e-29 2.49656e-29 1.00967e-29 4.06183e-30 1.62569e-30 6.47437e-31 2.56605e-31 1.01229e-31 3.97534e-32 1.55428e-32 6.05099e-33 2.34593e-33 9.05827e-34 3.48389e-34 1.3348e-34 5.09504e-35 1.93774e-35 7.34352e-36 2.77338e-36 1.04387e-36 3.91612e-37 1.46442e-37 5.45901e-38 2.02875e-38 7.51695e-39 2.77704e-39 1.023e-39 3.75799e-40 1.37671e-40 5.02998e-41 1.83294e-41 6.66212e-42 2.41537e-42 8.73541e-43 3.15161e-43 1.13437e-43 4.07347e-44 1.45944e-44 5.21721e-45 1.86096e-45 6.62375e-46 2.35263e-46 8.33878e-47 2.94964e-47 1.04128e-47 3.66871e-48 1.2901e-48 4.52804e-49 1.58632e-49 5.54721e-50 1.93633e-50 6.74706e-51 2.34691e-51 8.14957e-52 2.82516e-52 9.77761e-53
