0.345673 0.128983 0.0481278 0.0179581 0.0067008 0.0025003 0.000932947 0.000348115 0.000129894 4.84677e-05 1.8085e-05 6.74813e-06 2.51796e-06 9.39536e-07 3.50573e-07 1.30811e-07 4.881e-08 1.82127e-08 6.79578e-09 2.53574e-09 9.46172e-10 3.53049e-10 1.31735e-10 4.91548e-11 1.83413e-11 6.84378e-12 2.55365e-12 9.52854e-13 3.55543e-13 1.32665e-13 4.95019e-14 1.84709e-14 6.89211e-15 2.57168e-15 9.59584e-16 3.58054e-16 1.33602e-16 4.98515e-17 1.86013e-17 6.94079e-18 2.58985e-18 9.66361e-19 3.60582e-19 1.34546e-19 5.02036e-20 1.87327e-20 6.98981e-21 2.60814e-21 9.73186e-22 3.63129e-22 1.35496e-22 5.05582e-23 1.8865e-23 7.03918e-24 2.62656e-24 9.80059e-25 3.65694e-25 1.36453e-25 5.09152e-26 1.89982e-26 7.08889e-27 2.64511e-27 9.86981e-28 3.68276e-28 1.37417e-28 5.12748e-29 1.91324e-29 7.13896e-30 2.66379e-30 9.93951e-31 3.70877e-31 1.38387e-31 5.1637e-32 1.92675e-32 7.18937e-33 2.6826e-33 1.00097e-33 3.73497e-34 1.39364e-34 5.20017e-35 1.94036e-35 7.24015e-36 2.70155e-36 1.00804e-36 3.76134e-37 1.40349e-37 5.23689e-38 1.95406e-38 7.29128e-39 2.72063e-39 1.01516e-39 3.78791e-40 1.4134e-40 5.27388e-41 1.96786e-41 7.34278e-42 2.73984e-42 1.02233e-42 3.81466e-43 1.42338e-43 5.31112e-44
0.128983 0.0644738 0.0301566 0.0135283 0.00589706 0.00251726 0.00105751 0.000438709 0.000180159 7.33657e-05 2.96672e-05 1.1925e-05 4.76874e-06 1.89845e-06 7.52804e-07 2.97475e-07 1.17184e-07 4.60334e-08 1.80379e-08 7.0519e-09 2.75121e-09 1.07131e-09 4.16439e-10 1.61617e-10 6.26292e-11 2.42364e-11 9.36706e-12 3.61593e-12 1.39428e-12 5.37068e-13 2.06672e-13 7.94572e-14 3.05216e-14 1.17146e-14 4.49272e-15 1.72176e-15 6.59381e-16 2.52355e-16 9.65198e-17 3.68944e-17 1.40948e-17 5.38172e-18 2.0538e-18 7.83394e-19 2.98674e-19 1.13819e-19 4.33557e-20 1.6508e-20 6.28305e-21 2.39044e-21 9.09127e-22 3.45634e-22 1.31359e-22 4.99064e-23 1.89547e-23 7.19684e-24 2.73173e-24 1.0366e-24 3.93242e-25 1.4914e-25 5.65475e-26 2.1435e-26 8.12323e-27 3.07773e-27 1.16582e-27 4.41506e-28 1.67166e-28 6.32799e-29 2.39495e-29 9.06234e-30 3.42847e-30 1.29682e-30 4.90431e-31 1.85439e-31 7.01046e-32 2.64984e-32 1.00143e-32 3.78402e-33 1.42961e-33 5.40026e-34 2.03961e-34 7.70225e-35 2.90821e-35 1.09793e-35 4.14442e-36 1.56421e-36 5.90297e-37 2.22736e-37 8.40347e-38 3.1701e-38 1.19574e-38 4.50971e-39 1.70064e-39 6.41251e-40 2.41767e-40 9.1142e-41 3.43554e-41 1.29487e-41 4.87997e-42 1.83892e-42 6.92895e-43
0.0481278 0.0301566 0.0165771 0.00846069 0.00411355 0.001932 0.000884045 0.000396336 0.000174774 7.60253e-05 3.26921e-05 1.39205e-05 5.8772e-06 2.46291e-06 1.02535e-06 4.24376e-07 1.74724e-07 7.15981e-08 2.92138e-08 1.18736e-08 4.80864e-09 1.94106e-09 7.81165e-10 3.13496e-10 1.25486e-10 5.01083e-11 1.99639e-11 7.93723e-12 3.14945e-12 1.24737e-12 4.93176e-13 1.94667e-13 7.67202e-14 3.01918e-14 1.18649e-14 4.6566e-15 1.82527e-15 7.14609e-16 2.79458e-16 1.09168e-16 4.26013e-17 1.66082e-17 6.46863e-18 2.51715e-18 9.78654e-19 3.80178e-19 1.4757e-19 5.72371e-20 2.21838e-20 8.5918e-21 3.32534e-21 1.28618e-21 4.97154e-22 1.9205e-22 7.41444e-23 2.86085e-23 1.10324e-23 4.2522e-24 1.63807e-24 6.30713e-25 2.42728e-25 9.33694e-26 3.58996e-26 1.37969e-26 5.30014e-27 2.03522e-27 7.81191e-28 2.99732e-28 1.14958e-28 4.40745e-29 1.68918e-29 6.47156e-30 2.47853e-30 9.48926e-31 3.63186e-31 1.38959e-31 5.31507e-32 2.03236e-32 7.76895e-33 2.96892e-33 1.13426e-33 4.33219e-34 1.65419e-34 6.31463e-35 2.4099e-35 9.19478e-36 3.50733e-36 1.33754e-36 5.09961e-37 1.94386e-37 7.40793e-38 2.82249e-38 1.07516e-38 4.0947e-39 1.55913e-39 5.93544e-40 2.25911e-40 8.59681e-41 3.2708e-41 1.2442e-41 4.73199e-42
0.0179581 0.0135283 0.00846069 0.00478982 0.00254426 0.00129204 0.000634339 0.000303299 0.000141946 6.52634e-05 2.95606e-05 1.32185e-05 5.84539e-06 2.55975e-06 1.11128e-06 4.78733e-07 2.04809e-07 8.70726e-08 3.68076e-08 1.54786e-08 6.4782e-09 2.6994e-09 1.12025e-09 4.63159e-10 1.9082e-10 7.83613e-11 3.20815e-11 1.30968e-11 5.33228e-12 2.16553e-12 8.77367e-13 3.54669e-13 1.43068e-13 5.75954e-14 2.31422e-14 9.28178e-15 3.71629e-15 1.4855e-15 5.92864e-16 2.36258e-16 9.40149e-17 3.73604e-17 1.48271e-17 5.87701e-18 2.32665e-18 9.20032e-19 3.63405e-19 1.43388e-19 5.6518e-20 2.22551e-20 8.75499e-21 3.44097e-21 1.35119e-21 5.30128e-22 2.07817e-22 8.14016e-23 3.186e-23 1.24604e-23 4.86965e-24 1.90177e-24 7.42196e-25 2.89461e-25 1.12819e-25 4.39439e-26 1.71061e-26 6.65499e-27 2.58757e-27 1.00553e-27 3.90534e-28 1.51598e-28 5.8817e-29 2.28083e-29 8.84039e-30 3.42485e-30 1.3262e-30 5.13309e-31 1.98589e-31 7.67972e-32 2.96859e-32 1.14704e-32 4.43025e-33 1.71044e-33 6.60116e-34 2.54665e-34 9.82107e-35 3.78609e-35 1.45905e-35 5.62084e-36 2.16464e-36 8.33346e-37 3.20719e-37 1.23392e-37 4.74585e-38 1.82478e-38 7.01415e-39 2.69534e-39 1.03545e-39 3.97668e-40 1.52684e-40 5.8607e-41 2.249e-41
0.0067008 0.00589706 0.00411355 0.00254426 0.00145832 0.000792327 0.000413546 0.000209157 0.000103123 4.97798e-05 2.36042e-05 1.1022e-05 5.07845e-06 2.31264e-06 1.04223e-06 4.65351e-07 2.06044e-07 9.05414e-08 3.95127e-08 1.7135e-08 7.38775e-09 3.16824e-09 1.352e-09 5.74299e-10 2.42908e-10 1.02332e-10 4.29497e-11 1.79633e-11 7.48821e-12 3.11188e-12 1.28942e-12 5.328e-13 2.19581e-13 9.027e-14 3.70225e-14 1.515e-14 6.18627e-15 2.52092e-15 1.02528e-15 4.16214e-16 1.68662e-16 6.82301e-17 2.75565e-17 1.1112e-17 4.47406e-18 1.7988e-18 7.22205e-19 2.8957e-19 1.15954e-19 4.63742e-20 1.85244e-20 7.39109e-21 2.94568e-21 1.17271e-21 4.66381e-22 1.85289e-22 7.35417e-23 2.9161e-23 1.15524e-23 4.57248e-24 1.80824e-24 7.14484e-25 2.82081e-25 1.11278e-25 4.38644e-26 1.72778e-26 6.80056e-27 2.67481e-27 1.05134e-27 4.1295e-28 1.62094e-28 6.35857e-29 2.49276e-29 9.76647e-30 3.82417e-30 1.49653e-30 5.85312e-31 2.28797e-31 8.9388e-32 3.49043e-32 1.36225e-32 5.31391e-33 2.07185e-33 8.07411e-34 3.14504e-34 1.2245e-34 4.76535e-35 1.8537e-35 7.2077e-36 2.80137e-36 1.08834e-36 4.22651e-37 1.64069e-37 6.36652e-38 2.46952e-38 9.57544e-39 3.71147e-39 1.43806e-39 5.56999e-40 2.15666e-40 8.34756e-41
0.0025003 0.00251726 0.001932 0.00129204 0.000792327 0.000457208 0.00025206 0.000134074 6.92758e-05 3.49424e-05 1.72689e-05 8.38608e-06 4.0107e-06 1.89253e-06 8.82432e-07 4.07079e-07 1.85992e-07 8.42401e-08 3.78518e-08 1.68846e-08 7.48142e-09 3.29451e-09 1.44248e-09 6.28223e-10 2.72247e-10 1.17435e-10 5.04364e-11 2.15734e-11 9.19229e-12 3.90263e-12 1.65122e-12 6.96381e-13 2.9279e-13 1.22744e-13 5.13148e-14 2.13964e-14 8.89911e-15 3.69243e-15 1.52856e-15 6.31396e-16 2.60261e-16 1.07064e-16 4.39585e-17 1.80151e-17 7.36981e-18 3.00977e-18 1.22714e-18 4.99537e-19 2.03037e-19 8.24028e-20 3.33957e-20 1.35158e-20 5.46278e-21 2.2051e-21 8.88999e-22 3.57974e-22 1.43977e-22 5.78423e-23 2.32124e-23 9.30536e-24 3.72646e-24 1.49082e-24 5.95838e-25 2.37914e-25 9.49101e-26 3.78282e-26 1.5064e-26 5.99369e-27 2.38281e-27 9.46533e-28 3.75699e-28 1.49009e-28 5.90556e-29 2.3388e-29 9.25583e-30 3.66047e-30 1.44665e-30 5.71354e-31 2.25509e-31 8.89508e-32 3.50644e-32 1.38141e-32 5.43901e-33 2.14026e-33 8.41723e-34 3.3085e-34 1.29974e-34 5.10333e-35 2.00274e-35 7.85551e-36 3.07969e-36 1.20678e-36 4.72652e-37 1.85033e-37 7.24034e-38 2.83186e-38 1.10711e-38 4.32637e-39 1.68993e-39 6.59833e-40 2.57525e-40
0.000932947 0.00105751 0.000884045 0.000634339 0.000413546 0.00025206 0.000146068 8.13556e-05 4.38787e-05 2.30415e-05 1.18285e-05 5.95503e-06 2.94752e-06 1.43724e-06 6.91546e-07 3.28802e-07 1.5466e-07 7.20412e-08 3.32597e-08 1.52304e-08 6.92215e-09 3.12433e-09 1.40113e-09 6.24596e-10 2.76883e-10 1.22103e-10 5.3583e-11 2.34062e-11 1.01801e-11 4.4096e-12 1.90268e-12 8.17984e-13 3.50441e-13 1.49642e-13 6.36986e-14 2.70339e-14 1.14406e-14 4.82845e-15 2.03253e-15 8.53463e-16 3.57517e-16 1.49422e-16 6.23133e-17 2.59316e-17 1.07696e-17 4.46395e-18 1.84682e-18 7.6268e-19 3.14414e-19 1.29398e-19 5.31677e-20 2.18114e-20 8.93428e-21 3.65423e-21 1.49249e-21 6.08736e-22 2.4795e-22 1.00864e-22 4.09791e-23 1.66287e-23 6.73964e-24 2.72845e-24 1.10334e-24 4.45684e-25 1.7984e-25 7.24932e-26 2.91926e-26 1.17442e-26 4.7202e-27 1.89537e-27 7.60389e-28 3.04785e-28 1.22061e-28 4.88424e-29 1.95281e-29 7.80146e-30 3.11424e-30 1.24221e-30 4.95126e-31 1.97205e-31 7.84895e-32 3.12177e-32 1.24078e-32 4.92831e-33 1.95622e-33 7.75993e-34 3.07629e-34 1.21879e-34 4.8258e-35 1.90965e-35 7.55246e-36 2.98522e-36 1.1793e-36 4.65622e-37 1.83743e-37 7.24707e-38 2.85687e-38 1.12564e-38 4.43293e-39 1.74491e-39 6.86511e-40
0.000348115 0.000438709 0.000396336 0.000303299 0.000209157 0.000134074 8.13556e-05 4.72833e-05 2.65357e-05 1.44647e-05 7.69241e-06 4.00479e-06 2.04663e-06 1.02895e-06 5.09833e-07 2.49342e-07 1.20516e-07 5.763e-08 2.72904e-08 1.2808e-08 5.96169e-09 2.75387e-09 1.26312e-09 5.75548e-10 2.60644e-10 1.17359e-10 5.25579e-11 2.34183e-11 1.03847e-11 4.58429e-12 2.01508e-12 8.82178e-13 3.84726e-13 1.67171e-13 7.23868e-14 3.12407e-14 1.34403e-14 5.76483e-15 2.46553e-15 1.05155e-15 4.47304e-16 1.89788e-16 8.03295e-17 3.39205e-17 1.42912e-17 6.00801e-18 2.52048e-18 1.05526e-18 4.4095e-19 1.83909e-19 7.65642e-20 3.1819e-20 1.32011e-20 5.46785e-21 2.26117e-21 9.33636e-22 3.84922e-22 1.58466e-22 6.51463e-23 2.67454e-23 1.09655e-23 4.49004e-24 1.83622e-24 7.50014e-25 3.05983e-25 1.24688e-25 5.07529e-26 2.06358e-26 8.3814e-27 3.40063e-27 1.37836e-27 5.58126e-28 2.25779e-28 9.1248e-29 3.68437e-29 1.48632e-29 5.99071e-30 2.41252e-30 9.70732e-31 3.90275e-31 1.56781e-31 6.29322e-32 2.52417e-32 1.01167e-32 4.05169e-33 1.62152e-33 6.48484e-34 2.59165e-34 1.03504e-34 4.13096e-35 1.64763e-35 6.56739e-36 2.61609e-36 1.04146e-36 4.14357e-37 1.64758e-37 6.54739e-38 2.6004e-38 1.03221e-38 4.09506e-39 1.62374e-39
0.000129894 0.000180159 0.000174774 0.000141946 0.000103123 6.92758e-05 4.38787e-05 2.65357e-05 1.54554e-05 8.72447e-06 4.79579e-06 2.57654e-06 1.35686e-06 7.02055e-07 3.57593e-07 1.79593e-07 8.90561e-08 4.36531e-08 2.11729e-08 1.01703e-08 4.8418e-09 2.28608e-09 1.07113e-09 4.98298e-10 2.30271e-10 1.05748e-10 4.82793e-11 2.19206e-11 9.90108e-12 4.4502e-12 1.99093e-12 8.86784e-13 3.93335e-13 1.73771e-13 7.64801e-14 3.35389e-14 1.46572e-14 6.38445e-15 2.7722e-15 1.20009e-15 5.18016e-16 2.2298e-16 9.57258e-17 4.09898e-17 1.75085e-17 7.46086e-18 3.17199e-18 1.3456e-18 5.69599e-19 2.40618e-19 1.01443e-19 4.2685e-20 1.79275e-20 7.51588e-21 3.14542e-21 1.31414e-21 5.48139e-22 2.28268e-22 9.49133e-23 3.94053e-23 1.63361e-23 6.76275e-24 2.79575e-24 1.15422e-24 4.75894e-25 1.95965e-25 8.05949e-26 3.31063e-26 1.35832e-26 5.56665e-27 2.27876e-27 9.3181e-28 3.80621e-28 1.55312e-28 6.33103e-29 2.57817e-29 1.04888e-29 4.26314e-30 1.73113e-30 7.02317e-31 2.84676e-31 1.1529e-31 4.6651e-32 1.88612e-32 7.61944e-33 3.0756e-33 1.2405e-33 4.99953e-34 2.01342e-34 8.10254e-35 3.25832e-35 1.30935e-35 5.25798e-36 2.11001e-36 8.46174e-37 3.39117e-37 1.35819e-37 5.43617e-38 2.17449e-38 8.69274e-39 3.47293e-39
4.84677e-05 7.33657e-05 7.60253e-05 6.52634e-05 4.97798e-05 3.49424e-05 2.30415e-05 1.44647e-05 8.72447e-06 5.0898e-06 2.88651e-06 1.59752e-06 8.65486e-07 4.60151e-07 2.4058e-07 1.23903e-07 6.29503e-08 3.15894e-08 1.56739e-08 7.69667e-09 3.74346e-09 1.80466e-09 8.6287e-10 4.09417e-10 1.92875e-10 9.0255e-11 4.19692e-11 1.94006e-11 8.91803e-12 4.07782e-12 1.8553e-12 8.40115e-13 3.7871e-13 1.69986e-13 7.5988e-14 3.38365e-14 1.5011e-14 6.63578e-15 2.92344e-15 1.28375e-15 5.61962e-16 2.45261e-16 1.06733e-16 4.63191e-17 2.00476e-17 8.65459e-18 3.72694e-18 1.6011e-18 6.86244e-19 2.93474e-19 1.25234e-19 5.33295e-20 2.26639e-20 9.61282e-21 4.06951e-21 1.71963e-21 7.25358e-22 3.05434e-22 1.28396e-22 5.38858e-23 2.25792e-23 9.44652e-24 3.94623e-24 1.64611e-24 6.8567e-25 2.85213e-25 1.18478e-25 4.91514e-26 2.03646e-26 8.42695e-27 3.48286e-27 1.43775e-27 5.92825e-28 2.4416e-28 1.00448e-28 4.12799e-29 1.69463e-29 6.94959e-30 2.84711e-30 1.16525e-30 4.76445e-31 1.94623e-31 7.94276e-32 3.23857e-32 1.31932e-32 5.36989e-33 2.18379e-33 8.87341e-34 3.60258e-34 1.46146e-34 5.92405e-35 2.39945e-35 9.71128e-36 3.9275e-36 1.58722e-36 6.40985e-37 2.58673e-37 1.04317e-37 4.20397e-38 1.69308e-38 6.81408e-39
1.8085e-05 2.96672e-05 3.26921e-05 2.95606e-05 2.36042e-05 1.72689e-05 1.18285e-05 7.69241e-06 4.79579e-06 2.88651e-06 1.68614e-06 9.59856e-07 5.34219e-07 2.91459e-07 1.56215e-07 8.24023e-08 4.28441e-08 2.19859e-08 1.11478e-08 5.59042e-09 2.77514e-09 1.3647e-09 6.65259e-10 3.21664e-10 1.5435e-10 7.35371e-11 3.48011e-11 1.63658e-11 7.65053e-12 3.55631e-12 1.64433e-12 7.56453e-13 3.46327e-13 1.57834e-13 7.16184e-14 3.23624e-14 1.45656e-14 6.53083e-15 2.91761e-15 1.29888e-15 5.76315e-16 2.5489e-16 1.12384e-16 4.94044e-17 2.16563e-17 9.46681e-18 4.12732e-18 1.79481e-18 7.78557e-19 3.36917e-19 1.45462e-19 6.26616e-20 2.69347e-20 1.15534e-20 4.94561e-21 2.11287e-21 9.00934e-22 3.83446e-22 1.62904e-22 6.90866e-23 2.92493e-23 1.23628e-23 5.21691e-24 2.198e-24 9.24651e-25 3.884e-25 1.62911e-25 6.82345e-26 2.85403e-26 1.19214e-26 4.97306e-27 2.07187e-27 8.62101e-28 3.58278e-28 1.48718e-28 6.16593e-29 2.55351e-29 1.05631e-29 4.36484e-30 1.8017e-30 7.42918e-31 3.06023e-31 1.25931e-31 5.17707e-32 2.12626e-32 8.7245e-33 3.57654e-33 1.46485e-33 5.99425e-34 2.45075e-34 1.00114e-34 4.08624e-35 1.66647e-35 6.79077e-36 2.76501e-36 1.12496e-36 4.57348e-37 1.85794e-37 7.54213e-38 3.05945e-38 1.24018e-38
6.74813e-06 1.1925e-05 1.39205e-05 1.32185e-05 1.1022e-05 8.38608e-06 5.95503e-06 4.00479e-06 2.57654e-06 1.59752e-06 9.59856e-07 5.61283e-07 3.20518e-07 1.79233e-07 9.83696e-08 5.30895e-08 2.82199e-08 1.47943e-08 7.65846e-09 3.91867e-09 1.9837e-09 9.9425e-10 4.93746e-10 2.43093e-10 1.18725e-10 5.75483e-11 2.76976e-11 1.32419e-11 6.29097e-12 2.97095e-12 1.39515e-12 6.51653e-13 3.02831e-13 1.40048e-13 6.44684e-14 2.95461e-14 1.34842e-14 6.12909e-15 2.77517e-15 1.25192e-15 5.62755e-16 2.52104e-16 1.12568e-16 5.01047e-17 2.22341e-17 9.83758e-18 4.34039e-18 1.90978e-18 8.38092e-19 3.66854e-19 1.60186e-19 6.9778e-20 3.03256e-20 1.315e-20 5.68987e-21 2.45676e-21 1.05861e-21 4.55247e-22 1.95398e-22 8.37108e-23 3.57973e-23 1.52809e-23 6.51179e-24 2.77027e-24 1.17661e-24 4.98946e-25 2.11251e-25 8.93074e-26 3.76994e-26 1.58912e-26 6.68908e-27 2.81178e-27 1.18036e-27 4.94855e-28 2.07198e-28 8.66466e-29 3.61898e-29 1.50973e-29 6.29082e-30 2.61828e-30 1.08853e-30 4.5205e-31 1.87528e-31 7.77122e-32 3.2171e-32 1.33046e-32 5.49678e-33 2.26879e-33 9.35548e-34 3.85419e-34 1.58636e-34 6.52351e-35 2.68026e-35 1.10027e-35 4.51284e-36 1.84944e-36 7.57309e-37 3.09855e-37 1.26677e-37 5.17492e-38 2.1124e-38
2.51796e-06 4.76874e-06 5.8772e-06 5.84539e-06 5.07845e-06 4.0107e-06 2.94752e-06 2.04663e-06 1.35686e-06 8.65486e-07 5.34219e-07 3.20518e-07 1.87587e-07 1.07404e-07 6.03022e-08 3.3266e-08 1.80614e-08 9.665e-09 5.10376e-09 2.66244e-09 1.37334e-09 7.01045e-10 3.54404e-10 1.77551e-10 8.82001e-11 4.3468e-11 2.12632e-11 1.03285e-11 4.9838e-12 2.38979e-12 1.13913e-12 5.39931e-13 2.54549e-13 1.19395e-13 5.57294e-14 2.58919e-14 1.1976e-14 5.51588e-15 2.53016e-15 1.15607e-15 5.26248e-16 2.38689e-16 1.07887e-16 4.86024e-17 2.18248e-17 9.77008e-18 4.36061e-18 1.94063e-18 8.61249e-19 3.81192e-19 1.68277e-19 7.40988e-20 3.25488e-20 1.42636e-20 6.23629e-21 2.72054e-21 1.18425e-21 5.14422e-22 2.23002e-22 9.64797e-23 4.16606e-23 1.79556e-23 7.72465e-24 3.31731e-24 1.42213e-24 6.0864e-25 2.60055e-25 1.10936e-25 4.725e-26 2.0094e-26 8.53262e-27 3.61798e-27 1.5319e-27 6.47729e-28 2.73505e-28 1.15335e-28 4.85725e-29 2.043e-29 8.58239e-30 3.60097e-30 1.50908e-30 6.31684e-31 2.64114e-31 1.10305e-31 4.60178e-32 1.91773e-32 7.98351e-33 3.3201e-33 1.37933e-33 5.72473e-34 2.37366e-34 9.83254e-35 4.06917e-35 1.68247e-35 6.95015e-36 2.86851e-36 1.18288e-36 4.87361e-37 2.0063e-37 8.25244e-38 3.39168e-38
9.39536e-07 1.89845e-06 2.46291e-06 2.55975e-06 2.31264e-06 1.89253e-06 1.43724e-06 1.02895e-06 7.02055e-07 4.60151e-07 2.91459e-07 1.79233e-07 1.07404e-07 6.29051e-08 3.60979e-08 2.03378e-08 1.12695e-08 6.15078e-09 3.31083e-09 1.75958e-09 9.24213e-10 4.80172e-10 2.46954e-10 1.25812e-10 6.35311e-11 3.18157e-11 1.5809e-11 7.79782e-12 3.81964e-12 1.85873e-12 8.98884e-13 4.32137e-13 2.06584e-13 9.82301e-14 4.64702e-14 2.18769e-14 1.02511e-14 4.78211e-15 2.22132e-15 1.02759e-15 4.73499e-16 2.17358e-16 9.94145e-17 4.53108e-17 2.0582e-17 9.31879e-18 4.20597e-18 1.89259e-18 8.49125e-19 3.79889e-19 1.69492e-19 7.54203e-20 3.34742e-20 1.482e-20 6.5454e-21 2.88406e-21 1.2679e-21 5.56162e-22 2.43436e-22 1.06331e-22 4.63502e-23 2.01643e-23 8.75546e-24 3.79454e-24 1.64152e-24 7.08859e-25 3.05576e-25 1.31505e-25 5.64999e-26 2.42355e-26 1.03794e-26 4.43841e-27 1.89509e-27 8.07965e-28 3.4398e-28 1.4624e-28 6.20869e-29 2.63241e-29 1.11464e-29 4.71367e-30 1.99084e-30 8.39807e-31 3.53832e-31 1.48903e-31 6.25898e-32 2.62792e-32 1.10214e-32 4.61728e-33 1.93228e-33 8.07792e-34 3.3735e-34 1.40742e-34 5.86588e-35 2.44242e-35 1.01599e-35 4.22235e-36 1.75314e-36 7.27252e-37 3.01416e-37 1.24815e-37 5.16408e-38
3.50573e-07 7.52804e-07 1.02535e-06 1.11128e-06 1.04223e-06 8.82432e-07 6.91546e-07 5.09833e-07 3.57593e-07 2.4058e-07 1.56215e-07 9.83696e-08 6.03022e-08 3.60979e-08 2.11551e-08 1.21635e-08 6.87376e-09 3.82376e-09 2.09665e-09 1.13449e-09 6.06392e-10 3.2046e-10 1.67574e-10 8.6767e-11 4.45139e-11 2.264e-11 1.14215e-11 5.71786e-12 2.84182e-12 1.40275e-12 6.87924e-13 3.35288e-13 1.6246e-13 7.82785e-14 3.75166e-14 1.78892e-14 8.48871e-15 4.00929e-15 1.88518e-15 8.82621e-16 4.11536e-16 1.91128e-16 8.84269e-17 4.07618e-17 1.87235e-17 8.57119e-18 3.91081e-18 1.77874e-18 8.06539e-19 3.64627e-19 1.6437e-19 7.38907e-20 3.31272e-20 1.48131e-20 6.607e-21 2.93964e-21 1.30481e-21 5.7782e-22 2.55304e-22 1.12556e-22 4.95172e-23 2.17391e-23 9.5246e-24 4.16484e-24 1.81767e-24 7.91811e-25 3.44299e-25 1.49443e-25 6.47537e-26 2.80102e-26 1.20962e-26 5.21534e-27 2.24507e-27 9.64954e-28 4.14122e-28 1.77464e-28 7.59391e-29 3.24495e-29 1.38469e-29 5.90074e-30 2.51124e-30 1.06735e-30 4.53078e-31 1.92087e-31 8.13384e-32 3.44012e-32 1.45326e-32 6.13213e-33 2.58459e-33 1.08816e-33 4.57635e-34 1.92258e-34 8.06857e-35 3.38269e-35 1.41674e-35 5.92772e-36 2.47778e-36 1.03472e-36 4.31693e-37 1.7994e-37 7.49349e-38
1.30811e-07 2.97475e-07 4.24376e-07 4.78733e-07 4.65351e-07 4.07079e-07 3.28802e-07 2.49342e-07 1.79593e-07 1.23903e-07 8.24023e-08 5.30895e-08 3.3266e-08 2.03378e-08 1.21635e-08 7.1322e-09 4.10777e-09 2.32754e-09 1.29925e-09 7.15342e-10 3.88877e-10 2.08925e-10 1.11021e-10 5.83944e-11 3.04211e-11 1.57062e-11 8.04071e-12 4.08368e-12 2.05843e-12 1.0302e-12 5.12121e-13 2.52948e-13 1.24176e-13 6.06058e-14 2.94157e-14 1.42017e-14 6.82182e-15 3.26099e-15 1.55159e-15 7.34961e-16 3.46648e-16 1.62825e-16 7.6178e-17 3.55041e-17 1.64865e-17 7.62839e-18 3.51762e-18 1.61669e-18 7.40648e-19 3.38261e-19 1.54025e-19 6.99304e-20 3.16607e-20 1.42952e-20 6.43738e-21 2.89143e-21 1.29548e-21 5.79027e-22 2.58192e-22 1.14866e-22 5.09883e-23 2.25843e-23 9.98222e-24 4.40304e-24 1.93824e-24 8.51555e-25 3.73413e-25 1.6344e-25 7.14069e-26 3.11424e-26 1.35585e-26 5.89301e-27 2.55709e-27 1.10778e-27 4.79154e-28 2.06931e-28 8.92323e-29 3.84217e-29 1.65197e-29 7.09273e-30 3.04104e-30 1.30209e-30 5.56781e-31 2.37772e-31 1.0141e-31 4.31974e-32 1.83781e-32 7.80946e-33 3.31458e-33 1.40518e-33 5.95033e-34 2.51689e-34 1.06344e-34 4.48842e-35 1.8924e-35 7.97047e-36 3.35359e-36 1.40962e-36 5.91923e-37 2.48318e-37 1.04073e-37
4.881e-08 1.17184e-07 1.74724e-07 2.04809e-07 2.06044e-07 1.85992e-07 1.5466e-07 1.20516e-07 8.90561e-08 6.29503e-08 4.28441e-08 2.82199e-08 1.80614e-08 1.12695e-08 6.87376e-09 4.10777e-09 2.40975e-09 1.38997e-09 7.89442e-10 4.42031e-10 2.4427e-10 1.33349e-10 7.19737e-11 3.84373e-11 2.03246e-11 1.06473e-11 5.52909e-12 2.84758e-12 1.45514e-12 7.3811e-13 3.71785e-13 1.86024e-13 9.24897e-14 4.57082e-14 2.24591e-14 1.09749e-14 5.33482e-15 2.58018e-15 1.24188e-15 5.94972e-16 2.83777e-16 1.34771e-16 6.37419e-17 3.00281e-17 1.40919e-17 6.58878e-18 3.06968e-18 1.42523e-18 6.5952e-19 3.0421e-19 1.39883e-19 6.41271e-20 2.93122e-20 1.33605e-20 6.07292e-21 2.75304e-21 1.2448e-21 5.61423e-22 2.5259e-22 1.13372e-22 5.07673e-23 2.26821e-23 1.01117e-23 4.49817e-24 1.99682e-24 8.84621e-25 3.91122e-25 1.72594e-25 7.60181e-26 3.34199e-26 1.4666e-26 6.42467e-27 2.80959e-27 1.2266e-27 5.34624e-28 2.32645e-28 1.01078e-28 4.38479e-29 1.89927e-29 8.2145e-30 3.54771e-30 1.53003e-30 6.58943e-31 2.83404e-31 1.21726e-31 5.22147e-32 2.2369e-32 9.57088e-33 4.08999e-33 1.74569e-33 7.44208e-34 3.16895e-34 1.34784e-34 5.7263e-35 2.43012e-35 1.03018e-35 4.36246e-36 1.84543e-36 7.79855e-37 3.29224e-37 1.38847e-37
1.82127e-08 4.60334e-08 7.15981e-08 8.70726e-08 9.05414e-08 8.42401e-08 7.20412e-08 5.763e-08 4.36531e-08 3.15894e-08 2.19859e-08 1.47943e-08 9.665e-09 6.15078e-09 3.82376e-09 2.32754e-09 1.38997e-09 8.15733e-10 4.7115e-10 2.68156e-10 1.50563e-10 8.34784e-11 4.57442e-11 2.47936e-11 1.33011e-11 7.06732e-12 3.72122e-12 1.94269e-12 1.00603e-12 5.17012e-13 2.63777e-13 1.33654e-13 6.72784e-14 3.36555e-14 1.67358e-14 8.27487e-15 4.06919e-15 1.99061e-15 9.68929e-16 4.69364e-16 2.2632e-16 1.08644e-16 5.19321e-17 2.47216e-17 1.17218e-17 5.53667e-18 2.60554e-18 1.22178e-18 5.70941e-19 2.65911e-19 1.23446e-19 5.71289e-20 2.63582e-20 1.21254e-20 5.56202e-21 2.54428e-21 1.16071e-21 5.28139e-22 2.39698e-22 1.08519e-22 4.90116e-23 2.20837e-23 9.92778e-24 4.45313e-24 1.99313e-24 8.90194e-25 3.96769e-25 1.76488e-25 7.83502e-26 3.4716e-26 1.53534e-26 6.77774e-27 2.98666e-27 1.31379e-27 5.76932e-28 2.52927e-28 1.10701e-28 4.83743e-29 2.11055e-29 9.19407e-30 3.99914e-30 1.73694e-30 7.53312e-31 3.26249e-31 1.41098e-31 6.094e-32 2.62847e-32 1.13223e-32 4.87089e-33 2.09283e-33 8.98095e-34 3.8493e-34 1.64787e-34 7.04623e-35 3.00947e-35 1.2839e-35 5.47129e-36 2.32902e-36 9.90357e-37 4.2068e-37 1.78509e-37
6.79578e-09 1.80379e-08 2.92138e-08 3.68076e-08 3.95127e-08 3.78518e-08 3.32597e-08 2.72904e-08 2.11729e-08 1.56739e-08 1.11478e-08 7.65846e-09 5.10376e-09 3.31083e-09 2.09665e-09 1.29925e-09 7.89442e-10 4.7115e-10 2.76604e-10 1.5995e-10 9.12083e-11 5.13386e-11 2.85497e-11 1.56984e-11 8.54115e-12 4.60113e-12 2.45557e-12 1.299e-12 6.81474e-13 3.54699e-13 1.8324e-13 9.39916e-14 4.7887e-14 2.42406e-14 1.21953e-14 6.09942e-15 3.03345e-15 1.50052e-15 7.38416e-16 3.61579e-16 1.76211e-16 8.5481e-17 4.12846e-17 1.98544e-17 9.50922e-18 4.53641e-18 2.15585e-18 1.02075e-18 4.81583e-19 2.26422e-19 1.06099e-19 4.95562e-20 2.30737e-20 1.07106e-20 4.95703e-21 2.28761e-21 1.05276e-21 4.83171e-22 2.21169e-22 1.0098e-22 4.59894e-23 2.08942e-23 9.47032e-24 4.28253e-24 1.93223e-24 8.69893e-25 3.90789e-25 1.75191e-25 7.83782e-26 3.49957e-26 1.55951e-26 6.93645e-27 3.0795e-27 1.36469e-27 6.03692e-28 2.6659e-28 1.17526e-28 5.17249e-29 2.27279e-29 9.97069e-30 4.3673e-30 1.91001e-30 8.3408e-31 3.63698e-31 1.58361e-31 6.88558e-32 2.98972e-32 1.29638e-32 5.61373e-33 2.42774e-33 1.04856e-33 4.52314e-34 1.9487e-34 8.38538e-35 3.60396e-35 1.54713e-35 6.63397e-36 2.84136e-36 1.21561e-36 5.195e-37 2.21773e-37
2.53574e-09 7.0519e-09 1.18736e-08 1.54786e-08 1.7135e-08 1.68846e-08 1.52304e-08 1.2808e-08 1.01703e-08 7.69667e-09 5.59042e-09 3.91867e-09 2.66244e-09 1.75958e-09 1.13449e-09 7.15342e-10 4.42031e-10 2.68156e-10 1.5995e-10 9.39344e-11 5.43769e-11 3.10602e-11 1.75223e-11 9.77089e-12 5.38951e-12 2.94256e-12 1.59119e-12 8.5266e-13 4.53005e-13 2.38726e-13 1.24838e-13 6.48055e-14 3.34077e-14 1.71077e-14 8.70525e-15 4.40287e-15 2.21395e-15 1.1071e-15 5.50663e-16 2.72497e-16 1.34184e-16 6.57634e-17 3.2084e-17 1.55842e-17 7.53777e-18 3.631e-18 1.74219e-18 8.32734e-19 3.96567e-19 1.88181e-19 8.89884e-20 4.19408e-20 1.97028e-20 9.22684e-21 4.30774e-21 2.00519e-21 9.30701e-22 4.30771e-22 1.98837e-22 9.15373e-23 4.20317e-23 1.92514e-23 8.79602e-24 4.00934e-24 1.82326e-24 8.27255e-25 3.74514e-25 1.69184e-25 7.62665e-26 3.43095e-26 1.54036e-26 6.90198e-27 3.08668e-27 1.37782e-27 6.13899e-28 2.73036e-28 1.21221e-28 5.37266e-29 2.37721e-29 1.05009e-29 4.63113e-30 2.03919e-30 8.96504e-31 3.93538e-31 1.72493e-31 7.54956e-32 3.29949e-32 1.44e-32 6.27588e-33 2.73148e-33 1.18725e-33 5.15372e-34 2.23429e-34 9.6741e-35 4.18353e-35 1.80695e-35 7.79526e-36 3.35895e-36 1.44568e-36 6.21512e-37 2.66895e-37
9.46172e-10 2.75121e-09 4.80864e-09 6.4782e-09 7.38775e-09 7.48142e-09 6.92215e-09 5.96169e-09 4.8418e-09 3.74346e-09 2.77514e-09 1.9837e-09 1.37334e-09 9.24213e-10 6.06392e-10 3.88877e-10 2.4427e-10 1.50563e-10 9.12083e-11 5.43769e-11 3.19433e-11 1.85092e-11 1.05889e-11 5.98589e-12 3.3462e-12 1.85103e-12 1.01386e-12 5.50168e-13 2.95923e-13 1.57846e-13 8.35301e-14 4.38712e-14 2.28771e-14 1.18481e-14 6.09625e-15 3.1172e-15 1.58443e-15 8.00745e-16 4.02468e-16 2.01224e-16 1.00098e-16 4.95515e-17 2.44146e-17 1.19751e-17 5.84806e-18 2.84393e-18 1.37739e-18 6.64495e-19 3.19355e-19 1.52918e-19 7.29619e-20 3.46923e-20 1.64406e-20 7.76588e-21 3.65675e-21 1.7166e-21 8.03438e-22 3.74955e-22 1.74496e-22 8.09846e-23 3.74855e-23 1.7306e-23 7.96955e-24 3.66101e-24 1.67774e-24 7.67067e-25 3.49904e-25 1.59256e-25 7.23264e-26 3.27774e-26 1.48235e-26 6.69028e-27 3.01354e-27 1.35477e-27 6.07899e-28 2.72264e-28 1.21719e-28 5.43196e-29 2.4199e-29 1.07621e-29 4.77825e-30 2.11803e-30 9.37338e-31 4.14169e-31 1.82721e-31 8.04901e-32 3.5404e-32 1.55499e-32 6.82e-33 2.98697e-33 1.30641e-33 5.7061e-34 2.48899e-34 1.08428e-34 4.71737e-35 2.04981e-35 8.89586e-36 3.85598e-36 1.6694e-36 7.21901e-37 3.1181e-37
3.53049e-10 1.07131e-09 1.94106e-09 2.6994e-09 3.16824e-09 3.29451e-09 3.12433e-09 2.75387e-09 2.28608e-09 1.80466e-09 1.3647e-09 9.9425e-10 7.01045e-10 4.80172e-10 3.2046e-10 2.08925e-10 1.33349e-10 8.34784e-11 5.13386e-11 3.10602e-11 1.85092e-11 1.08759e-11 6.30749e-12 3.61352e-12 2.04655e-12 1.14667e-12 6.35981e-13 3.49376e-13 1.902e-13 1.0266e-13 5.49613e-14 2.91979e-14 1.53973e-14 8.06286e-15 4.19391e-15 2.16753e-15 1.11338e-15 5.68551e-16 2.88698e-16 1.45803e-16 7.32533e-17 3.66195e-17 1.8218e-17 9.02136e-18 4.44728e-18 2.18292e-18 1.067e-18 5.19439e-19 2.51888e-19 1.21685e-19 5.85698e-20 2.8091e-20 1.34266e-20 6.39606e-21 3.03704e-21 1.43754e-21 6.78357e-22 3.19157e-22 1.49725e-22 7.00421e-23 3.26763e-23 1.52036e-23 7.05557e-24 3.26599e-24 1.50807e-24 6.94678e-25 3.19244e-25 1.46374e-25 6.69622e-26 3.05665e-26 1.39229e-26 6.32859e-27 2.87075e-27 1.29962e-27 5.872e-28 2.64804e-28 1.19193e-28 5.35522e-29 2.40174e-29 1.07525e-29 4.80558e-30 2.14411e-30 9.55059e-31 4.24725e-31 1.8858e-31 8.35994e-32 3.70038e-32 1.63545e-32 7.21751e-33 3.1806e-33 1.39963e-33 6.1505e-34 2.69906e-34 1.18285e-34 5.17693e-35 2.26282e-35 9.87807e-36 4.30674e-36 1.87538e-36 8.15646e-37 3.5432e-37
1.31735e-10 4.16439e-10 7.81165e-10 1.12025e-09 1.352e-09 1.44248e-09 1.40113e-09 1.26312e-09 1.07113e-09 8.6287e-10 6.65259e-10 4.93746e-10 3.54404e-10 2.46954e-10 1.67574e-10 1.11021e-10 7.19737e-11 4.57442e-11 2.85497e-11 1.75223e-11 1.05889e-11 6.30749e-12 3.70712e-12 2.15166e-12 1.23426e-12 7.00242e-13 3.93164e-13 2.18594e-13 1.20413e-13 6.57487e-14 3.56023e-14 1.91259e-14 1.01973e-14 5.39783e-15 2.83769e-15 1.48202e-15 7.69148e-16 3.96775e-16 2.035e-16 1.03793e-16 5.26568e-17 2.6577e-17 1.33477e-17 6.67166e-18 3.31942e-18 1.64422e-18 8.10946e-19 3.9831e-19 1.94853e-19 9.49521e-20 4.60963e-20 2.22968e-20 1.07469e-20 5.16216e-21 2.47133e-21 1.1793e-21 5.60987e-22 2.66043e-22 1.25793e-22 5.93068e-23 2.78823e-23 1.30725e-23 6.11262e-24 2.85078e-24 1.32616e-24 6.15387e-25 2.84873e-25 1.31561e-25 6.06179e-26 2.78674e-26 1.27831e-26 5.85111e-27 2.67256e-27 1.21821e-27 5.54173e-28 2.516e-28 1.14009e-28 5.1564e-29 2.32783e-29 1.04899e-29 4.71864e-30 2.1189e-30 9.49864e-31 4.25096e-31 1.89934e-31 8.47261e-32 3.77353e-32 1.67806e-32 7.45084e-33 3.30336e-33 1.46242e-33 6.46489e-34 2.8539e-34 1.25809e-34 5.53853e-35 2.43497e-35 1.06911e-35 4.68799e-36 2.05305e-36 8.97983e-37 3.92285e-37
4.91548e-11 1.61617e-10 3.13496e-10 4.63159e-10 5.74299e-10 6.28223e-10 6.24596e-10 5.75548e-10 4.98298e-10 4.09417e-10 3.21664e-10 2.43093e-10 1.77551e-10 1.25812e-10 8.6767e-11 5.83944e-11 3.84373e-11 2.47936e-11 1.56984e-11 9.77089e-12 5.98589e-12 3.61352e-12 2.15166e-12 1.26488e-12 7.34687e-13 4.21941e-13 2.39762e-13 1.3488e-13 7.51605e-14 4.15071e-14 2.27271e-14 1.23434e-14 6.65225e-15 3.55874e-15 1.89044e-15 9.97479e-16 5.22929e-16 2.72456e-16 1.41115e-16 7.26736e-17 3.72221e-17 1.89643e-17 9.61316e-18 4.84921e-18 2.43459e-18 1.21675e-18 6.0543e-19 2.9997e-19 1.48014e-19 7.27438e-20 3.56133e-20 1.73701e-20 8.44138e-21 4.08786e-21 1.97284e-21 9.48954e-22 4.54983e-22 2.17461e-22 1.03619e-22 4.92277e-23 2.33196e-23 1.10156e-23 5.18921e-24 2.43799e-24 1.14243e-24 5.33971e-25 2.48959e-25 1.15793e-25 5.37291e-26 2.48731e-26 1.14886e-26 5.29475e-27 2.43492e-27 1.11739e-27 5.11712e-28 2.33866e-28 1.06671e-28 4.85609e-29 2.20648e-29 1.0007e-29 4.53018e-30 2.04716e-30 9.23476e-31 4.15866e-31 1.86961e-31 8.39128e-32 3.76012e-32 1.68222e-32 7.51428e-33 3.35139e-33 1.49248e-33 6.63665e-34 2.94685e-34 1.30662e-34 5.78533e-35 2.55806e-35 1.12954e-35 4.98101e-36 2.19362e-36 9.64823e-37 4.23821e-37
1.83413e-11 6.26292e-11 1.25486e-10 1.9082e-10 2.42908e-10 2.72247e-10 2.76883e-10 2.60644e-10 2.30271e-10 1.92875e-10 1.5435e-10 1.18725e-10 8.82001e-11 6.35311e-11 4.45139e-11 3.04211e-11 2.03246e-11 1.33011e-11 8.54115e-12 5.38951e-12 3.3462e-12 2.04655e-12 1.23426e-12 7.34687e-13 4.31979e-13 2.51078e-13 1.44355e-13 8.2148e-14 4.62961e-14 2.5852e-14 1.43103e-14 7.85584e-15 4.27859e-15 2.31275e-15 1.24116e-15 6.61502e-16 3.50241e-16 1.84271e-16 9.63625e-17 5.00988e-17 2.59007e-17 1.33184e-17 6.81293e-18 3.46769e-18 1.7565e-18 8.85579e-19 4.44477e-19 2.22114e-19 1.10528e-19 5.47762e-20 2.70392e-20 1.32963e-20 6.51403e-21 3.17981e-21 1.54678e-21 7.49859e-22 3.62319e-22 1.74504e-22 8.37836e-23 4.01041e-23 1.91395e-23 9.10784e-24 4.32193e-24 2.04525e-24 9.65278e-25 4.54384e-25 2.13347e-25 9.99238e-26 4.66869e-26 2.17615e-26 1.01199e-26 4.69545e-27 2.17377e-27 1.00417e-27 4.62894e-28 2.12937e-28 9.77549e-29 4.47879e-29 2.04802e-29 9.34715e-30 4.25805e-30 1.93617e-30 8.78814e-31 3.98184e-31 1.80102e-31 8.13234e-32 3.66597e-32 1.64988e-32 7.41345e-33 3.32585e-33 1.48975e-33 6.66292e-34 2.97555e-34 1.32688e-34 5.90844e-35 2.62722e-35 1.16659e-35 5.17299e-36 2.29077e-36 1.01309e-36 4.47453e-37
6.84378e-12 2.42364e-11 5.01083e-11 7.83613e-11 1.02332e-10 1.17435e-10 1.22103e-10 1.17359e-10 1.05748e-10 9.0255e-11 7.35371e-11 5.75483e-11 4.3468e-11 3.18157e-11 2.264e-11 1.57062e-11 1.06473e-11 7.06732e-12 4.60113e-12 2.94256e-12 1.85103e-12 1.14667e-12 7.00242e-13 4.21941e-13 2.51078e-13 1.47655e-13 8.58743e-14 4.94226e-14 2.81631e-14 1.58983e-14 8.89498e-15 4.93459e-15 2.71547e-15 1.48282e-15 8.03771e-16 4.32629e-16 2.31296e-16 1.2286e-16 6.48574e-17 3.40343e-17 1.77576e-17 9.21416e-18 4.75574e-18 2.44205e-18 1.2478e-18 6.3454e-19 3.21196e-19 1.61862e-19 8.12162e-20 4.05813e-20 2.01953e-20 1.00108e-20 4.9435e-21 2.43217e-21 1.19233e-21 5.82482e-22 2.83594e-22 1.3762e-22 6.6569e-23 3.21002e-23 1.5432e-23 7.39694e-24 3.53532e-24 1.68494e-24 8.00841e-25 3.79618e-25 1.79479e-25 8.46391e-26 3.98151e-26 1.86839e-26 8.74687e-27 4.08535e-27 1.90378e-27 8.85198e-28 4.10694e-28 1.90139e-28 8.78451e-29 4.05021e-29 1.86367e-29 8.55875e-30 3.92299e-30 1.79476e-30 8.19588e-31 3.73592e-31 1.69992e-31 7.72157e-32 3.50138e-32 1.58506e-32 7.16366e-33 3.23239e-33 1.45621e-33 6.55007e-34 2.94173e-34 1.31919e-34 5.90703e-35 2.64119e-35 1.17926e-35 5.25786e-36 2.34104e-36 1.04092e-36 4.62218e-37
2.55365e-12 9.36706e-12 1.99639e-11 3.20815e-11 4.29497e-11 5.04364e-11 5.3583e-11 5.25579e-11 4.82793e-11 4.19692e-11 3.48011e-11 2.76976e-11 2.12632e-11 1.5809e-11 1.14215e-11 8.04071e-12 5.52909e-12 3.72122e-12 2.45557e-12 1.59119e-12 1.01386e-12 6.35981e-13 3.93164e-13 2.39762e-13 1.44355e-13 8.58743e-14 5.05096e-14 2.93927e-14 1.6932e-14 9.66075e-15 5.46206e-15 3.06152e-15 1.7019e-15 9.38663e-16 5.13829e-16 2.79255e-16 1.50728e-16 8.08192e-17 4.30609e-17 2.28038e-17 1.20057e-17 6.28517e-18 3.27258e-18 1.69507e-18 8.73558e-19 4.47998e-19 2.28672e-19 1.1619e-19 5.87772e-20 2.96069e-20 1.48518e-20 7.42029e-21 3.69294e-21 1.83097e-21 9.04479e-22 4.45211e-22 2.18388e-22 1.06764e-22 5.20236e-23 2.5269e-23 1.22356e-23 5.90672e-24 2.84306e-24 1.36451e-24 6.53049e-25 3.11693e-25 1.4837e-25 7.04421e-26 3.33588e-26 1.57582e-26 7.42587e-27 3.49102e-27 1.63737e-27 7.6622e-28 3.5776e-28 1.6668e-28 7.74903e-29 3.59504e-29 1.66445e-29 7.69069e-30 3.54656e-30 1.63234e-30 7.49885e-31 3.43853e-31 1.57385e-31 7.1908e-32 3.27968e-32 1.49328e-32 6.78761e-33 3.08016e-33 1.39548e-33 6.31222e-34 2.85074e-34 1.28548e-34 5.78777e-35 2.60203e-35 1.16809e-35 5.23621e-36 2.34391e-36 1.04776e-36 4.6772e-37
9.52854e-13 3.61593e-12 7.93723e-12 1.30968e-11 1.79633e-11 2.15734e-11 2.34062e-11 2.34183e-11 2.19206e-11 1.94006e-11 1.63658e-11 1.32419e-11 1.03285e-11 7.79782e-12 5.71786e-12 4.08368e-12 2.84758e-12 1.94269e-12 1.299e-12 8.5266e-13 5.50168e-13 3.49376e-13 2.18594e-13 1.3488e-13 8.2148e-14 4.94226e-14 2.93927e-14 1.72909e-14 1.00673e-14 5.80446e-15 3.31569e-15 1.87737e-15 1.05406e-15 5.87079e-16 3.24484e-16 1.78033e-16 9.69967e-17 5.2491e-17 2.8223e-17 1.50807e-17 8.01024e-18 4.23029e-18 2.2217e-18 1.1606e-18 6.03164e-19 3.11908e-19 1.60519e-19 8.22252e-20 4.19301e-20 2.12888e-20 1.07632e-20 5.41937e-21 2.71788e-21 1.3578e-21 6.7579e-22 3.35124e-22 1.65601e-22 8.15498e-23 4.00247e-23 1.95802e-23 9.54827e-24 4.64182e-24 2.24979e-24 1.08722e-24 5.23899e-25 2.51745e-25 1.20639e-25 5.76575e-26 2.74848e-26 1.30684e-26 6.19826e-27 2.93266e-27 1.38426e-27 6.51876e-28 3.06282e-28 1.43585e-28 6.71659e-29 3.13516e-29 1.46036e-29 6.78846e-30 3.14925e-30 1.4581e-30 6.73794e-31 3.10773e-31 1.43071e-31 6.57459e-32 3.01583e-32 1.38096e-32 6.31258e-33 2.88069e-33 1.31239e-33 5.96925e-34 2.71068e-34 1.229e-34 5.56355e-35 2.51472e-35 1.13495e-35 5.11472e-36 2.30165e-36 1.03427e-36 4.64112e-37
3.55543e-13 1.39428e-12 3.14945e-12 5.33228e-12 7.48821e-12 9.19229e-12 1.01801e-11 1.03847e-11 9.90108e-12 8.91803e-12 7.65053e-12 6.29097e-12 4.9838e-12 3.81964e-12 2.84182e-12 2.05843e-12 1.45514e-12 1.00603e-12 6.81474e-13 4.53005e-13 2.95923e-13 1.902e-13 1.20413e-13 7.51605e-14 4.62961e-14 2.81631e-14 1.6932e-14 1.00673e-14 5.92317e-15 3.45037e-15 1.99098e-15 1.13856e-15 6.45535e-16 3.63018e-16 2.02553e-16 1.12176e-16 6.16809e-17 3.36834e-17 1.82733e-17 9.85065e-18 5.27796e-18 2.81138e-18 1.48907e-18 7.84415e-19 4.11046e-19 2.14303e-19 1.11182e-19 5.74082e-20 2.95066e-20 1.50984e-20 7.69249e-21 3.9029e-21 1.97217e-21 9.92639e-22 4.97709e-22 2.48625e-22 1.2375e-22 6.13788e-23 3.03393e-23 1.49467e-23 7.33967e-24 3.59282e-24 1.7533e-24 8.53046e-25 4.13824e-25 2.00179e-25 9.65621e-26 4.64529e-26 2.22875e-26 1.06655e-26 5.09091e-27 2.42399e-27 1.15135e-27 5.45575e-28 2.57922e-28 1.21656e-28 5.72545e-29 2.68866e-29 1.25989e-29 5.8914e-30 2.74923e-30 1.28035e-30 5.95098e-31 2.76062e-31 1.2782e-31 5.90718e-32 2.725e-32 1.25479e-32 5.76782e-33 2.64667e-33 1.2124e-33 5.54459e-34 2.5315e-34 1.15395e-34 5.25176e-35 2.38641e-35 1.08273e-35 4.90503e-36 2.2188e-36 1.00222e-36 4.52044e-37
1.32665e-13 5.37068e-13 1.24737e-12 2.16553e-12 3.11188e-12 3.90263e-12 4.4096e-12 4.58429e-12 4.4502e-12 4.07782e-12 3.55631e-12 2.97095e-12 2.38979e-12 1.85873e-12 1.40275e-12 1.0302e-12 7.3811e-13 5.17012e-13 3.54699e-13 2.38726e-13 1.57846e-13 1.0266e-13 6.57487e-14 4.15071e-14 2.5852e-14 1.58983e-14 9.66075e-15 5.80446e-15 3.45037e-15 2.03032e-15 1.18325e-15 6.83292e-16 3.9115e-16 2.22054e-16 1.25059e-16 6.98975e-17 3.87827e-17 2.13685e-17 1.16948e-17 6.35926e-18 3.43656e-18 1.84605e-18 9.85967e-19 5.23682e-19 2.76658e-19 1.45402e-19 7.60367e-20 3.95706e-20 2.04969e-20 1.05689e-20 5.42578e-21 2.77359e-21 1.41197e-21 7.15915e-22 3.6158e-22 1.81928e-22 9.11999e-23 4.55545e-23 2.26753e-23 1.12486e-23 5.56169e-24 2.74104e-24 1.34666e-24 6.59585e-25 3.22095e-25 1.5683e-25 7.61446e-26 3.68672e-26 1.78017e-26 8.57292e-27 4.11784e-27 1.97291e-27 9.42905e-28 4.49545e-28 2.13819e-28 1.01463e-28 4.80378e-29 2.26928e-29 1.06965e-29 5.03116e-30 2.36146e-30 1.10612e-30 5.17064e-31 2.41228e-31 1.12323e-31 5.22011e-32 2.42148e-32 1.1212e-32 5.18208e-33 2.39087e-33 1.10116e-33 5.06299e-34 2.32399e-34 1.06498e-34 4.87247e-35 2.22568e-35 1.01507e-35 4.62233e-36 2.10168e-36 9.5417e-37 4.32561e-37
4.95019e-14 2.06672e-13 4.93176e-13 8.77367e-13 1.28942e-12 1.65122e-12 1.90268e-12 2.01508e-12 1.99093e-12 1.8553e-12 1.64433e-12 1.39515e-12 1.13913e-12 8.98884e-13 6.87924e-13 5.12121e-13 3.71785e-13 2.63777e-13 1.8324e-13 1.24838e-13 8.35301e-14 5.49613e-14 3.56023e-14 2.27271e-14 1.43103e-14 8.89498e-15 5.46206e-15 3.31569e-15 1.99098e-15 1.18325e-15 6.9635e-16 4.06002e-16 2.34621e-16 1.34438e-16 7.64112e-17 4.30946e-17 2.41247e-17 1.34093e-17 7.40255e-18 4.05976e-18 2.21245e-18 1.1984e-18 6.45334e-19 3.45548e-19 1.84018e-19 9.74815e-20 5.13771e-20 2.69447e-20 1.40639e-20 7.30682e-21 3.77924e-21 1.94623e-21 9.98049e-22 5.0972e-22 2.59289e-22 1.31389e-22 6.63287e-23 3.33624e-23 1.67212e-23 8.35168e-24 4.15734e-24 2.06267e-24 1.02012e-24 5.02941e-25 2.47206e-25 1.21146e-25 5.91965e-26 2.88438e-26 1.40154e-26 6.79175e-27 3.28253e-27 1.58238e-27 7.60878e-28 3.64958e-28 1.7463e-28 8.33608e-29 3.97006e-29 1.88644e-29 8.94379e-30 4.23107e-30 1.99733e-30 9.40884e-31 4.42312e-31 2.07512e-31 9.71624e-32 4.54055e-32 2.11782e-32 9.85956e-33 4.5817e-33 2.12525e-33 9.84066e-34 4.54863e-34 2.09891e-34 9.66885e-35 4.4467e-35 2.04171e-35 9.35956e-36 4.28385e-36 1.95767e-36 8.93276e-37 4.06987e-37
1.84709e-14 7.94572e-14 1.94667e-13 3.54669e-13 5.328e-13 6.96381e-13 8.17984e-13 8.82178e-13 8.86784e-13 8.40115e-13 7.56453e-13 6.51653e-13 5.39931e-13 4.32137e-13 3.35288e-13 2.52948e-13 1.86024e-13 1.33654e-13 9.39916e-14 6.48055e-14 4.38712e-14 2.91979e-14 1.91259e-14 1.23434e-14 7.85584e-15 4.93459e-15 3.06152e-15 1.87737e-15 1.13856e-15 6.83292e-16 4.06002e-16 2.38963e-16 1.39382e-16 8.06001e-17 4.62258e-17 2.63031e-17 1.48541e-17 8.328e-18 4.63673e-18 2.56435e-18 1.40913e-18 7.69542e-19 4.17755e-19 2.25481e-19 1.21028e-19 6.46144e-20 3.43177e-20 1.81354e-20 9.53732e-21 4.99206e-21 2.60107e-21 1.34928e-21 6.9693e-22 3.5848e-22 1.83646e-22 9.37109e-23 4.76361e-23 2.41249e-23 1.21737e-23 6.12134e-24 3.06746e-24 1.53199e-24 7.62635e-25 3.78438e-25 1.87208e-25 9.23287e-26 4.54009e-26 2.22606e-26 1.08839e-26 5.30677e-27 2.58052e-27 1.25152e-27 6.05407e-28 2.9212e-28 1.40605e-28 6.75137e-29 3.2341e-29 1.54563e-29 7.37009e-30 3.50648e-30 1.66465e-30 7.88575e-31 3.72779e-31 1.7586e-31 8.27948e-32 3.89026e-32 1.82436e-32 8.53907e-33 3.9893e-33 1.8603e-33 8.6593e-34 4.02356e-34 1.86629e-34 8.64179e-35 3.99479e-35 1.84359e-35 8.49424e-36 3.90741e-36 1.7946e-36 8.22946e-37 3.76801e-37
6.89211e-15 3.05216e-14 7.67202e-14 1.43068e-13 2.19581e-13 2.9279e-13 3.50441e-13 3.84726e-13 3.93335e-13 3.7871e-13 3.46327e-13 3.02831e-13 2.54549e-13 2.06584e-13 1.6246e-13 1.24176e-13 9.24897e-14 6.72784e-14 4.7887e-14 3.34077e-14 2.28771e-14 1.53973e-14 1.01973e-14 6.65225e-15 4.27859e-15 2.71547e-15 1.7019e-15 1.05406e-15 6.45535e-16 3.9115e-16 2.34621e-16 1.39382e-16 8.20456e-17 4.78736e-17 2.77012e-17 1.59008e-17 9.05736e-18 5.12135e-18 2.87538e-18 1.60344e-18 8.88321e-19 4.89048e-19 2.67606e-19 1.45579e-19 7.87489e-20 4.23662e-20 2.26726e-20 1.20716e-20 6.39564e-21 3.37226e-21 1.76988e-21 9.24718e-22 4.81037e-22 2.49175e-22 1.28541e-22 6.60451e-23 3.38024e-23 1.72349e-23 8.75526e-24 4.4317e-24 2.23538e-24 1.12371e-24 5.63006e-25 2.81167e-25 1.39972e-25 6.94672e-26 3.43723e-26 1.69574e-26 8.34186e-27 4.09209e-27 2.00186e-27 9.76691e-28 4.75268e-28 2.30676e-28 1.1168e-28 5.39357e-29 2.59855e-29 1.24899e-29 5.98934e-30 2.8656e-30 1.368e-30 6.5164e-31 3.09743e-31 1.46921e-31 6.95459e-32 3.28536e-32 1.54893e-32 7.28846e-33 3.42302e-33 1.6046e-33 7.50802e-34 3.50668e-34 1.6349e-34 7.60903e-35 3.53524e-35 1.63974e-35 7.59288e-36 3.51018e-36 1.62014e-36 7.466e-37 3.43516e-37
