0.388006 0.0955152 0.0408986 0.0188238 0.00815209 0.00325824 0.00121861 0.000433691 0.000148827 4.97189e-05 1.62788e-05 5.24858e-06 1.67202e-06 5.27573e-07 1.65175e-07 5.13819e-08 1.58976e-08 4.89616e-09 1.50197e-09 4.59166e-10 1.39947e-10 4.25394e-11 1.28997e-11 3.90333e-12 1.17882e-12 3.55379e-13 1.06964e-13 3.21457e-14 9.64313e-15 2.87423e-15 8.60603e-16
0.0955152 0.029727 0.0130832 0.00448354 0.00138573 0.000408477 0.000117789 3.36371e-05 9.57039e-06 2.72085e-06 7.7398e-07 2.2042e-07 6.28564e-08 1.79484e-08 5.13153e-09 1.46882e-09 4.20863e-10 1.20703e-10 3.46464e-11 9.95227e-12 2.86073e-12 8.22801e-13 2.36781e-13 6.81732e-14 1.96369e-14 5.65854e-15 1.6311e-15 4.70156e-16 1.35038e-16 3.72831e-17 1.07633e-17
0.0408986 0.0130832 0.00375792 0.00108583 0.000309426 8.73105e-05 2.45371e-05 6.89421e-06 1.94045e-06 5.47544e-07 1.54918e-07 4.39433e-08 1.24935e-08 3.55919e-09 1.01575e-09 2.90323e-10 8.30911e-11 2.38083e-11 6.82874e-12 1.96036e-12 5.63213e-13 1.61923e-13 4.65814e-14 1.34078e-14 3.86112e-15 1.11238e-15 3.20535e-16 9.21896e-17 2.59448e-17 7.45275e-18 2.1516e-18
0.0188238 0.00448354 0.00108583 0.000282375 7.5637e-05 2.05593e-05 5.6426e-06 1.56058e-06 4.34425e-07 1.21602e-07 3.41967e-08 9.65423e-09 2.7344e-09 7.76582e-10 2.21056e-10 6.30458e-11 1.80103e-11 5.15227e-12 1.47571e-12 4.23119e-13 1.21429e-13 3.48767e-14 1.00244e-14 2.8831e-15 8.29663e-16 2.38842e-16 6.87042e-17 1.95398e-17 5.62156e-18 1.61445e-18 4.65909e-19
0.00815209 0.00138573 0.000309426 7.5637e-05 1.94332e-05 5.13925e-06 1.38469e-06 3.78057e-07 1.04256e-07 2.8975e-08 8.10269e-09 2.27713e-09 6.42533e-10 1.81901e-10 5.16367e-11 1.46918e-11 4.1882e-12 1.19589e-12 3.41956e-13 9.78986e-14 2.80572e-14 8.04853e-15 2.31071e-15 6.63878e-16 1.90847e-16 5.48597e-17 1.56839e-17 4.51028e-18 1.29703e-18 3.72317e-19 1.07378e-19
0.00325824 0.000408477 8.73105e-05 2.05593e-05 5.13925e-06 1.33321e-06 3.54362e-07 9.57965e-08 2.622e-08 7.24418e-09 2.01608e-09 5.64315e-10 1.58686e-10 4.47905e-11 1.26816e-11 3.59981e-12 1.02407e-12 2.91861e-13 8.33126e-14 2.38144e-14 6.81531e-15 1.95247e-15 5.59865e-16 1.60665e-16 4.6125e-17 1.32119e-17 3.79601e-18 1.09096e-18 3.13538e-19 8.99493e-20 2.59228e-20
0.00121861 0.000117789 2.45371e-05 5.6426e-06 1.38469e-06 3.54362e-07 9.32501e-08 2.50184e-08 6.80703e-09 1.8716e-09 5.18763e-10 1.44702e-10 4.05671e-11 1.14197e-11 3.22553e-12 9.13627e-13 2.59397e-13 7.37966e-14 2.1031e-14 6.0025e-15 1.71543e-15 4.90805e-16 1.40565e-16 4.02873e-17 1.15399e-17 3.31152e-18 9.50744e-19 2.73047e-19 7.84191e-20 2.24831e-20 6.47456e-21
0.000433691 3.36371e-05 6.89421e-06 1.56058e-06 3.78057e-07 9.57965e-08 2.50184e-08 6.6725e-09 1.80673e-09 4.94762e-10 1.36663e-10 3.80049e-11 1.06261e-11 2.98407e-12 8.41028e-13 2.37749e-13 6.73794e-14 1.91371e-14 5.44542e-15 1.55198e-15 4.42948e-16 1.26576e-16 3.62071e-17 1.03603e-17 2.96851e-18 8.5114e-19 2.44172e-19 7.00729e-20 2.01109e-20 5.76225e-21 1.65815e-21
0.000148827 9.57039e-06 1.94045e-06 4.34425e-07 1.04256e-07 2.622e-08 6.80703e-09 1.80673e-09 4.8725e-10 1.32972e-10 3.66191e-11 1.01563e-11 2.83289e-12 7.9382e-13 2.23287e-13 6.30063e-14 1.78266e-14 5.05532e-15 1.43643e-15 4.0885e-16 1.16545e-16 3.32641e-17 9.50239e-18 2.7179e-18 7.78064e-19 2.22903e-19 6.38962e-20 1.83236e-20 5.25529e-21 1.50485e-21 4.32728e-22
4.97189e-05 2.72085e-06 5.47544e-07 1.21602e-07 2.8975e-08 7.24418e-09 1.8716e-09 4.94762e-10 1.32972e-10 3.61798e-11 9.93705e-12 2.74948e-12 7.65248e-13 2.14012e-13 6.0089e-14 1.69275e-14 4.782e-15 1.35416e-15 3.84266e-16 1.09238e-16 3.11025e-17 8.86658e-18 2.53102e-18 7.23266e-19 2.06874e-19 5.92187e-20 1.69625e-20 4.86096e-21 1.39322e-21 3.98715e-22 1.14576e-22
1.62788e-05 7.7398e-07 1.54918e-07 3.41967e-08 8.10269e-09 2.01608e-09 5.18763e-10 1.36663e-10 3.66191e-11 9.93705e-12 2.72278e-12 7.5174e-13 2.08817e-13 5.82932e-14 1.63401e-14 4.59607e-15 1.29654e-15 3.66669e-16 1.0392e-16 2.95081e-17 8.39206e-18 2.39028e-18 6.81686e-19 1.9463e-19 5.56239e-20 1.59104e-20 4.55407e-21 1.30418e-21 3.73563e-22 1.06848e-22 3.06847e-23
5.24858e-06 2.2042e-07 4.39433e-08 9.65423e-09 2.27713e-09 5.64315e-10 1.44702e-10 3.80049e-11 1.01563e-11 2.74948e-12 7.5174e-13 2.07142e-13 5.74361e-14 1.60073e-14 4.48012e-15 1.25837e-15 3.54516e-16 1.00136e-16 2.83478e-17 8.04046e-18 2.28454e-18 6.5009e-19 1.85237e-19 5.28439e-20 1.50907e-20 4.31332e-21 1.23377e-21 3.53097e-22 1.01079e-22 2.88957e-23 8.29334e-24
1.67202e-06 6.28564e-08 1.24935e-08 2.7344e-09 6.42533e-10 1.58686e-10 4.05671e-11 1.06261e-11 2.83289e-12 7.65248e-13 2.08817e-13 5.74361e-14 1.58994e-14 4.42437e-15 1.23654e-15 3.46862e-16 9.7601e-17 2.75368e-17 7.78699e-18 2.20653e-18 6.26359e-19 1.7808e-19 5.07003e-20 1.44524e-20 4.12415e-21 1.17798e-21 3.36725e-22 9.63101e-23 2.75544e-23 7.87313e-24 2.25838e-24
5.27573e-07 1.79484e-08 3.55919e-09 7.76582e-10 1.81901e-10 4.47905e-11 1.14197e-11 2.98407e-12 7.9382e-13 2.14012e-13 5.82932e-14 1.60073e-14 4.42437e-15 1.22944e-15 3.4316e-16 9.61418e-17 2.70219e-17 7.61565e-18 2.15148e-18 6.09079e-19 1.72744e-19 4.90724e-20 1.39603e-20 3.9765e-21 1.13395e-21 3.23678e-22 9.24664e-23 2.64319e-23 7.55808e-24 2.15856e-24 6.18843e-25
1.65175e-07 5.13153e-09 1.01575e-09 2.21056e-10 5.16367e-11 1.26816e-11 3.22553e-12 8.41028e-13 2.23287e-13 6.0089e-14 1.63401e-14 4.48012e-15 1.23654e-15 3.4316e-16 9.56653e-17 2.67717e-17 7.51647e-18 2.1163e-18 5.97315e-19 1.6895e-19 4.78773e-20 1.35901e-20 3.86331e-21 1.09968e-21 3.13382e-22 8.93965e-23 2.55233e-23 7.29192e-24 2.08402e-24 5.94919e-25 1.70472e-25
5.13819e-08 1.46882e-09 2.90323e-10 6.30458e-11 1.46918e-11 3.59981e-12 9.13627e-13 2.37749e-13 6.30063e-14 1.69275e-14 4.59607e-15 1.25837e-15 3.46862e-16 9.61418e-17 2.67717e-17 7.484e-18 2.09915e-18 5.90475e-19 1.66512e-19 4.70589e-20 1.33252e-20 3.77963e-21 1.0737e-21 3.05423e-22 8.69841e-23 2.47988e-23 7.07628e-24 2.02061e-24 5.77203e-25 1.64702e-25 4.7172e-26
1.58976e-08 4.20863e-10 8.30911e-11 1.80103e-11 4.1882e-12 1.02407e-12 2.59397e-13 6.73794e-14 1.78266e-14 4.782e-15 1.29654e-15 3.54516e-16 9.7601e-17 2.70219e-17 7.51647e-18 2.09915e-18 5.88231e-19 1.6532e-19 4.65814e-20 1.31544e-20 3.72206e-21 1.05501e-21 2.99504e-22 8.51432e-23 2.42343e-23 6.90522e-24 1.96934e-24 5.62058e-25 1.60481e-25 4.57737e-26 1.31039e-26
4.89616e-09 1.20703e-10 2.38083e-11 5.15227e-12 1.19589e-12 2.91861e-13 7.37966e-14 1.91371e-14 5.05532e-15 1.35416e-15 3.66669e-16 1.00136e-16 2.75368e-17 7.61565e-18 2.1163e-18 5.90475e-19 1.6532e-19 4.64243e-20 1.30706e-20 3.68835e-21 1.0429e-21 2.95413e-22 8.38118e-23 2.3812e-23 6.77378e-24 1.92906e-24 5.49883e-25 1.56864e-25 4.47685e-26 1.27642e-26 3.65249e-27
1.50197e-09 3.46464e-11 6.82874e-12 1.47571e-12 3.41956e-13 8.33126e-14 2.1031e-14 5.44542e-15 1.43643e-15 3.84266e-16 1.0392e-16 2.83478e-17 7.78699e-18 2.15148e-18 5.97315e-19 1.66512e-19 4.65814e-20 1.30706e-20 3.67725e-21 1.03695e-21 2.93011e-22 8.29467e-23 2.35189e-23 6.67824e-24 1.89874e-24 5.40455e-25 1.53984e-25 4.39065e-26 1.25254e-26 3.56987e-27 1.02109e-27
4.59166e-10 9.95227e-12 1.96036e-12 4.23119e-13 9.78986e-14 2.38144e-14 6.0025e-15 1.55198e-15 4.0885e-16 1.09238e-16 2.95081e-17 8.04046e-18 2.20653e-18 6.09079e-19 1.6895e-19 4.70589e-20 1.31544e-20 3.68835e-21 1.03695e-21 2.9222e-22 8.25208e-23 2.33464e-23 6.61597e-24 1.87761e-24 5.33564e-25 1.51799e-25 4.32299e-26 1.23211e-26 3.51347e-27 1.00101e-27 2.86205e-28
1.39947e-10 2.86073e-12 5.63213e-13 1.21429e-13 2.80572e-14 6.81531e-15 1.71543e-15 4.42948e-16 1.16545e-16 3.11025e-17 8.39206e-18 2.28454e-18 6.26359e-19 1.72744e-19 4.78773e-20 1.33252e-20 3.72206e-21 1.0429e-21 2.93011e-22 8.25208e-23 2.32895e-23 6.58524e-24 1.86514e-24 5.29056e-25 1.5027e-25 4.2732e-26 1.2164e-26 3.46545e-27 9.87817e-28 2.8134e-28 8.04082e-29
4.25394e-11 8.22801e-13 1.61923e-13 3.48767e-14 8.04853e-15 1.95247e-15 4.90805e-16 1.26576e-16 3.32641e-17 8.86658e-18 2.39028e-18 6.5009e-19 1.7808e-19 4.90724e-20 1.35901e-20 3.77963e-21 1.05501e-21 2.95413e-22 8.29467e-23 2.33464e-23 6.58524e-24 1.86102e-24 5.26827e-25 1.49364e-25 4.24047e-26 1.20532e-26 3.4296e-27 9.76682e-28 2.78296e-28 7.92352e-29 2.26374e-29
1.28997e-11 2.36781e-13 4.65814e-14 1.00244e-14 2.31071e-15 5.59865e-16 1.40565e-16 3.62071e-17 9.50239e-18 2.53102e-18 6.81686e-19 1.85237e-19 5.07003e-20 1.39603e-20 3.86331e-21 1.0737e-21 2.99504e-22 8.38118e-23 2.35189e-23 6.61597e-24 1.86514e-24 5.26827e-25 1.49064e-25 4.22425e-26 1.19874e-26 3.40587e-27 9.68708e-28 2.75763e-28 7.85477e-29 2.23567e-29 6.38502e-30
3.90333e-12 6.81732e-14 1.34078e-14 2.8831e-15 6.63878e-16 1.60665e-16 4.02873e-17 1.03603e-17 2.7179e-18 7.23266e-19 1.9463e-19 5.28439e-20 1.44524e-20 3.9765e-21 1.09968e-21 3.05423e-22 8.51432e-23 2.3812e-23 6.67824e-24 1.87761e-24 5.29056e-25 1.49364e-25 4.22425e-26 1.19655e-26 3.39407e-27 9.63939e-28 2.7406e-28 7.79884e-29 2.22063e-29 6.31857e-30 1.80395e-30
1.17882e-12 1.96369e-14 3.86112e-15 8.29663e-16 1.90847e-16 4.6125e-17 1.15399e-17 2.96851e-18 7.78064e-19 2.06874e-19 5.56239e-20 1.50907e-20 4.12415e-21 1.13395e-21 3.13382e-22 8.69841e-23 2.42343e-23 6.77378e-24 1.89874e-24 5.33564e-25 1.5027e-25 4.24047e-26 1.19874e-26 3.39407e-27 9.62352e-28 2.73208e-28 7.76477e-29 2.20881e-29 6.28726e-30 1.78845e-30 5.10436e-31
3.55379e-13 5.65854e-15 1.11238e-15 2.38842e-16 5.48597e-17 1.32119e-17 3.31152e-18 8.5114e-19 2.22903e-19 5.92187e-20 1.59104e-20 4.31332e-21 1.17798e-21 3.23678e-22 8.93965e-23 2.47988e-23 6.90522e-24 1.92906e-24 5.40455e-25 1.51799e-25 4.2732e-26 1.20532e-26 3.40587e-27 9.63939e-28 2.73208e-28 7.75338e-29 2.20278e-29 6.26406e-30 1.78246e-30 5.06891e-31 1.44624e-31
1.06964e-13 1.6311e-15 3.20535e-16 6.87042e-17 1.56839e-17 3.79601e-18 9.50744e-19 2.44172e-19 6.38962e-20 1.69625e-20 4.55407e-21 1.23377e-21 3.36725e-22 9.24664e-23 2.55233e-23 7.07628e-24 1.96934e-24 5.49883e-25 1.53984e-25 4.32299e-26 1.2164e-26 3.4296e-27 9.68708e-28 2.7406e-28 7.76477e-29 2.20278e-29 6.25612e-30 1.77848e-30 5.05918e-31 1.43833e-31 4.10256e-32
3.21457e-14 4.70156e-16 9.21896e-17 1.95398e-17 4.51028e-18 1.09096e-18 2.73047e-19 7.00729e-20 1.83236e-20 4.86096e-21 1.30418e-21 3.53097e-22 9.63101e-23 2.64319e-23 7.29192e-24 2.02061e-24 5.62058e-25 1.56864e-25 4.39065e-26 1.23211e-26 3.46545e-27 9.76682e-28 2.75763e-28 7.79884e-29 2.20881e-29 6.26406e-30 1.77848e-30 5.05427e-31 1.43735e-31 4.08536e-32 1.16494e-32
9.64313e-15 1.35038e-16 2.59448e-17 5.62156e-18 1.29703e-18 3.13538e-19 7.84191e-20 2.01109e-20 5.25529e-21 1.39322e-21 3.73563e-22 1.01079e-22 2.75544e-23 7.55808e-24 2.08402e-24 5.77203e-25 1.60481e-25 4.47685e-26 1.25254e-26 3.51347e-27 9.87817e-28 2.78296e-28 7.85477e-29 2.22063e-29 6.28726e-30 1.78246e-30 5.05918e-31 1.43735e-31 4.08648e-32 1.16121e-32 3.31028e-33
2.87423e-15 3.72831e-17 7.45275e-18 1.61445e-18 3.72317e-19 8.99493e-20 2.24831e-20 5.76225e-21 1.50485e-21 3.98715e-22 1.06848e-22 2.88957e-23 7.87313e-24 2.15856e-24 5.94919e-25 1.64702e-25 4.57737e-26 1.27642e-26 3.56987e-27 1.00101e-27 2.8134e-28 7.92352e-29 2.23567e-29 6.31857e-30 1.78845e-30 5.06891e-31 1.43833e-31 4.08536e-32 1.16121e-32 3.299e-33 9.40224e-34
8.60603e-16 1.07633e-17 2.1516e-18 4.65909e-19 1.07378e-19 2.59228e-20 6.47456e-21 1.65815e-21 4.32728e-22 1.14576e-22 3.06847e-23 8.29334e-24 2.25838e-24 6.18843e-25 1.70472e-25 4.7172e-26 1.31039e-26 3.65249e-27 1.02109e-27 2.86205e-28 8.04082e-29 2.26374e-29 6.38502e-30 1.80395e-30 5.10436e-31 1.44624e-31 4.10256e-32 1.16494e-32 3.31028e-33 9.40224e-34 2.67895e-34
