0.960349 0.00959949 0.00481616 0.00244003 0.00124779 0.000643758 0.000334873 0.000175523 9.2637e-05 4.91944e-05 2.62669e-05 1.40911e-05 7.58957e-06 4.10135e-06 2.22227e-06 1.20662e-06 6.56173e-07 3.57214e-07 1.94588e-07 1.06028e-07 5.77701e-08 3.1466e-08 1.71292e-08 9.31748e-09 5.0635e-09 2.74857e-09 1.48975e-09 8.05457e-10 4.3294e-10 2.28513e-10 1.23185e-10
0.00959949 0.000174734 8.83221e-05 4.50772e-05 2.32001e-05 1.20249e-05 6.26841e-06 3.28227e-06 1.72441e-06 9.08094e-07 4.78938e-07 2.52805e-07 1.33476e-07 7.04591e-08 3.71735e-08 1.95963e-08 1.03198e-08 5.42822e-09 2.8516e-09 1.49601e-09 7.83742e-10 4.1001e-10 2.14182e-10 1.11714e-10 5.81604e-11 3.01893e-11 1.556e-11 7.84763e-12 3.66307e-12 1.18823e-12 5.9914e-13
0.00481616 8.83221e-05 4.45898e-05 2.27242e-05 1.16764e-05 6.04148e-06 3.14372e-06 1.64319e-06 8.61798e-07 4.53082e-07 2.38588e-07 1.25754e-07 6.63062e-08 3.49581e-08 1.84224e-08 9.70139e-09 5.10405e-09 2.68239e-09 1.40802e-09 7.38135e-10 3.8644e-10 2.02034e-10 1.05467e-10 5.49555e-11 2.85499e-11 1.47261e-11 7.43101e-12 3.46936e-12 1.1279e-12 5.65016e-13 2.85088e-13
0.00244003 4.50772e-05 2.27242e-05 1.15602e-05 5.92808e-06 3.06066e-06 1.58911e-06 8.28773e-07 4.33721e-07 2.2755e-07 1.19589e-07 6.29159e-08 3.31164e-08 1.74319e-08 9.17288e-09 4.82398e-09 2.53484e-09 1.33065e-09 6.97749e-10 3.65436e-10 1.91146e-10 9.98395e-11 5.20555e-11 2.70601e-11 1.39653e-11 7.04898e-12 3.28991e-12 1.069e-12 5.36479e-13 2.68859e-13 1.35751e-13
0.00124779 2.32001e-05 1.16764e-05 5.92808e-06 3.03299e-06 1.56208e-06 8.08976e-07 4.20828e-07 2.19677e-07 1.14973e-07 6.02837e-08 3.1646e-08 1.66232e-08 8.73354e-09 4.58764e-09 2.40872e-09 1.26382e-09 6.62531e-10 3.4697e-10 1.81505e-10 9.4825e-11 4.94566e-11 2.57183e-11 1.32768e-11 6.7017e-12 3.12588e-12 1.01433e-12 5.08632e-13 2.55382e-13 1.28041e-13 6.46949e-14
0.000643758 1.20249e-05 6.04148e-06 3.06066e-06 1.56208e-06 8.0238e-07 4.14386e-07 2.14957e-07 1.11898e-07 5.84062e-08 3.0545e-08 1.59953e-08 8.38277e-09 4.39471e-09 2.30389e-09 1.20742e-09 6.32432e-10 3.31016e-10 1.73097e-10 9.04164e-11 4.71552e-11 2.45225e-11 1.26597e-11 6.38886e-12 2.97739e-12 9.64487e-13 4.82851e-13 2.42235e-13 1.21685e-13 6.10359e-14 3.08615e-14
0.000334873 6.26841e-06 3.14372e-06 1.58911e-06 8.08976e-07 4.14386e-07 2.13385e-07 1.10362e-07 5.72806e-08 2.98118e-08 1.55475e-08 8.12012e-09 4.24491e-09 2.2202e-09 1.16137e-09 6.07411e-10 3.17553e-10 1.65912e-10 8.66076e-11 4.51483e-11 2.34712e-11 1.21133e-11 6.11007e-12 2.84429e-12 9.19565e-13 4.5944e-13 2.301e-13 1.15489e-13 5.80445e-14 2.91272e-14 1.47381e-14
0.000175523 3.28227e-06 1.64319e-06 8.28773e-07 4.20828e-07 2.14957e-07 1.10362e-07 5.69056e-08 2.94455e-08 1.5279e-08 7.94521e-09 4.13806e-09 2.15752e-09 1.12563e-09 5.87435e-10 3.06563e-10 1.59939e-10 8.33935e-11 4.34332e-11 2.25629e-11 1.16368e-11 5.86496e-12 2.72644e-12 8.79538e-13 4.38445e-13 2.19128e-13 1.09788e-13 5.51294e-14 2.7722e-14 1.39172e-14 7.04705e-15
9.2637e-05 1.72441e-06 8.61798e-07 4.33721e-07 2.19677e-07 1.11898e-07 5.72806e-08 2.94455e-08 1.51896e-08 7.85781e-09 4.07401e-09 2.11579e-09 1.10013e-09 5.72477e-10 2.9803e-10 1.5517e-10 8.07697e-11 4.20074e-11 2.17964e-11 1.12296e-11 5.65321e-12 2.62368e-12 8.44357e-13 4.19856e-13 2.09343e-13 1.04659e-13 5.24575e-14 2.63534e-14 1.32586e-14 6.6591e-15 3.37428e-15
4.91944e-05 9.08094e-07 4.53082e-07 2.2755e-07 1.14973e-07 5.84062e-08 2.98118e-08 1.5279e-08 7.85781e-09 4.05267e-09 2.09493e-09 1.08484e-09 5.62516e-10 2.91943e-10 1.51599e-10 7.87326e-11 4.08691e-11 2.11707e-11 1.08911e-11 5.47452e-12 2.53585e-12 8.13972e-13 4.03649e-13 2.00741e-13 1.00113e-13 5.00663e-14 2.51042e-14 1.26175e-14 6.35113e-15 3.19123e-15 1.61819e-15
2.62669e-05 4.78938e-07 2.38588e-07 1.19589e-07 6.02837e-08 3.0545e-08 1.55475e-08 7.94521e-09 4.07401e-09 2.09493e-09 1.07975e-09 5.57539e-10 2.88295e-10 1.49221e-10 7.72795e-11 4.00167e-11 2.0685e-11 1.06208e-11 5.32865e-12 2.46285e-12 7.88337e-13 3.89802e-13 1.93311e-13 9.61492e-14 4.7962e-14 2.39929e-14 1.20351e-14 6.05168e-15 3.04765e-15 1.53199e-15 7.77368e-16
1.40911e-05 2.52805e-07 1.25754e-07 6.29159e-08 3.1646e-08 1.59953e-08 8.12012e-09 4.13806e-09 2.11579e-09 1.08484e-09 5.57539e-10 2.87079e-10 1.48033e-10 7.64084e-11 3.94491e-11 2.03385e-11 1.04184e-11 5.2154e-12 2.40457e-12 7.67414e-13 3.78294e-13 1.87042e-13 9.2762e-14 4.6144e-14 2.30229e-14 1.15206e-14 5.78102e-15 2.90817e-15 1.46526e-15 7.36856e-16 3.74147e-16
7.58957e-06 1.33476e-07 6.63062e-08 3.31164e-08 1.66232e-08 8.38277e-09 4.24491e-09 2.15752e-09 1.10013e-09 5.62516e-10 2.88295e-10 1.48033e-10 7.61182e-11 3.91655e-11 2.01307e-11 1.02837e-11 5.13462e-12 2.36092e-12 7.51174e-13 3.69108e-13 1.81926e-13 8.99469e-14 4.461e-14 2.21938e-14 1.10756e-14 5.54376e-15 2.78285e-15 1.40051e-15 7.05953e-16 3.55152e-16 1.80447e-16
4.10135e-06 7.04591e-08 3.49581e-08 1.74319e-08 8.73354e-09 4.39471e-09 2.2202e-09 1.12563e-09 5.72477e-10 2.91943e-10 1.49221e-10 7.64084e-11 3.91655e-11 2.00615e-11 1.02163e-11 5.08619e-12 2.33186e-12 7.39591e-13 3.6223e-13 1.77955e-13 8.76998e-14 4.33581e-14 2.15047e-14 1.07e-14 5.34073e-15 2.67397e-15 1.34272e-15 6.76012e-16 3.40901e-16 1.71564e-16 8.72207e-17
2.22227e-06 3.71735e-08 1.84224e-08 9.17288e-09 4.58764e-09 2.30389e-09 1.16137e-09 5.87435e-10 2.9803e-10 1.51599e-10 7.72795e-11 3.94491e-11 2.01307e-11 1.02163e-11 5.07006e-12 2.31734e-12 7.32647e-13 3.57651e-13 1.75123e-13 8.60174e-14 4.23863e-14 2.09546e-14 1.03934e-14 5.17193e-15 2.58196e-15 1.29304e-15 6.49499e-16 3.27118e-16 1.65024e-16 8.30795e-17 4.22594e-17
1.20662e-06 1.95963e-08 9.70139e-09 4.82398e-09 2.40872e-09 1.20742e-09 6.07411e-10 3.06563e-10 1.5517e-10 7.87326e-11 4.00167e-11 2.03385e-11 1.02837e-11 5.08619e-12 2.31734e-12 7.30334e-13 3.55363e-13 1.73425e-13 8.48973e-14 4.16931e-14 2.05427e-14 1.01554e-14 5.03717e-15 2.50683e-15 1.25168e-15 6.26979e-16 3.15022e-16 1.58712e-16 8.00951e-17 4.03351e-17 2.0527e-17
6.56173e-07 1.03198e-08 5.10405e-09 2.53484e-09 1.26382e-09 6.32432e-10 3.17553e-10 1.59939e-10 8.07697e-11 4.08691e-11 2.0685e-11 1.04184e-11 5.13462e-12 2.33186e-12 7.32647e-13 3.55363e-13 1.72859e-13 8.43376e-14 4.12777e-14 2.02685e-14 9.98564e-15 4.93628e-15 2.44851e-15 1.21864e-15 6.08564e-16 3.04896e-16 1.53231e-16 7.72215e-17 3.89824e-17 1.96364e-17 9.99748e-18
3.57214e-07 5.42822e-09 2.68239e-09 1.33065e-09 6.62531e-10 3.31016e-10 1.65912e-10 8.33935e-11 4.20074e-11 2.11707e-11 1.06208e-11 5.2154e-12 2.36092e-12 7.39591e-13 3.57651e-13 1.73425e-13 8.43376e-14 4.11393e-14 2.01315e-14 9.88389e-15 4.86909e-15 2.40691e-15 1.19391e-15 5.94262e-16 2.96796e-16 1.48722e-16 7.47582e-17 3.76838e-17 1.90282e-17 9.58708e-18 4.88283e-18
1.94588e-07 2.8516e-09 1.40802e-09 6.97749e-10 3.4697e-10 1.73097e-10 8.66076e-11 4.34332e-11 2.17964e-11 1.08911e-11 5.32865e-12 2.40457e-12 7.51174e-13 3.6223e-13 1.75123e-13 8.48973e-14 4.12777e-14 2.01315e-14 9.84999e-15 4.83553e-15 2.38197e-15 1.17744e-15 5.8406e-16 2.90729e-16 1.45214e-16 7.27749e-17 3.65877e-17 1.84465e-17 9.31631e-18 4.6947e-18 2.39175e-18
1.06028e-07 1.49601e-09 7.38135e-10 3.65436e-10 1.81505e-10 9.04164e-11 4.51483e-11 2.25629e-11 1.12296e-11 5.47452e-12 2.46285e-12 7.67414e-13 3.69108e-13 1.77955e-13 8.60174e-14 4.16931e-14 2.02685e-14 9.88389e-15 4.83553e-15 2.37367e-15 1.16921e-15 5.77944e-16 2.86688e-16 1.42711e-16 7.12863e-17 3.57288e-17 1.79648e-17 9.05854e-18 4.57563e-18 2.30605e-18 1.17507e-18
5.77701e-08 7.83742e-10 3.8644e-10 1.91146e-10 9.4825e-11 4.71552e-11 2.34712e-11 1.16368e-11 5.65321e-12 2.53585e-12 7.88337e-13 3.78294e-13 1.81926e-13 8.76998e-14 4.23863e-14 2.05427e-14 9.98564e-15 4.86909e-15 2.38197e-15 1.16921e-15 5.75906e-16 2.84669e-16 1.4121e-16 7.02943e-17 3.51144e-17 1.76003e-17 8.85018e-18 4.46295e-18 2.2545e-18 1.13631e-18 5.79085e-19
3.1466e-08 4.1001e-10 2.02034e-10 9.98395e-11 4.94566e-11 2.45225e-11 1.21133e-11 5.86496e-12 2.62368e-12 8.13972e-13 3.89802e-13 1.87042e-13 8.99469e-14 4.33581e-14 2.09546e-14 1.01554e-14 4.93628e-15 2.40691e-15 1.17744e-15 5.77944e-16 2.84669e-16 1.40709e-16 6.97986e-17 3.47459e-17 1.73569e-17 8.69983e-18 4.3747e-18 2.2061e-18 1.11445e-18 5.61713e-19 2.86267e-19
1.71292e-08 2.14182e-10 1.05467e-10 5.20555e-11 2.57183e-11 1.26597e-11 6.11007e-12 2.72644e-12 8.44357e-13 4.03649e-13 1.93311e-13 9.2762e-14 4.461e-14 2.15047e-14 1.03934e-14 5.03717e-15 2.44851e-15 1.19391e-15 5.8406e-16 2.86688e-16 1.4121e-16 6.97986e-17 3.46231e-17 1.72351e-17 8.60938e-18 4.31516e-18 2.1698e-18 1.09415e-18 5.52704e-19 2.78566e-19 1.41958e-19
9.31748e-09 1.11714e-10 5.49555e-11 2.70601e-11 1.32768e-11 6.38886e-12 2.84429e-12 8.79538e-13 4.19856e-13 2.00741e-13 9.61492e-14 4.6144e-14 2.21938e-14 1.07e-14 5.17193e-15 2.50683e-15 1.21864e-15 5.94262e-16 2.90729e-16 1.42711e-16 7.02943e-17 3.47459e-17 1.72351e-17 8.57922e-18 4.2853e-18 2.14771e-18 1.07984e-18 5.44466e-19 2.75004e-19 1.3859e-19 7.0615e-20
5.0635e-09 5.81604e-11 2.85499e-11 1.39653e-11 6.7017e-12 2.97739e-12 9.19565e-13 4.38445e-13 2.09343e-13 1.00113e-13 4.7962e-14 2.30229e-14 1.10756e-14 5.34073e-15 2.58196e-15 1.25168e-15 6.08564e-16 2.96796e-16 1.45214e-16 7.12863e-17 3.51144e-17 1.73569e-17 8.60938e-18 4.2853e-18 2.14031e-18 1.07256e-18 5.39193e-19 2.71824e-19 1.37272e-19 6.91684e-20 3.52348e-20
2.74857e-09 3.01893e-11 1.47261e-11 7.04898e-12 3.12588e-12 9.64487e-13 4.5944e-13 2.19128e-13 1.04659e-13 5.00663e-14 2.39929e-14 1.15206e-14 5.54376e-15 2.67397e-15 1.29304e-15 6.26979e-16 3.04896e-16 1.48722e-16 7.27749e-17 3.57288e-17 1.76003e-17 8.69983e-18 4.31516e-18 2.14771e-18 1.07256e-18 5.37404e-19 2.70111e-19 1.36142e-19 6.8736e-20 3.46276e-20 1.76339e-20
1.48975e-09 1.556e-11 7.43101e-12 3.28991e-12 1.01433e-12 4.82851e-13 2.301e-13 1.09788e-13 5.24575e-14 2.51042e-14 1.20351e-14 5.78102e-15 2.78285e-15 1.34272e-15 6.49499e-16 3.15022e-16 1.53231e-16 7.47582e-17 3.65877e-17 1.79648e-17 8.85018e-18 4.3747e-18 2.1698e-18 1.07984e-18 5.39193e-19 2.70111e-19 1.35732e-19 6.83939e-20 3.45212e-20 1.73866e-20 8.85059e-21
8.05457e-10 7.84763e-12 3.46936e-12 1.069e-12 5.08632e-13 2.42235e-13 1.15489e-13 5.51294e-14 2.63534e-14 1.26175e-14 6.05168e-15 2.90817e-15 1.40051e-15 6.76012e-16 3.27118e-16 1.58712e-16 7.72215e-17 3.76838e-17 1.84465e-17 9.05854e-18 4.46295e-18 2.2061e-18 1.09415e-18 5.44466e-19 2.71824e-19 1.36142e-19 6.83939e-20 3.44522e-20 1.73837e-20 8.75277e-21 4.45353e-21
4.3294e-10 3.66307e-12 1.1279e-12 5.36479e-13 2.55382e-13 1.21685e-13 5.80445e-14 2.7722e-14 1.32586e-14 6.35113e-15 3.04765e-15 1.46526e-15 7.05953e-16 3.40901e-16 1.65024e-16 8.00951e-17 3.89824e-17 1.90282e-17 9.31631e-18 4.57563e-18 2.2545e-18 1.11445e-18 5.52704e-19 2.75004e-19 1.37272e-19 6.8736e-20 3.45212e-20 1.73837e-20 8.76822e-21 4.41347e-21 2.24453e-21
2.28513e-10 1.18823e-12 5.65016e-13 2.68859e-13 1.28041e-13 6.10359e-14 2.91272e-14 1.39172e-14 6.6591e-15 3.19123e-15 1.53199e-15 7.36856e-16 3.55152e-16 1.71564e-16 8.30795e-17 4.03351e-17 1.96364e-17 9.58708e-18 4.6947e-18 2.30605e-18 1.13631e-18 5.61713e-19 2.78566e-19 1.3859e-19 6.91684e-20 3.46276e-20 1.73866e-20 8.75277e-21 4.41347e-21 2.2209e-21 1.12899e-21
1.23185e-10 5.9914e-13 2.85088e-13 1.35751e-13 6.46949e-14 3.08615e-14 1.47381e-14 7.04705e-15 3.37428e-15 1.61819e-15 7.77368e-16 3.74147e-16 1.80447e-16 8.72207e-17 4.22594e-17 2.0527e-17 9.99748e-18 4.88283e-18 2.39175e-18 1.17507e-18 5.79085e-19 2.86267e-19 1.41958e-19 7.0615e-20 3.52348e-20 1.76339e-20 8.85059e-21 4.45353e-21 2.24453e-21 1.12899e-21 5.73532e-22
