0.368841 0.131729 0.0470461 0.0168022 0.00600078 0.00214314 0.000765405 0.000273359 9.76283e-05 3.48672e-05 1.24526e-05 4.44735e-06 1.58834e-06 5.67264e-07 2.02594e-07 7.23551e-08 2.58411e-08 9.22897e-09 3.29606e-09 1.17716e-09 4.20416e-10 1.50149e-10 5.36245e-11 1.91516e-11 6.83986e-12 2.44281e-12 8.72431e-13 3.11582e-13 1.11279e-13 3.97427e-14 1.41938e-14 5.06922e-15 1.81043e-15 6.46584e-16 2.30923e-16 8.24724e-17 2.94544e-17 1.05194e-17 3.75694e-18 1.34177e-18 4.79202e-19 1.71144e-19 6.11227e-20 2.18295e-20 7.79626e-21 2.78438e-21 9.94421e-22 3.5515e-22 1.26839e-22 4.52998e-23 1.61785e-23 5.77803e-24 2.06358e-24 7.36994e-25 2.63212e-25 9.40044e-26 3.3573e-26 1.19904e-26 4.28227e-27 1.52938e-27 5.46208e-28 1.95074e-28 6.96694e-29 2.48819e-29 8.8864e-30 3.17371e-30 1.13347e-30 4.0481e-31 1.44575e-31 5.1634e-32 1.84407e-32 6.58597e-33 2.35213e-33 8.40047e-34 3.00017e-34 1.07149e-34 3.82674e-35 1.36669e-35 4.88105e-36 1.74323e-36 6.22583e-37 2.22351e-37 7.94111e-38 2.83611e-38 1.0129e-38 3.61749e-39 1.29196e-39 4.61414e-40 1.64791e-40 5.88539e-41 2.10192e-41 7.50687e-42 2.68103e-42 9.57509e-43 3.41967e-43 1.22131e-43 4.36183e-44 1.5578e-44 5.56356e-45 1.98699e-45 7.09638e-46
0.131729 0.0634315 0.028506 0.0122707 0.0051288 0.00209829 0.000844597 0.000335644 0.000132016 5.14858e-05 1.99367e-05 7.67344e-06 2.93808e-06 1.11988e-06 4.25156e-07 1.60841e-07 6.06576e-08 2.28114e-08 8.55691e-09 3.20246e-09 1.19603e-09 4.45831e-10 1.65895e-10 6.16306e-11 2.28617e-11 8.46875e-12 3.13307e-12 1.15771e-12 4.2731e-13 1.57554e-13 5.80348e-14 2.13573e-14 7.85279e-15 2.88499e-15 1.05908e-15 3.88501e-16 1.42414e-16 5.21706e-17 1.90997e-17 6.98821e-18 2.5554e-18 9.3393e-19 3.41149e-19 1.24554e-19 4.54534e-20 1.65797e-20 6.04502e-21 2.20311e-21 8.02602e-22 2.92278e-22 1.06398e-22 3.87178e-23 1.40845e-23 5.12184e-24 1.86197e-24 6.76682e-25 2.45848e-25 8.92944e-26 3.24235e-26 1.17701e-26 4.27153e-27 1.54981e-27 5.6217e-28 2.0387e-28 7.39161e-29 2.67934e-29 9.71005e-30 3.51823e-30 1.27449e-30 4.61599e-31 1.6715e-31 6.05158e-32 2.19054e-32 7.92783e-33 2.86869e-33 1.03786e-33 3.75424e-34 1.3578e-34 4.91e-35 1.77525e-35 6.41763e-36 2.31967e-36 8.38331e-37 3.02932e-37 1.0945e-37 3.95392e-38 1.42818e-38 5.15805e-39 1.86266e-39 6.72556e-40 2.42813e-40 8.76527e-41 3.1638e-41 1.14184e-41 4.12053e-42 1.48681e-42 5.36429e-43 1.9352e-43 6.98062e-44 2.51779e-44 9.08039e-45
0.0470461 0.028506 0.0150886 0.00740153 0.00345509 0.00155701 0.000683291 0.000293696 0.000124139 5.1749e-05 2.13222e-05 8.6983e-06 3.51798e-06 1.41214e-06 5.63086e-07 2.23203e-07 8.80086e-08 3.45363e-08 1.34942e-08 5.25177e-09 2.03658e-09 7.87151e-10 3.03313e-10 1.16547e-10 4.46655e-11 1.70761e-11 6.51357e-12 2.4793e-12 9.41838e-13 3.57119e-13 1.35172e-13 5.10791e-14 1.92717e-14 7.26034e-15 2.7314e-15 1.02621e-15 3.85071e-16 1.44319e-16 5.40271e-17 2.02035e-17 7.54726e-18 2.81658e-18 1.05012e-18 3.91169e-19 1.45583e-19 5.41368e-20 2.01153e-20 7.46834e-21 2.77077e-21 1.02723e-21 3.8057e-22 1.40901e-22 5.21335e-23 1.92775e-23 7.12406e-24 2.6312e-24 9.71266e-25 3.58335e-25 1.32134e-25 4.86989e-26 1.79396e-26 6.60543e-27 2.43103e-27 8.94302e-28 3.28845e-28 1.20869e-28 4.44082e-29 1.63094e-29 5.98751e-30 2.19731e-30 8.06078e-31 2.95603e-31 1.08365e-31 3.97124e-32 1.45485e-32 5.32809e-33 1.95069e-33 7.13962e-34 2.61235e-34 9.55569e-35 3.49437e-35 1.27749e-35 4.66903e-36 1.70601e-36 6.23198e-37 2.27594e-37 8.30973e-38 3.03326e-38 1.10695e-38 4.03876e-39 1.47323e-39 5.37272e-40 1.95896e-40 7.14108e-41 2.60263e-41 9.48359e-42 3.45498e-42 1.25844e-42 4.58289e-43 1.66864e-43 6.07442e-44
0.0168022 0.0122707 0.00740153 0.00403254 0.00205889 0.00100418 0.000473238 0.000217105 9.74588e-05 4.29692e-05 1.86594e-05 7.99817e-06 3.38984e-06 1.42256e-06 5.9177e-07 2.44254e-07 1.00111e-07 4.07724e-08 1.651e-08 6.65034e-09 2.6659e-09 1.06394e-09 4.22871e-10 1.67435e-10 6.60621e-11 2.59793e-11 1.01851e-11 3.98155e-12 1.55226e-12 6.03627e-13 2.34171e-13 9.06384e-14 3.50076e-14 1.34937e-14 5.19114e-15 1.99343e-15 7.64158e-16 2.92446e-16 1.11744e-16 4.26329e-17 1.6242e-17 6.17925e-18 2.34779e-18 8.90905e-19 3.37657e-19 1.27825e-19 4.83354e-20 1.82578e-20 6.88938e-21 2.59703e-21 9.78039e-22 3.67986e-22 1.3833e-22 5.19546e-23 1.9497e-23 7.31074e-24 2.73914e-24 1.0255e-24 3.83654e-25 1.43428e-25 5.3583e-26 2.00046e-26 7.46363e-27 2.78289e-27 1.03699e-27 3.86186e-28 1.43736e-28 5.34677e-29 1.98782e-29 7.3864e-30 2.74323e-30 1.01829e-30 3.77804e-31 1.40105e-31 5.19322e-32 1.92407e-32 7.12545e-33 2.63764e-33 9.75961e-34 3.60969e-34 1.33454e-34 4.93199e-35 1.82198e-35 6.72824e-36 2.4837e-36 9.16514e-37 3.38085e-37 1.2467e-37 4.59569e-38 1.69354e-38 6.23879e-39 2.29756e-39 8.45857e-40 3.11311e-40 1.14542e-40 4.21312e-41 1.54924e-41 5.69525e-42 2.09308e-42 7.69027e-43 2.82476e-43
0.00600078 0.0051288 0.00345509 0.00205889 0.00113542 0.000592993 0.000297322 0.000144385 6.83254e-05 3.16466e-05 1.43945e-05 6.44629e-06 2.84804e-06 1.24342e-06 5.37173e-07 2.29889e-07 9.7553e-08 4.108e-08 1.71786e-08 7.13789e-09 2.94853e-09 1.21142e-09 4.95232e-10 2.01515e-10 8.16447e-11 3.29456e-11 1.32442e-11 5.30541e-12 2.11819e-12 8.43043e-13 3.34541e-13 1.32384e-13 5.22482e-14 2.05691e-14 8.07841e-15 3.16556e-15 1.23776e-15 4.82981e-16 1.88091e-16 7.31126e-17 2.83684e-17 1.09883e-17 4.24922e-18 1.64059e-18 6.3246e-19 2.43462e-19 9.35876e-20 3.59268e-20 1.37738e-20 5.27402e-21 2.01699e-21 7.70477e-22 2.93984e-22 1.12051e-22 4.26625e-23 1.62268e-23 6.16584e-24 2.34064e-24 8.87715e-25 3.36373e-25 1.27347e-25 4.81715e-26 1.82068e-26 6.87587e-27 2.59469e-27 9.78396e-28 3.68659e-28 1.38811e-28 5.22301e-29 1.96392e-29 7.37971e-30 2.77125e-30 1.04001e-30 3.90066e-31 1.4621e-31 5.47725e-32 2.0507e-32 7.67362e-33 2.86988e-33 1.07274e-33 4.00779e-34 1.49656e-34 5.58558e-35 2.08369e-35 7.76947e-36 2.89568e-36 1.07873e-36 4.01681e-37 1.49507e-37 5.56235e-38 2.06859e-38 7.68976e-39 2.85744e-39 1.06138e-39 3.94095e-40 1.46274e-40 5.42713e-41 2.01288e-41 7.46296e-42 2.766e-42 1.02481e-42
0.00214314 0.00209829 0.00155701 0.00100418 0.000592993 0.000329182 0.000174458 8.91568e-05 4.42413e-05 2.14231e-05 1.01613e-05 4.73472e-06 2.17226e-06 9.83139e-07 4.39606e-07 1.94452e-07 8.51774e-08 3.69826e-08 1.59284e-08 6.80996e-09 2.89182e-09 1.22034e-09 5.12002e-10 2.1366e-10 8.87147e-11 3.66632e-11 1.50854e-11 6.18148e-12 2.52314e-12 1.02613e-12 4.15874e-13 1.67997e-13 6.76543e-14 2.71651e-14 1.08771e-14 4.34371e-15 1.73024e-15 6.87544e-16 2.72578e-16 1.07825e-16 4.2563e-17 1.67673e-17 6.59247e-18 2.58715e-18 1.01348e-18 3.96334e-19 1.54734e-19 6.03134e-20 2.34732e-20 9.1219e-21 3.53976e-21 1.3717e-21 5.30841e-22 2.05166e-22 7.91957e-23 3.05331e-23 1.17579e-23 4.52263e-24 1.7377e-24 6.66946e-25 2.55714e-25 9.79446e-26 3.74783e-26 1.43273e-26 5.47199e-27 2.08802e-27 7.96054e-28 3.03235e-28 1.15413e-28 4.38911e-29 1.66785e-29 6.33287e-30 2.40281e-30 9.11001e-31 3.4515e-31 1.30676e-31 4.94407e-32 1.86933e-32 7.06324e-33 2.66714e-33 1.00651e-33 3.79601e-34 1.4308e-34 5.38986e-35 2.02922e-35 7.63553e-36 2.87153e-36 1.07933e-36 4.0548e-37 1.52252e-37 5.71396e-38 2.14338e-38 8.03621e-39 3.01161e-39 1.12809e-39 4.22371e-40 1.5807e-40 5.9131e-41 2.21103e-41 8.26403e-42 3.08751e-42
0.000765405 0.000844597 0.000683291 0.000473238 0.000297322 0.000174458 9.72486e-05 5.20712e-05 2.6986e-05 1.36113e-05 6.70938e-06 3.2425e-06 1.54026e-06 7.20639e-07 3.32648e-07 1.51707e-07 6.84372e-08 3.05694e-08 1.35321e-08 5.94094e-09 2.58846e-09 1.1199e-09 4.81378e-10 2.05667e-10 8.73752e-11 3.69248e-11 1.55274e-11 6.49916e-12 2.7084e-12 1.12402e-12 4.64663e-13 1.91379e-13 7.85469e-14 3.21304e-14 1.31017e-14 5.32631e-15 2.15911e-15 8.72834e-16 3.51922e-16 1.41537e-16 5.67867e-17 2.27311e-17 9.0789e-18 3.61843e-18 1.43919e-18 5.71298e-19 2.26351e-19 8.95175e-20 3.53401e-20 1.3928e-20 5.48022e-21 2.15287e-21 8.44441e-22 3.30732e-22 1.29348e-22 5.0517e-23 1.97029e-23 7.67458e-24 2.98557e-24 1.16002e-24 4.50179e-25 1.74501e-25 6.75652e-26 2.61318e-26 1.00961e-26 3.8966e-27 1.50238e-27 5.78687e-28 2.22686e-28 8.56121e-29 3.28838e-29 1.26195e-29 4.83868e-30 1.85372e-30 7.09582e-31 2.71401e-31 1.03723e-31 3.96104e-32 1.51152e-32 5.7637e-33 2.19622e-33 8.36268e-34 3.18212e-34 1.21003e-34 4.59821e-35 1.74623e-35 6.62736e-36 2.51369e-36 9.52839e-37 3.60969e-37 1.36668e-37 5.17151e-38 1.9558e-38 7.39256e-39 2.79274e-39 1.05448e-39 3.97943e-40 1.50101e-40 5.65886e-41 2.13237e-41 8.03132e-42
0.000273359 0.000335644 0.000293696 0.000217105 0.000144385 8.91568e-05 5.20712e-05 2.91097e-05 1.57056e-05 8.22707e-06 4.20298e-06 2.10137e-06 1.03104e-06 4.97563e-07 2.36599e-07 1.11029e-07 5.1484e-08 2.36158e-08 1.07259e-08 4.82757e-09 2.15473e-09 9.54339e-10 4.19662e-10 1.83316e-10 7.9579e-11 3.43452e-11 1.47422e-11 6.29545e-12 2.6754e-12 1.13179e-12 4.76727e-13 1.99983e-13 8.35662e-14 3.47908e-14 1.44336e-14 5.96799e-15 2.45978e-15 1.01074e-15 4.14108e-16 1.6919e-16 6.89405e-17 2.80193e-17 1.13598e-17 4.59466e-18 1.85416e-18 7.46598e-19 2.99991e-19 1.20294e-19 4.81424e-20 1.92303e-20 7.66739e-21 3.05168e-21 1.21251e-21 4.80962e-22 1.90475e-22 7.53162e-23 2.97361e-23 1.17231e-23 4.61513e-24 1.81437e-24 7.12339e-25 2.79307e-25 1.09377e-25 4.27795e-26 1.67119e-26 6.52091e-27 2.54155e-27 9.8948e-28 3.84812e-28 1.49497e-28 5.80194e-29 2.24947e-29 8.71288e-30 3.37156e-30 1.30346e-30 5.03463e-31 1.94292e-31 7.49142e-32 2.88607e-32 1.11094e-32 4.27287e-33 1.64213e-33 6.30605e-34 2.41979e-34 9.27847e-35 3.55516e-35 1.36123e-35 5.20837e-36 1.99148e-36 7.60952e-37 2.90572e-37 1.10885e-37 4.22877e-38 1.61172e-38 6.13901e-39 2.33695e-39 8.89092e-40 3.3806e-40 1.28469e-40 4.87932e-41 1.85219e-41
9.76283e-05 0.000132016 0.000124139 9.74588e-05 6.83254e-05 4.42413e-05 2.6986e-05 1.57056e-05 8.79851e-06 4.775e-06 2.52253e-06 1.30201e-06 6.58551e-07 3.2719e-07 1.59992e-07 7.71253e-08 3.67024e-08 1.72625e-08 8.03276e-09 3.70136e-09 1.69016e-09 7.65346e-10 3.43886e-10 1.53401e-10 6.79686e-11 2.99255e-11 1.30977e-11 5.70065e-12 2.46813e-12 1.06329e-12 4.55922e-13 1.94623e-13 8.27292e-14 3.50248e-14 1.47716e-14 6.20719e-15 2.59924e-15 1.0848e-15 4.51306e-16 1.87182e-16 7.7408e-17 3.19218e-17 1.31285e-17 5.38541e-18 2.20362e-18 8.99518e-19 3.66334e-19 1.48858e-19 6.03577e-20 2.44223e-20 9.86205e-21 3.97468e-21 1.59889e-21 6.42011e-22 2.57336e-22 1.02971e-22 4.11344e-23 1.64058e-23 6.53297e-24 2.59755e-24 1.03128e-24 4.08852e-25 1.61864e-25 6.39946e-26 2.52676e-26 9.96383e-27 3.92414e-27 1.54359e-27 6.06463e-28 2.37998e-28 9.32931e-29 3.65298e-29 1.42882e-29 5.58277e-30 2.1791e-30 8.49705e-31 3.31004e-31 1.2882e-31 5.00871e-32 1.94568e-32 7.55139e-33 2.92821e-33 1.1345e-33 4.39179e-34 1.69872e-34 6.56526e-35 2.53536e-35 9.78343e-36 3.77237e-36 1.4535e-36 5.59626e-37 2.15314e-37 8.2783e-38 3.18062e-38 1.22121e-38 4.68577e-39 1.79676e-39 6.88527e-40 2.63682e-40 1.00919e-40 3.86015e-41
3.48672e-05 5.14858e-05 5.1749e-05 4.29692e-05 3.16466e-05 2.14231e-05 1.36113e-05 8.22707e-06 4.775e-06 2.67932e-06 1.46087e-06 7.77051e-07 4.04483e-07 2.06568e-07 1.03716e-07 5.12865e-08 2.50134e-08 1.20476e-08 5.73656e-09 2.70294e-09 1.26128e-09 5.83297e-10 2.67516e-10 1.21741e-10 5.50017e-11 2.46811e-11 1.10048e-11 4.87746e-12 2.14954e-12 9.42271e-13 4.10967e-13 1.78382e-13 7.70757e-14 3.31589e-14 1.42065e-14 6.06269e-15 2.57756e-15 1.09192e-15 4.60975e-16 1.93969e-16 8.13604e-17 3.40232e-17 1.41863e-17 5.89857e-18 2.44597e-18 1.01164e-18 4.17357e-19 1.71768e-19 7.05277e-20 2.88934e-20 1.18111e-20 4.81796e-21 1.96133e-21 7.96853e-22 3.23127e-22 1.30786e-22 5.28405e-23 2.13115e-23 8.58067e-24 3.44915e-24 1.38423e-24 5.54658e-25 2.21914e-25 8.86549e-26 3.53669e-26 1.40891e-26 5.60505e-27 2.22688e-27 8.83595e-28 3.50155e-28 1.3859e-28 5.47877e-29 2.16333e-29 8.5323e-30 3.36142e-30 1.32283e-30 5.20022e-31 2.04214e-31 8.01133e-32 3.13971e-32 1.22928e-32 4.80835e-33 1.87903e-33 7.33625e-34 2.8617e-34 1.1153e-34 4.34294e-35 1.6897e-35 6.56865e-36 2.55147e-36 9.90279e-37 3.84049e-37 1.48827e-37 5.76304e-38 2.22998e-38 8.62254e-39 3.33166e-39 1.28642e-39 4.96374e-40 1.914e-40 7.37542e-41
1.24526e-05 1.99367e-05 2.13222e-05 1.86594e-05 1.43945e-05 1.01613e-05 6.70938e-06 4.20298e-06 2.52253e-06 1.46087e-06 8.20754e-07 4.49207e-07 2.40295e-07 1.25971e-07 6.48595e-08 3.28591e-08 1.64054e-08 8.08249e-09 3.9339e-09 1.89344e-09 9.01997e-10 4.25615e-10 1.99059e-10 9.23336e-11 4.24998e-11 1.9421e-11 8.8147e-12 3.97526e-12 1.78198e-12 7.94261e-13 3.5211e-13 1.55299e-13 6.81626e-14 2.97791e-14 1.29528e-14 5.61028e-15 2.42026e-15 1.04008e-15 4.45324e-16 1.89999e-16 8.07901e-17 3.42415e-17 1.44674e-17 6.09429e-18 2.55976e-18 1.07217e-18 4.4788e-19 1.86609e-19 7.7556e-20 3.21549e-20 1.33003e-20 5.48898e-21 2.26032e-21 9.28808e-22 3.8088e-22 1.55877e-22 6.36701e-23 2.59581e-23 1.05637e-23 4.29131e-24 1.74026e-24 7.04546e-25 2.84771e-25 1.14919e-25 4.63041e-26 1.8629e-26 7.48384e-27 3.00218e-27 1.20266e-27 4.81127e-28 1.9222e-28 7.66965e-29 3.05635e-29 1.21645e-29 4.83569e-30 1.92005e-30 7.61489e-31 3.01666e-31 1.19374e-31 4.71873e-32 1.86329e-32 7.35002e-33 2.89638e-33 1.14023e-33 4.48445e-34 1.76203e-34 6.91689e-35 2.71276e-35 1.06298e-35 4.16156e-36 1.62785e-36 6.36215e-37 2.48447e-37 9.69418e-38 3.77956e-38 1.47242e-38 5.73176e-39 2.22954e-39 8.66604e-40 3.36596e-40 1.30643e-40
4.44735e-06 7.67344e-06 8.6983e-06 7.99817e-06 6.44629e-06 4.73472e-06 3.2425e-06 2.10137e-06 1.30201e-06 7.77051e-07 4.49207e-07 2.52635e-07 1.38705e-07 7.4552e-08 3.93182e-08 2.0386e-08 1.04083e-08 5.24013e-09 2.60456e-09 1.27941e-09 6.21679e-10 2.99053e-10 1.42517e-10 6.7328e-11 3.15488e-11 1.46706e-11 6.7732e-12 3.10599e-12 1.41525e-12 6.40981e-13 2.88651e-13 1.29284e-13 5.76069e-14 2.55431e-14 1.12731e-14 4.95305e-15 2.16695e-15 9.44181e-16 4.09793e-16 1.77193e-16 7.63427e-17 3.27785e-17 1.40271e-17 5.98359e-18 2.54459e-18 1.07892e-18 4.56158e-19 1.92329e-19 8.08751e-20 3.39208e-20 1.41917e-20 5.92321e-21 2.46641e-21 1.02468e-21 4.24777e-22 1.75715e-22 7.25371e-23 2.98841e-23 1.22878e-23 5.04299e-24 2.06586e-24 8.4477e-25 3.44841e-25 1.40528e-25 5.71727e-26 2.32229e-26 9.41812e-27 3.81371e-27 1.542e-27 6.22571e-28 2.51002e-28 1.01057e-28 4.06316e-29 1.63151e-29 6.54265e-30 2.62041e-30 1.04821e-30 4.188e-31 1.67128e-31 6.6618e-32 2.65242e-32 1.0549e-32 4.19095e-33 1.66323e-33 6.59384e-34 2.61146e-34 1.03322e-34 4.08394e-35 1.61268e-35 6.36223e-36 2.50766e-36 9.87493e-37 3.88521e-37 1.52727e-37 5.99852e-38 2.35401e-38 9.23025e-39 3.61632e-39 1.41571e-39 5.53784e-40 2.16458e-40
1.58834e-06 2.93808e-06 3.51798e-06 3.38984e-06 2.84804e-06 2.17226e-06 1.54026e-06 1.03104e-06 6.58551e-07 4.04483e-07 2.40295e-07 1.38705e-07 7.80743e-08 4.29792e-08 2.31946e-08 1.22961e-08 6.41409e-09 3.29701e-09 1.67211e-09 8.37604e-10 4.14819e-10 2.03276e-10 9.8638e-11 4.74265e-11 2.26087e-11 1.06915e-11 5.01785e-12 2.33834e-12 1.08237e-12 4.97838e-13 2.27606e-13 1.03466e-13 4.6779e-14 2.10406e-14 9.41728e-15 4.19516e-15 1.86045e-15 8.21522e-16 3.61268e-16 1.58243e-16 6.90509e-17 3.00215e-17 1.30069e-17 5.61627e-18 2.4172e-18 1.03709e-18 4.43614e-19 1.89203e-19 8.04688e-20 3.41305e-20 1.44382e-20 6.09222e-21 2.56427e-21 1.07674e-21 4.51079e-22 1.88544e-22 7.86367e-23 3.27276e-23 1.35928e-23 5.63417e-24 2.3308e-24 9.62404e-25 3.9665e-25 1.63183e-25 6.7017e-26 2.74759e-26 1.1246e-26 4.59556e-27 1.87496e-27 7.63795e-28 3.10675e-28 1.26182e-28 5.11757e-29 2.07262e-29 8.38266e-30 3.3858e-30 1.36575e-30 5.50203e-31 2.21376e-31 8.89622e-32 3.57074e-32 1.43153e-32 5.73245e-33 2.29293e-33 9.16139e-34 3.65646e-34 1.4578e-34 5.8061e-35 2.31008e-35 9.18193e-36 3.64598e-36 1.44636e-36 5.73226e-37 2.26972e-37 8.9789e-38 3.54883e-38 1.40141e-38 5.52929e-39 2.17974e-39 8.58575e-40 3.37906e-40
5.67264e-07 1.11988e-06 1.41214e-06 1.42256e-06 1.24342e-06 9.83139e-07 7.20639e-07 4.97563e-07 3.2719e-07 2.06568e-07 1.25971e-07 7.4552e-08 4.29792e-08 2.42093e-08 1.33573e-08 7.23381e-09 3.85211e-09 2.02007e-09 1.04456e-09 5.33205e-10 2.68952e-10 1.3417e-10 6.6248e-11 3.23986e-11 1.5703e-11 7.5472e-12 3.59877e-12 1.70327e-12 8.00495e-13 3.73716e-13 1.73374e-13 7.99511e-14 3.66599e-14 1.67187e-14 7.58524e-15 3.42445e-15 1.53873e-15 6.88294e-16 3.06553e-16 1.35967e-16 6.00665e-17 2.64343e-17 1.15905e-17 5.06406e-18 2.20501e-18 9.56957e-19 4.13994e-19 1.78551e-19 7.67792e-20 3.29215e-20 1.4077e-20 6.00308e-21 2.55334e-21 1.0833e-21 4.58485e-22 1.93585e-22 8.15489e-23 3.42762e-23 1.43755e-23 6.01638e-24 2.51279e-24 1.04739e-24 4.35725e-25 1.80923e-25 7.49852e-26 3.10223e-26 1.28118e-26 5.28208e-27 2.17407e-27 8.93377e-28 3.66526e-28 1.50142e-28 6.14099e-29 2.50802e-29 1.02281e-29 4.16529e-30 1.69392e-30 6.87941e-31 2.79019e-31 1.1302e-31 4.57216e-32 1.84735e-32 7.45499e-33 3.00488e-33 1.20976e-33 4.86488e-34 1.95415e-34 7.84089e-35 3.1427e-35 1.25829e-35 5.03275e-36 2.01089e-36 8.02666e-37 3.20077e-37 1.27513e-37 5.07509e-38 2.01803e-38 8.01705e-39 3.18208e-39 1.26189e-39 4.99986e-40
2.02594e-07 4.25156e-07 5.63086e-07 5.9177e-07 5.37173e-07 4.39606e-07 3.32648e-07 2.36599e-07 1.59992e-07 1.03716e-07 6.48595e-08 3.93182e-08 2.31946e-08 1.33573e-08 7.52844e-09 4.16188e-09 2.26081e-09 1.20867e-09 6.36804e-10 3.31029e-10 1.69955e-10 8.62589e-11 4.33136e-11 2.1533e-11 1.06054e-11 5.17772e-12 2.50708e-12 1.20454e-12 5.74497e-13 2.72104e-13 1.28033e-13 5.98681e-14 2.78282e-14 1.28622e-14 5.91287e-15 2.70422e-15 1.23067e-15 5.57435e-16 2.51351e-16 1.12845e-16 5.04516e-17 2.24661e-17 9.96566e-18 4.40427e-18 1.9395e-18 8.51151e-19 3.72288e-19 1.62314e-19 7.05481e-20 3.0571e-20 1.3209e-20 5.69129e-21 2.44549e-21 1.04803e-21 4.47989e-22 1.91021e-22 8.12543e-23 3.44819e-23 1.45998e-23 6.16793e-24 2.60013e-24 1.0938e-24 4.59194e-25 1.92393e-25 8.04525e-26 3.35791e-26 1.39894e-26 5.81766e-27 2.4151e-27 1.00088e-27 4.14094e-28 1.71044e-28 7.05386e-29 2.90447e-29 1.19412e-29 4.90207e-30 2.00946e-30 8.22548e-31 3.3623e-31 1.37252e-31 5.59528e-32 2.27801e-32 9.2626e-33 3.76153e-33 1.52567e-33 6.18065e-34 2.50088e-34 1.01076e-34 4.08046e-35 1.64545e-35 6.62805e-36 2.66698e-36 1.072e-36 4.30447e-37 1.72664e-37 6.91913e-38 2.76997e-38 1.10784e-38 4.4266e-39 1.76709e-39 7.04772e-40
7.23551e-08 1.60841e-07 2.23203e-07 2.44254e-07 2.29889e-07 1.94452e-07 1.51707e-07 1.11029e-07 7.71253e-08 5.12865e-08 3.28591e-08 2.0386e-08 1.22961e-08 7.23381e-09 4.16188e-09 2.34695e-09 1.29967e-09 7.079e-10 3.79778e-10 2.00924e-10 1.04939e-10 5.41572e-11 2.76405e-11 1.39614e-11 6.98389e-12 3.46183e-12 1.70135e-12 8.29411e-13 4.01265e-13 1.92733e-13 9.19401e-14 4.35742e-14 2.05242e-14 9.61042e-15 4.47483e-15 2.07243e-15 9.54885e-16 4.37812e-16 1.99792e-16 9.07619e-17 4.10529e-17 1.84914e-17 8.29571e-18 3.70729e-18 1.65059e-18 7.32256e-19 3.23726e-19 1.42639e-19 6.26454e-20 2.74271e-20 1.19716e-20 5.21015e-21 2.26106e-21 9.7853e-22 4.22351e-22 1.81822e-22 7.80766e-23 3.3445e-23 1.42925e-23 6.09365e-24 2.5922e-24 1.10029e-24 4.66033e-25 1.96981e-25 8.30901e-26 3.49798e-26 1.46977e-26 6.164e-27 2.58036e-27 1.07825e-27 4.49781e-28 1.87301e-28 7.7867e-29 3.23191e-29 1.33928e-29 5.54126e-30 2.28919e-30 9.44294e-31 3.88954e-31 1.59981e-31 6.57098e-32 2.69523e-32 1.10403e-32 4.51638e-33 1.84519e-33 7.52909e-34 3.06835e-34 1.24894e-34 5.07757e-35 2.06188e-35 8.36321e-36 3.38838e-36 1.37129e-36 5.54367e-37 2.23872e-37 9.03124e-38 3.63955e-38 1.46524e-38 5.893e-39 2.36778e-39 9.50445e-40
2.58411e-08 6.06576e-08 8.80086e-08 1.00111e-07 9.7553e-08 8.51774e-08 6.84372e-08 5.1484e-08 3.67024e-08 2.50134e-08 1.64054e-08 1.04083e-08 6.41409e-09 3.85211e-09 2.26081e-09 1.29967e-09 7.33237e-10 4.06654e-10 2.22023e-10 1.19482e-10 6.34484e-11 3.32787e-11 1.72549e-11 8.85102e-12 4.49475e-12 2.26109e-12 1.12738e-12 5.57426e-13 2.73443e-13 1.33135e-13 6.43628e-14 3.09062e-14 1.47458e-14 6.99253e-15 3.2966e-15 1.54553e-15 7.2073e-16 3.34388e-16 1.54384e-16 7.09441e-17 3.24541e-17 1.47822e-17 6.70498e-18 3.02907e-18 1.36313e-18 6.11143e-19 2.73012e-19 1.21536e-19 5.39219e-20 2.38457e-20 1.0512e-20 4.61987e-21 2.02437e-21 8.84509e-22 3.85393e-22 1.67468e-22 7.25801e-23 3.13758e-23 1.35299e-23 5.82032e-24 2.49792e-24 1.06959e-24 4.56974e-25 1.94815e-25 8.28775e-26 3.51848e-26 1.49074e-26 6.30373e-27 2.66049e-27 1.12077e-27 4.71278e-28 1.97818e-28 8.2889e-29 3.46729e-29 1.44797e-29 6.03705e-30 2.51303e-30 1.04446e-30 4.33438e-31 1.79603e-31 7.43129e-32 3.07039e-32 1.26681e-32 5.21958e-33 2.1477e-33 8.82546e-34 3.62192e-34 1.48453e-34 6.0771e-35 2.48469e-35 1.01468e-35 4.13878e-36 1.68622e-36 6.86216e-37 2.78949e-37 1.13269e-37 4.59442e-38 1.86162e-38 7.53527e-39 3.04693e-39 1.23081e-39
9.22897e-09 2.28114e-08 3.45363e-08 4.07724e-08 4.108e-08 3.69826e-08 3.05694e-08 2.36158e-08 1.72625e-08 1.20476e-08 8.08249e-09 5.24013e-09 3.29701e-09 2.02007e-09 1.20867e-09 7.079e-10 4.06654e-10 2.29515e-10 1.2746e-10 6.97375e-11 3.76341e-11 2.00517e-11 1.05574e-11 5.49724e-12 2.83281e-12 1.44561e-12 7.30968e-13 3.66425e-13 1.82187e-13 8.98846e-14 4.40212e-14 2.14095e-14 1.03434e-14 4.96564e-15 2.36953e-15 1.1242e-15 5.30428e-16 2.4895e-16 1.16251e-16 5.4022e-17 2.4987e-17 1.15055e-17 5.27492e-18 2.40835e-18 1.09516e-18 4.9608e-19 2.23873e-19 1.00666e-19 4.51069e-20 2.01435e-20 8.96617e-21 3.97833e-21 1.75978e-21 7.7611e-22 3.41296e-22 1.49665e-22 6.5452e-23 2.8548e-23 1.24196e-23 5.38957e-24 2.33313e-24 1.00761e-24 4.34155e-25 1.86645e-25 8.00637e-26 3.42708e-26 1.46388e-26 6.24027e-27 2.65483e-27 1.12727e-27 4.77744e-28 2.02096e-28 8.53363e-29 3.59701e-29 1.51355e-29 6.35798e-30 2.66637e-30 1.1164e-30 4.6669e-31 1.94788e-31 8.11776e-32 3.37803e-32 1.40364e-32 5.82407e-33 2.41317e-33 9.98509e-34 4.12601e-34 1.70268e-34 7.01736e-35 2.88842e-35 1.18742e-35 4.87544e-36 1.9994e-36 8.18979e-37 3.35074e-37 1.36934e-37 5.5898e-38 2.2793e-38 9.28401e-39 3.77752e-39 1.53541e-39
3.29606e-09 8.55691e-09 1.34942e-08 1.651e-08 1.71786e-08 1.59284e-08 1.35321e-08 1.07259e-08 8.03276e-09 5.73656e-09 3.9339e-09 2.60456e-09 1.67211e-09 1.04456e-09 6.36804e-10 3.79778e-10 2.22023e-10 1.2746e-10 7.19636e-11 4.00122e-11 2.19337e-11 1.18664e-11 6.34166e-12 3.35057e-12 1.75138e-12 9.06299e-13 4.64569e-13 2.3602e-13 1.189e-13 5.94212e-14 2.94718e-14 1.45125e-14 7.09743e-15 3.44842e-15 1.66506e-15 7.99191e-16 3.81412e-16 1.81037e-16 8.54797e-17 4.01584e-17 1.87755e-17 8.73753e-18 4.04803e-18 1.86736e-18 8.57843e-19 3.92507e-19 1.78898e-19 8.12342e-20 3.67538e-20 1.65709e-20 7.44589e-21 3.33475e-21 1.48877e-21 6.62599e-22 2.94018e-22 1.30087e-22 5.73942e-23 2.52528e-23 1.10813e-23 4.85005e-24 2.1174e-24 9.22131e-25 4.00628e-25 1.7365e-25 7.50968e-26 3.24044e-26 1.39523e-26 5.99476e-27 2.5704e-27 1.09991e-27 4.6974e-28 2.00228e-28 8.51876e-29 3.61768e-29 1.53358e-29 6.48959e-30 2.74146e-30 1.15616e-30 4.86786e-31 2.04625e-31 8.58801e-32 3.59878e-32 1.50577e-32 6.29097e-33 2.62448e-33 1.09333e-33 4.54828e-34 1.8895e-34 7.83903e-35 3.2479e-35 1.34394e-35 5.55393e-36 2.29234e-36 9.4498e-37 3.89083e-37 1.60009e-37 6.57268e-38 2.69676e-38 1.10523e-38 4.5246e-39 1.85027e-39
1.17716e-09 3.20246e-09 5.25177e-09 6.65034e-09 7.13789e-09 6.80996e-09 5.94094e-09 4.82757e-09 3.70136e-09 2.70294e-09 1.89344e-09 1.27941e-09 8.37604e-10 5.33205e-10 3.31029e-10 2.00924e-10 1.19482e-10 6.97375e-11 4.00122e-11 2.2598e-11 1.25781e-11 6.90688e-12 3.7452e-12 2.00704e-12 1.06377e-12 5.58008e-13 2.89868e-13 1.49199e-13 7.61299e-14 3.85273e-14 1.93459e-14 9.64238e-15 4.77212e-15 2.34592e-15 1.14583e-15 5.5624e-16 2.68441e-16 1.28822e-16 6.14873e-17 2.91963e-17 1.37945e-17 6.48642e-18 3.03598e-18 1.41469e-18 6.56391e-19 3.03296e-19 1.39584e-19 6.39924e-20 2.9228e-20 1.33015e-20 6.03229e-21 2.72641e-21 1.22821e-21 5.51533e-22 2.46903e-22 1.10198e-22 4.90407e-23 2.17624e-23 9.6307e-24 4.25054e-24 1.87109e-24 8.21566e-25 3.59844e-25 1.57231e-25 6.8539e-26 2.98086e-26 1.29352e-26 5.60089e-27 2.41999e-27 1.04344e-27 4.48988e-28 1.92815e-28 8.26421e-29 3.53539e-29 1.50962e-29 6.43439e-30 2.73763e-30 1.16275e-30 4.93011e-31 2.08691e-31 8.81939e-32 3.72116e-32 1.56761e-32 6.59366e-33 2.76924e-33 1.16132e-33 4.86312e-34 2.03356e-34 8.49169e-35 3.54107e-35 1.47466e-35 6.13301e-36 2.54737e-36 1.05671e-36 4.37802e-37 1.81161e-37 7.48729e-38 3.09079e-38 1.2744e-38 5.24863e-39 2.15921e-39
4.20416e-10 1.19603e-09 2.03658e-09 2.6659e-09 2.94853e-09 2.89182e-09 2.58846e-09 2.15473e-09 1.69016e-09 1.26128e-09 9.01997e-10 6.21679e-10 4.14819e-10 2.68952e-10 1.69955e-10 1.04939e-10 6.34484e-11 3.76341e-11 2.19337e-11 1.25781e-11 7.10584e-12 3.95896e-12 2.17734e-12 1.18309e-12 6.35611e-13 3.37864e-13 1.77805e-13 9.2691e-14 4.78907e-14 2.45351e-14 1.24691e-14 6.28879e-15 3.14878e-15 1.5657e-15 7.73395e-16 3.7962e-16 1.85212e-16 8.98402e-17 4.33369e-17 2.07935e-17 9.92585e-18 4.71482e-18 2.22894e-18 1.04893e-18 4.91442e-19 2.29271e-19 1.06522e-19 4.92947e-20 2.27243e-20 1.04367e-20 4.77607e-21 2.17801e-21 9.8987e-22 4.48403e-22 2.02476e-22 9.11451e-23 4.09059e-23 1.83049e-23 8.16795e-24 3.6346e-24 1.61298e-24 7.13944e-25 3.15201e-25 1.38813e-25 6.09841e-26 2.67285e-26 1.16877e-26 5.09923e-27 2.21985e-27 9.64292e-28 4.18005e-28 1.80827e-28 7.80679e-29 3.3638e-29 1.44662e-29 6.20959e-30 2.66056e-30 1.1379e-30 4.85811e-31 2.07054e-31 8.80977e-32 3.7422e-32 1.58703e-32 6.71974e-33 2.84081e-33 1.19913e-33 5.05407e-34 2.12704e-34 8.93888e-35 3.75124e-35 1.57203e-35 6.57891e-36 2.74957e-36 1.14763e-36 4.78384e-37 1.99158e-37 8.2809e-38 3.43892e-38 1.4264e-38 5.90942e-39 2.44535e-39
1.50149e-10 4.45831e-10 7.87151e-10 1.06394e-09 1.21142e-09 1.22034e-09 1.1199e-09 9.54339e-10 7.65346e-10 5.83297e-10 4.25615e-10 2.99053e-10 2.03276e-10 1.3417e-10 8.62589e-11 5.41572e-11 3.32787e-11 2.00517e-11 1.18664e-11 6.90688e-12 3.95896e-12 2.23714e-12 1.2475e-12 6.87074e-13 3.7404e-13 2.01415e-13 1.0735e-13 5.66628e-14 2.96354e-14 1.53656e-14 7.90143e-15 4.03141e-15 2.04159e-15 1.02657e-15 5.12691e-16 2.54392e-16 1.25445e-16 6.14913e-17 2.99705e-17 1.45275e-17 7.00484e-18 3.36049e-18 1.6043e-18 7.62293e-19 3.60568e-19 1.69805e-19 7.96294e-20 3.71895e-20 1.73001e-20 8.01698e-21 3.70137e-21 1.70276e-21 7.80601e-22 3.56645e-22 1.62412e-22 7.37247e-23 3.33629e-23 1.50524e-23 6.77134e-24 3.03743e-24 1.35873e-24 6.06157e-25 2.69708e-25 1.19699e-25 5.29904e-26 2.34016e-26 1.031e-26 4.53174e-27 1.9874e-27 8.69645e-28 3.79716e-28 1.65446e-28 7.19377e-29 3.12161e-29 1.35189e-29 5.84334e-30 2.52092e-30 1.08556e-30 4.66612e-31 2.00211e-31 8.57555e-32 3.66687e-32 1.56531e-32 6.67106e-33 2.8385e-33 1.20586e-33 5.11488e-34 2.16627e-34 9.16098e-35 3.86844e-35 1.6312e-35 6.86853e-36 2.88815e-36 1.21278e-36 5.0859e-37 2.13e-37 8.90907e-38 3.72163e-38 1.55271e-38 6.47019e-39 2.69289e-39
5.36245e-11 1.65895e-10 3.03313e-10 4.22871e-10 4.95232e-10 5.12002e-10 4.81378e-10 4.19662e-10 3.43886e-10 2.67516e-10 1.99059e-10 1.42517e-10 9.8638e-11 6.6248e-11 4.33136e-11 2.76405e-11 1.72549e-11 1.05574e-11 6.34166e-12 3.7452e-12 2.17734e-12 1.2475e-12 7.05106e-13 3.93506e-13 2.17009e-13 1.18344e-13 6.3862e-14 3.41209e-14 1.80599e-14 9.47415e-15 4.92827e-15 2.54306e-15 1.30225e-15 6.6201e-16 3.34201e-16 1.67593e-16 8.35095e-17 4.13581e-17 2.03629e-17 9.9695e-18 4.85463e-18 2.35168e-18 1.1335e-18 5.43708e-19 2.59589e-19 1.23382e-19 5.83886e-20 2.75157e-20 1.29142e-20 6.0373e-21 2.81167e-21 1.30461e-21 6.03173e-22 2.77903e-22 1.27608e-22 5.84038e-23 2.66453e-23 1.21187e-23 5.49517e-24 2.48447e-24 1.12008e-24 5.03566e-25 2.25781e-25 1.00966e-25 4.5034e-26 2.00364e-26 8.89269e-27 3.93739e-27 1.73929e-27 7.66554e-28 3.37091e-28 1.47913e-28 6.4765e-29 2.8299e-29 1.234e-29 5.37028e-30 2.33254e-30 1.01119e-30 4.37548e-31 1.88983e-31 8.14779e-32 3.50666e-32 1.5066e-32 6.46204e-33 2.76708e-33 1.18295e-33 5.04916e-34 2.15176e-34 9.15586e-35 3.89001e-35 1.65029e-35 6.99096e-36 2.95729e-36 1.24923e-36 5.26977e-37 2.22e-37 9.33977e-38 3.9242e-38 1.64667e-38 6.90103e-39 2.88855e-39
1.91516e-11 6.16306e-11 1.16547e-10 1.67435e-10 2.01515e-10 2.1366e-10 2.05667e-10 1.83316e-10 1.53401e-10 1.21741e-10 9.23336e-11 6.7328e-11 4.74265e-11 3.23986e-11 2.1533e-11 1.39614e-11 8.85102e-12 5.49724e-12 3.35057e-12 2.00704e-12 1.18309e-12 6.87074e-13 3.93506e-13 2.22462e-13 1.24243e-13 6.85989e-14 3.74698e-14 2.02594e-14 1.08491e-14 5.75704e-15 3.02862e-15 1.58021e-15 8.18055e-16 4.20342e-16 2.14448e-16 1.08662e-16 5.47012e-17 2.7365e-17 1.36077e-17 6.72772e-18 3.30782e-18 1.6177e-18 7.87082e-19 3.81057e-19 1.83605e-19 8.80593e-20 4.20465e-20 1.99899e-20 9.46416e-21 4.46272e-21 2.09613e-21 9.80825e-22 4.57265e-22 2.1242e-22 9.83373e-23 4.53713e-23 2.08652e-23 9.56502e-24 4.37125e-24 1.99167e-24 9.04813e-25 4.09883e-25 1.85163e-25 8.34202e-26 3.74835e-26 1.67993e-26 7.51013e-27 3.34918e-27 1.49e-27 6.61332e-28 2.92858e-28 1.29397e-28 5.70479e-29 2.50973e-29 1.10181e-29 4.82719e-30 2.11063e-30 9.21039e-31 4.01152e-31 1.7439e-31 7.56719e-32 3.27764e-32 1.41716e-32 6.11676e-33 2.63563e-33 1.13376e-33 4.86906e-34 2.08771e-34 8.93736e-35 3.8201e-35 1.63035e-35 6.9476e-36 2.95632e-36 1.25615e-36 5.32986e-37 2.25832e-37 9.55563e-38 4.03784e-38 1.70397e-38 7.18144e-39 3.02276e-39
6.83986e-12 2.28617e-11 4.46655e-11 6.60621e-11 8.16447e-11 8.87147e-11 8.73752e-11 7.9579e-11 6.79686e-11 5.50017e-11 4.24998e-11 3.15488e-11 2.26087e-11 1.5703e-11 1.06054e-11 6.98389e-12 4.49475e-12 2.83281e-12 1.75138e-12 1.06377e-12 6.35611e-13 3.7404e-13 2.17009e-13 1.24243e-13 7.02523e-14 3.92617e-14 2.17017e-14 1.18714e-14 6.43034e-15 3.45078e-15 1.8355e-15 9.68139e-16 5.06568e-16 2.63037e-16 1.35589e-16 6.94059e-17 3.52912e-17 1.78301e-17 8.95299e-18 4.46908e-18 2.21821e-18 1.095e-18 5.37696e-19 2.62698e-19 1.27718e-19 6.18007e-20 2.97681e-20 1.42755e-20 6.81676e-21 3.24165e-21 1.53538e-21 7.24399e-22 3.40489e-22 1.59456e-22 7.44113e-23 3.4605e-23 1.60392e-23 7.4099e-24 3.41244e-24 1.56667e-24 7.17111e-25 3.27283e-25 1.48944e-25 6.75952e-26 3.05936e-26 1.38101e-26 6.2179e-27 2.79252e-27 1.25106e-27 5.59139e-28 2.4931e-28 1.10908e-28 4.92278e-29 2.18025e-29 9.63535e-30 4.24929e-30 1.87013e-30 8.21395e-31 3.60061e-31 1.57529e-31 6.87893e-32 2.99831e-32 1.30449e-32 5.66541e-33 2.45619e-33 1.06303e-33 4.59303e-34 1.98123e-34 8.53227e-35 3.66862e-35 1.57493e-35 6.75079e-36 2.88929e-36 1.23476e-36 5.26919e-37 2.24534e-37 9.55452e-38 4.06008e-38 1.72294e-38 7.30168e-39 3.09033e-39
2.44281e-12 8.46875e-12 1.70761e-11 2.59793e-11 3.29456e-11 3.66632e-11 3.69248e-11 3.43452e-11 2.99255e-11 2.46811e-11 1.9421e-11 1.46706e-11 1.06915e-11 7.5472e-12 5.17772e-12 3.46183e-12 2.26109e-12 1.44561e-12 9.06299e-13 5.58008e-13 3.37864e-13 2.01415e-13 1.18344e-13 6.85989e-14 3.92617e-14 2.22042e-14 1.2417e-14 6.8704e-15 3.76343e-15 2.04197e-15 1.09796e-15 5.85311e-16 3.09478e-16 1.6236e-16 8.45447e-17 4.37113e-17 2.24456e-17 1.14505e-17 5.80481e-18 2.92501e-18 1.46536e-18 7.3002e-19 3.61732e-19 1.78314e-19 8.74596e-20 4.26904e-20 2.07407e-20 1.00313e-20 4.83047e-21 2.31624e-21 1.10611e-21 5.26121e-22 2.49287e-22 1.17676e-22 5.53473e-23 2.59402e-23 1.2116e-23 5.64026e-24 2.61714e-24 1.21055e-24 5.58218e-25 2.56639e-25 1.17645e-25 5.37759e-26 2.4513e-26 1.11437e-26 5.05256e-27 2.28494e-27 1.03072e-27 4.6381e-28 2.08206e-28 9.32449e-29 4.16637e-29 1.85743e-29 8.26249e-30 3.66753e-30 1.62451e-30 7.18077e-31 3.16769e-31 1.39461e-31 6.12803e-32 2.68758e-32 1.1765e-32 5.14076e-33 2.24224e-33 9.7628e-34 4.24341e-34 1.84128e-34 7.9763e-35 3.44964e-35 1.48953e-35 6.42154e-36 2.76412e-36 1.188e-36 5.09827e-37 2.1847e-37 9.34836e-38 3.99449e-38 1.70443e-38 7.26278e-39 3.09057e-39
8.72431e-13 3.13307e-12 6.51357e-12 1.01851e-11 1.32442e-11 1.50854e-11 1.55274e-11 1.47422e-11 1.30977e-11 1.10048e-11 8.8147e-12 6.7732e-12 5.01785e-12 3.59877e-12 2.50708e-12 1.70135e-12 1.12738e-12 7.30968e-13 4.64569e-13 2.89868e-13 1.77805e-13 1.0735e-13 6.3862e-14 3.74698e-14 2.17017e-14 1.2417e-14 7.02349e-15 3.92992e-15 2.17651e-15 1.19375e-15 6.48726e-16 3.49457e-16 1.86679e-16 9.89306e-17 5.20304e-17 2.71655e-17 1.40847e-17 7.25386e-18 3.71196e-18 1.88781e-18 9.54413e-19 4.79772e-19 2.39852e-19 1.19275e-19 5.90112e-20 2.90517e-20 1.42343e-20 6.94215e-21 3.37063e-21 1.62948e-21 7.84455e-22 3.76115e-22 1.79623e-22 8.54555e-23 4.05047e-23 1.91295e-23 9.00277e-24 4.22248e-24 1.97386e-24 9.19735e-25 4.27211e-25 1.97829e-25 9.13356e-26 4.2046e-26 1.93008e-26 8.83534e-27 4.03362e-27 1.83662e-27 8.34112e-28 3.77863e-28 1.70755e-28 7.69781e-29 3.46209e-29 1.55349e-29 6.95504e-30 3.10694e-30 1.38493e-30 6.16033e-31 2.73452e-31 1.21137e-31 5.3556e-32 2.36316e-32 1.04075e-32 4.57496e-33 2.00738e-33 8.79202e-34 3.84396e-34 1.6777e-34 7.30985e-35 3.17963e-35 1.3808e-35 5.98662e-36 2.59146e-36 1.12003e-36 4.83338e-37 2.08265e-37 8.96066e-38 3.84974e-38 1.65158e-38 7.07551e-39 3.02701e-39
3.11582e-13 1.15771e-12 2.4793e-12 3.98155e-12 5.30541e-12 6.18148e-12 6.49916e-12 6.29545e-12 5.70065e-12 4.87746e-12 3.97526e-12 3.10599e-12 2.33834e-12 1.70327e-12 1.20454e-12 8.29411e-13 5.57426e-13 3.66425e-13 2.3602e-13 1.49199e-13 9.2691e-14 5.66628e-14 3.41209e-14 2.02594e-14 1.18714e-14 6.8704e-15 3.92992e-15 2.22324e-15 1.24466e-15 6.89934e-16 3.78859e-16 2.06186e-16 1.1126e-16 5.95498e-17 3.16262e-17 1.66719e-17 8.7263e-18 4.53638e-18 2.34284e-18 1.20238e-18 6.13356e-19 3.11065e-19 1.56874e-19 7.86865e-20 3.92627e-20 1.94926e-20 9.63032e-21 4.73548e-21 2.31796e-21 1.12961e-21 5.4814e-22 2.64882e-22 1.27486e-22 6.11191e-23 2.91905e-23 1.38901e-23 6.58585e-24 3.11174e-24 1.46528e-24 6.87711e-25 3.21731e-25 1.50044e-25 6.97622e-26 3.2339e-26 1.49476e-26 6.8895e-27 3.16666e-27 1.45158e-27 6.63646e-28 3.0263e-28 1.37655e-28 6.24604e-29 2.82729e-29 1.27677e-29 5.75247e-30 2.58592e-30 1.15989e-30 5.19133e-31 2.31857e-31 1.03338e-31 4.59637e-32 2.04035e-32 9.03951e-33 3.99717e-33 1.76418e-33 7.77196e-34 3.41768e-34 1.50024e-34 6.57405e-35 2.87581e-35 1.2559e-35 5.47563e-36 2.38345e-36 1.03582e-36 4.49452e-37 1.94721e-37 8.4233e-38 3.63835e-38 1.56924e-38 6.7585e-39 2.90666e-39
1.11279e-13 4.2731e-13 9.41838e-13 1.55226e-12 2.11819e-12 2.52314e-12 2.7084e-12 2.6754e-12 2.46813e-12 2.14954e-12 1.78198e-12 1.41525e-12 1.08237e-12 8.00495e-13 5.74497e-13 4.01265e-13 2.73443e-13 1.82187e-13 1.189e-13 7.61299e-14 4.78907e-14 2.96354e-14 1.80599e-14 1.08491e-14 6.43034e-15 3.76343e-15 2.17651e-15 1.24466e-15 7.04228e-16 3.9445e-16 2.1883e-16 1.20298e-16 6.55594e-17 3.54332e-17 1.89996e-17 1.01108e-17 5.34165e-18 2.80248e-18 1.46052e-18 7.56282e-19 3.89206e-19 1.9911e-19 1.01279e-19 5.1233e-20 2.57789e-20 1.29046e-20 6.42782e-21 3.18635e-21 1.57218e-21 7.72239e-22 3.77663e-22 1.83915e-22 8.91958e-23 4.30863e-23 2.07325e-23 9.93868e-24 4.74697e-24 2.25922e-24 1.07151e-24 5.06488e-25 2.38625e-25 1.12066e-25 5.24658e-26 2.44883e-26 1.1396e-26 5.28799e-27 2.44681e-27 1.12905e-27 5.19582e-28 2.3848e-28 1.09177e-28 4.98563e-29 2.27111e-29 1.03208e-29 4.6791e-30 2.11646e-30 9.55165e-31 4.30117e-31 1.93265e-31 8.6656e-32 3.8774e-32 1.7314e-32 7.71588e-33 3.4318e-33 1.52343e-33 6.75002e-34 2.98526e-34 1.31786e-34 5.80742e-35 2.55467e-35 1.12186e-35 4.91823e-36 2.15257e-36 9.40582e-37 4.10336e-37 1.7873e-37 7.77287e-38 3.37523e-38 1.46344e-38 6.33585e-39 2.73908e-39
3.97427e-14 1.57554e-13 3.57119e-13 6.03627e-13 8.43043e-13 1.02613e-12 1.12402e-12 1.13179e-12 1.06329e-12 9.42271e-13 7.94261e-13 6.40981e-13 4.97838e-13 3.73716e-13 2.72104e-13 1.92733e-13 1.33135e-13 8.98846e-14 5.94212e-14 3.85273e-14 2.45351e-14 1.53656e-14 9.47415e-15 5.75704e-15 3.45078e-15 2.04197e-15 1.19375e-15 6.89934e-16 3.9445e-16 2.2321e-16 1.25082e-16 6.94448e-17 3.82158e-17 2.08534e-17 1.12878e-17 6.06297e-18 3.23259e-18 1.71135e-18 8.99846e-19 4.70066e-19 2.44015e-19 1.25905e-19 6.45859e-20 3.29448e-20 1.67139e-20 8.43511e-21 4.23547e-21 2.11632e-21 1.05245e-21 5.20984e-22 2.56751e-22 1.25987e-22 6.15625e-23 2.996e-23 1.45228e-23 7.01282e-24 3.37375e-24 1.61717e-24 7.72441e-25 3.67689e-25 1.74438e-25 8.24865e-26 3.88815e-26 1.82708e-26 8.55963e-27 3.99826e-27 1.86223e-27 8.64919e-28 4.0061e-28 1.85055e-28 8.52588e-29 3.91798e-29 1.79595e-29 8.21218e-30 3.74609e-30 1.70481e-30 7.74055e-31 3.50661e-31 1.58505e-31 7.14919e-32 3.21772e-32 1.44523e-32 6.47793e-33 2.89779e-33 1.29373e-33 5.76481e-34 2.56391e-34 1.13819e-34 5.04355e-35 2.2309e-35 9.8505e-36 4.34198e-36 1.91064e-36 8.39357e-37 3.68131e-37 1.61197e-37 7.04735e-38 3.07621e-38 1.34073e-38 5.83461e-39 2.53535e-39
1.41938e-14 5.80348e-14 1.35172e-13 2.34171e-13 3.34541e-13 4.15874e-13 4.64663e-13 4.76727e-13 4.55922e-13 4.10967e-13 3.5211e-13 2.88651e-13 2.27606e-13 1.73374e-13 1.28033e-13 9.19401e-14 6.43628e-14 4.40212e-14 2.94718e-14 1.93459e-14 1.24691e-14 7.90143e-15 4.92827e-15 3.02862e-15 1.8355e-15 1.09796e-15 6.48726e-16 3.78859e-16 2.1883e-16 1.25082e-16 7.07892e-17 3.96859e-17 2.20493e-17 1.21456e-17 6.63558e-18 3.59687e-18 1.9351e-18 1.03358e-18 5.48252e-19 2.88883e-19 1.51245e-19 7.86982e-20 4.07067e-20 2.09353e-20 1.07075e-20 5.44728e-21 2.75693e-21 1.38837e-21 6.95796e-22 3.47077e-22 1.72345e-22 8.5204e-23 4.19437e-23 2.05624e-23 1.00399e-23 4.88303e-24 2.36589e-24 1.14207e-24 5.49324e-25 2.63294e-25 1.25768e-25 5.9876e-26 2.84137e-26 1.34409e-26 6.33853e-27 2.98017e-27 1.39707e-27 6.5305e-28 3.04409e-28 1.41507e-28 6.56047e-29 3.03357e-29 1.39914e-29 6.43692e-30 2.95413e-30 1.35251e-30 6.1777e-31 2.81523e-31 1.28003e-31 5.80723e-32 2.6289e-32 1.18757e-32 5.35348e-33 2.40839e-33 1.0813e-33 4.8452e-34 2.1669e-34 9.6726e-35 4.30962e-35 1.91664e-35 8.50871e-36 3.77068e-36 1.66811e-36 7.36697e-37 3.24808e-37 1.42972e-37 6.28305e-38 2.75677e-38 1.20768e-38 5.2824e-39 2.30704e-39
5.06922e-15 2.13573e-14 5.10791e-14 9.06384e-14 1.32384e-13 1.67997e-13 1.91379e-13 1.99983e-13 1.94623e-13 1.78382e-13 1.55299e-13 1.29284e-13 1.03466e-13 7.99511e-14 5.98681e-14 4.35742e-14 3.09062e-14 2.14095e-14 1.45125e-14 9.64238e-15 6.28879e-15 4.03141e-15 2.54306e-15 1.58021e-15 9.68139e-16 5.85311e-16 3.49457e-16 2.06186e-16 1.20298e-16 6.94448e-17 3.96859e-17 2.24626e-17 1.25981e-17 7.00415e-18 3.8617e-18 2.11218e-18 1.14646e-18 6.17728e-19 3.30502e-19 1.75634e-19 9.27288e-20 4.86513e-20 2.53716e-20 1.31543e-20 6.78181e-21 3.47744e-21 1.77375e-21 9.0015e-22 4.5457e-22 2.28463e-22 1.14294e-22 5.69228e-23 2.82267e-23 1.3938e-23 6.85426e-24 3.35729e-24 1.63808e-24 7.96243e-25 3.85622e-25 1.86092e-25 8.94916e-26 4.28908e-26 2.04886e-26 9.75572e-27 4.63064e-27 2.19124e-27 1.03381e-27 4.86314e-28 2.28115e-28 1.06703e-28 4.97754e-29 2.31576e-29 1.07458e-29 4.97361e-30 2.29625e-30 1.05756e-30 4.85902e-31 2.22727e-31 1.01859e-31 4.64776e-32 2.11607e-32 9.61336e-33 4.35811e-33 1.97159e-33 8.90115e-34 4.01056e-34 1.80347e-34 8.09417e-35 3.62587e-35 1.62122e-35 7.23565e-36 3.22353e-36 1.43357e-36 6.36429e-37 2.82059e-37 1.24796e-37 5.51248e-38 2.43101e-38 1.07037e-38 4.70541e-39 2.06533e-39
1.81043e-15 7.85279e-15 1.92717e-14 3.50076e-14 5.22482e-14 6.76543e-14 7.85469e-14 8.35662e-14 8.27292e-14 7.70757e-14 6.81626e-14 5.76069e-14 4.6779e-14 3.66599e-14 2.78282e-14 2.05242e-14 1.47458e-14 1.03434e-14 7.09743e-15 4.77212e-15 3.14878e-15 2.04159e-15 1.30225e-15 8.18055e-16 5.06568e-16 3.09478e-16 1.86679e-16 1.1126e-16 6.55594e-17 3.82158e-17 2.20493e-17 1.25981e-17 7.1314e-18 4.00117e-18 2.22593e-18 1.22831e-18 6.72553e-19 3.65513e-19 1.97227e-19 1.05691e-19 5.62642e-20 2.97615e-20 1.56462e-20 8.17682e-21 4.24888e-21 2.19565e-21 1.12857e-21 5.77097e-22 2.93625e-22 1.48673e-22 7.49253e-23 3.75877e-23 1.87733e-23 9.3362e-24 4.62368e-24 2.28057e-24 1.12044e-24 5.48359e-25 2.67375e-25 1.29897e-25 6.28837e-26 3.03375e-26 1.45868e-26 6.99058e-27 3.33947e-27 1.59032e-27 7.55037e-28 3.57402e-28 1.68687e-28 7.93912e-29 3.7261e-29 1.74404e-29 8.14145e-30 3.79069e-30 1.76046e-30 8.15556e-31 3.76894e-31 1.73759e-31 7.99201e-32 3.66748e-32 1.6792e-32 7.67145e-33 3.49714e-33 1.59084e-33 7.22163e-34 3.27157e-34 1.47913e-34 6.67419e-35 3.00575e-35 1.35108e-35 6.06177e-36 2.7147e-36 1.21356e-36 5.41542e-37 2.41239e-37 1.0728e-37 4.76278e-38 2.11097e-38 9.3411e-39 4.12684e-39 1.82034e-39
