0.372226 0.13208 0.0468671 0.0166303 0.00590106 0.00209393 0.000743006 0.000263647 9.35523e-05 3.3196e-05 1.17792e-05 4.17972e-06 1.48313e-06 5.26271e-07 1.86741e-07 6.6263e-08 2.35127e-08 8.34321e-09 2.96049e-09 1.0505e-09 3.72757e-10 1.32269e-10 4.69341e-11 1.6654e-11 5.90949e-12 2.09692e-12 7.44067e-13 2.64024e-13 9.36859e-14 3.32434e-14 1.1796e-14 4.18569e-15 1.48524e-15 5.27022e-16 1.87008e-16 6.63577e-17 2.35463e-17 8.35513e-18 2.96472e-18 1.052e-18 3.7329e-19 1.32458e-19 4.70011e-20 1.66778e-20 5.91793e-21 2.09991e-21 7.4513e-22 2.64401e-22 9.38197e-23 3.32909e-23 1.18129e-23 4.19167e-24 1.48737e-24 5.27775e-25 1.87275e-25 6.64524e-26 2.35799e-26 8.36706e-27 2.96896e-27 1.0535e-27 3.73823e-28 1.32647e-28 4.70682e-29 1.67016e-29 5.92638e-30 2.10291e-30 7.46194e-31 2.64779e-31 9.39537e-32 3.33384e-32 1.18298e-32 4.19765e-33 1.48949e-33 5.28529e-34 1.87542e-34 6.65473e-35 2.36136e-35 8.37901e-36 2.9732e-36 1.05501e-36 3.74357e-37 1.32836e-37 4.71354e-38 1.67255e-38 5.93485e-39 2.10591e-39 7.4726e-40 2.65157e-40 9.40879e-41 3.3386e-41 1.18466e-41 4.20365e-42 1.49162e-42 5.29284e-43 1.8781e-43 6.66424e-44 2.36473e-44 8.39098e-45 2.97744e-45 1.05651e-45 3.74891e-46
0.13208 0.0632478 0.0282553 0.0120886 0.00502135 0.00204146 0.000816537 0.000322437 0.000126015 4.88321e-05 1.87884e-05 7.18523e-06 2.73353e-06 1.03523e-06 3.905e-07 1.46783e-07 5.50002e-08 2.05509e-08 7.65943e-09 2.84815e-09 1.05686e-09 3.9142e-10 1.44712e-10 5.34148e-11 1.96865e-11 7.2456e-12 2.6633e-12 9.77786e-13 3.58575e-13 1.31359e-13 4.80743e-14 1.75777e-14 6.42147e-15 2.34395e-15 8.54916e-16 3.11587e-16 1.13483e-16 4.13045e-17 1.50241e-17 5.46161e-18 1.98429e-18 7.20529e-19 2.61501e-19 9.4859e-20 3.43936e-20 1.24646e-20 4.51534e-21 1.63501e-21 5.918e-22 2.14122e-22 7.74439e-23 2.79999e-23 1.01199e-23 3.6564e-24 1.32066e-24 4.76862e-25 1.72133e-25 6.21173e-26 2.24098e-26 8.08253e-27 2.91436e-27 1.05058e-27 3.78623e-28 1.36421e-28 4.91426e-29 1.76985e-29 6.37266e-30 2.2941e-30 8.25689e-31 2.97121e-31 1.06897e-31 3.84519e-32 1.38289e-32 4.97259e-33 1.78773e-33 6.42608e-34 2.30951e-34 8.29894e-35 2.98166e-35 1.07109e-35 3.84708e-36 1.38157e-36 4.96079e-37 1.78102e-37 6.39337e-38 2.29473e-38 8.23528e-39 2.95508e-39 1.06025e-39 3.80357e-40 1.36435e-40 4.89336e-41 1.75485e-41 6.29254e-42 2.25613e-42 8.08827e-43 2.89936e-43 1.03921e-43 3.72445e-44 1.33468e-44 4.78246e-45
0.0468671 0.0282553 0.0148719 0.00725244 0.00336512 0.0015072 0.00065735 0.000280789 0.000117942 4.88567e-05 2.00036e-05 8.10882e-06 3.25879e-06 1.2998e-06 5.14996e-07 2.02841e-07 7.94703e-08 3.09867e-08 1.203e-08 4.652e-09 1.79245e-09 6.88362e-10 2.63548e-10 1.00618e-10 3.8314e-11 1.45539e-11 5.5159e-12 2.08608e-12 7.87374e-13 2.96634e-13 1.11557e-13 4.18846e-14 1.57012e-14 5.87717e-15 2.19683e-15 8.20063e-16 3.05738e-16 1.1385e-16 4.23464e-17 1.57336e-17 5.83968e-18 2.1653e-18 8.02108e-19 2.96861e-19 1.09773e-19 4.05576e-20 1.49727e-20 5.52324e-21 2.03594e-21 7.4994e-22 2.7605e-22 1.01546e-22 3.73301e-23 1.37147e-23 5.03567e-24 1.84789e-24 6.77727e-25 2.48427e-25 9.10159e-26 3.33285e-26 1.21984e-26 4.46255e-27 1.63179e-27 5.9642e-28 2.17897e-28 7.95735e-29 2.90475e-29 1.05993e-29 3.86612e-30 1.40965e-30 5.13796e-31 1.87204e-31 6.81848e-32 2.48264e-32 9.03647e-33 3.28809e-33 1.19606e-33 4.34941e-34 1.58117e-34 5.74645e-35 2.08785e-35 7.58364e-36 2.75384e-36 9.99737e-37 3.62844e-37 1.31657e-37 4.77599e-38 1.73211e-38 6.2804e-39 2.27666e-39 8.25106e-40 2.98969e-40 1.08305e-40 3.92263e-41 1.42042e-41 5.14241e-42 1.86136e-42 6.73612e-43 2.43728e-43 8.81696e-44 3.18898e-44
0.0166303 0.0120886 0.00725244 0.00392883 0.00199418 0.000966811 0.000452871 0.000206492 9.21241e-05 4.03657e-05 1.74198e-05 7.4202e-06 3.12518e-06 1.30325e-06 5.38726e-07 2.20957e-07 8.99899e-08 3.64183e-08 1.46534e-08 5.86502e-09 2.33615e-09 9.26408e-10 3.65864e-10 1.4394e-10 5.643e-11 2.20498e-11 8.58937e-12 3.33629e-12 1.29238e-12 4.99355e-13 1.9248e-13 7.40248e-14 2.84078e-14 1.08797e-14 4.15868e-15 1.58672e-15 6.04353e-16 2.29805e-16 8.72453e-17 3.30726e-17 1.2519e-17 4.73225e-18 1.78646e-18 6.73548e-19 2.53639e-19 9.54015e-20 3.58433e-20 1.34521e-20 5.04339e-21 1.88895e-21 7.06803e-22 2.64224e-22 9.86862e-23 3.68268e-23 1.37311e-23 5.1156e-24 1.90435e-24 7.08381e-25 2.6331e-25 9.78043e-26 3.63035e-26 1.34663e-26 4.99189e-27 1.8493e-27 6.84673e-28 2.53338e-28 9.36838e-29 3.46246e-29 1.27899e-29 4.7219e-30 1.74237e-30 6.42607e-31 2.36884e-31 8.72804e-32 3.21436e-32 1.18324e-32 4.3537e-33 1.60123e-33 5.88663e-34 2.16321e-34 7.9461e-35 2.91768e-35 1.07091e-35 3.9292e-36 1.4411e-36 5.28358e-37 1.93646e-37 7.09475e-38 2.59848e-38 9.51388e-39 3.48221e-39 1.27413e-39 4.66054e-40 1.70423e-40 6.23e-41 2.27678e-41 8.3182e-42 3.03819e-42 1.10938e-42 4.04975e-43 1.47795e-43
0.00590106 0.00502135 0.00336512 0.00199418 0.00109344 0.000567728 0.000282963 0.000136586 6.42429e-05 2.95739e-05 1.33691e-05 5.95012e-06 2.61253e-06 1.13351e-06 4.86633e-07 2.06957e-07 8.72713e-08 3.65194e-08 1.51753e-08 6.26577e-09 2.57193e-09 1.05001e-09 4.2653e-10 1.7246e-10 6.94298e-11 2.78387e-11 1.11201e-11 4.42621e-12 1.75592e-12 6.9441e-13 2.73804e-13 1.07658e-13 4.22187e-14 1.65147e-14 6.44463e-15 2.50923e-15 9.74861e-16 3.77964e-16 1.46252e-16 5.64858e-17 2.17768e-17 8.3811e-18 3.22026e-18 1.23536e-18 4.73187e-19 1.80984e-19 6.91249e-20 2.63658e-20 1.00434e-20 3.821e-21 1.45193e-21 5.51069e-22 2.08917e-22 7.91169e-23 2.99298e-23 1.13109e-23 4.27028e-24 1.61065e-24 6.06935e-25 2.28503e-25 8.59531e-26 3.23045e-26 1.21313e-26 4.55199e-27 1.70671e-27 6.39423e-28 2.39386e-28 8.95565e-29 3.34806e-29 1.25082e-29 4.66991e-30 1.74238e-30 6.49689e-31 2.42104e-31 9.0165e-32 3.356e-32 1.24841e-32 4.64145e-33 1.7247e-33 6.40536e-34 2.37765e-34 8.82133e-35 3.27118e-35 1.21246e-35 4.49181e-36 1.66332e-36 6.15648e-37 2.27771e-37 8.42314e-38 3.11362e-38 1.15047e-38 4.24923e-39 1.56881e-39 5.78976e-40 2.13592e-40 7.87669e-41 2.90364e-41 1.07e-41 3.9416e-42 1.45147e-42 5.34313e-43
0.00209393 0.00204146 0.0015072 0.000966811 0.000567728 0.000313347 0.000165095 8.38727e-05 4.13703e-05 1.99121e-05 9.38726e-06 4.34732e-06 1.98229e-06 8.91632e-07 3.96224e-07 1.74175e-07 7.58209e-08 3.27149e-08 1.40023e-08 5.94897e-09 2.51036e-09 1.05271e-09 4.38892e-10 1.81997e-10 7.5091e-11 3.08369e-11 1.26079e-11 5.13359e-12 2.08215e-12 8.41414e-13 3.38848e-13 1.36012e-13 5.44258e-14 2.17146e-14 8.63937e-15 3.42812e-15 1.35683e-15 5.35729e-16 2.11037e-16 8.2949e-17 3.25344e-17 1.27348e-17 4.97504e-18 1.93994e-18 7.55091e-19 2.934e-19 1.13815e-19 4.408e-20 1.70456e-20 6.5817e-21 2.53769e-21 9.77094e-22 3.75709e-22 1.44279e-22 5.5336e-23 2.11975e-23 8.11058e-24 3.09972e-24 1.18335e-24 4.51269e-25 1.71912e-25 6.54241e-26 2.48738e-26 9.44783e-27 3.58524e-27 1.35929e-27 5.14901e-28 1.94878e-28 7.36957e-29 2.78463e-29 1.05136e-29 3.9664e-30 1.49526e-30 5.63272e-31 2.12036e-31 7.97621e-32 2.99839e-32 1.12639e-32 4.22871e-33 1.58654e-33 5.94872e-34 2.22912e-34 8.34801e-35 3.1245e-35 1.16878e-35 4.36959e-36 1.63273e-36 6.09753e-37 2.27597e-37 8.49098e-38 3.16615e-38 1.18002e-38 4.39583e-39 1.63676e-39 6.09158e-40 2.26608e-40 8.42614e-41 3.13178e-41 1.1635e-41 4.32077e-42 1.60389e-42
0.000743006 0.000816537 0.00065735 0.000452871 0.000282963 0.000165095 9.15003e-05 4.87073e-05 2.50936e-05 1.25814e-05 6.16447e-06 2.96114e-06 1.39806e-06 6.50117e-07 2.98255e-07 1.35185e-07 6.06074e-08 2.69044e-08 1.18358e-08 5.1639e-09 2.23589e-09 9.61314e-10 4.10627e-10 1.74339e-10 7.36015e-11 3.09086e-11 1.29157e-11 5.37196e-12 2.22455e-12 9.17388e-13 3.76847e-13 1.5423e-13 6.28992e-14 2.55666e-14 1.03591e-14 4.18465e-15 1.68556e-15 6.7707e-16 2.71257e-16 1.08401e-16 4.32157e-17 1.71887e-17 6.82155e-18 2.70144e-18 1.06763e-18 4.211e-19 1.65778e-19 6.5144e-20 2.55538e-20 1.00068e-20 3.91222e-21 1.52707e-21 5.95153e-22 2.31607e-22 9.00018e-23 3.49256e-23 1.35348e-23 5.23828e-24 2.02476e-24 7.81673e-25 3.01408e-25 1.16086e-25 4.46597e-26 1.71622e-26 6.58818e-27 2.52643e-27 9.67852e-28 3.7041e-28 1.41625e-28 5.40989e-29 2.06463e-29 7.87245e-30 2.99917e-30 1.14162e-30 4.34197e-31 1.65006e-31 6.26573e-32 2.37743e-32 9.01402e-33 3.41514e-33 1.29297e-33 4.8917e-34 1.84941e-34 6.9874e-35 2.63822e-35 9.95467e-36 3.75377e-36 1.41462e-36 5.32782e-37 2.0054e-37 7.54398e-38 2.8363e-38 1.06576e-38 4.00249e-39 1.50233e-39 5.63604e-40 2.11328e-40 7.91988e-41 2.96663e-41 1.1107e-41 4.15643e-42
0.000263647 0.000322437 0.000280789 0.000206492 0.000136586 8.38727e-05 4.87073e-05 2.70723e-05 1.45212e-05 7.56181e-06 3.84016e-06 1.90848e-06 9.30762e-07 4.46451e-07 2.11004e-07 9.84131e-08 4.53546e-08 2.06764e-08 9.33302e-09 4.17468e-09 1.85178e-09 8.15068e-10 3.56189e-10 1.54621e-10 6.67031e-11 2.86082e-11 1.22028e-11 5.17836e-12 2.18686e-12 9.1931e-13 3.8479e-13 1.604e-13 6.66033e-14 2.75538e-14 1.1359e-14 4.66704e-15 1.91141e-15 7.80441e-16 3.17729e-16 1.28991e-16 5.22271e-17 2.10919e-17 8.49697e-18 3.41493e-18 1.36933e-18 5.47871e-19 2.18741e-19 8.71556e-20 3.46581e-20 1.37559e-20 5.44975e-21 2.15522e-21 8.50869e-22 3.35359e-22 1.31965e-22 5.18479e-23 2.03398e-23 7.96755e-24 3.11663e-24 1.21743e-24 4.74923e-25 1.85027e-25 7.19937e-26 2.79782e-26 1.08599e-26 4.21038e-27 1.63051e-27 6.30735e-28 2.43725e-28 9.40801e-29 3.62785e-29 1.39755e-29 5.37848e-30 2.06794e-30 7.94354e-31 3.04856e-31 1.16893e-31 4.47826e-32 1.71419e-32 6.55616e-33 2.50546e-33 9.56714e-34 3.65039e-34 1.39177e-34 5.30238e-35 2.01864e-35 7.67959e-36 2.91953e-36 1.10915e-36 4.21093e-37 1.59764e-37 6.05761e-38 2.29535e-38 8.69212e-39 3.28957e-39 1.24421e-39 4.7032e-40 1.77682e-40 6.70887e-41 2.53171e-41 9.54864e-42
9.35523e-05 0.000126015 0.000117942 9.21241e-05 6.42429e-05 4.13703e-05 2.50936e-05 1.45212e-05 8.08807e-06 4.36385e-06 2.29176e-06 1.17589e-06 5.9121e-07 2.9197e-07 1.41909e-07 6.79937e-08 3.216e-08 1.50337e-08 6.9528e-09 3.18406e-09 1.44499e-09 6.5029e-10 2.90381e-10 1.28731e-10 5.66836e-11 2.48016e-11 1.07875e-11 4.66586e-12 2.00749e-12 8.5943e-13 3.66203e-13 1.55344e-13 6.56181e-14 2.7606e-14 1.15695e-14 4.83103e-15 2.01023e-15 8.33689e-16 3.44647e-16 1.42042e-16 5.83695e-17 2.39184e-17 9.77474e-18 3.98428e-18 1.61997e-18 6.57083e-19 2.65904e-19 1.07364e-19 4.32565e-20 1.73916e-20 6.97834e-21 2.79459e-21 1.11703e-21 4.45676e-22 1.77502e-22 7.0574e-23 2.80132e-23 1.11015e-23 4.39257e-24 1.73538e-24 6.84591e-25 2.69676e-25 1.06083e-25 4.16738e-26 1.63495e-26 6.40597e-27 2.50681e-27 9.79779e-28 3.82488e-28 1.49143e-28 5.80892e-29 2.26e-29 8.78322e-30 3.4099e-30 1.32246e-30 5.12375e-31 1.9832e-31 7.66883e-32 2.96268e-32 1.14351e-32 4.40969e-33 1.699e-33 6.54044e-34 2.51568e-34 9.66819e-35 3.71266e-35 1.42456e-35 5.46188e-36 2.09254e-36 8.01091e-37 3.0646e-37 1.17153e-37 4.47539e-38 1.70848e-38 6.51769e-39 2.4848e-39 9.46686e-40 3.60449e-40 1.37154e-40 5.21563e-41 1.98217e-41
3.3196e-05 4.88321e-05 4.88567e-05 4.03657e-05 2.95739e-05 1.99121e-05 1.25814e-05 7.56181e-06 4.36385e-06 2.43449e-06 1.31964e-06 6.97809e-07 3.61085e-07 1.83307e-07 9.14861e-08 4.49668e-08 2.17987e-08 1.04356e-08 4.93875e-09 2.31283e-09 1.07264e-09 4.93012e-10 2.24717e-10 1.01634e-10 4.56338e-11 2.03506e-11 9.01769e-12 3.97192e-12 1.73958e-12 7.57809e-13 3.28453e-13 1.41677e-13 6.08331e-14 2.60073e-14 1.10727e-14 4.69567e-15 1.98384e-15 8.35124e-16 3.50347e-16 1.46491e-16 6.10587e-17 2.53725e-17 1.05126e-17 4.34348e-18 1.78974e-18 7.35546e-19 3.01536e-19 1.23315e-19 5.03126e-20 2.04812e-20 8.3193e-21 3.37209e-21 1.36403e-21 5.50665e-22 2.2188e-22 8.92359e-23 3.58243e-23 1.43567e-23 5.74372e-24 2.29411e-24 9.14826e-25 3.64237e-25 1.44801e-25 5.74798e-26 2.27843e-26 9.01875e-27 3.56505e-27 1.40736e-27 5.54862e-28 2.18481e-28 8.59226e-29 3.37504e-29 1.32415e-29 5.1892e-30 2.03131e-30 7.94284e-31 3.10249e-31 1.21057e-31 4.71876e-32 1.83751e-32 7.14835e-33 2.77821e-33 1.07874e-33 4.18478e-34 1.62195e-34 6.28083e-35 2.43009e-35 9.39424e-36 3.62861e-36 1.40044e-36 5.40063e-37 2.08106e-37 8.01292e-38 3.08298e-38 1.1853e-38 4.5538e-39 1.74827e-39 6.7072e-40 2.57143e-40 9.8518e-41 3.77198e-41
1.17792e-05 1.87884e-05 2.00036e-05 1.74198e-05 1.33691e-05 9.38726e-06 6.16447e-06 3.84016e-06 2.29176e-06 1.31964e-06 7.3713e-07 4.01089e-07 2.13296e-07 1.11156e-07 5.68919e-08 2.86504e-08 1.42184e-08 6.96279e-09 3.36842e-09 1.61143e-09 7.62983e-10 3.57823e-10 1.66329e-10 7.66785e-11 3.5077e-11 1.59303e-11 7.18574e-12 3.22059e-12 1.43475e-12 6.35527e-13 2.79991e-13 1.22723e-13 5.35289e-14 2.32401e-14 1.00454e-14 4.32383e-15 1.85361e-15 7.91585e-16 3.36802e-16 1.42797e-16 6.03377e-17 2.54124e-17 1.06695e-17 4.46617e-18 1.8641e-18 7.75868e-19 3.22061e-19 1.3334e-19 5.50672e-20 2.26867e-20 9.32467e-21 3.82393e-21 1.5647e-21 6.38896e-22 2.60335e-22 1.05869e-22 4.29695e-23 1.74074e-23 7.03907e-24 2.84134e-24 1.14494e-24 4.60587e-25 1.84983e-25 7.41755e-26 2.96973e-26 1.18719e-26 4.73895e-27 1.88896e-27 7.51895e-28 2.98882e-28 1.18649e-28 4.704e-29 1.8626e-29 7.36602e-30 2.90952e-30 1.14788e-30 4.52348e-31 1.78056e-31 7.00102e-32 2.74977e-32 1.07888e-32 4.22862e-33 1.65572e-33 6.47652e-34 2.5309e-34 9.88087e-35 3.85399e-35 1.50186e-35 5.84732e-36 2.27459e-36 8.84048e-37 3.43306e-37 1.33207e-37 5.16436e-38 2.0006e-38 7.74397e-39 2.99525e-39 1.15764e-39 4.47085e-40 1.7254e-40 6.65395e-41
4.17972e-06 7.18523e-06 8.10882e-06 7.4202e-06 5.95012e-06 4.34732e-06 2.96114e-06 1.90848e-06 1.17589e-06 6.97809e-07 4.01089e-07 2.2427e-07 1.22415e-07 6.54105e-08 3.42936e-08 1.76753e-08 8.97057e-09 4.48924e-09 2.21793e-09 1.08292e-09 5.23017e-10 2.50066e-10 1.18446e-10 5.56149e-11 2.59008e-11 1.19704e-11 5.49259e-12 2.50324e-12 1.13357e-12 5.10235e-13 2.28351e-13 1.01642e-13 4.50094e-14 1.98334e-14 8.69872e-15 3.79815e-15 1.65133e-15 7.15025e-16 3.08396e-16 1.32515e-16 5.67362e-17 2.42077e-17 1.02944e-17 4.36376e-18 1.84409e-18 7.76988e-19 3.26439e-19 1.3677e-19 5.71502e-20 2.38191e-20 9.90256e-21 4.10697e-21 1.69934e-21 7.01542e-22 2.88984e-22 1.18787e-22 4.87264e-23 1.99475e-23 8.15015e-24 3.32369e-24 1.35293e-24 5.49731e-25 2.22981e-25 9.02921e-26 3.65017e-26 1.47325e-26 5.93688e-27 2.38878e-27 9.59721e-28 3.85018e-28 1.54241e-28 6.17047e-29 2.46517e-29 9.83561e-30 3.91917e-30 1.55969e-30 6.19932e-31 2.46108e-31 9.75878e-32 3.86511e-32 1.5291e-32 6.0427e-33 2.38536e-33 9.40621e-34 3.7053e-34 1.45811e-34 5.7322e-35 2.25127e-35 8.83316e-36 3.46255e-36 1.35604e-36 5.30589e-37 2.07423e-37 8.10167e-38 3.1617e-38 1.23282e-38 4.80311e-39 1.86978e-39 7.27301e-40 2.82681e-40 1.09785e-40
1.48313e-06 2.73353e-06 3.25879e-06 3.12518e-06 2.61253e-06 1.98229e-06 1.39806e-06 9.30762e-07 5.9121e-07 3.61085e-07 2.13296e-07 1.22415e-07 6.85068e-08 3.74929e-08 2.01153e-08 1.06008e-08 5.49702e-09 2.8088e-09 1.41599e-09 7.05057e-10 3.47073e-10 1.69051e-10 8.1534e-11 3.89646e-11 1.84617e-11 8.67714e-12 4.04756e-12 1.87462e-12 8.62399e-13 3.94221e-13 1.79123e-13 8.09237e-14 3.63611e-14 1.62536e-14 7.22962e-15 3.20063e-15 1.41058e-15 6.18999e-16 2.70513e-16 1.17751e-16 5.10615e-17 2.20616e-17 9.49847e-18 4.07571e-18 1.74317e-18 7.43213e-19 3.15916e-19 1.33894e-19 5.6588e-20 2.38508e-20 1.00261e-20 4.20392e-21 1.75833e-21 7.33677e-22 3.05421e-22 1.26857e-22 5.25747e-23 2.17428e-23 8.97343e-24 3.69597e-24 1.51932e-24 6.23372e-25 2.55294e-25 1.04365e-25 4.25896e-26 1.73505e-26 7.05662e-27 2.86535e-27 1.16163e-27 4.70208e-28 1.90045e-28 7.66975e-29 3.09088e-29 1.24386e-29 4.99882e-30 2.00622e-30 8.04117e-31 3.21886e-31 1.28689e-31 5.13859e-32 2.04939e-32 8.16383e-33 3.24834e-33 1.29104e-33 5.12549e-34 2.03264e-34 8.05237e-35 3.18664e-35 1.25979e-35 4.97542e-36 1.96305e-36 7.73777e-37 3.04711e-37 1.19882e-37 4.71223e-38 1.85058e-38 7.2612e-39 2.84664e-39 1.11503e-39 4.36394e-40 1.70653e-40
5.26271e-07 1.03523e-06 1.2998e-06 1.30325e-06 1.13351e-06 8.91632e-07 6.50117e-07 4.46451e-07 2.9197e-07 1.83307e-07 1.11156e-07 6.54105e-08 3.74929e-08 2.09969e-08 1.15174e-08 6.20091e-09 3.28264e-09 1.71125e-09 8.7962e-10 4.4633e-10 2.23784e-10 1.10967e-10 5.44609e-11 2.64731e-11 1.27533e-11 6.09227e-12 2.88732e-12 1.35821e-12 6.34422e-13 2.94369e-13 1.35725e-13 6.22047e-14 2.83471e-14 1.28479e-14 5.79308e-15 2.59919e-15 1.16068e-15 5.15968e-16 2.28376e-16 1.00664e-16 4.41937e-17 1.93278e-17 8.42178e-18 3.65664e-18 1.58225e-18 6.82393e-19 2.93367e-19 1.25734e-19 5.37287e-20 2.28935e-20 9.72769e-21 4.12231e-21 1.74236e-21 7.34582e-22 3.08943e-22 1.29624e-22 5.42611e-23 2.26631e-23 9.44506e-24 3.92799e-24 1.63021e-24 6.7522e-25 2.79126e-25 1.15168e-25 4.74307e-26 1.94987e-26 8.00179e-27 3.27812e-27 1.34072e-27 5.47444e-28 2.23178e-28 9.08422e-29 3.69202e-29 1.49829e-29 6.07153e-30 2.45688e-30 9.92812e-31 4.00646e-31 1.61465e-31 6.49877e-32 2.61235e-32 1.0488e-32 4.20553e-33 1.68435e-33 6.73804e-34 2.69238e-34 1.07461e-34 4.28437e-35 1.70629e-35 6.78823e-36 2.69779e-36 1.07107e-36 4.24804e-37 1.68319e-37 6.66282e-38 2.63494e-38 1.04107e-38 4.10949e-39 1.62071e-39 6.38616e-40 2.51418e-40
1.86741e-07 3.905e-07 5.14996e-07 5.38726e-07 4.86633e-07 3.96224e-07 2.98255e-07 2.11004e-07 1.41909e-07 9.14861e-08 5.68919e-08 3.42936e-08 2.01153e-08 1.15174e-08 6.45394e-09 3.54712e-09 1.91559e-09 1.01809e-09 5.33222e-10 2.7554e-10 1.40623e-10 7.09454e-11 3.54105e-11 1.74982e-11 8.56616e-12 4.15685e-12 2.00057e-12 9.55344e-13 4.52869e-13 2.13188e-13 9.96981e-14 4.63331e-14 2.14046e-14 9.83243e-15 4.49225e-15 2.04185e-15 9.23499e-16 4.15715e-16 1.86289e-16 8.31172e-17 3.69302e-17 1.63429e-17 7.20446e-18 3.16417e-18 1.38472e-18 6.03902e-19 2.62496e-19 1.13731e-19 4.91233e-20 2.11538e-20 9.0829e-21 3.88899e-21 1.66059e-21 7.07196e-22 3.00401e-22 1.27286e-22 5.38033e-23 2.26891e-23 9.54626e-24 4.00761e-24 1.6788e-24 7.01778e-25 2.9276e-25 1.21887e-25 5.0648e-26 2.1006e-26 8.6961e-27 3.59354e-27 1.48238e-27 6.10451e-28 2.50966e-28 1.03008e-28 4.22117e-29 1.7271e-29 7.05568e-30 2.87815e-30 1.17234e-30 4.76842e-31 1.93682e-31 7.85615e-32 3.18236e-32 1.28742e-32 5.20155e-33 2.09894e-33 8.45922e-34 3.40515e-34 1.36908e-34 5.49814e-35 2.20551e-35 8.83722e-36 3.53709e-36 1.4142e-36 5.64825e-37 2.25355e-37 8.98211e-38 3.57647e-38 1.42267e-38 5.65373e-39 2.24467e-39 8.90362e-40 3.52843e-40
6.6263e-08 1.46783e-07 2.02841e-07 2.20957e-07 2.06957e-07 1.74175e-07 1.35185e-07 9.84131e-08 6.79937e-08 4.49668e-08 2.86504e-08 1.76753e-08 1.06008e-08 6.20091e-09 3.54712e-09 1.98871e-09 1.09488e-09 5.92868e-10 3.16196e-10 1.66298e-10 8.63401e-11 4.42935e-11 2.24714e-11 1.12825e-11 5.60993e-12 2.76403e-12 1.35021e-12 6.54246e-13 3.14601e-13 1.50189e-13 7.12088e-14 3.35428e-14 1.57027e-14 7.30773e-15 3.38178e-15 1.55658e-15 7.12796e-16 3.24802e-16 1.47307e-16 6.65056e-17 2.98955e-17 1.33825e-17 5.96651e-18 2.64985e-18 1.17247e-18 5.16911e-19 2.27102e-19 9.94418e-20 4.34017e-20 1.88834e-20 8.19097e-21 3.54252e-21 1.52775e-21 6.57036e-22 2.81814e-22 1.20561e-22 5.1446e-23 2.18993e-23 9.29981e-24 3.94012e-24 1.66557e-24 7.0253e-25 2.9569e-25 1.24195e-25 5.20579e-26 2.17777e-26 9.09282e-27 3.78938e-27 1.5763e-27 6.54533e-28 2.71308e-28 1.12267e-28 4.63783e-29 1.9128e-29 7.87642e-30 3.23826e-30 1.32932e-30 5.44878e-31 2.23015e-31 9.11478e-32 3.72006e-32 1.5162e-32 6.17135e-33 2.50859e-33 1.0184e-33 4.12913e-34 1.67208e-34 6.76284e-35 2.732e-35 1.10236e-35 4.4429e-36 1.78863e-36 7.19269e-37 2.88928e-37 1.15938e-37 4.64732e-38 1.86095e-38 7.4443e-39 2.97497e-39 1.18772e-39 4.73729e-40
2.35127e-08 5.50002e-08 7.94703e-08 8.99899e-08 8.72713e-08 7.58209e-08 6.06074e-08 4.53546e-08 3.216e-08 2.17987e-08 1.42184e-08 8.97057e-09 5.49702e-09 3.28264e-09 1.91559e-09 1.09488e-09 6.14128e-10 3.38615e-10 1.83795e-10 9.8329e-11 5.19074e-11 2.70643e-11 1.39494e-11 7.11279e-12 3.59044e-12 1.79534e-12 8.89779e-13 4.37294e-13 2.13217e-13 1.03184e-13 4.95802e-14 2.3663e-14 1.12212e-14 5.28869e-15 2.47809e-15 1.15468e-15 5.35164e-16 2.46769e-16 1.13231e-16 5.17126e-17 2.35107e-17 1.06426e-17 4.79749e-18 2.15393e-18 9.63303e-19 4.29209e-19 1.90548e-19 8.42992e-20 3.71686e-20 1.63347e-20 7.15605e-21 3.1254e-21 1.36097e-21 5.9094e-22 2.55874e-22 1.10492e-22 4.75876e-23 2.04431e-23 8.7603e-24 3.74492e-24 1.59714e-24 6.79598e-25 2.8853e-25 1.22233e-25 5.16732e-26 2.17995e-26 9.17814e-27 3.85665e-27 1.61746e-27 6.77086e-28 2.82919e-28 1.18006e-28 4.9135e-29 2.04238e-29 8.47538e-30 3.51135e-30 1.45243e-30 5.99848e-31 2.47356e-31 1.01849e-31 4.18748e-32 1.7192e-32 7.04841e-33 2.88574e-33 1.17988e-33 4.81775e-34 1.96465e-34 8.00158e-35 3.25479e-35 1.32233e-35 5.36578e-36 2.17477e-36 8.80423e-37 3.56021e-37 1.43805e-37 5.80224e-38 2.33857e-38 9.41549e-39 3.7869e-39 1.52153e-39 6.10717e-40
8.34321e-09 2.05509e-08 3.09867e-08 3.64183e-08 3.65194e-08 3.27149e-08 2.69044e-08 2.06764e-08 1.50337e-08 1.04356e-08 6.96279e-09 4.48924e-09 2.8088e-09 1.71125e-09 1.01809e-09 5.92868e-10 3.38615e-10 1.90009e-10 1.04906e-10 5.70624e-11 3.06133e-11 1.62148e-11 8.48679e-12 4.39284e-12 2.25022e-12 1.14145e-12 5.73716e-13 2.8587e-13 1.41279e-13 6.92818e-14 3.37258e-14 1.6303e-14 7.82858e-15 3.73546e-15 1.77165e-15 8.35413e-16 3.91762e-16 1.82744e-16 8.48122e-17 3.91703e-17 1.80062e-17 8.24011e-18 3.75458e-18 1.70364e-18 7.69921e-19 3.466e-19 1.55447e-19 6.94649e-20 3.09333e-20 1.37283e-20 6.07271e-21 2.67774e-21 1.17711e-21 5.15906e-22 2.25457e-22 9.82511e-23 4.26996e-23 1.85079e-23 8.00145e-24 3.45057e-24 1.4844e-24 6.37061e-25 2.72774e-25 1.16532e-25 4.96746e-26 2.11296e-26 8.9689e-27 3.79928e-27 1.6062e-27 6.77723e-28 2.85417e-28 1.19978e-28 5.03429e-29 2.10865e-29 8.81691e-30 3.68038e-30 1.53373e-30 6.38118e-31 2.65071e-31 1.09938e-31 4.55274e-32 1.88256e-32 7.77302e-33 3.20486e-33 1.31952e-33 5.42534e-34 2.22767e-34 9.13479e-35 3.74095e-35 1.53007e-35 6.25023e-36 2.55004e-36 1.03914e-36 4.22948e-37 1.71947e-37 6.98239e-38 2.83222e-38 1.14754e-38 4.6445e-39 1.87779e-39 7.584e-40
2.96049e-09 7.65943e-09 1.203e-08 1.46534e-08 1.51753e-08 1.40023e-08 1.18358e-08 9.33302e-09 6.9528e-09 4.93875e-09 3.36842e-09 2.21793e-09 1.41599e-09 8.7962e-10 5.33222e-10 3.16196e-10 1.83795e-10 1.04906e-10 5.88873e-11 3.25513e-11 1.77396e-11 9.54104e-12 5.06893e-12 2.66231e-12 1.38337e-12 7.11604e-13 3.62592e-13 1.8311e-13 9.16925e-14 4.55487e-14 2.24553e-14 1.09907e-14 5.34254e-15 2.58004e-15 1.2382e-15 5.90695e-16 2.80191e-16 1.32181e-16 6.20302e-17 2.89635e-17 1.34585e-17 6.22474e-18 2.86616e-18 1.31403e-18 5.99933e-19 2.72808e-19 1.23574e-19 5.5766e-20 2.50749e-20 1.12353e-20 5.01718e-21 2.23308e-21 9.90753e-22 4.38212e-22 1.93241e-22 8.49671e-23 3.7254e-23 1.62892e-23 7.10343e-24 3.08962e-24 1.34043e-24 5.80113e-25 2.5046e-25 1.07882e-25 4.63628e-26 1.98804e-26 8.50628e-27 3.63191e-27 1.54751e-27 6.58046e-28 2.7927e-28 1.18292e-28 5.00116e-29 2.11051e-29 8.89045e-30 3.73849e-30 1.56935e-30 6.57678e-31 2.75163e-31 1.14939e-31 4.79353e-32 1.99605e-32 8.29906e-33 3.4454e-33 1.42829e-33 5.91252e-34 2.4441e-34 1.00895e-34 4.1594e-35 1.71245e-35 7.04108e-36 2.89139e-36 1.18585e-36 4.85754e-37 1.98737e-37 8.12128e-38 3.31485e-38 1.35146e-38 5.50368e-39 2.23883e-39 9.09738e-40
1.0505e-09 2.84815e-09 4.652e-09 5.86502e-09 6.26577e-09 5.94897e-09 5.1639e-09 4.17468e-09 3.18406e-09 2.31283e-09 1.61143e-09 1.08292e-09 7.05057e-10 4.4633e-10 2.7554e-10 1.66298e-10 9.8329e-11 5.70624e-11 3.25513e-11 1.82779e-11 1.01143e-11 5.52156e-12 2.97648e-12 1.5857e-12 8.35487e-13 4.35666e-13 2.2497e-13 1.15105e-13 5.83826e-14 2.93689e-14 1.46587e-14 7.26222e-15 3.57249e-15 1.74558e-15 8.4745e-16 4.08897e-16 1.96135e-16 9.35507e-17 4.43801e-17 2.09447e-17 9.83538e-18 4.59646e-18 2.1382e-18 9.90237e-19 4.56631e-19 2.09697e-19 9.59135e-20 4.37007e-20 1.98368e-20 8.97189e-21 4.04365e-21 1.81631e-21 8.13157e-22 3.62888e-22 1.61445e-22 7.16096e-23 3.167e-23 1.39666e-23 6.14231e-24 2.69405e-24 1.17854e-24 5.14253e-25 2.23837e-25 9.71933e-26 4.21034e-26 1.8197e-26 7.84709e-27 3.3765e-27 1.44977e-27 6.21187e-28 2.65621e-28 1.13354e-28 4.828e-29 2.05244e-29 8.70896e-30 3.68868e-30 1.55956e-30 6.58227e-31 2.77337e-31 1.16658e-31 4.89902e-32 2.05403e-32 8.59851e-33 3.59393e-33 1.49989e-33 6.25036e-34 2.60088e-34 1.08073e-34 4.48439e-35 1.85821e-35 7.68955e-36 3.17784e-36 1.31159e-36 5.40643e-37 2.22576e-37 9.15189e-38 3.75852e-38 1.54172e-38 6.31666e-39 2.58505e-39 1.05672e-39
3.72757e-10 1.05686e-09 1.79245e-09 2.33615e-09 2.57193e-09 2.51036e-09 2.23589e-09 1.85178e-09 1.44499e-09 1.07264e-09 7.62983e-10 5.23017e-10 3.47073e-10 2.23784e-10 1.40623e-10 8.63401e-11 5.19074e-11 3.06133e-11 1.77396e-11 1.01143e-11 5.68091e-12 3.14668e-12 1.7205e-12 9.29383e-13 4.96371e-13 2.62294e-13 1.37218e-13 7.11083e-14 3.65209e-14 1.85985e-14 9.39553e-15 4.71023e-15 2.34423e-15 1.15863e-15 5.68865e-16 2.77539e-16 1.34588e-16 6.48883e-17 3.11106e-17 1.48364e-17 7.03905e-18 3.32318e-18 1.56145e-18 7.30311e-19 3.40069e-19 1.57679e-19 7.28095e-20 3.34867e-20 1.5342e-20 7.00283e-21 3.18489e-21 1.44343e-21 6.51964e-22 2.93509e-22 1.31714e-22 5.89241e-23 2.62812e-23 1.16876e-23 5.18284e-24 2.29195e-24 1.01081e-24 4.44627e-25 1.95078e-25 8.53762e-26 3.72743e-26 1.62349e-26 7.05485e-27 3.05875e-27 1.32325e-27 5.71221e-28 2.46067e-28 1.05781e-28 4.53828e-29 1.94322e-29 8.30455e-30 3.54237e-30 1.50825e-30 6.41016e-31 2.71957e-31 1.15181e-31 4.86996e-32 2.05565e-32 8.66302e-33 3.645e-33 1.53125e-33 6.42288e-34 2.69006e-34 1.125e-34 4.69802e-35 1.95912e-35 8.15833e-36 3.39271e-36 1.409e-36 5.84384e-37 2.4206e-37 1.00137e-37 4.13735e-38 1.70732e-38 7.03691e-39 2.89689e-39 1.19117e-39
1.32269e-10 3.9142e-10 6.88362e-10 9.26408e-10 1.05001e-09 1.05271e-09 9.61314e-10 8.15068e-10 6.5029e-10 4.93012e-10 3.57823e-10 2.50066e-10 1.69051e-10 1.10967e-10 7.09454e-11 4.42935e-11 2.70643e-11 1.62148e-11 9.54104e-12 5.52156e-12 3.14668e-12 1.76784e-12 9.80075e-13 5.36636e-13 2.90431e-13 1.55474e-13 8.23757e-14 4.32235e-14 2.24724e-14 1.15824e-14 5.9205e-15 3.00267e-15 1.5115e-15 7.55466e-16 3.75029e-16 1.84964e-16 9.06583e-17 4.41708e-17 2.13982e-17 1.03094e-17 4.94075e-18 2.35584e-18 1.11783e-18 5.27903e-19 2.48176e-19 1.1616e-19 5.41394e-20 2.51298e-20 1.16183e-20 5.35094e-21 2.45529e-21 1.12256e-21 5.1145e-22 2.32233e-22 1.05103e-22 4.74154e-23 2.13243e-23 9.5614e-24 4.27458e-24 1.90557e-24 8.47127e-25 3.75576e-25 1.66074e-25 7.32466e-26 3.22245e-26 1.41424e-26 6.19192e-27 2.70468e-27 1.17874e-27 5.12577e-28 2.22411e-28 9.63018e-29 4.16114e-29 1.79436e-29 7.72231e-30 3.31698e-30 1.42205e-30 6.08524e-31 2.59927e-31 1.10829e-31 4.71732e-32 2.00445e-32 8.50289e-33 3.60101e-33 1.52259e-33 6.42768e-34 2.70927e-34 1.14022e-34 4.79159e-35 2.01063e-35 8.4248e-36 3.52512e-36 1.47294e-36 6.14617e-37 2.5612e-37 1.06588e-37 4.4301e-38 1.83893e-38 7.62386e-39 3.15683e-39 1.30557e-39
4.69341e-11 1.44712e-10 2.63548e-10 3.65864e-10 4.2653e-10 4.38892e-10 4.10627e-10 3.56189e-10 2.90381e-10 2.24717e-10 1.66329e-10 1.18446e-10 8.1534e-11 5.44609e-11 3.54105e-11 2.24714e-11 1.39494e-11 8.48679e-12 5.06893e-12 2.97648e-12 1.7205e-12 9.80075e-13 5.50745e-13 3.05574e-13 1.67534e-13 9.08283e-14 4.87257e-14 2.58803e-14 1.36173e-14 7.10125e-15 3.67199e-15 1.88352e-15 9.58758e-16 4.84476e-16 2.43111e-16 1.21182e-16 6.00198e-17 2.95457e-17 1.44591e-17 7.03624e-18 3.40553e-18 1.6397e-18 7.85525e-19 3.74502e-19 1.77713e-19 8.39512e-20 3.9486e-20 1.8494e-20 8.62681e-21 4.00827e-21 1.85526e-21 8.55553e-22 3.93124e-22 1.80011e-22 8.2149e-23 3.73662e-23 1.69422e-23 7.65798e-24 3.45102e-24 1.55063e-24 6.94744e-25 3.10408e-25 1.38313e-25 6.14678e-26 2.72465e-26 1.20471e-26 5.3136e-27 2.33806e-27 1.02638e-27 4.49538e-28 1.96452e-28 8.56641e-29 3.72749e-29 1.61856e-29 7.0138e-30 3.03328e-30 1.30925e-30 5.64031e-31 2.42532e-31 1.04097e-31 4.45994e-32 1.90745e-32 8.14383e-33 3.47111e-33 1.47702e-33 6.27479e-34 2.66145e-34 1.12708e-34 4.76569e-35 2.01205e-35 8.48222e-36 3.57065e-36 1.50094e-36 6.30045e-37 2.64106e-37 1.1056e-37 4.62207e-38 1.92977e-38 8.04669e-39 3.35102e-39 1.39379e-39
1.6654e-11 5.34148e-11 1.00618e-10 1.4394e-10 1.7246e-10 1.81997e-10 1.74339e-10 1.54621e-10 1.28731e-10 1.01634e-10 7.66785e-11 5.56149e-11 3.89646e-11 2.64731e-11 1.74982e-11 1.12825e-11 7.11279e-12 4.39284e-12 2.66231e-12 1.5857e-12 9.29383e-13 5.36636e-13 3.05574e-13 1.71751e-13 9.53638e-14 5.23467e-14 2.84253e-14 1.52789e-14 8.13381e-15 4.29069e-15 2.24385e-15 1.1638e-15 5.98901e-16 3.05899e-16 1.5513e-16 7.81344e-17 3.90973e-17 1.94414e-17 9.60933e-18 4.72225e-18 2.30776e-18 1.12179e-18 5.42492e-19 2.61048e-19 1.25016e-19 5.95946e-20 2.82818e-20 1.33638e-20 6.28841e-21 2.9471e-21 1.37577e-21 6.39809e-22 2.96452e-22 1.3687e-22 6.29728e-23 2.88759e-23 1.31976e-23 6.01276e-24 2.7309e-24 1.2366e-24 5.58315e-25 2.51355e-25 1.12846e-25 5.0525e-26 2.25619e-26 1.00491e-26 4.46457e-27 1.97864e-27 8.74801e-28 3.85863e-28 1.69809e-28 7.45619e-29 3.26678e-29 1.42821e-29 6.23098e-30 2.71287e-30 1.17877e-30 5.11181e-31 2.21251e-31 9.55819e-32 4.12159e-32 1.77405e-32 7.62251e-33 3.26944e-33 1.39993e-33 5.98432e-34 2.55393e-34 1.08818e-34 4.62923e-35 1.96626e-35 8.33894e-36 3.53126e-36 1.49317e-36 6.30469e-37 2.65827e-37 1.11926e-37 4.70612e-38 1.97611e-38 8.28674e-39 3.47048e-39 1.45157e-39
5.90949e-12 1.96865e-11 3.8314e-11 5.643e-11 6.94298e-11 7.5091e-11 7.36015e-11 6.67031e-11 5.66836e-11 4.56338e-11 3.5077e-11 2.59008e-11 1.84617e-11 1.27533e-11 8.56616e-12 5.60993e-12 3.59044e-12 2.25022e-12 1.38337e-12 8.35487e-13 4.96371e-13 2.90431e-13 1.67534e-13 9.53638e-14 5.36106e-14 2.97872e-14 1.63687e-14 8.90167e-15 4.79346e-15 2.55722e-15 1.35219e-15 7.08993e-16 3.68772e-16 1.90348e-16 9.75347e-17 4.96286e-17 2.50839e-17 1.25971e-17 6.2874e-18 3.11961e-18 1.53908e-18 7.55164e-19 3.68581e-19 1.78985e-19 8.64908e-20 4.15975e-20 1.99149e-20 9.49221e-21 4.50504e-21 2.12927e-21 1.00235e-21 4.70021e-22 2.19572e-22 1.02199e-22 4.73993e-23 2.19077e-23 1.00917e-23 4.63356e-24 2.12073e-24 9.67644e-25 4.40188e-25 1.99658e-25 9.03019e-26 4.07284e-26 1.83197e-26 8.21844e-27 3.67738e-27 1.64131e-27 7.30757e-28 3.24571e-28 1.43822e-28 6.35831e-29 2.80467e-29 1.23443e-29 5.42148e-30 2.37605e-30 1.03919e-30 4.53588e-31 1.97592e-31 8.59082e-32 3.72801e-32 1.61477e-32 6.9816e-33 3.01316e-33 1.29816e-33 5.58325e-34 2.39725e-34 1.02759e-34 4.39767e-35 1.87902e-35 8.01604e-36 3.41445e-36 1.45219e-36 6.16713e-37 2.61522e-37 1.10742e-37 4.68275e-38 1.97738e-38 8.33845e-39 3.51156e-39 1.47687e-39
2.09692e-12 7.2456e-12 1.45539e-11 2.20498e-11 2.78387e-11 3.08369e-11 3.09086e-11 2.86082e-11 2.48016e-11 2.03506e-11 1.59303e-11 1.19704e-11 8.67714e-12 6.09227e-12 4.15685e-12 2.76403e-12 1.79534e-12 1.14145e-12 7.11604e-13 4.35666e-13 2.62294e-13 1.55474e-13 9.08283e-14 5.23467e-14 2.97872e-14 1.67484e-14 9.31155e-15 5.12211e-15 2.78935e-15 1.50457e-15 8.04245e-16 4.26207e-16 2.24021e-16 1.1683e-16 6.04749e-17 3.10806e-17 1.58646e-17 8.04487e-18 4.0539e-18 2.03048e-18 1.01111e-18 5.00688e-19 2.466e-19 1.20826e-19 5.89046e-20 2.85782e-20 1.38003e-20 6.63398e-21 3.17511e-21 1.51322e-21 7.18228e-22 3.39541e-22 1.59899e-22 7.50188e-23 3.50683e-23 1.63351e-23 7.58296e-24 3.50835e-24 1.61791e-24 7.43761e-25 3.40858e-25 1.55743e-25 7.09538e-26 3.22331e-26 1.46023e-26 6.59725e-27 2.97272e-27 1.33605e-27 5.98954e-28 2.67851e-28 1.19494e-28 5.31834e-29 2.3616e-29 1.0463e-29 4.62539e-30 2.04034e-30 8.98133e-31 3.9453e-31 1.72957e-31 7.56721e-32 3.30437e-32 1.44017e-32 6.26506e-33 2.72046e-33 1.17917e-33 5.10208e-34 2.20377e-34 9.5027e-35 4.09076e-35 1.75813e-35 7.54394e-36 3.23192e-36 1.38245e-36 5.90442e-37 2.51799e-37 1.07224e-37 4.55933e-38 1.93595e-38 8.20876e-39 3.47588e-39 1.46982e-39
7.44067e-13 2.6633e-12 5.5159e-12 8.58937e-12 1.11201e-11 1.26079e-11 1.29157e-11 1.22028e-11 1.07875e-11 9.01769e-12 7.18574e-12 5.49259e-12 4.04756e-12 2.88732e-12 2.00057e-12 1.35021e-12 8.89779e-13 5.73716e-13 3.62592e-13 2.2497e-13 1.37218e-13 8.23757e-14 4.87257e-14 2.84253e-14 1.63687e-14 9.31155e-15 5.23645e-15 2.91298e-15 1.60389e-15 8.74547e-16 4.72471e-16 2.53016e-16 1.34363e-16 7.07852e-17 3.70074e-17 1.92072e-17 9.89923e-18 5.0679e-18 2.57787e-18 1.30319e-18 6.54903e-19 3.27235e-19 1.62611e-19 8.03771e-20 3.95265e-20 1.93417e-20 9.41941e-21 4.56608e-21 2.20353e-21 1.0588e-21 5.06619e-22 2.41425e-22 1.14596e-22 5.41864e-23 2.55267e-23 1.1982e-23 5.60451e-24 2.61253e-24 1.21378e-24 5.62099e-25 2.59488e-25 1.19423e-25 5.47971e-26 2.50704e-26 1.14374e-26 5.20342e-27 2.36088e-27 1.06834e-27 4.82193e-28 2.17088e-28 9.74947e-29 4.36795e-29 1.95231e-29 8.70602e-30 3.87355e-30 1.71964e-30 7.61778e-31 3.36743e-31 1.48548e-31 6.53963e-32 2.87325e-32 1.25993e-32 5.51426e-33 2.40887e-33 1.05036e-33 4.57173e-34 1.98633e-34 8.61525e-35 3.73028e-35 1.61245e-35 6.95853e-36 2.9981e-36 1.28968e-36 5.53914e-37 2.37539e-37 1.01712e-37 4.34877e-38 1.85664e-38 7.91526e-39 3.36969e-39 1.43256e-39
2.64024e-13 9.77786e-13 2.08608e-12 3.33629e-12 4.42621e-12 5.13359e-12 5.37196e-12 5.17836e-12 4.66586e-12 3.97192e-12 3.22059e-12 2.50324e-12 1.87462e-12 1.35821e-12 9.55344e-13 6.54246e-13 4.37294e-13 2.8587e-13 1.8311e-13 1.15105e-13 7.11083e-14 4.32235e-14 2.58803e-14 1.52789e-14 8.90167e-15 5.12211e-15 2.91298e-15 1.63839e-15 9.11905e-16 5.02539e-16 2.74343e-16 1.4843e-16 7.96234e-17 4.2366e-17 2.23672e-17 1.17212e-17 6.09864e-18 3.15154e-18 1.61794e-18 8.25396e-19 4.18532e-19 2.10988e-19 1.05766e-19 5.27324e-20 2.61539e-20 1.29063e-20 6.33787e-21 3.09766e-21 1.50709e-21 7.30001e-22 3.52082e-22 1.69106e-22 8.08948e-23 3.85463e-23 1.82976e-23 8.65365e-24 4.07798e-24 1.91503e-24 8.96247e-25 4.18065e-25 1.94384e-25 9.00981e-26 4.16333e-26 1.9181e-26 8.81126e-27 4.03619e-27 1.84375e-27 8.39958e-28 3.8165e-28 1.72963e-28 7.81885e-29 3.52584e-29 1.58611e-29 7.11836e-30 3.18731e-30 1.42392e-30 6.34726e-31 2.82323e-31 1.25309e-31 5.55032e-32 2.45339e-32 1.0823e-32 4.76518e-33 2.094e-33 9.18446e-34 4.02095e-34 1.75718e-34 7.6653e-35 3.33798e-35 1.45108e-35 6.29751e-36 2.72852e-36 1.18026e-36 5.09723e-37 2.1979e-37 9.46263e-38 4.06777e-38 1.74603e-38 7.48358e-39 3.20288e-39 1.36884e-39
9.36859e-14 3.58575e-13 7.87374e-13 1.29238e-12 1.75592e-12 2.08215e-12 2.22455e-12 2.18686e-12 2.00749e-12 1.73958e-12 1.43475e-12 1.13357e-12 8.62399e-13 6.34422e-13 4.52869e-13 3.14601e-13 2.13217e-13 1.41279e-13 9.16925e-14 5.83826e-14 3.65209e-14 2.24724e-14 1.36173e-14 8.13381e-15 4.79346e-15 2.78935e-15 1.60389e-15 9.11905e-16 5.12969e-16 2.85654e-16 1.57549e-16 8.61038e-17 4.66495e-17 2.50648e-17 1.33608e-17 7.06811e-18 3.71207e-18 1.93598e-18 1.00295e-18 5.16252e-19 2.64095e-19 1.34299e-19 6.79037e-20 3.41438e-20 1.7077e-20 8.49714e-21 4.20697e-21 2.07288e-21 1.0166e-21 4.96327e-22 2.41259e-22 1.16777e-22 5.62912e-23 2.70265e-23 1.29257e-23 6.15855e-24 2.92356e-24 1.38292e-24 6.51889e-25 3.06256e-25 1.43406e-25 6.69355e-26 3.11451e-26 1.44478e-26 6.68221e-27 3.08164e-27 1.41714e-27 6.49897e-28 2.97238e-28 1.35587e-28 6.16896e-29 2.7997e-29 1.26748e-29 5.7243e-30 2.57917e-30 1.1594e-30 5.20002e-31 2.3271e-31 1.03916e-31 4.63049e-32 2.05905e-32 9.13732e-33 4.04671e-33 1.78868e-33 7.89087e-34 3.47454e-34 1.52709e-34 6.69946e-35 2.93386e-35 1.28256e-35 5.59713e-36 2.43847e-36 1.06059e-36 4.60542e-37 1.9966e-37 8.64228e-38 3.735e-38 1.61172e-38 6.94441e-39 2.98772e-39 1.28355e-39
3.32434e-14 1.31359e-13 2.96634e-13 4.99355e-13 6.9441e-13 8.41414e-13 9.17388e-13 9.1931e-13 8.5943e-13 7.57809e-13 6.35527e-13 5.10235e-13 3.94221e-13 2.94369e-13 2.13188e-13 1.50189e-13 1.03184e-13 6.92818e-14 4.55487e-14 2.93689e-14 1.85985e-14 1.15824e-14 7.10125e-15 4.29069e-15 2.55722e-15 1.50457e-15 8.74547e-16 5.02539e-16 2.85654e-16 1.60708e-16 8.95341e-17 4.94194e-17 2.70368e-17 1.46669e-17 7.89243e-18 4.21429e-18 2.23368e-18 1.17553e-18 6.14444e-19 3.1907e-19 1.64647e-19 8.44474e-20 4.30606e-20 2.18336e-20 1.10105e-20 5.52341e-21 2.75677e-21 1.36918e-21 6.76794e-22 3.33006e-22 1.63121e-22 7.95586e-23 3.86404e-23 1.86907e-23 9.00517e-24 4.32202e-24 2.06661e-24 9.84576e-25 4.67416e-25 2.21137e-25 1.04271e-25 4.90052e-26 2.29582e-26 1.07222e-26 4.99244e-27 2.3177e-27 1.07287e-27 4.95237e-28 2.27972e-28 1.0466e-28 4.79223e-29 2.18866e-29 9.97066e-30 4.53108e-30 2.05415e-30 9.29051e-31 4.19222e-31 1.88741e-31 8.47863e-32 3.80052e-32 1.69995e-32 7.58793e-33 3.38004e-33 1.50262e-33 6.6669e-34 2.95229e-34 1.30488e-34 5.75671e-35 2.53505e-35 1.11434e-35 4.88974e-36 2.14191e-36 9.36654e-37 4.08913e-37 1.78226e-37 7.75547e-38 3.36943e-38 1.4616e-38 6.33041e-39 2.73767e-39 1.18218e-39
1.1796e-14 4.80743e-14 1.11557e-13 1.9248e-13 2.73804e-13 3.38848e-13 3.76847e-13 3.8479e-13 3.66203e-13 3.28453e-13 2.79991e-13 2.28351e-13 1.79123e-13 1.35725e-13 9.96981e-14 7.12088e-14 4.95802e-14 3.37258e-14 2.24553e-14 1.46587e-14 9.39553e-15 5.9205e-15 3.67199e-15 2.24385e-15 1.35219e-15 8.04245e-16 4.72471e-16 2.74343e-16 1.57549e-16 8.95341e-17 5.03778e-17 2.80788e-17 1.55095e-17 8.49337e-18 4.61305e-18 2.48587e-18 1.32951e-18 7.0594e-19 3.72244e-19 1.9498e-19 1.01477e-19 5.2488e-20 2.69878e-20 1.37969e-20 7.0144e-21 3.5471e-21 1.78448e-21 8.93252e-22 4.44973e-22 2.20625e-22 1.08894e-22 5.35101e-23 2.61825e-23 1.2758e-23 6.19158e-24 2.99308e-24 1.44139e-24 6.91564e-25 3.30611e-25 1.57499e-25 7.47741e-26 3.53816e-26 1.66875e-26 7.84569e-27 3.67728e-27 1.71836e-27 8.00609e-28 3.71945e-28 1.72312e-28 7.96089e-29 3.6681e-29 1.68571e-29 7.72694e-30 3.53299e-30 1.61142e-30 7.33218e-31 3.32838e-31 1.50741e-31 6.81156e-32 3.07115e-32 1.3817e-32 6.20297e-33 2.77895e-33 1.24243e-33 5.54361e-34 2.46863e-34 1.09719e-34 4.86721e-35 2.15511e-35 9.52501e-36 4.20223e-36 1.85066e-36 8.13618e-37 3.57087e-37 1.56458e-37 6.84396e-38 2.98891e-38 1.30325e-38 5.6736e-39 2.46616e-39 1.07035e-39
4.18569e-15 1.75777e-14 4.18846e-14 7.40248e-14 1.07658e-13 1.36012e-13 1.5423e-13 1.604e-13 1.55344e-13 1.41677e-13 1.22723e-13 1.01642e-13 8.09237e-14 6.22047e-14 4.63331e-14 3.35428e-14 2.3663e-14 1.6303e-14 1.09907e-14 7.26222e-15 4.71023e-15 3.00267e-15 1.88352e-15 1.1638e-15 7.08993e-16 4.26207e-16 2.53016e-16 1.4843e-16 8.61038e-17 4.94194e-17 2.80788e-17 1.58008e-17 8.81037e-18 4.86976e-18 2.66924e-18 1.45141e-18 7.83178e-19 4.19505e-19 2.23125e-19 1.17872e-19 6.18639e-20 3.22652e-20 1.67263e-20 8.62045e-21 4.41784e-21 2.25177e-21 1.1417e-21 5.75924e-22 2.89094e-22 1.44423e-22 7.18168e-23 3.55521e-23 1.75232e-23 8.6005e-24 4.20388e-24 2.04665e-24 9.92548e-25 4.79534e-25 2.3083e-25 1.10716e-25 5.29194e-26 2.52084e-26 1.19684e-26 5.66405e-27 2.67208e-27 1.25672e-27 5.8928e-28 2.75507e-28 1.2844e-28 5.9711e-29 2.76834e-29 1.28004e-29 5.90324e-30 2.71548e-30 1.24599e-30 5.70319e-31 2.60422e-31 1.18636e-31 5.39206e-32 2.44519e-32 1.10639e-32 4.9953e-33 2.25056e-33 1.01185e-33 4.53991e-34 2.03287e-34 9.08475e-35 4.05207e-35 1.80391e-35 8.0157e-36 3.55527e-36 1.57406e-36 6.95665e-37 3.06919e-37 1.35178e-37 5.94369e-38 2.60909e-38 1.14345e-38 5.00321e-39 2.18574e-39 9.53399e-40
1.48524e-15 6.42147e-15 1.57012e-14 2.84078e-14 4.22187e-14 5.44258e-14 6.28992e-14 6.66033e-14 6.56181e-14 6.08331e-14 5.35289e-14 4.50094e-14 3.63611e-14 2.83471e-14 2.14046e-14 1.57027e-14 1.12212e-14 7.82858e-15 5.34254e-15 3.57249e-15 2.34423e-15 1.5115e-15 9.58758e-16 5.98901e-16 3.68772e-16 2.24021e-16 1.34363e-16 7.96234e-17 4.66495e-17 2.70368e-17 1.55095e-17 8.81037e-18 4.95839e-18 2.76581e-18 1.52972e-18 8.39199e-19 4.56808e-19 2.46805e-19 1.3239e-19 7.05282e-20 3.73238e-20 1.9626e-20 1.02566e-20 5.32837e-21 2.75229e-21 1.4138e-21 7.22362e-22 3.67174e-22 1.85699e-22 9.34626e-23 4.68188e-23 2.33464e-23 1.15903e-23 5.72926e-24 2.82026e-24 1.38266e-24 6.75188e-25 3.28447e-25 1.59178e-25 7.6863e-26 3.69839e-26 1.77339e-26 8.47491e-27 4.0368e-27 1.91667e-27 9.07188e-28 4.28076e-28 2.01395e-28 9.44733e-29 4.41909e-29 2.06133e-29 9.5891e-30 4.44889e-30 2.0587e-30 9.50227e-31 4.37498e-31 2.00938e-31 9.2068e-32 4.20857e-32 1.91939e-32 8.73394e-33 3.9655e-33 1.79657e-33 8.12206e-34 3.66423e-34 1.64972e-34 7.41247e-35 3.32399e-35 1.4877e-35 6.64576e-36 2.96321e-36 1.31881e-36 5.85894e-37 2.59827e-37 1.15025e-37 5.08345e-38 2.24281e-38 9.87881e-39 4.3442e-39 1.9073e-39 8.36066e-40
