0.00558949 0.00438745 0.00344391 0.00270329 0.00212193 0.0016656 0.00130741 0.00102625 0.000805548 0.000632312 0.000496331 0.000389593 0.00030581 0.000240044 0.000188422 0.000147901 0.000116094 9.11278e-05 7.15304e-05 5.61475e-05 4.40728e-05 3.45948e-05 2.7155e-05 2.13152e-05 1.67313e-05 1.31332e-05 1.03088e-05 8.09189e-06 6.3517e-06 4.98574e-06 3.91354e-06 3.07192e-06 2.41129e-06 1.89273e-06 1.48569e-06 1.16619e-06 9.15396e-07 7.18537e-07 5.64013e-07 4.4272e-07 3.47511e-07 2.72778e-07 2.14116e-07 1.68069e-07 1.31925e-07 1.03554e-07 8.12846e-08 6.3804e-08 5.00827e-08 3.93122e-08 3.0858e-08 2.42219e-08 1.90129e-08 1.49241e-08 1.17146e-08 9.19533e-09 7.21784e-09 5.66562e-09 4.4472e-09 3.49082e-09 2.7401e-09 2.15083e-09 1.68829e-09 1.32522e-09 1.04022e-09 8.16519e-10 6.40924e-10 5.03091e-10 3.94899e-10 3.09975e-10 2.43313e-10 1.90988e-10 1.49915e-10 1.17675e-10 9.23689e-11 7.25046e-11 5.69122e-11 4.4673e-11 3.50659e-11 2.75249e-11 2.16055e-11 1.69592e-11 1.3312e-11 1.04492e-11 8.20209e-12 6.4382e-12 5.05364e-12 3.96684e-12 3.11375e-12 2.44413e-12 1.91851e-12 1.50593e-12 1.18207e-12 9.27863e-13 7.28323e-13 5.71694e-13 4.48749e-13 3.52244e-13 2.76493e-13 2.17032e-13 1.70358e-13
0.00438745 0.00367117 0.00306006 0.00254201 0.00210525 0.00173878 0.00143257 0.00117765 0.000966118 0.000791103 0.000646682 0.000527791 0.000430128 0.000350061 0.000284539 0.000231009 0.000187343 0.000151774 0.00012284 9.9331e-05 8.02524e-05 6.47857e-05 5.22599e-05 4.21253e-05 3.39327e-05 2.73157e-05 2.19753e-05 1.76686e-05 1.41979e-05 1.14028e-05 9.15332e-06 7.34398e-06 5.88953e-06 4.721e-06 3.78269e-06 3.02962e-06 2.4255e-06 1.94111e-06 1.55288e-06 1.24186e-06 9.92792e-07 7.93418e-07 6.33881e-07 5.06268e-07 4.04227e-07 3.2266e-07 2.57481e-07 2.05414e-07 1.63833e-07 1.30636e-07 1.04141e-07 8.29997e-08 6.61351e-08 5.26856e-08 4.19621e-08 3.34143e-08 2.66023e-08 2.11749e-08 1.68515e-08 1.34083e-08 1.06667e-08 8.48423e-09 6.74711e-09 5.36476e-09 4.26493e-09 3.39004e-09 2.6942e-09 2.14086e-09 1.70091e-09 1.35118e-09 1.07321e-09 8.52303e-10 6.76778e-10 5.37329e-10 4.26559e-10 3.38582e-10 2.68716e-10 2.13242e-10 1.692e-10 1.34238e-10 1.06489e-10 8.44666e-11 6.69913e-11 5.31258e-11 4.21258e-11 3.33999e-11 2.64789e-11 2.099e-11 1.66373e-11 1.3186e-11 1.04497e-11 8.28044e-12 6.56093e-12 5.19804e-12 4.11791e-12 3.26195e-12 2.5837e-12 2.04631e-12 1.62056e-12 1.2833e-12 1.01614e-12
0.00344391 0.00306006 0.00269127 0.00234683 0.00203177 0.00174815 0.00149606 0.0012743 0.00108089 0.000913428 0.000769337 0.000646022 0.000540986 0.000451893 0.000376606 0.000313198 0.000259956 0.000215374 0.000178136 0.000147105 0.0001213 9.98834e-05 8.21413e-05 6.74679e-05 5.53517e-05 4.53618e-05 3.71363e-05 3.03725e-05 2.48174e-05 2.02603e-05 1.6526e-05 1.34691e-05 1.09691e-05 8.9266e-06 7.25926e-06 5.89934e-06 4.79107e-06 3.88856e-06 3.15417e-06 2.55699e-06 2.07172e-06 1.67765e-06 1.35783e-06 1.09843e-06 8.88154e-07 7.17799e-07 5.79857e-07 4.6822e-07 3.77916e-07 3.04903e-07 2.45899e-07 1.98236e-07 1.59753e-07 1.28693e-07 1.03635e-07 8.34282e-08 6.71387e-08 5.40123e-08 4.34385e-08 3.4924e-08 2.807e-08 2.25546e-08 1.81177e-08 1.45497e-08 1.16811e-08 9.37566e-09 7.52328e-09 6.03537e-09 4.84054e-09 3.88132e-09 3.11146e-09 2.49373e-09 1.99819e-09 1.60077e-09 1.28212e-09 1.02669e-09 8.21977e-10 6.5795e-10 5.26551e-10 4.21313e-10 3.37044e-10 2.69581e-10 2.15582e-10 1.72369e-10 1.37794e-10 1.10135e-10 8.80138e-11 7.0324e-11 5.61805e-11 4.48745e-11 3.58382e-11 2.86172e-11 2.28477e-11 1.82387e-11 1.45573e-11 1.16174e-11 9.26991e-12 7.39575e-12 5.89971e-12 4.70567e-12 3.7528e-12
0.00270329 0.00254201 0.00234683 0.0021355 0.00192052 0.00171046 0.00151091 0.00132529 0.00115538 0.00100188 0.000864645 0.000743053 0.000636127 0.00054271 0.000461557 0.000391411 0.000331048 0.000279312 0.000235128 0.000197518 0.000165599 0.000138584 0.000115776 9.65659e-05 8.04206e-05 6.68784e-05 5.55411e-05 4.60663e-05 3.81611e-05 3.15757e-05 2.60978e-05 2.15474e-05 1.77726e-05 1.46449e-05 1.20565e-05 9.91677e-06 8.14989e-06 6.69237e-06 5.4912e-06 4.50223e-06 3.6887e-06 3.02005e-06 2.47095e-06 2.02036e-06 1.6509e-06 1.34819e-06 1.10033e-06 8.97531e-07 7.31705e-07 5.96198e-07 4.85534e-07 3.95213e-07 3.21536e-07 2.61471e-07 2.12529e-07 1.7267e-07 1.40225e-07 1.13829e-07 9.23634e-08 7.49157e-08 6.07401e-08 4.92281e-08 3.98831e-08 3.23004e-08 2.615e-08 2.11635e-08 1.7122e-08 1.38478e-08 1.11961e-08 9.04933e-09 7.31193e-09 5.90633e-09 4.76953e-09 3.85042e-09 3.10756e-09 2.50732e-09 2.02248e-09 1.63096e-09 1.31489e-09 1.05981e-09 8.53994e-10 6.87983e-10 5.54111e-10 4.46184e-10 3.59196e-10 2.89102e-10 2.32635e-10 1.87156e-10 1.50536e-10 1.21056e-10 9.73289e-11 7.82367e-11 6.28771e-11 5.05231e-11 4.05886e-11 3.26014e-11 2.61812e-11 2.10214e-11 1.68755e-11 1.35449e-11 1.08697e-11
0.00212193 0.00210525 0.00203177 0.00192052 0.00178607 0.00163936 0.00148846 0.00133914 0.00119538 0.00105983 0.000934047 0.000818846 0.000714462 0.000620732 0.000537219 0.000463307 0.000398276 0.000341358 0.000291772 0.000248754 0.000211577 0.000179558 0.000152069 0.000128538 0.000108449 9.13422e-05 7.68082e-05 6.44869e-05 5.40629e-05 4.52606e-05 3.78413e-05 3.15982e-05 2.63532e-05 2.19535e-05 1.82681e-05 1.51853e-05 1.261e-05 1.04612e-05 8.67044e-06 7.17975e-06 5.94019e-06 4.91053e-06 4.05608e-06 3.34769e-06 2.76095e-06 2.27538e-06 1.8739e-06 1.5422e-06 1.26838e-06 1.04251e-06 8.56333e-07 7.0298e-07 5.76752e-07 4.72922e-07 3.8757e-07 3.17452e-07 2.59884e-07 2.12647e-07 1.7391e-07 1.42162e-07 1.16154e-07 9.48614e-08 7.74373e-08 6.31862e-08 5.15359e-08 4.20162e-08 3.42411e-08 2.78938e-08 2.27143e-08 1.84896e-08 1.50451e-08 1.22379e-08 9.95089e-09 8.08851e-09 6.57246e-09 5.3388e-09 4.33529e-09 3.51928e-09 2.85598e-09 2.31699e-09 1.87915e-09 1.5236e-09 1.23497e-09 1.00074e-09 8.10703e-10 6.56577e-10 5.3161e-10 4.30316e-10 3.48233e-10 2.81735e-10 2.2788e-10 1.84274e-10 1.48976e-10 1.20412e-10 9.73015e-11 7.86088e-11 6.34929e-11 5.12724e-11 4.1395e-11 3.34133e-11 2.6965e-11
0.0016656 0.00173878 0.00174815 0.00171046 0.00163936 0.00154577 0.00143829 0.00132354 0.00120658 0.00109108 0.000979706 0.000874239 0.000775814 0.000685054 0.000602198 0.000527205 0.000459828 0.000399687 0.000346313 0.000299186 0.000257768 0.000221519 0.000189914 0.000162455 0.000138674 0.00011814 0.000100458 8.52709e-05 7.22584e-05 6.1134e-05 5.16436e-05 4.35633e-05 3.66965e-05 3.08713e-05 2.5938e-05 2.17666e-05 1.82449e-05 1.52759e-05 1.27764e-05 1.06748e-05 8.91006e-06 7.42995e-06 6.18999e-06 5.15237e-06 4.28499e-06 3.56067e-06 2.9564e-06 2.45277e-06 2.03339e-06 1.68449e-06 1.39446e-06 1.15357e-06 9.53661e-07 7.8788e-07 6.50507e-07 5.36756e-07 4.42632e-07 3.648e-07 3.00484e-07 2.47371e-07 2.03536e-07 1.67382e-07 1.37579e-07 1.13026e-07 9.28095e-08 7.6173e-08 6.24896e-08 5.12409e-08 4.19985e-08 3.44082e-08 2.81778e-08 2.30659e-08 1.88738e-08 1.54374e-08 1.26217e-08 1.03157e-08 8.42788e-09 6.883e-09 5.61929e-09 4.58599e-09 3.7414e-09 3.05133e-09 2.48771e-09 2.02754e-09 1.65196e-09 1.34553e-09 1.09561e-09 8.91836e-10 7.25748e-10 5.90419e-10 4.80187e-10 3.90425e-10 3.17355e-10 2.5789e-10 2.09512e-10 1.70164e-10 1.3817e-10 1.12163e-10 9.10285e-11 7.3858e-11 5.99119e-11
0.00130741 0.00143257 0.00149606 0.00151091 0.00148846 0.00143829 0.00136839 0.00128532 0.00119433 0.00109956 0.00100421 0.000910681 0.000820699 0.000735468 0.00065576 0.000582009 0.00051439 0.000452878 0.000397309 0.000347415 0.00030286 0.000263268 0.000228243 0.000197385 0.000170298 0.000146604 0.000125943 0.00010798 9.24056e-05 7.89368e-05 6.73171e-05 5.73152e-05 4.87243e-05 4.13601e-05 3.50595e-05 2.96786e-05 2.50911e-05 2.11863e-05 1.78679e-05 1.50519e-05 1.26657e-05 1.06464e-05 8.93987e-06 7.49942e-06 6.28503e-06 5.26241e-06 4.40222e-06 3.67944e-06 3.07275e-06 2.56399e-06 2.13778e-06 1.78105e-06 1.48274e-06 1.2335e-06 1.02543e-06 8.5188e-07 7.07228e-07 5.86758e-07 4.86502e-07 4.03127e-07 3.33841e-07 2.76301e-07 2.28548e-07 1.88943e-07 1.56116e-07 1.28925e-07 1.06414e-07 8.77887e-08 7.23878e-08 5.96597e-08 4.91464e-08 4.0467e-08 3.33053e-08 2.73989e-08 2.25301e-08 1.85186e-08 1.5215e-08 1.24957e-08 1.02582e-08 8.41811e-09 6.90541e-09 5.6624e-09 4.64141e-09 3.80313e-09 3.11514e-09 2.55072e-09 2.08784e-09 1.70838e-09 1.39743e-09 1.1427e-09 9.34101e-10 7.63343e-10 6.23607e-10 5.09296e-10 4.15814e-10 3.39391e-10 2.76934e-10 2.25906e-10 1.84228e-10 1.50199e-10 1.22422e-10
0.00102625 0.00117765 0.0012743 0.00132529 0.00133914 0.00132354 0.00128532 0.00123032 0.00116354 0.0010891 0.00101036 0.00093001 0.000850132 0.000772313 0.000697712 0.000627134 0.000561099 0.000499896 0.000443635 0.000392287 0.000345722 0.000303734 0.000266068 0.000232435 0.000202533 0.00017605 0.00015268 0.000132126 0.000114105 9.83497e-05 8.46128e-05 7.26661e-05 6.2301e-05 5.33284e-05 4.55778e-05 3.88961e-05 3.3147e-05 2.82093e-05 2.39757e-05 2.03519e-05 1.7255e-05 1.46122e-05 1.23603e-05 1.04441e-05 8.81568e-06 7.43362e-06 6.26208e-06 5.27016e-06 4.43128e-06 3.7226e-06 3.12455e-06 2.62038e-06 2.19577e-06 1.8385e-06 1.53818e-06 1.28595e-06 1.07429e-06 8.9684e-07 7.4818e-07 6.23741e-07 5.19658e-07 4.32666e-07 3.60011e-07 2.99374e-07 2.48802e-07 2.06653e-07 1.71547e-07 1.42325e-07 1.18017e-07 9.78091e-08 8.10191e-08 6.70772e-08 5.55068e-08 4.59099e-08 3.79542e-08 3.13624e-08 2.59037e-08 2.13855e-08 1.76476e-08 1.45567e-08 1.20021e-08 9.89178e-09 8.14916e-09 6.71086e-09 5.52425e-09 4.54571e-09 3.73909e-09 3.07446e-09 2.52704e-09 2.07636e-09 1.70545e-09 1.40031e-09 1.14937e-09 9.43092e-10 7.73578e-10 6.34327e-10 5.19977e-10 4.26108e-10 3.49076e-10 2.85884e-10 2.34061e-10
0.000805548 0.000966118 0.00108089 0.00115538 0.00119538 0.00120658 0.00119433 0.00116354 0.00111861 0.00106334 0.00100098 0.00093428 0.000865464 0.000796331 0.000728291 0.000662416 0.000599489 0.000540055 0.000484463 0.000432898 0.00038542 0.000341992 0.000302501 0.000266779 0.000234622 0.000205802 0.000180075 0.000157197 0.000136921 0.00011901 0.000103234 8.93791e-05 7.72427e-05 6.66382e-05 5.7394e-05 4.93533e-05 4.23743e-05 3.63288e-05 3.11019e-05 2.65909e-05 2.27045e-05 1.93617e-05 1.6491e-05 1.40294e-05 1.19218e-05 1.01197e-05 8.58091e-06 7.26863e-06 6.15092e-06 5.20006e-06 4.39208e-06 3.70628e-06 3.12481e-06 2.63231e-06 2.21558e-06 1.86332e-06 1.56583e-06 1.31483e-06 1.10323e-06 9.25019e-07 7.75042e-07 6.48931e-07 5.42974e-07 4.54019e-07 3.79392e-07 3.16833e-07 2.64426e-07 2.20556e-07 1.83856e-07 1.53175e-07 1.27543e-07 1.06141e-07 8.82832e-08 7.33912e-08 6.09798e-08 5.06418e-08 4.20356e-08 3.4875e-08 2.89204e-08 2.39714e-08 1.98601e-08 1.64466e-08 1.36138e-08 1.12641e-08 9.31598e-09 7.70157e-09 6.36433e-09 5.25716e-09 4.34089e-09 3.58292e-09 2.95618e-09 2.43816e-09 2.01017e-09 1.65671e-09 1.36491e-09 1.12411e-09 9.25478e-10 7.61685e-10 6.26671e-10 5.15419e-10 4.23781e-10
0.000632312 0.000791103 0.000913428 0.00100188 0.00105983 0.00109108 0.00109956 0.0010891 0.00106334 0.00102558 0.000978816 0.00092563 0.00086825 0.000808548 0.000748062 0.000688031 0.000629425 0.000572985 0.000519247 0.000468583 0.000421222 0.00037728 0.000336781 0.000299678 0.000265871 0.000235216 0.000207547 0.000182674 0.000160401 0.000140527 0.000122851 0.00010718 9.33258e-05 8.11114e-05 7.03702e-05 6.09473e-05 5.27e-05 4.54972e-05 3.92196e-05 3.37591e-05 2.90183e-05 2.49097e-05 2.1355e-05 1.82846e-05 1.56367e-05 1.33566e-05 1.13961e-05 9.71263e-06 8.26907e-06 7.0328e-06 5.97538e-06 5.07202e-06 4.30117e-06 3.64414e-06 3.08472e-06 2.60892e-06 2.20464e-06 1.86149e-06 1.57049e-06 1.32395e-06 1.11526e-06 9.38775e-07 7.89645e-07 6.63737e-07 5.57521e-07 4.67987e-07 3.92574e-07 3.29102e-07 2.75718e-07 2.30852e-07 1.93171e-07 1.61546e-07 1.3502e-07 1.12786e-07 9.41616e-08 7.85701e-08 6.55255e-08 5.46183e-08 4.55035e-08 3.78908e-08 3.15363e-08 2.62349e-08 2.18144e-08 1.81303e-08 1.50616e-08 1.25067e-08 1.03806e-08 8.61224e-09 7.14211e-09 5.92047e-09 4.90579e-09 4.06337e-09 3.36429e-09 2.78439e-09 2.30358e-09 1.90507e-09 1.57492e-09 1.30151e-09 1.07519e-09 8.87902e-10 7.32986e-10
0.000496331 0.000646682 0.000769337 0.000864645 0.000934047 0.000979706 0.00100421 0.00101036 0.00100098 0.000978816 0.000946431 0.000906176 0.000860146 0.000810173 0.000757826 0.000704424 0.00065105 0.000598579 0.000547691 0.000498903 0.000452587 0.000408995 0.000368277 0.000330497 0.000295657 0.000263704 0.000234543 0.000208054 0.000184092 0.0001625 0.000143115 0.000125769 0.000110298 9.65386e-05 8.43362e-05 7.3543e-05 6.40199e-05 5.56371e-05 4.82746e-05 4.18219e-05 3.6178e-05 3.1251e-05 2.69578e-05 2.32235e-05 1.99807e-05 1.71694e-05 1.47358e-05 1.26325e-05 1.08172e-05 9.25256e-06 7.90586e-06 6.74821e-06 5.75432e-06 4.90204e-06 4.17204e-06 3.54748e-06 3.01373e-06 2.55805e-06 2.16943e-06 1.83832e-06 1.5565e-06 1.31684e-06 1.11323e-06 9.40398e-07 7.93817e-07 6.69605e-07 5.64435e-07 4.75459e-07 4.00242e-07 3.36704e-07 2.83072e-07 2.37835e-07 1.99704e-07 1.67587e-07 1.40552e-07 1.17811e-07 9.86934e-08 8.26326e-08 6.91481e-08 5.78334e-08 4.83449e-08 4.03926e-08 3.37314e-08 2.81549e-08 2.34889e-08 1.95869e-08 1.63255e-08 1.3601e-08 1.1326e-08 9.42741e-09 7.84366e-09 6.52319e-09 5.42274e-09 4.50607e-09 3.74284e-09 3.10764e-09 2.57923e-09 2.13983e-09 1.77462e-09 1.47119e-09 1.21918e-09
0.000389593 0.000527791 0.000646022 0.000743053 0.000818846 0.000874239 0.000910681 0.00093001 0.00093428 0.00092563 0.000906176 0.000877945 0.00084282 0.000802512 0.000758542 0.000712234 0.000664722 0.000616955 0.000569713 0.00052362 0.000479161 0.000436699 0.000396493 0.000358712 0.000323449 0.000290738 0.000260561 0.000232862 0.000207555 0.000184532 0.000163669 0.000144834 0.000127886 0.000112687 9.90966e-05 8.69789e-05 7.62032e-05 6.66453e-05 5.81878e-05 5.0721e-05 4.41433e-05 3.83607e-05 3.32871e-05 2.8844e-05 2.49601e-05 2.15708e-05 1.86181e-05 1.60499e-05 1.38194e-05 1.18852e-05 1.02102e-05 8.76177e-06 7.51087e-06 6.43196e-06 5.50253e-06 4.70285e-06 4.01558e-06 3.4256e-06 2.91969e-06 2.48631e-06 2.11547e-06 1.79844e-06 1.52769e-06 1.29667e-06 1.09974e-06 9.32012e-07 7.89285e-07 6.67934e-07 5.64843e-07 4.77334e-07 4.03111e-07 3.40205e-07 2.8693e-07 2.41845e-07 2.03718e-07 1.71497e-07 1.44287e-07 1.21324e-07 1.01957e-07 8.5633e-08 7.18834e-08 6.0309e-08 5.05714e-08 4.23841e-08 3.55042e-08 2.97261e-08 2.48761e-08 2.08074e-08 1.73959e-08 1.45369e-08 1.21423e-08 1.01375e-08 8.45997e-09 7.05696e-09 5.88409e-09 4.90409e-09 4.08561e-09 3.40234e-09 2.8322e-09 2.35666e-09 1.96021e-09
0.00030581 0.000430128 0.000540986 0.000636127 0.000714462 0.000775814 0.000820699 0.000850132 0.000865464 0.00086825 0.000860146 0.00084282 0.000817895 0.000786905 0.000751261 0.000712238 0.000670962 0.00062841 0.000585416 0.000542674 0.000500751 0.0004601 0.000421067 0.00038391 0.000348807 0.000315869 0.000285152 0.000256665 0.00023038 0.000206239 0.000184163 0.000164056 0.00014581 0.00012931 0.000114438 0.000101073 8.90974e-05 7.8396e-05 6.88578e-05 6.0377e-05 5.28537e-05 4.61948e-05 4.03131e-05 3.51285e-05 3.05671e-05 2.65614e-05 2.30499e-05 1.99768e-05 1.72918e-05 1.49495e-05 1.29093e-05 1.11349e-05 9.59366e-06 8.25688e-06 7.09892e-06 6.09714e-06 5.23154e-06 4.4845e-06 3.84051e-06 3.28599e-06 2.80903e-06 2.3992e-06 2.04743e-06 1.74578e-06 1.48737e-06 1.2662e-06 1.07709e-06 9.15533e-07 7.77631e-07 6.60023e-07 5.59806e-07 4.74477e-07 4.01882e-07 3.40168e-07 2.87744e-07 2.43244e-07 2.05497e-07 1.73502e-07 1.46401e-07 1.2346e-07 1.04054e-07 8.76482e-08 7.37883e-08 6.20861e-08 5.22119e-08 4.38849e-08 3.68669e-08 3.09554e-08 2.59789e-08 2.17917e-08 1.82706e-08 1.53112e-08 1.28251e-08 1.07378e-08 8.98615e-09 7.5169e-09 6.28513e-09 5.25295e-09 4.38842e-09 3.66465e-09 3.059e-09
0.000240044 0.000350061 0.000451893 0.00054271 0.000620732 0.000685054 0.000735468 0.000772313 0.000796331 0.000808548 0.000810173 0.000802512 0.000786905 0.000764672 0.000737077 0.000705297 0.000670409 0.000633377 0.000595048 0.000556154 0.000517315 0.000479045 0.00044176 0.00040579 0.000371385 0.000338725 0.000307933 0.000279079 0.000252192 0.000227264 0.000204262 0.000183127 0.000163787 0.000146154 0.000130135 0.000115629 0.000102533 9.0746e-05 8.01649e-05 7.06914e-05 6.22304e-05 5.46916e-05 4.79893e-05 4.20436e-05 3.67796e-05 3.21285e-05 2.80264e-05 2.44152e-05 2.12414e-05 1.84568e-05 1.60176e-05 1.38841e-05 1.20209e-05 1.0396e-05 8.98087e-06 7.75013e-06 6.68112e-06 5.75375e-06 4.95023e-06 4.25485e-06 3.65373e-06 3.13468e-06 2.68698e-06 2.30122e-06 1.96917e-06 1.68364e-06 1.43835e-06 1.22783e-06 1.0473e-06 8.92647e-07 7.60266e-07 6.47049e-07 5.50301e-07 4.67694e-07 3.97218e-07 3.37137e-07 2.85956e-07 2.4239e-07 2.05332e-07 1.73833e-07 1.47077e-07 1.24366e-07 1.051e-07 8.87687e-08 7.49327e-08 6.32184e-08 5.33066e-08 4.4925e-08 3.78414e-08 3.18584e-08 2.68079e-08 2.25468e-08 1.89537e-08 1.59256e-08 1.3375e-08 1.12277e-08 9.42075e-09 7.90109e-09 6.62363e-09 5.55029e-09 4.64888e-09
0.000188422 0.000284539 0.000376606 0.000461557 0.000537219 0.000602198 0.00065576 0.000697712 0.000728291 0.000748062 0.000757826 0.000758542 0.000751261 0.000737077 0.000717076 0.000692312 0.000663777 0.000632388 0.000598974 0.000564274 0.000528933 0.000493503 0.000458449 0.000424156 0.000390932 0.000359017 0.00032859 0.000299777 0.000272661 0.000247283 0.000223652 0.000201751 0.000181541 0.000162967 0.00014596 0.000130443 0.000116331 0.000103539 9.19746e-05 8.15506e-05 7.21788e-05 6.37739e-05 5.62541e-05 4.95414e-05 4.35621e-05 3.8247e-05 3.35317e-05 2.93565e-05 2.56661e-05 2.24101e-05 1.95421e-05 1.702e-05 1.48054e-05 1.28639e-05 1.11643e-05 9.67849e-06 8.38135e-06 7.25043e-06 6.26569e-06 5.40929e-06 4.66539e-06 4.01998e-06 3.46065e-06 2.97645e-06 2.55774e-06 2.19603e-06 1.88389e-06 1.61478e-06 1.383e-06 1.18356e-06 1.0121e-06 8.6482e-07 7.38429e-07 6.30054e-07 5.37203e-07 4.57718e-07 3.89728e-07 3.31616e-07 2.81985e-07 2.39628e-07 2.03505e-07 1.72721e-07 1.46504e-07 1.24193e-07 1.05218e-07 8.90913e-08 7.53937e-08 6.37667e-08 5.39034e-08 4.55414e-08 3.84563e-08 3.24567e-08 2.73792e-08 2.30844e-08 1.94538e-08 1.63862e-08 1.37957e-08 1.16094e-08 9.76499e-09 8.20989e-09 6.89936e-09
0.000147901 0.000231009 0.000313198 0.000391411 0.000463307 0.000527205 0.000582009 0.000627134 0.000662416 0.000688031 0.000704424 0.000712234 0.000712238 0.000705297 0.000692312 0.000674191 0.00065182 0.000626042 0.000597644 0.000567345 0.000535789 0.000503547 0.000471114 0.00043891 0.000407287 0.000376533 0.000346875 0.00031849 0.000291506 0.000266008 0.00024205 0.000219652 0.000198811 0.000179503 0.000161686 0.000145308 0.000130306 0.000116608 0.000104142 9.28289e-05 8.25913e-05 7.33512e-05 6.50325e-05 5.75611e-05 5.08661e-05 4.48798e-05 3.95384e-05 3.47818e-05 3.05543e-05 2.68038e-05 2.34824e-05 2.05461e-05 1.79544e-05 1.56705e-05 1.36609e-05 1.18953e-05 1.03463e-05 8.98915e-06 7.80174e-06 6.76415e-06 5.85863e-06 5.06933e-06 4.38215e-06 3.78457e-06 3.26547e-06 2.81506e-06 2.42464e-06 2.08659e-06 1.79416e-06 1.54146e-06 1.32329e-06 1.1351e-06 9.72934e-07 8.33307e-07 7.13192e-07 6.09951e-07 5.21286e-07 4.45201e-07 3.79962e-07 3.24068e-07 2.76215e-07 2.35277e-07 2.0028e-07 1.70383e-07 1.44861e-07 1.23089e-07 1.04528e-07 8.87145e-08 7.52508e-08 6.37949e-08 5.40535e-08 4.57749e-08 3.87438e-08 3.27756e-08 2.77126e-08 2.34199e-08 1.97823e-08 1.67016e-08 1.40938e-08 1.18877e-08 1.00222e-08
0.000116094 0.000187343 0.000259956 0.000331048 0.000398276 0.000459828 0.00051439 0.000561099 0.000599489 0.000629425 0.00065105 0.000664722 0.000670962 0.000670409 0.000663777 0.00065182 0.000635302 0.000614977 0.000591566 0.000565749 0.000538152 0.000509341 0.000479822 0.000450037 0.000420369 0.000391139 0.000362614 0.000335009 0.000308495 0.000283198 0.000259209 0.000236584 0.000215356 0.000195531 0.000177096 0.000160022 0.000144269 0.000129787 0.000116515 0.000104392 9.33505e-05 8.33221e-05 7.42381e-05 6.60303e-05 5.8632e-05 5.19786e-05 4.60084e-05 4.06624e-05 3.5885e-05 3.16239e-05 2.78304e-05 2.44592e-05 2.14685e-05 1.88196e-05 1.64774e-05 1.44094e-05 1.25864e-05 1.09815e-05 9.57077e-06 8.33228e-06 7.24645e-06 6.29569e-06 5.46422e-06 4.73795e-06 4.10431e-06 3.55211e-06 3.07142e-06 2.65342e-06 2.29032e-06 1.97523e-06 1.70208e-06 1.46551e-06 1.26081e-06 1.08387e-06 9.3104e-07 7.99166e-07 6.85468e-07 5.87524e-07 5.03219e-07 4.30714e-07 3.68406e-07 3.14902e-07 2.68993e-07 2.29629e-07 1.95902e-07 1.67026e-07 1.4232e-07 1.21195e-07 1.03146e-07 8.77343e-08 7.4583e-08 6.33677e-08 5.38094e-08 4.56682e-08 3.87382e-08 3.28426e-08 2.783e-08 2.35706e-08 1.99531e-08 1.68825e-08 1.42776e-08
9.11278e-05 0.000151774 0.000215374 0.000279312 0.000341358 0.000399687 0.000452878 0.000499896 0.000540055 0.000572985 0.000598579 0.000616955 0.00062841 0.000633377 0.000632388 0.000626042 0.000614977 0.000599843 0.000581284 0.000559924 0.000536352 0.000511116 0.000484716 0.000457603 0.000430172 0.00040277 0.000375692 0.000349185 0.000323451 0.000298654 0.000274917 0.000252331 0.000230959 0.000210838 0.000191983 0.00017439 0.00015804 0.000142904 0.00012894 0.000116101 0.000104332 9.35772e-05 8.37756e-05 7.48669e-05 6.67902e-05 5.94855e-05 5.28943e-05 4.696e-05 4.16283e-05 3.68479e-05 3.257e-05 2.8749e-05 2.53422e-05 2.23099e-05 1.96156e-05 1.72254e-05 1.51083e-05 1.32359e-05 1.15823e-05 1.01241e-05 8.83985e-06 7.71038e-06 6.7183e-06 5.84798e-06 5.08541e-06 4.41803e-06 3.83464e-06 3.32523e-06 2.88091e-06 2.49377e-06 2.15681e-06 1.86381e-06 1.60929e-06 1.3884e-06 1.19689e-06 1.031e-06 8.87431e-07 7.63286e-07 6.56029e-07 5.63442e-07 4.83582e-07 4.14756e-07 3.55485e-07 3.04483e-07 2.60628e-07 2.22947e-07 1.90595e-07 1.62836e-07 1.39036e-07 1.18644e-07 1.01183e-07 8.62423e-08 7.3466e-08 6.25476e-08 5.32227e-08 4.52636e-08 3.84742e-08 3.26861e-08 2.77545e-08 2.3555e-08 1.9981e-08
7.15304e-05 0.00012284 0.000178136 0.000235128 0.000291772 0.000346313 0.000397309 0.000443635 0.000484463 0.000519247 0.000547691 0.000569713 0.000585416 0.000595048 0.000598974 0.000597644 0.000591566 0.000581284 0.000567355 0.000550335 0.000530764 0.000509159 0.000486001 0.000461732 0.000436755 0.000411426 0.000386058 0.000360922 0.000336247 0.000312223 0.000289003 0.000266708 0.00024543 0.000225233 0.000206159 0.000188227 0.000171443 0.000155797 0.000141265 0.000127815 0.000115409 0.000104002 9.35432e-05 8.39815e-05 7.52631e-05 6.73339e-05 6.01398e-05 5.36279e-05 4.77464e-05 4.24456e-05 3.76779e-05 3.33981e-05 2.95634e-05 2.61338e-05 2.30719e-05 2.03428e-05 1.79143e-05 1.57566e-05 1.38426e-05 1.21471e-05 1.06474e-05 9.32273e-06 8.15416e-06 7.12466e-06 6.21884e-06 5.42281e-06 4.7241e-06 4.11153e-06 3.57508e-06 3.10581e-06 2.69575e-06 2.3378e-06 2.02567e-06 1.75375e-06 1.51709e-06 1.31133e-06 1.13258e-06 9.77455e-07 8.4294e-07 7.26401e-07 6.25521e-07 5.38269e-07 4.62864e-07 3.97751e-07 3.41568e-07 2.93127e-07 2.51393e-07 2.15464e-07 1.84554e-07 1.57981e-07 1.35153e-07 1.15554e-07 9.87399e-08 8.43237e-08 7.19715e-08 6.13945e-08 5.23432e-08 4.46022e-08 3.79859e-08 3.23341e-08 2.7509e-08
5.61475e-05 9.9331e-05 0.000147105 0.000197518 0.000248754 0.000299186 0.000347415 0.000392287 0.000432898 0.000468583 0.000498903 0.00052362 0.000542674 0.000556154 0.000564274 0.000567345 0.000565749 0.000559924 0.000550335 0.000537464 0.000521794 0.000503797 0.000483927 0.000462607 0.000440232 0.000417161 0.000393716 0.000370181 0.000346803 0.000323796 0.000301336 0.000279568 0.00025861 0.00023855 0.000219455 0.000201368 0.000184315 0.000168307 0.000153339 0.000139396 0.000126453 0.000114479 0.000103435 9.32792e-05 8.39669e-05 7.54504e-05 6.76816e-05 6.0612e-05 5.41936e-05 4.83794e-05 4.31237e-05 3.83825e-05 3.41139e-05 3.0278e-05 2.68373e-05 2.37563e-05 2.10023e-05 1.85444e-05 1.63544e-05 1.4406e-05 1.26752e-05 1.11398e-05 9.77962e-06 8.57639e-06 7.51334e-06 6.57535e-06 5.74874e-06 5.02114e-06 4.38146e-06 3.81971e-06 3.32695e-06 2.89517e-06 2.51723e-06 2.18675e-06 1.89807e-06 1.64614e-06 1.42651e-06 1.2352e-06 1.06872e-06 9.23977e-07 7.98242e-07 6.89113e-07 5.94476e-07 5.12475e-07 4.41479e-07 3.8006e-07 3.26968e-07 2.81108e-07 2.41524e-07 2.07382e-07 1.77956e-07 1.52612e-07 1.30798e-07 1.12036e-07 9.59094e-08 8.20568e-08 7.01653e-08 5.99638e-08 5.12175e-08 4.37233e-08 3.73058e-08
4.40728e-05 8.02524e-05 0.0001213 0.000165599 0.000211577 0.000257768 0.00030286 0.000345722 0.00038542 0.000421222 0.000452587 0.000479161 0.000500751 0.000517315 0.000528933 0.000535789 0.000538152 0.000536352 0.000530764 0.000521794 0.00050986 0.000495383 0.000478779 0.000460446 0.000440762 0.000420078 0.000398716 0.000376966 0.000355088 0.000333308 0.000311822 0.000290797 0.000270368 0.000250648 0.000231724 0.000213662 0.000196507 0.000180289 0.000165023 0.000150708 0.000137337 0.00012489 0.000113342 0.000102662 9.28132e-05 8.37564e-05 7.54504e-05 6.78521e-05 6.09182e-05 5.46053e-05 4.88705e-05 4.36721e-05 3.89694e-05 3.47235e-05 3.08975e-05 2.74559e-05 2.43657e-05 2.15958e-05 1.91169e-05 1.6902e-05 1.49261e-05 1.31659e-05 1.16003e-05 1.02096e-05 8.97602e-06 7.8832e-06 6.91634e-06 6.06199e-06 5.30797e-06 4.64329e-06 4.05803e-06 3.54329e-06 3.09106e-06 2.69418e-06 2.34623e-06 2.0415e-06 1.77487e-06 1.54181e-06 1.33829e-06 1.16073e-06 1.00596e-06 8.71165e-07 7.53877e-07 6.51908e-07 5.6333e-07 4.86448e-07 4.19769e-07 3.61987e-07 3.11951e-07 2.68656e-07 2.31222e-07 1.98878e-07 1.70953e-07 1.46859e-07 1.26086e-07 1.08186e-07 9.27743e-08 7.95123e-08 6.81078e-08 5.83066e-08 4.98887e-08
3.45948e-05 6.47857e-05 9.98834e-05 0.000138584 0.000179558 0.000221519 0.000263268 0.000303734 0.000341992 0.00037728 0.000408995 0.000436699 0.0004601 0.000479045 0.000493503 0.000503547 0.000509341 0.000511116 0.000509159 0.000503797 0.000495383 0.000484284 0.000470868 0.000455503 0.000438542 0.000420319 0.000401151 0.000381327 0.000361109 0.000340733 0.000320408 0.000300315 0.000280607 0.000261415 0.000242844 0.000224979 0.000207886 0.00019161 0.000176184 0.000161626 0.00014794 0.000135122 0.000123159 0.000112031 0.000101711 9.217e-05 8.33726e-05 7.5283e-05 6.7863e-05 6.10737e-05 5.48759e-05 4.92308e-05 4.40999e-05 3.9446e-05 3.5233e-05 3.14265e-05 2.79935e-05 2.49029e-05 2.21252e-05 1.96328e-05 1.74001e-05 1.5403e-05 1.36194e-05 1.20287e-05 1.06121e-05 9.35231e-06 8.23337e-06 7.24086e-06 6.36159e-06 5.5836e-06 4.89603e-06 4.28909e-06 3.75392e-06 3.28256e-06 2.86785e-06 2.50336e-06 2.18334e-06 1.90264e-06 1.65667e-06 1.44134e-06 1.25302e-06 1.08846e-06 9.44797e-07 8.19485e-07 7.10274e-07 6.15176e-07 5.32435e-07 4.60503e-07 3.98018e-07 3.43781e-07 2.9674e-07 2.5597e-07 2.2066e-07 1.90103e-07 1.63676e-07 1.40837e-07 1.21113e-07 1.0409e-07 8.94084e-08 7.67535e-08 6.58529e-08
2.7155e-05 5.22599e-05 8.21413e-05 0.000115776 0.000152069 0.000189914 0.000228243 0.000266068 0.000302501 0.000336781 0.000368277 0.000396493 0.000421067 0.00044176 0.000458449 0.000471114 0.000479822 0.000484716 0.000486001 0.000483927 0.000478779 0.000470868 0.000460516 0.00044805 0.000433793 0.000418059 0.00040115 0.000383347 0.000364911 0.000346081 0.000327073 0.000308076 0.000289259 0.000270765 0.000252716 0.000235213 0.000218337 0.000202152 0.000186705 0.00017203 0.000158147 0.000145063 0.00013278 0.000121288 0.00011057 0.000100607 9.13722e-05 8.28359e-05 7.49665e-05 6.77303e-05 6.10925e-05 5.50177e-05 4.94706e-05 4.4416e-05 3.98198e-05 3.56486e-05 3.18702e-05 2.84541e-05 2.53708e-05 2.25928e-05 2.00939e-05 1.78497e-05 1.58374e-05 1.40357e-05 1.24249e-05 1.09869e-05 9.70477e-06 8.56325e-06 7.54821e-06 6.64678e-06 5.84723e-06 5.13889e-06 4.51209e-06 3.95807e-06 3.46892e-06 3.03752e-06 2.65745e-06 2.32296e-06 2.02886e-06 1.77054e-06 1.54386e-06 1.34514e-06 1.17109e-06 1.01878e-06 8.85616e-07 7.69291e-07 6.67762e-07 5.79221e-07 5.02069e-07 4.34895e-07 3.76454e-07 3.2565e-07 2.81518e-07 2.43211e-07 2.09984e-07 1.81183e-07 1.56237e-07 1.34645e-07 1.15967e-07 9.98227e-08 8.58762e-08
2.13152e-05 4.21253e-05 6.74679e-05 9.65659e-05 0.000128538 0.000162455 0.000197385 0.000232435 0.000266779 0.000299678 0.000330497 0.000358712 0.00038391 0.00040579 0.000424156 0.00043891 0.000450037 0.000457603 0.000461732 0.000462607 0.000460446 0.000455503 0.00044805 0.000438371 0.000426757 0.000413496 0.000398867 0.000383141 0.000366572 0.000349395 0.000331827 0.000314065 0.000296285 0.00027864 0.000261266 0.000244275 0.000227765 0.000211813 0.000196481 0.000181816 0.000167852 0.000154611 0.000142105 0.000130337 0.0001193 0.000108984 9.93714e-05 9.04399e-05 8.21645e-05 7.45175e-05 6.7469e-05 6.09879e-05 5.50422e-05 4.96e-05 4.46291e-05 4.00981e-05 3.59761e-05 3.22335e-05 2.88415e-05 2.57727e-05 2.30011e-05 2.0502e-05 1.82523e-05 1.62302e-05 1.44154e-05 1.27891e-05 1.13337e-05 1.00332e-05 8.87243e-06 7.83789e-06 6.91698e-06 6.09823e-06 5.37119e-06 4.72634e-06 4.15505e-06 3.64948e-06 3.20256e-06 2.80792e-06 2.45979e-06 2.15301e-06 1.88293e-06 1.6454e-06 1.43669e-06 1.25347e-06 1.09278e-06 9.51968e-07 8.28688e-07 7.20848e-07 6.26592e-07 5.44279e-07 4.72452e-07 4.09824e-07 3.55261e-07 3.0776e-07 2.66437e-07 2.30516e-07 1.99313e-07 1.72227e-07 1.48732e-07 1.28365e-07 1.10721e-07
1.67313e-05 3.39327e-05 5.53517e-05 8.04206e-05 0.000108449 0.000138674 0.000170298 0.000202533 0.000234622 0.000265871 0.000295657 0.000323449 0.000348807 0.000371385 0.000390932 0.000407287 0.000420369 0.000430172 0.000436755 0.000440232 0.000440762 0.000438542 0.000433793 0.000426757 0.000417688 0.000406844 0.000394481 0.00038085 0.000366195 0.000350744 0.000334711 0.000318294 0.000301673 0.000285008 0.000268443 0.000252103 0.000236094 0.000220508 0.000205419 0.000190888 0.000176959 0.000163669 0.000151041 0.000139087 0.000127814 0.000117219 0.000107293 9.80233e-05 8.93912e-05 8.13754e-05 7.39513e-05 6.70928e-05 6.0772e-05 5.49603e-05 4.96284e-05 4.47472e-05 4.02878e-05 3.62217e-05 3.25213e-05 2.91599e-05 2.61118e-05 2.33527e-05 2.08591e-05 1.86093e-05 1.65824e-05 1.47593e-05 1.31217e-05 1.16529e-05 1.03374e-05 9.16072e-06 8.10956e-06 7.17176e-06 6.33612e-06 5.59241e-06 4.93131e-06 4.3443e-06 3.82367e-06 3.36243e-06 2.95422e-06 2.59334e-06 2.27461e-06 1.99341e-06 1.74554e-06 1.52727e-06 1.33525e-06 1.16647e-06 1.01825e-06 8.88204e-07 7.74199e-07 6.74341e-07 5.86948e-07 5.10526e-07 4.4375e-07 3.85448e-07 3.34585e-07 2.90244e-07 2.51618e-07 2.17994e-07 1.88747e-07 1.63323e-07 1.41239e-07
1.31332e-05 2.73157e-05 4.53618e-05 6.68784e-05 9.13422e-05 0.00011814 0.000146604 0.00017605 0.000205802 0.000235216 0.000263704 0.000290738 0.000315869 0.000338725 0.000359017 0.000376533 0.000391139 0.00040277 0.000411426 0.000417161 0.000420078 0.000420319 0.000418059 0.000413496 0.000406844 0.000398329 0.000388181 0.000376632 0.000363907 0.000350224 0.00033579 0.000320801 0.000305436 0.000289859 0.00027422 0.000258651 0.000243268 0.000228172 0.000213447 0.000199166 0.000185386 0.000172152 0.0001595 0.000147454 0.000136028 0.000125231 0.000115061 0.000105515 9.65802e-05 8.82425e-05 8.04834e-05 7.32817e-05 6.66143e-05 6.04563e-05 5.47819e-05 4.95648e-05 4.47782e-05 4.03957e-05 3.6391e-05 3.27385e-05 2.94133e-05 2.63916e-05 2.36502e-05 2.11674e-05 1.89223e-05 1.68953e-05 1.5068e-05 1.34232e-05 1.19448e-05 1.06177e-05 9.42805e-06 8.36305e-06 7.41084e-06 6.56053e-06 5.80214e-06 5.12653e-06 4.52537e-06 3.99104e-06 3.51664e-06 3.0959e-06 2.72315e-06 2.39324e-06 2.10155e-06 1.84391e-06 1.61655e-06 1.41611e-06 1.23956e-06 1.08419e-06 9.47593e-07 8.27594e-07 7.22268e-07 6.29899e-07 5.48958e-07 4.78089e-07 4.16086e-07 3.61884e-07 3.14536e-07 2.73206e-07 2.37156e-07 2.05734e-07 1.78366e-07
1.03088e-05 2.19753e-05 3.71363e-05 5.55411e-05 7.68082e-05 0.000100458 0.000125943 0.00015268 0.000180075 0.000207547 0.000234543 0.000260561 0.000285152 0.000307933 0.00032859 0.000346875 0.000362614 0.000375692 0.000386058 0.000393716 0.000398716 0.000401151 0.00040115 0.000398867 0.000394481 0.000388181 0.000380172 0.000370659 0.00035985 0.000347948 0.00033515 0.000321645 0.00030761 0.000293208 0.000278592 0.000263898 0.000249249 0.000234753 0.000220505 0.000206584 0.000193059 0.000179985 0.000167407 0.000155359 0.000143867 0.000132945 0.000122604 0.000112845 0.000103666 9.50574e-05 8.70081e-05 7.95022e-05 7.25212e-05 6.60449e-05 6.0051e-05 5.45165e-05 4.94174e-05 4.47294e-05 4.04281e-05 3.64895e-05 3.28898e-05 2.96058e-05 2.66153e-05 2.38965e-05 2.1429e-05 1.91931e-05 1.71702e-05 1.53428e-05 1.36945e-05 1.22097e-05 1.08742e-05 9.67454e-06 8.59832e-06 7.63408e-06 6.77125e-06 6.00009e-06 5.31169e-06 4.69787e-06 4.15118e-06 3.66481e-06 3.23256e-06 2.84883e-06 2.50852e-06 2.20702e-06 1.94016e-06 1.70419e-06 1.49574e-06 1.31177e-06 1.14954e-06 1.00662e-06 8.80821e-07 7.70182e-07 6.72958e-07 5.87594e-07 5.12704e-07 4.47054e-07 3.8955e-07 3.39218e-07 2.95198e-07 2.56725e-07 2.23127e-07
8.09189e-06 1.76686e-05 3.03725e-05 4.60663e-05 6.44869e-05 8.52709e-05 0.00010798 0.000132126 0.000157197 0.000182674 0.000208054 0.000232862 0.000256665 0.000279079 0.000299777 0.00031849 0.000335009 0.000349185 0.000360922 0.000370181 0.000376966 0.000381327 0.000383347 0.000383141 0.00038085 0.000376632 0.000370659 0.000363113 0.000354179 0.000344045 0.000332894 0.000320905 0.000308249 0.000295088 0.000281572 0.00026784 0.000254019 0.000240221 0.000226549 0.000213089 0.000199919 0.000187102 0.000174693 0.000162734 0.000151258 0.000140292 0.000129851 0.000119947 0.000110584 0.00010176 9.34687e-05 8.57012e-05 7.84441e-05 7.16814e-05 6.53952e-05 5.9566e-05 5.41728e-05 4.91941e-05 4.46077e-05 4.03913e-05 3.65226e-05 3.29798e-05 2.97413e-05 2.67862e-05 2.40943e-05 2.16463e-05 1.94236e-05 1.74086e-05 1.55847e-05 1.39362e-05 1.24484e-05 1.11074e-05 9.90041e-06 8.81545e-06 7.84144e-06 6.96813e-06 6.18605e-06 5.48652e-06 4.86153e-06 4.30379e-06 3.8066e-06 3.36388e-06 2.97006e-06 2.62012e-06 2.30948e-06 2.03399e-06 1.78992e-06 1.57388e-06 1.38284e-06 1.21406e-06 1.06508e-06 9.33683e-07 8.17901e-07 7.15963e-07 6.26288e-07 5.47464e-07 4.78234e-07 4.17477e-07 3.64197e-07 3.1751e-07 2.7663e-07
6.3517e-06 1.41979e-05 2.48174e-05 3.81611e-05 5.40629e-05 7.22584e-05 9.24056e-05 0.000114105 0.000136921 0.000160401 0.000184092 0.000207555 0.00023038 0.000252192 0.000272661 0.000291506 0.000308495 0.000323451 0.000336247 0.000346803 0.000355088 0.000361109 0.000364911 0.000366572 0.000366195 0.000363907 0.00035985 0.000354179 0.000347059 0.000338655 0.000329138 0.000318675 0.000307427 0.00029555 0.000283192 0.000270491 0.000257574 0.00024456 0.000231552 0.000218645 0.000205921 0.000193452 0.0001813 0.000169515 0.00015814 0.000147206 0.00013674 0.000126759 0.000117274 0.00010829 9.98091e-05 9.18261e-05 8.43334e-05 7.73201e-05 7.07725e-05 6.46749e-05 5.90099e-05 5.37589e-05 4.89021e-05 4.44196e-05 4.02909e-05 3.64954e-05 3.3013e-05 2.98236e-05 2.69077e-05 2.42464e-05 2.18215e-05 1.96156e-05 1.76121e-05 1.5795e-05 1.41495e-05 1.26615e-05 1.13178e-05 1.0106e-05 9.01463e-06 8.03299e-06 7.15116e-06 6.35993e-06 5.65085e-06 5.01614e-06 4.44862e-06 3.94176e-06 3.48956e-06 3.08655e-06 2.72776e-06 2.40865e-06 2.12513e-06 1.87346e-06 1.65028e-06 1.45255e-06 1.27754e-06 1.12275e-06 9.85993e-07 8.65256e-07 7.58758e-07 6.64897e-07 5.8224e-07 5.09509e-07 4.45562e-07 3.89382e-07 3.40062e-07
4.98574e-06 1.14028e-05 2.02603e-05 3.15757e-05 4.52606e-05 6.1134e-05 7.89368e-05 9.83497e-05 0.00011901 0.000140527 0.0001625 0.000184532 0.000206239 0.000227264 0.000247283 0.000266008 0.000283198 0.000298654 0.000312223 0.000323796 0.000333308 0.000340733 0.000346081 0.000349395 0.000350744 0.000350224 0.000347948 0.000344045 0.000338655 0.000331927 0.00032401 0.00031506 0.000305227 0.000294659 0.000283498 0.00027188 0.000259931 0.000247768 0.000235501 0.000223226 0.000211031 0.000198994 0.000187182 0.000175653 0.000164457 0.000153632 0.000143212 0.000133221 0.000123677 0.000114593 0.000105975 9.78251e-05 9.01404e-05 8.29151e-05 7.61402e-05 6.9804e-05 6.38928e-05 5.8391e-05 5.32821e-05 4.85483e-05 4.41713e-05 4.01324e-05 3.64127e-05 3.29935e-05 2.98563e-05 2.69828e-05 2.43555e-05 2.1957e-05 1.97712e-05 1.77821e-05 1.59748e-05 1.43352e-05 1.28497e-05 1.15058e-05 1.02917e-05 9.19611e-06 8.20888e-06 7.32037e-06 6.52169e-06 5.80461e-06 5.16154e-06 4.5855e-06 4.07007e-06 3.60939e-06 3.19807e-06 2.8312e-06 2.50431e-06 2.21334e-06 1.9546e-06 1.72472e-06 1.52069e-06 1.33976e-06 1.17947e-06 1.03758e-06 9.12088e-07 8.01197e-07 7.03288e-07 6.16912e-07 5.40772e-07 4.73707e-07 4.14683e-07
3.91354e-06 9.15332e-06 1.6526e-05 2.60978e-05 3.78413e-05 5.16436e-05 6.73171e-05 8.46128e-05 0.000103234 0.000122851 0.000143115 0.000163669 0.000184163 0.000204262 0.000223652 0.00024205 0.000259209 0.000274917 0.000289003 0.000301336 0.000311822 0.000320408 0.000327073 0.000331827 0.000334711 0.00033579 0.00033515 0.000332894 0.000329138 0.00032401 0.000317644 0.000310176 0.000301747 0.000292494 0.000282552 0.000272051 0.000261115 0.000249861 0.000238397 0.000226822 0.000215229 0.000203698 0.000192303 0.000181106 0.000170162 0.000159519 0.000149215 0.000139281 0.000129742 0.000120616 0.000111916 0.000103648 9.58172e-05 8.84211e-05 8.14556e-05 7.49134e-05 6.87844e-05 6.30568e-05 5.77168e-05 5.27495e-05 4.81389e-05 4.38684e-05 3.99209e-05 3.62791e-05 3.29255e-05 2.98431e-05 2.70148e-05 2.44241e-05 2.20551e-05 1.98921e-05 1.79203e-05 1.61256e-05 1.44944e-05 1.3014e-05 1.16723e-05 1.04579e-05 9.36024e-06 8.36932e-06 7.4759e-06 6.67137e-06 5.94775e-06 5.29766e-06 4.7143e-06 4.19139e-06 3.72319e-06 3.30441e-06 2.93023e-06 2.59624e-06 2.29843e-06 2.03312e-06 1.797e-06 1.58706e-06 1.40057e-06 1.23505e-06 1.08828e-06 9.58249e-07 8.43143e-07 7.41335e-07 6.51363e-07 5.71915e-07 5.01817e-07
3.07192e-06 7.34398e-06 1.34691e-05 2.15474e-05 3.15982e-05 4.35633e-05 5.73152e-05 7.26661e-05 8.93791e-05 0.00010718 0.000125769 0.000144834 0.000164056 0.000183127 0.000201751 0.000219652 0.000236584 0.000252331 0.000266708 0.000279568 0.000290797 0.000300315 0.000308076 0.000314065 0.000318294 0.000320801 0.000321645 0.000320905 0.000318675 0.00031506 0.000310176 0.000304145 0.000297092 0.000289143 0.000280425 0.00027106 0.000261169 0.000250864 0.000240253 0.000229436 0.000218506 0.000207547 0.000196636 0.00018584 0.00017522 0.000164827 0.000154706 0.000144893 0.00013542 0.000126311 0.000117582 0.000109249 0.000101318 9.37939e-05 8.66767e-05 7.99633e-05 7.36476e-05 6.77214e-05 6.21742e-05 5.6994e-05 5.21673e-05 4.76798e-05 4.35164e-05 3.96614e-05 3.60989e-05 3.28128e-05 2.97873e-05 2.70065e-05 2.44551e-05 2.21178e-05 1.99803e-05 1.80284e-05 1.62487e-05 1.46283e-05 1.31553e-05 1.18179e-05 1.06053e-05 9.50744e-06 8.51461e-06 7.61794e-06 6.80908e-06 6.08032e-06 5.42448e-06 4.83495e-06 4.30561e-06 3.83083e-06 3.40544e-06 3.0247e-06 2.68428e-06 2.3802e-06 2.10886e-06 1.86696e-06 1.65151e-06 1.45979e-06 1.28935e-06 1.13796e-06 1.0036e-06 8.84468e-07 7.7892e-07 6.85486e-07 6.02842e-07
2.41129e-06 5.88953e-06 1.09691e-05 1.77726e-05 2.63532e-05 3.66965e-05 4.87243e-05 6.2301e-05 7.72427e-05 9.33258e-05 0.000110298 0.000127886 0.00014581 0.000163787 0.000181541 0.000198811 0.000215356 0.000230959 0.00024543 0.00025861 0.000270368 0.000280607 0.000289259 0.000296285 0.000301673 0.000305436 0.00030761 0.000308249 0.000307427 0.000305227 0.000301747 0.000297092 0.000291372 0.000284703 0.000277198 0.000268974 0.000260143 0.000250815 0.000241094 0.00023108 0.000220864 0.000210534 0.000200167 0.000189834 0.0001796 0.000169521 0.000159645 0.000150016 0.000140669 0.000131633 0.000122931 0.000114582 0.000106599 9.89911e-05 9.17626e-05 8.49147e-05 7.84455e-05 7.23503e-05 6.6622e-05 6.12518e-05 5.62289e-05 5.15414e-05 4.71764e-05 4.31201e-05 3.93582e-05 3.58761e-05 3.26591e-05 2.96922e-05 2.6961e-05 2.44508e-05 2.21476e-05 2.00376e-05 1.81078e-05 1.63453e-05 1.4738e-05 1.32743e-05 1.19433e-05 1.07345e-05 9.63814e-06 8.64509e-06 7.74671e-06 6.93497e-06 6.20239e-06 5.54203e-06 4.94744e-06 4.41267e-06 3.93222e-06 3.50104e-06 3.11448e-06 2.76828e-06 2.45853e-06 2.18166e-06 1.93443e-06 1.71387e-06 1.51728e-06 1.34222e-06 1.18647e-06 1.04802e-06 9.25056e-07 8.15934e-07 7.19178e-07
