0.370337 0.0213214 0.0139043 0.00976538 0.00722132 0.00553234 0.00434374 0.00347046 0.00280816 0.00229388 0.00188737 0.00156163 0.00129783 0.00108238 0.000905238 0.000758798 0.000637197 0.000535845 0.000451106 0.000380064 0.000320363 0.000270084 0.000227651 0.000191764 0.000161346 0.000135498 0.000113469 9.46249e-05 7.84323e-05 6.44368e-05 5.462e-05
0.0213214 0.00274673 0.0016625 0.00107472 0.000730065 0.000514885 0.000373703 0.000277352 0.000209491 0.000160467 0.000124312 9.71951e-05 7.65729e-05 6.07084e-05 4.83858e-05 3.87363e-05 3.11274e-05 2.50916e-05 2.02785e-05 1.64226e-05 1.33208e-05 1.08158e-05 8.78564e-06 7.13458e-06 5.78723e-06 4.68395e-06 3.77738e-06 3.02985e-06 2.41145e-06 1.8987e-06 1.56943e-06
0.0139043 0.0016625 0.0009635 0.000602524 0.000399738 0.0002774 0.000199179 0.000146785 0.000110367 8.42983e-05 6.51942e-05 5.09269e-05 4.01072e-05 3.17986e-05 2.53518e-05 2.03061e-05 1.63281e-05 1.3172e-05 1.06545e-05 8.63677e-06 7.0127e-06 5.70044e-06 4.63631e-06 3.77047e-06 3.06365e-06 2.48481e-06 2.00932e-06 1.61764e-06 1.29441e-06 1.0536e-06 8.7149e-07
0.00976538 0.00107472 0.000602524 0.000367158 0.000239147 0.000163936 0.000116794 8.56604e-05 6.4227e-05 4.89812e-05 3.78536e-05 2.95639e-05 2.32865e-05 1.84695e-05 1.4733e-05 1.18083e-05 9.50193e-06 7.67141e-06 6.21059e-06 5.03919e-06 4.09589e-06 3.33336e-06 2.71479e-06 2.21138e-06 1.80041e-06 1.46394e-06 1.18775e-06 9.60618e-07 7.83864e-07 6.38077e-07 5.27982e-07
0.00722132 0.000730065 0.000399738 0.000239147 0.000153795 0.00010458 7.41552e-05 5.42478e-05 4.06236e-05 3.09665e-05 2.39316e-05 1.86956e-05 1.4732e-05 1.16903e-05 9.33031e-06 7.48245e-06 6.0246e-06 4.86706e-06 3.94291e-06 3.20159e-06 2.60444e-06 2.1216e-06 1.72989e-06 1.41109e-06 1.1509e-06 9.37976e-07 7.63377e-07 6.2401e-07 5.09287e-07 4.14587e-07 3.43079e-07
0.00553234 0.000514885 0.0002774 0.000163936 0.00010458 7.07826e-05 5.00709e-05 3.65926e-05 2.73961e-05 2.08867e-05 1.6147e-05 1.26193e-05 9.94795e-06 7.8972e-06 6.30534e-06 5.05844e-06 4.07436e-06 3.29276e-06 2.6686e-06 2.16783e-06 1.76441e-06 1.43822e-06 1.17361e-06 9.58296e-07 7.82629e-07 6.38969e-07 5.22851e-07 4.2746e-07 3.48899e-07 2.84027e-07 2.35008e-07
0.00434374 0.000373703 0.000199179 0.000116794 7.41552e-05 5.00709e-05 3.53878e-05 2.58591e-05 1.93649e-05 1.47691e-05 1.14218e-05 8.92929e-06 7.04093e-06 5.59063e-06 4.46445e-06 3.58208e-06 2.88556e-06 2.33228e-06 1.89044e-06 1.53596e-06 1.25042e-06 1.01957e-06 8.32351e-07 6.80065e-07 5.55875e-07 4.55003e-07 3.72332e-07 3.04407e-07 2.4846e-07 2.02259e-07 1.67311e-07
0.00347046 0.000277352 0.000146785 8.56604e-05 5.42478e-05 3.65926e-05 2.58591e-05 1.89013e-05 1.41598e-05 1.08029e-05 8.35663e-06 6.53404e-06 5.15263e-06 4.09133e-06 3.26706e-06 2.62116e-06 2.11131e-06 1.70635e-06 1.383e-06 1.12362e-06 9.14739e-07 7.4592e-07 6.09048e-07 4.97763e-07 4.07307e-07 3.33369e-07 2.72777e-07 2.22998e-07 1.82002e-07 1.48153e-07 1.22515e-07
0.00280816 0.000209491 0.000110367 6.4227e-05 4.06236e-05 2.73961e-05 1.93649e-05 1.41598e-05 1.06111e-05 8.09726e-06 6.26426e-06 4.89797e-06 3.8621e-06 3.06615e-06 2.44795e-06 1.96357e-06 1.58127e-06 1.27769e-06 1.03535e-06 8.41015e-07 6.84566e-07 5.58171e-07 4.55738e-07 3.72594e-07 3.04828e-07 2.49452e-07 2.04083e-07 1.6682e-07 1.36138e-07 1.10812e-07 9.1605e-08
0.00229388 0.000160467 8.42983e-05 4.89812e-05 3.09665e-05 2.08867e-05 1.47691e-05 1.08029e-05 8.09726e-06 6.17942e-06 4.78031e-06 3.73712e-06 2.9461e-06 2.3383e-06 1.86629e-06 1.49653e-06 1.20478e-06 9.73168e-07 7.88347e-07 6.40198e-07 5.20976e-07 4.24698e-07 3.46749e-07 2.83415e-07 2.31814e-07 1.89661e-07 1.55137e-07 1.26791e-07 1.0346e-07 8.42073e-08 6.95873e-08
0.00188737 0.000124312 6.51942e-05 3.78536e-05 2.39316e-05 1.6147e-05 1.14218e-05 8.35663e-06 6.26426e-06 4.78031e-06 3.69735e-06 2.88976e-06 2.27738e-06 1.80691e-06 1.44163e-06 1.15557e-06 9.29937e-07 7.50886e-07 6.08064e-07 4.93629e-07 4.01579e-07 3.27294e-07 2.67139e-07 2.18282e-07 1.78492e-07 1.46e-07 1.19399e-07 9.75665e-08 7.96023e-08 6.47846e-08 5.35182e-08
0.00156163 9.71951e-05 5.09269e-05 2.95639e-05 1.86956e-05 1.26193e-05 8.92929e-06 6.53404e-06 4.89797e-06 3.73712e-06 2.88976e-06 2.25782e-06 1.7787e-06 1.41069e-06 1.12504e-06 9.01429e-07 7.25121e-07 5.85272e-07 4.73769e-07 3.84468e-07 3.12675e-07 2.54747e-07 2.07857e-07 1.69789e-07 1.388e-07 1.13505e-07 9.28045e-08 7.58211e-08 6.18525e-08 5.0335e-08 4.15673e-08
0.00129783 7.65729e-05 4.01072e-05 2.32865e-05 1.4732e-05 9.94795e-06 7.04093e-06 5.15263e-06 3.8621e-06 2.9461e-06 2.27738e-06 1.7787e-06 1.40068e-06 1.11041e-06 8.85181e-07 7.08936e-07 5.70036e-07 4.59908e-07 3.72141e-07 3.01886e-07 2.45422e-07 1.99882e-07 1.63036e-07 1.33136e-07 1.08805e-07 8.89535e-08 7.27146e-08 5.93969e-08 4.84475e-08 3.94231e-08 3.25453e-08
0.00108238 6.07084e-05 3.17986e-05 1.84695e-05 1.16903e-05 7.8972e-06 5.59063e-06 4.09133e-06 3.06615e-06 2.3383e-06 1.80691e-06 1.41069e-06 1.11041e-06 8.79899e-07 7.0112e-07 5.61277e-07 4.51115e-07 3.63811e-07 2.94268e-07 2.38621e-07 1.93918e-07 1.57879e-07 1.28733e-07 1.05091e-07 8.5861e-08 7.01778e-08 5.73538e-08 4.68409e-08 3.8201e-08 3.10828e-08 2.56518e-08
0.000905238 4.83858e-05 2.53518e-05 1.4733e-05 9.33031e-06 6.30534e-06 4.46445e-06 3.26706e-06 2.44795e-06 1.86629e-06 1.44163e-06 1.12504e-06 8.85181e-07 7.0112e-07 5.58419e-07 4.46845e-07 3.58991e-07 2.89399e-07 2.33986e-07 1.89666e-07 1.54077e-07 1.25399e-07 1.02215e-07 8.34181e-08 6.81349e-08 5.56755e-08 4.54916e-08 3.71464e-08 3.02906e-08 2.46445e-08 2.03322e-08
0.000758798 3.87363e-05 2.03061e-05 1.18083e-05 7.48245e-06 5.05844e-06 3.58208e-06 2.62116e-06 1.96357e-06 1.49653e-06 1.15557e-06 9.01429e-07 7.08936e-07 5.61277e-07 4.46845e-07 3.57413e-07 2.87024e-07 2.31289e-07 1.8693e-07 1.51466e-07 1.23001e-07 1.00073e-07 8.15458e-08 6.65298e-08 5.43258e-08 4.43806e-08 3.6255e-08 2.9599e-08 2.4133e-08 1.96332e-08 1.61929e-08
0.000637197 3.11274e-05 1.63281e-05 9.50193e-06 6.0246e-06 4.07436e-06 2.88556e-06 2.11131e-06 1.58127e-06 1.20478e-06 9.29937e-07 7.25121e-07 5.70036e-07 4.51115e-07 3.58991e-07 2.87024e-07 2.30404e-07 1.85591e-07 1.4994e-07 1.21449e-07 9.85913e-08 8.0187e-08 6.53209e-08 5.32771e-08 4.34925e-08 3.55221e-08 2.90123e-08 2.36819e-08 1.93061e-08 1.57052e-08 1.29495e-08
0.000535845 2.50916e-05 1.3172e-05 7.67141e-06 4.86706e-06 3.29276e-06 2.33228e-06 1.70635e-06 1.27769e-06 9.73168e-07 7.50886e-07 5.85272e-07 4.59908e-07 3.63811e-07 2.89399e-07 2.31289e-07 1.85591e-07 1.49437e-07 1.20687e-07 9.77206e-08 7.9302e-08 6.44779e-08 5.25084e-08 4.28149e-08 3.49427e-08 2.85324e-08 2.32989e-08 1.9015e-08 1.54996e-08 1.26078e-08 1.03927e-08
0.000451106 2.02785e-05 1.06545e-05 6.21059e-06 3.94291e-06 2.6686e-06 1.89044e-06 1.383e-06 1.03535e-06 7.88347e-07 6.08064e-07 4.73769e-07 3.72141e-07 2.94268e-07 2.33986e-07 1.8693e-07 1.4994e-07 1.20687e-07 9.74333e-08 7.88656e-08 6.39801e-08 5.20042e-08 4.2338e-08 3.45127e-08 2.816e-08 2.29888e-08 1.87684e-08 1.5315e-08 1.24821e-08 1.01526e-08 8.36661e-09
0.000380064 1.64226e-05 8.63677e-06 5.03919e-06 3.20159e-06 2.16783e-06 1.53596e-06 1.12362e-06 8.41015e-07 6.40198e-07 4.93629e-07 3.84468e-07 3.01886e-07 2.38621e-07 1.89666e-07 1.51466e-07 1.21449e-07 9.77206e-08 7.88656e-08 6.38155e-08 5.17547e-08 4.20547e-08 3.42283e-08 2.78946e-08 2.27546e-08 1.8572e-08 1.51595e-08 1.23682e-08 1.00793e-08 8.19764e-09 6.75383e-09
0.000320363 1.33208e-05 7.0127e-06 4.09589e-06 2.60444e-06 1.76441e-06 1.25042e-06 9.14739e-07 6.84566e-07 5.20976e-07 4.01579e-07 3.12675e-07 2.45422e-07 1.93918e-07 1.54077e-07 1.23001e-07 9.85913e-08 7.9302e-08 6.39801e-08 5.17547e-08 4.19608e-08 3.40868e-08 2.77357e-08 2.25978e-08 1.84295e-08 1.50388e-08 1.22733e-08 1.00119e-08 8.15812e-09 6.63471e-09 5.46482e-09
0.000270084 1.08158e-05 5.70044e-06 3.33336e-06 2.1216e-06 1.43822e-06 1.01957e-06 7.4592e-07 5.58171e-07 4.24698e-07 3.27294e-07 2.54747e-07 1.99882e-07 1.57879e-07 1.25399e-07 1.00073e-07 8.0187e-08 6.44779e-08 5.20042e-08 4.20547e-08 3.40868e-08 2.76828e-08 2.25192e-08 1.83432e-08 1.49564e-08 1.22022e-08 9.9566e-09 8.12092e-09 6.61655e-09 5.38067e-09 4.43087e-09
0.000227651 8.78564e-06 4.63631e-06 2.71479e-06 1.72989e-06 1.17361e-06 8.32351e-07 6.09048e-07 4.55738e-07 3.46749e-07 2.67139e-07 2.07857e-07 1.63036e-07 1.28733e-07 1.02215e-07 8.15458e-08 6.53209e-08 5.25084e-08 4.2338e-08 3.42283e-08 2.77357e-08 2.25192e-08 1.83144e-08 1.49147e-08 1.21584e-08 9.91755e-09 8.09104e-09 6.5984e-09 5.37552e-09 4.3712e-09 3.59879e-09
0.000191764 7.13458e-06 3.77047e-06 2.21138e-06 1.41109e-06 9.58296e-07 6.80065e-07 4.97763e-07 3.72594e-07 2.83415e-07 2.18282e-07 1.69789e-07 1.33136e-07 1.05091e-07 8.34181e-08 6.65298e-08 5.32771e-08 4.28149e-08 3.45127e-08 2.78946e-08 2.25978e-08 1.83432e-08 1.49147e-08 1.21436e-08 9.89738e-09 8.07182e-09 6.58421e-09 5.36885e-09 4.37343e-09 3.55614e-09 2.92714e-09
0.000161346 5.78723e-06 3.06365e-06 1.80041e-06 1.1509e-06 7.82629e-07 5.55875e-07 4.07307e-07 3.04828e-07 2.31814e-07 1.78492e-07 1.388e-07 1.08805e-07 8.5861e-08 6.81349e-08 5.43258e-08 4.34925e-08 3.49427e-08 2.816e-08 2.27546e-08 1.84295e-08 1.49564e-08 1.21584e-08 9.89738e-09 8.0652e-09 6.5765e-09 5.36369e-09 4.3731e-09 3.56198e-09 2.89618e-09 2.38345e-09
0.000135498 4.68395e-06 2.48481e-06 1.46394e-06 9.37976e-07 6.38969e-07 4.55003e-07 3.33369e-07 2.49452e-07 1.89661e-07 1.46e-07 1.13505e-07 8.89535e-08 7.01778e-08 5.56755e-08 4.43806e-08 3.55221e-08 2.85324e-08 2.29888e-08 1.8572e-08 1.50388e-08 1.22022e-08 9.91755e-09 8.07182e-09 6.5765e-09 5.36177e-09 4.3724e-09 3.5645e-09 2.90312e-09 2.36037e-09 1.94216e-09
0.000113469 3.77738e-06 2.00932e-06 1.18775e-06 7.63377e-07 5.22851e-07 3.72332e-07 2.72777e-07 2.04083e-07 1.55137e-07 1.19399e-07 9.28045e-08 7.27146e-08 5.73538e-08 4.54916e-08 3.6255e-08 2.90123e-08 2.32989e-08 1.87684e-08 1.51595e-08 1.22733e-08 9.9566e-09 8.09104e-09 6.58421e-09 5.36369e-09 4.3724e-09 3.56518e-09 2.90616e-09 2.36676e-09 1.92421e-09 1.58303e-09
9.46249e-05 3.02985e-06 1.61764e-06 9.60618e-07 6.2401e-07 4.2746e-07 3.04407e-07 2.22998e-07 1.6682e-07 1.26791e-07 9.75665e-08 7.58211e-08 5.93969e-08 4.68409e-08 3.71464e-08 2.9599e-08 2.36819e-08 1.9015e-08 1.5315e-08 1.23682e-08 1.00119e-08 8.12092e-09 6.5984e-09 5.36885e-09 4.3731e-09 3.5645e-09 2.90616e-09 2.36876e-09 1.929e-09 1.56826e-09 1.29002e-09
7.84323e-05 2.41145e-06 1.29441e-06 7.83864e-07 5.09287e-07 3.48899e-07 2.4846e-07 1.82002e-07 1.36138e-07 1.0346e-07 7.96023e-08 6.18525e-08 4.84475e-08 3.8201e-08 3.02906e-08 2.4133e-08 1.93061e-08 1.54996e-08 1.24821e-08 1.00793e-08 8.15812e-09 6.61655e-09 5.37552e-09 4.37343e-09 3.56198e-09 2.90312e-09 2.36676e-09 1.929e-09 1.57081e-09 1.27702e-09 1.05036e-09
6.44368e-05 1.8987e-06 1.0536e-06 6.38077e-07 4.14587e-07 2.84027e-07 2.02259e-07 1.48153e-07 1.10812e-07 8.42073e-08 6.47846e-08 5.0335e-08 3.94231e-08 3.10828e-08 2.46445e-08 1.96332e-08 1.57052e-08 1.26078e-08 1.01526e-08 8.19764e-09 6.63471e-09 5.38067e-09 4.3712e-09 3.55614e-09 2.89618e-09 2.36037e-09 1.92421e-09 1.56826e-09 1.27702e-09 1.03817e-09 8.5385e-10
5.462e-05 1.56943e-06 8.7149e-07 5.27982e-07 3.43079e-07 2.35008e-07 1.67311e-07 1.22515e-07 9.1605e-08 6.95873e-08 5.35182e-08 4.15673e-08 3.25453e-08 2.56518e-08 2.03322e-08 1.61929e-08 1.29495e-08 1.03927e-08 8.36661e-09 6.75383e-09 5.46482e-09 4.43087e-09 3.59879e-09 2.92714e-09 2.38345e-09 1.94216e-09 1.58303e-09 1.29002e-09 1.05036e-09 8.5385e-10 7.02114e-10
