0.290156 0.119899 0.0495451 0.0204732 0.00846 0.00349587 0.00144457 0.000596931 0.000246666 0.000101928 4.2119e-05 1.74045e-05 7.19196e-06 2.97189e-06 1.22805e-06 5.07459e-07 2.09694e-07 8.66504e-08 3.5806e-08 1.47958e-08 6.11399e-09 2.52644e-09 1.04398e-09 4.31398e-10 1.78264e-10 7.36627e-11 3.04391e-11 1.25782e-11 5.19758e-12 2.14776e-12 8.87505e-13 3.66738e-13 1.51544e-13 6.26217e-14 2.58767e-14 1.06929e-14 4.41854e-15 1.82584e-15 7.5448e-16 3.11769e-16 1.2883e-16 5.32356e-17 2.19982e-17 9.09015e-18 3.75626e-18 1.55217e-18 6.41394e-19 2.65039e-19 1.0952e-19 4.52563e-20 1.87009e-20 7.72766e-21 3.19325e-21 1.31952e-21 5.45258e-22 2.25313e-22 9.31046e-23 3.8473e-23 1.58979e-23 6.56939e-24 2.71462e-24 1.12175e-24 4.63531e-25 1.91542e-25 7.91495e-26 3.27064e-26 1.3515e-26 5.58473e-27 2.30774e-27 9.53612e-28 3.94054e-28 1.62832e-28 6.72861e-29 2.78042e-29 1.14893e-29 4.74766e-30 1.96184e-30 8.10678e-31 3.34991e-31 1.38426e-31 5.72009e-32 2.36367e-32 9.76724e-33 4.03605e-33 1.66779e-33 6.89169e-34 2.84781e-34 1.17678e-34 4.86272e-35 2.00939e-35 8.30326e-36 3.4311e-36 1.41781e-36 5.85872e-37 2.42096e-37 1.0004e-37 4.13387e-38 1.70821e-38 7.05872e-39 2.91683e-39 1.2053e-39
0.119899 0.0652574 0.0334585 0.0165087 0.00793044 0.00373516 0.00173276 0.000794241 0.000360523 0.000162334 7.25995e-05 3.22806e-05 1.42816e-05 6.29092e-06 2.76048e-06 1.2072e-06 5.26321e-07 2.28843e-07 9.92554e-08 4.29536e-08 1.85506e-08 7.99662e-09 3.4412e-09 1.47852e-09 6.34317e-10 2.71768e-10 1.1629e-10 4.97019e-11 2.12191e-11 9.04967e-12 3.85584e-12 1.64138e-12 6.98115e-13 2.96684e-13 1.25988e-13 5.34622e-14 2.26709e-14 9.60739e-15 4.06887e-15 1.72221e-15 7.28538e-16 3.08025e-16 1.30166e-16 5.49788e-17 2.32107e-17 9.79462e-18 4.13141e-18 1.74193e-18 7.34157e-19 3.09301e-19 1.30261e-19 5.48396e-20 2.30794e-20 9.70988e-21 4.0838e-21 1.71705e-21 7.21724e-22 3.03275e-22 1.27404e-22 5.3507e-23 2.24661e-23 9.4305e-24 3.95764e-24 1.66049e-24 6.96525e-25 2.92106e-25 1.22476e-25 5.13419e-26 2.15181e-26 9.01673e-27 3.77756e-27 1.58231e-27 6.62666e-28 2.77473e-28 1.16164e-28 4.86237e-29 2.03495e-29 8.51513e-30 3.56255e-30 1.49027e-30 6.23309e-31 2.60663e-31 1.08992e-31 4.55669e-32 1.90479e-32 7.96133e-33 3.32712e-33 1.39027e-33 5.80862e-34 2.42659e-34 1.0136e-34 4.23341e-35 1.76792e-35 7.38224e-36 3.08224e-36 1.28676e-36 5.37137e-37 2.24196e-37 9.3568e-38 3.90467e-38 1.62929e-38
0.0495451 0.0334585 0.0200425 0.0112025 0.0059812 0.00309032 0.00155748 0.00076974 0.000374441 0.00017977 8.53563e-05 4.0145e-05 1.87263e-05 8.67244e-06 3.99081e-06 1.82606e-06 8.31295e-07 3.76703e-07 1.69994e-07 7.64212e-08 3.42361e-08 1.52885e-08 6.80711e-09 3.02256e-09 1.33871e-09 5.91523e-10 2.60796e-10 1.14745e-10 5.03882e-11 2.20869e-11 9.66493e-12 4.22243e-12 1.84189e-12 8.02308e-13 3.48999e-13 1.51616e-13 6.57855e-14 2.85106e-14 1.23423e-14 5.33736e-15 2.30576e-15 9.95125e-16 4.2908e-16 1.84847e-16 7.95634e-17 3.42184e-17 1.47049e-17 6.3145e-18 2.70955e-18 1.16186e-18 4.97868e-19 2.13203e-19 9.12428e-20 3.90249e-20 1.66813e-20 7.12644e-21 3.04283e-21 1.29853e-21 5.53868e-22 2.36126e-22 1.00617e-22 4.28546e-23 1.82443e-23 7.76364e-24 3.30232e-24 1.40408e-24 5.9675e-25 2.53525e-25 1.07668e-25 4.57077e-26 1.93971e-26 8.22869e-27 3.48961e-27 1.47938e-27 6.26961e-28 2.65622e-28 1.125e-28 4.76337e-29 2.01626e-29 8.53205e-30 3.60944e-30 1.52654e-30 6.45444e-31 2.72833e-31 1.15299e-31 4.87129e-32 2.05758e-32 8.68894e-33 3.66839e-33 1.54841e-33 6.53427e-34 2.75686e-34 1.16289e-34 4.90423e-35 2.06783e-35 8.71707e-36 3.67401e-36 1.5482e-36 6.52274e-37 2.7476e-37 1.15717e-37
0.0204732 0.0165087 0.0112025 0.00692124 0.00402535 0.00224294 0.00121008 0.000636502 0.000327991 0.000166158 8.29699e-05 4.09212e-05 1.99667e-05 9.65083e-06 4.62581e-06 2.20072e-06 1.03998e-06 4.88474e-07 2.2817e-07 1.06042e-07 4.90554e-08 2.25964e-08 1.03675e-08 4.73937e-09 2.15916e-09 9.8055e-10 4.4398e-10 2.00469e-10 9.02803e-11 4.05574e-11 1.81776e-11 8.12927e-12 3.62797e-12 1.61592e-12 7.184e-13 3.18817e-13 1.41248e-13 6.24773e-14 2.75928e-14 1.21684e-14 5.35869e-15 2.35669e-15 1.03511e-15 4.54082e-16 1.98961e-16 8.70779e-17 3.80691e-17 1.66257e-17 7.25348e-18 3.16147e-18 1.37665e-18 5.98911e-19 2.60328e-19 1.1306e-19 4.90618e-20 2.12732e-20 9.21699e-21 3.99045e-21 1.72641e-21 7.46382e-22 3.22467e-22 1.39227e-22 6.00738e-23 2.59047e-23 1.11637e-23 4.80826e-24 2.06976e-24 8.90451e-25 3.82884e-25 1.6455e-25 7.06814e-26 3.03457e-26 1.30221e-26 5.58544e-27 2.39461e-27 1.02616e-27 4.3955e-28 1.88198e-28 8.05451e-29 3.44577e-29 1.47354e-29 6.29893e-30 2.69158e-30 1.1497e-30 4.90915e-31 2.09543e-31 8.94102e-32 3.81376e-32 1.62621e-32 6.93196e-33 2.95391e-33 1.25835e-33 5.35888e-34 2.28147e-34 9.7102e-35 4.13157e-35 1.75744e-35 7.47349e-36 3.17723e-36 1.35039e-36 5.7379e-37
0.00846 0.00793044 0.0059812 0.00402535 0.0025197 0.00149867 0.000857785 0.000476376 0.000258165 0.000137096 7.15617e-05 3.68061e-05 1.86883e-05 9.38222e-06 4.66313e-06 2.29692e-06 1.12228e-06 5.44335e-07 2.62259e-07 1.25586e-07 5.98009e-08 2.83285e-08 1.33553e-08 6.26826e-09 2.92978e-09 1.36408e-09 6.32796e-10 2.92555e-10 1.34821e-10 6.19436e-11 2.83789e-11 1.29665e-11 5.90931e-12 2.68657e-12 1.21859e-12 5.51525e-13 2.49095e-13 1.12279e-13 5.05133e-14 2.26841e-14 1.01691e-14 4.5511e-15 2.03356e-15 9.07253e-16 4.04166e-16 1.79794e-16 7.98726e-17 3.54364e-17 1.57018e-17 6.94899e-18 3.07171e-18 1.35626e-18 5.98179e-19 2.63546e-19 1.15994e-19 5.10011e-20 2.2403e-20 9.83166e-21 4.31076e-21 1.88843e-21 8.26562e-22 3.61486e-22 1.57964e-22 6.89741e-23 3.00942e-23 1.31208e-23 5.71644e-24 2.48878e-24 1.08281e-24 4.70792e-25 2.04563e-25 8.88279e-26 3.85484e-26 1.67187e-26 7.24679e-27 3.13936e-27 1.35923e-27 5.88182e-28 2.54389e-28 1.09967e-28 4.75119e-29 2.05177e-29 8.85613e-30 3.8208e-30 1.64764e-30 7.1019e-31 3.0598e-31 1.31772e-31 5.67241e-32 2.4408e-32 1.04983e-32 4.51368e-33 1.93987e-33 8.33389e-34 3.57898e-34 1.53642e-34 6.59331e-35 2.82841e-35 1.21291e-35 5.19957e-36 2.22823e-36
0.00349587 0.00373516 0.00309032 0.00224294 0.00149867 0.000944764 0.000570107 0.000332411 0.000188493 0.000104438 5.67415e-05 3.03118e-05 1.59563e-05 8.29135e-06 4.2591e-06 2.16537e-06 1.0907e-06 5.44776e-07 2.70015e-07 1.32891e-07 6.49813e-08 3.15848e-08 1.52671e-08 7.34166e-09 3.5135e-09 1.67391e-09 7.94129e-10 3.75258e-10 1.76664e-10 8.28776e-11 3.8751e-11 1.80618e-11 8.39349e-12 3.8895e-12 1.79752e-12 8.28589e-13 3.81015e-13 1.74795e-13 8.00108e-14 3.65459e-14 1.66587e-14 7.57864e-15 3.44131e-15 1.55981e-15 7.05773e-16 3.1881e-16 1.4378e-16 6.47432e-17 2.91098e-17 1.30694e-17 5.85963e-18 2.62361e-18 1.17317e-18 5.23936e-19 2.33704e-19 1.04121e-19 4.6336e-20 2.05975e-20 9.14628e-21 4.05715e-21 1.79787e-21 7.95916e-22 3.52015e-22 1.55543e-22 6.86673e-23 3.02877e-23 1.33478e-23 5.87749e-24 2.58596e-24 1.13686e-24 4.99412e-25 2.19222e-25 9.61592e-26 4.21489e-26 1.8462e-26 8.08119e-27 3.53495e-27 1.54528e-27 6.75082e-28 2.94738e-28 1.28603e-28 5.60802e-29 2.44408e-29 1.06457e-29 4.63437e-30 2.01638e-30 8.76842e-31 3.81105e-31 1.65556e-31 7.18834e-32 3.1196e-32 1.35319e-32 5.867e-33 2.54256e-33 1.10136e-33 4.76865e-34 2.06382e-34 8.92814e-35 3.86072e-35 1.66877e-35 7.2102e-36
0.00144457 0.00173276 0.00155748 0.00121008 0.000857785 0.000570107 0.000361001 0.000220058 0.000130063 7.49225e-05 4.22289e-05 2.33593e-05 1.27117e-05 6.81839e-06 3.61069e-06 1.89018e-06 9.79282e-07 5.02597e-07 2.55739e-07 1.29107e-07 6.47062e-08 3.22127e-08 1.59369e-08 7.83905e-09 3.83508e-09 1.86676e-09 9.04359e-10 4.3617e-10 2.09481e-10 1.0021e-10 4.77581e-11 2.26799e-11 1.07342e-11 5.06414e-12 2.38187e-12 1.11704e-12 5.22416e-13 2.43677e-13 1.13374e-13 5.26207e-14 2.43665e-14 1.1258e-14 5.19042e-15 2.38809e-15 1.09658e-15 5.02576e-16 2.29915e-16 1.04995e-16 4.78658e-17 2.17856e-17 9.89971e-18 4.49168e-18 2.03493e-18 9.20587e-19 4.15887e-19 1.87629e-19 8.4539e-20 3.8042e-20 1.70976e-20 7.67514e-21 3.44139e-21 1.54132e-21 6.89563e-22 3.08172e-22 1.37582e-22 6.13608e-23 2.73397e-23 1.21697e-23 5.41206e-24 2.40464e-24 1.06746e-24 4.73454e-25 2.09816e-25 9.29052e-26 4.11048e-26 1.81721e-26 8.02756e-27 3.54354e-27 1.56305e-27 6.88964e-28 3.0347e-28 1.33579e-28 5.87584e-29 2.58295e-29 1.13471e-29 4.98171e-30 2.18577e-30 9.58452e-31 4.20028e-31 1.83965e-31 8.05277e-32 3.52301e-32 1.54044e-32 6.732e-33 2.94046e-33 1.2837e-33 5.60131e-34 2.44288e-34 1.06488e-34 4.63974e-35 2.02061e-35
0.000596931 0.000794241 0.00076974 0.000636502 0.000476376 0.000332411 0.000220058 0.000139773 8.58429e-05 5.12663e-05 2.98982e-05 1.70832e-05 9.5882e-06 5.29737e-06 2.88598e-06 1.5526e-06 8.25834e-07 4.34752e-07 2.26723e-07 1.17217e-07 6.01208e-08 3.06094e-08 1.54779e-08 7.77684e-09 3.88426e-09 1.92928e-09 9.53255e-10 4.68692e-10 2.29378e-10 1.11767e-10 5.42349e-11 2.62143e-11 1.26234e-11 6.05728e-12 2.89676e-12 1.38086e-12 6.5623e-13 3.10947e-13 1.46926e-13 6.92376e-14 3.25437e-14 1.52587e-14 7.13733e-15 3.33091e-15 1.55108e-15 7.20756e-16 3.34238e-16 1.54692e-16 7.1459e-17 3.29496e-17 1.51661e-17 6.9687e-18 3.19677e-18 1.46411e-18 6.69515e-19 3.05698e-19 1.39377e-19 6.34562e-20 2.88509e-20 1.30998e-20 5.94026e-21 2.69029e-21 1.21691e-21 5.49794e-22 2.48106e-22 1.11837e-22 5.0356e-23 2.26492e-23 1.01765e-23 4.56778e-24 2.04822e-24 9.17547e-25 4.10647e-25 1.83614e-25 8.20261e-26 3.66113e-26 1.63269e-26 7.27489e-27 3.23886e-27 1.44081e-27 6.40442e-28 2.84458e-28 1.26249e-28 5.59912e-29 2.48139e-29 1.09892e-29 4.8633e-30 2.15082e-30 9.50575e-31 4.19842e-31 1.85314e-31 8.1744e-32 3.60361e-32 1.58766e-32 6.99066e-33 3.07629e-33 1.35297e-33 5.94712e-34 2.61268e-34 1.14718e-34 5.03435e-35
0.000246666 0.000360523 0.000374441 0.000327991 0.000258165 0.000188493 0.000130063 8.58429e-05 5.46468e-05 3.37562e-05 2.03257e-05 1.1972e-05 6.91724e-06 3.92936e-06 2.19857e-06 1.21356e-06 6.61686e-07 3.56779e-07 1.90423e-07 1.00688e-07 5.2782e-08 2.7449e-08 1.41693e-08 7.26388e-09 3.69987e-09 1.87318e-09 9.4299e-10 4.72188e-10 2.35253e-10 1.16651e-10 5.75815e-11 2.83024e-11 1.38549e-11 6.75624e-12 3.28255e-12 1.58926e-12 7.66876e-13 3.68864e-13 1.76879e-13 8.45692e-14 4.03205e-14 1.91719e-14 9.09239e-15 4.30136e-15 2.02997e-15 9.55805e-16 4.49034e-16 2.10501e-16 9.84748e-17 4.59753e-17 2.1423e-17 9.96372e-18 4.62565e-18 2.14368e-18 9.91758e-19 4.58072e-19 2.11235e-19 9.72569e-20 4.47115e-20 2.05249e-20 9.40854e-21 4.30687e-21 1.96886e-21 8.98871e-22 4.0985e-22 1.86643e-22 8.48931e-23 3.85674e-23 1.75012e-23 7.93278e-24 3.59177e-24 1.62453e-24 7.33992e-25 3.31294e-25 1.49383e-25 6.72929e-26 3.02847e-26 1.36167e-26 6.11685e-27 2.74534e-27 1.23108e-27 5.51579e-28 2.46926e-28 1.10451e-28 4.9366e-29 2.20468e-29 9.83851e-30 4.3872e-30 1.9549e-30 8.70459e-31 3.87315e-31 1.72218e-31 7.65239e-32 3.39801e-32 1.50788e-32 6.68698e-33 2.96359e-33 1.31261e-33 5.81019e-34 2.5703e-34 1.13638e-34
0.000101928 0.000162334 0.00017977 0.000166158 0.000137096 0.000104438 7.49225e-05 5.12663e-05 3.37562e-05 2.15258e-05 1.3358e-05 8.09691e-06 4.80823e-06 2.804e-06 1.609e-06 9.0999e-07 5.07949e-07 2.80172e-07 1.52859e-07 8.25677e-08 4.41892e-08 2.34481e-08 1.23437e-08 6.45015e-09 3.34724e-09 1.72578e-09 8.84381e-10 4.50611e-10 2.28356e-10 1.15134e-10 5.77683e-11 2.88523e-11 1.43474e-11 7.10502e-12 3.50459e-12 1.72214e-12 8.43209e-13 4.11437e-13 2.00095e-13 9.70054e-14 4.68853e-14 2.25949e-14 1.08584e-14 5.20418e-15 2.48777e-15 1.18627e-15 5.64294e-16 2.67805e-16 1.2681e-16 5.99166e-17 2.82506e-17 1.32931e-17 6.24263e-18 2.92605e-18 1.36897e-18 6.39336e-19 2.98063e-19 1.38725e-19 6.44598e-20 2.99041e-20 1.38517e-20 6.40646e-21 2.95869e-21 1.36446e-21 6.28375e-22 2.88995e-22 1.32736e-22 6.08878e-23 2.78951e-23 1.27642e-23 5.83369e-24 2.6631e-24 1.21433e-24 5.53104e-25 2.51654e-25 1.14378e-25 5.19314e-26 2.35547e-26 1.06732e-26 4.83163e-27 2.18514e-27 9.87328e-28 4.45707e-28 2.01025e-28 9.05886e-29 4.07873e-29 1.83491e-29 8.24795e-30 3.7045e-30 1.66253e-30 7.45547e-31 3.3408e-31 1.4959e-31 6.69325e-32 2.99268e-32 1.33714e-32 5.97029e-33 2.6639e-33 1.18782e-33 5.29299e-34 2.35706e-34
4.2119e-05 7.25995e-05 8.53563e-05 8.29699e-05 7.15617e-05 5.67415e-05 4.22289e-05 2.98982e-05 2.03257e-05 1.3358e-05 8.52967e-06 5.31292e-06 3.23817e-06 1.93612e-06 1.13797e-06 6.58651e-07 3.75959e-07 2.119e-07 1.18059e-07 6.50796e-08 3.55248e-08 1.92164e-08 1.03073e-08 5.48524e-09 2.89768e-09 1.52023e-09 7.92409e-10 4.10524e-10 2.11458e-10 1.08328e-10 5.521e-11 2.80006e-11 1.41349e-11 7.10389e-12 3.55521e-12 1.77208e-12 8.79892e-13 4.35287e-13 2.1458e-13 1.05423e-13 5.16261e-14 2.52029e-14 1.22668e-14 5.95328e-15 2.88122e-15 1.3907e-15 6.69526e-16 3.21529e-16 1.54037e-16 7.36243e-17 3.51107e-17 1.67074e-17 7.9335e-18 3.75951e-18 1.77802e-18 8.39283e-19 3.9543e-19 1.8597e-19 8.73078e-20 4.09185e-20 1.91454e-20 8.94349e-21 4.17124e-21 1.94249e-21 9.03242e-22 4.1939e-22 1.94454e-22 9.00356e-23 4.1632e-23 1.92252e-23 8.86656e-24 4.0841e-24 1.87891e-24 8.6337e-25 3.96261e-25 1.81664e-25 8.31904e-26 3.80542e-26 1.73888e-26 7.93746e-27 3.61951e-27 1.64886e-27 7.50399e-28 3.4118e-28 1.54977e-28 7.03314e-29 3.18889e-29 1.44459e-29 6.53845e-30 2.95688e-30 1.33607e-30 6.03213e-31 2.72121e-31 1.22662e-31 5.52488e-32 2.4866e-32 1.11831e-32 5.02575e-33 2.25698e-33 1.01285e-33 4.54215e-34
1.74045e-05 3.22806e-05 4.0145e-05 4.09212e-05 3.68061e-05 3.03118e-05 2.33593e-05 1.70832e-05 1.1972e-05 8.09691e-06 5.31292e-06 3.39626e-06 2.122e-06 1.29933e-06 7.81394e-07 4.6237e-07 2.69617e-07 1.55136e-07 8.81823e-08 4.95654e-08 2.75728e-08 1.51921e-08 8.29626e-09 4.49298e-09 2.4144e-09 1.288e-09 6.82412e-10 3.59229e-10 1.87953e-10 9.77738e-11 5.05851e-11 2.60358e-11 1.33345e-11 6.79747e-12 3.44963e-12 1.74319e-12 8.77288e-13 4.39789e-13 2.19645e-13 1.09305e-13 5.42078e-14 2.67946e-14 1.32023e-14 6.48521e-15 3.17626e-15 1.55121e-15 7.55503e-16 3.66986e-16 1.77808e-16 8.59365e-17 4.14347e-17 1.99317e-17 9.56641e-18 4.58152e-18 2.18954e-18 1.04426e-18 4.9705e-19 2.36132e-19 1.11968e-19 5.2996e-20 2.50393e-20 1.18101e-20 5.56102e-21 2.61424e-21 1.22701e-21 5.75009e-22 2.69058e-22 1.25712e-22 5.86521e-23 2.73263e-23 1.2714e-23 5.90751e-24 2.74131e-24 1.27045e-24 5.88053e-25 2.7186e-25 1.25533e-25 5.78977e-26 2.66729e-26 1.22742e-26 5.64213e-27 2.59076e-27 1.18838e-27 5.44553e-28 2.49279e-28 1.14e-28 5.20838e-29 2.37733e-29 1.08411e-29 4.93924e-30 2.24833e-30 1.02253e-30 4.64645e-31 2.10959e-31 9.57005e-32 4.33787e-32 1.96468e-32 8.89128e-33 4.0207e-33 1.81681e-33 8.2034e-34
7.19196e-06 1.42816e-05 1.87263e-05 1.99667e-05 1.86883e-05 1.59563e-05 1.27117e-05 9.5882e-06 6.91724e-06 4.80823e-06 3.23817e-06 2.122e-06 1.35771e-06 8.50519e-07 5.22839e-07 3.15999e-07 1.88076e-07 1.10385e-07 6.39635e-08 3.66305e-08 2.07509e-08 1.16374e-08 6.46561e-09 3.56098e-09 1.94527e-09 1.05454e-09 5.67564e-10 3.03402e-10 1.61152e-10 8.50784e-11 4.46587e-11 2.33142e-11 1.21083e-11 6.25745e-12 3.21859e-12 1.64809e-12 8.40283e-13 4.26661e-13 2.15788e-13 1.08725e-13 5.45824e-14 2.73061e-14 1.36147e-14 6.76632e-15 3.35231e-15 1.65589e-15 8.15569e-16 4.00566e-16 1.96206e-16 9.58549e-17 4.67108e-17 2.27068e-17 1.1012e-17 5.32812e-18 2.57226e-18 1.23912e-18 5.95663e-19 2.8576e-19 1.36817e-19 6.53793e-20 3.11836e-20 1.48463e-20 7.0557e-21 3.34742e-21 1.58543e-21 7.49672e-22 3.53915e-22 1.6682e-22 7.85121e-23 3.68959e-23 1.73136e-23 8.11303e-24 3.79644e-24 1.77411e-24 8.27964e-25 3.85904e-25 1.79638e-25 8.35178e-26 3.87823e-26 1.79876e-26 8.33316e-27 3.85613e-27 1.78242e-27 8.22991e-28 3.79591e-28 1.74896e-28 8.05009e-29 3.70154e-29 1.70034e-29 7.8031e-30 3.57755e-30 1.6387e-30 7.49922e-31 3.42879e-31 1.56633e-31 7.14906e-32 3.2602e-32 1.48551e-32 6.76318e-33 3.07663e-33 1.39847e-33
2.97189e-06 6.29092e-06 8.67244e-06 9.65083e-06 9.38222e-06 8.29135e-06 6.81839e-06 5.29737e-06 3.92936e-06 2.804e-06 1.93612e-06 1.29933e-06 8.50519e-07 5.44596e-07 3.41916e-07 2.10901e-07 1.28021e-07 7.65847e-08 4.52066e-08 2.63587e-08 1.51955e-08 8.66839e-09 4.89677e-09 2.74103e-09 1.52127e-09 8.37561e-10 4.57668e-10 2.48312e-10 1.33823e-10 7.16643e-11 3.8147e-11 2.01899e-11 1.06279e-11 5.56555e-12 2.90017e-12 1.50415e-12 7.76604e-13 3.99238e-13 2.04393e-13 1.04226e-13 5.29458e-14 2.67975e-14 1.35153e-14 6.79333e-15 3.40344e-15 1.69975e-15 8.46306e-16 4.20139e-16 2.07981e-16 1.02674e-16 5.05523e-17 2.48258e-17 1.21613e-17 5.94302e-18 2.89744e-18 1.40939e-18 6.8405e-19 3.31292e-19 1.60113e-19 7.72255e-20 3.71738e-20 1.78598e-20 8.56455e-21 4.09959e-21 1.95887e-21 9.34365e-22 4.44934e-22 2.11524e-22 1.00398e-22 4.75782e-23 2.25127e-23 1.06364e-23 5.018e-24 2.36398e-24 1.11212e-24 5.22476e-25 2.45132e-25 1.1486e-25 5.375e-26 2.51215e-26 1.17269e-26 5.46758e-27 2.54624e-27 1.18441e-27 5.50318e-28 2.55414e-28 1.18414e-28 5.48406e-29 2.53715e-29 1.17259e-29 5.41387e-30 2.49714e-30 1.15068e-30 5.29732e-31 2.43641e-31 1.11956e-31 5.13987e-32 2.35761e-32 1.08048e-32 4.94751e-33 2.26356e-33
1.22805e-06 2.76048e-06 3.99081e-06 4.62581e-06 4.66313e-06 4.2591e-06 3.61069e-06 2.88598e-06 2.19857e-06 1.609e-06 1.13797e-06 7.81394e-07 5.22839e-07 3.41916e-07 2.19074e-07 1.37808e-07 8.52547e-08 5.19483e-08 3.12167e-08 1.85203e-08 1.08587e-08 6.2972e-09 3.61485e-09 2.05542e-09 1.15836e-09 6.47377e-10 3.58969e-10 1.97577e-10 1.07988e-10 5.86326e-11 3.16353e-11 1.69674e-11 9.04879e-12 4.79975e-12 2.53283e-12 1.33001e-12 6.95112e-13 3.61657e-13 1.87353e-13 9.66545e-14 4.96653e-14 2.54226e-14 1.29654e-14 6.58884e-15 3.33692e-15 1.68442e-15 8.47559e-16 4.25161e-16 2.1264e-16 1.06044e-16 5.27371e-17 2.61563e-17 1.2939e-17 6.38443e-18 3.14251e-18 1.5431e-18 7.55973e-19 3.69521e-19 1.80228e-19 8.7716e-20 4.26027e-20 2.06499e-20 9.98961e-21 4.82334e-21 2.32454e-21 1.11825e-21 5.36993e-22 2.57424e-22 1.23196e-22 5.88613e-23 2.80779e-23 1.33726e-23 6.35919e-24 3.01951e-24 1.43164e-24 6.77809e-25 3.20459e-25 1.51301e-25 7.13387e-26 3.35922e-26 1.57977e-26 7.41991e-27 3.48071e-27 1.63084e-27 7.63199e-28 3.56746e-28 1.66565e-28 7.76827e-29 3.61898e-29 1.68415e-29 7.82917e-30 3.6358e-30 1.68671e-30 7.81714e-31 3.61932e-31 1.67412e-31 7.73635e-32 3.57174e-32 1.6475e-32 7.59241e-33 3.49583e-33
5.07459e-07 1.2072e-06 1.82606e-06 2.20072e-06 2.29692e-06 2.16537e-06 1.89018e-06 1.5526e-06 1.21356e-06 9.0999e-07 6.58651e-07 4.6237e-07 3.15999e-07 2.10901e-07 1.37808e-07 8.8346e-08 5.56671e-08 3.45283e-08 2.111e-08 1.27362e-08 7.59044e-09 4.47255e-09 2.60763e-09 1.50538e-09 8.61053e-10 4.88251e-10 2.74605e-10 1.5326e-10 8.49159e-11 4.67258e-11 2.55439e-11 1.38779e-11 7.4954e-12 4.02553e-12 2.1504e-12 1.14285e-12 6.04407e-13 3.18148e-13 1.66715e-13 8.69845e-14 4.51967e-14 2.33904e-14 1.20587e-14 6.19381e-15 3.17004e-15 1.61688e-15 8.21957e-16 4.16511e-16 2.10405e-16 1.0597e-16 5.32163e-17 2.66493e-17 1.33089e-17 6.62903e-18 3.29339e-18 1.63212e-18 8.06887e-19 3.97971e-19 1.95838e-19 9.61561e-20 4.71104e-20 2.30326e-20 1.12377e-20 5.47198e-21 2.65929e-21 1.28992e-21 6.24532e-22 3.0183e-22 1.45614e-22 7.01291e-23 3.3718e-23 1.6185e-23 7.7565e-24 3.7114e-24 1.77314e-24 8.45856e-25 4.02914e-25 1.91648e-25 9.10302e-26 4.31786e-26 2.04534e-26 9.67586e-27 4.57142e-27 2.15706e-27 1.01656e-27 4.7849e-28 2.24954e-28 1.05635e-28 4.95472e-29 2.32135e-29 1.08638e-29 5.07867e-30 2.37167e-30 1.10638e-30 5.15589e-31 2.4003e-31 1.11634e-31 5.18681e-32 2.40762e-32 1.11652e-32 5.17297e-33
2.09694e-07 5.26321e-07 8.31295e-07 1.03998e-06 1.12228e-06 1.0907e-06 9.79282e-07 8.25834e-07 6.61686e-07 5.07949e-07 3.75959e-07 2.69617e-07 1.88076e-07 1.28021e-07 8.52547e-08 5.56671e-08 3.57045e-08 2.25309e-08 1.40074e-08 8.58959e-09 5.20089e-09 3.11222e-09 1.84207e-09 1.07919e-09 6.26221e-10 3.60124e-10 2.05354e-10 1.16168e-10 6.5222e-11 3.6358e-11 2.0131e-11 1.10748e-11 6.05543e-12 3.2917e-12 1.77942e-12 9.56807e-13 5.11871e-13 2.72508e-13 1.444e-13 7.61741e-14 4.00106e-14 2.09287e-14 1.09038e-14 5.65905e-15 2.92617e-15 1.50766e-15 7.7412e-16 3.96154e-16 2.02078e-16 1.02759e-16 5.20961e-17 2.63343e-17 1.32741e-17 6.67258e-18 3.34521e-18 1.67273e-18 8.34327e-19 4.15129e-19 2.06061e-19 1.02048e-19 5.04237e-20 2.48606e-20 1.2231e-20 6.00494e-21 2.94221e-21 1.43874e-21 7.02182e-22 3.42059e-22 1.66324e-22 8.07288e-23 3.91149e-23 1.89196e-23 9.13596e-24 4.4044e-24 2.11994e-24 1.01878e-24 4.8885e-25 2.34217e-25 1.12053e-25 5.35309e-26 2.55373e-26 1.2166e-26 5.78805e-27 2.75006e-27 1.30494e-27 6.1842e-28 2.92709e-28 1.38375e-28 6.53363e-29 3.08135e-29 1.45153e-29 6.82993e-30 3.21013e-30 1.50714e-30 7.06831e-31 3.31146e-31 1.54979e-31 7.24571e-32 3.38418e-32 1.57906e-32 7.36075e-33
8.66504e-08 2.28843e-07 3.76703e-07 4.88474e-07 5.44335e-07 5.44776e-07 5.02597e-07 4.34752e-07 3.56779e-07 2.80172e-07 2.119e-07 1.55136e-07 1.10385e-07 7.65847e-08 5.19483e-08 3.45283e-08 2.25309e-08 1.44573e-08 9.13512e-09 5.69096e-09 3.4992e-09 2.12556e-09 1.27662e-09 7.58685e-10 4.46439e-10 2.60272e-10 1.50416e-10 8.62138e-11 4.90313e-11 2.76798e-11 1.55171e-11 8.64105e-12 4.78158e-12 2.62999e-12 1.43825e-12 7.82208e-13 4.23177e-13 2.27788e-13 1.22022e-13 6.50616e-14 3.45362e-14 1.8254e-14 9.60836e-15 5.03744e-15 2.63089e-15 1.36895e-15 7.09767e-16 3.66728e-16 1.88851e-16 9.69371e-17 4.96021e-17 2.53041e-17 1.28708e-17 6.52798e-18 3.30179e-18 1.66553e-18 8.37953e-19 4.20518e-19 2.10512e-19 1.0513e-19 5.23792e-20 2.60378e-20 1.29147e-20 6.39188e-21 3.15687e-21 1.55594e-21 7.6535e-22 3.75731e-22 1.84105e-22 9.00415e-23 4.39572e-23 2.14213e-23 1.04209e-23 5.06087e-24 2.45372e-24 1.18773e-24 5.74008e-25 2.76976e-25 1.33445e-25 6.41973e-26 3.08386e-26 1.47928e-26 7.08589e-27 3.38954e-27 1.6192e-27 7.72479e-28 3.68051e-28 1.75136e-28 8.3234e-29 3.95087e-29 1.8731e-29 8.86986e-30 4.19534e-30 1.98209e-30 9.35388e-31 4.40943e-31 2.07636e-31 9.76701e-32 4.58951e-32 2.15439e-32 1.01029e-32
3.5806e-08 9.92554e-08 1.69994e-07 2.2817e-07 2.62259e-07 2.70015e-07 2.55739e-07 2.26723e-07 1.90423e-07 1.52859e-07 1.18059e-07 8.81823e-08 6.39635e-08 4.52066e-08 3.12167e-08 2.111e-08 1.40074e-08 9.13512e-09 5.86392e-09 3.70957e-09 2.31525e-09 1.42703e-09 8.69365e-10 5.23891e-10 3.12498e-10 1.84626e-10 1.08099e-10 6.27556e-11 3.61402e-11 2.06547e-11 1.17195e-11 6.60412e-12 3.69727e-12 2.05702e-12 1.13766e-12 6.25633e-13 3.42185e-13 1.86182e-13 1.00796e-13 5.43084e-14 2.91263e-14 1.55516e-14 8.26823e-15 4.37785e-15 2.3088e-15 1.21296e-15 6.34893e-16 3.31132e-16 1.72108e-16 8.91551e-17 4.60346e-17 2.36951e-17 1.21593e-17 6.22127e-18 3.17397e-18 1.6148e-18 8.19328e-19 4.14626e-19 2.09288e-19 1.05378e-19 5.29307e-20 2.65241e-20 1.3261e-20 6.61512e-21 3.29271e-21 1.63547e-21 8.10649e-22 4.00998e-22 1.97967e-22 9.75447e-23 4.79728e-23 2.35497e-23 1.15397e-23 5.64463e-24 2.75631e-24 1.34366e-24 6.53932e-25 3.17742e-25 1.54145e-25 7.46641e-26 3.61106e-26 1.74386e-26 8.40921e-27 4.04928e-27 1.94712e-27 9.34999e-28 4.48377e-28 2.14735e-28 1.02706e-28 4.90612e-29 2.34065e-29 1.11533e-29 5.30815e-30 2.52331e-30 1.1981e-30 5.68221e-31 2.69187e-31 1.27383e-31 6.02139e-32 2.84328e-32 1.34117e-32
1.47958e-08 4.29536e-08 7.64212e-08 1.06042e-07 1.25586e-07 1.32891e-07 1.29107e-07 1.17217e-07 1.00688e-07 8.25677e-08 6.50796e-08 4.95654e-08 3.66305e-08 2.63587e-08 1.85203e-08 1.27362e-08 8.58959e-09 5.69096e-09 3.70957e-09 2.38201e-09 1.50847e-09 9.43053e-10 5.82538e-10 3.55832e-10 2.15083e-10 1.28731e-10 7.63356e-11 4.48711e-11 2.61583e-11 1.51302e-11 8.68652e-12 4.95192e-12 2.80399e-12 1.57757e-12 8.82145e-13 4.90394e-13 2.71091e-13 1.49056e-13 8.15356e-14 4.43807e-14 2.40423e-14 1.29649e-14 6.96068e-15 3.72125e-15 1.98129e-15 1.05072e-15 5.55102e-16 2.92183e-16 1.53245e-16 8.0097e-17 4.17248e-17 2.16653e-17 1.12142e-17 5.78693e-18 2.97744e-18 1.52752e-18 7.81484e-19 3.98725e-19 2.02898e-19 1.02984e-19 5.21401e-20 2.6334e-20 1.32688e-20 6.67023e-21 3.34557e-21 1.67435e-21 8.36158e-22 4.16698e-22 2.07236e-22 1.02859e-22 5.09533e-23 2.51926e-23 1.24327e-23 6.12441e-24 3.01154e-24 1.47828e-24 7.24404e-25 3.54389e-25 1.73088e-25 8.44034e-26 4.10932e-26 1.99761e-26 9.69608e-27 4.69937e-27 2.27433e-27 1.09913e-27 5.30442e-28 2.55642e-28 1.23039e-28 5.91401e-29 2.83895e-29 1.36107e-29 6.51723e-30 3.11681e-30 1.4888e-30 7.10306e-31 3.38493e-31 1.61123e-31 7.66084e-32 3.63843e-32 1.72616e-32
6.11399e-09 1.85506e-08 3.42361e-08 4.90554e-08 5.98009e-08 6.49813e-08 6.47062e-08 6.01208e-08 5.2782e-08 4.41892e-08 3.55248e-08 2.75728e-08 2.07509e-08 1.51955e-08 1.08587e-08 7.59044e-09 5.20089e-09 3.4992e-09 2.31525e-09 1.50847e-09 9.68923e-10 6.14181e-10 3.8455e-10 2.38018e-10 1.45741e-10 8.83388e-11 5.30369e-11 3.1557e-11 1.86172e-11 1.08951e-11 6.32735e-12 3.64799e-12 2.0887e-12 1.18804e-12 6.71498e-13 3.77261e-13 2.10733e-13 1.17063e-13 6.46853e-14 3.55614e-14 1.94547e-14 1.05932e-14 5.74191e-15 3.09876e-15 1.66529e-15 8.91296e-16 4.75168e-16 2.52361e-16 1.33536e-16 7.04096e-17 3.6997e-17 1.93754e-17 1.01141e-17 5.26307e-18 2.7304e-18 1.4123e-18 7.28408e-19 3.74634e-19 1.92158e-19 9.83007e-20 5.01575e-20 2.55284e-20 1.29613e-20 6.56502e-21 3.31752e-21 1.67265e-21 8.41466e-22 4.22404e-22 2.11594e-22 1.05775e-22 5.27702e-23 2.62747e-23 1.30573e-23 6.47664e-24 3.20661e-24 1.58475e-24 7.81826e-25 3.85043e-25 1.8931e-25 9.29223e-26 4.55366e-26 2.22798e-26 1.08839e-26 5.30879e-27 2.58556e-27 1.25741e-27 6.10619e-28 2.96109e-28 1.43393e-28 6.93447e-29 3.34902e-29 1.61529e-29 7.78077e-30 3.74321e-30 1.79856e-30 8.63124e-31 4.13713e-31 1.98066e-31 9.47146e-32 4.52404e-32 2.15847e-32
2.52644e-09 7.99662e-09 1.52885e-08 2.25964e-08 2.83285e-08 3.15848e-08 3.22127e-08 3.06094e-08 2.7449e-08 2.34481e-08 1.92164e-08 1.51921e-08 1.16374e-08 8.66839e-09 6.2972e-09 4.47255e-09 3.11222e-09 2.12556e-09 1.42703e-09 9.43053e-10 6.14181e-10 3.94609e-10 2.50351e-10 1.56966e-10 9.73319e-11 5.97297e-11 3.62973e-11 2.18547e-11 1.30443e-11 7.7215e-12 4.53492e-12 2.64358e-12 1.53012e-12 8.7966e-13 5.02446e-13 2.85217e-13 1.60948e-13 9.03089e-14 5.03973e-14 2.79777e-14 1.54536e-14 8.49466e-15 4.64769e-15 2.53149e-15 1.37288e-15 7.41435e-16 3.98801e-16 2.13669e-16 1.14048e-16 6.06513e-17 3.21406e-17 1.69737e-17 8.93407e-18 4.68726e-18 2.45146e-18 1.27822e-18 6.64509e-19 3.44464e-19 1.78061e-19 9.17931e-20 4.71951e-20 2.42026e-20 1.23803e-20 6.31732e-21 3.21584e-21 1.63321e-21 8.27557e-22 4.18396e-22 2.11073e-22 1.06257e-22 5.33799e-23 2.6762e-23 1.33906e-23 6.68707e-24 3.33311e-24 1.65828e-24 8.2352e-25 4.08244e-25 2.02026e-25 9.98055e-26 4.92238e-26 2.42372e-26 1.1915e-26 5.84817e-27 2.866e-27 1.4024e-27 6.85211e-28 3.34304e-28 1.62869e-28 7.92359e-29 3.84953e-29 1.86769e-29 9.04944e-30 4.37896e-30 2.11623e-30 1.02142e-30 4.92388e-31 2.37072e-31 1.14007e-31 5.47606e-32 2.62725e-32
1.04398e-09 3.4412e-09 6.80711e-09 1.03675e-08 1.33553e-08 1.52671e-08 1.59369e-08 1.54779e-08 1.41693e-08 1.23437e-08 1.03073e-08 8.29626e-09 6.46561e-09 4.89677e-09 3.61485e-09 2.60763e-09 1.84207e-09 1.27662e-09 8.69365e-10 5.82538e-10 3.8455e-10 2.50351e-10 1.6089e-10 1.02154e-10 6.41295e-11 3.98323e-11 2.44939e-11 1.492e-11 9.00717e-12 5.39167e-12 3.20155e-12 1.88656e-12 1.10361e-12 6.41115e-13 3.69975e-13 2.12154e-13 1.20918e-13 6.85167e-14 3.86078e-14 2.16382e-14 1.20649e-14 6.69377e-15 3.69606e-15 2.03144e-15 1.11157e-15 6.05621e-16 3.28597e-16 1.77576e-16 9.55912e-17 5.12648e-17 2.7393e-17 1.45856e-17 7.73972e-18 4.09338e-18 2.15793e-18 1.13405e-18 5.94164e-19 3.10379e-19 1.6167e-19 8.39743e-20 4.34989e-20 2.24728e-20 1.158e-20 5.95202e-21 3.05176e-21 1.56096e-21 7.96555e-22 4.05551e-22 2.06017e-22 1.04427e-22 5.28198e-23 2.66608e-23 1.34296e-23 6.75132e-24 3.38739e-24 1.69634e-24 8.47904e-25 4.23045e-25 2.10692e-25 1.04748e-25 5.19871e-26 2.5758e-26 1.27412e-26 6.29226e-27 3.10249e-27 1.52735e-27 7.50756e-28 3.68475e-28 1.80583e-28 8.83722e-29 4.31855e-29 2.10743e-29 1.02701e-29 4.99813e-30 2.42922e-30 1.17913e-30 5.71608e-31 2.76752e-31 1.33827e-31 6.46354e-32 3.118e-32
4.31398e-10 1.47852e-09 3.02256e-09 4.73937e-09 6.26826e-09 7.34166e-09 7.83905e-09 7.77684e-09 7.26388e-09 6.45015e-09 5.48524e-09 4.49298e-09 3.56098e-09 2.74103e-09 2.05542e-09 1.50538e-09 1.07919e-09 7.58685e-10 5.23891e-10 3.55832e-10 2.38018e-10 1.56966e-10 1.02154e-10 6.56644e-11 4.17225e-11 2.62227e-11 1.63127e-11 1.005e-11 6.13517e-12 3.7129e-12 2.22853e-12 1.32714e-12 7.84463e-13 4.60399e-13 2.68374e-13 1.55425e-13 8.94536e-14 5.11777e-14 2.91122e-14 1.64695e-14 9.26802e-15 5.18898e-15 2.89099e-15 1.60309e-15 8.84889e-16 4.86302e-16 2.66118e-16 1.4503e-16 7.87243e-17 4.25683e-17 2.2932e-17 1.23091e-17 6.58391e-18 3.50963e-18 1.86467e-18 9.87522e-19 5.21356e-19 2.74411e-19 1.44008e-19 7.53563e-20 3.93222e-20 2.0463e-20 1.06205e-20 5.49791e-21 2.8389e-21 1.46228e-21 7.51392e-22 3.85195e-22 1.97014e-22 1.00541e-22 5.11956e-23 2.60131e-23 1.319e-23 6.67426e-24 3.37049e-24 1.69875e-24 8.5454e-25 4.2906e-25 2.15032e-25 1.07573e-25 5.37202e-26 2.67804e-26 1.33278e-26 6.62181e-27 3.28461e-27 1.62665e-27 8.04309e-28 3.97081e-28 1.95739e-28 9.6345e-29 4.73528e-29 2.32401e-29 1.13899e-29 5.57438e-30 2.72448e-30 1.32981e-30 6.4822e-31 3.15569e-31 1.53431e-31 7.45055e-32 3.61351e-32
1.78264e-10 6.34317e-10 1.33871e-09 2.15916e-09 2.92978e-09 3.5135e-09 3.83508e-09 3.88426e-09 3.69987e-09 3.34724e-09 2.89768e-09 2.4144e-09 1.94527e-09 1.52127e-09 1.15836e-09 8.61053e-10 6.26221e-10 4.46439e-10 3.12498e-10 2.15083e-10 1.45741e-10 9.73319e-11 6.41295e-11 4.17225e-11 2.68247e-11 1.70555e-11 1.07309e-11 6.68505e-12 4.12575e-12 2.52374e-12 1.53081e-12 9.21121e-13 5.50039e-13 3.26066e-13 1.91953e-13 1.12252e-13 6.52263e-14 3.76703e-14 2.16287e-14 1.23485e-14 7.01205e-15 3.96108e-15 2.22639e-15 1.24533e-15 6.93332e-16 3.84272e-16 2.12052e-16 1.16524e-16 6.37705e-17 3.47622e-17 1.8877e-17 1.02129e-17 5.50556e-18 2.95758e-18 1.58344e-18 8.44954e-19 4.49443e-19 2.38322e-19 1.25991e-19 6.64095e-20 3.4904e-20 1.82939e-20 9.56207e-21 4.98475e-21 2.59184e-21 1.34424e-21 6.95456e-22 3.58936e-22 1.84817e-22 9.49439e-23 4.86649e-23 2.48892e-23 1.2702e-23 6.46873e-24 3.28756e-24 1.66745e-24 8.44067e-25 4.26444e-25 2.15043e-25 1.08239e-25 5.43821e-26 2.72743e-26 1.36551e-26 6.82483e-27 3.40534e-27 1.69634e-27 8.43654e-28 4.18916e-28 2.07689e-28 1.0281e-28 5.08168e-29 2.50806e-29 1.23606e-29 6.08306e-30 2.98949e-30 1.46715e-30 7.19062e-31 3.51949e-31 1.72039e-31 8.39874e-32 4.09498e-32
7.36627e-11 2.71768e-10 5.91523e-10 9.8055e-10 1.36408e-09 1.67391e-09 1.86676e-09 1.92928e-09 1.87318e-09 1.72578e-09 1.52023e-09 1.288e-09 1.05454e-09 8.37561e-10 6.47377e-10 4.88251e-10 3.60124e-10 2.60272e-10 1.84626e-10 1.28731e-10 8.83388e-11 5.97297e-11 3.98323e-11 2.62227e-11 1.70555e-11 1.09676e-11 6.97761e-12 4.39448e-12 2.74126e-12 1.69455e-12 1.03852e-12 6.31272e-13 3.8074e-13 2.27933e-13 1.35486e-13 7.99889e-14 4.69175e-14 2.73481e-14 1.58459e-14 9.1286e-15 5.22983e-15 2.98027e-15 1.68964e-15 9.53196e-16 5.35175e-16 2.99092e-16 1.6641e-16 9.21892e-17 5.08591e-17 2.79449e-17 1.52945e-17 8.33916e-18 4.53011e-18 2.45213e-18 1.32273e-18 7.11103e-19 3.81041e-19 2.03529e-19 1.08376e-19 5.75347e-20 3.04543e-20 1.6074e-20 8.4603e-21 4.44085e-21 2.32484e-21 1.21393e-21 6.32261e-22 3.28494e-22 1.70259e-22 8.80379e-23 4.54181e-23 2.33781e-23 1.2007e-23 6.15352e-24 3.147e-24 1.60611e-24 8.18039e-25 4.15829e-25 2.10967e-25 1.06829e-25 5.39951e-26 2.72413e-26 1.37191e-26 6.897e-27 3.46137e-27 1.73422e-27 8.67439e-28 4.33179e-28 2.15975e-28 1.07512e-28 5.34374e-29 2.65201e-29 1.31419e-29 6.50293e-30 3.21319e-30 1.58544e-30 7.81202e-31 3.844e-31 1.88895e-31 9.27012e-32 4.54346e-32
3.04391e-11 1.1629e-10 2.60796e-10 4.4398e-10 6.32796e-10 7.94129e-10 9.04359e-10 9.53255e-10 9.4299e-10 8.84381e-10 7.92409e-10 6.82412e-10 5.67564e-10 4.57668e-10 3.58969e-10 2.74605e-10 2.05354e-10 1.50416e-10 1.08099e-10 7.63356e-11 5.30369e-11 3.62973e-11 2.44939e-11 1.63127e-11 1.07309e-11 6.97761e-12 4.48777e-12 2.85674e-12 1.80082e-12 1.12473e-12 6.96316e-13 4.27496e-13 2.60374e-13 1.57384e-13 9.44435e-14 5.62815e-14 3.33173e-14 1.95976e-14 1.14572e-14 6.65887e-15 3.84827e-15 2.2119e-15 1.2647e-15 7.1947e-16 4.07303e-16 2.29496e-16 1.28723e-16 7.18821e-17 3.997e-17 2.21337e-17 1.22078e-17 6.70709e-18 3.6711e-18 2.00204e-18 1.08795e-18 5.89176e-19 3.18e-19 1.71077e-19 9.17447e-20 4.90488e-20 2.61438e-20 1.38943e-20 7.36318e-21 3.89121e-21 2.0508e-21 1.07798e-21 5.65164e-22 2.95557e-22 1.54183e-22 8.02386e-23 4.16588e-23 2.15789e-23 1.11525e-23 5.75121e-24 2.95943e-24 1.51964e-24 7.78707e-25 3.98224e-25 2.03245e-25 1.0353e-25 5.26367e-26 2.67115e-26 1.35304e-26 6.84142e-27 3.45314e-27 1.73993e-27 8.75212e-28 4.39512e-28 2.20353e-28 1.10298e-28 5.51231e-29 2.75059e-29 1.37043e-29 6.81773e-30 3.38675e-30 1.67996e-30 8.32142e-31 4.11613e-31 2.03322e-31 1.00298e-31 4.94109e-32
1.25782e-11 4.97019e-11 1.14745e-10 2.00469e-10 2.92555e-10 3.75258e-10 4.3617e-10 4.68692e-10 4.72188e-10 4.50611e-10 4.10524e-10 3.59229e-10 3.03402e-10 2.48312e-10 1.97577e-10 1.5326e-10 1.16168e-10 8.62138e-11 6.27556e-11 4.48711e-11 3.1557e-11 2.18547e-11 1.492e-11 1.005e-11 6.68505e-12 4.39448e-12 2.85674e-12 1.83766e-12 1.1704e-12 7.3842e-13 4.6172e-13 2.86253e-13 1.76032e-13 1.07415e-13 6.50612e-14 3.91293e-14 2.3374e-14 1.3872e-14 8.1815e-15 4.79644e-15 2.79575e-15 1.62056e-15 9.34344e-16 5.35927e-16 3.05873e-16 1.73734e-16 9.82224e-17 5.52817e-17 3.09786e-17 1.72866e-17 9.60693e-18 5.31787e-18 2.93239e-18 1.61096e-18 8.81808e-19 4.80987e-19 2.61461e-19 1.41655e-19 7.64982e-20 4.11812e-20 2.21011e-20 1.18257e-20 6.30918e-21 3.35647e-21 1.78068e-21 9.42138e-22 4.97157e-22 2.61668e-22 1.37377e-22 7.19455e-23 3.75879e-23 1.95916e-23 1.0188e-23 5.28605e-24 2.73662e-24 1.41371e-24 7.28763e-25 3.74898e-25 1.92468e-25 9.86146e-26 5.04286e-26 2.57385e-26 1.31122e-26 6.66762e-27 3.38441e-27 1.71485e-27 8.67394e-28 4.37992e-28 2.20795e-28 1.11122e-28 5.58352e-29 2.8011e-29 1.40305e-29 7.017e-30 3.50411e-30 1.74727e-30 8.69987e-31 4.32557e-31 2.14765e-31 1.06483e-31 5.27241e-32
5.19758e-12 2.12191e-11 5.03882e-11 9.02803e-11 1.34821e-10 1.76664e-10 2.09481e-10 2.29378e-10 2.35253e-10 2.28356e-10 2.11458e-10 1.87953e-10 1.61152e-10 1.33823e-10 1.07988e-10 8.49159e-11 6.5222e-11 4.90313e-11 3.61402e-11 2.61583e-11 1.86172e-11 1.30443e-11 9.00717e-12 6.13517e-12 4.12575e-12 2.74126e-12 1.80082e-12 1.1704e-12 7.52998e-13 4.79817e-13 3.02963e-13 1.8964e-13 1.17726e-13 7.25079e-14 4.43219e-14 2.68976e-14 1.62109e-14 9.70547e-15 5.7738e-15 3.41389e-15 2.00669e-15 1.17287e-15 6.81789e-16 3.94242e-16 2.26813e-16 1.2985e-16 7.39869e-17 4.19638e-17 2.36955e-17 1.33226e-17 7.45935e-18 4.15965e-18 2.31052e-18 1.27852e-18 7.04857e-19 3.87197e-19 2.11956e-19 1.15633e-19 6.28759e-20 3.40789e-20 1.8413e-20 9.91831e-21 5.32667e-21 2.85241e-21 1.52313e-21 8.11073e-22 4.30735e-22 2.28147e-22 1.20532e-22 6.35177e-23 3.33901e-23 1.75104e-23 9.16122e-24 4.782e-24 2.4905e-24 1.29421e-24 6.71098e-25 3.47254e-25 1.79312e-25 9.24034e-26 4.75228e-26 2.43932e-26 1.24969e-26 6.39032e-27 3.26168e-27 1.66179e-27 8.45161e-28 4.29088e-28 2.17476e-28 1.10039e-28 5.55859e-29 2.80337e-29 1.41157e-29 7.09655e-30 3.56224e-30 1.78542e-30 8.93541e-31 4.46532e-31 2.22826e-31 1.11036e-31 5.52533e-32
2.14776e-12 9.04967e-12 2.20869e-11 4.05574e-11 6.19436e-11 8.28776e-11 1.0021e-10 1.11767e-10 1.16651e-10 1.15134e-10 1.08328e-10 9.77738e-11 8.50784e-11 7.16643e-11 5.86326e-11 4.67258e-11 3.6358e-11 2.76798e-11 2.06547e-11 1.51302e-11 1.08951e-11 7.7215e-12 5.39167e-12 3.7129e-12 2.52374e-12 1.69455e-12 1.12473e-12 7.3842e-13 4.79817e-13 3.08741e-13 1.96823e-13 1.24369e-13 7.79269e-14 4.8436e-14 2.98751e-14 1.82918e-14 1.11209e-14 6.71573e-15 4.02928e-15 2.40245e-15 1.42389e-15 8.39058e-16 4.91689e-16 2.86589e-16 1.6618e-16 9.58795e-17 5.50519e-17 3.14621e-17 1.78993e-17 1.01387e-17 5.71846e-18 3.21208e-18 1.79704e-18 1.00148e-18 5.5602e-19 3.07571e-19 1.69533e-19 9.31226e-20 5.0979e-20 2.78164e-20 1.51294e-20 8.20329e-21 4.43439e-21 2.38997e-21 1.28439e-21 6.88292e-22 3.67835e-22 1.96049e-22 1.04216e-22 5.52571e-23 2.92248e-23 1.54187e-23 8.11523e-24 4.26121e-24 2.23237e-24 1.16687e-24 6.08582e-25 3.16722e-25 1.64482e-25 8.52427e-26 4.40873e-26 2.27565e-26 1.17232e-26 6.02776e-27 3.09348e-27 1.58467e-27 8.10293e-28 4.13593e-28 2.1074e-28 1.07195e-28 5.4434e-29 2.75961e-29 1.39675e-29 7.05822e-30 3.56114e-30 1.79396e-30 9.02353e-31 4.53201e-31 2.27283e-31 1.13819e-31 5.69177e-32
8.87505e-13 3.85584e-12 9.66493e-12 1.81776e-11 2.83789e-11 3.8751e-11 4.77581e-11 5.42349e-11 5.75815e-11 5.77683e-11 5.521e-11 5.05851e-11 4.46587e-11 3.8147e-11 3.16353e-11 2.55439e-11 2.0131e-11 1.55171e-11 1.17195e-11 8.68652e-12 6.32735e-12 4.53492e-12 3.20155e-12 2.22853e-12 1.53081e-12 1.03852e-12 6.96316e-13 4.6172e-13 3.02963e-13 1.96823e-13 1.26663e-13 8.07824e-14 5.10806e-14 3.20361e-14 1.99354e-14 1.23128e-14 7.55052e-15 4.59841e-15 2.78209e-15 1.67255e-15 9.99389e-16 5.9366e-16 3.50655e-16 2.05992e-16 1.20373e-16 6.99836e-17 4.04878e-17 2.33122e-17 1.3361e-17 7.62349e-18 4.33101e-18 2.45019e-18 1.38052e-18 7.74759e-19 4.33133e-19 2.41243e-19 1.33878e-19 7.40341e-20 4.08e-20 2.24096e-20 1.22685e-20 6.69531e-21 3.64253e-21 1.97571e-21 1.06847e-21 5.76172e-22 3.09829e-22 1.6615e-22 8.88616e-23 4.74014e-23 2.52206e-23 1.33854e-23 7.0867e-24 3.74297e-24 1.97228e-24 1.03687e-24 5.43878e-25 2.84658e-25 1.48664e-25 7.74769e-26 4.02936e-26 2.09131e-26 1.08326e-26 5.60014e-27 2.88955e-27 1.48814e-27 7.64991e-28 3.92536e-28 2.01062e-28 1.02806e-28 5.2476e-29 2.67405e-29 1.36037e-29 6.90935e-30 3.50364e-30 1.77385e-30 8.96691e-31 4.5259e-31 2.28095e-31 1.14785e-31 5.768e-32
3.66738e-13 1.64138e-12 4.22243e-12 8.12927e-12 1.29665e-11 1.80618e-11 2.26799e-11 2.62143e-11 2.83024e-11 2.88523e-11 2.80006e-11 2.60358e-11 2.33142e-11 2.01899e-11 1.69674e-11 1.38779e-11 1.10748e-11 8.64105e-12 6.60412e-12 4.95192e-12 3.64799e-12 2.64358e-12 1.88656e-12 1.32714e-12 9.21121e-13 6.31272e-13 4.27496e-13 2.86253e-13 1.8964e-13 1.24369e-13 8.07824e-14 5.19931e-14 3.3173e-14 2.09898e-14 1.31757e-14 8.20795e-15 5.07606e-15 3.11731e-15 1.90158e-15 1.15251e-15 6.94193e-16 4.15639e-16 2.47428e-16 1.46477e-16 8.62493e-17 5.05232e-17 2.94476e-17 1.70806e-17 9.8609e-18 5.66703e-18 3.2425e-18 1.84735e-18 1.04813e-18 5.92288e-19 3.33389e-19 1.86947e-19 1.04443e-19 5.81403e-20 3.22519e-20 1.783e-20 9.8244e-21 5.39578e-21 2.95415e-21 1.6124e-21 8.77426e-22 4.76074e-22 2.5757e-22 1.38964e-22 7.47694e-23 4.01223e-23 2.14741e-23 1.1464e-23 6.1048e-24 3.243e-24 1.71863e-24 9.08665e-25 4.79323e-25 2.52277e-25 1.32486e-25 6.94271e-26 3.63051e-26 1.89456e-26 9.86651e-27 5.12807e-27 2.66008e-27 1.37721e-27 7.11687e-28 3.67091e-28 1.89003e-28 9.71379e-29 4.98365e-29 2.55246e-29 1.30507e-29 6.66173e-30 3.39492e-30 1.72732e-30 8.77468e-31 4.45054e-31 2.25388e-31 1.13971e-31 5.75459e-32
1.51544e-13 6.98115e-13 1.84189e-12 3.62797e-12 5.90931e-12 8.39349e-12 1.07342e-11 1.26234e-11 1.38549e-11 1.43474e-11 1.41349e-11 1.33345e-11 1.21083e-11 1.06279e-11 9.04879e-12 7.4954e-12 6.05543e-12 4.78158e-12 3.69727e-12 2.80399e-12 2.0887e-12 1.53012e-12 1.10361e-12 7.84463e-13 5.50039e-13 3.8074e-13 2.60374e-13 1.76032e-13 1.17726e-13 7.79269e-14 5.10806e-14 3.3173e-14 2.13532e-14 1.3629e-14 8.6289e-15 5.42105e-15 3.38058e-15 2.0932e-15 1.28725e-15 7.86438e-16 4.77445e-16 2.88099e-16 1.72828e-16 1.03093e-16 6.11611e-17 3.60937e-17 2.1192e-17 1.23815e-17 7.19943e-18 4.16691e-18 2.40095e-18 1.37741e-18 7.86886e-19 4.47692e-19 2.53699e-19 1.43211e-19 8.05378e-20 4.51267e-20 2.51953e-20 1.40184e-20 7.77338e-21 4.29625e-21 2.36687e-21 1.29987e-21 7.11698e-22 3.88505e-22 2.11462e-22 1.14771e-22 6.21189e-23 3.35301e-23 1.80506e-23 9.69219e-24 5.19095e-24 2.77327e-24 1.47802e-24 7.85835e-25 4.1684e-25 2.20604e-25 1.16489e-25 6.13767e-26 3.2269e-26 1.69298e-26 8.86375e-27 4.63128e-27 2.41501e-27 1.25686e-27 6.52864e-28 3.38485e-28 1.75166e-28 9.04842e-29 4.66573e-29 2.40161e-29 1.23407e-29 6.33048e-30 3.24199e-30 1.65758e-30 8.46129e-31 4.31232e-31 2.19436e-31 1.11491e-31 5.65606e-32
