0.318007 0.0630824 0.0327536 0.0185359 0.0106921 0.00612297 0.00345632 0.0019232 0.00105703 0.000575127 0.000310371 0.000166374 8.86909e-05 4.70591e-05 2.48702e-05 1.30985e-05 6.878e-06 3.60209e-06 1.88202e-06 9.81253e-07 5.10637e-07 2.65275e-07 1.37593e-07 7.12642e-08 3.68608e-08 1.90416e-08 9.82331e-09 5.05834e-09 2.59428e-09 1.31402e-09 6.75563e-10
0.0630824 0.0167793 0.00831087 0.00400751 0.0019 0.000896779 0.000424262 0.000201738 9.64736e-05 4.63825e-05 2.24052e-05 1.08667e-05 5.28849e-06 2.58122e-06 1.26295e-06 6.1924e-07 3.0417e-07 1.49641e-07 7.37187e-08 3.63597e-08 1.79522e-08 8.87195e-09 4.38811e-09 2.17195e-09 1.0757e-09 5.32995e-10 2.64078e-10 1.30626e-10 6.41544e-11 3.06838e-11 1.52494e-11
0.0327536 0.00831087 0.00339687 0.00148161 0.000665824 0.000304887 0.000141642 6.65802e-05 3.15976e-05 1.5112e-05 7.27286e-06 3.5179e-06 1.70865e-06 8.32717e-07 4.06975e-07 1.99373e-07 9.78674e-08 4.81233e-08 2.36982e-08 1.16851e-08 5.76819e-09 2.85019e-09 1.40957e-09 6.9763e-10 3.45485e-10 1.71149e-10 8.47422e-11 4.18256e-11 2.03981e-11 1.00456e-11 4.99301e-12
0.0185359 0.00400751 0.00148161 0.000605284 0.000261472 0.000116886 5.348e-05 2.48838e-05 1.17248e-05 5.57793e-06 2.67355e-06 1.28904e-06 6.24448e-07 3.03664e-07 1.48137e-07 7.24564e-08 3.55184e-08 1.74441e-08 8.58123e-09 4.22725e-09 2.08495e-09 1.02944e-09 5.08755e-10 2.51632e-10 1.24533e-10 6.16425e-11 3.0479e-11 1.49961e-11 7.41693e-12 3.65211e-12 1.81455e-12
0.0106921 0.0019 0.000665824 0.000261472 0.000110069 4.83921e-05 2.18968e-05 1.0109e-05 4.73548e-06 2.24258e-06 1.0709e-06 5.1472e-07 2.4868e-07 1.2065e-07 5.87362e-08 2.86764e-08 1.40341e-08 6.88232e-09 3.38101e-09 1.66347e-09 8.19519e-10 4.04207e-10 1.99566e-10 9.86134e-11 4.87575e-11 2.41069e-11 1.18994e-11 5.88866e-12 2.91134e-12 1.43304e-12 7.1157e-13
0.00612297 0.000896779 0.000304887 0.000116886 4.83921e-05 2.10374e-05 9.44425e-06 4.33453e-06 2.02109e-06 9.53481e-07 4.53837e-07 2.17517e-07 1.04828e-07 5.07444e-08 2.4654e-08 1.20145e-08 5.86999e-09 2.8742e-09 1.40997e-09 6.92799e-10 3.40894e-10 1.67946e-10 8.28296e-11 4.0887e-11 2.01943e-11 9.9725e-12 4.9318e-12 2.43919e-12 1.20528e-12 5.93005e-13 2.94248e-13
0.00345632 0.000424262 0.000141642 5.348e-05 2.18968e-05 9.44425e-06 4.21503e-06 1.92566e-06 8.9449e-07 4.20617e-07 1.99633e-07 9.54371e-08 4.5888e-08 2.21668e-08 1.07491e-08 5.22911e-09 2.55069e-09 1.24706e-09 6.1091e-10 2.99788e-10 1.47334e-10 7.25042e-11 3.57202e-11 1.76142e-11 8.69064e-12 4.29257e-12 2.12134e-12 1.04849e-12 5.1778e-13 2.54631e-13 1.26258e-13
0.0019232 0.000201738 6.65802e-05 2.48838e-05 1.0109e-05 4.33453e-06 1.92566e-06 8.76431e-07 4.05794e-07 1.90273e-07 9.00763e-08 4.29624e-08 2.06135e-08 9.93838e-09 4.81072e-09 2.33643e-09 1.13795e-09 5.5557e-10 2.71805e-10 1.33218e-10 6.53963e-11 3.21472e-11 1.58215e-11 7.7941e-12 3.84371e-12 1.89704e-12 9.36812e-13 4.62715e-13 2.28367e-13 1.12253e-13 5.56222e-14
0.00105703 9.64736e-05 3.15976e-05 1.17248e-05 4.73548e-06 2.02109e-06 8.9449e-07 4.05794e-07 1.87351e-07 8.76224e-08 4.13848e-08 1.96969e-08 9.43232e-09 4.53947e-09 2.19373e-09 1.0638e-09 5.17385e-10 2.52265e-10 1.23265e-10 6.03456e-11 2.95914e-11 1.45316e-11 7.14491e-12 3.51719e-12 1.73311e-12 8.54711e-13 4.2178e-13 2.08191e-13 1.02689e-13 5.04535e-14 2.4984e-14
0.000575127 4.63825e-05 1.5112e-05 5.57793e-06 2.24258e-06 9.53481e-07 4.20617e-07 1.90273e-07 8.76224e-08 4.08853e-08 1.92696e-08 9.15346e-09 4.3755e-09 2.1023e-09 1.0144e-09 4.91215e-10 2.38589e-10 1.16187e-10 5.67077e-11 2.77318e-11 1.35849e-11 6.66483e-12 3.27425e-12 1.61046e-12 7.9294e-13 3.90765e-13 1.92702e-13 9.50574e-14 4.68602e-14 2.30135e-14 1.1389e-14
0.000310371 2.24052e-05 7.27286e-06 2.67355e-06 1.0709e-06 4.53837e-07 1.99633e-07 9.00763e-08 4.13848e-08 1.92696e-08 9.06426e-09 4.29801e-09 2.05112e-09 9.84001e-10 4.74124e-10 2.29288e-10 1.11231e-10 5.41048e-11 2.63787e-11 1.2887e-11 6.30694e-12 3.09153e-12 1.51752e-12 7.45813e-13 3.66943e-13 1.80705e-13 8.90548e-14 4.39031e-14 2.16311e-14 1.06189e-14 5.2521e-15
0.000166374 1.08667e-05 3.5179e-06 1.28904e-06 5.1472e-07 2.17517e-07 9.54371e-08 4.29624e-08 1.96969e-08 9.15346e-09 4.29801e-09 2.03463e-09 9.69493e-10 4.64443e-10 2.2349e-10 1.07948e-10 5.23073e-11 2.54159e-11 1.2379e-11 6.04191e-12 2.95434e-12 1.44695e-12 7.09693e-13 3.48533e-13 1.7136e-13 8.43323e-14 4.15347e-14 2.04644e-14 1.00776e-14 4.94525e-15 2.44459e-15
8.86909e-05 5.28849e-06 1.70865e-06 6.24448e-07 2.4868e-07 1.04828e-07 4.5888e-08 2.06135e-08 9.43232e-09 4.3755e-09 2.05112e-09 9.69493e-10 4.61306e-10 2.20702e-10 1.06071e-10 5.11751e-11 2.47709e-11 1.2024e-11 5.85091e-12 2.85317e-12 1.39397e-12 6.82187e-13 3.34348e-13 1.64085e-13 8.06203e-14 3.96513e-14 1.95173e-14 9.61103e-15 4.7306e-15 2.32051e-15 1.14651e-15
4.70591e-05 2.58122e-06 8.32717e-07 3.03664e-07 1.2065e-07 5.07444e-08 2.21668e-08 9.93838e-09 4.53947e-09 2.1023e-09 9.84001e-10 4.64443e-10 2.20702e-10 1.05461e-10 5.06276e-11 2.43997e-11 1.17987e-11 5.72182e-12 2.78179e-12 1.3554e-12 6.61688e-13 3.23581e-13 1.5848e-13 7.77239e-14 3.81643e-14 1.87591e-14 9.2285e-15 4.54209e-15 2.2346e-15 1.09575e-15 5.41118e-16
2.48702e-05 1.26295e-06 4.06975e-07 1.48137e-07 5.87362e-08 2.4654e-08 1.07491e-08 4.81072e-09 2.19373e-09 1.0144e-09 4.74124e-10 2.2349e-10 1.06071e-10 5.06276e-11 2.42784e-11 1.16892e-11 5.64711e-12 2.73619e-12 1.32916e-12 6.47114e-13 3.15678e-13 1.54266e-13 7.55045e-14 3.70067e-14 1.81604e-14 8.92144e-15 4.38654e-15 2.1579e-15 1.06116e-15 5.20171e-16 2.56758e-16
1.30985e-05 6.1924e-07 1.99373e-07 7.24564e-08 2.86764e-08 1.20145e-08 5.22911e-09 2.33643e-09 1.0638e-09 4.91215e-10 2.29288e-10 1.07948e-10 5.11751e-11 2.43997e-11 1.16892e-11 5.62265e-12 2.71395e-12 1.3139e-12 6.37754e-13 3.10268e-13 1.51251e-13 7.38645e-14 3.61299e-14 1.76976e-14 8.67988e-15 4.26178e-15 2.09439e-15 1.02982e-15 5.06206e-16 2.48056e-16 1.22387e-16
6.878e-06 3.0417e-07 9.78674e-08 3.55184e-08 1.40341e-08 5.86999e-09 2.55069e-09 1.13795e-09 5.17385e-10 2.38589e-10 1.11231e-10 5.23073e-11 2.47709e-11 1.17987e-11 5.64711e-12 2.71395e-12 1.30889e-12 6.33176e-13 3.07111e-13 1.49306e-13 7.27362e-14 3.5499e-14 1.73536e-14 8.49556e-15 4.16444e-15 2.04367e-15 1.00385e-15 4.93374e-16 2.42418e-16 1.18756e-16 5.85671e-17
3.60209e-06 1.49641e-07 4.81233e-08 1.74441e-08 6.88232e-09 2.8742e-09 1.24706e-09 5.5557e-10 2.52265e-10 1.16187e-10 5.41048e-11 2.54159e-11 1.2024e-11 5.72182e-12 2.73619e-12 1.3139e-12 6.33176e-13 3.06073e-13 1.48352e-13 7.20758e-14 3.50906e-14 1.71159e-14 8.3623e-15 4.09162e-15 2.00464e-15 9.83287e-16 4.82766e-16 2.37168e-16 1.16487e-16 5.70475e-17 2.81229e-17
1.88202e-06 7.37187e-08 2.36982e-08 8.58123e-09 3.38101e-09 1.40997e-09 6.1091e-10 2.71805e-10 1.23265e-10 5.67077e-11 2.63787e-11 1.2379e-11 5.85091e-12 2.78179e-12 1.32916e-12 6.37754e-13 3.07111e-13 1.48352e-13 7.18584e-14 3.489e-14 1.69764e-14 8.27573e-15 4.0411e-15 1.97627e-15 9.67778e-16 4.74479e-16 2.32853e-16 1.14346e-16 5.61411e-17 2.74864e-17 1.35448e-17
9.81253e-07 3.63597e-08 1.16851e-08 4.22725e-09 1.66347e-09 6.92799e-10 2.99788e-10 1.33218e-10 6.03456e-11 2.77318e-11 1.2887e-11 6.04191e-12 2.85317e-12 1.3554e-12 6.47114e-13 3.10268e-13 1.49306e-13 7.20758e-14 3.489e-14 1.69303e-14 8.23312e-15 4.01137e-15 1.95778e-15 9.56968e-16 4.68408e-16 2.29548e-16 1.12604e-16 5.52742e-17 2.71285e-17 1.32783e-17 6.54088e-18
5.10637e-07 1.79522e-08 5.76819e-09 2.08495e-09 8.19519e-10 3.40894e-10 1.47334e-10 6.53963e-11 2.95914e-11 1.35849e-11 6.30694e-12 2.95434e-12 1.39397e-12 6.61688e-13 3.15678e-13 1.51251e-13 7.27362e-14 3.50906e-14 1.69764e-14 8.23312e-15 4.00156e-15 1.94866e-15 9.50589e-16 4.64434e-16 2.27226e-16 1.11307e-16 5.45792e-17 2.67812e-17 1.31397e-17 6.42968e-18 3.16611e-18
2.65275e-07 8.87195e-09 2.85019e-09 1.02944e-09 4.04207e-10 1.67946e-10 7.25042e-11 3.21472e-11 1.45316e-11 6.66483e-12 3.09153e-12 1.44695e-12 6.82187e-13 3.23581e-13 1.54266e-13 7.38645e-14 3.5499e-14 1.71159e-14 8.27573e-15 4.01137e-15 1.94866e-15 9.48481e-16 4.6247e-16 2.2585e-16 1.10451e-16 5.40823e-17 2.6509e-17 1.30028e-17 6.37748e-18 3.11993e-18 1.53579e-18
1.37593e-07 4.38811e-09 1.40957e-09 5.08755e-10 1.99566e-10 8.28296e-11 3.57202e-11 1.58215e-11 7.14491e-12 3.27425e-12 1.51752e-12 7.09693e-13 3.34348e-13 1.5848e-13 7.55045e-14 3.61299e-14 1.73536e-14 8.3623e-15 4.0411e-15 1.95778e-15 9.50589e-16 4.6247e-16 2.25395e-16 1.10026e-16 5.37857e-17 2.63259e-17 1.28991e-17 6.32489e-18 3.10117e-18 1.51676e-18 7.4638e-19
7.12642e-08 2.17195e-09 6.9763e-10 2.51632e-10 9.86134e-11 4.0887e-11 1.76142e-11 7.7941e-12 3.51719e-12 1.61046e-12 7.45813e-13 3.48533e-13 1.64085e-13 7.77239e-14 3.70067e-14 1.76976e-14 8.49556e-15 4.09162e-15 1.97627e-15 9.56968e-16 4.64434e-16 2.2585e-16 1.10026e-16 5.36872e-17 2.62344e-17 1.28358e-17 6.28703e-18 3.08172e-18 1.51055e-18 7.38623e-19 3.63353e-19
3.68608e-08 1.0757e-09 3.45485e-10 1.24533e-10 4.87575e-11 2.01943e-11 8.69064e-12 3.84371e-12 1.73311e-12 7.9294e-13 3.66943e-13 1.7136e-13 8.06203e-14 3.81643e-14 1.81604e-14 8.67988e-15 4.16444e-15 2.00464e-15 9.67778e-16 4.68408e-16 2.27226e-16 1.10451e-16 5.37857e-17 2.62344e-17 1.28147e-17 6.26766e-18 3.06886e-18 1.50378e-18 7.36883e-19 3.60239e-19 1.77159e-19
1.90416e-08 5.32995e-10 1.71149e-10 6.16425e-11 2.41069e-11 9.9725e-12 4.29257e-12 1.89704e-12 8.54711e-13 3.90765e-13 1.80705e-13 8.43323e-14 3.96513e-14 1.87591e-14 8.92144e-15 4.26178e-15 2.04367e-15 9.83287e-16 4.74479e-16 2.29548e-16 1.11307e-16 5.40823e-17 2.63259e-17 1.28358e-17 6.26766e-18 3.06446e-18 1.49997e-18 7.34776e-19 3.59954e-19 1.75932e-19 8.64947e-20
9.82331e-09 2.64078e-10 8.47422e-11 3.0479e-11 1.18994e-11 4.9318e-12 2.12134e-12 9.36812e-13 4.2178e-13 1.92702e-13 8.90548e-14 4.15347e-14 1.95173e-14 9.2285e-15 4.38654e-15 2.09439e-15 1.00385e-15 4.82766e-16 2.32853e-16 1.12604e-16 5.45792e-17 2.6509e-17 1.28991e-17 6.28703e-18 3.06886e-18 1.49997e-18 7.33966e-19 3.59434e-19 1.76033e-19 8.60207e-20 4.2279e-20
5.05834e-09 1.30626e-10 4.18256e-11 1.49961e-11 5.88866e-12 2.43919e-12 1.04849e-12 4.62715e-13 2.08191e-13 9.50574e-14 4.39031e-14 2.04644e-14 9.61103e-15 4.54209e-15 2.1579e-15 1.02982e-15 4.93374e-16 2.37168e-16 1.14346e-16 5.52742e-17 2.67812e-17 1.30028e-17 6.32489e-18 3.08172e-18 1.50378e-18 7.34776e-19 3.59434e-19 1.75971e-19 8.61599e-20 4.20949e-20 2.06841e-20
2.59428e-09 6.41544e-11 2.03981e-11 7.41693e-12 2.91134e-12 1.20528e-12 5.1778e-13 2.28367e-13 1.02689e-13 4.68602e-14 2.16311e-14 1.00776e-14 4.7306e-15 2.2346e-15 1.06116e-15 5.06206e-16 2.42418e-16 1.16487e-16 5.61411e-17 2.71285e-17 1.31397e-17 6.37748e-18 3.10117e-18 1.51055e-18 7.36883e-19 3.59954e-19 1.76033e-19 8.61599e-20 4.21764e-20 2.06024e-20 1.01209e-20
1.31402e-09 3.06838e-11 1.00456e-11 3.65211e-12 1.43304e-12 5.93005e-13 2.54631e-13 1.12253e-13 5.04535e-14 2.30135e-14 1.06189e-14 4.94525e-15 2.32051e-15 1.09575e-15 5.20171e-16 2.48056e-16 1.18756e-16 5.70475e-17 2.74864e-17 1.32783e-17 6.42968e-18 3.11993e-18 1.51676e-18 7.38623e-19 3.60239e-19 1.75932e-19 8.60207e-20 4.20949e-20 2.06024e-20 1.00625e-20 4.94226e-21
6.75563e-10 1.52494e-11 4.99301e-12 1.81455e-12 7.1157e-13 2.94248e-13 1.26258e-13 5.56222e-14 2.4984e-14 1.1389e-14 5.2521e-15 2.44459e-15 1.14651e-15 5.41118e-16 2.56758e-16 1.22387e-16 5.85671e-17 2.81229e-17 1.35448e-17 6.54088e-18 3.16611e-18 1.53579e-18 7.4638e-19 3.63353e-19 1.77159e-19 8.64947e-20 4.2279e-20 2.06841e-20 1.01209e-20 4.94226e-21 2.42681e-21
