0.948909 0.0122516 0.00615305 0.00312912 0.00161019 0.000837707 0.000440202 0.000233405 0.000124738 6.71186e-05 3.63227e-05 1.97494e-05 1.07784e-05 5.89909e-06 3.23523e-06 1.77667e-06 9.76394e-07 5.36698e-07 2.94937e-07 1.61981e-07 8.88795e-08 4.87121e-08 2.66615e-08 1.45705e-08 7.94974e-09 4.32961e-09 2.35302e-09 1.27485e-09 6.86207e-10 3.62329e-10 1.95485e-10
0.0122516 0.000287428 0.000145693 7.473e-05 3.87118e-05 2.02122e-05 1.06166e-05 5.60045e-06 2.96281e-06 1.57004e-06 8.32587e-07 4.41505e-07 2.33982e-07 1.23876e-07 6.54966e-08 3.45765e-08 1.82227e-08 9.58691e-09 5.03452e-09 2.63903e-09 1.38084e-09 7.21209e-10 3.76016e-10 1.95687e-10 1.01628e-10 5.26137e-11 2.70481e-11 1.36166e-11 6.36826e-12 2.12686e-12 1.07061e-12
0.00615305 0.000145693 7.37034e-05 3.77164e-05 1.94881e-05 1.01482e-05 5.31639e-06 2.79736e-06 1.47632e-06 7.80569e-07 4.13076e-07 2.18633e-07 1.15669e-07 6.11431e-08 3.22827e-08 1.70209e-08 8.96029e-09 4.70915e-09 2.4707e-09 1.29403e-09 6.76565e-10 3.53114e-10 1.83965e-10 9.56417e-11 4.95652e-11 2.55042e-11 1.28485e-11 6.0124e-12 2.01594e-12 1.00798e-12 5.07734e-13
0.00312912 7.473e-05 3.77164e-05 1.92469e-05 9.91433e-06 5.1462e-06 2.68726e-06 1.40953e-06 7.41658e-07 3.91031e-07 2.06394e-07 1.08979e-07 5.75303e-08 3.03505e-08 1.59959e-08 8.42008e-09 4.42606e-09 2.32306e-09 1.21735e-09 6.36888e-10 3.32648e-10 1.73439e-10 9.02422e-11 4.68042e-11 2.41004e-11 1.21466e-11 5.68398e-12 1.90811e-12 9.55847e-13 4.78128e-13 2.41007e-13
0.00161019 3.87118e-05 1.94881e-05 9.91433e-06 5.08952e-06 2.63228e-06 1.36952e-06 7.15766e-07 3.7532e-07 1.9724e-07 1.03791e-07 5.46498e-08 2.87756e-08 1.51452e-08 7.96503e-09 4.18459e-09 2.19578e-09 1.15064e-09 6.02089e-10 3.14572e-10 1.64084e-10 8.5417e-11 4.43247e-11 2.2834e-11 1.15107e-11 5.38481e-12 1.80839e-12 9.0517e-13 4.53658e-13 2.27023e-13 1.14515e-13
0.000837707 2.02122e-05 1.01482e-05 5.1462e-06 2.63228e-06 1.35619e-06 7.02835e-07 3.65908e-07 1.91148e-07 1.00094e-07 5.24951e-08 2.75544e-08 1.44669e-08 7.59413e-09 3.9842e-09 2.08857e-09 1.09374e-09 5.72089e-10 2.98845e-10 1.55879e-10 8.11553e-11 4.2121e-11 2.17022e-11 1.09396e-11 5.11482e-12 1.7178e-12 8.58422e-13 4.29873e-13 2.15554e-13 1.07916e-13 5.44736e-14
0.000440202 1.06166e-05 5.31639e-06 2.68726e-06 1.36952e-06 7.02835e-07 3.62773e-07 1.88106e-07 9.78796e-08 5.10614e-08 2.66841e-08 1.39596e-08 7.30651e-09 3.82444e-09 2.00118e-09 1.04651e-09 5.46818e-10 2.8543e-10 1.48805e-10 7.74472e-11 4.01883e-11 2.07026e-11 1.0432e-11 4.87354e-12 1.63642e-12 8.16113e-13 4.07993e-13 2.04407e-13 1.02549e-13 5.1363e-14 2.59453e-14
0.000233405 5.60045e-06 2.79736e-06 1.40953e-06 7.15766e-07 3.65908e-07 1.88106e-07 9.71418e-08 5.03454e-08 2.61626e-08 1.3622e-08 7.10154e-09 3.70493e-09 1.93342e-09 1.00886e-09 5.2622e-10 2.74297e-10 1.42847e-10 7.42844e-11 3.85221e-11 1.98329e-11 9.98678e-12 4.66045e-12 1.56412e-12 7.78289e-13 3.88274e-13 1.94185e-13 9.73332e-14 4.88558e-14 2.44808e-14 1.23749e-14
0.000124738 2.96281e-06 1.47632e-06 7.41658e-07 3.7532e-07 1.91148e-07 9.78796e-08 5.03454e-08 2.5989e-08 1.34534e-08 6.97875e-09 3.62541e-09 1.88513e-09 9.807e-10 5.10248e-10 2.65421e-10 1.3799e-10 7.16597e-11 3.71186e-11 1.90911e-11 9.60299e-12 4.47505e-12 1.50073e-12 7.44892e-13 3.7074e-13 1.85015e-13 9.25674e-14 4.64201e-14 2.3312e-14 1.16863e-14 5.91153e-15
6.71186e-05 1.57004e-06 7.80569e-07 3.91031e-07 1.9724e-07 1.00094e-07 5.10614e-08 2.61626e-08 1.34534e-08 6.93785e-09 3.58569e-09 1.8562e-09 9.6196e-10 4.98866e-10 2.58782e-10 1.34224e-10 6.9567e-11 3.59746e-11 1.84755e-11 9.27972e-12 4.31693e-12 1.44612e-12 7.15846e-13 3.55365e-13 1.76911e-13 8.83144e-14 4.42032e-14 2.21769e-14 1.11427e-14 5.58819e-15 2.82875e-15
3.63227e-05 8.32587e-07 4.13076e-07 2.06394e-07 1.03791e-07 5.24951e-08 2.66841e-08 1.3622e-08 6.97875e-09 3.58569e-09 1.84656e-09 9.52601e-10 4.92046e-10 2.54364e-10 1.3154e-10 6.80017e-11 3.50875e-11 1.79847e-11 9.01622e-12 4.18572e-12 1.40013e-12 6.91083e-13 3.42116e-13 1.69861e-13 8.45815e-14 4.22365e-14 2.11484e-14 1.0615e-14 5.336e-15 2.67718e-15 1.3561e-15
1.97494e-05 4.41505e-07 2.18633e-07 1.08979e-07 5.46498e-08 2.75544e-08 1.39596e-08 7.10154e-09 3.62541e-09 1.8562e-09 9.52601e-10 4.89775e-10 2.52157e-10 1.29932e-10 6.69601e-11 3.44553e-11 1.76175e-11 8.8119e-12 4.08111e-12 1.36266e-12 6.7054e-13 3.30961e-13 1.63851e-13 8.13639e-14 4.05239e-14 2.02421e-14 1.01393e-14 5.09139e-15 2.56055e-15 1.28519e-15 6.5142e-16
1.07784e-05 2.33982e-07 1.15669e-07 5.75303e-08 2.87756e-08 1.44669e-08 7.30651e-09 3.70493e-09 1.88513e-09 9.6196e-10 4.92046e-10 2.52157e-10 1.29397e-10 6.64399e-11 3.40766e-11 1.73732e-11 8.66629e-12 4.00287e-12 1.33361e-12 6.54166e-13 3.21871e-13 1.58864e-13 7.86545e-14 3.90632e-14 1.94599e-14 9.72322e-15 4.8721e-15 2.4475e-15 1.23143e-15 6.18313e-16 3.13592e-16
5.89909e-06 1.23876e-07 6.11431e-08 3.03505e-08 1.51452e-08 7.59413e-09 3.82444e-09 1.93342e-09 9.807e-10 4.98866e-10 2.54364e-10 1.29932e-10 6.64399e-11 3.39505e-11 1.72512e-11 8.57906e-12 3.95081e-12 1.31292e-12 6.41922e-13 3.14825e-13 1.5489e-13 7.64468e-14 3.78514e-14 1.88011e-14 9.36796e-15 4.68199e-15 2.34682e-15 1.17938e-15 5.93632e-16 2.98173e-16 1.51311e-16
3.23523e-06 6.54966e-08 3.22827e-08 1.59959e-08 7.96503e-09 3.9842e-09 2.00118e-09 1.00886e-09 5.10248e-10 2.58782e-10 1.3154e-10 6.69601e-11 3.40766e-11 1.72512e-11 8.55001e-12 3.9248e-12 1.30052e-12 6.33775e-13 3.09804e-13 1.51918e-13 7.47354e-14 3.68856e-14 1.82643e-14 9.07312e-15 4.52166e-15 2.26043e-15 1.13337e-15 5.69767e-16 2.86895e-16 1.44149e-16 7.31876e-17
1.77667e-06 3.45765e-08 1.70209e-08 8.42008e-09 4.18459e-09 2.08857e-09 1.04651e-09 5.2622e-10 2.65421e-10 1.34224e-10 6.80017e-11 3.44553e-11 1.73732e-11 8.57906e-12 3.9248e-12 1.29639e-12 6.29707e-13 3.06797e-13 1.4994e-13 7.3516e-14 3.61633e-14 1.78481e-14 8.8381e-15 4.39097e-15 2.18864e-15 1.09437e-15 5.48859e-16 2.76007e-16 1.39024e-16 6.98718e-17 3.54916e-17
9.76394e-07 1.82227e-08 8.96029e-09 4.42606e-09 2.19578e-09 1.09374e-09 5.46818e-10 2.74297e-10 1.3799e-10 6.9567e-11 3.50875e-11 1.76175e-11 8.66629e-12 3.95081e-12 1.30052e-12 6.29707e-13 3.05795e-13 1.48953e-13 7.27856e-14 3.56827e-14 1.75516e-14 8.66235e-15 4.28964e-15 2.13139e-15 1.06252e-15 5.31384e-16 2.66568e-16 1.34086e-16 6.75578e-17 3.3962e-17 1.72579e-17
5.36698e-07 9.58691e-09 4.70915e-09 2.32306e-09 1.15064e-09 5.72089e-10 2.8543e-10 1.42847e-10 7.16597e-11 3.59746e-11 1.79847e-11 8.8119e-12 4.00287e-12 1.31292e-12 6.33775e-13 3.06797e-13 1.48953e-13 7.25423e-14 3.54428e-14 1.73739e-14 8.54542e-15 4.21744e-15 2.08857e-15 1.03782e-15 5.17427e-16 2.58814e-16 1.29858e-16 6.5334e-17 3.29255e-17 1.65553e-17 8.4153e-18
2.94937e-07 5.03452e-09 2.4707e-09 1.21735e-09 6.02089e-10 2.98845e-10 1.48805e-10 7.42844e-11 3.71186e-11 1.84755e-11 9.01622e-12 4.08111e-12 1.33361e-12 6.41922e-13 3.09804e-13 1.4994e-13 7.27856e-14 3.54428e-14 1.73148e-14 8.48703e-15 4.17419e-15 2.06008e-15 1.02022e-15 5.06982e-16 2.52789e-16 1.26458e-16 6.34587e-17 3.19326e-17 1.60955e-17 8.09417e-18 4.11539e-18
1.61981e-07 2.63903e-09 1.29403e-09 6.36888e-10 3.14572e-10 1.55879e-10 7.74472e-11 3.85221e-11 1.90911e-11 9.27972e-12 4.18572e-12 1.36266e-12 6.54166e-13 3.14825e-13 1.51918e-13 7.3516e-14 3.56827e-14 1.73739e-14 8.48703e-15 4.15978e-15 2.04585e-15 1.00968e-15 5.00033e-16 2.48493e-16 1.23909e-16 6.19908e-17 3.11109e-17 1.56568e-17 7.89266e-18 3.96949e-18 2.01857e-18
8.88795e-08 1.38084e-09 6.76565e-10 3.32648e-10 1.64084e-10 8.11553e-11 4.01883e-11 1.98329e-11 9.60299e-12 4.31693e-12 1.40013e-12 6.7054e-13 3.21871e-13 1.5489e-13 7.47354e-14 3.61633e-14 1.75516e-14 8.54542e-15 4.17419e-15 2.04585e-15 1.00616e-15 4.96562e-16 2.45919e-16 1.22212e-16 6.09419e-17 3.04898e-17 1.53024e-17 7.70146e-18 3.88254e-18 1.95275e-18 9.93089e-19
4.87121e-08 7.21209e-10 3.53114e-10 1.73439e-10 8.5417e-11 4.2121e-11 2.07026e-11 9.98678e-12 4.47505e-12 1.44612e-12 6.91083e-13 3.30961e-13 1.58864e-13 7.64468e-14 3.68856e-14 1.78481e-14 8.66235e-15 4.21744e-15 2.06008e-15 1.00968e-15 4.96562e-16 2.45062e-16 1.21365e-16 6.0313e-17 3.00753e-17 1.50468e-17 7.55174e-18 3.80064e-18 1.916e-18 9.63653e-19 4.9007e-19
2.66615e-08 3.76016e-10 1.83965e-10 9.02422e-11 4.43247e-11 2.17022e-11 1.0432e-11 4.66045e-12 1.50073e-12 7.15846e-13 3.42116e-13 1.63851e-13 7.86545e-14 3.78514e-14 1.82643e-14 8.8381e-15 4.28964e-15 2.08857e-15 1.02022e-15 5.00033e-16 2.45919e-16 1.21365e-16 6.01035e-17 2.98681e-17 1.48932e-17 7.45078e-18 3.73919e-18 1.88173e-18 9.48558e-19 4.77045e-19 2.4258e-19
1.45705e-08 1.95687e-10 9.56417e-11 4.68042e-11 2.2834e-11 1.09396e-11 4.87354e-12 1.56412e-12 7.44892e-13 3.55365e-13 1.69861e-13 8.13639e-14 3.90632e-14 1.88011e-14 9.07312e-15 4.39097e-15 2.13139e-15 1.03782e-15 5.06982e-16 2.48493e-16 1.22212e-16 6.0313e-17 2.98681e-17 1.4842e-17 7.40016e-18 3.70181e-18 1.85755e-18 9.34683e-19 4.71099e-19 2.36895e-19 1.2044e-19
7.94974e-09 1.01628e-10 4.95652e-11 2.41004e-11 1.15107e-11 5.11482e-12 1.63642e-12 7.78289e-13 3.7074e-13 1.76911e-13 8.45815e-14 4.05239e-14 1.94599e-14 9.36796e-15 4.52166e-15 2.18864e-15 1.06252e-15 5.17427e-16 2.52789e-16 1.23909e-16 6.09419e-17 3.00753e-17 1.48932e-17 7.40016e-18 3.68931e-18 1.84527e-18 9.25796e-19 4.65756e-19 2.34704e-19 1.18001e-19 5.99775e-20
4.32961e-09 5.26137e-11 2.55042e-11 1.21466e-11 5.38481e-12 1.7178e-12 8.16113e-13 3.88274e-13 1.85015e-13 8.83144e-14 4.22365e-14 2.02421e-14 9.72322e-15 4.68199e-15 2.26043e-15 1.09437e-15 5.31384e-16 2.58814e-16 1.26458e-16 6.19908e-17 3.04898e-17 1.50468e-17 7.45078e-18 3.70181e-18 1.84527e-18 9.2278e-19 4.62874e-19 2.3281e-19 1.17288e-19 5.89552e-20 2.99553e-20
2.35302e-09 2.70481e-11 1.28485e-11 5.68398e-12 1.80839e-12 8.58422e-13 4.07993e-13 1.94185e-13 9.25674e-14 4.42032e-14 2.11484e-14 1.01393e-14 4.8721e-15 2.34682e-15 1.13337e-15 5.48859e-16 2.66568e-16 1.29858e-16 6.34587e-17 3.11109e-17 1.53024e-17 7.55174e-18 3.73919e-18 1.85755e-18 9.25796e-19 4.62874e-19 2.32122e-19 1.16716e-19 5.87822e-20 2.95392e-20 1.50027e-20
1.27485e-09 1.36166e-11 6.0124e-12 1.90811e-12 9.0517e-13 4.29873e-13 2.04407e-13 9.73332e-14 4.64201e-14 2.21769e-14 1.0615e-14 5.09139e-15 2.4475e-15 1.17938e-15 5.69767e-16 2.76007e-16 1.34086e-16 6.5334e-17 3.19326e-17 1.56568e-17 7.70146e-18 3.80064e-18 1.88173e-18 9.34683e-19 4.65756e-19 2.3281e-19 1.16716e-19 5.86675e-20 2.95366e-20 1.48381e-20 7.53254e-21
6.86207e-10 6.36826e-12 2.01594e-12 9.55847e-13 4.53658e-13 2.15554e-13 1.02549e-13 4.88558e-14 2.3312e-14 1.11427e-14 5.336e-15 2.56055e-15 1.23143e-15 5.93632e-16 2.86895e-16 1.39024e-16 6.75578e-17 3.29255e-17 1.60955e-17 7.89266e-18 3.88254e-18 1.916e-18 9.48558e-19 4.71099e-19 2.34704e-19 1.17288e-19 5.87822e-20 2.95366e-20 1.48648e-20 7.4651e-21 3.78771e-21
3.62329e-10 2.12686e-12 1.00798e-12 4.78128e-13 2.27023e-13 1.07916e-13 5.1363e-14 2.44808e-14 1.16863e-14 5.58819e-15 2.67718e-15 1.28519e-15 6.18313e-16 2.98173e-16 1.44149e-16 6.98718e-17 3.3962e-17 1.65553e-17 8.09417e-18 3.96949e-18 1.95275e-18 9.63653e-19 4.77045e-19 2.36895e-19 1.18001e-19 5.89552e-20 2.95392e-20 1.48381e-20 7.4651e-21 3.74788e-21 1.90079e-21
1.95485e-10 1.07061e-12 5.07734e-13 2.41007e-13 1.14515e-13 5.44736e-14 2.59453e-14 1.23749e-14 5.91153e-15 2.82875e-15 1.3561e-15 6.5142e-16 3.13592e-16 1.51311e-16 7.31876e-17 3.54916e-17 1.72579e-17 8.4153e-18 4.11539e-18 2.01857e-18 9.93089e-19 4.9007e-19 2.4258e-19 1.2044e-19 5.99775e-20 2.99553e-20 1.50027e-20 7.53254e-21 3.78771e-21 1.90079e-21 9.63343e-22
