0.369709 0.0172539 0.0114234 0.00813017 0.00609529 0.00474102 0.00378555 0.00308065 0.00254264 0.00212119 0.00178435 0.00151085 0.00128597 0.00109919 0.000942752 0.000810831 0.000698941 0.000603576 0.000521952 0.00045183 0.00039139 0.000339136 0.00029383 0.000254437 0.000220088 0.000190046 0.000163685 0.00014047 0.000119938 0.00010169 8.8895e-05
0.0172539 0.00197326 0.00120681 0.000789692 0.000544844 0.000391592 0.000290456 0.000220773 0.000171055 0.000134562 0.000107153 8.61751e-05 6.98682e-05 5.7028e-05 4.68077e-05 3.85981e-05 3.19517e-05 2.65343e-05 2.20924e-05 1.8431e-05 1.53988e-05 1.28766e-05 1.07704e-05 9.00477e-06 7.51943e-06 6.26558e-06 5.2037e-06 4.30175e-06 3.53386e-06 2.87941e-06 2.46047e-06
0.0114234 0.00120681 0.000709156 0.000449818 0.000303427 0.000214713 0.000157614 0.000118994 9.18037e-05 7.20319e-05 5.72772e-05 4.60337e-05 3.73189e-05 3.04692e-05 2.50228e-05 2.06501e-05 1.71105e-05 1.42249e-05 1.18581e-05 9.9063e-06 8.28903e-06 6.94311e-06 5.81857e-06 4.87553e-06 4.08198e-06 3.4121e-06 2.84499e-06 2.36378e-06 1.955e-06 1.64548e-06 1.40707e-06
0.00813017 0.000789692 0.000449818 0.000278423 0.000184563 0.000129102 9.40896e-05 7.07357e-05 5.44482e-05 4.26778e-05 3.39279e-05 2.72753e-05 2.2125e-05 1.80788e-05 1.48616e-05 1.22778e-05 1.01852e-05 8.4782e-06 7.07719e-06 5.92108e-06 4.96251e-06 4.16433e-06 3.49711e-06 2.9374e-06 2.46635e-06 2.06874e-06 1.7323e-06 1.44716e-06 1.22015e-06 1.02702e-06 8.78578e-07
0.00609529 0.000544844 0.000303427 0.000184563 0.000120894 8.39495e-05 6.09381e-05 4.57273e-05 3.5178e-05 2.75782e-05 2.1937e-05 1.76499e-05 1.43304e-05 1.17213e-05 9.64521e-06 7.97663e-06 6.62419e-06 5.52014e-06 4.61334e-06 3.86457e-06 3.24339e-06 2.72591e-06 2.2932e-06 1.93012e-06 1.62454e-06 1.36666e-06 1.14856e-06 9.69695e-07 8.17737e-07 6.88336e-07 5.8893e-07
0.00474102 0.000391592 0.000214713 0.000129102 8.39495e-05 5.80688e-05 4.20844e-05 3.1572e-05 2.42998e-05 1.90652e-05 1.51792e-05 1.22242e-05 9.9341e-06 8.13238e-06 6.69748e-06 5.54322e-06 4.60695e-06 3.84212e-06 3.21358e-06 2.69434e-06 2.26342e-06 1.90434e-06 1.60402e-06 1.35202e-06 1.13995e-06 9.61012e-07 8.12051e-07 6.85718e-07 5.78323e-07 4.86824e-07 4.16494e-07
0.00378555 0.000290456 0.000157614 9.40896e-05 6.09381e-05 4.20844e-05 3.04962e-05 2.28925e-05 1.76353e-05 1.38495e-05 1.10364e-05 8.89486e-06 7.23345e-06 5.92508e-06 4.88222e-06 4.04275e-06 3.36142e-06 2.80462e-06 2.34687e-06 1.96863e-06 1.65468e-06 1.39304e-06 1.17423e-06 9.90633e-07 8.36146e-07 7.06758e-07 5.97271e-07 5.04387e-07 4.25406e-07 3.58104e-07 3.06313e-07
0.00308065 0.000220773 0.000118994 7.07357e-05 4.57273e-05 3.1572e-05 2.28925e-05 1.72007e-05 1.32632e-05 1.04247e-05 8.31296e-06 6.70354e-06 5.45375e-06 4.46875e-06 3.68315e-06 3.05048e-06 2.53683e-06 2.11696e-06 1.77175e-06 1.48649e-06 1.24971e-06 1.05241e-06 8.87422e-07 7.49016e-07 6.32955e-07 5.35008e-07 4.52125e-07 3.81809e-07 3.22018e-07 2.71069e-07 2.31807e-07
0.00254264 0.000171055 9.18037e-05 5.44482e-05 3.5178e-05 2.42998e-05 1.76353e-05 1.32632e-05 1.02355e-05 8.05005e-06 6.4223e-06 5.18052e-06 4.21548e-06 3.45448e-06 2.84731e-06 2.35821e-06 1.96108e-06 1.63646e-06 1.36956e-06 1.14904e-06 9.66027e-07 8.13557e-07 6.86087e-07 5.79336e-07 4.8952e-07 4.13733e-07 3.49612e-07 2.9522e-07 2.48976e-07 2.09578e-07 1.79171e-07
0.00212119 0.000134562 7.20319e-05 4.26778e-05 2.75782e-05 1.90652e-05 1.38495e-05 1.04247e-05 8.05005e-06 6.33397e-06 5.05449e-06 4.07765e-06 3.3181e-06 2.71893e-06 2.2408e-06 1.85563e-06 1.54289e-06 1.28728e-06 1.07717e-06 9.03594e-07 7.59584e-07 6.39638e-07 5.39454e-07 4.55439e-07 3.84771e-07 3.25156e-07 2.7473e-07 2.31967e-07 1.95617e-07 1.64656e-07 1.40724e-07
0.00178435 0.000107153 5.72772e-05 3.39279e-05 2.1937e-05 1.51792e-05 1.10364e-05 8.31296e-06 6.4223e-06 5.05449e-06 4.03383e-06 3.25415e-06 2.64768e-06 2.1692e-06 1.78737e-06 1.4798e-06 1.23011e-06 1.02607e-06 8.58388e-07 7.19908e-07 6.05049e-07 5.09443e-07 4.29552e-07 3.62577e-07 3.06259e-07 2.58766e-07 2.18605e-07 1.84556e-07 1.55623e-07 1.30986e-07 1.11914e-07
0.00151085 8.61751e-05 4.60337e-05 2.72753e-05 1.76499e-05 1.22242e-05 8.89486e-06 6.70354e-06 5.18052e-06 4.07765e-06 3.25415e-06 2.62482e-06 2.13521e-06 1.74891e-06 1.44067e-06 1.19242e-06 9.9093e-07 8.26325e-07 6.91093e-07 5.79448e-07 4.8689e-07 4.09845e-07 3.45487e-07 2.91552e-07 2.46215e-07 2.07995e-07 1.75686e-07 1.48304e-07 1.25043e-07 1.05241e-07 8.98917e-08
0.00128597 6.98682e-05 3.73189e-05 2.2125e-05 1.43304e-05 9.9341e-06 7.23345e-06 5.45375e-06 4.21548e-06 3.3181e-06 2.64768e-06 2.13521e-06 1.73648e-06 1.42191e-06 1.17094e-06 9.68858e-07 8.04891e-07 6.7098e-07 5.61001e-07 4.70242e-07 3.95012e-07 3.32413e-07 2.80141e-07 2.36351e-07 1.99555e-07 1.68546e-07 1.42342e-07 1.20141e-07 1.01287e-07 8.52436e-08 7.27894e-08
0.00109919 5.7028e-05 3.04692e-05 1.80788e-05 1.17213e-05 8.13238e-06 5.92508e-06 4.46875e-06 3.45448e-06 2.71893e-06 2.1692e-06 1.74891e-06 1.42191e-06 1.16396e-06 9.58199e-07 7.9257e-07 6.58221e-07 5.48534e-07 4.58484e-07 3.84191e-07 3.22632e-07 2.71427e-07 2.28685e-07 1.92892e-07 1.62826e-07 1.37497e-07 1.16101e-07 9.79804e-08 8.25966e-08 6.95098e-08 5.93376e-08
0.000942752 4.68077e-05 2.50228e-05 1.48616e-05 9.64521e-06 6.69748e-06 4.88222e-06 3.68315e-06 2.84731e-06 2.2408e-06 1.78737e-06 1.44067e-06 1.17094e-06 9.58199e-07 7.88549e-07 6.52024e-07 5.41318e-07 4.50967e-07 3.76813e-07 3.15657e-07 2.65001e-07 2.22881e-07 1.87735e-07 1.58313e-07 1.33607e-07 1.12802e-07 9.52334e-08 8.03588e-08 6.77353e-08 5.70002e-08 4.86454e-08
0.000810831 3.85981e-05 2.06501e-05 1.22778e-05 7.97663e-06 5.54322e-06 4.04275e-06 3.05048e-06 2.35821e-06 1.85563e-06 1.4798e-06 1.19242e-06 9.68858e-07 7.9257e-07 6.52024e-07 5.38955e-07 4.473e-07 3.7252e-07 3.11167e-07 2.60586e-07 2.18704e-07 1.83892e-07 1.54855e-07 1.30555e-07 1.10157e-07 9.29862e-08 7.8491e-08 6.62228e-08 5.58147e-08 4.69664e-08 4.00717e-08
0.000698941 3.19517e-05 1.71105e-05 1.01852e-05 6.62419e-06 4.60695e-06 3.36142e-06 2.53683e-06 1.96108e-06 1.54289e-06 1.23011e-06 9.9093e-07 8.04891e-07 6.58221e-07 5.41318e-07 4.473e-07 3.7111e-07 3.08969e-07 2.58003e-07 2.16e-07 1.81233e-07 1.52345e-07 1.28257e-07 1.08106e-07 9.11964e-08 7.69665e-08 6.49582e-08 5.47981e-08 4.61814e-08 3.88583e-08 3.31454e-08
0.000603576 2.65343e-05 1.42249e-05 8.4782e-06 5.52014e-06 3.84212e-06 2.80462e-06 2.11696e-06 1.63646e-06 1.28728e-06 1.02607e-06 8.26325e-07 6.7098e-07 5.48534e-07 4.50967e-07 3.7252e-07 3.08969e-07 2.57153e-07 2.14671e-07 1.79671e-07 1.5071e-07 1.26655e-07 1.06603e-07 8.98333e-08 7.57666e-08 6.39327e-08 5.39496e-08 4.55057e-08 3.83466e-08 3.22643e-08 2.75141e-08
0.000521952 2.20924e-05 1.18581e-05 7.07719e-06 4.61334e-06 3.21358e-06 2.34687e-06 1.77175e-06 1.36956e-06 1.07717e-06 8.58388e-07 6.91093e-07 5.61001e-07 4.58484e-07 3.76813e-07 3.11167e-07 2.58003e-07 2.14671e-07 1.79155e-07 1.49904e-07 1.25708e-07 1.05617e-07 8.88748e-08 7.48779e-08 6.31405e-08 5.32693e-08 4.49445e-08 3.79054e-08 3.19393e-08 2.6872e-08 2.29103e-08
0.00045183 1.8431e-05 9.9063e-06 5.92108e-06 3.86457e-06 2.69434e-06 1.96863e-06 1.48649e-06 1.14904e-06 9.03594e-07 7.19908e-07 5.79448e-07 4.70242e-07 3.84191e-07 3.15657e-07 2.60586e-07 2.16e-07 1.79671e-07 1.49904e-07 1.25395e-07 1.05129e-07 8.83056e-08 7.42908e-08 6.25776e-08 5.27583e-08 4.45026e-08 3.75424e-08 3.16589e-08 2.66737e-08 2.24408e-08 1.9128e-08
0.00039139 1.53988e-05 8.28903e-06 4.96251e-06 3.24339e-06 2.26342e-06 1.65468e-06 1.24971e-06 9.66027e-07 7.59584e-07 6.05049e-07 4.8689e-07 3.95012e-07 3.22632e-07 2.65001e-07 2.18704e-07 1.81233e-07 1.5071e-07 1.25708e-07 1.05129e-07 8.81169e-08 7.39988e-08 6.22411e-08 5.24173e-08 4.41842e-08 3.72641e-08 3.14316e-08 2.65028e-08 2.23277e-08 1.87836e-08 1.60073e-08
0.000339136 1.28766e-05 6.94311e-06 4.16433e-06 2.72591e-06 1.90434e-06 1.39304e-06 1.05241e-06 8.13557e-07 6.39638e-07 5.09443e-07 4.09845e-07 3.32413e-07 2.71427e-07 2.22881e-07 1.83892e-07 1.52345e-07 1.26655e-07 1.05617e-07 8.83056e-08 7.39988e-08 6.21291e-08 5.22467e-08 4.3992e-08 3.70758e-08 3.12642e-08 2.63673e-08 2.22302e-08 1.87267e-08 1.57536e-08 1.34224e-08
0.00029383 1.07704e-05 5.81857e-06 3.49711e-06 2.2932e-06 1.60402e-06 1.17423e-06 8.87422e-07 6.86087e-07 5.39454e-07 4.29552e-07 3.45487e-07 2.80141e-07 2.28685e-07 1.87735e-07 1.54855e-07 1.28257e-07 1.06603e-07 8.88748e-08 7.42908e-08 6.22411e-08 5.22467e-08 4.39278e-08 3.69807e-08 3.11617e-08 2.62733e-08 2.21553e-08 1.86772e-08 1.57325e-08 1.32342e-08 1.12737e-08
0.000254437 9.00477e-06 4.87553e-06 2.9374e-06 1.93012e-06 1.35202e-06 9.90633e-07 7.49016e-07 5.79336e-07 4.55439e-07 3.62577e-07 2.91552e-07 2.36351e-07 1.92892e-07 1.58313e-07 1.30555e-07 1.08106e-07 8.98333e-08 7.48779e-08 6.25776e-08 5.24173e-08 4.3992e-08 3.69807e-08 3.11272e-08 2.62252e-08 2.21082e-08 1.86408e-08 1.5713e-08 1.32348e-08 1.11327e-08 9.48174e-09
0.000220088 7.51943e-06 4.08198e-06 2.46635e-06 1.62454e-06 1.13995e-06 8.36146e-07 6.32955e-07 4.8952e-07 3.84771e-07 3.06259e-07 2.46215e-07 1.99555e-07 1.62826e-07 1.33607e-07 1.10157e-07 9.11964e-08 7.57666e-08 6.31405e-08 5.27583e-08 4.41842e-08 3.70758e-08 3.11617e-08 2.62252e-08 2.20921e-08 1.86216e-08 1.56994e-08 1.32324e-08 1.11447e-08 9.37429e-09 7.98279e-09
0.000190046 6.26558e-06 3.4121e-06 2.06874e-06 1.36666e-06 9.61012e-07 7.06758e-07 5.35008e-07 4.13733e-07 3.25156e-07 2.58766e-07 2.07995e-07 1.68546e-07 1.37497e-07 1.12802e-07 9.29862e-08 7.69665e-08 6.39327e-08 5.32693e-08 4.45026e-08 3.72641e-08 3.12642e-08 2.62733e-08 2.21082e-08 1.86216e-08 1.56945e-08 1.32304e-08 1.11505e-08 9.39077e-09 7.89874e-09 6.72528e-09
0.000163685 5.2037e-06 2.84499e-06 1.7323e-06 1.14856e-06 8.12051e-07 5.97271e-07 4.52125e-07 3.49612e-07 2.7473e-07 2.18605e-07 1.75686e-07 1.42342e-07 1.16101e-07 9.52334e-08 7.8491e-08 6.49582e-08 5.39496e-08 4.49445e-08 3.75424e-08 3.14316e-08 2.63673e-08 2.21553e-08 1.86408e-08 1.56994e-08 1.32304e-08 1.11522e-08 9.39843e-09 7.91482e-09 6.65713e-09 5.6674e-09
0.00014047 4.30175e-06 2.36378e-06 1.44716e-06 9.69695e-07 6.85718e-07 5.04387e-07 3.81809e-07 2.9522e-07 2.31967e-07 1.84556e-07 1.48304e-07 1.20141e-07 9.79804e-08 8.03588e-08 6.62228e-08 5.47981e-08 4.55057e-08 3.79054e-08 3.16589e-08 2.65028e-08 2.22302e-08 1.86772e-08 1.5713e-08 1.32324e-08 1.11505e-08 9.39843e-09 7.92002e-09 6.66954e-09 5.60961e-09 4.77513e-09
0.000119938 3.53386e-06 1.955e-06 1.22015e-06 8.17737e-07 5.78323e-07 4.25406e-07 3.22018e-07 2.48976e-07 1.95617e-07 1.55623e-07 1.25043e-07 1.01287e-07 8.25966e-08 6.77353e-08 5.58147e-08 4.61814e-08 3.83466e-08 3.19393e-08 2.66737e-08 2.23277e-08 1.87267e-08 1.57325e-08 1.32348e-08 1.11447e-08 9.39077e-09 7.91482e-09 6.66954e-09 5.61634e-09 4.72372e-09 4.02072e-09
0.00010169 2.87941e-06 1.64548e-06 1.02702e-06 6.88336e-07 4.86824e-07 3.58104e-07 2.71069e-07 2.09578e-07 1.64656e-07 1.30986e-07 1.05241e-07 8.52436e-08 6.95098e-08 5.70002e-08 4.69664e-08 3.88583e-08 3.22643e-08 2.6872e-08 2.24408e-08 1.87836e-08 1.57536e-08 1.32342e-08 1.11327e-08 9.37429e-09 7.89874e-09 6.65713e-09 5.60961e-09 4.72372e-09 3.97293e-09 3.38153e-09
8.8895e-05 2.46047e-06 1.40707e-06 8.78578e-07 5.8893e-07 4.16494e-07 3.06313e-07 2.31807e-07 1.79171e-07 1.40724e-07 1.11914e-07 8.98917e-08 7.27894e-08 5.93376e-08 4.86454e-08 4.00717e-08 3.31454e-08 2.75141e-08 2.29103e-08 1.9128e-08 1.60073e-08 1.34224e-08 1.12737e-08 9.48174e-09 7.98279e-09 6.72528e-09 5.6674e-09 4.77513e-09 4.02072e-09 3.38153e-09 2.87762e-09
