0.780597 0.00122962 0.00114229 0.00106116 0.000985791 0.000915777 0.000850736 0.000790315 0.000734184 0.000682041 0.0006336 0.0005886 0.000546796 0.000507961 0.000471884 0.00043837 0.000407236 0.000378313 0.000351444 0.000326483 0.000303296 0.000281755 0.000261744 0.000243154 0.000225885 0.000209842 0.000194938 0.000181093 0.000168231 0.000156283 0.000145183 0.000134872 0.000125293 0.000116394 0.000108128 0.000100448 9.33142e-05 8.66868e-05 8.053e-05 7.48106e-05 6.94973e-05 6.45614e-05 5.99761e-05 5.57164e-05 5.17593e-05 4.80832e-05 4.46682e-05 4.14957e-05 3.85486e-05 3.58108e-05 3.32674e-05 3.09047e-05 2.87097e-05 2.66707e-05 2.47765e-05 2.30168e-05 2.13821e-05 1.98634e-05 1.84527e-05 1.71421e-05 1.59246e-05 1.47936e-05 1.37429e-05 1.27669e-05 1.18601e-05 1.10178e-05 1.02353e-05 9.50836e-06 8.83305e-06 8.2057e-06 7.62291e-06 7.08151e-06 6.57856e-06 6.11133e-06 5.67729e-06 5.27407e-06 4.89949e-06 4.55152e-06 4.22826e-06 3.92795e-06 3.64898e-06 3.38982e-06 3.14907e-06 2.92541e-06 2.71764e-06 2.52463e-06 2.34532e-06 2.17875e-06 2.02401e-06 1.88026e-06 1.74672e-06 1.62266e-06 1.50741e-06 1.40035e-06 1.3009e-06 1.2085e-06 1.12267e-06 1.04294e-06 9.68865e-07 9.00053e-07 8.36129e-07
0.00122962 0.000217748 0.000206287 0.000195354 0.000184935 0.000175009 0.000165561 0.000156572 0.000148025 0.000139902 0.000132187 0.000124861 0.00011791 0.000111315 0.000105063 9.91377e-05 9.35239e-05 8.82074e-05 8.31744e-05 7.84113e-05 7.39052e-05 6.96437e-05 6.56147e-05 6.18068e-05 5.82087e-05 5.481e-05 5.16004e-05 4.85703e-05 4.57103e-05 4.30115e-05 4.04655e-05 3.80642e-05 3.57999e-05 3.36652e-05 3.16532e-05 2.97571e-05 2.79707e-05 2.62879e-05 2.47031e-05 2.32108e-05 2.18059e-05 2.04834e-05 1.92388e-05 1.80677e-05 1.69659e-05 1.59294e-05 1.49546e-05 1.40379e-05 1.3176e-05 1.23657e-05 1.16041e-05 1.08882e-05 1.02155e-05 9.58346e-06 8.98965e-06 8.43185e-06 7.90793e-06 7.4159e-06 6.95387e-06 6.52007e-06 6.1128e-06 5.7305e-06 5.37167e-06 5.0349e-06 4.71887e-06 4.42234e-06 4.14412e-06 3.88312e-06 3.63829e-06 3.40864e-06 3.19327e-06 2.99129e-06 2.8019e-06 2.62431e-06 2.45783e-06 2.30175e-06 2.15544e-06 2.01831e-06 1.88978e-06 1.76933e-06 1.65645e-06 1.55069e-06 1.45159e-06 1.35875e-06 1.27177e-06 1.19029e-06 1.11397e-06 1.04249e-06 9.75545e-07 9.12849e-07 8.54137e-07 7.99161e-07 7.47685e-07 6.9949e-07 6.5437e-07 6.1213e-07 5.72589e-07 5.35578e-07 5.00935e-07 4.68511e-07 4.38167e-07
0.00114229 0.000206287 0.000196063 0.000186265 0.000176881 0.000167902 0.000159317 0.000151114 0.000143281 0.000135808 0.00012868 0.000121888 0.000115418 0.000109258 0.000103397 9.78227e-05 9.25237e-05 8.74885e-05 8.27062e-05 7.81659e-05 7.38571e-05 6.97695e-05 6.58932e-05 6.22185e-05 5.87362e-05 5.54373e-05 5.23131e-05 4.93553e-05 4.65558e-05 4.39069e-05 4.14012e-05 3.90316e-05 3.67913e-05 3.46738e-05 3.26728e-05 3.07824e-05 2.89968e-05 2.73107e-05 2.57188e-05 2.42161e-05 2.27981e-05 2.14601e-05 2.01979e-05 1.90074e-05 1.78848e-05 1.68263e-05 1.58286e-05 1.48882e-05 1.4002e-05 1.3167e-05 1.23804e-05 1.16395e-05 1.09418e-05 1.02847e-05 9.66615e-06 9.08384e-06 8.53574e-06 8.01993e-06 7.53455e-06 7.07788e-06 6.64826e-06 6.24415e-06 5.86407e-06 5.50664e-06 5.17055e-06 4.85456e-06 4.55749e-06 4.27826e-06 4.0158e-06 3.76915e-06 3.53737e-06 3.31959e-06 3.11498e-06 2.92276e-06 2.74221e-06 2.57262e-06 2.41335e-06 2.26378e-06 2.12334e-06 1.99148e-06 1.86768e-06 1.75146e-06 1.64237e-06 1.53997e-06 1.44387e-06 1.35368e-06 1.26905e-06 1.18964e-06 1.11513e-06 1.04523e-06 9.79653e-07 9.18139e-07 8.6044e-07 8.06322e-07 7.55568e-07 7.0797e-07 6.63336e-07 6.21484e-07 5.82243e-07 5.45451e-07 5.10959e-07
0.00106116 0.000195354 0.000186265 0.000177507 0.000169079 0.000160976 0.000153192 0.000145721 0.000138558 0.000131694 0.000125122 0.000118835 0.000112823 0.000107079 0.000101593 9.63581e-05 9.13644e-05 8.66038e-05 8.20675e-05 7.77471e-05 7.36342e-05 6.97207e-05 6.59983e-05 6.24593e-05 5.9096e-05 5.59008e-05 5.28664e-05 4.99857e-05 4.7252e-05 4.46585e-05 4.21989e-05 3.98669e-05 3.76566e-05 3.55622e-05 3.35782e-05 3.16993e-05 2.99204e-05 2.82365e-05 2.66431e-05 2.51355e-05 2.37096e-05 2.23611e-05 2.10862e-05 1.9881e-05 1.87421e-05 1.76659e-05 1.66493e-05 1.56891e-05 1.47823e-05 1.39262e-05 1.3118e-05 1.23552e-05 1.16354e-05 1.09562e-05 1.03154e-05 9.71108e-06 9.14112e-06 8.60367e-06 8.09697e-06 7.61931e-06 7.16909e-06 6.7448e-06 6.34499e-06 5.9683e-06 5.61344e-06 5.27919e-06 4.96438e-06 4.66793e-06 4.38879e-06 4.12598e-06 3.87858e-06 3.6457e-06 3.42653e-06 3.22026e-06 3.02618e-06 2.84356e-06 2.67176e-06 2.51015e-06 2.35813e-06 2.21516e-06 2.0807e-06 1.95427e-06 1.83539e-06 1.72362e-06 1.61855e-06 1.51977e-06 1.42694e-06 1.33968e-06 1.25768e-06 1.18063e-06 1.10822e-06 1.04019e-06 9.76281e-07 9.1624e-07 8.59842e-07 8.06868e-07 7.57113e-07 7.10387e-07 6.66507e-07 6.25303e-07 5.86614e-07
0.000985791 0.000184935 0.000176881 0.000169079 0.000161531 0.000154236 0.000147196 0.000140408 0.00013387 0.000127579 0.000121531 0.000115721 0.000110145 0.000104797 9.96715e-05 9.47629e-05 9.00649e-05 8.55712e-05 8.12756e-05 7.71715e-05 7.32526e-05 6.95124e-05 6.59445e-05 6.25426e-05 5.93005e-05 5.6212e-05 5.32711e-05 5.04717e-05 4.78082e-05 4.52749e-05 4.28663e-05 4.05771e-05 3.8402e-05 3.63361e-05 3.43745e-05 3.25124e-05 3.07454e-05 2.9069e-05 2.74791e-05 2.59716e-05 2.45426e-05 2.31883e-05 2.19052e-05 2.06897e-05 1.95387e-05 1.84489e-05 1.74173e-05 1.64409e-05 1.55171e-05 1.46431e-05 1.38165e-05 1.30348e-05 1.22957e-05 1.15971e-05 1.09367e-05 1.03127e-05 9.72314e-06 9.16618e-06 8.64013e-06 8.14333e-06 7.67424e-06 7.23139e-06 6.81335e-06 6.4188e-06 6.04648e-06 5.69517e-06 5.36374e-06 5.05109e-06 4.75622e-06 4.47813e-06 4.21591e-06 3.96868e-06 3.73561e-06 3.51592e-06 3.30885e-06 3.11372e-06 2.92985e-06 2.7566e-06 2.59339e-06 2.43965e-06 2.29484e-06 2.15845e-06 2.03002e-06 1.90908e-06 1.79521e-06 1.68802e-06 1.5871e-06 1.49212e-06 1.40272e-06 1.31859e-06 1.23941e-06 1.16492e-06 1.09483e-06 1.02888e-06 9.66853e-07 9.08503e-07 8.53621e-07 8.02005e-07 7.53463e-07 7.07818e-07 6.64898e-07
0.000915777 0.000175009 0.000167902 0.000160976 0.000154236 0.000147689 0.000141338 0.000135185 0.000129231 0.000123477 0.000117921 0.000112563 0.0001074 0.00010243 9.76496e-05 9.30549e-05 8.86424e-05 8.44078e-05 8.03468e-05 7.64548e-05 7.27271e-05 6.91589e-05 6.57452e-05 6.24811e-05 5.93618e-05 5.63822e-05 5.35375e-05 5.08228e-05 4.82333e-05 4.57642e-05 4.3411e-05 4.1169e-05 3.90338e-05 3.7001e-05 3.50665e-05 3.3226e-05 3.14757e-05 2.98115e-05 2.82298e-05 2.67269e-05 2.52993e-05 2.39435e-05 2.26564e-05 2.14348e-05 2.02756e-05 1.91759e-05 1.81329e-05 1.71439e-05 1.62064e-05 1.53178e-05 1.44758e-05 1.36781e-05 1.29225e-05 1.22069e-05 1.15294e-05 1.08881e-05 1.02811e-05 9.70665e-06 9.16317e-06 8.64906e-06 8.1628e-06 7.70297e-06 7.2682e-06 6.85719e-06 6.46869e-06 6.10153e-06 5.75459e-06 5.4268e-06 5.11715e-06 4.82467e-06 4.54845e-06 4.28762e-06 4.04135e-06 3.80887e-06 3.58942e-06 3.3823e-06 3.18684e-06 3.00241e-06 2.8284e-06 2.66425e-06 2.5094e-06 2.36336e-06 2.22564e-06 2.09576e-06 1.97331e-06 1.85787e-06 1.74904e-06 1.64646e-06 1.54978e-06 1.45867e-06 1.37281e-06 1.29192e-06 1.2157e-06 1.1439e-06 1.07626e-06 1.01256e-06 9.52559e-07 8.96055e-07 8.42847e-07 7.92747e-07 7.45578e-07
0.000850736 0.000165561 0.000159317 0.000153192 0.000147196 0.000141338 0.000135625 0.000130062 0.000124653 0.000119401 0.000114309 0.000109377 0.000104606 9.99951e-05 9.55437e-05 9.12503e-05 8.71129e-05 8.31292e-05 7.92965e-05 7.56118e-05 7.20719e-05 6.86736e-05 6.54131e-05 6.22869e-05 5.92911e-05 5.6422e-05 5.36757e-05 5.10482e-05 4.85357e-05 4.61342e-05 4.384e-05 4.16491e-05 3.95578e-05 3.75624e-05 3.56592e-05 3.38447e-05 3.21153e-05 3.04676e-05 2.88983e-05 2.74041e-05 2.5982e-05 2.46288e-05 2.33416e-05 2.21176e-05 2.09539e-05 1.98478e-05 1.87969e-05 1.77986e-05 1.68505e-05 1.59503e-05 1.50957e-05 1.42848e-05 1.35153e-05 1.27853e-05 1.2093e-05 1.14366e-05 1.08143e-05 1.02244e-05 9.66537e-06 9.13572e-06 8.63397e-06 8.15873e-06 7.70869e-06 7.28259e-06 6.8792e-06 6.4974e-06 6.13607e-06 5.79417e-06 5.47071e-06 5.16474e-06 4.87536e-06 4.6017e-06 4.34295e-06 4.09833e-06 3.86709e-06 3.64854e-06 3.44201e-06 3.24685e-06 3.06247e-06 2.88829e-06 2.72377e-06 2.56839e-06 2.42166e-06 2.28311e-06 2.1523e-06 2.02881e-06 1.91225e-06 1.80224e-06 1.69841e-06 1.60044e-06 1.50801e-06 1.4208e-06 1.33853e-06 1.26093e-06 1.18774e-06 1.11872e-06 1.05363e-06 9.92257e-07 9.34393e-07 8.79842e-07 8.28419e-07
0.000790315 0.000156572 0.000151114 0.000145721 0.000140408 0.000135185 0.000130062 0.000125046 0.000120145 0.000115364 0.000110706 0.000106176 0.000101775 9.75061e-05 9.33688e-05 8.93639e-05 8.54911e-05 8.17497e-05 7.81385e-05 7.46559e-05 7.13002e-05 6.80691e-05 6.49603e-05 6.19713e-05 5.90993e-05 5.63415e-05 5.36951e-05 5.11568e-05 4.87237e-05 4.63927e-05 4.41605e-05 4.2024e-05 3.99802e-05 3.80257e-05 3.61576e-05 3.43728e-05 3.26681e-05 3.10408e-05 2.94877e-05 2.80062e-05 2.65933e-05 2.52463e-05 2.39626e-05 2.27397e-05 2.15749e-05 2.04658e-05 1.94101e-05 1.84055e-05 1.74498e-05 1.65408e-05 1.56765e-05 1.48549e-05 1.4074e-05 1.33321e-05 1.26272e-05 1.19579e-05 1.13222e-05 1.07188e-05 1.01461e-05 9.60266e-06 9.08704e-06 8.59794e-06 8.13408e-06 7.69423e-06 7.27724e-06 6.88198e-06 6.50737e-06 6.15242e-06 5.81612e-06 5.49757e-06 5.19586e-06 4.91016e-06 4.63965e-06 4.38356e-06 4.14116e-06 3.91175e-06 3.69466e-06 3.48927e-06 3.29496e-06 3.11116e-06 2.93733e-06 2.77294e-06 2.61751e-06 2.47056e-06 2.33164e-06 2.20034e-06 2.07625e-06 1.95898e-06 1.84818e-06 1.74349e-06 1.6446e-06 1.55118e-06 1.46296e-06 1.37964e-06 1.30096e-06 1.22667e-06 1.15654e-06 1.09033e-06 1.02784e-06 9.68853e-07 9.13187e-07
0.000734184 0.000148025 0.000143281 0.000138558 0.00013387 0.000129231 0.000124653 0.000120145 0.000115717 0.000111374 0.000107125 0.000102973 9.89222e-05 9.49766e-05 9.11385e-05 8.74094e-05 8.37907e-05 8.02829e-05 7.68861e-05 7.36001e-05 7.04241e-05 6.73572e-05 6.4398e-05 6.1545e-05 5.87965e-05 5.61504e-05 5.36047e-05 5.11571e-05 4.88053e-05 4.65468e-05 4.43793e-05 4.23e-05 4.03066e-05 3.83962e-05 3.65665e-05 3.48147e-05 3.31383e-05 3.15347e-05 3.00013e-05 2.85358e-05 2.71355e-05 2.57982e-05 2.45213e-05 2.33026e-05 2.21399e-05 2.10309e-05 1.99735e-05 1.89655e-05 1.8005e-05 1.70899e-05 1.62184e-05 1.53886e-05 1.45987e-05 1.3847e-05 1.31318e-05 1.24516e-05 1.18047e-05 1.11896e-05 1.0605e-05 1.00493e-05 9.52145e-06 9.01998e-06 8.54371e-06 8.09146e-06 7.66211e-06 7.25457e-06 6.8678e-06 6.50082e-06 6.15266e-06 5.82243e-06 5.50924e-06 5.21228e-06 4.93074e-06 4.66387e-06 4.41094e-06 4.17125e-06 3.94416e-06 3.72902e-06 3.52525e-06 3.33225e-06 3.1495e-06 2.97647e-06 2.81266e-06 2.6576e-06 2.51085e-06 2.37198e-06 2.24057e-06 2.11625e-06 1.99864e-06 1.8874e-06 1.78219e-06 1.6827e-06 1.58862e-06 1.49968e-06 1.4156e-06 1.33612e-06 1.261e-06 1.19e-06 1.12292e-06 1.05953e-06 9.99647e-07
0.000682041 0.000139902 0.000135808 0.000131694 0.000127579 0.000123477 0.000119401 0.000115364 0.000111374 0.000107442 0.000103574 9.97776e-05 9.60576e-05 9.24188e-05 8.8865e-05 8.53993e-05 8.2024e-05 7.87409e-05 7.55513e-05 7.2456e-05 6.94552e-05 6.65489e-05 6.37369e-05 6.10183e-05 5.83923e-05 5.58577e-05 5.34131e-05 5.10571e-05 4.87879e-05 4.66039e-05 4.45029e-05 4.24832e-05 4.05427e-05 3.86792e-05 3.68906e-05 3.51748e-05 3.35296e-05 3.19528e-05 3.04423e-05 2.89958e-05 2.76113e-05 2.62866e-05 2.50196e-05 2.38083e-05 2.26505e-05 2.15444e-05 2.0488e-05 1.94794e-05 1.85166e-05 1.7598e-05 1.67218e-05 1.58861e-05 1.50895e-05 1.43302e-05 1.36067e-05 1.29176e-05 1.22612e-05 1.16363e-05 1.10415e-05 1.04753e-05 9.93671e-06 9.42433e-06 8.93704e-06 8.47369e-06 8.03322e-06 7.61456e-06 7.21672e-06 6.83873e-06 6.47968e-06 6.13867e-06 5.81485e-06 5.50742e-06 5.2156e-06 4.93863e-06 4.6758e-06 4.42644e-06 4.18989e-06 3.96553e-06 3.75276e-06 3.55101e-06 3.35974e-06 3.17843e-06 3.00659e-06 2.84374e-06 2.68944e-06 2.54325e-06 2.40477e-06 2.27361e-06 2.14939e-06 2.03177e-06 1.9204e-06 1.81497e-06 1.71518e-06 1.62072e-06 1.53133e-06 1.44674e-06 1.36671e-06 1.291e-06 1.21938e-06 1.15163e-06 1.08756e-06
0.0006336 0.000132187 0.00012868 0.000125122 0.000121531 0.000117921 0.000114309 0.000110706 0.000107125 0.000103574 0.000100064 9.66009e-05 9.31922e-05 8.98436e-05 8.65598e-05 8.3345e-05 8.02026e-05 7.71353e-05 7.41455e-05 7.12347e-05 6.84042e-05 6.56547e-05 6.29869e-05 6.04007e-05 5.78959e-05 5.54721e-05 5.31287e-05 5.08646e-05 4.8679e-05 4.65705e-05 4.45378e-05 4.25795e-05 4.06939e-05 3.88795e-05 3.71346e-05 3.54573e-05 3.3846e-05 3.22988e-05 3.08138e-05 2.93892e-05 2.80233e-05 2.6714e-05 2.54596e-05 2.42583e-05 2.31082e-05 2.20077e-05 2.09548e-05 1.9948e-05 1.89856e-05 1.80658e-05 1.7187e-05 1.63478e-05 1.55466e-05 1.47818e-05 1.4052e-05 1.33558e-05 1.26918e-05 1.20588e-05 1.14554e-05 1.08803e-05 1.03324e-05 9.81057e-06 9.3136e-06 8.84043e-06 8.39004e-06 7.9614e-06 7.55357e-06 7.1656e-06 6.7966e-06 6.44571e-06 6.11211e-06 5.795e-06 5.49362e-06 5.20725e-06 4.93518e-06 4.67675e-06 4.4313e-06 4.19824e-06 3.97696e-06 3.7669e-06 3.56753e-06 3.37833e-06 3.19881e-06 3.0285e-06 2.86695e-06 2.71373e-06 2.56843e-06 2.43066e-06 2.30004e-06 2.17623e-06 2.05888e-06 1.94767e-06 1.84229e-06 1.74244e-06 1.64786e-06 1.55827e-06 1.47341e-06 1.39305e-06 1.31696e-06 1.24492e-06 1.17671e-06
0.0005886 0.000124861 0.000121888 0.000118835 0.000115721 0.000112563 0.000109377 0.000106176 0.000102973 9.97776e-05 9.66009e-05 9.34509e-05 9.03353e-05 8.72607e-05 8.42329e-05 8.12569e-05 7.83369e-05 7.54765e-05 7.26789e-05 6.99464e-05 6.7281e-05 6.46843e-05 6.21574e-05 5.97011e-05 5.73159e-05 5.50019e-05 5.27591e-05 5.05871e-05 4.84854e-05 4.64533e-05 4.449e-05 4.25945e-05 4.07657e-05 3.90022e-05 3.7303e-05 3.56665e-05 3.40913e-05 3.2576e-05 3.11191e-05 2.97189e-05 2.83739e-05 2.70826e-05 2.58434e-05 2.46546e-05 2.35147e-05 2.24221e-05 2.13752e-05 2.03726e-05 1.94127e-05 1.84939e-05 1.76149e-05 1.67741e-05 1.59702e-05 1.52019e-05 1.44676e-05 1.37662e-05 1.30964e-05 1.24569e-05 1.18465e-05 1.1264e-05 1.07083e-05 1.01784e-05 9.67301e-06 9.19126e-06 8.73213e-06 8.29464e-06 7.87786e-06 7.4809e-06 7.1029e-06 6.74302e-06 6.40047e-06 6.07447e-06 5.76429e-06 5.4692e-06 5.18854e-06 4.92164e-06 4.66787e-06 4.42663e-06 4.19733e-06 3.97943e-06 3.77239e-06 3.5757e-06 3.38887e-06 3.21144e-06 3.04295e-06 2.88298e-06 2.73113e-06 2.58699e-06 2.4502e-06 2.3204e-06 2.19726e-06 2.08043e-06 1.96962e-06 1.86453e-06 1.76488e-06 1.67039e-06 1.58081e-06 1.4959e-06 1.41541e-06 1.33914e-06 1.26686e-06
0.000546796 0.00011791 0.000115418 0.000112823 0.000110145 0.0001074 0.000104606 0.000101775 9.89222e-05 9.60576e-05 9.31922e-05 9.03353e-05 8.74951e-05 8.4679e-05 8.18935e-05 7.91444e-05 7.64365e-05 7.37742e-05 7.11611e-05 6.86005e-05 6.60949e-05 6.36465e-05 6.12571e-05 5.8928e-05 5.66603e-05 5.44547e-05 5.23117e-05 5.02314e-05 4.82138e-05 4.62586e-05 4.43655e-05 4.25339e-05 4.0763e-05 3.90521e-05 3.74002e-05 3.58063e-05 3.42693e-05 3.2788e-05 3.13612e-05 2.99877e-05 2.8666e-05 2.73949e-05 2.61731e-05 2.49991e-05 2.38716e-05 2.27892e-05 2.17505e-05 2.07542e-05 1.97989e-05 1.88832e-05 1.80059e-05 1.71656e-05 1.6361e-05 1.55909e-05 1.4854e-05 1.41491e-05 1.3475e-05 1.28306e-05 1.22147e-05 1.16263e-05 1.10642e-05 1.05274e-05 1.0015e-05 9.52585e-06 9.05912e-06 8.61386e-06 8.18918e-06 7.78421e-06 7.39813e-06 7.03014e-06 6.67947e-06 6.34536e-06 6.0271e-06 5.724e-06 5.43539e-06 5.16064e-06 4.89911e-06 4.65023e-06 4.41343e-06 4.18815e-06 3.97387e-06 3.77009e-06 3.57633e-06 3.39212e-06 3.21702e-06 3.05061e-06 2.89248e-06 2.74224e-06 2.59951e-06 2.46394e-06 2.3352e-06 2.21295e-06 2.09687e-06 1.98669e-06 1.8821e-06 1.78284e-06 1.68865e-06 1.59928e-06 1.51449e-06 1.43407e-06 1.35779e-06
0.000507961 0.000111315 0.000109258 0.000107079 0.000104797 0.00010243 9.99951e-05 9.75061e-05 9.49766e-05 9.24188e-05 8.98436e-05 8.72607e-05 8.4679e-05 8.21065e-05 7.95501e-05 7.70161e-05 7.45102e-05 7.2037e-05 6.9601e-05 6.72057e-05 6.48545e-05 6.25499e-05 6.02942e-05 5.80894e-05 5.59369e-05 5.3838e-05 5.17936e-05 4.98043e-05 4.78704e-05 4.59923e-05 4.41698e-05 4.24028e-05 4.0691e-05 3.90338e-05 3.74307e-05 3.58809e-05 3.43838e-05 3.29382e-05 3.15435e-05 3.01984e-05 2.8902e-05 2.76532e-05 2.64508e-05 2.52936e-05 2.41806e-05 2.31104e-05 2.20819e-05 2.10939e-05 2.01452e-05 1.92346e-05 1.83608e-05 1.75228e-05 1.67193e-05 1.59491e-05 1.52112e-05 1.45045e-05 1.38277e-05 1.31799e-05 1.256e-05 1.1967e-05 1.13999e-05 1.08576e-05 1.03393e-05 9.84393e-06 9.37073e-06 8.91875e-06 8.48717e-06 8.07516e-06 7.68191e-06 7.30667e-06 6.94869e-06 6.60724e-06 6.28164e-06 5.97121e-06 5.6753e-06 5.3933e-06 5.1246e-06 4.86862e-06 4.6248e-06 4.39261e-06 4.17154e-06 3.96109e-06 3.76078e-06 3.57016e-06 3.38879e-06 3.21624e-06 3.05212e-06 2.89604e-06 2.74762e-06 2.60651e-06 2.47238e-06 2.34489e-06 2.22373e-06 2.10861e-06 1.99924e-06 1.89534e-06 1.79666e-06 1.70295e-06 1.61396e-06 1.52947e-06 1.44927e-06
0.000471884 0.000105063 0.000103397 0.000101593 9.96715e-05 9.76496e-05 9.55437e-05 9.33688e-05 9.11385e-05 8.8865e-05 8.65598e-05 8.42329e-05 8.18935e-05 7.95501e-05 7.721e-05 7.48799e-05 7.25659e-05 7.02732e-05 6.80066e-05 6.57703e-05 6.35677e-05 6.14022e-05 5.92764e-05 5.71926e-05 5.51528e-05 5.31586e-05 5.12114e-05 4.9312e-05 4.74614e-05 4.56601e-05 4.39084e-05 4.22065e-05 4.05543e-05 3.89518e-05 3.73985e-05 3.58942e-05 3.44382e-05 3.303e-05 3.16689e-05 3.0354e-05 2.90846e-05 2.78598e-05 2.66787e-05 2.55402e-05 2.44435e-05 2.33874e-05 2.23709e-05 2.13931e-05 2.04528e-05 1.9549e-05 1.86805e-05 1.78465e-05 1.70457e-05 1.62772e-05 1.55399e-05 1.48327e-05 1.41548e-05 1.35051e-05 1.28825e-05 1.22862e-05 1.17153e-05 1.11687e-05 1.06457e-05 1.01453e-05 9.6667e-06 9.20905e-06 8.77155e-06 8.35342e-06 7.9539e-06 7.57225e-06 7.20776e-06 6.85974e-06 6.52751e-06 6.21043e-06 5.90787e-06 5.61923e-06 5.34392e-06 5.08138e-06 4.83106e-06 4.59244e-06 4.36502e-06 4.14831e-06 3.94185e-06 3.74518e-06 3.55787e-06 3.37951e-06 3.2097e-06 3.04805e-06 2.8942e-06 2.74779e-06 2.60849e-06 2.47596e-06 2.34991e-06 2.23002e-06 2.11603e-06 2.00764e-06 1.9046e-06 1.80666e-06 1.71358e-06 1.62514e-06 1.5411e-06
0.00043837 9.91377e-05 9.78227e-05 9.63581e-05 9.47629e-05 9.30549e-05 9.12503e-05 8.93639e-05 8.74094e-05 8.53993e-05 8.3345e-05 8.12569e-05 7.91444e-05 7.70161e-05 7.48799e-05 7.27427e-05 7.06109e-05 6.84902e-05 6.63855e-05 6.43015e-05 6.2242e-05 6.02108e-05 5.82107e-05 5.62446e-05 5.43147e-05 5.24231e-05 5.05713e-05 4.87607e-05 4.69925e-05 4.52675e-05 4.35864e-05 4.19497e-05 4.03577e-05 3.88104e-05 3.73078e-05 3.58499e-05 3.44363e-05 3.30666e-05 3.17405e-05 3.04573e-05 2.92164e-05 2.80172e-05 2.6859e-05 2.57408e-05 2.4662e-05 2.36217e-05 2.2619e-05 2.1653e-05 2.07227e-05 1.98273e-05 1.89659e-05 1.81374e-05 1.73409e-05 1.65755e-05 1.58402e-05 1.51342e-05 1.44565e-05 1.38061e-05 1.31823e-05 1.2584e-05 1.20105e-05 1.14609e-05 1.09342e-05 1.04299e-05 9.94688e-06 9.48454e-06 9.04208e-06 8.61874e-06 8.21381e-06 7.82659e-06 7.45638e-06 7.10252e-06 6.76438e-06 6.44132e-06 6.13274e-06 5.83806e-06 5.55671e-06 5.28815e-06 5.03183e-06 4.78726e-06 4.55395e-06 4.33141e-06 4.11918e-06 3.91684e-06 3.72394e-06 3.54009e-06 3.36489e-06 3.19796e-06 3.03894e-06 2.88747e-06 2.74322e-06 2.60588e-06 2.47512e-06 2.35066e-06 2.2322e-06 2.11947e-06 2.01222e-06 1.91019e-06 1.81314e-06 1.72083e-06 1.63306e-06
0.000407236 9.35239e-05 9.25237e-05 9.13644e-05 9.00649e-05 8.86424e-05 8.71129e-05 8.54911e-05 8.37907e-05 8.2024e-05 8.02026e-05 7.83369e-05 7.64365e-05 7.45102e-05 7.25659e-05 7.06109e-05 6.86518e-05 6.66945e-05 6.47444e-05 6.28062e-05 6.08842e-05 5.89823e-05 5.71039e-05 5.52519e-05 5.3429e-05 5.16375e-05 4.98792e-05 4.81559e-05 4.64691e-05 4.48197e-05 4.32089e-05 4.16373e-05 4.01054e-05 3.86138e-05 3.71625e-05 3.57517e-05 3.43813e-05 3.30513e-05 3.17613e-05 3.0511e-05 2.92999e-05 2.81277e-05 2.69938e-05 2.58974e-05 2.48381e-05 2.38151e-05 2.28276e-05 2.18749e-05 2.09562e-05 2.00708e-05 1.92177e-05 1.83963e-05 1.76055e-05 1.68447e-05 1.61129e-05 1.54093e-05 1.47331e-05 1.40835e-05 1.34595e-05 1.28605e-05 1.22856e-05 1.17339e-05 1.12048e-05 1.06975e-05 1.02111e-05 9.74509e-06 9.29858e-06 8.87092e-06 8.46143e-06 8.06943e-06 7.69427e-06 7.33531e-06 6.99195e-06 6.66357e-06 6.34961e-06 6.04948e-06 5.76266e-06 5.4886e-06 5.2268e-06 4.97675e-06 4.73798e-06 4.51003e-06 4.29245e-06 4.0848e-06 3.88667e-06 3.69766e-06 3.51738e-06 3.34546e-06 3.18153e-06 3.02526e-06 2.87631e-06 2.73436e-06 2.5991e-06 2.47025e-06 2.3475e-06 2.2306e-06 2.11928e-06 2.0133e-06 1.9124e-06 1.81636e-06 1.72496e-06
0.000378313 8.82074e-05 8.74885e-05 8.66038e-05 8.55712e-05 8.44078e-05 8.31292e-05 8.17497e-05 8.02829e-05 7.87409e-05 7.71353e-05 7.54765e-05 7.37742e-05 7.2037e-05 7.02732e-05 6.84902e-05 6.66945e-05 6.48925e-05 6.30895e-05 6.12907e-05 5.95006e-05 5.77231e-05 5.59621e-05 5.42206e-05 5.25016e-05 5.08076e-05 4.91408e-05 4.75031e-05 4.58963e-05 4.43217e-05 4.27804e-05 4.12736e-05 3.98019e-05 3.8366e-05 3.69663e-05 3.56032e-05 3.42768e-05 3.29871e-05 3.17342e-05 3.05178e-05 2.93377e-05 2.81937e-05 2.70853e-05 2.6012e-05 2.49735e-05 2.3969e-05 2.29982e-05 2.20602e-05 2.11545e-05 2.02804e-05 1.94371e-05 1.86241e-05 1.78404e-05 1.70854e-05 1.63584e-05 1.56585e-05 1.49851e-05 1.43373e-05 1.37145e-05 1.31158e-05 1.25406e-05 1.1988e-05 1.14575e-05 1.09482e-05 1.04595e-05 9.9906e-06 9.54094e-06 9.10981e-06 8.69656e-06 8.30057e-06 7.92121e-06 7.55787e-06 7.20996e-06 6.87692e-06 6.55818e-06 6.25321e-06 5.96146e-06 5.68244e-06 5.41565e-06 5.1606e-06 4.91683e-06 4.6839e-06 4.46135e-06 4.24878e-06 4.04577e-06 3.85193e-06 3.66688e-06 3.49026e-06 3.32171e-06 3.16089e-06 3.00748e-06 2.86115e-06 2.7216e-06 2.58855e-06 2.4617e-06 2.3408e-06 2.22557e-06 2.11577e-06 2.01116e-06 1.9115e-06 1.81659e-06
0.000351444 8.31744e-05 8.27062e-05 8.20675e-05 8.12756e-05 8.03468e-05 7.92965e-05 7.81385e-05 7.68861e-05 7.55513e-05 7.41455e-05 7.26789e-05 7.11611e-05 6.9601e-05 6.80066e-05 6.63855e-05 6.47444e-05 6.30895e-05 6.14266e-05 5.97608e-05 5.80969e-05 5.6439e-05 5.47909e-05 5.31562e-05 5.15379e-05 4.99388e-05 4.83612e-05 4.68073e-05 4.52791e-05 4.3778e-05 4.23056e-05 4.0863e-05 3.94512e-05 3.8071e-05 3.67231e-05 3.54079e-05 3.41259e-05 3.28772e-05 3.16621e-05 3.04804e-05 2.93322e-05 2.82174e-05 2.71356e-05 2.60865e-05 2.50699e-05 2.40853e-05 2.31323e-05 2.22103e-05 2.13188e-05 2.04572e-05 1.96251e-05 1.88216e-05 1.80463e-05 1.72984e-05 1.65773e-05 1.58823e-05 1.52128e-05 1.45681e-05 1.39475e-05 1.33502e-05 1.27757e-05 1.22233e-05 1.16923e-05 1.1182e-05 1.06918e-05 1.0221e-05 9.76906e-06 9.33529e-06 8.91909e-06 8.51986e-06 8.13702e-06 7.76999e-06 7.41821e-06 7.08114e-06 6.75823e-06 6.44898e-06 6.15287e-06 5.86941e-06 5.59812e-06 5.33854e-06 5.09022e-06 4.85272e-06 4.62561e-06 4.40849e-06 4.20096e-06 4.00263e-06 3.81313e-06 3.63211e-06 3.45921e-06 3.29411e-06 3.13647e-06 2.986e-06 2.84238e-06 2.70533e-06 2.57457e-06 2.44983e-06 2.33085e-06 2.21739e-06 2.10921e-06 2.00607e-06 1.90776e-06
0.000326483 7.84113e-05 7.81659e-05 7.77471e-05 7.71715e-05 7.64548e-05 7.56118e-05 7.46559e-05 7.36001e-05 7.2456e-05 7.12347e-05 6.99464e-05 6.86005e-05 6.72057e-05 6.57703e-05 6.43015e-05 6.28062e-05 6.12907e-05 5.97608e-05 5.82218e-05 5.66784e-05 5.51351e-05 5.35958e-05 5.20641e-05 5.05432e-05 4.90361e-05 4.75453e-05 4.60733e-05 4.4622e-05 4.31932e-05 4.17886e-05 4.04095e-05 3.90571e-05 3.77324e-05 3.64361e-05 3.51691e-05 3.39317e-05 3.27245e-05 3.15477e-05 3.04015e-05 2.9286e-05 2.82011e-05 2.71468e-05 2.61229e-05 2.51293e-05 2.41656e-05 2.32314e-05 2.23265e-05 2.14503e-05 2.06025e-05 1.97825e-05 1.89899e-05 1.8224e-05 1.74843e-05 1.67703e-05 1.60813e-05 1.54168e-05 1.47762e-05 1.41588e-05 1.3564e-05 1.29913e-05 1.24399e-05 1.19094e-05 1.1399e-05 1.09082e-05 1.04364e-05 9.98294e-06 9.54731e-06 9.12891e-06 8.72718e-06 8.34157e-06 7.97153e-06 7.61652e-06 7.27604e-06 6.94956e-06 6.63659e-06 6.33665e-06 6.04927e-06 5.77398e-06 5.51033e-06 5.2579e-06 5.01625e-06 4.78498e-06 4.56369e-06 4.35199e-06 4.1495e-06 3.95587e-06 3.77075e-06 3.59379e-06 3.42467e-06 3.26306e-06 3.10867e-06 2.9612e-06 2.82036e-06 2.68588e-06 2.55749e-06 2.43494e-06 2.31798e-06 2.20637e-06 2.09988e-06 1.9983e-06
0.000303296 7.39052e-05 7.38571e-05 7.36342e-05 7.32526e-05 7.27271e-05 7.20719e-05 7.13002e-05 7.04241e-05 6.94552e-05 6.84042e-05 6.7281e-05 6.60949e-05 6.48545e-05 6.35677e-05 6.2242e-05 6.08842e-05 5.95006e-05 5.80969e-05 5.66784e-05 5.52502e-05 5.38165e-05 5.23815e-05 5.0949e-05 4.95222e-05 4.81043e-05 4.66979e-05 4.53055e-05 4.39294e-05 4.25715e-05 4.12336e-05 3.99171e-05 3.86234e-05 3.73537e-05 3.6109e-05 3.489e-05 3.36974e-05 3.25319e-05 3.13938e-05 3.02835e-05 2.92012e-05 2.8147e-05 2.7121e-05 2.61232e-05 2.51534e-05 2.42114e-05 2.32972e-05 2.24103e-05 2.15505e-05 2.07174e-05 1.99106e-05 1.91298e-05 1.83744e-05 1.7644e-05 1.69381e-05 1.62561e-05 1.55976e-05 1.49621e-05 1.43489e-05 1.37576e-05 1.31875e-05 1.26381e-05 1.21089e-05 1.15993e-05 1.11088e-05 1.06367e-05 1.01826e-05 9.74584e-06 9.32599e-06 8.92247e-06 8.53476e-06 8.16236e-06 7.80476e-06 7.46146e-06 7.13199e-06 6.81587e-06 6.51263e-06 6.22182e-06 5.94301e-06 5.67575e-06 5.41964e-06 5.17427e-06 4.93923e-06 4.71414e-06 4.49863e-06 4.29232e-06 4.09488e-06 3.90596e-06 3.72522e-06 3.55235e-06 3.38703e-06 3.22896e-06 3.07786e-06 2.93344e-06 2.79544e-06 2.66358e-06 2.53762e-06 2.41732e-06 2.30244e-06 2.19275e-06 2.08803e-06
0.000281755 6.96437e-05 6.97695e-05 6.97207e-05 6.95124e-05 6.91589e-05 6.86736e-05 6.80691e-05 6.73572e-05 6.65489e-05 6.56547e-05 6.46843e-05 6.36465e-05 6.25499e-05 6.14022e-05 6.02108e-05 5.89823e-05 5.77231e-05 5.6439e-05 5.51351e-05 5.38165e-05 5.24877e-05 5.11528e-05 4.98155e-05 4.84795e-05 4.71477e-05 4.58231e-05 4.45083e-05 4.32055e-05 4.19169e-05 4.06443e-05 3.93894e-05 3.81537e-05 3.69385e-05 3.57448e-05 3.45737e-05 3.34259e-05 3.23022e-05 3.1203e-05 3.0129e-05 2.90804e-05 2.80574e-05 2.70603e-05 2.60891e-05 2.51439e-05 2.42245e-05 2.3331e-05 2.2463e-05 2.16204e-05 2.0803e-05 2.00104e-05 1.92423e-05 1.84984e-05 1.77782e-05 1.70813e-05 1.64073e-05 1.57558e-05 1.51263e-05 1.45182e-05 1.39312e-05 1.33646e-05 1.28181e-05 1.22911e-05 1.17831e-05 1.12936e-05 1.08221e-05 1.0368e-05 9.93092e-06 9.51031e-06 9.10567e-06 8.71653e-06 8.34241e-06 7.98282e-06 7.6373e-06 7.30539e-06 6.98665e-06 6.68063e-06 6.38689e-06 6.10503e-06 5.83462e-06 5.57527e-06 5.32657e-06 5.08815e-06 4.85964e-06 4.64067e-06 4.43089e-06 4.22995e-06 4.03753e-06 3.85329e-06 3.67694e-06 3.50816e-06 3.34666e-06 3.19216e-06 3.04437e-06 2.90304e-06 2.76791e-06 2.63872e-06 2.51525e-06 2.39724e-06 2.28449e-06 2.17678e-06
0.000261744 6.56147e-05 6.58932e-05 6.59983e-05 6.59445e-05 6.57452e-05 6.54131e-05 6.49603e-05 6.4398e-05 6.37369e-05 6.29869e-05 6.21574e-05 6.12571e-05 6.02942e-05 5.92764e-05 5.82107e-05 5.71039e-05 5.59621e-05 5.47909e-05 5.35958e-05 5.23815e-05 5.11528e-05 4.99136e-05 4.86679e-05 4.74191e-05 4.61705e-05 4.49251e-05 4.36854e-05 4.2454e-05 4.1233e-05 4.00244e-05 3.883e-05 3.76514e-05 3.64899e-05 3.53468e-05 3.42231e-05 3.31199e-05 3.2038e-05 3.09779e-05 2.99403e-05 2.89257e-05 2.79344e-05 2.69666e-05 2.60227e-05 2.51026e-05 2.42065e-05 2.33344e-05 2.24861e-05 2.16615e-05 2.08606e-05 2.0083e-05 1.93285e-05 1.85969e-05 1.78877e-05 1.72008e-05 1.65356e-05 1.58919e-05 1.52692e-05 1.46672e-05 1.40853e-05 1.35231e-05 1.29803e-05 1.24563e-05 1.19506e-05 1.14629e-05 1.09926e-05 1.05393e-05 1.01026e-05 9.68189e-06 9.2768e-06 8.88686e-06 8.51162e-06 8.15063e-06 7.80346e-06 7.46966e-06 7.14882e-06 6.84052e-06 6.54435e-06 6.2599e-06 5.98678e-06 5.7246e-06 5.47299e-06 5.23158e-06 5.00001e-06 4.77793e-06 4.56499e-06 4.36088e-06 4.16526e-06 3.97782e-06 3.79825e-06 3.62627e-06 3.46158e-06 3.3039e-06 3.15296e-06 3.00851e-06 2.8703e-06 2.73806e-06 2.61158e-06 2.49062e-06 2.37495e-06 2.26438e-06
0.000243154 6.18068e-05 6.22185e-05 6.24593e-05 6.25426e-05 6.24811e-05 6.22869e-05 6.19713e-05 6.1545e-05 6.10183e-05 6.04007e-05 5.97011e-05 5.8928e-05 5.80894e-05 5.71926e-05 5.62446e-05 5.52519e-05 5.42206e-05 5.31562e-05 5.20641e-05 5.0949e-05 4.98155e-05 4.86679e-05 4.75098e-05 4.63449e-05 4.51765e-05 4.40076e-05 4.28408e-05 4.16787e-05 4.05235e-05 3.93774e-05 3.82422e-05 3.71196e-05 3.6011e-05 3.49178e-05 3.38412e-05 3.27823e-05 3.17419e-05 3.07209e-05 2.97198e-05 2.87394e-05 2.778e-05 2.6842e-05 2.59257e-05 2.50313e-05 2.4159e-05 2.33089e-05 2.24809e-05 2.16751e-05 2.08913e-05 2.01294e-05 1.93893e-05 1.86708e-05 1.79735e-05 1.72972e-05 1.66417e-05 1.60066e-05 1.53916e-05 1.47963e-05 1.42203e-05 1.36633e-05 1.31249e-05 1.26046e-05 1.2102e-05 1.16168e-05 1.11485e-05 1.06967e-05 1.02609e-05 9.84081e-06 9.43589e-06 9.04575e-06 8.66998e-06 8.30816e-06 7.95988e-06 7.62472e-06 7.3023e-06 6.99221e-06 6.69406e-06 6.40747e-06 6.13207e-06 5.86749e-06 5.61336e-06 5.36934e-06 5.13507e-06 4.91023e-06 4.69448e-06 4.4875e-06 4.28898e-06 4.09862e-06 3.91611e-06 3.74118e-06 3.57353e-06 3.41291e-06 3.25905e-06 3.11168e-06 2.97057e-06 2.83548e-06 2.70616e-06 2.5824e-06 2.46398e-06 2.35069e-06
0.000225885 5.82087e-05 5.87362e-05 5.9096e-05 5.93005e-05 5.93618e-05 5.92911e-05 5.90993e-05 5.87965e-05 5.83923e-05 5.78959e-05 5.73159e-05 5.66603e-05 5.59369e-05 5.51528e-05 5.43147e-05 5.3429e-05 5.25016e-05 5.15379e-05 5.05432e-05 4.95222e-05 4.84795e-05 4.74191e-05 4.63449e-05 4.52606e-05 4.41693e-05 4.3074e-05 4.19777e-05 4.08828e-05 3.97917e-05 3.87065e-05 3.76291e-05 3.65614e-05 3.55048e-05 3.44608e-05 3.34307e-05 3.24156e-05 3.14165e-05 3.04343e-05 2.94698e-05 2.85236e-05 2.75962e-05 2.66882e-05 2.57999e-05 2.49316e-05 2.40836e-05 2.3256e-05 2.24489e-05 2.16624e-05 2.08964e-05 2.01509e-05 1.94258e-05 1.8721e-05 1.80363e-05 1.73715e-05 1.67263e-05 1.61005e-05 1.54939e-05 1.49061e-05 1.43368e-05 1.37856e-05 1.32523e-05 1.27364e-05 1.22377e-05 1.17556e-05 1.129e-05 1.08402e-05 1.04061e-05 9.98715e-06 9.58299e-06 9.19324e-06 8.81751e-06 8.4554e-06 8.10653e-06 7.77053e-06 7.44701e-06 7.13561e-06 6.83594e-06 6.54766e-06 6.27041e-06 6.00382e-06 5.74757e-06 5.5013e-06 5.2647e-06 5.03744e-06 4.81919e-06 4.60966e-06 4.40854e-06 4.21553e-06 4.03035e-06 3.85272e-06 3.68237e-06 3.51904e-06 3.36246e-06 3.21239e-06 3.06858e-06 2.93081e-06 2.79883e-06 2.67244e-06 2.55142e-06 2.43555e-06
0.000209842 5.481e-05 5.54373e-05 5.59008e-05 5.6212e-05 5.63822e-05 5.6422e-05 5.63415e-05 5.61504e-05 5.58577e-05 5.54721e-05 5.50019e-05 5.44547e-05 5.3838e-05 5.31586e-05 5.24231e-05 5.16375e-05 5.08076e-05 4.99388e-05 4.90361e-05 4.81043e-05 4.71477e-05 4.61705e-05 4.51765e-05 4.41693e-05 4.3152e-05 4.21278e-05 4.10995e-05 4.00697e-05 3.90407e-05 3.80148e-05 3.69938e-05 3.59797e-05 3.49741e-05 3.39784e-05 3.29941e-05 3.20223e-05 3.10641e-05 3.01206e-05 2.91924e-05 2.82803e-05 2.73851e-05 2.65072e-05 2.56471e-05 2.48052e-05 2.39818e-05 2.31772e-05 2.23914e-05 2.16247e-05 2.0877e-05 2.01485e-05 1.9439e-05 1.87486e-05 1.80771e-05 1.74243e-05 1.67901e-05 1.61744e-05 1.55768e-05 1.49971e-05 1.44351e-05 1.38905e-05 1.33629e-05 1.28521e-05 1.23578e-05 1.18796e-05 1.14172e-05 1.09702e-05 1.05382e-05 1.0121e-05 9.71821e-06 9.3294e-06 8.95423e-06 8.59236e-06 8.24343e-06 7.90707e-06 7.58293e-06 7.27067e-06 6.96993e-06 6.68038e-06 6.40168e-06 6.13349e-06 5.87549e-06 5.62735e-06 5.38876e-06 5.15941e-06 4.93899e-06 4.72721e-06 4.52378e-06 4.32841e-06 4.14083e-06 3.96076e-06 3.78795e-06 3.62213e-06 3.46306e-06 3.31049e-06 3.16418e-06 3.02391e-06 2.88946e-06 2.7606e-06 2.63713e-06 2.51884e-06
0.000194938 5.16004e-05 5.23131e-05 5.28664e-05 5.32711e-05 5.35375e-05 5.36757e-05 5.36951e-05 5.36047e-05 5.34131e-05 5.31287e-05 5.27591e-05 5.23117e-05 5.17936e-05 5.12114e-05 5.05713e-05 4.98792e-05 4.91408e-05 4.83612e-05 4.75453e-05 4.66979e-05 4.58231e-05 4.49251e-05 4.40076e-05 4.3074e-05 4.21278e-05 4.1172e-05 4.02092e-05 3.92423e-05 3.82735e-05 3.7305e-05 3.6339e-05 3.53773e-05 3.44215e-05 3.34733e-05 3.2534e-05 3.16049e-05 3.06871e-05 2.97818e-05 2.88897e-05 2.80117e-05 2.71486e-05 2.63009e-05 2.54691e-05 2.46538e-05 2.38552e-05 2.30738e-05 2.23097e-05 2.15632e-05 2.08344e-05 2.01233e-05 1.94299e-05 1.87544e-05 1.80966e-05 1.74565e-05 1.68339e-05 1.62288e-05 1.56408e-05 1.50699e-05 1.45158e-05 1.39783e-05 1.34572e-05 1.29521e-05 1.24628e-05 1.19889e-05 1.15303e-05 1.10866e-05 1.06575e-05 1.02426e-05 9.84166e-06 9.45431e-06 9.08023e-06 8.7191e-06 8.37058e-06 8.03433e-06 7.71004e-06 7.39736e-06 7.09599e-06 6.80558e-06 6.52583e-06 6.25642e-06 5.99705e-06 5.74739e-06 5.50715e-06 5.27605e-06 5.05377e-06 4.84005e-06 4.6346e-06 4.43714e-06 4.24742e-06 4.06516e-06 3.89012e-06 3.72205e-06 3.5607e-06 3.40584e-06 3.25723e-06 3.11465e-06 2.9779e-06 2.84674e-06 2.72099e-06 2.60043e-06
0.000181093 4.85703e-05 4.93553e-05 4.99857e-05 5.04717e-05 5.08228e-05 5.10482e-05 5.11568e-05 5.11571e-05 5.10571e-05 5.08646e-05 5.05871e-05 5.02314e-05 4.98043e-05 4.9312e-05 4.87607e-05 4.81559e-05 4.75031e-05 4.68073e-05 4.60733e-05 4.53055e-05 4.45083e-05 4.36854e-05 4.28408e-05 4.19777e-05 4.10995e-05 4.02092e-05 3.93096e-05 3.84033e-05 3.74927e-05 3.65801e-05 3.56674e-05 3.47567e-05 3.38496e-05 3.29478e-05 3.20526e-05 3.11655e-05 3.02876e-05 2.94201e-05 2.85638e-05 2.77196e-05 2.68884e-05 2.60708e-05 2.52675e-05 2.44788e-05 2.37053e-05 2.29474e-05 2.22053e-05 2.14793e-05 2.07696e-05 2.00763e-05 1.93996e-05 1.87395e-05 1.80959e-05 1.74689e-05 1.68585e-05 1.62644e-05 1.56867e-05 1.51251e-05 1.45795e-05 1.40497e-05 1.35355e-05 1.30366e-05 1.25529e-05 1.2084e-05 1.16298e-05 1.11899e-05 1.07641e-05 1.0352e-05 9.95348e-06 9.5681e-06 9.1956e-06 8.83568e-06 8.48804e-06 8.15236e-06 7.82834e-06 7.51568e-06 7.21408e-06 6.92322e-06 6.64281e-06 6.37256e-06 6.11216e-06 5.86134e-06 5.61979e-06 5.38725e-06 5.16343e-06 4.94806e-06 4.74087e-06 4.5416e-06 4.35e-06 4.1658e-06 3.98878e-06 3.81868e-06 3.65527e-06 3.49832e-06 3.3476e-06 3.20291e-06 3.06403e-06 2.93074e-06 2.80286e-06 2.68019e-06
0.000168231 4.57103e-05 4.65558e-05 4.7252e-05 4.78082e-05 4.82333e-05 4.85357e-05 4.87237e-05 4.88053e-05 4.87879e-05 4.8679e-05 4.84854e-05 4.82138e-05 4.78704e-05 4.74614e-05 4.69925e-05 4.64691e-05 4.58963e-05 4.52791e-05 4.4622e-05 4.39294e-05 4.32055e-05 4.2454e-05 4.16787e-05 4.08828e-05 4.00697e-05 3.92423e-05 3.84033e-05 3.75554e-05 3.6701e-05 3.58424e-05 3.49815e-05 3.41204e-05 3.32608e-05 3.24042e-05 3.15524e-05 3.07065e-05 2.98678e-05 2.90375e-05 2.82166e-05 2.7406e-05 2.66065e-05 2.58189e-05 2.50438e-05 2.42819e-05 2.35335e-05 2.27992e-05 2.20793e-05 2.13741e-05 2.06839e-05 2.00088e-05 1.9349e-05 1.87047e-05 1.80758e-05 1.74624e-05 1.68645e-05 1.62821e-05 1.5715e-05 1.51632e-05 1.46266e-05 1.4105e-05 1.35983e-05 1.31062e-05 1.26285e-05 1.21652e-05 1.17158e-05 1.12803e-05 1.08583e-05 1.04495e-05 1.00538e-05 9.6709e-06 9.30044e-06 8.94219e-06 8.59587e-06 8.2612e-06 7.93788e-06 7.62565e-06 7.32421e-06 7.03329e-06 6.7526e-06 6.48186e-06 6.2208e-06 5.96914e-06 5.72661e-06 5.49294e-06 5.26787e-06 5.05115e-06 4.8425e-06 4.64169e-06 4.44846e-06 4.26258e-06 4.0838e-06 3.9119e-06 3.74664e-06 3.58781e-06 3.43519e-06 3.28857e-06 3.14773e-06 3.01249e-06 2.88264e-06 2.758e-06
0.000156283 4.30115e-05 4.39069e-05 4.46585e-05 4.52749e-05 4.57642e-05 4.61342e-05 4.63927e-05 4.65468e-05 4.66039e-05 4.65705e-05 4.64533e-05 4.62586e-05 4.59923e-05 4.56601e-05 4.52675e-05 4.48197e-05 4.43217e-05 4.3778e-05 4.31932e-05 4.25715e-05 4.19169e-05 4.1233e-05 4.05235e-05 3.97917e-05 3.90407e-05 3.82735e-05 3.74927e-05 3.6701e-05 3.59008e-05 3.50944e-05 3.42837e-05 3.34707e-05 3.26572e-05 3.18449e-05 3.10353e-05 3.02298e-05 2.94296e-05 2.8636e-05 2.78499e-05 2.70725e-05 2.63045e-05 2.55467e-05 2.47998e-05 2.40645e-05 2.33413e-05 2.26307e-05 2.19331e-05 2.12489e-05 2.05784e-05 1.99217e-05 1.92792e-05 1.8651e-05 1.80371e-05 1.74377e-05 1.68528e-05 1.62824e-05 1.57265e-05 1.5185e-05 1.46578e-05 1.41449e-05 1.3646e-05 1.31612e-05 1.26901e-05 1.22327e-05 1.17887e-05 1.1358e-05 1.09402e-05 1.05353e-05 1.01429e-05 9.76288e-06 9.3949e-06 9.03875e-06 8.69418e-06 8.36092e-06 8.03871e-06 7.72729e-06 7.4264e-06 7.13578e-06 6.85517e-06 6.5843e-06 6.32291e-06 6.07074e-06 5.82755e-06 5.59307e-06 5.36705e-06 5.14925e-06 4.93942e-06 4.73733e-06 4.54273e-06 4.3554e-06 4.1751e-06 4.00162e-06 3.83473e-06 3.67422e-06 3.51989e-06 3.37152e-06 3.22891e-06 3.09188e-06 2.96023e-06 2.83377e-06
0.000145183 4.04655e-05 4.14012e-05 4.21989e-05 4.28663e-05 4.3411e-05 4.384e-05 4.41605e-05 4.43793e-05 4.45029e-05 4.45378e-05 4.449e-05 4.43655e-05 4.41698e-05 4.39084e-05 4.35864e-05 4.32089e-05 4.27804e-05 4.23056e-05 4.17886e-05 4.12336e-05 4.06443e-05 4.00244e-05 3.93774e-05 3.87065e-05 3.80148e-05 3.7305e-05 3.65801e-05 3.58424e-05 3.50944e-05 3.43382e-05 3.3576e-05 3.28097e-05 3.20411e-05 3.12719e-05 3.05035e-05 2.97374e-05 2.8975e-05 2.82174e-05 2.74657e-05 2.67209e-05 2.5984e-05 2.52557e-05 2.45369e-05 2.38281e-05 2.31301e-05 2.24432e-05 2.1768e-05 2.11049e-05 2.04542e-05 1.98162e-05 1.91912e-05 1.85793e-05 1.79808e-05 1.73957e-05 1.68241e-05 1.62661e-05 1.57217e-05 1.51909e-05 1.46736e-05 1.41697e-05 1.36793e-05 1.32021e-05 1.27381e-05 1.2287e-05 1.18488e-05 1.14233e-05 1.10103e-05 1.06096e-05 1.0221e-05 9.84421e-06 9.47913e-06 9.12549e-06 8.78306e-06 8.45161e-06 8.13089e-06 7.82066e-06 7.5207e-06 7.23074e-06 6.95055e-06 6.67988e-06 6.41849e-06 6.16614e-06 5.92258e-06 5.68758e-06 5.4609e-06 5.2423e-06 5.03156e-06 4.82844e-06 4.63272e-06 4.44417e-06 4.26259e-06 4.08775e-06 3.91944e-06 3.75745e-06 3.6016e-06 3.45167e-06 3.30747e-06 3.16882e-06 3.03552e-06 2.9074e-06
0.000134872 3.80642e-05 3.90316e-05 3.98669e-05 4.05771e-05 4.1169e-05 4.16491e-05 4.2024e-05 4.23e-05 4.24832e-05 4.25795e-05 4.25945e-05 4.25339e-05 4.24028e-05 4.22065e-05 4.19497e-05 4.16373e-05 4.12736e-05 4.0863e-05 4.04095e-05 3.99171e-05 3.93894e-05 3.883e-05 3.82422e-05 3.76291e-05 3.69938e-05 3.6339e-05 3.56674e-05 3.49815e-05 3.42837e-05 3.3576e-05 3.28607e-05 3.21396e-05 3.14145e-05 3.06871e-05 2.99589e-05 2.92313e-05 2.85058e-05 2.77835e-05 2.70655e-05 2.6353e-05 2.56467e-05 2.49477e-05 2.42566e-05 2.35742e-05 2.29011e-05 2.22379e-05 2.15851e-05 2.09431e-05 2.03124e-05 1.96932e-05 1.90859e-05 1.84906e-05 1.79077e-05 1.73372e-05 1.67793e-05 1.6234e-05 1.57014e-05 1.51816e-05 1.46745e-05 1.41802e-05 1.36985e-05 1.32293e-05 1.27727e-05 1.23285e-05 1.18965e-05 1.14766e-05 1.10687e-05 1.06726e-05 1.02881e-05 9.91509e-06 9.5533e-06 9.20256e-06 8.86265e-06 8.53338e-06 8.21451e-06 7.90584e-06 7.60714e-06 7.31818e-06 7.03875e-06 6.76861e-06 6.50754e-06 6.2553e-06 6.01168e-06 5.77645e-06 5.54939e-06 5.33026e-06 5.11886e-06 4.91497e-06 4.71837e-06 4.52885e-06 4.34619e-06 4.17021e-06 4.00069e-06 3.83743e-06 3.68024e-06 3.52893e-06 3.38331e-06 3.2432e-06 3.10843e-06 2.9788e-06
0.000125293 3.57999e-05 3.67913e-05 3.76566e-05 3.8402e-05 3.90338e-05 3.95578e-05 3.99802e-05 4.03066e-05 4.05427e-05 4.06939e-05 4.07657e-05 4.0763e-05 4.0691e-05 4.05543e-05 4.03577e-05 4.01054e-05 3.98019e-05 3.94512e-05 3.90571e-05 3.86234e-05 3.81537e-05 3.76514e-05 3.71196e-05 3.65614e-05 3.59797e-05 3.53773e-05 3.47567e-05 3.41204e-05 3.34707e-05 3.28097e-05 3.21396e-05 3.14621e-05 3.07792e-05 3.00923e-05 2.94032e-05 2.87132e-05 2.80237e-05 2.7336e-05 2.66511e-05 2.59702e-05 2.52941e-05 2.46239e-05 2.39603e-05 2.3304e-05 2.26558e-05 2.20161e-05 2.13857e-05 2.07649e-05 2.01541e-05 1.95538e-05 1.89643e-05 1.83858e-05 1.78187e-05 1.7263e-05 1.67189e-05 1.61867e-05 1.56663e-05 1.51578e-05 1.46612e-05 1.41767e-05 1.37041e-05 1.32434e-05 1.27945e-05 1.23574e-05 1.1932e-05 1.15182e-05 1.11158e-05 1.07247e-05 1.03447e-05 9.97574e-06 9.6176e-06 9.27011e-06 8.93309e-06 8.60635e-06 8.28969e-06 7.98291e-06 7.68581e-06 7.39818e-06 7.11982e-06 6.85052e-06 6.59007e-06 6.33825e-06 6.09485e-06 5.85967e-06 5.63249e-06 5.4131e-06 5.2013e-06 4.99688e-06 4.79963e-06 4.60936e-06 4.42586e-06 4.24894e-06 4.07841e-06 3.91407e-06 3.75574e-06 3.60323e-06 3.45637e-06 3.31497e-06 3.17887e-06 3.04789e-06
