0.385558 0.0876537 0.0399356 0.0196474 0.00944569 0.00431881 0.00188253 0.000789586 0.000321537 0.00012803 5.01104e-05 1.93528e-05 7.39554e-06 2.80222e-06 1.0544e-06 3.94445e-07 1.46838e-07 5.44333e-08 2.01054e-08 7.40255e-09 2.71789e-09 9.95405e-10 3.63746e-10 1.32655e-10 4.829e-11 1.75497e-11 6.3682e-12 2.30731e-12 8.34136e-13 2.99066e-13 1.0799e-13
0.0876537 0.0258703 0.0118186 0.00463147 0.00168336 0.000590017 0.000203365 6.96144e-05 2.37823e-05 8.12732e-06 2.7811e-06 9.53272e-07 3.27319e-07 1.12575e-07 3.87761e-08 1.33745e-08 4.61863e-09 1.59667e-09 5.52501e-10 1.91346e-10 6.63186e-11 2.3001e-11 7.98219e-12 2.77164e-12 9.62867e-13 3.34646e-13 1.16342e-13 4.04318e-14 1.39801e-14 4.65293e-15 1.62052e-15
0.0399356 0.0118186 0.00391618 0.0013273 0.000448514 0.000150993 5.08051e-05 1.71269e-05 5.79155e-06 1.96519e-06 6.69055e-07 2.28473e-07 7.82285e-08 2.68472e-08 9.23201e-09 3.18009e-09 1.09705e-09 3.78938e-10 1.31038e-10 4.5358e-11 1.57139e-11 5.44811e-12 1.89018e-12 6.56178e-13 2.27915e-13 7.91974e-14 2.75199e-14 9.53699e-15 3.23737e-15 1.12075e-15 3.90359e-16
0.0196474 0.00463147 0.0013273 0.000409765 0.000130877 4.25624e-05 1.4008e-05 4.65288e-06 1.55718e-06 5.24411e-07 1.77524e-07 6.03538e-08 2.05921e-08 7.04664e-09 2.41736e-09 8.31018e-10 2.86187e-10 9.87076e-11 3.40895e-11 1.17865e-11 4.07925e-12 1.41304e-12 4.89852e-13 1.6993e-13 5.89831e-14 2.04793e-14 7.1019e-15 2.43653e-15 8.45445e-16 2.9263e-16 1.01888e-16
0.00944569 0.00168336 0.000448514 0.000130877 4.02255e-05 1.2752e-05 4.12512e-06 1.35375e-06 4.49089e-07 1.50232e-07 5.05902e-08 1.71265e-08 5.82282e-09 1.98665e-09 6.79778e-10 2.33166e-10 8.01405e-11 2.75927e-11 9.51446e-12 3.285e-12 1.13547e-12 3.92866e-13 1.36047e-13 4.7148e-14 1.63485e-14 5.66724e-15 1.95453e-15 6.78034e-16 2.35177e-16 8.13665e-17 2.83135e-17
0.00431881 0.000590017 0.000150993 4.25624e-05 1.2752e-05 3.97057e-06 1.26822e-06 4.12357e-07 1.35837e-07 4.51908e-08 1.51496e-08 5.10939e-09 1.73156e-09 5.8913e-10 2.01089e-10 6.88235e-11 2.36086e-11 8.11409e-12 2.79337e-12 9.63027e-13 3.32422e-13 1.14872e-13 3.97332e-14 1.37542e-14 4.76269e-15 1.64574e-15 5.70434e-16 1.97772e-16 6.85582e-17 2.3707e-17 8.24363e-18
0.00188253 0.000203365 5.08051e-05 1.4008e-05 4.12512e-06 1.26822e-06 4.01301e-07 1.29561e-07 4.24428e-08 1.40562e-08 4.69426e-09 1.57804e-09 5.33268e-10 1.80975e-10 6.16329e-11 2.10509e-11 7.20768e-12 2.47302e-12 8.50035e-13 2.92631e-13 1.00877e-13 3.48159e-14 1.20283e-14 4.15852e-15 1.43701e-15 4.97486e-16 1.72312e-16 5.97011e-17 2.06821e-17 7.14762e-18 2.4836e-18
0.000789586 6.96144e-05 1.71269e-05 4.65288e-06 1.35375e-06 4.12357e-07 1.29561e-07 4.15974e-08 1.35655e-08 4.47566e-09 1.48985e-09 4.99407e-10 1.68337e-10 5.69982e-11 1.93712e-11 6.60381e-12 2.25719e-12 7.73227e-13 2.65386e-13 9.12365e-14 3.14115e-14 1.08281e-14 3.73647e-15 1.28983e-15 4.45864e-16 1.54232e-16 5.33805e-17 1.84817e-17 6.39831e-18 2.20992e-18 7.67329e-19
0.000321537 2.37823e-05 5.79155e-06 1.55718e-06 4.49089e-07 1.35837e-07 4.24428e-08 1.35655e-08 4.40727e-09 1.44939e-09 4.81101e-10 1.6086e-10 5.40983e-11 1.82796e-11 6.2007e-12 2.11021e-12 7.20118e-13 2.4632e-13 8.44256e-14 2.89874e-14 9.968e-15 3.43218e-15 1.18284e-15 4.08162e-16 1.40971e-16 4.87252e-17 1.68514e-17 5.83026e-18 2.01709e-18 6.96291e-19 2.41598e-19
0.00012803 8.12732e-06 1.96519e-06 5.24411e-07 1.50232e-07 4.51908e-08 1.40562e-08 4.47566e-09 1.44939e-09 4.753e-10 1.57371e-10 5.24989e-11 1.76193e-11 5.94227e-12 2.01221e-12 6.83696e-13 2.32969e-13 7.95789e-14 2.72406e-14 9.34182e-15 3.20875e-15 1.10356e-15 3.80055e-16 1.31029e-16 4.52173e-17 1.56167e-17 5.39702e-18 1.86599e-18 6.45167e-19 2.22587e-19 7.71822e-20
5.01104e-05 2.7811e-06 6.69055e-07 1.77524e-07 5.05902e-08 1.51496e-08 4.69426e-09 1.48985e-09 4.81101e-10 1.57371e-10 5.19872e-11 1.73072e-11 5.79757e-12 1.9519e-12 6.5991e-13 2.23889e-13 7.61855e-14 2.59907e-14 8.88623e-15 3.044e-15 1.04441e-15 3.58893e-16 1.23487e-16 4.25379e-17 1.46678e-17 5.06204e-18 1.74818e-18 6.0403e-19 2.08716e-19 7.19713e-20 2.49405e-20
1.93528e-05 9.53272e-07 2.28473e-07 6.03538e-08 1.71265e-08 5.10939e-09 1.57804e-09 4.99407e-10 1.6086e-10 5.24989e-11 1.73072e-11 5.75094e-12 1.92312e-12 6.46437e-13 2.18229e-13 7.39376e-14 2.51276e-14 8.56209e-15 2.92411e-15 1.00059e-15 3.42996e-16 1.17757e-16 4.04829e-17 1.3934e-17 4.80106e-18 1.65573e-18 5.71425e-19 1.97315e-19 6.81406e-20 2.34852e-20 8.13366e-21
7.39554e-06 3.27319e-07 7.82285e-08 2.05921e-08 5.82282e-09 1.73156e-09 5.33268e-10 1.68337e-10 5.40983e-11 1.76193e-11 5.79757e-12 1.92312e-12 6.42071e-13 2.15507e-13 7.2653e-14 2.45841e-14 8.34496e-15 2.84034e-15 9.69008e-16 3.31269e-16 1.13453e-16 3.89172e-17 1.33683e-17 4.59781e-18 1.58307e-18 5.45578e-19 1.88171e-19 6.49374e-20 2.24131e-20 7.72123e-21 2.67261e-21
2.80222e-06 1.12575e-07 2.68472e-08 7.04664e-09 1.98665e-09 5.8913e-10 1.80975e-10 5.69982e-11 1.82796e-11 5.94227e-12 1.9519e-12 6.46437e-13 2.15507e-13 7.22349e-14 2.43213e-14 8.22001e-15 2.78715e-15 9.47659e-16 3.22994e-16 1.1032e-16 3.77499e-17 1.29387e-17 4.44113e-18 1.52635e-18 5.2518e-19 1.80879e-19 6.23477e-20 2.15039e-20 7.41814e-21 2.55439e-21 8.83705e-22
1.0544e-06 3.87761e-08 9.23201e-09 2.41736e-09 6.79778e-10 2.01089e-10 6.16329e-11 1.93712e-11 6.2007e-12 2.01221e-12 6.5991e-13 2.18229e-13 7.2653e-14 2.43213e-14 8.1792e-15 2.76131e-15 9.35302e-16 3.17707e-16 1.08187e-16 3.69198e-17 1.26233e-17 4.32329e-18 1.48288e-18 5.09296e-19 1.75123e-19 6.02779e-20 2.07655e-20 7.15821e-21 2.46812e-21 8.4952e-22 2.93749e-22
3.94445e-07 1.33745e-08 3.18009e-09 8.31018e-10 2.33166e-10 6.88235e-11 2.10509e-11 6.60381e-12 2.11021e-12 6.83696e-13 2.23889e-13 7.39376e-14 2.45841e-14 8.22001e-15 2.76131e-15 9.31255e-16 3.15128e-16 1.06947e-16 3.63867e-17 1.24073e-17 4.23895e-18 1.45073e-18 4.97258e-19 1.70674e-19 5.8651e-20 2.01762e-20 6.94681e-21 2.39345e-21 8.24856e-22 2.83799e-22 9.80857e-23
1.46838e-07 4.61863e-09 1.09705e-09 2.86187e-10 8.01405e-11 2.36086e-11 7.20768e-12 2.25719e-12 7.20118e-13 2.32969e-13 7.61855e-14 2.51276e-14 8.34496e-15 2.78715e-15 9.35302e-16 3.15128e-16 1.0654e-16 3.61259e-17 1.22813e-17 4.18454e-18 1.42862e-18 4.88595e-19 1.67364e-19 5.74093e-20 1.97169e-20 6.77894e-21 2.33283e-21 8.03358e-22 2.76736e-22 9.51765e-23 3.28797e-23
5.44333e-08 1.59667e-09 3.78938e-10 9.87076e-11 2.75927e-11 8.11409e-12 2.47302e-12 7.73227e-13 2.4632e-13 7.95789e-14 2.59907e-14 8.56209e-15 2.84034e-15 9.47659e-16 3.17707e-16 1.06947e-16 3.61259e-17 1.22398e-17 4.15786e-18 1.41567e-18 4.82985e-19 1.65077e-19 5.65112e-20 1.93732e-20 6.64992e-21 2.28514e-21 7.85992e-22 2.70546e-22 9.31555e-23 3.20268e-23 1.10592e-23
2.01054e-08 5.52501e-10 1.31038e-10 3.40895e-11 9.51446e-12 2.79337e-12 8.50035e-13 2.65386e-13 8.44256e-14 2.72406e-14 8.88623e-15 2.92411e-15 9.69008e-16 3.22994e-16 1.08187e-16 3.63867e-17 1.22813e-17 4.15786e-18 1.41141e-18 4.80228e-19 1.63734e-19 5.59276e-20 1.91347e-20 6.55612e-21 2.24923e-21 7.72527e-22 2.65591e-22 9.13781e-23 3.14506e-23 1.08089e-23 3.73085e-24
7.40255e-09 1.91346e-10 4.5358e-11 1.17865e-11 3.285e-12 9.63027e-13 2.92631e-13 9.12365e-14 2.89874e-14 9.34182e-15 3.044e-15 1.00059e-15 3.31269e-16 1.1032e-16 3.69198e-17 1.24073e-17 4.18454e-18 1.41567e-18 4.80228e-19 1.63291e-19 5.56402e-20 1.89943e-20 6.49496e-21 2.2242e-21 7.62681e-22 2.61828e-22 8.99743e-23 3.0943e-23 1.06457e-23 3.65746e-24 1.26193e-24
2.71789e-09 6.63186e-11 1.57139e-11 4.07925e-12 1.13547e-12 3.32422e-13 1.00877e-13 3.14115e-14 9.968e-15 3.20875e-15 1.04441e-15 3.42996e-16 1.13453e-16 3.77499e-17 1.26233e-17 4.23895e-18 1.42862e-18 4.82985e-19 1.63734e-19 5.56402e-20 1.89479e-20 6.46479e-21 2.20943e-21 7.56238e-22 2.59191e-22 8.89394e-23 3.05498e-23 1.05021e-23 3.61178e-24 1.24047e-24 4.27834e-25
9.95405e-10 2.3001e-11 5.44811e-12 1.41304e-12 3.92866e-13 1.14872e-13 3.48159e-14 1.08281e-14 3.43218e-15 1.10356e-15 3.58893e-16 1.17757e-16 3.89172e-17 1.29387e-17 4.32329e-18 1.45073e-18 4.88595e-19 1.65077e-19 5.59276e-20 1.89943e-20 6.46479e-21 2.20454e-21 7.53052e-22 2.57629e-22 8.82588e-23 3.02721e-23 1.03939e-23 3.57168e-24 1.22789e-24 4.21589e-25 1.45352e-25
3.63746e-10 7.98219e-12 1.89018e-12 4.89852e-13 1.36047e-13 3.97332e-14 1.20283e-14 3.73647e-15 1.18284e-15 3.80055e-16 1.23487e-16 4.04829e-17 1.33683e-17 4.44113e-18 1.48288e-18 4.97258e-19 1.67364e-19 5.65112e-20 1.91347e-20 6.49496e-21 2.20943e-21 7.53052e-22 2.57112e-22 8.79214e-23 3.0107e-23 1.03222e-23 3.54269e-24 1.21693e-24 4.18215e-25 1.43548e-25 4.9474e-26
1.32655e-10 2.77164e-12 6.56178e-13 1.6993e-13 4.7148e-14 1.37542e-14 4.15852e-15 1.28983e-15 4.08162e-16 1.31029e-16 4.25379e-17 1.3934e-17 4.59781e-18 1.52635e-18 5.09296e-19 1.70674e-19 5.74093e-20 1.93732e-20 6.55612e-21 2.2242e-21 7.56238e-22 2.57629e-22 8.79214e-23 3.00522e-23 1.02865e-23 3.5253e-24 1.20946e-24 4.15305e-25 1.42678e-25 4.89588e-26 1.6868e-26
4.829e-11 9.62867e-13 2.27915e-13 5.89831e-14 1.63485e-14 4.76269e-15 1.43701e-15 4.45864e-16 1.40971e-16 4.52173e-17 1.46678e-17 4.80106e-18 1.58307e-18 5.2518e-19 1.75123e-19 5.8651e-20 1.97169e-20 6.64992e-21 2.24923e-21 7.62681e-22 2.59191e-22 8.82588e-23 3.0107e-23 1.02865e-23 3.51951e-24 1.20572e-24 4.13509e-25 1.41941e-25 4.87479e-26 1.67229e-26 5.75974e-27
1.75497e-11 3.34646e-13 7.91974e-14 2.04793e-14 5.66724e-15 1.64574e-15 4.97486e-16 1.54232e-16 4.87252e-17 1.56167e-17 5.06204e-18 1.65573e-18 5.45578e-19 1.80879e-19 6.02779e-20 2.01762e-20 6.77894e-21 2.28514e-21 7.72527e-22 2.61828e-22 8.89394e-23 3.02721e-23 1.03222e-23 3.5253e-24 1.20572e-24 4.12906e-25 1.41559e-25 4.85755e-26 1.66775e-26 5.71966e-27 1.96937e-27
6.3682e-12 1.16342e-13 2.75199e-14 7.1019e-15 1.95453e-15 5.70434e-16 1.72312e-16 5.33805e-17 1.68514e-17 5.39702e-18 1.74818e-18 5.71425e-19 1.88171e-19 6.23477e-20 2.07655e-20 6.94681e-21 2.33283e-21 7.85992e-22 2.65591e-22 8.99743e-23 3.05498e-23 1.03939e-23 3.54269e-24 1.20946e-24 4.13509e-25 1.41559e-25 4.85153e-26 1.66426e-26 5.7122e-27 1.95855e-27 6.74157e-28
2.30731e-12 4.04318e-14 9.53699e-15 2.43653e-15 6.78034e-16 1.97772e-16 5.97011e-17 1.84817e-17 5.83026e-18 1.86599e-18 6.0403e-19 1.97315e-19 6.49374e-20 2.15039e-20 7.15821e-21 2.39345e-21 8.03358e-22 2.70546e-22 9.13781e-23 3.0943e-23 1.05021e-23 3.57168e-24 1.21693e-24 4.15305e-25 1.41941e-25 4.85755e-26 1.66426e-26 5.7073e-27 1.95835e-27 6.713e-28 2.31005e-28
8.34136e-13 1.39801e-14 3.23737e-15 8.45445e-16 2.35177e-16 6.85582e-17 2.06821e-17 6.39831e-18 2.01709e-18 6.45167e-19 2.08716e-19 6.81406e-20 2.24131e-20 7.41814e-21 2.46812e-21 8.24856e-22 2.76736e-22 9.31555e-23 3.14506e-23 1.06457e-23 3.61178e-24 1.22789e-24 4.18215e-25 1.42678e-25 4.87479e-26 1.66775e-26 5.7122e-27 1.95835e-27 6.71793e-28 2.3023e-28 7.92048e-29
2.99066e-13 4.65293e-15 1.12075e-15 2.9263e-16 8.13665e-17 2.3707e-17 7.14762e-18 2.20992e-18 6.96291e-19 2.22587e-19 7.19713e-20 2.34852e-20 7.72123e-21 2.55439e-21 8.4952e-22 2.83799e-22 9.51765e-23 3.20268e-23 1.08089e-23 3.65746e-24 1.24047e-24 4.21589e-25 1.43548e-25 4.89588e-26 1.67229e-26 5.71966e-27 1.95855e-27 6.713e-28 2.3023e-28 7.88872e-29 2.71329e-29
1.0799e-13 1.62052e-15 3.90359e-16 1.01888e-16 2.83135e-17 8.24363e-18 2.4836e-18 7.67329e-19 2.41598e-19 7.71822e-20 2.49405e-20 8.13366e-21 2.67261e-21 8.83705e-22 2.93749e-22 9.80857e-23 3.28797e-23 1.10592e-23 3.73085e-24 1.26193e-24 4.27834e-25 1.45352e-25 4.9474e-26 1.6868e-26 5.75974e-27 1.96937e-27 6.74157e-28 2.31005e-28 7.92048e-29 2.71329e-29 9.32978e-30
