0.371955 0.0307789 0.0193165 0.0131105 0.00935223 0.00688318 0.00516801 0.00393124 0.0030169 0.00232941 0.00180639 0.0014052 0.00109561 0.000855672 0.000669103 0.000523683 0.000410129 0.000321338 0.000251835 0.000197388 0.000154707 0.000121232 9.49629e-05 7.43362e-05 5.81267e-05 4.53732e-05 3.53202e-05 2.73722e-05 2.10588e-05 1.60063e-05 1.25382e-05
0.0307789 0.00487377 0.00286455 0.00178726 0.00116125 0.000776892 0.000531453 0.000369989 0.000261235 0.000186572 0.000134502 9.77175e-05 7.14507e-05 5.25269e-05 3.87913e-05 2.87587e-05 2.13915e-05 1.59568e-05 1.19318e-05 8.94037e-06 6.71026e-06 5.04301e-06 3.79325e-06 2.85399e-06 2.14619e-06 1.61121e-06 1.20546e-06 8.96426e-07 6.5986e-07 4.77754e-07 3.63558e-07
0.0193165 0.00286455 0.00159348 0.000954986 0.000603596 0.000396443 0.00026791 0.000185016 0.000129939 9.24771e-05 6.65176e-05 4.82578e-05 3.52572e-05 2.5909e-05 1.91321e-05 1.41856e-05 1.05545e-05 7.87605e-06 5.89205e-06 4.4171e-06 3.31707e-06 2.49426e-06 1.87714e-06 1.41307e-06 1.06315e-06 7.98536e-07 5.97782e-07 4.44926e-07 3.28124e-07 2.45977e-07 1.87296e-07
0.0131105 0.00178726 0.000954986 0.000554838 0.000343104 0.000222075 0.000148642 0.000102013 7.13564e-05 5.06519e-05 3.63725e-05 2.63602e-05 1.92467e-05 1.41389e-05 1.04392e-05 7.74022e-06 5.75956e-06 4.2987e-06 3.21659e-06 2.41204e-06 1.8119e-06 1.36292e-06 1.02611e-06 7.72789e-07 5.81766e-07 4.37332e-07 3.27823e-07 2.44584e-07 1.84063e-07 1.37994e-07 1.05097e-07
0.00935223 0.00116125 0.000603596 0.000343104 0.000208912 0.000133838 8.89942e-05 6.08231e-05 4.24326e-05 3.00697e-05 2.1569e-05 1.56205e-05 1.13997e-05 8.37165e-06 6.17972e-06 4.58137e-06 3.40873e-06 2.54402e-06 1.90359e-06 1.42748e-06 1.07238e-06 8.06743e-07 6.075e-07 4.57676e-07 3.44738e-07 2.59404e-07 1.94789e-07 1.4691e-07 1.10573e-07 8.28987e-08 6.31318e-08
0.00688318 0.000776892 0.000396443 0.000222075 0.000133838 8.51739e-05 5.64021e-05 3.845e-05 2.67814e-05 1.89586e-05 1.35891e-05 9.83589e-06 7.17501e-06 5.26717e-06 3.8868e-06 2.88063e-06 2.14273e-06 1.59877e-06 1.19603e-06 8.96722e-07 6.73552e-07 5.06667e-07 3.81541e-07 2.87496e-07 2.1665e-07 1.63174e-07 1.23187e-07 9.29101e-08 6.99277e-08 5.24238e-08 3.99128e-08
0.00516801 0.000531453 0.00026791 0.000148642 8.89942e-05 5.64021e-05 3.72563e-05 2.53594e-05 1.76459e-05 1.24826e-05 8.942e-06 6.46898e-06 4.71668e-06 3.46091e-06 2.55276e-06 1.89111e-06 1.40609e-06 1.04871e-06 7.84236e-07 5.87776e-07 4.41362e-07 3.31929e-07 2.49924e-07 1.88327e-07 1.41964e-07 1.0718e-07 8.09047e-08 6.10126e-08 4.59149e-08 3.44185e-08 2.61947e-08
0.00393124 0.000369989 0.000185016 0.000102013 6.08231e-05 3.845e-05 2.53594e-05 1.72446e-05 1.19909e-05 8.47724e-06 6.06937e-06 4.3884e-06 3.19792e-06 2.34521e-06 1.72887e-06 1.28007e-06 9.51266e-07 7.09129e-07 5.30037e-07 3.97078e-07 2.98047e-07 2.24072e-07 1.68674e-07 1.27092e-07 9.58901e-08 7.23768e-08 5.46207e-08 4.11823e-08 3.09861e-08 2.32248e-08 1.76681e-08
0.0030169 0.000261235 0.000129939 7.13564e-05 4.24326e-05 2.67814e-05 1.76459e-05 1.19909e-05 8.33277e-06 5.88764e-06 4.21284e-06 3.04421e-06 2.21701e-06 1.62485e-06 1.19709e-06 8.85794e-07 6.57873e-07 4.90137e-07 3.66152e-07 2.74164e-07 2.05692e-07 1.54578e-07 1.16325e-07 8.76618e-08 6.61165e-08 4.98875e-08 3.76374e-08 2.83701e-08 2.13415e-08 1.59938e-08 1.21618e-08
0.00232941 0.000186572 9.24771e-05 5.06519e-05 3.00697e-05 1.89586e-05 1.24826e-05 8.47724e-06 5.88764e-06 4.1575e-06 2.97298e-06 2.14688e-06 1.56247e-06 1.14437e-06 8.42544e-07 6.23045e-07 4.62441e-07 3.44326e-07 2.57078e-07 1.92389e-07 1.44268e-07 1.0837e-07 8.15349e-08 6.14179e-08 4.63042e-08 3.49256e-08 2.63407e-08 1.98493e-08 1.49283e-08 1.1186e-08 8.50217e-09
0.00180639 0.000134502 6.65176e-05 3.63725e-05 2.1569e-05 1.35891e-05 8.942e-06 6.06937e-06 4.21284e-06 2.97298e-06 2.12453e-06 1.53314e-06 1.11502e-06 8.1609e-07 6.00439e-07 4.43719e-07 3.2913e-07 2.44914e-07 1.82749e-07 1.36688e-07 1.02448e-07 7.69259e-08 5.78494e-08 4.35567e-08 3.28246e-08 2.47489e-08 1.86592e-08 1.40566e-08 1.05693e-08 7.91857e-09 6.01611e-09
0.0014052 9.77175e-05 4.82578e-05 2.63602e-05 1.56205e-05 9.83589e-06 6.46898e-06 4.3884e-06 3.04421e-06 2.14688e-06 1.53314e-06 1.10559e-06 8.03507e-07 5.87681e-07 4.32092e-07 3.19102e-07 2.36544e-07 1.75911e-07 1.31185e-07 9.80666e-08 7.34656e-08 5.51359e-08 4.14431e-08 3.11898e-08 2.3495e-08 1.77078e-08 1.3346e-08 1.00511e-08 7.5557e-09 5.65997e-09 4.29836e-09
0.00109561 7.14507e-05 3.52572e-05 1.92467e-05 1.13997e-05 7.17501e-06 4.71668e-06 3.19792e-06 2.21701e-06 1.56247e-06 1.11502e-06 8.03507e-07 5.83554e-07 4.26514e-07 3.13384e-07 2.31285e-07 1.7134e-07 1.27344e-07 9.49123e-08 7.09142e-08 5.30968e-08 3.98292e-08 2.99236e-08 2.25103e-08 1.69498e-08 1.277e-08 9.62118e-09 7.24373e-09 5.44408e-09 4.07759e-09 3.09541e-09
0.000855672 5.25269e-05 2.5909e-05 1.41389e-05 8.37165e-06 5.26717e-06 3.46091e-06 2.34521e-06 1.62485e-06 1.14437e-06 8.1609e-07 5.87681e-07 4.26514e-07 3.11525e-07 2.28744e-07 1.68712e-07 1.24909e-07 9.27819e-08 6.91145e-08 5.16116e-08 3.86243e-08 2.89589e-08 2.17468e-08 1.63521e-08 1.23078e-08 9.26926e-09 6.98135e-09 5.25472e-09 3.94834e-09 2.95687e-09 2.24379e-09
0.000669103 3.87913e-05 1.91321e-05 1.04392e-05 6.17972e-06 3.8868e-06 2.55276e-06 1.72887e-06 1.19709e-06 8.42544e-07 6.00439e-07 4.32092e-07 3.13384e-07 2.28744e-07 1.67855e-07 1.23727e-07 9.15495e-08 6.79648e-08 5.06004e-08 3.77666e-08 2.82492e-08 2.11702e-08 1.58907e-08 1.19437e-08 8.9862e-09 6.76524e-09 5.09374e-09 3.83288e-09 2.87936e-09 2.15604e-09 1.63548e-09
0.000523683 2.87587e-05 1.41856e-05 7.74022e-06 4.58137e-06 2.88063e-06 1.89111e-06 1.28007e-06 8.85794e-07 6.23045e-07 4.43719e-07 3.19102e-07 2.31285e-07 1.68712e-07 1.23727e-07 9.1146e-08 6.74042e-08 5.00125e-08 3.72153e-08 2.77625e-08 2.07563e-08 1.55479e-08 1.16655e-08 8.76443e-09 6.59167e-09 4.96078e-09 3.73394e-09 2.80892e-09 2.10968e-09 1.57951e-09 1.19772e-09
0.000410129 2.13915e-05 1.05545e-05 5.75956e-06 3.40873e-06 2.14273e-06 1.40609e-06 9.51266e-07 6.57873e-07 4.62441e-07 3.2913e-07 2.36544e-07 1.7134e-07 1.24909e-07 9.15495e-08 6.74042e-08 4.98195e-08 3.69456e-08 2.74783e-08 2.04889e-08 1.53112e-08 1.14641e-08 8.59792e-09 6.45719e-09 4.85463e-09 3.65228e-09 2.74821e-09 2.06684e-09 1.55202e-09 1.16184e-09 8.80707e-10
0.000321338 1.59568e-05 7.87605e-06 4.2987e-06 2.54402e-06 1.59877e-06 1.04871e-06 7.09129e-07 4.90137e-07 3.44326e-07 2.44914e-07 1.75911e-07 1.27344e-07 9.27819e-08 6.79648e-08 5.00125e-08 3.69456e-08 2.73848e-08 2.03576e-08 1.51724e-08 1.13333e-08 8.48214e-09 6.35893e-09 4.77387e-09 3.58781e-09 2.69833e-09 2.0298e-09 1.52616e-09 1.14579e-09 8.57632e-10 6.49896e-10
0.000251835 1.19318e-05 5.89205e-06 3.21659e-06 1.90359e-06 1.19603e-06 7.84236e-07 5.30037e-07 3.66152e-07 2.57078e-07 1.82749e-07 1.31185e-07 9.49123e-08 6.91145e-08 5.06004e-08 3.72153e-08 2.74783e-08 2.03576e-08 1.51267e-08 1.12689e-08 8.41392e-09 6.29466e-09 4.7172e-09 3.54008e-09 2.65964e-09 1.99965e-09 1.50379e-09 1.13039e-09 8.48493e-10 6.35031e-10 4.81061e-10
0.000197388 8.94037e-06 4.4171e-06 2.41204e-06 1.42748e-06 8.96722e-07 5.87776e-07 3.97078e-07 2.74164e-07 1.92389e-07 1.36688e-07 9.80666e-08 7.09142e-08 5.16116e-08 3.77666e-08 2.77625e-08 2.04889e-08 1.51724e-08 1.12689e-08 8.39138e-09 6.2629e-09 4.68362e-09 3.50859e-09 2.63214e-09 1.97687e-09 1.48585e-09 1.1171e-09 8.39519e-10 6.30042e-10 4.71484e-10 3.57059e-10
0.000154707 6.71026e-06 3.31707e-06 1.8119e-06 1.07238e-06 6.73552e-07 4.41362e-07 2.98047e-07 2.05692e-07 1.44268e-07 1.02448e-07 7.34656e-08 5.30968e-08 3.86243e-08 2.82492e-08 2.07563e-08 1.53112e-08 1.13333e-08 8.41392e-09 6.2629e-09 4.67249e-09 3.49296e-09 2.61572e-09 1.96165e-09 1.47283e-09 1.10669e-09 8.31813e-10 6.2498e-10 4.68951e-10 3.50895e-10 2.65659e-10
0.000121232 5.04301e-06 2.49426e-06 1.36292e-06 8.06743e-07 5.06667e-07 3.31929e-07 2.24072e-07 1.54578e-07 1.0837e-07 7.69259e-08 5.51359e-08 3.98292e-08 2.89589e-08 2.11702e-08 1.55479e-08 1.14641e-08 8.48214e-09 6.29466e-09 4.68362e-09 3.49296e-09 2.61026e-09 1.95405e-09 1.46496e-09 1.09958e-09 8.25991e-10 6.20677e-10 4.66242e-10 3.49782e-10 2.61699e-10 1.98074e-10
9.49629e-05 3.79325e-06 1.87714e-06 1.02611e-06 6.075e-07 3.81541e-07 2.49924e-07 1.68674e-07 1.16325e-07 8.15349e-08 5.78494e-08 4.14431e-08 2.99236e-08 2.17468e-08 1.58907e-08 1.16655e-08 8.59792e-09 6.35893e-09 4.7172e-09 3.50859e-09 2.61572e-09 1.95405e-09 1.46233e-09 1.09598e-09 8.22388e-10 6.17603e-10 4.63975e-10 3.48456e-10 2.61375e-10 1.95535e-10 1.47956e-10
7.43362e-05 2.85399e-06 1.41307e-06 7.72789e-07 4.57676e-07 2.87496e-07 1.88327e-07 1.27092e-07 8.76618e-08 6.14179e-08 4.35567e-08 3.11898e-08 2.25103e-08 1.63521e-08 1.19437e-08 8.76443e-09 6.45719e-09 4.77387e-09 3.54008e-09 2.63214e-09 1.96165e-09 1.46496e-09 1.09598e-09 8.2117e-10 6.1601e-10 4.62497e-10 3.47371e-10 2.60832e-10 1.95618e-10 1.46328e-10 1.10694e-10
5.81267e-05 2.14619e-06 1.06315e-06 5.81766e-07 3.44738e-07 2.1665e-07 1.41964e-07 9.58901e-08 6.61165e-08 4.63042e-08 3.28246e-08 2.3495e-08 1.69498e-08 1.23078e-08 8.9862e-09 6.59167e-09 4.85463e-09 3.58781e-09 2.65964e-09 1.97687e-09 1.47283e-09 1.09958e-09 8.22388e-10 6.1601e-10 4.61986e-10 3.46773e-10 2.60396e-10 1.95488e-10 1.46589e-10 1.09643e-10 8.29228e-11
4.53732e-05 1.61121e-06 7.98536e-07 4.37332e-07 2.59404e-07 1.63174e-07 1.0718e-07 7.23768e-08 4.98875e-08 3.49256e-08 2.47489e-08 1.77078e-08 1.277e-08 9.26926e-09 6.76524e-09 4.96078e-09 3.65228e-09 2.69833e-09 1.99965e-09 1.48585e-09 1.10669e-09 8.25991e-10 6.17603e-10 4.62497e-10 3.46773e-10 2.60234e-10 1.95373e-10 1.46647e-10 1.0995e-10 8.22319e-11 6.21775e-11
3.53202e-05 1.20546e-06 5.97782e-07 3.27823e-07 1.94789e-07 1.23187e-07 8.09047e-08 5.46207e-08 3.76374e-08 2.63407e-08 1.86592e-08 1.3346e-08 9.62118e-09 6.98135e-09 5.09374e-09 3.73394e-09 2.74821e-09 2.0298e-09 1.50379e-09 1.1171e-09 8.31813e-10 6.20677e-10 4.63975e-10 3.47371e-10 2.60396e-10 1.95373e-10 1.46651e-10 1.10059e-10 8.25075e-11 6.17027e-11 4.66454e-11
2.73722e-05 8.96426e-07 4.44926e-07 2.44584e-07 1.4691e-07 9.29101e-08 6.10126e-08 4.11823e-08 2.83701e-08 1.98493e-08 1.40566e-08 1.00511e-08 7.24373e-09 5.25472e-09 3.83288e-09 2.80892e-09 2.06684e-09 1.52616e-09 1.13039e-09 8.39519e-10 6.2498e-10 4.66242e-10 3.48456e-10 2.60832e-10 1.95488e-10 1.46647e-10 1.10059e-10 8.25857e-11 6.1905e-11 4.62922e-11 3.49893e-11
2.10588e-05 6.5986e-07 3.28124e-07 1.84063e-07 1.10573e-07 6.99277e-08 4.59149e-08 3.09861e-08 2.13415e-08 1.49283e-08 1.05693e-08 7.5557e-09 5.44408e-09 3.94834e-09 2.87936e-09 2.10968e-09 1.55202e-09 1.14579e-09 8.48493e-10 6.30042e-10 4.68951e-10 3.49782e-10 2.61375e-10 1.95618e-10 1.46589e-10 1.0995e-10 8.25075e-11 6.1905e-11 4.63991e-11 3.46952e-11 2.62202e-11
1.60063e-05 4.77754e-07 2.45977e-07 1.37994e-07 8.28987e-08 5.24238e-08 3.44185e-08 2.32248e-08 1.59938e-08 1.1186e-08 7.91857e-09 5.65997e-09 4.07759e-09 2.95687e-09 2.15604e-09 1.57951e-09 1.16184e-09 8.57632e-10 6.35031e-10 4.71484e-10 3.50895e-10 2.61699e-10 1.95535e-10 1.46328e-10 1.09643e-10 8.22319e-11 6.17027e-11 4.62922e-11 3.46952e-11 2.59427e-11 1.9604e-11
1.25382e-05 3.63558e-07 1.87296e-07 1.05097e-07 6.31318e-08 3.99128e-08 2.61947e-08 1.76681e-08 1.21618e-08 8.50217e-09 6.01611e-09 4.29836e-09 3.09541e-09 2.24379e-09 1.63548e-09 1.19772e-09 8.80707e-10 6.49896e-10 4.81061e-10 3.57059e-10 2.65659e-10 1.98074e-10 1.47956e-10 1.10694e-10 8.29228e-11 6.21775e-11 4.66454e-11 3.49893e-11 2.62202e-11 1.9604e-11 1.48107e-11
