0.38197 0.0751325 0.0373462 0.0201583 0.0110047 0.00590468 0.00309248 0.00158313 0.000795089 0.000393195 0.000192062 9.28915e-05 4.45677e-05 2.12419e-05 1.00687e-05 4.75035e-06 2.23225e-06 1.04534e-06 4.88045e-07 2.27248e-07 1.05562e-07 4.89315e-08 2.26378e-08 1.0455e-08 4.82082e-09 2.21961e-09 1.0205e-09 4.68403e-10 2.14297e-10 9.69508e-11 4.43859e-11
0.0751325 0.0201468 0.00978239 0.0044922 0.00198652 0.000861518 0.000370582 0.000159079 6.8354e-05 2.94374e-05 1.27116e-05 5.50386e-06 2.38898e-06 1.03928e-06 4.5301e-07 1.97806e-07 8.6504e-08 3.78804e-08 1.66076e-08 7.28878e-09 3.20188e-09 1.40772e-09 6.19367e-10 2.72689e-10 1.20127e-10 5.29432e-11 2.33358e-11 1.0272e-11 4.48744e-12 1.89244e-12 8.36268e-13
0.0373462 0.00978239 0.0038502 0.00158223 0.000658643 0.000275837 0.00011614 4.91742e-05 2.09354e-05 8.95854e-06 3.85087e-06 1.66181e-06 7.19543e-07 3.12442e-07 1.35999e-07 5.932e-08 2.59202e-08 1.13434e-08 4.97079e-09 2.18079e-09 9.57736e-10 4.20988e-10 1.852e-10 8.15297e-11 3.59126e-11 1.58244e-11 6.96916e-12 3.05684e-12 1.31587e-12 5.76892e-13 2.54967e-13
0.0201583 0.0044922 0.00158223 0.000602822 0.00023926 9.72386e-05 4.01536e-05 1.678e-05 7.07873e-06 3.00898e-06 1.28697e-06 5.53237e-07 2.38812e-07 1.03441e-07 4.49336e-08 1.95657e-08 8.53699e-09 3.73139e-09 1.63339e-09 7.15932e-10 3.14158e-10 1.37993e-10 6.06659e-11 2.66907e-11 1.17496e-11 5.17255e-12 2.27278e-12 9.89112e-13 4.35151e-13 1.90753e-13 8.42838e-14
0.0110047 0.00198652 0.000658643 0.00023926 9.18666e-05 3.6513e-05 1.4851e-05 6.14068e-06 2.57054e-06 1.0863e-06 4.625e-07 1.98084e-07 8.52443e-08 3.68281e-08 1.59623e-08 6.93713e-09 3.0217e-09 1.31875e-09 5.7649e-10 2.52374e-10 1.10622e-10 4.85411e-11 2.13202e-11 9.37162e-12 4.12132e-12 1.81131e-12 7.92503e-13 3.48736e-13 1.53376e-13 6.72121e-14 2.9682e-14
0.00590468 0.000861518 0.000275837 9.72386e-05 3.6513e-05 1.42857e-05 5.74614e-06 2.35678e-06 9.8055e-07 4.12389e-07 1.74891e-07 7.46589e-08 3.2039e-08 1.3808e-08 5.97187e-09 2.59036e-09 1.12636e-09 4.90801e-10 2.14247e-10 9.36692e-11 4.10078e-11 1.79741e-11 7.88622e-12 3.46278e-12 1.52075e-12 6.66696e-13 2.93178e-13 1.28948e-13 5.66844e-14 2.48291e-14 1.09578e-14
0.00309248 0.000370582 0.00011614 4.01536e-05 1.4851e-05 5.74614e-06 2.29246e-06 9.34473e-07 3.86914e-07 1.62084e-07 6.85107e-08 2.91628e-08 1.24835e-08 5.36804e-09 2.31696e-09 1.00317e-09 4.35481e-10 1.89467e-10 8.25901e-11 3.60615e-11 1.57684e-11 6.90356e-12 3.02561e-12 1.32692e-12 5.81763e-13 2.5554e-13 1.12302e-13 4.93636e-14 2.16874e-14 9.49493e-15 4.18748e-15
0.00158313 0.000159079 4.91742e-05 1.678e-05 6.14068e-06 2.35678e-06 9.34473e-07 3.79082e-07 1.56342e-07 6.52775e-08 2.75132e-08 1.1682e-08 4.98933e-09 2.14109e-09 9.22425e-10 3.987e-10 1.72806e-10 7.50743e-11 3.26815e-11 1.42519e-11 6.22452e-12 2.72211e-12 1.19167e-12 5.21939e-13 2.28928e-13 1.00483e-13 4.41287e-14 1.93848e-14 8.51135e-15 3.72448e-15 1.64145e-15
0.000795089 6.8354e-05 2.09354e-05 7.07873e-06 2.57054e-06 9.8055e-07 3.86914e-07 1.56342e-07 6.42666e-08 2.6757e-08 1.12492e-08 4.76559e-09 2.0312e-09 8.70031e-10 3.74183e-10 1.61477e-10 6.98852e-11 3.03198e-11 1.31821e-11 5.74171e-12 2.50488e-12 1.09424e-12 4.78485e-13 2.09507e-13 9.1819e-14 4.02719e-14 1.76737e-14 7.75857e-15 3.40454e-15 1.48906e-15 6.55821e-16
0.000393195 2.94374e-05 8.95854e-06 3.00898e-06 1.0863e-06 4.12389e-07 1.62084e-07 6.52775e-08 2.6757e-08 1.11121e-08 4.66126e-09 1.97065e-09 8.38366e-10 3.58482e-10 1.53931e-10 6.63304e-11 2.86677e-11 1.24217e-11 5.39413e-12 2.34687e-12 1.02275e-12 4.46311e-13 1.95036e-13 8.53264e-14 3.73661e-14 1.63768e-14 7.18217e-15 3.15089e-15 1.38183e-15 6.04095e-16 2.65891e-16
0.000192062 1.27116e-05 3.85087e-06 1.28697e-06 4.625e-07 1.74891e-07 6.85107e-08 2.75132e-08 1.12492e-08 4.66126e-09 1.95129e-09 8.23408e-10 3.49696e-10 1.49291e-10 6.40106e-11 2.7545e-11 1.18896e-11 5.14561e-12 2.23199e-12 9.70063e-13 4.22316e-13 1.84145e-13 8.04023e-14 3.51471e-14 1.538e-14 6.73599e-15 2.95217e-15 1.29435e-15 5.67322e-16 2.47903e-16 1.09048e-16
9.28915e-05 5.50386e-06 1.66181e-06 5.53237e-07 1.98084e-07 7.46589e-08 2.91628e-08 1.1682e-08 4.76559e-09 1.97065e-09 8.23408e-10 3.46865e-10 1.47077e-10 6.26971e-11 2.68454e-11 1.15374e-11 4.97409e-12 2.15029e-12 9.31738e-13 4.04546e-13 1.75967e-13 7.66623e-14 3.34455e-14 1.46092e-14 6.38825e-15 2.79597e-15 1.22461e-15 5.36602e-16 2.35069e-16 1.02674e-16 4.51389e-17
4.45677e-05 2.38898e-06 7.19543e-07 2.38812e-07 8.52443e-08 3.2039e-08 1.24835e-08 4.98933e-09 2.0312e-09 8.38366e-10 3.49696e-10 1.47077e-10 6.22715e-11 2.65091e-11 1.13361e-11 4.8661e-12 2.09558e-12 9.04963e-13 3.9174e-13 1.69936e-13 7.38539e-14 3.21492e-14 1.4015e-14 6.1174e-15 2.67316e-15 1.16922e-15 5.11799e-16 2.24135e-16 9.81362e-17 4.28465e-17 1.88266e-17
2.12419e-05 1.03928e-06 3.12442e-07 1.03441e-07 3.68281e-08 1.3808e-08 5.36804e-09 2.14109e-09 8.70031e-10 3.58482e-10 1.49291e-10 6.26971e-11 2.65091e-11 1.12706e-11 4.81389e-12 2.0641e-12 8.87969e-13 3.83086e-13 1.6568e-13 7.18095e-14 3.11829e-14 1.35637e-14 5.9086e-15 2.57727e-15 1.12548e-15 4.91974e-16 2.15226e-16 9.42044e-17 4.12267e-17 1.79926e-17 7.90185e-18
1.00687e-05 4.5301e-07 1.35999e-07 4.49336e-08 1.59623e-08 5.97187e-09 2.31696e-09 9.22425e-10 3.74183e-10 1.53931e-10 6.40106e-11 2.68454e-11 1.13361e-11 4.81389e-12 2.05382e-12 8.79713e-13 3.78078e-13 1.62962e-13 7.0418e-14 3.04958e-14 1.32325e-14 5.75156e-15 2.50376e-15 1.0914e-15 4.76314e-16 2.08088e-16 9.09831e-17 3.98029e-17 1.74108e-17 7.59576e-18 3.33422e-18
4.75035e-06 1.97806e-07 5.932e-08 1.95657e-08 6.93713e-09 2.59036e-09 1.00317e-09 3.987e-10 1.61477e-10 6.63304e-11 2.7545e-11 1.15374e-11 4.8661e-12 2.0641e-12 8.79713e-13 3.76438e-13 1.61636e-13 6.96091e-14 3.00546e-14 1.30057e-14 5.63918e-15 2.44941e-15 1.06558e-15 4.64204e-16 2.02471e-16 8.84045e-17 3.86333e-17 1.68928e-17 7.38604e-18 3.22114e-18 1.41329e-18
2.23225e-06 8.6504e-08 2.59202e-08 8.53699e-09 3.0217e-09 1.12636e-09 4.35481e-10 1.72806e-10 6.98852e-11 2.86677e-11 1.18896e-11 4.97409e-12 2.09558e-12 8.87969e-13 3.78078e-13 1.61636e-13 6.93436e-14 2.98387e-14 1.28733e-14 5.56668e-15 2.41201e-15 1.04699e-15 4.55194e-16 1.98182e-16 8.63925e-17 3.77015e-17 1.64675e-17 7.19724e-18 3.1455e-18 1.37132e-18 6.01409e-19
1.04534e-06 3.78804e-08 1.13434e-08 3.73139e-09 1.31875e-09 4.90801e-10 1.89467e-10 7.50743e-11 3.03198e-11 1.24217e-11 5.14561e-12 2.15029e-12 9.04963e-13 3.83086e-13 1.62962e-13 6.96091e-14 2.98387e-14 1.28298e-14 5.53112e-15 2.39012e-15 1.03495e-15 4.48966e-16 1.95079e-16 8.48861e-17 3.69843e-17 1.61317e-17 7.04278e-18 3.07672e-18 1.34411e-18 5.8579e-19 2.56796e-19
4.88045e-07 1.66076e-08 4.97079e-09 1.63339e-09 5.7649e-10 2.14247e-10 8.25901e-11 3.26815e-11 1.31821e-11 5.39413e-12 2.23199e-12 9.31738e-13 3.9174e-13 1.6568e-13 7.0418e-14 3.00546e-14 1.28733e-14 5.53112e-15 2.38291e-15 1.02904e-15 4.45309e-16 1.93063e-16 8.38405e-17 3.64626e-17 1.58785e-17 6.9225e-18 3.02084e-18 1.31912e-18 5.76052e-19 2.50977e-19 1.09978e-19
2.27248e-07 7.28878e-09 2.18079e-09 7.15932e-10 2.52374e-10 9.36692e-11 3.60615e-11 1.42519e-11 5.74171e-12 2.34687e-12 9.70063e-13 4.04546e-13 1.69936e-13 7.18095e-14 3.04958e-14 1.30057e-14 5.56668e-15 2.39012e-15 1.02904e-15 4.44104e-16 1.9207e-16 8.32249e-17 3.61224e-17 1.57018e-17 6.8344e-18 2.97821e-18 1.29907e-18 5.67036e-19 2.47528e-19 1.07812e-19 4.72246e-20
1.05562e-07 3.20188e-09 9.57736e-10 3.14158e-10 1.10622e-10 4.10078e-11 1.57684e-11 6.22452e-12 2.50488e-12 1.02275e-12 4.22316e-13 1.75967e-13 7.38539e-14 3.11829e-14 1.32325e-14 5.63918e-15 2.41201e-15 1.03495e-15 4.45309e-16 1.9207e-16 8.30216e-17 3.59545e-17 1.55975e-17 6.7767e-18 2.94828e-18 1.2842e-18 5.59921e-19 2.44307e-19 1.06609e-19 4.64205e-20 2.03259e-20
4.89315e-08 1.40772e-09 4.20988e-10 1.37993e-10 4.85411e-11 1.79741e-11 6.90356e-12 2.72211e-12 1.09424e-12 4.46311e-13 1.84145e-13 7.66623e-14 3.21492e-14 1.35637e-14 5.75156e-15 2.44941e-15 1.04699e-15 4.48966e-16 1.93063e-16 8.32249e-17 3.59545e-17 1.5563e-17 6.74817e-18 2.93054e-18 1.2744e-18 5.54863e-19 2.41829e-19 1.05476e-19 4.60107e-20 2.00289e-20 8.76683e-21
2.26378e-08 6.19367e-10 1.852e-10 6.06659e-11 2.13202e-11 7.88622e-12 3.02561e-12 1.19167e-12 4.78485e-13 1.95036e-13 8.04023e-14 3.34455e-14 1.4015e-14 5.9086e-15 2.50376e-15 1.06558e-15 4.55194e-16 1.95079e-16 8.38405e-17 3.61224e-17 1.55975e-17 6.74817e-18 2.92466e-18 1.26954e-18 5.51848e-19 2.40173e-19 1.04636e-19 4.56213e-20 1.98944e-20 8.6579e-21 3.78835e-21
1.0455e-08 2.72689e-10 8.15297e-11 2.66907e-11 9.37162e-12 3.46278e-12 1.32692e-12 5.21939e-13 2.09507e-13 8.53264e-14 3.51471e-14 1.46092e-14 6.1174e-15 2.57727e-15 1.0914e-15 4.64204e-16 1.98182e-16 8.48861e-17 3.64626e-17 1.57018e-17 6.7767e-18 2.93054e-18 1.26954e-18 5.50847e-19 2.39348e-19 1.04128e-19 4.53484e-20 1.97651e-20 8.61634e-21 3.74882e-21 1.63979e-21
4.82082e-09 1.20127e-10 3.59126e-11 1.17496e-11 4.12132e-12 1.52075e-12 5.81763e-13 2.28928e-13 9.1819e-14 3.73661e-14 1.538e-14 6.38825e-15 2.67316e-15 1.12548e-15 4.76314e-16 2.02471e-16 8.63925e-17 3.69843e-17 1.58785e-17 6.8344e-18 2.94828e-18 1.2744e-18 5.51848e-19 2.39348e-19 1.03958e-19 4.52101e-20 1.96824e-20 8.57572e-21 3.73733e-21 1.62565e-21 7.10858e-22
2.21961e-09 5.29432e-11 1.58244e-11 5.17255e-12 1.81131e-12 6.66696e-13 2.5554e-13 1.00483e-13 4.02719e-14 1.63768e-14 6.73599e-15 2.79597e-15 1.16922e-15 4.91974e-16 2.08088e-16 8.84045e-17 3.77015e-17 1.61317e-17 6.9225e-18 2.97821e-18 1.2842e-18 5.54863e-19 2.40173e-19 1.04128e-19 4.52101e-20 1.96544e-20 8.5537e-21 3.7257e-21 1.6232e-21 7.05886e-22 3.08574e-22
1.0205e-09 2.33358e-11 6.96916e-12 2.27278e-12 7.92503e-13 2.93178e-13 1.12302e-13 4.41287e-14 1.76737e-14 7.18217e-15 2.95217e-15 1.22461e-15 5.11799e-16 2.15226e-16 9.09831e-17 3.86333e-17 1.64675e-17 7.04278e-18 3.02084e-18 1.29907e-18 5.59921e-19 2.41829e-19 1.04636e-19 4.53484e-20 1.96824e-20 8.5537e-21 3.72143e-21 1.62043e-21 7.05785e-22 3.06858e-22 1.34103e-22
4.68403e-10 1.0272e-11 3.05684e-12 9.89112e-13 3.48736e-13 1.28948e-13 4.93636e-14 1.93848e-14 7.75857e-15 3.15089e-15 1.29435e-15 5.36602e-16 2.24135e-16 9.42044e-17 3.98029e-17 1.68928e-17 7.19724e-18 3.07672e-18 1.31912e-18 5.67036e-19 2.44307e-19 1.05476e-19 4.56213e-20 1.97651e-20 8.57572e-21 3.7257e-21 1.62043e-21 7.05386e-22 3.07152e-22 1.33514e-22 5.83318e-23
2.14297e-10 4.48744e-12 1.31587e-12 4.35151e-13 1.53376e-13 5.66844e-14 2.16874e-14 8.51135e-15 3.40454e-15 1.38183e-15 5.67322e-16 2.35069e-16 9.81362e-17 4.12267e-17 1.74108e-17 7.38604e-18 3.1455e-18 1.34411e-18 5.76052e-19 2.47528e-19 1.06609e-19 4.60107e-20 1.98944e-20 8.61634e-21 3.73733e-21 1.6232e-21 7.05785e-22 3.07152e-22 1.33713e-22 5.81113e-23 2.53822e-23
9.69508e-11 1.89244e-12 5.76892e-13 1.90753e-13 6.72121e-14 2.48291e-14 9.49493e-15 3.72448e-15 1.48906e-15 6.04095e-16 2.47903e-16 1.02674e-16 4.28465e-17 1.79926e-17 7.59576e-18 3.22114e-18 1.37132e-18 5.8579e-19 2.50977e-19 1.07812e-19 4.64205e-20 2.00289e-20 8.6579e-21 3.74882e-21 1.62565e-21 7.05886e-22 3.06858e-22 1.33514e-22 5.81113e-23 2.52511e-23 1.10271e-23
4.43859e-11 8.36268e-13 2.54967e-13 8.42838e-14 2.9682e-14 1.09578e-14 4.18748e-15 1.64145e-15 6.55821e-16 2.65891e-16 1.09048e-16 4.51389e-17 1.88266e-17 7.90185e-18 3.33422e-18 1.41329e-18 6.01409e-19 2.56796e-19 1.09978e-19 4.72246e-20 2.03259e-20 8.76683e-21 3.78835e-21 1.63979e-21 7.10858e-22 3.08574e-22 1.34103e-22 5.83318e-23 2.53822e-23 1.10271e-23 4.81425e-24
