0.216331 0.102043 0.0481335 0.0227045 0.0107097 0.00505173 0.00238289 0.001124 0.000530191 0.00025009 0.000117967 5.56448e-05 2.62476e-05 1.23809e-05 5.84006e-06 2.75474e-06 1.29941e-06 6.12928e-07 2.89117e-07 1.36376e-07 6.43283e-08 3.03435e-08 1.4313e-08 6.75141e-09 3.18463e-09 1.50218e-09 7.08577e-10 3.34234e-10 1.57658e-10 7.43668e-11 3.50787e-11 1.65466e-11 7.80498e-12 3.68159e-12 1.7366e-12 8.19151e-13 3.86392e-13 1.8226e-13 8.59719e-14 4.05528e-14 1.91287e-14 9.02296e-15 4.25611e-15 2.0076e-15 9.46981e-16 4.46689e-16 2.10702e-16 9.9388e-17 4.68811e-17 2.21137e-17 1.0431e-17 4.92029e-18 2.32089e-18 1.09476e-18 5.16396e-19 2.43583e-19 1.14898e-19 5.4197e-20 2.55646e-20 1.20588e-20 5.6881e-21 2.68307e-21 1.2656e-21 5.9698e-22 2.81594e-22 1.32828e-22 6.26545e-23 2.9554e-23 1.39406e-23 6.57574e-24 3.10177e-24 1.4631e-24 6.9014e-25 3.25538e-25 1.53556e-25 7.24319e-26 3.4166e-26 1.6116e-26 7.6019e-27 3.5858e-27 1.69142e-27 7.97838e-28 3.76338e-28 1.77518e-28 8.3735e-29 3.94976e-29 1.8631e-29 8.78819e-30 4.14537e-30 1.95536e-30 9.22341e-31 4.35067e-31 2.0522e-31 9.6802e-32 4.56613e-32 2.15384e-32 1.01596e-32 4.79226e-33 2.2605e-33 1.06627e-33 5.0296e-34
0.102043 0.061713 0.0355153 0.0197739 0.0107525 0.00574421 0.00302664 0.00157724 0.000814535 0.000417496 0.00021263 0.000107702 5.42959e-05 2.72589e-05 1.36351e-05 6.79826e-06 3.37965e-06 1.67574e-06 8.28917e-07 4.09147e-07 2.01554e-07 9.91108e-08 4.86551e-08 2.3849e-08 1.16733e-08 5.70618e-09 2.78589e-09 1.35858e-09 6.61819e-10 3.22075e-10 1.5659e-10 7.60653e-11 3.69185e-11 1.79043e-11 8.67654e-12 4.20172e-12 2.03336e-12 9.83387e-13 4.75303e-13 2.29596e-13 1.10846e-13 5.34864e-14 2.57958e-14 1.2435e-14 5.99159e-15 2.88566e-15 1.3892e-15 6.6851e-16 3.21574e-16 1.54628e-16 7.43261e-17 3.57142e-17 1.71552e-17 8.23776e-18 3.95445e-18 1.89772e-18 9.10443e-19 4.36666e-19 2.09377e-19 1.00367e-19 4.81e-20 2.30458e-20 1.10391e-20 5.28655e-21 2.53113e-21 1.2116e-21 5.79849e-22 2.77447e-22 1.32726e-22 6.34818e-23 3.0357e-23 1.4514e-23 6.93809e-24 3.31601e-24 1.58459e-24 7.57086e-25 3.61663e-25 1.7274e-25 8.24929e-26 3.93889e-26 1.88048e-26 8.97635e-27 4.28421e-27 2.04448e-27 9.75519e-28 4.65406e-28 2.22011e-28 1.05892e-28 5.05005e-29 2.40812e-29 1.14818e-29 5.47384e-30 2.60931e-30 1.24369e-30 5.92722e-31 2.82452e-31 1.34584e-31 6.41208e-32 3.05465e-32 1.45506e-32 6.93043e-33
0.0481335 0.0355153 0.0236477 0.0148091 0.00889895 0.00518968 0.00295811 0.00165588 0.000913362 0.000497659 0.000268357 0.000143423 7.60608e-05 4.00632e-05 2.09754e-05 1.09229e-05 5.6606e-06 2.92072e-06 1.50103e-06 7.68628e-07 3.92281e-07 1.99595e-07 1.01268e-07 5.1246e-08 2.58696e-08 1.30297e-08 6.54875e-09 3.28489e-09 1.64465e-09 8.2199e-10 4.1015e-10 2.04335e-10 1.01649e-10 5.04963e-11 2.50519e-11 1.2413e-11 6.14319e-12 3.03681e-12 1.49958e-12 7.39731e-13 3.64543e-13 1.79478e-13 8.82843e-14 4.33888e-14 2.13064e-14 1.04543e-14 5.12565e-15 2.5112e-15 1.22944e-15 6.01496e-16 2.94086e-16 1.43694e-16 7.01678e-17 3.42436e-17 1.67021e-17 8.14189e-18 3.96685e-18 1.93171e-18 9.40198e-19 4.57389e-19 2.22407e-19 1.08097e-19 5.25151e-20 2.55017e-20 1.23786e-20 6.00619e-21 2.9131e-21 1.41235e-21 6.84496e-22 3.3162e-22 1.60604e-22 7.7754e-23 3.76308e-23 1.82063e-23 8.80568e-24 4.25764e-24 2.05799e-24 9.94462e-25 4.80406e-25 2.3201e-25 1.12017e-25 5.40689e-26 2.60913e-26 1.25873e-26 6.07099e-27 2.92739e-27 1.41123e-27 6.80161e-28 3.27738e-28 1.57886e-28 7.6044e-29 3.66179e-29 1.76291e-29 8.48546e-30 4.08351e-30 1.96474e-30 9.45133e-31 4.54566e-31 2.18585e-31 1.0509e-31 5.05159e-32
0.0227045 0.0197739 0.0148091 0.0101937 0.00664054 0.00415888 0.00252814 0.0015011 0.000874409 0.000501313 0.000283562 0.000158544 8.77541e-05 4.81422e-05 2.62034e-05 1.41621e-05 7.60563e-06 4.0611e-06 2.15713e-06 1.14032e-06 6.00154e-07 3.14582e-07 1.64275e-07 8.54855e-08 4.43406e-08 2.29294e-08 1.18236e-08 6.08062e-09 3.11931e-09 1.59641e-09 8.15195e-10 4.15398e-10 2.11252e-10 1.0723e-10 5.43316e-11 2.74818e-11 1.38781e-11 6.99752e-12 3.523e-12 1.7712e-12 8.8927e-13 4.45899e-13 2.23306e-13 1.11698e-13 5.58075e-14 2.78524e-14 1.38858e-14 6.91574e-15 3.44096e-15 1.71044e-15 8.49457e-16 4.21494e-16 2.08964e-16 1.03513e-16 5.12355e-17 2.53404e-17 1.25237e-17 6.18497e-18 3.05238e-18 1.50538e-18 7.41935e-19 3.65434e-19 1.7988e-19 8.84899e-20 4.35062e-20 2.13777e-20 1.04986e-20 5.15306e-21 2.52797e-21 1.23953e-21 6.07472e-22 2.97567e-22 1.45693e-22 7.13002e-23 3.48777e-23 1.70536e-23 8.33483e-24 4.07189e-24 1.98847e-24 9.70661e-25 4.73639e-25 2.31026e-25 1.12646e-25 5.49047e-26 2.67516e-26 1.30298e-26 6.34422e-27 3.08798e-27 1.50255e-27 7.30874e-28 3.55403e-28 1.72769e-28 8.39616e-29 4.07912e-29 1.9812e-29 9.61979e-30 4.66963e-30 2.26611e-30 1.09942e-30 5.33251e-31 2.58576e-31
0.0107097 0.0107525 0.00889895 0.00664054 0.00463645 0.00308806 0.00198487 0.00124051 0.000757836 0.000454271 0.000267961 0.000155889 8.96022e-05 5.0957e-05 2.87068e-05 1.60358e-05 8.88953e-06 4.89396e-06 2.67732e-06 1.45622e-06 7.87847e-07 4.24152e-07 2.27313e-07 1.21307e-07 6.44813e-08 3.4149e-08 1.80227e-08 9.48096e-09 4.97228e-09 2.6002e-09 1.35604e-09 7.05377e-10 3.66022e-10 1.89489e-10 9.78823e-11 5.04557e-11 2.59566e-11 1.33277e-11 6.83073e-12 3.49479e-12 1.78505e-12 9.10292e-13 4.63493e-13 2.35649e-13 1.19638e-13 6.0657e-14 3.07129e-14 1.55314e-14 7.8446e-15 3.95748e-15 1.99422e-15 1.00381e-15 5.04737e-16 2.53533e-16 1.27225e-16 6.3781e-17 3.19452e-17 1.59856e-17 7.99226e-18 3.99247e-18 1.99276e-18 9.93847e-19 4.95275e-19 2.46629e-19 1.22722e-19 6.10224e-20 3.03217e-20 1.50565e-20 7.47146e-21 3.70517e-21 1.83628e-21 9.09501e-22 4.50203e-22 2.22721e-22 1.1012e-22 5.44167e-23 2.68759e-23 1.32667e-23 6.54544e-24 3.22772e-24 1.59088e-24 7.83738e-25 3.85921e-25 1.89944e-25 9.34451e-26 4.59511e-26 2.25864e-26 1.10972e-26 5.45004e-27 2.67553e-27 1.31294e-27 6.4404e-28 3.15801e-28 1.54793e-28 7.58453e-29 3.71492e-29 1.81893e-29 8.90292e-30 4.35613e-30 2.1307e-30 1.04184e-30
0.00505173 0.00574421 0.00518968 0.00415888 0.00308806 0.0021727 0.00146787 0.000960499 0.000612392 0.000382096 0.000234071 0.000141143 8.39422e-05 4.93197e-05 2.86657e-05 1.65003e-05 9.41501e-06 5.32961e-06 2.99515e-06 1.67206e-06 9.27736e-07 5.11843e-07 2.80909e-07 1.53417e-07 8.3406e-08 4.51511e-08 2.43444e-08 1.30766e-08 6.99927e-09 3.73384e-09 1.98557e-09 1.05272e-09 5.56548e-10 2.93441e-10 1.5432e-10 8.09577e-11 4.23721e-11 2.21275e-11 1.15307e-11 5.99646e-12 3.11231e-12 1.61233e-12 8.33764e-13 4.30407e-13 2.21816e-13 1.14132e-13 5.86347e-14 3.00783e-14 1.54074e-14 7.88137e-15 4.02618e-15 2.0541e-15 1.04666e-15 5.3268e-16 2.7078e-16 1.3749e-16 6.97349e-17 3.53316e-17 1.78825e-17 9.04178e-18 4.56726e-18 2.30487e-18 1.16208e-18 5.85375e-19 2.94615e-19 1.48151e-19 7.44384e-20 3.73714e-20 1.87473e-20 9.39741e-21 4.70709e-21 2.35603e-21 1.17842e-21 5.89008e-22 2.94203e-22 1.46854e-22 7.32561e-23 3.65198e-23 1.81948e-23 9.05945e-24 4.50819e-24 2.24208e-24 1.11444e-24 5.53634e-25 2.74887e-25 1.36413e-25 6.76599e-26 3.35419e-26 1.66199e-26 8.2311e-27 4.07455e-27 2.01604e-27 9.97053e-28 4.92882e-28 2.43543e-28 1.20287e-28 5.93854e-29 2.93061e-29 1.44564e-29 7.1283e-30 3.51351e-30
0.00238289 0.00302664 0.00295811 0.00252814 0.00198487 0.00146787 0.00103774 0.000708107 0.000469459 0.000303861 0.00019271 0.00012009 7.36973e-05 4.46191e-05 2.66906e-05 1.57944e-05 9.25566e-06 5.37601e-06 3.09738e-06 1.77133e-06 1.00607e-06 5.67811e-07 3.18584e-07 1.77773e-07 9.86928e-08 5.45287e-08 2.99924e-08 1.64271e-08 8.96149e-09 4.87039e-09 2.63754e-09 1.42354e-09 7.65856e-10 4.10772e-10 2.19682e-10 1.17162e-10 6.23208e-11 3.30661e-11 1.75019e-11 9.24235e-12 4.86987e-12 2.56052e-12 1.34354e-12 7.03595e-13 3.67767e-13 1.91881e-13 9.99376e-14 5.19627e-14 2.6974e-14 1.39802e-14 7.23472e-15 3.73843e-15 1.92902e-15 9.93999e-16 5.1151e-16 2.62881e-16 1.34933e-16 6.91752e-17 3.54215e-17 1.81169e-17 9.25586e-18 4.72366e-18 2.40814e-18 1.22642e-18 6.23969e-19 3.17149e-19 1.61047e-19 8.17039e-20 4.14134e-20 2.09729e-20 1.06122e-20 5.36523e-21 2.71031e-21 1.36805e-21 6.90002e-22 3.47751e-22 1.75132e-22 8.81347e-23 4.43222e-23 2.22738e-23 1.1186e-23 5.61391e-24 2.81563e-24 1.41127e-24 7.06925e-25 3.53894e-25 1.77057e-25 8.85321e-26 4.42424e-26 2.2097e-26 1.10303e-26 5.50314e-27 2.74411e-27 1.36763e-27 6.81259e-28 3.39187e-28 1.68793e-28 8.39574e-29 4.17406e-29 2.07423e-29 1.03028e-29
0.001124 0.00157724 0.00165588 0.0015011 0.00124051 0.000960499 0.000708107 0.00050227 0.000345259 0.000231203 0.000151424 9.72917e-05 6.14735e-05 3.82722e-05 2.35159e-05 1.42794e-05 8.57863e-06 5.104e-06 3.00988e-06 1.76055e-06 1.02208e-06 5.89251e-07 3.37529e-07 1.9218e-07 1.08809e-07 6.12822e-08 3.43443e-08 1.91582e-08 1.06401e-08 5.88489e-09 3.24208e-09 1.77948e-09 9.7325e-10 5.30512e-10 2.88254e-10 1.56145e-10 8.43357e-11 4.54239e-11 2.44004e-11 1.30737e-11 6.98769e-12 3.72602e-12 1.98232e-12 1.05234e-12 5.57478e-13 2.94729e-13 1.55515e-13 8.19039e-14 4.30576e-14 2.25962e-14 1.18381e-14 6.19186e-15 3.23347e-15 1.68597e-15 8.7778e-16 4.56345e-16 2.36916e-16 1.2283e-16 6.35977e-17 3.28869e-17 1.69849e-17 8.76146e-18 4.51418e-18 2.32318e-18 1.19427e-18 6.1327e-19 3.14587e-19 1.61206e-19 8.25248e-20 4.22048e-20 2.15637e-20 1.10073e-20 5.61358e-21 2.86032e-21 1.45616e-21 7.4069e-22 3.76446e-22 1.91169e-22 9.7003e-23 4.91832e-23 2.49183e-23 1.26153e-23 6.38203e-24 3.22635e-24 1.6299e-24 8.22837e-25 4.15121e-25 2.09292e-25 1.0545e-25 5.30972e-26 2.67193e-26 1.34374e-26 6.7538e-27 3.39255e-27 1.70316e-27 8.54556e-28 4.28534e-28 2.14781e-28 1.0759e-28 5.38671e-29 2.69557e-29
0.000530191 0.000814535 0.000913362 0.000874409 0.000757836 0.000612392 0.000469459 0.000345259 0.000245489 0.000169708 0.000114548 7.57377e-05 4.91821e-05 3.1433e-05 1.98062e-05 1.2322e-05 7.57796e-06 4.61181e-06 2.77989e-06 1.66096e-06 9.84374e-07 5.79022e-07 3.38216e-07 1.96274e-07 1.13211e-07 6.49282e-08 3.70382e-08 2.1022e-08 1.18749e-08 6.67773e-09 3.73918e-09 2.08529e-09 1.15848e-09 6.41238e-10 3.53702e-10 1.94452e-10 1.06563e-10 5.82211e-11 3.1717e-11 1.72303e-11 9.33533e-12 5.04489e-12 2.71957e-12 1.46257e-12 7.84767e-13 4.20151e-13 2.24464e-13 1.19673e-13 6.36776e-14 3.38177e-14 1.79265e-14 9.48573e-15 5.01061e-15 2.64229e-15 1.39112e-15 7.31238e-16 3.83785e-16 2.01128e-16 1.05251e-16 5.50011e-17 2.87027e-17 1.49588e-17 7.78594e-18 4.04741e-18 2.10142e-18 1.08976e-18 5.64469e-19 2.92051e-19 1.50938e-19 7.79236e-20 4.01867e-20 2.07038e-20 1.06557e-20 5.47883e-21 2.81435e-21 1.44432e-21 7.40542e-22 3.79357e-22 1.94163e-22 9.92921e-23 5.07339e-23 2.59015e-23 1.32131e-23 6.73507e-24 3.4304e-24 1.74591e-24 8.87923e-25 4.51248e-25 2.29164e-25 1.16299e-25 5.89802e-26 2.98915e-26 1.51392e-26 7.66261e-27 3.87594e-27 1.95932e-27 9.89851e-28 4.99774e-28 2.52186e-28 1.2718e-28 6.41013e-29
0.00025009 0.000417496 0.000497659 0.000501313 0.000454271 0.000382096 0.000303861 0.000231203 0.000169708 0.00012089 8.39486e-05 5.70273e-05 3.80014e-05 2.48963e-05 1.60654e-05 1.02267e-05 6.43025e-06 3.99811e-06 2.46054e-06 1.50008e-06 9.0661e-07 5.43538e-07 3.23436e-07 1.91124e-07 1.12204e-07 6.54699e-08 3.79821e-08 2.19161e-08 1.25813e-08 7.18773e-09 4.08758e-09 2.31448e-09 1.30511e-09 7.33048e-10 4.10195e-10 2.28715e-10 1.27091e-10 7.03901e-11 3.88642e-11 2.13936e-11 1.17426e-11 6.42753e-12 3.50886e-12 1.91063e-12 1.0378e-12 5.62364e-13 3.04036e-13 1.6401e-13 8.82845e-14 4.74243e-14 2.54243e-14 1.36036e-14 7.26516e-15 3.873e-15 2.06102e-15 1.09491e-15 5.80697e-16 3.07484e-16 1.62561e-16 8.58121e-17 4.52312e-17 2.38069e-17 1.2513e-17 6.56787e-18 3.4428e-18 1.80234e-18 9.42358e-19 4.92107e-19 2.56675e-19 1.3372e-19 6.95851e-20 3.61702e-20 1.87807e-20 9.74117e-21 5.0473e-21 2.61255e-21 1.35095e-21 6.97899e-22 3.6019e-22 1.85724e-22 9.56769e-23 4.92447e-23 2.53241e-23 1.30117e-23 6.67995e-24 3.42653e-24 1.75625e-24 8.99447e-25 4.60287e-25 2.35371e-25 1.20269e-25 6.14095e-26 3.13334e-26 1.59762e-26 8.14028e-27 4.14487e-27 2.10908e-27 1.07249e-27 5.45017e-28 2.76793e-28 1.40485e-28
0.000117967 0.00021263 0.000268357 0.000283562 0.000267961 0.000234071 0.00019271 0.000151424 0.000114548 8.39486e-05 5.98873e-05 4.17395e-05 2.85048e-05 1.91194e-05 1.26199e-05 8.21062e-06 5.27259e-06 3.34589e-06 2.10027e-06 1.30526e-06 8.03732e-07 4.90694e-07 2.97206e-07 1.78683e-07 1.06683e-07 6.32821e-08 3.73088e-08 2.18695e-08 1.27498e-08 7.3949e-09 4.26819e-09 2.45213e-09 1.4026e-09 7.98919e-10 4.53249e-10 2.56161e-10 1.44247e-10 8.09442e-11 4.52702e-11 2.52375e-11 1.40263e-11 7.77242e-12 4.29471e-12 2.36658e-12 1.30066e-12 7.1302e-13 3.89918e-13 2.12724e-13 1.15788e-13 6.28856e-14 3.40806e-14 1.84316e-14 9.94825e-15 5.35901e-15 2.88139e-15 1.54641e-15 8.28466e-16 4.43072e-16 2.36562e-16 1.26098e-16 6.71091e-17 3.56603e-17 1.89206e-17 1.00242e-17 5.30329e-18 2.8018e-18 1.47823e-18 7.78884e-19 4.09868e-19 2.15412e-19 1.13074e-19 5.92834e-20 3.10453e-20 1.62391e-20 8.48483e-21 4.42842e-21 2.30882e-21 1.20248e-21 6.25635e-22 3.25184e-22 1.68854e-22 8.75947e-23 4.53978e-23 2.35067e-23 1.21607e-23 6.28548e-24 3.24596e-24 1.67486e-24 8.63478e-25 4.44804e-25 2.28949e-25 1.17751e-25 6.05141e-26 3.10755e-26 1.59462e-26 8.17669e-27 4.18973e-27 2.1453e-27 1.09771e-27 5.61297e-28 2.86818e-28
5.56448e-05 0.000107702 0.000143423 0.000158544 0.000155889 0.000141143 0.00012009 9.72917e-05 7.57377e-05 5.70273e-05 4.17395e-05 2.98113e-05 2.08406e-05 1.4296e-05 9.64234e-06 6.40545e-06 4.19705e-06 2.71581e-06 1.73731e-06 1.0997e-06 6.89361e-07 4.28252e-07 2.6382e-07 1.61256e-07 9.78455e-08 5.89634e-08 3.53035e-08 2.10092e-08 1.24309e-08 7.31529e-09 4.28274e-09 2.49508e-09 1.44685e-09 8.35293e-10 4.80193e-10 2.74941e-10 1.56814e-10 8.911e-11 5.04578e-11 2.84745e-11 1.60164e-11 8.98076e-12 5.02054e-12 2.79851e-12 1.55556e-12 8.62335e-13 4.76797e-13 2.62965e-13 1.44679e-13 7.94134e-14 4.34904e-14 2.37649e-14 1.29584e-14 7.05127e-15 3.82924e-15 2.07545e-15 1.12277e-15 6.06274e-16 3.26793e-16 1.75843e-16 9.44585e-17 5.06576e-17 2.7124e-17 1.45006e-17 7.74031e-18 4.12562e-18 2.1958e-18 1.16704e-18 6.19414e-19 3.28319e-19 1.73797e-19 9.18825e-20 4.85156e-20 2.55859e-20 1.34773e-20 7.09082e-21 3.72645e-21 1.95619e-21 1.02577e-21 5.37312e-22 2.81156e-22 1.46969e-22 7.67476e-23 4.00385e-23 2.08676e-23 1.08656e-23 5.65246e-24 2.93781e-24 1.52554e-24 7.91486e-25 4.1029e-25 2.12507e-25 1.09975e-25 5.68676e-26 2.93825e-26 1.51696e-26 7.8257e-27 4.03409e-27 2.078e-27 1.06961e-27 5.50172e-28
2.62476e-05 5.42959e-05 7.60608e-05 8.77541e-05 8.96022e-05 8.39422e-05 7.36973e-05 6.14735e-05 4.91821e-05 3.80014e-05 2.85048e-05 2.08406e-05 1.48993e-05 1.04426e-05 7.19054e-06 4.87306e-06 3.25523e-06 2.14614e-06 1.39803e-06 9.00678e-07 5.74366e-07 3.62823e-07 2.27182e-07 1.41086e-07 8.69467e-08 5.31969e-08 3.23274e-08 1.95198e-08 1.17153e-08 6.99116e-09 4.14942e-09 2.45013e-09 1.43967e-09 8.41992e-10 4.90253e-10 2.84241e-10 1.64129e-10 9.44048e-11 5.40981e-11 3.08898e-11 1.75774e-11 9.96919e-12 5.63615e-12 3.1767e-12 1.7852e-12 1.00037e-12 5.59038e-13 3.1158e-13 1.73214e-13 9.60546e-14 5.31386e-14 2.93286e-14 1.61508e-14 8.87456e-15 4.86607e-15 2.66267e-15 1.45408e-15 7.92527e-16 4.31143e-16 2.34116e-16 1.26901e-16 6.86665e-17 3.70928e-17 2.0004e-17 1.07708e-17 5.79028e-18 3.10804e-18 1.66582e-18 8.91532e-19 4.76464e-19 2.54285e-19 1.35527e-19 7.21362e-20 3.8346e-20 2.03582e-20 1.0795e-20 5.71712e-21 3.02427e-21 1.59794e-21 8.4335e-22 4.44604e-22 2.34135e-22 1.23168e-22 6.47255e-23 3.39788e-23 1.78199e-23 9.33634e-24 4.88684e-24 2.55546e-24 1.33508e-24 6.96864e-25 3.63414e-25 1.89354e-25 9.8576e-26 5.12745e-26 2.66483e-26 1.38383e-26 7.18041e-27 3.72282e-27 1.92867e-27 9.98418e-28
1.23809e-05 2.72589e-05 4.00632e-05 4.81422e-05 5.0957e-05 4.93197e-05 4.46191e-05 3.82722e-05 3.1433e-05 2.48963e-05 1.91194e-05 1.4296e-05 1.04426e-05 7.47165e-06 5.24816e-06 3.62563e-06 2.46733e-06 1.65622e-06 1.09788e-06 7.19414e-07 4.6641e-07 2.99406e-07 1.90438e-07 1.20092e-07 7.51244e-08 4.66412e-08 2.87523e-08 1.76063e-08 1.07131e-08 6.47981e-09 3.89711e-09 2.3312e-09 1.38736e-09 8.21627e-10 4.84322e-10 2.84223e-10 1.66086e-10 9.66569e-11 5.60318e-11 3.23598e-11 1.86214e-11 1.06785e-11 6.10324e-12 3.47708e-12 1.9748e-12 1.11824e-12 6.31381e-13 3.55499e-13 1.99625e-13 1.11805e-13 6.24608e-14 3.48092e-14 1.93531e-14 1.07352e-14 5.9416e-15 3.28137e-15 1.8084e-15 9.94596e-16 5.4593e-16 2.99081e-16 1.6354e-16 8.92618e-17 4.86333e-17 2.64514e-17 1.43624e-17 7.7856e-18 4.21365e-18 2.27689e-18 1.22846e-18 6.61809e-19 3.56015e-19 1.91243e-19 1.02588e-19 5.49563e-20 2.94008e-20 1.57085e-20 8.38217e-21 4.46721e-21 2.37786e-21 1.26421e-21 6.71336e-22 3.56094e-22 1.88669e-22 9.98523e-23 5.27895e-23 2.7879e-23 1.47081e-23 7.75161e-24 4.08126e-24 2.1467e-24 1.12806e-24 5.92215e-25 3.10617e-25 1.62771e-25 8.52194e-26 4.45779e-26 2.32983e-26 1.21664e-26 6.34801e-27 3.30946e-27 1.72396e-27
5.84006e-06 1.36351e-05 2.09754e-05 2.62034e-05 2.87068e-05 2.86657e-05 2.66906e-05 2.35159e-05 1.98062e-05 1.60654e-05 1.26199e-05 9.64234e-06 7.19054e-06 5.24816e-06 3.75767e-06 2.64441e-06 1.83209e-06 1.25133e-06 8.43574e-07 5.61897e-07 3.7014e-07 2.41325e-07 1.55838e-07 9.97377e-08 6.33002e-08 3.98597e-08 2.49143e-08 1.54643e-08 9.53565e-09 5.84328e-09 3.55952e-09 2.15617e-09 1.29912e-09 7.78752e-10 4.64553e-10 2.75837e-10 1.63056e-10 9.59775e-11 5.62638e-11 3.28538e-11 1.9112e-11 1.10778e-11 6.3986e-12 3.68348e-12 2.11362e-12 1.20903e-12 6.89505e-13 3.92078e-13 2.22322e-13 1.25721e-13 7.09069e-14 3.98894e-14 2.23846e-14 1.25313e-14 6.99893e-15 3.90016e-15 2.16859e-15 1.20322e-15 6.66206e-16 3.68124e-16 2.03014e-16 1.11744e-16 6.13921e-17 3.36675e-17 1.84306e-17 1.00721e-17 5.49497e-18 2.99294e-18 1.62754e-18 8.83664e-19 4.79046e-19 2.59308e-19 1.40159e-19 7.56494e-20 4.0774e-20 2.19466e-20 1.17969e-20 6.3329e-21 3.39531e-21 1.81808e-21 9.72323e-22 5.19381e-22 2.77108e-22 1.47676e-22 7.86099e-23 4.17987e-23 2.22011e-23 1.17793e-23 6.24327e-24 3.30565e-24 1.74848e-24 9.23921e-25 4.87736e-25 2.57229e-25 1.35533e-25 7.13462e-26 3.75233e-26 1.97172e-26 1.03516e-26 5.42994e-27 2.84587e-27
2.75474e-06 6.79826e-06 1.09229e-05 1.41621e-05 1.60358e-05 1.65003e-05 1.57944e-05 1.42794e-05 1.2322e-05 1.02267e-05 8.21062e-06 6.40545e-06 4.87306e-06 3.62563e-06 2.64441e-06 1.89453e-06 1.33545e-06 9.27543e-07 6.35562e-07 4.30097e-07 2.8772e-07 1.90428e-07 1.24787e-07 8.10162e-08 5.21429e-08 3.32867e-08 2.10866e-08 1.32615e-08 8.2833e-09 5.14038e-09 3.17039e-09 1.94398e-09 1.18536e-09 7.18964e-10 4.33875e-10 2.60568e-10 1.55764e-10 9.27014e-11 5.49363e-11 3.24235e-11 1.90616e-11 1.1164e-11 6.5148e-12 3.78848e-12 2.19565e-12 1.26838e-12 7.30416e-13 4.19345e-13 2.40048e-13 1.37022e-13 7.79983e-14 4.42816e-14 2.50749e-14 1.41634e-14 7.98061e-15 4.48622e-15 2.5161e-15 1.40801e-15 7.86217e-16 4.38089e-16 2.43607e-16 1.35192e-16 7.48796e-17 4.13955e-17 2.28422e-17 1.25817e-17 6.91796e-18 3.79726e-18 2.08081e-18 1.13838e-18 6.21789e-19 3.39095e-19 1.84645e-19 1.00393e-19 5.45049e-20 2.95493e-20 1.59975e-20 8.6489e-21 4.66969e-21 2.51794e-21 1.35596e-21 7.29286e-22 3.91755e-22 2.10187e-22 1.12637e-22 6.02908e-23 3.22349e-23 1.72153e-23 9.18388e-24 4.89406e-24 2.60527e-24 1.38543e-24 7.35995e-25 3.90597e-25 2.07088e-25 1.09689e-25 5.80436e-26 3.06861e-26 1.6208e-26 8.55316e-27 4.50959e-27
1.29941e-06 3.37965e-06 5.6606e-06 7.60563e-06 8.88953e-06 9.41501e-06 9.25566e-06 8.57863e-06 7.57796e-06 6.43025e-06 5.27259e-06 4.19705e-06 3.25523e-06 2.46733e-06 1.83209e-06 1.33545e-06 9.57251e-07 6.75746e-07 4.70387e-07 3.2324e-07 2.1949e-07 1.47401e-07 9.7974e-08 6.44974e-08 4.20785e-08 2.7221e-08 1.74698e-08 1.11278e-08 7.03794e-09 4.42142e-09 2.75998e-09 1.71245e-09 1.05639e-09 6.48094e-10 3.95525e-10 2.40176e-10 1.45144e-10 8.73115e-11 5.22911e-11 3.11849e-11 1.85222e-11 1.09583e-11 6.45882e-12 3.79304e-12 2.21973e-12 1.29463e-12 7.52615e-13 4.36144e-13 2.51977e-13 1.45148e-13 8.33715e-14 4.77553e-14 2.72809e-14 1.5544e-14 8.83424e-15 5.00851e-15 2.83277e-15 1.59848e-15 8.99959e-16 5.05574e-16 2.83413e-16 1.58544e-16 8.85117e-17 4.93167e-17 2.74252e-17 1.52227e-17 8.43405e-18 4.66449e-18 2.57522e-18 1.41933e-18 7.80964e-19 4.29013e-19 2.35298e-19 1.28852e-19 7.04537e-20 3.84653e-20 2.09701e-20 1.1416e-20 6.20613e-21 3.36925e-21 1.82669e-21 9.89064e-22 5.34842e-22 2.88855e-22 1.5581e-22 8.39433e-23 4.51709e-23 2.42787e-23 1.30345e-23 6.98993e-24 3.74433e-24 2.00356e-24 1.07095e-24 5.71852e-25 3.05035e-25 1.62547e-25 8.65318e-26 4.60203e-26 2.44516e-26 1.29794e-26 6.88335e-27
6.12928e-07 1.67574e-06 2.92072e-06 4.0611e-06 4.89396e-06 5.32961e-06 5.37601e-06 5.104e-06 4.61181e-06 3.99811e-06 3.34589e-06 2.71581e-06 2.14614e-06 1.65622e-06 1.25133e-06 9.27543e-07 6.75746e-07 4.84597e-07 3.42529e-07 2.38908e-07 1.64595e-07 1.12109e-07 7.5552e-08 5.04119e-08 3.33255e-08 2.18386e-08 1.41937e-08 9.15371e-09 5.86016e-09 3.72565e-09 2.35304e-09 1.47684e-09 9.21392e-10 5.7159e-10 3.52668e-10 2.16467e-10 1.32209e-10 8.03637e-11 4.8627e-11 2.92948e-11 1.75741e-11 1.05002e-11 6.24918e-12 3.70525e-12 2.18895e-12 1.28864e-12 7.5607e-13 4.42152e-13 2.57755e-13 1.49801e-13 8.68029e-14 5.01541e-14 2.88981e-14 1.66058e-14 9.5172e-15 5.44068e-15 3.10257e-15 1.76501e-15 1.00174e-15 5.67248e-16 3.20501e-16 1.80696e-16 1.01661e-16 5.70781e-17 3.19828e-17 1.78862e-17 9.98372e-18 5.56239e-18 3.09345e-18 1.71734e-18 9.51737e-19 5.26556e-19 2.9084e-19 1.60384e-19 8.83047e-20 4.85438e-20 2.66456e-20 1.46041e-20 7.99269e-21 4.36812e-21 2.38391e-21 1.29926e-21 7.0716e-22 3.84389e-22 2.08673e-22 1.13139e-22 6.12666e-23 3.31365e-23 1.79008e-23 9.65895e-24 5.20581e-24 2.80258e-24 1.50711e-24 8.09583e-25 4.34423e-25 2.32867e-25 1.24697e-25 6.67054e-26 3.56479e-26 1.90318e-26 1.0151e-26
2.89117e-07 8.28917e-07 1.50103e-06 2.15713e-06 2.67732e-06 2.99515e-06 3.09738e-06 3.00988e-06 2.77989e-06 2.46054e-06 2.10027e-06 1.73731e-06 1.39803e-06 1.09788e-06 8.43574e-07 6.35562e-07 4.70387e-07 3.42529e-07 2.45737e-07 1.73895e-07 1.21505e-07 8.39051e-08 5.73087e-08 3.87439e-08 2.59428e-08 1.72154e-08 1.13274e-08 7.39378e-09 4.78976e-09 3.08067e-09 1.96798e-09 1.24907e-09 7.87912e-10 4.94103e-10 3.08121e-10 1.91117e-10 1.17936e-10 7.24203e-11 4.42615e-11 2.69293e-11 1.6313e-11 9.84064e-12 5.91238e-12 3.53845e-12 2.10977e-12 1.25339e-12 7.42028e-13 4.3781e-13 2.57473e-13 1.5094e-13 8.82155e-14 5.14039e-14 2.98673e-14 1.73054e-14 9.99979e-15 5.76308e-15 3.31289e-15 1.89967e-15 1.08667e-15 6.20144e-16 3.53095e-16 2.00595e-16 1.13712e-16 6.43232e-17 3.63104e-17 2.04559e-17 1.15014e-17 6.45428e-18 3.61518e-18 2.02123e-18 1.12804e-18 6.2845e-19 3.49522e-19 1.94067e-19 1.07576e-19 5.95368e-20 3.28983e-20 1.81508e-20 9.99914e-21 5.50036e-21 3.02129e-21 1.65722e-21 9.07745e-22 4.96544e-22 2.71252e-22 1.47986e-22 8.06326e-23 4.38787e-23 2.38485e-23 1.29461e-23 7.01944e-24 3.80152e-24 2.05642e-24 1.11116e-24 5.99737e-25 3.23348e-25 1.74147e-25 9.3692e-26 5.03547e-26 2.70355e-26 1.45009e-26
1.36376e-07 4.09147e-07 7.68628e-07 1.14032e-06 1.45622e-06 1.67206e-06 1.77133e-06 1.76055e-06 1.66096e-06 1.50008e-06 1.30526e-06 1.0997e-06 9.00678e-07 7.19414e-07 5.61897e-07 4.30097e-07 3.2324e-07 2.38908e-07 1.73895e-07 1.24801e-07 8.84063e-08 6.18713e-08 4.2815e-08 2.93174e-08 1.98777e-08 1.3353e-08 8.89191e-09 5.87263e-09 3.84844e-09 2.50339e-09 1.61707e-09 1.03761e-09 6.61586e-10 4.19285e-10 2.64194e-10 1.65554e-10 1.03195e-10 6.39998e-11 3.94992e-11 2.42644e-11 1.48389e-11 9.03567e-12 5.47915e-12 3.30921e-12 1.99094e-12 1.19336e-12 7.12716e-13 4.24179e-13 2.51604e-13 1.48753e-13 8.76685e-14 5.15098e-14 3.01748e-14 1.76257e-14 1.02667e-14 5.964e-15 3.45537e-15 1.9968e-15 1.15104e-15 6.61892e-16 3.79714e-16 2.17332e-16 1.24112e-16 7.07216e-17 4.02126e-17 2.28175e-17 1.29208e-17 7.30209e-18 4.11873e-18 2.31876e-18 1.303e-18 7.30884e-19 4.09245e-19 2.28753e-19 1.27648e-19 7.11118e-20 3.95517e-20 2.19634e-20 1.21775e-20 6.74147e-21 3.72652e-21 2.05691e-21 1.13372e-21 6.24001e-22 3.42978e-22 1.8826e-22 1.03199e-22 5.64969e-23 3.08901e-23 1.68682e-23 9.19992e-24 5.01155e-24 2.72674e-24 1.48187e-24 8.04405e-25 4.36165e-25 2.36235e-25 1.2781e-25 6.90748e-26 3.7292e-26 2.01123e-26
6.43283e-08 2.01554e-07 3.92281e-07 6.00154e-07 7.87847e-07 9.27736e-07 1.00607e-06 1.02208e-06 9.84374e-07 9.0661e-07 8.03732e-07 6.89361e-07 5.74366e-07 4.6641e-07 3.7014e-07 2.8772e-07 2.1949e-07 1.64595e-07 1.21505e-07 8.84063e-08 6.3468e-08 4.50014e-08 3.15403e-08 2.18677e-08 1.50084e-08 1.0203e-08 6.8742e-09 4.59237e-09 3.0435e-09 2.00176e-09 1.30713e-09 8.47722e-10 5.46202e-10 3.49745e-10 2.22623e-10 1.40903e-10 8.86972e-11 5.55438e-11 3.4609e-11 2.14614e-11 1.32471e-11 8.14056e-12 4.98114e-12 3.03538e-12 1.84233e-12 1.11392e-12 6.71009e-13 4.02758e-13 2.40908e-13 1.43615e-13 8.53358e-14 5.05467e-14 2.98487e-14 1.75738e-14 1.0317e-14 6.03985e-15 3.52626e-15 2.0533e-15 1.19254e-15 6.90878e-16 3.99274e-16 2.30201e-16 1.32415e-16 7.5995e-17 4.35187e-17 2.48676e-17 1.41801e-17 8.06932e-18 4.58273e-18 2.59755e-18 1.46951e-18 8.29798e-19 4.67712e-19 2.63153e-19 1.47802e-19 8.28724e-20 4.63887e-20 2.59241e-20 1.44643e-20 8.05763e-21 4.48176e-21 2.48905e-21 1.38031e-21 7.64344e-22 4.22651e-22 2.33383e-22 1.28695e-22 7.08708e-23 3.89763e-23 2.14078e-23 1.17433e-23 6.43374e-24 3.5205e-24 1.92407e-24 1.05032e-24 5.72687e-25 3.119e-25 1.69677e-25 9.2204e-26 5.00499e-26 2.71388e-26
3.03435e-08 9.91108e-08 1.99595e-07 3.14582e-07 4.24152e-07 5.11843e-07 5.67811e-07 5.89251e-07 5.79022e-07 5.43538e-07 4.90694e-07 4.28252e-07 3.62823e-07 2.99406e-07 2.41325e-07 1.90428e-07 1.47401e-07 1.12109e-07 8.39051e-08 6.18713e-08 4.50014e-08 3.23166e-08 2.29332e-08 1.60947e-08 1.11784e-08 7.6883e-09 5.23941e-09 3.53963e-09 2.37172e-09 1.57683e-09 1.04063e-09 6.81945e-10 4.4391e-10 2.87122e-10 1.84582e-10 1.17972e-10 7.49792e-11 4.74001e-11 2.98117e-11 1.86574e-11 1.16213e-11 7.20571e-12 4.44825e-12 2.73439e-12 1.674e-12 1.02078e-12 6.20092e-13 3.75298e-13 2.26332e-13 1.36023e-13 8.14754e-14 4.86441e-14 2.89512e-14 1.71781e-14 1.01624e-14 5.99465e-15 3.52627e-15 2.06863e-15 1.21032e-15 7.0631e-16 4.11149e-16 2.38749e-16 1.38308e-16 7.99359e-17 4.60948e-17 2.65217e-17 1.52269e-17 8.72385e-18 4.9878e-18 2.846e-18 1.62072e-18 9.21184e-19 5.22598e-19 2.95931e-19 1.67275e-19 9.43861e-20 5.31662e-20 2.98972e-20 1.67844e-20 9.40761e-21 5.26457e-21 2.94151e-21 1.64102e-21 9.14133e-22 5.08472e-22 2.82423e-22 1.56646e-22 8.6763e-23 4.7991e-23 2.65097e-23 1.46244e-23 8.05738e-24 4.43362e-24 2.43659e-24 1.33744e-24 7.33239e-25 4.01516e-25 2.19612e-25 1.19981e-25 6.54757e-26 3.56917e-26
1.4313e-08 4.86551e-08 1.01268e-07 1.64275e-07 2.27313e-07 2.80909e-07 3.18584e-07 3.37529e-07 3.38216e-07 3.23436e-07 2.97206e-07 2.6382e-07 2.27182e-07 1.90438e-07 1.55838e-07 1.24787e-07 9.7974e-08 7.5552e-08 5.73087e-08 4.2815e-08 3.15403e-08 2.29332e-08 1.64732e-08 1.16992e-08 8.22054e-09 5.71868e-09 3.94087e-09 2.69166e-09 1.82301e-09 1.22487e-09 8.16767e-10 5.40723e-10 3.55524e-10 2.3223e-10 1.50748e-10 9.72719e-11 6.24072e-11 3.98196e-11 2.52739e-11 1.59606e-11 1.00302e-11 6.27391e-12 3.90667e-12 2.42207e-12 1.49535e-12 9.19472e-13 5.63162e-13 3.43624e-13 2.08902e-13 1.26549e-13 7.63981e-14 4.59683e-14 2.75696e-14 1.64831e-14 9.82481e-15 5.8388e-15 3.45997e-15 2.04459e-15 1.20492e-15 7.08201e-16 4.15178e-16 2.42784e-16 1.41626e-16 8.24187e-17 4.78516e-17 2.77191e-17 1.60213e-17 9.2401e-18 5.31783e-18 3.05418e-18 1.75056e-18 1.00138e-18 5.7172e-19 3.25796e-19 1.85312e-19 1.05215e-19 5.9632e-20 3.37386e-20 1.90562e-20 1.07454e-20 6.04922e-21 3.40001e-21 1.90801e-21 1.06908e-21 5.98117e-22 3.34132e-22 1.86388e-22 1.03824e-22 5.77526e-23 3.20809e-23 1.77965e-23 9.85929e-24 5.45495e-24 3.01425e-24 1.6635e-24 9.1691e-25 5.04781e-25 2.77561e-25 1.52442e-25 8.36271e-26 4.58242e-26
6.75141e-09 2.3849e-08 5.1246e-08 8.54855e-08 1.21307e-07 1.53417e-07 1.77773e-07 1.9218e-07 1.96274e-07 1.91124e-07 1.78683e-07 1.61256e-07 1.41086e-07 1.20092e-07 9.97377e-08 8.10162e-08 6.44974e-08 5.04119e-08 3.87439e-08 2.93174e-08 2.18677e-08 1.60947e-08 1.16992e-08 8.40571e-09 5.97389e-09 4.20232e-09 2.9277e-09 2.02118e-09 1.38336e-09 9.39114e-10 6.326e-10 4.22994e-10 2.80857e-10 1.85236e-10 1.21389e-10 7.90635e-11 5.11945e-11 3.2963e-11 2.11099e-11 1.34492e-11 8.52584e-12 5.37891e-12 3.37788e-12 2.11182e-12 1.31462e-12 8.1497e-13 5.03198e-13 3.09492e-13 1.89639e-13 1.15778e-13 7.04357e-14 4.27047e-14 2.58058e-14 1.5544e-14 9.33362e-15 5.58751e-15 3.33506e-15 1.98492e-15 1.17806e-15 6.97289e-16 4.11629e-16 2.4237e-16 1.42351e-16 8.34019e-17 4.87475e-17 2.8426e-17 1.65382e-17 9.60052e-18 5.56106e-18 3.21439e-18 1.85412e-18 1.06732e-18 6.13185e-19 3.51596e-19 2.0122e-19 1.14945e-19 6.55421e-20 3.73057e-20 2.11968e-20 1.20233e-20 6.80843e-21 3.84908e-21 2.17253e-21 1.2243e-21 6.8887e-22 3.87012e-22 2.17102e-22 1.21609e-22 6.80209e-23 3.79931e-23 2.11917e-23 1.18041e-23 6.56626e-24 3.6478e-24 2.02387e-24 1.12145e-24 6.20636e-25 3.43051e-25 1.89389e-25 1.04432e-25 5.7518e-26
3.18463e-09 1.16733e-08 2.58696e-08 4.43406e-08 6.44813e-08 8.3406e-08 9.86928e-08 1.08809e-07 1.13211e-07 1.12204e-07 1.06683e-07 9.78455e-08 8.69467e-08 7.51244e-08 6.33002e-08 5.21429e-08 4.20785e-08 3.33255e-08 2.59428e-08 1.98777e-08 1.50084e-08 1.11784e-08 8.22054e-09 5.97389e-09 4.29313e-09 3.05309e-09 2.1499e-09 1.49986e-09 1.03717e-09 7.11249e-10 4.83889e-10 3.26731e-10 2.19035e-10 1.45833e-10 9.6461e-11 6.34054e-11 4.14279e-11 2.69129e-11 1.73872e-11 1.11736e-11 7.14399e-12 4.54522e-12 2.87815e-12 1.81422e-12 1.13855e-12 7.11492e-13 4.42794e-13 2.74477e-13 1.69488e-13 1.04269e-13 6.3915e-14 3.90418e-14 2.37674e-14 1.44212e-14 8.7223e-15 5.25907e-15 3.16136e-15 1.89479e-15 1.13241e-15 6.74898e-16 4.01137e-16 2.37792e-16 1.406e-16 8.29238e-17 4.87875e-17 2.86351e-17 1.67678e-17 9.79627e-18 5.71056e-18 3.32163e-18 1.92796e-18 1.11672e-18 6.45511e-19 3.72391e-19 2.14412e-19 1.23217e-19 7.06773e-20 4.04665e-20 2.31277e-20 1.31949e-20 7.51511e-21 4.27297e-21 2.42553e-21 1.3746e-21 7.77782e-22 4.394e-22 2.47854e-22 1.39598e-22 7.85091e-23 4.40891e-23 2.47243e-23 1.38455e-23 7.74273e-24 4.32408e-24 2.41166e-24 1.3433e-24 7.47257e-25 4.15163e-25 2.30371e-25 1.27676e-25 7.06748e-26
1.50218e-09 5.70618e-09 1.30297e-08 2.29294e-08 3.4149e-08 4.51511e-08 5.45287e-08 6.12822e-08 6.49282e-08 6.54699e-08 6.32821e-08 5.89634e-08 5.31969e-08 4.66412e-08 3.98597e-08 3.32867e-08 2.7221e-08 2.18386e-08 1.72154e-08 1.3353e-08 1.0203e-08 7.6883e-09 5.71868e-09 4.20232e-09 3.05309e-09 2.19454e-09 1.5616e-09 1.10069e-09 7.68856e-10 5.32498e-10 3.65822e-10 2.49386e-10 1.68765e-10 1.13409e-10 7.5702e-11 5.02092e-11 3.30975e-11 2.16896e-11 1.41337e-11 9.16021e-12 5.90593e-12 3.78869e-12 2.41874e-12 1.53696e-12 9.72254e-13 6.12362e-13 3.8407e-13 2.39909e-13 1.4927e-13 9.25222e-14 5.71365e-14 3.51581e-14 2.1559e-14 1.31755e-14 8.02569e-15 4.87321e-15 2.94987e-15 1.78026e-15 1.07125e-15 6.42778e-16 3.84613e-16 2.29515e-16 1.366e-16 8.10915e-17 4.80185e-17 2.83647e-17 1.67151e-17 9.82707e-18 5.76434e-18 3.3737e-18 1.97023e-18 1.14816e-18 6.677e-19 3.87503e-19 2.24441e-19 1.29742e-19 7.48563e-20 4.31084e-20 2.47799e-20 1.42185e-20 8.14411e-21 4.65675e-21 2.65818e-21 1.51484e-21 8.61861e-22 4.89569e-22 2.77657e-22 1.57229e-22 8.88997e-23 5.01905e-23 2.82949e-23 1.59284e-23 8.95413e-24 5.02658e-24 2.81793e-24 1.57763e-24 8.82085e-25 4.92552e-25 2.74689e-25 1.52998e-25 8.51127e-26
7.08577e-10 2.78589e-09 6.54875e-09 1.18236e-08 1.80227e-08 2.43444e-08 2.99924e-08 3.43443e-08 3.70382e-08 3.79821e-08 3.73088e-08 3.53035e-08 3.23274e-08 2.87523e-08 2.49143e-08 2.10866e-08 1.74698e-08 1.41937e-08 1.13274e-08 8.89191e-09 6.8742e-09 5.23941e-09 3.94087e-09 2.9277e-09 2.1499e-09 1.5616e-09 1.12268e-09 7.99328e-10 5.63899e-10 3.94361e-10 2.73522e-10 1.88223e-10 1.28557e-10 8.71786e-11 5.87159e-11 3.92881e-11 2.61243e-11 1.72672e-11 1.13473e-11 7.41582e-12 4.8207e-12 3.1177e-12 2.00637e-12 1.28504e-12 8.19268e-13 5.20001e-13 3.28638e-13 2.06836e-13 1.29655e-13 8.09578e-14 5.03605e-14 3.12127e-14 1.92766e-14 1.1864e-14 7.27745e-15 4.44952e-15 2.71189e-15 1.64777e-15 9.98199e-16 6.02938e-16 3.63156e-16 2.18129e-16 1.30665e-16 7.80664e-17 4.65215e-17 2.76538e-17 1.63981e-17 9.7005e-18 5.72508e-18 3.37116e-18 1.98065e-18 1.16115e-18 6.79274e-19 3.96547e-19 2.31024e-19 1.34323e-19 7.79462e-20 4.51446e-20 2.60977e-20 1.5059e-20 8.67379e-21 4.98715e-21 2.86248e-21 1.64019e-21 9.38251e-22 5.35837e-22 3.05526e-22 1.73931e-22 9.88631e-23 5.61086e-23 3.17962e-23 1.79921e-23 1.01663e-23 5.73623e-24 3.2321e-24 1.81864e-24 1.02194e-24 5.73488e-25 3.21409e-25 1.79902e-25 1.00569e-25
3.34234e-10 1.35858e-09 3.28489e-09 6.08062e-09 9.48096e-09 1.30766e-08 1.64271e-08 1.91582e-08 2.1022e-08 2.19161e-08 2.18695e-08 2.10092e-08 1.95198e-08 1.76063e-08 1.54643e-08 1.32615e-08 1.11278e-08 9.15371e-09 7.39378e-09 5.87263e-09 4.59237e-09 3.53963e-09 2.69166e-09 2.02118e-09 1.49986e-09 1.10069e-09 7.99328e-10 5.7476e-10 4.09429e-10 2.89076e-10 2.02386e-10 1.40561e-10 9.68778e-11 6.6285e-11 4.50378e-11 3.03978e-11 2.0386e-11 1.35882e-11 9.00398e-12 5.93271e-12 3.88785e-12 2.53451e-12 1.64394e-12 1.06112e-12 6.81721e-13 4.3599e-13 2.77615e-13 1.76022e-13 1.1115e-13 6.99074e-14 4.37989e-14 2.73389e-14 1.70029e-14 1.05375e-14 6.50826e-15 4.00635e-15 2.45827e-15 1.50365e-15 9.16923e-16 5.57475e-16 3.37955e-16 2.04297e-16 1.2316e-16 7.40473e-17 4.44027e-17 2.65582e-17 1.58453e-17 9.43069e-18 5.59951e-18 3.31699e-18 1.96042e-18 1.15608e-18 6.80263e-19 3.99431e-19 2.34045e-19 1.36858e-19 7.98675e-20 4.65178e-20 2.70417e-20 1.56903e-20 9.08718e-21 5.25339e-21 3.03166e-21 1.74648e-21 1.0044e-21 5.76663e-22 3.30539e-22 1.89157e-22 1.08077e-22 6.16548e-23 3.51186e-23 1.99735e-23 1.1343e-23 6.43242e-24 3.6425e-24 2.05976e-24 1.16314e-24 6.55933e-25 3.69409e-25 2.07771e-25 1.16708e-25
1.57658e-10 6.61819e-10 1.64465e-09 3.11931e-09 4.97228e-09 6.99927e-09 8.96149e-09 1.06401e-08 1.18749e-08 1.25813e-08 1.27498e-08 1.24309e-08 1.17153e-08 1.07131e-08 9.53565e-09 8.2833e-09 7.03794e-09 5.86016e-09 4.78976e-09 3.84844e-09 3.0435e-09 2.37172e-09 1.82301e-09 1.38336e-09 1.03717e-09 7.68856e-10 5.63899e-10 4.09429e-10 2.94449e-10 2.0985e-10 1.48278e-10 1.03918e-10 7.22636e-11 4.98791e-11 3.41846e-11 2.32696e-11 1.57369e-11 1.05764e-11 7.06561e-12 4.6931e-12 3.1e-12 2.03679e-12 1.33136e-12 8.65949e-13 5.60542e-13 3.61173e-13 2.31676e-13 1.47968e-13 9.41096e-14 5.96128e-14 3.7613e-14 2.36418e-14 1.48053e-14 9.23829e-15 5.74449e-15 3.55991e-15 2.19884e-15 1.3538e-15 8.30923e-16 5.08447e-16 3.10202e-16 1.88708e-16 1.14476e-16 6.92539e-17 4.17842e-17 2.51446e-17 1.50928e-17 9.03676e-18 5.39756e-18 3.21624e-18 1.91201e-18 1.13408e-18 6.71164e-19 3.9634e-19 2.33552e-19 1.37338e-19 8.05954e-20 4.72021e-20 2.75905e-20 1.60962e-20 9.37276e-21 5.44766e-21 3.16057e-21 1.83041e-21 1.05821e-21 6.10737e-22 3.51889e-22 2.02414e-22 1.16245e-22 6.66519e-23 3.8157e-23 2.18106e-23 1.24482e-23 7.09416e-24 4.03703e-24 2.29403e-24 1.30174e-24 7.37647e-25 4.17426e-25 2.35899e-25 1.33137e-25
7.43668e-11 3.22075e-10 8.2199e-10 1.59641e-09 2.6002e-09 3.73384e-09 4.87039e-09 5.88489e-09 6.67773e-09 7.18773e-09 7.3949e-09 7.31529e-09 6.99116e-09 6.47981e-09 5.84328e-09 5.14038e-09 4.42142e-09 3.72565e-09 3.08067e-09 2.50339e-09 2.00176e-09 1.57683e-09 1.22487e-09 9.39114e-10 7.11249e-10 5.32498e-10 3.94361e-10 2.89076e-10 2.0985e-10 1.50941e-10 1.07622e-10 7.60989e-11 5.33837e-11 3.71664e-11 2.56891e-11 1.76335e-11 1.2024e-11 8.14692e-12 5.48639e-12 3.67307e-12 2.44523e-12 1.61901e-12 1.06635e-12 6.98808e-13 4.55717e-13 2.95792e-13 1.91116e-13 1.2294e-13 7.87474e-14 5.02324e-14 3.19147e-14 2.01981e-14 1.27348e-14 7.99984e-15 5.00757e-15 3.12371e-15 1.94202e-15 1.20342e-15 7.43356e-16 4.57752e-16 2.81029e-16 1.72026e-16 1.05001e-16 6.39106e-17 3.87943e-17 2.34858e-17 1.41812e-17 8.54111e-18 5.13143e-18 3.07544e-18 1.83885e-18 1.09692e-18 6.5286e-19 3.87703e-19 2.29738e-19 1.35844e-19 8.01576e-20 4.7202e-20 2.774e-20 1.62705e-20 9.52487e-21 5.56543e-21 3.24589e-21 1.88965e-21 1.09814e-21 6.37047e-22 3.68928e-22 2.13295e-22 1.23112e-22 7.09438e-23 4.08165e-23 2.34464e-23 1.34476e-23 7.70121e-24 4.40377e-24 2.51452e-24 1.4337e-24 8.16298e-25 4.64123e-25 2.63525e-25 1.49425e-25
3.50787e-11 1.5659e-10 4.1015e-10 8.15195e-10 1.35604e-09 1.98557e-09 2.63754e-09 3.24208e-09 3.73918e-09 4.08758e-09 4.26819e-09 4.28274e-09 4.14942e-09 3.89711e-09 3.55952e-09 3.17039e-09 2.75998e-09 2.35304e-09 1.96798e-09 1.61707e-09 1.30713e-09 1.04063e-09 8.16767e-10 6.326e-10 4.83889e-10 3.65822e-10 2.73522e-10 2.02386e-10 1.48278e-10 1.07622e-10 7.74207e-11 5.52247e-11 3.90753e-11 2.74362e-11 1.91226e-11 1.32345e-11 9.09783e-12 6.21376e-12 4.21765e-12 2.84571e-12 1.90904e-12 1.2736e-12 8.45152e-13 5.57957e-13 3.66529e-13 2.39625e-13 1.55934e-13 1.01018e-13 6.5158e-14 4.18513e-14 2.67718e-14 1.70579e-14 1.0827e-14 6.84648e-15 4.31374e-15 2.70838e-15 1.69465e-15 1.05682e-15 6.56919e-16 4.07054e-16 2.51452e-16 1.54866e-16 9.51012e-17 5.82341e-17 3.55598e-17 2.16552e-17 1.31526e-17 7.96777e-18 4.81462e-18 2.9021e-18 1.74506e-18 1.04684e-18 6.26539e-19 3.74136e-19 2.22919e-19 1.32533e-19 7.86276e-20 4.65502e-20 2.75031e-20 1.62171e-20 9.54359e-21 5.60551e-21 3.28624e-21 1.923e-21 1.12323e-21 6.54919e-22 3.81193e-22 2.21491e-22 1.28479e-22 7.44031e-23 4.30172e-23 2.48312e-23 1.4311e-23 8.23518e-24 4.73168e-24 2.71461e-24 1.55512e-24 8.89589e-25 5.08158e-25 2.89868e-25 1.65122e-25
1.65466e-11 7.60653e-11 2.04335e-10 4.15398e-10 7.05377e-10 1.05272e-09 1.42354e-09 1.77948e-09 2.08529e-09 2.31448e-09 2.45213e-09 2.49508e-09 2.45013e-09 2.3312e-09 2.15617e-09 1.94398e-09 1.71245e-09 1.47684e-09 1.24907e-09 1.03761e-09 8.47722e-10 6.81945e-10 5.40723e-10 4.22994e-10 3.26731e-10 2.49386e-10 1.88223e-10 1.40561e-10 1.03918e-10 7.60989e-11 5.52247e-11 3.97326e-11 2.83526e-11 2.00741e-11 1.41067e-11 9.8424e-12 6.82015e-12 4.6949e-12 3.21152e-12 2.18351e-12 1.47591e-12 9.92013e-13 6.63158e-13 4.41004e-13 2.91791e-13 1.92123e-13 1.25903e-13 8.21312e-14 5.33407e-14 3.44944e-14 2.22143e-14 1.42485e-14 9.10342e-15 5.79417e-15 3.67431e-15 2.32168e-15 1.46189e-15 9.17388e-16 5.73795e-16 3.57737e-16 2.22335e-16 1.37761e-16 8.51045e-17 5.24223e-17 3.21994e-17 1.97232e-17 1.20485e-17 7.34082e-18 4.46103e-18 2.70414e-18 1.63514e-18 9.86352e-19 5.93587e-19 3.56398e-19 2.13503e-19 1.27618e-19 7.61166e-20 4.53027e-20 2.6907e-20 1.59486e-20 9.43428e-21 5.56987e-21 3.28205e-21 1.93031e-21 1.1332e-21 6.64039e-22 3.88425e-22 2.26809e-22 1.32211e-22 7.69377e-23 4.46983e-23 2.59259e-23 1.50135e-23 8.68048e-24 5.0111e-24 2.88843e-24 1.66241e-24 9.5538e-25 5.48256e-25 3.14175e-25 1.79783e-25
7.80498e-12 3.69185e-11 1.01649e-10 2.11252e-10 3.66022e-10 5.56548e-10 7.65856e-10 9.7325e-10 1.15848e-09 1.30511e-09 1.4026e-09 1.44685e-09 1.43967e-09 1.38736e-09 1.29912e-09 1.18536e-09 1.05639e-09 9.21392e-10 7.87912e-10 6.61586e-10 5.46202e-10 4.4391e-10 3.55524e-10 2.80857e-10 2.19035e-10 1.68765e-10 1.28557e-10 9.68778e-11 7.22636e-11 5.33837e-11 3.90753e-11 2.83526e-11 2.04014e-11 1.45635e-11 1.03173e-11 7.25607e-12 5.06763e-12 3.5156e-12 2.42327e-12 1.66004e-12 1.13045e-12 7.65421e-13 5.15406e-13 3.45212e-13 2.30033e-13 1.52523e-13 1.00646e-13 6.61054e-14 4.32239e-14 2.81396e-14 1.82421e-14 1.17775e-14 7.57363e-15 4.8515e-15 3.09612e-15 1.96868e-15 1.24736e-15 7.87602e-16 4.95636e-16 3.10884e-16 1.94378e-16 1.21156e-16 7.52886e-17 4.66475e-17 2.88186e-17 1.7754e-17 1.09075e-17 6.68319e-18 4.08418e-18 2.48949e-18 1.51365e-18 9.18071e-19 5.55499e-19 3.35328e-19 2.01956e-19 1.21357e-19 7.27639e-20 4.35339e-20 2.59907e-20 1.54849e-20 9.20691e-21 5.46326e-21 3.23549e-21 1.91246e-21 1.12831e-21 6.64444e-22 3.90571e-22 2.29175e-22 1.34237e-22 7.84932e-23 4.58201e-23 2.67029e-23 1.55365e-23 9.02502e-24 5.2343e-24 3.03107e-24 1.75254e-24 1.01179e-24 5.8327e-25 3.35752e-25 1.92995e-25
