0.0693716 0.043504 0.027282 0.0171089 0.0107293 0.00672849 0.00421954 0.00264614 0.00165943 0.00104066 0.000652611 0.000409262 0.000256654 0.000160952 0.000100935 6.32981e-05 3.96952e-05 2.48934e-05 1.56111e-05 9.78993e-06 6.13941e-06 3.85012e-06 2.41447e-06 1.51415e-06 9.49546e-07 5.95475e-07 3.73431e-07 2.34184e-07 1.46861e-07 9.20984e-08 5.77563e-08 3.62199e-08 2.2714e-08 1.42443e-08 8.93282e-09 5.60191e-09 3.51304e-09 2.20308e-09 1.38159e-09 8.66413e-10 5.43341e-10 3.40737e-10 2.13681e-10 1.34003e-10 8.40352e-11 5.26998e-11 3.30488e-11 2.07254e-11 1.29972e-11 8.15075e-12 5.11146e-12 3.20547e-12 2.0102e-12 1.26063e-12 7.90559e-13 4.95771e-13 3.10906e-13 1.94974e-13 1.22271e-13 7.66779e-14 4.80859e-14 3.01554e-14 1.89109e-14 1.18593e-14 7.43715e-15 4.66395e-15 2.92483e-15 1.83421e-15 1.15026e-15 7.21345e-16 4.52366e-16 2.83686e-16 1.77904e-16 1.11566e-16 6.99648e-17 4.3876e-17 2.75153e-17 1.72553e-17 1.0821e-17 6.78603e-18 4.25562e-18 2.66877e-18 1.67362e-18 1.04955e-18 6.58191e-19 4.12762e-19 2.58849e-19 1.62328e-19 1.01798e-19 6.38394e-20 4.00346e-20 2.51063e-20 1.57446e-20 9.87365e-21 6.19191e-21 3.88304e-21 2.43512e-21 1.5271e-21 9.57666e-22 6.00567e-22 3.76624e-22
0.043504 0.0321152 0.0231709 0.0164316 0.0114965 0.00795717 0.00545885 0.00371731 0.00251554 0.00169315 0.0011343 0.000756807 0.000503119 0.000333395 0.000220291 0.00014518 9.54547e-05 6.26267e-05 4.10085e-05 2.68047e-05 1.74917e-05 1.13971e-05 7.41551e-06 4.8186e-06 3.12731e-06 2.02734e-06 1.31286e-06 8.49334e-07 5.48946e-07 3.54484e-07 2.28719e-07 1.47457e-07 9.49962e-08 6.1156e-08 3.93443e-08 2.52958e-08 1.62537e-08 1.04377e-08 6.69911e-09 4.29737e-09 2.75531e-09 1.76575e-09 1.13107e-09 7.24199e-10 4.63492e-10 2.96518e-10 1.89622e-10 1.21218e-10 7.74614e-11 4.94828e-11 3.15993e-11 2.01725e-11 1.28738e-11 8.21342e-12 5.23859e-12 3.34028e-12 2.12928e-12 1.35696e-12 8.64557e-13 5.50696e-13 3.50692e-13 2.23274e-13 1.4212e-13 9.0443e-14 5.75444e-14 3.66051e-14 2.32806e-14 1.48034e-14 9.41121e-15 5.98205e-15 3.80169e-15 2.41562e-15 1.53463e-15 9.74787e-16 6.19077e-16 3.93107e-16 2.4958e-16 1.58433e-16 1.00558e-16 6.38152e-17 4.04922e-17 2.56898e-17 1.62964e-17 1.03363e-17 6.55519e-18 4.15671e-18 2.6355e-18 1.67079e-18 1.05909e-18 6.71264e-19 4.25407e-19 2.69569e-19 1.708e-19 1.08208e-19 6.85468e-20 4.34182e-20 2.74987e-20 1.74145e-20 1.10273e-20 6.98211e-21 4.42043e-21
0.027282 0.0231709 0.0186691 0.0145141 0.0109943 0.00816447 0.00596844 0.00430758 0.00307596 0.00217674 0.0015285 0.00106609 0.00073917 0.000509812 0.000349971 0.00023923 0.000162905 0.000110545 7.47756e-05 5.04321e-05 3.3922e-05 2.27599e-05 1.52354e-05 1.01765e-05 6.78369e-06 4.51353e-06 2.99777e-06 1.98773e-06 1.31594e-06 8.6991e-07 5.74255e-07 3.78583e-07 2.49271e-07 1.63933e-07 1.07688e-07 7.06642e-08 4.63217e-08 3.0335e-08 1.9847e-08 1.29734e-08 8.4731e-09 5.52932e-09 3.60543e-09 2.34916e-09 1.5295e-09 9.95139e-10 6.47028e-10 4.20416e-10 2.73e-10 1.77167e-10 1.14908e-10 7.44855e-11 4.82565e-11 3.12471e-11 2.02229e-11 1.30816e-11 8.45804e-12 5.4661e-12 3.53094e-12 2.27988e-12 1.47147e-12 9.49313e-13 6.12202e-13 3.94649e-13 2.5431e-13 1.63816e-13 1.05485e-13 6.79013e-14 4.36934e-14 2.81068e-14 1.80745e-14 1.16194e-14 7.4674e-15 4.79761e-15 3.08145e-15 1.97861e-15 1.27012e-15 8.15103e-16 5.22956e-16 3.35432e-16 2.15097e-16 1.37898e-16 8.83843e-17 5.66356e-17 3.62831e-17 2.32391e-17 1.48812e-17 9.52718e-18 6.09814e-18 3.90247e-18 2.49686e-18 1.5972e-18 1.02151e-18 6.53192e-19 4.17597e-19 2.66928e-19 1.70589e-19 1.09001e-19 6.96363e-20 4.44801e-20 2.84069e-20
0.0171089 0.0164316 0.0145141 0.0121626 0.00982529 0.00772387 0.00594461 0.00449791 0.00335574 0.00247412 0.00180571 0.00130632 0.00093777 0.000668604 0.000473788 0.000333893 0.000234135 0.000163437 0.000113614 7.86785e-05 5.42936e-05 3.73442e-05 2.56083e-05 1.7511e-05 1.19424e-05 8.12456e-06 5.51439e-06 3.73461e-06 2.52405e-06 1.70256e-06 1.14632e-06 7.7046e-07 5.16979e-07 3.46345e-07 2.31682e-07 1.54758e-07 1.03233e-07 6.87727e-08 4.57583e-08 3.04091e-08 2.01854e-08 1.33842e-08 8.86512e-09 5.86592e-09 3.87759e-09 2.56081e-09 1.68966e-09 1.11388e-09 7.33686e-10 4.82866e-10 3.17542e-10 2.08662e-10 1.37014e-10 8.9903e-11 5.895e-11 3.86279e-11 2.52951e-11 1.65538e-11 1.08266e-11 7.07665e-12 4.62288e-12 3.01823e-12 1.9695e-12 1.28449e-12 8.37293e-13 5.45515e-13 3.55241e-13 2.31224e-13 1.50432e-13 9.78249e-14 6.35869e-14 4.13141e-14 2.68315e-14 1.74187e-14 1.13034e-14 7.33219e-15 4.75436e-15 3.08168e-15 1.99675e-15 1.29332e-15 8.37404e-16 5.42021e-16 3.50713e-16 2.26853e-16 1.46689e-16 9.48233e-17 6.12772e-17 3.95869e-17 2.55668e-17 1.65072e-17 1.06549e-17 6.87549e-18 4.43547e-18 2.86062e-18 1.84444e-18 1.18894e-18 7.66201e-19 4.9365e-19 3.17972e-19 2.04765e-19 1.31832e-19
0.0107293 0.0114965 0.0109943 0.00982529 0.00838733 0.0069241 0.0055707 0.00439049 0.00340225 0.00259924 0.00196178 0.00146514 0.00108418 0.00079573 0.000579773 0.000419655 0.000301953 0.000216087 0.000153872 0.00010907 7.69873e-05 5.41295e-05 3.79201e-05 2.64748e-05 1.84254e-05 1.27853e-05 8.8469e-06 6.10559e-06 4.20325e-06 2.88684e-06 1.9783e-06 1.35284e-06 9.23269e-07 6.28899e-07 4.27605e-07 2.90236e-07 1.96671e-07 1.33057e-07 8.98829e-08 6.06294e-08 4.08397e-08 2.74726e-08 1.84568e-08 1.23844e-08 8.2999e-09 5.55612e-09 3.71526e-09 2.48165e-09 1.65593e-09 1.10385e-09 7.3512e-10 4.89103e-10 3.25124e-10 2.15932e-10 1.4329e-10 9.50069e-11 6.29432e-11 4.16682e-11 2.75634e-11 1.82198e-11 1.2035e-11 7.94413e-12 5.24028e-12 3.45445e-12 2.27575e-12 1.49831e-12 9.8586e-13 6.48295e-13 4.26069e-13 2.79862e-13 1.83726e-13 1.20549e-13 7.90552e-14 5.18175e-14 3.39474e-14 2.22292e-14 1.45491e-14 9.51802e-15 6.22385e-15 4.06798e-15 2.65772e-15 1.73562e-15 1.13297e-15 7.39275e-16 4.82192e-16 3.14386e-16 2.04899e-16 1.33491e-16 8.69374e-17 5.65982e-17 3.68337e-17 2.39627e-17 1.5584e-17 1.01316e-17 6.58465e-18 4.27807e-18 2.7786e-18 1.80413e-18 1.17106e-18 7.59902e-19 4.92958e-19
0.00672849 0.00795717 0.00816447 0.00772387 0.0069241 0.00597026 0.00499686 0.00408426 0.00327413 0.00258231 0.00200855 0.00154357 0.00117377 0.000884265 0.000660621 0.000489842 0.000360745 0.000264028 0.000192145 0.000139103 0.000100218 7.18807e-05 5.13414e-05 3.65287e-05 2.58953e-05 1.82947e-05 1.28835e-05 9.0455e-06 6.33271e-06 4.42154e-06 3.07925e-06 2.13925e-06 1.48277e-06 1.02549e-06 7.07744e-07 4.87475e-07 3.35117e-07 2.29956e-07 1.57518e-07 1.07717e-07 7.35427e-08 5.01324e-08 3.41231e-08 2.31929e-08 1.5742e-08 1.06705e-08 7.22357e-09 4.88402e-09 3.29824e-09 2.22475e-09 1.49897e-09 1.00887e-09 6.78291e-10 4.5557e-10 3.05678e-10 2.04907e-10 1.37228e-10 9.18202e-11 6.13834e-11 4.10008e-11 2.73636e-11 1.82475e-11 1.21588e-11 8.09552e-12 5.38612e-12 3.58089e-12 2.37902e-12 1.57945e-12 1.0479e-12 6.94785e-13 4.60363e-13 3.04845e-13 2.0174e-13 1.33427e-13 8.81948e-14 5.82632e-14 3.84683e-14 2.53848e-14 1.67422e-14 1.10363e-14 7.27135e-15 4.78836e-15 3.15171e-15 2.07346e-15 1.36346e-15 8.96164e-16 5.88757e-16 3.86627e-16 2.53782e-16 1.66511e-16 1.09205e-16 7.15921e-17 4.69151e-17 3.07318e-17 2.01231e-17 1.31715e-17 8.61819e-18 5.63683e-18 3.68551e-18 2.40883e-18 1.57385e-18
0.00421954 0.00545885 0.00596844 0.00594461 0.0055707 0.00499686 0.00433523 0.003663 0.0030287 0.00245923 0.00196617 0.00155104 0.00120927 0.000933054 0.000713267 0.00054071 0.000406803 0.00030395 0.000225669 0.000166576 0.000122297 8.93406e-05 6.49631e-05 4.70329e-05 3.39136e-05 2.43608e-05 1.74363e-05 1.2438e-05 8.84426e-06 6.26991e-06 4.43218e-06 3.12459e-06 2.19708e-06 1.5411e-06 1.07843e-06 7.52976e-07 5.24612e-07 3.64756e-07 2.53112e-07 1.75309e-07 1.21201e-07 8.36471e-08 5.76326e-08 3.96446e-08 2.72285e-08 1.86729e-08 1.27871e-08 8.74425e-09 5.97155e-09 4.07271e-09 2.77415e-09 1.88732e-09 1.28246e-09 8.70449e-10 5.90144e-10 3.9967e-10 2.70389e-10 1.8274e-10 1.2338e-10 8.32219e-11 5.60819e-11 3.77582e-11 2.53988e-11 1.70702e-11 1.1463e-11 7.69126e-12 5.15645e-12 3.45433e-12 2.3123e-12 1.54669e-12 1.03382e-12 6.90521e-13 4.60902e-13 3.07429e-13 2.04925e-13 1.36509e-13 9.08769e-14 6.04611e-14 4.02008e-14 2.67138e-14 1.77412e-14 1.17756e-14 7.81162e-15 5.17919e-15 3.43202e-15 2.27305e-15 1.50468e-15 9.95546e-16 6.58359e-16 4.35164e-16 2.87499e-16 1.89852e-16 1.25313e-16 8.26763e-17 5.45222e-17 3.59399e-17 2.36807e-17 1.55966e-17 1.0268e-17 6.75721e-18 4.44503e-18
0.00264614 0.00371731 0.00430758 0.00449791 0.00439049 0.00408426 0.003663 0.00319135 0.00271534 0.00226496 0.00185759 0.00150135 0.00119795 0.000945064 0.000738027 0.0005711 0.000438283 0.000333824 0.000252507 0.000189786 0.000141808 0.000105381 7.79147e-05 5.73344e-05 4.2003e-05 3.06433e-05 2.22682e-05 1.61224e-05 1.1632e-05 8.36454e-06 5.99606e-06 4.28544e-06 3.05416e-06 2.17078e-06 1.53893e-06 1.0883e-06 7.6782e-07 5.4049e-07 3.79644e-07 2.66112e-07 1.86159e-07 1.29979e-07 9.05857e-08 6.30193e-08 4.37667e-08 3.03456e-08 2.10066e-08 1.45193e-08 1.00205e-08 6.90563e-09 4.7524e-09 3.26615e-09 2.24176e-09 1.53671e-09 1.0521e-09 7.19457e-10 4.91413e-10 3.35273e-10 2.28493e-10 1.55555e-10 1.0579e-10 7.18731e-11 4.87821e-11 3.30779e-11 2.24083e-11 1.51664e-11 1.02559e-11 6.92925e-12 4.67769e-12 3.15513e-12 2.12644e-12 1.43202e-12 9.63624e-13 6.47948e-13 4.35365e-13 2.92317e-13 1.96132e-13 1.31505e-13 8.81142e-14 5.90013e-14 3.94818e-14 2.64032e-14 1.7646e-14 1.17862e-14 7.86757e-15 5.24873e-15 3.4996e-15 2.33206e-15 1.55317e-15 1.03387e-15 6.87831e-16 4.57374e-16 3.03975e-16 2.01923e-16 1.34067e-16 8.89702e-17 5.90149e-17 3.91269e-17 2.59292e-17 1.71754e-17 1.13718e-17
0.00165943 0.00251554 0.00307596 0.00335574 0.00340225 0.00327413 0.0030287 0.00271534 0.00237293 0.0020298 0.0017049 0.00140957 0.00114938 0.000925795 0.000737584 0.000581869 0.000454943 0.000352819 0.000271583 0.00020762 0.000157716 0.000119103 8.94513e-05 6.68382e-05 4.97025e-05 3.67938e-05 2.71225e-05 1.99135e-05 1.45654e-05 1.06156e-05 7.71063e-06 5.58258e-06 4.02946e-06 2.89993e-06 2.0812e-06 1.48965e-06 1.06351e-06 7.57428e-07 5.38172e-07 3.81525e-07 2.69889e-07 1.90522e-07 1.34225e-07 9.43814e-08 6.62416e-08 4.64083e-08 3.2457e-08 2.26618e-08 1.57971e-08 1.09946e-08 7.64048e-09 5.30183e-09 3.67377e-09 2.54213e-09 1.75672e-09 1.21238e-09 8.35659e-10 5.75287e-10 3.95568e-10 2.71677e-10 1.86377e-10 1.27719e-10 8.74281e-11 5.97852e-11 4.08407e-11 2.78716e-11 1.90024e-11 1.29433e-11 8.80808e-12 5.9886e-12 4.06806e-12 2.76106e-12 1.8724e-12 1.26872e-12 8.5898e-13 5.81111e-13 3.92827e-13 2.65348e-13 1.79106e-13 1.20807e-13 8.14265e-14 5.48452e-14 3.69162e-14 2.48317e-14 1.66922e-14 1.12135e-14 7.52833e-15 5.05112e-15 3.387e-15 2.26978e-15 1.5202e-15 1.01758e-15 6.80763e-16 4.55179e-16 3.04182e-16 2.03168e-16 1.35628e-16 9.04939e-17 6.03491e-17 4.02261e-17 2.67998e-17
0.00104066 0.00169315 0.00217674 0.00247412 0.00259924 0.00258231 0.00245923 0.00226496 0.0020298 0.00177796 0.0015273 0.00129005 0.00107366 0.000881949 0.000716044 0.000575258 0.000457761 0.000361106 0.000282596 0.000219537 0.000169395 0.000129884 9.90068e-05 7.50573e-05 5.66098e-05 4.2491e-05 3.17491e-05 2.36215e-05 1.75036e-05 1.29205e-05 9.5029e-06 6.96516e-06 5.08836e-06 3.70563e-06 2.69059e-06 1.94801e-06 1.40652e-06 1.01289e-06 7.27589e-07 5.21388e-07 3.7276e-07 2.65906e-07 1.89275e-07 1.3445e-07 9.53146e-08 6.74407e-08 4.76295e-08 3.35776e-08 2.36302e-08 1.66018e-08 1.16448e-08 8.15502e-09 5.70233e-09 3.98139e-09 2.77581e-09 1.93258e-09 1.34368e-09 9.32991e-10 6.46995e-10 4.48107e-10 3.09979e-10 2.14175e-10 1.4781e-10 1.01894e-10 7.01646e-11 4.82638e-11 3.31644e-11 2.27656e-11 1.56119e-11 1.06957e-11 7.32064e-12 5.00595e-12 3.42004e-12 2.33448e-12 1.59211e-12 1.08489e-12 7.38649e-13 5.02502e-13 3.4158e-13 2.32011e-13 1.57468e-13 1.06795e-13 7.23755e-14 4.9014e-14 3.31697e-14 2.24318e-14 1.51597e-14 1.02383e-14 6.91011e-15 4.66081e-15 3.1417e-15 2.11641e-15 1.42486e-15 9.58703e-16 6.44677e-16 4.33263e-16 2.91014e-16 1.9536e-16 1.31075e-16 8.78965e-17 5.89106e-17
0.000652611 0.0011343 0.0015285 0.00180571 0.00196178 0.00200855 0.00196617 0.00185759 0.0017049 0.0015273 0.00134024 0.00115526 0.000980326 0.000820422 0.000678141 0.000554312 0.000448532 0.000359604 0.000285879 0.000225505 0.000176605 0.000137388 0.000106216 8.16403e-05 6.24101e-05 4.7466e-05 3.59268e-05 2.70696e-05 2.03085e-05 1.51743e-05 1.12943e-05 8.37564e-06 6.18954e-06 4.55881e-06 3.34706e-06 2.44994e-06 1.78806e-06 1.30137e-06 9.44616e-07 6.83905e-07 4.93928e-07 3.55878e-07 2.55826e-07 1.83498e-07 1.31339e-07 9.3814e-08 6.68775e-08 4.75839e-08 3.37937e-08 2.3957e-08 1.69541e-08 1.1978e-08 8.44862e-09 5.94976e-09 4.18356e-09 2.93727e-09 2.05926e-09 1.44167e-09 1.00791e-09 7.03724e-10 4.90701e-10 3.41728e-10 2.37689e-10 1.65126e-10 1.14581e-10 7.94173e-11 5.49834e-11 3.80255e-11 2.62698e-11 1.81296e-11 1.24991e-11 8.60871e-12 5.92347e-12 4.07195e-12 2.79658e-12 1.91892e-12 1.31553e-12 9.01086e-13 6.16684e-13 4.21693e-13 2.88122e-13 1.96701e-13 1.34183e-13 9.14648e-14 6.22992e-14 4.24023e-14 2.88391e-14 1.96003e-14 1.33119e-14 9.03486e-15 6.12786e-15 4.15344e-15 2.81336e-15 1.90443e-15 1.28835e-15 8.71029e-16 5.88531e-16 3.97417e-16 2.68207e-16 1.80901e-16 1.21946e-16
0.000409262 0.000756807 0.00106609 0.00130632 0.00146514 0.00154357 0.00155104 0.00150135 0.00140957 0.00129005 0.00115526 0.00101525 0.000877614 0.000747629 0.000628632 0.000522394 0.000429506 0.000349717 0.000282223 0.000225894 0.000179439 0.000141537 0.000110911 8.638e-05 6.68896e-05 5.15181e-05 3.9478e-05 3.0107e-05 2.28566e-05 1.72778e-05 1.30076e-05 9.7549e-06 7.28862e-06 5.42676e-06 4.02696e-06 2.97864e-06 2.19647e-06 1.61493e-06 1.184e-06 8.65714e-07 6.31339e-07 4.59262e-07 3.3328e-07 2.41294e-07 1.74304e-07 1.25639e-07 9.03716e-08 6.48723e-08 4.64767e-08 3.32343e-08 2.37214e-08 1.69012e-08 1.20212e-08 8.53586e-09 6.05119e-09 4.28299e-09 3.02681e-09 2.13587e-09 1.50499e-09 1.05895e-09 7.44086e-10 5.22139e-10 3.65916e-10 2.56108e-10 1.7903e-10 1.24997e-10 8.71691e-11 6.07187e-11 4.22467e-11 2.93619e-11 2.03849e-11 1.41376e-11 9.79481e-12 6.77921e-12 4.68743e-12 3.23796e-12 2.2346e-12 1.54073e-12 1.06135e-12 7.3048e-13 5.0232e-13 3.4513e-13 2.36932e-13 1.62521e-13 1.1139e-13 7.62851e-14 5.22035e-14 3.56969e-14 2.43915e-14 1.66544e-14 1.13634e-14 7.74786e-15 5.27904e-15 3.59446e-15 2.4458e-15 1.66312e-15 1.13018e-15 7.67529e-16 5.20921e-16 3.53331e-16 2.39514e-16
0.000256654 0.000503119 0.00073917 0.00093777 0.00108418 0.00117377 0.00120927 0.00119795 0.00114938 0.00107366 0.000980326 0.000877614 0.000772193 0.000669106 0.000571897 0.00048282 0.000403086 0.000333105 0.000272713 0.000221356 0.000178245 0.000142473 0.000113099 8.92056e-05 6.99369e-05 5.45207e-05 4.22766e-05 3.26177e-05 2.50461e-05 1.91455e-05 1.45726e-05 1.10468e-05 8.34175e-06 6.27583e-06 4.70492e-06 3.51535e-06 2.61807e-06 1.9438e-06 1.4389e-06 1.06211e-06 7.81842e-07 5.74013e-07 4.20359e-07 3.07082e-07 2.23801e-07 1.62734e-07 1.1807e-07 8.54812e-08 6.176e-08 4.45324e-08 3.20483e-08 2.30207e-08 1.6506e-08 1.18141e-08 8.44136e-09 6.02145e-09 4.28832e-09 3.04923e-09 2.16485e-09 1.53468e-09 1.08637e-09 7.67931e-10 5.42087e-10 3.82149e-10 2.69047e-10 1.89177e-10 1.32851e-10 9.31826e-11 6.52811e-11 4.56809e-11 3.19293e-11 2.22927e-11 1.55476e-11 1.08319e-11 7.53861e-12 5.24129e-12 3.64043e-12 2.52607e-12 1.75114e-12 1.21281e-12 8.39197e-13 5.80158e-13 4.00725e-13 2.76548e-13 1.9069e-13 1.31378e-13 9.04408e-14 6.22097e-14 4.27573e-14 2.93649e-14 2.01519e-14 1.38192e-14 9.46955e-15 6.48433e-15 4.43705e-15 3.03404e-15 2.07326e-15 1.41577e-15 9.66155e-16 6.58899e-16 4.4907e-16
0.000160952 0.000333395 0.000509812 0.000668604 0.00079573 0.000884265 0.000933054 0.000945064 0.000925795 0.000881949 0.000820422 0.000747629 0.000669106 0.00058933 0.000511699 0.000438611 0.000371599 0.000311492 0.00025857 0.000212718 0.000173548 0.000140501 0.000112932 9.01645e-05 7.15349e-05 5.64197e-05 4.42509e-05 3.45247e-05 2.68026e-05 2.07098e-05 1.59306e-05 1.22022e-05 9.30867e-06 7.07387e-06 5.35579e-06 4.0407e-06 3.03825e-06 2.2771e-06 1.70134e-06 1.26737e-06 9.41393e-07 6.97329e-07 5.15167e-07 3.79616e-07 2.7904e-07 2.04621e-07 1.49703e-07 1.0928e-07 7.95999e-08 5.78596e-08 4.19718e-08 3.03869e-08 2.19577e-08 1.58374e-08 1.14025e-08 8.19521e-09 5.88006e-09 4.21198e-09 3.01227e-09 2.15091e-09 1.53352e-09 1.09173e-09 7.76085e-10 5.50926e-10 3.90553e-10 2.76493e-10 1.95488e-10 1.38039e-10 9.7351e-11 6.85724e-11 4.82437e-11 3.39021e-11 2.37967e-11 1.66848e-11 1.16857e-11 8.17566e-12 5.71396e-12 3.98939e-12 2.78254e-12 1.93887e-12 1.3497e-12 9.38677e-13 6.52219e-13 4.52769e-13 3.14031e-13 2.17615e-13 1.50672e-13 1.04235e-13 7.20498e-14 4.97623e-14 3.43418e-14 2.36812e-14 1.63175e-14 1.1235e-14 7.72982e-15 5.31435e-15 3.65106e-15 2.50658e-15 1.71966e-15 1.17898e-15 8.07752e-16
0.000100935 0.000220291 0.000349971 0.000473788 0.000579773 0.000660621 0.000713267 0.000738027 0.000737584 0.000716044 0.000678141 0.000628632 0.000571897 0.000511699 0.00045108 0.000392352 0.00033715 0.000286523 0.000241037 0.000200883 0.000165975 0.000136036 0.000110665 8.93981e-05 7.17462e-05 5.72259e-05 4.53802e-05 3.57899e-05 2.80804e-05 2.19237e-05 1.70373e-05 1.31814e-05 1.01552e-05 7.7923e-06 5.95625e-06 4.5361e-06 3.44241e-06 2.60361e-06 1.96283e-06 1.47515e-06 1.10533e-06 8.25835e-07 6.15306e-07 4.57222e-07 3.38876e-07 2.50537e-07 1.84781e-07 1.35966e-07 9.98214e-08 7.31255e-08 5.34558e-08 3.89969e-08 2.83923e-08 2.06316e-08 1.49641e-08 1.08336e-08 7.82943e-09 5.64855e-09 4.06833e-09 2.9254e-09 2.10022e-09 1.50547e-09 1.07751e-09 7.70075e-10 5.49567e-10 3.91651e-10 2.7873e-10 1.98102e-10 1.40613e-10 9.96806e-11 7.05754e-11 4.99076e-11 3.52503e-11 2.48687e-11 1.75246e-11 1.23355e-11 8.67342e-12 6.09199e-12 4.27438e-12 2.99599e-12 2.09782e-12 1.46747e-12 1.02553e-12 7.16005e-13 4.99435e-13 3.48052e-13 2.42337e-13 1.68582e-13 1.17174e-13 8.13726e-14 5.6463e-14 3.91466e-14 2.71191e-14 1.8772e-14 1.29841e-14 8.97383e-15 6.19752e-15 4.27698e-15 2.94945e-15 2.03252e-15 1.39966e-15
6.32981e-05 0.00014518 0.00023923 0.000333893 0.000419655 0.000489842 0.00054071 0.0005711 0.000581869 0.000575258 0.000554312 0.000522394 0.00048282 0.000438611 0.000392352 0.00034613 0.000301529 0.000259674 0.000221284 0.000186747 0.000156191 0.00012955 0.000106621 8.71153e-05 7.0695e-05 5.7004e-05 4.56882e-05 3.6411e-05 2.88619e-05 2.27616e-05 1.78639e-05 1.39557e-05 1.08548e-05 8.40762e-06 6.4862e-06 4.98479e-06 3.81694e-06 2.91245e-06 2.21483e-06 1.67887e-06 1.26865e-06 9.55797e-07 7.18021e-07 5.37898e-07 4.01881e-07 2.9948e-07 2.22613e-07 1.65075e-07 1.22122e-07 9.01401e-08 6.63876e-08 4.87898e-08 3.57826e-08 2.61904e-08 1.91322e-08 1.39496e-08 1.01522e-08 7.37526e-09 5.34857e-09 3.87221e-09 2.79874e-09 2.0196e-09 1.45507e-09 1.04674e-09 7.5187e-10 5.39278e-10 3.86247e-10 2.76256e-10 1.97319e-10 1.4075e-10 1.00269e-10 7.13395e-11 5.06939e-11 3.59794e-11 2.55056e-11 1.80597e-11 1.2773e-11 9.02377e-12 6.36809e-12 4.48916e-12 3.16129e-12 2.22391e-12 1.5629e-12 1.09727e-12 7.69616e-13 5.39289e-13 3.77539e-13 2.6406e-13 1.84524e-13 1.2883e-13 8.98679e-14 6.26354e-14 4.36185e-14 3.03503e-14 2.11009e-14 1.46587e-14 1.01753e-14 7.05771e-15 4.8916e-15 3.38777e-15 2.34454e-15
3.96952e-05 9.54547e-05 0.000162905 0.000234135 0.000301953 0.000360745 0.000406803 0.000438283 0.000454943 0.000457761 0.000448532 0.000429506 0.000403086 0.000371599 0.00033715 0.000301529 0.000266179 0.000232195 0.000200352 0.000171148 0.000144848 0.000121535 0.000101158 8.35661e-05 6.85488e-05 5.5859e-05 4.52352e-05 3.64168e-05 2.91546e-05 2.32176e-05 1.83972e-05 1.45082e-05 1.13894e-05 8.90239e-06 6.92969e-06 5.37281e-06 4.14994e-06 3.19376e-06 2.44934e-06 1.87214e-06 1.42635e-06 1.08334e-06 8.20365e-07 6.19434e-07 4.66417e-07 3.50257e-07 2.62343e-07 1.96002e-07 1.46082e-07 1.08619e-07 8.05801e-08 5.96467e-08 4.40567e-08 3.24737e-08 2.38875e-08 1.75371e-08 1.28502e-08 9.39844e-09 6.86142e-09 5.00042e-09 3.63791e-09 2.64223e-09 1.91594e-09 1.38707e-09 1.00264e-09 7.23653e-10 5.21523e-10 3.75309e-10 2.69707e-10 1.93551e-10 1.38712e-10 9.92792e-11 7.09648e-11 5.06617e-11 3.61226e-11 2.57249e-11 1.82985e-11 1.30008e-11 9.22643e-12 6.54053e-12 4.63146e-12 3.2761e-12 2.31495e-12 1.6341e-12 1.15233e-12 8.11789e-13 5.71331e-13 4.01714e-13 2.82188e-13 1.98044e-13 1.38864e-13 9.72819e-14 6.80918e-14 4.76195e-14 3.32742e-14 2.32311e-14 1.62061e-14 1.12963e-14 7.86782e-15 5.47562e-15 3.80785e-15
2.48934e-05 6.26267e-05 0.000110545 0.000163437 0.000216087 0.000264028 0.00030395 0.000333824 0.000352819 0.000361106 0.000359604 0.000349717 0.000333105 0.000311492 0.000286523 0.000259674 0.000232195 0.00020509 0.00017912 0.000154824 0.000132545 0.000112465 9.46368e-05 7.90189e-05 6.54998e-05 5.39234e-05 4.41078e-05 3.586e-05 2.89871e-05 2.33039e-05 1.86381e-05 1.48332e-05 1.17497e-05 9.26561e-06 7.27549e-06 5.68948e-06 4.4318e-06 3.43918e-06 2.65927e-06 2.0491e-06 1.57368e-06 1.20469e-06 9.19371e-07 6.99537e-07 5.30737e-07 4.01551e-07 3.02994e-07 2.28034e-07 1.71187e-07 1.28198e-07 9.57787e-08 7.13937e-08 5.30989e-08 3.94071e-08 2.91845e-08 2.15697e-08 1.59102e-08 1.17131e-08 8.60701e-09 6.31306e-09 4.62226e-09 3.37844e-09 2.46515e-09 1.79579e-09 1.30608e-09 9.48418e-10 6.87647e-10 4.9783e-10 3.59883e-10 2.59789e-10 1.87273e-10 1.34814e-10 9.69199e-11 6.95863e-11 4.98974e-11 3.57346e-11 2.55603e-11 1.82609e-11 1.30306e-11 9.28766e-12 6.61236e-12 4.70246e-12 3.34057e-12 2.37057e-12 1.68046e-12 1.19003e-12 8.41882e-13 5.94994e-13 4.20099e-13 2.9633e-13 2.08829e-13 1.4703e-13 1.03426e-13 7.26882e-14 5.10409e-14 3.58095e-14 2.51021e-14 1.75817e-14 1.23043e-14 8.604e-15 6.01174e-15
1.56111e-05 4.10085e-05 7.47756e-05 0.000113614 0.000153872 0.000192145 0.000225669 0.000252507 0.000271583 0.000282596 0.000285879 0.000282223 0.000272713 0.00025857 0.000241037 0.000221284 0.000200352 0.00017912 0.000158291 0.000138395 0.00011981 0.000102771 8.74035e-05 7.37414e-05 6.17496e-05 5.13444e-05 4.24098e-05 3.48108e-05 2.84043e-05 2.30467e-05 1.86e-05 1.49351e-05 1.19344e-05 9.49263e-06 7.51717e-06 5.92773e-06 4.65549e-06 3.64215e-06 2.83879e-06 2.20473e-06 1.7064e-06 1.31635e-06 1.01221e-06 7.75953e-07 5.93074e-07 4.51997e-07 3.43524e-07 2.60383e-07 1.96852e-07 1.48448e-07 1.11673e-07 8.38096e-08 6.27543e-08 4.6884e-08 3.49515e-08 2.60012e-08 1.93033e-08 1.43023e-08 1.05764e-08 7.80637e-09 5.75126e-09 4.2296e-09 3.10511e-09 2.2757e-09 1.66507e-09 1.21631e-09 8.87089e-10 6.4598e-10 4.69693e-10 3.41011e-10 2.47226e-10 1.78981e-10 1.29396e-10 9.34212e-11 6.73591e-11 4.85047e-11 3.48835e-11 2.50563e-11 1.79756e-11 1.28805e-11 9.21875e-12 6.59043e-12 4.70616e-12 3.35691e-12 2.39189e-12 1.70248e-12 1.21051e-12 8.59824e-13 6.10118e-13 4.32502e-13 3.06296e-13 2.1671e-13 1.53183e-13 1.08178e-13 7.63268e-14 5.38054e-14 3.78961e-14 2.66679e-14 1.87506e-14 1.31728e-14 9.24663e-15
9.78993e-06 2.68047e-05 5.04321e-05 7.86785e-05 0.00010907 0.000139103 0.000166576 0.000189786 0.00020762 0.000219537 0.000225505 0.000225894 0.000221356 0.000212718 0.000200883 0.000186747 0.000171148 0.000154824 0.000138395 0.000122357 0.000107081 9.28307e-05 7.97708e-05 6.79859e-05 5.74962e-05 4.82733e-05 4.02536e-05 3.33502e-05 2.74623e-05 2.24833e-05 1.8306e-05 1.4827e-05 1.19495e-05 9.58466e-06 7.65299e-06 6.0841e-06 4.81674e-06 3.79817e-06 2.98353e-06 2.335e-06 1.82097e-06 1.41526e-06 1.09633e-06 8.46586e-07 6.51733e-07 5.00246e-07 3.82874e-07 2.92231e-07 2.22451e-07 1.68894e-07 1.2791e-07 9.66351e-08 7.28345e-08 5.47699e-08 4.10939e-08 3.0766e-08 2.29851e-08 1.71369e-08 1.27512e-08 9.46942e-09 7.01897e-09 5.19303e-09 3.83518e-09 2.82741e-09 2.08088e-09 1.5289e-09 1.1215e-09 8.21351e-10 6.00593e-10 4.385e-10 3.19678e-10 2.32714e-10 1.69166e-10 1.228e-10 8.90201e-11 6.44463e-11 4.6595e-11 3.36452e-11 2.4264e-11 1.74769e-11 1.25731e-11 9.03454e-12 6.48432e-12 4.64866e-12 3.32894e-12 2.38126e-12 1.70153e-12 1.21454e-12 8.66029e-13 6.16893e-13 4.38987e-13 3.1208e-13 2.21646e-13 1.57267e-13 1.11484e-13 7.89558e-14 5.58681e-14 3.94963e-14 2.78977e-14 1.96882e-14 1.38827e-14
6.13941e-06 1.74917e-05 3.3922e-05 5.42936e-05 7.69873e-05 0.000100218 0.000122297 0.000141808 0.000157716 0.000169395 0.000176605 0.000179439 0.000178245 0.000173548 0.000165975 0.000156191 0.000144848 0.000132545 0.00011981 0.000107081 9.47094e-05 8.29576e-05 7.20093e-05 6.19791e-05 5.29244e-05 4.48568e-05 3.77527e-05 3.15635e-05 2.62238e-05 2.16581e-05 1.77865e-05 1.45285e-05 1.18067e-05 9.54799e-06 7.68538e-06 6.15853e-06 4.91393e-06 3.90478e-06 3.09067e-06 2.43704e-06 1.91466e-06 1.49897e-06 1.16957e-06 9.09589e-07 7.05172e-07 5.45034e-07 4.20024e-07 3.22768e-07 2.47348e-07 1.89047e-07 1.44114e-07 1.09585e-07 8.31269e-08 6.29078e-08 4.74974e-08 3.57821e-08 2.68979e-08 2.01769e-08 1.51041e-08 1.12841e-08 8.41384e-09 6.26172e-09 4.65145e-09 3.44903e-09 2.55294e-09 1.8864e-09 1.39155e-09 1.02482e-09 7.53532e-10 5.53189e-10 4.05488e-10 2.96778e-10 2.16894e-10 1.58284e-10 1.1535e-10 8.39461e-11 6.10094e-11 4.42811e-11 3.2098e-11 2.32373e-11 1.68017e-11 1.21336e-11 8.75199e-12 6.30542e-12 4.53753e-12 3.26163e-12 2.34189e-12 1.67967e-12 1.20342e-12 8.61298e-13 6.15801e-13 4.39831e-13 3.13832e-13 2.23709e-13 1.59312e-13 1.13345e-13 8.0566e-14 5.72139e-14 4.05937e-14 2.87759e-14 2.03808e-14
3.85012e-06 1.13971e-05 2.27599e-05 3.73442e-05 5.41295e-05 7.18807e-05 8.93406e-05 0.000105381 0.000119103 0.000129884 0.000137388 0.000141537 0.000142473 0.000140501 0.000136036 0.00012955 0.000121535 0.000112465 0.000102771 9.28307e-05 8.29576e-05 7.33998e-05 6.4343e-05 5.59162e-05 4.8199e-05 4.12303e-05 3.50157e-05 2.9536e-05 2.47538e-05 2.06195e-05 1.70764e-05 1.40642e-05 1.15226e-05 9.39299e-06 7.62036e-06 6.15395e-06 4.94792e-06 3.96151e-06 3.15893e-06 2.50918e-06 1.98562e-06 1.56565e-06 1.23023e-06 9.63439e-07 7.52066e-07 5.85236e-07 4.5404e-07 3.51227e-07 2.70928e-07 2.08414e-07 1.599e-07 1.22363e-07 9.34037e-08 7.11253e-08 5.4033e-08 4.09542e-08 3.09719e-08 2.3372e-08 1.75997e-08 1.32258e-08 9.91894e-09 7.42441e-09 5.54665e-09 4.13611e-09 3.07869e-09 2.28755e-09 1.69677e-09 1.25645e-09 9.28854e-10 6.85567e-10 5.05204e-10 3.71718e-10 2.7309e-10 2.00334e-10 1.46749e-10 1.07345e-10 7.84125e-11 5.72002e-11 4.16708e-11 3.03179e-11 2.20298e-11 1.59873e-11 1.15879e-11 8.38903e-12 6.066e-12 4.38114e-12 3.16065e-12 2.2776e-12 1.63945e-12 1.17883e-12 8.46723e-13 6.07543e-13 4.35478e-13 3.1183e-13 2.23068e-13 1.59416e-13 1.13817e-13 8.11851e-14 5.78548e-14 4.11912e-14 2.93008e-14
2.41447e-06 7.41551e-06 1.52354e-05 2.56083e-05 3.79201e-05 5.13414e-05 6.49631e-05 7.79147e-05 8.94513e-05 9.90068e-05 0.000106216 0.000110911 0.000113099 0.000112932 0.000110665 0.000106621 0.000101158 9.46368e-05 8.74035e-05 7.97708e-05 7.20093e-05 6.4343e-05 5.69486e-05 4.99577e-05 4.3461e-05 3.75139e-05 3.21422e-05 2.73482e-05 2.3116e-05 1.94169e-05 1.62129e-05 1.34613e-05 1.11166e-05 9.13313e-06 7.46678e-06 6.0758e-06 4.92171e-06 3.96965e-06 3.18849e-06 2.55086e-06 2.03292e-06 1.61417e-06 1.27712e-06 1.00698e-06 7.91355e-07 6.19911e-07 4.84108e-07 3.76923e-07 2.92619e-07 2.26533e-07 1.74895e-07 1.34671e-07 1.03432e-07 7.9242e-08 6.05625e-08 4.61774e-08 3.51287e-08 2.66641e-08 2.01953e-08 1.52635e-08 1.15124e-08 8.66579e-09 6.51028e-09 4.88161e-09 3.65357e-09 2.7295e-09 2.03553e-09 1.51537e-09 1.12622e-09 8.3562e-10 6.19e-10 4.5781e-10 3.38069e-10 2.49269e-10 1.8352e-10 1.34918e-10 9.90455e-11 7.26097e-11 5.31569e-11 3.88636e-11 2.83762e-11 2.06922e-11 1.50698e-11 1.09615e-11 7.96351e-12 5.77855e-12 4.18816e-12 3.03198e-12 2.19249e-12 1.58368e-12 1.14267e-12 8.23584e-13 5.92975e-13 4.26495e-13 3.06442e-13 2.19961e-13 1.57731e-13 1.12996e-13 8.08715e-14 5.78255e-14 4.13086e-14
1.51415e-06 4.8186e-06 1.01765e-05 1.7511e-05 2.64748e-05 3.65287e-05 4.70329e-05 5.73344e-05 6.68382e-05 7.50573e-05 8.16403e-05 8.638e-05 8.92056e-05 9.01645e-05 8.93981e-05 8.71153e-05 8.35661e-05 7.90189e-05 7.37414e-05 6.79859e-05 6.19791e-05 5.59162e-05 4.99577e-05 4.42298e-05 3.88258e-05 3.38097e-05 2.92199e-05 2.50734e-05 2.13704e-05 1.80979e-05 1.52335e-05 1.27484e-05 1.061e-05 8.78388e-06 7.23553e-06 5.93148e-06 4.84006e-06 3.93202e-06 3.1808e-06 2.56261e-06 2.05646e-06 1.64405e-06 1.30956e-06 1.03946e-06 8.22272e-07 6.48331e-07 5.09565e-07 3.99272e-07 3.11922e-07 2.42981e-07 1.8875e-07 1.46226e-07 1.12985e-07 8.70773e-08 6.69443e-08 5.13422e-08 3.92841e-08 2.99894e-08 2.2843e-08 1.7362e-08 1.31683e-08 9.96703e-09 7.5289e-09 5.67608e-09 4.27107e-09 3.20786e-09 2.40494e-09 1.79978e-09 1.34456e-09 1.00278e-09 7.46635e-10 5.55016e-10 4.11919e-10 3.05241e-10 2.25846e-10 1.66853e-10 1.23089e-10 9.06744e-11 6.67022e-11 4.90002e-11 3.59476e-11 2.63371e-11 1.92709e-11 1.40826e-11 1.02783e-11 7.49246e-12 5.45514e-12 3.96711e-12 2.88163e-12 2.09076e-12 1.51525e-12 1.09695e-12 7.93265e-13 5.73042e-13 4.13523e-13 2.98103e-13 2.1468e-13 1.54449e-13 1.11007e-13 7.97073e-14 5.71785e-14
9.49546e-07 3.12731e-06 6.78369e-06 1.19424e-05 1.84254e-05 2.58953e-05 3.39136e-05 4.2003e-05 4.97025e-05 5.66098e-05 6.24101e-05 6.68896e-05 6.99369e-05 7.15349e-05 7.17462e-05 7.0695e-05 6.85488e-05 6.54998e-05 6.17496e-05 5.74962e-05 5.29244e-05 4.8199e-05 4.3461e-05 3.88258e-05 3.43837e-05 3.0201e-05 2.63229e-05 2.27758e-05 1.95709e-05 1.67072e-05 1.4174e-05 1.19539e-05 1.00247e-05 8.36174e-06 6.93881e-06 5.72972e-06 4.70903e-06 3.85269e-06 3.13839e-06 2.54587e-06 2.05693e-06 1.65547e-06 1.3274e-06 1.06052e-06 8.44353e-07 6.69996e-07 5.29919e-07 4.17814e-07 3.28423e-07 2.57398e-07 2.01157e-07 1.56769e-07 1.21848e-07 9.4458e-08 7.30395e-08 5.63384e-08 4.33519e-08 3.3281e-08 2.54916e-08 1.94821e-08 1.48572e-08 1.13063e-08 8.58652e-09 6.50793e-09 4.92288e-09 3.71678e-09 2.80095e-09 2.10695e-09 1.58208e-09 1.1859e-09 8.87423e-10 6.62963e-10 4.9447e-10 3.68213e-10 2.73767e-10 2.03235e-10 1.50649e-10 1.11506e-10 8.24145e-11 6.08272e-11 4.48324e-11 3.29987e-11 2.42563e-11 1.78068e-11 1.30554e-11 9.55983e-12 6.99154e-12 5.10704e-12 3.72605e-12 2.71531e-12 1.97648e-12 1.43705e-12 1.04369e-12 7.57176e-13 5.48726e-13 3.97242e-13 2.87279e-13 2.07543e-13 1.49788e-13 1.07998e-13 7.77911e-14
5.95475e-07 2.02734e-06 4.51353e-06 8.12456e-06 1.27853e-05 1.82947e-05 2.43608e-05 3.06433e-05 3.67938e-05 4.2491e-05 4.7466e-05 5.15181e-05 5.45207e-05 5.64197e-05 5.72259e-05 5.7004e-05 5.5859e-05 5.39234e-05 5.13444e-05 4.82733e-05 4.48568e-05 4.12303e-05 3.75139e-05 3.38097e-05 3.0201e-05 2.67524e-05 2.35112e-05 2.05091e-05 1.77645e-05 1.52846e-05 1.30674e-05 1.11045e-05 9.38217e-06 7.88345e-06 6.58939e-06 5.48009e-06 4.5356e-06 3.73657e-06 3.06466e-06 2.50286e-06 2.03566e-06 1.64914e-06 1.33092e-06 1.07016e-06 8.57433e-07 6.84639e-07 5.44856e-07 4.32222e-07 3.41807e-07 2.69492e-07 2.11857e-07 1.66076e-07 1.29831e-07 1.01225e-07 7.87169e-08 6.10595e-08 4.72467e-08 3.64714e-08 2.80882e-08 2.15829e-08 1.65477e-08 1.26599e-08 9.66518e-09 7.36379e-09 5.59918e-09 4.24913e-09 3.21846e-09 2.43325e-09 1.83626e-09 1.38328e-09 1.04023e-09 7.80928e-10 5.85285e-10 4.37942e-10 3.27169e-10 2.44033e-10 1.81744e-10 1.35151e-10 1.00355e-10 7.44104e-11 5.50952e-11 4.07372e-11 3.008e-11 2.21811e-11 1.63351e-11 1.20143e-11 8.82528e-12 6.4747e-12 4.7444e-12 3.47234e-12 2.53836e-12 1.85345e-12 1.35181e-12 9.84835e-13 7.16695e-13 5.20998e-13 3.78335e-13 2.74449e-13 1.98884e-13 1.43979e-13 1.04127e-13
3.73431e-07 1.31286e-06 2.99777e-06 5.51439e-06 8.8469e-06 1.28835e-05 1.74363e-05 2.22682e-05 2.71225e-05 3.17491e-05 3.59268e-05 3.9478e-05 4.22766e-05 4.42509e-05 4.53802e-05 4.56882e-05 4.52352e-05 4.41078e-05 4.24098e-05 4.02536e-05 3.77527e-05 3.50157e-05 3.21422e-05 2.92199e-05 2.63229e-05 2.35112e-05 2.08313e-05 1.8317e-05 1.59905e-05 1.38644e-05 1.19432e-05 1.02249e-05 8.70248e-06 7.36521e-06 6.20004e-06 5.19245e-06 4.32724e-06 3.58921e-06 2.96358e-06 2.43636e-06 1.99454e-06 1.62626e-06 1.32083e-06 1.06874e-06 8.61624e-07 6.92219e-07 5.54238e-07 4.42308e-07 3.51862e-07 2.79051e-07 2.20648e-07 1.73963e-07 1.36771e-07 1.07237e-07 8.38582e-08 6.54072e-08 5.0888e-08 3.94953e-08 3.05804e-08 2.3623e-08 1.82074e-08 1.40025e-08 1.07456e-08 8.22899e-09 6.28892e-09 4.79666e-09 3.65138e-09 2.77426e-09 2.10393e-09 1.59266e-09 1.2035e-09 9.07841e-10 6.83653e-10 5.1397e-10 3.85772e-10 2.89088e-10 2.16296e-10 1.61585e-10 1.20532e-10 8.97759e-11 6.67715e-11 4.95914e-11 3.67805e-11 2.72418e-11 2.01499e-11 1.48846e-11 1.0981e-11 8.09083e-12 5.95394e-12 4.37607e-12 3.21248e-12 2.35551e-12 1.72513e-12 1.26201e-12 9.22185e-13 6.73118e-13 4.90786e-13 3.57461e-13 2.6008e-13 1.89032e-13 1.37253e-13
2.34184e-07 8.49334e-07 1.98773e-06 3.73461e-06 6.10559e-06 9.0455e-06 1.2438e-05 1.61224e-05 1.99135e-05 2.36215e-05 2.70696e-05 3.0107e-05 3.26177e-05 3.45247e-05 3.57899e-05 3.6411e-05 3.64168e-05 3.586e-05 3.48108e-05 3.33502e-05 3.15635e-05 2.9536e-05 2.73482e-05 2.50734e-05 2.27758e-05 2.05091e-05 1.8317e-05 1.62326e-05 1.42802e-05 1.24754e-05 1.08267e-05 9.33697e-06 8.004e-06 6.82212e-06 5.783e-06 4.87652e-06 4.09154e-06 3.41641e-06 2.83951e-06 2.34956e-06 1.93584e-06 1.58841e-06 1.29817e-06 1.0569e-06 8.5729e-07 6.92897e-07 5.58094e-07 4.48014e-07 3.58483e-07 2.85944e-07 2.2739e-07 1.80293e-07 1.42541e-07 1.1238e-07 8.83619e-08 6.92942e-08 5.42022e-08 4.22917e-08 3.29184e-08 2.55621e-08 1.98041e-08 1.53086e-08 1.18078e-08 9.08807e-09 6.98022e-09 5.35036e-09 4.09292e-09 3.12492e-09 2.38133e-09 1.81132e-09 1.37525e-09 1.04231e-09 7.88595e-10 5.95627e-10 4.49129e-10 3.3811e-10 2.54127e-10 1.90706e-10 1.42892e-10 1.06906e-10 7.98639e-11 5.9576e-11 4.43787e-11 3.30121e-11 2.45232e-11 1.81927e-11 1.34785e-11 9.97302e-12 7.36983e-12 5.43933e-12 4.00958e-12 2.95207e-12 2.1709e-12 1.59458e-12 1.16991e-12 8.5737e-13 6.27627e-13 4.58944e-13 3.35236e-13 2.44614e-13 1.78303e-13
1.46861e-07 5.48946e-07 1.31594e-06 2.52405e-06 4.20325e-06 6.33271e-06 8.84426e-06 1.1632e-05 1.45654e-05 1.75036e-05 2.03085e-05 2.28566e-05 2.50461e-05 2.68026e-05 2.80804e-05 2.88619e-05 2.91546e-05 2.89871e-05 2.84043e-05 2.74623e-05 2.62238e-05 2.47538e-05 2.3116e-05 2.13704e-05 1.95709e-05 1.77645e-05 1.59905e-05 1.42802e-05 1.26577e-05 1.11402e-05 9.73878e-06 8.45914e-06 7.30282e-06 6.26786e-06 5.34962e-06 4.54158e-06 3.83591e-06 3.22401e-06 2.69697e-06 2.24588e-06 1.8621e-06 1.53743e-06 1.26423e-06 1.03553e-06 8.44999e-07 6.87017e-07 5.56605e-07 4.49412e-07 3.61665e-07 2.9012e-07 2.32006e-07 1.84975e-07 1.47047e-07 1.16564e-07 9.21459e-08 7.26475e-08 5.71256e-08 4.48061e-08 3.50566e-08 2.73624e-08 2.13069e-08 1.65535e-08 1.28319e-08 9.92532e-09 7.66081e-09 5.90069e-09 4.53575e-09 3.47965e-09 2.66428e-09 2.03611e-09 1.55317e-09 1.18263e-09 8.98893e-10 6.82045e-10 5.1663e-10 3.90682e-10 2.94956e-10 2.2233e-10 1.67324e-10 1.25733e-10 9.43382e-11 7.06778e-11 5.28748e-11 3.94999e-11 2.94671e-11 2.19524e-11 1.63321e-11 1.21347e-11 9.00428e-12 6.67291e-12 4.93897e-12 3.65109e-12 2.69576e-12 1.98803e-12 1.46438e-12 1.07742e-12 7.91815e-13 5.81269e-13 4.26239e-13 3.12219e-13 2.28456e-13
9.20984e-08 3.54484e-07 8.6991e-07 1.70256e-06 2.88684e-06 4.42154e-06 6.26991e-06 8.36454e-06 1.06156e-05 1.29205e-05 1.51743e-05 1.72778e-05 1.91455e-05 2.07098e-05 2.19237e-05 2.27616e-05 2.32176e-05 2.33039e-05 2.30467e-05 2.24833e-05 2.16581e-05 2.06195e-05 1.94169e-05 1.80979e-05 1.67072e-05 1.52846e-05 1.38644e-05 1.24754e-05 1.11402e-05 9.87637e-06 8.69595e-06 7.60673e-06 6.61261e-06 5.71433e-06 4.91008e-06 4.19614e-06 3.56735e-06 3.01766e-06 2.54043e-06 2.12883e-06 1.776e-06 1.47532e-06 1.2205e-06 1.00568e-06 8.25491e-07 6.75074e-07 5.50085e-07 4.46681e-07 3.61496e-07 2.91602e-07 2.3448e-07 1.87969e-07 1.50235e-07 1.19729e-07 9.51497e-08 7.54096e-08 5.9606e-08 4.69925e-08 3.69549e-08 2.899e-08 2.26874e-08 1.77136e-08 1.37988e-08 1.07253e-08 8.31838e-09 6.43794e-09 4.97229e-09 3.83256e-09 2.94825e-09 2.2636e-09 1.73467e-09 1.32687e-09 1.01311e-09 7.72173e-10 5.87517e-10 4.46261e-10 3.38403e-10 2.56196e-10 1.93649e-10 1.46143e-10 1.10122e-10 8.28543e-11 6.22463e-11 4.66962e-11 3.49809e-11 2.61681e-11 1.95487e-11 1.4584e-11 1.08658e-11 8.08498e-12 6.00815e-12 4.4592e-12 3.30548e-12 2.44729e-12 1.80974e-12 1.3367e-12 9.86171e-13 7.26733e-13 5.34946e-13 3.93338e-13 2.88902e-13
5.77563e-08 2.28719e-07 5.74255e-07 1.14632e-06 1.9783e-06 3.07925e-06 4.43218e-06 5.99606e-06 7.71063e-06 9.5029e-06 1.12943e-05 1.30076e-05 1.45726e-05 1.59306e-05 1.70373e-05 1.78639e-05 1.83972e-05 1.86381e-05 1.86e-05 1.8306e-05 1.77865e-05 1.70764e-05 1.62129e-05 1.52335e-05 1.4174e-05 1.30674e-05 1.19432e-05 1.08267e-05 9.73878e-06 8.69595e-06 7.71071e-06 6.79178e-06 5.94454e-06 5.1716e-06 4.47321e-06 3.84777e-06 3.29226e-06 2.80264e-06 2.3742e-06 2.00183e-06 1.68024e-06 1.40418e-06 1.16856e-06 9.68545e-07 7.99627e-07 6.57677e-07 5.3895e-07 4.40096e-07 3.58143e-07 2.90485e-07 2.3485e-07 1.89278e-07 1.52087e-07 1.21844e-07 9.73352e-08 7.75402e-08 6.16038e-08 4.88138e-08 3.85799e-08 3.04155e-08 2.39204e-08 1.87676e-08 1.46907e-08 1.14735e-08 8.94104e-09 6.95255e-09 5.39492e-09 4.17765e-09 3.22854e-09 2.49014e-09 1.91694e-09 1.4729e-09 1.12964e-09 8.64809e-10 6.60899e-10 5.04195e-10 3.83995e-10 2.91966e-10 2.21631e-10 1.67972e-10 1.27104e-10 9.60327e-11 7.24473e-11 5.45737e-11 4.10501e-11 3.08337e-11 2.31275e-11 1.73235e-11 1.29585e-11 9.68049e-12 7.22227e-12 5.38138e-12 4.00466e-12 2.97645e-12 2.20955e-12 1.63827e-12 1.21327e-12 8.97477e-13 6.63122e-13 4.89413e-13 3.60808e-13
3.62199e-08 1.47457e-07 3.78583e-07 7.7046e-07 1.35284e-06 2.13925e-06 3.12459e-06 4.28544e-06 5.58258e-06 6.96516e-06 8.37564e-06 9.7549e-06 1.10468e-05 1.22022e-05 1.31814e-05 1.39557e-05 1.45082e-05 1.48332e-05 1.49351e-05 1.4827e-05 1.45285e-05 1.40642e-05 1.34613e-05 1.27484e-05 1.19539e-05 1.11045e-05 1.02249e-05 9.33697e-06 8.45914e-06 7.60673e-06 6.79178e-06 6.02325e-06 5.30735e-06 4.64785e-06 4.04641e-06 3.50302e-06 3.01628e-06 2.58375e-06 2.20227e-06 1.86816e-06 1.57746e-06 1.3261e-06 1.11005e-06 9.25367e-07 7.68347e-07 6.3552e-07 5.23703e-07 4.30008e-07 3.51846e-07 2.86919e-07 2.33208e-07 1.88949e-07 1.52618e-07 1.22904e-07 9.86863e-08 7.90165e-08 6.30929e-08 5.02433e-08 3.99062e-08 3.16152e-08 2.49847e-08 1.96971e-08 1.54919e-08 1.21564e-08 9.51771e-09 7.43541e-09 5.79624e-09 4.50897e-09 3.50041e-09 2.71201e-09 2.09707e-09 1.61846e-09 1.24674e-09 9.5863e-10 7.35778e-10 5.63738e-10 4.31179e-10 3.29234e-10 2.50975e-10 1.91007e-10 1.45137e-10 1.1011e-10 8.3408e-11 6.30863e-11 4.76454e-11 3.59315e-11 2.7059e-11 2.03488e-11 1.52816e-11 1.14607e-11 8.58376e-12 6.42061e-12 4.79642e-12 3.57857e-12 2.66663e-12 1.98466e-12 1.47532e-12 1.0954e-12 8.12371e-13 6.01781e-13 4.45279e-13
2.2714e-08 9.49962e-08 2.49271e-07 5.16979e-07 9.23269e-07 1.48277e-06 2.19708e-06 3.05416e-06 4.02946e-06 5.08836e-06 6.18954e-06 7.28862e-06 8.34175e-06 9.30867e-06 1.01552e-05 1.08548e-05 1.13894e-05 1.17497e-05 1.19344e-05 1.19495e-05 1.18067e-05 1.15226e-05 1.11166e-05 1.061e-05 1.00247e-05 9.38217e-06 8.70248e-06 8.004e-06 7.30282e-06 6.61261e-06 5.94454e-06 5.30735e-06 4.70751e-06 4.14942e-06 3.63568e-06 3.16736e-06 2.74427e-06 2.36521e-06 2.02823e-06 1.73082e-06 1.47013e-06 1.2431e-06 1.04656e-06 8.77413e-07 7.32631e-07 6.0935e-07 5.04899e-07 4.16823e-07 3.42892e-07 2.81106e-07 2.29687e-07 1.87067e-07 1.51877e-07 1.22932e-07 9.92081e-08 7.98323e-08 6.40607e-08 5.12648e-08 4.09159e-08 3.25716e-08 2.58637e-08 2.04868e-08 1.61887e-08 1.27625e-08 1.00384e-08 7.87815e-09 6.1693e-09 4.82083e-09 3.75927e-09 2.9255e-09 2.27211e-09 1.76122e-09 1.3626e-09 1.05223e-09 8.11074e-10 6.24066e-10 4.79334e-10 3.67534e-10 2.81336e-10 2.14998e-10 1.64036e-10 1.24954e-10 9.50353e-11 7.21695e-11 5.47229e-11 4.14326e-11 3.13246e-11 2.36488e-11 1.7829e-11 1.34228e-11 1.0092e-11 7.57756e-12 5.68219e-12 4.25543e-12 3.1829e-12 2.37773e-12 1.77406e-12 1.32207e-12 9.84066e-13 7.31624e-13 5.43316e-13
