0.963574 0.00884221 0.00443496 0.0022445 0.00114576 0.000589693 0.000305842 0.000159761 8.40008e-05 4.44291e-05 2.36234e-05 1.26191e-05 6.76782e-06 3.64197e-06 1.96534e-06 1.06296e-06 5.75909e-07 3.12429e-07 1.69641e-07 9.21583e-08 5.00753e-08 2.72068e-08 1.47772e-08 8.02188e-09 4.35159e-09 2.3584e-09 1.27652e-09 6.89366e-10 3.70204e-10 1.95305e-10 1.05207e-10
0.00884221 0.000147844 7.46695e-05 3.80529e-05 1.95464e-05 1.01081e-05 5.25643e-06 2.74562e-06 1.43904e-06 7.56125e-07 3.97977e-07 2.0969e-07 1.10539e-07 5.82733e-08 3.07107e-08 1.61753e-08 8.51256e-09 4.47552e-09 2.35043e-09 1.23293e-09 6.45926e-10 3.37962e-10 1.76593e-10 9.2142e-11 4.79932e-11 2.4925e-11 1.28536e-11 6.48481e-12 3.0244e-12 9.71391e-13 4.90033e-13
0.00443496 7.46695e-05 3.76734e-05 1.91751e-05 9.83567e-06 5.07869e-06 2.63691e-06 1.3752e-06 7.19666e-07 3.77579e-07 1.98455e-07 1.04425e-07 5.498e-08 2.89509e-08 1.52413e-08 8.01975e-09 4.21677e-09 2.21516e-09 1.16247e-09 6.09356e-10 3.19035e-10 1.66823e-10 8.71108e-11 4.54084e-11 2.3601e-11 1.21793e-11 6.14746e-12 2.86737e-12 9.22472e-13 4.62356e-13 2.33399e-13
0.0022445 3.80529e-05 1.91751e-05 9.74488e-06 4.98987e-06 2.57173e-06 1.33267e-06 6.93653e-07 3.62301e-07 1.89729e-07 9.95432e-08 5.22905e-08 2.74875e-08 1.44528e-08 7.59837e-09 3.99311e-09 2.09714e-09 1.1005e-09 5.76953e-10 3.02157e-10 1.58061e-10 8.25758e-11 4.30679e-11 2.23969e-11 1.15635e-11 5.83786e-12 2.72177e-12 8.74677e-13 4.3918e-13 2.20215e-13 1.11241e-13
0.00114576 1.95464e-05 9.83567e-06 4.98987e-06 2.55001e-06 1.31142e-06 6.78057e-07 3.52125e-07 1.83504e-07 9.58864e-08 5.02019e-08 2.63187e-08 1.38089e-08 7.24795e-09 3.80429e-09 1.99622e-09 1.04693e-09 5.4868e-10 2.8731e-10 1.50298e-10 7.85319e-11 4.09689e-11 2.13117e-11 1.10058e-11 5.55621e-12 2.58857e-12 8.30268e-13 4.16547e-13 2.09252e-13 1.04968e-13 5.30616e-14
0.000589693 1.01081e-05 5.07869e-06 2.57173e-06 1.31142e-06 6.7286e-07 3.4704e-07 1.79771e-07 9.34508e-08 4.87117e-08 2.54432e-08 1.33089e-08 6.96809e-09 3.6501e-09 1.9123e-09 1.0017e-09 5.24506e-10 2.74476e-10 1.43524e-10 7.49746e-11 3.91092e-11 2.03439e-11 1.05057e-11 5.3023e-12 2.4679e-12 7.89748e-13 3.95574e-13 1.9855e-13 9.9791e-14 5.00804e-14 2.53336e-14
0.000305842 5.25643e-06 2.63691e-06 1.33267e-06 6.78057e-07 3.4704e-07 1.78528e-07 9.22337e-08 4.78182e-08 2.48602e-08 1.29521e-08 6.75848e-09 3.53035e-09 1.84527e-09 9.6477e-10 5.04403e-10 2.63642e-10 1.37732e-10 7.18997e-11 3.74865e-11 1.94926e-11 1.00626e-11 5.07589e-12 2.35967e-12 7.53202e-13 3.76514e-13 1.88664e-13 9.47395e-14 4.76398e-14 2.39186e-14 1.21081e-14
0.000159761 2.74562e-06 1.3752e-06 6.93653e-07 3.52125e-07 1.79771e-07 9.22337e-08 4.75205e-08 2.45688e-08 1.27382e-08 6.61886e-09 3.44491e-09 1.79507e-09 9.36088e-10 4.88348e-10 2.54794e-10 1.32916e-10 6.93038e-11 3.60991e-11 1.87567e-11 9.67599e-12 4.87672e-12 2.26378e-12 7.20615e-13 3.5941e-13 1.79719e-13 9.0089e-14 4.526e-14 2.27704e-14 1.14374e-14 5.794e-15
8.40008e-05 1.43904e-06 7.19666e-07 3.62301e-07 1.83504e-07 9.34508e-08 4.78182e-08 2.45688e-08 1.26669e-08 6.5491e-09 3.39368e-09 1.76164e-09 9.15624e-10 4.76322e-10 2.47922e-10 1.29069e-10 6.71839e-11 3.49453e-11 1.81355e-11 9.34541e-12 4.70457e-12 2.18011e-12 6.91956e-13 3.44255e-13 1.71736e-13 8.59014e-14 4.30772e-14 2.16516e-14 1.08985e-14 5.47661e-15 2.77634e-15
4.44291e-05 7.56125e-07 3.77579e-07 1.89729e-07 9.58864e-08 4.87117e-08 2.48602e-08 1.27382e-08 6.5491e-09 3.37662e-09 1.74493e-09 9.03355e-10 4.68313e-10 2.4302e-10 1.26188e-10 6.55376e-11 3.40238e-11 1.76282e-11 9.07051e-12 4.55923e-12 2.10857e-12 6.6719e-13 3.31035e-13 1.64714e-13 8.21878e-14 4.11224e-14 2.06298e-14 1.03738e-14 5.22428e-15 2.6264e-15 1.33238e-15
2.36234e-05 3.97977e-07 1.98455e-07 9.95432e-08 5.02019e-08 2.54432e-08 1.29521e-08 6.61886e-09 3.39368e-09 1.74493e-09 8.99267e-10 4.64311e-10 2.40081e-10 1.24269e-10 6.4363e-11 3.33336e-11 1.72342e-11 8.85096e-12 4.44054e-12 2.04909e-12 6.46286e-13 3.19733e-13 1.58645e-13 7.89474e-14 3.94011e-14 1.97202e-14 9.89674e-15 4.97885e-15 2.5086e-15 1.26168e-15 6.40493e-16
1.26191e-05 2.0969e-07 1.04425e-07 5.22905e-08 2.63187e-08 1.33089e-08 6.75848e-09 3.44491e-09 1.76164e-09 9.03355e-10 4.64311e-10 2.39101e-10 1.2331e-10 6.36588e-11 3.28739e-11 1.69531e-11 8.68651e-12 4.34837e-12 2.00158e-12 6.29218e-13 3.10337e-13 1.53523e-13 7.61773e-14 3.79132e-14 1.89257e-14 9.47504e-15 4.75689e-15 2.39414e-15 1.20686e-15 6.07229e-16 3.08466e-16
6.76782e-06 1.10539e-07 5.498e-08 2.74875e-08 1.38089e-08 6.96809e-09 3.53035e-09 1.79507e-09 9.15624e-10 4.68313e-10 2.40081e-10 1.2331e-10 6.34241e-11 3.26442e-11 1.67846e-11 8.57699e-12 4.28261e-12 1.966e-12 6.15965e-13 3.02834e-13 1.4934e-13 7.3874e-14 3.66572e-14 1.82463e-14 9.11011e-15 4.56221e-15 2.29125e-15 1.15366e-15 5.81812e-16 2.92853e-16 1.48861e-16
3.64197e-06 5.82733e-08 2.89509e-08 1.44528e-08 7.24795e-09 3.6501e-09 1.84527e-09 9.36088e-10 4.76322e-10 2.4302e-10 1.24269e-10 6.36588e-11 3.26442e-11 1.67284e-11 8.52226e-12 4.24318e-12 1.9423e-12 6.06511e-13 2.97215e-13 1.46093e-13 7.20349e-14 3.56316e-14 1.76814e-14 8.80198e-15 4.39554e-15 2.20181e-15 1.10617e-15 5.57186e-16 2.81118e-16 1.41551e-16 7.19954e-17
1.96534e-06 3.07107e-08 1.52413e-08 7.59837e-09 3.80429e-09 1.9123e-09 9.6477e-10 4.88348e-10 2.47922e-10 1.26188e-10 6.4363e-11 3.28739e-11 1.67846e-11 8.52226e-12 4.23005e-12 1.93046e-12 6.00843e-13 2.93473e-13 1.43776e-13 7.06575e-14 3.48353e-14 1.72303e-14 8.55037e-15 4.25691e-15 2.12619e-15 1.06531e-15 5.3537e-16 2.69768e-16 1.3616e-16 6.85841e-17 3.49022e-17
1.06296e-06 1.61753e-08 8.01975e-09 3.99311e-09 1.99622e-09 1.0017e-09 5.04403e-10 2.54794e-10 1.29069e-10 6.55376e-11 3.33336e-11 1.69531e-11 8.57699e-12 4.24318e-12 1.93046e-12 5.98954e-13 2.91603e-13 1.42387e-13 6.97403e-14 3.42673e-14 1.68924e-14 8.355e-15 4.1462e-15 2.06443e-15 1.03128e-15 5.16831e-16 2.59805e-16 1.30957e-16 6.61211e-17 3.33156e-17 1.69626e-17
5.75909e-07 8.51256e-09 4.21677e-09 2.09714e-09 1.04693e-09 5.24506e-10 2.63642e-10 1.32916e-10 6.71839e-11 3.40238e-11 1.72342e-11 8.68651e-12 4.28261e-12 1.9423e-12 6.00843e-13 2.91603e-13 1.41924e-13 6.92819e-14 3.39267e-14 1.66675e-14 8.21561e-15 4.06328e-15 2.01646e-15 1.0041e-15 5.01667e-16 2.51461e-16 1.26438e-16 6.37502e-17 3.21981e-17 1.62276e-17 8.26587e-18
3.12429e-07 4.47552e-09 2.21516e-09 1.1005e-09 5.4868e-10 2.74476e-10 1.37732e-10 6.93038e-11 3.49453e-11 1.76282e-11 8.85096e-12 4.34837e-12 1.966e-12 6.06511e-13 2.93473e-13 1.42387e-13 6.92819e-14 3.38132e-14 1.6555e-14 8.13206e-15 4.00806e-15 1.98224e-15 9.83736e-16 4.89885e-16 2.44785e-16 1.22719e-16 6.17174e-17 3.11256e-17 1.57246e-17 7.92688e-18 4.0392e-18
1.69641e-07 2.35043e-09 1.16247e-09 5.76953e-10 2.8731e-10 1.43524e-10 7.18997e-11 3.60991e-11 1.81355e-11 9.07051e-12 4.44054e-12 2.00158e-12 6.15965e-13 2.97215e-13 1.43776e-13 6.97403e-14 3.39267e-14 1.6555e-14 8.10421e-15 3.98047e-15 1.96173e-15 9.70175e-16 4.81479e-16 2.39782e-16 1.19825e-16 6.00802e-17 3.02203e-17 1.52438e-17 7.70273e-18 3.88369e-18 1.97954e-18
9.21583e-08 1.23293e-09 6.09356e-10 3.02157e-10 1.50298e-10 7.49746e-11 3.74865e-11 1.87567e-11 9.34541e-12 4.55923e-12 2.04909e-12 6.29218e-13 3.02834e-13 1.46093e-13 7.06575e-14 3.42673e-14 1.66675e-14 8.13206e-15 3.98047e-15 1.95489e-15 9.63399e-16 4.76439e-16 2.3645e-16 1.17759e-16 5.8851e-17 2.95106e-17 1.48456e-17 7.48949e-18 3.78503e-18 1.90864e-18 9.7305e-19
5.00753e-08 6.45926e-10 3.19035e-10 1.58061e-10 7.85319e-11 3.91092e-11 1.94926e-11 9.67599e-12 4.70457e-12 2.10857e-12 6.46286e-13 3.10337e-13 1.4934e-13 7.20349e-14 3.48353e-14 1.68924e-14 8.21561e-15 4.00806e-15 1.96173e-15 9.63399e-16 4.7476e-16 2.34784e-16 1.1652e-16 5.80318e-17 2.9003e-17 1.45442e-17 7.31712e-18 3.69173e-18 1.86589e-18 9.40965e-19 4.79776e-19
2.72068e-08 3.37962e-10 1.66823e-10 8.25758e-11 4.09689e-11 2.03439e-11 1.00626e-11 4.87672e-12 2.18011e-12 6.6719e-13 3.19733e-13 1.53523e-13 7.3874e-14 3.56316e-14 1.72303e-14 8.355e-15 4.06328e-15 1.98224e-15 9.70175e-16 4.76439e-16 2.34784e-16 1.16107e-16 5.76223e-17 2.86984e-17 1.43429e-17 7.1927e-18 3.61868e-18 1.82579e-18 9.22818e-19 4.65385e-19 2.37298e-19
1.47772e-08 1.76593e-10 8.71108e-11 4.30679e-11 2.13117e-11 1.05057e-11 5.07589e-12 2.26378e-12 6.91956e-13 3.31035e-13 1.58645e-13 7.61773e-14 3.66572e-14 1.76814e-14 8.55037e-15 4.1462e-15 2.01646e-15 9.83736e-16 4.81479e-16 2.3645e-16 1.1652e-16 5.76223e-17 2.85968e-17 1.42422e-17 7.11785e-18 3.56938e-18 1.79571e-18 9.05984e-19 4.57899e-19 2.30914e-19 1.17736e-19
8.02188e-09 9.2142e-11 4.54084e-11 2.23969e-11 1.10058e-11 5.3023e-12 2.35967e-12 7.20615e-13 3.44255e-13 1.64714e-13 7.89474e-14 3.79132e-14 1.82463e-14 8.80198e-15 4.25691e-15 2.06443e-15 1.0041e-15 4.89885e-16 2.39782e-16 1.17759e-16 5.80318e-17 2.86984e-17 1.42422e-17 7.09289e-18 3.54464e-18 1.77741e-18 8.94117e-19 4.51063e-19 2.27951e-19 1.14943e-19 5.85979e-20
4.35159e-09 4.79932e-11 2.3601e-11 1.15635e-11 5.55621e-12 2.4679e-12 7.53202e-13 3.5941e-13 1.71736e-13 8.21878e-14 3.94011e-14 1.89257e-14 9.11011e-15 4.39554e-15 2.12619e-15 1.03128e-15 5.01667e-16 2.44785e-16 1.19825e-16 5.8851e-17 2.9003e-17 1.43429e-17 7.11785e-18 3.54464e-18 1.77128e-18 8.88087e-19 4.4669e-19 2.25311e-19 1.13845e-19 5.73977e-20 2.92547e-20
2.3584e-09 2.4925e-11 1.21793e-11 5.83786e-12 2.58857e-12 7.89748e-13 3.76514e-13 1.79719e-13 8.59014e-14 4.11224e-14 1.97202e-14 9.47504e-15 4.56221e-15 2.20181e-15 1.06531e-15 5.16831e-16 2.51461e-16 1.22719e-16 6.00802e-17 2.95106e-17 1.45442e-17 7.1927e-18 3.56938e-18 1.77741e-18 8.88087e-19 4.45206e-19 2.23889e-19 1.12907e-19 5.70369e-20 2.87508e-20 1.46493e-20
1.27652e-09 1.28536e-11 6.14746e-12 2.72177e-12 8.30268e-13 3.95574e-13 1.88664e-13 9.0089e-14 4.30772e-14 2.06298e-14 9.89674e-15 4.75689e-15 2.29125e-15 1.10617e-15 5.3537e-16 2.59805e-16 1.26438e-16 6.17174e-17 3.02203e-17 1.48456e-17 7.31712e-18 3.61868e-18 1.79571e-18 8.94117e-19 4.4669e-19 2.23889e-19 1.12567e-19 5.67523e-20 2.86615e-20 1.4444e-20 7.3568e-21
6.89366e-10 6.48481e-12 2.86737e-12 8.74677e-13 4.16547e-13 1.9855e-13 9.47395e-14 4.526e-14 2.16516e-14 1.03738e-14 4.97885e-15 2.39414e-15 1.15366e-15 5.57186e-16 2.69768e-16 1.30957e-16 6.37502e-17 3.11256e-17 1.52438e-17 7.48949e-18 3.69173e-18 1.82579e-18 9.05984e-19 4.51063e-19 2.25311e-19 1.12907e-19 5.67523e-20 2.8604e-20 1.44412e-20 7.27558e-21 3.70404e-21
3.70204e-10 3.0244e-12 9.22472e-13 4.3918e-13 2.09252e-13 9.9791e-14 4.76398e-14 2.27704e-14 1.08985e-14 5.22428e-15 2.5086e-15 1.20686e-15 5.81812e-16 2.81118e-16 1.3616e-16 6.61211e-17 3.21981e-17 1.57246e-17 7.70273e-18 3.78503e-18 1.86589e-18 9.22818e-19 4.57899e-19 2.27951e-19 1.13845e-19 5.70369e-20 2.86615e-20 1.44412e-20 7.2883e-21 3.67078e-21 1.86792e-21
1.95305e-10 9.71391e-13 4.62356e-13 2.20215e-13 1.04968e-13 5.00804e-14 2.39186e-14 1.14374e-14 5.47661e-15 2.6264e-15 1.26168e-15 6.07229e-16 2.92853e-16 1.41551e-16 6.85841e-17 3.33156e-17 1.62276e-17 7.92688e-18 3.88369e-18 1.90864e-18 9.40965e-19 4.65385e-19 2.30914e-19 1.14943e-19 5.73977e-20 2.87508e-20 1.4444e-20 7.27558e-21 3.67078e-21 1.84831e-21 9.4014e-22
1.05207e-10 4.90033e-13 2.33399e-13 1.11241e-13 5.30616e-14 2.53336e-14 1.21081e-14 5.794e-15 2.77634e-15 1.33238e-15 6.40493e-16 3.08466e-16 1.48861e-16 7.19954e-17 3.49022e-17 1.69626e-17 8.26587e-18 4.0392e-18 1.97954e-18 9.7305e-19 4.79776e-19 2.37298e-19 1.17736e-19 5.85979e-20 2.92547e-20 1.46493e-20 7.3568e-21 3.70404e-21 1.86792e-21 9.4014e-22 4.77881e-22
