0.472097 0.0701803 0.0365407 0.0206243 0.0120009 0.00700551 0.0040522 0.00231274 0.00130191 0.000723696 0.000397897 0.000216738 0.000117134 6.2885e-05 3.35712e-05 1.78361e-05 9.43708e-06 4.97529e-06 2.61478e-06 1.37041e-06 7.16475e-07 3.73762e-07 1.94594e-07 1.01131e-07 5.24719e-08 2.7183e-08 1.40598e-08 7.25693e-09 3.72963e-09 1.89208e-09 9.74621e-10
0.0701803 0.0157032 0.0080491 0.00410234 0.00205443 0.00101409 0.000496002 0.000241429 0.000117294 5.69825e-05 2.771e-05 1.34956e-05 6.58416e-06 3.21795e-06 1.57544e-06 7.72535e-07 3.79379e-07 1.86555e-07 9.18477e-08 4.52692e-08 2.23339e-08 1.10284e-08 5.45013e-09 2.69532e-09 1.33373e-09 6.60188e-10 3.26641e-10 1.61114e-10 7.84971e-11 3.65471e-11 1.81503e-11
0.0365407 0.0080491 0.0036334 0.00170712 0.000812765 0.000388538 0.000186093 8.93051e-05 4.29613e-05 2.07246e-05 1.00268e-05 4.86493e-06 2.3668e-06 1.1543e-06 5.64213e-07 2.76332e-07 1.35577e-07 6.66222e-08 3.27835e-08 1.6152e-08 7.96664e-09 3.9332e-09 1.94353e-09 9.61071e-10 4.7549e-10 2.35234e-10 1.16154e-10 5.68939e-11 2.70743e-11 1.33219e-11 6.61809e-12
0.0206243 0.00410234 0.00170712 0.000753633 0.000343495 0.000159378 7.47825e-05 3.53747e-05 1.6843e-05 8.06412e-06 3.87962e-06 1.87433e-06 9.08857e-07 4.42104e-07 2.15651e-07 1.05443e-07 5.16635e-08 2.53593e-08 1.24674e-08 6.13786e-09 3.02543e-09 1.49288e-09 7.37327e-10 3.64426e-10 1.8017e-10 8.89873e-11 4.37294e-11 2.11031e-11 1.0422e-11 5.12821e-12 2.54757e-12
0.0120009 0.00205443 0.000812765 0.000343495 0.000151419 6.85684e-05 3.16153e-05 1.47671e-05 6.96605e-06 3.31212e-06 1.58501e-06 7.62594e-07 3.68565e-07 1.78808e-07 8.70292e-08 4.24755e-08 2.07796e-08 1.01863e-08 5.00223e-09 2.46023e-09 1.21162e-09 5.97394e-10 2.94829e-10 1.45594e-10 7.18786e-11 3.53827e-11 1.72277e-11 8.51211e-12 4.20348e-12 2.06803e-12 1.02708e-12
0.00700551 0.00101409 0.000388538 0.000159378 6.85684e-05 3.04786e-05 1.38598e-05 6.40751e-06 2.99935e-06 1.41769e-06 6.75316e-07 3.23721e-07 1.55988e-07 7.54893e-08 3.66649e-08 1.78625e-08 8.7249e-09 4.27115e-09 2.09489e-09 1.0292e-09 5.06359e-10 2.49429e-10 1.2298e-10 6.06525e-11 2.98715e-11 1.462e-11 7.22061e-12 3.56692e-12 1.76097e-12 8.66128e-13 4.29968e-13
0.0040522 0.000496002 0.000186093 7.47825e-05 3.16153e-05 1.38598e-05 6.23618e-06 2.8599e-06 1.33047e-06 6.25839e-07 2.96972e-07 1.4191e-07 6.82017e-08 3.29322e-08 1.59642e-08 7.76431e-09 3.78677e-09 1.85126e-09 9.06887e-10 4.45046e-10 2.18731e-10 1.07634e-10 5.30048e-11 2.60935e-11 1.28036e-11 6.31819e-12 3.11938e-12 1.54038e-12 7.6019e-13 3.73768e-13 1.85447e-13
0.00231274 0.000241429 8.93051e-05 3.53747e-05 1.47671e-05 6.40751e-06 2.8599e-06 1.30336e-06 6.03377e-07 2.82715e-07 1.33726e-07 6.37319e-08 3.05597e-08 1.4727e-08 7.12659e-09 3.46065e-09 1.68543e-09 8.22904e-10 4.02643e-10 1.97375e-10 9.69018e-11 4.76293e-11 2.34203e-11 1.15005e-11 5.66849e-12 2.79591e-12 1.37974e-12 6.81018e-13 3.35935e-13 1.65108e-13 8.18709e-14
0.00130191 0.000117294 4.29613e-05 1.6843e-05 6.96605e-06 2.99935e-06 1.33047e-06 6.03377e-07 2.78234e-07 1.29951e-07 6.13036e-08 2.91498e-08 1.39496e-08 6.71061e-09 3.2422e-09 1.57214e-09 7.64662e-10 3.72888e-10 1.82245e-10 8.92388e-11 4.37638e-11 2.14831e-11 1.05443e-11 5.18949e-12 2.55639e-12 1.26021e-12 6.2157e-13 3.0664e-13 1.51187e-13 7.42766e-14 3.68087e-14
0.000723696 5.69825e-05 2.07246e-05 8.06412e-06 3.31212e-06 1.41769e-06 6.25839e-07 2.82715e-07 1.29951e-07 6.05329e-08 2.84909e-08 1.35205e-08 6.45881e-09 3.10213e-09 1.49661e-09 7.24734e-10 3.52063e-10 1.71486e-10 8.372e-11 4.09504e-11 2.00591e-11 9.83245e-12 4.83059e-12 2.37588e-12 1.16966e-12 5.76265e-13 2.8407e-13 1.40066e-13 6.90242e-14 3.38973e-14 1.67882e-14
0.000397897 2.771e-05 1.00268e-05 3.87962e-06 1.58501e-06 6.75316e-07 2.96972e-07 1.33726e-07 6.13036e-08 2.84909e-08 1.33832e-08 6.33983e-09 3.02375e-09 1.45018e-09 6.98695e-10 3.37924e-10 1.63967e-10 7.97787e-11 3.89067e-11 1.90098e-11 9.30018e-12 4.55969e-12 2.23855e-12 1.10028e-12 5.41328e-13 2.66541e-13 1.31317e-13 6.47138e-14 3.1875e-14 1.56474e-14 7.74508e-15
0.000216738 1.34956e-05 4.86493e-06 1.87433e-06 7.62594e-07 3.23721e-07 1.4191e-07 6.37319e-08 2.91498e-08 1.35205e-08 6.33983e-09 2.99851e-09 1.42805e-09 6.83967e-10 3.29124e-10 1.58995e-10 7.70626e-11 3.74555e-11 1.82471e-11 8.90552e-12 4.35595e-12 2.13404e-12 1.04695e-12 5.14248e-13 2.52847e-13 1.24424e-13 6.12658e-14 3.01761e-14 1.48561e-14 7.29004e-15 3.60638e-15
0.000117134 6.58416e-06 2.3668e-06 9.08857e-07 3.68565e-07 1.55988e-07 6.82017e-08 3.05597e-08 1.39496e-08 6.45881e-09 3.02375e-09 1.42805e-09 6.79197e-10 3.24898e-10 1.56158e-10 7.53548e-11 3.64849e-11 1.77148e-11 8.621e-12 4.20559e-12 2.05549e-12 1.00628e-12 4.93334e-13 2.4216e-13 1.18992e-13 5.85211e-14 2.87998e-14 1.41779e-14 6.97669e-15 3.42226e-15 1.69208e-15
6.2885e-05 3.21795e-06 1.1543e-06 4.42104e-07 1.78808e-07 7.54893e-08 3.29322e-08 1.4727e-08 6.71061e-09 3.10213e-09 1.45018e-09 6.83967e-10 3.24898e-10 1.55235e-10 7.45298e-11 3.5927e-11 1.73772e-11 8.4287e-12 4.09947e-12 1.99827e-12 9.75926e-13 4.77431e-13 2.33907e-13 1.14744e-13 5.6349e-14 2.76971e-14 1.36232e-14 6.70328e-15 3.29707e-15 1.61673e-15 7.98955e-16
3.35712e-05 1.57544e-06 5.64213e-07 2.15651e-07 8.70292e-08 3.66649e-08 1.59642e-08 7.12659e-09 3.2422e-09 1.49661e-09 6.98695e-10 3.29124e-10 1.56158e-10 7.45298e-11 3.57449e-11 1.72133e-11 8.31741e-12 4.03166e-12 1.95931e-12 9.54332e-13 4.65747e-13 2.27692e-13 1.11481e-13 5.46537e-14 2.68242e-14 1.31777e-14 6.47831e-15 3.18611e-15 1.56643e-15 7.67843e-16 3.79267e-16
1.78361e-05 7.72535e-07 2.76332e-07 1.05443e-07 4.24755e-08 1.78625e-08 7.76431e-09 3.46065e-09 1.57214e-09 7.24734e-10 3.37924e-10 1.58995e-10 7.53548e-11 3.5927e-11 1.72133e-11 8.28097e-12 3.99859e-12 1.93666e-12 9.40459e-13 4.57742e-13 2.2324e-13 1.09065e-13 5.33663e-14 2.61476e-14 1.28262e-14 6.29772e-15 3.09452e-15 1.52122e-15 7.47586e-16 3.66336e-16 1.80863e-16
9.43708e-06 3.79379e-07 1.35577e-07 5.16635e-08 2.07796e-08 8.7249e-09 3.78677e-09 1.68543e-09 7.64662e-10 3.52063e-10 1.63967e-10 7.70626e-11 3.64849e-11 1.73772e-11 8.31741e-12 3.99859e-12 1.92922e-12 9.33671e-13 4.53069e-13 2.20366e-13 1.07401e-13 5.24384e-14 2.56433e-14 1.25573e-14 6.15645e-15 3.02132e-15 1.48389e-15 7.29135e-16 3.58181e-16 1.75463e-16 8.65886e-17
4.97529e-06 1.86555e-07 6.66222e-08 2.53593e-08 1.01863e-08 4.27115e-09 1.85126e-09 8.22904e-10 3.72888e-10 1.71486e-10 7.97787e-11 3.74555e-11 1.77148e-11 8.4287e-12 4.03166e-12 1.93666e-12 9.33671e-13 4.51532e-13 2.18956e-13 1.06426e-13 5.18369e-14 2.52942e-14 1.23623e-14 6.05044e-15 2.96483e-15 1.45431e-15 7.13945e-16 3.50661e-16 1.72193e-16 8.4327e-17 4.15965e-17
2.61478e-06 9.18477e-08 3.27835e-08 1.24674e-08 5.00223e-09 2.09489e-09 9.06887e-10 4.02643e-10 1.82245e-10 8.372e-11 3.89067e-11 1.82471e-11 8.621e-12 4.09947e-12 1.95931e-12 9.40459e-13 4.53069e-13 2.18956e-13 1.06105e-13 5.15411e-14 2.50891e-14 1.22354e-14 5.9767e-15 2.92365e-15 1.43195e-15 7.02074e-16 3.44509e-16 1.6914e-16 8.30258e-17 4.06481e-17 2.00425e-17
1.37041e-06 4.52692e-08 1.6152e-08 6.13786e-09 2.46023e-09 1.0292e-09 4.45046e-10 1.97375e-10 8.92388e-11 4.09504e-11 1.90098e-11 8.90552e-12 4.20559e-12 1.99827e-12 9.54332e-13 4.57742e-13 2.20366e-13 1.06426e-13 5.15411e-14 2.50214e-14 1.21729e-14 5.93323e-15 2.89673e-15 1.41631e-15 6.93357e-16 3.39798e-16 1.6667e-16 8.17962e-17 4.01371e-17 1.96451e-17 9.68266e-18
7.16475e-07 2.23339e-08 7.96664e-09 3.02543e-09 1.21162e-09 5.06359e-10 2.18731e-10 9.69018e-11 4.37638e-11 2.00591e-11 9.30018e-12 4.35595e-12 2.05549e-12 9.75926e-13 4.65747e-13 2.2324e-13 1.07401e-13 5.18369e-14 2.50891e-14 1.21729e-14 5.91887e-15 2.88344e-15 1.40706e-15 6.87635e-16 3.36482e-16 1.64832e-16 8.08173e-17 3.96476e-17 1.94483e-17 9.51644e-18 4.68871e-18
3.73762e-07 1.10284e-08 3.9332e-09 1.49288e-09 5.97394e-10 2.49429e-10 1.07634e-10 4.76293e-11 2.14831e-11 9.83245e-12 4.55969e-12 2.13404e-12 1.00628e-12 4.77431e-13 2.27692e-13 1.09065e-13 5.24384e-14 2.52942e-14 1.22354e-14 5.93323e-15 2.88344e-15 1.404e-15 6.84801e-16 3.34513e-16 1.63618e-16 8.01189e-17 3.92673e-17 1.92569e-17 9.44299e-18 4.61947e-18 2.27517e-18
1.94594e-07 5.45013e-09 1.94353e-09 7.37327e-10 2.94829e-10 1.2298e-10 5.30048e-11 2.34203e-11 1.05443e-11 4.83059e-12 2.23855e-12 1.04695e-12 4.93334e-13 2.33907e-13 1.11481e-13 5.33663e-14 2.56433e-14 1.23623e-14 5.9767e-15 2.89673e-15 1.40706e-15 6.84801e-16 3.33861e-16 1.63015e-16 7.97017e-17 3.90123e-17 1.91134e-17 9.3701e-18 4.59336e-18 2.2465e-18 1.10606e-18
1.01131e-07 2.69532e-09 9.61071e-10 3.64426e-10 1.45594e-10 6.06525e-11 2.60935e-11 1.15005e-11 5.18949e-12 2.37588e-12 1.10028e-12 5.14248e-13 2.4216e-13 1.14744e-13 5.46537e-14 2.61476e-14 1.25573e-14 6.05044e-15 2.92365e-15 1.41631e-15 6.87635e-16 3.34513e-16 1.63015e-16 7.9563e-17 3.88849e-17 1.90263e-17 9.3183e-18 4.56667e-18 2.23797e-18 1.09429e-18 5.38591e-19
5.24719e-08 1.33373e-09 4.7549e-10 1.8017e-10 7.18786e-11 2.98715e-11 1.28036e-11 5.66849e-12 2.55639e-12 1.16966e-12 5.41328e-13 2.52847e-13 1.18992e-13 5.6349e-14 2.68242e-14 1.28262e-14 6.15645e-15 2.96483e-15 1.43195e-15 6.93357e-16 3.36482e-16 1.63618e-16 7.97017e-17 3.88849e-17 1.89972e-17 9.29196e-18 4.54929e-18 2.22879e-18 1.09194e-18 5.338e-19 2.62645e-19
2.7183e-08 6.60188e-10 2.35234e-10 8.89873e-11 3.53827e-11 1.462e-11 6.31819e-12 2.79591e-12 1.26021e-12 5.76265e-13 2.66541e-13 1.24424e-13 5.85211e-14 2.76971e-14 1.31777e-14 6.29772e-15 3.02132e-15 1.45431e-15 7.02074e-16 3.39798e-16 1.64832e-16 8.01189e-17 3.90123e-17 1.90263e-17 9.29196e-18 4.54337e-18 2.22369e-18 1.0891e-18 5.33435e-19 2.60716e-19 1.28241e-19
1.40598e-08 3.26641e-10 1.16154e-10 4.37294e-11 1.72277e-11 7.22061e-12 3.11938e-12 1.37974e-12 6.2157e-13 2.8407e-13 1.31317e-13 6.12658e-14 2.87998e-14 1.36232e-14 6.47831e-15 3.09452e-15 1.48389e-15 7.13945e-16 3.44509e-16 1.6667e-16 8.08173e-17 3.92673e-17 1.91134e-17 9.3183e-18 4.54929e-18 2.22369e-18 1.08803e-18 5.32733e-19 2.6086e-19 1.2747e-19 6.26818e-20
7.25693e-09 1.61114e-10 5.68939e-11 2.11031e-11 8.51211e-12 3.56692e-12 1.54038e-12 6.81018e-13 3.0664e-13 1.40066e-13 6.47138e-14 3.01761e-14 1.41779e-14 6.70328e-15 3.18611e-15 1.52122e-15 7.29135e-16 3.50661e-16 1.6914e-16 8.17962e-17 3.96476e-17 1.92569e-17 9.3701e-18 4.56667e-18 2.22879e-18 1.0891e-18 5.32733e-19 2.60773e-19 1.2766e-19 6.23692e-20 3.06611e-20
3.72963e-09 7.84971e-11 2.70743e-11 1.0422e-11 4.20348e-12 1.76097e-12 7.6019e-13 3.35935e-13 1.51187e-13 6.90242e-14 3.1875e-14 1.48561e-14 6.97669e-15 3.29707e-15 1.56643e-15 7.47586e-16 3.58181e-16 1.72193e-16 8.30258e-17 4.01371e-17 1.94483e-17 9.44299e-18 4.59336e-18 2.23797e-18 1.09194e-18 5.33435e-19 2.6086e-19 1.2766e-19 6.24811e-20 3.05204e-20 1.50003e-20
1.89208e-09 3.65471e-11 1.33219e-11 5.12821e-12 2.06803e-12 8.66128e-13 3.73768e-13 1.65108e-13 7.42766e-14 3.38973e-14 1.56474e-14 7.29004e-15 3.42226e-15 1.61673e-15 7.67843e-16 3.66336e-16 1.75463e-16 8.4327e-17 4.06481e-17 1.96451e-17 9.51644e-18 4.61947e-18 2.2465e-18 1.09429e-18 5.338e-19 2.60716e-19 1.2747e-19 6.23692e-20 3.05204e-20 1.49064e-20 7.32487e-21
9.74621e-10 1.81503e-11 6.61809e-12 2.54757e-12 1.02708e-12 4.29968e-13 1.85447e-13 8.18709e-14 3.68087e-14 1.67882e-14 7.74508e-15 3.60638e-15 1.69208e-15 7.98955e-16 3.79267e-16 1.80863e-16 8.65886e-17 4.15965e-17 2.00425e-17 9.68266e-18 4.68871e-18 2.27517e-18 1.10606e-18 5.38591e-19 2.62645e-19 1.28241e-19 6.26818e-20 3.06611e-20 1.50003e-20 7.32487e-21 3.59841e-21
