0.499896 0.0583031 0.034496 0.0204101 0.012076 0.00714496 0.00422743 0.00250123 0.0014799 0.000875605 0.000518066 0.000306522 0.000181359 0.000107304 6.34883e-05 3.75639e-05 2.22253e-05 1.315e-05 7.7804e-06 4.6034e-06 2.72368e-06 1.61151e-06 9.53477e-07 5.64141e-07 3.33783e-07 1.97488e-07 1.16847e-07 6.91347e-08 4.09047e-08 2.42019e-08 1.43195e-08 8.47236e-09 5.01281e-09 2.96591e-09 1.75483e-09 1.03828e-09 6.14313e-10 3.63469e-10 2.15052e-10 1.27239e-10 7.52832e-11 4.45426e-11 2.63544e-11 1.5593e-11 9.22586e-12 5.45863e-12 3.22969e-12 1.9109e-12 1.13062e-12 6.68948e-13 3.95794e-13 2.34178e-13 1.38555e-13 8.19786e-14 4.8504e-14 2.86982e-14 1.69798e-14 1.00464e-14 5.9441e-15 3.51693e-15 2.08085e-15 1.23117e-15 7.28441e-16 4.30994e-16 2.55005e-16 1.50878e-16 8.92695e-17 5.28178e-17 3.12505e-17 1.84899e-17 1.09399e-17 6.47274e-18 3.82971e-18 2.26591e-18 1.34066e-18 7.93226e-19 4.69325e-19 2.77684e-19 1.64296e-19 9.72087e-20 5.75152e-20 3.40298e-20 2.01343e-20 1.19128e-20 7.0484e-21 4.17031e-21 2.46743e-21 1.4599e-21 8.63772e-22 5.11065e-22 3.0238e-22 1.78908e-22 1.05854e-22 6.26303e-23 3.70563e-23 2.1925e-23 1.29723e-23 7.67526e-24 4.5412e-24 2.68687e-24 1.58973e-24
0.0583031 0.022364 0.0147951 0.00967855 0.00627365 0.00403565 0.00257931 0.00163942 0.00103705 0.00065326 0.000409986 0.000256464 0.000159959 9.95042e-05 6.175e-05 3.82375e-05 2.36309e-05 1.45774e-05 8.97752e-06 5.52028e-06 3.38958e-06 2.07852e-06 1.27299e-06 7.78749e-07 4.75884e-07 2.90513e-07 1.77181e-07 1.07965e-07 6.57326e-08 3.99884e-08 2.43086e-08 1.47665e-08 8.96397e-09 5.43807e-09 3.29704e-09 1.99779e-09 1.20986e-09 7.32304e-10 4.43024e-10 2.67888e-10 1.61911e-10 9.78158e-11 5.90685e-11 3.56554e-11 2.15141e-11 1.29765e-11 7.82412e-12 4.71586e-12 2.84144e-12 1.7115e-12 1.03057e-12 6.20365e-13 3.73327e-13 2.246e-13 1.35086e-13 8.12262e-14 4.88282e-14 2.93452e-14 1.76319e-14 1.05916e-14 6.36096e-15 3.81936e-15 2.29279e-15 1.3761e-15 8.25745e-16 4.95402e-16 2.97158e-16 1.78212e-16 1.06858e-16 6.4062e-17 3.8399e-17 2.30127e-17 1.37894e-17 8.26139e-18 4.94874e-18 2.96394e-18 1.77493e-18 1.06275e-18 6.36238e-19 3.80845e-19 2.2794e-19 1.36406e-19 8.16193e-20 4.88312e-20 2.92112e-20 1.74722e-20 1.04495e-20 6.24879e-21 3.73634e-21 2.23382e-21 1.33538e-21 7.98206e-22 4.77068e-22 2.85103e-22 1.70365e-22 1.01793e-22 6.08152e-23 3.63301e-23 2.17011e-23 1.29615e-23 7.74095e-24
0.034496 0.0147951 0.0102781 0.00702502 0.00473968 0.00316405 0.00209359 0.00137491 0.000897112 0.000582067 0.000375792 0.000241552 0.000154656 9.86697e-05 6.27492e-05 3.97891e-05 2.51628e-05 1.58741e-05 9.99153e-06 6.27575e-06 3.93416e-06 2.46178e-06 1.53784e-06 9.5914e-07 5.97317e-07 3.71465e-07 2.30704e-07 1.43103e-07 8.86605e-08 5.48685e-08 3.39198e-08 2.0948e-08 1.29245e-08 7.96683e-09 4.90654e-09 3.01926e-09 1.85642e-09 1.14056e-09 7.0023e-10 4.29591e-10 2.63375e-10 1.61365e-10 9.8803e-11 6.046e-11 3.69754e-11 2.26002e-11 1.38063e-11 8.42969e-12 5.1443e-12 3.13782e-12 1.91304e-12 1.16579e-12 7.10104e-13 4.32351e-13 2.63129e-13 1.60076e-13 9.73442e-14 5.91737e-14 3.59571e-14 2.18416e-14 1.32627e-14 8.05063e-15 4.88521e-15 2.96344e-15 1.79709e-15 1.08946e-15 6.60273e-16 4.00044e-16 2.42308e-16 1.46726e-16 8.88237e-17 5.3757e-17 3.25258e-17 1.96749e-17 1.18984e-17 7.19381e-18 4.34838e-18 2.62782e-18 1.58769e-18 9.59045e-19 5.79187e-19 3.49709e-19 2.11108e-19 1.27413e-19 7.6884e-20 4.63846e-20 2.79788e-20 1.68734e-20 1.01741e-20 6.13355e-21 3.69701e-21 2.22799e-21 1.34247e-21 8.08761e-22 4.87153e-22 2.93388e-22 1.76664e-22 1.06363e-22 6.40269e-23 3.85364e-23 2.31908e-23
0.0204101 0.00967855 0.00702502 0.00499044 0.00348607 0.0024025 0.00163737 0.00110549 0.000740421 0.000492471 0.000325563 0.000214064 0.000140075 9.12632e-05 5.9228e-05 3.83007e-05 2.4687e-05 1.58645e-05 1.01667e-05 6.49857e-06 4.144e-06 2.63666e-06 1.67412e-06 1.06089e-06 6.71051e-07 4.23733e-07 2.67129e-07 1.68143e-07 1.05682e-07 6.63322e-08 4.15789e-08 2.60302e-08 1.62765e-08 1.0166e-08 6.34255e-09 3.95298e-09 2.46122e-09 1.53095e-09 9.51415e-10 5.90738e-10 3.6648e-10 2.2717e-10 1.40704e-10 8.70831e-11 5.38569e-11 3.32845e-11 2.05562e-11 1.2687e-11 7.8252e-12 4.8235e-12 2.97145e-12 1.82946e-12 1.12572e-12 6.9231e-13 4.25539e-13 2.6143e-13 1.60528e-13 9.85228e-14 6.04388e-14 3.7059e-14 2.27132e-14 1.39146e-14 8.52077e-15 5.21563e-15 3.19123e-15 1.95181e-15 1.1933e-15 7.29291e-16 4.45544e-16 2.72098e-16 1.66114e-16 1.01377e-16 6.18485e-17 3.77204e-17 2.29976e-17 1.4017e-17 8.54071e-18 5.20239e-18 3.16799e-18 1.92859e-18 1.17375e-18 7.1415e-19 4.34397e-19 2.64161e-19 1.60598e-19 9.76109e-20 5.93129e-20 3.60325e-20 2.18844e-20 1.32884e-20 8.06696e-21 4.89608e-21 2.97092e-21 1.80234e-21 1.09318e-21 6.62907e-22 4.01906e-22 2.43617e-22 1.4764e-22 8.94568e-23 5.41925e-23
0.012076 0.00627365 0.00473968 0.00348607 0.00251198 0.00178082 0.0012458 0.000861882 0.000590667 0.000401508 0.000270987 0.000181747 0.000121213 8.04342e-05 5.31317e-05 3.49514e-05 2.2905e-05 1.49582e-05 9.73722e-06 6.31969e-06 4.09028e-06 2.64052e-06 1.70049e-06 1.09264e-06 7.00575e-07 4.48291e-07 2.86314e-07 1.82535e-07 1.16175e-07 7.38202e-08 4.68352e-08 2.96712e-08 1.87712e-08 1.18596e-08 7.48335e-09 4.7162e-09 2.9688e-09 1.86673e-09 1.17251e-09 7.35699e-10 4.61161e-10 2.88793e-10 1.80684e-10 1.12945e-10 7.05406e-11 4.402e-11 2.74481e-11 1.71015e-11 1.06471e-11 6.62387e-12 4.11798e-12 2.55835e-12 1.58835e-12 9.85489e-13 6.11062e-13 3.78664e-13 2.34512e-13 1.45153e-13 8.97934e-14 5.55169e-14 3.43064e-14 2.11885e-14 1.30799e-14 8.07044e-15 4.97715e-15 3.06804e-15 1.89035e-15 1.1642e-15 7.16684e-16 4.41002e-16 2.71252e-16 1.66774e-16 1.02497e-16 6.29688e-17 3.867e-17 2.37389e-17 1.45676e-17 8.93638e-18 5.48003e-18 3.35935e-18 2.05864e-18 1.26114e-18 7.72338e-19 4.72838e-19 2.8939e-19 1.77061e-19 1.08301e-19 6.62235e-20 4.04826e-20 2.47402e-20 1.51153e-20 9.23232e-21 5.63754e-21 3.44155e-21 2.10042e-21 1.28159e-21 7.81775e-22 4.7677e-22 2.9069e-22 1.77194e-22 1.07986e-22
0.00714496 0.00403565 0.00316405 0.0024025 0.00178082 0.00129528 0.000927804 0.00065618 0.000459105 0.000318257 0.000218844 0.000149417 0.000101371 6.83847e-05 4.5896e-05 3.06593e-05 2.03938e-05 1.35123e-05 8.92058e-06 5.8695e-06 3.84996e-06 2.51797e-06 1.64235e-06 1.0685e-06 6.93496e-07 4.49089e-07 2.90198e-07 1.87147e-07 1.20459e-07 7.73936e-08 4.96389e-08 3.17852e-08 2.0321e-08 1.29722e-08 8.26912e-09 5.26391e-09 3.34645e-09 2.12477e-09 1.34745e-09 8.53505e-10 5.40021e-10 3.41307e-10 2.15489e-10 1.35915e-10 8.56425e-11 5.3914e-11 3.39093e-11 2.13085e-11 1.33788e-11 8.39313e-12 5.26117e-12 3.29537e-12 2.06252e-12 1.28995e-12 8.06198e-13 5.03511e-13 3.14257e-13 1.96009e-13 1.22177e-13 7.61091e-14 4.73827e-14 2.94814e-14 1.83327e-14 1.13936e-14 7.07719e-15 4.39368e-15 2.72627e-15 1.69079e-15 1.04808e-15 6.49365e-16 4.0214e-16 2.48922e-16 1.54012e-16 9.52469e-17 5.88788e-17 3.63816e-17 2.24711e-17 1.38736e-17 8.56214e-18 5.28207e-18 3.25731e-18 2.00794e-18 1.23732e-18 7.62177e-19 4.69327e-19 2.88898e-19 1.77772e-19 1.09355e-19 6.72464e-20 4.13389e-20 2.54045e-20 1.56073e-20 9.58542e-21 5.88523e-21 3.61232e-21 2.21658e-21 1.35974e-21 8.33885e-22 5.11253e-22 3.13363e-22 1.92018e-22
0.00422743 0.00257931 0.00209359 0.00163737 0.0012458 0.000927804 0.000679187 0.000490169 0.000349537 0.000246701 0.000172567 0.000119764 8.25374e-05 5.65263e-05 3.84938e-05 2.60792e-05 1.75856e-05 1.18071e-05 7.89587e-06 5.26084e-06 3.49318e-06 2.31206e-06 1.52573e-06 1.00401e-06 6.58955e-07 4.31412e-07 2.8178e-07 1.83639e-07 1.19427e-07 7.75127e-08 5.02131e-08 3.24693e-08 2.09594e-08 1.35072e-08 8.69092e-09 5.58353e-09 3.58196e-09 2.29471e-09 1.46809e-09 9.38031e-10 5.98609e-10 3.81549e-10 2.42917e-10 1.54483e-10 9.81383e-11 6.22794e-11 3.94834e-11 2.5007e-11 1.58234e-11 1.00033e-11 6.31829e-12 3.98735e-12 2.51425e-12 1.58409e-12 9.9726e-13 6.27344e-13 3.94349e-13 2.47708e-13 1.55487e-13 9.75325e-14 6.11384e-14 3.82998e-14 2.39774e-14 1.50016e-14 9.38017e-15 5.86175e-15 3.66094e-15 2.28515e-15 1.42559e-15 8.8888e-16 5.5394e-16 3.45031e-16 2.148e-16 1.33658e-16 8.31283e-17 5.16768e-17 3.21101e-17 1.9943e-17 1.23808e-17 7.6827e-18 4.76535e-18 2.95457e-18 1.83111e-18 1.13439e-18 7.02483e-19 4.34852e-19 2.6908e-19 1.6644e-19 1.02915e-19 6.36119e-20 3.93048e-20 2.42774e-20 1.49903e-20 9.25274e-21 5.70937e-21 3.5218e-21 2.17171e-21 1.33876e-21 8.25029e-22 5.0828e-22 3.13045e-22
0.00250123 0.00163942 0.00137491 0.00110549 0.000861882 0.00065618 0.000490169 0.000360479 0.000261641 0.000187777 0.000133455 9.40369e-05 6.57582e-05 4.56706e-05 3.15245e-05 2.16387e-05 1.47773e-05 1.00444e-05 6.79788e-06 4.58231e-06 3.07738e-06 2.05954e-06 1.37389e-06 9.13717e-07 6.05939e-07 4.00752e-07 2.64373e-07 1.73985e-07 1.14239e-07 7.48471e-08 4.89371e-08 3.19336e-08 2.07989e-08 1.35225e-08 8.77657e-09 5.68696e-09 3.67917e-09 2.37664e-09 1.53301e-09 9.87456e-10 6.35194e-10 4.08066e-10 2.61825e-10 1.6779e-10 1.07403e-10 6.8671e-11 4.38589e-11 2.79822e-11 1.78345e-11 1.13556e-11 7.2234e-12 4.59058e-12 2.91473e-12 1.84904e-12 1.17199e-12 7.42231e-13 4.69681e-13 2.96978e-13 1.87634e-13 1.18461e-13 7.47344e-14 4.71149e-14 2.96821e-14 1.86869e-14 1.17569e-14 7.39215e-15 4.64487e-15 2.91682e-15 1.83056e-15 1.14817e-15 7.1974e-16 4.50922e-16 2.82351e-16 1.76702e-16 1.10527e-16 6.90983e-17 4.31766e-17 2.69658e-17 1.68333e-17 1.05031e-17 6.5503e-18 4.08326e-18 2.54424e-18 1.5846e-18 9.86486e-19 6.13873e-19 3.81843e-19 2.37418e-19 1.4756e-19 9.16751e-20 5.69332e-20 3.53439e-20 2.19331e-20 1.36059e-20 8.43714e-21 5.23009e-21 3.24094e-21 2.00763e-21 1.24322e-21 7.69605e-22 4.76261e-22
0.0014799 0.00103705 0.000897112 0.000740421 0.000590667 0.000459105 0.000349537 0.000261641 0.000193079 0.000140762 0.000101544 7.2578e-05 5.14505e-05 3.62063e-05 2.53105e-05 1.75877e-05 1.21543e-05 8.35732e-06 5.71987e-06 3.89797e-06 2.6458e-06 1.7892e-06 1.20573e-06 8.09879e-07 5.42324e-07 3.6211e-07 2.41122e-07 1.60144e-07 1.06101e-07 7.01317e-08 4.62539e-08 3.04415e-08 1.99944e-08 1.31073e-08 8.57669e-09 5.6022e-09 3.65311e-09 2.37827e-09 1.5459e-09 1.00334e-09 6.50261e-10 4.20844e-10 2.72001e-10 1.75572e-10 1.13187e-10 7.288e-11 4.68719e-11 3.01108e-11 1.93221e-11 1.23858e-11 7.93128e-12 5.07372e-12 3.24255e-12 2.07031e-12 1.32064e-12 8.41672e-13 5.3595e-13 3.40986e-13 2.16766e-13 1.37688e-13 8.73893e-14 5.54229e-14 3.51234e-14 2.22427e-14 1.40757e-14 8.90127e-15 5.62521e-15 3.55253e-15 2.24211e-15 1.41416e-15 8.91401e-16 5.61544e-16 3.53539e-16 2.22453e-16 1.39892e-16 8.79238e-17 5.5231e-17 3.46758e-17 2.17592e-17 1.3647e-17 8.55483e-18 5.36009e-18 3.35677e-18 2.10119e-18 1.31464e-18 8.22142e-19 5.13917e-19 3.21105e-19 2.00546e-19 1.25197e-19 7.81254e-20 4.87317e-20 3.03847e-20 1.89377e-20 1.17985e-20 7.34786e-21 4.57436e-21 2.84667e-21 1.77087e-21 1.10123e-21 6.84565e-22
0.000875605 0.00065326 0.000582067 0.000492471 0.000401508 0.000318257 0.000246701 0.000187777 0.000140762 0.000104153 7.62015e-05 5.52026e-05 3.96415e-05 2.82447e-05 1.99828e-05 1.40473e-05 9.81722e-06 6.82425e-06 4.72035e-06 3.25016e-06 2.22838e-06 1.52179e-06 1.0354e-06 7.02026e-07 4.74439e-07 3.19646e-07 2.14732e-07 1.43856e-07 9.61228e-08 6.40691e-08 4.26037e-08 2.82663e-08 1.87137e-08 1.2364e-08 8.15285e-09 5.3659e-09 3.52528e-09 2.31203e-09 1.5138e-09 9.89582e-10 6.459e-10 4.20953e-10 2.73955e-10 1.78043e-10 1.15555e-10 7.49022e-11 4.84904e-11 3.13539e-11 2.02497e-11 1.30632e-11 8.41792e-12 5.41868e-12 3.48443e-12 2.23836e-12 1.43649e-12 9.21004e-13 5.89951e-13 3.77553e-13 2.41411e-13 1.54228e-13 9.84481e-14 6.27909e-14 4.00166e-14 2.54827e-14 1.62152e-14 1.03105e-14 6.55118e-15 4.15962e-15 2.63929e-15 1.67351e-15 1.06043e-15 6.71513e-16 4.24964e-16 2.6877e-16 1.69881e-16 1.07313e-16 6.77496e-17 4.27477e-17 2.69573e-17 1.69903e-17 1.07027e-17 6.73835e-18 4.24024e-18 2.6669e-18 1.67651e-18 1.0534e-18 6.61563e-19 4.15283e-19 2.60564e-19 1.63414e-19 1.02439e-19 6.4188e-20 4.02025e-20 2.51691e-20 1.57507e-20 9.85265e-21 6.1607e-21 3.85065e-21 2.40585e-21 1.50257e-21 9.38071e-22
0.000518066 0.000409986 0.000375792 0.000325563 0.000270987 0.000218844 0.000172567 0.000133455 0.000101544 7.62015e-05 5.65031e-05 4.14596e-05 3.014e-05 2.17297e-05 1.55495e-05 1.10518e-05 7.80656e-06 5.48304e-06 3.83099e-06 2.66378e-06 1.84388e-06 1.271e-06 8.72689e-07 5.97003e-07 4.06999e-07 2.76564e-07 1.87354e-07 1.26552e-07 8.52462e-08 5.72722e-08 3.83822e-08 2.56616e-08 1.7118e-08 1.13941e-08 7.56849e-09 5.01735e-09 3.31981e-09 2.19258e-09 1.44556e-09 9.51439e-10 6.25199e-10 4.10179e-10 2.68702e-10 1.75765e-10 1.1481e-10 7.48921e-11 4.87884e-11 3.17425e-11 2.06265e-11 1.33872e-11 8.67853e-12 5.61967e-12 3.63494e-12 2.34866e-12 1.51597e-12 9.77517e-13 6.29695e-13 4.05247e-13 2.60558e-13 1.67376e-13 1.07424e-13 6.88858e-14 4.41361e-14 2.82554e-14 1.80742e-14 1.15525e-14 7.37838e-15 4.70891e-15 3.00305e-15 1.91378e-15 1.21876e-15 7.75618e-16 4.93271e-16 3.135e-16 1.99118e-16 1.26389e-16 8.01752e-17 5.08286e-17 3.22047e-17 2.03928e-17 1.29058e-17 8.16307e-18 5.16038e-18 3.26044e-18 2.05892e-18 1.29951e-18 8.19778e-19 5.16887e-19 3.25747e-19 2.0519e-19 1.29189e-19 8.13001e-20 5.11396e-20 3.21534e-20 2.02071e-20 1.26938e-20 7.97058e-21 5.00272e-21 3.13864e-21 1.96833e-21 1.2339e-21
0.000306522 0.000256464 0.000241552 0.000214064 0.000181747 0.000149417 0.000119764 9.40369e-05 7.2578e-05 5.52026e-05 4.14596e-05 3.07953e-05 2.26511e-05 1.65156e-05 1.19475e-05 8.58136e-06 6.12358e-06 4.3437e-06 3.06424e-06 2.15067e-06 1.50235e-06 1.04485e-06 7.23676e-07 4.99295e-07 3.43236e-07 2.35149e-07 1.60579e-07 1.09321e-07 7.42098e-08 5.02368e-08 3.3919e-08 2.28444e-08 1.53491e-08 1.02895e-08 6.88269e-09 4.59426e-09 3.06058e-09 2.03496e-09 1.35053e-09 8.94706e-10 5.91714e-10 3.90685e-10 2.57542e-10 1.69513e-10 1.11407e-10 7.3113e-11 4.79153e-11 3.13595e-11 2.04973e-11 1.33806e-11 8.72409e-12 5.6813e-12 3.69549e-12 2.40109e-12 1.55837e-12 1.01034e-12 6.54363e-13 4.2338e-13 2.73663e-13 1.7672e-13 1.14012e-13 7.34888e-14 4.73267e-14 3.04519e-14 1.95774e-14 1.25759e-14 8.0718e-15 5.17678e-15 3.31752e-15 2.12442e-15 1.3594e-15 8.69241e-16 5.55426e-16 3.5466e-16 2.26309e-16 1.44313e-16 9.19656e-17 5.85691e-17 3.72769e-17 2.37107e-17 1.50726e-17 9.57583e-18 6.08013e-18 3.85835e-18 2.44708e-18 1.55116e-18 9.82728e-19 6.2227e-19 3.93821e-19 2.49114e-19 1.57499e-19 9.95278e-20 6.28638e-20 3.96871e-20 2.50434e-20 1.57957e-20 9.95832e-21 6.27537e-21 3.95277e-21 2.48872e-21 1.56627e-21
0.000181359 0.000159959 0.000154656 0.000140075 0.000121213 0.000101371 8.25374e-05 6.57582e-05 5.14505e-05 3.96415e-05 3.014e-05 2.26511e-05 1.68489e-05 1.24185e-05 9.07767e-06 6.58611e-06 4.74588e-06 3.39849e-06 2.41963e-06 1.71355e-06 1.20751e-06 8.46995e-07 5.91556e-07 4.11484e-07 2.85141e-07 1.96883e-07 1.35484e-07 9.29342e-08 6.35543e-08 4.33373e-08 2.94704e-08 1.99883e-08 1.35232e-08 9.12742e-09 6.14647e-09 4.13003e-09 2.7693e-09 1.85315e-09 1.23769e-09 8.25095e-10 5.49055e-10 3.64735e-10 2.41888e-10 1.60159e-10 1.05879e-10 6.98904e-11 4.60672e-11 3.03217e-11 1.99306e-11 1.30831e-11 8.57719e-12 5.61612e-12 3.67283e-12 2.39913e-12 1.56534e-12 1.02019e-12 6.64171e-13 4.31938e-13 2.80619e-13 1.82128e-13 1.18089e-13 7.64948e-14 4.9505e-14 3.2009e-14 2.06781e-14 1.33466e-14 8.60728e-15 5.54627e-15 3.57097e-15 2.29735e-15 1.47683e-15 9.48653e-16 6.08922e-16 3.90572e-16 2.50341e-16 1.60346e-16 1.02634e-16 6.56495e-17 4.19651e-17 2.6808e-17 1.71146e-17 1.09195e-17 6.96261e-18 4.43694e-18 2.82579e-18 1.79865e-18 1.14422e-18 7.27496e-19 4.62291e-19 2.93607e-19 1.86376e-19 1.18246e-19 7.49835e-20 4.75254e-20 3.01073e-20 1.90637e-20 1.20652e-20 7.63239e-21 4.82597e-21 3.05009e-21 1.92684e-21
0.000107304 9.95042e-05 9.86697e-05 9.12632e-05 8.04342e-05 6.83847e-05 5.65263e-05 4.56706e-05 3.62063e-05 2.82447e-05 2.17297e-05 1.65156e-05 1.24185e-05 9.24858e-06 6.82863e-06 5.0026e-06 3.63882e-06 2.62959e-06 1.88886e-06 1.34925e-06 9.58828e-07 6.78104e-07 4.77416e-07 3.34706e-07 2.33726e-07 1.62602e-07 1.12723e-07 7.78839e-08 5.36423e-08 3.6835e-08 2.52215e-08 1.72225e-08 1.17298e-08 7.96898e-09 5.4011e-09 3.65234e-09 2.46439e-09 1.65934e-09 1.11503e-09 7.47809e-10 5.00591e-10 3.34496e-10 2.23123e-10 1.48582e-10 9.87833e-11 6.5572e-11 4.34604e-11 2.87627e-11 1.90084e-11 1.25447e-11 8.26786e-12 5.44202e-12 3.57748e-12 2.34888e-12 1.54037e-12 1.00898e-12 6.60163e-13 4.3146e-13 2.81684e-13 1.83709e-13 1.19689e-13 7.7902e-14 5.06547e-14 3.29063e-14 2.13568e-14 1.38485e-14 8.97189e-15 5.80752e-15 3.75604e-15 2.42724e-15 1.56727e-15 1.01118e-15 6.519e-16 4.19955e-16 2.70335e-16 1.73895e-16 1.11779e-16 7.18011e-17 4.60897e-17 2.95655e-17 1.89531e-17 1.21421e-17 7.7738e-18 4.97395e-18 3.18056e-18 2.03257e-18 1.29816e-18 8.28635e-19 5.28627e-19 3.37048e-19 2.14781e-19 1.36793e-19 8.70767e-20 5.54004e-20 3.52289e-20 2.23906e-20 1.42239e-20 9.03139e-21 5.73169e-21 3.63584e-21 2.30528e-21
6.34883e-05 6.175e-05 6.27492e-05 5.9228e-05 5.31317e-05 4.5896e-05 3.84938e-05 3.15245e-05 2.53105e-05 1.99828e-05 1.55495e-05 1.19475e-05 9.07767e-06 6.82863e-06 5.09085e-06 3.76453e-06 2.76317e-06 2.01443e-06 1.4594e-06 1.05119e-06 7.53103e-07 5.36846e-07 3.809e-07 2.69071e-07 1.89291e-07 1.32649e-07 9.26155e-08 6.44399e-08 4.46885e-08 3.08943e-08 2.12945e-08 1.46361e-08 1.00325e-08 6.85908e-09 4.67789e-09 3.18275e-09 2.16057e-09 1.46347e-09 9.89213e-10 6.67293e-10 4.49261e-10 3.01902e-10 2.0251e-10 1.35603e-10 9.06477e-11 6.04972e-11 4.03114e-11 2.68198e-11 1.78172e-11 1.18194e-11 7.82977e-12 5.1798e-12 3.4222e-12 2.2581e-12 1.48813e-12 9.79516e-13 6.43979e-13 4.22896e-13 2.77403e-13 1.81767e-13 1.18976e-13 7.77952e-14 5.08169e-14 3.31616e-14 2.16194e-14 1.40813e-14 9.16316e-15 5.95739e-15 3.86977e-15 2.51155e-15 1.62867e-15 1.05528e-15 6.83204e-16 4.41969e-16 2.85692e-16 1.84533e-16 1.19105e-16 7.68189e-17 4.95105e-17 3.18876e-17 2.05234e-17 1.32003e-17 8.48461e-18 5.45001e-18 3.49854e-18 2.24442e-18 1.43898e-18 9.22028e-19 5.90439e-19 3.77879e-19 2.41703e-19 1.54513e-19 9.87208e-20 6.30399e-20 4.02336e-20 2.56646e-20 1.63626e-20 1.04268e-20 6.64094e-21 4.2276e-21 2.68996e-21
3.75639e-05 3.82375e-05 3.97891e-05 3.83007e-05 3.49514e-05 3.06593e-05 2.60792e-05 2.16387e-05 1.75877e-05 1.40473e-05 1.10518e-05 8.58136e-06 6.58611e-06 5.0026e-06 3.76453e-06 2.80902e-06 2.07996e-06 1.52929e-06 1.11712e-06 8.11152e-07 5.85708e-07 4.2073e-07 3.00756e-07 2.14018e-07 1.51644e-07 1.07016e-07 7.52354e-08 5.27023e-08 3.6792e-08 2.56017e-08 1.776e-08 1.2284e-08 8.47264e-09 5.82817e-09 3.99881e-09 2.73692e-09 1.86882e-09 1.27318e-09 8.65499e-10 5.87129e-10 3.97487e-10 2.68577e-10 1.81133e-10 1.21939e-10 8.19452e-11 5.49756e-11 3.68218e-11 2.46235e-11 1.64409e-11 1.09611e-11 7.2972e-12 4.85117e-12 3.22065e-12 2.13533e-12 1.41392e-12 9.35066e-13 6.17629e-13 4.07471e-13 2.68511e-13 1.76741e-13 1.16208e-13 7.63249e-14 5.00774e-14 3.28226e-14 2.14917e-14 1.40587e-14 9.18765e-15 5.99873e-15 3.91307e-15 2.55029e-15 1.66067e-15 1.08045e-15 7.02365e-16 4.56211e-16 2.96088e-16 1.92015e-16 1.24427e-16 8.05684e-17 5.21308e-17 3.37061e-17 2.17778e-17 1.4061e-17 9.07232e-18 5.84964e-18 3.76923e-18 2.42714e-18 1.56192e-18 1.0045e-18 6.45619e-19 4.14704e-19 2.6622e-19 1.70801e-19 1.09519e-19 7.01849e-20 4.49526e-20 2.87759e-20 1.84106e-20 1.17727e-20 7.52419e-21 4.80638e-21 3.06872e-21
2.22253e-05 2.36309e-05 2.51628e-05 2.4687e-05 2.2905e-05 2.03938e-05 1.75856e-05 1.47773e-05 1.21543e-05 9.81722e-06 7.80656e-06 6.12358e-06 4.74588e-06 3.63882e-06 2.76317e-06 2.07996e-06 1.55324e-06 1.15146e-06 8.47885e-07 6.20475e-07 4.51445e-07 3.267e-07 2.3524e-07 1.68588e-07 1.20287e-07 8.54674e-08 6.04883e-08 4.26504e-08 2.99669e-08 2.09846e-08 1.46479e-08 1.01936e-08 7.07326e-09 4.89447e-09 3.37784e-09 2.32524e-09 1.59675e-09 1.09393e-09 7.47757e-10 5.10026e-10 3.4715e-10 2.35813e-10 1.59873e-10 1.08185e-10 7.30758e-11 4.92741e-11 3.31686e-11 2.22906e-11 1.49564e-11 1.00198e-11 6.7026e-12 4.47708e-12 2.9863e-12 1.98919e-12 1.32324e-12 8.79098e-13 5.83294e-13 3.86547e-13 2.55857e-13 1.69155e-13 1.11706e-13 7.36863e-14 4.8554e-14 3.19598e-14 2.10152e-14 1.38046e-14 9.05914e-15 5.93923e-15 3.89013e-15 2.54564e-15 1.66432e-15 1.08716e-15 7.09536e-16 4.62687e-16 3.01467e-16 1.96263e-16 1.27671e-16 8.29858e-17 5.38994e-17 3.49814e-17 2.26867e-17 1.47024e-17 9.52138e-18 6.1618e-18 3.9849e-18 2.57535e-18 1.66328e-18 1.07353e-18 6.92449e-19 4.46362e-19 2.87554e-19 1.85135e-19 1.19124e-19 7.66043e-20 4.92332e-20 3.16239e-20 2.03017e-20 1.30259e-20 8.35316e-21 5.35379e-21 3.4296e-21
1.315e-05 1.45774e-05 1.58741e-05 1.58645e-05 1.49582e-05 1.35123e-05 1.18071e-05 1.00444e-05 8.35732e-06 6.82425e-06 5.48304e-06 4.3437e-06 3.39849e-06 2.62959e-06 2.01443e-06 1.52929e-06 1.15146e-06 8.60458e-07 6.38548e-07 4.70835e-07 3.45107e-07 2.51551e-07 1.82409e-07 1.31629e-07 9.45527e-08 6.76278e-08 4.81738e-08 3.41842e-08 2.41688e-08 1.70287e-08 1.19585e-08 8.37156e-09 5.84299e-09 4.06649e-09 2.82237e-09 1.95375e-09 1.34905e-09 9.29262e-10 6.38613e-10 4.37891e-10 2.99611e-10 2.04573e-10 1.39401e-10 9.48081e-11 6.43593e-11 4.36106e-11 2.94993e-11 1.99203e-11 1.34297e-11 9.03947e-12 6.07504e-12 4.07665e-12 2.73165e-12 1.82781e-12 1.22134e-12 8.1501e-13 5.43152e-13 3.61516e-13 2.40324e-13 1.59566e-13 1.05822e-13 7.00987e-14 4.6383e-14 3.06572e-14 2.02415e-14 1.33506e-14 8.79659e-15 5.79023e-15 3.80762e-15 2.50149e-15 1.64187e-15 1.07666e-15 7.05399e-16 4.61752e-16 3.02003e-16 1.97355e-16 1.28863e-16 8.40728e-17 5.48075e-17 3.57016e-17 2.32383e-17 1.51145e-17 9.82353e-18 6.3801e-18 4.14076e-18 2.68553e-18 1.74054e-18 1.12732e-18 7.29666e-19 4.71975e-19 3.05097e-19 1.97099e-19 1.27251e-19 8.21066e-20 5.29462e-20 3.41222e-20 2.1978e-20 1.41479e-20 9.10238e-21 5.85298e-21 3.76153e-21
7.7804e-06 8.97752e-06 9.99153e-06 1.01667e-05 9.73722e-06 8.92058e-06 7.89587e-06 6.79788e-06 5.71987e-06 4.72035e-06 3.83099e-06 3.06424e-06 2.41963e-06 1.88886e-06 1.4594e-06 1.11712e-06 8.47885e-07 6.38548e-07 4.77464e-07 3.54659e-07 2.61826e-07 1.92189e-07 1.4032e-07 1.01938e-07 7.37063e-08 5.30575e-08 3.80338e-08 2.71563e-08 1.93169e-08 1.36917e-08 9.67163e-09 6.80985e-09 4.78007e-09 3.34541e-09 2.33473e-09 1.62499e-09 1.12807e-09 7.8116e-10 5.39639e-10 3.71933e-10 2.55777e-10 1.75521e-10 1.20199e-10 8.21495e-11 5.60367e-11 3.81531e-11 2.59301e-11 1.75922e-11 1.19151e-11 8.05687e-12 5.43927e-12 3.66643e-12 2.46771e-12 1.65848e-12 1.11304e-12 7.4595e-13 4.99258e-13 3.33712e-13 2.22773e-13 1.48531e-13 9.89102e-14 6.5789e-14 4.37082e-14 2.90058e-14 1.92277e-14 1.27322e-14 8.42215e-15 5.5654e-15 3.67395e-15 2.42295e-15 1.59638e-15 1.0508e-15 6.91042e-16 4.54042e-16 2.9806e-16 1.95495e-16 1.28115e-16 8.3888e-17 5.48841e-17 3.58794e-17 2.3437e-17 1.52977e-17 9.97744e-18 6.50265e-18 4.23491e-18 2.75605e-18 1.79236e-18 1.16483e-18 7.5649e-19 4.9097e-19 3.18435e-19 2.06398e-19 1.33695e-19 8.65474e-20 5.59919e-20 3.62021e-20 2.33928e-20 1.5107e-20 9.75041e-21 6.28957e-21 4.05486e-21
4.6034e-06 5.52028e-06 6.27575e-06 6.49857e-06 6.31969e-06 5.8695e-06 5.26084e-06 4.58231e-06 3.89797e-06 3.25016e-06 2.66378e-06 2.15067e-06 1.71355e-06 1.34925e-06 1.05119e-06 8.11152e-07 6.20475e-07 4.70835e-07 3.54659e-07 2.65334e-07 1.97256e-07 1.45783e-07 1.07151e-07 7.83509e-08 5.70147e-08 4.12997e-08 2.97876e-08 2.13969e-08 1.53105e-08 1.09152e-08 7.75457e-09 5.49082e-09 3.87559e-09 2.72721e-09 1.91355e-09 1.33891e-09 9.34333e-10 6.50339e-10 4.51552e-10 3.12785e-10 2.16168e-10 1.49067e-10 1.02576e-10 7.04405e-11 4.82766e-11 3.30232e-11 2.25473e-11 1.5367e-11 1.04551e-11 7.1012e-12 4.81531e-12 3.26006e-12 2.20372e-12 1.48742e-12 1.00248e-12 6.74688e-13 4.53448e-13 3.04346e-13 2.04003e-13 1.36569e-13 9.13109e-14 6.09769e-14 4.06718e-14 2.70967e-14 1.80322e-14 1.19867e-14 7.95942e-15 5.27963e-15 3.49846e-15 2.31586e-15 1.5315e-15 1.01181e-15 6.6784e-16 4.40394e-16 2.90145e-16 1.90986e-16 1.25605e-16 8.25356e-17 5.4189e-17 3.55486e-17 2.33014e-17 1.52615e-17 9.98792e-18 6.53161e-18 4.26814e-18 2.787e-18 1.81853e-18 1.18575e-18 7.72619e-19 5.0308e-19 3.27352e-19 2.12865e-19 1.38327e-19 8.98325e-20 5.83021e-20 3.7815e-20 2.45119e-20 1.58792e-20 1.02807e-20 6.65215e-21 4.30181e-21
2.72368e-06 3.38958e-06 3.93416e-06 4.144e-06 4.09028e-06 3.84996e-06 3.49318e-06 3.07738e-06 2.6458e-06 2.22838e-06 1.84388e-06 1.50235e-06 1.20751e-06 9.58828e-07 7.53103e-07 5.85708e-07 4.51445e-07 3.45107e-07 2.61826e-07 1.97256e-07 1.47647e-07 1.09848e-07 8.1265e-08 5.98017e-08 4.37886e-08 3.19133e-08 2.31558e-08 1.67312e-08 1.20412e-08 8.63328e-09 6.16768e-09 4.3912e-09 3.11622e-09 2.20454e-09 1.55493e-09 1.09361e-09 7.67053e-10 5.36591e-10 3.74422e-10 2.60628e-10 1.80993e-10 1.25407e-10 8.67027e-11 5.98175e-11 4.11851e-11 2.83006e-11 1.94099e-11 1.32877e-11 9.08025e-12 6.19431e-12 4.21849e-12 2.86821e-12 1.94704e-12 1.31968e-12 8.93123e-13 6.03558e-13 4.07295e-13 2.74472e-13 1.84715e-13 1.24147e-13 8.33317e-14 5.58654e-14 3.74064e-14 2.50167e-14 1.67113e-14 1.11506e-14 7.43191e-15 4.94803e-15 3.29081e-15 2.18636e-15 1.45111e-15 9.62156e-16 6.37335e-16 4.2177e-16 2.78854e-16 1.84196e-16 1.21561e-16 8.01539e-17 5.28057e-17 3.47591e-17 2.2861e-17 1.50234e-17 9.86492e-18 6.47258e-18 4.24351e-18 2.78e-18 1.81987e-18 1.19047e-18 7.78185e-19 5.08324e-19 3.31816e-19 2.16449e-19 1.41099e-19 9.19186e-20 5.98412e-20 3.89331e-20 2.53142e-20 1.64491e-20 1.0682e-20 6.93268e-21 4.49669e-21
1.61151e-06 2.07852e-06 2.46178e-06 2.63666e-06 2.64052e-06 2.51797e-06 2.31206e-06 2.05954e-06 1.7892e-06 1.52179e-06 1.271e-06 1.04485e-06 8.46995e-07 6.78104e-07 5.36846e-07 4.2073e-07 3.267e-07 2.51551e-07 1.92189e-07 1.45783e-07 1.09848e-07 8.22583e-08 6.12418e-08 4.53476e-08 3.34074e-08 2.44929e-08 1.78758e-08 1.29905e-08 9.40189e-09 6.77835e-09 4.86894e-09 3.48515e-09 2.4863e-09 1.76806e-09 1.25347e-09 8.86041e-10 6.24558e-10 4.39055e-10 3.07848e-10 2.15313e-10 1.5023e-10 1.04577e-10 7.26349e-11 5.03401e-11 3.48157e-11 2.40303e-11 1.65537e-11 1.13817e-11 7.81125e-12 5.35134e-12 3.65977e-12 2.49872e-12 1.70323e-12 1.15915e-12 7.87662e-13 5.34427e-13 3.62079e-13 2.44964e-13 1.655e-13 1.11663e-13 7.52404e-14 5.06331e-14 3.40309e-14 2.28445e-14 1.53169e-14 1.02578e-14 6.86189e-15 4.58509e-15 3.06041e-15 2.04055e-15 1.35913e-15 9.04343e-16 6.01132e-16 3.99191e-16 2.64835e-16 1.75534e-16 1.16238e-16 7.69027e-17 5.08335e-17 3.35723e-17 2.21535e-17 1.46063e-17 9.6223e-18 6.33386e-18 4.16595e-18 2.73793e-18 1.79803e-18 1.1799e-18 7.73704e-19 5.06977e-19 3.31964e-19 2.17215e-19 1.42033e-19 9.28096e-20 6.06047e-20 3.95489e-20 2.57918e-20 1.68094e-20 1.09484e-20 7.12658e-21 4.63604e-21
9.53477e-07 1.27299e-06 1.53784e-06 1.67412e-06 1.70049e-06 1.64235e-06 1.52573e-06 1.37389e-06 1.20573e-06 1.0354e-06 8.72689e-07 7.23676e-07 5.91556e-07 4.77416e-07 3.809e-07 3.00756e-07 2.3524e-07 1.82409e-07 1.4032e-07 1.07151e-07 8.1265e-08 6.12418e-08 4.58785e-08 3.41784e-08 2.53292e-08 1.86788e-08 1.37106e-08 1.00196e-08 7.29171e-09 5.28553e-09 3.81688e-09 2.74643e-09 1.96942e-09 1.40762e-09 1.00293e-09 7.12446e-10 5.04639e-10 3.56457e-10 2.51118e-10 1.76456e-10 1.23687e-10 8.64931e-11 6.0345e-11 4.20087e-11 2.91815e-11 2.02291e-11 1.39951e-11 9.66343e-12 6.65994e-12 4.5816e-12 3.14627e-12 2.15689e-12 1.47617e-12 1.00864e-12 6.88106e-13 4.68712e-13 3.18792e-13 2.1651e-13 1.46835e-13 9.94454e-14 6.72594e-14 4.54308e-14 3.06472e-14 2.06484e-14 1.38947e-14 9.33891e-15 6.26952e-15 4.20413e-15 2.81601e-15 1.88415e-15 1.25931e-15 8.4081e-16 5.6081e-16 3.73679e-16 2.48745e-16 1.65421e-16 1.09905e-16 7.29526e-17 4.83805e-17 3.20563e-17 2.12215e-17 1.40367e-17 9.27664e-18 6.1257e-18 4.04174e-18 2.66461e-18 1.75533e-18 1.15545e-18 7.6e-19 4.9952e-19 3.28076e-19 2.15319e-19 1.41216e-19 9.25517e-20 6.06159e-20 3.9673e-20 2.59488e-20 1.69611e-20 1.10793e-20 7.23263e-21 4.71855e-21
5.64141e-07 7.78749e-07 9.5914e-07 1.06089e-06 1.09264e-06 1.0685e-06 1.00401e-06 9.13717e-07 8.09879e-07 7.02026e-07 5.97003e-07 4.99295e-07 4.11484e-07 3.34706e-07 2.69071e-07 2.14018e-07 1.68588e-07 1.31629e-07 1.01938e-07 7.83509e-08 5.98017e-08 4.53476e-08 3.41784e-08 2.56137e-08 1.90927e-08 1.41602e-08 1.04521e-08 7.6803e-09 5.61951e-09 4.09502e-09 2.97261e-09 2.14992e-09 1.54946e-09 1.11297e-09 7.96881e-10 5.6881e-10 4.04818e-10 2.87291e-10 2.0333e-10 1.43531e-10 1.01063e-10 7.09872e-11 4.97451e-11 3.47805e-11 2.42644e-11 1.68921e-11 1.17356e-11 8.13705e-12 5.63108e-12 3.88961e-12 2.68184e-12 1.84585e-12 1.26829e-12 8.69999e-13 5.95824e-13 4.07413e-13 2.78155e-13 1.89624e-13 1.29083e-13 8.77463e-14 5.95649e-14 4.03801e-14 2.73385e-14 1.84852e-14 1.24833e-14 8.41987e-15 5.67232e-15 3.81688e-15 2.56543e-15 1.72236e-15 1.15509e-15 7.73819e-16 5.17855e-16 3.46203e-16 2.31215e-16 1.54267e-16 1.02828e-16 6.84754e-17 4.5557e-17 3.02817e-17 2.01102e-17 1.33435e-17 8.84607e-18 5.85952e-18 3.87805e-18 2.56454e-18 1.69456e-18 1.11883e-18 7.38127e-19 4.86596e-19 3.20539e-19 2.10996e-19 1.38788e-19 9.12262e-20 5.99216e-20 3.93321e-20 2.57998e-20 1.6912e-20 1.10786e-20 7.25267e-21 4.74495e-21
3.33783e-07 4.75884e-07 5.97317e-07 6.71051e-07 7.00575e-07 6.93496e-07 6.58955e-07 6.05939e-07 5.42324e-07 4.74439e-07 4.06999e-07 3.43236e-07 2.85141e-07 2.33726e-07 1.89291e-07 1.51644e-07 1.20287e-07 9.45527e-08 7.37063e-08 5.70147e-08 4.37886e-08 3.34074e-08 2.53292e-08 1.90927e-08 1.43131e-08 1.06748e-08 7.92263e-09 5.85299e-09 4.30515e-09 3.15354e-09 2.30088e-09 1.67246e-09 1.21132e-09 8.74326e-10 6.29018e-10 4.51114e-10 3.22553e-10 2.29963e-10 1.63495e-10 1.15928e-10 8.19884e-11 5.7841e-11 4.07077e-11 2.85832e-11 2.0025e-11 1.39989e-11 9.76571e-12 6.7988e-12 4.72396e-12 3.27605e-12 2.26773e-12 1.56694e-12 1.08082e-12 7.44245e-13 5.11637e-13 3.51165e-13 2.40647e-13 1.6466e-13 1.125e-13 7.67517e-14 5.22891e-14 3.55743e-14 2.41701e-14 1.64003e-14 1.11139e-14 7.52212e-15 5.0849e-15 3.43325e-15 2.31537e-15 1.55969e-15 1.04947e-15 7.05385e-16 4.73605e-16 3.17651e-16 2.12832e-16 1.42457e-16 9.52585e-17 6.36358e-17 4.24704e-17 2.83182e-17 1.88646e-17 1.25556e-17 8.34923e-18 5.54726e-18 3.68249e-18 2.44254e-18 1.61877e-18 1.07196e-18 7.09295e-19 4.68961e-19 3.09824e-19 2.04534e-19 1.34925e-19 8.89417e-20 5.85876e-20 3.85655e-20 2.53683e-20 1.66758e-20 1.09544e-20 7.19122e-21 4.71773e-21
1.97488e-07 2.90513e-07 3.71465e-07 4.23733e-07 4.48291e-07 4.49089e-07 4.31412e-07 4.00752e-07 3.6211e-07 3.19646e-07 2.76564e-07 2.35149e-07 1.96883e-07 1.62602e-07 1.32649e-07 1.07016e-07 8.54674e-08 6.76278e-08 5.30575e-08 4.12997e-08 3.19133e-08 2.44929e-08 1.86788e-08 1.41602e-08 1.06748e-08 8.00497e-09 5.97309e-09 4.43602e-09 3.27982e-09 2.41472e-09 1.77065e-09 1.29339e-09 9.41312e-10 6.8268e-10 4.93453e-10 3.55532e-10 2.55373e-10 1.82888e-10 1.30606e-10 9.30142e-11 6.60682e-11 4.68093e-11 3.30832e-11 2.33268e-11 1.641e-11 1.15186e-11 8.06793e-12 5.63928e-12 3.9338e-12 2.73876e-12 1.90315e-12 1.32007e-12 9.13995e-13 6.3174e-13 4.35913e-13 3.00295e-13 2.0654e-13 1.41835e-13 9.72534e-14 6.65862e-14 4.55237e-14 3.108e-14 2.11899e-14 1.44276e-14 9.8105e-15 6.66244e-15 4.5189e-15 3.06127e-15 2.07135e-15 1.3999e-15 9.45022e-16 6.37239e-16 4.29226e-16 2.88804e-16 1.94117e-16 1.3034e-16 8.74282e-17 5.85862e-17 3.92208e-17 2.62316e-17 1.75277e-17 1.17011e-17 7.8044e-18 5.20076e-18 3.46271e-18 2.30353e-18 1.53112e-18 1.01687e-18 6.74792e-19 4.47434e-19 2.96447e-19 1.9626e-19 1.29834e-19 8.5826e-20 5.66933e-20 3.74224e-20 2.46845e-20 1.62709e-20 1.07177e-20 7.05497e-21 4.64088e-21
1.16847e-07 1.77181e-07 2.30704e-07 2.67129e-07 2.86314e-07 2.90198e-07 2.8178e-07 2.64373e-07 2.41122e-07 2.14732e-07 1.87354e-07 1.60579e-07 1.35484e-07 1.12723e-07 9.26155e-08 7.52354e-08 6.04883e-08 4.81738e-08 3.80338e-08 2.97876e-08 2.31558e-08 1.78758e-08 1.37106e-08 1.04521e-08 7.92263e-09 5.97309e-09 4.48046e-09 3.34472e-09 2.48553e-09 1.83908e-09 1.35517e-09 9.94682e-10 7.27362e-10 5.29986e-10 3.84851e-10 2.78546e-10 2.00972e-10 1.44566e-10 1.03689e-10 7.41631e-11 5.29024e-11 3.76388e-11 2.67122e-11 1.89119e-11 1.33582e-11 9.41406e-12 6.62e-12 4.64536e-12 3.25305e-12 2.27351e-12 1.58586e-12 1.10413e-12 7.67328e-13 5.32323e-13 3.68657e-13 2.54883e-13 1.75935e-13 1.21248e-13 8.34301e-14 5.73214e-14 3.93254e-14 2.69405e-14 1.84302e-14 1.2591e-14 8.59035e-15 5.85322e-15 3.98313e-15 2.70716e-15 1.83769e-15 1.24599e-15 8.43816e-16 5.70802e-16 3.85689e-16 2.60323e-16 1.75518e-16 1.18216e-16 7.95388e-17 5.34619e-17 3.58987e-17 2.40818e-17 1.61394e-17 1.08063e-17 7.2288e-18 4.8313e-18 3.22609e-18 2.15233e-18 1.43473e-18 9.55582e-19 6.35924e-19 4.22853e-19 2.80948e-19 1.86518e-19 1.23732e-19 8.20183e-20 5.43269e-20 3.59583e-20 2.37831e-20 1.57191e-20 1.0382e-20 6.85228e-21 4.51952e-21
6.91347e-08 1.07965e-07 1.43103e-07 1.68143e-07 1.82535e-07 1.87147e-07 1.83639e-07 1.73985e-07 1.60144e-07 1.43856e-07 1.26552e-07 1.09321e-07 9.29342e-08 7.78839e-08 6.44399e-08 5.27023e-08 4.26504e-08 3.41842e-08 2.71563e-08 2.13969e-08 1.67312e-08 1.29905e-08 1.00196e-08 7.6803e-09 5.85299e-09 4.43602e-09 3.34472e-09 2.50956e-09 1.87421e-09 1.39356e-09 1.03183e-09 7.60946e-10 5.59041e-10 4.09213e-10 2.98498e-10 2.1701e-10 1.57263e-10 1.13616e-10 8.18396e-11 5.8783e-11 4.21065e-11 3.00814e-11 2.14358e-11 1.52374e-11 1.08055e-11 7.64509e-12 5.39698e-12 3.80174e-12 2.67242e-12 1.87476e-12 1.3126e-12 9.17247e-13 6.39787e-13 4.45452e-13 3.09601e-13 2.14815e-13 1.488e-13 1.02905e-13 7.10538e-14 4.89857e-14 3.37209e-14 2.3179e-14 1.591e-14 1.09053e-14 7.46476e-15 5.10288e-15 3.48378e-15 2.37538e-15 1.61762e-15 1.10025e-15 7.47458e-16 5.07198e-16 3.43774e-16 2.32746e-16 1.57404e-16 1.06337e-16 7.1762e-17 4.8379e-17 3.25822e-17 2.19216e-17 1.47347e-17 9.89451e-18 6.63804e-18 4.44924e-18 2.97947e-18 1.99345e-18 1.33258e-18 8.90034e-19 5.93957e-19 3.96043e-19 2.63861e-19 1.75655e-19 1.16843e-19 7.76621e-20 5.15802e-20 3.42319e-20 2.27016e-20 1.50441e-20 9.96243e-21 6.59261e-21 4.3596e-21
4.09047e-08 6.57326e-08 8.86605e-08 1.05682e-07 1.16175e-07 1.20459e-07 1.19427e-07 1.14239e-07 1.06101e-07 9.61228e-08 8.52462e-08 7.42098e-08 6.35543e-08 5.36423e-08 4.46885e-08 3.6792e-08 2.99669e-08 2.41688e-08 1.93169e-08 1.53105e-08 1.20412e-08 9.40189e-09 7.29171e-09 5.61951e-09 4.30515e-09 3.27982e-09 2.48553e-09 1.87421e-09 1.40658e-09 1.05089e-09 7.8179e-10 5.79236e-10 4.27496e-10 3.14337e-10 2.30311e-10 1.68173e-10 1.22399e-10 8.88049e-11 6.42372e-11 4.63314e-11 3.33235e-11 2.39032e-11 1.71014e-11 1.22044e-11 8.6886e-12 6.1711e-12 4.37309e-12 3.09214e-12 2.18174e-12 1.53621e-12 1.07951e-12 7.57103e-13 5.29983e-13 3.70314e-13 2.58286e-13 1.79836e-13 1.25002e-13 8.67439e-14 6.00984e-14 4.15725e-14 2.87135e-14 1.98024e-14 1.3637e-14 9.37778e-15 6.43991e-15 4.41642e-15 3.02472e-15 2.06889e-15 1.41332e-15 9.6428e-16 6.57112e-16 4.4726e-16 3.04071e-16 2.06488e-16 1.40065e-16 9.49054e-17 6.4237e-17 4.34333e-17 2.93368e-17 1.97953e-17 1.33439e-17 8.98624e-18 6.04586e-18 4.06378e-18 2.72899e-18 1.83097e-18 1.22736e-18 8.22022e-19 5.50074e-19 3.67783e-19 2.45698e-19 1.64005e-19 1.09386e-19 7.28993e-20 4.85452e-20 3.23026e-20 2.14783e-20 1.42706e-20 9.4747e-21 6.28603e-21 4.16753e-21
2.42019e-08 3.99884e-08 5.48685e-08 6.63322e-08 7.38202e-08 7.73936e-08 7.75127e-08 7.48471e-08 7.01317e-08 6.40691e-08 5.72722e-08 5.02368e-08 4.33373e-08 3.6835e-08 3.08943e-08 2.56017e-08 2.09846e-08 1.70287e-08 1.36917e-08 1.09152e-08 8.63328e-09 6.77835e-09 5.28553e-09 4.09502e-09 3.15354e-09 2.41472e-09 1.83908e-09 1.39356e-09 1.05089e-09 7.88857e-10 5.8959e-10 4.38833e-10 3.25334e-10 2.4028e-10 1.7682e-10 1.2967e-10 9.47772e-11 6.90527e-11 5.0156e-11 3.63231e-11 2.62304e-11 1.88902e-11 1.35681e-11 9.72053e-12 6.94685e-12 4.95277e-12 3.52293e-12 2.50027e-12 1.77062e-12 1.25127e-12 8.82448e-13 6.21105e-13 4.36319e-13 3.05935e-13 2.14123e-13 1.49599e-13 1.04338e-13 7.26486e-14 5.05011e-14 3.50495e-14 2.42876e-14 1.68047e-14 1.161e-14 8.00945e-15 5.51774e-15 3.79594e-15 2.60791e-15 1.78933e-15 1.22611e-15 8.3911e-16 5.73551e-16 3.91561e-16 2.67001e-16 1.81854e-16 1.23719e-16 8.40752e-17 5.70722e-17 3.87005e-17 2.62151e-17 1.77394e-17 1.19919e-17 8.09851e-18 5.46386e-18 3.6828e-18 2.47998e-18 1.66847e-18 1.12149e-18 7.53151e-19 5.05348e-19 3.38785e-19 2.26929e-19 1.51878e-19 1.01565e-19 6.78645e-20 4.53103e-20 3.02282e-20 2.01509e-20 1.34229e-20 8.93464e-21 5.94277e-21 3.9499e-21
1.43195e-08 2.43086e-08 3.39198e-08 4.15789e-08 4.68352e-08 4.96389e-08 5.02131e-08 4.89371e-08 4.62539e-08 4.26037e-08 3.83822e-08 3.3919e-08 2.94704e-08 2.52215e-08 2.12945e-08 1.776e-08 1.46479e-08 1.19585e-08 9.67163e-09 7.75457e-09 6.16768e-09 4.86894e-09 3.81688e-09 2.97261e-09 2.30088e-09 1.77065e-09 1.35517e-09 1.03183e-09 7.8179e-10 5.8959e-10 4.42675e-10 3.30968e-10 2.46454e-10 1.82817e-10 1.35112e-10 9.95039e-11 7.30324e-11 5.34292e-11 3.89659e-11 2.83325e-11 2.05413e-11 1.4851e-11 1.07082e-11 7.70096e-12 5.52436e-12 3.95332e-12 2.82241e-12 2.01043e-12 1.42888e-12 1.01339e-12 7.17215e-13 5.06578e-13 3.57102e-13 2.51252e-13 1.7645e-13 1.23695e-13 8.656e-14 6.04701e-14 4.21735e-14 2.93652e-14 2.04145e-14 1.41701e-14 9.82092e-15 6.79659e-15 4.69684e-15 3.24123e-15 2.23366e-15 1.53724e-15 1.05656e-15 7.25251e-16 4.97207e-16 3.40448e-16 2.32831e-16 1.59044e-16 1.08515e-16 7.3956e-17 5.03468e-17 3.42371e-17 2.32572e-17 1.5782e-17 1.06984e-17 7.24503e-18 4.90149e-18 3.31279e-18 2.23688e-18 1.50899e-18 1.01701e-18 6.84815e-19 4.60715e-19 3.09679e-19 2.07977e-19 1.39557e-19 9.35677e-20 6.26821e-20 4.19576e-20 2.80629e-20 1.87549e-20 1.25246e-20 8.35759e-21 5.57282e-21 3.71322e-21
8.47236e-09 1.47665e-08 2.0948e-08 2.60302e-08 2.96712e-08 3.17852e-08 3.24693e-08 3.19336e-08 3.04415e-08 2.82663e-08 2.56616e-08 2.28444e-08 1.99883e-08 1.72225e-08 1.46361e-08 1.2284e-08 1.01936e-08 8.37156e-09 6.80985e-09 5.49082e-09 4.3912e-09 3.48515e-09 2.74643e-09 2.14992e-09 1.67246e-09 1.29339e-09 9.94682e-10 7.60946e-10 5.79236e-10 4.38833e-10 3.30968e-10 2.48546e-10 1.85886e-10 1.3848e-10 1.02778e-10 7.6007e-11 5.6016e-11 4.11466e-11 3.01283e-11 2.19932e-11 1.60074e-11 1.16177e-11 8.40875e-12 6.07004e-12 4.3706e-12 3.13918e-12 2.24932e-12 1.60798e-12 1.14692e-12 8.16277e-13 5.79728e-13 4.10884e-13 2.90635e-13 2.0518e-13 1.44578e-13 1.01688e-13 7.13947e-14 5.00385e-14 3.50112e-14 2.44564e-14 1.7056e-14 1.18762e-14 8.25684e-15 5.7319e-15 3.97326e-15 2.75027e-15 1.90106e-15 1.31227e-15 9.04631e-16 6.22803e-16 4.28227e-16 2.94072e-16 2.01698e-16 1.38174e-16 9.45451e-17 6.46177e-17 4.41136e-17 3.00824e-17 2.04917e-17 1.39438e-17 9.47831e-18 6.43625e-18 4.36613e-18 2.9589e-18 2.00328e-18 1.35499e-18 9.15641e-19 6.18176e-19 4.16971e-19 2.81003e-19 1.89206e-19 1.27288e-19 8.55593e-20 5.74628e-20 3.8561e-20 2.58559e-20 1.73231e-20 1.15971e-20 7.75785e-21 5.18564e-21 3.46368e-21
5.01281e-09 8.96397e-09 1.29245e-08 1.62765e-08 1.87712e-08 2.0321e-08 2.09594e-08 2.07989e-08 1.99944e-08 1.87137e-08 1.7118e-08 1.53491e-08 1.35232e-08 1.17298e-08 1.00325e-08 8.47264e-09 7.07326e-09 5.84299e-09 4.78007e-09 3.87559e-09 3.11622e-09 2.4863e-09 1.96942e-09 1.54946e-09 1.21132e-09 9.41312e-10 7.27362e-10 5.59041e-10 4.27496e-10 3.25334e-10 2.46454e-10 1.85886e-10 1.3962e-10 1.04453e-10 7.78465e-11 5.78059e-11 4.27745e-11 3.15456e-11 2.31893e-11 1.69937e-11 1.24161e-11 9.04546e-12 6.57152e-12 4.76137e-12 3.44088e-12 2.48036e-12 1.78362e-12 1.27958e-12 9.15881e-13 6.54107e-13 4.66149e-13 3.31508e-13 2.35279e-13 1.66654e-13 1.17819e-13 8.31388e-14 5.85604e-14 4.11753e-14 2.89015e-14 2.02523e-14 1.41683e-14 9.89615e-15 6.9014e-15 4.80559e-15 3.34126e-15 2.31976e-15 1.60826e-15 1.11345e-15 7.69822e-16 5.31538e-16 3.66534e-16 2.52429e-16 1.7363e-16 1.19283e-16 8.18487e-17 5.60966e-17 3.84027e-17 2.62601e-17 1.79371e-17 1.22387e-17 8.34174e-18 5.67968e-18 3.86318e-18 2.625e-18 1.7819e-18 1.20842e-18 8.18718e-19 5.54172e-19 3.7476e-19 2.53203e-19 1.70922e-19 1.15278e-19 7.76814e-20 5.23023e-20 3.51854e-20 2.36508e-20 1.58847e-20 1.06602e-20 7.14846e-21 4.78987e-21 3.20704e-21
