0.249627 0.110945 0.0493091 0.0219151 0.00974006 0.00432892 0.00192396 0.000855095 0.000380042 0.000168908 7.50701e-05 3.33645e-05 1.48287e-05 6.59051e-06 2.92912e-06 1.30183e-06 5.78591e-07 2.57152e-07 1.1429e-07 5.07954e-08 2.25757e-08 1.00337e-08 4.4594e-09 1.98196e-09 8.80869e-10 3.91497e-10 1.73999e-10 7.73328e-11 3.43701e-11 1.52756e-11 6.78917e-12 3.01741e-12 1.34107e-12 5.96031e-13 2.64903e-13 1.17735e-13 5.23264e-14 2.32562e-14 1.03361e-14 4.59382e-15 2.0417e-15 9.07421e-16 4.03298e-16 1.79244e-16 7.96638e-17 3.54061e-17 1.57361e-17 6.99381e-18 3.10836e-18 1.38149e-18 6.13997e-19 2.72887e-19 1.21283e-19 5.39037e-20 2.39572e-20 1.06476e-20 4.73229e-21 2.10324e-21 9.34772e-22 4.15454e-22 1.84646e-22 8.20651e-23 3.64734e-23 1.62104e-23 7.20461e-24 3.20205e-24 1.42313e-24 6.32504e-25 2.81113e-25 1.24939e-25 5.55285e-26 2.46793e-26 1.09686e-26 4.87493e-27 2.16663e-27 9.62948e-28 4.27977e-28 1.90212e-28 8.45387e-29 3.75727e-29 1.6699e-29 7.42178e-30 3.29857e-30 1.46603e-30 6.51569e-31 2.89586e-31 1.28705e-31 5.72022e-32 2.54232e-32 1.12992e-32 5.02187e-33 2.23194e-33 9.91974e-34 4.40877e-34 1.95945e-34 8.70869e-35 3.87053e-35 1.72023e-35 7.64549e-36 3.39799e-36 1.51022e-36
0.110945 0.0640408 0.03501 0.01847 0.00950219 0.004798 0.00238792 0.00117484 0.000572613 0.000276923 0.000133045 6.35613e-05 3.02185e-05 1.43055e-05 6.74696e-06 3.17151e-06 1.48639e-06 6.94762e-07 3.23959e-07 1.50726e-07 6.99872e-08 3.24377e-08 1.50089e-08 6.93379e-09 3.19865e-09 1.47361e-09 6.7804e-10 3.1162e-10 1.43061e-10 6.56112e-11 3.0062e-11 1.37616e-11 6.29432e-12 2.87662e-12 1.31367e-12 5.99487e-13 2.73387e-13 1.24593e-13 5.67473e-14 2.5831e-14 1.17515e-14 5.3434e-15 2.4284e-15 1.10309e-15 5.00839e-16 2.27296e-16 1.0311e-16 4.67554e-17 2.11929e-17 9.60251e-18 4.34931e-18 1.96926e-18 8.91332e-19 4.03305e-19 1.82428e-19 8.24928e-20 3.72919e-20 1.68534e-20 7.61454e-21 3.4394e-21 1.55314e-21 7.01182e-22 3.1648e-22 1.4281e-22 6.44278e-23 2.90597e-23 1.31044e-23 5.90817e-24 2.66318e-24 1.20023e-24 5.40807e-25 2.43636e-25 1.09739e-25 4.94202e-26 2.22522e-26 1.00177e-26 4.50915e-27 2.02933e-27 9.13148e-28 4.10832e-28 1.8481e-28 8.31231e-29 3.73816e-29 1.68087e-29 7.55705e-30 3.39714e-30 1.52693e-30 6.86231e-31 3.08367e-31 1.38553e-31 6.22457e-32 2.79611e-32 1.25589e-32 5.64027e-33 2.5328e-33 1.13725e-33 5.10586e-34 2.29211e-34 1.02887e-34 4.61787e-35 2.07244e-35
0.0493091 0.03501 0.0222493 0.013248 0.00755281 0.00417304 0.00225138 0.001192 0.000621538 0.00032 0.000162995 8.22628e-05 4.11874e-05 2.04778e-05 1.01183e-05 4.97204e-06 2.43111e-06 1.18339e-06 5.73695e-07 2.77092e-07 1.33379e-07 6.40021e-08 3.06228e-08 1.46129e-08 6.95579e-09 3.30333e-09 1.56538e-09 7.40303e-10 3.49442e-10 1.64652e-10 7.74513e-11 3.6375e-11 1.70579e-11 7.98793e-12 3.73559e-12 1.74474e-12 8.13905e-13 3.79242e-13 1.76515e-13 8.2071e-14 3.81209e-14 1.76897e-14 8.20123e-15 3.79888e-15 1.75819e-15 8.13064e-16 3.75704e-16 1.73478e-16 8.00438e-17 3.69073e-17 1.70061e-17 7.83107e-18 3.60385e-18 1.65749e-18 7.61878e-19 3.50007e-19 1.60706e-19 7.37498e-20 3.38275e-20 1.55083e-20 7.10646e-21 3.25493e-21 1.49017e-21 6.8193e-22 3.11933e-22 1.42628e-22 6.51892e-23 2.97837e-23 1.36024e-23 6.21007e-24 2.83414e-24 1.29299e-24 5.89687e-25 2.68847e-25 1.22532e-25 5.58287e-26 2.54292e-26 1.15792e-26 5.27106e-27 2.3988e-27 1.09136e-27 4.96395e-28 2.2572e-28 1.02613e-28 4.66361e-29 2.11902e-29 9.62595e-30 4.37169e-30 1.98497e-30 9.01074e-31 4.0895e-31 1.85561e-31 8.41801e-32 3.81806e-32 1.73136e-32 7.84953e-33 3.55808e-33 1.61252e-33 7.30652e-34 3.31006e-34 1.49928e-34
0.0219151 0.01847 0.013248 0.00869412 0.00538579 0.00320219 0.00184577 0.00103827 0.000572581 0.00031061 0.000166166 8.78353e-05 4.59487e-05 2.38178e-05 1.22462e-05 6.251e-06 3.17001e-06 1.59809e-06 8.01322e-07 3.99829e-07 1.986e-07 9.82367e-08 4.84056e-08 2.37665e-08 1.16302e-08 5.67364e-09 2.75978e-09 1.33876e-09 6.47769e-10 3.12673e-10 1.50581e-10 7.23635e-11 3.47043e-11 1.66115e-11 7.93671e-12 3.78543e-12 1.80247e-12 8.56912e-13 4.0677e-13 1.92812e-13 9.12689e-14 4.31457e-14 2.03705e-14 9.60596e-15 4.52453e-15 2.12873e-15 1.00046e-15 4.69708e-16 2.20305e-16 1.03229e-16 4.83256e-17 2.26029e-17 1.05627e-17 4.93201e-18 2.30103e-18 1.07271e-18 4.99701e-19 2.32607e-19 1.082e-19 5.02957e-20 2.33639e-20 1.08462e-20 5.03199e-21 2.33311e-21 1.08111e-21 5.00678e-22 2.3174e-22 1.07203e-22 4.95658e-23 2.29051e-23 1.05795e-23 4.88408e-24 2.25369e-24 1.03944e-24 4.79194e-25 2.20815e-25 1.01709e-25 4.68279e-26 2.15512e-26 9.91431e-27 4.55914e-27 2.09573e-27 9.62998e-28 4.42339e-28 2.03109e-28 9.32286e-29 4.27779e-29 1.9622e-29 8.99757e-30 4.12445e-30 1.89003e-30 8.65838e-31 3.96527e-31 1.81543e-31 8.30922e-32 3.80203e-32 1.7392e-32 7.9536e-33 3.63631e-33 1.66204e-33 7.59471e-34
0.00974006 0.00950219 0.00755281 0.00538579 0.0035831 0.00226966 0.00138553 0.000821574 0.000475808 0.000270207 0.000150919 8.30964e-05 4.51868e-05 2.43041e-05 1.29454e-05 6.83545e-06 3.581e-06 1.86272e-06 9.62659e-07 4.94554e-07 2.52686e-07 1.28456e-07 6.49979e-08 3.27459e-08 1.64307e-08 8.21317e-09 4.09097e-09 2.03094e-09 1.0051e-09 4.95949e-10 2.44037e-10 1.19764e-10 5.86293e-11 2.86333e-11 1.39524e-11 6.7841e-12 3.29191e-12 1.59425e-12 7.70646e-13 3.7186e-13 1.79127e-13 8.61457e-14 4.13642e-14 1.98318e-14 9.49444e-15 4.53913e-15 2.16718e-15 1.03337e-15 4.92126e-16 2.34087e-16 1.11218e-16 5.27819e-17 2.50223e-17 1.18499e-17 5.60615e-18 2.64965e-18 1.25112e-18 5.9022e-19 2.78189e-19 1.31006e-19 6.1642e-20 2.89807e-20 1.36144e-20 6.39076e-21 2.99766e-21 1.40506e-21 6.58117e-22 3.08042e-22 1.44088e-22 6.73534e-23 3.14641e-23 1.46893e-23 6.8537e-24 3.19589e-24 1.48939e-24 6.93716e-25 3.22936e-25 1.50251e-25 6.98701e-26 3.24746e-26 1.50861e-26 7.00487e-27 3.25098e-27 1.50809e-27 6.9926e-28 3.24083e-28 1.50136e-28 6.95225e-29 3.21798e-29 1.48889e-29 6.88601e-30 3.18347e-30 1.47118e-30 6.79616e-31 3.13835e-31 1.4487e-31 6.68502e-32 3.08371e-32 1.42198e-32 6.55491e-33 3.02062e-33
0.00432892 0.004798 0.00417304 0.00320219 0.00226966 0.00152116 0.000977478 0.00060766 0.00036774 0.000217625 0.000126369 7.21912e-05 4.06578e-05 2.26128e-05 1.24372e-05 6.77246e-06 3.65472e-06 1.95617e-06 1.03924e-06 5.48343e-07 2.87509e-07 1.49872e-07 7.77046e-08 4.00859e-08 2.05826e-08 1.05222e-08 5.3571e-09 2.71691e-09 1.37291e-09 6.9138e-10 3.47044e-10 1.73667e-10 8.66536e-11 4.31175e-11 2.13982e-11 1.05928e-11 5.2313e-12 2.57759e-12 1.26728e-12 6.21758e-13 3.04441e-13 1.48782e-13 7.25768e-14 3.53409e-14 1.71798e-14 8.33772e-15 4.0401e-15 1.95469e-15 9.44334e-16 4.55575e-16 2.19483e-16 1.05601e-16 5.07438e-17 2.43534e-17 1.1674e-17 5.58951e-18 2.67326e-18 1.27714e-18 6.095e-19 2.9058e-19 1.38397e-19 6.58516e-20 3.13039e-20 1.48674e-20 7.05479e-21 3.34471e-21 1.58441e-21 7.49931e-22 3.54673e-22 1.67609e-22 7.91473e-23 3.73469e-23 1.761e-23 8.29771e-24 3.90714e-24 1.83852e-24 8.64556e-25 4.06294e-25 1.90816e-25 8.95622e-26 4.20121e-26 1.96957e-26 9.22822e-27 4.32138e-27 2.0225e-27 9.46067e-28 4.42311e-28 2.06685e-28 9.65322e-29 4.50631e-29 2.10261e-29 9.806e-30 4.57112e-30 2.12988e-30 9.91956e-31 4.61785e-31 2.14882e-31 9.99487e-32 4.64701e-32 2.1597e-32 1.00332e-32
0.00192396 0.00238792 0.00225138 0.00184577 0.00138553 0.000977478 0.000658164 0.000427192 0.000269132 0.000165399 9.95302e-05 5.88164e-05 3.42111e-05 1.96233e-05 1.11169e-05 6.22806e-06 3.45425e-06 1.8984e-06 1.03465e-06 5.59603e-07 3.0054e-07 1.60359e-07 8.50461e-08 4.48509e-08 2.3529e-08 1.22829e-08 6.38248e-09 3.30213e-09 1.70146e-09 8.73314e-10 4.46614e-10 2.27609e-10 1.15617e-10 5.85457e-11 2.95581e-11 1.48809e-11 7.47147e-12 3.74163e-12 1.86914e-12 9.31529e-13 4.63196e-13 2.2982e-13 1.1379e-13 5.62274e-14 2.77301e-14 1.36505e-14 6.70757e-15 3.29027e-15 1.61129e-15 7.87802e-16 3.84578e-16 1.87455e-16 9.12388e-17 4.43455e-17 2.15242e-17 1.04335e-17 5.05099e-18 2.44221e-18 1.17941e-18 5.68905e-19 2.74106e-19 1.31922e-19 6.34234e-20 3.04598e-20 1.46138e-20 7.00435e-21 3.35393e-21 1.60447e-21 7.66854e-22 3.66189e-22 1.74711e-22 8.32846e-23 3.96689e-23 1.88792e-23 8.97791e-24 4.2661e-24 2.02563e-24 9.61099e-25 4.55684e-25 2.159e-25 1.02222e-25 4.83663e-26 2.28694e-26 1.08065e-26 5.10321e-27 2.40842e-27 1.13595e-27 5.35458e-28 2.52255e-28 1.1877e-28 5.58897e-29 2.62856e-29 1.23558e-29 5.80492e-30 2.72581e-30 1.27931e-30 6.00119e-31 2.81377e-31 1.31865e-31 6.17686e-32 2.89204e-32
0.000855095 0.00117484 0.001192 0.00103827 0.000821574 0.00060766 0.000427192 0.00028856 0.00018869 0.000120094 7.47002e-05 4.55542e-05 2.73042e-05 1.61179e-05 9.3862e-06 5.39981e-06 3.07245e-06 1.7308e-06 9.66131e-07 5.34787e-07 2.93743e-07 1.60193e-07 8.6783e-08 4.67237e-08 2.50109e-08 1.33158e-08 7.05343e-09 3.7184e-09 1.95143e-09 1.01976e-09 5.30754e-10 2.75187e-10 1.42163e-10 7.31891e-11 3.75559e-11 1.9211e-11 9.79762e-12 4.98253e-12 2.52691e-12 1.27818e-12 6.44912e-13 3.2461e-13 1.63011e-13 8.16774e-14 4.08372e-14 2.03757e-14 1.01462e-14 5.04265e-15 2.50155e-15 1.23875e-15 6.12354e-16 3.022e-16 1.48896e-16 7.32472e-17 3.59781e-17 1.76459e-17 8.64231e-18 4.22681e-18 2.06448e-18 1.00703e-18 4.90589e-19 2.38704e-19 1.16005e-19 5.63105e-20 2.73027e-20 1.32233e-20 6.39746e-21 3.09184e-21 1.49273e-21 7.19965e-22 3.4691e-22 1.66998e-22 8.03155e-23 3.85918e-23 1.8527e-23 8.88668e-24 4.25899e-24 2.03946e-24 9.75824e-25 4.66536e-25 2.22876e-25 1.06393e-25 5.07502e-26 2.41908e-26 1.15227e-26 5.48472e-27 2.60891e-27 1.24015e-27 5.89122e-28 2.79678e-28 1.32689e-28 6.2914e-29 2.98123e-29 1.41184e-29 6.68223e-30 3.16089e-30 1.49436e-30 7.06088e-31 3.33449e-31 1.57387e-31 7.42472e-32
0.000380042 0.000572613 0.000621538 0.000572581 0.000475808 0.00036774 0.000269132 0.00018869 0.000127755 8.40182e-05 5.39066e-05 3.38576e-05 2.08731e-05 1.26584e-05 7.56499e-06 4.46199e-06 2.60068e-06 1.49952e-06 8.561e-07 4.84348e-07 2.71741e-07 1.51283e-07 8.36177e-08 4.59086e-08 2.50478e-08 1.35861e-08 7.32867e-09 3.93279e-09 2.10015e-09 1.11632e-09 5.90781e-10 3.11357e-10 1.63447e-10 8.54795e-11 4.45446e-11 2.31337e-11 1.19751e-11 6.1796e-12 3.1794e-12 1.63113e-12 8.34525e-13 4.2584e-13 2.16748e-13 1.10054e-13 5.5749e-14 2.81766e-14 1.421e-14 7.15132e-15 3.59168e-15 1.80035e-15 9.00726e-16 4.49813e-16 2.24233e-16 1.11589e-16 5.54395e-17 2.74989e-17 1.36185e-17 6.73415e-18 3.32502e-18 1.63939e-18 8.07168e-19 3.96877e-19 1.94884e-19 9.55732e-20 4.68116e-20 2.29003e-20 1.11896e-20 5.46116e-21 2.66235e-21 1.29648e-21 6.3067e-22 3.06466e-22 1.48771e-22 7.21474e-23 3.49542e-23 1.69185e-23 8.18128e-24 3.95261e-24 1.90792e-24 9.20146e-25 4.43387e-25 2.13475e-25 1.02696e-25 4.93645e-26 2.37101e-26 1.13794e-26 5.45731e-27 2.61527e-27 1.2524e-27 5.99318e-28 2.86597e-28 1.36959e-28 6.54058e-29 3.12146e-29 1.48874e-29 7.09587e-30 3.38004e-30 1.60907e-30 7.65535e-31 3.64e-31 1.72976e-31
0.000168908 0.000276923 0.00032 0.00031061 0.000270207 0.000217625 0.000165399 0.000120094 8.40182e-05 5.69867e-05 3.76481e-05 2.43134e-05 1.5393e-05 9.57603e-06 5.86484e-06 3.54183e-06 2.11195e-06 1.24486e-06 7.26053e-07 4.19372e-07 2.40071e-07 1.36295e-07 7.67837e-08 4.29476e-08 2.38611e-08 1.31737e-08 7.23025e-09 3.94622e-09 2.14252e-09 1.15747e-09 6.22372e-10 3.33158e-10 1.77585e-10 9.42776e-11 4.98585e-11 2.62708e-11 1.37938e-11 7.21832e-12 3.76524e-12 1.95799e-12 1.01518e-12 5.24858e-13 2.70617e-13 1.39164e-13 7.13837e-14 3.65269e-14 1.86468e-14 9.49752e-15 4.82685e-15 2.44792e-15 1.23891e-15 6.25778e-16 3.15476e-16 1.58747e-16 7.97371e-17 3.99812e-17 2.0013e-17 1.00013e-17 4.99e-18 2.48583e-18 1.23647e-18 6.14127e-19 3.04586e-19 1.50854e-19 7.46131e-20 3.68551e-20 1.81811e-20 8.95775e-21 4.40803e-21 2.16656e-21 1.06363e-21 5.21574e-22 2.55481e-22 1.25005e-22 6.10995e-23 2.9833e-23 1.45517e-23 7.09091e-24 3.45198e-24 1.67889e-24 8.15779e-25 3.9603e-25 1.92086e-25 9.30864e-26 4.50718e-26 2.18052e-26 1.05404e-26 5.09106e-27 2.45705e-27 1.18491e-27 5.70988e-28 2.74945e-28 1.32296e-28 6.36116e-29 3.05647e-29 1.46759e-29 7.04197e-30 3.37671e-30 1.61812e-30 7.74902e-31 3.70859e-31
7.50701e-05 0.000133045 0.000162995 0.000166166 0.000150919 0.000126369 9.95302e-05 7.47002e-05 5.39066e-05 3.76481e-05 2.55714e-05 1.69561e-05 1.10096e-05 7.01699e-06 4.39883e-06 2.71681e-06 1.65551e-06 9.96515e-07 5.93153e-07 3.49441e-07 2.03916e-07 1.17951e-07 6.76697e-08 3.85274e-08 2.17793e-08 1.22295e-08 6.82402e-09 3.78526e-09 2.08796e-09 1.14564e-09 6.25454e-10 3.39841e-10 1.83819e-10 9.90003e-11 5.31005e-11 2.83699e-11 1.51005e-11 8.00882e-12 4.23306e-12 2.23003e-12 1.1711e-12 6.13141e-13 3.2008e-13 1.66624e-13 8.65046e-14 4.47929e-14 2.31359e-14 1.19208e-14 6.12786e-15 3.14286e-15 1.60838e-15 8.21349e-16 4.18575e-16 2.12889e-16 1.08067e-16 5.47544e-17 2.76919e-17 1.39804e-17 7.04595e-18 3.54515e-18 1.78084e-18 8.93158e-19 4.47264e-19 2.2364e-19 1.11661e-19 5.56722e-20 2.77187e-20 1.37823e-20 6.84378e-21 3.39401e-21 1.68107e-21 8.31623e-22 4.10911e-22 2.02797e-22 9.9972e-23 4.92278e-23 2.42141e-23 1.18977e-23 5.83988e-24 2.86352e-24 1.40269e-24 6.86433e-25 3.35596e-25 1.63919e-25 7.99907e-26 3.89994e-26 1.89973e-26 9.24594e-27 4.49614e-27 2.18457e-27 1.06056e-27 5.14468e-28 2.49366e-28 1.20776e-28 5.84514e-29 2.82673e-29 1.36602e-29 6.59652e-30 3.18322e-30 1.53503e-30 7.39726e-31
3.33645e-05 6.35613e-05 8.22628e-05 8.78353e-05 8.30964e-05 7.21912e-05 5.88164e-05 4.55542e-05 3.38576e-05 2.43134e-05 1.69561e-05 1.15301e-05 7.66894e-06 5.00207e-06 3.20621e-06 2.02314e-06 1.25864e-06 7.72975e-07 4.69134e-07 2.8165e-07 1.67404e-07 9.85787e-08 5.75501e-08 3.33278e-08 1.91554e-08 1.0932e-08 6.1976e-09 3.49159e-09 1.95548e-09 1.08906e-09 6.03316e-10 3.32546e-10 1.82422e-10 9.96147e-11 5.41603e-11 2.93248e-11 1.58149e-11 8.49666e-12 4.5483e-12 2.42624e-12 1.28993e-12 6.83591e-13 3.61146e-13 1.90228e-13 9.99123e-14 5.23311e-14 2.73363e-14 1.42429e-14 7.40246e-15 3.838e-15 1.98528e-15 1.0246e-15 5.27643e-16 2.71146e-16 1.3905e-16 7.11665e-17 3.63527e-17 1.85345e-17 9.43257e-18 4.7919e-18 2.43016e-18 1.23035e-18 6.21891e-19 3.13839e-19 1.58133e-19 7.95578e-20 3.99669e-20 2.0049e-20 1.00433e-20 5.02417e-21 2.50998e-21 1.2523e-21 6.24012e-22 3.10553e-22 1.54365e-22 7.66379e-23 3.80043e-23 1.88246e-23 9.31397e-24 4.6033e-24 2.27269e-24 1.12087e-24 5.52236e-25 2.71805e-25 1.33648e-25 6.56524e-26 3.22201e-26 1.57979e-26 7.73886e-27 3.78762e-27 1.85215e-27 9.04926e-28 4.41757e-28 2.15473e-28 1.05015e-28 5.11401e-29 2.48846e-29 1.20995e-29 5.87858e-30 2.85401e-30 1.38459e-30
1.48287e-05 3.02185e-05 4.11874e-05 4.59487e-05 4.51868e-05 4.06578e-05 3.42111e-05 2.73042e-05 2.08731e-05 1.5393e-05 1.10096e-05 7.66894e-06 5.21973e-06 3.48075e-06 2.27912e-06 1.468e-06 9.31602e-07 5.83248e-07 3.60656e-07 2.20487e-07 1.33383e-07 7.99059e-08 4.74368e-08 2.79238e-08 1.63076e-08 9.45319e-09 5.44164e-09 3.11186e-09 1.76851e-09 9.99165e-10 5.61362e-10 3.13723e-10 1.74446e-10 9.65364e-11 5.31781e-11 2.91659e-11 1.59295e-11 8.66545e-12 4.69585e-12 2.53536e-12 1.36406e-12 7.3139e-13 3.90883e-13 2.08247e-13 1.1061e-13 5.85788e-14 3.09358e-14 1.62929e-14 8.55841e-15 4.48416e-15 2.34368e-15 1.22202e-15 6.35704e-16 3.29958e-16 1.7089e-16 8.83199e-17 4.55523e-17 2.34476e-17 1.20461e-17 6.17699e-18 3.16164e-18 1.61538e-18 8.2392e-19 4.19529e-19 2.13267e-19 1.0824e-19 5.48498e-20 2.77523e-20 1.40209e-20 7.07333e-21 3.56332e-21 1.7926e-21 9.00588e-22 4.51849e-22 2.26412e-22 1.13307e-22 5.66338e-23 2.82729e-23 1.40977e-23 7.02144e-24 3.49309e-24 1.73585e-24 8.61667e-25 4.27272e-25 2.11649e-25 1.04732e-25 5.17738e-26 2.55689e-26 1.26152e-26 6.21818e-27 3.06217e-27 1.5066e-27 7.40589e-28 3.63726e-28 1.78483e-28 8.75084e-29 4.28687e-29 2.09834e-29 1.02627e-29 5.01536e-30 2.4491e-30
6.59051e-06 1.43055e-05 2.04778e-05 2.38178e-05 2.43041e-05 2.26128e-05 1.96233e-05 1.61179e-05 1.26584e-05 9.57603e-06 7.01699e-06 5.00207e-06 3.48075e-06 2.37099e-06 1.58457e-06 1.04101e-06 6.73373e-07 4.29456e-07 2.70372e-07 1.68203e-07 1.03497e-07 6.30367e-08 3.80311e-08 2.27425e-08 1.34877e-08 7.93709e-09 4.63669e-09 2.69004e-09 1.55054e-09 8.88233e-10 5.05864e-10 2.86503e-10 1.61411e-10 9.04796e-11 5.0476e-11 2.80304e-11 1.54978e-11 8.53272e-12 4.67906e-12 2.55596e-12 1.39104e-12 7.54359e-13 4.07687e-13 2.19605e-13 1.17917e-13 6.31212e-14 3.3689e-14 1.79291e-14 9.51538e-15 5.03654e-15 2.65897e-15 1.40025e-15 7.35598e-16 3.85525e-16 2.01591e-16 1.05178e-16 5.47577e-17 2.84482e-17 1.47496e-17 7.63212e-18 3.94161e-18 2.03184e-18 1.04547e-18 5.36984e-19 2.75333e-19 1.40936e-19 7.2023e-20 3.6747e-20 1.87194e-20 9.52131e-21 4.83562e-21 2.4523e-21 1.24187e-21 6.28017e-22 3.17158e-22 1.59956e-22 8.05673e-23 4.05287e-23 2.03622e-23 1.02177e-23 5.12112e-24 2.56369e-24 1.28194e-24 6.40294e-25 3.19457e-25 1.59212e-25 7.92644e-26 3.9421e-26 1.95855e-26 9.7209e-27 4.82004e-27 2.38768e-27 1.18165e-27 5.84252e-28 2.88612e-28 1.42442e-28 7.02389e-29 3.46052e-29 1.70348e-29 8.3785e-30 4.11756e-30
2.92912e-06 6.74696e-06 1.01183e-05 1.22462e-05 1.29454e-05 1.24372e-05 1.11169e-05 9.3862e-06 7.56499e-06 5.86484e-06 4.39883e-06 3.20621e-06 2.27912e-06 1.58457e-06 1.08009e-06 7.2322e-07 4.76512e-07 3.0938e-07 1.98181e-07 1.25386e-07 7.84271e-08 4.85368e-08 2.9743e-08 1.8059e-08 1.08706e-08 6.49069e-09 3.84608e-09 2.26269e-09 1.32215e-09 7.6762e-10 4.42958e-10 2.54135e-10 1.45002e-10 8.23003e-11 4.64788e-11 2.61235e-11 1.46157e-11 8.14148e-12 4.5161e-12 2.49501e-12 1.37309e-12 7.52853e-13 4.11305e-13 2.23933e-13 1.21514e-13 6.57269e-14 3.54415e-14 1.90538e-14 1.0214e-14 5.45996e-15 2.91077e-15 1.5477e-15 8.20842e-16 4.34271e-16 2.29204e-16 1.20691e-16 6.34082e-17 3.32402e-17 1.73883e-17 9.07712e-18 4.72893e-18 2.45881e-18 1.27602e-18 6.60963e-19 3.41751e-19 1.76389e-19 9.08836e-20 4.67484e-20 2.40067e-20 1.23084e-20 6.30072e-21 3.22042e-21 1.64356e-21 8.37569e-22 4.26222e-22 2.16592e-22 1.09914e-22 5.57037e-23 2.81932e-23 1.4251e-23 7.19452e-24 3.62763e-24 1.82692e-24 9.18969e-25 4.6172e-25 2.3172e-25 1.16162e-25 5.81686e-26 2.90969e-26 1.45395e-26 7.25772e-27 3.61919e-27 1.80298e-27 8.97313e-28 4.46149e-28 2.21619e-28 1.09984e-28 5.45326e-29 2.70143e-29 1.33706e-29 6.61194e-30
1.30183e-06 3.17151e-06 4.97204e-06 6.251e-06 6.83545e-06 6.77246e-06 6.22806e-06 5.39981e-06 4.46199e-06 3.54183e-06 2.71681e-06 2.02314e-06 1.468e-06 1.04101e-06 7.2322e-07 4.93253e-07 3.30829e-07 2.18532e-07 1.42352e-07 9.15435e-08 5.81745e-08 3.65638e-08 2.27466e-08 1.40159e-08 8.55919e-09 5.18309e-09 3.1139e-09 1.85685e-09 1.09947e-09 6.46679e-10 3.77956e-10 2.19572e-10 1.26831e-10 7.28622e-11 4.16405e-11 2.36793e-11 1.34015e-11 7.55013e-12 4.23504e-12 2.36558e-12 1.31603e-12 7.2931e-13 4.02658e-13 2.21512e-13 1.21438e-13 6.63527e-14 3.61377e-14 1.96203e-14 1.06204e-14 5.73204e-15 3.08496e-15 1.65577e-15 8.86335e-16 4.73236e-16 2.52042e-16 1.33911e-16 7.09796e-17 3.75369e-17 1.98069e-17 1.04288e-17 5.47943e-18 2.87307e-18 1.50345e-18 7.85215e-19 4.0932e-19 2.12977e-19 1.10616e-19 5.73511e-20 2.96836e-20 1.53378e-20 7.91221e-21 4.07508e-21 2.09554e-21 1.07594e-21 5.51612e-22 2.82386e-22 1.44354e-22 7.36896e-23 3.75654e-23 1.91243e-23 9.72326e-24 4.93717e-24 2.50378e-24 1.26816e-24 6.41545e-25 3.24162e-25 1.63603e-25 8.24747e-26 4.15301e-26 2.08894e-26 1.04959e-26 5.26806e-27 2.64137e-27 1.323e-27 6.61998e-28 3.3092e-28 1.65259e-28 8.24508e-29 4.10975e-29 2.04661e-29 1.01827e-29
5.78591e-07 1.48639e-06 2.43111e-06 3.17001e-06 3.581e-06 3.65472e-06 3.45425e-06 3.07245e-06 2.60068e-06 2.11195e-06 1.65551e-06 1.25864e-06 9.31602e-07 6.73373e-07 4.76512e-07 3.30829e-07 2.25747e-07 1.51632e-07 1.00389e-07 6.55854e-08 4.23242e-08 2.70032e-08 1.70463e-08 1.06547e-08 6.59807e-09 4.05049e-09 2.46623e-09 1.49004e-09 8.93692e-10 5.32315e-10 3.14989e-10 1.8523e-10 1.08279e-10 6.29393e-11 3.63873e-11 2.09284e-11 1.19777e-11 6.82274e-12 3.86876e-12 2.1842e-12 1.22799e-12 6.87618e-13 3.83546e-13 2.1314e-13 1.18018e-13 6.51216e-14 3.58132e-14 1.96315e-14 1.07276e-14 5.84427e-15 3.17457e-15 1.7195e-15 9.28798e-16 5.00355e-16 2.68848e-16 1.44092e-16 7.70385e-17 4.10906e-17 2.18661e-17 1.16097e-17 6.15061e-18 3.25154e-18 1.71536e-18 9.03115e-19 4.7454e-19 2.48866e-19 1.30269e-19 6.80646e-20 3.54996e-20 1.84827e-20 9.60656e-21 4.98476e-21 2.58233e-21 1.33564e-21 6.89742e-22 3.55649e-22 1.83109e-22 9.41373e-23 4.83273e-23 2.47751e-23 1.26836e-23 6.48461e-24 3.31096e-24 1.68835e-24 8.5985e-25 4.37363e-25 2.22194e-25 1.12747e-25 5.71434e-26 2.89287e-26 1.46285e-26 7.38907e-27 3.72826e-27 1.87913e-27 9.46135e-28 4.75883e-28 2.39114e-28 1.20027e-28 6.019e-29 3.01545e-29 1.50927e-29
2.57152e-07 6.94762e-07 1.18339e-06 1.59809e-06 1.86272e-06 1.95617e-06 1.8984e-06 1.7308e-06 1.49952e-06 1.24486e-06 9.96515e-07 7.72975e-07 5.83248e-07 4.29456e-07 3.0938e-07 2.18532e-07 1.51632e-07 1.03515e-07 6.96205e-08 4.6186e-08 3.02532e-08 1.95847e-08 1.25401e-08 7.9476e-09 4.9889e-09 3.10356e-09 1.91441e-09 1.17148e-09 7.11458e-10 4.28997e-10 2.56926e-10 1.52883e-10 9.04148e-11 5.31589e-11 3.10802e-11 1.80747e-11 1.04577e-11 6.0211e-12 3.45043e-12 1.96839e-12 1.11807e-12 6.32431e-13 3.56299e-13 1.99957e-13 1.11799e-13 6.22839e-14 3.45783e-14 1.91325e-14 1.05519e-14 5.80124e-15 3.17972e-15 1.7377e-15 9.46933e-16 5.14586e-16 2.78885e-16 1.5075e-16 8.12804e-17 4.3716e-17 2.34559e-17 1.25559e-17 6.70588e-18 3.57356e-18 1.90024e-18 1.00833e-18 5.33958e-19 2.8219e-19 1.48843e-19 7.83591e-20 4.11758e-20 2.15977e-20 1.13084e-20 5.91073e-21 3.08423e-21 1.60669e-21 8.35629e-22 4.33917e-22 2.2497e-22 1.16462e-22 6.02002e-23 3.10727e-23 1.60155e-23 8.24316e-24 4.23694e-24 2.17484e-24 1.11489e-24 5.70787e-25 2.91854e-25 1.49045e-25 7.60221e-26 3.87295e-26 1.97076e-26 1.00167e-26 5.08536e-27 2.57891e-27 1.30639e-27 6.61068e-28 3.34164e-28 1.68741e-28 8.51216e-29 4.28965e-29 2.15961e-29
1.1429e-07 3.23959e-07 5.73695e-07 8.01322e-07 9.62659e-07 1.03924e-06 1.03465e-06 9.66131e-07 8.561e-07 7.26053e-07 5.93153e-07 4.69134e-07 3.60656e-07 2.70372e-07 1.98181e-07 1.42352e-07 1.00389e-07 6.96205e-08 4.75464e-08 3.20153e-08 2.12774e-08 1.39704e-08 9.06963e-09 5.82621e-09 3.70584e-09 2.33536e-09 1.45889e-09 9.03877e-10 5.55658e-10 3.39076e-10 2.05467e-10 1.23678e-10 7.39757e-11 4.39804e-11 2.59969e-11 1.52823e-11 8.93636e-12 5.1992e-12 3.01026e-12 1.73479e-12 9.95284e-13 5.68559e-13 3.23446e-13 1.8327e-13 1.03445e-13 5.81712e-14 3.25947e-14 1.82002e-14 1.01285e-14 5.6183e-15 3.10667e-15 1.71261e-15 9.4132e-16 5.15903e-16 2.81961e-16 1.53686e-16 8.35482e-17 4.53032e-17 2.45042e-17 1.32222e-17 7.11771e-18 3.8228e-18 2.04858e-18 1.09541e-18 5.84495e-19 3.11231e-19 1.6539e-19 8.77157e-20 4.64311e-20 2.45315e-20 1.29372e-20 6.81047e-21 3.57891e-21 1.8775e-21 9.83281e-22 5.14118e-22 2.68379e-22 1.39879e-22 7.2792e-23 3.78234e-23 1.96243e-23 1.01671e-23 5.26001e-24 2.71749e-24 1.40203e-24 7.22377e-25 3.71706e-25 1.91019e-25 9.80396e-26 5.0256e-26 2.57303e-26 1.31577e-26 6.72056e-27 3.42869e-27 1.74726e-27 8.89413e-28 4.52243e-28 2.29706e-28 1.1655e-28 5.90744e-29 2.99117e-29
5.07954e-08 1.50726e-07 2.77092e-07 3.99829e-07 4.94554e-07 5.48343e-07 5.59603e-07 5.34787e-07 4.84348e-07 4.19372e-07 3.49441e-07 2.8165e-07 2.20487e-07 1.68203e-07 1.25386e-07 9.15435e-08 6.55854e-08 4.6186e-08 3.20153e-08 2.18721e-08 1.47429e-08 9.8142e-09 6.45769e-09 4.20322e-09 2.70812e-09 1.72823e-09 1.09301e-09 6.85426e-10 4.26392e-10 2.6324e-10 1.61347e-10 9.82173e-11 5.93988e-11 3.56995e-11 2.13286e-11 1.26705e-11 7.48622e-12 4.40013e-12 2.57334e-12 1.49775e-12 8.67721e-13 5.00483e-13 2.87436e-13 1.644e-13 9.36564e-14 5.31502e-14 3.00512e-14 1.69302e-14 9.50508e-15 5.31853e-15 2.96631e-15 1.6492e-15 9.14116e-16 5.05176e-16 2.78378e-16 1.52972e-16 8.38322e-17 4.58208e-17 2.49803e-17 1.35846e-17 7.36957e-18 3.98847e-18 2.15361e-18 1.16025e-18 6.2371e-19 3.34568e-19 1.79093e-19 9.56724e-20 5.10071e-20 2.71412e-20 1.44146e-20 7.64137e-21 4.04343e-21 2.13579e-21 1.12619e-21 5.92825e-22 3.11544e-22 1.63457e-22 8.56243e-23 4.47828e-23 2.33862e-23 1.21943e-23 6.34917e-24 3.30103e-24 1.71383e-24 8.88556e-25 4.60056e-25 2.37879e-25 1.22838e-25 6.33506e-26 3.26302e-26 1.67861e-26 8.62487e-27 4.42623e-27 2.26885e-27 1.16165e-27 5.94087e-28 3.03487e-28 1.54865e-28 7.89402e-29 4.01959e-29
2.25757e-08 6.99872e-08 1.33379e-07 1.986e-07 2.52686e-07 2.87509e-07 3.0054e-07 2.93743e-07 2.71741e-07 2.40071e-07 2.03916e-07 1.67404e-07 1.33383e-07 1.03497e-07 7.84271e-08 5.81745e-08 4.23242e-08 3.02532e-08 2.12774e-08 1.47429e-08 1.00752e-08 6.79759e-09 4.53181e-09 2.98774e-09 1.94928e-09 1.25933e-09 8.06098e-10 5.115e-10 3.21898e-10 2.00999e-10 1.2458e-10 7.66718e-11 4.68711e-11 2.84704e-11 1.71879e-11 1.03161e-11 6.15706e-12 3.65512e-12 2.15871e-12 1.26865e-12 7.42034e-13 4.32037e-13 2.50441e-13 1.44559e-13 8.31016e-14 4.75834e-14 2.71421e-14 1.54251e-14 8.73498e-15 4.9294e-15 2.7725e-15 1.55432e-15 8.68641e-16 4.83966e-16 2.68844e-16 1.48914e-16 8.22538e-17 4.53099e-17 2.48932e-17 1.36411e-17 7.45637e-18 4.06579e-18 2.21171e-18 1.20034e-18 6.49976e-19 3.51181e-19 1.89334e-19 1.01862e-19 5.46898e-20 2.93041e-20 1.5671e-20 8.36441e-21 4.45614e-21 2.36967e-21 1.25787e-21 6.66537e-22 3.52587e-22 1.86199e-22 9.81689e-23 5.16737e-23 2.71568e-23 1.425e-23 7.46609e-24 3.90593e-24 2.04043e-24 1.06438e-24 5.54446e-25 2.88419e-25 1.49831e-25 7.77323e-26 4.0275e-26 2.08407e-26 1.07706e-26 5.55949e-27 2.86615e-27 1.47586e-27 7.5907e-28 3.89957e-28 2.00105e-28 1.02569e-28 5.25166e-29
1.00337e-08 3.24377e-08 6.40021e-08 9.82367e-08 1.28456e-07 1.49872e-07 1.60359e-07 1.60193e-07 1.51283e-07 1.36295e-07 1.17951e-07 9.85787e-08 7.99059e-08 6.30367e-08 4.85368e-08 3.65638e-08 2.70032e-08 1.95847e-08 1.39704e-08 9.8142e-09 6.79759e-09 4.64673e-09 3.13778e-09 2.09472e-09 1.38348e-09 9.04577e-10 5.85863e-10 3.76059e-10 2.39352e-10 1.51124e-10 9.46933e-11 5.89059e-11 3.63918e-11 2.23352e-11 1.36222e-11 8.25844e-12 4.97795e-12 2.98407e-12 1.77939e-12 1.05567e-12 6.2325e-13 3.66233e-13 2.14233e-13 1.24773e-13 7.2365e-14 4.17995e-14 2.40496e-14 1.37847e-14 7.87213e-15 4.47963e-15 2.54037e-15 1.43582e-15 8.08909e-16 4.5429e-16 2.54356e-16 1.41992e-16 7.90378e-17 4.38722e-17 2.42862e-17 1.34085e-17 7.38376e-18 4.05586e-18 2.22241e-18 1.21487e-18 6.62552e-19 3.60516e-19 1.95734e-19 1.06039e-19 5.73255e-20 3.09266e-20 1.6651e-20 8.94725e-21 4.79846e-21 2.56859e-21 1.37241e-21 7.31964e-22 3.89696e-22 2.07115e-22 1.0989e-22 5.82081e-23 3.07823e-23 1.62527e-23 8.56784e-24 4.50972e-24 2.37014e-24 1.24382e-24 6.51797e-25 3.41074e-25 1.78229e-25 9.30067e-26 4.84691e-26 2.52256e-26 1.31116e-26 6.80634e-27 3.52881e-27 1.82729e-27 9.45063e-28 4.88199e-28 2.51898e-28 1.29823e-28 6.68323e-29
4.4594e-09 1.50089e-08 3.06228e-08 4.84056e-08 6.49979e-08 7.77046e-08 8.50461e-08 8.6783e-08 8.36177e-08 7.67837e-08 6.76697e-08 5.75501e-08 4.74368e-08 3.80311e-08 2.9743e-08 2.27466e-08 1.70463e-08 1.25401e-08 9.06963e-09 6.45769e-09 4.53181e-09 3.13778e-09 2.14549e-09 1.44991e-09 9.69132e-10 6.41125e-10 4.20029e-10 2.72666e-10 1.75473e-10 1.12e-10 7.09306e-11 4.45886e-11 2.78319e-11 1.72556e-11 1.06297e-11 6.50783e-12 3.96086e-12 2.39711e-12 1.44288e-12 8.63991e-13 5.14769e-13 3.05226e-13 1.80142e-13 1.05843e-13 6.19205e-14 3.6074e-14 2.09317e-14 1.20983e-14 6.96633e-15 3.99668e-15 2.28485e-15 1.30175e-15 7.39187e-16 4.18387e-16 2.36071e-16 1.32795e-16 7.44799e-17 4.16529e-17 2.32293e-17 1.29194e-17 7.16634e-18 3.96488e-18 2.1881e-18 1.20459e-18 6.61563e-19 3.62483e-19 1.98159e-19 1.08087e-19 5.88285e-20 3.19506e-20 1.73169e-20 9.36652e-21 5.05621e-21 2.72413e-21 1.4649e-21 7.86281e-22 4.21268e-22 2.25302e-22 1.20285e-22 6.4109e-23 3.41112e-23 1.81201e-23 9.61004e-24 5.08867e-24 2.69036e-24 1.42022e-24 7.48607e-25 3.94019e-25 2.07088e-25 1.08688e-25 5.69646e-26 2.98152e-26 1.55844e-26 8.13529e-27 4.24126e-27 2.20833e-27 1.1484e-27 5.96471e-28 3.09429e-28 1.60331e-28 8.29791e-29
1.98196e-09 6.93379e-09 1.46129e-08 2.37665e-08 3.27459e-08 4.00859e-08 4.48509e-08 4.67237e-08 4.59086e-08 4.29476e-08 3.85274e-08 3.33278e-08 2.79238e-08 2.27425e-08 1.8059e-08 1.40159e-08 1.06547e-08 7.9476e-09 5.82621e-09 4.20322e-09 2.98774e-09 2.09472e-09 1.44991e-09 9.91621e-10 6.7061e-10 4.48753e-10 2.97319e-10 1.95146e-10 1.26951e-10 8.18946e-11 5.24085e-11 3.32848e-11 2.09867e-11 1.31414e-11 8.17477e-12 5.05322e-12 3.10482e-12 1.89666e-12 1.1522e-12 6.96223e-13 4.18542e-13 2.50371e-13 1.4906e-13 8.83378e-14 5.21205e-14 3.06206e-14 1.79153e-14 1.044e-14 6.06033e-15 3.50483e-15 2.01959e-15 1.15966e-15 6.6362e-16 3.78503e-16 2.1519e-16 1.21961e-16 6.89127e-17 3.88236e-17 2.18095e-17 1.22174e-17 6.82546e-18 3.80305e-18 2.11354e-18 1.17164e-18 6.479e-19 3.57422e-19 1.96715e-19 1.08019e-19 5.91828e-20 3.23551e-20 1.76507e-20 9.60901e-21 5.22046e-21 2.83056e-21 1.53176e-21 8.27328e-22 4.46019e-22 2.40012e-22 1.28924e-22 6.91311e-23 3.70053e-23 1.97753e-23 1.05502e-23 5.61946e-24 2.98839e-24 1.58673e-24 8.41202e-25 4.45293e-25 2.35369e-25 1.24229e-25 6.54756e-26 3.4461e-26 1.81125e-26 9.50699e-27 4.98346e-27 2.60887e-27 1.36401e-27 7.12253e-28 3.7146e-28 1.93491e-28 1.00667e-28
8.80869e-10 3.19865e-09 6.95579e-09 1.16302e-08 1.64307e-08 2.05826e-08 2.3529e-08 2.50109e-08 2.50478e-08 2.38611e-08 2.17793e-08 1.91554e-08 1.63076e-08 1.34877e-08 1.08706e-08 8.55919e-09 6.59807e-09 4.9889e-09 3.70584e-09 2.70812e-09 1.94928e-09 1.38348e-09 9.69132e-10 6.7061e-10 4.58743e-10 3.10441e-10 2.07956e-10 1.37973e-10 9.07132e-11 5.91298e-11 3.82289e-11 2.45244e-11 1.56167e-11 9.8744e-12 6.20155e-12 3.86978e-12 2.39987e-12 1.4795e-12 9.06928e-13 5.52913e-13 3.3532e-13 2.02332e-13 1.21494e-13 7.26113e-14 4.32002e-14 2.55897e-14 1.50941e-14 8.86693e-15 5.18823e-15 3.02413e-15 1.75618e-15 1.01618e-15 5.85947e-16 3.36723e-16 1.92866e-16 1.10116e-16 6.26746e-17 3.55648e-17 2.0122e-17 1.13521e-17 6.38661e-18 3.5833e-18 2.00514e-18 1.11914e-18 6.23062e-19 3.46026e-19 1.9171e-19 1.05965e-19 5.84365e-20 3.2154e-20 1.76538e-20 9.67187e-21 5.28781e-21 2.88505e-21 1.57095e-21 8.53727e-22 4.63066e-22 2.50699e-22 1.35476e-22 7.30783e-23 3.93503e-23 2.11522e-23 1.13508e-23 6.08095e-24 3.25243e-24 1.7368e-24 9.2599e-25 4.92939e-25 2.62012e-25 1.39061e-25 7.36972e-26 3.90009e-26 2.06103e-26 1.08766e-26 5.73205e-27 3.01679e-27 1.58565e-27 8.32352e-28 4.36369e-28 2.28485e-28 1.19488e-28
3.91497e-10 1.47361e-09 3.30333e-09 5.67364e-09 8.21317e-09 1.05222e-08 1.22829e-08 1.33158e-08 1.35861e-08 1.31737e-08 1.22295e-08 1.0932e-08 9.45319e-09 7.93709e-09 6.49069e-09 5.18309e-09 4.05049e-09 3.10356e-09 2.33536e-09 1.72823e-09 1.25933e-09 9.04577e-10 6.41125e-10 4.48753e-10 3.10441e-10 2.12404e-10 1.43826e-10 9.64386e-11 6.40671e-11 4.2189e-11 2.75508e-11 1.78492e-11 1.14767e-11 7.32622e-12 4.64458e-12 2.92515e-12 1.83065e-12 1.13876e-12 7.04258e-13 4.33119e-13 2.64941e-13 1.6123e-13 9.76287e-14 5.88334e-14 3.52904e-14 2.10739e-14 1.25301e-14 7.41901e-15 4.37501e-15 2.56985e-15 1.50379e-15 8.76729e-16 5.09321e-16 2.94856e-16 1.70124e-16 9.78358e-17 5.60852e-17 3.20519e-17 1.82621e-17 1.03746e-17 5.877e-18 3.31993e-18 1.87035e-18 1.05092e-18 5.88973e-19 3.29251e-19 1.83608e-19 1.02144e-19 5.66913e-20 3.13924e-20 1.73445e-20 9.56193e-21 5.26017e-21 2.88765e-21 1.58197e-21 8.64932e-22 4.71967e-22 2.57042e-22 1.39727e-22 7.58145e-23 4.10618e-23 2.22e-23 1.19815e-23 6.45551e-24 3.47233e-24 1.86465e-24 9.99712e-25 5.35136e-25 2.86008e-25 1.52626e-25 8.13262e-26 4.32704e-26 2.29892e-26 1.21966e-26 6.46171e-27 3.41868e-27 1.80627e-27 9.53085e-28 5.02241e-28 2.64323e-28 1.38934e-28
1.73999e-10 6.7804e-10 1.56538e-09 2.75978e-09 4.09097e-09 5.3571e-09 6.38248e-09 7.05343e-09 7.32867e-09 7.23025e-09 6.82402e-09 6.1976e-09 5.44164e-09 4.63669e-09 3.84608e-09 3.1139e-09 2.46623e-09 1.91441e-09 1.45889e-09 1.09301e-09 8.06098e-10 5.85863e-10 4.20029e-10 2.97319e-10 2.07956e-10 1.43826e-10 9.84238e-11 6.66833e-11 4.4753e-11 2.97665e-11 1.96305e-11 1.28414e-11 8.33567e-12 5.37113e-12 3.43663e-12 2.18411e-12 1.37915e-12 8.65498e-13 5.39933e-13 3.34916e-13 2.06609e-13 1.26785e-13 7.74067e-14 4.7028e-14 2.84366e-14 1.71164e-14 1.02571e-14 6.12044e-15 3.63699e-15 2.15259e-15 1.26909e-15 7.45399e-16 4.36212e-16 2.5437e-16 1.47822e-16 8.56162e-17 4.94266e-17 2.84439e-17 1.63185e-17 9.33404e-18 5.32341e-18 3.02742e-18 1.71693e-18 9.7108e-19 5.47788e-19 3.08213e-19 1.7298e-19 9.68449e-20 5.40897e-20 3.01394e-20 1.67556e-20 9.29418e-21 5.14412e-21 2.84106e-21 1.56581e-21 8.61199e-22 4.72711e-22 2.5896e-22 1.4159e-22 7.72696e-23 4.20902e-23 2.28857e-23 1.24215e-23 6.73015e-24 3.64024e-24 1.96565e-24 1.05965e-24 5.70319e-25 3.06465e-25 1.64424e-25 8.8081e-26 4.71134e-26 2.51631e-26 1.34199e-26 7.14686e-27 3.80074e-27 2.01847e-27 1.07049e-27 5.66974e-28 2.99897e-28 1.58423e-28
7.73328e-11 3.1162e-10 7.40303e-10 1.33876e-09 2.03094e-09 2.71691e-09 3.30213e-09 3.7184e-09 3.93279e-09 3.94622e-09 3.78526e-09 3.49159e-09 3.11186e-09 2.69004e-09 2.26269e-09 1.85685e-09 1.49004e-09 1.17148e-09 9.03877e-10 6.85426e-10 5.115e-10 3.76059e-10 2.72666e-10 1.95146e-10 1.37973e-10 9.64386e-11 6.66833e-11 4.56408e-11 3.09383e-11 2.07809e-11 1.38375e-11 9.13817e-12 5.9874e-12 3.89361e-12 2.5139e-12 1.61197e-12 1.02686e-12 6.50011e-13 4.08979e-13 2.55831e-13 1.59138e-13 9.84582e-14 6.06004e-14 3.71127e-14 2.26189e-14 1.37212e-14 8.28614e-15 4.98215e-15 2.98295e-15 1.77868e-15 1.0564e-15 6.25008e-16 3.68404e-16 2.16366e-16 1.26627e-16 7.38546e-17 4.29324e-17 2.48764e-17 1.43689e-17 8.27428e-18 4.7505e-18 2.71948e-18 1.55239e-18 8.8372e-19 5.01715e-19 2.84091e-19 1.6045e-19 9.03928e-20 5.07999e-20 2.84807e-20 1.59302e-20 8.88993e-21 4.94996e-21 2.75013e-21 1.52466e-21 8.43494e-22 4.6569e-22 2.56589e-22 1.41098e-22 7.74398e-23 4.24214e-23 2.31952e-23 1.26596e-23 6.89709e-24 3.75102e-24 2.03651e-24 1.1038e-24 5.97273e-25 3.22663e-25 1.74033e-25 9.37197e-26 5.03918e-26 2.7054e-26 1.45029e-26 7.76325e-27 4.1496e-27 2.2149e-27 1.18058e-27 6.28412e-28 3.34047e-28 1.77335e-28
3.43701e-11 1.43061e-10 3.49442e-10 6.47769e-10 1.0051e-09 1.37291e-09 1.70146e-09 1.95143e-09 2.10015e-09 2.14252e-09 2.08796e-09 1.95548e-09 1.76851e-09 1.55054e-09 1.32215e-09 1.09947e-09 8.93692e-10 7.11458e-10 5.55658e-10 4.26392e-10 3.21898e-10 2.39352e-10 1.75473e-10 1.26951e-10 9.07132e-11 6.40671e-11 4.4753e-11 3.09383e-11 2.11787e-11 1.43633e-11 9.65519e-12 6.43589e-12 4.25568e-12 2.79256e-12 1.8191e-12 1.1767e-12 7.56076e-13 4.82691e-13 3.06261e-13 1.93168e-13 1.21144e-13 7.55577e-14 4.68767e-14 2.89345e-14 1.77719e-14 1.08639e-14 6.6105e-15 4.00453e-15 2.41544e-15 1.45087e-15 8.67963e-16 5.17215e-16 3.07035e-16 1.81593e-16 1.07016e-16 6.28472e-17 3.67831e-17 2.14574e-17 1.2477e-17 7.23248e-18 4.17965e-18 2.40826e-18 1.3836e-18 7.92665e-19 4.52871e-19 2.58043e-19 1.46646e-19 8.31255e-20 4.70015e-20 2.65111e-20 1.49178e-20 8.3746e-21 4.69063e-21 2.62136e-21 1.46174e-21 8.13357e-22 4.51628e-22 2.50257e-22 1.38394e-22 7.63818e-23 4.20748e-23 2.31328e-23 1.26948e-23 6.95396e-24 3.80242e-24 2.0755e-24 1.13093e-24 6.15198e-25 3.34095e-25 1.81141e-25 9.80537e-26 5.29941e-26 2.85969e-26 1.5408e-26 8.28947e-27 4.45314e-27 2.38878e-27 1.27959e-27 6.8447e-28 3.65629e-28 1.95046e-28
1.52756e-11 6.56112e-11 1.64652e-10 3.12673e-10 4.95949e-10 6.9138e-10 8.73314e-10 1.01976e-09 1.11632e-09 1.15747e-09 1.14564e-09 1.08906e-09 9.99165e-10 8.88233e-10 7.6762e-10 6.46679e-10 5.32315e-10 4.28997e-10 3.39076e-10 2.6324e-10 2.00999e-10 1.51124e-10 1.12e-10 8.18946e-11 5.91298e-11 4.2189e-11 2.97665e-11 2.07809e-11 1.43633e-11 9.83377e-12 6.67221e-12 4.48842e-12 2.99479e-12 1.98267e-12 1.30286e-12 8.50055e-13 5.50844e-13 3.5462e-13 2.26864e-13 1.44259e-13 9.11999e-14 5.73342e-14 3.585e-14 2.22999e-14 1.38018e-14 8.50082e-15 5.21133e-15 3.18027e-15 1.93229e-15 1.16905e-15 7.0437e-16 4.227e-16 2.52684e-16 1.50483e-16 8.92904e-17 5.27932e-17 3.11064e-17 1.82666e-17 1.06916e-17 6.23801e-18 3.62825e-18 2.10395e-18 1.21644e-18 7.01283e-19 4.0316e-19 2.31138e-19 1.32161e-19 7.53701e-20 4.28732e-20 2.4327e-20 1.37699e-20 7.77565e-21 4.38055e-21 2.46223e-21 1.38089e-21 7.72745e-22 4.31503e-22 2.40447e-22 1.33709e-22 7.42039e-23 4.10993e-23 2.27196e-23 1.25355e-23 6.90353e-24 3.79496e-24 2.0824e-24 1.14066e-24 6.23728e-25 3.40484e-25 1.85556e-25 1.00958e-25 5.4841e-26 2.9743e-26 1.6106e-26 8.70816e-27 4.70124e-27 2.53429e-27 1.36417e-27 7.33264e-28 3.93587e-28 2.10969e-28
6.78917e-12 3.0062e-11 7.74513e-11 1.50581e-10 2.44037e-10 3.47044e-10 4.46614e-10 5.30754e-10 5.90781e-10 6.22372e-10 6.25454e-10 6.03316e-10 5.61362e-10 5.05864e-10 4.42958e-10 3.77956e-10 3.14989e-10 2.56926e-10 2.05467e-10 1.61347e-10 1.2458e-10 9.46933e-11 7.09306e-11 5.24085e-11 3.82289e-11 2.75508e-11 1.96305e-11 1.38375e-11 9.65519e-12 6.67221e-12 4.56872e-12 3.10119e-12 2.08761e-12 1.39419e-12 9.24056e-13 6.08027e-13 3.97307e-13 2.57889e-13 1.66325e-13 1.06613e-13 6.79347e-14 4.30424e-14 2.71216e-14 1.69993e-14 1.06005e-14 6.5777e-15 4.06207e-15 2.49696e-15 1.52804e-15 9.31052e-16 5.64922e-16 3.41377e-16 2.05476e-16 1.23203e-16 7.35973e-17 4.38054e-17 2.59814e-17 1.53571e-17 9.04698e-18 5.31236e-18 3.10954e-18 1.81453e-18 1.05567e-18 6.12371e-19 3.54208e-19 2.0431e-19 1.17526e-19 6.74253e-20 3.85815e-20 2.20207e-20 1.25373e-20 7.12061e-21 4.03457e-21 2.28069e-21 1.28631e-21 7.2386e-22 4.06457e-22 2.27743e-22 1.27339e-22 7.1054e-23 3.95675e-23 2.19902e-23 1.21977e-23 6.75308e-24 3.73177e-24 2.05841e-24 1.13336e-24 6.2293e-25 3.41788e-25 1.87212e-25 1.02373e-25 5.58887e-26 3.04621e-26 1.65771e-26 9.00694e-27 4.88631e-27 2.64685e-27 1.43163e-27 7.73217e-28 4.17011e-28 2.24584e-28
3.01741e-12 1.37616e-11 3.6375e-11 7.23635e-11 1.19764e-10 1.73667e-10 2.27609e-10 2.75187e-10 3.11357e-10 3.33158e-10 3.39841e-10 3.32546e-10 3.13723e-10 2.86503e-10 2.54135e-10 2.19572e-10 1.8523e-10 1.52883e-10 1.23678e-10 9.82173e-11 7.66718e-11 5.89059e-11 4.45886e-11 3.32848e-11 2.45244e-11 1.78492e-11 1.28414e-11 9.13817e-12 6.43589e-12 4.48842e-12 3.10119e-12 2.12377e-12 1.44216e-12 9.71431e-13 6.49321e-13 4.30825e-13 2.83837e-13 1.85734e-13 1.20749e-13 7.80111e-14 5.00972e-14 3.19853e-14 2.03077e-14 1.28241e-14 8.05625e-15 5.03564e-15 3.13231e-15 1.93924e-15 1.19514e-15 7.33317e-16 4.4803e-16 2.72596e-16 1.65191e-16 9.97132e-17 5.99613e-17 3.59241e-17 2.14458e-17 1.2758e-17 7.5639e-18 4.46963e-18 2.63267e-18 1.54582e-18 9.04872e-19 5.28104e-19 3.07315e-19 1.78325e-19 1.03189e-19 5.95495e-20 3.42743e-20 1.96758e-20 1.12667e-20 6.43553e-21 3.66706e-21 2.08459e-21 1.18227e-21 6.68993e-22 3.77711e-22 2.1279e-22 1.19623e-22 6.71066e-23 3.75686e-23 2.09898e-23 1.1704e-23 6.51358e-24 3.61808e-24 2.00597e-24 1.11014e-24 6.13263e-25 3.38181e-25 1.86165e-25 1.02307e-25 5.6129e-26 3.07435e-26 1.68119e-26 9.17883e-27 5.00357e-27 2.72335e-27 1.48003e-27 8.03139e-28 4.35186e-28 2.35468e-28
1.34107e-12 6.29432e-12 1.70579e-11 3.47043e-11 5.86293e-11 8.66536e-11 1.15617e-10 1.42163e-10 1.63447e-10 1.77585e-10 1.83819e-10 1.82422e-10 1.74446e-10 1.61411e-10 1.45002e-10 1.26831e-10 1.08279e-10 9.04148e-11 7.39757e-11 5.93988e-11 4.68711e-11 3.63918e-11 2.78319e-11 2.09867e-11 1.56167e-11 1.14767e-11 8.33567e-12 5.9874e-12 4.25568e-12 2.99479e-12 2.08761e-12 1.44216e-12 9.87742e-13 6.70981e-13 4.52242e-13 3.02533e-13 2.00933e-13 1.32536e-13 8.68439e-14 5.65432e-14 3.65899e-14 2.35386e-14 1.50568e-14 9.57856e-15 6.06135e-15 3.81607e-15 2.39065e-15 1.49052e-15 9.25012e-16 5.71489e-16 3.51543e-16 2.15336e-16 1.31364e-16 7.98194e-17 4.83129e-17 2.9133e-17 1.75034e-17 1.04789e-17 6.25185e-18 3.71738e-18 2.20313e-18 1.30153e-18 7.66503e-19 4.50041e-19 2.63452e-19 1.53777e-19 8.95066e-20 5.19537e-20 3.0075e-20 1.73639e-20 9.99932e-21 5.74376e-21 3.29116e-21 1.88128e-21 1.07282e-21 6.10378e-22 3.46485e-22 1.96247e-22 1.10912e-22 6.25496e-23 3.52016e-23 1.97701e-23 1.10811e-23 6.19866e-24 3.46076e-24 1.9285e-24 1.07264e-24 5.9552e-25 3.30032e-25 1.82577e-25 1.00828e-25 5.55877e-26 3.05946e-26 1.68111e-26 9.22236e-27 5.05122e-27 2.76229e-27 1.50825e-27 8.22275e-28 4.47624e-28 2.43316e-28
