0.127335 0.0707419 0.0393011 0.0218339 0.01213 0.00673887 0.00374381 0.0020799 0.0011555 0.000641944 0.000356635 0.000198131 0.000110073 6.11515e-05 3.3973e-05 1.88739e-05 1.04855e-05 5.82528e-06 3.23627e-06 1.79793e-06 9.98848e-07 5.54915e-07 3.08286e-07 1.7127e-07 9.51501e-08 5.28612e-08 2.93673e-08 1.63152e-08 9.06399e-09 5.03555e-09 2.79753e-09 1.55418e-09 8.63434e-10 4.79686e-10 2.66492e-10 1.48051e-10 8.22506e-11 4.56948e-11 2.5386e-11 1.41033e-11 7.83518e-12 4.35288e-12 2.41827e-12 1.34348e-12 7.46379e-13 4.14655e-13 2.30364e-13 1.2798e-13 7.10999e-14 3.95e-14 2.19444e-14 1.21913e-14 6.77297e-15 3.76276e-15 2.09042e-15 1.16135e-15 6.45192e-16 3.5844e-16 1.99133e-16 1.1063e-16 6.14609e-17 3.4145e-17 1.89694e-17 1.05386e-17 5.85476e-18 3.25264e-18 1.80702e-18 1.0039e-18 5.57724e-19 3.09846e-19 1.72137e-19 9.56316e-20 5.31287e-20 2.95159e-20 1.63977e-20 9.10986e-21 5.06103e-21 2.81168e-21 1.56205e-21 8.67804e-22 4.82113e-22 2.67841e-22 1.488e-22 8.26669e-23 4.5926e-23 2.55145e-23 1.41747e-23 7.87483e-24 4.37491e-24 2.4305e-24 1.35028e-24 7.50156e-25 4.16753e-25 2.3153e-25 1.28628e-25 7.14597e-26 3.96999e-26 2.20555e-26 1.2253e-26 6.80724e-27 3.7818e-27
0.0707419 0.0482394 0.0317654 0.0204062 0.0128694 0.00800115 0.00491812 0.00299509 0.00180994 0.00108663 0.000648746 0.000385448 0.000228046 0.000134419 7.89696e-05 4.62568e-05 2.70231e-05 1.57488e-05 9.15827e-06 5.3151e-06 3.07904e-06 1.78069e-06 1.02823e-06 5.92877e-07 3.41398e-07 1.96345e-07 1.12791e-07 6.47231e-08 3.71026e-08 2.12488e-08 1.21584e-08 6.95101e-09 3.97077e-09 2.26659e-09 1.29289e-09 7.36979e-10 4.19825e-10 2.3901e-10 1.35991e-10 7.73324e-11 4.39524e-11 2.4968e-11 1.41767e-11 8.04568e-12 4.56413e-12 2.58802e-12 1.4669e-12 8.31112e-13 4.70713e-13 2.66498e-13 1.50827e-13 8.53332e-14 4.82631e-14 2.72883e-14 1.54243e-14 8.71579e-15 4.92362e-15 2.78064e-15 1.56996e-15 8.86178e-16 5.00087e-16 2.8214e-16 1.59141e-16 8.97434e-17 5.05972e-17 2.85205e-17 1.60731e-17 9.05633e-18 5.10176e-18 2.87346e-18 1.61812e-18 9.11037e-19 5.12845e-19 2.88643e-19 1.62429e-19 9.13895e-20 5.14114e-20 2.89172e-20 1.62625e-20 9.14434e-21 5.14111e-21 2.89001e-21 1.62436e-21 9.12869e-22 5.12952e-22 2.88197e-22 1.61901e-22 9.09398e-23 5.10749e-23 2.8682e-23 1.61051e-23 9.04205e-24 5.07602e-24 2.84926e-24 1.59918e-24 8.97461e-25 5.03605e-25 2.82567e-25 1.5853e-25 8.89324e-26 4.98847e-26
0.0393011 0.0317654 0.0237924 0.0169804 0.0117175 0.00788611 0.00520562 0.00338324 0.00217093 0.00137818 0.000866968 0.000541095 0.000335392 0.000206629 0.000126614 7.72094e-05 4.68772e-05 2.83487e-05 1.70819e-05 1.0259e-05 6.14268e-06 3.66768e-06 2.18424e-06 1.29767e-06 7.69221e-07 4.5502e-07 2.68633e-07 1.58303e-07 9.31258e-08 5.46944e-08 3.20737e-08 1.87813e-08 1.09826e-08 6.41384e-09 3.74106e-09 2.17951e-09 1.26835e-09 7.37314e-10 4.28178e-10 2.48413e-10 1.43985e-10 8.33827e-11 4.82461e-11 2.78929e-11 1.61132e-11 9.30126e-12 5.3652e-12 3.09262e-12 1.78145e-12 1.02551e-12 5.89976e-13 3.39208e-13 1.94914e-13 1.11938e-13 6.42498e-14 3.68586e-14 2.11341e-14 1.21119e-14 6.93802e-15 3.97242e-15 2.27342e-15 1.30051e-15 7.43644e-16 4.25046e-16 2.42847e-16 1.38695e-16 7.91817e-17 4.51886e-17 2.57796e-17 1.47019e-17 8.3815e-18 4.77669e-18 2.72139e-18 1.54996e-18 8.825e-19 5.02319e-19 2.85836e-19 1.62604e-19 9.24752e-20 5.25776e-20 2.98855e-20 1.69827e-20 9.64816e-21 5.47992e-21 3.1117e-21 1.76652e-21 1.00263e-21 5.68932e-22 3.22764e-22 1.83069e-22 1.03813e-22 5.88571e-23 3.33624e-23 1.89072e-23 1.0713e-23 6.06896e-24 3.43743e-24 1.94658e-24 1.10213e-24 6.239e-25 3.53119e-25
0.0218339 0.0204062 0.0169804 0.0131939 0.00979074 0.00702648 0.0049152 0.00336898 0.00227101 0.00150968 0.000991735 0.000644847 0.000415555 0.000265685 0.000168674 0.000106411 6.67498e-05 4.16548e-05 2.58719e-05 1.59996e-05 9.85503e-06 6.04792e-06 3.69887e-06 2.25503e-06 1.37072e-06 8.3088e-07 5.02343e-07 3.02971e-07 1.82307e-07 1.09462e-07 6.55892e-08 3.92246e-08 2.34146e-08 1.39526e-08 8.30043e-09 4.93015e-09 2.92391e-09 1.73158e-09 1.02406e-09 6.0483e-10 3.56775e-10 2.10199e-10 1.23699e-10 7.27133e-11 4.26971e-11 2.50458e-11 1.46772e-11 8.59279e-12 5.02605e-12 2.93719e-12 1.71501e-12 1.00055e-12 5.83266e-13 3.39748e-13 1.97752e-13 1.15019e-13 6.68518e-14 3.88294e-14 2.25383e-14 1.30738e-14 7.57904e-15 4.39099e-15 2.54247e-15 1.4713e-15 8.50955e-16 4.91899e-16 2.84196e-16 1.64111e-16 9.47196e-17 5.46427e-17 3.15078e-17 1.81595e-17 1.04615e-17 6.02413e-18 3.46744e-18 1.99499e-18 1.14735e-18 6.59596e-19 3.79045e-19 2.1774e-19 1.25033e-19 7.17713e-20 4.11836e-20 2.36236e-20 1.35463e-20 7.76513e-21 4.44976e-21 2.54909e-21 1.45981e-21 8.3575e-22 4.78328e-22 2.73682e-22 1.56546e-22 8.95188e-23 5.1176e-23 2.92483e-23 1.67116e-23 9.54602e-24 5.45148e-24 3.11241e-24 1.77653e-24
0.01213 0.0128694 0.0117175 0.00979074 0.00773255 0.0058649 0.0043135 0.00309603 0.00217837 0.0015074 0.00102843 0.000693123 0.00046217 0.000305276 0.000199954 0.000129983 8.39227e-05 5.3849e-05 3.43569e-05 2.18068e-05 1.37749e-05 8.66275e-06 5.42547e-06 3.38496e-06 2.10434e-06 1.30383e-06 8.05311e-07 4.9593e-07 3.04556e-07 1.86539e-07 1.13971e-07 6.9469e-08 4.2249e-08 2.564e-08 1.55288e-08 9.38689e-09 5.66376e-09 3.41133e-09 2.05121e-09 1.2314e-09 7.38098e-10 4.4176e-10 2.64022e-10 1.5758e-10 9.39267e-11 5.59149e-11 3.32457e-11 1.97439e-11 1.17122e-11 6.94008e-12 4.10802e-12 2.42916e-12 1.43499e-12 8.46888e-13 4.99344e-13 2.94159e-13 1.73136e-13 1.01818e-13 5.9828e-14 3.51269e-14 2.06081e-14 1.20812e-14 7.07724e-15 4.14294e-15 2.42356e-15 1.41679e-15 8.27702e-16 4.83242e-16 2.81958e-16 1.64415e-16 9.58165e-17 5.58071e-17 3.24858e-17 1.88999e-17 1.09899e-17 6.38701e-18 3.71006e-18 2.154e-18 1.24997e-18 7.25013e-19 4.20328e-19 2.43575e-19 1.41086e-19 8.1685e-20 4.72733e-20 2.73469e-20 1.58132e-20 9.14025e-21 5.2811e-21 3.05016e-21 1.76099e-21 1.01632e-21 5.86333e-22 3.38145e-22 1.94944e-22 1.12349e-22 6.4726e-23 3.72774e-23 2.1462e-23 1.23526e-23 7.10737e-24
0.00673887 0.00800115 0.00788611 0.00702648 0.0058649 0.00467275 0.0035939 0.00268809 0.00196535 0.00140988 0.000995182 0.000692722 0.000476334 0.000324025 0.000218307 0.000145816 9.66388e-05 6.35933e-05 4.15767e-05 2.70207e-05 1.74645e-05 1.12306e-05 7.18774e-06 4.58004e-06 2.90641e-06 1.83725e-06 1.1572e-06 7.2638e-07 4.54489e-07 2.83507e-07 1.76341e-07 1.09385e-07 6.76766e-08 4.17684e-08 2.5718e-08 1.57999e-08 9.686e-09 5.92579e-09 3.61825e-09 2.20514e-09 1.34151e-09 8.14709e-10 4.93959e-10 2.99011e-10 1.80724e-10 1.0907e-10 6.57314e-11 3.9559e-11 2.37761e-11 1.42718e-11 8.55618e-12 5.12342e-12 3.06434e-12 1.83074e-12 1.09255e-12 6.51328e-13 3.87894e-13 2.30779e-13 1.3717e-13 8.14547e-14 4.83257e-14 2.86454e-14 1.69652e-14 1.00392e-14 5.93589e-15 3.50693e-15 2.0703e-15 1.22127e-15 7.19901e-16 4.24054e-16 2.49613e-16 1.46831e-16 8.63133e-17 5.07057e-17 2.97687e-17 1.7466e-17 1.02415e-17 6.00175e-18 3.51512e-18 2.05758e-18 1.20374e-18 7.03836e-19 4.11321e-19 2.40251e-19 1.40258e-19 8.18418e-20 4.7732e-20 2.78251e-20 1.62129e-20 9.44243e-21 5.49682e-21 3.19851e-21 1.86035e-21 1.08158e-21 6.28549e-22 3.65126e-22 2.12018e-22 1.23064e-22 7.14033e-23 4.14135e-23 2.40106e-23
0.00374381 0.00491812 0.00520562 0.0049152 0.0043135 0.0035939 0.00287902 0.00223588 0.00169305 0.00125522 0.000914043 0.000655349 0.000463536 0.000323953 0.000223993 0.000153395 0.000104138 7.0141e-05 4.69018e-05 3.11543e-05 2.05674e-05 1.35012e-05 8.81596e-06 5.72833e-06 3.70498e-06 2.386e-06 1.53035e-06 9.77811e-07 6.2252e-07 3.94977e-07 2.49798e-07 1.57498e-07 9.90145e-08 6.20755e-08 3.88146e-08 2.42091e-08 1.50631e-08 9.35093e-09 5.79211e-09 3.58016e-09 2.20845e-09 1.35966e-09 8.35522e-10 5.12513e-10 3.13834e-10 1.91853e-10 1.17095e-10 7.13567e-11 4.34189e-11 2.6381e-11 1.60065e-11 9.69866e-12 5.86889e-12 3.54689e-12 2.14093e-12 1.29074e-12 7.77268e-13 4.67534e-13 2.80918e-13 1.68611e-13 1.01098e-13 6.05564e-14 3.62371e-14 2.16638e-14 1.29393e-14 7.72142e-15 4.60363e-15 2.7424e-15 1.63229e-15 9.70757e-16 5.76869e-16 3.42536e-16 2.03238e-16 1.20499e-16 7.13914e-17 4.2267e-17 2.50067e-17 1.47849e-17 8.73555e-18 5.15802e-18 3.04368e-18 1.79493e-18 1.05787e-18 6.23099e-19 3.668e-19 2.15801e-19 1.26893e-19 7.45727e-20 4.38016e-20 2.57141e-20 1.50879e-20 8.84842e-21 5.18665e-21 3.03875e-21 1.77949e-21 1.04158e-21 6.09379e-22 3.56358e-22 2.08301e-22 1.21704e-22 7.10779e-23
0.0020799 0.00299509 0.00338324 0.00336898 0.00309603 0.00268809 0.00223588 0.00179782 0.00140624 0.00107488 0.000805657 0.000593719 0.000431098 0.000308945 0.000218831 0.000153382 0.00010649 7.32971e-05 5.00523e-05 3.39312e-05 2.28484e-05 1.529e-05 1.01729e-05 6.73186e-06 4.43235e-06 2.90453e-06 1.89489e-06 1.23104e-06 7.96598e-07 5.13548e-07 3.299e-07 2.11213e-07 1.34794e-07 8.57623e-08 5.44077e-08 3.44208e-08 2.17185e-08 1.3669e-08 8.58205e-09 5.37567e-09 3.35973e-09 2.09528e-09 1.30402e-09 8.09957e-10 5.02121e-10 3.10709e-10 1.91922e-10 1.18345e-10 7.28541e-11 4.47776e-11 2.74785e-11 1.68373e-11 1.03019e-11 6.29436e-12 3.84053e-12 2.34021e-12 1.42416e-12 8.65604e-13 5.25475e-13 3.18619e-13 1.92971e-13 1.16742e-13 7.05491e-14 4.25888e-14 2.56833e-14 1.54728e-14 9.31244e-15 5.59942e-15 3.3637e-15 2.01882e-15 1.21057e-15 7.25287e-16 4.34171e-16 2.59688e-16 1.55201e-16 9.26812e-17 5.53037e-17 3.29753e-17 1.96473e-17 1.16978e-17 6.95979e-18 4.13798e-18 2.45859e-18 1.4598e-18 8.66203e-19 5.13652e-19 3.04401e-19 1.80284e-19 1.0671e-19 6.31247e-20 3.732e-20 2.20515e-20 1.30224e-20 7.68613e-21 4.5341e-21 2.67329e-21 1.57534e-21 9.27862e-22 5.46229e-22 3.21406e-22 1.89026e-22
0.0011555 0.00180994 0.00217093 0.00227101 0.00217837 0.00196535 0.00169305 0.00140624 0.0011338 0.000891735 0.000686693 0.000519234 0.000386392 0.000283504 0.000205408 0.000147148 0.000104337 7.32933e-05 5.10479e-05 3.52758e-05 2.42004e-05 1.6491e-05 1.11674e-05 7.51836e-06 5.03409e-06 3.35347e-06 2.22318e-06 1.46718e-06 9.64117e-07 6.30979e-07 4.11368e-07 2.67215e-07 1.72975e-07 1.11602e-07 7.17778e-08 4.60259e-08 2.94283e-08 1.87642e-08 1.1933e-08 7.5696e-09 4.79004e-09 3.02406e-09 1.90488e-09 1.1973e-09 7.50992e-10 4.70105e-10 2.93705e-10 1.83154e-10 1.14008e-10 7.08422e-11 4.39455e-11 2.72161e-11 1.68285e-11 1.03896e-11 6.40476e-12 3.94255e-12 2.42349e-12 1.48769e-12 9.12024e-13 5.58393e-13 3.41451e-13 2.08538e-13 1.27212e-13 7.75115e-14 4.71753e-14 2.86804e-14 1.74177e-14 1.05668e-14 6.40399e-15 3.87727e-15 2.3452e-15 1.41717e-15 8.5558e-16 5.16067e-16 3.11005e-16 1.87263e-16 1.1266e-16 6.77214e-17 4.06753e-17 2.44113e-17 1.46391e-17 8.77217e-18 5.25262e-18 3.14288e-18 1.87919e-18 1.12281e-18 6.70417e-19 4.00028e-19 2.38533e-19 1.42143e-19 8.46499e-20 5.03797e-20 2.99653e-20 1.78123e-20 1.05819e-20 6.28287e-21 3.72824e-21 2.21109e-21 1.3106e-21 7.76422e-22 4.59722e-22
0.000641944 0.00108663 0.00137818 0.00150968 0.0015074 0.00140988 0.00125522 0.00107488 0.000891735 0.000720466 0.000569123 0.000440904 0.000335799 0.000251924 0.000186473 0.000136366 9.86369e-05 7.0638e-05 5.01267e-05 3.52737e-05 2.46298e-05 1.70744e-05 1.17577e-05 8.04606e-06 5.47403e-06 3.7038e-06 2.49314e-06 1.67007e-06 1.11359e-06 7.39317e-07 4.88814e-07 3.21927e-07 2.11229e-07 1.38105e-07 8.99906e-08 5.84496e-08 3.78463e-08 2.44332e-08 1.57292e-08 1.00984e-08 6.4664e-09 4.13031e-09 2.63181e-09 1.67307e-09 1.06121e-09 6.71658e-10 4.24218e-10 2.67396e-10 1.68218e-10 1.05627e-10 6.62036e-11 4.14212e-11 2.58714e-11 1.61323e-11 1.00432e-11 6.24268e-12 3.87445e-12 2.40109e-12 1.48589e-12 9.18241e-13 5.66682e-13 3.4926e-13 2.14982e-13 1.32163e-13 8.115e-14 4.97681e-14 3.04867e-14 1.86543e-14 1.14017e-14 6.96128e-15 4.24575e-15 2.58686e-15 1.57455e-15 9.57442e-16 5.81638e-16 3.53009e-16 2.14053e-16 1.29678e-16 7.84928e-17 4.747e-17 2.86843e-17 1.73185e-17 1.04478e-17 6.29792e-18 3.79343e-18 2.28316e-18 1.37314e-18 8.25237e-19 4.95598e-19 2.97423e-19 1.78369e-19 1.06898e-19 6.40225e-20 3.83186e-20 2.29197e-20 1.37004e-20 8.18446e-21 4.88632e-21 2.91551e-21 1.73856e-21 1.03613e-21
0.000356635 0.000648746 0.000866968 0.000991735 0.00102843 0.000995182 0.000914043 0.000805657 0.000686693 0.000569123 0.000460567 0.000365111 0.000284263 0.000217811 0.000164532 0.000122702 9.04499e-05 6.59736e-05 4.76568e-05 3.41199e-05 2.42278e-05 1.70728e-05 1.19456e-05 8.3029e-06 5.73529e-06 3.93868e-06 2.69008e-06 1.82782e-06 1.2359e-06 8.31808e-07 5.57392e-07 3.71954e-07 2.47228e-07 1.63707e-07 1.08013e-07 7.1021e-08 4.65448e-08 3.04079e-08 1.98057e-08 1.28628e-08 8.33053e-09 5.3808e-09 3.46659e-09 2.22782e-09 1.4283e-09 9.13602e-10 5.83079e-10 3.71333e-10 2.35991e-10 1.49676e-10 9.47471e-11 5.9863e-11 3.77535e-11 2.37676e-11 1.49371e-11 9.37177e-12 5.87046e-12 3.67146e-12 2.29266e-12 1.42953e-12 8.90055e-13 5.53385e-13 3.4359e-13 2.13046e-13 1.31928e-13 8.15925e-14 5.03992e-14 3.10936e-14 1.91604e-14 1.17934e-14 7.25073e-15 4.45294e-15 2.73178e-15 1.67412e-15 1.0249e-15 6.26816e-16 3.82976e-16 2.33767e-16 1.42557e-16 8.6854e-17 5.28689e-17 3.21533e-17 1.95378e-17 1.18619e-17 7.19569e-18 4.3615e-18 2.6415e-18 1.59854e-18 9.66637e-19 5.84082e-19 3.52665e-19 2.12781e-19 1.2829e-19 7.72946e-20 4.65377e-20 2.80005e-20 1.68359e-20 1.01164e-20 6.0748e-21 3.64556e-21 2.18639e-21
0.000198131 0.000385448 0.000541095 0.000644847 0.000693123 0.000692722 0.000655349 0.000593719 0.000519234 0.000440904 0.000365111 0.000295859 0.00023523 0.000183908 0.000141641 0.000107625 8.07839e-05 5.99645e-05 4.40584e-05 3.20688e-05 2.31401e-05 1.65635e-05 1.17674e-05 8.30179e-06 5.81858e-06 4.05314e-06 2.80707e-06 1.9335e-06 1.32494e-06 9.03497e-07 6.13263e-07 4.14435e-07 2.78899e-07 1.86942e-07 1.24828e-07 8.30499e-08 5.50623e-08 3.6385e-08 2.39664e-08 1.57381e-08 1.03043e-08 6.72758e-09 4.3804e-09 2.84464e-09 1.84264e-09 1.19067e-09 7.67571e-10 4.93691e-10 3.16836e-10 2.02902e-10 1.29671e-10 8.27045e-11 5.2647e-11 3.34503e-11 2.12146e-11 1.34307e-11 8.48822e-12 5.35559e-12 3.37358e-12 2.12172e-12 1.33234e-12 8.35395e-13 5.23039e-13 3.27008e-13 2.04165e-13 1.27296e-13 7.92641e-14 4.92923e-14 3.06151e-14 1.89916e-14 1.1767e-14 7.28214e-15 4.5015e-15 2.77952e-15 1.71438e-15 1.05628e-15 6.50124e-16 3.99731e-16 2.4553e-16 1.50666e-16 9.23647e-17 5.65703e-17 3.46154e-17 2.1162e-17 1.29258e-17 7.88829e-18 4.8099e-18 2.93039e-18 1.78385e-18 1.08503e-18 6.59444e-19 4.00478e-19 2.43023e-19 1.47364e-19 8.92925e-20 5.4066e-20 3.27133e-20 1.97798e-20 1.19515e-20 7.2165e-21 4.35455e-21
0.000110073 0.000228046 0.000335392 0.000415555 0.00046217 0.000476334 0.000463536 0.000431098 0.000386392 0.000335799 0.000284263 0.00023523 0.00019082 0.000152093 0.000119333 9.23142e-05 7.05028e-05 5.32192e-05 3.97448e-05 2.93909e-05 2.15372e-05 1.56493e-05 1.1282e-05 8.074e-06 5.73857e-06 4.05242e-06 2.84437e-06 1.98503e-06 1.37784e-06 9.51481e-07 6.53866e-07 4.4727e-07 3.04607e-07 2.0658e-07 1.3954e-07 9.38962e-08 6.29518e-08 4.20577e-08 2.80042e-08 1.85865e-08 1.22978e-08 8.11262e-09 5.3364e-09 3.50053e-09 2.29013e-09 1.49441e-09 9.72744e-10 6.31661e-10 4.09224e-10 2.64522e-10 1.70615e-10 1.09813e-10 7.05351e-11 4.52162e-11 2.89299e-11 1.84751e-11 1.17771e-11 7.49418e-12 4.76062e-12 3.0191e-12 1.91155e-12 1.20839e-12 7.62708e-13 4.80681e-13 3.02496e-13 1.90091e-13 1.19288e-13 7.47557e-14 4.67858e-14 2.92429e-14 1.82548e-14 1.13814e-14 7.08742e-15 4.40827e-15 2.7387e-15 1.69954e-15 1.0535e-15 6.52331e-16 4.03497e-16 2.49322e-16 1.539e-16 9.49041e-17 5.84663e-17 3.5984e-17 2.21261e-17 1.35926e-17 8.34266e-18 5.1159e-18 3.13445e-18 1.9188e-18 1.17364e-18 7.17267e-19 4.38002e-19 2.67255e-19 1.62944e-19 9.92694e-20 6.04319e-20 3.67617e-20 2.23464e-20 1.35741e-20 8.23959e-21
6.11515e-05 0.000134419 0.000206629 0.000265685 0.000305276 0.000324025 0.000323953 0.000308945 0.000283504 0.000251924 0.000217811 0.000183908 0.000152093 0.000123491 9.86366e-05 7.76292e-05 6.02835e-05 4.62459e-05 3.50827e-05 2.63416e-05 1.95912e-05 1.44426e-05 1.05599e-05 7.66202e-06 5.51956e-06 3.94942e-06 2.80804e-06 1.98459e-06 1.39469e-06 9.74888e-07 6.77986e-07 4.6923e-07 3.2326e-07 2.21723e-07 1.51443e-07 1.03027e-07 6.98211e-08 4.71443e-08 3.17206e-08 2.12709e-08 1.42174e-08 9.4732e-09 6.29312e-09 4.16847e-09 2.75342e-09 1.81383e-09 1.19176e-09 7.81065e-10 5.10654e-10 3.33075e-10 2.16753e-10 1.40743e-10 9.11924e-11 5.89637e-11 3.80481e-11 2.45036e-11 1.57506e-11 1.01056e-11 6.47203e-12 4.1377e-12 2.6408e-12 1.68264e-12 1.07039e-12 6.7984e-13 4.31125e-13 2.72991e-13 1.72606e-13 1.08979e-13 6.8711e-14 4.32629e-14 2.72036e-14 1.70833e-14 1.07143e-14 6.71148e-15 4.19896e-15 2.62391e-15 1.63776e-15 1.02107e-15 6.35879e-16 3.95566e-16 2.45809e-16 1.52588e-16 9.46229e-17 5.86183e-17 3.62778e-17 2.24298e-17 1.38547e-17 8.54996e-18 5.27147e-18 3.2472e-18 1.99849e-18 1.2289e-18 7.55028e-19 4.63495e-19 2.84295e-19 1.74238e-19 1.06702e-19 6.52922e-20 3.99224e-20 2.43918e-20 1.48919e-20
3.3973e-05 7.89696e-05 0.000126614 0.000168674 0.000199954 0.000218307 0.000223993 0.000218831 0.000205408 0.000186473 0.000164532 0.000141641 0.000119333 9.86366e-05 8.01502e-05 6.41356e-05 5.06113e-05 3.94352e-05 3.03716e-05 2.3142e-05 1.74596e-05 1.3052e-05 9.67395e-06 7.11312e-06 5.19117e-06 3.76199e-06 2.70829e-06 1.93759e-06 1.37805e-06 9.74627e-07 6.8566e-07 4.79942e-07 3.34337e-07 2.31842e-07 1.60067e-07 1.10052e-07 7.53632e-08 5.14111e-08 3.49429e-08 2.36662e-08 1.59745e-08 1.07475e-08 7.20817e-09 4.81978e-09 3.21338e-09 2.13635e-09 1.41645e-09 9.3667e-10 6.17827e-10 4.06515e-10 2.6684e-10 1.74751e-10 1.14186e-10 7.445e-11 4.84393e-11 3.14514e-11 2.03805e-11 1.3181e-11 8.50873e-12 5.48256e-12 3.52636e-12 2.2642e-12 1.45133e-12 9.28752e-13 5.93382e-13 3.78518e-13 2.41086e-13 1.53324e-13 9.73668e-14 6.17437e-14 3.90993e-14 2.4726e-14 1.56156e-14 9.84913e-15 6.20417e-15 3.90326e-15 2.45268e-15 1.53934e-15 9.64986e-16 6.04239e-16 3.77928e-16 2.36119e-16 1.47361e-16 9.18705e-17 5.72162e-17 3.55975e-17 2.21251e-17 1.37381e-17 8.52216e-18 5.28157e-18 3.27019e-18 2.02297e-18 1.2503e-18 7.72076e-19 4.76354e-19 2.93651e-19 1.80872e-19 1.11315e-19 6.84521e-20 4.20606e-20 2.58241e-20
1.88739e-05 4.62568e-05 7.72094e-05 0.000106411 0.000129983 0.000145816 0.000153395 0.000153382 0.000147148 0.000136366 0.000122702 0.000107625 9.23142e-05 7.76292e-05 6.41356e-05 5.21503e-05 4.17969e-05 3.30608e-05 2.58371e-05 1.99686e-05 1.52753e-05 1.15742e-05 8.69233e-06 6.47408e-06 4.7846e-06 3.51028e-06 2.55773e-06 1.85162e-06 1.33225e-06 9.53006e-07 6.77973e-07 4.79793e-07 3.37854e-07 2.36776e-07 1.65187e-07 1.14743e-07 7.9373e-08 5.46877e-08 3.7536e-08 2.56692e-08 1.74923e-08 1.18797e-08 8.04166e-09 5.42648e-09 3.65066e-09 2.44879e-09 1.63795e-09 1.0926e-09 7.26889e-10 4.8235e-10 3.19285e-10 2.10837e-10 1.389e-10 9.13004e-11 5.98808e-11 3.91899e-11 2.55952e-11 1.66827e-11 1.08523e-11 7.04602e-12 4.56625e-12 2.95384e-12 1.90743e-12 1.22959e-12 7.91305e-13 5.08412e-13 3.26132e-13 2.08878e-13 1.33576e-13 8.52944e-14 5.4385e-14 3.46274e-14 2.2017e-14 1.39799e-14 8.86489e-15 5.61405e-15 3.5508e-15 2.24302e-15 1.41518e-15 8.918e-16 5.61325e-16 3.52909e-16 2.21626e-16 1.39027e-16 8.71178e-17 5.45322e-17 3.40993e-17 2.13007e-17 1.32924e-17 8.28681e-18 5.16119e-18 3.21143e-18 1.99637e-18 1.2399e-18 7.69373e-19 4.76984e-19 2.95455e-19 1.82855e-19 1.13072e-19 6.98629e-20 4.31302e-20
1.04855e-05 2.70231e-05 4.68772e-05 6.67498e-05 8.39227e-05 9.66388e-05 0.000104138 0.00010649 0.000104337 9.86369e-05 9.04499e-05 8.07839e-05 7.05028e-05 6.02835e-05 5.06113e-05 4.17969e-05 3.40059e-05 2.7293e-05 2.16334e-05 1.69515e-05 1.31423e-05 1.00891e-05 7.67428e-06 5.78754e-06 4.32969e-06 3.21467e-06 2.36987e-06 1.73539e-06 1.26273e-06 9.13295e-07 6.56797e-07 4.69779e-07 3.3428e-07 2.36693e-07 1.66808e-07 1.17029e-07 8.17522e-08 5.68737e-08 3.94097e-08 2.72046e-08 1.87109e-08 1.28238e-08 8.75925e-09 5.96346e-09 4.04725e-09 2.73842e-09 1.84741e-09 1.24277e-09 8.33732e-10 5.57833e-10 3.72272e-10 2.47817e-10 1.6457e-10 1.0903e-10 7.20689e-11 4.75321e-11 3.12816e-11 2.05437e-11 1.34643e-11 8.80693e-12 5.74944e-12 3.74635e-12 2.43666e-12 1.58198e-12 1.0253e-12 6.63379e-13 4.28499e-13 2.76333e-13 1.77921e-13 1.1438e-13 7.34203e-14 4.70586e-14 3.01185e-14 1.92493e-14 1.22855e-14 7.8304e-15 4.98424e-15 3.16847e-15 2.01163e-15 1.27557e-15 8.07852e-16 5.11021e-16 3.22876e-16 2.03767e-16 1.28452e-16 8.0885e-17 5.08771e-17 3.19679e-17 2.00656e-17 1.25818e-17 7.88125e-18 4.93193e-18 3.0833e-18 1.92575e-18 1.20164e-18 7.49115e-19 4.66582e-19 2.90348e-19 1.80521e-19 1.12141e-19 6.9603e-20
5.82528e-06 1.57488e-05 2.83487e-05 4.16548e-05 5.3849e-05 6.35933e-05 7.0141e-05 7.32971e-05 7.32933e-05 7.0638e-05 6.59736e-05 5.99645e-05 5.32192e-05 4.62459e-05 3.94352e-05 3.30608e-05 2.7293e-05 2.22169e-05 1.78534e-05 1.41776e-05 1.11357e-05 8.65781e-06 6.66768e-06 5.08966e-06 3.85295e-06 2.89406e-06 2.15788e-06 1.59784e-06 1.17541e-06 8.59297e-07 6.24502e-07 4.51323e-07 3.24429e-07 2.32026e-07 1.65136e-07 1.16984e-07 8.25036e-08 5.79383e-08 4.05209e-08 2.82282e-08 1.95904e-08 1.35463e-08 9.33421e-09 6.41009e-09 4.38767e-09 2.99389e-09 2.03664e-09 1.38139e-09 9.34287e-10 6.30155e-10 4.23891e-10 2.84404e-10 1.90339e-10 1.27075e-10 8.46376e-11 5.6243e-11 3.72909e-11 2.46714e-11 1.62879e-11 1.07311e-11 7.05585e-12 4.63029e-12 3.03278e-12 1.98274e-12 1.29392e-12 8.42907e-13 5.48156e-13 3.55876e-13 2.30663e-13 1.49266e-13 9.64411e-14 6.22152e-14 4.00756e-14 2.57766e-14 1.65557e-14 1.06184e-14 6.80099e-15 4.35011e-15 2.77879e-15 1.77276e-15 1.12952e-15 7.1878e-16 4.56847e-16 2.90019e-16 1.83896e-16 1.16472e-16 7.36849e-17 4.65645e-17 2.93941e-17 1.85354e-17 1.16758e-17 7.34726e-18 4.61876e-18 2.90063e-18 1.81985e-18 1.14068e-18 7.14298e-19 4.46882e-19 2.79325e-19 1.74436e-19 1.08838e-19
3.23627e-06 9.15827e-06 1.70819e-05 2.58719e-05 3.43569e-05 4.15767e-05 4.69018e-05 5.00523e-05 5.10479e-05 5.01267e-05 4.76568e-05 4.40584e-05 3.97448e-05 3.50827e-05 3.03716e-05 2.58371e-05 2.16334e-05 1.78534e-05 1.45396e-05 1.16969e-05 9.30419e-06 7.32361e-06 5.70852e-06 4.4091e-06 3.37642e-06 2.56487e-06 1.93367e-06 1.44741e-06 1.07612e-06 7.94961e-07 5.83695e-07 4.26099e-07 3.09344e-07 2.23402e-07 1.60529e-07 1.14797e-07 8.17173e-08 5.79138e-08 4.08707e-08 2.87262e-08 2.01117e-08 1.40276e-08 9.74871e-09 6.7514e-09 4.65991e-09 3.20588e-09 2.19863e-09 1.50327e-09 1.02481e-09 6.96648e-10 4.72263e-10 3.19296e-10 2.15315e-10 1.44831e-10 9.7182e-11 6.50546e-11 4.34476e-11 2.8952e-11 1.92505e-11 1.27726e-11 8.45703e-12 5.58829e-12 3.6854e-12 2.42582e-12 1.59374e-12 1.04516e-12 6.84189e-13 4.47108e-13 2.91682e-13 1.8997e-13 1.23525e-13 8.01932e-14 5.1981e-14 3.36428e-14 2.17417e-14 1.40302e-14 9.04095e-15 5.81781e-15 3.73862e-15 2.39928e-15 1.53774e-15 9.84291e-16 6.29241e-16 4.01766e-16 2.56214e-16 1.63198e-16 1.03829e-16 6.59823e-17 4.18837e-17 2.65572e-17 1.68209e-17 1.06427e-17 6.72666e-18 4.24717e-18 2.67892e-18 1.68806e-18 1.06265e-18 6.68309e-19 4.19906e-19 2.63586e-19 1.65308e-19
1.79793e-06 5.3151e-06 1.0259e-05 1.59996e-05 2.18068e-05 2.70207e-05 3.11543e-05 3.39312e-05 3.52758e-05 3.52737e-05 3.41199e-05 3.20688e-05 2.93909e-05 2.63416e-05 2.3142e-05 1.99686e-05 1.69515e-05 1.41776e-05 1.16969e-05 9.52966e-06 7.67416e-06 6.11355e-06 4.82152e-06 3.76695e-06 2.9172e-06 2.2405e-06 1.7074e-06 1.2916e-06 9.70269e-07 7.24086e-07 5.36989e-07 3.95869e-07 2.90183e-07 2.11563e-07 1.53448e-07 1.10748e-07 7.9552e-08 5.68847e-08 4.04992e-08 2.87131e-08 2.02752e-08 1.42616e-08 9.9942e-09 6.97857e-09 4.85597e-09 3.36767e-09 2.32796e-09 1.6042e-09 1.10211e-09 7.5495e-10 5.15672e-10 3.51261e-10 2.3863e-10 1.61692e-10 1.09285e-10 7.36824e-11 4.95602e-11 3.3258e-11 2.22678e-11 1.48767e-11 9.9176e-12 6.59784e-12 4.3804e-12 2.90246e-12 1.91946e-12 1.26699e-12 8.34774e-13 5.49014e-13 3.60442e-13 2.36234e-13 1.54569e-13 1.00969e-13 6.58504e-14 4.28793e-14 2.78786e-14 1.80984e-14 1.1732e-14 7.59409e-15 4.90871e-15 3.16854e-15 2.0425e-15 1.31488e-15 8.45367e-16 5.42811e-16 3.48103e-16 2.22963e-16 1.42637e-16 9.1142e-17 5.81699e-17 3.70836e-17 2.36145e-17 1.50209e-17 9.54425e-18 6.05795e-18 3.84109e-18 2.43297e-18 1.5395e-18 9.73176e-19 6.14578e-19 3.87744e-19 2.444e-19
9.98848e-07 3.07904e-06 6.14268e-06 9.85503e-06 1.37749e-05 1.74645e-05 2.05674e-05 2.28484e-05 2.42004e-05 2.46298e-05 2.42278e-05 2.31401e-05 2.15372e-05 1.95912e-05 1.74596e-05 1.52753e-05 1.31423e-05 1.11357e-05 9.30419e-06 7.67416e-06 6.25453e-06 5.04128e-06 4.02158e-06 3.17728e-06 2.48761e-06 1.93113e-06 1.48717e-06 1.13663e-06 8.62525e-07 6.50093e-07 4.86834e-07 3.62347e-07 2.68123e-07 1.97299e-07 1.44413e-07 1.05167e-07 7.62142e-08 5.49749e-08 3.94772e-08 2.82266e-08 2.00989e-08 1.42546e-08 1.00709e-08 7.08886e-09 4.972e-09 3.47526e-09 2.421e-09 1.68113e-09 1.16373e-09 8.03138e-10 5.52657e-10 3.79217e-10 2.59491e-10 1.7709e-10 1.20542e-10 8.1844e-11 5.5433e-11 3.74553e-11 2.52493e-11 1.69825e-11 1.13972e-11 7.63243e-12 5.10057e-12 3.40163e-12 2.26408e-12 1.50402e-12 9.97219e-13 6.5997e-13 4.35985e-13 2.87509e-13 1.89269e-13 1.24387e-13 8.16118e-14 5.34599e-14 3.49636e-14 2.28314e-14 1.48863e-14 9.69168e-15 6.30055e-15 4.09014e-15 2.65149e-15 1.71651e-15 1.10974e-15 7.16508e-16 4.62019e-16 2.97542e-16 1.91379e-16 1.22945e-16 7.88868e-17 5.05576e-17 3.23642e-17 2.06943e-17 1.32175e-17 8.43279e-18 5.37433e-18 3.42149e-18 2.17597e-18 1.38244e-18 8.77403e-19 5.56316e-19 3.52386e-19
5.54915e-07 1.78069e-06 3.66768e-06 6.04792e-06 8.66275e-06 1.12306e-05 1.35012e-05 1.529e-05 1.6491e-05 1.70744e-05 1.70728e-05 1.65635e-05 1.56493e-05 1.44426e-05 1.3052e-05 1.15742e-05 1.00891e-05 8.65781e-06 7.32361e-06 6.11355e-06 5.04128e-06 4.11005e-06 3.31549e-06 2.64817e-06 2.0956e-06 1.64391e-06 1.27902e-06 9.87417e-07 7.56719e-07 5.75896e-07 4.35393e-07 3.27105e-07 2.44282e-07 1.8139e-07 1.33956e-07 9.84114e-08 7.19376e-08 5.23339e-08 3.78976e-08 2.73225e-08 1.96147e-08 1.40237e-08 9.98697e-09 7.0852e-09 5.00813e-09 3.52744e-09 2.47602e-09 1.73225e-09 1.20802e-09 8.39822e-10 5.82094e-10 4.02282e-10 2.77229e-10 1.90525e-10 1.30588e-10 8.92751e-11 6.0878e-11 4.14118e-11 2.81028e-11 1.90268e-11 1.28528e-11 8.66307e-12 5.82654e-12 3.91055e-12 2.61924e-12 1.75084e-12 1.16807e-12 7.77794e-13 5.16954e-13 3.42965e-13 2.2713e-13 1.50157e-13 9.91006e-14 6.52958e-14 4.29524e-14 2.82095e-14 1.84981e-14 1.21114e-14 7.91791e-15 5.16879e-15 3.36932e-15 2.19323e-15 1.42568e-15 9.25493e-16 5.99991e-16 3.88462e-16 2.51186e-16 1.62217e-16 1.04631e-16 6.74055e-17 4.33723e-17 2.78754e-17 1.78949e-17 1.14748e-17 7.34988e-18 4.7026e-18 3.00559e-18 1.91894e-18 1.22389e-18 7.79787e-19 4.96333e-19
3.08286e-07 1.02823e-06 2.18424e-06 3.69887e-06 5.42547e-06 7.18774e-06 8.81596e-06 1.01729e-05 1.11674e-05 1.17577e-05 1.19456e-05 1.17674e-05 1.1282e-05 1.05599e-05 9.67395e-06 8.69233e-06 7.67428e-06 6.66768e-06 5.70852e-06 4.82152e-06 4.02158e-06 3.31549e-06 2.70386e-06 2.18278e-06 1.74543e-06 1.38328e-06 1.08707e-06 8.47515e-07 6.55795e-07 5.03836e-07 3.84473e-07 2.91503e-07 2.19661e-07 1.64558e-07 1.2259e-07 9.08369e-08 6.69644e-08 4.91236e-08 3.58663e-08 2.60683e-08 1.88645e-08 1.35942e-08 9.75673e-09 6.97526e-09 4.968e-09 3.52552e-09 2.49308e-09 1.75701e-09 1.23419e-09 8.6418e-10 6.03233e-10 4.19821e-10 2.91327e-10 2.01591e-10 1.39114e-10 9.57447e-11 6.57252e-11 4.50044e-11 3.07406e-11 2.09476e-11 1.42411e-11 9.65983e-12 6.53786e-12 4.41535e-12 2.97565e-12 2.00128e-12 1.34327e-12 8.99846e-13 6.01649e-13 4.01519e-13 2.67471e-13 1.77857e-13 1.18061e-13 7.82347e-14 5.17566e-14 3.41838e-14 2.25412e-14 1.48407e-14 9.75572e-15 6.4034e-15 4.19681e-15 2.74662e-15 1.79498e-15 1.17142e-15 7.63438e-16 4.96879e-16 3.22964e-16 2.09651e-16 1.35921e-16 8.80101e-17 5.69177e-17 3.67653e-17 2.372e-17 1.52857e-17 9.83918e-18 6.32622e-18 4.06302e-18 2.60664e-18 1.6705e-18 1.06944e-18 6.83937e-19
1.7127e-07 5.92877e-07 1.29767e-06 2.25503e-06 3.38496e-06 4.58004e-06 5.72833e-06 6.73186e-06 7.51836e-06 8.04606e-06 8.3029e-06 8.30179e-06 8.074e-06 7.66202e-06 7.11312e-06 6.47408e-06 5.78754e-06 5.08966e-06 4.4091e-06 3.76695e-06 3.17728e-06 2.64817e-06 2.18278e-06 1.78058e-06 1.43842e-06 1.15142e-06 9.13765e-07 7.19281e-07 5.61844e-07 4.35672e-07 3.35499e-07 2.56658e-07 1.95114e-07 1.4744e-07 1.10778e-07 8.27774e-08 6.15301e-08 4.55068e-08 3.34939e-08 2.45379e-08 1.78966e-08 1.29967e-08 9.3993e-09 6.77052e-09 4.85817e-09 3.473e-09 2.47384e-09 1.75601e-09 1.24227e-09 8.7596e-10 6.15713e-10 4.31458e-10 3.01442e-10 2.09997e-10 1.45882e-10 1.01066e-10 6.98317e-11 4.81259e-11 3.30836e-11 2.26873e-11 1.55209e-11 1.05936e-11 7.2141e-12 4.90188e-12 3.32358e-12 2.24872e-12 1.51835e-12 1.02314e-12 6.88098e-13 4.61882e-13 3.09455e-13 2.06951e-13 1.38153e-13 9.20642e-14 6.12456e-14 4.06752e-14 2.69692e-14 1.78528e-14 1.17994e-14 7.78644e-15 5.13049e-15 3.37545e-15 2.21754e-15 1.45475e-15 9.53006e-16 6.23452e-16 4.07308e-16 2.65745e-16 1.73157e-16 1.12683e-16 7.32369e-17 4.75405e-17 3.08226e-17 1.99598e-17 1.29102e-17 8.34075e-18 5.38252e-18 3.46961e-18 2.23407e-18 1.43696e-18 9.23272e-19
9.51501e-08 3.41398e-07 7.69221e-07 1.37072e-06 2.10434e-06 2.90641e-06 3.70498e-06 4.43235e-06 5.03409e-06 5.47403e-06 5.73529e-06 5.81858e-06 5.73857e-06 5.51956e-06 5.19117e-06 4.7846e-06 4.32969e-06 3.85295e-06 3.37642e-06 2.9172e-06 2.48761e-06 2.0956e-06 1.74543e-06 1.43842e-06 1.17367e-06 9.4873e-07 7.60168e-07 6.04032e-07 4.76199e-07 3.72625e-07 2.89518e-07 2.23432e-07 1.71327e-07 1.30568e-07 9.89249e-08 7.4531e-08 5.58515e-08 4.16386e-08 3.08893e-08 2.28064e-08 1.67618e-08 1.22651e-08 8.93676e-09 6.48504e-09 4.68738e-09 3.37513e-09 2.4213e-09 1.73085e-09 1.23302e-09 8.7544e-10 6.19549e-10 4.37078e-10 3.07409e-10 2.1557e-10 1.50734e-10 1.05103e-10 7.30874e-11 5.06896e-11 3.50652e-11 2.41961e-11 1.66553e-11 1.14373e-11 7.83591e-12 5.35637e-12 3.65336e-12 2.48644e-12 1.68868e-12 1.14453e-12 7.74159e-13 5.22615e-13 3.52127e-13 2.3681e-13 1.58966e-13 1.06519e-13 7.12503e-14 4.7577e-14 3.17157e-14 2.11074e-14 1.40246e-14 9.30371e-15 6.16235e-15 4.07543e-15 2.69123e-15 1.77456e-15 1.16843e-15 7.68251e-16 5.04428e-16 3.30753e-16 2.16584e-16 1.41637e-16 9.25057e-17 6.03404e-17 3.93102e-17 2.55782e-17 1.66231e-17 1.07904e-17 6.99615e-18 4.53086e-18 2.93098e-18 1.89393e-18 1.22247e-18
5.28612e-08 1.96345e-07 4.5502e-07 8.3088e-07 1.30383e-06 1.83725e-06 2.386e-06 2.90453e-06 3.35347e-06 3.7038e-06 3.93868e-06 4.05314e-06 4.05242e-06 3.94942e-06 3.76199e-06 3.51028e-06 3.21467e-06 2.89406e-06 2.56487e-06 2.2405e-06 1.93113e-06 1.64391e-06 1.38328e-06 1.15142e-06 9.4873e-07 7.74286e-07 6.26253e-07 5.02232e-07 3.99543e-07 3.15435e-07 2.47233e-07 1.92447e-07 1.48819e-07 1.14363e-07 8.73598e-08 6.6351e-08 5.01187e-08 3.76586e-08 2.81536e-08 2.09457e-08 1.55105e-08 1.14341e-08 8.39257e-09 6.1344e-09 4.46576e-09 3.23836e-09 2.33947e-09 1.68394e-09 1.20781e-09 8.63355e-10 6.1509e-10 4.36808e-10 3.09235e-10 2.18257e-10 1.53593e-10 1.07778e-10 7.54194e-11 5.26331e-11 3.66345e-11 2.54336e-11 1.76132e-11 1.21678e-11 8.38599e-12 5.7662e-12 3.95588e-12 2.70793e-12 1.84968e-12 1.26079e-12 8.57618e-13 5.822e-13 3.94455e-13 2.6674e-13 1.80037e-13 1.21293e-13 8.15692e-14 5.47585e-14 3.66966e-14 2.45508e-14 1.63978e-14 1.09345e-14 7.27982e-15 4.83908e-15 3.21173e-15 2.12845e-15 1.40846e-15 9.30676e-16 6.14094e-16 4.04635e-16 2.66255e-16 1.74963e-16 1.14821e-16 7.52542e-17 4.92589e-17 3.22028e-17 2.10265e-17 1.37123e-17 8.93177e-18 5.81103e-18 3.77631e-18 2.45125e-18 1.58935e-18
2.93673e-08 1.12791e-07 2.68633e-07 5.02343e-07 8.05311e-07 1.1572e-06 1.53035e-06 1.89489e-06 2.22318e-06 2.49314e-06 2.69008e-06 2.80707e-06 2.84437e-06 2.80804e-06 2.70829e-06 2.55773e-06 2.36987e-06 2.15788e-06 1.93367e-06 1.7074e-06 1.48717e-06 1.27902e-06 1.08707e-06 9.13765e-07 7.60168e-07 6.26253e-07 5.11211e-07 4.13696e-07 3.32044e-07 2.64441e-07 2.09049e-07 1.64101e-07 1.27957e-07 9.91366e-08 7.63396e-08 5.84419e-08 4.44903e-08 3.36876e-08 2.53767e-08 1.90215e-08 1.419e-08 1.05372e-08 7.79011e-09 5.73466e-09 4.20417e-09 3.0699e-09 2.23303e-09 1.61825e-09 1.16851e-09 8.40814e-10 6.02971e-10 4.30989e-10 3.0708e-10 2.18118e-10 1.54464e-10 1.09066e-10 7.67927e-11 5.39197e-11 3.77577e-11 2.63709e-11 1.83711e-11 1.27662e-11 8.84986e-12 6.12042e-12 4.22302e-12 2.90726e-12 1.99705e-12 1.36886e-12 9.36301e-13 6.39116e-13 4.35382e-13 2.96011e-13 2.00868e-13 1.36049e-13 9.19772e-14 6.20699e-14 4.18133e-14 2.81188e-14 1.88774e-14 1.26522e-14 8.46602e-15 5.65588e-15 3.77259e-15 2.51253e-15 1.67081e-15 1.10943e-15 7.35594e-16 4.87032e-16 3.22009e-16 2.12608e-16 1.40186e-16 9.23101e-17 6.07054e-17 3.987e-17 2.61527e-17 1.71336e-17 1.12111e-17 7.32698e-18 4.78287e-18 3.11851e-18 2.03099e-18
1.63152e-08 6.47231e-08 1.58303e-07 3.02971e-07 4.9593e-07 7.2638e-07 9.77811e-07 1.23104e-06 1.46718e-06 1.67007e-06 1.82782e-06 1.9335e-06 1.98503e-06 1.98459e-06 1.93759e-06 1.85162e-06 1.73539e-06 1.59784e-06 1.44741e-06 1.2916e-06 1.13663e-06 9.87417e-07 8.47515e-07 7.19281e-07 6.04032e-07 5.02232e-07 4.13696e-07 3.37766e-07 2.73472e-07 2.19666e-07 1.7512e-07 1.38609e-07 1.08963e-07 8.50999e-08 6.60498e-08 5.09592e-08 3.90922e-08 2.98247e-08 2.26347e-08 1.70914e-08 1.28429e-08 9.6054e-09 7.15162e-09 5.30152e-09 3.91353e-09 2.87721e-09 2.10701e-09 1.53714e-09 1.11727e-09 8.09197e-10 5.84049e-10 4.20133e-10 3.0124e-10 2.1531e-10 1.5342e-10 1.08994e-10 7.72086e-11 5.45381e-11 3.84185e-11 2.69909e-11 1.89131e-11 1.32191e-11 9.21646e-12 6.41027e-12 4.44799e-12 3.07929e-12 2.12696e-12 1.46593e-12 1.00817e-12 6.91903e-13 4.73875e-13 3.23899e-13 2.20954e-13 1.50439e-13 1.02235e-13 6.9349e-14 4.69565e-14 3.17382e-14 2.1415e-14 1.44249e-14 9.70033e-15 6.51253e-15 4.36533e-15 2.92147e-15 1.95216e-15 1.30248e-15 8.67727e-16 5.77244e-16 3.83454e-16 2.54364e-16 1.68498e-16 1.11467e-16 7.36402e-17 4.85862e-17 3.20148e-17 2.10686e-17 1.38477e-17 9.09048e-18 5.96032e-18 3.90334e-18 2.55325e-18
9.06399e-09 3.71026e-08 9.31258e-08 1.82307e-07 3.04556e-07 4.54489e-07 6.2252e-07 7.96598e-07 9.64117e-07 1.11359e-06 1.2359e-06 1.32494e-06 1.37784e-06 1.39469e-06 1.37805e-06 1.33225e-06 1.26273e-06 1.17541e-06 1.07612e-06 9.70269e-07 8.62525e-07 7.56719e-07 6.55795e-07 5.61844e-07 4.76199e-07 3.99543e-07 3.32044e-07 2.73472e-07 2.23319e-07 1.80894e-07 1.45407e-07 1.1603e-07 9.19451e-08 7.23765e-08 5.66118e-08 4.40123e-08 3.40181e-08 2.61468e-08 1.99893e-08 1.52032e-08 1.15058e-08 8.66609e-09 6.49724e-09 4.84958e-09 3.60427e-09 2.66765e-09 1.96653e-09 1.44407e-09 1.05644e-09 7.70057e-10 5.59331e-10 4.04882e-10 2.92111e-10 2.10071e-10 1.50599e-10 1.07636e-10 7.67023e-11 5.45012e-11 3.86176e-11 2.72884e-11 1.92316e-11 1.35184e-11 9.47844e-12 6.62943e-12 4.62561e-12 3.21989e-12 2.23623e-12 1.54959e-12 1.07143e-12 7.39236e-13 5.08968e-13 3.4971e-13 2.39803e-13 1.64115e-13 1.12101e-13 7.64279e-14 5.20108e-14 3.53306e-14 2.39575e-14 1.62172e-14 1.09591e-14 7.39343e-15 4.97976e-15 3.34867e-15 2.24829e-15 1.50717e-15 1.00881e-15 6.74236e-16 4.49964e-16 2.9986e-16 1.99547e-16 1.32607e-16 8.80031e-17 5.83237e-17 3.86028e-17 2.5517e-17 1.68455e-17 1.1107e-17 7.31423e-18 4.81076e-18 3.16038e-18
5.03555e-09 2.12488e-08 5.46944e-08 1.09462e-07 1.86539e-07 2.83507e-07 3.94977e-07 5.13548e-07 6.30979e-07 7.39317e-07 8.31808e-07 9.03497e-07 9.51481e-07 9.74888e-07 9.74627e-07 9.53006e-07 9.13295e-07 8.59297e-07 7.94961e-07 7.24086e-07 6.50093e-07 5.75896e-07 5.03836e-07 4.35672e-07 3.72625e-07 3.15435e-07 2.64441e-07 2.19666e-07 1.80894e-07 1.47744e-07 1.19728e-07 9.63048e-08 7.69163e-08 6.10165e-08 4.80911e-08 3.76697e-08 2.9332e-08 2.271e-08 1.74872e-08 1.3395e-08 1.02086e-08 7.74242e-09 5.84452e-09 4.39193e-09 3.28596e-09 2.44814e-09 1.8165e-09 1.34252e-09 9.88421e-10 7.25028e-10 5.29915e-10 3.85961e-10 2.80164e-10 2.027e-10 1.46187e-10 1.05103e-10 7.53373e-11 5.38431e-11 3.83715e-11 2.72695e-11 1.93271e-11 1.36618e-11 9.63227e-12 6.77417e-12 4.75245e-12 3.32612e-12 2.32242e-12 1.61789e-12 1.12458e-12 7.79972e-13 5.3981e-13 3.72816e-13 2.56957e-13 1.76749e-13 1.21339e-13 8.31405e-14 5.68601e-14 3.88153e-14 2.64493e-14 1.7991e-14 1.22165e-14 8.28123e-15 5.60428e-15 3.78645e-15 2.55416e-15 1.72019e-15 1.15674e-15 7.76659e-16 5.20688e-16 3.48567e-16 2.33007e-16 1.55538e-16 1.03681e-16 6.90185e-17 4.58826e-17 3.04617e-17 2.01974e-17 1.33745e-17 8.84534e-18 5.84267e-18 3.85458e-18
2.79753e-09 1.21584e-08 3.20737e-08 6.55892e-08 1.13971e-07 1.76341e-07 2.49798e-07 3.299e-07 4.11368e-07 4.88814e-07 5.57392e-07 6.13263e-07 6.53866e-07 6.77986e-07 6.8566e-07 6.77973e-07 6.56797e-07 6.24502e-07 5.83695e-07 5.36989e-07 4.86834e-07 4.35393e-07 3.84473e-07 3.35499e-07 2.89518e-07 2.47233e-07 2.09049e-07 1.7512e-07 1.45407e-07 1.19728e-07 9.78021e-08 7.92884e-08 6.38169e-08 5.10114e-08 4.05078e-08 3.19648e-08 2.50715e-08 1.95512e-08 1.51618e-08 1.16951e-08 8.97473e-09 6.8531e-09 5.20808e-09 3.93973e-09 2.96704e-09 2.2249e-09 1.66148e-09 1.23575e-09 9.1553e-10 6.75735e-10 4.96925e-10 3.64136e-10 2.65913e-10 1.93536e-10 1.40402e-10 1.01534e-10 7.32004e-11 5.26158e-11 3.77098e-11 2.695e-11 1.92072e-11 1.36521e-11 9.67814e-12 6.84339e-12 4.82686e-12 3.39622e-12 2.38392e-12 1.66946e-12 1.16646e-12 8.132e-13 5.6569e-13 3.92677e-13 2.72011e-13 1.8804e-13 1.29732e-13 8.93298e-14 6.13921e-14 4.21127e-14 2.88346e-14 1.97075e-14 1.34456e-14 9.1575e-15 6.22636e-15 4.22635e-15 2.86408e-15 1.93779e-15 1.30901e-15 8.82884e-16 5.9457e-16 3.99809e-16 2.6845e-16 1.79989e-16 1.20507e-16 8.05696e-17 5.37939e-17 3.58682e-17 2.3884e-17 1.58832e-17 1.0549e-17 6.99732e-18 4.63567e-18
1.55418e-09 6.95101e-09 1.87813e-08 3.92246e-08 6.9469e-08 1.09385e-07 1.57498e-07 2.11213e-07 2.67215e-07 3.21927e-07 3.71954e-07 4.14435e-07 4.4727e-07 4.6923e-07 4.79942e-07 4.79793e-07 4.69779e-07 4.51323e-07 4.26099e-07 3.95869e-07 3.62347e-07 3.27105e-07 2.91503e-07 2.56658e-07 2.23432e-07 1.92447e-07 1.64101e-07 1.38609e-07 1.1603e-07 9.63048e-08 7.92884e-08 6.47777e-08 5.25354e-08 4.23091e-08 3.38459e-08 2.69025e-08 2.12526e-08 1.66906e-08 1.30338e-08 1.0123e-08 7.8212e-09 6.0124e-09 4.5995e-09 3.50217e-09 2.65459e-09 2.00335e-09 1.50549e-09 1.12674e-09 8.39933e-10 6.23733e-10 4.61461e-10 3.40175e-10 2.49889e-10 1.82941e-10 1.33487e-10 9.70888e-11 7.03947e-11 5.08848e-11 3.66731e-11 2.63544e-11 1.88859e-11 1.34968e-11 9.61965e-12 6.83841e-12 4.84892e-12 3.42969e-12 2.41997e-12 1.70346e-12 1.19633e-12 8.38265e-13 5.8607e-13 4.08861e-13 2.8463e-13 1.97735e-13 1.37089e-13 9.48537e-14 6.55028e-14 4.51477e-14 3.10596e-14 2.13285e-14 1.46197e-14 1.00035e-14 6.83302e-15 4.65944e-15 3.17198e-15 2.15583e-15 1.46285e-15 9.91057e-16 6.70383e-16 4.52778e-16 3.05349e-16 2.05621e-16 1.38265e-16 9.28401e-17 6.22518e-17 4.16841e-17 2.78741e-17 1.86145e-17 1.24147e-17 8.26907e-18 5.50081e-18
8.63434e-10 3.97077e-09 1.09826e-08 2.34146e-08 4.2249e-08 6.76766e-08 9.90145e-08 1.34794e-07 1.72975e-07 2.11229e-07 2.47228e-07 2.78899e-07 3.04607e-07 3.2326e-07 3.34337e-07 3.37854e-07 3.3428e-07 3.24429e-07 3.09344e-07 2.90183e-07 2.68123e-07 2.44282e-07 2.19661e-07 1.95114e-07 1.71327e-07 1.48819e-07 1.27957e-07 1.08963e-07 9.19451e-08 7.69163e-08 6.38169e-08 5.25354e-08 4.29266e-08 3.48263e-08 2.80627e-08 2.24658e-08 1.78732e-08 1.41345e-08 1.11137e-08 8.6903e-09 6.75926e-09 5.23043e-09 4.02743e-09 3.08638e-09 2.35434e-09 1.78796e-09 1.35201e-09 1.0181e-09 7.63574e-10 5.70447e-10 4.24555e-10 3.14816e-10 2.32611e-10 1.71278e-10 1.25692e-10 9.19375e-11 6.70341e-11 4.87251e-11 3.53102e-11 2.55135e-11 1.83822e-11 1.32073e-11 9.46336e-12 6.76277e-12 4.82034e-12 3.42714e-12 2.4306e-12 1.71967e-12 1.21381e-12 8.54783e-13 6.00592e-13 4.21061e-13 2.94559e-13 2.05627e-13 1.43249e-13 9.95908e-14 6.91011e-14 4.78526e-14 3.30748e-14 2.2818e-14 1.5713e-14 1.0801e-14 7.41135e-15 5.07668e-15 3.47156e-15 2.36998e-15 1.6153e-15 1.09916e-15 7.46768e-16 5.06564e-16 3.43099e-16 2.32035e-16 1.56693e-16 1.05661e-16 7.11472e-17 4.78403e-17 3.21241e-17 2.15417e-17 1.44261e-17 9.64817e-18 6.44437e-18
