0.981842 0.00439497 0.00223757 0.0011392 0.000579989 0.000295285 0.000150336 7.65391e-05 3.89677e-05 1.98393e-05 1.01006e-05 5.14243e-06 2.61812e-06 1.33294e-06 6.78628e-07 3.45504e-07 1.75903e-07 8.95561e-08 4.55949e-08 2.32133e-08 1.18184e-08 6.017e-09 3.06338e-09 1.55963e-09 7.94042e-10 4.04264e-10 2.05819e-10 1.04787e-10 5.33492e-11 2.71612e-11 1.38284e-11 7.04031e-12 3.58437e-12 1.82488e-12 9.29084e-13 4.73017e-13 2.40823e-13 1.22608e-13 6.24223e-14 3.17805e-14 1.61801e-14 8.23765e-15 4.19396e-15 2.13524e-15 1.08709e-15 5.53462e-16 2.81779e-16 1.4346e-16 7.30385e-17 3.71854e-17 1.89319e-17 9.63863e-18 4.90723e-18 2.49837e-18 1.27198e-18 6.4759e-19 3.29702e-19 1.67858e-19 8.54601e-20 4.35096e-20 2.21516e-20 1.12779e-20 5.7418e-21 2.92327e-21 1.4883e-21 7.57725e-22 3.85774e-22 1.96406e-22 9.99943e-23 5.09092e-23 2.5919e-23 1.31959e-23 6.71831e-24 3.42043e-24 1.74142e-24 8.86591e-25 4.51382e-25 2.29808e-25 1.17e-25 5.95673e-26 3.0327e-26 1.54401e-26 7.86089e-27 4.00215e-27 2.03758e-27 1.03737e-27 5.28149e-28 2.68892e-28 1.36899e-28 6.9698e-29 3.54847e-29 1.8066e-29 9.19779e-30 4.68279e-30 2.38411e-30 1.2138e-30 6.17971e-31 3.14622e-31 1.60181e-31 8.15515e-32 4.15196e-32
0.00439497 5.98846e-05 3.06691e-05 1.57062e-05 8.04317e-06 4.11878e-06 2.10909e-06 1.07996e-06 5.52975e-07 2.83132e-07 1.44964e-07 7.42191e-08 3.79978e-08 1.94531e-08 9.95873e-09 5.09808e-09 2.60974e-09 1.3359e-09 6.83814e-10 3.50018e-10 1.79155e-10 9.16973e-11 4.69322e-11 2.40201e-11 1.22932e-11 6.29135e-12 3.21967e-12 1.64766e-12 8.43164e-13 4.31464e-13 2.20784e-13 1.12974e-13 5.78066e-14 2.95778e-14 1.51337e-14 7.74305e-15 3.96159e-15 2.02682e-15 1.03694e-15 5.30491e-16 2.7139e-16 1.38835e-16 7.10223e-17 3.63313e-17 1.85848e-17 9.50656e-18 4.86273e-18 2.4873e-18 1.27223e-18 6.5072e-19 3.32823e-19 1.70225e-19 8.70612e-20 4.45263e-20 2.2772e-20 1.16459e-20 5.9558e-21 3.04577e-21 1.55756e-21 7.965e-22 4.07303e-22 2.08277e-22 1.06501e-22 5.4458e-23 2.78458e-23 1.42381e-23 7.28003e-24 3.72227e-24 1.90315e-24 9.73045e-25 4.97489e-25 2.54347e-25 1.30036e-25 6.648e-26 3.39869e-26 1.7375e-26 8.88241e-27 4.54077e-27 2.32124e-27 1.1866e-27 6.06571e-28 3.10064e-28 1.58495e-28 8.1016e-29 4.14114e-29 2.11671e-29 1.08193e-29 5.53001e-30 2.8265e-30 1.44465e-30 7.38367e-31 3.77376e-31 1.92873e-31 9.85734e-32 5.03782e-32 2.57466e-32 1.3158e-32 6.72441e-33 3.43646e-33 1.75616e-33 8.97448e-34
0.00223757 3.06691e-05 1.57087e-05 8.04568e-06 4.1207e-06 2.1104e-06 1.0808e-06 5.53487e-07 2.83437e-07 1.45142e-07 7.43214e-08 3.80558e-08 1.94857e-08 9.97689e-09 5.10813e-09 2.61526e-09 1.33892e-09 6.8546e-10 3.5091e-10 1.79638e-10 9.19573e-11 4.7072e-11 2.4095e-11 1.23333e-11 6.31274e-12 3.23107e-12 1.65372e-12 8.46381e-13 4.3317e-13 2.21687e-13 1.13451e-13 5.80588e-14 2.97109e-14 1.52038e-14 7.77996e-15 3.981e-15 2.03702e-15 1.04229e-15 5.33301e-16 2.72863e-16 1.39607e-16 7.14265e-17 3.65428e-17 1.86953e-17 9.56435e-18 4.89292e-18 2.50306e-18 1.28045e-18 6.55009e-19 3.35059e-19 1.7139e-19 8.76681e-20 4.48423e-20 2.29364e-20 1.17315e-20 6.00029e-21 3.0689e-21 1.56958e-21 8.02745e-22 4.10546e-22 2.09961e-22 1.07375e-22 5.49116e-23 2.80811e-23 1.43601e-23 7.3433e-24 3.75507e-24 1.92015e-24 9.81852e-25 5.02051e-25 2.5671e-25 1.31259e-25 6.71132e-26 3.43147e-26 1.75446e-26 8.97015e-27 4.58615e-27 2.34471e-27 1.19874e-27 6.12845e-28 3.13307e-28 1.60171e-28 8.1882e-29 4.18588e-29 2.13983e-29 1.09386e-29 5.59166e-30 2.85832e-30 1.46109e-30 7.46849e-31 3.81754e-31 1.95132e-31 9.97391e-32 5.09796e-32 2.60568e-32 1.3318e-32 6.80693e-33 3.47902e-33 1.7781e-33 9.0876e-34 4.64447e-34
0.0011392 1.57062e-05 8.04568e-06 4.12134e-06 2.11105e-06 1.0813e-06 5.53829e-07 2.83656e-07 1.45276e-07 7.44011e-08 3.81023e-08 1.95124e-08 9.99203e-09 5.11663e-09 2.62e-09 1.34154e-09 6.86901e-10 3.51699e-10 1.80067e-10 9.21904e-11 4.7198e-11 2.41629e-11 1.23698e-11 6.33231e-12 3.24153e-12 1.65931e-12 8.49357e-13 4.34753e-13 2.22527e-13 1.13897e-13 5.82947e-14 2.98356e-14 1.52697e-14 7.81472e-15 3.99932e-15 2.04667e-15 1.04736e-15 5.35967e-16 2.74263e-16 1.40341e-16 7.18116e-17 3.67445e-17 1.8801e-17 9.61963e-18 4.92183e-18 2.51817e-18 1.28835e-18 6.59129e-19 3.37209e-19 1.72512e-19 8.82528e-20 4.5147e-20 2.30951e-20 1.18141e-20 6.0433e-21 3.09128e-21 1.58122e-21 8.08796e-22 4.13691e-22 2.11595e-22 1.08224e-22 5.53523e-23 2.83099e-23 1.44788e-23 7.40489e-24 3.78701e-24 1.93671e-24 9.90438e-25 5.06501e-25 2.59016e-25 1.32453e-25 6.77319e-26 3.4635e-26 1.77104e-26 9.05598e-27 4.63057e-27 2.36769e-27 1.21062e-27 6.18993e-28 3.16487e-28 1.61814e-28 8.27317e-29 4.22979e-29 2.16252e-29 1.10559e-29 5.65222e-30 2.88961e-30 1.47724e-30 7.55191e-31 3.86061e-31 1.97355e-31 1.00887e-31 5.15718e-32 2.63624e-32 1.34757e-32 6.88827e-33 3.52098e-33 1.79974e-33 9.1992e-34 4.70202e-34 2.40332e-34
0.000579989 8.04317e-06 4.1207e-06 2.11105e-06 1.08146e-06 5.54e-07 2.83786e-07 1.45365e-07 7.4458e-08 3.81372e-08 1.95331e-08 1.00042e-08 5.1236e-09 2.62395e-09 1.34376e-09 6.88138e-10 3.52383e-10 1.80444e-10 9.23962e-11 4.73101e-11 2.42237e-11 1.24027e-11 6.35004e-12 3.25106e-12 1.66441e-12 8.5209e-13 4.36212e-13 2.23304e-13 1.1431e-13 5.85142e-14 2.9952e-14 1.53313e-14 7.8473e-15 4.01653e-15 2.05575e-15 1.05215e-15 5.38487e-16 2.75589e-16 1.41038e-16 7.21775e-17 3.69365e-17 1.89017e-17 9.67238e-18 4.94945e-18 2.53262e-18 1.2959e-18 6.6308e-19 3.39273e-19 1.73589e-19 8.88151e-20 4.54403e-20 2.3248e-20 1.18938e-20 6.08482e-21 3.1129e-21 1.59247e-21 8.1465e-22 4.16736e-22 2.13178e-22 1.09047e-22 5.57798e-23 2.8532e-23 1.45941e-23 7.46476e-24 3.81808e-24 1.95284e-24 9.98799e-25 5.10837e-25 2.61263e-25 1.33619e-25 6.83356e-26 3.49477e-26 1.78724e-26 9.13986e-27 4.674e-27 2.39017e-27 1.22226e-27 6.25013e-28 3.196e-28 1.63425e-28 8.35646e-29 4.27286e-29 2.18478e-29 1.11709e-29 5.71169e-30 2.92033e-30 1.49311e-30 7.6339e-31 3.90296e-31 1.99542e-31 1.02016e-31 5.21547e-32 2.66633e-32 1.3631e-32 6.9684e-33 3.56232e-33 1.82107e-33 9.30924e-34 4.75877e-34 2.43259e-34 1.24348e-34
0.000295285 4.11878e-06 2.1104e-06 1.0813e-06 5.54e-07 2.8383e-07 1.45409e-07 7.44921e-08 3.81605e-08 1.9548e-08 1.00133e-08 5.12902e-09 2.62712e-09 1.34558e-09 6.8917e-10 3.52963e-10 1.80766e-10 9.25748e-11 4.74083e-11 2.42775e-11 1.24319e-11 6.36592e-12 3.25965e-12 1.66904e-12 8.54578e-13 4.37546e-13 2.24018e-13 1.14691e-13 5.87172e-14 3.006e-14 1.53886e-14 7.87771e-15 4.03263e-15 2.06426e-15 1.05665e-15 5.4086e-16 2.76839e-16 1.41697e-16 7.25239e-17 3.71186e-17 1.89973e-17 9.72256e-18 4.97576e-18 2.54641e-18 1.30313e-18 6.66859e-19 3.41249e-19 1.74622e-19 8.93548e-20 4.57221e-20 2.33951e-20 1.19705e-20 6.12482e-21 3.13374e-21 1.60334e-21 8.20306e-22 4.1968e-22 2.1471e-22 1.09844e-22 5.61941e-23 2.87473e-23 1.4706e-23 7.52289e-24 3.84826e-24 1.96851e-24 1.00693e-24 5.15057e-25 2.63452e-25 1.34754e-25 6.89241e-26 3.52528e-26 1.80305e-26 9.22177e-27 4.71642e-27 2.41214e-27 1.23363e-27 6.30901e-28 3.22648e-28 1.65002e-28 8.43804e-29 4.31506e-29 2.2066e-29 1.12838e-29 5.77002e-30 2.95049e-30 1.5087e-30 7.71443e-31 3.94456e-31 2.01691e-31 1.03126e-31 5.27279e-32 2.69593e-32 1.37838e-32 7.04729e-33 3.60304e-33 1.84208e-33 9.41766e-34 4.81471e-34 2.46145e-34 1.25836e-34 6.433e-35
0.000150336 2.10909e-06 1.0808e-06 5.53829e-07 2.83786e-07 1.45409e-07 7.45035e-08 3.81721e-08 1.95569e-08 1.00193e-08 5.1329e-09 2.62949e-09 1.347e-09 6.89996e-10 3.53437e-10 1.81036e-10 9.27261e-11 4.74926e-11 2.43241e-11 1.24576e-11 6.37995e-12 3.26729e-12 1.67319e-12 8.56821e-13 4.38755e-13 2.24668e-13 1.1504e-13 5.89036e-14 3.01595e-14 1.54417e-14 7.90592e-15 4.04761e-15 2.07221e-15 1.06086e-15 5.43085e-16 2.78015e-16 1.42317e-16 7.28508e-17 3.72907e-17 1.90878e-17 9.77016e-18 5.00076e-18 2.55953e-18 1.31001e-18 6.70465e-19 3.43138e-19 1.75611e-19 8.98717e-20 4.59923e-20 2.35363e-20 1.20443e-20 6.16329e-21 3.15381e-21 1.6138e-21 8.2576e-22 4.22521e-22 2.16189e-22 1.10614e-22 5.6595e-23 2.89559e-23 1.48145e-23 7.57925e-24 3.87755e-24 1.98372e-24 1.01483e-24 5.1916e-25 2.65582e-25 1.35859e-25 6.94973e-26 3.555e-26 1.81846e-26 9.30166e-27 4.75782e-27 2.4336e-27 1.24475e-27 6.36656e-28 3.25628e-28 1.66544e-28 8.51787e-29 4.35637e-29 2.22798e-29 1.13943e-29 5.82721e-30 2.98005e-30 1.52399e-30 7.79346e-31 3.9854e-31 2.03802e-31 1.04216e-31 5.32913e-32 2.72503e-32 1.39341e-32 7.12489e-33 3.64311e-33 1.86277e-33 9.52443e-34 4.86981e-34 2.48989e-34 1.27303e-34 6.5087e-35 3.32768e-35
7.65391e-05 1.07996e-06 5.53487e-07 2.83656e-07 1.45365e-07 7.44921e-08 3.81721e-08 1.95599e-08 1.00224e-08 5.13522e-09 2.63108e-09 1.34801e-09 6.90616e-10 3.53807e-10 1.81251e-10 9.285e-11 4.75629e-11 2.43636e-11 1.24796e-11 6.39213e-12 3.27399e-12 1.67685e-12 8.58817e-13 4.39838e-13 2.25254e-13 1.15355e-13 5.90734e-14 3.02505e-14 1.54904e-14 7.93192e-15 4.06147e-15 2.07958e-15 1.06477e-15 5.45161e-16 2.79114e-16 1.42898e-16 7.3158e-17 3.74528e-17 1.91733e-17 9.81516e-18 5.02444e-18 2.57197e-18 1.31654e-18 6.73895e-19 3.44937e-19 1.76553e-19 9.03655e-20 4.62507e-20 2.36714e-20 1.21149e-20 6.20022e-21 3.1731e-21 1.62386e-21 8.31011e-22 4.25259e-22 2.17616e-22 1.11358e-22 5.69822e-23 2.91574e-23 1.49194e-23 7.63382e-24 3.90593e-24 1.99847e-24 1.0225e-24 5.23143e-25 2.6765e-25 1.36933e-25 7.00548e-26 3.58393e-26 1.83347e-26 9.3795e-27 4.79819e-27 2.45452e-27 1.25559e-27 6.42275e-28 3.28538e-28 1.68052e-28 8.59593e-29 4.39678e-29 2.24889e-29 1.15026e-29 5.88322e-30 3.00903e-30 1.53897e-30 7.87095e-31 4.02547e-31 2.05873e-31 1.05287e-31 5.38446e-32 2.75361e-32 1.40818e-32 7.20118e-33 3.68251e-33 1.88312e-33 9.62949e-34 4.92406e-34 2.51789e-34 1.28749e-34 6.58328e-35 3.36616e-35 1.72116e-35
3.89677e-05 5.52975e-07 2.83437e-07 1.45276e-07 7.4458e-08 3.81605e-08 1.95569e-08 1.00224e-08 5.136e-09 2.63187e-09 1.34861e-09 6.91029e-10 3.54071e-10 1.81413e-10 9.29464e-11 4.76192e-11 2.43959e-11 1.24979e-11 6.40244e-12 3.27973e-12 1.68003e-12 8.60565e-13 4.40795e-13 2.25775e-13 1.15638e-13 5.92264e-14 3.0333e-14 1.55347e-14 7.9557e-15 4.07419e-15 2.08637e-15 1.06839e-15 5.47087e-16 2.80137e-16 1.43441e-16 7.34453e-17 3.76048e-17 1.92536e-17 9.85753e-18 5.04677e-18 2.58374e-18 1.32273e-18 6.77149e-19 3.46646e-19 1.7745e-19 9.08359e-20 4.64973e-20 2.38006e-20 1.21825e-20 6.23557e-21 3.19158e-21 1.63352e-21 8.36055e-22 4.27892e-22 2.1899e-22 1.12074e-22 5.73556e-23 2.9352e-23 1.50207e-23 7.68658e-24 3.93339e-24 2.01276e-24 1.02993e-24 5.27005e-25 2.69658e-25 1.37975e-25 7.05964e-26 3.61206e-26 1.84807e-26 9.45526e-27 4.83749e-27 2.4749e-27 1.26616e-27 6.47755e-28 3.31379e-28 1.69524e-28 8.67218e-29 4.43628e-29 2.26935e-29 1.16085e-29 5.93803e-30 3.03739e-30 1.55365e-30 7.94689e-31 4.06475e-31 2.07904e-31 1.06337e-31 5.43876e-32 2.78168e-32 1.42268e-32 7.27614e-33 3.72123e-33 1.90312e-33 9.73282e-34 4.97742e-34 2.54544e-34 1.30171e-34 6.65671e-35 3.40407e-35 1.74073e-35 8.90135e-36
1.98393e-05 2.83132e-07 1.45142e-07 7.44011e-08 3.81372e-08 1.9548e-08 1.00193e-08 5.13522e-09 2.63187e-09 1.34882e-09 6.91236e-10 3.54229e-10 1.81521e-10 9.30153e-11 4.76614e-11 2.44211e-11 1.25126e-11 6.41088e-12 3.28452e-12 1.68273e-12 8.62066e-13 4.41625e-13 2.26232e-13 1.15888e-13 5.93626e-14 3.04069e-14 1.55747e-14 7.97725e-15 4.08577e-15 2.09259e-15 1.07172e-15 5.48862e-16 2.81083e-16 1.43944e-16 7.37127e-17 3.77466e-17 1.93287e-17 9.89726e-18 5.06776e-18 2.59481e-18 1.32857e-18 6.80224e-19 3.48264e-19 1.78301e-19 9.12828e-20 4.67319e-20 2.39236e-20 1.2247e-20 6.26935e-21 3.20926e-21 1.64277e-21 8.40891e-22 4.30419e-22 2.2031e-22 1.12763e-22 5.77151e-23 2.95395e-23 1.51184e-23 7.7375e-24 3.95991e-24 2.02657e-24 1.03712e-24 5.30744e-25 2.71602e-25 1.38987e-25 7.11219e-26 3.63936e-26 1.86225e-26 9.5289e-27 4.87572e-27 2.49474e-27 1.27645e-27 6.53094e-28 3.34148e-28 1.70959e-28 8.74659e-29 4.47483e-29 2.28932e-29 1.1712e-29 5.99161e-30 3.06514e-30 1.56801e-30 8.02122e-31 4.10322e-31 2.09894e-31 1.07367e-31 5.492e-32 2.80921e-32 1.43692e-32 7.34972e-33 3.75926e-33 1.92277e-33 9.83436e-34 5.02988e-34 2.57254e-34 1.31571e-34 6.72898e-35 3.44138e-35 1.75999e-35 9.00078e-36 4.60303e-36
1.01006e-05 1.44964e-07 7.43214e-08 3.81023e-08 1.95331e-08 1.00133e-08 5.1329e-09 2.63108e-09 1.34861e-09 6.91236e-10 3.54282e-10 1.81575e-10 9.30566e-11 4.76896e-11 2.44391e-11 1.25237e-11 6.41745e-12 3.28836e-12 1.68493e-12 8.63317e-13 4.42328e-13 2.26623e-13 1.16105e-13 5.94818e-14 3.04722e-14 1.56103e-14 7.99656e-15 4.09622e-15 2.09821e-15 1.07474e-15 5.50486e-16 2.81952e-16 1.44408e-16 7.396e-17 3.78782e-17 1.93986e-17 9.93433e-18 5.0874e-18 2.6052e-18 1.33406e-18 6.83121e-19 3.49791e-19 1.79105e-19 9.1706e-20 4.69544e-20 2.40405e-20 1.23084e-20 6.30153e-21 3.22613e-21 1.65161e-21 8.45516e-22 4.32839e-22 2.21575e-22 1.13424e-22 5.80604e-23 2.97197e-23 1.52125e-23 7.78656e-24 3.98549e-24 2.0399e-24 1.04406e-24 5.34359e-25 2.73484e-25 1.39965e-25 7.16311e-26 3.66583e-26 1.87601e-26 9.6004e-27 4.91286e-27 2.51403e-27 1.28647e-27 6.58291e-28 3.36844e-28 1.72358e-28 8.81913e-29 4.51244e-29 2.30882e-29 1.1813e-29 6.04396e-30 3.09226e-30 1.58205e-30 8.09394e-31 4.14086e-31 2.11843e-31 1.08375e-31 5.54417e-32 2.8362e-32 1.45087e-32 7.42189e-33 3.79658e-33 1.94207e-33 9.93408e-34 5.08141e-34 2.59916e-34 1.32946e-34 6.80004e-35 3.47809e-35 1.77894e-35 9.09866e-36 4.65356e-36 2.38006e-36
5.14243e-06 7.42191e-08 3.80558e-08 1.95124e-08 1.00042e-08 5.12902e-09 2.62949e-09 1.34801e-09 6.91029e-10 3.54229e-10 1.81575e-10 9.30704e-11 4.77037e-11 2.44499e-11 1.2531e-11 6.42215e-12 3.29124e-12 1.68665e-12 8.64319e-13 4.42904e-13 2.2695e-13 1.16289e-13 5.95842e-14 3.05288e-14 1.56414e-14 8.01361e-15 4.10551e-15 2.10326e-15 1.07747e-15 5.51957e-16 2.82743e-16 1.44833e-16 7.4187e-17 3.79994e-17 1.94632e-17 9.96872e-18 5.10566e-18 2.61489e-18 1.33919e-18 6.85836e-19 3.51226e-19 1.79863e-19 9.21053e-20 4.71647e-20 2.41512e-20 1.23666e-20 6.33211e-21 3.24218e-21 1.66003e-21 8.49929e-22 4.35151e-22 2.22785e-22 1.14057e-22 5.83915e-23 2.98928e-23 1.53029e-23 7.83374e-24 4.01011e-24 2.05274e-24 1.05075e-24 5.37848e-25 2.75301e-25 1.40912e-25 7.21236e-26 3.69146e-26 1.88934e-26 9.66972e-27 4.94889e-27 2.53275e-27 1.29619e-27 6.63342e-28 3.39466e-28 1.73719e-28 8.88976e-29 4.54908e-29 2.32782e-29 1.19115e-29 6.09504e-30 3.11873e-30 1.59577e-30 8.16499e-31 4.17766e-31 2.13748e-31 1.09361e-31 5.59523e-32 2.86263e-32 1.46455e-32 7.49264e-33 3.83318e-33 1.96099e-33 1.00319e-33 5.132e-34 2.62531e-34 1.34298e-34 6.86988e-35 3.51417e-35 1.79758e-35 9.19493e-36 4.70328e-36 2.40573e-36 1.23051e-36
2.61812e-06 3.79978e-08 1.94857e-08 9.99203e-09 5.1236e-09 2.62712e-09 1.347e-09 6.90616e-10 3.54071e-10 1.81521e-10 9.30566e-11 4.77037e-11 2.44535e-11 1.25347e-11 6.42496e-12 3.29316e-12 1.68787e-12 8.65071e-13 4.43352e-13 2.27212e-13 1.16439e-13 5.96696e-14 3.05768e-14 1.56682e-14 8.02841e-15 4.11365e-15 2.10772e-15 1.0799e-15 5.53275e-16 2.83456e-16 1.45217e-16 7.43938e-17 3.81103e-17 1.95225e-17 1.00004e-17 5.12256e-18 2.62388e-18 1.34397e-18 6.8837e-19 3.52568e-19 1.80573e-19 9.24806e-20 4.73628e-20 2.42556e-20 1.24216e-20 6.36106e-21 3.2574e-21 1.66802e-21 8.54127e-22 4.37353e-22 2.2394e-22 1.14662e-22 5.87082e-23 3.00584e-23 1.53895e-23 7.87902e-24 4.03376e-24 2.06509e-24 1.0572e-24 5.41209e-25 2.77054e-25 1.41825e-25 7.25994e-26 3.71624e-26 1.90224e-26 9.73683e-27 4.9838e-27 2.55091e-27 1.30563e-27 6.68246e-28 3.42014e-28 1.75042e-28 8.95846e-29 4.58474e-29 2.34633e-29 1.20075e-29 6.14483e-30 3.14455e-30 1.60916e-30 8.23436e-31 4.21361e-31 2.15611e-31 1.10326e-31 5.64519e-32 2.88849e-32 1.47794e-32 7.56193e-33 3.86903e-33 1.97954e-33 1.01279e-33 5.18162e-34 2.65097e-34 1.35624e-34 6.93846e-35 3.54961e-35 1.8159e-35 9.28957e-36 4.75218e-36 2.43099e-36 1.24356e-36 6.36124e-37
1.33294e-06 1.94531e-08 9.97689e-09 5.11663e-09 2.62395e-09 1.34558e-09 6.89996e-10 3.53807e-10 1.81413e-10 9.30153e-11 4.76896e-11 2.44499e-11 1.25347e-11 6.4259e-12 3.29412e-12 1.68861e-12 8.65572e-13 4.43672e-13 2.27408e-13 1.16556e-13 5.97379e-14 3.06161e-14 1.56905e-14 8.04094e-15 4.12064e-15 2.11158e-15 1.08203e-15 5.54439e-16 2.84091e-16 1.45561e-16 7.45801e-17 3.82108e-17 1.95766e-17 1.00294e-17 5.13807e-18 2.63216e-18 1.34838e-18 6.9072e-19 3.53817e-19 1.81235e-19 9.28315e-20 4.75484e-20 2.43537e-20 1.24734e-20 6.38837e-21 3.27179e-21 1.6756e-21 8.5811e-22 4.39445e-22 2.25038e-22 1.15238e-22 5.90103e-23 3.02167e-23 1.54724e-23 7.92238e-24 4.05644e-24 2.07694e-24 1.06339e-24 5.44441e-25 2.78741e-25 1.42705e-25 7.30583e-26 3.74016e-26 1.9147e-26 9.80171e-27 5.01758e-27 2.56848e-27 1.31477e-27 6.73001e-28 3.44486e-28 1.76327e-28 9.02519e-29 4.6194e-29 2.36432e-29 1.21009e-29 6.19331e-30 3.1697e-30 1.6222e-30 8.30202e-31 4.24868e-31 2.17429e-31 1.11268e-31 5.694e-32 2.91377e-32 1.49103e-32 7.62972e-33 3.90413e-33 1.9977e-33 1.02219e-33 5.23026e-34 2.67613e-34 1.36926e-34 7.00575e-35 3.58441e-35 1.83389e-35 9.38254e-36 4.80022e-36 2.45581e-36 1.25638e-36 6.4275e-37 3.28818e-37
6.78628e-07 9.95873e-09 5.10813e-09 2.62e-09 1.34376e-09 6.8917e-10 3.53437e-10 1.81251e-10 9.29464e-11 4.76614e-11 2.44391e-11 1.2531e-11 6.42496e-12 3.29412e-12 1.68885e-12 8.65823e-13 4.43864e-13 2.27539e-13 1.1664e-13 5.97892e-14 3.06467e-14 1.57083e-14 8.0512e-15 4.12646e-15 2.11486e-15 1.08385e-15 5.55449e-16 2.84646e-16 1.45866e-16 7.47459e-17 3.83008e-17 1.96253e-17 1.00557e-17 5.1522e-18 2.63974e-18 1.35244e-18 6.92886e-19 3.54972e-19 1.8185e-19 9.31581e-20 4.77217e-20 2.44455e-20 1.25219e-20 6.41404e-21 3.28534e-21 1.68274e-21 8.61874e-22 4.41427e-22 2.2608e-22 1.15786e-22 5.92977e-23 3.03675e-23 1.55514e-23 7.9638e-24 4.07812e-24 2.08829e-24 1.06932e-24 5.47544e-25 2.80361e-25 1.43551e-25 7.34999e-26 3.76319e-26 1.92671e-26 9.86432e-27 5.0502e-27 2.58547e-27 1.32362e-27 6.77604e-28 3.4688e-28 1.77572e-28 9.08994e-29 4.65305e-29 2.38181e-29 1.21917e-29 6.24046e-30 3.19418e-30 1.63491e-30 8.36793e-31 4.28287e-31 2.19202e-31 1.12187e-31 5.74165e-32 2.93847e-32 1.50382e-32 7.696e-33 3.93845e-33 2.01548e-33 1.03139e-33 5.27789e-34 2.70078e-34 1.38201e-34 7.07173e-35 3.61853e-35 1.85154e-35 9.4738e-36 4.8474e-36 2.4802e-36 1.26899e-36 6.49263e-37 3.32183e-37 1.69952e-37
3.45504e-07 5.09808e-09 2.61526e-09 1.34154e-09 6.88138e-10 3.52963e-10 1.81036e-10 9.285e-11 4.76192e-11 2.44211e-11 1.25237e-11 6.42215e-12 3.29316e-12 1.68861e-12 8.65823e-13 4.43928e-13 2.27605e-13 1.1669e-13 5.98234e-14 3.06685e-14 1.57217e-14 8.05919e-15 4.13113e-15 2.11754e-15 1.08537e-15 5.56305e-16 2.85123e-16 1.4613e-16 7.48912e-17 3.83804e-17 1.96686e-17 1.00792e-17 5.16493e-18 2.64661e-18 1.35613e-18 6.94868e-19 3.56032e-19 1.82416e-19 9.34601e-20 4.78824e-20 2.45309e-20 1.25672e-20 6.43804e-21 3.29804e-21 1.68946e-21 8.65418e-22 4.43296e-22 2.27065e-22 1.16304e-22 5.95703e-23 3.05107e-23 1.56266e-23 8.00326e-24 4.09881e-24 2.09913e-24 1.075e-24 5.50514e-25 2.81915e-25 1.44363e-25 7.39242e-26 3.78535e-26 1.93828e-26 9.92465e-27 5.08166e-27 2.60187e-27 1.33216e-27 6.82053e-28 3.49197e-28 1.78778e-28 9.15266e-29 4.68568e-29 2.39877e-29 1.22799e-29 6.28627e-30 3.21797e-30 1.64726e-30 8.43208e-31 4.31616e-31 2.20929e-31 1.13084e-31 5.78812e-32 2.96256e-32 1.51632e-32 7.76074e-33 3.972e-33 2.03286e-33 1.04039e-33 5.32449e-34 2.72491e-34 1.3945e-34 7.13637e-35 3.65198e-35 1.86884e-35 9.56331e-36 4.89369e-36 2.50414e-36 1.28136e-36 6.55661e-37 3.35489e-37 1.71661e-37 8.78328e-38
1.75903e-07 2.60974e-09 1.33892e-09 6.86901e-10 3.52383e-10 1.80766e-10 9.27261e-11 4.75629e-11 2.43959e-11 1.25126e-11 6.41745e-12 3.29124e-12 1.68787e-12 8.65572e-13 4.43864e-13 2.27605e-13 1.16707e-13 5.98405e-14 3.06816e-14 1.57306e-14 8.0649e-15 4.13463e-15 2.11962e-15 1.08659e-15 5.57006e-16 2.85521e-16 1.46353e-16 7.50158e-17 3.84494e-17 1.97066e-17 1.01e-17 5.17626e-18 2.65276e-18 1.35946e-18 6.96663e-19 3.56998e-19 1.82934e-19 9.37374e-20 4.80305e-20 2.46099e-20 1.26093e-20 6.46038e-21 3.30989e-21 1.69574e-21 8.68741e-22 4.45052e-22 2.27992e-22 1.16793e-22 5.98279e-23 3.06464e-23 1.5698e-23 8.04075e-24 4.1185e-24 2.10945e-24 1.08042e-24 5.53352e-25 2.83401e-25 1.45141e-25 7.43309e-26 3.80661e-26 1.94938e-26 9.98266e-27 5.11194e-27 2.61767e-27 1.3404e-27 6.86348e-28 3.51435e-28 1.79943e-28 9.21335e-29 4.71726e-29 2.4152e-29 1.23654e-29 6.33071e-30 3.24107e-30 1.65926e-30 8.49443e-31 4.34854e-31 2.2261e-31 1.13956e-31 5.8334e-32 2.98605e-32 1.5285e-32 7.82391e-33 4.00474e-33 2.04983e-33 1.04918e-33 5.37005e-34 2.74851e-34 1.40672e-34 7.19964e-35 3.68473e-35 1.88579e-35 9.65103e-36 4.93908e-36 2.52762e-36 1.29351e-36 6.6194e-37 3.38736e-37 1.73339e-37 8.87004e-38 4.53886e-38
8.95561e-08 1.3359e-09 6.8546e-10 3.51699e-10 1.80444e-10 9.25748e-11 4.74926e-11 2.43636e-11 1.24979e-11 6.41088e-12 3.28836e-12 1.68665e-12 8.65071e-13 4.43672e-13 2.27539e-13 1.1669e-13 5.98405e-14 3.0686e-14 1.57351e-14 8.06832e-15 4.13696e-15 2.12111e-15 1.08751e-15 5.57551e-16 2.8584e-16 1.46536e-16 7.51198e-17 3.85078e-17 1.97392e-17 1.0118e-17 5.18619e-18 2.6582e-18 1.36242e-18 6.98271e-19 3.57868e-19 1.83404e-19 9.39898e-20 4.8166e-20 2.46824e-20 1.2648e-20 6.48104e-21 3.32089e-21 1.70158e-21 8.71841e-22 4.46695e-22 2.28862e-22 1.17253e-22 6.00706e-23 3.07743e-23 1.57654e-23 8.07624e-24 4.13716e-24 2.11927e-24 1.08557e-24 5.56055e-25 2.84818e-25 1.45884e-25 7.47199e-26 3.82697e-26 1.96003e-26 1.00383e-26 5.14102e-27 2.63286e-27 1.34833e-27 6.90485e-28 3.53592e-28 1.81068e-28 9.27196e-29 4.74779e-29 2.4311e-29 1.24481e-29 6.37376e-30 3.26346e-30 1.67091e-30 8.55495e-31 4.38e-31 2.24244e-31 1.14805e-31 5.87746e-32 3.00892e-32 1.54036e-32 7.88547e-33 4.03668e-33 2.06639e-33 1.05777e-33 5.41455e-34 2.77157e-34 1.41867e-34 7.26153e-35 3.71678e-35 1.90239e-35 9.73694e-36 4.98355e-36 2.55063e-36 1.30541e-36 6.68099e-37 3.41922e-37 1.74987e-37 8.95523e-38 4.5829e-38 2.34529e-38
4.55949e-08 6.83814e-10 3.5091e-10 1.80067e-10 9.23962e-11 4.74083e-11 2.43241e-11 1.24796e-11 6.40244e-12 3.28452e-12 1.68493e-12 8.64319e-13 4.43352e-13 2.27408e-13 1.1664e-13 5.98234e-14 3.06816e-14 1.57351e-14 8.06946e-15 4.13813e-15 2.12201e-15 1.08812e-15 5.5794e-16 2.86079e-16 1.46679e-16 7.5203e-17 3.85557e-17 1.97664e-17 1.01333e-17 5.1947e-18 2.66291e-18 1.36502e-18 6.99692e-19 3.58642e-19 1.83824e-19 9.42174e-20 4.82888e-20 2.47485e-20 1.26834e-20 6.5e-21 3.33102e-21 1.70698e-21 8.74717e-22 4.48223e-22 2.29673e-22 1.17683e-22 6.0298e-23 3.08946e-23 1.58289e-23 8.10973e-24 4.15481e-24 2.12855e-24 1.09045e-24 5.58623e-25 2.86167e-25 1.46592e-25 7.5091e-26 3.84642e-26 1.97022e-26 1.00916e-26 5.16891e-27 2.64744e-27 1.35595e-27 6.94464e-28 3.55669e-28 1.82152e-28 9.32848e-29 4.77725e-29 2.44645e-29 1.25281e-29 6.41541e-30 3.28514e-30 1.68219e-30 8.61363e-31 4.41051e-31 2.2583e-31 1.15629e-31 5.92028e-32 3.03116e-32 1.55191e-32 7.94542e-33 4.06778e-33 2.08253e-33 1.06614e-33 5.45797e-34 2.79408e-34 1.43034e-34 7.32199e-35 3.74811e-35 1.91862e-35 9.82099e-36 5.02707e-36 2.57316e-36 1.31708e-36 6.74136e-37 3.45045e-37 1.76603e-37 9.03881e-38 4.62613e-38 2.36765e-38 1.21174e-38
2.32133e-08 3.50018e-10 1.79638e-10 9.21904e-11 4.73101e-11 2.42775e-11 1.24576e-11 6.39213e-12 3.27973e-12 1.68273e-12 8.63317e-13 4.42904e-13 2.27212e-13 1.16556e-13 5.97892e-14 3.06685e-14 1.57306e-14 8.06832e-15 4.13813e-15 2.12231e-15 1.08842e-15 5.58174e-16 2.86238e-16 1.46781e-16 7.52655e-17 3.85929e-17 1.97881e-17 1.01458e-17 5.20181e-18 2.6669e-18 1.36725e-18 7.00925e-19 3.59321e-19 1.84196e-19 9.44199e-20 4.83987e-20 2.4808e-20 1.27155e-20 6.51727e-21 3.34029e-21 1.71194e-21 8.77368e-22 4.49637e-22 2.30425e-22 1.18082e-22 6.05103e-23 3.10071e-23 1.58884e-23 8.1412e-24 4.17143e-24 2.13732e-24 1.09507e-24 5.61055e-25 2.87446e-25 1.47264e-25 7.54441e-26 3.86494e-26 1.97993e-26 1.01426e-26 5.19558e-27 2.6614e-27 1.36325e-27 6.98281e-28 3.57664e-28 1.83194e-28 9.38288e-29 4.80564e-29 2.46126e-29 1.26053e-29 6.45563e-30 3.3061e-30 1.6931e-30 8.67043e-31 4.44007e-31 2.27368e-31 1.16429e-31 5.96185e-32 3.05277e-32 1.56314e-32 8.00372e-33 4.09806e-33 2.09824e-33 1.0743e-33 5.50028e-34 2.81603e-34 1.44172e-34 7.38102e-35 3.77871e-35 1.93447e-35 9.90316e-36 5.06964e-36 2.59521e-36 1.32849e-36 6.80046e-37 3.48105e-37 1.78186e-37 9.12075e-38 4.66852e-38 2.38958e-38 1.22308e-38 6.2601e-39
1.18184e-08 1.79155e-10 9.19573e-11 4.7198e-11 2.42237e-11 1.24319e-11 6.37995e-12 3.27399e-12 1.68003e-12 8.62066e-13 4.42328e-13 2.2695e-13 1.16439e-13 5.97379e-14 3.06467e-14 1.57217e-14 8.0649e-15 4.13696e-15 2.12201e-15 1.08842e-15 5.58252e-16 2.86318e-16 1.46842e-16 7.53071e-17 3.86195e-17 1.98044e-17 1.01555e-17 5.20749e-18 2.67017e-18 1.3691e-18 7.01969e-19 3.59903e-19 1.84518e-19 9.45974e-20 4.84959e-20 2.48609e-20 1.27443e-20 6.53284e-21 3.34869e-21 1.71646e-21 8.79792e-22 4.50935e-22 2.31119e-22 1.18452e-22 6.07071e-23 3.11117e-23 1.59439e-23 8.17063e-24 4.187e-24 2.14555e-24 1.09942e-24 5.63349e-25 2.88655e-25 1.479e-25 7.57789e-26 3.88254e-26 1.98918e-26 1.01911e-26 5.22102e-27 2.67473e-27 1.37023e-27 7.01937e-28 3.59577e-28 1.84194e-28 9.43513e-29 4.83293e-29 2.47551e-29 1.26796e-29 6.49442e-30 3.32632e-30 1.70364e-30 8.72534e-31 4.46866e-31 2.28856e-31 1.17203e-31 6.00215e-32 3.07372e-32 1.57403e-32 8.06035e-33 4.12748e-33 2.11353e-33 1.08223e-33 5.54148e-34 2.83741e-34 1.45282e-34 7.43858e-35 3.80856e-35 1.94995e-35 9.9834e-36 5.11123e-36 2.61676e-36 1.33966e-36 6.8583e-37 3.511e-37 1.79737e-37 9.20103e-38 4.71007e-38 2.41108e-38 1.2342e-38 6.31765e-39 3.23382e-39
6.017e-09 9.16973e-11 4.7072e-11 2.41629e-11 1.24027e-11 6.36592e-12 3.26729e-12 1.67685e-12 8.60565e-13 4.41625e-13 2.26623e-13 1.16289e-13 5.96696e-14 3.06161e-14 1.57083e-14 8.05919e-15 4.13463e-15 2.12111e-15 1.08812e-15 5.58174e-16 2.86318e-16 1.46862e-16 7.5328e-17 3.86355e-17 1.98153e-17 1.01625e-17 5.21176e-18 2.67272e-18 1.37059e-18 7.02824e-19 3.60389e-19 1.84791e-19 9.47496e-20 4.85802e-20 2.49073e-20 1.27697e-20 6.54669e-21 3.35621e-21 1.72053e-21 8.81989e-22 4.52117e-22 2.31753e-22 1.18792e-22 6.08886e-23 3.12085e-23 1.59955e-23 8.19801e-24 4.20154e-24 2.15326e-24 1.1035e-24 5.65504e-25 2.89793e-25 1.48501e-25 7.60954e-26 3.89921e-26 1.99794e-26 1.02372e-26 5.24522e-27 2.68743e-27 1.3769e-27 7.05429e-28 3.61406e-28 1.85151e-28 9.48522e-29 4.85913e-29 2.48919e-29 1.27511e-29 6.53175e-30 3.3458e-30 1.7138e-30 8.77833e-31 4.49628e-31 2.30295e-31 1.17953e-31 6.04116e-32 3.09403e-32 1.5846e-32 8.11528e-33 4.15604e-33 2.12837e-33 1.08995e-33 5.58155e-34 2.85822e-34 1.46362e-34 7.49465e-35 3.83766e-35 1.96505e-35 1.00617e-35 5.15182e-36 2.6378e-36 1.35057e-36 6.91482e-37 3.54029e-37 1.81254e-37 9.2796e-38 4.75075e-38 2.43214e-38 1.24511e-38 6.37407e-39 3.26302e-39 1.67038e-39
3.06338e-09 4.69322e-11 2.4095e-11 1.23698e-11 6.35004e-12 3.25965e-12 1.67319e-12 8.58817e-13 4.40795e-13 2.26232e-13 1.16105e-13 5.95842e-14 3.05768e-14 1.56905e-14 8.0512e-15 4.13113e-15 2.11962e-15 1.08751e-15 5.5794e-16 2.86238e-16 1.46842e-16 7.5328e-17 3.86408e-17 1.98208e-17 1.01667e-17 5.2146e-18 2.67454e-18 1.3717e-18 7.03489e-19 3.60777e-19 1.85015e-19 9.48765e-20 4.86516e-20 2.49471e-20 1.27918e-20 6.55883e-21 3.36285e-21 1.72416e-21 8.83957e-22 4.53182e-22 2.32328e-22 1.19101e-22 6.10545e-23 3.12973e-23 1.60429e-23 8.22333e-24 4.21502e-24 2.16042e-24 1.1073e-24 5.6752e-25 2.9086e-25 1.49065e-25 7.63934e-26 3.91493e-26 2.00623e-26 1.02808e-26 5.26818e-27 2.6995e-27 1.38323e-27 7.08756e-28 3.63151e-28 1.86066e-28 9.53313e-29 4.88421e-29 2.50232e-29 1.28198e-29 6.56761e-30 3.36454e-30 1.72358e-30 8.82938e-31 4.52291e-31 2.31684e-31 1.18676e-31 6.07887e-32 3.11367e-32 1.59482e-32 8.1685e-33 4.18373e-33 2.14277e-33 1.09743e-33 5.62047e-34 2.87845e-34 1.47412e-34 7.54921e-35 3.86599e-35 1.97975e-35 1.0138e-35 5.19141e-36 2.65834e-36 1.36121e-36 6.97003e-37 3.5689e-37 1.82737e-37 9.35643e-38 4.79056e-38 2.45275e-38 1.25578e-38 6.42933e-39 3.29162e-39 1.68518e-39 8.62732e-40
1.55963e-09 2.40201e-11 1.23333e-11 6.33231e-12 3.25106e-12 1.66904e-12 8.56821e-13 4.39838e-13 2.25775e-13 1.15888e-13 5.94818e-14 3.05288e-14 1.56682e-14 8.04094e-15 4.12646e-15 2.11754e-15 1.08659e-15 5.57551e-16 2.86079e-16 1.46781e-16 7.53071e-17 3.86355e-17 1.98208e-17 1.01681e-17 5.21603e-18 2.67563e-18 1.37245e-18 7.03964e-19 3.61069e-19 1.85189e-19 9.49782e-20 4.871e-20 2.49803e-20 1.28104e-20 6.56924e-21 3.36862e-21 1.72733e-21 8.85695e-22 4.5413e-22 2.32842e-22 1.1938e-22 6.12049e-23 3.13782e-23 1.60864e-23 8.24659e-24 4.22744e-24 2.16705e-24 1.11083e-24 5.69396e-25 2.91856e-25 1.49593e-25 7.66728e-26 3.9297e-26 2.01403e-26 1.03219e-26 5.28987e-27 2.71093e-27 1.38924e-27 7.11916e-28 3.64811e-28 1.86937e-28 9.57883e-29 4.90816e-29 2.51487e-29 1.28855e-29 6.60199e-30 3.38251e-30 1.73298e-30 8.87846e-31 4.54854e-31 2.33022e-31 1.19374e-31 6.11526e-32 3.13263e-32 1.6047e-32 8.21998e-33 4.21053e-33 2.15672e-33 1.10469e-33 5.65823e-34 2.89808e-34 1.48433e-34 7.60224e-35 3.89354e-35 1.99406e-35 1.02123e-35 5.22997e-36 2.67835e-36 1.3716e-36 7.02389e-37 3.59683e-37 1.84185e-37 9.4315e-38 4.82946e-38 2.47291e-38 1.26622e-38 6.48342e-39 3.31964e-39 1.69969e-39 8.7024e-40 4.45555e-40
7.94042e-10 1.22932e-11 6.31274e-12 3.24153e-12 1.66441e-12 8.54578e-13 4.38755e-13 2.25254e-13 1.15638e-13 5.93626e-14 3.04722e-14 1.56414e-14 8.02841e-15 4.12064e-15 2.11486e-15 1.08537e-15 5.57006e-16 2.8584e-16 1.46679e-16 7.52655e-17 3.86195e-17 1.98153e-17 1.01667e-17 5.21603e-18 2.67599e-18 1.37282e-18 7.0425e-19 3.61263e-19 1.85313e-19 9.50544e-20 4.87555e-20 2.50069e-20 1.28257e-20 6.57792e-21 3.3735e-21 1.73005e-21 8.87204e-22 4.5496e-22 2.33297e-22 1.19628e-22 6.13396e-23 3.14511e-23 1.61257e-23 8.26776e-24 4.23881e-24 2.17314e-24 1.11408e-24 5.71131e-25 2.9278e-25 1.50084e-25 7.69334e-26 3.94352e-26 2.02135e-26 1.03606e-26 5.3103e-27 2.7217e-27 1.39493e-27 7.14908e-28 3.66385e-28 1.87765e-28 9.62231e-29 4.93098e-29 2.52684e-29 1.29482e-29 6.63486e-30 3.39972e-30 1.74199e-30 8.92556e-31 4.57316e-31 2.34308e-31 1.20046e-31 6.15032e-32 3.15092e-32 1.61424e-32 8.2697e-33 4.23644e-33 2.17022e-33 1.11172e-33 5.6948e-34 2.91711e-34 1.49423e-34 7.65371e-35 3.92029e-35 2.00796e-35 1.02845e-35 5.2675e-36 2.69784e-36 1.38171e-36 7.07639e-37 3.62407e-37 1.85598e-37 9.50478e-38 4.86746e-38 2.49261e-38 1.27643e-38 6.53632e-39 3.34704e-39 1.71388e-39 8.77591e-40 4.49362e-40 2.30087e-40
4.04264e-10 6.29135e-12 3.23107e-12 1.65931e-12 8.5209e-13 4.37546e-13 2.24668e-13 1.15355e-13 5.92264e-14 3.04069e-14 1.56103e-14 8.01361e-15 4.11365e-15 2.11158e-15 1.08385e-15 5.56305e-16 2.85521e-16 1.46536e-16 7.5203e-17 3.85929e-17 1.98044e-17 1.01625e-17 5.2146e-18 2.67563e-18 1.37282e-18 7.04345e-19 3.61361e-19 1.85388e-19 9.51053e-20 4.8788e-20 2.50269e-20 1.28376e-20 6.58487e-21 3.3775e-21 1.73232e-21 8.88481e-22 4.55673e-22 2.33692e-22 1.19845e-22 6.14586e-23 3.1516e-23 1.61609e-23 8.28684e-24 4.2491e-24 2.17868e-24 1.11706e-24 5.72723e-25 2.93631e-25 1.50538e-25 7.71752e-26 3.95637e-26 2.02817e-26 1.03968e-26 5.32945e-27 2.73183e-27 1.40027e-27 7.1773e-28 3.67873e-28 1.88548e-28 9.66354e-29 4.95266e-29 2.53822e-29 1.3008e-29 6.66623e-30 3.41616e-30 1.7506e-30 8.97066e-31 4.59676e-31 2.35542e-31 1.20691e-31 6.18402e-32 3.16853e-32 1.62343e-32 8.31764e-33 4.26144e-33 2.18325e-33 1.11851e-33 5.73018e-34 2.93553e-34 1.50382e-34 7.70361e-35 3.94625e-35 2.02146e-35 1.03547e-35 5.30397e-36 2.71678e-36 1.39155e-36 7.12749e-37 3.6506e-37 1.86975e-37 9.57623e-38 4.90452e-38 2.51183e-38 1.2864e-38 6.588e-39 3.37383e-39 1.72776e-39 8.84782e-40 4.53087e-40 2.32016e-40 1.18808e-40
2.05819e-10 3.21967e-12 1.65372e-12 8.49357e-13 4.36212e-13 2.24018e-13 1.1504e-13 5.90734e-14 3.0333e-14 1.55747e-14 7.99656e-15 4.10551e-15 2.10772e-15 1.08203e-15 5.55449e-16 2.85123e-16 1.46353e-16 7.51198e-17 3.85557e-17 1.97881e-17 1.01555e-17 5.21176e-18 2.67454e-18 1.37245e-18 7.0425e-19 3.61361e-19 1.85412e-19 9.51307e-20 4.88075e-20 2.50402e-20 1.28461e-20 6.59009e-21 3.38061e-21 1.73414e-21 8.89527e-22 4.56267e-22 2.34026e-22 1.20031e-22 6.15618e-23 3.15729e-23 1.61921e-23 8.30382e-24 4.25833e-24 2.18367e-24 1.11975e-24 5.74174e-25 2.94409e-25 1.50955e-25 7.7398e-26 3.96826e-26 2.0345e-26 1.04305e-26 5.34732e-27 2.7413e-27 1.40529e-27 7.20382e-28 3.69274e-28 1.89287e-28 9.70251e-29 4.97319e-29 2.54902e-29 1.30648e-29 6.69606e-30 3.43183e-30 1.75882e-30 9.01374e-31 4.61933e-31 2.36724e-31 1.21309e-31 6.21637e-32 3.18543e-32 1.63226e-32 8.36377e-33 4.28552e-33 2.19581e-33 1.12506e-33 5.76434e-34 2.95333e-34 1.51309e-34 7.75191e-35 3.97139e-35 2.03455e-35 1.04228e-35 5.33936e-36 2.73518e-36 1.40112e-36 7.17719e-37 3.67642e-37 1.88316e-37 9.64583e-38 4.94065e-38 2.53058e-38 1.29613e-38 6.63844e-39 3.39998e-39 1.74132e-39 8.91811e-40 4.56729e-40 2.33904e-40 1.19786e-40 6.13435e-41
1.04787e-10 1.64766e-12 8.46381e-13 4.34753e-13 2.23304e-13 1.14691e-13 5.89036e-14 3.02505e-14 1.55347e-14 7.97725e-15 4.09622e-15 2.10326e-15 1.0799e-15 5.54439e-16 2.84646e-16 1.4613e-16 7.50158e-17 3.85078e-17 1.97664e-17 1.01458e-17 5.20749e-18 2.67272e-18 1.3717e-18 7.03964e-19 3.61263e-19 1.85388e-19 9.51307e-20 4.8814e-20 2.50468e-20 1.28512e-20 6.59357e-21 3.38284e-21 1.73551e-21 8.90341e-22 4.56742e-22 2.343e-22 1.20187e-22 6.16493e-23 3.16216e-23 1.62191e-23 8.31869e-24 4.26648e-24 2.18811e-24 1.12217e-24 5.75481e-25 2.95115e-25 1.51334e-25 7.76018e-26 3.97917e-26 2.04033e-26 1.04616e-26 5.36389e-27 2.75012e-27 1.40997e-27 7.22863e-28 3.70587e-28 1.89982e-28 9.7392e-29 4.99255e-29 2.55923e-29 1.31185e-29 6.72435e-30 3.4467e-30 1.76663e-30 9.05477e-31 4.64085e-31 2.37852e-31 1.21901e-31 6.24734e-32 3.20164e-32 1.64074e-32 8.40809e-33 4.30868e-33 2.20791e-33 1.13138e-33 5.79728e-34 2.97051e-34 1.52205e-34 7.79859e-35 3.99571e-35 2.04721e-35 1.04887e-35 5.37367e-36 2.75304e-36 1.4104e-36 7.22546e-37 3.70151e-37 1.89619e-37 9.71355e-38 4.97582e-38 2.54884e-38 1.3056e-38 6.68762e-39 3.4255e-39 1.75456e-39 8.98675e-40 4.60288e-40 2.35748e-40 1.20742e-40 6.18389e-41 3.16706e-41
5.33492e-11 8.43164e-13 4.3317e-13 2.22527e-13 1.1431e-13 5.87172e-14 3.01595e-14 1.54904e-14 7.9557e-15 4.08577e-15 2.09821e-15 1.07747e-15 5.53275e-16 2.84091e-16 1.45866e-16 7.48912e-17 3.84494e-17 1.97392e-17 1.01333e-17 5.20181e-18 2.67017e-18 1.37059e-18 7.03489e-19 3.61069e-19 1.85313e-19 9.51053e-20 4.88075e-20 2.50468e-20 1.28529e-20 6.59531e-21 3.38417e-21 1.73642e-21 8.90922e-22 4.57099e-22 2.34512e-22 1.20311e-22 6.17208e-23 3.16623e-23 1.6242e-23 8.33145e-24 4.27355e-24 2.19201e-24 1.1243e-24 5.76644e-25 2.95747e-25 1.51677e-25 7.77865e-26 3.98911e-26 2.04567e-26 1.04902e-26 5.37917e-27 2.75826e-27 1.41431e-27 7.2517e-28 3.71812e-28 1.90632e-28 9.7736e-29 5.01074e-29 2.56884e-29 1.31693e-29 6.75109e-30 3.46079e-30 1.77404e-30 9.09375e-31 4.66133e-31 2.38928e-31 1.22465e-31 6.27692e-32 3.21714e-32 1.64886e-32 8.45057e-33 4.3309e-33 2.21952e-33 1.13745e-33 5.82899e-34 2.98706e-34 1.53069e-34 7.84364e-35 4.0192e-35 2.05945e-35 1.05525e-35 5.40689e-36 2.77033e-36 1.4194e-36 7.27227e-37 3.72586e-37 1.90885e-37 9.77936e-38 5.01001e-38 2.5666e-38 1.31483e-38 6.73553e-39 3.45037e-39 1.76746e-39 9.05372e-40 4.63762e-40 2.3755e-40 1.21676e-40 6.23231e-41 3.19215e-41 1.63497e-41
2.71612e-11 4.31464e-13 2.21687e-13 1.13897e-13 5.85142e-14 3.006e-14 1.54417e-14 7.93192e-15 4.07419e-15 2.09259e-15 1.07474e-15 5.51957e-16 2.83456e-16 1.45561e-16 7.47459e-17 3.83804e-17 1.97066e-17 1.0118e-17 5.1947e-18 2.6669e-18 1.3691e-18 7.02824e-19 3.60777e-19 1.85189e-19 9.50544e-20 4.8788e-20 2.50402e-20 1.28512e-20 6.59531e-21 3.38462e-21 1.73687e-21 8.91272e-22 4.57337e-22 2.34665e-22 1.20405e-22 6.17766e-23 3.16949e-23 1.62607e-23 8.3421e-24 4.27953e-24 2.19535e-24 1.12615e-24 5.77663e-25 2.96305e-25 1.51981e-25 7.79519e-26 3.99807e-26 2.0505e-26 1.05162e-26 5.39314e-27 2.76575e-27 1.41831e-27 7.27305e-28 3.72949e-28 1.91236e-28 9.80569e-29 5.02776e-29 2.57785e-29 1.32169e-29 6.77627e-30 3.47408e-30 1.78105e-30 9.13065e-31 4.68076e-31 2.39949e-31 1.23002e-31 6.30509e-32 3.23193e-32 1.65661e-32 8.49119e-33 4.35217e-33 2.23066e-33 1.14327e-33 5.85944e-34 3.00298e-34 1.539e-34 7.88704e-35 4.04184e-35 2.07126e-35 1.06141e-35 5.43899e-36 2.78705e-36 1.42811e-36 7.31763e-37 3.74946e-37 1.92113e-37 9.84323e-38 5.04323e-38 2.58387e-38 1.3238e-38 6.78214e-39 3.47458e-39 1.78003e-39 9.11897e-40 4.67148e-40 2.39307e-40 1.22588e-40 6.27958e-41 3.21667e-41 1.64768e-41 8.43979e-42
1.38284e-11 2.20784e-13 1.13451e-13 5.82947e-14 2.9952e-14 1.53886e-14 7.90592e-15 4.06147e-15 2.08637e-15 1.07172e-15 5.50486e-16 2.82743e-16 1.45217e-16 7.45801e-17 3.83008e-17 1.96686e-17 1.01e-17 5.18619e-18 2.66291e-18 1.36725e-18 7.01969e-19 3.60389e-19 1.85015e-19 9.49782e-20 4.87555e-20 2.50269e-20 1.28461e-20 6.59357e-21 3.38417e-21 1.73687e-21 8.91388e-22 4.57456e-22 2.34756e-22 1.20467e-22 6.18164e-23 3.17193e-23 1.62753e-23 8.35062e-24 4.28444e-24 2.19813e-24 1.12772e-24 5.78537e-25 2.96789e-25 1.52248e-25 7.8098e-26 4.00604e-26 2.05483e-26 1.05396e-26 5.40579e-27 2.77256e-27 1.42197e-27 7.29264e-28 3.73996e-28 1.91795e-28 9.83546e-29 5.04359e-29 2.58626e-29 1.32615e-29 6.79987e-30 3.48656e-30 1.78765e-30 9.16547e-31 4.69911e-31 2.40916e-31 1.23511e-31 6.33186e-32 3.24599e-32 1.66399e-32 8.52994e-33 4.37249e-33 2.24131e-33 1.14885e-33 5.88863e-34 3.01825e-34 1.54698e-34 7.92876e-35 4.06364e-35 2.08264e-35 1.06734e-35 5.46997e-36 2.8032e-36 1.43653e-36 7.36149e-37 3.77231e-37 1.93303e-37 9.90515e-38 5.07544e-38 2.60063e-38 1.33252e-38 6.82744e-39 3.49812e-39 1.79226e-39 9.1825e-40 4.70447e-40 2.41019e-40 1.23477e-40 6.3257e-41 3.24059e-41 1.66009e-41 8.50414e-42 4.35633e-42
7.04031e-12 1.12974e-13 5.80588e-14 2.98356e-14 1.53313e-14 7.87771e-15 4.04761e-15 2.07958e-15 1.06839e-15 5.48862e-16 2.81952e-16 1.44833e-16 7.43938e-17 3.82108e-17 1.96253e-17 1.00792e-17 5.17626e-18 2.6582e-18 1.36502e-18 7.00925e-19 3.59903e-19 1.84791e-19 9.48765e-20 4.871e-20 2.50069e-20 1.28376e-20 6.59009e-21 3.38284e-21 1.73642e-21 8.91272e-22 4.57456e-22 2.34786e-22 1.20498e-22 6.18403e-23 3.17356e-23 1.62857e-23 8.35701e-24 4.28825e-24 2.20036e-24 1.129e-24 5.79266e-25 2.97199e-25 1.52477e-25 7.82248e-26 4.01302e-26 2.05866e-26 1.05605e-26 5.41713e-27 2.7787e-27 1.42528e-27 7.31048e-28 3.74954e-28 1.92308e-28 9.86289e-29 5.05823e-29 2.59406e-29 1.3303e-29 6.82189e-30 3.49824e-30 1.79383e-30 9.19818e-31 4.7164e-31 2.41828e-31 1.23992e-31 6.3572e-32 3.25933e-32 1.67101e-32 8.5668e-33 4.39185e-33 2.25146e-33 1.15418e-33 5.91654e-34 3.03287e-34 1.55463e-34 7.96879e-35 4.08457e-35 2.09358e-35 1.07306e-35 5.4998e-36 2.81878e-36 1.44465e-36 7.40385e-37 3.79439e-37 1.94454e-37 9.96508e-38 5.10665e-38 2.61687e-38 1.34097e-38 6.8714e-39 3.52098e-39 1.80415e-39 9.24427e-40 4.73657e-40 2.42687e-40 1.24342e-40 6.37065e-41 3.26392e-41 1.6722e-41 8.56695e-42 4.38891e-42 2.24843e-42
3.58437e-12 5.78066e-14 2.97109e-14 1.52697e-14 7.8473e-15 4.03263e-15 2.07221e-15 1.06477e-15 5.47087e-16 2.81083e-16 1.44408e-16 7.4187e-17 3.81103e-17 1.95766e-17 1.00557e-17 5.16493e-18 2.65276e-18 1.36242e-18 6.99692e-19 3.59321e-19 1.84518e-19 9.47496e-20 4.86516e-20 2.49803e-20 1.28257e-20 6.58487e-21 3.38061e-21 1.73551e-21 8.90922e-22 4.57337e-22 2.34756e-22 1.20498e-22 6.18482e-23 3.17437e-23 1.6292e-23 8.36127e-24 4.29098e-24 2.20204e-24 1.13e-24 5.79849e-25 2.97535e-25 1.52667e-25 7.83321e-26 4.01901e-26 2.06198e-26 1.05788e-26 5.42715e-27 2.78416e-27 1.42825e-27 7.32656e-28 3.75822e-28 1.92775e-28 9.88798e-29 5.07167e-29 2.60124e-29 1.33413e-29 6.84232e-30 3.5091e-30 1.7996e-30 9.22877e-31 4.7326e-31 2.42685e-31 1.24444e-31 6.3811e-32 3.27193e-32 1.67765e-32 8.60175e-33 4.41023e-33 2.26113e-33 1.15925e-33 5.94317e-34 3.04683e-34 1.56195e-34 8.00712e-35 4.10463e-35 2.10408e-35 1.07855e-35 5.52849e-36 2.83376e-36 1.45248e-36 7.44469e-37 3.81569e-37 1.95565e-37 1.0023e-37 5.13683e-38 2.63259e-38 1.34915e-38 6.91402e-39 3.54316e-39 1.81569e-39 9.30426e-40 4.76775e-40 2.44308e-40 1.25185e-40 6.4144e-41 3.28664e-41 1.68399e-41 8.62818e-42 4.42069e-42 2.26491e-42 1.16039e-42
