0.926503 0.0159887 0.00859371 0.00461901 0.00248266 0.0013344 0.000717224 0.000385499 0.000207201 0.000111368 5.9859e-05 3.21735e-05 1.72928e-05 9.29469e-06 4.99578e-06 2.68517e-06 1.44325e-06 7.75728e-07 4.16944e-07 2.24102e-07 1.20452e-07 6.47416e-08 3.47978e-08 1.87034e-08 1.00529e-08 5.40329e-09 2.9042e-09 1.56097e-09 8.39003e-10 4.50954e-10 2.42382e-10 1.30278e-10 7.00226e-11 3.76363e-11 2.0229e-11 1.08729e-11 5.84403e-12 3.14109e-12 1.6883e-12 9.0744e-13 4.87738e-13 2.62153e-13 1.40904e-13 7.57343e-14 4.07062e-14 2.18791e-14 1.17598e-14 6.32072e-15 3.39731e-15 1.82601e-15 9.8146e-16 5.27523e-16 2.83537e-16 1.52398e-16 8.19119e-17 4.40266e-17 2.36638e-17 1.2719e-17 6.8363e-18 3.67443e-18 1.97496e-18 1.06152e-18 5.70552e-19 3.06665e-19 1.64829e-19 8.85934e-20 4.76178e-20 2.5594e-20 1.37565e-20 7.39393e-21 3.97415e-21 2.13606e-21 1.1481e-21 6.17092e-22 3.31679e-22 1.78274e-22 9.58199e-23 5.1502e-23 2.76817e-23 1.48786e-23 7.99705e-24 4.29832e-24 2.31029e-24 1.24175e-24 6.67428e-25 3.58734e-25 1.92815e-25 1.03636e-25 5.5703e-26 2.99397e-26 1.60922e-26 8.64936e-27 4.64893e-27 2.49874e-27 1.34304e-27 7.21869e-28 3.87996e-28 2.08543e-28 1.12089e-28 6.02466e-29 3.23818e-29
0.0159887 0.000883357 0.000485439 0.000266639 0.000146391 8.03364e-05 4.40683e-05 2.41637e-05 1.32444e-05 7.25665e-06 3.97451e-06 2.17611e-06 1.19105e-06 6.5169e-07 3.56464e-07 1.94922e-07 1.06556e-07 5.82334e-08 3.18162e-08 1.73785e-08 9.48992e-09 5.18092e-09 2.82779e-09 1.54307e-09 8.41834e-10 4.59169e-10 2.50395e-10 1.36518e-10 7.44162e-11 4.05564e-11 2.20988e-11 1.20392e-11 6.55768e-12 3.5713e-12 1.94459e-12 1.05866e-12 5.76257e-13 3.13622e-13 1.7066e-13 9.28515e-14 5.05107e-14 2.74737e-14 1.49413e-14 8.12459e-15 4.41729e-15 2.40134e-15 1.30526e-15 7.09391e-16 3.85498e-16 2.09462e-16 1.13799e-16 6.18192e-17 3.35783e-17 1.82367e-17 9.90348e-18 5.37754e-18 2.91967e-18 1.58505e-18 8.60411e-19 4.67012e-19 2.5346e-19 1.37547e-19 7.46364e-20 4.0496e-20 2.19703e-20 1.19185e-20 6.46505e-21 3.50659e-21 1.90179e-21 1.03135e-21 5.5926e-22 3.03242e-22 1.64411e-22 8.91333e-23 4.83189e-23 2.61917e-23 1.41964e-23 7.69419e-24 4.16982e-24 2.25966e-24 1.22445e-24 6.6345e-25 3.59458e-25 1.94743e-25 1.05499e-25 5.71486e-26 3.09555e-26 1.67666e-26 9.08084e-27 4.91793e-27 2.66326e-27 1.44218e-27 7.80916e-28 4.22828e-28 2.28929e-28 1.23941e-28 6.70972e-29 3.63222e-29 1.96616e-29 1.06425e-29 5.76033e-30
0.00859371 0.000485439 0.000267228 0.00014703 8.08575e-05 4.44459e-05 2.44202e-05 1.34116e-05 7.36259e-06 4.04027e-06 2.21629e-06 1.21529e-06 6.66169e-07 3.65039e-07 1.99964e-07 1.09504e-07 5.99476e-08 3.28086e-08 1.79506e-08 9.81862e-09 5.36916e-09 2.93528e-09 1.6043e-09 8.76626e-10 4.78897e-10 2.61559e-10 1.42824e-10 7.79724e-11 4.25587e-11 2.32246e-11 1.26713e-11 6.91214e-12 3.76983e-12 2.05566e-12 1.12074e-12 6.10918e-13 3.32957e-13 1.81436e-13 9.88523e-14 5.38497e-14 2.93301e-14 1.59728e-14 8.69728e-15 4.73506e-15 2.57755e-15 1.40291e-15 7.63475e-16 4.15436e-16 2.26026e-16 1.22959e-16 6.68818e-17 3.63752e-17 1.97812e-17 1.0756e-17 5.84788e-18 3.17907e-18 1.72805e-18 9.39217e-19 5.10425e-19 2.77367e-19 1.50707e-19 8.18787e-20 4.44803e-20 2.41615e-20 1.31232e-20 7.12719e-21 3.87042e-21 2.10165e-21 1.1411e-21 6.19519e-22 3.36316e-22 1.82561e-22 9.90904e-23 5.37802e-23 2.91864e-23 1.58382e-23 8.59408e-24 4.66296e-24 2.52984e-24 1.37244e-24 7.44499e-25 4.03836e-25 2.19037e-25 1.18796e-25 6.44253e-26 3.49369e-26 1.89446e-26 1.02721e-26 5.56938e-27 3.01946e-27 1.63691e-27 8.87352e-28 4.80996e-28 2.60713e-28 1.41306e-28 7.65833e-29 4.15034e-29 2.24911e-29 1.21875e-29 6.60385e-30 3.57813e-30
0.00461901 0.000266639 0.00014703 8.10316e-05 4.46353e-05 2.45747e-05 1.35236e-05 7.43877e-06 4.08998e-06 2.24781e-06 1.23488e-06 6.78145e-07 3.72271e-07 2.04287e-07 1.12066e-07 6.14558e-08 3.36909e-08 1.84641e-08 1.01161e-08 5.54084e-09 3.034e-09 1.66088e-09 9.08962e-10 4.9733e-10 2.72042e-10 1.48773e-10 8.13416e-11 4.44634e-11 2.42996e-11 1.32771e-11 7.25299e-12 3.96136e-12 2.16315e-12 1.18099e-12 6.44656e-13 3.51828e-13 1.9198e-13 1.04739e-13 5.71332e-14 3.11601e-14 1.69918e-14 9.2643e-15 5.05034e-15 2.75274e-15 1.50019e-15 8.17461e-16 4.45377e-16 2.42622e-16 1.32153e-16 7.19725e-17 3.91924e-17 2.13395e-17 1.16175e-17 6.324e-18 3.44208e-18 1.87327e-18 1.01937e-18 5.54645e-19 3.01754e-19 1.64152e-19 8.92882e-20 4.85623e-20 2.64096e-20 1.43609e-20 7.80837e-21 4.24521e-21 2.3078e-21 1.25446e-21 6.81836e-22 3.70565e-22 2.01378e-22 1.09427e-22 5.94565e-23 3.23028e-23 1.75488e-23 9.53277e-24 5.17796e-24 2.81232e-24 1.52735e-24 8.29435e-25 4.50396e-25 2.44554e-25 1.32778e-25 7.20855e-26 3.91327e-26 2.12424e-26 1.15302e-26 6.25814e-27 3.39645e-27 1.84322e-27 1.00024e-27 5.42755e-28 2.94495e-28 1.59781e-28 8.6686e-29 4.7027e-29 2.55106e-29 1.38379e-29 7.50581e-30 4.07099e-30 2.2079e-30
0.00248266 0.000146391 8.08575e-05 4.46353e-05 2.46263e-05 1.35799e-05 7.48468e-06 4.1233e-06 2.27048e-06 1.24968e-06 6.87541e-07 3.78114e-07 2.07863e-07 1.14227e-07 6.27485e-08 3.44578e-08 1.89159e-08 1.03806e-08 5.69491e-09 3.12333e-09 1.71247e-09 9.3865e-10 5.14359e-10 2.81783e-10 1.5433e-10 8.45043e-11 4.62597e-11 2.53177e-11 1.38531e-11 7.57834e-12 4.14484e-12 2.26648e-12 1.2391e-12 6.77291e-13 3.70136e-13 2.02239e-13 1.10482e-13 6.03446e-14 3.29542e-14 1.79933e-14 9.82287e-15 5.36162e-15 2.92608e-15 1.59665e-15 8.71099e-16 4.75185e-16 2.59176e-16 1.41341e-16 7.7069e-17 4.20179e-17 2.29051e-17 1.24846e-17 6.80399e-18 3.70765e-18 2.02014e-18 1.10056e-18 5.99508e-19 3.26533e-19 1.77833e-19 9.68389e-20 5.2728e-20 2.8707e-20 1.56275e-20 8.50643e-21 4.62981e-21 2.51963e-21 1.3711e-21 7.46037e-22 4.05894e-22 2.20813e-22 1.20116e-22 6.53336e-23 3.55334e-23 1.93241e-23 1.05082e-23 5.71373e-24 3.10655e-24 1.68889e-24 9.18104e-25 4.99056e-25 2.71253e-25 1.47424e-25 8.01178e-26 4.35371e-26 2.3657e-26 1.28538e-26 6.98347e-27 3.79388e-27 2.06095e-27 1.11949e-27 6.08063e-28 3.30254e-28 1.79358e-28 9.74019e-29 5.28917e-29 2.87198e-29 1.55937e-29 8.4663e-30 4.59634e-30 2.49521e-30 1.35449e-30
0.0013344 8.03364e-05 4.44459e-05 2.45747e-05 1.35799e-05 7.50002e-06 4.14001e-06 2.28414e-06 1.2596e-06 6.94297e-07 3.82529e-07 2.10668e-07 1.15972e-07 6.38176e-08 3.51044e-08 1.9303e-08 1.06105e-08 5.83041e-09 3.20273e-09 1.75875e-09 9.6551e-10 5.29883e-10 2.90723e-10 1.59462e-10 8.74422e-11 4.7937e-11 2.62731e-11 1.43961e-11 7.88637e-12 4.31925e-12 2.36506e-12 1.29474e-12 7.08646e-13 3.87782e-13 2.12158e-13 1.1605e-13 6.34672e-14 3.47035e-14 1.89722e-14 1.03702e-14 5.66738e-15 3.09673e-15 1.69182e-15 9.24137e-16 5.0472e-16 2.75612e-16 1.50481e-16 8.2149e-17 4.48395e-17 2.44714e-17 1.33536e-17 7.28584e-18 3.9747e-18 2.16807e-18 1.18247e-18 6.44839e-19 3.5161e-19 1.917e-19 1.04503e-19 5.69627e-20 3.10458e-20 1.69187e-20 9.21907e-21 5.02297e-21 2.73646e-21 1.49065e-21 8.11928e-22 4.42199e-22 2.40811e-22 1.31128e-22 7.1396e-23 3.88699e-23 2.11599e-23 1.1518e-23 6.26906e-24 3.41186e-24 1.85671e-24 1.01033e-24 5.49723e-25 2.99083e-25 1.62707e-25 8.8509e-26 4.81433e-26 2.6185e-26 1.42409e-26 7.74445e-27 4.21127e-27 2.28984e-27 1.245e-27 6.76863e-28 3.67964e-28 2.00023e-28 1.08725e-28 5.90945e-29 3.21173e-29 1.74544e-29 9.48514e-30 5.15414e-30 2.80055e-30 1.52161e-30 8.26684e-31
0.000717224 4.40683e-05 2.44202e-05 1.35236e-05 7.48468e-06 4.14001e-06 2.2887e-06 1.26458e-06 6.98368e-07 3.85488e-07 2.12684e-07 1.17291e-07 6.46562e-08 3.56267e-08 1.96231e-08 1.08043e-08 5.94653e-09 3.27173e-09 1.79946e-09 9.8938e-10 5.43809e-10 2.9881e-10 1.6414e-10 9.0138e-11 4.94858e-11 2.71603e-11 1.49031e-11 8.17533e-12 4.48361e-12 2.45836e-12 1.34761e-12 7.38552e-13 4.04673e-13 2.21684e-13 1.21415e-13 6.6485e-14 3.63989e-14 1.99237e-14 1.09036e-14 5.96609e-15 3.26387e-15 1.78525e-15 9.76323e-16 5.33845e-16 2.91854e-16 1.59532e-16 8.71894e-17 4.76446e-17 2.60315e-17 1.42207e-17 7.76753e-18 4.24213e-18 2.31647e-18 1.26477e-18 6.90462e-19 3.76889e-19 2.05699e-19 1.12253e-19 6.1251e-20 3.34177e-20 1.82301e-20 9.94384e-21 5.42339e-21 2.9576e-21 1.61273e-21 8.79306e-22 4.79372e-22 2.61314e-22 1.42432e-22 7.76268e-23 4.23033e-23 2.30513e-23 1.25596e-23 6.84256e-24 3.72754e-24 2.03042e-24 1.1059e-24 6.02289e-25 3.27989e-25 1.78598e-25 9.72436e-26 5.29432e-26 2.8822e-26 1.56894e-26 8.53992e-27 4.64804e-27 2.52961e-27 1.37659e-27 7.49077e-28 4.07584e-28 2.21757e-28 1.20644e-28 6.56309e-29 3.5701e-29 1.94189e-29 1.05618e-29 5.74417e-30 3.12383e-30 1.69872e-30 9.23694e-31 5.02237e-31
0.000385499 2.41637e-05 1.34116e-05 7.43877e-06 4.1233e-06 2.28414e-06 1.26458e-06 6.99728e-07 3.86972e-07 2.13899e-07 1.18175e-07 6.5259e-08 3.60213e-08 1.98742e-08 1.09608e-08 6.04252e-09 3.32988e-09 1.83433e-09 1.01012e-09 5.56052e-10 3.05995e-10 1.68335e-10 9.2576e-11 5.0897e-11 2.79743e-11 1.5371e-11 8.4436e-12 4.637e-12 2.54586e-12 1.39741e-12 7.66846e-13 4.20717e-13 2.30766e-13 1.26548e-13 6.9382e-14 3.80317e-14 2.08428e-14 1.14203e-14 6.25627e-15 3.42666e-15 1.87649e-15 1.02741e-15 5.6242e-16 3.07826e-16 1.68452e-16 9.21673e-17 5.04205e-17 2.75784e-17 1.50822e-17 8.24697e-18 4.5088e-18 2.4647e-18 1.34712e-18 7.36192e-19 4.02268e-19 2.19777e-19 1.20059e-19 6.55767e-20 3.58139e-20 1.95569e-20 1.06782e-20 5.82967e-21 3.18229e-21 1.73695e-21 9.47953e-22 5.17296e-22 2.82257e-22 1.53994e-22 8.40079e-23 4.58238e-23 2.49931e-23 1.36303e-23 7.43276e-24 4.05278e-24 2.20961e-24 1.20459e-24 6.56634e-25 3.57907e-25 1.95064e-25 1.06304e-25 5.79273e-26 3.15633e-26 1.71967e-26 9.36857e-27 5.10349e-27 2.77989e-27 1.5141e-27 8.24608e-28 4.49065e-28 2.44534e-28 1.33149e-28 7.24944e-29 3.94676e-29 2.14856e-29 1.16957e-29 6.36608e-30 3.4649e-30 1.88574e-30 1.02623e-30 5.58442e-31 3.03868e-31
0.000207201 1.32444e-05 7.36259e-06 4.08998e-06 2.27048e-06 1.2596e-06 6.98368e-07 3.86972e-07 2.14305e-07 1.18619e-07 6.56223e-08 3.62857e-08 2.00547e-08 1.1079e-08 6.11781e-09 3.37684e-09 1.86316e-09 1.02759e-09 5.6654e-10 3.12237e-10 1.72023e-10 9.47419e-11 5.21623e-11 2.87102e-11 1.57973e-11 8.68965e-12 4.77856e-12 2.62708e-12 1.44388e-12 7.93373e-13 4.35826e-13 2.39355e-13 1.31422e-13 7.21431e-14 3.95933e-14 2.17247e-14 1.19177e-14 6.53646e-15 3.58429e-15 1.96507e-15 1.07713e-15 5.90309e-16 3.23452e-16 1.77199e-16 9.70597e-17 5.31546e-17 2.91052e-17 1.59342e-17 8.72208e-18 4.77356e-18 2.61215e-18 1.42919e-18 7.8184e-19 4.27645e-19 2.33878e-19 1.27889e-19 6.99233e-20 3.82254e-20 2.08942e-20 1.14194e-20 6.24037e-21 3.40975e-21 1.86288e-21 1.01764e-21 5.55845e-22 3.03574e-22 1.65778e-22 9.05197e-23 4.94211e-23 2.69796e-23 1.4727e-23 8.03802e-24 4.38673e-24 2.39381e-24 1.30616e-24 7.12628e-25 3.88766e-25 2.12067e-25 1.1567e-25 6.30853e-26 3.44031e-26 1.87599e-26 1.02288e-26 5.57681e-27 3.04025e-27 1.65729e-27 9.03342e-28 4.92348e-28 2.68323e-28 1.46222e-28 7.96769e-29 4.34131e-29 2.36525e-29 1.28855e-29 7.01935e-30 3.8235e-30 2.08255e-30 1.13423e-30 6.17696e-31 3.36373e-31 1.83164e-31
0.000111368 7.25665e-06 4.04027e-06 2.24781e-06 1.24968e-06 6.94297e-07 3.85488e-07 2.13899e-07 1.18619e-07 6.57436e-08 3.64184e-08 2.01635e-08 1.11582e-08 6.17193e-09 3.41232e-09 1.88577e-09 1.0417e-09 5.75209e-10 3.17496e-10 1.75181e-10 9.66227e-11 5.32745e-11 2.93638e-11 1.61795e-11 8.91206e-12 4.90749e-12 2.70154e-12 1.48675e-12 8.17986e-13 4.4992e-13 2.47406e-13 1.36011e-13 7.47535e-14 4.10756e-14 2.2565e-14 1.23933e-14 6.80522e-15 3.73597e-15 2.05057e-15 1.12527e-15 6.17376e-16 3.38657e-16 1.85732e-16 1.01844e-16 5.58343e-17 3.0605e-17 1.67729e-17 9.19074e-18 5.03525e-18 2.75818e-18 1.51062e-18 8.27216e-19 4.52916e-19 2.47943e-19 1.35714e-19 7.42736e-20 4.06429e-20 2.22369e-20 1.21649e-20 6.654e-21 3.63917e-21 1.99006e-21 1.08812e-21 5.9489e-22 3.25195e-22 1.77746e-22 9.71417e-23 5.30839e-23 2.90049e-23 1.58465e-23 8.65663e-24 4.72844e-24 2.58252e-24 1.41034e-24 7.70125e-25 4.2049e-25 2.29566e-25 1.2532e-25 6.84054e-26 3.73354e-26 2.03757e-26 1.1119e-26 6.06708e-27 3.31022e-27 1.80591e-27 9.85144e-28 5.37362e-28 2.93089e-28 1.59844e-28 8.71685e-29 4.75323e-29 2.5917e-29 1.41302e-29 7.70331e-30 4.19929e-30 2.28898e-30 1.24761e-30 6.79959e-31 3.70559e-31 2.0193e-31 1.10031e-31
5.9859e-05 3.97451e-06 2.21629e-06 1.23488e-06 6.87541e-07 3.82529e-07 2.12684e-07 1.18175e-07 6.56223e-08 3.64184e-08 2.01998e-08 1.1198e-08 6.20453e-09 3.43609e-09 1.90201e-09 1.05236e-09 5.82007e-10 3.21742e-10 1.77791e-10 9.82075e-11 5.42269e-11 2.99314e-11 1.65153e-11 9.10956e-12 5.02304e-12 2.76884e-12 1.52579e-12 8.40548e-13 4.62919e-13 2.54874e-13 1.4029e-13 7.71994e-14 4.24707e-14 2.33591e-14 1.28445e-14 7.06117e-15 3.88093e-15 2.13254e-15 1.17156e-15 6.43488e-16 3.53366e-16 1.94009e-16 1.06496e-16 5.8447e-17 3.20707e-17 1.75945e-17 9.65084e-18 5.29272e-18 2.90213e-18 1.59105e-18 8.72126e-19 4.77975e-19 2.61916e-19 1.43501e-19 7.86103e-20 4.30568e-20 2.35799e-20 1.29116e-20 7.06899e-21 3.86969e-21 2.11806e-21 1.15916e-21 6.34296e-22 3.47045e-22 1.89857e-22 1.03852e-22 5.68005e-23 3.10627e-23 1.69854e-23 9.28672e-24 5.07693e-24 2.7752e-24 1.51684e-24 8.28971e-25 4.52996e-25 2.47517e-25 1.3523e-25 7.38749e-26 4.03533e-26 2.20405e-26 1.20371e-26 6.57327e-27 3.58924e-27 1.95967e-27 1.06986e-27 5.84027e-28 3.18788e-28 1.73994e-28 9.49576e-29 5.18191e-29 2.82758e-29 1.54279e-29 8.4171e-30 4.59182e-30 2.50481e-30 1.36626e-30 7.45172e-31 4.06396e-31 2.21621e-31 1.20849e-31 6.58933e-32
3.21735e-05 2.17611e-06 1.21529e-06 6.78145e-07 3.78114e-07 2.10668e-07 1.17291e-07 6.5259e-08 3.62857e-08 2.01635e-08 1.1198e-08 6.21542e-09 3.44801e-09 1.9118e-09 1.05951e-09 5.86892e-10 3.24949e-10 1.79838e-10 9.94867e-11 5.50139e-11 3.04095e-11 1.68028e-11 9.28103e-12 5.12456e-12 2.82859e-12 1.56077e-12 8.60935e-13 4.74752e-13 2.61717e-13 1.44236e-13 7.94675e-14 4.37711e-14 2.4103e-14 1.32691e-14 7.303e-15 4.01843e-15 2.21059e-15 1.21579e-15 6.68514e-16 3.67509e-16 2.01991e-16 1.10995e-16 6.09804e-17 3.34956e-17 1.83951e-17 1.01003e-17 5.54479e-18 3.04339e-18 1.67014e-18 9.16376e-19 5.02714e-19 2.75738e-19 1.51217e-19 8.29158e-20 4.54575e-20 2.49177e-20 1.36567e-20 7.48377e-21 4.10046e-21 2.24639e-21 1.23048e-21 6.73921e-22 3.6905e-22 2.02071e-22 1.10629e-22 6.05588e-23 3.31462e-23 1.814e-23 9.92635e-24 5.43114e-24 2.97128e-24 1.62535e-24 8.88999e-25 4.86194e-25 2.65871e-25 1.45374e-25 7.948e-26 4.34495e-26 2.37502e-26 1.2981e-26 7.09425e-27 3.87671e-27 2.11826e-27 1.15732e-27 6.32253e-28 3.45373e-28 1.88645e-28 1.03031e-28 5.62666e-29 3.07254e-29 1.67767e-29 9.15972e-30 5.00059e-30 2.72977e-30 1.49003e-30 8.13266e-31 4.43849e-31 2.42217e-31 1.32173e-31 7.21188e-32 3.9348e-32
1.72928e-05 1.19105e-06 6.66169e-07 3.72271e-07 2.07863e-07 1.15972e-07 6.46562e-08 3.60213e-08 2.00547e-08 1.11582e-08 6.20453e-09 3.44801e-09 1.91507e-09 1.06309e-09 5.89835e-10 3.27098e-10 1.81309e-10 1.00453e-10 5.56309e-11 3.07954e-11 1.70404e-11 9.42545e-12 5.21148e-12 2.88045e-12 1.5915e-12 8.79031e-13 4.85353e-13 2.679e-13 1.47826e-13 8.15456e-14 4.497e-14 2.47926e-14 1.36647e-14 7.52944e-15 4.14775e-15 2.2843e-15 1.25772e-15 6.92332e-16 3.81015e-16 2.09638e-16 1.1532e-16 6.34223e-17 3.4873e-17 1.91711e-17 1.0537e-17 5.79033e-18 3.18131e-18 1.74754e-18 9.59773e-19 5.27027e-19 2.89349e-19 1.58831e-19 8.7172e-20 4.78352e-20 2.62451e-20 1.43973e-20 7.89672e-21 4.33059e-21 2.37456e-21 1.30184e-21 7.13622e-22 3.91128e-22 2.14344e-22 1.17448e-22 6.43459e-23 3.52486e-23 1.93066e-23 1.05735e-23 5.78996e-24 3.17016e-24 1.73554e-24 9.50036e-25 5.19989e-25 2.84577e-25 1.55725e-25 8.52057e-26 4.66158e-26 2.55007e-26 1.39484e-26 7.62877e-27 4.17197e-27 2.28131e-27 1.24734e-27 6.81938e-28 3.72789e-28 2.03771e-28 1.11373e-28 6.08667e-29 3.32614e-29 1.81745e-29 9.93e-30 5.42497e-30 2.96353e-30 1.61877e-30 8.84152e-31 4.82873e-31 2.63697e-31 1.43993e-31 7.86223e-32 4.29256e-32 2.34344e-32
9.29469e-06 6.5169e-07 3.65039e-07 2.04287e-07 1.14227e-07 6.38176e-08 3.56267e-08 1.98742e-08 1.1079e-08 6.17193e-09 3.43609e-09 1.9118e-09 1.06309e-09 5.90818e-10 3.28175e-10 1.82195e-10 1.011e-10 5.60742e-11 3.10868e-11 1.72266e-11 9.54202e-12 5.28328e-12 2.92413e-12 1.6178e-12 8.94736e-13 4.94664e-13 2.73387e-13 1.51043e-13 8.34226e-14 4.60608e-14 2.54242e-14 1.40293e-14 7.73932e-15 4.26823e-15 2.3533e-15 1.29716e-15 7.1482e-16 3.93816e-16 2.16913e-16 1.19447e-16 6.57609e-17 3.61961e-17 1.99187e-17 1.0959e-17 6.0282e-18 3.31526e-18 1.82289e-18 1.00212e-18 5.50808e-19 3.0269e-19 1.6631e-19 9.13612e-20 5.018e-20 2.75566e-20 1.51303e-20 8.30619e-21 4.55917e-21 2.50209e-21 1.37295e-21 7.5325e-22 4.13201e-22 2.26632e-22 1.24285e-22 6.81487e-23 3.73626e-23 2.04814e-23 1.1226e-23 6.15223e-24 3.37122e-24 1.84709e-24 1.01189e-24 5.54282e-25 3.03581e-25 1.66253e-25 9.10362e-26 4.98437e-26 2.72872e-26 1.49369e-26 8.17552e-27 4.4743e-27 2.44844e-27 1.33971e-27 7.32971e-28 4.00979e-28 2.19338e-28 1.19968e-28 6.56105e-29 3.58792e-29 1.96188e-29 1.07266e-29 5.86427e-30 3.20574e-30 1.75228e-30 9.5773e-31 5.23414e-31 2.8603e-31 1.56294e-31 8.53963e-32 4.66552e-32 2.54875e-32 1.39226e-32
4.99578e-06 3.56464e-07 1.99964e-07 1.12066e-07 6.27485e-08 3.51044e-08 1.96231e-08 1.09608e-08 6.11781e-09 3.41232e-09 1.90201e-09 1.05951e-09 5.89835e-10 3.28175e-10 1.82491e-10 1.01425e-10 5.63412e-11 3.12821e-11 1.73604e-11 9.63003e-12 5.33956e-12 2.95938e-12 1.63953e-12 9.07961e-13 5.02633e-13 2.78148e-13 1.53867e-13 8.5088e-14 4.70377e-14 2.59946e-14 1.4361e-14 7.93152e-15 4.37925e-15 2.41723e-15 1.33388e-15 7.35865e-16 4.0585e-16 2.2378e-16 1.23359e-16 6.7985e-17 3.74588e-17 2.06345e-17 1.13642e-17 6.25729e-18 3.44463e-18 1.89586e-18 1.04324e-18 5.7395e-19 3.15704e-19 1.73622e-19 9.54655e-20 5.2482e-20 2.88468e-20 1.58529e-20 8.71054e-21 4.78531e-21 2.62847e-21 1.44354e-21 7.92654e-22 4.35184e-22 2.38889e-22 1.31116e-22 7.19536e-23 3.94809e-23 2.16601e-23 1.18816e-23 6.51676e-24 3.5738e-24 1.95962e-24 1.07438e-24 5.88967e-25 3.22827e-25 1.76928e-25 9.69549e-26 5.31243e-26 2.91049e-26 1.59437e-26 8.73305e-27 4.78293e-27 2.61924e-27 1.4342e-27 7.85235e-28 4.29877e-28 2.35312e-28 1.28796e-28 7.04882e-29 3.85735e-29 2.11067e-29 1.15481e-29 6.3177e-30 3.45596e-30 1.89034e-30 1.03388e-30 5.65412e-31 3.09187e-31 1.6906e-31 9.2432e-32 5.05323e-32 2.76235e-32 1.50992e-32 8.2527e-33
2.68517e-06 1.94922e-07 1.09504e-07 6.14558e-08 3.44578e-08 1.9303e-08 1.08043e-08 6.04252e-09 3.37684e-09 1.88577e-09 1.05236e-09 5.86892e-10 3.27098e-10 1.82195e-10 1.01425e-10 5.64304e-11 3.138e-11 1.7441e-11 9.689e-12 5.38e-12 2.98599e-12 1.65656e-12 9.18632e-13 5.09215e-13 2.82157e-13 1.56284e-13 8.65329e-14 4.78954e-14 2.65007e-14 1.4658e-14 8.10504e-15 4.48021e-15 2.47577e-15 1.36771e-15 7.5536e-16 4.17054e-16 2.30204e-16 1.27034e-16 7.00836e-17 3.86548e-17 2.1315e-17 1.17507e-17 6.47654e-18 3.56881e-18 1.96612e-18 1.08293e-18 5.96351e-19 3.28333e-19 1.80734e-19 9.94671e-20 5.47314e-20 3.01101e-20 1.65619e-20 9.10811e-21 5.00807e-21 2.75321e-21 1.51333e-21 8.31683e-22 4.56995e-22 2.51071e-22 1.37916e-22 7.57468e-23 4.15959e-23 2.28388e-23 1.25382e-23 6.88229e-24 3.77722e-24 2.07277e-24 1.1373e-24 6.23934e-25 3.42253e-25 1.87716e-25 1.02944e-25 5.64479e-26 3.09487e-26 1.69662e-26 9.29986e-27 5.09705e-27 2.79326e-27 1.53058e-27 8.38599e-28 4.59415e-28 2.51657e-28 1.37838e-28 7.5489e-29 4.13385e-29 2.26351e-29 1.23927e-29 6.78437e-30 3.71373e-30 2.03269e-30 1.11248e-30 6.08795e-31 3.33128e-31 1.8227e-31 9.97191e-32 5.45513e-32 2.98397e-32 1.6321e-32 8.92614e-33 4.8814e-33
1.44325e-06 1.06556e-07 5.99476e-08 3.36909e-08 1.89159e-08 1.06105e-08 5.94653e-09 3.32988e-09 1.86316e-09 1.0417e-09 5.82007e-10 3.24949e-10 1.81309e-10 1.011e-10 5.63412e-11 3.138e-11 1.74679e-11 9.71857e-12 5.40435e-12 3.00382e-12 1.66879e-12 9.26689e-13 5.14373e-13 2.85391e-13 1.5828e-13 8.77493e-14 4.86292e-14 2.69396e-14 1.49188e-14 8.25895e-15 4.5706e-15 2.52861e-15 1.39847e-15 7.73204e-16 4.27373e-16 2.36154e-16 1.30456e-16 7.20464e-17 3.97784e-17 2.19569e-17 1.21168e-17 6.68491e-18 3.68724e-18 2.03332e-18 1.12102e-18 6.17909e-19 3.4052e-19 1.87615e-19 1.03349e-19 5.69186e-20 3.13414e-20 1.72544e-20 9.49724e-21 5.22657e-21 2.87579e-21 1.58205e-21 8.70182e-22 4.78548e-22 2.63129e-22 1.44658e-22 7.95142e-23 4.36999e-23 2.40132e-23 1.31933e-23 7.24757e-24 3.98079e-24 2.18617e-24 1.20043e-24 6.59071e-25 3.618e-25 1.98585e-25 1.08985e-25 5.98046e-26 3.2813e-26 1.80013e-26 9.87434e-27 5.41578e-27 2.97004e-27 1.6286e-27 8.92927e-28 4.89518e-28 2.68333e-28 1.47073e-28 8.06014e-29 4.4168e-29 2.42007e-29 1.32588e-29 7.26332e-30 3.97854e-30 2.17906e-30 1.19337e-30 6.53485e-31 3.57814e-31 1.95902e-31 1.07246e-31 5.87061e-32 3.21327e-32 1.75862e-32 9.62411e-33 5.26637e-33 2.88155e-33
7.75728e-07 5.82334e-08 3.28086e-08 1.84641e-08 1.03806e-08 5.83041e-09 3.27173e-09 1.83433e-09 1.02759e-09 5.75209e-10 3.21742e-10 1.79838e-10 1.00453e-10 5.60742e-11 3.12821e-11 1.7441e-11 9.71857e-12 5.41248e-12 3.01276e-12 1.67616e-12 9.32086e-13 5.18078e-13 2.87832e-13 1.59844e-13 8.87306e-14 4.92351e-14 2.73091e-14 1.51418e-14 8.39243e-15 4.64992e-15 2.57546e-15 1.426e-15 7.89307e-16 4.36753e-16 2.41599e-16 1.33606e-16 7.38637e-17 4.08241e-17 2.25571e-17 1.24605e-17 6.8814e-18 3.79934e-18 2.09717e-18 1.15733e-18 6.38526e-19 3.5221e-19 1.94235e-19 1.07093e-19 5.9034e-20 3.25352e-20 1.79274e-20 9.87631e-21 5.43987e-21 2.99572e-21 1.64942e-21 9.07998e-22 4.99759e-22 2.75018e-22 1.51317e-22 8.32417e-23 4.57851e-23 2.51789e-23 1.38446e-23 7.6113e-24 4.1838e-24 2.29942e-24 1.26358e-24 6.94261e-25 3.81402e-25 2.09499e-25 1.1506e-25 6.3184e-26 3.46923e-26 1.90459e-26 1.04548e-26 5.73822e-27 3.14909e-27 1.72798e-27 9.48073e-28 5.20108e-28 2.85296e-28 1.56476e-28 8.58129e-29 4.70554e-29 2.57999e-29 1.41443e-29 7.75352e-30 4.24982e-30 2.32916e-30 1.27639e-30 6.99398e-31 3.83198e-31 2.09933e-31 1.14999e-31 6.29898e-32 3.44988e-32 1.88929e-32 1.03456e-32 5.66464e-33 3.10135e-33 1.69782e-33
4.16944e-07 3.18162e-08 1.79506e-08 1.01161e-08 5.69491e-09 3.20273e-09 1.79946e-09 1.01012e-09 5.6654e-10 3.17496e-10 1.77791e-10 9.94867e-11 5.56309e-11 3.10868e-11 1.73604e-11 9.689e-12 5.40435e-12 3.01276e-12 1.67862e-12 9.34792e-13 5.20309e-13 2.89468e-13 1.60968e-13 8.94713e-14 4.97099e-14 2.76071e-14 1.53259e-14 8.50478e-15 4.71777e-15 2.61609e-15 1.45016e-15 8.03586e-16 4.45148e-16 2.46511e-16 1.36469e-16 7.55264e-17 4.17866e-17 2.31127e-17 1.27803e-17 7.06507e-18 3.9046e-18 2.15737e-18 1.19169e-18 6.58106e-19 3.6335e-19 2.00564e-19 1.10683e-19 6.10682e-20 3.36863e-20 1.85781e-20 1.02437e-20 5.6471e-21 3.11249e-21 1.71517e-21 9.44978e-22 5.20543e-22 2.8669e-22 1.57867e-22 8.69149e-23 4.78435e-23 2.63317e-23 1.44898e-23 7.97216e-24 4.38552e-24 2.41212e-24 1.32651e-24 7.29384e-25 4.00995e-25 2.20424e-25 1.21148e-25 6.65754e-26 3.65807e-26 2.0097e-26 1.10396e-26 6.06343e-27 3.32988e-27 1.82845e-27 1.00389e-27 5.51103e-28 3.02502e-28 1.66025e-28 9.11104e-29 4.99934e-29 2.74289e-29 1.50472e-29 8.25383e-30 4.52698e-30 2.48265e-30 1.36137e-30 7.46438e-31 4.09229e-31 2.24334e-31 1.22965e-31 6.73946e-32 3.69341e-32 2.02389e-32 1.10894e-32 6.07558e-33 3.32835e-33 1.82318e-33 9.98603e-34
2.24102e-07 1.73785e-08 9.81862e-09 5.54084e-09 3.12333e-09 1.75875e-09 9.8938e-10 5.56052e-10 3.12237e-10 1.75181e-10 9.82075e-11 5.50139e-11 3.07954e-11 1.72266e-11 9.63003e-12 5.38e-12 3.00382e-12 1.67616e-12 9.34792e-13 5.21054e-13 2.90288e-13 1.61644e-13 8.99674e-14 5.00509e-14 2.78321e-14 1.54702e-14 8.59539e-15 4.77379e-15 2.65029e-15 1.47082e-15 8.15965e-16 4.52512e-16 2.50866e-16 1.3903e-16 7.70262e-17 4.26612e-17 2.36208e-17 1.30747e-17 7.23504e-18 4.00249e-18 2.21362e-18 1.22394e-18 6.76559e-19 3.73889e-19 2.06573e-19 1.14104e-19 6.30122e-20 3.47898e-20 1.92035e-20 1.05978e-20 5.84736e-21 3.22562e-21 1.77901e-21 9.80971e-22 5.40817e-22 2.981e-22 1.64283e-22 9.05196e-23 4.98673e-23 2.74671e-23 1.51264e-23 8.32882e-24 4.58522e-24 2.52387e-24 1.38901e-24 7.64318e-25 4.20511e-25 2.31321e-25 1.2723e-25 6.99678e-26 3.84721e-26 2.11511e-26 1.16268e-26 6.39041e-27 3.51187e-27 1.92971e-27 1.0602e-27 5.82414e-28 3.19904e-28 1.75693e-28 9.64799e-29 5.29746e-29 2.90835e-29 1.59653e-29 8.76307e-30 4.80936e-30 2.63919e-30 1.44813e-30 7.94504e-31 4.35853e-31 2.39077e-31 1.31127e-31 7.19121e-32 3.94338e-32 2.16218e-32 1.18543e-32 6.49852e-33 3.56216e-33 1.95241e-33 1.07002e-33 5.86366e-34
1.20452e-07 9.48992e-09 5.36916e-09 3.034e-09 1.71247e-09 9.6551e-10 5.43809e-10 3.05995e-10 1.72023e-10 9.66227e-11 5.42269e-11 3.04095e-11 1.70404e-11 9.54202e-12 5.33956e-12 2.98599e-12 1.66879e-12 9.32086e-13 5.20309e-13 2.90288e-13 1.6187e-13 9.02162e-14 5.02562e-14 2.79828e-14 1.55738e-14 8.66378e-15 4.81766e-15 2.67786e-15 1.48788e-15 8.26382e-16 4.5881e-16 2.54641e-16 1.41277e-16 7.83556e-17 4.34435e-17 2.40791e-17 1.3342e-17 7.39048e-18 4.09257e-18 2.26566e-18 1.25393e-18 6.938e-19 3.83778e-19 2.12234e-19 1.17338e-19 6.48574e-20 3.58406e-20 1.98011e-20 1.09372e-20 6.03981e-21 3.33463e-21 1.84068e-21 1.01583e-21 5.60497e-22 3.092e-22 1.70538e-22 9.40415e-23 5.18486e-23 2.85808e-23 1.57519e-23 8.67995e-24 4.78218e-24 2.63427e-24 1.45085e-24 7.98941e-25 4.39883e-25 2.42154e-25 1.33284e-25 7.33499e-26 4.03605e-26 2.22049e-26 1.22146e-26 6.71815e-27 3.69453e-27 2.03146e-27 1.11687e-27 6.13953e-28 3.37453e-28 1.85454e-28 1.01907e-28 5.59909e-29 3.07595e-29 1.68962e-29 9.27995e-30 5.09628e-30 2.7984e-30 1.53645e-30 8.43488e-31 4.63011e-31 2.54131e-31 1.39469e-31 7.65332e-32 4.19932e-32 2.3039e-32 1.26387e-32 6.93268e-33 3.80238e-33 2.0853e-33 1.14351e-33 6.27005e-34 3.43765e-34
6.47416e-08 5.18092e-09 2.93528e-09 1.66088e-09 9.3865e-10 5.29883e-10 2.9881e-10 1.68335e-10 9.47419e-11 5.32745e-11 2.99314e-11 1.68028e-11 9.42545e-12 5.28328e-12 2.95938e-12 1.65656e-12 9.26689e-13 5.18078e-13 2.89468e-13 1.61644e-13 9.02162e-14 5.03248e-14 2.80583e-14 1.56362e-14 8.70957e-15 4.84917e-15 2.69867e-15 1.50124e-15 8.34781e-16 4.64007e-16 2.57817e-16 1.43199e-16 7.95079e-17 4.41297e-17 2.44853e-17 1.35812e-17 7.53064e-18 4.17438e-18 2.31324e-18 1.28152e-18 7.09746e-19 3.92972e-19 2.17522e-19 1.20373e-19 6.65954e-20 3.68342e-20 2.03681e-20 1.12602e-20 6.2236e-21 3.43905e-21 1.89993e-21 1.0494e-21 5.79501e-22 3.19945e-22 1.76608e-22 9.74666e-23 5.37796e-23 2.96685e-23 1.63641e-23 9.02423e-24 4.97564e-24 2.74291e-24 1.51181e-24 8.33128e-25 4.59042e-25 2.52885e-25 1.39291e-25 7.67103e-26 4.22394e-26 2.3255e-26 1.28012e-26 7.04562e-27 3.87727e-27 2.13339e-27 1.1737e-27 6.45626e-28 3.55097e-28 1.95279e-28 1.07376e-28 5.90342e-29 3.24523e-29 1.78374e-29 9.80316e-30 5.387e-30 2.9599e-30 1.62613e-30 8.93274e-31 4.90641e-31 2.6946e-31 1.47971e-31 8.12479e-32 4.46068e-32 2.44875e-32 1.34413e-32 7.37724e-33 4.04858e-33 2.22161e-33 1.21896e-33 6.68759e-34 3.66866e-34 2.01235e-34
3.47978e-08 2.82779e-09 1.6043e-09 9.08962e-10 5.14359e-10 2.90723e-10 1.6414e-10 9.2576e-11 5.21623e-11 2.93638e-11 1.65153e-11 9.28103e-12 5.21148e-12 2.92413e-12 1.63953e-12 9.18632e-13 5.14373e-13 2.87832e-13 1.60968e-13 8.99674e-14 5.02562e-14 2.80583e-14 1.5657e-14 8.73253e-15 4.86815e-15 2.7126e-15 1.51083e-15 8.41119e-16 4.68078e-16 2.60378e-16 1.44784e-16 8.04771e-17 4.47162e-17 2.48373e-17 1.37909e-17 7.65483e-18 4.24754e-18 2.35614e-18 1.30657e-18 7.24323e-19 4.01427e-19 2.22411e-19 1.23193e-19 6.82183e-20 3.77659e-20 2.0902e-20 1.15656e-20 6.39795e-21 3.53843e-21 1.95649e-21 1.08155e-21 5.97751e-22 3.30292e-22 1.82467e-22 1.00781e-22 5.56526e-23 3.07259e-23 1.69605e-23 9.36032e-24 5.16488e-24 2.84938e-24 1.57167e-24 8.66754e-25 4.7792e-25 2.63475e-25 1.45229e-25 8.00375e-26 4.41026e-26 2.42978e-26 1.33845e-26 7.37175e-27 4.05951e-27 2.23518e-27 1.23052e-27 6.77335e-28 3.72784e-28 2.0514e-28 1.12872e-28 6.20959e-29 3.41572e-29 1.87865e-29 1.03313e-29 5.68078e-30 3.12326e-30 1.71694e-30 9.43739e-31 5.18676e-31 2.8503e-31 1.56615e-31 8.60458e-32 4.7269e-32 2.59643e-32 1.42603e-32 7.83131e-33 4.30026e-33 2.36108e-33 1.29623e-33 7.11554e-34 3.90564e-34 2.14355e-34 1.17634e-34
1.87034e-08 1.54307e-09 8.76626e-10 4.9733e-10 2.81783e-10 1.59462e-10 9.0138e-11 5.0897e-11 2.87102e-11 1.61795e-11 9.10956e-12 5.12456e-12 2.88045e-12 1.6178e-12 9.07961e-13 5.09215e-13 2.85391e-13 1.59844e-13 8.94713e-14 5.00509e-14 2.79828e-14 1.56362e-14 8.73253e-15 4.87448e-15 2.71959e-15 1.51661e-15 8.45363e-16 4.71001e-16 2.6231e-16 1.46026e-16 8.12585e-17 4.52003e-17 2.51333e-17 1.39701e-17 7.76243e-18 4.31168e-18 2.39414e-18 1.32896e-18 7.37462e-19 4.09103e-19 2.2688e-19 1.25787e-19 6.97187e-20 3.86318e-20 2.14004e-20 1.18519e-20 6.56207e-21 3.63233e-21 2.01013e-21 1.11214e-21 6.15169e-22 3.40197e-22 1.88092e-22 1.03971e-22 5.746e-23 3.17488e-23 1.75388e-23 9.68692e-24 5.34917e-24 2.95327e-24 1.6302e-24 8.99695e-25 4.96447e-25 2.73888e-25 1.51077e-25 8.33197e-26 4.59436e-26 2.53298e-26 1.39626e-26 7.69545e-27 4.24066e-27 2.3365e-27 1.28716e-27 7.08984e-28 3.9046e-28 2.15008e-28 1.18378e-28 6.51669e-29 3.58694e-29 1.97407e-29 1.08629e-29 5.97682e-30 3.28806e-30 1.80865e-30 9.94756e-31 5.47047e-31 3.00802e-31 1.65381e-31 9.09156e-32 4.99738e-32 2.74661e-32 1.50939e-32 8.29392e-33 4.55691e-33 2.50342e-33 1.37516e-33 7.5531e-34 4.14813e-34 2.27791e-34 1.25077e-34 6.86711e-35
1.00529e-08 8.41834e-10 4.78897e-10 2.72042e-10 1.5433e-10 8.74422e-11 4.94858e-11 2.79743e-11 1.57973e-11 8.91206e-12 5.02304e-12 2.82859e-12 1.5915e-12 8.94736e-13 5.02633e-13 2.82157e-13 1.5828e-13 8.87306e-14 4.97099e-14 2.78321e-14 1.55738e-14 8.70957e-15 4.86815e-15 2.71959e-15 1.51853e-15 8.47491e-16 4.72761e-16 2.63604e-16 1.46917e-16 8.18481e-17 4.55793e-17 2.5372e-17 1.4118e-17 7.85293e-18 4.3665e-18 2.42707e-18 1.3486e-18 7.49099e-19 4.15965e-19 2.30907e-19 1.28141e-19 7.10897e-20 3.94276e-20 2.18611e-20 1.21178e-20 6.71525e-21 3.72036e-21 2.06061e-21 1.14104e-21 6.31682e-22 3.49618e-22 1.93458e-22 1.07024e-22 5.91945e-23 3.2733e-23 1.80966e-23 1.00027e-23 5.52779e-24 3.0542e-24 1.68717e-24 9.31827e-25 5.14554e-25 2.84084e-25 1.56814e-25 8.65452e-26 4.77559e-26 2.63474e-26 1.45336e-26 8.01565e-27 4.42012e-27 2.43702e-27 1.34344e-27 7.40472e-28 4.08069e-28 2.24851e-28 1.23878e-28 6.82383e-29 3.75839e-29 2.06974e-29 1.13965e-29 6.2743e-30 3.45385e-30 1.90101e-30 1.04619e-30 5.7568e-31 3.16736e-31 1.74245e-31 9.58456e-32 5.27146e-32 2.89894e-32 1.59403e-32 8.76406e-33 4.81797e-33 2.64835e-33 1.45559e-33 7.99937e-34 4.39568e-34 2.41519e-34 1.32688e-34 7.28897e-35 4.00367e-35
5.40329e-09 4.59169e-10 2.61559e-10 1.48773e-10 8.45043e-11 4.7937e-11 2.71603e-11 1.5371e-11 8.68965e-12 4.90749e-12 2.76884e-12 1.56077e-12 8.79031e-13 4.94664e-13 2.78148e-13 1.56284e-13 8.77493e-14 4.92351e-14 2.76071e-14 1.54702e-14 8.66378e-15 4.84917e-15 2.7126e-15 1.51661e-15 8.47491e-16 4.73349e-16 2.64252e-16 1.47454e-16 8.22428e-17 4.58514e-17 2.5552e-17 1.42338e-17 7.92588e-18 4.41172e-18 2.45475e-18 1.36538e-18 7.59181e-19 4.21979e-19 2.34474e-19 1.30244e-19 7.23249e-20 4.015e-20 2.2282e-20 1.23623e-20 6.85679e-21 3.80211e-21 2.10772e-21 1.16812e-21 6.47219e-22 3.58515e-22 1.98545e-22 1.09928e-22 6.0849e-23 3.36746e-23 1.86318e-23 1.03065e-23 5.70004e-24 3.15176e-24 1.74237e-24 9.63029e-25 5.32175e-25 2.94026e-25 1.62418e-25 8.97025e-26 4.95331e-26 2.7347e-26 1.50955e-26 8.33125e-27 4.59728e-27 2.53641e-27 1.39916e-27 7.71696e-28 4.25556e-28 2.3464e-28 1.29354e-28 7.13006e-29 3.92955e-29 2.16536e-29 1.19304e-29 6.57237e-30 3.62016e-30 1.99377e-30 1.0979e-30 6.04501e-31 3.32792e-31 1.83187e-31 1.00823e-31 5.54849e-32 3.05306e-32 1.67975e-32 9.24064e-33 5.08287e-33 2.79554e-33 1.53735e-33 8.45344e-34 4.64778e-34 2.55511e-34 1.40452e-34 7.7197e-35 4.24255e-35 2.33136e-35
2.9042e-09 2.50395e-10 1.42824e-10 8.13416e-11 4.62597e-11 2.62731e-11 1.49031e-11 8.4436e-12 4.77856e-12 2.70154e-12 1.52579e-12 8.60935e-13 4.85353e-13 2.73387e-13 1.53867e-13 8.65329e-14 4.86292e-14 2.73091e-14 1.53259e-14 8.59539e-15 4.81766e-15 2.69867e-15 1.51083e-15 8.45363e-16 4.72761e-16 2.64252e-16 1.47633e-16 8.24407e-17 4.60152e-17 2.56725e-17 1.43169e-17 7.9809e-18 4.44712e-18 2.47707e-18 1.37921e-18 7.67657e-19 4.27118e-19 2.37563e-19 1.32088e-19 7.34187e-20 4.07954e-20 2.26611e-20 1.25841e-20 6.98608e-21 3.87723e-21 2.15124e-21 1.19326e-21 6.61713e-22 3.66851e-22 2.03329e-22 1.12669e-22 6.24166e-23 3.45697e-23 1.91421e-23 1.05971e-23 5.86524e-24 3.24558e-24 1.79558e-24 9.93181e-25 5.49242e-25 3.03677e-25 1.67871e-25 9.278e-26 5.12687e-26 2.8325e-26 1.56462e-26 8.64114e-27 4.77153e-27 2.63432e-27 1.45414e-27 8.02554e-28 4.42864e-28 2.44342e-28 1.3479e-28 7.43444e-29 4.09991e-29 2.26066e-29 1.24633e-29 6.87016e-30 3.78652e-30 2.08666e-30 1.14975e-30 6.33429e-31 3.48926e-31 1.92182e-31 1.05836e-31 5.82776e-32 3.20859e-32 1.76634e-32 9.72253e-33 5.35097e-33 2.94466e-33 1.62027e-33 8.91431e-34 4.90388e-34 2.69739e-34 1.48354e-34 8.15843e-35 4.48609e-35 2.46651e-35 1.35598e-35
1.56097e-09 1.36518e-10 7.79724e-11 4.44634e-11 2.53177e-11 1.43961e-11 8.17533e-12 4.637e-12 2.62708e-12 1.48675e-12 8.40548e-13 4.74752e-13 2.679e-13 1.51043e-13 8.5088e-14 4.78954e-14 2.69396e-14 1.51418e-14 8.50478e-15 4.77379e-15 2.67786e-15 1.50124e-15 8.41119e-16 4.71001e-16 2.63604e-16 1.47454e-16 8.24407e-17 4.60699e-17 2.5733e-17 1.4367e-17 8.01774e-18 4.47254e-18 2.4939e-18 1.39005e-18 7.74487e-19 4.31356e-19 2.4016e-19 1.33663e-19 7.43659e-20 4.1361e-20 2.29968e-20 1.27822e-20 7.10253e-21 3.94538e-21 2.19098e-21 1.21636e-21 6.751e-22 3.74589e-22 2.07792e-22 1.15236e-22 6.38908e-23 3.54146e-23 1.96255e-23 1.08732e-23 6.02273e-24 3.33527e-24 1.8466e-24 1.02217e-24 5.65689e-25 3.13e-25 1.7315e-25 9.57662e-26 5.29564e-26 2.9278e-26 1.61839e-26 8.94424e-27 4.94226e-27 2.73043e-27 1.50821e-27 8.32943e-28 4.59936e-28 2.53926e-28 1.40167e-28 7.73599e-29 4.26892e-29 2.35533e-29 1.29933e-29 7.16679e-30 3.95243e-30 2.17942e-30 1.20159e-30 6.62386e-31 3.65095e-31 2.01206e-31 1.10871e-31 6.10855e-32 3.36513e-32 1.85358e-32 1.02085e-32 5.62164e-33 3.09535e-33 1.70413e-33 9.38093e-34 5.16342e-34 2.8417e-34 1.56376e-34 8.60426e-35 4.73378e-35 2.60408e-35 1.43237e-35 7.87787e-36
8.39003e-10 7.44162e-11 4.25587e-11 2.42996e-11 1.38531e-11 7.88637e-12 4.48361e-12 2.54586e-12 1.44388e-12 8.17986e-13 4.62919e-13 2.61717e-13 1.47826e-13 8.34226e-14 4.70377e-14 2.65007e-14 1.49188e-14 8.39243e-15 4.71777e-15 2.65029e-15 1.48788e-15 8.34781e-16 4.68078e-16 2.6231e-16 1.46917e-16 8.22428e-17 4.60152e-17 2.5733e-17 1.43837e-17 8.0362e-18 4.48784e-18 2.50516e-18 1.39783e-18 7.79639e-19 4.34674e-19 2.42252e-19 1.34962e-19 7.51621e-20 4.18441e-20 2.32874e-20 1.29559e-20 7.2056e-21 4.00626e-21 2.22676e-21 1.23732e-21 6.87323e-22 3.81697e-22 2.11912e-22 1.17619e-22 6.52654e-23 3.62057e-23 2.008e-23 1.11338e-23 6.17186e-24 3.42049e-24 1.89523e-24 1.04987e-24 5.81453e-25 3.21959e-25 1.78235e-25 9.86501e-26 5.459e-26 3.02024e-26 1.67065e-26 9.23947e-27 5.10889e-27 2.8244e-27 1.56116e-27 8.6276e-28 4.76714e-28 2.63361e-28 1.45469e-28 8.03377e-29 4.43605e-29 2.44909e-29 1.3519e-29 7.46135e-30 4.11741e-30 2.27178e-30 1.25327e-30 6.91287e-31 3.81251e-31 2.10234e-31 1.15914e-31 6.3901e-32 3.52227e-32 1.94124e-32 1.06974e-32 5.89421e-33 3.24725e-33 1.78876e-33 9.85222e-34 5.42581e-34 2.98774e-34 1.64502e-34 9.05622e-35 4.9851e-35 2.7438e-35 1.51002e-35 8.30929e-36 4.57192e-36
4.50954e-10 4.05564e-11 2.32246e-11 1.32771e-11 7.57834e-12 4.31925e-12 2.45836e-12 1.39741e-12 7.93373e-13 4.4992e-13 2.54874e-13 1.44236e-13 8.15456e-14 4.60608e-14 2.59946e-14 1.4658e-14 8.25895e-15 4.64992e-15 2.61609e-15 1.47082e-15 8.26382e-16 4.64007e-16 2.60378e-16 1.46026e-16 8.18481e-17 4.58514e-17 2.56725e-17 1.4367e-17 8.0362e-18 4.49295e-18 2.51081e-18 1.40251e-18 7.83088e-19 4.37055e-19 2.43831e-19 1.35979e-19 7.58036e-20 4.22425e-20 2.35317e-20 1.31041e-20 7.29484e-21 4.05958e-21 2.25844e-21 1.25603e-21 6.98328e-22 3.88143e-22 2.15674e-22 1.19807e-22 6.65345e-23 3.69399e-23 2.05036e-23 1.13777e-23 6.31204e-24 3.50089e-24 1.94126e-24 1.07619e-24 5.96473e-25 3.3052e-25 1.83109e-25 1.01421e-25 5.61633e-26 3.10949e-26 1.72122e-26 9.52575e-27 5.2708e-27 2.91589e-27 1.61281e-27 8.91901e-28 4.93141e-28 2.72614e-28 1.50678e-28 8.32677e-29 4.60077e-29 2.54163e-29 1.40386e-29 7.75293e-30 4.28095e-30 2.36345e-30 1.30463e-30 7.20049e-31 3.9735e-31 2.19241e-31 1.20951e-31 6.67165e-32 3.67958e-32 2.0291e-32 1.1188e-32 6.16796e-33 3.39997e-33 1.87393e-33 1.0327e-33 5.69042e-34 3.13516e-34 1.72712e-34 9.51331e-35 5.23951e-35 2.88536e-35 1.58876e-35 8.74717e-36 4.81536e-36 2.65058e-36
2.42382e-10 2.20988e-11 1.26713e-11 7.25299e-12 4.14484e-12 2.36506e-12 1.34761e-12 7.66846e-13 4.35826e-13 2.47406e-13 1.4029e-13 7.94675e-14 4.497e-14 2.54242e-14 1.4361e-14 8.10504e-15 4.5706e-15 2.57546e-15 1.45016e-15 8.15965e-16 4.5881e-16 2.57817e-16 1.44784e-16 8.12585e-17 4.55793e-17 2.5552e-17 1.43169e-17 8.01774e-18 4.48784e-18 2.51081e-18 1.40407e-18 7.84816e-19 4.38489e-19 2.44887e-19 1.36708e-19 7.62874e-20 4.25542e-20 2.37285e-20 1.32264e-20 7.36984e-21 4.10512e-21 2.28586e-21 1.27242e-21 7.08067e-22 3.93899e-22 2.1906e-22 1.21791e-22 6.76929e-23 3.76139e-23 2.08947e-23 1.1604e-23 6.44269e-24 3.57614e-24 1.98452e-24 1.10101e-24 6.10689e-25 3.38649e-25 1.8775e-25 1.04067e-25 5.76703e-26 3.1952e-26 1.76991e-26 9.80203e-27 5.42741e-27 3.00458e-27 1.66299e-27 9.20265e-28 5.09161e-28 2.81655e-28 1.55776e-28 8.61405e-29 4.76253e-29 2.63266e-29 1.45505e-29 8.04062e-30 4.44253e-30 2.45416e-30 1.35552e-30 7.48585e-31 4.13344e-31 2.282e-31 1.25967e-31 6.9524e-32 3.83663e-32 2.11692e-32 1.16788e-32 6.4422e-33 3.55313e-33 1.95943e-33 1.08042e-33 5.9566e-34 3.2836e-34 1.80987e-34 9.97448e-35 5.49643e-35 3.02844e-35 1.66842e-35 9.19058e-36 5.06208e-36 2.78783e-36 1.53516e-36
1.30278e-10 1.20392e-11 6.91214e-12 3.96136e-12 2.26648e-12 1.29474e-12 7.38552e-13 4.20717e-13 2.39355e-13 1.36011e-13 7.71994e-14 4.37711e-14 2.47926e-14 1.40293e-14 7.93152e-15 4.48021e-15 2.52861e-15 1.426e-15 8.03586e-16 4.52512e-16 2.54641e-16 1.43199e-16 8.04771e-17 4.52003e-17 2.5372e-17 1.42338e-17 7.9809e-18 4.47254e-18 2.50516e-18 1.40251e-18 7.84816e-19 4.38967e-19 2.45416e-19 1.37148e-19 7.66112e-20 4.2778e-20 2.38769e-20 1.33221e-20 7.43026e-21 4.14267e-21 2.3089e-21 1.28642e-21 7.16497e-22 3.98939e-22 2.22056e-22 1.23563e-22 6.87354e-23 3.8225e-23 2.12516e-23 1.18118e-23 6.56326e-24 3.64595e-24 2.02483e-24 1.12423e-24 6.24045e-25 3.46315e-25 1.92143e-25 1.0658e-25 5.91055e-26 3.27706e-26 1.81654e-26 1.00673e-26 5.57816e-27 3.09015e-27 1.71151e-27 9.47752e-28 5.24717e-28 2.90451e-28 1.60746e-28 8.89461e-29 4.9208e-29 2.72187e-29 1.5053e-29 8.32349e-30 4.60166e-30 2.54362e-30 1.40578e-30 7.76811e-31 4.29184e-31 2.37086e-31 1.30949e-31 7.23155e-32 3.99298e-32 2.20445e-32 1.21686e-32 6.71617e-33 3.70631e-33 2.04504e-33 1.12825e-33 6.22369e-34 3.4327e-34 1.89307e-34 1.04386e-34 5.75526e-35 3.17273e-35 1.74883e-35 9.63853e-36 5.31156e-36 2.92673e-36 1.61248e-36 8.88289e-37
7.00226e-11 6.55768e-12 3.76983e-12 2.16315e-12 1.2391e-12 7.08646e-13 4.04673e-13 2.30766e-13 1.31422e-13 7.47535e-14 4.24707e-14 2.4103e-14 1.36647e-14 7.73932e-15 4.37925e-15 2.47577e-15 1.39847e-15 7.89307e-16 4.45148e-16 2.50866e-16 1.41277e-16 7.95079e-17 4.47162e-17 2.51333e-17 1.4118e-17 7.92588e-18 4.44712e-18 2.4939e-18 1.39783e-18 7.83088e-19 4.38489e-19 2.45416e-19 1.37294e-19 7.67734e-20 4.29127e-20 2.39763e-20 1.33907e-20 7.47581e-21 4.17205e-21 2.32745e-21 1.29795e-21 7.23579e-22 4.03243e-22 2.24649e-22 1.25114e-22 6.96577e-23 3.87705e-23 2.15727e-23 1.20001e-23 6.67327e-24 3.71001e-24 2.06202e-24 1.14577e-24 6.36488e-25 3.53487e-25 1.96268e-25 1.08949e-25 6.04632e-26 3.35475e-26 1.86093e-26 1.03206e-26 5.72249e-27 3.17229e-27 1.7582e-27 9.74265e-28 5.39756e-28 2.98973e-28 1.65571e-28 9.16752e-29 5.07504e-29 2.80897e-29 1.55445e-29 8.60063e-30 4.75782e-30 2.63155e-30 1.45526e-30 8.04637e-31 4.44824e-31 2.45871e-31 1.35881e-31 7.50829e-32 4.14818e-32 2.29145e-32 1.26561e-32 6.98913e-33 3.8591e-33 2.13053e-33 1.17606e-33 6.49099e-34 3.58207e-34 1.97652e-34 1.09046e-34 6.01537e-35 3.31787e-35 1.8298e-35 1.009e-35 5.56325e-36 3.06699e-36 1.69061e-36 9.31807e-37 5.1352e-37
