0.370175 0.0203004 0.01329 0.00936592 0.00695056 0.00534584 0.00421564 0.00338422 0.00275249 0.00226073 0.00187082 0.00155724 0.00130223 0.00109301 0.000920132 0.000776455 0.000656473 0.000555877 0.000471247 0.000399839 0.000339431 0.000288205 0.000244666 0.000207578 0.000175907 0.000148792 0.000125506 0.000105434 8.80555e-05 7.29241e-05 6.23059e-05
0.0203004 0.00254415 0.00154414 0.00100145 0.000683104 0.000484169 0.00035341 0.000263925 0.00020067 0.000154774 0.000120759 9.51075e-05 7.5486e-05 6.02981e-05 4.8425e-05 3.90652e-05 3.16337e-05 2.56968e-05 2.09282e-05 1.70797e-05 1.39603e-05 1.14218e-05 9.34842e-06 7.64894e-06 6.25109e-06 5.09736e-06 4.14185e-06 3.34784e-06 2.68605e-06 2.13337e-06 1.77839e-06
0.01329 0.00154414 0.000898241 0.000563868 0.000375755 0.000262105 0.00018929 0.000140378 0.000106257 8.17267e-05 6.3661e-05 5.00958e-05 3.97487e-05 3.17539e-05 2.55105e-05 2.05912e-05 1.6686e-05 1.35657e-05 1.10586e-05 9.03431e-06 7.39262e-06 6.05594e-06 4.96359e-06 4.06779e-06 3.33076e-06 2.72239e-06 2.21872e-06 1.80062e-06 1.45297e-06 1.19276e-06 9.94991e-07
0.00936592 0.00100145 0.000563868 0.000345062 0.000225816 0.000155629 0.000111539 8.23348e-05 6.21555e-05 4.77387e-05 3.71635e-05 2.92421e-05 2.32082e-05 1.85491e-05 1.49114e-05 1.20449e-05 9.76857e-06 7.94896e-06 6.48621e-06 5.3045e-06 4.34567e-06 3.56461e-06 2.92607e-06 2.40232e-06 1.97136e-06 1.61573e-06 1.3215e-06 1.07765e-06 8.86702e-07 7.27945e-07 6.07477e-07
0.00695056 0.000683104 0.000375755 0.000225816 0.000145942 9.9794e-05 7.11977e-05 5.24301e-05 3.95373e-05 3.03574e-05 2.36358e-05 1.86051e-05 1.47739e-05 1.18151e-05 9.50422e-06 7.68238e-06 6.23488e-06 5.07724e-06 4.14618e-06 3.39369e-06 2.7829e-06 2.28521e-06 1.87828e-06 1.54448e-06 1.26986e-06 1.04335e-06 8.56123e-07 7.05604e-07 5.8069e-07 4.76746e-07 3.97886e-07
0.00534584 0.000484169 0.000262105 0.000155629 9.9794e-05 6.79336e-05 4.83612e-05 3.55844e-05 2.68322e-05 2.06085e-05 1.6053e-05 1.26428e-05 1.00446e-05 8.03705e-06 6.4682e-06 5.23075e-06 4.24713e-06 3.46016e-06 2.82703e-06 2.31521e-06 1.89969e-06 1.56111e-06 1.28426e-06 1.05721e-06 8.70477e-07 7.16535e-07 5.91148e-07 4.87293e-07 4.01061e-07 3.29278e-07 2.7478e-07
0.00421564 0.00035341 0.00018929 0.000111539 7.11977e-05 4.83612e-05 3.44033e-05 2.53156e-05 1.90967e-05 1.46746e-05 1.14364e-05 9.01077e-06 7.16156e-06 5.73194e-06 4.6142e-06 3.73224e-06 3.031e-06 2.46985e-06 2.01834e-06 1.65333e-06 1.35702e-06 1.11559e-06 9.18228e-07 7.56404e-07 6.23369e-07 5.14453e-07 4.24453e-07 3.49895e-07 2.87978e-07 2.36433e-07 1.97255e-07
0.00338422 0.000263925 0.000140378 8.23348e-05 5.24301e-05 3.55844e-05 2.53156e-05 1.86364e-05 1.40655e-05 1.08133e-05 8.43012e-06 6.6438e-06 5.28118e-06 4.22729e-06 3.40307e-06 2.7526e-06 2.23537e-06 1.82147e-06 1.48848e-06 1.21931e-06 1.00084e-06 8.22882e-07 6.77447e-07 5.58244e-07 4.60572e-07 3.80078e-07 3.13568e-07 2.58473e-07 2.12724e-07 1.74642e-07 1.4566e-07
0.00275249 0.00020067 0.000106257 6.21555e-05 3.95373e-05 2.68322e-05 1.90967e-05 1.40655e-05 1.06203e-05 8.16729e-06 6.36841e-06 5.01929e-06 3.98975e-06 3.19328e-06 2.57032e-06 2.07868e-06 1.68778e-06 1.37503e-06 1.12346e-06 9.20168e-07 7.55216e-07 6.20893e-07 5.1116e-07 4.21372e-07 3.47591e-07 2.86801e-07 2.36583e-07 1.94994e-07 1.60466e-07 1.31733e-07 1.09836e-07
0.00226073 0.000154774 8.17267e-05 4.77387e-05 3.03574e-05 2.06085e-05 1.46746e-05 1.08133e-05 8.16729e-06 6.28184e-06 4.89834e-06 3.86031e-06 3.06799e-06 2.45499e-06 1.97555e-06 1.59724e-06 1.29651e-06 1.05597e-06 8.62544e-07 7.06289e-07 5.79551e-07 4.76386e-07 3.9219e-07 3.23222e-07 2.66569e-07 2.19906e-07 1.81371e-07 1.49466e-07 1.22987e-07 1.00959e-07 8.41488e-08
0.00187082 0.000120759 6.3661e-05 3.71635e-05 2.36358e-05 1.6053e-05 1.14364e-05 8.43012e-06 6.36841e-06 4.89834e-06 3.81913e-06 3.00919e-06 2.39093e-06 1.91262e-06 1.53859e-06 1.24353e-06 1.00905e-06 8.21561e-07 6.70855e-07 5.49156e-07 4.50487e-07 3.70225e-07 3.04702e-07 2.51051e-07 2.06996e-07 1.70723e-07 1.4078e-07 1.15997e-07 9.54365e-08 7.83374e-08 6.52719e-08
0.00155724 9.51075e-05 5.00958e-05 2.92421e-05 1.86051e-05 1.26428e-05 9.01077e-06 6.6438e-06 5.01929e-06 3.86031e-06 3.00919e-06 2.37036e-06 1.88272e-06 1.50554e-06 1.21066e-06 9.7811e-07 7.93376e-07 6.45722e-07 5.27081e-07 4.31318e-07 3.53718e-07 2.906e-07 2.39095e-07 1.96939e-07 1.62337e-07 1.33859e-07 1.10358e-07 9.09162e-08 7.47919e-08 6.13874e-08 5.1132e-08
0.00130223 7.5486e-05 3.97487e-05 2.32082e-05 1.47739e-05 1.00446e-05 7.16156e-06 5.28118e-06 3.98975e-06 3.06799e-06 2.39093e-06 1.88272e-06 1.49485e-06 1.1949e-06 9.60477e-07 7.7567e-07 6.2892e-07 5.11674e-07 4.17507e-07 3.41534e-07 2.79988e-07 2.29949e-07 1.89133e-07 1.5574e-07 1.28342e-07 1.05802e-07 8.72095e-08 7.18334e-08 5.90861e-08 4.8493e-08 4.03787e-08
0.00109301 6.02981e-05 3.17539e-05 1.85491e-05 1.18151e-05 8.03705e-06 5.73194e-06 4.22729e-06 3.19328e-06 2.45499e-06 1.91262e-06 1.50554e-06 1.1949e-06 9.54745e-07 7.6712e-07 6.19262e-07 5.01901e-07 4.08174e-07 3.32931e-07 2.72247e-07 2.23107e-07 1.83173e-07 1.50612e-07 1.23984e-07 1.02145e-07 8.41855e-08 6.93771e-08 5.71354e-08 4.69905e-08 3.85632e-08 3.21005e-08
0.000920132 4.8425e-05 2.55105e-05 1.49114e-05 9.50422e-06 6.4682e-06 4.6142e-06 3.40307e-06 2.57032e-06 1.97555e-06 1.53859e-06 1.21066e-06 9.60477e-07 7.6712e-07 6.1611e-07 4.97155e-07 4.02773e-07 3.27432e-07 2.66971e-07 2.1823e-07 1.78778e-07 1.46729e-07 1.20609e-07 9.92563e-08 8.17514e-08 6.73616e-08 5.55012e-08 4.57003e-08 3.75811e-08 3.08391e-08 2.56631e-08
0.000776455 3.90652e-05 2.05912e-05 1.20449e-05 7.68238e-06 5.23075e-06 3.73224e-06 2.7526e-06 2.07868e-06 1.59724e-06 1.24353e-06 9.7811e-07 7.7567e-07 6.19262e-07 4.97155e-07 4.01004e-07 3.24749e-07 2.63901e-07 2.15091e-07 1.75759e-07 1.43935e-07 1.18094e-07 9.70422e-08 7.98392e-08 6.57417e-08 5.41573e-08 4.46127e-08 3.67285e-08 3.01996e-08 2.47801e-08 2.06151e-08
0.000656473 3.16337e-05 1.6686e-05 9.76857e-06 6.23488e-06 4.24713e-06 3.031e-06 2.23537e-06 1.68778e-06 1.29651e-06 1.00905e-06 7.93376e-07 6.2892e-07 5.01901e-07 4.02773e-07 3.24749e-07 2.62893e-07 2.13554e-07 1.73993e-07 1.42127e-07 1.16355e-07 9.54351e-08 7.8399e-08 6.44832e-08 5.30836e-08 4.37198e-08 3.60076e-08 2.96394e-08 2.43677e-08 1.99935e-08 1.66283e-08
0.000555877 2.56968e-05 1.35657e-05 7.94896e-06 5.07724e-06 3.46016e-06 2.46985e-06 1.82147e-06 1.37503e-06 1.05597e-06 8.21561e-07 6.45722e-07 5.11674e-07 4.08174e-07 3.27432e-07 2.63901e-07 2.13554e-07 1.73412e-07 1.41238e-07 1.15332e-07 9.43883e-08 7.73946e-08 6.35606e-08 5.22646e-08 4.30145e-08 3.5419e-08 2.91655e-08 2.40036e-08 1.9732e-08 1.61889e-08 1.34604e-08
0.000471247 2.09282e-05 1.10586e-05 6.48621e-06 4.14618e-06 2.82703e-06 2.01834e-06 1.48848e-06 1.12346e-06 8.62544e-07 6.70855e-07 5.27081e-07 4.17507e-07 3.32931e-07 2.66971e-07 2.15091e-07 1.73993e-07 1.41238e-07 1.14995e-07 9.3872e-08 7.68015e-08 6.29556e-08 5.16882e-08 4.24912e-08 3.49625e-08 2.87827e-08 2.36965e-08 1.94995e-08 1.60277e-08 1.31489e-08 1.09299e-08
0.000399839 1.70797e-05 9.03431e-06 5.3045e-06 3.39369e-06 2.31521e-06 1.65333e-06 1.21931e-06 9.20168e-07 7.06289e-07 5.49156e-07 4.31318e-07 3.41534e-07 2.72247e-07 2.1823e-07 1.75759e-07 1.42127e-07 1.15332e-07 9.3872e-08 7.66053e-08 6.26561e-08 5.13458e-08 4.2145e-08 3.46374e-08 2.84938e-08 2.34525e-08 1.93047e-08 1.58833e-08 1.30539e-08 1.07085e-08 8.8992e-09
0.000339431 1.39603e-05 7.39262e-06 4.34567e-06 2.7829e-06 1.89969e-06 1.35702e-06 1.00084e-06 7.55216e-07 5.79551e-07 4.50487e-07 3.53718e-07 2.79988e-07 2.23107e-07 1.78778e-07 1.43935e-07 1.16355e-07 9.43883e-08 7.68015e-08 6.26561e-08 5.12323e-08 4.19728e-08 3.44428e-08 2.83005e-08 2.32757e-08 1.91538e-08 1.57636e-08 1.29679e-08 1.06567e-08 8.74157e-09 7.26284e-09
0.000288205 1.14218e-05 6.05594e-06 3.56461e-06 2.28521e-06 1.56111e-06 1.11559e-06 8.22882e-07 6.20893e-07 4.76386e-07 3.70225e-07 2.906e-07 2.29949e-07 1.83173e-07 1.46729e-07 1.18094e-07 9.54351e-08 7.73946e-08 6.29556e-08 5.13458e-08 4.19728e-08 3.4378e-08 2.82037e-08 2.31687e-08 1.9051e-08 1.56743e-08 1.28979e-08 1.0609e-08 8.71734e-09 7.15032e-09 5.93941e-09
0.000244666 9.34842e-06 4.96359e-06 2.92607e-06 1.87828e-06 1.28426e-06 9.18228e-07 6.77447e-07 5.1116e-07 3.9219e-07 3.04702e-07 2.39095e-07 1.89133e-07 1.50612e-07 1.20609e-07 9.70422e-08 7.8399e-08 6.35606e-08 5.16882e-08 4.2145e-08 3.44428e-08 2.82037e-08 2.31329e-08 1.8999e-08 1.56193e-08 1.28486e-08 1.0571e-08 8.69391e-09 7.14307e-09 5.85872e-09 4.8655e-09
0.000207578 7.64894e-06 4.06779e-06 2.40232e-06 1.54448e-06 1.05721e-06 7.56404e-07 5.58244e-07 4.21372e-07 3.23222e-07 2.51051e-07 1.96939e-07 1.5574e-07 1.23984e-07 9.92563e-08 7.98392e-08 6.44832e-08 5.22646e-08 4.24912e-08 3.46374e-08 2.83005e-08 2.31687e-08 1.8999e-08 1.56008e-08 1.28232e-08 1.05467e-08 8.67583e-09 7.13442e-09 5.86124e-09 4.80713e-09 3.99137e-09
0.000175907 6.25109e-06 3.33076e-06 1.97136e-06 1.26986e-06 8.70477e-07 6.23369e-07 4.60572e-07 3.47591e-07 2.66569e-07 2.06996e-07 1.62337e-07 1.28342e-07 1.02145e-07 8.17514e-08 6.57417e-08 5.30836e-08 4.30145e-08 3.49625e-08 2.84938e-08 2.32757e-08 1.9051e-08 1.56193e-08 1.28232e-08 1.05383e-08 8.66606e-09 7.12786e-09 5.86081e-09 4.81452e-09 3.94848e-09 3.27782e-09
0.000148792 5.09736e-06 2.72239e-06 1.61573e-06 1.04335e-06 7.16535e-07 5.14453e-07 3.80078e-07 2.86801e-07 2.19906e-07 1.70723e-07 1.33859e-07 1.05802e-07 8.41855e-08 6.73616e-08 5.41573e-08 4.37198e-08 3.5419e-08 2.87827e-08 2.34525e-08 1.91538e-08 1.56743e-08 1.28486e-08 1.05467e-08 8.66606e-09 7.12544e-09 5.85998e-09 4.81782e-09 3.95744e-09 3.24544e-09 2.69373e-09
0.000125506 4.14185e-06 2.21872e-06 1.3215e-06 8.56123e-07 5.91148e-07 4.24453e-07 3.13568e-07 2.36583e-07 1.81371e-07 1.4078e-07 1.10358e-07 8.72095e-08 6.93771e-08 5.55012e-08 4.46127e-08 3.60076e-08 2.91655e-08 2.36965e-08 1.93047e-08 1.57636e-08 1.28979e-08 1.0571e-08 8.67583e-09 7.12786e-09 5.85998e-09 4.81874e-09 3.96142e-09 3.25376e-09 2.66827e-09 2.21434e-09
0.000105434 3.34784e-06 1.80062e-06 1.07765e-06 7.05604e-07 4.87293e-07 3.49895e-07 2.58473e-07 1.94994e-07 1.49466e-07 1.15997e-07 9.09162e-08 7.18334e-08 5.71354e-08 4.57003e-08 3.67285e-08 2.96394e-08 2.40036e-08 1.94995e-08 1.58833e-08 1.29679e-08 1.0609e-08 8.69391e-09 7.13442e-09 5.86081e-09 4.81782e-09 3.96142e-09 3.25639e-09 2.67453e-09 2.1932e-09 1.81988e-09
8.80555e-05 2.68605e-06 1.45297e-06 8.86702e-07 5.8069e-07 4.01061e-07 2.87978e-07 2.12724e-07 1.60466e-07 1.22987e-07 9.54365e-08 7.47919e-08 5.90861e-08 4.69905e-08 3.75811e-08 3.01996e-08 2.43677e-08 1.9732e-08 1.60277e-08 1.30539e-08 1.06567e-08 8.71734e-09 7.14307e-09 5.86124e-09 4.81452e-09 3.95744e-09 3.25376e-09 2.67453e-09 2.19656e-09 1.80121e-09 1.49447e-09
7.29241e-05 2.13337e-06 1.19276e-06 7.27945e-07 4.76746e-07 3.29278e-07 2.36433e-07 1.74642e-07 1.31733e-07 1.00959e-07 7.83374e-08 6.13874e-08 4.8493e-08 3.85632e-08 3.08391e-08 2.47801e-08 1.99935e-08 1.61889e-08 1.31489e-08 1.07085e-08 8.74157e-09 7.15032e-09 5.85872e-09 4.80713e-09 3.94848e-09 3.24544e-09 2.66827e-09 2.1932e-09 1.80121e-09 1.477e-09 1.22541e-09
6.23059e-05 1.77839e-06 9.94991e-07 6.07477e-07 3.97886e-07 2.7478e-07 1.97255e-07 1.4566e-07 1.09836e-07 8.41488e-08 6.52719e-08 5.1132e-08 4.03787e-08 3.21005e-08 2.56631e-08 2.06151e-08 1.66283e-08 1.34604e-08 1.09299e-08 8.8992e-09 7.26284e-09 5.93941e-09 4.8655e-09 3.99137e-09 3.27782e-09 2.69373e-09 2.21434e-09 1.81988e-09 1.49447e-09 1.22541e-09 1.01647e-09
