0.170701 0.0874324 0.0447824 0.0229374 0.0117484 0.00601747 0.00308212 0.00157865 0.000808575 0.000414148 0.000212125 0.000108649 5.56496e-05 2.85035e-05 1.45993e-05 7.47771e-06 3.83005e-06 1.96173e-06 1.00479e-06 5.14648e-07 2.636e-07 1.35015e-07 6.91539e-08 3.54203e-08 1.81421e-08 9.29229e-09 4.75947e-09 2.43778e-09 1.24862e-09 6.39535e-10 3.27567e-10 1.67778e-10 8.59352e-11 4.40156e-11 2.25446e-11 1.15472e-11 5.91443e-12 3.02934e-12 1.55161e-12 7.94729e-13 4.07056e-13 2.08492e-13 1.06789e-13 5.46967e-14 2.80154e-14 1.43493e-14 7.34966e-15 3.76446e-15 1.92814e-15 9.87583e-16 5.05835e-16 2.59086e-16 1.32703e-16 6.79697e-17 3.48137e-17 1.78314e-17 9.13317e-18 4.67796e-18 2.39603e-18 1.22724e-18 6.28584e-19 3.21958e-19 1.64905e-19 8.44636e-20 4.32618e-20 2.21585e-20 1.13495e-20 5.81315e-21 2.97747e-21 1.52504e-21 7.8112e-22 4.00086e-22 2.04922e-22 1.0496e-22 5.376e-23 2.75356e-23 1.41036e-23 7.2238e-24 3.69999e-24 1.89512e-24 9.70671e-25 4.97173e-25 2.5465e-25 1.3043e-25 6.68057e-26 3.42176e-26 1.75261e-26 8.97677e-27 4.59786e-27 2.355e-27 1.20622e-27 6.1782e-28 3.16444e-28 1.62081e-28 8.30172e-29 4.2521e-29 2.17791e-29 1.11551e-29 5.7136e-30 2.92648e-30 1.49893e-30
0.0874324 0.0562625 0.0346974 0.0207836 0.0121878 0.00703265 0.00400678 0.00225953 0.00126349 0.000701531 0.000387173 0.000212574 0.000116186 6.32526e-05 3.43146e-05 1.85576e-05 1.0008e-05 5.38364e-06 2.8894e-06 1.54751e-06 8.27239e-07 4.41436e-07 2.35181e-07 1.25109e-07 6.64625e-08 3.52619e-08 1.86859e-08 9.89091e-09 5.23002e-09 2.76276e-09 1.45808e-09 7.68853e-10 4.05086e-10 2.13263e-10 1.12192e-10 5.89805e-11 3.09861e-11 1.62687e-11 8.53647e-12 4.47669e-12 2.34638e-12 1.22918e-12 6.43603e-13 3.36832e-13 1.76202e-13 9.2134e-14 4.81556e-14 2.51593e-14 1.31397e-14 6.85974e-15 3.57994e-15 1.86765e-15 9.74025e-16 5.07815e-16 2.64672e-16 1.37905e-16 7.18334e-17 3.74069e-17 1.94742e-17 1.01358e-17 5.27402e-18 2.7436e-18 1.42691e-18 7.41947e-19 3.85702e-19 2.00464e-19 1.04167e-19 5.41171e-20 2.81095e-20 1.45978e-20 7.57947e-21 3.9347e-21 2.04224e-21 1.05981e-21 5.49887e-22 2.85265e-22 1.47963e-22 7.67345e-23 3.97888e-23 2.06285e-23 1.06933e-23 5.54231e-24 2.87218e-24 1.48824e-24 7.71043e-25 3.99417e-25 2.06881e-25 1.07142e-25 5.54813e-26 2.87265e-26 1.48719e-26 7.69845e-27 3.98466e-27 2.06221e-27 1.06715e-27 5.52173e-28 2.8568e-28 1.47789e-28 7.64468e-29 3.95399e-29 2.0449e-29
0.0447824 0.0346974 0.0245673 0.0164593 0.0106182 0.00666296 0.00409298 0.00247203 0.0014725 0.000867033 0.000505535 0.000292278 0.000167742 9.56474e-05 5.42258e-05 3.05848e-05 1.7171e-05 9.59991e-06 5.34666e-06 2.96746e-06 1.64172e-06 9.05596e-07 4.9818e-07 2.73364e-07 1.4965e-07 8.17445e-08 4.45607e-08 2.42444e-08 1.3167e-08 7.13882e-09 3.8643e-09 2.08862e-09 1.12727e-09 6.07584e-10 3.2706e-10 1.7584e-10 9.44288e-11 5.06536e-11 2.7143e-11 1.453e-11 7.77066e-12 4.15192e-12 2.21644e-12 1.18221e-12 6.3006e-13 3.35528e-13 1.78547e-13 9.49424e-14 5.04507e-14 2.67907e-14 1.42174e-14 7.54028e-15 3.99662e-15 2.11713e-15 1.12087e-15 5.93106e-16 3.13674e-16 1.65808e-16 8.76029e-17 4.6262e-17 2.44191e-17 1.28837e-17 6.79457e-18 3.58179e-18 1.88738e-18 9.94137e-19 5.23437e-19 2.75498e-19 1.44949e-19 7.6235e-20 4.00814e-20 2.10662e-20 1.10684e-20 5.81358e-21 3.05258e-21 1.60235e-21 8.40848e-22 4.41115e-22 2.31346e-22 1.21298e-22 6.35807e-23 3.33183e-23 1.74553e-23 9.14247e-24 4.78731e-24 2.50619e-24 1.3117e-24 6.86363e-25 3.59066e-25 1.87802e-25 9.82042e-26 5.13414e-26 2.68358e-26 1.40241e-26 7.32733e-27 3.82765e-27 1.9991e-27 1.04389e-27 5.45001e-28 2.84485e-28 1.48472e-28
0.0229374 0.0207836 0.0164593 0.0120679 0.00840865 0.00564808 0.00368943 0.00235737 0.00147937 0.000914542 0.000558206 0.000336988 0.000201499 0.000119472 7.03072e-05 4.10974e-05 2.3878e-05 1.37973e-05 7.93257e-06 4.53986e-06 2.58725e-06 1.46873e-06 8.30768e-07 4.6834e-07 2.632e-07 1.47484e-07 8.24165e-08 4.59378e-08 2.55433e-08 1.41709e-08 7.8448e-09 4.33395e-09 2.38974e-09 1.31529e-09 7.22671e-10 3.96406e-10 2.17098e-10 1.18719e-10 6.48277e-11 3.53513e-11 1.92522e-11 1.04715e-11 5.68868e-12 3.08683e-12 1.67313e-12 9.05907e-13 4.89993e-13 2.64768e-13 1.42931e-13 7.70882e-14 4.15396e-14 2.23648e-14 1.20311e-14 6.46697e-15 3.47342e-15 1.86418e-15 9.99778e-16 5.35812e-16 2.86962e-16 1.53585e-16 8.21477e-17 4.39106e-17 2.34575e-17 1.25238e-17 6.68256e-18 3.56376e-18 1.89949e-18 1.0119e-18 5.38786e-19 2.86732e-19 1.5252e-19 8.10902e-20 4.30934e-20 2.28905e-20 1.21538e-20 6.45028e-21 3.42188e-21 1.81456e-21 9.61847e-22 5.09648e-22 2.69941e-22 1.42924e-22 7.56452e-23 4.00224e-23 2.11677e-23 1.11917e-23 5.91524e-24 3.12541e-24 1.65083e-24 8.71686e-25 4.60135e-25 2.42817e-25 1.28098e-25 6.7559e-26 3.56204e-26 1.87756e-26 9.89397e-27 5.21231e-27 2.74521e-27 1.44547e-27 7.60909e-28
0.0117484 0.0121878 0.0106182 0.00840865 0.0062594 0.00445849 0.00307144 0.00206083 0.00135337 0.000873001 0.000554638 0.000347785 0.000215597 0.00013231 8.04716e-05 4.85507e-05 2.90798e-05 1.73031e-05 1.02338e-05 6.01944e-06 3.52261e-06 2.05179e-06 1.1899e-06 6.87265e-07 3.95454e-07 2.26742e-07 1.29577e-07 7.38189e-08 4.19308e-08 2.37517e-08 1.34189e-08 7.5625e-09 4.25197e-09 2.38531e-09 1.33529e-09 7.45979e-10 4.15948e-10 2.315e-10 1.28616e-10 7.13361e-11 3.95021e-11 2.18403e-11 1.20573e-11 6.64694e-12 3.65929e-12 2.01186e-12 1.1047e-12 6.05841e-13 3.31864e-13 1.81578e-13 9.92407e-14 5.41817e-14 2.95507e-14 1.61009e-14 8.76423e-15 4.76618e-15 2.58961e-15 1.40578e-15 7.62481e-16 4.13221e-16 2.23762e-16 1.21074e-16 6.54619e-17 3.53675e-17 1.90946e-17 1.03018e-17 5.55417e-18 2.99253e-18 1.61131e-18 8.67056e-19 4.66283e-19 2.50606e-19 1.34612e-19 7.22647e-20 3.8773e-20 2.0792e-20 1.11438e-20 5.96965e-21 3.19628e-21 1.71051e-21 9.14948e-22 4.89174e-22 2.61414e-22 1.39637e-22 7.45552e-23 3.97895e-23 2.12263e-23 1.13188e-23 6.03325e-24 3.21461e-24 1.71213e-24 9.11545e-25 4.85129e-25 2.58093e-25 1.37258e-25 7.29707e-26 3.87799e-26 2.06024e-26 1.09416e-26 5.80905e-27 3.0831e-27
0.00601747 0.00703265 0.00666296 0.00564808 0.00445849 0.00334608 0.00241721 0.00169442 0.00115901 0.000776755 0.000511618 0.000331977 0.000212615 0.000134608 8.43499e-05 5.23717e-05 3.22473e-05 1.97062e-05 1.19595e-05 7.21217e-06 4.32396e-06 2.5784e-06 1.52981e-06 9.03438e-07 5.31207e-07 3.11068e-07 1.81461e-07 1.05474e-07 6.10983e-08 3.52794e-08 2.03093e-08 1.16579e-08 6.67357e-09 3.81039e-09 2.17024e-09 1.23317e-09 6.99135e-10 3.95519e-10 2.23296e-10 1.25817e-10 7.07586e-11 3.97222e-11 2.22603e-11 1.24539e-11 6.95633e-12 3.87956e-12 2.16042e-12 1.20135e-12 6.67109e-13 3.6995e-13 2.04893e-13 1.13336e-13 6.26153e-14 3.45529e-14 1.90457e-14 1.04865e-14 5.76768e-15 3.169e-15 1.73943e-15 9.53823e-16 5.22537e-16 2.86001e-16 1.56397e-16 8.54497e-17 4.66472e-17 2.54438e-17 1.38672e-17 7.55191e-18 4.10954e-18 2.23463e-18 1.21424e-18 6.5932e-19 3.57757e-19 1.93993e-19 1.05123e-19 5.6929e-20 3.08102e-20 1.66644e-20 9.00792e-21 4.86636e-21 2.62745e-21 1.41782e-21 7.64663e-22 4.12178e-22 2.2206e-22 1.19573e-22 6.43542e-23 3.46183e-23 1.86133e-23 1.00031e-23 5.37335e-24 2.88507e-24 1.54836e-24 8.30614e-25 4.45388e-25 2.38723e-25 1.279e-25 6.84963e-26 3.66684e-26 1.96221e-26 1.04962e-26
0.00308212 0.00400678 0.00409298 0.00368943 0.00307144 0.00241721 0.00182337 0.00133022 0.000944404 0.000655456 0.000446231 0.000298782 0.000197169 0.000128455 8.27369e-05 5.2746e-05 3.33159e-05 2.08665e-05 1.29688e-05 8.00339e-06 4.90697e-06 2.9904e-06 1.81221e-06 1.09249e-06 6.55395e-07 3.91384e-07 2.32721e-07 1.3782e-07 8.13082e-08 4.77958e-08 2.80004e-08 1.63506e-08 9.51851e-09 5.52504e-09 3.19811e-09 1.84628e-09 1.06317e-09 6.10738e-10 3.50026e-10 2.00161e-10 1.14218e-10 6.5043e-11 3.69669e-11 2.09703e-11 1.18742e-11 6.71189e-12 3.78748e-12 2.13377e-12 1.20023e-12 6.74089e-13 3.78036e-13 2.11705e-13 1.18395e-13 6.61234e-14 3.68822e-14 2.05464e-14 1.14321e-14 6.35338e-15 3.52685e-15 1.95563e-15 1.08322e-15 5.99368e-16 3.31303e-16 1.82947e-16 1.00926e-16 5.56257e-17 3.06301e-17 1.68512e-17 9.2627e-18 5.08714e-18 2.79158e-18 1.53064e-18 8.38602e-19 4.59095e-19 2.51144e-19 1.37285e-19 7.4991e-20 4.09346e-20 2.23292e-20 1.21721e-20 6.63086e-21 3.6099e-21 1.96403e-21 1.0679e-21 5.80299e-22 3.15149e-22 1.71052e-22 9.27884e-23 5.03057e-23 2.72586e-23 1.47624e-23 7.99065e-24 4.32298e-24 2.33757e-24 1.26337e-24 6.82475e-25 3.68497e-25 1.98874e-25 1.0728e-25 5.78452e-26 3.1176e-26
0.00157865 0.00225953 0.00247203 0.00235737 0.00206083 0.00169442 0.00133022 0.00100694 0.000739953 0.000530476 0.000372391 0.000256716 0.000174188 0.000116546 7.70113e-05 5.03198e-05 3.25475e-05 2.08587e-05 1.32554e-05 8.35855e-06 5.23314e-06 3.25475e-06 2.01187e-06 1.23649e-06 7.55879e-07 4.5976e-07 2.7833e-07 1.67748e-07 1.00678e-07 6.0185e-08 3.58436e-08 2.12709e-08 1.25803e-08 7.41651e-09 4.35887e-09 2.55432e-09 1.49267e-09 8.69939e-10 5.0571e-10 2.93257e-10 1.69657e-10 9.79291e-11 5.64037e-11 3.24187e-11 1.85955e-11 1.06457e-11 6.0832e-12 3.46979e-12 1.97568e-12 1.12304e-12 6.37336e-13 3.61123e-13 2.04305e-13 1.15414e-13 6.51054e-14 3.6675e-14 2.06318e-14 1.15914e-14 6.50399e-15 3.64492e-15 2.0402e-15 1.14065e-15 6.36994e-16 3.55335e-16 1.98004e-16 1.10218e-16 6.12895e-17 3.40476e-17 1.88958e-17 1.04769e-17 5.80358e-18 3.21194e-18 1.77605e-18 9.81227e-19 5.41649e-19 2.9875e-19 1.64645e-19 9.0667e-20 4.98901e-20 2.74317e-20 1.5072e-20 8.27516e-21 4.5402e-21 2.48928e-21 1.36388e-21 7.46781e-22 4.08627e-22 2.23451e-22 1.22115e-22 6.66941e-23 3.64037e-23 1.98586e-23 1.08268e-23 5.89933e-24 3.21266e-24 1.7486e-24 9.51219e-25 5.17181e-25 2.81048e-25 1.5265e-25 8.28696e-26
0.000808575 0.00126349 0.0014725 0.00147937 0.00135337 0.00115901 0.000944404 0.000739953 0.000561556 0.000414975 0.000299793 0.000212391 0.000147921 0.000101476 6.86831e-05 4.59285e-05 3.0378e-05 1.98935e-05 1.29093e-05 8.30728e-06 5.30466e-06 3.36315e-06 2.11808e-06 1.3257e-06 8.24944e-07 5.10554e-07 3.14367e-07 1.92637e-07 1.17508e-07 7.13722e-08 4.31738e-08 2.60155e-08 1.56188e-08 9.34427e-09 5.57178e-09 3.31177e-09 1.96248e-09 1.15955e-09 6.83218e-10 4.01486e-10 2.35325e-10 1.37592e-10 8.02587e-11 4.67089e-11 2.7124e-11 1.57176e-11 9.08939e-12 5.24597e-12 3.02196e-12 1.73761e-12 9.97342e-13 5.7146e-13 3.26891e-13 1.86688e-13 1.06451e-13 6.0607e-14 3.44552e-14 1.95597e-14 1.10883e-14 6.27742e-15 3.54915e-15 2.00407e-15 1.13021e-15 6.36616e-16 3.58165e-16 2.01275e-16 1.12981e-16 6.33505e-17 3.54838e-17 1.98544e-17 1.10979e-17 6.19722e-18 3.45725e-18 1.92687e-18 1.07294e-18 5.969e-19 3.31776e-19 1.84252e-19 1.02238e-19 5.66832e-20 3.1401e-20 1.73815e-20 9.61377e-21 5.31337e-21 2.93442e-21 1.61941e-21 8.9306e-22 4.92152e-22 2.71031e-22 1.49158e-22 8.20321e-23 4.50859e-23 2.47639e-23 1.35934e-23 7.45705e-24 4.08833e-24 2.24009e-24 1.22669e-24 6.71357e-25 3.67222e-25 2.00754e-25
0.000414148 0.000701531 0.000867033 0.000914542 0.000873001 0.000776755 0.000655456 0.000530476 0.000414975 0.000315542 0.000234213 0.000170261 0.000121536 8.53674e-05 5.91068e-05 4.0399e-05 2.72914e-05 1.82414e-05 1.20742e-05 7.92079e-06 5.15333e-06 3.3272e-06 2.13293e-06 1.35827e-06 8.59599e-07 5.40846e-07 3.38431e-07 2.1068e-07 1.30515e-07 8.04806e-08 4.94111e-08 3.02103e-08 1.8398e-08 1.11624e-08 6.74816e-09 4.06564e-09 2.44148e-09 1.46156e-09 8.72329e-10 5.19152e-10 3.08113e-10 1.82378e-10 1.07678e-10 6.34185e-11 3.72629e-11 2.18447e-11 1.27779e-11 7.45848e-12 4.34459e-12 2.52572e-12 1.4655e-12 8.48748e-13 4.90669e-13 2.83166e-13 1.63139e-13 9.38336e-14 5.3885e-14 3.08961e-14 1.76883e-14 1.01119e-14 5.77244e-15 3.29068e-15 1.87338e-15 1.06511e-15 6.04798e-16 3.42991e-16 1.9428e-16 1.09915e-16 6.21136e-17 3.5061e-17 1.9769e-17 1.11346e-17 6.26487e-18 3.52129e-18 1.97722e-18 1.10913e-18 6.21576e-19 3.48015e-19 1.94671e-19 1.08797e-19 6.07502e-20 3.38926e-20 1.88928e-20 1.05227e-20 5.85608e-21 3.25643e-21 1.80941e-21 1.00462e-21 5.57369e-22 3.09003e-22 1.71187e-22 9.47702e-23 5.24289e-23 2.89851e-23 1.60135e-23 8.84126e-24 4.87822e-24 2.68988e-24 1.48229e-24 8.16336e-25 4.49307e-25
0.000212125 0.000387173 0.000505535 0.000558206 0.000554638 0.000511618 0.000446231 0.000372391 0.000299793 0.000234213 0.000178366 0.000132872 9.709e-05 6.97432e-05 4.93419e-05 3.44336e-05 2.37338e-05 1.61751e-05 1.09104e-05 7.28968e-06 4.82797e-06 3.17167e-06 2.06788e-06 1.33874e-06 8.60992e-07 5.50314e-07 3.49696e-07 2.20997e-07 1.38941e-07 8.69242e-08 5.41292e-08 3.35586e-08 2.07182e-08 1.27397e-08 7.80393e-09 4.76303e-09 2.89694e-09 1.75609e-09 1.06113e-09 6.39226e-10 3.8394e-10 2.29955e-10 1.37354e-10 8.18275e-11 4.86251e-11 2.88246e-11 1.70469e-11 1.00587e-11 5.92219e-12 3.47938e-12 2.04e-12 1.1937e-12 6.9714e-13 4.06382e-13 2.36463e-13 1.37349e-13 7.9643e-14 4.61051e-14 2.66471e-14 1.53769e-14 8.85986e-15 5.09729e-15 2.92836e-15 1.67996e-15 9.62446e-16 5.50648e-16 3.14634e-16 1.7955e-16 1.02335e-16 5.82558e-17 3.31238e-17 1.88122e-17 1.06721e-17 6.04755e-18 3.42328e-18 1.93574e-18 1.09346e-18 6.17053e-19 3.47866e-19 1.95922e-19 1.10241e-19 6.19726e-20 3.48067e-20 1.95317e-20 1.09506e-20 6.13429e-21 3.43343e-21 1.92015e-21 1.07298e-21 5.99106e-22 3.34256e-22 1.86348e-22 1.03812e-22 5.77893e-23 3.21467e-23 1.78697e-23 9.92654e-24 5.51037e-24 3.05683e-24 1.69464e-24 9.38857e-25
0.000108649 0.000212574 0.000292278 0.000336988 0.000347785 0.000331977 0.000298782 0.000256716 0.000212391 0.000170261 0.000132872 0.000101315 7.57e-05 5.55538e-05 4.01208e-05 2.85602e-05 2.0067e-05 1.39328e-05 9.56894e-06 6.50637e-06 4.38324e-06 2.92769e-06 1.93994e-06 1.2759e-06 8.33328e-07 5.40722e-07 3.48707e-07 2.23577e-07 1.42565e-07 9.0437e-08 5.70879e-08 3.58686e-08 2.24364e-08 1.39751e-08 8.66971e-09 5.3577e-09 3.29876e-09 2.0239e-09 1.23754e-09 7.54253e-10 4.58269e-10 2.77602e-10 1.67676e-10 1.00998e-10 6.06723e-11 3.63535e-11 2.1728e-11 1.29553e-11 7.70658e-12 4.57403e-12 2.70887e-12 1.60089e-12 9.4416e-13 5.55735e-13 3.26478e-13 1.91438e-13 1.12051e-13 6.5469e-14 3.81867e-14 2.22364e-14 1.29274e-14 7.5037e-15 4.34881e-15 2.51661e-15 1.45421e-15 8.39112e-16 4.83516e-16 2.78237e-16 1.59898e-16 9.17728e-17 5.26062e-17 3.0118e-17 1.72224e-17 9.83671e-18 5.61187e-18 3.198e-18 1.82042e-18 1.03514e-18 5.87985e-19 3.33647e-19 1.89135e-19 1.07109e-19 6.05981e-20 3.42516e-20 1.93419e-20 1.09124e-20 6.15111e-21 3.46423e-21 1.94933e-21 1.09597e-21 6.15673e-22 3.45581e-22 1.93822e-22 1.08621e-22 6.08264e-23 3.40362e-23 1.90313e-23 1.06335e-23 5.93711e-24 3.31258e-24 1.84696e-24
5.56496e-05 0.000116186 0.000167742 0.000201499 0.000215597 0.000212615 0.000197169 0.000174188 0.000147921 0.000121536 9.709e-05 7.57e-05 5.77805e-05 4.32809e-05 3.18798e-05 2.31299e-05 1.65534e-05 1.17e-05 8.17566e-06 5.65324e-06 3.8713e-06 2.62728e-06 1.76814e-06 1.18067e-06 7.82645e-07 5.15247e-07 3.37022e-07 2.19106e-07 1.41628e-07 9.10496e-08 5.82318e-08 3.70604e-08 2.34763e-08 1.48053e-08 9.29735e-09 5.81486e-09 3.62271e-09 2.24861e-09 1.39074e-09 8.57221e-10 5.26639e-10 3.22524e-10 1.9692e-10 1.1988e-10 7.27742e-11 4.4058e-11 2.6603e-11 1.60226e-11 9.62651e-12 5.76996e-12 3.45046e-12 2.0588e-12 1.22578e-12 7.28286e-13 4.31826e-13 2.5554e-13 1.5093e-13 8.89784e-14 5.23609e-14 3.07585e-14 1.80376e-14 1.05601e-14 6.17235e-15 3.60203e-15 2.09881e-15 1.22109e-15 7.09385e-16 4.11525e-16 2.38399e-16 1.37917e-16 7.96812e-17 4.59756e-17 2.64939e-17 1.52484e-17 8.76548e-18 5.03281e-18 2.88629e-18 1.65338e-18 9.46072e-19 5.40755e-19 3.08754e-19 1.76105e-19 1.00342e-19 5.71159e-20 3.24791e-20 1.84515e-20 1.04724e-20 5.93825e-21 3.36414e-21 1.90415e-21 1.07683e-21 6.08437e-22 3.43493e-22 1.93758e-22 1.09206e-22 6.15011e-23 3.46081e-23 1.94597e-23 1.09336e-23 6.13855e-24 3.44388e-24
2.85035e-05 6.32526e-05 9.56474e-05 0.000119472 0.00013231 0.000134608 0.000128455 0.000116546 0.000101476 8.53674e-05 6.97432e-05 5.55538e-05 4.32809e-05 3.3064e-05 2.48202e-05 1.83403e-05 1.33599e-05 9.60613e-06 6.82518e-06 4.79639e-06 3.33665e-06 2.29943e-06 1.57083e-06 1.06436e-06 7.15687e-07 4.77791e-07 3.16823e-07 2.0875e-07 1.36716e-07 8.90301e-08 5.76638e-08 3.71567e-08 2.38258e-08 1.52066e-08 9.66243e-09 6.11355e-09 3.85244e-09 2.41816e-09 1.51222e-09 9.42294e-10 5.85144e-10 3.6216e-10 2.23436e-10 1.37428e-10 8.42767e-11 5.15348e-11 3.14265e-11 1.91132e-11 1.15944e-11 7.01591e-12 4.23515e-12 2.55058e-12 1.53258e-12 9.18863e-13 5.49734e-13 3.28212e-13 1.9556e-13 1.16294e-13 6.90254e-14 4.08936e-14 2.41836e-14 1.42765e-14 8.41364e-15 4.95019e-15 2.90774e-15 1.7053e-15 9.98568e-16 5.83848e-16 3.40866e-16 1.98721e-16 1.1569e-16 6.7259e-17 3.90503e-17 2.26428e-17 1.31123e-17 7.58378e-18 4.38086e-18 2.52762e-18 1.45665e-18 8.38489e-19 4.82116e-19 2.76902e-19 1.58866e-19 9.1049e-20 5.21276e-20 2.98139e-20 1.70347e-20 9.72356e-21 5.54495e-21 3.15908e-21 1.79813e-21 1.02255e-21 5.8098e-22 3.29804e-22 1.87058e-22 1.06006e-22 6.00234e-23 3.39591e-23 1.91974e-23 1.08439e-23 6.12055e-24
1.45993e-05 3.43146e-05 5.42258e-05 7.03072e-05 8.04716e-05 8.43499e-05 8.27369e-05 7.70113e-05 6.86831e-05 5.91068e-05 4.93419e-05 4.01208e-05 3.18798e-05 2.48202e-05 1.8975e-05 1.42705e-05 1.05741e-05 7.72983e-06 5.58093e-06 3.98368e-06 2.8137e-06 1.96797e-06 1.36396e-06 9.37315e-07 6.39012e-07 4.32397e-07 2.90534e-07 1.93921e-07 1.28626e-07 8.481e-08 5.56054e-08 3.62626e-08 2.3528e-08 1.51915e-08 9.76336e-09 6.24702e-09 3.98019e-09 2.52563e-09 1.5964e-09 1.00529e-09 6.30777e-10 3.94421e-10 2.45809e-10 1.52701e-10 9.45681e-11 5.83915e-11 3.59503e-11 2.20722e-11 1.35151e-11 8.25389e-12 5.02808e-12 3.05551e-12 1.8524e-12 1.12043e-12 6.7619e-13 4.07201e-13 2.447e-13 1.46747e-13 8.78297e-14 5.24652e-14 3.12811e-14 1.86164e-14 1.10594e-14 6.55861e-15 3.88288e-15 2.29496e-15 1.35424e-15 7.97867e-16 4.6935e-16 2.75682e-16 1.6169e-16 9.46965e-17 5.53828e-17 3.2346e-17 1.88661e-17 1.09894e-17 6.39304e-18 3.71445e-18 2.15549e-18 1.24932e-18 7.23252e-19 4.18217e-19 2.41558e-19 1.39366e-19 8.03194e-20 4.624e-20 2.65926e-20 1.52776e-20 8.76824e-21 5.02734e-21 2.87966e-21 1.64789e-21 9.42127e-22 5.38133e-22 3.07097e-22 1.75096e-22 9.97461e-23 5.67731e-23 3.22866e-23 1.8346e-23 1.04161e-23
7.47771e-06 1.85576e-05 3.05848e-05 4.10974e-05 4.85507e-05 5.23717e-05 5.2746e-05 5.03198e-05 4.59285e-05 4.0399e-05 3.44336e-05 2.85602e-05 2.31299e-05 1.83403e-05 1.42705e-05 1.09167e-05 8.22346e-06 6.10827e-06 4.47913e-06 3.24581e-06 2.32647e-06 1.65066e-06 1.16014e-06 8.08209e-07 5.58397e-07 3.82814e-07 2.60528e-07 1.76086e-07 1.1824e-07 7.89072e-08 5.2351e-08 3.45393e-08 2.26673e-08 1.48009e-08 9.61799e-09 6.22123e-09 4.00638e-09 2.56916e-09 1.64085e-09 1.04389e-09 6.61635e-10 4.17848e-10 2.62974e-10 1.64951e-10 1.03134e-10 6.42831e-11 3.99473e-11 2.47525e-11 1.52944e-11 9.42463e-12 5.79234e-12 3.55089e-12 2.17143e-12 1.32469e-12 8.06254e-13 4.89607e-13 2.96667e-13 1.79376e-13 1.08232e-13 6.51736e-14 3.91681e-14 2.34943e-14 1.40663e-14 8.40639e-15 5.01497e-15 2.9866e-15 1.77563e-15 1.05393e-15 6.2456e-16 3.69533e-16 2.18307e-16 1.28774e-16 7.58499e-17 4.46127e-17 2.62031e-17 1.53692e-17 9.00257e-18 5.26637e-18 3.07678e-18 1.79529e-18 1.04625e-18 6.08994e-19 3.54058e-19 2.05604e-19 1.19259e-19 6.90983e-20 3.99913e-20 2.31205e-20 1.33527e-20 7.70357e-21 4.43989e-21 2.55633e-21 1.4704e-21 8.44962e-22 4.85094e-22 2.78234e-22 1.5944e-22 9.12836e-23 5.22161e-23 2.98427e-23 1.70412e-23
3.83005e-06 1.0008e-05 1.7171e-05 2.3878e-05 2.90798e-05 3.22473e-05 3.33159e-05 3.25475e-05 3.0378e-05 2.72914e-05 2.37338e-05 2.0067e-05 1.65534e-05 1.33599e-05 1.05741e-05 8.22346e-06 6.29427e-06 4.74819e-06 3.53451e-06 2.59901e-06 1.88958e-06 1.35942e-06 9.68475e-07 6.83676e-07 4.78509e-07 3.32227e-07 2.28923e-07 1.56617e-07 1.06427e-07 7.18597e-08 4.8226e-08 3.21787e-08 2.13535e-08 1.40959e-08 9.25862e-09 6.05232e-09 3.9383e-09 2.55148e-09 1.64607e-09 1.05767e-09 6.76965e-10 4.31678e-10 2.74279e-10 1.73668e-10 1.09596e-10 6.89393e-11 4.32301e-11 2.7027e-11 1.68478e-11 1.04728e-11 6.49226e-12 4.01402e-12 2.47541e-12 1.52276e-12 9.34476e-13 5.72115e-13 3.49468e-13 2.12994e-13 1.29536e-13 7.86139e-14 4.76126e-14 2.87792e-14 1.73617e-14 1.04541e-14 6.28316e-15 3.76955e-15 2.25755e-15 1.34971e-15 8.05601e-16 4.80052e-16 2.85603e-16 1.69652e-16 1.00622e-16 5.95909e-17 3.52397e-17 2.08096e-17 1.22713e-17 7.22636e-18 4.2498e-18 2.49601e-18 1.46408e-18 8.57705e-19 5.0185e-19 2.9328e-19 1.71189e-19 9.98076e-20 5.81239e-20 3.3811e-20 1.96464e-20 1.14035e-20 6.61201e-21 3.8298e-21 2.21602e-21 1.28096e-21 7.39717e-22 4.26752e-22 2.45963e-22 1.41631e-22 8.14788e-23 4.68314e-23 2.68932e-23
1.96173e-06 5.38364e-06 9.59991e-06 1.37973e-05 1.73031e-05 1.97062e-05 2.08665e-05 2.08587e-05 1.98935e-05 1.82414e-05 1.61751e-05 1.39328e-05 1.17e-05 9.60613e-06 7.72983e-06 6.10827e-06 4.74819e-06 3.63604e-06 2.74639e-06 2.04834e-06 1.50993e-06 1.10103e-06 7.94778e-07 5.68315e-07 4.02799e-07 2.83124e-07 1.97453e-07 1.36692e-07 9.39697e-08 6.4174e-08 4.35515e-08 2.93802e-08 1.97077e-08 1.31482e-08 8.72666e-09 5.76344e-09 3.78843e-09 2.47894e-09 1.61504e-09 1.04781e-09 6.77081e-10 4.35831e-10 2.79498e-10 1.786e-10 1.13731e-10 7.21817e-11 4.56639e-11 2.87981e-11 1.81069e-11 1.13515e-11 7.09633e-12 4.42408e-12 2.75078e-12 1.70596e-12 1.05534e-12 6.51266e-13 4.00956e-13 2.46284e-13 1.5094e-13 9.23049e-14 5.63281e-14 3.43027e-14 2.08477e-14 1.26455e-14 7.65566e-15 4.62615e-15 2.79039e-15 1.68011e-15 1.00985e-15 6.05955e-16 3.62998e-16 2.17102e-16 1.29639e-16 7.72921e-17 4.60126e-17 2.7351e-17 1.62346e-17 9.62255e-18 5.69555e-18 3.36658e-18 1.98729e-18 1.17156e-18 6.89782e-19 4.05613e-19 2.38219e-19 1.39738e-19 8.18722e-20 4.79129e-20 2.80073e-20 1.63532e-20 9.53793e-21 5.55694e-21 3.23411e-21 1.88027e-21 1.09204e-21 6.33605e-22 3.67255e-22 2.12663e-22 1.23027e-22 7.11049e-23 4.10577e-23
1.00479e-06 2.8894e-06 5.34666e-06 7.93257e-06 1.02338e-05 1.19595e-05 1.29688e-05 1.32554e-05 1.29093e-05 1.20742e-05 1.09104e-05 9.56894e-06 8.17566e-06 6.82518e-06 5.58093e-06 4.47913e-06 3.53451e-06 2.74639e-06 2.10402e-06 1.59102e-06 1.18868e-06 8.78201e-07 6.4209e-07 4.64909e-07 3.33562e-07 2.37281e-07 1.67433e-07 1.1725e-07 8.15183e-08 5.62902e-08 3.86186e-08 2.63321e-08 1.78496e-08 1.20321e-08 8.06743e-09 5.38161e-09 3.57245e-09 2.3604e-09 1.55258e-09 1.01683e-09 6.63193e-10 4.30822e-10 2.78795e-10 1.79748e-10 1.15475e-10 7.3929e-11 4.71728e-11 3.00033e-11 1.90235e-11 1.20254e-11 7.5795e-12 4.76374e-12 2.9858e-12 1.86644e-12 1.1637e-12 7.23731e-13 4.49003e-13 2.77899e-13 1.71601e-13 1.05724e-13 6.49946e-14 3.98705e-14 2.44074e-14 1.49111e-14 9.09155e-15 5.53258e-15 3.36046e-15 2.03738e-15 1.233e-15 7.4489e-16 4.49238e-16 2.70478e-16 1.62583e-16 9.75716e-17 5.84641e-17 3.49774e-17 2.08946e-17 1.24635e-17 7.42369e-18 4.41557e-18 2.62272e-18 1.55571e-18 9.21569e-19 5.45205e-19 3.22134e-19 1.90094e-19 1.12038e-19 6.59536e-20 3.87789e-20 2.27744e-20 1.33599e-20 7.82832e-21 4.58201e-21 2.679e-21 1.56468e-21 9.12905e-22 5.32081e-22 3.09806e-22 1.80206e-22 1.04719e-22 6.0794e-23
5.14648e-07 1.54751e-06 2.96746e-06 4.53986e-06 6.01944e-06 7.21217e-06 8.00339e-06 8.35855e-06 8.30728e-06 7.92079e-06 7.28968e-06 6.50637e-06 5.65324e-06 4.79639e-06 3.98368e-06 3.24581e-06 2.59901e-06 2.04834e-06 1.59102e-06 1.21935e-06 9.22984e-07 6.90657e-07 5.11297e-07 3.74742e-07 2.7209e-07 1.95822e-07 1.39766e-07 9.89776e-08 6.95746e-08 4.85638e-08 3.36727e-08 2.32e-08 1.58882e-08 1.08183e-08 7.32584e-09 4.9348e-09 3.30747e-09 2.2061e-09 1.46468e-09 9.68123e-10 6.37177e-10 4.17641e-10 2.72661e-10 1.77331e-10 1.14907e-10 7.41925e-11 4.77398e-11 3.06166e-11 1.9572e-11 1.24727e-11 7.9246e-12 5.02021e-12 3.17127e-12 1.99779e-12 1.25517e-12 7.86557e-13 4.91654e-13 3.06565e-13 1.90698e-13 1.18348e-13 7.32814e-14 4.52759e-14 2.79131e-14 1.71727e-14 1.05434e-14 6.46034e-15 3.95081e-15 2.41152e-15 1.46923e-15 8.93514e-16 5.42429e-16 3.28725e-16 1.98878e-16 1.20121e-16 7.24351e-17 4.36103e-17 2.62153e-17 1.57347e-17 9.43011e-18 5.64339e-18 3.37242e-18 2.01249e-18 1.19931e-18 7.1374e-19 4.24205e-19 2.51795e-19 1.49268e-19 8.83777e-20 5.2262e-20 3.08678e-20 1.82101e-20 1.07304e-20 6.31568e-21 3.71312e-21 2.18062e-21 1.27923e-21 7.49644e-22 4.38841e-22 2.56632e-22 1.49926e-22 8.74998e-23
2.636e-07 8.27239e-07 1.64172e-06 2.58725e-06 3.52261e-06 4.32396e-06 4.90697e-06 5.23314e-06 5.30466e-06 5.15333e-06 4.82797e-06 4.38324e-06 3.8713e-06 3.33665e-06 2.8137e-06 2.32647e-06 1.88958e-06 1.50993e-06 1.18868e-06 9.22984e-07 7.07612e-07 5.3612e-07 4.01741e-07 2.97961e-07 2.18868e-07 1.5932e-07 1.14987e-07 8.23245e-08 5.84923e-08 4.12602e-08 2.89059e-08 2.01191e-08 1.39167e-08 9.56949e-09 6.54314e-09 4.44974e-09 3.01046e-09 2.02664e-09 1.35785e-09 9.05603e-10 6.01332e-10 3.97605e-10 2.61829e-10 1.71742e-10 1.12224e-10 7.30643e-11 4.7401e-11 3.06466e-11 1.97487e-11 1.26853e-11 8.12297e-12 5.18585e-12 3.30108e-12 2.09537e-12 1.32638e-12 8.37361e-13 5.27264e-13 3.31166e-13 2.07488e-13 1.29688e-13 8.08712e-14 5.03154e-14 3.12353e-14 1.93487e-14 1.19603e-14 7.37805e-15 4.54223e-15 2.79091e-15 1.71155e-15 1.04767e-15 6.40123e-16 3.90416e-16 2.37702e-16 1.44476e-16 8.76661e-17 5.31077e-17 3.21208e-17 1.9397e-17 1.16954e-17 7.0411e-18 4.23278e-18 2.54087e-18 1.52308e-18 9.11713e-19 5.45006e-19 3.25359e-19 1.93978e-19 1.155e-19 6.86854e-20 4.07948e-20 2.42e-20 1.43385e-20 8.48557e-21 5.01598e-21 2.96166e-21 1.74674e-21 1.02907e-21 6.05608e-22 3.56021e-22 2.09077e-22 1.22656e-22
1.35015e-07 4.41436e-07 9.05596e-07 1.46873e-06 2.05179e-06 2.5784e-06 2.9904e-06 3.25475e-06 3.36315e-06 3.3272e-06 3.17167e-06 2.92769e-06 2.62728e-06 2.29943e-06 1.96797e-06 1.65066e-06 1.35942e-06 1.10103e-06 8.78201e-07 6.90657e-07 5.3612e-07 4.11147e-07 3.11765e-07 2.33922e-07 1.73787e-07 1.27917e-07 9.33322e-08 6.75375e-08 4.8491e-08 3.45588e-08 2.44568e-08 1.71923e-08 1.20088e-08 8.33725e-09 5.75474e-09 3.95017e-09 2.6971e-09 1.83216e-09 1.23852e-09 8.33307e-10 5.5814e-10 3.72213e-10 2.47184e-10 1.63491e-10 1.07715e-10 7.07001e-11 4.62365e-11 3.01316e-11 1.95696e-11 1.2668e-11 8.17423e-12 5.25825e-12 3.37233e-12 2.15651e-12 1.37513e-12 8.74463e-13 5.54596e-13 3.50818e-13 2.21354e-13 1.39323e-13 8.74813e-14 5.48015e-14 3.42515e-14 2.136e-14 1.32918e-14 8.25361e-15 5.11457e-15 3.163e-15 1.95224e-15 1.20263e-15 7.39457e-16 4.53833e-16 2.78034e-16 1.70034e-16 1.03807e-16 6.32678e-17 3.84967e-17 2.33864e-17 1.41845e-17 8.58999e-18 5.1941e-18 3.13603e-18 1.89067e-18 1.13823e-18 6.84277e-19 4.10804e-19 2.46292e-19 1.47465e-19 8.81779e-20 5.26592e-20 3.14082e-20 1.871e-20 1.11321e-20 6.61552e-21 3.92681e-21 2.32817e-21 1.37879e-21 8.15635e-22 4.81967e-22 2.84493e-22 1.6775e-22
6.91539e-08 2.35181e-07 4.9818e-07 8.30768e-07 1.1899e-06 1.52981e-06 1.81221e-06 2.01187e-06 2.11808e-06 2.13293e-06 2.06788e-06 1.93994e-06 1.76814e-06 1.57083e-06 1.36396e-06 1.16014e-06 9.68475e-07 7.94778e-07 6.4209e-07 5.11297e-07 4.01741e-07 3.11765e-07 2.39157e-07 1.81486e-07 1.36333e-07 1.01443e-07 7.48074e-08 5.47001e-08 3.9678e-08 2.85635e-08 2.04146e-08 1.44907e-08 1.02188e-08 7.16154e-09 4.98912e-09 3.45596e-09 2.38092e-09 1.63174e-09 1.1127e-09 7.55108e-10 5.10068e-10 3.43011e-10 2.29679e-10 1.53157e-10 1.01721e-10 6.72991e-11 4.43594e-11 2.91336e-11 1.90671e-11 1.24367e-11 8.0854e-12 5.23983e-12 3.38526e-12 2.18056e-12 1.40049e-12 8.96943e-13 5.72871e-13 3.64912e-13 2.31841e-13 1.46924e-13 9.28805e-14 5.85751e-14 3.6854e-14 2.31348e-14 1.44903e-14 9.05623e-15 5.648e-15 3.51514e-15 2.18329e-15 1.35339e-15 8.37322e-16 5.17061e-16 3.18705e-16 1.96087e-16 1.20432e-16 7.38384e-17 4.51945e-17 2.76164e-17 1.68477e-17 1.02618e-17 6.2406e-18 3.78934e-18 2.29746e-18 1.39089e-18 8.40831e-19 5.07585e-19 3.05988e-19 1.84207e-19 1.10745e-19 6.6492e-20 3.98706e-20 2.38773e-20 1.42815e-20 8.53155e-21 5.09048e-21 3.03371e-21 1.80585e-21 1.07372e-21 6.37694e-22 3.78312e-22 2.24188e-22
3.54203e-08 1.25109e-07 2.73364e-07 4.6834e-07 6.87265e-07 9.03438e-07 1.09249e-06 1.23649e-06 1.3257e-06 1.35827e-06 1.33874e-06 1.2759e-06 1.18067e-06 1.06436e-06 9.37315e-07 8.08209e-07 6.83676e-07 5.68315e-07 4.64909e-07 3.74742e-07 2.97961e-07 2.33922e-07 1.81486e-07 1.39255e-07 1.05749e-07 7.95251e-08 5.92577e-08 4.37743e-08 3.20723e-08 2.33165e-08 1.68264e-08 1.20578e-08 8.58295e-09 6.07064e-09 4.2676e-09 2.98263e-09 2.07296e-09 1.43303e-09 9.8557e-10 6.74489e-10 4.59409e-10 3.11486e-10 2.10264e-10 1.41333e-10 9.46119e-11 6.30851e-11 4.19031e-11 2.77305e-11 1.82858e-11 1.20161e-11 7.86958e-12 5.13718e-12 3.34291e-12 2.16866e-12 1.40269e-12 9.04637e-13 5.81786e-13 3.73132e-13 2.38673e-13 1.52271e-13 9.69016e-14 6.15142e-14 3.89562e-14 2.46128e-14 1.5515e-14 9.75834e-15 6.12426e-15 3.83538e-15 2.39696e-15 1.49497e-15 9.30552e-16 5.78106e-16 3.58468e-16 2.21864e-16 1.37067e-16 8.45296e-17 5.20388e-17 3.19819e-17 1.96226e-17 1.20198e-17 7.35089e-18 4.48848e-18 2.73646e-18 1.66579e-18 1.01253e-18 6.14556e-19 3.72472e-19 2.25433e-19 1.36251e-19 8.22388e-20 4.95718e-20 2.98418e-20 1.79415e-20 1.07732e-20 6.46085e-21 3.86996e-21 2.31527e-21 1.38352e-21 8.25781e-22 4.92322e-22 2.93187e-22
1.81421e-08 6.64625e-08 1.4965e-07 2.632e-07 3.95454e-07 5.31207e-07 6.55395e-07 7.55879e-07 8.24944e-07 8.59599e-07 8.60992e-07 8.33328e-07 7.82645e-07 7.15687e-07 6.39012e-07 5.58397e-07 4.78509e-07 4.02799e-07 3.33562e-07 2.7209e-07 2.18868e-07 1.73787e-07 1.36333e-07 1.05749e-07 8.11603e-08 6.16716e-08 4.64247e-08 3.46388e-08 2.56291e-08 1.88127e-08 1.37053e-08 9.91303e-09 7.12118e-09 5.08232e-09 3.60466e-09 2.5414e-09 1.78157e-09 1.24208e-09 8.61422e-10 5.94409e-10 4.08174e-10 2.78979e-10 1.8982e-10 1.28594e-10 8.67521e-11 5.82879e-11 3.901e-11 2.60092e-11 1.72777e-11 1.14367e-11 7.54436e-12 4.96013e-12 3.25056e-12 2.12352e-12 1.38302e-12 8.98075e-13 5.8149e-13 3.75451e-13 2.41756e-13 1.55256e-13 9.9447e-14 6.35389e-14 4.04966e-14 2.57487e-14 1.63333e-14 1.03372e-14 6.52769e-15 4.11312e-15 2.58618e-15 1.62272e-15 1.01612e-15 6.3501e-16 3.96071e-16 2.46569e-16 1.53213e-16 9.50299e-17 5.88369e-17 3.63646e-17 2.2437e-17 1.38204e-17 8.49886e-18 5.21796e-18 3.19855e-18 1.95763e-18 1.19632e-18 7.29986e-19 4.44779e-19 2.70613e-19 1.64414e-19 9.97528e-20 6.04392e-20 3.65705e-20 2.20989e-20 1.33367e-20 8.03844e-21 4.83896e-21 2.90937e-21 1.74711e-21 1.04791e-21 6.27795e-22 3.75675e-22
9.29229e-09 3.52619e-08 8.17445e-08 1.47484e-07 2.26742e-07 3.11068e-07 3.91384e-07 4.5976e-07 5.10554e-07 5.40846e-07 5.50314e-07 5.40722e-07 5.15247e-07 4.77791e-07 4.32397e-07 3.82814e-07 3.32227e-07 2.83124e-07 2.37281e-07 1.95822e-07 1.5932e-07 1.27917e-07 1.01443e-07 7.95251e-08 6.16716e-08 4.73421e-08 3.59953e-08 2.71214e-08 2.02608e-08 1.50132e-08 1.10393e-08 8.05789e-09 5.8407e-09 4.20543e-09 3.00877e-09 2.13954e-09 1.51256e-09 1.06335e-09 7.43537e-10 5.17234e-10 3.58025e-10 2.46639e-10 1.69125e-10 1.15458e-10 7.84836e-11 5.31291e-11 3.58217e-11 2.4059e-11 1.60983e-11 1.07325e-11 7.13013e-12 4.72073e-12 3.11518e-12 2.04908e-12 1.34362e-12 8.78371e-13 5.72527e-13 3.72106e-13 2.4117e-13 1.55883e-13 1.0049e-13 6.46133e-14 4.14409e-14 2.65136e-14 1.69226e-14 1.07758e-14 6.84609e-15 4.33976e-15 2.745e-15 1.73258e-15 1.09129e-15 6.85967e-16 4.30329e-16 2.69434e-16 1.68374e-16 1.05024e-16 6.5389e-17 4.06392e-17 2.52129e-17 1.56154e-17 9.65495e-18 5.95977e-18 3.67287e-18 2.2599e-18 1.38834e-18 8.51606e-19 5.21588e-19 3.18989e-19 1.94802e-19 1.18794e-19 7.23414e-20 4.39929e-20 2.67173e-20 1.62041e-20 9.81506e-21 5.93749e-21 3.58728e-21 2.16465e-21 1.30461e-21 7.85331e-22 4.72184e-22
4.75947e-09 1.86859e-08 4.45607e-08 8.24165e-08 1.29577e-07 1.81461e-07 2.32721e-07 2.7833e-07 3.14367e-07 3.38431e-07 3.49696e-07 3.48707e-07 3.37022e-07 3.16823e-07 2.90534e-07 2.60528e-07 2.28923e-07 1.97453e-07 1.67433e-07 1.39766e-07 1.14987e-07 9.33322e-08 7.48074e-08 5.92577e-08 4.64247e-08 3.59953e-08 2.76372e-08 2.10247e-08 1.58551e-08 1.18579e-08 8.79887e-09 6.48027e-09 4.73871e-09 3.44168e-09 2.48344e-09 1.78088e-09 1.26948e-09 8.99775e-10 6.34247e-10 4.44725e-10 3.10256e-10 2.15392e-10 1.48831e-10 1.02373e-10 7.01087e-11 4.78103e-11 3.24709e-11 2.19658e-11 1.48025e-11 9.9383e-12 6.64854e-12 4.43226e-12 2.94478e-12 1.95009e-12 1.28726e-12 8.47098e-13 5.55762e-13 3.63554e-13 2.37142e-13 1.54255e-13 1.00068e-13 6.47441e-14 4.17819e-14 2.68959e-14 1.7271e-14 1.1064e-14 7.07119e-15 4.50902e-15 2.86882e-15 1.82129e-15 1.1538e-15 7.29417e-16 4.6019e-16 2.89756e-16 1.82088e-16 1.14209e-16 7.14999e-17 4.46802e-17 2.78705e-17 1.73544e-17 1.07877e-17 6.69435e-18 4.14734e-18 2.56521e-18 1.5841e-18 9.76705e-19 6.01277e-19 3.69598e-19 2.26851e-19 1.39033e-19 8.50895e-20 5.20022e-20 3.17371e-20 1.93429e-20 1.17733e-20 7.15654e-21 4.34458e-21 2.63415e-21 1.59511e-21 9.6473e-22 5.82769e-22
2.43778e-09 9.89091e-09 2.42444e-08 4.59378e-08 7.38189e-08 1.05474e-07 1.3782e-07 1.67748e-07 1.92637e-07 2.1068e-07 2.20997e-07 2.23577e-07 2.19106e-07 2.0875e-07 1.93921e-07 1.76086e-07 1.56617e-07 1.36692e-07 1.1725e-07 9.89776e-08 8.23245e-08 6.75375e-08 5.47001e-08 4.37743e-08 3.46388e-08 2.71214e-08 2.10247e-08 1.61457e-08 1.22889e-08 9.27468e-09 6.94381e-09 5.15916e-09 3.8054e-09 2.78743e-09 2.02828e-09 1.46653e-09 1.05394e-09 7.53017e-10 5.35011e-10 3.7808e-10 2.658e-10 1.85936e-10 1.29445e-10 8.97e-11 6.18812e-11 4.25058e-11 2.90753e-11 1.98082e-11 1.34421e-11 9.08748e-12 6.12103e-12 4.10827e-12 2.74784e-12 1.83175e-12 1.2171e-12 8.06138e-13 5.32297e-13 3.50426e-13 2.30023e-13 1.50561e-13 9.82769e-14 6.39762e-14 4.15378e-14 2.69001e-14 1.73771e-14 1.11979e-14 7.19887e-15 4.61719e-15 2.95463e-15 1.88652e-15 1.20192e-15 7.64124e-16 4.84784e-16 3.06937e-16 1.93947e-16 1.22312e-16 7.69884e-17 4.8369e-17 3.03328e-17 1.89879e-17 1.18652e-17 7.40152e-18 4.60926e-18 2.86562e-18 1.77867e-18 1.10225e-18 6.81989e-19 4.21314e-19 2.59882e-19 1.60066e-19 9.84429e-20 6.0457e-20 3.70762e-20 2.2706e-20 1.38865e-20 8.48125e-21 5.17315e-21 3.15127e-21 1.91717e-21 1.1649e-21 7.06939e-22
1.24862e-09 5.23002e-09 1.3167e-08 2.55433e-08 4.19308e-08 6.10983e-08 8.13082e-08 1.00678e-07 1.17508e-07 1.30515e-07 1.38941e-07 1.42565e-07 1.41628e-07 1.36716e-07 1.28626e-07 1.1824e-07 1.06427e-07 9.39697e-08 8.15183e-08 6.95746e-08 5.84923e-08 4.8491e-08 3.9678e-08 3.20723e-08 2.56291e-08 2.02608e-08 1.58551e-08 1.22889e-08 9.43874e-09 7.18746e-09 5.42855e-09 4.0683e-09 3.02636e-09 2.2354e-09 1.64003e-09 1.19547e-09 8.66025e-10 6.23651e-10 4.46554e-10 3.17997e-10 2.25258e-10 1.58756e-10 1.1134e-10 7.77184e-11 5.40025e-11 3.73586e-11 2.57346e-11 1.76545e-11 1.20631e-11 8.21078e-12 5.56779e-12 3.76187e-12 2.53275e-12 1.6994e-12 1.13646e-12 7.57542e-13 5.03378e-13 3.33468e-13 2.20252e-13 1.45053e-13 9.52593e-14 6.23866e-14 4.07484e-14 2.65455e-14 1.7249e-14 1.11802e-14 7.22907e-15 4.66316e-15 3.00102e-15 1.92695e-15 1.23455e-15 7.89225e-16 5.03467e-16 3.20508e-16 2.0362e-16 1.29104e-16 8.16972e-17 5.15995e-17 3.25289e-17 2.0469e-17 1.2857e-17 8.06153e-18 5.04594e-18 3.15303e-18 1.96694e-18 1.22502e-18 7.61721e-19 4.72894e-19 2.93129e-19 1.81423e-19 1.12119e-19 6.91871e-20 4.26329e-20 2.6233e-20 1.61192e-20 9.89112e-21 6.06122e-21 3.70936e-21 2.26709e-21 1.38383e-21 8.43618e-22
6.39535e-10 2.76276e-09 7.13882e-09 1.41709e-08 2.37517e-08 3.52794e-08 4.77958e-08 6.0185e-08 7.13722e-08 8.04806e-08 8.69242e-08 9.0437e-08 9.10496e-08 8.90301e-08 8.481e-08 7.89072e-08 7.18597e-08 6.4174e-08 5.62902e-08 4.85638e-08 4.12602e-08 3.45588e-08 2.85635e-08 2.33165e-08 1.88127e-08 1.50132e-08 1.18579e-08 9.27468e-09 7.18746e-09 5.52134e-09 4.20627e-09 3.17913e-09 2.38473e-09 1.77599e-09 1.31356e-09 9.65155e-10 7.04696e-10 5.11419e-10 3.69e-10 2.64758e-10 1.88945e-10 1.34145e-10 9.47644e-11 6.66233e-11 4.66217e-11 3.24789e-11 2.25283e-11 1.55608e-11 1.07046e-11 7.33495e-12 5.00687e-12 3.40508e-12 2.30742e-12 1.55815e-12 1.04863e-12 7.03398e-13 4.70315e-13 3.13489e-13 2.08323e-13 1.38028e-13 9.119e-14 6.00769e-14 3.94711e-14 2.58637e-14 1.69033e-14 1.10191e-14 7.16547e-15 4.64823e-15 3.00817e-15 1.94227e-15 1.25122e-15 8.04255e-16 5.15838e-16 3.3015e-16 2.10866e-16 1.34406e-16 8.55001e-17 5.42833e-17 3.43982e-17 2.17566e-17 1.37356e-17 8.65608e-18 5.44537e-18 3.41964e-18 2.14385e-18 1.34178e-18 8.38414e-19 5.2304e-19 3.25781e-19 2.026e-19 1.25803e-19 7.79998e-20 4.82896e-20 2.98528e-20 1.84288e-20 1.13606e-20 6.9937e-21 4.29956e-21 2.63974e-21 1.61856e-21 9.91144e-22
3.27567e-10 1.45808e-09 3.8643e-09 7.8448e-09 1.34189e-08 2.03093e-08 2.80004e-08 3.58436e-08 4.31738e-08 4.94111e-08 5.41292e-08 5.70879e-08 5.82318e-08 5.76638e-08 5.56054e-08 5.2351e-08 4.8226e-08 4.35515e-08 3.86186e-08 3.36727e-08 2.89059e-08 2.44568e-08 2.04146e-08 1.68264e-08 1.37053e-08 1.10393e-08 8.79887e-09 6.94381e-09 5.42855e-09 4.20627e-09 3.2317e-09 2.46299e-09 1.86276e-09 1.39851e-09 1.04263e-09 7.72111e-10 5.6812e-10 4.15454e-10 3.0202e-10 2.18312e-10 1.56943e-10 1.12232e-10 7.98521e-11 5.65363e-11 3.98394e-11 2.79456e-11 1.95161e-11 1.35711e-11 9.39813e-12 6.48223e-12 4.45367e-12 3.04841e-12 2.07893e-12 1.41274e-12 9.56717e-13 6.45725e-13 4.34403e-13 2.91312e-13 1.94751e-13 1.29806e-13 8.6265e-14 5.71652e-14 3.77761e-14 2.48956e-14 1.63634e-14 1.07275e-14 7.01495e-15 4.5759e-15 2.97769e-15 1.93311e-15 1.25208e-15 8.09142e-16 5.21745e-16 3.35701e-16 2.15539e-16 1.38102e-16 8.83065e-17 5.63535e-17 3.58923e-17 2.28167e-17 1.44774e-17 9.16915e-18 5.79676e-18 3.65825e-18 2.30466e-18 1.44945e-18 9.1006e-19 5.70459e-19 3.57009e-19 2.23072e-19 1.39167e-19 8.66884e-20 5.3918e-20 3.34861e-20 2.07665e-20 1.28601e-20 7.95264e-21 4.91111e-21 3.0287e-21 1.86531e-21 1.1473e-21
1.67778e-10 7.68853e-10 2.08862e-09 4.33395e-09 7.5625e-09 1.16579e-08 1.63506e-08 2.12709e-08 2.60155e-08 3.02103e-08 3.35586e-08 3.58686e-08 3.70604e-08 3.71567e-08 3.62626e-08 3.45393e-08 3.21787e-08 2.93802e-08 2.63321e-08 2.32e-08 2.01191e-08 1.71923e-08 1.44907e-08 1.20578e-08 9.91303e-09 8.05789e-09 6.48027e-09 5.15916e-09 4.0683e-09 3.17913e-09 2.46299e-09 1.89258e-09 1.44296e-09 1.09198e-09 8.20496e-10 6.12318e-10 4.53982e-10 3.34486e-10 2.44964e-10 1.78366e-10 1.29153e-10 9.3018e-11 6.66477e-11 4.75157e-11 3.37131e-11 2.38089e-11 1.67389e-11 1.17172e-11 8.16758e-12 5.67006e-12 3.9207e-12 2.70067e-12 1.85337e-12 1.2673e-12 8.63519e-13 5.8638e-13 3.96864e-13 2.67732e-13 1.80049e-13 1.20712e-13 8.06886e-14 5.37785e-14 3.57414e-14 2.36881e-14 1.56573e-14 1.03218e-14 6.78695e-15 4.45144e-15 2.91244e-15 1.90095e-15 1.23783e-15 8.04179e-16 5.21275e-16 3.37151e-16 2.17593e-16 1.40135e-16 9.00642e-17 5.77666e-17 3.69775e-17 2.3624e-17 1.5064e-17 9.58769e-18 6.09101e-18 3.86263e-18 2.44516e-18 1.54518e-18 9.74786e-19 6.13922e-19 3.86014e-19 2.42322e-19 1.51877e-19 9.50418e-20 5.93843e-20 3.70488e-20 2.30799e-20 1.43569e-20 8.91794e-21 5.53168e-21 3.42647e-21 2.11955e-21 1.30936e-21
8.59352e-11 4.05086e-10 1.12727e-09 2.38974e-09 4.25197e-09 6.67357e-09 9.51851e-09 1.25803e-08 1.56188e-08 1.8398e-08 2.07182e-08 2.24364e-08 2.34763e-08 2.38258e-08 2.3528e-08 2.26673e-08 2.13535e-08 1.97077e-08 1.78496e-08 1.58882e-08 1.39167e-08 1.20088e-08 1.02188e-08 8.58295e-09 7.12118e-09 5.8407e-09 4.73871e-09 3.8054e-09 3.02636e-09 2.38473e-09 1.86276e-09 1.44296e-09 1.10892e-09 8.45782e-10 6.40424e-10 4.81577e-10 3.59731e-10 2.67006e-10 1.96973e-10 1.44456e-10 1.05344e-10 7.64032e-11 5.51229e-11 3.95686e-11 2.82646e-11 2.00947e-11 1.42211e-11 1.00199e-11 7.02958e-12 4.91127e-12 3.41751e-12 2.36881e-12 1.6357e-12 1.12533e-12 7.71437e-13 5.27002e-13 3.58802e-13 2.43483e-13 1.64699e-13 1.1106e-13 7.46628e-14 5.00453e-14 3.34478e-14 2.22919e-14 1.4816e-14 9.82086e-15 6.49275e-15 4.28148e-15 2.81626e-15 1.84794e-15 1.20966e-15 7.89986e-16 5.14733e-16 3.34634e-16 2.17073e-16 1.4051e-16 9.07596e-17 5.85036e-17 3.76352e-17 2.41627e-17 1.54829e-17 9.90215e-18 6.32115e-18 4.02777e-18 2.56184e-18 1.62656e-18 1.03095e-18 6.52322e-19 4.1206e-19 2.59863e-19 1.63616e-19 1.02853e-19 6.45555e-20 4.04559e-20 2.53148e-20 1.58169e-20 9.86818e-21 6.14792e-21 3.82477e-21 2.37618e-21 1.47421e-21
