0.731734 0.102071 0.0142382 0.00198612 0.000277049 3.86463e-05 5.39087e-06 7.51986e-07 1.04896e-07 1.46323e-08 2.04109e-09 2.84717e-10 3.97159e-11 5.54007e-12 7.72798e-13 1.078e-13 1.50372e-14 2.09758e-15 2.92597e-16 4.08151e-17 5.6934e-18 7.94187e-19 1.10783e-19 1.54534e-20 2.15564e-21 3.00695e-22 4.19447e-23 5.85097e-24 8.16167e-25 1.13849e-25 1.58811e-26 2.2153e-27 3.09017e-28 4.31056e-29 6.01291e-30 8.38755e-31 1.17e-31 1.63206e-32 2.27661e-33 3.1757e-34 4.42986e-35 6.17932e-36 8.61969e-37 1.20238e-37 1.67723e-38 2.33962e-39 3.26359e-40 4.55246e-41 6.35034e-42 8.85825e-43 1.23566e-43 1.72365e-44 2.40437e-45 3.35391e-46 4.67846e-47 6.5261e-48 9.10342e-49 1.26986e-49 1.77136e-50 2.47091e-51 3.44674e-52 4.80794e-53 6.70672e-54 9.35537e-55 1.305e-55 1.82038e-56 2.5393e-57 3.54213e-58 4.94101e-59 6.89233e-60 9.61429e-61 1.34112e-61 1.87076e-62 2.60958e-63 3.64016e-64 5.07776e-65 7.08309e-66 9.88038e-67 1.37824e-67 1.92254e-68 2.6818e-69 3.74091e-70 5.21829e-71 7.27912e-72 1.01538e-72 1.41638e-73 1.97575e-74 2.75602e-75 3.84445e-76 5.36271e-77 7.48058e-78 1.04349e-78 1.45558e-79 2.03043e-80 2.8323e-81 3.95085e-82 5.51113e-83 7.68762e-84 1.07237e-84 1.49587e-85 2.08663e-86
0.102071 0.0206328 0.00377011 0.000650328 0.000108072 1.74964e-05 2.77834e-06 4.34668e-07 6.72045e-08 1.02912e-08 1.56342e-09 2.35922e-10 3.53974e-11 5.28475e-12 7.85597e-13 1.16338e-13 1.71704e-14 2.52655e-15 3.70765e-16 5.42759e-17 7.92777e-18 1.15562e-18 1.6814e-19 2.44225e-20 3.5418e-21 5.12892e-22 7.41723e-23 1.0713e-23 1.54552e-24 2.22721e-25 3.20628e-26 4.6113e-27 6.62602e-28 9.51284e-29 1.36464e-29 1.95612e-30 2.80193e-31 4.01073e-32 5.7373e-33 8.20205e-34 1.17188e-34 1.67339e-35 2.38826e-36 3.40677e-37 4.85726e-38 6.92209e-39 9.86025e-40 1.40395e-40 1.99819e-41 2.84282e-42 4.04294e-43 5.74758e-44 8.16807e-45 1.1604e-45 1.64797e-46 2.33969e-47 3.32072e-48 4.71171e-49 6.68345e-50 9.47771e-51 1.34366e-51 1.90443e-52 2.69855e-53 3.82289e-54 5.4144e-55 7.66673e-56 1.08536e-56 1.53619e-57 2.17382e-58 3.07549e-59 4.35031e-60 6.15238e-61 8.69931e-62 1.22984e-62 1.73834e-63 2.45666e-64 3.47123e-65 4.904e-66 6.92706e-67 9.78317e-68 1.38148e-68 1.9505e-69 2.75349e-70 3.88651e-71 5.48501e-72 7.73991e-73 1.09204e-73 1.54058e-74 2.17307e-75 3.06487e-76 4.32213e-77 6.09442e-78 8.59245e-79 1.2113e-79 1.70742e-80 2.40647e-81 3.39138e-82 4.77888e-83 6.73336e-84 9.48625e-85 1.33633e-85
0.0142382 0.00377011 0.000830636 0.000166171 3.12838e-05 5.64602e-06 9.87587e-07 1.68612e-07 2.82353e-08 4.65378e-09 7.56939e-10 1.21738e-10 1.93903e-11 3.06255e-12 4.80139e-13 7.47832e-14 1.15798e-14 1.78367e-15 2.73445e-16 4.17403e-17 6.34653e-18 9.61513e-19 1.45191e-19 2.18575e-20 3.28121e-21 4.91284e-22 7.33791e-23 1.09352e-23 1.62612e-24 2.41333e-25 3.57493e-26 5.28631e-27 7.80399e-28 1.15027e-28 1.69293e-29 2.48809e-30 3.65187e-31 5.3532e-32 7.83771e-33 1.14621e-33 1.67443e-34 2.44352e-35 3.56229e-36 5.18834e-37 7.54972e-38 1.09762e-38 1.59444e-39 2.31428e-40 3.35648e-41 4.8644e-42 7.0447e-43 1.01952e-43 1.47448e-44 2.13111e-45 3.07823e-46 4.44361e-47 6.41093e-48 9.24406e-49 1.3322e-49 1.91888e-50 2.76254e-51 3.97516e-52 5.71733e-53 8.21925e-54 1.18107e-54 1.69641e-55 2.43559e-56 3.49541e-57 5.01439e-58 7.1907e-59 1.03076e-59 1.47703e-60 2.11574e-61 3.02961e-62 4.33673e-63 6.20577e-64 8.87745e-65 1.26954e-65 1.81497e-66 2.59396e-67 3.70622e-68 5.29389e-69 7.5596e-70 1.07921e-70 1.54026e-71 2.19772e-72 3.13502e-73 4.47096e-74 6.37465e-75 9.08674e-76 1.29497e-76 1.84507e-77 2.62826e-78 3.74309e-79 5.32967e-80 7.58715e-81 1.07986e-81 1.53664e-82 2.18619e-83 3.10972e-84 4.42255e-85
0.00198612 0.000650328 0.000166171 3.74553e-05 7.80737e-06 1.54131e-06 2.92241e-07 5.36993e-08 9.62188e-09 1.68869e-09 2.91261e-10 4.94965e-11 8.30425e-12 1.37773e-12 2.26331e-13 3.68565e-14 5.95487e-15 9.55342e-16 1.52287e-16 2.41342e-17 3.80441e-18 5.96781e-19 9.31928e-20 1.44923e-20 2.24498e-21 3.46516e-22 5.3306e-23 8.17459e-24 1.24991e-24 1.90586e-25 2.89852e-26 4.39742e-27 6.65601e-28 1.00526e-28 1.51512e-29 2.27908e-30 3.42185e-31 5.1285e-32 7.67335e-33 1.14625e-33 1.70964e-34 2.54618e-35 3.78672e-36 5.62407e-37 8.34214e-38 1.23585e-38 1.82867e-39 2.70277e-40 3.9903e-41 5.88492e-42 8.67028e-43 1.27614e-43 1.87652e-44 2.75682e-45 4.04651e-46 5.93446e-47 8.69608e-48 1.27327e-48 1.86285e-49 2.72341e-50 3.97861e-51 5.80825e-52 8.47349e-53 1.23536e-53 1.79987e-54 2.62073e-55 3.81362e-56 5.54622e-57 8.06135e-58 1.17105e-58 1.70024e-59 2.46725e-60 3.57843e-61 5.18745e-62 7.5163e-63 1.08855e-63 1.57575e-64 2.27999e-65 3.2975e-66 4.76706e-67 6.88863e-68 9.9503e-69 1.4367e-69 2.07359e-70 2.99168e-71 4.31463e-72 6.22031e-73 8.96449e-74 1.29148e-74 1.85993e-75 2.6777e-76 3.85376e-77 5.54455e-78 7.97463e-79 1.14662e-79 1.64816e-80 2.36836e-81 3.40228e-82 4.88617e-83 7.01529e-84 1.00694e-84
0.000277049 0.000108072 3.12838e-05 7.80737e-06 1.77665e-06 3.7914e-07 7.7131e-08 1.51172e-08 2.87531e-09 5.33503e-10 9.6947e-11 1.73057e-11 3.04183e-12 5.2748e-13 9.03827e-14 1.53228e-14 2.573e-15 4.28346e-16 7.07534e-17 1.16037e-17 1.89062e-18 3.06193e-19 4.93143e-20 7.90158e-21 1.26002e-21 2.00036e-22 3.16249e-23 4.98032e-24 7.81446e-25 1.22193e-25 1.90453e-26 2.95938e-27 4.58521e-28 7.08482e-29 1.09187e-29 1.67858e-30 2.57452e-31 3.93985e-32 6.01644e-33 9.16888e-34 1.3946e-34 2.11728e-35 3.20873e-36 4.85455e-37 7.33254e-38 1.1058e-38 1.66513e-39 2.50372e-40 3.75941e-41 5.63726e-42 8.44218e-43 1.26269e-43 1.88633e-44 2.8147e-45 4.19524e-46 6.2461e-47 9.28975e-48 1.38025e-48 2.04871e-49 3.03801e-50 4.50085e-51 6.66208e-52 9.85249e-53 1.45584e-53 2.14944e-54 3.17094e-55 4.67428e-56 6.88513e-57 1.01342e-57 1.49059e-58 2.1909e-59 3.21806e-60 4.72364e-61 6.92916e-62 1.01581e-62 1.48825e-63 2.17912e-64 3.18884e-65 4.66377e-66 6.81711e-67 9.95928e-68 1.4542e-68 2.12225e-69 3.09563e-70 4.51322e-71 6.57677e-72 9.5793e-73 1.39461e-73 2.02944e-74 2.95192e-75 4.29186e-76 6.23736e-77 9.06099e-78 1.31575e-78 1.90983e-79 2.77107e-80 4.01913e-81 5.82711e-82 8.44526e-83 1.22353e-83 1.772e-84
3.86463e-05 1.74964e-05 5.64602e-06 1.54131e-06 3.7914e-07 8.67302e-08 1.87933e-08 3.90348e-09 7.83544e-10 1.52897e-10 2.91326e-11 5.43859e-12 9.97451e-13 1.8011e-13 3.20776e-14 5.64316e-15 9.81845e-16 1.6913e-16 2.88704e-17 4.88742e-18 8.21102e-19 1.36983e-19 2.27049e-20 3.74077e-21 6.12874e-22 9.98883e-23 1.62009e-23 2.61562e-24 4.2048e-25 6.73223e-26 1.07378e-26 1.70651e-27 2.70283e-28 4.26702e-29 6.71581e-30 1.05391e-30 1.64933e-31 2.5743e-32 4.00788e-33 6.22476e-34 9.64561e-35 1.49134e-35 2.30095e-36 3.54287e-37 5.44451e-38 8.3512e-39 1.27867e-39 1.95441e-40 2.98228e-41 4.54344e-42 6.9111e-43 1.04969e-43 1.59202e-44 2.41117e-45 3.64689e-46 5.50873e-47 8.31058e-48 1.25222e-48 1.88458e-49 2.83302e-50 4.25403e-51 6.38091e-52 9.56112e-53 1.43117e-53 2.14015e-54 3.19727e-55 4.77208e-56 7.11607e-57 1.0602e-57 1.57819e-58 2.3473e-59 3.48835e-60 5.17995e-61 7.68587e-62 1.13954e-62 1.68829e-63 2.49948e-64 3.69782e-65 5.46693e-66 8.07697e-67 1.19253e-67 1.75958e-68 2.59464e-69 3.82366e-70 5.63145e-71 8.28907e-72 1.21939e-72 1.79281e-73 2.63444e-74 3.86907e-75 5.67933e-76 8.33225e-77 1.22182e-77 1.79076e-78 2.62334e-79 3.84119e-80 5.62177e-81 8.22397e-82 1.20252e-82 1.75758e-83 2.56772e-84
5.39087e-06 2.77834e-06 9.87587e-07 2.92241e-07 7.7131e-08 1.87933e-08 4.31337e-09 9.44738e-10 1.9924e-10 4.07215e-11 8.10518e-12 1.57698e-12 3.00816e-13 5.63936e-14 1.04104e-14 1.89551e-15 3.40878e-16 6.06178e-17 1.067e-17 1.86067e-18 3.21698e-19 5.5181e-20 9.39614e-21 1.58912e-21 2.67063e-22 4.46175e-23 7.41297e-24 1.22525e-24 2.0153e-25 3.29956e-26 5.37884e-27 8.73252e-28 1.41222e-28 2.27544e-29 3.65348e-30 5.84657e-31 9.3265e-32 1.48328e-32 2.35218e-33 3.71981e-34 5.8671e-35 9.23054e-36 1.4487e-36 2.26838e-37 3.54392e-38 5.52482e-39 8.59518e-40 1.33452e-40 2.06807e-41 3.1989e-42 4.93925e-43 7.6133e-44 1.17155e-44 1.79992e-45 2.76101e-46 4.2289e-47 6.46777e-48 9.87798e-49 1.50656e-49 2.29471e-50 3.49068e-51 5.30332e-52 8.04745e-53 1.21971e-53 1.84653e-54 2.79235e-55 4.21807e-56 6.365e-57 9.59481e-58 1.4449e-58 2.17379e-59 3.26727e-60 4.90623e-61 7.36069e-62 1.10333e-62 1.65242e-63 2.47269e-64 3.69711e-65 5.5234e-66 8.2454e-67 1.22994e-67 1.83329e-68 2.73063e-69 4.06426e-70 6.04502e-71 8.98497e-72 1.33458e-72 1.98101e-73 2.93867e-74 4.35654e-75 6.45454e-76 9.5571e-77 1.41426e-77 2.09162e-78 3.09163e-79 4.56721e-80 6.74336e-81 9.95106e-82 1.46769e-82 2.16358e-83 3.18781e-84
7.51986e-07 4.34668e-07 1.68612e-07 5.36993e-08 1.51172e-08 3.90348e-09 9.44738e-10 2.17332e-10 4.79818e-11 1.02377e-11 2.1222e-12 4.29125e-13 8.49172e-14 1.64873e-14 3.14753e-15 5.91874e-16 1.09794e-16 2.01171e-17 3.6448e-18 6.53597e-19 1.16101e-19 2.04442e-20 3.57101e-21 6.1908e-22 1.06576e-22 1.82277e-23 3.09841e-24 5.23657e-25 8.80243e-26 1.47211e-26 2.45011e-27 4.05927e-28 6.69625e-29 1.1001e-29 1.80028e-30 2.93519e-31 4.76864e-32 7.72122e-33 1.24617e-33 2.00506e-34 3.21659e-35 5.14558e-36 8.20908e-37 1.30624e-37 2.0733e-38 3.28289e-39 5.18613e-40 8.17448e-41 1.28571e-41 2.01801e-42 3.16106e-43 4.94199e-44 7.71185e-45 1.20124e-45 1.86784e-46 2.89944e-47 4.4934e-48 6.95256e-49 1.0741e-49 1.65689e-50 2.55219e-51 3.92571e-52 6.03015e-53 9.25038e-54 1.41719e-54 2.16846e-55 3.3139e-56 5.05837e-57 7.71217e-58 1.17449e-58 1.78668e-59 2.71502e-60 4.12141e-61 6.24991e-62 9.46821e-63 1.43298e-63 2.16669e-64 3.27303e-65 4.93981e-66 7.44877e-67 1.12223e-67 1.68932e-68 2.54086e-69 3.81854e-70 5.73415e-71 8.60407e-72 1.29005e-72 1.93281e-73 2.8937e-74 4.32919e-75 6.47227e-76 9.6696e-77 1.44367e-77 2.15398e-78 3.21169e-79 4.78576e-80 7.12686e-81 1.06067e-81 1.57762e-82 2.34514e-83 3.48405e-84
1.04896e-07 6.72045e-08 2.82353e-08 9.62188e-09 2.87531e-09 7.83544e-10 1.9924e-10 4.79818e-11 1.10566e-11 2.45607e-12 5.28892e-13 1.10888e-13 2.27134e-14 4.55796e-15 8.98127e-16 1.74105e-16 3.32572e-17 6.26842e-18 1.16718e-18 2.14915e-19 3.91682e-20 7.07097e-21 1.26533e-21 2.24583e-22 3.95581e-23 6.91826e-24 1.20186e-24 2.07485e-25 3.56081e-26 6.07699e-27 1.03167e-27 1.7427e-28 2.92989e-29 4.90375e-30 8.1724e-31 1.35645e-31 2.2427e-32 3.69429e-33 6.06392e-34 9.91982e-35 1.6175e-35 2.62927e-36 4.26117e-37 6.88617e-38 1.10976e-38 1.78373e-39 2.85969e-40 4.57342e-41 7.2968e-42 1.16153e-42 1.84487e-43 2.92399e-44 4.62475e-45 7.30016e-46 1.1501e-46 1.80854e-47 2.83877e-48 4.44805e-49 6.95772e-50 1.08654e-50 1.69404e-51 2.6371e-52 4.09891e-53 6.36164e-54 9.85931e-55 1.52587e-55 2.3583e-56 3.64003e-57 5.61114e-58 8.63876e-59 1.32837e-59 2.04019e-60 3.12979e-61 4.79585e-62 7.34065e-63 1.12236e-63 1.71425e-64 2.61555e-65 3.98672e-66 6.07072e-67 9.23517e-68 1.40359e-68 2.13125e-69 3.23323e-70 4.90067e-71 7.42161e-72 1.12298e-72 1.69781e-73 2.56478e-74 3.87138e-75 5.83906e-76 8.80011e-77 1.32528e-77 1.99438e-78 2.99913e-79 4.50686e-80 6.76788e-81 1.01563e-81 1.5231e-82 2.28263e-83 3.41871e-84
1.46323e-08 1.02912e-08 4.65378e-09 1.68869e-09 5.33503e-10 1.52897e-10 4.07215e-11 1.02377e-11 2.45607e-12 5.66687e-13 1.26498e-13 2.74442e-14 5.80798e-15 1.2025e-15 2.44164e-16 4.87181e-17 9.56867e-18 1.85266e-18 3.54052e-19 6.68554e-20 1.24858e-20 2.30817e-21 4.2268e-22 7.67249e-23 1.38133e-23 2.46786e-24 4.3774e-25 7.71209e-26 1.35008e-26 2.34926e-27 4.06473e-28 6.99506e-29 1.19765e-29 2.04061e-30 3.46084e-31 5.84374e-32 9.82597e-33 1.64557e-33 2.74532e-34 4.56325e-35 7.55836e-36 1.24771e-36 2.05303e-37 3.36763e-38 5.50748e-39 8.9811e-40 1.4605e-40 2.36871e-41 3.83178e-42 6.18313e-43 9.9534e-44 1.59854e-44 2.56153e-45 4.09573e-46 6.53502e-47 1.04058e-47 1.65366e-48 2.6229e-49 4.15251e-50 6.56226e-51 1.03522e-51 1.63033e-52 2.56327e-53 4.0236e-54 6.306e-55 9.86803e-56 1.54192e-56 2.40583e-57 3.74848e-58 5.83241e-59 9.06275e-60 1.40639e-60 2.17969e-61 3.374e-62 5.21637e-63 8.05519e-64 1.24245e-64 1.91423e-65 2.94595e-66 4.52886e-67 6.95492e-68 1.06695e-68 1.63516e-69 2.50348e-70 3.8292e-71 5.85139e-72 8.93319e-73 1.36257e-73 2.07646e-74 3.16161e-75 4.80973e-76 7.31085e-77 1.11035e-77 1.68499e-78 2.55501e-79 3.87123e-80 5.86105e-81 8.86698e-82 1.34047e-82 2.025e-83 3.05693e-84
2.04109e-09 1.56342e-09 7.56939e-10 2.91261e-10 9.6947e-11 2.91326e-11 8.10518e-12 2.1222e-12 5.28892e-13 1.26498e-13 2.92166e-14 6.54779e-15 1.42936e-15 3.04867e-16 6.36958e-17 1.30636e-17 2.63482e-18 5.23401e-19 1.02539e-19 1.98341e-20 3.79174e-21 7.17052e-22 1.34242e-22 2.48975e-23 4.57743e-24 8.34697e-25 1.51042e-25 2.71347e-26 4.84167e-27 8.58363e-28 1.51253e-28 2.64991e-29 4.61725e-30 8.00342e-31 1.38044e-31 2.36979e-32 4.04993e-33 6.89152e-34 1.16787e-34 1.97136e-35 3.31509e-36 5.55457e-37 9.27457e-38 1.54342e-38 2.56023e-39 4.23376e-40 6.98036e-41 1.14757e-41 1.88137e-42 3.07613e-43 5.01662e-44 8.16072e-45 1.32432e-45 2.14408e-46 3.46338e-47 5.58218e-48 8.97803e-49 1.44098e-49 2.30815e-50 3.68997e-51 5.88786e-52 9.37763e-53 1.49091e-53 2.3662e-54 3.74902e-55 5.93016e-56 9.36521e-57 1.47669e-57 2.32487e-58 3.65479e-59 5.73715e-60 8.99323e-61 1.40779e-61 2.20076e-62 3.43587e-63 5.35726e-64 8.34265e-65 1.29758e-65 2.01577e-66 3.1278e-67 4.84775e-68 7.50506e-69 1.16062e-69 1.79292e-70 2.76678e-71 4.26522e-72 6.56854e-73 1.01057e-73 1.55327e-74 2.38513e-75 3.6591e-76 5.60841e-77 8.5885e-78 1.31405e-78 2.00879e-79 3.06825e-80 4.68258e-81 7.14046e-82 1.08798e-82 1.65643e-83 2.51995e-84
2.84717e-10 2.35922e-10 1.21738e-10 4.94965e-11 1.73057e-11 5.43859e-12 1.57698e-12 4.29125e-13 1.10888e-13 2.74442e-14 6.54779e-15 1.51356e-15 3.40327e-16 7.46781e-17 1.60342e-17 3.37615e-18 6.98453e-19 1.42196e-19 2.85282e-20 5.64704e-21 1.10403e-21 2.13383e-22 4.08049e-23 7.72602e-24 1.44936e-24 2.69542e-25 4.97209e-26 9.10173e-27 1.65414e-27 2.98576e-28 5.35467e-29 9.54448e-30 1.6914e-30 2.98086e-31 5.22578e-32 9.11553e-33 1.58246e-33 2.73461e-34 4.70495e-35 8.06107e-36 1.37557e-36 2.33829e-37 3.96006e-38 6.68279e-39 1.12389e-39 1.88388e-40 3.14775e-41 5.24341e-42 8.70843e-43 1.44219e-43 2.38179e-44 3.92303e-45 6.44489e-46 1.05614e-46 1.72652e-47 2.81579e-48 4.58182e-49 7.43898e-50 1.20519e-50 1.94846e-51 3.14373e-52 5.06224e-53 8.13593e-54 1.30515e-54 2.08991e-55 3.34062e-56 5.33062e-57 8.49181e-58 1.35056e-58 2.14453e-59 3.39998e-60 5.38223e-61 8.50755e-62 1.34283e-62 2.11651e-63 3.33138e-64 5.2365e-65 8.22027e-66 1.28876e-66 2.01795e-67 3.15584e-68 4.92942e-69 7.69067e-70 1.19848e-70 1.86555e-71 2.90069e-72 4.5053e-73 6.99014e-74 1.08341e-74 1.67749e-75 2.59472e-76 4.00955e-77 6.18987e-78 9.54679e-79 1.47106e-79 2.26469e-80 3.48336e-81 5.35313e-82 8.21947e-83 1.26099e-83 1.93295e-84
3.97159e-11 3.53974e-11 1.93903e-11 8.30425e-12 3.04183e-12 9.97451e-13 3.00816e-13 8.49172e-14 2.27134e-14 5.80798e-15 1.42936e-15 3.40327e-16 7.87219e-17 1.77501e-17 3.91216e-18 8.44791e-19 1.79081e-19 3.73289e-20 7.66234e-21 1.55076e-21 3.09791e-22 6.11445e-23 1.19339e-23 2.30501e-24 4.40888e-25 8.35637e-26 1.57029e-26 2.92709e-27 5.41483e-28 9.94508e-29 1.81415e-29 3.288e-30 5.9228e-31 1.06069e-31 1.88901e-32 3.34641e-33 5.89829e-34 1.0346e-34 1.80636e-35 3.13986e-36 5.43461e-37 9.3681e-38 1.60853e-38 2.75149e-39 4.68952e-40 7.96467e-41 1.34816e-41 2.27459e-42 3.82558e-43 6.41467e-44 1.07245e-44 1.78791e-45 2.97249e-46 4.9288e-47 8.15157e-48 1.34479e-48 2.21318e-49 3.63377e-50 5.95259e-51 9.72949e-52 1.58686e-52 2.58271e-53 4.19495e-54 6.80012e-55 1.10019e-55 1.77665e-56 2.86379e-57 4.60791e-58 7.40136e-59 1.18681e-59 1.89991e-60 3.03655e-61 4.84557e-62 7.7204e-63 1.22824e-63 1.95112e-64 3.09503e-65 4.90268e-66 7.75545e-67 1.22517e-67 1.93293e-68 3.04562e-69 4.79281e-70 7.53302e-71 1.18256e-71 1.85424e-72 2.90404e-73 4.54306e-74 7.09922e-75 1.10815e-75 1.72792e-76 2.69148e-77 4.18807e-78 6.51024e-79 1.011e-79 1.56849e-80 2.43106e-81 3.76448e-82 5.82391e-83 9.00184e-84 1.39015e-84
5.54007e-12 5.28475e-12 3.06255e-12 1.37773e-12 5.2748e-13 1.8011e-13 5.63936e-14 1.64873e-14 4.55796e-15 1.2025e-15 3.04867e-16 7.46781e-17 1.77501e-17 4.10817e-18 9.28508e-19 2.05426e-19 4.45804e-20 9.50611e-21 1.99473e-21 4.12435e-22 8.41221e-23 1.69429e-23 3.37266e-24 6.64071e-25 1.29426e-25 2.49844e-26 4.77984e-27 9.06735e-28 1.70639e-28 3.18713e-29 5.91037e-30 1.08864e-30 1.99231e-31 3.62382e-32 6.55301e-33 1.17841e-33 2.10785e-34 3.75122e-35 6.6434e-36 1.17106e-36 2.05506e-37 3.59089e-38 6.24861e-39 1.08302e-39 1.86995e-40 3.21677e-41 5.51399e-42 9.41935e-43 1.60375e-43 2.72184e-44 4.60514e-45 7.76823e-46 1.3066e-46 2.19151e-47 3.66575e-48 6.11554e-49 1.01764e-49 1.68918e-50 2.79711e-51 4.62088e-52 7.6164e-53 1.2526e-53 2.0556e-54 3.36631e-55 5.50151e-56 8.97316e-57 1.46072e-57 2.37339e-58 3.8492e-59 6.23149e-60 1.00705e-60 1.62468e-61 2.61673e-62 4.20768e-63 6.75512e-64 1.0828e-64 1.73301e-65 2.76954e-66 4.4196e-67 7.04271e-68 1.1207e-68 1.78095e-69 2.82638e-70 4.47963e-71 7.09085e-72 1.12101e-72 1.77006e-73 2.79153e-74 4.39728e-75 6.91868e-76 1.08735e-76 1.70699e-77 2.67683e-78 4.19317e-79 6.56158e-80 1.02571e-80 1.60178e-81 2.49888e-82 3.89462e-83 6.06412e-84 9.43322e-85
7.72798e-13 7.85597e-13 4.80139e-13 2.26331e-13 9.03827e-14 3.20776e-14 1.04104e-14 3.14753e-15 8.98127e-16 2.44164e-16 6.36958e-17 1.60342e-17 3.91216e-18 9.28508e-19 2.15003e-19 4.86939e-20 1.0809e-20 2.35594e-21 5.04988e-22 1.06592e-22 2.21821e-23 4.55592e-24 9.24363e-25 1.85422e-25 3.68006e-26 7.23119e-27 1.40763e-27 2.71601e-28 5.19697e-29 9.86606e-30 1.85906e-30 3.47827e-31 6.46411e-32 1.19363e-32 2.19067e-33 3.99718e-34 7.25289e-35 1.30905e-35 2.35062e-36 4.20037e-37 7.47056e-38 1.3227e-38 2.33179e-39 4.0936e-40 7.15779e-41 1.24673e-41 2.16344e-42 3.74071e-43 6.44543e-44 1.10685e-44 1.8946e-45 3.2328e-46 5.49943e-47 9.32771e-48 1.57758e-48 2.66073e-49 4.47552e-50 7.50846e-51 1.25648e-51 2.09745e-52 3.49289e-53 5.80318e-54 9.61971e-55 1.59111e-55 2.62605e-56 4.32511e-57 7.10895e-58 1.16614e-58 1.9092e-59 3.11983e-60 5.08872e-61 8.28521e-62 1.34659e-62 2.18483e-63 3.53893e-64 5.72287e-65 9.23972e-66 1.48944e-66 2.39728e-67 3.85268e-68 6.18257e-69 9.9072e-70 1.58533e-70 2.53333e-71 4.04275e-72 6.44297e-73 1.02549e-73 1.63014e-74 2.58809e-75 4.10394e-76 6.49982e-77 1.02823e-77 1.62473e-78 2.56436e-79 4.0429e-80 6.36698e-81 1.00163e-81 1.57408e-82 2.47113e-83 3.87547e-84 6.07183e-85
1.078e-13 1.16338e-13 7.47832e-14 3.68565e-14 1.53228e-14 5.64316e-15 1.89551e-15 5.91874e-16 1.74105e-16 4.87181e-17 1.30636e-17 3.37615e-18 8.44791e-19 2.05426e-19 4.86939e-20 1.12802e-20 2.55932e-21 5.69777e-22 1.24668e-22 2.68459e-23 5.69645e-24 1.19235e-24 2.4643e-25 5.03317e-26 1.01667e-26 2.0324e-27 4.02346e-28 7.89218e-29 1.5347e-29 2.95996e-30 5.6646e-31 1.07608e-31 2.02991e-32 3.80369e-33 7.0822e-34 1.31067e-34 2.41154e-35 4.41248e-36 8.03082e-37 1.45419e-37 2.62033e-38 4.69944e-39 8.3902e-40 1.49145e-40 2.64011e-41 4.65459e-42 8.17424e-43 1.43014e-43 2.49305e-44 4.3307e-45 7.49736e-46 1.29369e-46 2.2252e-47 3.81563e-48 6.52326e-49 1.11199e-49 1.89024e-50 3.20437e-51 5.41771e-52 9.13622e-53 1.53684e-53 2.57886e-54 4.31713e-55 7.21039e-56 1.20156e-56 1.99791e-57 3.31496e-58 5.48876e-59 9.06959e-60 1.49568e-60 2.46178e-61 4.04425e-62 6.6317e-63 1.0855e-63 1.77364e-64 2.89305e-65 4.71101e-66 7.65873e-67 1.24308e-67 2.01445e-68 3.25946e-69 5.26595e-70 8.49506e-71 1.36844e-71 2.20125e-72 3.53598e-73 5.67227e-74 9.08707e-75 1.45386e-75 2.32307e-76 3.70727e-77 5.90894e-78 9.40671e-79 1.49572e-79 2.37549e-80 3.7684e-81 5.97135e-82 9.45163e-83 1.49441e-83 2.3603e-84 3.72399e-85
1.50372e-14 1.71704e-14 1.15798e-14 5.95487e-15 2.573e-15 9.81845e-16 3.40878e-16 1.09794e-16 3.32572e-17 9.56867e-18 2.63482e-18 6.98453e-19 1.79081e-19 4.45804e-20 1.0809e-20 2.55932e-21 5.93097e-22 1.34778e-22 3.00832e-23 6.60483e-24 1.42817e-24 3.04482e-25 6.40669e-26 1.33162e-26 2.73617e-27 5.56201e-28 1.11924e-28 2.23087e-29 4.40671e-30 8.63087e-31 1.67683e-31 3.2329e-32 6.18774e-33 1.17614e-33 2.22081e-34 4.16699e-35 7.77162e-36 1.44109e-36 2.65747e-37 4.87461e-38 8.89609e-39 1.6156e-39 2.92026e-40 5.25463e-41 9.41386e-42 1.67944e-42 2.984e-43 5.28118e-44 9.31147e-45 1.63574e-45 2.86335e-46 4.9951e-47 8.68503e-48 1.50522e-48 2.60061e-49 4.47956e-50 7.69342e-51 1.31754e-51 2.25012e-52 3.83244e-53 6.5104e-54 1.10315e-54 1.86458e-55 3.14398e-56 5.2888e-57 8.87643e-58 1.48645e-58 2.48378e-59 4.14148e-60 6.89122e-61 1.14435e-61 1.89654e-62 3.13709e-63 5.17932e-64 8.53529e-65 1.40405e-65 2.30558e-66 3.77946e-67 6.18511e-68 1.01053e-68 1.64835e-69 2.68449e-70 4.36519e-71 7.08738e-72 1.14901e-72 1.86006e-73 3.00686e-74 4.8539e-75 7.82478e-76 1.25971e-76 2.02532e-77 3.25202e-78 5.2151e-79 8.35276e-80 1.33618e-80 2.1349e-81 3.40704e-82 5.43091e-83 8.64716e-84 1.37527e-84 2.18486e-85
2.09758e-15 2.52655e-15 1.78367e-15 9.55342e-16 4.28346e-16 1.6913e-16 6.06178e-17 2.01171e-17 6.26842e-18 1.85266e-18 5.23401e-19 1.42196e-19 3.73289e-20 9.50611e-21 2.35594e-21 5.69777e-22 1.34778e-22 3.12436e-23 7.1099e-24 1.59063e-24 3.50301e-25 7.60284e-26 1.62784e-26 3.44148e-27 7.18996e-28 1.48551e-28 3.03722e-29 6.14886e-30 1.23329e-30 2.45192e-31 4.83413e-32 9.45547e-33 1.83557e-33 3.53782e-34 6.77213e-35 1.28787e-35 2.4339e-36 4.57226e-37 8.54019e-38 1.5864e-38 2.93133e-39 5.38902e-40 9.85903e-41 1.79521e-41 3.25409e-42 5.87282e-43 1.05544e-43 1.88908e-44 3.3679e-45 5.98159e-46 1.05846e-46 1.86632e-47 3.27944e-48 5.74328e-49 1.00256e-49 1.7446e-50 3.02658e-51 5.23505e-52 9.02894e-53 1.55287e-53 2.66348e-54 4.5563e-55 7.77415e-56 1.32313e-56 2.2464e-57 3.80484e-58 6.42946e-59 1.08399e-59 1.82355e-60 3.06106e-61 5.12754e-62 8.5714e-63 1.42995e-63 2.38088e-64 3.95657e-65 6.56274e-66 1.08656e-66 1.79574e-67 2.96256e-68 4.87917e-69 8.02218e-70 1.31681e-70 2.15801e-71 3.53098e-72 5.76851e-73 9.40965e-74 1.53262e-74 2.49267e-75 4.04828e-76 6.56548e-77 1.06332e-77 1.71979e-78 2.77785e-79 4.48102e-80 7.2192e-81 1.1616e-81 1.86675e-82 2.99635e-83 4.80374e-84 7.69234e-85 1.23038e-85
2.92597e-16 3.70765e-16 2.73445e-16 1.52287e-16 7.07534e-17 2.88704e-17 1.067e-17 3.6448e-18 1.16718e-18 3.54052e-19 1.02539e-19 2.85282e-20 7.66234e-21 1.99473e-21 5.04988e-22 1.24668e-22 3.00832e-23 7.1099e-24 1.64865e-24 3.75642e-25 8.42133e-26 1.85976e-26 4.04997e-27 8.70508e-28 1.84834e-28 3.87975e-29 8.05632e-30 1.65595e-30 3.37116e-31 6.80077e-32 1.36015e-32 2.6981e-33 5.31056e-34 1.03752e-34 2.0127e-35 3.87813e-36 7.4243e-37 1.41253e-37 2.67156e-38 5.0241e-39 9.39672e-40 1.74828e-40 3.23632e-41 5.9618e-42 1.09311e-42 1.99521e-43 3.6259e-44 6.56164e-45 1.1826e-45 2.12301e-46 3.79674e-47 6.76495e-48 1.20106e-48 2.125e-49 3.74708e-50 6.58581e-51 1.15385e-51 2.01536e-52 3.50958e-53 6.09391e-54 1.05513e-54 1.8219e-55 3.13744e-56 5.38883e-57 9.23229e-58 1.57778e-58 2.6899e-59 4.57511e-60 7.7637e-61 1.3145e-61 2.22076e-62 3.74381e-63 6.29822e-64 1.05739e-64 1.77168e-65 2.9627e-66 4.94493e-67 8.23802e-68 1.36991e-68 2.27396e-69 3.76803e-70 6.23305e-71 1.02934e-71 1.69707e-72 2.79346e-73 4.5909e-74 7.53321e-75 1.23425e-75 2.01919e-76 3.29851e-77 5.38066e-78 8.7648e-79 1.42576e-79 2.31614e-80 3.75753e-81 6.08797e-82 9.8511e-83 1.59202e-83 2.56965e-84 4.14257e-85 6.67029e-86
4.08151e-17 5.42759e-17 4.17403e-17 2.41342e-17 1.16037e-17 4.88742e-18 1.86067e-18 6.53597e-19 2.14915e-19 6.68554e-20 1.98341e-20 5.64704e-21 1.55076e-21 4.12435e-22 1.06592e-22 2.68459e-23 6.60483e-24 1.59063e-24 3.75642e-25 8.71263e-26 1.9874e-26 4.46379e-27 9.88254e-28 2.15871e-28 4.65641e-29 9.92603e-30 2.09252e-30 4.36526e-31 9.01667e-32 1.84505e-32 3.74203e-33 7.52551e-34 1.50132e-34 2.97225e-35 5.84148e-36 1.14007e-36 2.21023e-37 4.25766e-38 8.15161e-39 1.55154e-39 2.93651e-40 5.52768e-41 1.03511e-41 1.92862e-42 3.57603e-43 6.59973e-44 1.21253e-44 2.21801e-45 4.04024e-46 7.32962e-47 1.32447e-47 2.38422e-48 4.27604e-49 7.64153e-50 1.36084e-50 2.41529e-51 4.27273e-52 7.53456e-53 1.32454e-53 2.32149e-54 4.05692e-55 7.06948e-56 1.2285e-56 2.12905e-57 3.68006e-58 6.34466e-59 1.09113e-59 1.8719e-60 3.20372e-61 5.47036e-62 9.3195e-63 1.58418e-63 2.68706e-64 4.54811e-65 7.68219e-66 1.29497e-66 2.17859e-67 3.65805e-68 6.13057e-69 1.02553e-69 1.71239e-70 2.85422e-71 4.74913e-72 7.8886e-73 1.30815e-73 2.16573e-74 3.57975e-75 5.90767e-76 9.73436e-77 1.60155e-77 2.63102e-78 4.31593e-79 7.06972e-80 1.15643e-80 1.889e-81 3.08146e-82 5.01998e-83 8.16728e-84 1.32707e-84 2.15357e-85 3.49047e-86
5.6934e-18 7.92777e-18 6.34653e-18 3.80441e-18 1.89062e-18 8.21102e-19 3.21698e-19 1.16101e-19 3.91682e-20 1.24858e-20 3.79174e-21 1.10403e-21 3.09791e-22 8.41221e-23 2.21821e-23 5.69645e-24 1.42817e-24 3.50301e-25 8.42133e-26 1.9874e-26 4.61062e-27 1.05278e-27 2.3686e-28 5.25592e-29 1.1513e-29 2.49145e-30 5.3303e-31 1.12815e-31 2.36353e-32 4.90413e-33 1.0083e-33 2.05513e-34 4.15431e-35 8.33171e-36 1.65845e-36 3.27756e-37 6.43299e-38 1.25435e-38 2.43042e-39 4.68074e-40 8.96236e-41 1.70648e-41 3.23179e-42 6.08881e-43 1.14144e-43 2.12951e-44 3.95445e-45 7.31039e-46 1.34557e-46 2.46632e-47 4.50219e-48 8.18628e-49 1.48283e-49 2.67601e-50 4.812e-51 8.6228e-52 1.53993e-52 2.7411e-53 4.86361e-54 8.60287e-55 1.5171e-55 2.66751e-56 4.67684e-57 8.17685e-58 1.42573e-58 2.47935e-59 4.30044e-60 7.44035e-61 1.28411e-61 2.2109e-62 3.79766e-63 6.50829e-64 1.11287e-64 1.89876e-65 3.23272e-66 5.49231e-67 9.31222e-68 1.57573e-68 2.66108e-69 4.48538e-70 7.54614e-71 1.26722e-71 2.12419e-72 3.55441e-73 5.93732e-74 9.90091e-75 1.6483e-75 2.73961e-76 4.54616e-77 7.53214e-78 1.24601e-78 2.05811e-79 3.39444e-80 5.5903e-81 9.19346e-82 1.50977e-82 2.47596e-83 4.05495e-84 6.63204e-85 1.08328e-85 1.76714e-86
7.94187e-19 1.15562e-18 9.61513e-19 5.96781e-19 3.06193e-19 1.36983e-19 5.5181e-20 2.04442e-20 7.07097e-21 2.30817e-21 7.17052e-22 2.13383e-22 6.11445e-23 1.69429e-23 4.55592e-24 1.19235e-24 3.04482e-25 7.60284e-26 1.85976e-26 4.46379e-27 1.05278e-27 2.44287e-28 5.58314e-29 1.25807e-29 2.79749e-30 6.14357e-31 1.33345e-31 2.86239e-32 6.08047e-33 1.27892e-33 2.66481e-34 5.50314e-35 1.12685e-35 2.28877e-36 4.61298e-37 9.22897e-38 1.8334e-38 3.6176e-39 7.09197e-40 1.38168e-40 2.67578e-41 5.15223e-42 9.86586e-43 1.87913e-43 3.5608e-44 6.71402e-45 1.2599e-45 2.35333e-46 4.37607e-47 8.10227e-48 1.49386e-48 2.74314e-49 5.01741e-50 9.14226e-51 1.65967e-51 3.00211e-52 5.41151e-53 9.72159e-54 1.7407e-54 3.10684e-55 5.52789e-56 9.80574e-57 1.73427e-57 3.05847e-58 5.37863e-59 9.43301e-60 1.64995e-60 2.87845e-61 5.00891e-62 8.69463e-63 1.50559e-63 2.60096e-64 4.48287e-65 7.709e-66 1.32275e-66 2.26476e-67 3.86941e-68 6.59737e-69 1.12258e-69 1.90634e-70 3.23103e-71 5.46583e-72 9.22915e-73 1.55551e-73 2.61703e-74 4.39523e-75 7.36896e-76 1.23338e-76 2.06097e-77 3.43826e-78 5.72682e-79 9.52376e-80 1.58138e-80 2.62185e-81 4.34046e-82 7.17517e-83 1.18442e-83 1.95241e-84 3.21393e-85 5.28337e-86 8.67374e-87
1.10783e-19 1.6814e-19 1.45191e-19 9.31928e-20 4.93143e-20 2.27049e-20 9.39614e-21 3.57101e-21 1.26533e-21 4.2268e-22 1.34242e-22 4.08049e-23 1.19339e-23 3.37266e-24 9.24363e-25 2.4643e-25 6.40669e-26 1.62784e-26 4.04997e-27 9.88254e-28 2.3686e-28 5.58314e-29 1.29575e-29 2.96392e-30 6.68819e-31 1.49006e-31 3.28005e-32 7.13888e-33 1.53717e-33 3.27645e-34 6.91671e-35 1.44683e-35 3.00019e-36 6.1698e-37 1.25878e-37 2.5488e-38 5.12355e-39 1.0228e-39 2.02822e-40 3.99636e-41 7.82608e-42 1.52355e-42 2.94917e-43 5.67758e-44 1.08726e-44 2.0715e-45 3.92737e-46 7.41058e-47 1.39189e-47 2.60271e-48 4.84589e-49 8.98483e-50 1.65916e-50 3.05186e-51 5.59224e-52 1.02094e-52 1.8572e-53 3.36667e-54 6.08232e-55 1.09523e-55 1.96583e-56 3.51747e-57 6.27468e-58 1.116e-58 1.97917e-59 3.50009e-60 6.17276e-61 1.08571e-61 1.90465e-62 3.33276e-63 5.81713e-64 1.01287e-64 1.75941e-65 3.04906e-66 5.272e-67 9.09532e-68 1.56572e-68 2.68957e-69 4.61047e-70 7.88714e-71 1.34656e-71 2.29445e-72 3.90208e-73 6.62364e-74 1.12226e-74 1.89805e-75 3.20442e-76 5.4005e-77 9.0861e-78 1.52613e-78 2.55913e-79 4.28442e-80 7.16148e-81 1.19519e-81 1.99162e-82 3.31378e-83 5.50553e-84 9.13365e-85 1.51311e-85 2.50316e-86 4.1353e-87
1.54534e-20 2.44225e-20 2.18575e-20 1.44923e-20 7.90158e-21 3.74077e-21 1.58912e-21 6.1908e-22 2.24583e-22 7.67249e-23 2.48975e-23 7.72602e-24 2.30501e-24 6.64071e-25 1.85422e-25 5.03317e-26 1.33162e-26 3.44148e-27 8.70508e-28 2.15871e-28 5.25592e-29 1.25807e-29 2.96392e-30 6.87995e-31 1.57494e-31 3.55853e-32 7.94207e-33 1.75208e-33 3.82303e-34 8.25551e-35 1.7652e-35 3.73912e-36 7.84994e-37 1.63405e-37 3.37392e-38 6.91243e-39 1.40572e-39 2.83839e-40 5.6922e-41 1.13407e-41 2.24524e-42 4.41829e-43 8.64393e-44 1.68161e-44 3.25377e-45 6.2629e-46 1.19942e-46 2.28583e-47 4.33579e-48 8.18668e-49 1.53896e-49 2.8806e-50 5.36952e-51 9.9687e-52 1.8435e-52 3.39624e-53 6.23377e-54 1.14011e-54 2.07793e-55 3.77434e-56 6.8331e-57 1.2331e-57 2.21831e-58 3.97852e-59 7.11427e-60 1.26847e-60 2.25529e-61 3.99878e-62 7.07103e-63 1.24709e-63 2.19379e-64 3.8495e-65 6.73828e-66 1.17667e-66 2.04993e-67 3.56311e-68 6.17937e-69 1.06932e-69 1.84644e-70 3.18164e-71 5.47105e-72 9.38888e-73 1.60804e-73 2.74877e-74 4.6898e-75 7.98657e-76 1.3576e-76 2.30359e-77 3.90189e-78 6.59773e-79 1.11372e-79 1.87688e-80 3.15783e-81 5.30448e-82 8.89635e-83 1.48973e-83 2.49084e-84 4.15845e-85 6.93235e-86 1.15399e-86 1.91825e-87
2.15564e-21 3.5418e-21 3.28121e-21 2.24498e-21 1.26002e-21 6.12874e-22 2.67063e-22 1.06576e-22 3.95581e-23 1.38133e-23 4.57743e-24 1.44936e-24 4.40888e-25 1.29426e-25 3.68006e-26 1.01667e-26 2.73617e-27 7.18996e-28 1.84834e-28 4.65641e-29 1.1513e-29 2.79749e-30 6.68819e-31 1.57494e-31 3.65638e-32 8.37603e-33 1.89481e-33 4.23581e-34 9.36337e-35 2.0479e-35 4.43406e-36 9.50881e-37 2.02061e-37 4.25652e-38 8.89232e-39 1.84299e-39 3.79074e-40 7.74031e-41 1.56948e-41 3.16109e-42 6.32579e-43 1.25805e-43 2.48703e-44 4.88839e-45 9.55514e-46 1.85772e-46 3.59314e-47 6.91504e-48 1.32438e-48 2.52463e-49 4.79085e-50 9.05145e-51 1.70284e-51 3.19032e-52 5.95323e-53 1.10657e-53 2.0491e-54 3.78049e-55 6.94994e-56 1.27322e-56 2.32463e-57 4.23031e-58 7.67356e-59 1.38759e-59 2.5015e-60 4.49624e-61 8.05817e-62 1.4401e-62 2.56655e-63 4.56178e-64 8.08673e-65 1.42986e-65 2.52185e-66 4.43685e-67 7.78728e-68 1.36356e-68 2.3821e-69 4.15208e-70 7.22126e-71 1.2532e-71 2.17025e-72 3.75055e-73 6.46842e-74 1.11336e-74 1.9126e-75 3.27928e-76 5.61201e-77 9.58643e-78 1.63459e-78 2.78221e-79 4.72731e-80 8.01853e-81 1.35783e-81 2.29551e-82 3.87444e-83 6.529e-84 1.09851e-84 1.84541e-85 3.09547e-86 5.18458e-87 8.67093e-88
3.00695e-22 5.12892e-22 4.91284e-22 3.46516e-22 2.00036e-22 9.98883e-23 4.46175e-23 1.82277e-23 6.91826e-24 2.46786e-24 8.34697e-25 2.69542e-25 8.35637e-26 2.49844e-26 7.23119e-27 2.0324e-27 5.56201e-28 1.48551e-28 3.87975e-29 9.92603e-30 2.49145e-30 6.14357e-31 1.49006e-31 3.55853e-32 8.37603e-33 1.94485e-33 4.45819e-34 1.00964e-34 2.26044e-35 5.00613e-36 1.09732e-36 2.38178e-37 5.12174e-38 1.0916e-38 2.30685e-39 4.83552e-40 1.00574e-40 2.07631e-41 4.25591e-42 8.66379e-43 1.75209e-43 3.52083e-44 7.032e-45 1.39621e-45 2.75648e-46 5.41223e-47 1.05705e-47 2.05394e-48 3.97127e-49 7.64165e-50 1.46362e-50 2.7907e-51 5.29791e-52 1.00151e-52 1.88549e-53 3.53555e-54 6.60401e-55 1.22891e-55 2.27846e-56 4.20935e-57 7.74962e-58 1.42193e-58 2.60043e-59 4.74044e-60 8.61458e-61 1.56072e-61 2.81917e-62 5.0776e-63 9.11934e-64 1.6333e-64 2.91738e-65 5.19723e-66 9.23483e-67 1.63677e-67 2.89385e-68 5.10402e-69 8.98094e-70 1.57662e-70 2.7615e-71 4.82614e-72 8.4161e-73 1.46452e-73 2.54316e-74 4.40721e-75 7.62222e-76 1.31566e-76 2.26657e-77 3.89736e-78 6.68907e-79 1.14596e-79 1.95972e-80 3.34545e-81 5.70119e-82 9.69931e-83 1.64737e-83 2.7934e-84 4.72906e-85 7.99338e-86 1.349e-86 2.27315e-87 3.82465e-88
4.19447e-23 7.41723e-23 7.33791e-23 5.3306e-23 3.16249e-23 1.62009e-23 7.41297e-24 3.09841e-24 1.20186e-24 4.3774e-25 1.51042e-25 4.97209e-26 1.57029e-26 4.77984e-27 1.40763e-27 4.02346e-28 1.11924e-28 3.03722e-29 8.05632e-30 2.09252e-30 5.3303e-31 1.33345e-31 3.28005e-32 7.94207e-33 1.89481e-33 4.45819e-34 1.03529e-34 2.37464e-35 5.38334e-36 1.20695e-36 2.67766e-37 5.8813e-38 1.27953e-38 2.75854e-39 5.89573e-40 1.24965e-40 2.62777e-41 5.48377e-42 1.13605e-42 2.33703e-43 4.77532e-44 9.69441e-45 1.9558e-45 3.92203e-46 7.81939e-47 1.55024e-47 3.05682e-48 5.99605e-49 1.1702e-49 2.2726e-50 4.39262e-51 8.45131e-52 1.61877e-52 3.0872e-53 5.86298e-54 1.10892e-54 2.08908e-55 3.92045e-56 7.32972e-57 1.36538e-57 2.5344e-58 4.68808e-59 8.64273e-60 1.58811e-60 2.90882e-61 5.31125e-62 9.66836e-63 1.75476e-63 3.17555e-64 5.73046e-65 1.03123e-65 1.85074e-66 3.31273e-67 5.91429e-68 1.05322e-68 1.87094e-69 3.31548e-70 5.86141e-71 1.03383e-71 1.81931e-72 3.19446e-73 5.59679e-74 9.78477e-75 1.70707e-75 2.97205e-76 5.164e-77 8.95479e-78 1.54982e-78 2.67719e-79 4.61598e-80 7.94423e-81 1.36476e-81 2.3404e-82 4.00654e-83 6.8471e-84 1.16819e-84 1.98978e-85 3.38368e-86 5.74491e-87 9.73856e-88 1.6483e-88
5.85097e-24 1.0713e-23 1.09352e-23 8.17459e-24 4.98032e-24 2.61562e-24 1.22525e-24 5.23657e-25 2.07485e-25 7.71209e-26 2.71347e-26 9.10173e-27 2.92709e-27 9.06735e-28 2.71601e-28 7.89218e-29 2.23087e-29 6.14886e-30 1.65595e-30 4.36526e-31 1.12815e-31 2.86239e-32 7.13888e-33 1.75208e-33 4.23581e-34 1.00964e-34 2.37464e-35 5.51514e-36 1.26571e-36 2.87213e-37 6.44777e-38 1.43279e-38 3.15305e-39 6.87467e-40 1.48568e-40 3.1836e-41 6.7669e-42 1.4272e-42 2.98772e-43 6.20987e-44 1.28184e-44 2.62849e-45 5.35557e-46 1.08451e-46 2.18314e-47 4.3696e-48 8.69756e-49 1.72198e-49 3.39164e-50 6.64683e-51 1.29631e-51 2.5163e-52 4.86219e-53 9.35361e-54 1.79168e-54 3.41764e-55 6.49278e-56 1.22863e-56 2.31605e-57 4.34963e-58 8.13912e-59 1.51763e-59 2.82005e-60 5.22261e-61 9.6404e-62 1.77384e-62 3.25371e-63 5.95006e-64 1.08486e-64 1.97226e-65 3.57538e-66 6.46363e-67 1.16534e-67 2.09547e-68 3.75821e-69 6.72326e-70 1.19978e-70 2.13583e-71 3.79314e-72 6.72076e-73 1.18808e-73 2.09557e-74 3.68814e-75 6.47705e-76 1.13509e-76 1.98513e-77 3.46469e-78 6.03498e-79 1.04915e-79 1.82041e-80 3.1527e-81 5.44995e-82 9.40404e-83 1.6198e-83 2.78515e-84 4.78066e-85 8.19203e-86 1.40144e-86 2.39356e-87 4.08149e-88 6.94873e-89
8.16167e-25 1.54552e-24 1.62612e-24 1.24991e-24 7.81446e-25 4.2048e-25 2.0153e-25 8.80243e-26 3.56081e-26 1.35008e-26 4.84167e-27 1.65414e-27 5.41483e-28 1.70639e-28 5.19697e-29 1.5347e-29 4.40671e-30 1.23329e-30 3.37116e-31 9.01667e-32 2.36353e-32 6.08047e-33 1.53717e-33 3.82303e-34 9.36337e-35 2.26044e-35 5.38334e-36 1.26571e-36 2.93996e-37 6.75068e-38 1.53322e-38 3.4462e-39 7.66962e-40 1.69084e-40 3.69409e-41 8.00132e-42 1.7188e-42 3.66307e-43 7.7475e-44 1.62669e-44 3.39152e-45 7.02343e-46 1.44502e-46 2.95443e-47 6.00402e-48 1.21303e-48 2.43694e-49 4.86906e-50 9.67723e-51 1.91352e-51 3.76499e-52 7.37238e-53 1.4369e-53 2.78794e-54 5.38558e-55 1.03593e-55 1.98439e-56 3.78595e-57 7.19483e-58 1.3621e-58 2.56913e-59 4.82827e-60 9.04205e-61 1.68752e-61 3.13891e-62 5.81954e-63 1.07551e-63 1.98147e-64 3.63949e-65 6.66508e-66 1.21706e-66 2.21608e-67 4.02397e-68 7.287e-69 1.31611e-69 2.37086e-70 4.26009e-71 7.63576e-72 1.3653e-72 2.43539e-73 4.33406e-74 7.69532e-75 1.36328e-75 2.40983e-76 4.25061e-77 7.48165e-78 1.31414e-78 2.30357e-79 4.0299e-80 7.03613e-81 1.22613e-81 2.13264e-82 3.70247e-83 6.41613e-84 1.10988e-84 1.91652e-85 3.30367e-86 5.68515e-87 9.76697e-88 1.67518e-88 2.86855e-89
1.13849e-25 2.22721e-25 2.41333e-25 1.90586e-25 1.22193e-25 6.73223e-26 3.29956e-26 1.47211e-26 6.07699e-27 2.34926e-27 8.58363e-28 2.98576e-28 9.94508e-29 3.18713e-29 9.86606e-30 2.95996e-30 8.63087e-31 2.45192e-31 6.80077e-32 1.84505e-32 4.90413e-33 1.27892e-33 3.27645e-34 8.25551e-35 2.0479e-35 5.00613e-36 1.20695e-36 2.87213e-37 6.75068e-38 1.5682e-38 3.60261e-39 8.18908e-40 1.84276e-40 4.10698e-41 9.06945e-42 1.98527e-42 4.30921e-43 9.27831e-44 1.98232e-44 4.20382e-45 8.85125e-46 1.85085e-46 3.84464e-47 7.93524e-48 1.62773e-48 3.31905e-49 6.7289e-50 1.35661e-50 2.72034e-51 5.42657e-52 1.07704e-52 2.1272e-53 4.18139e-54 8.18144e-55 1.59365e-55 3.09077e-56 5.96904e-57 1.14804e-57 2.19922e-58 4.19655e-59 7.97755e-60 1.51092e-60 2.85137e-61 5.36218e-62 1.00495e-62 1.87714e-63 3.49491e-64 6.48627e-65 1.20007e-65 2.21361e-66 4.07107e-67 7.46551e-68 1.36515e-68 2.48942e-69 4.52732e-70 8.21167e-71 1.48558e-71 2.68075e-72 4.82544e-73 8.66482e-74 1.55219e-74 2.77405e-75 4.94638e-76 8.80003e-77 1.56215e-77 2.76708e-78 4.89103e-79 8.62727e-80 1.51865e-80 2.66792e-81 4.67769e-82 8.18558e-83 1.42969e-83 2.49244e-84 4.3372e-85 7.53376e-86 1.3063e-86 2.2611e-87 3.90708e-88 6.7399e-89 1.16074e-89
1.58811e-26 3.20628e-26 3.57493e-26 2.89852e-26 1.90453e-26 1.07378e-26 5.37884e-27 2.45011e-27 1.03167e-27 4.06473e-28 1.51253e-28 5.35467e-29 1.81415e-29 5.91037e-30 1.85906e-30 5.6646e-31 1.67683e-31 4.83413e-32 1.36015e-32 3.74203e-33 1.0083e-33 2.66481e-34 6.91671e-35 1.7652e-35 4.43406e-36 1.09732e-36 2.67766e-37 6.44777e-38 1.53322e-38 3.60261e-39 8.36976e-40 1.92366e-40 4.37607e-41 9.85791e-42 2.19999e-42 4.86594e-43 1.06706e-43 2.32081e-44 5.00797e-45 1.07249e-45 2.2801e-46 4.81358e-47 1.00936e-47 2.10277e-48 4.35317e-49 8.95737e-50 1.83234e-50 3.72705e-51 7.53945e-52 1.51706e-52 3.03689e-53 6.04901e-54 1.19904e-54 2.36561e-55 4.64589e-56 9.08379e-57 1.76845e-57 3.42844e-58 6.61956e-59 1.27303e-59 2.43875e-60 4.65436e-61 8.85033e-62 1.67689e-62 3.16618e-63 5.95783e-64 1.11737e-64 2.08881e-65 3.89246e-66 7.23112e-67 1.33929e-67 2.4732e-68 4.55397e-69 8.36166e-70 1.53107e-70 2.7959e-71 5.09211e-72 9.25013e-73 1.67608e-73 3.02943e-74 5.46222e-75 9.82514e-76 1.76316e-76 3.1568e-77 5.63928e-78 1.00517e-78 1.78779e-79 3.173e-80 5.61972e-81 9.93276e-82 1.75207e-82 3.08442e-83 5.41941e-84 9.50391e-85 1.66356e-85 2.90653e-86 5.06902e-87 8.82472e-88 1.53362e-88 2.66064e-89 4.60807e-90
2.2153e-27 4.6113e-27 5.28631e-27 4.39742e-27 2.95938e-27 1.70651e-27 8.73252e-28 4.05927e-28 1.7427e-28 6.99506e-29 2.64991e-29 9.54448e-30 3.288e-30 1.08864e-30 3.47827e-31 1.07608e-31 3.2329e-32 9.45547e-33 2.6981e-33 7.52551e-34 2.05513e-34 5.50314e-35 1.44683e-35 3.73912e-36 9.50881e-37 2.38178e-37 5.8813e-38 1.43279e-38 3.4462e-39 8.18908e-40 1.92366e-40 4.46955e-41 1.0277e-41 2.33958e-42 5.27566e-43 1.17886e-43 2.61129e-44 5.7361e-45 1.24994e-45 2.7028e-46 5.80115e-47 1.23627e-47 2.6165e-48 5.50107e-49 1.14919e-49 2.38589e-50 4.92396e-51 1.01034e-51 2.06153e-52 4.1837e-53 8.44599e-54 1.69641e-54 3.39054e-55 6.74411e-56 1.33524e-56 2.63168e-57 5.16414e-58 1.00904e-58 1.96341e-59 3.80501e-60 7.34498e-61 1.4124e-61 2.70584e-62 5.16489e-63 9.82372e-64 1.86202e-64 3.51739e-65 6.62248e-66 1.24285e-66 2.32513e-67 4.33647e-68 8.06336e-69 1.49491e-69 2.76353e-70 5.09433e-71 9.36509e-72 1.71697e-72 3.13954e-73 5.72588e-74 1.04164e-74 1.89021e-75 3.42173e-76 6.17935e-77 1.11332e-77 2.00126e-78 3.58926e-79 6.42311e-80 1.14695e-80 2.04369e-81 3.63395e-82 6.44837e-83 1.14194e-83 2.01827e-84 3.56014e-85 6.26792e-86 1.10145e-86 1.93197e-87 3.38257e-88 5.91177e-89 1.03139e-89 1.79631e-90
3.09017e-28 6.62602e-28 7.80399e-28 6.65601e-28 4.58521e-28 2.70283e-28 1.41222e-28 6.69625e-29 2.92989e-29 1.19765e-29 4.61725e-30 1.6914e-30 5.9228e-31 1.99231e-31 6.46411e-32 2.02991e-32 6.18774e-33 1.83557e-33 5.31056e-34 1.50132e-34 4.15431e-35 1.12685e-35 3.00019e-36 7.84994e-37 2.02061e-37 5.12174e-38 1.27953e-38 3.15305e-39 7.66962e-40 1.84276e-40 4.37607e-41 1.0277e-41 2.38801e-42 5.49303e-43 1.25137e-43 2.82446e-44 6.31883e-45 1.40166e-45 3.08392e-46 6.7322e-47 1.45859e-47 3.13728e-48 6.7009e-49 1.42161e-49 2.99641e-50 6.27606e-51 1.30657e-51 2.7041e-52 5.56469e-53 1.13885e-53 2.3183e-54 4.69487e-55 9.46011e-56 1.89693e-56 3.78572e-57 7.52051e-58 1.48732e-58 2.92867e-59 5.74246e-60 1.12134e-60 2.18089e-61 4.22504e-62 8.15407e-63 1.56785e-63 3.00373e-64 5.73432e-65 1.09095e-65 2.06854e-66 3.90926e-67 7.36427e-68 1.38293e-68 2.58902e-69 4.83245e-70 8.99339e-71 1.6689e-71 3.08828e-72 5.6991e-73 1.04888e-73 1.92529e-74 3.52486e-75 6.43707e-76 1.17261e-76 2.13089e-77 3.86306e-78 6.98689e-79 1.26077e-79 2.26992e-80 4.07776e-81 7.30953e-82 1.30746e-82 2.33378e-83 4.15716e-84 7.39018e-85 1.31114e-85 2.32165e-86 4.10309e-87 7.23779e-88 1.27437e-88 2.23971e-89 3.92925e-90 6.88114e-91
