0.97234 0.00657923 0.00338126 0.00173773 0.000893069 0.000458974 0.00023588 0.000121226 6.23013e-05 3.20185e-05 1.64552e-05 8.45682e-06 4.3462e-06 2.23364e-06 1.14793e-06 5.89956e-07 3.03195e-07 1.55821e-07 8.00809e-08 4.11559e-08 2.11512e-08 1.08702e-08 5.58652e-09 2.87108e-09 1.47553e-09 7.58317e-10 3.89721e-10 2.00289e-10 1.02934e-10 5.2901e-11 2.71873e-11 1.39724e-11 7.1808e-12 3.69042e-12 1.89662e-12 9.74726e-13 5.0094e-13 2.57448e-13 1.3231e-13 6.79978e-14 3.49461e-14 1.79598e-14 9.23006e-15 4.7436e-15 2.43787e-15 1.25289e-15 6.43898e-16 3.30918e-16 1.70068e-16 8.74031e-17 4.4919e-17 2.30852e-17 1.18641e-17 6.09732e-18 3.13359e-18 1.61044e-18 8.27654e-19 4.25355e-19 2.18602e-19 1.12346e-19 5.77379e-20 2.96732e-20 1.52499e-20 7.83738e-21 4.02786e-21 2.07003e-21 1.06385e-21 5.46743e-22 2.80987e-22 1.44407e-22 7.42152e-23 3.81413e-23 1.96019e-23 1.0074e-23 5.17733e-24 2.66078e-24 1.36745e-24 7.02773e-25 3.61175e-25 1.85618e-25 9.53947e-26 4.90261e-26 2.51959e-26 1.29489e-26 6.65483e-27 3.42011e-27 1.75769e-27 9.0333e-28 4.64248e-28 2.3859e-28 1.22618e-28 6.30172e-29 3.23864e-29 1.66443e-29 8.55399e-30 4.39614e-30 2.2593e-30 1.16112e-30 5.96734e-31 3.06679e-31 1.57611e-31
0.00657923 0.000136598 7.08276e-05 3.67222e-05 1.9038e-05 9.86917e-06 5.11574e-06 2.65158e-06 1.37426e-06 7.12201e-07 3.69068e-07 1.91241e-07 9.90892e-08 5.13385e-08 2.65969e-08 1.37782e-08 7.13716e-09 3.69685e-09 1.91475e-09 9.91667e-10 5.13563e-10 2.65948e-10 1.37713e-10 7.13064e-11 3.69197e-11 1.91145e-11 9.89569e-12 5.12277e-12 2.65181e-12 1.37264e-12 7.10473e-13 3.6772e-13 1.90312e-13 9.84902e-14 5.09682e-14 2.63746e-14 1.36474e-14 7.06148e-15 3.6536e-15 1.89029e-15 9.77945e-16 5.0592e-16 2.61716e-16 1.35382e-16 7.00283e-17 3.62216e-17 1.87346e-17 9.68952e-18 5.01122e-18 2.5916e-18 1.34022e-18 6.93051e-19 3.58376e-19 1.85309e-19 9.58161e-20 4.95409e-20 2.56138e-20 1.32424e-20 6.84616e-21 3.53925e-21 1.82961e-21 9.45787e-22 4.88891e-22 2.52707e-22 1.30619e-22 6.75124e-23 3.48936e-23 1.80341e-23 9.32028e-24 4.81671e-24 2.48919e-24 1.28633e-24 6.64712e-25 3.43481e-25 1.77483e-25 9.17067e-26 4.7384e-26 2.44821e-26 1.2649e-26 6.53505e-27 3.37622e-27 1.74422e-27 9.01069e-28 4.65483e-28 2.40458e-28 1.24212e-28 6.41615e-29 3.31417e-29 1.71185e-29 8.84187e-30 4.5668e-30 2.35868e-30 1.21819e-30 6.29147e-31 3.24921e-31 1.678e-31 8.66559e-32 4.475e-32 2.31089e-32 1.19331e-32 6.16196e-33
0.00338126 7.08276e-05 3.67352e-05 1.90514e-05 9.87956e-06 5.12289e-06 2.65619e-06 1.37712e-06 7.13923e-07 3.70084e-07 1.91831e-07 9.94274e-08 5.15305e-08 2.6705e-08 1.38386e-08 7.17076e-09 3.71543e-09 1.92498e-09 9.97274e-10 5.16628e-10 2.67617e-10 1.3862e-10 7.17977e-11 3.71853e-11 1.92578e-11 9.97285e-12 5.16425e-12 2.67406e-12 1.38456e-12 7.16854e-13 3.7113e-13 1.92132e-13 9.94606e-14 5.14851e-14 2.66496e-14 1.37936e-14 7.13912e-15 3.6948e-15 1.91213e-15 9.89519e-16 5.12048e-16 2.64959e-16 1.37097e-16 7.09344e-17 3.67001e-17 1.89872e-17 9.82279e-18 5.0815e-18 2.62864e-18 1.35973e-18 7.03326e-19 3.63784e-19 1.88154e-19 9.73125e-20 5.03276e-20 2.60272e-20 1.34596e-20 6.96021e-21 3.59912e-21 1.86104e-21 9.62273e-22 4.97538e-22 2.57241e-22 1.32996e-22 6.87579e-23 3.55461e-23 1.83759e-23 9.49925e-24 4.9104e-24 2.53823e-24 1.31199e-24 6.78137e-25 3.50502e-25 1.81155e-25 9.36265e-26 4.83875e-26 2.50066e-26 1.2923e-26 6.67822e-27 3.451e-27 1.78327e-27 9.21462e-28 4.7613e-28 2.46015e-28 1.27112e-28 6.5675e-29 3.39314e-29 1.75304e-29 9.05673e-30 4.67885e-30 2.41711e-30 1.24866e-30 6.45027e-31 3.33198e-31 1.72114e-31 8.89038e-32 4.59213e-32 2.3719e-32 1.2251e-32 6.32751e-33 3.26803e-33
0.00173773 3.67222e-05 1.90514e-05 9.88303e-06 5.12647e-06 2.65896e-06 1.37903e-06 7.15154e-07 3.70847e-07 1.9229e-07 9.96984e-08 5.16879e-08 2.67953e-08 1.38899e-08 7.19962e-09 3.73157e-09 1.93395e-09 1.00224e-09 5.19359e-10 2.69116e-10 1.39439e-10 7.22438e-11 3.74277e-11 1.93892e-11 1.00439e-11 5.20256e-12 2.69469e-12 1.39565e-12 7.22807e-13 3.7432e-13 1.93839e-13 1.00373e-13 5.19722e-14 2.69093e-14 1.3932e-14 7.21274e-15 3.73394e-15 1.93292e-15 1.00055e-15 5.179e-16 2.6806e-16 1.38739e-16 7.18033e-17 3.71597e-17 1.92301e-17 9.95109e-18 5.14923e-18 2.66438e-18 1.37858e-18 7.13261e-19 3.69019e-19 1.90911e-19 9.87636e-20 5.10912e-20 2.64288e-20 1.36708e-20 7.0712e-21 3.65744e-21 1.89166e-21 9.78354e-22 5.05979e-22 2.6167e-22 1.35319e-22 6.99762e-23 3.61849e-23 1.87106e-23 9.67466e-24 5.00229e-24 2.58635e-24 1.33719e-24 6.91327e-25 3.57405e-25 1.84767e-25 9.55158e-26 4.93756e-26 2.55233e-26 1.31931e-26 6.81942e-27 3.52479e-27 1.82183e-27 9.41603e-28 4.8665e-28 2.51509e-28 1.29981e-28 6.71725e-29 3.4713e-29 1.79383e-29 9.26958e-30 4.78991e-30 2.47504e-30 1.27887e-30 6.60785e-31 3.41415e-31 1.76398e-31 9.1137e-32 4.70853e-32 2.43257e-32 1.25671e-32 6.49221e-33 3.35383e-33 1.73253e-33
0.000893069 1.9038e-05 9.87956e-06 5.12647e-06 2.65989e-06 1.37998e-06 7.15893e-07 3.71355e-07 1.92619e-07 9.99019e-08 5.18104e-08 2.68676e-08 1.39319e-08 7.22372e-09 3.74525e-09 1.94166e-09 1.00655e-09 5.21756e-10 2.70441e-10 1.40169e-10 7.26442e-11 3.76465e-11 1.95084e-11 1.01086e-11 5.23767e-12 2.71368e-12 1.4059e-12 7.28325e-13 3.77287e-13 1.95432e-13 1.01227e-13 5.24291e-14 2.71535e-14 1.40624e-14 7.28229e-15 3.77099e-15 1.95264e-15 1.01104e-15 5.2347e-16 2.71016e-16 1.40307e-16 7.26343e-17 3.75998e-17 1.9463e-17 1.00743e-17 5.21435e-18 2.69878e-18 1.39674e-18 7.22847e-19 3.74075e-19 1.93577e-19 1.00168e-19 5.1831e-20 2.68183e-20 1.38758e-20 7.17903e-21 3.71414e-21 1.92147e-21 9.94016e-22 5.14206e-22 2.6599e-22 1.37587e-22 7.11664e-23 3.68092e-23 1.90381e-23 9.84636e-24 5.09229e-24 2.63352e-24 1.3619e-24 7.0427e-25 3.64183e-25 1.88315e-25 9.73731e-26 5.03475e-26 2.60318e-26 1.34591e-26 6.95851e-27 3.59752e-27 1.85984e-27 9.61474e-28 4.97034e-28 2.56934e-28 1.32815e-28 6.86527e-29 3.5486e-29 1.83419e-29 9.48026e-30 4.89987e-30 2.53243e-30 1.30882e-30 6.76407e-31 3.49564e-31 1.80649e-31 9.33536e-32 4.82411e-32 2.49283e-32 1.28812e-32 6.65595e-33 3.43917e-33 1.777e-33 9.1814e-34
0.000458974 9.86917e-06 5.12289e-06 2.65896e-06 1.37998e-06 7.1614e-07 3.7161e-07 1.92816e-07 1.00038e-07 5.18981e-08 2.69219e-08 1.39646e-08 7.24303e-09 3.75647e-09 1.94809e-09 1.0102e-09 5.23815e-10 2.71593e-10 1.40809e-10 7.29984e-11 3.78416e-11 1.96154e-11 1.01671e-11 5.26955e-12 2.731e-12 1.41529e-12 7.33404e-13 3.80028e-13 1.96908e-13 1.02021e-13 5.28553e-14 2.7382e-14 1.41847e-14 7.34767e-15 3.80591e-15 1.97126e-15 1.02096e-15 5.28751e-16 2.73825e-16 1.41799e-16 7.34265e-17 3.802e-17 1.96857e-17 1.01923e-17 5.2768e-18 2.73181e-18 1.41421e-18 7.32074e-19 3.78947e-19 1.96148e-19 1.01525e-19 5.25462e-20 2.71953e-20 1.40743e-20 7.28359e-21 3.76917e-21 1.95042e-21 1.00924e-21 5.22212e-22 2.70197e-22 1.39797e-22 7.23272e-23 3.74187e-23 1.9358e-23 1.00142e-23 5.18033e-24 2.67968e-24 1.3861e-24 7.16954e-25 3.70829e-25 1.91797e-25 9.91965e-26 5.13023e-26 2.65316e-26 1.37207e-26 7.09538e-27 3.66912e-27 1.89729e-27 9.81057e-28 5.07273e-28 2.62286e-28 1.35612e-28 7.01143e-29 3.62496e-29 1.87408e-29 9.68859e-30 5.00865e-30 2.58922e-30 1.33846e-30 6.91882e-31 3.5764e-31 1.84862e-31 9.5552e-32 4.93878e-32 2.55264e-32 1.31931e-32 6.81858e-33 3.52396e-33 1.8212e-33 9.41179e-34 4.86382e-34
0.00023588 5.11574e-06 2.65619e-06 1.37903e-06 7.15893e-07 3.7161e-07 1.92882e-07 1.00106e-07 5.19507e-08 2.69582e-08 1.3988e-08 7.25753e-09 3.76521e-09 1.95325e-09 1.0132e-09 5.25534e-10 2.72569e-10 1.41359e-10 7.33062e-11 3.80127e-11 1.97101e-11 1.02193e-11 5.29816e-12 2.74665e-12 1.42382e-12 7.38038e-13 3.82541e-13 1.98267e-13 1.02754e-13 5.32505e-14 2.75945e-14 1.42988e-14 7.40884e-15 3.83866e-15 1.98877e-15 1.03031e-15 5.33739e-16 2.76483e-16 1.43214e-16 7.41791e-17 3.84199e-17 1.98981e-17 1.03049e-17 5.33652e-18 2.76345e-18 1.43095e-18 7.40934e-19 3.83632e-19 1.98624e-19 1.02832e-19 5.32363e-20 2.75594e-20 1.42663e-20 7.38478e-21 3.82248e-21 1.9785e-21 1.02402e-21 5.29988e-22 2.74288e-22 1.41948e-22 7.34576e-23 3.80126e-23 1.96699e-23 1.0178e-23 5.26631e-24 2.7248e-24 1.40977e-24 7.29369e-25 3.77339e-25 1.95209e-25 1.00985e-25 5.22391e-26 2.70223e-26 1.39776e-26 7.2299e-27 3.73953e-27 1.93414e-27 1.00034e-27 5.17358e-28 2.67561e-28 1.3837e-28 7.15561e-29 3.70032e-29 1.91346e-29 9.89438e-30 5.11616e-30 2.64538e-30 1.36779e-30 7.07195e-31 3.65635e-31 1.89036e-31 9.77302e-32 5.05245e-32 2.61194e-32 1.35025e-32 6.97999e-33 3.60814e-33 1.8651e-33 9.64069e-34 4.98316e-34 2.57567e-34
0.000121226 2.65158e-06 1.37712e-06 7.15154e-07 3.71355e-07 1.92816e-07 1.00106e-07 5.19683e-08 2.69763e-08 1.40021e-08 7.26721e-09 3.77146e-09 1.95712e-09 1.01553e-09 5.26912e-10 2.7337e-10 1.41818e-10 7.35671e-11 3.81597e-11 1.97924e-11 1.0265e-11 5.32348e-12 2.76059e-12 1.43147e-12 7.42222e-13 3.84821e-13 1.99507e-13 1.03426e-13 5.36141e-14 2.77908e-14 1.44045e-14 7.46573e-15 3.8692e-15 2.00515e-15 1.03908e-15 5.38429e-16 2.78988e-16 1.4455e-16 7.48913e-17 3.87991e-17 2.00998e-17 1.04121e-17 5.39344e-18 2.79365e-18 1.44697e-18 7.49418e-19 3.88124e-19 2.01001e-19 1.04089e-19 5.39006e-20 2.79102e-20 1.44516e-20 7.48251e-21 3.87403e-21 2.00567e-21 1.03834e-21 5.37528e-22 2.78257e-22 1.44037e-22 7.45566e-23 3.85905e-23 1.99737e-23 1.03376e-23 5.35017e-24 2.76884e-24 1.43289e-24 7.41503e-25 3.83705e-25 1.98549e-25 1.02736e-25 5.31571e-26 2.75034e-26 1.42297e-26 7.36196e-27 3.8087e-27 1.97036e-27 1.0193e-27 5.2728e-28 2.72753e-28 1.41086e-28 7.29769e-29 3.77463e-29 1.95231e-29 1.00975e-29 5.22231e-30 2.70085e-30 1.39677e-30 7.22336e-31 3.73543e-31 1.93165e-31 9.98864e-32 5.16502e-32 2.67071e-32 1.38092e-32 7.14003e-33 3.69164e-33 1.90866e-33 9.86793e-34 5.10167e-34 2.63748e-34 1.3635e-34
6.23013e-05 1.37426e-06 7.13923e-07 3.70847e-07 1.92619e-07 1.00038e-07 5.19507e-08 2.69763e-08 1.40068e-08 7.27205e-09 3.77521e-09 1.9597e-09 1.0172e-09 5.27946e-10 2.73993e-10 1.42186e-10 7.3781e-11 3.82825e-11 1.98621e-11 1.03043e-11 5.34547e-12 2.77283e-12 1.43824e-12 7.45952e-13 3.86868e-13 2.00626e-13 1.04037e-13 5.39458e-14 2.79707e-14 1.45019e-14 7.51828e-15 3.89752e-15 2.02039e-15 1.04726e-15 5.42817e-16 2.81337e-16 1.45807e-16 7.55626e-17 3.91573e-17 2.02907e-17 1.05138e-17 5.44752e-18 2.82239e-18 1.46223e-18 7.57518e-19 3.92419e-19 2.03277e-19 1.05294e-19 5.45383e-20 2.82475e-20 1.46298e-20 7.57669e-21 3.92375e-21 2.03191e-21 1.05218e-21 5.44825e-22 2.82103e-22 1.46063e-22 7.56231e-23 3.91518e-23 2.02691e-23 1.0493e-23 5.43183e-24 2.81176e-24 1.45544e-24 7.53345e-25 3.89922e-25 2.01812e-25 1.04448e-25 5.40554e-26 2.79745e-26 1.44768e-26 7.49145e-27 3.87655e-27 2.00591e-27 1.03792e-27 5.37031e-28 2.77858e-28 1.43758e-28 7.43754e-29 3.8478e-29 1.99059e-29 1.02977e-29 5.327e-30 2.75559e-30 1.42539e-30 7.37289e-31 3.81357e-31 1.97248e-31 1.02019e-31 5.27641e-32 2.72887e-32 1.41129e-32 7.29857e-33 3.7744e-33 1.95185e-33 1.00933e-33 5.21927e-34 2.69883e-34 1.3955e-34 7.21559e-35
3.20185e-05 7.12201e-07 3.70084e-07 1.9229e-07 9.99019e-08 5.18981e-08 2.69582e-08 1.40021e-08 7.27205e-09 3.77646e-09 1.961e-09 1.0182e-09 5.28636e-10 2.74439e-10 1.42463e-10 7.39476e-11 3.83809e-11 1.99193e-11 1.03372e-11 5.36412e-12 2.78334e-12 1.44412e-12 7.49224e-13 3.88679e-13 2.01624e-13 1.04584e-13 5.42454e-14 2.8134e-14 1.45907e-14 7.56644e-15 3.92358e-15 2.03446e-15 1.05485e-15 5.46897e-16 2.83529e-16 1.46982e-16 7.61921e-17 3.9494e-17 2.04706e-17 1.06098e-17 5.49869e-18 2.84965e-18 1.47673e-18 7.65227e-19 3.96513e-19 2.05449e-19 1.06447e-19 5.5149e-20 2.85709e-20 1.4801e-20 7.66723e-21 3.97161e-21 2.0572e-21 1.06553e-21 5.51872e-22 2.8582e-22 1.48023e-22 7.66561e-23 3.96961e-23 2.05556e-23 1.06438e-23 5.51121e-24 2.85351e-24 1.47739e-24 7.64884e-25 3.95986e-25 2.04997e-25 1.06121e-25 5.49334e-26 2.84353e-26 1.47185e-26 7.61824e-27 3.94304e-27 2.04076e-27 1.05618e-27 5.46603e-28 2.82872e-28 1.46384e-28 7.57505e-29 3.91979e-29 2.02827e-29 1.04948e-29 5.43016e-30 2.80954e-30 1.4536e-30 7.52045e-31 3.89071e-31 2.0128e-31 1.04126e-31 5.38651e-32 2.7864e-32 1.44134e-32 7.4555e-33 3.85635e-33 1.99464e-33 1.03167e-33 5.33585e-34 2.75967e-34 1.42725e-34 7.38124e-35 3.81723e-35
1.64552e-05 3.69068e-07 1.91831e-07 9.96984e-08 5.18104e-08 2.69219e-08 1.3988e-08 7.26721e-09 3.77521e-09 1.961e-09 1.01854e-09 5.28982e-10 2.74707e-10 1.42647e-10 7.40667e-11 3.84547e-11 1.99638e-11 1.03635e-11 5.37941e-12 2.79211e-12 1.44911e-12 7.52035e-13 3.90252e-13 2.025e-13 1.05069e-13 5.45124e-14 2.82806e-14 1.46708e-14 7.61016e-15 3.94736e-15 2.04735e-15 1.06183e-15 5.50666e-16 2.8556e-16 1.48076e-16 7.67793e-17 3.9809e-17 2.06393e-17 1.07e-17 5.54692e-18 2.87539e-18 1.49045e-18 7.72535e-19 4.00402e-19 2.07517e-19 1.07545e-19 5.5732e-20 2.88801e-20 1.49649e-20 7.75403e-21 4.01756e-21 2.0815e-21 1.07838e-21 5.58662e-22 2.89406e-22 1.49916e-22 7.76548e-23 4.02227e-23 2.08332e-23 1.07901e-23 5.58823e-24 2.89406e-24 1.49873e-24 7.7611e-25 4.01889e-25 2.081e-25 1.07751e-25 5.57901e-26 2.88852e-26 1.49547e-26 7.74222e-27 4.00809e-27 2.07489e-27 1.07408e-27 5.55987e-28 2.87791e-28 1.48962e-28 7.7101e-29 3.99052e-29 2.06531e-29 1.06888e-29 5.53168e-30 2.86268e-30 1.48141e-30 7.66589e-31 3.96678e-31 2.05258e-31 1.06206e-31 5.49525e-32 2.84323e-32 1.47104e-32 7.61069e-33 3.93742e-33 2.03698e-33 1.05378e-33 5.45133e-34 2.81996e-34 1.45872e-34 7.54552e-35 3.90297e-35 2.01878e-35
8.45682e-06 1.91241e-07 9.94274e-08 5.16879e-08 2.68676e-08 1.39646e-08 7.25753e-09 3.77146e-09 1.9597e-09 1.0182e-09 5.28982e-10 2.74796e-10 1.42739e-10 7.41382e-11 3.8504e-11 1.99956e-11 1.03832e-11 5.39131e-12 2.79914e-12 1.45319e-12 7.54382e-13 3.91586e-13 2.03252e-13 1.0549e-13 5.47467e-14 2.84103e-14 1.47423e-14 7.6494e-15 3.96882e-15 2.05906e-15 1.06819e-15 5.5412e-16 2.8743e-16 1.49085e-16 7.73236e-17 4.01019e-17 2.07966e-17 1.07844e-17 5.59214e-18 2.89958e-18 1.50338e-18 7.79437e-19 4.04083e-19 2.09477e-19 1.08588e-19 5.62868e-20 2.91749e-20 1.51213e-20 7.83703e-21 4.06155e-21 2.10481e-21 1.09072e-21 5.65189e-22 2.92857e-22 1.51739e-22 7.86181e-23 4.07312e-23 2.11016e-23 1.09316e-23 5.66284e-24 2.93337e-24 1.51944e-24 7.87012e-25 4.07627e-25 2.11119e-25 1.09339e-25 5.66248e-26 2.93239e-26 1.51852e-26 7.86329e-27 4.07166e-27 2.10826e-27 1.09159e-27 5.65174e-28 2.9261e-28 1.51489e-28 7.84256e-29 4.05995e-29 2.10169e-29 1.08794e-29 5.63149e-30 2.91494e-30 1.50877e-30 7.8091e-31 4.04172e-31 2.09179e-31 1.08257e-31 5.60252e-32 2.89932e-32 1.50037e-32 7.76399e-33 4.01754e-33 2.07885e-33 1.07566e-33 5.56561e-34 2.87965e-34 1.48989e-34 7.70829e-35 3.98795e-35 2.06314e-35 1.06733e-35
4.3462e-06 9.90892e-08 5.15305e-08 2.67953e-08 1.39319e-08 7.24303e-09 3.76521e-09 1.95712e-09 1.0172e-09 5.28636e-10 2.74707e-10 1.42739e-10 7.41621e-11 3.85286e-11 2.00148e-11 1.03964e-11 5.39982e-12 2.80442e-12 1.45638e-12 7.56262e-13 3.9268e-13 2.03879e-13 1.05847e-13 5.49479e-14 2.8523e-14 1.4805e-14 7.68412e-15 3.98796e-15 2.06957e-15 1.07394e-15 5.57255e-16 2.89135e-16 1.5001e-16 7.78245e-17 4.03725e-17 2.09425e-17 1.0863e-17 5.63433e-18 2.92222e-18 1.51551e-18 7.85926e-19 4.07551e-19 2.11329e-19 1.09575e-19 5.68127e-20 2.94548e-20 1.52702e-20 7.91613e-21 4.10355e-21 2.12709e-21 1.10253e-21 5.71447e-22 2.9617e-22 1.53493e-22 7.95451e-23 4.12212e-23 2.13604e-23 1.10682e-23 5.73495e-24 2.97141e-24 1.53949e-24 7.97581e-25 4.13194e-25 2.14051e-25 1.10882e-25 5.74368e-26 2.9751e-26 1.54098e-26 7.98134e-27 4.13369e-27 2.14084e-27 1.1087e-27 5.74157e-28 2.97325e-28 1.53963e-28 7.97233e-29 4.128e-29 2.13737e-29 1.10664e-29 5.72949e-30 2.96629e-30 1.53566e-30 7.94995e-31 4.11547e-31 2.1304e-31 1.10278e-31 5.70825e-32 2.95464e-32 1.5293e-32 7.9153e-33 4.09666e-33 2.12021e-33 1.09728e-33 5.67861e-34 2.93869e-34 1.52074e-34 7.86942e-35 4.07211e-35 2.10709e-35 1.09028e-35 5.64128e-36
2.23364e-06 5.13385e-08 2.6705e-08 1.38899e-08 7.22372e-09 3.75647e-09 1.95325e-09 1.01553e-09 5.27946e-10 2.74439e-10 1.42647e-10 7.41382e-11 3.85286e-11 2.00211e-11 1.0403e-11 5.40493e-12 2.80794e-12 1.45865e-12 7.57674e-13 3.93531e-13 2.04382e-13 1.06139e-13 5.51159e-14 2.86185e-14 1.48589e-14 7.71428e-15 4.00474e-15 2.07886e-15 1.07907e-15 5.60069e-16 2.90675e-16 1.5085e-16 7.82814e-17 4.06204e-17 2.10767e-17 1.09355e-17 5.67343e-18 2.94326e-18 1.52682e-18 7.91996e-19 4.10803e-19 2.13069e-19 1.10506e-19 5.73094e-20 2.97197e-20 1.54114e-20 7.99126e-21 4.14351e-21 2.14832e-21 1.11381e-21 5.7743e-22 2.99342e-22 1.55173e-22 8.04351e-23 4.16922e-23 2.16095e-23 1.11999e-23 5.80451e-24 3.00814e-24 1.55888e-24 8.07807e-25 4.18587e-25 2.16893e-25 1.1238e-25 5.82253e-26 3.01661e-26 1.56282e-26 8.09625e-27 4.19412e-27 2.17261e-27 1.1254e-27 5.82929e-28 3.01931e-28 1.56381e-28 8.09929e-29 4.19462e-29 2.17232e-29 1.12497e-29 5.82562e-30 3.01668e-30 1.56207e-30 8.08833e-31 4.18796e-31 2.16837e-31 1.12266e-31 5.81234e-32 3.00912e-32 1.55781e-32 8.06449e-33 4.17471e-33 2.16103e-33 1.11863e-33 5.79022e-34 2.99704e-34 1.55124e-34 8.0288e-35 4.15538e-35 2.1506e-35 1.113e-35 5.75997e-36 2.9808e-36
1.14793e-06 2.65969e-08 1.38386e-08 7.19962e-09 3.74525e-09 1.94809e-09 1.0132e-09 5.26912e-10 2.73993e-10 1.42463e-10 7.40667e-11 3.8504e-11 2.00148e-11 1.0403e-11 5.40664e-12 2.80971e-12 1.46002e-12 7.58616e-13 3.9414e-13 2.0476e-13 1.06367e-13 5.52505e-14 2.86968e-14 1.49038e-14 7.73984e-15 4.01916e-15 2.08694e-15 1.08356e-15 5.62558e-16 2.92048e-16 1.51604e-16 7.86939e-17 4.08455e-17 2.11992e-17 1.10019e-17 5.70941e-18 2.9627e-18 1.5373e-18 7.9764e-19 4.13836e-19 2.14697e-19 1.11378e-19 5.77764e-20 2.99693e-20 1.55446e-20 8.06236e-21 4.18139e-21 2.16849e-21 1.12453e-21 5.83131e-22 3.0237e-22 1.5678e-22 8.12871e-23 4.21436e-23 2.18486e-23 1.13264e-23 5.87144e-24 3.04352e-24 1.57757e-24 8.1768e-25 4.23798e-25 2.19642e-25 1.1383e-25 5.89897e-26 3.05689e-26 1.58404e-26 8.20794e-27 4.2529e-27 2.20354e-27 1.14166e-27 5.9148e-28 3.06426e-28 1.58743e-28 8.22333e-29 4.25976e-29 2.20652e-29 1.14291e-29 5.91977e-30 3.06607e-30 1.58797e-30 8.22413e-31 4.25914e-31 2.20567e-31 1.1422e-31 5.91471e-32 3.06273e-32 1.58588e-32 8.21143e-33 4.25161e-33 2.20128e-33 1.13968e-33 5.90036e-34 3.05464e-34 1.58136e-34 8.18628e-35 4.2377e-35 2.19362e-35 1.13549e-35 5.87745e-36 3.04217e-36 1.57459e-36
5.89956e-07 1.37782e-08 7.17076e-09 3.73157e-09 1.94166e-09 1.0102e-09 5.25534e-10 2.7337e-10 1.42186e-10 7.39476e-11 3.84547e-11 1.99956e-11 1.03964e-11 5.40493e-12 2.80971e-12 1.46048e-12 7.59087e-13 3.94506e-13 2.05012e-13 1.0653e-13 5.53516e-14 2.87577e-14 1.49399e-14 7.7608e-15 4.0312e-15 2.09378e-15 1.08742e-15 5.64721e-16 2.93252e-16 1.52271e-16 7.90617e-17 4.10474e-17 2.13098e-17 1.10622e-17 5.74223e-18 2.98052e-18 1.54695e-18 8.02852e-19 4.16648e-19 2.16211e-19 1.12192e-19 5.82131e-20 3.02034e-20 1.56699e-20 8.12934e-21 4.21717e-21 2.18758e-21 1.13471e-21 5.88547e-22 3.05251e-22 1.58311e-22 8.21003e-23 4.25752e-23 2.20774e-23 1.14478e-23 5.93569e-24 3.07753e-24 1.59556e-24 8.27192e-25 4.28825e-25 2.22297e-25 1.15231e-25 5.97292e-26 3.09589e-26 1.6046e-26 8.31629e-27 4.30998e-27 2.23359e-27 1.15748e-27 5.99803e-28 3.10804e-28 1.61045e-28 8.34434e-29 4.32335e-29 2.23992e-29 1.16046e-29 6.01188e-30 3.11441e-30 1.61334e-30 8.35721e-31 4.32894e-31 2.24227e-31 1.16139e-31 6.01526e-32 3.11542e-32 1.61348e-32 8.35601e-33 4.32732e-33 2.24091e-33 1.16043e-33 6.00894e-34 3.11146e-34 1.61108e-34 8.34175e-35 4.31901e-35 2.23614e-35 1.15771e-35 5.99363e-36 3.10289e-36 1.60632e-36 8.31541e-37
3.03195e-07 7.13716e-09 3.71543e-09 1.93395e-09 1.00655e-09 5.23815e-10 2.72569e-10 1.41818e-10 7.3781e-11 3.83809e-11 1.99638e-11 1.03832e-11 5.39982e-12 2.80794e-12 1.46002e-12 7.59087e-13 3.94628e-13 2.05138e-13 1.06628e-13 5.5419e-14 2.88013e-14 1.49669e-14 7.77712e-15 4.04085e-15 2.09939e-15 1.09065e-15 5.66555e-16 2.94286e-16 1.5285e-16 7.93843e-17 4.12261e-17 2.14083e-17 1.11164e-17 5.77187e-18 2.99669e-18 1.55575e-18 8.07629e-19 4.19235e-19 2.17609e-19 1.12946e-19 5.86192e-20 3.04217e-20 1.57871e-20 8.19216e-21 4.25079e-21 2.20556e-21 1.14431e-21 5.93671e-22 3.07982e-22 1.59765e-22 8.28741e-23 4.29866e-23 2.22959e-23 1.15637e-23 5.9972e-24 3.11013e-24 1.61283e-24 8.36334e-25 4.33661e-25 2.24855e-25 1.16583e-25 6.04431e-26 3.13358e-26 1.62449e-26 8.42121e-27 4.3653e-27 2.26275e-27 1.17284e-27 6.07892e-28 3.15062e-28 1.63286e-28 8.46222e-29 4.38534e-29 2.27251e-29 1.17758e-29 6.10186e-30 3.16167e-30 1.63816e-30 8.48748e-31 4.39731e-31 2.27814e-31 1.1802e-31 6.11393e-32 3.16715e-32 1.6406e-32 8.49809e-33 4.40176e-33 2.27991e-33 1.18085e-33 6.11587e-34 3.16744e-34 1.64038e-34 8.49507e-35 4.39923e-35 2.2781e-35 1.17966e-35 6.10841e-36 3.16291e-36 1.63769e-36 8.4794e-37 4.39022e-37
1.55821e-07 3.69685e-09 1.92498e-09 1.00224e-09 5.21756e-10 2.71593e-10 1.41359e-10 7.35671e-11 3.82825e-11 1.99193e-11 1.03635e-11 5.39131e-12 2.80442e-12 1.45865e-12 7.58616e-13 3.94506e-13 2.05138e-13 1.0666e-13 5.54527e-14 2.88275e-14 1.4985e-14 7.78879e-15 4.04809e-15 2.10376e-15 1.09323e-15 5.68057e-16 2.95149e-16 1.53342e-16 7.96613e-17 4.13814e-17 2.14947e-17 1.11643e-17 5.79828e-18 3.0112e-18 1.5637e-18 8.11965e-19 4.21595e-19 2.1889e-19 1.1364e-19 5.89942e-20 3.0624e-20 1.58961e-20 8.25075e-21 4.28225e-21 2.22242e-21 1.15334e-21 5.98498e-22 3.10561e-22 1.61142e-22 8.36076e-23 4.33772e-23 2.25038e-23 1.16742e-23 6.05591e-24 3.1413e-24 1.62936e-24 8.45097e-25 4.38303e-25 2.27312e-25 1.17883e-25 6.11309e-26 3.16993e-26 1.64369e-26 8.52261e-27 4.41882e-27 2.29098e-27 1.18773e-27 6.15739e-28 3.19196e-28 1.65463e-28 8.57686e-29 4.44567e-29 2.30425e-29 1.19428e-29 6.18964e-30 3.20781e-30 1.6624e-30 8.61482e-31 4.46418e-31 2.31324e-31 1.19863e-31 6.21061e-32 3.21787e-32 1.6672e-32 8.63757e-33 4.47488e-33 2.31823e-33 1.20093e-33 6.22106e-34 3.22253e-34 1.66923e-34 8.64613e-35 4.47831e-35 2.31949e-35 1.20132e-35 6.2217e-36 3.22217e-36 1.66869e-36 8.64147e-37 4.47495e-37 2.31727e-37
8.00809e-08 1.91475e-09 9.97274e-10 5.19359e-10 2.70441e-10 1.40809e-10 7.33062e-11 3.81597e-11 1.98621e-11 1.03372e-11 5.37941e-12 2.79914e-12 1.45638e-12 7.57674e-13 3.9414e-13 2.05012e-13 1.06628e-13 5.54527e-14 2.88362e-14 1.4994e-14 7.7958e-15 4.05292e-15 2.10689e-15 1.09517e-15 5.69228e-16 2.95841e-16 1.53744e-16 7.98927e-17 4.1513e-17 2.1569e-17 1.12059e-17 5.82145e-18 3.02404e-18 1.57078e-18 8.15856e-19 4.23725e-19 2.20053e-19 1.14273e-19 5.93379e-20 3.08102e-20 1.59967e-20 8.30504e-21 4.31149e-21 2.23814e-21 1.16178e-21 6.03025e-22 3.12985e-22 1.62438e-22 8.43002e-23 4.37468e-23 2.27008e-23 1.17792e-23 6.11176e-24 3.17099e-24 1.64514e-24 8.53474e-25 4.42747e-25 2.29668e-25 1.19131e-25 6.17918e-26 3.20491e-26 1.66219e-26 8.6204e-27 4.47048e-27 2.31826e-27 1.20213e-27 6.23337e-28 3.23203e-28 1.67576e-28 8.68816e-29 4.5043e-29 2.33512e-29 1.21053e-29 6.27513e-30 3.25278e-30 1.68605e-30 8.73912e-31 4.5295e-31 2.34756e-31 1.21665e-31 6.30524e-32 3.26754e-32 1.69327e-32 8.77433e-33 4.54661e-33 2.35585e-33 1.22065e-33 6.32444e-34 3.27671e-34 1.69761e-34 8.79481e-35 4.55617e-35 2.36026e-35 1.22266e-35 6.33342e-36 3.28064e-36 1.69928e-36 8.80151e-37 4.55866e-37 2.36105e-37 1.22281e-37
4.11559e-08 9.91667e-10 5.16628e-10 2.69116e-10 1.40169e-10 7.29984e-11 3.80127e-11 1.97924e-11 1.03043e-11 5.36412e-12 2.79211e-12 1.45319e-12 7.56262e-13 3.93531e-13 2.0476e-13 1.0653e-13 5.5419e-14 2.88275e-14 1.4994e-14 7.79813e-15 4.05534e-15 2.10876e-15 1.09646e-15 5.70065e-16 2.96361e-16 1.54058e-16 8.0078e-17 4.16208e-17 2.1631e-17 1.12411e-17 5.84135e-18 3.03519e-18 1.57699e-18 8.19299e-19 4.25624e-19 2.21097e-19 1.14844e-19 5.96499e-20 3.098e-20 1.60889e-20 8.355e-21 4.3385e-21 2.25272e-21 1.16963e-21 6.07247e-22 3.15252e-22 1.63654e-22 8.49512e-23 4.4095e-23 2.28869e-23 1.18785e-23 6.1647e-24 3.1992e-24 1.66015e-24 8.61456e-25 4.46989e-25 2.3192e-25 1.20326e-25 6.24253e-26 3.23848e-26 1.67997e-26 8.71448e-27 4.52025e-27 2.34457e-27 1.21603e-27 6.30679e-28 3.27079e-28 1.69621e-28 8.79603e-29 4.56117e-29 2.36509e-29 1.22632e-29 6.35827e-30 3.29654e-30 1.70908e-30 8.86027e-31 4.59321e-31 2.38105e-31 1.23426e-31 6.39773e-32 3.31612e-32 1.71878e-32 8.90826e-33 4.6169e-33 2.39273e-33 1.24e-33 6.4259e-34 3.32991e-34 1.7255e-34 8.94098e-35 4.63276e-35 2.40038e-35 1.24368e-35 6.44348e-36 3.33826e-36 1.72944e-36 8.95938e-37 4.64127e-37 2.40427e-37 1.24542e-37 6.45114e-38
2.11512e-08 5.13563e-10 2.67617e-10 1.39439e-10 7.26442e-11 3.78416e-11 1.97101e-11 1.0265e-11 5.34547e-12 2.78334e-12 1.44911e-12 7.54382e-13 3.9268e-13 2.04382e-13 1.06367e-13 5.53516e-14 2.88013e-14 1.4985e-14 7.7958e-15 4.05534e-15 2.10939e-15 1.09711e-15 5.70567e-16 2.96707e-16 1.54282e-16 8.02172e-17 4.17048e-17 2.16806e-17 1.127e-17 5.85797e-18 3.04465e-18 1.58233e-18 8.22289e-19 4.2729e-19 2.2202e-19 1.15354e-19 5.99298e-20 3.11334e-20 1.61726e-20 8.40058e-21 4.36325e-21 2.26613e-21 1.17688e-21 6.1116e-22 3.1736e-22 1.64787e-22 8.556e-23 4.44216e-23 2.30618e-23 1.1972e-23 6.21469e-24 3.22588e-24 1.67438e-24 8.69036e-25 4.51023e-25 2.34066e-25 1.21467e-25 6.30309e-26 3.27061e-26 1.69701e-26 8.80478e-27 4.56807e-27 2.36988e-27 1.22942e-27 6.37759e-28 3.30821e-28 1.71597e-28 8.90036e-29 4.61623e-29 2.39414e-29 1.24163e-29 6.43898e-30 3.33907e-30 1.73147e-30 8.97818e-31 4.65526e-31 2.4137e-31 1.25143e-31 6.48801e-32 3.36357e-32 1.74371e-32 9.03923e-33 4.68569e-33 2.42884e-33 1.25895e-33 6.52538e-34 3.38209e-34 1.75288e-34 9.08452e-35 4.70801e-35 2.43983e-35 1.26435e-35 6.55178e-36 3.39499e-36 1.75915e-36 9.11496e-37 4.72273e-37 2.4469e-37 1.26773e-37 6.56789e-38 3.4026e-38
1.08702e-08 2.65948e-10 1.3862e-10 7.22438e-11 3.76465e-11 1.96154e-11 1.02193e-11 5.32348e-12 2.77283e-12 1.44412e-12 7.52035e-13 3.91586e-13 2.03879e-13 1.06139e-13 5.52505e-14 2.87577e-14 1.49669e-14 7.78879e-15 4.05292e-15 2.10876e-15 1.09711e-15 5.70734e-16 2.96881e-16 1.54416e-16 8.031e-17 4.17649e-17 2.17179e-17 1.12926e-17 5.87128e-18 3.0524e-18 1.58678e-18 8.24824e-19 4.28721e-19 2.22822e-19 1.15801e-19 6.01775e-20 3.127e-20 1.62478e-20 8.44172e-21 4.38571e-21 2.27836e-21 1.18352e-21 6.1476e-22 3.19306e-22 1.65838e-22 8.61261e-23 4.47261e-23 2.32253e-23 1.20597e-23 6.26168e-24 3.25102e-24 1.68781e-24 8.76207e-25 4.54848e-25 2.36104e-25 1.22551e-25 6.36079e-26 3.30128e-26 1.71329e-26 8.8912e-27 4.6139e-27 2.39418e-27 1.24229e-27 6.44571e-28 3.34424e-28 1.73503e-28 9.00108e-29 4.66943e-29 2.42223e-29 1.25646e-29 6.5172e-30 3.38031e-30 1.75321e-30 9.09273e-31 4.7156e-31 2.44547e-31 1.26815e-31 6.57599e-32 3.40985e-32 1.76804e-32 9.16715e-33 4.75291e-33 2.46416e-33 1.2775e-33 6.62278e-34 3.43323e-34 1.77971e-34 9.22531e-35 4.78187e-35 2.47856e-35 1.28466e-35 6.65824e-36 3.45079e-36 1.78839e-36 9.26813e-37 4.80295e-37 2.48892e-37 1.28973e-37 6.68305e-38 3.46287e-38 1.79426e-38
5.58652e-09 1.37713e-10 7.17977e-11 3.74277e-11 1.95084e-11 1.01671e-11 5.29816e-12 2.76059e-12 1.43824e-12 7.49224e-13 3.90252e-13 2.03252e-13 1.05847e-13 5.51159e-14 2.86968e-14 1.49399e-14 7.77712e-15 4.04809e-15 2.10689e-15 1.09646e-15 5.70567e-16 2.96881e-16 1.54461e-16 8.03565e-17 4.1801e-17 2.17428e-17 1.13087e-17 5.88128e-18 3.05843e-18 1.59035e-18 8.26902e-19 4.29915e-19 2.23502e-19 1.16184e-19 6.03926e-20 3.13899e-20 1.63142e-20 8.47838e-21 4.40587e-21 2.2894e-21 1.18955e-21 6.18044e-22 3.2109e-22 1.66805e-22 8.66489e-23 4.50082e-23 2.33774e-23 1.21415e-23 6.30562e-24 3.27459e-24 1.70044e-24 8.82963e-25 4.58459e-25 2.38032e-25 1.2358e-25 6.41558e-26 3.33045e-26 1.72881e-26 8.97368e-27 4.65771e-27 2.41743e-27 1.25462e-27 6.51107e-28 3.37887e-28 1.75336e-28 9.09808e-29 4.72073e-29 2.44934e-29 1.27078e-29 6.59285e-30 3.42024e-30 1.77428e-30 9.20383e-31 4.77417e-31 2.47633e-31 1.28441e-31 6.6616e-32 3.45492e-32 1.79176e-32 9.2919e-33 4.81852e-33 2.49865e-33 1.29563e-33 6.71802e-34 3.48326e-34 1.80598e-34 9.36325e-35 4.85427e-35 2.51655e-35 1.30459e-35 6.76278e-36 3.5056e-36 1.81713e-36 9.41877e-37 4.88189e-37 2.53028e-37 1.3114e-37 6.79652e-38 3.52229e-38 1.82537e-38 9.45935e-39
2.87108e-09 7.13064e-11 3.71853e-11 1.93892e-11 1.01086e-11 5.26955e-12 2.74665e-12 1.43147e-12 7.45952e-13 3.88679e-13 2.025e-13 1.0549e-13 5.49479e-14 2.86185e-14 1.49038e-14 7.7608e-15 4.04085e-15 2.10376e-15 1.09517e-15 5.70065e-16 2.96707e-16 1.54416e-16 8.03565e-17 4.1813e-17 2.17553e-17 1.13183e-17 5.88795e-18 3.06275e-18 1.59303e-18 8.2852e-19 4.30872e-19 2.24059e-19 1.16505e-19 6.05749e-20 3.14928e-20 1.63719e-20 8.51055e-21 4.4237e-21 2.29924e-21 1.19496e-21 6.21008e-22 3.22709e-22 1.67686e-22 8.71279e-23 4.52679e-23 2.35178e-23 1.22174e-23 6.34647e-24 3.29657e-24 1.71225e-24 8.89298e-25 4.61853e-25 2.39848e-25 1.2455e-25 6.46741e-26 3.3581e-26 1.74355e-26 9.05214e-27 4.69945e-27 2.43962e-27 1.26641e-27 6.57364e-28 3.41206e-28 1.77095e-28 9.19128e-29 4.77008e-29 2.47546e-29 1.28459e-29 6.66586e-30 3.45882e-30 1.79465e-30 9.31138e-31 4.83092e-31 2.50626e-31 1.30019e-31 6.74477e-32 3.49873e-32 1.81483e-32 9.41339e-33 4.88245e-33 2.53229e-33 1.31332e-33 6.81103e-34 3.53215e-34 1.83167e-34 9.49821e-35 4.92515e-35 2.55377e-35 1.32412e-35 6.86531e-36 3.5594e-36 1.84535e-36 9.56675e-37 4.95948e-37 2.57095e-37 1.33271e-37 6.90822e-38 3.58081e-38 1.85602e-38 9.61987e-39 4.98589e-39
1.47553e-09 3.69197e-11 1.92578e-11 1.00439e-11 5.23767e-12 2.731e-12 1.42382e-12 7.42222e-13 3.86868e-13 2.01624e-13 1.05069e-13 5.47467e-14 2.8523e-14 1.48589e-14 7.73984e-15 4.0312e-15 2.09939e-15 1.09323e-15 5.69228e-16 2.96361e-16 1.54282e-16 8.031e-17 4.1801e-17 2.17553e-17 1.13215e-17 5.89128e-18 3.06534e-18 1.59482e-18 8.29676e-19 4.31591e-19 2.24493e-19 1.16761e-19 6.07244e-20 3.15788e-20 1.64209e-20 8.53817e-21 4.43919e-21 2.30788e-21 1.19975e-21 6.2365e-22 3.24162e-22 1.68482e-22 8.75626e-23 4.55047e-23 2.36464e-23 1.22871e-23 6.38419e-24 3.31693e-24 1.72323e-24 8.95205e-25 4.65026e-25 2.41551e-25 1.25463e-25 6.51624e-26 3.3842e-26 1.75749e-26 9.1265e-27 4.73909e-27 2.46072e-27 1.27764e-27 6.63334e-28 3.44377e-28 1.78779e-28 9.28061e-29 4.81744e-29 2.50055e-29 1.29788e-29 6.73618e-30 3.49601e-30 1.81432e-30 9.4153e-31 4.8858e-31 2.53524e-31 1.31548e-31 6.82543e-32 3.54126e-32 1.83725e-32 9.53149e-33 4.94466e-33 2.56504e-33 1.33056e-33 6.90174e-34 3.57986e-34 1.85676e-34 9.63009e-35 4.99446e-35 2.59018e-35 1.34325e-35 6.96574e-36 3.61212e-36 1.87302e-36 9.71196e-37 5.03566e-37 2.61091e-37 1.35367e-37 7.01805e-38 3.63838e-38 1.88619e-38 9.77794e-39 5.0687e-39 2.62743e-39
7.58317e-10 1.91145e-11 9.97285e-12 5.20256e-12 2.71368e-12 1.41529e-12 7.38038e-13 3.84821e-13 2.00626e-13 1.04584e-13 5.45124e-14 2.84103e-14 1.4805e-14 7.71428e-15 4.01916e-15 2.09378e-15 1.09065e-15 5.68057e-16 2.95841e-16 1.54058e-16 8.02172e-17 4.17649e-17 2.17428e-17 1.13183e-17 5.89128e-18 3.0662e-18 1.59571e-18 8.30371e-19 4.3207e-19 2.24803e-19 1.16954e-19 6.08408e-20 3.16476e-20 1.6461e-20 8.56124e-21 4.45232e-21 2.31529e-21 1.20391e-21 6.25967e-22 3.25447e-22 1.69192e-22 8.79527e-23 4.57184e-23 2.37632e-23 1.23507e-23 6.41876e-24 3.33567e-24 1.73336e-24 9.00678e-25 4.67977e-25 2.43138e-25 1.26316e-25 6.56202e-26 3.40873e-26 1.77062e-26 9.19671e-27 4.77658e-27 2.48073e-27 1.2883e-27 6.69013e-28 3.47399e-28 1.80385e-28 9.36597e-29 4.86276e-29 2.52459e-29 1.31063e-29 6.80374e-30 3.53179e-30 1.83325e-30 9.51548e-31 4.93877e-31 2.56323e-31 1.33027e-31 6.90351e-32 3.58247e-32 1.85899e-32 9.64613e-33 5.00508e-33 2.59688e-33 1.34733e-33 6.99005e-34 3.62634e-34 1.88122e-34 9.75878e-35 5.06213e-35 2.62576e-35 1.36195e-35 7.064e-36 3.66374e-36 1.90013e-36 9.85428e-37 5.11036e-37 2.65011e-37 1.37423e-37 7.12594e-38 3.69496e-38 1.91585e-38 9.93345e-39 5.1502e-39 2.67014e-39 1.3843e-39
3.89721e-10 9.89569e-12 5.16425e-12 2.69469e-12 1.4059e-12 7.33404e-13 3.82541e-13 1.99507e-13 1.04037e-13 5.42454e-14 2.82806e-14 1.47423e-14 7.68412e-15 4.00474e-15 2.08694e-15 1.08742e-15 5.66555e-16 2.95149e-16 1.53744e-16 8.0078e-17 4.17048e-17 2.17179e-17 1.13087e-17 5.88795e-18 3.06534e-18 1.59571e-18 8.30603e-19 4.3231e-19 2.24989e-19 1.17083e-19 6.0924e-20 3.16993e-20 1.64922e-20 8.57971e-21 4.46308e-21 2.32148e-21 1.20743e-21 6.27958e-22 3.26563e-22 1.69814e-22 8.82978e-23 4.5909e-23 2.3868e-23 1.24081e-23 6.45013e-24 3.35276e-24 1.74265e-24 9.05714e-25 4.70701e-25 2.4461e-25 1.27109e-25 6.60471e-26 3.43167e-26 1.78293e-26 9.26268e-27 4.8119e-27 2.49961e-27 1.29839e-27 6.74395e-28 3.50268e-28 1.81914e-28 9.4473e-29 4.906e-29 2.54757e-29 1.32283e-29 6.86848e-30 3.56613e-30 1.85145e-30 9.61185e-31 4.98979e-31 2.59022e-31 1.34454e-31 6.97893e-32 3.62232e-32 1.88003e-32 9.75719e-33 5.06368e-33 2.62778e-33 1.36362e-33 7.07591e-34 3.67157e-34 1.90504e-34 9.88416e-35 5.12812e-35 2.66048e-35 1.38021e-35 7.16e-36 3.7142e-36 1.92664e-36 9.99359e-37 5.18353e-37 2.68853e-37 1.3944e-37 7.2318e-38 3.7505e-38 1.94499e-38 1.00863e-38 5.23033e-39 2.71215e-39 1.40632e-39 7.29187e-40
2.00289e-10 5.12277e-12 2.67406e-12 1.39565e-12 7.28325e-13 3.80028e-13 1.98267e-13 1.03426e-13 5.39458e-14 2.8134e-14 1.46708e-14 7.6494e-15 3.98796e-15 2.07886e-15 1.08356e-15 5.64721e-16 2.94286e-16 1.53342e-16 7.98927e-17 4.16208e-17 2.16806e-17 1.12926e-17 5.88128e-18 3.06275e-18 1.59482e-18 8.30371e-19 4.3231e-19 2.25051e-19 1.17147e-19 6.0974e-20 3.17338e-20 1.65145e-20 8.59359e-21 4.47146e-21 2.32644e-21 1.21032e-21 6.29619e-22 3.27509e-22 1.70348e-22 8.85976e-23 4.60761e-23 2.39607e-23 1.24593e-23 6.47828e-24 3.36819e-24 1.75108e-24 9.10307e-25 4.73198e-25 2.45963e-25 1.27841e-25 6.64426e-26 3.453e-26 1.79441e-26 9.32438e-27 4.84501e-27 2.51736e-27 1.30789e-27 6.79475e-28 3.52982e-28 1.83362e-28 9.52451e-29 4.94714e-29 2.56947e-29 1.33447e-29 6.93035e-30 3.59898e-30 1.86888e-30 9.70431e-31 5.03879e-31 2.61618e-31 1.35828e-31 7.05165e-32 3.66077e-32 1.90036e-32 9.86459e-33 5.1204e-33 2.65772e-33 1.37942e-33 7.15923e-34 3.7155e-34 1.9282e-34 1.00061e-34 5.19237e-35 2.6943e-35 1.39801e-35 7.25367e-36 3.76347e-36 1.95255e-36 1.01298e-36 5.25511e-37 2.72614e-37 1.41416e-37 7.33553e-38 3.80496e-38 1.97358e-38 1.02363e-38 5.30903e-39 2.75343e-39 1.42797e-39 7.40537e-40 3.84027e-40
1.02934e-10 2.65181e-12 1.38456e-12 7.22807e-13 3.77287e-13 1.96908e-13 1.02754e-13 5.36141e-14 2.79707e-14 1.45907e-14 7.61016e-15 3.96882e-15 2.06957e-15 1.07907e-15 5.62558e-16 2.93252e-16 1.5285e-16 7.96613e-17 4.1513e-17 2.1631e-17 1.127e-17 5.87128e-18 3.05843e-18 1.59303e-18 8.29676e-19 4.3207e-19 2.24989e-19 1.17147e-19 6.09906e-20 3.17511e-20 1.65279e-20 8.60284e-21 4.47745e-21 2.33016e-21 1.21257e-21 6.3095e-22 3.28285e-22 1.70795e-22 8.88517e-23 4.62196e-23 2.40412e-23 1.25042e-23 6.50318e-24 3.38194e-24 1.75864e-24 9.14453e-25 4.75463e-25 2.47198e-25 1.28512e-25 6.68065e-26 3.47269e-26 1.80504e-26 9.38173e-27 4.87588e-27 2.53395e-27 1.3168e-27 6.8425e-28 3.55539e-28 1.84729e-28 9.59756e-29 4.98612e-29 2.59025e-29 1.34555e-29 6.98929e-30 3.63033e-30 1.88555e-30 9.7928e-31 5.08575e-31 2.64109e-31 1.37148e-31 7.12159e-32 3.6978e-32 1.91995e-32 9.96823e-33 5.17519e-33 2.68667e-33 1.39471e-33 7.23995e-34 3.7581e-34 1.95067e-34 1.01246e-34 5.25482e-35 2.72721e-35 1.41534e-35 7.34493e-36 3.81151e-36 1.97783e-36 1.02628e-36 5.32504e-37 2.7629e-37 1.43348e-37 7.43707e-38 3.8583e-38 2.00159e-38 1.03834e-38 5.38624e-39 2.79395e-39 1.44923e-39 7.5169e-40 3.89876e-40 2.02209e-40
5.2901e-11 1.37264e-12 7.16854e-13 3.7432e-13 1.95432e-13 1.02021e-13 5.32505e-14 2.77908e-14 1.45019e-14 7.56644e-15 3.94736e-15 2.05906e-15 1.07394e-15 5.60069e-16 2.92048e-16 1.52271e-16 7.93843e-17 4.13814e-17 2.1569e-17 1.12411e-17 5.85797e-18 3.0524e-18 1.59035e-18 8.2852e-19 4.31591e-19 2.24803e-19 1.17083e-19 6.0974e-20 3.17511e-20 1.65324e-20 8.60747e-21 4.48105e-21 2.33265e-21 1.21418e-21 6.3195e-22 3.28889e-22 1.71152e-22 8.90599e-23 4.63394e-23 2.41094e-23 1.25427e-23 6.5248e-24 3.394e-24 1.76533e-24 9.18148e-25 4.77496e-25 2.48312e-25 1.29121e-25 6.71384e-26 3.49073e-26 1.81483e-26 9.43469e-27 4.90449e-27 2.54938e-27 1.3251e-27 6.88715e-28 3.57935e-28 1.86014e-28 9.66635e-29 5.02292e-29 2.60991e-29 1.35604e-29 7.04525e-30 3.66014e-30 1.90142e-30 9.87722e-31 5.13063e-31 2.66492e-31 1.38413e-31 7.1887e-32 3.73338e-32 1.9388e-32 1.0068e-32 5.228e-33 2.71461e-33 1.40948e-33 7.31801e-34 3.79933e-34 1.97243e-34 1.02395e-34 5.31542e-35 2.75917e-35 1.43219e-35 7.43371e-36 3.85827e-36 2.00245e-36 1.03924e-36 5.39326e-37 2.79879e-37 1.45236e-37 7.53632e-38 3.91047e-38 2.02901e-38 1.05274e-38 5.4619e-39 2.83368e-39 1.47008e-39 7.62637e-40 3.95621e-40 2.05223e-40 1.06453e-40
2.71873e-11 7.10473e-13 3.7113e-13 1.93839e-13 1.01227e-13 5.28553e-14 2.75945e-14 1.44045e-14 7.51828e-15 3.92358e-15 2.04735e-15 1.06819e-15 5.57255e-16 2.90675e-16 1.51604e-16 7.90617e-17 4.12261e-17 2.14947e-17 1.12059e-17 5.84135e-18 3.04465e-18 1.58678e-18 8.26902e-19 4.30872e-19 2.24493e-19 1.16954e-19 6.0924e-20 3.17338e-20 1.65279e-20 8.60747e-21 4.48225e-21 2.33389e-21 1.21515e-21 6.32617e-22 3.2932e-22 1.7142e-22 8.92221e-23 4.64354e-23 2.41654e-23 1.25749e-23 6.54314e-24 3.40436e-24 1.77115e-24 9.21389e-25 4.79294e-25 2.49305e-25 1.29668e-25 6.7438e-26 3.50711e-26 1.82375e-26 9.48321e-27 4.9308e-27 2.56362e-27 1.3328e-27 6.92865e-28 3.6017e-28 1.87215e-28 9.73085e-29 5.0575e-29 2.62843e-29 1.36595e-29 7.09818e-30 3.6884e-30 1.91649e-30 9.95751e-31 5.17337e-31 2.68766e-31 1.39622e-31 7.25291e-32 3.76746e-32 1.95688e-32 1.01639e-32 5.2788e-33 2.74151e-33 1.42372e-33 7.39332e-34 3.83915e-34 1.99348e-34 1.03507e-34 5.37413e-35 2.79015e-35 1.44854e-35 7.51992e-36 3.90372e-36 2.02641e-36 1.05186e-36 5.45972e-37 2.83378e-37 1.47077e-37 7.63322e-38 3.96144e-38 2.05581e-38 1.06683e-38 5.53594e-39 2.87258e-39 1.49052e-39 7.73369e-40 4.01255e-40 2.0818e-40 1.08005e-40 5.60314e-41
1.39724e-11 3.6772e-13 1.92132e-13 1.00373e-13 5.24291e-14 2.7382e-14 1.42988e-14 7.46573e-15 3.89752e-15 2.03446e-15 1.06183e-15 5.5412e-16 2.89135e-16 1.5085e-16 7.86939e-17 4.10474e-17 2.14083e-17 1.11643e-17 5.82145e-18 3.03519e-18 1.58233e-18 8.24824e-19 4.29915e-19 2.24059e-19 1.16761e-19 6.08408e-20 3.16993e-20 1.65145e-20 8.60284e-21 4.48105e-21 2.33389e-21 1.21547e-21 6.3295e-22 3.2958e-22 1.71599e-22 8.9338e-23 4.65075e-23 2.42089e-23 1.26007e-23 6.55816e-24 3.41301e-24 1.77607e-24 9.24172e-25 4.80856e-25 2.50176e-25 1.30151e-25 6.7705e-26 3.5218e-26 1.83181e-26 9.52724e-27 4.95481e-27 2.57667e-27 1.33988e-27 6.96697e-28 3.6224e-28 1.88332e-28 9.79098e-29 5.08983e-29 2.64579e-29 1.37525e-29 7.14804e-30 3.71507e-30 1.93074e-30 1.00336e-30 5.21396e-31 2.70929e-31 1.40774e-31 7.31417e-32 3.80003e-32 1.97418e-32 1.02557e-32 5.32753e-33 2.76735e-33 1.43741e-33 7.46584e-34 3.87754e-34 2.01379e-34 1.04581e-34 5.43089e-35 2.82014e-35 1.46437e-35 7.60351e-36 3.94783e-36 2.04967e-36 1.06412e-36 5.52437e-37 2.86784e-37 1.48871e-37 7.72767e-38 4.01116e-38 2.08197e-38 1.08059e-38 5.60832e-39 2.91063e-39 1.51052e-39 7.83878e-40 4.06776e-40 2.1108e-40 1.09527e-40 5.68307e-41 2.94869e-41
7.1808e-12 1.90312e-13 9.94606e-14 5.19722e-14 2.71535e-14 1.41847e-14 7.40884e-15 3.8692e-15 2.02039e-15 1.05485e-15 5.50666e-16 2.8743e-16 1.5001e-16 7.82814e-17 4.08455e-17 2.13098e-17 1.11164e-17 5.79828e-18 3.02404e-18 1.57699e-18 8.22289e-19 4.28721e-19 2.23502e-19 1.16505e-19 6.07244e-20 3.16476e-20 1.64922e-20 8.59359e-21 4.47745e-21 2.33265e-21 1.21515e-21 6.3295e-22 3.29666e-22 1.71689e-22 8.94076e-23 4.65555e-23 2.42401e-23 1.26201e-23 6.56986e-24 3.41993e-24 1.78011e-24 9.26496e-25 4.82179e-25 2.50924e-25 1.30571e-25 6.79391e-26 3.53479e-26 1.83899e-26 9.56674e-27 4.97647e-27 2.58851e-27 1.34633e-27 7.00207e-28 3.64145e-28 1.89363e-28 9.8467e-29 5.11988e-29 2.66197e-29 1.38396e-29 7.19477e-30 3.74013e-30 1.94416e-30 1.01054e-30 5.25234e-31 2.72978e-31 1.41867e-31 7.37243e-32 3.83105e-32 1.99069e-32 1.03435e-32 5.37416e-33 2.7921e-33 1.45055e-33 7.53549e-34 3.91445e-34 2.03334e-34 1.05616e-34 5.48565e-35 2.8491e-35 1.47968e-35 7.6844e-36 3.99055e-36 2.07223e-36 1.07603e-36 5.58715e-37 2.90095e-37 1.50616e-37 7.81961e-38 4.05959e-38 2.10747e-38 1.09402e-38 5.67896e-39 2.9478e-39 1.53007e-39 7.94156e-40 4.12179e-40 2.13919e-40 1.11019e-40 5.76142e-41 2.98983e-41 1.55149e-41
