0.00671053 0.0052193 0.00405946 0.00315735 0.00245572 0.00191 0.00148556 0.00115543 0.000898672 0.000698967 0.000543641 0.000422832 0.000328869 0.000255787 0.000198946 0.000154735 0.00012035 9.36054e-05 7.28042e-05 5.66255e-05 4.4042e-05 3.42549e-05 2.66427e-05 2.07221e-05 1.61172e-05 1.25356e-05 9.74991e-06 7.58326e-06 5.89809e-06 4.58741e-06 3.56798e-06 2.7751e-06 2.15841e-06 1.67876e-06 1.3057e-06 1.01555e-06 7.89871e-07 6.14344e-07 4.77823e-07 3.7164e-07 2.89053e-07 2.24819e-07 1.74859e-07 1.36002e-07 1.05779e-07 8.22727e-08 6.39899e-08 4.97699e-08 3.87099e-08 3.01077e-08 2.34171e-08 1.82133e-08 1.41659e-08 1.10179e-08 8.5695e-09 6.66517e-09 5.18402e-09 4.03201e-09 3.13601e-09 2.43912e-09 1.89709e-09 1.47552e-09 1.14762e-09 8.92597e-10 6.94242e-10 5.39966e-10 4.19973e-10 3.26646e-10 2.54058e-10 1.97601e-10 1.53689e-10 1.19536e-10 9.29726e-11 7.2312e-11 5.62427e-11 4.37443e-11 3.40234e-11 2.64626e-11 2.0582e-11 1.60082e-11 1.24509e-11 9.684e-12 7.532e-12 5.85822e-12 4.5564e-12 3.54386e-12 2.75634e-12 2.14382e-12 1.66741e-12 1.29688e-12 1.00868e-12 7.84531e-13 6.10191e-13 4.74593e-13 3.69128e-13 2.87099e-13 2.23299e-13 1.73677e-13 1.35082e-13 1.05064e-13 8.17165e-14
0.0052193 0.00434581 0.00360279 0.0029754 0.00244893 0.00200951 0.00164446 0.00134242 0.00109341 0.000888775 0.000721096 0.000584051 0.000472305 0.000381382 0.000307545 0.000247691 0.000199252 0.000160109 0.000128524 0.00010307 8.25816e-05 6.61095e-05 5.28802e-05 4.2266e-05 3.37578e-05 2.69438e-05 2.14912e-05 1.71314e-05 1.3648e-05 1.08668e-05 8.64774e-06 6.87827e-06 5.46819e-06 4.34514e-06 3.45119e-06 2.73997e-06 2.17443e-06 1.72493e-06 1.36782e-06 1.08425e-06 8.59167e-07 6.80576e-07 5.3893e-07 4.26629e-07 3.37626e-07 2.67112e-07 2.11265e-07 1.67048e-07 1.3205e-07 1.04357e-07 8.24514e-08 6.51281e-08 5.14324e-08 4.06075e-08 3.20538e-08 2.52964e-08 1.99594e-08 1.57452e-08 1.24183e-08 9.7925e-09 7.72047e-09 6.08576e-09 4.79634e-09 3.77945e-09 2.97766e-09 2.34559e-09 1.84739e-09 1.45478e-09 1.14543e-09 9.01733e-10 7.0978e-10 5.58609e-10 4.39575e-10 3.45859e-10 2.72087e-10 2.14023e-10 1.68329e-10 1.32375e-10 1.04087e-10 8.1835e-11 6.43325e-11 5.05677e-11 3.97437e-11 3.12332e-11 2.45424e-11 1.9283e-11 1.51491e-11 1.19003e-11 9.34724e-12 7.34123e-12 5.76519e-12 4.52708e-12 3.55454e-12 2.79068e-12 2.19078e-12 1.71969e-12 1.34979e-12 1.05936e-12 8.31361e-13 6.52378e-13 5.11889e-13
0.00405946 0.00360279 0.00316084 0.0027469 0.00236824 0.00202797 0.00172645 0.00146227 0.00123296 0.00103545 0.000866474 0.000722738 0.000601086 0.000498581 0.000412549 0.000340598 0.000280615 0.000230753 0.000189413 0.000155222 0.000127006 0.000103768 8.46664e-05 6.89924e-05 5.61521e-05 4.56493e-05 3.70708e-05 3.00735e-05 2.43732e-05 1.97351e-05 1.59655e-05 1.2905e-05 1.04229e-05 8.41165e-06 6.78353e-06 5.46669e-06 4.40249e-06 3.54316e-06 2.84979e-06 2.29073e-06 1.84028e-06 1.47759e-06 1.18574e-06 9.5104e-07 7.62417e-07 6.10909e-07 4.8928e-07 3.9169e-07 3.13428e-07 2.50697e-07 2.00439e-07 1.60193e-07 1.27978e-07 1.02203e-07 8.15899e-08 6.5111e-08 5.19426e-08 4.14236e-08 3.3024e-08 2.63193e-08 2.09694e-08 1.6702e-08 1.32991e-08 1.05865e-08 8.42484e-09 6.70276e-09 5.33127e-09 4.23931e-09 3.37016e-09 2.67855e-09 2.12835e-09 1.69077e-09 1.34285e-09 1.06628e-09 8.4649e-10 6.71858e-10 5.33141e-10 4.22977e-10 3.35509e-10 2.66076e-10 2.10972e-10 1.67248e-10 1.32561e-10 1.05049e-10 8.32318e-11 6.59343e-11 5.22227e-11 4.13556e-11 3.27444e-11 2.59221e-11 2.05179e-11 1.62379e-11 1.28487e-11 1.01654e-11 8.04122e-12 6.36002e-12 5.02959e-12 3.97692e-12 3.14413e-12 2.48539e-12 1.96441e-12
0.00315735 0.0029754 0.0027469 0.00249573 0.00223859 0.00198686 0.00174787 0.00152605 0.00132371 0.00114165 0.000979678 0.000836913 0.000712072 0.000603649 0.000510041 0.000429646 0.000360918 0.000302408 0.000252783 0.000210837 0.000175491 0.00014579 0.000120899 0.000100088 8.2728e-05 6.82766e-05 5.62698e-05 4.63123e-05 3.80683e-05 3.12539e-05 2.56299e-05 2.09947e-05 1.71798e-05 1.40441e-05 1.14697e-05 9.35856e-06 7.62931e-06 6.21433e-06 5.05767e-06 4.11308e-06 3.34239e-06 2.71415e-06 2.20245e-06 1.78601e-06 1.44737e-06 1.17221e-06 9.48773e-07 7.67477e-07 6.2047e-07 5.01344e-07 4.04873e-07 3.26795e-07 2.63642e-07 2.12588e-07 1.7134e-07 1.38031e-07 1.11148e-07 8.94609e-08 7.1975e-08 5.78828e-08 4.65311e-08 3.73908e-08 3.00346e-08 2.41165e-08 1.93575e-08 1.55321e-08 1.24583e-08 9.98947e-09 8.0072e-09 6.41621e-09 5.13971e-09 4.1159e-09 3.29503e-09 2.63709e-09 2.10992e-09 1.68765e-09 1.34952e-09 1.07884e-09 8.62226e-10 6.88923e-10 5.50312e-10 4.3948e-10 3.50883e-10 2.80079e-10 2.2351e-10 1.78325e-10 1.42242e-10 1.13435e-10 9.04423e-11 7.20946e-11 5.74568e-11 4.57816e-11 3.64713e-11 2.90486e-11 2.3132e-11 1.84169e-11 1.46602e-11 1.16675e-11 9.28409e-12 7.38621e-12 5.87525e-12
0.00245572 0.00244893 0.00236824 0.00223859 0.00207899 0.00190364 0.00172292 0.00154421 0.00137256 0.00121122 0.00106212 0.000926186 0.000803633 0.000694178 0.000597204 0.000511882 0.000437269 0.000372373 0.000316199 0.000267785 0.000226223 0.000190671 0.000160359 0.000134593 0.000112751 9.42844e-05 7.87081e-05 6.55994e-05 5.45906e-05 4.53635e-05 3.7644e-05 3.11971e-05 2.58219e-05 2.13472e-05 1.76277e-05 1.45403e-05 1.19811e-05 9.86227e-06 8.11029e-06 6.66331e-06 5.46957e-06 4.4858e-06 3.67589e-06 3.00979e-06 2.46247e-06 2.01316e-06 1.64463e-06 1.34262e-06 1.09532e-06 8.92984e-07 7.27555e-07 5.92404e-07 4.82067e-07 3.92051e-07 3.18662e-07 2.58867e-07 2.10179e-07 1.70559e-07 1.38336e-07 1.12146e-07 9.08699e-08 7.35955e-08 5.95775e-08 4.8208e-08 3.8991e-08 3.15228e-08 2.54744e-08 2.05781e-08 1.66163e-08 1.3412e-08 1.08215e-08 8.72807e-09 7.03707e-09 5.67166e-09 4.56959e-09 3.68041e-09 2.96326e-09 2.38507e-09 1.91908e-09 1.54364e-09 1.24127e-09 9.97831e-10 8.01895e-10 6.44246e-10 5.17442e-10 4.1548e-10 3.33518e-10 2.67652e-10 2.14737e-10 1.72239e-10 1.38116e-10 1.10725e-10 8.87448e-11 7.11105e-11 5.69667e-11 4.56254e-11 3.65335e-11 2.92468e-11 2.34082e-11 1.87311e-11 1.49852e-11
0.00191 0.00200951 0.00202797 0.00198686 0.00190364 0.00179227 0.00166369 0.00152629 0.0013864 0.00124863 0.00111622 0.000991346 0.000875332 0.000768875 0.000672192 0.000585159 0.000507408 0.000438413 0.000377547 0.000324137 0.000277492 0.000236929 0.000201794 0.00017147 0.000145384 0.000123012 0.000103881 8.75631e-05 7.36797e-05 6.18947e-05 5.19126e-05 4.3475e-05 3.63565e-05 3.03619e-05 2.53224e-05 2.10929e-05 1.75487e-05 1.45831e-05 1.21052e-05 1.00376e-05 8.31455e-06 6.88047e-06 5.68829e-06 4.69835e-06 3.87722e-06 3.19684e-06 2.63366e-06 2.16794e-06 1.78319e-06 1.4656e-06 1.20369e-06 9.87886e-07 8.10208e-07 6.64041e-07 5.43887e-07 4.45191e-07 3.6418e-07 2.97732e-07 2.43265e-07 1.98649e-07 1.62125e-07 1.32245e-07 1.07815e-07 8.7853e-08 7.15507e-08 5.8245e-08 4.73909e-08 3.85414e-08 3.133e-08 2.54566e-08 2.06751e-08 1.67846e-08 1.36205e-08 1.10483e-08 8.95827e-09 7.26075e-09 5.88264e-09 4.7643e-09 3.85714e-09 3.12158e-09 2.52539e-09 2.04236e-09 1.65115e-09 1.33443e-09 1.07811e-09 8.70738e-10 7.03033e-10 5.67452e-10 4.57878e-10 3.69351e-10 2.97852e-10 2.40125e-10 1.9353e-10 1.55934e-10 1.25606e-10 1.0115e-10 8.14333e-11 6.55429e-11 5.27398e-11 4.24268e-11 3.41219e-11
0.00148556 0.00164446 0.00172645 0.00174787 0.00172292 0.00166369 0.00158023 0.00148075 0.00137182 0.0012586 0.00114502 0.00103401 0.000927641 0.000827343 0.000733993 0.000648056 0.000569679 0.000498773 0.000435078 0.000378219 0.000327746 0.000283167 0.000243975 0.000209662 0.000179735 0.000153726 0.000131195 0.000111736 9.49788e-05 8.05851e-05 6.82525e-05 5.77104e-05 4.87187e-05 4.10651e-05 3.45633e-05 2.90502e-05 2.43837e-05 2.04405e-05 1.71137e-05 1.43113e-05 1.19541e-05 9.97415e-06 8.31325e-06 6.92179e-06 5.75751e-06 4.78447e-06 3.97218e-06 3.29483e-06 2.73061e-06 2.26109e-06 1.87078e-06 1.54661e-06 1.27763e-06 1.05463e-06 8.69925e-07 7.17059e-07 5.90648e-07 4.86196e-07 3.99954e-07 3.288e-07 2.70137e-07 2.21807e-07 1.82016e-07 1.49277e-07 1.22358e-07 1.00239e-07 8.20737e-08 6.71654e-08 5.49371e-08 4.49126e-08 3.66993e-08 2.99737e-08 2.44691e-08 1.99663e-08 1.62848e-08 1.32763e-08 1.08189e-08 8.81268e-09 7.1755e-09 5.8401e-09 4.75133e-09 3.86404e-09 3.14124e-09 2.55269e-09 2.07365e-09 1.6839e-09 1.36692e-09 1.10922e-09 8.99792e-10 7.29662e-10 5.91504e-10 4.7935e-10 3.88338e-10 3.14507e-10 2.54634e-10 2.06096e-10 1.66761e-10 1.34894e-10 1.09085e-10 8.81884e-11 7.12751e-11
0.00115543 0.00134242 0.00146227 0.00152605 0.00154421 0.00152629 0.00148075 0.00141488 0.00133486 0.00124581 0.00115187 0.00105631 0.00096169 0.000869889 0.000782277 0.000699782 0.000622979 0.000552162 0.00048741 0.000428637 0.000375638 0.000328124 0.000285751 0.000248142 0.000214907 0.000185656 0.000160005 0.000137588 0.000118059 0.000101098 8.64068e-05 7.37151e-05 6.27776e-05 5.33737e-05 4.53059e-05 3.83988e-05 3.24969e-05 2.74634e-05 2.31781e-05 1.9536e-05 1.64455e-05 1.38272e-05 1.16122e-05 9.74111e-06 8.16259e-06 6.83268e-06 5.71364e-06 4.77317e-06 3.9837e-06 3.32173e-06 2.76728e-06 2.30337e-06 1.91562e-06 1.59183e-06 1.32171e-06 1.09658e-06 9.09112e-07 7.53138e-07 6.23477e-07 5.1578e-07 4.26396e-07 3.52269e-07 2.9084e-07 2.39972e-07 1.97879e-07 1.63071e-07 1.34308e-07 1.10554e-07 9.09504e-08 7.4782e-08 6.14548e-08 5.04763e-08 4.14377e-08 3.40005e-08 2.78845e-08 2.28575e-08 1.8728e-08 1.53374e-08 1.2555e-08 1.02727e-08 8.40169e-09 6.8685e-09 5.61274e-09 4.58467e-09 3.7434e-09 3.05529e-09 2.4927e-09 2.03292e-09 1.65732e-09 1.35062e-09 1.10028e-09 8.96016e-10 7.29419e-10 5.93593e-10 4.82896e-10 3.92711e-10 3.19264e-10 2.5947e-10 2.10807e-10 1.71217e-10 1.3902e-10
0.000898672 0.00109341 0.00123296 0.00132371 0.00137256 0.0013864 0.00137182 0.00133486 0.00128091 0.00121468 0.00114017 0.00106072 0.000979057 0.000897344 0.000817262 0.000740076 0.00066669 0.000597716 0.000533525 0.000474294 0.000420051 0.000370705 0.000326084 0.000285952 0.000250035 0.000218036 0.000189644 0.000164548 0.000142445 0.000123041 0.00010606 9.12416e-05 7.83453e-05 6.71503e-05 5.74558e-05 4.90796e-05 4.1858e-05 3.56447e-05 3.03094e-05 2.57363e-05 2.18237e-05 1.84817e-05 1.56319e-05 1.32054e-05 1.11424e-05 9.39109e-06 7.90633e-06 6.64925e-06 5.58628e-06 4.68855e-06 3.93129e-06 3.29323e-06 2.75622e-06 2.30473e-06 1.92553e-06 1.60738e-06 1.3407e-06 1.11738e-06 9.30535e-07 7.74351e-07 6.43909e-07 5.35057e-07 4.44295e-07 3.68678e-07 3.05728e-07 2.53361e-07 2.0983e-07 1.73671e-07 1.43656e-07 1.18758e-07 9.81181e-08 8.10195e-08 6.68634e-08 5.51507e-08 4.54655e-08 3.74617e-08 3.0851e-08 2.53942e-08 2.08923e-08 1.71803e-08 1.41211e-08 1.16012e-08 9.52672e-09 7.81968e-09 6.4157e-09 5.26154e-09 4.31319e-09 3.5343e-09 2.89489e-09 2.37021e-09 1.93986e-09 1.58703e-09 1.29788e-09 1.06102e-09 8.67067e-10 7.08311e-10 5.78417e-10 4.72178e-10 3.8532e-10 3.14333e-10 2.56338e-10
0.000698967 0.000888775 0.00103545 0.00114165 0.00121122 0.00124863 0.0012586 0.00124581 0.00121468 0.00116929 0.00111327 0.00104981 0.000981597 0.000910907 0.000839586 0.000769107 0.000700611 0.000634953 0.000572741 0.000514378 0.000460098 0.00041 0.000364075 0.00032223 0.000284315 0.000250131 0.000219452 0.000192037 0.000167633 0.000145988 0.000126855 0.000109997 9.51863e-05 8.2211e-05 7.08733e-05 6.09913e-05 5.23981e-05 4.49424e-05 3.84873e-05 3.29098e-05 2.80999e-05 2.39594e-05 2.04015e-05 1.73494e-05 1.47354e-05 1.25e-05 1.05913e-05 8.96388e-06 7.57815e-06 6.39979e-06 5.39907e-06 4.55025e-06 3.83113e-06 3.22261e-06 2.70824e-06 2.27393e-06 1.90761e-06 1.59893e-06 1.3391e-06 1.12059e-06 9.36995e-07 7.82881e-07 6.53626e-07 5.45314e-07 4.54626e-07 3.78756e-07 3.15333e-07 2.62356e-07 2.18138e-07 1.81257e-07 1.50518e-07 1.24916e-07 1.03608e-07 8.58837e-08 7.11511e-08 5.89129e-08 4.8753e-08 4.03235e-08 3.3334e-08 2.75419e-08 2.27446e-08 1.87736e-08 1.54884e-08 1.2772e-08 1.0527e-08 8.67264e-09 7.1417e-09 5.8784e-09 4.83645e-09 3.97748e-09 3.26969e-09 2.68673e-09 2.20681e-09 1.81189e-09 1.48706e-09 1.21999e-09 1.0005e-09 8.20192e-10 6.7213e-10 5.50597e-10 4.50877e-10
0.000543641 0.000721096 0.000866474 0.000979678 0.00106212 0.00111622 0.00114502 0.00115187 0.00114017 0.00111327 0.00107431 0.00102613 0.000971297 0.000912018 0.000850186 0.00078738 0.000724883 0.000663721 0.00060468 0.000548345 0.000495128 0.000445291 0.000398977 0.000356232 0.000317024 0.00028126 0.000248803 0.000219485 0.000193115 0.000169493 0.000148409 0.000129656 0.00011303 9.83339e-05 8.53812e-05 7.39956e-05 6.40129e-05 5.52813e-05 4.76616e-05 4.10265e-05 3.52609e-05 3.02606e-05 2.59323e-05 2.21925e-05 1.89667e-05 1.61889e-05 1.38007e-05 1.17507e-05 9.99344e-06 8.48936e-06 7.20372e-06 6.10626e-06 5.17064e-06 4.37396e-06 3.69642e-06 3.12085e-06 2.63247e-06 2.21851e-06 1.868e-06 1.57153e-06 1.32101e-06 1.10952e-06 9.31145e-07 7.80845e-07 6.5431e-07 5.47875e-07 4.58423e-07 3.83305e-07 3.20275e-07 2.67429e-07 2.23155e-07 1.86091e-07 1.55085e-07 1.29165e-07 1.07512e-07 8.94357e-08 7.43553e-08 6.17825e-08 5.1307e-08 4.25843e-08 3.53255e-08 2.92886e-08 2.42708e-08 2.01024e-08 1.66416e-08 1.37699e-08 1.13883e-08 9.41408e-09 7.77852e-09 6.42419e-09 5.30328e-09 4.37602e-09 3.60932e-09 2.97568e-09 2.45225e-09 2.02007e-09 1.66337e-09 1.36911e-09 1.12647e-09 9.26467e-10 7.61686e-10
0.000422832 0.000584051 0.000722738 0.000836913 0.000926186 0.000991346 0.00103401 0.00105631 0.00106072 0.00104981 0.00102613 0.000992159 0.000950173 0.000902244 0.000850204 0.000795645 0.000739917 0.000684141 0.000629228 0.0005759 0.000524705 0.000476048 0.000430203 0.000387341 0.000347542 0.000310816 0.000277116 0.000246352 0.000218399 0.000193112 0.000170327 0.000149875 0.00013158 0.000115269 0.000100772 8.79231e-05 7.65672e-05 6.65566e-05 5.77535e-05 5.00305e-05 4.32699e-05 3.73644e-05 3.22163e-05 2.77371e-05 2.38471e-05 2.04748e-05 1.75562e-05 1.50346e-05 1.28592e-05 1.09855e-05 9.37388e-06 7.98971e-06 6.80248e-06 5.78551e-06 4.9155e-06 4.17213e-06 3.53771e-06 2.99692e-06 2.53643e-06 2.14477e-06 1.81198e-06 1.52952e-06 1.29001e-06 1.08711e-06 9.15397e-07 7.70204e-07 6.47547e-07 5.44018e-07 4.56708e-07 3.83138e-07 3.21195e-07 2.69084e-07 2.25276e-07 1.88477e-07 1.57589e-07 1.3168e-07 1.09963e-07 9.17723e-08 7.65457e-08 6.38085e-08 5.31605e-08 4.42647e-08 3.68374e-08 3.06399e-08 2.54716e-08 2.11642e-08 1.75762e-08 1.45892e-08 1.21039e-08 1.00371e-08 8.31933e-09 6.89231e-09 5.70745e-09 4.72415e-09 3.90852e-09 3.2323e-09 2.67193e-09 2.20778e-09 1.8235e-09 1.50549e-09 1.24244e-09
0.000328869 0.000472305 0.000601086 0.000712072 0.000803633 0.000875332 0.000927641 0.00096169 0.000979057 0.000981597 0.000971297 0.000950173 0.000920189 0.000883198 0.000840901 0.000794828 0.000746326 0.000696555 0.000646496 0.000596958 0.000548596 0.000501921 0.00045732 0.00041507 0.000375354 0.000338277 0.000303878 0.000272143 0.000243018 0.000216413 0.000192218 0.000170303 0.000150528 0.000132748 0.000116815 0.00010258 8.99006e-05 7.86378e-05 6.86596e-05 5.98416e-05 5.20674e-05 4.52289e-05 3.92264e-05 3.39686e-05 2.93721e-05 2.53614e-05 2.18681e-05 1.88308e-05 1.61944e-05 1.39096e-05 1.19326e-05 1.02245e-05 8.75087e-06 7.48128e-06 6.38894e-06 5.45035e-06 4.64487e-06 3.95447e-06 3.36342e-06 2.85799e-06 2.42627e-06 2.05791e-06 1.74394e-06 1.4766e-06 1.2492e-06 1.05595e-06 8.91882e-07 7.52717e-07 6.34781e-07 5.34924e-07 4.50445e-07 3.79036e-07 3.18724e-07 2.67825e-07 2.24903e-07 1.88735e-07 1.58282e-07 1.32658e-07 1.11114e-07 9.30114e-08 7.78119e-08 6.50582e-08 5.43636e-08 4.54014e-08 3.78957e-08 3.16136e-08 2.63588e-08 2.1966e-08 1.82958e-08 1.52311e-08 1.26735e-08 1.05401e-08 8.7617e-09 7.27989e-09 6.04587e-09 5.01873e-09 4.16421e-09 3.45365e-09 2.86309e-09 2.37249e-09 1.96513e-09
0.000255787 0.000381382 0.000498581 0.000603649 0.000694178 0.000768875 0.000827343 0.000869889 0.000897344 0.000910907 0.000912018 0.000902244 0.000883198 0.000856472 0.000823587 0.000785957 0.000744871 0.000701475 0.000656773 0.000611621 0.000566742 0.000522725 0.000480044 0.000439064 0.000400057 0.000363211 0.000328645 0.00029642 0.000266545 0.000238994 0.000213705 0.000190595 0.000169563 0.000150494 0.000133267 0.000117756 0.000103833 9.13737e-05 8.0255e-05 7.03591e-05 6.15737e-05 5.37929e-05 4.69177e-05 4.08559e-05 3.55224e-05 3.08391e-05 2.67347e-05 2.31441e-05 2.00087e-05 1.72753e-05 1.48964e-05 1.28292e-05 1.10356e-05 9.48168e-06 8.13735e-06 6.97592e-06 5.97385e-06 5.11038e-06 4.36726e-06 3.72851e-06 3.1801e-06 2.7098e-06 2.30692e-06 1.96218e-06 1.6675e-06 1.41586e-06 1.20118e-06 1.01822e-06 8.62444e-07 7.29926e-07 6.17296e-07 5.21655e-07 4.40509e-07 3.71719e-07 3.1345e-07 2.64133e-07 2.22426e-07 1.8718e-07 1.57417e-07 1.32302e-07 1.11125e-07 9.32803e-08 7.82541e-08 6.56097e-08 5.49765e-08 4.60404e-08 3.85353e-08 3.22358e-08 2.69517e-08 2.25217e-08 1.88101e-08 1.57021e-08 1.3101e-08 1.09254e-08 9.10666e-09 7.58703e-09 6.31799e-09 5.25877e-09 4.37513e-09 3.63833e-09 3.02427e-09
0.000198946 0.000307545 0.000412549 0.000510041 0.000597204 0.000672192 0.000733993 0.000782277 0.000817262 0.000839586 0.000850186 0.000850204 0.000840901 0.000823587 0.000799569 0.000770112 0.000736403 0.000699534 0.00066049 0.000620139 0.000579235 0.000538421 0.000498229 0.000459093 0.000421357 0.000385281 0.000351054 0.000318805 0.000288606 0.000260486 0.000234437 0.000210422 0.000188378 0.000168228 0.000149878 0.000133228 0.000118171 0.000104597 9.23977e-05 8.1464e-05 7.1691e-05 6.29778e-05 5.52283e-05 4.83519e-05 4.22637e-05 3.68847e-05 3.2142e-05 2.79683e-05 2.43023e-05 2.10879e-05 1.82745e-05 1.5816e-05 1.36711e-05 1.18028e-05 1.01778e-05 8.76643e-06 7.54233e-06 6.4821e-06 5.565e-06 4.77272e-06 4.08912e-06 3.49998e-06 2.99286e-06 2.55681e-06 2.18231e-06 1.86099e-06 1.5856e-06 1.34982e-06 1.14813e-06 9.7579e-07 8.28655e-07 7.03156e-07 5.96208e-07 5.05149e-07 4.27683e-07 3.61837e-07 3.05913e-07 2.58455e-07 2.18211e-07 1.84111e-07 1.55239e-07 1.30811e-07 1.10158e-07 9.27084e-08 7.79759e-08 6.55457e-08 5.50649e-08 4.62335e-08 3.87967e-08 3.25381e-08 2.72743e-08 2.28498e-08 1.9133e-08 1.60125e-08 1.33941e-08 1.11983e-08 9.35786e-09 7.8161e-09 6.52524e-09 5.44502e-09 4.54151e-09
0.000154735 0.000247691 0.000340598 0.000429646 0.000511882 0.000585159 0.000648056 0.000699782 0.000740076 0.000769107 0.00078738 0.000795645 0.000794828 0.000785957 0.000770112 0.000748382 0.000721825 0.000691447 0.000658182 0.000622878 0.000586295 0.000549094 0.000511849 0.00047504 0.000439065 0.000404243 0.000370823 0.000338992 0.000308878 0.000280565 0.000254095 0.000229475 0.000206684 0.000185679 0.0001664 0.000148773 0.000132713 0.000118132 0.000104933 9.30236e-05 8.23069e-05 7.26898e-05 6.40816e-05 5.63953e-05 4.95481e-05 4.34621e-05 3.80641e-05 3.32862e-05 2.90654e-05 2.53438e-05 2.20683e-05 1.91905e-05 1.66662e-05 1.44558e-05 1.25231e-05 1.08359e-05 9.36512e-06 8.08482e-06 6.97186e-06 6.00566e-06 5.16796e-06 4.44256e-06 3.81518e-06 3.27321e-06 2.80557e-06 2.40251e-06 2.0555e-06 1.75704e-06 1.50063e-06 1.28055e-06 1.09184e-06 9.3018e-07 7.9183e-07 6.73534e-07 5.72474e-07 4.86215e-07 4.12651e-07 3.49966e-07 2.96595e-07 2.5119e-07 2.12592e-07 1.79806e-07 1.51977e-07 1.28373e-07 1.08366e-07 9.14218e-08 7.708e-08 6.49494e-08 5.46958e-08 4.60345e-08 3.87229e-08 3.25545e-08 2.73537e-08 2.29714e-08 1.9281e-08 1.61751e-08 1.35625e-08 1.13662e-08 9.52086e-09 7.9712e-09 6.67056e-09
0.00012035 0.000199252 0.000280615 0.000360918 0.000437269 0.000507408 0.000569679 0.000622979 0.00066669 0.000700611 0.000724883 0.000739917 0.000746326 0.000744871 0.000736403 0.000721825 0.000702049 0.000677973 0.000650454 0.000620296 0.000588236 0.000554937 0.000520985 0.000486891 0.000453089 0.000419942 0.000387748 0.00035674 0.0003271 0.000298957 0.000272399 0.000247477 0.000224211 0.000202592 0.000182593 0.000164168 0.000147257 0.000131793 0.0001177 0.000104895 9.32977e-05 8.2823e-05 7.33881e-05 6.49118e-05 5.73152e-05 5.05231e-05 4.44639e-05 3.90702e-05 3.42786e-05 3.00305e-05 2.62713e-05 2.29509e-05 2.00232e-05 1.74461e-05 1.51814e-05 1.31944e-05 1.14536e-05 9.93086e-06 8.60074e-06 7.4405e-06 6.42979e-06 5.55051e-06 4.78652e-06 4.12354e-06 3.54889e-06 3.05139e-06 2.62117e-06 2.24954e-06 1.92887e-06 1.65246e-06 1.41445e-06 1.2097e-06 1.03373e-06 8.82656e-07 7.53063e-07 6.42e-07 5.46902e-07 4.65544e-07 3.96001e-07 3.36605e-07 2.85918e-07 2.42696e-07 2.05869e-07 1.74514e-07 1.47839e-07 1.25161e-07 1.05895e-07 8.95396e-08 7.56643e-08 6.3901e-08 5.39349e-08 4.5497e-08 3.83574e-08 3.23201e-08 2.72182e-08 2.29092e-08 1.92722e-08 1.62042e-08 1.36175e-08 1.1438e-08 9.60247e-09
9.36054e-05 0.000160109 0.000230753 0.000302408 0.000372373 0.000438413 0.000498773 0.000552162 0.000597716 0.000634953 0.000663721 0.000684141 0.000696555 0.000701475 0.000699534 0.000691447 0.000677973 0.000659886 0.000637952 0.000612909 0.000585453 0.000556224 0.000525807 0.000494722 0.000463424 0.000432306 0.000401701 0.000371881 0.000343069 0.000315436 0.000289112 0.000264186 0.000240716 0.000218729 0.000198229 0.000179198 0.000161604 0.0001454 0.00013053 0.00011693 0.000104532 9.32621e-05 8.30482e-05 7.38163e-05 6.54935e-05 5.80088e-05 5.12935e-05 4.52823e-05 3.99129e-05 3.51267e-05 3.08689e-05 2.70884e-05 2.37378e-05 2.07736e-05 1.81556e-05 1.58473e-05 1.38153e-05 1.20293e-05 1.04618e-05 9.0881e-06 7.88593e-06 6.83531e-06 5.91834e-06 5.11905e-06 4.42321e-06 3.81816e-06 3.29267e-06 2.83682e-06 2.4418e-06 2.09989e-06 1.80425e-06 1.54889e-06 1.32853e-06 1.13858e-06 9.7499e-07 8.34237e-07 7.13244e-07 6.09331e-07 5.20165e-07 4.43719e-07 3.78234e-07 3.22184e-07 2.74248e-07 2.33284e-07 1.98305e-07 1.6846e-07 1.43014e-07 1.21334e-07 1.02875e-07 8.71716e-08 7.38201e-08 6.24764e-08 5.28449e-08 4.46724e-08 3.77424e-08 3.18696e-08 2.68959e-08 2.26862e-08 1.91251e-08 1.61146e-08 1.3571e-08
7.28042e-05 0.000128524 0.000189413 0.000252783 0.000316199 0.000377547 0.000435078 0.00048741 0.000533525 0.000572741 0.00060468 0.000629228 0.000646496 0.000656773 0.00066049 0.000658182 0.000650454 0.000637952 0.000621339 0.000601272 0.00057839 0.000553298 0.000526558 0.000498685 0.000470142 0.000441336 0.000412624 0.000384308 0.000356641 0.000329831 0.000304041 0.000279397 0.000255989 0.000233879 0.0002131 0.000193663 0.000175562 0.000158773 0.00014326 0.000128977 0.000115872 0.000103885 9.29547e-05 8.30156e-05 7.40027e-05 6.58508e-05 5.84959e-05 5.18758e-05 4.59305e-05 4.06028e-05 3.58386e-05 3.15866e-05 2.77992e-05 2.44319e-05 2.14434e-05 1.87956e-05 1.64536e-05 1.43855e-05 1.2562e-05 1.09566e-05 9.54541e-06 8.30657e-06 7.22055e-06 6.26979e-06 5.43851e-06 4.71261e-06 4.07951e-06 3.52801e-06 3.04814e-06 2.63108e-06 2.269e-06 1.955e-06 1.68297e-06 1.44755e-06 1.24401e-06 1.06821e-06 9.16516e-07 7.85737e-07 6.73095e-07 5.76162e-07 4.9282e-07 4.21223e-07 3.59769e-07 3.07063e-07 2.61897e-07 2.23222e-07 1.9013e-07 1.61838e-07 1.37666e-07 1.17031e-07 9.94259e-08 8.44174e-08 7.16312e-08 6.07455e-08 5.14839e-08 4.36093e-08 3.69181e-08 3.12362e-08 2.64143e-08 2.23246e-08 1.88581e-08
5.66255e-05 0.00010307 0.000155222 0.000210837 0.000267785 0.000324137 0.000378219 0.000428637 0.000474294 0.000514378 0.000548345 0.0005759 0.000596958 0.000611621 0.000620139 0.000622878 0.000620296 0.000612909 0.000601272 0.000585954 0.000567526 0.000546543 0.000523533 0.000498993 0.000473378 0.0004471 0.000420526 0.000393977 0.000367731 0.000342021 0.00031704 0.000292943 0.000269852 0.000247857 0.00022702 0.000207379 0.000188953 0.000171741 0.000155728 0.000140887 0.000127182 0.000114568 0.000102995 9.241e-05 8.27552e-05 7.39732e-05 6.60059e-05 5.87955e-05 5.22855e-05 4.64214e-05 4.11503e-05 3.64224e-05 3.21901e-05 2.84087e-05 2.50366e-05 2.20348e-05 1.93673e-05 1.70009e-05 1.49049e-05 1.30513e-05 1.14147e-05 9.9717e-06 8.70126e-06 7.58427e-06 6.60354e-06 5.74356e-06 4.99042e-06 4.33168e-06 3.75618e-06 3.254e-06 2.8163e-06 2.43523e-06 2.10382e-06 1.8159e-06 1.56602e-06 1.34938e-06 1.16175e-06 9.99383e-07 8.59023e-07 7.37797e-07 6.3319e-07 5.43003e-07 4.65317e-07 3.98454e-07 3.40955e-07 2.91548e-07 2.49129e-07 2.12737e-07 1.8154e-07 1.54817e-07 1.31942e-07 1.12376e-07 9.56513e-08 8.13661e-08 6.91727e-08 5.87716e-08 4.99054e-08 4.23523e-08 3.59221e-08 3.04511e-08 2.57993e-08
4.4042e-05 8.25816e-05 0.000127006 0.000175491 0.000226223 0.000277492 0.000327746 0.000375638 0.000420051 0.000460098 0.000495128 0.000524705 0.000548596 0.000566742 0.000579235 0.000586295 0.000588236 0.000585453 0.00057839 0.000567526 0.000553356 0.000536376 0.000517072 0.000495908 0.000473322 0.000449719 0.000425468 0.000400899 0.000376303 0.000351934 0.000328006 0.0003047 0.000282162 0.000260508 0.000239827 0.000220181 0.000201613 0.000184144 0.000167781 0.000152515 0.000138326 0.000125185 0.000113056 0.000101896 9.16587e-05 8.22944e-05 7.3752e-05 6.59796e-05 5.89253e-05 5.25379e-05 4.67675e-05 4.15658e-05 3.68866e-05 3.26859e-05 2.8922e-05 2.55559e-05 2.25508e-05 1.98728e-05 1.74903e-05 1.53741e-05 1.34974e-05 1.18357e-05 1.03664e-05 9.06922e-06 7.92554e-06 6.91858e-06 6.03315e-06 5.25558e-06 4.5736e-06 3.97616e-06 3.45341e-06 2.99654e-06 2.5977e-06 2.24989e-06 1.94692e-06 1.68327e-06 1.45408e-06 1.25503e-06 1.08235e-06 9.32669e-07 8.03052e-07 6.90911e-07 5.93976e-07 5.10258e-07 4.38017e-07 3.75733e-07 3.22076e-07 2.75889e-07 2.36163e-07 2.02021e-07 1.72701e-07 1.4754e-07 1.25964e-07 1.07475e-07 9.16433e-08 7.80959e-08 6.65113e-08 5.66116e-08 4.81573e-08 4.09422e-08 3.47884e-08
3.42549e-05 6.61095e-05 0.000103768 0.00014579 0.000190671 0.000236929 0.000283167 0.000328124 0.000370705 0.00041 0.000445291 0.000476048 0.000501921 0.000522725 0.000538421 0.000549094 0.000554937 0.000556224 0.000553298 0.000546543 0.000536376 0.00052323 0.000507537 0.000489725 0.000470204 0.000449363 0.000427563 0.000405133 0.000382372 0.000359544 0.000336881 0.00031458 0.00029281 0.000271709 0.000251386 0.000231928 0.000213398 0.00019584 0.000179278 0.000163724 0.000149173 0.000135614 0.000123023 0.000111369 0.000100618 9.07286e-05 8.1658e-05 7.3361e-05 6.57912e-05 5.89021e-05 5.26472e-05 4.6981e-05 4.18593e-05 3.72395e-05 3.30808e-05 2.93444e-05 2.59938e-05 2.29945e-05 2.03143e-05 1.79235e-05 1.57941e-05 1.39007e-05 1.22196e-05 1.07293e-05 9.41002e-06 8.24375e-06 7.21418e-06 6.30647e-06 5.50723e-06 4.8044e-06 4.18708e-06 3.64553e-06 3.17099e-06 2.75564e-06 2.39251e-06 2.07536e-06 1.79867e-06 1.55753e-06 1.34757e-06 1.16495e-06 1.00626e-06 8.68496e-07 7.49002e-07 6.45452e-07 5.55798e-07 4.78241e-07 4.11207e-07 3.53316e-07 3.03361e-07 2.60288e-07 2.2318e-07 1.91234e-07 1.63752e-07 1.4013e-07 1.19838e-07 1.02421e-07 8.74809e-08 7.46749e-08 6.37054e-08 5.43153e-08 4.62825e-08
2.66427e-05 5.28802e-05 8.46664e-05 0.000120899 0.000160359 0.000201794 0.000243975 0.000285751 0.000326084 0.000364075 0.000398977 0.000430203 0.00045732 0.000480044 0.000498229 0.000511849 0.000520985 0.000525807 0.000526558 0.000523533 0.000517072 0.000507537 0.000495308 0.000480766 0.000464288 0.000446237 0.00042696 0.00040678 0.000385992 0.000364867 0.000343644 0.000322536 0.000301725 0.000281366 0.00026159 0.000242502 0.000224184 0.000206698 0.00019009 0.000174386 0.000159601 0.000145737 0.000132784 0.000120725 0.000109537 9.91879e-05 8.96443e-05 8.08684e-05 7.28202e-05 6.54585e-05 5.87413e-05 5.26267e-05 4.70733e-05 4.20406e-05 3.74892e-05 3.33815e-05 2.96814e-05 2.63547e-05 2.33691e-05 2.06944e-05 1.83022e-05 1.61662e-05 1.4262e-05 1.2567e-05 1.10605e-05 9.72349e-06 8.53855e-06 7.48984e-06 6.56292e-06 5.74472e-06 5.02338e-06 4.38823e-06 3.82964e-06 3.33894e-06 2.90839e-06 2.53103e-06 2.20064e-06 1.91169e-06 1.65924e-06 1.4389e-06 1.24678e-06 1.07942e-06 9.33784e-07 8.07156e-07 6.97159e-07 6.01694e-07 5.18913e-07 4.47192e-07 3.85106e-07 3.31404e-07 2.84992e-07 2.44911e-07 2.10325e-07 1.80503e-07 1.54809e-07 1.32687e-07 1.13654e-07 9.72903e-08 8.32317e-08 7.11616e-08 6.08057e-08
2.07221e-05 4.2266e-05 6.89924e-05 0.000100088 0.000134593 0.00017147 0.000209662 0.000248142 0.000285952 0.00032223 0.000356232 0.000387341 0.00041507 0.000439064 0.000459093 0.00047504 0.000486891 0.000494722 0.000498685 0.000498993 0.000495908 0.000489725 0.000480766 0.000469363 0.000455855 0.000440574 0.000423845 0.000405976 0.000387257 0.000367955 0.000348314 0.000328552 0.000308864 0.000289419 0.00027036 0.000251809 0.000233866 0.00021661 0.000200103 0.000184388 0.000169496 0.000155443 0.000142233 0.000129864 0.000118321 0.000107584 9.76301e-05 8.84282e-05 7.99459e-05 7.2148e-05 6.49977e-05 5.84574e-05 5.24892e-05 4.70554e-05 4.2119e-05 3.76437e-05 3.35947e-05 2.99384e-05 2.66431e-05 2.36784e-05 2.10158e-05 1.86286e-05 1.64919e-05 1.45823e-05 1.28784e-05 1.13603e-05 1.00097e-05 8.80982e-06 7.7453e-06 6.80212e-06 5.96756e-06 5.23002e-06 4.57905e-06 4.00516e-06 3.49984e-06 3.05538e-06 2.6649e-06 2.32223e-06 2.02182e-06 1.75873e-06 1.52858e-06 1.32742e-06 1.15179e-06 9.98593e-07 8.65082e-07 7.48837e-07 6.47716e-07 5.59828e-07 4.83507e-07 4.17288e-07 3.5988e-07 3.10152e-07 2.6711e-07 2.29885e-07 1.97716e-07 1.69936e-07 1.45964e-07 1.25294e-07 1.07484e-07 9.21482e-08 7.89524e-08
1.61172e-05 3.37578e-05 5.61521e-05 8.2728e-05 0.000112751 0.000145384 0.000179735 0.000214907 0.000250035 0.000284315 0.000317024 0.000347542 0.000375354 0.000400057 0.000421357 0.000439065 0.000453089 0.000463424 0.000470142 0.000473378 0.000473322 0.000470204 0.000464288 0.000455855 0.0004452 0.000432624 0.000418422 0.000402885 0.000386288 0.000368892 0.000350938 0.000332648 0.00031422 0.000295833 0.000277642 0.000259781 0.000242364 0.000225485 0.00020922 0.000193629 0.000178755 0.00016463 0.000151271 0.000138687 0.000126877 0.000115831 0.000105535 9.59658e-05 8.71e-05 7.89087e-05 7.13608e-05 6.44237e-05 5.80637e-05 5.22464e-05 4.69376e-05 4.21034e-05 3.77105e-05 3.37267e-05 3.01209e-05 2.68634e-05 2.39258e-05 2.12814e-05 1.8905e-05 1.67729e-05 1.4863e-05 1.31548e-05 1.16293e-05 1.0269e-05 9.05764e-06 7.98046e-06 7.02385e-06 6.17544e-06 5.42394e-06 4.7591e-06 4.17165e-06 3.65318e-06 3.19613e-06 2.79367e-06 2.43967e-06 2.12863e-06 1.85561e-06 1.61623e-06 1.40654e-06 1.22305e-06 1.06262e-06 9.22508e-07 8.0024e-07 6.93642e-07 6.00788e-07 5.19977e-07 4.49707e-07 3.88653e-07 3.3565e-07 2.89674e-07 2.49824e-07 2.15311e-07 1.85443e-07 1.59614e-07 1.37294e-07 1.1802e-07 1.01389e-07
1.25356e-05 2.69438e-05 4.56493e-05 6.82766e-05 9.42844e-05 0.000123012 0.000153726 0.000185656 0.000218036 0.000250131 0.00028126 0.000310816 0.000338277 0.000363211 0.000385281 0.000404243 0.000419942 0.000432306 0.000441336 0.0004471 0.000449719 0.000449363 0.000446237 0.000440574 0.000432624 0.000422649 0.000410917 0.000397693 0.000383234 0.00036779 0.000351596 0.000334869 0.00031781 0.000300603 0.000283409 0.000266372 0.000249618 0.000233251 0.000217362 0.000202022 0.000187289 0.000173207 0.000159806 0.000147107 0.000135119 0.000123845 0.000113278 0.000103407 9.42139e-05 8.56775e-05 7.77732e-05 7.04739e-05 6.37504e-05 5.75725e-05 5.19092e-05 4.67295e-05 4.20023e-05 3.7697e-05 3.37839e-05 3.02341e-05 2.702e-05 2.41151e-05 2.14943e-05 1.91337e-05 1.7011e-05 1.51054e-05 1.33971e-05 1.18682e-05 1.05018e-05 9.28226e-06 8.19539e-06 7.22804e-06 6.36818e-06 5.60486e-06 4.92807e-06 4.32873e-06 3.79861e-06 3.33025e-06 2.91693e-06 2.55258e-06 2.23174e-06 1.94952e-06 1.70152e-06 1.48381e-06 1.29288e-06 1.1256e-06 9.79183e-07 8.51138e-07 7.39265e-07 6.41608e-07 5.56435e-07 4.82213e-07 4.1759e-07 3.61369e-07 3.12499e-07 2.70051e-07 2.33211e-07 2.01262e-07 1.73576e-07 1.49601e-07 1.28856e-07
9.74991e-06 2.14912e-05 3.70708e-05 5.62698e-05 7.87081e-05 0.000103881 0.000131195 0.000160005 0.000189644 0.000219452 0.000248803 0.000277116 0.000303878 0.000328645 0.000351054 0.000370823 0.000387748 0.000401701 0.000412624 0.000420526 0.000425468 0.000427563 0.00042696 0.000423845 0.000418422 0.000410917 0.000401563 0.000390599 0.000378261 0.000364783 0.000350387 0.000335286 0.000319679 0.000303747 0.000287658 0.000271562 0.00025559 0.000239858 0.000224466 0.000209498 0.000195022 0.000181094 0.000167756 0.00015504 0.000142966 0.000131547 0.000120786 0.00011068 0.000101219 9.23909e-05 8.41763e-05 7.65542e-05 6.95007e-05 6.29901e-05 5.69951e-05 5.14879e-05 4.64401e-05 4.18235e-05 3.761e-05 3.37721e-05 3.02832e-05 2.71173e-05 2.42499e-05 2.16573e-05 1.93171e-05 1.72083e-05 1.5311e-05 1.36067e-05 1.20779e-05 1.07087e-05 9.48406e-06 8.39031e-06 7.41474e-06 6.54575e-06 5.77266e-06 5.08575e-06 4.47616e-06 3.93582e-06 3.45743e-06 3.03436e-06 2.66063e-06 2.33084e-06 2.04013e-06 1.78413e-06 1.55894e-06 1.36103e-06 1.18728e-06 1.03488e-06 9.01321e-07 7.84392e-07 6.82111e-07 5.92721e-07 5.14665e-07 4.46563e-07 3.87196e-07 3.35485e-07 2.90478e-07 2.51338e-07 2.17326e-07 1.87792e-07 1.62166e-07
7.58326e-06 1.71314e-05 3.00735e-05 4.63123e-05 6.55994e-05 8.75631e-05 0.000111736 0.000137588 0.000164548 0.000192037 0.000219485 0.000246352 0.000272143 0.00029642 0.000318805 0.000338992 0.00035674 0.000371881 0.000384308 0.000393977 0.000400899 0.000405133 0.00040678 0.000405976 0.000402885 0.000397693 0.000390599 0.000381813 0.000371548 0.000360018 0.000347432 0.000333993 0.000319891 0.000305307 0.000290409 0.000275348 0.000260261 0.000245272 0.000230488 0.000216002 0.000201891 0.000188223 0.00017505 0.000162413 0.000150343 0.000138863 0.000127985 0.000117714 0.00010805 9.89864e-05 9.05116e-05 8.26106e-05 7.5265e-05 6.84538e-05 6.21542e-05 5.63418e-05 5.09916e-05 4.60779e-05 4.15746e-05 3.74562e-05 3.36973e-05 3.0273e-05 2.71596e-05 2.43338e-05 2.17736e-05 1.94579e-05 1.73668e-05 1.54816e-05 1.37846e-05 1.22593e-05 1.08904e-05 9.66354e-06 8.56553e-06 7.58415e-06 6.70818e-06 5.92729e-06 5.23202e-06 4.61376e-06 4.06461e-06 3.57743e-06 3.1457e-06 2.76355e-06 2.42564e-06 2.12718e-06 1.86382e-06 1.63168e-06 1.42726e-06 1.24743e-06 1.08937e-06 9.50591e-07 8.28843e-07 7.22133e-07 6.28687e-07 5.46927e-07 4.75453e-07 4.13022e-07 3.58535e-07 3.1102e-07 2.69617e-07 2.33567e-07 2.02204e-07
5.89809e-06 1.3648e-05 2.43732e-05 3.80683e-05 5.45906e-05 7.36797e-05 9.49788e-05 0.000118059 0.000142445 0.000167633 0.000193115 0.000218399 0.000243018 0.000266545 0.000288606 0.000308878 0.0003271 0.000343069 0.000356641 0.000367731 0.000376303 0.000382372 0.000385992 0.000387257 0.000386288 0.000383234 0.000378261 0.000371548 0.000363283 0.000353659 0.000342867 0.000331097 0.000318531 0.000305344 0.000291699 0.000277749 0.000263634 0.00024948 0.0002354 0.000221495 0.00020785 0.00019454 0.000181627 0.000169162 0.000157185 0.000145727 0.000134809 0.000124445 0.000114643 0.000105403 9.67215e-05 8.8589e-05 8.09928e-05 7.39173e-05 6.73441e-05 6.1253e-05 5.56223e-05 5.04292e-05 4.56505e-05 4.12626e-05 3.72417e-05 3.35647e-05 3.02085e-05 2.71508e-05 2.43702e-05 2.1846e-05 1.95584e-05 1.74885e-05 1.56188e-05 1.39324e-05 1.24136e-05 1.10478e-05 9.82132e-06 8.72149e-06 7.73654e-06 6.85564e-06 6.0688e-06 5.36687e-06 4.74144e-06 4.18483e-06 3.69006e-06 3.25075e-06 2.86112e-06 2.51593e-06 2.21044e-06 1.94035e-06 1.70182e-06 1.49136e-06 1.30585e-06 1.14249e-06 9.98773e-07 8.72452e-07 7.61522e-07 6.64193e-07 5.78873e-07 5.04143e-07 4.38743e-07 3.81557e-07 3.31593e-07 2.87972e-07 2.49921e-07
4.58741e-06 1.08668e-05 1.97351e-05 3.12539e-05 4.53635e-05 6.18947e-05 8.05851e-05 0.000101098 0.000123041 0.000145988 0.000169493 0.000193112 0.000216413 0.000238994 0.000260486 0.000280565 0.000298957 0.000315436 0.000329831 0.000342021 0.000351934 0.000359544 0.000364867 0.000367955 0.000368892 0.00036779 0.000364783 0.000360018 0.000353659 0.000345874 0.000336837 0.000326722 0.000315699 0.000303934 0.000291586 0.000278804 0.000265727 0.000252484 0.000239191 0.000225954 0.000212864 0.000200003 0.00018744 0.000175235 0.000163435 0.000152079 0.000141198 0.000130813 0.000120939 0.000111584 0.000102751 9.44364e-05 8.66344e-05 7.9334e-05 7.25218e-05 6.61818e-05 6.0296e-05 5.48451e-05 4.98086e-05 4.51654e-05 4.08939e-05 3.69725e-05 3.33796e-05 3.0094e-05 2.70951e-05 2.43627e-05 2.18776e-05 1.96211e-05 1.75756e-05 1.57243e-05 1.40513e-05 1.25418e-05 1.11817e-05 9.95808e-06 8.85868e-06 7.87226e-06 6.98835e-06 6.19733e-06 5.49032e-06 4.85917e-06 4.29642e-06 3.79522e-06 3.34937e-06 2.95319e-06 2.60153e-06 2.28972e-06 2.01353e-06 1.76915e-06 1.55313e-06 1.36236e-06 1.19405e-06 1.0457e-06 9.1507e-07 8.00138e-07 6.99111e-07 6.10383e-07 5.32525e-07 4.64262e-07 4.04462e-07 3.52117e-07 3.06334e-07
3.56798e-06 8.64774e-06 1.59655e-05 2.56299e-05 3.7644e-05 5.19126e-05 6.82525e-05 8.64068e-05 0.00010606 0.000126855 0.000148409 0.000170327 0.000192218 0.000213705 0.000234437 0.000254095 0.000272399 0.000289112 0.000304041 0.00031704 0.000328006 0.000336881 0.000343644 0.000348314 0.000350938 0.000351596 0.000350387 0.000347432 0.000342867 0.000336837 0.000329496 0.000321 0.000311505 0.000301168 0.000290139 0.000278562 0.000266574 0.000254303 0.000241866 0.00022937 0.000216914 0.000204582 0.000192452 0.000180587 0.000169044 0.000157868 0.000147098 0.000136762 0.000126882 0.000117474 0.000108546 0.000100102 9.21411e-05 8.46579e-05 7.76441e-05 7.1088e-05 6.49758e-05 5.92916e-05 5.40182e-05 4.91371e-05 4.46292e-05 4.04747e-05 3.66538e-05 3.31468e-05 2.99339e-05 2.69961e-05 2.43145e-05 2.18711e-05 1.96485e-05 1.763e-05 1.57998e-05 1.41429e-05 1.26451e-05 1.12931e-05 1.00745e-05 8.97769e-06 7.99173e-06 7.10662e-06 6.31308e-06 5.6025e-06 4.96701e-06 4.39934e-06 3.89285e-06 3.44146e-06 3.03963e-06 2.6823e-06 2.36488e-06 2.08322e-06 1.83353e-06 1.61242e-06 1.41681e-06 1.24391e-06 1.09124e-06 9.56561e-07 8.37854e-07 7.33321e-07 6.41349e-07 5.60499e-07 4.89486e-07 4.27165e-07 3.72516e-07
2.7751e-06 6.87827e-06 1.2905e-05 2.09947e-05 3.11971e-05 4.3475e-05 5.77104e-05 7.37151e-05 9.12416e-05 0.000109997 0.000129656 0.000149875 0.000170303 0.000190595 0.000210422 0.000229475 0.000247477 0.000264186 0.000279397 0.000292943 0.0003047 0.00031458 0.000322536 0.000328552 0.000332648 0.000334869 0.000335286 0.000333993 0.000331097 0.000326722 0.000321 0.000314068 0.00030607 0.000297148 0.000287442 0.00027709 0.000266224 0.000254968 0.000243441 0.000231749 0.000219993 0.000208262 0.000196636 0.000185187 0.000173975 0.000163053 0.000152464 0.000142246 0.000132425 0.000123024 0.000114059 0.000105538 9.74661e-05 8.98443e-05 8.26684e-05 7.59317e-05 6.96243e-05 6.37343e-05 5.82476e-05 5.31488e-05 4.84214e-05 4.40479e-05 4.00105e-05 3.62909e-05 3.28709e-05 2.97324e-05 2.68575e-05 2.42288e-05 2.18294e-05 1.96429e-05 1.76538e-05 1.58471e-05 1.42085e-05 1.27247e-05 1.1383e-05 1.01715e-05 9.07913e-06 8.09544e-06 7.21081e-06 6.41628e-06 5.70357e-06 5.06504e-06 4.49365e-06 3.98293e-06 3.52697e-06 3.12035e-06 2.75813e-06 2.4358e-06 2.14927e-06 1.89483e-06 1.6691e-06 1.46906e-06 1.29194e-06 1.13526e-06 9.96804e-07 8.74555e-07 7.66715e-07 6.71669e-07 5.87971e-07 5.14329e-07 4.49588e-07
2.15841e-06 5.46819e-06 1.04229e-05 1.71798e-05 2.58219e-05 3.63565e-05 4.87187e-05 6.27776e-05 7.83453e-05 9.51863e-05 0.00011303 0.00013158 0.000150528 0.000169563 0.000188378 0.000206684 0.000224211 0.000240716 0.000255989 0.000269852 0.000282162 0.00029281 0.000301725 0.000308864 0.00031422 0.00031781 0.000319679 0.000319891 0.000318531 0.000315699 0.000311505 0.00030607 0.000299519 0.000291981 0.000283586 0.000274463 0.000264736 0.000254526 0.000243947 0.000233107 0.000222107 0.000211037 0.00019998 0.000189013 0.000178199 0.000167598 0.000157258 0.000147222 0.000137523 0.00012819 0.000119243 0.000110698 0.000102565 9.48501e-05 8.75536e-05 8.06736e-05 7.42045e-05 6.81384e-05 6.24646e-05 5.71709e-05 5.22436e-05 4.76677e-05 4.34275e-05 3.95066e-05 3.58885e-05 3.25563e-05 2.94932e-05 2.66827e-05 2.41086e-05 2.17551e-05 1.96068e-05 1.76491e-05 1.58679e-05 1.42497e-05 1.27819e-05 1.14524e-05 1.02498e-05 9.16366e-06 8.18391e-06 7.30131e-06 6.50725e-06 5.79375e-06 5.15341e-06 4.57942e-06 4.0655e-06 3.6059e-06 3.19533e-06 2.82897e-06 2.50239e-06 2.2116e-06 1.95293e-06 1.72306e-06 1.519e-06 1.33801e-06 1.17765e-06 1.03569e-06 9.10138e-07 7.99196e-07 7.01251e-07 6.14855e-07 5.3871e-07
