0.102749 0.0599368 0.0349631 0.0203951 0.0118972 0.00694002 0.00404834 0.00236153 0.00137756 0.000803577 0.000468753 0.000273439 0.000159506 9.30454e-05 5.42765e-05 3.16613e-05 1.84691e-05 1.07736e-05 6.28462e-06 3.66603e-06 2.13852e-06 1.24747e-06 7.27689e-07 4.24485e-07 2.47616e-07 1.44443e-07 8.42584e-08 4.91507e-08 2.86713e-08 1.67249e-08 9.75619e-09 5.69111e-09 3.31982e-09 1.93656e-09 1.12966e-09 6.58968e-10 3.84398e-10 2.24232e-10 1.30802e-10 7.63012e-11 4.4509e-11 2.59636e-11 1.51454e-11 8.83484e-12 5.15366e-12 3.0063e-12 1.75367e-12 1.02298e-12 5.96736e-13 3.48096e-13 2.03056e-13 1.18449e-13 6.90955e-14 4.03057e-14 2.35117e-14 1.37151e-14 8.0005e-15 4.66696e-15 2.72239e-15 1.58806e-15 9.26369e-16 5.40382e-16 3.15223e-16 1.8388e-16 1.07263e-16 6.25703e-17 3.64993e-17 2.12913e-17 1.24199e-17 7.24495e-18 4.22622e-18 2.46529e-18 1.43809e-18 8.38885e-19 4.8935e-19 2.85454e-19 1.66515e-19 9.71336e-20 5.66613e-20 3.30524e-20 1.92806e-20 1.1247e-20 6.56075e-21 3.82711e-21 2.23248e-21 1.30228e-21 7.59663e-22 4.43137e-22 2.58496e-22 1.5079e-22 8.79606e-23 5.13103e-23 2.9931e-23 1.74598e-23 1.01849e-23 5.94117e-24 3.46568e-24 2.02165e-24 1.17929e-24 6.87922e-25 4.01288e-25
0.0599368 0.0422441 0.0288897 0.0193299 0.012721 0.00826365 0.00531225 0.00338569 0.00214233 0.00134731 0.000842873 0.000524893 0.000325564 0.000201215 0.000123969 7.61615e-05 4.66711e-05 2.85336e-05 1.7408e-05 1.06e-05 6.44313e-06 3.91004e-06 2.36925e-06 1.43363e-06 8.66364e-07 5.22926e-07 3.15276e-07 1.89881e-07 1.14247e-07 6.86759e-08 4.12461e-08 2.47516e-08 1.48417e-08 8.89291e-09 5.32476e-09 3.18616e-09 1.90529e-09 1.13866e-09 6.80107e-10 4.05998e-10 2.42239e-10 1.4446e-10 8.61082e-11 5.1303e-11 3.05528e-11 1.81877e-11 1.08225e-11 6.43741e-12 3.82764e-12 2.27508e-12 1.3518e-12 8.02937e-13 4.76773e-13 2.83014e-13 1.67948e-13 9.96356e-14 5.90926e-14 3.50376e-14 2.07693e-14 1.23084e-14 7.29241e-15 4.31955e-15 2.55803e-15 1.51452e-15 8.96501e-16 5.3056e-16 3.13927e-16 1.85711e-16 1.0984e-16 6.49534e-17 3.84029e-17 2.27012e-17 1.3417e-17 7.92852e-18 4.68441e-18 2.76725e-18 1.63446e-18 9.65233e-19 5.69936e-19 3.36478e-19 1.98621e-19 1.17228e-19 6.91802e-20 4.082e-20 2.40829e-20 1.42066e-20 8.37944e-21 4.94184e-21 2.91414e-21 1.71823e-21 1.01299e-21 5.97143e-22 3.51969e-22 2.07436e-22 1.22242e-22 7.20294e-23 4.24382e-23 2.50012e-23 1.47273e-23 8.67448e-24 5.10886e-24
0.0349631 0.0288897 0.0223234 0.0165144 0.0118462 0.00830353 0.00571618 0.00387822 0.00259983 0.00172532 0.00113513 0.000741263 0.000480902 0.00031019 0.000199049 0.00012714 8.08708e-05 5.12453e-05 3.23604e-05 2.03703e-05 1.27853e-05 8.00308e-06 4.99711e-06 3.11295e-06 1.93502e-06 1.20039e-06 7.43255e-07 4.5939e-07 2.83464e-07 1.74635e-07 1.07428e-07 6.59927e-08 4.04849e-08 2.48052e-08 1.51799e-08 9.27896e-09 5.66575e-09 3.45592e-09 2.10591e-09 1.28205e-09 7.79786e-10 4.73881e-10 2.8774e-10 1.74576e-10 1.05837e-10 6.41163e-11 3.88143e-11 2.34811e-11 1.41957e-11 8.57675e-12 5.17871e-12 3.1251e-12 1.88477e-12 1.13609e-12 6.8444e-13 4.1213e-13 2.48036e-13 1.49206e-13 8.97126e-14 5.39167e-14 3.23892e-14 1.94488e-14 1.16735e-14 7.00387e-15 4.20051e-15 2.51826e-15 1.50917e-15 9.04103e-16 5.41433e-16 3.24133e-16 1.9398e-16 1.16051e-16 6.94069e-17 4.14976e-17 2.48034e-17 1.48208e-17 8.85339e-18 5.28718e-18 3.1566e-18 1.88408e-18 1.12426e-18 6.70688e-19 4.00007e-19 2.38511e-19 1.42182e-19 8.47384e-20 5.04913e-20 3.00784e-20 1.79143e-20 1.06672e-20 6.35051e-21 3.77988e-21 2.24937e-21 1.33831e-21 7.96102e-22 4.73476e-22 2.81544e-22 1.67385e-22 9.94962e-23 5.91318e-23 3.51367e-23
0.0203951 0.0193299 0.0165144 0.0132526 0.0101917 0.00759734 0.00552912 0.00394759 0.00277448 0.00192445 0.00131992 0.000896538 0.000603799 0.000403598 0.000267974 0.000176856 0.000116087 7.58229e-05 4.93006e-05 3.1923e-05 2.05918e-05 1.32358e-05 8.47969e-06 5.41608e-06 3.44946e-06 2.19109e-06 1.3883e-06 8.77573e-07 5.53505e-07 3.48379e-07 2.18838e-07 1.37209e-07 8.58751e-08 5.36562e-08 3.34715e-08 2.08481e-08 1.29665e-08 8.05331e-09 4.99513e-09 3.09432e-09 1.91449e-09 1.18313e-09 7.30338e-10 4.50345e-10 2.77406e-10 1.70707e-10 1.04947e-10 6.44592e-11 3.95559e-11 2.42528e-11 1.48577e-11 9.09473e-12 5.56276e-12 3.39988e-12 2.07644e-12 1.26727e-12 7.72892e-13 4.71066e-13 2.86922e-13 1.74653e-13 1.06249e-13 6.45973e-14 3.92515e-14 2.38373e-14 1.44684e-14 8.77722e-15 5.32193e-15 3.22526e-15 1.95366e-15 1.18284e-15 7.15819e-16 4.32997e-16 2.61803e-16 1.58226e-16 9.5587e-17 5.77222e-17 3.48428e-17 2.10239e-17 1.26808e-17 7.64577e-18 4.60825e-18 2.77649e-18 1.67226e-18 1.00685e-18 6.0601e-19 3.6463e-19 2.19324e-19 1.31882e-19 7.92775e-20 4.76414e-20 2.86214e-20 1.71898e-20 1.03212e-20 6.19534e-21 3.71778e-21 2.23042e-21 1.33775e-21 8.02142e-22 4.8086e-22 2.88189e-22 1.72676e-22
0.0118972 0.012721 0.0118462 0.0101917 0.0083199 0.00653925 0.00499304 0.00372574 0.00272825 0.00196659 0.00139866 0.000983255 0.00068424 0.0004719 0.000322857 0.000219303 0.000147997 9.92857e-05 6.62475e-05 4.39838e-05 2.90685e-05 1.91298e-05 1.25396e-05 8.18958e-06 5.33027e-06 3.45812e-06 2.23676e-06 1.44267e-06 9.28003e-07 5.95433e-07 3.81133e-07 2.43408e-07 1.55115e-07 9.86474e-08 6.26135e-08 3.96682e-08 2.50868e-08 1.58383e-08 9.98318e-09 6.28278e-09 3.94808e-09 2.47741e-09 1.55243e-09 9.71524e-10 6.07213e-10 3.79049e-10 2.3634e-10 1.47192e-10 9.15698e-11 5.69063e-11 3.53282e-11 2.19105e-11 1.35758e-11 8.40379e-12 5.19749e-12 3.21168e-12 1.98291e-12 1.22326e-12 7.54027e-13 4.64428e-13 2.85841e-13 1.75797e-13 1.08042e-13 6.63543e-14 4.07245e-14 2.4978e-14 1.53102e-14 9.37856e-15 5.74153e-15 3.51287e-15 2.14806e-15 1.31276e-15 8.01841e-16 4.89505e-16 2.98675e-16 1.82146e-16 1.11025e-16 6.76416e-17 4.11906e-17 2.50715e-17 1.52533e-17 9.27583e-18 5.63836e-18 3.42584e-18 2.08065e-18 1.26315e-18 7.66537e-19 4.64989e-19 2.81957e-19 1.70907e-19 1.03556e-19 6.27243e-20 3.79786e-20 2.29875e-20 1.39089e-20 8.413e-21 5.08703e-21 3.07494e-21 1.85811e-21 1.12246e-21 6.7785e-22
0.00694002 0.00826365 0.00830353 0.00759734 0.00653925 0.00538762 0.00429361 0.00333275 0.00253181 0.00188903 0.00138799 0.00100641 0.000721307 0.000511692 0.000359684 0.00025076 0.000173524 0.000119267 8.14674e-05 5.53318e-05 3.73836e-05 2.51346e-05 1.68228e-05 1.12122e-05 7.44336e-06 4.92314e-06 3.24494e-06 2.13182e-06 1.39622e-06 9.11779e-07 5.9378e-07 3.85676e-07 2.49884e-07 1.6152e-07 1.04167e-07 6.70349e-08 4.30504e-08 2.7593e-08 1.76524e-08 1.12725e-08 7.18602e-09 4.57333e-09 2.90591e-09 1.84359e-09 1.16789e-09 7.38788e-10 4.66703e-10 2.94432e-10 1.85512e-10 1.1674e-10 7.33752e-11 4.60653e-11 2.88876e-11 1.80958e-11 1.13236e-11 7.07865e-12 4.42064e-12 2.75805e-12 1.71914e-12 1.0706e-12 6.66135e-13 4.14117e-13 2.5723e-13 1.5965e-13 9.9008e-14 6.13534e-14 3.7991e-14 2.35074e-14 1.45352e-14 8.98116e-15 5.54562e-15 3.422e-15 2.11023e-15 1.30048e-15 8.00963e-16 4.93013e-16 3.03283e-16 1.8646e-16 1.14573e-16 7.03618e-17 4.31875e-17 2.64941e-17 1.62449e-17 9.95554e-18 6.09813e-18 3.73352e-18 2.28472e-18 1.39748e-18 8.54398e-19 5.22131e-19 3.18939e-19 1.94737e-19 1.18852e-19 7.25077e-20 4.42165e-20 2.69533e-20 1.64236e-20 1.00036e-20 6.0909e-21 3.70719e-21 2.25553e-21
0.00404834 0.00531225 0.00571618 0.00552912 0.00499304 0.00429361 0.0035577 0.00286267 0.00224889 0.00173168 0.00131087 0.0009778 0.000720004 0.000524158 0.000377717 0.000269707 0.000190993 0.000134235 9.36939e-05 6.49831e-05 4.48067e-05 3.07274e-05 2.09659e-05 1.42382e-05 9.62687e-06 6.48215e-06 4.34777e-06 2.90552e-06 1.935e-06 1.28446e-06 8.49993e-07 5.60834e-07 3.69012e-07 2.42154e-07 1.58505e-07 1.03501e-07 6.74278e-08 4.38304e-08 2.84309e-08 1.84045e-08 1.18908e-08 7.66807e-09 4.93603e-09 3.17188e-09 2.03484e-09 1.3033e-09 8.33463e-10 5.32201e-10 3.39342e-10 2.16068e-10 1.3739e-10 8.72473e-11 5.53347e-11 3.50517e-11 2.2177e-11 1.4015e-11 8.84704e-12 5.57864e-12 3.51398e-12 2.21118e-12 1.39e-12 8.72932e-13 5.47692e-13 3.43314e-13 2.15009e-13 1.34537e-13 8.41119e-14 5.25426e-14 3.27954e-14 2.04537e-14 1.27466e-14 7.93761e-15 4.9393e-15 3.07134e-15 1.90848e-15 1.18508e-15 7.35384e-16 4.56034e-16 2.82618e-16 1.75037e-16 1.08341e-16 6.70186e-17 4.14325e-17 2.55997e-17 1.58082e-17 9.75643e-18 6.01814e-18 3.71024e-18 2.2862e-18 1.40801e-18 8.66714e-19 5.33253e-19 3.27929e-19 2.01568e-19 1.23839e-19 7.60498e-20 4.66812e-20 2.86414e-20 1.75654e-20 1.0768e-20 6.59829e-21
0.00236153 0.00338569 0.00387822 0.00394759 0.00372574 0.00333275 0.00286267 0.00238128 0.00192968 0.00152991 0.00119058 0.00091172 0.000688405 0.000513348 0.000378572 0.0002764 0.000199983 0.000143504 0.0001022 7.22811e-05 5.07937e-05 3.54824e-05 2.46497e-05 1.70361e-05 1.17174e-05 8.02278e-06 5.46976e-06 3.71423e-06 2.51259e-06 1.69363e-06 1.13773e-06 7.61825e-07 5.08557e-07 3.38497e-07 2.24678e-07 1.48734e-07 9.82097e-08 6.46906e-08 4.25123e-08 2.78751e-08 1.82383e-08 1.19085e-08 7.76008e-09 5.04713e-09 3.2766e-09 2.12339e-09 1.3737e-09 8.87229e-10 5.72116e-10 3.6835e-10 2.36803e-10 1.52014e-10 9.74479e-11 6.23834e-11 3.98834e-11 2.54659e-11 1.624e-11 1.0344e-11 6.58087e-12 4.18198e-12 2.65459e-12 1.68324e-12 1.06619e-12 6.74656e-13 4.26477e-13 2.69332e-13 1.69929e-13 1.07114e-13 6.74581e-14 4.24463e-14 2.66853e-14 1.67626e-14 1.05209e-14 6.59809e-15 4.1347e-15 2.58903e-15 1.61996e-15 1.01287e-15 6.32841e-16 3.95121e-16 2.46529e-16 1.53714e-16 9.57794e-17 5.96419e-17 3.71156e-17 2.30831e-17 1.43472e-17 8.91211e-18 5.53275e-18 3.43284e-18 2.12873e-18 1.31932e-18 8.17228e-19 5.05949e-19 3.13071e-19 1.93623e-19 1.19688e-19 7.3949e-20 4.5667e-20 2.8188e-20 1.7391e-20
0.00137756 0.00214233 0.00259983 0.00277448 0.00272825 0.00253181 0.00224889 0.00192968 0.00160974 0.00131158 0.00104741 0.000822066 0.000635476 0.000484681 0.00036526 0.000272308 0.000201037 0.000147103 0.000106765 7.69093e-05 5.50198e-05 3.91083e-05 2.76327e-05 1.94158e-05 1.35712e-05 9.43966e-06 6.5357e-06 4.50549e-06 3.09321e-06 2.11539e-06 1.44136e-06 9.78672e-07 6.62303e-07 4.46787e-07 3.00491e-07 2.01516e-07 1.34769e-07 8.98922e-08 5.98074e-08 3.96946e-08 2.62842e-08 1.73654e-08 1.14482e-08 7.53159e-09 4.945e-09 3.24046e-09 2.11952e-09 1.38384e-09 9.01942e-10 5.86867e-10 3.81235e-10 2.47264e-10 1.60127e-10 1.03544e-10 6.68588e-11 4.31109e-11 2.77604e-11 1.78523e-11 1.14658e-11 7.3549e-12 4.71218e-12 3.01547e-12 1.92748e-12 1.23067e-12 7.84904e-13 5.00071e-13 3.18271e-13 2.0236e-13 1.28536e-13 8.15652e-14 5.17105e-14 3.27532e-14 2.07271e-14 1.31052e-14 8.27898e-15 5.22572e-15 3.29579e-15 2.07695e-15 1.30783e-15 8.22888e-16 5.17375e-16 3.2505e-16 2.04071e-16 1.28028e-16 8.02653e-17 5.0287e-17 3.14844e-17 1.96993e-17 1.23176e-17 7.69715e-18 4.80691e-18 3.00012e-18 1.87134e-18 1.16658e-18 7.26818e-19 4.52578e-19 2.81657e-19 1.75191e-19 1.08911e-19 6.76709e-20 4.20251e-20
0.000803577 0.00134731 0.00172532 0.00192445 0.00196659 0.00188903 0.00173168 0.00152991 0.00131158 0.00109648 0.000897247 0.000720743 0.000569651 0.00044382 0.000341383 0.00025958 0.000195329 0.00014559 0.000107575 7.88517e-05 5.73712e-05 4.14565e-05 2.97657e-05 2.12445e-05 1.50783e-05 1.06458e-05 7.47937e-06 5.23035e-06 3.64156e-06 2.52486e-06 1.74371e-06 1.19973e-06 8.22518e-07 5.61993e-07 3.82745e-07 2.59862e-07 1.7591e-07 1.18742e-07 7.99356e-08 5.36713e-08 3.59464e-08 2.40172e-08 1.60096e-08 1.06481e-08 7.06682e-09 4.68032e-09 3.09355e-09 2.04078e-09 1.34376e-09 8.83201e-10 5.79477e-10 3.79555e-10 2.48198e-10 1.62042e-10 1.05629e-10 6.87522e-11 4.46843e-11 2.90006e-11 1.87957e-11 1.21655e-11 7.86377e-12 5.07669e-12 3.27335e-12 2.10805e-12 1.356e-12 8.71241e-13 5.59155e-13 3.5847e-13 2.29568e-13 1.46865e-13 9.38606e-14 5.99264e-14 3.82237e-14 2.43577e-14 1.55073e-14 9.86378e-15 6.26852e-15 3.98025e-15 2.52515e-15 1.60067e-15 1.01383e-15 6.41625e-16 4.05749e-16 2.5639e-16 1.6189e-16 1.02145e-16 6.44023e-17 4.05769e-17 2.55478e-17 1.60744e-17 1.0107e-17 6.35077e-18 3.98795e-18 2.50264e-18 1.56956e-18 9.83763e-19 6.1623e-19 3.8578e-19 2.4137e-19 1.50932e-19 9.43266e-20
0.000468753 0.000842873 0.00113513 0.00131992 0.00139866 0.00138799 0.00131087 0.00119058 0.00104741 0.000897247 0.000751378 0.000617005 0.000498037 0.000395944 0.000310535 0.000240593 0.000184353 0.000139842 0.000105103 7.83243e-05 5.79118e-05 4.25082e-05 3.09907e-05 2.24512e-05 1.61686e-05 1.15794e-05 8.24949e-06 5.84818e-06 4.12655e-06 2.8989e-06 2.02795e-06 1.41303e-06 9.80845e-07 6.7839e-07 4.67586e-07 3.21227e-07 2.19986e-07 1.50199e-07 1.02254e-07 6.94205e-08 4.70041e-08 3.17446e-08 2.1386e-08 1.43733e-08 9.63799e-09 6.44844e-09 4.30521e-09 2.86838e-09 1.90726e-09 1.26574e-09 8.38429e-10 5.5437e-10 3.65907e-10 2.41102e-10 1.58603e-10 1.04166e-10 6.83063e-11 4.47237e-11 2.92398e-11 1.90892e-11 1.2445e-11 8.10237e-12 5.2681e-12 3.42086e-12 2.21856e-12 1.43706e-12 9.29732e-13 6.00806e-13 3.87807e-13 2.50043e-13 1.61043e-13 1.03611e-13 6.65919e-14 4.27559e-14 2.74245e-14 1.75736e-14 1.12505e-14 7.19574e-15 4.59818e-15 2.93568e-15 1.87264e-15 1.19351e-15 7.60038e-16 4.83601e-16 3.07461e-16 1.95321e-16 1.23986e-16 7.8644e-17 4.98466e-17 3.15709e-17 1.99814e-17 1.26375e-17 7.98716e-18 5.04464e-18 3.18403e-18 2.00835e-18 1.26596e-18 7.97495e-19 5.0207e-19 3.15889e-19 1.98629e-19
0.000273439 0.000524893 0.000741263 0.000896538 0.000983255 0.00100641 0.0009778 0.00091172 0.000822066 0.000720743 0.000617005 0.000517407 0.000426111 0.000345353 0.000275928 0.000217641 0.000169677 0.000130885 9.9984e-05 7.56969e-05 5.68367e-05 4.23488e-05 3.1329e-05 2.30224e-05 1.68127e-05 1.2206e-05 8.81271e-06 6.32965e-06 4.52386e-06 3.21818e-06 2.27924e-06 1.60746e-06 1.12915e-06 7.90146e-07 5.50908e-07 3.82771e-07 2.65064e-07 1.82969e-07 1.25914e-07 8.63965e-08 5.91141e-08 4.03373e-08 2.74528e-08 1.86368e-08 1.26213e-08 8.52736e-09 5.74836e-09 3.86654e-09 2.59527e-09 1.73841e-09 1.16214e-09 7.75415e-10 5.16415e-10 3.43304e-10 2.27823e-10 1.5093e-10 9.98238e-11 6.59166e-11 4.34587e-11 2.86086e-11 1.8805e-11 1.23431e-11 8.0903e-12 5.29554e-12 3.46159e-12 2.25983e-12 1.47341e-12 9.59477e-13 6.24049e-13 4.05406e-13 2.63063e-13 1.70506e-13 1.10393e-13 7.13957e-14 4.6126e-14 2.97695e-14 1.91937e-14 1.23628e-14 7.95527e-15 5.11424e-15 3.28476e-15 2.10781e-15 1.35136e-15 8.65627e-16 5.54012e-16 3.54276e-16 2.26364e-16 1.44517e-16 9.21911e-17 5.87651e-17 3.74298e-17 2.38226e-17 1.5151e-17 9.6289e-18 6.11511e-18 3.88086e-18 2.46123e-18 1.55985e-18 9.87931e-19 6.25296e-19 3.95518e-19
0.000159506 0.000325564 0.000480902 0.000603799 0.00068424 0.000721307 0.000720004 0.000688405 0.000635476 0.000569651 0.000498037 0.000426111 0.000357733 0.000295332 0.000240192 0.00019273 0.000152768 0.000119751 9.29162e-05 7.14204e-05 5.44227e-05 4.11374e-05 3.08627e-05 2.29925e-05 1.70171e-05 1.25172e-05 9.15396e-06 6.65782e-06 4.81734e-06 3.46859e-06 2.48587e-06 1.77372e-06 1.26027e-06 8.91862e-07 6.28739e-07 4.41624e-07 3.09111e-07 2.15634e-07 1.49942e-07 1.03941e-07 7.18388e-08 4.95098e-08 3.40273e-08 2.33246e-08 1.59473e-08 1.08766e-08 7.40046e-09 5.02372e-09 3.4027e-09 2.29978e-09 1.5511e-09 1.04403e-09 7.01353e-10 4.70253e-10 3.1472e-10 2.1025e-10 1.40214e-10 9.33485e-11 6.20452e-11 4.1173e-11 2.72796e-11 1.80469e-11 1.19213e-11 7.86348e-12 5.17959e-12 3.40706e-12 2.23811e-12 1.4683e-12 9.62037e-13 6.29547e-13 4.11466e-13 2.68611e-13 1.75148e-13 1.14076e-13 7.4216e-14 4.82312e-14 3.13108e-14 2.03052e-14 1.31545e-14 8.51351e-15 5.50447e-15 3.55553e-15 2.29448e-15 1.47932e-15 9.52895e-16 6.13257e-16 3.94332e-16 2.53343e-16 1.62626e-16 1.04307e-16 6.68477e-17 4.28068e-17 2.73905e-17 1.75128e-17 1.11888e-17 7.1431e-18 4.55697e-18 2.90505e-18 1.85066e-18 1.17814e-18 7.49504e-19
9.30454e-05 0.000201215 0.00031019 0.000403598 0.0004719 0.000511692 0.000524158 0.000513348 0.000484681 0.00044382 0.000395944 0.000345353 0.000295332 0.000248176 0.000205314 0.000167481 0.000134888 0.000107381 8.45773e-05 6.59656e-05 5.09848e-05 3.90756e-05 2.97143e-05 2.24307e-05 1.68167e-05 1.25268e-05 9.27477e-06 6.8278e-06 4.99928e-06 3.64173e-06 2.63994e-06 1.9049e-06 1.36848e-06 9.78998e-07 6.97565e-07 4.95135e-07 3.50163e-07 2.46769e-07 1.7332e-07 1.21339e-07 8.46836e-08 5.8925e-08 4.08835e-08 2.82872e-08 1.95195e-08 1.34346e-08 9.22346e-09 6.31705e-09 4.31639e-09 2.94269e-09 2.00178e-09 1.35884e-09 9.20498e-10 6.22316e-10 4.19911e-10 2.82803e-10 1.90115e-10 1.27578e-10 8.54642e-11 5.71557e-11 3.81613e-11 2.54385e-11 1.69311e-11 1.12517e-11 7.4664e-12 4.94739e-12 3.27363e-12 2.16314e-12 1.42744e-12 9.40721e-13 6.19166e-13 4.07014e-13 2.67227e-13 1.75239e-13 1.14782e-13 7.50959e-14 4.90764e-14 3.2037e-14 2.08912e-14 1.36087e-14 8.85568e-15 5.75688e-15 3.73871e-15 2.42568e-15 1.57229e-15 1.01818e-15 6.58742e-16 4.2581e-16 2.75e-16 1.77449e-16 1.14404e-16 7.36966e-17 4.74347e-17 3.05066e-17 1.96041e-17 1.25881e-17 8.07683e-18 5.17838e-18 3.31761e-18 2.12392e-18 1.35876e-18
5.42765e-05 0.000123969 0.000199049 0.000267974 0.000322857 0.000359684 0.000377717 0.000378572 0.00036526 0.000341383 0.000310535 0.000275928 0.000240192 0.000205314 0.000172671 0.000143107 0.000117042 9.45724e-05 7.55739e-05 5.97783e-05 4.68396e-05 3.63812e-05 2.80281e-05 2.14288e-05 1.62667e-05 1.22655e-05 9.19026e-06 6.8451e-06 5.06971e-06 3.73479e-06 2.73745e-06 1.9968e-06 1.44987e-06 1.04815e-06 7.54577e-07 5.41064e-07 3.86485e-07 2.75059e-07 1.95071e-07 1.37877e-07 9.71366e-08 6.82209e-08 4.77689e-08 3.33514e-08 2.32204e-08 1.61232e-08 1.11661e-08 7.71354e-09 5.31555e-09 3.65441e-09 2.50664e-09 1.71555e-09 1.1716e-09 7.98456e-10 5.43052e-10 3.68619e-10 2.49737e-10 1.6888e-10 1.13996e-10 7.68132e-11 5.16698e-11 3.46986e-11 2.32638e-11 1.55726e-11 1.0408e-11 6.94575e-12 4.6284e-12 3.07977e-12 2.04642e-12 1.35793e-12 8.99859e-13 5.9553e-13 3.93619e-13 2.59839e-13 1.71316e-13 1.12817e-13 7.42056e-14 4.87529e-14 3.19944e-14 2.09734e-14 1.37339e-14 8.98378e-15 5.87046e-15 3.83215e-15 2.49907e-15 1.62813e-15 1.0597e-15 6.8907e-16 4.47654e-16 2.90554e-16 1.88418e-16 1.22078e-16 7.90275e-17 5.11152e-17 3.3034e-17 2.13312e-17 1.37633e-17 8.87328e-18 5.71621e-18 3.6796e-18 2.36682e-18
3.16613e-05 7.61615e-05 0.00012714 0.000176856 0.000219303 0.00025076 0.000269707 0.0002764 0.000272308 0.00025958 0.000240593 0.000217641 0.00019273 0.000167481 0.000143107 0.000120438 9.99746e-05 8.1953e-05 6.64114e-05 5.32499e-05 4.22804e-05 3.32666e-05 2.59536e-05 2.00885e-05 1.5434e-05 1.17755e-05 8.92553e-06 6.72354e-06 5.03522e-06 3.74998e-06 2.77813e-06 2.04786e-06 1.50238e-06 1.09719e-06 7.97809e-07 5.77714e-07 4.16679e-07 2.99389e-07 2.1433e-07 1.52899e-07 1.08708e-07 7.70383e-08 5.44245e-08 3.83329e-08 2.69207e-08 1.8853e-08 1.31673e-08 9.17218e-09 6.37303e-09 4.41724e-09 3.05438e-09 2.10713e-09 1.4504e-09 9.96184e-10 6.82772e-10 4.67004e-10 3.18787e-10 2.1719e-10 1.47693e-10 1.0025e-10 6.7925e-11 4.59431e-11 3.10224e-11 2.09128e-11 1.4075e-11 9.458e-12 6.34578e-12 4.25127e-12 2.84392e-12 1.89974e-12 1.26725e-12 8.44187e-13 5.61608e-13 3.7313e-13 2.47589e-13 1.64082e-13 1.08606e-13 7.18007e-14 4.74124e-14 3.12719e-14 2.06029e-14 1.35587e-14 8.91333e-15 5.85327e-15 3.83976e-15 2.51631e-15 1.64736e-15 1.07742e-15 7.03981e-16 4.59541e-16 2.99696e-16 1.95272e-16 1.27118e-16 8.26784e-17 5.37277e-17 3.48845e-17 2.26309e-17 1.46694e-17 9.50101e-18 6.14865e-18 3.97602e-18
1.84691e-05 4.66711e-05 8.08708e-05 0.000116087 0.000147997 0.000173524 0.000190993 0.000199983 0.000201037 0.000195329 0.000184353 0.000169677 0.000152768 0.000134888 0.000117042 9.99746e-05 8.41892e-05 6.99815e-05 5.74832e-05 4.6702e-05 3.75601e-05 2.99245e-05 2.3633e-05 1.8512e-05 1.43896e-05 1.11049e-05 8.51189e-06 6.48265e-06 4.90733e-06 3.69353e-06 2.76483e-06 2.05894e-06 1.52571e-06 1.12526e-06 8.2619e-07 6.04002e-07 4.39752e-07 3.18906e-07 2.30394e-07 1.65844e-07 1.18962e-07 8.50458e-08 6.06024e-08 4.30495e-08 3.04884e-08 2.15297e-08 1.51606e-08 1.06466e-08 7.45702e-09 5.20966e-09 3.63062e-09 2.52412e-09 1.75078e-09 1.21163e-09 8.36683e-10 5.76535e-10 3.96453e-10 2.72072e-10 1.86349e-10 1.27392e-10 8.69259e-11 5.92069e-11 4.0256e-11 2.73238e-11 1.85151e-11 1.25256e-11 8.46018e-12 5.70537e-12 3.84172e-12 2.58299e-12 1.73416e-12 1.16262e-12 7.78361e-13 5.20397e-13 3.47465e-13 2.31698e-13 1.54305e-13 1.02635e-13 6.81832e-14 4.52419e-14 2.99843e-14 1.98494e-14 1.31253e-14 8.66945e-15 5.72008e-15 3.77007e-15 2.48224e-15 1.63264e-15 1.07276e-15 7.04176e-16 4.61785e-16 3.02541e-16 1.98025e-16 1.29496e-16 8.46057e-17 5.52275e-17 3.6019e-17 2.34711e-17 1.52816e-17 9.94125e-18 6.46187e-18
1.07736e-05 2.85336e-05 5.12453e-05 7.58229e-05 9.92857e-05 0.000119267 0.000134235 0.000143504 0.000147103 0.00014559 0.000139842 0.000130885 0.000119751 0.000107381 9.45724e-05 8.1953e-05 6.99815e-05 5.89633e-05 4.9073e-05 4.03819e-05 3.28839e-05 2.6519e-05 2.11932e-05 1.67943e-05 1.32032e-05 1.03029e-05 7.98348e-06 6.14534e-06 4.70087e-06 3.57462e-06 2.70292e-06 2.03286e-06 1.52112e-06 1.13267e-06 8.39508e-07 6.19459e-07 4.55146e-07 3.33054e-07 2.4276e-07 1.76281e-07 1.27544e-07 9.19605e-08 6.60823e-08 4.7333e-08 3.37977e-08 2.40602e-08 1.70784e-08 1.20884e-08 8.53315e-09 6.0076e-09 4.21873e-09 2.95519e-09 2.06511e-09 1.43975e-09 1.00148e-09 6.95096e-10 4.8141e-10 3.32721e-10 2.2949e-10 1.57976e-10 1.08538e-10 7.4432e-11 5.09501e-11 3.48142e-11 2.37473e-11 1.61709e-11 1.09936e-11 7.46174e-12 5.05657e-12 3.42139e-12 2.31151e-12 1.55936e-12 1.05045e-12 7.06623e-13 4.74681e-13 3.18442e-13 2.13346e-13 1.4275e-13 9.5393e-14 6.36674e-14 4.24413e-14 2.8258e-14 1.87925e-14 1.24833e-14 8.28297e-15 5.48986e-15 3.63468e-15 2.40385e-15 1.58816e-15 1.04818e-15 6.91097e-16 4.5521e-16 2.99545e-16 1.96923e-16 1.29337e-16 8.48684e-17 5.56385e-17 3.64432e-17 2.38493e-17 1.55941e-17 1.01876e-17
6.28462e-06 1.7408e-05 3.23604e-05 4.93006e-05 6.62475e-05 8.14674e-05 9.36939e-05 0.0001022 0.000106765 0.000107575 0.000105103 9.9984e-05 9.29162e-05 8.45773e-05 7.55739e-05 6.64114e-05 5.74832e-05 4.9073e-05 4.13662e-05 3.44654e-05 2.84076e-05 2.31811e-05 1.87404e-05 1.50188e-05 1.19382e-05 9.41682e-06 7.37441e-06 5.73565e-06 4.43232e-06 3.40423e-06 2.59945e-06 1.97397e-06 1.49112e-06 1.12073e-06 8.38314e-07 6.24191e-07 4.62722e-07 3.41579e-07 2.51135e-07 1.83922e-07 1.34196e-07 9.75623e-08 7.06838e-08 5.10395e-08 3.67361e-08 2.63589e-08 1.88562e-08 1.34499e-08 9.56662e-09 6.786e-09 4.80089e-09 3.38779e-09 2.38468e-09 1.67454e-09 1.17313e-09 8.19982e-10 5.71875e-10 3.97982e-10 2.76385e-10 1.91549e-10 1.3249e-10 9.14625e-11 6.30209e-11 4.33437e-11 2.97569e-11 2.03934e-11 1.39524e-11 9.52972e-12 6.49836e-12 4.4242e-12 3.00739e-12 2.04118e-12 1.38333e-12 9.36135e-13 6.32601e-13 4.26889e-13 2.87677e-13 1.93604e-13 1.30122e-13 8.73437e-14 5.85549e-14 3.92065e-14 2.62197e-14 1.75137e-14 1.16849e-14 7.78704e-15 5.18361e-15 3.44678e-15 2.28942e-15 1.51906e-15 1.00686e-15 6.66682e-16 4.40992e-16 2.91415e-16 1.92384e-16 1.26885e-16 8.36075e-17 5.50397e-17 3.62002e-17 2.3788e-17 1.56178e-17
3.66603e-06 1.06e-05 2.03703e-05 3.1923e-05 4.39838e-05 5.53318e-05 6.49831e-05 7.22811e-05 7.69093e-05 7.88517e-05 7.83243e-05 7.56969e-05 7.14204e-05 6.59656e-05 5.97783e-05 5.32499e-05 4.6702e-05 4.03819e-05 3.44654e-05 2.90649e-05 2.42401e-05 2.00089e-05 1.63584e-05 1.32544e-05 1.06494e-05 8.48896e-06 6.7166e-06 5.27703e-06 4.11852e-06 3.19413e-06 2.46244e-06 1.88757e-06 1.43909e-06 1.0915e-06 8.2378e-07 6.18796e-07 4.62718e-07 3.44509e-07 2.55432e-07 1.88631e-07 1.38764e-07 1.01702e-07 7.42739e-08 5.40562e-08 3.92113e-08 2.8352e-08 2.04367e-08 1.4687e-08 1.05243e-08 7.5203e-09 5.35911e-09 3.80892e-09 2.70021e-09 1.90947e-09 1.34703e-09 9.48034e-10 6.65698e-10 4.66408e-10 3.26074e-10 2.27484e-10 1.58378e-10 1.10046e-10 7.63141e-11 5.28216e-11 3.64934e-11 2.5167e-11 1.73253e-11 1.19065e-11 8.16869e-12 5.5951e-12 3.82617e-12 2.61238e-12 1.78091e-12 1.21225e-12 8.23955e-13 5.59226e-13 3.79016e-13 2.56524e-13 1.73384e-13 1.17034e-13 7.88952e-14 5.31171e-14 3.57169e-14 2.39872e-14 1.60903e-14 1.07803e-14 7.21436e-15 4.82245e-15 3.21997e-15 2.14763e-15 1.43086e-15 9.52304e-16 6.33141e-16 4.20514e-16 2.79013e-16 1.84943e-16 1.22469e-16 8.10218e-17 5.3551e-17 3.53615e-17 2.33291e-17
2.13852e-06 6.44313e-06 1.27853e-05 2.05918e-05 2.90685e-05 3.73836e-05 4.48067e-05 5.07937e-05 5.50198e-05 5.73712e-05 5.79118e-05 5.68367e-05 5.44227e-05 5.09848e-05 4.68396e-05 4.22804e-05 3.75601e-05 3.28839e-05 2.84076e-05 2.42401e-05 2.04496e-05 1.70701e-05 1.41093e-05 1.15549e-05 9.38158e-06 7.55538e-06 6.03826e-06 4.79103e-06 3.77552e-06 2.95604e-06 2.30023e-06 1.77947e-06 1.36895e-06 1.04755e-06 7.97542e-07 6.04258e-07 4.5569e-07 3.42119e-07 2.55756e-07 1.90408e-07 1.41197e-07 1.04306e-07 7.67715e-08 5.63056e-08 4.11547e-08 2.99814e-08 2.17721e-08 1.57618e-08 1.13767e-08 8.18783e-09 5.8763e-09 4.20588e-09 3.00237e-09 2.13777e-09 1.51836e-09 1.07582e-09 7.60469e-10 5.36329e-10 3.77411e-10 2.65006e-10 1.85687e-10 1.29841e-10 9.06091e-11 6.31077e-11 4.38697e-11 3.04395e-11 2.10824e-11 1.45758e-11 1.00598e-11 6.93128e-12 4.76777e-12 3.27426e-12 2.24503e-12 1.53694e-12 1.05059e-12 7.17075e-13 4.88722e-13 3.32614e-13 2.26054e-13 1.53422e-13 1.03988e-13 7.03889e-14 4.75845e-14 3.21275e-14 2.16645e-14 1.45912e-14 9.81551e-15 6.59516e-15 4.42625e-15 2.96725e-15 1.98696e-15 1.32908e-15 8.88061e-16 5.92758e-16 3.9524e-16 2.63269e-16 1.75188e-16 1.1646e-16 7.73448e-17 5.13179e-17 3.40171e-17
1.24747e-06 3.91004e-06 8.00308e-06 1.32358e-05 1.91298e-05 2.51346e-05 3.07274e-05 3.54824e-05 3.91083e-05 4.14565e-05 4.25082e-05 4.23488e-05 4.11374e-05 3.90756e-05 3.63812e-05 3.32666e-05 2.99245e-05 2.6519e-05 2.31811e-05 2.00089e-05 1.70701e-05 1.44057e-05 1.20348e-05 9.95942e-06 8.16917e-06 6.64511e-06 5.3631e-06 4.29644e-06 3.41787e-06 2.70093e-06 2.12094e-06 1.65552e-06 1.28486e-06 9.91754e-07 7.6153e-07 5.8184e-07 4.42429e-07 3.34883e-07 2.52367e-07 1.89381e-07 1.41538e-07 1.05369e-07 7.81467e-08 5.77471e-08 4.25231e-08 3.12066e-08 2.28268e-08 1.66443e-08 1.20991e-08 8.76898e-09 6.33715e-09 4.56694e-09 3.2823e-09 2.35282e-09 1.68224e-09 1.1998e-09 8.53647e-10 6.05937e-10 4.29124e-10 3.03229e-10 2.13804e-10 1.50433e-10 1.05627e-10 7.40169e-11 5.1765e-11 3.61334e-11 2.51751e-11 1.75081e-11 1.21543e-11 8.423e-12 5.82722e-12 4.02469e-12 2.7752e-12 1.91057e-12 1.31327e-12 9.01322e-13 6.17668e-13 4.22662e-13 2.88806e-13 1.97064e-13 1.34279e-13 9.13739e-14 6.20952e-14 4.21433e-14 2.85655e-14 1.9338e-14 1.30751e-14 8.82988e-15 5.95591e-15 4.01268e-15 2.70037e-15 1.81519e-15 1.21882e-15 8.17498e-16 5.47732e-16 3.66601e-16 2.45114e-16 1.6372e-16 1.09245e-16 7.28239e-17 4.84981e-17
7.27689e-07 2.36925e-06 4.99711e-06 8.47969e-06 1.25396e-05 1.68228e-05 2.09659e-05 2.46497e-05 2.76327e-05 2.97657e-05 3.09907e-05 3.1329e-05 3.08627e-05 2.97143e-05 2.80281e-05 2.59536e-05 2.3633e-05 2.11932e-05 1.87404e-05 1.63584e-05 1.41093e-05 1.20348e-05 1.01595e-05 8.49366e-06 7.03677e-06 5.78019e-06 4.70996e-06 3.80883e-06 3.05805e-06 2.43858e-06 1.93205e-06 1.52133e-06 1.19092e-06 9.27067e-07 7.17821e-07 5.52968e-07 4.23891e-07 3.23421e-07 2.45654e-07 1.85779e-07 1.39913e-07 1.04948e-07 7.84175e-08 5.83754e-08 4.32995e-08 3.20055e-08 2.3578e-08 1.73131e-08 1.26729e-08 9.24807e-09 6.72888e-09 4.8819e-09 3.53205e-09 2.54854e-09 1.83407e-09 1.31653e-09 9.42695e-10 6.73383e-10 4.79881e-10 3.41201e-10 2.42059e-10 1.71351e-10 1.21041e-10 8.53266e-11 6.00288e-11 4.21484e-11 2.95371e-11 2.06605e-11 1.4425e-11 1.00534e-11 6.99444e-12 4.85788e-12 3.36832e-12 2.33167e-12 1.61148e-12 1.11198e-12 7.66134e-13 5.27055e-13 3.62047e-13 2.4834e-13 1.70102e-13 1.16351e-13 7.9476e-14 5.42152e-14 3.69347e-14 2.51298e-14 1.70762e-14 1.15893e-14 7.85577e-15 5.31865e-15 3.59668e-15 2.4294e-15 1.63909e-15 1.10464e-15 7.43638e-16 5.00072e-16 3.35924e-16 2.25422e-16 1.51114e-16 1.01198e-16 6.77027e-17
4.24485e-07 1.43363e-06 3.11295e-06 5.41608e-06 8.18958e-06 1.12122e-05 1.42382e-05 1.70361e-05 1.94158e-05 2.12445e-05 2.24512e-05 2.30224e-05 2.29925e-05 2.24307e-05 2.14288e-05 2.00885e-05 1.8512e-05 1.67943e-05 1.50188e-05 1.32544e-05 1.15549e-05 9.95942e-06 8.49366e-06 7.17215e-06 6.00021e-06 4.97609e-06 4.09292e-06 3.34042e-06 2.70628e-06 2.17728e-06 1.74012e-06 1.38199e-06 1.09099e-06 8.5635e-07 6.68501e-07 5.19131e-07 4.01118e-07 3.08445e-07 2.3609e-07 1.79907e-07 1.3651e-07 1.03156e-07 7.76431e-08 5.82173e-08 4.34909e-08 3.2374e-08 2.40159e-08 1.77563e-08 1.30859e-08 9.61391e-09 7.04172e-09 5.14258e-09 3.74494e-09 2.71961e-09 1.9697e-09 1.42284e-09 1.0252e-09 7.36865e-10 5.28348e-10 3.7795e-10 2.69747e-10 1.92093e-10 1.36497e-10 9.67867e-11 6.84874e-11 4.83648e-11 3.40874e-11 2.39785e-11 1.68358e-11 1.17991e-11 8.25433e-12 5.76438e-12 4.01862e-12 2.79686e-12 1.94334e-12 1.34812e-12 9.33727e-13 6.45715e-13 4.45864e-13 3.07411e-13 2.11643e-13 1.45502e-13 9.98902e-14 6.84827e-14 4.68871e-14 3.20591e-14 2.18919e-14 1.49301e-14 1.01694e-14 6.91824e-15 4.70078e-15 3.19027e-15 2.16261e-15 1.4643e-15 9.90357e-16 6.69069e-16 4.51519e-16 3.04379e-16 2.04972e-16 1.37887e-16 9.26629e-17
2.47616e-07 8.66364e-07 1.93502e-06 3.44946e-06 5.33027e-06 7.44336e-06 9.62687e-06 1.17174e-05 1.35712e-05 1.50783e-05 1.61686e-05 1.68127e-05 1.70171e-05 1.68167e-05 1.62667e-05 1.5434e-05 1.43896e-05 1.32032e-05 1.19382e-05 1.06494e-05 9.38158e-06 8.16917e-06 7.03677e-06 6.00021e-06 5.06796e-06 4.24248e-06 3.52168e-06 2.9002e-06 2.37049e-06 1.92375e-06 1.55066e-06 1.2419e-06 9.88526e-07 7.82247e-07 6.15555e-07 4.81796e-07 3.75172e-07 2.90709e-07 2.24199e-07 1.72123e-07 1.31566e-07 1.00143e-07 7.59169e-08 5.73267e-08 4.31256e-08 3.23243e-08 2.41431e-08 1.79711e-08 1.33328e-08 9.86e-09 7.2692e-09 5.34306e-09 3.91584e-09 2.86174e-09 2.08563e-09 1.51594e-09 1.099e-09 7.94715e-10 5.73264e-10 4.1253e-10 2.96169e-10 2.12146e-10 1.51622e-10 1.08131e-10 7.69514e-11 5.46496e-11 3.8733e-11 2.7398e-11 1.93429e-11 1.36303e-11 9.58719e-12 6.73124e-12 4.71774e-12 3.30084e-12 2.30559e-12 1.60776e-12 1.11933e-12 7.7805e-13 5.39984e-13 3.74191e-13 2.58915e-13 1.7889e-13 1.23421e-13 8.50321e-14 5.85026e-14 4.01955e-14 2.75805e-14 1.88998e-14 1.29347e-14 8.84106e-15 6.03552e-15 4.11525e-15 2.80258e-15 1.90637e-15 1.29525e-15 8.79037e-16 5.959e-16 4.03517e-16 2.72947e-16 1.84431e-16 1.24489e-16
1.44443e-07 5.22926e-07 1.20039e-06 2.19109e-06 3.45812e-06 4.92314e-06 6.48215e-06 8.02278e-06 9.43966e-06 1.06458e-05 1.15794e-05 1.2206e-05 1.25172e-05 1.25268e-05 1.22655e-05 1.17755e-05 1.11049e-05 1.03029e-05 9.41682e-06 8.48896e-06 7.55538e-06 6.64511e-06 5.78019e-06 4.97609e-06 4.24248e-06 3.58417e-06 3.00209e-06 2.49421e-06 2.05638e-06 1.6831e-06 1.36807e-06 1.10471e-06 8.86468e-07 7.07093e-07 5.60796e-07 4.42338e-07 3.47077e-07 2.70965e-07 2.10525e-07 1.62808e-07 1.25346e-07 9.60893e-08 7.33568e-08 5.57789e-08 4.22496e-08 3.18827e-08 2.39731e-08 1.79629e-08 1.34141e-08 9.98451e-09 7.40823e-09 5.47982e-09 4.0413e-09 2.97178e-09 2.17916e-09 1.59358e-09 1.16225e-09 8.45476e-10 6.1349e-10 4.44065e-10 3.20662e-10 2.31012e-10 1.66048e-10 1.19088e-10 8.52243e-11 6.08612e-11 4.33732e-11 3.08479e-11 2.18965e-11 1.55127e-11 1.09694e-11 7.74244e-12 5.45494e-12 3.8365e-12 2.69359e-12 1.88796e-12 1.3211e-12 9.22938e-13 6.43753e-13 4.48321e-13 3.11741e-13 2.16446e-13 1.5006e-13 1.03886e-13 7.18175e-14 4.95794e-14 3.41806e-14 2.3533e-14 1.61809e-14 1.11113e-14 7.62042e-15 5.21975e-15 3.57098e-15 2.44006e-15 1.66533e-15 1.13525e-15 7.73013e-16 5.25764e-16 3.57201e-16 2.42416e-16 1.64339e-16
8.42584e-08 3.15276e-07 7.43255e-07 1.3883e-06 2.23676e-06 3.24494e-06 4.34777e-06 5.46976e-06 6.5357e-06 7.47937e-06 8.24949e-06 8.81271e-06 9.15396e-06 9.27477e-06 9.19026e-06 8.92553e-06 8.51189e-06 7.98348e-06 7.37441e-06 6.7166e-06 6.03826e-06 5.3631e-06 4.70996e-06 4.09292e-06 3.52168e-06 3.00209e-06 2.53681e-06 2.12595e-06 1.76771e-06 1.45895e-06 1.19565e-06 9.73295e-07 7.87236e-07 6.32864e-07 5.05799e-07 4.01993e-07 3.17785e-07 2.4993e-07 1.95596e-07 1.52351e-07 1.18126e-07 9.11891e-08 7.00972e-08 5.36642e-08 4.09221e-08 3.10868e-08 2.35285e-08 1.77446e-08 1.33364e-08 9.98993e-09 7.45894e-09 5.55172e-09 4.11958e-09 3.04784e-09 2.24844e-09 1.65408e-09 1.21352e-09 8.87955e-10 6.48059e-10 4.71789e-10 3.42625e-10 2.4823e-10 1.79424e-10 1.29396e-10 9.31111e-11 6.68564e-11 4.79037e-11 3.4253e-11 2.4443e-11 1.74082e-11 1.23743e-11 8.77941e-12 6.21744e-12 4.39516e-12 3.10149e-12 2.18482e-12 1.53647e-12 1.07873e-12 7.56129e-13 5.29159e-13 3.69741e-13 2.57954e-13 1.79695e-13 1.24993e-13 8.68178e-14 6.02163e-14 4.17074e-14 2.88481e-14 1.99268e-14 1.37462e-14 9.47029e-15 6.51613e-15 4.47786e-15 3.07338e-15 2.10686e-15 1.44257e-15 9.86566e-16 6.73931e-16 4.59845e-16 3.13417e-16 2.1338e-16
4.91507e-08 1.89881e-07 4.5939e-07 8.77573e-07 1.44267e-06 2.13182e-06 2.90552e-06 3.71423e-06 4.50549e-06 5.23035e-06 5.84818e-06 6.32965e-06 6.65782e-06 6.8278e-06 6.8451e-06 6.72354e-06 6.48265e-06 6.14534e-06 5.73565e-06 5.27703e-06 4.79103e-06 4.29644e-06 3.80883e-06 3.34042e-06 2.9002e-06 2.49421e-06 2.12595e-06 1.79682e-06 1.50655e-06 1.25363e-06 1.03568e-06 8.49775e-07 6.92702e-07 5.61153e-07 4.51886e-07 3.61826e-07 2.88137e-07 2.28256e-07 1.79912e-07 1.41123e-07 1.10183e-07 8.56422e-08 6.62802e-08 5.10824e-08 3.92113e-08 2.99822e-08 2.28393e-08 1.7335e-08 1.3111e-08 9.8825e-09 7.4244e-09 5.55985e-09 4.15062e-09 3.08922e-09 2.2925e-09 1.69641e-09 1.25182e-09 9.21263e-10 6.76209e-10 4.95068e-10 3.61547e-10 2.63395e-10 1.91434e-10 1.38811e-10 1.00427e-10 7.24963e-11 5.22212e-11 3.75373e-11 2.69269e-11 1.92768e-11 1.37731e-11 9.82181e-12 6.99092e-12 4.9668e-12 3.52238e-12 2.49361e-12 1.76226e-12 1.24329e-12 8.75703e-13 6.1579e-13 4.32329e-13 3.03052e-13 2.12105e-13 1.48228e-13 1.03435e-13 7.20733e-14 5.01489e-14 3.4845e-14 2.4178e-14 1.67539e-14 1.1594e-14 8.0128e-15 5.53068e-15 3.81263e-15 2.62502e-15 1.80514e-15 1.23984e-15 8.50573e-16 5.82843e-16 3.98929e-16 2.72741e-16
2.86713e-08 1.14247e-07 2.83464e-07 5.53505e-07 9.28003e-07 1.39622e-06 1.935e-06 2.51259e-06 3.09321e-06 3.64156e-06 4.12655e-06 4.52386e-06 4.81734e-06 4.99928e-06 5.06971e-06 5.03522e-06 4.90733e-06 4.70087e-06 4.43232e-06 4.11852e-06 3.77552e-06 3.41787e-06 3.05805e-06 2.70628e-06 2.37049e-06 2.05638e-06 1.76771e-06 1.50655e-06 1.27355e-06 1.0683e-06 8.89573e-07 7.35592e-07 6.04229e-07 4.93182e-07 4.00106e-07 3.22716e-07 2.58849e-07 2.06516e-07 1.63921e-07 1.29471e-07 1.01778e-07 7.96432e-08 6.20487e-08 4.81362e-08 3.71903e-08 2.86198e-08 2.19402e-08 1.67573e-08 1.27528e-08 9.67164e-09 7.31019e-09 5.50728e-09 4.13586e-09 3.09639e-09 2.31124e-09 1.72016e-09 1.27662e-09 9.44836e-10 6.97407e-10 5.1343e-10 3.77024e-10 2.76171e-10 2.01807e-10 1.47119e-10 1.07004e-10 7.76518e-11 5.62276e-11 4.0627e-11 2.92933e-11 2.10781e-11 1.51364e-11 1.08483e-11 7.76004e-12 5.54053e-12 3.94856e-12 2.80895e-12 1.99472e-12 1.41406e-12 1.00073e-12 7.07045e-13 4.98732e-13 3.51231e-13 2.46966e-13 1.73385e-13 1.21544e-13 8.50762e-14 5.94636e-14 4.15025e-14 2.89259e-14 2.01326e-14 1.39934e-14 9.71336e-15 6.73358e-15 4.66191e-15 3.22352e-15 2.22617e-15 1.53551e-15 1.05785e-15 7.27912e-16 5.00297e-16 3.43461e-16
1.67249e-08 6.86759e-08 1.74635e-07 3.48379e-07 5.95433e-07 9.11779e-07 1.28446e-06 1.69363e-06 2.11539e-06 2.52486e-06 2.8989e-06 3.21818e-06 3.46859e-06 3.64173e-06 3.73479e-06 3.74998e-06 3.69353e-06 3.57462e-06 3.40423e-06 3.19413e-06 2.95604e-06 2.70093e-06 2.43858e-06 2.17728e-06 1.92375e-06 1.6831e-06 1.45895e-06 1.25363e-06 1.0683e-06 9.03234e-07 7.57988e-07 6.31591e-07 5.22715e-07 4.29818e-07 3.51252e-07 2.85353e-07 2.30506e-07 1.85192e-07 1.4801e-07 1.17702e-07 9.3148e-08 7.33744e-08 5.75397e-08 4.49274e-08 3.49334e-08 2.7053e-08 2.08688e-08 1.60375e-08 1.22797e-08 9.36913e-09 7.12392e-09 5.39872e-09 4.07809e-09 3.07085e-09 2.30534e-09 1.72552e-09 1.28781e-09 9.58437e-10 7.11356e-10 5.26566e-10 3.88768e-10 2.86305e-10 2.10327e-10 1.5414e-10 1.12698e-10 8.22089e-11 5.98341e-11 4.34537e-11 3.14902e-11 2.27728e-11 1.64349e-11 1.18372e-11 8.50904e-12 6.10491e-12 4.37182e-12 3.12498e-12 2.22972e-12 1.58813e-12 1.1292e-12 8.0153e-13 5.67997e-13 4.0185e-13 2.83849e-13 2.00184e-13 1.40962e-13 9.91097e-14 6.95803e-14 4.87778e-14 3.41458e-14 2.38693e-14 1.66626e-14 1.16159e-14 8.08694e-15 5.6227e-15 3.90431e-15 2.70764e-15 1.87541e-15 1.29738e-15 8.96417e-16 6.18639e-16 4.26438e-16
9.75619e-09 4.12461e-08 1.07428e-07 2.18838e-07 3.81133e-07 5.9378e-07 8.49993e-07 1.13773e-06 1.44136e-06 1.74371e-06 2.02795e-06 2.27924e-06 2.48587e-06 2.63994e-06 2.73745e-06 2.77813e-06 2.76483e-06 2.70292e-06 2.59945e-06 2.46244e-06 2.30023e-06 2.12094e-06 1.93205e-06 1.74012e-06 1.55066e-06 1.36807e-06 1.19565e-06 1.03568e-06 8.89573e-07 7.57988e-07 6.40974e-07 5.38116e-07 4.48658e-07 3.71617e-07 3.05874e-07 2.50249e-07 2.03563e-07 1.64671e-07 1.32504e-07 1.06077e-07 8.4504e-08 6.70002e-08 5.28801e-08 4.15523e-08 3.25125e-08 2.5335e-08 1.96637e-08 1.52033e-08 1.1711e-08 8.98841e-09 6.87467e-09 5.24018e-09 3.98116e-09 3.01497e-09 2.27618e-09 1.71323e-09 1.28573e-09 9.62139e-10 7.17988e-10 5.34339e-10 3.96615e-10 2.9363e-10 2.1684e-10 1.5974e-10 1.17394e-10 8.60726e-11 6.29639e-11 4.59567e-11 3.34703e-11 2.43245e-11 1.7641e-11 1.27678e-11 9.22236e-12 6.64844e-12 4.78373e-12 3.43558e-12 2.46284e-12 1.76234e-12 1.25887e-12 8.97675e-13 6.39031e-13 4.54153e-13 3.22237e-13 2.28272e-13 1.61454e-13 1.14018e-13 8.03973e-14 5.66062e-14 3.97971e-14 2.79394e-14 1.9587e-14 1.37126e-14 9.58687e-15 6.6935e-15 4.66721e-15 3.25012e-15 2.26041e-15 1.57011e-15 1.08928e-15 7.54775e-16 5.2237e-16
5.69111e-09 2.47516e-08 6.59927e-08 1.37209e-07 2.43408e-07 3.85676e-07 5.60834e-07 7.61825e-07 9.78672e-07 1.19973e-06 1.41303e-06 1.60746e-06 1.77372e-06 1.9049e-06 1.9968e-06 2.04786e-06 2.05894e-06 2.03286e-06 1.97397e-06 1.88757e-06 1.77947e-06 1.65552e-06 1.52133e-06 1.38199e-06 1.2419e-06 1.10471e-06 9.73295e-07 8.49775e-07 7.35592e-07 6.31591e-07 5.38116e-07 4.55114e-07 3.82223e-07 3.18865e-07 2.64311e-07 2.17753e-07 1.78347e-07 1.45251e-07 1.17659e-07 9.48139e-08 7.60233e-08 6.06637e-08 4.8183e-08 3.80989e-08 2.99951e-08 2.35165e-08 1.83628e-08 1.42826e-08 1.10669e-08 8.54381e-09 6.5725e-09 5.03859e-09 3.84974e-09 2.93183e-09 2.22572e-09 1.68449e-09 1.27105e-09 9.56301e-10 7.17453e-10 5.36775e-10 4.00518e-10 2.98066e-10 2.21253e-10 1.63826e-10 1.21009e-10 8.91696e-11 6.55552e-11 4.80852e-11 3.51926e-11 2.57009e-11 1.87294e-11 1.36206e-11 9.88521e-12 7.15998e-12 5.17597e-12 3.7346e-12 2.68957e-12 1.93342e-12 1.38737e-12 9.93783e-13 7.10627e-13 5.07291e-13 3.61535e-13 2.57239e-13 1.82737e-13 1.29609e-13 9.17855e-14 6.49016e-14 4.58237e-14 3.23065e-14 2.27439e-14 1.59892e-14 1.1225e-14 7.86962e-15 5.50982e-15 3.85254e-15 2.69026e-15 1.87623e-15 1.30686e-15 9.09155e-16 6.31708e-16
3.31982e-09 1.48417e-08 4.04849e-08 8.58751e-08 1.55115e-07 2.49884e-07 3.69012e-07 5.08557e-07 6.62303e-07 8.22518e-07 9.80845e-07 1.12915e-06 1.26027e-06 1.36848e-06 1.44987e-06 1.50238e-06 1.52571e-06 1.52112e-06 1.49112e-06 1.43909e-06 1.36895e-06 1.28486e-06 1.19092e-06 1.09099e-06 9.88526e-07 8.86468e-07 7.87236e-07 6.92702e-07 6.04229e-07 5.22715e-07 4.48658e-07 3.82223e-07 3.23313e-07 2.71627e-07 2.26723e-07 1.88069e-07 1.55076e-07 1.27141e-07 1.03667e-07 8.40816e-08 6.78502e-08 5.44846e-08 4.35457e-08 3.46448e-08 2.74422e-08 2.16448e-08 1.7002e-08 1.33021e-08 1.03673e-08 8.0499e-09 6.2279e-09 4.80138e-09 3.68901e-09 2.82498e-09 2.15636e-09 1.64085e-09 1.24478e-09 9.41525e-10 7.10095e-10 5.34048e-10 4.00548e-10 2.99619e-10 2.23539e-10 1.66354e-10 1.23491e-10 9.14503e-11 6.75629e-11 4.97998e-11 3.6624e-11 2.68748e-11 1.96782e-11 1.43783e-11 1.04841e-11 7.62917e-12 5.54066e-12 4.01608e-12 2.90547e-12 2.09808e-12 1.51228e-12 1.08809e-12 7.81513e-13 5.60348e-13 4.01093e-13 2.86624e-13 2.0449e-13 1.45659e-13 1.03591e-13 7.35586e-14 5.21542e-14 3.69231e-14 2.61019e-14 1.84256e-14 1.29885e-14 9.14301e-15 6.42729e-15 4.51214e-15 3.16346e-15 2.21502e-15 1.54895e-15 1.0818e-15 7.54609e-16
