0.388851 0.0981205 0.0410961 0.0184732 0.0076796 0.00291087 0.00102539 0.000342367 0.000109971 3.43381e-05 1.04985e-05 3.15873e-06 9.38608e-07 2.76154e-07 8.0599e-08 2.33685e-08 6.73782e-09 1.93357e-09 5.52634e-10 1.57392e-10 4.46874e-11 1.26531e-11 3.57394e-12 1.00727e-12 2.83325e-13 7.95509e-14 2.22994e-14 6.24134e-15 1.74385e-15 4.84405e-16 1.35069e-16
0.0981205 0.0310434 0.0135005 0.00438769 0.00127323 0.000351073 9.45362e-05 2.51875e-05 6.6825e-06 1.77096e-06 4.69492e-07 1.24587e-07 3.31008e-08 8.80524e-09 2.34507e-09 6.25237e-10 1.66864e-10 4.45724e-11 1.19156e-11 3.18771e-12 8.53338e-13 2.28568e-13 6.12541e-14 1.64233e-14 4.40527e-15 1.1821e-15 3.17305e-16 8.51764e-17 2.27939e-17 5.86127e-18 1.57558e-18
0.0410961 0.0135005 0.00366678 0.000995656 0.000265639 7.00359e-05 1.837e-05 4.81409e-06 1.26326e-06 3.32238e-07 8.75964e-08 2.31509e-08 6.13197e-09 1.62732e-09 4.32596e-10 1.15167e-10 3.06996e-11 8.19257e-12 2.18842e-12 5.85079e-13 1.5654e-13 4.19112e-14 1.12278e-14 3.00946e-15 8.07032e-16 2.16509e-16 5.80975e-17 1.55646e-17 4.07889e-18 1.09133e-18 2.93369e-19
0.0184732 0.00438769 0.000995656 0.000242327 6.06601e-05 1.53922e-05 3.94081e-06 1.01625e-06 2.63694e-07 6.87857e-08 1.80237e-08 4.74055e-09 1.25079e-09 3.30891e-10 8.77307e-11 2.33042e-11 6.2003e-12 1.65191e-12 4.4063e-13 1.17655e-13 3.14438e-14 8.41015e-15 2.25101e-15 6.02864e-16 1.61548e-16 4.33069e-17 1.16021e-17 3.07254e-18 8.23153e-19 2.20187e-19 5.91665e-20
0.0076796 0.00127323 0.000265639 6.06601e-05 1.45496e-05 3.58977e-06 9.01916e-07 2.29544e-07 5.89928e-08 1.52769e-08 3.98011e-09 1.042e-09 2.73873e-10 7.22169e-11 1.90937e-11 5.05961e-12 1.34327e-12 3.572e-13 9.51172e-14 2.53587e-14 6.76781e-15 1.80787e-15 4.83322e-16 1.29305e-16 3.46137e-17 9.26582e-18 2.46665e-18 6.60515e-19 1.76876e-19 4.72901e-20 1.26992e-20
0.00291087 0.000351073 7.00359e-05 1.53922e-05 3.58977e-06 8.68454e-07 2.15191e-07 5.42171e-08 1.38275e-08 3.55928e-09 9.22772e-10 2.40595e-10 6.30164e-11 1.65663e-11 4.3684e-12 1.15484e-12 3.05948e-13 8.12015e-14 2.15853e-14 5.74563e-15 1.53118e-15 4.08474e-16 1.09068e-16 2.91451e-17 7.79155e-18 2.07814e-18 5.55976e-19 1.48785e-19 3.98176e-20 1.06393e-20 2.85494e-21
0.00102539 9.45362e-05 1.837e-05 3.94081e-06 9.01916e-07 2.15191e-07 5.27795e-08 1.31953e-08 3.34497e-09 8.56776e-10 2.2121e-10 5.74725e-11 1.50067e-11 3.93436e-12 1.03493e-12 2.72996e-13 7.21805e-14 1.91226e-14 5.07481e-15 1.34876e-15 3.58931e-16 9.56265e-17 2.55021e-17 6.80608e-18 1.81531e-18 4.85057e-19 1.29671e-19 3.46764e-20 9.27362e-21 2.47633e-21 6.63985e-22
0.000342367 2.51875e-05 4.81409e-06 1.01625e-06 2.29544e-07 5.42171e-08 1.31953e-08 3.27901e-09 8.27141e-10 2.10995e-10 5.42849e-11 1.40604e-11 3.66133e-12 9.57557e-13 2.51329e-13 6.61632e-14 1.74615e-14 4.61825e-15 1.2237e-15 3.24762e-16 8.63098e-17 2.2966e-17 6.11719e-18 1.62985e-18 4.3484e-19 1.16093e-19 3.10107e-20 8.28662e-21 2.21455e-21 5.9097e-22 1.5834e-22
0.000109971 6.6825e-06 1.26326e-06 2.63694e-07 5.89928e-08 1.38275e-08 3.34497e-09 8.27141e-10 2.07797e-10 5.28214e-11 1.35484e-11 3.49969e-12 9.09103e-13 2.37237e-13 6.21428e-14 1.63293e-14 4.30228e-15 1.13611e-15 3.006e-16 7.96704e-17 2.1147e-17 5.62025e-18 1.49496e-18 3.98147e-19 1.06129e-19 2.83104e-20 7.55636e-21 2.01771e-21 5.38849e-22 1.43706e-22 3.84761e-23
3.43381e-05 1.77096e-06 3.32238e-07 6.87857e-08 1.52769e-08 3.55928e-09 8.56776e-10 2.10995e-10 5.28214e-11 1.33862e-11 3.42422e-12 8.82366e-13 2.28707e-13 5.95638e-14 1.55738e-14 4.08545e-15 1.07473e-15 2.83395e-16 7.48828e-17 1.98221e-17 5.25521e-18 1.39498e-18 3.70782e-19 9.86579e-20 2.62753e-20 7.00335e-21 1.86785e-21 4.98403e-22 1.33015e-22 3.54528e-23 9.48577e-24
1.04985e-05 4.69492e-07 8.75964e-08 1.80237e-08 3.98011e-09 9.22772e-10 2.2121e-10 5.42849e-11 1.35484e-11 3.42422e-12 8.73809e-13 2.24674e-13 5.81192e-14 1.51088e-14 3.94379e-15 1.03297e-15 2.71344e-16 7.14557e-17 1.88576e-17 4.98594e-18 1.32035e-18 3.50173e-19 9.29881e-20 2.47206e-20 6.57834e-21 1.75202e-21 4.66939e-22 1.2451e-22 3.32084e-23 8.84614e-24 2.36537e-24
3.15873e-06 1.24587e-07 2.31509e-08 4.74055e-09 1.042e-09 2.40595e-10 5.74725e-11 1.40604e-11 3.49969e-12 8.82366e-13 2.24674e-13 5.76535e-14 1.48868e-14 3.86353e-15 1.00693e-15 2.63359e-16 6.90886e-17 1.81713e-17 4.78997e-18 1.26506e-18 3.34688e-19 8.86796e-20 2.3528e-20 6.24965e-21 1.66178e-21 4.42259e-22 1.17787e-22 3.13878e-23 8.36649e-24 2.2275e-24 5.95252e-25
9.38608e-07 3.31008e-08 6.13197e-09 1.25079e-09 2.73873e-10 6.30164e-11 1.50067e-11 3.66133e-12 9.09103e-13 2.28707e-13 5.81192e-14 1.48868e-14 3.83751e-15 9.94403e-16 2.58795e-16 6.75976e-17 1.77114e-17 4.65299e-18 1.22519e-18 3.23264e-19 8.54434e-20 2.26192e-20 5.99621e-21 1.5915e-21 4.22866e-22 1.12461e-22 2.99324e-23 7.97146e-24 2.12359e-24 5.65098e-25 1.50925e-25
2.76154e-07 8.80524e-09 1.62732e-09 3.30891e-10 7.22169e-11 1.65663e-11 3.93436e-12 9.57557e-13 2.37237e-13 5.95638e-14 1.51088e-14 3.86353e-15 9.94403e-16 2.57309e-16 6.68765e-17 1.74468e-17 4.56602e-18 1.19824e-18 3.15202e-19 8.3087e-20 2.19417e-20 5.80373e-21 1.53732e-21 4.0773e-22 1.08259e-22 2.87726e-23 7.65328e-24 2.037e-24 5.42358e-25 1.44255e-25 3.85064e-26
8.0599e-08 2.34507e-09 4.32596e-10 8.77307e-11 1.90937e-11 4.3684e-12 1.03493e-12 2.51329e-13 6.21428e-14 1.55738e-14 3.94379e-15 1.00693e-15 2.58795e-16 6.68765e-17 1.73603e-17 4.52377e-18 1.18265e-18 3.10049e-19 8.14828e-20 2.14598e-20 5.66242e-21 1.49657e-21 3.96126e-22 1.04987e-22 2.78575e-23 7.39919e-24 1.96696e-24 5.23237e-25 1.39242e-25 3.70181e-26 9.87631e-27
2.33685e-08 6.25237e-10 1.15167e-10 2.33042e-11 5.05961e-12 1.15484e-12 2.72996e-13 6.61632e-14 1.63293e-14 4.08545e-15 1.03297e-15 2.63359e-16 6.75976e-17 1.74468e-17 4.52377e-18 1.17754e-18 3.07537e-19 8.055e-20 2.11503e-20 5.56566e-21 1.46741e-21 3.87548e-22 1.02508e-22 2.71501e-23 7.19953e-24 1.91113e-24 5.07759e-25 1.34999e-25 3.59076e-26 9.54205e-27 2.54455e-27
6.73782e-09 1.66864e-10 3.06996e-11 6.2003e-12 1.34327e-12 3.05948e-13 7.21805e-14 1.74615e-14 4.30228e-15 1.07473e-15 2.71344e-16 6.90886e-17 1.77114e-17 4.56602e-18 1.18265e-18 3.07537e-19 8.02439e-20 2.09989e-20 5.50919e-21 1.4486e-21 3.81646e-22 1.00723e-22 2.6624e-23 7.04719e-24 1.86762e-24 4.95484e-25 1.31573e-25 3.49639e-26 9.29547e-27 2.46914e-27 6.58134e-28
1.93357e-09 4.45724e-11 8.19257e-12 1.65191e-12 3.572e-13 8.12015e-14 1.91226e-14 4.61825e-15 1.13611e-15 2.83395e-16 7.14557e-17 1.81713e-17 4.65299e-18 1.19824e-18 3.10049e-19 8.055e-20 2.09989e-20 5.49062e-21 1.43937e-21 3.7819e-22 9.95679e-23 2.62604e-23 6.937e-24 1.83508e-24 4.86052e-25 1.28881e-25 3.42063e-26 9.08555e-27 2.41439e-27 6.41075e-28 1.70799e-28
5.52634e-10 1.19156e-11 2.18842e-12 4.4063e-13 9.51172e-14 2.15853e-14 5.07481e-15 1.2237e-15 3.006e-16 7.48828e-17 1.88576e-17 4.78997e-18 1.22519e-18 3.15202e-19 8.14828e-20 2.11503e-20 5.50919e-21 1.43937e-21 3.77052e-22 9.90001e-23 2.6047e-23 6.86541e-24 1.8125e-24 4.79198e-25 1.26855e-25 3.36196e-26 8.91864e-27 2.3678e-27 6.28947e-28 1.66936e-28 4.44573e-29
1.57392e-10 3.18771e-12 5.85079e-13 1.17655e-13 2.53587e-14 5.74563e-15 1.34876e-15 3.24762e-16 7.96704e-17 1.98221e-17 4.98594e-18 1.26506e-18 3.23264e-19 8.3087e-20 2.14598e-20 5.56566e-21 1.4486e-21 3.7819e-22 9.90001e-23 2.59766e-23 6.83016e-24 1.79921e-24 4.74729e-25 1.25444e-25 3.3191e-26 8.79209e-27 2.33129e-27 6.18661e-28 1.64264e-28 4.35834e-29 1.16022e-29
4.46874e-11 8.53338e-13 1.5654e-13 3.14438e-14 6.76781e-15 1.53118e-15 3.58931e-16 8.63098e-17 2.1147e-17 5.25521e-18 1.32035e-18 3.34688e-19 8.54434e-20 2.19417e-20 5.66242e-21 1.46741e-21 3.81646e-22 9.95679e-23 2.6047e-23 6.83016e-24 1.79482e-24 4.72525e-25 1.24611e-25 3.29105e-26 8.70348e-27 2.30443e-27 6.10766e-28 1.62013e-28 4.29999e-29 1.1405e-29 3.0349e-30
1.26531e-11 2.28568e-13 4.19112e-14 8.41015e-15 1.80787e-15 4.08474e-16 9.56265e-17 2.2966e-17 5.62025e-18 1.39498e-18 3.50173e-19 8.86796e-20 2.26192e-20 5.80373e-21 1.49657e-21 3.87548e-22 1.00723e-22 2.62604e-23 6.86541e-24 1.79921e-24 4.72525e-25 1.24335e-25 3.27719e-26 8.65103e-27 2.28677e-27 6.05201e-28 1.60335e-28 4.25135e-29 1.12793e-29 2.99063e-30 7.95519e-31
3.57394e-12 6.12541e-14 1.12278e-14 2.25101e-15 4.83322e-16 1.09068e-16 2.55021e-17 6.11719e-18 1.49496e-18 3.70782e-19 9.29881e-20 2.3528e-20 5.99621e-21 1.53732e-21 3.96126e-22 1.02508e-22 2.6624e-23 6.937e-24 1.8125e-24 4.74729e-25 1.24611e-25 3.27719e-26 8.63367e-27 2.27802e-27 6.01893e-28 1.59225e-28 4.2166e-29 1.11762e-29 2.96409e-30 7.85657e-31 2.08913e-31
1.00727e-12 1.64233e-14 3.00946e-15 6.02864e-16 1.29305e-16 2.91451e-17 6.80608e-18 1.62985e-18 3.98147e-19 9.86579e-20 2.47206e-20 6.24965e-21 1.5915e-21 4.0773e-22 1.04987e-22 2.71501e-23 7.04719e-24 1.83508e-24 4.79198e-25 1.25444e-25 3.29105e-26 8.65103e-27 2.27802e-27 6.00796e-28 1.58673e-28 4.19582e-29 1.11071e-29 2.94287e-30 7.80219e-31 2.0674e-31 5.49552e-32
2.83325e-13 4.40527e-15 8.07032e-16 1.61548e-16 3.46137e-17 7.79155e-18 1.81531e-18 4.3484e-19 1.06129e-19 2.62753e-20 6.57834e-21 1.66178e-21 4.22866e-22 1.08259e-22 2.78575e-23 7.19953e-24 1.86762e-24 4.86052e-25 1.26855e-25 3.3191e-26 8.70348e-27 2.28677e-27 6.01893e-28 1.58673e-28 4.18891e-29 1.10725e-29 2.92998e-30 7.76038e-31 2.05676e-31 5.44832e-32 1.44779e-32
7.95509e-14 1.1821e-15 2.16509e-16 4.33069e-17 9.26582e-18 2.07814e-18 4.85057e-19 1.16093e-19 2.83104e-20 7.00335e-21 1.75202e-21 4.42259e-22 1.12461e-22 2.87726e-23 7.39919e-24 1.91113e-24 4.95484e-25 1.28881e-25 3.36196e-26 8.79209e-27 2.30443e-27 6.05201e-28 1.59225e-28 4.19582e-29 1.10725e-29 2.92568e-30 7.73913e-31 2.04909e-31 5.42904e-32 1.43774e-32 3.8193e-33
2.22994e-14 3.17305e-16 5.80975e-17 1.16021e-17 2.46665e-18 5.55976e-19 1.29671e-19 3.10107e-20 7.55636e-21 1.86785e-21 4.66939e-22 1.17787e-22 2.99324e-23 7.65328e-24 1.96696e-24 5.07759e-25 1.31573e-25 3.42063e-26 8.91864e-27 2.33129e-27 6.10766e-28 1.60335e-28 4.2166e-29 1.11071e-29 2.92998e-30 7.73913e-31 2.04649e-31 5.41674e-32 1.43472e-32 3.79842e-33 1.00873e-33
6.24134e-15 8.51764e-17 1.55646e-17 3.07254e-18 6.60515e-19 1.48785e-19 3.46764e-20 8.28662e-21 2.01771e-21 4.98403e-22 1.2451e-22 3.13878e-23 7.97146e-24 2.037e-24 5.23237e-25 1.34999e-25 3.49639e-26 9.08555e-27 2.3678e-27 6.18661e-28 1.62013e-28 4.25135e-29 1.11762e-29 2.94287e-30 7.76038e-31 2.04909e-31 5.41674e-32 1.43328e-32 3.79518e-33 1.00452e-33 2.6669e-34
1.74385e-15 2.27939e-17 4.07889e-18 8.23153e-19 1.76876e-19 3.98176e-20 9.27362e-21 2.21455e-21 5.38849e-22 1.33015e-22 3.32084e-23 8.36649e-24 2.12359e-24 5.42358e-25 1.39242e-25 3.59076e-26 9.29547e-27 2.41439e-27 6.28947e-28 1.64264e-28 4.29999e-29 1.12793e-29 2.96409e-30 7.80219e-31 2.05676e-31 5.42904e-32 1.43472e-32 3.79518e-33 1.00465e-33 2.65847e-34 7.05604e-35
4.84405e-16 5.86127e-18 1.09133e-18 2.20187e-19 4.72901e-20 1.06393e-20 2.47633e-21 5.9097e-22 1.43706e-22 3.54528e-23 8.84614e-24 2.2275e-24 5.65098e-25 1.44255e-25 3.70181e-26 9.54205e-27 2.46914e-27 6.41075e-28 1.66936e-28 4.35834e-29 1.1405e-29 2.99063e-30 7.85657e-31 2.0674e-31 5.44832e-32 1.43774e-32 3.79842e-33 1.00452e-33 2.65847e-34 7.03323e-35 1.86629e-35
1.35069e-16 1.57558e-18 2.93369e-19 5.91665e-20 1.26992e-20 2.85494e-21 6.63985e-22 1.5834e-22 3.84761e-23 9.48577e-24 2.36537e-24 5.95252e-25 1.50925e-25 3.85064e-26 9.87631e-27 2.54455e-27 6.58134e-28 1.70799e-28 4.44573e-29 1.16022e-29 3.0349e-30 7.95519e-31 2.08913e-31 5.49552e-32 1.44779e-32 3.8193e-33 1.00873e-33 2.6669e-34 7.05604e-35 1.86629e-35 4.95092e-36
