0.944679 0.0263169 0.000733139 2.04238e-05 5.68968e-07 1.58504e-08 4.4156e-10 1.2301e-11 3.42683e-13 9.54647e-15 2.65946e-16 7.40875e-18 2.06393e-19 5.74972e-21 1.60176e-22 4.4622e-24 1.24308e-25 3.46298e-27 9.6472e-29 2.68752e-30 7.48692e-32 2.08571e-33 5.81039e-35 1.61866e-36 4.50928e-38 1.2562e-39 3.49952e-41 9.749e-43 2.71588e-44 7.56592e-46 2.10772e-47 5.8717e-49 1.63574e-50 4.55686e-52 1.26945e-53 3.53645e-55 9.85187e-57 2.74454e-58 7.64576e-60 2.12996e-61 5.93366e-63 1.653e-64 4.60494e-66 1.28285e-67 3.57377e-69 9.95582e-71 2.7735e-72 7.72643e-74 2.15243e-75 5.99627e-77 1.67044e-78 4.65353e-80 1.29638e-81 3.61148e-83 1.00609e-84 2.80276e-86 7.80796e-88 2.17515e-89 6.05954e-91 1.68807e-92 4.70264e-94 1.31006e-95 3.64958e-97 1.0167e-98 2.83234e-100 7.89035e-102 2.1981e-103 6.12348e-105 1.70588e-106 4.75226e-108 1.32389e-109 3.68809e-111 1.02743e-112 2.86222e-114 7.9736e-116 2.22129e-117 6.18809e-119 1.72388e-120 4.8024e-122 1.33786e-123 3.72701e-125 1.03827e-126 2.89243e-128 8.05774e-130 2.24473e-131 6.25338e-133 1.74207e-134 4.85307e-136 1.35197e-137 3.76633e-139 1.04923e-140 2.92295e-142 8.14276e-144 2.26842e-145 6.31937e-147 1.76045e-148 4.90428e-150 1.36624e-151 3.80608e-153 1.0603e-154 2.95379e-156
0.0263169 0.00109278 4.04616e-05 1.40629e-06 4.69519e-08 1.5246e-09 4.85066e-11 1.5194e-12 4.70106e-14 1.44009e-15 4.37523e-17 1.3201e-18 3.9596e-20 1.18164e-21 3.51072e-23 1.039e-24 3.06432e-26 9.00986e-28 2.64181e-29 7.72684e-31 2.25486e-32 6.56664e-34 1.90874e-35 5.53859e-37 1.60457e-38 4.64168e-40 1.34091e-41 3.86873e-43 1.11487e-44 3.2092e-46 9.22825e-48 2.65105e-49 7.60886e-51 2.18195e-52 6.25198e-54 1.79001e-55 5.12125e-57 1.46419e-58 4.18343e-60 1.19453e-61 3.40882e-63 9.7222e-65 2.77135e-66 7.89575e-68 2.24844e-69 6.39978e-71 1.82076e-72 5.17786e-74 1.47187e-75 4.18228e-77 1.18793e-78 3.37294e-80 9.57351e-82 2.71635e-83 7.70471e-85 2.18469e-86 6.19281e-88 1.75492e-89 4.97168e-91 1.40808e-92 3.98691e-94 1.12858e-95 3.19388e-97 9.03647e-99 2.55609e-100 7.22861e-102 2.04379e-103 5.77728e-105 1.63275e-106 4.61347e-108 1.30332e-109 3.68119e-111 1.03955e-112 2.93509e-114 8.28557e-116 2.33855e-117 6.59933e-119 1.862e-120 5.25281e-122 1.48161e-123 4.17842e-125 1.17822e-126 3.32181e-128 9.36403e-130 2.63931e-131 7.43808e-133 2.09591e-134 5.90512e-136 1.66353e-137 4.68574e-139 1.31969e-140 3.71636e-142 1.04643e-143 2.94616e-145 8.29379e-147 2.33455e-148 6.57062e-150 1.84912e-151 5.2033e-153 1.46403e-154 4.11886e-156
0.000733139 4.04616e-05 1.82231e-06 7.39453e-08 2.81196e-09 1.02245e-10 3.59686e-12 1.23351e-13 4.14522e-15 1.37009e-16 4.4663e-18 1.439e-19 4.58991e-21 1.45129e-22 4.55385e-24 1.41926e-25 4.39664e-27 1.35466e-28 4.15356e-30 1.26791e-31 3.85481e-33 1.16766e-34 3.52499e-36 1.06082e-37 3.18326e-39 9.52664e-41 2.84397e-42 8.47035e-44 2.5173e-45 7.46594e-47 2.21007e-48 6.53049e-50 1.92642e-51 5.67366e-53 1.66847e-54 4.89952e-56 1.43681e-57 4.20808e-59 1.23094e-60 3.59654e-62 1.04966e-63 3.06022e-65 8.91284e-67 2.59334e-68 7.53873e-70 2.18953e-71 6.35381e-73 1.84231e-74 5.33763e-76 1.54528e-77 4.47042e-79 1.29237e-80 3.73364e-82 1.07794e-83 3.11017e-85 8.96833e-87 2.58455e-88 7.44409e-90 2.1429e-91 6.1654e-93 1.77296e-94 5.09588e-96 1.46397e-97 4.2038e-99 1.20658e-100 3.46161e-102 9.92692e-104 2.84559e-105 8.15369e-107 2.33543e-108 6.68673e-110 1.91382e-111 5.47557e-113 1.56605e-114 4.4775e-116 1.27973e-117 3.65648e-119 1.0444e-120 2.98222e-122 8.51296e-124 2.42937e-125 6.93078e-127 1.97674e-128 5.63634e-130 1.60668e-131 4.57875e-133 1.30453e-134 3.71581e-136 1.05815e-137 3.01256e-139 8.5748e-141 2.44013e-142 6.94231e-144 1.97469e-145 5.61568e-147 1.59667e-148 4.53874e-150 1.28994e-151 3.66537e-153 1.04131e-154 2.95776e-156
2.04238e-05 1.40629e-06 7.39453e-08 3.39946e-09 1.43802e-10 5.74263e-12 2.19756e-13 8.1362e-15 2.93367e-16 1.03506e-17 3.586e-19 1.22328e-20 4.11755e-22 1.3699e-23 4.51109e-25 1.47204e-26 4.76449e-28 1.53085e-29 4.88616e-31 1.55018e-32 4.8911e-34 1.53544e-35 4.79779e-37 1.49273e-38 4.62583e-40 1.4282e-41 4.39432e-43 1.3477e-44 4.1208e-46 1.25644e-47 3.82069e-49 1.15892e-50 3.50699e-52 1.05887e-53 3.1903e-55 9.59279e-57 2.87892e-58 8.62434e-60 2.57912e-61 7.70016e-63 2.29534e-64 6.83188e-66 2.03053e-67 6.02673e-69 1.78641e-70 5.2885e-72 1.56371e-73 4.61822e-75 1.3624e-76 4.01484e-78 1.1819e-79 3.47582e-81 1.02121e-82 2.99758e-84 8.79092e-86 2.57585e-87 7.54126e-89 2.20604e-90 6.44826e-92 1.88339e-93 5.49691e-95 1.6032e-96 4.67256e-98 1.36091e-99 3.96116e-101 1.15223e-102 3.34958e-104 9.73153e-106 2.82566e-107 8.19996e-109 2.37829e-110 6.89425e-112 1.99748e-113 5.78437e-115 1.67423e-116 4.84356e-118 1.40059e-119 4.04815e-121 1.16952e-122 3.37731e-124 9.74874e-126 2.81284e-127 8.11268e-129 2.3389e-130 6.74047e-132 1.9418e-133 5.59185e-135 1.60972e-136 4.63224e-138 1.33254e-139 3.83197e-141 1.10159e-142 3.16573e-144 9.09475e-146 2.61199e-147 7.49927e-149 2.15247e-150 6.17626e-152 1.7717e-153 5.08077e-155 1.45663e-156
5.68968e-07 4.69519e-08 2.81196e-09 1.43802e-10 6.66807e-12 2.88883e-13 1.18992e-14 4.71263e-16 1.80843e-17 6.76152e-19 2.47339e-20 8.88041e-22 3.13733e-23 1.09283e-24 3.7595e-26 1.27905e-27 4.30849e-29 1.43835e-30 4.76291e-32 1.56552e-33 5.11091e-35 1.65817e-36 5.34883e-38 1.71624e-39 5.47959e-41 1.74149e-42 5.51094e-44 1.73695e-45 5.45393e-47 1.70646e-48 5.32147e-50 1.65425e-51 5.1272e-53 1.58466e-54 4.88468e-56 1.50188e-57 4.60668e-59 1.40977e-60 4.30485e-62 1.31179e-63 3.98938e-65 1.21094e-66 3.66899e-68 1.10972e-69 3.35085e-71 1.01018e-72 3.0407e-74 9.13909e-76 2.74292e-77 8.22106e-79 2.46075e-80 7.35618e-82 2.19635e-83 6.54993e-85 1.95107e-86 5.80531e-88 1.72549e-89 5.12328e-91 1.51966e-92 4.50322e-94 1.33318e-95 3.94327e-97 1.1653e-98 3.44069e-100 1.01505e-101 2.99212e-103 8.81304e-105 2.59381e-106 7.62827e-108 2.24181e-109 6.58358e-111 1.93209e-112 5.66631e-114 1.66069e-115 4.86407e-117 1.42377e-118 4.16504e-120 1.2177e-121 3.55802e-123 1.03904e-124 3.03262e-126 8.84647e-128 2.57925e-129 7.51611e-131 2.18915e-132 6.37298e-134 1.8544e-135 5.39334e-137 1.56788e-138 4.55589e-140 1.32325e-141 3.84169e-143 1.11486e-144 3.23398e-146 9.37731e-148 2.71798e-149 7.87491e-151 2.28075e-152 6.60311e-154 1.91099e-155 5.52856e-157
1.58504e-08 1.5246e-09 1.02245e-10 5.74263e-12 2.88883e-13 1.34591e-14 5.92218e-16 2.49219e-17 1.01175e-18 3.98716e-20 1.53245e-21 5.76513e-23 2.12895e-24 7.73485e-26 2.77003e-27 9.79357e-29 3.42286e-30 1.18389e-31 4.05627e-33 1.37781e-34 4.64316e-36 1.55336e-37 5.16184e-39 1.70462e-40 5.59671e-42 1.82763e-43 5.93814e-45 1.92025e-46 6.18206e-48 1.98195e-49 6.32912e-51 2.01362e-52 6.38385e-54 2.01716e-55 6.35366e-57 1.99528e-58 6.24799e-60 1.95117e-61 6.07744e-63 1.8883e-64 5.85315e-66 1.81019e-67 5.58618e-69 1.72029e-70 5.28712e-72 1.62182e-73 4.96577e-75 1.51775e-76 4.63094e-78 1.41067e-79 4.29032e-81 1.30284e-82 3.95048e-84 1.19616e-85 3.61683e-87 1.09216e-88 3.29372e-90 9.92071e-92 2.98451e-93 8.96794e-95 2.69165e-96 8.06983e-98 2.41682e-99 7.23059e-101 2.16104e-102 6.45247e-104 1.92475e-105 5.73612e-107 1.70793e-108 5.08089e-110 1.51021e-111 4.4851e-113 1.33092e-114 3.9463e-116 1.16921e-117 3.46152e-119 1.02405e-120 3.02736e-122 8.94339e-124 2.64024e-125 7.78922e-127 2.29647e-128 6.76629e-130 1.99237e-131 5.86303e-133 1.72431e-134 5.06824e-136 1.48884e-137 4.37117e-139 1.28265e-140 3.76173e-142 1.10265e-143 3.23046e-145 9.45958e-147 2.76863e-148 8.09928e-150 2.36822e-151 6.92143e-153 2.02195e-154 5.90407e-156 1.72322e-157
4.4156e-10 4.85066e-11 3.59686e-12 2.19756e-13 1.18992e-14 5.92218e-16 2.76748e-17 1.2311e-18 5.26279e-20 2.17684e-21 8.75698e-23 3.43969e-24 1.32338e-25 4.99974e-27 1.85869e-28 6.81107e-30 2.46377e-31 8.80839e-33 3.11577e-34 1.09145e-35 3.78932e-37 1.30479e-38 4.45873e-40 1.51291e-41 5.09985e-43 1.70858e-44 5.69145e-46 1.88569e-47 6.21617e-49 2.03942e-50 6.66099e-52 2.16634e-53 7.01731e-55 2.26443e-56 7.28075e-58 2.33292e-59 7.45075e-61 2.37217e-62 7.53002e-64 2.38348e-65 7.5239e-67 2.36888e-68 7.43975e-70 2.33095e-71 7.28631e-73 2.2726e-74 7.07317e-76 2.19693e-77 6.81024e-79 2.10709e-80 6.50742e-82 2.00616e-83 6.1742e-85 1.89705e-86 5.81946e-88 1.78245e-89 5.45131e-91 1.66478e-92 5.07694e-94 1.54617e-95 4.7026e-97 1.42844e-98 4.33359e-100 1.31313e-101 3.97428e-103 1.20147e-104 3.62815e-106 1.09443e-107 3.29788e-109 9.92742e-111 2.98542e-112 8.96917e-114 2.69208e-115 8.07277e-117 2.41861e-118 7.23982e-120 2.1653e-121 6.47058e-123 1.93203e-124 5.76419e-126 1.7184e-127 5.11891e-129 1.52373e-130 4.53233e-132 1.34718e-133 4.00154e-135 1.18777e-136 3.52327e-138 1.04442e-139 3.09406e-141 9.16028e-143 2.71033e-144 8.01444e-146 2.36847e-147 6.99538e-149 2.06494e-150 6.09206e-152 1.79631e-153 5.29381e-155 1.55929e-156 4.5905e-158
1.2301e-11 1.5194e-12 1.23351e-13 8.1362e-15 4.71263e-16 2.49219e-17 1.2311e-18 5.76502e-20 2.5854e-21 1.11859e-22 4.69505e-24 1.91996e-25 7.67536e-27 3.00781e-28 1.15804e-29 4.38864e-31 1.63966e-32 6.04752e-34 2.20446e-35 7.94988e-37 2.83879e-38 1.0045e-39 3.52459e-41 1.22706e-42 4.24093e-44 1.45579e-45 4.96554e-47 1.6836e-48 5.67634e-50 1.90369e-51 6.35262e-53 2.10986e-54 6.97605e-56 2.29677e-57 7.53136e-59 2.46014e-60 8.00673e-62 2.59678e-63 8.39396e-65 2.70467e-66 8.68835e-68 2.78286e-69 8.88849e-71 2.83137e-72 8.9959e-74 2.85111e-75 9.01456e-77 2.84365e-78 8.95047e-80 2.81117e-81 8.81112e-83 2.7562e-84 8.60508e-86 2.68158e-87 8.34152e-89 2.59026e-90 8.02986e-92 2.48521e-93 7.67945e-95 2.36935e-96 7.2993e-98 2.24545e-99 6.89789e-101 2.11609e-102 6.48301e-104 1.98362e-105 6.06168e-107 1.85011e-108 5.64006e-110 1.71738e-111 5.22348e-113 1.58699e-114 4.81639e-116 1.46021e-117 4.42246e-119 1.33808e-120 4.04459e-122 1.22139e-123 3.68496e-125 1.11075e-126 3.34515e-128 1.00656e-129 3.02617e-131 9.09051e-133 2.72854e-134 8.18331e-136 2.45239e-137 7.3438e-139 2.1975e-140 6.57081e-142 1.96336e-143 5.86241e-145 1.74926e-146 5.21605e-148 1.55433e-149 4.62873e-151 1.37755e-152 4.09713e-154 1.21784e-155 3.61774e-157 1.07407e-158
3.42683e-13 4.70106e-14 4.14522e-15 2.93367e-16 1.80843e-17 1.01175e-18 5.26279e-20 2.5854e-21 1.21255e-22 5.47193e-24 2.39007e-25 1.01506e-26 4.20688e-28 1.70641e-29 6.79061e-31 2.65647e-32 1.0233e-33 3.88718e-35 1.45791e-36 5.40456e-38 1.98212e-39 7.19779e-41 2.5899e-42 9.2398e-44 3.27033e-45 1.14893e-46 4.00843e-48 1.38937e-49 4.78618e-51 1.63924e-52 5.58367e-54 1.8921e-55 6.38025e-57 2.14144e-58 7.15565e-60 2.38101e-61 7.89088e-63 2.6051e-64 8.569e-66 2.80875e-67 9.17571e-69 2.98791e-70 9.69965e-72 3.13948e-73 1.01326e-74 3.26134e-76 1.04695e-77 3.35238e-79 1.07082e-80 3.41236e-82 1.08493e-83 3.44188e-85 1.08959e-86 3.4422e-88 1.08529e-89 3.4152e-91 1.07269e-92 3.36317e-94 1.05259e-95 3.28875e-97 1.02585e-98 3.19476e-100 9.93383e-102 3.08415e-103 9.56126e-105 2.95986e-106 9.15e-108 2.82476e-109 8.70896e-111 2.68159e-112 8.24654e-114 2.53291e-115 7.7705e-117 2.38107e-118 7.2879e-120 2.22818e-121 6.80498e-123 2.07608e-124 6.32722e-126 1.92638e-127 5.85927e-129 1.78043e-130 5.405e-132 1.63933e-133 4.96755e-135 1.50396e-136 4.54938e-138 1.37499e-139 4.15229e-141 1.25292e-142 3.77755e-144 1.13804e-145 3.42589e-147 1.03054e-148 3.09765e-150 9.3044e-152 2.79278e-153 8.37688e-155 2.51091e-156 7.52126e-158 2.25146e-159
9.54647e-15 1.44009e-15 1.37009e-16 1.03506e-17 6.76152e-19 3.98716e-20 2.17684e-21 1.11859e-22 5.47193e-24 2.56934e-25 1.16525e-26 5.12897e-28 2.19946e-29 9.21773e-31 3.78495e-32 1.52597e-33 6.05151e-35 2.36414e-36 9.11062e-38 3.46724e-39 1.30441e-40 4.85532e-42 1.78951e-43 6.5353e-45 2.36634e-46 8.49988e-48 3.03032e-49 1.07276e-50 3.77252e-52 1.31838e-53 4.58015e-55 1.58228e-56 5.43727e-58 1.85903e-59 6.32565e-61 2.14259e-62 7.22572e-64 2.42669e-65 8.11748e-67 2.70504e-68 8.98141e-70 2.97164e-71 9.79922e-73 3.22098e-74 1.05545e-75 3.44822e-77 1.12332e-78 3.64934e-80 1.1824e-81 3.82119e-83 1.23184e-84 3.96155e-86 1.27107e-87 4.06909e-89 1.29982e-90 4.14335e-92 1.31806e-93 4.18467e-95 1.32603e-96 4.19408e-98 1.32414e-99 4.17322e-101 1.313e-102 4.12421e-104 1.29334e-105 4.04954e-107 1.266e-108 3.952e-110 1.23188e-111 3.8345e-113 1.19193e-114 3.70006e-116 1.14709e-117 3.55167e-119 1.09831e-120 3.39227e-122 1.0465e-123 3.22465e-125 9.92509e-127 3.05143e-128 9.37134e-130 2.87501e-131 8.81102e-133 2.69757e-134 8.25062e-136 2.52103e-137 7.69587e-139 2.3471e-140 7.15167e-142 2.17719e-143 6.62221e-145 2.0125e-146 6.11088e-148 1.85401e-149 5.62042e-151 1.70247e-152 5.1529e-154 1.55844e-155 4.70982e-157 1.42232e-158 4.29215e-160
2.65946e-16 4.37523e-17 4.4663e-18 3.586e-19 2.47339e-20 1.53245e-21 8.75698e-23 4.69505e-24 2.39007e-25 1.16525e-26 5.47649e-28 2.49377e-29 1.10466e-30 4.77565e-32 2.02038e-33 8.38299e-35 3.41785e-36 1.37149e-37 5.42404e-39 2.11673e-40 8.15979e-42 3.11003e-43 1.17295e-44 4.38071e-46 1.62121e-47 5.94871e-49 2.16532e-50 7.82257e-52 2.80603e-53 9.99827e-55 3.54002e-56 1.24589e-57 4.35994e-59 1.51751e-60 5.25469e-62 1.81064e-63 6.20993e-65 2.12031e-66 7.20871e-68 2.44084e-69 8.23226e-71 2.76609e-72 9.26077e-74 3.08974e-75 1.02742e-76 3.40551e-78 1.12531e-79 3.70741e-81 1.21792e-82 3.98993e-84 1.3036e-85 4.24817e-87 1.38092e-88 4.47802e-90 1.44871e-91 4.67618e-93 1.50606e-94 4.84025e-96 1.55236e-97 4.96869e-99 1.58724e-100 5.06079e-102 1.61062e-103 5.11668e-105 1.62265e-106 5.13716e-108 1.62369e-109 5.1237e-111 1.61429e-112 5.07827e-114 1.59515e-115 5.0033e-117 1.56709e-118 4.90151e-120 1.53101e-121 4.77589e-123 1.48788e-124 4.62953e-126 1.4387e-127 4.46559e-129 1.38445e-130 4.28722e-132 1.32613e-133 4.09746e-135 1.26466e-136 3.89922e-138 1.20096e-139 3.69524e-141 1.13586e-142 3.48804e-144 1.0701e-145 3.27992e-147 1.00439e-148 3.07293e-150 9.39331e-152 2.86885e-153 8.75447e-155 2.66925e-156 8.13191e-158 2.47541e-159 7.52938e-161
7.40875e-18 1.3201e-18 1.439e-19 1.22328e-20 8.88041e-22 5.76513e-23 3.43969e-24 1.91996e-25 1.01506e-26 5.12897e-28 2.49377e-29 1.17291e-30 5.3589e-32 2.38654e-33 1.03887e-34 4.43062e-36 1.85499e-37 7.63705e-39 3.09632e-40 1.23781e-41 4.88455e-43 1.90452e-44 7.34364e-46 2.80243e-47 1.05914e-48 3.96678e-50 1.47309e-51 5.42686e-53 1.98424e-54 7.20362e-56 2.59767e-57 9.30779e-59 3.31498e-60 1.17386e-61 4.13402e-63 1.44831e-64 5.04881e-66 1.75166e-67 6.04968e-69 2.08028e-70 7.12358e-72 2.42959e-73 8.25462e-75 2.79418e-76 9.42464e-78 3.16802e-79 1.0614e-80 3.54474e-82 1.18021e-83 3.91781e-85 1.29684e-86 4.28079e-88 1.40928e-89 4.6275e-91 1.51567e-92 4.95228e-94 1.61429e-95 5.25004e-97 1.70365e-98 5.51645e-100 1.7825e-101 5.74801e-103 1.84988e-104 5.94203e-106 1.90508e-107 6.09674e-109 1.94765e-110 6.21119e-112 1.97745e-113 6.28527e-115 1.99455e-116 6.31958e-118 1.99926e-119 6.31544e-121 1.99208e-122 6.2747e-124 1.97368e-125 6.19972e-127 1.94488e-128 6.09327e-130 1.90659e-131 5.95836e-133 1.85981e-134 5.79824e-136 1.80559e-137 5.61625e-139 1.74498e-140 5.41578e-142 1.67906e-143 5.20016e-145 1.60887e-146 4.97263e-148 1.5354e-149 4.73629e-151 1.45962e-152 4.49405e-154 1.38241e-155 4.24861e-157 1.30459e-158 4.00241e-160 1.22688e-161
2.06393e-19 3.9596e-20 4.58991e-21 4.11755e-22 3.13733e-23 2.12895e-24 1.32338e-25 7.67536e-27 4.20688e-28 2.19946e-29 1.10466e-30 5.3589e-32 2.52204e-33 1.15556e-34 5.16968e-36 2.26372e-37 9.72221e-39 4.10254e-40 1.70352e-41 6.96977e-43 2.81299e-44 1.12109e-45 4.41594e-47 1.72055e-48 6.63569e-50 2.53489e-51 9.59711e-53 3.60297e-54 1.34193e-55 4.96063e-57 1.82079e-58 6.63829e-60 2.40479e-61 8.65877e-63 3.09971e-64 1.10355e-65 3.90815e-67 1.3771e-68 4.8291e-70 1.68563e-71 5.85786e-73 2.02708e-74 6.98604e-76 2.39821e-77 8.20175e-79 2.79478e-80 9.49001e-82 3.21159e-83 1.08332e-84 3.64273e-86 1.22117e-87 4.08175e-89 1.36045e-90 4.52189e-92 1.49899e-93 4.95625e-95 1.63463e-96 5.37807e-98 1.76526e-99 5.78088e-101 1.88891e-102 6.15867e-104 2.00377e-105 6.50606e-107 2.10825e-108 6.8184e-110 2.20101e-111 7.09185e-113 2.28096e-114 7.32344e-116 2.34731e-117 7.51109e-119 2.39954e-120 7.65357e-122 2.4374e-123 7.75052e-125 2.46089e-126 7.80235e-128 2.47027e-129 7.81022e-131 2.46601e-132 7.77589e-134 2.44874e-135 7.70169e-137 2.4193e-138 7.5904e-140 2.37861e-141 7.44516e-143 2.32771e-144 7.26936e-146 2.2677e-147 7.06656e-149 2.19974e-150 6.84043e-152 2.12498e-153 6.59464e-155 2.04457e-156 6.33279e-158 1.95965e-159 6.0584e-161 1.87129e-162
5.74972e-21 1.18164e-21 1.45129e-22 1.3699e-23 1.09283e-24 7.73485e-26 4.99974e-27 3.00781e-28 1.70641e-29 9.21773e-31 4.77565e-32 2.38654e-33 1.15556e-34 5.44119e-36 2.49911e-37 1.12244e-38 4.94031e-40 2.13478e-41 9.07073e-43 3.79505e-44 1.56531e-45 6.37161e-47 2.56196e-48 1.01843e-49 4.00547e-51 1.55966e-52 6.01627e-54 2.30029e-55 8.72202e-57 3.28116e-58 1.22518e-59 4.54252e-61 1.67293e-62 6.12183e-64 2.2266e-65 8.05162e-67 2.89545e-68 1.03573e-69 3.68618e-71 1.30556e-72 4.60246e-74 1.61526e-75 5.64453e-77 1.96435e-78 6.80895e-80 2.35114e-81 8.08859e-83 2.7728e-84 9.47265e-86 3.22538e-87 1.0947e-88 3.7039e-90 1.24945e-91 4.20256e-93 1.40956e-94 4.71482e-96 1.57288e-97 5.23368e-99 1.73713e-100 5.75183e-102 1.9e-103 6.26191e-105 2.05916e-106 6.75666e-108 2.21236e-109 7.22915e-111 2.35748e-112 7.67292e-114 2.49257e-115 8.08216e-117 2.6159e-118 8.45178e-120 2.726e-121 8.77755e-123 2.82167e-124 9.05609e-126 2.90198e-127 9.28496e-129 2.9663e-130 9.46264e-132 3.0143e-133 9.58848e-135 3.0459e-136 9.66268e-138 3.0613e-139 9.68622e-141 3.06093e-142 9.66079e-144 3.04541e-145 9.58871e-147 3.01556e-148 9.47279e-150 2.97235e-151 9.31629e-153 2.91686e-154 9.12281e-156 2.85028e-157 8.89617e-159 2.77384e-160 8.64035e-162 2.68881e-163
1.60176e-22 3.51072e-23 4.55385e-24 4.51109e-25 3.7595e-26 2.77003e-27 1.85869e-28 1.15804e-29 6.79061e-31 3.78495e-32 2.02038e-33 1.03887e-34 5.16968e-36 2.49911e-37 1.17728e-38 5.4185e-40 2.44198e-41 1.07967e-42 4.69066e-44 2.00533e-45 8.44665e-47 3.5092e-48 1.43939e-49 5.83411e-51 2.33846e-52 9.27577e-54 3.64342e-55 1.41794e-56 5.47042e-58 2.09318e-59 7.94702e-61 2.99495e-62 1.12078e-63 4.16628e-65 1.53889e-66 5.64976e-68 2.06219e-69 7.48544e-71 2.7027e-72 9.70882e-74 3.47067e-75 1.23487e-76 4.37395e-78 1.54256e-79 5.41747e-81 1.89498e-82 6.6028e-84 2.29206e-85 7.92786e-87 2.73256e-88 9.38677e-90 3.214e-91 1.09699e-92 3.73276e-94 1.26639e-95 4.28408e-97 1.44523e-98 4.86225e-100 1.63154e-101 5.46069e-103 1.82314e-104 6.07215e-106 2.01765e-107 6.68892e-109 2.21259e-110 7.30304e-112 2.40541e-113 7.90647e-115 2.59361e-116 8.49133e-118 2.77472e-119 9.05008e-121 2.94643e-122 9.57566e-124 3.10662e-125 1.00617e-126 3.25337e-128 1.05025e-129 3.38506e-131 1.08934e-132 3.5003e-134 1.12306e-135 3.59805e-137 1.1511e-138 3.67754e-140 1.1733e-141 3.73833e-143 1.18954e-144 3.78025e-146 1.19982e-147 3.80344e-149 1.20423e-150 3.80827e-152 1.20293e-153 3.79536e-155 1.19613e-156 3.76554e-158 1.18415e-159 3.71981e-161 1.1673e-162 3.65931e-164
4.4622e-24 1.039e-24 1.41926e-25 1.47204e-26 1.27905e-27 9.79357e-29 6.81107e-30 4.38864e-31 2.65647e-32 1.52597e-33 8.38299e-35 4.43062e-36 2.26372e-37 1.12244e-38 5.4185e-40 2.55352e-41 1.17742e-42 5.32233e-44 2.36256e-45 1.03135e-46 4.43338e-48 1.87869e-49 7.85612e-51 3.24474e-52 1.32471e-53 5.34987e-55 2.13862e-56 8.46739e-58 3.32219e-59 1.29233e-60 4.9865e-62 1.90928e-63 7.25704e-65 2.73919e-66 1.02707e-67 3.8267e-69 1.41716e-70 5.2179e-72 1.91057e-73 6.95861e-75 2.52154e-76 9.09244e-78 3.26324e-79 1.16587e-80 4.14721e-82 1.46905e-83 5.18267e-85 1.82126e-86 6.37602e-88 2.22403e-89 7.73032e-91 2.67775e-92 9.24497e-94 3.18163e-95 1.09155e-96 3.73362e-98 1.27335e-99 4.33043e-101 1.46865e-102 4.96755e-104 1.67586e-105 5.63938e-107 1.89302e-108 6.33929e-110 2.11793e-111 7.05983e-113 2.34809e-114 7.7929e-116 2.58088e-117 8.52992e-119 2.81353e-120 9.26209e-122 3.04324e-123 9.98056e-125 3.26724e-126 1.06766e-127 3.48282e-129 1.1342e-130 3.68743e-132 1.19688e-133 3.8787e-135 1.255e-136 4.05451e-138 1.30793e-139 4.21302e-141 1.35512e-142 4.35265e-144 1.39614e-145 4.47218e-147 1.43065e-148 4.57071e-150 1.45841e-151 4.64764e-153 1.47929e-154 4.70272e-156 1.49325e-157 4.736e-159 1.50036e-160 4.7478e-162 1.50076e-163 4.73874e-165
1.24308e-25 3.06432e-26 4.39664e-27 4.76449e-28 4.30849e-29 3.42286e-30 2.46377e-31 1.63966e-32 1.0233e-33 6.05151e-35 3.41785e-36 1.85499e-37 9.72221e-39 4.94031e-40 2.44198e-41 1.17742e-42 5.55054e-44 2.56346e-45 1.16186e-46 5.17579e-48 2.26916e-49 9.8023e-51 4.17651e-52 1.75681e-53 7.30164e-55 3.00072e-56 1.2202e-57 4.91255e-59 1.95927e-60 7.74483e-62 3.03575e-63 1.18044e-64 4.55527e-66 1.74518e-67 6.63995e-69 2.50973e-70 9.42659e-72 3.51937e-73 1.30638e-74 4.82246e-76 1.77077e-77 6.46907e-79 2.35175e-80 8.50921e-82 3.06488e-83 1.0991e-84 3.92485e-86 1.39585e-87 4.94473e-89 1.74499e-90 6.1354e-92 2.14954e-93 7.50497e-95 2.61156e-96 9.05823e-98 3.132e-99 1.07963e-100 3.71056e-102 1.27162e-103 4.34568e-105 1.48108e-106 5.03444e-108 1.70689e-109 5.77264e-111 1.94752e-112 6.55479e-114 2.20105e-115 7.37427e-117 2.46521e-118 8.22345e-120 2.73744e-121 9.09384e-123 3.01496e-124 9.97628e-126 3.29479e-127 1.08612e-128 3.57384e-130 1.17387e-131 3.84899e-133 1.25989e-134 4.11713e-136 1.34322e-137 4.37527e-139 1.42293e-140 4.62055e-142 1.49814e-143 4.85031e-145 1.56805e-146 5.06215e-148 1.63195e-149 5.25398e-151 1.68923e-152 5.424e-154 1.73937e-155 5.57076e-157 1.78197e-158 5.69318e-160 1.81673e-161 5.79052e-163 1.8435e-164 5.86239e-166
3.46298e-27 9.00986e-28 1.35466e-28 1.53085e-29 1.43835e-30 1.18389e-31 8.80839e-33 6.04752e-34 3.88718e-35 2.36414e-36 1.37149e-37 7.63705e-39 4.10254e-40 2.13478e-41 1.07967e-42 5.32233e-44 2.56346e-45 1.20881e-46 5.59071e-48 2.53997e-49 1.1351e-50 4.99573e-52 2.16766e-53 9.28154e-55 3.92516e-56 1.64073e-57 6.78361e-59 2.77589e-60 1.1249e-61 4.51667e-63 1.79775e-64 7.09641e-66 2.77922e-67 1.08031e-68 4.1693e-70 1.59813e-71 6.08586e-73 2.30313e-74 8.66394e-76 3.24055e-77 1.20539e-78 4.46004e-80 1.64186e-81 6.01461e-83 2.19294e-84 7.95922e-86 2.87612e-87 1.03491e-88 3.70869e-90 1.32379e-91 4.70711e-93 1.66755e-94 5.88636e-96 2.07063e-97 7.2593e-99 2.53668e-100 8.83603e-102 3.06839e-103 1.06234e-104 3.66733e-106 1.26243e-107 4.33381e-109 1.48378e-110 5.06681e-112 1.72582e-113 5.86386e-115 1.98757e-116 6.72108e-118 2.26757e-119 7.63323e-121 2.56394e-122 8.5937e-124 2.8744e-125 9.59471e-127 3.19633e-128 1.06274e-129 3.52678e-131 1.16821e-132 3.86255e-134 1.27483e-135 4.20027e-137 1.38153e-138 4.53648e-140 1.48719e-141 4.86763e-143 1.5907e-144 5.19026e-146 1.69097e-147 5.50097e-149 1.78695e-150 5.79653e-152 1.87766e-153 6.07395e-155 1.96219e-156 6.3305e-158 2.03972e-159 6.56375e-161 2.10955e-162 6.77164e-164 2.17107e-165 6.95247e-167
9.6472e-29 2.64181e-29 4.15356e-30 4.88616e-31 4.76291e-32 4.05627e-33 3.11577e-34 2.20446e-35 1.45791e-36 9.11062e-38 5.42404e-39 3.09632e-40 1.70352e-41 9.07073e-43 4.69066e-44 2.36256e-45 1.16186e-46 5.59071e-48 2.637e-49 1.22117e-50 5.55986e-52 2.4918e-53 1.10052e-54 4.79446e-56 2.06215e-57 8.76363e-59 3.68247e-60 1.53097e-61 6.30123e-63 2.56891e-64 1.03789e-65 4.15751e-67 1.65187e-68 6.5125e-70 2.54862e-71 9.90362e-73 3.82251e-74 1.46587e-75 5.58664e-77 2.11654e-78 7.97304e-80 2.98704e-81 1.11319e-82 4.12753e-84 1.52296e-85 5.59294e-87 2.04463e-88 7.44188e-90 2.69716e-91 9.73528e-93 3.49999e-94 1.25347e-95 4.47245e-97 1.59005e-98 5.6332e-100 1.98896e-101 6.99948e-103 2.45536e-104 8.58648e-106 2.99366e-107 1.04067e-108 3.60729e-110 1.24693e-111 4.29857e-113 1.47795e-114 5.06851e-116 1.73385e-117 5.9167e-119 2.01425e-120 6.84125e-122 2.31831e-123 7.83869e-125 2.64469e-126 8.90405e-128 2.99159e-129 1.00308e-130 3.35671e-132 1.12112e-133 3.73737e-135 1.24359e-136 4.13049e-138 1.36948e-139 4.53265e-141 1.49765e-142 4.94021e-144 1.62693e-145 5.34931e-147 1.75608e-148 5.756e-150 1.88383e-151 6.15628e-153 2.00892e-154 6.54618e-156 2.13012e-157 6.92187e-159 2.24624e-160 7.27967e-162 2.35615e-163 7.61616e-165 2.4588e-166 7.9282e-168
2.68752e-30 7.72684e-31 1.26791e-31 1.55018e-32 1.56552e-33 1.37781e-34 1.09145e-35 7.94988e-37 5.40456e-38 3.46724e-39 2.11673e-40 1.23781e-41 6.96977e-43 3.79505e-44 2.00533e-45 1.03135e-46 5.17579e-48 2.53997e-49 1.22117e-50 5.76127e-52 2.67104e-53 1.21845e-54 5.475e-56 2.42576e-57 1.06069e-58 4.58094e-60 1.95554e-61 8.2568e-63 3.45028e-64 1.4277e-65 5.85299e-67 2.37838e-68 9.58374e-70 3.831e-71 1.51975e-72 5.98505e-74 2.34064e-75 9.09288e-77 3.50987e-78 1.34653e-79 5.13549e-81 1.94755e-82 7.34563e-84 2.75608e-85 1.02887e-86 3.82218e-88 1.41325e-89 5.20182e-91 1.90627e-92 6.9562e-94 2.52799e-95 9.15062e-97 3.29954e-98 1.18532e-99 4.24271e-101 1.5133e-102 5.37931e-104 1.90585e-105 6.73058e-107 2.3695e-108 8.31647e-110 2.91028e-111 1.0155e-112 3.53348e-114 1.22613e-115 4.24342e-117 1.46476e-118 5.0433e-120 1.73217e-121 5.93495e-123 2.02872e-124 6.91873e-126 2.35427e-127 7.99339e-129 2.70816e-130 9.15603e-132 3.08922e-133 1.0402e-134 3.49571e-136 1.17251e-137 3.92539e-139 1.31174e-140 4.37551e-142 1.45694e-143 4.84288e-145 1.60704e-146 5.32389e-148 1.76085e-149 5.81458e-151 1.91705e-152 6.31075e-154 2.0743e-155 6.80797e-157 2.23116e-158 7.3017e-160 2.3862e-161 7.78738e-163 2.53797e-164 8.26047e-166 2.68506e-167 8.71657e-169
7.48692e-32 2.25486e-32 3.85481e-33 4.8911e-34 5.11091e-35 4.64316e-36 3.78932e-37 2.83879e-38 1.98212e-39 1.30441e-40 8.15979e-42 4.88455e-43 2.81299e-44 1.56531e-45 8.44665e-47 4.43338e-48 2.26916e-49 1.1351e-50 5.55986e-52 2.67104e-53 1.26041e-54 5.84958e-56 2.67307e-57 1.20397e-58 5.34983e-60 2.34716e-61 1.01753e-62 4.36167e-64 1.84981e-65 7.76636e-67 3.22962e-68 1.33087e-69 5.43705e-71 2.20299e-72 8.85618e-74 3.53361e-75 1.39982e-76 5.50732e-78 2.15251e-79 8.35995e-81 3.22719e-82 1.23854e-83 4.72668e-85 1.79413e-86 6.77465e-88 2.54529e-89 9.51655e-91 3.5415e-92 1.31198e-93 4.8391e-95 1.7773e-96 6.50091e-98 2.36843e-99 8.59551e-101 3.10784e-102 1.11962e-103 4.01929e-105 1.43795e-106 5.12734e-108 1.82237e-109 6.45674e-111 2.28066e-112 8.03182e-114 2.82037e-115 9.87575e-117 3.44855e-118 1.20098e-119 4.17155e-121 1.44526e-122 4.99474e-124 1.72195e-125 5.92235e-127 2.03216e-128 6.9572e-130 2.37655e-131 8.10057e-133 2.75526e-134 9.35203e-136 3.16787e-137 1.07094e-138 3.61338e-140 1.21685e-141 4.09021e-143 1.37233e-144 4.59616e-146 1.53662e-147 5.12848e-149 1.70874e-150 5.68387e-152 1.88758e-153 6.25854e-155 2.07186e-156 6.84825e-158 2.26018e-159 7.44841e-161 2.45104e-162 8.05412e-164 2.64286e-165 8.66027e-167 2.834e-168 9.26164e-170
2.08571e-33 6.56664e-34 1.16766e-34 1.53544e-35 1.65817e-36 1.55336e-37 1.30479e-38 1.0045e-39 7.19779e-41 4.85532e-42 3.11003e-43 1.90452e-44 1.12109e-45 6.37161e-47 3.5092e-48 1.87869e-49 9.8023e-51 4.99573e-52 2.4918e-53 1.21845e-54 5.84958e-56 2.76083e-57 1.28251e-58 5.86999e-60 2.64961e-61 1.18049e-62 5.19525e-64 2.26007e-65 9.72486e-67 4.14136e-68 1.74635e-69 7.29565e-71 3.0209e-72 1.24031e-73 5.05143e-75 2.04148e-76 8.18971e-78 3.26228e-79 1.29071e-80 5.07356e-82 1.9819e-83 7.69559e-85 2.97092e-86 1.14057e-87 4.35536e-89 1.65454e-90 6.25402e-92 2.35258e-93 8.80857e-95 3.28326e-96 1.21845e-97 4.5027e-99 1.65714e-100 6.0746e-102 2.21821e-103 8.06979e-105 2.92512e-106 1.05656e-107 3.80322e-109 1.36446e-110 4.87933e-112 1.73936e-113 6.18132e-115 2.19014e-116 7.73742e-118 2.72574e-119 9.57562e-121 3.35486e-122 1.17229e-123 4.0858e-125 1.42045e-126 4.92614e-128 1.7043e-129 5.88253e-131 2.02575e-132 6.9604e-134 2.38632e-135 8.16378e-137 2.78703e-138 9.49506e-140 3.22834e-141 1.09548e-142 3.71015e-144 1.25417e-145 4.23169e-147 1.42522e-148 4.79155e-150 1.60809e-151 5.38766e-153 1.80202e-154 6.01729e-156 2.00604e-157 6.67707e-159 2.21899e-160 7.36304e-162 2.43953e-163 8.0707e-165 2.66616e-166 8.79507e-168 2.89723e-169 9.53076e-171
5.81039e-35 1.90874e-35 3.52499e-36 4.79779e-37 5.34883e-38 5.16184e-39 4.45873e-40 3.52459e-41 2.5899e-42 1.78951e-43 1.17295e-44 7.34364e-46 4.41594e-47 2.56196e-48 1.43939e-49 7.85612e-51 4.17651e-52 2.16766e-53 1.10052e-54 5.475e-56 2.67307e-57 1.28251e-58 6.05407e-60 2.81475e-61 1.29018e-62 5.83523e-64 2.60615e-65 1.15023e-66 5.01991e-68 2.16766e-69 9.26632e-71 3.92339e-72 1.6461e-73 6.84659e-75 2.82418e-76 1.15576e-77 4.69408e-79 1.89269e-80 7.57854e-82 3.01432e-83 1.19126e-84 4.67887e-86 1.82682e-87 7.09198e-89 2.73806e-90 1.05149e-91 4.01735e-93 1.52728e-94 5.77845e-96 2.17615e-97 8.1586e-99 3.04546e-100 1.13203e-101 4.1907e-103 1.54523e-104 5.67577e-106 2.07699e-107 7.57294e-109 2.75145e-110 9.96244e-112 3.59517e-113 1.29318e-114 4.63686e-116 1.65748e-117 5.90699e-119 2.099e-120 7.43731e-122 2.6279e-123 9.26019e-125 3.25445e-126 1.1408e-127 3.98876e-129 1.39121e-130 4.84057e-132 1.68025e-133 5.81896e-135 2.01064e-136 6.93204e-138 2.38477e-139 8.18675e-141 2.80462e-142 9.58853e-144 3.27163e-145 1.11411e-146 3.78671e-148 1.28463e-149 4.35008e-151 1.47039e-152 4.96133e-154 1.67112e-155 5.61927e-157 1.88636e-158 6.322e-160 2.11536e-161 7.06687e-163 2.35719e-164 7.85049e-166 2.61064e-167 8.66876e-169 2.87433e-170 9.51694e-172
1.61866e-36 5.53859e-37 1.06082e-37 1.49273e-38 1.71624e-39 1.70462e-40 1.51291e-41 1.22706e-42 9.2398e-44 6.5353e-45 4.38071e-46 2.80243e-47 1.72055e-48 1.01843e-49 5.83411e-51 3.24474e-52 1.75681e-53 9.28154e-55 4.79446e-56 2.42576e-57 1.20397e-58 5.86999e-60 2.81475e-61 1.32891e-62 6.18342e-64 2.83806e-65 1.28595e-66 5.75632e-68 2.54728e-69 1.11502e-70 4.83062e-72 2.07233e-73 8.80764e-75 3.71015e-76 1.54964e-77 6.42013e-79 2.63925e-80 1.07692e-81 4.36302e-83 1.75555e-84 7.01746e-86 2.78739e-87 1.10044e-88 4.31903e-90 1.68557e-91 6.54239e-93 2.52601e-94 9.70334e-96 3.70909e-97 1.41105e-98 5.34336e-100 2.0144e-101 7.56125e-103 2.82629e-104 1.05213e-105 3.90126e-107 1.44102e-108 5.30291e-110 1.94438e-111 7.10416e-113 2.58674e-114 9.38729e-116 3.39557e-117 1.22435e-118 4.40107e-120 1.57725e-121 5.63592e-123 2.00809e-124 7.13487e-126 2.52814e-127 8.93424e-129 3.14906e-130 1.10713e-131 3.88269e-133 1.35835e-134 4.74082e-136 1.65076e-137 5.73489e-139 1.98791e-140 6.87573e-142 2.37308e-143 8.17325e-145 2.80922e-146 9.63614e-148 3.29886e-149 1.12716e-150 3.84399e-152 1.30849e-153 4.44599e-155 1.50795e-156 5.10557e-158 1.72565e-159 5.8227e-161 1.96144e-162 6.59653e-164 2.21493e-165 7.42539e-167 2.48546e-168 8.30679e-170 2.77211e-171 9.23737e-173
4.50928e-38 1.60457e-38 3.18326e-39 4.62583e-40 5.47959e-41 5.59671e-42 5.09985e-43 4.24093e-44 3.27033e-45 2.36634e-46 1.62121e-47 1.05914e-48 6.63569e-50 4.00547e-51 2.33846e-52 1.32471e-53 7.30164e-55 3.92516e-56 2.06215e-57 1.06069e-58 5.34983e-60 2.64961e-61 1.29018e-62 6.18342e-64 2.91975e-65 1.35954e-66 6.24773e-68 2.83567e-69 1.272e-70 5.64266e-72 2.47681e-73 1.07631e-74 4.6327e-76 1.97593e-77 8.35468e-79 3.5033e-80 1.45736e-81 6.01654e-83 2.46576e-84 1.00348e-85 4.05633e-87 1.62908e-88 6.50186e-90 2.57941e-91 1.01738e-92 3.99038e-94 1.55668e-95 6.04105e-97 2.33256e-98 8.96251e-100 3.42745e-101 1.30473e-102 4.94472e-104 1.8659e-105 7.01166e-107 2.62415e-108 9.78233e-110 3.63272e-111 1.34401e-112 4.95448e-114 1.81996e-115 6.66246e-117 2.43083e-118 8.84012e-120 3.20467e-121 1.15814e-122 4.17283e-124 1.49906e-125 5.36978e-127 1.91812e-128 6.83286e-130 2.42754e-131 8.60185e-133 3.04023e-134 1.07185e-135 3.76961e-137 1.32257e-138 4.6294e-140 1.61671e-141 5.63334e-143 1.95859e-144 6.79491e-146 2.35238e-147 8.12703e-149 2.80205e-150 9.64174e-152 3.31122e-153 1.13498e-154 3.88307e-156 1.32605e-157 4.52024e-159 1.53813e-160 5.22474e-162 1.77172e-163 5.99784e-165 2.02711e-166 6.83999e-168 2.30431e-169 7.75081e-171 2.60305e-172 8.72895e-174
1.2562e-39 4.64168e-40 9.52664e-41 1.4282e-41 1.74149e-42 1.82763e-43 1.70858e-44 1.45579e-45 1.14893e-46 8.49988e-48 5.94871e-49 3.96678e-50 2.53489e-51 1.55966e-52 9.27577e-54 5.34987e-55 3.00072e-56 1.64073e-57 8.76363e-59 4.58094e-60 2.34716e-61 1.18049e-62 5.83523e-64 2.83806e-65 1.35954e-66 6.42046e-68 2.99159e-69 1.37635e-70 6.25664e-72 2.812e-73 1.25027e-74 5.50215e-76 2.39783e-77 1.03528e-78 4.43032e-80 1.87983e-81 7.91168e-83 3.30394e-84 1.36945e-85 5.63562e-87 2.30325e-88 9.35094e-90 3.77219e-91 1.51237e-92 6.02757e-94 2.38857e-95 9.413e-97 3.68974e-98 1.43885e-99 5.58292e-101 2.15576e-102 8.28516e-104 3.16974e-105 1.20733e-106 4.57899e-108 1.72943e-109 6.50553e-111 2.43755e-112 9.09844e-114 3.38349e-115 1.2537e-116 4.62903e-118 1.70333e-119 6.24675e-121 2.28347e-122 8.32064e-124 3.02254e-125 1.09465e-126 3.95271e-128 1.4232e-129 5.10988e-131 1.82963e-132 6.53352e-134 2.32697e-135 8.26643e-137 2.92923e-138 1.03543e-139 3.65127e-141 1.28452e-142 4.50858e-144 1.5789e-145 5.51708e-147 1.92363e-148 6.69283e-150 2.32377e-151 8.05173e-153 2.78429e-154 9.60919e-156 3.30994e-157 1.13797e-158 3.90515e-160 1.33767e-161 4.57388e-163 1.56119e-164 5.31957e-166 1.80951e-167 6.14497e-169 2.08337e-170 7.05204e-172 2.38328e-173 8.0419e-175
3.49952e-41 1.34091e-41 2.84397e-42 4.39432e-43 5.51094e-44 5.93814e-45 5.69145e-46 4.96554e-47 4.00843e-48 3.03032e-49 2.16532e-50 1.47309e-51 9.59711e-53 6.01627e-54 3.64342e-55 2.13862e-56 1.2202e-57 6.78361e-59 3.68247e-60 1.95554e-61 1.01753e-62 5.19525e-64 2.60615e-65 1.28595e-66 6.24773e-68 2.99159e-69 1.41295e-70 6.58766e-72 3.03401e-73 1.38122e-74 6.21902e-76 2.77097e-77 1.22239e-78 5.34141e-80 2.3129e-81 9.92852e-83 4.22671e-84 1.78509e-85 7.48165e-87 3.11278e-88 1.28598e-89 5.27686e-91 2.15118e-92 8.71454e-94 3.50892e-95 1.40461e-96 5.5909e-98 2.21324e-99 8.71521e-101 3.4143e-102 1.33098e-103 5.16362e-105 1.99394e-106 7.66491e-108 2.93357e-109 1.11798e-110 4.24303e-112 1.60387e-113 6.03899e-115 2.2652e-116 8.46522e-118 3.15213e-119 1.16962e-120 4.32511e-122 1.59404e-123 5.85585e-125 2.14438e-126 7.82828e-128 2.84916e-129 1.03392e-130 3.74112e-132 1.34987e-133 4.85722e-135 1.74306e-136 6.23868e-138 2.22717e-139 7.93086e-141 2.81718e-142 9.98295e-144 3.5292e-145 1.24476e-146 4.38037e-148 1.53804e-149 5.38864e-151 1.88391e-152 6.57252e-154 2.28829e-155 7.95083e-157 2.75712e-158 9.54231e-160 3.29628e-161 1.13653e-162 3.91148e-164 1.34374e-165 4.60809e-167 1.5775e-168 5.39105e-170 1.83928e-171 6.26473e-173 2.13035e-174 7.23279e-176
9.749e-43 3.86873e-43 8.47035e-44 1.3477e-44 1.73695e-45 1.92025e-46 1.88569e-47 1.6836e-48 1.38937e-49 1.07276e-50 7.82257e-52 5.42686e-53 3.60297e-54 2.30029e-55 1.41794e-56 8.46739e-58 4.91255e-59 2.77589e-60 1.53097e-61 8.2568e-63 4.36167e-64 2.26007e-65 1.15023e-66 5.75632e-68 2.83567e-69 1.37635e-70 6.58766e-72 3.11175e-73 1.45163e-74 6.69222e-76 3.05073e-77 1.37593e-78 6.14286e-80 2.716e-81 1.18977e-82 5.16591e-84 2.22406e-85 9.49759e-87 4.02432e-88 1.69246e-89 7.06666e-91 2.93023e-92 1.20695e-93 4.93952e-95 2.00903e-96 8.12242e-98 3.26492e-99 1.30506e-100 5.18849e-102 2.052e-103 8.07442e-105 3.16163e-106 1.23209e-107 4.77931e-109 1.84561e-110 7.09616e-112 2.71686e-113 1.03592e-114 3.93409e-116 1.48824e-117 5.6086e-119 2.10588e-120 7.87865e-122 2.9373e-123 1.09134e-124 4.04136e-126 1.4917e-127 5.48858e-129 2.01323e-130 7.36229e-132 2.68441e-133 9.75962e-135 3.53827e-136 1.27924e-137 4.61253e-139 1.65875e-140 5.94978e-142 2.12874e-143 7.59749e-145 2.70498e-146 9.60789e-148 3.40472e-149 1.20377e-150 4.24654e-152 1.49478e-153 5.25029e-155 1.84024e-156 6.43679e-158 2.24689e-159 7.82763e-161 2.72163e-162 9.44485e-164 3.27146e-165 1.13106e-166 3.90336e-168 1.34467e-169 4.62414e-171 1.58744e-172 5.44033e-174 1.86136e-175 6.35802e-177
2.71588e-44 1.11487e-44 2.5173e-45 4.1208e-46 5.45393e-47 6.18206e-48 6.21617e-49 5.67634e-50 4.78618e-51 3.77252e-52 2.80603e-53 1.98424e-54 1.34193e-55 8.72202e-57 5.47042e-58 3.32219e-59 1.95927e-60 1.1249e-61 6.30123e-63 3.45028e-64 1.84981e-65 9.72486e-67 5.01991e-68 2.54728e-69 1.272e-70 6.25664e-72 3.03401e-73 1.45163e-74 6.85765e-76 3.2008e-77 1.47696e-78 6.74145e-80 3.04532e-81 1.36212e-82 6.03525e-84 2.65003e-85 1.15358e-86 4.98017e-88 2.13297e-89 9.0658e-91 3.82505e-92 1.60249e-93 6.66805e-95 2.75645e-96 1.13228e-97 4.62274e-99 1.87621e-100 7.57157e-102 3.03872e-103 1.21304e-104 4.81737e-106 1.90356e-107 7.48529e-109 2.92955e-110 1.14131e-111 4.42662e-113 1.70947e-114 6.57396e-116 2.51777e-117 9.60453e-119 3.64968e-120 1.38164e-121 5.21122e-123 1.95852e-124 7.33501e-126 2.73775e-127 1.01846e-128 3.77647e-130 1.3959e-131 5.14372e-133 1.88968e-134 6.9218e-136 2.52811e-137 9.20759e-139 3.34425e-140 1.21137e-141 4.37632e-143 1.57695e-144 5.66795e-146 2.03216e-147 7.26829e-149 2.59343e-150 9.23213e-152 3.27896e-153 1.16198e-154 4.10868e-156 1.44967e-157 5.1041e-159 1.79335e-160 6.28821e-162 2.20049e-163 7.68523e-165 2.6789e-166 9.32038e-168 3.23669e-169 1.12195e-170 3.88209e-172 1.34088e-173 4.62338e-175 1.59143e-176 5.46871e-178
7.56592e-46 3.2092e-46 7.46594e-47 1.25644e-47 1.70646e-48 1.98195e-49 2.03942e-50 1.90369e-51 1.63924e-52 1.31838e-53 9.99827e-55 7.20362e-56 4.96063e-57 3.28116e-58 2.09318e-59 1.29233e-60 7.74483e-62 4.51667e-63 2.56891e-64 1.4277e-65 7.76636e-67 4.14136e-68 2.16766e-69 1.11502e-70 5.64266e-72 2.812e-73 1.38122e-74 6.69222e-76 3.2008e-77 1.51223e-78 7.06182e-80 3.26138e-81 1.49039e-82 6.74251e-84 3.02109e-85 1.34125e-86 5.90237e-88 2.57558e-89 1.11481e-90 4.78789e-92 2.04096e-93 8.63765e-95 3.63029e-96 1.51559e-97 6.28662e-99 2.59147e-100 1.06184e-101 4.32558e-103 1.7522e-104 7.05915e-106 2.82897e-107 1.12793e-108 4.47483e-110 1.76677e-111 6.94309e-113 2.71614e-114 1.05788e-115 4.10254e-117 1.58438e-118 6.09395e-120 2.33465e-121 8.9099e-123 3.38761e-124 1.28329e-125 4.84406e-127 1.82214e-128 6.83095e-130 2.55235e-131 9.50596e-133 3.52922e-134 1.30623e-135 4.82007e-137 1.77339e-138 6.50585e-140 2.38001e-141 8.68267e-143 3.15904e-144 1.14633e-145 4.14895e-147 1.49784e-148 5.39406e-150 1.93779e-151 6.94484e-153 2.48314e-154 8.8582e-156 3.15291e-157 1.11975e-158 3.96814e-160 1.40324e-161 4.95189e-163 1.7439e-164 6.12911e-166 2.14989e-167 7.5265e-169 2.62992e-170 9.17229e-172 3.19311e-173 1.1096e-174 3.84896e-176 1.33279e-177 4.60718e-179
2.10772e-47 9.22825e-48 2.21007e-48 3.82069e-49 5.32147e-50 6.32912e-51 6.66099e-52 6.35262e-53 5.58367e-54 4.58015e-55 3.54002e-56 2.59767e-57 1.82079e-58 1.22518e-59 7.94702e-61 4.9865e-62 3.03575e-63 1.79775e-64 1.03789e-65 5.85299e-67 3.22962e-68 1.74635e-69 9.26632e-71 4.83062e-72 2.47681e-73 1.25027e-74 6.21902e-76 3.05073e-77 1.47696e-78 7.06182e-80 3.33668e-81 1.55889e-82 7.20524e-84 3.29632e-85 1.49333e-86 6.70214e-88 2.98108e-89 1.31462e-90 5.7496e-92 2.49478e-93 1.07427e-94 4.59206e-96 1.94908e-97 8.21659e-99 3.4411e-100 1.432e-101 5.92277e-103 2.43517e-104 9.95499e-106 4.04705e-107 1.63643e-108 6.58246e-110 2.6344e-111 1.04916e-112 4.15844e-114 1.64062e-115 6.44359e-117 2.5197e-118 9.81113e-120 3.80443e-121 1.46929e-122 5.65224e-124 2.16606e-125 8.26986e-127 3.14591e-128 1.19248e-129 4.50458e-131 1.69585e-132 6.36336e-134 2.38004e-135 8.87391e-137 3.29843e-138 1.22234e-139 4.51646e-141 1.664e-142 6.11343e-144 2.23984e-145 8.18423e-147 2.98256e-148 1.08412e-149 3.93062e-151 1.42156e-152 5.12875e-154 1.84595e-155 6.62841e-157 2.37466e-158 8.48818e-160 3.02738e-161 1.0774e-162 3.82612e-164 1.35592e-165 4.79529e-167 1.69247e-168 5.96162e-170 2.09586e-171 7.35409e-173 2.5756e-174 9.00379e-176 3.14183e-177 1.09437e-178 3.80522e-180
5.8717e-49 2.65105e-49 6.53049e-50 1.15892e-50 1.65425e-51 2.01362e-52 2.16634e-53 2.10986e-54 1.8921e-55 1.58228e-56 1.24589e-57 9.30779e-59 6.63829e-60 4.54252e-61 2.99495e-62 1.90928e-63 1.18044e-64 7.09641e-66 4.15751e-67 2.37838e-68 1.33087e-69 7.29565e-71 3.92339e-72 2.07233e-73 1.07631e-74 5.50215e-76 2.77097e-77 1.37593e-78 6.74145e-80 3.26138e-81 1.55889e-82 7.3663e-84 3.44301e-85 1.59257e-86 7.29346e-88 3.30849e-89 1.48717e-90 6.6266e-92 2.92801e-93 1.28336e-94 5.58155e-96 2.40944e-97 1.03264e-98 4.39512e-100 1.85816e-101 7.80524e-103 3.25819e-104 1.35189e-105 5.57658e-107 2.28737e-108 9.33085e-110 3.78615e-111 1.52839e-112 6.13899e-114 2.45386e-115 9.76229e-117 3.866e-118 1.52417e-119 5.98302e-121 2.33869e-122 9.10416e-124 3.52993e-125 1.36332e-126 5.24538e-128 2.01068e-129 7.67961e-131 2.92281e-132 1.10857e-133 4.19048e-135 1.57883e-136 5.92943e-138 2.21986e-139 8.28519e-141 3.08302e-142 1.14386e-143 4.23176e-145 1.56116e-146 5.74348e-148 2.10733e-149 7.71153e-151 2.81465e-152 1.02472e-153 3.7214e-155 1.34818e-156 4.87249e-158 1.75685e-159 6.32001e-161 2.2684e-162 8.12382e-164 2.90305e-165 1.03519e-166 3.68363e-168 1.30809e-169 4.63571e-171 1.63958e-172 5.78762e-174 2.03907e-175 7.17043e-177 2.51681e-178 8.81786e-180 3.08387e-181
