0.368919 0.0116115 0.00783527 0.00566958 0.00432366 0.00342674 0.00279361 0.00232562 0.00196687 0.00168385 0.00145541 0.0012676 0.00111085 0.000978397 0.000865301 0.000767879 0.000683323 0.000609451 0.00054454 0.000487211 0.000436342 0.000391016 0.00035047 0.000314064 0.000281261 0.0002516 0.000224688 0.000200184 0.000177794 0.000157259 0.000142965
0.0116115 0.0010582 0.000654253 0.000433614 0.000304291 0.000223457 0.000170015 0.000132963 0.000106241 8.63354e-05 7.11084e-05 5.92036e-05 4.97269e-05 4.20686e-05 3.58011e-05 3.06163e-05 2.62873e-05 2.26437e-05 1.95555e-05 1.69216e-05 1.46628e-05 1.27161e-05 1.10307e-05 9.56569e-06 8.28762e-06 7.169e-06 6.18722e-06 5.32367e-06 4.56313e-06 3.8934e-06 3.47634e-06
0.00783527 0.000654253 0.000389812 0.000250778 0.000172138 0.000124474 9.37371e-05 7.28307e-05 5.79648e-05 4.70026e-05 3.86762e-05 3.2198e-05 2.70577e-05 2.29122e-05 1.95237e-05 1.67222e-05 1.43835e-05 1.24149e-05 1.07458e-05 9.32164e-06 8.0996e-06 7.04577e-06 6.13294e-06 5.33907e-06 4.64619e-06 4.03958e-06 3.50715e-06 3.03901e-06 2.6272e-06 2.31312e-06 2.06671e-06
0.00566958 0.000433614 0.000250778 0.000157544 0.000106309 7.60184e-05 5.68664e-05 4.40278e-05 3.499e-05 2.83689e-05 2.33598e-05 1.9471e-05 1.63882e-05 1.39025e-05 1.18699e-05 1.01883e-05 8.78321e-06 7.59928e-06 6.59439e-06 5.73605e-06 4.99879e-06 4.36238e-06 3.8106e-06 3.33031e-06 2.9108e-06 2.54329e-06 2.22057e-06 1.93681e-06 1.70614e-06 1.50216e-06 1.34272e-06
0.00432366 0.000304291 0.000172138 0.000106309 7.09181e-05 5.03769e-05 3.75691e-05 2.90643e-05 2.31115e-05 1.87632e-05 1.5477e-05 1.29253e-05 1.09009e-05 9.26642e-06 7.928e-06 6.81903e-06 5.89106e-06 5.10801e-06 4.4425e-06 3.87331e-06 3.38384e-06 2.96087e-06 2.59378e-06 2.27396e-06 1.99437e-06 1.74925e-06 1.53388e-06 1.35191e-06 1.19109e-06 1.04873e-06 9.37615e-07
0.00342674 0.000223457 0.000124474 7.60184e-05 5.03769e-05 3.5682e-05 2.65997e-05 2.05995e-05 1.64088e-05 1.33482e-05 1.10329e-05 9.23224e-06 7.80096e-06 6.64325e-06 5.69349e-06 4.90521e-06 4.24458e-06 3.68634e-06 3.2113e-06 2.80456e-06 2.45443e-06 2.15159e-06 1.88855e-06 1.6592e-06 1.45856e-06 1.28255e-06 1.1308e-06 9.96854e-07 8.7838e-07 7.73429e-07 6.91505e-07
0.00279361 0.000170015 9.37371e-05 5.68664e-05 3.75691e-05 2.65997e-05 1.98527e-05 1.54038e-05 1.22959e-05 1.00229e-05 8.29982e-06 6.95685e-06 5.88711e-06 5.02017e-06 4.30774e-06 3.71555e-06 3.21862e-06 2.79824e-06 2.44016e-06 2.13332e-06 1.869e-06 1.64024e-06 1.44142e-06 1.26799e-06 1.1162e-06 9.84184e-07 8.67887e-07 7.65178e-07 6.7429e-07 5.93745e-07 5.30808e-07
0.00232562 0.000132963 7.28307e-05 4.40278e-05 2.90643e-05 2.05995e-05 1.54038e-05 1.19773e-05 9.57995e-06 7.82273e-06 6.48757e-06 5.44464e-06 4.61228e-06 3.93659e-06 3.38056e-06 2.91786e-06 2.52921e-06 2.20018e-06 1.91974e-06 1.6793e-06 1.47209e-06 1.2927e-06 1.13674e-06 1.00065e-06 8.82016e-07 7.77776e-07 6.85923e-07 6.04783e-07 5.32967e-07 4.69313e-07 4.19499e-07
0.00196687 0.000106241 5.79648e-05 3.499e-05 2.31115e-05 1.64088e-05 1.22959e-05 9.57995e-06 7.67563e-06 6.27645e-06 5.21093e-06 4.377e-06 3.71037e-06 3.16852e-06 2.72217e-06 2.35044e-06 2.03801e-06 1.77339e-06 1.54776e-06 1.35426e-06 1.18747e-06 1.04305e-06 9.17484e-07 8.08116e-07 7.12321e-07 6.28147e-07 5.53974e-07 4.88449e-07 4.30451e-07 3.79043e-07 3.38745e-07
0.00168385 8.63354e-05 4.70026e-05 2.83689e-05 1.87632e-05 1.33482e-05 1.00229e-05 7.82273e-06 6.27645e-06 5.13771e-06 4.26879e-06 3.58764e-06 3.04244e-06 2.59887e-06 2.23322e-06 1.92854e-06 1.67237e-06 1.45534e-06 1.27027e-06 1.11154e-06 9.74715e-07 8.56236e-07 7.53318e-07 6.63489e-07 5.84815e-07 5.15693e-07 4.54787e-07 4.00987e-07 3.5337e-07 3.11167e-07 2.78026e-07
0.00145541 7.11084e-05 3.86762e-05 2.33598e-05 1.5477e-05 1.10329e-05 8.29982e-06 6.48757e-06 5.21093e-06 4.26879e-06 3.54867e-06 2.98342e-06 2.53055e-06 2.16185e-06 1.85778e-06 1.60433e-06 1.39119e-06 1.21061e-06 1.05661e-06 9.24537e-07 8.10695e-07 7.12168e-07 6.26506e-07 5.51752e-07 4.86291e-07 4.28786e-07 3.78126e-07 3.33382e-07 2.93786e-07 2.58696e-07 2.31093e-07
0.0012676 5.92036e-05 3.2198e-05 1.9471e-05 1.29253e-05 9.23224e-06 6.95685e-06 5.44464e-06 4.377e-06 3.58764e-06 2.98342e-06 2.50864e-06 2.12799e-06 1.81794e-06 1.56216e-06 1.34893e-06 1.16961e-06 1.01768e-06 8.88118e-07 7.77017e-07 6.81285e-07 5.98407e-07 5.26364e-07 4.63506e-07 4.08475e-07 3.60143e-07 3.17572e-07 2.7998e-07 2.46718e-07 2.17246e-07 1.94024e-07
0.00111085 4.97269e-05 2.70577e-05 1.63882e-05 1.09009e-05 7.80096e-06 5.88711e-06 4.61228e-06 3.71037e-06 3.04244e-06 2.53055e-06 2.12799e-06 1.80507e-06 1.54195e-06 1.32485e-06 1.14386e-06 9.91653e-07 8.62706e-07 7.52763e-07 6.58505e-07 5.77283e-07 5.0698e-07 4.45882e-07 3.92587e-07 3.45938e-07 3.04978e-07 2.68907e-07 2.37062e-07 2.0889e-07 1.83934e-07 1.64237e-07
0.000978397 4.20686e-05 2.29122e-05 1.39025e-05 9.26642e-06 6.64325e-06 5.02017e-06 3.93659e-06 3.16852e-06 2.59887e-06 2.16185e-06 1.81794e-06 1.54195e-06 1.31703e-06 1.13143e-06 9.76696e-07 8.46587e-07 7.36375e-07 6.42424e-07 5.61884e-07 4.92496e-07 4.3245e-07 3.80279e-07 3.34781e-07 2.94967e-07 2.60015e-07 2.29244e-07 2.02084e-07 1.78061e-07 1.56785e-07 1.39966e-07
0.000865301 3.58011e-05 1.95237e-05 1.18699e-05 7.928e-06 5.69349e-06 4.30774e-06 3.38056e-06 2.72217e-06 2.23322e-06 1.85778e-06 1.56216e-06 1.32485e-06 1.13143e-06 9.71815e-07 8.3876e-07 7.2689e-07 6.32145e-07 5.51389e-07 4.82174e-07 4.22557e-07 3.70978e-07 3.26174e-07 2.87111e-07 2.52935e-07 2.22942e-07 1.96541e-07 1.73245e-07 1.52644e-07 1.34402e-07 1.19959e-07
0.000767879 3.06163e-05 1.67222e-05 1.01883e-05 6.81903e-06 4.90521e-06 3.71555e-06 2.91786e-06 2.35044e-06 1.92854e-06 1.60433e-06 1.34893e-06 1.14386e-06 9.76696e-07 8.3876e-07 7.23784e-07 6.2713e-07 5.45282e-07 4.75533e-07 4.15765e-07 3.64296e-07 3.19777e-07 2.81115e-07 2.47414e-07 2.17938e-07 1.92074e-07 1.69315e-07 1.49236e-07 1.31484e-07 1.15768e-07 1.03308e-07
0.000683323 2.62873e-05 1.43835e-05 8.78321e-06 5.89106e-06 4.24458e-06 3.21862e-06 2.52921e-06 2.03801e-06 1.67237e-06 1.39119e-06 1.16961e-06 9.91653e-07 8.46587e-07 7.2689e-07 6.2713e-07 5.43277e-07 4.72281e-07 4.11793e-07 3.59972e-07 3.15356e-07 2.76774e-07 2.43275e-07 2.14082e-07 1.88554e-07 1.66161e-07 1.4646e-07 1.29083e-07 1.13724e-07 1.00128e-07 8.93338e-08
0.000609451 2.26437e-05 1.24149e-05 7.59928e-06 5.10801e-06 3.68634e-06 2.79824e-06 2.20018e-06 1.77339e-06 1.45534e-06 1.21061e-06 1.01768e-06 8.62706e-07 7.36375e-07 6.32145e-07 5.45282e-07 4.72281e-07 4.10486e-07 3.57847e-07 3.1276e-07 2.7395e-07 2.40396e-07 2.1127e-07 1.85893e-07 1.63708e-07 1.44251e-07 1.27137e-07 1.12046e-07 9.87093e-08 8.69071e-08 7.75238e-08
0.00054454 1.95555e-05 1.07458e-05 6.59439e-06 4.4425e-06 3.2113e-06 2.44016e-06 1.91974e-06 1.54776e-06 1.27027e-06 1.05661e-06 8.88118e-07 7.52763e-07 6.42424e-07 5.51389e-07 4.75533e-07 4.11793e-07 3.57847e-07 3.11904e-07 2.72559e-07 2.38699e-07 2.09431e-07 1.84031e-07 1.61905e-07 1.42567e-07 1.2561e-07 1.10699e-07 9.7553e-08 8.59381e-08 7.56613e-08 6.74803e-08
0.000487211 1.69216e-05 9.32164e-06 5.73605e-06 3.87331e-06 2.80456e-06 2.13332e-06 1.6793e-06 1.35426e-06 1.11154e-06 9.24537e-07 7.77017e-07 6.58505e-07 5.61884e-07 4.82174e-07 4.15765e-07 3.59972e-07 3.1276e-07 2.72559e-07 2.38138e-07 2.08523e-07 1.82928e-07 1.60721e-07 1.41381e-07 1.2448e-07 1.09665e-07 9.6639e-08 8.51574e-08 7.50153e-08 6.60434e-08 5.88926e-08
0.000436342 1.46628e-05 8.0996e-06 4.99879e-06 3.38384e-06 2.45443e-06 1.869e-06 1.47209e-06 1.18747e-06 9.74715e-07 8.10695e-07 6.81285e-07 5.77283e-07 4.92496e-07 4.22557e-07 3.64296e-07 3.15356e-07 2.7395e-07 2.38699e-07 2.08523e-07 1.82563e-07 1.60134e-07 1.40675e-07 1.23733e-07 1.08931e-07 9.59574e-08 8.45537e-08 7.45037e-08 6.5628e-08 5.77777e-08 5.15137e-08
0.000391016 1.27161e-05 7.04577e-06 4.36238e-06 2.96087e-06 2.15159e-06 1.64024e-06 1.2927e-06 1.04305e-06 8.56236e-07 7.12168e-07 5.98407e-07 5.0698e-07 4.3245e-07 3.70978e-07 3.19777e-07 2.76774e-07 2.40396e-07 2.09431e-07 1.82928e-07 1.60134e-07 1.40441e-07 1.23361e-07 1.08492e-07 9.55041e-08 8.41227e-08 7.41203e-08 6.53069e-08 5.75248e-08 5.06428e-08 4.51457e-08
0.00035047 1.10307e-05 6.13294e-06 3.8106e-06 2.59378e-06 1.88855e-06 1.44142e-06 1.13674e-06 9.17484e-07 7.53318e-07 6.26506e-07 5.26364e-07 4.45882e-07 3.80279e-07 3.26174e-07 2.81115e-07 2.43275e-07 2.1127e-07 1.84031e-07 1.60721e-07 1.40675e-07 1.23361e-07 1.08347e-07 9.52777e-08 8.38639e-08 7.38639e-08 6.5077e-08 5.73361e-08 5.05021e-08 4.44596e-08 3.96282e-08
0.000314064 9.56569e-06 5.33907e-06 3.33031e-06 2.27396e-06 1.6592e-06 1.26799e-06 1.00065e-06 8.08116e-07 6.63489e-07 5.51752e-07 4.63506e-07 3.92587e-07 3.34781e-07 2.87111e-07 2.47414e-07 2.14082e-07 1.85893e-07 1.61905e-07 1.41381e-07 1.23733e-07 1.08492e-07 9.52777e-08 8.37775e-08 7.37352e-08 6.49384e-08 5.72099e-08 5.04026e-08 4.43936e-08 3.90814e-08 3.48301e-08
0.000281261 8.28762e-06 4.64619e-06 2.9108e-06 1.99437e-06 1.45856e-06 1.1162e-06 8.82016e-07 7.12321e-07 5.84815e-07 4.86291e-07 4.08475e-07 3.45938e-07 2.94967e-07 2.52935e-07 2.17938e-07 1.88554e-07 1.63708e-07 1.42567e-07 1.2448e-07 1.08931e-07 9.55041e-08 8.38639e-08 7.37352e-08 6.4892e-08 5.71465e-08 5.03427e-08 4.43507e-08 3.90622e-08 3.43875e-08 3.06434e-08
0.0002516 7.169e-06 4.03958e-06 2.54329e-06 1.74925e-06 1.28255e-06 9.84184e-07 7.77776e-07 6.28147e-07 5.15693e-07 4.28786e-07 3.60143e-07 3.04978e-07 2.60015e-07 2.22942e-07 1.92074e-07 1.66161e-07 1.44251e-07 1.2561e-07 1.09665e-07 9.59574e-08 8.41227e-08 7.38639e-08 6.49384e-08 5.71465e-08 5.03227e-08 4.43294e-08 3.90517e-08 3.43943e-08 3.02779e-08 2.69786e-08
0.000224688 6.18722e-06 3.50715e-06 2.22057e-06 1.53388e-06 1.1308e-06 8.67887e-07 6.85923e-07 5.53974e-07 4.54787e-07 3.78126e-07 3.17572e-07 2.68907e-07 2.29244e-07 1.96541e-07 1.69315e-07 1.4646e-07 1.27137e-07 1.10699e-07 9.6639e-08 8.45537e-08 7.41203e-08 6.5077e-08 5.72099e-08 5.03427e-08 4.43294e-08 3.90484e-08 3.43985e-08 3.02954e-08 2.66694e-08 2.37613e-08
0.000200184 5.32367e-06 3.03901e-06 1.93681e-06 1.35191e-06 9.96854e-07 7.65178e-07 6.04783e-07 4.88449e-07 4.00987e-07 3.33382e-07 2.7998e-07 2.37062e-07 2.02084e-07 1.73245e-07 1.49236e-07 1.29083e-07 1.12046e-07 9.7553e-08 8.51574e-08 7.45037e-08 6.53069e-08 5.73361e-08 5.04026e-08 4.43507e-08 3.90517e-08 3.43985e-08 3.03017e-08 2.66869e-08 2.34926e-08 2.09296e-08
0.000177794 4.56313e-06 2.6272e-06 1.70614e-06 1.19109e-06 8.7838e-07 6.7429e-07 5.32967e-07 4.30451e-07 3.5337e-07 2.93786e-07 2.46718e-07 2.0889e-07 1.78061e-07 1.52644e-07 1.31484e-07 1.13724e-07 9.87093e-08 8.59381e-08 7.50153e-08 6.5628e-08 5.75248e-08 5.05021e-08 4.43936e-08 3.90622e-08 3.43943e-08 3.02954e-08 2.66869e-08 2.35031e-08 2.06898e-08 1.84318e-08
0.000157259 3.8934e-06 2.31312e-06 1.50216e-06 1.04873e-06 7.73429e-07 5.93745e-07 4.69313e-07 3.79043e-07 3.11167e-07 2.58696e-07 2.17246e-07 1.83934e-07 1.56785e-07 1.34402e-07 1.15768e-07 1.00128e-07 8.69071e-08 7.56613e-08 6.60434e-08 5.77777e-08 5.06428e-08 4.44596e-08 3.90814e-08 3.43875e-08 3.02779e-08 2.66694e-08 2.34926e-08 2.06898e-08 1.82132e-08 1.62251e-08
0.000142965 3.47634e-06 2.06671e-06 1.34272e-06 9.37615e-07 6.91505e-07 5.30808e-07 4.19499e-07 3.38745e-07 2.78026e-07 2.31093e-07 1.94024e-07 1.64237e-07 1.39966e-07 1.19959e-07 1.03308e-07 8.93338e-08 7.75238e-08 6.74803e-08 5.88926e-08 5.15137e-08 4.51457e-08 3.96282e-08 3.48301e-08 3.06434e-08 2.69786e-08 2.37613e-08 2.09296e-08 1.84318e-08 1.62251e-08 1.44517e-08
