0.261904 0.113871 0.0495093 0.0215258 0.00935904 0.00406915 0.0017692 0.000769215 0.000334441 0.000145409 6.32215e-05 2.74876e-05 1.19511e-05 5.19614e-06 2.25919e-06 9.82257e-07 4.27068e-07 1.85682e-07 8.07313e-08 3.51006e-08 1.52611e-08 6.63527e-09 2.8849e-09 1.2543e-09 5.45349e-10 2.37108e-10 1.03091e-10 4.4822e-11 1.94878e-11 8.47297e-12 3.6839e-12 1.6017e-12 6.96389e-13 3.02778e-13 1.31643e-13 5.72359e-14 2.48852e-14 1.08196e-14 4.70419e-15 2.0453e-15 8.89261e-16 3.86635e-16 1.68102e-16 7.3088e-17 3.17774e-17 1.38163e-17 6.00707e-18 2.61177e-18 1.13555e-18 4.93718e-19 2.1466e-19 9.33304e-20 4.05784e-20 1.76428e-20 7.67078e-21 3.33512e-21 1.45005e-21 6.30458e-22 2.74112e-22 1.19179e-22 5.1817e-23 2.25292e-23 9.79528e-24 4.25882e-24 1.85166e-24 8.0507e-25 3.5003e-25 1.52187e-25 6.61683e-26 2.87688e-26 1.25082e-26 5.43834e-27 2.3645e-27 1.02804e-27 4.46975e-28 1.94337e-28 8.44943e-29 3.67366e-29 1.59725e-29 6.94454e-30 3.01937e-30 1.31277e-30 5.70769e-31 2.4816e-31 1.07896e-31 4.69112e-32 2.03962e-32 8.86791e-33 3.85561e-33 1.67635e-33 7.28849e-34 3.16891e-34 1.37779e-34 5.99038e-35 2.60451e-35 1.1324e-35 4.92346e-36 2.14064e-36 9.30711e-37 4.04657e-37 1.75938e-37
0.113871 0.0645862 0.0346361 0.0179092 0.00902579 0.00446302 0.00217469 0.00104736 0.000499656 0.000236494 0.000111194 5.19848e-05 2.41844e-05 1.1203e-05 5.16997e-06 2.37787e-06 1.0904e-06 4.98672e-07 2.27503e-07 1.03562e-07 4.70474e-08 2.13339e-08 9.65759e-09 4.36502e-09 1.97004e-09 8.87934e-10 3.99708e-10 1.7972e-10 8.07196e-11 3.62173e-11 1.62344e-11 7.27051e-12 3.25329e-12 1.45456e-12 6.49849e-13 2.90121e-13 1.29435e-13 5.77084e-14 2.57135e-14 1.14506e-14 5.09625e-15 2.26695e-15 1.00789e-15 4.47889e-16 1.98942e-16 8.83258e-17 3.91979e-17 1.73884e-17 7.71051e-18 3.41776e-18 1.51441e-18 6.70794e-19 2.97022e-19 1.31476e-19 5.81792e-20 2.57369e-20 1.13819e-20 5.03214e-21 2.22418e-21 9.82814e-22 4.34171e-22 1.91753e-22 8.46678e-23 3.7376e-23 1.64956e-23 7.27859e-24 3.21095e-24 1.41621e-24 6.24506e-25 2.75334e-25 1.21366e-25 5.3488e-26 2.35687e-26 1.03834e-26 4.5737e-27 2.01429e-27 8.86967e-28 3.90502e-28 1.71898e-28 7.56579e-29 3.32945e-29 1.46497e-29 6.445e-30 2.83503e-30 1.24691e-30 5.48345e-31 2.41111e-31 1.06005e-31 4.65997e-32 2.04827e-32 9.00202e-33 3.95588e-33 1.73819e-33 7.63666e-34 3.35477e-34 1.47359e-34 6.4721e-35 2.8423e-35 1.2481e-35 5.48012e-36 2.40595e-36
0.0495093 0.0346361 0.0216272 0.0126362 0.00706372 0.00382501 0.00202181 0.00104852 0.000535423 0.000269927 0.000134613 6.65108e-05 3.25983e-05 1.58645e-05 7.67257e-06 3.69006e-06 1.76584e-06 8.41218e-07 3.99101e-07 1.88639e-07 8.88573e-08 4.17239e-08 1.9535e-08 9.12164e-09 4.2486e-09 1.97428e-09 9.1543e-10 4.23603e-10 1.95643e-10 9.01966e-11 4.15129e-11 1.90758e-11 8.75247e-12 4.01013e-12 1.83485e-12 8.38464e-13 3.82683e-13 1.74458e-13 7.94441e-14 3.61389e-14 1.64229e-14 7.45603e-15 3.38193e-15 1.53263e-15 6.93974e-16 3.13976e-16 1.41942e-16 6.41205e-17 2.89449e-17 1.3057e-17 5.88606e-18 2.65171e-18 1.19387e-18 5.37187e-19 2.4157e-19 1.08572e-19 4.87701e-20 2.18959e-20 9.82541e-21 4.40682e-21 1.97557e-21 8.85233e-22 3.96486e-22 1.77504e-22 7.9434e-23 3.55325e-23 1.58881e-23 7.10145e-24 3.17292e-24 1.41714e-24 6.32717e-25 2.82394e-25 1.25995e-25 5.61965e-26 2.50567e-26 1.11687e-26 4.97678e-27 2.21699e-27 9.87308e-28 4.3956e-28 1.95642e-28 8.7054e-29 3.87257e-29 1.72226e-29 7.65749e-30 3.40382e-30 1.51266e-30 6.7207e-31 2.98529e-31 1.32574e-31 5.8862e-32 2.61286e-32 1.15959e-32 5.14522e-33 2.28251e-33 1.01236e-33 4.48923e-34 1.99033e-34 8.82259e-35 3.91009e-35 1.7326e-35
0.0215258 0.0179092 0.0126362 0.00814466 0.00495107 0.00288702 0.0016314 0.000899376 0.000485977 0.000258262 0.000135328 7.00585e-05 3.58892e-05 1.82159e-05 9.17018e-06 4.5827e-06 2.2751e-06 1.12277e-06 5.51087e-07 2.69151e-07 1.30855e-07 6.33524e-08 3.05526e-08 1.46814e-08 7.03122e-09 3.35687e-09 1.59796e-09 7.58591e-10 3.59193e-10 1.69666e-10 7.99587e-11 3.76008e-11 1.76457e-11 8.2649e-12 3.86398e-12 1.80332e-12 8.40202e-13 3.90845e-13 1.81538e-13 8.41975e-14 3.89968e-14 1.80378e-14 8.33268e-15 3.84464e-15 1.77182e-15 8.1563e-16 3.75057e-16 1.72286e-16 7.90617e-17 3.62462e-17 1.66018e-17 7.59725e-18 3.47361e-18 1.58687e-18 7.24348e-19 3.3038e-19 1.50574e-19 6.85751e-20 3.12085e-20 1.41932e-20 6.45053e-21 2.92974e-21 1.3298e-21 6.03225e-22 2.73472e-22 1.23907e-22 5.61088e-23 2.53939e-23 1.14867e-23 5.19324e-24 2.34671e-24 1.05991e-24 4.78484e-25 2.15905e-25 9.73779e-26 4.39e-26 1.97824e-26 8.91066e-27 4.012e-27 1.80566e-27 8.12342e-28 3.65321e-28 1.64227e-28 7.38001e-29 3.31521e-29 1.48871e-29 6.68285e-30 2.99892e-30 1.34532e-30 6.03314e-31 2.70473e-31 1.21219e-31 5.43104e-32 2.43258e-32 1.08924e-32 4.87589e-33 2.18204e-33 9.7623e-34 4.3664e-34 1.95245e-34 8.72815e-35
0.00935904 0.00902579 0.00706372 0.00495107 0.0032345 0.00201062 0.00120393 0.000700001 0.000397402 0.00022118 0.00012105 6.52991e-05 3.47844e-05 1.83253e-05 9.5597e-06 4.94327e-06 2.53594e-06 1.29163e-06 6.53573e-07 3.28733e-07 1.64436e-07 8.18349e-08 4.05352e-08 1.99905e-08 9.81841e-09 4.80399e-09 2.34213e-09 1.13806e-09 5.51246e-10 2.66217e-10 1.28205e-10 6.15775e-11 2.95015e-11 1.41003e-11 6.72397e-12 3.19952e-12 1.51932e-12 7.20046e-13 3.40608e-13 1.60832e-13 7.58125e-14 3.56776e-14 1.67635e-14 7.86455e-15 3.68427e-15 1.72354e-15 8.05203e-16 3.75686e-16 1.75066e-16 8.14808e-17 3.78793e-17 1.75898e-17 8.15919e-18 3.78074e-18 1.75011e-18 8.09331e-19 3.73915e-19 1.72591e-19 7.9593e-20 3.66736e-20 1.68837e-20 7.76647e-21 3.56973e-21 1.6395e-21 7.52421e-22 3.45059e-22 1.58131e-22 7.24167e-23 3.31412e-23 1.5157e-23 6.92756e-24 3.16429e-24 1.44447e-24 6.58996e-25 3.00473e-25 1.36925e-25 6.23622e-26 2.83874e-26 1.29152e-26 5.87293e-27 2.66925e-27 1.21258e-27 5.50583e-28 2.4988e-28 1.13355e-28 5.1399e-29 2.32958e-29 1.05539e-29 4.7793e-30 2.1634e-30 9.78887e-31 4.42748e-31 2.00176e-31 9.04691e-32 4.08721e-32 1.84584e-32 8.33308e-33 3.76066e-33 1.69657e-33 7.65122e-34 3.44941e-34
0.00406915 0.00446302 0.00382501 0.00288702 0.00201062 0.00132312 0.000834384 0.000508844 0.000301991 0.000175219 9.97343e-05 5.58393e-05 3.08167e-05 1.6793e-05 9.04848e-06 4.82656e-06 2.55119e-06 1.3374e-06 6.95828e-07 3.59536e-07 1.84596e-07 9.4221e-08 4.78309e-08 2.41584e-08 1.21444e-08 6.07803e-09 3.02936e-09 1.504e-09 7.43966e-10 3.66738e-10 1.80193e-10 8.82626e-11 4.31062e-11 2.09939e-11 1.01975e-11 4.94078e-12 2.3881e-12 1.15162e-12 5.54132e-13 2.66074e-13 1.27502e-13 6.09805e-14 2.91112e-14 1.38725e-14 6.59945e-15 3.13432e-15 1.48624e-15 7.03675e-16 3.3267e-16 1.5705e-16 7.40395e-17 3.48588e-17 1.6391e-17 7.69762e-18 3.61066e-18 1.69165e-18 7.91668e-19 3.70085e-19 1.72822e-19 8.06208e-20 3.75718e-20 1.74926e-20 8.13647e-21 3.78111e-21 1.75556e-21 8.14391e-22 3.77471e-22 1.74814e-22 8.08946e-23 3.74045e-23 1.72821e-23 7.97898e-24 3.68115e-24 1.69711e-24 7.81878e-25 3.59977e-25 1.65624e-25 7.61541e-26 3.49937e-26 1.60701e-26 7.37545e-27 3.383e-27 1.55084e-27 7.10535e-28 3.25362e-28 1.48906e-28 6.8113e-29 3.11403e-29 1.42297e-29 6.4991e-30 2.96688e-30 1.35375e-30 6.17413e-31 2.81458e-31 1.2825e-31 5.84126e-32 2.65931e-32 1.21018e-32 5.50486e-33 2.50303e-33 1.13766e-33
0.0017692 0.00217469 0.00202181 0.0016314 0.00120393 0.000834384 0.000551601 0.000351367 0.000217171 0.000130902 7.72406e-05 4.47488e-05 2.55134e-05 1.43426e-05 7.96227e-06 4.37076e-06 2.375e-06 1.27868e-06 6.82655e-07 3.61646e-07 1.90228e-07 9.9405e-08 5.16284e-08 2.66625e-08 1.36964e-08 7.00098e-09 3.56194e-09 1.80432e-09 9.10218e-10 4.57389e-10 2.28995e-10 1.14248e-10 5.68111e-11 2.81611e-11 1.39176e-11 6.85862e-12 3.37075e-12 1.65229e-12 8.07909e-13 3.94098e-13 1.91802e-13 9.31427e-14 4.51368e-14 2.1829e-14 1.05364e-14 5.07615e-15 2.44115e-15 1.17192e-15 5.61657e-16 2.68745e-16 1.28389e-16 6.12436e-17 2.91713e-17 1.3875e-17 6.59047e-18 3.12623e-18 1.48103e-18 7.00754e-19 3.3116e-19 1.56315e-19 7.36992e-20 3.47091e-20 1.63287e-20 7.67372e-21 3.60258e-21 1.68962e-21 7.91668e-22 3.70583e-22 1.73312e-22 8.09807e-23 3.78054e-23 1.76342e-23 8.21854e-24 3.8272e-24 1.78083e-24 8.27991e-25 3.8468e-25 1.78588e-25 8.28498e-26 3.84081e-26 1.77931e-26 8.23737e-27 3.81098e-27 1.76199e-27 8.14129e-28 3.75936e-28 1.73488e-28 8.00141e-29 3.68816e-29 1.69904e-29 7.82264e-30 3.59968e-30 1.65554e-30 7.61002e-31 3.49628e-31 1.60548e-31 7.36863e-32 3.3803e-32 1.54993e-32 7.1034e-33 3.25399e-33
0.000769215 0.00104736 0.00104852 0.000899376 0.000700001 0.000508844 0.000351367 0.000233017 0.00014954 9.33799e-05 5.69732e-05 3.40721e-05 2.00237e-05 1.15876e-05 6.61433e-06 3.72933e-06 2.07943e-06 1.14781e-06 6.27747e-07 3.40422e-07 1.83172e-07 9.78504e-08 5.1922e-08 2.73796e-08 1.43538e-08 7.48404e-09 3.88219e-09 2.0041e-09 1.02988e-09 5.26974e-10 2.6855e-10 1.36328e-10 6.89533e-11 3.47547e-11 1.74595e-11 8.74337e-12 4.36531e-12 2.1732e-12 1.07891e-12 5.34221e-13 2.6385e-13 1.29998e-13 6.39002e-14 3.13395e-14 1.5337e-14 7.49008e-15 3.65057e-15 1.7758e-15 8.62212e-16 4.1788e-16 2.02177e-16 9.76512e-17 4.70885e-17 2.26708e-17 1.08981e-17 5.2311e-18 2.50731e-18 1.2001e-18 5.73638e-19 2.73833e-19 1.3055e-19 6.21627e-20 2.95635e-20 1.40434e-20 6.6633e-21 3.15807e-21 1.49514e-21 7.07106e-22 3.3407e-22 1.57672e-22 7.43435e-23 3.502e-23 1.6481e-23 7.74917e-24 3.64032e-24 1.70862e-24 8.01274e-25 3.75453e-25 1.75783e-25 8.22344e-26 3.84408e-26 1.79556e-26 8.38076e-27 3.90886e-27 1.82183e-27 8.48515e-28 3.94925e-28 1.83687e-28 8.53799e-29 3.966e-29 1.84109e-29 8.54138e-30 3.9602e-30 1.83504e-30 8.49808e-31 3.9332e-31 1.81939e-31 8.41133e-32 3.88658e-32 1.79489e-32 8.28477e-33
0.000334441 0.000499656 0.000535423 0.000485977 0.000397402 0.000301991 0.000217171 0.00014954 9.94002e-05 6.41574e-05 4.03889e-05 2.48841e-05 1.50457e-05 8.94719e-06 5.24246e-06 3.03119e-06 1.73172e-06 9.78586e-07 5.47503e-07 3.03525e-07 1.66852e-07 9.10066e-08 4.92785e-08 2.65034e-08 1.41645e-08 7.52529e-09 3.97585e-09 2.08959e-09 1.09281e-09 5.68858e-10 2.94809e-10 1.52145e-10 7.82066e-11 4.00483e-11 2.04342e-11 1.03905e-11 5.26609e-12 2.66057e-12 1.34015e-12 6.731e-13 3.37136e-13 1.68413e-13 8.39151e-14 4.17097e-14 2.06828e-14 1.02327e-14 5.05149e-15 2.48845e-15 1.22334e-15 6.00221e-16 2.9393e-16 1.43673e-16 7.01014e-17 3.4145e-17 1.66035e-17 8.06052e-18 3.90698e-18 1.89083e-18 9.13733e-19 4.40917e-19 2.12463e-19 1.02239e-19 4.9133e-20 2.35813e-20 1.13035e-20 5.41164e-21 2.58776e-21 1.23598e-21 5.89669e-22 2.81011e-22 1.33773e-22 6.36143e-23 3.022e-23 1.43416e-23 6.79943e-24 3.22056e-24 1.52399e-24 7.20503e-25 3.40329e-25 1.60613e-25 7.57338e-26 3.56807e-26 1.67965e-26 7.90053e-27 3.71322e-27 1.74385e-27 8.18347e-28 3.83746e-28 1.79819e-28 8.42006e-29 3.93996e-29 1.84234e-29 8.60908e-30 4.02028e-30 1.87618e-30 8.75014e-31 4.07835e-31 1.89971e-31 8.8436e-32 4.11446e-32 1.91313e-32
0.000145409 0.000236494 0.000269927 0.000258262 0.00022118 0.000175219 0.000130902 9.33799e-05 6.41574e-05 4.2721e-05 2.77e-05 1.75527e-05 1.09017e-05 6.65191e-06 3.99518e-06 2.36572e-06 1.38299e-06 7.99102e-07 4.56826e-07 2.58607e-07 1.45078e-07 8.07095e-08 4.45519e-08 2.4415e-08 1.32893e-08 7.18762e-09 3.86433e-09 2.06596e-09 1.09866e-09 5.81337e-10 3.06145e-10 1.60498e-10 8.37822e-11 4.35576e-11 2.25574e-11 1.16387e-11 5.98387e-12 3.06612e-12 1.56598e-12 7.97326e-13 4.04752e-13 2.04879e-13 1.03422e-13 5.20683e-14 2.61473e-14 1.30982e-14 6.5459e-15 3.26386e-15 1.6238e-15 8.06134e-16 3.99378e-16 1.97466e-16 9.74451e-17 4.79969e-17 2.35981e-17 1.15818e-17 5.67452e-18 2.77563e-18 1.35549e-18 6.60916e-19 3.21763e-19 1.56416e-19 7.59279e-20 3.68054e-20 1.78167e-20 8.61321e-21 4.15852e-21 2.00522e-21 9.6572e-22 4.64533e-22 2.23189e-22 1.0711e-22 5.13453e-23 2.45865e-23 1.17606e-23 5.61962e-24 2.68251e-24 1.27921e-24 6.09424e-25 2.90056e-25 1.37923e-25 6.55233e-26 3.11003e-26 1.47486e-26 6.98822e-27 3.30837e-27 1.56496e-27 7.39677e-28 3.4933e-28 1.64851e-28 7.77347e-29 3.6628e-29 1.72462e-29 8.11446e-30 3.81521e-30 1.79257e-30 8.41659e-31 3.94917e-31 1.85178e-31 8.67745e-32 4.06367e-32
6.32215e-05 0.000111194 0.000134613 0.000135328 0.00012105 9.97343e-05 7.72406e-05 5.69732e-05 4.03889e-05 2.77e-05 1.84704e-05 1.20205e-05 7.65854e-06 4.78869e-06 2.94455e-06 1.78357e-06 1.06574e-06 6.28981e-07 3.67032e-07 2.11959e-07 1.21234e-07 6.87283e-08 3.86414e-08 2.15586e-08 1.19414e-08 6.56984e-09 3.59164e-09 1.95178e-09 1.05467e-09 5.66867e-10 3.03142e-10 1.61334e-10 8.54716e-11 4.50848e-11 2.36832e-11 1.23917e-11 6.45925e-12 3.35477e-12 1.73636e-12 8.95722e-13 4.60599e-13 2.36126e-13 1.20694e-13 6.15172e-14 3.12696e-14 1.58528e-14 8.01654e-15 4.04393e-15 2.03513e-15 1.02185e-15 5.11945e-16 2.55933e-16 1.27682e-16 6.35711e-17 3.15895e-17 1.56677e-17 7.75657e-18 3.83319e-18 1.89103e-18 9.31339e-19 4.57936e-19 2.24808e-19 1.10191e-19 5.39291e-20 2.6355e-20 1.28612e-20 6.26752e-21 3.05012e-21 1.48239e-21 7.19527e-22 3.48804e-22 1.68881e-22 8.16689e-23 3.94476e-23 1.90321e-23 9.17196e-24 4.41531e-24 2.12321e-24 1.01992e-24 4.89436e-25 2.34631e-25 1.12369e-25 5.37637e-26 2.56993e-26 1.22729e-26 5.85575e-27 2.79145e-27 1.32953e-27 6.32692e-28 3.00832e-28 1.42921e-28 6.78451e-29 3.21807e-29 1.52523e-29 7.22342e-30 3.41841e-30 1.61654e-30 7.63892e-31 3.60719e-31 1.70217e-31 8.02675e-32
2.74876e-05 5.19848e-05 6.65108e-05 7.00585e-05 6.52991e-05 5.58393e-05 4.47488e-05 3.40721e-05 2.48841e-05 1.75527e-05 1.20205e-05 8.02434e-06 5.23831e-06 3.3527e-06 2.10837e-06 1.30503e-06 7.96284e-07 4.79568e-07 2.85395e-07 1.67987e-07 9.78823e-08 5.65008e-08 3.23305e-08 1.83499e-08 1.03358e-08 5.78035e-09 3.21105e-09 1.77252e-09 9.72612e-10 5.30681e-10 2.88006e-10 1.55511e-10 8.35647e-11 4.46976e-11 2.38035e-11 1.26234e-11 6.66768e-12 3.50839e-12 1.83928e-12 9.60851e-13 5.00262e-13 2.59614e-13 1.34308e-13 6.92737e-14 3.56268e-14 1.82714e-14 9.3454e-15 4.76752e-15 2.42602e-15 1.23152e-15 6.23684e-16 3.15137e-16 1.58883e-16 7.99327e-17 4.01302e-17 2.01069e-17 1.00547e-17 5.01847e-18 2.50018e-18 1.24335e-18 6.17248e-19 3.05907e-19 1.51356e-19 7.47679e-20 3.68764e-20 1.81602e-20 8.92988e-21 4.38471e-21 2.14992e-21 1.05269e-21 5.14751e-22 2.51374e-22 1.22599e-22 5.97179e-23 2.90529e-23 1.41174e-23 6.85186e-24 3.32173e-24 1.60854e-24 7.78073e-25 3.7596e-25 1.8147e-25 8.75025e-26 4.21499e-26 2.02834e-26 9.75133e-27 4.68353e-27 2.24738e-27 1.07741e-27 5.16057e-28 2.46962e-28 1.18083e-28 5.64124e-29 2.69278e-29 1.28431e-29 6.12058e-30 2.91455e-30 1.3868e-30 6.5936e-31 3.13262e-31 1.48721e-31
1.19511e-05 2.41844e-05 3.25983e-05 3.58892e-05 3.47844e-05 3.08167e-05 2.55134e-05 2.00237e-05 1.50457e-05 1.09017e-05 7.65854e-06 5.23831e-06 3.50009e-06 2.2908e-06 1.4719e-06 9.30174e-07 5.79062e-07 3.55587e-07 2.15639e-07 1.29273e-07 7.66781e-08 4.50353e-08 2.62092e-08 1.5123e-08 8.65661e-09 4.91809e-09 2.77447e-09 1.5548e-09 8.6584e-10 4.79314e-10 2.63849e-10 1.44467e-10 7.8699e-11 4.26645e-11 2.30227e-11 1.23689e-11 6.61718e-12 3.52582e-12 1.8714e-12 9.89607e-13 5.21446e-13 2.73822e-13 1.43316e-13 7.47731e-14 3.88926e-14 2.01701e-14 1.04307e-14 5.37927e-15 2.76682e-15 1.41946e-15 7.26416e-16 3.70854e-16 1.88889e-16 9.59908e-17 4.86744e-17 2.4629e-17 1.24364e-17 6.2672e-18 3.15213e-18 1.58238e-18 7.92897e-19 3.96591e-19 1.98021e-19 9.8705e-20 4.91187e-20 2.44036e-20 1.21053e-20 5.99556e-21 2.96505e-21 1.4642e-21 7.22015e-22 3.55539e-22 1.74838e-22 8.58627e-23 4.21122e-23 2.06281e-23 1.00918e-23 4.93115e-24 2.40664e-24 1.17318e-24 5.71247e-25 2.77841e-25 1.34987e-25 6.55122e-26 3.1761e-26 1.53822e-26 7.44222e-27 3.59713e-27 1.73695e-27 8.3792e-28 4.03842e-28 1.94456e-28 9.35489e-29 4.49646e-29 2.15936e-29 1.03612e-29 4.96738e-30 2.37951e-30 1.13893e-30 5.44701e-31 2.60303e-31
5.19614e-06 1.1203e-05 1.58645e-05 1.82159e-05 1.83253e-05 1.6793e-05 1.43426e-05 1.15876e-05 8.94719e-06 6.65191e-06 4.78869e-06 3.3527e-06 2.2908e-06 1.53184e-06 1.0048e-06 6.47785e-07 4.11122e-07 2.57223e-07 1.58843e-07 9.6918e-08 5.84811e-08 3.49263e-08 2.06598e-08 1.21121e-08 7.04164e-09 4.0618e-09 2.32571e-09 1.32242e-09 7.47008e-10 4.19352e-10 2.34029e-10 1.29875e-10 7.16914e-11 3.93734e-11 2.15197e-11 1.17074e-11 6.34106e-12 3.41999e-12 1.83707e-12 9.82956e-13 5.23985e-13 2.78318e-13 1.4732e-13 7.77205e-14 4.08709e-14 2.14264e-14 1.11991e-14 5.83669e-15 3.03345e-15 1.57229e-15 8.12823e-16 4.1914e-16 2.15605e-16 1.10643e-16 5.66486e-17 2.89389e-17 1.47513e-17 7.50346e-18 3.80892e-18 1.92963e-18 9.75674e-19 4.92395e-19 2.48041e-19 1.24725e-19 6.26077e-20 3.13734e-20 1.56954e-20 7.83939e-21 3.90935e-21 1.94651e-21 9.67731e-22 4.80412e-22 2.38148e-22 1.17889e-22 5.82772e-23 2.87702e-23 1.41845e-23 6.98441e-24 3.43477e-24 1.68706e-24 8.27633e-25 4.05539e-25 1.98484e-25 9.70342e-26 4.73851e-26 2.31145e-26 1.12632e-26 5.4826e-27 2.66602e-27 1.2951e-27 6.28508e-28 3.04718e-28 1.47594e-28 7.14224e-29 3.45303e-29 1.66791e-29 8.04934e-30 3.88122e-30 1.86984e-30 9.00066e-31 4.32897e-31
2.25919e-06 5.16997e-06 7.67257e-06 9.17018e-06 9.5597e-06 9.04848e-06 7.96227e-06 6.61433e-06 5.24246e-06 3.99518e-06 2.94455e-06 2.10837e-06 1.4719e-06 1.0048e-06 6.72353e-07 4.41871e-07 2.85703e-07 1.82004e-07 1.14378e-07 7.09846e-08 4.35477e-08 2.64306e-08 1.58824e-08 9.45535e-09 5.58023e-09 3.26643e-09 1.89736e-09 1.09414e-09 6.26643e-10 3.56572e-10 2.01651e-10 1.13374e-10 6.33886e-11 3.52539e-11 1.95077e-11 1.07426e-11 5.88852e-12 3.21352e-12 1.74628e-12 9.45107e-13 5.09507e-13 2.73644e-13 1.46438e-13 7.8092e-14 4.15051e-14 2.19882e-14 1.16124e-14 6.1142e-15 3.20989e-15 1.6804e-15 8.77303e-16 4.56809e-16 2.3725e-16 1.22912e-16 6.35237e-17 3.27536e-17 1.68497e-17 8.64899e-18 4.43e-18 2.2643e-18 1.155e-18 5.87986e-19 2.98755e-19 1.51512e-19 7.6698e-20 3.87565e-20 1.95501e-20 9.84501e-21 4.94951e-21 2.48431e-21 1.24498e-21 6.22943e-22 3.11228e-22 1.55263e-22 7.73449e-23 3.84753e-23 1.91132e-23 9.48194e-24 4.69772e-24 2.32442e-24 1.14866e-24 5.66931e-25 2.79473e-25 1.37604e-25 6.76731e-26 3.32432e-26 1.63118e-26 7.99503e-27 3.91445e-27 1.91452e-27 9.35397e-28 4.56551e-28 2.22611e-28 1.08436e-28 5.27695e-29 2.56554e-29 1.24614e-29 6.04725e-30 2.93195e-30 1.42027e-30 6.87392e-31
9.82257e-07 2.37787e-06 3.69006e-06 4.5827e-06 4.94327e-06 4.82656e-06 4.37076e-06 3.72933e-06 3.03119e-06 2.36572e-06 1.78357e-06 1.30503e-06 9.30174e-07 6.47785e-07 4.41871e-07 2.95842e-07 1.94753e-07 1.26246e-07 8.0691e-08 5.09088e-08 3.17357e-08 1.95645e-08 1.19369e-08 7.21291e-09 4.31915e-09 2.56444e-09 1.51048e-09 8.82999e-10 5.1252e-10 2.95481e-10 1.69266e-10 9.6376e-11 5.45576e-11 3.07148e-11 1.72011e-11 9.58475e-12 5.31518e-12 2.93397e-12 1.61241e-12 8.82382e-13 4.80916e-13 2.61085e-13 1.41208e-13 7.60956e-14 4.0864e-14 2.18704e-14 1.16669e-14 6.20426e-15 3.28928e-15 1.73873e-15 9.16483e-16 4.81745e-16 2.5255e-16 1.32053e-16 6.88742e-17 3.58346e-17 1.86001e-17 9.6322e-18 4.97692e-18 2.56595e-18 1.32012e-18 6.77762e-19 3.4727e-19 1.77585e-19 9.06385e-20 4.61752e-20 2.34809e-20 1.19193e-20 6.03994e-21 3.05549e-21 1.54316e-21 7.78106e-22 3.91725e-22 1.96904e-22 9.88263e-23 4.95278e-23 2.47856e-23 1.23861e-23 6.18117e-24 3.08048e-24 1.53316e-24 7.62071e-25 3.78311e-25 1.87569e-25 9.28839e-26 4.59409e-26 2.26959e-26 1.11994e-26 5.52013e-27 2.71782e-27 1.33666e-27 6.56679e-28 3.22277e-28 1.58e-28 7.73829e-29 3.78617e-29 1.85067e-29 9.03733e-30 4.40901e-30 2.149e-30 1.04649e-30
4.27068e-07 1.0904e-06 1.76584e-06 2.2751e-06 2.53594e-06 2.55119e-06 2.375e-06 2.07943e-06 1.73172e-06 1.38299e-06 1.06574e-06 7.96284e-07 5.79062e-07 4.11122e-07 2.85703e-07 1.94753e-07 1.30456e-07 8.60056e-08 5.58793e-08 3.58211e-08 2.26796e-08 1.41947e-08 8.78941e-09 5.3882e-09 3.27231e-09 1.96988e-09 1.17605e-09 6.96658e-10 4.09642e-10 2.39194e-10 1.38745e-10 7.9973e-11 4.58211e-11 2.61038e-11 1.47901e-11 8.33636e-12 4.67535e-12 2.60961e-12 1.44994e-12 8.02068e-13 4.41813e-13 2.42382e-13 1.32453e-13 7.21089e-14 3.91144e-14 2.11428e-14 1.13898e-14 6.11574e-15 3.27347e-15 1.74677e-15 9.29348e-16 4.93029e-16 2.6083e-16 1.37616e-16 7.24174e-17 3.80112e-17 1.99025e-17 1.03958e-17 5.41745e-18 2.81673e-18 1.46128e-18 7.56465e-19 3.9078e-19 2.0146e-19 1.03652e-19 5.32261e-20 2.72803e-20 1.39563e-20 7.12697e-21 3.63309e-21 1.84884e-21 9.39271e-22 4.76397e-22 2.41239e-22 1.21968e-22 6.15706e-23 3.10348e-23 1.56201e-23 7.85041e-24 3.93992e-24 1.97462e-24 9.88299e-25 4.93989e-25 2.46593e-25 1.22939e-25 6.12147e-26 3.0443e-26 1.51216e-26 7.50227e-27 3.71779e-27 1.84027e-27 9.09902e-28 4.49397e-28 2.21716e-28 1.09271e-28 5.37971e-29 2.64588e-29 1.3e-29 6.38101e-30 3.12905e-30 1.53293e-30
1.85682e-07 4.98672e-07 8.41218e-07 1.12277e-06 1.29163e-06 1.3374e-06 1.27868e-06 1.14781e-06 9.78586e-07 7.99102e-07 6.28981e-07 4.79568e-07 3.55587e-07 2.57223e-07 1.82004e-07 1.26246e-07 8.60056e-08 5.76365e-08 3.80475e-08 2.47704e-08 1.5921e-08 1.01121e-08 6.35189e-09 3.94884e-09 2.43125e-09 1.48332e-09 8.97272e-10 5.38398e-10 3.20602e-10 1.89534e-10 1.11283e-10 6.49141e-11 3.76317e-11 2.1687e-11 1.24278e-11 7.08343e-12 4.01653e-12 2.26627e-12 1.27266e-12 7.11431e-13 3.95963e-13 2.19456e-13 1.21138e-13 6.66069e-14 3.64857e-14 1.99135e-14 1.08305e-14 5.87051e-15 3.17161e-15 1.70807e-15 9.17054e-16 4.90899e-16 2.6202e-16 1.39464e-16 7.40299e-17 3.91928e-17 2.06963e-17 1.09017e-17 5.72856e-18 3.00311e-18 1.57073e-18 8.19709e-19 4.26847e-19 2.21801e-19 1.15016e-19 5.95215e-20 3.07423e-20 1.58476e-20 8.15413e-21 4.18789e-21 2.14703e-21 1.0988e-21 5.61383e-22 2.86335e-22 1.45807e-22 7.41292e-23 3.76288e-23 1.90716e-23 9.65164e-24 4.87728e-24 2.46111e-24 1.24014e-24 6.24038e-25 3.13591e-25 1.57376e-25 7.88767e-26 3.94824e-26 1.97385e-26 9.8558e-27 4.91524e-27 2.4484e-27 1.21819e-27 6.05414e-28 3.0054e-28 1.4903e-28 7.38198e-29 3.65267e-29 1.80548e-29 8.91517e-30 4.39771e-30 2.16716e-30
8.07313e-08 2.27503e-07 3.99101e-07 5.51087e-07 6.53573e-07 6.95828e-07 6.82655e-07 6.27747e-07 5.47503e-07 4.56826e-07 3.67032e-07 2.85395e-07 2.15639e-07 1.58843e-07 1.14378e-07 8.0691e-08 5.58793e-08 3.80475e-08 2.55074e-08 1.68578e-08 1.09951e-08 7.08393e-09 4.51222e-09 2.84364e-09 1.77428e-09 1.09671e-09 6.71938e-10 4.08269e-10 2.46117e-10 1.47264e-10 8.74939e-11 5.1634e-11 3.0277e-11 1.76456e-11 1.02242e-11 5.89118e-12 3.37645e-12 1.9253e-12 1.09247e-12 6.1699e-13 3.46882e-13 1.94177e-13 1.08242e-13 6.00952e-14 3.32349e-14 1.83112e-14 1.00523e-14 5.49908e-15 2.99807e-15 1.62918e-15 8.82498e-16 4.76564e-16 2.56585e-16 1.37747e-16 7.37419e-17 3.93694e-17 2.09628e-17 1.11332e-17 5.89797e-18 3.1169e-18 1.64328e-18 8.64362e-19 4.53629e-19 2.37548e-19 1.24128e-19 6.47266e-20 3.3683e-20 1.74934e-20 9.0676e-21 4.69124e-21 2.42258e-21 1.24877e-21 6.42562e-22 3.30063e-22 1.69256e-22 8.66504e-23 4.42887e-23 2.26009e-23 1.15155e-23 5.8584e-24 2.97596e-24 1.50953e-24 7.64596e-25 3.86735e-25 1.95342e-25 9.85355e-26 4.96379e-26 2.49729e-26 1.25479e-26 6.29693e-27 3.15612e-27 1.57998e-27 7.90017e-28 3.94562e-28 1.96832e-28 9.80819e-29 4.88204e-29 2.4274e-29 1.20564e-29 5.9819e-30 2.9649e-30
3.51006e-08 1.03562e-07 1.88639e-07 2.69151e-07 3.28733e-07 3.59536e-07 3.61646e-07 3.40422e-07 3.03525e-07 2.58607e-07 2.11959e-07 1.67987e-07 1.29273e-07 9.6918e-08 7.09846e-08 5.09088e-08 3.58211e-08 2.47704e-08 1.68578e-08 1.13055e-08 7.47963e-09 4.88646e-09 3.15506e-09 2.01491e-09 1.27362e-09 7.97317e-10 4.94622e-10 3.04222e-10 1.85603e-10 1.12368e-10 6.75357e-11 4.03101e-11 2.39017e-11 1.40836e-11 8.24873e-12 4.80361e-12 2.78204e-12 1.60277e-12 9.18724e-13 5.24075e-13 2.97562e-13 1.68195e-13 9.46615e-14 5.3055e-14 2.96167e-14 1.64688e-14 9.12355e-15 5.0361e-15 2.77015e-15 1.5186e-15 8.29767e-16 4.51948e-16 2.45404e-16 1.32855e-16 7.17149e-17 3.86027e-17 2.07222e-17 1.10942e-17 5.92422e-18 3.15552e-18 1.67666e-18 8.88749e-19 4.70005e-19 2.47993e-19 1.30562e-19 6.85889e-20 3.59564e-20 1.88107e-20 9.82117e-21 5.11763e-21 2.6616e-21 1.38166e-21 7.15923e-22 3.70299e-22 1.91196e-22 9.85507e-23 5.07122e-23 2.60526e-23 1.33626e-23 6.84304e-24 3.49893e-24 1.78634e-24 9.10646e-25 4.63557e-25 2.35634e-25 1.1961e-25 6.06314e-26 3.06934e-26 1.55174e-26 7.83482e-27 3.95081e-27 1.98976e-27 1.00088e-27 5.0285e-28 2.52337e-28 1.26478e-28 6.33221e-29 3.16669e-29 1.58188e-29 7.89353e-30 3.93462e-30
1.52611e-08 4.70474e-08 8.88573e-08 1.30855e-07 1.64436e-07 1.84596e-07 1.90228e-07 1.83172e-07 1.66852e-07 1.45078e-07 1.21234e-07 9.78823e-08 7.66781e-08 5.84811e-08 4.35477e-08 3.17357e-08 2.26796e-08 1.5921e-08 1.09951e-08 7.47963e-09 5.0177e-09 3.32281e-09 2.17405e-09 1.40649e-09 9.00366e-10 5.7068e-10 3.58352e-10 2.23048e-10 1.37678e-10 8.43146e-11 5.12489e-11 3.09294e-11 1.854e-11 1.10418e-11 6.53564e-12 3.84565e-12 2.25007e-12 1.3094e-12 7.58032e-13 4.36654e-13 2.50324e-13 1.42844e-13 8.1151e-14 4.59053e-14 2.58605e-14 1.45104e-14 8.11047e-15 4.51643e-15 2.50598e-15 1.38563e-15 7.63565e-16 4.19395e-16 2.29626e-16 1.25337e-16 6.82084e-17 3.70113e-17 2.00264e-17 1.08064e-17 5.81562e-18 3.12164e-18 1.67136e-18 8.92662e-19 4.7562e-19 2.52823e-19 1.34085e-19 7.09544e-20 3.74656e-20 1.97408e-20 1.038e-20 5.44691e-21 2.85262e-21 1.49107e-21 7.77917e-22 4.05103e-22 2.10577e-22 1.09267e-22 5.65997e-23 2.92687e-23 1.51102e-23 7.78812e-24 4.00776e-24 2.05917e-24 1.05638e-24 5.41118e-25 2.76775e-25 1.41362e-25 7.20983e-26 3.67209e-26 1.8677e-26 9.48683e-27 4.81241e-27 2.43805e-27 1.23359e-27 6.23391e-28 3.14642e-28 1.58617e-28 7.98671e-29 4.01681e-29 2.01789e-29 1.01257e-29 5.07543e-30
6.63527e-09 2.13339e-08 4.17239e-08 6.33524e-08 8.18349e-08 9.4221e-08 9.9405e-08 9.78504e-08 9.10066e-08 8.07095e-08 6.87283e-08 5.65008e-08 4.50353e-08 3.49263e-08 2.64306e-08 1.95645e-08 1.41947e-08 1.01121e-08 7.08393e-09 4.88646e-09 3.32281e-09 2.22973e-09 1.47783e-09 9.68234e-10 6.27524e-10 4.02588e-10 2.55816e-10 1.61089e-10 1.00575e-10 6.22862e-11 3.82783e-11 2.33526e-11 1.41479e-11 8.51461e-12 5.09192e-12 3.02666e-12 1.78865e-12 1.05116e-12 6.14459e-13 3.57347e-13 2.06798e-13 1.19109e-13 6.82896e-14 3.89811e-14 2.21568e-14 1.25424e-14 7.07183e-15 3.97209e-15 2.22278e-15 1.23941e-15 6.88692e-16 3.81391e-16 2.10522e-16 1.15837e-16 6.35416e-17 3.47513e-17 1.89505e-17 1.03049e-17 5.58822e-18 3.02232e-18 1.63033e-18 8.77219e-19 4.70833e-19 2.52104e-19 1.3467e-19 7.17736e-20 3.8167e-20 2.02517e-20 1.07228e-20 5.66566e-21 2.9875e-21 1.57217e-21 8.25747e-22 4.32879e-22 2.26505e-22 1.18303e-22 6.16795e-23 3.21015e-23 1.66789e-23 8.6513e-24 4.48004e-24 2.31624e-24 1.19563e-24 6.16228e-25 3.17122e-25 1.62953e-25 8.36115e-26 4.28397e-26 2.19187e-26 1.11991e-26 5.71431e-27 2.91182e-27 1.48182e-27 7.5313e-28 3.82292e-28 1.93812e-28 9.81375e-29 4.96328e-29 2.5072e-29 1.26504e-29 6.37568e-30
2.8849e-09 9.65759e-09 1.9535e-08 3.05526e-08 4.05352e-08 4.78309e-08 5.16284e-08 5.1922e-08 4.92785e-08 4.45519e-08 3.86414e-08 3.23305e-08 2.62092e-08 2.06598e-08 1.58824e-08 1.19369e-08 8.78941e-09 6.35189e-09 4.51222e-09 3.15506e-09 2.17405e-09 1.47783e-09 9.91932e-10 6.57956e-10 4.31611e-10 2.80195e-10 1.8012e-10 1.1472e-10 7.24281e-11 4.53489e-11 2.81709e-11 1.73691e-11 1.06329e-11 6.46498e-12 3.90533e-12 2.34448e-12 1.3991e-12 8.30175e-13 4.89906e-13 2.87588e-13 1.6797e-13 9.76293e-14 5.64795e-14 3.25266e-14 1.86506e-14 1.06492e-14 6.05586e-15 3.43025e-15 1.93563e-15 1.08822e-15 6.09627e-16 3.40336e-16 1.89362e-16 1.05018e-16 5.80577e-17 3.1998e-17 1.75828e-17 9.63366e-18 5.26343e-18 2.86782e-18 1.55837e-18 8.44614e-19 4.56606e-19 2.46234e-19 1.32466e-19 7.10951e-20 3.80692e-20 2.03391e-20 1.08427e-20 5.76782e-21 3.0618e-21 1.622e-21 8.57547e-22 4.52494e-22 2.38307e-22 1.25269e-22 6.57288e-23 3.44259e-23 1.79991e-23 9.39437e-24 4.89497e-24 2.54632e-24 1.32242e-24 6.85701e-25 3.54995e-25 1.83503e-25 9.47133e-26 4.88133e-26 2.51209e-26 1.29097e-26 6.62504e-27 3.3952e-27 1.73763e-27 8.88125e-28 4.53341e-28 2.31111e-28 1.17671e-28 5.98388e-29 3.03925e-29 1.54181e-29 7.81242e-30
1.2543e-09 4.36502e-09 9.12164e-09 1.46814e-08 1.99905e-08 2.41584e-08 2.66625e-08 2.73796e-08 2.65034e-08 2.4415e-08 2.15586e-08 1.83499e-08 1.5123e-08 1.21121e-08 9.45535e-09 7.21291e-09 5.3882e-09 3.94884e-09 2.84364e-09 2.01491e-09 1.40649e-09 9.68234e-10 6.57956e-10 4.41726e-10 2.93211e-10 1.92563e-10 1.25199e-10 8.06322e-11 5.14658e-11 3.25712e-11 2.04476e-11 1.27384e-11 7.87794e-12 4.83815e-12 2.95156e-12 1.78919e-12 1.07798e-12 6.45696e-13 3.84597e-13 2.27847e-13 1.34285e-13 7.87494e-14 4.59599e-14 2.66992e-14 1.5441e-14 8.8916e-15 5.09885e-15 2.91214e-15 1.65675e-15 9.38992e-16 5.30244e-16 2.98365e-16 1.67312e-16 9.35087e-17 5.20918e-17 2.89279e-17 1.60153e-17 8.84012e-18 4.86544e-18 2.67031e-18 1.46152e-18 7.9779e-19 4.34349e-19 2.35876e-19 1.27776e-19 6.90506e-20 3.7227e-20 2.00238e-20 1.07462e-20 5.75454e-21 3.0749e-21 1.6396e-21 8.72471e-22 4.6333e-22 2.4557e-22 1.29904e-22 6.85888e-23 3.61477e-23 1.90161e-23 9.98605e-24 5.23493e-24 2.73961e-24 1.43134e-24 7.46594e-25 3.88803e-25 2.02157e-25 1.04949e-25 5.44013e-26 2.81574e-26 1.45526e-26 7.51045e-27 3.8706e-27 1.99199e-27 1.02378e-27 5.25465e-28 2.69345e-28 1.37884e-28 7.04962e-29 3.59977e-29 1.8359e-29 9.35187e-30
5.45349e-10 1.97004e-09 4.2486e-09 7.03122e-09 9.81841e-09 1.21444e-08 1.36964e-08 1.43538e-08 1.41645e-08 1.32893e-08 1.19414e-08 1.03358e-08 8.65661e-09 7.04164e-09 5.58023e-09 4.31915e-09 3.27231e-09 2.43125e-09 1.77428e-09 1.27362e-09 9.00366e-10 6.27524e-10 4.31611e-10 2.93211e-10 1.96892e-10 1.3078e-10 8.5979e-11 5.59798e-11 3.61148e-11 2.30973e-11 1.46504e-11 9.21996e-12 5.75915e-12 3.57181e-12 2.20018e-12 1.34647e-12 8.18886e-13 4.95053e-13 2.97567e-13 1.77878e-13 1.05768e-13 6.25706e-14 3.6834e-14 2.15808e-14 1.25863e-14 7.3082e-15 4.22539e-15 2.43293e-15 1.39527e-15 7.97082e-16 4.53649e-16 2.57252e-16 1.45367e-16 8.18626e-17 4.59475e-17 2.5706e-17 1.43366e-17 7.97129e-18 4.41898e-18 2.44264e-18 1.3464e-18 7.4011e-19 4.05749e-19 2.21864e-19 1.21007e-19 6.5835e-20 3.57315e-20 1.93472e-20 1.04516e-20 5.63334e-21 3.02964e-21 1.62585e-21 8.70668e-22 4.65296e-22 2.48158e-22 1.3209e-22 7.01732e-23 3.72091e-23 1.96934e-23 1.04041e-23 5.48671e-24 2.88843e-24 1.51798e-24 7.96421e-25 4.1716e-25 2.18153e-25 1.13902e-25 5.93775e-26 3.09066e-26 1.6063e-26 8.3361e-27 4.31986e-27 2.23542e-27 1.15516e-27 5.96109e-28 3.07202e-28 1.58105e-28 8.12642e-29 4.17153e-29 2.13867e-29 1.09509e-29
2.37108e-10 8.87934e-10 1.97428e-09 3.35687e-09 4.80399e-09 6.07803e-09 7.00098e-09 7.48404e-09 7.52529e-09 7.18762e-09 6.56984e-09 5.78035e-09 4.91809e-09 4.0618e-09 3.26643e-09 2.56444e-09 1.96988e-09 1.48332e-09 1.09671e-09 7.97317e-10 5.7068e-10 4.02588e-10 2.80195e-10 1.92563e-10 1.3078e-10 8.78364e-11 5.83783e-11 3.84173e-11 2.50456e-11 1.61837e-11 1.03696e-11 6.59109e-12 4.15753e-12 2.60343e-12 1.61894e-12 1.00005e-12 6.13823e-13 3.74461e-13 2.27102e-13 1.36957e-13 8.21472e-14 4.90155e-14 2.90997e-14 1.71925e-14 1.01101e-14 5.91844e-15 3.44956e-15 2.00209e-15 1.15726e-15 6.66277e-16 3.82132e-16 2.18352e-16 1.24318e-16 7.05323e-17 3.98809e-17 2.24754e-17 1.26256e-17 7.07036e-18 3.94738e-18 2.19731e-18 1.21961e-18 6.75041e-19 3.72607e-19 2.05122e-19 1.12627e-19 6.16833e-20 3.3699e-20 1.83659e-20 9.98579e-21 5.41686e-21 2.93178e-21 1.58327e-21 8.5318e-22 4.58784e-22 2.46194e-22 1.31846e-22 7.04686e-23 3.75908e-23 2.00143e-23 1.06363e-23 5.64218e-24 2.98763e-24 1.57922e-24 8.33319e-25 4.38981e-25 2.30867e-25 1.21219e-25 6.35455e-26 3.32598e-26 1.73814e-26 9.06973e-27 4.72562e-27 2.45861e-27 1.27731e-27 6.62663e-28 3.4331e-28 1.77619e-28 9.17718e-29 4.73541e-29 2.4403e-29 1.25596e-29
1.03091e-10 3.99708e-10 9.1543e-10 1.59796e-09 2.34213e-09 3.02936e-09 3.56194e-09 3.88219e-09 3.97585e-09 3.86433e-09 3.59164e-09 3.21105e-09 2.77447e-09 2.32571e-09 1.89736e-09 1.51048e-09 1.17605e-09 8.97272e-10 6.71938e-10 4.94622e-10 3.58352e-10 2.55816e-10 1.8012e-10 1.25199e-10 8.5979e-11 5.83783e-11 3.92159e-11 2.60786e-11 1.71772e-11 1.1212e-11 7.25562e-12 4.65703e-12 2.96589e-12 1.87485e-12 1.17677e-12 7.33602e-13 4.5436e-13 2.79658e-13 1.711e-13 1.04081e-13 6.2963e-14 3.78865e-14 2.26804e-14 1.35103e-14 8.00944e-15 4.72643e-15 2.77668e-15 1.62422e-15 9.46121e-16 5.48899e-16 3.17201e-16 1.8261e-16 1.0474e-16 5.98615e-17 3.40934e-17 1.9352e-17 1.09485e-17 6.17439e-18 3.47123e-18 1.94562e-18 1.08731e-18 6.05898e-19 3.36689e-19 1.86584e-19 1.03124e-19 5.68484e-20 3.12589e-20 1.71456e-20 9.38171e-21 5.12133e-21 2.7892e-21 1.51563e-21 8.21768e-22 4.44594e-22 2.40027e-22 1.29317e-22 6.95294e-23 3.73095e-23 1.99814e-23 1.06808e-23 5.69858e-24 3.03483e-24 1.61333e-24 8.5614e-25 4.5354e-25 2.39855e-25 1.26637e-25 6.67514e-26 3.51288e-26 1.84579e-26 9.6834e-27 5.0724e-27 2.65307e-27 1.38563e-27 7.22635e-28 3.76334e-28 1.95714e-28 1.01642e-28 5.27159e-29 2.73043e-29 1.41239e-29
4.4822e-11 1.7972e-10 4.23603e-10 7.58591e-10 1.13806e-09 1.504e-09 1.80432e-09 2.0041e-09 2.08959e-09 2.06596e-09 1.95178e-09 1.77252e-09 1.5548e-09 1.32242e-09 1.09414e-09 8.82999e-10 6.96658e-10 5.38398e-10 4.08269e-10 3.04222e-10 2.23048e-10 1.61089e-10 1.1472e-10 8.06322e-11 5.59798e-11 3.84173e-11 2.60786e-11 1.75213e-11 1.16578e-11 7.6851e-12 5.02193e-12 3.25435e-12 2.09219e-12 1.33488e-12 8.45534e-13 5.31872e-13 3.3235e-13 2.06356e-13 1.27345e-13 7.81254e-14 4.76593e-14 2.89161e-14 1.74523e-14 1.04802e-14 6.26279e-15 3.72493e-15 2.2054e-15 1.3e-15 7.63041e-16 4.46022e-16 2.59673e-16 1.50595e-16 8.70075e-17 5.00859e-17 2.87297e-17 1.64229e-17 9.35638e-18 5.31312e-18 3.00754e-18 1.69719e-18 9.5486e-19 5.35642e-19 2.99617e-19 1.67127e-19 9.29705e-20 5.1581e-20 2.85435e-20 1.57553e-20 8.67498e-21 4.76499e-21 2.61113e-21 1.42755e-21 7.78704e-22 4.23831e-22 2.30183e-22 1.24748e-22 6.74673e-23 3.64141e-23 1.96147e-23 1.0545e-23 5.65823e-24 3.0304e-24 1.62002e-24 8.6449e-25 4.605e-25 2.44876e-25 1.29993e-25 6.88923e-26 3.64508e-26 1.9255e-26 1.01552e-26 5.34764e-27 2.81171e-27 1.47613e-27 7.73816e-28 4.05061e-28 2.1173e-28 1.10518e-28 5.76086e-29 2.99881e-29 1.55894e-29
1.94878e-11 8.07196e-11 1.95643e-10 3.59193e-10 5.51246e-10 7.43966e-10 9.10218e-10 1.02988e-09 1.09281e-09 1.09866e-09 1.05467e-09 9.72612e-10 8.6584e-10 7.47008e-10 6.26643e-10 5.1252e-10 4.09642e-10 3.20602e-10 2.46117e-10 1.85603e-10 1.37678e-10 1.00575e-10 7.24281e-11 5.14658e-11 3.61148e-11 2.50456e-11 1.71772e-11 1.16578e-11 7.83368e-12 5.21465e-12 3.44033e-12 2.2505e-12 1.46028e-12 9.40226e-13 6.00921e-13 3.81357e-13 2.40382e-13 1.5054e-13 9.369e-14 5.79604e-14 3.56505e-14 2.18067e-14 1.32675e-14 8.03066e-15 4.83671e-15 2.89909e-15 1.72963e-15 1.02729e-15 6.07493e-16 3.57733e-16 2.09799e-16 1.22554e-16 7.1315e-17 4.13441e-17 2.38821e-17 1.37468e-17 7.88576e-18 4.50856e-18 2.56936e-18 1.45962e-18 8.26645e-19 4.66764e-19 2.62788e-19 1.47529e-19 8.2593e-20 4.61137e-20 2.56783e-20 1.4262e-20 7.90126e-21 4.36657e-21 2.40733e-21 1.32406e-21 7.26564e-22 3.97796e-22 2.17313e-22 1.1846e-22 6.44375e-23 3.49786e-23 1.89489e-23 1.02447e-23 5.52796e-24 2.97714e-24 1.60036e-24 8.58691e-25 4.59907e-25 2.45886e-25 1.31232e-25 6.99203e-26 3.71911e-26 1.97496e-26 1.04707e-26 5.54241e-27 2.92917e-27 1.5457e-27 8.14417e-28 4.28475e-28 2.25097e-28 1.18084e-28 6.1858e-29 3.23593e-29 1.69048e-29
8.47297e-12 3.62173e-11 9.01966e-11 1.69666e-10 2.66217e-10 3.66738e-10 4.57389e-10 5.26974e-10 5.68858e-10 5.81337e-10 5.66867e-10 5.30681e-10 4.79314e-10 4.19352e-10 3.56572e-10 2.95481e-10 2.39194e-10 1.89534e-10 1.47264e-10 1.12368e-10 8.43146e-11 6.22862e-11 4.53489e-11 3.25712e-11 2.30973e-11 1.61837e-11 1.1212e-11 7.6851e-12 5.21465e-12 3.50459e-12 2.33396e-12 1.54094e-12 1.00901e-12 6.5551e-13 4.22664e-13 2.70571e-13 1.72017e-13 1.08639e-13 6.81777e-14 4.25253e-14 2.63694e-14 1.62592e-14 9.97079e-15 6.08244e-15 3.69167e-15 2.22966e-15 1.34029e-15 8.01988e-16 4.7776e-16 2.83391e-16 1.67399e-16 9.84844e-17 5.77137e-17 3.36929e-17 1.95971e-17 1.13576e-17 6.55938e-18 3.77541e-18 2.16586e-18 1.2385e-18 7.05994e-19 4.01216e-19 2.27332e-19 1.28435e-19 7.23555e-20 4.06499e-20 2.27758e-20 1.27275e-20 7.09399e-21 3.94408e-21 2.18741e-21 1.21023e-21 6.68013e-22 3.67874e-22 2.02131e-22 1.10817e-22 6.06239e-23 3.30947e-23 1.8029e-23 9.80172e-24 5.31821e-24 2.87992e-24 1.55654e-24 8.39703e-25 4.52156e-25 2.43033e-25 1.30397e-25 6.98416e-26 3.73435e-26 1.99336e-26 1.06228e-26 5.65177e-27 3.00218e-27 1.59224e-27 8.43161e-28 4.45814e-28 2.35369e-28 1.24082e-28 6.53189e-29 3.43364e-29 1.80245e-29
3.6839e-12 1.62344e-11 4.15129e-11 7.99587e-11 1.28205e-10 1.80193e-10 2.28995e-10 2.6855e-10 2.94809e-10 3.06145e-10 3.03142e-10 2.88006e-10 2.63849e-10 2.34029e-10 2.01651e-10 1.69266e-10 1.38745e-10 1.11283e-10 8.74939e-11 6.75357e-11 5.12489e-11 3.82783e-11 2.81709e-11 2.04476e-11 1.46504e-11 1.03696e-11 7.25562e-12 5.02193e-12 3.44033e-12 2.33396e-12 1.56878e-12 1.04521e-12 6.90551e-13 4.5259e-13 2.94365e-13 1.90057e-13 1.21852e-13 7.75984e-14 4.90982e-14 3.0873e-14 1.92972e-14 1.19925e-14 7.41168e-15 4.55615e-15 2.78635e-15 1.69553e-15 1.02679e-15 6.18914e-16 3.71378e-16 2.21871e-16 1.31991e-16 7.81987e-17 4.61446e-17 2.71244e-17 1.58841e-17 9.26778e-18 5.3882e-18 3.12182e-18 1.80264e-18 1.03749e-18 5.95211e-19 3.40412e-19 1.94098e-19 1.10344e-19 6.25494e-20 3.53567e-20 1.99308e-20 1.12049e-20 6.28277e-21 3.51381e-21 1.96026e-21 1.0909e-21 6.05635e-22 3.35442e-22 1.85363e-22 1.022e-22 5.62239e-23 3.0864e-23 1.69069e-23 9.24216e-24 5.04197e-24 2.74511e-24 1.49166e-24 8.09e-25 4.37933e-25 2.36627e-25 1.27624e-25 6.87115e-26 3.69288e-26 1.98133e-26 1.06124e-26 5.6748e-27 3.02957e-27 1.61479e-27 8.59341e-28 4.56609e-28 2.42249e-28 1.2833e-28 6.78823e-29 3.58554e-29 1.89119e-29
1.6017e-12 7.27051e-12 1.90758e-11 3.76008e-11 6.15775e-11 8.82626e-11 1.14248e-10 1.36328e-10 1.52145e-10 1.60498e-10 1.61334e-10 1.55511e-10 1.44467e-10 1.29875e-10 1.13374e-10 9.6376e-11 7.9973e-11 6.49141e-11 5.1634e-11 4.03101e-11 3.09294e-11 2.33526e-11 1.73691e-11 1.27384e-11 9.21996e-12 6.59109e-12 4.65703e-12 3.25435e-12 2.2505e-12 1.54094e-12 1.04521e-12 7.02632e-13 4.68318e-13 3.09608e-13 2.03095e-13 1.32236e-13 8.5486e-14 5.48865e-14 3.50089e-14 2.21894e-14 1.39788e-14 8.75487e-15 5.45228e-15 3.37708e-15 2.08076e-15 1.27555e-15 7.78104e-16 4.72407e-16 2.85495e-16 1.71769e-16 1.029e-16 6.13858e-17 3.64716e-17 2.15838e-17 1.27244e-17 7.47353e-18 4.37362e-18 2.5505e-18 1.48225e-18 8.58545e-19 4.95669e-19 2.85262e-19 1.63663e-19 9.36157e-20 5.33909e-20 3.03626e-20 1.72183e-20 9.73764e-21 5.49229e-21 3.0897e-21 1.73368e-21 9.70362e-22 5.41796e-22 3.01785e-22 1.67703e-22 9.29796e-23 5.14349e-23 2.83904e-23 1.56368e-23 8.59419e-24 4.7137e-24 2.5801e-24 1.40943e-24 7.68427e-25 4.18146e-25 2.27109e-25 1.23123e-25 6.66274e-26 3.5991e-26 1.94077e-26 1.04474e-26 5.61443e-27 3.0122e-27 1.61344e-27 8.62825e-28 4.60689e-28 2.45595e-28 1.30728e-28 6.94807e-29 3.68739e-29 1.95408e-29
6.96389e-13 3.25329e-12 8.75247e-12 1.76457e-11 2.95015e-11 4.31062e-11 5.68111e-11 6.89533e-11 7.82066e-11 8.37822e-11 8.54716e-11 8.35647e-11 7.8699e-11 7.16914e-11 6.33886e-11 5.45576e-11 4.58211e-11 3.76317e-11 3.0277e-11 2.39017e-11 1.854e-11 1.41479e-11 1.06329e-11 7.87794e-12 5.75915e-12 4.15753e-12 2.96589e-12 2.09219e-12 1.46028e-12 1.00901e-12 6.90551e-13 4.68318e-13 3.14858e-13 2.09938e-13 1.38876e-13 9.11736e-14 5.94235e-14 3.84612e-14 2.47276e-14 1.57961e-14 1.00284e-14 6.32884e-15 3.97123e-15 2.47811e-15 1.53813e-15 9.49782e-16 5.83559e-16 3.56819e-16 2.1716e-16 1.31565e-16 7.93592e-17 4.76652e-17 2.85109e-17 1.69854e-17 1.00797e-17 5.95895e-18 3.50988e-18 2.05995e-18 1.20477e-18 7.02224e-19 4.07951e-19 2.36231e-19 1.36364e-19 7.84744e-20 4.50251e-20 2.5758e-20 1.46936e-20 8.35859e-21 4.74192e-21 2.68298e-21 1.51409e-21 8.52269e-22 4.78542e-22 2.68043e-22 1.49779e-22 8.34994e-23 4.64431e-23 2.57742e-23 1.42723e-23 7.88618e-24 4.34834e-24 2.39265e-24 1.31388e-24 7.20052e-25 3.93844e-25 2.15006e-25 1.17154e-25 6.37183e-26 3.45924e-26 1.87466e-26 1.01415e-26 5.47689e-27 2.95278e-27 1.5893e-27 8.54023e-28 4.58179e-28 2.45422e-28 1.31255e-28 7.00897e-29 3.73713e-29 1.98966e-29
