0.533224 0.0424103 0.0278545 0.0182944 0.0120155 0.00789162 0.00518311 0.00340419 0.00223582 0.00146846 0.000964461 0.000633444 0.000416037 0.000273247 0.000179465 0.00011787 7.74153e-05 5.08453e-05 3.33945e-05 2.1933e-05 1.44053e-05 9.46118e-06 6.21397e-06 4.08125e-06 2.6805e-06 1.76052e-06 1.15628e-06 7.5943e-07 4.98783e-07 3.27593e-07 2.15159e-07 1.41313e-07 9.28124e-08 6.09579e-08 4.00363e-08 2.62952e-08 1.72703e-08 1.13429e-08 7.44986e-09 4.89296e-09 3.21363e-09 2.11067e-09 1.38626e-09 9.10473e-10 5.97985e-10 3.92748e-10 2.57951e-10 1.69419e-10 1.11272e-10 7.30818e-11 4.79991e-11 3.15251e-11 2.07052e-11 1.35989e-11 8.93156e-12 5.86612e-12 3.85279e-12 2.53046e-12 1.66197e-12 1.09156e-12 7.16918e-13 4.70862e-13 3.09255e-13 2.03114e-13 1.33403e-13 8.7617e-14 5.75456e-14 3.77951e-14 2.48233e-14 1.63036e-14 1.0708e-14 7.03283e-15 4.61907e-15 3.03374e-15 1.99251e-15 1.30866e-15 8.59506e-16 5.64511e-16 3.70763e-16 2.43512e-16 1.59935e-16 1.05043e-16 6.89908e-17 4.53122e-17 2.97604e-17 1.95462e-17 1.28377e-17 8.43159e-18 5.53775e-18 3.63711e-18 2.3888e-18 1.56893e-18 1.03045e-18 6.76787e-19 4.44504e-19 2.91944e-19 1.91744e-19 1.25935e-19 8.27123e-20 5.43243e-20 3.56794e-20
0.0424103 0.0152316 0.0109707 0.00784042 0.00556653 0.00392994 0.00276103 0.00193156 0.00134623 0.000935154 0.000647672 0.000447368 0.000308266 0.000211949 0.000145434 9.96104e-05 6.81097e-05 4.64983e-05 3.16986e-05 2.15805e-05 1.46737e-05 9.9659e-06 6.76115e-06 4.58228e-06 3.10262e-06 2.09886e-06 1.41864e-06 9.581e-07 6.46579e-07 4.36035e-07 2.9385e-07 1.97901e-07 1.332e-07 8.95998e-08 6.02375e-08 4.04758e-08 2.71834e-08 1.82474e-08 1.22432e-08 8.211e-09 5.50441e-09 3.68848e-09 2.47066e-09 1.65429e-09 1.10727e-09 7.40873e-10 4.95548e-10 3.3135e-10 2.21488e-10 1.48007e-10 9.88748e-11 6.60338e-11 4.40887e-11 2.94288e-11 1.96385e-11 1.31019e-11 8.73885e-12 5.82739e-12 3.88503e-12 2.58952e-12 1.72564e-12 1.14972e-12 7.65855e-13 5.10053e-13 3.39626e-13 2.26102e-13 1.50498e-13 1.00157e-13 6.66433e-14 4.43363e-14 2.94911e-14 1.96134e-14 1.30422e-14 8.6712e-15 5.76428e-15 3.83132e-15 2.54619e-15 1.69189e-15 1.12408e-15 7.46733e-16 4.95995e-16 3.29408e-16 2.18745e-16 1.45242e-16 9.64256e-17 6.40094e-17 4.24861e-17 2.81969e-17 1.87115e-17 1.24157e-17 8.23738e-18 5.46465e-18 3.62487e-18 2.40425e-18 1.59451e-18 1.05738e-18 7.0113e-19 4.64863e-19 3.08186e-19 2.04298e-19 1.35418e-19
0.0278545 0.0109707 0.00818765 0.00604469 0.00442272 0.00321158 0.00231707 0.00166237 0.00118682 0.000843655 0.000597406 0.000421573 0.000296566 0.000208037 0.000145559 0.000101603 7.07674e-05 4.91908e-05 3.41291e-05 2.36382e-05 1.63456e-05 1.12857e-05 7.78116e-06 5.35773e-06 3.68445e-06 2.53076e-06 1.73637e-06 1.19008e-06 8.14839e-07 5.57383e-07 3.80926e-07 2.60107e-07 1.77462e-07 1.20981e-07 8.24138e-08 5.61009e-08 3.81627e-08 2.5943e-08 1.76248e-08 1.19664e-08 8.11979e-09 5.50656e-09 3.73232e-09 2.52841e-09 1.71197e-09 1.15859e-09 7.83718e-10 5.29894e-10 3.58117e-10 2.41922e-10 1.63359e-10 1.10265e-10 7.43976e-11 5.01784e-11 3.38309e-11 2.28011e-11 1.53619e-11 1.03464e-11 6.96611e-12 4.68869e-12 3.15484e-12 2.12213e-12 1.42704e-12 9.59352e-13 6.44757e-13 4.33207e-13 2.90991e-13 1.95411e-13 1.31192e-13 8.80562e-14 5.90889e-14 3.96414e-14 2.65883e-14 1.78293e-14 1.19531e-14 8.01189e-15 5.36903e-15 3.59722e-15 2.40962e-15 1.61378e-15 1.08058e-15 7.2341e-16 4.84208e-16 3.24041e-16 2.16815e-16 1.45045e-16 9.70151e-17 6.48789e-17 4.33806e-17 2.90012e-17 1.93851e-17 1.29554e-17 8.65699e-18 5.78385e-18 3.8637e-18 2.58063e-18 1.72339e-18 1.15076e-18 7.68283e-19 5.12861e-19 3.42311e-19
0.0182944 0.00784042 0.00604469 0.0045949 0.00345296 0.00257018 0.00189772 0.00139153 0.00101423 0.000735331 0.00053063 0.000381311 0.000272978 0.000194755 0.000138516 9.82358e-05 6.94867e-05 4.90322e-05 3.45213e-05 2.42541e-05 1.70074e-05 1.19042e-05 8.31807e-06 5.80292e-06 4.04216e-06 2.81164e-06 1.95308e-06 1.35495e-06 9.38854e-07 6.49788e-07 4.49228e-07 3.10246e-07 2.14048e-07 1.47536e-07 1.01599e-07 6.99029e-08 4.80548e-08 3.30085e-08 2.26557e-08 1.55383e-08 1.06492e-08 7.29336e-09 4.99169e-09 3.41418e-09 2.33375e-09 1.59426e-09 1.08845e-09 7.42704e-10 5.06505e-10 3.45239e-10 2.35198e-10 1.60151e-10 1.08998e-10 7.41478e-11 5.04175e-11 3.42666e-11 2.32795e-11 1.58086e-11 1.07308e-11 7.28118e-12 4.93857e-12 3.34839e-12 2.2694e-12 1.53755e-12 1.04134e-12 7.05035e-13 4.7718e-13 3.22858e-13 2.18375e-13 1.47658e-13 9.98112e-14 6.74485e-14 4.55657e-14 3.07738e-14 2.07779e-14 1.4025e-14 9.46431e-15 6.38499e-15 4.30646e-15 2.90383e-15 1.95756e-15 1.31933e-15 8.88974e-16 5.98857e-16 4.03328e-16 2.71579e-16 1.82827e-16 1.23052e-16 8.28029e-17 5.57073e-17 3.74706e-17 2.51989e-17 1.69429e-17 1.13896e-17 7.65503e-18 5.14404e-18 3.45606e-18 2.32157e-18 1.5592e-18 1.047e-18 7.02943e-19
0.0120155 0.00556653 0.00442272 0.00345296 0.00265837 0.00202326 0.00152514 0.00114028 0.000846511 0.000624547 0.000458269 0.000334624 0.000243272 0.000176159 0.000127103 9.14058e-05 6.55356e-05 4.68563e-05 3.34145e-05 2.37716e-05 1.68735e-05 1.19521e-05 8.44944e-06 5.96222e-06 4.19983e-06 2.95353e-06 2.07383e-06 1.45401e-06 1.018e-06 7.11794e-07 4.97059e-07 3.46685e-07 2.41524e-07 1.68075e-07 1.16839e-07 8.11393e-08 5.62925e-08 3.90179e-08 2.702e-08 1.86953e-08 1.29245e-08 8.92787e-09 6.16232e-09 4.25025e-09 2.92934e-09 2.01754e-09 1.3886e-09 9.55101e-10 6.56515e-10 4.50995e-10 3.09627e-10 2.12449e-10 1.45688e-10 9.9852e-11 6.84002e-11 4.6831e-11 3.20472e-11 2.19197e-11 1.49855e-11 1.02401e-11 6.99428e-12 4.77516e-12 3.25871e-12 2.22291e-12 1.51572e-12 1.0331e-12 7.0387e-13 4.79379e-13 3.26364e-13 2.2211e-13 1.51104e-13 1.02762e-13 6.98624e-14 4.74795e-14 3.22573e-14 2.19083e-14 1.48749e-14 1.00963e-14 6.85083e-15 4.64723e-15 3.15151e-15 2.13658e-15 1.4481e-15 9.81206e-16 6.64667e-16 4.50125e-16 3.04754e-16 2.0628e-16 1.3959e-16 9.44376e-17 6.3875e-17 4.31931e-17 2.92009e-17 1.97369e-17 1.33372e-17 9.01058e-18 6.08621e-18 4.11006e-18 2.77497e-18 1.87317e-18 1.26418e-18
0.00789162 0.00392994 0.00321158 0.00257018 0.00202326 0.00157157 0.00120723 0.00091868 0.000693469 0.000519794 0.000387207 0.000286853 0.000211461 0.00015519 0.000113432 8.26042e-05 5.99504e-05 4.33732e-05 3.1289e-05 2.25108e-05 1.61547e-05 1.15661e-05 8.26265e-06 5.8905e-06 4.1912e-06 2.97663e-06 2.11035e-06 1.49371e-06 1.05559e-06 7.44868e-07 5.24861e-07 3.69336e-07 2.59558e-07 1.82184e-07 1.27724e-07 8.94412e-08 6.25647e-08 4.37185e-08 3.05185e-08 2.12833e-08 1.48289e-08 1.03225e-08 7.17934e-09 4.98905e-09 3.46416e-09 2.40346e-09 1.66626e-09 1.15433e-09 7.99113e-10 5.52821e-10 3.8218e-10 2.64039e-10 1.82303e-10 1.25791e-10 8.67456e-11 5.97849e-11 4.11803e-11 2.83496e-11 1.95061e-11 1.34143e-11 9.22024e-12 6.33432e-12 4.34958e-12 2.9853e-12 2.04799e-12 1.40434e-12 9.62547e-13 6.59456e-13 4.51612e-13 3.09148e-13 2.1154e-13 1.44692e-13 9.89308e-14 6.76165e-14 4.61969e-14 3.15512e-14 2.15409e-14 1.47014e-14 1.00302e-14 6.84085e-15 4.66412e-15 3.17899e-15 2.16606e-15 1.47543e-15 1.00469e-15 6.8394e-16 4.65453e-16 3.1667e-16 2.15386e-16 1.46455e-16 9.95574e-17 6.7659e-17 4.59688e-17 3.12239e-17 2.12032e-17 1.43948e-17 9.77017e-18 6.62969e-18 4.4976e-18 3.05046e-18 2.06847e-18
0.00518311 0.00276103 0.00231707 0.00189772 0.00152514 0.00120723 0.000943688 0.000729937 0.000559528 0.000425552 0.000321436 0.000241314 0.000180176 0.000133867 9.90167e-05 7.29409e-05 5.35315e-05 3.91516e-05 2.85434e-05 2.07479e-05 1.50399e-05 1.08741e-05 7.84316e-06 5.6442e-06 4.05306e-06 2.9046e-06 2.07758e-06 1.48335e-06 1.05725e-06 7.52324e-07 5.34506e-07 3.79187e-07 2.68619e-07 1.90034e-07 1.34263e-07 9.47418e-08 6.67736e-08 4.70076e-08 3.30559e-08 2.32203e-08 1.62944e-08 1.1423e-08 8.00025e-09 5.59792e-09 3.91347e-09 2.73351e-09 1.90773e-09 1.33033e-09 9.26962e-10 6.45406e-10 4.49038e-10 3.12191e-10 2.16898e-10 1.5059e-10 1.04484e-10 7.24477e-11 5.02029e-11 3.47671e-11 2.40631e-11 1.6645e-11 1.15072e-11 7.95095e-12 5.49079e-12 3.78987e-12 2.61452e-12 1.80278e-12 1.24245e-12 8.55879e-13 5.89307e-13 4.05577e-13 2.79005e-13 1.91849e-13 1.31863e-13 9.05952e-14 6.2217e-14 4.27109e-14 2.93088e-14 2.01043e-14 1.37853e-14 9.44894e-15 6.47429e-15 4.43451e-15 3.03632e-15 2.07826e-15 1.42203e-15 9.7268e-16 6.65107e-16 4.54647e-16 3.10686e-16 2.12243e-16 1.44949e-16 9.89618e-17 6.75448e-17 4.60884e-17 3.1439e-17 2.144e-17 1.46171e-17 9.96278e-18 6.78867e-18 4.62462e-18 3.1496e-18
0.00340419 0.00193156 0.00166237 0.00139153 0.00114028 0.00091868 0.000729937 0.000573262 0.000445769 0.000343665 0.000262961 0.000199871 0.000151016 0.000113492 8.48787e-05 6.31984e-05 4.6865e-05 3.46231e-05 2.54906e-05 1.87068e-05 1.36874e-05 9.98676e-06 7.26761e-06 5.27581e-06 3.82101e-06 2.76133e-06 1.99139e-06 1.43332e-06 1.02972e-06 7.38459e-07 5.28688e-07 3.77896e-07 2.69697e-07 1.92195e-07 1.36771e-07 9.71981e-08 6.89856e-08 4.89009e-08 3.46222e-08 2.44844e-08 1.72958e-08 1.22047e-08 8.60323e-09 6.05844e-09 4.26226e-09 2.9958e-09 2.10373e-09 1.476e-09 1.0347e-09 7.2474e-10 5.07226e-10 3.54718e-10 2.47877e-10 1.73089e-10 1.2078e-10 8.42199e-11 5.86869e-11 4.08679e-11 2.84409e-11 1.97803e-11 1.37485e-11 9.55041e-12 6.63032e-12 4.60045e-12 3.19026e-12 2.21114e-12 1.53171e-12 1.0605e-12 7.33886e-13 5.0761e-13 3.5093e-13 2.42497e-13 1.6749e-13 1.15631e-13 7.97938e-14 5.50393e-14 3.79482e-14 2.61533e-14 1.80171e-14 1.2407e-14 8.54043e-15 5.87655e-15 4.04204e-15 2.77917e-15 1.91017e-15 1.31242e-15 9.01402e-16 6.1889e-16 4.24777e-16 2.91449e-16 1.99903e-16 1.37068e-16 9.39542e-17 6.43812e-17 4.41029e-17 3.02026e-17 2.06772e-17 1.41518e-17 9.6829e-18 6.62332e-18 4.52923e-18
0.00223582 0.00134623 0.00118682 0.00101423 0.000846511 0.000693469 0.000559528 0.000445769 0.000351331 0.000274336 0.000212477 0.000163387 0.000124834 9.48284e-05 7.16594e-05 5.38938e-05 4.03559e-05 3.00975e-05 2.23635e-05 1.65597e-05 1.22228e-05 8.99465e-06 6.60052e-06 4.83087e-06 3.5269e-06 2.56886e-06 1.86691e-06 1.35392e-06 9.7993e-07 7.079e-07 5.1046e-07 3.67454e-07 2.64074e-07 1.89481e-07 1.35752e-07 9.71179e-08 6.93821e-08 4.95011e-08 3.52715e-08 2.51012e-08 1.78422e-08 1.26678e-08 8.98402e-09 6.36465e-09 4.5043e-09 3.18452e-09 2.24926e-09 1.58717e-09 1.11896e-09 7.88166e-10 5.54688e-10 3.90047e-10 2.74052e-10 1.92401e-10 1.34973e-10 9.4616e-11 6.62774e-11 4.63937e-11 3.24529e-11 2.26859e-11 1.5848e-11 1.1064e-11 7.71939e-12 5.38255e-12 3.75089e-12 2.61233e-12 1.81834e-12 1.26497e-12 8.7953e-13 6.11209e-13 4.24525e-13 2.94711e-13 2.0449e-13 1.4182e-13 9.83089e-14 6.81155e-14 4.71737e-14 3.26556e-14 2.25956e-14 1.5628e-14 1.08043e-14 7.4664e-15 5.15759e-15 3.5613e-15 2.45809e-15 1.69598e-15 1.16971e-15 8.06439e-16 5.55784e-16 3.82899e-16 2.63699e-16 1.81544e-16 1.24941e-16 8.59572e-17 5.91174e-17 4.06449e-17 2.79356e-17 1.91943e-17 1.31841e-17 9.0531e-18 6.21459e-18
0.00146846 0.000935154 0.000843655 0.000735331 0.000624547 0.000519794 0.000425552 0.000343665 0.000274336 0.000216816 0.000169868 0.000132065 0.000101972 7.82526e-05 5.9716e-05 4.53393e-05 3.4264e-05 2.57835e-05 1.93253e-05 1.44317e-05 1.07405e-05 7.96787e-06 5.89337e-06 4.34675e-06 3.19754e-06 2.34631e-06 1.71762e-06 1.25458e-06 9.14422e-07 6.65147e-07 4.82895e-07 3.49938e-07 2.53144e-07 1.82816e-07 1.31815e-07 9.48956e-08 6.82157e-08 4.89673e-08 3.51021e-08 2.51298e-08 1.79678e-08 1.28312e-08 9.15224e-09 6.52067e-09 4.64063e-09 3.29913e-09 2.343e-09 1.6623e-09 1.17822e-09 8.3432e-10 5.90259e-10 4.17222e-10 2.94657e-10 2.07923e-10 1.466e-10 1.03281e-10 7.27063e-11 5.11442e-11 3.59503e-11 2.52521e-11 1.77252e-11 1.24333e-11 8.71557e-12 6.10553e-12 4.2744e-12 2.9906e-12 2.09112e-12 1.46132e-12 1.0206e-12 7.12402e-13 4.96995e-13 3.46533e-13 2.41494e-13 1.68206e-13 1.171e-13 8.14807e-14 5.66684e-14 3.9393e-14 2.73711e-14 1.90093e-14 1.3196e-14 9.15645e-15 6.3507e-15 4.40282e-15 3.05111e-15 2.11351e-15 1.46345e-15 1.01292e-15 7.00816e-16 4.84691e-16 3.35091e-16 2.31579e-16 1.59984e-16 1.10483e-16 7.62716e-17 5.26355e-17 3.63116e-17 2.50418e-17 1.7264e-17 1.18981e-17 8.19731e-18
0.000964461 0.000647672 0.000597406 0.00053063 0.000458269 0.000387207 0.000321436 0.000262961 0.000212477 0.000169868 0.000134549 0.000105705 8.24419e-05 6.38789e-05 4.92037e-05 3.76963e-05 2.87382e-05 2.18098e-05 1.64826e-05 1.24083e-05 9.3074e-06 6.95792e-06 5.1851e-06 3.85253e-06 2.85443e-06 2.10935e-06 1.55487e-06 1.14344e-06 8.38987e-07 6.14288e-07 4.48855e-07 3.27339e-07 2.38278e-07 1.73142e-07 1.25598e-07 9.09613e-08 6.57737e-08 4.74893e-08 3.42383e-08 2.46504e-08 1.77237e-08 1.27269e-08 9.12747e-09 6.53814e-09 4.67791e-09 3.34317e-09 2.38667e-09 1.70203e-09 1.21254e-09 8.62961e-10 6.13575e-10 4.35851e-10 3.09322e-10 2.19331e-10 1.55387e-10 1.09993e-10 7.77968e-11 5.4981e-11 3.88263e-11 2.73976e-11 1.93187e-11 1.36123e-11 9.58474e-12 6.74421e-12 4.74233e-12 3.33249e-12 2.34028e-12 1.64246e-12 1.15201e-12 8.07532e-13 5.65728e-13 3.96102e-13 2.77181e-13 1.93857e-13 1.35508e-13 9.46714e-14 6.61072e-14 4.61379e-14 3.21849e-14 2.24406e-14 1.5639e-14 1.08938e-14 7.58487e-15 5.27863e-15 3.67199e-15 2.55325e-15 1.77459e-15 1.23287e-15 8.5617e-16 5.94326e-16 4.12397e-16 2.86046e-16 1.98329e-16 1.37459e-16 9.52352e-17 6.5957e-17 4.56633e-17 3.16022e-17 2.18633e-17 1.51204e-17 1.04535e-17
0.000633444 0.000447368 0.000421573 0.000381311 0.000334624 0.000286853 0.000241314 0.000199871 0.000163387 0.000132065 0.000105705 8.38786e-05 6.60488e-05 5.16514e-05 4.01411e-05 3.10193e-05 2.38463e-05 1.82447e-05 1.38975e-05 1.0543e-05 7.96779e-06 6.00027e-06 4.50359e-06 3.3697e-06 2.51389e-06 1.87024e-06 1.38774e-06 1.02717e-06 7.58491e-07 5.58836e-07 4.10857e-07 3.01448e-07 2.20743e-07 1.61345e-07 1.17719e-07 8.57427e-08 6.23497e-08 4.52675e-08 3.28155e-08 2.3754e-08 1.71706e-08 1.23949e-08 8.93571e-09 6.43379e-09 4.62671e-09 3.32325e-09 2.38427e-09 1.7087e-09 1.22323e-09 8.74773e-10 6.24945e-10 4.46027e-10 3.18027e-10 2.26549e-10 1.61238e-10 1.14654e-10 8.14591e-11 5.78264e-11 4.10165e-11 2.90701e-11 2.05872e-11 1.45687e-11 1.03021e-11 7.2797e-12 5.14041e-12 3.6273e-12 2.55787e-12 1.80255e-12 1.26945e-12 8.93454e-13 6.28436e-13 4.41763e-13 3.10356e-13 2.17912e-13 1.52917e-13 1.07248e-13 7.51772e-14 5.26686e-14 3.688e-14 2.58111e-14 1.80552e-14 1.26237e-14 8.82181e-15 6.16202e-15 4.30214e-15 3.00225e-15 2.09418e-15 1.46012e-15 1.01759e-15 7.08876e-16 4.93612e-16 3.43575e-16 2.39045e-16 1.66251e-16 1.15579e-16 8.03198e-17 5.57958e-17 3.87451e-17 2.6895e-17 1.86624e-17 1.29452e-17
0.000416037 0.000308266 0.000296566 0.000272978 0.000243272 0.000211461 0.000180176 0.000151016 0.000124834 0.000101972 8.24419e-05 6.60488e-05 5.24896e-05 4.14127e-05 3.24601e-05 2.52919e-05 1.95997e-05 1.51127e-05 1.15993e-05 8.86461e-06 6.74773e-06 5.1173e-06 3.86733e-06 2.91314e-06 2.18764e-06 1.63806e-06 1.22318e-06 9.11004e-07 6.76829e-07 5.0167e-07 3.71011e-07 2.73797e-07 2.01644e-07 1.48217e-07 1.08742e-07 7.96384e-08 5.82238e-08 4.24973e-08 3.09694e-08 2.25342e-08 1.63723e-08 1.18785e-08 8.60628e-09 6.22723e-09 4.50006e-09 3.2479e-09 2.34135e-09 1.68587e-09 1.21253e-09 8.71135e-10 6.25198e-10 4.48231e-10 3.21034e-10 2.29708e-10 1.64207e-10 1.17275e-10 8.36812e-11 5.96584e-11 4.24957e-11 3.02452e-11 2.15088e-11 1.52839e-11 1.08521e-11 7.69962e-12 5.45888e-12 3.86745e-12 2.73805e-12 1.93713e-12 1.36957e-12 9.6766e-13 6.83255e-13 4.82135e-13 3.40005e-13 2.3963e-13 1.68787e-13 1.18818e-13 8.35951e-14 5.87808e-14 4.13098e-14 2.9016e-14 2.03701e-14 1.4293e-14 1.00238e-14 7.02628e-15 4.92273e-15 3.44728e-15 2.41292e-15 1.68814e-15 1.18052e-15 8.25172e-16 5.76533e-16 4.02638e-16 2.81074e-16 1.9613e-16 1.368e-16 9.53794e-17 6.64734e-17 4.63095e-17 3.22496e-17 2.24498e-17 1.5622e-17
0.000273247 0.000211949 0.000208037 0.000194755 0.000176159 0.00015519 0.000133867 0.000113492 9.48284e-05 7.82526e-05 6.38789e-05 5.16514e-05 4.14127e-05 3.29528e-05 2.60423e-05 2.04533e-05 1.59727e-05 1.24086e-05 9.59344e-06 7.38385e-06 5.6596e-06 4.32119e-06 3.28733e-06 2.4923e-06 1.88349e-06 1.4191e-06 1.06615e-06 7.98811e-07 5.9697e-07 4.45039e-07 3.31002e-07 2.45639e-07 1.81904e-07 1.34433e-07 9.91569e-08 7.30013e-08 5.36488e-08 3.93589e-08 2.88275e-08 2.10804e-08 1.53916e-08 1.12214e-08 8.16932e-09 5.93918e-09 4.31208e-09 3.12669e-09 2.26434e-09 1.63783e-09 1.18328e-09 8.53907e-10 6.15535e-10 4.43229e-10 3.18823e-10 2.29102e-10 1.64468e-10 1.17954e-10 8.45164e-11 6.05022e-11 4.32729e-11 3.09232e-11 2.20793e-11 1.57517e-11 1.12285e-11 7.99785e-12 5.69235e-12 4.0484e-12 2.87712e-12 2.04324e-12 1.45003e-12 1.02834e-12 7.28793e-13 5.16163e-13 3.65333e-13 2.58415e-13 1.82674e-13 1.29055e-13 9.11196e-14 6.4298e-14 4.53456e-14 3.19616e-14 2.25156e-14 1.58528e-14 1.11557e-14 7.84621e-15 5.51573e-15 3.8755e-15 2.72168e-15 1.91046e-15 1.34039e-15 9.39983e-16 6.58885e-16 4.61639e-16 3.23297e-16 2.26314e-16 1.58355e-16 1.10757e-16 7.7433e-17 5.41132e-17 3.78011e-17 2.63957e-17 1.84243e-17
0.000179465 0.000145434 0.000145559 0.000138516 0.000127103 0.000113432 9.90167e-05 8.48787e-05 7.16594e-05 5.9716e-05 4.92037e-05 4.01411e-05 3.24601e-05 2.60423e-05 2.07449e-05 1.64183e-05 1.29173e-05 1.01077e-05 7.86965e-06 6.09869e-06 4.70585e-06 3.61648e-06 2.76881e-06 2.11232e-06 1.60611e-06 1.21738e-06 9.19983e-07 6.93283e-07 5.21049e-07 3.90608e-07 2.92114e-07 2.17951e-07 1.62258e-07 1.20542e-07 8.93696e-08 6.61303e-08 4.8843e-08 3.60104e-08 2.65037e-08 1.94745e-08 1.42867e-08 1.04648e-08 7.6539e-09 5.59e-09 4.07697e-09 2.96948e-09 2.16002e-09 1.56923e-09 1.13864e-09 8.25224e-10 5.97388e-10 4.31973e-10 3.12022e-10 2.25141e-10 1.62285e-10 1.16861e-10 8.40688e-11 6.04213e-11 4.33854e-11 3.11248e-11 2.23094e-11 1.5977e-11 1.14325e-11 8.17395e-12 5.8395e-12 4.16851e-12 2.97341e-12 2.11936e-12 1.50952e-12 1.07439e-12 7.64154e-13 5.4313e-13 3.85777e-13 2.73831e-13 1.94246e-13 1.37704e-13 9.756e-14 6.90772e-14 4.8881e-14 3.45694e-14 2.44341e-14 1.72606e-14 1.21864e-14 8.59927e-15 6.0648e-15 4.27508e-15 3.01196e-15 2.12097e-15 1.49282e-15 1.05019e-15 7.38443e-16 5.18996e-16 3.64594e-16 2.5601e-16 1.79684e-16 1.26058e-16 8.83981e-17 6.19625e-17 4.34143e-17 3.04058e-17 2.12864e-17
0.00011787 9.96104e-05 0.000101603 9.82358e-05 9.14058e-05 8.26042e-05 7.29409e-05 6.31984e-05 5.38938e-05 4.53393e-05 3.76963e-05 3.10193e-05 2.52919e-05 2.04533e-05 1.64183e-05 1.30908e-05 1.03737e-05 8.17431e-06 6.40772e-06 4.99872e-06 3.88208e-06 3.00228e-06 2.31278e-06 1.77509e-06 1.35769e-06 1.03506e-06 7.86659e-07 5.96127e-07 4.5049e-07 3.39536e-07 2.55268e-07 1.91454e-07 1.43265e-07 1.0697e-07 7.97035e-08 5.92678e-08 4.39868e-08 3.25852e-08 2.4096e-08 1.77878e-08 1.31094e-08 9.64605e-09 7.08676e-09 5.19875e-09 3.80825e-09 2.78579e-09 2.03509e-09 1.48475e-09 1.08186e-09 7.87332e-10 5.72303e-10 4.15519e-10 3.01347e-10 2.18307e-10 1.57981e-10 1.14207e-10 8.24791e-11 5.95069e-11 4.28919e-11 3.08871e-11 2.2222e-11 1.59736e-11 1.14722e-11 8.23233e-12 5.90254e-12 4.22868e-12 3.0271e-12 2.16527e-12 1.54764e-12 1.10537e-12 7.88911e-13 5.62655e-13 4.01009e-13 2.85609e-13 2.03282e-13 1.44592e-13 1.0278e-13 7.30132e-14 5.18355e-14 3.67782e-14 2.60793e-14 1.8482e-14 1.30904e-14 9.26644e-15 6.55593e-15 4.63576e-15 3.27624e-15 2.31421e-15 1.63384e-15 1.15291e-15 8.13136e-16 5.73219e-16 4.03896e-16 2.84454e-16 2.00241e-16 1.40895e-16 9.90929e-17 6.96621e-17 4.89509e-17 3.43825e-17 2.41396e-17
7.74153e-05 6.81097e-05 7.07674e-05 6.94867e-05 6.55356e-05 5.99504e-05 5.35315e-05 4.6865e-05 4.03559e-05 3.4264e-05 2.87382e-05 2.38463e-05 1.95997e-05 1.59727e-05 1.29173e-05 1.03737e-05 8.27813e-06 6.56732e-06 5.18204e-06 4.06858e-06 3.17955e-06 2.47403e-06 1.91727e-06 1.48015e-06 1.13861e-06 8.72919e-07 6.67093e-07 5.08259e-07 3.86133e-07 2.92552e-07 2.21076e-07 1.66649e-07 1.25324e-07 9.40341e-08 7.04034e-08 5.26017e-08 3.92228e-08 2.91908e-08 2.16846e-08 1.608e-08 1.19036e-08 8.79741e-09 6.4914e-09 4.78248e-09 3.51822e-09 2.58444e-09 1.89585e-09 1.38885e-09 1.01611e-09 7.42455e-10 5.41833e-10 3.94949e-10 2.87548e-10 2.09117e-10 1.51911e-10 1.10236e-10 7.9911e-11 5.78692e-11 4.18656e-11 3.02586e-11 2.1849e-11 1.57621e-11 1.13607e-11 8.18124e-12 5.88654e-12 4.23192e-12 3.03991e-12 2.18191e-12 1.56485e-12 1.12144e-12 8.03069e-13 5.74662e-13 4.10923e-13 2.93632e-13 2.09674e-13 1.49622e-13 1.06698e-13 7.60389e-14 5.4155e-14 3.85452e-14 2.74179e-14 1.94912e-14 1.38479e-14 9.83283e-15 6.97791e-15 4.94913e-15 3.50827e-15 2.48555e-15 1.76003e-15 1.24564e-15 8.81132e-16 6.22973e-16 4.40233e-16 3.10944e-16 2.1952e-16 1.54903e-16 1.09255e-16 7.70237e-17 5.42765e-17 3.82301e-17 2.69158e-17
5.08453e-05 4.64983e-05 4.91908e-05 4.90322e-05 4.68563e-05 4.33732e-05 3.91516e-05 3.46231e-05 3.00975e-05 2.57835e-05 2.18098e-05 1.82447e-05 1.51127e-05 1.24086e-05 1.01077e-05 8.17431e-06 6.56732e-06 5.24445e-06 4.16475e-06 3.2903e-06 2.58701e-06 2.02495e-06 1.57837e-06 1.22546e-06 9.47937e-07 7.30711e-07 5.61409e-07 4.29988e-07 3.28357e-07 2.50042e-07 1.89895e-07 1.43848e-07 1.08701e-07 8.19494e-08 6.16436e-08 4.62699e-08 3.46589e-08 2.59103e-08 1.93332e-08 1.43992e-08 1.07055e-08 7.94575e-09 5.88775e-09 4.35586e-09 3.2176e-09 2.37326e-09 1.74796e-09 1.28563e-09 9.44301e-10 6.92686e-10 5.0747e-10 3.71318e-10 2.7137e-10 1.98093e-10 1.44439e-10 1.05201e-10 7.65393e-11 5.56283e-11 4.0389e-11 2.92952e-11 2.1228e-11 1.53677e-11 1.11149e-11 8.0318e-12 5.79875e-12 4.18294e-12 3.01482e-12 2.17112e-12 1.56227e-12 1.12327e-12 8.07005e-13 5.79349e-13 4.15606e-13 2.97926e-13 2.13416e-13 1.52771e-13 1.09285e-13 7.81241e-14 5.58118e-14 3.98461e-14 2.84297e-14 2.02716e-14 1.44457e-14 1.02879e-14 7.32255e-15 5.20889e-15 3.70324e-15 2.63133e-15 1.86866e-15 1.32633e-15 9.40899e-16 6.67125e-16 4.72768e-16 3.34865e-16 2.37069e-16 1.67752e-16 1.18646e-16 8.38745e-17 5.9266e-17 4.18582e-17 2.95502e-17
3.33945e-05 3.16986e-05 3.41291e-05 3.45213e-05 3.34145e-05 3.1289e-05 2.85434e-05 2.54906e-05 2.23635e-05 1.93253e-05 1.64826e-05 1.38975e-05 1.15993e-05 9.59344e-06 7.86965e-06 6.40772e-06 5.18204e-06 4.16475e-06 3.32798e-06 2.64519e-06 2.09211e-06 1.64705e-06 1.29108e-06 1.00795e-06 7.83912e-07 6.07483e-07 4.69165e-07 3.61176e-07 2.77195e-07 2.12124e-07 1.61881e-07 1.23213e-07 9.35454e-08 7.08506e-08 5.35382e-08 4.03668e-08 3.03713e-08 2.28043e-08 1.70891e-08 1.27821e-08 9.54323e-09 7.11256e-09 5.29202e-09 3.93103e-09 2.91544e-09 2.15893e-09 1.59635e-09 1.17867e-09 8.69069e-10 6.39925e-10 4.70581e-10 3.45611e-10 2.53514e-10 1.85735e-10 1.35919e-10 9.93502e-11 7.25399e-11 5.29073e-11 3.85476e-11 2.80565e-11 2.04002e-11 1.48187e-11 1.07541e-11 7.79704e-12 5.64796e-12 4.0876e-12 2.95574e-12 2.13548e-12 1.54157e-12 1.11193e-12 8.01397e-13 5.77136e-13 4.15314e-13 2.98641e-13 2.14588e-13 1.54081e-13 1.10557e-13 7.92725e-14 5.68022e-14 4.06742e-14 2.91065e-14 2.08153e-14 1.48765e-14 1.06256e-14 7.58472e-15 5.41089e-15 3.85783e-15 2.74895e-15 1.9577e-15 1.39343e-15 9.9125e-16 7.04773e-16 5.00825e-16 3.5571e-16 2.52513e-16 1.79165e-16 1.27059e-16 9.0063e-17 6.38085e-17 4.5186e-17 3.19836e-17
2.1933e-05 2.15805e-05 2.36382e-05 2.42541e-05 2.37716e-05 2.25108e-05 2.07479e-05 1.87068e-05 1.65597e-05 1.44317e-05 1.24083e-05 1.0543e-05 8.86461e-06 7.38385e-06 6.09869e-06 4.99872e-06 4.06858e-06 3.2903e-06 2.64519e-06 2.11494e-06 1.68238e-06 1.33195e-06 1.04983e-06 8.24023e-07 6.44251e-07 5.01838e-07 3.89541e-07 3.01373e-07 2.32429e-07 1.78723e-07 1.37036e-07 1.04788e-07 7.99213e-08 6.0805e-08 4.61515e-08 3.49498e-08 2.64093e-08 1.9914e-08 1.49859e-08 1.12555e-08 8.43794e-09 6.31427e-09 4.71686e-09 3.51765e-09 2.61906e-09 1.94695e-09 1.44511e-09 1.07104e-09 7.92668e-10 5.8583e-10 4.32382e-10 3.18708e-10 2.34621e-10 1.72506e-10 1.26683e-10 9.29229e-11 6.8082e-11 4.98264e-11 3.64264e-11 2.6602e-11 1.94073e-11 1.41443e-11 1.02984e-11 7.49101e-12 5.44385e-12 3.95253e-12 2.86718e-12 2.07805e-12 1.50482e-12 1.08881e-12 7.87155e-13 5.68619e-13 4.10433e-13 2.96025e-13 2.13347e-13 1.53647e-13 1.10572e-13 7.95172e-14 5.71442e-14 4.1038e-14 2.94516e-14 2.11225e-14 1.51392e-14 1.08438e-14 7.76229e-15 5.55306e-15 3.97021e-15 2.83686e-15 2.02585e-15 1.44588e-15 1.03136e-15 7.3527e-16 5.239e-16 3.73093e-16 2.65556e-16 1.88917e-16 1.34327e-16 9.54636e-17 6.78106e-17 4.81443e-17 3.41652e-17
1.44053e-05 1.46737e-05 1.63456e-05 1.70074e-05 1.68735e-05 1.61547e-05 1.50399e-05 1.36874e-05 1.22228e-05 1.07405e-05 9.3074e-06 7.96779e-06 6.74773e-06 5.6596e-06 4.70585e-06 3.88208e-06 3.17955e-06 2.58701e-06 2.09211e-06 1.68238e-06 1.34583e-06 1.07135e-06 8.48969e-07 6.69867e-07 5.26423e-07 4.12125e-07 3.21486e-07 2.4993e-07 1.93675e-07 1.49622e-07 1.15252e-07 8.853e-08 6.78232e-08 5.18276e-08 3.95082e-08 3.00468e-08 2.28001e-08 1.72639e-08 1.3045e-08 9.83743e-09 7.40432e-09 5.56268e-09 4.17163e-09 3.12304e-09 2.33412e-09 1.74167e-09 1.29757e-09 9.65241e-10 7.16973e-10 5.31802e-10 3.93909e-10 2.91378e-10 2.15254e-10 1.58816e-10 1.17031e-10 8.61357e-11 6.33224e-11 4.64982e-11 3.41061e-11 2.49895e-11 1.82904e-11 1.33733e-11 9.76832e-12 7.12807e-12 5.19645e-12 3.78472e-12 2.75399e-12 2.00217e-12 1.45431e-12 1.05546e-12 7.65347e-13 5.54522e-13 4.01447e-13 2.90399e-13 2.09906e-13 1.51609e-13 1.09421e-13 7.89156e-14 5.68738e-14 4.09596e-14 2.94782e-14 2.12007e-14 1.52375e-14 1.09444e-14 7.85583e-15 5.63533e-15 4.03996e-15 2.89448e-15 2.07255e-15 1.48315e-15 1.06075e-15 7.58218e-16 5.41667e-16 3.86751e-16 2.75991e-16 1.96847e-16 1.40324e-16 9.99801e-17 7.11989e-17 5.06775e-17 3.60531e-17
9.46118e-06 9.9659e-06 1.12857e-05 1.19042e-05 1.19521e-05 1.15661e-05 1.08741e-05 9.98676e-06 8.99465e-06 7.96787e-06 6.95792e-06 6.00027e-06 5.1173e-06 4.32119e-06 3.61648e-06 3.00228e-06 2.47403e-06 2.02495e-06 1.64705e-06 1.33195e-06 1.07135e-06 8.57435e-07 6.83018e-07 5.41692e-07 4.27834e-07 3.36592e-07 2.63835e-07 2.06084e-07 1.60441e-07 1.24515e-07 9.63444e-08 7.43344e-08 5.71964e-08 4.38948e-08 3.36027e-08 2.56622e-08 1.95531e-08 1.48655e-08 1.12776e-08 8.53828e-09 6.45159e-09 4.86561e-09 3.66279e-09 2.75243e-09 2.06479e-09 1.54638e-09 1.15627e-09 8.63228e-10 6.43484e-10 4.78977e-10 3.5602e-10 2.64263e-10 1.95891e-10 1.4502e-10 1.07224e-10 7.91804e-11 5.84013e-11 4.30248e-11 3.16607e-11 2.32723e-11 1.70878e-11 1.25335e-11 9.18358e-12 6.72221e-12 4.91569e-12 3.59119e-12 2.6211e-12 1.91129e-12 1.39245e-12 1.01356e-12 7.37135e-13 5.35644e-13 3.88907e-13 2.82139e-13 2.0452e-13 1.48139e-13 1.07219e-13 7.75441e-14 5.60411e-14 4.04718e-14 2.92072e-14 2.10633e-14 1.51798e-14 1.09324e-14 7.86831e-15 5.65934e-15 4.06793e-15 2.92221e-15 2.09789e-15 1.50519e-15 1.0793e-15 7.73464e-16 5.53974e-16 3.96546e-16 2.83698e-16 2.02853e-16 1.44968e-16 1.03546e-16 7.3921e-17 5.27448e-17 3.76159e-17
6.21397e-06 6.76115e-06 7.78116e-06 8.31807e-06 8.44944e-06 8.26265e-06 7.84316e-06 7.26761e-06 6.60052e-06 5.89337e-06 5.1851e-06 4.50359e-06 3.86733e-06 3.28733e-06 2.76881e-06 2.31278e-06 1.91727e-06 1.57837e-06 1.29108e-06 1.04983e-06 8.48969e-07 6.83018e-07 5.4687e-07 4.35891e-07 3.45963e-07 2.73492e-07 2.15387e-07 1.69021e-07 1.32186e-07 1.03046e-07 8.00837e-08 6.20561e-08 4.79525e-08 3.69553e-08 2.84073e-08 2.1783e-08 1.66641e-08 1.27194e-08 9.68731e-09 7.3626e-09 5.58447e-09 4.22753e-09 3.1943e-09 2.40922e-09 1.81391e-09 1.36337e-09 1.02306e-09 7.6647e-10 5.73348e-10 4.28244e-10 3.19398e-10 2.3788e-10 1.76925e-10 1.31414e-10 9.74826e-11 7.22213e-11 5.34403e-11 3.94958e-11 2.91559e-11 2.14985e-11 1.58345e-11 1.16502e-11 8.56248e-12 6.28663e-12 4.61102e-12 3.37869e-12 2.47332e-12 1.80885e-12 1.32167e-12 9.64834e-13 7.03717e-13 5.12822e-13 3.73394e-13 2.71649e-13 1.97467e-13 1.43428e-13 1.04096e-13 7.54924e-14 5.47071e-14 3.96154e-14 2.86661e-14 2.07284e-14 1.49782e-14 1.08157e-14 7.8047e-15 5.62823e-15 4.05606e-15 2.92119e-15 2.10253e-15 1.51236e-15 1.08719e-15 7.81082e-16 5.60831e-16 4.02454e-16 2.88638e-16 2.06893e-16 1.48218e-16 1.06125e-16 7.5946e-17 5.43203e-17 3.88324e-17
4.08125e-06 4.58228e-06 5.35773e-06 5.80292e-06 5.96222e-06 5.8905e-06 5.6442e-06 5.27581e-06 4.83087e-06 4.34675e-06 3.85253e-06 3.3697e-06 2.91314e-06 2.4923e-06 2.11232e-06 1.77509e-06 1.48015e-06 1.22546e-06 1.00795e-06 8.24023e-07 6.69867e-07 5.41692e-07 4.35891e-07 3.49139e-07 2.78441e-07 2.21151e-07 1.74971e-07 1.37928e-07 1.0835e-07 8.48349e-08 6.62146e-08 5.15265e-08 3.99821e-08 3.09394e-08 2.38792e-08 1.83839e-08 1.41192e-08 1.08187e-08 8.27129e-09 6.31016e-09 4.80408e-09 3.65019e-09 2.76812e-09 2.0953e-09 1.58318e-09 1.19414e-09 8.99194e-10 6.75992e-10 5.07392e-10 3.80259e-10 2.84556e-10 2.12633e-10 1.58665e-10 1.18233e-10 8.79873e-11 6.53942e-11 4.85413e-11 3.59874e-11 2.66484e-11 1.97099e-11 1.45614e-11 1.07459e-11 7.92154e-12 5.83335e-12 4.29118e-12 3.15353e-12 2.3152e-12 1.69809e-12 1.2443e-12 9.10929e-13 6.66273e-13 4.86895e-13 3.55502e-13 2.59346e-13 1.8904e-13 1.37682e-13 1.00196e-13 7.28587e-14 5.29394e-14 3.8437e-14 2.78867e-14 2.02175e-14 1.4647e-14 1.06039e-14 7.67154e-15 5.54633e-15 4.00718e-15 2.89327e-15 2.08766e-15 1.50541e-15 1.08488e-15 7.81341e-16 5.62392e-16 4.04558e-16 2.9085e-16 2.08982e-16 1.50073e-16 1.0771e-16 7.7263e-17 5.53927e-17 3.9692e-17
2.6805e-06 3.10262e-06 3.68445e-06 4.04216e-06 4.19983e-06 4.1912e-06 4.05306e-06 3.82101e-06 3.5269e-06 3.19754e-06 2.85443e-06 2.51389e-06 2.18764e-06 1.88349e-06 1.60611e-06 1.35769e-06 1.13861e-06 9.47937e-07 7.83912e-07 6.44251e-07 5.26423e-07 4.27834e-07 3.45963e-07 2.78441e-07 2.23104e-07 1.78018e-07 1.41482e-07 1.12025e-07 8.83859e-08 6.95001e-08 5.44744e-08 4.25666e-08 3.31646e-08 2.5767e-08 1.9966e-08 1.54314e-08 1.18972e-08 9.15082e-09 7.02239e-09 5.37723e-09 4.10879e-09 3.13318e-09 2.38453e-09 1.81132e-09 1.37338e-09 1.03947e-09 7.85396e-10 5.92435e-10 4.4616e-10 3.35474e-10 2.51865e-10 1.88814e-10 1.41344e-10 1.05661e-10 7.88786e-11 5.88073e-11 4.37869e-11 3.25621e-11 2.41852e-11 1.79419e-11 1.32949e-11 9.84024e-12 7.27523e-12 5.37302e-12 3.96397e-12 2.92143e-12 2.1509e-12 1.58204e-12 1.16251e-12 8.53421e-13 6.25935e-13 4.58671e-13 3.35806e-13 2.4564e-13 1.79531e-13 1.31104e-13 9.56618e-14 6.97448e-14 5.08093e-14 3.69862e-14 2.69034e-14 1.95547e-14 1.42029e-14 1.03084e-14 7.47653e-15 5.41886e-15 3.92483e-15 2.84081e-15 2.05484e-15 1.48537e-15 1.07303e-15 7.74678e-16 5.58936e-16 4.03032e-16 2.90441e-16 2.09181e-16 1.50569e-16 1.08319e-16 7.78803e-17 5.59644e-17 4.0194e-17
1.76052e-06 2.09886e-06 2.53076e-06 2.81164e-06 2.95353e-06 2.97663e-06 2.9046e-06 2.76133e-06 2.56886e-06 2.34631e-06 2.10935e-06 1.87024e-06 1.63806e-06 1.4191e-06 1.21738e-06 1.03506e-06 8.72919e-07 7.30711e-07 6.07483e-07 5.01838e-07 4.12125e-07 3.36592e-07 2.73492e-07 2.21151e-07 1.78018e-07 1.42685e-07 1.13904e-07 9.05816e-08 7.17733e-08 5.66745e-08 4.46053e-08 3.49966e-08 2.73758e-08 2.13534e-08 1.66104e-08 1.2887e-08 9.97315e-09 7.69949e-09 5.93036e-09 4.55752e-09 3.49494e-09 2.67452e-09 2.04259e-09 1.55694e-09 1.18454e-09 8.99578e-10 6.81969e-10 5.1612e-10 3.89961e-10 2.94168e-10 2.21561e-10 1.66624e-10 1.25125e-10 9.38278e-11 7.02613e-11 5.25429e-11 3.92411e-11 2.92693e-11 2.18042e-11 1.62233e-11 1.20566e-11 8.94964e-12 6.63583e-12 4.9148e-12 3.63619e-12 2.68739e-12 1.98411e-12 1.4634e-12 1.07828e-12 7.9375e-13 5.83746e-13 4.28906e-13 3.14853e-13 2.30923e-13 1.69219e-13 1.23897e-13 9.06377e-14 6.62524e-14 4.83888e-14 3.53139e-14 2.57519e-14 1.87648e-14 1.36632e-14 9.94136e-15 7.22811e-15 5.25166e-15 3.813e-15 2.76656e-15 2.00595e-15 1.4535e-15 1.05252e-15 7.61665e-16 5.50841e-16 3.98125e-16 2.87574e-16 2.07596e-16 1.49773e-16 1.07992e-16 7.78227e-17 5.60499e-17 4.03462e-17
1.15628e-06 1.41864e-06 1.73637e-06 1.95308e-06 2.07383e-06 2.11035e-06 2.07758e-06 1.99139e-06 1.86691e-06 1.71762e-06 1.55487e-06 1.38774e-06 1.22318e-06 1.06615e-06 9.19983e-07 7.86659e-07 6.67093e-07 5.61409e-07 4.69165e-07 3.89541e-07 3.21486e-07 2.63835e-07 2.15387e-07 1.74971e-07 1.41482e-07 1.13904e-07 9.13246e-08 7.29353e-08 5.80336e-08 4.60142e-08 3.63621e-08 2.86429e-08 2.24937e-08 1.76132e-08 1.37532e-08 1.07104e-08 8.3194e-09 6.44624e-09 4.983e-09 3.8431e-09 2.95745e-09 2.27107e-09 1.74042e-09 1.33112e-09 1.01613e-09 7.7424e-10 5.88876e-10 4.47113e-10 3.38907e-10 2.56468e-10 1.93775e-10 1.46181e-10 1.10112e-10 8.28226e-11 6.2208e-11 4.66601e-11 3.49512e-11 2.61463e-11 1.95347e-11 1.45768e-11 1.0864e-11 8.08738e-12 6.01343e-12 4.4663e-12 3.31356e-12 2.4557e-12 1.81801e-12 1.34454e-12 9.93372e-13 7.33201e-13 5.40649e-13 3.98289e-13 2.93143e-13 2.15559e-13 1.58368e-13 1.1625e-13 8.52603e-14 6.24795e-14 4.57479e-14 3.347e-14 2.44679e-14 1.78731e-14 1.30459e-14 9.5153e-15 6.93509e-15 5.05089e-15 3.676e-15 2.6735e-15 1.94307e-15 1.41124e-15 1.0243e-15 7.42972e-16 5.38564e-16 3.90147e-16 2.82455e-16 2.04364e-16 1.47774e-16 1.06791e-16 7.71293e-17 5.56741e-17 4.01644e-17
7.5943e-07 9.581e-07 1.19008e-06 1.35495e-06 1.45401e-06 1.49371e-06 1.48335e-06 1.43332e-06 1.35392e-06 1.25458e-06 1.14344e-06 1.02717e-06 9.11004e-07 7.98811e-07 6.93283e-07 5.96127e-07 5.08259e-07 4.29988e-07 3.61176e-07 3.01373e-07 2.4993e-07 2.06084e-07 1.69021e-07 1.37928e-07 1.12025e-07 9.05816e-08 7.29353e-08 5.84933e-08 4.67339e-08 3.72048e-08 2.95176e-08 2.33426e-08 1.8402e-08 1.4464e-08 1.13364e-08 8.86087e-09 6.9078e-09 5.37169e-09 4.16706e-09 3.22506e-09 2.4904e-09 1.91894e-09 1.47552e-09 1.13228e-09 8.67186e-10 6.62905e-10 5.05821e-10 3.85276e-10 2.92955e-10 2.22386e-10 1.68543e-10 1.27536e-10 9.63587e-11 7.2695e-11 5.47635e-11 4.11972e-11 3.09492e-11 2.32195e-11 1.73977e-11 1.30191e-11 9.73047e-12 7.26378e-12 5.41602e-12 4.03365e-12 3.00075e-12 2.22989e-12 1.65528e-12 1.22745e-12 9.09267e-13 6.72887e-13 4.97469e-13 3.67427e-13 2.71124e-13 1.99877e-13 1.47219e-13 1.08338e-13 7.96564e-14 5.8518e-14 4.29531e-14 3.15023e-14 2.30856e-14 1.69042e-14 1.23684e-14 9.04273e-15 6.60633e-15 4.82282e-15 3.51826e-15 2.56476e-15 1.86836e-15 1.36012e-15 9.8946e-16 7.19336e-16 5.22615e-16 3.79447e-16 2.75325e-16 1.99651e-16 1.44687e-16 1.04791e-16 7.58508e-17 5.48709e-17 3.9671e-17
4.98783e-07 6.46579e-07 8.14839e-07 9.38854e-07 1.018e-06 1.05559e-06 1.05725e-06 1.02972e-06 9.7993e-07 9.14422e-07 8.38987e-07 7.58491e-07 6.76829e-07 5.9697e-07 5.21049e-07 4.5049e-07 3.86133e-07 3.28357e-07 2.77195e-07 2.32429e-07 1.93675e-07 1.60441e-07 1.32186e-07 1.0835e-07 8.83859e-08 7.17733e-08 5.80336e-08 4.67339e-08 3.74897e-08 2.99642e-08 2.3866e-08 1.89459e-08 1.49925e-08 1.18281e-08 9.30453e-09 7.29906e-09 5.71058e-09 4.45635e-09 3.46902e-09 2.69403e-09 2.0874e-09 1.6138e-09 1.245e-09 9.58508e-10 7.36475e-10 5.64786e-10 4.32316e-10 3.30319e-10 2.51945e-10 1.91841e-10 1.45835e-10 1.10684e-10 8.38754e-11 6.34639e-11 4.7949e-11 3.61752e-11 2.72544e-11 2.05056e-11 1.54076e-11 1.1562e-11 8.66539e-12 6.48647e-12 4.84962e-12 3.62158e-12 2.70142e-12 2.0128e-12 1.49807e-12 1.11379e-12 8.27212e-13 6.13744e-13 4.54907e-13 3.36846e-13 2.49186e-13 1.84165e-13 1.35985e-13 1.00318e-13 7.3941e-14 5.44519e-14 4.00655e-14 2.94553e-14 2.16372e-14 1.58814e-14 1.16475e-14 8.53567e-15 6.25046e-15 4.57362e-15 3.34417e-15 2.44344e-15 1.78404e-15 1.30168e-15 9.49087e-16 6.91532e-16 5.03535e-16 3.66405e-16 2.66448e-16 1.93637e-16 1.40635e-16 1.02077e-16 7.40463e-17 5.36806e-17 3.88934e-17
3.27593e-07 4.36035e-07 5.57383e-07 6.49788e-07 7.11794e-07 7.44868e-07 7.52324e-07 7.38459e-07 7.079e-07 6.65147e-07 6.14288e-07 5.58836e-07 5.0167e-07 4.45039e-07 3.90608e-07 3.39536e-07 2.92552e-07 2.50042e-07 2.12124e-07 1.78723e-07 1.49622e-07 1.24515e-07 1.03046e-07 8.48349e-08 6.95001e-08 5.66745e-08 4.60142e-08 3.72048e-08 2.99642e-08 2.40429e-08 1.92234e-08 1.53181e-08 1.21668e-08 9.63402e-09 7.60597e-09 5.98785e-09 4.70118e-09 3.68136e-09 2.87553e-09 2.24067e-09 1.74191e-09 1.35114e-09 1.04575e-09 8.077e-10 6.22574e-10 4.78939e-10 3.67744e-10 2.81847e-10 2.15628e-10 1.64683e-10 1.25563e-10 9.55798e-11 7.26413e-11 5.51229e-11 4.17667e-11 3.16006e-11 2.3875e-11 1.80132e-11 1.35723e-11 1.02128e-11 7.67501e-12 5.76063e-12 4.31848e-12 3.23351e-12 2.4183e-12 1.80656e-12 1.34807e-12 1.00484e-12 7.48207e-13 5.56535e-13 4.13543e-13 3.06984e-13 2.27659e-13 1.6867e-13 1.24848e-13 9.23269e-14 6.82153e-14 5.03559e-14 3.71401e-14 2.73693e-14 2.01522e-14 1.4826e-14 1.08988e-14 8.00543e-15 5.87564e-15 4.30917e-15 3.15796e-15 2.31259e-15 1.69229e-15 1.23749e-15 9.04285e-16 6.60341e-16 4.81877e-16 3.5141e-16 2.56098e-16 1.86517e-16 1.35754e-16 9.87452e-17 7.17811e-17 5.21483e-17 3.78626e-17
2.15159e-07 2.9385e-07 3.80926e-07 4.49228e-07 4.97059e-07 5.24861e-07 5.34506e-07 5.28688e-07 5.1046e-07 4.82895e-07 4.48855e-07 4.10857e-07 3.71011e-07 3.31002e-07 2.92114e-07 2.55268e-07 2.21076e-07 1.89895e-07 1.61881e-07 1.37036e-07 1.15252e-07 9.63444e-08 8.00837e-08 6.62146e-08 5.44744e-08 4.46053e-08 3.63621e-08 2.95176e-08 2.3866e-08 1.92234e-08 1.54281e-08 1.23396e-08 9.8369e-09 7.81722e-09 6.19356e-09 4.893e-09 3.85486e-09 3.02892e-09 2.37386e-09 1.8559e-09 1.44752e-09 1.12642e-09 8.74621e-10 6.7766e-10 5.23973e-10 4.04333e-10 3.11409e-10 2.39392e-10 1.83697e-10 1.40711e-10 1.076e-10 8.21447e-11 6.26101e-11 4.76463e-11 3.62036e-11 2.74682e-11 2.08104e-11 1.57442e-11 1.1895e-11 8.97482e-12 6.76272e-12 5.08938e-12 3.82532e-12 2.87173e-12 2.15331e-12 1.61274e-12 1.20651e-12 9.01602e-13 6.73022e-13 5.0186e-13 3.7384e-13 2.78193e-13 2.06812e-13 1.53597e-13 1.13965e-13 8.44803e-14 6.25662e-14 4.62949e-14 3.42249e-14 2.52799e-14 1.86569e-14 1.37575e-14 1.01364e-14 7.46238e-15 5.48944e-15 4.03497e-15 2.96361e-15 2.17509e-15 1.59518e-15 1.16904e-15 8.56127e-16 6.2653e-16 4.5819e-16 3.34853e-16 2.44553e-16 1.78486e-16 1.30183e-16 9.48917e-17 6.9124e-17 5.03223e-17 3.66123e-17
1.41313e-07 1.97901e-07 2.60107e-07 3.10246e-07 3.46685e-07 3.69336e-07 3.79187e-07 3.77896e-07 3.67454e-07 3.49938e-07 3.27339e-07 3.01448e-07 2.73797e-07 2.45639e-07 2.17951e-07 1.91454e-07 1.66649e-07 1.43848e-07 1.23213e-07 1.04788e-07 8.853e-08 7.43344e-08 6.20561e-08 5.15265e-08 4.25666e-08 3.49966e-08 2.86429e-08 2.33426e-08 1.89459e-08 1.53181e-08 1.23396e-08 9.90541e-09 7.92489e-09 6.32013e-09 5.02492e-09 3.98344e-09 3.14895e-09 2.48255e-09 1.9521e-09 1.53115e-09 1.19808e-09 9.35288e-10 7.28499e-10 5.66201e-10 4.39138e-10 3.399e-10 2.62572e-10 2.0245e-10 1.55807e-10 1.19696e-10 9.17947e-11 7.02785e-11 5.37174e-11 4.09936e-11 3.12351e-11 2.37638e-11 1.8053e-11 1.3695e-11 1.03745e-11 7.84842e-12 5.92955e-12 4.47402e-12 3.37152e-12 2.53757e-12 1.90759e-12 1.43233e-12 1.07423e-12 8.04755e-13 6.02215e-13 4.50164e-13 3.36148e-13 2.50751e-13 1.86859e-13 1.39109e-13 1.03461e-13 7.68741e-14 5.70662e-14 4.23234e-14 3.13611e-14 2.32177e-14 1.7174e-14 1.26927e-14 9.37292e-15 6.91576e-15 5.09865e-15 3.75601e-15 2.76478e-15 2.03359e-15 1.49465e-15 1.09773e-15 8.05629e-16 5.90834e-16 4.33002e-16 3.17113e-16 2.32083e-16 1.69739e-16 1.2406e-16 9.06156e-17 6.61447e-17 4.82518e-17 3.51773e-17
9.28124e-08 1.332e-07 1.77462e-07 2.14048e-07 2.41524e-07 2.59558e-07 2.68619e-07 2.69697e-07 2.64074e-07 2.53144e-07 2.38278e-07 2.20743e-07 2.01644e-07 1.81904e-07 1.62258e-07 1.43265e-07 1.25324e-07 1.08701e-07 9.35454e-08 7.99213e-08 6.78232e-08 5.71964e-08 4.79525e-08 3.99821e-08 3.31646e-08 2.73758e-08 2.24937e-08 1.8402e-08 1.49925e-08 1.21668e-08 9.8369e-09 7.92489e-09 6.36285e-09 5.09212e-09 4.06251e-09 3.23143e-09 2.56303e-09 2.0273e-09 1.59931e-09 1.25847e-09 9.87848e-10 7.73587e-10 6.04417e-10 4.71202e-10 3.66566e-10 2.84577e-10 2.20487e-10 1.705e-10 1.31599e-10 1.01388e-10 7.79757e-11 5.98666e-11 4.58867e-11 3.51144e-11 2.68286e-11 2.04666e-11 1.55899e-11 1.1858e-11 9.00662e-12 6.83144e-12 5.1746e-12 3.91444e-12 2.95736e-12 2.23149e-12 1.68171e-12 1.26587e-12 9.51738e-13 7.14741e-13 5.36158e-13 4.01755e-13 3.00721e-13 2.24859e-13 1.67961e-13 1.25334e-13 9.34331e-14 6.95844e-14 5.17738e-14 3.84861e-14 2.85826e-14 2.12085e-14 1.5723e-14 1.16462e-14 8.61921e-15 6.37365e-15 4.70926e-15 3.47671e-15 2.56473e-15 1.8905e-15 1.39245e-15 1.02485e-15 7.53731e-16 5.53934e-16 4.06809e-16 2.9855e-16 2.18949e-16 1.60462e-16 1.1752e-16 8.60131e-17 6.29122e-17 4.59862e-17 3.35928e-17
