0.372307 0.0326956 0.0203509 0.0137098 0.00970187 0.00707662 0.00526002 0.00395717 0.00300071 0.00228765 0.0017505 0.00134296 0.00103219 0.000794361 0.000611885 0.000471617 0.000363648 0.00028046 0.000216321 0.000166845 0.000128665 9.9195e-05 7.64408e-05 5.88659e-05 4.52838e-05 3.47775e-05 2.66373e-05 2.0313e-05 1.53766e-05 1.1494e-05 8.85002e-06
0.0326956 0.00535742 0.00312793 0.00193546 0.00124456 0.000822605 0.000555223 0.00038103 0.000265021 0.000186364 0.000132237 9.45327e-05 6.79995e-05 4.91691e-05 3.57102e-05 2.60329e-05 1.90392e-05 1.39628e-05 1.02643e-05 7.56069e-06 5.57861e-06 4.12163e-06 3.04796e-06 2.25482e-06 1.66744e-06 1.23121e-06 9.06123e-07 6.62846e-07 4.79816e-07 3.4125e-07 2.55109e-07
0.0203509 0.00312793 0.00172335 0.00102247 0.000638957 0.000414383 0.000276206 0.000187985 0.000130035 9.11093e-05 6.44949e-05 4.60362e-05 3.30851e-05 2.39119e-05 1.73637e-05 1.26589e-05 9.26003e-06 6.79327e-06 4.99586e-06 3.68164e-06 2.71779e-06 2.00895e-06 1.48632e-06 1.10003e-06 8.13766e-07 6.01043e-07 4.42457e-07 3.23791e-07 2.34649e-07 1.72839e-07 1.29285e-07
0.0137098 0.00193546 0.00102247 0.000587344 0.000358803 0.000229182 0.000151242 0.000102264 7.04369e-05 4.92133e-05 3.4773e-05 2.47911e-05 1.78031e-05 1.28611e-05 9.33678e-06 6.80624e-06 4.97885e-06 3.65286e-06 2.68675e-06 1.98033e-06 1.4622e-06 1.0811e-06 8.00068e-07 5.92316e-07 4.38351e-07 3.2395e-07 2.38709e-07 1.75027e-07 1.29448e-07 9.53575e-08 7.13426e-08
0.00970187 0.00124456 0.000638957 0.000358803 0.000215683 0.000136292 8.93179e-05 6.01236e-05 4.12914e-05 2.87945e-05 2.03193e-05 1.44735e-05 1.03872e-05 7.50034e-06 5.44318e-06 3.9669e-06 2.90128e-06 2.12828e-06 1.56522e-06 1.1536e-06 8.51738e-07 6.29749e-07 4.6608e-07 3.45115e-07 2.55502e-07 1.88959e-07 1.39443e-07 1.03358e-07 7.64511e-08 5.63177e-08 4.21303e-08
0.00707662 0.000822605 0.000414383 0.000229182 0.000136292 8.55184e-05 5.57934e-05 3.74504e-05 2.56724e-05 1.788e-05 1.26057e-05 8.97266e-06 6.43565e-06 4.64467e-06 3.36925e-06 2.45446e-06 1.79445e-06 1.3159e-06 9.6746e-07 7.12836e-07 5.26183e-07 3.88972e-07 2.87852e-07 2.13153e-07 1.57852e-07 1.1683e-07 8.66764e-08 6.42462e-08 4.75193e-08 3.50028e-08 2.61773e-08
0.00526002 0.000555223 0.000276206 0.000151242 8.93179e-05 5.57934e-05 3.62987e-05 2.43214e-05 1.66522e-05 1.15872e-05 8.16304e-06 5.80658e-06 4.16225e-06 3.00221e-06 2.1766e-06 1.58479e-06 1.15805e-06 8.48805e-07 6.23762e-07 4.59401e-07 3.38979e-07 2.50505e-07 1.8534e-07 1.37235e-07 1.01651e-07 7.54134e-08 5.59407e-08 4.1458e-08 3.06598e-08 2.25816e-08 1.68812e-08
0.00395717 0.00038103 0.000187985 0.000102264 6.01236e-05 3.74504e-05 2.43214e-05 1.62768e-05 1.11342e-05 7.7417e-06 5.45015e-06 3.87422e-06 2.77527e-06 2.00049e-06 1.44944e-06 1.05469e-06 7.70227e-07 5.64222e-07 4.14403e-07 3.05051e-07 2.24983e-07 1.66195e-07 1.22924e-07 9.10053e-08 6.74669e-08 5.00383e-08 3.71079e-08 2.74943e-08 2.03289e-08 1.49706e-08 1.11866e-08
0.00300071 0.000265021 0.000130035 7.04369e-05 4.12914e-05 2.56724e-05 1.66522e-05 1.11342e-05 7.61067e-06 5.28795e-06 3.72007e-06 2.64253e-06 1.89162e-06 1.36257e-06 9.86556e-07 7.17386e-07 5.23557e-07 3.83285e-07 2.81343e-07 2.06986e-07 1.52579e-07 1.12659e-07 8.32968e-08 6.16751e-08 4.57051e-08 3.3886e-08 2.51213e-08 1.86078e-08 1.37551e-08 1.0128e-08 7.56453e-09
0.00228765 0.000186364 9.11093e-05 4.92133e-05 2.87945e-05 1.788e-05 1.15872e-05 7.7417e-06 5.28795e-06 3.67146e-06 2.58098e-06 1.83202e-06 1.31045e-06 9.43252e-07 6.82459e-07 4.9591e-07 3.61676e-07 2.64603e-07 1.94106e-07 1.42722e-07 1.0515e-07 7.76022e-08 5.7363e-08 4.24535e-08 3.14472e-08 2.3306e-08 1.72717e-08 1.27895e-08 9.45178e-09 6.95832e-09 5.19477e-09
0.0017505 0.000132237 6.44949e-05 3.4773e-05 2.03193e-05 1.26057e-05 8.16304e-06 5.45015e-06 3.72007e-06 2.58098e-06 1.81302e-06 1.28593e-06 9.19134e-07 6.61088e-07 4.77959e-07 3.47063e-07 2.52946e-07 1.84935e-07 1.35579e-07 9.96297e-08 7.33624e-08 5.41196e-08 3.99847e-08 2.9578e-08 2.19001e-08 1.62238e-08 1.20188e-08 8.89697e-09 6.57345e-09 4.83855e-09 3.61065e-09
0.00134296 9.45327e-05 4.60362e-05 2.47911e-05 1.44735e-05 8.97266e-06 5.80658e-06 3.87422e-06 2.64253e-06 1.83202e-06 1.28593e-06 9.1138e-07 6.50921e-07 4.67826e-07 3.37986e-07 2.45251e-07 1.78623e-07 1.30511e-07 9.56212e-08 7.02263e-08 5.1685e-08 3.81078e-08 2.81406e-08 2.08067e-08 1.53988e-08 1.1403e-08 8.4444e-09 6.24901e-09 4.61587e-09 3.39708e-09 2.53391e-09
0.00103219 6.79995e-05 3.30851e-05 1.78031e-05 1.03872e-05 6.43565e-06 4.16225e-06 2.77527e-06 1.89162e-06 1.31045e-06 9.19134e-07 6.50921e-07 4.64547e-07 3.33631e-07 2.40863e-07 1.74657e-07 1.27123e-07 9.28241e-08 6.79685e-08 4.98901e-08 3.66979e-08 2.70436e-08 1.99604e-08 1.47515e-08 1.09127e-08 8.07771e-09 5.97973e-09 4.42373e-09 3.2668e-09 2.40386e-09 1.79232e-09
0.000794361 4.91691e-05 2.39119e-05 1.28611e-05 7.50034e-06 4.64467e-06 3.00221e-06 2.00049e-06 1.36257e-06 9.43252e-07 6.61088e-07 4.67826e-07 3.33631e-07 2.39437e-07 1.72741e-07 1.25175e-07 9.10503e-08 6.64437e-08 4.86242e-08 3.56711e-08 2.62247e-08 1.93158e-08 1.42498e-08 1.05264e-08 7.78378e-09 5.75941e-09 4.26205e-09 3.15205e-09 2.32714e-09 1.71216e-09 1.27608e-09
0.000611885 3.57102e-05 1.73637e-05 9.33678e-06 5.44318e-06 3.36925e-06 2.1766e-06 1.44944e-06 9.86556e-07 6.82459e-07 4.77959e-07 3.37986e-07 2.40863e-07 1.72741e-07 1.2454e-07 9.01891e-08 6.55616e-08 4.78155e-08 3.49721e-08 2.5642e-08 1.88418e-08 1.38711e-08 1.02284e-08 7.55241e-09 5.58237e-09 4.12897e-09 3.05446e-09 2.25829e-09 1.66689e-09 1.22621e-09 9.13558e-10
0.000471617 2.60329e-05 1.26589e-05 6.80624e-06 3.9669e-06 2.45446e-06 1.58479e-06 1.05469e-06 7.17386e-07 4.9591e-07 3.47063e-07 2.45251e-07 1.74657e-07 1.25175e-07 9.01891e-08 6.52728e-08 4.74213e-08 3.45657e-08 2.52676e-08 1.85169e-08 1.35995e-08 1.00071e-08 7.37577e-09 5.44381e-09 4.0222e-09 2.97391e-09 2.19926e-09 1.62554e-09 1.19957e-09 8.82313e-10 6.57106e-10
0.000363648 1.90392e-05 9.26003e-06 4.97885e-06 2.90128e-06 1.79445e-06 1.15805e-06 7.70227e-07 5.23557e-07 3.61676e-07 2.52946e-07 1.78623e-07 1.27123e-07 9.10503e-08 6.55616e-08 4.74213e-08 3.44324e-08 2.50844e-08 1.83271e-08 1.3424e-08 9.85442e-09 7.24801e-09 5.33987e-09 3.93958e-09 2.90967e-09 2.15057e-09 1.58988e-09 1.1748e-09 8.66759e-10 6.37435e-10 4.74566e-10
0.00028046 1.39628e-05 6.79327e-06 3.65286e-06 2.12828e-06 1.3159e-06 8.48805e-07 5.64222e-07 3.83285e-07 2.64603e-07 1.84935e-07 1.30511e-07 9.28241e-08 6.64437e-08 4.78155e-08 3.45657e-08 2.50844e-08 1.82647e-08 1.33379e-08 9.76489e-09 7.16503e-09 5.26765e-09 3.87926e-09 2.86086e-09 2.11218e-09 1.5606e-09 1.15337e-09 8.52027e-10 6.28484e-10 4.62141e-10 3.43945e-10
0.000216321 1.02643e-05 4.99586e-06 2.68675e-06 1.56522e-06 9.6746e-07 6.23762e-07 4.14403e-07 2.81343e-07 1.94106e-07 1.35579e-07 9.56212e-08 6.79685e-08 4.86242e-08 3.49721e-08 2.52676e-08 1.83271e-08 1.33379e-08 9.73539e-09 7.12418e-09 5.22511e-09 3.83983e-09 2.82665e-09 2.0838e-09 1.53793e-09 1.13594e-09 8.39267e-10 6.19831e-10 4.57115e-10 3.36086e-10 2.50049e-10
0.000166845 7.56069e-06 3.68164e-06 1.98033e-06 1.1536e-06 7.12836e-07 4.59401e-07 3.05051e-07 2.06986e-07 1.42722e-07 9.96297e-08 7.02263e-08 4.98901e-08 3.56711e-08 2.5642e-08 1.85169e-08 1.3424e-08 9.76489e-09 7.12418e-09 5.21106e-09 3.82036e-09 2.80638e-09 2.06509e-09 1.52183e-09 1.12279e-09 8.29048e-10 6.12351e-10 4.52132e-10 3.33373e-10 2.45077e-10 1.82281e-10
0.000128665 5.57861e-06 2.71779e-06 1.4622e-06 8.51738e-07 5.26183e-07 3.38979e-07 2.24983e-07 1.52579e-07 1.0515e-07 7.33624e-08 5.1685e-08 3.66979e-08 2.62247e-08 1.88418e-08 1.35995e-08 9.85442e-09 7.16503e-09 5.22511e-09 3.82036e-09 2.79967e-09 2.05581e-09 1.51223e-09 1.11402e-09 8.21641e-10 6.065e-10 4.47848e-10 3.30591e-10 2.4371e-10 1.79141e-10 1.332e-10
9.9195e-05 4.12163e-06 2.00895e-06 1.0811e-06 6.29749e-07 3.88972e-07 2.50505e-07 1.66195e-07 1.12659e-07 7.76022e-08 5.41196e-08 3.81078e-08 2.70436e-08 1.93158e-08 1.38711e-08 1.00071e-08 7.24801e-09 5.26765e-09 3.83983e-09 2.80638e-09 2.05581e-09 1.50904e-09 1.10964e-09 8.17167e-10 6.02509e-10 4.44615e-10 3.28223e-10 2.4223e-10 1.78539e-10 1.31221e-10 9.75413e-11
7.64408e-05 3.04796e-06 1.48632e-06 8.00068e-07 4.6608e-07 2.87852e-07 1.8534e-07 1.22924e-07 8.32968e-08 5.7363e-08 3.99847e-08 2.81406e-08 1.99604e-08 1.42498e-08 1.02284e-08 7.37577e-09 5.33987e-09 3.87926e-09 2.82665e-09 2.06509e-09 1.51223e-09 1.10964e-09 8.15672e-10 6.00492e-10 4.42618e-10 3.26533e-10 2.40991e-10 1.77813e-10 1.31036e-10 9.62976e-11 7.15617e-11
5.88659e-05 2.25482e-06 1.10003e-06 5.92316e-07 3.45115e-07 2.13153e-07 1.37235e-07 9.10053e-08 6.16751e-08 4.24535e-08 2.9578e-08 2.08067e-08 1.47515e-08 1.05264e-08 7.55241e-09 5.44381e-09 3.93958e-09 2.86086e-09 2.0838e-09 1.52183e-09 1.11402e-09 8.17167e-10 6.00492e-10 4.41943e-10 3.25659e-10 2.40185e-10 1.7722e-10 1.30733e-10 9.63247e-11 7.07811e-11 5.25857e-11
4.52838e-05 1.66744e-06 8.13766e-07 4.38351e-07 2.55502e-07 1.57852e-07 1.01651e-07 6.74669e-08 4.57051e-08 3.14472e-08 2.19001e-08 1.53988e-08 1.09127e-08 7.78378e-09 5.58237e-09 4.0222e-09 2.90967e-09 2.11218e-09 1.53793e-09 1.12279e-09 8.21641e-10 6.02509e-10 4.42618e-10 3.25659e-10 2.39907e-10 1.76895e-10 1.30491e-10 9.62421e-11 7.09005e-11 5.20938e-11 3.86927e-11
3.47775e-05 1.23121e-06 6.01043e-07 3.2395e-07 1.88959e-07 1.1683e-07 7.54134e-08 5.00383e-08 3.3886e-08 2.3306e-08 1.62238e-08 1.1403e-08 8.07771e-09 5.75941e-09 4.12897e-09 2.97391e-09 2.15057e-09 1.5606e-09 1.13594e-09 8.29048e-10 6.065e-10 4.44615e-10 3.26533e-10 2.40185e-10 1.76895e-10 1.30402e-10 9.61741e-11 7.09185e-11 5.22371e-11 3.83774e-11 2.84982e-11
2.66373e-05 9.06123e-07 4.42457e-07 2.38709e-07 1.39443e-07 8.66764e-08 5.59407e-08 3.71079e-08 2.51213e-08 1.72717e-08 1.20188e-08 8.4444e-09 5.97973e-09 4.26205e-09 3.05446e-09 2.19926e-09 1.58988e-09 1.15337e-09 8.39267e-10 6.12351e-10 4.47848e-10 3.28223e-10 2.40991e-10 1.7722e-10 1.30491e-10 9.61741e-11 7.09164e-11 5.22846e-11 3.85065e-11 2.82875e-11 2.10012e-11
2.0313e-05 6.62846e-07 3.23791e-07 1.75027e-07 1.03358e-07 6.42462e-08 4.1458e-08 2.74943e-08 1.86078e-08 1.27895e-08 8.89697e-09 6.24901e-09 4.42373e-09 3.15205e-09 2.25829e-09 1.62554e-09 1.1748e-09 8.52027e-10 6.19831e-10 4.52132e-10 3.30591e-10 2.4223e-10 1.77813e-10 1.30733e-10 9.62421e-11 7.09185e-11 5.22846e-11 3.85422e-11 2.83821e-11 2.08485e-11 1.54754e-11
1.53766e-05 4.79816e-07 2.34649e-07 1.29448e-07 7.64511e-08 4.75193e-08 3.06598e-08 2.03289e-08 1.37551e-08 9.45178e-09 6.57345e-09 4.61587e-09 3.2668e-09 2.32714e-09 1.66689e-09 1.19957e-09 8.66759e-10 6.28484e-10 4.57115e-10 3.33373e-10 2.4371e-10 1.78539e-10 1.31036e-10 9.63247e-11 7.09005e-11 5.22371e-11 3.85065e-11 2.83821e-11 2.08984e-11 1.53503e-11 1.13925e-11
1.1494e-05 3.4125e-07 1.72839e-07 9.53575e-08 5.63177e-08 3.50028e-08 2.25816e-08 1.49706e-08 1.0128e-08 6.95832e-09 4.83855e-09 3.39708e-09 2.40386e-09 1.71216e-09 1.22621e-09 8.82313e-10 6.37435e-10 4.62141e-10 3.36086e-10 2.45077e-10 1.79141e-10 1.31221e-10 9.62976e-11 7.07811e-11 5.20938e-11 3.83774e-11 2.82875e-11 2.08485e-11 1.53503e-11 1.12747e-11 8.367e-12
8.85002e-06 2.55109e-07 1.29285e-07 7.13426e-08 4.21303e-08 2.61773e-08 1.68812e-08 1.11866e-08 7.56453e-09 5.19477e-09 3.61065e-09 2.53391e-09 1.79232e-09 1.27608e-09 9.13558e-10 6.57106e-10 4.74566e-10 3.43945e-10 2.50049e-10 1.82281e-10 1.332e-10 9.75413e-11 7.15617e-11 5.25857e-11 3.86927e-11 2.84982e-11 2.10012e-11 1.54754e-11 1.13925e-11 8.367e-12 6.20775e-12
