0.632153 0.0143686 0.0115119 0.00922315 0.00738943 0.00592028 0.00474323 0.00380019 0.00304465 0.00243932 0.00195434 0.00156578 0.00125448 0.00100507 0.000805243 0.000645147 0.00051688 0.000414116 0.000331782 0.000265818 0.000212969 0.000170627 0.000136704 0.000109525 8.77492e-05 7.03031e-05 5.63257e-05 4.51271e-05 3.61551e-05 2.89668e-05 2.32077e-05 1.85936e-05 1.48969e-05 1.19351e-05 9.56223e-06 7.66109e-06 6.13794e-06 4.91761e-06 3.9399e-06 3.15658e-06 2.529e-06 2.02619e-06 1.62335e-06 1.3006e-06 1.04202e-06 8.34847e-07 6.68865e-07 5.35883e-07 4.2934e-07 3.4398e-07 2.75591e-07 2.20799e-07 1.769e-07 1.41729e-07 1.13551e-07 9.09752e-08 7.28878e-08 5.83964e-08 4.67862e-08 3.74843e-08 3.00318e-08 2.4061e-08 1.92772e-08 1.54446e-08 1.23739e-08 9.91378e-09 7.94275e-09 6.36359e-09 5.0984e-09 4.08475e-09 3.27263e-09 2.62198e-09 2.10068e-09 1.68303e-09 1.34842e-09 1.08033e-09 8.6554e-10 6.93456e-10 5.55585e-10 4.45125e-10 3.56626e-10 2.85723e-10 2.28916e-10 1.83404e-10 1.4694e-10 1.17726e-10 9.43199e-11 7.55674e-11 6.05433e-11 4.85063e-11 3.88624e-11 3.11359e-11 2.49455e-11 1.99859e-11 1.60124e-11 1.28288e-11 1.02783e-11 8.23476e-12 6.59755e-12 5.28584e-12 4.23493e-12
0.0143686 0.0041175 0.00348283 0.00293776 0.00247177 0.00207494 0.0017382 0.00145334 0.00121305 0.00101085 0.000841106 0.0006989 0.000579993 0.000480741 0.000398029 0.000329203 0.000272011 0.000224548 0.000185206 0.000152631 0.000125689 0.000103426 8.50479e-05 6.9889e-05 5.73961e-05 4.71082e-05 3.86423e-05 3.16807e-05 2.59598e-05 2.12614e-05 1.74051e-05 1.42418e-05 1.16483e-05 9.52316e-06 7.78259e-06 6.3577e-06 5.19176e-06 4.23813e-06 3.45848e-06 2.82131e-06 2.3008e-06 1.87574e-06 1.52875e-06 1.24559e-06 1.0146e-06 8.26219e-07 6.7264e-07 5.47471e-07 4.45485e-07 3.62412e-07 2.94762e-07 2.39686e-07 1.94859e-07 1.58383e-07 1.28708e-07 1.04572e-07 8.49464e-08 6.89907e-08 5.60218e-08 4.54827e-08 3.69198e-08 2.9964e-08 2.43147e-08 1.97273e-08 1.60029e-08 1.29797e-08 1.0526e-08 8.53496e-09 6.91953e-09 5.60908e-09 4.5462e-09 3.68423e-09 2.98531e-09 2.41867e-09 1.95935e-09 1.58706e-09 1.28536e-09 1.04089e-09 8.42818e-10 6.82364e-10 5.52397e-10 4.47137e-10 3.61896e-10 2.92876e-10 2.36995e-10 1.91758e-10 1.5514e-10 1.25503e-10 1.01518e-10 8.21099e-11 6.6406e-11 5.37009e-11 4.34229e-11 3.5109e-11 2.83846e-11 2.29463e-11 1.85484e-11 1.49922e-11 1.2117e-11 9.79236e-12 7.91314e-12
0.0115119 0.00348283 0.00299048 0.00255859 0.00218211 0.00185571 0.00157405 0.00133201 0.00112477 0.000947906 0.000797408 0.000669684 0.000561548 0.000470195 0.000393176 0.000328361 0.00027391 0.000228236 0.000189981 0.000157984 0.000131255 0.000108953 9.03652e-05 7.48901e-05 6.20188e-05 5.13233e-05 4.24436e-05 3.50775e-05 2.8972e-05 2.39151e-05 1.97296e-05 1.62679e-05 1.34066e-05 1.10431e-05 9.09188e-06 7.48198e-06 6.15441e-06 5.06023e-06 4.15887e-06 3.41671e-06 2.8059e-06 2.30344e-06 1.89027e-06 1.55068e-06 1.27166e-06 1.04251e-06 8.54384e-07 6.9999e-07 5.73326e-07 4.69446e-07 3.8428e-07 3.14479e-07 2.57289e-07 2.10444e-07 1.72086e-07 1.40685e-07 1.14986e-07 9.39601e-08 7.67615e-08 6.26971e-08 5.11986e-08 4.18002e-08 3.412e-08 2.78454e-08 2.27202e-08 1.85348e-08 1.51177e-08 1.23282e-08 1.00517e-08 8.19414e-09 6.67872e-09 5.44264e-09 4.43461e-09 3.6127e-09 2.94266e-09 2.39653e-09 1.95146e-09 1.58881e-09 1.29336e-09 1.05271e-09 8.56715e-10 6.97115e-10 5.67172e-10 4.6139e-10 3.75288e-10 3.05216e-10 2.48196e-10 2.01804e-10 1.64064e-10 1.33366e-10 1.08399e-10 8.80964e-11 7.15882e-11 5.8167e-11 4.72569e-11 3.83891e-11 3.1182e-11 2.53254e-11 2.05667e-11 1.67005e-11 1.35597e-11
0.00922315 0.00293776 0.00255859 0.00221851 0.00191612 0.00164918 0.00141499 0.00121062 0.00103312 0.000879581 0.000747255 0.000633585 0.000536227 0.000453064 0.000382197 0.000321944 0.000270818 0.000227519 0.000190913 0.000160015 0.000133974 0.000112057 9.36362e-05 7.81724e-05 6.52061e-05 5.43458e-05 4.5259e-05 3.76633e-05 3.13201e-05 2.60274e-05 2.1615e-05 1.79394e-05 1.48799e-05 1.23351e-05 1.02198e-05 8.46273e-06 7.00416e-06 5.7941e-06 4.7908e-06 3.9594e-06 3.27083e-06 2.70084e-06 2.22924e-06 1.83925e-06 1.5169e-06 1.25056e-06 1.03061e-06 8.49042e-07 6.99219e-07 5.7564e-07 4.73747e-07 3.89766e-07 3.20573e-07 2.63584e-07 2.16662e-07 1.78043e-07 1.46266e-07 1.20128e-07 9.86352e-08 8.09667e-08 6.64464e-08 5.45167e-08 4.47181e-08 3.6672e-08 3.00667e-08 2.46456e-08 2.01976e-08 1.65487e-08 1.35562e-08 1.11026e-08 9.09121e-09 7.44275e-09 6.09202e-09 4.98548e-09 4.07917e-09 3.33702e-09 2.7294e-09 2.23203e-09 1.82498e-09 1.49191e-09 1.21943e-09 9.96549e-10 8.14277e-10 6.6524e-10 5.43397e-10 4.43803e-10 3.62409e-10 2.959e-10 2.41562e-10 1.97175e-10 1.60921e-10 1.31316e-10 1.07142e-10 8.74075e-11 7.12985e-11 5.81508e-11 4.74217e-11 3.86674e-11 3.15253e-11 2.56994e-11 2.09476e-11
0.00738943 0.00247177 0.00218211 0.00191612 0.00167468 0.0014576 0.00126398 0.00109246 0.000941383 0.000808998 0.000693507 0.000593152 0.000506256 0.000431255 0.000366705 0.000311297 0.000263848 0.000223306 0.000188735 0.00015931 0.00013431 0.000113104 9.51423e-05 7.9951e-05 6.71198e-05 5.62956e-05 4.71753e-05 3.94992e-05 3.30455e-05 2.76251e-05 2.30767e-05 1.92636e-05 1.60696e-05 1.33965e-05 1.11611e-05 9.2931e-06 7.73325e-06 6.43163e-06 5.3462e-06 4.44164e-06 3.68827e-06 3.06119e-06 2.53953e-06 2.10581e-06 1.74539e-06 1.44604e-06 1.19753e-06 9.91332e-07 8.20316e-07 6.78543e-07 5.61065e-07 4.63759e-07 3.83195e-07 3.16519e-07 2.61357e-07 2.15739e-07 1.78027e-07 1.46862e-07 1.21117e-07 9.98553e-08 8.23026e-08 6.78164e-08 5.58647e-08 4.6007e-08 3.7879e-08 3.11789e-08 2.56576e-08 2.11089e-08 1.73624e-08 1.42776e-08 1.17381e-08 9.64819e-09 7.92861e-09 6.51411e-09 5.35084e-09 4.39439e-09 3.60817e-09 2.96202e-09 2.43111e-09 1.99498e-09 1.63678e-09 1.34265e-09 1.10117e-09 9.02963e-10 7.40302e-10 6.06839e-10 4.97352e-10 4.07551e-10 3.3391e-10 2.73532e-10 2.24035e-10 1.83467e-10 1.50222e-10 1.22982e-10 1.00667e-10 8.23888e-11 6.74198e-11 5.51626e-11 4.51276e-11 3.6913e-11 3.01897e-11
0.00592028 0.00207494 0.00185571 0.00164918 0.0014576 0.00128208 0.0011229 0.000979746 0.000851921 0.000738484 0.000638353 0.000550381 0.000473413 0.000406323 0.000348038 0.000297557 0.000253954 0.000216388 0.000184097 0.000156401 0.000132692 0.000112434 9.51539e-05 8.04379e-05 6.79242e-05 5.72983e-05 4.82874e-05 4.06555e-05 3.41994e-05 2.8744e-05 2.41392e-05 2.02562e-05 1.69851e-05 1.4232e-05 1.19169e-05 9.9717e-06 8.33869e-06 6.9688e-06 5.82049e-06 4.85859e-06 4.0534e-06 3.37983e-06 2.81673e-06 2.34625e-06 1.95341e-06 1.62557e-06 1.35213e-06 1.12418e-06 9.34261e-07 7.76097e-07 6.44446e-07 5.34914e-07 4.43826e-07 3.6811e-07 3.052e-07 2.5295e-07 2.09572e-07 1.73573e-07 1.43711e-07 1.18947e-07 9.842e-08 8.14099e-08 6.73193e-08 5.56512e-08 4.59921e-08 3.79988e-08 3.1386e-08 2.5917e-08 2.13953e-08 1.7658e-08 1.45697e-08 1.20186e-08 9.91181e-09 8.17234e-09 6.73657e-09 5.55176e-09 4.57431e-09 3.76811e-09 3.10333e-09 2.55529e-09 2.10359e-09 1.73138e-09 1.42474e-09 1.17218e-09 9.64203e-10 7.92974e-10 6.5203e-10 5.36038e-10 4.40601e-10 3.62091e-10 2.97518e-10 2.44418e-10 2.00761e-10 1.64874e-10 1.3538e-10 1.11144e-10 9.12321e-11 7.48758e-11 6.14423e-11 5.04112e-11 4.13544e-11
0.00474323 0.0017382 0.00157405 0.00141499 0.00126398 0.0011229 0.000992752 0.000873924 0.000766367 0.000669725 0.000583435 0.000506812 0.0004391 0.000379518 0.000327291 0.00028167 0.000241942 0.000207446 0.00017757 0.000151758 0.000129506 0.000110363 9.3925e-05 7.98361e-05 6.77802e-05 5.74802e-05 4.86933e-05 4.12076e-05 3.48388e-05 2.94269e-05 2.48336e-05 2.09394e-05 1.76415e-05 1.48513e-05 1.2493e-05 1.05015e-05 8.82134e-06 7.40499e-06 6.21201e-06 5.20796e-06 4.36354e-06 3.6539e-06 3.05793e-06 2.55776e-06 2.13826e-06 1.78665e-06 1.4921e-06 1.24551e-06 1.03918e-06 8.66634e-07 7.22416e-07 6.01935e-07 5.01337e-07 4.17379e-07 3.47342e-07 2.88945e-07 2.40275e-07 1.99728e-07 1.65964e-07 1.37859e-07 1.14474e-07 9.50235e-08 7.8852e-08 6.54116e-08 5.42451e-08 4.4971e-08 3.72712e-08 3.08807e-08 2.55785e-08 2.11807e-08 1.75341e-08 1.45115e-08 1.20067e-08 9.93166e-09 8.21315e-09 6.7903e-09 5.61256e-09 4.63798e-09 3.83171e-09 3.16488e-09 2.6135e-09 2.15769e-09 1.78099e-09 1.46973e-09 1.21262e-09 1.00028e-09 8.24946e-10 6.80211e-10 5.60758e-10 4.62192e-10 3.80878e-10 3.13811e-10 2.58505e-10 2.12907e-10 1.75321e-10 1.44344e-10 1.1882e-10 9.77924e-11 8.04724e-11 6.62089e-11 5.44646e-11
0.00380019 0.00145334 0.00133201 0.00121062 0.00109246 0.000979746 0.000873924 0.000775814 0.000685791 0.000603901 0.000529956 0.000463606 0.000404401 0.000351829 0.000305348 0.000264412 0.000228487 0.000197058 0.000169643 0.000145793 0.000125095 0.000107174 9.16888e-05 7.83353e-05 6.68411e-05 5.69642e-05 4.84906e-05 4.12321e-05 3.50234e-05 2.97197e-05 2.51949e-05 2.13395e-05 1.8058e-05 1.52683e-05 1.2899e-05 1.08889e-05 9.18509e-06 7.74226e-06 6.52151e-06 5.48952e-06 4.61783e-06 3.8821e-06 3.2616e-06 2.73865e-06 2.29824e-06 1.92757e-06 1.61582e-06 1.35378e-06 1.13366e-06 9.48862e-07 7.93807e-07 6.63779e-07 5.54799e-07 4.63505e-07 3.87068e-07 3.231e-07 2.69593e-07 2.24858e-07 1.87472e-07 1.56243e-07 1.30168e-07 1.08405e-07 9.02487e-08 7.51072e-08 6.2485e-08 5.19668e-08 4.32051e-08 3.59092e-08 2.98361e-08 2.47826e-08 2.05789e-08 1.70832e-08 1.41773e-08 1.17624e-08 9.75611e-09 8.08988e-09 6.70644e-09 5.55814e-09 4.60528e-09 3.81482e-09 3.15926e-09 2.61572e-09 2.16518e-09 1.79183e-09 1.48252e-09 1.22632e-09 1.01418e-09 8.38547e-10 6.93184e-10 5.729e-10 4.7339e-10 3.91084e-10 3.23024e-10 2.66756e-10 2.20246e-10 1.81811e-10 1.50054e-10 1.23822e-10 1.02157e-10 8.42672e-11 6.94981e-11
0.00304465 0.00121305 0.00112477 0.00103312 0.000941383 0.000851921 0.000766367 0.000685791 0.00061083 0.000541797 0.000478761 0.000421618 0.000370142 0.000324025 0.00028291 0.000246414 0.000214142 0.000185708 0.000160734 0.000138863 0.000119762 0.00010312 8.86556e-05 7.61097e-05 6.52496e-05 5.58664e-05 4.77734e-05 4.08047e-05 3.48134e-05 2.96699e-05 2.52604e-05 2.14851e-05 1.82568e-05 1.54996e-05 1.31473e-05 1.11427e-05 9.43618e-06 7.98481e-06 6.75163e-06 5.70478e-06 4.81688e-06 4.06444e-06 3.4273e-06 2.88821e-06 2.43243e-06 2.04736e-06 1.72226e-06 1.44797e-06 1.21671e-06 1.02184e-06 8.57744e-07 7.19642e-07 6.03482e-07 5.05833e-07 4.23789e-07 3.54894e-07 2.97069e-07 2.4856e-07 2.07885e-07 1.73796e-07 1.4524e-07 1.21328e-07 1.01315e-07 8.4572e-08 7.05702e-08 5.88658e-08 4.90856e-08 4.09164e-08 3.40955e-08 2.84025e-08 2.36525e-08 1.96908e-08 1.63876e-08 1.36345e-08 1.13405e-08 9.42983e-09 7.83883e-09 6.51446e-09 5.41236e-09 4.49552e-09 3.73301e-09 3.09903e-09 2.57207e-09 2.13418e-09 1.77041e-09 1.46829e-09 1.21744e-09 1.00921e-09 8.3641e-10 6.93039e-10 5.74116e-10 4.75497e-10 3.93733e-10 3.25961e-10 2.69798e-10 2.23266e-10 1.84723e-10 1.52803e-10 1.26374e-10 1.04496e-10 8.63893e-11
0.00243932 0.00101085 0.000947906 0.000879581 0.000808998 0.000738484 0.000669725 0.000603901 0.000541797 0.000483889 0.000430418 0.000381452 0.000336928 0.000296691 0.000260526 0.000228175 0.00019936 0.000173795 0.000151191 0.00013127 0.000113765 9.84238e-05 8.50127e-05 7.3316e-05 6.31365e-05 5.42951e-05 4.66305e-05 3.99977e-05 3.42675e-05 2.93247e-05 2.50676e-05 2.14061e-05 1.82611e-05 1.55633e-05 1.32518e-05 1.12736e-05 9.58255e-06 8.13845e-06 6.9065e-06 5.85655e-06 4.96254e-06 4.202e-06 3.55556e-06 3.00656e-06 2.54067e-06 2.14563e-06 1.81091e-06 1.5275e-06 1.28771e-06 1.08495e-06 9.13623e-07 7.68944e-07 6.46844e-07 5.4386e-07 4.57049e-07 3.83912e-07 3.2233e-07 2.70503e-07 2.2691e-07 1.9026e-07 1.59463e-07 1.33596e-07 1.1188e-07 9.36577e-08 7.83731e-08 6.55583e-08 5.48187e-08 4.58221e-08 3.82885e-08 3.19824e-08 2.6706e-08 2.22927e-08 1.86027e-08 1.55186e-08 1.29417e-08 1.07895e-08 8.99245e-09 7.49253e-09 6.24099e-09 5.19704e-09 4.3265e-09 3.60081e-09 2.99603e-09 2.49217e-09 2.07251e-09 1.72308e-09 1.43221e-09 1.19014e-09 9.88752e-10 8.21243e-10 6.81953e-10 5.66158e-10 4.69917e-10 3.8995e-10 3.23519e-10 2.68348e-10 2.22537e-10 1.84508e-10 1.52947e-10 1.26758e-10 1.05032e-10
0.00195434 0.000841106 0.000797408 0.000747255 0.000693507 0.000638353 0.000583435 0.000529956 0.000478761 0.000430418 0.000385277 0.000343518 0.000305194 0.000270261 0.000238611 0.000210087 0.000184499 0.000161643 0.000141305 0.000123269 0.000107327 9.32752e-05 8.09237e-05 7.00934e-05 6.06191e-05 5.23486e-05 4.51438e-05 3.88791e-05 3.34415e-05 2.87299e-05 2.46537e-05 2.11325e-05 1.80951e-05 1.54786e-05 1.32276e-05 1.12934e-05 9.63328e-06 8.21011e-06 6.99133e-06 5.94868e-06 5.05758e-06 4.29673e-06 3.64768e-06 3.09449e-06 2.62339e-06 2.22255e-06 1.88174e-06 1.5922e-06 1.34639e-06 1.13786e-06 9.61083e-07 8.11316e-07 6.84516e-07 5.7723e-07 4.86509e-07 4.09841e-07 3.45087e-07 2.90425e-07 2.44309e-07 2.05422e-07 1.72649e-07 1.45041e-07 1.21797e-07 1.02236e-07 8.57814e-08 7.19469e-08 6.03203e-08 5.05535e-08 4.23524e-08 3.54688e-08 2.96935e-08 2.485e-08 2.07894e-08 1.73865e-08 1.45359e-08 1.21487e-08 1.01504e-08 8.47811e-09 7.0792e-09 5.90936e-09 4.93139e-09 4.11408e-09 3.43126e-09 2.86098e-09 2.38482e-09 1.98738e-09 1.65574e-09 1.37909e-09 1.14836e-09 9.55998e-10 7.95662e-10 6.62055e-10 5.50752e-10 4.58053e-10 3.80868e-10 3.16618e-10 2.63146e-10 2.18657e-10 1.8165e-10 1.50874e-10 1.25285e-10
0.00156578 0.0006989 0.000669684 0.000633585 0.000593152 0.000550381 0.000506812 0.000463606 0.000421618 0.000381452 0.000343518 0.000308067 0.00027523 0.000245043 0.000217477 0.000192448 0.00016984 0.000149512 0.000131309 0.00011507 0.000100633 8.78375e-05 7.653e-05 6.65638e-05 5.78015e-05 5.01155e-05 4.3388e-05 3.75114e-05 3.23878e-05 2.79286e-05 2.40543e-05 2.06935e-05 1.77825e-05 1.52648e-05 1.30901e-05 1.12143e-05 9.59814e-06 8.20745e-06 7.01209e-06 5.98577e-06 5.10548e-06 4.3512e-06 3.70553e-06 3.15333e-06 2.6815e-06 2.27868e-06 1.93507e-06 1.6422e-06 1.39277e-06 1.1805e-06 9.9998e-07 8.4657e-07 7.16288e-07 6.05721e-07 5.11945e-07 4.32461e-07 3.65131e-07 3.08129e-07 2.599e-07 2.19115e-07 1.84645e-07 1.55527e-07 1.30943e-07 1.10198e-07 9.26994e-08 7.79475e-08 6.55166e-08 5.50464e-08 4.62314e-08 3.88133e-08 3.25734e-08 2.73267e-08 2.29169e-08 1.92119e-08 1.61005e-08 1.34884e-08 1.12963e-08 9.45741e-09 7.91534e-09 6.62265e-09 5.53937e-09 4.63189e-09 3.87192e-09 3.23571e-09 2.70326e-09 2.25779e-09 1.88521e-09 1.57368e-09 1.31328e-09 1.09569e-09 9.13905e-10 7.62088e-10 6.35332e-10 5.29528e-10 4.41237e-10 3.67579e-10 3.06145e-10 2.54919e-10 2.12216e-10 1.76627e-10 1.46974e-10
0.00125448 0.000579993 0.000561548 0.000536227 0.000506256 0.000473413 0.0004391 0.000404401 0.000370142 0.000336928 0.000305194 0.00027523 0.000247216 0.000221245 0.000197342 0.00017548 0.000155597 0.000137603 0.000121391 0.000106843 9.38369e-05 8.22472e-05 7.19517e-05 6.28318e-05 5.47747e-05 4.76738e-05 4.14299e-05 3.59514e-05 3.11541e-05 2.69612e-05 2.33031e-05 2.01169e-05 1.73463e-05 1.49406e-05 1.28548e-05 1.10488e-05 9.48721e-06 8.13855e-06 6.9752e-06 5.97285e-06 5.11018e-06 4.36848e-06 3.73146e-06 3.18486e-06 2.71629e-06 2.31498e-06 1.97157e-06 1.67796e-06 1.42712e-06 1.213e-06 1.03036e-06 8.74683e-07 7.42089e-07 6.29232e-07 5.33238e-07 4.51641e-07 3.82326e-07 3.2348e-07 2.73553e-07 2.31216e-07 1.95338e-07 1.64948e-07 1.39222e-07 1.17456e-07 9.90483e-08 8.34896e-08 7.03451e-08 5.92456e-08 4.98772e-08 4.19735e-08 3.53086e-08 2.96906e-08 2.49573e-08 2.09708e-08 1.76148e-08 1.47906e-08 1.2415e-08 1.04174e-08 8.73831e-09 7.32746e-09 6.14243e-09 5.14743e-09 4.31227e-09 3.61152e-09 3.02373e-09 2.53087e-09 2.11773e-09 1.77153e-09 1.48151e-09 1.23863e-09 1.03529e-09 8.65096e-10 7.22694e-10 6.03577e-10 5.03965e-10 4.20688e-10 3.51085e-10 2.92927e-10 2.44345e-10 2.03772e-10 1.69897e-10
0.00100507 0.000480741 0.000470195 0.000453064 0.000431255 0.000406323 0.000379518 0.000351829 0.000324025 0.000296691 0.000270261 0.000245043 0.000221245 0.000198994 0.000178354 0.00015934 0.000141929 0.000126072 0.000111698 9.87255e-05 8.70634e-05 7.66168e-05 6.72895e-05 5.89868e-05 5.16168e-05 4.50916e-05 3.93284e-05 3.42497e-05 2.97837e-05 2.58643e-05 2.2431e-05 1.94289e-05 1.68082e-05 1.45242e-05 1.25366e-05 1.08094e-05 9.31057e-06 8.01161e-06 6.88729e-06 5.91529e-06 5.07594e-06 4.35194e-06 3.72811e-06 3.19112e-06 2.72935e-06 2.33264e-06 1.99212e-06 1.70011e-06 1.44989e-06 1.23567e-06 1.05242e-06 8.95771e-07 7.6197e-07 6.47765e-07 5.50355e-07 4.67327e-07 3.96604e-07 3.36401e-07 2.85186e-07 2.41643e-07 2.04645e-07 1.73227e-07 1.46561e-07 1.23942e-07 1.04766e-07 8.85166e-08 7.47547e-08 6.31052e-08 5.32487e-08 4.49131e-08 3.7867e-08 3.19137e-08 2.68859e-08 2.26416e-08 1.90602e-08 1.60394e-08 1.34925e-08 1.1346e-08 9.53773e-09 8.01491e-09 6.73298e-09 5.65423e-09 4.74678e-09 3.98371e-09 3.34227e-09 2.80326e-09 2.35046e-09 1.97022e-09 1.65101e-09 1.38313e-09 1.15838e-09 9.69886e-10 8.11841e-10 6.79368e-10 5.68361e-10 4.75369e-10 3.9749e-10 3.32286e-10 2.77709e-10 2.32039e-10 1.93833e-10
0.000805243 0.000398029 0.000393176 0.000382197 0.000366705 0.000348038 0.000327291 0.000305348 0.00028291 0.000260526 0.000238611 0.000217477 0.000197342 0.000178354 0.000160603 0.000144132 0.000128948 0.000115031 0.000102341 9.08225e-05 8.04118e-05 7.10377e-05 6.26265e-05 5.51032e-05 4.83942e-05 4.24275e-05 3.71347e-05 3.24508e-05 2.8315e-05 2.46708e-05 2.14662e-05 1.86533e-05 1.61886e-05 1.40327e-05 1.21498e-05 1.05079e-05 9.07808e-06 7.83477e-06 6.75502e-06 5.8185e-06 5.00718e-06 4.30514e-06 3.69833e-06 3.17439e-06 2.72247e-06 2.33305e-06 1.99782e-06 1.70948e-06 1.46172e-06 1.24899e-06 1.0665e-06 9.10067e-07 7.76086e-07 6.61416e-07 5.63347e-07 4.79534e-07 4.07955e-07 3.46866e-07 2.94762e-07 2.5035e-07 2.12519e-07 1.80312e-07 1.5291e-07 1.29609e-07 1.09806e-07 9.29855e-08 7.87055e-08 6.65888e-08 5.63128e-08 4.76021e-08 4.0222e-08 3.39721e-08 2.86817e-08 2.42057e-08 2.04202e-08 1.72202e-08 1.45163e-08 1.22324e-08 1.03042e-08 8.67683e-09 7.30396e-09 6.14622e-09 5.17026e-09 4.34785e-09 3.65507e-09 3.07171e-09 2.58065e-09 2.16742e-09 1.81982e-09 1.5275e-09 1.28177e-09 1.07526e-09 9.01768e-10 7.56057e-10 6.33717e-10 5.31029e-10 4.44863e-10 3.72581e-10 3.11963e-10 2.6114e-10 2.18543e-10
0.000645147 0.000329203 0.000328361 0.000321944 0.000311297 0.000297557 0.00028167 0.000264412 0.000246414 0.000228175 0.000210087 0.000192448 0.00017548 0.00015934 0.000144132 0.000129918 0.000116727 0.00010456 9.34005e-05 8.32147e-05 7.39591e-05 6.55826e-05 5.80297e-05 5.12424e-05 4.51621e-05 3.9731e-05 3.48927e-05 3.05933e-05 2.67818e-05 2.34103e-05 2.0434e-05 1.78119e-05 1.5506e-05 1.34818e-05 1.17077e-05 1.01554e-05 8.79914e-06 7.61586e-06 6.58492e-06 5.68788e-06 4.90834e-06 4.2317e-06 3.64508e-06 3.13706e-06 2.69757e-06 2.31777e-06 1.98987e-06 1.70705e-06 1.46334e-06 1.25352e-06 1.07303e-06 9.17897e-07 7.84674e-07 6.70354e-07 5.72329e-07 4.88338e-07 4.16424e-07 3.54893e-07 3.02282e-07 2.57328e-07 2.1894e-07 1.8618e-07 1.5824e-07 1.34426e-07 1.14138e-07 9.68659e-08 8.21685e-08 6.96688e-08 5.90439e-08 5.00171e-08 4.23519e-08 3.58462e-08 3.03271e-08 2.56473e-08 2.16809e-08 1.83207e-08 1.54754e-08 1.30669e-08 1.10292e-08 9.30588e-09 7.84901e-09 6.61788e-09 5.57792e-09 4.69979e-09 3.95858e-09 3.33317e-09 2.80566e-09 2.36089e-09 1.986e-09 1.67013e-09 1.40407e-09 1.18005e-09 9.91478e-10 8.32801e-10 6.9932e-10 5.87069e-10 4.927e-10 4.13389e-10 3.46752e-10 2.9078e-10 2.4378e-10
0.00051688 0.000272011 0.00027391 0.000270818 0.000263848 0.000253954 0.000241942 0.000228487 0.000214142 0.00019936 0.000184499 0.00016984 0.000155597 0.000141929 0.000128948 0.000116727 0.000105309 9.47115e-05 8.49342e-05 7.59606e-05 6.77634e-05 6.03075e-05 5.35523e-05 4.74537e-05 4.19661e-05 3.70432e-05 3.26394e-05 2.87102e-05 2.52133e-05 2.21081e-05 1.93569e-05 1.69241e-05 1.47772e-05 1.28859e-05 1.12227e-05 9.76254e-06 8.48262e-06 7.36237e-06 6.38325e-06 5.52867e-06 4.78375e-06 4.13524e-06 3.57133e-06 3.08155e-06 2.65664e-06 2.28839e-06 1.96958e-06 1.69384e-06 1.45559e-06 1.24992e-06 1.07252e-06 9.19661e-07 7.88043e-07 6.74811e-07 5.77473e-07 4.93862e-07 4.22097e-07 3.60542e-07 3.07783e-07 2.62594e-07 2.23914e-07 1.90827e-07 1.62543e-07 1.38378e-07 1.17746e-07 1.0014e-07 8.51249e-08 7.23266e-08 6.14237e-08 5.21404e-08 4.42403e-08 3.75207e-08 3.1808e-08 2.69537e-08 2.28307e-08 1.93306e-08 1.63605e-08 1.38413e-08 1.17056e-08 9.89562e-09 8.36244e-09 7.06423e-09 5.96542e-09 5.03576e-09 4.24952e-09 3.58481e-09 3.02307e-09 2.54852e-09 2.14776e-09 1.80945e-09 1.52396e-09 1.28311e-09 1.08001e-09 9.08777e-10 7.64472e-10 6.42895e-10 5.405e-10 4.54286e-10 3.81718e-10 3.20655e-10 2.69288e-10
0.000414116 0.000224548 0.000228236 0.000227519 0.000223306 0.000216388 0.000207446 0.000197058 0.000185708 0.000173795 0.000161643 0.000149512 0.000137603 0.000126072 0.000115031 0.00010456 9.47115e-05 8.55137e-05 7.69778e-05 6.91002e-05 6.18666e-05 5.52544e-05 4.92351e-05 4.37762e-05 3.88425e-05 3.43978e-05 3.04055e-05 2.68294e-05 2.36343e-05 2.07866e-05 1.82542e-05 1.6007e-05 1.4017e-05 1.22579e-05 1.07059e-05 9.33884e-06 8.13672e-06 7.08125e-06 6.15593e-06 5.34585e-06 4.63763e-06 4.01925e-06 3.48e-06 3.01031e-06 2.60169e-06 2.24658e-06 1.93831e-06 1.67097e-06 1.43936e-06 1.23891e-06 1.06557e-06 9.15814e-07 7.86551e-07 6.75067e-07 5.78995e-07 4.96272e-07 4.25097e-07 3.63903e-07 3.1133e-07 2.66194e-07 2.27471e-07 1.94271e-07 1.65825e-07 1.41468e-07 1.20625e-07 1.028e-07 8.75653e-08 7.45513e-08 6.34408e-08 5.39606e-08 4.58758e-08 3.89846e-08 3.31139e-08 2.8115e-08 2.38605e-08 2.02413e-08 1.7164e-08 1.45487e-08 1.2327e-08 1.04405e-08 8.83938e-09 7.48096e-09 6.32896e-09 5.35243e-09 4.52496e-09 3.82407e-09 3.23064e-09 2.72837e-09 2.30343e-09 1.94403e-09 1.64018e-09 1.38339e-09 1.16643e-09 9.83199e-10 8.285e-10 6.97934e-10 5.87772e-10 4.94855e-10 4.16508e-10 3.50467e-10 2.94816e-10
0.000331782 0.000185206 0.000189981 0.000190913 0.000188735 0.000184097 0.00017757 0.000169643 0.000160734 0.000151191 0.000141305 0.000131309 0.000121391 0.000111698 0.000102341 9.34005e-05 8.49342e-05 7.69778e-05 6.95506e-05 6.26586e-05 5.62971e-05 5.04534e-05 4.51087e-05 4.02396e-05 3.582e-05 3.18218e-05 2.82161e-05 2.49737e-05 2.20658e-05 1.94644e-05 1.71429e-05 1.50756e-05 1.32385e-05 1.16094e-05 1.01672e-05 8.89296e-06 7.76891e-06 6.77896e-06 5.90845e-06 5.14412e-06 4.47393e-06 3.8871e-06 3.37392e-06 2.9257e-06 2.53469e-06 2.19397e-06 1.8974e-06 1.63955e-06 1.41558e-06 1.22124e-06 1.05276e-06 9.06851e-07 7.80593e-07 6.71438e-07 5.77147e-07 4.95764e-07 4.25577e-07 3.65093e-07 3.1301e-07 2.68194e-07 2.29657e-07 1.96544e-07 1.6811e-07 1.4371e-07 1.22784e-07 1.0485e-07 8.94891e-08 7.63398e-08 6.50902e-08 5.54714e-08 4.72515e-08 4.02309e-08 3.42377e-08 2.91242e-08 2.47635e-08 2.10467e-08 1.78801e-08 1.51837e-08 1.28886e-08 1.09361e-08 9.27573e-09 7.8644e-09 6.66527e-09 5.64688e-09 4.78233e-09 4.04869e-09 3.42639e-09 2.89872e-09 2.45148e-09 2.07254e-09 1.75159e-09 1.47987e-09 1.24989e-09 1.05532e-09 8.90765e-10 7.51636e-10 6.34046e-10 5.34694e-10 4.50778e-10 3.79922e-10 3.20113e-10
0.000265818 0.000152631 0.000157984 0.000160015 0.00015931 0.000156401 0.000151758 0.000145793 0.000138863 0.00013127 0.000123269 0.00011507 0.000106843 9.87255e-05 9.08225e-05 8.32147e-05 7.59606e-05 6.91002e-05 6.26586e-05 5.66483e-05 5.10719e-05 4.59244e-05 4.11943e-05 3.6866e-05 3.29204e-05 2.93363e-05 2.60911e-05 2.31617e-05 2.05248e-05 1.81573e-05 1.6037e-05 1.41424e-05 1.24532e-05 1.09503e-05 9.61565e-06 8.43266e-06 7.38593e-06 6.46131e-06 5.64586e-06 4.92779e-06 4.29638e-06 3.74195e-06 3.25577e-06 2.82999e-06 2.45755e-06 2.13217e-06 1.84822e-06 1.6007e-06 1.38516e-06 1.19767e-06 1.03474e-06 8.93287e-07 7.70592e-07 6.64265e-07 5.72202e-07 4.92558e-07 4.23713e-07 3.64252e-07 3.12933e-07 2.68677e-07 2.30539e-07 1.97696e-07 1.69433e-07 1.45128e-07 1.2424e-07 1.06301e-07 9.09032e-08 7.76954e-08 6.63727e-08 5.66717e-08 4.83649e-08 4.12559e-08 3.51753e-08 2.9977e-08 2.55354e-08 2.17422e-08 1.85045e-08 1.57422e-08 1.33866e-08 1.13788e-08 9.66823e-09 8.21155e-09 6.97163e-09 5.91667e-09 5.01946e-09 4.25672e-09 3.60857e-09 3.05802e-09 2.59056e-09 2.19379e-09 1.85716e-09 1.57165e-09 1.3296e-09 1.12447e-09 9.50673e-10 8.03489e-10 6.78881e-10 5.73422e-10 4.842e-10 4.08739e-10 3.44938e-10
0.000212969 0.000125689 0.000131255 0.000133974 0.00013431 0.000132692 0.000129506 0.000125095 0.000119762 0.000113765 0.000107327 0.000100633 9.38369e-05 8.70634e-05 8.04118e-05 7.39591e-05 6.77634e-05 6.18666e-05 5.62971e-05 5.10719e-05 4.6199e-05 4.16787e-05 3.75058e-05 3.36704e-05 3.01594e-05 2.6957e-05 2.4046e-05 2.14083e-05 1.90252e-05 1.68781e-05 1.49484e-05 1.32183e-05 1.16707e-05 1.02893e-05 9.05881e-06 7.96475e-06 6.99378e-06 6.13357e-06 5.37272e-06 4.70083e-06 4.10838e-06 3.58674e-06 3.12807e-06 2.72531e-06 2.3721e-06 2.06272e-06 1.79205e-06 1.55551e-06 1.34903e-06 1.16898e-06 1.01214e-06 8.75649e-07 7.56981e-07 6.53905e-07 5.64453e-07 4.86891e-07 4.19697e-07 3.61532e-07 3.11222e-07 2.67742e-07 2.30191e-07 1.97786e-07 1.69841e-07 1.45759e-07 1.2502e-07 1.07172e-07 9.18213e-08 7.86274e-08 6.72941e-08 5.75648e-08 4.92174e-08 4.20597e-08 3.59256e-08 3.06716e-08 2.61738e-08 2.23254e-08 1.90343e-08 1.62213e-08 1.38181e-08 1.17659e-08 1.00144e-08 8.52011e-09 7.2459e-09 6.15983e-09 5.23453e-09 4.44653e-09 3.77574e-09 3.20497e-09 2.7195e-09 2.30675e-09 1.95596e-09 1.65794e-09 1.40485e-09 1.19001e-09 1.00768e-09 8.5302e-10 7.21864e-10 6.10683e-10 5.16467e-10 4.36653e-10 3.69063e-10
0.000170627 0.000103426 0.000108953 0.000112057 0.000113104 0.000112434 0.000110363 0.000107174 0.00010312 9.84238e-05 9.32752e-05 8.78375e-05 8.22472e-05 7.66168e-05 7.10377e-05 6.55826e-05 6.03075e-05 5.52544e-05 5.04534e-05 4.59244e-05 4.16787e-05 3.77212e-05 3.40509e-05 3.06626e-05 2.75477e-05 2.46952e-05 2.20922e-05 1.97248e-05 1.7578e-05 1.5637e-05 1.38866e-05 1.23121e-05 1.08991e-05 9.6339e-06 8.50334e-06 7.49513e-06 6.59771e-06 5.80035e-06 5.0931e-06 4.4668e-06 3.91303e-06 3.42414e-06 2.99313e-06 2.61368e-06 2.28005e-06 1.98708e-06 1.73014e-06 1.50504e-06 1.30808e-06 1.13591e-06 9.85588e-07 8.54462e-07 7.40197e-07 6.40721e-07 5.54198e-07 4.79011e-07 4.1373e-07 3.57099e-07 3.08011e-07 2.65496e-07 2.28702e-07 1.96884e-07 1.69388e-07 1.45645e-07 1.25156e-07 1.07488e-07 9.22625e-08 7.91501e-08 6.78648e-08 5.81579e-08 4.98137e-08 4.26451e-08 3.64901e-08 3.12083e-08 2.66783e-08 2.27953e-08 1.94684e-08 1.66197e-08 1.41815e-08 1.20958e-08 1.03125e-08 8.78837e-09 7.48646e-09 6.37484e-09 5.42613e-09 4.61681e-09 3.9267e-09 3.33848e-09 2.83733e-09 2.41053e-09 2.0472e-09 1.73802e-09 1.47502e-09 1.25139e-09 1.06131e-09 8.99804e-10 7.62625e-10 6.46153e-10 5.47295e-10 4.63418e-10 3.92275e-10
0.000136704 8.50479e-05 9.03652e-05 9.36362e-05 9.51423e-05 9.51539e-05 9.3925e-05 9.16888e-05 8.86556e-05 8.50127e-05 8.09237e-05 7.653e-05 7.19517e-05 6.72895e-05 6.26265e-05 5.80297e-05 5.35523e-05 4.92351e-05 4.51087e-05 4.11943e-05 3.75058e-05 3.40509e-05 3.08319e-05 2.78472e-05 2.50919e-05 2.25585e-05 2.02379e-05 1.81194e-05 1.61915e-05 1.44422e-05 1.28595e-05 1.14311e-05 1.01452e-05 8.99009e-06 7.95483e-06 7.02886e-06 6.20226e-06 5.46572e-06 4.8106e-06 4.22886e-06 3.71312e-06 3.2566e-06 2.85308e-06 2.49692e-06 2.18298e-06 1.90663e-06 1.66366e-06 1.45029e-06 1.26315e-06 1.09919e-06 9.55693e-07 8.3024e-07 7.20673e-07 6.25073e-07 5.41741e-07 4.69167e-07 4.0602e-07 3.51124e-07 3.0344e-07 2.62055e-07 2.26165e-07 1.95064e-07 1.68135e-07 1.44835e-07 1.24688e-07 1.07281e-07 9.2251e-08 7.92821e-08 6.80989e-08 5.84616e-08 5.01617e-08 4.30179e-08 3.68728e-08 3.15898e-08 2.70505e-08 2.31525e-08 1.98068e-08 1.69369e-08 1.44762e-08 1.23676e-08 1.05615e-08 9.01531e-09 7.69224e-09 6.56064e-09 5.59323e-09 4.76658e-09 4.06051e-09 3.4577e-09 2.94326e-09 2.50443e-09 2.13024e-09 1.81131e-09 1.53958e-09 1.30815e-09 1.11113e-09 9.43467e-10 8.00833e-10 6.79539e-10 5.7643e-10 4.88809e-10 4.14377e-10
0.000109525 6.9889e-05 7.48901e-05 7.81724e-05 7.9951e-05 8.04379e-05 7.98361e-05 7.83353e-05 7.61097e-05 7.3316e-05 7.00934e-05 6.65638e-05 6.28318e-05 5.89868e-05 5.51032e-05 5.12424e-05 4.74537e-05 4.37762e-05 4.02396e-05 3.6866e-05 3.36704e-05 3.06626e-05 2.78472e-05 2.52253e-05 2.27948e-05 2.05512e-05 1.84882e-05 1.65979e-05 1.48715e-05 1.32998e-05 1.18729e-05 1.05809e-05 9.41418e-06 8.36295e-06 7.41794e-06 6.57022e-06 5.81129e-06 5.13317e-06 4.52833e-06 3.98981e-06 3.51112e-06 3.08628e-06 2.70982e-06 2.3767e-06 2.08235e-06 1.8226e-06 1.59369e-06 1.39219e-06 1.21505e-06 1.05949e-06 9.23041e-07 8.03481e-07 6.98829e-07 6.07319e-07 5.27378e-07 4.57611e-07 3.96778e-07 3.43782e-07 2.97654e-07 2.57537e-07 2.22677e-07 1.92409e-07 1.66149e-07 1.43382e-07 1.23659e-07 1.06585e-07 9.18145e-08 7.90453e-08 6.80137e-08 5.84894e-08 5.02717e-08 4.31858e-08 3.70793e-08 3.18202e-08 2.72933e-08 2.33991e-08 2.00508e-08 1.71736e-08 1.47025e-08 1.25812e-08 1.07612e-08 9.20043e-09 7.86267e-09 6.71658e-09 5.73517e-09 4.89517e-09 4.17652e-09 3.56197e-09 3.03667e-09 2.58785e-09 2.20454e-09 1.87731e-09 1.59808e-09 1.35989e-09 1.15679e-09 9.83687e-10 8.362e-10 7.10587e-10 6.03643e-10 5.12627e-10 4.35194e-10
8.77492e-05 5.73961e-05 6.20188e-05 6.52061e-05 6.71198e-05 6.79242e-05 6.77802e-05 6.68411e-05 6.52496e-05 6.31365e-05 6.06191e-05 5.78015e-05 5.47747e-05 5.16168e-05 4.83942e-05 4.51621e-05 4.19661e-05 3.88425e-05 3.582e-05 3.29204e-05 3.01594e-05 2.75477e-05 2.50919e-05 2.27948e-05 2.06566e-05 1.8675e-05 1.68459e-05 1.51638e-05 1.36222e-05 1.22139e-05 1.09311e-05 9.76599e-06 8.71044e-06 7.75653e-06 6.89647e-06 6.12271e-06 5.42805e-06 4.80563e-06 4.24898e-06 3.75204e-06 3.30917e-06 2.91511e-06 2.56504e-06 2.25452e-06 1.97946e-06 1.73616e-06 1.52123e-06 1.33161e-06 1.16453e-06 1.01747e-06 8.88184e-07 7.74656e-07 6.75068e-07 5.87799e-07 5.11402e-07 4.44587e-07 3.86208e-07 3.35246e-07 2.90798e-07 2.52066e-07 2.18342e-07 1.89002e-07 1.63498e-07 1.41344e-07 1.22116e-07 1.05438e-07 9.09837e-08 7.84646e-08 6.76292e-08 5.82573e-08 5.01564e-08 4.31586e-08 3.71175e-08 3.19054e-08 2.74112e-08 2.35383e-08 2.02027e-08 1.73315e-08 1.48613e-08 1.27372e-08 1.09118e-08 9.34381e-09 7.99762e-09 6.84243e-09 5.85162e-09 5.00219e-09 4.27432e-09 3.65089e-09 3.11715e-09 2.66041e-09 2.26972e-09 1.93567e-09 1.65018e-09 1.40628e-09 1.19799e-09 1.0202e-09 8.68484e-10 7.39079e-10 6.28742e-10 5.34699e-10 4.54572e-10
7.03031e-05 4.71082e-05 5.13233e-05 5.43458e-05 5.62956e-05 5.72983e-05 5.74802e-05 5.69642e-05 5.58664e-05 5.42951e-05 5.23486e-05 5.01155e-05 4.76738e-05 4.50916e-05 4.24275e-05 3.9731e-05 3.70432e-05 3.43978e-05 3.18218e-05 2.93363e-05 2.6957e-05 2.46952e-05 2.25585e-05 2.05512e-05 1.8675e-05 1.69293e-05 1.53118e-05 1.38189e-05 1.2446e-05 1.11874e-05 1.00374e-05 8.98942e-06 8.03713e-06 7.17395e-06 6.39341e-06 5.68919e-06 5.0552e-06 4.48559e-06 3.97481e-06 3.51762e-06 3.10913e-06 2.74475e-06 2.42024e-06 2.13169e-06 1.87549e-06 1.64833e-06 1.4472e-06 1.26934e-06 1.11226e-06 9.7371e-07 8.51639e-07 7.4421e-07 6.49772e-07 5.66841e-07 4.94091e-07 4.30334e-07 3.74514e-07 3.25687e-07 2.83017e-07 2.4576e-07 2.13258e-07 1.84927e-07 1.60253e-07 1.38779e-07 1.20106e-07 1.0388e-07 8.97914e-08 7.75668e-08 6.69671e-08 5.77827e-08 4.98298e-08 4.29477e-08 3.69962e-08 3.18524e-08 2.74096e-08 2.35745e-08 2.02658e-08 1.74129e-08 1.49544e-08 1.2837e-08 1.10143e-08 9.44601e-09 8.09743e-09 6.93832e-09 5.94257e-09 5.08755e-09 4.35374e-09 3.72423e-09 3.18446e-09 2.72183e-09 2.32551e-09 1.98612e-09 1.69563e-09 1.44708e-09 1.23451e-09 1.05278e-09 8.97491e-10 7.64835e-10 6.51562e-10 5.54876e-10 4.72378e-10
5.63257e-05 3.86423e-05 4.24436e-05 4.5259e-05 4.71753e-05 4.82874e-05 4.86933e-05 4.84906e-05 4.77734e-05 4.66305e-05 4.51438e-05 4.3388e-05 4.14299e-05 3.93284e-05 3.71347e-05 3.48927e-05 3.26394e-05 3.04055e-05 2.82161e-05 2.60911e-05 2.4046e-05 2.20922e-05 2.02379e-05 1.84882e-05 1.68459e-05 1.53118e-05 1.38851e-05 1.25634e-05 1.13437e-05 1.02219e-05 9.19348e-06 8.25341e-06 7.39654e-06 6.61753e-06 5.91107e-06 5.2719e-06 4.69487e-06 4.17504e-06 3.70768e-06 3.28827e-06 2.91258e-06 2.57663e-06 2.27671e-06 2.00938e-06 1.77146e-06 1.56002e-06 1.37238e-06 1.20608e-06 1.05889e-06 9.2877e-07 8.1388e-07 7.12557e-07 6.23298e-07 5.44753e-07 4.75709e-07 4.15078e-07 3.61888e-07 3.1527e-07 2.7445e-07 2.3874e-07 2.07528e-07 1.80269e-07 1.56484e-07 1.35746e-07 1.1768e-07 1.01952e-07 8.82717e-08 7.63799e-08 6.60506e-08 5.70847e-08 4.93074e-08 4.25658e-08 3.67256e-08 3.16696e-08 2.72952e-08 2.35127e-08 2.02441e-08 1.74211e-08 1.49844e-08 1.28823e-08 1.10699e-08 9.50802e-09 8.16278e-09 7.00472e-09 6.00831e-09 5.15139e-09 4.41481e-09 3.78196e-09 3.2385e-09 2.772e-09 2.37175e-09 2.0285e-09 1.73425e-09 1.48212e-09 1.26617e-09 1.08129e-09 9.23069e-10 7.87716e-10 6.71974e-10 5.73038e-10 4.88502e-10
4.51271e-05 3.16807e-05 3.50775e-05 3.76633e-05 3.94992e-05 4.06555e-05 4.12076e-05 4.12321e-05 4.08047e-05 3.99977e-05 3.88791e-05 3.75114e-05 3.59514e-05 3.42497e-05 3.24508e-05 3.05933e-05 2.87102e-05 2.68294e-05 2.49737e-05 2.31617e-05 2.14083e-05 1.97248e-05 1.81194e-05 1.65979e-05 1.51638e-05 1.38189e-05 1.25634e-05 1.13963e-05 1.03153e-05 9.31786e-06 8.40044e-06 7.55924e-06 6.79016e-06 6.08892e-06 5.45115e-06 4.87252e-06 4.34872e-06 3.87559e-06 3.4491e-06 3.0654e-06 2.72083e-06 2.41195e-06 2.13554e-06 1.88858e-06 1.66828e-06 1.47205e-06 1.29752e-06 1.14249e-06 1.00497e-06 8.83139e-07 7.75341e-07 6.80073e-07 5.95976e-07 5.21821e-07 4.56504e-07 3.99032e-07 3.48514e-07 3.04152e-07 2.65233e-07 2.3112e-07 2.01248e-07 1.75111e-07 1.52262e-07 1.32305e-07 1.14887e-07 9.96963e-08 8.64594e-08 7.49331e-08 6.49038e-08 5.61832e-08 4.86058e-08 4.20262e-08 3.63169e-08 3.13658e-08 2.70751e-08 2.33589e-08 2.01423e-08 1.73598e-08 1.49542e-08 1.28756e-08 1.10805e-08 9.53122e-09 8.19471e-09 7.04239e-09 6.04939e-09 5.1941e-09 4.4578e-09 3.82423e-09 3.27934e-09 2.81092e-09 2.40842e-09 2.06274e-09 1.76597e-09 1.51132e-09 1.29289e-09 1.10561e-09 9.45112e-10 8.07618e-10 6.89878e-10 5.89094e-10 5.02858e-10
3.61551e-05 2.59598e-05 2.8972e-05 3.13201e-05 3.30455e-05 3.41994e-05 3.48388e-05 3.50234e-05 3.48134e-05 3.42675e-05 3.34415e-05 3.23878e-05 3.11541e-05 2.97837e-05 2.8315e-05 2.67818e-05 2.52133e-05 2.36343e-05 2.20658e-05 2.05248e-05 1.90252e-05 1.7578e-05 1.61915e-05 1.48715e-05 1.36222e-05 1.2446e-05 1.13437e-05 1.03153e-05 9.35965e-06 8.47481e-06 7.65838e-06 6.90745e-06 6.21884e-06 5.58913e-06 5.0148e-06 4.49228e-06 4.018e-06 3.58847e-06 3.20028e-06 2.85015e-06 2.53496e-06 2.25173e-06 1.99767e-06 1.77015e-06 1.56672e-06 1.38511e-06 1.22322e-06 1.07911e-06 9.50996e-07 8.3726e-07 7.36414e-07 6.47105e-07 5.68106e-07 4.98308e-07 4.36706e-07 3.82396e-07 3.34565e-07 2.92482e-07 2.55492e-07 2.2301e-07 1.94512e-07 1.69533e-07 1.47656e-07 1.28513e-07 1.11775e-07 9.71534e-08 8.43893e-08 7.32556e-08 6.35511e-08 5.50987e-08 4.77419e-08 4.13432e-08 3.57816e-08 3.09507e-08 2.67573e-08 2.31196e-08 1.99658e-08 1.72333e-08 1.48671e-08 1.28194e-08 1.10483e-08 9.5173e-09 8.19456e-09 7.05236e-09 6.06659e-09 5.21625e-09 4.48312e-09 3.85135e-09 3.30719e-09 2.83872e-09 2.4356e-09 2.08887e-09 1.79078e-09 1.53463e-09 1.3146e-09 1.12569e-09 9.63559e-10 8.24475e-10 7.05208e-10 6.02976e-10 5.15382e-10
2.89668e-05 2.12614e-05 2.39151e-05 2.60274e-05 2.76251e-05 2.8744e-05 2.94269e-05 2.97197e-05 2.96699e-05 2.93247e-05 2.87299e-05 2.79286e-05 2.69612e-05 2.58643e-05 2.46708e-05 2.34103e-05 2.21081e-05 2.07866e-05 1.94644e-05 1.81573e-05 1.68781e-05 1.5637e-05 1.44422e-05 1.32998e-05 1.22139e-05 1.11874e-05 1.02219e-05 9.31786e-06 8.47481e-06 7.69168e-06 6.96677e-06 6.29797e-06 5.68283e-06 5.11869e-06 4.6027e-06 4.13197e-06 3.70357e-06 3.31456e-06 2.9621e-06 2.64341e-06 2.35582e-06 2.09677e-06 1.86385e-06 1.65478e-06 1.46742e-06 1.29979e-06 1.15003e-06 1.01643e-06 8.97412e-07 7.91527e-07 6.97446e-07 6.1396e-07 5.39963e-07 4.74454e-07 4.16525e-07 3.65354e-07 3.20201e-07 2.80399e-07 2.45349e-07 2.14513e-07 1.8741e-07 1.63611e-07 1.4273e-07 1.24426e-07 1.08394e-07 9.43643e-08 8.20959e-08 7.13764e-08 6.20172e-08 5.38517e-08 4.6733e-08 4.05311e-08 3.51317e-08 3.04342e-08 2.63501e-08 2.28014e-08 1.97201e-08 1.70461e-08 1.4727e-08 1.27169e-08 1.09757e-08 9.46826e-09 8.1639e-09 7.03588e-09 6.06089e-09 5.21862e-09 4.49136e-09 3.86375e-09 3.32238e-09 2.85564e-09 2.45344e-09 2.10701e-09 1.80875e-09 1.55209e-09 1.33132e-09 1.14151e-09 9.78386e-10 8.38254e-10 7.17926e-10 6.14644e-10 5.2603e-10
2.32077e-05 1.74051e-05 1.97296e-05 2.1615e-05 2.30767e-05 2.41392e-05 2.48336e-05 2.51949e-05 2.52604e-05 2.50676e-05 2.46537e-05 2.40543e-05 2.33031e-05 2.2431e-05 2.14662e-05 2.0434e-05 1.93569e-05 1.82542e-05 1.71429e-05 1.6037e-05 1.49484e-05 1.38866e-05 1.28595e-05 1.18729e-05 1.09311e-05 1.00374e-05 9.19348e-06 8.40044e-06 7.65838e-06 6.96677e-06 6.32454e-06 5.7302e-06 5.18193e-06 4.67766e-06 4.21514e-06 3.79205e-06 3.40597e-06 3.05449e-06 2.73523e-06 2.44584e-06 2.18406e-06 1.9477e-06 1.73469e-06 1.54305e-06 1.37094e-06 1.2166e-06 1.07841e-06 9.54879e-07 8.44596e-07 7.46279e-07 6.58746e-07 5.80912e-07 5.11789e-07 4.50475e-07 3.96151e-07 3.48072e-07 3.05568e-07 2.68031e-07 2.34915e-07 2.05727e-07 1.80026e-07 1.57418e-07 1.37547e-07 1.20098e-07 1.04789e-07 9.13683e-08 7.96128e-08 6.93241e-08 6.03261e-08 5.24629e-08 4.55963e-08 3.96045e-08 3.43796e-08 2.98267e-08 2.5862e-08 2.24117e-08 1.9411e-08 1.68031e-08 1.45378e-08 1.25714e-08 1.08655e-08 9.38629e-09 8.10451e-09 6.99438e-09 6.03345e-09 5.20211e-09 4.48326e-09 3.862e-09 3.32535e-09 2.86203e-09 2.4622e-09 2.11733e-09 1.82001e-09 1.5638e-09 1.34312e-09 1.15312e-09 9.89609e-10 8.48958e-10 7.28022e-10 6.2408e-10 5.34781e-10
1.85936e-05 1.42418e-05 1.62679e-05 1.79394e-05 1.92636e-05 2.02562e-05 2.09394e-05 2.13395e-05 2.14851e-05 2.14061e-05 2.11325e-05 2.06935e-05 2.01169e-05 1.94289e-05 1.86533e-05 1.78119e-05 1.69241e-05 1.6007e-05 1.50756e-05 1.41424e-05 1.32183e-05 1.23121e-05 1.14311e-05 1.05809e-05 9.76599e-06 8.98942e-06 8.25341e-06 7.55924e-06 6.90745e-06 6.29797e-06 5.7302e-06 5.20317e-06 4.71554e-06 4.26576e-06 3.85208e-06 3.47264e-06 3.12547e-06 2.80862e-06 2.52008e-06 2.2579e-06 2.02017e-06 1.80501e-06 1.61067e-06 1.43543e-06 1.27769e-06 1.13594e-06 1.00875e-06 8.94804e-07 7.92871e-07 7.01813e-07 6.20578e-07 5.48202e-07 4.838e-07 4.26563e-07 3.75754e-07 3.30702e-07 2.908e-07 2.55495e-07 2.24292e-07 1.96741e-07 1.72439e-07 1.51022e-07 1.32167e-07 1.15581e-07 1.01004e-07 8.82032e-08 7.69723e-08 6.71264e-08 5.85016e-08 5.09522e-08 4.43491e-08 3.85779e-08 3.35375e-08 2.91384e-08 2.53016e-08 2.19575e-08 1.90448e-08 1.65094e-08 1.43038e-08 1.23864e-08 1.07204e-08 9.27376e-09 8.01833e-09 6.92945e-09 5.98555e-09 5.16777e-09 4.45963e-09 3.84677e-09 3.31663e-09 2.85828e-09 2.4622e-09 2.1201e-09 1.82475e-09 1.5699e-09 1.35008e-09 1.16058e-09 9.97277e-10 8.56618e-10 7.35514e-10 6.31291e-10 5.41633e-10
1.48969e-05 1.16483e-05 1.34066e-05 1.48799e-05 1.60696e-05 1.69851e-05 1.76415e-05 1.8058e-05 1.82568e-05 1.82611e-05 1.80951e-05 1.77825e-05 1.73463e-05 1.68082e-05 1.61886e-05 1.5506e-05 1.47772e-05 1.4017e-05 1.32385e-05 1.24532e-05 1.16707e-05 1.08991e-05 1.01452e-05 9.41418e-06 8.71044e-06 8.03713e-06 7.39654e-06 6.79016e-06 6.21884e-06 5.68283e-06 5.18193e-06 4.71554e-06 4.28276e-06 3.88242e-06 3.5132e-06 3.17362e-06 2.86212e-06 2.57709e-06 2.31689e-06 2.07988e-06 1.86446e-06 1.66905e-06 1.49214e-06 1.33226e-06 1.18803e-06 1.05814e-06 9.41346e-07 8.36497e-07 7.42508e-07 6.58377e-07 5.83173e-07 5.16038e-07 4.56184e-07 4.02887e-07 3.55487e-07 3.13379e-07 2.76016e-07 2.42898e-07 2.13575e-07 1.87638e-07 1.64719e-07 1.44487e-07 1.26643e-07 1.10921e-07 9.70793e-08 8.49047e-08 7.42052e-08 6.48099e-08 5.65664e-08 4.93392e-08 4.30078e-08 3.74655e-08 3.26173e-08 2.83795e-08 2.46776e-08 2.14463e-08 1.86275e-08 1.61701e-08 1.40293e-08 1.21654e-08 1.05435e-08 9.13315e-09 7.90744e-09 6.8428e-09 5.91859e-09 5.11674e-09 4.42143e-09 3.81882e-09 3.29684e-09 2.84491e-09 2.45385e-09 2.11562e-09 1.82322e-09 1.57057e-09 1.35237e-09 1.164e-09 1.00147e-09 8.61291e-10 7.40442e-10 6.36304e-10 5.46603e-10
