0.369674 0.0170207 0.0112784 0.00803287 0.00602689 0.00469171 0.00374962 0.00305448 0.00252377 0.00210787 0.00177529 0.00150507 0.00128272 0.00109787 0.000942917 0.000812108 0.000701039 0.000606262 0.000525041 0.000455174 0.000394872 0.000342665 0.000297333 0.000257859 0.000223386 0.00019319 0.000166653 0.000143245 0.000122511 0.000104056 9.11191e-05
0.0170207 0.00193168 0.00118202 0.000773961 0.000534427 0.000384492 0.000285523 0.000217305 0.000168601 0.000132825 0.000105929 8.53227e-05 6.92861e-05 5.66432e-05 4.65668e-05 3.84617e-05 3.18907e-05 2.65268e-05 2.21221e-05 1.84859e-05 1.54696e-05 1.29567e-05 1.08547e-05 9.08985e-06 7.60264e-06 6.34513e-06 5.27842e-06 4.37092e-06 3.5971e-06 2.93661e-06 2.51403e-06
0.0112784 0.00118202 0.000695083 0.000441212 0.000297878 0.000211004 0.000155075 0.000117231 9.05699e-05 7.11685e-05 5.66768e-05 4.56224e-05 3.70443e-05 3.02939e-05 2.49194e-05 2.05986e-05 1.7096e-05 1.42364e-05 1.18873e-05 9.94718e-06 8.33701e-06 6.99485e-06 5.87161e-06 4.92812e-06 4.13288e-06 3.46045e-06 2.89026e-06 2.40566e-06 1.99334e-06 1.68093e-06 1.44007e-06
0.00803287 0.000773961 0.000441212 0.000273312 0.000181338 0.000126981 9.26563e-05 6.97515e-05 5.37676e-05 4.22076e-05 3.36063e-05 2.70598e-05 2.19858e-05 1.79946e-05 1.4817e-05 1.22614e-05 1.01887e-05 8.49547e-06 7.10361e-06 5.95326e-06 4.99795e-06 4.20119e-06 3.53407e-06 2.97351e-06 2.50095e-06 2.10141e-06 1.76278e-06 1.47531e-06 1.24618e-06 1.05091e-06 9.00698e-07
0.00602689 0.000534427 0.000297878 0.000181338 0.000118893 8.26511e-05 6.00709e-05 4.51388e-05 3.47765e-05 2.73054e-05 2.17546e-05 1.75317e-05 1.4258e-05 1.16816e-05 9.62889e-06 7.97672e-06 6.63563e-06 5.5392e-06 4.63726e-06 3.89133e-06 3.27151e-06 2.75432e-06 2.32113e-06 1.95705e-06 1.6501e-06 1.39062e-06 1.17081e-06 9.90274e-07 8.36632e-07 7.05573e-07 6.04808e-07
0.00469171 0.000384492 0.000211004 0.000126981 8.26511e-05 5.7236e-05 4.15349e-05 3.12042e-05 2.40531e-05 1.89016e-05 1.50735e-05 1.21592e-05 9.89802e-06 8.11668e-06 6.69607e-06 5.55167e-06 4.62201e-06 3.86143e-06 3.2354e-06 2.7174e-06 2.28682e-06 1.92742e-06 1.62633e-06 1.37326e-06 1.15992e-06 9.79603e-07 8.29254e-07 7.01518e-07 5.92741e-07 4.99905e-07 4.28487e-07
0.00374962 0.000285523 0.000155075 9.26563e-05 6.00709e-05 4.15349e-05 3.01386e-05 2.26574e-05 1.74814e-05 1.37509e-05 1.0976e-05 8.86119e-06 7.21845e-06 5.92304e-06 4.88907e-06 4.05553e-06 3.378e-06 2.82344e-06 2.36682e-06 1.9889e-06 1.67469e-06 1.41241e-06 1.19268e-06 1.008e-06 8.5233e-07 7.21734e-07 6.11028e-07 5.16945e-07 4.36804e-07 3.68395e-07 3.15708e-07
0.00305448 0.000217305 0.000117231 6.97515e-05 4.51388e-05 3.12042e-05 2.26574e-05 1.70498e-05 1.31678e-05 1.03668e-05 8.2808e-06 6.68909e-06 5.45145e-06 4.4747e-06 3.69457e-06 3.06537e-06 2.55375e-06 2.13489e-06 1.78996e-06 1.50445e-06 1.26709e-06 1.06896e-06 9.02998e-07 7.63534e-07 6.46385e-07 5.47346e-07 4.63388e-07 3.92035e-07 3.31254e-07 2.79373e-07 2.39358e-07
0.00252377 0.000168601 9.05699e-05 5.37676e-05 3.47765e-05 2.40531e-05 1.74814e-05 1.31678e-05 1.01784e-05 8.01861e-06 6.40818e-06 5.17812e-06 4.22093e-06 3.46507e-06 2.86112e-06 2.37389e-06 1.97766e-06 1.65326e-06 1.38612e-06 1.16502e-06 9.81237e-07 8.27859e-07 6.99409e-07 5.91651e-07 5.00828e-07 4.24056e-07 3.58985e-07 3.0369e-07 2.56594e-07 2.16399e-07 1.85352e-07
0.00210787 0.000132825 7.11685e-05 4.22076e-05 2.73054e-05 1.89016e-05 1.37509e-05 1.03668e-05 8.01861e-06 6.31997e-06 5.05206e-06 4.08285e-06 3.32821e-06 2.73208e-06 2.25567e-06 1.8713e-06 1.55873e-06 1.30285e-06 1.09217e-06 9.17838e-07 7.72956e-07 6.52079e-07 5.50942e-07 4.65981e-07 3.94389e-07 3.33889e-07 2.82621e-07 2.39067e-07 2.01979e-07 1.70333e-07 1.45852e-07
0.00177529 0.000105929 5.66768e-05 3.36063e-05 2.17546e-05 1.50735e-05 1.0976e-05 8.2808e-06 6.40818e-06 5.05206e-06 4.03895e-06 3.26404e-06 2.66047e-06 2.18359e-06 1.80246e-06 1.49499e-06 1.24499e-06 1.04037e-06 8.71933e-07 7.32599e-07 6.16836e-07 5.20311e-07 4.39513e-07 3.71659e-07 3.145e-07 2.66211e-07 2.25305e-07 1.90562e-07 1.60986e-07 1.35757e-07 1.1621e-07
0.00150507 8.53227e-05 4.56224e-05 2.70598e-05 1.75317e-05 1.21592e-05 8.86119e-06 6.68909e-06 5.17812e-06 4.08285e-06 3.26404e-06 2.63748e-06 2.14936e-06 1.76368e-06 1.45546e-06 1.20685e-06 1.00475e-06 8.39376e-07 7.03289e-07 5.9075e-07 4.97292e-07 4.19364e-07 3.54155e-07 2.99411e-07 2.53312e-07 2.1438e-07 1.8141e-07 1.53417e-07 1.29595e-07 1.0928e-07 9.35183e-08
0.00128272 6.92861e-05 3.70443e-05 2.19858e-05 1.4258e-05 9.89802e-06 7.21845e-06 5.45145e-06 4.22093e-06 3.32821e-06 2.66047e-06 2.14936e-06 1.75114e-06 1.43651e-06 1.18511e-06 9.82375e-07 8.17611e-07 6.8283e-07 5.71954e-07 4.803e-07 4.04199e-07 3.40766e-07 2.87706e-07 2.43176e-07 2.05691e-07 1.74046e-07 1.47256e-07 1.24517e-07 1.05173e-07 8.86819e-08 7.58692e-08
0.00109787 5.66432e-05 3.02939e-05 1.79946e-05 1.16816e-05 8.11668e-06 5.92304e-06 4.4747e-06 3.46507e-06 2.73208e-06 2.18359e-06 1.76368e-06 1.43651e-06 1.17805e-06 9.7157e-07 8.051e-07 6.69851e-07 5.59251e-07 4.683e-07 3.93136e-07 3.3075e-07 2.78767e-07 2.35299e-07 1.98833e-07 1.68148e-07 1.42251e-07 1.20336e-07 1.01741e-07 8.59269e-08 7.24501e-08 6.19652e-08
0.000942917 4.65668e-05 2.49194e-05 1.4817e-05 9.62889e-06 6.69607e-06 4.88907e-06 3.69457e-06 2.86112e-06 2.25567e-06 1.80246e-06 1.45546e-06 1.18511e-06 9.7157e-07 8.01016e-07 6.63548e-07 5.51898e-07 4.60627e-07 3.85594e-07 3.23606e-07 2.72174e-07 2.29335e-07 1.93525e-07 1.63495e-07 1.38233e-07 1.16922e-07 9.88927e-08 8.36007e-08 7.05996e-08 5.95237e-08 5.08957e-08
0.000812108 3.84617e-05 2.05986e-05 1.22614e-05 7.97672e-06 5.55167e-06 4.05553e-06 3.06537e-06 2.37389e-06 1.8713e-06 1.49499e-06 1.20685e-06 9.82375e-07 8.051e-07 6.63548e-07 5.4949e-07 4.56884e-07 3.81204e-07 3.19008e-07 2.67645e-07 2.25043e-07 1.89571e-07 1.5993e-07 1.35081e-07 1.14186e-07 9.65637e-08 8.16607e-08 6.90245e-08 5.82849e-08 4.91385e-08 4.20048e-08
0.000701039 3.18907e-05 1.7096e-05 1.01887e-05 6.63563e-06 4.62201e-06 3.378e-06 2.55375e-06 1.97766e-06 1.55873e-06 1.24499e-06 1.00475e-06 8.17611e-07 6.69851e-07 5.51898e-07 4.56884e-07 3.79762e-07 3.16757e-07 2.64996e-07 2.22265e-07 1.86834e-07 1.57343e-07 1.32709e-07 1.12064e-07 9.47093e-08 8.00782e-08 6.77089e-08 5.72244e-08 4.83164e-08 4.07323e-08 3.48102e-08
0.000606262 2.65268e-05 1.42364e-05 8.49547e-06 5.5392e-06 3.86143e-06 2.82344e-06 2.13489e-06 1.65326e-06 1.30285e-06 1.04037e-06 8.39376e-07 6.8283e-07 5.59251e-07 4.60627e-07 3.81204e-07 3.16757e-07 2.64124e-07 2.20899e-07 1.85226e-07 1.55658e-07 1.31054e-07 1.10509e-07 9.32973e-08 7.88331e-08 6.66428e-08 5.63402e-08 4.76103e-08 4.01954e-08 3.38844e-08 2.89509e-08
0.000525041 2.21221e-05 1.18873e-05 7.10361e-06 4.63726e-06 3.2354e-06 2.36682e-06 1.78996e-06 1.38612e-06 1.09217e-06 8.71933e-07 7.03289e-07 5.71954e-07 4.683e-07 3.85594e-07 3.19008e-07 2.64996e-07 2.20899e-07 1.84695e-07 1.54827e-07 1.30077e-07 1.0949e-07 9.23044e-08 7.79111e-08 6.58195e-08 5.56319e-08 4.70246e-08 3.97334e-08 3.35424e-08 2.82746e-08 2.41522e-08
0.000455174 1.84859e-05 9.94718e-06 5.95326e-06 3.89133e-06 2.7174e-06 1.9889e-06 1.50445e-06 1.16502e-06 9.17838e-07 7.32599e-07 5.9075e-07 4.803e-07 3.93136e-07 3.23606e-07 2.67645e-07 2.22265e-07 1.85226e-07 1.54827e-07 1.29754e-07 1.08986e-07 9.1715e-08 7.7302e-08 6.52347e-08 5.51e-08 4.65638e-08 3.93539e-08 3.32482e-08 2.80654e-08 2.36567e-08 2.02031e-08
0.000394872 1.54696e-05 8.33701e-06 4.99795e-06 3.27151e-06 2.28682e-06 1.67469e-06 1.26709e-06 9.81237e-07 7.72956e-07 6.16836e-07 4.97292e-07 4.04199e-07 3.3075e-07 2.72174e-07 2.25043e-07 1.86834e-07 1.55658e-07 1.30077e-07 1.08986e-07 9.15195e-08 7.69992e-08 6.4885e-08 5.47452e-08 4.62319e-08 3.90633e-08 3.30102e-08 2.78857e-08 2.35369e-08 1.98388e-08 1.69389e-08
0.000342665 1.29567e-05 6.99485e-06 4.20119e-06 2.75432e-06 1.92742e-06 1.41241e-06 1.06896e-06 8.27859e-07 6.52079e-07 5.20311e-07 4.19364e-07 3.40766e-07 2.78767e-07 2.29335e-07 1.89571e-07 1.57343e-07 1.31054e-07 1.0949e-07 9.1715e-08 7.69992e-08 6.47687e-08 5.45678e-08 4.60316e-08 3.88667e-08 3.28351e-08 2.77435e-08 2.34341e-08 1.97781e-08 1.66698e-08 1.42303e-08
0.000297333 1.08547e-05 5.87161e-06 3.53407e-06 2.32113e-06 1.62633e-06 1.19268e-06 9.02998e-07 6.99409e-07 5.50942e-07 4.39513e-07 3.54155e-07 2.87706e-07 2.35299e-07 1.93525e-07 1.5993e-07 1.32709e-07 1.10509e-07 9.23044e-08 7.7302e-08 6.4885e-08 5.45678e-08 4.59647e-08 3.87675e-08 3.2728e-08 2.76451e-08 2.33554e-08 1.97257e-08 1.6647e-08 1.40303e-08 1.19747e-08
0.000257859 9.08985e-06 4.92812e-06 2.97351e-06 1.95705e-06 1.37326e-06 1.008e-06 7.63534e-07 5.91651e-07 4.65981e-07 3.71659e-07 2.99411e-07 2.43176e-07 1.98833e-07 1.63495e-07 1.35081e-07 1.12064e-07 9.32973e-08 7.79111e-08 6.52347e-08 5.47452e-08 4.60316e-08 3.87675e-08 3.26919e-08 2.75947e-08 2.33059e-08 1.96873e-08 1.66261e-08 1.40303e-08 1.18245e-08 1.00903e-08
0.000223386 7.60264e-06 4.13288e-06 2.50095e-06 1.6501e-06 1.15992e-06 8.5233e-07 6.46385e-07 5.00828e-07 3.94389e-07 3.145e-07 2.53312e-07 2.05691e-07 1.68148e-07 1.38233e-07 1.14186e-07 9.47093e-08 7.88331e-08 6.58195e-08 5.51e-08 4.62319e-08 3.88667e-08 3.2728e-08 2.75947e-08 2.32891e-08 1.96671e-08 1.66117e-08 1.40275e-08 1.18367e-08 9.97543e-09 8.51104e-09
0.00019319 6.34513e-06 3.46045e-06 2.10141e-06 1.39062e-06 9.79603e-07 7.21734e-07 5.47346e-07 4.24056e-07 3.33889e-07 2.66211e-07 2.1438e-07 1.74046e-07 1.42251e-07 1.16922e-07 9.65637e-08 8.00782e-08 6.66428e-08 5.56319e-08 4.65638e-08 3.90633e-08 3.28351e-08 2.76451e-08 2.33059e-08 1.96671e-08 1.66066e-08 1.40253e-08 1.18426e-08 9.9925e-09 8.42098e-09 7.18374e-09
0.000166653 5.27842e-06 2.89026e-06 1.76278e-06 1.17081e-06 8.29254e-07 6.11028e-07 4.63388e-07 3.58985e-07 2.82621e-07 2.25305e-07 1.8141e-07 1.47256e-07 1.20336e-07 9.88927e-08 8.16607e-08 6.77089e-08 5.63402e-08 4.70246e-08 3.93539e-08 3.30102e-08 2.77435e-08 2.33554e-08 1.96873e-08 1.66117e-08 1.40253e-08 1.18444e-08 1.00005e-08 8.43772e-09 7.11055e-09 6.06508e-09
0.000143245 4.37092e-06 2.40566e-06 1.47531e-06 9.90274e-07 7.01518e-07 5.16945e-07 3.92035e-07 3.0369e-07 2.39067e-07 1.90562e-07 1.53417e-07 1.24517e-07 1.01741e-07 8.36007e-08 6.90245e-08 5.72244e-08 4.76103e-08 3.97334e-08 3.32482e-08 2.78857e-08 2.34341e-08 1.97257e-08 1.66261e-08 1.40275e-08 1.18426e-08 1.00005e-08 8.44315e-09 7.12351e-09 6.00293e-09 5.1198e-09
0.000122511 3.5971e-06 1.99334e-06 1.24618e-06 8.36632e-07 5.92741e-07 4.36804e-07 3.31254e-07 2.56594e-07 2.01979e-07 1.60986e-07 1.29595e-07 1.05173e-07 8.59269e-08 7.05996e-08 5.82849e-08 4.83164e-08 4.01954e-08 3.35424e-08 2.80654e-08 2.35369e-08 1.97781e-08 1.6647e-08 1.40303e-08 1.18367e-08 9.9925e-09 8.43772e-09 7.12351e-09 6.00997e-09 5.06449e-09 4.31909e-09
0.000104056 2.93661e-06 1.68093e-06 1.05091e-06 7.05573e-07 4.99905e-07 3.68395e-07 2.79373e-07 2.16399e-07 1.70333e-07 1.35757e-07 1.0928e-07 8.86819e-08 7.24501e-08 5.95237e-08 4.91385e-08 4.07323e-08 3.38844e-08 2.82746e-08 2.36567e-08 1.98388e-08 1.66698e-08 1.40303e-08 1.18245e-08 9.97543e-09 8.42098e-09 7.11055e-09 6.00293e-09 5.06449e-09 4.26772e-09 3.63945e-09
9.11191e-05 2.51403e-06 1.44007e-06 9.00698e-07 6.04808e-07 4.28487e-07 3.15708e-07 2.39358e-07 1.85352e-07 1.45852e-07 1.1621e-07 9.35183e-08 7.58692e-08 6.19652e-08 5.08957e-08 4.20048e-08 3.48102e-08 2.89509e-08 2.41522e-08 2.02031e-08 1.69389e-08 1.42303e-08 1.19747e-08 1.00903e-08 8.51104e-09 7.18374e-09 6.06508e-09 5.1198e-09 4.31909e-09 3.63945e-09 3.10308e-09
