0.726055 0.052831 0.0270876 0.0146965 0.00828123 0.00477051 0.00277612 0.00161853 0.000940435 0.000542907 0.000310906 0.000176511 9.93447e-05 5.54477e-05 3.07046e-05 1.68794e-05 9.21736e-06 5.00275e-06 2.70028e-06 1.45021e-06 7.75323e-07 4.12812e-07 2.18981e-07 1.1577e-07 6.10173e-08 3.2068e-08 1.68067e-08 8.77959e-09 4.5604e-09 2.33268e-09 1.21326e-09
0.052831 0.00655922 0.00342133 0.00182283 0.000974299 0.000517953 0.000272972 0.000142529 7.37711e-05 3.78889e-05 1.93317e-05 9.809e-06 4.95448e-06 2.49318e-06 1.25084e-06 6.26034e-07 3.12723e-07 1.55978e-07 7.77065e-08 3.86774e-08 1.9238e-08 9.56404e-09 4.75293e-09 2.36132e-09 1.17274e-09 5.82021e-10 2.88177e-10 1.41516e-10 6.74668e-11 2.86968e-11 1.42472e-11
0.0270876 0.00342133 0.00171038 0.000878646 0.000456303 0.000237301 0.000122996 6.34113e-05 3.25023e-05 1.65669e-05 8.40216e-06 4.24289e-06 2.13475e-06 1.07083e-06 5.35831e-07 2.67593e-07 1.33425e-07 6.6446e-08 3.3059e-08 1.64362e-08 8.16741e-09 4.05698e-09 2.01463e-09 1.00012e-09 4.96152e-10 2.45605e-10 1.20665e-10 5.7718e-11 2.4989e-11 1.22964e-11 6.10702e-12
0.0146965 0.00182283 0.000878646 0.000436302 0.000220166 0.000111875 5.69337e-05 2.89329e-05 1.46625e-05 7.40658e-06 3.72932e-06 1.87223e-06 9.37495e-07 4.68416e-07 2.33622e-07 1.1635e-07 5.78792e-08 2.87672e-08 1.42885e-08 7.09367e-09 3.52054e-09 1.7468e-09 8.66486e-10 4.29557e-10 2.1253e-10 1.04424e-10 5.00753e-11 2.19873e-11 1.08435e-11 5.33618e-12 2.65095e-12
0.00828123 0.000974299 0.000456303 0.000220166 0.000108265 5.38193e-05 2.68979e-05 1.34696e-05 6.7453e-06 3.37456e-06 1.68582e-06 8.40891e-07 4.18827e-07 2.0834e-07 1.03524e-07 5.13963e-08 2.54996e-08 1.26451e-08 6.26852e-09 3.1068e-09 1.53958e-09 7.62818e-10 3.77772e-10 1.86754e-10 9.17391e-11 4.40835e-11 1.95987e-11 9.65851e-12 4.76385e-12 2.34441e-12 1.16488e-12
0.00477051 0.000517953 0.000237301 0.000111875 5.38193e-05 2.62369e-05 1.28954e-05 6.36765e-06 3.15183e-06 1.56166e-06 7.73938e-07 3.83482e-07 1.89944e-07 9.40451e-08 4.65471e-08 2.3032e-08 1.13944e-08 5.63656e-09 2.78826e-09 1.37933e-09 6.82344e-10 3.37443e-10 1.66623e-10 8.18059e-11 3.93752e-11 1.77011e-11 8.71111e-12 4.29337e-12 2.11773e-12 1.04217e-12 5.17868e-13
0.00277612 0.000272972 0.000122996 5.69337e-05 2.68979e-05 1.28954e-05 6.24487e-06 3.04447e-06 1.49061e-06 7.31797e-07 3.59866e-07 1.77149e-07 8.72611e-08 4.30027e-08 2.11993e-08 1.04539e-08 5.15662e-09 2.5444e-09 1.25585e-09 6.19993e-10 3.06051e-10 1.50891e-10 7.4016e-11 3.56679e-11 1.61914e-11 7.95581e-12 3.91551e-12 1.92986e-12 9.51901e-13 4.68418e-13 2.32759e-13
0.00161853 0.000142529 6.34113e-05 2.89329e-05 1.34696e-05 6.36765e-06 3.04447e-06 1.46749e-06 7.11449e-07 3.46323e-07 1.69073e-07 8.27133e-08 4.05279e-08 1.98819e-08 9.76318e-09 4.79835e-09 2.36002e-09 1.16153e-09 5.71973e-10 2.8171e-10 1.38624e-10 6.79113e-11 3.27476e-11 1.49891e-11 7.35328e-12 3.61329e-12 1.77831e-12 8.76454e-13 4.32279e-13 2.12696e-13 1.05679e-13
0.000940435 7.37711e-05 3.25023e-05 1.46625e-05 6.7453e-06 3.15183e-06 1.49061e-06 7.11449e-07 3.4191e-07 1.65167e-07 8.00991e-08 3.89612e-08 1.89957e-08 9.27897e-09 4.53967e-09 2.22396e-09 1.09075e-09 5.35463e-10 2.63009e-10 1.29118e-10 6.3147e-11 3.04527e-11 1.40327e-11 6.8727e-12 3.37169e-12 1.65678e-12 8.15351e-13 4.01813e-13 1.98153e-13 9.7484e-14 4.84264e-14
0.000542907 3.78889e-05 1.65669e-05 7.40658e-06 3.37456e-06 1.56166e-06 7.31797e-07 3.46323e-07 1.65167e-07 7.92463e-08 3.82021e-08 1.84851e-08 8.97153e-09 4.36504e-09 2.12819e-09 1.03942e-09 5.08389e-10 2.48903e-10 1.21851e-10 5.94647e-11 2.86615e-11 1.32758e-11 6.49052e-12 3.17887e-12 1.55949e-12 7.66244e-13 3.7705e-13 1.85786e-13 9.16034e-14 4.50571e-14 2.23771e-14
0.000310906 1.93317e-05 8.40216e-06 3.72932e-06 1.68582e-06 7.73938e-07 3.59866e-07 1.69073e-07 8.00991e-08 3.82021e-08 1.83183e-08 8.82228e-09 4.26416e-09 2.06719e-09 1.00464e-09 4.89257e-10 2.38627e-10 1.16436e-10 5.66724e-11 2.72832e-11 1.26831e-11 6.18892e-12 3.02577e-12 1.48188e-12 7.26919e-13 3.57123e-13 1.75703e-13 8.65579e-14 4.26686e-14 2.0983e-14 1.04178e-14
0.000176511 9.809e-06 4.24289e-06 1.87223e-06 8.40891e-07 3.83482e-07 1.77149e-07 8.27133e-08 3.89612e-08 1.84851e-08 8.82228e-09 4.23117e-09 2.03753e-09 9.84506e-10 4.77036e-10 2.31642e-10 1.12594e-10 5.46292e-11 2.62503e-11 1.22286e-11 5.95452e-12 2.90556e-12 1.42046e-12 6.95609e-13 3.41179e-13 1.67588e-13 8.24355e-14 4.06011e-14 2.00091e-14 9.83749e-15 4.88251e-15
9.93447e-05 4.95448e-06 2.13475e-06 9.37495e-07 4.18827e-07 1.89944e-07 8.72611e-08 4.05279e-08 1.89957e-08 8.97153e-09 4.26416e-09 2.03753e-09 9.77912e-10 4.71081e-10 2.27587e-10 1.10133e-10 5.32353e-11 2.55142e-11 1.18929e-11 5.77735e-12 2.81311e-12 1.3726e-12 6.70963e-13 3.28531e-13 1.61109e-13 7.91204e-14 3.89096e-14 1.91586e-14 9.43909e-15 4.63954e-15 2.30181e-15
5.54477e-05 2.49318e-06 1.07083e-06 4.68416e-07 2.0834e-07 9.40451e-08 4.30027e-08 1.98819e-08 9.27897e-09 4.36504e-09 2.06719e-09 9.84506e-10 4.71081e-10 2.26257e-10 1.08932e-10 5.24243e-11 2.5041e-11 1.16621e-11 5.65021e-12 2.74468e-12 1.33634e-12 6.51967e-13 3.18654e-13 1.55999e-13 7.64845e-14 3.75526e-14 1.84626e-14 9.0881e-15 4.47616e-15 2.19955e-15 1.09082e-15
3.07046e-05 1.25084e-06 5.35831e-07 2.33622e-07 1.03524e-07 4.65471e-08 2.11993e-08 9.76318e-09 4.53967e-09 2.12819e-09 1.00464e-09 4.77036e-10 2.27587e-10 1.08932e-10 5.21581e-11 2.48095e-11 1.15272e-11 5.56806e-12 2.69756e-12 1.31027e-12 6.37877e-13 3.11158e-13 1.52054e-13 7.44231e-14 3.64803e-14 1.79065e-14 8.80115e-15 4.33097e-15 2.13245e-15 1.04758e-15 5.19308e-16
1.68794e-05 6.26034e-07 2.67593e-07 1.1635e-07 5.13963e-08 2.3032e-08 1.04539e-08 4.79835e-09 2.22396e-09 1.03942e-09 4.89257e-10 2.31642e-10 1.10133e-10 5.24243e-11 2.48095e-11 1.14828e-11 5.52776e-12 2.66997e-12 1.29341e-12 6.28163e-13 3.0576e-13 1.49123e-13 7.28568e-14 3.56517e-14 1.74711e-14 8.57334e-15 4.21256e-15 2.0723e-15 1.02001e-15 5.00942e-16 2.48223e-16
9.21736e-06 3.12723e-07 1.33425e-07 5.78792e-08 2.54996e-08 1.13944e-08 5.15662e-09 2.36002e-09 1.09075e-09 5.08389e-10 2.38627e-10 1.12594e-10 5.32353e-11 2.5041e-11 1.15272e-11 5.52776e-12 2.66089e-12 1.28512e-12 6.22469e-13 3.02264e-13 1.47101e-13 7.17278e-14 3.50357e-14 1.714e-14 8.39712e-15 4.1194e-15 2.02346e-15 9.95078e-16 4.89625e-16 2.40394e-16 1.19067e-16
5.00275e-06 1.55978e-07 6.6446e-08 2.87672e-08 1.26451e-08 5.63656e-09 2.5444e-09 1.16153e-09 5.35463e-10 2.48903e-10 1.16436e-10 5.46292e-11 2.55142e-11 1.16621e-11 5.56806e-12 2.66997e-12 1.28512e-12 6.20593e-13 3.00546e-13 1.45914e-13 7.09959e-14 3.46103e-14 1.69013e-14 8.26612e-15 4.04853e-15 1.9855e-15 9.7497e-16 4.79302e-16 2.3576e-16 1.1572e-16 5.72916e-17
2.70028e-06 7.77065e-08 3.3059e-08 1.42885e-08 6.26852e-09 2.78826e-09 1.25585e-09 5.71973e-10 2.63009e-10 1.21851e-10 5.66724e-11 2.62503e-11 1.18929e-11 5.65021e-12 2.69756e-12 1.29341e-12 6.22469e-13 3.00546e-13 1.45523e-13 7.06361e-14 3.43606e-14 1.67465e-14 8.17565e-15 3.99744e-15 1.95727e-15 9.59594e-16 4.71053e-16 2.31496e-16 1.13831e-16 5.58567e-17 2.76424e-17
1.45021e-06 3.86774e-08 1.64362e-08 7.09367e-09 3.1068e-09 1.37933e-09 6.19993e-10 2.8171e-10 1.29118e-10 5.94647e-11 2.72832e-11 1.22286e-11 5.77735e-12 2.74468e-12 1.31027e-12 6.28163e-13 3.02264e-13 1.45914e-13 7.06361e-14 3.42783e-14 1.66704e-14 8.12256e-15 3.96434e-15 1.93778e-15 9.4851e-16 4.64884e-16 2.28132e-16 1.12077e-16 5.50923e-17 2.70262e-17 1.33692e-17
7.75323e-07 1.9238e-08 8.16741e-09 3.52054e-09 1.53958e-09 6.82344e-10 3.06051e-10 1.38624e-10 6.3147e-11 2.86615e-11 1.26831e-11 5.95452e-12 2.81311e-12 1.33634e-12 6.37877e-13 3.0576e-13 1.47101e-13 7.09959e-14 3.43606e-14 1.66704e-14 8.10506e-15 3.94806e-15 1.92636e-15 9.41332e-16 4.60626e-16 2.25692e-16 1.10718e-16 5.43759e-17 2.67202e-17 1.31044e-17 6.47982e-18
4.12812e-07 9.56404e-09 4.05698e-09 1.7468e-09 7.62818e-10 3.37443e-10 1.50891e-10 6.79113e-11 3.04527e-11 1.32758e-11 6.18892e-12 2.90556e-12 1.3726e-12 6.51967e-13 3.11158e-13 1.49123e-13 7.17278e-14 3.46103e-14 1.67465e-14 8.12256e-15 3.94806e-15 1.92259e-15 9.37806e-16 4.58131e-16 2.24111e-16 1.09773e-16 5.38345e-17 2.64307e-17 1.29839e-17 6.36598e-18 3.14659e-18
2.18981e-07 4.75293e-09 2.01463e-09 8.66486e-10 3.77772e-10 1.66623e-10 7.4016e-11 3.27476e-11 1.40327e-11 6.49052e-12 3.02577e-12 1.42046e-12 6.70963e-13 3.18654e-13 1.52054e-13 7.28568e-14 3.50357e-14 1.69013e-14 8.17565e-15 3.96434e-15 1.92636e-15 9.37806e-16 4.57309e-16 2.23334e-16 1.09218e-16 5.34803e-17 2.62195e-17 1.28687e-17 6.31968e-18 3.09773e-18 1.53056e-18
1.1577e-07 2.36132e-09 1.00012e-09 4.29557e-10 1.86754e-10 8.18059e-11 3.56679e-11 1.49891e-11 6.8727e-12 3.17887e-12 1.48188e-12 6.95609e-13 3.28531e-13 1.55999e-13 7.44231e-14 3.56517e-14 1.714e-14 8.26612e-15 3.99744e-15 1.93778e-15 9.41332e-16 4.58131e-16 2.23334e-16 1.09036e-16 5.33062e-17 2.60941e-17 1.2789e-17 6.27499e-18 3.08065e-18 1.50966e-18 7.45635e-19
6.10173e-08 1.17274e-09 4.96152e-10 2.1253e-10 9.17391e-11 3.93752e-11 1.61914e-11 7.35328e-12 3.37169e-12 1.55949e-12 7.26919e-13 3.41179e-13 1.61109e-13 7.64845e-14 3.64803e-14 1.74711e-14 8.39712e-15 4.04853e-15 1.95727e-15 9.4851e-16 4.60626e-16 2.24111e-16 1.09218e-16 5.33062e-17 2.60528e-17 1.27493e-17 6.24667e-18 3.06401e-18 1.5038e-18 7.36748e-19 3.63754e-19
3.2068e-08 5.82021e-10 2.45605e-10 1.04424e-10 4.40835e-11 1.77011e-11 7.95581e-12 3.61329e-12 1.65678e-12 7.66244e-13 3.57123e-13 1.67588e-13 7.91204e-14 3.75526e-14 1.79065e-14 8.57334e-15 4.1194e-15 1.9855e-15 9.59594e-16 4.64884e-16 2.25692e-16 1.09773e-16 5.34803e-17 2.60941e-17 1.27493e-17 6.23716e-18 3.05504e-18 1.49806e-18 7.35021e-19 3.60017e-19 1.77688e-19
1.68067e-08 2.88177e-10 1.20665e-10 5.00753e-11 1.95987e-11 8.71111e-12 3.91551e-12 1.77831e-12 8.15351e-13 3.7705e-13 1.75703e-13 8.24355e-14 3.89096e-14 1.84626e-14 8.80115e-15 4.21256e-15 2.02346e-15 9.7497e-16 4.71053e-16 2.28132e-16 1.10718e-16 5.38345e-17 2.62195e-17 1.2789e-17 6.24667e-18 3.05504e-18 1.49595e-18 7.33326e-19 3.59702e-19 1.76141e-19 8.69049e-20
8.77959e-09 1.41516e-10 5.7718e-11 2.19873e-11 9.65851e-12 4.29337e-12 1.92986e-12 8.76454e-13 4.01813e-13 1.85786e-13 8.65579e-14 4.06011e-14 1.91586e-14 9.0881e-15 4.33097e-15 2.0723e-15 9.95078e-16 4.79302e-16 2.31496e-16 1.12077e-16 5.43759e-17 2.64307e-17 1.28687e-17 6.27499e-18 3.06401e-18 1.49806e-18 7.33326e-19 3.59376e-19 1.76226e-19 8.62749e-20 4.2552e-20
4.5604e-09 6.74668e-11 2.4989e-11 1.08435e-11 4.76385e-12 2.11773e-12 9.51901e-13 4.32279e-13 1.98153e-13 9.16034e-14 4.26686e-14 2.00091e-14 9.43909e-15 4.47616e-15 2.13245e-15 1.02001e-15 4.89625e-16 2.3576e-16 1.13831e-16 5.50923e-17 2.67202e-17 1.29839e-17 6.31968e-18 3.08065e-18 1.5038e-18 7.35021e-19 3.59702e-19 1.76226e-19 8.63918e-20 4.2285e-20 2.08488e-20
2.33268e-09 2.86968e-11 1.22964e-11 5.33618e-12 2.34441e-12 1.04217e-12 4.68418e-13 2.12696e-13 9.7484e-14 4.50571e-14 2.0983e-14 9.83749e-15 4.63954e-15 2.19955e-15 1.04758e-15 5.00942e-16 2.40394e-16 1.1572e-16 5.58567e-17 2.70262e-17 1.31044e-17 6.36598e-18 3.09773e-18 1.50966e-18 7.36748e-19 3.60017e-19 1.76141e-19 8.62749e-20 4.2285e-20 2.06927e-20 1.01998e-20
1.21326e-09 1.42472e-11 6.10702e-12 2.65095e-12 1.16488e-12 5.17868e-13 2.32759e-13 1.05679e-13 4.84264e-14 2.23771e-14 1.04178e-14 4.88251e-15 2.30181e-15 1.09082e-15 5.19308e-16 2.48223e-16 1.19067e-16 5.72916e-17 2.76424e-17 1.33692e-17 6.47982e-18 3.14659e-18 1.53056e-18 7.45635e-19 3.63754e-19 1.77688e-19 8.69049e-20 4.2552e-20 2.08488e-20 1.01998e-20 5.02576e-21
