0.571078 0.0288377 0.020752 0.0149335 0.0107464 0.00773325 0.00556496 0.00400463 0.0028818 0.00207378 0.00149233 0.0010739 0.000772796 0.000556116 0.00040019 0.000287983 0.000207237 0.000149131 0.000107317 7.72268e-05 5.55736e-05 3.99916e-05 2.87786e-05 2.07095e-05 1.49029e-05 1.07243e-05 7.7174e-06 5.55356e-06 3.99643e-06 2.87589e-06 2.06954e-06 1.48927e-06 1.0717e-06 7.71213e-07 5.54976e-07 3.9937e-07 2.87393e-07 2.06812e-07 1.48825e-07 1.07097e-07 7.70686e-08 5.54597e-08 3.99097e-08 2.87196e-08 2.06671e-08 1.48723e-08 1.07024e-08 7.70159e-09 5.54218e-09 3.98824e-09 2.87e-09 2.06529e-09 1.48622e-09 1.06951e-09 7.69632e-10 5.53839e-10 3.98551e-10 2.86804e-10 2.06388e-10 1.4852e-10 1.06877e-10 7.69106e-11 5.53461e-11 3.98279e-11 2.86608e-11 2.06247e-11 1.48419e-11 1.06804e-11 7.68581e-12 5.53083e-12 3.98007e-12 2.86412e-12 2.06106e-12 1.48317e-12 1.06731e-12 7.68056e-13 5.52705e-13 3.97735e-13 2.86216e-13 2.05965e-13 1.48216e-13 1.06658e-13 7.67531e-14 5.52327e-14 3.97463e-14 2.8602e-14 2.05825e-14 1.48115e-14 1.06586e-14 7.67006e-15 5.51949e-15 3.97191e-15 2.85825e-15 2.05684e-15 1.48013e-15 1.06513e-15 7.66482e-16 5.51572e-16 3.9692e-16 2.8563e-16 2.05543e-16
0.0288377 0.00955645 0.0074143 0.00572212 0.00439599 0.00336366 0.00256464 0.00194924 0.00147733 0.0011168 0.00084231 0.000633946 0.000476207 0.000357086 0.000267327 0.000199829 0.000149166 0.000111204 8.28027e-05 6.15858e-05 4.57571e-05 3.3963e-05 2.51855e-05 1.86601e-05 1.3814e-05 1.02184e-05 7.55317e-06 5.57918e-06 4.11834e-06 3.03809e-06 2.23984e-06 1.65039e-06 1.21539e-06 8.94585e-07 6.58127e-07 4.8394e-07 3.55692e-07 2.61316e-07 1.91901e-07 1.40868e-07 1.03366e-07 7.582e-08 5.55946e-08 4.07504e-08 2.98597e-08 2.18726e-08 1.6017e-08 1.17255e-08 8.58135e-09 6.27854e-09 4.59245e-09 3.35827e-09 2.45515e-09 1.79446e-09 1.31125e-09 9.57934e-10 6.99664e-10 5.10915e-10 3.73006e-10 2.72267e-10 1.98695e-10 1.44975e-10 1.0576e-10 7.71375e-11 5.62514e-11 4.10134e-11 2.98982e-11 2.17918e-11 1.58807e-11 1.15712e-11 8.42987e-12 6.14043e-12 4.47211e-12 3.25661e-12 2.37114e-12 1.7262e-12 1.25651e-12 9.14502e-13 6.65501e-13 4.84238e-13 3.52303e-13 2.56284e-13 1.86413e-13 1.35576e-13 9.85918e-14 7.16888e-14 5.21213e-14 3.78908e-14 2.75428e-14 2.00188e-14 1.45488e-14 1.05724e-14 7.68204e-15 5.58138e-15 4.05477e-15 2.94545e-15 2.13944e-15 1.55386e-15 1.12846e-15 8.1945e-16 5.95011e-16
0.020752 0.0074143 0.00590019 0.00466228 0.00366191 0.00286117 0.00222531 0.00172377 0.00133047 0.0010236 0.000785213 0.000600756 0.000458526 0.000349197 0.000265398 0.000201332 0.000152466 0.000115275 8.70257e-05 6.56069e-05 4.93948e-05 3.7143e-05 2.78978e-05 2.09308e-05 1.56875e-05 1.17462e-05 8.78696e-06 6.56745e-06 4.90446e-06 3.65965e-06 2.72871e-06 2.03311e-06 1.51378e-06 1.12635e-06 8.37552e-07 6.2242e-07 4.62275e-07 3.43142e-07 2.54572e-07 1.88765e-07 1.39899e-07 1.03633e-07 7.67324e-08 5.67889e-08 4.20106e-08 3.10649e-08 2.29618e-08 1.69656e-08 1.25305e-08 9.25133e-09 6.82786e-09 5.03749e-09 3.71532e-09 2.73928e-09 2.01901e-09 1.48766e-09 1.09582e-09 8.06949e-10 5.94058e-10 4.37211e-10 3.21689e-10 2.36628e-10 1.74013e-10 1.27935e-10 9.40357e-11 6.9102e-11 5.07676e-11 3.72893e-11 2.73832e-11 2.01043e-11 1.47572e-11 1.08299e-11 7.9462e-12 5.82917e-12 4.27533e-12 3.13509e-12 2.29852e-12 1.68487e-12 1.23483e-12 9.04844e-13 6.62924e-13 4.85602e-13 3.55653e-13 2.60436e-13 1.9068e-13 1.39587e-13 1.02168e-13 7.47688e-14 5.47094e-14 4.00258e-14 2.92791e-14 2.14148e-14 1.56607e-14 1.14511e-14 8.37198e-15 6.12e-15 4.47321e-15 3.26914e-15 2.38887e-15 1.74542e-15 1.27513e-15
0.0149335 0.00572212 0.00466228 0.00376464 0.00301679 0.0024018 0.00190141 0.00149783 0.00117476 0.000917782 0.000714508 0.000554496 0.00042908 0.000331159 0.000254968 0.00019587 0.000150161 0.000114899 8.77609e-05 6.69214e-05 5.09511e-05 3.87354e-05 2.94079e-05 2.22976e-05 1.68858e-05 1.27726e-05 9.65072e-06 7.28428e-06 5.49265e-06 4.13776e-06 3.11428e-06 2.34193e-06 1.75967e-06 1.32113e-06 9.9113e-07 7.43019e-07 5.56628e-07 4.16714e-07 3.11767e-07 2.33105e-07 1.74186e-07 1.30083e-07 9.70926e-08 7.24296e-08 5.40032e-08 4.02441e-08 2.99759e-08 2.2317e-08 1.66073e-08 1.23529e-08 9.1844e-09 6.82573e-09 5.07072e-09 3.76546e-09 2.79511e-09 2.07403e-09 1.53841e-09 1.14071e-09 8.45527e-10 6.26517e-10 4.64082e-10 3.4365e-10 2.54391e-10 1.88258e-10 1.39276e-10 1.03008e-10 7.61628e-11 5.6298e-11 4.1603e-11 3.07355e-11 2.27008e-11 1.67623e-11 1.23742e-11 9.13256e-12 6.73852e-12 4.9709e-12 3.66611e-12 2.7032e-12 1.99276e-12 1.46871e-12 1.08225e-12 7.9731e-13 5.8727e-13 4.32476e-13 3.1842e-13 2.34398e-13 1.72515e-13 1.26946e-13 9.33961e-14 6.87009e-14 5.05264e-14 3.71535e-14 2.73153e-14 2.00789e-14 1.47572e-14 1.08441e-14 7.96741e-15 5.85291e-15 4.29891e-15 3.15704e-15 2.31812e-15
0.0107464 0.00439599 0.00366191 0.00301679 0.0024625 0.0019944 0.00160447 0.00128326 0.00102109 0.000808788 0.000638018 0.00050146 0.000392819 0.000306783 0.000238926 0.000185602 0.00014384 0.00011123 8.58378e-05 6.61165e-05 5.08356e-05 3.90212e-05 2.99055e-05 2.28853e-05 1.74886e-05 1.33468e-05 1.01731e-05 7.74487e-06 5.88951e-06 4.47378e-06 3.39486e-06 2.57359e-06 1.94916e-06 1.4749e-06 1.11507e-06 8.42323e-07 6.35782e-07 4.79516e-07 3.61391e-07 2.7217e-07 2.04835e-07 1.54057e-07 1.15792e-07 8.6977e-08 6.52937e-08 4.89875e-08 3.67329e-08 2.75289e-08 2.06201e-08 1.54373e-08 1.15514e-08 8.63952e-09 6.45861e-09 4.82602e-09 3.60452e-09 2.69102e-09 2.00818e-09 1.49799e-09 1.11698e-09 8.32546e-10 6.20308e-10 4.62003e-10 3.43974e-10 2.56007e-10 1.90471e-10 1.41663e-10 1.05328e-10 7.82871e-11 5.81701e-11 4.32091e-11 3.20862e-11 2.38196e-11 1.76776e-11 1.31157e-11 9.72829e-12 7.21381e-12 5.34782e-12 3.96347e-12 2.93672e-12 2.17541e-12 1.61106e-12 1.19282e-12 8.82956e-13 6.53432e-13 4.83462e-13 3.57624e-13 2.64481e-13 1.95555e-13 1.44561e-13 1.06842e-13 7.89483e-14 5.83252e-14 4.30807e-14 3.18145e-14 2.349e-14 1.73404e-14 1.27984e-14 9.4443e-15 6.96798e-15 5.14005e-15 3.79098e-15
0.00773325 0.00336366 0.00286117 0.0024018 0.0019944 0.00164109 0.00133993 0.00108671 0.000876188 0.000702792 0.00056111 0.000446135 0.000353389 0.000278969 0.000219535 0.000172268 0.000134821 0.000105255 8.19862e-05 6.37256e-05 4.94338e-05 3.82758e-05 2.95844e-05 2.28288e-05 1.75884e-05 1.35309e-05 1.03949e-05 7.97508e-06 6.11083e-06 4.67673e-06 3.57507e-06 2.72991e-06 2.08236e-06 1.58682e-06 1.20803e-06 9.18806e-07 6.98207e-07 5.30117e-07 4.02162e-07 3.04849e-07 2.30906e-07 1.74768e-07 1.32184e-07 9.99072e-08 7.5461e-08 5.69596e-08 4.29674e-08 3.23926e-08 2.4406e-08 1.8378e-08 1.38312e-08 1.04036e-08 7.82138e-09 5.87704e-09 4.41386e-09 3.31336e-09 2.48607e-09 1.86448e-09 1.39769e-09 1.0473e-09 7.84418e-10 5.87278e-10 4.39505e-10 3.28785e-10 2.45862e-10 1.83784e-10 1.37329e-10 1.0258e-10 7.65961e-11 5.71744e-11 4.26628e-11 3.18239e-11 2.3731e-11 1.76905e-11 1.31835e-11 9.82171e-12 7.315e-12 5.44646e-12 4.05405e-12 3.01676e-12 2.24426e-12 1.66912e-12 1.24104e-12 9.22506e-13 6.85555e-13 5.09337e-13 3.78321e-13 2.80937e-13 2.08571e-13 1.5481e-13 1.14879e-13 8.52283e-14 6.32165e-14 4.68793e-14 3.47566e-14 2.57633e-14 1.9093e-14 1.41468e-14 1.04798e-14 7.76176e-15 5.74755e-15
0.00556496 0.00256464 0.00222531 0.00190141 0.00160447 0.00133993 0.00110921 0.00091131 0.00074381 0.000603593 0.000487295 0.000391597 0.000313387 0.000249852 0.000198513 0.000157225 0.000124162 9.77881e-05 7.68235e-05 6.02128e-05 4.70907e-05 3.6753e-05 2.86296e-05 2.22614e-05 1.72801e-05 1.33917e-05 1.03624e-05 8.00666e-06 6.1779e-06 4.76055e-06 3.66375e-06 2.81626e-06 2.16232e-06 1.65839e-06 1.27056e-06 9.72438e-07 7.43542e-07 5.6799e-07 4.33495e-07 3.30559e-07 2.51854e-07 1.91733e-07 1.45849e-07 1.10862e-07 8.42059e-08 6.39137e-08 4.84783e-08 3.67461e-08 2.78352e-08 2.10719e-08 1.59423e-08 1.20542e-08 9.10914e-09 6.87976e-09 5.19316e-09 3.91797e-09 2.95437e-09 2.22664e-09 1.67735e-09 1.26296e-09 9.50496e-10 7.15014e-10 5.37633e-10 4.04081e-10 3.03575e-10 2.27974e-10 1.7113e-10 1.28409e-10 9.63159e-11 7.22162e-11 5.41265e-11 4.05534e-11 3.03731e-11 2.27405e-11 1.70201e-11 1.27344e-11 9.52475e-12 7.12177e-12 5.32334e-12 3.97784e-12 2.97151e-12 2.2191e-12 1.65672e-12 1.23651e-12 9.22621e-13 6.88221e-13 5.13232e-13 3.82634e-13 2.85193e-13 2.12511e-13 1.58312e-13 1.17906e-13 8.77916e-14 6.53527e-14 4.86375e-14 3.6189e-14 2.69204e-14 2.00211e-14 1.48866e-14 1.10665e-14 8.22487e-15
0.00400463 0.00194924 0.00172377 0.00149783 0.00128326 0.00108671 0.00091131 0.000757853 0.000625682 0.000513285 0.000418712 0.000339846 0.000274586 0.000220947 0.000177121 0.0001415 0.000112686 8.94768e-05 7.08552e-05 5.59672e-05 4.4103e-05 3.4677e-05 2.72088e-05 2.13072e-05 1.66548e-05 1.29955e-05 1.01234e-05 7.87362e-06 6.11466e-06 4.74188e-06 3.6723e-06 2.84027e-06 2.19402e-06 1.6928e-06 1.30459e-06 1.0043e-06 7.72323e-07 5.93324e-07 4.55367e-07 3.49158e-07 2.67478e-07 2.04726e-07 1.56564e-07 1.19634e-07 9.13426e-08 6.96882e-08 5.31278e-08 4.04736e-08 3.0812e-08 2.34408e-08 1.78212e-08 1.35403e-08 1.02812e-08 7.80191e-09 5.91699e-09 4.48489e-09 3.39751e-09 2.57236e-09 1.94659e-09 1.47228e-09 1.11299e-09 8.40956e-10 6.3511e-10 4.79424e-10 3.61736e-10 2.72815e-10 2.05663e-10 1.54973e-10 1.16728e-10 8.78847e-11 6.61422e-11 4.97591e-11 3.74196e-11 2.81295e-11 2.1138e-11 1.58784e-11 1.19233e-11 8.95027e-12 6.71623e-12 5.03813e-12 3.77807e-12 2.83224e-12 2.12253e-12 1.59016e-12 1.19095e-12 8.91696e-13 6.67439e-13 4.99437e-13 3.73616e-13 2.79414e-13 2.08906e-13 1.56148e-13 1.16682e-13 8.71683e-14 6.5103e-14 4.86108e-14 3.62874e-14 2.70814e-14 2.02061e-14 1.50726e-14 1.12407e-14
0.0028818 0.00147733 0.00133047 0.00117476 0.00102109 0.000876188 0.00074381 0.000625682 0.00052217 0.000432781 0.000356509 0.000292081 0.000238127 0.00019328 0.000156246 0.000125842 0.00010101 8.08226e-05 6.44817e-05 5.1305e-05 4.07176e-05 3.22382e-05 2.54678e-05 2.0077e-05 1.5796e-05 1.24045e-05 9.72388e-06 7.6097e-06 5.94565e-06 4.63839e-06 3.61329e-06 2.81082e-06 2.18367e-06 1.69428e-06 1.31296e-06 1.01627e-06 7.85739e-07 6.06842e-07 4.68186e-07 3.60848e-07 2.77849e-07 2.1374e-07 1.64275e-07 1.26146e-07 9.67854e-08 7.41975e-08 5.6836e-08 4.35034e-08 3.32735e-08 2.54307e-08 1.94229e-08 1.48242e-08 1.13068e-08 8.61836e-09 6.56505e-09 4.99787e-09 3.80252e-09 2.89139e-09 2.19732e-09 1.66894e-09 1.26694e-09 9.61255e-10 7.28952e-10 5.52511e-10 4.18571e-10 3.16949e-10 2.39886e-10 1.81477e-10 1.37228e-10 1.03723e-10 7.83643e-11 5.91805e-11 4.46746e-11 3.37106e-11 2.54272e-11 1.91719e-11 1.44498e-11 1.08868e-11 8.19932e-12 6.17304e-12 4.64587e-12 3.49531e-12 2.62878e-12 1.97642e-12 1.48546e-12 1.1161e-12 8.38318e-13 6.29474e-13 4.72513e-13 3.54584e-13 2.66009e-13 1.99502e-13 1.4958e-13 1.12119e-13 8.40158e-14 6.29398e-14 4.71383e-14 3.52945e-14 2.64197e-14 1.97714e-14 1.47923e-14
0.00207378 0.0011168 0.0010236 0.000917782 0.000808788 0.000702792 0.000603593 0.000513285 0.000432781 0.000362198 0.000301142 0.000248919 0.000204675 0.000167498 0.000136484 0.000110773 8.95803e-05 7.21993e-05 5.801e-05 4.64747e-05 3.71327e-05 2.95937e-05 2.35294e-05 1.8666e-05 1.47766e-05 1.16744e-05 9.20604e-06 7.24658e-06 5.69447e-06 4.46754e-06 3.49954e-06 2.73723e-06 2.13795e-06 1.66762e-06 1.29907e-06 1.01071e-06 7.85413e-07 6.09636e-07 4.72674e-07 3.66091e-07 2.83249e-07 2.18935e-07 1.69062e-07 1.30428e-07 1.00533e-07 7.74219e-08 5.95737e-08 4.58026e-08 3.51869e-08 2.70108e-08 2.0719e-08 1.58813e-08 1.21645e-08 9.31119e-09 7.12239e-09 5.44456e-09 4.15935e-09 3.17555e-09 2.42298e-09 1.84768e-09 1.40817e-09 1.0726e-09 8.16554e-10 6.21298e-10 4.72485e-10 3.59133e-10 2.72838e-10 2.07178e-10 1.57244e-10 1.1929e-10 9.04551e-11 6.85596e-11 5.19414e-11 3.93343e-11 2.97747e-11 2.25291e-11 1.70397e-11 1.28828e-11 9.7362e-12 7.35533e-12 5.55458e-12 4.19316e-12 3.16427e-12 2.387e-12 1.80003e-12 1.35693e-12 1.02256e-12 7.7033e-13 5.80128e-13 4.36749e-13 3.28702e-13 2.47308e-13 1.86013e-13 1.39868e-13 1.05139e-13 7.90103e-14 5.93581e-14 4.45814e-14 3.3474e-14 2.51271e-14 1.88565e-14
0.00149233 0.00084231 0.000785213 0.000714508 0.000638018 0.00056111 0.000487295 0.000418712 0.000356509 0.000301142 0.000252599 0.000210566 0.00017455 0.000143967 0.000118199 9.66377e-05 7.87059e-05 6.3874e-05 5.16668e-05 4.16648e-05 3.35031e-05 2.68683e-05 2.14934e-05 1.71531e-05 1.36588e-05 1.08535e-05 8.60714e-06 6.8128e-06 5.38284e-06 4.24573e-06 3.34336e-06 2.62867e-06 2.06368e-06 1.6178e-06 1.26653e-06 9.9022e-07 7.73215e-07 6.03033e-07 4.69757e-07 3.65524e-07 2.8411e-07 2.20597e-07 1.71109e-07 1.32593e-07 1.02649e-07 7.93948e-08 6.13539e-08 4.73715e-08 3.6545e-08 2.817e-08 2.16971e-08 1.66988e-08 1.28423e-08 9.86934e-09 7.57924e-09 5.81654e-09 4.4608e-09 3.41883e-09 2.61859e-09 2.00441e-09 1.53336e-09 1.17231e-09 8.95762e-10 6.84065e-10 5.22111e-10 3.98286e-10 3.03668e-10 2.31408e-10 1.76254e-10 1.3418e-10 1.021e-10 7.76526e-11 5.90319e-11 4.48561e-11 3.40692e-11 2.58651e-11 1.96282e-11 1.48889e-11 1.12894e-11 8.55656e-12 6.48272e-12 4.90961e-12 3.71681e-12 2.81275e-12 2.1278e-12 1.60907e-12 1.21636e-12 9.19181e-13 6.94366e-13 5.2436e-13 3.95846e-13 2.98732e-13 2.2537e-13 1.69971e-13 1.28149e-13 9.65885e-14 7.27786e-14 5.48217e-14 4.12833e-14 3.10793e-14 2.33908e-14
0.0010739 0.000633946 0.000600756 0.000554496 0.00050146 0.000446135 0.000391597 0.000339846 0.000292081 0.000248919 0.000210566 0.000176952 0.000147829 0.000122843 0.000101588 8.36395e-05 6.85834e-05 5.60274e-05 4.56116e-05 3.70127e-05 2.99447e-05 2.41583e-05 1.94386e-05 1.56022e-05 1.24936e-05 9.98228e-06 7.95903e-06 6.33324e-06 5.03003e-06 3.9878e-06 3.15609e-06 2.49375e-06 1.96733e-06 1.5497e-06 1.21897e-06 9.57503e-07 7.5112e-07 5.8847e-07 4.60475e-07 3.59893e-07 2.80959e-07 2.19097e-07 1.70673e-07 1.32815e-07 1.03252e-07 8.01913e-08 6.22231e-08 4.82373e-08 3.73622e-08 2.89142e-08 2.23579e-08 1.72743e-08 1.33361e-08 1.0288e-08 7.9306e-09 6.109e-09 4.7025e-09 3.61735e-09 2.78075e-09 2.13624e-09 1.64007e-09 1.25836e-09 9.64907e-10 7.39449e-10 5.66344e-10 4.33518e-10 3.3166e-10 2.53598e-10 1.93806e-10 1.48035e-10 1.13017e-10 8.62391e-11 6.57741e-11 5.01416e-11 3.82067e-11 2.90992e-11 2.21528e-11 1.68572e-11 1.28219e-11 9.74849e-12 7.40868e-12 5.62817e-12 4.27385e-12 3.24415e-12 2.46158e-12 1.86707e-12 1.41562e-12 1.07293e-12 8.12909e-13 6.15683e-13 4.66144e-13 3.52805e-13 2.66933e-13 2.01895e-13 1.52653e-13 1.15384e-13 8.71867e-14 6.58594e-14 4.97338e-14 3.75452e-14 2.83353e-14
0.000772796 0.000476207 0.000458526 0.00042908 0.000392819 0.000353389 0.000313387 0.000274586 0.000238127 0.000204675 0.00017455 0.000147829 0.000124424 0.000104139 8.67189e-05 7.18786e-05 5.93247e-05 4.87714e-05 3.99499e-05 3.26135e-05 2.65406e-05 2.15349e-05 1.74251e-05 1.40629e-05 1.13217e-05 9.09367e-06 7.2881e-06 5.82888e-06 4.6526e-06 3.7067e-06 2.94781e-06 2.34027e-06 1.8549e-06 1.46789e-06 1.15988e-06 9.15171e-07 7.21091e-07 5.67411e-07 4.45911e-07 3.49993e-07 2.7438e-07 2.14855e-07 1.68056e-07 1.31309e-07 1.0249e-07 7.99161e-08 6.2253e-08 4.84479e-08 3.76696e-08 2.9263e-08 2.27129e-08 1.7614e-08 1.36487e-08 1.05676e-08 8.17569e-09 6.32042e-09 4.88257e-09 3.76912e-09 2.90756e-09 2.24141e-09 1.72673e-09 1.32938e-09 1.02281e-09 7.86456e-10 6.04353e-10 4.64141e-10 3.56253e-10 2.73289e-10 2.0953e-10 1.60559e-10 1.22968e-10 9.41291e-11 7.20171e-11 5.5072e-11 4.20934e-11 3.2158e-11 2.45562e-11 1.87427e-11 1.42991e-11 1.09041e-11 8.31161e-12 6.33277e-12 4.82303e-12 3.6717e-12 2.79408e-12 2.12539e-12 1.6161e-12 1.22837e-12 9.33314e-13 7.08867e-13 5.38199e-13 4.08475e-13 3.09909e-13 2.35046e-13 1.78205e-13 1.35065e-13 1.02335e-13 7.75102e-14 5.86889e-14 4.44238e-14 3.36155e-14
0.000556116 0.000357086 0.000349197 0.000331159 0.000306783 0.000278969 0.000249852 0.000220947 0.00019328 0.000167498 0.000143967 0.000122843 0.000104139 8.77658e-05 7.35745e-05 6.13791e-05 5.09775e-05 4.21652e-05 3.4744e-05 2.8528e-05 2.33471e-05 1.90484e-05 1.54963e-05 1.25725e-05 1.01742e-05 8.21353e-06 6.61553e-06 5.31687e-06 4.26433e-06 3.41344e-06 2.72722e-06 2.17506e-06 1.73173e-06 1.3765e-06 1.09243e-06 8.65673e-07 6.84995e-07 5.41273e-07 4.27133e-07 3.36628e-07 2.64969e-07 2.08315e-07 1.63584e-07 1.28314e-07 1.00539e-07 7.86937e-08 6.15323e-08 4.80659e-08 3.75108e-08 2.92463e-08 2.27821e-08 1.77311e-08 1.37882e-08 1.07132e-08 8.31728e-09 6.4521e-09 5.00137e-09 3.87394e-09 2.99847e-09 2.31921e-09 1.79258e-09 1.3846e-09 1.06877e-09 8.24447e-10 6.35577e-10 4.89674e-10 3.77037e-10 2.90138e-10 2.23139e-10 1.71515e-10 1.31761e-10 1.01167e-10 7.76355e-11 5.95465e-11 4.5649e-11 3.49775e-11 2.67877e-11 2.05056e-11 1.56894e-11 1.19988e-11 9.1722e-12 7.00835e-12 5.35264e-12 4.08634e-12 3.11829e-12 2.37859e-12 1.81362e-12 1.38228e-12 1.05312e-12 8.02032e-13 6.10575e-13 4.64648e-13 3.53467e-13 2.68792e-13 2.04328e-13 1.5527e-13 1.1795e-13 8.95696e-14 6.7995e-14 5.16e-14 3.91454e-14
0.00040019 0.000267327 0.000265398 0.000254968 0.000238926 0.000219535 0.000198513 0.000177121 0.000156246 0.000136484 0.000118199 0.000101588 8.67189e-05 7.35745e-05 6.20768e-05 5.21114e-05 4.35431e-05 3.62284e-05 3.00234e-05 2.47898e-05 2.03985e-05 1.67314e-05 1.36824e-05 1.11574e-05 9.07423e-06 7.36144e-06 5.95774e-06 4.81083e-06 3.87637e-06 3.11705e-06 2.50159e-06 2.00393e-06 1.60242e-06 1.27917e-06 1.01947e-06 8.11226e-07 6.44548e-07 5.11376e-07 4.05155e-07 3.20568e-07 2.53313e-07 1.99918e-07 1.57588e-07 1.24076e-07 9.75807e-08 7.66593e-08 6.01599e-08 4.71632e-08 3.69376e-08 2.89011e-08 2.25919e-08 1.76439e-08 1.37674e-08 1.07334e-08 8.36098e-09 6.50763e-09 5.06108e-09 3.93302e-09 3.05409e-09 2.36983e-09 1.83756e-09 1.42383e-09 1.1025e-09 8.53121e-10 6.59715e-10 5.0983e-10 3.93751e-10 3.03915e-10 2.34436e-10 1.80734e-10 1.39254e-10 1.07234e-10 8.25309e-11 6.34844e-11 4.88077e-11 3.75046e-11 2.88044e-11 2.21115e-11 1.69654e-11 1.30108e-11 9.97325e-12 7.64134e-12 5.85201e-12 4.47968e-12 3.42766e-12 2.62158e-12 2.00421e-12 1.53159e-12 1.16995e-12 8.93333e-13 6.8185e-13 5.20231e-13 3.96768e-13 3.02492e-13 2.30531e-13 1.75625e-13 1.33748e-13 1.01821e-13 7.74877e-14 5.89495e-14 4.48312e-14
0.000287983 0.000199829 0.000201332 0.00019587 0.000185602 0.000172268 0.000157225 0.0001415 0.000125842 0.000110773 9.66377e-05 8.36395e-05 7.18786e-05 6.13791e-05 5.21114e-05 4.40108e-05 3.69905e-05 3.09521e-05 2.57932e-05 2.14123e-05 1.77123e-05 1.4603e-05 1.20021e-05 9.8355e-06 8.03779e-06 6.55155e-06 5.32695e-06 4.32112e-06 3.49741e-06 2.82473e-06 2.27683e-06 1.83167e-06 1.47084e-06 1.179e-06 9.43477e-07 7.53777e-07 6.01282e-07 4.78919e-07 3.80908e-07 3.02534e-07 2.39964e-07 1.90089e-07 1.50392e-07 1.18841e-07 9.38002e-08 7.39518e-08 5.82395e-08 4.58168e-08 3.60068e-08 2.8269e-08 2.21725e-08 1.73743e-08 1.3602e-08 1.06393e-08 8.31461e-09 6.4924e-09 5.06537e-09 3.94882e-09 3.07599e-09 2.39425e-09 1.86223e-09 1.44737e-09 1.12413e-09 8.72475e-10 6.76699e-10 5.24505e-10 4.06278e-10 3.145e-10 2.43304e-10 1.88111e-10 1.45352e-10 1.12247e-10 8.66329e-11 6.68262e-11 5.15197e-11 3.96978e-11 3.05725e-11 2.35327e-11 1.81047e-11 1.39218e-11 1.07001e-11 8.22e-12 6.31178e-12 4.8443e-12 3.71632e-12 2.84971e-12 2.18423e-12 1.67344e-12 1.28155e-12 9.81027e-13 7.50669e-13 5.7417e-13 4.38996e-13 3.35514e-13 2.56327e-13 1.95755e-13 1.49442e-13 1.14043e-13 8.69984e-14 6.63435e-14 5.05747e-14
0.000207237 0.000149166 0.000152466 0.000150161 0.00014384 0.000134821 0.000124162 0.000112686 0.00010101 8.95803e-05 7.87059e-05 6.85834e-05 5.93247e-05 5.09775e-05 4.35431e-05 3.69905e-05 3.1267e-05 2.63077e-05 2.20409e-05 1.83933e-05 1.52928e-05 1.26713e-05 1.04653e-05 8.6172e-06 7.07518e-06 5.79343e-06 4.73178e-06 3.85532e-06 3.13398e-06 2.54203e-06 2.05758e-06 1.66214e-06 1.34015e-06 1.07856e-06 8.66513e-07 6.9499e-07 5.56521e-07 4.44951e-07 3.55218e-07 2.83174e-07 2.2543e-07 1.7922e-07 1.42299e-07 1.12843e-07 8.93766e-08 7.07073e-08 5.58744e-08 4.41046e-08 3.47771e-08 2.73938e-08 2.15564e-08 1.69464e-08 1.33096e-08 1.04437e-08 8.18749e-09 6.41311e-09 5.019e-09 3.92468e-09 3.06649e-09 2.39406e-09 1.86765e-09 1.45589e-09 1.13407e-09 8.82764e-10 6.86662e-10 5.33758e-10 4.14624e-10 3.2187e-10 2.49705e-10 1.93599e-10 1.50007e-10 1.1616e-10 8.98979e-11 6.95328e-11 5.37507e-11 4.15277e-11 3.20667e-11 2.4748e-11 1.90896e-11 1.47174e-11 1.13409e-11 8.7347e-12 6.72414e-12 5.17391e-12 3.9792e-12 3.05896e-12 2.35047e-12 1.80527e-12 1.38592e-12 1.06352e-12 8.15779e-13 6.25485e-13 4.79384e-13 3.67261e-13 2.8125e-13 2.15299e-13 1.64749e-13 1.2602e-13 9.63595e-14 7.36528e-14 5.62765e-14
0.000149131 0.000111204 0.000115275 0.000114899 0.00011123 0.000105255 9.77881e-05 8.94768e-05 8.08226e-05 7.21993e-05 6.3874e-05 5.60274e-05 4.87714e-05 4.21652e-05 3.62284e-05 3.09521e-05 2.63077e-05 2.2254e-05 1.87421e-05 1.57201e-05 1.31352e-05 1.09364e-05 9.07532e-06 7.50738e-06 6.19201e-06 5.09289e-06 4.17783e-06 3.41861e-06 2.79072e-06 2.273e-06 1.84734e-06 1.49831e-06 1.21283e-06 9.799e-07 7.90277e-07 6.36246e-07 5.11386e-07 4.10372e-07 3.28805e-07 2.6306e-07 2.1016e-07 1.67667e-07 1.33587e-07 1.06298e-07 8.44773e-08 6.70553e-08 5.3164e-08 4.21028e-08 3.33063e-08 2.63196e-08 2.0777e-08 1.63851e-08 1.29089e-08 1.01605e-08 7.98989e-09 6.27732e-09 4.9275e-09 3.86462e-09 3.02848e-09 2.37131e-09 1.85527e-09 1.45041e-09 1.13303e-09 8.84455e-10 6.89913e-10 5.37781e-10 4.18907e-10 3.26089e-10 2.53669e-10 1.97204e-10 1.53211e-10 1.18959e-10 9.23076e-11 7.15846e-11 5.54815e-11 4.29763e-11 3.32709e-11 2.57432e-11 1.99079e-11 1.53871e-11 1.18867e-11 9.17798e-12 7.08294e-12 5.46343e-12 4.21219e-12 3.24596e-12 2.5002e-12 1.9249e-12 1.4813e-12 1.13943e-12 8.76071e-13 6.73295e-13 5.17235e-13 3.97182e-13 3.04869e-13 2.33917e-13 1.79406e-13 1.37545e-13 1.0541e-13 8.07525e-14 6.18397e-14
0.000107317 8.28027e-05 8.70257e-05 8.77609e-05 8.58378e-05 8.19862e-05 7.68235e-05 7.08552e-05 6.44817e-05 5.801e-05 5.16668e-05 4.56116e-05 3.99499e-05 3.4744e-05 3.00234e-05 2.57932e-05 2.20409e-05 1.87421e-05 1.58648e-05 1.33726e-05 1.12278e-05 9.39241e-06 7.83007e-06 6.50655e-06 5.3903e-06 4.45273e-06 3.66824e-06 3.01418e-06 2.47068e-06 2.02046e-06 1.64862e-06 1.34236e-06 1.09078e-06 8.84632e-07 7.16112e-07 5.78661e-07 4.66792e-07 3.7593e-07 3.02275e-07 2.4268e-07 1.94548e-07 1.55741e-07 1.24503e-07 9.93993e-08 7.92553e-08 6.31152e-08 5.02014e-08 3.98834e-08 3.16502e-08 2.5089e-08 1.98668e-08 1.57152e-08 1.24187e-08 9.80408e-09 7.73255e-09 6.09306e-09 4.79684e-09 3.77305e-09 2.96521e-09 2.32839e-09 1.82684e-09 1.43218e-09 1.12191e-09 8.78182e-10 6.86894e-10 5.36882e-10 4.19333e-10 3.27293e-10 2.55281e-10 1.98981e-10 1.54996e-10 1.20657e-10 9.38667e-11 7.29802e-11 5.6707e-11 4.40365e-11 3.41773e-11 2.65104e-11 2.0552e-11 1.59241e-11 1.23316e-11 9.54463e-12 7.38369e-12 5.70909e-12 4.41208e-12 3.40807e-12 2.63125e-12 2.03054e-12 1.56624e-12 1.20756e-12 9.30594e-13 7.16837e-13 5.5194e-13 4.24792e-13 3.26797e-13 2.51304e-13 1.93171e-13 1.48426e-13 1.14e-13 8.75251e-14 6.71725e-14
7.72268e-05 6.15858e-05 6.56069e-05 6.69214e-05 6.61165e-05 6.37256e-05 6.02128e-05 5.59672e-05 5.1305e-05 4.64747e-05 4.16648e-05 3.70127e-05 3.26135e-05 2.8528e-05 2.47898e-05 2.14123e-05 1.83933e-05 1.57201e-05 1.33726e-05 1.13264e-05 9.55455e-06 8.02946e-06 6.72395e-06 5.612e-06 4.66927e-06 3.87342e-06 3.20424e-06 2.64364e-06 2.17562e-06 1.78617e-06 1.46309e-06 1.19583e-06 9.75356e-07 7.93944e-07 6.45039e-07 5.23101e-07 4.23467e-07 3.4223e-07 2.76127e-07 2.22442e-07 1.78923e-07 1.43708e-07 1.15261e-07 9.23194e-08 7.38464e-08 5.89943e-08 4.7071e-08 3.75125e-08 2.98602e-08 2.37421e-08 1.88569e-08 1.49609e-08 1.18575e-08 9.38844e-09 7.4262e-09 5.86848e-09 4.63319e-09 3.65461e-09 2.88017e-09 2.26789e-09 1.78427e-09 1.40262e-09 1.10173e-09 8.64703e-10 6.78153e-10 5.31451e-10 4.1618e-10 3.25678e-10 2.54678e-10 1.9902e-10 1.55422e-10 1.21294e-10 9.45998e-11 7.37336e-11 5.74345e-11 4.47112e-11 3.47858e-11 2.70479e-11 2.10193e-11 1.63252e-11 1.26724e-11 9.83159e-12 7.62357e-12 5.90835e-12 4.57669e-12 3.54339e-12 2.74202e-12 2.12085e-12 1.63962e-12 1.26698e-12 9.7858e-13 7.55483e-13 5.82987e-13 4.49678e-13 3.46701e-13 2.67192e-13 2.05831e-13 1.58495e-13 1.21996e-13 9.38638e-14 7.21905e-14
5.55736e-05 4.57571e-05 4.93948e-05 5.09511e-05 5.08356e-05 4.94338e-05 4.70907e-05 4.4103e-05 4.07176e-05 3.71327e-05 3.35031e-05 2.99447e-05 2.65406e-05 2.33471e-05 2.03985e-05 1.77123e-05 1.52928e-05 1.31352e-05 1.12278e-05 9.55455e-06 8.09691e-06 6.83503e-06 5.74884e-06 4.81875e-06 4.02614e-06 3.35369e-06 2.78552e-06 2.30731e-06 1.90625e-06 1.57102e-06 1.29171e-06 1.05968e-06 8.6747e-07 7.08669e-07 5.77802e-07 4.70215e-07 3.81968e-07 3.09744e-07 2.50756e-07 2.02674e-07 1.63557e-07 1.31792e-07 1.06043e-07 8.52044e-08 6.83683e-08 5.4787e-08 4.38479e-08 3.50497e-08 2.79835e-08 2.23159e-08 1.77762e-08 1.41445e-08 1.12428e-08 8.92711e-09 7.08127e-09 5.61158e-09 4.44267e-09 3.51398e-09 2.7769e-09 2.19249e-09 1.72957e-09 1.36325e-09 1.07363e-09 8.44855e-10 6.64309e-10 5.21944e-10 4.09781e-10 3.21485e-10 2.52034e-10 1.97447e-10 1.54576e-10 1.20932e-10 9.45482e-11 7.38727e-11 5.76819e-11 4.50116e-11 3.5103e-11 2.73592e-11 2.13112e-11 1.65906e-11 1.29084e-11 1.00378e-11 7.80135e-12 6.05993e-12 4.70475e-12 3.65074e-12 2.83142e-12 2.19488e-12 1.7006e-12 1.317e-12 1.01944e-12 7.88745e-13 6.09972e-13 4.71506e-13 3.64309e-13 2.8136e-13 2.17204e-13 1.67606e-13 1.29279e-13 9.9675e-14 7.6819e-14
3.99916e-05 3.3963e-05 3.7143e-05 3.87354e-05 3.90212e-05 3.82758e-05 3.6753e-05 3.4677e-05 3.22382e-05 2.95937e-05 2.68683e-05 2.41583e-05 2.15349e-05 1.90484e-05 1.67314e-05 1.4603e-05 1.26713e-05 1.09364e-05 9.39241e-06 8.02946e-06 6.83503e-06 5.7951e-06 4.89506e-06 4.12031e-06 3.45673e-06 2.89098e-06 2.41069e-06 2.00457e-06 1.66245e-06 1.37523e-06 1.1349e-06 9.34414e-07 7.67657e-07 6.29334e-07 5.14897e-07 4.20455e-07 3.42699e-07 2.78824e-07 2.26466e-07 1.83635e-07 1.48667e-07 1.20173e-07 9.69959e-08 7.81763e-08 6.29206e-08 5.05739e-08 4.05969e-08 3.25471e-08 2.60614e-08 2.08434e-08 1.66508e-08 1.32867e-08 1.05907e-08 8.43275e-09 6.70759e-09 5.33e-09 4.23119e-09 3.35571e-09 2.65889e-09 2.10486e-09 1.6648e-09 1.3156e-09 1.03878e-09 8.19521e-10 6.46024e-10 5.08857e-10 4.00505e-10 3.14987e-10 2.47547e-10 1.94406e-10 1.52565e-10 1.19646e-10 9.37666e-11 7.34362e-11 5.74763e-11 4.49563e-11 3.51415e-11 2.74527e-11 2.14332e-11 1.67237e-11 1.30414e-11 1.01641e-11 7.91723e-12 6.16364e-12 4.79586e-12 3.72963e-12 2.89894e-12 2.25211e-12 1.74872e-12 1.35718e-12 1.05279e-12 8.16275e-13 6.32598e-13 4.90024e-13 3.79409e-13 2.93632e-13 2.27147e-13 1.75639e-13 1.35752e-13 1.0488e-13 8.0994e-14
2.87786e-05 2.51855e-05 2.78978e-05 2.94079e-05 2.99055e-05 2.95844e-05 2.86296e-05 2.72088e-05 2.54678e-05 2.35294e-05 2.14934e-05 1.94386e-05 1.74251e-05 1.54963e-05 1.36824e-05 1.20021e-05 1.04653e-05 9.07532e-06 7.83007e-06 6.72395e-06 5.74884e-06 4.89506e-06 4.15213e-06 3.5093e-06 2.95595e-06 2.48189e-06 2.07756e-06 1.73412e-06 1.44351e-06 1.1985e-06 9.92614e-07 8.20163e-07 6.76147e-07 5.5622e-07 4.56621e-07 3.74114e-07 3.05933e-07 2.4972e-07 2.03478e-07 1.65518e-07 1.3442e-07 1.08992e-07 8.82401e-08 7.13342e-08 5.75852e-08 4.64221e-08 3.73731e-08 3.00491e-08 2.41301e-08 1.93534e-08 1.55039e-08 1.24058e-08 9.91575e-09 7.91686e-09 6.31424e-09 5.03086e-09 4.00431e-09 3.18411e-09 2.52951e-09 2.00761e-09 1.59195e-09 1.26123e-09 9.98351e-10 7.89599e-10 6.23981e-10 4.92703e-10 3.88738e-10 3.06474e-10 2.41437e-10 1.9006e-10 1.49508e-10 1.17525e-10 9.232e-11 7.24712e-11 5.68519e-11 4.45698e-11 3.49188e-11 2.73403e-11 2.13934e-11 1.67299e-11 1.30752e-11 1.0213e-11 7.97269e-12 6.22034e-12 4.85046e-12 3.78021e-12 2.94453e-12 2.2924e-12 1.78377e-12 1.38729e-12 1.0784e-12 8.37869e-13 6.50675e-13 5.05063e-13 3.91854e-13 3.0388e-13 2.3555e-13 1.82503e-13 1.4134e-13 1.09414e-13 8.46635e-14
2.07095e-05 1.86601e-05 2.09308e-05 2.22976e-05 2.28853e-05 2.28288e-05 2.22614e-05 2.13072e-05 2.0077e-05 1.8666e-05 1.71531e-05 1.56022e-05 1.40629e-05 1.25725e-05 1.11574e-05 9.8355e-06 8.6172e-06 7.50738e-06 6.50655e-06 5.612e-06 4.81875e-06 4.12031e-06 3.5093e-06 2.97789e-06 2.51819e-06 2.12249e-06 1.78343e-06 1.49414e-06 1.24828e-06 1.04012e-06 8.64481e-07 7.16769e-07 5.92929e-07 4.89404e-07 4.03101e-07 3.31345e-07 2.71832e-07 2.22592e-07 1.81943e-07 1.48459e-07 1.20935e-07 9.83551e-08 7.98665e-08 6.47557e-08 5.24274e-08 4.23864e-08 3.42216e-08 2.75931e-08 2.22199e-08 1.78707e-08 1.43554e-08 1.1518e-08 9.23094e-09 7.38975e-09 5.9094e-09 4.72063e-09 3.76713e-09 3.00322e-09 2.39188e-09 1.90318e-09 1.51292e-09 1.2016e-09 9.53497e-10 7.55968e-10 5.98854e-10 4.74002e-10 3.74878e-10 2.96248e-10 2.3393e-10 1.84582e-10 1.45536e-10 1.14666e-10 9.02803e-11 7.10311e-11 5.5848e-11 4.3881e-11 3.44557e-11 2.70375e-11 2.1203e-11 1.66172e-11 1.30153e-11 1.01881e-11 7.97036e-12 6.23177e-12 4.86967e-12 3.80317e-12 2.96862e-12 2.31596e-12 1.80583e-12 1.40734e-12 1.09622e-12 8.53451e-13 6.64117e-13 5.16535e-13 4.01556e-13 3.12024e-13 2.42342e-13 1.88135e-13 1.45988e-13 1.13232e-13 8.77879e-14
1.49029e-05 1.3814e-05 1.56875e-05 1.68858e-05 1.74886e-05 1.75884e-05 1.72801e-05 1.66548e-05 1.5796e-05 1.47766e-05 1.36588e-05 1.24936e-05 1.13217e-05 1.01742e-05 9.07423e-06 8.03779e-06 7.07518e-06 6.19201e-06 5.3903e-06 4.66927e-06 4.02614e-06 3.45673e-06 2.95595e-06 2.51819e-06 2.13766e-06 1.80855e-06 1.52527e-06 1.2825e-06 1.0753e-06 8.99129e-07 7.49879e-07 6.23863e-07 5.17801e-07 4.28802e-07 3.54334e-07 2.92191e-07 2.40468e-07 1.97523e-07 1.61949e-07 1.32546e-07 1.08296e-07 8.83371e-08 7.19417e-08 5.84992e-08 4.74976e-08 3.85094e-08 3.11786e-08 2.52091e-08 2.03558e-08 1.64159e-08 1.32222e-08 1.06371e-08 8.54737e-09 6.86039e-09 5.50028e-09 4.40507e-09 3.52424e-09 2.81666e-09 2.2489e-09 1.79384e-09 1.42951e-09 1.13811e-09 9.05301e-10 7.19477e-10 5.71302e-10 4.53261e-10 3.59313e-10 2.84608e-10 2.25257e-10 1.78145e-10 1.4078e-10 1.1117e-10 8.77238e-11 6.91734e-11 5.45077e-11 4.29219e-11 3.37762e-11 2.65617e-11 2.08747e-11 1.6395e-11 1.28686e-11 1.00945e-11 7.91373e-12 6.20041e-12 4.85522e-12 3.79971e-12 2.972e-12 2.32332e-12 1.81525e-12 1.41753e-12 1.10637e-12 8.63069e-13 6.72933e-13 5.24423e-13 4.08488e-13 3.1803e-13 2.47485e-13 1.92499e-13 1.49661e-13 1.16303e-13 9.03398e-14
1.07243e-05 1.02184e-05 1.17462e-05 1.27726e-05 1.33468e-05 1.35309e-05 1.33917e-05 1.29955e-05 1.24045e-05 1.16744e-05 1.08535e-05 9.98228e-06 9.09367e-06 8.21353e-06 7.36144e-06 6.55155e-06 5.79343e-06 5.09289e-06 4.45273e-06 3.87342e-06 3.35369e-06 2.89098e-06 2.48189e-06 2.12249e-06 1.80855e-06 1.53578e-06 1.29993e-06 1.09692e-06 9.2292e-07 7.74371e-07 6.48017e-07 5.40915e-07 4.50428e-07 3.74214e-07 3.10211e-07 2.5661e-07 2.11839e-07 1.74538e-07 1.43535e-07 1.17825e-07 9.65519e-08 7.89861e-08 6.45109e-08 5.26057e-08 4.28323e-08 3.48234e-08 2.82716e-08 2.29208e-08 1.85578e-08 1.50057e-08 1.21182e-08 9.77436e-09 7.87443e-09 6.33644e-09 5.09309e-09 4.08921e-09 3.27969e-09 2.62768e-09 2.10315e-09 1.68165e-09 1.34333e-09 1.07206e-09 8.54775e-10 6.80918e-10 5.41944e-10 4.30964e-10 3.42422e-10 2.71846e-10 2.15643e-10 1.70925e-10 1.35375e-10 1.07138e-10 8.47284e-11 6.69572e-11 5.28757e-11 4.17265e-11 3.29057e-11 2.59321e-11 2.0423e-11 1.60738e-11 1.26428e-11 9.93799e-12 7.80705e-12 6.12935e-12 4.80933e-12 3.77141e-12 2.9558e-12 2.31528e-12 1.81255e-12 1.41822e-12 1.10909e-12 8.66879e-13 6.77217e-13 5.28782e-13 4.12675e-13 3.21904e-13 2.50977e-13 1.95584e-13 1.52345e-13 1.18611e-13 9.23041e-14
7.7174e-06 7.55317e-06 8.78696e-06 9.65072e-06 1.01731e-05 1.03949e-05 1.03624e-05 1.01234e-05 9.72388e-06 9.20604e-06 8.60714e-06 7.95903e-06 7.2881e-06 6.61553e-06 5.95774e-06 5.32695e-06 4.73178e-06 4.17783e-06 3.66824e-06 3.20424e-06 2.78552e-06 2.41069e-06 2.07756e-06 1.78343e-06 1.52527e-06 1.29993e-06 1.10421e-06 9.35028e-07 7.89411e-07 6.64588e-07 5.57995e-07 4.67293e-07 3.90374e-07 3.2535e-07 2.70547e-07 2.24489e-07 1.85885e-07 1.53614e-07 1.26701e-07 1.0431e-07 8.57235e-08 7.03276e-08 5.7601e-08 4.71017e-08 3.84565e-08 3.13508e-08 2.55209e-08 2.07458e-08 1.68411e-08 1.36532e-08 1.10545e-08 8.93917e-09 7.21983e-09 5.82429e-09 4.69308e-09 3.77733e-09 3.03695e-09 2.43909e-09 1.95689e-09 1.56844e-09 1.25585e-09 1.00459e-09 8.02842e-10 6.41021e-10 5.11357e-10 4.07563e-10 3.24558e-10 2.5824e-10 2.05304e-10 1.63089e-10 1.29451e-10 1.02672e-10 8.13716e-11 6.44422e-11 5.09979e-11 4.03296e-11 3.18708e-11 2.5169e-11 1.9863e-11 1.56653e-11 1.23467e-11 9.72492e-12 7.6551e-12 6.02212e-12 4.73463e-12 3.7202e-12 2.92141e-12 2.29283e-12 1.79848e-12 1.40994e-12 1.10473e-12 8.65132e-13 6.77141e-13 5.29725e-13 4.1419e-13 3.23692e-13 2.52842e-13 1.97403e-13 1.54046e-13 1.20156e-13 9.36772e-14
5.55356e-06 5.57918e-06 6.56745e-06 7.28428e-06 7.74487e-06 7.97508e-06 8.00666e-06 7.87362e-06 7.6097e-06 7.24658e-06 6.8128e-06 6.33324e-06 5.82888e-06 5.31687e-06 4.81083e-06 4.32112e-06 3.85532e-06 3.41861e-06 3.01418e-06 2.64364e-06 2.30731e-06 2.00457e-06 1.73412e-06 1.49414e-06 1.2825e-06 1.09692e-06 9.35028e-07 7.94484e-07 6.73017e-07 5.68477e-07 4.78855e-07 4.02305e-07 3.37145e-07 2.81862e-07 2.35103e-07 1.95669e-07 1.62504e-07 1.34687e-07 1.11413e-07 9.19869e-08 7.58101e-08 6.23686e-08 5.12235e-08 4.20012e-08 3.43848e-08 2.81064e-08 2.29403e-08 1.86968e-08 1.52171e-08 1.23682e-08 1.00394e-08 8.13876e-09 6.58973e-09 5.32908e-09 4.30454e-09 3.47299e-09 2.79896e-09 2.2533e-09 1.81209e-09 1.45577e-09 1.16834e-09 9.36737e-10 7.50324e-10 6.00444e-10 4.80063e-10 3.83473e-10 3.06049e-10 2.44048e-10 1.94444e-10 1.54795e-10 1.23132e-10 9.78687e-11 7.77287e-11 6.16866e-11 4.89191e-11 3.87659e-11 3.06982e-11 2.42925e-11 1.92103e-11 1.51812e-11 1.19891e-11 9.46215e-12 7.46303e-12 5.88259e-12 4.634e-12 3.64822e-12 2.87043e-12 2.25716e-12 1.77389e-12 1.3933e-12 1.09377e-12 8.58157e-13 6.72939e-13 5.27418e-13 4.1315e-13 3.23474e-13 2.53134e-13 1.97992e-13 1.54786e-13 1.2095e-13 9.44658e-14
3.99643e-06 4.11834e-06 4.90446e-06 5.49265e-06 5.88951e-06 6.11083e-06 6.1779e-06 6.11466e-06 5.94565e-06 5.69447e-06 5.38284e-06 5.03003e-06 4.6526e-06 4.26433e-06 3.87637e-06 3.49741e-06 3.13398e-06 2.79072e-06 2.47068e-06 2.17562e-06 1.90625e-06 1.66245e-06 1.44351e-06 1.24828e-06 1.0753e-06 9.2292e-07 7.89411e-07 6.73017e-07 5.7201e-07 4.84733e-07 4.09622e-07 3.45224e-07 2.90208e-07 2.43363e-07 2.03602e-07 1.69955e-07 1.41562e-07 1.17669e-07 9.76133e-08 8.08205e-08 6.67927e-08 5.51011e-08 4.53776e-08 3.73077e-08 3.06234e-08 2.50975e-08 2.05377e-08 1.67817e-08 1.36931e-08 1.11575e-08 9.0793e-09 7.37856e-09 5.98882e-09 4.85486e-09 3.9309e-09 3.17907e-09 2.56812e-09 2.07229e-09 1.67038e-09 1.34501e-09 1.0819e-09 8.69395e-10 6.97943e-10 5.59768e-10 4.48529e-10 3.59068e-10 2.87193e-10 2.29506e-10 1.83249e-10 1.46193e-10 1.16535e-10 9.28187e-11 7.38712e-11 5.87462e-11 4.66829e-11 3.70692e-11 2.9414e-11 2.33231e-11 1.84806e-11 1.46335e-11 1.15794e-11 9.15669e-12 7.23617e-12 5.71482e-12 4.5105e-12 3.55779e-12 2.80461e-12 2.20957e-12 1.73975e-12 1.36905e-12 1.07672e-12 8.46347e-13 6.64898e-13 5.22069e-13 4.09704e-13 3.21356e-13 2.5193e-13 1.97403e-13 1.546e-13 1.21019e-13 9.46863e-14
2.87589e-06 3.03809e-06 3.65965e-06 4.13776e-06 4.47378e-06 4.67673e-06 4.76055e-06 4.74188e-06 4.63839e-06 4.46754e-06 4.24573e-06 3.9878e-06 3.7067e-06 3.41344e-06 3.11705e-06 2.82473e-06 2.54203e-06 2.273e-06 2.02046e-06 1.78617e-06 1.57102e-06 1.37523e-06 1.1985e-06 1.04012e-06 8.99129e-07 7.74371e-07 6.64588e-07 5.68477e-07 4.84733e-07 4.12087e-07 3.4933e-07 2.95323e-07 2.49016e-07 2.09448e-07 1.75747e-07 1.47132e-07 1.22905e-07 1.02451e-07 8.52275e-08 7.07608e-08 5.8639e-08 4.85053e-08 4.00524e-08 3.30164e-08 2.71717e-08 2.23262e-08 1.83165e-08 1.50045e-08 1.22736e-08 1.00256e-08 8.17821e-09 6.66238e-09 5.42053e-09 4.40463e-09 3.57476e-09 2.89781e-09 2.34633e-09 1.89767e-09 1.53311e-09 1.23726e-09 9.97462e-10 8.03318e-10 6.46317e-10 5.19495e-10 4.17162e-10 3.34675e-10 2.68255e-10 2.14825e-10 1.71888e-10 1.37416e-10 1.09765e-10 8.76068e-11 6.98657e-11 5.56737e-11 4.43305e-11 3.52718e-11 2.80435e-11 2.22803e-11 1.7689e-11 1.4034e-11 1.11266e-11 8.81554e-12 6.97992e-12 5.52294e-12 4.36731e-12 3.45132e-12 2.72577e-12 2.15144e-12 1.69712e-12 1.33795e-12 1.05419e-12 8.30143e-13 6.53347e-13 5.13922e-13 4.04032e-13 3.17471e-13 2.49324e-13 1.95705e-13 1.53539e-13 1.20398e-13 9.43634e-14
2.06954e-06 2.23984e-06 2.72871e-06 3.11428e-06 3.39486e-06 3.57507e-06 3.66375e-06 3.6723e-06 3.61329e-06 3.49954e-06 3.34336e-06 3.15609e-06 2.94781e-06 2.72722e-06 2.50159e-06 2.27683e-06 2.05758e-06 1.84734e-06 1.64862e-06 1.46309e-06 1.29171e-06 1.1349e-06 9.92614e-07 8.64481e-07 7.49879e-07 6.48017e-07 5.57995e-07 4.78855e-07 4.09622e-07 3.4933e-07 2.97046e-07 2.51888e-07 2.1303e-07 1.79709e-07 1.51233e-07 1.26972e-07 1.06366e-07 8.89118e-08 7.41684e-08 6.17466e-08 5.13066e-08 4.25528e-08 3.52295e-08 2.91161e-08 2.40234e-08 1.97894e-08 1.6276e-08 1.33661e-08 1.09603e-08 8.97464e-09 7.33854e-09 5.99261e-09 4.88712e-09 3.98049e-09 3.23803e-09 2.63087e-09 2.13505e-09 1.73069e-09 1.40134e-09 1.13343e-09 9.15764e-10 7.39131e-10 5.95963e-10 4.80051e-10 3.86309e-10 3.10579e-10 2.49463e-10 2.00193e-10 1.60512e-10 1.28584e-10 1.0292e-10 8.231e-11 6.57735e-11 5.25174e-11 4.19002e-11 3.34038e-11 2.66103e-11 2.11827e-11 1.685e-11 1.3394e-11 1.06395e-11 8.4456e-12 6.69961e-12 5.31107e-12 4.20758e-12 3.33125e-12 2.63578e-12 2.08422e-12 1.64708e-12 1.30085e-12 1.0268e-12 8.1002e-13 6.38643e-13 5.03244e-13 3.96333e-13 3.11966e-13 2.45428e-13 1.9298e-13 1.51662e-13 1.19129e-13 9.35287e-14
1.48927e-06 1.65039e-06 2.03311e-06 2.34193e-06 2.57359e-06 2.72991e-06 2.81626e-06 2.84027e-06 2.81082e-06 2.73723e-06 2.62867e-06 2.49375e-06 2.34027e-06 2.17506e-06 2.00393e-06 1.83167e-06 1.66214e-06 1.49831e-06 1.34236e-06 1.19583e-06 1.05968e-06 9.34414e-07 8.20163e-07 7.16769e-07 6.23863e-07 5.40915e-07 4.67293e-07 4.02305e-07 3.45224e-07 2.95323e-07 2.51888e-07 2.14236e-07 1.81721e-07 1.53743e-07 1.29752e-07 1.09246e-07 9.17709e-08 7.6923e-08 6.43417e-08 5.37093e-08 4.47463e-08 3.72089e-08 3.08849e-08 2.55906e-08 2.11678e-08 1.74806e-08 1.44127e-08 1.18649e-08 9.75278e-09 8.00503e-09 6.56121e-09 5.37043e-09 4.3899e-09 3.58374e-09 2.92194e-09 2.37942e-09 1.93532e-09 1.57227e-09 1.27587e-09 1.0342e-09 8.37404e-10 6.77338e-10 5.47303e-10 4.41787e-10 3.56263e-10 2.87019e-10 2.31016e-10 1.85769e-10 1.4925e-10 1.19804e-10 9.60851e-11 7.69967e-11 6.16494e-11 4.93212e-11 3.94269e-11 3.1493e-11 2.51364e-11 2.00478e-11 1.59775e-11 1.27245e-11 1.01266e-11 8.05346e-12 6.40038e-12 5.0832e-12 4.03444e-12 3.19998e-12 2.5365e-12 2.00932e-12 1.59074e-12 1.25859e-12 9.95199e-13 7.8647e-13 6.21161e-13 4.9032e-13 3.86823e-13 3.05005e-13 2.40362e-13 1.89319e-13 1.49037e-13 1.17265e-13 9.22194e-14
1.0717e-06 1.21539e-06 1.51378e-06 1.75967e-06 1.94916e-06 2.08236e-06 2.16232e-06 2.19402e-06 2.18367e-06 2.13795e-06 2.06368e-06 1.96733e-06 1.8549e-06 1.73173e-06 1.60242e-06 1.47084e-06 1.34015e-06 1.21283e-06 1.09078e-06 9.75356e-07 8.6747e-07 7.67657e-07 6.76147e-07 5.92929e-07 5.17801e-07 4.50428e-07 3.90374e-07 3.37145e-07 2.90208e-07 2.49016e-07 2.1303e-07 1.81721e-07 1.54589e-07 1.31163e-07 1.11008e-07 9.3724e-08 7.89481e-08 6.6354e-08 5.56497e-08 4.65762e-08 3.89047e-08 3.24345e-08 2.69905e-08 2.242e-08 1.85913e-08 1.53907e-08 1.27204e-08 1.04969e-08 8.64891e-09 7.11571e-09 5.84591e-09 4.796e-09 3.92933e-09 3.21503e-09 2.6272e-09 2.14418e-09 1.74783e-09 1.42306e-09 1.15729e-09 9.40102e-10 7.62833e-10 6.18326e-10 5.00669e-10 4.04985e-10 3.2726e-10 2.64193e-10 2.13077e-10 1.71689e-10 1.38215e-10 1.11167e-10 8.93337e-11 7.1727e-11 5.7542e-11 4.61242e-11 3.69421e-11 2.95645e-11 2.36419e-11 1.88913e-11 1.50841e-11 1.20353e-11 9.59576e-12 7.64534e-12 6.08712e-12 4.84319e-12 3.85087e-12 3.05986e-12 2.42975e-12 1.92817e-12 1.52918e-12 1.212e-12 9.60035e-13 7.59995e-13 6.01285e-13 4.75444e-13 3.75727e-13 2.96758e-13 2.34257e-13 1.8482e-13 1.45738e-13 1.1486e-13 9.04772e-14
