0.784985 0.00110874 0.00103293 0.000962298 0.0008965 0.0008352 0.000778093 0.00072489 0.000675325 0.000629149 0.00058613 0.000546053 0.000508716 0.000473932 0.000441526 0.000411336 0.000383211 0.000357008 0.000332598 0.000309856 0.000288669 0.000268931 0.000250543 0.000233411 0.000217452 0.000202583 0.000188731 0.000175827 0.000163804 0.000152604 0.00014217 0.000132449 0.000123392 0.000114955 0.000107095 9.97723e-05 9.29502e-05 8.65947e-05 8.06737e-05 7.51575e-05 7.00185e-05 6.52309e-05 6.07707e-05 5.66154e-05 5.27443e-05 4.91379e-05 4.5778e-05 4.26479e-05 3.97318e-05 3.70151e-05 3.44841e-05 3.21262e-05 2.99296e-05 2.78831e-05 2.59766e-05 2.42004e-05 2.25457e-05 2.10041e-05 1.95679e-05 1.82299e-05 1.69834e-05 1.58222e-05 1.47403e-05 1.37324e-05 1.27935e-05 1.19187e-05 1.11037e-05 1.03445e-05 9.6372e-06 8.97824e-06 8.36435e-06 7.79243e-06 7.25961e-06 6.76323e-06 6.30078e-06 5.86996e-06 5.4686e-06 5.09468e-06 4.74632e-06 4.42179e-06 4.11944e-06 3.83777e-06 3.57536e-06 3.33089e-06 3.10314e-06 2.89096e-06 2.69328e-06 2.50913e-06 2.33756e-06 2.17773e-06 2.02883e-06 1.8901e-06 1.76087e-06 1.64046e-06 1.5283e-06 1.4238e-06 1.32644e-06 1.23575e-06 1.15125e-06 1.07253e-06 9.99197e-07
0.00110874 0.000192727 0.000182957 0.000173622 0.000164708 0.000156202 0.000148089 0.000140355 0.000132986 0.000125969 0.000119289 0.000112934 0.000106891 0.000101146 9.56865e-05 9.0501e-05 8.55772e-05 8.09037e-05 7.64692e-05 7.22629e-05 6.82742e-05 6.44932e-05 6.09101e-05 5.75154e-05 5.43002e-05 5.12557e-05 4.83738e-05 4.56463e-05 4.30656e-05 4.06245e-05 3.83158e-05 3.61329e-05 3.40694e-05 3.21191e-05 3.02763e-05 2.85353e-05 2.68909e-05 2.53379e-05 2.38716e-05 2.24873e-05 2.11807e-05 1.99477e-05 1.87842e-05 1.76866e-05 1.66513e-05 1.56749e-05 1.47541e-05 1.3886e-05 1.30676e-05 1.22963e-05 1.15693e-05 1.08842e-05 1.02387e-05 9.63064e-06 9.05784e-06 8.51835e-06 8.01029e-06 7.53187e-06 7.08144e-06 6.65738e-06 6.25821e-06 5.8825e-06 5.52891e-06 5.19618e-06 4.88309e-06 4.58853e-06 4.31142e-06 4.05075e-06 3.80558e-06 3.57499e-06 3.35814e-06 3.15424e-06 2.96251e-06 2.78226e-06 2.61281e-06 2.45352e-06 2.30381e-06 2.16309e-06 2.03085e-06 1.90657e-06 1.7898e-06 1.68008e-06 1.577e-06 1.48016e-06 1.38919e-06 1.30374e-06 1.22349e-06 1.14811e-06 1.07732e-06 1.01084e-06 9.48416e-07 8.89803e-07 8.34772e-07 7.83106e-07 7.34603e-07 6.89071e-07 6.46331e-07 6.06215e-07 5.68563e-07 5.33225e-07 5.00062e-07
0.00103293 0.000182957 0.000174214 0.000165823 0.000157774 0.000150059 0.000142671 0.000135599 0.000128834 0.000122368 0.000116189 0.00011029 0.00010466 9.92887e-05 9.41678e-05 8.92874e-05 8.46384e-05 8.02116e-05 7.5998e-05 7.19891e-05 6.81762e-05 6.4551e-05 6.11056e-05 5.78322e-05 5.4723e-05 5.17709e-05 4.89686e-05 4.63095e-05 4.37868e-05 4.13943e-05 3.91258e-05 3.69754e-05 3.49375e-05 3.30067e-05 3.11778e-05 2.94457e-05 2.78057e-05 2.62533e-05 2.47841e-05 2.33938e-05 2.20786e-05 2.08346e-05 1.96581e-05 1.85457e-05 1.74941e-05 1.65001e-05 1.55608e-05 1.46733e-05 1.38348e-05 1.30428e-05 1.22947e-05 1.15884e-05 1.09215e-05 1.02919e-05 9.69761e-06 9.13676e-06 8.6075e-06 8.10814e-06 7.63704e-06 7.19265e-06 6.77351e-06 6.37823e-06 6.00551e-06 5.65408e-06 5.32277e-06 5.01047e-06 4.7161e-06 4.43868e-06 4.17726e-06 3.93093e-06 3.69885e-06 3.48021e-06 3.27425e-06 3.08027e-06 2.89757e-06 2.72552e-06 2.56351e-06 2.41097e-06 2.26736e-06 2.13216e-06 2.00489e-06 1.8851e-06 1.77236e-06 1.66626e-06 1.56641e-06 1.47247e-06 1.38407e-06 1.30091e-06 1.22267e-06 1.14907e-06 1.07985e-06 1.01474e-06 9.53501e-07 8.95912e-07 8.41758e-07 7.90837e-07 7.42957e-07 6.97942e-07 6.55622e-07 6.15837e-07 5.78439e-07
0.000962298 0.000173622 0.000165823 0.000158299 0.00015105 0.00014407 0.000137356 0.000130902 0.000124704 0.000118756 0.000113051 0.000107583 0.000102346 9.73334e-05 9.25373e-05 8.79513e-05 8.35685e-05 7.9382e-05 7.53848e-05 7.15702e-05 6.79314e-05 6.44617e-05 6.11546e-05 5.80037e-05 5.50028e-05 5.21458e-05 4.94266e-05 4.68395e-05 4.4379e-05 4.20394e-05 3.98156e-05 3.77024e-05 3.5695e-05 3.37884e-05 3.19782e-05 3.02599e-05 2.86293e-05 2.70821e-05 2.56146e-05 2.4223e-05 2.29035e-05 2.16528e-05 2.04674e-05 1.93443e-05 1.82803e-05 1.72725e-05 1.63182e-05 1.54146e-05 1.45593e-05 1.37497e-05 1.29836e-05 1.22588e-05 1.15731e-05 1.09245e-05 1.03111e-05 9.73111e-06 9.18278e-06 8.66444e-06 8.17452e-06 7.71154e-06 7.27406e-06 6.86074e-06 6.47029e-06 6.10149e-06 5.75319e-06 5.42428e-06 5.11373e-06 4.82054e-06 4.54377e-06 4.28253e-06 4.03598e-06 3.80332e-06 3.58378e-06 3.37665e-06 3.18125e-06 2.99692e-06 2.82307e-06 2.6591e-06 2.50448e-06 2.35868e-06 2.22122e-06 2.09162e-06 1.96944e-06 1.85428e-06 1.74574e-06 1.64344e-06 1.54704e-06 1.45621e-06 1.37062e-06 1.28998e-06 1.21401e-06 1.14245e-06 1.07504e-06 1.01156e-06 9.51762e-07 8.95452e-07 8.42427e-07 7.92498e-07 7.45489e-07 7.0123e-07 6.59564e-07
0.0008965 0.000164708 0.000157774 0.00015105 0.000144538 0.000138238 0.000132151 0.000126275 0.000120608 0.000115146 0.000109888 0.00010483 9.99669e-05 9.52954e-05 9.08107e-05 8.65081e-05 8.23829e-05 7.84298e-05 7.46439e-05 7.10201e-05 6.7553e-05 6.42376e-05 6.10688e-05 5.80413e-05 5.51501e-05 5.23902e-05 4.97568e-05 4.72449e-05 4.48498e-05 4.2567e-05 4.03918e-05 3.832e-05 3.63472e-05 3.44692e-05 3.26821e-05 3.0982e-05 2.9365e-05 2.78275e-05 2.6366e-05 2.49771e-05 2.36575e-05 2.2404e-05 2.12137e-05 2.00835e-05 1.90108e-05 1.79927e-05 1.70267e-05 1.61103e-05 1.52412e-05 1.44171e-05 1.36357e-05 1.2895e-05 1.21931e-05 1.15279e-05 1.08977e-05 1.03008e-05 9.73539e-06 9.2e-06 8.69309e-06 8.21321e-06 7.75899e-06 7.32912e-06 6.92236e-06 6.53751e-06 6.17344e-06 5.82907e-06 5.50339e-06 5.19541e-06 4.90421e-06 4.62891e-06 4.36868e-06 4.12271e-06 3.89026e-06 3.67059e-06 3.46304e-06 3.26696e-06 3.08173e-06 2.90677e-06 2.74153e-06 2.58548e-06 2.43812e-06 2.299e-06 2.16765e-06 2.04366e-06 1.92662e-06 1.81615e-06 1.7119e-06 1.61353e-06 1.5207e-06 1.43312e-06 1.35049e-06 1.27255e-06 1.19902e-06 1.12968e-06 1.06428e-06 1.0026e-06 9.4444e-07 8.89601e-07 8.37897e-07 7.89152e-07 7.432e-07
0.0008352 0.000156202 0.000150059 0.00014407 0.000138238 0.000132569 0.000127064 0.000121726 0.000116555 0.000111551 0.000106714 0.000102042 9.75348e-05 9.31889e-05 8.90023e-05 8.49721e-05 8.10954e-05 7.73687e-05 7.37887e-05 7.03515e-05 6.70535e-05 6.38908e-05 6.08594e-05 5.79555e-05 5.51749e-05 5.25137e-05 4.9968e-05 4.75337e-05 4.5207e-05 4.2984e-05 4.08609e-05 3.88339e-05 3.68995e-05 3.5054e-05 3.32939e-05 3.16158e-05 3.00164e-05 2.84925e-05 2.70409e-05 2.56586e-05 2.43426e-05 2.30902e-05 2.18984e-05 2.07647e-05 1.96866e-05 1.86615e-05 1.7687e-05 1.67609e-05 1.58809e-05 1.50449e-05 1.4251e-05 1.3497e-05 1.27813e-05 1.21018e-05 1.1457e-05 1.08452e-05 1.02648e-05 9.71419e-06 9.19204e-06 8.69694e-06 8.22755e-06 7.78261e-06 7.36091e-06 6.9613e-06 6.58268e-06 6.22399e-06 5.88424e-06 5.56246e-06 5.25776e-06 4.96926e-06 4.69613e-06 4.4376e-06 4.1929e-06 3.96133e-06 3.74222e-06 3.53491e-06 3.33879e-06 3.15328e-06 2.97782e-06 2.8119e-06 2.655e-06 2.50665e-06 2.3664e-06 2.23383e-06 2.10851e-06 1.99008e-06 1.87816e-06 1.7724e-06 1.67247e-06 1.57807e-06 1.48888e-06 1.40464e-06 1.32508e-06 1.24993e-06 1.17897e-06 1.11196e-06 1.0487e-06 9.88967e-07 9.32579e-07 8.79351e-07 8.2911e-07
0.000778093 0.000148089 0.000142671 0.000137356 0.000132151 0.000127064 0.0001221 0.000117263 0.000112556 0.000107981 0.00010354 9.92338e-05 9.50629e-05 9.1027e-05 8.71252e-05 8.33565e-05 7.97192e-05 7.62116e-05 7.28315e-05 6.95767e-05 6.64445e-05 6.34323e-05 6.05372e-05 5.77564e-05 5.50867e-05 5.25252e-05 5.00686e-05 4.77139e-05 4.54578e-05 4.32973e-05 4.12291e-05 3.92501e-05 3.73573e-05 3.55476e-05 3.38179e-05 3.21655e-05 3.05872e-05 2.90804e-05 2.76422e-05 2.627e-05 2.49611e-05 2.3713e-05 2.25232e-05 2.13892e-05 2.03088e-05 1.92797e-05 1.82997e-05 1.73667e-05 1.64786e-05 1.56335e-05 1.48295e-05 1.40648e-05 1.33375e-05 1.2646e-05 1.19887e-05 1.1364e-05 1.07704e-05 1.02065e-05 9.67081e-06 9.16211e-06 8.67908e-06 8.22051e-06 7.78524e-06 7.37215e-06 6.98018e-06 6.60829e-06 6.25553e-06 5.92094e-06 5.60365e-06 5.30281e-06 5.01759e-06 4.74723e-06 4.49099e-06 4.24816e-06 4.01807e-06 3.80008e-06 3.59358e-06 3.39798e-06 3.21274e-06 3.03733e-06 2.87124e-06 2.714e-06 2.56515e-06 2.42426e-06 2.29092e-06 2.16473e-06 2.04533e-06 1.93237e-06 1.8255e-06 1.7244e-06 1.62879e-06 1.53835e-06 1.45284e-06 1.37197e-06 1.29552e-06 1.22324e-06 1.15491e-06 1.09032e-06 1.02927e-06 9.71578e-07 9.17057e-07
0.00072489 0.000140355 0.000135599 0.000130902 0.000126275 0.000121726 0.000117263 0.000112892 0.000108617 0.000104444 0.000100376 9.64147e-05 9.25629e-05 8.88216e-05 8.51916e-05 8.16732e-05 7.82663e-05 7.49702e-05 7.1784e-05 6.87067e-05 6.57368e-05 6.28725e-05 6.01121e-05 5.74535e-05 5.48946e-05 5.24331e-05 5.00667e-05 4.77929e-05 4.56093e-05 4.35133e-05 4.15024e-05 3.95741e-05 3.77257e-05 3.59547e-05 3.42585e-05 3.26347e-05 3.10808e-05 2.95943e-05 2.81727e-05 2.68138e-05 2.55152e-05 2.42745e-05 2.30897e-05 2.19585e-05 2.08788e-05 1.98485e-05 1.88658e-05 1.79285e-05 1.7035e-05 1.61832e-05 1.53716e-05 1.45983e-05 1.38617e-05 1.31603e-05 1.24925e-05 1.18569e-05 1.1252e-05 1.06764e-05 1.01289e-05 9.60819e-06 9.11302e-06 8.64224e-06 8.19473e-06 7.76942e-06 7.36527e-06 6.98131e-06 6.61657e-06 6.27016e-06 5.94121e-06 5.62887e-06 5.33237e-06 5.05094e-06 4.78385e-06 4.53041e-06 4.28995e-06 4.06184e-06 3.84547e-06 3.64027e-06 3.44569e-06 3.2612e-06 3.08629e-06 2.9205e-06 2.76336e-06 2.61444e-06 2.47333e-06 2.33963e-06 2.21297e-06 2.09299e-06 1.97935e-06 1.87173e-06 1.76981e-06 1.67331e-06 1.58195e-06 1.49546e-06 1.41359e-06 1.33611e-06 1.26277e-06 1.19337e-06 1.12771e-06 1.06558e-06 1.00681e-06
0.000675325 0.000132986 0.000128834 0.000124704 0.000120608 0.000116555 0.000112556 0.000108617 0.000104747 0.00010095 9.7231e-05 9.35951e-05 9.0045e-05 8.65835e-05 8.32125e-05 7.99336e-05 7.67477e-05 7.36555e-05 7.0657e-05 6.77522e-05 6.49406e-05 6.22213e-05 5.95935e-05 5.70559e-05 5.46071e-05 5.22457e-05 4.99699e-05 4.7778e-05 4.56682e-05 4.36385e-05 4.16868e-05 3.98112e-05 3.80096e-05 3.62799e-05 3.46199e-05 3.30276e-05 3.15008e-05 3.00374e-05 2.86354e-05 2.72926e-05 2.60071e-05 2.47768e-05 2.35997e-05 2.2474e-05 2.13977e-05 2.0369e-05 1.93861e-05 1.84471e-05 1.75505e-05 1.66944e-05 1.58774e-05 1.50978e-05 1.43541e-05 1.36448e-05 1.29684e-05 1.23237e-05 1.17093e-05 1.11238e-05 1.0566e-05 1.00348e-05 9.5289e-06 9.04728e-06 8.58883e-06 8.15253e-06 7.73738e-06 7.34243e-06 6.96676e-06 6.6095e-06 6.26979e-06 5.94683e-06 5.63985e-06 5.3481e-06 5.07086e-06 4.80746e-06 4.55725e-06 4.31959e-06 4.09389e-06 3.87957e-06 3.6761e-06 3.48295e-06 3.29962e-06 3.12564e-06 2.96054e-06 2.80389e-06 2.65529e-06 2.51433e-06 2.38064e-06 2.25385e-06 2.13363e-06 2.01965e-06 1.91159e-06 1.80916e-06 1.71208e-06 1.62007e-06 1.53288e-06 1.45027e-06 1.37201e-06 1.29786e-06 1.22763e-06 1.16112e-06 1.09812e-06
0.000629149 0.000125969 0.000122368 0.000118756 0.000115146 0.000111551 0.000107981 0.000104444 0.00010095 9.7504e-05 9.41137e-05 9.07838e-05 8.75188e-05 8.43225e-05 8.11979e-05 7.81477e-05 7.51737e-05 7.22777e-05 6.94605e-05 6.6723e-05 6.40654e-05 6.14879e-05 5.89903e-05 5.6572e-05 5.42324e-05 5.19706e-05 4.97856e-05 4.76761e-05 4.5641e-05 4.36788e-05 4.17879e-05 3.99669e-05 3.82141e-05 3.65278e-05 3.49063e-05 3.33478e-05 3.18506e-05 3.04129e-05 2.90329e-05 2.77089e-05 2.64391e-05 2.52218e-05 2.40551e-05 2.29374e-05 2.1867e-05 2.08423e-05 1.98616e-05 1.89233e-05 1.80258e-05 1.71677e-05 1.63475e-05 1.55636e-05 1.48147e-05 1.40994e-05 1.34164e-05 1.27644e-05 1.2142e-05 1.15482e-05 1.09818e-05 1.04415e-05 9.92636e-06 9.43523e-06 8.96711e-06 8.52102e-06 8.09601e-06 7.69115e-06 7.30556e-06 6.9384e-06 6.58885e-06 6.25612e-06 5.93945e-06 5.63813e-06 5.35146e-06 5.07876e-06 4.8194e-06 4.57277e-06 4.33827e-06 4.11535e-06 3.90346e-06 3.70208e-06 3.51072e-06 3.32891e-06 3.1562e-06 2.99215e-06 2.83634e-06 2.68839e-06 2.54791e-06 2.41454e-06 2.28795e-06 2.16779e-06 2.05375e-06 1.94555e-06 1.84288e-06 1.74548e-06 1.65308e-06 1.56545e-06 1.48233e-06 1.40352e-06 1.32879e-06 1.25794e-06 1.19077e-06
0.00058613 0.000119289 0.000116189 0.000113051 0.000109888 0.000106714 0.00010354 0.000100376 9.7231e-05 9.41137e-05 9.10308e-05 8.79887e-05 8.49927e-05 8.20475e-05 7.91571e-05 7.63249e-05 7.35538e-05 7.08461e-05 6.82037e-05 6.5628e-05 6.31202e-05 6.0681e-05 5.83108e-05 5.60099e-05 5.37781e-05 5.16151e-05 4.95206e-05 4.74938e-05 4.55339e-05 4.36401e-05 4.18112e-05 4.00462e-05 3.83438e-05 3.67027e-05 3.51216e-05 3.35991e-05 3.21337e-05 3.07239e-05 2.93683e-05 2.80654e-05 2.68137e-05 2.56116e-05 2.44577e-05 2.33504e-05 2.22882e-05 2.12697e-05 2.02935e-05 1.9358e-05 1.84619e-05 1.76038e-05 1.67823e-05 1.59961e-05 1.52439e-05 1.45244e-05 1.38365e-05 1.31788e-05 1.25503e-05 1.19497e-05 1.1376e-05 1.08282e-05 1.03051e-05 9.80574e-06 9.32919e-06 8.87448e-06 8.44071e-06 8.027e-06 7.6325e-06 7.25639e-06 6.89788e-06 6.55622e-06 6.23067e-06 5.92053e-06 5.62511e-06 5.34378e-06 5.0759e-06 4.82088e-06 4.57812e-06 4.34709e-06 4.12725e-06 3.91809e-06 3.71912e-06 3.52987e-06 3.3499e-06 3.17876e-06 3.01606e-06 2.86139e-06 2.71438e-06 2.57467e-06 2.44191e-06 2.31578e-06 2.19595e-06 2.08213e-06 1.97403e-06 1.87137e-06 1.77389e-06 1.68134e-06 1.59348e-06 1.51008e-06 1.43092e-06 1.3558e-06 1.28452e-06
0.000546053 0.000112934 0.00011029 0.000107583 0.00010483 0.000102042 9.92338e-05 9.64147e-05 9.35951e-05 9.07838e-05 8.79887e-05 8.52168e-05 8.24742e-05 7.97665e-05 7.70983e-05 7.44738e-05 7.18965e-05 6.93695e-05 6.68952e-05 6.44759e-05 6.21133e-05 5.98086e-05 5.75629e-05 5.53771e-05 5.32514e-05 5.11863e-05 4.91816e-05 4.72373e-05 4.53529e-05 4.3528e-05 4.1762e-05 4.00541e-05 3.84034e-05 3.6809e-05 3.527e-05 3.37852e-05 3.23534e-05 3.09736e-05 2.96444e-05 2.83647e-05 2.71331e-05 2.59485e-05 2.48094e-05 2.37146e-05 2.26627e-05 2.16526e-05 2.06828e-05 1.97522e-05 1.88594e-05 1.80032e-05 1.71824e-05 1.63957e-05 1.5642e-05 1.49201e-05 1.42289e-05 1.35672e-05 1.2934e-05 1.23281e-05 1.17487e-05 1.11946e-05 1.06649e-05 1.01586e-05 9.67476e-06 9.21257e-06 8.77113e-06 8.3496e-06 7.94716e-06 7.56303e-06 7.19645e-06 6.84668e-06 6.51303e-06 6.19481e-06 5.89136e-06 5.60205e-06 5.32627e-06 5.06343e-06 4.81297e-06 4.57435e-06 4.34704e-06 4.13054e-06 3.92438e-06 3.72808e-06 3.5412e-06 3.36332e-06 3.19403e-06 3.03294e-06 2.87967e-06 2.73387e-06 2.59518e-06 2.46328e-06 2.33785e-06 2.21859e-06 2.10522e-06 1.99744e-06 1.89501e-06 1.79767e-06 1.70517e-06 1.61728e-06 1.53379e-06 1.45448e-06 1.37915e-06
0.000508716 0.000106891 0.00010466 0.000102346 9.99669e-05 9.75348e-05 9.50629e-05 9.25629e-05 9.0045e-05 8.75188e-05 8.49927e-05 8.24742e-05 7.99703e-05 7.74868e-05 7.50292e-05 7.26021e-05 7.02098e-05 6.78557e-05 6.55431e-05 6.32745e-05 6.10523e-05 5.88783e-05 5.6754e-05 5.46807e-05 5.26593e-05 5.06906e-05 4.87749e-05 4.69126e-05 4.51036e-05 4.33479e-05 4.16452e-05 3.99952e-05 3.83973e-05 3.68508e-05 3.53552e-05 3.39096e-05 3.25131e-05 3.11649e-05 2.98639e-05 2.86092e-05 2.73997e-05 2.62344e-05 2.51121e-05 2.40317e-05 2.29921e-05 2.19922e-05 2.10309e-05 2.01069e-05 1.92193e-05 1.83668e-05 1.75485e-05 1.6763e-05 1.60095e-05 1.52868e-05 1.45938e-05 1.39297e-05 1.32932e-05 1.26835e-05 1.20997e-05 1.15406e-05 1.10055e-05 1.04935e-05 1.00036e-05 9.53503e-06 9.08697e-06 8.65862e-06 8.24919e-06 7.85795e-06 7.48415e-06 7.12711e-06 6.78613e-06 6.46056e-06 6.14977e-06 5.85314e-06 5.57007e-06 5.30001e-06 5.04239e-06 4.79669e-06 4.56239e-06 4.33901e-06 4.12607e-06 3.92312e-06 3.72971e-06 3.54544e-06 3.36988e-06 3.20267e-06 3.04342e-06 2.89177e-06 2.74739e-06 2.60995e-06 2.47912e-06 2.35461e-06 2.23614e-06 2.12341e-06 2.01617e-06 1.91416e-06 1.81714e-06 1.72488e-06 1.63715e-06 1.55374e-06 1.47445e-06
0.000473932 0.000101146 9.92887e-05 9.73334e-05 9.52954e-05 9.31889e-05 9.1027e-05 8.88216e-05 8.65835e-05 8.43225e-05 8.20475e-05 7.97665e-05 7.74868e-05 7.52149e-05 7.29565e-05 7.0717e-05 6.85008e-05 6.63122e-05 6.41545e-05 6.2031e-05 5.99444e-05 5.78971e-05 5.58908e-05 5.39274e-05 5.20082e-05 5.01343e-05 4.83064e-05 4.65254e-05 4.47914e-05 4.31049e-05 4.14658e-05 3.98742e-05 3.83297e-05 3.68322e-05 3.53811e-05 3.39759e-05 3.26161e-05 3.13009e-05 3.00297e-05 2.88016e-05 2.76159e-05 2.64715e-05 2.53677e-05 2.43035e-05 2.3278e-05 2.22901e-05 2.13389e-05 2.04234e-05 1.95426e-05 1.86955e-05 1.78812e-05 1.70986e-05 1.63468e-05 1.56248e-05 1.49317e-05 1.42664e-05 1.36282e-05 1.3016e-05 1.2429e-05 1.18663e-05 1.1327e-05 1.08104e-05 1.03155e-05 9.84164e-06 9.38798e-06 8.95378e-06 8.5383e-06 8.14083e-06 7.76067e-06 7.39714e-06 7.0496e-06 6.71741e-06 6.39996e-06 6.09666e-06 5.80692e-06 5.53021e-06 5.26598e-06 5.01371e-06 4.77292e-06 4.54311e-06 4.32382e-06 4.11462e-06 3.91506e-06 3.72474e-06 3.54325e-06 3.37022e-06 3.20527e-06 3.04805e-06 2.89823e-06 2.75547e-06 2.61946e-06 2.4899e-06 2.3665e-06 2.24898e-06 2.13709e-06 2.03056e-06 1.92915e-06 1.83263e-06 1.74076e-06 1.65335e-06 1.57018e-06
0.000441526 9.56865e-05 9.41678e-05 9.25373e-05 9.08107e-05 8.90023e-05 8.71252e-05 8.51916e-05 8.32125e-05 8.11979e-05 7.91571e-05 7.70983e-05 7.50292e-05 7.29565e-05 7.08866e-05 6.88249e-05 6.67764e-05 6.47455e-05 6.27363e-05 6.07523e-05 5.87965e-05 5.68716e-05 5.49799e-05 5.31235e-05 5.13042e-05 4.95232e-05 4.77818e-05 4.6081e-05 4.44215e-05 4.28039e-05 4.12284e-05 3.96954e-05 3.8205e-05 3.67569e-05 3.53512e-05 3.39875e-05 3.26655e-05 3.13846e-05 3.01445e-05 2.89444e-05 2.77839e-05 2.66621e-05 2.55783e-05 2.45318e-05 2.35219e-05 2.25476e-05 2.16081e-05 2.07026e-05 1.98303e-05 1.89902e-05 1.81814e-05 1.74032e-05 1.66546e-05 1.59347e-05 1.52428e-05 1.45778e-05 1.39391e-05 1.33257e-05 1.27368e-05 1.21716e-05 1.16293e-05 1.11092e-05 1.06104e-05 1.01323e-05 9.67399e-06 9.23489e-06 8.81426e-06 8.41142e-06 8.02571e-06 7.65649e-06 7.30314e-06 6.96504e-06 6.6416e-06 6.33226e-06 6.03647e-06 5.75368e-06 5.48338e-06 5.22506e-06 4.97825e-06 4.74247e-06 4.51727e-06 4.30222e-06 4.09689e-06 3.90088e-06 3.71379e-06 3.53525e-06 3.3649e-06 3.20239e-06 3.04737e-06 2.89953e-06 2.75856e-06 2.62415e-06 2.49602e-06 2.3739e-06 2.25751e-06 2.14661e-06 2.04095e-06 1.94029e-06 1.84441e-06 1.7531e-06 1.66615e-06
0.000411336 9.0501e-05 8.92874e-05 8.79513e-05 8.65081e-05 8.49721e-05 8.33565e-05 8.16732e-05 7.99336e-05 7.81477e-05 7.63249e-05 7.44738e-05 7.26021e-05 7.0717e-05 6.88249e-05 6.69316e-05 6.50424e-05 6.3162e-05 6.12948e-05 5.94445e-05 5.76145e-05 5.58079e-05 5.40272e-05 5.22749e-05 5.05529e-05 4.88629e-05 4.72064e-05 4.55847e-05 4.39988e-05 4.24495e-05 4.09375e-05 3.94632e-05 3.80269e-05 3.66289e-05 3.52692e-05 3.39477e-05 3.26644e-05 3.14189e-05 3.02109e-05 2.90401e-05 2.7906e-05 2.6808e-05 2.57457e-05 2.47184e-05 2.37254e-05 2.27662e-05 2.18399e-05 2.09459e-05 2.00834e-05 1.92516e-05 1.84499e-05 1.76774e-05 1.69334e-05 1.6217e-05 1.55275e-05 1.48642e-05 1.42262e-05 1.36127e-05 1.30231e-05 1.24566e-05 1.19125e-05 1.13899e-05 1.08883e-05 1.04068e-05 9.94487e-06 9.50178e-06 9.07687e-06 8.66951e-06 8.27905e-06 7.9049e-06 7.54646e-06 7.20314e-06 6.87439e-06 6.55965e-06 6.25839e-06 5.97009e-06 5.69426e-06 5.43041e-06 5.17806e-06 4.93677e-06 4.70609e-06 4.4856e-06 4.27488e-06 4.07354e-06 3.88119e-06 3.69747e-06 3.52201e-06 3.35448e-06 3.19453e-06 3.04186e-06 2.89615e-06 2.75711e-06 2.62445e-06 2.49789e-06 2.37718e-06 2.26207e-06 2.1523e-06 2.04764e-06 1.94787e-06 1.85278e-06 1.76215e-06
0.000383211 8.55772e-05 8.46384e-05 8.35685e-05 8.23829e-05 8.10954e-05 7.97192e-05 7.82663e-05 7.67477e-05 7.51737e-05 7.35538e-05 7.18965e-05 7.02098e-05 6.85008e-05 6.67764e-05 6.50424e-05 6.33043e-05 6.15672e-05 5.98356e-05 5.81134e-05 5.64044e-05 5.47117e-05 5.30384e-05 5.1387e-05 4.97597e-05 4.81585e-05 4.65852e-05 4.50413e-05 4.3528e-05 4.20464e-05 4.05973e-05 3.91815e-05 3.77995e-05 3.64517e-05 3.51384e-05 3.38598e-05 3.26158e-05 3.14065e-05 3.02317e-05 2.90911e-05 2.79845e-05 2.69116e-05 2.58719e-05 2.4865e-05 2.38903e-05 2.29473e-05 2.20355e-05 2.11543e-05 2.0303e-05 1.94809e-05 1.86875e-05 1.7922e-05 1.71838e-05 1.64722e-05 1.57865e-05 1.51259e-05 1.44898e-05 1.38775e-05 1.32883e-05 1.27216e-05 1.21765e-05 1.16526e-05 1.1149e-05 1.06652e-05 1.02005e-05 9.75434e-06 9.326e-06 8.91492e-06 8.5205e-06 8.14216e-06 7.77935e-06 7.43149e-06 7.09807e-06 6.77854e-06 6.47241e-06 6.17917e-06 5.89834e-06 5.62946e-06 5.37206e-06 5.12571e-06 4.88998e-06 4.66445e-06 4.44873e-06 4.24242e-06 4.04515e-06 3.85656e-06 3.6763e-06 3.50403e-06 3.33943e-06 3.18217e-06 3.03196e-06 2.8885e-06 2.75151e-06 2.62072e-06 2.49586e-06 2.3767e-06 2.26297e-06 2.15446e-06 2.05093e-06 1.95217e-06 1.85797e-06
0.000357008 8.09037e-05 8.02116e-05 7.9382e-05 7.84298e-05 7.73687e-05 7.62116e-05 7.49702e-05 7.36555e-05 7.22777e-05 7.08461e-05 6.93695e-05 6.78557e-05 6.63122e-05 6.47455e-05 6.3162e-05 6.15672e-05 5.99663e-05 5.83639e-05 5.67643e-05 5.51713e-05 5.35884e-05 5.20187e-05 5.04649e-05 4.89297e-05 4.7415e-05 4.5923e-05 4.44553e-05 4.30134e-05 4.15986e-05 4.02119e-05 3.88542e-05 3.75264e-05 3.62289e-05 3.49623e-05 3.37268e-05 3.25228e-05 3.13502e-05 3.02093e-05 2.90998e-05 2.80217e-05 2.69748e-05 2.59588e-05 2.49733e-05 2.40181e-05 2.30926e-05 2.21965e-05 2.13292e-05 2.04902e-05 1.96791e-05 1.88952e-05 1.81379e-05 1.74067e-05 1.6701e-05 1.60201e-05 1.53634e-05 1.47304e-05 1.41203e-05 1.35326e-05 1.29666e-05 1.24217e-05 1.18973e-05 1.13928e-05 1.09075e-05 1.0441e-05 9.99251e-06 9.56155e-06 9.14753e-06 8.7499e-06 8.3681e-06 8.00161e-06 7.64988e-06 7.31242e-06 6.98872e-06 6.67829e-06 6.38066e-06 6.09536e-06 5.82194e-06 5.55997e-06 5.30901e-06 5.06865e-06 4.8385e-06 4.61816e-06 4.40724e-06 4.2054e-06 4.01227e-06 3.82752e-06 3.6508e-06 3.4818e-06 3.32021e-06 3.16574e-06 3.01808e-06 2.87697e-06 2.74214e-06 2.61332e-06 2.49028e-06 2.37275e-06 2.26053e-06 2.15337e-06 2.05108e-06 1.95343e-06
0.000332598 7.64692e-05 7.5998e-05 7.53848e-05 7.46439e-05 7.37887e-05 7.28315e-05 7.1784e-05 7.0657e-05 6.94605e-05 6.82037e-05 6.68952e-05 6.55431e-05 6.41545e-05 6.27363e-05 6.12948e-05 5.98356e-05 5.83639e-05 5.68846e-05 5.5402e-05 5.39202e-05 5.24427e-05 5.09728e-05 4.95135e-05 4.80675e-05 4.6637e-05 4.52243e-05 4.38312e-05 4.24594e-05 4.11103e-05 3.97851e-05 3.84851e-05 3.7211e-05 3.59637e-05 3.47438e-05 3.35518e-05 3.2388e-05 3.12528e-05 3.01463e-05 2.90687e-05 2.80198e-05 2.69997e-05 2.60082e-05 2.50452e-05 2.41104e-05 2.32034e-05 2.2324e-05 2.14717e-05 2.06462e-05 1.98471e-05 1.90738e-05 1.83258e-05 1.76027e-05 1.6904e-05 1.6229e-05 1.55773e-05 1.49483e-05 1.43414e-05 1.37562e-05 1.31919e-05 1.26481e-05 1.21242e-05 1.16196e-05 1.11338e-05 1.06662e-05 1.02163e-05 9.78347e-06 9.36728e-06 8.96716e-06 8.5826e-06 8.21309e-06 7.85815e-06 7.51727e-06 7.18998e-06 6.87583e-06 6.57434e-06 6.28509e-06 6.00763e-06 5.74155e-06 5.48643e-06 5.24188e-06 5.0075e-06 4.78291e-06 4.56776e-06 4.36169e-06 4.16434e-06 3.9754e-06 3.79452e-06 3.6214e-06 3.45574e-06 3.29724e-06 3.14563e-06 3.00061e-06 2.86194e-06 2.72934e-06 2.60259e-06 2.48144e-06 2.36565e-06 2.25502e-06 2.14932e-06 2.04835e-06
0.000309856 7.22629e-05 7.19891e-05 7.15702e-05 7.10201e-05 7.03515e-05 6.95767e-05 6.87067e-05 6.77522e-05 6.6723e-05 6.5628e-05 6.44759e-05 6.32745e-05 6.2031e-05 6.07523e-05 5.94445e-05 5.81134e-05 5.67643e-05 5.5402e-05 5.40311e-05 5.26556e-05 5.12793e-05 4.99055e-05 4.85373e-05 4.71776e-05 4.58288e-05 4.44932e-05 4.31729e-05 4.18697e-05 4.05852e-05 3.93207e-05 3.80776e-05 3.68569e-05 3.56595e-05 3.44862e-05 3.33377e-05 3.22144e-05 3.11168e-05 3.00452e-05 2.89999e-05 2.79809e-05 2.69883e-05 2.60222e-05 2.50824e-05 2.41688e-05 2.32812e-05 2.24195e-05 2.15832e-05 2.07722e-05 1.9986e-05 1.92242e-05 1.84866e-05 1.77726e-05 1.70818e-05 1.64138e-05 1.5768e-05 1.5144e-05 1.45414e-05 1.39595e-05 1.33979e-05 1.2856e-05 1.23335e-05 1.18297e-05 1.13441e-05 1.08763e-05 1.04256e-05 9.99176e-06 9.57412e-06 9.17221e-06 8.78556e-06 8.4137e-06 8.05615e-06 7.71246e-06 7.38217e-06 7.06483e-06 6.76003e-06 6.46733e-06 6.18632e-06 5.91659e-06 5.65775e-06 5.40942e-06 5.17121e-06 4.94277e-06 4.72374e-06 4.51378e-06 4.31254e-06 4.11971e-06 3.93497e-06 3.75801e-06 3.58854e-06 3.42626e-06 3.27091e-06 3.1222e-06 2.97989e-06 2.84372e-06 2.71344e-06 2.58882e-06 2.46964e-06 2.35567e-06 2.2467e-06 2.14254e-06
0.000288669 6.82742e-05 6.81762e-05 6.79314e-05 6.7553e-05 6.70535e-05 6.64445e-05 6.57368e-05 6.49406e-05 6.40654e-05 6.31202e-05 6.21133e-05 6.10523e-05 5.99444e-05 5.87965e-05 5.76145e-05 5.64044e-05 5.51713e-05 5.39202e-05 5.26556e-05 5.13817e-05 5.01022e-05 4.88207e-05 4.75403e-05 4.6264e-05 4.49944e-05 4.37338e-05 4.24845e-05 4.12483e-05 4.0027e-05 3.88222e-05 3.76352e-05 3.64672e-05 3.53193e-05 3.41924e-05 3.30872e-05 3.20045e-05 3.09447e-05 2.99083e-05 2.88957e-05 2.79071e-05 2.69426e-05 2.60024e-05 2.50866e-05 2.4195e-05 2.33276e-05 2.24843e-05 2.16649e-05 2.08692e-05 2.00968e-05 1.93476e-05 1.86212e-05 1.79172e-05 1.72353e-05 1.65751e-05 1.59362e-05 1.53181e-05 1.47205e-05 1.41428e-05 1.35847e-05 1.30457e-05 1.25253e-05 1.20231e-05 1.15385e-05 1.10712e-05 1.06207e-05 1.01864e-05 9.76804e-06 9.36502e-06 8.97694e-06 8.60335e-06 8.2438e-06 7.89788e-06 7.56514e-06 7.24517e-06 6.93757e-06 6.64191e-06 6.35782e-06 6.0849e-06 5.82278e-06 5.57108e-06 5.32944e-06 5.09752e-06 4.87497e-06 4.66146e-06 4.45666e-06 4.26025e-06 4.07193e-06 3.8914e-06 3.71838e-06 3.55258e-06 3.39372e-06 3.24155e-06 3.09581e-06 2.95624e-06 2.82263e-06 2.69472e-06 2.5723e-06 2.45515e-06 2.34306e-06 2.23583e-06
0.000268931 6.44932e-05 6.4551e-05 6.44617e-05 6.42376e-05 6.38908e-05 6.34323e-05 6.28725e-05 6.22213e-05 6.14879e-05 6.0681e-05 5.98086e-05 5.88783e-05 5.78971e-05 5.68716e-05 5.58079e-05 5.47117e-05 5.35884e-05 5.24427e-05 5.12793e-05 5.01022e-05 4.89155e-05 4.77225e-05 4.65266e-05 4.53307e-05 4.41376e-05 4.29497e-05 4.17694e-05 4.05986e-05 3.94392e-05 3.82928e-05 3.7161e-05 3.6045e-05 3.49461e-05 3.38652e-05 3.28032e-05 3.17609e-05 3.0739e-05 2.9738e-05 2.87584e-05 2.78004e-05 2.68645e-05 2.59508e-05 2.50595e-05 2.41906e-05 2.3344e-05 2.25199e-05 2.17181e-05 2.09384e-05 2.01807e-05 1.94448e-05 1.87304e-05 1.80373e-05 1.73651e-05 1.67136e-05 1.60823e-05 1.5471e-05 1.48792e-05 1.43067e-05 1.37529e-05 1.32175e-05 1.27e-05 1.22001e-05 1.17173e-05 1.12513e-05 1.08015e-05 1.03676e-05 9.94908e-06 9.5456e-06 9.15671e-06 8.78199e-06 8.42104e-06 8.07344e-06 7.7388e-06 7.41673e-06 7.10682e-06 6.8087e-06 6.52199e-06 6.24632e-06 5.98134e-06 5.72668e-06 5.48201e-06 5.24698e-06 5.02126e-06 4.80454e-06 4.59649e-06 4.39681e-06 4.20521e-06 4.0214e-06 3.84508e-06 3.676e-06 3.51387e-06 3.35846e-06 3.20949e-06 3.06674e-06 2.92997e-06 2.79895e-06 2.67346e-06 2.55328e-06 2.43821e-06 2.32805e-06
0.000250543 6.09101e-05 6.11056e-05 6.11546e-05 6.10688e-05 6.08594e-05 6.05372e-05 6.01121e-05 5.95935e-05 5.89903e-05 5.83108e-05 5.75629e-05 5.6754e-05 5.58908e-05 5.49799e-05 5.40272e-05 5.30384e-05 5.20187e-05 5.09728e-05 4.99055e-05 4.88207e-05 4.77225e-05 4.66143e-05 4.54995e-05 4.43811e-05 4.32619e-05 4.21445e-05 4.10311e-05 3.99239e-05 3.88249e-05 3.77358e-05 3.66581e-05 3.55933e-05 3.45427e-05 3.35073e-05 3.24882e-05 3.14862e-05 3.05021e-05 2.95365e-05 2.859e-05 2.7663e-05 2.6756e-05 2.58691e-05 2.50028e-05 2.4157e-05 2.33319e-05 2.25276e-05 2.1744e-05 2.09811e-05 2.02387e-05 1.95169e-05 1.88152e-05 1.81337e-05 1.7472e-05 1.68299e-05 1.62071e-05 1.56033e-05 1.50182e-05 1.44514e-05 1.39027e-05 1.33716e-05 1.28578e-05 1.2361e-05 1.18807e-05 1.14166e-05 1.09682e-05 1.05353e-05 1.01173e-05 9.71398e-06 9.32488e-06 8.94962e-06 8.58782e-06 8.2391e-06 7.90309e-06 7.57941e-06 7.26769e-06 6.96757e-06 6.6787e-06 6.40072e-06 6.1333e-06 5.87608e-06 5.62875e-06 5.39098e-06 5.16245e-06 4.94285e-06 4.73187e-06 4.52923e-06 4.33463e-06 4.1478e-06 3.96846e-06 3.79634e-06 3.63119e-06 3.47275e-06 3.32078e-06 3.17504e-06 3.0353e-06 2.90135e-06 2.77295e-06 2.6499e-06 2.53201e-06 2.41907e-06
0.000233411 5.75154e-05 5.78322e-05 5.80037e-05 5.80413e-05 5.79555e-05 5.77564e-05 5.74535e-05 5.70559e-05 5.6572e-05 5.60099e-05 5.53771e-05 5.46807e-05 5.39274e-05 5.31235e-05 5.22749e-05 5.1387e-05 5.04649e-05 4.95135e-05 4.85373e-05 4.75403e-05 4.65266e-05 4.54995e-05 4.44625e-05 4.34186e-05 4.23707e-05 4.13213e-05 4.02728e-05 3.92275e-05 3.81873e-05 3.71541e-05 3.61295e-05 3.51149e-05 3.41118e-05 3.31214e-05 3.21446e-05 3.11826e-05 3.02361e-05 2.93059e-05 2.83926e-05 2.74967e-05 2.66187e-05 2.57591e-05 2.4918e-05 2.40959e-05 2.32927e-05 2.25087e-05 2.17439e-05 2.09983e-05 2.0272e-05 1.95647e-05 1.88766e-05 1.82073e-05 1.75568e-05 1.69248e-05 1.63111e-05 1.57155e-05 1.51378e-05 1.45775e-05 1.40346e-05 1.35085e-05 1.29991e-05 1.2506e-05 1.20288e-05 1.15673e-05 1.1121e-05 1.06896e-05 1.02728e-05 9.87023e-06 9.48149e-06 9.10625e-06 8.74415e-06 8.39483e-06 8.05795e-06 7.73315e-06 7.4201e-06 7.11844e-06 6.82785e-06 6.54798e-06 6.27852e-06 6.01914e-06 5.76953e-06 5.52938e-06 5.29837e-06 5.07623e-06 4.86264e-06 4.65734e-06 4.46003e-06 4.27046e-06 4.08835e-06 3.91345e-06 3.7455e-06 3.58426e-06 3.4295e-06 3.28097e-06 3.13846e-06 3.00175e-06 2.87062e-06 2.74487e-06 2.6243e-06 2.50871e-06
0.000217452 5.43002e-05 5.4723e-05 5.50028e-05 5.51501e-05 5.51749e-05 5.50867e-05 5.48946e-05 5.46071e-05 5.42324e-05 5.37781e-05 5.32514e-05 5.26593e-05 5.20082e-05 5.13042e-05 5.05529e-05 4.97597e-05 4.89297e-05 4.80675e-05 4.71776e-05 4.6264e-05 4.53307e-05 4.43811e-05 4.34186e-05 4.24463e-05 4.14669e-05 4.04832e-05 3.94976e-05 3.85123e-05 3.75293e-05 3.65505e-05 3.55777e-05 3.46124e-05 3.3656e-05 3.27098e-05 3.1775e-05 3.08525e-05 2.99434e-05 2.90484e-05 2.81682e-05 2.73034e-05 2.64547e-05 2.56224e-05 2.4807e-05 2.40087e-05 2.32278e-05 2.24645e-05 2.1719e-05 2.09913e-05 2.02814e-05 1.95895e-05 1.89153e-05 1.82589e-05 1.76202e-05 1.6999e-05 1.63951e-05 1.58084e-05 1.52386e-05 1.46855e-05 1.41489e-05 1.36286e-05 1.31241e-05 1.26354e-05 1.2162e-05 1.17036e-05 1.126e-05 1.08308e-05 1.04157e-05 1.00144e-05 9.62662e-06 9.25193e-06 8.89004e-06 8.54063e-06 8.20337e-06 7.87793e-06 7.564e-06 7.26124e-06 6.96935e-06 6.68802e-06 6.41692e-06 6.15576e-06 5.90423e-06 5.66205e-06 5.42891e-06 5.20454e-06 4.98866e-06 4.78099e-06 4.58126e-06 4.38922e-06 4.2046e-06 4.02716e-06 3.85666e-06 3.69284e-06 3.5355e-06 3.38439e-06 3.23929e-06 3.10001e-06 2.96632e-06 2.83803e-06 2.71493e-06 2.59685e-06
0.000202583 5.12557e-05 5.17709e-05 5.21458e-05 5.23902e-05 5.25137e-05 5.25252e-05 5.24331e-05 5.22457e-05 5.19706e-05 5.16151e-05 5.11863e-05 5.06906e-05 5.01343e-05 4.95232e-05 4.88629e-05 4.81585e-05 4.7415e-05 4.6637e-05 4.58288e-05 4.49944e-05 4.41376e-05 4.32619e-05 4.23707e-05 4.14669e-05 4.05536e-05 3.96332e-05 3.87082e-05 3.7781e-05 3.68535e-05 3.59278e-05 3.50056e-05 3.40884e-05 3.31778e-05 3.22751e-05 3.13815e-05 3.04982e-05 2.9626e-05 2.87659e-05 2.79187e-05 2.7085e-05 2.62655e-05 2.54607e-05 2.4671e-05 2.38969e-05 2.31386e-05 2.23964e-05 2.16705e-05 2.09611e-05 2.02683e-05 1.9592e-05 1.89324e-05 1.82895e-05 1.76631e-05 1.70532e-05 1.64597e-05 1.58824e-05 1.53212e-05 1.47759e-05 1.42463e-05 1.37322e-05 1.32333e-05 1.27495e-05 1.22804e-05 1.18258e-05 1.13854e-05 1.0959e-05 1.05462e-05 1.01467e-05 9.76035e-06 9.38672e-06 9.02554e-06 8.67652e-06 8.33935e-06 8.01373e-06 7.69936e-06 7.39594e-06 7.10317e-06 6.82075e-06 6.54841e-06 6.28583e-06 6.03276e-06 5.78889e-06 5.55395e-06 5.32768e-06 5.1098e-06 4.90006e-06 4.69819e-06 4.50395e-06 4.31708e-06 4.13735e-06 3.96452e-06 3.79835e-06 3.63864e-06 3.48514e-06 3.33766e-06 3.19599e-06 3.05991e-06 2.92924e-06 2.80378e-06 2.68335e-06
0.000188731 4.83738e-05 4.89686e-05 4.94266e-05 4.97568e-05 4.9968e-05 5.00686e-05 5.00667e-05 4.99699e-05 4.97856e-05 4.95206e-05 4.91816e-05 4.87749e-05 4.83064e-05 4.77818e-05 4.72064e-05 4.65852e-05 4.5923e-05 4.52243e-05 4.44932e-05 4.37338e-05 4.29497e-05 4.21445e-05 4.13213e-05 4.04832e-05 3.96332e-05 3.87737e-05 3.79073e-05 3.70362e-05 3.61626e-05 3.52884e-05 3.44154e-05 3.35452e-05 3.26794e-05 3.18194e-05 3.09664e-05 3.01216e-05 2.92859e-05 2.84605e-05 2.7646e-05 2.68433e-05 2.60529e-05 2.52756e-05 2.45118e-05 2.3762e-05 2.30265e-05 2.23057e-05 2.15998e-05 2.0909e-05 2.02335e-05 1.95734e-05 1.89288e-05 1.82998e-05 1.76862e-05 1.70881e-05 1.65055e-05 1.59382e-05 1.53861e-05 1.48491e-05 1.43271e-05 1.38198e-05 1.33271e-05 1.28487e-05 1.23845e-05 1.19342e-05 1.14976e-05 1.10744e-05 1.06644e-05 1.02673e-05 9.8828e-06 9.51071e-06 9.15072e-06 8.80255e-06 8.46592e-06 8.14056e-06 7.82617e-06 7.5225e-06 7.22925e-06 6.94615e-06 6.67293e-06 6.40931e-06 6.15502e-06 5.90981e-06 5.6734e-06 5.44553e-06 5.22596e-06 5.01444e-06 4.8107e-06 4.61452e-06 4.42566e-06 4.24388e-06 4.06895e-06 3.90066e-06 3.73879e-06 3.58312e-06 3.43344e-06 3.28956e-06 3.15127e-06 3.01839e-06 2.89072e-06 2.76809e-06
0.000175827 4.56463e-05 4.63095e-05 4.68395e-05 4.72449e-05 4.75337e-05 4.77139e-05 4.77929e-05 4.7778e-05 4.76761e-05 4.74938e-05 4.72373e-05 4.69126e-05 4.65254e-05 4.6081e-05 4.55847e-05 4.50413e-05 4.44553e-05 4.38312e-05 4.31729e-05 4.24845e-05 4.17694e-05 4.10311e-05 4.02728e-05 3.94976e-05 3.87082e-05 3.79073e-05 3.70973e-05 3.62804e-05 3.54589e-05 3.46347e-05 3.38096e-05 3.29852e-05 3.21632e-05 3.13449e-05 3.05317e-05 2.97248e-05 2.89252e-05 2.81339e-05 2.73519e-05 2.65799e-05 2.58186e-05 2.50688e-05 2.43309e-05 2.36054e-05 2.28929e-05 2.21936e-05 2.15079e-05 2.0836e-05 2.01782e-05 1.95347e-05 1.89054e-05 1.82907e-05 1.76904e-05 1.71046e-05 1.65333e-05 1.59764e-05 1.5434e-05 1.49058e-05 1.43918e-05 1.38918e-05 1.34057e-05 1.29333e-05 1.24745e-05 1.2029e-05 1.15967e-05 1.11772e-05 1.07705e-05 1.03762e-05 9.99412e-06 9.62403e-06 9.26567e-06 8.91879e-06 8.58314e-06 8.25844e-06 7.94446e-06 7.64093e-06 7.34758e-06 7.06417e-06 6.79044e-06 6.52612e-06 6.27097e-06 6.02474e-06 5.78717e-06 5.55802e-06 5.33705e-06 5.12402e-06 4.9187e-06 4.72084e-06 4.53023e-06 4.34664e-06 4.16986e-06 3.99966e-06 3.83583e-06 3.67818e-06 3.5265e-06 3.38059e-06 3.24027e-06 3.10534e-06 2.97562e-06 2.85094e-06
0.000163804 4.30656e-05 4.37868e-05 4.4379e-05 4.48498e-05 4.5207e-05 4.54578e-05 4.56093e-05 4.56682e-05 4.5641e-05 4.55339e-05 4.53529e-05 4.51036e-05 4.47914e-05 4.44215e-05 4.39988e-05 4.3528e-05 4.30134e-05 4.24594e-05 4.18697e-05 4.12483e-05 4.05986e-05 3.99239e-05 3.92275e-05 3.85123e-05 3.7781e-05 3.70362e-05 3.62804e-05 3.55159e-05 3.47447e-05 3.39689e-05 3.31902e-05 3.24105e-05 3.16311e-05 3.08537e-05 3.00795e-05 2.93097e-05 2.85456e-05 2.77881e-05 2.70381e-05 2.62965e-05 2.55641e-05 2.48416e-05 2.41295e-05 2.34285e-05 2.2739e-05 2.20613e-05 2.1396e-05 2.07433e-05 2.01035e-05 1.94767e-05 1.88632e-05 1.82631e-05 1.76764e-05 1.71033e-05 1.65438e-05 1.59978e-05 1.54654e-05 1.49464e-05 1.44409e-05 1.39487e-05 1.34697e-05 1.30038e-05 1.25508e-05 1.21106e-05 1.16829e-05 1.12677e-05 1.08647e-05 1.04737e-05 1.00944e-05 9.7268e-06 9.37051e-06 9.02534e-06 8.69106e-06 8.36745e-06 8.05425e-06 7.75124e-06 7.45818e-06 7.17482e-06 6.90092e-06 6.63625e-06 6.38056e-06 6.13363e-06 5.89521e-06 5.66508e-06 5.44299e-06 5.22874e-06 5.02209e-06 4.82281e-06 4.6307e-06 4.44554e-06 4.26712e-06 4.09523e-06 3.92967e-06 3.77024e-06 3.61674e-06 3.46899e-06 3.32681e-06 3.19e-06 3.05839e-06 2.93181e-06
0.000152604 4.06245e-05 4.13943e-05 4.20394e-05 4.2567e-05 4.2984e-05 4.32973e-05 4.35133e-05 4.36385e-05 4.36788e-05 4.36401e-05 4.3528e-05 4.33479e-05 4.31049e-05 4.28039e-05 4.24495e-05 4.20464e-05 4.15986e-05 4.11103e-05 4.05852e-05 4.0027e-05 3.94392e-05 3.88249e-05 3.81873e-05 3.75293e-05 3.68535e-05 3.61626e-05 3.54589e-05 3.47447e-05 3.40221e-05 3.32931e-05 3.25595e-05 3.1823e-05 3.10852e-05 3.03476e-05 2.96115e-05 2.88783e-05 2.81489e-05 2.74246e-05 2.67062e-05 2.59948e-05 2.5291e-05 2.45956e-05 2.39092e-05 2.32326e-05 2.2566e-05 2.19102e-05 2.12654e-05 2.06319e-05 2.00102e-05 1.94005e-05 1.8803e-05 1.82178e-05 1.76451e-05 1.7085e-05 1.65376e-05 1.60029e-05 1.54809e-05 1.49716e-05 1.4475e-05 1.3991e-05 1.35195e-05 1.30605e-05 1.26138e-05 1.21792e-05 1.17567e-05 1.13461e-05 1.09473e-05 1.05599e-05 1.0184e-05 9.81918e-06 9.46535e-06 9.12229e-06 8.78979e-06 8.46763e-06 8.15561e-06 7.85349e-06 7.56105e-06 7.27809e-06 7.00437e-06 6.73967e-06 6.48377e-06 6.23644e-06 5.99747e-06 5.76664e-06 5.54373e-06 5.32852e-06 5.1208e-06 4.92036e-06 4.72699e-06 4.54049e-06 4.36065e-06 4.18729e-06 4.02019e-06 3.85918e-06 3.70406e-06 3.55465e-06 3.41078e-06 3.27225e-06 3.13891e-06 3.01058e-06
0.00014217 3.83158e-05 3.91258e-05 3.98156e-05 4.03918e-05 4.08609e-05 4.12291e-05 4.15024e-05 4.16868e-05 4.17879e-05 4.18112e-05 4.1762e-05 4.16452e-05 4.14658e-05 4.12284e-05 4.09375e-05 4.05973e-05 4.02119e-05 3.97851e-05 3.93207e-05 3.88222e-05 3.82928e-05 3.77358e-05 3.71541e-05 3.65505e-05 3.59278e-05 3.52884e-05 3.46347e-05 3.39689e-05 3.32931e-05 3.26093e-05 3.19193e-05 3.12248e-05 3.05274e-05 2.98286e-05 2.91297e-05 2.84321e-05 2.77369e-05 2.70452e-05 2.6358e-05 2.56762e-05 2.50007e-05 2.43322e-05 2.36714e-05 2.30189e-05 2.23754e-05 2.17413e-05 2.1117e-05 2.0503e-05 1.98996e-05 1.9307e-05 1.87257e-05 1.81557e-05 1.75972e-05 1.70504e-05 1.65154e-05 1.59923e-05 1.54811e-05 1.49819e-05 1.44945e-05 1.40191e-05 1.35555e-05 1.31038e-05 1.26637e-05 1.22353e-05 1.18184e-05 1.14128e-05 1.10185e-05 1.06352e-05 1.02629e-05 9.90134e-06 9.55036e-06 9.20979e-06 8.87943e-06 8.55909e-06 8.24858e-06 7.9477e-06 7.65625e-06 7.37401e-06 7.10079e-06 6.83638e-06 6.58057e-06 6.33315e-06 6.09392e-06 5.86267e-06 5.6392e-06 5.4233e-06 5.21477e-06 5.01341e-06 4.81902e-06 4.63141e-06 4.45038e-06 4.27575e-06 4.10733e-06 3.94493e-06 3.78837e-06 3.63748e-06 3.49209e-06 3.35201e-06 3.21709e-06 3.08716e-06
0.000132449 3.61329e-05 3.69754e-05 3.77024e-05 3.832e-05 3.88339e-05 3.92501e-05 3.95741e-05 3.98112e-05 3.99669e-05 4.00462e-05 4.00541e-05 3.99952e-05 3.98742e-05 3.96954e-05 3.94632e-05 3.91815e-05 3.88542e-05 3.84851e-05 3.80776e-05 3.76352e-05 3.7161e-05 3.66581e-05 3.61295e-05 3.55777e-05 3.50056e-05 3.44154e-05 3.38096e-05 3.31902e-05 3.25595e-05 3.19193e-05 3.12714e-05 3.06176e-05 2.99594e-05 2.92983e-05 2.86357e-05 2.79729e-05 2.73111e-05 2.66514e-05 2.59948e-05 2.53422e-05 2.46946e-05 2.40527e-05 2.34172e-05 2.27889e-05 2.21682e-05 2.15558e-05 2.09521e-05 2.03575e-05 1.97724e-05 1.91973e-05 1.86322e-05 1.80776e-05 1.75336e-05 1.70004e-05 1.64781e-05 1.59668e-05 1.54667e-05 1.49778e-05 1.45001e-05 1.40335e-05 1.35782e-05 1.31341e-05 1.27011e-05 1.22791e-05 1.18681e-05 1.14679e-05 1.10785e-05 1.06997e-05 1.03314e-05 9.97345e-06 9.62569e-06 9.28796e-06 8.96009e-06 8.64192e-06 8.33328e-06 8.03397e-06 7.74381e-06 7.46263e-06 7.19022e-06 6.9264e-06 6.67098e-06 6.42376e-06 6.18455e-06 5.95316e-06 5.72939e-06 5.51305e-06 5.30396e-06 5.10191e-06 4.90674e-06 4.71824e-06 4.53623e-06 4.36055e-06 4.19099e-06 4.0274e-06 3.86959e-06 3.7174e-06 3.57065e-06 3.42919e-06 3.29285e-06 3.16147e-06
0.000123392 3.40694e-05 3.49375e-05 3.5695e-05 3.63472e-05 3.68995e-05 3.73573e-05 3.77257e-05 3.80096e-05 3.82141e-05 3.83438e-05 3.84034e-05 3.83973e-05 3.83297e-05 3.8205e-05 3.80269e-05 3.77995e-05 3.75264e-05 3.7211e-05 3.68569e-05 3.64672e-05 3.6045e-05 3.55933e-05 3.51149e-05 3.46124e-05 3.40884e-05 3.35452e-05 3.29852e-05 3.24105e-05 3.1823e-05 3.12248e-05 3.06176e-05 3.00031e-05 2.93829e-05 2.87584e-05 2.81311e-05 2.75023e-05 2.68731e-05 2.62447e-05 2.56181e-05 2.49943e-05 2.43742e-05 2.37585e-05 2.31481e-05 2.25436e-05 2.19457e-05 2.13548e-05 2.07716e-05 2.01965e-05 1.96298e-05 1.90721e-05 1.85235e-05 1.79844e-05 1.7455e-05 1.69355e-05 1.64261e-05 1.5927e-05 1.54382e-05 1.49599e-05 1.44921e-05 1.40348e-05 1.35881e-05 1.31519e-05 1.27262e-05 1.2311e-05 1.19063e-05 1.15119e-05 1.11277e-05 1.07537e-05 1.03898e-05 1.00357e-05 9.69152e-06 9.35696e-06 9.03192e-06 8.71625e-06 8.40978e-06 8.11236e-06 7.82382e-06 7.54399e-06 7.27269e-06 7.00976e-06 6.75501e-06 6.50826e-06 6.26934e-06 6.03807e-06 5.81426e-06 5.59774e-06 5.38832e-06 5.18583e-06 4.99009e-06 4.80092e-06 4.61815e-06 4.44161e-06 4.27113e-06 4.10653e-06 3.94765e-06 3.79433e-06 3.6464e-06 3.50372e-06 3.36611e-06 3.23343e-06
