0.546846 0.0370362 0.0252084 0.0171579 0.0116784 0.00794881 0.0054103 0.00368248 0.00250645 0.001706 0.00116117 0.000790343 0.000537941 0.000366145 0.000249214 0.000169625 0.000115454 7.8583e-05 5.34869e-05 3.64055e-05 2.47791e-05 1.68657e-05 1.14795e-05 7.81344e-06 5.31815e-06 3.61976e-06 2.46376e-06 1.67694e-06 1.1414e-06 7.76882e-07 5.28779e-07 3.59909e-07 2.44969e-07 1.66737e-07 1.13488e-07 7.72447e-08 5.2576e-08 3.57854e-08 2.43571e-08 1.65785e-08 1.1284e-08 7.68036e-09 5.22758e-09 3.55811e-09 2.4218e-09 1.64838e-09 1.12196e-09 7.63651e-10 5.19773e-10 3.5378e-10 2.40797e-10 1.63897e-10 1.11555e-10 7.59291e-11 5.16806e-11 3.5176e-11 2.39422e-11 1.62961e-11 1.10918e-11 7.54956e-12 5.13855e-12 3.49751e-12 2.38055e-12 1.62031e-12 1.10285e-12 7.50645e-13 5.10921e-13 3.47754e-13 2.36696e-13 1.61105e-13 1.09655e-13 7.46359e-14 5.08004e-14 3.45769e-14 2.35345e-14 1.60186e-14 1.09029e-14 7.42098e-15 5.05103e-15 3.43795e-15 2.34001e-15 1.59271e-15 1.08407e-15 7.37861e-16 5.02219e-16 3.41832e-16 2.32665e-16 1.58362e-16 1.07788e-16 7.33648e-17 4.99352e-17 3.3988e-17 2.31337e-17 1.57457e-17 1.07172e-17 7.29459e-18 4.96501e-18 3.37939e-18 2.30016e-18 1.56558e-18 1.0656e-18
0.0370362 0.0129316 0.00958883 0.00706225 0.00517148 0.0037681 0.00273364 0.0019756 0.00142293 0.00102177 0.000731714 0.00052271 0.000372574 0.000265021 0.000188165 0.000133369 9.43812e-05 6.66933e-05 4.70642e-05 3.31705e-05 2.33509e-05 1.64202e-05 1.15347e-05 8.09492e-06 5.67578e-06 3.97619e-06 2.78328e-06 1.94678e-06 1.36069e-06 9.504e-07 6.63392e-07 4.62769e-07 3.22628e-07 2.248e-07 1.56552e-07 1.08967e-07 7.58093e-08 5.27163e-08 3.66414e-08 2.54573e-08 1.76796e-08 1.22733e-08 8.51691e-09 5.90806e-09 4.09688e-09 2.83998e-09 1.96804e-09 1.36337e-09 9.44195e-10 6.53705e-10 4.52457e-10 3.13078e-10 2.16577e-10 1.49782e-10 1.03562e-10 7.15866e-11 4.94724e-11 3.41818e-11 2.36119e-11 1.63069e-11 1.12596e-11 7.77297e-12 5.36493e-12 3.70219e-12 2.5543e-12 1.762e-12 1.21524e-12 8.38002e-13 5.7777e-13 3.98284e-13 2.74513e-13 1.89175e-13 1.30347e-13 8.97989e-14 6.18557e-14 4.26017e-14 2.93369e-14 2.01996e-14 1.39064e-14 9.57264e-15 6.5886e-15 4.53421e-15 3.12002e-15 2.14665e-15 1.47678e-15 1.01583e-15 6.98683e-16 4.80497e-16 3.30412e-16 2.27183e-16 1.56189e-16 1.0737e-16 7.38029e-17 5.0725e-17 3.48601e-17 2.3955e-17 1.64598e-17 1.13088e-17 7.76903e-18 5.33681e-18 3.66573e-18
0.0252084 0.00958883 0.00733705 0.00556229 0.00418417 0.00312674 0.00232323 0.00171764 0.00126434 0.000927055 0.000677381 0.000493398 0.000358367 0.000259618 0.000187635 0.000135315 9.73888e-05 6.99625e-05 5.01733e-05 3.59238e-05 2.56827e-05 1.83354e-05 1.30727e-05 9.30899e-06 6.62112e-06 4.70415e-06 3.33869e-06 2.36724e-06 1.67687e-06 1.18677e-06 8.39199e-07 5.9294e-07 4.1862e-07 2.9533e-07 2.08202e-07 1.4668e-07 1.03269e-07 7.26608e-08 5.10939e-08 3.59076e-08 2.5221e-08 1.77054e-08 1.24229e-08 8.71217e-09 6.10688e-09 4.27869e-09 2.99645e-09 2.09756e-09 1.46771e-09 1.02656e-09 7.17732e-10 5.01616e-10 3.50445e-10 2.44743e-10 1.70864e-10 1.19245e-10 8.31935e-11 5.80226e-11 4.04547e-11 2.81974e-11 1.9648e-11 1.36869e-11 9.53164e-12 6.63607e-12 4.6189e-12 3.21405e-12 2.23592e-12 1.55507e-12 1.08129e-12 7.51671e-13 5.22413e-13 3.62996e-13 2.5217e-13 1.75142e-13 1.21618e-13 8.44329e-14 5.86056e-14 4.06706e-14 2.82187e-14 1.95754e-14 1.3577e-14 9.41493e-15 6.52759e-15 4.52493e-15 3.13615e-15 2.17324e-15 1.50573e-15 1.04308e-15 7.22464e-16 5.0032e-16 3.46428e-16 2.39835e-16 1.66015e-16 1.149e-16 7.95112e-17 5.50145e-17 3.80597e-17 2.63267e-17 1.82082e-17 1.25917e-17 8.70646e-18
0.0171579 0.00706225 0.00556229 0.0043287 0.00333556 0.00254901 0.00193416 0.00145865 0.00109414 0.000816845 0.000607253 0.000449732 0.000331933 0.000244228 0.000179186 0.000131124 9.57231e-05 6.97245e-05 5.06824e-05 3.67701e-05 2.66289e-05 1.92522e-05 1.3897e-05 1.00165e-05 7.20951e-06 5.18225e-06 3.72037e-06 2.6677e-06 1.91072e-06 1.36707e-06 9.771e-07 6.97689e-07 4.97714e-07 3.54739e-07 2.52619e-07 1.79749e-07 1.27798e-07 9.07937e-08 6.44568e-08 4.57276e-08 3.24186e-08 2.29682e-08 1.62625e-08 1.15076e-08 8.13818e-09 5.75206e-09 4.06332e-09 2.86886e-09 2.02448e-09 1.42791e-09 1.00665e-09 7.09333e-10 4.99604e-10 3.51729e-10 2.47517e-10 1.74108e-10 1.22421e-10 8.6044e-11 6.0453e-11 4.24573e-11 2.98076e-11 2.09193e-11 1.46763e-11 1.02929e-11 7.21628e-12 5.05766e-12 3.54363e-12 2.48207e-12 1.73799e-12 1.21661e-12 8.51399e-13 5.95649e-13 4.16609e-13 2.91306e-13 2.03636e-13 1.42314e-13 9.94331e-14 6.94554e-14 4.85038e-14 3.38642e-14 2.36377e-14 1.64957e-14 1.1509e-14 8.02802e-15 5.59868e-15 3.90365e-15 2.72123e-15 1.89658e-15 1.32156e-15 9.20705e-16 6.41311e-16 4.46616e-16 3.1097e-16 2.16482e-16 1.50677e-16 1.04857e-16 7.29573e-17 5.07535e-17 3.53013e-17 2.45495e-17 1.70696e-17
0.0116784 0.00517148 0.00418417 0.00333556 0.00262726 0.00204879 0.00158425 0.00121617 0.000927745 0.000703804 0.000531297 0.000399309 0.000298922 0.000222968 0.000165769 0.000122874 9.08262e-05 6.69657e-05 4.92565e-05 3.61505e-05 2.6477e-05 1.93547e-05 1.41226e-05 1.02873e-05 7.48152e-06 5.43272e-06 3.9393e-06 2.85252e-06 2.06287e-06 1.48998e-06 1.07492e-06 7.74614e-07 5.57605e-07 4.00978e-07 2.88063e-07 2.06749e-07 1.48254e-07 1.06216e-07 7.60342e-08 5.43848e-08 3.88694e-08 2.77595e-08 1.98108e-08 1.41282e-08 1.00688e-08 7.17108e-09 5.10406e-09 3.63062e-09 2.581e-09 1.83376e-09 1.30213e-09 9.24128e-10 6.5551e-10 4.64733e-10 3.29315e-10 2.33242e-10 1.6512e-10 1.1684e-10 8.26395e-11 5.84245e-11 4.12874e-11 2.91648e-11 2.05933e-11 1.45352e-11 1.02553e-11 7.23285e-12 5.09933e-12 3.59385e-12 2.53194e-12 1.78319e-12 1.25544e-12 8.83593e-13 6.21682e-13 4.37267e-13 3.07462e-13 2.16124e-13 1.51876e-13 1.06695e-13 7.49342e-14 5.2613e-14 3.69307e-14 2.59158e-14 1.81814e-14 1.2752e-14 8.94168e-15 6.26833e-15 4.39317e-15 3.07822e-15 2.15635e-15 1.51021e-15 1.05744e-15 7.40251e-16 5.1809e-16 3.62525e-16 2.53617e-16 1.77389e-16 1.24047e-16 8.67281e-17 6.06241e-17 4.23687e-17 2.96048e-17
0.00794881 0.0037681 0.00312674 0.00254901 0.00204879 0.00162768 0.00128056 0.000999107 0.000773919 0.000595716 0.000455994 0.00034731 0.000263349 0.000198878 0.000149637 0.000112208 8.38808e-05 6.25252e-05 4.64829e-05 3.44712e-05 2.55046e-05 1.88296e-05 1.38735e-05 1.02023e-05 7.48914e-06 5.48816e-06 4.01534e-06 2.93329e-06 2.13972e-06 1.55869e-06 1.13394e-06 8.23902e-07 5.97914e-07 4.33414e-07 3.13826e-07 2.26995e-07 1.64022e-07 1.18404e-07 8.53927e-08 6.15296e-08 4.42964e-08 3.18631e-08 2.29011e-08 1.64469e-08 1.18027e-08 8.4637e-09 6.06501e-09 4.34314e-09 3.10804e-09 2.22274e-09 1.58861e-09 1.1347e-09 8.10008e-10 5.77892e-10 4.1206e-10 2.93655e-10 2.09163e-10 1.48904e-10 1.05953e-10 7.53534e-11 5.35657e-11 3.80599e-11 2.70303e-11 1.91885e-11 1.36158e-11 9.65739e-12 6.84695e-12 4.85243e-12 3.43755e-12 2.43428e-12 1.72317e-12 1.21934e-12 8.62506e-13 6.09882e-13 4.31101e-13 3.04624e-13 2.15181e-13 1.5195e-13 1.07265e-13 7.5697e-14 5.3403e-14 3.76635e-14 2.6555e-14 1.87174e-14 1.31893e-14 9.29122e-15 6.54342e-15 4.60701e-15 3.24278e-15 2.28193e-15 1.60537e-15 1.12911e-15 7.93949e-16 5.58137e-16 3.9227e-16 2.75629e-16 1.93627e-16 1.35989e-16 9.54876e-17 6.70335e-17 4.70482e-17
0.0054103 0.00273364 0.00232323 0.00193416 0.00158425 0.00128056 0.00102373 0.000810792 0.000636993 0.000496943 0.000385289 0.000297078 0.000227931 0.000174097 0.000132439 0.000100374 7.58129e-05 5.70815e-05 4.28527e-05 3.20834e-05 2.39597e-05 1.78506e-05 1.32696e-05 9.84359e-06 7.28772e-06 5.38543e-06 3.97267e-06 2.92561e-06 2.1511e-06 1.57923e-06 1.15772e-06 8.47548e-07 6.19658e-07 4.52474e-07 3.29997e-07 2.40394e-07 1.74925e-07 1.27151e-07 9.23287e-08 6.69768e-08 4.85398e-08 3.51455e-08 2.54247e-08 1.83768e-08 1.32715e-08 9.57684e-09 6.90535e-09 4.97532e-09 3.5821e-09 2.5772e-09 1.85292e-09 1.3313e-09 9.55899e-10 6.8592e-10 4.9189e-10 3.52535e-10 2.52513e-10 1.80767e-10 1.29334e-10 9.24854e-11 6.61005e-11 4.72187e-11 3.37136e-11 2.40594e-11 1.71615e-11 1.22356e-11 8.71961e-12 6.21119e-12 4.42245e-12 3.1475e-12 2.23917e-12 1.59233e-12 1.13189e-12 8.04275e-13 5.71267e-13 4.05611e-13 2.87886e-13 2.04256e-13 1.44869e-13 1.02713e-13 7.27992e-14 5.15802e-14 3.6534e-14 2.58685e-14 1.83108e-14 1.29572e-14 9.16598e-15 6.48213e-15 4.58278e-15 3.23903e-15 2.28863e-15 1.61665e-15 1.14166e-15 8.06011e-16 5.68891e-16 4.01424e-16 2.83182e-16 1.99718e-16 1.40819e-16 9.92654e-17 6.99568e-17
0.00368248 0.0019756 0.00171764 0.00145865 0.00121617 0.000999107 0.000810792 0.000651206 0.000518414 0.000409529 0.000321326 0.000250605 0.000194396 0.000150062 0.000115326 8.82739e-05 6.73167e-05 5.11596e-05 3.87574e-05 2.92753e-05 2.20524e-05 1.65689e-05 1.2419e-05 9.28737e-06 6.93061e-06 5.16147e-06 3.83659e-06 2.84663e-06 2.10847e-06 1.55917e-06 1.15118e-06 8.48676e-07 6.24774e-07 4.59317e-07 3.37236e-07 2.47293e-07 1.8112e-07 1.32501e-07 9.68249e-08 7.0679e-08 5.154e-08 3.75461e-08 2.73255e-08 1.98685e-08 1.44336e-08 1.04762e-08 7.5974e-09 5.5052e-09 3.986e-09 2.88381e-09 2.08484e-09 1.50613e-09 1.0873e-09 7.84397e-10 5.65502e-10 4.07428e-10 2.93355e-10 2.11091e-10 1.51804e-10 1.09105e-10 7.83717e-11 5.62641e-11 4.03709e-11 2.89518e-11 2.07518e-11 1.48668e-11 1.06455e-11 7.61911e-12 5.4505e-12 3.89734e-12 2.7855e-12 1.98997e-12 1.42102e-12 1.01431e-12 7.23701e-13 5.16144e-13 3.67968e-13 2.62227e-13 1.86801e-13 1.3302e-13 9.46876e-14 6.73771e-14 4.79266e-14 3.40792e-14 2.42244e-14 1.72135e-14 1.22276e-14 8.68307e-15 6.16404e-15 4.37443e-15 3.10344e-15 2.20106e-15 1.5606e-15 1.10617e-15 7.83845e-16 5.55281e-16 3.93254e-16 2.78429e-16 1.97078e-16 1.39458e-16 9.86592e-17
0.00250645 0.00142293 0.00126434 0.00109414 0.000927745 0.000773919 0.000636993 0.000518414 0.00041786 0.000334005 0.000265025 0.000208926 0.000163745 0.000127662 9.90575e-05 7.65286e-05 5.88881e-05 4.51475e-05 3.44955e-05 2.62734e-05 1.99522e-05 1.51102e-05 1.14136e-05 8.6005e-06 6.46589e-06 4.85058e-06 3.63137e-06 2.71333e-06 2.02365e-06 1.50662e-06 1.11982e-06 8.30995e-07 6.15724e-07 4.55553e-07 3.36577e-07 2.4834e-07 1.82999e-07 1.34684e-07 9.9006e-08 7.26958e-08 5.33184e-08 3.90643e-08 2.85914e-08 2.09054e-08 1.52708e-08 1.11445e-08 8.12584e-09 5.91963e-09 4.30876e-09 3.13366e-09 2.27722e-09 1.65356e-09 1.1998e-09 8.69917e-10 6.30285e-10 4.56346e-10 3.30185e-10 2.38745e-10 1.72518e-10 1.24583e-10 8.99127e-11 6.4852e-11 4.67491e-11 3.36803e-11 2.42515e-11 1.74528e-11 1.25534e-11 9.02469e-12 6.4846e-12 4.65714e-12 3.34306e-12 2.39863e-12 1.7202e-12 1.2331e-12 8.83532e-13 6.32786e-13 4.53007e-13 3.24168e-13 2.31877e-13 1.65794e-13 1.18497e-13 8.46594e-14 6.04613e-14 4.31636e-14 3.08033e-14 2.19745e-14 1.56707e-14 1.11713e-14 7.96103e-15 5.67138e-15 4.03891e-15 2.8754e-15 2.04641e-15 1.45596e-15 1.03555e-15 7.36308e-16 5.23381e-16 3.71918e-16 2.6421e-16 1.87641e-16 1.33224e-16
0.001706 0.00102177 0.000927055 0.000816845 0.000703804 0.000595716 0.000496943 0.000409529 0.000334005 0.000269972 0.000216503 0.000172418 0.000136456 0.000107391 8.4088e-05 6.55367e-05 5.08614e-05 3.93178e-05 3.02842e-05 2.32477e-05 1.77902e-05 1.3574e-05 1.03286e-05 7.83886e-06 5.9348e-06 4.48291e-06 3.37885e-06 2.54145e-06 1.90784e-06 1.42953e-06 1.06923e-06 7.98387e-07 5.95184e-07 4.43012e-07 3.29256e-07 2.44361e-07 1.81108e-07 1.34051e-07 9.9095e-08 7.31651e-08 5.39567e-08 3.97461e-08 2.92461e-08 2.14971e-08 1.57851e-08 1.15794e-08 8.48608e-09 6.21332e-09 4.54516e-09 3.32196e-09 2.42588e-09 1.77006e-09 1.2905e-09 9.4013e-10 6.84367e-10 4.97817e-10 3.61858e-10 2.62846e-10 1.90796e-10 1.38404e-10 1.00333e-10 7.26883e-11 5.2628e-11 3.80809e-11 2.75386e-11 1.99033e-11 1.43768e-11 1.03792e-11 7.48908e-12 5.40088e-12 3.89293e-12 2.80459e-12 2.01951e-12 1.4535e-12 1.04562e-12 7.51853e-13 5.40373e-13 3.88203e-13 2.78763e-13 2.00089e-13 1.43558e-13 1.02956e-13 7.38074e-14 5.28901e-14 3.78859e-14 2.71278e-14 1.94172e-14 1.3893e-14 9.9368e-15 7.10462e-15 5.07788e-15 3.62804e-15 2.59128e-15 1.85016e-15 1.32057e-15 9.42259e-16 6.72111e-16 4.79263e-16 3.41643e-16 2.43466e-16 1.7345e-16
0.00116117 0.000731714 0.000677381 0.000607253 0.000531297 0.000455994 0.000385289 0.000321326 0.000265025 0.000216503 0.000175388 0.000141032 0.000112658 8.94576e-05 7.06531e-05 5.55277e-05 4.34441e-05 3.38493e-05 2.62726e-05 2.03193e-05 1.56629e-05 1.20362e-05 9.22239e-06 7.04712e-06 5.37108e-06 4.08372e-06 3.09779e-06 2.34477e-06 1.77113e-06 1.33519e-06 1.00467e-06 7.5461e-07 5.65821e-07 4.23569e-07 3.16583e-07 2.36263e-07 1.76067e-07 1.31025e-07 9.7376e-08 7.22752e-08 5.35781e-08 3.96702e-08 2.93386e-08 2.16735e-08 1.59937e-08 1.179e-08 8.6824e-09 6.38761e-09 4.69487e-09 3.44753e-09 2.52931e-09 1.85403e-09 1.35789e-09 9.93701e-10 7.26605e-10 5.30887e-10 3.87593e-10 2.82767e-10 2.06142e-10 1.50176e-10 1.0933e-10 7.95395e-11 5.78289e-11 4.20174e-11 3.05101e-11 2.21408e-11 1.60577e-11 1.16392e-11 8.43165e-12 6.10466e-12 4.41746e-12 3.19487e-12 2.30943e-12 1.66854e-12 1.20489e-12 8.69654e-13 6.27387e-13 4.52396e-13 3.26063e-13 2.34901e-13 1.69151e-13 1.21752e-13 8.75969e-14 6.29967e-14 4.52863e-14 3.25416e-14 2.33742e-14 1.67828e-14 1.20455e-14 8.64206e-15 6.19796e-15 4.44345e-15 3.18445e-15 2.28136e-15 1.63381e-15 1.16966e-15 8.37088e-16 5.98875e-16 4.28311e-16 3.06226e-16 2.18869e-16
0.000790343 0.00052271 0.000493398 0.000449732 0.000399309 0.00034731 0.000297078 0.000250605 0.000208926 0.000172418 0.000141032 0.000114459 9.22456e-05 7.38776e-05 5.88313e-05 4.66072e-05 3.67482e-05 2.88483e-05 2.25554e-05 1.75692e-05 1.36376e-05 1.05513e-05 8.13853e-06 6.25948e-06 4.80126e-06 3.67335e-06 2.80362e-06 2.13492e-06 1.62218e-06 1.23003e-06 9.30843e-07 7.03104e-07 5.30128e-07 3.99021e-07 2.99842e-07 2.24959e-07 1.68521e-07 1.26058e-07 9.41627e-08 7.02422e-08 5.233e-08 3.89364e-08 2.89357e-08 2.14784e-08 1.59249e-08 1.17944e-08 8.72589e-09 6.44906e-09 4.76156e-09 3.5122e-09 2.58822e-09 1.90557e-09 1.40173e-09 1.03021e-09 7.56522e-10 5.55088e-10 4.06964e-10 2.98135e-10 2.18243e-10 1.59642e-10 1.16692e-10 8.52372e-11 6.22185e-11 4.53856e-11 3.30851e-11 2.41029e-11 1.75483e-11 1.27683e-11 9.28481e-12 6.74773e-12 4.9011e-12 3.55784e-12 2.58131e-12 1.8718e-12 1.35659e-12 9.82687e-13 7.11477e-13 5.14862e-13 3.72399e-13 2.69227e-13 1.94547e-13 1.40517e-13 1.01447e-13 7.32075e-14 5.28059e-14 3.80735e-14 2.74397e-14 1.97678e-14 1.4235e-14 1.02467e-14 7.37297e-15 5.30311e-15 3.81288e-15 2.7404e-15 1.96886e-15 1.41402e-15 1.01518e-15 7.28585e-16 5.22715e-16 3.74889e-16 2.68778e-16
0.000537941 0.000372574 0.000358367 0.000331933 0.000298922 0.000263349 0.000227931 0.000194396 0.000163745 0.000136456 0.000112658 9.22456e-05 7.4979e-05 6.05434e-05 4.85958e-05 3.87944e-05 3.0816e-05 2.43665e-05 1.91854e-05 1.50467e-05 1.17578e-05 9.15635e-06 7.1077e-06 5.50085e-06 4.24521e-06 3.26744e-06 2.50851e-06 1.92125e-06 1.46812e-06 1.11944e-06 8.51804e-07 6.46881e-07 4.90334e-07 3.71003e-07 2.80229e-07 2.11315e-07 1.59096e-07 1.19598e-07 8.97734e-08 6.72913e-08 5.03706e-08 3.76551e-08 2.81137e-08 2.09642e-08 1.56143e-08 1.16163e-08 8.63238e-09 6.40802e-09 4.75185e-09 3.52015e-09 2.60514e-09 1.92612e-09 1.42277e-09 1.05e-09 7.74221e-10 5.70384e-10 4.19862e-10 3.08811e-10 2.26953e-10 1.66664e-10 1.22299e-10 8.96771e-11 6.57097e-11 4.81142e-11 3.52062e-11 2.57439e-11 1.88124e-11 1.37384e-11 1.00267e-11 7.31327e-12 5.33097e-12 3.88369e-12 2.8277e-12 2.05768e-12 1.49652e-12 1.08781e-12 7.90298e-13 5.73857e-13 4.16481e-13 3.02113e-13 2.19043e-13 1.58738e-13 1.14981e-13 8.32468e-14 6.02438e-14 4.35775e-14 3.15079e-14 2.27714e-14 1.64503e-14 1.18789e-14 8.57435e-15 6.18656e-15 4.46195e-15 3.21684e-15 2.31828e-15 1.67008e-15 1.20268e-15 8.65762e-16 6.23005e-16 4.48156e-16 3.22266e-16
0.000366145 0.000265021 0.000259618 0.000244228 0.000222968 0.000198878 0.000174097 0.000150062 0.000127662 0.000107391 8.94576e-05 7.38776e-05 6.05434e-05 4.92743e-05 3.98529e-05 3.20502e-05 2.56414e-05 2.04161e-05 1.61839e-05 1.27765e-05 1.0048e-05 7.8741e-06 6.14993e-06 4.78824e-06 3.71704e-06 2.87745e-06 2.22163e-06 1.711e-06 1.3146e-06 1.00777e-06 7.70885e-07 5.88475e-07 4.48346e-07 3.40945e-07 2.58805e-07 1.96116e-07 1.48366e-07 1.12063e-07 8.45135e-08 6.36428e-08 4.7858e-08 3.59388e-08 2.69524e-08 2.01872e-08 1.51013e-08 1.12833e-08 8.42075e-09 6.27737e-09 4.67446e-09 3.47716e-09 2.58388e-09 1.91817e-09 1.42259e-09 1.05406e-09 7.80276e-10 5.77092e-10 4.26446e-10 3.14859e-10 2.32278e-10 1.71218e-10 1.26111e-10 9.28153e-11 6.82594e-11 5.01636e-11 3.68386e-11 2.70343e-11 1.98258e-11 1.45297e-11 1.06414e-11 7.7887e-12 5.69716e-12 4.16472e-12 3.04266e-12 2.22159e-12 1.62116e-12 1.18234e-12 8.61826e-13 6.27856e-13 4.57162e-13 3.327e-13 2.41998e-13 1.75936e-13 1.27844e-13 9.28534e-14 6.74073e-14 4.89118e-14 3.54748e-14 2.57176e-14 1.86358e-14 1.34982e-14 9.77272e-15 7.0725e-15 5.11622e-15 3.69955e-15 2.67407e-15 1.93208e-15 1.39543e-15 1.00745e-15 7.27071e-16 5.24526e-16 3.78267e-16
0.000249214 0.000188165 0.000187635 0.000179186 0.000165769 0.000149637 0.000132439 0.000115326 9.90575e-05 8.4088e-05 7.06531e-05 5.88313e-05 4.85958e-05 3.98529e-05 3.24708e-05 2.62998e-05 2.11864e-05 1.69823e-05 1.35499e-05 1.07652e-05 8.51886e-06 6.71628e-06 5.27675e-06 4.13224e-06 3.22604e-06 2.51127e-06 1.94951e-06 1.50949e-06 1.16589e-06 8.98399e-07 6.90729e-07 5.29931e-07 4.05737e-07 3.10043e-07 2.36477e-07 1.80043e-07 1.36841e-07 1.03833e-07 7.86624e-08 5.9502e-08 4.49421e-08 3.38966e-08 2.55306e-08 1.92039e-08 1.44264e-08 1.08239e-08 8.11126e-09 6.07134e-09 4.5393e-09 3.39012e-09 2.52917e-09 1.88491e-09 1.40335e-09 1.0438e-09 7.75623e-10 5.75815e-10 4.27093e-10 3.16504e-10 2.34349e-10 1.73374e-10 1.2816e-10 9.4661e-11 6.9864e-11 5.15235e-11 3.79696e-11 2.79609e-11 2.05758e-11 1.51308e-11 1.11192e-11 8.16576e-12 5.9929e-12 4.39543e-12 3.22177e-12 2.36006e-12 1.72779e-12 1.26417e-12 9.24418e-13 6.75596e-13 4.93476e-13 3.60254e-13 2.62857e-13 1.91692e-13 1.39722e-13 1.01791e-13 7.41199e-14 5.39449e-14 3.92427e-14 2.8534e-14 2.0738e-14 1.50651e-14 1.09392e-14 7.93973e-15 5.76022e-15 4.17723e-15 3.028e-15 2.19404e-15 1.58912e-15 1.15052e-15 8.32651e-16 6.0237e-16 4.3561e-16
0.000169625 0.000133369 0.000135315 0.000131124 0.000122874 0.000112208 0.000100374 8.82739e-05 7.65286e-05 6.55367e-05 5.55277e-05 4.66072e-05 3.87944e-05 3.20502e-05 2.62998e-05 2.14486e-05 1.73941e-05 1.40331e-05 1.12676e-05 9.00708e-06 7.17042e-06 5.68634e-06 4.49319e-06 3.53839e-06 2.77761e-06 2.17385e-06 1.69649e-06 1.32039e-06 1.02504e-06 7.93825e-07 6.13336e-07 4.72837e-07 3.63753e-07 2.79269e-07 2.13992e-07 1.63669e-07 1.24956e-07 9.5237e-08 7.24665e-08 5.50527e-08 4.17594e-08 3.16292e-08 2.39223e-08 1.80684e-08 1.36287e-08 1.02667e-08 7.7244e-09 5.8046e-09 4.35682e-09 3.26642e-09 2.44621e-09 1.82999e-09 1.36757e-09 1.02097e-09 7.61452e-10 5.67357e-10 4.22341e-10 3.14104e-10 2.33398e-10 1.73279e-10 1.28536e-10 9.52678e-11 7.05533e-11 5.22091e-11 3.86048e-11 2.8524e-11 2.106e-11 1.5538e-11 1.14559e-11 8.44036e-12 6.21443e-12 4.57251e-12 3.36224e-12 2.47074e-12 1.81449e-12 1.33174e-12 9.76847e-13 7.16108e-13 5.24664e-13 3.84185e-13 2.81163e-13 2.05656e-13 1.50347e-13 1.09855e-13 8.02272e-14 5.85605e-14 4.2724e-14 3.1155e-14 2.27079e-14 1.65432e-14 1.20465e-14 8.76813e-15 6.37906e-15 4.63891e-15 3.37198e-15 2.45002e-15 1.77939e-15 1.2918e-15 9.37432e-16 6.80003e-16 4.93072e-16
0.000115454 9.43812e-05 9.73888e-05 9.57231e-05 9.08262e-05 8.38808e-05 7.58129e-05 6.73167e-05 5.88881e-05 5.08614e-05 4.34441e-05 3.67482e-05 3.0816e-05 2.56414e-05 2.11864e-05 1.73941e-05 1.41975e-05 1.15264e-05 9.31157e-06 7.4879e-06 5.99573e-06 4.78182e-06 3.79946e-06 3.00836e-06 2.37412e-06 1.86777e-06 1.4651e-06 1.14603e-06 8.94083e-07 6.95767e-07 5.40142e-07 4.18368e-07 3.23339e-07 2.49373e-07 1.91942e-07 1.47454e-07 1.13069e-07 8.65482e-08 6.61351e-08 5.04536e-08 3.84295e-08 2.92263e-08 2.21943e-08 1.68303e-08 1.2745e-08 9.63855e-09 7.27983e-09 5.49145e-09 4.13738e-09 3.11352e-09 2.34035e-09 1.75723e-09 1.31797e-09 9.87482e-10 7.39108e-10 5.52655e-10 4.12838e-10 3.08103e-10 2.29727e-10 1.71135e-10 1.27376e-10 9.47247e-11 7.03846e-11 5.22562e-11 3.87662e-11 2.87363e-11 2.12852e-11 1.57544e-11 1.16523e-11 8.61216e-12 6.36076e-12 4.69473e-12 3.46275e-12 2.5524e-12 1.88017e-12 1.38411e-12 1.01831e-12 7.48726e-13 5.50187e-13 4.04059e-13 2.96573e-13 2.17557e-13 1.59506e-13 1.16882e-13 8.56022e-14 6.26609e-14 4.58443e-14 3.3524e-14 2.45025e-14 1.79001e-14 1.30704e-14 9.53939e-15 6.95906e-15 5.07437e-15 3.69844e-15 2.69441e-15 1.96209e-15 1.4282e-15 1.03914e-15 7.55757e-16 5.49428e-16
7.8583e-05 6.66933e-05 6.99625e-05 6.97245e-05 6.69657e-05 6.25252e-05 5.70815e-05 5.11596e-05 4.51475e-05 3.93178e-05 3.38493e-05 2.88483e-05 2.43665e-05 2.04161e-05 1.69823e-05 1.40331e-05 1.15264e-05 9.41504e-06 7.6512e-06 6.18838e-06 4.98319e-06 3.99622e-06 3.1924e-06 2.54104e-06 2.0157e-06 1.59384e-06 1.25644e-06 9.8762e-07 7.74193e-07 6.05311e-07 4.72098e-07 3.67333e-07 2.85173e-07 2.20911e-07 1.70777e-07 1.31758e-07 1.01461e-07 7.79882e-08 5.98401e-08 4.58373e-08 3.50539e-08 2.6765e-08 2.04051e-08 1.55336e-08 1.18082e-08 8.96398e-09 6.79576e-09 5.14533e-09 3.89086e-09 2.93866e-09 2.21687e-09 1.67045e-09 1.25731e-09 9.45325e-10 7.10005e-10 5.32717e-10 3.99299e-10 2.99003e-10 2.23688e-10 1.67188e-10 1.24847e-10 9.31466e-11 6.94357e-11 5.1717e-11 3.84882e-11 2.86203e-11 2.12657e-11 1.57889e-11 1.17138e-11 8.68411e-12 6.4334e-12 4.76267e-12 3.52339e-12 2.60482e-12 1.92445e-12 1.42087e-12 1.0484e-12 7.73083e-13 5.69719e-13 4.19599e-13 3.08853e-13 2.27205e-13 1.67046e-13 1.22748e-13 9.01475e-14 6.61697e-14 4.85439e-14 3.55946e-14 2.60862e-14 1.91082e-14 1.39899e-14 1.02376e-14 7.48814e-15 5.47451e-15 4.0005e-15 2.92204e-15 2.13336e-15 1.55685e-15 1.13565e-15 8.28045e-16 6.03504e-16
5.34869e-05 4.70642e-05 5.01733e-05 5.06824e-05 4.92565e-05 4.64829e-05 4.28527e-05 3.87574e-05 3.44955e-05 3.02842e-05 2.62726e-05 2.25554e-05 1.91854e-05 1.61839e-05 1.35499e-05 1.12676e-05 9.31157e-06 7.6512e-06 6.25379e-06 5.08665e-06 4.11855e-06 3.32057e-06 2.66658e-06 2.13341e-06 1.70086e-06 1.35153e-06 1.07058e-06 8.4552e-07 6.65894e-07 5.23024e-07 4.09761e-07 3.20245e-07 2.49702e-07 1.94266e-07 1.50816e-07 1.16845e-07 9.03481e-08 6.97285e-08 5.37172e-08 4.13103e-08 3.17155e-08 2.43097e-08 1.8604e-08 1.42159e-08 1.08469e-08 8.26464e-09 6.28845e-09 4.77843e-09 3.62633e-09 2.74856e-09 2.08072e-09 1.5733e-09 1.18825e-09 8.96443e-10 6.75561e-10 5.08566e-10 3.82457e-10 2.87332e-10 2.15655e-10 1.61704e-10 1.21138e-10 9.06656e-11 6.77987e-11 5.06552e-11 3.78147e-11 2.82057e-11 2.10215e-11 1.56548e-11 1.16492e-11 8.6619e-12 6.43592e-12 4.77852e-12 3.54542e-12 2.62869e-12 1.94767e-12 1.44212e-12 1.06709e-12 7.89084e-13 5.83138e-13 4.30676e-13 3.17882e-13 2.34489e-13 1.72872e-13 1.27373e-13 9.37962e-14 6.90322e-14 5.07787e-14 3.73318e-14 2.74313e-14 2.01461e-14 1.47881e-14 1.08497e-14 7.95623e-15 5.8316e-15 4.27228e-15 3.12844e-15 2.28979e-15 1.6752e-15 1.22501e-15 8.95415e-16 6.54212e-16
3.64055e-05 3.31705e-05 3.59238e-05 3.67701e-05 3.61505e-05 3.44712e-05 3.20834e-05 2.92753e-05 2.62734e-05 2.32477e-05 2.03193e-05 1.75692e-05 1.50467e-05 1.27765e-05 1.07652e-05 9.00708e-06 7.4879e-06 6.18838e-06 5.08665e-06 4.16006e-06 3.38636e-06 2.74452e-06 2.21525e-06 1.78119e-06 1.42702e-06 1.13937e-06 9.06781e-07 7.19468e-07 5.69196e-07 4.49071e-07 3.53368e-07 2.77365e-07 2.17189e-07 1.6968e-07 1.32272e-07 1.02895e-07 7.98816e-08 6.1895e-08 4.78689e-08 3.69549e-08 2.84798e-08 2.19118e-08 1.68313e-08 1.29087e-08 9.88529e-09 7.559e-09 5.772e-09 4.40143e-09 3.35185e-09 2.54927e-09 1.93644e-09 1.46915e-09 1.11331e-09 8.42684e-10 6.37133e-10 4.81197e-10 3.63042e-10 2.73616e-10 2.06011e-10 1.54958e-10 1.16445e-10 8.74229e-11 6.5574e-11 4.91419e-11 3.67955e-11 2.75276e-11 2.0577e-11 1.53689e-11 1.14698e-11 8.55331e-12 6.37354e-12 4.74573e-12 3.53109e-12 2.62545e-12 1.95071e-12 1.44839e-12 1.07469e-12 7.96886e-13 5.90509e-13 4.37301e-13 3.2364e-13 2.39375e-13 1.76943e-13 1.30717e-13 9.65113e-14 7.12158e-14 5.25207e-14 3.8712e-14 2.85185e-14 2.09978e-14 1.54524e-14 1.13656e-14 8.35545e-15 6.13946e-15 4.50897e-15 3.3099e-15 2.42854e-15 1.78103e-15 1.30557e-15 9.56597e-16 7.0059e-16
2.47791e-05 2.33509e-05 2.56827e-05 2.66289e-05 2.6477e-05 2.55046e-05 2.39597e-05 2.20524e-05 1.99522e-05 1.77902e-05 1.56629e-05 1.36376e-05 1.17578e-05 1.0048e-05 8.51886e-06 7.17042e-06 5.99573e-06 4.98319e-06 4.11855e-06 3.38636e-06 2.77095e-06 2.25721e-06 1.83101e-06 1.47942e-06 1.19092e-06 9.55318e-07 7.63793e-07 6.08752e-07 4.8374e-07 3.83312e-07 3.02916e-07 2.38767e-07 1.87741e-07 1.47273e-07 1.15268e-07 9.00237e-08 7.01626e-08 5.45744e-08 4.23682e-08 3.28314e-08 2.53961e-08 1.9611e-08 1.51187e-08 1.16367e-08 8.94287e-09 6.86234e-09 5.25821e-09 4.0234e-09 3.07437e-09 2.34609e-09 1.78804e-09 1.36103e-09 1.03474e-09 7.85744e-10 5.95984e-10 4.51547e-10 3.41743e-10 2.58367e-10 1.95131e-10 1.47223e-10 1.10969e-10 8.35622e-11 6.28655e-11 4.72517e-11 3.54842e-11 2.6624e-11 1.99592e-11 1.49502e-11 1.11892e-11 8.36766e-12 6.25272e-12 4.66876e-12 3.48344e-12 2.59714e-12 1.93495e-12 1.44058e-12 1.07178e-12 7.96854e-13 5.92056e-13 4.39605e-13 3.262e-13 2.41897e-13 1.79271e-13 1.32778e-13 9.8284e-14 7.27085e-14 5.37572e-14 3.97231e-14 2.93365e-14 2.16538e-14 1.59745e-14 1.17785e-14 8.68017e-15 6.39356e-15 4.70694e-15 3.46353e-15 2.54734e-15 1.8726e-15 1.37594e-15 1.01053e-15 7.41822e-16
1.68657e-05 1.64202e-05 1.83354e-05 1.92522e-05 1.93547e-05 1.88296e-05 1.78506e-05 1.65689e-05 1.51102e-05 1.3574e-05 1.20362e-05 1.05513e-05 9.15635e-06 7.8741e-06 6.71628e-06 5.68634e-06 4.78182e-06 3.99622e-06 3.32057e-06 2.74452e-06 2.25721e-06 1.84788e-06 1.50627e-06 1.22284e-06 9.88964e-07 7.96948e-07 6.40033e-07 5.12362e-07 4.08906e-07 3.25393e-07 2.5822e-07 2.04375e-07 1.6135e-07 1.27076e-07 9.98513e-08 7.82858e-08 6.12476e-08 4.78199e-08 3.72626e-08 2.89813e-08 2.24993e-08 1.74364e-08 1.34898e-08 1.04194e-08 8.03505e-09 6.18684e-09 4.75667e-09 3.65183e-09 2.7997e-09 2.1435e-09 1.63894e-09 1.25155e-09 9.54538e-10 7.27132e-10 5.53251e-10 4.20469e-10 3.192e-10 2.42058e-10 1.83364e-10 1.3876e-10 1.049e-10 7.92243e-11 5.97758e-11 4.50595e-11 3.39351e-11 2.55342e-11 1.91963e-11 1.44191e-11 1.08218e-11 8.11524e-12 6.08074e-12 4.55271e-12 3.40604e-12 2.54626e-12 1.9021e-12 1.41988e-12 1.05916e-12 7.89528e-13 5.88136e-13 4.37821e-13 3.25709e-13 2.42149e-13 1.79912e-13 1.33588e-13 9.9131e-14 7.35173e-14 5.44896e-14 4.03632e-14 2.9882e-14 2.211e-14 1.63505e-14 1.20847e-14 8.92704e-15 6.59101e-15 4.86375e-15 3.58732e-15 2.64455e-15 1.94858e-15 1.43507e-15 1.05638e-15 7.77257e-16
1.14795e-05 1.15347e-05 1.30727e-05 1.3897e-05 1.41226e-05 1.38735e-05 1.32696e-05 1.2419e-05 1.14136e-05 1.03286e-05 9.22239e-06 8.13853e-06 7.1077e-06 6.14993e-06 5.27675e-06 4.49319e-06 3.79946e-06 3.1924e-06 2.66658e-06 2.21525e-06 1.83101e-06 1.50627e-06 1.23365e-06 1.00618e-06 8.17459e-07 6.61688e-07 5.33737e-07 4.29109e-07 3.43912e-07 2.74811e-07 2.18973e-07 1.74009e-07 1.37921e-07 1.09047e-07 8.60148e-08 6.76933e-08 5.31585e-08 4.16572e-08 3.25787e-08 2.54294e-08 1.98119e-08 1.54075e-08 1.19614e-08 9.27052e-09 7.1733e-09 5.54179e-09 4.27484e-09 3.29267e-09 2.53253e-09 1.94517e-09 1.49202e-09 1.14294e-09 8.74417e-10 6.68153e-10 5.0993e-10 3.88719e-10 2.95982e-10 2.25119e-10 1.71036e-10 1.29809e-10 9.84173e-11 7.45422e-11 5.64036e-11 4.26377e-11 3.22013e-11 2.42972e-11 1.83167e-11 1.37962e-11 1.03824e-11 7.80683e-12 5.86534e-12 4.40314e-12 3.30285e-12 2.4756e-12 1.85415e-12 1.38767e-12 1.03779e-12 7.75578e-13 5.79211e-13 4.32265e-13 3.22382e-13 2.40273e-13 1.7896e-13 1.33208e-13 9.90907e-14 7.36661e-14 5.47318e-14 4.064e-14 3.01587e-14 2.23678e-14 1.65801e-14 1.22832e-14 9.09487e-15 6.73051e-15 4.97816e-15 3.68014e-15 2.71917e-15 2.00811e-15 1.48226e-15 1.09357e-15 8.06419e-16
7.81344e-06 8.09492e-06 9.30899e-06 1.00165e-05 1.02873e-05 1.02023e-05 9.84359e-06 9.28737e-06 8.6005e-06 7.83886e-06 7.04712e-06 6.25948e-06 5.50085e-06 4.78824e-06 4.13224e-06 3.53839e-06 3.00836e-06 2.54104e-06 2.13341e-06 1.78119e-06 1.47942e-06 1.22284e-06 1.00618e-06 8.24401e-07 6.72762e-07 5.46947e-07 4.43078e-07 3.57723e-07 2.87886e-07 2.30979e-07 1.84783e-07 1.47417e-07 1.17297e-07 9.30956e-08 7.37086e-08 5.82236e-08 4.58893e-08 3.60906e-08 2.83257e-08 2.21874e-08 1.73461e-08 1.35362e-08 1.05443e-08 8.19956e-09 6.36563e-09 4.93392e-09 3.81827e-09 2.95043e-09 2.27649e-09 1.75401e-09 1.34957e-09 1.037e-09 7.95785e-10 6.09906e-10 4.66868e-10 3.56948e-10 2.72589e-10 2.0793e-10 1.58432e-10 1.20587e-10 9.16851e-11 6.96386e-11 5.28402e-11 4.00546e-11 3.03336e-11 2.29502e-11 1.73481e-11 1.31017e-11 9.88607e-12 7.45325e-12 5.61439e-12 4.22574e-12 3.17799e-12 2.38813e-12 1.7932e-12 1.34545e-12 1.00876e-12 7.55766e-13 5.65818e-13 4.23313e-13 3.1648e-13 2.36449e-13 1.76539e-13 1.31722e-13 9.82199e-14 7.31925e-14 5.45085e-14 4.05693e-14 3.01767e-14 2.24331e-14 1.6667e-14 1.23759e-14 9.18446e-15 6.81225e-15 5.05001e-15 3.74164e-15 2.77079e-15 2.05079e-15 1.51711e-15 1.12175e-15 8.29007e-16
5.31815e-06 5.67578e-06 6.62112e-06 7.20951e-06 7.48152e-06 7.48914e-06 7.28772e-06 6.93061e-06 6.46589e-06 5.9348e-06 5.37108e-06 4.80126e-06 4.24521e-06 3.71704e-06 3.22604e-06 2.77761e-06 2.37412e-06 2.0157e-06 1.70086e-06 1.42702e-06 1.19092e-06 9.88964e-07 8.17459e-07 6.72762e-07 5.51416e-07 4.50216e-07 3.6625e-07 2.96916e-07 2.39919e-07 1.9326e-07 1.55214e-07 1.24306e-07 9.92831e-08 7.90929e-08 6.28527e-08 4.98287e-08 3.94135e-08 3.11071e-08 2.44996e-08 1.92566e-08 1.5106e-08 1.18277e-08 9.24398e-09 7.21199e-09 5.6171e-09 4.36772e-09 3.39082e-09 2.62835e-09 2.03429e-09 1.57221e-09 1.21338e-09 9.35159e-10 7.19775e-10 5.53281e-10 4.24764e-10 3.257e-10 2.49441e-10 1.90815e-10 1.45803e-10 1.11285e-10 8.4848e-11 6.46231e-11 4.91686e-11 3.73725e-11 2.83785e-11 2.15284e-11 1.63164e-11 1.2355e-11 9.34692e-12 7.06503e-12 5.33564e-12 4.02618e-12 3.03559e-12 2.28687e-12 1.72146e-12 1.29483e-12 9.73198e-13 7.30911e-13 5.48543e-13 4.11381e-13 3.08299e-13 2.30887e-13 1.72795e-13 1.29233e-13 9.65898e-14 7.21455e-14 5.38532e-14 4.0174e-14 2.9951e-14 2.23161e-14 1.66175e-14 1.2367e-14 9.19837e-15 6.83776e-15 5.08014e-15 3.77226e-15 2.79958e-15 2.07661e-15 1.53954e-15 1.14079e-15 8.44887e-16
3.61976e-06 3.97619e-06 4.70415e-06 5.18225e-06 5.43272e-06 5.48816e-06 5.38543e-06 5.16147e-06 4.85058e-06 4.48291e-06 4.08372e-06 3.67335e-06 3.26744e-06 2.87745e-06 2.51127e-06 2.17385e-06 1.86777e-06 1.59384e-06 1.35153e-06 1.13937e-06 9.55318e-07 7.96948e-07 6.61688e-07 5.46947e-07 4.50216e-07 3.69133e-07 3.01527e-07 2.45434e-07 1.99108e-07 1.61013e-07 1.29812e-07 1.04355e-07 8.36585e-08 6.689e-08 5.33475e-08 4.24437e-08 3.369e-08 2.6682e-08 2.10863e-08 1.66296e-08 1.30887e-08 1.0282e-08 8.06208e-09 6.31012e-09 4.9303e-09 3.84573e-09 2.99487e-09 2.32858e-09 1.80776e-09 1.40135e-09 1.08474e-09 8.38486e-10 6.47256e-10 4.98979e-10 3.84175e-10 2.95415e-10 2.26885e-10 1.74046e-10 1.33358e-10 1.02066e-10 7.80309e-11 5.95915e-11 4.54618e-11 3.46468e-11 2.63782e-11 2.00633e-11 1.52455e-11 1.15738e-11 8.77835e-12 6.65211e-12 5.03646e-12 3.80994e-12 2.87969e-12 2.17478e-12 1.64109e-12 1.23739e-12 9.32273e-13 7.01857e-13 5.27995e-13 3.9691e-13 2.98155e-13 2.23813e-13 1.67891e-13 1.25855e-13 9.42816e-14 7.05823e-14 5.28061e-14 3.94818e-14 2.95011e-14 2.20299e-14 1.64408e-14 1.22625e-14 9.14066e-15 6.80969e-15 5.07028e-15 3.77306e-15 2.80619e-15 2.08596e-15 1.54976e-15 1.15079e-15 8.54084e-16
2.46376e-06 2.78328e-06 3.33869e-06 3.72037e-06 3.9393e-06 4.01534e-06 3.97267e-06 3.83659e-06 3.63137e-06 3.37885e-06 3.09779e-06 2.80362e-06 2.50851e-06 2.22163e-06 1.94951e-06 1.69649e-06 1.4651e-06 1.25644e-06 1.07058e-06 9.06781e-07 7.63793e-07 6.40033e-07 5.33737e-07 4.43078e-07 3.6625e-07 3.01527e-07 2.47298e-07 2.02092e-07 1.64586e-07 1.33606e-07 1.08122e-07 8.72407e-08 7.0194e-08 5.63261e-08 4.50815e-08 3.59925e-08 2.86678e-08 2.27816e-08 1.80643e-08 1.42935e-08 1.12868e-08 8.8951e-09 6.9969e-09 5.49369e-09 4.30579e-09 3.36896e-09 2.63159e-09 2.0523e-09 1.59803e-09 1.24243e-09 9.64541e-10 7.47737e-10 5.78861e-10 4.47521e-10 3.45527e-10 2.66438e-10 2.05196e-10 1.57839e-10 1.21269e-10 9.30639e-11 7.13387e-11 5.46252e-11 4.17826e-11 3.19259e-11 2.43695e-11 1.8583e-11 1.41567e-11 1.07744e-11 8.19253e-12 6.22366e-12 4.72372e-12 3.58214e-12 2.71411e-12 2.05469e-12 1.5542e-12 1.17468e-12 8.87123e-13 6.6944e-13 5.04788e-13 3.80348e-13 2.86374e-13 2.15463e-13 1.61996e-13 1.21712e-13 9.13836e-14 6.85662e-14 5.14121e-14 3.85246e-14 2.88493e-14 2.15904e-14 1.61479e-14 1.20701e-14 9.01662e-15 6.73167e-15 5.02286e-15 3.74569e-15 2.79171e-15 2.07955e-15 1.54821e-15 1.15202e-15 8.56767e-16
1.67694e-06 1.94678e-06 2.36724e-06 2.6677e-06 2.85252e-06 2.93329e-06 2.92561e-06 2.84663e-06 2.71333e-06 2.54145e-06 2.34477e-06 2.13492e-06 1.92125e-06 1.711e-06 1.50949e-06 1.32039e-06 1.14603e-06 9.8762e-07 8.4552e-07 7.19468e-07 6.08752e-07 5.12362e-07 4.29109e-07 3.57723e-07 2.96916e-07 2.45434e-07 2.02092e-07 1.65794e-07 1.35541e-07 1.10442e-07 8.97067e-08 7.26455e-08 5.86601e-08 4.72371e-08 3.79385e-08 3.03935e-08 2.42901e-08 1.93671e-08 1.54074e-08 1.22308e-08 9.68905e-09 7.66012e-09 6.04435e-09 4.76048e-09 3.74255e-09 2.93713e-09 2.30115e-09 1.79991e-09 1.40562e-09 1.09601e-09 8.53314e-10 6.63393e-10 5.15013e-10 3.99271e-10 3.09126e-10 2.39022e-10 1.84582e-10 1.42365e-10 1.09671e-10 8.43867e-11 6.48568e-11 4.97911e-11 3.81833e-11 2.92504e-11 2.2384e-11 1.7112e-11 1.30687e-11 9.971e-12 7.60033e-12 5.7879e-12 4.40365e-12 3.34747e-12 2.54238e-12 1.92926e-12 1.46277e-12 1.10816e-12 8.38841e-13 6.34471e-13 4.79519e-13 3.62134e-13 2.73279e-13 2.06075e-13 1.55285e-13 1.1693e-13 8.79872e-14 6.61631e-14 4.97188e-14 3.73369e-14 2.80203e-14 2.1015e-14 1.57512e-14 1.17986e-14 8.83246e-15 6.60805e-15 4.94093e-15 3.69226e-15 2.75758e-15 2.05835e-15 1.53557e-15 1.14494e-15 8.53228e-16
1.1414e-06 1.36069e-06 1.67687e-06 1.91072e-06 2.06287e-06 2.13972e-06 2.1511e-06 2.10847e-06 2.02365e-06 1.90784e-06 1.77113e-06 1.62218e-06 1.46812e-06 1.3146e-06 1.16589e-06 1.02504e-06 8.94083e-07 7.74193e-07 6.65894e-07 5.69196e-07 4.8374e-07 4.08906e-07 3.43912e-07 2.87886e-07 2.39919e-07 1.99108e-07 1.64586e-07 1.35541e-07 1.11225e-07 9.09637e-08 7.4154e-08 6.02654e-08 4.88348e-08 3.94614e-08 3.18018e-08 2.5563e-08 2.04975e-08 1.63967e-08 1.30865e-08 1.04216e-08 8.28187e-09 6.568e-09 5.19854e-09 4.10679e-09 3.23834e-09 2.549e-09 2.00293e-09 1.57122e-09 1.23056e-09 9.62242e-10 7.51282e-10 5.85703e-10 4.55958e-10 3.54458e-10 2.75176e-10 2.13344e-10 1.65192e-10 1.27747e-10 9.86681e-11 7.61174e-11 5.86522e-11 4.51428e-11 3.47065e-11 2.66538e-11 2.04478e-11 1.56706e-11 1.19972e-11 9.17585e-12 7.01116e-12 5.35205e-12 4.08176e-12 3.11013e-12 2.36767e-12 1.80088e-12 1.3686e-12 1.03921e-12 7.88449e-13 5.97712e-13 4.52758e-13 3.42691e-13 2.59184e-13 1.95879e-13 1.47927e-13 1.11633e-13 8.41843e-14 6.34404e-14 4.77753e-14 3.5954e-14 2.70399e-14 2.03226e-14 1.52642e-14 1.14577e-14 8.59507e-15 6.44373e-15 4.82797e-15 3.61522e-15 2.70553e-15 2.02358e-15 1.51267e-15 1.13013e-15 8.43863e-16
7.76882e-07 9.504e-07 1.18677e-06 1.36707e-06 1.48998e-06 1.55869e-06 1.57923e-06 1.55917e-06 1.50662e-06 1.42953e-06 1.33519e-06 1.23003e-06 1.11944e-06 1.00777e-06 8.98399e-07 7.93825e-07 6.95767e-07 6.05311e-07 5.23024e-07 4.49071e-07 3.83312e-07 3.25393e-07 2.74811e-07 2.30979e-07 1.9326e-07 1.61013e-07 1.33606e-07 1.10442e-07 9.09637e-08 7.46632e-08 6.10832e-08 4.98172e-08 4.0508e-08 3.28444e-08 2.6558e-08 2.14187e-08 1.72304e-08 1.38277e-08 1.10712e-08 8.8444e-09 7.05025e-09 5.60838e-09 4.45244e-09 3.52789e-09 2.79009e-09 2.20258e-09 1.73573e-09 1.36551e-09 1.07248e-09 8.4098e-10 6.58428e-10 5.14723e-10 4.01793e-10 3.13192e-10 2.43789e-10 1.8951e-10 1.47122e-10 1.14068e-10 8.83305e-11 6.83166e-11 5.27746e-11 4.07211e-11 3.1385e-11 2.41626e-11 1.85821e-11 1.42754e-11 1.09555e-11 8.3992e-12 6.433e-12 4.92231e-12 3.76281e-12 2.87378e-12 2.19281e-12 1.67171e-12 1.27333e-12 9.6906e-13 7.36878e-13 5.59866e-13 4.25032e-13 3.22415e-13 2.44383e-13 1.85095e-13 1.40086e-13 1.05944e-13 8.00646e-14 6.04641e-14 4.56302e-14 3.44119e-14 2.59341e-14 1.9532e-14 1.47007e-14 1.10574e-14 8.31172e-15 6.24396e-15 4.68774e-15 3.51727e-15 2.63749e-15 1.97662e-15 1.48049e-15 1.10826e-15 8.29152e-16
5.28779e-07 6.63392e-07 8.39199e-07 9.771e-07 1.07492e-06 1.13394e-06 1.15772e-06 1.15118e-06 1.11982e-06 1.06923e-06 1.00467e-06 9.30843e-07 8.51804e-07 7.70885e-07 6.90729e-07 6.13336e-07 5.40142e-07 4.72098e-07 4.09761e-07 3.53368e-07 3.02916e-07 2.5822e-07 2.18973e-07 1.84783e-07 1.55214e-07 1.29812e-07 1.08122e-07 8.97067e-08 7.4154e-08 6.10832e-08 5.01487e-08 4.10408e-08 3.34852e-08 2.72413e-08 2.21001e-08 1.78814e-08 1.44311e-08 1.16179e-08 9.33097e-09 7.47719e-09 5.97855e-09 4.77018e-09 3.79827e-09 3.01841e-09 2.3941e-09 1.89541e-09 1.49792e-09 1.18173e-09 9.30724e-10 7.31837e-10 5.7454e-10 4.50358e-10 3.5249e-10 2.75489e-10 2.15005e-10 1.67569e-10 1.30424e-10 1.01381e-10 7.87045e-11 6.10246e-11 4.7259e-11 3.65554e-11 2.82434e-11 2.17968e-11 1.68032e-11 1.29397e-11 9.95401e-12 7.64937e-12 5.87241e-12 4.50381e-12 3.45084e-12 2.64155e-12 2.02019e-12 1.54359e-12 1.17838e-12 8.98796e-13 6.84962e-13 5.21565e-13 3.9682e-13 3.01667e-13 2.2915e-13 1.7393e-13 1.31916e-13 9.9976e-14 7.57137e-14 5.72979e-14 4.33307e-14 3.27452e-14 2.47288e-14 1.86623e-14 1.40747e-14 1.06079e-14 7.98985e-15 6.01415e-15 4.52419e-15 3.40126e-15 2.55551e-15 1.91893e-15 1.44007e-15 1.08009e-15 8.09636e-16
3.59909e-07 4.62769e-07 5.9294e-07 6.97689e-07 7.74614e-07 8.23902e-07 8.47548e-07 8.48676e-07 8.30995e-07 7.98387e-07 7.5461e-07 7.03104e-07 6.46881e-07 5.88475e-07 5.29931e-07 4.72837e-07 4.18368e-07 3.67333e-07 3.20245e-07 2.77365e-07 2.38767e-07 2.04375e-07 1.74009e-07 1.47417e-07 1.24306e-07 1.04355e-07 8.72407e-08 7.26455e-08 6.02654e-08 4.98172e-08 4.10408e-08 3.37013e-08 2.7589e-08 2.25185e-08 1.8328e-08 1.48769e-08 1.20442e-08 9.72657e-09 7.836e-09 6.29829e-09 5.05105e-09 4.04208e-09 3.22794e-09 2.57261e-09 2.04634e-09 1.62468e-09 1.28755e-09 1.01859e-09 8.04429e-10 6.34245e-10 4.99261e-10 3.92391e-10 3.07929e-10 2.4129e-10 1.88801e-10 1.47523e-10 1.15113e-10 8.97044e-11 6.98136e-11 5.42648e-11 4.21271e-11 3.2665e-11 2.52985e-11 1.95708e-11 1.5123e-11 1.16732e-11 9.00077e-12 6.93288e-12 5.33462e-12 4.10071e-12 3.14911e-12 2.41602e-12 1.85184e-12 1.4181e-12 1.08497e-12 8.29366e-13 6.33426e-13 4.83367e-13 3.68548e-13 2.80773e-13 2.13731e-13 1.62569e-13 1.23558e-13 9.38366e-14 7.12113e-14 5.40016e-14 4.09214e-14 3.09875e-14 2.34487e-14 1.77318e-14 1.33996e-14 1.01192e-14 7.63685e-15 5.75975e-15 4.34129e-15 3.27011e-15 2.46173e-15 1.85206e-15 1.39255e-15 1.04644e-15 7.85899e-16
2.44969e-07 3.22628e-07 4.1862e-07 4.97714e-07 5.57605e-07 5.97914e-07 6.19658e-07 6.24774e-07 6.15724e-07 5.95184e-07 5.65821e-07 5.30128e-07 4.90334e-07 4.48346e-07 4.05737e-07 3.63753e-07 3.23339e-07 2.85173e-07 2.49702e-07 2.17189e-07 1.87741e-07 1.6135e-07 1.37921e-07 1.17297e-07 9.92831e-08 8.36585e-08 7.0194e-08 5.86601e-08 4.88348e-08 4.0508e-08 3.34852e-08 2.7589e-08 2.26597e-08 1.85552e-08 1.51506e-08 1.23366e-08 1.00187e-08 8.11559e-09 6.55796e-09 5.28681e-09 4.25239e-09 3.41289e-09 2.73333e-09 2.18462e-09 1.74262e-09 1.38739e-09 1.10254e-09 8.74597e-10 6.92577e-10 5.47515e-10 4.32129e-10 3.40518e-10 2.67914e-10 2.10474e-10 1.65107e-10 1.29335e-10 1.01173e-10 7.90367e-11 6.16623e-11 4.80456e-11 3.7389e-11 2.90606e-11 2.25604e-11 1.74938e-11 1.35496e-11 1.0483e-11 8.10162e-12 6.25457e-12 4.8236e-12 3.71623e-12 2.86023e-12 2.19926e-12 1.68941e-12 1.29655e-12 9.9413e-13 7.61565e-13 5.82891e-13 4.4575e-13 3.40587e-13 2.60017e-13 1.98345e-13 1.51179e-13 1.15138e-13 8.76215e-14 6.66304e-14 5.06301e-14 3.84439e-14 2.91697e-14 2.21171e-14 1.6758e-14 1.26887e-14 9.60104e-15 7.25992e-15 5.48607e-15 4.14297e-15 3.1267e-15 2.35826e-15 1.77758e-15 1.33907e-15 1.00814e-15 7.58547e-16
