0.411025 0.06909 0.0359893 0.0203739 0.0118386 0.00686877 0.00393748 0.0022246 0.00123972 0.000682699 0.000372219 0.000201264 0.000108078 5.77039e-05 3.06585e-05 1.62213e-05 8.55181e-06 4.49434e-06 2.35545e-06 1.23146e-06 6.4241e-07 3.34464e-07 1.73825e-07 9.01924e-08 4.6728e-08 2.41751e-08 1.24888e-08 6.43894e-09 3.30601e-09 1.67592e-09 8.62506e-10
0.06909 0.0167748 0.00850082 0.00424711 0.00208154 0.00100795 0.000485458 0.000233559 0.000112515 5.43354e-05 2.6314e-05 1.27798e-05 6.22332e-06 3.0379e-06 1.48615e-06 7.28424e-07 3.57634e-07 1.7585e-07 8.65797e-08 4.26774e-08 2.10587e-08 1.04008e-08 5.1412e-09 2.54319e-09 1.25881e-09 6.23313e-10 3.08559e-10 1.52375e-10 7.44982e-11 3.51048e-11 1.74388e-11
0.0359893 0.00850082 0.00370066 0.00168933 0.000785228 0.000368202 0.000173767 8.24917e-05 3.93807e-05 1.88976e-05 9.11061e-06 4.41025e-06 2.14247e-06 1.04397e-06 5.10038e-07 2.49743e-07 1.22526e-07 6.02137e-08 2.96347e-08 1.46038e-08 7.20479e-09 3.55804e-09 1.75867e-09 8.69929e-10 4.30558e-10 2.13124e-10 1.05364e-10 5.17898e-11 2.49304e-11 1.2271e-11 6.0973e-12
0.0203739 0.00424711 0.00168933 0.000722335 0.000321472 0.000146513 6.78495e-05 3.17971e-05 1.50427e-05 7.17133e-06 3.44052e-06 1.65931e-06 8.03754e-07 3.90752e-07 1.9055e-07 9.31628e-08 4.56492e-08 2.24101e-08 1.10196e-08 5.42627e-09 2.67532e-09 1.32045e-09 6.52342e-10 3.22525e-10 1.59532e-10 7.88779e-11 3.88803e-11 1.89467e-11 9.36275e-12 4.60824e-12 2.28948e-12
0.0118386 0.00208154 0.000785228 0.000321472 0.00013863 6.18136e-05 2.81948e-05 1.30728e-05 6.13679e-06 2.90873e-06 1.38929e-06 6.67672e-07 3.2249e-07 1.5641e-07 7.61209e-08 3.71529e-08 1.81776e-08 8.91216e-09 4.37726e-09 2.15324e-09 1.06063e-09 5.2305e-10 2.58197e-10 1.2755e-10 6.30229e-11 3.10979e-11 1.52551e-11 7.54297e-12 3.72679e-12 1.83387e-12 9.10743e-13
0.00686877 0.00100795 0.000368202 0.000146513 6.18136e-05 2.71279e-05 1.22338e-05 5.62563e-06 2.62461e-06 1.23811e-06 5.89121e-07 2.82244e-07 1.3597e-07 6.57992e-08 3.19605e-08 1.55723e-08 7.60733e-09 3.72458e-09 1.82706e-09 8.9773e-10 4.41734e-10 2.17626e-10 1.07325e-10 5.29627e-11 2.61293e-11 1.28566e-11 6.35415e-12 3.14075e-12 1.55119e-12 7.63048e-13 3.78736e-13
0.00393748 0.000485458 0.000173767 6.78495e-05 2.81948e-05 1.22338e-05 5.47094e-06 2.50002e-06 1.16075e-06 5.45455e-07 2.58717e-07 1.23617e-07 5.94141e-08 2.86931e-08 1.39116e-08 6.76709e-09 3.30088e-09 1.61391e-09 7.90694e-10 3.88056e-10 1.90737e-10 9.38716e-11 4.62448e-11 2.27921e-11 1.12236e-11 5.54172e-12 2.73753e-12 1.35245e-12 6.67647e-13 3.2829e-13 1.62843e-13
0.0022246 0.000233559 8.24917e-05 3.17971e-05 1.30728e-05 5.62563e-06 2.50002e-06 1.1369e-06 5.25825e-07 2.46312e-07 1.16515e-07 5.55419e-08 2.66397e-08 1.28413e-08 6.21543e-09 3.01873e-09 1.47039e-09 7.1798e-10 3.51325e-10 1.72226e-10 8.45607e-11 4.15725e-11 2.04571e-11 1.00684e-11 4.96474e-12 2.44985e-12 1.20947e-12 5.97196e-13 2.94656e-13 1.44824e-13 7.17916e-14
0.00123972 0.000112515 3.93807e-05 1.50427e-05 6.13679e-06 2.62461e-06 1.16075e-06 5.25825e-07 2.4243e-07 1.13257e-07 5.345e-08 2.54263e-08 1.21725e-08 5.85752e-09 2.83071e-09 1.37284e-09 6.67797e-10 3.25671e-10 1.59172e-10 7.79428e-11 3.82284e-11 1.87742e-11 9.22776e-12 4.54277e-12 2.23846e-12 1.10384e-12 5.44619e-13 2.68757e-13 1.32533e-13 6.51125e-14 3.22568e-14
0.000682699 5.43354e-05 1.88976e-05 7.17133e-06 2.90873e-06 1.23811e-06 5.45455e-07 2.46312e-07 1.13257e-07 5.27875e-08 2.48606e-08 1.18041e-08 5.64135e-09 2.7104e-09 1.30792e-09 6.33453e-10 3.07743e-10 1.49902e-10 7.31833e-11 3.57982e-11 1.75398e-11 8.60486e-12 4.22808e-12 2.07988e-12 1.02414e-12 5.04689e-13 2.48851e-13 1.22731e-13 6.04904e-14 2.9706e-14 1.47074e-14
0.000372219 2.6314e-05 9.11061e-06 3.44052e-06 1.38929e-06 5.89121e-07 2.58717e-07 1.16515e-07 5.345e-08 2.48606e-08 1.16863e-08 5.5393e-09 2.64313e-09 1.26803e-09 6.11062e-10 2.95574e-10 1.43424e-10 6.97839e-11 3.40329e-11 1.66306e-11 8.14027e-12 3.99118e-12 1.95956e-12 9.63231e-13 4.73965e-13 2.33414e-13 1.15021e-13 5.66945e-14 2.79286e-14 1.37098e-14 6.78371e-15
0.000201264 1.27798e-05 4.41025e-06 1.65931e-06 6.67672e-07 2.82244e-07 1.23617e-07 5.55419e-08 2.54263e-08 1.18041e-08 5.5393e-09 2.62146e-09 1.24902e-09 5.98394e-10 2.87996e-10 1.39139e-10 6.74399e-11 3.27786e-11 1.59697e-11 7.79624e-12 3.81328e-12 1.86814e-12 9.16506e-13 4.5019e-13 2.21369e-13 1.08949e-13 5.36554e-14 2.64325e-14 1.30145e-14 6.38618e-15 3.15817e-15
0.000108078 6.22332e-06 2.14247e-06 8.03754e-07 3.2249e-07 1.3597e-07 5.94141e-08 2.66397e-08 1.21725e-08 5.64135e-09 2.64313e-09 1.24902e-09 5.94291e-10 2.84356e-10 1.36692e-10 6.59651e-11 3.19392e-11 1.55082e-11 7.54838e-12 3.68209e-12 1.7995e-12 8.80903e-13 4.31853e-13 2.11981e-13 1.04169e-13 5.12361e-14 2.52184e-14 1.24169e-14 6.11073e-15 2.9974e-15 1.48152e-15
5.77039e-05 3.0379e-06 1.04397e-06 3.90752e-07 1.5641e-07 6.57992e-08 2.86931e-08 1.28413e-08 5.85752e-09 2.7104e-09 1.26803e-09 5.98394e-10 2.84356e-10 1.35896e-10 6.52523e-11 3.14564e-11 1.52154e-11 7.38091e-12 3.58955e-12 1.74953e-12 8.54361e-13 4.17924e-13 2.0474e-13 1.00433e-13 4.93227e-14 2.42455e-14 1.19271e-14 5.86959e-15 2.88728e-15 1.41575e-15 6.99409e-16
3.06585e-05 1.48615e-06 5.10038e-07 1.9055e-07 7.61209e-08 3.19605e-08 1.39116e-08 6.21543e-09 2.83071e-09 1.30792e-09 6.11062e-10 2.87996e-10 1.36692e-10 6.52523e-11 3.12988e-11 1.50732e-11 7.284e-12 3.53043e-12 1.71553e-12 8.35488e-13 4.07697e-13 1.99291e-13 9.75674e-14 4.78308e-14 2.34758e-14 1.15335e-14 5.67072e-15 2.78931e-15 1.37147e-15 6.72258e-16 3.3195e-16
1.62213e-05 7.28424e-07 2.49743e-07 9.31628e-08 3.71529e-08 1.55723e-08 6.76709e-09 3.01873e-09 1.37284e-09 6.33453e-10 2.95574e-10 1.39139e-10 6.59651e-11 3.14564e-11 1.50732e-11 7.25227e-12 3.5016e-12 1.69576e-12 8.23366e-13 4.00694e-13 1.95391e-13 9.54479e-14 4.66991e-14 2.28798e-14 1.12232e-14 5.51097e-15 2.70823e-15 1.3315e-15 6.54408e-16 3.20668e-16 1.58268e-16
8.55181e-06 3.57634e-07 1.22526e-07 4.56492e-08 1.81776e-08 7.60733e-09 3.30088e-09 1.47039e-09 6.67797e-10 3.07743e-10 1.43424e-10 6.74399e-11 3.19392e-11 1.52154e-11 7.284e-12 3.5016e-12 1.68927e-12 8.17437e-13 3.96607e-13 1.92875e-13 9.39891e-14 4.58843e-14 2.2436e-14 1.0986e-14 5.38608e-15 2.64339e-15 1.2984e-15 6.38074e-16 3.13475e-16 1.53559e-16 7.5757e-17
4.49434e-06 1.7585e-07 6.02137e-08 2.24101e-08 8.91216e-09 3.72458e-09 1.61391e-09 7.1798e-10 3.25671e-10 1.49902e-10 6.97839e-11 3.27786e-11 1.55082e-11 7.38091e-12 3.53043e-12 1.69576e-12 8.17437e-13 3.95264e-13 1.91641e-13 9.31348e-14 4.53564e-14 2.21291e-14 1.08143e-14 5.29244e-15 2.59337e-15 1.27216e-15 6.24583e-16 3.06807e-16 1.5067e-16 7.37854e-17 3.63862e-17
2.35545e-06 8.65797e-08 2.96347e-08 1.10196e-08 4.37726e-09 1.82706e-09 7.90694e-10 3.51325e-10 1.59172e-10 7.31833e-11 3.40329e-11 1.59697e-11 7.54838e-12 3.58955e-12 1.71553e-12 8.23366e-13 3.96607e-13 1.91641e-13 9.28535e-14 4.50969e-14 2.19489e-14 1.07026e-14 5.22738e-15 2.55693e-15 1.25231e-15 6.14025e-16 3.01331e-16 1.47959e-16 7.26344e-17 3.55599e-17 1.75289e-17
1.23146e-06 4.26774e-08 1.46038e-08 5.42627e-09 2.15324e-09 8.9773e-10 3.88056e-10 1.72226e-10 7.79428e-11 3.57982e-11 1.66306e-11 7.79624e-12 3.68209e-12 1.74953e-12 8.35488e-13 4.00694e-13 1.92875e-13 9.31348e-14 4.50969e-14 2.18894e-14 1.06475e-14 5.18906e-15 2.53314e-15 1.23845e-15 6.06273e-16 2.97131e-16 1.45755e-16 7.15398e-17 3.51071e-17 1.71828e-17 8.46682e-18
6.4241e-07 2.10587e-08 7.20479e-09 2.67532e-09 1.06063e-09 4.41734e-10 1.90737e-10 8.45607e-11 3.82284e-11 1.75398e-11 8.14027e-12 3.81328e-12 1.7995e-12 8.54361e-13 4.07697e-13 1.95391e-13 9.39891e-14 4.53564e-14 2.19489e-14 1.06475e-14 5.1764e-15 2.5214e-15 1.23026e-15 6.01188e-16 2.94174e-16 1.44111e-16 7.06639e-17 3.46703e-17 1.70081e-17 8.32227e-18 4.09928e-18
3.34464e-07 1.04008e-08 3.55804e-09 1.32045e-09 5.2305e-10 2.17626e-10 9.38716e-11 4.15725e-11 1.87742e-11 8.60486e-12 3.99118e-12 1.86814e-12 8.80903e-13 4.17924e-13 1.99291e-13 9.54479e-14 4.58843e-14 2.21291e-14 1.07026e-14 5.18906e-15 2.5214e-15 1.22755e-15 5.9867e-16 2.92419e-16 1.43025e-16 7.00372e-17 3.43289e-17 1.68369e-17 8.25692e-18 4.03919e-18 1.98887e-18
1.73825e-07 5.1412e-09 1.75867e-09 6.52342e-10 2.58197e-10 1.07325e-10 4.62448e-11 2.04571e-11 9.22776e-12 4.22808e-12 1.95956e-12 9.16506e-13 4.31853e-13 2.0474e-13 9.75674e-14 4.66991e-14 2.2436e-14 1.08143e-14 5.22738e-15 2.53314e-15 1.23026e-15 5.9867e-16 2.91837e-16 1.42485e-16 6.96624e-17 3.40992e-17 1.67076e-17 8.19152e-18 4.01591e-18 1.96406e-18 9.66761e-19
9.01924e-08 2.54319e-09 8.69929e-10 3.22525e-10 1.2755e-10 5.29627e-11 2.27921e-11 1.00684e-11 4.54277e-12 2.07988e-12 9.63231e-13 4.5019e-13 2.11981e-13 1.00433e-13 4.78308e-14 2.28798e-14 1.0986e-14 5.29244e-15 2.55693e-15 1.23845e-15 6.01188e-16 2.92419e-16 1.42485e-16 6.95378e-17 3.39842e-17 1.66288e-17 8.14468e-18 3.9919e-18 1.95644e-18 9.56614e-19 4.70717e-19
4.6728e-08 1.25881e-09 4.30558e-10 1.59532e-10 6.30229e-11 2.61293e-11 1.12236e-11 4.96474e-12 2.23846e-12 1.02414e-12 4.73965e-13 2.21369e-13 1.04169e-13 4.93227e-14 2.34758e-14 1.12232e-14 5.38608e-15 2.59337e-15 1.25231e-15 6.06273e-16 2.94174e-16 1.43025e-16 6.96624e-17 3.39842e-17 1.66024e-17 8.12075e-18 3.97614e-18 1.94818e-18 9.54531e-19 4.66619e-19 2.29536e-19
2.41751e-08 6.23313e-10 2.13124e-10 7.88779e-11 3.10979e-11 1.28566e-11 5.54172e-12 2.44985e-12 1.10384e-12 5.04689e-13 2.33414e-13 1.08949e-13 5.12361e-14 2.42455e-14 1.15335e-14 5.51097e-15 2.64339e-15 1.27216e-15 6.14025e-16 2.97131e-16 1.44111e-16 7.00372e-17 3.40992e-17 1.66288e-17 8.12075e-18 3.97075e-18 1.94356e-18 9.51986e-19 4.66306e-19 2.27903e-19 1.12075e-19
1.24888e-08 3.08559e-10 1.05364e-10 3.88803e-11 1.52551e-11 6.35415e-12 2.73753e-12 1.20947e-12 5.44619e-13 2.48851e-13 1.15021e-13 5.36554e-14 2.52184e-14 1.19271e-14 5.67072e-15 2.70823e-15 1.2984e-15 6.24583e-16 3.01331e-16 1.45755e-16 7.06639e-17 3.43289e-17 1.67076e-17 8.14468e-18 3.97614e-18 1.94356e-18 9.51012e-19 4.65686e-19 2.28044e-19 1.11432e-19 5.47827e-20
6.43894e-09 1.52375e-10 5.17898e-11 1.89467e-11 7.54297e-12 3.14075e-12 1.35245e-12 5.97196e-13 2.68757e-13 1.22731e-13 5.66945e-14 2.64325e-14 1.24169e-14 5.86959e-15 2.78931e-15 1.3315e-15 6.38074e-16 3.06807e-16 1.47959e-16 7.15398e-17 3.46703e-17 1.68369e-17 8.19152e-18 3.9919e-18 1.94818e-18 9.51986e-19 4.65686e-19 2.27971e-19 1.11609e-19 5.45261e-20 2.67992e-20
3.30601e-09 7.44982e-11 2.49304e-11 9.36275e-12 3.72679e-12 1.55119e-12 6.67647e-13 2.94656e-13 1.32533e-13 6.04904e-14 2.79286e-14 1.30145e-14 6.11073e-15 2.88728e-15 1.37147e-15 6.54408e-16 3.13475e-16 1.5067e-16 7.26344e-17 3.51071e-17 1.70081e-17 8.25692e-18 4.01591e-18 1.95644e-18 9.54531e-19 4.66306e-19 2.28044e-19 1.11609e-19 5.46282e-20 2.66838e-20 1.31117e-20
1.67592e-09 3.51048e-11 1.2271e-11 4.60824e-12 1.83387e-12 7.63048e-13 3.2829e-13 1.44824e-13 6.51125e-14 2.9706e-14 1.37098e-14 6.38618e-15 2.9974e-15 1.41575e-15 6.72258e-16 3.20668e-16 1.53559e-16 7.37854e-17 3.55599e-17 1.71828e-17 8.32227e-18 4.03919e-18 1.96406e-18 9.56614e-19 4.66619e-19 2.27903e-19 1.11432e-19 5.45261e-20 2.66838e-20 1.30323e-20 6.40253e-21
8.62506e-10 1.74388e-11 6.0973e-12 2.28948e-12 9.10743e-13 3.78736e-13 1.62843e-13 7.17916e-14 3.22568e-14 1.47074e-14 6.78371e-15 3.15817e-15 1.48152e-15 6.99409e-16 3.3195e-16 1.58268e-16 7.5757e-17 3.63862e-17 1.75289e-17 8.46682e-18 4.09928e-18 1.98887e-18 9.66761e-19 4.70717e-19 2.29536e-19 1.12075e-19 5.47827e-20 2.67992e-20 1.31117e-20 6.40253e-21 3.14462e-21
