0.57617 0.0273156 0.0198662 0.0144483 0.010508 0.00764226 0.00555807 0.00404228 0.00293988 0.00213812 0.00155501 0.00113093 0.000822507 0.000598194 0.000435056 0.000316408 0.000230118 0.00016736 0.000121718 8.85233e-05 6.43814e-05 4.68234e-05 3.40538e-05 2.47667e-05 1.80124e-05 1.31001e-05 9.52743e-06 6.92912e-06 5.03942e-06 3.66508e-06 2.66554e-06 1.9386e-06 1.40991e-06 1.0254e-06 7.45755e-07 5.42374e-07 3.94459e-07 2.86882e-07 2.08644e-07 1.51743e-07 1.1036e-07 8.02628e-08 5.83737e-08 4.24541e-08 3.08761e-08 2.24556e-08 1.63315e-08 1.18776e-08 8.63838e-09 6.28253e-09 4.56917e-09 3.32307e-09 2.41681e-09 1.7577e-09 1.27834e-09 9.29716e-10 6.76165e-10 4.91763e-10 3.5765e-10 2.60112e-10 1.89175e-10 1.37583e-10 1.00062e-10 7.27731e-11 5.29265e-11 3.84925e-11 2.79949e-11 2.03602e-11 1.48076e-11 1.07693e-11 7.83229e-12 5.69628e-12 4.1428e-12 3.01298e-12 2.19129e-12 1.59368e-12 1.15906e-12 8.4296e-13 6.13069e-13 4.45874e-13 3.24276e-13 2.3584e-13 1.71522e-13 1.24745e-13 9.07246e-14 6.59823e-14 4.79877e-14 3.49006e-14 2.53825e-14 1.84603e-14 1.34258e-14 9.76434e-15 7.10142e-15 5.16474e-15 3.75622e-15 2.73183e-15 1.98681e-15 1.44497e-15 1.0509e-15 7.64299e-16 5.55861e-16
0.0273156 0.00895004 0.00700375 0.00545338 0.00422773 0.003265 0.00251294 0.00192824 0.00147556 0.00112638 0.000857903 0.000652091 0.000494729 0.000374699 0.000283342 0.000213946 0.000161328 0.000121497 9.13926e-05 6.86719e-05 5.15465e-05 3.86545e-05 2.89604e-05 2.16789e-05 1.62151e-05 1.21191e-05 9.05114e-06 6.75522e-06 5.0384e-06 3.75558e-06 2.79772e-06 2.08299e-06 1.55002e-06 1.15283e-06 8.56994e-07 6.36778e-07 4.72937e-07 3.511e-07 2.60542e-07 1.93265e-07 1.43306e-07 1.06222e-07 7.87062e-08 5.82984e-08 4.3168e-08 3.19543e-08 2.36463e-08 1.74932e-08 1.29375e-08 9.56564e-09 7.07066e-09 5.22509e-09 3.86027e-09 2.85126e-09 2.10549e-09 1.55443e-09 1.14734e-09 8.46683e-10 6.2468e-10 4.60794e-10 3.39836e-10 2.50582e-10 1.84734e-10 1.36165e-10 1.00348e-10 7.39396e-11 5.44718e-11 4.01232e-11 2.95495e-11 2.17589e-11 1.60198e-11 1.17927e-11 8.67977e-12 6.38764e-12 4.70016e-12 3.45802e-12 2.5438e-12 1.87105e-12 1.37604e-12 1.01187e-12 7.43986e-13 5.46958e-13 4.02062e-13 2.95518e-13 2.17183e-13 1.59596e-13 1.17266e-13 8.61541e-14 6.32902e-14 4.64893e-14 3.41451e-14 2.50761e-14 1.84142e-14 1.35209e-14 9.927e-15 7.28773e-15 5.34969e-15 3.9267e-15 2.88198e-15 2.11504e-15 1.55207e-15
0.0198662 0.00700375 0.00561542 0.00447238 0.00354166 0.00279069 0.00218936 0.00171097 0.00133249 0.00103452 0.000800937 0.000618515 0.000476532 0.000366361 0.000281108 0.000215303 0.000164626 0.00012568 9.58084e-05 7.29371e-05 5.54547e-05 4.21122e-05 3.19438e-05 2.42049e-05 1.83224e-05 1.38563e-05 1.04693e-05 7.90348e-06 5.9616e-06 4.49334e-06 3.38418e-06 2.547e-06 1.91563e-06 1.43983e-06 1.08153e-06 8.11916e-07 6.09162e-07 4.56789e-07 3.42348e-07 2.56448e-07 1.92007e-07 1.43691e-07 1.07484e-07 8.03647e-08 6.00622e-08 4.48703e-08 3.35076e-08 2.50126e-08 1.86643e-08 1.39222e-08 1.03813e-08 7.73828e-09 5.76627e-09 4.29541e-09 3.19874e-09 2.38134e-09 1.77229e-09 1.31863e-09 9.8082e-10 7.29351e-10 5.42212e-10 4.02984e-10 2.99431e-10 2.22433e-10 1.65195e-10 1.22657e-10 9.10517e-11 6.75751e-11 5.01407e-11 3.71963e-11 2.7588e-11 2.04574e-11 1.51668e-11 1.12422e-11 8.33159e-12 6.17336e-12 4.57337e-12 3.38744e-12 2.5086e-12 1.85744e-12 1.37508e-12 1.01781e-12 7.53241e-13 5.57356e-13 4.12348e-13 3.0502e-13 2.25593e-13 1.66825e-13 1.23348e-13 9.11889e-14 6.74048e-14 4.98172e-14 3.68137e-14 2.72009e-14 2.00955e-14 1.48443e-14 1.09639e-14 8.09684e-15 5.9788e-15 4.41429e-15 3.25879e-15
0.0144483 0.00545338 0.00447238 0.00363682 0.00293614 0.00235582 0.00188005 0.00149328 0.00118111 0.000930709 0.000730925 0.000572278 0.000446822 0.000347984 0.000270378 0.000209628 0.000162204 0.000125276 9.65891e-05 7.43512e-05 5.71467e-05 4.38611e-05 3.36192e-05 2.57364e-05 1.96785e-05 1.50295e-05 1.14666e-05 8.73942e-06 6.65442e-06 5.06218e-06 3.84753e-06 2.92187e-06 2.21713e-06 1.68107e-06 1.27368e-06 9.64333e-07 7.2962e-07 5.51673e-07 4.16862e-07 3.14803e-07 2.37592e-07 1.79216e-07 1.3511e-07 1.01804e-07 7.66694e-08 5.77118e-08 4.34209e-08 3.26536e-08 2.45453e-08 1.84424e-08 1.3851e-08 1.03984e-08 7.80328e-09 5.85355e-09 4.38933e-09 3.29016e-09 2.46536e-09 1.84668e-09 1.38279e-09 1.03508e-09 7.74561e-10 5.79427e-10 4.3332e-10 3.23958e-10 2.42125e-10 1.80912e-10 1.35137e-10 1.00917e-10 7.53416e-11 5.62332e-11 4.19605e-11 3.13025e-11 2.3346e-11 1.74076e-11 1.29768e-11 9.67148e-12 7.20645e-12 5.36852e-12 3.99846e-12 2.97742e-12 2.21664e-12 1.64992e-12 1.22785e-12 9.13564e-13 6.79595e-13 5.05451e-13 3.75861e-13 2.79445e-13 2.07724e-13 1.54384e-13 1.1472e-13 8.52325e-14 6.33137e-14 4.70239e-14 3.49196e-14 2.59269e-14 1.9247e-14 1.4286e-14 1.06021e-14 7.86694e-15 5.83657e-15
0.010508 0.00422773 0.00354166 0.00293614 0.00241299 0.00196839 0.00159547 0.001286 0.00103147 0.000823702 0.000655214 0.000519351 0.000410342 0.000323265 0.000253983 0.000199058 0.000155654 0.000121456 9.45852e-05 7.35233e-05 5.70529e-05 4.42004e-05 3.41911e-05 2.64103e-05 2.03725e-05 1.56948e-05 1.20764e-05 9.28146e-06 7.12549e-06 5.46456e-06 4.18658e-06 3.2044e-06 2.45039e-06 1.87215e-06 1.42916e-06 1.0901e-06 8.30839e-07 6.32761e-07 4.81559e-07 3.66232e-07 2.78338e-07 2.11401e-07 1.60461e-07 1.21722e-07 9.22816e-08 6.99221e-08 5.29512e-08 4.0078e-08 3.03188e-08 2.29245e-08 1.73252e-08 1.30873e-08 9.88147e-09 7.45762e-09 5.62588e-09 4.24225e-09 3.1976e-09 2.40922e-09 1.81451e-09 1.36609e-09 1.0281e-09 7.73452e-10 5.81672e-10 4.37293e-10 3.28641e-10 2.46903e-10 1.85434e-10 1.39225e-10 1.04499e-10 7.84106e-11 5.88178e-11 4.41081e-11 3.30677e-11 2.47839e-11 1.85702e-11 1.39107e-11 1.04176e-11 7.79966e-12 5.83814e-12 4.36884e-12 3.26854e-12 2.44477e-12 1.82819e-12 1.3668e-12 1.02163e-12 7.63457e-13 5.70404e-13 4.26077e-13 3.18202e-13 2.37591e-13 1.77365e-13 1.32379e-13 9.87843e-14 7.37008e-14 5.49762e-14 4.10013e-14 3.05732e-14 2.27932e-14 1.699e-14 1.26621e-14 9.43506e-15
0.00764226 0.003265 0.00279069 0.00235582 0.00196839 0.00163051 0.00134067 0.00109531 0.000889837 0.000719318 0.000578898 0.000464031 0.000370613 0.000295028 0.000234152 0.000185322 0.0001463 0.000115221 9.05443e-05 7.10061e-05 5.55768e-05 4.34216e-05 3.38672e-05 2.63728e-05 2.05058e-05 1.59211e-05 1.23446e-05 9.5592e-06 7.39318e-06 5.71127e-06 4.40704e-06 3.39702e-06 2.6158e-06 2.01226e-06 1.54652e-06 1.18751e-06 9.11045e-07 6.98362e-07 5.34899e-07 4.0938e-07 3.13081e-07 2.39262e-07 1.8272e-07 1.39447e-07 1.06352e-07 8.10603e-08 6.17455e-08 4.70051e-08 3.57631e-08 2.71946e-08 2.06678e-08 1.56992e-08 1.19189e-08 9.0444e-09 6.85982e-09 5.20045e-09 3.94066e-09 2.98471e-09 2.25968e-09 1.71004e-09 1.29355e-09 9.78108e-10 7.39294e-10 5.58573e-10 4.2187e-10 3.18505e-10 2.4038e-10 1.81354e-10 1.36775e-10 1.03119e-10 7.77187e-11 5.85562e-11 4.41045e-11 3.32092e-11 2.49978e-11 1.88111e-11 1.41515e-11 1.0643e-11 8.0021e-12 6.01484e-12 4.51988e-12 3.39558e-12 2.55028e-12 1.91492e-12 1.43749e-12 1.07883e-12 8.09457e-13 6.07199e-13 4.55373e-13 3.41431e-13 2.55942e-13 1.91815e-13 1.43724e-13 1.07667e-13 8.06382e-14 6.03825e-14 4.52055e-14 3.38364e-14 2.53216e-14 1.89458e-14 1.41726e-14
0.00555807 0.00251294 0.00218936 0.00188005 0.00159547 0.00134067 0.00111718 0.000924241 0.000759823 0.000621194 0.000505353 0.000409295 0.00033017 0.000265374 0.000212585 0.000169778 0.000135209 0.000107398 8.51013e-05 6.7281e-05 5.30799e-05 4.17933e-05 3.28453e-05 2.57677e-05 2.01817e-05 1.57819e-05 1.23229e-05 9.60839e-06 7.48177e-06 5.81837e-06 4.51925e-06 3.50609e-06 2.71703e-06 2.10329e-06 1.62651e-06 1.25657e-06 9.69846e-07 7.47864e-07 5.76184e-07 4.43538e-07 3.4115e-07 2.62191e-07 2.01353e-07 1.54517e-07 1.18491e-07 9.08022e-08 6.95369e-08 5.32172e-08 4.07019e-08 3.11109e-08 2.37658e-08 1.81443e-08 1.38448e-08 1.05583e-08 8.0477e-09 6.13091e-09 4.6683e-09 3.55288e-09 2.70267e-09 2.05496e-09 1.56177e-09 1.18642e-09 9.00884e-10 6.8378e-10 5.18781e-10 3.93438e-10 2.98261e-10 2.26021e-10 1.71213e-10 1.29647e-10 9.81369e-11 7.42587e-11 5.6171e-11 4.24745e-11 3.2107e-11 2.42621e-11 1.83281e-11 1.38411e-11 1.04494e-11 7.88638e-12 5.95026e-12 4.48816e-12 3.38435e-12 2.55129e-12 1.92276e-12 1.44868e-12 1.0912e-12 8.21719e-13 6.18628e-13 4.65614e-13 3.50359e-13 2.6357e-13 1.98232e-13 1.49055e-13 1.12052e-13 8.42158e-14 6.32804e-14 4.75388e-14 3.57052e-14 2.68116e-14 2.01289e-14
0.00404228 0.00192824 0.00171097 0.00149328 0.001286 0.00109531 0.000924241 0.000773676 0.000643152 0.000531393 0.000436679 0.00035711 0.000290765 0.000235808 0.000190546 0.000153462 0.000123217 9.86527e-05 7.87782e-05 6.27536e-05 4.98742e-05 3.95531e-05 3.13046e-05 2.47292e-05 1.94999e-05 1.53503e-05 1.20642e-05 9.46717e-06 7.41837e-06 5.8049e-06 4.53634e-06 3.54053e-06 2.75998e-06 2.14902e-06 1.67144e-06 1.29861e-06 1.00791e-06 7.81513e-07 6.05394e-07 4.68535e-07 3.62295e-07 2.79906e-07 2.16075e-07 1.66667e-07 1.28458e-07 9.89345e-08 7.61413e-08 5.85583e-08 4.5005e-08 3.45658e-08 2.6531e-08 2.03512e-08 1.56014e-08 1.19531e-08 9.15266e-09 7.00443e-09 5.35749e-09 4.09562e-09 3.12934e-09 2.38984e-09 1.82419e-09 1.39175e-09 1.06133e-09 8.08985e-10 6.16362e-10 4.69398e-10 3.57323e-10 2.71894e-10 2.06804e-10 1.57234e-10 1.19498e-10 9.07843e-11 6.8944e-11 5.23386e-11 3.97183e-11 3.01305e-11 2.28492e-11 1.73215e-11 1.31268e-11 9.94459e-12 7.53141e-12 5.70201e-12 4.31565e-12 3.26536e-12 2.46994e-12 1.86773e-12 1.41194e-12 1.06708e-12 8.06221e-13 6.08966e-13 4.59849e-13 3.47154e-13 2.62008e-13 1.97696e-13 1.49132e-13 1.12469e-13 8.47992e-14 6.39213e-14 4.81721e-14 3.62948e-14 2.73397e-14
0.00293988 0.00147556 0.00133249 0.00118111 0.00103147 0.000889837 0.000759823 0.000643152 0.000540286 0.000450869 0.000374044 0.000308685 0.000253545 0.000207365 0.000168935 0.000137136 0.000110956 8.95015e-05 7.19916e-05 5.77552e-05 4.62202e-05 3.69039e-05 2.94018e-05 2.3377e-05 1.85511e-05 1.46946e-05 1.16198e-05 9.17336e-06 7.23071e-06 5.69101e-06 4.47283e-06 3.51065e-06 2.75189e-06 2.15445e-06 1.68471e-06 1.31589e-06 1.02668e-06 8.00193e-07 6.23034e-07 4.84623e-07 3.76604e-07 2.92396e-07 2.26816e-07 1.75795e-07 1.36138e-07 1.05343e-07 8.14515e-08 6.2931e-08 4.85864e-08 3.7485e-08 2.89003e-08 2.22668e-08 1.71447e-08 1.31926e-08 1.01453e-08 7.79717e-09 5.98904e-09 4.59761e-09 3.52749e-09 2.70499e-09 2.07318e-09 1.58812e-09 1.21595e-09 9.30532e-10 7.11771e-10 5.44184e-10 4.15866e-10 3.17662e-10 2.42542e-10 1.85107e-10 1.41214e-10 1.07684e-10 8.20828e-11 6.25433e-11 4.76367e-11 3.62692e-11 2.7604e-11 2.10014e-11 1.59724e-11 1.21433e-11 9.22906e-12 7.0118e-12 5.32546e-12 4.04337e-12 3.06896e-12 2.32863e-12 1.76635e-12 1.33943e-12 1.0154e-12 7.69525e-13 5.83021e-13 4.41592e-13 3.34378e-13 2.53125e-13 1.91564e-13 1.44937e-13 1.0963e-13 8.2902e-14 6.26747e-14 4.73708e-14 3.5795e-14
0.00213812 0.00112638 0.00103452 0.000930709 0.000823702 0.000719318 0.000621194 0.000531393 0.000450869 0.000379821 0.000317953 0.000264668 0.0002192 0.000180714 0.000148364 0.000121341 9.88921e-05 8.03351e-05 6.5064e-05 5.25484e-05 4.23293e-05 3.40141e-05 2.72694e-05 2.18148e-05 1.74156e-05 1.38767e-05 1.10366e-05 8.76256e-06 6.94555e-06 5.49665e-06 4.34346e-06 3.42728e-06 2.70064e-06 2.12526e-06 1.67036e-06 1.31123e-06 1.02812e-06 8.05238e-07 6.29991e-07 4.92371e-07 3.84428e-07 2.99859e-07 2.33676e-07 1.81935e-07 1.41527e-07 1.10001e-07 8.54266e-08 6.62896e-08 5.13999e-08 3.98248e-08 3.08339e-08 2.38559e-08 1.84444e-08 1.42509e-08 1.10037e-08 8.49096e-09 6.54799e-09 5.04658e-09 3.88715e-09 2.99238e-09 2.30229e-09 1.77038e-09 1.36063e-09 1.04518e-09 8.02449e-10 6.15785e-10 4.72313e-10 3.62096e-10 2.7747e-10 2.12525e-10 1.62709e-10 1.24515e-10 9.52462e-11 7.28268e-11 5.56617e-11 4.25252e-11 3.24762e-11 2.47922e-11 1.89191e-11 1.44319e-11 1.1005e-11 8.38876e-12 6.39224e-12 4.8692e-12 3.70779e-12 2.82245e-12 2.14781e-12 1.6339e-12 1.24255e-12 9.4465e-13 7.17947e-13 5.45486e-13 4.14329e-13 3.14615e-13 2.3883e-13 1.81249e-13 1.37512e-13 1.04301e-13 7.90891e-14 5.99556e-14 4.54391e-14
0.00155501 0.000857903 0.000800937 0.000730925 0.000655214 0.000578898 0.000505353 0.000436679 0.000374044 0.000317953 0.000268458 0.000225312 0.000188084 0.000156245 0.000129222 0.000106441 8.73496e-05 7.14366e-05 5.82366e-05 4.7335e-05 3.83677e-05 3.10187e-05 2.50164e-05 2.01293e-05 1.6162e-05 1.29501e-05 1.03564e-05 8.26701e-06 6.58761e-06 5.24064e-06 4.16247e-06 3.3011e-06 2.61419e-06 2.06734e-06 1.6327e-06 1.2878e-06 1.0145e-06 7.98264e-07 6.27401e-07 4.92569e-07 3.86305e-07 3.02656e-07 2.36886e-07 1.85232e-07 1.44707e-07 1.12947e-07 8.80817e-08 6.86327e-08 5.34345e-08 4.1569e-08 3.23135e-08 2.51e-08 1.94826e-08 1.51118e-08 1.17134e-08 9.07324e-09 7.02357e-09 5.43347e-09 4.20075e-09 3.24575e-09 2.50638e-09 1.93432e-09 1.49199e-09 1.15018e-09 8.86197e-10 6.82447e-10 5.25272e-10 4.04093e-10 3.10718e-10 2.38804e-10 1.83448e-10 1.40859e-10 1.08108e-10 8.29358e-11 6.3597e-11 4.87469e-11 3.73488e-11 2.86041e-11 2.1898e-11 1.67576e-11 1.28189e-11 9.80223e-12 7.49268e-12 5.7252e-12 4.37309e-12 3.33912e-12 2.54874e-12 1.94478e-12 1.48344e-12 1.13117e-12 8.6227e-13 6.57083e-13 5.00566e-13 3.81213e-13 2.9023e-13 2.20896e-13 1.68075e-13 1.27848e-13 9.72215e-14 7.39107e-14 5.61735e-14
0.00113093 0.000652091 0.000618515 0.000572278 0.000519351 0.000464031 0.000409295 0.00035711 0.000308685 0.000264668 0.000225312 0.000190593 0.000160308 0.000134143 0.000111726 9.26574e-05 7.65424e-05 6.30013e-05 5.16819e-05 4.2264e-05 3.44617e-05 2.80231e-05 2.27293e-05 1.83911e-05 1.48471e-05 1.19603e-05 9.6152e-06 7.71499e-06 6.17895e-06 4.94009e-06 3.94303e-06 3.14219e-06 2.5002e-06 1.98647e-06 1.57609e-06 1.24881e-06 9.8822e-07 7.81035e-07 6.1655e-07 4.86144e-07 3.82895e-07 3.01251e-07 2.36771e-07 1.85905e-07 1.45826e-07 1.1428e-07 8.94764e-08 6.99948e-08 5.4708e-08 4.27243e-08 3.33388e-08 2.59946e-08 2.02529e-08 1.57677e-08 1.22669e-08 9.53668e-09 7.40905e-09 5.75225e-09 4.46304e-09 3.46058e-09 2.68162e-09 2.07675e-09 1.60736e-09 1.24335e-09 9.61231e-10 7.42717e-10 5.73568e-10 4.42709e-10 3.41529e-10 2.6334e-10 2.02952e-10 1.56336e-10 1.2037e-10 9.26352e-11 7.12585e-11 5.47902e-11 4.21094e-11 3.23496e-11 2.48414e-11 1.9068e-11 1.46304e-11 1.12211e-11 8.60286e-12 6.59302e-12 5.05083e-12 3.86794e-12 2.961e-12 2.2659e-12 1.73337e-12 1.32553e-12 1.01331e-12 7.7437e-13 5.91577e-13 4.51787e-13 3.44919e-13 2.63247e-13 2.00852e-13 1.53199e-13 1.16817e-13 8.90489e-14 6.78615e-14
0.000822507 0.000494729 0.000476532 0.000446822 0.000410342 0.000370613 0.00033017 0.000290765 0.000253545 0.0002192 0.000188084 0.000160308 0.000135817 0.000114447 9.5966e-05 8.01091e-05 6.65972e-05 5.51542e-05 4.55167e-05 3.74405e-05 3.07032e-05 2.51065e-05 2.04749e-05 1.66556e-05 1.35166e-05 1.09445e-05 8.84295e-06 7.13052e-06 5.73866e-06 4.61004e-06 3.69693e-06 2.95974e-06 2.36577e-06 1.88812e-06 1.5047e-06 1.19746e-06 9.5167e-07 7.55349e-07 5.98778e-07 4.7409e-07 3.74931e-07 2.96179e-07 2.33715e-07 1.84232e-07 1.45078e-07 1.14134e-07 8.97039e-08 7.04384e-08 5.5261e-08 4.33163e-08 3.39248e-08 2.65477e-08 2.07583e-08 1.62188e-08 1.26625e-08 9.8787e-09 7.70141e-09 5.99981e-09 4.671e-09 3.63407e-09 2.82551e-09 2.19546e-09 1.70485e-09 1.32308e-09 1.02619e-09 7.95465e-10 6.16268e-10 4.77177e-10 3.69279e-10 2.85628e-10 2.20812e-10 1.70618e-10 1.31769e-10 1.01716e-10 7.84799e-11 6.05237e-11 4.66545e-11 3.59474e-11 2.76853e-11 2.13129e-11 1.64004e-11 1.26149e-11 9.69917e-12 7.45439e-12 5.72687e-12 4.398e-12 3.37619e-12 2.59081e-12 1.9874e-12 1.52397e-12 1.16819e-12 8.95157e-13 6.857e-13 5.25076e-13 4.01944e-13 3.07585e-13 2.35301e-13 1.79947e-13 1.37572e-13 1.05143e-13 8.0334e-14
0.000598194 0.000374699 0.000366361 0.000347984 0.000323265 0.000295028 0.000265374 0.000235808 0.000207365 0.000180714 0.000156245 0.000134143 0.000114447 9.70899e-05 8.19429e-05 6.88348e-05 5.75748e-05 4.79657e-05 3.98134e-05 3.29339e-05 2.71563e-05 2.23255e-05 1.83027e-05 1.49653e-05 1.22061e-05 9.93225e-06 8.06406e-06 6.53346e-06 5.28278e-06 4.26337e-06 3.43441e-06 2.76183e-06 2.21728e-06 1.77727e-06 1.4224e-06 1.13673e-06 9.07149e-07 7.22959e-07 5.75417e-07 4.57412e-07 3.63166e-07 2.88003e-07 2.28138e-07 1.80519e-07 1.42689e-07 1.12672e-07 8.88808e-08 7.00462e-08 5.51513e-08 4.33845e-08 3.40982e-08 2.67768e-08 2.10099e-08 1.64717e-08 1.29037e-08 1.01008e-08 7.90083e-09 6.17554e-09 4.82359e-09 3.765e-09 2.93675e-09 2.2892e-09 1.78328e-09 1.3883e-09 1.08015e-09 8.39884e-10 6.52683e-10 5.06916e-10 3.93482e-10 3.05265e-10 2.36698e-10 1.83435e-10 1.42084e-10 1.1e-10 8.51178e-11 6.58322e-11 5.0892e-11 3.9324e-11 3.03715e-11 2.34466e-11 1.80926e-11 1.39551e-11 1.07592e-11 8.29177e-12 6.38755e-12 4.91865e-12 3.78604e-12 2.9131e-12 2.24057e-12 1.72265e-12 1.32396e-12 1.01717e-12 7.81192e-13 5.99746e-13 4.60284e-13 3.53131e-13 2.70831e-13 2.07643e-13 1.59146e-13 1.21936e-13 9.33965e-14
0.000435056 0.000283342 0.000281108 0.000270378 0.000253983 0.000234152 0.000212585 0.000190546 0.000168935 0.000148364 0.000129222 0.000111726 9.5966e-05 8.19429e-05 6.95943e-05 5.88178e-05 4.94871e-05 4.14644e-05 3.46094e-05 2.8785e-05 2.38613e-05 1.97185e-05 1.62475e-05 1.33509e-05 1.09423e-05 8.94642e-06 7.29768e-06 5.93975e-06 4.82443e-06 3.91076e-06 3.16414e-06 2.55544e-06 2.06028e-06 1.65831e-06 1.33266e-06 1.06933e-06 8.56778e-07 6.85512e-07 5.47739e-07 4.37085e-07 3.48347e-07 2.77288e-07 2.20465e-07 1.75088e-07 1.38899e-07 1.10072e-07 8.71382e-08 6.8914e-08 5.44485e-08 4.2979e-08 3.38946e-08 2.67067e-08 2.10249e-08 1.65381e-08 1.29981e-08 1.02078e-08 8.01024e-09 6.28105e-09 4.92153e-09 3.8535e-09 3.01514e-09 2.35755e-09 1.84216e-09 1.43849e-09 1.12257e-09 8.75481e-10 6.82365e-10 5.31529e-10 4.13795e-10 3.21955e-10 2.50358e-10 1.94577e-10 1.51143e-10 1.17343e-10 9.10542e-11 7.06196e-11 5.47439e-11 4.24165e-11 3.28493e-11 2.54282e-11 1.96746e-11 1.5216e-11 1.17625e-11 9.08895e-12 7.02006e-12 5.41983e-12 4.18265e-12 3.22657e-12 2.48804e-12 1.9178e-12 1.47769e-12 1.13814e-12 8.76291e-13 6.74435e-13 5.1889e-13 3.99076e-13 3.06821e-13 2.3581e-13 1.81173e-13 1.39149e-13 1.06837e-13
0.000316408 0.000213946 0.000215303 0.000209628 0.000199058 0.000185322 0.000169778 0.000153462 0.000137136 0.000121341 0.000106441 9.26574e-05 8.01091e-05 6.88348e-05 5.88178e-05 5.00031e-05 4.23113e-05 3.56489e-05 2.99162e-05 2.50126e-05 2.08408e-05 1.73088e-05 1.4332e-05 1.18335e-05 9.74437e-06 8.00377e-06 6.55833e-06 5.36172e-06 4.37398e-06 3.56086e-06 2.89322e-06 2.34636e-06 1.89946e-06 1.53505e-06 1.23851e-06 9.97681e-07 8.02465e-07 6.44507e-07 5.16916e-07 4.14024e-07 3.31181e-07 2.64581e-07 2.11117e-07 1.68259e-07 1.33949e-07 1.06518e-07 8.46143e-08 6.71452e-08 5.32293e-08 4.21564e-08 3.33554e-08 2.63675e-08 2.0825e-08 1.64332e-08 1.29567e-08 1.02072e-08 8.03475e-09 6.31972e-09 4.96698e-09 3.90089e-09 3.0614e-09 2.40087e-09 1.88156e-09 1.47358e-09 1.1533e-09 9.0205e-10 7.05091e-10 5.50796e-10 4.30006e-10 3.35507e-10 2.61624e-10 2.03895e-10 1.58816e-10 1.23636e-10 9.6198e-11 7.48098e-11 5.81472e-11 4.51731e-11 3.50765e-11 2.72234e-11 2.11185e-11 1.63749e-11 1.26911e-11 9.8315e-12 7.61289e-12 5.89238e-12 4.55875e-12 3.52548e-12 2.72529e-12 2.10586e-12 1.62657e-12 1.25587e-12 9.69281e-13 7.47806e-13 5.76721e-13 4.44613e-13 3.42642e-13 2.63964e-13 2.0328e-13 1.56493e-13 1.20433e-13
0.000230118 0.000161328 0.000164626 0.000162204 0.000155654 0.0001463 0.000135209 0.000123217 0.000110956 9.88921e-05 8.73496e-05 7.65424e-05 6.65972e-05 5.75748e-05 4.94871e-05 4.23113e-05 3.60012e-05 3.04958e-05 2.57258e-05 2.1619e-05 1.81029e-05 1.51081e-05 1.25694e-05 1.04265e-05 8.62494e-06 7.116e-06 5.8565e-06 4.80859e-06 3.93937e-06 3.22041e-06 2.62732e-06 2.13931e-06 1.73873e-06 1.41065e-06 1.14253e-06 9.23863e-07 7.45878e-07 6.01276e-07 4.84005e-07 3.89062e-07 3.12322e-07 2.50393e-07 2.00491e-07 1.60339e-07 1.28078e-07 1.02192e-07 8.14476e-08 6.4845e-08 5.15733e-08 4.09766e-08 3.25254e-08 2.57927e-08 2.04348e-08 1.61753e-08 1.27925e-08 1.01086e-08 7.98112e-09 6.29632e-09 4.96326e-09 3.90944e-09 3.07706e-09 2.42013e-09 1.9021e-09 1.4939e-09 1.17251e-09 9.19644e-10 7.20842e-10 5.64656e-10 4.42034e-10 3.4583e-10 2.70402e-10 2.11301e-10 1.65023e-10 1.28808e-10 1.00485e-10 7.83477e-11 6.10548e-11 4.75541e-11 3.70198e-11 2.88047e-11 2.24016e-11 1.74134e-11 1.35295e-11 1.0507e-11 8.15604e-12 6.32824e-12 4.90788e-12 3.80467e-12 2.94818e-12 2.28354e-12 1.76801e-12 1.36831e-12 1.05854e-12 8.18584e-13 6.32775e-13 4.88956e-13 3.77683e-13 2.91625e-13 2.25094e-13 1.73679e-13 1.3396e-13
0.00016736 0.000121497 0.00012568 0.000125276 0.000121456 0.000115221 0.000107398 9.86527e-05 8.95015e-05 8.03351e-05 7.14366e-05 6.30013e-05 5.51542e-05 4.79657e-05 4.14644e-05 3.56489e-05 3.04958e-05 2.59674e-05 2.20173e-05 1.85942e-05 1.56455e-05 1.3119e-05 1.09649e-05 9.13671e-06 7.59153e-06 6.29061e-06 5.19928e-06 4.28684e-06 3.52638e-06 2.89445e-06 2.3708e-06 1.938e-06 1.58118e-06 1.2877e-06 1.04686e-06 8.49626e-07 6.8844e-07 5.56967e-07 4.49928e-07 3.62936e-07 2.92357e-07 2.35187e-07 1.88952e-07 1.51616e-07 1.21509e-07 9.72672e-08 7.7773e-08 6.21173e-08 4.95601e-08 3.95003e-08 3.14507e-08 2.5017e-08 1.98805e-08 1.5784e-08 1.25203e-08 9.92269e-09 7.85731e-09 6.21665e-09 4.91458e-09 3.88214e-09 3.06423e-09 2.41681e-09 1.90478e-09 1.50014e-09 1.18063e-09 9.28537e-10 7.29779e-10 5.73188e-10 4.49907e-10 3.52919e-10 2.76668e-10 2.16761e-10 1.69725e-10 1.32818e-10 1.03878e-10 8.11981e-11 6.34353e-11 4.95317e-11 3.86551e-11 3.01513e-11 2.35063e-11 1.83167e-11 1.42658e-11 1.11055e-11 8.64123e-12 6.72064e-12 5.22454e-12 4.05967e-12 3.15313e-12 2.44796e-12 1.89969e-12 1.47359e-12 1.1426e-12 8.85593e-13 6.86121e-13 5.3137e-13 4.11362e-13 3.18336e-13 2.46255e-13 1.90425e-13 1.47198e-13
0.000121718 9.13926e-05 9.58084e-05 9.65891e-05 9.45852e-05 9.05443e-05 8.51013e-05 7.87782e-05 7.19916e-05 6.5064e-05 5.82366e-05 5.16819e-05 4.55167e-05 3.98134e-05 3.46094e-05 2.99162e-05 2.57258e-05 2.20173e-05 1.87605e-05 1.59203e-05 1.34586e-05 1.13372e-05 9.51828e-06 7.96619e-06 6.6475e-06 5.53164e-06 4.59095e-06 3.80069e-06 3.13898e-06 2.58661e-06 2.12685e-06 1.7452e-06 1.42923e-06 1.16825e-06 9.53206e-07 7.76397e-07 6.31332e-07 5.1255e-07 4.15475e-07 3.36286e-07 2.71801e-07 2.19377e-07 1.76829e-07 1.42349e-07 1.14449e-07 9.19061e-08 7.37171e-08 5.90608e-08 4.72664e-08 3.77869e-08 3.01772e-08 2.40756e-08 1.91889e-08 1.52795e-08 1.21553e-08 9.66115e-09 7.67201e-09 6.08719e-09 4.82571e-09 3.82253e-09 3.02549e-09 2.39277e-09 1.89094e-09 1.49325e-09 1.17834e-09 9.29188e-10 7.32208e-10 5.76595e-10 4.53753e-10 3.5685e-10 2.80463e-10 2.20291e-10 1.72922e-10 1.35658e-10 1.06362e-10 8.33449e-11 6.52719e-11 5.10897e-11 3.99673e-11 3.12496e-11 2.44207e-11 1.90743e-11 1.48909e-11 1.16193e-11 9.062e-12 7.0642e-12 5.50424e-12 4.28679e-12 3.3371e-12 2.59664e-12 2.0196e-12 1.57011e-12 1.22014e-12 9.47786e-13 7.3592e-13 5.71183e-13 4.43145e-13 3.43674e-13 2.66428e-13 2.06465e-13 1.59938e-13
8.85233e-05 6.86719e-05 7.29371e-05 7.43512e-05 7.35233e-05 7.10061e-05 6.7281e-05 6.27536e-05 5.77552e-05 5.25484e-05 4.7335e-05 4.2264e-05 3.74405e-05 3.29339e-05 2.8785e-05 2.50126e-05 2.1619e-05 1.85942e-05 1.59203e-05 1.35735e-05 1.15274e-05 9.75384e-06 8.22486e-06 6.91319e-06 5.79305e-06 4.84048e-06 4.03355e-06 3.35249e-06 2.77961e-06 2.29926e-06 1.8977e-06 1.56295e-06 1.28465e-06 1.05385e-06 8.62913e-07 7.05311e-07 5.75507e-07 4.68818e-07 3.81302e-07 3.0965e-07 2.51092e-07 2.03319e-07 1.64409e-07 1.32769e-07 1.07081e-07 8.62552e-08 6.93962e-08 5.57673e-08 4.47642e-08 3.58926e-08 2.87486e-08 2.30026e-08 1.83865e-08 1.46823e-08 1.17132e-08 9.33584e-09 7.43426e-09 5.91479e-09 4.70183e-09 3.73447e-09 2.96372e-09 2.35016e-09 1.86216e-09 1.47437e-09 1.16647e-09 9.22197e-10 7.28558e-10 5.75178e-10 4.53778e-10 3.57763e-10 2.81879e-10 2.21949e-10 1.74651e-10 1.37348e-10 1.07947e-10 8.47896e-11 6.65616e-11 5.22225e-11 4.09496e-11 3.20926e-11 2.51377e-11 1.96797e-11 1.53988e-11 1.20429e-11 9.41373e-12 7.35492e-12 5.7436e-12 4.48317e-12 3.4977e-12 2.7276e-12 2.1261e-12 1.65651e-12 1.29007e-12 1.00426e-12 7.81442e-13 6.07806e-13 4.72559e-13 3.67258e-13 2.85307e-13 2.21557e-13 1.71985e-13
6.43814e-05 5.15465e-05 5.54547e-05 5.71467e-05 5.70529e-05 5.55768e-05 5.30799e-05 4.98742e-05 4.62202e-05 4.23293e-05 3.83677e-05 3.44617e-05 3.07032e-05 2.71563e-05 2.38613e-05 2.08408e-05 1.81029e-05 1.56455e-05 1.34586e-05 1.15274e-05 9.83348e-06 8.35694e-06 7.07705e-06 5.97331e-06 5.02597e-06 4.2164e-06 3.52736e-06 2.94312e-06 2.44947e-06 2.03374e-06 1.68473e-06 1.39257e-06 1.14868e-06 9.45621e-07 7.76972e-07 6.37232e-07 5.21706e-07 4.26402e-07 3.47941e-07 2.83472e-07 2.30599e-07 1.87314e-07 1.5194e-07 1.23078e-07 9.95672e-08 8.04448e-08 6.49146e-08 5.23198e-08 4.21196e-08 3.38698e-08 2.7206e-08 2.18301e-08 1.74983e-08 1.40119e-08 1.12092e-08 8.95853e-09 7.15312e-09 5.70638e-09 4.54822e-09 3.622e-09 2.88198e-09 2.29127e-09 1.82018e-09 1.44481e-09 1.14598e-09 9.08274e-10 7.19349e-10 5.69313e-10 4.50256e-10 3.55852e-10 2.81053e-10 2.21831e-10 1.74975e-10 1.37929e-10 1.08659e-10 8.55488e-11 6.73137e-11 5.29346e-11 4.16033e-11 3.26792e-11 2.56552e-11 2.01301e-11 1.57864e-11 1.23736e-11 9.69357e-12 7.59021e-12 5.9403e-12 4.64677e-12 3.63317e-12 2.83933e-12 2.21792e-12 1.73171e-12 1.35149e-12 1.05428e-12 8.22078e-13 6.40742e-13 4.99195e-13 3.88757e-13 3.02627e-13 2.35485e-13 1.83166e-13
4.68234e-05 3.86545e-05 4.21122e-05 4.38611e-05 4.42004e-05 4.34216e-05 4.17933e-05 3.95531e-05 3.69039e-05 3.40141e-05 3.10187e-05 2.80231e-05 2.51065e-05 2.23255e-05 1.97185e-05 1.73088e-05 1.51081e-05 1.3119e-05 1.13372e-05 9.75384e-06 8.35694e-06 7.13242e-06 6.06528e-06 5.14026e-06 4.34234e-06 3.65718e-06 3.07131e-06 2.57229e-06 2.14879e-06 1.79061e-06 1.48864e-06 1.23484e-06 1.02212e-06 8.44316e-07 6.96078e-07 5.72789e-07 4.70487e-07 3.85786e-07 3.15805e-07 2.58103e-07 2.10617e-07 1.71611e-07 1.39626e-07 1.13444e-07 9.20467e-08 7.45876e-08 6.03635e-08 4.87919e-08 3.93916e-08 3.17656e-08 2.55871e-08 2.05879e-08 1.65478e-08 1.32869e-08 1.06578e-08 8.54054e-09 6.83739e-09 5.4688e-09 4.37019e-09 3.48919e-09 2.78339e-09 2.2185e-09 1.7668e-09 1.40594e-09 1.1179e-09 8.88197e-10 7.05162e-10 5.59435e-10 4.43505e-10 3.51352e-10 2.78155e-10 2.20059e-10 1.73983e-10 1.37464e-10 1.08543e-10 8.56524e-11 6.75482e-11 5.32389e-11 4.19362e-11 3.3014e-11 2.59755e-11 2.04261e-11 1.60536e-11 1.26103e-11 9.90039e-12 7.76879e-12 6.09304e-12 4.77636e-12 3.74237e-12 2.93081e-12 2.29415e-12 1.79495e-12 1.40373e-12 1.09728e-12 8.57352e-13 6.69591e-13 5.22724e-13 4.07898e-13 3.18162e-13 2.48065e-13 1.93333e-13
3.40538e-05 2.89604e-05 3.19438e-05 3.36192e-05 3.41911e-05 3.38672e-05 3.28453e-05 3.13046e-05 2.94018e-05 2.72694e-05 2.50164e-05 2.27293e-05 2.04749e-05 1.83027e-05 1.62475e-05 1.4332e-05 1.25694e-05 1.09649e-05 9.51828e-06 8.22486e-06 7.07705e-06 6.06528e-06 5.17886e-06 4.40655e-06 3.7371e-06 3.15951e-06 2.66335e-06 2.23885e-06 1.87704e-06 1.56974e-06 1.3096e-06 1.09008e-06 9.05365e-07 7.50379e-07 6.20676e-07 5.12405e-07 4.22239e-07 3.47322e-07 2.85208e-07 2.33816e-07 1.91381e-07 1.56406e-07 1.27634e-07 1.04006e-07 8.46348e-08 6.8779e-08 5.58211e-08 4.52475e-08 3.66319e-08 2.96217e-08 2.39254e-08 1.9303e-08 1.55566e-08 1.25242e-08 1.00724e-08 8.09252e-09 6.49546e-09 5.20862e-09 4.17284e-09 3.34002e-09 2.67105e-09 2.13423e-09 1.70386e-09 1.35916e-09 1.08332e-09 8.62787e-10 6.8662e-10 5.46013e-10 4.3388e-10 3.44528e-10 2.73384e-10 2.16781e-10 1.71781e-10 1.36033e-10 1.07654e-10 8.51407e-11 6.72938e-11 5.31553e-11 4.19621e-11 3.31064e-11 2.61044e-11 2.05717e-11 1.62026e-11 1.27544e-11 1.00346e-11 7.89064e-12 6.20151e-12 4.87148e-12 3.82477e-12 3.00148e-12 2.35426e-12 1.84571e-12 1.44634e-12 1.13286e-12 8.86914e-13 6.94054e-13 5.42891e-13 4.24466e-13 3.31732e-13 2.59148e-13 2.02361e-13
2.47667e-05 2.16789e-05 2.42049e-05 2.57364e-05 2.64103e-05 2.63728e-05 2.57677e-05 2.47292e-05 2.3377e-05 2.18148e-05 2.01293e-05 1.83911e-05 1.66556e-05 1.49653e-05 1.33509e-05 1.18335e-05 1.04265e-05 9.13671e-06 7.96619e-06 6.91319e-06 5.97331e-06 5.14026e-06 4.40655e-06 3.76408e-06 3.20445e-06 2.71936e-06 2.30076e-06 1.94105e-06 1.63315e-06 1.37055e-06 1.14735e-06 9.58248e-07 7.98524e-07 6.63997e-07 5.51001e-07 4.56334e-07 3.77216e-07 3.11249e-07 2.56369e-07 2.10809e-07 1.73064e-07 1.41854e-07 1.16096e-07 9.48766e-08 7.74255e-08 6.30976e-08 5.13528e-08 4.17403e-08 3.38847e-08 2.74742e-08 2.22503e-08 1.7999e-08 1.45438e-08 1.17392e-08 9.46542e-09 7.62424e-09 6.13506e-09 4.93195e-09 3.96102e-09 3.17828e-09 2.54792e-09 2.04078e-09 1.63317e-09 1.30588e-09 1.04332e-09 8.32878e-10 6.64362e-10 5.29535e-10 4.21752e-10 3.35661e-10 2.66951e-10 2.12156e-10 1.68491e-10 1.33723e-10 1.06059e-10 8.40628e-11 6.65861e-11 5.27098e-11 4.16996e-11 3.29694e-11 2.60515e-11 2.05732e-11 1.62376e-11 1.28085e-11 1.0098e-11 7.95681e-12 6.26628e-12 4.93235e-12 3.88038e-12 3.05123e-12 2.39805e-12 1.88378e-12 1.47908e-12 1.16078e-12 9.10547e-13 7.13932e-13 5.59518e-13 4.38307e-13 3.43203e-13 2.68619e-13 2.10154e-13
1.80124e-05 1.62151e-05 1.83224e-05 1.96785e-05 2.03725e-05 2.05058e-05 2.01817e-05 1.94999e-05 1.85511e-05 1.74156e-05 1.6162e-05 1.48471e-05 1.35166e-05 1.22061e-05 1.09423e-05 9.74437e-06 8.62494e-06 7.59153e-06 6.6475e-06 5.79305e-06 5.02597e-06 4.34234e-06 3.7371e-06 3.20445e-06 2.73826e-06 2.33228e-06 1.98039e-06 1.67669e-06 1.41563e-06 1.19207e-06 1.00129e-06 8.39034e-07 7.0146e-07 5.8516e-07 4.87117e-07 4.04685e-07 3.35552e-07 2.77711e-07 2.2943e-07 1.89216e-07 1.55791e-07 1.28065e-07 1.0511e-07 8.6141e-08 7.04928e-08 5.76062e-08 4.70115e-08 3.83149e-08 3.11871e-08 2.53539e-08 2.05869e-08 1.66966e-08 1.35261e-08 1.09455e-08 8.84772e-09 7.1445e-09 5.76327e-09 4.64444e-09 3.73918e-09 3.00752e-09 2.4168e-09 1.94035e-09 1.55646e-09 1.24745e-09 9.98945e-10 7.9929e-10 6.39025e-10 5.10494e-10 4.07501e-10 3.25043e-10 2.59079e-10 2.06353e-10 1.64241e-10 1.30633e-10 1.03831e-10 8.24736e-11 6.54663e-11 5.19329e-11 4.11713e-11 3.26196e-11 2.58285e-11 2.04391e-11 1.61648e-11 1.27771e-11 1.00936e-11 7.96934e-12 6.28871e-12 4.95984e-12 3.90972e-12 3.08034e-12 2.42567e-12 1.90918e-12 1.50192e-12 1.18097e-12 9.28156e-13 7.29122e-13 5.72504e-13 4.49323e-13 3.52488e-13 2.764e-13 2.16642e-13
1.31001e-05 1.21191e-05 1.38563e-05 1.50295e-05 1.56948e-05 1.59211e-05 1.57819e-05 1.53503e-05 1.46946e-05 1.38767e-05 1.29501e-05 1.19603e-05 1.09445e-05 9.93225e-06 8.94642e-06 8.00377e-06 7.116e-06 6.29061e-06 5.53164e-06 4.84048e-06 4.2164e-06 3.65718e-06 3.15951e-06 2.71936e-06 2.33228e-06 1.99366e-06 1.69884e-06 1.44331e-06 1.22275e-06 1.0331e-06 8.70628e-07 7.31912e-07 6.13859e-07 5.13695e-07 4.28953e-07 3.57454e-07 2.97284e-07 2.46772e-07 2.04469e-07 1.69119e-07 1.39644e-07 1.15116e-07 9.47469e-08 7.78625e-08 6.38923e-08 5.23536e-08 4.28393e-08 3.50068e-08 2.85691e-08 2.32858e-08 1.89562e-08 1.54131e-08 1.25178e-08 1.01548e-08 8.22888e-09 6.66107e-09 5.38634e-09 4.35113e-09 3.5114e-09 2.831e-09 2.28028e-09 1.83501e-09 1.47536e-09 1.18515e-09 9.51216e-10 7.62816e-10 6.11229e-10 4.89373e-10 3.91503e-10 3.12966e-10 2.49995e-10 1.99547e-10 1.59165e-10 1.26865e-10 1.01049e-10 8.04322e-11 6.39791e-11 5.08583e-11 4.04023e-11 3.20758e-11 2.54496e-11 2.01799e-11 1.59919e-11 1.26656e-11 1.00254e-11 7.9311e-12 6.27079e-12 4.95535e-12 3.91375e-12 3.08946e-12 2.43751e-12 1.92215e-12 1.51499e-12 1.19349e-12 9.39758e-13 7.39612e-13 5.81818e-13 4.57476e-13 3.59543e-13 2.82447e-13 2.21784e-13
9.52743e-06 9.05114e-06 1.04693e-05 1.14666e-05 1.20764e-05 1.23446e-05 1.23229e-05 1.20642e-05 1.16198e-05 1.10366e-05 1.03564e-05 9.6152e-06 8.84295e-06 8.06406e-06 7.29768e-06 6.55833e-06 5.8565e-06 5.19928e-06 4.59095e-06 4.03355e-06 3.52736e-06 3.07131e-06 2.66335e-06 2.30076e-06 1.98039e-06 1.69884e-06 1.45265e-06 1.23835e-06 1.05262e-06 8.92285e-07 7.54393e-07 6.36217e-07 5.35272e-07 4.49314e-07 3.76335e-07 3.14548e-07 2.62374e-07 2.18431e-07 1.81508e-07 1.50555e-07 1.24664e-07 1.03053e-07 8.50512e-08 7.00843e-08 5.7664e-08 4.73754e-08 3.88675e-08 3.18437e-08 2.60545e-08 2.12902e-08 1.73753e-08 1.4163e-08 1.15309e-08 9.37712e-09 7.6171e-09 6.18066e-09 5.00977e-09 4.05649e-09 3.28128e-09 2.65161e-09 2.1407e-09 1.72662e-09 1.39135e-09 1.12018e-09 9.01076e-10 7.24205e-10 5.81565e-10 4.66637e-10 3.74122e-10 2.99713e-10 2.39919e-10 1.9191e-10 1.53395e-10 1.22521e-10 9.77917e-11 7.79997e-11 6.21711e-11 4.95215e-11 3.94199e-11 3.13586e-11 2.49302e-11 1.98073e-11 1.57275e-11 1.24806e-11 9.89818e-12 7.84558e-12 6.21511e-12 4.92074e-12 3.89381e-12 3.07953e-12 2.43424e-12 1.92316e-12 1.51861e-12 1.19855e-12 9.45477e-13 7.45475e-13 5.87497e-13 4.62778e-13 3.64364e-13 2.86748e-13 2.25562e-13
6.92912e-06 6.75522e-06 7.90348e-06 8.73942e-06 9.28146e-06 9.5592e-06 9.60839e-06 9.46717e-06 9.17336e-06 8.76256e-06 8.26701e-06 7.71499e-06 7.13052e-06 6.53346e-06 5.93975e-06 5.36172e-06 4.80859e-06 4.28684e-06 3.80069e-06 3.35249e-06 2.94312e-06 2.57229e-06 2.23885e-06 1.94105e-06 1.67669e-06 1.44331e-06 1.23835e-06 1.0592e-06 9.03296e-07 7.6818e-07 6.5153e-07 5.51185e-07 4.6516e-07 3.91645e-07 3.29013e-07 2.75805e-07 2.30727e-07 1.92634e-07 1.60525e-07 1.33522e-07 1.10866e-07 9.18969e-08 7.6048e-08 6.28323e-08 5.18334e-08 4.2696e-08 3.51187e-08 2.88457e-08 2.36611e-08 1.93827e-08 1.58577e-08 1.29576e-08 1.05751e-08 8.62053e-09 7.01918e-09 5.70893e-09 4.63823e-09 3.76435e-09 3.05197e-09 2.47192e-09 2.00014e-09 1.61686e-09 1.30581e-09 1.05363e-09 8.49393e-10 6.84149e-10 5.50583e-10 4.42722e-10 3.55702e-10 2.85557e-10 2.29066e-10 1.83609e-10 1.47063e-10 1.17704e-10 9.41384e-11 7.52376e-11 6.00899e-11 4.79593e-11 3.8252e-11 3.04896e-11 2.42867e-11 1.93336e-11 1.53811e-11 1.22291e-11 9.71729e-12 7.71683e-12 6.12466e-12 4.85823e-12 3.85152e-12 3.05173e-12 2.41672e-12 1.91283e-12 1.5132e-12 1.19645e-12 9.45527e-13 7.46853e-13 5.89635e-13 4.65287e-13 3.66988e-13 2.8932e-13 2.27984e-13
5.03942e-06 5.0384e-06 5.9616e-06 6.65442e-06 7.12549e-06 7.39318e-06 7.48177e-06 7.41837e-06 7.23071e-06 6.94555e-06 6.58761e-06 6.17895e-06 5.73866e-06 5.28278e-06 4.82443e-06 4.37398e-06 3.93937e-06 3.52638e-06 3.13898e-06 2.77961e-06 2.44947e-06 2.14879e-06 1.87704e-06 1.63315e-06 1.41563e-06 1.22275e-06 1.05262e-06 9.03296e-07 7.72826e-07 6.59312e-07 5.60939e-07 4.76004e-07 4.02927e-07 3.40259e-07 2.86684e-07 2.41017e-07 2.022e-07 1.69293e-07 1.41466e-07 1.17993e-07 9.8237e-08 8.16469e-08 6.77446e-08 5.61183e-08 4.64144e-08 3.83302e-08 3.16075e-08 2.60267e-08 2.14016e-08 1.75749e-08 1.44135e-08 1.18059e-08 9.6581e-09 7.89159e-09 6.44068e-09 5.25055e-09 4.27562e-09 3.47796e-09 2.82614e-09 2.29413e-09 1.86041e-09 1.50722e-09 1.21991e-09 9.86455e-10 7.96949e-10 6.43278e-10 5.18786e-10 4.18032e-10 3.36565e-10 2.70753e-10 2.17637e-10 1.74805e-10 1.40295e-10 1.12513e-10 9.01666e-11 7.22064e-11 5.77828e-11 4.62084e-11 3.69273e-11 2.94906e-11 2.35362e-11 1.87719e-11 1.49626e-11 1.19189e-11 9.48854e-12 7.54923e-12 6.00276e-12 4.77032e-12 3.78875e-12 3.00748e-12 2.38599e-12 1.89191e-12 1.49934e-12 1.18761e-12 9.402e-13 7.43956e-13 5.88379e-13 4.65107e-13 3.67483e-13 2.90211e-13 2.2908e-13
3.66508e-06 3.75558e-06 4.49334e-06 5.06218e-06 5.46456e-06 5.71127e-06 5.81837e-06 5.8049e-06 5.69101e-06 5.49665e-06 5.24064e-06 4.94009e-06 4.61004e-06 4.26337e-06 3.91076e-06 3.56086e-06 3.22041e-06 2.89445e-06 2.58661e-06 2.29926e-06 2.03374e-06 1.79061e-06 1.56974e-06 1.37055e-06 1.19207e-06 1.0331e-06 8.92285e-07 7.6818e-07 6.59312e-07 5.64225e-07 4.81513e-07 4.09838e-07 3.4795e-07 2.94693e-07 2.49009e-07 2.0994e-07 1.76622e-07 1.48287e-07 1.24252e-07 1.03914e-07 8.67463e-08 7.22865e-08 6.01341e-08 4.9942e-08 4.14112e-08 3.42844e-08 2.83416e-08 2.33949e-08 1.92844e-08 1.58744e-08 1.305e-08 1.07143e-08 8.78565e-09 7.19537e-09 5.88596e-09 4.80927e-09 3.92511e-09 3.19999e-09 2.60604e-09 2.12011e-09 1.72304e-09 1.39895e-09 1.13471e-09 9.19514e-10 7.44438e-10 6.02152e-10 4.8663e-10 3.9293e-10 3.17004e-10 2.55537e-10 2.05821e-10 1.65645e-10 1.33208e-10 1.07042e-10 8.59505e-11 6.89645e-11 5.52955e-11 4.43045e-11 3.54736e-11 2.83836e-11 2.26955e-11 1.81354e-11 1.44823e-11 1.15577e-11 9.21796e-12 7.34741e-12 5.85293e-12 4.65968e-12 3.70755e-12 2.9483e-12 2.34321e-12 1.86128e-12 1.47767e-12 1.17249e-12 9.29853e-13 7.37045e-13 5.83918e-13 4.62373e-13 3.65947e-13 2.89489e-13 2.28896e-13
2.66554e-06 2.79772e-06 3.38418e-06 3.84753e-06 4.18658e-06 4.40704e-06 4.51925e-06 4.53634e-06 4.47283e-06 4.34346e-06 4.16247e-06 3.94303e-06 3.69693e-06 3.43441e-06 3.16414e-06 2.89322e-06 2.62732e-06 2.3708e-06 2.12685e-06 1.8977e-06 1.68473e-06 1.48864e-06 1.3096e-06 1.14735e-06 1.00129e-06 8.70628e-07 7.54393e-07 6.5153e-07 5.60939e-07 4.81513e-07 4.12166e-07 3.51856e-07 2.99597e-07 2.54472e-07 2.15633e-07 1.82309e-07 1.538e-07 1.29478e-07 1.08783e-07 9.12188e-08 7.63478e-08 6.37861e-08 5.31985e-08 4.42937e-08 3.68195e-08 3.05584e-08 2.53232e-08 2.0954e-08 1.73137e-08 1.4286e-08 1.17718e-08 9.68737e-09 7.96185e-09 6.53557e-09 5.35831e-09 4.38795e-09 3.5892e-09 2.93257e-09 2.39347e-09 1.9514e-09 1.58933e-09 1.29313e-09 1.05109e-09 8.53539e-10 6.92461e-10 5.61264e-10 4.54515e-10 3.67744e-10 2.97283e-10 2.40119e-10 1.93787e-10 1.56269e-10 1.25914e-10 1.01377e-10 8.15595e-11 6.55669e-11 5.26717e-11 4.22822e-11 3.39181e-11 2.71898e-11 2.17814e-11 1.74371e-11 1.39502e-11 1.11534e-11 8.91166e-12 7.11608e-12 5.67882e-12 4.52913e-12 3.61007e-12 2.87584e-12 2.28963e-12 1.82189e-12 1.4489e-12 1.15165e-12 9.1489e-13 7.26422e-13 5.7648e-13 4.57253e-13 3.62503e-13 2.87244e-13 2.27498e-13
1.9386e-06 2.08299e-06 2.547e-06 2.92187e-06 3.2044e-06 3.39702e-06 3.50609e-06 3.54053e-06 3.51065e-06 3.42728e-06 3.3011e-06 3.14219e-06 2.95974e-06 2.76183e-06 2.55544e-06 2.34636e-06 2.13931e-06 1.938e-06 1.7452e-06 1.56295e-06 1.39257e-06 1.23484e-06 1.09008e-06 9.58248e-07 8.39034e-07 7.31912e-07 6.36217e-07 5.51185e-07 4.76004e-07 4.09838e-07 3.51856e-07 3.01248e-07 2.57244e-07 2.19117e-07 1.86193e-07 1.57852e-07 1.33529e-07 1.12714e-07 9.49491e-08 7.98266e-08 6.69852e-08 5.61065e-08 4.69115e-08 3.91563e-08 3.26291e-08 2.71464e-08 2.255e-08 1.87037e-08 1.54908e-08 1.28117e-08 1.05814e-08 8.72764e-09 7.18933e-09 5.91469e-09 4.86006e-09 3.9887e-09 3.26976e-09 2.67736e-09 2.18986e-09 1.7892e-09 1.4603e-09 1.19064e-09 9.69797e-10 7.89144e-10 6.41528e-10 5.21036e-10 4.22788e-10 3.42758e-10 2.77634e-10 2.2469e-10 1.8169e-10 1.46798e-10 1.18511e-10 9.55998e-11 7.70578e-11 6.20651e-11 4.99521e-11 4.01739e-11 3.22866e-11 2.59296e-11 2.08098e-11 1.66897e-11 1.33763e-11 1.07138e-11 8.57571e-12 6.85998e-12 5.4841e-12 4.38151e-12 3.4985e-12 2.79179e-12 2.22655e-12 1.77474e-12 1.41381e-12 1.12566e-12 8.95757e-13 7.12425e-13 5.66316e-13 4.49938e-13 3.57293e-13 2.83581e-13 2.24965e-13
1.40991e-06 1.55002e-06 1.91563e-06 2.21713e-06 2.45039e-06 2.6158e-06 2.71703e-06 2.75998e-06 2.75189e-06 2.70064e-06 2.61419e-06 2.5002e-06 2.36577e-06 2.21728e-06 2.06028e-06 1.89946e-06 1.73873e-06 1.58118e-06 1.42923e-06 1.28465e-06 1.14868e-06 1.02212e-06 9.05365e-07 7.98524e-07 7.0146e-07 6.13859e-07 5.35272e-07 4.6516e-07 4.02927e-07 3.4795e-07 2.99597e-07 2.57244e-07 2.2029e-07 1.88164e-07 1.60331e-07 1.36295e-07 1.15602e-07 9.78389e-08 8.2633e-08 6.96507e-08 5.85947e-08 4.92018e-08 4.12403e-08 3.4507e-08 2.88245e-08 2.40386e-08 2.00157e-08 1.66406e-08 1.38141e-08 1.14512e-08 9.47928e-09 7.83624e-09 6.46945e-09 5.33421e-09 4.39268e-09 3.61294e-09 2.9681e-09 2.43554e-09 1.99628e-09 1.63446e-09 1.33678e-09 1.09217e-09 8.91415e-10 7.26835e-10 5.92064e-10 4.81823e-10 3.91744e-10 3.18216e-10 2.58258e-10 2.09415e-10 1.69664e-10 1.37344e-10 1.1109e-10 8.97817e-11 7.25038e-11 5.85057e-11 4.71745e-11 3.80097e-11 3.0603e-11 2.4622e-11 1.97961e-11 1.5905e-11 1.27702e-11 1.02464e-11 8.21599e-12 6.58371e-12 5.2724e-12 4.21965e-12 3.37504e-12 2.69787e-12 2.1553e-12 1.72085e-12 1.37319e-12 1.09515e-12 8.7292e-13 6.9541e-13 5.53699e-13 4.40634e-13 3.50474e-13 2.7862e-13 2.21385e-13
