0.914138 0.0182043 0.00990236 0.00538646 0.00293 0.0015938 0.000866957 0.000471588 0.000256523 0.000139538 7.59025e-05 4.12877e-05 2.24588e-05 1.22166e-05 6.64531e-06 3.61476e-06 1.96628e-06 1.06957e-06 5.818e-07 3.16474e-07 1.72148e-07 9.36414e-08 5.09369e-08 2.77075e-08 1.50717e-08 8.19835e-09 4.45955e-09 2.42581e-09 1.31953e-09 7.1777e-10 3.90436e-10 2.12381e-10 1.15526e-10 6.28411e-11 3.41829e-11 1.8594e-11 1.01144e-11 5.50177e-12 2.99273e-12 1.62792e-12 8.85517e-13 4.81683e-13 2.62015e-13 1.42525e-13 7.75275e-14 4.21716e-14 2.29396e-14 1.24781e-14 6.78757e-15 3.69215e-15 2.00837e-15 1.09247e-15 5.94255e-16 3.23249e-16 1.75834e-16 9.5646e-17 5.20274e-17 2.83006e-17 1.53943e-17 8.37386e-18 4.55502e-18 2.47774e-18 1.34778e-18 7.33136e-19 3.98795e-19 2.16927e-19 1.17999e-19 6.41864e-20 3.49147e-20 1.89921e-20 1.03309e-20 5.61956e-21 3.0568e-21 1.66277e-21 9.04474e-22 4.91995e-22 2.67624e-22 1.45576e-22 7.91871e-23 4.30744e-23 2.34306e-23 1.27453e-23 6.93288e-24 3.77119e-24 2.05136e-24 1.11585e-24 6.06977e-25 3.30169e-25 1.79598e-25 9.76936e-26 5.31411e-26 2.89065e-26 1.57239e-26 8.55313e-27 4.65253e-27 2.53078e-27 1.37664e-27 7.48831e-28 4.07332e-28 2.21571e-28 1.20525e-28
0.0182043 0.00117551 0.000655924 0.000365768 0.000203844 0.000113537 6.32038e-05 3.51658e-05 1.95561e-05 1.08701e-05 6.03934e-06 3.35392e-06 1.86181e-06 1.0331e-06 5.73031e-07 3.17726e-07 1.76105e-07 9.75756e-08 5.40462e-08 2.99261e-08 1.65653e-08 9.16681e-09 5.07121e-09 2.80468e-09 1.55074e-09 8.57192e-10 4.73705e-10 2.61717e-10 1.44561e-10 7.98308e-11 4.4075e-11 2.43287e-11 1.34262e-11 7.40799e-12 4.08658e-12 2.2539e-12 1.24288e-12 6.85237e-13 3.77725e-13 2.08179e-13 1.14715e-13 6.32028e-14 3.48161e-14 1.91759e-14 1.056e-14 5.81446e-15 3.20104e-15 1.76201e-15 9.69768e-16 5.33663e-16 2.93636e-16 1.61545e-16 8.88638e-17 4.88766e-17 2.68797e-17 1.47808e-17 8.12678e-18 4.46777e-18 2.45592e-18 1.34987e-18 7.41858e-19 4.07667e-19 2.23999e-19 1.23067e-19 6.76076e-20 3.7137e-20 2.03975e-20 1.12023e-20 6.15175e-21 3.37793e-21 1.85466e-21 1.01822e-21 5.58959e-22 3.0682e-22 1.68404e-22 9.2424e-23 5.07206e-23 2.78323e-23 1.52715e-23 8.37881e-24 4.59675e-24 2.52167e-24 1.38323e-24 7.587e-25 4.16118e-25 2.28209e-25 1.25147e-25 6.86248e-26 3.76282e-26 2.06309e-26 1.13108e-26 6.20077e-27 3.39915e-27 1.86324e-27 1.02127e-27 5.59746e-28 3.06771e-28 1.68118e-28 9.21275e-29 5.04825e-29 2.76611e-29
0.00990236 0.000655924 0.000366834 0.000205017 0.000114507 6.39162e-05 3.56562e-05 1.98801e-05 1.10783e-05 6.17027e-06 3.435e-06 1.91138e-06 1.0631e-06 5.91039e-07 3.28458e-07 1.82462e-07 1.01322e-07 5.62434e-08 3.12097e-08 1.73125e-08 9.60038e-09 5.32207e-09 2.94944e-09 1.63408e-09 9.05067e-10 5.01153e-10 2.77424e-10 1.53534e-10 8.4949e-11 4.69901e-11 2.59867e-11 1.43681e-11 7.94236e-12 4.38942e-12 2.42535e-12 1.33984e-12 7.40023e-13 4.08653e-13 2.25623e-13 1.24547e-13 6.87392e-14 3.79316e-14 2.09279e-14 1.15446e-14 6.3674e-15 3.51138e-15 1.9361e-15 1.06736e-15 5.88347e-16 3.2426e-16 1.78687e-16 9.84544e-17 5.42399e-17 2.98776e-17 1.64558e-17 9.06228e-18 4.99004e-18 2.74738e-18 1.51245e-18 8.32525e-19 4.58209e-19 2.52164e-19 1.38757e-19 7.63453e-20 4.20015e-20 2.31049e-20 1.27086e-20 6.98961e-21 3.84384e-21 2.11367e-21 1.16217e-21 6.38943e-22 3.51251e-22 1.93079e-22 1.06124e-22 5.83255e-23 3.20528e-23 1.76133e-23 9.67784e-24 5.31721e-24 2.92116e-24 1.6047e-24 8.81456e-25 4.84146e-25 2.65901e-25 1.46027e-25 8.01893e-26 4.40322e-26 2.41766e-26 1.32736e-26 7.28715e-27 4.00034e-27 2.19588e-27 1.2053e-27 6.61535e-28 3.63066e-28 1.99247e-28 1.09338e-28 5.99969e-29 3.292e-29 1.8062e-29
0.00538646 0.000365768 0.000205017 0.000114832 6.4274e-05 3.59522e-05 2.00977e-05 1.12282e-05 6.26948e-06 3.49879e-06 1.95156e-06 1.08801e-06 6.06285e-07 3.37696e-07 1.88013e-07 1.04633e-07 5.82071e-08 3.23681e-08 1.79927e-08 9.99818e-09 5.55388e-09 3.0841e-09 1.71207e-09 9.50123e-10 5.27119e-10 2.92356e-10 1.62104e-10 8.98585e-11 4.97978e-11 2.75899e-11 1.52821e-11 8.4628e-12 4.68536e-12 2.59343e-12 1.43519e-12 7.94062e-13 4.39247e-13 2.42927e-13 1.34325e-13 7.42602e-14 4.10464e-14 2.26838e-14 1.25337e-14 6.92417e-15 3.82458e-15 2.11217e-15 1.16629e-15 6.43894e-16 3.55433e-16 1.96171e-16 1.08256e-16 5.97317e-17 3.29533e-17 1.81775e-17 1.00256e-17 5.52881e-18 3.04858e-18 1.68078e-18 9.26551e-19 5.10713e-19 2.81471e-19 1.55111e-19 8.54674e-20 4.70882e-20 2.59404e-20 1.42888e-20 7.8699e-21 4.3341e-21 2.38663e-21 1.3141e-21 7.23489e-22 3.98284e-22 2.19237e-22 1.20669e-22 6.6411e-23 3.65464e-23 2.011e-23 1.10648e-23 6.0875e-24 3.34887e-24 1.84214e-24 1.01324e-24 5.57275e-25 3.06473e-25 1.68532e-25 9.26704e-26 5.09528e-26 2.80132e-26 1.54003e-26 8.4657e-27 4.65337e-27 2.55766e-27 1.40569e-27 7.72518e-28 4.24521e-28 2.33272e-28 1.28173e-28 7.04217e-29 3.86892e-29 2.12542e-29 1.16755e-29
0.00293 0.000203844 0.000114507 6.4274e-05 3.60511e-05 2.0207e-05 1.13187e-05 6.3361e-06 3.54475e-06 1.982e-06 1.1076e-06 6.18639e-07 3.45363e-07 1.92711e-07 1.07483e-07 5.99213e-08 3.33918e-08 1.86004e-08 1.03571e-08 5.76484e-09 3.2076e-09 1.78412e-09 9.92017e-10 5.5141e-10 3.06403e-10 1.70208e-10 9.45235e-11 5.24779e-11 2.91268e-11 1.6162e-11 8.96569e-12 4.97238e-12 2.75701e-12 1.52831e-12 8.47e-13 4.6931e-13 2.59981e-13 1.4399e-13 7.97321e-14 4.41416e-14 2.44331e-14 1.35215e-14 7.4816e-15 4.1389e-15 2.28928e-15 1.26601e-15 7.00012e-16 3.86992e-16 2.13909e-16 1.1822e-16 6.53257e-17 3.60922e-17 1.9938e-17 1.10125e-17 6.08178e-18 3.35828e-18 1.85415e-18 1.02357e-18 5.64981e-19 3.11815e-19 1.7207e-19 9.49431e-20 5.23806e-20 2.88953e-20 1.5938e-20 8.79012e-21 4.84738e-21 2.67285e-21 1.47365e-21 8.12404e-22 4.47821e-22 2.46828e-22 1.36033e-22 7.49635e-23 4.13062e-23 2.27584e-23 1.2538e-23 6.9068e-24 3.80441e-24 2.09537e-24 1.15398e-24 6.35473e-25 3.49914e-25 1.9266e-25 1.06069e-25 5.83914e-26 3.21423e-26 1.76918e-26 9.73725e-27 5.35881e-27 2.94896e-27 1.6227e-27 8.92848e-28 4.91232e-28 2.70251e-28 1.48668e-28 8.17786e-29 4.49815e-29 2.474e-29 1.36063e-29 7.48257e-30
0.0015938 0.000113537 6.39162e-05 3.59522e-05 2.0207e-05 1.1349e-05 6.36955e-06 3.57249e-06 2.00243e-06 1.12172e-06 6.27998e-07 3.51394e-07 1.96518e-07 1.09847e-07 6.13718e-08 3.42726e-08 1.91308e-08 1.06741e-08 5.95326e-09 3.31898e-09 1.84965e-09 1.03043e-09 5.73838e-10 3.19458e-10 1.77785e-10 9.89097e-11 5.50109e-11 3.05864e-11 1.70014e-11 9.44751e-12 5.24848e-12 2.91498e-12 1.61855e-12 8.98486e-13 4.98644e-13 2.76675e-13 1.53479e-13 8.51204e-14 4.71981e-14 2.61653e-14 1.45023e-14 8.03643e-15 4.45252e-15 2.46641e-15 1.36599e-15 7.56398e-16 4.18772e-16 2.31809e-16 1.28296e-16 7.09941e-17 3.92793e-17 2.17289e-17 1.20184e-17 6.64646e-18 3.67511e-18 2.03184e-18 1.12318e-18 6.20795e-19 3.43076e-19 1.89572e-19 1.04738e-19 5.78602e-20 3.19596e-20 1.76511e-20 9.74741e-21 5.38217e-21 2.9715e-21 1.64039e-21 9.05459e-22 4.99741e-22 2.75788e-22 1.52181e-22 8.39657e-23 4.63233e-23 2.55538e-23 1.40951e-23 7.77393e-24 4.28719e-24 2.36409e-24 1.30352e-24 7.18673e-25 3.96194e-25 2.18397e-25 1.20379e-25 6.63462e-26 3.65634e-26 2.01485e-26 1.11021e-26 6.11691e-27 3.36997e-27 1.85647e-27 1.02263e-27 5.63267e-28 3.10227e-28 1.7085e-28 9.40846e-29 5.18075e-29 2.85258e-29 1.57055e-29 8.64646e-30 4.75988e-30
0.000866957 6.32038e-05 3.56562e-05 2.00977e-05 1.13187e-05 6.36955e-06 3.58176e-06 2.0127e-06 1.13024e-06 6.34281e-07 3.55738e-07 1.99401e-07 1.11707e-07 6.25469e-08 3.50033e-08 1.95795e-08 1.09469e-08 6.11765e-09 3.41737e-09 1.90818e-09 1.06505e-09 5.94234e-10 3.31423e-10 1.84779e-10 1.02985e-10 5.73782e-11 3.19581e-11 1.77943e-11 9.90486e-12 5.51175e-12 3.06624e-12 1.70532e-12 9.48173e-13 5.27057e-13 2.929e-13 1.62732e-13 9.03911e-14 5.0197e-14 2.78697e-14 1.547e-14 8.58536e-15 4.7636e-15 2.64256e-15 1.46565e-15 8.12738e-16 4.50599e-16 2.49776e-16 1.38431e-16 7.67081e-17 4.24986e-17 2.35416e-17 1.30385e-17 7.22021e-18 3.99765e-18 2.21306e-18 1.22495e-18 6.77921e-19 3.75127e-19 2.07548e-19 1.14815e-19 6.35066e-20 3.51224e-20 1.94219e-20 1.07386e-20 5.93674e-21 3.28168e-21 1.81381e-21 1.00239e-21 5.53904e-22 3.06042e-22 1.69076e-22 9.33971e-23 5.15869e-23 2.84905e-23 1.57332e-23 8.68737e-24 4.79642e-24 2.64791e-24 1.46167e-24 8.06776e-25 4.45263e-25 2.4572e-25 1.35589e-25 7.48121e-26 4.12744e-26 2.27694e-26 1.25599e-26 6.92765e-27 3.82075e-27 2.10706e-27 1.16191e-27 6.40665e-28 3.5323e-28 1.94738e-28 1.07352e-28 5.91752e-29 3.26165e-29 1.79764e-29 9.9069e-30 5.45937e-30 3.00828e-30
0.000471588 3.51658e-05 1.98801e-05 1.12282e-05 6.3361e-06 3.57249e-06 2.0127e-06 1.13308e-06 6.37436e-07 3.58359e-07 2.01336e-07 1.13047e-07 6.34368e-08 3.5578e-08 1.99429e-08 1.11731e-08 6.25671e-09 3.50197e-09 1.95922e-09 1.09563e-09 6.12441e-10 3.42207e-10 1.91137e-10 1.06718e-10 5.95624e-11 3.3232e-11 1.8535e-11 1.03345e-11 5.76031e-12 3.20975e-12 1.788e-12 9.95724e-13 5.54357e-13 3.08548e-13 1.71689e-13 9.55102e-14 5.31191e-14 2.95356e-14 1.64188e-14 9.12506e-15 5.07031e-15 2.81669e-15 1.56442e-15 8.68714e-16 4.82296e-16 2.67711e-16 1.48572e-16 8.24375e-17 4.57335e-17 2.53669e-17 1.40678e-17 7.80027e-18 4.32436e-18 2.39697e-18 1.32842e-18 7.36109e-19 4.07833e-19 2.25921e-19 1.25132e-19 6.92978e-20 3.83715e-20 2.12442e-20 1.17601e-20 6.50918e-21 3.60234e-21 1.99337e-21 1.10291e-21 6.10149e-22 3.37506e-22 1.8667e-22 1.03233e-22 5.7084e-23 3.15617e-23 1.74486e-23 9.64522e-24 5.33113e-24 2.94632e-24 1.62816e-24 8.99646e-25 4.97053e-25 2.74594e-25 1.51683e-25 8.37808e-26 4.62712e-26 2.55527e-26 1.41099e-26 7.79066e-27 4.30116e-27 2.37444e-27 1.31068e-27 7.23436e-28 3.99269e-28 2.20342e-28 1.21589e-28 6.70897e-29 3.70156e-29 2.04212e-29 1.12653e-29 6.21405e-30 3.42747e-30 1.89035e-30
0.000256523 1.95561e-05 1.10783e-05 6.26948e-06 3.54475e-06 2.00243e-06 1.13024e-06 6.37436e-07 3.59235e-07 2.02308e-07 1.13855e-07 6.40342e-08 3.59918e-08 2.02181e-08 1.1351e-08 6.36931e-09 3.57214e-09 2.00239e-09 1.12192e-09 6.28318e-10 3.51727e-10 1.9681e-10 1.10081e-10 6.15473e-11 3.43985e-11 1.92182e-11 1.07333e-11 5.99242e-12 3.34449e-12 1.86603e-12 1.04081e-12 5.80359e-13 3.23515e-13 1.80289e-13 1.00444e-13 5.59457e-14 3.11527e-14 1.73426e-14 9.65222e-15 5.37078e-15 2.98776e-15 1.66172e-15 9.24004e-16 5.13685e-16 2.85515e-16 1.58662e-16 8.81517e-17 4.89671e-17 2.71954e-17 1.5101e-17 8.38376e-18 4.65366e-18 2.58271e-18 1.43312e-18 7.95095e-19 4.41047e-19 2.44614e-19 1.35648e-19 7.52101e-20 4.16942e-20 2.31106e-20 1.28081e-20 7.09741e-21 3.93237e-21 2.17846e-21 1.20667e-21 6.68298e-22 3.70082e-22 2.04914e-22 1.13446e-22 6.27998e-23 3.47596e-23 1.92371e-23 1.06453e-23 5.89013e-24 3.2587e-24 1.80268e-24 9.97113e-25 5.51475e-25 3.04974e-25 1.68638e-25 9.32405e-26 5.15479e-26 2.84955e-26 1.57507e-26 8.70528e-27 4.81089e-27 2.65845e-27 1.4689e-27 8.11559e-28 4.48341e-28 2.47663e-28 1.36797e-28 7.55535e-29 4.17251e-29 2.30413e-29 1.27227e-29 7.02457e-30 3.87816e-30 2.14091e-30 1.18178e-30
0.000139538 1.08701e-05 6.17027e-06 3.49879e-06 1.982e-06 1.12172e-06 6.34281e-07 3.58359e-07 2.02308e-07 1.14125e-07 6.43341e-08 3.62415e-08 2.04028e-08 1.14791e-08 6.45457e-09 3.62729e-09 2.03734e-09 1.14372e-09 6.41742e-10 3.5991e-10 2.01756e-10 1.1305e-10 6.3318e-11 3.54492e-11 1.98388e-11 1.10983e-11 6.20641e-12 3.46951e-12 1.93886e-12 1.08313e-12 6.04886e-13 3.377e-13 1.88477e-13 1.05161e-13 5.86585e-14 3.27103e-14 1.82357e-14 1.01636e-14 5.66316e-15 3.15475e-15 1.75697e-15 9.78282e-16 5.44583e-16 3.03087e-16 1.68646e-16 9.38193e-17 5.21818e-17 2.90174e-17 1.61329e-17 8.96772e-18 4.98392e-18 2.76936e-18 1.53855e-18 8.54604e-19 4.74619e-19 2.63543e-19 1.46315e-19 8.12181e-20 4.50765e-20 2.50138e-20 1.38786e-20 7.69918e-21 4.27052e-21 2.3684e-21 1.31332e-21 7.28156e-22 4.03664e-22 2.23748e-22 1.24005e-22 6.87176e-23 3.8075e-23 2.1094e-23 1.16849e-23 6.47205e-24 3.58432e-24 1.98482e-24 1.09897e-24 6.08423e-25 3.36803e-25 1.86423e-25 1.03176e-25 5.70968e-26 3.15937e-26 1.74802e-26 9.67047e-27 5.34943e-27 2.95887e-27 1.63645e-27 9.04982e-28 5.00422e-28 2.76691e-28 1.52973e-28 8.45657e-29 4.67453e-29 2.58371e-29 1.42795e-29 7.89128e-30 4.36059e-30 2.4094e-30 1.33118e-30 7.35414e-31
7.59025e-05 6.03934e-06 3.435e-06 1.95156e-06 1.1076e-06 6.27998e-07 3.55738e-07 2.01336e-07 1.13855e-07 6.43341e-08 3.63249e-08 2.04956e-08 1.15563e-08 6.51179e-09 3.66701e-09 2.0638e-09 1.16085e-09 6.52608e-10 3.66693e-10 2.05938e-10 1.15601e-10 6.48613e-11 3.63763e-11 2.03923e-11 1.1427e-11 6.40073e-12 3.58392e-12 2.00598e-12 1.12238e-12 6.27769e-13 3.51007e-13 1.96196e-13 1.0963e-13 6.12396e-14 3.41986e-14 1.90923e-14 1.06558e-14 5.94564e-15 3.31661e-15 1.8496e-15 1.03123e-15 5.74809e-16 3.20324e-16 1.78466e-16 9.94086e-17 5.536e-17 3.0823e-17 1.71579e-17 9.5491e-18 5.31343e-18 2.95599e-18 1.64417e-18 9.14348e-19 5.08389e-19 2.8262e-19 1.57085e-19 8.72955e-20 4.85039e-20 2.69457e-20 1.4967e-20 8.31208e-21 4.61549e-21 2.56248e-21 1.42246e-21 7.89506e-22 4.38137e-22 2.4311e-22 1.34876e-22 7.48188e-23 4.14981e-23 2.30139e-23 1.27613e-23 7.07533e-24 3.92233e-24 2.17415e-24 1.20499e-24 6.67768e-25 3.70014e-25 2.05004e-25 1.13568e-25 6.29079e-26 3.48422e-26 1.92957e-26 1.06849e-26 5.91609e-27 3.27534e-27 1.81315e-27 1.00362e-27 5.55471e-28 3.07406e-28 1.70108e-28 9.41226e-29 5.20745e-29 2.88082e-29 1.59357e-29 8.81425e-30 4.87488e-30 2.6959e-30 1.49076e-30 8.24286e-31 4.55734e-31
4.12877e-05 3.35392e-06 1.91138e-06 1.08801e-06 6.18639e-07 3.51394e-07 1.99401e-07 1.13047e-07 6.40342e-08 3.62415e-08 2.04956e-08 1.15822e-08 6.54051e-09 3.69097e-09 2.08156e-09 1.17319e-09 6.60834e-10 3.72024e-10 2.09322e-10 1.17715e-10 6.61657e-11 3.71728e-11 2.08746e-11 1.1717e-11 6.57399e-12 3.6869e-12 2.06691e-12 1.15828e-12 6.4885e-13 3.63344e-13 2.03395e-13 1.13819e-13 6.3672e-14 3.56077e-14 1.9907e-14 1.11259e-14 6.21644e-15 3.47236e-15 1.93904e-15 1.08252e-15 6.04185e-16 3.37128e-16 1.88067e-16 1.04888e-16 5.8484e-17 3.26024e-17 1.81704e-17 1.01248e-17 5.64048e-18 3.14164e-18 1.74947e-18 9.74032e-19 5.42194e-19 3.01755e-19 1.67909e-19 9.34146e-20 5.19611e-20 2.8898e-20 1.60687e-20 8.93356e-21 4.96588e-21 2.75994e-21 1.53368e-21 8.52121e-22 4.73373e-22 2.62931e-22 1.46022e-22 8.10833e-23 4.50178e-23 2.49907e-23 1.38712e-23 7.69822e-24 4.2718e-24 2.37016e-24 1.31489e-24 7.29366e-25 4.0453e-25 2.24338e-25 1.24396e-25 6.89696e-26 3.8235e-26 2.11941e-26 1.17468e-26 6.51e-27 3.6074e-27 1.99876e-27 1.10735e-27 6.13427e-28 3.3978e-28 1.88187e-28 1.04217e-28 5.77095e-29 3.19532e-29 1.76905e-29 9.79326e-30 5.42094e-30 3.00042e-30 1.66055e-30 9.18935e-31 5.08487e-31 2.81344e-31
2.24588e-05 1.86181e-06 1.0631e-06 6.06285e-07 3.45363e-07 1.96518e-07 1.11707e-07 6.34368e-08 3.59918e-08 2.04028e-08 1.15563e-08 6.54051e-09 3.69897e-09 2.09047e-09 1.18063e-09 6.66353e-10 3.75861e-10 2.11883e-10 1.19376e-10 6.72212e-11 3.78328e-11 2.12821e-11 1.1966e-11 6.72492e-12 3.77772e-12 2.12122e-12 1.19059e-12 6.6798e-13 3.74626e-13 2.10024e-13 1.17702e-13 6.59395e-14 3.69284e-14 2.06743e-14 1.15708e-14 6.47385e-15 3.62101e-15 2.02474e-15 1.13184e-15 6.32532e-16 3.53396e-16 1.97391e-16 1.10226e-16 6.1536e-17 3.43456e-17 1.9165e-17 1.06917e-17 5.96334e-18 3.32533e-18 1.85391e-18 1.03335e-18 5.75867e-19 3.20854e-19 1.78735e-19 9.95466e-20 5.54323e-20 3.08617e-20 1.7179e-20 9.56095e-21 5.32021e-21 2.95995e-21 1.64652e-21 9.15755e-22 5.0924e-22 2.83138e-22 1.57401e-22 8.74888e-23 4.8622e-23 2.70179e-23 1.50109e-23 8.33879e-24 4.63169e-24 2.57227e-24 1.42836e-24 7.93052e-25 4.40261e-25 2.44379e-25 1.35633e-25 7.52684e-26 4.17646e-26 2.31715e-26 1.28543e-26 7.13007e-27 3.95449e-27 2.193e-27 1.21602e-27 6.74211e-28 3.7377e-28 2.0719e-28 1.14839e-28 6.36451e-29 3.52694e-29 1.95429e-29 1.08277e-29 5.99853e-30 3.32285e-30 1.84051e-30 1.01935e-30 5.6451e-31 3.12594e-31 1.73082e-31
1.22166e-05 1.0331e-06 5.91039e-07 3.37696e-07 1.92711e-07 1.09847e-07 6.25469e-08 3.5578e-08 2.02181e-08 1.14791e-08 6.51179e-09 3.69097e-09 2.09047e-09 1.18312e-09 6.69123e-10 3.78176e-10 2.13601e-10 1.20572e-10 6.80199e-11 3.83513e-11 2.16118e-11 1.21724e-11 6.85242e-12 3.85571e-12 2.16852e-12 1.21907e-12 6.85027e-13 3.84775e-13 2.16038e-13 1.21251e-13 6.80268e-14 3.81519e-14 2.13894e-14 1.19876e-14 6.7162e-15 3.76162e-15 2.10616e-15 1.1789e-15 6.59678e-16 3.69032e-16 2.06384e-16 1.1539e-16 6.44983e-17 3.60426e-17 2.01361e-17 1.12467e-17 6.28023e-18 3.50609e-18 1.95692e-18 1.09201e-18 6.09235e-19 3.39823e-19 1.89509e-19 1.05662e-19 5.89011e-20 3.28279e-20 1.82928e-20 1.01915e-20 5.67695e-21 3.16167e-21 1.76052e-21 9.8015e-22 5.45595e-22 3.03653e-22 1.68972e-22 9.40121e-23 5.2298e-23 2.90885e-23 1.61767e-23 8.99494e-24 5.00084e-24 2.77988e-24 1.54507e-24 8.58641e-25 4.77108e-25 2.65073e-25 1.4725e-25 8.17886e-26 4.54229e-26 2.52234e-26 1.40049e-26 7.77503e-27 4.31593e-27 2.39551e-27 1.32944e-27 7.37725e-28 4.09327e-28 2.27091e-28 1.25974e-28 6.98744e-29 3.87534e-29 2.1491e-29 1.19168e-29 6.60721e-30 3.66298e-30 2.03053e-30 1.12549e-30 6.23785e-31 3.4569e-31 1.91557e-31 1.06138e-31
6.64531e-06 5.73031e-07 3.28458e-07 1.88013e-07 1.07483e-07 6.13718e-08 3.50033e-08 1.99429e-08 1.1351e-08 6.45457e-09 3.66701e-09 2.08156e-09 1.18063e-09 6.69123e-10 3.7895e-10 2.14464e-10 1.21293e-10 6.85558e-11 3.87246e-11 2.18613e-11 1.23345e-11 6.95557e-12 3.92031e-12 2.20847e-12 1.24352e-12 6.9987e-13 3.93719e-13 2.21396e-13 1.24443e-13 6.99198e-14 3.92699e-14 2.20474e-14 1.23736e-14 6.94194e-15 3.8933e-15 2.18278e-15 1.22338e-15 6.85456e-16 3.83941e-16 2.14991e-16 1.20352e-16 6.73538e-17 3.76837e-17 2.1078e-17 1.17867e-17 6.58943e-18 3.68294e-18 2.05797e-18 1.14969e-18 6.42128e-19 3.58564e-19 2.00178e-19 1.11731e-19 6.23507e-20 3.47872e-20 1.94049e-20 1.08223e-20 6.0345e-21 3.36421e-21 1.87519e-21 1.04504e-21 5.8229e-22 3.24394e-22 1.80689e-22 1.00628e-22 5.6032e-23 3.11949e-23 1.73645e-23 9.66441e-24 5.37802e-24 2.9923e-24 1.66465e-24 9.25935e-25 5.14963e-25 2.8636e-25 1.59217e-25 8.8513e-26 4.92004e-26 2.73447e-26 1.51958e-26 8.44344e-27 4.69096e-27 2.60586e-27 1.4474e-27 8.03851e-28 4.46387e-28 2.47856e-28 1.37606e-28 7.63884e-29 4.24004e-29 2.35324e-29 1.30592e-29 7.24638e-30 4.02051e-30 2.23048e-30 1.23729e-30 6.86279e-31 3.80617e-31 2.11074e-31 1.17041e-31 6.48939e-32
3.61476e-06 3.17726e-07 1.82462e-07 1.04633e-07 5.99213e-08 3.42726e-08 1.95795e-08 1.11731e-08 6.36931e-09 3.62729e-09 2.0638e-09 1.17319e-09 6.66353e-10 3.78176e-10 2.14464e-10 1.21534e-10 6.88247e-11 3.89496e-11 2.20286e-11 1.24511e-11 7.0336e-12 3.97104e-12 2.24078e-12 1.26378e-12 7.12404e-13 4.01397e-13 2.2606e-13 1.27256e-13 7.16057e-14 4.02751e-14 2.26439e-14 1.27262e-14 7.14959e-15 4.01519e-15 2.25412e-15 1.26503e-15 7.09706e-16 3.98031e-16 2.23161e-16 1.2508e-16 7.00855e-17 3.92594e-17 2.19855e-17 1.23087e-17 6.8892e-18 3.85491e-18 2.1565e-18 1.20608e-18 6.74372e-19 3.76981e-19 2.10688e-19 1.17723e-19 6.57642e-20 3.67302e-20 2.051e-20 1.14503e-20 6.39122e-21 3.56668e-21 1.99003e-21 1.11013e-21 6.19168e-22 3.45273e-22 1.92505e-22 1.07311e-22 5.98096e-23 3.33293e-23 1.85699e-23 1.03448e-23 5.76191e-24 3.20881e-24 1.78671e-24 9.94716e-25 5.53708e-25 3.08176e-25 1.71496e-25 9.54224e-26 5.30868e-26 2.953e-26 1.64241e-26 9.13365e-27 5.07868e-27 2.82359e-27 1.56963e-27 8.72453e-28 4.84879e-28 2.69446e-28 1.49713e-28 8.31761e-29 4.62048e-29 2.56642e-29 1.42534e-29 7.91523e-30 4.39502e-30 2.44013e-30 1.35463e-30 7.51937e-31 4.17349e-31 2.31619e-31 1.2853e-31 7.13172e-32 3.95677e-32
1.96628e-06 1.76105e-07 1.01322e-07 5.82071e-08 3.33918e-08 1.91308e-08 1.09469e-08 6.25671e-09 3.57214e-09 2.03734e-09 1.16085e-09 6.60834e-10 3.75861e-10 2.13601e-10 1.21293e-10 6.88247e-11 3.90248e-11 2.21126e-11 1.25215e-11 7.08594e-12 4.00755e-12 2.26522e-12 1.27968e-12 7.2254e-13 4.07755e-13 2.29997e-13 1.2967e-13 7.30729e-14 4.11605e-14 2.3175e-14 1.30431e-14 7.33779e-15 4.1265e-15 2.31972e-15 1.30356e-15 7.32276e-16 4.11214e-16 2.30843e-16 1.29547e-16 7.26772e-17 4.07603e-17 2.28532e-17 1.28095e-17 7.17784e-18 4.02102e-18 2.25197e-18 1.26088e-18 7.05793e-19 3.94977e-19 2.20984e-19 1.23608e-19 6.91244e-20 3.86472e-20 2.16028e-20 1.20727e-20 6.74545e-21 3.76813e-21 2.10452e-21 1.17515e-21 6.56069e-22 3.66204e-22 2.04369e-22 1.14032e-22 6.36156e-23 3.54832e-23 1.97882e-23 1.10336e-23 6.15112e-24 3.42864e-24 1.91082e-24 1.06475e-24 5.93213e-25 3.30451e-25 1.84051e-25 1.02496e-25 5.70706e-26 3.17729e-26 1.76864e-26 9.84384e-27 5.4781e-27 3.04816e-27 1.69586e-27 9.43376e-28 5.24717e-28 2.91818e-28 1.62273e-28 9.02249e-29 5.01598e-29 2.78827e-29 1.54975e-29 8.61275e-30 4.786e-30 2.65922e-30 1.47737e-30 8.20688e-31 4.55849e-31 2.53173e-31 1.40595e-31 7.8069e-32 4.33455e-32 2.40639e-32
1.06957e-06 9.75756e-08 5.62434e-08 3.23681e-08 1.86004e-08 1.06741e-08 6.11765e-09 3.50197e-09 2.00239e-09 1.14372e-09 6.52608e-10 3.72024e-10 2.11883e-10 1.20572e-10 6.85558e-11 3.89496e-11 2.21126e-11 1.2545e-11 7.11221e-12 4.02956e-12 2.28161e-12 1.29112e-12 7.30205e-13 4.12747e-13 2.33181e-13 1.31668e-13 7.43113e-14 4.19203e-14 2.36371e-14 1.33221e-14 7.5053e-15 4.22652e-15 2.37916e-15 1.33874e-15 7.53022e-16 4.23409e-16 2.3799e-16 1.33724e-16 7.51131e-17 4.21775e-17 2.36761e-17 1.32863e-17 7.4537e-18 4.18035e-18 2.34385e-18 1.3138e-18 7.36223e-19 4.12455e-19 2.31011e-19 1.29354e-19 7.24142e-20 4.05287e-20 2.26778e-20 1.26864e-20 7.09548e-21 3.96762e-21 2.21812e-21 1.2398e-21 6.92829e-22 3.87093e-22 2.16232e-22 1.20765e-22 6.74343e-23 3.76479e-23 2.10146e-23 1.1728e-23 6.54417e-24 3.65097e-24 2.03653e-24 1.1358e-24 6.33345e-25 3.53111e-25 1.96841e-25 1.09712e-25 6.11398e-26 3.40668e-26 1.89791e-26 1.0572e-26 5.88814e-27 3.27898e-27 1.82575e-27 1.01645e-27 5.6581e-28 3.1492e-28 1.75257e-28 9.75201e-29 5.42576e-29 3.01837e-29 1.67893e-29 9.33776e-30 5.1928e-30 2.88742e-30 1.60535e-30 8.92441e-31 4.96069e-31 2.75713e-31 1.53224e-31 8.51431e-32 4.73072e-32 2.62821e-32 1.45999e-32
5.818e-07 5.40462e-08 3.12097e-08 1.79927e-08 1.03571e-08 5.95326e-09 3.41737e-09 1.95922e-09 1.12192e-09 6.41742e-10 3.66693e-10 2.09322e-10 1.19376e-10 6.80199e-11 3.87246e-11 2.20286e-11 1.25215e-11 7.11221e-12 4.03692e-12 2.28984e-12 1.29802e-12 7.35347e-13 4.16338e-13 2.35588e-13 1.33237e-13 7.53125e-14 4.25491e-14 2.40271e-14 1.35615e-14 7.65102e-15 4.31458e-15 2.43205e-15 1.37034e-15 7.71815e-16 4.34539e-16 2.44558e-16 1.37587e-16 7.73786e-17 4.35026e-17 2.44492e-17 1.37364e-17 7.71519e-18 4.33198e-18 2.43162e-18 1.36452e-18 7.65494e-19 4.29322e-19 2.40717e-19 1.34933e-19 7.56165e-20 4.23649e-20 2.37296e-20 1.32883e-20 7.4396e-21 4.16418e-21 2.3303e-21 1.30377e-21 7.29281e-22 4.07848e-22 2.28041e-22 1.2748e-22 7.12497e-23 3.98145e-23 2.22442e-23 1.24255e-23 6.93951e-24 3.87497e-24 2.16337e-24 1.20759e-24 6.7396e-25 3.76077e-25 2.09821e-25 1.17045e-25 6.5281e-26 3.64044e-26 2.02981e-26 1.1316e-26 6.30762e-27 3.51541e-27 1.95895e-27 1.09147e-27 6.08052e-28 3.38696e-28 1.88635e-28 1.05045e-28 5.84891e-29 3.25625e-29 1.81262e-29 1.00889e-29 5.61469e-30 3.12432e-30 1.73834e-30 9.67084e-31 5.37952e-31 2.99208e-31 1.66401e-31 9.25312e-32 5.14488e-32 2.86032e-32 1.59004e-32 8.83809e-33
3.16474e-07 2.99261e-08 1.73125e-08 9.99818e-09 5.76484e-09 3.31898e-09 1.90818e-09 1.09563e-09 6.28318e-10 3.5991e-10 2.05938e-10 1.17715e-10 6.72212e-11 3.83513e-11 2.18613e-11 1.24511e-11 7.08594e-12 4.02956e-12 2.28984e-12 1.30033e-12 7.37926e-13 4.18503e-13 2.37202e-13 1.34365e-13 7.60695e-14 4.30427e-14 2.43424e-14 1.37597e-14 7.77397e-15 4.3901e-15 2.47805e-15 1.39816e-15 7.88532e-16 4.44534e-16 2.50506e-16 1.41112e-16 7.94597e-17 4.47274e-17 2.5168e-17 1.41571e-17 7.96077e-18 4.47503e-18 2.51479e-18 1.41277e-18 7.93442e-19 4.45483e-19 2.50049e-19 1.40313e-19 7.87144e-20 4.41465e-20 2.47529e-20 1.38755e-20 7.77612e-21 4.35686e-21 2.44052e-21 1.36676e-21 7.65253e-22 4.28373e-22 2.39743e-22 1.34146e-22 7.5045e-23 4.19737e-23 2.34718e-23 1.31229e-23 7.33557e-24 4.09973e-24 2.29086e-24 1.27986e-24 7.14907e-25 3.99265e-25 2.22946e-25 1.24471e-25 6.94803e-26 3.87781e-26 2.16393e-26 1.20735e-26 6.73525e-27 3.75674e-27 2.09509e-27 1.16824e-27 6.51329e-28 3.63083e-28 2.02373e-28 1.12782e-28 6.28445e-29 3.50137e-29 1.95053e-29 1.08645e-29 6.05082e-30 3.36949e-30 1.87612e-30 1.04449e-30 5.81428e-31 3.23621e-31 1.80106e-31 1.00223e-31 5.57648e-32 3.10244e-32 1.72584e-32 9.5995e-33 5.33889e-33
1.72148e-07 1.65653e-08 9.60038e-09 5.55388e-09 3.2076e-09 1.84965e-09 1.06505e-09 6.12441e-10 3.51727e-10 2.01756e-10 1.15601e-10 6.61657e-11 3.78328e-11 2.16118e-11 1.23345e-11 7.0336e-12 4.00755e-12 2.28161e-12 1.29802e-12 7.37926e-13 4.19226e-13 2.38013e-13 1.35045e-13 7.65771e-14 4.33977e-14 2.45807e-14 1.39152e-14 7.87333e-15 4.45259e-15 2.51686e-15 1.42201e-15 8.03068e-16 4.53329e-16 2.55795e-16 1.44276e-16 8.13437e-17 4.58446e-17 2.5828e-17 1.45458e-17 8.189e-18 4.60869e-18 2.59286e-18 1.45828e-18 8.19912e-19 4.60851e-19 2.58955e-19 1.45466e-19 8.16914e-20 4.58639e-20 2.57424e-20 1.44448e-20 8.10332e-21 4.54471e-21 2.54825e-21 1.42848e-21 8.00576e-22 4.48573e-22 2.51284e-22 1.40735e-22 7.88034e-23 4.4116e-23 2.46921e-23 1.38176e-23 7.7307e-24 4.32436e-24 2.41848e-24 1.35232e-24 7.56029e-25 4.2259e-25 2.36169e-25 1.31962e-25 7.3723e-26 4.11797e-26 2.29981e-26 1.2842e-26 7.16969e-27 4.00223e-27 2.23376e-27 1.24654e-27 6.95518e-28 3.88015e-28 2.16435e-28 1.2071e-28 6.73128e-29 3.75313e-29 2.09233e-29 1.1663e-29 6.50026e-30 3.6224e-30 2.0184e-30 1.12451e-30 6.26417e-31 3.48909e-31 1.94316e-31 1.08207e-31 6.02488e-32 3.35422e-32 1.86718e-32 1.03928e-32 5.78403e-33 3.2187e-33
9.36414e-08 9.16681e-09 5.32207e-09 3.0841e-09 1.78412e-09 1.03043e-09 5.94234e-10 3.42207e-10 1.9681e-10 1.1305e-10 6.48613e-11 3.71728e-11 2.12821e-11 1.21724e-11 6.95557e-12 3.97104e-12 2.26522e-12 1.29112e-12 7.35347e-13 4.18503e-13 2.38013e-13 1.35273e-13 7.68318e-14 4.36117e-14 2.47405e-14 1.4027e-14 7.94844e-15 4.50163e-15 2.54821e-15 1.44174e-15 8.15328e-16 4.60869e-16 2.60393e-16 1.4706e-16 8.30188e-17 4.68472e-17 2.64254e-17 1.49002e-17 8.39853e-18 4.73215e-18 2.66539e-18 1.50078e-18 8.44753e-19 4.75338e-19 2.67386e-19 1.50364e-19 8.45314e-20 4.75081e-20 2.66928e-20 1.49934e-20 8.41955e-21 4.72676e-21 2.65294e-21 1.48861e-21 8.3508e-22 4.6835e-22 2.6261e-22 1.47215e-22 8.25079e-23 4.6232e-23 2.58998e-23 1.45063e-23 8.12323e-24 4.54791e-24 2.54571e-24 1.42469e-24 7.97166e-25 4.4596e-25 2.49438e-25 1.39492e-25 7.79938e-26 4.36008e-26 2.43699e-26 1.36189e-26 7.60949e-27 4.25108e-27 2.37451e-27 1.32611e-27 7.40488e-28 4.13419e-28 2.3078e-28 1.28807e-28 7.18821e-29 4.01087e-29 2.23767e-29 1.24822e-29 6.96193e-30 3.88248e-30 2.16486e-30 1.20697e-30 6.72829e-31 3.75024e-31 2.09006e-31 1.16468e-31 6.48932e-32 3.61527e-32 2.01387e-32 1.12169e-32 6.24686e-33 3.47859e-33 1.93685e-33
5.09369e-08 5.07121e-09 2.94944e-09 1.71207e-09 9.92017e-10 5.73838e-10 3.31423e-10 1.91137e-10 1.10081e-10 6.3318e-11 3.63763e-11 2.08746e-11 1.1966e-11 6.85242e-12 3.92031e-12 2.24078e-12 1.27968e-12 7.30205e-13 4.16338e-13 2.37202e-13 1.35045e-13 7.68318e-14 4.36832e-14 2.48206e-14 1.40944e-14 7.9988e-15 4.53689e-15 2.57191e-15 1.45722e-15 8.25233e-16 4.67105e-16 2.6427e-16 1.49446e-16 8.44747e-17 4.77292e-17 2.69564e-17 1.52182e-17 8.5881e-18 4.84469e-18 2.73196e-18 1.54003e-18 8.67823e-19 4.88863e-19 2.75296e-19 1.54979e-19 8.72191e-20 4.90701e-20 2.7599e-20 1.55183e-20 8.72315e-21 4.9021e-21 2.75406e-21 1.54686e-21 8.68594e-22 4.87611e-22 2.73668e-22 1.53557e-22 8.61414e-23 4.8312e-23 2.70894e-23 1.51862e-23 8.51147e-24 4.76944e-24 2.67202e-24 1.49667e-24 8.38151e-25 4.69283e-25 2.62702e-25 1.47031e-25 8.22766e-26 4.60324e-26 2.57498e-26 1.44015e-26 8.05315e-27 4.50247e-27 2.51688e-27 1.40671e-27 7.86097e-28 4.39217e-28 2.45366e-28 1.37051e-28 7.65395e-29 4.2739e-29 2.38616e-29 1.33202e-29 7.4347e-30 4.1491e-30 2.31518e-30 1.29169e-30 7.20563e-31 4.0191e-31 2.24146e-31 1.2499e-31 6.96895e-32 3.88512e-32 2.16565e-32 1.20704e-32 6.72669e-33 3.74827e-33 2.08838e-33 1.16343e-33
2.77075e-08 2.80468e-09 1.63408e-09 9.50123e-10 5.5141e-10 3.19458e-10 1.84779e-10 1.06718e-10 6.15473e-11 3.54492e-11 2.03923e-11 1.1717e-11 6.72492e-12 3.85571e-12 2.20847e-12 1.26378e-12 7.2254e-13 4.12747e-13 2.35588e-13 1.34365e-13 7.65771e-14 4.36117e-14 2.48206e-14 1.41169e-14 8.02406e-15 4.55814e-15 2.5878e-15 1.46836e-15 8.32719e-16 4.71998e-16 2.67402e-16 1.51419e-16 8.57021e-17 4.84849e-17 2.74177e-17 1.54979e-17 8.75657e-18 4.94564e-18 2.79217e-18 1.57579e-18 8.88989e-19 5.01348e-19 2.82639e-19 1.59287e-19 8.97394e-20 5.05416e-20 2.84563e-20 1.60169e-20 9.01255e-21 5.06981e-21 2.85111e-21 1.60294e-21 9.00953e-22 5.0626e-22 2.84403e-22 1.59729e-22 8.96867e-23 5.03463e-23 2.82556e-23 1.58541e-23 8.89368e-24 4.98798e-24 2.79688e-24 1.56795e-24 8.78815e-25 4.92465e-25 2.75909e-25 1.54551e-25 8.65551e-26 4.84655e-26 2.71326e-26 1.51869e-26 8.49908e-27 4.75551e-27 2.6604e-27 1.48807e-27 8.32197e-28 4.65327e-28 2.60148e-28 1.45416e-28 8.12713e-29 4.54145e-29 2.53739e-29 1.41747e-29 7.9173e-30 4.42158e-30 2.46898e-30 1.37846e-30 7.69507e-31 4.29508e-31 2.39702e-31 1.33757e-31 7.4628e-32 4.16325e-32 2.32225e-32 1.29518e-32 7.22268e-33 4.0273e-33 2.24531e-33 1.25167e-33 6.97671e-34
1.50717e-08 1.55074e-09 9.05067e-10 5.27119e-10 3.06403e-10 1.77785e-10 1.02985e-10 5.95624e-11 3.43985e-11 1.98388e-11 1.1427e-11 6.57399e-12 3.77772e-12 2.16852e-12 1.24352e-12 7.12404e-13 4.07755e-13 2.33181e-13 1.33237e-13 7.60695e-14 4.33977e-14 2.47405e-14 1.40944e-14 8.02406e-15 4.56524e-15 2.59577e-15 1.47506e-15 8.37736e-16 4.75516e-16 2.69769e-16 1.52967e-16 8.66935e-17 4.91098e-17 2.78067e-17 1.57375e-17 8.90293e-18 5.0344e-18 2.84567e-18 1.60787e-18 9.08129e-19 5.12723e-19 2.89375e-19 1.63262e-19 9.20786e-20 5.19144e-20 2.926e-20 1.64863e-20 9.2862e-21 5.22903e-21 2.94358e-21 1.65655e-21 9.31993e-22 5.24205e-22 2.94763e-22 1.65703e-22 9.31272e-23 5.23255e-23 2.9393e-23 1.65071e-23 9.26817e-24 5.20257e-24 2.91974e-24 1.63822e-24 9.18986e-25 5.15409e-25 2.89005e-25 1.6202e-25 9.08124e-26 5.08905e-26 2.85131e-26 1.59723e-26 8.94567e-27 5.0093e-27 2.80455e-27 1.56991e-27 8.78634e-28 4.91663e-28 2.75078e-28 1.53876e-28 8.60629e-29 4.81273e-29 2.69091e-29 1.50432e-29 8.40841e-30 4.69919e-30 2.62584e-30 1.46707e-30 8.1954e-31 4.5775e-31 2.55639e-31 1.42747e-31 7.96978e-32 4.44907e-32 2.48333e-32 1.38594e-32 7.73391e-33 4.31518e-33 2.40738e-33 1.34288e-33 7.48995e-34 4.17703e-34
8.19835e-09 8.57192e-10 5.01153e-10 2.92356e-10 1.70208e-10 9.89097e-11 5.73782e-11 3.3232e-11 1.92182e-11 1.10983e-11 6.40073e-12 3.6869e-12 2.12122e-12 1.21907e-12 6.9987e-13 4.01397e-13 2.29997e-13 1.31668e-13 7.53125e-14 4.30427e-14 2.45807e-14 1.4027e-14 7.9988e-15 4.55814e-15 2.59577e-15 1.4773e-15 8.40253e-16 4.77636e-16 2.71355e-16 1.54079e-16 8.74426e-17 4.96e-17 2.81208e-17 1.59356e-17 9.02628e-18 5.11043e-18 2.89214e-18 1.63606e-18 9.25131e-19 5.22922e-19 2.95464e-19 1.66882e-19 9.42235e-20 5.31809e-20 3.00057e-20 1.69242e-20 9.54265e-21 5.3789e-21 3.03099e-21 1.70743e-21 9.61557e-22 5.41355e-22 3.04697e-22 1.71449e-22 9.6446e-23 5.42401e-23 3.04962e-23 1.7142e-23 9.63321e-24 5.41223e-24 3.04004e-24 1.70719e-24 9.58491e-25 5.38019e-25 3.01934e-25 1.69408e-25 9.50313e-26 5.32979e-26 2.98859e-26 1.67547e-26 9.39123e-27 5.26291e-27 2.94882e-27 1.65193e-27 9.25245e-28 5.18137e-28 2.90106e-28 1.62403e-28 9.08991e-29 5.08689e-29 2.84626e-29 1.59231e-29 8.90658e-30 4.98113e-30 2.78534e-30 1.55727e-30 8.70531e-31 4.86566e-31 2.71917e-31 1.51939e-31 8.48873e-32 4.74194e-32 2.64856e-32 1.47913e-32 8.25935e-33 4.61136e-33 2.57428e-33 1.43691e-33 8.01948e-34 4.47519e-34 2.49703e-34
4.45955e-09 4.73705e-10 2.77424e-10 1.62104e-10 9.45235e-11 5.50109e-11 3.19581e-11 1.8535e-11 1.07333e-11 6.20641e-12 3.58392e-12 2.06691e-12 1.19059e-12 6.85027e-13 3.93719e-13 2.2606e-13 1.2967e-13 7.43113e-14 4.25491e-14 2.43424e-14 1.39152e-14 7.94844e-15 4.53689e-15 2.5878e-15 1.47506e-15 8.40253e-16 4.78344e-16 2.72151e-16 1.5475e-16 8.79446e-17 4.99523e-17 2.83581e-17 1.60909e-17 9.12588e-18 5.17327e-18 2.93129e-18 1.66021e-18 9.39895e-19 5.31884e-19 3.00871e-19 1.70128e-19 9.61621e-20 5.43342e-20 3.06893e-20 1.7328e-20 9.78051e-21 5.51863e-21 3.11287e-21 1.75531e-21 9.89493e-22 5.57624e-22 3.14154e-22 1.76938e-22 9.96269e-23 5.60808e-23 3.15599e-23 1.77559e-23 9.98712e-24 5.61602e-24 3.15726e-24 1.77455e-24 9.97158e-25 5.60196e-25 3.14643e-25 1.76685e-25 9.91945e-26 5.56779e-26 3.12455e-26 1.75309e-26 9.83405e-27 5.51538e-27 3.09267e-27 1.73385e-27 9.71864e-28 5.44654e-28 3.05181e-28 1.70969e-28 9.57638e-29 5.36304e-29 3.00294e-29 1.68117e-29 9.41033e-30 5.26658e-30 2.94702e-30 1.64881e-30 9.2234e-31 5.15877e-31 2.88494e-31 1.61311e-31 9.01837e-32 5.04116e-32 2.81755e-32 1.57454e-32 8.79785e-33 4.9152e-33 2.74567e-33 1.53355e-33 8.56432e-34 4.78225e-34 2.67004e-34 1.49056e-34
2.42581e-09 2.61717e-10 1.53534e-10 8.98585e-11 5.24779e-11 3.05864e-11 1.77943e-11 1.03345e-11 5.99242e-12 3.46951e-12 2.00598e-12 1.15828e-12 6.6798e-13 3.84775e-13 2.21396e-13 1.27256e-13 7.30729e-14 4.19203e-14 2.40271e-14 1.37597e-14 7.87333e-15 4.50163e-15 2.57191e-15 1.46836e-15 8.37736e-16 4.77636e-16 2.72151e-16 1.54974e-16 8.81964e-17 5.01646e-17 2.85171e-17 1.62026e-17 9.20112e-18 5.22255e-18 2.9629e-18 1.68016e-18 9.52334e-19 5.39559e-19 3.05566e-19 1.72979e-19 9.78833e-20 5.53676e-20 3.13069e-20 1.76956e-20 9.9985e-21 5.64747e-21 3.1888e-21 1.79993e-21 1.01565e-21 5.72928e-22 3.23088e-22 1.82143e-22 1.02654e-22 5.78386e-23 3.2579e-23 1.83459e-23 1.03282e-23 5.81298e-24 3.27085e-24 1.83999e-24 1.03481e-24 5.81844e-25 3.27076e-25 1.83819e-25 1.03284e-25 5.80208e-26 3.25865e-26 1.82978e-26 1.02724e-26 5.76572e-27 3.23556e-27 1.81534e-27 1.01832e-27 5.71119e-28 3.20249e-28 1.79544e-28 1.00641e-28 5.64026e-29 3.16045e-29 1.77062e-29 9.91806e-30 5.55465e-30 3.11039e-30 1.74142e-30 9.74819e-31 5.45602e-31 3.05325e-31 1.70837e-31 9.55732e-32 5.34598e-32 2.98989e-32 1.67195e-32 9.34819e-33 5.22604e-33 2.92118e-33 1.63262e-33 9.12337e-34 5.09762e-34 2.8479e-34 1.59084e-34 8.8853e-35
1.31953e-09 1.44561e-10 8.4949e-11 4.97978e-11 2.91268e-11 1.70014e-11 9.90486e-12 5.76031e-12 3.34449e-12 1.93886e-12 1.12238e-12 6.4885e-13 3.74626e-13 2.16038e-13 1.24443e-13 7.16057e-14 4.11605e-14 2.36371e-14 1.35615e-14 7.77397e-15 4.45259e-15 2.54821e-15 1.45722e-15 8.32719e-16 4.75516e-16 2.71355e-16 1.5475e-16 8.81964e-17 5.02355e-17 2.85968e-17 1.62698e-17 9.25154e-18 5.25797e-18 2.98678e-18 1.69581e-18 9.62375e-19 5.45901e-19 3.09521e-19 1.7542e-19 9.93774e-20 5.62755e-20 3.18551e-20 1.80249e-20 1.01954e-20 5.76473e-21 3.25836e-21 1.84107e-21 1.03991e-21 5.87187e-22 3.31452e-22 1.87038e-22 1.05513e-22 5.95049e-23 3.35486e-23 1.89091e-23 1.06549e-23 6.00218e-24 3.38029e-24 1.90321e-24 1.07129e-24 6.02866e-25 3.39178e-25 1.9078e-25 1.07284e-25 6.03165e-26 3.39032e-26 1.90524e-26 1.07045e-26 6.01296e-27 3.37692e-27 1.89611e-27 1.06444e-27 5.97435e-28 3.35256e-28 1.88096e-28 1.05512e-28 5.91759e-29 3.31825e-29 1.86035e-29 1.04281e-29 5.84443e-30 3.27495e-30 1.83483e-30 1.02781e-30 5.75656e-31 3.22361e-31 1.80491e-31 1.01041e-31 5.6556e-32 3.16514e-32 1.7711e-32 9.909e-33 5.54313e-33 3.10041e-33 1.73389e-33 9.6954e-34 5.42065e-34 3.03025e-34 1.69375e-34 9.46591e-35 5.28957e-35
7.1777e-10 7.98308e-11 4.69901e-11 2.75899e-11 1.6162e-11 9.44751e-12 5.51175e-12 3.20975e-12 1.86603e-12 1.08313e-12 6.27769e-13 3.63344e-13 2.10024e-13 1.21251e-13 6.99198e-14 4.02751e-14 2.3175e-14 1.33221e-14 7.65102e-15 4.3901e-15 2.51686e-15 1.44174e-15 8.25233e-16 4.71998e-16 2.69769e-16 1.54079e-16 8.79446e-17 5.01646e-17 2.85968e-17 1.62923e-17 9.27682e-18 5.27931e-18 3.00278e-18 1.70705e-18 9.69959e-19 5.50873e-19 3.12713e-19 1.77437e-19 1.00636e-19 5.70526e-20 3.2331e-20 1.83142e-20 1.03702e-20 5.86975e-21 3.32118e-21 1.87849e-21 1.06212e-21 6.00328e-22 3.39203e-22 1.91597e-22 1.08188e-22 6.10713e-23 3.44638e-23 1.94429e-23 1.09656e-23 6.18274e-24 3.48506e-24 1.96391e-24 1.10642e-24 6.23166e-25 3.50896e-25 1.97536e-25 1.11175e-25 6.25555e-26 3.51902e-26 1.97915e-26 1.11286e-26 6.25608e-27 3.51619e-27 1.97584e-27 1.11004e-27 6.23501e-28 3.50146e-28 1.96596e-28 1.10361e-28 6.19407e-29 3.47579e-29 1.95008e-29 1.09388e-29 6.13498e-30 3.44017e-30 1.92873e-30 1.08116e-30 6.05946e-31 3.39553e-31 1.90244e-31 1.06573e-31 5.96915e-32 3.34281e-32 1.87174e-32 1.04789e-32 5.86568e-33 3.28292e-33 1.83712e-33 1.02791e-33 5.7506e-34 3.2167e-34 1.79907e-34 1.00607e-34 5.62538e-35 3.14498e-35
3.90436e-10 4.4075e-11 2.59867e-11 1.52821e-11 8.96569e-12 5.24848e-12 3.06624e-12 1.788e-12 1.04081e-12 6.04886e-13 3.51007e-13 2.03395e-13 1.17702e-13 6.80268e-14 3.92699e-14 2.26439e-14 1.30431e-14 7.5053e-15 4.31458e-15 2.47805e-15 1.42201e-15 8.15328e-16 4.67105e-16 2.67402e-16 1.52967e-16 8.74426e-17 4.99523e-17 2.85171e-17 1.62698e-17 9.27682e-18 5.28643e-18 3.0108e-18 1.71382e-18 9.7504e-19 5.54445e-19 3.15124e-19 1.79018e-19 1.01651e-19 5.76946e-20 3.27317e-20 1.85617e-20 1.05218e-20 5.96198e-21 3.37693e-21 1.91201e-21 1.08218e-21 6.12281e-22 3.463e-22 1.95798e-22 1.10667e-22 6.253e-23 3.53201e-23 1.99444e-23 1.12588e-23 6.35378e-24 3.58466e-24 2.02182e-24 1.14004e-24 6.42653e-25 3.62177e-25 2.04058e-25 1.14941e-25 6.47278e-26 3.64419e-26 2.0512e-26 1.15428e-26 6.49411e-27 3.65282e-27 2.0542e-27 1.15495e-27 6.49218e-28 3.64862e-28 2.05011e-28 1.1517e-28 6.46868e-29 3.63252e-29 2.03947e-29 1.14484e-29 6.42532e-30 3.60549e-30 2.02282e-30 1.13468e-30 6.36378e-31 3.56848e-31 2.00069e-31 1.12151e-31 6.28575e-32 3.52243e-32 1.9736e-32 1.10563e-32 6.19286e-33 3.46824e-33 1.94206e-33 1.08731e-33 6.0867e-34 3.40682e-34 1.90658e-34 1.06684e-34 5.96881e-35 3.339e-35 1.86762e-35
2.12381e-10 2.43287e-11 1.43681e-11 8.4628e-12 4.97238e-12 2.91498e-12 1.70532e-12 9.95724e-13 5.80359e-13 3.377e-13 1.96196e-13 1.13819e-13 6.59395e-14 3.81519e-14 2.20474e-14 1.27262e-14 7.33779e-15 4.22652e-15 2.43205e-15 1.39816e-15 8.03068e-16 4.60869e-16 2.6427e-16 1.51419e-16 8.66935e-17 4.96e-17 2.83581e-17 1.62026e-17 9.25154e-18 5.27931e-18 3.0108e-18 1.71609e-18 9.77588e-19 5.56597e-19 3.16739e-19 1.80154e-19 1.02418e-19 5.81978e-20 3.3055e-20 1.87662e-20 1.06495e-20 6.0409e-21 3.42529e-21 1.94143e-21 1.09997e-21 6.22983e-22 3.52707e-22 1.99618e-22 1.12936e-22 6.38735e-23 3.61132e-23 2.04114e-23 1.1533e-23 6.51446e-24 3.67863e-24 2.07666e-24 1.17198e-24 6.61236e-25 3.72969e-25 2.10316e-25 1.18565e-25 6.68239e-26 3.76528e-26 2.12107e-26 1.19456e-26 6.72603e-27 3.78624e-27 2.13088e-27 1.19898e-27 6.74483e-28 3.79347e-28 2.13309e-28 1.1992e-28 6.74042e-29 3.78786e-29 2.12822e-29 1.19551e-29 6.71444e-30 3.77037e-30 2.11679e-30 1.18821e-30 6.66856e-31 3.74192e-31 2.09934e-31 1.17759e-31 6.60446e-32 3.70346e-32 2.07638e-32 1.16396e-32 6.52378e-33 3.6559e-33 2.04844e-33 1.14759e-33 6.42813e-34 3.60015e-34 2.01601e-34 1.12877e-34 6.3191e-35 3.53709e-35 1.9796e-35 1.10777e-35
1.15526e-10 1.34262e-11 7.94236e-12 4.68536e-12 2.75701e-12 1.61855e-12 9.48173e-13 5.54357e-13 3.23515e-13 1.88477e-13 1.0963e-13 6.3672e-14 3.69284e-14 2.13894e-14 1.23736e-14 7.14959e-15 4.1265e-15 2.37916e-15 1.37034e-15 7.88532e-16 4.53329e-16 2.60393e-16 1.49446e-16 8.57021e-17 4.91098e-17 2.81208e-17 1.60909e-17 9.20112e-18 5.25797e-18 3.00278e-18 1.71382e-18 9.77588e-19 5.57316e-19 3.17549e-19 1.80838e-19 1.02932e-19 5.85592e-20 3.32992e-20 1.89265e-20 1.07525e-20 6.10608e-21 3.46601e-21 1.96661e-21 1.1154e-21 6.32378e-22 3.5839e-22 2.03037e-22 1.14984e-22 6.5095e-23 3.68391e-23 2.08413e-23 1.17869e-23 6.66401e-24 3.76649e-24 2.12817e-24 1.20211e-24 6.78827e-25 3.83221e-25 2.16281e-25 1.22031e-25 6.88346e-26 3.88176e-26 2.18847e-26 1.23351e-26 6.95088e-27 3.9159e-27 2.20557e-27 1.24196e-27 6.99196e-28 3.93543e-28 2.21458e-28 1.24594e-28 7.00825e-29 3.94124e-29 2.21599e-29 1.24571e-29 7.00131e-30 3.93422e-30 2.21032e-30 1.24157e-30 6.97278e-31 3.91528e-31 2.19808e-31 1.2338e-31 6.92429e-32 3.88535e-32 2.17978e-32 1.22271e-32 6.85749e-33 3.84536e-33 2.15596e-33 1.20858e-33 6.77401e-34 3.79621e-34 2.12711e-34 1.1917e-34 6.67545e-35 3.7388e-35 2.09374e-35 1.17234e-35 6.56336e-36
