0.531017 0.0433381 0.0282901 0.0184672 0.012055 0.00786921 0.00513684 0.00335322 0.00218891 0.00142887 0.000932734 0.000608868 0.000397455 0.00025945 0.000169363 0.000110557 7.21689e-05 4.71102e-05 3.07525e-05 2.00746e-05 1.31042e-05 8.55415e-06 5.58396e-06 3.64508e-06 2.37943e-06 1.55324e-06 1.01392e-06 6.61864e-07 4.3205e-07 2.82033e-07 1.84105e-07 1.20179e-07 7.84505e-08 5.12107e-08 3.34292e-08 2.18219e-08 1.42448e-08 9.2987e-09 6.06999e-09 3.96235e-09 2.58654e-09 1.68843e-09 1.10217e-09 7.19473e-10 4.69656e-10 3.06581e-10 2.00129e-10 1.3064e-10 8.52789e-11 5.56681e-11 3.63389e-11 2.37212e-11 1.54847e-11 1.01081e-11 6.59832e-12 4.30724e-12 2.81167e-12 1.8354e-12 1.19811e-12 7.82097e-13 5.10535e-13 3.33266e-13 2.17549e-13 1.42011e-13 9.27016e-14 6.05135e-14 3.95019e-14 2.5786e-14 1.68325e-14 1.09879e-14 7.17265e-15 4.68214e-15 3.0564e-15 1.99515e-15 1.30239e-15 8.50171e-16 5.54973e-16 3.62274e-16 2.36484e-16 1.54372e-16 1.0077e-16 6.57807e-17 4.29402e-17 2.80304e-17 1.82976e-17 1.19443e-17 7.79696e-18 5.08968e-18 3.32243e-18 2.16881e-18 1.41575e-18 9.2417e-19 6.03278e-19 3.93806e-19 2.57068e-19 1.67808e-19 1.09542e-19 7.15063e-20 4.66777e-20 3.04702e-20 1.98902e-20
0.0433381 0.015635 0.0112052 0.00796667 0.00562618 0.00395055 0.00276023 0.00192024 0.00133079 0.00091917 0.000632953 0.000434679 0.000297785 0.00020355 0.000138854 9.4545e-05 6.42655e-05 4.36148e-05 2.95568e-05 2.00029e-05 1.35202e-05 9.1278e-06 6.15562e-06 4.14698e-06 2.79108e-06 1.87681e-06 1.26095e-06 8.46491e-07 5.67828e-07 3.80625e-07 2.54965e-07 1.7068e-07 1.14186e-07 7.63469e-08 5.10181e-08 3.40741e-08 2.27459e-08 1.51764e-08 1.01212e-08 6.7468e-09 4.4955e-09 2.99419e-09 1.99346e-09 1.3267e-09 8.82624e-10 5.86984e-10 3.90238e-10 2.59352e-10 1.72311e-10 1.14447e-10 7.59915e-11 5.04433e-11 3.34751e-11 2.22088e-11 1.47304e-11 9.76779e-12 6.47549e-12 4.29187e-12 2.84395e-12 1.88409e-12 1.24792e-12 8.26383e-13 5.47127e-13 3.62167e-13 2.39689e-13 1.586e-13 1.04926e-13 6.94039e-14 4.58997e-14 3.03504e-14 2.00653e-14 1.32636e-14 8.76609e-15 5.79277e-15 3.82738e-15 2.52845e-15 1.67012e-15 1.10301e-15 7.28371e-16 4.80916e-16 3.1749e-16 2.09573e-16 1.38321e-16 9.1283e-17 6.02337e-17 3.9741e-17 2.62174e-17 1.72939e-17 1.14064e-17 7.52243e-18 4.96047e-18 3.27072e-18 2.15636e-18 1.42153e-18 9.37022e-19 6.17593e-19 4.07019e-19 2.68218e-19 1.76735e-19 1.16445e-19 7.67151e-20
0.0282901 0.0112052 0.0083271 0.00611977 0.0044564 0.00322014 0.00231153 0.00164984 0.00117171 0.000828483 0.000583506 0.000409527 0.000286513 0.000199875 0.000139071 9.65319e-05 6.6857e-05 4.62103e-05 3.18794e-05 2.19543e-05 1.50945e-05 1.03622e-05 7.10337e-06 4.86286e-06 3.32482e-06 2.27051e-06 1.54878e-06 1.05533e-06 7.18373e-07 4.88529e-07 3.3192e-07 2.25318e-07 1.52826e-07 1.03574e-07 7.01414e-08 4.74659e-08 3.20986e-08 2.1692e-08 1.46498e-08 9.88773e-09 6.66965e-09 4.49636e-09 3.02955e-09 2.04017e-09 1.37319e-09 9.23799e-10 6.21181e-10 4.175e-10 2.8048e-10 1.88346e-10 1.26424e-10 8.48257e-11 5.68921e-11 3.81426e-11 2.55627e-11 1.71257e-11 1.14692e-11 7.67845e-12 5.13888e-12 3.43814e-12 2.29954e-12 1.53754e-12 1.02774e-12 6.86771e-13 4.58794e-13 3.06411e-13 2.04585e-13 1.36562e-13 9.11326e-14 6.08007e-14 4.05544e-14 2.70435e-14 1.80296e-14 1.20174e-14 8.00826e-15 5.33544e-15 3.55394e-15 2.36678e-15 1.57586e-15 1.04904e-15 6.98198e-16 4.64604e-16 3.09104e-16 2.05611e-16 1.36744e-16 9.09276e-17 6.04514e-17 4.01831e-17 2.67059e-17 1.77459e-17 1.17902e-17 7.83204e-18 5.20189e-18 3.45446e-18 2.29369e-18 1.52274e-18 1.01077e-18 6.70842e-19 4.4517e-19 2.95374e-19 1.95956e-19
0.0184672 0.00796667 0.00611977 0.00463333 0.0034669 0.00256893 0.00188792 0.00137768 0.000999186 0.000720786 0.000517479 0.000369938 0.00026345 0.000186965 0.000132266 9.32992e-05 6.56377e-05 4.60641e-05 3.2254e-05 2.25365e-05 1.57156e-05 1.09389e-05 7.60096e-06 5.27298e-06 3.65239e-06 2.52622e-06 1.7449e-06 1.20367e-06 8.29299e-07 5.70697e-07 3.92298e-07 2.69381e-07 1.84789e-07 1.26638e-07 8.67061e-08 5.93129e-08 4.05394e-08 2.76854e-08 1.88922e-08 1.28821e-08 8.77751e-09 5.97658e-09 4.06667e-09 2.7653e-09 1.87919e-09 1.27624e-09 8.66244e-10 5.87623e-10 3.98398e-10 2.69962e-10 1.82836e-10 1.23766e-10 8.37393e-11 5.66305e-11 3.82799e-11 2.58641e-11 1.74676e-11 1.17919e-11 7.95712e-12 5.36726e-12 3.61892e-12 2.43916e-12 1.64338e-12 1.10682e-12 7.45188e-13 5.01536e-13 3.37436e-13 2.26954e-13 1.52596e-13 1.02568e-13 6.89207e-14 4.62972e-14 3.10908e-14 2.08729e-14 1.40092e-14 9.39989e-15 6.30543e-15 4.22856e-15 2.83503e-15 1.90025e-15 1.27338e-15 8.53097e-16 5.71393e-16 3.82622e-16 2.56156e-16 1.71451e-16 1.14731e-16 7.67586e-17 5.13429e-17 3.43354e-17 2.2957e-17 1.53462e-17 1.02565e-17 6.85349e-18 4.5787e-18 3.05838e-18 2.04249e-18 1.36379e-18 9.10456e-19 6.07706e-19 4.05558e-19
0.012055 0.00562618 0.0044564 0.0034669 0.0026587 0.00201509 0.00151235 0.00112559 0.00083171 0.000610696 0.000445924 0.000323998 0.000234363 0.000168846 0.0001212 8.67084e-05 6.18424e-05 4.39826e-05 3.11987e-05 2.20766e-05 1.55862e-05 1.09806e-05 7.72052e-06 5.41818e-06 3.79571e-06 2.65466e-06 1.8537e-06 1.29247e-06 8.99887e-07 6.25702e-07 4.345e-07 3.01355e-07 2.08766e-07 1.44462e-07 9.98579e-08 6.89548e-08 4.75684e-08 3.2784e-08 2.2574e-08 1.55301e-08 1.06752e-08 7.33196e-09 5.03182e-09 3.45065e-09 2.3646e-09 1.61922e-09 1.10805e-09 7.57743e-10 5.17852e-10 3.53686e-10 2.41417e-10 1.64689e-10 1.12282e-10 7.65101e-11 5.21065e-11 3.54681e-11 2.41303e-11 1.64086e-11 1.11525e-11 7.57649e-12 5.14476e-12 3.49195e-12 2.36909e-12 1.60661e-12 1.08907e-12 7.37955e-13 4.99839e-13 3.38426e-13 2.29051e-13 1.54967e-13 1.04807e-13 7.08579e-14 4.7889e-14 3.23546e-14 2.18521e-14 1.4754e-14 9.95834e-15 6.71938e-15 4.53252e-15 3.05647e-15 2.0605e-15 1.38868e-15 9.35634e-16 6.30219e-16 4.24384e-16 2.857e-16 1.92286e-16 1.29382e-16 8.70346e-17 5.85331e-17 3.93555e-17 2.64548e-17 1.77788e-17 1.19454e-17 8.02414e-18 5.3889e-18 3.61832e-18 2.42895e-18 1.63019e-18 1.09388e-18 7.33852e-19
0.00786921 0.00395055 0.00322014 0.00256893 0.00201509 0.00155918 0.00119281 0.000903822 0.00067923 0.000506801 0.000375767 0.000277054 0.000203249 0.000148431 0.000107953 7.82193e-05 5.64799e-05 4.06531e-05 2.91754e-05 2.0881e-05 1.49067e-05 1.06164e-05 7.544e-06 5.34954e-06 3.78593e-06 2.67435e-06 1.88581e-06 1.32755e-06 9.33068e-07 6.54816e-07 4.58882e-07 3.21134e-07 2.24441e-07 1.56665e-07 1.09225e-07 7.60623e-08 5.291e-08 3.67659e-08 2.55217e-08 1.76989e-08 1.22623e-08 8.48789e-09 5.8701e-09 4.05622e-09 2.80053e-09 1.93203e-09 1.33184e-09 9.17415e-10 6.3149e-10 4.34373e-10 2.98582e-10 2.05106e-10 1.40803e-10 9.66001e-11 6.62338e-11 4.53864e-11 3.10829e-11 2.12753e-11 1.45544e-11 9.95136e-12 6.80058e-12 4.64506e-12 3.17119e-12 2.16394e-12 1.47593e-12 1.0062e-12 6.85667e-13 4.67037e-13 3.17982e-13 2.16408e-13 1.4722e-13 1.00112e-13 6.80516e-14 4.62405e-14 3.14083e-14 2.13259e-14 1.44748e-14 9.82123e-15 6.66145e-15 4.51673e-15 3.06151e-15 2.07447e-15 1.4052e-15 9.51553e-16 6.44161e-16 4.35938e-16 2.94935e-16 1.99481e-16 1.34881e-16 9.11758e-17 6.16152e-17 4.16273e-17 2.81159e-17 1.89851e-17 1.28163e-17 8.64966e-18 5.83618e-18 3.93687e-18 2.65503e-18 1.79013e-18 1.20669e-18
0.00513684 0.00276023 0.00231153 0.00188792 0.00151235 0.00119281 0.000928829 0.000715532 0.00054617 0.000413582 0.000310995 0.000232406 0.000172715 0.000127714 9.40109e-05 6.89157e-05 5.03279e-05 3.66253e-05 2.65673e-05 1.92136e-05 1.38565e-05 9.96698e-06 7.15168e-06 5.11979e-06 3.65724e-06 2.60714e-06 1.85496e-06 1.31736e-06 9.33941e-07 6.61018e-07 4.67111e-07 3.29589e-07 2.3222e-07 1.63391e-07 1.14811e-07 8.05732e-08 5.64767e-08 3.95405e-08 2.7652e-08 1.93171e-08 1.34805e-08 9.39798e-09 6.54548e-09 4.55452e-09 3.16629e-09 2.19927e-09 1.52629e-09 1.05838e-09 7.3333e-10 5.07718e-10 3.51254e-10 2.42831e-10 1.67757e-10 1.15813e-10 7.99e-11 5.50875e-11 3.79565e-11 2.61367e-11 1.79869e-11 1.23711e-11 8.50378e-12 5.84218e-12 4.01146e-12 2.75297e-12 1.88832e-12 1.29458e-12 8.87096e-13 6.07579e-13 4.15939e-13 2.84614e-13 1.94665e-13 1.33085e-13 9.09454e-14 6.21226e-14 4.24169e-14 2.89503e-14 1.97512e-14 1.34699e-14 9.1827e-15 6.25768e-15 4.26282e-15 2.90285e-15 1.97605e-15 1.34469e-15 9.14736e-16 6.2205e-16 4.22876e-16 2.87382e-16 1.9524e-16 1.326e-16 9.00295e-17 6.11076e-17 4.14646e-17 2.81276e-17 1.9075e-17 1.29323e-17 8.76523e-18 5.93928e-18 4.02336e-18 2.72476e-18 1.84482e-18
0.00335322 0.00192024 0.00164984 0.00137768 0.00112559 0.000903822 0.000715532 0.000559788 0.000433538 0.000332838 0.000253579 0.000191889 0.00014433 0.000107969 8.03707e-05 5.95582e-05 4.39537e-05 3.23146e-05 2.36744e-05 1.7288e-05 1.25861e-05 9.13704e-06 6.61556e-06 4.77797e-06 3.44271e-06 2.4751e-06 1.77571e-06 1.27142e-06 9.08627e-07 6.48189e-07 4.61609e-07 3.282e-07 2.32983e-07 1.65144e-07 1.16891e-07 8.2624e-08 5.83255e-08 4.11209e-08 2.8956e-08 2.0366e-08 1.43082e-08 1.00413e-08 7.03949e-09 4.93005e-09 3.44933e-09 2.41106e-09 1.68377e-09 1.17481e-09 8.18997e-10 5.7047e-10 3.97037e-10 2.76113e-10 1.91871e-10 1.33232e-10 9.24477e-11 6.41028e-11 4.44181e-11 3.07576e-11 2.12845e-11 1.47197e-11 1.01734e-11 7.02704e-12 4.85091e-12 3.34675e-12 2.30771e-12 1.59038e-12 1.09544e-12 7.54134e-13 5.18903e-13 3.56867e-13 2.4531e-13 1.68545e-13 1.15747e-13 7.94525e-14 5.45141e-14 3.73869e-14 2.56296e-14 1.75622e-14 1.20292e-14 8.23606e-15 5.63673e-15 3.85625e-15 2.63716e-15 1.80278e-15 1.23194e-15 8.41542e-16 5.74656e-16 3.92273e-16 2.67681e-16 1.826e-16 1.2452e-16 8.48857e-17 5.78482e-17 3.94102e-17 2.68405e-17 1.82743e-17 1.24382e-17 8.46347e-18 5.7572e-18 3.91516e-18 2.66173e-18
0.00218891 0.00133079 0.00117171 0.000999186 0.00083171 0.00067923 0.00054617 0.000433538 0.000340376 0.000264715 0.000204175 0.000156332 0.000118922 8.99349e-05 6.7653e-05 5.0646e-05 3.77466e-05 2.80182e-05 2.07188e-05 1.52676e-05 1.12141e-05 8.21175e-06 5.99611e-06 4.36657e-06 3.17188e-06 2.29858e-06 1.66198e-06 1.19913e-06 8.63431e-07 6.20515e-07 4.45124e-07 3.18749e-07 2.27873e-07 1.62645e-07 1.15911e-07 8.24843e-08 5.86146e-08 4.1596e-08 2.94804e-08 2.08674e-08 1.4753e-08 1.0418e-08 7.34857e-09 5.17783e-09 3.64449e-09 2.56261e-09 1.80013e-09 1.26331e-09 8.85753e-10 6.2048e-10 4.34275e-10 3.03693e-10 2.12202e-10 1.48155e-10 1.03359e-10 7.20525e-11 5.01918e-11 3.49386e-11 2.43038e-11 1.68946e-11 1.17364e-11 8.14779e-12 5.6529e-12 3.91954e-12 2.71605e-12 1.88098e-12 1.30191e-12 9.00606e-13 6.22658e-13 4.3026e-13 2.97156e-13 2.05123e-13 1.41522e-13 9.75936e-14 6.72679e-14 4.63435e-14 3.19131e-14 2.1966e-14 1.51126e-14 1.03929e-14 7.1441e-15 4.90881e-15 3.37151e-15 2.31471e-15 1.58854e-15 1.08975e-15 7.4729e-16 5.12256e-16 3.51014e-16 2.40438e-16 1.64637e-16 1.12693e-16 7.71109e-17 5.27457e-17 3.60672e-17 2.46544e-17 1.68475e-17 1.1509e-17 7.85966e-18 5.36581e-18 3.66213e-18
0.00142887 0.00091917 0.000828483 0.000720786 0.000610696 0.000506801 0.000413582 0.000332838 0.000264715 0.000208406 0.000162626 0.000125913 9.68105e-05 7.39698e-05 5.61985e-05 4.2477e-05 3.19546e-05 2.39345e-05 1.78555e-05 1.3271e-05 9.82946e-06 7.25688e-06 5.34137e-06 3.9203e-06 2.8696e-06 2.0952e-06 1.52612e-06 1.1091e-06 8.04293e-07 5.82063e-07 4.20416e-07 3.03096e-07 2.18128e-07 1.56712e-07 1.12406e-07 8.05e-08 5.75643e-08 4.11041e-08 2.931e-08 2.08722e-08 1.48444e-08 1.05443e-08 7.48092e-09 5.30139e-09 3.75266e-09 2.6535e-09 1.87433e-09 1.32261e-09 9.32372e-10 6.5665e-10 4.62037e-10 3.2481e-10 2.28141e-10 1.60106e-10 1.12268e-10 7.86599e-11 5.50695e-11 3.85247e-11 2.69305e-11 1.8812e-11 1.31317e-11 9.16022e-12 6.38557e-12 4.44846e-12 3.09699e-12 2.15476e-12 1.49828e-12 1.04118e-12 7.23116e-13 5.01926e-13 3.48199e-13 2.41423e-13 1.673e-13 1.15874e-13 8.02142e-14 5.55006e-14 3.83822e-14 2.65309e-14 1.83302e-14 1.26584e-14 8.73762e-15 6.02854e-15 4.15757e-15 2.86602e-15 1.97485e-15 1.36022e-15 9.36494e-16 6.44505e-16 4.43379e-16 3.04899e-16 2.0959e-16 1.4402e-16 9.89264e-17 6.79274e-17 4.66253e-17 3.19924e-17 2.19442e-17 1.50469e-17 1.0314e-17 7.06745e-18 4.84126e-18
0.000932734 0.000632953 0.000583506 0.000517479 0.000445924 0.000375767 0.000310995 0.000253579 0.000204175 0.000162626 0.000128316 0.000100406 7.79872e-05 6.01731e-05 4.61501e-05 3.52021e-05 2.67173e-05 2.01846e-05 1.51845e-05 1.13782e-05 8.49479e-06 6.32042e-06 4.68756e-06 3.46609e-06 2.55566e-06 1.87934e-06 1.37851e-06 1.00872e-06 7.36457e-07 5.36517e-07 3.90055e-07 2.83018e-07 2.04969e-07 1.48178e-07 1.06938e-07 7.70482e-08 5.54252e-08 3.981e-08 2.85523e-08 2.04493e-08 1.46261e-08 1.04474e-08 7.45315e-09 5.31058e-09 3.77947e-09 2.68673e-09 1.90782e-09 1.35327e-09 9.5892e-10 6.78801e-10 4.8004e-10 3.39157e-10 2.394e-10 1.68833e-10 1.18963e-10 8.37522e-11 5.89146e-11 4.14095e-11 2.90829e-11 2.04099e-11 1.43127e-11 1.00297e-11 7.02334e-12 4.91473e-12 3.43685e-12 2.40179e-12 1.67737e-12 1.1707e-12 8.16577e-13 5.69225e-13 3.96565e-13 2.76117e-13 1.92143e-13 1.33634e-13 9.28904e-14 6.45348e-14 4.48115e-14 3.11001e-14 2.15733e-14 1.49574e-14 1.03654e-14 7.17978e-15 4.97087e-15 3.43997e-15 2.37948e-15 1.6452e-15 1.13701e-15 7.85465e-16 5.42384e-16 3.74377e-16 2.58306e-16 1.78151e-16 1.2282e-16 8.46419e-17 5.83091e-17 4.01537e-17 2.76411e-17 1.90208e-17 1.30842e-17 8.99733e-18 6.18487e-18
0.000608868 0.000434679 0.000409527 0.000369938 0.000323998 0.000277054 0.000232406 0.000191889 0.000156332 0.000125913 0.000100406 7.93657e-05 6.22463e-05 4.84786e-05 3.75178e-05 2.88684e-05 2.20963e-05 1.68312e-05 1.27634e-05 9.63875e-06 7.25101e-06 5.43516e-06 4.06034e-06 3.02369e-06 2.24501e-06 1.66218e-06 1.2274e-06 9.0406e-07 6.64311e-07 4.87033e-07 3.56292e-07 2.60109e-07 1.89518e-07 1.37824e-07 1.00049e-07 7.25025e-08 5.24528e-08 3.78871e-08 2.73241e-08 1.9677e-08 1.41498e-08 1.01613e-08 7.2873e-09 5.2195e-09 3.73381e-09 2.66781e-09 1.90394e-09 1.35726e-09 9.66492e-10 6.87502e-10 4.88544e-10 3.46817e-10 2.45966e-10 1.74278e-10 1.2337e-10 8.7255e-11 6.16586e-11 4.35341e-11 3.07119e-11 2.16489e-11 1.52484e-11 1.0732e-11 7.54767e-12 5.3043e-12 3.72507e-12 2.6142e-12 1.83336e-12 1.28489e-12 8.99923e-13 6.29893e-13 4.40614e-13 3.08024e-13 2.15205e-13 1.50268e-13 1.04865e-13 7.31393e-14 5.09839e-14 3.55206e-14 2.47342e-14 1.72144e-14 1.19746e-14 8.32563e-15 5.78573e-15 4.01874e-15 2.79008e-15 1.93616e-15 1.34298e-15 9.31109e-16 6.45269e-16 4.46985e-16 3.095e-16 2.14213e-16 1.48201e-16 1.0249e-16 7.08499e-17 4.89583e-17 3.38178e-17 2.33506e-17 1.61172e-17 1.11204e-17 7.66999e-18
0.000397455 0.000297785 0.000286513 0.00026345 0.000234363 0.000203249 0.000172715 0.00014433 0.000118922 9.68105e-05 7.79872e-05 6.22463e-05 4.92764e-05 3.87229e-05 3.02281e-05 2.34548e-05 1.80989e-05 1.38953e-05 1.06181e-05 8.07873e-06 6.12186e-06 4.62153e-06 3.4766e-06 2.60666e-06 1.94832e-06 1.45197e-06 1.07906e-06 7.99813e-07 5.91352e-07 4.36184e-07 3.21004e-07 2.35729e-07 1.7275e-07 1.26348e-07 9.22349e-08 6.72104e-08 4.88902e-08 3.55043e-08 2.5742e-08 1.86351e-08 1.34701e-08 9.72272e-09 7.00811e-09 5.04465e-09 3.62658e-09 2.60386e-09 1.86729e-09 1.3375e-09 9.56929e-10 6.83888e-10 4.88229e-10 3.48184e-10 2.48058e-10 1.7655e-10 1.25536e-10 8.9179e-11 6.32939e-11 4.48824e-11 3.17992e-11 2.25108e-11 1.59224e-11 1.12533e-11 7.94715e-12 5.60804e-12 3.95446e-12 2.78643e-12 1.962e-12 1.38053e-12 9.70734e-13 6.82126e-13 4.79011e-13 3.36162e-13 2.35766e-13 1.65252e-13 1.15759e-13 8.1041e-14 5.67029e-14 3.96516e-14 2.77125e-14 1.93577e-14 1.35145e-14 9.4302e-15 6.57684e-15 4.58453e-15 3.19416e-15 2.22438e-15 1.54829e-15 1.07719e-15 7.49082e-16 5.2068e-16 3.61758e-16 2.51232e-16 1.74399e-16 1.21012e-16 8.39332e-17 5.81914e-17 4.03281e-17 2.79373e-17 1.93459e-17 1.33915e-17 9.26618e-18
0.00025945 0.00020355 0.000199875 0.000186965 0.000168846 0.000148431 0.000127714 0.000107969 8.99349e-05 7.39698e-05 6.01731e-05 4.84786e-05 3.87229e-05 3.06933e-05 2.41603e-05 1.88981e-05 1.4697e-05 1.13693e-05 8.75222e-06 6.70706e-06 5.11817e-06 3.89034e-06 2.9462e-06 2.22348e-06 1.6726e-06 1.25435e-06 9.37957e-07 6.99446e-07 5.20226e-07 3.8597e-07 2.85686e-07 2.10982e-07 1.55478e-07 1.14339e-07 8.39207e-08 6.14782e-08 4.49558e-08 3.28166e-08 2.39152e-08 1.74001e-08 1.26402e-08 9.16869e-09 6.64096e-09 4.80337e-09 3.46956e-09 2.50284e-09 1.8032e-09 1.29754e-09 9.32563e-10 6.69478e-10 4.80073e-10 3.43879e-10 2.46062e-10 1.75888e-10 1.25602e-10 8.96047e-11 6.38637e-11 4.54755e-11 3.23526e-11 2.29964e-11 1.6332e-11 1.15893e-11 8.21713e-12 5.82154e-12 4.12114e-12 2.9152e-12 2.06061e-12 1.45549e-12 1.02734e-12 7.24629e-13 5.10768e-13 3.59784e-13 2.53266e-13 1.7817e-13 1.25263e-13 8.8012e-14 6.18018e-14 4.33715e-14 3.04198e-14 2.13237e-14 1.49392e-14 1.04605e-14 7.32063e-15 5.12052e-15 3.57977e-15 2.50136e-15 1.74695e-15 1.21947e-15 8.5085e-16 5.93375e-16 4.13621e-16 2.88189e-16 2.00704e-16 1.39715e-16 9.72165e-17 6.76162e-17 4.70087e-17 3.26681e-17 2.26931e-17 1.57575e-17 1.09372e-17
0.000169363 0.000138854 0.000139071 0.000132266 0.0001212 0.000107953 9.40109e-05 8.03707e-05 6.7653e-05 5.61985e-05 4.61501e-05 3.75178e-05 3.02281e-05 2.41603e-05 1.91711e-05 1.51125e-05 1.18418e-05 9.22788e-06 7.15441e-06 5.52073e-06 4.24145e-06 3.24529e-06 2.4736e-06 1.87864e-06 1.42196e-06 1.07287e-06 8.07035e-07 6.05339e-07 4.52821e-07 3.37858e-07 2.51464e-07 1.86724e-07 1.38342e-07 1.02277e-07 7.54594e-08 5.55643e-08 4.08375e-08 2.99596e-08 2.1941e-08 1.60416e-08 1.17095e-08 8.53395e-09 6.21025e-09 4.5127e-09 3.27456e-09 2.3729e-09 1.71725e-09 1.24118e-09 8.95978e-10 6.4601e-10 4.65238e-10 3.34673e-10 2.40485e-10 1.7262e-10 1.23778e-10 8.86655e-11 6.34511e-11 4.53635e-11 3.24017e-11 2.31224e-11 1.64859e-11 1.1744e-11 8.35892e-12 5.94464e-12 4.22426e-12 2.99938e-12 2.12803e-12 1.50868e-12 1.0688e-12 7.56625e-13 5.35252e-13 3.78386e-13 2.67312e-13 1.88718e-13 1.33145e-13 9.38774e-14 6.61492e-14 4.65825e-14 3.27838e-14 2.3059e-14 1.62095e-14 1.13881e-14 7.99637e-15 5.61172e-15 3.93609e-15 2.75934e-15 1.93339e-15 1.35398e-15 9.47738e-16 6.63055e-16 4.63661e-16 3.24074e-16 2.26405e-16 1.58098e-16 1.10349e-16 7.6987e-17 5.36878e-17 3.74237e-17 2.60754e-17 1.81608e-17 1.26432e-17
0.000110557 9.4545e-05 9.65319e-05 9.32992e-05 8.67084e-05 7.82193e-05 6.89157e-05 5.95582e-05 5.0646e-05 4.2477e-05 3.52021e-05 2.88684e-05 2.34548e-05 1.88981e-05 1.51125e-05 1.2003e-05 9.47403e-06 7.43516e-06 5.8043e-06 4.50903e-06 3.4869e-06 2.68504e-06 2.05938e-06 1.57363e-06 1.19824e-06 9.0938e-07 6.88002e-07 5.18975e-07 3.90375e-07 2.92858e-07 2.19142e-07 1.63584e-07 1.21828e-07 9.05301e-08 6.71298e-08 4.96768e-08 3.66896e-08 2.70469e-08 1.99025e-08 1.46199e-08 1.07214e-08 7.84975e-09 5.73831e-09 4.18849e-09 3.0528e-09 2.22191e-09 1.61496e-09 1.17226e-09 8.49822e-10 6.15308e-10 4.44971e-10 3.21412e-10 2.31899e-10 1.67129e-10 1.20321e-10 8.65308e-11 6.21668e-11 4.46184e-11 3.19925e-11 2.29178e-11 1.6402e-11 1.17282e-11 8.37879e-12 5.98082e-12 4.26556e-12 3.03974e-12 2.16446e-12 1.54001e-12 1.09487e-12 7.77819e-13 5.52174e-13 3.91707e-13 2.77678e-13 1.96709e-13 1.39255e-13 9.85175e-14 6.9652e-14 4.92128e-14 3.47497e-14 2.45222e-14 1.72945e-14 1.21898e-14 8.58695e-15 6.04551e-15 4.25387e-15 2.99156e-15 2.1027e-15 1.47716e-15 1.03718e-15 7.27873e-16 5.10552e-16 3.57939e-16 2.50823e-16 1.75678e-16 1.22989e-16 8.60617e-17 6.01945e-17 4.20832e-17 2.94082e-17 2.05419e-17 1.43425e-17
7.21689e-05 6.42655e-05 6.6857e-05 6.56377e-05 6.18424e-05 5.64799e-05 5.03279e-05 4.39537e-05 3.77466e-05 3.19546e-05 2.67173e-05 2.20963e-05 1.80989e-05 1.4697e-05 1.18418e-05 9.47403e-06 7.53086e-06 5.95082e-06 4.67662e-06 3.65667e-06 2.84573e-06 2.20491e-06 1.70138e-06 1.30779e-06 1.0016e-06 7.64478e-07 5.81606e-07 4.41125e-07 3.33603e-07 2.51593e-07 1.89244e-07 1.4199e-07 1.06279e-07 7.93679e-08 5.91409e-08 4.3976e-08 3.26337e-08 2.41698e-08 1.78677e-08 1.31852e-08 9.71288e-09 7.14307e-09 5.24471e-09 3.84487e-09 2.8144e-09 2.05711e-09 1.50147e-09 1.09442e-09 7.96658e-10 5.79165e-10 4.20524e-10 3.04967e-10 2.20903e-10 1.59829e-10 1.15511e-10 8.33912e-11 6.01394e-11 4.33262e-11 3.11822e-11 2.24202e-11 1.61049e-11 1.15577e-11 8.28687e-12 5.93642e-12 4.24896e-12 3.0386e-12 2.17122e-12 1.55019e-12 1.10591e-12 7.88352e-13 5.61553e-13 3.99704e-13 2.84296e-13 2.02067e-13 1.43521e-13 1.01868e-13 7.22555e-14 5.12174e-14 3.62814e-14 2.56848e-14 1.81718e-14 1.28486e-14 9.07935e-15 6.41206e-15 4.52575e-15 3.19254e-15 2.25082e-15 1.58602e-15 1.11697e-15 7.8622e-16 5.53123e-16 3.88935e-16 2.73347e-16 1.92015e-16 1.34817e-16 9.46125e-17 6.6366e-17 4.65309e-17 3.2609e-17 2.28423e-17 1.59937e-17
4.71102e-05 4.36148e-05 4.62103e-05 4.60641e-05 4.39826e-05 4.06531e-05 3.66253e-05 3.23146e-05 2.80182e-05 2.39345e-05 2.01846e-05 1.68312e-05 1.38953e-05 1.13693e-05 9.22788e-06 7.43516e-06 5.95082e-06 4.73369e-06 3.74427e-06 2.94618e-06 2.30695e-06 1.79822e-06 1.39574e-06 1.07903e-06 8.31067e-07 6.37825e-07 4.87882e-07 3.72009e-07 2.82806e-07 2.14379e-07 1.62068e-07 1.22204e-07 9.19177e-08 6.89738e-08 5.16399e-08 3.85783e-08 2.87603e-08 2.13981e-08 1.58898e-08 1.17776e-08 8.71403e-09 6.43623e-09 4.74593e-09 3.49391e-09 2.56819e-09 1.88491e-09 1.3814e-09 1.01097e-09 7.38854e-10 5.39268e-10 3.93089e-10 2.86176e-10 2.08088e-10 1.51129e-10 1.09635e-10 7.94449e-11 5.75054e-11 4.15805e-11 3.00345e-11 2.16728e-11 1.56236e-11 1.1252e-11 8.09603e-12 5.81992e-12 4.17997e-12 2.99951e-12 2.15058e-12 1.54063e-12 1.10278e-12 7.88732e-13 5.63678e-13 4.02531e-13 2.87239e-13 2.04817e-13 1.45941e-13 1.03916e-13 7.39413e-14 5.25771e-14 3.73608e-14 2.6531e-14 1.88283e-14 1.33536e-14 9.46486e-15 6.70452e-15 4.74638e-15 3.35818e-15 2.37462e-15 1.67819e-15 1.18535e-15 8.36783e-16 5.90401e-16 4.16344e-16 2.93448e-16 2.06723e-16 1.45555e-16 1.02436e-16 7.20549e-17 5.06602e-17 3.56013e-17 2.50071e-17 1.75574e-17
3.07525e-05 2.95568e-05 3.18794e-05 3.2254e-05 3.11987e-05 2.91754e-05 2.65673e-05 2.36744e-05 2.07188e-05 1.78555e-05 1.51845e-05 1.27634e-05 1.06181e-05 8.75222e-06 7.15441e-06 5.8043e-06 4.67662e-06 3.74427e-06 2.98036e-06 2.35953e-06 1.85866e-06 1.45728e-06 1.13759e-06 8.84385e-07 6.84887e-07 5.28462e-07 4.06361e-07 3.11454e-07 2.37975e-07 1.81298e-07 1.37732e-07 1.04357e-07 7.88672e-08 5.94584e-08 4.47215e-08 3.35619e-08 2.5133e-08 1.87821e-08 1.40082e-08 1.04278e-08 7.74819e-09 5.74695e-09 4.25529e-09 3.14558e-09 2.32155e-09 1.71073e-09 1.25873e-09 9.24811e-10 6.78518e-10 4.97136e-10 3.63759e-10 2.65822e-10 1.9401e-10 1.41426e-10 1.02972e-10 7.48876e-11 5.44016e-11 3.94765e-11 2.86156e-11 2.07212e-11 1.49895e-11 1.08325e-11 7.82085e-12 5.64115e-12 4.0652e-12 2.92688e-12 2.10545e-12 1.51326e-12 1.08671e-12 7.79756e-13 5.59053e-13 4.00501e-13 2.86695e-13 2.05072e-13 1.46579e-13 1.04693e-13 7.47237e-14 5.32959e-14 3.79866e-14 2.70568e-14 1.9259e-14 1.36997e-14 9.73895e-15 6.91897e-15 4.91252e-15 3.48582e-15 2.472e-15 1.75202e-15 1.24103e-15 8.78575e-16 6.21636e-16 4.39599e-16 3.10703e-16 2.19485e-16 1.54967e-16 1.09358e-16 7.71342e-17 5.43785e-17 3.83174e-17 2.69871e-17 1.89982e-17
2.00746e-05 2.00029e-05 2.19543e-05 2.25365e-05 2.20766e-05 2.0881e-05 1.92136e-05 1.7288e-05 1.52676e-05 1.3271e-05 1.13782e-05 9.63875e-06 8.07873e-06 6.70706e-06 5.52073e-06 4.50903e-06 3.65667e-06 2.94618e-06 2.35953e-06 1.87921e-06 1.48896e-06 1.17408e-06 9.21621e-07 7.20397e-07 5.60873e-07 4.35038e-07 3.36242e-07 2.59011e-07 1.98885e-07 1.52255e-07 1.16222e-07 8.84738e-08 6.71739e-08 5.0874e-08 3.8437e-08 2.89736e-08 2.17919e-08 1.63556e-08 1.22504e-08 9.15755e-09 6.8326e-09 5.08862e-09 3.78309e-09 2.80772e-09 2.0804e-09 1.53902e-09 1.13678e-09 8.38406e-10 6.17454e-10 4.54092e-10 3.33496e-10 2.44603e-10 1.79173e-10 1.31081e-10 9.57807e-11 6.99038e-11 5.09591e-11 3.71069e-11 2.69906e-11 1.96112e-11 1.42346e-11 1.03215e-11 7.47668e-12 5.41071e-12 3.9119e-12 2.82566e-12 2.0392e-12 1.47033e-12 1.05924e-12 7.62435e-13 5.48345e-13 3.9405e-13 2.82947e-13 2.03011e-13 1.45547e-13 1.0427e-13 7.46449e-14 5.33983e-14 3.81723e-14 2.7269e-14 1.94668e-14 1.38877e-14 9.90105e-15 7.05429e-15 5.02286e-15 3.57421e-15 2.54182e-15 1.80654e-15 1.2832e-15 9.10945e-16 6.46311e-16 4.58298e-16 3.24799e-16 2.30063e-16 1.62872e-16 1.15244e-16 8.15015e-17 5.76093e-17 4.07007e-17 2.87406e-17 2.02852e-17
1.31042e-05 1.35202e-05 1.50945e-05 1.57156e-05 1.55862e-05 1.49067e-05 1.38565e-05 1.25861e-05 1.12141e-05 9.82946e-06 8.49479e-06 7.25101e-06 6.12186e-06 5.11817e-06 4.24145e-06 3.4869e-06 2.84573e-06 2.30695e-06 1.85866e-06 1.48896e-06 1.18647e-06 9.40763e-07 7.42493e-07 5.83468e-07 4.56632e-07 3.55994e-07 2.76527e-07 2.1406e-07 1.65163e-07 1.27039e-07 9.7427e-08 7.45066e-08 5.6825e-08 4.32281e-08 3.28035e-08 2.4834e-08 1.87581e-08 1.41379e-08 1.06333e-08 7.9813e-09 5.97909e-09 4.47076e-09 3.33688e-09 2.48623e-09 1.84929e-09 1.37328e-09 1.01818e-09 7.53742e-10 5.57153e-10 4.11244e-10 3.0312e-10 2.23121e-10 1.64017e-10 1.20415e-10 8.82934e-11 6.46616e-11 4.72988e-11 3.45583e-11 2.52212e-11 1.83866e-11 1.33898e-11 9.7407e-12 7.07888e-12 5.13933e-12 3.72757e-12 2.70105e-12 1.9554e-12 1.41431e-12 1.02203e-12 7.3792e-13 5.32333e-13 3.83703e-13 2.76346e-13 1.98867e-13 1.42999e-13 1.02747e-13 7.37696e-14 5.29255e-14 3.79436e-14 2.71833e-14 1.9461e-14 1.39229e-14 9.95406e-15 7.1119e-15 5.07796e-15 3.6234e-15 2.58387e-15 1.84144e-15 1.31154e-15 9.33576e-16 6.64144e-16 4.72199e-16 3.35538e-16 2.38296e-16 1.69143e-16 1.19993e-16 8.50804e-17 6.02942e-17 4.27068e-17 3.02343e-17 2.13936e-17
8.55415e-06 9.1278e-06 1.03622e-05 1.09389e-05 1.09806e-05 1.06164e-05 9.96698e-06 9.13704e-06 8.21175e-06 7.25688e-06 6.32042e-06 5.43516e-06 4.62153e-06 3.89034e-06 3.24529e-06 2.68504e-06 2.20491e-06 1.79822e-06 1.45728e-06 1.17408e-06 9.40763e-07 7.49993e-07 5.95072e-07 4.70051e-07 3.69742e-07 2.89691e-07 2.26126e-07 1.75884e-07 1.36348e-07 1.05362e-07 8.11707e-08 6.23532e-08 4.77658e-08 3.64945e-08 2.78124e-08 2.11445e-08 1.60378e-08 1.21372e-08 9.16557e-09 6.90718e-09 5.19488e-09 3.89955e-09 2.92177e-09 2.18523e-09 1.63153e-09 1.21609e-09 9.04959e-10 6.72369e-10 4.98797e-10 3.69485e-10 2.73303e-10 2.01877e-10 1.48915e-10 1.09703e-10 8.07124e-11 5.93089e-11 4.35282e-11 3.19086e-11 2.33638e-11 1.70879e-11 1.24841e-11 9.11091e-12 6.64219e-12 4.83746e-12 3.51957e-12 2.55822e-12 1.85769e-12 1.34773e-12 9.76871e-13 7.0743e-13 5.11859e-13 3.70038e-13 2.67287e-13 1.9291e-13 1.39117e-13 1.00245e-13 7.21793e-14 5.19316e-14 3.7336e-14 2.6823e-14 1.92565e-14 1.38147e-14 9.90387e-15 7.09537e-15 5.07991e-15 3.63457e-15 2.59879e-15 1.85702e-15 1.32614e-15 9.46455e-16 6.7507e-16 4.81218e-16 3.42833e-16 2.44104e-16 1.73709e-16 1.23547e-16 8.78219e-17 6.23939e-17 4.43049e-17 3.14438e-17 2.23047e-17
5.58396e-06 6.15562e-06 7.10337e-06 7.60096e-06 7.72052e-06 7.544e-06 7.15168e-06 6.61556e-06 5.99611e-06 5.34137e-06 4.68756e-06 4.06034e-06 3.4766e-06 2.9462e-06 2.4736e-06 2.05938e-06 1.70138e-06 1.39574e-06 1.13759e-06 9.21621e-07 7.42493e-07 5.95072e-07 4.74602e-07 3.76795e-07 2.97861e-07 2.34511e-07 1.83928e-07 1.43734e-07 1.11938e-07 8.68914e-08 6.72395e-08 5.1878e-08 3.99128e-08 3.06242e-08 2.34365e-08 1.78912e-08 1.36254e-08 1.0353e-08 7.8492e-09 5.9383e-09 4.48344e-09 3.37835e-09 2.5408e-09 1.90738e-09 1.42933e-09 1.06926e-09 7.9856e-10 5.95432e-10 4.43279e-10 3.29506e-10 2.44573e-10 1.81274e-10 1.3417e-10 9.91722e-11 7.32071e-11 5.39711e-11 3.974e-11 2.92258e-11 2.1468e-11 1.57513e-11 1.15439e-11 8.45108e-12 6.18025e-12 4.51488e-12 3.29489e-12 2.40216e-12 1.74961e-12 1.2731e-12 9.25506e-13 6.72201e-13 4.87787e-13 3.53656e-13 2.56188e-13 1.85427e-13 1.34099e-13 9.69017e-14 6.99668e-14 5.04796e-14 3.63922e-14 2.62166e-14 1.88724e-14 1.35757e-14 9.75874e-15 7.01007e-15 5.03217e-15 3.60992e-15 2.58793e-15 1.85408e-15 1.32748e-15 9.49849e-16 6.79227e-16 4.85415e-16 3.46699e-16 2.47479e-16 1.76552e-16 1.25882e-16 8.97034e-17 6.38876e-17 4.54768e-17 3.23543e-17 2.30062e-17
3.64508e-06 4.14698e-06 4.86286e-06 5.27298e-06 5.41818e-06 5.34954e-06 5.11979e-06 4.77797e-06 4.36657e-06 3.9203e-06 3.46609e-06 3.02369e-06 2.60666e-06 2.22348e-06 1.87864e-06 1.57363e-06 1.30779e-06 1.07903e-06 8.84385e-07 7.20397e-07 5.83468e-07 4.70051e-07 3.76795e-07 3.00631e-07 2.38809e-07 1.88915e-07 1.4886e-07 1.16864e-07 9.14226e-08 7.12809e-08 5.54e-08 4.29268e-08 3.31656e-08 2.55531e-08 1.96357e-08 1.50503e-08 1.15075e-08 8.77811e-09 6.68099e-09 5.07385e-09 3.84526e-09 2.90829e-09 2.19535e-09 1.65406e-09 1.24397e-09 9.33906e-10 6.99934e-10 5.23713e-10 3.91233e-10 2.91811e-10 2.17327e-10 1.61619e-10 1.20019e-10 8.90038e-11 6.59147e-11 4.87514e-11 3.60113e-11 2.65675e-11 1.95766e-11 1.44082e-11 1.05922e-11 7.77805e-12 5.70532e-12 4.18047e-12 3.05996e-12 2.23749e-12 1.63446e-12 1.19278e-12 8.69628e-13 6.33431e-13 4.60965e-13 3.35156e-13 2.43469e-13 1.76713e-13 1.28152e-13 9.28593e-14 6.72315e-14 4.86379e-14 3.51591e-14 2.53963e-14 1.83305e-14 1.32209e-14 9.52868e-15 6.86271e-15 4.93919e-15 3.55237e-15 2.55322e-15 1.83388e-15 1.31635e-15 9.4426e-16 6.76925e-16 4.84976e-16 3.47245e-16 2.48479e-16 1.77701e-16 1.2701e-16 9.07269e-17 6.47725e-17 4.62174e-17 3.29596e-17 2.34924e-17
2.37943e-06 2.79108e-06 3.32482e-06 3.65239e-06 3.79571e-06 3.78593e-06 3.65724e-06 3.44271e-06 3.17188e-06 2.8696e-06 2.55566e-06 2.24501e-06 1.94832e-06 1.6726e-06 1.42196e-06 1.19824e-06 1.0016e-06 8.31067e-07 6.84887e-07 5.60873e-07 4.56632e-07 3.69742e-07 2.97861e-07 2.38809e-07 1.90604e-07 1.51486e-07 1.19914e-07 9.45629e-08 7.43033e-08 5.81848e-08 4.54147e-08 3.53375e-08 2.74149e-08 2.12084e-08 1.63625e-08 1.25911e-08 9.6648e-09 7.40083e-09 5.65414e-09 4.31011e-09 3.27855e-09 2.48873e-09 1.88543e-09 1.42563e-09 1.07596e-09 8.10594e-10 6.09613e-10 4.57691e-10 3.43067e-10 2.56742e-10 1.91843e-10 1.43134e-10 1.06638e-10 7.93348e-11 5.89412e-11 4.37314e-11 3.24042e-11 2.39805e-11 1.77246e-11 1.3085e-11 9.64843e-12 7.10627e-12 5.22806e-12 3.84205e-12 2.82047e-12 2.06836e-12 1.51526e-12 1.10896e-12 8.10805e-13 5.92248e-13 4.32199e-13 3.15113e-13 2.2954e-13 1.67059e-13 1.2148e-13 8.82622e-14 6.40744e-14 4.64773e-14 3.36862e-14 2.43962e-14 1.76547e-14 1.27665e-14 9.2249e-15 6.66095e-15 4.80618e-15 3.46546e-15 2.49702e-15 1.798e-15 1.2938e-15 9.30381e-16 6.68614e-16 4.80192e-16 3.44655e-16 2.47223e-16 1.77227e-16 1.26974e-16 9.09168e-17 6.50616e-17 4.65328e-17 3.32623e-17 2.37632e-17
1.55324e-06 1.87681e-06 2.27051e-06 2.52622e-06 2.65466e-06 2.67435e-06 2.60714e-06 2.4751e-06 2.29858e-06 2.0952e-06 1.87934e-06 1.66218e-06 1.45197e-06 1.25435e-06 1.07287e-06 9.0938e-07 7.64478e-07 6.37825e-07 5.28462e-07 4.35038e-07 3.55994e-07 2.89691e-07 2.34511e-07 1.88915e-07 1.51486e-07 1.20947e-07 9.617e-08 7.61729e-08 6.01124e-08 4.72726e-08 3.70519e-08 2.8949e-08 2.25498e-08 1.75144e-08 1.35657e-08 1.04794e-08 8.07463e-09 6.20648e-09 4.75933e-09 3.64133e-09 2.77989e-09 2.11777e-09 1.61007e-09 1.22169e-09 9.25229e-10 6.99424e-10 5.27787e-10 3.97584e-10 2.99001e-10 2.24498e-10 1.68294e-10 1.25968e-10 9.41472e-11 7.02632e-11 5.23646e-11 3.89721e-11 2.89662e-11 2.15014e-11 1.59402e-11 1.18028e-11 8.72875e-12 6.4478e-12 4.75744e-12 3.5063e-12 2.58138e-12 1.89841e-12 1.39468e-12 1.02357e-12 7.50456e-13 5.49679e-13 4.02233e-13 2.94063e-13 2.14785e-13 1.56739e-13 1.1428e-13 8.32503e-14 6.05948e-14 4.40681e-14 3.20228e-14 2.32513e-14 1.68693e-14 1.22296e-14 8.85924e-15 6.41299e-15 4.63883e-15 3.35309e-15 2.42201e-15 1.74826e-15 1.26108e-15 9.0905e-16 6.54859e-16 4.7144e-16 3.3918e-16 2.43872e-16 1.75237e-16 1.25842e-16 9.03165e-17 6.47819e-17 4.64396e-17 3.32718e-17 2.38243e-17
1.01392e-06 1.26095e-06 1.54878e-06 1.7449e-06 1.8537e-06 1.88581e-06 1.85496e-06 1.77571e-06 1.66198e-06 1.52612e-06 1.37851e-06 1.2274e-06 1.07906e-06 9.37957e-07 8.07035e-07 6.88002e-07 5.81606e-07 4.87882e-07 4.06361e-07 3.36242e-07 2.76527e-07 2.26126e-07 1.83928e-07 1.4886e-07 1.19914e-07 9.617e-08 7.68056e-08 6.10981e-08 4.84208e-08 3.82373e-08 3.00931e-08 2.3607e-08 1.84618e-08 1.43954e-08 1.11929e-08 8.67932e-09 6.71272e-09 5.17876e-09 3.98574e-09 3.06046e-09 2.34475e-09 1.79255e-09 1.36756e-09 1.04124e-09 7.91244e-10 6.00146e-10 4.54376e-10 3.43407e-10 2.59097e-10 1.95163e-10 1.46769e-10 1.10203e-10 8.26219e-11 6.18524e-11 4.62376e-11 3.45166e-11 2.57318e-11 1.91575e-11 1.42445e-11 1.05781e-11 7.84581e-12 5.81228e-12 4.30079e-12 3.17874e-12 2.3468e-12 1.73071e-12 1.275e-12 9.38307e-13 6.89821e-13 5.06635e-13 3.71732e-13 2.72489e-13 1.99555e-13 1.46008e-13 1.06734e-13 7.79553e-14 5.6887e-14 4.14775e-14 3.0217e-14 2.19957e-14 1.59983e-14 1.16271e-14 8.44371e-15 6.12726e-15 4.44301e-15 3.21936e-15 2.33105e-15 1.68665e-15 1.21955e-15 8.81203e-16 6.36299e-16 4.59157e-16 3.31114e-16 2.38626e-16 1.71864e-16 1.23704e-16 8.89852e-17 6.39722e-17 4.5963e-17 3.30045e-17 2.36858e-17
6.61864e-07 8.46491e-07 1.05533e-06 1.20367e-06 1.29247e-06 1.32755e-06 1.31736e-06 1.27142e-06 1.19913e-06 1.1091e-06 1.00872e-06 9.0406e-07 7.99813e-07 6.99446e-07 6.05339e-07 5.18975e-07 4.41125e-07 3.72009e-07 3.11454e-07 2.59011e-07 2.1406e-07 1.75884e-07 1.43734e-07 1.16864e-07 9.45629e-08 7.61729e-08 6.10981e-08 4.88092e-08 3.8843e-08 3.07995e-08 2.43372e-08 1.91674e-08 1.50483e-08 1.17789e-08 9.19317e-09 7.15528e-09 5.55438e-09 4.30069e-09 3.32181e-09 2.55969e-09 1.96794e-09 1.50968e-09 1.15568e-09 8.8288e-10 6.73144e-10 5.12252e-10 3.89094e-10 2.95017e-10 2.23298e-10 1.68728e-10 1.27286e-10 9.58701e-11 7.20965e-11 5.41368e-11 4.05915e-11 3.03921e-11 2.2724e-11 1.69677e-11 1.26529e-11 9.4232e-12 7.00914e-12 5.20716e-12 3.86385e-12 2.86374e-12 2.12008e-12 1.5678e-12 1.15813e-12 8.54594e-13 6.2996e-13 4.639e-13 3.41275e-13 2.50819e-13 1.84163e-13 1.35095e-13 9.90093e-14 7.24977e-14 5.30383e-14 3.87686e-14 2.83141e-14 2.06616e-14 1.50651e-14 1.09757e-14 7.99006e-15 5.8121e-15 4.22461e-15 3.06844e-15 2.22705e-15 1.61521e-15 1.17063e-15 8.47835e-16 6.13627e-16 4.43819e-16 3.20789e-16 2.31712e-16 1.67264e-16 1.20665e-16 8.69938e-17 6.26803e-17 4.51349e-17 3.24815e-17 2.33618e-17
4.3205e-07 5.67828e-07 7.18373e-07 8.29299e-07 8.99887e-07 9.33068e-07 9.33941e-07 9.08627e-07 8.63431e-07 8.04293e-07 7.36457e-07 6.64311e-07 5.91352e-07 5.20226e-07 4.52821e-07 3.90375e-07 3.33603e-07 2.82806e-07 2.37975e-07 1.98885e-07 1.65163e-07 1.36348e-07 1.11938e-07 9.14226e-08 7.43033e-08 6.01124e-08 4.84208e-08 3.8843e-08 3.10384e-08 2.47101e-08 1.96027e-08 1.54988e-08 1.22147e-08 9.59701e-09 7.51816e-09 5.87304e-09 4.57551e-09 3.5554e-09 2.75583e-09 2.13094e-09 1.64394e-09 1.2654e-09 9.71925e-10 7.44961e-10 5.69848e-10 4.35049e-10 3.31511e-10 2.52153e-10 1.91452e-10 1.45114e-10 1.09808e-10 8.29575e-11 6.25738e-11 4.71264e-11 3.54396e-11 2.66124e-11 1.99557e-11 1.49435e-11 1.11752e-11 8.34622e-12 6.22547e-12 4.63782e-12 3.45087e-12 2.56465e-12 1.90381e-12 1.41166e-12 1.04557e-12 7.73584e-13 5.71744e-13 4.2213e-13 3.11351e-13 2.29416e-13 1.68878e-13 1.24197e-13 9.12521e-14 6.69849e-14 4.91271e-14 3.59984e-14 2.63555e-14 1.92793e-14 1.40912e-14 1.02909e-14 7.50948e-15 5.47551e-15 3.98936e-15 2.90437e-15 2.11289e-15 1.53598e-15 1.11578e-15 8.0996e-16 5.87553e-16 4.25924e-16 3.08549e-16 2.23372e-16 1.61603e-16 1.16839e-16 8.4422e-17 6.09609e-17 4.39927e-17 3.17283e-17 2.28694e-17
2.82033e-07 3.80625e-07 4.88529e-07 5.70697e-07 6.25702e-07 6.54816e-07 6.61018e-07 6.48189e-07 6.20515e-07 5.82063e-07 5.36517e-07 4.87033e-07 4.36184e-07 3.8597e-07 3.37858e-07 2.92858e-07 2.51593e-07 2.14379e-07 1.81298e-07 1.52255e-07 1.27039e-07 1.05362e-07 8.68914e-08 7.12809e-08 5.81848e-08 4.72726e-08 3.82373e-08 3.07995e-08 2.47101e-08 1.97499e-08 1.57287e-08 1.24834e-08 9.87536e-09 7.78779e-09 6.12315e-09 4.80053e-09 3.75325e-09 2.92669e-09 2.27636e-09 1.76621e-09 1.36716e-09 1.05586e-09 8.13652e-10 6.25678e-10 4.80144e-10 3.67732e-10 2.81097e-10 2.14472e-10 1.63344e-10 1.24187e-10 9.42562e-11 7.14212e-11 5.40316e-11 4.08123e-11 3.07805e-11 2.31803e-11 1.74317e-11 1.30903e-11 9.81676e-12 7.35205e-12 5.49902e-12 4.10783e-12 3.0648e-12 2.28385e-12 1.69989e-12 1.26379e-12 9.38506e-13 6.9618e-13 5.15867e-13 3.81853e-13 2.82362e-13 2.08582e-13 1.53928e-13 1.13485e-13 8.3588e-14 6.151e-14 4.52221e-14 3.32175e-14 2.43782e-14 1.78756e-14 1.30964e-14 9.58702e-15 7.0123e-15 5.12495e-15 3.74263e-15 2.73104e-15 1.99136e-15 1.45093e-15 1.05639e-15 7.68579e-16 5.58785e-16 4.05973e-16 2.94749e-16 2.13852e-16 1.55055e-16 1.1235e-16 8.13543e-17 5.88725e-17 4.25769e-17 3.07728e-17 2.22278e-17
1.84105e-07 2.54965e-07 3.3192e-07 3.92298e-07 4.345e-07 4.58882e-07 4.67111e-07 4.61609e-07 4.45124e-07 4.20416e-07 3.90055e-07 3.56292e-07 3.21004e-07 2.85686e-07 2.51464e-07 2.19142e-07 1.89244e-07 1.62068e-07 1.37732e-07 1.16222e-07 9.7427e-08 8.11707e-08 6.72395e-08 5.54e-08 4.54147e-08 3.70519e-08 3.00931e-08 2.43372e-08 1.96027e-08 1.57287e-08 1.25742e-08 1.00173e-08 7.95387e-09 6.29538e-09 4.96755e-09 3.90835e-09 3.06639e-09 2.39934e-09 1.87255e-09 1.45777e-09 1.13215e-09 8.7723e-10 6.7819e-10 5.2318e-10 4.02758e-10 3.09429e-10 2.37262e-10 1.81581e-10 1.38713e-10 1.05777e-10 8.05215e-11 6.11933e-11 4.64288e-11 3.51708e-11 2.66015e-11 2.00899e-11 1.515e-11 1.14085e-11 8.57914e-12 6.44273e-12 4.83195e-12 3.61922e-12 2.70745e-12 2.02289e-12 1.50961e-12 1.12524e-12 8.37779e-13 6.23054e-13 4.62856e-13 3.43479e-13 2.54623e-13 1.88559e-13 1.39496e-13 1.03097e-13 7.61218e-14 5.61515e-14 4.13819e-14 3.04693e-14 2.24143e-14 1.64744e-14 1.20981e-14 8.87684e-15 6.50788e-15 4.76723e-15 3.48935e-15 2.552e-15 1.86502e-15 1.36193e-15 9.93802e-16 7.24649e-16 5.28009e-16 3.84455e-16 2.79735e-16 2.03399e-16 1.47795e-16 1.07319e-16 7.78774e-17 5.64762e-17 4.09301e-17 2.96448e-17 2.14578e-17
1.20179e-07 1.7068e-07 2.25318e-07 2.69381e-07 3.01355e-07 3.21134e-07 3.29589e-07 3.282e-07 3.18749e-07 3.03096e-07 2.83018e-07 2.60109e-07 2.35729e-07 2.10982e-07 1.86724e-07 1.63584e-07 1.4199e-07 1.22204e-07 1.04357e-07 8.84738e-08 7.45066e-08 6.23532e-08 5.1878e-08 4.29268e-08 3.53375e-08 2.8949e-08 2.3607e-08 1.91674e-08 1.54988e-08 1.24834e-08 1.00173e-08 8.00997e-09 6.38319e-09 5.07035e-09 4.01506e-09 3.16998e-09 2.49564e-09 1.95938e-09 1.5343e-09 1.1984e-09 9.33753e-10 7.25837e-10 5.62936e-10 4.35637e-10 3.3641e-10 2.59251e-10 1.99392e-10 1.53059e-10 1.17273e-10 8.96913e-11 6.84761e-11 5.21898e-11 3.97111e-11 3.01673e-11 2.28813e-11 1.73284e-11 1.31037e-11 9.89457e-12 7.46083e-12 5.61797e-12 4.22463e-12 3.17269e-12 2.37964e-12 1.7826e-12 1.33372e-12 9.96682e-13 7.43949e-13 5.54669e-13 4.13086e-13 3.07307e-13 2.2837e-13 1.69533e-13 1.25725e-13 9.31438e-14 6.8938e-14 5.09735e-14 3.76547e-14 2.77902e-14 2.04913e-14 1.50959e-14 1.11114e-14 8.17153e-15 6.00444e-15 4.4084e-15 3.23397e-15 2.37051e-15 1.73623e-15 1.27068e-15 9.2926e-16 6.79067e-16 4.95871e-16 3.61835e-16 2.63842e-16 1.92253e-16 1.39992e-16 1.01868e-16 7.40772e-17 5.38326e-17 3.90953e-17 2.83745e-17 2.05806e-17
7.84505e-08 1.14186e-07 1.52826e-07 1.84789e-07 2.08766e-07 2.24441e-07 2.3222e-07 2.32983e-07 2.27873e-07 2.18128e-07 2.04969e-07 1.89518e-07 1.7275e-07 1.55478e-07 1.38342e-07 1.21828e-07 1.06279e-07 9.19177e-08 7.88672e-08 6.71739e-08 5.6825e-08 4.77658e-08 3.99128e-08 3.31656e-08 2.74149e-08 2.25498e-08 1.84618e-08 1.50483e-08 1.22147e-08 9.87536e-09 7.95387e-09 6.38319e-09 5.10506e-09 4.06943e-09 3.23369e-09 2.56184e-09 2.0237e-09 1.59415e-09 1.25243e-09 9.8142e-10 7.67148e-10 5.98224e-10 4.65419e-10 3.61289e-10 2.79851e-10 2.16319e-10 1.66871e-10 1.28475e-10 9.87261e-11 7.57259e-11 5.79804e-11 4.43162e-11 3.38152e-11 2.57602e-11 1.95926e-11 1.48786e-11 1.12817e-11 8.54174e-12 6.45796e-12 4.87569e-12 3.67607e-12 2.76792e-12 2.08141e-12 1.56318e-12 1.17253e-12 8.78435e-13 6.57327e-13 4.91304e-13 3.66797e-13 2.73539e-13 2.0377e-13 1.51636e-13 1.12722e-13 8.37091e-14 6.21015e-14 4.60263e-14 3.40794e-14 2.52098e-14 1.86313e-14 1.3757e-14 1.01489e-14 7.48055e-15 5.50903e-15 4.05369e-15 2.98035e-15 2.18942e-15 1.60711e-15 1.17874e-15 8.63886e-16 6.32652e-16 4.62966e-16 3.38543e-16 2.4738e-16 1.80637e-16 1.31809e-16 9.61131e-17 7.00368e-17 5.10012e-17 3.71149e-17 2.6992e-17 1.96175e-17
