0.22158 0.103542 0.0483842 0.0226094 0.0105652 0.00493699 0.002307 0.00107804 0.000503757 0.0002354 0.00011 5.14019e-05 2.40196e-05 1.12241e-05 5.24491e-06 2.45089e-06 1.14528e-06 5.35176e-07 2.50082e-07 1.16861e-07 5.46079e-08 2.55177e-08 1.19242e-08 5.57204e-09 2.60376e-09 1.21671e-09 5.68556e-10 2.6568e-10 1.2415e-10 5.80138e-11 2.71093e-11 1.26679e-11 5.91957e-12 2.76615e-12 1.2926e-12 6.04017e-13 2.82251e-13 1.31893e-13 6.16322e-14 2.88001e-14 1.3458e-14 6.28878e-15 2.93868e-15 1.37322e-15 6.4169e-16 2.99855e-16 1.40119e-16 6.54762e-17 3.05964e-17 1.42974e-17 6.68101e-18 3.12197e-18 1.45886e-18 6.81712e-19 3.18557e-19 1.48858e-19 6.956e-20 3.25047e-20 1.51891e-20 7.09771e-21 3.31669e-21 1.54985e-21 7.24231e-22 3.38426e-22 1.58143e-22 7.38985e-23 3.4532e-23 1.61365e-23 7.5404e-24 3.52355e-24 1.64652e-24 7.69402e-25 3.59533e-25 1.68006e-25 7.85076e-26 3.66858e-26 1.71429e-26 8.0107e-27 3.74332e-27 1.74921e-27 8.1739e-28 3.81958e-28 1.78485e-28 8.34042e-29 3.89739e-29 1.82121e-29 8.51033e-30 3.97679e-30 1.85831e-30 8.68371e-31 4.05781e-31 1.89617e-31 8.86061e-32 4.14047e-32 1.9348e-32 9.04113e-33 4.22483e-33 1.97422e-33 9.22532e-34 4.31089e-34 2.01444e-34
0.103542 0.0621665 0.0354901 0.0195936 0.0105622 0.00559277 0.00292052 0.00150823 0.000771833 0.000392003 0.000197821 9.92817e-05 4.95905e-05 2.46672e-05 1.22249e-05 6.03878e-06 2.97431e-06 1.4611e-06 7.16044e-07 3.50155e-07 1.70893e-07 8.3253e-08 4.04905e-08 1.96625e-08 9.53465e-09 4.6174e-09 2.23334e-09 1.07898e-09 5.20723e-10 2.5105e-10 1.20922e-10 5.81917e-11 2.79803e-11 1.34431e-11 6.45388e-12 3.09623e-12 1.48441e-12 7.11204e-13 3.40542e-13 1.62965e-13 7.79434e-14 3.72592e-14 1.7802e-14 8.50149e-15 4.05807e-15 1.93621e-15 9.23421e-16 4.40221e-16 2.09783e-16 9.99326e-17 4.75868e-17 2.26524e-17 1.07794e-17 5.12785e-18 2.43859e-18 1.15934e-18 5.51009e-19 2.61807e-19 1.24362e-19 5.90577e-20 2.80385e-20 1.33084e-20 6.31528e-21 2.99611e-21 1.4211e-21 6.73904e-22 3.19505e-22 1.51449e-22 7.17743e-23 3.40084e-23 1.61109e-23 7.63089e-24 3.6137e-24 1.71101e-24 8.09985e-25 3.83381e-25 1.81432e-25 8.58475e-26 4.06139e-26 1.92113e-26 9.08605e-27 4.29666e-27 2.03154e-27 9.60421e-28 4.53982e-28 2.14565e-28 1.01397e-28 4.79111e-29 2.26357e-29 1.0693e-29 5.05076e-30 2.38541e-30 1.12647e-30 5.31899e-31 2.51126e-31 1.18552e-31 5.59606e-32 2.64126e-32 1.24651e-32 5.88221e-33 2.77551e-33
0.0483842 0.0354901 0.0234604 0.0145766 0.00868737 0.00502357 0.00283883 0.00157527 0.000861251 0.000465104 0.000248563 0.000131653 6.91892e-05 3.61141e-05 1.87363e-05 9.6681e-06 4.96465e-06 2.53822e-06 1.29252e-06 6.55788e-07 3.31619e-07 1.67179e-07 8.4041e-08 4.21366e-08 2.1075e-08 1.05168e-08 5.23698e-09 2.60263e-09 1.29102e-09 6.39276e-10 3.16028e-10 1.55986e-10 7.68784e-11 3.78369e-11 1.85974e-11 9.12936e-12 4.4762e-12 2.19222e-12 1.07247e-12 5.24127e-13 2.55893e-13 1.24815e-13 6.08252e-14 2.96157e-14 1.44078e-14 7.00369e-15 3.4019e-15 1.65118e-15 8.00865e-16 3.88174e-16 1.88021e-16 9.10144e-17 4.40298e-17 2.12876e-17 1.02862e-17 4.96759e-18 2.39774e-18 1.15673e-18 5.57759e-19 2.68812e-19 1.29493e-19 6.2351e-20 3.00088e-20 1.44367e-20 6.9423e-21 3.33706e-21 1.60344e-21 7.70146e-22 3.69771e-22 1.77474e-22 8.51493e-23 4.08393e-23 1.95808e-23 9.38513e-24 4.49688e-24 2.15401e-24 1.03146e-24 4.93774e-25 2.36308e-25 1.13059e-25 5.40772e-26 2.58586e-26 1.23618e-26 5.90811e-27 2.82296e-27 1.34851e-27 6.4402e-28 3.07498e-28 1.46787e-28 7.00538e-29 3.34258e-29 1.59455e-29 7.60504e-30 3.6264e-30 1.72887e-30 8.24063e-31 3.92713e-31 1.87114e-31 8.91369e-32 4.24549e-32 2.02171e-32
0.0226094 0.0195936 0.0145766 0.00995942 0.00643718 0.00399887 0.00241071 0.00141929 0.000819682 0.000465875 0.000261219 0.000144769 7.94218e-05 4.31842e-05 2.32952e-05 1.24776e-05 6.6408e-06 3.51398e-06 1.84966e-06 9.68932e-07 5.05326e-07 2.62469e-07 1.35814e-07 7.00307e-08 3.59927e-08 1.84424e-08 9.42281e-09 4.80156e-09 2.44057e-09 1.23758e-09 6.26155e-10 3.16135e-10 1.59293e-10 8.01113e-11 4.02169e-11 2.01549e-11 1.00842e-11 5.03764e-12 2.51286e-12 1.25168e-12 6.22624e-13 3.0931e-13 1.53469e-13 7.60554e-14 3.76477e-14 1.86152e-14 9.19469e-15 4.53692e-15 2.23645e-15 1.10139e-15 5.41914e-16 2.66399e-16 1.30848e-16 6.42155e-17 3.14896e-17 1.54298e-17 7.55489e-18 3.69642e-18 1.8073e-18 8.83046e-19 4.31171e-19 2.10396e-19 1.02602e-19 5.00049e-20 2.43564e-20 1.18568e-20 5.7687e-21 2.80514e-21 1.36334e-21 6.62263e-22 3.21544e-22 1.56041e-22 7.56888e-23 3.66964e-23 1.77836e-23 8.61443e-24 4.17105e-24 2.01875e-24 9.76659e-25 4.72313e-25 2.28321e-25 1.10331e-25 5.3295e-26 2.57346e-26 1.2422e-26 5.994e-27 2.8913e-27 1.39419e-27 6.72066e-28 3.23863e-28 1.56018e-28 7.51368e-29 3.61744e-29 1.74109e-29 8.37752e-30 4.02983e-30 1.93792e-30 9.31681e-31 4.47798e-31 2.15171e-31 1.03365e-31
0.0105652 0.0105622 0.00868737 0.00643718 0.00446079 0.00294789 0.00187955 0.00116506 0.000705814 0.000419517 0.00024535 0.000141507 8.06306e-05 4.54549e-05 2.53826e-05 1.40539e-05 7.72192e-06 4.2134e-06 2.28446e-06 1.23144e-06 6.60263e-07 3.52272e-07 1.8709e-07 9.89413e-08 5.21173e-08 2.73512e-08 1.43042e-08 7.45645e-09 3.87497e-09 2.00792e-09 1.03762e-09 5.34814e-10 2.74981e-10 1.41056e-10 7.21969e-11 3.68747e-11 1.87961e-11 9.5625e-12 4.85601e-12 2.46165e-12 1.24579e-12 6.29453e-13 3.1755e-13 1.59962e-13 8.04642e-14 4.04198e-14 2.02774e-14 1.01596e-14 5.08407e-15 2.54116e-15 1.2687e-15 6.32709e-16 3.15201e-16 1.56865e-16 7.79881e-17 3.87358e-17 1.92217e-17 9.52961e-18 4.72039e-18 2.3362e-18 1.15527e-18 5.7083e-19 2.81832e-19 1.39042e-19 6.85456e-20 3.37677e-20 1.66234e-20 8.17792e-21 4.02048e-21 1.9753e-21 9.69873e-22 4.75916e-22 2.33392e-22 1.1439e-22 5.60328e-23 2.74319e-23 1.34225e-23 6.5642e-24 3.20852e-24 1.5675e-24 7.65412e-25 3.73571e-25 1.82241e-25 8.88623e-26 4.33104e-26 2.10996e-26 1.02747e-26 5.00125e-27 2.43336e-27 1.18347e-27 5.75356e-28 2.79605e-28 1.35827e-28 6.59576e-29 3.20172e-29 1.55362e-29 7.53616e-30 3.65431e-30 1.77138e-30 8.58367e-31 4.15806e-31
0.00493699 0.00559277 0.00502357 0.00399887 0.00294789 0.00205844 0.00137984 0.000895697 0.000566434 0.000350505 0.000212925 0.000127309 7.50702e-05 4.37289e-05 2.51969e-05 1.43777e-05 8.13229e-06 4.56316e-06 2.54186e-06 1.40648e-06 7.73468e-07 4.2294e-07 2.3005e-07 1.24518e-07 6.70894e-08 3.59925e-08 1.9232e-08 1.02375e-08 5.43021e-09 2.87065e-09 1.51274e-09 7.94765e-10 4.16365e-10 2.17536e-10 1.13362e-10 5.89299e-11 3.05622e-11 1.58147e-11 8.16592e-12 4.20784e-12 2.16401e-12 1.11082e-12 5.69166e-13 2.91125e-13 1.4866e-13 7.57899e-14 3.85793e-14 1.96087e-14 9.95216e-15 5.04407e-15 2.55307e-15 1.29056e-15 6.51552e-16 3.28543e-16 1.65472e-16 8.32456e-17 4.18329e-17 2.09995e-17 1.05305e-17 5.27535e-18 2.64014e-18 1.32005e-18 6.59401e-19 3.29093e-19 1.641e-19 8.17574e-20 4.06992e-20 2.02439e-20 1.00614e-20 4.9968e-21 2.4797e-21 1.22967e-21 6.09357e-22 3.01753e-22 1.49327e-22 7.38474e-23 3.64966e-23 1.80258e-23 8.89751e-24 4.38915e-24 2.16389e-24 1.06621e-24 5.25049e-25 2.58416e-25 1.27117e-25 6.24967e-26 3.07104e-26 1.50832e-26 7.40432e-27 3.63299e-27 1.78171e-27 8.73383e-28 4.2793e-28 2.09578e-28 1.02595e-28 5.02017e-29 2.45542e-29 1.20047e-29 5.86677e-30 2.86597e-30 1.3995e-30
0.002307 0.00292052 0.00283883 0.00241071 0.00187955 0.00137984 0.000968127 0.00065547 0.000431112 0.000276787 0.000174103 0.000107596 6.54777e-05 3.93082e-05 2.33138e-05 1.36782e-05 7.94658e-06 4.57574e-06 2.6134e-06 1.48151e-06 8.34093e-07 4.66614e-07 2.59498e-07 1.43522e-07 7.8972e-08 4.32451e-08 2.35743e-08 1.27966e-08 6.91854e-09 3.72641e-09 1.99992e-09 1.0697e-09 5.70312e-10 3.03134e-10 1.60654e-10 8.49066e-11 4.47549e-11 2.3531e-11 1.2342e-11 6.45839e-12 3.37207e-12 1.75687e-12 9.13469e-13 4.74014e-13 2.45507e-13 1.26924e-13 6.55027e-14 3.37472e-14 1.73582e-14 8.91421e-15 4.57086e-15 2.34029e-15 1.19653e-15 6.10903e-16 3.11487e-16 1.58614e-16 8.06673e-17 4.09753e-17 2.07888e-17 1.05351e-17 5.33285e-18 2.69655e-18 1.36206e-18 6.87288e-19 3.46454e-19 1.74473e-19 8.77805e-20 4.41231e-20 2.21586e-20 1.11182e-20 5.57388e-21 2.792e-21 1.3974e-21 6.98838e-22 3.49217e-22 1.74375e-22 8.7006e-23 4.3381e-23 2.16143e-23 1.07617e-23 5.3546e-24 2.66246e-24 1.32299e-24 6.56984e-25 3.26048e-25 1.61713e-25 8.01578e-26 3.97094e-26 1.96604e-26 9.7285e-27 4.81127e-27 2.37815e-27 1.17487e-27 5.80111e-28 2.86294e-28 1.4122e-28 6.9625e-29 3.43103e-29 1.68997e-29 8.32014e-30 4.09434e-30
0.00107804 0.00150823 0.00157527 0.00141929 0.00116506 0.000895697 0.00065547 0.000461407 0.000314707 0.000209077 0.000135833 8.65641e-05 5.42454e-05 3.34916e-05 2.04063e-05 1.22866e-05 7.31879e-06 4.31725e-06 2.52408e-06 1.46366e-06 8.42366e-07 4.81421e-07 2.73358e-07 1.54281e-07 8.65841e-08 4.83356e-08 2.68496e-08 1.48449e-08 8.17153e-09 4.47939e-09 2.4458e-09 1.33045e-09 7.21162e-10 3.89583e-10 2.09783e-10 1.12618e-10 6.02796e-11 3.21749e-11 1.71277e-11 9.09422e-12 4.81683e-12 2.54524e-12 1.34187e-12 7.05896e-13 3.70559e-13 1.9413e-13 1.01503e-13 5.29723e-14 2.75948e-14 1.43496e-14 7.44931e-15 3.8608e-15 1.99778e-15 1.03216e-15 5.32474e-16 2.74297e-16 1.41102e-16 7.24858e-17 3.71876e-17 1.90539e-17 9.75054e-18 4.98362e-18 2.54418e-18 1.29733e-18 6.60798e-19 3.36211e-19 1.70881e-19 8.67616e-20 4.4007e-20 2.22992e-20 1.12886e-20 5.7093e-21 2.88489e-21 1.45642e-21 7.34626e-22 3.70233e-22 1.86433e-22 9.38028e-23 4.71588e-23 2.36904e-23 1.18919e-23 5.96492e-24 2.9898e-24 1.49751e-24 7.49534e-25 3.74901e-25 1.87391e-25 9.36043e-26 4.67264e-26 2.33106e-26 1.16219e-26 5.79075e-27 2.88359e-27 1.43508e-27 7.13792e-28 3.54831e-28 1.76291e-28 8.75392e-29 4.34453e-29 2.15504e-29 1.06843e-29
0.000503757 0.000771833 0.000861251 0.000819682 0.000705814 0.000566434 0.000431112 0.000314707 0.000222065 0.000152324 0.000102003 6.6904e-05 4.3094e-05 2.73167e-05 1.70704e-05 1.05316e-05 6.42263e-06 3.87574e-06 2.31639e-06 1.37222e-06 8.06288e-07 4.7019e-07 2.72273e-07 1.56637e-07 8.95623e-08 5.09173e-08 2.87916e-08 1.61981e-08 9.06949e-09 5.05519e-09 2.80563e-09 1.55081e-09 8.53909e-10 4.68455e-10 2.56096e-10 1.39537e-10 7.57857e-11 4.10356e-11 2.21547e-11 1.19276e-11 6.40437e-12 3.42987e-12 1.83232e-12 9.76536e-13 5.19251e-13 2.7549e-13 1.4585e-13 7.70567e-14 4.06304e-14 2.13824e-14 1.12319e-14 5.8894e-15 3.08269e-15 1.61086e-15 8.40375e-16 4.37724e-16 2.27645e-16 1.18214e-16 6.1298e-17 3.17405e-17 1.64129e-17 8.47571e-18 4.37124e-18 2.25157e-18 1.15833e-18 5.95193e-19 3.05476e-19 1.56604e-19 8.01947e-20 4.10222e-20 2.09621e-20 1.07004e-20 5.45672e-21 2.77994e-21 1.41488e-21 7.19448e-22 3.65493e-22 1.85511e-22 9.40761e-23 4.76667e-23 2.41316e-23 1.22068e-23 6.16973e-24 3.11593e-24 1.57244e-24 7.92927e-25 3.99548e-25 2.01182e-25 1.01228e-25 5.08988e-26 2.55751e-26 1.28421e-26 6.44415e-27 3.23159e-27 1.61953e-27 8.11134e-28 4.06003e-28 2.03098e-28 1.01537e-28 5.07331e-29 2.53344e-29
0.0002354 0.000392003 0.000465104 0.000465875 0.000419517 0.000350505 0.000276787 0.000209077 0.000152324 0.000107681 7.41965e-05 5.0006e-05 3.3057e-05 2.14825e-05 1.37496e-05 8.68065e-06 5.413e-06 3.33757e-06 2.0368e-06 1.23128e-06 7.37847e-07 4.38593e-07 2.58756e-07 1.51591e-07 8.8228e-08 5.10351e-08 2.9351e-08 1.67885e-08 9.5537e-09 5.41029e-09 3.0498e-09 1.71169e-09 9.56705e-10 5.32616e-10 2.95404e-10 1.63251e-10 8.99095e-11 4.93546e-11 2.70075e-11 1.47343e-11 8.01527e-12 4.34809e-12 2.35243e-12 1.26946e-12 6.83351e-13 3.6697e-13 1.96615e-13 1.05108e-13 5.6069e-14 2.98474e-14 1.58569e-14 8.40784e-15 4.44972e-15 2.35065e-15 1.23958e-15 6.52556e-16 3.42954e-16 1.7995e-16 9.42725e-17 4.93123e-17 2.57561e-17 1.34331e-17 6.99624e-18 3.6388e-18 1.89004e-18 9.80441e-19 5.07951e-19 2.62836e-19 1.3584e-19 7.01226e-20 3.61569e-20 1.86225e-20 9.58101e-21 4.92402e-21 2.52799e-21 1.29655e-21 6.64306e-22 3.40035e-22 1.73886e-22 8.88386e-23 4.53462e-23 2.31255e-23 1.17832e-23 5.99874e-24 3.05135e-24 1.55084e-24 7.87573e-25 3.99642e-25 2.02635e-25 1.02666e-25 5.19773e-26 2.62956e-26 1.32936e-26 6.71571e-27 3.39033e-27 1.7104e-27 8.62305e-28 4.34451e-28 2.18746e-28 1.10069e-28 5.535e-29
0.00011 0.000197821 0.000248563 0.000261219 0.00024535 0.000212925 0.000174103 0.000135833 0.000102003 7.41965e-05 5.25271e-05 3.63262e-05 2.46131e-05 1.63778e-05 1.07235e-05 6.92024e-06 4.40763e-06 2.77396e-06 1.72683e-06 1.06422e-06 6.49814e-07 3.9338e-07 2.36246e-07 1.40825e-07 8.33616e-08 4.90246e-08 2.86545e-08 1.66516e-08 9.62378e-09 5.53336e-09 3.16596e-09 1.80302e-09 1.02229e-09 5.77194e-10 3.24583e-10 1.8183e-10 1.01488e-10 5.64468e-11 3.12901e-11 1.72893e-11 9.52365e-12 5.23046e-12 2.86441e-12 1.56436e-12 8.52094e-13 4.62944e-13 2.50899e-13 1.35655e-13 7.31771e-14 3.93866e-14 2.11537e-14 1.13376e-14 6.0643e-15 3.23735e-15 1.72495e-15 9.17411e-16 4.87053e-16 2.58128e-16 1.36572e-16 7.21403e-17 3.80454e-17 2.00333e-17 1.05329e-17 5.52977e-18 2.89897e-18 1.51766e-18 7.93442e-19 4.14266e-19 2.16015e-19 1.12496e-19 5.85138e-20 3.03987e-20 1.5774e-20 8.17582e-21 4.23285e-21 2.18906e-21 1.13088e-21 5.83606e-22 3.00869e-22 1.54952e-22 7.97244e-23 4.09794e-23 2.10442e-23 1.07968e-23 5.53434e-24 2.83433e-24 1.4503e-24 7.41472e-25 3.78764e-25 1.93324e-25 9.85944e-26 5.02431e-26 2.55837e-26 1.30173e-26 6.61838e-27 3.36252e-27 1.70712e-27 8.66077e-28 4.39083e-28 2.22454e-28 1.12626e-28
5.14019e-05 9.92817e-05 0.000131653 0.000144769 0.000141507 0.000127309 0.000107596 8.65641e-05 6.6904e-05 5.0006e-05 3.63262e-05 2.57471e-05 1.78601e-05 1.21555e-05 8.13357e-06 5.35991e-06 3.48361e-06 2.2358e-06 1.41852e-06 8.90498e-07 5.53583e-07 3.41031e-07 2.08326e-07 1.26262e-07 7.59639e-08 4.53881e-08 2.69437e-08 1.5897e-08 9.32527e-09 5.44044e-09 3.15759e-09 1.82365e-09 1.04832e-09 5.99945e-10 3.41888e-10 1.94041e-10 1.09703e-10 6.17919e-11 3.46816e-11 1.93992e-11 1.08155e-11 6.01088e-12 3.33055e-12 1.84003e-12 1.01371e-12 5.56964e-13 3.05213e-13 1.66833e-13 9.09703e-14 4.94871e-14 2.68592e-14 1.45456e-14 7.86032e-15 4.23883e-15 2.28127e-15 1.22534e-15 6.56922e-16 3.51535e-16 1.87778e-16 1.0013e-16 5.33027e-17 2.8328e-17 1.50309e-17 7.96298e-18 4.21215e-18 2.22478e-18 1.17339e-18 6.1799e-19 3.2503e-19 1.70719e-19 8.95507e-20 4.69136e-20 2.45462e-20 1.28274e-20 6.69535e-21 3.49059e-21 1.81772e-21 9.45519e-22 4.91289e-22 2.54998e-22 1.32215e-22 6.84823e-23 3.54355e-23 1.83176e-23 9.45975e-24 4.88066e-24 2.51578e-24 1.2956e-24 6.66626e-25 3.42698e-25 1.76022e-25 9.03349e-26 4.63216e-26 2.37333e-26 1.21503e-26 6.21544e-27 3.17704e-27 1.62272e-27 8.28215e-28 4.224e-28 2.15274e-28
2.40196e-05 4.95905e-05 6.91892e-05 7.94218e-05 8.06306e-05 7.50702e-05 6.54777e-05 5.42454e-05 4.3094e-05 3.3057e-05 2.46131e-05 1.78601e-05 1.2671e-05 8.81214e-06 6.02036e-06 4.04775e-06 2.68232e-06 1.75419e-06 1.13343e-06 7.24246e-07 4.58057e-07 2.86958e-07 1.78186e-07 1.09733e-07 6.70574e-08 4.06821e-08 2.4513e-08 1.46757e-08 8.73292e-09 5.16684e-09 3.04034e-09 1.7798e-09 1.03677e-09 6.01116e-10 3.46969e-10 1.99419e-10 1.14148e-10 6.50839e-11 3.697e-11 2.09249e-11 1.18025e-11 6.63509e-12 3.71818e-12 2.0772e-12 1.15701e-12 6.42623e-13 3.55939e-13 1.96624e-13 1.08337e-13 5.95438e-14 3.26473e-14 1.78585e-14 9.74668e-15 5.30782e-15 2.88437e-15 1.56418e-15 8.46551e-16 4.57269e-16 2.46528e-16 1.32667e-16 7.12652e-17 3.82151e-17 2.04576e-17 1.09334e-17 5.83388e-18 3.10796e-18 1.65321e-18 8.78073e-19 4.65692e-19 2.46632e-19 1.30435e-19 6.88891e-20 3.63354e-20 1.91401e-20 1.00695e-20 5.29096e-21 2.77673e-21 1.45551e-21 7.62068e-22 3.98545e-22 2.08198e-22 1.08643e-22 5.66324e-23 2.94898e-23 1.53402e-23 7.97178e-24 4.13857e-24 2.14647e-24 1.11221e-24 5.75763e-25 2.97786e-25 1.53877e-25 7.94443e-26 4.09803e-26 2.11212e-26 1.08767e-26 5.59658e-27 2.87738e-27 1.47818e-27 7.58789e-28 3.89208e-28
1.12241e-05 2.46672e-05 3.61141e-05 4.31842e-05 4.54549e-05 4.37289e-05 3.93082e-05 3.34916e-05 2.73167e-05 2.14825e-05 1.63778e-05 1.21555e-05 8.81214e-06 6.25694e-06 4.36095e-06 2.98916e-06 2.01813e-06 1.3439e-06 8.83696e-07 5.74379e-07 3.69348e-07 2.35155e-07 1.48339e-07 9.2769e-08 5.75493e-08 3.54309e-08 2.16583e-08 1.31505e-08 7.93416e-09 4.75823e-09 2.83734e-09 1.68277e-09 9.92879e-10 5.82956e-10 3.40674e-10 1.98198e-10 1.14815e-10 6.62394e-11 3.80652e-11 2.17922e-11 1.24309e-11 7.06625e-12 4.00332e-12 2.26074e-12 1.2727e-12 7.14334e-13 3.99776e-13 2.23108e-13 1.24176e-13 6.89326e-14 3.81689e-14 2.10828e-14 1.16175e-14 6.38701e-15 3.50355e-15 1.91768e-15 1.04743e-15 5.70935e-16 3.10585e-16 1.68629e-16 9.1383e-17 4.94311e-17 2.66906e-17 1.43867e-17 7.7415e-18 4.15883e-18 2.23057e-18 1.19447e-18 6.38657e-19 3.40964e-19 1.81766e-19 9.67599e-20 5.14363e-20 2.73055e-20 1.44761e-20 7.66448e-21 4.05283e-21 2.14038e-21 1.12899e-21 5.94798e-22 3.12995e-22 1.64515e-22 8.63743e-23 4.52984e-23 2.37307e-23 1.24187e-23 6.49218e-24 3.39047e-24 1.76887e-24 9.21939e-25 4.80054e-25 2.49727e-25 1.29789e-25 6.73928e-26 3.49622e-26 1.81218e-26 9.38484e-27 4.85605e-27 2.51059e-27 1.29691e-27 6.69416e-28
5.24491e-06 1.22249e-05 1.87363e-05 2.32952e-05 2.53826e-05 2.51969e-05 2.33138e-05 2.04063e-05 1.70704e-05 1.37496e-05 1.07235e-05 8.13357e-06 6.02036e-06 4.36095e-06 3.09858e-06 2.16373e-06 1.48736e-06 1.00786e-06 6.74044e-07 4.45378e-07 2.91018e-07 1.88198e-07 1.20538e-07 7.65118e-08 4.81586e-08 3.00736e-08 1.86409e-08 1.14737e-08 7.0155e-09 4.26275e-09 2.57475e-09 1.54642e-09 9.23807e-10 5.49047e-10 3.24723e-10 1.91156e-10 1.12027e-10 6.53724e-11 3.79914e-11 2.1992e-11 1.26824e-11 7.28714e-12 4.17245e-12 2.38101e-12 1.35431e-12 7.67909e-13 4.34097e-13 2.44676e-13 1.3752e-13 7.70821e-14 4.30911e-14 2.40274e-14 1.33642e-14 7.41535e-15 4.1049e-15 2.26717e-15 1.24942e-15 6.87065e-16 3.77035e-16 2.06482e-16 1.12856e-16 6.15649e-17 3.35218e-17 1.82191e-17 9.88452e-18 5.3534e-18 2.89447e-18 1.56239e-18 8.42001e-19 4.53055e-19 2.434e-19 1.30569e-19 6.99392e-20 3.74092e-20 1.99814e-20 1.06581e-20 5.67737e-21 3.02026e-21 1.60466e-21 8.51483e-22 4.51265e-22 2.38871e-22 1.26293e-22 6.66947e-23 3.51811e-23 1.85371e-23 9.75663e-24 5.12969e-24 2.69417e-24 1.41354e-24 7.40889e-25 3.8794e-25 2.02932e-25 1.06052e-25 5.53705e-26 2.88825e-26 1.50521e-26 7.83732e-27 4.07715e-27 2.11919e-27 1.10056e-27
2.45089e-06 6.03878e-06 9.6681e-06 1.24776e-05 1.40539e-05 1.43777e-05 1.36782e-05 1.22866e-05 1.05316e-05 8.68065e-06 6.92024e-06 5.35991e-06 4.04775e-06 2.98916e-06 2.16373e-06 1.53831e-06 1.07597e-06 7.41491e-07 5.04077e-07 3.38412e-07 2.24576e-07 1.4744e-07 9.58346e-08 6.17125e-08 3.93936e-08 2.49409e-08 1.5669e-08 9.77254e-09 6.05315e-09 3.72498e-09 2.27813e-09 1.3851e-09 8.3744e-10 5.0363e-10 3.01342e-10 1.79431e-10 1.06344e-10 6.27473e-11 3.68656e-11 2.15709e-11 1.25719e-11 7.29946e-12 4.22275e-12 2.4343e-12 1.39856e-12 8.0088e-13 4.57175e-13 2.6018e-13 1.47633e-13 8.35317e-14 4.71324e-14 2.65232e-14 1.48868e-14 8.33464e-15 4.65489e-15 2.59359e-15 1.44176e-15 7.99668e-16 4.42569e-16 2.44417e-16 1.34706e-16 7.40919e-17 4.06728e-17 2.22848e-17 1.21873e-17 6.65303e-18 3.62546e-18 1.97223e-18 1.07108e-18 5.80726e-19 3.14357e-19 1.699e-19 9.16847e-20 4.94026e-20 2.65806e-20 1.4281e-20 7.66196e-21 4.10512e-21 2.19648e-21 1.1737e-21 6.26361e-22 3.33845e-22 1.77716e-22 9.44885e-23 5.01783e-23 2.66161e-23 1.41019e-23 7.46311e-24 3.94534e-24 2.08343e-24 1.09904e-24 5.79152e-25 3.04879e-25 1.60334e-25 8.42356e-26 4.42123e-26 2.31833e-26 1.21451e-26 6.35662e-27 3.32398e-27 1.73661e-27
1.14528e-06 2.97431e-06 4.96465e-06 6.6408e-06 7.72192e-06 8.13229e-06 7.94658e-06 7.31879e-06 6.42263e-06 5.413e-06 4.40763e-06 3.48361e-06 2.68232e-06 2.01813e-06 1.48736e-06 1.07597e-06 7.65361e-07 5.36113e-07 3.70279e-07 2.52448e-07 1.70062e-07 1.13296e-07 7.47002e-08 4.87788e-08 3.1565e-08 2.02529e-08 1.28912e-08 8.14367e-09 5.10795e-09 3.18228e-09 1.9699e-09 1.21201e-09 7.41388e-10 4.5101e-10 2.72919e-10 1.64321e-10 9.84592e-11 5.87235e-11 3.48692e-11 2.06169e-11 1.21403e-11 7.12078e-12 4.16083e-12 2.42241e-12 1.40536e-12 8.12556e-13 4.68267e-13 2.69003e-13 1.5406e-13 8.797e-14 5.00877e-14 2.84393e-14 1.6104e-14 9.0952e-15 5.12374e-15 2.87932e-15 1.61418e-15 9.02823e-16 5.03812e-16 2.80529e-16 1.55867e-16 8.64216e-17 4.78197e-17 2.64077e-17 1.45551e-17 8.00716e-18 4.39687e-18 2.41006e-18 1.31872e-18 7.20332e-19 3.92813e-19 2.1386e-19 1.16247e-19 6.30887e-20 3.41869e-20 1.84977e-20 9.99403e-21 5.3919e-21 2.90492e-21 1.56289e-21 8.39732e-22 4.50588e-22 2.41467e-22 1.29236e-22 6.90833e-23 3.68835e-23 1.96686e-23 1.04762e-23 5.57361e-24 2.96196e-24 1.57231e-24 8.33732e-25 4.41621e-25 2.33678e-25 1.2352e-25 6.52253e-26 3.44083e-26 1.81336e-26 9.54746e-27 5.02204e-27 2.63918e-27
5.35176e-07 1.4611e-06 2.53822e-06 3.51398e-06 4.2134e-06 4.56316e-06 4.57574e-06 4.31725e-06 3.87574e-06 3.33757e-06 2.77396e-06 2.2358e-06 1.75419e-06 1.3439e-06 1.00786e-06 7.41491e-07 5.36113e-07 3.81522e-07 2.6759e-07 1.85185e-07 1.26581e-07 8.55352e-08 5.71842e-08 3.78502e-08 2.48198e-08 1.61328e-08 1.03999e-08 6.65215e-09 4.22366e-09 2.66306e-09 1.66799e-09 1.03817e-09 6.42305e-10 3.9512e-10 2.41738e-10 1.47128e-10 8.91002e-11 5.37011e-11 3.22178e-11 1.9244e-11 1.1446e-11 6.78024e-12 4.00067e-12 2.35169e-12 1.37735e-12 8.03859e-13 4.67563e-13 2.71065e-13 1.56649e-13 9.02501e-14 5.1841e-14 2.96925e-14 1.69592e-14 9.66014e-15 5.48805e-15 3.10987e-15 1.75787e-15 9.91242e-16 5.57639e-16 3.12992e-16 1.75286e-16 9.7953e-17 5.46225e-17 3.03971e-17 1.68819e-17 9.35747e-18 5.17686e-18 2.85868e-18 1.5757e-18 8.66982e-19 4.76203e-19 2.61118e-19 1.42942e-19 7.8123e-20 4.26293e-20 2.32254e-20 1.26345e-20 6.86289e-21 3.7224e-21 2.01613e-21 1.09046e-21 5.88981e-22 3.17696e-22 1.7114e-22 9.20722e-23 4.94717e-23 2.65488e-23 1.423e-23 7.61805e-24 4.07355e-24 2.17572e-24 1.16075e-24 6.18578e-25 3.29287e-25 1.75101e-25 9.30131e-26 4.93571e-26 2.61646e-26 1.38561e-26 7.33064e-27 3.87455e-27
2.50082e-07 7.16044e-07 1.29252e-06 1.84966e-06 2.28446e-06 2.54186e-06 2.6134e-06 2.52408e-06 2.31639e-06 2.0368e-06 1.72683e-06 1.41852e-06 1.13343e-06 8.83696e-07 6.74044e-07 5.04077e-07 3.70279e-07 2.6759e-07 1.90505e-07 1.3377e-07 9.27409e-08 6.35397e-08 4.30559e-08 2.88767e-08 1.91811e-08 1.2626e-08 8.24049e-09 5.33513e-09 3.42793e-09 2.18669e-09 1.38539e-09 8.72034e-10 5.45514e-10 3.39246e-10 2.09786e-10 1.29033e-10 7.89558e-11 4.80754e-11 2.91342e-11 1.75755e-11 1.05563e-11 6.3138e-12 3.76105e-12 2.23167e-12 1.31922e-12 7.77006e-13 4.56044e-13 2.66756e-13 1.55524e-13 9.03852e-14 5.23674e-14 3.02503e-14 1.74237e-14 1.00077e-14 5.73247e-15 3.27492e-15 1.86613e-15 1.06071e-15 6.01448e-16 3.40228e-16 1.92017e-16 1.08128e-16 6.07552e-17 3.40647e-17 1.906e-17 1.06429e-17 5.93116e-18 3.29899e-18 1.83148e-18 1.0149e-18 5.61391e-19 3.09986e-19 1.70873e-19 9.40313e-20 5.16605e-20 2.83364e-20 1.55184e-20 8.48556e-21 4.63295e-21 2.52576e-21 1.37498e-21 7.47454e-22 4.05759e-22 2.19967e-22 1.19088e-22 6.43881e-23 3.47684e-23 1.87506e-23 1.00996e-23 5.43336e-24 2.91952e-24 1.56691e-24 8.39993e-25 4.49795e-25 2.40586e-25 1.28544e-25 6.86064e-26 3.65779e-26 1.94815e-26 1.03653e-26 5.50936e-27
1.16861e-07 3.50155e-07 6.55788e-07 9.68932e-07 1.23144e-06 1.40648e-06 1.48151e-06 1.46366e-06 1.37222e-06 1.23128e-06 1.06422e-06 8.90498e-07 7.24246e-07 5.74379e-07 4.45378e-07 3.38412e-07 2.52448e-07 1.85185e-07 1.3377e-07 9.52692e-08 6.69657e-08 4.65015e-08 3.19269e-08 2.16893e-08 1.4589e-08 9.72195e-09 6.42199e-09 4.20715e-09 2.73466e-09 1.76439e-09 1.13039e-09 7.1937e-10 4.54891e-10 2.85905e-10 1.78655e-10 1.11019e-10 6.86236e-11 4.22025e-11 2.58275e-11 1.57322e-11 9.53976e-12 5.75973e-12 3.463e-12 2.07374e-12 1.237e-12 7.35114e-13 4.35279e-13 2.56838e-13 1.51036e-13 8.85271e-14 5.1724e-14 3.01281e-14 1.74966e-14 1.01316e-14 5.85031e-15 3.36895e-15 1.93489e-15 1.1084e-15 6.33353e-16 3.61022e-16 2.053e-16 1.16476e-16 6.59332e-17 3.72405e-17 2.09891e-17 1.18049e-17 6.62589e-18 3.71158e-18 2.07505e-18 1.1579e-18 6.4492e-19 3.58551e-19 1.98987e-19 1.10241e-19 6.0971e-20 3.36652e-20 1.8558e-20 1.02138e-20 5.61264e-21 3.07951e-21 1.68712e-21 9.22933e-22 5.04162e-22 2.75015e-22 1.4981e-22 8.14959e-23 4.42743e-23 2.40215e-23 1.30164e-23 7.0442e-24 3.80747e-24 2.05548e-24 1.10834e-24 5.96927e-25 3.21121e-25 1.72554e-25 9.26184e-26 4.96586e-26 2.65964e-26 1.42296e-26 7.60518e-27
5.46079e-08 1.70893e-07 3.31619e-07 5.05326e-07 6.60263e-07 7.73468e-07 8.34093e-07 8.42366e-07 8.06288e-07 7.37847e-07 6.49814e-07 5.53583e-07 4.58057e-07 3.69348e-07 2.91018e-07 2.24576e-07 1.70062e-07 1.26581e-07 9.27409e-08 6.69657e-08 4.77076e-08 3.35656e-08 2.33423e-08 1.60571e-08 1.09336e-08 7.37392e-09 4.92851e-09 3.26614e-09 2.14713e-09 1.40077e-09 9.07257e-10 5.83585e-10 3.72932e-10 2.36832e-10 1.49506e-10 9.3842e-11 5.85818e-11 3.63792e-11 2.24782e-11 1.38221e-11 8.46004e-12 5.15503e-12 3.12768e-12 1.88979e-12 1.13728e-12 6.81782e-13 4.07196e-13 2.42323e-13 1.43705e-13 8.49339e-14 5.00345e-14 2.93819e-14 1.72011e-14 1.004e-14 5.84324e-15 3.39117e-15 1.96272e-15 1.13295e-15 6.52289e-16 3.74606e-16 2.14607e-16 1.22652e-16 6.99351e-17 3.97859e-17 2.25841e-17 1.2792e-17 7.23032e-18 4.07834e-18 2.29582e-18 1.28985e-18 7.23279e-19 4.04818e-19 2.26161e-19 1.26123e-19 7.0212e-20 3.90195e-20 2.16482e-20 1.19908e-20 6.63092e-21 3.66111e-21 2.01828e-21 1.11094e-21 6.10595e-22 3.35107e-22 1.8365e-22 1.00506e-22 5.49279e-23 2.99784e-23 1.63398e-23 8.89448e-24 4.83547e-24 2.6255e-24 1.4238e-24 7.71187e-25 4.17208e-25 2.25444e-25 1.21681e-25 6.56021e-26 3.53287e-26 1.90048e-26 1.02125e-26
2.55177e-08 8.3253e-08 1.67179e-07 2.62469e-07 3.52272e-07 4.2294e-07 4.66614e-07 4.81421e-07 4.7019e-07 4.38593e-07 3.9338e-07 3.41031e-07 2.86958e-07 2.35155e-07 1.88198e-07 1.4744e-07 1.13296e-07 8.55352e-08 6.35397e-08 4.65015e-08 3.35656e-08 2.39197e-08 1.68435e-08 1.1729e-08 8.08251e-09 5.51524e-09 3.72875e-09 2.49901e-09 1.66105e-09 1.09546e-09 7.17107e-10 4.66123e-10 3.00949e-10 1.93063e-10 1.23095e-10 7.80258e-11 4.9181e-11 3.08333e-11 1.9231e-11 1.19352e-11 7.37201e-12 4.53264e-12 2.77458e-12 1.69119e-12 1.02661e-12 6.20716e-13 3.73866e-13 2.24351e-13 1.34148e-13 7.99337e-14 4.74695e-14 2.80985e-14 1.65798e-14 9.75303e-15 5.72013e-15 3.34514e-15 1.95075e-15 1.13448e-15 6.58018e-16 3.80673e-16 2.1967e-16 1.26451e-16 7.26157e-17 4.16031e-17 2.37811e-17 1.35635e-17 7.71914e-18 4.38376e-18 2.48442e-18 1.40516e-18 7.93177e-19 4.46864e-19 2.51281e-19 1.4104e-19 7.90205e-20 4.41946e-20 2.46744e-20 1.37527e-20 7.65257e-21 4.25129e-21 2.35799e-21 1.30582e-21 7.22037e-22 3.98642e-22 2.19769e-22 1.20982e-22 6.65061e-23 3.65087e-23 2.00141e-23 1.09571e-23 5.99074e-24 3.27117e-24 1.78392e-24 9.71633e-25 5.28563e-25 2.87189e-25 1.55855e-25 8.44831e-26 4.57424e-26 2.47388e-26 1.33646e-26
1.19242e-08 4.04905e-08 8.4041e-08 1.35814e-07 1.8709e-07 2.3005e-07 2.59498e-07 2.73358e-07 2.72273e-07 2.58756e-07 2.36246e-07 2.08326e-07 1.78186e-07 1.48339e-07 1.20538e-07 9.58346e-08 7.47002e-08 5.71842e-08 4.30559e-08 3.19269e-08 2.33423e-08 1.68435e-08 1.20063e-08 8.46096e-09 5.899e-09 4.0716e-09 2.78376e-09 1.8863e-09 1.2674e-09 8.44752e-10 5.58773e-10 3.6694e-10 2.39308e-10 1.55046e-10 9.98242e-11 6.38849e-11 4.06501e-11 2.57233e-11 1.61918e-11 1.01403e-11 6.31955e-12 3.9199e-12 2.42045e-12 1.48805e-12 9.10978e-13 5.5543e-13 3.3732e-13 2.0408e-13 1.23016e-13 7.38878e-14 4.42266e-14 2.6384e-14 1.56887e-14 9.29954e-15 5.49551e-15 3.23789e-15 1.90222e-15 1.11439e-15 6.51069e-16 3.79367e-16 2.20478e-16 1.27813e-16 7.39116e-17 4.26392e-17 2.45408e-17 1.40921e-17 8.07409e-18 4.616e-18 2.63339e-18 1.49921e-18 8.51778e-19 4.8298e-19 2.7333e-19 1.54391e-19 8.70461e-20 4.89876e-20 2.75201e-20 1.54332e-20 8.64013e-21 4.829e-21 2.69453e-21 1.5011e-21 8.34932e-22 4.63683e-22 2.57118e-22 1.42364e-22 7.87101e-23 4.3455e-23 2.39573e-23 1.31897e-23 7.25178e-24 3.98175e-24 2.18341e-24 1.19574e-24 6.54021e-25 3.57278e-25 1.94934e-25 1.06231e-25 5.78226e-26 3.1437e-26 1.70721e-26
5.57204e-09 1.96625e-08 4.21366e-08 7.00307e-08 9.89413e-08 1.24518e-07 1.43522e-07 1.54281e-07 1.56637e-07 1.51591e-07 1.40825e-07 1.26262e-07 1.09733e-07 9.2769e-08 7.65118e-08 6.17125e-08 4.87788e-08 3.78502e-08 2.88767e-08 2.16893e-08 1.60571e-08 1.1729e-08 8.46096e-09 6.03255e-09 4.25423e-09 2.96939e-09 2.05257e-09 1.40588e-09 9.54632e-10 6.42917e-10 4.29621e-10 2.84967e-10 1.87687e-10 1.22786e-10 7.98113e-11 5.15592e-11 3.31122e-11 2.11454e-11 1.34303e-11 8.48581e-12 5.33488e-12 3.33781e-12 2.07864e-12 1.2887e-12 7.95515e-13 4.89025e-13 2.99406e-13 1.82598e-13 1.10941e-13 6.71586e-14 4.05109e-14 2.43529e-14 1.45909e-14 8.71381e-15 5.18766e-15 3.079e-15 1.82204e-15 1.07512e-15 6.32605e-16 3.71213e-16 2.17249e-16 1.26814e-16 7.38379e-17 4.28865e-17 2.48496e-17 1.43648e-17 8.28482e-18 4.76758e-18 2.73756e-18 1.56857e-18 8.96888e-19 5.11785e-19 2.91454e-19 1.65656e-19 9.39753e-20 5.3212e-20 3.00754e-20 1.69682e-20 9.55645e-21 5.37294e-21 3.01575e-21 1.6899e-21 9.45416e-22 5.28075e-22 2.94504e-22 1.63992e-22 9.11809e-23 5.06226e-23 2.80645e-23 1.55365e-23 8.58903e-24 4.74176e-24 2.61427e-24 1.43942e-24 7.91517e-25 4.34688e-25 2.38424e-25 1.30613e-25 7.14649e-26 3.90554e-26 2.13186e-26
2.60376e-09 9.53465e-09 2.1075e-08 3.59927e-08 5.21173e-08 6.70894e-08 7.8972e-08 8.65841e-08 8.95623e-08 8.8228e-08 8.33616e-08 7.59639e-08 6.70574e-08 5.75493e-08 4.81586e-08 3.93936e-08 3.1565e-08 2.48198e-08 1.91811e-08 1.4589e-08 1.09336e-08 8.08251e-09 5.899e-09 4.25423e-09 3.03387e-09 2.14092e-09 1.49588e-09 1.03543e-09 7.10396e-10 4.83314e-10 3.26208e-10 2.18506e-10 1.4531e-10 9.5969e-11 6.29661e-11 4.10532e-11 2.66053e-11 1.71426e-11 1.09843e-11 7.00093e-12 4.43926e-12 2.80105e-12 1.759e-12 1.09956e-12 6.84305e-13 4.24058e-13 2.61701e-13 1.60862e-13 9.84962e-14 6.00842e-14 3.65196e-14 2.21189e-14 1.33512e-14 8.03223e-15 4.81677e-15 2.87951e-15 1.71617e-15 1.01981e-15 6.04267e-16 3.57045e-16 2.10393e-16 1.23648e-16 7.24798e-17 4.2379e-17 2.47181e-17 1.43825e-17 8.34901e-18 4.83549e-18 2.79431e-18 1.61123e-18 9.27071e-19 5.32305e-19 3.05014e-19 1.74426e-19 9.95523e-20 5.671e-20 3.22444e-20 1.83e-20 1.03673e-20 5.8629e-21 3.30987e-21 1.8654e-21 1.04957e-21 5.89582e-22 3.3066e-22 1.85156e-22 1.03521e-22 5.77908e-23 3.22141e-23 1.79308e-23 9.96628e-24 5.53166e-24 3.06604e-24 1.69711e-24 9.38131e-25 5.17901e-25 2.85542e-25 1.57233e-25 8.64716e-26 4.74975e-26 2.60582e-26
1.21671e-09 4.6174e-09 1.05168e-08 1.84424e-08 2.73512e-08 3.59925e-08 4.32451e-08 4.83356e-08 5.09173e-08 5.10351e-08 4.90246e-08 4.53881e-08 4.06821e-08 3.54309e-08 3.00736e-08 2.49409e-08 2.02529e-08 1.61328e-08 1.2626e-08 9.72195e-09 7.37392e-09 5.51524e-09 4.0716e-09 2.96939e-09 2.14092e-09 1.52709e-09 1.07828e-09 7.5412e-10 5.2266e-10 3.59146e-10 2.44785e-10 1.65551e-10 1.1114e-10 7.40884e-11 4.90577e-11 3.22751e-11 2.11034e-11 1.37173e-11 8.86583e-12 5.69906e-12 3.64427e-12 2.3186e-12 1.46801e-12 9.25113e-13 5.80358e-13 3.62492e-13 2.25459e-13 1.39656e-13 8.61661e-14 5.29601e-14 3.24302e-14 1.97874e-14 1.20312e-14 7.29053e-15 4.40331e-15 2.651e-15 1.59107e-15 9.52041e-16 5.67994e-16 3.37899e-16 2.00455e-16 1.18595e-16 6.99785e-17 4.11851e-17 2.4178e-17 1.4159e-17 8.27177e-18 4.82111e-18 2.8035e-18 1.6266e-18 9.41695e-19 5.44014e-19 3.13617e-19 1.80427e-19 1.03593e-19 5.93619e-20 3.39509e-20 1.9381e-20 1.10433e-20 6.28117e-21 3.56624e-21 2.02128e-21 1.14368e-21 6.46034e-22 3.6433e-22 2.05134e-22 1.15317e-22 6.47258e-23 3.62744e-23 2.0299e-23 1.13426e-23 6.32883e-24 3.5263e-24 1.96206e-24 1.09021e-24 6.04954e-25 3.35244e-25 1.85539e-25 1.02555e-25 5.66144e-26 3.12149e-26
5.68556e-10 2.23334e-09 5.23698e-09 9.42281e-09 1.43042e-08 1.9232e-08 2.35743e-08 2.68496e-08 2.87916e-08 2.9351e-08 2.86545e-08 2.69437e-08 2.4513e-08 2.16583e-08 1.86409e-08 1.5669e-08 1.28912e-08 1.03999e-08 8.24049e-09 6.42199e-09 4.92851e-09 3.72875e-09 2.78376e-09 2.05257e-09 1.49588e-09 1.07828e-09 7.69266e-10 5.43479e-10 3.80433e-10 2.63979e-10 1.81656e-10 1.24021e-10 8.40358e-11 5.65342e-11 3.77724e-11 2.50717e-11 1.6537e-11 1.0842e-11 7.06719e-12 4.58106e-12 2.95365e-12 1.89458e-12 1.20923e-12 7.68113e-13 4.85661e-13 3.05705e-13 1.91601e-13 1.19585e-13 7.43369e-14 4.60289e-14 2.83929e-14 1.74498e-14 1.06862e-14 6.52155e-15 3.96659e-15 2.40471e-15 1.45321e-15 8.75487e-16 5.25853e-16 3.14925e-16 1.88066e-16 1.11996e-16 6.65152e-17 3.93994e-17 2.32776e-17 1.37181e-17 8.06459e-18 4.72964e-18 2.76729e-18 1.61543e-18 9.40908e-19 5.46834e-19 3.17127e-19 1.83527e-19 1.05993e-19 6.10916e-20 3.51424e-20 2.01765e-20 1.15622e-20 6.61348e-21 3.77602e-21 2.15212e-21 1.22445e-21 6.9546e-22 3.94345e-22 2.23236e-22 1.26169e-22 7.11953e-23 4.01119e-23 2.25648e-23 1.26747e-23 7.10889e-24 3.98141e-24 2.22665e-24 1.24354e-24 6.93536e-25 3.86269e-25 2.14849e-25 1.19345e-25 6.62094e-26 3.66845e-26
2.6568e-10 1.07898e-09 2.60263e-09 4.80156e-09 7.45645e-09 1.02375e-08 1.27966e-08 1.48449e-08 1.61981e-08 1.67885e-08 1.66516e-08 1.5897e-08 1.46757e-08 1.31505e-08 1.14737e-08 9.77254e-09 8.14367e-09 6.65215e-09 5.33513e-09 4.20715e-09 3.26614e-09 2.49901e-09 1.8863e-09 1.40588e-09 1.03543e-09 7.5412e-10 5.43479e-10 3.87796e-10 2.74116e-10 1.92038e-10 1.334e-10 9.19229e-11 6.28566e-11 4.26671e-11 2.87602e-11 1.92565e-11 1.28108e-11 8.4703e-12 5.56742e-12 3.63867e-12 2.36515e-12 1.52928e-12 9.83823e-13 6.29829e-13 4.01309e-13 2.5454e-13 1.60738e-13 1.01072e-13 6.32923e-14 3.94763e-14 2.45267e-14 1.51814e-14 9.3627e-15 5.75379e-15 3.52383e-15 2.15093e-15 1.30866e-15 7.93695e-16 4.79896e-16 2.89294e-16 1.73887e-16 1.04222e-16 6.22944e-17 3.71335e-17 2.20769e-17 1.30916e-17 7.74386e-18 4.56937e-18 2.68977e-18 1.57964e-18 9.25559e-19 5.41102e-19 3.15648e-19 1.83737e-19 1.06728e-19 6.18687e-20 3.57923e-20 2.06658e-20 1.1909e-20 6.84984e-21 3.93259e-21 2.25366e-21 1.28921e-21 7.36207e-22 4.19692e-22 2.38853e-22 1.35711e-22 7.69825e-23 4.35992e-23 2.46539e-23 1.39195e-23 7.8471e-24 4.41722e-24 2.48288e-24 1.3936e-24 7.81108e-25 4.37201e-25 2.44376e-25 1.36413e-25 7.60463e-26 4.23387e-26
1.2415e-10 5.20723e-10 1.29102e-09 2.44057e-09 3.87497e-09 5.43021e-09 6.91854e-09 8.17153e-09 9.06949e-09 9.5537e-09 9.62378e-09 9.32527e-09 8.73292e-09 7.93416e-09 7.0155e-09 6.05315e-09 5.10795e-09 4.22366e-09 3.42793e-09 2.73466e-09 2.14713e-09 1.66105e-09 1.2674e-09 9.54632e-10 7.10396e-10 5.2266e-10 3.80433e-10 2.74116e-10 1.95625e-10 1.38345e-10 9.69953e-11 6.74477e-11 4.65353e-11 3.18677e-11 2.16679e-11 1.46324e-11 9.81682e-12 6.54485e-12 4.33722e-12 2.85765e-12 1.87234e-12 1.22021e-12 7.91107e-13 5.10355e-13 3.27657e-13 2.09386e-13 1.33206e-13 8.43751e-14 5.32201e-14 3.34323e-14 2.09191e-14 1.30393e-14 8.0975e-15 5.01049e-15 3.08949e-15 1.89851e-15 1.16279e-15 7.09886e-16 4.32029e-16 2.62127e-16 1.58569e-16 9.56452e-17 5.75283e-17 3.45066e-17 2.06421e-17 1.23159e-17 7.32934e-18 4.35087e-18 2.57647e-18 1.52207e-18 8.97077e-19 5.27511e-19 3.09501e-19 1.81194e-19 1.05851e-19 6.17069e-20 3.5899e-20 2.08428e-20 1.20774e-20 6.98481e-21 4.03192e-21 2.32308e-21 1.33605e-21 7.67024e-22 4.39574e-22 2.51483e-22 1.43632e-22 8.18986e-23 4.66223e-23 2.64982e-23 1.50368e-23 8.51976e-24 4.81992e-24 2.72273e-24 1.53579e-24 8.6504e-25 4.86546e-25 2.7328e-25 1.53283e-25 8.58612e-26 4.80311e-26
5.80138e-11 2.5105e-10 6.39276e-10 1.23758e-09 2.00792e-09 2.87065e-09 3.72641e-09 4.47939e-09 5.05519e-09 5.41029e-09 5.53336e-09 5.44044e-09 5.16684e-09 4.75823e-09 4.26275e-09 3.72498e-09 3.18228e-09 2.66306e-09 2.18669e-09 1.76439e-09 1.40077e-09 1.09546e-09 8.44752e-10 6.42917e-10 4.83314e-10 3.59146e-10 2.63979e-10 1.92038e-10 1.38345e-10 9.87458e-11 6.98639e-11 4.90175e-11 3.41182e-11 2.35676e-11 1.61616e-11 1.10061e-11 7.44534e-12 5.00448e-12 3.34324e-12 2.22031e-12 1.46621e-12 9.62948e-13 6.29105e-13 4.08919e-13 2.64498e-13 1.70274e-13 1.09116e-13 6.96148e-14 4.42235e-14 2.79769e-14 1.76278e-14 1.10637e-14 6.91762e-15 4.30938e-15 2.67498e-15 1.65469e-15 1.02011e-15 6.26828e-16 3.83938e-16 2.34434e-16 1.42712e-16 8.662e-17 5.24231e-17 3.16378e-17 1.90413e-17 1.14294e-17 6.84254e-18 4.08602e-18 2.43388e-18 1.44623e-18 8.57319e-19 5.0703e-19 2.99181e-19 1.76142e-19 1.03477e-19 6.06593e-20 3.54845e-20 2.07152e-20 1.20689e-20 7.01758e-21 4.07257e-21 2.359e-21 1.36389e-21 7.87116e-22 4.53442e-22 2.6076e-22 1.49697e-22 8.57927e-23 4.90869e-23 2.80396e-23 1.59912e-23 9.10559e-24 5.1768e-24 2.93869e-24 1.6657e-24 9.4276e-25 5.32816e-25 3.00701e-25 1.69467e-25 9.53756e-26 5.36044e-26
2.71093e-11 1.20922e-10 3.16028e-10 6.26155e-10 1.03762e-09 1.51274e-09 1.99992e-09 2.4458e-09 2.80563e-09 3.0498e-09 3.16596e-09 3.15759e-09 3.04034e-09 2.83734e-09 2.57475e-09 2.27813e-09 1.9699e-09 1.66799e-09 1.38539e-09 1.13039e-09 9.07257e-10 7.17107e-10 5.58773e-10 4.29621e-10 3.26208e-10 2.44785e-10 1.81656e-10 1.334e-10 9.69953e-11 6.98639e-11 4.98732e-11 3.53007e-11 2.47842e-11 1.72664e-11 1.19403e-11 8.1988e-12 5.59164e-12 3.7888e-12 2.55123e-12 1.70761e-12 1.13637e-12 7.52027e-13 4.95015e-13 3.24158e-13 2.11216e-13 1.36963e-13 8.84e-14 5.67992e-14 3.63358e-14 2.31468e-14 1.46847e-14 9.2792e-15 5.84091e-15 3.66287e-15 2.28866e-15 1.42496e-15 8.84162e-16 5.4677e-16 3.37025e-16 2.07081e-16 1.26846e-16 7.74645e-17 4.71686e-17 2.8639e-17 1.734e-17 1.04702e-17 6.30523e-18 3.7872e-18 2.26897e-18 1.356e-18 8.0842e-19 4.80818e-19 2.85308e-19 1.68911e-19 9.97779e-20 5.88116e-20 3.45911e-20 2.03028e-20 1.18921e-20 6.95162e-21 4.05563e-21 2.36152e-21 1.37246e-21 7.96165e-22 4.61012e-22 2.66468e-22 1.53749e-22 8.85588e-23 5.09231e-23 2.92331e-23 1.67542e-23 9.58682e-24 5.47696e-24 3.12414e-24 1.77934e-24 1.01189e-24 5.74606e-25 3.25818e-25 1.84484e-25 1.04312e-25 5.88987e-26
1.26679e-11 5.81917e-11 1.55986e-10 3.16135e-10 5.34814e-10 7.94765e-10 1.0697e-09 1.33045e-09 1.55081e-09 1.71169e-09 1.80302e-09 1.82365e-09 1.7798e-09 1.68277e-09 1.54642e-09 1.3851e-09 1.21201e-09 1.03817e-09 8.72034e-10 7.1937e-10 5.83585e-10 4.66123e-10 3.6694e-10 2.84967e-10 2.18506e-10 1.65551e-10 1.24021e-10 9.19229e-11 6.74477e-11 4.90175e-11 3.53007e-11 2.52031e-11 1.7846e-11 1.25374e-11 8.74184e-12 6.0516e-12 4.16044e-12 2.84141e-12 1.92827e-12 1.30061e-12 8.72116e-13 5.8149e-13 3.85604e-13 2.54363e-13 1.6694e-13 1.09027e-13 7.08676e-14 4.58529e-14 2.95362e-14 1.8944e-14 1.20998e-14 7.69701e-15 4.87709e-15 3.07852e-15 1.93604e-15 1.21317e-15 7.57537e-16 4.71419e-16 2.92394e-16 1.8077e-16 1.11408e-16 6.84499e-17 4.19305e-17 2.56106e-17 1.55981e-17 9.47363e-18 5.73828e-18 3.46654e-18 2.08874e-18 1.25537e-18 7.52635e-19 4.50137e-19 2.68581e-19 1.59882e-19 9.49594e-20 5.62743e-20 3.32765e-20 1.96353e-20 1.15619e-20 6.79414e-21 3.98442e-21 2.33207e-21 1.36231e-21 7.94312e-22 4.62271e-22 2.68541e-22 1.5572e-22 9.01397e-23 5.20879e-23 3.00483e-23 1.73053e-23 9.95008e-24 5.71182e-24 3.27368e-24 1.87336e-24 1.07039e-24 6.10671e-25 3.47881e-25 1.97889e-25 1.12406e-25 6.37599e-26
5.91957e-12 2.79803e-11 7.68784e-11 1.59293e-10 2.74981e-10 4.16365e-10 5.70312e-10 7.21162e-10 8.53909e-10 9.56705e-10 1.02229e-09 1.04832e-09 1.03677e-09 9.92879e-10 9.23807e-10 8.3744e-10 7.41388e-10 6.42305e-10 5.45514e-10 4.54891e-10 3.72932e-10 3.00949e-10 2.39308e-10 1.87687e-10 1.4531e-10 1.1114e-10 8.40358e-11 6.28566e-11 4.65353e-11 3.41182e-11 2.47842e-11 1.7846e-11 1.27428e-11 9.02635e-12 6.34506e-12 4.42771e-12 3.06814e-12 2.11178e-12 1.44416e-12 9.81484e-13 6.63065e-13 4.45379e-13 2.97504e-13 1.97666e-13 1.30655e-13 8.59319e-14 5.62452e-14 3.66427e-14 2.37644e-14 1.53448e-14 9.86628e-15 6.31765e-15 4.02923e-15 2.55977e-15 1.6201e-15 1.02163e-15 6.41938e-16 4.01963e-16 2.50849e-16 1.56031e-16 9.67426e-17 5.97953e-17 3.68463e-17 2.26376e-17 1.38678e-17 8.47142e-18 5.16065e-18 3.13531e-18 1.89981e-18 1.14821e-18 6.92205e-19 4.16274e-19 2.49732e-19 1.49467e-19 8.92508e-20 5.31736e-20 3.16094e-20 1.87497e-20 1.10981e-20 6.55534e-21 3.86415e-21 2.27322e-21 1.33467e-21 7.82115e-22 4.57449e-22 2.6706e-22 1.55625e-22 9.05263e-23 5.25659e-23 3.04708e-23 1.76329e-23 1.01869e-23 5.87549e-24 3.38336e-24 1.94519e-24 1.11661e-24 6.39988e-25 3.66259e-25 2.09296e-25 1.19426e-25 6.80474e-26
