0.586053 0.0665606 0.0344902 0.0192265 0.0111196 0.00651333 0.00381017 0.00221016 0.00126754 0.000718262 0.000402346 0.000223023 0.000122472 6.67045e-05 3.60716e-05 1.93853e-05 1.03616e-05 5.51224e-06 2.92033e-06 1.54154e-06 8.11115e-07 4.25568e-07 2.22714e-07 1.16287e-07 6.05917e-08 3.15106e-08 1.63554e-08 8.46873e-09 4.36462e-09 2.21896e-09 1.14592e-09
0.0665606 0.0121352 0.00630707 0.00330722 0.00171701 0.000879273 0.00044477 0.000222835 0.00011087 5.49003e-05 2.71016e-05 1.33539e-05 6.57359e-06 3.23475e-06 1.59185e-06 7.83621e-07 3.85944e-07 1.90194e-07 9.37883e-08 4.62789e-08 2.28507e-08 1.12898e-08 5.58128e-09 2.76068e-09 1.36611e-09 6.76083e-10 3.34267e-10 1.64489e-10 7.95003e-11 3.59293e-11 1.78358e-11
0.0344902 0.00630707 0.00301057 0.0014836 0.000737994 0.000367005 0.000181894 8.9816e-05 4.4217e-05 2.17238e-05 1.06604e-05 5.22882e-06 2.56481e-06 1.25859e-06 6.17999e-07 3.0369e-07 1.49362e-07 7.3524e-08 3.62237e-08 1.78615e-08 8.81433e-09 4.35294e-09 2.15115e-09 1.06366e-09 5.26083e-10 2.60038e-10 1.28066e-10 6.21926e-11 2.87133e-11 1.41225e-11 7.01304e-12
0.0192265 0.00330722 0.0014836 0.000694104 0.000331869 0.000160295 7.77656e-05 3.77988e-05 1.83907e-05 8.95498e-06 4.36433e-06 2.12924e-06 1.04002e-06 5.08638e-07 2.4908e-07 1.22131e-07 5.99597e-08 2.94719e-08 1.45025e-08 7.14385e-09 3.52239e-09 1.73828e-09 8.5847e-10 4.24167e-10 2.09522e-10 1.03214e-10 5.02954e-11 2.3588e-11 1.16366e-11 5.72367e-12 2.84273e-12
0.0111196 0.00171701 0.000737994 0.000331869 0.000153556 7.22837e-05 3.43814e-05 1.6461e-05 7.9167e-06 3.8205e-06 1.84898e-06 8.97091e-07 4.3625e-07 2.12595e-07 1.03805e-07 5.07772e-08 2.48793e-08 1.22086e-08 5.99923e-09 2.95167e-09 1.45388e-09 7.16821e-10 3.53675e-10 1.74515e-10 8.59494e-11 4.19846e-11 1.99312e-11 9.8326e-12 4.8509e-12 2.38586e-12 1.18491e-12
0.00651333 0.000879273 0.000367005 0.000160295 7.22837e-05 3.33098e-05 1.55764e-05 7.35825e-06 3.50178e-06 1.67595e-06 8.05771e-07 3.88889e-07 1.8831e-07 9.1449e-08 4.45245e-08 2.17275e-08 1.06245e-08 5.20469e-09 2.55381e-09 1.2549e-09 6.17415e-10 3.04073e-10 1.4982e-10 7.37349e-11 3.60733e-11 1.72832e-11 8.52028e-12 4.20319e-12 2.07344e-12 1.01964e-12 5.06292e-13
0.00381017 0.00044477 0.000181894 7.77656e-05 3.43814e-05 1.55764e-05 7.18216e-06 3.35448e-06 1.5819e-06 7.51582e-07 3.59232e-07 1.72552e-07 8.32293e-08 4.02889e-08 1.95632e-08 9.52509e-09 4.64868e-09 2.27352e-09 1.11395e-09 5.46673e-10 2.68634e-10 1.32115e-10 6.49456e-11 3.17947e-11 1.5334e-11 7.55245e-12 3.72286e-12 1.83626e-12 9.05638e-13 4.45259e-13 2.21015e-13
0.00221016 0.000222835 8.9816e-05 3.77988e-05 1.6461e-05 7.35825e-06 3.35448e-06 1.55208e-06 7.26335e-07 3.42947e-07 1.63087e-07 7.80112e-08 3.74989e-08 1.81e-08 8.76761e-09 4.26004e-09 2.0754e-09 1.01343e-09 4.9586e-10 2.43028e-10 1.19256e-10 5.85303e-11 2.86508e-11 1.38783e-11 6.82802e-12 3.3624e-12 1.65708e-12 8.1712e-13 4.02882e-13 1.98022e-13 9.82511e-14
0.00126754 0.00011087 4.4217e-05 1.83907e-05 7.9167e-06 3.50178e-06 1.5819e-06 7.26335e-07 3.37755e-07 1.58643e-07 7.51176e-08 3.58037e-08 1.7159e-08 8.26153e-09 3.99328e-09 1.93668e-09 9.41978e-10 4.59311e-10 2.24435e-10 1.09846e-10 5.38026e-11 2.63149e-11 1.27792e-11 6.27907e-12 3.08845e-12 1.52045e-12 7.49082e-13 3.69253e-13 1.81996e-13 8.94244e-14 4.43476e-14
0.000718262 5.49003e-05 2.17238e-05 8.95498e-06 3.8205e-06 1.67595e-06 7.51582e-07 3.42947e-07 1.58643e-07 7.41904e-08 3.50019e-08 1.66325e-08 7.95075e-09 3.81966e-09 1.84278e-09 8.92242e-10 4.33339e-10 2.11011e-10 1.02966e-10 5.03093e-11 2.45705e-11 1.19446e-11 5.85985e-12 2.87827e-12 1.41522e-12 6.96463e-13 3.42998e-13 1.69012e-13 8.32683e-14 4.09001e-14 2.02728e-14
0.000402346 2.71016e-05 1.06604e-05 4.36433e-06 1.84898e-06 8.05771e-07 3.59232e-07 1.63087e-07 7.51176e-08 3.50019e-08 1.6463e-08 7.8028e-09 3.72171e-09 1.78456e-09 8.59518e-10 4.15548e-10 2.01546e-10 9.80094e-11 4.77494e-11 2.32728e-11 1.13119e-11 5.53927e-12 2.71638e-12 1.33369e-12 6.55495e-13 3.2245e-13 1.58736e-13 7.81832e-14 3.85029e-14 1.89053e-14 9.36569e-15
0.000223023 1.33539e-05 5.22882e-06 2.12924e-06 8.97091e-07 3.88889e-07 1.72552e-07 7.80112e-08 3.58037e-08 1.66325e-08 7.8028e-09 3.69004e-09 1.75668e-09 8.4092e-10 4.04421e-10 1.95259e-10 9.45777e-11 4.59229e-11 2.23245e-11 1.08385e-11 5.29599e-12 2.59213e-12 1.27055e-12 6.2353e-13 3.06319e-13 1.50617e-13 7.41125e-14 3.6487e-14 1.7961e-14 8.81587e-15 4.36503e-15
0.000122472 6.57359e-06 2.56481e-06 1.04002e-06 4.3625e-07 1.8831e-07 8.32293e-08 3.74989e-08 1.7159e-08 7.95075e-09 3.72171e-09 1.75668e-09 8.34885e-10 3.99065e-10 1.91662e-10 9.24149e-11 4.46985e-11 2.16606e-11 1.04951e-11 5.11536e-12 2.49819e-12 1.22212e-12 5.98727e-13 2.93686e-13 1.44209e-13 7.08745e-14 3.48586e-14 1.71538e-14 8.44045e-15 4.14138e-15 2.04945e-15
6.67045e-05 3.23475e-06 1.25859e-06 5.08638e-07 2.12595e-07 9.1449e-08 4.02889e-08 1.81e-08 8.26153e-09 3.81966e-09 1.78456e-09 8.4092e-10 3.99065e-10 1.90491e-10 9.13689e-11 4.39939e-11 2.12389e-11 1.02621e-11 4.98736e-12 2.42949e-12 1.18584e-12 5.79801e-13 2.83903e-13 1.39189e-13 6.83132e-14 3.3558e-14 1.64974e-14 8.11471e-15 3.99109e-15 1.95758e-15 9.68248e-16
3.60716e-05 1.59185e-06 6.17999e-07 2.4908e-07 1.03805e-07 4.45245e-08 1.95632e-08 8.76761e-09 3.99328e-09 1.84278e-09 8.59518e-10 4.04421e-10 1.91662e-10 9.13689e-11 4.37638e-11 2.1034e-11 1.0127e-11 4.90536e-12 2.38258e-12 1.15995e-12 5.65857e-13 2.76519e-13 1.35328e-13 6.63137e-14 3.25305e-14 1.59727e-14 7.84873e-15 3.8589e-15 1.89715e-15 9.30211e-16 4.59865e-16
1.93853e-05 7.83621e-07 3.0369e-07 1.22131e-07 5.07772e-08 2.17275e-08 9.52509e-09 4.26004e-09 1.93668e-09 8.92242e-10 4.15548e-10 1.95259e-10 9.24149e-11 4.39939e-11 2.1034e-11 1.00827e-11 4.86531e-12 2.35526e-12 1.14329e-12 5.56286e-13 2.71219e-13 1.32465e-13 6.47943e-14 3.17347e-14 1.55601e-14 7.63654e-15 3.7508e-15 1.84332e-15 9.05861e-16 4.44017e-16 2.19401e-16
1.03616e-05 3.85944e-07 1.49362e-07 5.99597e-08 2.48793e-08 1.06245e-08 4.64868e-09 2.0754e-09 9.41978e-10 4.33339e-10 2.01546e-10 9.45777e-11 4.46985e-11 2.12389e-11 1.0127e-11 4.86531e-12 2.34629e-12 1.13513e-12 5.50691e-13 2.67793e-13 1.3049e-13 6.36981e-14 3.11414e-14 1.52448e-14 7.47123e-15 3.66506e-15 1.79936e-15 8.83921e-16 4.34213e-16 2.12766e-16 1.05085e-16
5.51224e-06 1.90194e-07 7.3524e-08 2.94719e-08 1.22086e-08 5.20469e-09 2.27352e-09 1.01343e-09 4.59311e-10 2.11011e-10 9.80094e-11 4.59229e-11 2.16606e-11 1.02621e-11 4.90536e-12 2.35526e-12 1.13513e-12 5.4885e-13 2.66111e-13 1.29333e-13 6.29869e-14 3.07305e-14 1.50163e-14 7.34744e-15 3.59921e-15 1.76483e-15 8.66079e-16 4.25281e-16 2.08834e-16 1.02298e-16 5.05024e-17
2.92033e-06 9.37883e-08 3.62237e-08 1.45025e-08 5.99923e-09 2.55381e-09 1.11395e-09 4.9586e-10 2.24435e-10 1.02966e-10 4.77494e-11 2.23245e-11 1.04951e-11 4.98736e-12 2.38258e-12 1.14329e-12 5.50691e-13 2.66111e-13 1.28951e-13 6.2637e-14 3.04889e-14 1.48676e-14 7.26141e-15 3.55133e-15 1.73887e-15 8.52273e-16 4.18075e-16 2.05212e-16 1.00732e-16 4.93299e-17 2.43427e-17
1.54154e-06 4.62789e-08 1.78615e-08 7.14385e-09 2.95167e-09 1.2549e-09 5.46673e-10 2.43028e-10 1.09846e-10 5.03093e-11 2.32728e-11 1.08385e-11 5.11536e-12 2.42949e-12 1.15995e-12 5.56286e-13 2.67793e-13 1.29333e-13 6.2637e-14 3.04092e-14 1.47943e-14 7.2107e-15 3.52008e-15 1.72078e-15 8.422e-16 4.12617e-16 2.02326e-16 9.92744e-17 4.87137e-17 2.3849e-17 1.17639e-17
8.11115e-07 2.28507e-08 8.81433e-09 3.52239e-09 1.45388e-09 6.17415e-10 2.68634e-10 1.19256e-10 5.38026e-11 2.45705e-11 1.13119e-11 5.29599e-12 2.49819e-12 1.18584e-12 5.65857e-13 2.71219e-13 1.3049e-13 6.29869e-14 3.04889e-14 1.47943e-14 7.19395e-15 3.50465e-15 1.7101e-15 8.35614e-16 4.08804e-16 2.00205e-16 9.81328e-17 4.8133e-17 2.36108e-17 1.15562e-17 5.69801e-18
4.25568e-07 1.12898e-08 4.35294e-09 1.73828e-09 7.16821e-10 3.04073e-10 1.32115e-10 5.85303e-11 2.63149e-11 1.19446e-11 5.53927e-12 2.59213e-12 1.22212e-12 5.79801e-13 2.76519e-13 1.32465e-13 6.36981e-14 3.07305e-14 1.48676e-14 7.2107e-15 3.50465e-15 1.70657e-15 8.32359e-16 4.06549e-16 1.98815e-16 9.73291e-17 4.76897e-17 2.33831e-17 1.14665e-17 5.61077e-18 2.76547e-18
2.22714e-07 5.58128e-09 2.15115e-09 8.5847e-10 3.53675e-10 1.4982e-10 6.49456e-11 2.86508e-11 1.27792e-11 5.85985e-12 2.71638e-12 1.27055e-12 5.98727e-13 2.83903e-13 1.35328e-13 6.47943e-14 3.11414e-14 1.50163e-14 7.26141e-15 3.52008e-15 1.7101e-15 8.32359e-16 4.05803e-16 1.98127e-16 9.68532e-17 4.73968e-17 2.32156e-17 1.13793e-17 5.57838e-18 2.72894e-18 1.34458e-18
1.16287e-07 2.76068e-09 1.06366e-09 4.24167e-10 1.74515e-10 7.37349e-11 3.17947e-11 1.38783e-11 6.27907e-12 2.87827e-12 1.33369e-12 6.2353e-13 2.93686e-13 1.39189e-13 6.63137e-14 3.17347e-14 1.52448e-14 7.34744e-15 3.55133e-15 1.72078e-15 8.35614e-16 4.06549e-16 1.98127e-16 9.66956e-17 4.72517e-17 2.31154e-17 1.13185e-17 5.54605e-18 2.71801e-18 1.32934e-18 6.54755e-19
6.05917e-08 1.36611e-09 5.26083e-10 2.09522e-10 8.59494e-11 3.60733e-11 1.5334e-11 6.82802e-12 3.08845e-12 1.41522e-12 6.55495e-13 3.06319e-13 1.44209e-13 6.83132e-14 3.25305e-14 1.55601e-14 7.47123e-15 3.59921e-15 1.73887e-15 8.422e-16 4.08804e-16 1.98815e-16 9.68532e-17 4.72517e-17 2.30821e-17 1.1288e-17 5.5254e-18 2.70663e-18 1.32609e-18 6.48427e-19 3.19275e-19
3.15106e-08 6.76083e-10 2.60038e-10 1.03214e-10 4.19846e-11 1.72832e-11 7.55245e-12 3.3624e-12 1.52045e-12 6.96463e-13 3.2245e-13 1.50617e-13 7.08745e-14 3.3558e-14 1.59727e-14 7.63654e-15 3.66506e-15 1.76483e-15 8.52273e-16 4.12617e-16 2.00205e-16 9.73291e-17 4.73968e-17 2.31154e-17 1.1288e-17 5.51844e-18 2.70043e-18 1.32243e-18 6.47741e-19 3.16663e-19 1.55871e-19
1.63554e-08 3.34267e-10 1.28066e-10 5.02954e-11 1.99312e-11 8.52028e-12 3.72286e-12 1.65708e-12 7.49082e-13 3.42998e-13 1.58736e-13 7.41125e-14 3.48586e-14 1.64974e-14 7.84873e-15 3.7508e-15 1.79936e-15 8.66079e-16 4.18075e-16 2.02326e-16 9.81328e-17 4.76897e-17 2.32156e-17 1.13185e-17 5.5254e-18 2.70043e-18 1.32106e-18 6.46761e-19 3.1671e-19 1.548e-19 7.61749e-20
8.46873e-09 1.64489e-10 6.21926e-11 2.3588e-11 9.8326e-12 4.20319e-12 1.83626e-12 8.1712e-13 3.69253e-13 1.69012e-13 7.81832e-14 3.6487e-14 1.71538e-14 8.11471e-15 3.8589e-15 1.84332e-15 8.83921e-16 4.25281e-16 2.05212e-16 9.92744e-17 4.8133e-17 2.33831e-17 1.13793e-17 5.54605e-18 2.70663e-18 1.32243e-18 6.46761e-19 3.16556e-19 1.54976e-19 7.57338e-20 3.72571e-20
4.36462e-09 7.95003e-11 2.87133e-11 1.16366e-11 4.8509e-12 2.07344e-12 9.05638e-13 4.02882e-13 1.81996e-13 8.32683e-14 3.85029e-14 1.7961e-14 8.44045e-15 3.99109e-15 1.89715e-15 9.05861e-16 4.34213e-16 2.08834e-16 1.00732e-16 4.87137e-17 2.36108e-17 1.14665e-17 5.57838e-18 2.71801e-18 1.32609e-18 6.47741e-19 3.1671e-19 1.54976e-19 7.58544e-20 3.7062e-20 1.82279e-20
2.21896e-09 3.59293e-11 1.41225e-11 5.72367e-12 2.38586e-12 1.01964e-12 4.45259e-13 1.98022e-13 8.94244e-14 4.09001e-14 1.89053e-14 8.81587e-15 4.14138e-15 1.95758e-15 9.30211e-16 4.44017e-16 2.12766e-16 1.02298e-16 4.93299e-17 2.3849e-17 1.15562e-17 5.61077e-18 2.72894e-18 1.32934e-18 6.48427e-19 3.16663e-19 1.548e-19 7.57338e-20 3.7062e-20 1.81057e-20 8.903e-21
1.14592e-09 1.78358e-11 7.01304e-12 2.84273e-12 1.18491e-12 5.06292e-13 2.21015e-13 9.82511e-14 4.43476e-14 2.02728e-14 9.36569e-15 4.36503e-15 2.04945e-15 9.68248e-16 4.59865e-16 2.19401e-16 1.05085e-16 5.05024e-17 2.43427e-17 1.17639e-17 5.69801e-18 2.76547e-18 1.34458e-18 6.54755e-19 3.19275e-19 1.55871e-19 7.61749e-20 3.72571e-20 1.82279e-20 8.903e-21 4.37652e-21
