0.563324 0.0312842 0.0221368 0.015664 0.0110839 0.007843 0.00554973 0.003927 0.00277875 0.00196625 0.00139133 0.000984505 0.000696638 0.000492943 0.000348807 0.000246817 0.000174648 0.000123581 8.74466e-05 6.18774e-05 4.37846e-05 3.09821e-05 2.1923e-05 1.55128e-05 1.09769e-05 7.76725e-06 5.49613e-06 3.88907e-06 2.75192e-06 1.94726e-06 1.37789e-06 9.74997e-07 6.8991e-07 4.88182e-07 3.45439e-07 2.44433e-07 1.72961e-07 1.22388e-07 8.6602e-08 6.12798e-08 4.33617e-08 3.06828e-08 2.17113e-08 1.53629e-08 1.08708e-08 7.69224e-09 5.44305e-09 3.85151e-09 2.72534e-09 1.92846e-09 1.36458e-09 9.6558e-10 6.83247e-10 4.83467e-10 3.42102e-10 2.42072e-10 1.71291e-10 1.21206e-10 8.57656e-11 6.06879e-11 4.29429e-11 3.03865e-11 2.15016e-11 1.52146e-11 1.07659e-11 7.61795e-12 5.39048e-12 3.81431e-12 2.69902e-12 1.90983e-12 1.3514e-12 9.56254e-13 6.76648e-13 4.78798e-13 3.38798e-13 2.39734e-13 1.69637e-13 1.20035e-13 8.49373e-14 6.01018e-14 4.25282e-14 3.0093e-14 2.12939e-14 1.50676e-14 1.06619e-14 7.54437e-15 5.33842e-15 3.77748e-15 2.67295e-15 1.89139e-15 1.33835e-15 9.47019e-16 6.70113e-16 4.74173e-16 3.35526e-16 2.37419e-16 1.67998e-16 1.18876e-16 8.41169e-17 5.95213e-17 4.21174e-17
0.0312842 0.0105451 0.0080703 0.00614117 0.0046502 0.0035061 0.00263348 0.00197141 0.00147136 0.00109519 0.000813208 0.000602492 0.000445475 0.00032877 0.000242227 0.000178186 0.000130886 9.60122e-05 7.03424e-05 5.14754e-05 3.76278e-05 2.74772e-05 2.00456e-05 1.46107e-05 1.06404e-05 7.74266e-06 5.62981e-06 4.09058e-06 2.97015e-06 2.15522e-06 1.56291e-06 1.13272e-06 8.20484e-07 5.93997e-07 4.2981e-07 3.10854e-07 2.24715e-07 1.62374e-07 1.17277e-07 8.46698e-08 6.11046e-08 4.40812e-08 3.17888e-08 2.29162e-08 1.65144e-08 1.18971e-08 8.56802e-09 6.16863e-09 4.43985e-09 3.19466e-09 2.29806e-09 1.65266e-09 1.18821e-09 8.54069e-10 6.13746e-10 4.40943e-10 3.16721e-10 2.27444e-10 1.63298e-10 1.17218e-10 8.41244e-11 6.03619e-11 4.33033e-11 3.10598e-11 2.22739e-11 1.59705e-11 1.14489e-11 8.20615e-12 5.88089e-12 4.21383e-12 3.01887e-12 2.16245e-12 1.54875e-12 1.10906e-12 7.94089e-13 5.6849e-13 4.06928e-13 2.91243e-13 2.08419e-13 1.4913e-13 1.06694e-13 7.63241e-14 5.45925e-14 3.9044e-14 2.79207e-14 1.99641e-14 1.42734e-14 1.02038e-14 7.29368e-15 5.21302e-15 3.72553e-15 2.66223e-15 1.90222e-15 1.35905e-15 9.70892e-16 6.93532e-16 4.95363e-16 3.53788e-16 2.52654e-16 1.80414e-16 1.28819e-16
0.0221368 0.0080703 0.00634629 0.00495233 0.00383934 0.00295974 0.00227047 0.00173421 0.00131953 0.00100057 0.000756373 0.000570181 0.000428732 0.000321626 0.000240763 0.000179877 0.000134145 9.98712e-05 7.42377e-05 5.51027e-05 4.08438e-05 3.02358e-05 2.23558e-05 1.65107e-05 1.21807e-05 8.97719e-06 6.6098e-06 4.86227e-06 3.57365e-06 2.62438e-06 1.92574e-06 1.41203e-06 1.03461e-06 7.57547e-07 5.54316e-07 4.0535e-07 2.96238e-07 2.16371e-07 1.57947e-07 1.15237e-07 8.40326e-08 6.12471e-08 4.46184e-08 3.24893e-08 2.36467e-08 1.72033e-08 1.25104e-08 9.09398e-09 6.60793e-09 4.79966e-09 3.48494e-09 2.52943e-09 1.83527e-09 1.33116e-09 9.65199e-10 6.99625e-10 5.06965e-10 3.67248e-10 2.65958e-10 1.9255e-10 1.39364e-10 1.00842e-10 7.29483e-11 5.27567e-11 3.81443e-11 2.75725e-11 1.99259e-11 1.43965e-11 1.03991e-11 7.50998e-12 5.42233e-12 3.91418e-12 2.82491e-12 2.03835e-12 1.47051e-12 1.06064e-12 7.64872e-13 5.51476e-13 3.97543e-13 2.86525e-13 2.06474e-13 1.48762e-13 1.07163e-13 7.71842e-14 5.55826e-14 4.00202e-14 2.88106e-14 2.07376e-14 1.49244e-14 1.07392e-14 7.72654e-15 5.55821e-15 3.99782e-15 2.87509e-15 2.06738e-15 1.48639e-15 1.06853e-15 7.68044e-16 5.51988e-16 3.9666e-16 2.85006e-16
0.015664 0.00614117 0.00495233 0.00395441 0.00313157 0.00246255 0.00192473 0.00149641 0.00115798 0.00089237 0.000685131 0.000524258 0.000399939 0.000304254 0.000230873 0.000174781 0.000132031 9.95373e-05 7.49007e-05 5.62639e-05 4.21955e-05 3.15965e-05 2.36258e-05 1.7642e-05 1.31569e-05 9.80015e-06 7.29145e-06 5.41904e-06 4.02329e-06 2.98409e-06 2.21123e-06 1.63706e-06 1.21094e-06 8.95004e-07 6.60973e-07 4.87769e-07 3.59691e-07 2.65058e-07 1.95191e-07 1.43648e-07 1.05649e-07 7.76558e-08 5.70464e-08 4.18831e-08 3.07336e-08 2.25403e-08 1.65229e-08 1.21059e-08 8.8655e-09 6.48944e-09 4.74806e-09 3.47245e-09 2.53847e-09 1.85494e-09 1.35491e-09 9.89295e-10 7.22064e-10 5.26823e-10 3.84236e-10 2.80143e-10 2.0418e-10 1.48765e-10 1.08355e-10 7.88966e-11 5.74293e-11 4.17905e-11 3.04014e-11 2.21098e-11 1.60751e-11 1.16843e-11 8.49052e-12 6.1681e-12 4.47978e-12 3.25276e-12 2.36124e-12 1.71365e-12 1.24338e-12 9.01947e-13 6.54125e-13 4.74289e-13 3.4382e-13 2.49187e-13 1.80562e-13 1.3081e-13 9.47468e-14 6.86124e-14 4.9677e-14 3.59605e-14 2.60263e-14 1.8833e-14 1.36254e-14 9.85595e-15 7.12808e-15 5.15432e-15 3.72646e-15 2.6937e-15 1.94684e-15 1.40683e-15 1.01644e-15 7.34271e-16 5.3035e-16
0.0110839 0.0046502 0.00383934 0.00313157 0.00252876 0.0020248 0.00160959 0.00127154 0.000998986 0.000781053 0.000608023 0.000471486 0.000364323 0.000280617 0.00021551 0.000165063 0.000126111 9.61296e-05 7.31192e-05 5.55059e-05 4.20568e-05 3.18107e-05 2.40212e-05 1.81111e-05 1.36351e-05 1.02511e-05 7.69683e-06 5.77182e-06 4.32313e-06 3.2344e-06 2.41725e-06 1.80469e-06 1.34603e-06 1.003e-06 7.4671e-07 5.55427e-07 4.12801e-07 3.06554e-07 2.27477e-07 1.68673e-07 1.24981e-07 9.25426e-08 6.84777e-08 5.0638e-08 3.74226e-08 2.76394e-08 2.04018e-08 1.50509e-08 1.10974e-08 8.17794e-09 6.02343e-09 4.43431e-09 3.26284e-09 2.39971e-09 1.7641e-09 1.29626e-09 9.5207e-10 6.98976e-10 5.1295e-10 3.76281e-10 2.75917e-10 2.02245e-10 1.48188e-10 1.0854e-10 7.94712e-11 5.81673e-11 4.25598e-11 3.11297e-11 2.27619e-11 1.66381e-11 1.2158e-11 8.88153e-12 6.4861e-12 4.73535e-12 3.45618e-12 2.52184e-12 1.83958e-12 1.34154e-12 9.78075e-13 7.12899e-13 5.19485e-13 3.78451e-13 2.75638e-13 2.00708e-13 1.46113e-13 1.06343e-13 7.73805e-14 5.62933e-14 4.09436e-14 2.9773e-14 2.16454e-14 1.57332e-14 1.14335e-14 8.30723e-15 6.03455e-15 4.38278e-15 3.18251e-15 2.31051e-15 1.67713e-15 1.21715e-15 8.83167e-16
0.007843 0.0035061 0.00295974 0.00246255 0.0020248 0.00164854 0.00133103 0.00106697 0.000849947 0.000673338 0.000530813 0.000416618 0.000325694 0.000253697 0.000196965 0.000152458 0.00011768 9.06011e-05 6.95866e-05 5.33272e-05 4.07817e-05 3.11268e-05 2.3714e-05 1.80353e-05 1.36941e-05 1.03818e-05 7.85916e-06 5.94122e-06 4.4854e-06 3.38204e-06 2.54704e-06 1.91599e-06 1.43971e-06 1.08069e-06 8.10381e-07 6.07096e-07 4.54383e-07 3.3978e-07 2.53864e-07 1.89515e-07 1.41364e-07 1.05366e-07 7.84762e-08 5.84067e-08 4.34395e-08 3.2286e-08 2.39806e-08 1.78004e-08 1.32049e-08 9.78996e-09 7.25397e-09 5.37188e-09 3.97594e-09 2.94119e-09 2.17461e-09 1.60702e-09 1.187e-09 8.76337e-10 6.46681e-10 4.76994e-10 3.51676e-10 2.59171e-10 1.90918e-10 1.40582e-10 1.03475e-10 7.61333e-11 5.59945e-11 4.11674e-11 3.02554e-11 2.22278e-11 1.63244e-11 1.19848e-11 8.79579e-12 6.45324e-12 4.73304e-12 3.47029e-12 2.54364e-12 1.86387e-12 1.36535e-12 9.99876e-13 7.32022e-13 5.35771e-13 3.92026e-13 2.8677e-13 2.09718e-13 1.53329e-13 1.12073e-13 8.18971e-14 5.98313e-14 4.37001e-14 3.19104e-14 2.32959e-14 1.7003e-14 1.24072e-14 9.0516e-15 6.60207e-15 4.81438e-15 3.51001e-15 2.5585e-15 1.86454e-15 1.35853e-15
0.00554973 0.00263348 0.00227047 0.00192473 0.00160959 0.00133103 0.00109032 0.000885945 0.000714844 0.000573245 0.000457191 0.000362856 0.000286722 0.000225662 0.00017696 0.000138308 0.000107767 8.37326e-05 6.48873e-05 5.01604e-05 3.86872e-05 2.97744e-05 2.28687e-05 1.75315e-05 1.34158e-05 1.0249e-05 7.81712e-06 5.95322e-06 4.52718e-06 3.43799e-06 2.60742e-06 1.97502e-06 1.4942e-06 1.12914e-06 8.52327e-07 6.42696e-07 4.84131e-07 3.6433e-07 2.73917e-07 2.05754e-07 1.54418e-07 1.15792e-07 8.67573e-08 6.49518e-08 4.85898e-08 3.63227e-08 2.71331e-08 2.02544e-08 1.51095e-08 1.1264e-08 8.39198e-09 6.24837e-09 4.64953e-09 3.4578e-09 2.57006e-09 1.90918e-09 1.41749e-09 1.05187e-09 7.80165e-10 5.78354e-10 4.28539e-10 3.17381e-10 2.34948e-10 1.73846e-10 1.28579e-10 9.50572e-11 7.02455e-11 5.18887e-11 3.83136e-11 2.82788e-11 2.08643e-11 1.53879e-11 1.13448e-11 8.36097e-12 6.15974e-12 4.53646e-12 3.33982e-12 2.45802e-12 1.80844e-12 1.3301e-12 9.7797e-13 7.18842e-13 5.28214e-13 3.88022e-13 2.84954e-13 2.09204e-13 1.53547e-13 1.12666e-13 8.26463e-14 6.06092e-14 4.44365e-14 3.25707e-14 2.38674e-14 1.74853e-14 1.28066e-14 9.37755e-15 6.86501e-15 5.02447e-15 3.67654e-15 2.6896e-15 1.96716e-15
0.003927 0.00197141 0.00173421 0.00149641 0.00127154 0.00106697 0.000885945 0.000729078 0.000595363 0.000482891 0.000389331 0.000312226 0.000249193 0.000198024 0.00015674 0.000123615 9.71658e-05 7.61413e-05 5.94959e-05 4.63661e-05 3.60443e-05 2.79552e-05 2.16343e-05 1.67082e-05 1.28788e-05 9.90894e-06 7.61069e-06 5.83587e-06 4.46794e-06 3.41555e-06 2.60734e-06 1.98767e-06 1.5133e-06 1.15071e-06 8.7396e-07 6.63008e-07 5.02421e-07 3.80328e-07 2.87611e-07 2.17284e-07 1.63998e-07 1.23667e-07 9.31718e-08 7.01368e-08 5.27532e-08 3.96465e-08 2.97731e-08 2.23419e-08 1.67532e-08 1.25537e-08 9.40037e-09 7.03445e-09 5.26059e-09 3.93157e-09 2.93651e-09 2.19198e-09 1.63528e-09 1.21927e-09 9.08591e-10 6.76712e-10 5.03745e-10 3.74797e-10 2.78718e-10 2.07167e-10 1.53911e-10 1.14292e-10 8.4833e-11 6.29391e-11 4.66752e-11 3.45993e-11 2.5637e-11 1.89884e-11 1.40584e-11 1.04043e-11 7.69707e-12 5.6921e-12 4.20784e-12 3.10949e-12 2.29702e-12 1.69625e-12 1.25217e-12 9.24049e-13 6.81682e-13 5.02723e-13 3.70627e-13 2.73155e-13 2.01256e-13 1.48238e-13 1.09154e-13 8.03513e-14 5.9132e-14 4.3504e-14 3.19975e-14 2.3528e-14 1.72957e-14 1.27109e-14 9.339e-15 6.85984e-15 5.03755e-15 3.69842e-15 2.71461e-15
0.00277875 0.00147136 0.00131953 0.00115798 0.000998986 0.000849947 0.000714844 0.000595363 0.000491692 0.000403099 0.000328334 0.000265897 0.000214221 0.000171781 0.000137164 0.000109096 8.6462e-05 6.82975e-05 5.3784e-05 4.22341e-05 3.30763e-05 2.58398e-05 2.01393e-05 1.56619e-05 1.21547e-05 9.41435e-06 7.27829e-06 5.61698e-06 4.3276e-06 3.32888e-06 2.55675e-06 1.96086e-06 1.50176e-06 1.14862e-06 8.77405e-07 6.69407e-07 5.10117e-07 3.88291e-07 2.95237e-07 2.24249e-07 1.70157e-07 1.28986e-07 9.7685e-08 7.39122e-08 5.58755e-08 4.22041e-08 3.18515e-08 2.4019e-08 1.80985e-08 1.36271e-08 1.02528e-08 7.70861e-09 5.79172e-09 4.34856e-09 3.26287e-09 2.44667e-09 1.83351e-09 1.37318e-09 1.02781e-09 7.68866e-10 5.74836e-10 4.29536e-10 3.20791e-10 2.39452e-10 1.78645e-10 1.33214e-10 9.92874e-11 7.3966e-11 5.50766e-11 4.09925e-11 3.04963e-11 2.26777e-11 1.68564e-11 1.25242e-11 9.30152e-12 6.90531e-12 5.12438e-12 3.80128e-12 2.81873e-12 2.08937e-12 1.54817e-12 1.14674e-12 8.49098e-13 6.28492e-13 4.65044e-13 3.43988e-13 2.5436e-13 1.88025e-13 1.38945e-13 1.02644e-13 7.58044e-14 5.59657e-14 4.13067e-14 3.04784e-14 2.24822e-14 1.65792e-14 1.22227e-14 9.00845e-15 6.63768e-15 4.88954e-15 3.60085e-15
0.00196625 0.00109519 0.00100057 0.00089237 0.000781053 0.000673338 0.000573245 0.000482891 0.000403099 0.000333842 0.000274566 0.000224423 0.000182422 0.000147541 0.000118788 9.52419e-05 7.60717e-05 6.05462e-05 4.80322e-05 3.79891e-05 2.99609e-05 2.35668e-05 1.84912e-05 1.44748e-05 1.13058e-05 8.81219e-06 6.85501e-06 5.32253e-06 4.12529e-06 3.19194e-06 2.46576e-06 1.90186e-06 1.46475e-06 1.12651e-06 8.65197e-07 6.63639e-07 5.08401e-07 3.89008e-07 2.97309e-07 2.26973e-07 1.7309e-07 1.31862e-07 1.00354e-07 7.63001e-08 5.79575e-08 4.39846e-08 3.33511e-08 2.52667e-08 1.91262e-08 1.44664e-08 1.09334e-08 8.25695e-09 6.2311e-09 4.69894e-09 3.54105e-09 2.66668e-09 2.00688e-09 1.50936e-09 1.13447e-09 8.52172e-10 6.39738e-10 4.79981e-10 3.59915e-10 2.69733e-10 2.02037e-10 1.51252e-10 1.13173e-10 8.4638e-11 6.32663e-11 4.72682e-11 3.52987e-11 2.6348e-11 1.96579e-11 1.466e-11 1.0928e-11 8.14251e-12 6.06451e-12 4.51495e-12 3.35997e-12 2.49945e-12 1.8586e-12 1.38153e-12 1.02653e-12 7.6247e-13 5.6613e-13 4.202e-13 3.11776e-13 2.3125e-13 1.71464e-13 1.27093e-13 9.41728e-14 6.97576e-14 5.16559e-14 3.82396e-14 2.82992e-14 2.09365e-14 1.54848e-14 1.14493e-14 8.4631e-15 6.25398e-15 4.62021e-15
0.00139133 0.000813208 0.000756373 0.000685131 0.000608023 0.000530813 0.000457191 0.000389331 0.000328334 0.000274566 0.000227906 0.000187934 0.000154062 0.000125625 0.000101943 8.23618e-05 6.62728e-05 5.3128e-05 4.24434e-05 3.37988e-05 2.68343e-05 2.12452e-05 1.67761e-05 1.32143e-05 1.03845e-05 8.14273e-06 6.37158e-06 4.97581e-06 3.8785e-06 3.01776e-06 2.34404e-06 1.81776e-06 1.40744e-06 1.08812e-06 8.40041e-07 6.47633e-07 4.98636e-07 3.83431e-07 2.94484e-07 2.25904e-07 1.73099e-07 1.32492e-07 1.01303e-07 7.73775e-08 5.9044e-08 4.50113e-08 3.42818e-08 2.60865e-08 1.98331e-08 1.50659e-08 1.14352e-08 8.67254e-09 6.5722e-09 4.97677e-09 3.76587e-09 2.84756e-09 2.15168e-09 1.62475e-09 1.22605e-09 9.24593e-10 6.96817e-10 5.24832e-10 3.95058e-10 2.97199e-10 2.23452e-10 1.67911e-10 1.26106e-10 9.46585e-11 7.1016e-11 5.32513e-11 3.99104e-11 2.98971e-11 2.23853e-11 1.6753e-11 1.2532e-11 9.37026e-12 7.0031e-12 5.23167e-12 3.90664e-12 2.91599e-12 2.17565e-12 1.62262e-12 1.20968e-12 9.01484e-13 6.71549e-13 5.00074e-13 3.72247e-13 2.76993e-13 2.06041e-13 1.53209e-13 1.13885e-13 8.46252e-14 6.2862e-14 4.66804e-14 3.4653e-14 2.57163e-14 1.90783e-14 1.41494e-14 1.04907e-14 7.77569e-15 5.76165e-15
0.000984505 0.000602492 0.000570181 0.000524258 0.000471486 0.000416618 0.000362856 0.000312226 0.000265897 0.000224423 0.000187934 0.000156286 0.000129159 0.000106144 8.6786e-05 7.06293e-05 5.72357e-05 4.61999e-05 3.71564e-05 2.97822e-05 2.37963e-05 1.89575e-05 1.50609e-05 1.19342e-05 9.43337e-06 7.43935e-06 5.85396e-06 4.59686e-06 3.60258e-06 2.81805e-06 2.20041e-06 1.7152e-06 1.33479e-06 1.03713e-06 8.04632e-07 6.23357e-07 4.82252e-07 3.72592e-07 2.87498e-07 2.21565e-07 1.70549e-07 1.31128e-07 1.00708e-07 7.72613e-08 5.92122e-08 4.53339e-08 3.46746e-08 2.64966e-08 2.02289e-08 1.543e-08 1.17594e-08 8.95454e-09 6.81311e-09 5.17968e-09 3.93482e-09 2.98691e-09 2.26569e-09 1.71739e-09 1.30088e-09 9.84712e-10 7.44894e-10 5.63119e-10 4.25433e-10 3.21215e-10 2.42381e-10 1.82787e-10 1.37767e-10 1.03776e-10 7.8129e-11 5.87887e-11 4.42126e-11 3.32333e-11 2.49679e-11 1.87489e-11 1.40721e-11 1.05568e-11 7.91602e-12 5.9331e-12 4.44489e-12 3.3285e-12 2.49144e-12 1.86408e-12 1.39412e-12 1.04222e-12 7.78827e-13 5.81771e-13 4.34405e-13 3.24244e-13 2.41928e-13 1.80443e-13 1.34535e-13 1.00271e-13 7.47078e-14 5.56423e-14 4.14282e-14 3.08349e-14 2.29427e-14 1.70651e-14 1.26891e-14 9.43232e-15 7.00925e-15
0.000696638 0.000445475 0.000428732 0.000399939 0.000364323 0.000325694 0.000286722 0.000249193 0.000214221 0.000182422 0.000154062 0.000129159 0.000107575 8.90698e-05 7.33544e-05 6.01175e-05 4.90491e-05 3.98538e-05 3.22589e-05 2.6019e-05 2.09168e-05 1.67632e-05 1.33955e-05 1.06753e-05 8.48563e-06 6.72875e-06 5.32338e-06 4.20237e-06 3.31056e-06 2.60288e-06 2.04264e-06 1.60011e-06 1.2513e-06 9.76932e-07 7.61522e-07 5.92715e-07 4.60659e-07 3.57527e-07 2.77112e-07 2.14506e-07 1.65838e-07 1.28058e-07 9.87695e-08 7.60944e-08 5.85613e-08 4.50206e-08 3.45757e-08 2.65278e-08 2.03336e-08 1.55713e-08 1.19136e-08 9.10714e-09 6.95584e-09 5.30832e-09 4.04775e-09 3.08411e-09 2.34809e-09 1.78638e-09 1.35806e-09 1.0317e-09 7.83233e-10 5.94202e-10 4.50496e-10 3.41325e-10 2.58447e-10 1.95573e-10 1.47906e-10 1.11791e-10 8.44453e-11 6.37532e-11 4.81048e-11 3.62778e-11 2.73441e-11 2.05997e-11 1.5511e-11 1.16735e-11 8.7811e-12 6.60222e-12 4.96166e-12 3.72704e-12 2.79837e-12 2.10016e-12 1.57547e-12 1.18136e-12 8.8547e-13 6.63413e-13 4.96842e-13 3.71945e-13 2.78336e-13 2.08205e-13 1.55686e-13 1.16371e-13 8.69524e-14 6.49473e-14 4.84937e-14 3.61958e-14 2.70073e-14 2.01445e-14 1.50206e-14 1.11963e-14 8.34302e-15
0.000492943 0.00032877 0.000321626 0.000304254 0.000280617 0.000253697 0.000225662 0.000198024 0.000171781 0.000147541 0.000125625 0.000106144 8.90698e-05 7.42818e-05 6.16029e-05 5.08279e-05 4.17417e-05 3.41323e-05 2.7799e-05 2.25571e-05 1.82406e-05 1.47026e-05 1.1815e-05 9.46762e-06 7.56629e-06 6.0315e-06 4.79653e-06 3.80577e-06 3.01315e-06 2.38071e-06 1.87734e-06 1.47763e-06 1.16095e-06 9.10581e-07 7.13037e-07 5.57471e-07 4.35188e-07 3.39235e-07 2.64069e-07 2.05281e-07 1.59374e-07 1.23578e-07 9.57059e-08 7.40335e-08 5.7204e-08 4.41518e-08 3.40416e-08 2.62195e-08 2.01747e-08 1.55084e-08 1.19102e-08 9.1385e-09 7.00559e-09 5.36586e-09 4.10647e-09 3.14009e-09 2.39922e-09 1.83173e-09 1.39741e-09 1.06528e-09 8.11505e-10 6.17751e-10 4.69935e-10 3.57249e-10 2.71406e-10 2.06058e-10 1.56346e-10 1.18555e-10 8.98441e-11 6.80465e-11 5.15078e-11 3.89669e-11 2.94632e-11 2.22653e-11 1.6817e-11 1.26953e-11 9.57887e-12 7.22388e-12 5.44521e-12 4.10251e-12 3.08944e-12 2.32546e-12 1.74961e-12 1.31577e-12 9.89072e-13 7.43171e-13 5.58169e-13 4.19046e-13 3.14471e-13 2.35898e-13 1.76887e-13 1.32586e-13 9.93427e-14 7.44062e-14 5.57085e-14 4.16941e-14 3.11941e-14 2.33301e-14 1.74425e-14 1.30363e-14 9.7398e-15
0.000348807 0.000242227 0.000240763 0.000230873 0.00021551 0.000196965 0.00017696 0.00015674 0.000137164 0.000118788 0.000101943 8.6786e-05 7.33544e-05 6.16029e-05 5.14327e-05 4.27135e-05 3.52998e-05 2.90422e-05 2.37948e-05 1.94205e-05 1.57935e-05 1.28008e-05 1.03426e-05 8.3318e-06 6.69324e-06 5.36279e-06 4.2861e-06 3.4175e-06 2.71882e-06 2.15836e-06 1.70996e-06 1.35208e-06 1.06712e-06 8.40717e-07 6.61223e-07 5.19203e-07 4.07047e-07 3.18637e-07 2.49067e-07 1.94415e-07 1.51551e-07 1.17983e-07 9.1735e-08 7.12398e-08 5.52586e-08 4.28137e-08 3.31349e-08 2.56169e-08 1.97841e-08 1.5264e-08 1.17651e-08 9.05968e-09 6.96992e-09 5.35739e-09 4.11434e-09 3.15702e-09 2.42044e-09 1.85422e-09 1.41934e-09 1.08562e-09 8.29748e-10 6.33718e-10 4.83655e-10 3.68869e-10 2.81135e-10 2.14125e-10 1.62981e-10 1.23974e-10 9.42437e-11 7.15996e-11 5.43637e-11 4.12529e-11 3.1286e-11 2.37139e-11 1.79646e-11 1.36018e-11 1.02931e-11 7.78527e-12 5.88543e-12 4.44699e-12 3.35846e-12 2.53517e-12 1.91279e-12 1.44254e-12 1.0874e-12 8.19327e-13 6.17069e-13 4.64539e-13 3.49564e-13 2.62935e-13 1.97694e-13 1.4858e-13 1.11624e-13 8.38266e-14 6.29274e-14 4.72208e-14 3.54213e-14 2.65605e-14 1.9909e-14 1.4918e-14 1.11742e-14
0.000246817 0.000178186 0.000179877 0.000174781 0.000165063 0.000152458 0.000138308 0.000123615 0.000109096 9.52419e-05 8.23618e-05 7.06293e-05 6.01175e-05 5.08279e-05 4.27135e-05 3.56964e-05 2.96813e-05 2.45648e-05 2.02429e-05 1.66147e-05 1.3586e-05 1.10708e-05 8.99178e-06 7.28083e-06 5.87841e-06 4.73318e-06 3.80123e-06 3.04531e-06 2.43404e-06 1.94117e-06 1.54483e-06 1.22695e-06 9.72597e-07 7.69557e-07 6.07829e-07 4.79277e-07 3.77299e-07 2.96555e-07 2.3274e-07 1.82392e-07 1.42737e-07 1.11552e-07 8.70673e-08 6.78711e-08 5.28428e-08 4.10936e-08 3.19202e-08 2.47672e-08 1.91965e-08 1.48633e-08 1.14965e-08 8.88366e-09 6.85807e-09 5.28942e-09 4.07588e-09 3.138e-09 2.41385e-09 1.85526e-09 1.42478e-09 1.09331e-09 8.38303e-10 6.4229e-10 4.91745e-10 3.76214e-10 2.87623e-10 2.19742e-10 1.67768e-10 1.28003e-10 9.76001e-11 7.43714e-11 5.6636e-11 4.31039e-11 3.27856e-11 2.49228e-11 1.89349e-11 1.43776e-11 1.09112e-11 8.27612e-12 6.27409e-12 4.7539e-12 3.60022e-12 2.72516e-12 2.06178e-12 1.55913e-12 1.17847e-12 8.90337e-13 6.72344e-13 5.07497e-13 3.82899e-13 2.88767e-13 2.17683e-13 1.64029e-13 1.23548e-13 9.30202e-14 7.00074e-14 5.26672e-14 3.96067e-14 2.97736e-14 2.23733e-14 1.68062e-14 1.26197e-14
0.000174648 0.000130886 0.000134145 0.000132031 0.000126111 0.00011768 0.000107767 9.71658e-05 8.6462e-05 7.60717e-05 6.62728e-05 5.72357e-05 4.90491e-05 4.17417e-05 3.52998e-05 2.96813e-05 2.48262e-05 2.06651e-05 1.71248e-05 1.41323e-05 1.16177e-05 9.51617e-06 7.76847e-06 6.32163e-06 5.12889e-06 4.14944e-06 3.34808e-06 2.69464e-06 2.16351e-06 1.7331e-06 1.38529e-06 1.10497e-06 8.79627e-07 6.98905e-07 5.54299e-07 4.38844e-07 3.46853e-07 2.73702e-07 2.15643e-07 1.69645e-07 1.33266e-07 1.04542e-07 8.18986e-08 6.40764e-08 5.00693e-08 3.90766e-08 3.04612e-08 2.37182e-08 1.84473e-08 1.43324e-08 1.11236e-08 8.62453e-09 6.68027e-09 5.16934e-09 3.99641e-09 3.08681e-09 2.38212e-09 1.83672e-09 1.415e-09 1.08921e-09 8.3776e-10 6.43854e-10 4.94451e-10 3.79433e-10 2.90958e-10 2.22954e-10 1.70725e-10 1.30643e-10 9.99037e-11 7.63475e-11 5.83083e-11 4.45035e-11 3.39462e-11 2.58778e-11 1.97155e-11 1.5012e-11 1.14241e-11 8.6889e-12 6.60497e-12 5.01817e-12 3.81058e-12 2.8921e-12 2.1939e-12 1.66342e-12 1.2606e-12 9.5487e-13 7.22946e-13 5.471e-13 4.13837e-13 3.12894e-13 2.36469e-13 1.78633e-13 1.34886e-13 1.01809e-13 7.68119e-14 5.79287e-14 4.36702e-14 3.29083e-14 2.47889e-14 1.86657e-14 1.40497e-14
0.000123581 9.60122e-05 9.98712e-05 9.95373e-05 9.61296e-05 9.06011e-05 8.37326e-05 7.61413e-05 6.82975e-05 6.05462e-05 5.3128e-05 4.61999e-05 3.98538e-05 3.41323e-05 2.90422e-05 2.45648e-05 2.06651e-05 1.72978e-05 1.44124e-05 1.1957e-05 9.88038e-06 8.13403e-06 6.673e-06 5.45646e-06 4.44794e-06 3.61525e-06 2.93035e-06 2.369e-06 1.91042e-06 1.53698e-06 1.23375e-06 9.88216e-07 7.89923e-07 6.30178e-07 5.01792e-07 3.9884e-07 3.16461e-07 2.50678e-07 1.98251e-07 1.56546e-07 1.2343e-07 9.71793e-08 7.64053e-08 5.99915e-08 4.70426e-08 3.68423e-08 2.88186e-08 2.25157e-08 1.75712e-08 1.36973e-08 1.06659e-08 8.2967e-09 6.44719e-09 5.00501e-09 3.88169e-09 3.00766e-09 2.32829e-09 1.80078e-09 1.39157e-09 1.07444e-09 8.28896e-10 6.3895e-10 4.92143e-10 3.78775e-10 2.91303e-10 2.23866e-10 1.71918e-10 1.31931e-10 1.01175e-10 7.75367e-11 5.93821e-11 4.54489e-11 3.47629e-11 2.65729e-11 2.03001e-11 1.54989e-11 1.18262e-11 9.01873e-12 6.87384e-12 5.23617e-12 3.98652e-12 3.03349e-12 2.30709e-12 1.75373e-12 1.33243e-12 1.01183e-12 7.68004e-13 5.82653e-13 4.41828e-13 3.34884e-13 2.53711e-13 1.92127e-13 1.45428e-13 1.10032e-13 8.32156e-14 6.29084e-14 4.75371e-14 3.59071e-14 2.71116e-14 2.04624e-14 1.5438e-14
8.74466e-05 7.03424e-05 7.42377e-05 7.49007e-05 7.31192e-05 6.95866e-05 6.48873e-05 5.94959e-05 5.3784e-05 4.80322e-05 4.24434e-05 3.71564e-05 3.22589e-05 2.7799e-05 2.37948e-05 2.02429e-05 1.71248e-05 1.44124e-05 1.2072e-05 1.0067e-05 8.36051e-06 6.91666e-06 5.70158e-06 4.68408e-06 3.83592e-06 3.1319e-06 2.54983e-06 2.07034e-06 1.67672e-06 1.35463e-06 1.09187e-06 8.78136e-07 7.04744e-07 5.64445e-07 4.51199e-07 3.60002e-07 2.86726e-07 2.27972e-07 1.80957e-07 1.4341e-07 1.13479e-07 8.96618e-08 7.0742e-08 5.57374e-08 4.38565e-08 3.44634e-08 2.70482e-08 2.12026e-08 1.66008e-08 1.29828e-08 1.01421e-08 7.91439e-09 6.16951e-09 4.80441e-09 3.73765e-09 2.90493e-09 2.25561e-09 1.74982e-09 1.35623e-09 1.05026e-09 8.12621e-10 6.28229e-10 4.85284e-10 3.74567e-10 2.88886e-10 2.22635e-10 1.71451e-10 1.31939e-10 1.0146e-10 7.79682e-11 5.98749e-11 4.59498e-11 3.52402e-11 2.70095e-11 2.06882e-11 1.58366e-11 1.21155e-11 9.26327e-12 7.0784e-12 5.40579e-12 4.12612e-12 3.14764e-12 2.39992e-12 1.82885e-12 1.39294e-12 1.0604e-12 8.06837e-13 6.13605e-13 4.66425e-13 3.54379e-13 2.69123e-13 2.04284e-13 1.54996e-13 1.17547e-13 8.91075e-14 6.75193e-14 5.11396e-14 3.87173e-14 2.93004e-14 2.21648e-14 1.67603e-14
6.18774e-05 5.14754e-05 5.51027e-05 5.62639e-05 5.55059e-05 5.33272e-05 5.01604e-05 4.63661e-05 4.22341e-05 3.79891e-05 3.37988e-05 2.97822e-05 2.6019e-05 2.25571e-05 1.94205e-05 1.66147e-05 1.41323e-05 1.1957e-05 1.0067e-05 8.43722e-06 7.04139e-06 5.85325e-06 4.84759e-06 4.00075e-06 3.29104e-06 2.69885e-06 2.20675e-06 1.79938e-06 1.46335e-06 1.18709e-06 9.60684e-07 7.7569e-07 6.24956e-07 5.02465e-07 4.03176e-07 3.22888e-07 2.58113e-07 2.05968e-07 1.64078e-07 1.30494e-07 1.0362e-07 8.21549e-08 6.50406e-08 5.14182e-08 4.0593e-08 3.20042e-08 2.52001e-08 1.98178e-08 1.55661e-08 1.22122e-08 9.56997e-09 7.4911e-09 5.85748e-09 4.57531e-09 3.57015e-09 2.78304e-09 2.16737e-09 1.6863e-09 1.31081e-09 1.01801e-09 7.89921e-10 6.12413e-10 4.74399e-10 3.67187e-10 2.83979e-10 2.19455e-10 1.69463e-10 1.30762e-10 1.00826e-10 7.76873e-11 5.98172e-11 4.60262e-11 3.5391e-11 2.71954e-11 2.08843e-11 1.60276e-11 1.22928e-11 9.42253e-12 7.21816e-12 5.52626e-12 4.22851e-12 3.2337e-12 2.47156e-12 1.88802e-12 1.44149e-12 1.09998e-12 8.38956e-13 6.39546e-13 4.87291e-13 3.71101e-13 2.8248e-13 2.1492e-13 1.63442e-13 1.24237e-13 9.43934e-14 7.16869e-14 5.44187e-14 4.12924e-14 3.13189e-14 2.37445e-14 1.79945e-14
4.37846e-05 3.76278e-05 4.08438e-05 4.21955e-05 4.20568e-05 4.07817e-05 3.86872e-05 3.60443e-05 3.30763e-05 2.99609e-05 2.68343e-05 2.37963e-05 2.09168e-05 1.82406e-05 1.57935e-05 1.3586e-05 1.16177e-05 9.88038e-06 8.36051e-06 7.04139e-06 5.9046e-06 4.93122e-06 4.10264e-06 3.40108e-06 2.81e-06 2.31427e-06 1.90026e-06 1.55588e-06 1.27046e-06 1.03473e-06 8.40676e-07 6.81416e-07 5.51092e-07 4.4474e-07 3.58177e-07 2.87895e-07 2.30967e-07 1.8496e-07 1.47858e-07 1.18e-07 9.40186e-08 7.47938e-08 5.94101e-08 4.71217e-08 3.73222e-08 2.95202e-08 2.33182e-08 1.83956e-08 1.44941e-08 1.14062e-08 8.96571e-09 7.03934e-09 5.52074e-09 4.32508e-09 3.38482e-09 2.64626e-09 2.0668e-09 1.61266e-09 1.25712e-09 9.79061e-10 7.6182e-10 5.92262e-10 4.60048e-10 3.5705e-10 2.76885e-10 2.14547e-10 1.66114e-10 1.28516e-10 9.93535e-11 7.67523e-11 5.92499e-11 4.57067e-11 3.52348e-11 2.71439e-11 2.08971e-11 1.60775e-11 1.23616e-11 9.49859e-12 7.29423e-12 5.59808e-12 4.29381e-12 3.29151e-12 2.52175e-12 1.93093e-12 1.47772e-12 1.13028e-12 8.64066e-13 6.60213e-13 5.04195e-13 3.84853e-13 2.93614e-13 2.23897e-13 1.70652e-13 1.30008e-13 9.89978e-14 7.53502e-14 5.73255e-14 4.35933e-14 3.31361e-14 2.51766e-14 1.9121e-14
3.09821e-05 2.74772e-05 3.02358e-05 3.15965e-05 3.18107e-05 3.11268e-05 2.97744e-05 2.79552e-05 2.58398e-05 2.35668e-05 2.12452e-05 1.89575e-05 1.67632e-05 1.47026e-05 1.28008e-05 1.10708e-05 9.51617e-06 8.13403e-06 6.91666e-06 5.85325e-06 4.93122e-06 4.13711e-06 3.45731e-06 2.87862e-06 2.38852e-06 1.97539e-06 1.62868e-06 1.3389e-06 1.09763e-06 8.97455e-07 7.31941e-07 5.95521e-07 4.83415e-07 3.91552e-07 3.16479e-07 2.55284e-07 2.05523e-07 1.65154e-07 1.32476e-07 1.06081e-07 8.48036e-08 6.76851e-08 5.39385e-08 4.29193e-08 3.41018e-08 2.70578e-08 2.14396e-08 1.69656e-08 1.34081e-08 1.05834e-08 8.34377e-09 6.57038e-09 5.16803e-09 4.06049e-09 3.18688e-09 2.4986e-09 1.95698e-09 1.53124e-09 1.19696e-09 9.34768e-10 7.29338e-10 5.68542e-10 4.42807e-10 3.44583e-10 2.67922e-10 2.08146e-10 1.61576e-10 1.25328e-10 9.71368e-11 7.52306e-11 5.82217e-11 4.5026e-11 3.47965e-11 2.68724e-11 2.07388e-11 1.59946e-11 1.23276e-11 9.49529e-12 7.30911e-12 5.62281e-12 4.32296e-12 3.32162e-12 2.55075e-12 1.95765e-12 1.50162e-12 1.15119e-12 8.82052e-13 6.75479e-13 5.17014e-13 3.9552e-13 3.02422e-13 2.31123e-13 1.76547e-13 1.34793e-13 1.02865e-13 7.84625e-14 5.98217e-14 4.55888e-14 3.47268e-14 2.6441e-14 2.01236e-14
2.1923e-05 2.00456e-05 2.23558e-05 2.36258e-05 2.40212e-05 2.3714e-05 2.28687e-05 2.16343e-05 2.01393e-05 1.84912e-05 1.67761e-05 1.50609e-05 1.33955e-05 1.1815e-05 1.03426e-05 8.99178e-06 7.76847e-06 6.673e-06 5.70158e-06 4.84759e-06 4.10264e-06 3.45731e-06 2.90183e-06 2.42643e-06 2.02173e-06 1.6789e-06 1.3898e-06 1.14704e-06 9.43983e-07 7.74773e-07 6.34255e-07 5.17946e-07 4.21972e-07 3.43008e-07 2.78221e-07 2.25204e-07 1.81928e-07 1.46688e-07 1.18057e-07 9.48468e-08 7.60696e-08 6.09095e-08 4.86933e-08 3.88675e-08 3.09783e-08 2.4655e-08 1.95951e-08 1.55527e-08 1.2328e-08 9.75956e-09 7.7167e-09 6.09414e-09 4.80714e-09 3.78765e-09 2.98109e-09 2.34376e-09 1.84076e-09 1.44424e-09 1.13201e-09 8.86423e-10 6.93459e-10 5.42002e-10 4.23243e-10 3.30215e-10 2.57413e-10 2.00493e-10 1.56031e-10 1.21332e-10 9.4275e-11 7.31955e-11 5.67865e-11 4.40236e-11 3.41046e-11 2.64017e-11 2.04244e-11 1.57896e-11 1.21984e-11 9.41788e-12 7.26646e-12 5.60298e-12 4.31764e-12 3.32514e-12 2.55926e-12 1.96864e-12 1.51344e-12 1.16284e-12 8.92966e-13 6.85349e-13 5.25721e-13 4.03059e-13 3.08857e-13 2.36551e-13 1.81081e-13 1.3855e-13 1.05957e-13 8.09919e-14 6.18801e-14 4.72561e-14 3.60717e-14 2.75219e-14 2.09893e-14
1.55128e-05 1.46107e-05 1.65107e-05 1.7642e-05 1.81111e-05 1.80353e-05 1.75315e-05 1.67082e-05 1.56619e-05 1.44748e-05 1.32143e-05 1.19342e-05 1.06753e-05 9.46762e-06 8.3318e-06 7.28083e-06 6.32163e-06 5.45646e-06 4.68408e-06 4.00075e-06 3.40108e-06 2.87862e-06 2.42643e-06 2.0374e-06 1.70453e-06 1.42117e-06 1.18108e-06 9.78538e-07 8.0837e-07 6.65945e-07 5.47166e-07 4.48441e-07 3.66645e-07 2.99079e-07 2.43426e-07 1.9771e-07 1.60254e-07 1.2964e-07 1.04678e-07 8.4369e-08 6.78818e-08 5.45246e-08 4.37246e-08 3.50087e-08 2.79877e-08 2.23418e-08 1.78095e-08 1.4177e-08 1.12703e-08 8.94792e-09 7.09514e-09 5.61911e-09 4.44484e-09 3.5119e-09 2.77165e-09 2.18503e-09 1.72073e-09 1.35367e-09 1.06384e-09 8.35229e-10 6.55113e-10 5.13355e-10 4.01901e-10 3.14361e-10 2.45673e-10 1.91828e-10 1.49659e-10 1.16664e-10 9.08701e-11 7.07235e-11 5.50011e-11 4.27417e-11 3.31902e-11 2.57546e-11 1.99706e-11 1.54748e-11 1.19829e-11 9.27274e-12 7.17083e-12 5.5418e-12 4.28013e-12 3.30365e-12 2.54839e-12 1.96462e-12 1.51368e-12 1.16557e-12 8.97007e-13 6.8994e-13 5.30381e-13 4.07502e-13 3.12925e-13 2.40173e-13 1.84241e-13 1.41262e-13 1.08256e-13 8.29205e-14 6.34839e-14 4.85802e-14 3.71579e-14 2.84081e-14 2.17088e-14
1.09769e-05 1.06404e-05 1.21807e-05 1.31569e-05 1.36351e-05 1.36941e-05 1.34158e-05 1.28788e-05 1.21547e-05 1.13058e-05 1.03845e-05 9.43337e-06 8.48563e-06 7.56629e-06 6.69324e-06 5.87841e-06 5.12889e-06 4.44794e-06 3.83592e-06 3.29104e-06 2.81e-06 2.38852e-06 2.02173e-06 1.70453e-06 1.43177e-06 1.19844e-06 9.99816e-07 8.31495e-07 6.89452e-07 5.70054e-07 4.70062e-07 3.86612e-07 3.17195e-07 2.59629e-07 2.12031e-07 1.72786e-07 1.40512e-07 1.14038e-07 9.23746e-08 7.46881e-08 6.02803e-08 4.85682e-08 3.90666e-08 3.13735e-08 2.51562e-08 2.01406e-08 1.61016e-08 1.28544e-08 1.0248e-08 8.15929e-09 6.48789e-09 5.15241e-09 4.08685e-09 3.23781e-09 2.56221e-09 2.0253e-09 1.59916e-09 1.26133e-09 9.9384e-10 7.82283e-10 6.15152e-10 4.83261e-10 3.79291e-10 2.97416e-10 2.33005e-10 1.82383e-10 1.42637e-10 1.11458e-10 8.70237e-11 6.78911e-11 5.29232e-11 4.12234e-11 3.20859e-11 2.49553e-11 1.93953e-11 1.50633e-11 1.16907e-11 9.06705e-12 7.02746e-12 5.44308e-12 4.21318e-12 3.25912e-12 2.51953e-12 1.94658e-12 1.50302e-12 1.15984e-12 8.94502e-13 6.89471e-13 5.31137e-13 4.08938e-13 3.14682e-13 2.42022e-13 1.86041e-13 1.42935e-13 1.09761e-13 8.42438e-14 6.4627e-14 4.95541e-14 3.79784e-14 2.90931e-14 2.22762e-14
7.76725e-06 7.74266e-06 8.97719e-06 9.80015e-06 1.02511e-05 1.03818e-05 1.0249e-05 9.90894e-06 9.41435e-06 8.81219e-06 8.14273e-06 7.43935e-06 6.72875e-06 6.0315e-06 5.36279e-06 4.73318e-06 4.14944e-06 3.61525e-06 3.1319e-06 2.69885e-06 2.31427e-06 1.97539e-06 1.6789e-06 1.42117e-06 1.19844e-06 1.007e-06 8.4328e-07 7.03914e-07 5.85793e-07 4.86082e-07 4.02232e-07 3.31971e-07 2.73294e-07 2.24448e-07 1.83908e-07 1.50357e-07 1.22666e-07 9.98715e-08 8.11531e-08 6.58184e-08 5.32841e-08 4.30611e-08 3.47404e-08 2.79815e-08 2.25019e-08 1.80676e-08 1.44855e-08 1.15969e-08 9.27137e-09 7.40211e-09 5.90195e-09 4.6998e-09 3.73786e-09 2.96921e-09 2.35585e-09 1.86705e-09 1.47802e-09 1.16878e-09 9.23261e-10 7.28562e-10 5.74342e-10 4.52321e-10 3.55882e-10 2.79741e-10 2.19689e-10 1.72374e-10 1.35131e-10 1.05843e-10 8.28338e-11 6.47732e-11 5.06097e-11 3.95121e-11 3.08242e-11 2.40284e-11 1.8717e-11 1.4569e-11 1.13323e-11 8.80845e-12 6.84202e-12 5.31101e-12 4.11986e-12 3.19379e-12 2.47431e-12 1.91571e-12 1.48231e-12 1.14627e-12 8.85881e-13 6.84244e-13 5.28199e-13 4.07511e-13 3.14225e-13 2.42161e-13 1.86524e-13 1.43594e-13 1.10487e-13 8.49696e-14 6.53127e-14 5.01783e-14 3.85321e-14 2.95746e-14 2.26887e-14
5.49613e-06 5.62981e-06 6.6098e-06 7.29145e-06 7.69683e-06 7.85916e-06 7.81712e-06 7.61069e-06 7.27829e-06 6.85501e-06 6.37158e-06 5.85396e-06 5.32338e-06 4.79653e-06 4.2861e-06 3.80123e-06 3.34808e-06 2.93035e-06 2.54983e-06 2.20675e-06 1.90026e-06 1.62868e-06 1.3898e-06 1.18108e-06 9.99816e-07 8.4328e-07 7.08796e-07 5.93809e-07 4.95931e-07 4.12963e-07 3.42907e-07 2.83971e-07 2.34562e-07 1.93274e-07 1.58879e-07 1.30311e-07 1.06648e-07 8.71006e-08 7.09936e-08 5.77537e-08 4.68956e-08 3.80106e-08 3.07557e-08 2.48438e-08 2.00358e-08 1.6133e-08 1.29708e-08 1.0413e-08 8.3477e-09 6.68277e-09 5.34271e-09 4.2658e-09 3.40163e-09 2.70918e-09 2.1551e-09 1.71233e-09 1.35899e-09 1.07736e-09 8.53167e-10 6.74917e-10 5.33359e-10 4.21068e-10 3.32092e-10 2.61667e-10 2.05984e-10 1.62001e-10 1.27296e-10 9.99387e-11 7.83933e-11 6.14412e-11 4.81155e-11 3.76496e-11 2.9437e-11 2.29981e-11 1.79541e-11 1.40059e-11 1.0918e-11 8.50485e-12 6.62042e-12 5.14999e-12 4.00345e-12 3.11011e-12 2.41454e-12 1.87333e-12 1.45253e-12 1.12555e-12 8.71655e-13 6.74628e-13 5.21832e-13 4.0341e-13 3.11685e-13 2.40683e-13 1.85753e-13 1.43282e-13 1.10463e-13 8.51168e-14 6.55527e-14 5.04599e-14 3.88226e-14 2.98545e-14 2.2947e-14
3.88907e-06 4.09058e-06 4.86227e-06 5.41904e-06 5.77182e-06 5.94122e-06 5.95322e-06 5.83587e-06 5.61698e-06 5.32253e-06 4.97581e-06 4.59686e-06 4.20237e-06 3.80577e-06 3.4175e-06 3.04531e-06 2.69464e-06 2.369e-06 2.07034e-06 1.79938e-06 1.55588e-06 1.3389e-06 1.14704e-06 9.78538e-07 8.31495e-07 7.03914e-07 5.93809e-07 4.99254e-07 4.18425e-07 3.49626e-07 2.913e-07 2.42039e-07 2.00583e-07 1.65811e-07 1.36739e-07 1.12505e-07 9.2361e-08 7.56632e-08 6.18576e-08 5.04716e-08 4.11033e-08 3.34127e-08 2.71131e-08 2.19637e-08 1.77629e-08 1.43426e-08 1.1563e-08 9.30812e-09 7.48205e-09 6.00573e-09 4.81411e-09 3.85379e-09 3.08104e-09 2.46014e-09 1.96196e-09 1.5628e-09 1.24341e-09 9.88165e-10 7.84454e-10 6.22068e-10 4.9278e-10 3.89962e-10 3.08289e-10 2.43483e-10 1.92117e-10 1.51445e-10 1.19275e-10 9.3855e-11 7.37879e-11 5.79618e-11 4.5492e-11 3.56756e-11 2.7955e-11 2.1888e-11 1.71245e-11 1.33876e-11 1.04584e-11 8.16414e-12 6.36864e-12 4.96454e-12 3.86734e-12 3.0106e-12 2.3421e-12 1.82086e-12 1.41472e-12 1.09847e-12 8.52395e-13 6.61042e-13 5.1234e-13 3.96856e-13 3.07225e-13 2.37702e-13 1.83809e-13 1.42057e-13 1.0973e-13 8.47136e-14 6.53664e-14 5.04117e-14 3.88587e-14 2.99383e-14 2.30543e-14
2.75192e-06 2.97015e-06 3.57365e-06 4.02329e-06 4.32313e-06 4.4854e-06 4.52718e-06 4.46794e-06 4.3276e-06 4.12529e-06 3.8785e-06 3.60258e-06 3.31056e-06 3.01315e-06 2.71882e-06 2.43404e-06 2.16351e-06 1.91042e-06 1.67672e-06 1.46335e-06 1.27046e-06 1.09763e-06 9.43983e-07 8.0837e-07 6.89452e-07 5.85793e-07 4.95931e-07 4.18425e-07 3.51892e-07 2.95028e-07 2.4663e-07 2.05596e-07 1.70932e-07 1.4175e-07 1.17263e-07 9.67785e-08 7.96928e-08 6.54816e-08 5.36927e-08 4.3938e-08 3.5886e-08 2.9255e-08 2.38064e-08 1.93389e-08 1.56833e-08 1.2698e-08 1.02648e-08 8.28514e-09 6.67738e-09 5.37387e-09 4.31878e-09 3.46615e-09 2.77817e-09 2.2239e-09 1.77798e-09 1.41975e-09 1.13236e-09 9.02101e-10 7.17857e-10 5.70616e-10 4.53092e-10 3.59397e-10 2.84787e-10 2.25441e-10 1.78289e-10 1.40865e-10 1.11193e-10 8.76912e-11 6.90954e-11 5.43956e-11 4.27866e-11 3.36271e-11 2.64068e-11 2.07202e-11 1.62454e-11 1.27272e-11 9.96342e-12 7.79401e-12 6.09254e-12 4.75911e-12 3.71492e-12 2.89784e-12 2.25895e-12 1.75975e-12 1.36997e-12 1.06584e-12 8.28712e-13 6.43939e-13 5.0006e-13 3.88096e-13 3.01024e-13 2.33353e-13 1.80791e-13 1.3999e-13 1.08337e-13 8.37959e-14 6.47792e-14 5.00519e-14 3.86527e-14 2.98344e-14 2.30164e-14
1.94726e-06 2.15522e-06 2.62438e-06 2.98409e-06 3.2344e-06 3.38204e-06 3.43799e-06 3.41555e-06 3.32888e-06 3.19194e-06 3.01776e-06 2.81805e-06 2.60288e-06 2.38071e-06 2.15836e-06 1.94117e-06 1.7331e-06 1.53698e-06 1.35463e-06 1.18709e-06 1.03473e-06 8.97455e-07 7.74773e-07 6.65945e-07 5.70054e-07 4.86082e-07 4.12963e-07 3.49626e-07 2.95028e-07 2.48178e-07 2.08145e-07 1.74074e-07 1.45184e-07 1.20774e-07 1.00219e-07 8.29629e-08 6.8521e-08 5.64685e-08 4.64373e-08 3.81102e-08 3.12148e-08 2.55185e-08 2.08234e-08 1.69621e-08 1.37932e-08 1.11977e-08 9.07596e-09 7.34484e-09 5.93493e-09 4.78865e-09 3.85828e-09 3.10437e-09 2.49442e-09 2.0017e-09 1.60426e-09 1.28415e-09 1.02667e-09 8.19857e-10 6.53954e-10 5.21041e-10 4.1469e-10 3.29696e-10 2.6185e-10 2.07755e-10 1.64672e-10 1.30397e-10 1.03159e-10 8.15344e-11 6.43846e-11 5.0797e-11 4.00422e-11 3.15375e-11 2.48185e-11 1.95151e-11 1.53326e-11 1.20371e-11 9.44267e-12 7.40183e-12 5.79779e-12 4.53806e-12 3.54951e-12 2.77436e-12 2.16699e-12 1.69145e-12 1.31939e-12 1.0285e-12 8.01234e-13 6.23791e-13 4.85344e-13 3.77395e-13 2.9328e-13 2.27779e-13 1.76804e-13 1.37159e-13 1.06343e-13 8.24059e-14 6.38218e-14 4.94024e-14 3.82206e-14 2.95543e-14 2.28413e-14
1.37789e-06 1.56291e-06 1.92574e-06 2.21123e-06 2.41725e-06 2.54704e-06 2.60742e-06 2.60734e-06 2.55675e-06 2.46576e-06 2.34404e-06 2.20041e-06 2.04264e-06 1.87734e-06 1.70996e-06 1.54483e-06 1.38529e-06 1.23375e-06 1.09187e-06 9.60684e-07 8.40676e-07 7.31941e-07 6.34255e-07 5.47166e-07 4.70062e-07 4.02232e-07 3.42907e-07 2.913e-07 2.4663e-07 2.08145e-07 1.75133e-07 1.4693e-07 1.22927e-07 1.02574e-07 8.53741e-08 7.08856e-08 5.87186e-08 4.8531e-08 4.00244e-08 3.29403e-08 2.70558e-08 2.21796e-08 1.81483e-08 1.48229e-08 1.20858e-08 9.83749e-09 7.99434e-09 6.48624e-09 5.25456e-09 4.25042e-09 3.43319e-09 2.7692e-09 2.23058e-09 1.79433e-09 1.44154e-09 1.15665e-09 9.26929e-10 7.41945e-10 5.93186e-10 4.73715e-10 3.77887e-10 3.01118e-10 2.39692e-10 1.90599e-10 1.51409e-10 1.20158e-10 9.52661e-11 7.54594e-11 5.97156e-11 4.7214e-11 3.72966e-11 2.9437e-11 2.32139e-11 1.82912e-11 1.44007e-11 1.13287e-11 8.90498e-12 6.99446e-12 5.4897e-12 4.30548e-12 3.37427e-12 2.64259e-12 2.06812e-12 1.61742e-12 1.26408e-12 9.87282e-13 7.70591e-13 6.01075e-13 4.68554e-13 3.65024e-13 2.84197e-13 2.21134e-13 1.71964e-13 1.33649e-13 1.03812e-13 8.05903e-14 6.25286e-14 4.84884e-14 3.75806e-14 2.91112e-14 2.25388e-14
9.74997e-07 1.13272e-06 1.41203e-06 1.63706e-06 1.80469e-06 1.91599e-06 1.97502e-06 1.98767e-06 1.96086e-06 1.90186e-06 1.81776e-06 1.7152e-06 1.60011e-06 1.47763e-06 1.35208e-06 1.22695e-06 1.10497e-06 9.88216e-07 8.78136e-07 7.7569e-07 6.81416e-07 5.95521e-07 5.17946e-07 4.48441e-07 3.86612e-07 3.31971e-07 2.83971e-07 2.42039e-07 2.05596e-07 1.74074e-07 1.4693e-07 1.23653e-07 1.03771e-07 8.68517e-08 7.25036e-08 6.03763e-08 5.01582e-08 4.15744e-08 3.4384e-08 2.83771e-08 2.3372e-08 1.92118e-08 1.57622e-08 1.29083e-08 1.05523e-08 8.61161e-09 7.01613e-09 5.70704e-09 4.63495e-09 3.75856e-09 3.04339e-09 2.46078e-09 1.98694e-09 1.60217e-09 1.29022e-09 1.03767e-09 8.33518e-10 6.68717e-10 5.35866e-10 4.28911e-10 3.42917e-10 2.73863e-10 2.1848e-10 1.74114e-10 1.38615e-10 1.10243e-10 8.75928e-11 6.95294e-11 5.51393e-11 4.36873e-11 3.45827e-11 2.73515e-11 2.16137e-11 1.70651e-11 1.34627e-11 1.06121e-11 8.35841e-12 6.57821e-12 5.17321e-12 4.06523e-12 3.1922e-12 2.50484e-12 1.96409e-12 1.53901e-12 1.20509e-12 9.4299e-13 7.37406e-13 5.76266e-13 4.5005e-13 3.51257e-13 2.73981e-13 2.13575e-13 1.66388e-13 1.29549e-13 1.00808e-13 7.83988e-14 6.09365e-14 4.73375e-14 3.67533e-14 2.85202e-14 2.21197e-14
6.8991e-07 8.20484e-07 1.03461e-06 1.21094e-06 1.34603e-06 1.43971e-06 1.4942e-06 1.5133e-06 1.50176e-06 1.46475e-06 1.40744e-06 1.33479e-06 1.2513e-06 1.16095e-06 1.06712e-06 9.72597e-07 8.79627e-07 7.89923e-07 7.04744e-07 6.24956e-07 5.51092e-07 4.83415e-07 4.21972e-07 3.66645e-07 3.17195e-07 2.73294e-07 2.34562e-07 2.00583e-07 1.70932e-07 1.45184e-07 1.22927e-07 1.03771e-07 8.73495e-08 7.33254e-08 6.13917e-08 5.1271e-08 4.27155e-08 3.55052e-08 2.94461e-08 2.43686e-08 2.01249e-08 1.6587e-08 1.36447e-08 1.12034e-08 9.18231e-09 7.51271e-09 6.13631e-09 5.00387e-09 4.07395e-09 3.31173e-09 2.6881e-09 2.17873e-09 1.76339e-09 1.42527e-09 1.15044e-09 9.27395e-10 7.46648e-10 6.00386e-10 4.82195e-10 3.86816e-10 3.09948e-10 2.48077e-10 1.9834e-10 1.58406e-10 1.26381e-10 1.00727e-10 8.02013e-11 6.37959e-11 5.06978e-11 4.02514e-11 3.19283e-11 2.53037e-11 2.00359e-11 1.58512e-11 1.253e-11 9.89649e-12 7.81016e-12 6.15877e-12 4.85277e-12 3.8208e-12 3.00603e-12 2.36326e-12 1.85659e-12 1.45751e-12 1.14342e-12 8.964e-13 7.02272e-13 5.4982e-13 4.30183e-13 3.36363e-13 2.62838e-13 2.05258e-13 1.60195e-13 1.2495e-13 9.74013e-14 7.58827e-14 5.90842e-14 4.59786e-14 3.57601e-14 2.77975e-14 2.15962e-14
