0.976611 0.00560733 0.00286964 0.00146858 0.000751568 0.000384626 0.000196838 0.000100735 5.15526e-05 2.63828e-05 1.35018e-05 6.90975e-06 3.53617e-06 1.80969e-06 9.26135e-07 4.73963e-07 2.42558e-07 1.24133e-07 6.35267e-08 3.25108e-08 1.66379e-08 8.51468e-09 4.35752e-09 2.23002e-09 1.14125e-09 5.84051e-10 2.98897e-10 1.52965e-10 7.82821e-11 4.0062e-11 2.05024e-11 1.04924e-11 5.36964e-12 2.74799e-12 1.40633e-12 7.19709e-13 3.68322e-13 1.88494e-13 9.64647e-14 4.93673e-14 2.52644e-14 1.29295e-14 6.61684e-15 3.38627e-15 1.73297e-15 8.86875e-16 4.53872e-16 2.32276e-16 1.18871e-16 6.08338e-17 3.11326e-17 1.59326e-17 8.15374e-18 4.1728e-18 2.13549e-18 1.09287e-18 5.59293e-19 2.86226e-19 1.46481e-19 7.49637e-20 3.83638e-20 1.96333e-20 1.00476e-20 5.14202e-21 2.6315e-21 1.34671e-21 6.892e-22 3.52708e-22 1.80504e-22 9.23755e-23 4.72746e-23 2.41935e-23 1.23814e-23 6.33635e-24 3.24272e-24 1.65951e-24 8.49281e-25 4.34632e-25 2.22429e-25 1.13832e-25 5.8255e-26 2.98129e-26 1.52572e-26 7.8081e-27 3.99591e-27 2.04497e-27 1.04654e-27 5.35584e-28 2.74093e-28 1.40271e-28 7.1786e-29 3.67375e-29 1.8801e-29 9.62169e-30 4.92404e-30 2.51995e-30 1.28962e-30 6.59984e-31 3.37757e-31 1.72852e-31 8.84597e-32
0.00560733 9.84304e-05 5.07551e-05 2.61701e-05 1.3493e-05 6.95642e-06 3.58625e-06 1.84872e-06 9.52973e-07 4.91209e-07 2.5318e-07 1.30488e-07 6.725e-08 3.4657e-08 1.78595e-08 9.20295e-09 4.74203e-09 2.44332e-09 1.25886e-09 6.48568e-10 3.34129e-10 1.72128e-10 8.86692e-11 4.56746e-11 2.35265e-11 1.21178e-11 6.24123e-12 3.2144e-12 1.65544e-12 8.52526e-13 4.39021e-13 2.26072e-13 1.1641e-13 5.99405e-14 3.08626e-14 1.58902e-14 8.18105e-15 4.21186e-15 2.16832e-15 1.11624e-15 5.74615e-16 2.95789e-16 1.52255e-16 7.83693e-17 4.03373e-17 2.07612e-17 1.06853e-17 5.49926e-18 2.83015e-18 1.45647e-18 7.49512e-19 3.85695e-19 1.9847e-19 1.02125e-19 5.25484e-20 2.70379e-20 1.39115e-20 7.15749e-21 3.68245e-21 1.89452e-21 9.74657e-22 5.01408e-22 2.5794e-22 1.32689e-22 6.82558e-23 3.51102e-23 1.80599e-23 9.28935e-24 4.77799e-24 2.4575e-24 1.26395e-24 6.50067e-25 3.34329e-25 1.71941e-25 8.84251e-26 4.54737e-26 2.33849e-26 1.20254e-26 6.18378e-27 3.17979e-27 1.63506e-27 8.40734e-28 4.32288e-28 2.22269e-28 1.14281e-28 5.87574e-29 3.02092e-29 1.55313e-29 7.98486e-30 4.10504e-30 2.11037e-30 1.0849e-30 5.57717e-31 2.867e-31 1.47379e-31 7.57585e-32 3.89422e-32 2.00171e-32 1.0289e-32 5.28855e-33 2.71827e-33
0.00286964 5.07551e-05 2.61769e-05 1.34999e-05 6.96173e-06 3.58988e-06 1.85106e-06 9.54411e-07 4.92071e-07 2.53687e-07 1.30781e-07 6.74169e-08 3.47514e-08 1.79124e-08 9.23235e-09 4.75829e-09 2.45227e-09 1.26377e-09 6.51244e-10 3.35584e-10 1.72917e-10 8.90957e-11 4.59045e-11 2.36503e-11 1.21842e-11 6.27683e-12 3.23345e-12 1.66561e-12 8.5795e-13 4.4191e-13 2.27608e-13 1.17227e-13 6.03735e-14 3.10922e-14 1.60117e-14 8.24537e-15 4.24586e-15 2.18628e-15 1.12572e-15 5.79612e-16 2.98422e-16 1.53642e-16 7.90992e-17 4.07212e-17 2.0963e-17 1.07913e-17 5.55494e-18 2.85937e-18 1.4718e-18 7.57549e-19 3.89907e-19 2.00677e-19 1.03281e-19 5.31533e-20 2.73544e-20 1.4077e-20 7.24406e-21 3.7277e-21 1.91817e-21 9.87008e-22 5.07858e-22 2.61308e-22 1.34447e-22 6.91728e-23 3.55885e-23 1.83093e-23 9.41939e-24 4.84577e-24 2.49282e-24 1.28235e-24 6.59651e-25 3.3932e-25 1.7454e-25 8.97777e-26 4.61776e-26 2.37511e-26 1.22159e-26 6.28289e-27 3.23133e-27 1.66185e-27 8.54663e-28 4.39529e-28 2.26032e-28 1.16236e-28 5.9773e-29 3.07368e-29 1.58053e-29 8.12713e-30 4.1789e-30 2.14871e-30 1.10481e-30 5.68046e-31 2.92061e-31 1.5016e-31 7.72014e-32 3.96906e-32 2.04053e-32 1.04903e-32 5.39294e-33 2.77239e-33 1.4252e-33
0.00146858 2.61701e-05 1.34999e-05 6.9635e-06 3.5917e-06 1.85246e-06 9.55371e-07 4.92688e-07 2.54067e-07 1.31009e-07 6.75506e-08 3.48286e-08 1.79565e-08 9.25727e-09 4.77226e-09 2.46004e-09 1.26806e-09 6.5361e-10 3.3688e-10 1.73625e-10 8.94804e-11 4.61131e-11 2.3763e-11 1.2245e-11 6.30956e-12 3.25102e-12 1.67503e-12 8.62989e-13 4.44601e-13 2.29044e-13 1.17991e-13 6.07802e-14 3.13082e-14 1.61264e-14 8.30615e-15 4.27805e-15 2.20331e-15 1.13472e-15 5.84368e-16 3.00932e-16 1.54965e-16 7.97969e-17 4.10886e-17 2.11564e-17 1.0893e-17 5.60842e-18 2.88747e-18 1.48655e-18 7.65296e-19 3.93971e-19 2.02808e-19 1.04398e-19 5.37385e-20 2.76609e-20 1.42375e-20 7.32803e-21 3.77163e-21 1.94114e-21 9.99017e-22 5.14134e-22 2.64586e-22 1.36159e-22 7.00668e-23 3.60551e-23 1.85528e-23 9.54641e-24 4.91201e-24 2.52736e-24 1.30036e-24 6.69034e-25 3.44209e-25 1.77086e-25 9.11039e-26 4.68682e-26 2.41106e-26 1.2403e-26 6.38025e-27 3.28198e-27 1.6882e-27 8.68367e-28 4.46654e-28 2.29736e-28 1.18162e-28 6.07738e-29 3.12568e-29 1.60755e-29 8.26749e-30 4.25181e-30 2.18658e-30 1.12446e-30 5.78253e-31 2.97359e-31 1.5291e-31 7.86286e-32 4.04312e-32 2.07895e-32 1.06896e-32 5.49633e-33 2.82601e-33 1.45301e-33 7.47054e-34
0.000751568 1.3493e-05 6.96173e-06 3.5917e-06 1.85293e-06 9.55851e-07 4.93058e-07 2.5432e-07 1.31171e-07 6.7651e-08 3.48888e-08 1.79918e-08 9.27769e-09 4.78391e-09 2.46663e-09 1.27175e-09 6.55664e-10 3.38016e-10 1.7425e-10 8.98232e-11 4.63002e-11 2.38648e-11 1.23002e-11 6.33939e-12 3.26711e-12 1.68368e-12 8.67638e-13 4.47094e-13 2.30377e-13 1.18703e-13 6.11601e-14 3.15106e-14 1.6234e-14 8.36335e-15 4.3084e-15 2.2194e-15 1.14324e-15 5.88879e-16 3.03317e-16 1.56225e-16 8.04619e-17 4.14394e-17 2.13413e-17 1.09904e-17 5.65968e-18 2.91444e-18 1.50073e-18 7.72746e-19 3.97884e-19 2.04862e-19 1.05476e-19 5.43037e-20 2.79572e-20 1.43927e-20 7.40935e-21 3.8142e-21 1.96342e-21 1.01067e-21 5.2023e-22 2.67773e-22 1.37825e-22 7.09371e-23 3.65097e-23 1.87901e-23 9.67031e-24 4.97667e-24 2.56109e-24 1.31795e-24 6.78209e-25 3.48992e-25 1.79579e-25 9.2403e-26 4.75449e-26 2.44631e-26 1.25866e-26 6.47581e-27 3.33172e-27 1.71409e-27 8.81836e-28 4.53661e-28 2.33381e-28 1.20057e-28 6.17592e-29 3.17691e-29 1.63418e-29 8.40586e-30 4.32371e-30 2.22393e-30 1.14387e-30 5.88331e-31 3.02592e-31 1.55627e-31 8.00392e-32 4.11634e-32 2.11695e-32 1.08868e-32 5.59866e-33 2.87911e-33 1.48055e-33 7.61339e-34 3.91495e-34
0.000384626 6.95642e-06 3.58988e-06 1.85246e-06 9.55851e-07 4.93181e-07 2.54447e-07 1.31269e-07 6.77179e-08 3.49318e-08 1.80183e-08 9.29358e-09 4.79324e-09 2.47203e-09 1.27483e-09 6.57404e-10 3.38992e-10 1.74793e-10 9.01236e-11 4.64656e-11 2.39554e-11 1.23497e-11 6.3663e-12 3.2817e-12 1.69158e-12 8.71895e-13 4.49385e-13 2.31608e-13 1.19363e-13 6.15131e-14 3.16991e-14 1.63346e-14 8.41693e-15 4.33691e-15 2.23455e-15 1.15128e-15 5.93142e-16 3.05575e-16 1.5742e-16 8.10937e-17 4.17732e-17 2.15175e-17 1.10834e-17 5.70868e-18 2.94025e-18 1.51432e-18 7.79895e-19 4.01643e-19 2.06838e-19 1.06513e-19 5.48485e-20 2.8243e-20 1.45427e-20 7.48795e-21 3.85539e-21 1.985e-21 1.02197e-21 5.26143e-22 2.70867e-22 1.39443e-22 7.17832e-23 3.69519e-23 1.90212e-23 9.79102e-24 5.0397e-24 2.594e-24 1.33513e-24 6.8717e-25 3.53667e-25 1.82017e-25 9.36739e-26 4.82074e-26 2.48083e-26 1.27665e-26 6.5695e-27 3.38052e-27 1.73949e-27 8.95061e-28 4.60544e-28 2.36963e-28 1.21921e-28 6.27286e-29 3.22733e-29 1.66039e-29 8.54216e-30 4.39456e-30 2.26075e-30 1.163e-30 5.98272e-31 3.07757e-31 1.5831e-31 8.14324e-32 4.18869e-32 2.15451e-32 1.10818e-32 5.69988e-33 2.93163e-33 1.50781e-33 7.75483e-34 3.98832e-34 2.05116e-34
0.000196838 3.58625e-06 1.85106e-06 9.55371e-07 4.93058e-07 2.54447e-07 1.31302e-07 6.77514e-08 3.49576e-08 1.8036e-08 9.30494e-09 4.80025e-09 2.47623e-09 1.2773e-09 6.5883e-10 3.39806e-10 1.75253e-10 9.03816e-11 4.66092e-11 2.40349e-11 1.23934e-11 6.39028e-12 3.29479e-12 1.6987e-12 8.75757e-13 4.51473e-13 2.32734e-13 1.19969e-13 6.18388e-14 3.18737e-14 1.64281e-14 8.46685e-15 4.36354e-15 2.24874e-15 1.15883e-15 5.97154e-16 3.07705e-16 1.5855e-16 8.1692e-17 4.20898e-17 2.1685e-17 1.11718e-17 5.75538e-18 2.96489e-18 1.52731e-18 7.86738e-19 4.05246e-19 2.08733e-19 1.0751e-19 5.53724e-20 2.85183e-20 1.46872e-20 7.56378e-21 3.89517e-21 2.00585e-21 1.0329e-21 5.31869e-22 2.73866e-22 1.41012e-22 7.26045e-23 3.73815e-23 1.92459e-23 9.90845e-24 5.10107e-24 2.62606e-24 1.35187e-24 6.95911e-25 3.58229e-25 1.84398e-25 9.49159e-26 4.88552e-26 2.51461e-26 1.29425e-26 6.66126e-27 3.42833e-27 1.7644e-27 9.08033e-28 4.67299e-28 2.40479e-28 1.23751e-28 6.36812e-29 3.27689e-29 1.68618e-29 8.67628e-30 4.4643e-30 2.29702e-30 1.18186e-30 6.08072e-31 3.1285e-31 1.60956e-31 8.28073e-32 4.26011e-32 2.19161e-32 1.12745e-32 5.79991e-33 2.98357e-33 1.53476e-33 7.89476e-34 4.06094e-34 2.08885e-34 1.07443e-34
0.000100735 1.84872e-06 9.54411e-07 4.92688e-07 2.5432e-07 1.31269e-07 6.77514e-08 3.49662e-08 1.80448e-08 9.31176e-09 4.80492e-09 2.47923e-09 1.27915e-09 6.59941e-10 3.40458e-10 1.7563e-10 9.05968e-11 4.67309e-11 2.41031e-11 1.24314e-11 6.41129e-12 3.30636e-12 1.70504e-12 8.79219e-13 4.53357e-13 2.33756e-13 1.20522e-13 6.21369e-14 3.20342e-14 1.65143e-14 8.51307e-15 4.38828e-15 2.26196e-15 1.16589e-15 6.00912e-16 3.09704e-16 1.59612e-16 8.22562e-17 4.23891e-17 2.18435e-17 1.12557e-17 5.79976e-18 2.98834e-18 1.53969e-18 7.9327e-19 4.08689e-19 2.10548e-19 1.08466e-19 5.58752e-20 2.87827e-20 1.48261e-20 7.63679e-21 3.9335e-21 2.02597e-21 1.04346e-21 5.37404e-22 2.76766e-22 1.42532e-22 7.34004e-23 3.77982e-23 1.94639e-23 1.00225e-23 5.16072e-24 2.65724e-24 1.36817e-24 7.04426e-25 3.62676e-25 1.8672e-25 9.61281e-26 4.94878e-26 2.54761e-26 1.31147e-26 6.75103e-27 3.47513e-27 1.7888e-27 9.20745e-28 4.73922e-28 2.43929e-28 1.25548e-28 6.46165e-29 3.32558e-29 1.71152e-29 8.80814e-30 4.53291e-30 2.3327e-30 1.20042e-30 6.17723e-31 3.17868e-31 1.63564e-31 8.4163e-32 4.33056e-32 2.22822e-32 1.14647e-32 5.89869e-33 3.03487e-33 1.56141e-33 8.03309e-34 4.13276e-34 2.12612e-34 1.09378e-34 5.62676e-35
5.15526e-05 9.52973e-07 4.92071e-07 2.54067e-07 1.31171e-07 6.77179e-08 3.49576e-08 1.80448e-08 9.31404e-09 4.80726e-09 2.48103e-09 1.28039e-09 6.60734e-10 3.40948e-10 1.75924e-10 9.07692e-11 4.68306e-11 2.416e-11 1.24636e-11 6.42934e-12 3.31641e-12 1.7106e-12 8.82281e-13 4.55035e-13 2.34672e-13 1.2102e-13 6.24074e-14 3.21805e-14 1.65932e-14 8.55556e-15 4.41111e-15 2.2742e-15 1.17244e-15 6.04413e-16 3.11572e-16 1.60608e-16 8.27859e-17 4.26706e-17 2.1993e-17 1.1335e-17 5.84177e-18 3.01058e-18 1.55145e-18 7.99486e-19 4.11972e-19 2.12279e-19 1.09379e-19 5.63564e-20 2.9036e-20 1.49595e-20 7.70693e-21 3.97037e-21 2.04534e-21 1.05363e-21 5.42743e-22 2.79568e-22 1.44001e-22 7.41704e-23 3.82016e-23 1.96752e-23 1.01331e-23 5.21862e-24 2.68754e-24 1.38401e-24 7.1271e-25 3.67006e-25 1.88982e-25 9.73097e-26 5.01048e-26 2.57983e-26 1.32828e-26 6.83875e-27 3.52089e-27 1.81266e-27 9.33187e-28 4.80408e-28 2.47309e-28 1.27309e-28 6.55339e-29 3.37336e-29 1.7364e-29 8.93766e-30 4.60033e-30 2.36779e-30 1.21867e-30 6.2722e-31 3.22807e-31 1.66133e-31 8.54987e-32 4.4e-32 2.26431e-32 1.16522e-32 5.99616e-33 3.08552e-33 1.58772e-33 8.16974e-34 4.20373e-34 2.16298e-34 1.11291e-34 5.72609e-35 2.9461e-35
2.63828e-05 4.91209e-07 2.53687e-07 1.31009e-07 6.7651e-08 3.49318e-08 1.8036e-08 9.31176e-09 4.80726e-09 2.48163e-09 1.28101e-09 6.61211e-10 3.41274e-10 1.76134e-10 9.08987e-11 4.69082e-11 2.42056e-11 1.24899e-11 6.44439e-12 3.32492e-12 1.71537e-12 8.84938e-13 4.56506e-13 2.35482e-13 1.21465e-13 6.26499e-14 3.23125e-14 1.66648e-14 8.59429e-15 4.43201e-15 2.28545e-15 1.17848e-15 6.07654e-16 3.13308e-16 1.61535e-16 8.32808e-17 4.29344e-17 2.21334e-17 1.14097e-17 5.88139e-18 3.03159e-18 1.56259e-18 8.05381e-19 4.1509e-19 2.13928e-19 1.10249e-19 5.68156e-20 2.92782e-20 1.50871e-20 7.77414e-21 4.00575e-21 2.06395e-21 1.06341e-21 5.47883e-22 2.82267e-22 1.45418e-22 7.49139e-23 3.85916e-23 1.98796e-23 1.02403e-23 5.27473e-24 2.71691e-24 1.39939e-24 7.20755e-25 3.71214e-25 1.91183e-25 9.84599e-26 5.07058e-26 2.61122e-26 1.34468e-26 6.92436e-27 3.56557e-27 1.83598e-27 9.45352e-28 4.86752e-28 2.50617e-28 1.29033e-28 6.64328e-29 3.4202e-29 1.7608e-29 9.06476e-30 4.66651e-30 2.40225e-30 1.23661e-30 6.36556e-31 3.27665e-31 1.68661e-31 8.68135e-32 4.46838e-32 2.29987e-32 1.18371e-32 6.09227e-33 3.13547e-33 1.61368e-33 8.30463e-34 4.2738e-34 2.19938e-34 1.13182e-34 5.82428e-35 2.99709e-35 1.54222e-35
1.35018e-05 2.5318e-07 1.30781e-07 6.75506e-08 3.48888e-08 1.80183e-08 9.30494e-09 4.80492e-09 2.48103e-09 1.28101e-09 6.61369e-10 3.41438e-10 1.7626e-10 9.0985e-11 4.69637e-11 2.42398e-11 1.25105e-11 6.45645e-12 3.33189e-12 1.71935e-12 8.87191e-13 4.57769e-13 2.36186e-13 1.21854e-13 6.28643e-14 3.243e-14 1.6729e-14 8.62923e-15 4.45096e-15 2.2957e-15 1.18402e-15 6.10634e-16 3.14909e-16 1.62394e-16 8.37405e-17 4.31801e-17 2.22645e-17 1.14795e-17 5.91859e-18 3.05137e-18 1.57309e-18 8.10952e-19 4.18042e-19 2.15491e-19 1.11076e-19 5.72527e-20 2.95091e-20 1.52089e-20 7.83839e-21 4.03961e-21 2.08178e-21 1.0728e-21 5.52821e-22 2.84863e-22 1.46782e-22 7.56304e-23 3.89677e-23 2.0077e-23 1.03438e-23 5.32901e-24 2.74536e-24 1.41429e-24 7.28558e-25 3.75299e-25 1.9332e-25 9.95779e-26 5.12905e-26 2.64179e-26 1.36065e-26 7.0078e-27 3.60916e-27 1.85873e-27 9.5723e-28 4.92951e-28 2.53851e-28 1.3072e-28 6.73125e-29 3.46607e-29 1.78471e-29 9.18935e-30 4.73143e-30 2.43606e-30 1.25422e-30 6.45726e-31 3.32439e-31 1.71146e-31 8.81066e-32 4.53566e-32 2.33487e-32 1.20192e-32 6.18695e-33 3.1847e-33 1.63927e-33 8.43766e-34 4.34295e-34 2.23531e-34 1.15048e-34 5.92126e-35 3.04746e-35 1.56839e-35 8.07159e-36
6.90975e-06 1.30488e-07 6.74169e-08 3.48286e-08 1.79918e-08 9.29358e-09 4.80025e-09 2.47923e-09 1.28039e-09 6.61211e-10 3.41438e-10 1.76302e-10 9.10282e-11 4.6997e-11 2.42627e-11 1.25251e-11 6.4655e-12 3.33732e-12 1.72254e-12 8.89036e-13 4.58823e-13 2.36782e-13 1.22188e-13 6.30504e-14 3.25331e-14 1.67858e-14 8.66035e-15 4.46796e-15 2.30496e-15 1.18904e-15 6.1335e-16 3.16375e-16 1.63183e-16 8.41647e-17 4.34076e-17 2.23863e-17 1.15446e-17 5.95334e-18 3.06989e-18 1.58295e-18 8.16195e-19 4.20826e-19 2.16968e-19 1.11859e-19 5.76672e-20 2.97283e-20 1.53249e-20 7.89961e-21 4.07192e-21 2.09883e-21 1.08178e-21 5.57553e-22 2.87354e-22 1.48093e-22 7.63195e-23 3.93299e-23 2.02673e-23 1.04437e-23 5.38142e-24 2.77285e-24 1.4287e-24 7.36113e-25 3.79256e-25 1.95393e-25 1.00663e-25 5.18583e-26 2.67149e-26 1.37618e-26 7.08902e-27 3.6516e-27 1.88091e-27 9.68815e-28 4.99001e-28 2.5701e-28 1.32369e-28 6.81726e-29 3.51093e-29 1.8081e-29 9.31136e-30 4.79503e-30 2.46921e-30 1.27149e-30 6.54724e-31 3.37125e-31 1.73586e-31 8.93771e-32 4.6018e-32 2.36929e-32 1.21983e-32 6.28014e-33 3.23317e-33 1.66448e-33 8.56877e-34 4.41111e-34 2.27074e-34 1.1689e-34 6.01698e-35 3.0972e-35 1.59423e-35 8.20583e-36 4.22362e-36
3.53617e-06 6.725e-08 3.47514e-08 1.79565e-08 9.27769e-09 4.79324e-09 2.47623e-09 1.27915e-09 6.60734e-10 3.41274e-10 1.7626e-10 9.10282e-11 4.70081e-11 2.42741e-11 1.2534e-11 6.47154e-12 3.3412e-12 1.72494e-12 8.90472e-13 4.59667e-13 2.3727e-13 1.22467e-13 6.32082e-14 3.26215e-14 1.6835e-14 8.68763e-15 4.48299e-15 2.3132e-15 1.19354e-15 6.158e-16 3.17704e-16 1.63903e-16 8.4553e-17 4.36167e-17 2.24987e-17 1.16049e-17 5.98562e-18 3.08715e-18 1.59216e-18 8.21105e-19 4.2344e-19 2.18358e-19 1.12597e-19 5.80589e-20 2.9936e-20 1.54348e-20 7.95778e-21 4.10267e-21 2.11507e-21 1.09035e-21 5.62075e-22 2.89738e-22 1.49349e-22 7.69806e-23 3.96777e-23 2.04502e-23 1.05398e-23 5.43192e-24 2.79937e-24 1.44262e-24 7.43414e-25 3.83085e-25 1.97399e-25 1.01714e-25 5.2409e-26 2.70032e-26 1.39127e-26 7.16797e-27 3.69289e-27 1.9025e-27 9.80099e-28 5.04897e-28 2.6009e-28 1.33977e-28 6.90124e-29 3.55477e-29 1.83098e-29 9.43069e-30 4.85727e-30 2.50166e-30 1.28841e-30 6.63543e-31 3.41721e-31 1.7598e-31 9.06243e-32 4.66675e-32 2.40311e-32 1.23744e-32 6.37178e-33 3.28087e-33 1.6893e-33 8.69786e-34 4.47826e-34 2.30566e-34 1.18706e-34 6.11138e-35 3.14627e-35 1.61973e-35 8.33837e-36 4.29249e-36 2.20967e-36
1.80969e-06 3.4657e-08 1.79124e-08 9.25727e-09 4.78391e-09 2.47203e-09 1.2773e-09 6.59941e-10 3.40948e-10 1.76134e-10 9.0985e-11 4.6997e-11 2.42741e-11 1.25369e-11 6.47456e-12 3.34353e-12 1.72654e-12 8.91499e-13 4.60301e-13 2.3765e-13 1.2269e-13 6.33374e-14 3.26954e-14 1.68768e-14 8.71105e-15 4.49603e-15 2.32042e-15 1.19752e-15 6.17983e-16 3.18896e-16 1.64552e-16 8.49052e-17 4.38073e-17 2.26016e-17 1.16603e-17 6.01541e-18 3.10312e-18 1.60072e-18 8.25679e-19 4.25882e-19 2.19659e-19 1.1329e-19 5.84274e-20 3.01317e-20 1.55387e-20 8.01285e-21 4.13183e-21 2.1305e-21 1.09851e-21 5.66385e-22 2.92013e-22 1.50549e-22 7.76134e-23 4.00111e-23 2.06257e-23 1.06322e-23 5.48049e-24 2.8249e-24 1.45603e-24 7.50457e-25 3.86782e-25 1.99339e-25 1.02731e-25 5.29421e-26 2.72826e-26 1.40591e-26 7.24458e-27 3.733e-27 1.92348e-27 9.91075e-28 5.10636e-28 2.6309e-28 1.35545e-28 6.98314e-29 3.59754e-29 1.85331e-29 9.54728e-30 4.91811e-30 2.53341e-30 1.30497e-30 6.72178e-31 3.46224e-31 1.78327e-31 9.18474e-32 4.73048e-32 2.43631e-32 1.25473e-32 6.46182e-33 3.32774e-33 1.7137e-33 8.82486e-34 4.54435e-34 2.34005e-34 1.20495e-34 6.2044e-35 3.19465e-35 1.64488e-35 8.46912e-36 4.36045e-36 2.24499e-36 1.15582e-36
9.26135e-07 1.78595e-08 9.23235e-09 4.77226e-09 2.46663e-09 1.27483e-09 6.5883e-10 3.40458e-10 1.75924e-10 9.08987e-11 4.69637e-11 2.42627e-11 1.2534e-11 6.47456e-12 3.34431e-12 1.72734e-12 8.92115e-13 4.60723e-13 2.37922e-13 1.22858e-13 6.3438e-14 3.27545e-14 1.6911e-14 8.7306e-15 4.50709e-15 2.32662e-15 1.20097e-15 6.19896e-16 3.1995e-16 1.6513e-16 8.52211e-17 4.39793e-17 2.26949e-17 1.17109e-17 6.04267e-18 3.11781e-18 1.60861e-18 8.29914e-19 4.28151e-19 2.20872e-19 1.13938e-19 5.87726e-20 3.03155e-20 1.56364e-20 8.06478e-21 4.15939e-21 2.14511e-21 1.10625e-21 5.7048e-22 2.94178e-22 1.51693e-22 7.82172e-23 4.03296e-23 2.07936e-23 1.07206e-23 5.52709e-24 2.84942e-24 1.46893e-24 7.57237e-25 3.90344e-25 2.01209e-25 1.03713e-25 5.34573e-26 2.75528e-26 1.42007e-26 7.31882e-27 3.77188e-27 1.94385e-27 1.00173e-27 5.16214e-28 2.66007e-28 1.37071e-28 7.06291e-29 3.63923e-29 1.87509e-29 9.66104e-30 4.97752e-30 2.56442e-30 1.32116e-30 6.80624e-31 3.50629e-31 1.80625e-31 9.30456e-32 4.79294e-32 2.46887e-32 1.27169e-32 6.5502e-33 3.37378e-33 1.73767e-33 8.94969e-34 4.60933e-34 2.37387e-34 1.22255e-34 6.29599e-35 3.24229e-35 1.66967e-35 8.598e-36 4.42747e-36 2.27983e-36 1.17393e-36 6.04463e-37
4.73963e-07 9.20295e-09 4.75829e-09 2.46004e-09 1.27175e-09 6.57404e-10 3.39806e-10 1.7563e-10 9.07692e-11 4.69082e-11 2.42398e-11 1.25251e-11 6.47154e-12 3.34353e-12 1.72734e-12 8.92321e-13 4.60935e-13 2.38085e-13 1.2297e-13 6.35099e-14 3.27989e-14 1.69376e-14 8.74625e-15 4.51615e-15 2.3318e-15 1.2039e-15 6.21538e-16 3.20865e-16 1.65637e-16 8.55003e-17 4.41324e-17 2.27786e-17 1.17564e-17 6.0674e-18 3.1312e-18 1.61584e-18 8.33807e-19 4.30243e-19 2.21995e-19 1.14539e-19 5.90942e-20 3.04872e-20 1.5728e-20 8.11353e-21 4.18532e-21 2.15889e-21 1.11356e-21 5.74356e-22 2.96231e-22 1.52779e-22 7.87918e-23 4.06332e-23 2.09539e-23 1.08052e-23 5.57168e-24 2.87292e-24 1.4813e-24 7.63749e-25 3.93769e-25 2.0301e-25 1.0466e-25 5.39543e-26 2.78137e-26 1.43376e-26 7.39062e-27 3.80953e-27 1.96358e-27 1.01207e-27 5.21627e-28 2.68841e-28 1.38554e-28 7.14049e-29 3.6798e-29 1.89631e-29 9.77192e-30 5.03545e-30 2.59469e-30 1.33696e-30 6.88875e-31 3.54936e-31 1.82872e-31 9.42181e-32 4.8541e-32 2.50076e-32 1.28832e-32 6.63686e-33 3.41894e-33 1.7612e-33 9.07227e-34 4.67317e-34 2.40711e-34 1.23985e-34 6.38608e-35 3.28918e-35 1.69407e-35 8.72494e-36 4.4935e-36 2.31418e-36 1.19179e-36 6.13749e-37 3.16063e-37
2.42558e-07 4.74203e-09 2.45227e-09 1.26806e-09 6.55664e-10 3.38992e-10 1.75253e-10 9.05968e-11 4.68306e-11 2.42056e-11 1.25105e-11 6.4655e-12 3.3412e-12 1.72654e-12 8.92115e-13 4.60935e-13 2.38139e-13 1.23026e-13 6.35531e-14 3.28285e-14 1.69567e-14 8.758e-15 4.5232e-15 2.33594e-15 1.2063e-15 6.22909e-16 3.21641e-16 1.66072e-16 8.57427e-17 4.42667e-17 2.28526e-17 1.1797e-17 6.08958e-18 3.14327e-18 1.62239e-18 8.37355e-19 4.32159e-19 2.23027e-19 1.15094e-19 5.9392e-20 3.06467e-20 1.58133e-20 8.15907e-21 4.20961e-21 2.17182e-21 1.12044e-21 5.78011e-22 2.98171e-22 1.53808e-22 7.93367e-23 4.09216e-23 2.11065e-23 1.08858e-23 5.61424e-24 2.89537e-24 1.49315e-24 7.69988e-25 3.97055e-25 2.0474e-25 1.0557e-25 5.44327e-26 2.80651e-26 1.44697e-26 7.45995e-27 3.84591e-27 1.98266e-27 1.02208e-27 5.26871e-28 2.71589e-28 1.39993e-28 7.21583e-29 3.71923e-29 1.91694e-29 9.87982e-30 5.09187e-30 2.62418e-30 1.35237e-30 6.96926e-31 3.59141e-31 1.85068e-31 9.53641e-32 4.91391e-32 2.53196e-32 1.30459e-32 6.72175e-33 3.4632e-33 1.78427e-33 9.19252e-34 4.73583e-34 2.43976e-34 1.25686e-34 6.47462e-35 3.33528e-35 1.71807e-35 8.84986e-36 4.55851e-36 2.348e-36 1.20938e-36 6.22902e-37 3.20823e-37 1.65234e-37
1.24133e-07 2.44332e-09 1.26377e-09 6.5361e-10 3.38016e-10 1.74793e-10 9.03816e-11 4.67309e-11 2.416e-11 1.24899e-11 6.45645e-12 3.33732e-12 1.72494e-12 8.91499e-13 4.60723e-13 2.38085e-13 1.23026e-13 6.35675e-14 3.28433e-14 1.69681e-14 8.76584e-15 4.52824e-15 2.33905e-15 1.20817e-15 6.24007e-16 3.22276e-16 1.66435e-16 8.59481e-17 4.43819e-17 2.29168e-17 1.18326e-17 6.10918e-18 3.15403e-18 1.62827e-18 8.40556e-19 4.33897e-19 2.23968e-19 1.15602e-19 5.96656e-20 3.07939e-20 1.58922e-20 8.20137e-21 4.23223e-21 2.1839e-21 1.12688e-21 5.81443e-22 2.99997e-22 1.54778e-22 7.98516e-23 4.11947e-23 2.12511e-23 1.09624e-23 5.65473e-24 2.91677e-24 1.50445e-24 7.75952e-25 4.002e-25 2.06397e-25 1.06442e-25 5.48922e-26 2.83068e-26 1.45968e-26 7.52675e-27 3.881e-27 2.00108e-27 1.03174e-27 5.31943e-28 2.74249e-28 1.41387e-28 7.28888e-29 3.7575e-29 1.93697e-29 9.98468e-30 5.14674e-30 2.65288e-30 1.36738e-30 7.04771e-31 3.63241e-31 1.8721e-31 9.6483e-32 4.97233e-32 2.56246e-32 1.32051e-32 6.80482e-33 3.50653e-33 1.80687e-33 9.31036e-34 4.79726e-34 2.47178e-34 1.27354e-34 6.56157e-35 3.38057e-35 1.74165e-35 8.97268e-36 4.62245e-36 2.38129e-36 1.22671e-36 6.31916e-37 3.25512e-37 1.67674e-37 8.63682e-38
6.35267e-08 1.25886e-09 6.51244e-10 3.3688e-10 1.7425e-10 9.01236e-11 4.66092e-11 2.41031e-11 1.24636e-11 6.44439e-12 3.33189e-12 1.72254e-12 8.90472e-13 4.60301e-13 2.37922e-13 1.2297e-13 6.35531e-14 3.28433e-14 1.69719e-14 8.76976e-15 4.53126e-15 2.34113e-15 1.2095e-15 6.2483e-16 3.22771e-16 1.66725e-16 8.61163e-17 4.44781e-17 2.29712e-17 1.18631e-17 6.1262e-18 3.16345e-18 1.63347e-18 8.43407e-19 4.35455e-19 2.24816e-19 1.16063e-19 5.99151e-20 3.09286e-20 1.59648e-20 8.2404e-21 4.25317e-21 2.19512e-21 1.13289e-21 5.84648e-22 3.01706e-22 1.55688e-22 8.0336e-23 4.14521e-23 2.13878e-23 1.10349e-23 5.69313e-24 2.9371e-24 1.5152e-24 7.81634e-25 4.03201e-25 2.07981e-25 1.07278e-25 5.53324e-26 2.85387e-26 1.47188e-26 7.59097e-27 3.91477e-27 2.01883e-27 1.04107e-27 5.3684e-28 2.76819e-28 1.42735e-28 7.3596e-29 3.79457e-29 1.9564e-29 1.00864e-29 5.20002e-30 2.68077e-30 1.38197e-30 7.12406e-31 3.67234e-31 1.89297e-31 9.75739e-32 5.02934e-32 2.59224e-32 1.33606e-32 6.886e-33 3.54891e-33 1.82899e-33 9.42573e-34 4.85744e-34 2.50316e-34 1.28991e-34 6.64685e-35 3.42502e-35 1.76481e-35 9.09333e-36 4.68529e-36 2.41401e-36 1.24374e-36 6.40786e-37 3.30129e-37 1.70076e-37 8.76182e-38 4.51372e-38
3.25108e-08 6.48568e-10 3.35584e-10 1.73625e-10 8.98232e-11 4.64656e-11 2.40349e-11 1.24314e-11 6.42934e-12 3.32492e-12 1.71935e-12 8.89036e-13 4.59667e-13 2.3765e-13 1.22858e-13 6.35099e-14 3.28285e-14 1.69681e-14 8.76976e-15 4.53227e-15 2.34217e-15 1.2103e-15 6.2538e-16 3.23124e-16 1.66944e-16 8.62473e-17 4.45551e-17 2.30158e-17 1.18886e-17 6.14062e-18 3.17155e-18 1.63798e-18 8.45906e-19 4.36832e-19 2.25572e-19 1.16476e-19 6.01401e-20 3.10507e-20 1.6031e-20 8.27612e-21 4.27243e-21 2.20548e-21 1.13844e-21 5.87625e-22 3.03299e-22 1.56539e-22 8.07897e-23 4.16938e-23 2.15163e-23 1.11032e-23 5.72941e-24 2.95634e-24 1.52539e-24 7.87032e-25 4.06056e-25 2.0949e-25 1.08075e-25 5.57531e-26 2.87606e-26 1.48358e-26 7.65259e-27 3.94721e-27 2.0359e-27 1.05005e-27 5.41558e-28 2.79298e-28 1.44037e-28 7.42793e-29 3.83042e-29 1.9752e-29 1.0185e-29 5.25168e-30 2.70783e-30 1.39615e-30 7.19825e-31 3.71116e-31 1.91329e-31 9.86363e-32 5.08488e-32 2.62127e-32 1.35123e-32 6.96526e-33 3.5903e-33 1.8506e-33 9.53855e-34 4.91632e-34 2.53388e-34 1.30593e-34 6.73042e-35 3.46859e-35 1.78753e-35 9.21172e-36 4.74699e-36 2.44615e-36 1.26049e-36 6.49506e-37 3.3467e-37 1.7244e-37 8.88487e-38 4.57775e-38 2.35854e-38
1.66379e-08 3.34129e-10 1.72917e-10 8.94804e-11 4.63002e-11 2.39554e-11 1.23934e-11 6.41129e-12 3.31641e-12 1.71537e-12 8.87191e-13 4.58823e-13 2.3727e-13 1.2269e-13 6.3438e-14 3.27989e-14 1.69567e-14 8.76584e-15 4.53126e-15 2.34217e-15 1.21057e-15 6.25655e-16 3.23336e-16 1.67089e-16 8.6341e-17 4.46129e-17 2.30505e-17 1.1909e-17 6.15243e-18 3.1783e-18 1.6418e-18 8.48051e-19 4.38028e-19 2.26235e-19 1.16841e-19 6.03405e-20 3.11603e-20 1.60906e-20 8.30853e-21 4.28997e-21 2.21495e-21 1.14355e-21 5.90372e-22 3.04773e-22 1.57329e-22 8.12124e-23 4.19195e-23 2.16368e-23 1.11674e-23 5.76355e-24 2.97448e-24 1.53503e-24 7.92142e-25 4.08764e-25 2.10924e-25 1.08833e-25 5.6154e-26 2.89723e-26 1.49476e-26 7.71154e-27 3.97829e-27 2.05228e-27 1.05867e-27 5.46095e-28 2.81684e-28 1.45291e-28 7.49383e-29 3.86503e-29 1.99337e-29 1.02804e-29 5.30169e-30 2.73405e-30 1.40989e-30 7.27025e-31 3.74887e-31 1.93303e-31 9.96694e-32 5.13893e-32 2.64954e-32 1.36602e-32 7.04253e-33 3.63069e-33 1.8717e-33 9.64875e-34 4.97386e-34 2.56392e-34 1.32161e-34 6.81223e-35 3.51127e-35 1.80979e-35 9.3278e-36 4.8075e-36 2.4777e-36 1.27693e-36 6.5807e-37 3.39131e-37 1.74764e-37 9.00588e-38 4.64076e-38 2.39134e-38 1.23221e-38
8.51468e-09 1.72128e-10 8.90957e-11 4.61131e-11 2.38648e-11 1.23497e-11 6.39028e-12 3.30636e-12 1.7106e-12 8.84938e-13 4.57769e-13 2.36782e-13 1.22467e-13 6.33374e-14 3.27545e-14 1.69376e-14 8.758e-15 4.52824e-15 2.34113e-15 1.2103e-15 6.25655e-16 3.23407e-16 1.67162e-16 8.63972e-17 4.46515e-17 2.30753e-17 1.19243e-17 6.16163e-18 3.18371e-18 1.64493e-18 8.49841e-19 4.39041e-19 2.26803e-19 1.17158e-19 6.05161e-20 3.12571e-20 1.61438e-20 8.33758e-21 4.3058e-21 2.22355e-21 1.1482e-21 5.92886e-22 3.06129e-22 1.58058e-22 8.16036e-23 4.21292e-23 2.1749e-23 1.12273e-23 5.79552e-24 2.99152e-24 1.54409e-24 7.96959e-25 4.11322e-25 2.12281e-25 1.09552e-25 5.65348e-26 2.91738e-26 1.50541e-26 7.76781e-27 4.00799e-27 2.06794e-27 1.06693e-27 5.50447e-28 2.83975e-28 1.46497e-28 7.55726e-29 3.89838e-29 2.01089e-29 1.03724e-29 5.35001e-30 2.7594e-30 1.42319e-30 7.33999e-31 3.78542e-31 1.95218e-31 1.00673e-31 5.19146e-32 2.67704e-32 1.3804e-32 7.11778e-33 3.67003e-33 1.89227e-33 9.75625e-34 5.03003e-34 2.59326e-34 1.33693e-34 6.89223e-35 3.55302e-35 1.83158e-35 9.44148e-36 4.8668e-36 2.50862e-36 1.29305e-36 6.66475e-37 3.43512e-37 1.77047e-37 9.12479e-38 4.7027e-38 2.4236e-38 1.249e-38 6.43659e-39
4.35752e-09 8.86692e-11 4.59045e-11 2.3763e-11 1.23002e-11 6.3663e-12 3.29479e-12 1.70504e-12 8.82281e-13 4.56506e-13 2.36186e-13 1.22188e-13 6.32082e-14 3.26954e-14 1.6911e-14 8.74625e-15 4.5232e-15 2.33905e-15 1.2095e-15 6.2538e-16 3.23336e-16 1.67162e-16 8.64159e-17 4.46708e-17 2.30902e-17 1.19345e-17 6.16821e-18 3.18777e-18 1.64737e-18 8.51275e-19 4.39871e-19 2.27278e-19 1.17427e-19 6.06669e-20 3.13412e-20 1.61904e-20 8.36326e-21 4.3199e-21 2.23126e-21 1.1524e-21 5.95167e-22 3.07364e-22 1.58725e-22 8.19633e-23 4.23227e-23 2.18528e-23 1.12829e-23 5.8253e-24 3.00743e-24 1.55258e-24 8.01482e-25 4.13729e-25 2.1356e-25 1.10232e-25 5.68953e-26 2.93649e-26 1.51552e-26 7.82133e-27 4.03629e-27 2.08289e-27 1.07482e-27 5.54611e-28 2.8617e-28 1.47654e-28 7.61818e-29 3.93044e-29 2.02776e-29 1.04611e-29 5.3966e-30 2.78388e-30 1.43604e-30 7.40743e-31 3.8208e-31 1.97073e-31 1.01645e-31 5.24242e-32 2.70373e-32 1.39438e-32 7.19094e-33 3.70832e-33 1.9123e-33 9.861e-34 5.08479e-34 2.62188e-34 1.35189e-34 6.97036e-35 3.59383e-35 1.85288e-35 9.55269e-36 4.92484e-36 2.5389e-36 1.30885e-36 6.74714e-37 3.47808e-37 1.79286e-37 9.24153e-38 4.76353e-38 2.4553e-38 1.26551e-38 6.52258e-39 3.36172e-39
2.23002e-09 4.56746e-11 2.36503e-11 1.2245e-11 6.33939e-12 3.2817e-12 1.6987e-12 8.79219e-13 4.55035e-13 2.35482e-13 1.21854e-13 6.30504e-14 3.26215e-14 1.68768e-14 8.7306e-15 4.51615e-15 2.33594e-15 1.20817e-15 6.2483e-16 3.23124e-16 1.67089e-16 8.63972e-17 4.46708e-17 2.30952e-17 1.19397e-17 6.17215e-18 3.19048e-18 1.64911e-18 8.52351e-19 4.40517e-19 2.27658e-19 1.17647e-19 6.07928e-20 3.14124e-20 1.62304e-20 8.38556e-21 4.33225e-21 2.23807e-21 1.15614e-21 5.97211e-22 3.08478e-22 1.5933e-22 8.2291e-23 4.24997e-23 2.19483e-23 1.13343e-23 5.85286e-24 3.0222e-24 1.56049e-24 8.05707e-25 4.15983e-25 2.14761e-25 1.10871e-25 5.72351e-26 2.95454e-26 1.5251e-26 7.87209e-27 4.06317e-27 2.09712e-27 1.08234e-27 5.58584e-28 2.88268e-28 1.48761e-28 7.67654e-29 3.96119e-29 2.04395e-29 1.05463e-29 5.44145e-30 2.80746e-30 1.44843e-30 7.47254e-31 3.85499e-31 1.98867e-31 1.02586e-31 5.29178e-32 2.72961e-32 1.40794e-32 7.26198e-33 3.74552e-33 1.93177e-33 9.96292e-34 5.13811e-34 2.64977e-34 1.36647e-34 7.04658e-35 3.63366e-35 1.87369e-35 9.66138e-36 4.98159e-36 2.56853e-36 1.32431e-36 6.82783e-37 3.52017e-37 1.81482e-37 9.35602e-38 4.82322e-38 2.48641e-38 1.28173e-38 6.60707e-39 3.40574e-39 1.7555e-39
1.14125e-09 2.35265e-11 1.21842e-11 6.30956e-12 3.26711e-12 1.69158e-12 8.75757e-13 4.53357e-13 2.34672e-13 1.21465e-13 6.28643e-14 3.25331e-14 1.6835e-14 8.71105e-15 4.50709e-15 2.3318e-15 1.2063e-15 6.24007e-16 3.22771e-16 1.66944e-16 8.6341e-17 4.46515e-17 2.30902e-17 1.19397e-17 6.17347e-18 3.19183e-18 1.65016e-18 8.53069e-19 4.40979e-19 2.27943e-19 1.17818e-19 6.08935e-20 3.14708e-20 1.62637e-20 8.40445e-21 4.34286e-21 2.24398e-21 1.15942e-21 5.99019e-22 3.0947e-22 1.59873e-22 8.25867e-23 4.26603e-23 2.20352e-23 1.13813e-23 5.8782e-24 3.03584e-24 1.56781e-24 8.0963e-25 4.18083e-25 2.15883e-25 1.1147e-25 5.75542e-26 2.97152e-26 1.53413e-26 7.92004e-27 4.08861e-27 2.1106e-27 1.08948e-27 5.62364e-28 2.90267e-28 1.49817e-28 7.73231e-29 3.99062e-29 2.05947e-29 1.06281e-29 5.48452e-30 2.83013e-30 1.46036e-30 7.53526e-31 3.88795e-31 2.00599e-31 1.03496e-31 5.33952e-32 2.75465e-32 1.42108e-32 7.33085e-33 3.78162e-33 1.95068e-33 1.00619e-33 5.18996e-34 2.6769e-34 1.38067e-34 7.12083e-35 3.67249e-35 1.89399e-35 9.76746e-36 5.03702e-36 2.59748e-36 1.33943e-36 6.90676e-37 3.56137e-37 1.83632e-37 9.46819e-38 4.88174e-38 2.51692e-38 1.29764e-38 6.69001e-39 3.44896e-39 1.77803e-39 9.16597e-40
5.84051e-10 1.21178e-11 6.27683e-12 3.25102e-12 1.68368e-12 8.71895e-13 4.51473e-13 2.33756e-13 1.2102e-13 6.26499e-14 3.243e-14 1.67858e-14 8.68763e-15 4.49603e-15 2.32662e-15 1.2039e-15 6.22909e-16 3.22276e-16 1.66725e-16 8.62473e-17 4.46129e-17 2.30753e-17 1.19345e-17 6.17215e-18 3.19183e-18 1.6505e-18 8.53428e-19 4.41256e-19 2.28134e-19 1.1794e-19 6.09692e-20 3.15162e-20 1.62904e-20 8.41993e-21 4.35171e-21 2.24899e-21 1.16223e-21 6.00588e-22 3.1034e-22 1.60352e-22 8.285e-23 4.28043e-23 2.21137e-23 1.14239e-23 5.9013e-24 3.04831e-24 1.57453e-24 8.1325e-25 4.20027e-25 2.16925e-25 1.12027e-25 5.78522e-26 2.98742e-26 1.5426e-26 7.96516e-27 4.1126e-27 2.12335e-27 1.09625e-27 5.65949e-28 2.92166e-28 1.50822e-28 7.78544e-29 4.0187e-29 2.0743e-29 1.07063e-29 5.52578e-30 2.85188e-30 1.47181e-30 7.59556e-31 3.91968e-31 2.02268e-31 1.04373e-31 5.3856e-32 2.77885e-32 1.43378e-32 7.39751e-33 3.81658e-33 1.96901e-33 1.0158e-33 5.2403e-34 2.70327e-34 1.39447e-34 7.19308e-35 3.71029e-35 1.91376e-35 9.87087e-36 5.09108e-36 2.62574e-36 1.35419e-36 6.98389e-37 3.60165e-37 1.85735e-37 9.57797e-38 4.93903e-38 2.54682e-38 1.31323e-38 6.77135e-39 3.49138e-39 1.80014e-39 9.28122e-40 4.78511e-40
2.98897e-10 6.24123e-12 3.23345e-12 1.67503e-12 8.67638e-13 4.49385e-13 2.32734e-13 1.20522e-13 6.24074e-14 3.23125e-14 1.6729e-14 8.66035e-15 4.48299e-15 2.32042e-15 1.20097e-15 6.21538e-16 3.21641e-16 1.66435e-16 8.61163e-17 4.45551e-17 2.30505e-17 1.19243e-17 6.16821e-18 3.19048e-18 1.65016e-18 8.53428e-19 4.41349e-19 2.28229e-19 1.18014e-19 6.10196e-20 3.15487e-20 1.63105e-20 8.43198e-21 4.3588e-21 2.2531e-21 1.16458e-21 6.01918e-22 3.11086e-22 1.60769e-22 8.30808e-23 4.29316e-23 2.21836e-23 1.14621e-23 5.92213e-24 3.05963e-24 1.58066e-24 8.16563e-25 4.21813e-25 2.17886e-25 1.12544e-25 5.81289e-26 3.00223e-26 1.55052e-26 8.00741e-27 4.13512e-27 2.13533e-27 1.10262e-27 5.69335e-28 2.93963e-28 1.51775e-28 7.83591e-29 4.04541e-29 2.08842e-29 1.0781e-29 5.56521e-30 2.87269e-30 1.48279e-30 7.65339e-31 3.95015e-31 2.03872e-31 1.05217e-31 5.42999e-32 2.80219e-32 1.44604e-32 7.46191e-33 3.85038e-33 1.98675e-33 1.02511e-33 5.28909e-34 2.72884e-34 1.40787e-34 7.26328e-35 3.74705e-35 1.933e-35 9.97156e-36 5.14375e-36 2.65328e-36 1.3686e-36 7.05917e-37 3.64099e-37 1.8779e-37 9.68531e-38 4.99508e-38 2.57608e-38 1.32851e-38 6.85103e-39 3.53295e-39 1.82182e-39 9.39429e-40 4.84407e-40 2.49773e-40
1.52965e-10 3.2144e-12 1.66561e-12 8.62989e-13 4.47094e-13 2.31608e-13 1.19969e-13 6.21369e-14 3.21805e-14 1.66648e-14 8.62923e-15 4.46796e-15 2.3132e-15 1.19752e-15 6.19896e-16 3.20865e-16 1.66072e-16 8.59481e-17 4.44781e-17 2.30158e-17 1.1909e-17 6.16163e-18 3.18777e-18 1.64911e-18 8.53069e-19 4.41256e-19 2.28229e-19 1.18038e-19 6.10449e-20 3.15682e-20 1.63239e-20 8.44059e-21 4.36412e-21 2.2563e-21 1.16646e-21 6.03007e-22 3.11709e-22 1.61122e-22 8.32789e-23 4.30421e-23 2.22449e-23 1.14959e-23 5.94068e-24 3.06978e-24 1.58619e-24 8.19568e-25 4.23441e-25 2.18766e-25 1.13018e-25 5.83842e-26 3.01594e-26 1.55787e-26 8.04676e-27 4.15615e-27 2.14656e-27 1.1086e-27 5.72521e-28 2.95657e-28 1.52675e-28 7.88368e-29 4.07074e-29 2.10184e-29 1.0852e-29 5.60277e-30 2.89254e-30 1.49327e-30 7.70873e-31 3.97934e-31 2.0541e-31 1.06027e-31 5.47267e-32 2.82465e-32 1.45785e-32 7.52401e-33 3.88302e-33 2.00389e-33 1.03411e-33 5.33632e-34 2.75362e-34 1.42086e-34 7.33138e-35 3.78274e-35 1.9517e-35 1.00694e-35 5.19499e-36 2.6801e-36 1.38263e-36 7.13255e-37 3.67936e-37 1.89796e-37 9.79012e-38 5.04984e-38 2.60468e-38 1.34344e-38 6.92902e-39 3.57365e-39 1.84307e-39 9.50512e-40 4.90188e-40 2.52788e-40 1.30358e-40
7.82821e-11 1.65544e-12 8.5795e-13 4.44601e-13 2.30377e-13 1.19363e-13 6.18388e-14 3.20342e-14 1.65932e-14 8.59429e-15 4.45096e-15 2.30496e-15 1.19354e-15 6.17983e-16 3.1995e-16 1.65637e-16 8.57427e-17 4.43819e-17 2.29712e-17 1.18886e-17 6.15243e-18 3.18371e-18 1.64737e-18 8.52351e-19 4.40979e-19 2.28134e-19 1.18014e-19 6.10449e-20 3.15747e-20 1.63306e-20 8.44576e-21 4.36767e-21 2.25858e-21 1.16787e-21 6.03855e-22 3.12208e-22 1.61411e-22 8.34442e-23 4.31357e-23 2.22974e-23 1.15252e-23 5.95694e-24 3.07875e-24 1.59112e-24 8.22262e-25 4.24909e-25 2.19564e-25 1.1345e-25 5.86179e-26 3.02855e-26 1.56465e-26 8.08319e-27 4.17568e-27 2.15702e-27 1.11419e-27 5.75504e-28 2.97247e-28 1.53522e-28 7.92871e-29 4.09466e-29 2.11454e-29 1.09193e-29 5.63844e-30 2.91142e-30 1.50326e-30 7.76153e-31 4.00722e-31 2.06882e-31 1.06804e-31 5.5136e-32 2.84621e-32 1.46921e-32 7.58377e-33 3.91445e-33 2.02042e-33 1.04279e-33 5.38194e-34 2.77757e-34 1.43343e-34 7.39734e-35 3.81733e-35 1.96983e-35 1.01645e-35 5.24478e-36 2.70617e-36 1.39627e-36 7.20398e-37 3.71673e-37 1.91751e-37 9.89236e-38 5.10328e-38 2.63261e-38 1.35804e-38 7.00525e-39 3.61347e-39 1.86385e-39 9.61363e-40 4.95851e-40 2.55743e-40 1.319e-40 6.80255e-41
4.0062e-11 8.52526e-13 4.4191e-13 2.29044e-13 1.18703e-13 6.15131e-14 3.18737e-14 1.65143e-14 8.55556e-15 4.43201e-15 2.2957e-15 1.18904e-15 6.158e-16 3.18896e-16 1.6513e-16 8.55003e-17 4.42667e-17 2.29168e-17 1.18631e-17 6.14062e-18 3.1783e-18 1.64493e-18 8.51275e-19 4.40517e-19 2.27943e-19 1.1794e-19 6.10196e-20 3.15682e-20 1.63306e-20 8.44748e-21 4.36944e-21 2.25995e-21 1.16882e-21 6.04461e-22 3.12583e-22 1.61636e-22 8.35766e-23 4.32124e-23 2.23413e-23 1.15501e-23 5.9709e-24 3.08653e-24 1.59544e-24 8.24643e-25 4.26217e-25 2.2028e-25 1.1384e-25 5.88298e-26 3.04003e-26 1.57086e-26 8.11667e-27 4.1937e-27 2.1667e-27 1.11938e-27 5.78283e-28 2.98733e-28 1.54314e-28 7.97098e-29 4.11717e-29 2.12651e-29 1.09829e-29 5.67221e-30 2.92933e-30 1.51275e-30 7.81176e-31 4.03379e-31 2.08287e-31 1.07546e-31 5.55276e-32 2.86687e-32 1.4801e-32 7.64115e-33 3.94467e-33 2.03632e-33 1.05116e-33 5.42593e-34 2.80069e-34 1.44558e-34 7.46112e-35 3.8508e-35 1.98739e-35 1.02566e-35 5.29307e-36 2.73148e-36 1.40954e-36 7.27343e-37 3.7531e-37 1.93654e-37 9.99194e-38 5.15538e-38 2.65986e-38 1.37228e-38 7.0797e-39 3.65237e-39 1.88418e-39 9.71977e-40 5.01393e-40 2.58636e-40 1.3341e-40 6.88135e-41 3.54935e-41
2.05024e-11 4.39021e-13 2.27608e-13 1.17991e-13 6.11601e-14 3.16991e-14 1.64281e-14 8.51307e-15 4.41111e-15 2.28545e-15 1.18402e-15 6.1335e-16 3.17704e-16 1.64552e-16 8.52211e-17 4.41324e-17 2.28526e-17 1.18326e-17 6.1262e-18 3.17155e-18 1.6418e-18 8.49841e-19 4.39871e-19 2.27658e-19 1.17818e-19 6.09692e-20 3.15487e-20 1.63239e-20 8.44576e-21 4.36944e-21 2.26041e-21 1.16929e-21 6.04824e-22 3.12832e-22 1.61796e-22 8.3676e-23 4.32721e-23 2.23765e-23 1.15705e-23 5.98254e-24 3.09313e-24 1.59914e-24 8.26711e-25 4.27364e-25 2.20912e-25 1.14188e-25 5.90199e-26 3.05039e-26 1.57649e-26 8.14718e-27 4.2102e-27 2.17559e-27 1.12417e-27 5.80855e-28 3.00112e-28 1.55053e-28 8.01047e-29 4.13825e-29 2.13775e-29 1.10428e-29 5.70405e-30 2.94625e-30 1.52173e-30 7.85938e-31 4.05903e-31 2.09623e-31 1.08253e-31 5.59012e-32 2.88661e-32 1.49052e-32 7.69611e-33 3.97365e-33 2.0516e-33 1.0592e-33 5.46827e-34 2.82296e-34 1.45729e-34 7.52267e-35 3.88314e-35 2.00438e-35 1.03457e-35 5.33985e-36 2.75602e-36 1.4224e-36 7.34085e-37 3.78842e-37 1.95504e-37 1.00888e-37 5.20609e-38 2.68639e-38 1.38616e-38 7.1523e-39 3.69033e-39 1.90402e-39 9.82346e-40 5.06811e-40 2.61466e-40 1.34887e-40 6.9585e-41 3.58961e-41 1.85169e-41
1.04924e-11 2.26072e-13 1.17227e-13 6.07802e-14 3.15106e-14 1.63346e-14 8.46685e-15 4.38828e-15 2.2742e-15 1.17848e-15 6.10634e-16 3.16375e-16 1.63903e-16 8.49052e-17 4.39793e-17 2.27786e-17 1.1797e-17 6.10918e-18 3.16345e-18 1.63798e-18 8.48051e-19 4.39041e-19 2.27278e-19 1.17647e-19 6.08935e-20 3.15162e-20 1.63105e-20 8.44059e-21 4.36767e-21 2.25995e-21 1.16929e-21 6.04946e-22 3.12957e-22 1.61893e-22 8.37423e-23 4.33148e-23 2.24028e-23 1.15863e-23 5.99187e-24 3.09853e-24 1.60223e-24 8.28462e-25 4.28348e-25 2.21461e-25 1.14492e-25 5.91878e-26 3.05962e-26 1.58154e-26 8.1747e-27 4.22515e-27 2.1837e-27 1.12855e-27 5.83219e-28 3.01385e-28 1.55737e-28 8.04713e-29 4.15788e-29 2.14825e-29 1.10988e-29 5.73393e-30 2.96216e-30 1.53019e-30 7.90436e-31 4.08291e-31 2.10889e-31 1.08924e-31 5.62566e-32 2.90541e-32 1.50046e-32 7.74863e-33 4.00138e-33 2.06622e-33 1.06691e-33 5.50891e-34 2.84437e-34 1.46856e-34 7.58196e-35 3.91432e-35 2.02077e-35 1.04318e-35 5.38507e-36 2.77976e-36 1.43486e-36 7.4062e-37 3.82269e-37 1.973e-37 1.01829e-37 5.25539e-38 2.71221e-38 1.39968e-38 7.22302e-39 3.72733e-39 1.92337e-39 9.92465e-40 5.121e-40 2.6423e-40 1.36332e-40 7.03395e-41 3.62902e-41 1.87226e-41 9.65901e-42
5.36964e-12 1.1641e-13 6.03735e-14 3.13082e-14 1.6234e-14 8.41693e-15 4.36354e-15 2.26196e-15 1.17244e-15 6.07654e-16 3.14909e-16 1.63183e-16 8.4553e-17 4.38073e-17 2.26949e-17 1.17564e-17 6.08958e-18 3.15403e-18 1.63347e-18 8.45906e-19 4.38028e-19 2.26803e-19 1.17427e-19 6.07928e-20 3.14708e-20 1.62904e-20 8.43198e-21 4.36412e-21 2.25858e-21 1.16882e-21 6.04824e-22 3.12957e-22 1.61925e-22 8.37754e-23 4.33404e-23 2.24204e-23 1.15976e-23 5.99887e-24 3.10274e-24 1.60471e-24 8.29897e-25 4.29169e-25 2.21926e-25 1.14754e-25 5.93336e-26 3.0677e-26 1.586e-26 8.19921e-27 4.23856e-27 2.19101e-27 1.13253e-27 5.85373e-28 3.02549e-28 1.56365e-28 8.08095e-29 4.17605e-29 2.15799e-29 1.1151e-29 5.76183e-30 2.97706e-30 1.53814e-30 7.94668e-31 4.10542e-31 2.12086e-31 1.09559e-31 5.65935e-32 2.92327e-32 1.50992e-32 7.79866e-33 4.02783e-33 2.0802e-33 1.07429e-33 5.54785e-34 2.8649e-34 1.47938e-34 7.63895e-35 3.94432e-35 2.03655e-35 1.05149e-35 5.42871e-36 2.80269e-36 1.4469e-36 7.46944e-37 3.85587e-37 1.99041e-37 1.02742e-37 5.30324e-38 2.73728e-38 1.41281e-38 7.29182e-39 3.76334e-39 1.94222e-39 1.00233e-39 5.17259e-40 2.66928e-40 1.37742e-40 7.10765e-41 3.66753e-41 1.89238e-41 9.76409e-42 5.03782e-42
