0.978165 0.00536403 0.00268699 0.0013533 0.000685203 0.000348717 0.000178351 9.16515e-05 4.73111e-05 2.45266e-05 1.27658e-05 6.66921e-06 3.49615e-06 1.83851e-06 9.69566e-07 5.12618e-07 2.71638e-07 1.44227e-07 7.67086e-08 4.08575e-08 2.17885e-08 1.16308e-08 6.21337e-09 3.32122e-09 1.77597e-09 9.49837e-10 5.07913e-10 2.71315e-10 1.44358e-10 7.5698e-11 4.04341e-11
0.00536403 5.37357e-05 2.70354e-05 1.36803e-05 6.95922e-06 3.55732e-06 1.82623e-06 9.41077e-07 4.86525e-07 2.52216e-07 1.31045e-07 6.82109e-08 3.55551e-08 1.85527e-08 9.68802e-09 5.06133e-09 2.64481e-09 1.3821e-09 7.22138e-10 3.77207e-10 1.96954e-10 1.02786e-10 5.36086e-11 2.79387e-11 1.45437e-11 7.55257e-12 3.89528e-12 1.96367e-12 9.09223e-13 2.73912e-13 1.38443e-13
0.00268699 2.70354e-05 1.35969e-05 6.87693e-06 3.49641e-06 1.78615e-06 9.16352e-07 4.71881e-07 2.43784e-07 1.26288e-07 6.55694e-08 3.41063e-08 1.7766e-08 9.26429e-09 4.8347e-09 2.52431e-09 1.31834e-09 6.88558e-10 3.59588e-10 1.87741e-10 9.79828e-11 5.11118e-11 2.66439e-11 1.38739e-11 7.20712e-12 3.71816e-12 1.87449e-12 8.67456e-13 2.60864e-13 1.31052e-13 6.62781e-14
0.0013533 1.36803e-05 6.87693e-06 3.47611e-06 1.76611e-06 9.01522e-07 4.62122e-07 2.37763e-07 1.22722e-07 6.35161e-08 3.29479e-08 1.71227e-08 8.91145e-09 4.64308e-09 2.4211e-09 1.26314e-09 6.59205e-10 3.44059e-10 1.79562e-10 9.36909e-11 4.88675e-11 2.54739e-11 1.32659e-11 6.89214e-12 3.55597e-12 1.7924e-12 8.28617e-13 2.48083e-13 1.24831e-13 6.2736e-14 3.17479e-14
0.000685203 6.95922e-06 3.49641e-06 1.76611e-06 8.96578e-07 4.57244e-07 2.34152e-07 1.20346e-07 6.205e-08 3.20795e-08 1.66226e-08 8.62934e-09 4.48641e-09 2.33516e-09 1.21647e-09 6.34068e-10 3.30613e-10 1.72411e-10 8.99079e-11 4.68748e-11 2.44284e-11 1.27193e-11 6.60752e-12 3.4087e-12 1.71752e-12 7.92987e-13 2.36172e-13 1.18741e-13 5.97746e-14 3.00524e-14 1.5218e-14
0.000348717 3.55732e-06 1.78615e-06 9.01522e-07 4.57244e-07 2.32948e-07 1.19158e-07 6.11706e-08 3.15008e-08 1.62656e-08 8.41786e-09 4.36462e-09 2.26645e-09 1.17831e-09 6.13135e-10 3.19244e-10 1.66288e-10 8.66323e-11 4.5133e-11 2.35069e-11 1.2234e-11 6.35317e-12 3.27633e-12 1.64985e-12 7.60622e-13 2.25273e-13 1.13082e-13 5.68777e-14 2.86453e-14 1.44075e-14 7.3004e-15
0.000178351 1.82623e-06 9.16352e-07 4.62122e-07 2.34152e-07 1.19158e-07 6.08775e-08 3.12115e-08 1.60514e-08 8.27692e-09 4.27766e-09 2.21495e-09 1.14865e-09 5.96399e-10 3.09949e-10 1.61189e-10 8.3863e-11 4.36413e-11 2.2709e-11 1.18098e-11 6.12899e-12 3.1588e-12 1.58938e-12 7.31527e-13 2.15417e-13 1.07925e-13 5.41947e-14 2.72699e-14 1.37402e-14 6.91352e-15 3.50545e-15
9.16515e-05 9.41077e-07 4.71881e-07 2.37763e-07 1.20346e-07 6.11706e-08 3.12115e-08 1.598e-08 8.20646e-09 4.2255e-09 2.18062e-09 1.12747e-09 5.83852e-10 3.02723e-10 1.57112e-10 8.15986e-11 4.23991e-11 2.20344e-11 1.14465e-11 5.93488e-12 3.05607e-12 1.53607e-12 7.05694e-13 2.06608e-13 1.03286e-13 5.17607e-14 2.60006e-14 1.30885e-14 6.59776e-15 3.32107e-15 1.68504e-15
4.73111e-05 4.86525e-07 2.43784e-07 1.22722e-07 6.205e-08 3.15008e-08 1.60514e-08 8.20646e-09 4.20812e-09 2.16346e-09 1.11476e-09 5.75491e-10 2.97564e-10 1.54056e-10 7.98384e-11 4.1406e-11 2.14828e-11 1.1144e-11 5.77076e-12 2.96808e-12 1.48992e-12 6.83112e-13 1.98843e-13 9.9166e-14 4.95834e-14 2.48548e-14 1.24895e-14 6.28972e-15 3.17202e-15 1.59732e-15 8.10975e-16
2.45266e-05 2.52216e-07 1.26288e-07 6.35161e-08 3.20795e-08 1.62656e-08 8.27692e-09 4.2255e-09 2.16346e-09 1.11053e-09 5.71311e-10 2.94469e-10 1.52019e-10 7.85816e-11 4.06615e-11 2.1054e-11 1.09021e-11 5.63657e-12 2.89482e-12 1.4509e-12 6.63774e-13 1.92121e-13 9.55648e-14 4.7664e-14 2.38365e-14 1.19517e-14 6.00777e-15 3.02677e-15 1.52714e-15 7.69322e-16 3.90847e-16
1.27658e-05 1.31045e-07 6.55694e-08 3.29479e-08 1.66226e-08 8.41786e-09 4.27766e-09 2.18062e-09 1.11476e-09 5.71311e-10 2.93438e-10 1.51001e-10 7.78277e-11 4.01653e-11 2.07478e-11 1.07208e-11 5.53226e-12 2.83624e-12 1.419e-12 6.4767e-13 1.86438e-13 9.2481e-14 4.60021e-14 2.29461e-14 1.14773e-14 5.75626e-15 2.89447e-15 1.45885e-15 7.36385e-16 3.7111e-16 1.88659e-16
6.66921e-06 6.82109e-08 3.41063e-08 1.71227e-08 8.62934e-09 4.36462e-09 2.21495e-09 1.12747e-09 5.75491e-10 2.94469e-10 1.51001e-10 7.75765e-11 3.99173e-11 2.05642e-11 1.06e-11 5.45778e-12 2.79233e-12 1.3942e-12 6.34796e-13 1.81792e-13 8.99132e-14 4.4597e-14 2.21836e-14 1.10663e-14 5.53615e-15 2.77728e-15 1.39699e-15 7.04377e-16 3.55702e-16 1.79328e-16 9.12206e-17
3.49615e-06 3.55551e-08 1.7766e-08 8.91145e-09 4.48641e-09 2.26645e-09 1.14865e-09 5.83852e-10 2.97564e-10 1.52019e-10 7.78277e-11 3.99173e-11 2.0503e-11 1.05395e-11 5.41311e-12 2.76307e-12 1.37649e-12 6.25144e-13 1.7818e-13 8.78603e-14 4.34483e-14 2.15487e-14 1.07189e-14 5.34759e-15 2.67568e-15 1.34262e-15 6.75558e-16 3.40754e-16 1.72148e-16 8.68202e-17 4.419e-17
1.83851e-06 1.85527e-08 9.26429e-09 4.64308e-09 2.33516e-09 1.17831e-09 5.96399e-10 3.02723e-10 1.54056e-10 7.85816e-11 4.01653e-11 2.05642e-11 1.05395e-11 5.39822e-12 2.74844e-12 1.36587e-12 6.18712e-13 1.75601e-13 8.63214e-14 4.25554e-14 2.10411e-14 1.04348e-14 5.19057e-15 2.58976e-15 1.296e-15 6.50465e-16 3.27389e-16 1.65195e-16 8.34889e-17 4.21209e-17 2.14508e-17
9.69566e-07 9.68802e-09 4.8347e-09 2.4211e-09 1.21647e-09 6.13135e-10 3.09949e-10 1.57112e-10 7.98384e-11 4.06615e-11 2.07478e-11 1.06e-11 5.41311e-12 2.74844e-12 1.36233e-12 6.15497e-13 1.74055e-13 8.52959e-14 4.19179e-14 2.06606e-14 1.0214e-14 5.06504e-15 2.5195e-15 1.25716e-15 6.29217e-16 3.15874e-16 1.59029e-16 8.02701e-17 4.0583e-17 2.0481e-17 1.04358e-17
5.12618e-07 5.06133e-09 2.52431e-09 1.26314e-09 6.34068e-10 3.19244e-10 1.61189e-10 8.15986e-11 4.1406e-11 2.1054e-11 1.07208e-11 5.45778e-12 2.76307e-12 1.36587e-12 6.15497e-13 1.73539e-13 8.47832e-14 4.15355e-14 2.04071e-14 1.00564e-14 4.97094e-15 2.46488e-15 1.22611e-15 6.11838e-16 3.0627e-16 1.53781e-16 7.74418e-17 3.91009e-17 1.97752e-17 9.98288e-18 5.08903e-18
2.71638e-07 2.64481e-09 1.31834e-09 6.59205e-10 3.30613e-10 1.66288e-10 8.3863e-11 4.23991e-11 2.14828e-11 1.09021e-11 5.53226e-12 2.79233e-12 1.37649e-12 6.18712e-13 1.74055e-13 8.47832e-14 4.1408e-14 2.02803e-14 9.96181e-15 4.90823e-15 2.42589e-15 1.20283e-15 5.98327e-16 2.98588e-16 1.49483e-16 7.50701e-17 3.78127e-17 1.90971e-17 9.66118e-18 4.87839e-18 2.48793e-18
1.44227e-07 1.3821e-09 6.88558e-10 3.44059e-10 1.72411e-10 8.66323e-11 4.36413e-11 2.20344e-11 1.1144e-11 5.63657e-12 2.83624e-12 1.3942e-12 6.25144e-13 1.75601e-13 8.52959e-14 4.15355e-14 2.02803e-14 9.93029e-15 4.87688e-15 2.4025e-15 1.18732e-15 5.8868e-16 2.92829e-16 1.4614e-16 7.31702e-17 3.67515e-17 1.85153e-17 9.35319e-18 4.73296e-18 2.39042e-18 1.21953e-18
7.67086e-08 7.22138e-10 3.59588e-10 1.79562e-10 8.99079e-11 4.5133e-11 2.2709e-11 1.14465e-11 5.77076e-12 2.89482e-12 1.419e-12 6.34796e-13 1.7818e-13 8.63214e-14 4.19179e-14 2.04071e-14 9.96181e-15 4.87688e-15 2.39471e-15 1.17956e-15 5.82893e-16 2.8899e-16 1.43753e-16 7.17452e-17 3.59247e-17 1.80462e-17 9.09308e-18 4.59434e-18 2.32534e-18 1.17464e-18 5.99449e-19
4.08575e-08 3.77207e-10 1.87741e-10 9.36909e-11 4.68748e-11 2.35069e-11 1.18098e-11 5.93488e-12 2.96808e-12 1.4509e-12 6.4767e-13 1.81792e-13 8.78603e-14 4.25554e-14 2.06606e-14 1.00564e-14 4.90823e-15 2.4025e-15 1.17956e-15 5.80965e-16 2.87072e-16 1.42321e-16 7.07953e-17 3.5334e-17 1.76938e-17 8.88904e-18 4.47951e-18 2.26363e-18 1.14587e-18 5.78915e-19 2.955e-19
2.17885e-08 1.96954e-10 9.79828e-11 4.88675e-11 2.44284e-11 1.2234e-11 6.12899e-12 3.05607e-12 1.48992e-12 6.63774e-13 1.86438e-13 8.99132e-14 4.34483e-14 2.10411e-14 1.0214e-14 4.97094e-15 2.42589e-15 1.18732e-15 5.82893e-16 2.87072e-16 1.41844e-16 7.03205e-17 3.49797e-17 1.74587e-17 8.74296e-18 4.39257e-18 2.21375e-18 1.11878e-18 5.66395e-19 2.86178e-19 1.46098e-19
1.16308e-08 1.02786e-10 5.11118e-11 2.54739e-11 1.27193e-11 6.35317e-12 3.1588e-12 1.53607e-12 6.83112e-13 1.92121e-13 9.2481e-14 4.4597e-14 2.15487e-14 1.04348e-14 5.06504e-15 2.46488e-15 1.20283e-15 5.8868e-16 2.8899e-16 1.42321e-16 7.03205e-17 3.48616e-17 1.73412e-17 8.65527e-18 4.33444e-18 2.17774e-18 1.09757e-18 5.54708e-19 2.80841e-19 1.41904e-19 7.24489e-20
6.21337e-09 5.36086e-11 2.66439e-11 1.32659e-11 6.60752e-12 3.27633e-12 1.58938e-12 7.05694e-13 1.98843e-13 9.55648e-14 4.60021e-14 2.21836e-14 1.07189e-14 5.19057e-15 2.5195e-15 1.22611e-15 5.98327e-16 2.92829e-16 1.43753e-16 7.07953e-17 3.49797e-17 1.73412e-17 8.62603e-18 4.30536e-18 2.15606e-18 1.08325e-18 5.45948e-19 2.75919e-19 1.39693e-19 7.05837e-20 3.60359e-20
3.32122e-09 2.79387e-11 1.38739e-11 6.89214e-12 3.4087e-12 1.64985e-12 7.31527e-13 2.06608e-13 9.9166e-14 4.7664e-14 2.29461e-14 1.10663e-14 5.34759e-15 2.58976e-15 1.25716e-15 6.11838e-16 2.98588e-16 1.4614e-16 7.17452e-17 3.5334e-17 1.74587e-17 8.65527e-18 4.30536e-18 2.14883e-18 1.07607e-18 5.40617e-19 2.72452e-19 1.37687e-19 6.97039e-20 3.52178e-20 1.79785e-20
1.77597e-09 1.45437e-11 7.20712e-12 3.55597e-12 1.71752e-12 7.60622e-13 2.15417e-13 1.03286e-13 4.95834e-14 2.38365e-14 1.14773e-14 5.53615e-15 2.67568e-15 1.296e-15 6.29217e-16 3.0627e-16 1.49483e-16 7.31702e-17 3.59247e-17 1.76938e-17 8.74296e-18 4.33444e-18 2.15606e-18 1.07607e-18 5.38833e-19 2.70691e-19 1.36406e-19 6.89267e-20 3.48898e-20 1.76262e-20 8.99653e-21
9.49837e-10 7.55257e-12 3.71816e-12 1.7924e-12 7.92987e-13 2.25273e-13 1.07925e-13 5.17607e-14 2.48548e-14 1.19517e-14 5.75626e-15 2.77728e-15 1.34262e-15 6.50465e-16 3.15874e-16 1.53781e-16 7.50701e-17 3.67515e-17 1.80462e-17 8.88904e-18 4.39257e-18 2.17774e-18 1.08325e-18 5.40617e-19 2.70691e-19 1.35971e-19 6.85088e-20 3.46124e-20 1.75173e-20 8.84831e-21 4.51514e-21
5.07913e-10 3.89528e-12 1.87449e-12 8.28617e-13 2.36172e-13 1.13082e-13 5.41947e-14 2.60006e-14 1.24895e-14 6.00777e-15 2.89447e-15 1.39699e-15 6.75558e-16 3.27389e-16 1.59029e-16 7.74418e-17 3.78127e-17 1.85153e-17 9.09308e-18 4.47951e-18 2.21375e-18 1.09757e-18 5.45948e-19 2.72452e-19 1.36406e-19 6.85088e-20 3.45122e-20 1.74328e-20 8.82077e-21 4.45466e-21 2.27242e-21
2.71315e-10 1.96367e-12 8.67456e-13 2.48083e-13 1.18741e-13 5.68777e-14 2.72699e-14 1.30885e-14 6.28972e-15 3.02677e-15 1.45885e-15 7.04377e-16 3.40754e-16 1.65195e-16 8.02701e-17 3.91009e-17 1.90971e-17 9.35319e-18 4.59434e-18 2.26363e-18 1.11878e-18 5.54708e-19 2.75919e-19 1.37687e-19 6.89267e-20 3.46124e-20 1.74328e-20 8.80357e-21 4.4533e-21 2.24848e-21 1.14657e-21
1.44358e-10 9.09223e-13 2.60864e-13 1.24831e-13 5.97746e-14 2.86453e-14 1.37402e-14 6.59776e-15 3.17202e-15 1.52714e-15 7.36385e-16 3.55702e-16 1.72148e-16 8.34889e-17 4.0583e-17 1.97752e-17 9.66118e-18 4.73296e-18 2.32534e-18 1.14587e-18 5.66395e-19 2.80841e-19 1.39693e-19 6.97039e-20 3.48898e-20 1.75173e-20 8.82077e-21 4.4533e-21 2.25205e-21 1.13678e-21 5.79442e-22
7.5698e-11 2.73912e-13 1.31052e-13 6.2736e-14 3.00524e-14 1.44075e-14 6.91352e-15 3.32107e-15 1.59732e-15 7.69322e-16 3.7111e-16 1.79328e-16 8.68202e-17 4.21209e-17 2.0481e-17 9.98288e-18 4.87839e-18 2.39042e-18 1.17464e-18 5.78915e-19 2.86178e-19 1.41904e-19 7.05837e-20 3.52178e-20 1.76262e-20 8.84831e-21 4.45466e-21 2.24848e-21 1.13678e-21 5.73687e-22 2.92317e-22
4.04341e-11 1.38443e-13 6.62781e-14 3.17479e-14 1.5218e-14 7.3004e-15 3.50545e-15 1.68504e-15 8.10975e-16 3.90847e-16 1.88659e-16 9.12206e-17 4.419e-17 2.14508e-17 1.04358e-17 5.08903e-18 2.48793e-18 1.21953e-18 5.99449e-19 2.955e-19 1.46098e-19 7.24489e-20 3.60359e-20 1.79785e-20 8.99653e-21 4.51514e-21 2.27242e-21 1.14657e-21 5.79442e-22 2.92317e-22 1.48861e-22
