0.542232 0.0387906 0.0260955 0.0175551 0.0118098 0.00794479 0.00534468 0.00359551 0.0024188 0.00162719 0.00109466 0.000736405 0.0004954 0.000333269 0.000224199 0.000150825 0.000101464 6.82576e-05 4.59187e-05 3.08908e-05 2.07811e-05 1.398e-05 9.40472e-06 6.32681e-06 4.25622e-06 2.86328e-06 1.9262e-06 1.29581e-06 8.71727e-07 5.86434e-07 3.9451e-07 2.65398e-07 1.7854e-07 1.20109e-07 8.08006e-08 5.43568e-08 3.65673e-08 2.45998e-08 1.6549e-08 1.11329e-08 7.48943e-09 5.03834e-09 3.38943e-09 2.28016e-09 1.53393e-09 1.03191e-09 6.94197e-10 4.67005e-10 3.14167e-10 2.11349e-10 1.4218e-10 9.56485e-11 6.43453e-11 4.32869e-11 2.91203e-11 1.959e-11 1.31787e-11 8.86568e-12 5.96419e-12 4.01227e-12 2.69916e-12 1.8158e-12 1.22154e-12 8.21763e-13 5.52822e-13 3.71899e-13 2.50186e-13 1.68307e-13 1.13225e-13 7.61694e-14 5.12412e-14 3.44714e-14 2.31898e-14 1.56004e-14 1.04948e-14 7.06017e-15 4.74957e-15 3.19516e-15 2.14947e-15 1.44601e-15 9.7277e-16 6.54409e-16 4.40239e-16 2.96161e-16 1.99235e-16 1.34031e-16 9.01663e-17 6.06573e-17 4.08058e-17 2.74512e-17 1.84672e-17 1.24234e-17 8.35754e-18 5.62235e-18 3.7823e-18 2.54446e-18 1.71173e-18 1.15153e-18 7.74663e-19 5.21137e-19 3.50583e-19
0.0387906 0.0136754 0.0100442 0.00732506 0.00530991 0.0038292 0.00274895 0.00196564 0.00140061 0.000994878 0.000704703 0.000497901 0.000350982 0.000246899 0.00017335 0.000121498 8.50182e-05 5.94027e-05 4.14477e-05 2.88825e-05 2.01025e-05 1.39759e-05 9.70627e-06 6.7344e-06 4.66813e-06 3.23303e-06 2.23728e-06 1.54701e-06 1.06892e-06 7.38068e-07 5.09284e-07 3.51197e-07 2.42037e-07 1.66711e-07 1.14766e-07 7.8965e-08 5.43052e-08 3.73286e-08 2.56474e-08 1.7614e-08 1.20917e-08 8.29748e-09 5.69161e-09 3.90269e-09 2.67508e-09 1.83299e-09 1.25556e-09 8.59764e-10 5.88552e-10 4.02774e-10 2.75558e-10 1.8847e-10 1.28871e-10 8.80958e-11 6.02067e-11 4.11366e-11 2.81002e-11 1.91906e-11 1.3103e-11 8.9446e-12 6.10462e-12 4.1655e-12 2.84177e-12 1.93833e-12 1.32185e-12 9.01281e-13 6.14412e-13 4.18778e-13 2.85387e-13 1.94452e-13 1.32471e-13 9.02326e-14 6.14523e-14 4.18454e-14 2.84902e-14 1.93946e-14 1.32009e-14 8.98402e-15 6.11335e-15 4.15941e-15 2.82962e-15 1.92474e-15 1.30907e-15 8.9023e-16 6.05329e-16 4.11558e-16 2.79784e-16 1.90181e-16 1.2926e-16 8.78453e-17 5.96935e-17 4.05594e-17 2.75559e-17 1.87195e-17 1.27155e-17 8.63641e-18 5.86534e-18 3.98303e-18 2.70456e-18 1.8363e-18 1.24667e-18
0.0260955 0.0100442 0.00762275 0.00572882 0.00427046 0.00316139 0.00232645 0.00170317 0.00124121 0.000900907 0.00065155 0.000469686 0.000337593 0.000242003 0.000173057 0.000123477 8.79196e-05 6.24824e-05 4.43263e-05 3.13942e-05 2.22008e-05 1.5677e-05 1.10553e-05 7.78621e-06 5.47724e-06 3.84864e-06 2.70139e-06 1.89421e-06 1.32694e-06 9.287e-07 6.49416e-07 4.53743e-07 3.16777e-07 2.20988e-07 1.54052e-07 1.07317e-07 7.47098e-08 5.19769e-08 3.61391e-08 2.51124e-08 1.74403e-08 1.21054e-08 8.39805e-09 5.82313e-09 4.03572e-09 2.79564e-09 1.93571e-09 1.3397e-09 9.2681e-10 6.40902e-10 4.43015e-10 3.06109e-10 2.11431e-10 1.45983e-10 1.00758e-10 6.95199e-11 4.79503e-11 3.30621e-11 2.27894e-11 1.57036e-11 1.08177e-11 7.44978e-12 5.12894e-12 3.53012e-12 2.42904e-12 1.67095e-12 1.14916e-12 7.90109e-13 5.43109e-13 3.73234e-13 2.56433e-13 1.76144e-13 1.20966e-13 8.30542e-14 5.70122e-14 3.91275e-14 2.68477e-14 1.84181e-14 1.26327e-14 8.66292e-15 5.9395e-15 4.07151e-15 2.7905e-15 1.91219e-15 1.31009e-15 8.97431e-16 6.14648e-16 4.20901e-16 2.8818e-16 1.97278e-16 1.35028e-16 9.24071e-17 6.32296e-17 4.32585e-17 2.9591e-17 2.02389e-17 1.38405e-17 9.46362e-18 6.47e-18 4.42276e-18 3.02292e-18
0.0175551 0.00732506 0.00572882 0.00442403 0.00338108 0.00256161 0.00192642 0.00143951 0.00106968 0.000790959 0.00058231 0.000427023 0.00031204 0.000227287 0.000165069 0.000119561 8.63846e-05 6.22717e-05 4.47943e-05 3.21586e-05 2.30446e-05 1.64851e-05 1.17736e-05 8.39589e-06 5.97858e-06 4.25148e-06 3.01941e-06 2.14178e-06 1.51749e-06 1.07398e-06 7.59299e-07 5.36282e-07 3.78406e-07 2.66763e-07 1.87894e-07 1.32231e-07 9.29837e-08 6.53344e-08 4.58727e-08 3.21851e-08 2.25661e-08 1.58113e-08 1.10713e-08 7.74755e-09 5.41836e-09 3.78721e-09 2.64563e-09 1.84715e-09 1.28898e-09 8.99021e-10 6.26727e-10 4.36696e-10 3.04143e-10 2.11729e-10 1.4733e-10 1.02475e-10 7.12463e-11 4.95145e-11 3.43978e-11 2.38871e-11 1.65818e-11 1.15065e-11 7.9818e-12 5.53487e-12 3.83678e-12 2.65879e-12 1.84188e-12 1.27556e-12 8.83092e-13 6.11197e-13 4.22892e-13 2.92517e-13 2.0228e-13 1.39841e-13 9.6649e-14 6.67801e-14 4.61301e-14 3.18575e-14 2.19954e-14 1.51826e-14 1.04775e-14 7.22879e-15 4.98627e-15 3.43865e-15 2.37085e-15 1.63428e-15 1.12631e-15 7.76064e-16 5.34624e-16 3.68224e-16 2.53566e-16 1.74576e-16 1.2017e-16 8.27038e-17 5.69083e-17 3.91514e-17 2.69303e-17 1.85208e-17 1.27351e-17 8.75533e-18 6.01825e-18
0.0118098 0.00530991 0.00427046 0.00338108 0.00264325 0.0020449 0.00156809 0.0011934 0.000902305 0.000678295 0.000507303 0.000377691 0.000280042 0.000206869 0.000152299 0.000111777 8.18025e-05 5.97087e-05 4.34758e-05 3.15842e-05 2.28966e-05 1.65657e-05 1.19629e-05 8.62392e-06 6.2066e-06 4.4599e-06 3.20003e-06 2.29284e-06 1.64064e-06 1.17248e-06 8.36894e-07 5.96672e-07 4.24935e-07 3.02309e-07 2.14853e-07 1.5255e-07 1.08212e-07 7.66929e-08 5.43075e-08 3.84243e-08 2.71647e-08 1.91898e-08 1.35461e-08 9.55535e-09 6.73563e-09 4.74481e-09 3.34024e-09 2.34998e-09 1.65229e-09 1.16105e-09 8.15393e-10 5.72324e-10 4.01497e-10 2.81511e-10 1.97282e-10 1.38186e-10 9.6745e-11 6.77002e-11 4.73536e-11 3.31072e-11 2.31368e-11 1.61621e-11 1.12853e-11 7.87691e-12 5.49573e-12 3.8329e-12 2.67219e-12 1.86229e-12 1.29739e-12 9.03528e-13 6.29019e-13 4.37763e-13 3.0456e-13 2.11819e-13 1.47273e-13 1.02363e-13 7.11271e-14 4.9408e-14 3.4311e-14 2.38202e-14 1.65324e-14 1.14712e-14 7.95725e-15 5.51828e-15 3.82589e-15 2.65186e-15 1.83764e-15 1.2731e-15 8.81782e-16 6.10601e-16 4.22719e-16 2.92582e-16 2.02463e-16 1.40071e-16 9.68853e-17 6.69998e-17 4.63232e-17 3.20209e-17 2.213e-17 1.52912e-17 1.05637e-17
0.00794479 0.0038292 0.00316139 0.00256161 0.0020449 0.00161262 0.00125883 0.000974157 0.000748236 0.000570959 0.000433171 0.000326946 0.00024563 0.000183768 0.000136964 0.000101725 7.53113e-05 5.55916e-05 4.09232e-05 3.00486e-05 2.20114e-05 1.60881e-05 1.17343e-05 8.54199e-06 6.20665e-06 4.50191e-06 3.26001e-06 2.357e-06 1.70158e-06 1.22668e-06 8.83126e-07 6.34972e-07 4.55985e-07 3.27066e-07 2.34331e-07 1.67708e-07 1.19902e-07 8.56372e-08 6.11058e-08 4.35613e-08 3.10264e-08 2.20794e-08 1.56994e-08 1.1154e-08 7.91844e-09 5.61724e-09 3.98191e-09 2.82068e-09 1.99673e-09 1.41253e-09 9.98611e-10 7.05545e-10 4.98184e-10 3.51559e-10 2.47947e-10 1.74774e-10 1.23129e-10 8.66988e-11 6.10159e-11 4.29195e-11 3.01755e-11 2.12054e-11 1.48949e-11 1.04575e-11 7.33887e-12 5.14803e-12 3.60969e-12 2.52998e-12 1.77252e-12 1.24134e-12 8.69007e-13 6.08123e-13 4.25401e-13 2.97473e-13 2.07942e-13 1.45307e-13 1.01503e-13 7.08811e-14 4.94809e-14 3.45307e-14 2.409e-14 1.68009e-14 1.17138e-14 8.16453e-15 5.68904e-15 3.96298e-15 2.75983e-15 1.92142e-15 1.33735e-15 9.30571e-16 6.47352e-16 4.50215e-16 3.13032e-16 2.17595e-16 1.51217e-16 1.05063e-16 7.29786e-17 5.06803e-17 3.5187e-17 2.44246e-17 1.69502e-17
0.00534468 0.00274895 0.00232645 0.00192642 0.00156809 0.00125883 0.000998983 0.000785091 0.00061185 0.000473372 0.000363891 0.000278137 0.000211506 0.000160096 0.000120674 9.06107e-05 6.77978e-05 5.05638e-05 3.75972e-05 2.78777e-05 2.0617e-05 1.52102e-05 1.11956e-05 8.22297e-06 6.02736e-06 4.40954e-06 3.22012e-06 2.34749e-06 1.70854e-06 1.24157e-06 9.00896e-07 6.52775e-07 4.72351e-07 3.41354e-07 2.46381e-07 1.7762e-07 1.27904e-07 9.2002e-08 6.61078e-08 4.74534e-08 3.40295e-08 2.438e-08 1.74509e-08 1.248e-08 8.91755e-09 6.36674e-09 4.54194e-09 3.23765e-09 2.30618e-09 1.6415e-09 1.16757e-09 8.29897e-10 5.89492e-10 4.18456e-10 2.96858e-10 2.10466e-10 1.49127e-10 1.05603e-10 7.47398e-11 5.28674e-11 3.73757e-11 2.64097e-11 1.86516e-11 1.31659e-11 9.28905e-12 6.55068e-12 4.61741e-12 3.25322e-12 2.29105e-12 1.61274e-12 1.13478e-12 7.98136e-13 5.61131e-13 3.94346e-13 2.77026e-13 1.94535e-13 1.36556e-13 9.58213e-14 6.72137e-14 4.71301e-14 3.30361e-14 2.31489e-14 1.62153e-14 1.13548e-14 7.94861e-15 5.56245e-15 3.8914e-15 2.72152e-15 1.90278e-15 1.32995e-15 9.29301e-16 6.49162e-16 4.53344e-16 3.16507e-16 2.20912e-16 1.54149e-16 1.07534e-16 7.49966e-17 5.22908e-17 3.64502e-17 2.5402e-17
0.00359551 0.00196564 0.00170317 0.00143951 0.0011934 0.000974157 0.000785091 0.000625949 0.000494489 0.000387525 0.000301572 0.000233224 0.000179363 0.000137248 0.000104542 7.92993e-05 5.99216e-05 4.51197e-05 3.38634e-05 2.53383e-05 1.89058e-05 1.40691e-05 1.04438e-05 7.73464e-06 5.71567e-06 4.21496e-06 3.10218e-06 2.27893e-06 1.6712e-06 1.22347e-06 8.94257e-07 6.5263e-07 4.75594e-07 3.46098e-07 2.51523e-07 1.82557e-07 1.32338e-07 9.58193e-08 6.92989e-08 5.00636e-08 3.61291e-08 2.60465e-08 1.87591e-08 1.34977e-08 9.70301e-09 6.96893e-09 5.00093e-09 3.58568e-09 2.56885e-09 1.83893e-09 1.3154e-09 9.40222e-10 6.71566e-10 4.79338e-10 3.419e-10 2.43707e-10 1.73603e-10 1.23586e-10 8.79263e-11 6.25183e-11 4.44265e-11 3.15522e-11 2.23963e-11 1.58887e-11 1.1266e-11 7.98408e-12 5.65537e-12 4.0039e-12 2.83332e-12 2.00402e-12 1.41679e-12 1.00119e-12 7.07182e-13 4.99296e-13 3.52371e-13 2.48577e-13 1.75285e-13 1.23553e-13 8.7055e-14 6.13148e-14 4.3169e-14 3.03821e-14 2.1375e-14 1.50327e-14 1.05686e-14 7.42759e-15 5.21832e-15 3.66496e-15 2.57315e-15 1.80602e-15 1.26719e-15 8.88846e-16 6.23273e-16 4.36918e-16 3.06191e-16 2.14516e-16 1.50245e-16 1.05201e-16 7.36411e-17 5.15349e-17 3.6055e-17
0.0024188 0.00140061 0.00124121 0.00106968 0.000902305 0.000748236 0.00061185 0.000494489 0.000395657 0.000313845 0.000247065 0.000193188 0.000150154 0.000116074 8.92894e-05 6.8378e-05 5.2149e-05 3.96214e-05 2.99979e-05 2.26381e-05 1.70321e-05 1.27781e-05 9.56116e-06 7.13622e-06 5.31378e-06 3.94797e-06 2.92705e-06 2.1658e-06 1.59951e-06 1.17915e-06 8.67776e-07 6.37578e-07 4.67712e-07 3.42589e-07 2.50579e-07 1.83028e-07 1.3351e-07 9.72661e-08 7.07744e-08 5.14375e-08 3.73414e-08 2.70785e-08 1.96155e-08 1.41949e-08 1.0262e-08 7.41175e-09 5.34817e-09 3.85568e-09 2.77727e-09 1.9988e-09 1.43735e-09 1.03279e-09 7.41526e-10 5.32002e-10 3.81402e-10 2.73239e-10 1.95615e-10 1.39949e-10 1.00058e-10 7.14911e-11 5.10484e-11 3.6429e-11 2.59809e-11 1.85186e-11 1.31922e-11 9.39252e-12 6.68364e-12 4.7535e-12 3.379e-12 2.40073e-12 1.70483e-12 1.21007e-12 8.58481e-13 6.08764e-13 4.31488e-13 3.05699e-13 2.16486e-13 1.53242e-13 1.08428e-13 7.6688e-14 5.42171e-14 3.83152e-14 2.70668e-14 1.91133e-14 1.34918e-14 9.52017e-15 6.71522e-15 4.73501e-15 3.33756e-15 2.35173e-15 1.65652e-15 1.16644e-15 8.2108e-16 5.77787e-16 4.06455e-16 2.85839e-16 2.00954e-16 1.41234e-16 9.92322e-17 6.9701e-17 4.8944e-17
0.00162719 0.000994878 0.000900907 0.000790959 0.000678295 0.000570959 0.000473372 0.000387525 0.000313845 0.000251818 0.000200409 0.00015835 0.000124314 9.70307e-05 7.53386e-05 5.82167e-05 4.47892e-05 3.43199e-05 2.61997e-05 1.99316e-05 1.51141e-05 1.14265e-05 8.61427e-06 6.4769e-06 4.85767e-06 3.63465e-06 2.71347e-06 2.02147e-06 1.50291e-06 1.11524e-06 8.26058e-07 6.10795e-07 4.50877e-07 3.32298e-07 2.44532e-07 1.79683e-07 1.31847e-07 9.66151e-08 7.07059e-08 5.168e-08 3.77281e-08 2.75108e-08 2.00379e-08 1.45791e-08 1.05962e-08 7.69363e-09 5.58064e-09 4.04411e-09 2.92792e-09 2.11791e-09 1.53065e-09 1.1053e-09 7.97488e-10 5.74939e-10 4.14173e-10 2.98136e-10 2.1445e-10 1.54144e-10 1.10719e-10 7.94736e-11 5.70078e-11 4.08662e-11 2.92764e-11 2.09606e-11 1.49978e-11 1.07249e-11 7.66498e-12 5.47498e-12 3.90854e-12 2.78876e-12 1.98875e-12 1.4175e-12 1.00982e-12 7.19039e-13 5.1174e-13 3.64031e-13 2.58836e-13 1.83955e-13 1.30679e-13 9.2791e-14 6.58596e-14 4.67249e-14 3.31357e-14 2.34891e-14 1.66442e-14 1.17893e-14 8.34726e-15 5.90793e-15 4.17988e-15 2.95619e-15 2.08999e-15 1.47707e-15 1.04353e-15 7.36989e-16 5.20319e-16 3.67226e-16 2.59092e-16 1.82741e-16 1.28848e-16 9.08208e-17 6.39969e-17
0.00109466 0.000704703 0.00065155 0.00058231 0.000507303 0.000433171 0.000363891 0.000301572 0.000247065 0.000200409 0.00016116 0.000128608 0.000101932 8.02935e-05 6.28977e-05 4.90216e-05 3.80297e-05 2.93766e-05 2.26029e-05 1.73274e-05 1.32379e-05 1.00814e-05 7.65459e-06 5.79567e-06 4.37658e-06 3.29672e-06 2.47743e-06 1.85759e-06 1.38986e-06 1.03781e-06 7.73434e-07 5.75348e-07 4.27243e-07 3.16729e-07 2.34424e-07 1.73238e-07 1.27832e-07 9.41932e-08 6.93109e-08 5.09342e-08 3.73822e-08 2.74022e-08 2.00628e-08 1.46723e-08 1.07183e-08 7.82139e-09 5.70155e-09 4.15206e-09 3.02072e-09 2.19557e-09 1.59435e-09 1.15673e-09 8.38499e-10 6.07306e-10 4.39497e-10 3.17802e-10 2.29625e-10 1.65788e-10 1.1961e-10 8.62318e-11 6.21244e-11 4.4726e-11 3.21786e-11 2.31361e-11 1.6624e-11 1.19374e-11 8.56683e-12 6.14428e-12 4.40422e-12 3.15514e-12 2.25905e-12 1.61657e-12 1.1562e-12 8.26499e-13 5.90512e-13 4.21693e-13 3.00988e-13 2.1473e-13 1.53119e-13 1.09135e-13 7.77496e-14 5.53655e-14 3.94084e-14 2.80382e-14 1.99401e-14 1.4175e-14 1.00726e-14 7.15458e-15 5.0799e-15 3.60543e-15 2.55796e-15 1.81412e-15 1.28611e-15 9.11444e-16 6.45696e-16 4.5727e-16 3.23718e-16 2.29093e-16 1.62073e-16 1.14622e-16 8.10366e-17
0.000736405 0.000497901 0.000469686 0.000427023 0.000377691 0.000326946 0.000278137 0.000233224 0.000193188 0.00015835 0.000128608 0.000103609 8.28695e-05 6.58527e-05 5.2024e-05 4.08802e-05 3.19666e-05 2.48843e-05 1.92907e-05 1.48968e-05 1.14625e-05 8.79031e-06 6.71993e-06 5.12203e-06 3.89324e-06 2.95148e-06 2.23197e-06 1.68389e-06 1.26756e-06 9.52141e-07 7.1376e-07 5.34028e-07 3.98817e-07 2.97314e-07 2.21269e-07 1.64408e-07 1.21968e-07 9.0348e-08 6.68291e-08 4.93639e-08 3.64143e-08 2.68271e-08 1.97394e-08 1.45068e-08 1.06488e-08 7.80806e-09 5.71887e-09 4.18425e-09 3.0583e-09 2.23311e-09 1.629e-09 1.1872e-09 8.64432e-10 6.28858e-10 4.57088e-10 3.31957e-10 2.40885e-10 1.74659e-10 1.26542e-10 9.16115e-11 6.62742e-11 4.791e-11 3.46101e-11 2.49851e-11 1.80247e-11 1.29948e-11 9.36254e-12 6.74132e-12 4.85099e-12 3.48863e-12 2.50741e-12 1.80113e-12 1.29307e-12 9.27806e-13 6.65363e-13 4.76903e-13 3.41646e-13 2.44625e-13 1.75069e-13 1.25229e-13 8.95347e-14 6.39843e-14 4.57039e-14 3.26315e-14 2.32876e-14 1.66121e-14 1.1845e-14 8.44232e-15 6.01462e-15 4.28328e-15 3.04909e-15 2.16966e-15 1.54328e-15 1.09731e-15 7.79924e-16 5.54132e-16 3.93565e-16 2.79423e-16 1.98315e-16 1.40701e-16 9.97904e-17
0.0004954 0.000350982 0.000337593 0.00031204 0.000280042 0.00024563 0.000211506 0.000179363 0.000150154 0.000124314 0.000101932 8.28695e-05 6.68629e-05 5.35817e-05 4.26749e-05 3.37982e-05 2.66308e-05 2.08846e-05 1.6307e-05 1.26813e-05 9.82475e-06 7.5849e-06 5.83644e-06 4.47716e-06 3.42446e-06 2.61208e-06 1.98725e-06 1.50816e-06 1.14189e-06 8.62655e-07 6.50321e-07 4.8926e-07 3.67377e-07 2.75348e-07 2.06007e-07 1.53867e-07 1.14736e-07 8.54224e-08 6.35023e-08 4.71386e-08 3.49427e-08 2.58671e-08 1.91238e-08 1.41206e-08 1.04136e-08 7.67079e-09 5.64393e-09 4.14803e-09 3.04535e-09 2.23346e-09 1.63637e-09 1.19773e-09 8.75836e-10 6.39856e-10 4.67036e-10 3.40594e-10 2.48171e-10 1.80678e-10 1.31433e-10 9.55347e-11 6.93877e-11 5.03588e-11 3.65216e-11 2.64674e-11 1.91676e-11 1.38716e-11 1.00322e-11 7.25066e-12 5.23699e-12 3.78019e-12 2.72696e-12 1.96599e-12 1.41654e-12 1.02006e-12 7.34138e-13 5.28066e-13 3.79632e-13 2.72776e-13 1.95894e-13 1.4061e-13 1.00877e-13 7.23354e-14 5.18443e-14 3.71402e-14 2.6594e-14 1.90337e-14 1.36166e-14 9.73688e-15 6.95956e-15 4.9723e-15 3.551e-15 2.53491e-15 1.80883e-15 1.29021e-15 9.1992e-16 6.55649e-16 4.67118e-16 3.32673e-16 2.36836e-16 1.68547e-16 1.19905e-16
0.000333269 0.000246899 0.000242003 0.000227287 0.000206869 0.000183768 0.000160096 0.000137248 0.000116074 9.70307e-05 8.02935e-05 6.58527e-05 5.35817e-05 4.32876e-05 3.47467e-05 2.77279e-05 2.20086e-05 1.7383e-05 1.36672e-05 1.07004e-05 8.34481e-06 6.48391e-06 5.02071e-06 3.87517e-06 2.98193e-06 2.28801e-06 1.75081e-06 1.3363e-06 1.01745e-06 7.72874e-07 5.85796e-07 4.43065e-07 3.34437e-07 2.51955e-07 1.89465e-07 1.42222e-07 1.06578e-07 7.97363e-08 5.95611e-08 4.44234e-08 3.30847e-08 2.46054e-08 1.82744e-08 1.35546e-08 1.0041e-08 7.42909e-09 5.49005e-09 4.05243e-09 2.98792e-09 2.20065e-09 1.61911e-09 1.19003e-09 8.73786e-10 6.40964e-10 4.69736e-10 3.43935e-10 2.516e-10 1.83894e-10 1.34295e-10 9.79918e-11 7.1445e-11 5.2049e-11 3.78895e-11 2.75614e-11 2.00339e-11 1.45519e-11 1.05625e-11 7.66163e-12 5.55372e-12 4.02311e-12 2.91247e-12 2.10712e-12 1.52353e-12 1.1009e-12 7.95046e-13 5.73831e-13 4.13933e-13 2.98425e-13 2.15032e-13 1.5486e-13 1.11467e-13 8.01919e-14 5.76627e-14 4.14422e-14 2.97701e-14 2.13751e-14 1.53403e-14 1.10041e-14 7.89008e-15 5.65474e-15 4.05092e-15 2.90072e-15 2.07622e-15 1.48545e-15 1.06235e-15 7.59446e-16 5.42694e-16 3.87652e-16 2.76797e-16 1.97567e-16 1.40963e-16
0.000224199 0.00017335 0.000173057 0.000165069 0.000152299 0.000136964 0.000120674 0.000104542 8.92894e-05 7.53386e-05 6.28977e-05 5.2024e-05 4.26749e-05 3.47467e-05 2.8102e-05 2.25897e-05 1.80574e-05 1.43606e-05 1.13666e-05 8.95734e-06 7.02994e-06 5.49625e-06 4.28181e-06 3.32454e-06 2.57313e-06 1.98562e-06 1.52794e-06 1.17262e-06 8.97643e-07 6.85494e-07 5.22282e-07 3.97058e-07 3.01227e-07 2.28067e-07 1.72345e-07 1.29997e-07 9.78821e-08 7.35757e-08 5.52148e-08 4.13708e-08 3.09509e-08 2.31216e-08 1.72484e-08 1.28495e-08 9.55983e-09 7.1033e-09 5.27148e-09 3.90737e-09 2.89289e-09 2.13939e-09 1.58041e-09 1.16625e-09 8.59731e-10 6.33137e-10 4.65809e-10 3.42377e-10 2.5142e-10 1.8446e-10 1.35214e-10 9.90309e-11 7.24695e-11 5.29889e-11 3.8714e-11 2.82627e-11 2.06172e-11 1.50287e-11 1.09471e-11 7.9683e-12 5.79605e-12 4.21311e-12 3.06044e-12 2.22168e-12 1.61177e-12 1.16856e-12 8.46711e-13 6.13137e-13 4.43735e-13 3.20951e-13 2.32011e-13 1.67624e-13 1.2104e-13 8.73546e-14 6.30109e-14 4.54278e-14 3.27346e-14 2.35763e-14 1.6972e-14 1.22118e-14 8.78257e-15 6.31337e-15 4.53631e-15 3.25798e-15 2.33885e-15 1.67829e-15 1.20378e-15 8.63062e-16 6.18526e-16 4.43094e-16 3.17292e-16 2.27117e-16 1.62507e-16
0.000150825 0.000121498 0.000123477 0.000119561 0.000111777 0.000101725 9.06107e-05 7.92993e-05 6.8378e-05 5.82167e-05 4.90216e-05 4.08802e-05 3.37982e-05 2.77279e-05 2.25897e-05 1.82872e-05 1.47185e-05 1.17833e-05 9.3871e-06 7.44415e-06 5.87835e-06 4.62354e-06 3.62313e-06 2.8293e-06 2.20217e-06 1.70876e-06 1.32202e-06 1.01998e-06 7.84884e-07 6.02464e-07 4.61341e-07 3.52472e-07 2.68711e-07 2.0443e-07 1.55217e-07 1.17626e-07 8.89761e-08 6.7186e-08 5.06465e-08 3.81163e-08 2.86411e-08 2.14887e-08 1.60989e-08 1.20439e-08 8.99791e-09 6.7134e-09 5.0025e-09 3.72299e-09 2.76741e-09 2.0547e-09 1.52381e-09 1.12884e-09 8.35353e-10 6.17527e-10 4.56038e-10 3.36448e-10 2.47981e-10 1.82605e-10 1.34341e-10 9.87463e-11 7.25196e-11 5.32136e-11 3.90149e-11 2.85817e-11 2.0922e-11 1.53033e-11 1.11851e-11 8.16906e-12 5.96201e-12 4.34818e-12 3.169e-12 2.30804e-12 1.67988e-12 1.22188e-12 8.8819e-13 6.45226e-13 4.68438e-13 3.39885e-13 2.46466e-13 1.78621e-13 1.29378e-13 9.36591e-14 6.77644e-14 4.90027e-14 3.54169e-14 2.55845e-14 1.84724e-14 1.33307e-14 9.6154e-15 6.93224e-15 4.99545e-15 3.59809e-15 2.59043e-15 1.86412e-15 1.34086e-15 9.64059e-16 6.92846e-16 4.97721e-16 3.57399e-16 2.56533e-16 1.84059e-16
0.000101464 8.50182e-05 8.79196e-05 8.63846e-05 8.18025e-05 7.53113e-05 6.77978e-05 5.99216e-05 5.2149e-05 4.47892e-05 3.80297e-05 3.19666e-05 2.66308e-05 2.20086e-05 1.80574e-05 1.47185e-05 1.19251e-05 9.60863e-06 7.70278e-06 6.14585e-06 4.88211e-06 3.86236e-06 3.0439e-06 2.39024e-06 1.8706e-06 1.45925e-06 1.13491e-06 8.80139e-07 6.80703e-07 5.25098e-07 4.04067e-07 3.10202e-07 2.37607e-07 1.81611e-07 1.38526e-07 1.05454e-07 8.01261e-08 6.07705e-08 4.60099e-08 3.47758e-08 2.6242e-08 1.97714e-08 1.48737e-08 1.11729e-08 8.38101e-09 6.27818e-09 4.69673e-09 3.50913e-09 2.61856e-09 1.95164e-09 1.45288e-09 1.08035e-09 8.02446e-10 5.95389e-10 4.41297e-10 3.26752e-10 2.41699e-10 1.78612e-10 1.31867e-10 9.72666e-11 7.16805e-11 5.27787e-11 3.8828e-11 2.8541e-11 2.09623e-11 1.53837e-11 1.1281e-11 8.26613e-12 6.05248e-12 4.42841e-12 3.23781e-12 2.36566e-12 1.72725e-12 1.26028e-12 9.18958e-13 6.69642e-13 4.87658e-13 3.54911e-13 2.58142e-13 1.87647e-13 1.36323e-13 9.89795e-14 7.18254e-14 5.20919e-14 3.77595e-14 2.73558e-14 1.98082e-14 1.43357e-14 1.03698e-14 7.49728e-15 5.41783e-15 3.91325e-15 2.82516e-15 2.03867e-15 1.47045e-15 1.06013e-15 7.63962e-16 5.50294e-16 3.96215e-16 2.85156e-16 2.05141e-16
6.82576e-05 5.94027e-05 6.24824e-05 6.22717e-05 5.97087e-05 5.55916e-05 5.05638e-05 4.51197e-05 3.96214e-05 3.43199e-05 2.93766e-05 2.48843e-05 2.08846e-05 1.7383e-05 1.43606e-05 1.17833e-05 9.60863e-06 7.79072e-06 6.28356e-06 5.04329e-06 4.02949e-06 3.20588e-06 2.54052e-06 2.00576e-06 1.57803e-06 1.23742e-06 9.67297e-07 7.53907e-07 5.85943e-07 4.54185e-07 3.5116e-07 2.70847e-07 2.08418e-07 1.60024e-07 1.22606e-07 9.37459e-08 7.15394e-08 5.44906e-08 4.14299e-08 3.14449e-08 2.38263e-08 1.80245e-08 1.36141e-08 1.02674e-08 7.73208e-09 5.81459e-09 4.36665e-09 3.27493e-09 2.453e-09 1.83506e-09 1.37113e-09 1.02329e-09 7.62813e-10 5.68011e-10 4.22499e-10 3.13934e-10 2.33026e-10 1.72798e-10 1.28012e-10 9.47432e-11 7.00559e-11 5.17547e-11 3.82007e-11 2.81721e-11 2.07587e-11 1.52836e-11 1.12435e-11 8.26489e-12 6.07069e-12 4.45566e-12 3.26788e-12 2.39501e-12 1.75404e-12 1.28373e-12 9.38886e-13 6.86219e-13 5.01222e-13 3.65864e-13 2.66892e-13 1.94575e-13 1.41767e-13 1.0323e-13 7.51244e-14 5.464e-14 3.97188e-14 2.88564e-14 2.09533e-14 1.52066e-14 1.10302e-14 7.9967e-15 5.79454e-15 4.19672e-15 3.03801e-15 2.19816e-15 1.58973e-15 1.14917e-15 8.30318e-16 5.99666e-16 4.32893e-16 3.12364e-16 2.25296e-16
4.59187e-05 4.14477e-05 4.43263e-05 4.47943e-05 4.34758e-05 4.09232e-05 3.75972e-05 3.38634e-05 2.99979e-05 2.61997e-05 2.26029e-05 1.92907e-05 1.6307e-05 1.36672e-05 1.13666e-05 9.3871e-06 7.70278e-06 6.28356e-06 5.09805e-06 4.11544e-06 3.3067e-06 2.64531e-06 2.10757e-06 1.67271e-06 1.32279e-06 1.04252e-06 8.18986e-07 6.41422e-07 5.00904e-07 3.90094e-07 3.03002e-07 2.34766e-07 1.81463e-07 1.39942e-07 1.07686e-07 8.26908e-08 6.33697e-08 4.84691e-08 3.70033e-08 2.81992e-08 2.14528e-08 1.62932e-08 1.23546e-08 9.35355e-09 7.07084e-09 5.33746e-09 4.02333e-09 3.02861e-09 2.27681e-09 1.70943e-09 1.28185e-09 9.60049e-10 7.18191e-10 5.36648e-10 4.00549e-10 2.98642e-10 2.22427e-10 1.65492e-10 1.23008e-10 9.13404e-11 6.77609e-11 5.02217e-11 3.71886e-11 2.75133e-11 2.03376e-11 1.50206e-11 1.10845e-11 8.17322e-12 6.0218e-12 4.43326e-12 3.26129e-12 2.39737e-12 1.76101e-12 1.29265e-12 9.48192e-13 6.95047e-13 5.09143e-13 3.72718e-13 2.72672e-13 1.99354e-13 1.45659e-13 1.06362e-13 7.76203e-14 5.6612e-14 4.12657e-14 3.00625e-14 2.18885e-14 1.59283e-14 1.15848e-14 8.4213e-15 6.11845e-15 4.44305e-15 3.22479e-15 2.33941e-15 1.69628e-15 1.22937e-15 8.90553e-16 6.44815e-16 4.66671e-16 3.37591e-16 2.44105e-16
3.08908e-05 2.88825e-05 3.13942e-05 3.21586e-05 3.15842e-05 3.00486e-05 2.78777e-05 2.53383e-05 2.26381e-05 1.99316e-05 1.73274e-05 1.48968e-05 1.26813e-05 1.07004e-05 8.95734e-06 7.44415e-06 6.14585e-06 5.04329e-06 4.11544e-06 3.34092e-06 2.69913e-06 2.17085e-06 1.73863e-06 1.38697e-06 1.10234e-06 8.73053e-07 6.8917e-07 5.42312e-07 4.25479e-07 3.32872e-07 2.59719e-07 2.02122e-07 1.56913e-07 1.21529e-07 9.39129e-08 7.24158e-08 5.57239e-08 4.27942e-08 3.28018e-08 2.50962e-08 1.91667e-08 1.46131e-08 1.11229e-08 8.4528e-09 6.41373e-09 4.85926e-09 3.67622e-09 2.7773e-09 2.09533e-09 1.57873e-09 1.18797e-09 8.92823e-10 6.7019e-10 5.02481e-10 3.76308e-10 2.81503e-10 2.10354e-10 1.57022e-10 1.17091e-10 8.72263e-11 6.49153e-11 4.82648e-11 3.58516e-11 2.66067e-11 1.97281e-11 1.46151e-11 1.0818e-11 8.00081e-12 5.91242e-12 4.36567e-12 3.22104e-12 2.37471e-12 1.74944e-12 1.28787e-12 9.47392e-13 6.96438e-13 5.11606e-13 3.75573e-13 2.75527e-13 2.02e-13 1.48e-13 1.08367e-13 7.92985e-14 5.79923e-14 4.23855e-14 3.09607e-14 2.26024e-14 1.64912e-14 1.20257e-14 8.76459e-15 6.38438e-15 4.64812e-15 3.38228e-15 2.45992e-15 1.78819e-15 1.29924e-15 9.43531e-16 6.84879e-16 4.96897e-16 3.60344e-16 2.61197e-16
2.07811e-05 2.01025e-05 2.22008e-05 2.30446e-05 2.28966e-05 2.20114e-05 2.0617e-05 1.89058e-05 1.70321e-05 1.51141e-05 1.32379e-05 1.14625e-05 9.82475e-06 8.34481e-06 7.02994e-06 5.87835e-06 4.88211e-06 4.02949e-06 3.3067e-06 2.69913e-06 2.19231e-06 1.77245e-06 1.42681e-06 1.14392e-06 9.13618e-07 7.27061e-07 5.76632e-07 4.55854e-07 3.59272e-07 2.8233e-07 2.21252e-07 1.7293e-07 1.34821e-07 1.04857e-07 8.13639e-08 6.29947e-08 4.86689e-08 3.75243e-08 2.88747e-08 2.21769e-08 1.70017e-08 1.30113e-08 9.94048e-09 7.58197e-09 5.77387e-09 4.39021e-09 3.33316e-09 2.52698e-09 1.91311e-09 1.4464e-09 1.09211e-09 8.23547e-10 6.20255e-10 4.66581e-10 3.50569e-10 2.63101e-10 1.97236e-10 1.477e-10 1.10488e-10 8.25657e-11 6.16379e-11 4.59695e-11 3.42511e-11 2.5496e-11 1.89615e-11 1.40892e-11 1.04597e-11 7.75852e-12 5.75011e-12 4.25813e-12 3.15074e-12 2.32952e-12 1.72102e-12 1.27051e-12 9.37237e-13 6.90887e-13 5.08928e-13 3.74631e-13 2.75585e-13 2.02589e-13 1.4883e-13 1.09266e-13 8.01688e-14 5.87835e-14 4.30764e-14 3.15474e-14 2.30903e-14 1.68906e-14 1.23485e-14 9.02274e-15 6.58906e-15 4.8092e-15 3.50826e-15 2.55789e-15 1.86401e-15 1.35766e-15 9.88371e-16 7.19173e-16 5.23042e-16 3.80217e-16 2.76263e-16
1.398e-05 1.39759e-05 1.5677e-05 1.64851e-05 1.65657e-05 1.60881e-05 1.52102e-05 1.40691e-05 1.27781e-05 1.14265e-05 1.00814e-05 8.79031e-06 7.5849e-06 6.48391e-06 5.49625e-06 4.62354e-06 3.86236e-06 3.20588e-06 2.64531e-06 2.17085e-06 1.77245e-06 1.44031e-06 1.16523e-06 9.38766e-07 7.53357e-07 6.02337e-07 4.79911e-07 3.81105e-07 3.01693e-07 2.38116e-07 1.87403e-07 1.47092e-07 1.15154e-07 8.99268e-08 7.00602e-08 5.44586e-08 4.2239e-08 3.26926e-08 2.52528e-08 1.94683e-08 1.49806e-08 1.15067e-08 8.82292e-09 6.75372e-09 5.16139e-09 3.93827e-09 3.00042e-09 2.28253e-09 1.73391e-09 1.31533e-09 9.96448e-10 7.53886e-10 5.69643e-10 4.29894e-10 3.24038e-10 2.43962e-10 1.83464e-10 1.37815e-10 1.03412e-10 7.75146e-11 5.80429e-11 4.34187e-11 3.24472e-11 2.42248e-11 1.80691e-11 1.34652e-11 1.00254e-11 7.45778e-12 5.54299e-12 4.11636e-12 3.0544e-12 2.26459e-12 1.67769e-12 1.24193e-12 9.18656e-13 6.79027e-13 5.0154e-13 3.70182e-13 2.73036e-13 2.01245e-13 1.48231e-13 1.0911e-13 8.02622e-14 5.90036e-14 4.33484e-14 3.18274e-14 2.33542e-14 1.71266e-14 1.25523e-14 9.1945e-15 6.73109e-15 4.92494e-15 3.60147e-15 2.63223e-15 1.92282e-15 1.40387e-15 1.02445e-15 7.472e-16 5.44711e-16 3.96901e-16 2.89061e-16
9.40472e-06 9.70627e-06 1.10553e-05 1.17736e-05 1.19629e-05 1.17343e-05 1.11956e-05 1.04438e-05 9.56116e-06 8.61427e-06 7.65459e-06 6.71993e-06 5.83644e-06 5.02071e-06 4.28181e-06 3.62313e-06 3.0439e-06 2.54052e-06 2.10757e-06 1.73863e-06 1.42681e-06 1.16523e-06 9.47286e-07 7.66825e-07 6.18253e-07 4.96583e-07 3.97431e-07 3.17e-07 2.52033e-07 1.9977e-07 1.57883e-07 1.24433e-07 9.78099e-08 7.66882e-08 5.99817e-08 4.68056e-08 3.64423e-08 2.83127e-08 2.19512e-08 1.69852e-08 1.31175e-08 1.01118e-08 7.78089e-09 5.97697e-09 4.58362e-09 3.50941e-09 2.68276e-09 2.04772e-09 1.56071e-09 1.18783e-09 9.02788e-10 6.85226e-10 5.19415e-10 3.93228e-10 2.97329e-10 2.24547e-10 1.69383e-10 1.27625e-10 9.6055e-11 7.22159e-11 5.42358e-11 4.06903e-11 3.04971e-11 2.28349e-11 1.70813e-11 1.27655e-11 9.53129e-12 7.11012e-12 5.29933e-12 3.94631e-12 2.93627e-12 2.18294e-12 1.62158e-12 1.20362e-12 8.92698e-13 6.61592e-13 4.8995e-13 3.62573e-13 2.6812e-13 1.98133e-13 1.46313e-13 1.07973e-13 7.9627e-14 5.86841e-14 4.32217e-14 3.18133e-14 2.34017e-14 1.72037e-14 1.26396e-14 9.28093e-15 6.81079e-15 4.99524e-15 3.6616e-15 2.68254e-15 1.9642e-15 1.43746e-15 1.05141e-15 7.68649e-16 5.61644e-16 4.10181e-16 2.99417e-16
6.32681e-06 6.7344e-06 7.78621e-06 8.39589e-06 8.62392e-06 8.54199e-06 8.22297e-06 7.73464e-06 7.13622e-06 6.4769e-06 5.79567e-06 5.12203e-06 4.47716e-06 3.87517e-06 3.32454e-06 2.8293e-06 2.39024e-06 2.00576e-06 1.67271e-06 1.38697e-06 1.14392e-06 9.38766e-07 7.66825e-07 6.23643e-07 5.05114e-07 4.07529e-07 3.27594e-07 2.62425e-07 2.09529e-07 1.66772e-07 1.32344e-07 1.04726e-07 8.26466e-08 6.50529e-08 5.10775e-08 4.00089e-08 3.12672e-08 2.43819e-08 1.89726e-08 1.47334e-08 1.14189e-08 8.83335e-09 6.82076e-09 5.25742e-09 4.04549e-09 3.1078e-09 2.38363e-09 1.82537e-09 1.39577e-09 1.06571e-09 8.12554e-10 6.18682e-10 4.70438e-10 3.5725e-10 2.70953e-10 2.05249e-10 1.55292e-10 1.17357e-10 8.85878e-11 6.67971e-11 5.0312e-11 3.78553e-11 2.84534e-11 2.13651e-11 1.60268e-11 1.20108e-11 8.99268e-12 6.72677e-12 5.02729e-12 3.75386e-12 2.80059e-12 2.08763e-12 1.55489e-12 1.15716e-12 8.60482e-13 6.39372e-13 4.74716e-13 3.522e-13 2.61111e-13 1.93442e-13 1.43208e-13 1.05946e-13 7.83256e-14 5.78674e-14 4.27246e-14 3.15241e-14 2.32451e-14 1.71297e-14 1.26154e-14 9.28517e-15 6.83003e-15 5.02113e-15 3.68919e-15 2.70905e-15 1.9882e-15 1.45836e-15 1.06915e-15 7.83395e-16 5.73715e-16 4.19941e-16 3.07228e-16
4.25622e-06 4.66813e-06 5.47724e-06 5.97858e-06 6.2066e-06 6.20665e-06 6.02736e-06 5.71567e-06 5.31378e-06 4.85767e-06 4.37658e-06 3.89324e-06 3.42446e-06 2.98193e-06 2.57313e-06 2.20217e-06 1.8706e-06 1.57803e-06 1.32279e-06 1.10234e-06 9.13618e-07 7.53357e-07 6.18253e-07 5.05114e-07 4.10947e-07 3.33011e-07 2.68846e-07 2.16275e-07 1.73399e-07 1.38578e-07 1.10413e-07 8.77167e-08 6.94926e-08 5.49088e-08 4.32755e-08 3.40238e-08 2.66875e-08 2.0886e-08 1.63104e-08 1.27107e-08 9.88562e-09 7.67357e-09 5.94537e-09 4.59809e-09 3.54991e-09 2.73604e-09 2.10533e-09 1.61744e-09 1.2407e-09 9.503e-10 7.26818e-10 5.55111e-10 4.2339e-10 3.22497e-10 2.45329e-10 1.86391e-10 1.41439e-10 1.072e-10 8.11555e-11 6.13687e-11 4.63549e-11 3.49764e-11 2.63631e-11 1.98505e-11 1.49317e-11 1.12207e-11 8.42392e-12 6.31829e-12 4.73463e-12 3.54472e-12 2.65152e-12 1.98168e-12 1.47981e-12 1.10412e-12 8.23146e-13 6.13185e-13 4.56423e-13 3.39478e-13 2.52307e-13 1.87382e-13 1.39064e-13 1.03131e-13 7.64303e-14 5.66035e-14 4.18918e-14 3.09834e-14 2.29006e-14 1.69156e-14 1.24869e-14 9.21207e-15 6.79196e-15 5.00466e-15 3.68552e-15 2.71252e-15 1.99526e-15 1.46684e-15 1.07778e-15 7.91478e-16 5.80921e-16 4.26154e-16 3.12458e-16
2.86328e-06 3.23303e-06 3.84864e-06 4.25148e-06 4.4599e-06 4.50191e-06 4.40954e-06 4.21496e-06 3.94797e-06 3.63465e-06 3.29672e-06 2.95148e-06 2.61208e-06 2.28801e-06 1.98562e-06 1.70876e-06 1.45925e-06 1.23742e-06 1.04252e-06 8.73053e-07 7.27061e-07 6.02337e-07 4.96583e-07 4.07529e-07 3.33011e-07 2.71018e-07 2.19722e-07 1.7749e-07 1.42882e-07 1.14647e-07 9.17053e-08 7.31369e-08 5.8163e-08 4.61295e-08 3.64908e-08 2.87943e-08 2.26668e-08 1.78024e-08 1.39511e-08 1.09097e-08 8.51386e-09 6.63106e-09 5.15478e-09 3.99979e-09 3.09806e-09 2.39548e-09 1.84915e-09 1.4251e-09 1.09658e-09 8.42504e-10 6.46342e-10 4.95142e-10 3.78783e-10 2.89376e-10 2.20781e-10 1.6823e-10 1.28027e-10 9.73125e-11 7.3879e-11 5.60235e-11 4.24355e-11 3.21077e-11 2.42673e-11 1.83222e-11 1.38193e-11 1.04126e-11 7.83804e-12 5.89438e-12 4.42854e-12 3.32418e-12 2.49297e-12 1.86796e-12 1.39844e-12 1.04605e-12 7.8181e-13 5.83845e-13 4.35661e-13 3.24833e-13 2.42013e-13 1.80173e-13 1.34036e-13 9.96414e-14 7.40199e-14 5.49482e-14 4.07625e-14 3.02187e-14 2.23873e-14 1.65747e-14 1.22634e-14 9.06786e-15 6.70083e-15 4.94867e-15 3.65248e-15 2.6942e-15 1.9862e-15 1.46341e-15 1.07762e-15 7.93091e-16 5.83372e-16 4.28879e-16 3.15133e-16
1.9262e-06 2.23728e-06 2.70139e-06 3.01941e-06 3.20003e-06 3.26001e-06 3.22012e-06 3.10218e-06 2.92705e-06 2.71347e-06 2.47743e-06 2.23197e-06 1.98725e-06 1.75081e-06 1.52794e-06 1.32202e-06 1.13491e-06 9.67297e-07 8.18986e-07 6.8917e-07 5.76632e-07 4.79911e-07 3.97431e-07 3.27594e-07 2.68846e-07 2.19722e-07 1.78873e-07 1.4508e-07 1.17259e-07 9.44565e-08 7.58469e-08 6.07194e-08 4.84685e-08 3.85824e-08 3.06315e-08 2.42573e-08 1.91628e-08 1.51027e-08 1.18761e-08 9.31859e-09 7.29656e-09 5.70177e-09 4.44688e-09 3.46166e-09 2.68982e-09 2.08639e-09 1.61559e-09 1.24895e-09 9.63978e-10 7.42871e-10 5.71616e-10 4.39197e-10 3.36973e-10 2.58185e-10 1.97552e-10 1.5096e-10 1.1521e-10 8.78164e-11 6.68553e-11 5.08373e-11 3.86126e-11 2.92945e-11 2.22007e-11 1.68066e-11 1.27098e-11 9.60183e-12 7.24658e-12 5.4637e-12 4.11552e-12 3.0971e-12 2.32856e-12 1.74916e-12 1.31277e-12 9.84402e-13 7.37547e-13 5.52138e-13 4.13002e-13 3.08682e-13 2.30531e-13 1.72035e-13 1.28285e-13 9.55901e-14 7.11763e-14 5.29601e-14 3.93784e-14 2.92596e-14 2.17263e-14 1.61218e-14 1.19552e-14 8.8598e-15 6.56168e-15 4.85665e-15 3.59247e-15 2.65575e-15 1.96212e-15 1.4488e-15 1.06916e-15 7.8856e-16 5.81277e-16 4.28246e-16 3.15333e-16
1.29581e-06 1.54701e-06 1.89421e-06 2.14178e-06 2.29284e-06 2.357e-06 2.34749e-06 2.27893e-06 2.1658e-06 2.02147e-06 1.85759e-06 1.68389e-06 1.50816e-06 1.3363e-06 1.17262e-06 1.01998e-06 8.80139e-07 7.53907e-07 6.41422e-07 5.42312e-07 4.55854e-07 3.81105e-07 3.17e-07 2.62425e-07 2.16275e-07 1.7749e-07 1.4508e-07 1.18141e-07 9.58604e-08 7.7517e-08 6.24808e-08 5.02058e-08 4.02233e-08 3.21348e-08 2.56035e-08 2.03469e-08 1.61293e-08 1.27555e-08 1.00642e-08 7.92316e-09 6.22432e-09 4.8797e-09 3.81796e-09 2.98151e-09 2.32399e-09 1.80823e-09 1.40449e-09 1.08906e-09 8.43092e-10 6.51645e-10 5.02897e-10 3.87523e-10 2.98185e-10 2.29119e-10 1.75809e-10 1.34722e-10 1.03103e-10 7.88053e-11 6.01591e-11 4.58695e-11 3.4933e-11 2.65735e-11 2.01918e-11 1.5326e-11 1.16203e-11 8.80136e-12 6.65948e-12 5.03381e-12 3.80128e-12 2.86778e-12 2.16151e-12 1.62768e-12 1.2246e-12 9.20521e-13 6.91353e-13 5.18799e-13 3.88991e-13 2.91424e-13 2.18156e-13 1.6318e-13 1.21965e-13 9.10909e-14 6.7982e-14 5.06987e-14 3.77825e-14 2.81371e-14 2.09396e-14 1.55727e-14 1.15736e-14 8.59586e-15 6.38014e-15 4.73256e-15 3.50826e-15 2.59909e-15 1.92436e-15 1.42395e-15 1.05305e-15 7.78314e-16 5.74927e-16 4.24451e-16 3.13187e-16
8.71727e-07 1.06892e-06 1.32694e-06 1.51749e-06 1.64064e-06 1.70158e-06 1.70854e-06 1.6712e-06 1.59951e-06 1.50291e-06 1.38986e-06 1.26756e-06 1.14189e-06 1.01745e-06 8.97643e-07 7.84884e-07 6.80703e-07 5.85943e-07 5.00904e-07 4.25479e-07 3.59272e-07 3.01693e-07 2.52033e-07 2.09529e-07 1.73399e-07 1.42882e-07 1.17259e-07 9.58604e-08 7.80812e-08 6.33791e-08 5.12756e-08 4.13529e-08 3.32502e-08 2.66583e-08 2.13145e-08 1.69969e-08 1.35196e-08 1.07275e-08 8.49218e-09 6.70746e-09 5.28632e-09 4.15755e-09 3.2632e-09 2.55623e-09 1.99865e-09 1.55983e-09 1.2152e-09 9.45094e-10 7.33802e-10 5.68829e-10 4.40254e-10 3.40224e-10 2.62533e-10 2.02291e-10 1.55655e-10 1.19607e-10 9.17861e-11 7.03452e-11 5.3845e-11 4.11644e-11 3.14325e-11 2.39733e-11 1.82634e-11 1.3898e-11 1.05645e-11 8.02199e-12 6.08505e-12 4.6111e-12 3.4907e-12 2.63996e-12 1.99466e-12 1.50568e-12 1.13554e-12 8.55617e-13 6.44134e-13 4.84507e-13 3.6413e-13 2.73435e-13 2.05162e-13 1.53814e-13 1.15227e-13 8.62539e-14 6.45173e-14 4.82227e-14 3.60173e-14 2.6882e-14 2.00496e-14 1.49434e-14 1.11301e-14 8.28436e-15 6.16217e-15 4.58066e-15 3.40288e-15 2.52635e-15 1.87444e-15 1.38992e-15 1.03002e-15 7.62869e-16 5.64679e-16 4.1774e-16 3.08864e-16
5.86434e-07 7.38068e-07 9.287e-07 1.07398e-06 1.17248e-06 1.22668e-06 1.24157e-06 1.22347e-06 1.17915e-06 1.11524e-06 1.03781e-06 9.52141e-07 8.62655e-07 7.72874e-07 6.85494e-07 6.02464e-07 5.25098e-07 4.54185e-07 3.90094e-07 3.32872e-07 2.8233e-07 2.38116e-07 1.9977e-07 1.66772e-07 1.38578e-07 1.14647e-07 9.44565e-08 7.7517e-08 6.33791e-08 5.16368e-08 4.19286e-08 3.39366e-08 2.73838e-08 2.20316e-08 1.76759e-08 1.41432e-08 1.12873e-08 8.98585e-09 7.13659e-09 5.65489e-09 4.47092e-09 3.5273e-09 2.7771e-09 2.18211e-09 1.7113e-09 1.33957e-09 1.0467e-09 8.16435e-10 6.35746e-10 4.94233e-10 3.83607e-10 2.97282e-10 2.30036e-10 1.77741e-10 1.37139e-10 1.05665e-10 8.13046e-11 6.24781e-11 4.79494e-11 3.67532e-11 2.8137e-11 2.15151e-11 1.64325e-11 1.25364e-11 9.55342e-12 7.27235e-12 5.53007e-12 4.20084e-12 3.18787e-12 2.41677e-12 1.83041e-12 1.38499e-12 1.04699e-12 7.90754e-13 5.96694e-13 4.49864e-13 3.38873e-13 2.55051e-13 1.91804e-13 1.44124e-13 1.0821e-13 8.11825e-14 6.08585e-14 4.55883e-14 3.41243e-14 2.55245e-14 1.90784e-14 1.42501e-14 1.06364e-14 7.93376e-15 5.91387e-15 4.40533e-15 3.27947e-15 2.4398e-15 1.81397e-15 1.34785e-15 1.00089e-15 7.428e-16 5.50938e-16 4.08396e-16 3.0256e-16
3.9451e-07 5.09284e-07 6.49416e-07 7.59299e-07 8.36894e-07 8.83126e-07 9.00896e-07 8.94257e-07 8.67776e-07 8.26058e-07 7.73434e-07 7.1376e-07 6.50321e-07 5.85796e-07 5.22282e-07 4.61341e-07 4.04067e-07 3.5116e-07 3.03002e-07 2.59719e-07 2.21252e-07 1.87403e-07 1.57883e-07 1.32344e-07 1.10413e-07 9.17053e-08 7.58469e-08 6.24808e-08 5.12756e-08 4.19286e-08 3.41682e-08 2.77534e-08 2.24726e-08 1.81425e-08 1.46049e-08 1.17249e-08 9.3882e-09 7.49821e-09 5.97417e-09 4.74879e-09 3.76626e-09 2.98053e-09 2.35378e-09 1.85506e-09 1.45915e-09 1.14556e-09 8.97714e-10 7.02241e-10 5.48385e-10 4.27522e-10 3.32756e-10 2.58588e-10 2.00644e-10 1.55452e-10 1.20264e-10 9.291e-11 7.1679e-11 5.52256e-11 4.24935e-11 3.26551e-11 2.50635e-11 1.92134e-11 1.47114e-11 1.12513e-11 8.59532e-12 6.55906e-12 4.9998e-12 3.8072e-12 2.89608e-12 2.20078e-12 1.67076e-12 1.26716e-12 9.60147e-13 7.26842e-13 5.49727e-13 4.154e-13 3.13622e-13 2.36577e-13 1.78309e-13 1.34282e-13 1.01043e-13 7.59718e-14 5.70766e-14 4.2848e-14 3.21422e-14 2.40934e-14 1.8047e-14 1.35084e-14 1.0104e-14 7.55238e-15 5.64129e-15 4.21098e-15 3.14124e-15 2.34174e-15 1.74461e-15 1.29893e-15 9.66509e-16 7.18722e-16 5.34141e-16 3.9673e-16 2.94497e-16
2.65398e-07 3.51197e-07 4.53743e-07 5.36282e-07 5.96672e-07 6.34972e-07 6.52775e-07 6.5263e-07 6.37578e-07 6.10795e-07 5.75348e-07 5.34028e-07 4.8926e-07 4.43065e-07 3.97058e-07 3.52472e-07 3.10202e-07 2.70847e-07 2.34766e-07 2.02122e-07 1.7293e-07 1.47092e-07 1.24433e-07 1.04726e-07 8.77167e-08 7.31369e-08 6.07194e-08 5.02058e-08 4.13529e-08 3.39366e-08 2.77534e-08 2.26214e-08 1.838e-08 1.48886e-08 1.20254e-08 9.68582e-09 7.78058e-09 6.23408e-09 4.98264e-09 3.97296e-09 3.16063e-09 2.50885e-09 1.98723e-09 1.57082e-09 1.23919e-09 9.75695e-10 7.66794e-10 6.0153e-10 4.71058e-10 3.68259e-10 2.87418e-10 2.23964e-10 1.74247e-10 1.35361e-10 1.04998e-10 8.13294e-11 6.29079e-11 4.85928e-11 3.74853e-11 2.88795e-11 2.22213e-11 1.70771e-11 1.3108e-11 1.00496e-11 7.69592e-12 5.8869e-12 4.49818e-12 3.43337e-12 2.61788e-12 1.99403e-12 1.51732e-12 1.15344e-12 8.75985e-13 6.6464e-13 5.03819e-13 3.81564e-13 2.88719e-13 2.18275e-13 1.64877e-13 1.24438e-13 9.38395e-14 7.07079e-14 5.32359e-14 4.005e-14 3.0107e-14 2.26155e-14 1.69755e-14 1.27327e-14 9.54358e-15 7.14818e-15 5.35031e-15 4.00191e-15 2.99133e-15 2.23447e-15 1.66803e-15 1.24439e-15 9.27759e-16 6.91267e-16 5.14744e-16 3.83069e-16 2.84908e-16
1.7854e-07 2.42037e-07 3.16777e-07 3.78406e-07 4.24935e-07 4.55985e-07 4.72351e-07 4.75594e-07 4.67712e-07 4.50877e-07 4.27243e-07 3.98817e-07 3.67377e-07 3.34437e-07 3.01227e-07 2.68711e-07 2.37607e-07 2.08418e-07 1.81463e-07 1.56913e-07 1.34821e-07 1.15154e-07 9.78099e-08 8.26466e-08 6.94926e-08 5.8163e-08 4.84685e-08 4.02233e-08 3.32502e-08 2.73838e-08 2.24726e-08 1.838e-08 1.49843e-08 1.21783e-08 9.86859e-09 7.97431e-09 6.42615e-09 5.16506e-09 4.14103e-09 3.31201e-09 2.6428e-09 2.10407e-09 1.67153e-09 1.32513e-09 1.04839e-09 8.27822e-10 6.52418e-10 5.13235e-10 4.03026e-10 3.15935e-10 2.47249e-10 1.9318e-10 1.50696e-10 1.17374e-10 9.12829e-11 7.08884e-11 5.49722e-11 4.25706e-11 3.29224e-11 2.54273e-11 1.96134e-11 1.51099e-11 1.16262e-11 8.93507e-12 6.85883e-12 5.25905e-12 4.02791e-12 3.08162e-12 2.35513e-12 1.79804e-12 1.37132e-12 1.04482e-12 7.95282e-13 6.04761e-13 4.59449e-13 3.48731e-13 2.64454e-13 2.00366e-13 1.51678e-13 1.14722e-13 8.66983e-14 6.54659e-14 4.93935e-14 3.72374e-14 2.80511e-14 2.11149e-14 1.58818e-14 1.19369e-14 8.96529e-15 6.72866e-15 5.04646e-15 3.7822e-15 2.83274e-15 2.12021e-15 1.58585e-15 1.1854e-15 8.85508e-16 6.61066e-16 4.93206e-16 3.67745e-16 2.74034e-16
