0.00713385 0.00553074 0.00428788 0.00332431 0.00257727 0.00199811 0.0015491 0.00120099 0.000931101 0.000721865 0.000559648 0.000433884 0.000336382 0.000260791 0.000202186 0.000156751 0.000121526 9.42168e-05 7.30445e-05 5.663e-05 4.39042e-05 3.40381e-05 2.63891e-05 2.04589e-05 1.58614e-05 1.22971e-05 9.53367e-06 7.39127e-06 5.73031e-06 4.4426e-06 3.44426e-06 2.67027e-06 2.07021e-06 1.605e-06 1.24432e-06 9.64699e-07 7.47913e-07 5.79843e-07 4.49541e-07 3.4852e-07 2.70201e-07 2.09482e-07 1.62407e-07 1.25911e-07 9.76166e-08 7.56803e-08 5.86735e-08 4.54884e-08 3.52663e-08 2.73413e-08 2.11972e-08 1.64338e-08 1.27408e-08 9.87769e-09 7.65799e-09 5.93709e-09 4.60291e-09 3.56855e-09 2.76663e-09 2.14491e-09 1.66291e-09 1.28922e-09 9.9951e-10 7.74901e-10 6.00766e-10 4.65762e-10 3.61097e-10 2.79951e-10 2.17041e-10 1.68268e-10 1.30455e-10 1.01139e-10 7.84112e-11 6.07907e-11 4.71299e-11 3.65389e-11 2.83279e-11 2.19621e-11 1.70268e-11 1.32005e-11 1.02341e-11 7.93432e-12 6.15133e-12 4.76901e-12 3.69732e-12 2.86646e-12 2.22231e-12 1.72292e-12 1.33574e-12 1.03558e-12 8.02863e-13 6.22445e-13 4.82569e-13 3.74127e-13 2.90053e-13 2.24873e-13 1.7434e-13 1.35162e-13 1.04789e-13 8.12406e-14 6.29843e-14
0.00553074 0.00459723 0.00380399 0.0031351 0.00257474 0.00210791 0.00172087 0.00140133 0.00113851 0.000923041 0.00074692 0.000603342 0.000486575 0.000391819 0.000315079 0.000253042 0.000202976 0.000162634 0.000130173 0.000104088 8.31531e-05 6.63709e-05 5.29321e-05 4.21816e-05 3.35898e-05 2.67294e-05 2.1256e-05 1.68928e-05 1.34172e-05 1.06506e-05 8.44985e-06 6.70037e-06 5.31046e-06 4.20688e-06 3.33111e-06 2.63651e-06 2.08587e-06 1.64957e-06 1.30402e-06 1.03048e-06 8.14023e-07 6.42814e-07 5.07445e-07 4.00455e-07 3.15926e-07 2.49164e-07 1.96454e-07 1.54851e-07 1.22026e-07 9.61337e-08 7.57163e-08 5.96206e-08 4.69354e-08 3.69406e-08 2.90677e-08 2.28677e-08 1.79864e-08 1.41441e-08 1.11204e-08 8.7414e-09 6.87005e-09 5.39833e-09 4.24113e-09 3.33141e-09 2.61638e-09 2.05448e-09 1.613e-09 1.26619e-09 9.93791e-10 7.79879e-10 6.11922e-10 4.80069e-10 3.76574e-10 2.95351e-10 2.31616e-10 1.81611e-10 1.42384e-10 1.11616e-10 8.74863e-11 6.85648e-11 5.37294e-11 4.20992e-11 3.29828e-11 2.58377e-11 2.02383e-11 1.58507e-11 1.2413e-11 9.71995e-12 7.61041e-12 5.95813e-12 4.66413e-12 3.65083e-12 2.85741e-12 2.23622e-12 1.74992e-12 1.36926e-12 1.07131e-12 8.38129e-13 6.55646e-13 5.12854e-13 4.01129e-13
0.00428788 0.00380399 0.00333446 0.00289426 0.00249158 0.00212998 0.00180992 0.0015299 0.00128725 0.00107865 0.000900555 0.000749389 0.000621738 0.000514431 0.000424587 0.000349635 0.000287309 0.000235633 0.000192902 0.000157654 0.000128643 0.000104817 8.5285e-05 6.93024e-05 5.62459e-05 4.55962e-05 3.69224e-05 2.98675e-05 2.41368e-05 1.94873e-05 1.57193e-05 1.26691e-05 1.02025e-05 8.20966e-06 6.60118e-06 5.30406e-06 4.2589e-06 3.41744e-06 2.7405e-06 2.19632e-06 1.75917e-06 1.40824e-06 1.1267e-06 9.00972e-07 7.20105e-07 5.75265e-07 4.59342e-07 3.66611e-07 2.92471e-07 2.33224e-07 1.85902e-07 1.48123e-07 1.17975e-07 9.39271e-08 7.47539e-08 5.94732e-08 4.72997e-08 3.76053e-08 2.9888e-08 2.37468e-08 1.88617e-08 1.49769e-08 1.18888e-08 9.43464e-09 7.48501e-09 5.93665e-09 4.70732e-09 3.73158e-09 2.95734e-09 2.34317e-09 1.85609e-09 1.46991e-09 1.16381e-09 9.21248e-10 7.29077e-10 5.76868e-10 4.56339e-10 3.60918e-10 2.85391e-10 2.25625e-10 1.7834e-10 1.40937e-10 1.11358e-10 8.79711e-11 6.94831e-11 5.48708e-11 4.33241e-11 3.42013e-11 2.69951e-11 2.13037e-11 1.68095e-11 1.32614e-11 1.04605e-11 8.24998e-12 6.5056e-12 5.1293e-12 4.04359e-12 3.18724e-12 2.51189e-12 1.97938e-12 1.55954e-12
0.00332431 0.0031351 0.00289426 0.00262812 0.00235509 0.00208764 0.00183382 0.00159845 0.001384 0.00119136 0.00102026 0.00086974 0.000738384 0.000624543 0.000526475 0.000442441 0.000370771 0.000309902 0.000258403 0.00021498 0.000178482 0.000147892 0.000122322 0.000101 8.32598e-05 6.85316e-05 5.63277e-05 4.6234e-05 3.79001e-05 3.10304e-05 2.53762e-05 2.07292e-05 1.69152e-05 1.3789e-05 1.12296e-05 9.13678e-06 7.42736e-06 6.0326e-06 4.89573e-06 3.96996e-06 3.21681e-06 2.60463e-06 2.10746e-06 1.70402e-06 1.37691e-06 1.11189e-06 8.97321e-07 7.23729e-07 5.83383e-07 4.6999e-07 3.78433e-07 3.04551e-07 2.44969e-07 1.96946e-07 1.58261e-07 1.27115e-07 1.02053e-07 8.18952e-08 6.56911e-08 5.26711e-08 4.22145e-08 3.38203e-08 2.70848e-08 2.16825e-08 1.73514e-08 1.38804e-08 1.10999e-08 8.87329e-09 7.09098e-09 5.66481e-09 4.52404e-09 3.61186e-09 2.88272e-09 2.30009e-09 1.83468e-09 1.46303e-09 1.16633e-09 9.29548e-10 7.40637e-10 5.89963e-10 4.6982e-10 3.74049e-10 2.97727e-10 2.36921e-10 1.88488e-10 1.49921e-10 1.19218e-10 9.47813e-11 7.5337e-11 5.98686e-11 4.75661e-11 3.77838e-11 3.00071e-11 2.38262e-11 1.89147e-11 1.50127e-11 1.19134e-11 9.45213e-12 7.49797e-12 5.94674e-12 4.71559e-12
0.00257727 0.00257474 0.00249158 0.00235509 0.00218602 0.00199986 0.00180792 0.00161817 0.00143608 0.00126515 0.00110742 0.000963861 0.000834668 0.000719504 0.000617679 0.000528278 0.000450268 0.000382568 0.000324102 0.00027383 0.000230775 0.000194035 0.000162787 0.00013629 0.000113886 9.4991e-05 7.90947e-05 6.57513e-05 5.45744e-05 4.5231e-05 3.74349e-05 3.09414e-05 2.55417e-05 2.10588e-05 1.73425e-05 1.42662e-05 1.17231e-05 9.62341e-06 7.89206e-06 6.46607e-06 5.29292e-06 4.32882e-06 3.53733e-06 2.8882e-06 2.35634e-06 1.92095e-06 1.56486e-06 1.27386e-06 1.03627e-06 8.42423e-07 6.84395e-07 5.55661e-07 4.50866e-07 3.65618e-07 2.96317e-07 2.40018e-07 1.94309e-07 1.57222e-07 1.27147e-07 1.02774e-07 8.30325e-08 6.70509e-08 5.41202e-08 4.36633e-08 3.52113e-08 2.83831e-08 2.28693e-08 1.84191e-08 1.48289e-08 1.19338e-08 9.60017e-09 7.72e-09 6.20577e-09 4.98675e-09 4.00577e-09 3.21666e-09 2.58213e-09 2.07208e-09 1.66224e-09 1.33304e-09 1.0687e-09 8.56521e-10 6.86261e-10 5.49684e-10 4.40161e-10 3.5236e-10 2.81995e-10 2.2562e-10 1.80467e-10 1.44313e-10 1.15372e-10 9.2211e-11 7.36815e-11 5.8861e-11 4.70103e-11 3.75366e-11 2.99651e-11 2.39154e-11 1.90828e-11 1.52233e-11 1.21418e-11
0.00199811 0.00210791 0.00212998 0.00208764 0.00199986 0.00188178 0.00174523 0.00159932 0.00145084 0.00130476 0.00116455 0.00103251 0.000910047 0.00079787 0.000696183 0.000604825 0.000523375 0.000451248 0.000387757 0.000332165 0.000283723 0.000241695 0.000205374 0.0001741 0.000147262 0.0001243 0.000104712 8.80463e-05 7.3902e-05 6.19256e-05 5.18072e-05 4.32761e-05 3.60972e-05 3.00675e-05 2.50117e-05 2.07795e-05 1.72424e-05 1.42907e-05 1.18309e-05 9.78394e-06 8.0827e-06 6.67058e-06 5.49983e-06 4.53033e-06 3.72836e-06 3.06568e-06 2.51867e-06 2.06756e-06 1.69591e-06 1.39e-06 1.13842e-06 9.31707e-07 7.61993e-07 6.22769e-07 5.08647e-07 4.1517e-07 3.38661e-07 2.76083e-07 2.24935e-07 1.83157e-07 1.49055e-07 1.21236e-07 9.85562e-08 8.00775e-08 6.50303e-08 5.27844e-08 4.28238e-08 3.47263e-08 2.8147e-08 2.28038e-08 1.84668e-08 1.49481e-08 1.20948e-08 9.78208e-09 7.90837e-09 6.39102e-09 5.16279e-09 4.16902e-09 3.36527e-09 2.71549e-09 2.19038e-09 1.76619e-09 1.42366e-09 1.14717e-09 9.24074e-10 7.44119e-10 5.99017e-10 4.82058e-10 3.87816e-10 3.11903e-10 2.50775e-10 2.01569e-10 1.6197e-10 1.30115e-10 1.04495e-10 8.38969e-11 6.73411e-11 5.4038e-11 4.33516e-11 3.47696e-11 2.78796e-11
0.0015491 0.00172087 0.00180992 0.00183382 0.00180792 0.00174523 0.00165663 0.00155097 0.00143531 0.0013152 0.00119484 0.00107736 0.000964972 0.000859168 0.000760866 0.000670535 0.000588308 0.000514064 0.000447505 0.000388213 0.000335693 0.000289406 0.000248802 0.000213332 0.000182466 0.000155703 0.000132573 0.000112644 9.55228e-05 8.0852e-05 6.83125e-05 5.76198e-05 4.85222e-05 4.07978e-05 3.42523e-05 2.87162e-05 2.40422e-05 2.01027e-05 1.67877e-05 1.40024e-05 1.16657e-05 9.7081e-06 8.07027e-06 6.70177e-06 5.55974e-06 4.60783e-06 3.81532e-06 3.15624e-06 2.60871e-06 2.15432e-06 1.7776e-06 1.46558e-06 1.20739e-06 9.93926e-07 8.176e-07 6.72073e-07 5.52064e-07 4.53177e-07 3.71757e-07 3.04769e-07 2.49695e-07 2.04448e-07 1.67301e-07 1.36823e-07 1.11835e-07 9.13588e-08 7.45915e-08 6.08694e-08 4.9646e-08 4.04715e-08 3.29761e-08 2.68559e-08 2.18613e-08 1.77872e-08 1.44659e-08 1.17595e-08 9.55529e-09 7.76093e-09 6.30089e-09 5.11343e-09 4.14809e-09 3.36366e-09 2.72652e-09 2.20923e-09 1.78942e-09 1.44885e-09 1.17268e-09 9.48819e-10 7.67426e-10 6.205e-10 5.01536e-10 4.05247e-10 3.27339e-10 2.64325e-10 2.13375e-10 1.72193e-10 1.38917e-10 1.12038e-10 9.03342e-11 7.28136e-11 5.86746e-11
0.00120099 0.00140133 0.0015299 0.00159845 0.00161817 0.00159932 0.00155097 0.00148097 0.00139597 0.00130145 0.00120185 0.00110067 0.00100061 0.000903692 0.000811346 0.000724542 0.000643873 0.00056963 0.000501874 0.000440496 0.000385259 0.000335841 0.000291862 0.000252911 0.000218566 0.000188403 0.000162012 0.000139 0.000119 0.000101669 8.66923e-05 7.37848e-05 6.2688e-05 5.31699e-05 4.5024e-05 3.80671e-05 3.21372e-05 2.70924e-05 2.28082e-05 1.91762e-05 1.6102e-05 1.35042e-05 1.13121e-05 9.46504e-06 7.91088e-06 6.60488e-06 5.50881e-06 4.59006e-06 3.82085e-06 3.17757e-06 2.64019e-06 2.19177e-06 1.81795e-06 1.50664e-06 1.24763e-06 1.03234e-06 8.53544e-07 7.05192e-07 5.82203e-07 4.80325e-07 3.96003e-07 3.26264e-07 2.68632e-07 2.21039e-07 1.81764e-07 1.49378e-07 1.22689e-07 1.0071e-07 8.26212e-08 6.77441e-08 5.55157e-08 4.54705e-08 3.72236e-08 3.04569e-08 2.49079e-08 2.036e-08 1.66345e-08 1.35844e-08 1.10884e-08 9.04702e-09 7.37817e-09 6.01457e-09 4.9009e-09 3.99178e-09 3.24998e-09 2.64496e-09 2.15173e-09 1.74979e-09 1.4224e-09 1.15583e-09 9.38875e-10 7.62368e-10 6.18825e-10 5.02133e-10 4.07307e-10 3.30277e-10 2.67726e-10 2.16951e-10 1.75749e-10 1.42327e-10 1.15225e-10
0.000931101 0.00113851 0.00128725 0.001384 0.00143608 0.00145084 0.00143531 0.00139597 0.00133861 0.00126826 0.00118922 0.00110504 0.00101863 0.000932304 0.000847833 0.000766549 0.000689399 0.000617016 0.000549774 0.000487844 0.000431238 0.000379844 0.000333464 0.000291835 0.000254656 0.000221602 0.000192337 0.000166526 0.000143843 0.000123975 0.000106626 9.15213e-05 7.8406e-05 6.70475e-05 5.72343e-05 4.87756e-05 4.15003e-05 3.52558e-05 2.99066e-05 2.53329e-05 2.14293e-05 1.81032e-05 1.52739e-05 1.28709e-05 1.08331e-05 9.10748e-06 7.64822e-06 6.41586e-06 5.37647e-06 4.50091e-06 3.76425e-06 3.14516e-06 2.62547e-06 2.18968e-06 1.82463e-06 1.51916e-06 1.26378e-06 1.05049e-06 8.72512e-07 7.24137e-07 6.00548e-07 4.97691e-07 4.12159e-07 3.41091e-07 2.82088e-07 2.33138e-07 1.92558e-07 1.58942e-07 1.31114e-07 1.08093e-07 8.90624e-08 7.33399e-08 6.03591e-08 4.96485e-08 4.08165e-08 3.35379e-08 2.7543e-08 2.26083e-08 1.85485e-08 1.52103e-08 1.24669e-08 1.02136e-08 8.36367e-09 6.84573e-09 5.60081e-09 4.58029e-09 3.74412e-09 3.05932e-09 2.49874e-09 2.04005e-09 1.6649e-09 1.35821e-09 1.10759e-09 9.0287e-10 7.35718e-10 5.99292e-10 4.87988e-10 3.97216e-10 3.23216e-10 2.62912e-10 2.13787e-10
0.000721865 0.000923041 0.00107865 0.00119136 0.00126515 0.00130476 0.0013152 0.00130145 0.00126826 0.00121998 0.0011605 0.00109321 0.00102099 0.000946268 0.000870991 0.00079672 0.000724659 0.0006557 0.000590474 0.000529393 0.00047269 0.000420454 0.000372661 0.0003292 0.000289897 0.000254535 0.000222865 0.000194622 0.000169535 0.000147332 0.000127748 0.000110531 9.54379e-05 8.22451e-05 7.07436e-05 6.07417e-05 5.20643e-05 4.45531e-05 3.80652e-05 3.24725e-05 2.7661e-05 2.35291e-05 1.99871e-05 1.6956e-05 1.43663e-05 1.21572e-05 1.02756e-05 8.67518e-06 7.31587e-06 6.1629e-06 5.18619e-06 4.35983e-06 3.66152e-06 3.07211e-06 2.57518e-06 2.15667e-06 1.80458e-06 1.50868e-06 1.26024e-06 1.05185e-06 8.77226e-07 7.31024e-07 6.08728e-07 5.06517e-07 4.21165e-07 3.49949e-07 2.90576e-07 2.41114e-07 1.9994e-07 1.65691e-07 1.37222e-07 1.13575e-07 9.39463e-08 7.76643e-08 6.41671e-08 5.29857e-08 4.37284e-08 3.6069e-08 2.97353e-08 2.45011e-08 2.01779e-08 1.66092e-08 1.36649e-08 1.12371e-08 9.23628e-09 7.58818e-09 6.23131e-09 5.11476e-09 4.19643e-09 3.44149e-09 2.82116e-09 2.31168e-09 1.89342e-09 1.55022e-09 1.26871e-09 1.03792e-09 8.48788e-10 6.93854e-10 5.66989e-10 4.63151e-10 3.78192e-10
0.000559648 0.00074692 0.000900555 0.00102026 0.00110742 0.00116455 0.00119484 0.00120185 0.00118922 0.0011605 0.00111905 0.00106791 0.00100981 0.000947109 0.000881808 0.000815583 0.000749793 0.000685513 0.000623567 0.000564563 0.000508923 0.000456911 0.000408665 0.000364221 0.000323533 0.00028649 0.00025294 0.000222696 0.000195549 0.00017128 0.000149665 0.00013048 0.000113507 9.85377e-05 8.53728e-05 7.38264e-05 6.37253e-05 5.49101e-05 4.72349e-05 4.05669e-05 3.4786e-05 2.97841e-05 2.54646e-05 2.17412e-05 1.85372e-05 1.57847e-05 1.3424e-05 1.14025e-05 9.67385e-06 8.1979e-06 6.9394e-06 5.86777e-06 4.95642e-06 4.18235e-06 3.52568e-06 2.96925e-06 2.4983e-06 2.10012e-06 1.76384e-06 1.48012e-06 1.241e-06 1.03964e-06 8.70262e-07 7.27906e-07 6.0837e-07 5.08085e-07 4.24021e-07 3.53614e-07 2.94691e-07 2.4542e-07 2.0425e-07 1.69875e-07 1.41196e-07 1.17284e-07 9.73629e-08 8.07767e-08 6.69766e-08 5.55021e-08 4.59674e-08 3.80496e-08 3.14785e-08 2.60283e-08 2.15105e-08 1.77678e-08 1.46688e-08 1.21044e-08 9.98344e-09 8.23018e-09 6.78163e-09 5.58546e-09 4.59819e-09 3.78374e-09 3.11218e-09 2.55871e-09 2.10278e-09 1.72737e-09 1.4184e-09 1.16423e-09 9.5522e-10 7.83428e-10 6.42285e-10
0.000433884 0.000603342 0.000749389 0.00086974 0.000963861 0.00103251 0.00107736 0.00110067 0.00110504 0.00109321 0.00106791 0.00103178 0.000987237 0.000936493 0.000881495 0.000823932 0.000765232 0.000706578 0.000648929 0.000593036 0.000539473 0.000488654 0.000440857 0.000396251 0.00035491 0.000316833 0.00028196 0.000250186 0.000221373 0.00019536 0.000171969 0.000151015 0.000132311 0.00011567 0.000100911 8.78584e-05 7.63473e-05 6.6222e-05 5.73379e-05 4.9561e-05 4.27686e-05 3.68488e-05 3.16999e-05 2.72304e-05 2.33577e-05 2.00083e-05 1.71164e-05 1.46236e-05 1.24782e-05 1.06347e-05 9.05297e-06 7.69768e-06 6.53806e-06 5.54716e-06 4.70152e-06 3.98075e-06 3.36714e-06 2.84537e-06 2.40221e-06 2.02621e-06 1.70754e-06 1.43774e-06 1.20955e-06 1.01673e-06 8.53959e-07 7.16681e-07 6.01008e-07 5.03625e-07 4.21711e-07 3.52865e-07 2.95051e-07 2.46539e-07 2.05865e-07 1.71787e-07 1.43258e-07 1.19391e-07 9.94384e-08 8.27698e-08 6.88543e-08 5.72447e-08 4.75653e-08 3.95003e-08 3.27847e-08 2.7196e-08 2.2548e-08 1.86846e-08 1.54752e-08 1.28106e-08 1.05996e-08 8.76585e-09 7.2459e-09 5.98668e-09 4.944e-09 4.08106e-09 3.36723e-09 2.77704e-09 2.2893e-09 1.88641e-09 1.55378e-09 1.27927e-09 1.05283e-09
0.000336382 0.000486575 0.000621738 0.000738384 0.000834668 0.000910047 0.000964972 0.00100061 0.00101863 0.00102099 0.00100981 0.000987237 0.000955353 0.000916134 0.00087139 0.000822745 0.000771624 0.000719256 0.000666672 0.000614723 0.000564092 0.000515312 0.00046878 0.000424778 0.000383489 0.000345015 0.000309385 0.000276577 0.000246524 0.000219125 0.000194256 0.000171776 0.000151532 0.000133368 0.000117123 0.000102641 8.97676e-05 7.83573e-05 6.82701e-05 5.93751e-05 5.15501e-05 4.46821e-05 3.86671e-05 3.34102e-05 2.88248e-05 2.48329e-05 2.13639e-05 1.83547e-05 1.57487e-05 1.34955e-05 1.15504e-05 9.8739e-06 8.43091e-06 7.19069e-06 6.12617e-06 5.21368e-06 4.4325e-06 3.76456e-06 3.19413e-06 2.70753e-06 2.29291e-06 1.94002e-06 1.63997e-06 1.38513e-06 1.1689e-06 9.85604e-07 8.3038e-07 6.99049e-07 5.88034e-07 4.94275e-07 4.15158e-07 3.48453e-07 2.92258e-07 2.44956e-07 2.0517e-07 1.71731e-07 1.43649e-07 1.20082e-07 1.00318e-07 8.37556e-08 6.98855e-08 5.82778e-08 4.85698e-08 4.04559e-08 3.36787e-08 2.80213e-08 2.33017e-08 1.93667e-08 1.60879e-08 1.33573e-08 1.10846e-08 9.19401e-09 7.62218e-09 6.31606e-09 5.23128e-09 4.3308e-09 3.58369e-09 2.96414e-09 2.45061e-09 2.02517e-09 1.67287e-09
0.000260791 0.000391819 0.000514431 0.000624543 0.000719504 0.00079787 0.000859168 0.000903692 0.000932304 0.000946268 0.000947109 0.000936493 0.000916134 0.000887726 0.000852885 0.000813113 0.000769776 0.000724086 0.000677102 0.000629728 0.000582718 0.000536689 0.000492134 0.000449428 0.000408848 0.000370585 0.000334754 0.000301411 0.000270557 0.000242156 0.000216137 0.000192406 0.00017085 0.000151345 0.00013376 0.000117958 0.000103803 9.11625e-05 7.99056e-05 6.99077e-05 6.10507e-05 5.32233e-05 4.63219e-05 4.02503e-05 3.49199e-05 3.02497e-05 2.61659e-05 2.26014e-05 1.94957e-05 1.67945e-05 1.44489e-05 1.24154e-05 1.06551e-05 9.13361e-06 7.82041e-06 6.68854e-06 5.71429e-06 4.87678e-06 4.15774e-06 3.54116e-06 3.01307e-06 2.56128e-06 2.17522e-06 1.84566e-06 1.56465e-06 1.32527e-06 1.12157e-06 9.48393e-07 8.01306e-07 6.76495e-07 5.70683e-07 4.81056e-07 4.05205e-07 3.41066e-07 2.86875e-07 2.41127e-07 2.02535e-07 1.70007e-07 1.42608e-07 1.19549e-07 1.00155e-07 8.38548e-08 7.0165e-08 5.86751e-08 4.9038e-08 4.09602e-08 3.41937e-08 2.85291e-08 2.37899e-08 1.98274e-08 1.65162e-08 1.37508e-08 1.14426e-08 9.51708e-09 7.91169e-09 6.57391e-09 5.45973e-09 4.53225e-09 3.76059e-09 3.1189e-09 2.58554e-09
0.000202186 0.000315079 0.000424587 0.000526475 0.000617679 0.000696183 0.000760866 0.000811346 0.000847833 0.000870991 0.000881808 0.000881495 0.00087139 0.000852885 0.00082737 0.000796185 0.00076059 0.00072174 0.000680676 0.000638314 0.000595446 0.000552744 0.000510764 0.000469958 0.000430677 0.000393191 0.000357688 0.000324296 0.000293083 0.000264072 0.000237247 0.000212563 0.000189949 0.000169317 0.000150565 0.000133583 0.000118257 0.000104468 9.21004e-05 8.10388e-05 7.1172e-05 6.23937e-05 5.46027e-05 4.77041e-05 4.16094e-05 3.62363e-05 3.15091e-05 2.73582e-05 2.37203e-05 2.05377e-05 1.77582e-05 1.53349e-05 1.32256e-05 1.13923e-05 9.80149e-06 8.423e-06 7.2302e-06 6.19948e-06 5.30999e-06 4.54338e-06 3.88348e-06 3.31613e-06 2.82892e-06 2.411e-06 2.05293e-06 1.74646e-06 1.48443e-06 1.26062e-06 1.06966e-06 9.06877e-07 7.68245e-07 6.50292e-07 5.50024e-07 4.64864e-07 3.92598e-07 3.31326e-07 2.79417e-07 2.35476e-07 1.9831e-07 1.66898e-07 1.40369e-07 1.1798e-07 9.91001e-08 8.31894e-08 6.97906e-08 5.85146e-08 4.90317e-08 4.10617e-08 3.43677e-08 2.87489e-08 2.40355e-08 2.0084e-08 1.67732e-08 1.40009e-08 1.16807e-08 9.74017e-09 8.11795e-09 6.76259e-09 5.63081e-09 4.68621e-09 3.89825e-09
0.000156751 0.000253042 0.000349635 0.000442441 0.000528278 0.000604825 0.000670535 0.000724542 0.000766549 0.00079672 0.000815583 0.000823932 0.000822745 0.000813113 0.000796185 0.000773114 0.000745022 0.000712975 0.00067796 0.000640872 0.000602509 0.000563568 0.000524646 0.000486246 0.00044878 0.000412577 0.000377891 0.000344911 0.000313766 0.000284536 0.000257257 0.000231931 0.00020853 0.000187003 0.000167283 0.000149286 0.000132922 0.000118093 0.000104698 9.26338e-05 8.18006e-05 7.20987e-05 6.34325e-05 5.57104e-05 4.88458e-05 4.27572e-05 3.73684e-05 3.26088e-05 2.84133e-05 2.47221e-05 2.14804e-05 1.86385e-05 1.61514e-05 1.39783e-05 1.20826e-05 1.04313e-05 8.99516e-06 7.74787e-06 6.66609e-06 5.72912e-06 4.91864e-06 4.21846e-06 3.61431e-06 3.09363e-06 2.64543e-06 2.26004e-06 1.92902e-06 1.64501e-06 1.40159e-06 1.19316e-06 1.01488e-06 8.6253e-07 7.32461e-07 6.21517e-07 5.26972e-07 4.46471e-07 3.77988e-07 3.19778e-07 2.7034e-07 2.28385e-07 1.9281e-07 1.62667e-07 1.37146e-07 1.15554e-07 9.72995e-08 8.18779e-08 6.88583e-08 5.78741e-08 4.86134e-08 4.08108e-08 3.42409e-08 2.87126e-08 2.40635e-08 2.01562e-08 1.68744e-08 1.41195e-08 1.18082e-08 9.87023e-09 8.24619e-09 6.88596e-09 5.74732e-09
0.000121526 0.000202976 0.000287309 0.000370771 0.000450268 0.000523375 0.000588308 0.000643873 0.000689399 0.000724659 0.000749793 0.000765232 0.000771624 0.000769776 0.00076059 0.000745022 0.000724041 0.000698595 0.000669594 0.000637884 0.000604241 0.000569363 0.000533865 0.00049828 0.00046306 0.000428582 0.000395151 0.000363008 0.000332334 0.000303262 0.000275875 0.000250221 0.000226314 0.000204141 0.000183667 0.000164839 0.000147592 0.000131851 0.000117531 0.000104548 9.28108e-05 8.22313e-05 7.27213e-05 6.41946e-05 5.65686e-05 4.97643e-05 4.37068e-05 3.83259e-05 3.35558e-05 2.93357e-05 2.56094e-05 2.2325e-05 1.94354e-05 1.68974e-05 1.4672e-05 1.27237e-05 1.10208e-05 9.53439e-06 8.23897e-06 7.11155e-06 6.13167e-06 5.28115e-06 4.54386e-06 3.90552e-06 3.35352e-06 2.87674e-06 2.4654e-06 2.11092e-06 1.80576e-06 1.54335e-06 1.31793e-06 1.12447e-06 9.58615e-07 8.16556e-07 6.94994e-07 5.91066e-07 5.02295e-07 4.26535e-07 3.61934e-07 3.06896e-07 2.60043e-07 2.2019e-07 1.86317e-07 1.57549e-07 1.33135e-07 1.12432e-07 9.4888e-08 8.00316e-08 6.74599e-08 5.68287e-08 4.78445e-08 4.02573e-08 3.38538e-08 2.84528e-08 2.39003e-08 2.00652e-08 1.68365e-08 1.41198e-08 1.18354e-08 9.91542e-09 8.30275e-09
9.42168e-05 0.000162634 0.000235633 0.000309902 0.000382568 0.000451248 0.000514064 0.00056963 0.000617016 0.0006557 0.000685513 0.000706578 0.000719256 0.000724086 0.00072174 0.000712975 0.000698595 0.000679421 0.000656262 0.000629897 0.000601059 0.000570423 0.000538602 0.000506141 0.000473514 0.000441131 0.000409335 0.000378409 0.000348578 0.000320017 0.000292856 0.000267183 0.000243052 0.000220486 0.000199483 0.000180022 0.000162063 0.000145554 0.000130433 0.000116629 0.000104069 9.26748e-05 8.23683e-05 7.30711e-05 6.47062e-05 5.71987e-05 5.04768e-05 4.44719e-05 3.91192e-05 3.43579e-05 3.01311e-05 2.6386e-05 2.30739e-05 2.015e-05 1.75732e-05 1.53061e-05 1.33147e-05 1.15683e-05 1.00389e-05 8.70156e-06 7.53384e-06 6.51562e-06 5.62893e-06 4.85778e-06 4.18797e-06 3.60689e-06 3.10339e-06 2.66761e-06 2.29087e-06 1.96553e-06 1.68488e-06 1.44304e-06 1.23484e-06 1.05579e-06 9.01963e-07 7.69922e-07 6.5669e-07 5.59676e-07 4.7663e-07 4.05604e-07 3.44909e-07 2.93085e-07 2.48872e-07 2.11183e-07 1.79079e-07 1.51754e-07 1.28514e-07 1.08763e-07 9.19887e-08 7.77532e-08 6.56804e-08 5.54487e-08 4.67832e-08 3.9449e-08 3.32455e-08 2.80016e-08 2.35719e-08 1.9832e-08 1.66765e-08 1.40157e-08 1.17733e-08
7.30445e-05 0.000130173 0.000192902 0.000258403 0.000324102 0.000387757 0.000447505 0.000501874 0.000549774 0.000590474 0.000623567 0.000648929 0.000666672 0.000677102 0.000680676 0.00067796 0.000669594 0.000656262 0.000638664 0.000617497 0.000593432 0.000567107 0.000539113 0.000509989 0.000480219 0.000450228 0.000420386 0.000391006 0.000362348 0.000334625 0.000308002 0.000282605 0.000258525 0.000235819 0.000214517 0.000194628 0.000176138 0.00015902 0.000143232 0.000128724 0.000115436 0.000103306 9.22652e-05 8.22456e-05 7.31775e-05 6.49918e-05 5.76211e-05 5.10001e-05 4.5066e-05 3.97592e-05 3.50233e-05 3.08055e-05 2.70563e-05 2.37299e-05 2.0784e-05 1.81795e-05 1.58807e-05 1.38551e-05 1.2073e-05 1.05075e-05 9.13425e-06 7.93145e-06 6.87937e-06 5.96036e-06 5.15865e-06 4.46014e-06 3.85231e-06 3.32402e-06 2.86541e-06 2.46773e-06 2.12327e-06 1.82524e-06 1.56765e-06 1.34524e-06 1.1534e-06 9.88093e-07 8.45787e-07 7.23395e-07 6.18228e-07 5.27943e-07 4.50502e-07 3.84134e-07 3.27306e-07 2.78685e-07 2.3712e-07 2.01615e-07 1.7131e-07 1.45463e-07 1.23436e-07 1.04676e-07 8.87115e-08 7.5135e-08 6.35974e-08 5.37991e-08 4.54834e-08 3.84307e-08 3.2453e-08 2.73897e-08 2.31035e-08 1.94774e-08 1.64115e-08
5.663e-05 0.000104088 0.000157654 0.00021498 0.00027383 0.000332165 0.000388213 0.000440496 0.000487844 0.000529393 0.000564563 0.000593036 0.000614723 0.000629728 0.000638314 0.000640872 0.000637884 0.000629897 0.000617497 0.000601287 0.000581867 0.000559823 0.000535711 0.00051005 0.000483318 0.000455945 0.000428312 0.000400754 0.000373557 0.000346959 0.00032116 0.000296316 0.00027255 0.00024995 0.000228578 0.000208468 0.000189635 0.000172074 0.000155766 0.000140679 0.000126773 0.000113997 0.000102298 9.16175e-05 8.18943e-05 7.30673e-05 6.50746e-05 5.78554e-05 5.13505e-05 4.55025e-05 4.02566e-05 3.55607e-05 3.13657e-05 2.76254e-05 2.42968e-05 2.13399e-05 1.87178e-05 1.63965e-05 1.43449e-05 1.25345e-05 1.09394e-05 9.53611e-06 8.30327e-06 7.22173e-06 6.2742e-06 5.44518e-06 4.72076e-06 4.08855e-06 3.53748e-06 3.05769e-06 2.64046e-06 2.27803e-06 1.96355e-06 1.69097e-06 1.45496e-06 1.2508e-06 1.07439e-06 9.22098e-07 7.90751e-07 6.77575e-07 5.80145e-07 4.96344e-07 4.2433e-07 3.62497e-07 3.0945e-07 2.63978e-07 2.25031e-07 1.91698e-07 1.63193e-07 1.38834e-07 1.18035e-07 1.00287e-07 8.51537e-08 7.22594e-08 6.12803e-08 5.19381e-08 4.39942e-08 3.72436e-08 3.15109e-08 2.66455e-08 2.25188e-08
4.39042e-05 8.31531e-05 0.000128643 0.000178482 0.000230775 0.000283723 0.000335693 0.000385259 0.000431238 0.00047269 0.000508923 0.000539473 0.000564092 0.000582718 0.000595446 0.000602509 0.000604241 0.000601059 0.000593432 0.000581867 0.000566886 0.000549012 0.000528754 0.000506601 0.000483013 0.000458411 0.000433182 0.000407667 0.000382168 0.000356948 0.000332226 0.000308188 0.000284981 0.000262722 0.000241499 0.000221374 0.000202386 0.000184553 0.000167878 0.000152349 0.000137941 0.000124622 0.000112351 0.000101082 9.07633e-05 8.13426e-05 7.27651e-05 6.49758e-05 5.79198e-05 5.15434e-05 4.57943e-05 4.0622e-05 3.59787e-05 3.18185e-05 2.80985e-05 2.47785e-05 2.18207e-05 1.91902e-05 1.68549e-05 1.4785e-05 1.29532e-05 1.13346e-05 9.90665e-06 8.64861e-06 7.54184e-06 6.56949e-06 5.71637e-06 4.96882e-06 4.3146e-06 3.74276e-06 3.24353e-06 2.80819e-06 2.42899e-06 2.09906e-06 1.81232e-06 1.56336e-06 1.34743e-06 1.16034e-06 9.9839e-07 8.58345e-07 7.37353e-07 6.32918e-07 5.42855e-07 4.65255e-07 3.98451e-07 3.4099e-07 2.91606e-07 2.49198e-07 2.12809e-07 1.8161e-07 1.54882e-07 1.32e-07 1.12426e-07 9.56929e-08 8.13995e-08 6.91984e-08 5.87904e-08 4.9918e-08 4.23596e-08 3.59249e-08 3.04502e-08
3.40381e-05 6.63709e-05 0.000104817 0.000147892 0.000194035 0.000241695 0.000289406 0.000335841 0.000379844 0.000420454 0.000456911 0.000488654 0.000515312 0.000536689 0.000552744 0.000563568 0.000569363 0.000570423 0.000567107 0.000559823 0.000549012 0.000535126 0.000518625 0.000499954 0.000479546 0.000457807 0.000435112 0.000411807 0.0003882 0.000364565 0.000341141 0.000318131 0.000295706 0.000274006 0.000253142 0.0002332 0.000214242 0.000196309 0.000179422 0.000163591 0.000148808 0.000135056 0.000122309 0.000110533 9.96881e-05 8.97313e-05 8.0616e-05 7.22938e-05 6.47154e-05 5.78316e-05 5.15936e-05 4.59538e-05 4.08659e-05 3.62857e-05 3.21708e-05 2.84813e-05 2.51793e-05 2.22295e-05 1.95991e-05 1.72574e-05 1.51762e-05 1.33294e-05 1.16932e-05 1.02457e-05 8.96706e-06 7.83914e-06 6.84555e-06 5.97146e-06 5.2035e-06 4.52963e-06 3.93906e-06 3.42211e-06 2.97013e-06 2.57541e-06 2.23108e-06 1.93104e-06 1.66985e-06 1.44274e-06 1.24545e-06 1.07423e-06 9.25791e-07 7.97219e-07 6.85958e-07 5.89766e-07 5.06675e-07 4.34964e-07 3.73127e-07 3.19849e-07 2.73983e-07 2.3453e-07 2.0062e-07 1.71497e-07 1.46504e-07 1.25072e-07 1.06706e-07 9.09788e-08 7.75216e-08 6.60143e-08 5.61812e-08 4.77843e-08 4.06186e-08
2.63891e-05 5.29321e-05 8.5285e-05 0.000122322 0.000162787 0.000205374 0.000248802 0.000291862 0.000333464 0.000372661 0.000408665 0.000440857 0.00046878 0.000492134 0.000510764 0.000524646 0.000533865 0.000538602 0.000539113 0.000535711 0.000528754 0.000518625 0.000505722 0.000490447 0.000473195 0.000454347 0.000434264 0.000413282 0.000391711 0.000369829 0.000347885 0.000326097 0.000304651 0.000283708 0.000263398 0.000243827 0.000225077 0.00020721 0.000190269 0.000174278 0.000159248 0.000145179 0.000132058 0.000119865 0.000108572 9.81448e-05 8.85471e-05 7.97376e-05 7.16737e-05 6.43115e-05 5.76066e-05 5.15148e-05 4.59928e-05 4.09982e-05 3.64902e-05 3.24296e-05 2.87792e-05 2.55037e-05 2.257e-05 1.99471e-05 1.7606e-05 1.552e-05 1.36641e-05 1.20156e-05 1.05534e-05 9.25853e-06 8.11333e-06 7.10194e-06 6.20991e-06 5.42419e-06 4.733e-06 4.1257e-06 3.59277e-06 3.12564e-06 2.71667e-06 2.35901e-06 2.04657e-06 1.77393e-06 1.53625e-06 1.32928e-06 1.14922e-06 9.92726e-07 8.56846e-07 7.38975e-07 6.36819e-07 5.48362e-07 4.71835e-07 4.05686e-07 3.48557e-07 2.99257e-07 2.56749e-07 2.20126e-07 1.88598e-07 1.61477e-07 1.38165e-07 1.18142e-07 1.00956e-07 8.62151e-08 7.35812e-08 6.27603e-08 5.34986e-08
2.04589e-05 4.21816e-05 6.93024e-05 0.000101 0.00013629 0.0001741 0.000213332 0.000252911 0.000291835 0.0003292 0.000364221 0.000396251 0.000424778 0.000449428 0.000469958 0.000486246 0.00049828 0.000506141 0.000509989 0.00051005 0.000506601 0.000499954 0.000490447 0.000478429 0.000464256 0.000448276 0.000430829 0.000412236 0.000392799 0.000372796 0.000352478 0.000332072 0.000311777 0.000291765 0.000272185 0.000253158 0.000234786 0.000217146 0.000200301 0.000184291 0.000169146 0.000154878 0.00014149 0.000128975 0.000117318 0.000106494 9.64767e-05 8.72333e-05 7.87282e-05 7.09239e-05 6.3781e-05 5.72597e-05 5.13201e-05 4.59226e-05 4.10285e-05 3.66003e-05 3.26016e-05 2.89979e-05 2.57563e-05 2.28458e-05 2.02371e-05 1.7903e-05 1.58179e-05 1.39584e-05 1.23025e-05 1.08303e-05 9.52316e-06 8.36435e-06 7.33843e-06 6.43138e-06 5.63048e-06 4.92421e-06 4.30216e-06 3.75497e-06 3.27418e-06 2.85223e-06 2.48234e-06 2.15843e-06 1.87511e-06 1.62754e-06 1.41143e-06 1.22299e-06 1.05881e-06 9.15932e-07 7.91695e-07 6.8377e-07 5.90099e-07 5.08873e-07 4.385e-07 3.7758e-07 3.24889e-07 2.79352e-07 2.40029e-07 2.061e-07 1.76847e-07 1.51645e-07 1.29949e-07 1.11286e-07 9.5242e-08 8.14603e-08 6.96299e-08
1.58614e-05 3.35898e-05 5.62459e-05 8.32598e-05 0.000113886 0.000147262 0.000182466 0.000218566 0.000254656 0.000289897 0.000323533 0.00035491 0.000383489 0.000408848 0.000430677 0.00044878 0.00046306 0.000473514 0.000480219 0.000483318 0.000483013 0.000479546 0.000473195 0.000464256 0.00045304 0.00043986 0.000425027 0.000408842 0.000391595 0.000373555 0.000354973 0.000336077 0.000317074 0.000298145 0.000279449 0.000261124 0.000243284 0.000226024 0.00020942 0.00019353 0.000178397 0.00016405 0.000150505 0.000137767 0.000125833 0.000114691 0.000104323 9.47055e-05 8.58103e-05 7.76066e-05 7.00611e-05 6.3139e-05 5.68045e-05 5.10214e-05 4.57537e-05 4.0966e-05 3.66238e-05 3.26935e-05 2.9143e-05 2.59417e-05 2.30606e-05 2.04721e-05 1.81506e-05 1.60719e-05 1.42136e-05 1.25549e-05 1.10767e-05 9.76129e-06 8.59232e-06 7.55498e-06 6.63568e-06 5.82207e-06 5.10291e-06 4.46805e-06 3.90827e-06 3.41529e-06 2.98164e-06 2.60061e-06 2.26619e-06 1.973e-06 1.71621e-06 1.49155e-06 1.2952e-06 1.12375e-06 9.74197e-07 8.43865e-07 7.3039e-07 6.31681e-07 5.45894e-07 4.71403e-07 4.06775e-07 3.50752e-07 3.02228e-07 2.60234e-07 2.23919e-07 1.92541e-07 1.65449e-07 1.42075e-07 1.21924e-07 1.04564e-07 8.96188e-08
1.22971e-05 2.67294e-05 4.55962e-05 6.85316e-05 9.4991e-05 0.0001243 0.000155703 0.000188403 0.000221602 0.000254535 0.00028649 0.000316833 0.000345015 0.000370585 0.000393191 0.000412577 0.000428582 0.000441131 0.000450228 0.000455945 0.000458411 0.000457807 0.000454347 0.000448276 0.00043986 0.000429371 0.000417091 0.000403295 0.000388253 0.000372225 0.000355452 0.000338163 0.000320564 0.000302842 0.000285165 0.00026768 0.000250513 0.000233772 0.000217545 0.000201906 0.000186911 0.000172602 0.000159009 0.000146149 0.00013403 0.000122653 0.000112007 0.00010208 9.28507e-05 8.42962e-05 7.63895e-05 6.9101e-05 6.23998e-05 5.62536e-05 5.06299e-05 4.5496e-05 4.08193e-05 3.65681e-05 3.27116e-05 2.92199e-05 2.60644e-05 2.32181e-05 2.06551e-05 1.83512e-05 1.62837e-05 1.44312e-05 1.2774e-05 1.12937e-05 9.97343e-06 8.79754e-06 7.7517e-06 6.82279e-06 5.99883e-06 5.2689e-06 4.62307e-06 4.05237e-06 3.54864e-06 3.10455e-06 2.71348e-06 2.36949e-06 2.06724e-06 1.80194e-06 1.56932e-06 1.36556e-06 1.18726e-06 1.03138e-06 8.9525e-07 7.76466e-07 6.72914e-07 5.82724e-07 5.04241e-07 4.36003e-07 3.76723e-07 3.25269e-07 2.80644e-07 2.41973e-07 2.08487e-07 1.79514e-07 1.54464e-07 1.32823e-07 1.1414e-07
9.53367e-06 2.1256e-05 3.69224e-05 5.63277e-05 7.90947e-05 0.000104712 0.000132573 0.000162012 0.000192337 0.000222865 0.00025294 0.00028196 0.000309385 0.000334754 0.000357688 0.000377891 0.000395151 0.000409335 0.000420386 0.000428312 0.000433182 0.000435112 0.000434264 0.000430829 0.000425027 0.000417091 0.000407266 0.000395803 0.000382948 0.000368944 0.000354022 0.000338404 0.000322293 0.000305878 0.000289331 0.000272805 0.000256434 0.000240337 0.000224614 0.000209349 0.000194611 0.000180454 0.000166919 0.000154037 0.000141827 0.000130298 0.000119451 0.000109283 9.97809e-05 9.09291e-05 8.27072e-05 7.50919e-05 6.80574e-05 6.15759e-05 5.56186e-05 5.01561e-05 4.51586e-05 4.05964e-05 3.64404e-05 3.2662e-05 2.92337e-05 2.61289e-05 2.33221e-05 2.07893e-05 1.85076e-05 1.64554e-05 1.46128e-05 1.29608e-05 1.1482e-05 1.01602e-05 8.98043e-06 7.92885e-06 6.99282e-06 6.16075e-06 5.42205e-06 4.76707e-06 4.18702e-06 3.67396e-06 3.22067e-06 2.82064e-06 2.46803e-06 2.15753e-06 1.88442e-06 1.64445e-06 1.4338e-06 1.24908e-06 1.08726e-06 9.45635e-07 8.21799e-07 7.13618e-07 6.192e-07 5.36866e-07 4.65131e-07 4.02686e-07 3.48371e-07 3.01168e-07 2.60179e-07 2.24613e-07 1.93777e-07 1.67063e-07 1.43937e-07
7.39127e-06 1.68928e-05 2.98675e-05 4.6234e-05 6.57513e-05 8.80463e-05 0.000112644 0.000139 0.000166526 0.000194622 0.000222696 0.000250186 0.000276577 0.000301411 0.000324296 0.000344911 0.000363008 0.000378409 0.000391006 0.000400754 0.000407667 0.000411807 0.000413282 0.000412236 0.000408842 0.000403295 0.000395803 0.000386586 0.000375867 0.000363869 0.00035081 0.000336897 0.000322331 0.000307297 0.000291968 0.000276499 0.000261031 0.000245689 0.000230582 0.000215804 0.000201433 0.000187536 0.000174164 0.000161358 0.000149148 0.000137552 0.000126584 0.000116245 0.000106534 9.74423e-05 8.89558e-05 8.10576e-05 7.37275e-05 6.69428e-05 6.0679e-05 5.491e-05 4.96094e-05 4.47501e-05 4.0305e-05 3.62473e-05 3.25507e-05 2.91897e-05 2.61394e-05 2.33763e-05 2.08776e-05 1.8622e-05 1.65892e-05 1.47601e-05 1.31168e-05 1.16428e-05 1.03225e-05 9.14154e-06 8.08678e-06 7.14597e-06 6.30793e-06 5.56238e-06 4.89995e-06 4.3121e-06 3.79106e-06 3.32978e-06 2.92187e-06 2.56155e-06 2.24363e-06 1.96342e-06 1.7167e-06 1.49969e-06 1.30901e-06 1.14162e-06 9.94824e-07 8.66209e-07 7.53627e-07 6.55169e-07 5.6914e-07 4.94036e-07 4.28527e-07 3.71433e-07 3.21717e-07 2.78458e-07 2.40849e-07 2.08178e-07 1.79817e-07
5.73031e-06 1.34172e-05 2.41368e-05 3.79001e-05 5.45744e-05 7.3902e-05 9.55228e-05 0.000119 0.000143843 0.000169535 0.000195549 0.000221373 0.000246524 0.000270557 0.000293083 0.000313766 0.000332334 0.000348578 0.000362348 0.000373557 0.000382168 0.0003882 0.000391711 0.000392799 0.000391595 0.000388253 0.000382948 0.000375867 0.000367208 0.000357171 0.000345955 0.000333758 0.000320767 0.000307164 0.000293117 0.000278783 0.000264305 0.000249813 0.000235421 0.000221231 0.000207331 0.000193795 0.000180683 0.000168048 0.000155927 0.00014435 0.000133337 0.000122901 0.000113048 0.000103775 9.50774e-05 8.69438e-05 7.936e-05 7.23082e-05 6.57687e-05 5.97195e-05 5.41376e-05 4.89988e-05 4.42786e-05 3.99523e-05 3.59952e-05 3.23832e-05 2.90925e-05 2.61002e-05 2.33842e-05 2.09233e-05 1.86973e-05 1.66871e-05 1.48748e-05 1.32434e-05 1.1777e-05 1.0461e-05 9.28151e-06 8.22595e-06 7.28256e-06 6.44053e-06 5.68994e-06 5.02171e-06 4.42754e-06 3.89984e-06 3.43174e-06 3.01697e-06 2.64988e-06 2.32534e-06 2.03872e-06 1.78587e-06 1.56303e-06 1.36683e-06 1.19427e-06 1.04264e-06 9.09532e-07 7.92789e-07 6.90492e-07 6.00935e-07 5.226e-07 4.5414e-07 3.9436e-07 3.42203e-07 2.96735e-07 2.57128e-07 2.22656e-07
4.4426e-06 1.06506e-05 1.94873e-05 3.10304e-05 4.5231e-05 6.19256e-05 8.0852e-05 0.000101669 0.000123975 0.000147332 0.00017128 0.00019536 0.000219125 0.000242156 0.000264072 0.000284536 0.000303262 0.000320017 0.000334625 0.000346959 0.000356948 0.000364565 0.000369829 0.000372796 0.000373555 0.000372225 0.000368944 0.000363869 0.000357171 0.000349025 0.000339613 0.000329113 0.000317705 0.000305558 0.000292837 0.000279696 0.000266278 0.000252713 0.000239122 0.00022561 0.000212271 0.000199187 0.000186428 0.000174052 0.000162107 0.00015063 0.000139651 0.00012919 0.000119261 0.000109869 0.000101016 9.26978e-05 8.49049e-05 7.76256e-05 7.08449e-05 6.45452e-05 5.87072e-05 5.33101e-05 4.83322e-05 4.37513e-05 3.95447e-05 3.569e-05 3.21647e-05 2.89469e-05 2.60153e-05 2.33493e-05 2.09291e-05 1.87357e-05 1.67513e-05 1.49587e-05 1.33419e-05 1.18859e-05 1.05767e-05 9.40105e-06 8.34691e-06 7.40297e-06 6.55883e-06 5.80492e-06 5.13244e-06 4.53333e-06 4.00024e-06 3.52645e-06 3.10584e-06 2.73286e-06 2.40249e-06 2.11016e-06 1.85178e-06 1.62364e-06 1.4224e-06 1.24506e-06 1.08893e-06 9.51622e-07 8.30965e-07 7.2504e-07 6.32133e-07 5.50715e-07 4.79426e-07 4.17061e-07 3.62547e-07 3.14935e-07 2.73384e-07
3.44426e-06 8.44985e-06 1.57193e-05 2.53762e-05 3.74349e-05 5.18072e-05 6.83125e-05 8.66923e-05 0.000106626 0.000127748 0.000149665 0.000171969 0.000194256 0.000216137 0.000237247 0.000257257 0.000275875 0.000292856 0.000308002 0.00032116 0.000332226 0.000341141 0.000347885 0.000352478 0.000354973 0.000355452 0.000354022 0.00035081 0.000345955 0.000339613 0.00033194 0.000323102 0.00031326 0.000302575 0.000291204 0.000279294 0.000266986 0.000254411 0.000241689 0.000228931 0.000216234 0.000203685 0.000191362 0.000179328 0.00016764 0.000156342 0.000145472 0.000135058 0.00012512 0.000115671 0.00010672 9.82685e-05 9.03136e-05 8.2849e-05 7.58645e-05 6.93471e-05 6.32814e-05 5.76504e-05 5.24355e-05 4.76171e-05 4.3175e-05 3.90886e-05 3.53371e-05 3.19001e-05 2.87571e-05 2.58885e-05 2.3275e-05 2.08981e-05 1.874e-05 1.67838e-05 1.50135e-05 1.34139e-05 1.19707e-05 1.06705e-05 9.50094e-06 8.45024e-06 7.50764e-06 6.66314e-06 5.90751e-06 5.23225e-06 4.62955e-06 4.09227e-06 3.61387e-06 3.18839e-06 2.81039e-06 2.47496e-06 2.17761e-06 1.91431e-06 1.68138e-06 1.47555e-06 1.29383e-06 1.13356e-06 9.92347e-07 8.68032e-07 7.58697e-07 6.62624e-07 5.78279e-07 5.04294e-07 4.39452e-07 3.82671e-07 3.32989e-07
2.67027e-06 6.70037e-06 1.26691e-05 2.07292e-05 3.09414e-05 4.32761e-05 5.76198e-05 7.37848e-05 9.15213e-05 0.000110531 0.00013048 0.000151015 0.000171776 0.000192406 0.000212563 0.000231931 0.000250221 0.000267183 0.000282605 0.000296316 0.000308188 0.000318131 0.000326097 0.000332072 0.000336077 0.000338163 0.000338404 0.000336897 0.000333758 0.000329113 0.000323102 0.000315868 0.000307558 0.000298321 0.000288302 0.000277643 0.00026648 0.00025494 0.000243143 0.000231201 0.000219214 0.000207273 0.000195459 0.000183844 0.000172488 0.000161444 0.000150755 0.000140456 0.000130575 0.000121131 0.000112139 0.000103608 9.55396e-05 8.79338e-05 8.07851e-05 7.40853e-05 6.78233e-05 6.19856e-05 5.65571e-05 5.15212e-05 4.68603e-05 4.2556e-05 3.85896e-05 3.49419e-05 3.15941e-05 2.85274e-05 2.57235e-05 2.31645e-05 2.08329e-05 1.87123e-05 1.67867e-05 1.5041e-05 1.34608e-05 1.20326e-05 1.07436e-05 9.58198e-06 8.5366e-06 7.59709e-06 6.75385e-06 5.998e-06 5.32134e-06 4.71631e-06 4.17599e-06 3.69402e-06 3.2646e-06 2.88242e-06 2.54268e-06 2.24097e-06 1.97332e-06 1.73615e-06 1.52618e-06 1.34048e-06 1.17641e-06 1.03159e-06 9.03879e-07 7.91358e-07 6.92311e-07 6.05201e-07 5.28657e-07 4.61455e-07 4.02503e-07
2.07021e-06 5.31046e-06 1.02025e-05 1.69152e-05 2.55417e-05 3.60972e-05 4.85222e-05 6.2688e-05 7.8406e-05 9.54379e-05 0.000113507 0.000132311 0.000151532 0.00017085 0.000189949 0.00020853 0.000226314 0.000243052 0.000258525 0.00027255 0.000284981 0.000295706 0.000304651 0.000311777 0.000317074 0.000320564 0.000322293 0.000322331 0.000320767 0.000317705 0.00031326 0.000307558 0.00030073 0.000292909 0.00028423 0.000274824 0.000264822 0.000254347 0.000243516 0.000232439 0.000221218 0.000209946 0.000198708 0.000187578 0.000176624 0.000165902 0.000155461 0.000145344 0.000135582 0.000126204 0.000117229 0.000108671 0.000100539 9.28372e-05 8.55658e-05 7.87209e-05 7.22958e-05 6.62811e-05 6.0665e-05 5.54342e-05 5.05738e-05 4.6068e-05 4.19001e-05 3.80529e-05 3.4509e-05 3.12511e-05 2.82617e-05 2.55238e-05 2.30208e-05 2.07365e-05 1.86552e-05 1.67622e-05 1.5043e-05 1.34841e-05 1.20728e-05 1.07969e-05 9.64503e-06 8.60666e-06 7.67185e-06 6.83138e-06 6.07671e-06 5.39994e-06 4.79377e-06 4.25149e-06 3.76694e-06 3.33447e-06 2.94893e-06 2.60559e-06 2.30016e-06 2.02876e-06 1.78783e-06 1.57418e-06 1.3849e-06 1.21738e-06 1.06926e-06 9.38411e-07 8.2293e-07 7.21104e-07 6.31398e-07 5.52438e-07 4.82997e-07
