0.370653 0.0232648 0.0150576 0.0105051 0.00771465 0.00586505 0.00456581 0.00361391 0.00289487 0.00233947 0.00190327 0.00155637 0.00127779 0.00105238 0.000868912 0.000718854 0.000595648 0.000494166 0.000410355 0.000340982 0.000283445 0.00023564 0.000195852 0.000162678 0.000134965 0.000111762 9.22804e-05 7.58655e-05 6.19694e-05 5.01323e-05 4.18452e-05
0.0232648 0.00314735 0.00189454 0.00121676 0.000819789 0.000572484 0.00041088 0.000301244 0.00022461 0.000169741 0.00012968 9.99599e-05 7.76195e-05 6.06422e-05 4.76224e-05 3.75605e-05 2.97332e-05 2.36099e-05 1.87959e-05 1.49948e-05 1.19816e-05 9.58444e-06 7.67086e-06 6.1383e-06 4.90683e-06 3.91395e-06 3.11059e-06 2.45817e-06 1.92637e-06 1.49162e-06 1.21295e-06
0.0150576 0.00189454 0.00108978 0.000676252 0.000444678 0.000305438 0.000216815 0.000157814 0.000117116 8.82426e-05 6.72939e-05 5.18188e-05 4.02191e-05 3.142e-05 2.46793e-05 1.94728e-05 1.54234e-05 1.22551e-05 9.76362e-06 7.79544e-06 6.23444e-06 4.99186e-06 3.99939e-06 3.2041e-06 2.5648e-06 2.04926e-06 1.63221e-06 1.29383e-06 1.01868e-06 8.15704e-07 6.63761e-07
0.0105051 0.00121676 0.000676252 0.000408557 0.000263599 0.000178779 0.000125878 9.11598e-05 6.7444e-05 5.07269e-05 3.86485e-05 2.97493e-05 2.30893e-05 1.80417e-05 1.41764e-05 1.11911e-05 8.86888e-06 7.05151e-06 5.6218e-06 4.49194e-06 3.59546e-06 2.88156e-06 2.31117e-06 1.85402e-06 1.48652e-06 1.19025e-06 9.50765e-07 7.56798e-07 6.07724e-07 4.86668e-07 3.9615e-07
0.00771465 0.000819789 0.000444678 0.000263599 0.000167838 0.000112871 7.90676e-05 5.70942e-05 4.21755e-05 3.16985e-05 2.41449e-05 1.8586e-05 1.44281e-05 1.12773e-05 8.86437e-06 7.00046e-06 5.5502e-06 4.41489e-06 3.5215e-06 2.81529e-06 2.25483e-06 1.80846e-06 1.45179e-06 1.16596e-06 9.36242e-07 7.51158e-07 6.01723e-07 4.84114e-07 3.88822e-07 3.11385e-07 2.5348e-07
0.00586505 0.000572484 0.000305438 0.000178779 0.000112871 7.55217e-05 5.27589e-05 3.80462e-05 2.80896e-05 2.11093e-05 1.60805e-05 1.23805e-05 9.6128e-06 7.51519e-06 5.90847e-06 4.66705e-06 3.70095e-06 2.94455e-06 2.34925e-06 1.87866e-06 1.50519e-06 1.20776e-06 9.70151e-07 7.79781e-07 6.2686e-07 5.03744e-07 4.05715e-07 3.26458e-07 2.62214e-07 2.09993e-07 1.70915e-07
0.00456581 0.00041088 0.000216815 0.000125878 7.90676e-05 5.27589e-05 3.6811e-05 2.65343e-05 1.95897e-05 1.47233e-05 1.12175e-05 8.63753e-06 6.70721e-06 5.24389e-06 4.12285e-06 3.25659e-06 2.58243e-06 2.05461e-06 1.63924e-06 1.31093e-06 1.05043e-06 8.43019e-07 6.77376e-07 5.4472e-07 4.38222e-07 3.53046e-07 2.84345e-07 2.28795e-07 1.83766e-07 1.47163e-07 1.19744e-07
0.00361391 0.000301244 0.000157814 9.11598e-05 5.70942e-05 3.80462e-05 2.65343e-05 1.91265e-05 1.41225e-05 1.06155e-05 8.08836e-06 6.22806e-06 4.83588e-06 3.78038e-06 2.97174e-06 2.34692e-06 1.86072e-06 1.48014e-06 1.18071e-06 9.44102e-07 7.56425e-07 6.07054e-07 4.87812e-07 3.92364e-07 3.15984e-07 2.54537e-07 2.04983e-07 1.64921e-07 1.32451e-07 1.06063e-07 8.6273e-08
0.00289487 0.00022461 0.000117116 6.7444e-05 4.21755e-05 2.80896e-05 1.95897e-05 1.41225e-05 1.04288e-05 7.83939e-06 5.97275e-06 4.59836e-06 3.56971e-06 2.78985e-06 2.19245e-06 1.73095e-06 1.37193e-06 1.09098e-06 8.70028e-07 6.95498e-07 5.57117e-07 4.47029e-07 3.59188e-07 2.88995e-07 2.32685e-07 1.87399e-07 1.50889e-07 1.2138e-07 9.74712e-08 7.80465e-08 6.34607e-08
0.00233947 0.000169741 8.82426e-05 5.07269e-05 3.16985e-05 2.11093e-05 1.47233e-05 1.06155e-05 7.83939e-06 5.89241e-06 4.48854e-06 3.45477e-06 2.68107e-06 2.09459e-06 1.64544e-06 1.29857e-06 1.02883e-06 8.17832e-07 6.51959e-07 5.20998e-07 4.17209e-07 3.3468e-07 2.68897e-07 2.16284e-07 1.74094e-07 1.40176e-07 1.12842e-07 9.07576e-08 7.28701e-08 5.83432e-08 4.74221e-08
0.00190327 0.00012968 6.72939e-05 3.86485e-05 2.41449e-05 1.60805e-05 1.12175e-05 8.08836e-06 5.97275e-06 4.48854e-06 3.41818e-06 2.63e-06 2.0402e-06 1.59322e-06 1.25103e-06 9.8687e-07 7.81532e-07 6.20987e-07 4.94836e-07 3.95285e-07 3.16428e-07 2.5377e-07 2.03818e-07 1.63884e-07 1.31876e-07 1.06155e-07 8.54342e-08 6.87003e-08 5.51518e-08 4.41532e-08 3.58751e-08
0.00155637 9.99599e-05 5.18188e-05 2.97493e-05 1.8586e-05 1.23805e-05 8.63753e-06 6.22806e-06 4.59836e-06 3.45477e-06 2.63e-06 2.02273e-06 1.56841e-06 1.22423e-06 9.60832e-07 7.57591e-07 5.99682e-07 4.7628e-07 3.79363e-07 3.0292e-07 2.42403e-07 1.94328e-07 1.5602e-07 1.25409e-07 1.00883e-07 8.1184e-08 6.53215e-08 5.25163e-08 4.21529e-08 3.37436e-08 2.74073e-08
0.00127779 7.76195e-05 4.02191e-05 2.30893e-05 1.44281e-05 9.6128e-06 6.70721e-06 4.83588e-06 3.56971e-06 2.68107e-06 2.0402e-06 1.56841e-06 1.21556e-06 9.48345e-07 7.43944e-07 5.86299e-07 4.63875e-07 3.68252e-07 2.9319e-07 2.34017e-07 1.87189e-07 1.50006e-07 1.2039e-07 9.67365e-08 7.77939e-08 6.25855e-08 5.03444e-08 4.04668e-08 3.24762e-08 2.5995e-08 2.11064e-08
0.00105238 6.06422e-05 3.142e-05 1.80417e-05 1.12773e-05 7.51519e-06 5.24389e-06 3.78038e-06 2.78985e-06 2.09459e-06 1.59322e-06 1.22423e-06 9.48345e-07 7.39509e-07 5.79835e-07 4.56745e-07 3.61204e-07 2.86616e-07 2.28097e-07 1.81984e-07 1.45509e-07 1.1656e-07 9.35138e-08 7.5115e-08 6.03874e-08 4.85682e-08 3.90591e-08 3.13893e-08 2.51873e-08 2.01589e-08 1.63623e-08
0.000868912 4.76224e-05 2.46793e-05 1.41764e-05 8.86437e-06 5.90847e-06 4.12285e-06 2.97174e-06 2.19245e-06 1.64544e-06 1.25103e-06 9.60832e-07 7.43944e-07 5.79835e-07 4.54418e-07 3.57782e-07 2.82812e-07 2.24313e-07 1.78437e-07 1.42304e-07 1.13737e-07 9.10748e-08 7.30416e-08 5.86512e-08 4.71371e-08 3.79008e-08 3.04729e-08 2.44842e-08 1.96435e-08 1.57205e-08 1.27557e-08
0.000718854 3.75605e-05 1.94728e-05 1.11911e-05 7.00046e-06 4.66705e-06 3.25659e-06 2.34692e-06 1.73095e-06 1.29857e-06 9.8687e-07 7.57591e-07 5.86299e-07 4.56745e-07 3.57782e-07 2.81566e-07 2.22467e-07 1.76373e-07 1.40243e-07 1.11799e-07 8.93212e-08 7.14976e-08 5.73209e-08 4.60128e-08 3.69688e-08 2.97169e-08 2.38872e-08 1.9189e-08 1.53929e-08 1.23177e-08 9.99155e-09
0.000595648 2.97332e-05 1.54234e-05 8.86888e-06 5.5502e-06 3.70095e-06 2.58243e-06 1.86072e-06 1.37193e-06 1.02883e-06 7.81532e-07 5.99682e-07 4.63875e-07 3.61204e-07 2.82812e-07 2.22467e-07 1.75696e-07 1.39233e-07 1.10666e-07 8.81864e-08 7.04298e-08 5.63559e-08 4.51663e-08 3.62447e-08 2.91121e-08 2.33953e-08 1.88014e-08 1.51005e-08 1.21115e-08 9.69108e-09 7.85857e-09
0.000494166 2.36099e-05 1.22551e-05 7.05151e-06 4.41489e-06 2.94455e-06 2.05461e-06 1.48014e-06 1.09098e-06 8.17832e-07 6.20987e-07 4.7628e-07 3.68252e-07 2.86616e-07 2.24313e-07 1.76373e-07 1.39233e-07 1.10293e-07 8.7629e-08 6.98026e-08 5.57276e-08 4.45763e-08 3.5714e-08 2.86507e-08 2.30061e-08 1.84836e-08 1.48508e-08 1.19254e-08 9.56351e-09 7.65166e-09 6.20299e-09
0.000410355 1.87959e-05 9.76362e-06 5.6218e-06 3.5215e-06 2.34925e-06 1.63924e-06 1.18071e-06 8.70028e-07 6.51959e-07 4.94836e-07 3.79363e-07 2.9319e-07 2.28097e-07 1.78437e-07 1.40243e-07 1.10666e-07 8.7629e-08 6.95958e-08 5.54178e-08 4.4228e-08 3.53661e-08 2.8326e-08 2.27172e-08 1.82366e-08 1.46481e-08 1.17666e-08 9.44699e-09 7.57495e-09 6.06016e-09 4.91143e-09
0.000340982 1.49948e-05 7.79544e-06 4.49194e-06 2.81529e-06 1.87866e-06 1.31093e-06 9.44102e-07 6.95498e-07 5.20998e-07 3.95285e-07 3.0292e-07 2.34017e-07 1.81984e-07 1.42304e-07 1.11799e-07 8.81864e-08 6.98026e-08 5.54178e-08 4.41128e-08 3.51939e-08 2.81332e-08 2.25261e-08 1.80607e-08 1.44947e-08 1.16397e-08 9.34804e-09 7.50391e-09 6.01612e-09 4.81269e-09 3.89938e-09
0.000283445 1.19816e-05 6.23444e-06 3.59546e-06 2.25483e-06 1.50519e-06 1.05043e-06 7.56425e-07 5.57117e-07 4.17209e-07 3.16428e-07 2.42403e-07 1.87189e-07 1.45509e-07 1.13737e-07 8.93212e-08 7.04298e-08 5.57276e-08 4.4228e-08 3.51939e-08 2.80693e-08 2.24311e-08 1.79553e-08 1.4392e-08 1.15475e-08 9.27086e-09 7.44409e-09 5.97456e-09 4.78939e-09 3.83107e-09 3.10324e-09
0.00023564 9.58444e-06 4.99186e-06 2.88156e-06 1.80846e-06 1.20776e-06 8.43019e-07 6.07054e-07 4.47029e-07 3.3468e-07 2.5377e-07 1.94328e-07 1.50006e-07 1.1656e-07 9.10748e-08 7.14976e-08 5.63559e-08 4.45763e-08 3.53661e-08 2.81332e-08 2.24311e-08 1.79202e-08 1.43406e-08 1.14916e-08 9.21814e-09 7.39913e-09 5.94002e-09 4.76664e-09 3.82062e-09 3.05593e-09 2.47475e-09
0.000195852 7.67086e-06 3.99939e-06 2.31117e-06 1.45179e-06 9.70151e-07 6.77376e-07 4.87812e-07 3.59188e-07 2.68897e-07 2.03818e-07 1.5602e-07 1.2039e-07 9.35138e-08 7.30416e-08 5.73209e-08 4.51663e-08 3.5714e-08 2.8326e-08 2.25261e-08 1.79553e-08 1.43406e-08 1.14729e-08 9.19143e-09 7.37131e-09 5.9155e-09 4.74809e-09 3.80957e-09 3.05314e-09 2.4419e-09 1.97703e-09
0.000162678 6.1383e-06 3.2041e-06 1.85402e-06 1.16596e-06 7.79781e-07 5.4472e-07 3.92364e-07 2.88995e-07 2.16284e-07 1.63884e-07 1.25409e-07 9.67365e-08 7.5115e-08 5.86512e-08 4.60128e-08 3.62447e-08 2.86507e-08 2.27172e-08 1.80607e-08 1.4392e-08 1.14916e-08 9.19143e-09 7.36191e-09 5.9028e-09 4.73608e-09 3.80076e-09 3.04905e-09 2.44337e-09 1.95408e-09 1.58173e-09
0.000134965 4.90683e-06 2.5648e-06 1.48652e-06 9.36242e-07 6.2686e-07 4.38222e-07 3.15984e-07 2.32685e-07 1.74094e-07 1.31876e-07 1.00883e-07 7.77939e-08 6.03874e-08 4.71371e-08 3.69688e-08 2.91121e-08 2.30061e-08 1.82366e-08 1.44947e-08 1.15475e-08 9.21814e-09 7.37131e-09 5.9028e-09 4.73193e-09 3.79594e-09 3.0458e-09 2.44307e-09 1.95756e-09 1.56547e-09 1.26691e-09
0.000111762 3.91395e-06 2.04926e-06 1.19025e-06 7.51158e-07 5.03744e-07 3.53046e-07 2.54537e-07 1.87399e-07 1.40176e-07 1.06155e-07 8.1184e-08 6.25855e-08 4.85682e-08 3.79008e-08 2.97169e-08 2.33953e-08 1.84836e-08 1.46481e-08 1.16397e-08 9.27086e-09 7.39913e-09 5.9155e-09 4.73608e-09 3.79594e-09 3.04458e-09 2.44256e-09 1.95896e-09 1.56951e-09 1.25508e-09 1.01552e-09
9.22804e-05 3.11059e-06 1.63221e-06 9.50765e-07 6.01723e-07 4.05715e-07 2.84345e-07 2.04983e-07 1.50889e-07 1.12842e-07 8.54342e-08 6.53215e-08 5.03444e-08 3.90591e-08 3.04729e-08 2.38872e-08 1.88014e-08 1.48508e-08 1.17666e-08 9.34804e-09 7.44409e-09 5.94002e-09 4.74809e-09 3.80076e-09 3.0458e-09 2.44256e-09 1.95932e-09 1.57123e-09 1.25876e-09 1.00653e-09 8.1428e-10
7.58655e-05 2.45817e-06 1.29383e-06 7.56798e-07 4.84114e-07 3.26458e-07 2.28795e-07 1.64921e-07 1.2138e-07 9.07576e-08 6.87003e-08 5.25163e-08 4.04668e-08 3.13893e-08 2.44842e-08 1.9189e-08 1.51005e-08 1.19254e-08 9.44699e-09 7.50391e-09 5.97456e-09 4.76664e-09 3.80957e-09 3.04905e-09 2.44307e-09 1.95896e-09 1.57123e-09 1.25989e-09 1.00927e-09 8.07003e-10 6.52771e-10
6.19694e-05 1.92637e-06 1.01868e-06 6.07724e-07 3.88822e-07 2.62214e-07 1.83766e-07 1.32451e-07 9.74712e-08 7.28701e-08 5.51518e-08 4.21529e-08 3.24762e-08 2.51873e-08 1.96435e-08 1.53929e-08 1.21115e-08 9.56351e-09 7.57495e-09 6.01612e-09 4.78939e-09 3.82062e-09 3.05314e-09 2.44337e-09 1.95756e-09 1.56951e-09 1.25876e-09 1.00927e-09 8.08461e-10 6.46419e-10 5.22822e-10
5.01323e-05 1.49162e-06 8.15704e-07 4.86668e-07 3.11385e-07 2.09993e-07 1.47163e-07 1.06063e-07 7.80465e-08 5.83432e-08 4.41532e-08 3.37436e-08 2.5995e-08 2.01589e-08 1.57205e-08 1.23177e-08 9.69108e-09 7.65166e-09 6.06016e-09 4.81269e-09 3.83107e-09 3.05593e-09 2.4419e-09 1.95408e-09 1.56547e-09 1.25508e-09 1.00653e-09 8.07003e-10 6.46419e-10 5.16848e-10 4.17999e-10
4.18452e-05 1.21295e-06 6.63761e-07 3.9615e-07 2.5348e-07 1.70915e-07 1.19744e-07 8.6273e-08 6.34607e-08 4.74221e-08 3.58751e-08 2.74073e-08 2.11064e-08 1.63623e-08 1.27557e-08 9.99155e-09 7.85857e-09 6.20299e-09 4.91143e-09 3.89938e-09 3.10324e-09 2.47475e-09 1.97703e-09 1.58173e-09 1.26691e-09 1.01552e-09 8.1428e-10 6.52771e-10 5.22822e-10 4.17999e-10 3.37985e-10
