0.391478 0.105895 0.0413002 0.0172235 0.00616216 0.00192293 0.000545153 0.000144725 3.67066e-05 9.01211e-06 2.16064e-06 5.08845e-07 1.182e-07 2.71605e-08 6.18687e-09 1.39925e-09 3.14578e-10 7.03667e-11 1.56721e-11 3.47744e-12 7.69071e-13 1.69597e-13 3.73035e-14 8.18617e-15 1.79271e-15 3.91854e-16 8.55055e-17 1.86287e-17 4.05215e-18 8.77735e-19 1.90471e-19
0.105895 0.0350639 0.0147467 0.00394452 0.000912195 0.000198234 4.18632e-05 8.72492e-06 1.80805e-06 3.73909e-07 7.73028e-08 1.59901e-08 3.31041e-09 6.86021e-10 1.42303e-10 2.95456e-11 6.13962e-12 1.27681e-12 2.65716e-13 5.53331e-14 1.15292e-14 2.40349e-15 5.01287e-16 1.04596e-16 2.1833e-17 4.55893e-18 9.5225e-19 1.98939e-19 4.1485e-20 8.30466e-21 1.73685e-21
0.0413002 0.0147467 0.00326765 0.000709138 0.000149499 3.09624e-05 6.35922e-06 1.30251e-06 2.66826e-07 5.47414e-08 1.12525e-08 2.31769e-09 4.7828e-10 9.88663e-11 2.04677e-11 4.2429e-12 8.80558e-13 1.82933e-13 3.80375e-14 7.91537e-15 1.64828e-15 3.43445e-16 7.16013e-17 1.49348e-17 3.1165e-18 6.50592e-19 1.35856e-19 2.83434e-20 5.7794e-21 1.20403e-21 2.51809e-22
0.0172235 0.00394452 0.000709138 0.000136231 2.68011e-05 5.32821e-06 1.06665e-06 2.14798e-07 4.34852e-08 8.84478e-09 1.8063e-09 3.7016e-10 7.6076e-11 1.56736e-11 3.23581e-12 6.69202e-13 1.38605e-13 2.87446e-14 5.96781e-15 1.2402e-15 2.57949e-16 5.36905e-17 1.11827e-17 2.3305e-18 4.85933e-19 1.01366e-19 2.11394e-20 4.35577e-21 9.08027e-22 1.89118e-22 3.95351e-23
0.00616216 0.000912195 0.000149499 2.68011e-05 5.03684e-06 9.71954e-07 1.90738e-07 3.78806e-08 7.59171e-09 1.53234e-09 3.11059e-10 6.34341e-11 1.29845e-11 2.66599e-12 5.48778e-13 1.13204e-13 2.3394e-14 4.84189e-15 1.00345e-15 2.08197e-16 4.32397e-17 8.98815e-18 1.86978e-18 3.89232e-19 8.1074e-20 1.68902e-20 3.49839e-21 7.28873e-22 1.51871e-22 3.16141e-23 6.60454e-24
0.00192293 0.000198234 3.09624e-05 5.32821e-06 9.71954e-07 1.83699e-07 3.55256e-08 6.98066e-09 1.38777e-09 2.78342e-10 5.62118e-11 1.1414e-11 2.32782e-12 4.76436e-13 9.77985e-14 2.01244e-14 4.1496e-15 8.57136e-16 1.77315e-16 3.67288e-17 7.61657e-18 1.58104e-18 3.28478e-19 6.82971e-20 1.42076e-20 2.94832e-21 6.13697e-22 1.27777e-22 2.66068e-23 5.535e-24 1.15544e-24
0.000545153 4.18632e-05 6.35922e-06 1.06665e-06 1.90738e-07 3.55256e-08 6.79672e-09 1.3247e-09 2.61675e-10 5.22122e-11 1.04987e-11 2.12392e-12 4.31763e-13 8.81178e-14 1.80422e-14 3.70413e-15 7.62206e-16 1.57144e-16 3.24524e-17 6.7115e-18 1.38975e-18 2.88093e-19 5.97789e-20 1.24136e-20 2.57602e-21 5.35528e-22 1.11383e-22 2.31736e-23 4.82194e-24 1.00242e-24 2.09093e-25
0.000144725 8.72492e-06 1.30251e-06 2.14798e-07 3.78806e-08 6.98066e-09 1.3247e-09 2.56544e-10 5.04156e-11 1.00162e-11 2.00662e-12 4.04641e-13 8.20244e-14 1.66977e-14 3.41103e-15 6.98843e-16 1.43529e-16 2.954e-17 6.09062e-18 1.25774e-18 2.60082e-19 5.38455e-20 1.11591e-20 2.31322e-21 4.80158e-22 9.97329e-23 2.07262e-23 4.30885e-24 8.9593e-25 1.86127e-25 3.87941e-26
3.67066e-05 1.80805e-06 2.66826e-07 4.34852e-08 7.59171e-09 1.38777e-09 2.61675e-10 5.04156e-11 9.8651e-12 1.95275e-12 3.89964e-13 7.84154e-14 1.58553e-14 3.22031e-15 6.56487e-16 1.34245e-16 2.75233e-17 5.65554e-18 1.16434e-18 2.40111e-19 4.95878e-20 1.02538e-20 2.12202e-21 4.3969e-22 9.11828e-23 1.89231e-23 3.9294e-24 8.1628e-25 1.69607e-25 3.52122e-26 7.3339e-27
9.01211e-06 3.73909e-07 5.47414e-08 8.84478e-09 1.53234e-09 2.78342e-10 5.22122e-11 1.00162e-11 1.95275e-12 3.8531e-13 7.67301e-14 1.53904e-14 3.10483e-15 6.29307e-16 1.28048e-16 2.6139e-17 5.35056e-18 1.09782e-18 2.25705e-19 4.64855e-20 9.58869e-21 1.98027e-21 4.09502e-22 8.47699e-23 1.7564e-23 3.64203e-24 7.55683e-25 1.56869e-25 3.25721e-26 6.7581e-27 1.40659e-27
2.16064e-06 7.73028e-08 1.12525e-08 1.8063e-09 3.11059e-10 5.62118e-11 1.04987e-11 2.00662e-12 3.89964e-13 7.67301e-14 1.52416e-14 3.05022e-15 6.1408e-16 1.24232e-16 2.52343e-17 5.14301e-18 1.05121e-18 2.1539e-19 4.42268e-20 9.09797e-21 1.87445e-21 3.86764e-22 7.99027e-23 1.65256e-23 3.42117e-24 7.08845e-25 1.46969e-25 3.04876e-26 6.32629e-27 1.31181e-27 2.72857e-28
5.08845e-07 1.59901e-08 2.31769e-09 3.7016e-10 6.34341e-11 1.1414e-11 2.12392e-12 4.04641e-13 7.84154e-14 1.53904e-14 3.05022e-15 6.09171e-16 1.2241e-16 2.47217e-17 5.01357e-18 1.02032e-18 2.08265e-19 4.26191e-20 8.74077e-21 1.79603e-21 3.69677e-22 7.62039e-23 1.5729e-23 3.25034e-24 6.72356e-25 1.39204e-25 2.88417e-26 5.97905e-27 1.23991e-27 2.56962e-28 5.34156e-29
1.182e-07 3.31041e-09 4.7828e-10 7.6076e-11 1.29845e-11 2.32782e-12 4.31763e-13 8.20244e-14 1.58553e-14 3.10483e-15 6.1408e-16 1.2241e-16 2.45555e-17 4.95132e-18 1.00266e-18 2.03776e-19 4.15419e-20 8.49107e-21 1.73949e-21 3.57071e-22 7.34253e-23 1.51219e-23 3.11863e-24 6.43938e-25 1.33103e-25 2.7538e-26 5.70179e-27 1.18128e-27 2.44825e-28 5.07112e-29 1.05354e-29
2.71605e-08 6.86021e-10 9.88663e-11 1.56736e-11 2.66599e-12 4.76436e-13 8.81178e-14 1.66977e-14 3.22031e-15 6.29307e-16 1.24232e-16 2.47217e-17 4.95132e-18 9.96913e-19 2.01605e-19 4.09218e-20 8.33253e-21 1.70127e-21 3.48173e-22 7.14019e-23 1.46693e-23 3.01859e-24 6.2203e-25 1.28341e-25 2.65094e-26 5.4809e-27 1.13412e-27 2.34823e-28 4.86411e-29 1.00701e-29 2.09095e-30
6.18687e-09 1.42303e-10 2.04677e-11 3.23581e-12 5.48778e-13 9.77985e-14 1.80422e-14 3.41103e-15 6.56487e-16 1.28048e-16 2.52343e-17 5.01357e-18 1.00266e-18 2.01605e-19 4.07193e-20 8.25551e-21 1.67914e-21 3.42487e-22 7.00244e-23 1.43474e-23 2.94514e-24 6.05553e-25 1.2469e-25 2.57085e-26 5.30663e-27 1.09647e-27 2.26747e-28 4.69222e-29 9.71431e-30 2.01017e-30 4.17177e-31
1.39925e-09 2.95456e-11 4.2429e-12 6.69202e-13 1.13204e-13 2.01244e-14 3.70413e-15 6.98843e-16 1.34245e-16 2.6139e-17 5.14301e-18 1.02032e-18 2.03776e-19 4.09218e-20 8.25551e-21 1.6719e-21 3.39714e-22 6.92235e-23 1.41406e-23 2.89485e-24 5.9376e-25 1.21992e-25 2.51016e-26 5.17194e-27 1.06689e-27 2.2031e-28 4.55335e-29 9.41751e-30 1.94873e-30 4.03063e-31 8.36079e-32
3.14578e-10 6.13962e-12 8.80558e-13 1.38605e-13 2.3394e-14 4.1496e-15 7.62206e-16 1.43529e-16 2.75233e-17 5.35056e-18 1.05121e-18 2.08265e-19 4.15419e-20 8.33253e-21 1.67914e-21 3.39714e-22 6.89606e-23 1.40395e-23 2.8655e-24 5.86152e-25 1.20135e-25 2.46649e-26 5.07176e-27 1.04432e-27 2.15296e-28 4.44326e-29 9.17834e-30 1.89735e-30 3.92422e-31 8.1131e-32 1.68212e-32
7.03667e-11 1.27681e-12 1.82933e-13 2.87446e-14 4.84189e-15 8.57136e-16 1.57144e-16 2.954e-17 5.65554e-18 1.09782e-18 2.1539e-19 4.26191e-20 8.49107e-21 1.70127e-21 3.42487e-22 6.92235e-23 1.40395e-23 2.85584e-24 5.82421e-25 1.19048e-25 2.43821e-26 5.00252e-27 1.028e-27 2.11545e-28 4.35869e-29 8.99053e-30 1.8562e-30 3.83527e-31 7.92871e-32 1.63854e-32 3.39573e-33
1.56721e-11 2.65716e-13 3.80375e-14 5.96781e-15 1.00345e-15 1.77315e-16 3.24524e-17 6.09062e-18 1.16434e-18 2.25705e-19 4.42268e-20 8.74077e-21 1.73949e-21 3.48173e-22 7.00244e-23 1.41406e-23 2.8655e-24 5.82421e-25 1.1869e-25 2.42431e-26 4.96188e-27 1.01739e-27 2.08942e-28 4.29723e-29 8.8492e-30 1.82435e-30 3.76473e-31 7.77505e-32 1.60665e-32 3.31896e-33 6.87532e-34
3.47744e-12 5.53331e-14 7.91537e-15 1.2402e-15 2.08197e-16 3.67288e-17 6.7115e-18 1.25774e-18 2.40111e-19 4.64855e-20 9.09797e-21 1.79603e-21 3.57071e-22 7.14019e-23 1.43474e-23 2.89485e-24 5.86152e-25 1.19048e-25 2.42431e-26 4.94848e-27 1.01217e-27 2.07411e-28 4.25717e-29 8.75074e-30 1.80109e-30 3.71129e-31 7.65501e-32 1.58024e-32 3.26405e-33 6.74021e-34 1.39568e-34
7.69071e-13 1.15292e-14 1.64828e-15 2.57949e-16 4.32397e-17 7.61657e-18 1.38975e-18 2.60082e-19 4.95878e-20 9.58869e-21 1.87445e-21 3.69677e-22 7.34253e-23 1.46693e-23 2.94514e-24 5.9376e-25 1.20135e-25 2.43821e-26 4.96188e-27 1.01217e-27 2.06905e-28 4.2374e-29 8.69264e-30 1.78587e-30 3.67387e-31 7.56673e-32 1.56004e-32 3.21904e-33 6.64641e-34 1.37197e-34 2.83981e-35
1.69597e-13 2.40349e-15 3.43445e-16 5.36905e-17 8.98815e-18 1.58104e-18 2.88093e-19 5.38455e-20 1.02538e-20 1.98027e-21 3.86764e-22 7.62039e-23 1.51219e-23 3.01859e-24 6.05553e-25 1.21992e-25 2.46649e-26 5.00252e-27 1.01739e-27 2.07411e-28 4.2374e-29 8.67343e-30 1.77835e-30 3.65173e-31 7.50874e-32 1.54581e-32 3.18563e-33 6.57068e-34 1.35614e-34 2.79841e-35 5.79018e-36
3.73035e-14 5.01287e-16 7.16013e-17 1.11827e-17 1.86978e-18 3.28478e-19 5.97789e-20 1.11591e-20 2.12202e-21 4.09502e-22 7.99027e-23 1.5729e-23 3.11863e-24 6.2203e-25 1.2469e-25 2.51016e-26 5.07176e-27 1.028e-27 2.08942e-28 4.25717e-29 8.69264e-30 1.77835e-30 3.6444e-31 7.48e-32 1.53735e-32 3.16355e-33 6.51683e-34 1.34364e-34 2.77214e-35 5.71843e-36 1.18277e-36
8.18617e-15 1.04596e-16 1.49348e-17 2.3305e-18 3.89232e-19 6.82971e-20 1.24136e-20 2.31322e-21 4.3969e-22 8.47699e-23 1.65256e-23 3.25034e-24 6.43938e-25 1.28341e-25 2.57085e-26 5.17194e-27 1.04432e-27 2.11545e-28 4.29723e-29 8.75074e-30 1.78587e-30 3.65173e-31 7.48e-32 1.53455e-32 3.15258e-33 6.48466e-34 1.3353e-34 2.75207e-35 5.67597e-36 1.17047e-36 2.42012e-37
1.79271e-15 2.1833e-17 3.1165e-18 4.85933e-19 8.1074e-20 1.42076e-20 2.57602e-21 4.80158e-22 9.11828e-23 1.7564e-23 3.42117e-24 6.72356e-25 1.33103e-25 2.65094e-26 5.30663e-27 1.06689e-27 2.15296e-28 4.35869e-29 8.8492e-30 1.80109e-30 3.67387e-31 7.50874e-32 1.53735e-32 3.15258e-33 6.47396e-34 1.33113e-34 2.73997e-35 5.64512e-36 1.16387e-36 2.39935e-37 4.95934e-38
3.91854e-16 4.55893e-18 6.50592e-19 1.01366e-19 1.68902e-20 2.94832e-21 5.35528e-22 9.97329e-23 1.89231e-23 3.64203e-24 7.08845e-25 1.39204e-25 2.7538e-26 5.4809e-27 1.09647e-27 2.2031e-28 4.44326e-29 8.99053e-30 1.82435e-30 3.71129e-31 7.56673e-32 1.54581e-32 3.16355e-33 6.48466e-34 1.33113e-34 2.73593e-35 5.62956e-36 1.15945e-36 2.3897e-37 4.92496e-38 1.01764e-38
8.55055e-17 9.5225e-19 1.35856e-19 2.11394e-20 3.49839e-21 6.13697e-22 1.11383e-22 2.07262e-23 3.9294e-24 7.55683e-25 1.46969e-25 2.88417e-26 5.70179e-27 1.13412e-27 2.26747e-28 4.55335e-29 9.17834e-30 1.8562e-30 3.76473e-31 7.65501e-32 1.56004e-32 3.18563e-33 6.51683e-34 1.3353e-34 2.73997e-35 5.62956e-36 1.15796e-36 2.38412e-37 4.91229e-38 1.01209e-38 2.09064e-39
1.86287e-17 1.98939e-19 2.83434e-20 4.35577e-21 7.28873e-22 1.27777e-22 2.31736e-23 4.30885e-24 8.1628e-25 1.56869e-25 3.04876e-26 5.97905e-27 1.18128e-27 2.34823e-28 4.69222e-29 9.41751e-30 1.89735e-30 3.83527e-31 7.77505e-32 1.58024e-32 3.21904e-33 6.57068e-34 1.34364e-34 2.75207e-35 5.64512e-36 1.15945e-36 2.38412e-37 4.90711e-38 1.01077e-38 2.08195e-39 4.29936e-40
4.05215e-18 4.1485e-20 5.7794e-21 9.08027e-22 1.51871e-22 2.66068e-23 4.82194e-24 8.9593e-25 1.69607e-25 3.25721e-26 6.32629e-27 1.23991e-27 2.44825e-28 4.86411e-29 9.71431e-30 1.94873e-30 3.92422e-31 7.92871e-32 1.60665e-32 3.26405e-33 6.64641e-34 1.35614e-34 2.77214e-35 5.67597e-36 1.16387e-36 2.3897e-37 4.91229e-38 1.01077e-38 2.0814e-39 4.28611e-40 8.84864e-41
8.77735e-19 8.30466e-21 1.20403e-21 1.89118e-22 3.16141e-23 5.535e-24 1.00242e-24 1.86127e-25 3.52122e-26 6.7581e-27 1.31181e-27 2.56962e-28 5.07112e-29 1.00701e-29 2.01017e-30 4.03063e-31 8.1131e-32 1.63854e-32 3.31896e-33 6.74021e-34 1.37197e-34 2.79841e-35 5.71843e-36 1.17047e-36 2.39935e-37 4.92496e-38 1.01209e-38 2.08195e-39 4.28611e-40 8.82405e-41 1.82126e-41
1.90471e-19 1.73685e-21 2.51809e-22 3.95351e-23 6.60454e-24 1.15544e-24 2.09093e-25 3.87941e-26 7.3339e-27 1.40659e-27 2.72857e-28 5.34156e-29 1.05354e-29 2.09095e-30 4.17177e-31 8.36079e-32 1.68212e-32 3.39573e-33 6.87532e-34 1.39568e-34 2.83981e-35 5.79018e-36 1.18277e-36 2.42012e-37 4.95934e-38 1.01764e-38 2.09064e-39 4.29936e-40 8.84864e-41 1.82126e-41 3.75801e-42
