0.377046 0.0554918 0.0309487 0.0187884 0.0118374 0.00755206 0.00482384 0.00307072 0.00194523 0.00122612 0.000769274 0.00048066 0.00029924 0.000185702 0.00011492 7.09399e-05 4.36938e-05 2.68584e-05 1.648e-05 1.00953e-05 6.17484e-06 3.77166e-06 2.30082e-06 1.40187e-06 8.53143e-07 5.18549e-07 3.14675e-07 1.9045e-07 1.14612e-07 6.79998e-08 4.11789e-08
0.0554918 0.0123662 0.0065846 0.00358346 0.00196165 0.00107847 0.000596133 0.000331557 0.000185561 0.000104462 5.91169e-05 3.36089e-05 1.91829e-05 1.09863e-05 6.31039e-06 3.63373e-06 2.09699e-06 1.21244e-06 7.02174e-07 4.07249e-07 2.36501e-07 1.37498e-07 8.00177e-08 4.66051e-08 2.71602e-08 1.58299e-08 9.21692e-09 5.34646e-09 3.06822e-09 1.71089e-09 1.00179e-09
0.0309487 0.0065846 0.00313161 0.00158688 0.000831683 0.000445097 0.000241854 0.000133014 7.38842e-05 4.13786e-05 2.33323e-05 1.3231e-05 7.53819e-06 4.31168e-06 2.47435e-06 1.42394e-06 8.21404e-07 4.74805e-07 2.74944e-07 1.59458e-07 9.26049e-08 5.38435e-08 3.13378e-08 1.82538e-08 1.06374e-08 6.19747e-09 3.60398e-09 2.08367e-09 1.18649e-09 6.86912e-10 4.02342e-10
0.0187884 0.00358346 0.00158688 0.000763174 0.000386245 0.000202043 0.000108144 5.88752e-05 3.24731e-05 1.8095e-05 1.01656e-05 5.7485e-06 3.2681e-06 1.86613e-06 1.06948e-06 6.14792e-07 3.54329e-07 2.04666e-07 1.18443e-07 6.86569e-08 3.98547e-08 2.31638e-08 1.34769e-08 7.84699e-09 4.57043e-09 2.66034e-09 1.54423e-09 8.89599e-10 5.17473e-10 2.99587e-10 1.7546e-10
0.0118374 0.00196165 0.000831683 0.000386245 0.000190678 9.80674e-05 5.18902e-05 2.80252e-05 1.53694e-05 8.52796e-06 4.77526e-06 2.69333e-06 1.52795e-06 8.70933e-07 4.98376e-07 2.86119e-07 1.64713e-07 9.50445e-08 5.49537e-08 3.18287e-08 1.84625e-08 1.07231e-08 6.23462e-09 3.6276e-09 2.11108e-09 1.22733e-09 7.11123e-10 4.14203e-10 2.40909e-10 1.3945e-10 8.16416e-11
0.00755206 0.00107847 0.000445097 0.000202043 9.80674e-05 4.9841e-05 2.61545e-05 1.40422e-05 7.66709e-06 4.23971e-06 2.36751e-06 1.33225e-06 7.54311e-07 4.2922e-07 2.45239e-07 1.406e-07 8.08405e-08 4.65946e-08 2.69125e-08 1.55725e-08 9.02489e-09 5.23725e-09 3.04249e-09 1.76874e-09 1.0283e-09 5.97141e-10 3.4778e-10 2.02508e-10 1.17746e-10 6.8139e-11 3.98713e-11
0.00482384 0.000596133 0.000241854 0.000108144 5.18902e-05 2.61545e-05 1.36432e-05 7.29275e-06 3.96827e-06 2.18828e-06 1.21911e-06 6.84626e-07 3.86931e-07 2.19815e-07 1.25408e-07 7.18009e-08 4.12316e-08 2.37374e-08 1.36956e-08 7.91674e-09 4.58369e-09 2.65754e-09 1.54247e-09 8.95886e-10 5.20365e-10 3.02813e-10 1.76279e-10 1.026e-10 5.96312e-11 3.44971e-11 2.01739e-11
0.00307072 0.000331557 0.000133014 5.88752e-05 2.80252e-05 1.40422e-05 7.29275e-06 3.88495e-06 2.10812e-06 1.1598e-06 6.44811e-07 3.6145e-07 2.03941e-07 1.15681e-07 6.59046e-08 3.76833e-08 2.16131e-08 1.24286e-08 7.16315e-09 4.13647e-09 2.39266e-09 1.38594e-09 8.03698e-10 4.66396e-10 2.71055e-10 1.57641e-10 9.17191e-11 5.33562e-11 3.09967e-11 1.79257e-11 1.04766e-11
0.00194523 0.000185561 7.38842e-05 3.24731e-05 1.53694e-05 7.66709e-06 3.96827e-06 2.10812e-06 1.14128e-06 6.26601e-07 3.4773e-07 1.94592e-07 1.09624e-07 6.2092e-08 3.53267e-08 2.01739e-08 1.1557e-08 6.63846e-09 3.82205e-09 2.20492e-09 1.2742e-09 7.37416e-10 4.27259e-10 2.47904e-10 1.43979e-10 8.36842e-11 4.86612e-11 2.8293e-11 1.64288e-11 9.49765e-12 5.54756e-12
0.00122612 0.000104462 4.13786e-05 1.8095e-05 8.52796e-06 4.23971e-06 2.18828e-06 1.1598e-06 6.26601e-07 3.4339e-07 1.90241e-07 1.06293e-07 5.97931e-08 3.38211e-08 1.92176e-08 1.09614e-08 6.27235e-09 3.59909e-09 2.07008e-09 1.19309e-09 6.88851e-10 3.9832e-10 2.3067e-10 1.33744e-10 7.7625e-11 4.50896e-11 2.62038e-11 1.52275e-11 8.83802e-12 5.10762e-12 2.98164e-12
0.000769274 5.91169e-05 2.33323e-05 1.01656e-05 4.77526e-06 2.36751e-06 1.21911e-06 6.44811e-07 3.4773e-07 1.90241e-07 1.05229e-07 5.87086e-08 3.298e-08 1.86306e-08 1.05734e-08 6.02398e-09 3.44336e-09 1.97382e-09 1.13419e-09 6.53099e-10 3.76758e-10 2.17711e-10 1.25985e-10 7.29966e-11 4.23396e-11 2.45785e-11 1.42757e-11 8.29158e-12 4.81023e-12 2.77899e-12 1.62138e-12
0.00048066 3.36089e-05 1.3231e-05 5.7485e-06 2.69333e-06 1.33225e-06 6.84626e-07 3.6145e-07 1.94592e-07 1.06293e-07 5.87086e-08 3.27091e-08 1.83508e-08 1.03539e-08 5.86938e-09 3.34037e-09 1.90745e-09 1.09235e-09 6.27115e-10 3.60802e-10 2.07985e-10 1.20094e-10 6.94472e-11 4.02112e-11 2.33087e-11 1.35229e-11 7.85007e-12 4.55716e-12 2.64261e-12 1.52622e-12 8.89997e-13
0.00029924 1.91829e-05 7.53819e-06 3.2681e-06 1.52795e-06 7.54311e-07 3.86931e-07 2.03941e-07 1.09624e-07 5.97931e-08 3.298e-08 1.83508e-08 1.02828e-08 5.79511e-09 3.28157e-09 1.8657e-09 1.06435e-09 6.08972e-10 3.49311e-10 2.00816e-10 1.15673e-10 6.67437e-11 3.85698e-11 2.23183e-11 1.29291e-11 7.49679e-12 4.34959e-12 2.52383e-12 1.4629e-12 8.44632e-13 4.92292e-13
0.000185702 1.09863e-05 4.31168e-06 1.86613e-06 8.70933e-07 4.2922e-07 2.19815e-07 1.15681e-07 6.2092e-08 3.38211e-08 1.86306e-08 1.03539e-08 5.79511e-09 3.26244e-09 1.84552e-09 1.04824e-09 5.97461e-10 3.41548e-10 1.95759e-10 1.12455e-10 6.47287e-11 3.73232e-11 2.15544e-11 1.24647e-11 7.21671e-12 4.18225e-12 2.42529e-12 1.4066e-12 8.14987e-13 4.70412e-13 2.74048e-13
0.00011492 6.31039e-06 2.47435e-06 1.06948e-06 4.98376e-07 2.45239e-07 1.25408e-07 6.59046e-08 3.53267e-08 1.92176e-08 1.05734e-08 5.86938e-09 3.28157e-09 1.84552e-09 1.04298e-09 5.9187e-10 3.37056e-10 1.92529e-10 1.10265e-10 6.32961e-11 3.64081e-11 2.09797e-11 1.21084e-11 6.99812e-12 4.04946e-12 2.34553e-12 1.35951e-12 7.88131e-13 4.56467e-13 2.634e-13 1.5338e-13
7.09399e-05 3.63373e-06 1.42394e-06 6.14792e-07 2.86119e-07 1.406e-07 7.18009e-08 3.76833e-08 2.01739e-08 1.09614e-08 6.02398e-09 3.34037e-09 1.8657e-09 1.04824e-09 5.9187e-10 3.35585e-10 1.90955e-10 1.08992e-10 6.23761e-11 3.57816e-11 2.05683e-11 1.18449e-11 6.83225e-12 3.94653e-12 2.28246e-12 1.32139e-12 7.65544e-13 4.43608e-13 2.56832e-13 1.48163e-13 8.62393e-14
4.36938e-05 2.09699e-06 8.21404e-07 3.54329e-07 1.64713e-07 8.08405e-08 4.12316e-08 2.16131e-08 1.1557e-08 6.27235e-09 3.44336e-09 1.90745e-09 1.06435e-09 5.97461e-10 3.37056e-10 1.90955e-10 1.08574e-10 6.19261e-11 3.5416e-11 2.03029e-11 1.16635e-11 6.71281e-12 3.86986e-12 2.23417e-12 1.29147e-12 7.47317e-13 4.32764e-13 2.5067e-13 1.45076e-13 8.36713e-14 4.86813e-14
2.68584e-05 1.21244e-06 4.74805e-07 2.04666e-07 9.50445e-08 4.65946e-08 2.37374e-08 1.24286e-08 6.63846e-09 3.59909e-09 1.97382e-09 1.09235e-09 6.08972e-10 3.41548e-10 1.92529e-10 1.08992e-10 6.19261e-11 3.52958e-11 2.01728e-11 1.15573e-11 6.63544e-12 3.81682e-12 2.19918e-12 1.269e-12 7.33196e-13 4.24076e-13 2.45473e-13 1.42129e-13 8.22299e-14 4.74137e-14 2.75751e-14
1.648e-05 7.02174e-07 2.74944e-07 1.18443e-07 5.49537e-08 2.69125e-08 1.36956e-08 7.16315e-09 3.82205e-09 2.07008e-09 1.13419e-09 6.27115e-10 3.49311e-10 1.95759e-10 1.10265e-10 6.23761e-11 3.5416e-11 2.01728e-11 1.15223e-11 6.59741e-12 3.78568e-12 2.17642e-12 1.25338e-12 7.22888e-13 4.17474e-13 2.41359e-13 1.39652e-13 8.08281e-14 4.67483e-14 2.69487e-14 1.5667e-14
1.00953e-05 4.07249e-07 1.59458e-07 6.86569e-08 3.18287e-08 1.55725e-08 7.91674e-09 4.13647e-09 2.20492e-09 1.19309e-09 6.53099e-10 3.60802e-10 2.00816e-10 1.12455e-10 6.32961e-11 3.57816e-11 2.03029e-11 1.15573e-11 6.59741e-12 3.7754e-12 2.16522e-12 1.24417e-12 7.16154e-13 4.12853e-13 2.38321e-13 1.37725e-13 7.96573e-14 4.60877e-14 2.66472e-14 1.53577e-14 8.92516e-15
6.17484e-06 2.36501e-07 9.26049e-08 3.98547e-08 1.84625e-08 9.02489e-09 4.58369e-09 2.39266e-09 1.2742e-09 6.88851e-10 3.76758e-10 2.07985e-10 1.15673e-10 6.47287e-11 3.64081e-11 2.05683e-11 1.16635e-11 6.63544e-12 3.78568e-12 2.16522e-12 1.24113e-12 7.12828e-13 4.10119e-13 2.36323e-13 1.36361e-13 7.87712e-14 4.55423e-14 2.63405e-14 1.5225e-14 8.77278e-15 5.09655e-15
3.77166e-06 1.37498e-07 5.38435e-08 2.31638e-08 1.07231e-08 5.23725e-09 2.65754e-09 1.38594e-09 7.37416e-10 3.9832e-10 2.17711e-10 1.20094e-10 6.67437e-11 3.73232e-11 2.09797e-11 1.18449e-11 6.71281e-12 3.81682e-12 2.17642e-12 1.24417e-12 7.12828e-13 4.09214e-13 2.35333e-13 1.35548e-13 7.81811e-14 4.51453e-14 2.60917e-14 1.50857e-14 8.71713e-15 5.02184e-15 2.91646e-15
2.30082e-06 8.00177e-08 3.13378e-08 1.34769e-08 6.23462e-09 3.04249e-09 1.54247e-09 8.03698e-10 4.27259e-10 2.3067e-10 1.25985e-10 6.94472e-11 3.85698e-11 2.15544e-11 1.21084e-11 6.83225e-12 3.86986e-12 2.19918e-12 1.25338e-12 7.16154e-13 4.10119e-13 2.35333e-13 1.35279e-13 7.78869e-14 4.49059e-14 2.59212e-14 1.49759e-14 8.656e-15 5.00038e-15 2.88008e-15 1.67208e-15
1.40187e-06 4.66051e-08 1.82538e-08 7.84699e-09 3.6276e-09 1.76874e-09 8.95886e-10 4.66396e-10 2.47904e-10 1.33744e-10 7.29966e-11 4.02112e-11 2.23183e-11 1.24647e-11 6.99812e-12 3.94653e-12 2.23417e-12 1.269e-12 7.22888e-13 4.12853e-13 2.36323e-13 1.35548e-13 7.78869e-14 4.48261e-14 2.5835e-14 1.49075e-14 8.60994e-15 4.97496e-15 2.87315e-15 1.65454e-15 9.60273e-16
8.53143e-07 2.71602e-08 1.06374e-08 4.57043e-09 2.11108e-09 1.0283e-09 5.20365e-10 2.71055e-10 1.43979e-10 7.7625e-11 4.23396e-11 2.33087e-11 1.29291e-11 7.21671e-12 4.04946e-12 2.28246e-12 1.29147e-12 7.33196e-13 4.17474e-13 2.38321e-13 1.36361e-13 7.81811e-14 4.49059e-14 2.5835e-14 1.48844e-14 8.58583e-15 4.95721e-15 2.86351e-15 1.65331e-15 9.51902e-16 5.52308e-16
5.18549e-07 1.58299e-08 6.19747e-09 2.66034e-09 1.22733e-09 5.97141e-10 3.02813e-10 1.57641e-10 8.36842e-11 4.50896e-11 2.45785e-11 1.35229e-11 7.49679e-12 4.18225e-12 2.34553e-12 1.32139e-12 7.47317e-13 4.24076e-13 2.41359e-13 1.37725e-13 7.87712e-14 4.51453e-14 2.59212e-14 1.49075e-14 8.58583e-15 4.95099e-15 2.85769e-15 1.65026e-15 9.5258e-16 5.48356e-16 3.18074e-16
3.14675e-07 9.21692e-09 3.60398e-09 1.54423e-09 7.11123e-10 3.4778e-10 1.76279e-10 9.17191e-11 4.86612e-11 2.62038e-11 1.42757e-11 7.85007e-12 4.34959e-12 2.42529e-12 1.35951e-12 7.65544e-13 4.32764e-13 2.45473e-13 1.39652e-13 7.96573e-14 4.55423e-14 2.60917e-14 1.49759e-14 8.60994e-15 4.95721e-15 2.85769e-15 1.64897e-15 9.51993e-16 5.4939e-16 3.16205e-16 1.83365e-16
1.9045e-07 5.34646e-09 2.08367e-09 8.89599e-10 4.14203e-10 2.02508e-10 1.026e-10 5.33562e-11 2.8293e-11 1.52275e-11 8.29158e-12 4.55716e-12 2.52383e-12 1.4066e-12 7.88131e-13 4.43608e-13 2.5067e-13 1.42129e-13 8.08281e-14 4.60877e-14 2.63405e-14 1.50857e-14 8.656e-15 4.97496e-15 2.86351e-15 1.65026e-15 9.51993e-16 5.49475e-16 3.1703e-16 1.82441e-16 1.0577e-16
1.14612e-07 3.06822e-09 1.18649e-09 5.17473e-10 2.40909e-10 1.17746e-10 5.96312e-11 3.09967e-11 1.64288e-11 8.83802e-12 4.81023e-12 2.64261e-12 1.4629e-12 8.14987e-13 4.56467e-13 2.56832e-13 1.45076e-13 8.22299e-14 4.67483e-14 2.66472e-14 1.5225e-14 8.71713e-15 5.00038e-15 2.87315e-15 1.65331e-15 9.5258e-16 5.4939e-16 3.1703e-16 1.82882e-16 1.05228e-16 6.09925e-17
6.79998e-08 1.71089e-09 6.86912e-10 2.99587e-10 1.3945e-10 6.8139e-11 3.44971e-11 1.79257e-11 9.49765e-12 5.10762e-12 2.77899e-12 1.52622e-12 8.44632e-13 4.70412e-13 2.634e-13 1.48163e-13 8.36713e-14 4.74137e-14 2.69487e-14 1.53577e-14 8.77278e-15 5.02184e-15 2.88008e-15 1.65454e-15 9.51902e-16 5.48356e-16 3.16205e-16 1.82441e-16 1.05228e-16 6.05413e-17 3.50855e-17
4.11789e-08 1.00179e-09 4.02342e-10 1.7546e-10 8.16416e-11 3.98713e-11 2.01739e-11 1.04766e-11 5.54756e-12 2.98164e-12 1.62138e-12 8.89997e-13 4.92292e-13 2.74048e-13 1.5338e-13 8.62393e-14 4.86813e-14 2.75751e-14 1.5667e-14 8.92516e-15 5.09655e-15 2.91646e-15 1.67208e-15 9.60273e-16 5.52308e-16 3.18074e-16 1.83365e-16 1.0577e-16 6.09925e-17 3.50855e-17 2.0328e-17
