0.400675 0.13031 0.0375904 0.0121464 0.000643425 2.30115e-05 6.84603e-07 1.83423e-08 4.60181e-10 1.1049e-11 2.5724e-13 5.85609e-15 1.31081e-16 2.89598e-18 6.33204e-20 1.37291e-21 2.95615e-23 6.32829e-25 1.34803e-26 2.85933e-28 6.04259e-30 1.27284e-31 2.67348e-33 5.60104e-35 1.17075e-36 2.44209e-38 5.08443e-40 1.05677e-41 2.193e-43 4.54423e-45 9.40412e-47
0.13031 0.0479067 0.0189644 0.000579719 1.36329e-05 2.91547e-07 5.97911e-09 1.20231e-10 2.39518e-12 4.75121e-14 9.40815e-16 1.86202e-17 3.68566e-19 7.29828e-21 1.44596e-22 2.8664e-24 5.6854e-26 1.12828e-27 2.24024e-29 4.45011e-31 8.84369e-33 1.75819e-34 3.49667e-36 6.95643e-38 1.38436e-39 2.7557e-41 5.48687e-43 1.09275e-44 2.17671e-46 4.15663e-48 8.28446e-50
0.0375904 0.0189644 0.000468146 1.04305e-05 2.17895e-07 4.39998e-09 8.73928e-11 1.72321e-12 3.38908e-14 6.66345e-16 1.3111e-17 2.58267e-19 5.09378e-21 1.00585e-22 1.98842e-24 3.93476e-26 7.79318e-28 1.54474e-29 3.06409e-31 6.08162e-33 1.20776e-34 2.39969e-36 4.77006e-38 9.48567e-40 1.88699e-41 3.75503e-43 7.47458e-45 1.48824e-46 2.89211e-48 5.74896e-50 1.14575e-51
0.0121464 0.000579719 1.04305e-05 1.97955e-07 3.80071e-09 7.31586e-11 1.41113e-12 2.72969e-14 5.29798e-16 1.03172e-17 2.01537e-19 3.94766e-21 7.75089e-23 1.5249e-24 3.00526e-26 5.93147e-28 1.17217e-29 2.31897e-31 4.59206e-33 9.10079e-35 1.80495e-36 3.58201e-38 7.11271e-40 1.41306e-41 2.80856e-43 5.58448e-45 1.1108e-46 2.18136e-48 4.33411e-50 8.61251e-52 1.71563e-53
0.000643425 1.36329e-05 2.17895e-07 3.80071e-09 6.91482e-11 1.2862e-12 2.42554e-14 4.61944e-16 8.86516e-18 1.71173e-19 3.32146e-21 6.47099e-23 1.26487e-24 2.47913e-26 4.8701e-28 9.5852e-30 1.88956e-31 3.73007e-33 7.37197e-35 1.45846e-36 2.88796e-38 5.72304e-40 1.13491e-41 2.25198e-43 4.47099e-45 8.88083e-47 1.75309e-48 3.48095e-50 6.91251e-52 1.3728e-53 2.73271e-55
2.30115e-05 2.91547e-07 4.39998e-09 7.31586e-11 1.2862e-12 2.33668e-14 4.33463e-16 8.15762e-18 1.55154e-19 2.97481e-21 5.73959e-23 1.11293e-24 2.16668e-26 4.23197e-28 8.28824e-30 1.62689e-31 3.19946e-33 6.30226e-35 1.24313e-36 2.45502e-38 4.85342e-40 9.60367e-42 1.90185e-43 3.769e-45 7.47399e-47 1.47815e-48 2.9322e-50 5.81803e-52 1.15454e-53 2.29124e-55 4.55728e-57
6.84603e-07 5.97911e-09 8.73928e-11 1.41113e-12 2.42554e-14 4.33463e-16 7.9447e-18 1.48167e-19 2.79818e-21 5.33438e-23 1.02432e-24 1.97815e-26 3.83759e-28 7.47245e-30 1.45945e-31 2.85769e-33 5.6075e-35 1.10233e-36 2.17036e-38 4.27894e-40 8.44604e-42 1.66885e-43 3.30049e-45 6.53265e-47 1.29194e-48 2.55954e-50 5.07309e-52 1.0058e-53 1.9944e-55 3.95501e-57 7.86009e-59
1.83423e-08 1.20231e-10 1.72321e-12 2.72969e-14 4.61944e-16 8.15762e-18 1.48167e-19 2.7438e-21 5.15231e-23 9.77584e-25 1.86963e-26 3.59798e-28 6.95856e-30 1.35124e-31 2.63262e-33 5.14335e-35 1.00721e-36 1.97631e-38 3.88449e-40 7.64641e-42 1.5071e-43 2.97386e-45 5.87402e-47 1.16044e-48 2.29545e-50 4.54346e-52 8.99751e-54 1.78242e-55 3.53167e-57 6.99829e-59 1.38972e-60
4.60181e-10 2.39518e-12 3.38908e-14 5.29798e-16 8.86516e-18 1.55154e-19 2.79818e-21 5.15231e-23 9.62947e-25 1.81976e-26 3.46824e-28 6.65403e-30 1.2834e-31 2.48607e-33 4.83287e-35 9.42293e-37 1.84185e-38 3.6079e-40 7.08031e-42 1.3917e-43 2.73933e-45 5.39855e-47 1.06472e-48 2.10235e-50 4.15462e-52 8.21597e-54 1.62565e-55 3.2179e-57 6.37117e-59 1.2616e-60 2.50341e-62
1.1049e-11 4.75121e-14 6.66345e-16 1.03172e-17 1.71173e-19 2.97481e-21 5.33438e-23 9.77584e-25 1.81976e-26 3.42709e-28 6.51176e-30 1.24594e-31 2.39729e-33 4.63354e-35 8.98945e-37 1.74951e-38 3.41391e-40 6.67687e-42 1.30841e-43 2.56835e-45 5.04907e-47 9.93729e-49 1.95826e-50 3.8629e-52 7.62672e-54 1.50692e-55 2.97925e-57 5.89281e-59 1.1659e-60 2.30712e-62 4.5748e-64
2.5724e-13 9.40815e-16 1.3111e-17 2.01537e-19 3.32146e-21 5.73959e-23 1.02432e-24 1.86963e-26 3.46824e-28 6.51176e-30 1.23395e-31 2.35529e-33 4.52183e-35 8.72246e-37 1.68914e-38 3.28185e-40 6.39412e-42 1.24876e-43 2.44383e-45 4.79118e-47 9.40724e-49 1.84971e-50 3.64144e-52 7.17645e-54 1.41564e-55 2.79478e-57 5.52117e-59 1.09127e-60 2.15764e-62 4.26688e-64 8.4552e-66
5.85609e-15 1.86202e-17 2.58267e-19 3.94766e-21 6.47099e-23 1.11293e-24 1.97815e-26 3.59798e-28 6.65403e-30 1.24594e-31 2.35529e-33 4.48581e-35 8.59497e-37 1.65492e-38 3.19946e-40 6.20668e-42 1.20754e-43 2.35518e-45 4.60341e-47 9.01434e-49 1.76812e-50 3.47312e-52 6.83097e-54 1.34504e-55 2.65106e-57 5.2297e-59 1.03239e-60 2.03915e-62 4.02918e-64 7.96317e-66 1.57698e-67
1.31081e-16 3.68566e-19 5.09378e-21 7.75089e-23 1.26487e-24 2.16668e-26 3.83759e-28 6.95856e-30 1.2834e-31 2.39729e-33 4.52183e-35 8.59497e-37 1.64383e-38 3.15984e-40 6.09951e-42 1.18157e-43 2.29576e-45 4.47214e-47 8.73102e-49 1.70792e-50 3.34666e-52 6.56767e-54 1.2906e-55 2.53913e-57 5.00069e-59 9.85753e-61 1.94462e-62 3.83849e-64 7.57991e-66 1.49721e-67 2.96325e-69
2.89598e-18 7.29828e-21 1.00585e-22 1.5249e-24 2.47913e-26 4.23197e-28 7.47245e-30 1.35124e-31 2.48607e-33 4.63354e-35 8.72246e-37 1.65492e-38 3.15984e-40 6.06463e-42 1.16901e-43 2.26156e-45 4.38878e-47 8.53947e-49 1.66542e-50 3.25456e-52 6.37134e-54 1.24925e-55 2.45283e-57 4.82194e-59 9.4896e-61 1.86932e-62 3.68526e-64 7.26988e-66 1.43477e-67 2.83247e-69 5.60282e-71
6.33204e-20 1.44596e-22 1.98842e-24 3.00526e-26 4.8701e-28 8.28824e-30 1.45945e-31 2.63262e-33 4.83287e-35 8.98945e-37 1.68914e-38 3.19946e-40 6.09951e-42 1.16901e-43 2.25039e-45 4.34828e-47 8.42858e-49 1.63826e-50 3.19186e-52 6.2317e-54 1.21889e-55 2.38793e-57 4.68492e-59 9.20314e-61 1.80992e-62 3.56297e-64 7.01983e-66 1.38399e-67 2.72991e-69 5.38653e-71 1.06493e-72
1.37291e-21 2.8664e-24 3.93476e-26 5.93147e-28 9.5852e-30 1.62689e-31 2.85769e-33 5.14335e-35 9.42293e-37 1.74951e-38 3.28185e-40 6.20668e-42 1.18157e-43 2.26156e-45 4.34828e-47 8.39227e-49 1.62502e-50 3.1554e-52 6.142e-54 1.1981e-55 2.34147e-57 4.58362e-59 8.98608e-61 1.76401e-62 3.46689e-64 6.82059e-66 1.34302e-67 2.64635e-69 5.2172e-71 1.02893e-72 2.03319e-74
2.95615e-23 5.6854e-26 7.79318e-28 1.17217e-29 1.88956e-31 3.19946e-33 5.6075e-35 1.00721e-36 1.84185e-38 3.41391e-40 6.39412e-42 1.20754e-43 2.29576e-45 4.38878e-47 8.42858e-49 1.62502e-50 3.14343e-52 6.09812e-54 1.18596e-55 2.3115e-57 4.51392e-59 8.82987e-61 1.72987e-62 3.39359e-64 6.66541e-66 1.31055e-67 2.57911e-69 5.07934e-71 1.00088e-72 1.973e-74 3.89683e-76
6.32829e-25 1.12828e-27 1.54474e-29 2.31897e-31 3.73007e-33 6.30226e-35 1.10233e-36 1.97631e-38 3.6079e-40 6.67687e-42 1.24876e-43 2.35518e-45 4.47214e-47 8.53947e-49 1.63826e-50 3.1554e-52 6.09812e-54 1.18197e-55 2.2968e-57 4.47311e-59 8.72872e-61 1.70628e-62 3.34059e-64 6.54935e-66 1.28561e-67 2.52633e-69 4.9691e-71 9.78131e-73 1.92649e-74 3.79593e-76 7.49383e-78
1.34803e-26 2.24024e-29 3.06409e-31 4.59206e-33 7.37197e-35 1.24313e-36 2.17036e-38 3.88449e-40 7.08031e-42 1.30841e-43 2.44383e-45 4.60341e-47 8.73102e-49 1.66542e-50 3.19186e-52 6.142e-54 1.18596e-55 2.2968e-57 4.45967e-59 8.67901e-61 1.69243e-62 3.30615e-64 6.46883e-66 1.26749e-67 2.48662e-69 4.88382e-71 9.60125e-73 1.88903e-74 3.71889e-76 7.32452e-78 1.44536e-79
2.85933e-28 4.45011e-31 6.08162e-33 9.10079e-35 1.45846e-36 2.45502e-38 4.27894e-40 7.64641e-42 1.3917e-43 2.56835e-45 4.79118e-47 9.01434e-49 1.70792e-50 3.25456e-52 6.2317e-54 1.1981e-55 2.3115e-57 4.47311e-59 8.67901e-61 1.68786e-62 3.2892e-64 6.42144e-66 1.25568e-67 2.45896e-69 4.82154e-71 9.46488e-73 1.85983e-74 3.65751e-76 7.19735e-78 1.41697e-79 2.79497e-81
6.04259e-30 8.84369e-33 1.20776e-34 1.80495e-36 2.88796e-38 4.85342e-40 8.44604e-42 1.5071e-43 2.73933e-45 5.04907e-47 9.40724e-49 1.76812e-50 3.34666e-52 6.37134e-54 1.21889e-55 2.34147e-57 4.51392e-59 8.72872e-61 1.69243e-62 3.2892e-64 6.4058e-66 1.24985e-67 2.44264e-69 4.78081e-71 9.36944e-73 1.83837e-74 3.61069e-76 7.09762e-78 1.39611e-79 2.74752e-81 5.41729e-83
1.27284e-31 1.75819e-34 2.39969e-36 3.58201e-38 5.72304e-40 9.60367e-42 1.66885e-43 2.97386e-45 5.39855e-47 9.93729e-49 1.84971e-50 3.47312e-52 6.56767e-54 1.24925e-55 2.38793e-57 4.58362e-59 8.82987e-61 1.70628e-62 3.30615e-64 6.42144e-66 1.24985e-67 2.43725e-69 4.76067e-71 9.31296e-73 1.82427e-74 3.57772e-76 7.02381e-78 1.38011e-79 2.71362e-81 5.33836e-83 1.05216e-84
2.67348e-33 3.49667e-36 4.77006e-38 7.11271e-40 1.13491e-41 1.90185e-43 3.30049e-45 5.87402e-47 1.06472e-48 1.95826e-50 3.64144e-52 6.83097e-54 1.2906e-55 2.45283e-57 4.68492e-59 8.98608e-61 1.72987e-62 3.34059e-64 6.46883e-66 1.25568e-67 2.44264e-69 4.76067e-71 9.29427e-73 1.81729e-74 3.55814e-76 6.97506e-78 1.36877e-79 2.68843e-81 5.28408e-83 1.03914e-84 2.04733e-86
5.60104e-35 6.95643e-38 9.48567e-40 1.41306e-41 2.25198e-43 3.769e-45 6.53265e-47 1.16044e-48 2.10235e-50 3.8629e-52 7.17645e-54 1.34504e-55 2.53913e-57 4.82194e-59 9.20314e-61 1.76401e-62 3.39359e-64 6.54935e-66 1.26749e-67 2.45896e-69 4.78081e-71 9.31296e-73 1.81729e-74 3.55165e-76 6.95083e-78 1.362e-79 2.67168e-81 5.24549e-83 1.03062e-84 2.02606e-86 3.99039e-88
1.17075e-36 1.38436e-39 1.88699e-41 2.80856e-43 4.47099e-45 7.47399e-47 1.29194e-48 2.29545e-50 4.15462e-52 7.62672e-54 1.41564e-55 2.65106e-57 5.00069e-59 9.4896e-61 1.80992e-62 3.46689e-64 6.66541e-66 1.28561e-67 2.48662e-69 4.82154e-71 9.36944e-73 1.82427e-74 3.55814e-76 6.95083e-78 1.35975e-79 2.66332e-81 5.22231e-83 1.02495e-84 2.0131e-86 3.95618e-88 7.78918e-90
2.44209e-38 2.7557e-41 3.75503e-43 5.58448e-45 8.88083e-47 1.47815e-48 2.55954e-50 4.54346e-52 8.21597e-54 1.50692e-55 2.79478e-57 5.2297e-59 9.85753e-61 1.86932e-62 3.56297e-64 6.82059e-66 1.31055e-67 2.52633e-69 4.88382e-71 9.46488e-73 1.83837e-74 3.57772e-76 6.97506e-78 1.362e-79 2.66332e-81 5.21458e-83 1.02211e-84 2.00533e-86 3.93734e-88 7.73526e-90 1.52248e-91
5.08443e-40 5.48687e-43 7.47458e-45 1.1108e-46 1.75309e-48 2.9322e-50 5.07309e-52 8.99751e-54 1.62565e-55 2.97925e-57 5.52117e-59 1.03239e-60 1.94462e-62 3.68526e-64 7.01983e-66 1.34302e-67 2.57911e-69 4.9691e-71 9.60125e-73 1.85983e-74 3.61069e-76 7.02381e-78 1.36877e-79 2.67168e-81 5.22231e-83 1.02211e-84 2.00273e-86 3.92794e-88 7.70978e-90 1.5142e-91 2.97936e-93
1.05677e-41 1.09275e-44 1.48824e-46 2.18136e-48 3.48095e-50 5.81803e-52 1.0058e-53 1.78242e-55 3.2179e-57 5.89281e-59 1.09127e-60 2.03915e-62 3.83849e-64 7.26988e-66 1.38399e-67 2.64635e-69 5.07934e-71 9.78131e-73 1.88903e-74 3.65751e-76 7.09762e-78 1.38011e-79 2.68843e-81 5.24549e-83 1.02495e-84 2.00533e-86 3.92794e-88 7.70134e-90 1.51116e-91 2.96705e-93 5.83628e-95
2.193e-43 2.17671e-46 2.89211e-48 4.33411e-50 6.91251e-52 1.15454e-53 1.9944e-55 3.53167e-57 6.37117e-59 1.1659e-60 2.15764e-62 4.02918e-64 7.57991e-66 1.43477e-67 2.72991e-69 5.2172e-71 1.00088e-72 1.92649e-74 3.71889e-76 7.19735e-78 1.39611e-79 2.71362e-81 5.28408e-83 1.03062e-84 2.0131e-86 3.93734e-88 7.70978e-90 1.51116e-91 2.96434e-93 5.81867e-95 1.14423e-96
4.54423e-45 4.15663e-48 5.74896e-50 8.61251e-52 1.3728e-53 2.29124e-55 3.95501e-57 6.99829e-59 1.2616e-60 2.30712e-62 4.26688e-64 7.96317e-66 1.49721e-67 2.83247e-69 5.38653e-71 1.02893e-72 1.973e-74 3.79593e-76 7.32452e-78 1.41697e-79 2.74752e-81 5.33836e-83 1.03914e-84 2.02606e-86 3.95618e-88 7.73526e-90 1.5142e-91 2.96705e-93 5.81867e-95 1.14184e-96 2.2448e-98
9.40412e-47 8.28446e-50 1.14575e-51 1.71563e-53 2.73271e-55 4.55728e-57 7.86009e-59 1.38972e-60 2.50341e-62 4.5748e-64 8.4552e-66 1.57698e-67 2.96325e-69 5.60282e-71 1.06493e-72 2.03319e-74 3.89683e-76 7.49383e-78 1.44536e-79 2.79497e-81 5.41729e-83 1.05216e-84 2.04733e-86 3.99039e-88 7.78918e-90 1.52248e-91 2.97936e-93 5.83628e-95 1.14423e-96 2.2448e-98 4.41193e-100
