0.136906 0.0746763 0.0407325 0.0222177 0.0121188 0.00661023 0.00360558 0.00196668 0.00107274 0.000585128 0.000319161 0.000174088 9.49569e-05 5.17947e-05 2.82517e-05 1.541e-05 8.40545e-06 4.58479e-06 2.5008e-06 1.36407e-06 7.44038e-07 4.05839e-07 2.21367e-07 1.20745e-07 6.58612e-08 3.59243e-08 1.95951e-08 1.06882e-08 5.82994e-09 3.17996e-09 1.73453e-09 9.46105e-10 5.16057e-10 2.81486e-10 1.53538e-10 8.37479e-11 4.56807e-11 2.49167e-11 1.35909e-11 7.41324e-12 4.04358e-12 2.20559e-12 1.20305e-12 6.56209e-13 3.57932e-13 1.95236e-13 1.06492e-13 5.80867e-14 3.16836e-14 1.7282e-14 9.42654e-15 5.14175e-15 2.80459e-15 1.52978e-15 8.34423e-16 4.5514e-16 2.48258e-16 1.35414e-16 7.38619e-17 4.02883e-17 2.19755e-17 1.19866e-17 6.53815e-18 3.56626e-18 1.94524e-18 1.06104e-18 5.78748e-19 3.15681e-19 1.72189e-19 9.39215e-20 5.12299e-20 2.79436e-20 1.5242e-20 8.31379e-21 4.5348e-21 2.47353e-21 1.3492e-21 7.35925e-22 4.01414e-22 2.18953e-22 1.19429e-22 6.5143e-23 3.55325e-23 1.93814e-23 1.05717e-23 5.76636e-24 3.14529e-24 1.71561e-24 9.35788e-25 5.1043e-25 2.78416e-25 1.51863e-25 8.28346e-26 4.51825e-26 2.4645e-26 1.34427e-26 7.3324e-27 3.99949e-27 2.18154e-27 1.18993e-27 6.49053e-28
0.0746763 0.0502756 0.0326284 0.0206366 0.012805 0.00782928 0.00473128 0.00283203 0.00168183 0.000992137 0.000581952 0.000339675 0.000197412 0.000114298 6.5955e-05 3.79447e-05 2.17713e-05 1.24611e-05 7.11657e-06 4.05608e-06 2.30749e-06 1.3105e-06 7.43105e-07 4.2076e-07 2.37922e-07 1.34367e-07 7.5795e-08 4.27086e-08 2.40406e-08 1.35194e-08 7.5959e-09 4.26412e-09 2.39183e-09 1.34061e-09 7.50862e-10 4.20263e-10 2.35072e-10 1.31405e-10 7.34125e-11 4.09905e-11 2.28752e-11 1.27592e-11 7.11333e-12 3.96386e-12 2.20785e-12 1.22923e-12 6.84097e-13 3.80567e-13 2.11631e-13 1.17644e-13 6.53739e-14 3.63156e-14 2.01669e-14 1.11956e-14 6.21333e-15 3.44725e-15 1.91205e-15 1.06024e-15 5.87751e-16 3.2574e-16 1.80485e-16 9.9978e-17 5.5369e-17 3.0657e-17 1.69706e-17 9.39228e-18 5.19702e-18 2.87508e-18 1.59023e-18 8.79401e-19 4.8622e-19 2.68782e-19 1.48556e-19 8.20931e-20 4.53576e-20 2.50566e-20 1.38396e-20 7.64294e-21 4.22018e-21 2.32989e-21 1.28611e-21 7.09841e-22 3.91727e-22 2.16146e-22 1.19249e-22 6.57817e-23 3.62829e-23 2.00099e-23 1.10341e-23 6.08382e-24 3.35403e-24 1.84888e-24 1.01906e-24 5.61627e-25 3.09491e-25 1.70531e-25 9.39541e-26 5.17588e-26 2.85109e-26 1.57034e-26 8.64846e-27
0.0407325 0.0326284 0.024141 0.0169909 0.011551 0.00765387 0.0049719 0.00317883 0.00200609 0.00125225 0.000774449 0.000475127 0.000289456 0.000175256 0.000105531 6.32338e-05 3.7722e-05 2.24128e-05 1.32681e-05 7.82828e-06 4.60456e-06 2.70071e-06 1.57989e-06 9.21975e-07 5.36816e-07 3.11897e-07 1.80858e-07 1.04678e-07 6.04804e-08 3.48867e-08 2.00924e-08 1.15549e-08 6.63588e-09 3.80592e-09 2.1801e-09 1.24732e-09 7.12838e-10 4.06943e-10 2.32076e-10 1.32221e-10 7.52596e-11 4.27989e-11 2.43181e-11 1.3806e-11 7.8318e-12 4.4394e-12 2.5146e-12 1.42333e-12 8.05099e-13 4.55101e-13 2.57094e-13 1.45149e-13 8.18989e-14 4.61845e-14 2.60301e-14 1.46631e-14 8.25563e-15 4.64579e-15 2.61312e-15 1.46911e-15 8.25573e-16 4.63729e-16 2.60368e-16 1.46127e-16 8.19781e-17 4.59722e-17 2.57708e-17 1.44411e-17 8.08935e-18 4.52977e-18 2.53565e-18 1.41892e-18 7.93756e-19 4.43892e-19 2.48161e-19 1.38695e-19 7.74924e-20 4.32846e-20 2.41705e-20 1.34933e-20 7.53073e-21 4.20186e-21 2.34388e-21 1.30714e-21 7.28787e-22 4.06234e-22 2.26387e-22 1.26132e-22 7.02596e-23 3.91281e-23 2.17861e-23 1.21277e-23 6.74976e-24 3.75587e-24 2.08952e-24 1.16225e-24 6.46352e-25 3.59384e-25 1.99787e-25 1.11045e-25 6.171e-26
0.0222177 0.0206366 0.0169909 0.0130358 0.00954018 0.00674708 0.0046485 0.00313678 0.00208101 0.00136112 0.000879577 0.000562498 0.000356461 0.000224085 0.000139864 8.67392e-05 5.34823e-05 3.28036e-05 2.00241e-05 1.21695e-05 7.36609e-06 4.44199e-06 2.6694e-06 1.59901e-06 9.54954e-07 5.68715e-07 3.37803e-07 2.00151e-07 1.18315e-07 6.97864e-08 4.1077e-08 2.4131e-08 1.41495e-08 8.28213e-09 4.83962e-09 2.82349e-09 1.64475e-09 9.56708e-10 5.5572e-10 3.2237e-10 1.86767e-10 1.08072e-10 6.24627e-11 3.60611e-11 2.07963e-11 1.19807e-11 6.89519e-12 3.96451e-12 2.27735e-12 1.30701e-12 7.4947e-13 4.29404e-13 2.45825e-13 1.4062e-13 8.03786e-14 4.59108e-14 2.62049e-14 1.49469e-14 8.5198e-15 4.85319e-15 2.76282e-15 1.57186e-15 8.9375e-16 5.0789e-16 2.88456e-16 1.6374e-16 9.28961e-17 5.26766e-17 2.98552e-17 1.69125e-17 9.57615e-18 5.41965e-18 3.06588e-18 1.73359e-18 9.7983e-19 5.53569e-19 3.12619e-19 1.76475e-19 9.95821e-20 5.61711e-20 3.16725e-20 1.78522e-20 1.00588e-20 5.66563e-21 3.19008e-21 1.79559e-21 1.01035e-21 5.68326e-22 3.19585e-22 1.79655e-22 1.00963e-22 5.67227e-23 3.18585e-23 1.78883e-23 1.00413e-23 5.63503e-24 3.16143e-24 1.77319e-24 9.94298e-25 5.574e-25 3.12399e-25
0.0121188 0.012805 0.011551 0.00954018 0.00743771 0.00556376 0.00403323 0.00285191 0.00197608 0.00134621 0.000903978 0.000599515 0.000393295 0.000255546 0.000164628 0.000105246 6.68186e-05 4.21553e-05 2.64428e-05 1.64995e-05 1.02452e-05 6.33308e-06 3.89849e-06 2.3905e-06 1.46052e-06 8.893e-07 5.39767e-07 3.26635e-07 1.97102e-07 1.18622e-07 7.121e-08 4.26462e-08 2.54821e-08 1.51933e-08 9.04028e-09 5.3686e-09 3.18223e-09 1.8829e-09 1.1122e-09 6.55894e-10 3.86192e-10 2.2705e-10 1.33296e-10 7.81465e-11 4.57535e-11 2.67537e-11 1.56245e-11 9.1141e-12 5.31034e-12 3.09065e-12 1.79685e-12 1.04358e-12 6.05488e-13 3.50965e-13 2.03243e-13 1.17591e-13 6.79747e-14 3.92601e-14 2.26566e-14 1.30644e-14 7.5274e-15 4.33382e-15 2.49331e-15 1.43341e-15 8.23492e-16 4.72775e-16 2.71246e-16 1.55522e-16 8.91141e-17 5.10312e-17 2.92056e-17 1.67049e-17 9.54939e-18 5.4559e-18 3.11546e-18 1.77807e-18 1.01426e-18 5.78274e-19 3.29536e-19 1.87699e-19 1.06861e-19 6.08097e-20 3.45885e-20 1.96653e-20 1.11758e-20 6.34858e-21 3.6049e-21 2.04613e-21 1.16092e-21 6.58414e-22 3.73278e-22 2.11545e-22 1.19843e-22 6.78683e-23 3.8421e-23 2.1743e-23 1.23005e-23 6.95632e-24 3.93274e-24 2.22265e-24 1.25577e-24
0.00661023 0.00782928 0.00765387 0.00674708 0.00556376 0.00437513 0.00331887 0.00244705 0.00176291 0.0012457 0.000865864 0.000593357 0.000401595 0.000268842 0.000178221 0.000117113 7.63499e-05 4.94169e-05 3.17744e-05 2.03071e-05 1.29061e-05 8.16006e-06 5.13462e-06 3.21647e-06 2.00649e-06 1.24679e-06 7.71891e-07 4.76229e-07 2.92859e-07 1.79541e-07 1.09749e-07 6.69021e-08 4.06759e-08 2.46689e-08 1.49256e-08 9.01003e-09 5.42727e-09 3.26241e-09 1.9572e-09 1.17194e-09 7.0047e-10 4.1794e-10 2.48948e-10 1.48048e-10 8.79072e-11 5.21189e-11 3.08561e-11 1.82424e-11 1.07706e-11 6.35091e-12 3.74014e-12 2.19995e-12 1.29249e-12 7.58493e-13 4.44628e-13 2.60363e-13 1.52304e-13 8.90039e-14 5.19617e-14 3.03072e-14 1.76608e-14 1.02822e-14 5.98115e-15 3.47629e-15 2.01878e-15 1.17143e-15 6.79207e-16 3.93513e-16 2.27821e-16 1.31799e-16 7.61953e-17 4.40193e-17 2.54137e-17 1.46624e-17 8.4541e-18 4.87143e-18 2.80531e-18 1.61453e-18 9.28657e-19 5.33848e-19 3.06717e-19 1.76124e-19 1.01081e-19 5.79818e-20 3.32423e-20 1.9049e-20 1.09104e-20 6.24592e-21 3.57395e-21 2.04409e-21 1.16857e-21 6.6775e-22 3.81403e-22 2.17755e-22 1.24271e-22 7.0891e-23 4.04238e-23 2.30415e-23 1.31284e-23 7.47738e-24 4.25718e-24
0.00360558 0.00473128 0.0049719 0.0046485 0.00403323 0.00331887 0.00262386 0.00200986 0.0015004 0.00109625 0.000786456 0.000555368 0.000386804 0.000266135 0.00018113 0.000122077 8.15524e-05 5.40441e-05 3.55521e-05 2.323e-05 1.50843e-05 9.73854e-06 6.25364e-06 3.99577e-06 2.5412e-06 1.60907e-06 1.01467e-06 6.37367e-07 3.98904e-07 2.48797e-07 1.54669e-07 9.58542e-08 5.92296e-08 3.64962e-08 2.24283e-08 1.37479e-08 8.40656e-09 5.12847e-09 3.12168e-09 1.8961e-09 1.14932e-09 6.95293e-10 4.19827e-10 2.53036e-10 1.52241e-10 9.14426e-11 5.48349e-11 3.28308e-11 1.96267e-11 1.17159e-11 6.98373e-12 4.15722e-12 2.47139e-12 1.4673e-12 8.70075e-13 5.15309e-13 3.04838e-13 1.80126e-13 1.06317e-13 6.26844e-14 3.69202e-14 2.17234e-14 1.27691e-14 7.49853e-15 4.39931e-15 2.57867e-15 1.51016e-15 8.83631e-16 5.16598e-16 3.0177e-16 1.76137e-16 1.02727e-16 5.98665e-17 3.48625e-17 2.02869e-17 1.17968e-17 6.85498e-18 3.98064e-18 2.30998e-18 1.33962e-18 7.76382e-19 4.49674e-19 2.60288e-19 1.50574e-19 8.70542e-20 5.03013e-20 2.90485e-20 1.6766e-20 9.67159e-21 5.57617e-21 3.21327e-21 1.8507e-21 1.06539e-21 6.13007e-22 3.52544e-22 2.02653e-22 1.16438e-22 6.68703e-23 3.83865e-23 2.20258e-23 1.26327e-23
0.00196668 0.00283203 0.00317883 0.00313678 0.00285191 0.00244705 0.00200986 0.00159482 0.00123042 0.000927281 0.000685022 0.00049741 0.000355777 0.000251105 0.000175135 0.000120851 8.25909e-05 5.59493e-05 3.75978e-05 2.50795e-05 1.66153e-05 1.09384e-05 7.15889e-06 4.65968e-06 3.01746e-06 1.94463e-06 1.24759e-06 7.97003e-07 5.07111e-07 3.21437e-07 2.03014e-07 1.27783e-07 8.01699e-08 5.01426e-08 3.12697e-08 1.94456e-08 1.20601e-08 7.46043e-09 4.60372e-09 2.83419e-09 1.74086e-09 1.06698e-09 6.52586e-10 3.98333e-10 2.42668e-10 1.47559e-10 8.95646e-11 5.42689e-11 3.28273e-11 1.9825e-11 1.19539e-11 7.19688e-12 4.32652e-12 2.59725e-12 1.55699e-12 9.3213e-13 5.57314e-13 3.32793e-13 1.98479e-13 1.18232e-13 7.03481e-14 4.18098e-14 2.48214e-14 1.472e-14 8.72046e-15 5.16093e-15 3.05131e-15 1.8023e-15 1.06355e-15 6.27029e-16 3.69343e-16 2.17366e-16 1.27815e-16 7.50946e-17 4.4084e-17 2.58588e-17 1.51564e-17 8.8767e-18 5.19497e-18 3.03807e-18 1.77543e-18 1.03682e-18 6.0507e-19 3.52872e-19 2.05657e-19 1.19781e-19 6.97204e-20 4.05567e-20 2.35777e-20 1.36988e-20 7.95441e-21 4.61621e-21 2.67743e-21 1.55207e-21 8.9923e-22 5.20712e-22 3.01369e-22 1.74331e-22 1.00794e-22 5.82475e-23 3.36441e-23
0.00107274 0.00168183 0.00200609 0.00208101 0.00197608 0.00176291 0.0015004 0.00123042 0.000978954 0.000759456 0.000576648 0.000429791 0.000315174 0.000227828 0.000162592 0.000114707 8.00853e-05 5.53852e-05 3.79719e-05 2.58263e-05 1.74365e-05 1.1692e-05 7.79035e-06 5.16002e-06 3.39889e-06 2.22723e-06 1.45234e-06 9.42693e-07 6.09232e-07 3.9211e-07 2.51385e-07 1.60569e-07 1.02201e-07 6.48327e-08 4.09962e-08 2.58445e-08 1.62452e-08 1.01829e-08 6.36582e-09 3.96939e-09 2.46901e-09 1.53213e-09 9.48587e-10 5.86014e-10 3.61262e-10 2.22255e-10 1.36467e-10 8.36337e-11 5.11609e-11 3.1241e-11 1.90444e-11 1.15901e-11 7.04226e-12 4.27226e-12 2.5879e-12 1.56531e-12 9.45441e-13 5.70254e-13 3.43493e-13 2.06634e-13 1.24146e-13 7.44949e-14 4.46476e-14 2.67276e-14 1.59819e-14 9.54578e-15 5.6954e-15 3.39452e-15 2.02108e-15 1.20213e-15 7.1432e-16 4.2405e-16 2.51498e-16 1.49023e-16 8.82235e-17 5.21837e-17 3.08399e-17 1.82107e-17 1.07445e-17 6.33427e-18 3.73135e-18 2.19635e-18 1.29184e-18 7.59274e-19 4.45936e-19 2.61721e-19 1.53498e-19 8.99648e-20 5.26928e-20 3.08422e-20 1.8041e-20 1.05463e-20 6.16133e-21 3.59735e-21 2.09909e-21 1.22413e-21 7.13461e-22 4.15594e-22 2.41951e-22 1.40782e-22 8.18719e-23
0.000585128 0.000992137 0.00125225 0.00136112 0.00134621 0.0012457 0.00109625 0.000927281 0.000759456 0.000605476 0.000471779 0.000360396 0.00027058 0.000200057 0.000145906 0.000105111 7.48844e-05 5.28114e-05 3.69006e-05 2.55641e-05 1.75712e-05 1.19894e-05 8.12536e-06 5.47181e-06 3.66303e-06 2.43855e-06 1.61491e-06 1.06419e-06 6.98015e-07 4.55821e-07 2.9642e-07 1.91997e-07 1.23892e-07 7.96576e-08 5.10413e-08 3.25981e-08 2.07541e-08 1.31738e-08 8.33814e-09 5.26296e-09 3.31315e-09 2.0804e-09 1.30313e-09 8.14341e-10 5.07735e-10 3.15875e-10 1.96099e-10 1.21492e-10 7.51213e-11 4.63606e-11 2.85583e-11 1.75605e-11 1.07793e-11 6.6056e-12 4.04135e-12 2.46861e-12 1.50561e-12 9.16903e-13 5.57576e-13 3.38589e-13 2.05326e-13 1.24347e-13 7.5208e-14 4.54298e-14 2.74083e-14 1.65159e-14 9.94056e-15 5.97618e-15 3.58882e-15 2.15281e-15 1.29003e-15 7.72217e-16 4.61785e-16 2.75873e-16 1.64648e-16 9.81732e-17 5.84826e-17 3.48069e-17 2.06975e-17 1.22969e-17 7.29961e-18 4.32956e-18 2.56586e-18 1.5194e-18 8.9903e-19 5.31546e-19 3.14036e-19 1.85395e-19 1.09371e-19 6.44755e-20 3.79827e-20 2.23603e-20 1.31547e-20 7.73381e-21 4.54387e-21 2.66797e-21 1.56554e-21 9.18083e-22 5.38067e-22 3.15161e-22 1.84491e-22
0.000319161 0.000581952 0.000774449 0.000879577 0.000903978 0.000865864 0.000786456 0.000685022 0.000576648 0.000471779 0.000376731 0.000294591 0.000226171 0.000170846 0.000127198 9.34744e-05 6.7886e-05 4.87752e-05 3.47009e-05 2.44653e-05 1.71051e-05 1.18668e-05 8.17341e-06 5.59177e-06 3.80151e-06 2.56917e-06 1.72668e-06 1.15439e-06 7.67966e-07 5.08501e-07 3.35205e-07 2.20036e-07 1.43857e-07 9.36925e-08 6.07985e-08 3.93156e-08 2.53389e-08 1.62788e-08 1.04262e-08 6.65819e-09 4.23993e-09 2.69266e-09 1.70558e-09 1.07763e-09 6.79223e-10 4.27111e-10 2.67972e-10 1.6776e-10 1.04803e-10 6.53391e-11 4.06551e-11 2.5248e-11 1.56507e-11 9.68409e-12 5.98174e-12 3.6886e-12 2.27082e-12 1.39576e-12 8.56569e-13 5.2488e-13 3.21158e-13 1.96227e-13 1.19727e-13 7.2952e-14 4.43924e-14 2.69786e-14 1.63752e-14 9.92703e-15 6.01081e-15 3.6353e-15 2.1961e-15 1.32519e-15 7.98791e-16 4.80979e-16 2.89312e-16 1.73846e-16 1.04359e-16 6.25856e-17 3.74976e-17 2.24454e-17 1.34231e-17 8.02033e-18 4.78794e-18 2.85583e-18 1.70196e-18 1.01346e-18 6.02996e-19 3.58489e-19 2.1296e-19 1.26412e-19 7.49815e-20 4.44425e-20 2.63226e-20 1.55794e-20 9.21444e-21 5.44615e-21 3.21676e-21 1.89871e-21 1.12e-21 6.60234e-22 3.88961e-22
0.000174088 0.000339675 0.000475127 0.000562498 0.000599515 0.000593357 0.000555368 0.00049741 0.000429791 0.000360396 0.000294591 0.000235547 0.000184734 0.000142427 0.000108147 8.09975e-05 5.99143e-05 4.38197e-05 3.17177e-05 2.27398e-05 1.616e-05 1.13905e-05 7.96781e-06 5.5341e-06 3.81826e-06 2.61801e-06 1.78454e-06 1.20969e-06 8.15731e-07 5.47354e-07 3.65551e-07 2.43046e-07 1.6091e-07 1.06102e-07 6.96918e-08 4.56077e-08 2.97415e-08 1.93294e-08 1.25218e-08 8.08654e-09 5.20669e-09 3.34282e-09 2.14024e-09 1.36664e-09 8.70426e-10 5.5301e-10 3.50506e-10 2.21642e-10 1.39843e-10 8.80416e-11 5.53129e-11 3.46804e-11 2.17015e-11 1.35539e-11 8.44963e-12 5.25812e-12 3.26637e-12 2.02565e-12 1.25415e-12 7.75238e-13 4.78458e-13 2.94845e-13 1.81427e-13 1.11476e-13 6.83997e-14 4.19113e-14 2.56465e-14 1.56732e-14 9.56611e-15 5.83141e-15 3.55046e-15 2.15914e-15 1.31152e-15 7.95749e-16 4.82277e-16 2.91976e-16 1.76578e-16 1.06678e-16 6.43834e-17 3.88186e-17 2.33821e-17 1.40706e-17 8.45931e-18 5.08113e-18 3.04926e-18 1.8283e-18 1.09528e-18 6.55593e-19 3.92087e-19 2.34302e-19 1.39901e-19 8.34693e-20 4.97618e-20 2.96439e-20 1.76463e-20 1.04967e-20 6.23933e-21 3.7061e-21 2.19986e-21 1.3049e-21 7.73512e-22
9.49569e-05 0.000197412 0.000289456 0.000356461 0.000393295 0.000401595 0.000386804 0.000355777 0.000315174 0.00027058 0.000226171 0.000184734 0.000147866 0.000116257 8.99547e-05 6.86092e-05 5.16512e-05 3.84256e-05 2.82772e-05 2.06017e-05 1.48714e-05 1.06432e-05 7.5565e-06 5.32514e-06 3.72655e-06 2.59081e-06 1.79013e-06 1.22972e-06 8.40114e-07 5.70965e-07 3.86131e-07 2.59909e-07 1.74168e-07 1.16217e-07 7.7233e-08 5.11272e-08 3.372e-08 2.21605e-08 1.4514e-08 9.47494e-09 6.16592e-09 4.00042e-09 2.5879e-09 1.66945e-09 1.07404e-09 6.89187e-10 4.41121e-10 2.81656e-10 1.79415e-10 1.14027e-10 7.23101e-11 4.57573e-11 2.88949e-11 1.821e-11 1.14538e-11 7.19065e-12 4.50595e-12 2.81856e-12 1.76e-12 1.09714e-12 6.82808e-13 4.24265e-13 2.63207e-13 1.63041e-13 1.00844e-13 6.22842e-14 3.84141e-14 2.36595e-14 1.45525e-14 8.93917e-15 5.48404e-15 3.36016e-15 2.0563e-15 1.25688e-15 7.67347e-16 4.67942e-16 2.8504e-16 1.73437e-16 1.05417e-16 6.40066e-17 3.88231e-17 2.35243e-17 1.42401e-17 8.61169e-18 5.20296e-18 3.14056e-18 1.89394e-18 1.14113e-18 6.86949e-19 4.13177e-19 2.48301e-19 1.49094e-19 8.94512e-20 5.36245e-20 3.21216e-20 1.92262e-20 1.1499e-20 6.87228e-21 4.10413e-21 2.44922e-21 1.46058e-21
5.17947e-05 0.000114298 0.000175256 0.000224085 0.000255546 0.000268842 0.000266135 0.000251105 0.000227828 0.000200057 0.000170846 0.000142427 0.000116257 9.31392e-05 7.33844e-05 5.69579e-05 4.36111e-05 3.29804e-05 2.46593e-05 1.82458e-05 1.33705e-05 9.71045e-06 6.99366e-06 4.99785e-06 3.54562e-06 2.49818e-06 1.74885e-06 1.21685e-06 8.41834e-07 5.79226e-07 3.96484e-07 2.70066e-07 1.83098e-07 1.23584e-07 8.30608e-08 5.55986e-08 3.70717e-08 2.46265e-08 1.63009e-08 1.0753e-08 7.06997e-09 4.6337e-09 3.0277e-09 1.97251e-09 1.28143e-09 8.302e-10 5.3644e-10 3.4574e-10 2.22283e-10 1.42568e-10 9.12291e-11 5.82465e-11 3.71075e-11 2.35905e-11 1.49665e-11 9.47638e-12 5.98858e-12 3.77737e-12 2.37827e-12 1.49473e-12 9.378e-13 5.8739e-13 3.67308e-13 2.29319e-13 1.42946e-13 8.89696e-14 5.52927e-14 3.43135e-14 2.12642e-14 1.31593e-14 8.1326e-15 5.01943e-15 3.09399e-15 1.90475e-15 1.17117e-15 7.19247e-16 4.41188e-16 2.70314e-16 1.65432e-16 1.01133e-16 6.17579e-17 3.76731e-17 2.29571e-17 1.39752e-17 8.49894e-18 5.16351e-18 3.13405e-18 1.90045e-18 1.15134e-18 6.96875e-19 4.21423e-19 2.54624e-19 1.53711e-19 9.2714e-20 5.58756e-20 3.36469e-20 2.0245e-20 1.21716e-20 7.31205e-21 4.38934e-21 2.6329e-21
2.82517e-05 6.5955e-05 0.000105531 0.000139864 0.000164628 0.000178221 0.00018113 0.000175135 0.000162592 0.000145906 0.000127198 0.000108147 8.99547e-05 7.33844e-05 5.88371e-05 4.64428e-05 3.61444e-05 2.77691e-05 2.10839e-05 1.58348e-05 1.17735e-05 8.6725e-06 6.33298e-06 4.58719e-06 3.29749e-06 2.35353e-06 1.66854e-06 1.17543e-06 8.2311e-07 5.73128e-07 3.96922e-07 2.73487e-07 1.87521e-07 1.27981e-07 8.69594e-08 5.88363e-08 3.96472e-08 2.66129e-08 1.77972e-08 1.18593e-08 7.87533e-09 5.21246e-09 3.439e-09 2.26198e-09 1.4834e-09 9.70034e-10 6.3258e-10 4.1142e-10 2.66891e-10 1.72702e-10 1.11483e-10 7.17964e-11 4.61327e-11 2.95771e-11 1.89223e-11 1.20806e-11 7.69703e-12 4.89447e-12 3.10641e-12 1.9679e-12 1.24441e-12 7.85516e-13 4.94997e-13 3.11403e-13 1.95584e-13 1.22646e-13 7.67887e-14 4.80047e-14 2.99659e-14 1.86785e-14 1.16263e-14 7.22678e-15 4.48601e-15 2.78101e-15 1.7218e-15 1.06467e-15 6.57521e-16 4.05582e-16 2.49881e-16 1.53774e-16 9.45232e-17 5.80377e-17 3.55964e-17 2.18091e-17 1.33479e-17 8.16093e-18 4.98457e-18 3.04148e-18 1.85404e-18 1.12912e-18 6.86989e-19 4.17601e-19 2.53617e-19 1.5389e-19 9.3296e-20 5.65122e-20 3.42023e-20 2.06827e-20 1.2497e-20 7.54493e-21 4.55158e-21
1.541e-05 3.79447e-05 6.32338e-05 8.67392e-05 0.000105246 0.000117113 0.000122077 0.000120851 0.000114707 0.000105111 9.34744e-05 8.09975e-05 6.86092e-05 5.69579e-05 4.64428e-05 3.72609e-05 2.94589e-05 2.2981e-05 1.77091e-05 1.34935e-05 1.01746e-05 7.59803e-06 5.62301e-06 4.12645e-06 3.00439e-06 2.17128e-06 1.55827e-06 1.111e-06 7.87184e-07 5.54471e-07 3.88374e-07 2.7059e-07 1.87574e-07 1.29401e-07 8.88586e-08 6.07502e-08 4.13584e-08 2.8043e-08 1.89409e-08 1.27456e-08 8.54606e-09 5.71053e-09 3.80317e-09 2.52481e-09 1.67098e-09 1.10261e-09 7.2548e-10 4.76016e-10 3.11494e-10 2.03305e-10 1.32358e-10 8.59596e-11 5.5694e-11 3.60018e-11 2.32204e-11 1.49443e-11 9.59768e-12 6.15131e-12 3.93463e-12 2.51187e-12 1.60056e-12 1.018e-12 6.46319e-13 4.09626e-13 2.59172e-13 1.63707e-13 1.03239e-13 6.50029e-14 4.08649e-14 2.56515e-14 1.60781e-14 1.00631e-14 6.28951e-15 3.92557e-15 2.44683e-15 1.52311e-15 9.46887e-16 5.87917e-16 3.64583e-16 2.25813e-16 1.39697e-16 8.63213e-17 5.32787e-17 3.28476e-17 2.02291e-17 1.24446e-17 7.64763e-18 4.69486e-18 2.87923e-18 1.76399e-18 1.07967e-18 6.60186e-19 4.03302e-19 2.46145e-19 1.50091e-19 9.14385e-20 5.5657e-20 3.3848e-20 2.05673e-20 1.24869e-20 7.57487e-21
8.40545e-06 2.17713e-05 3.7722e-05 5.34823e-05 6.68186e-05 7.63499e-05 8.15524e-05 8.25909e-05 8.00853e-05 7.48844e-05 6.7886e-05 5.99143e-05 5.16512e-05 4.36111e-05 3.61444e-05 2.94589e-05 2.36483e-05 1.8723e-05 1.46367e-05 1.13093e-05 8.64444e-06 6.5416e-06 4.90429e-06 3.64485e-06 2.68679e-06 1.96541e-06 1.42736e-06 1.02956e-06 7.37848e-07 5.25568e-07 3.72197e-07 2.62133e-07 1.8365e-07 1.28023e-07 8.88195e-08 6.13401e-08 4.21775e-08 2.888e-08 1.96955e-08 1.33801e-08 9.05609e-09 6.10759e-09 4.10493e-09 2.7498e-09 1.83614e-09 1.22228e-09 8.11223e-10 5.36855e-10 3.54292e-10 2.3318e-10 1.53069e-10 1.00226e-10 6.54642e-11 4.26571e-11 2.77315e-11 1.79877e-11 1.1642e-11 7.51896e-12 4.84605e-12 3.11704e-12 2.00099e-12 1.28209e-12 8.19944e-13 5.23433e-13 3.33556e-13 2.12191e-13 1.34758e-13 8.54409e-14 5.40854e-14 3.41832e-14 2.15715e-14 1.35924e-14 8.55213e-15 5.37317e-15 3.37115e-15 2.11217e-15 1.32159e-15 8.25833e-16 5.15381e-16 3.2123e-16 1.99971e-16 1.24334e-16 7.72145e-17 4.78961e-17 2.9676e-17 1.83664e-17 1.13544e-17 7.01189e-18 4.32559e-18 2.66566e-18 1.64104e-18 1.00925e-18 6.20082e-19 3.80609e-19 2.33397e-19 1.4299e-19 8.75218e-20 5.35222e-20 3.27013e-20 1.99626e-20 1.21757e-20
4.58479e-06 1.24611e-05 2.24128e-05 3.28036e-05 4.21553e-05 4.94169e-05 5.40441e-05 5.59493e-05 5.53852e-05 5.28114e-05 4.87752e-05 4.38197e-05 3.84256e-05 3.29804e-05 2.77691e-05 2.2981e-05 1.8723e-05 1.50376e-05 1.19206e-05 9.33638e-06 7.23129e-06 5.54315e-06 4.20833e-06 3.16628e-06 2.36223e-06 1.74844e-06 1.2845e-06 9.37039e-07 6.79025e-07 4.88958e-07 3.49988e-07 2.49092e-07 1.76323e-07 1.24169e-07 8.70098e-08 6.06836e-08 4.21319e-08 2.91251e-08 2.00501e-08 1.37477e-08 9.39024e-09 6.39024e-09 4.33323e-09 2.9283e-09 1.97234e-09 1.32422e-09 8.86333e-10 5.91475e-10 3.93569e-10 2.6115e-10 1.72815e-10 1.1406e-10 7.50894e-11 4.93116e-11 3.23055e-11 2.1115e-11 1.37696e-11 8.95971e-12 5.81747e-12 3.76937e-12 2.43736e-12 1.57293e-12 1.01313e-12 6.51327e-13 4.17963e-13 2.67731e-13 1.71199e-13 1.09285e-13 6.96466e-14 4.43129e-14 2.81495e-14 1.7854e-14 1.13068e-14 7.14984e-15 4.51463e-15 2.84662e-15 1.79238e-15 1.12704e-15 7.07728e-16 4.43838e-16 2.77987e-16 1.73892e-16 1.08642e-16 6.77936e-17 4.22538e-17 2.63049e-17 1.63573e-17 1.01601e-17 6.30387e-18 3.90704e-18 2.41894e-18 1.49607e-18 9.24342e-19 5.70527e-19 3.51795e-19 2.16711e-19 1.3337e-19 8.20024e-20 5.03725e-20 3.09147e-20 1.89561e-20
2.5008e-06 7.11657e-06 1.32681e-05 2.00241e-05 2.64428e-05 3.17744e-05 3.55521e-05 3.75978e-05 3.79719e-05 3.69006e-05 3.47009e-05 3.17177e-05 2.82772e-05 2.46593e-05 2.10839e-05 1.77091e-05 1.46367e-05 1.19206e-05 9.57847e-06 7.60149e-06 5.96364e-06 4.62903e-06 3.55756e-06 2.70882e-06 2.0447e-06 1.53083e-06 1.13731e-06 8.38836e-07 6.14453e-07 4.47168e-07 3.2342e-07 2.32547e-07 1.66273e-07 1.18254e-07 8.36742e-08 5.89185e-08 4.12937e-08 2.88119e-08 2.00169e-08 1.38493e-08 9.54418e-09 6.55226e-09 4.48175e-09 3.05467e-09 2.07489e-09 1.40473e-09 9.47993e-10 6.37789e-10 4.27812e-10 2.86136e-10 1.90843e-10 1.26941e-10 8.42137e-11 5.57254e-11 3.67829e-11 2.4221e-11 1.59118e-11 1.04294e-11 6.82075e-12 4.45112e-12 2.89863e-12 1.88377e-12 1.22178e-12 7.90891e-13 5.10992e-13 3.2954e-13 2.12137e-13 1.3632e-13 8.74482e-14 5.60032e-14 3.58063e-14 2.28563e-14 1.4567e-14 9.2697e-15 5.88988e-15 3.73686e-15 2.36745e-15 1.49775e-15 9.46231e-16 5.96988e-16 3.76146e-16 2.36691e-16 1.48748e-16 9.33633e-17 5.85285e-17 3.66467e-17 2.29186e-17 1.43165e-17 8.93284e-18 5.56745e-18 3.46613e-18 2.15558e-18 1.33913e-18 8.31052e-19 5.15214e-19 3.19088e-19 1.97425e-19 1.22031e-19 7.53569e-20 4.64907e-20 2.86554e-20
1.36407e-06 4.05608e-06 7.82828e-06 1.21695e-05 1.64995e-05 2.03071e-05 2.323e-05 2.50795e-05 2.58263e-05 2.55641e-05 2.44653e-05 2.27398e-05 2.06017e-05 1.82458e-05 1.58348e-05 1.34935e-05 1.13093e-05 9.33638e-06 7.60149e-06 6.11041e-06 4.85411e-06 3.81401e-06 2.96629e-06 2.28505e-06 1.74457e-06 1.32077e-06 9.92025e-07 7.39554e-07 5.47449e-07 4.02536e-07 2.94105e-07 2.13584e-07 1.54217e-07 1.10741e-07 7.91045e-08 5.6223e-08 3.97684e-08 2.80001e-08 1.96273e-08 1.36998e-08 9.52345e-09 6.59426e-09 4.54875e-09 3.12631e-09 2.14112e-09 1.46141e-09 9.94198e-10 6.74208e-10 4.55803e-10 3.07232e-10 2.06491e-10 1.38395e-10 9.25038e-11 6.16671e-11 4.10049e-11 2.7198e-11 1.79966e-11 1.18801e-11 7.82448e-12 5.14191e-12 3.37171e-12 2.20627e-12 1.4407e-12 9.38889e-13 6.10667e-13 3.96428e-13 2.5687e-13 1.66139e-13 1.07265e-13 6.91331e-14 4.44813e-14 2.85724e-14 1.83235e-14 1.17323e-14 7.5003e-15 4.78755e-15 3.05141e-15 1.94202e-15 1.2342e-15 7.83263e-16 4.96402e-16 3.14177e-16 1.98583e-16 1.25356e-16 7.90311e-17 4.97633e-17 3.1296e-17 1.96583e-17 1.23336e-17 7.72919e-18 4.83819e-18 3.02515e-18 1.88944e-18 1.17883e-18 7.34697e-19 4.57418e-19 2.84494e-19 1.76764e-19 1.0972e-19 6.80385e-20 4.21508e-20
7.44038e-07 2.30749e-06 4.60456e-06 7.36609e-06 1.02452e-05 1.29061e-05 1.50843e-05 1.66153e-05 1.74365e-05 1.75712e-05 1.71051e-05 1.616e-05 1.48714e-05 1.33705e-05 1.17735e-05 1.01746e-05 8.64444e-06 7.23129e-06 5.96364e-06 4.85411e-06 3.90334e-06 3.10362e-06 2.44197e-06 1.90261e-06 1.4688e-06 1.12414e-06 8.53382e-07 6.42875e-07 4.80786e-07 3.57095e-07 2.63496e-07 1.93224e-07 1.40855e-07 1.02101e-07 7.3611e-08 5.27973e-08 3.76819e-08 2.67667e-08 1.89269e-08 1.3325e-08 9.34177e-09 6.52279e-09 4.53674e-09 3.14357e-09 2.17034e-09 1.49317e-09 1.02382e-09 6.99701e-10 4.7668e-10 3.23749e-10 2.1923e-10 1.48026e-10 9.96696e-11 6.69281e-11 4.48238e-11 2.99431e-11 1.99528e-11 1.32635e-11 8.79605e-12 5.81999e-12 3.84225e-12 2.53106e-12 1.66379e-12 1.09143e-12 7.14524e-13 4.66854e-13 3.04446e-13 1.98164e-13 1.28748e-13 8.34988e-14 5.40577e-14 3.49374e-14 2.25422e-14 1.45208e-14 9.3387e-15 5.99655e-15 3.84457e-15 2.46116e-15 1.57323e-15 1.00419e-15 6.40065e-16 4.07407e-16 2.58966e-16 1.6439e-16 1.04217e-16 6.59847e-17 4.17253e-17 2.63523e-17 1.66229e-17 1.04732e-17 6.59083e-18 4.14286e-18 2.60117e-18 1.63138e-18 1.02203e-18 6.39596e-19 3.99842e-19 2.49701e-19 1.55778e-19 9.70857e-20 6.0447e-20
4.05839e-07 1.3105e-06 2.70071e-06 4.44199e-06 6.33308e-06 8.16006e-06 9.73854e-06 1.09384e-05 1.1692e-05 1.19894e-05 1.18668e-05 1.13905e-05 1.06432e-05 9.71045e-06 8.6725e-06 7.59803e-06 6.5416e-06 5.54315e-06 4.62903e-06 3.81401e-06 3.10362e-06 2.49653e-06 1.98667e-06 1.56511e-06 1.22142e-06 9.4478e-07 7.24718e-07 5.51546e-07 4.16633e-07 3.12503e-07 2.32829e-07 1.72364e-07 1.26828e-07 9.27812e-08 6.74992e-08 4.88465e-08 3.51693e-08 2.51987e-08 1.79707e-08 1.27585e-08 9.01906e-09 6.34917e-09 4.45178e-09 3.10938e-09 2.16369e-09 1.50021e-09 1.03658e-09 7.13819e-10 4.8996e-10 3.35246e-10 2.28686e-10 1.55536e-10 1.0548e-10 7.13346e-11 4.81119e-11 3.23639e-11 2.17148e-11 1.45335e-11 9.7036e-12 6.46353e-12 4.29545e-12 2.84823e-12 1.88449e-12 1.24419e-12 8.19745e-13 5.39002e-13 3.53706e-13 2.31662e-13 1.51443e-13 9.88191e-14 6.4365e-14 4.18498e-14 2.71636e-14 1.76015e-14 1.13866e-14 7.3542e-15 4.74232e-15 3.05332e-15 1.96288e-15 1.26e-15 8.07627e-16 5.16929e-16 3.30402e-16 2.1089e-16 1.34426e-16 8.55726e-17 5.44029e-17 3.45426e-17 2.1905e-17 1.38739e-17 8.77661e-18 5.54549e-18 3.49983e-18 2.20625e-18 1.38923e-18 8.73796e-19 5.49002e-19 3.44566e-19 2.16029e-19 1.35301e-19 8.46541e-20
2.21367e-07 7.43105e-07 1.57989e-06 2.6694e-06 3.89849e-06 5.13462e-06 6.25364e-06 7.15889e-06 7.79035e-06 8.12536e-06 8.17341e-06 7.96781e-06 7.5565e-06 6.99366e-06 6.33298e-06 5.62301e-06 4.90429e-06 4.20833e-06 3.55756e-06 2.96629e-06 2.44197e-06 1.98667e-06 1.59853e-06 1.27303e-06 1.00405e-06 7.8474e-07 6.08105e-07 4.67435e-07 3.56568e-07 2.70032e-07 2.03095e-07 1.51754e-07 1.12686e-07 8.31799e-08 6.10516e-08 4.45671e-08 3.23646e-08 2.3386e-08 1.68176e-08 1.20384e-08 8.5793e-09 6.08812e-09 4.3026e-09 3.02871e-09 2.12385e-09 1.48384e-09 1.033e-09 7.16663e-10 4.95539e-10 3.41535e-10 2.34656e-10 1.60733e-10 1.09774e-10 7.47564e-11 5.07679e-11 3.4384e-11 2.32264e-11 1.56493e-11 1.05179e-11 7.05197e-12 4.71701e-12 3.14793e-12 2.09608e-12 1.39265e-12 9.23315e-13 6.10877e-13 4.03343e-13 2.65787e-13 1.74804e-13 1.14748e-13 7.51853e-14 4.9174e-14 3.21046e-14 2.09241e-14 1.36141e-14 8.84324e-15 5.7349e-15 3.7132e-15 2.40045e-15 1.54943e-15 9.98622e-16 6.42674e-16 4.13004e-16 2.65035e-16 1.69844e-16 1.08694e-16 6.94671e-17 4.43387e-17 2.82636e-17 1.79938e-17 1.14413e-17 7.2661e-18 4.60897e-18 2.92008e-18 1.84791e-18 1.16808e-18 7.37526e-19 4.65161e-19 2.93061e-19 1.84437e-19 1.15953e-19
1.20745e-07 4.2076e-07 9.21975e-07 1.59901e-06 2.3905e-06 3.21647e-06 3.99577e-06 4.65968e-06 5.16002e-06 5.47181e-06 5.59177e-06 5.5341e-06 5.32514e-06 4.99785e-06 4.58719e-06 4.12645e-06 3.64485e-06 3.16628e-06 2.70882e-06 2.28505e-06 1.90261e-06 1.56511e-06 1.27303e-06 1.02459e-06 8.16513e-07 6.44673e-07 5.04557e-07 3.91642e-07 3.01626e-07 2.30582e-07 1.75033e-07 1.31979e-07 9.88821e-08 7.36349e-08 5.45157e-08 4.01366e-08 2.9393e-08 2.14154e-08 1.55267e-08 1.12042e-08 8.04846e-09 5.75636e-09 4.09974e-09 2.90805e-09 2.05468e-09 1.44626e-09 1.01428e-09 7.08818e-10 4.93655e-10 3.42667e-10 2.37096e-10 1.6354e-10 1.12463e-10 7.71113e-11 5.27216e-11 3.59464e-11 2.44429e-11 1.65771e-11 1.1214e-11 7.56709e-12 5.09387e-12 3.42092e-12 2.29213e-12 1.53236e-12 1.02219e-12 6.80418e-13 4.51975e-13 2.99619e-13 1.98225e-13 1.3089e-13 8.62632e-14 5.67464e-14 3.72616e-14 2.44238e-14 1.59811e-14 1.0439e-14 6.80752e-15 4.43207e-15 2.88091e-15 1.86969e-15 1.21155e-15 7.83893e-16 5.06442e-16 3.26717e-16 2.10472e-16 1.35397e-16 8.69821e-17 5.58039e-17 3.57539e-17 2.2878e-17 1.46204e-17 9.33158e-18 5.94861e-18 3.78747e-18 2.40861e-18 1.52994e-18 9.70691e-19 6.15172e-19 3.89429e-19 2.46254e-19 1.5555e-19
6.58612e-08 2.37922e-07 5.36816e-07 9.54954e-07 1.46052e-06 2.00649e-06 2.5412e-06 3.01746e-06 3.39889e-06 3.66303e-06 3.80151e-06 3.81826e-06 3.72655e-06 3.54562e-06 3.29749e-06 3.00439e-06 2.68679e-06 2.36223e-06 2.0447e-06 1.74457e-06 1.4688e-06 1.22142e-06 1.00405e-06 8.16513e-07 6.57325e-07 5.24166e-07 4.14255e-07 3.24634e-07 2.52374e-07 1.94716e-07 1.49151e-07 1.13469e-07 8.57607e-08 6.44162e-08 4.80967e-08 3.57078e-08 2.63658e-08 1.93663e-08 1.41537e-08 1.02944e-08 7.4527e-09 5.37138e-09 3.85467e-09 2.75477e-09 1.96084e-09 1.39033e-09 9.82126e-10 6.91264e-10 4.8484e-10 3.38905e-10 2.36117e-10 1.63981e-10 1.1353e-10 7.83656e-11 5.3935e-11 3.70154e-11 2.53335e-11 1.72919e-11 1.17721e-11 7.99395e-12 5.41491e-12 3.65908e-12 2.46677e-12 1.65916e-12 1.11346e-12 7.45609e-13 4.98218e-13 3.32217e-13 2.21074e-13 1.46821e-13 9.73184e-14 6.43833e-14 4.2515e-14 2.80232e-14 1.84383e-14 1.21105e-14 7.94075e-15 5.19795e-15 3.39696e-15 2.2164e-15 1.44385e-15 9.39121e-16 6.09905e-16 3.9551e-16 2.56104e-16 1.65598e-16 1.06925e-16 6.89454e-17 4.43957e-17 2.85495e-17 1.83352e-17 1.17602e-17 7.53349e-18 4.81988e-18 3.07997e-18 1.96578e-18 1.25317e-18 7.97955e-19 5.07518e-19 3.2243e-19 2.04616e-19
3.59243e-08 1.34367e-07 3.11897e-07 5.68715e-07 8.893e-07 1.24679e-06 1.60907e-06 1.94463e-06 2.22723e-06 2.43855e-06 2.56917e-06 2.61801e-06 2.59081e-06 2.49818e-06 2.35353e-06 2.17128e-06 1.96541e-06 1.74844e-06 1.53083e-06 1.32077e-06 1.12414e-06 9.4478e-07 7.8474e-07 6.44673e-07 5.24166e-07 4.22069e-07 3.36764e-07 2.66389e-07 2.09005e-07 1.62716e-07 1.2575e-07 9.65041e-08 7.35673e-08 5.57261e-08 4.19556e-08 3.14047e-08 2.33764e-08 1.73076e-08 1.27488e-08 9.34457e-09 6.81693e-09 4.95033e-09 3.57904e-09 2.57665e-09 1.84742e-09 1.31933e-09 9.38603e-10 6.65275e-10 4.69854e-10 3.30687e-10 2.31959e-10 1.62176e-10 1.13028e-10 7.85324e-11 5.4402e-11 3.75768e-11 2.58821e-11 1.77781e-11 1.21789e-11 8.32151e-12 5.67145e-12 3.85578e-12 2.61507e-12 1.76943e-12 1.1945e-12 8.04579e-13 5.40755e-13 3.62665e-13 2.42719e-13 1.62112e-13 1.0806e-13 7.1889e-14 4.77347e-14 3.16369e-14 2.09296e-14 1.38214e-14 9.11128e-15 5.99601e-15 3.93926e-15 2.58375e-15 1.69194e-15 1.10619e-15 7.22108e-16 4.70664e-16 3.06316e-16 1.99063e-16 1.29177e-16 8.37074e-17 5.41676e-17 3.50044e-17 2.25903e-17 1.45596e-17 9.37162e-18 6.02457e-18 3.86807e-18 2.48043e-18 1.58867e-18 1.01631e-18 6.49391e-19 4.14464e-19 2.64225e-19
1.95951e-08 7.5795e-08 1.80858e-07 3.37803e-07 5.39767e-07 7.71891e-07 1.01467e-06 1.24759e-06 1.45234e-06 1.61491e-06 1.72668e-06 1.78454e-06 1.79013e-06 1.74885e-06 1.66854e-06 1.55827e-06 1.42736e-06 1.2845e-06 1.13731e-06 9.92025e-07 8.53382e-07 7.24718e-07 6.08105e-07 5.04557e-07 4.14255e-07 3.36764e-07 2.71225e-07 2.16524e-07 1.71419e-07 1.34641e-07 1.04962e-07 8.12429e-08 6.24568e-08 4.77036e-08 3.62098e-08 2.73225e-08 2.04994e-08 1.52965e-08 1.13545e-08 8.38603e-09 6.16369e-09 4.50919e-09 3.284e-09 2.38136e-09 1.7196e-09 1.23673e-09 8.85981e-10 6.32311e-10 4.49621e-10 3.18583e-10 2.2496e-10 1.58321e-10 1.11062e-10 7.76657e-11 5.41461e-11 3.7637e-11 2.60862e-11 1.80296e-11 1.24273e-11 8.54297e-12 5.85755e-12 4.00613e-12 2.73316e-12 1.8602e-12 1.2631e-12 8.55699e-13 5.78406e-13 3.90119e-13 2.62564e-13 1.76346e-13 1.18199e-13 7.90666e-14 5.27869e-14 3.51747e-14 2.33949e-14 1.55317e-14 1.02929e-14 6.80918e-15 4.4968e-15 2.96469e-15 1.95136e-15 1.28231e-15 8.4131e-16 5.51115e-16 3.60465e-16 2.35413e-16 1.53518e-16 9.99671e-17 6.50036e-17 4.22096e-17 2.73709e-17 1.77247e-17 1.14629e-17 7.40364e-18 4.77571e-18 3.07669e-18 1.97966e-18 1.27224e-18 8.16632e-19 5.23566e-19 3.35283e-19
1.06882e-08 4.27086e-08 1.04678e-07 2.00151e-07 3.26635e-07 4.76229e-07 6.37367e-07 7.97003e-07 9.42693e-07 1.06419e-06 1.15439e-06 1.20969e-06 1.22972e-06 1.21685e-06 1.17543e-06 1.111e-06 1.02956e-06 9.37039e-07 8.38836e-07 7.39554e-07 6.42875e-07 5.51546e-07 4.67435e-07 3.91642e-07 3.24634e-07 2.66389e-07 2.16524e-07 1.74418e-07 1.39311e-07 1.10377e-07 8.67843e-08 6.77391e-08 5.25076e-08 4.0432e-08 3.0937e-08 2.35287e-08 1.77909e-08 1.33776e-08 1.00055e-08 7.44498e-09 5.51244e-09 4.06216e-09 2.97973e-09 2.17609e-09 1.58241e-09 1.14596e-09 8.26586e-10 5.93922e-10 4.25155e-10 3.03244e-10 2.15533e-10 1.52671e-10 1.07787e-10 7.58541e-11 5.32157e-11 3.72207e-11 2.59567e-11 1.80497e-11 1.25164e-11 8.65579e-12 5.97015e-12 4.10717e-12 2.81843e-12 1.92932e-12 1.31754e-12 8.97649e-13 6.10179e-13 4.13847e-13 2.80076e-13 1.89142e-13 1.27466e-13 8.57265e-14 5.75402e-14 3.85461e-14 2.57727e-14 1.71999e-14 1.14577e-14 7.61888e-15 5.05732e-15 3.3512e-15 2.21691e-15 1.46411e-15 9.65373e-16 6.35511e-16 4.17707e-16 2.74128e-16 1.79631e-16 1.17534e-16 7.67919e-17 5.01011e-17 3.26414e-17 2.12369e-17 1.37983e-17 8.95327e-18 5.80187e-18 3.75487e-18 2.42701e-18 1.56678e-18 1.0102e-18 6.5056e-19 4.18456e-19
5.82994e-09 2.40406e-08 6.04804e-08 1.18315e-07 1.97102e-07 2.92859e-07 3.98904e-07 5.07111e-07 6.09232e-07 6.98015e-07 7.67966e-07 8.15731e-07 8.40114e-07 8.41834e-07 8.2311e-07 7.87184e-07 7.37848e-07 6.79025e-07 6.14453e-07 5.47449e-07 4.80786e-07 4.16633e-07 3.56568e-07 3.01626e-07 2.52374e-07 2.09005e-07 1.71419e-07 1.39311e-07 1.12241e-07 8.96903e-08 7.11133e-08 5.59669e-08 4.37359e-08 3.39477e-08 2.61806e-08 2.00663e-08 1.52891e-08 1.15834e-08 8.72809e-09 6.54228e-09 4.87922e-09 3.6213e-09 2.67514e-09 1.96729e-09 1.44046e-09 1.05028e-09 7.62675e-10 5.51653e-10 3.97499e-10 2.85367e-10 2.04134e-10 1.45519e-10 1.03386e-10 7.32119e-11 5.16798e-11 3.63678e-11 2.55158e-11 1.78496e-11 1.24513e-11 8.66152e-12 6.00899e-12 4.15781e-12 2.86954e-12 1.97548e-12 1.35666e-12 9.29469e-13 6.3531e-13 4.33259e-13 2.94811e-13 2.00169e-13 1.3562e-13 9.16959e-14 6.18717e-14 4.16648e-14 2.80027e-14 1.87845e-14 1.25774e-14 8.40589e-15 5.60787e-15 3.73463e-15 2.48284e-15 1.64783e-15 1.09184e-15 7.22264e-16 4.77023e-16 3.14559e-16 2.07107e-16 1.36154e-16 8.93764e-17 5.85843e-17 3.83457e-17 2.50634e-17 1.63592e-17 1.06633e-17 6.94132e-18 4.51253e-18 2.92979e-18 1.89976e-18 1.23032e-18 7.95793e-19 5.1411e-19
3.17996e-09 1.35194e-08 3.48867e-08 6.97864e-08 1.18622e-07 1.79541e-07 2.48797e-07 3.21437e-07 3.9211e-07 4.55821e-07 5.08501e-07 5.47354e-07 5.70965e-07 5.79226e-07 5.73128e-07 5.54471e-07 5.25568e-07 4.88958e-07 4.47168e-07 4.02536e-07 3.57095e-07 3.12503e-07 2.70032e-07 2.30582e-07 1.94716e-07 1.62716e-07 1.34641e-07 1.10377e-07 8.96903e-08 7.22738e-08 5.77783e-08 4.58421e-08 3.61106e-08 2.82499e-08 2.19556e-08 1.69566e-08 1.30172e-08 9.93538e-09 7.54121e-09 5.69351e-09 4.27651e-09 3.19633e-09 2.37763e-09 1.76052e-09 1.29781e-09 9.52614e-10 6.96343e-10 5.06976e-10 3.67675e-10 2.65648e-10 1.91234e-10 1.37179e-10 9.80656e-11 6.98711e-11 4.96217e-11 3.51299e-11 2.47943e-11 1.74474e-11 1.2242e-11 8.56531e-12 5.97639e-12 4.1588e-12 2.88643e-12 1.99823e-12 1.37989e-12 9.50583e-13 6.53285e-13 4.47927e-13 3.06427e-13 2.09162e-13 1.42462e-13 9.68259e-14 6.56726e-14 4.44523e-14 3.0029e-14 2.02461e-14 1.36243e-14 9.15116e-15 6.13538e-15 4.10608e-15 2.74315e-15 1.82945e-15 1.21803e-15 8.09604e-16 5.37254e-16 3.55952e-16 2.35462e-16 1.55517e-16 1.0256e-16 6.75357e-17 4.44071e-17 2.91572e-17 1.91173e-17 1.25171e-17 8.18442e-18 5.34427e-18 3.48509e-18 2.26974e-18 1.47633e-18 9.59053e-19 6.2225e-19
1.73453e-09 7.5959e-09 2.00924e-08 4.1077e-08 7.121e-08 1.09749e-07 1.54669e-07 2.03014e-07 2.51385e-07 2.9642e-07 3.35205e-07 3.65551e-07 3.86131e-07 3.96484e-07 3.96922e-07 3.88374e-07 3.72197e-07 3.49988e-07 3.2342e-07 2.94105e-07 2.63496e-07 2.32829e-07 2.03095e-07 1.75033e-07 1.49151e-07 1.2575e-07 1.04962e-07 8.67843e-08 7.11133e-08 5.77783e-08 4.65658e-08 3.72415e-08 2.95667e-08 2.33098e-08 1.82544e-08 1.42042e-08 1.09851e-08 8.44563e-09 6.45666e-09 4.90936e-09 3.7134e-09 2.79469e-09 2.09309e-09 1.56031e-09 1.1579e-09 8.55528e-10 6.29455e-10 4.61233e-10 3.36635e-10 2.44756e-10 1.77294e-10 1.27964e-10 9.20377e-11 6.5973e-11 4.71339e-11 3.35666e-11 2.38301e-11 1.68665e-11 1.19025e-11 8.37537e-12 5.87692e-12 4.11252e-12 2.87017e-12 1.99791e-12 1.38721e-12 9.60801e-13 6.63853e-13 4.57597e-13 3.14695e-13 2.15932e-13 1.47837e-13 1.00997e-13 6.88525e-14 4.68414e-14 3.18024e-14 2.1549e-14 1.45731e-14 9.83666e-15 6.62725e-15 4.45681e-15 2.99182e-15 2.00485e-15 1.34116e-15 8.95657e-16 5.97147e-16 3.97477e-16 2.64148e-16 1.75267e-16 1.16113e-16 7.6807e-17 5.07311e-17 3.34588e-17 2.20354e-17 1.44916e-17 9.51715e-18 6.24169e-18 4.08801e-18 2.67391e-18 1.74668e-18 1.13953e-18 7.42481e-19
9.46105e-10 4.26412e-09 1.15549e-08 2.4131e-08 4.26462e-08 6.69021e-08 9.58542e-08 1.27783e-07 1.60569e-07 1.91997e-07 2.20036e-07 2.43046e-07 2.59909e-07 2.70066e-07 2.73487e-07 2.7059e-07 2.62133e-07 2.49092e-07 2.32547e-07 2.13584e-07 1.93224e-07 1.72364e-07 1.51754e-07 1.31979e-07 1.13469e-07 9.65041e-08 8.12429e-08 6.77391e-08 5.59669e-08 4.58421e-08 3.72415e-08 3.00187e-08 2.40169e-08 1.90788e-08 1.50532e-08 1.18e-08 9.19226e-09 7.1181e-09 5.48037e-09 4.1962e-09 3.1959e-09 2.42162e-09 1.8259e-09 1.37018e-09 1.02349e-09 7.61132e-10 5.636e-10 4.156e-10 3.05234e-10 2.23304e-10 1.62749e-10 1.1818e-10 8.55121e-11 6.16607e-11 4.43128e-11 3.17418e-11 2.2665e-11 1.61337e-11 1.14501e-11 8.10229e-12 5.71699e-12 4.02269e-12 2.82285e-12 1.97564e-12 1.37913e-12 9.60295e-13 6.67013e-13 4.62188e-13 3.19507e-13 2.20365e-13 1.51645e-13 1.04125e-13 7.13427e-14 4.87784e-14 3.32819e-14 2.26627e-14 1.54012e-14 1.04461e-14 7.07182e-15 4.77855e-15 3.22305e-15 2.17e-15 1.45844e-15 9.78517e-16 6.55409e-16 4.38262e-16 2.92581e-16 1.95013e-16 1.29776e-16 8.62296e-17 5.7208e-17 3.78973e-17 2.50681e-17 1.6558e-17 1.09214e-17 7.19354e-18 4.73162e-18 3.10806e-18 2.03889e-18 1.33576e-18 8.73983e-19
5.16057e-10 2.39183e-09 6.63588e-09 1.41495e-08 2.54821e-08 4.06759e-08 5.92296e-08 8.01699e-08 1.02201e-07 1.23892e-07 1.43857e-07 1.6091e-07 1.74168e-07 1.83098e-07 1.87521e-07 1.87574e-07 1.8365e-07 1.76323e-07 1.66273e-07 1.54217e-07 1.40855e-07 1.26828e-07 1.12686e-07 9.88821e-08 8.57607e-08 7.35673e-08 6.24568e-08 5.25076e-08 4.37359e-08 3.61106e-08 2.95667e-08 2.40169e-08 1.93616e-08 1.5496e-08 1.23168e-08 9.72524e-09 7.63042e-09 5.95051e-09 4.61341e-09 3.55673e-09 2.72729e-09 2.08042e-09 1.57904e-09 1.1927e-09 8.96681e-10 6.71095e-10 5.00072e-10 3.71061e-10 2.74208e-10 2.01833e-10 1.47991e-10 1.08108e-10 7.86874e-11 5.70725e-11 4.12538e-11 2.97207e-11 2.13427e-11 1.52783e-11 1.09036e-11 7.75833e-12 5.50434e-12 3.89415e-12 2.74738e-12 1.9331e-12 1.35659e-12 9.49569e-13 6.63002e-13 4.61784e-13 3.20865e-13 2.22428e-13 1.53837e-13 1.0616e-13 7.30981e-14 5.02251e-14 3.44368e-14 2.35631e-14 1.60903e-14 1.09658e-14 7.45891e-15 5.06391e-15 3.43153e-15 2.32112e-15 1.56722e-15 1.05633e-15 7.10753e-16 4.77423e-16 3.2016e-16 2.14349e-16 1.43278e-16 9.56206e-17 6.37166e-17 4.23929e-17 2.81633e-17 1.86826e-17 1.23754e-17 8.18592e-18 5.40713e-18 3.56672e-18 2.34954e-18 1.54567e-18 1.0155e-18
