0.00526032 0.00414111 0.00326002 0.0025664 0.00202036 0.00159049 0.00125209 0.000985688 0.000775967 0.000610868 0.000480896 0.000378578 0.000298029 0.000234619 0.0001847 0.000145402 0.000114465 9.01111e-05 7.09385e-05 5.58452e-05 4.39633e-05 3.46094e-05 2.72457e-05 2.14487e-05 1.68852e-05 1.32926e-05 1.04644e-05 8.23791e-06 6.48516e-06 5.10534e-06 4.0191e-06 3.16397e-06 2.49079e-06 1.96083e-06 1.54363e-06 1.2152e-06 9.56647e-07 7.53105e-07 5.9287e-07 4.66727e-07 3.67424e-07 2.89248e-07 2.27706e-07 1.79258e-07 1.41118e-07 1.11093e-07 8.74562e-08 6.88485e-08 5.41999e-08 4.2668e-08 3.35897e-08 2.64429e-08 2.08168e-08 1.63877e-08 1.29009e-08 1.01561e-08 7.9952e-09 6.29409e-09 4.95492e-09 3.90068e-09 3.07075e-09 2.4174e-09 1.90306e-09 1.49815e-09 1.1794e-09 9.28461e-10 7.30916e-10 5.75402e-10 4.52976e-10 3.56598e-10 2.80726e-10 2.20997e-10 1.73977e-10 1.3696e-10 1.0782e-10 8.48794e-11 6.682e-11 5.2603e-11 4.14108e-11 3.26e-11 2.56639e-11 2.02035e-11 1.59049e-11 1.25208e-11 9.85683e-12 7.75963e-12 6.10865e-12 4.80894e-12 3.78576e-12 2.98028e-12 2.34618e-12 1.84699e-12 1.45401e-12 1.14465e-12 9.01106e-13 7.09381e-13 5.58449e-13 4.3963e-13 3.46092e-13 2.72455e-13 2.14486e-13
0.00414111 0.00347048 0.00289776 0.00241165 0.00200121 0.00165625 0.00136749 0.00112663 0.000926359 0.000760307 0.00062298 0.000509671 0.000416377 0.00033971 0.000276818 0.00022531 0.000183189 0.000148793 0.00012074 9.78887e-05 7.92956e-05 6.41832e-05 5.19118e-05 4.19568e-05 3.3888e-05 2.73533e-05 2.20653e-05 1.77892e-05 1.43339e-05 1.15436e-05 9.29176e-06 7.47559e-06 6.01163e-06 4.83221e-06 3.88253e-06 3.11822e-06 2.50339e-06 2.00903e-06 1.61171e-06 1.29251e-06 1.03618e-06 8.30417e-07 6.65305e-07 5.32861e-07 4.26658e-07 3.41526e-07 2.73306e-07 2.18655e-07 1.74887e-07 1.39845e-07 1.11798e-07 8.93552e-08 7.14014e-08 5.70425e-08 4.55614e-08 3.63837e-08 2.90488e-08 2.31881e-08 1.85063e-08 1.4767e-08 1.17812e-08 9.39738e-09 7.49466e-09 5.97619e-09 4.7646e-09 3.79804e-09 3.02709e-09 2.41227e-09 1.92205e-09 1.53122e-09 1.2197e-09 9.71419e-10 7.73576e-10 6.15946e-10 4.90374e-10 3.90352e-10 3.10695e-10 2.47263e-10 1.96758e-10 1.56552e-10 1.24547e-10 9.90745e-11 7.88031e-11 6.26729e-11 4.98391e-11 3.96294e-11 3.15081e-11 2.50486e-11 1.99115e-11 1.58265e-11 1.25784e-11 9.99602e-12 7.9431e-12 6.31125e-12 5.01423e-12 3.98343e-12 3.16427e-12 2.51336e-12 1.99619e-12 1.58532e-12 1.25892e-12
0.00326002 0.00289776 0.0025505 0.00222645 0.00193006 0.00166311 0.00142562 0.00121644 0.00103375 0.000875303 0.000738728 0.000621623 0.000521678 0.000436729 0.000364789 0.000304067 0.000252966 0.000210078 0.000174172 0.000144179 0.000119178 9.83781e-05 8.11045e-05 6.67833e-05 5.49283e-05 4.51291e-05 3.70402e-05 3.03717e-05 2.48808e-05 2.03648e-05 1.66545e-05 1.36093e-05 1.11125e-05 9.06709e-06 7.39301e-06 6.02399e-06 4.90532e-06 3.99192e-06 3.24668e-06 2.63905e-06 2.14396e-06 1.74083e-06 1.41278e-06 1.14597e-06 9.29116e-07 7.52946e-07 6.09908e-07 4.9383e-07 3.99676e-07 3.23343e-07 2.61486e-07 2.11381e-07 1.70814e-07 1.37983e-07 1.11423e-07 8.99455e-08 7.25837e-08 5.85544e-08 4.7222e-08 3.80713e-08 3.06847e-08 2.47241e-08 1.99158e-08 1.60382e-08 1.29121e-08 1.03926e-08 8.3626e-09 6.72746e-09 5.41072e-09 4.35067e-09 3.49749e-09 2.81098e-09 2.25873e-09 1.81458e-09 1.45745e-09 1.17037e-09 9.39648e-10 7.54258e-10 6.05327e-10 4.85711e-10 3.89658e-10 3.12544e-10 2.50645e-10 2.0097e-10 1.61112e-10 1.29138e-10 1.03492e-10 8.2925e-11 6.64351e-11 5.32158e-11 4.26204e-11 3.41294e-11 2.73259e-11 2.18755e-11 1.75097e-11 1.40132e-11 1.12134e-11 8.97175e-12 7.17727e-12 5.74096e-12 4.59149e-12
0.0025664 0.00241165 0.00222645 0.00202689 0.0018243 0.0016265 0.00143858 0.00126365 0.00110338 0.000958398 0.000828597 0.000713401 0.000611924 0.000523103 0.000445795 0.000378838 0.000321101 0.000271511 0.000229068 0.000192861 0.000162063 0.000135937 0.00011383 9.51664e-05 7.94435e-05 6.62243e-05 5.51307e-05 4.58371e-05 3.80643e-05 3.15732e-05 2.61604e-05 2.1653e-05 1.79044e-05 1.47907e-05 1.22073e-05 1.00663e-05 8.29393e-06 6.82809e-06 5.61697e-06 4.61723e-06 3.79271e-06 3.11327e-06 2.55385e-06 2.0936e-06 1.71523e-06 1.4044e-06 1.14923e-06 9.39889e-07 7.68264e-07 6.27647e-07 5.12504e-07 4.18277e-07 3.41209e-07 2.7821e-07 2.2674e-07 1.8471e-07 1.50407e-07 1.22422e-07 9.96043e-08 8.10069e-08 6.58564e-08 5.35193e-08 4.34773e-08 3.53069e-08 2.86618e-08 2.32595e-08 1.88691e-08 1.53024e-08 1.2406e-08 1.00547e-08 8.14652e-09 6.59852e-09 5.34312e-09 4.32534e-09 3.50045e-09 2.8321e-09 2.29075e-09 1.85239e-09 1.49754e-09 1.21036e-09 9.78005e-10 7.90068e-10 6.38094e-10 5.15234e-10 4.15935e-10 3.35698e-10 2.7088e-10 2.18531e-10 1.76261e-10 1.42137e-10 1.14597e-10 9.23741e-11 7.44462e-11 5.99861e-11 4.83255e-11 3.89243e-11 3.13462e-11 2.5239e-11 2.0318e-11 1.63536e-11 1.31605e-11
0.00202036 0.00200121 0.00193006 0.0018243 0.00169727 0.00155898 0.00141685 0.0012762 0.00114071 0.00101283 0.000894023 0.000785058 0.000686173 0.000597233 0.000517849 0.000447463 0.000385417 0.000331004 0.000283506 0.000242214 0.000206454 0.00017559 0.000149034 0.000126253 0.00010676 9.01237e-05 7.59571e-05 6.39197e-05 5.37122e-05 4.50726e-05 3.77732e-05 3.16164e-05 2.64316e-05 2.20719e-05 1.84112e-05 1.53415e-05 1.27709e-05 1.06208e-05 8.82446e-06 7.32544e-06 6.07585e-06 5.03525e-06 4.16954e-06 3.45002e-06 2.85254e-06 2.35684e-06 1.94593e-06 1.60557e-06 1.32388e-06 1.09093e-06 8.98411e-07 7.39428e-07 6.08227e-07 5.00025e-07 4.10848e-07 3.37396e-07 2.76933e-07 2.27191e-07 1.86293e-07 1.52684e-07 1.25081e-07 1.02421e-07 8.38295e-08 6.85832e-08 5.60862e-08 4.58475e-08 3.74629e-08 3.05997e-08 2.49843e-08 2.03918e-08 1.66373e-08 1.35693e-08 1.10632e-08 9.01678e-09 7.34647e-09 5.98361e-09 4.87201e-09 3.96566e-09 3.22693e-09 2.62502e-09 2.13475e-09 1.73554e-09 1.41058e-09 1.14614e-09 9.31025e-10 7.56078e-10 6.13843e-10 4.98236e-10 4.04298e-10 3.27989e-10 2.66018e-10 2.15703e-10 1.74864e-10 1.41723e-10 1.14837e-10 9.30305e-11 7.53481e-11 6.10133e-11 4.9395e-11 3.99806e-11 3.23539e-11
0.00159049 0.00165625 0.00166311 0.0016265 0.00155898 0.00147061 0.00136932 0.00126126 0.00115106 0.00104219 0.000937084 0.000837438 0.000744318 0.000658321 0.000579688 0.000508397 0.000444233 0.000386856 0.000335839 0.000290707 0.000250964 0.00021611 0.00018566 0.000159149 0.00013614 0.000116231 9.90495e-05 8.42605e-05 7.15607e-05 6.06792e-05 5.13752e-05 4.34357e-05 3.66729e-05 3.09228e-05 2.60417e-05 2.19048e-05 1.8404e-05 1.54456e-05 1.29491e-05 1.0845e-05 9.07389e-06 7.58485e-06 6.33438e-06 5.28541e-06 4.4064e-06 3.67055e-06 3.05516e-06 2.54098e-06 2.11175e-06 1.75377e-06 1.45544e-06 1.20704e-06 1.00037e-06 8.28559e-07 6.85825e-07 5.67334e-07 4.69038e-07 3.87549e-07 3.20039e-07 2.64144e-07 2.17896e-07 1.79651e-07 1.48045e-07 1.21939e-07 1.00388e-07 8.26065e-08 6.79436e-08 5.58584e-08 4.59026e-08 3.77051e-08 3.09585e-08 2.54086e-08 2.08453e-08 1.70949e-08 1.40138e-08 1.14836e-08 9.40686e-09 7.70287e-09 6.3053e-09 5.15951e-09 4.22049e-09 3.45121e-09 2.82123e-09 2.3055e-09 1.88345e-09 1.53818e-09 1.25583e-09 1.025e-09 8.36348e-10 6.82223e-10 5.56343e-10 4.53563e-10 3.69669e-10 3.01212e-10 2.45367e-10 1.99824e-10 1.62692e-10 1.32427e-10 1.07766e-10 8.76751e-11 7.1313e-11
0.00125209 0.00136749 0.00142562 0.00143858 0.00141685 0.00136932 0.0013034 0.00122515 0.00113945 0.00105015 0.000960237 0.000871937 0.000786884 0.000706212 0.000630657 0.00056064 0.000496339 0.000437747 0.000384721 0.000337025 0.000294353 0.000256363 0.000222691 0.000192965 0.00016682 0.000143902 0.000123878 0.000106432 9.12735e-05 7.81366e-05 6.67786e-05 5.69808e-05 4.85465e-05 4.13006e-05 3.50873e-05 2.9769e-05 2.52246e-05 2.13476e-05 1.80453e-05 1.52365e-05 1.28508e-05 1.08272e-05 9.11306e-06 7.66275e-06 6.43714e-06 5.40261e-06 4.53031e-06 3.7956e-06 3.17739e-06 2.65773e-06 2.22132e-06 1.85517e-06 1.54822e-06 1.29114e-06 1.07599e-06 8.9609e-07 7.45776e-07 6.20277e-07 5.15576e-07 4.28286e-07 3.55565e-07 2.9502e-07 2.44647e-07 2.02763e-07 1.67959e-07 1.39056e-07 1.15068e-07 9.51701e-08 7.86745e-08 6.50069e-08 5.36886e-08 4.43205e-08 3.65706e-08 3.01627e-08 2.48668e-08 2.04922e-08 1.68801e-08 1.38991e-08 1.14401e-08 9.41238e-09 7.74114e-09 6.36427e-09 5.23037e-09 4.29694e-09 3.52885e-09 2.89705e-09 2.37756e-09 1.95057e-09 1.59974e-09 1.31158e-09 1.07499e-09 8.80801e-10 7.2147e-10 5.90782e-10 4.83624e-10 3.95787e-10 3.2381e-10 2.64848e-10 2.16563e-10 1.77032e-10 1.44678e-10
0.000985688 0.00112663 0.00121644 0.00126365 0.0012762 0.00126126 0.00122515 0.00117334 0.00111045 0.00104033 0.000966112 0.000890298 0.000814848 0.000741252 0.000670602 0.000603666 0.000540942 0.000482715 0.000429102 0.000380087 0.000335559 0.000295337 0.000259188 0.00022685 0.000198043 0.000172481 0.000149879 0.000129961 0.000112462 9.71319e-05 8.37379e-05 7.20651e-05 6.19162e-05 5.3112e-05 4.54903e-05 3.89056e-05 3.32275e-05 2.834e-05 2.41403e-05 2.05373e-05 1.74513e-05 1.48118e-05 1.25576e-05 1.06351e-05 8.99751e-06 7.60447e-06 6.42087e-06 5.4164e-06 4.56491e-06 3.84389e-06 3.23398e-06 2.71858e-06 2.28348e-06 1.91651e-06 1.60729e-06 1.34697e-06 1.12799e-06 9.43947e-07 7.89393e-07 6.59705e-07 5.50965e-07 4.59857e-07 3.83578e-07 3.19759e-07 2.66401e-07 2.21819e-07 1.84594e-07 1.53532e-07 1.27628e-07 1.06039e-07 8.80564e-08 7.30868e-08 6.06322e-08 5.02758e-08 4.16687e-08 3.45191e-08 2.85833e-08 2.36578e-08 1.95725e-08 1.61857e-08 1.33794e-08 1.10552e-08 9.13097e-09 7.53872e-09 6.22171e-09 5.13282e-09 4.23293e-09 3.48952e-09 2.87564e-09 2.36891e-09 1.95079e-09 1.60592e-09 1.32158e-09 1.08722e-09 8.94128e-10 7.35094e-10 6.04157e-10 4.96388e-10 4.07719e-10 3.34788e-10 2.74821e-10
0.000775967 0.000926359 0.00103375 0.00110338 0.00114071 0.00115106 0.00113945 0.00111045 0.00106816 0.00101611 0.000957364 0.000894459 0.000829494 0.000764154 0.000699764 0.000637337 0.000577619 0.000521132 0.000468213 0.000419048 0.000373705 0.000332159 0.000294313 0.000260019 0.00022909 0.00020132 0.000176484 0.000154355 0.000134705 0.000117312 0.000101964 8.8456e-05 7.65999e-05 6.6219e-05 5.71509e-05 4.92469e-05 4.2372e-05 3.6404e-05 3.1233e-05 2.67606e-05 2.2899e-05 1.95702e-05 1.67053e-05 1.42433e-05 1.21305e-05 1.03199e-05 8.77038e-06 7.44596e-06 6.31532e-06 5.35127e-06 4.53019e-06 3.83165e-06 3.238e-06 2.73401e-06 2.30656e-06 1.94439e-06 1.63781e-06 1.37852e-06 1.15942e-06 9.74443e-07 8.18403e-07 6.8688e-07 5.76109e-07 4.82886e-07 4.04491e-07 3.38612e-07 2.83291e-07 2.36867e-07 1.97936e-07 1.6531e-07 1.37985e-07 1.15114e-07 9.59831e-08 7.99897e-08 6.66273e-08 5.54694e-08 4.61575e-08 3.83904e-08 3.19152e-08 2.652e-08 2.20269e-08 1.82869e-08 1.51753e-08 1.25877e-08 1.0437e-08 8.65021e-09 7.1664e-09 5.93476e-09 4.91287e-09 4.06537e-09 3.36281e-09 2.78062e-09 2.29839e-09 1.89911e-09 1.56864e-09 1.29523e-09 1.06911e-09 8.82164e-10 7.27669e-10 6.00036e-10 4.94631e-10
0.000610868 0.000760307 0.000875303 0.000958398 0.00101283 0.00104219 0.00105015 0.00104033 0.00101611 0.000980595 0.000936558 0.000886429 0.000832289 0.000775893 0.000718686 0.000661835 0.000606258 0.000552657 0.000501548 0.000453289 0.000408104 0.000366113 0.000327348 0.000291773 0.000259301 0.000229806 0.000203134 0.000179115 0.000157566 0.000138301 0.000121135 0.000105886 9.23789e-05 8.04465e-05 6.99323e-05 6.069e-05 5.25841e-05 4.54902e-05 3.92946e-05 3.38943e-05 2.91957e-05 2.5115e-05 2.1577e-05 1.85144e-05 1.58674e-05 1.35832e-05 1.16147e-05 9.9208e-06 8.46499e-06 7.21546e-06 6.14429e-06 5.22712e-06 4.44271e-06 3.7726e-06 3.20074e-06 2.71324e-06 2.29808e-06 1.94486e-06 1.64463e-06 1.38967e-06 1.17336e-06 9.89993e-07 8.34684e-07 7.0325e-07 5.92108e-07 4.982e-07 4.18913e-07 3.52021e-07 2.95626e-07 2.48116e-07 2.08117e-07 1.74464e-07 1.4617e-07 1.22397e-07 1.02434e-07 8.56812e-08 7.16307e-08 5.98535e-08 4.99875e-08 4.17271e-08 3.48149e-08 2.90339e-08 2.42016e-08 2.01643e-08 1.67929e-08 1.39791e-08 1.16316e-08 9.6743e-09 8.04297e-09 6.68397e-09 5.55235e-09 4.61049e-09 3.8269e-09 3.17527e-09 2.6336e-09 2.18352e-09 1.8097e-09 1.49933e-09 1.24176e-09 1.02807e-09 8.50866e-10
0.000480896 0.00062298 0.000738728 0.000828597 0.000894023 0.000937084 0.000960237 0.000966112 0.000957364 0.000936558 0.000906102 0.000868192 0.000824789 0.00077761 0.000728128 0.000677583 0.000626999 0.000577201 0.000528837 0.000482401 0.000438251 0.000396633 0.000357697 0.000321512 0.000288087 0.000257379 0.000229306 0.00020376 0.00018061 0.000159713 0.000140916 0.000124065 0.000109007 9.55897e-05 8.36674e-05 7.31013e-05 6.37601e-05 5.5521e-05 4.82702e-05 4.19024e-05 3.63214e-05 3.14393e-05 2.71763e-05 2.34605e-05 2.0227e-05 1.74177e-05 1.49808e-05 1.287e-05 1.10442e-05 9.46725e-06 8.10693e-06 6.935e-06 5.92661e-06 5.05998e-06 4.31604e-06 3.67813e-06 3.13173e-06 2.6642e-06 2.26457e-06 1.9233e-06 1.63217e-06 1.38402e-06 1.17272e-06 9.92934e-07 8.40105e-07 7.10297e-07 6.00132e-07 5.06712e-07 4.27551e-07 3.60525e-07 3.03814e-07 2.55866e-07 2.15355e-07 1.81151e-07 1.5229e-07 1.27955e-07 1.07449e-07 9.01801e-08 7.56459e-08 6.34209e-08 5.31442e-08 4.45102e-08 3.72604e-08 3.11763e-08 2.60732e-08 2.17952e-08 1.82107e-08 1.52088e-08 1.26961e-08 1.05939e-08 8.83602e-09 7.3667e-09 6.13915e-09 5.11406e-09 4.25843e-09 3.54455e-09 2.9492e-09 2.4529e-09 2.03936e-09 1.6949e-09 1.40811e-09
0.000378578 0.000509671 0.000621623 0.000713401 0.000785058 0.000837438 0.000871937 0.000890298 0.000894459 0.000886429 0.000868192 0.000841647 0.00080856 0.000770533 0.000728994 0.000685189 0.000640185 0.000594878 0.000550007 0.000506165 0.000463815 0.000423308 0.000384893 0.000348739 0.000314942 0.000283538 0.000254519 0.000227838 0.000203418 0.000181164 0.000160962 0.000142691 0.000126221 0.000111422 9.81652e-05 8.63224e-05 7.57712e-05 6.63942e-05 5.80806e-05 5.07264e-05 4.4235e-05 3.85168e-05 3.34896e-05 2.90782e-05 2.5214e-05 2.1835e-05 1.88851e-05 1.63139e-05 1.40761e-05 1.21315e-05 1.04439e-05 8.98148e-06 7.71574e-06 6.62166e-06 5.67712e-06 4.86264e-06 4.16112e-06 3.55757e-06 3.03887e-06 2.59356e-06 2.21164e-06 1.88442e-06 1.60432e-06 1.36479e-06 1.16014e-06 9.85437e-07 8.36435e-07 7.09457e-07 6.01336e-07 5.09346e-07 4.31141e-07 3.64706e-07 3.08311e-07 2.60473e-07 2.19923e-07 1.85575e-07 1.56499e-07 1.31903e-07 1.1111e-07 9.35423e-08 7.87097e-08 6.61937e-08 5.56388e-08 4.67429e-08 3.92495e-08 3.29411e-08 2.76331e-08 2.31694e-08 1.94176e-08 1.62658e-08 1.36194e-08 1.13985e-08 9.53552e-09 7.97361e-09 6.66471e-09 5.56835e-09 4.65042e-09 3.88225e-09 3.23967e-09 2.70239e-09 2.25334e-09
0.000298029 0.000416377 0.000521678 0.000611924 0.000686173 0.000744318 0.000786884 0.000814848 0.000829494 0.000832289 0.000824789 0.00080856 0.000785125 0.000755922 0.000722276 0.000685386 0.000646311 0.000605973 0.000565159 0.000524528 0.000484619 0.000445864 0.000408597 0.000373067 0.00033945 0.000307857 0.000278346 0.000250933 0.000225597 0.000202289 0.000180938 0.000161457 0.000143748 0.000127705 0.000113218 0.000100176 8.84679e-05 7.7986e-05 6.86256e-05 6.0287e-05 5.28757e-05 4.6303e-05 4.04862e-05 3.53486e-05 3.08194e-05 2.68341e-05 2.33333e-05 2.02634e-05 1.75756e-05 1.52261e-05 1.31754e-05 1.1388e-05 9.83229e-06 8.48008e-06 7.30626e-06 6.28858e-06 5.40735e-06 4.64518e-06 3.98672e-06 3.4185e-06 2.92868e-06 2.50688e-06 2.14403e-06 1.83219e-06 1.56445e-06 1.3348e-06 1.13798e-06 9.69461e-07 8.25293e-07 7.02062e-07 5.96814e-07 5.06996e-07 4.30407e-07 3.65148e-07 3.09584e-07 2.6231e-07 2.22118e-07 1.8797e-07 1.58978e-07 1.34379e-07 1.13522e-07 9.58478e-08 8.08811e-08 6.82145e-08 5.75012e-08 4.84452e-08 4.07945e-08 3.43349e-08 2.88838e-08 2.42864e-08 2.0411e-08 1.71459e-08 1.43965e-08 1.20825e-08 1.01359e-08 8.49922e-09 7.12372e-09 5.96829e-09 4.99817e-09 4.18401e-09 3.50105e-09
0.000234619 0.00033971 0.000436729 0.000523103 0.000597233 0.000658321 0.000706212 0.000741252 0.000764154 0.000775893 0.00077761 0.000770533 0.000755922 0.000735015 0.000709 0.000678984 0.00064598 0.000610895 0.00057453 0.000537577 0.000500624 0.00046416 0.000428584 0.000394212 0.000361286 0.000329983 0.000300424 0.000272682 0.000246789 0.000222745 0.00020052 0.000180066 0.000161316 0.000144192 0.000128608 0.000114471 0.000101685 9.01561e-05 7.97877e-05 7.04874e-05 6.21655e-05 5.47366e-05 4.81194e-05 4.22378e-05 3.70206e-05 3.24017e-05 2.832e-05 2.47195e-05 2.15489e-05 1.87615e-05 1.63148e-05 1.41704e-05 1.22938e-05 1.06538e-05 9.22266e-06 7.97534e-06 6.88964e-06 5.9458e-06 5.12628e-06 4.41553e-06 3.79981e-06 3.267e-06 2.80644e-06 2.40873e-06 2.06565e-06 1.76999e-06 1.51544e-06 1.29648e-06 1.1083e-06 9.46736e-07 8.0813e-07 6.89322e-07 5.87569e-07 5.00492e-07 4.26033e-07 3.62412e-07 3.08094e-07 2.6175e-07 2.2224e-07 1.88579e-07 1.5992e-07 1.35538e-07 1.14806e-07 9.71912e-08 8.22332e-08 6.95394e-08 5.87736e-08 4.96484e-08 4.19183e-08 3.53738e-08 2.98362e-08 2.51531e-08 2.11948e-08 1.7851e-08 1.50277e-08 1.26451e-08 1.06354e-08 8.9412e-09 7.51356e-09 6.31114e-09 5.29891e-09
0.0001847 0.000276818 0.000364789 0.000445795 0.000517849 0.000579688 0.000630657 0.000670602 0.000699764 0.000718686 0.000728128 0.000728994 0.000722276 0.000709 0.000690189 0.000666832 0.000639864 0.000610147 0.000578465 0.000545515 0.000511908 0.000478168 0.000444739 0.000411989 0.000380212 0.000349642 0.000320454 0.000292772 0.00026668 0.000242221 0.000219409 0.000198233 0.00017866 0.000160641 0.000144114 0.000129009 0.000115249 0.000102752 9.14352e-05 8.12157e-05 7.20111e-05 6.3741e-05 5.6328e-05 4.96981e-05 4.37815e-05 3.85121e-05 3.38283e-05 2.96729e-05 2.5993e-05 2.27397e-05 1.98685e-05 1.73384e-05 1.51125e-05 1.31571e-05 1.14418e-05 9.93916e-06 8.62467e-06 7.47626e-06 6.47419e-06 5.60091e-06 4.84076e-06 4.17985e-06 3.60587e-06 3.10793e-06 2.67641e-06 2.30284e-06 1.97976e-06 1.70062e-06 1.45968e-06 1.2519e-06 1.07287e-06 9.18765e-07 7.86217e-07 6.72311e-07 5.74504e-07 4.90589e-07 4.1865e-07 3.57023e-07 3.04272e-07 2.5915e-07 2.20582e-07 1.87639e-07 1.5952e-07 1.35536e-07 1.1509e-07 9.7674e-08 8.28469e-08 7.02321e-08 5.9506e-08 5.03914e-08 4.26507e-08 3.60806e-08 3.05072e-08 2.57819e-08 2.1778e-08 1.83871e-08 1.55168e-08 1.30885e-08 1.10352e-08 9.29978e-09 7.83383e-09
0.000145402 0.00022531 0.000304067 0.000378838 0.000447463 0.000508397 0.00056064 0.000603666 0.000637337 0.000661835 0.000677583 0.000685189 0.000685386 0.000678984 0.000666832 0.000649784 0.000628673 0.000604294 0.000577389 0.000548635 0.000518645 0.000487958 0.000457043 0.000426303 0.000396075 0.000366634 0.000338202 0.000310948 0.000285 0.000260444 0.000237335 0.000215696 0.000195529 0.000176815 0.000159518 0.000143591 0.000128977 0.000115612 0.000103427 9.23492e-05 8.23069e-05 7.3227e-05 6.50376e-05 5.7669e-05 5.10538e-05 4.5128e-05 3.98305e-05 3.51043e-05 3.08956e-05 2.71547e-05 2.38353e-05 2.08951e-05 1.82948e-05 1.59989e-05 1.39747e-05 1.21927e-05 1.06261e-05 9.25082e-06 8.04507e-06 6.9893e-06 6.06602e-06 5.25957e-06 4.556e-06 3.94288e-06 3.40918e-06 2.9451e-06 2.542e-06 2.19221e-06 1.889e-06 1.6264e-06 1.3992e-06 1.2028e-06 1.03319e-06 8.86837e-07 7.6066e-07 6.5197e-07 5.58419e-07 4.77965e-07 4.08826e-07 3.49459e-07 2.98519e-07 2.54842e-07 2.17421e-07 1.85381e-07 1.57967e-07 1.34528e-07 1.14501e-07 9.73993e-08 8.28057e-08 7.036e-08 5.97525e-08 5.07172e-08 4.30257e-08 3.64818e-08 3.09176e-08 2.6189e-08 2.21727e-08 1.87633e-08 1.58706e-08 1.34176e-08 1.13385e-08
0.000114465 0.000183189 0.000252966 0.000321101 0.000385417 0.000444233 0.000496339 0.000540942 0.000577619 0.000606258 0.000626999 0.000640185 0.000646311 0.00064598 0.000639864 0.000628673 0.000613128 0.000593936 0.00057178 0.000547301 0.000521089 0.000493683 0.000465561 0.000437145 0.000408799 0.000380831 0.000353499 0.00032701 0.00030153 0.000277182 0.000254058 0.000232217 0.000211691 0.000192491 0.000174609 0.000158021 0.000142691 0.000128573 0.000115615 0.000103757 9.29383e-05 8.30953e-05 7.41635e-05 6.60789e-05 5.87785e-05 5.22014e-05 4.62887e-05 4.09844e-05 3.62354e-05 3.19918e-05 2.82067e-05 2.48366e-05 2.1841e-05 1.91828e-05 1.68277e-05 1.47443e-05 1.2904e-05 1.12808e-05 9.85101e-06 8.59331e-06 7.48843e-06 6.51902e-06 5.66951e-06 4.92595e-06 4.2759e-06 3.70822e-06 3.21303e-06 2.78152e-06 2.4059e-06 2.07926e-06 1.79549e-06 1.5492e-06 1.33565e-06 1.15065e-06 9.90522e-07 8.52049e-07 7.32403e-07 6.29111e-07 5.4001e-07 4.63212e-07 3.97069e-07 3.40147e-07 2.91197e-07 2.49133e-07 2.13013e-07 1.82018e-07 1.5544e-07 1.32664e-07 1.1316e-07 9.64685e-08 8.21928e-08 6.99911e-08 5.95684e-08 5.06708e-08 4.30796e-08 3.66068e-08 3.10907e-08 2.63926e-08 2.23934e-08 1.8991e-08 1.60979e-08
9.01111e-05 0.000148793 0.000210078 0.000271511 0.000331004 0.000386856 0.000437747 0.000482715 0.000521132 0.000552657 0.000577201 0.000594878 0.000605973 0.000610895 0.000610147 0.000604294 0.000593936 0.000579686 0.000562152 0.000541922 0.000519553 0.000495563 0.000470428 0.000444573 0.000418378 0.000392173 0.000366239 0.000340816 0.0003161 0.000292246 0.000269379 0.000247589 0.000226938 0.000207466 0.00018919 0.00017211 0.000156213 0.000141471 0.000127849 0.000115303 0.000103784 9.32387e-05 8.3612e-05 7.48471e-05 6.68868e-05 5.96747e-05 5.31554e-05 4.72752e-05 4.19826e-05 3.72284e-05 3.29662e-05 2.91521e-05 2.5745e-05 2.27069e-05 2.00021e-05 1.75981e-05 1.54646e-05 1.35741e-05 1.19012e-05 1.04231e-05 9.11876e-06 7.96934e-06 6.9577e-06 6.06845e-06 5.2877e-06 4.60304e-06 4.00331e-06 3.47857e-06 3.01993e-06 2.61948e-06 2.27021e-06 1.96588e-06 1.70096e-06 1.47057e-06 1.27039e-06 1.09662e-06 9.45914e-07 8.15319e-07 7.02247e-07 6.0443e-07 5.19877e-07 4.46848e-07 3.83821e-07 3.29468e-07 2.8263e-07 2.42297e-07 2.07591e-07 1.77748e-07 1.52103e-07 1.30082e-07 1.11184e-07 9.49781e-08 8.10884e-08 6.91919e-08 5.90086e-08 5.02972e-08 4.28494e-08 3.64855e-08 3.10509e-08 2.64126e-08 2.24561e-08
7.09385e-05 0.00012074 0.000174172 0.000229068 0.000283506 0.000335839 0.000384721 0.000429102 0.000468213 0.000501548 0.000528837 0.000550007 0.000565159 0.00057453 0.000578465 0.000577389 0.00057178 0.000562152 0.00054903 0.000532939 0.000514389 0.00049387 0.000471836 0.000448708 0.000424868 0.000400657 0.000376373 0.000352276 0.000328587 0.00030549 0.000283133 0.000261635 0.000241087 0.000221554 0.000203078 0.000185682 0.000169374 0.000154147 0.000139982 0.000126851 0.000114719 0.000103545 9.32835e-05 8.38858e-05 7.53024e-05 6.74823e-05 6.0375e-05 5.39302e-05 4.8099e-05 4.28342e-05 3.80903e-05 3.3824e-05 2.99945e-05 2.65632e-05 2.3494e-05 2.07533e-05 1.83098e-05 1.61348e-05 1.42017e-05 1.2486e-05 1.09654e-05 9.61968e-06 8.43023e-06 7.38027e-06 6.45461e-06 5.63953e-06 4.92266e-06 4.2929e-06 3.74028e-06 3.25589e-06 2.83174e-06 2.46074e-06 2.13656e-06 1.85356e-06 1.60675e-06 1.3917e-06 1.20451e-06 1.0417e-06 9.00235e-07 7.77411e-07 6.70864e-07 5.78513e-07 4.98532e-07 4.29318e-07 3.69468e-07 3.17753e-07 2.73103e-07 2.34578e-07 2.01363e-07 1.72747e-07 1.48108e-07 1.26909e-07 1.08681e-07 9.30183e-08 7.95683e-08 6.80256e-08 5.81258e-08 4.96402e-08 4.23711e-08 3.61478e-08 3.08228e-08
5.58452e-05 9.78887e-05 0.000144179 0.000192861 0.000242214 0.000290707 0.000337025 0.000380087 0.000419048 0.000453289 0.000482401 0.000506165 0.000524528 0.000537577 0.000545515 0.000548635 0.000547301 0.000541922 0.000532939 0.000520807 0.000505982 0.000488911 0.000470022 0.000449719 0.000428376 0.000406335 0.000383902 0.000361351 0.000338918 0.000316808 0.000295193 0.000274214 0.000253985 0.000234595 0.00021611 0.000198575 0.000182017 0.000166448 0.000151869 0.000138267 0.00012562 0.000113901 0.000103074 9.31022e-05 8.39428e-05 7.55521e-05 6.7885e-05 6.0896e-05 5.45397e-05 4.87717e-05 4.35485e-05 3.88283e-05 3.45709e-05 3.07382e-05 2.7294e-05 2.42043e-05 2.14373e-05 1.89633e-05 1.67548e-05 1.47862e-05 1.30341e-05 1.14768e-05 1.00947e-05 8.86967e-06 7.78524e-06 6.82652e-06 5.97996e-06 5.23333e-06 4.57562e-06 3.99688e-06 3.4882e-06 3.04157e-06 2.64983e-06 2.3066e-06 2.00616e-06 1.74344e-06 1.51391e-06 1.31358e-06 1.13889e-06 9.86682e-07 8.54189e-07 7.38953e-07 6.3881e-07 5.51854e-07 4.76408e-07 4.11e-07 3.54338e-07 3.05289e-07 2.62863e-07 2.2619e-07 1.94514e-07 1.67173e-07 1.43589e-07 1.2326e-07 1.05748e-07 9.06723e-08 7.77026e-08 6.65514e-08 5.69697e-08 4.87415e-08 4.16798e-08
4.39633e-05 7.92956e-05 0.000119178 0.000162063 0.000206454 0.000250964 0.000294353 0.000335559 0.000373705 0.000408104 0.000438251 0.000463815 0.000484619 0.000500624 0.000511908 0.000518645 0.000521089 0.000519553 0.000514389 0.000505982 0.000494726 0.000481021 0.000465258 0.000447816 0.000429053 0.000409304 0.000388875 0.000368044 0.00034706 0.000326139 0.000305471 0.000285216 0.000265508 0.000246456 0.000228146 0.000210644 0.000193996 0.000178234 0.000163374 0.000149419 0.000136363 0.00012419 0.000112879 0.0001024 9.27217e-05 8.38068e-05 7.56173e-05 6.8113e-05 6.12533e-05 5.49972e-05 4.93042e-05 4.41346e-05 3.94498e-05 3.52126e-05 3.13875e-05 2.79407e-05 2.48401e-05 2.20557e-05 1.95594e-05 1.73248e-05 1.53276e-05 1.35451e-05 1.19566e-05 1.0543e-05 9.2866e-06 8.17146e-06 7.18295e-06 6.30778e-06 5.53387e-06 4.85031e-06 4.24725e-06 3.7158e-06 3.24796e-06 2.83655e-06 2.47515e-06 2.15799e-06 1.87992e-06 1.63638e-06 1.42326e-06 1.23694e-06 1.0742e-06 9.32182e-07 8.08346e-07 7.00459e-07 6.06544e-07 5.24858e-07 4.53865e-07 3.92212e-07 3.38713e-07 2.92322e-07 2.52125e-07 2.1732e-07 1.87205e-07 1.61166e-07 1.38666e-07 1.19238e-07 1.02473e-07 8.80155e-08 7.55555e-08 6.48239e-08 5.55865e-08
3.46094e-05 6.41832e-05 9.83781e-05 0.000135937 0.00017559 0.00021611 0.000256363 0.000295337 0.000332159 0.000366113 0.000396633 0.000423308 0.000445864 0.00046416 0.000478168 0.000487958 0.000493683 0.000495563 0.00049387 0.000488911 0.000481021 0.000470545 0.000457834 0.000443235 0.000427084 0.000409698 0.000391379 0.000372402 0.000353019 0.000333456 0.000313913 0.000294565 0.00027556 0.000257026 0.000239067 0.000221765 0.000205185 0.000189376 0.000174369 0.000160184 0.00014683 0.000134303 0.000122593 0.000111683 0.00010155 9.2166e-05 8.34995e-05 7.55171e-05 6.81832e-05 6.14615e-05 5.53151e-05 4.97071e-05 4.46013e-05 3.99621e-05 3.57551e-05 3.19472e-05 2.85069e-05 2.54041e-05 2.26105e-05 2.00993e-05 1.78455e-05 1.5826e-05 1.40189e-05 1.24044e-05 1.09638e-05 9.68022e-06 8.53804e-06 7.52297e-06 6.62199e-06 5.82324e-06 5.11597e-06 4.49042e-06 3.93776e-06 3.45004e-06 3.02008e-06 2.64143e-06 2.30832e-06 2.01556e-06 1.7585e-06 1.53301e-06 1.3354e-06 1.16237e-06 1.011e-06 8.78698e-07 7.63158e-07 6.62339e-07 5.74438e-07 4.97862e-07 4.31203e-07 3.73222e-07 3.22827e-07 2.79058e-07 2.41072e-07 2.08127e-07 1.79575e-07 1.54847e-07 1.33446e-07 1.14935e-07 9.89357e-08 8.51154e-08 7.31851e-08
2.72457e-05 5.19118e-05 8.11045e-05 0.00011383 0.000149034 0.00018566 0.000222691 0.000259188 0.000294313 0.000327348 0.000357697 0.000384893 0.000408597 0.000428584 0.000444739 0.000457043 0.000465561 0.000470428 0.000471836 0.000470022 0.000465258 0.000457834 0.000448057 0.000436236 0.000422679 0.000407683 0.000391535 0.000374504 0.000356839 0.000338768 0.000320499 0.000302215 0.000284077 0.000266225 0.000248777 0.000231833 0.000215472 0.000199758 0.000184739 0.000170449 0.000156909 0.00014413 0.000132115 0.000120856 0.000110339 0.000100548 9.14569e-05 8.30405e-05 7.52691e-05 6.81113e-05 6.15344e-05 5.55054e-05 4.99908e-05 4.49573e-05 4.03724e-05 3.62042e-05 3.24221e-05 2.89965e-05 2.58993e-05 2.31037e-05 2.05845e-05 1.8318e-05 1.6282e-05 1.44557e-05 1.28199e-05 1.13569e-05 1.005e-05 8.88432e-06 7.84582e-06 6.9218e-06 6.10064e-06 5.37177e-06 4.72556e-06 4.15327e-06 3.64702e-06 3.19966e-06 2.80476e-06 2.45651e-06 2.14973e-06 1.87972e-06 1.64232e-06 1.43378e-06 1.25076e-06 1.09027e-06 9.49678e-07 8.26611e-07 7.18977e-07 6.24919e-07 5.42791e-07 4.71136e-07 4.08667e-07 3.54249e-07 3.06879e-07 2.65674e-07 2.29858e-07 1.98748e-07 1.71745e-07 1.48322e-07 1.28019e-07 1.10431e-07 9.52046e-08
2.14487e-05 4.19568e-05 6.67833e-05 9.51664e-05 0.000126253 0.000159149 0.000192965 0.00022685 0.000260019 0.000291773 0.000321512 0.000348739 0.000373067 0.000394212 0.000411989 0.000426303 0.000437145 0.000444573 0.000448708 0.000449719 0.000447816 0.000443235 0.000436236 0.000427089 0.000416067 0.000403445 0.00038949 0.000374458 0.000358591 0.000342116 0.000325239 0.000308151 0.000291019 0.000273994 0.000257205 0.000240764 0.000224765 0.000209284 0.000194383 0.000180109 0.000166498 0.000153573 0.000141347 0.000129824 0.000119001 0.000108869 9.94133e-05 9.06137e-05 8.24477e-05 7.48895e-05 6.79115e-05 6.14847e-05 5.55792e-05 5.01647e-05 4.52109e-05 4.06877e-05 3.65659e-05 3.2817e-05 2.94133e-05 2.63286e-05 2.35377e-05 2.10168e-05 1.87434e-05 1.66964e-05 1.48558e-05 1.32035e-05 1.17221e-05 1.03957e-05 9.20989e-06 8.15097e-06 7.20659e-06 6.3654e-06 5.61701e-06 4.95196e-06 4.36164e-06 3.83823e-06 3.37465e-06 2.9645e-06 2.60198e-06 2.28189e-06 1.99955e-06 1.75073e-06 1.53167e-06 1.33898e-06 1.16965e-06 1.02097e-06 8.90535e-07 7.76205e-07 6.76075e-07 5.88452e-07 5.11836e-07 4.44895e-07 3.86454e-07 3.35471e-07 2.91027e-07 2.52313e-07 2.18613e-07 1.89298e-07 1.63816e-07 1.4168e-07 1.22464e-07
1.68852e-05 3.3888e-05 5.49283e-05 7.94435e-05 0.00010676 0.00013614 0.00016682 0.000198043 0.00022909 0.000259301 0.000288087 0.000314942 0.00033945 0.000361286 0.000380212 0.000396075 0.000408799 0.000418378 0.000424868 0.000428376 0.000429053 0.000427084 0.000422679 0.000416067 0.000407489 0.000397189 0.000385412 0.000372397 0.000358375 0.000343564 0.000328171 0.000312384 0.000296375 0.000280302 0.000264302 0.000248496 0.000232989 0.00021787 0.000203211 0.000189074 0.000175504 0.000162537 0.000150197 0.000138499 0.00012745 0.000117051 0.000107293 9.81663e-05 8.96541e-05 8.1737e-05 7.43929e-05 6.75973e-05 6.13243e-05 5.55471e-05 5.02382e-05 4.53699e-05 4.09149e-05 3.68459e-05 3.31366e-05 2.97613e-05 2.66954e-05 2.39152e-05 2.13982e-05 1.91233e-05 1.70702e-05 1.52201e-05 1.35553e-05 1.20595e-05 1.07173e-05 9.51449e-06 8.43806e-06 7.47592e-06 6.617e-06 5.85114e-06 5.16905e-06 4.56227e-06 4.02309e-06 3.54448e-06 3.1201e-06 2.74419e-06 2.41155e-06 2.1175e-06 1.8578e-06 1.62867e-06 1.42668e-06 1.2488e-06 1.09227e-06 9.54658e-07 8.3378e-07 7.2769e-07 6.34654e-07 5.53132e-07 4.81756e-07 4.19311e-07 3.6472e-07 3.17033e-07 2.75405e-07 2.39094e-07 2.07443e-07 1.79873e-07 1.55874e-07
1.32926e-05 2.73533e-05 4.51291e-05 6.62243e-05 9.01237e-05 0.000116231 0.000143902 0.000172481 0.00020132 0.000229806 0.000257379 0.000283538 0.000307857 0.000329983 0.000349642 0.000366634 0.000380831 0.000392173 0.000400657 0.000406335 0.000409304 0.000409698 0.000407683 0.000403445 0.000397189 0.000389129 0.000379483 0.000368471 0.000356309 0.000343204 0.000329355 0.000314949 0.000300157 0.00028514 0.000270041 0.000254986 0.000240091 0.000225452 0.000211153 0.000197265 0.000183845 0.000170939 0.000158581 0.000146799 0.000135606 0.000125014 0.000115022 0.000105628 9.68232e-05 8.85937e-05 8.09233e-05 7.37927e-05 6.71807e-05 6.1064e-05 5.54187e-05 5.02197e-05 4.5442e-05 4.10603e-05 3.70497e-05 3.33857e-05 3.00444e-05 2.70027e-05 2.42386e-05 2.17308e-05 1.94591e-05 1.74046e-05 1.55492e-05 1.38761e-05 1.23695e-05 1.10147e-05 9.79806e-06 8.70688e-06 7.72948e-06 6.85506e-06 6.07372e-06 5.37637e-06 4.75469e-06 4.2011e-06 3.70866e-06 3.27109e-06 2.88269e-06 2.53827e-06 2.23316e-06 1.96314e-06 1.7244e-06 1.51351e-06 1.3274e-06 1.16329e-06 1.01872e-06 8.91469e-07 7.79554e-07 6.81209e-07 5.94859e-07 5.19101e-07 4.52688e-07 3.94511e-07 3.43589e-07 2.99048e-07 2.60117e-07 2.26114e-07 1.96437e-07
1.04644e-05 2.20653e-05 3.70402e-05 5.51307e-05 7.59571e-05 9.90495e-05 0.000123878 0.000149879 0.000176484 0.000203134 0.000229306 0.000254519 0.000278346 0.000300424 0.000320454 0.000338202 0.000353499 0.000366239 0.000376373 0.000383902 0.000388875 0.000391379 0.000391535 0.00038949 0.000385412 0.000379483 0.000371895 0.000362845 0.000352529 0.000341142 0.000328873 0.000315902 0.000302398 0.000288521 0.000274414 0.000260212 0.000246033 0.000231981 0.000218149 0.000204617 0.00019145 0.000178705 0.000166425 0.000154646 0.000143393 0.000132684 0.000122529 0.000112932 0.00010389 9.53988e-05 8.74465e-05 8.00195e-05 7.31012e-05 6.66729e-05 6.07141e-05 5.52031e-05 5.01175e-05 4.54342e-05 4.11303e-05 3.71828e-05 3.35689e-05 3.02665e-05 2.7254e-05 2.45107e-05 2.20166e-05 1.97527e-05 1.77009e-05 1.58442e-05 1.41664e-05 1.26525e-05 1.12883e-05 1.00607e-05 8.95737e-06 7.96709e-06 7.07933e-06 6.28444e-06 5.57355e-06 4.9385e-06 4.37184e-06 3.86677e-06 3.41705e-06 3.01706e-06 2.66165e-06 2.34616e-06 2.0664e-06 1.81854e-06 1.59917e-06 1.40517e-06 1.23378e-06 1.08248e-06 9.49049e-07 8.31465e-07 7.27935e-07 6.36852e-07 5.56786e-07 4.86457e-07 4.24731e-07 3.70595e-07 3.23152e-07 2.81604e-07 2.45245e-07
8.23791e-06 1.77892e-05 3.03717e-05 4.58371e-05 6.39197e-05 8.42605e-05 0.000106432 0.000129961 0.000154355 0.000179115 0.00020376 0.000227838 0.000250933 0.000272682 0.000292772 0.000310948 0.00032701 0.000340816 0.000352276 0.000361351 0.000368044 0.000372402 0.000374504 0.000374458 0.000372397 0.000368471 0.000362845 0.000355689 0.000347182 0.000337501 0.000326823 0.000315318 0.00030315 0.000290474 0.000277436 0.000264169 0.000250796 0.000237426 0.000224158 0.000211079 0.000198263 0.000185772 0.000173662 0.000161974 0.000150743 0.000139994 0.000129746 0.000120011 0.000110793 0.000102093 9.39065e-05 8.62253e-05 7.90377e-05 7.23295e-05 6.60842e-05 6.02838e-05 5.49088e-05 4.9939e-05 4.53534e-05 4.11308e-05 3.72502e-05 3.36906e-05 3.04313e-05 2.74523e-05 2.4734e-05 2.22578e-05 2.00057e-05 1.79605e-05 1.61061e-05 1.4427e-05 1.2909e-05 1.15384e-05 1.03025e-05 9.18958e-06 8.1887e-06 7.28966e-06 6.48309e-06 5.76032e-06 5.11339e-06 4.535e-06 4.01846e-06 3.55763e-06 3.14695e-06 2.78134e-06 2.45616e-06 2.16725e-06 1.91079e-06 1.68335e-06 1.48185e-06 1.30347e-06 1.14572e-06 1.00631e-06 8.83235e-07 7.7466e-07 6.78958e-07 5.9467e-07 5.20494e-07 4.55267e-07 3.97953e-07 3.4763e-07 3.03478e-07
6.48516e-06 1.43339e-05 2.48808e-05 3.80643e-05 5.37122e-05 7.15607e-05 9.12735e-05 0.000112462 0.000134705 0.000157566 0.00018061 0.000203418 0.000225597 0.000246789 0.00026668 0.000285 0.00030153 0.0003161 0.000328587 0.000338918 0.00034706 0.000353019 0.000356839 0.000358591 0.000358375 0.000356309 0.000352529 0.000347182 0.000340424 0.000332414 0.000323315 0.000313285 0.00030248 0.000291049 0.000279134 0.000266869 0.000254377 0.000241771 0.000229153 0.000216615 0.000204237 0.00019209 0.000180235 0.000168722 0.000157592 0.00014688 0.000136611 0.000126804 0.000117471 0.000108618 0.000100248 9.2358e-05 8.49413e-05 7.79885e-05 7.14875e-05 6.5424e-05 5.97818e-05 5.45437e-05 4.96914e-05 4.52057e-05 4.10674e-05 3.7257e-05 3.37552e-05 3.05427e-05 2.76009e-05 2.49114e-05 2.24568e-05 2.022e-05 1.81849e-05 1.63361e-05 1.4659e-05 1.31397e-05 1.17654e-05 1.05238e-05 9.40366e-06 8.39433e-06 7.48599e-06 6.66951e-06 5.93649e-06 5.27913e-06 4.69031e-06 4.16345e-06 3.69254e-06 3.27207e-06 2.89704e-06 2.56287e-06 2.2654e-06 2.00086e-06 1.76582e-06 1.55718e-06 1.37215e-06 1.2082e-06 1.06306e-06 9.34682e-07 8.2122e-07 7.21026e-07 6.3262e-07 5.54676e-07 4.86011e-07 4.25566e-07 3.72397e-07
5.10534e-06 1.15436e-05 2.03648e-05 3.15732e-05 4.50726e-05 6.06792e-05 7.81366e-05 9.71319e-05 0.000117312 0.000138301 0.000159713 0.000181164 0.000202289 0.000222745 0.000242221 0.000260444 0.000277182 0.000292246 0.00030549 0.000316808 0.000326139 0.000333456 0.000338768 0.000342116 0.000343564 0.000343204 0.000341142 0.000337501 0.000332414 0.000326022 0.00031847 0.000309904 0.000300469 0.000290307 0.000279555 0.000268341 0.00025679 0.000245015 0.000233119 0.000221199 0.00020934 0.000197618 0.000186098 0.000174839 0.000163889 0.000153287 0.000143067 0.000133254 0.000123867 0.00011492 0.000106418 9.83667e-05 9.07637e-05 8.36046e-05 7.68817e-05 7.05845e-05 6.47007e-05 5.9216e-05 5.41151e-05 4.93812e-05 4.49972e-05 4.09454e-05 3.72079e-05 3.37667e-05 3.06042e-05 2.77028e-05 2.50454e-05 2.26157e-05 2.03975e-05 1.83756e-05 1.65354e-05 1.48631e-05 1.33454e-05 1.19699e-05 1.0725e-05 9.59986e-06 8.58412e-06 7.66834e-06 6.84368e-06 6.10194e-06 5.43556e-06 4.83756e-06 4.30151e-06 3.82152e-06 3.39217e-06 3.00851e-06 2.66603e-06 2.36062e-06 2.08852e-06 1.84632e-06 1.63095e-06 1.4396e-06 1.26975e-06 1.11912e-06 9.8564e-07 8.67461e-07 7.62915e-07 6.70505e-07 5.88887e-07 5.16858e-07 4.53339e-07
4.0191e-06 9.29176e-06 1.66545e-05 2.61604e-05 3.77732e-05 5.13752e-05 6.67786e-05 8.37379e-05 0.000101964 0.000121135 0.000140916 0.000160962 0.000180938 0.00020052 0.000219409 0.000237335 0.000254058 0.000269379 0.000283133 0.000295193 0.000305471 0.000313913 0.000320499 0.000325239 0.000328171 0.000329355 0.000328873 0.000326823 0.000323315 0.00031847 0.000312417 0.000305286 0.000297211 0.000288324 0.000278754 0.000268626 0.000258061 0.000247169 0.000236058 0.000224822 0.000213552 0.000202326 0.000191217 0.000180285 0.000169586 0.000159166 0.000149063 0.00013931 0.000129931 0.000120945 0.000112366 0.000104202 9.64579e-05 8.91331e-05 8.22245e-05 7.57259e-05 6.96288e-05 6.39222e-05 5.85937e-05 5.36295e-05 4.90146e-05 4.47334e-05 4.07698e-05 3.71072e-05 3.37292e-05 3.06192e-05 2.7761e-05 2.51387e-05 2.27367e-05 2.054e-05 1.85342e-05 1.67054e-05 1.50404e-05 1.35268e-05 1.21526e-05 1.09066e-05 9.77848e-06 8.75827e-06 7.83683e-06 7.0056e-06 6.25664e-06 5.58258e-06 4.97662e-06 4.43249e-06 3.94439e-06 3.50703e-06 3.11552e-06 2.76543e-06 2.45267e-06 2.17354e-06 1.92466e-06 1.70296e-06 1.50564e-06 1.33019e-06 1.17431e-06 1.03595e-06 9.13236e-07 8.04491e-07 7.08204e-07 6.23016e-07 5.47706e-07
3.16397e-06 7.47559e-06 1.36093e-05 2.1653e-05 3.16164e-05 4.34357e-05 5.69808e-05 7.20651e-05 8.8456e-05 0.000105886 0.000124065 0.000142691 0.000161457 0.000180066 0.000198233 0.000215696 0.000232217 0.000247589 0.000261635 0.000274214 0.000285216 0.000294565 0.000302215 0.000308151 0.000312384 0.000314949 0.000315902 0.000315318 0.000313285 0.000309904 0.000305286 0.000299546 0.000292805 0.000285182 0.0002768 0.000267777 0.000258227 0.00024826 0.00023798 0.000227485 0.000216863 0.000206198 0.000195564 0.000185027 0.000174647 0.000164475 0.000154555 0.000144925 0.000135614 0.000126647 0.000118044 0.000109818 0.000101978 9.45301e-05 8.74742e-05 8.08089e-05 7.45292e-05 6.86278e-05 6.30956e-05 5.79215e-05 5.30932e-05 4.85973e-05 4.44196e-05 4.05453e-05 3.69593e-05 3.36463e-05 3.05911e-05 2.77785e-05 2.51937e-05 2.2822e-05 2.06494e-05 1.86622e-05 1.68472e-05 1.51921e-05 1.36848e-05 1.2314e-05 1.10691e-05 9.9399e-06 8.91703e-06 7.9916e-06 7.15536e-06 6.40059e-06 5.72015e-06 5.10741e-06 4.55625e-06 4.06101e-06 3.61649e-06 3.2179e-06 2.86087e-06 2.54138e-06 2.25576e-06 2.00065e-06 1.77302e-06 1.57009e-06 1.38934e-06 1.22849e-06 1.08547e-06 9.58411e-07 8.4563e-07 7.45602e-07 6.56956e-07
2.49079e-06 6.01163e-06 1.11125e-05 1.79044e-05 2.64316e-05 3.66729e-05 4.85465e-05 6.19162e-05 7.65999e-05 9.23789e-05 0.000109007 0.000126221 0.000143748 0.000161316 0.00017866 0.000195529 0.000211691 0.000226938 0.000241087 0.000253985 0.000265508 0.00027556 0.000284077 0.000291019 0.000296375 0.000300157 0.000302398 0.00030315 0.00030248 0.000300469 0.000297211 0.000292805 0.000287356 0.000280975 0.000273771 0.000265856 0.000257338 0.000248323 0.000238911 0.000229198 0.000219276 0.000209226 0.000199125 0.000189044 0.000179045 0.000169183 0.000159506 0.000150058 0.000140874 0.000131983 0.000123408 0.00011517 0.000107282 9.97538e-05 9.25905e-05 8.57946e-05 7.93651e-05 7.32984e-05 6.75885e-05 6.22275e-05 5.72056e-05 5.2512e-05 4.81346e-05 4.40605e-05 4.02763e-05 3.6768e-05 3.35217e-05 3.05231e-05 2.77582e-05 2.52129e-05 2.28738e-05 2.07275e-05 1.87611e-05 1.69623e-05 1.53191e-05 1.38203e-05 1.2455e-05 1.1213e-05 1.00846e-05 9.06072e-06 8.13289e-06 7.29308e-06 6.53386e-06 5.84827e-06 5.22988e-06 4.67272e-06 4.17126e-06 3.72042e-06 3.31551e-06 2.95221e-06 2.62658e-06 2.33499e-06 2.07413e-06 1.84098e-06 1.63279e-06 1.44706e-06 1.2815e-06 1.13406e-06 1.00286e-06 8.86214e-07 7.82589e-07
