0.966635 0.0161947 0.000271322 4.54565e-06 7.61564e-08 1.2759e-09 2.13761e-11 3.58129e-13 6e-15 1.00522e-16 1.68412e-18 2.82153e-20 4.72711e-22 7.91966e-24 1.32684e-25 2.22294e-27 3.72426e-29 6.23951e-31 1.04535e-32 1.75135e-34 2.93416e-36 4.91581e-38 8.23581e-40 1.3798e-41 2.31168e-43 3.87293e-45 6.48859e-47 1.08708e-48 1.82126e-50 3.05129e-52 5.11205e-54 8.56458e-56 1.43489e-57 2.40397e-59 4.02754e-61 6.74762e-63 1.13048e-64 1.89397e-66 3.1731e-68 5.31612e-70 8.90648e-72 1.49217e-73 2.49993e-75 4.18831e-77 7.01698e-79 1.1756e-80 1.96957e-82 3.29977e-84 5.52834e-86 9.26202e-88 1.55173e-89 2.59973e-91 4.35551e-93 7.2971e-95 1.22253e-96 2.0482e-98 3.43149e-100 5.74903e-102 9.63176e-104 1.61368e-105 2.70351e-107 4.52938e-109 7.58839e-111 1.27134e-112 2.12996e-114 3.56848e-116 5.97853e-118 1.00163e-119 1.67809e-121 2.81143e-123 4.71019e-125 7.89132e-127 1.32209e-128 2.21499e-130 3.71093e-132 6.21719e-134 1.04161e-135 1.74508e-137 2.92366e-139 4.89822e-141 8.20634e-143 1.37487e-144 2.30341e-146 3.85907e-148 6.46538e-150 1.08319e-151 1.81475e-153 3.04037e-155 5.09376e-157 8.53393e-159 1.42975e-160 2.39536e-162 4.01312e-164 6.72347e-166 1.12643e-167 1.88719e-169 3.16175e-171 5.2971e-173 8.87461e-175 1.48683e-176 2.49099e-178
0.0161947 0.000405451 9.03998e-06 1.89102e-07 3.79891e-09 7.42132e-11 1.42039e-12 2.6763e-14 4.98073e-16 9.17712e-18 1.67699e-19 3.04327e-21 5.49013e-23 9.85393e-25 1.76079e-26 3.13409e-28 5.55922e-30 9.83054e-32 1.73356e-33 3.04941e-35 5.35191e-37 9.37357e-39 1.63863e-40 2.8596e-42 4.98235e-44 8.66806e-46 1.50596e-47 2.61308e-49 4.52872e-51 7.84001e-53 1.35583e-54 2.34246e-56 4.04333e-58 6.97318e-60 1.20162e-61 2.06905e-63 3.56006e-65 6.12129e-67 1.05182e-68 1.80622e-70 3.09986e-72 5.31701e-74 9.11501e-76 1.56179e-77 2.6747e-79 4.57848e-81 7.83378e-83 1.33978e-84 2.29041e-86 3.91401e-88 6.68593e-90 1.14167e-91 1.9488e-93 3.3254e-95 5.67254e-97 9.67325e-99 1.64905e-100 2.81038e-102 4.78821e-104 8.15568e-106 1.38877e-107 2.36422e-109 4.0238e-111 6.84665e-113 1.16471e-114 1.98088e-116 3.36822e-118 5.72597e-120 9.73212e-122 1.65378e-123 2.8097e-125 4.77265e-127 8.10546e-129 1.37631e-130 2.33657e-132 3.96611e-134 6.73098e-136 1.14214e-137 1.93773e-139 3.28698e-141 5.57488e-143 9.45386e-145 1.60295e-146 2.7175e-148 4.60637e-150 7.80709e-152 1.32301e-153 2.24171e-155 3.79789e-157 6.43355e-159 1.0897e-160 1.84549e-162 3.12512e-164 5.29143e-166 8.9584e-168 1.5165e-169 2.56688e-171 4.34435e-173 7.3519e-175 1.24403e-176 2.10484e-178
0.000271322 9.03998e-06 2.45362e-07 5.99586e-09 1.3726e-10 3.00379e-12 6.35886e-14 1.31213e-15 2.65292e-17 5.27524e-19 1.03451e-20 2.00504e-22 3.84705e-24 7.31694e-26 1.381e-27 2.58887e-29 4.82387e-31 8.93975e-33 1.64865e-34 3.02696e-36 5.53512e-38 1.00842e-39 1.83098e-41 3.31409e-43 5.9812e-45 1.07658e-46 1.93296e-48 3.46247e-50 6.18879e-52 1.10393e-53 1.96537e-55 3.49274e-57 6.19658e-59 1.0976e-60 1.94123e-62 3.42838e-64 6.0466e-66 1.06506e-67 1.87371e-69 3.29249e-71 5.77912e-73 1.0133e-74 1.7749e-76 3.10592e-78 5.43001e-80 9.48474e-82 1.65531e-83 2.88654e-85 5.0296e-87 8.75712e-89 1.52361e-90 2.64899e-92 4.6025e-94 7.99144e-96 1.3867e-97 2.40479e-99 4.16791e-101 7.2196e-103 1.24988e-104 2.1627e-106 3.74024e-108 6.46529e-110 1.11703e-111 1.92905e-113 3.32983e-115 5.74526e-117 9.90861e-119 1.70819e-120 2.94363e-122 5.07062e-124 8.73118e-126 1.50288e-127 2.58594e-129 4.44795e-131 7.6481e-133 1.31463e-134 2.25896e-136 3.88042e-138 6.66369e-140 1.14398e-141 1.96335e-143 3.3686e-145 5.77803e-147 9.90812e-149 1.69858e-150 2.91118e-152 4.98816e-154 8.54481e-156 1.46339e-157 2.5056e-159 4.28906e-161 7.3403e-163 1.25594e-164 2.14846e-166 3.67445e-168 6.283e-170 1.07412e-171 1.8359e-173 3.13733e-175 5.36026e-177 9.15651e-179
4.54565e-06 1.89102e-07 5.99586e-09 1.66082e-10 4.23113e-12 1.01731e-13 2.34339e-15 5.22186e-17 1.13309e-18 2.40562e-20 5.0148e-22 1.02926e-23 2.08434e-25 4.17191e-27 8.26471e-29 1.62237e-30 3.15883e-32 6.10531e-34 1.1722e-35 2.237e-37 4.24554e-39 8.01675e-41 1.50674e-42 2.81971e-44 5.25578e-46 9.76016e-48 1.80623e-49 3.33187e-51 6.12754e-53 1.1237e-54 2.05522e-56 3.74947e-58 6.8242e-60 1.23925e-61 2.24565e-63 4.06117e-65 7.33041e-67 1.32074e-68 2.37548e-70 4.26549e-72 7.6472e-74 1.36893e-75 2.44702e-77 4.36812e-79 7.78713e-81 1.38647e-82 2.46557e-84 4.37941e-86 7.7701e-88 1.37711e-89 2.43814e-91 4.31236e-93 7.61993e-95 1.34518e-96 2.37259e-98 4.18105e-100 7.36178e-102 1.29517e-103 2.27683e-105 3.99948e-107 7.02029e-109 1.23139e-110 2.15842e-112 3.78081e-114 6.61835e-116 1.15781e-117 2.02423e-119 3.5369e-121 6.17635e-123 1.07794e-124 1.88026e-126 3.27801e-128 5.71182e-130 9.94761e-132 1.7316e-133 3.01277e-135 5.23939e-137 9.10743e-139 1.5824e-140 2.74819e-142 4.77081e-144 8.2786e-146 1.43597e-147 2.48977e-149 4.31524e-151 7.47628e-153 1.29481e-154 2.24165e-156 3.87949e-158 6.71166e-160 1.16075e-161 2.00679e-163 3.46836e-165 5.99248e-167 1.03503e-168 1.78717e-170 3.08496e-172 5.32359e-174 9.18405e-176 1.58395e-177 2.73103e-179
7.61564e-08 3.79891e-09 1.3726e-10 4.23113e-12 1.18203e-13 3.08419e-15 7.64937e-17 1.82382e-18 4.2128e-20 9.48014e-22 2.08702e-23 4.50918e-25 9.5858e-27 2.0091e-28 4.15853e-30 8.51217e-32 1.72507e-33 3.46467e-35 6.90196e-37 1.36475e-38 2.68025e-40 5.23096e-42 1.01504e-43 1.95912e-45 3.7626e-47 7.193e-49 1.36918e-50 2.59575e-52 4.90255e-54 9.22654e-56 1.73063e-57 3.23593e-59 6.03254e-61 1.12144e-62 2.07917e-64 3.84507e-66 7.09364e-68 1.30568e-69 2.39803e-71 4.39508e-73 8.03919e-75 1.46767e-76 2.67458e-78 4.86543e-80 8.83609e-82 1.60214e-83 2.90047e-85 5.24315e-87 9.46444e-89 1.70608e-90 3.07135e-92 5.5221e-94 9.91614e-96 1.77854e-97 3.1863e-99 5.70198e-101 1.01929e-102 1.82019e-104 3.24713e-106 5.78707e-108 1.0304e-109 1.83297e-111 3.25776e-113 5.78504e-115 1.02643e-116 1.8197e-118 3.22348e-120 5.70579e-122 1.00921e-123 1.78374e-125 3.15045e-127 5.56049e-129 9.80759e-131 1.72873e-132 3.04519e-134 5.36081e-136 9.43154e-138 1.65836e-139 2.91421e-141 5.11823e-143 8.98417e-145 1.57617e-146 2.76375e-148 4.84363e-150 8.48448e-152 1.48548e-153 2.59954e-155 4.54699e-157 7.9497e-159 1.38926e-160 2.42673e-162 4.23714e-164 7.39505e-166 1.29012e-167 2.24978e-169 3.92174e-171 6.83356e-173 1.19028e-174 2.07247e-176 3.60719e-178 6.27612e-180
1.2759e-09 7.42132e-11 3.00379e-12 1.01731e-13 3.08419e-15 8.6567e-17 2.29414e-18 5.81345e-20 1.42092e-21 3.37093e-23 7.7986e-25 1.7658e-26 3.92438e-28 8.58029e-30 1.84908e-31 3.93379e-33 8.27257e-35 1.72159e-36 3.5489e-38 7.25261e-40 1.47043e-41 2.95949e-43 5.91639e-45 1.17538e-46 2.32152e-48 4.56048e-50 8.91351e-52 1.7339e-53 3.35788e-55 6.47568e-57 1.24391e-58 2.38053e-60 4.53968e-62 8.62829e-64 1.63473e-65 3.08789e-67 5.81608e-69 1.09248e-70 2.04676e-72 3.82508e-74 7.1315e-76 1.32658e-77 2.46231e-79 4.56082e-81 8.43091e-83 1.5555e-84 2.86459e-86 5.26601e-88 9.66403e-90 1.77059e-91 3.23882e-93 5.91547e-95 1.07882e-96 1.96466e-98 3.57293e-100 6.48906e-102 1.177e-103 2.1322e-105 3.8579e-107 6.97211e-109 1.25858e-110 2.26944e-112 4.0878e-114 7.35543e-116 1.32217e-117 2.37431e-119 4.25964e-121 7.63491e-123 1.36723e-124 2.44623e-126 4.37299e-128 7.81084e-130 1.394e-131 2.4859e-133 4.42963e-135 7.88721e-137 1.40333e-138 2.49508e-140 4.43305e-142 7.87089e-144 1.39654e-145 2.47629e-147 4.38803e-149 7.77081e-151 1.3753e-152 2.43259e-154 4.30019e-156 7.59726e-158 1.34148e-159 2.36739e-161 4.17566e-163 7.36124e-165 1.29704e-166 2.28421e-168 4.02071e-170 7.07392e-172 1.24397e-173 2.18654e-175 3.84155e-177 6.74623e-179 1.1842e-180
2.13761e-11 1.42039e-12 6.35886e-14 2.34339e-15 7.64937e-17 2.29414e-18 6.45845e-20 1.7304e-21 4.45454e-23 1.10939e-24 2.68677e-26 6.35287e-28 1.4712e-29 3.34535e-31 7.48482e-33 1.65061e-34 3.59303e-36 7.72985e-38 1.64527e-39 3.46783e-41 7.24408e-43 1.50078e-44 3.08555e-46 6.29894e-48 1.27743e-49 2.57473e-51 5.15971e-53 1.02843e-54 2.03948e-56 4.02523e-58 7.90869e-60 1.54728e-61 3.01497e-63 5.85245e-65 1.13192e-66 2.18171e-68 4.19133e-70 8.02689e-72 1.53266e-73 2.91812e-75 5.54084e-77 1.04933e-78 1.98227e-80 3.73568e-82 7.02384e-84 1.3177e-85 2.46679e-87 4.60848e-89 8.59261e-91 1.59906e-92 2.97035e-94 5.50782e-96 1.01955e-97 1.88416e-99 3.47643e-101 6.40438e-103 1.17806e-104 2.16387e-106 3.96901e-108 7.27011e-110 1.32992e-111 2.4297e-113 4.43341e-115 8.07974e-117 1.47077e-118 2.67423e-120 4.85699e-122 8.81184e-124 1.59701e-125 2.89137e-127 5.22957e-129 9.44944e-131 1.70582e-132 3.07652e-134 5.54362e-136 9.98033e-138 1.79525e-139 3.22655e-141 5.79425e-143 1.0397e-144 1.86415e-146 3.3398e-148 5.97912e-150 1.06964e-151 1.91216e-153 3.41594e-155 6.09815e-157 1.08792e-158 1.93959e-160 3.45576e-162 6.15327e-164 1.09496e-165 1.9473e-167 3.46105e-169 6.14797e-171 1.09146e-172 1.93662e-174 3.43433e-176 6.08705e-178 1.07831e-179 1.90922e-181
3.58129e-13 2.6763e-14 1.31213e-15 5.22186e-17 1.82382e-18 5.81345e-20 1.7304e-21 4.88149e-23 1.31854e-24 3.43546e-26 8.68247e-28 2.13765e-29 5.14453e-31 1.21357e-32 2.81236e-34 6.41483e-36 1.44242e-37 3.20168e-39 7.02336e-41 1.52416e-42 3.275e-44 6.97307e-46 1.47219e-47 3.08385e-49 6.41276e-51 1.32444e-52 2.71794e-54 5.54426e-56 1.1246e-57 2.26903e-59 4.55518e-61 9.10143e-63 1.81035e-64 3.5856e-66 7.07297e-68 1.38985e-69 2.72108e-71 5.30875e-73 1.03227e-74 2.0008e-76 3.86621e-78 7.44897e-80 1.43115e-81 2.74224e-83 5.24083e-85 9.99109e-87 1.90014e-88 3.60543e-90 6.82594e-92 1.28955e-93 2.43116e-95 4.57429e-97 8.59005e-99 1.61012e-100 3.01256e-102 5.62673e-104 1.04916e-105 1.95306e-107 3.62995e-109 6.73621e-111 1.24819e-112 2.3095e-114 4.26719e-116 7.87356e-118 1.45085e-119 2.67e-121 4.90742e-123 9.00872e-125 1.65179e-126 3.02511e-128 5.53397e-130 1.01124e-131 1.84587e-133 3.36585e-135 6.13117e-137 1.11573e-138 2.02838e-140 3.68406e-142 6.68498e-144 1.21194e-145 2.19519e-147 3.97273e-149 7.18351e-151 1.29785e-152 2.34293e-154 4.22618e-156 7.61727e-158 1.37189e-159 2.46898e-161 4.44014e-163 7.97932e-165 1.43295e-166 2.57156e-168 4.6118e-170 8.26527e-172 1.48034e-173 2.64967e-175 4.7397e-177 8.47314e-179 1.51383e-180 2.70305e-182
6e-15 4.98073e-16 2.65292e-17 1.13309e-18 4.2128e-20 1.42092e-21 4.45454e-23 1.31854e-24 3.72527e-26 1.01255e-27 2.66345e-29 6.81135e-31 1.69966e-32 4.15059e-34 9.94314e-36 2.34142e-37 5.42889e-39 1.24122e-40 2.80177e-42 6.25073e-44 1.37959e-45 3.01477e-47 6.52765e-49 1.40134e-50 2.98445e-52 6.30885e-54 1.32435e-55 2.76189e-57 5.72443e-59 1.17959e-60 2.41738e-62 4.92832e-64 9.99803e-66 2.01882e-67 4.05837e-69 8.12395e-71 1.61969e-72 3.21679e-74 6.36529e-76 1.25512e-77 2.46656e-79 4.83167e-81 9.43534e-83 1.83708e-84 3.56662e-86 6.90547e-88 1.33347e-89 2.56841e-91 4.93493e-93 9.45953e-95 1.80911e-96 3.45225e-98 6.57373e-100 1.24918e-101 2.36904e-103 4.48414e-105 8.47175e-107 1.59764e-108 3.00759e-110 5.65221e-112 1.06047e-113 1.98645e-115 3.71518e-117 6.93779e-119 1.29366e-120 2.40877e-122 4.47881e-124 8.31647e-126 1.5422e-127 2.85614e-129 5.28289e-131 9.75957e-133 1.80082e-134 3.31897e-136 6.10999e-138 1.12356e-139 2.06385e-141 3.78706e-143 6.94184e-145 1.27118e-146 2.32547e-148 4.25005e-150 7.76008e-152 1.41558e-153 2.57996e-155 4.6979e-157 8.5471e-159 1.55369e-160 2.82194e-162 5.12127e-164 9.28669e-166 1.68269e-167 3.04659e-169 5.51183e-171 9.96457e-173 1.80014e-174 3.24972e-176 5.8625e-178 1.05687e-179 1.90402e-181 3.42795e-183
1.00522e-16 9.17712e-18 5.27524e-19 2.40562e-20 9.48014e-22 3.37093e-23 1.10939e-24 3.43546e-26 1.01255e-27 2.86408e-29 7.82358e-31 2.07388e-32 5.35536e-34 1.35137e-35 3.34081e-37 8.10863e-39 1.93573e-40 4.55206e-42 1.05588e-43 2.41857e-45 5.47618e-47 1.22675e-48 2.721e-50 5.97999e-52 1.30299e-53 2.81638e-55 6.04186e-57 1.28699e-58 2.72326e-60 5.72627e-62 1.19695e-63 2.48791e-65 5.14376e-67 1.0581e-68 2.16611e-70 4.41411e-72 8.95583e-74 1.80949e-75 3.64144e-77 7.30015e-79 1.45815e-80 2.90235e-82 5.75754e-84 1.13847e-85 2.24417e-87 4.41053e-89 8.64325e-91 1.68911e-92 3.29215e-94 6.39999e-96 1.24107e-97 2.40088e-99 4.63373e-101 8.92307e-103 1.71455e-104 3.28754e-106 6.29077e-108 1.20136e-109 2.28986e-111 4.35647e-113 8.27318e-115 1.56836e-116 2.96808e-118 5.60769e-120 1.05777e-121 1.9921e-123 3.74601e-125 7.03361e-127 1.31873e-128 2.469e-130 4.6162e-132 8.61915e-134 1.60722e-135 2.99315e-137 5.56724e-139 1.03424e-140 1.91904e-142 3.55666e-144 6.58426e-146 1.21755e-147 2.24904e-149 4.14997e-151 7.64965e-153 1.40863e-154 2.5913e-156 4.7623e-158 8.74381e-160 1.60391e-161 2.93941e-163 5.38209e-165 9.84602e-167 1.79968e-168 3.28673e-170 5.99754e-172 1.09353e-173 1.99223e-175 3.62668e-177 6.597e-179 1.1991e-180 2.17794e-182 3.95293e-184
1.68412e-18 1.67699e-19 1.03451e-20 5.0148e-22 2.08702e-23 7.7986e-25 2.68677e-26 8.68247e-28 2.66345e-29 7.82358e-31 2.21499e-32 6.07506e-34 1.62068e-35 4.21921e-37 1.07479e-38 2.68501e-40 6.59062e-42 1.59208e-43 3.79025e-45 8.90349e-47 2.06587e-48 4.73913e-50 1.07574e-51 2.41795e-53 5.38523e-55 1.18914e-56 2.60477e-58 5.66265e-60 1.22229e-61 2.62065e-63 5.58317e-65 1.18233e-66 2.4895e-68 5.21351e-70 1.08619e-71 2.25186e-73 4.64666e-75 9.54536e-77 1.95246e-78 3.97733e-80 8.07035e-82 1.63138e-83 3.28585e-85 6.59522e-87 1.31935e-88 2.63081e-90 5.22968e-92 1.03648e-93 2.04832e-95 4.03669e-97 7.93387e-99 1.55531e-100 3.0413e-102 5.93259e-104 1.15454e-105 2.24172e-107 4.34306e-109 8.39614e-111 1.6198e-112 3.11864e-114 5.99263e-116 1.14933e-117 2.20022e-119 4.20443e-121 8.02025e-123 1.52732e-124 2.90368e-126 5.51147e-128 1.04449e-129 1.97639e-131 3.73415e-133 7.04495e-135 1.32723e-136 2.49696e-138 4.69124e-140 8.80216e-142 1.64941e-143 3.08689e-145 5.77e-147 1.07723e-148 2.00875e-150 3.74147e-152 6.96096e-154 1.29365e-155 2.40156e-157 4.45358e-159 8.25042e-161 1.52687e-162 2.82289e-164 5.21391e-166 9.62094e-168 1.77364e-169 3.26672e-171 6.01131e-173 1.1052e-174 2.03019e-176 3.72618e-178 6.83326e-180 1.25209e-181 2.29241e-183 4.1938e-185
2.82153e-20 3.04327e-21 2.00504e-22 1.02926e-23 4.50918e-25 1.7658e-26 6.35287e-28 2.13765e-29 6.81135e-31 2.07388e-32 6.07506e-34 1.72123e-35 4.73672e-37 1.27043e-38 3.33029e-40 8.55245e-42 2.15595e-43 5.34395e-45 1.30436e-46 3.13901e-48 7.45645e-50 1.75001e-51 4.06156e-53 9.32882e-55 2.12198e-56 4.78304e-58 1.06896e-59 2.36992e-61 5.2146e-63 1.13922e-64 2.47206e-66 5.33005e-68 1.14226e-69 2.43384e-71 5.15741e-73 1.08717e-74 2.2803e-76 4.76006e-78 9.89122e-80 2.04639e-81 4.21605e-83 8.65122e-85 1.76836e-86 3.60126e-88 7.3078e-90 1.47783e-91 2.9787e-93 5.98469e-95 1.19872e-96 2.39389e-98 4.76695e-100 9.4661e-102 1.87471e-103 3.70313e-105 7.29639e-107 1.43413e-108 2.81216e-110 5.50168e-112 1.07395e-113 2.09185e-115 4.066e-117 7.88709e-119 1.52688e-120 2.95021e-122 5.68967e-124 1.09528e-125 2.10471e-127 4.03744e-129 7.73189e-131 1.47825e-132 2.82173e-134 5.37776e-136 1.02335e-137 1.94445e-139 3.68924e-141 6.98973e-143 1.32245e-144 2.49867e-146 4.71477e-148 8.88482e-150 1.67219e-151 3.14328e-153 5.90136e-155 1.10664e-156 2.07277e-158 3.87795e-160 7.24718e-162 1.35288e-163 2.52281e-165 4.69953e-167 8.74532e-169 1.62577e-170 3.01934e-172 5.60199e-174 1.03839e-175 1.92296e-177 3.5578e-179 6.57661e-181 1.21462e-182 2.24129e-184 4.13225e-186
4.72711e-22 5.49013e-23 3.84705e-24 2.08434e-25 9.5858e-27 3.92438e-28 1.4712e-29 5.14453e-31 1.69966e-32 5.35536e-34 1.62068e-35 4.73672e-37 1.34286e-38 3.70597e-40 9.98526e-42 2.63309e-43 6.8096e-45 1.73018e-46 4.32553e-48 1.06546e-49 2.58877e-51 6.21078e-53 1.47263e-54 3.45367e-56 8.01726e-58 1.84336e-59 4.20037e-61 9.49053e-63 2.1273e-64 4.73254e-66 1.04535e-67 2.29348e-69 4.99966e-71 1.08327e-72 2.33351e-74 4.99892e-76 1.06524e-77 2.25852e-79 4.76543e-81 1.00085e-82 2.0927e-84 4.35707e-86 9.03454e-88 1.86599e-89 3.83943e-91 7.87121e-93 1.60802e-94 3.27393e-96 6.64395e-98 1.34404e-99 2.71065e-101 5.45071e-103 1.09293e-104 2.1854e-106 4.3582e-108 8.66874e-110 1.71994e-111 3.40414e-113 6.72162e-115 1.32416e-116 2.60278e-118 5.10492e-120 9.99133e-122 1.95148e-123 3.80397e-125 7.40056e-127 1.43703e-128 2.78527e-130 5.38872e-132 1.04074e-133 2.00656e-135 3.86222e-137 7.4219e-139 1.42397e-140 2.72779e-142 5.2175e-144 9.96481e-146 1.9004e-147 3.61915e-149 6.8828e-151 1.30718e-152 2.4793e-154 4.69632e-156 8.88454e-158 1.67869e-159 3.16795e-161 5.97128e-163 1.12421e-164 2.11413e-166 3.97124e-168 7.45147e-170 1.39665e-171 2.61502e-173 4.89115e-175 9.1391e-177 1.70593e-178 3.18121e-180 5.92658e-182 1.10308e-183 2.05117e-185 3.81068e-187
7.91966e-24 9.85393e-25 7.31694e-26 4.17191e-27 2.0091e-28 8.58029e-30 3.34535e-31 1.21357e-32 4.15059e-34 1.35137e-35 4.21921e-37 1.27043e-38 3.70597e-40 1.05119e-41 2.90805e-43 7.86629e-45 2.08505e-46 5.42546e-48 1.38809e-49 3.4967e-51 8.68323e-53 2.12788e-54 5.15071e-56 1.23255e-57 2.91799e-59 6.83916e-61 1.58791e-62 3.6542e-64 8.3392e-66 1.88808e-67 4.24291e-69 9.46723e-71 2.09823e-72 4.62061e-74 1.01133e-75 2.20066e-77 4.76212e-79 1.02503e-80 2.19515e-82 4.67814e-84 9.92318e-86 2.09546e-87 4.40591e-89 9.2255e-91 1.92403e-92 3.99726e-94 8.27378e-96 1.70645e-97 3.50738e-99 7.18498e-101 1.46713e-102 2.98647e-104 6.0609e-106 1.22644e-107 2.47474e-109 4.9799e-111 9.99438e-113 2.00064e-114 3.9948e-116 7.95725e-118 1.58126e-119 3.13506e-121 6.20178e-123 1.22417e-124 2.41128e-126 4.73976e-128 9.29809e-130 1.82046e-131 3.55744e-133 6.93885e-135 1.35098e-136 2.62567e-138 5.09426e-140 9.86709e-142 1.90801e-143 3.6836e-145 7.10037e-147 1.36654e-148 2.62608e-150 5.03912e-152 9.65555e-154 1.84751e-155 3.5302e-157 6.73634e-159 1.28374e-160 2.44323e-162 4.64411e-164 8.81659e-166 1.67174e-167 3.16607e-169 5.98911e-171 1.13163e-172 2.1358e-174 4.02656e-176 7.58293e-178 1.42652e-179 2.6808e-181 5.03276e-183 9.43866e-185 1.76842e-186 3.31007e-188
1.32684e-25 1.76079e-26 1.381e-27 8.26471e-29 4.15853e-30 1.84908e-31 7.48482e-33 2.81236e-34 9.94314e-36 3.34081e-37 1.07479e-38 3.33029e-40 9.98526e-42 2.90805e-43 8.2522e-45 2.28771e-46 6.20955e-48 1.65337e-49 4.32556e-51 1.11351e-52 2.82403e-54 7.0639e-56 1.7444e-57 4.25646e-59 1.02705e-60 2.45237e-62 5.7983e-64 1.35828e-65 3.15411e-67 7.26398e-69 1.65986e-70 3.76481e-72 8.47912e-74 1.89689e-75 4.21656e-77 9.31588e-79 2.04625e-80 4.46967e-82 9.71123e-84 2.0992e-85 4.51549e-87 9.66742e-89 2.0604e-90 4.37223e-92 9.23922e-94 1.94453e-95 4.07665e-97 8.51456e-99 1.77193e-100 3.6746e-102 7.59456e-104 1.56449e-105 3.21266e-107 6.57694e-109 1.34243e-110 2.73215e-112 5.54501e-114 1.12233e-115 2.26565e-117 4.56197e-119 9.16284e-121 1.83593e-122 3.66994e-124 7.31925e-126 1.45648e-127 2.89201e-129 5.73026e-131 1.13306e-132 2.23593e-134 4.40362e-136 8.65628e-138 1.69841e-139 3.32628e-141 6.50285e-143 1.26909e-144 2.47254e-146 4.80919e-148 9.33889e-150 1.81063e-151 3.505e-153 6.77465e-155 1.30749e-156 2.51976e-158 4.8491e-160 9.3187e-162 1.78836e-163 3.42747e-165 6.56027e-167 1.25404e-168 2.39414e-170 4.56513e-172 8.69417e-174 1.65381e-175 3.14222e-177 5.96332e-179 1.13045e-180 2.1406e-182 4.04899e-184 7.6506e-186 1.44407e-187 2.72293e-189
2.22294e-27 3.13409e-28 2.58887e-29 1.62237e-30 8.51217e-32 3.93379e-33 1.65061e-34 6.41483e-36 2.34142e-37 8.10863e-39 2.68501e-40 8.55245e-42 2.63309e-43 7.86629e-45 2.28771e-46 6.49432e-48 1.80368e-49 4.91054e-51 1.31273e-52 3.45094e-54 8.93252e-56 2.27919e-57 5.73843e-59 1.42694e-60 3.50724e-62 8.52688e-64 2.05194e-65 4.89044e-67 1.15498e-68 2.70436e-70 6.28073e-72 1.44742e-73 3.3112e-75 7.52208e-77 1.69744e-78 3.80615e-80 8.48276e-82 1.87959e-83 4.14164e-85 9.07744e-87 1.97938e-88 4.29499e-90 9.27556e-92 1.99408e-93 4.2682e-95 9.09734e-97 1.93115e-98 4.08331e-100 8.60125e-102 1.80517e-103 3.77518e-105 7.86805e-107 1.63439e-108 3.38412e-110 6.98528e-112 1.4375e-113 2.94958e-115 6.03497e-117 1.23137e-118 2.50575e-120 5.0857e-122 1.02958e-123 2.07922e-125 4.18884e-127 8.41921e-129 1.68833e-130 3.37816e-132 6.74469e-134 1.34377e-135 2.67175e-137 5.30143e-139 1.04988e-140 2.07516e-142 4.09404e-144 8.0623e-146 1.58486e-147 3.11002e-149 6.09249e-151 1.19152e-152 2.32648e-154 4.53527e-156 8.82729e-158 1.71548e-159 3.32885e-161 6.45007e-163 1.24799e-164 2.41125e-166 4.65237e-168 8.96435e-170 1.72499e-171 3.31503e-173 6.36258e-175 1.21965e-176 2.33508e-178 4.46524e-180 8.5285e-182 1.62703e-183 3.10042e-185 5.90145e-187 1.12207e-188 2.13112e-190
3.72426e-29 5.55922e-30 4.82387e-31 3.15883e-32 1.72507e-33 8.27257e-35 3.59303e-36 1.44242e-37 5.42889e-39 1.93573e-40 6.59062e-42 2.15595e-43 6.8096e-45 2.08505e-46 6.20955e-48 1.80368e-49 5.12195e-51 1.42482e-52 3.88948e-54 1.04348e-55 2.75496e-57 7.1663e-59 1.83854e-60 4.65645e-62 1.1652e-63 2.88294e-65 7.05755e-67 1.71051e-68 4.10667e-70 9.77177e-72 2.30557e-73 5.39624e-75 1.25339e-76 2.89017e-78 6.61836e-80 1.50558e-81 3.40338e-83 7.64701e-85 1.70827e-86 3.79498e-88 8.38587e-90 1.84359e-91 4.03311e-93 8.78134e-95 1.90327e-96 4.10705e-98 8.82506e-100 1.88855e-101 4.02551e-103 8.54781e-105 1.80836e-106 3.81206e-108 8.00812e-110 1.67666e-111 3.49902e-113 7.27911e-115 1.50966e-116 3.1217e-118 6.43649e-120 1.32339e-121 2.71358e-123 5.54939e-125 1.13195e-126 2.30312e-128 4.67461e-130 9.46537e-132 1.91215e-133 3.85409e-135 7.75109e-137 1.5555e-138 3.11502e-140 6.22533e-142 1.24163e-143 2.47158e-145 4.91049e-147 9.73786e-149 1.92756e-150 3.8087e-152 7.51254e-154 1.47929e-155 2.908e-157 5.7072e-159 1.11829e-160 2.18778e-162 4.27352e-164 8.33513e-166 1.62329e-167 3.15684e-169 6.13045e-171 1.18885e-172 2.30233e-174 4.45273e-176 8.60032e-178 1.65898e-179 3.1961e-181 6.14975e-183 1.18186e-184 2.26856e-186 4.34936e-188 8.3291e-190 1.59322e-191
6.23951e-31 9.83054e-32 8.93975e-33 6.10531e-34 3.46467e-35 1.72159e-36 7.72985e-38 3.20168e-39 1.24122e-40 4.55206e-42 1.59208e-43 5.34395e-45 1.73018e-46 5.42546e-48 1.65337e-49 4.91054e-51 1.42482e-52 4.04727e-54 1.12748e-55 3.08514e-57 8.30335e-59 2.20074e-60 5.7502e-62 1.48256e-63 3.7751e-65 9.50095e-67 2.365e-68 5.82632e-70 1.42138e-71 3.43562e-73 8.23173e-75 1.95597e-76 4.61099e-78 1.07883e-79 2.50607e-81 5.78168e-83 1.32516e-84 3.01825e-86 6.83336e-88 1.53819e-89 3.44337e-91 7.66743e-93 1.69862e-94 3.74461e-96 8.21598e-98 1.79444e-99 3.90197e-101 8.44875e-103 1.82187e-104 3.91305e-106 8.3723e-108 1.78468e-109 3.79062e-111 8.02315e-113 1.69243e-114 3.55836e-116 7.45771e-118 1.55818e-119 3.24583e-121 6.74162e-123 1.39627e-124 2.88387e-126 5.94038e-128 1.22044e-129 2.50098e-131 5.11242e-133 1.04254e-134 2.12095e-136 4.30498e-138 8.71837e-140 1.76177e-141 3.55248e-143 7.14837e-145 1.43548e-146 2.87686e-148 5.75433e-150 1.1488e-151 2.28918e-153 4.5533e-155 9.0406e-157 1.79188e-158 3.54551e-160 7.00359e-162 1.38118e-163 2.71946e-165 5.34601e-167 1.04932e-168 2.0565e-170 4.02443e-172 7.8641e-174 1.53452e-175 2.99013e-177 5.81849e-179 1.13069e-180 2.19434e-182 4.25303e-184 8.23263e-186 1.5916e-187 3.07323e-189 5.92694e-191 1.14169e-192
1.04535e-32 1.73356e-33 1.64865e-34 1.1722e-35 6.90196e-37 3.5489e-38 1.64527e-39 7.02336e-41 2.80177e-42 1.05588e-43 3.79025e-45 1.30436e-46 4.32553e-48 1.38809e-49 4.32556e-51 1.31273e-52 3.88948e-54 1.12748e-55 3.20347e-57 8.93555e-59 2.45029e-60 6.61372e-62 1.75907e-63 4.61482e-65 1.19521e-66 3.05839e-68 7.73774e-70 1.93682e-71 4.79932e-73 1.17793e-74 2.86497e-76 6.90856e-78 1.65235e-79 3.92131e-81 9.2371e-83 2.16052e-84 5.01923e-86 1.1585e-87 2.65739e-89 6.05931e-91 1.37374e-92 3.0974e-94 6.94689e-96 1.55014e-97 3.44208e-99 7.60704e-101 1.67351e-102 3.66543e-104 7.99415e-106 1.73632e-107 3.75629e-109 8.09492e-111 1.73797e-112 3.71793e-114 7.92566e-116 1.6838e-117 3.5654e-119 7.52545e-121 1.58344e-122 3.32165e-124 6.94745e-126 1.44894e-127 3.01345e-129 6.25023e-131 1.29294e-132 2.66771e-134 5.49045e-136 1.12723e-137 2.30875e-139 4.71767e-141 9.61808e-143 1.95651e-144 3.97131e-146 8.04383e-148 1.62589e-149 3.27972e-151 6.60272e-153 1.32668e-154 2.66063e-156 5.32594e-158 1.06419e-159 2.1226e-161 4.22629e-163 8.4006e-165 1.66699e-166 3.30253e-168 6.53221e-170 1.29e-171 2.5436e-173 5.00782e-175 9.84473e-177 1.93252e-178 3.78813e-180 7.41504e-182 1.44945e-183 2.82947e-185 5.51607e-187 1.07396e-188 2.08826e-190 4.05542e-192 7.8659e-194
1.75135e-34 3.04941e-35 3.02696e-36 2.237e-37 1.36475e-38 7.25261e-40 3.46783e-41 1.52416e-42 6.25073e-44 2.41857e-45 8.90349e-47 3.13901e-48 1.06546e-49 3.4967e-51 1.11351e-52 3.45094e-54 1.04348e-55 3.08514e-57 8.93555e-59 2.53941e-60 7.0914e-62 1.94835e-63 5.27264e-65 1.40686e-66 3.70445e-68 9.63394e-70 2.47633e-71 6.29548e-73 1.5839e-74 3.94593e-76 9.739e-78 2.38247e-79 5.77929e-81 1.3907e-82 3.32095e-84 7.8725e-86 1.85321e-87 4.33336e-89 1.00679e-90 2.32474e-92 5.33635e-94 1.21799e-95 2.76485e-97 6.24326e-99 1.40265e-100 3.13589e-102 6.97788e-104 1.54563e-105 3.4086e-107 7.48507e-109 1.63691e-110 3.56551e-112 7.73642e-114 1.67236e-115 3.60199e-117 7.73079e-119 1.65355e-120 3.52508e-122 7.4906e-124 1.58672e-125 3.35087e-127 7.05543e-129 1.48127e-130 3.10112e-132 6.47461e-134 1.34817e-135 2.79993e-137 5.8002e-139 1.19856e-140 2.47075e-142 5.08124e-144 1.04258e-145 2.13437e-147 4.35986e-149 8.8867e-151 1.80757e-152 3.66907e-154 7.43262e-156 1.5027e-157 3.03226e-159 6.10717e-161 1.22775e-162 2.46375e-164 4.93528e-166 9.86899e-168 1.97013e-169 3.92636e-171 7.81224e-173 1.5519e-174 3.078e-176 6.0954e-178 1.20525e-179 2.37962e-181 4.6914e-183 9.23581e-185 1.81567e-186 3.56448e-188 6.98822e-190 1.36822e-191 2.67534e-193 5.22443e-195
2.93416e-36 5.35191e-37 5.53512e-38 4.24554e-39 2.68025e-40 1.47043e-41 7.24408e-43 3.275e-44 1.37959e-45 5.47618e-47 2.06587e-48 7.45645e-50 2.58877e-51 8.68323e-53 2.82403e-54 8.93252e-56 2.75496e-57 8.30335e-59 2.45029e-60 7.0914e-62 2.01573e-63 5.63485e-65 1.55089e-66 4.20698e-68 1.12579e-69 2.97439e-71 7.76467e-73 2.00414e-74 5.1178e-76 1.29371e-77 3.23905e-79 8.0359e-81 1.97642e-82 4.82093e-84 1.16669e-85 2.80224e-87 6.68228e-89 1.58251e-90 3.72301e-92 8.70332e-94 2.02222e-95 4.67119e-97 1.07295e-98 2.45115e-100 5.57045e-102 1.25956e-103 2.83422e-105 6.34752e-107 1.41514e-108 3.14115e-110 6.94268e-112 1.52819e-113 3.35038e-115 7.31695e-117 1.59197e-118 3.45112e-120 7.45501e-122 1.60489e-123 3.44343e-125 7.36425e-127 1.56998e-128 3.33677e-130 7.07064e-132 1.49392e-133 3.14747e-135 6.61294e-137 1.38566e-138 2.89586e-140 6.03647e-142 1.25517e-143 2.6035e-145 5.38737e-147 1.1122e-148 2.29086e-150 4.70811e-152 9.65491e-154 1.97572e-155 4.03456e-157 8.22207e-159 1.67224e-160 3.39445e-162 6.87713e-164 1.39069e-165 2.80709e-167 5.6559e-169 1.13757e-170 2.28405e-172 4.57822e-174 9.16146e-176 1.83031e-177 3.6508e-179 7.27058e-181 1.44571e-182 2.87035e-184 5.6904e-186 1.12646e-187 2.22673e-189 4.3955e-191 8.66455e-193 1.70566e-194 3.3532e-196
4.91581e-38 9.37357e-39 1.00842e-39 8.01675e-41 5.23096e-42 2.95949e-43 1.50078e-44 6.97307e-46 3.01477e-47 1.22675e-48 4.73913e-50 1.75001e-51 6.21078e-53 2.12788e-54 7.0639e-56 2.27919e-57 7.1663e-59 2.20074e-60 6.61372e-62 1.94835e-63 5.63485e-65 1.60201e-66 4.48252e-68 1.2357e-69 3.35929e-71 9.01346e-73 2.38881e-74 6.2578e-76 1.62139e-77 4.15753e-79 1.05559e-80 2.6551e-82 6.61901e-84 1.63611e-85 4.0115e-87 9.75969e-89 2.35693e-90 5.65161e-92 1.346e-93 3.18477e-95 7.48841e-97 1.75018e-98 4.06681e-100 9.39719e-102 2.15975e-103 4.93802e-105 1.12337e-106 2.54326e-108 5.7309e-110 1.28555e-111 2.87112e-113 6.38511e-115 1.41416e-116 3.1196e-118 6.85516e-120 1.50074e-121 3.27348e-123 7.11501e-125 1.54115e-126 3.32707e-128 7.15919e-130 1.53564e-131 3.28378e-133 7.0009e-135 1.4882e-136 3.15449e-138 6.66788e-140 1.40562e-141 2.95526e-143 6.19729e-145 1.29632e-146 2.70489e-148 5.63042e-150 1.16926e-151 2.42259e-153 5.00808e-155 1.03302e-156 2.12621e-158 4.36709e-160 8.95118e-162 1.83101e-163 3.73804e-165 7.61647e-167 1.54896e-168 3.14425e-170 6.37091e-172 1.28858e-173 2.60169e-175 5.24391e-177 1.05517e-178 2.11967e-180 4.25118e-182 8.51251e-184 1.70187e-185 3.39723e-187 6.77124e-189 1.34762e-190 2.67814e-192 5.31466e-194 1.05319e-195 2.08419e-197
8.23581e-40 1.63863e-40 1.83098e-41 1.50674e-42 1.01504e-43 5.91639e-45 3.08555e-46 1.47219e-47 6.52765e-49 2.721e-50 1.07574e-51 4.06156e-53 1.47263e-54 5.15071e-56 1.7444e-57 5.73843e-59 1.83854e-60 5.7502e-62 1.75907e-63 5.27264e-65 1.55089e-66 4.48252e-68 1.27461e-69 3.56951e-71 9.85451e-73 2.68431e-74 7.2201e-76 1.91901e-77 5.04334e-79 1.31137e-80 3.37546e-82 8.60526e-84 2.1738e-85 5.44359e-87 1.35187e-88 3.33065e-90 8.14364e-92 1.9767e-93 4.76464e-95 1.14079e-96 2.71382e-98 6.41604e-100 1.50787e-101 3.52343e-103 8.18771e-105 1.89252e-106 4.3519e-108 9.95757e-110 2.26744e-111 5.13921e-113 1.15957e-114 2.60497e-116 5.82731e-118 1.29823e-119 2.88076e-121 6.3677e-123 1.40226e-124 3.07674e-126 6.72686e-128 1.46568e-129 3.18278e-131 6.88901e-133 1.48637e-134 3.19708e-136 6.85596e-138 1.4659e-139 3.12534e-141 6.64469e-143 1.40885e-144 2.97919e-146 6.2835e-148 1.32191e-149 2.77409e-151 5.80746e-153 1.21289e-154 2.52725e-156 5.25398e-158 1.08984e-159 2.25577e-161 4.6591e-163 9.60293e-165 1.97524e-166 4.05477e-168 8.30733e-170 1.69872e-171 3.4671e-173 7.06332e-175 1.43636e-176 2.91574e-178 5.90849e-180 1.19526e-181 2.41389e-183 4.86697e-185 9.79708e-187 1.96899e-188 3.95107e-190 7.91625e-192 1.58369e-193 3.16357e-195 6.31034e-197 1.25692e-198
1.3798e-41 2.8596e-42 3.31409e-43 2.81971e-44 1.95912e-45 1.17538e-46 6.29894e-48 3.08385e-49 1.40134e-50 5.97999e-52 2.41795e-53 9.32882e-55 3.45367e-56 1.23255e-57 4.25646e-59 1.42694e-60 4.65645e-62 1.48256e-63 4.61482e-65 1.40686e-66 4.20698e-68 1.2357e-69 3.56951e-71 1.01515e-72 2.84514e-74 7.86525e-76 2.14638e-77 5.78631e-79 1.54201e-80 4.06467e-82 1.06038e-83 2.73916e-85 7.0097e-87 1.77787e-88 4.47088e-90 1.11518e-91 2.75999e-93 6.77991e-95 1.65359e-96 4.00539e-98 9.63808e-100 2.3045e-101 5.47651e-103 1.29382e-104 3.0393e-106 7.10056e-108 1.65011e-109 3.81516e-111 8.77736e-113 2.00973e-114 4.58036e-116 1.03923e-117 2.34768e-119 5.2812e-121 1.18318e-122 2.64023e-124 5.86891e-126 1.29971e-127 2.86782e-129 6.30549e-131 1.38162e-132 3.01716e-134 6.56735e-136 1.42495e-137 3.08219e-139 6.6467e-141 1.42913e-142 3.06398e-144 6.55059e-146 1.39664e-147 2.96978e-149 6.29836e-151 1.33236e-152 2.81144e-154 5.918e-156 1.24275e-157 2.60362e-159 5.44224e-161 1.13502e-162 2.362e-164 4.90482e-166 1.01637e-167 2.10179e-169 4.33758e-171 8.93401e-173 1.83655e-174 3.7682e-176 7.71709e-178 1.57753e-179 3.21902e-181 6.55699e-183 1.33332e-184 2.7066e-186 5.48517e-188 1.1098e-189 2.24183e-191 4.52139e-193 9.10475e-195 1.83063e-196 3.6752e-198 7.36752e-200
2.31168e-43 4.98235e-44 5.9812e-45 5.25578e-46 3.7626e-47 2.32152e-48 1.27743e-49 6.41276e-51 2.98445e-52 1.30299e-53 5.38523e-55 2.12198e-56 8.01726e-58 2.91799e-59 1.02705e-60 3.50724e-62 1.1652e-63 3.7751e-65 1.19521e-66 3.70445e-68 1.12579e-69 3.35929e-71 9.85451e-73 2.84514e-74 8.09254e-76 2.26972e-77 6.28231e-79 1.71731e-80 4.63933e-82 1.23939e-83 3.27608e-85 8.57279e-87 2.22188e-88 5.7062e-90 1.45271e-91 3.66763e-93 9.18589e-95 2.28315e-96 5.63324e-98 1.38014e-99 3.35851e-101 8.11972e-103 1.9508e-104 4.65867e-106 1.10607e-107 2.61132e-109 6.13172e-111 1.43227e-112 3.32865e-114 7.69802e-116 1.77185e-117 4.05953e-119 9.25949e-121 2.10291e-122 4.75586e-124 1.07119e-125 2.40319e-127 5.37076e-129 1.1958e-130 2.6528e-132 5.86422e-134 1.29187e-135 2.83642e-137 6.20729e-139 1.35409e-140 2.94473e-142 6.38449e-144 1.38014e-145 2.97484e-147 6.39415e-149 1.37058e-150 2.92995e-152 6.24704e-154 1.32853e-155 2.81825e-157 5.96376e-159 1.25897e-160 2.6515e-162 5.57143e-164 1.16805e-165 2.44343e-167 5.10033e-169 1.06237e-170 2.20827e-172 4.58083e-174 9.48351e-176 1.9595e-177 4.04097e-179 8.31782e-181 1.70895e-182 3.5048e-184 7.17503e-186 1.4663e-187 2.99143e-189 6.0926e-191 1.23881e-192 2.5148e-194 5.09689e-196 1.0314e-197 2.08389e-199 4.20401e-201
3.87293e-45 8.66806e-46 1.07658e-46 9.76016e-48 7.193e-49 4.56048e-50 2.57473e-51 1.32444e-52 6.30885e-54 2.81638e-55 1.18914e-56 4.78304e-58 1.84336e-59 6.83916e-61 2.45237e-62 8.52688e-64 2.88294e-65 9.50095e-67 3.05839e-68 9.63394e-70 2.97439e-71 9.01346e-73 2.68431e-74 7.86525e-76 2.26972e-77 6.45669e-79 1.81212e-80 5.02147e-82 1.37481e-83 3.72131e-85 9.96419e-87 2.64067e-88 6.92986e-90 1.80166e-91 4.64242e-93 1.18606e-94 3.00553e-96 7.55677e-98 1.88578e-99 4.67211e-101 1.14955e-102 2.80961e-104 6.82304e-106 1.64674e-107 3.95078e-109 9.42415e-111 2.23557e-112 5.27474e-114 1.23811e-115 2.89157e-117 6.72039e-119 1.55456e-120 3.57962e-122 8.20616e-124 1.87316e-125 4.2579e-127 9.63947e-129 2.17369e-130 4.8829e-132 1.09279e-133 2.4368e-135 5.41462e-137 1.199e-138 2.64616e-140 5.82093e-142 1.27639e-143 2.79013e-145 6.08061e-147 1.32124e-148 2.86262e-150 6.18468e-152 1.33252e-153 2.86323e-155 6.13613e-157 1.31164e-158 2.79664e-160 5.94824e-162 1.26209e-163 2.67157e-165 5.64206e-167 1.18884e-168 2.49946e-170 5.2435e-172 1.09767e-173 2.29305e-175 4.7804e-177 9.94586e-179 2.06521e-180 4.28001e-182 8.8532e-184 1.82788e-185 3.76703e-187 7.74944e-189 1.59139e-190 3.26233e-192 6.67639e-194 1.36404e-195 2.78228e-197 5.66593e-199 1.152e-200 2.33859e-202
6.48859e-47 1.50596e-47 1.93296e-48 1.80623e-49 1.36918e-50 8.91351e-52 5.15971e-53 2.71794e-54 1.32435e-55 6.04186e-57 2.60477e-58 1.06896e-59 4.20037e-61 1.58791e-62 5.7983e-64 2.05194e-65 7.05755e-67 2.365e-68 7.73774e-70 2.47633e-71 7.76467e-73 2.38881e-74 7.2201e-76 2.14638e-77 6.28231e-79 1.81212e-80 5.15557e-82 1.44784e-83 4.01631e-85 1.10121e-86 2.98616e-88 8.01283e-90 2.12867e-91 5.60123e-93 1.46049e-94 3.77506e-96 9.67667e-98 2.46067e-99 6.2094e-101 1.55541e-102 3.86871e-104 9.55714e-106 2.34553e-107 5.72016e-109 1.38652e-110 3.34111e-112 8.00546e-114 1.90764e-115 4.52166e-117 1.06627e-118 2.50192e-120 5.84231e-122 1.35789e-123 3.14176e-125 7.23717e-127 1.66e-128 3.79177e-130 8.62626e-132 1.95478e-133 4.41279e-135 9.92464e-137 2.22405e-138 4.9664e-140 1.10521e-141 2.4513e-143 5.41912e-145 1.1942e-146 2.62346e-148 5.74584e-150 1.25472e-151 2.73199e-153 5.93179e-155 1.28437e-156 2.77346e-158 5.97316e-160 1.28311e-161 2.74932e-163 5.87638e-165 1.25297e-166 2.66528e-168 5.65633e-170 1.19767e-171 2.53028e-173 5.33396e-175 1.12202e-176 2.35524e-178 4.93374e-180 1.03142e-181 2.15197e-183 4.48114e-185 9.31343e-187 1.93204e-188 4.00055e-190 8.26872e-192 1.70602e-193 3.51374e-195 7.22454e-197 1.48292e-198 3.03881e-200 6.21701e-202 1.26988e-203
1.08708e-48 2.61308e-49 3.46247e-50 3.33187e-51 2.59575e-52 1.7339e-53 1.02843e-54 5.54426e-56 2.76189e-57 1.28699e-58 5.66265e-60 2.36992e-61 9.49053e-63 3.6542e-64 1.35828e-65 4.89044e-67 1.71051e-68 5.82632e-70 1.93682e-71 6.29548e-73 2.00414e-74 6.2578e-76 1.91901e-77 5.78631e-79 1.71731e-80 5.02147e-82 1.44784e-83 4.11963e-85 1.15758e-86 3.2143e-88 8.82514e-90 2.39717e-91 6.44522e-93 1.71611e-94 4.52701e-96 1.18362e-97 3.06842e-99 7.8899e-101 2.01292e-102 5.097e-104 1.28133e-105 3.19881e-107 7.9324e-109 1.95442e-110 4.78547e-112 1.16472e-113 2.81835e-115 6.78159e-117 1.62297e-118 3.86372e-120 9.15149e-122 2.15693e-123 5.05943e-125 1.18128e-126 2.74568e-128 6.35399e-130 1.46419e-131 3.36013e-133 7.68014e-135 1.74858e-136 3.96597e-138 8.96199e-140 2.01787e-141 4.52746e-143 1.01234e-144 2.25604e-146 5.01132e-148 1.10962e-149 2.44932e-151 5.39015e-153 1.18268e-154 2.58748e-156 5.64491e-158 1.2281e-159 2.66462e-161 5.76616e-163 1.24455e-164 2.67939e-166 5.75415e-168 1.23274e-169 2.63466e-171 5.61778e-173 1.19512e-174 2.53679e-176 5.37283e-178 1.13549e-179 2.39468e-181 5.03977e-183 1.0585e-184 2.21871e-186 4.64151e-188 9.69129e-190 2.01968e-191 4.20125e-193 8.7233e-195 1.80803e-196 3.7408e-198 7.72631e-200 1.59309e-201 3.27931e-203 6.73921e-205
1.82126e-50 4.52872e-51 6.18879e-52 6.12754e-53 4.90255e-54 3.35788e-55 2.03948e-56 1.1246e-57 5.72443e-59 2.72326e-60 1.22229e-61 5.2146e-63 2.1273e-64 8.3392e-66 3.15411e-67 1.15498e-68 4.10667e-70 1.42138e-71 4.79932e-73 1.5839e-74 5.1178e-76 1.62139e-77 5.04334e-79 1.54201e-80 4.63933e-82 1.37481e-83 4.01631e-85 1.15758e-86 3.29407e-88 9.26101e-90 2.5739e-91 7.07586e-93 1.92506e-94 5.18556e-96 1.38365e-97 3.65863e-99 9.59043e-101 2.49311e-102 6.42948e-104 1.64542e-105 4.18e-107 1.05437e-108 2.64143e-110 6.57392e-112 1.62573e-113 3.99585e-115 9.76327e-117 2.37188e-118 5.73036e-120 1.37702e-121 3.29187e-123 7.8299e-125 1.85332e-126 4.366e-128 1.02381e-129 2.39011e-131 5.55558e-133 1.2859e-134 2.96418e-136 6.8056e-138 1.55647e-139 3.54624e-141 8.05e-143 1.8208e-144 4.10399e-146 9.21863e-148 2.06385e-149 4.60549e-151 1.02446e-152 2.27177e-154 5.02248e-156 1.1071e-157 2.43329e-159 5.33303e-161 1.1656e-162 2.54068e-164 5.52329e-166 1.19762e-167 2.59021e-169 5.58818e-171 1.20267e-172 2.58218e-174 5.53106e-176 1.18204e-177 2.52047e-179 5.36255e-181 1.13847e-182 2.41183e-184 5.0988e-186 1.07572e-187 2.26497e-189 4.75956e-191 9.98228e-193 2.08962e-194 4.36609e-196 9.10587e-198 1.89569e-199 3.9395e-201 8.17256e-203 1.69251e-204 3.49923e-206
3.05129e-52 7.84001e-53 1.10393e-53 1.1237e-54 9.22654e-56 6.47568e-57 4.02523e-58 2.26903e-59 1.17959e-60 5.72627e-62 2.62065e-63 1.13922e-64 4.73254e-66 1.88808e-67 7.26398e-69 2.70436e-70 9.77177e-72 3.43562e-73 1.17793e-74 3.94593e-76 1.29371e-77 4.15753e-79 1.31137e-80 4.06467e-82 1.23939e-83 3.72131e-85 1.10121e-86 3.2143e-88 9.26101e-90 2.63561e-91 7.41347e-93 2.06219e-94 5.67587e-96 1.54647e-97 4.17308e-99 1.11572e-100 2.95674e-102 7.76938e-104 2.025e-105 5.2368e-107 1.34413e-108 3.42512e-110 8.66729e-112 2.17858e-113 5.44061e-115 1.35022e-116 3.33071e-118 8.16828e-120 1.9919e-121 4.8309e-123 1.16543e-124 2.79712e-126 6.67992e-128 1.58757e-129 3.75538e-131 8.8429e-133 2.07306e-134 4.83902e-136 1.12482e-137 2.60398e-139 6.00439e-141 1.37918e-142 3.15601e-144 7.19548e-146 1.63466e-147 3.70066e-149 8.34931e-151 1.87749e-152 4.2082e-154 9.40237e-156 2.09427e-157 4.65065e-159 1.0297e-160 2.27325e-162 5.00446e-164 1.09866e-165 2.40543e-167 5.25253e-169 1.14398e-170 2.48519e-172 5.38542e-174 1.16418e-175 2.5106e-177 5.40155e-179 1.15947e-180 2.48324e-182 5.30661e-184 1.13155e-185 2.40769e-187 5.11236e-189 1.0833e-190 2.29087e-192 4.83495e-194 1.01845e-195 2.14119e-197 4.49318e-199 9.41135e-201 1.96771e-202 4.10674e-204 8.55598e-206 1.77948e-207
5.11205e-54 1.35583e-54 1.96537e-55 2.05522e-56 1.73063e-57 1.24391e-58 7.90869e-60 4.55518e-61 2.41738e-62 1.19695e-63 5.58317e-65 2.47206e-66 1.04535e-67 4.24291e-69 1.65986e-70 6.28073e-72 2.30557e-73 8.23173e-75 2.86497e-76 9.739e-78 3.23905e-79 1.05559e-80 3.37546e-82 1.06038e-83 3.27608e-85 9.96419e-87 2.98616e-88 8.82514e-90 2.5739e-91 7.41347e-93 2.11e-94 5.9378e-96 1.65304e-97 4.55481e-99 1.24276e-100 3.35906e-102 8.99779e-104 2.38948e-105 6.2932e-107 1.6443e-108 4.26349e-110 1.09736e-111 2.80446e-113 7.11831e-115 1.79489e-116 4.49705e-118 1.11981e-119 2.77186e-121 6.82177e-123 1.66955e-124 4.064e-126 9.84086e-128 2.37086e-129 5.68376e-131 1.35609e-132 3.22047e-134 7.61358e-136 1.79205e-137 4.20005e-139 9.80285e-141 2.27872e-142 5.27616e-144 1.21696e-145 2.79644e-147 6.4025e-149 1.46065e-150 3.32073e-152 7.52395e-154 1.6991e-155 3.82462e-157 8.58188e-159 1.91971e-160 4.28129e-162 9.51987e-164 2.11073e-165 4.66664e-167 1.0289e-168 2.26239e-170 4.96145e-172 1.08523e-173 2.3677e-175 5.15287e-177 1.11869e-178 2.42285e-180 5.23509e-182 1.12855e-183 2.42735e-185 5.20931e-187 1.11553e-188 2.38373e-190 5.08297e-192 1.08164e-193 2.29705e-195 4.86847e-197 1.02983e-198 2.17423e-200 4.58169e-202 9.63696e-204 2.02331e-205 4.24037e-207 8.87116e-209
