0.37768 0.0582131 0.0319937 0.0191424 0.0118575 0.0074148 0.00462901 0.00287334 0.00177169 0.00108546 0.000661263 0.000400854 0.000241962 0.000145514 8.72304e-05 5.21441e-05 3.10926e-05 1.84988e-05 1.0984e-05 6.51018e-06 3.85223e-06 2.27604e-06 1.34291e-06 7.9132e-07 4.65717e-07 2.73743e-07 1.60656e-07 9.40549e-08 5.47712e-08 3.14522e-08 1.84123e-08
0.0582131 0.0133514 0.0070226 0.00374788 0.00200181 0.00107051 0.000574495 0.00030985 0.000168032 9.16104e-05 5.01889e-05 2.76143e-05 1.52504e-05 8.44939e-06 4.69433e-06 2.61434e-06 1.45899e-06 8.1569e-07 4.56757e-07 2.56123e-07 1.43796e-07 8.08189e-08 4.54667e-08 2.55992e-08 1.44219e-08 8.12654e-09 4.57563e-09 2.56761e-09 1.42589e-09 7.68588e-10 4.34916e-10
0.0319937 0.0070226 0.003267 0.00161599 0.000824598 0.000428801 0.000226081 0.000120532 6.48584e-05 3.51717e-05 1.91967e-05 1.0534e-05 5.80649e-06 3.21265e-06 1.78315e-06 9.9238e-07 5.53558e-07 3.09388e-07 1.73215e-07 9.7121e-08 5.45261e-08 3.06471e-08 1.72425e-08 9.70868e-09 5.46939e-09 3.08083e-09 1.73252e-09 9.68829e-10 5.33301e-10 2.98521e-10 1.68972e-10
0.0191424 0.00374788 0.00161599 0.000756425 0.00037211 0.000188948 9.80716e-05 5.17353e-05 2.76346e-05 1.49068e-05 8.10447e-06 4.43415e-06 2.43856e-06 1.34678e-06 7.46433e-07 4.14921e-07 2.3122e-07 1.29126e-07 7.22429e-08 4.04827e-08 2.27166e-08 1.27625e-08 7.17748e-09 4.03968e-09 2.2745e-09 1.27997e-09 7.1837e-10 4.00018e-10 2.24955e-10 1.25919e-10 7.12658e-11
0.0118575 0.00200181 0.000824598 0.00037211 0.000178355 8.89764e-05 4.563e-05 2.38704e-05 1.26739e-05 6.806e-06 3.68742e-06 2.0119e-06 1.10393e-06 6.08528e-07 3.3672e-07 1.8691e-07 1.0403e-07 5.80323e-08 3.24361e-08 1.81602e-08 1.01823e-08 5.71633e-09 3.2125e-09 1.80674e-09 1.01635e-09 5.71192e-10 3.19875e-10 1.80095e-10 1.01264e-10 5.66719e-11 3.20616e-11
0.0074148 0.00107051 0.000428801 0.000188948 8.89764e-05 4.38391e-05 2.22871e-05 1.15864e-05 6.1231e-06 3.27625e-06 1.76983e-06 9.63275e-07 5.27443e-07 2.90213e-07 1.60324e-07 8.88648e-08 4.93948e-08 2.75214e-08 1.53657e-08 8.5941e-09 4.81409e-09 2.70021e-09 1.51615e-09 8.51922e-10 4.78723e-10 2.68678e-10 1.5124e-10 8.51223e-11 4.78463e-11 2.67692e-11 1.51361e-11
0.00462901 0.000574495 0.000226081 9.80716e-05 4.563e-05 2.22871e-05 1.12593e-05 5.82604e-06 3.06774e-06 1.63659e-06 8.81885e-07 4.7895e-07 2.61748e-07 1.43772e-07 7.93007e-08 4.38921e-08 2.43649e-08 1.35589e-08 7.56156e-09 4.22474e-09 2.36418e-09 1.3248e-09 7.4317e-10 4.17178e-10 2.34182e-10 1.31704e-10 7.41003e-11 4.16863e-11 2.34212e-11 1.30992e-11 7.40218e-12
0.00287334 0.00030985 0.000120532 5.17353e-05 2.38704e-05 1.15864e-05 5.82604e-06 3.00371e-06 1.57698e-06 8.39199e-07 4.51225e-07 2.44583e-07 1.3343e-07 7.31722e-08 4.02997e-08 2.22747e-08 1.23491e-08 6.86395e-09 3.82363e-09 2.13406e-09 1.19304e-09 6.67895e-10 3.74315e-10 2.09926e-10 1.17905e-10 6.62698e-11 3.7264e-11 2.09523e-11 1.17663e-11 6.57836e-12 3.71503e-12
0.00177169 0.000168032 6.48584e-05 2.76346e-05 1.26739e-05 6.1231e-06 3.06774e-06 1.57698e-06 8.25871e-07 4.38539e-07 2.35337e-07 1.27336e-07 6.93536e-08 3.79755e-08 2.08856e-08 1.15289e-08 6.38375e-09 3.54419e-09 1.97219e-09 1.09961e-09 6.14135e-10 3.43488e-10 1.92333e-10 1.07845e-10 6.05301e-11 3.39997e-11 1.91069e-11 1.07373e-11 6.02682e-12 3.36827e-12 1.90103e-12
0.00108546 9.16104e-05 3.51717e-05 1.49068e-05 6.806e-06 3.27625e-06 1.63659e-06 8.39199e-07 4.38539e-07 2.32411e-07 1.24499e-07 6.72532e-08 3.65735e-08 1.99978e-08 1.09837e-08 6.05547e-09 3.34911e-09 1.85735e-09 1.03247e-09 5.75098e-10 3.20896e-10 1.7932e-10 1.00355e-10 5.62306e-11 3.15388e-11 1.7704e-11 9.94322e-12 5.5846e-12 3.13311e-12 1.75041e-12 9.8734e-13
0.000661263 5.01889e-05 1.91967e-05 8.10447e-06 3.68742e-06 1.76983e-06 8.81885e-07 4.51225e-07 2.35337e-07 1.24499e-07 6.6582e-08 3.59119e-08 1.95016e-08 1.06489e-08 5.84154e-09 3.21674e-09 1.77712e-09 9.84532e-10 5.46747e-10 3.04261e-10 1.69624e-10 9.47229e-11 5.29711e-11 2.96593e-11 1.66243e-11 9.32605e-12 5.23479e-12 2.93854e-12 1.64782e-12 9.20287e-13 5.18811e-13
0.000400854 2.76143e-05 1.0534e-05 4.43415e-06 2.0119e-06 9.63275e-07 4.7895e-07 2.44583e-07 1.27336e-07 6.72532e-08 3.59119e-08 1.93419e-08 1.04893e-08 5.72052e-09 3.13433e-09 1.72405e-09 9.51477e-10 5.26603e-10 2.9217e-10 1.62448e-10 9.04952e-11 5.04962e-11 2.82181e-11 1.57889e-11 8.84412e-12 4.95845e-12 2.78165e-12 1.56067e-12 8.74764e-13 4.88382e-13 2.75179e-13
0.000241962 1.52504e-05 5.80649e-06 2.43856e-06 1.10393e-06 5.27443e-07 2.61748e-07 1.3343e-07 6.93536e-08 3.65735e-08 1.95016e-08 1.04893e-08 5.68133e-09 3.09473e-09 1.69375e-09 9.30679e-10 5.13121e-10 2.83727e-10 1.57279e-10 8.73787e-11 4.86384e-11 2.71203e-11 1.51447e-11 8.4684e-12 4.74063e-12 2.65628e-12 1.48935e-12 8.35193e-13 4.67927e-13 2.61161e-13 1.47077e-13
0.000145514 8.44939e-06 3.21265e-06 1.34678e-06 6.08528e-07 2.90213e-07 1.43772e-07 7.31722e-08 3.79755e-08 1.99978e-08 1.06489e-08 5.72052e-09 3.09473e-09 1.68389e-09 9.20626e-10 5.05366e-10 2.78369e-10 1.53787e-10 8.51805e-11 4.72864e-11 2.63021e-11 1.46555e-11 8.17864e-12 4.57036e-12 2.55698e-12 1.43194e-12 8.02455e-13 4.49784e-13 2.51891e-13 1.40543e-13 7.91112e-14
8.72304e-05 4.69433e-06 1.78315e-06 7.46433e-07 3.3672e-07 1.60324e-07 7.93007e-08 4.02997e-08 2.08856e-08 1.09837e-08 5.84154e-09 3.13433e-09 1.69375e-09 9.20626e-10 5.02834e-10 2.75767e-10 1.51767e-10 8.37764e-11 4.63663e-11 2.57204e-11 1.42964e-11 7.96067e-12 4.43973e-12 2.47952e-12 1.38644e-12 7.76009e-13 4.34656e-13 2.43518e-13 1.36322e-13 7.60389e-14 4.27823e-14
5.21441e-05 2.61434e-06 9.9238e-07 4.14921e-07 1.8691e-07 8.88648e-08 4.38921e-08 2.22747e-08 1.15289e-08 6.05547e-09 3.21674e-09 1.72405e-09 9.30679e-10 5.05366e-10 2.75767e-10 1.51105e-10 8.30918e-11 4.58314e-11 2.53468e-11 1.40505e-11 7.80466e-12 4.34314e-12 2.42075e-12 1.35118e-12 7.55116e-13 4.22435e-13 2.36501e-13 1.32442e-13 7.41129e-14 4.13279e-14 2.32424e-14
3.10926e-05 1.45899e-06 5.53558e-07 2.3122e-07 1.0403e-07 4.93948e-08 2.43649e-08 1.23491e-08 6.38375e-09 3.34911e-09 1.77712e-09 9.51477e-10 5.13121e-10 2.78369e-10 1.51767e-10 8.30918e-11 4.56559e-11 2.51641e-11 1.39071e-11 7.70402e-12 4.27665e-12 2.37844e-12 1.32493e-12 7.3913e-13 4.12855e-13 2.30852e-13 1.29184e-13 7.23135e-14 4.04507e-14 2.25507e-14 1.2677e-14
1.84988e-05 8.1569e-07 3.09388e-07 1.29126e-07 5.80323e-08 2.75214e-08 1.35589e-08 6.86395e-09 3.54419e-09 1.85735e-09 9.84532e-10 5.26603e-10 2.83727e-10 1.53787e-10 8.37764e-11 4.58314e-11 2.51641e-11 1.38599e-11 7.65467e-12 4.23773e-12 2.35104e-12 1.30677e-12 7.27553e-13 4.05666e-13 2.26481e-13 1.2658e-13 7.08029e-14 3.96176e-14 2.21535e-14 1.2347e-14 6.93818e-15
1.0984e-05 4.56757e-07 1.73215e-07 7.22429e-08 3.24361e-08 1.53657e-08 7.56156e-09 3.82363e-09 1.97219e-09 1.03247e-09 5.46747e-10 2.9217e-10 1.57279e-10 8.51805e-11 4.63663e-11 2.53468e-11 1.39071e-11 7.65467e-12 4.22491e-12 2.33757e-12 1.29611e-12 7.20025e-13 4.0067e-13 2.23294e-13 1.24605e-13 6.96109e-14 3.89207e-14 2.17696e-14 1.2169e-14 6.78063e-15 3.80879e-15
6.51018e-06 2.56123e-07 9.7121e-08 4.04827e-08 1.81602e-08 8.5941e-09 4.22474e-09 2.13406e-09 1.09961e-09 5.75098e-10 3.04261e-10 1.62448e-10 8.73787e-11 4.72864e-11 2.57204e-11 1.40505e-11 7.70402e-12 4.23773e-12 2.33757e-12 1.2926e-12 7.16317e-13 3.97727e-13 2.21212e-13 1.23224e-13 6.87321e-14 3.83809e-14 2.14509e-14 1.19937e-14 6.70221e-15 3.73361e-15 2.09645e-15
3.85223e-06 1.43796e-07 5.45261e-08 2.27166e-08 1.01823e-08 4.81409e-09 2.36418e-09 1.19304e-09 6.14135e-10 3.20896e-10 1.69624e-10 9.04952e-11 4.86384e-11 2.63021e-11 1.42964e-11 7.80466e-12 4.27665e-12 2.35104e-12 1.29611e-12 7.16317e-13 3.96755e-13 2.20184e-13 1.22407e-13 6.81547e-14 3.79992e-14 2.12106e-14 1.18499e-14 6.62322e-15 3.69997e-15 2.06068e-15 1.15668e-15
2.27604e-06 8.08189e-08 3.06471e-08 1.27625e-08 5.71633e-09 2.70021e-09 1.3248e-09 6.67895e-10 3.43488e-10 1.7932e-10 9.47229e-11 5.04962e-11 2.71203e-11 1.46555e-11 7.96067e-12 4.34314e-12 2.37844e-12 1.30677e-12 7.20025e-13 3.97727e-13 2.20184e-13 1.22137e-13 6.78687e-14 3.77722e-14 2.1051e-14 1.17458e-14 6.55969e-15 3.66512e-15 2.04685e-15 1.13973e-15 6.39527e-16
1.34291e-06 4.54667e-08 1.72425e-08 7.17748e-09 3.2125e-09 1.51615e-09 7.4317e-10 3.74315e-10 1.92333e-10 1.00355e-10 5.29711e-11 2.82181e-11 1.51447e-11 8.17864e-12 4.43973e-12 2.42075e-12 1.32493e-12 7.27553e-13 4.0067e-13 2.21212e-13 1.22407e-13 6.78687e-14 3.76969e-14 2.09715e-14 1.16831e-14 6.51634e-15 3.63791e-15 2.03196e-15 1.13445e-15 6.31556e-16 3.54263e-16
7.9132e-07 2.55992e-08 9.70868e-09 4.03968e-09 1.80674e-09 8.51922e-10 4.17178e-10 2.09926e-10 1.07845e-10 5.62306e-11 2.96593e-11 1.57889e-11 8.4684e-12 4.57036e-12 2.47952e-12 1.35118e-12 7.3913e-13 4.05666e-13 2.23294e-13 1.23224e-13 6.81547e-14 3.77722e-14 2.09715e-14 1.16622e-14 6.49449e-15 3.62106e-15 2.02086e-15 1.1284e-15 6.29814e-16 3.5055e-16 1.96575e-16
4.65717e-07 1.44219e-08 5.46939e-09 2.2745e-09 1.01635e-09 4.78723e-10 2.34182e-10 1.17905e-10 6.05301e-11 3.15388e-11 1.66243e-11 8.84412e-12 4.74063e-12 2.55698e-12 1.38644e-12 7.55116e-13 4.12855e-13 2.26481e-13 1.24605e-13 6.87321e-14 3.79992e-14 2.1051e-14 1.16831e-14 6.49449e-15 3.61537e-15 2.01509e-15 1.12422e-15 6.27547e-16 3.50172e-16 1.94866e-16 1.0924e-16
2.73743e-07 8.12654e-09 3.08083e-09 1.27997e-09 5.71192e-10 2.68678e-10 1.31704e-10 6.62698e-11 3.39997e-11 1.7704e-11 9.32605e-12 4.95845e-12 2.65628e-12 1.43194e-12 7.76009e-13 4.22435e-13 2.30852e-13 1.2658e-13 6.96109e-14 3.83809e-14 2.12106e-14 1.17458e-14 6.51634e-15 3.62106e-15 2.01509e-15 1.12277e-15 6.26203e-16 3.49448e-16 1.94943e-16 1.08463e-16 6.07858e-17
1.60656e-07 4.57563e-09 1.73252e-09 7.1837e-10 3.19875e-10 1.5124e-10 7.41003e-11 3.7264e-11 1.91069e-11 9.94322e-12 5.23479e-12 2.78165e-12 1.48935e-12 8.02455e-13 4.34656e-13 2.36501e-13 1.29184e-13 7.08029e-14 3.89207e-14 2.14509e-14 1.18499e-14 6.55969e-15 3.63791e-15 2.02086e-15 1.12422e-15 6.26203e-16 3.4915e-16 1.94787e-16 1.08637e-16 6.04331e-17 3.38593e-17
9.40549e-08 2.56761e-09 9.68829e-10 4.00018e-10 1.80095e-10 8.51223e-11 4.16863e-11 2.09523e-11 1.07373e-11 5.5846e-12 2.93854e-12 1.56067e-12 8.35193e-13 4.49784e-13 2.43518e-13 1.32442e-13 7.23135e-14 3.96176e-14 2.17696e-14 1.19937e-14 6.62322e-15 3.66512e-15 2.03196e-15 1.1284e-15 6.27547e-16 3.49448e-16 1.94787e-16 1.08642e-16 6.05783e-17 3.36932e-17 1.88727e-17
5.47712e-08 1.42589e-09 5.33301e-10 2.24955e-10 1.01264e-10 4.78463e-11 2.34212e-11 1.17663e-11 6.02682e-12 3.13311e-12 1.64782e-12 8.74764e-13 4.67927e-13 2.51891e-13 1.36322e-13 7.41129e-14 4.04507e-14 2.21535e-14 1.2169e-14 6.70221e-15 3.69997e-15 2.04685e-15 1.13445e-15 6.29814e-16 3.50172e-16 1.94943e-16 1.08637e-16 6.05783e-17 3.37715e-17 1.87808e-17 1.05174e-17
3.14522e-08 7.68588e-10 2.98521e-10 1.25919e-10 5.66719e-11 2.67692e-11 1.30992e-11 6.57836e-12 3.36827e-12 1.75041e-12 9.20287e-13 4.88382e-13 2.61161e-13 1.40543e-13 7.60389e-14 4.13279e-14 2.25507e-14 1.2347e-14 6.78063e-15 3.73361e-15 2.06068e-15 1.13973e-15 6.31556e-16 3.5055e-16 1.94866e-16 1.08463e-16 6.04331e-17 3.36932e-17 1.87808e-17 1.04431e-17 5.84727e-18
1.84123e-08 4.34916e-10 1.68972e-10 7.12658e-11 3.20616e-11 1.51361e-11 7.40218e-12 3.71503e-12 1.90103e-12 9.8734e-13 5.18811e-13 2.75179e-13 1.47077e-13 7.91112e-14 4.27823e-14 2.32424e-14 1.2677e-14 6.93818e-15 3.80879e-15 2.09645e-15 1.15668e-15 6.39527e-16 3.54263e-16 1.96575e-16 1.0924e-16 6.07858e-17 3.38593e-17 1.88727e-17 1.05174e-17 5.84727e-18 3.27315e-18
