0.404354 0.134785 0.0449282 0.0149761 0.00499202 0.00166401 0.000554669 0.00018489 6.16299e-05 2.05433e-05 6.84777e-06 2.28259e-06 7.60863e-07 2.53621e-07 8.45403e-08 2.81801e-08 9.39337e-09 3.13112e-09 1.04371e-09 3.47903e-10 1.15968e-10 3.86558e-11 1.28853e-11 4.29509e-12 1.4317e-12 4.77233e-13 1.59078e-13 5.30258e-14 1.76753e-14 5.89176e-15 1.96392e-15 6.5464e-16 2.18213e-16 7.27378e-17 2.42459e-17 8.08198e-18 2.69399e-18 8.97997e-19 2.99332e-19 9.97775e-20 3.32592e-20 1.10864e-20 3.69546e-21 1.23182e-21 4.10607e-22 1.36869e-22 4.5623e-23 1.52077e-23 5.06922e-24 1.68974e-24 5.63247e-25 1.87749e-25 6.2583e-26 2.0861e-26 6.95366e-27 2.31789e-27 7.72629e-28 2.57543e-28 8.58477e-29 2.86159e-29 9.53863e-30 3.17954e-30 1.05985e-30 3.53283e-31 1.17761e-31 3.92536e-32 1.30845e-32 4.36152e-33 1.45384e-33 4.84613e-34 1.61538e-34 5.38459e-35 1.79486e-35 5.98287e-36 1.99429e-36 6.64764e-37 2.21588e-37 7.38627e-38 2.46209e-38 8.20696e-39 2.73565e-39 9.11885e-40 3.03962e-40 1.01321e-40 3.37735e-41 1.12578e-41 3.75261e-42 1.25087e-42 4.16957e-43 1.38986e-43 4.63285e-44 1.54428e-44 5.14762e-45 1.71587e-45 5.71957e-46 1.90652e-46 6.35508e-47 2.11836e-47 7.0612e-48 2.35373e-48 7.84578e-49
0.134785 0.061139 0.0257833 0.0103956 0.00406561 0.00155534 0.000585157 0.000217289 7.98421e-05 2.90848e-05 1.05185e-05 3.78071e-06 1.35175e-06 4.81086e-07 1.7053e-07 6.02325e-08 2.12073e-08 7.44568e-09 2.60742e-09 9.10983e-10 3.17609e-10 1.10519e-10 3.83893e-11 1.3313e-11 4.60987e-12 1.59402e-12 5.50473e-13 1.89868e-13 6.54153e-14 2.25137e-14 7.74078e-15 2.65899e-15 9.12577e-16 3.12941e-16 1.0723e-16 3.67152e-17 1.25624e-17 4.29548e-18 1.46783e-18 5.01276e-19 1.71092e-19 5.83641e-20 1.98992e-20 6.78121e-21 2.30979e-21 7.86391e-22 2.67617e-22 9.10349e-23 3.09546e-23 1.05214e-23 3.57489e-24 1.21421e-24 4.12264e-25 1.3993e-25 4.74798e-26 1.61054e-26 5.46138e-27 1.85144e-27 6.2747e-28 2.12598e-28 7.20134e-29 2.43869e-29 8.25643e-30 2.79463e-30 9.45708e-31 3.19957e-31 1.08226e-31 3.65999e-32 1.23748e-32 4.18323e-33 1.41384e-33 4.77755e-34 1.61411e-34 5.45231e-35 1.84142e-35 6.21802e-36 2.09933e-36 7.08659e-37 2.39181e-37 8.0714e-38 2.72337e-38 9.18757e-39 3.09908e-39 1.04521e-39 3.52466e-40 1.18843e-40 4.00656e-41 1.35056e-41 4.55203e-42 1.53406e-42 5.16925e-43 1.74166e-43 5.86744e-44 1.97645e-44 6.65695e-45 2.24191e-45 7.54948e-46 2.54197e-46 8.55817e-47 2.88103e-47 9.6978e-48
0.0449282 0.0257833 0.0128467 0.00591631 0.00258901 0.00109271 0.000448827 0.000180481 7.13423e-05 2.78053e-05 1.0709e-05 4.08287e-06 1.54303e-06 5.78704e-07 2.15578e-07 7.98256e-08 2.93999e-08 1.07757e-08 3.93225e-09 1.42923e-09 5.17581e-10 1.8681e-10 6.72173e-11 2.4117e-11 8.63013e-12 3.08066e-12 1.09717e-12 3.89918e-13 1.38293e-13 4.89564e-14 1.73001e-14 6.10329e-15 2.14978e-15 7.56095e-16 2.6555e-16 9.31395e-17 3.26264e-17 1.14151e-17 3.98925e-18 1.3926e-18 4.85628e-19 1.6918e-19 5.88813e-20 2.04743e-20 7.11307e-21 2.46911e-21 8.56394e-22 2.96803e-22 1.02787e-22 3.55712e-23 1.23014e-23 4.25133e-24 1.4683e-24 5.06797e-25 1.74821e-25 6.02701e-26 2.07667e-26 7.1515e-27 2.4615e-27 8.46803e-28 2.91173e-28 1.00072e-28 3.43776e-29 1.18044e-29 4.05155e-30 1.39e-30 4.76687e-31 1.63409e-31 5.59954e-32 1.91807e-32 6.56774e-33 2.24809e-33 7.69235e-34 2.63123e-34 8.99734e-35 3.0756e-35 1.05102e-35 3.59052e-36 1.22624e-36 4.18663e-37 1.429e-37 4.87617e-38 1.66344e-38 5.67311e-39 1.9343e-39 6.59347e-40 2.24697e-40 7.65555e-41 2.60767e-41 8.88029e-42 3.02346e-42 1.02916e-42 3.50243e-43 1.19169e-43 4.05382e-44 1.37873e-44 4.68818e-45 1.59384e-45 5.41755e-46 1.8411e-46 6.25566e-47
0.0149761 0.0103956 0.00591631 0.00303183 0.00145343 0.00066484 0.000293618 0.000126157 5.30153e-05 2.18734e-05 8.88606e-06 3.56242e-06 1.41185e-06 5.53931e-07 2.15403e-07 8.30992e-08 3.18304e-08 1.21141e-08 4.58347e-09 1.72496e-09 6.4601e-10 2.40848e-10 8.94211e-11 3.30722e-11 1.2188e-11 4.47663e-12 1.63914e-12 5.98432e-13 2.17883e-13 7.91249e-14 2.86648e-14 1.03607e-14 3.7367e-15 1.34492e-15 4.83125e-16 1.73229e-16 6.20035e-17 2.21557e-17 7.90429e-18 2.81564e-18 1.00152e-18 3.55744e-19 1.26193e-19 4.47074e-20 1.58194e-20 5.591e-21 1.97377e-21 6.96037e-22 2.45196e-22 8.6289e-23 3.03372e-23 1.06559e-23 3.73945e-24 1.31114e-24 4.59326e-25 1.60783e-25 5.62361e-26 1.96544e-26 6.86405e-27 2.39547e-27 8.35407e-28 2.91147e-28 1.01401e-28 3.52936e-29 1.22767e-29 4.26783e-30 1.48279e-30 5.14877e-31 1.78685e-31 6.19786e-32 2.14865e-32 7.4451e-33 2.57845e-33 8.9256e-34 3.08824e-34 1.06803e-34 3.69202e-35 1.27571e-35 4.40613e-36 1.52118e-36 5.24958e-37 1.81091e-37 6.24454e-38 2.15248e-38 7.41679e-39 2.55467e-39 8.79629e-40 3.0277e-40 1.04179e-40 3.58343e-41 1.23219e-41 4.23563e-42 1.45553e-42 5.00026e-43 1.71725e-43 5.89583e-44 2.02363e-44 6.94376e-45 2.38198e-45 8.16886e-46 2.80072e-46
0.00499202 0.00406561 0.00258901 0.00145343 0.000753633 0.000369601 0.000173856 7.91514e-05 3.50958e-05 1.52246e-05 6.48342e-06 2.71752e-06 1.12345e-06 4.58858e-07 1.85413e-07 7.42061e-08 2.94438e-08 1.1592e-08 4.53148e-09 1.75996e-09 6.79482e-10 2.60897e-10 9.96675e-11 3.78959e-11 1.43458e-11 5.40855e-12 2.0313e-12 7.60165e-13 2.83515e-13 1.05406e-13 3.90707e-14 1.44413e-14 5.32353e-15 1.95743e-15 7.18003e-16 2.62765e-16 9.59535e-17 3.49662e-17 1.27167e-17 4.61607e-18 1.67256e-18 6.04974e-19 2.18457e-19 7.87592e-20 2.83511e-20 1.01905e-20 3.65769e-21 1.31106e-21 4.6932e-22 1.67789e-22 5.99139e-23 2.13687e-23 7.61259e-24 2.709e-24 9.62991e-25 3.4197e-25 1.21316e-25 4.29963e-26 1.52243e-26 5.38576e-27 1.90359e-27 6.7225e-28 2.37206e-28 8.36317e-29 2.94629e-29 1.03717e-29 3.64839e-30 1.28245e-30 4.50477e-31 1.58128e-31 5.54698e-32 1.94457e-32 6.81262e-33 2.38527e-33 8.34641e-34 2.91882e-34 1.02016e-34 3.56355e-35 1.24412e-35 4.34119e-36 1.51402e-36 5.27753e-37 1.83872e-37 6.40306e-38 2.22871e-38 7.75384e-39 2.69639e-39 9.37248e-40 3.25639e-40 1.13092e-40 3.92598e-41 1.36234e-41 4.72549e-42 1.63846e-42 5.67884e-43 1.96752e-43 6.81421e-44 2.35914e-44 8.16465e-45 2.82468e-45 9.769e-46
0.00166401 0.00155534 0.00109271 0.00066484 0.000369601 0.000192877 9.59951e-05 4.60349e-05 2.14222e-05 9.72307e-06 4.32091e-06 1.88569e-06 8.10047e-07 3.4318e-07 1.43609e-07 5.94371e-08 2.43568e-08 9.89182e-09 3.9845e-09 1.59299e-09 6.32498e-10 2.49541e-10 9.78739e-11 3.81782e-11 1.48166e-11 5.72287e-12 2.20061e-12 8.4266e-13 3.21404e-13 1.22135e-13 4.62492e-14 1.74554e-14 6.56733e-15 2.46351e-15 9.21486e-16 3.43758e-16 1.27909e-16 4.7477e-17 1.75812e-17 6.49596e-18 2.395e-18 8.81207e-19 3.23589e-19 1.18601e-19 4.33906e-20 1.58469e-20 5.77778e-21 2.10318e-21 7.64387e-22 2.77394e-22 1.0052e-22 3.63743e-23 1.31447e-23 4.74391e-24 1.70991e-24 6.15567e-25 2.21341e-25 7.94964e-26 2.852e-26 1.02207e-26 3.65892e-27 1.30853e-27 4.67502e-28 1.66865e-28 5.9503e-29 2.11991e-29 7.54589e-30 2.68367e-30 9.53635e-31 3.38595e-31 1.20125e-31 4.25839e-32 1.50845e-32 5.33941e-33 1.88861e-33 6.67556e-34 2.35794e-34 8.32313e-35 2.936e-35 1.03502e-35 3.64641e-36 1.28386e-36 4.51763e-37 1.58873e-37 5.58391e-38 1.96148e-38 6.88638e-39 2.41638e-39 8.47442e-40 2.97051e-40 1.04072e-40 3.64435e-41 1.27554e-41 4.46236e-42 1.56038e-42 5.45381e-43 1.90534e-43 6.65357e-44 2.32247e-44 8.10325e-45 2.82611e-45
0.000554669 0.000585157 0.000448827 0.000293618 0.000173856 9.59951e-05 5.02985e-05 2.52935e-05 1.23025e-05 5.82044e-06 2.68991e-06 1.21833e-06 5.42202e-07 2.37598e-07 1.02696e-07 4.38452e-08 1.85128e-08 7.73836e-09 3.2051e-09 1.31638e-09 5.36492e-10 2.17091e-10 8.72657e-11 3.48636e-11 1.38486e-11 5.47155e-12 2.15095e-12 8.4158e-13 3.27816e-13 1.27157e-13 4.9128e-14 1.89098e-14 7.2527e-15 2.77232e-15 1.05631e-15 4.01245e-16 1.51971e-16 5.73984e-17 2.16214e-17 8.12382e-18 3.04493e-18 1.13862e-18 4.24818e-19 1.58158e-19 5.87599e-20 2.17873e-20 8.06291e-21 2.97836e-21 1.09821e-21 4.04248e-22 1.48555e-22 5.45043e-23 1.99663e-23 7.3032e-24 2.66746e-24 9.72902e-25 3.54363e-25 1.289e-25 4.68275e-26 1.69906e-26 6.15728e-27 2.22875e-27 8.05817e-28 2.91025e-28 1.04992e-28 3.78377e-29 1.36223e-29 4.89941e-30 1.76042e-30 6.31944e-31 2.26642e-31 8.12108e-32 2.90741e-32 1.03999e-32 3.71695e-33 1.32737e-33 4.73645e-34 1.68879e-34 6.01687e-35 2.14211e-35 7.62077e-36 2.70924e-36 9.62487e-37 3.41702e-37 1.21231e-37 4.29827e-38 1.523e-38 5.39305e-39 1.90855e-39 6.75015e-40 2.38599e-40 8.42896e-41 2.97601e-41 1.05016e-41 3.70374e-42 1.30555e-42 4.59963e-43 1.61968e-43 5.70054e-44 2.00535e-44 7.05103e-45
0.00018489 0.000217289 0.000180481 0.000126157 7.91514e-05 4.60349e-05 2.52935e-05 1.32901e-05 6.73451e-06 3.31126e-06 1.58702e-06 7.44077e-07 3.42234e-07 1.5477e-07 6.89477e-08 3.03041e-08 1.31584e-08 5.6508e-09 2.40238e-09 1.01196e-09 4.22661e-10 1.75149e-10 7.20536e-11 2.94414e-11 1.1954e-11 4.82498e-12 1.93672e-12 7.73337e-13 3.07282e-13 1.21531e-13 4.78557e-14 1.87661e-14 7.32994e-15 2.85233e-15 1.10599e-15 4.27392e-16 1.64624e-16 6.32145e-17 2.42022e-17 9.23977e-18 3.51794e-18 1.33593e-18 5.06052e-19 1.91233e-19 7.20984e-20 2.71221e-20 1.0181e-20 3.81382e-21 1.42582e-21 5.32027e-22 1.98151e-22 7.36679e-23 2.73405e-23 1.01299e-23 3.7471e-24 1.38389e-24 5.10322e-25 1.87907e-25 6.90903e-26 2.53679e-26 9.30172e-27 3.4062e-27 1.24572e-27 4.55018e-28 1.66001e-28 6.04898e-29 2.20168e-29 8.0046e-30 2.90705e-30 1.05464e-30 3.82213e-31 1.38378e-31 5.00498e-32 1.8085e-32 6.52873e-33 2.35472e-33 8.48518e-34 3.05494e-34 1.09894e-34 3.94984e-35 1.4185e-35 5.0902e-36 1.82515e-36 6.53928e-37 2.34118e-37 8.37572e-38 2.99431e-38 1.06971e-38 3.81886e-39 1.36241e-39 4.8573e-40 1.73061e-40 6.16208e-41 2.19272e-41 7.79783e-42 2.77142e-42 9.84406e-43 3.49458e-43 1.23985e-43 4.39642e-44 1.55809e-44
6.16299e-05 7.98421e-05 7.13423e-05 5.30153e-05 3.50958e-05 2.14222e-05 1.23025e-05 6.73451e-06 3.5458e-06 1.8074e-06 8.96306e-07 4.34083e-07 2.05928e-07 9.59268e-08 4.39664e-08 1.98601e-08 8.85396e-09 3.9004e-09 1.69961e-09 7.33238e-10 3.1343e-10 1.32842e-10 5.58593e-11 2.33163e-11 9.66582e-12 3.98129e-12 1.63e-12 6.63565e-13 2.68693e-13 1.08251e-13 4.34045e-14 1.73248e-14 6.88547e-15 2.72536e-15 1.07454e-15 4.22097e-16 1.6522e-16 6.44532e-17 2.50623e-17 9.71516e-18 3.75482e-18 1.44707e-18 5.56163e-19 2.13192e-19 8.15153e-20 3.1092e-20 1.18314e-20 4.49203e-21 1.70176e-21 6.43332e-22 2.4271e-22 9.13864e-23 3.43437e-23 1.28828e-23 4.82387e-24 1.80313e-24 6.72867e-25 2.50681e-25 9.32453e-26 3.46309e-26 1.28426e-26 4.75565e-27 1.75854e-27 6.49383e-28 2.39479e-28 8.82002e-29 3.2443e-29 1.19189e-29 4.37349e-30 1.60291e-30 5.86808e-31 2.14584e-31 7.83836e-32 2.86016e-32 1.04257e-32 3.79647e-33 1.3811e-33 5.01935e-34 1.82246e-34 6.61103e-35 2.39599e-35 8.67594e-36 3.13886e-36 1.13464e-36 4.0981e-37 1.47895e-37 5.33309e-38 1.92161e-38 6.91861e-39 2.48912e-39 8.94859e-40 3.21476e-40 1.15408e-40 4.14021e-41 1.48427e-41 5.31757e-42 1.90383e-42 6.81184e-43 2.43571e-43 8.70395e-44 3.10844e-44
2.05433e-05 2.90848e-05 2.78053e-05 2.18734e-05 1.52246e-05 9.72307e-06 5.82044e-06 3.31126e-06 1.8074e-06 9.53108e-07 4.88109e-07 2.43741e-07 1.19061e-07 5.70375e-08 2.68552e-08 1.24493e-08 5.6906e-09 2.56819e-09 1.14559e-09 5.05569e-10 2.20925e-10 9.56623e-11 4.10727e-11 1.74959e-11 7.39796e-12 3.10661e-12 1.29612e-12 5.37464e-13 2.21592e-13 9.08652e-14 3.70685e-14 1.50485e-14 6.08091e-15 2.44641e-15 9.80095e-16 3.91083e-16 1.55457e-16 6.15693e-17 2.42997e-17 9.55835e-18 3.74775e-18 1.46494e-18 5.70929e-19 2.21875e-19 8.5989e-20 3.32378e-20 1.28149e-20 4.9287e-21 1.89113e-21 7.2396e-22 2.76534e-22 1.05403e-22 4.00918e-23 1.52191e-23 5.76605e-24 2.18047e-24 8.23052e-25 3.10124e-25 1.16653e-25 4.38056e-26 1.64232e-26 6.14754e-27 2.29761e-27 8.57439e-28 3.1952e-28 1.18899e-28 4.41832e-29 1.63966e-29 6.07688e-30 2.24932e-30 8.31538e-31 3.07032e-31 1.13232e-31 4.1711e-32 1.53476e-32 5.64092e-33 2.07105e-33 7.59574e-34 2.78293e-34 1.01858e-34 3.7244e-35 1.3605e-35 4.96512e-36 1.81033e-36 6.59464e-37 2.40015e-37 8.72784e-38 3.17106e-38 1.15117e-38 4.17556e-39 1.51336e-39 5.4806e-40 1.98325e-40 7.17126e-41 2.59114e-41 9.35551e-42 3.37546e-42 1.217e-42 4.3848e-43 1.57875e-43 5.68048e-44
6.84777e-06 1.05185e-05 1.0709e-05 8.88606e-06 6.48342e-06 4.32091e-06 2.68991e-06 1.58702e-06 8.96306e-07 4.88109e-07 2.57716e-07 1.32487e-07 6.65386e-08 3.27363e-08 1.5813e-08 7.51348e-09 3.51721e-09 1.62432e-09 7.40908e-10 3.34132e-10 1.49113e-10 6.59017e-11 2.88642e-11 1.25363e-11 5.4022e-12 2.31086e-12 9.81694e-13 4.14335e-13 1.73805e-13 7.24858e-14 3.00648e-14 1.24051e-14 5.09327e-15 2.08136e-15 8.46739e-16 3.43e-16 1.38378e-16 5.56084e-17 2.22633e-17 8.88146e-18 3.5309e-18 1.39911e-18 5.5264e-19 2.17624e-19 8.54466e-20 3.34545e-20 1.30626e-20 5.08697e-21 1.97599e-21 7.65676e-22 2.95987e-22 1.14157e-22 4.39306e-23 1.68692e-23 6.46422e-24 2.47205e-24 9.43511e-25 3.59425e-25 1.36667e-25 5.18729e-26 1.96543e-26 7.43423e-27 2.80735e-27 1.05842e-27 3.98417e-28 1.49746e-28 5.61989e-29 2.10606e-29 7.88132e-30 2.9453e-30 1.0992e-30 4.09687e-31 1.52501e-31 5.66955e-32 2.1052e-32 7.80766e-33 2.89228e-33 1.0702e-33 3.95552e-34 1.46039e-34 5.38603e-35 1.98433e-35 7.30325e-36 2.68524e-36 9.86329e-37 3.61946e-37 1.32695e-37 4.86035e-38 1.77863e-38 6.50305e-39 2.37559e-39 8.67069e-40 3.16208e-40 1.15222e-40 4.19513e-41 1.5262e-41 5.54806e-42 2.0153e-42 7.31493e-43 2.65315e-43 9.61609e-44
2.28259e-06 3.78071e-06 4.08287e-06 3.56242e-06 2.71752e-06 1.88569e-06 1.21833e-06 7.44077e-07 4.34083e-07 2.43741e-07 1.32487e-07 7.00214e-08 3.61107e-08 1.82234e-08 9.02052e-09 4.38829e-09 2.10155e-09 9.92163e-10 4.62331e-10 2.12868e-10 9.69302e-11 4.36872e-11 1.95034e-11 8.62997e-12 3.78706e-12 1.64897e-12 7.1277e-13 3.05982e-13 1.30503e-13 5.53191e-14 2.33133e-14 9.77094e-15 4.07372e-15 1.68997e-15 6.97749e-16 2.86781e-16 1.17359e-16 4.78283e-17 1.94145e-17 7.85085e-18 3.16315e-18 1.26999e-18 5.08177e-19 2.02685e-19 8.05881e-20 3.19457e-20 1.26268e-20 4.97689e-21 1.95635e-21 7.67005e-22 2.99952e-22 1.17015e-22 4.55411e-23 1.76835e-23 6.85117e-24 2.64865e-24 1.02182e-24 3.93407e-25 1.51165e-25 5.79731e-26 2.21918e-26 8.47947e-27 3.23429e-27 1.23152e-27 4.68144e-28 1.77668e-28 6.73205e-29 2.54691e-29 9.62107e-30 3.62906e-30 1.36691e-30 5.14133e-31 1.93115e-31 7.24395e-32 2.71373e-32 1.01532e-32 3.79399e-33 1.41598e-33 5.2784e-34 1.96534e-34 7.3093e-35 2.71536e-35 1.00763e-35 3.73518e-36 1.38313e-36 5.11642e-37 1.89074e-37 6.98016e-38 2.57441e-38 9.48587e-39 3.49197e-39 1.2843e-39 4.71922e-40 1.73257e-40 6.35531e-41 2.32923e-41 8.52954e-42 3.12092e-42 1.14101e-42 4.16824e-43 1.52152e-43
7.60863e-07 1.35175e-06 1.54303e-06 1.41185e-06 1.12345e-06 8.10047e-07 5.42202e-07 3.42234e-07 2.05928e-07 1.19061e-07 6.65386e-08 3.61107e-08 1.91009e-08 9.87682e-09 5.00488e-09 2.49041e-09 1.219e-09 5.87801e-10 2.7958e-10 1.31314e-10 6.09636e-11 2.79996e-11 1.27316e-11 5.7354e-12 2.56125e-12 1.13445e-12 4.98629e-13 2.17582e-13 9.42973e-14 4.06038e-14 1.73769e-14 7.39356e-15 3.12849e-15 1.31683e-15 5.51506e-16 2.29874e-16 9.53773e-17 3.94003e-17 1.62082e-17 6.64084e-18 2.71043e-18 1.10216e-18 4.46583e-19 1.80332e-19 7.25784e-20 2.9118e-20 1.16461e-20 4.64425e-21 1.84674e-21 7.32307e-22 2.89613e-22 1.1424e-22 4.49499e-23 1.76435e-23 6.90899e-24 2.69931e-24 1.05227e-24 4.09321e-25 1.58889e-25 6.15515e-26 2.37971e-26 9.1828e-27 3.53682e-27 1.35975e-27 5.21833e-28 1.99919e-28 7.64619e-29 2.91958e-29 1.11301e-29 4.23644e-30 1.61005e-30 6.10981e-31 2.31518e-31 8.76041e-32 3.31025e-32 1.24912e-32 4.70733e-33 1.77165e-33 6.65934e-34 2.50002e-34 9.37403e-35 3.51069e-35 1.31326e-35 4.90697e-36 1.83143e-36 6.82792e-37 2.54285e-37 9.46007e-38 3.51576e-38 1.30528e-38 4.84123e-39 1.79384e-39 6.64043e-40 2.45584e-40 9.07409e-41 3.34975e-41 1.23548e-41 4.5528e-42 1.67629e-42 6.16669e-43 2.26671e-43
2.53621e-07 4.81086e-07 5.78704e-07 5.53931e-07 4.58858e-07 3.4318e-07 2.37598e-07 1.5477e-07 9.59268e-08 5.70375e-08 3.27363e-08 1.82234e-08 9.87682e-09 5.228e-09 2.7095e-09 1.37786e-09 6.88748e-10 3.38942e-10 1.64428e-10 7.8725e-11 3.72368e-11 1.74158e-11 8.06061e-12 3.69446e-12 1.67791e-12 7.5555e-13 3.37491e-13 1.49611e-13 6.58501e-14 2.87876e-14 1.25045e-14 5.39856e-15 2.31726e-15 9.89177e-16 4.20039e-16 1.7747e-16 7.46232e-17 3.12341e-17 1.30159e-17 5.40112e-18 2.23221e-18 9.18961e-19 3.76906e-19 1.54029e-19 6.27287e-20 2.5461e-20 1.03011e-20 4.15466e-21 1.67063e-21 6.69822e-22 2.67803e-22 1.06779e-22 4.2463e-23 1.68431e-23 6.66433e-24 2.63053e-24 1.03589e-24 4.07006e-25 1.59561e-25 6.24199e-26 2.43676e-26 9.49339e-27 3.69123e-27 1.43247e-27 5.54866e-28 2.14534e-28 8.28003e-29 3.19017e-29 1.22705e-29 4.71183e-30 1.80642e-30 6.91454e-31 2.64265e-31 1.00847e-31 3.84282e-32 1.46222e-32 5.55604e-33 2.10825e-33 7.98904e-34 3.0234e-34 1.14272e-34 4.31354e-35 1.62627e-35 6.12387e-36 2.30327e-36 8.65285e-37 3.24698e-37 1.21707e-37 4.55695e-38 1.70439e-38 6.36802e-39 2.37679e-39 8.86213e-40 3.30105e-40 1.2284e-40 4.56682e-41 1.6962e-41 6.29415e-42 2.33347e-42 8.6433e-43 3.19871e-43
8.45403e-08 1.7053e-07 2.15578e-07 2.15403e-07 1.85413e-07 1.43609e-07 1.02696e-07 6.89477e-08 4.39664e-08 2.68552e-08 1.5813e-08 9.02052e-09 5.00488e-09 2.7095e-09 1.43504e-09 7.45202e-10 3.80127e-10 1.90775e-10 9.43292e-11 4.6007e-11 2.21568e-11 1.05463e-11 4.96543e-12 2.31416e-12 1.06831e-12 4.88787e-13 2.21766e-13 9.98239e-14 4.45992e-14 1.97856e-14 8.71884e-15 3.81773e-15 1.66159e-15 7.19015e-16 3.09433e-16 1.32469e-16 5.64269e-17 2.39206e-17 1.00939e-17 4.24061e-18 1.77402e-18 7.39127e-19 3.06746e-19 1.26824e-19 5.22449e-20 2.14469e-20 8.77442e-21 3.57811e-21 1.45451e-21 5.89463e-22 2.38184e-22 9.59684e-23 3.85603e-23 1.54521e-23 6.17592e-24 2.46218e-24 9.79204e-25 3.885e-25 1.53781e-25 6.0735e-26 2.39344e-26 9.41201e-27 3.69352e-27 1.44651e-27 5.65391e-28 2.20568e-28 8.58866e-29 3.33823e-29 1.29519e-29 5.01646e-30 1.93965e-30 7.48744e-31 2.88562e-31 1.11035e-31 4.26588e-32 1.63645e-32 6.26837e-33 2.39761e-33 9.15777e-34 3.49301e-34 1.33052e-34 5.06134e-35 1.92285e-35 7.29582e-36 2.76478e-36 1.04644e-36 3.95593e-37 1.49373e-37 5.63372e-38 2.1224e-38 7.98688e-39 3.0023e-39 1.12737e-39 4.22886e-40 1.58464e-40 5.932e-41 2.2184e-41 8.28806e-42 3.0935e-42 1.15355e-42 4.29756e-43
2.81801e-08 6.02325e-08 7.98256e-08 8.30992e-08 7.42061e-08 5.94371e-08 4.38452e-08 3.03041e-08 1.98601e-08 1.24493e-08 7.51348e-09 4.38829e-09 2.49041e-09 1.37786e-09 7.45202e-10 3.94884e-10 2.05413e-10 1.05066e-10 5.2916e-11 2.6275e-11 1.28765e-11 6.23402e-12 2.98415e-12 1.41346e-12 6.62901e-13 3.08024e-13 1.41883e-13 6.4819e-14 2.93832e-14 1.32221e-14 5.90848e-15 2.62285e-15 1.15701e-15 5.07335e-16 2.21191e-16 9.59108e-17 4.13712e-17 1.77565e-17 7.5846e-18 3.22486e-18 1.36512e-18 5.75425e-19 2.41564e-19 1.01011e-19 4.20781e-20 1.74646e-20 7.22316e-21 2.97726e-21 1.22314e-21 5.009e-22 2.04498e-22 8.32394e-23 3.37842e-23 1.36735e-23 5.51906e-24 2.2218e-24 8.92135e-25 3.57335e-25 1.42781e-25 5.6917e-26 2.2637e-26 8.98318e-27 3.55712e-27 1.40556e-27 5.54253e-28 2.18119e-28 8.56705e-29 3.35845e-29 1.31413e-29 5.13274e-30 2.0012e-30 7.78891e-31 3.02642e-31 1.17398e-31 4.54667e-32 1.75807e-32 6.78749e-33 2.61652e-33 1.00715e-33 3.87112e-34 1.4858e-34 5.69485e-35 2.17978e-35 8.33225e-36 3.18086e-36 1.21274e-36 4.61793e-37 1.75627e-37 6.67129e-38 2.53112e-38 9.59202e-39 3.63087e-39 1.37286e-39 5.18514e-40 1.95626e-40 7.37278e-41 2.77577e-41 1.04397e-41 3.92245e-42 1.4723e-42 5.52093e-43
9.39337e-09 2.12073e-08 2.93999e-08 3.18304e-08 2.94438e-08 2.43568e-08 1.85128e-08 1.31584e-08 8.85396e-09 5.6906e-09 3.51721e-09 2.10155e-09 1.219e-09 6.88748e-10 3.80127e-10 2.05413e-10 1.08897e-10 5.67324e-11 2.90877e-11 1.46961e-11 7.32481e-12 3.60512e-12 1.75368e-12 8.43776e-13 4.01842e-13 1.89542e-13 8.85991e-14 4.10628e-14 1.88785e-14 8.61341e-15 3.90159e-15 1.75519e-15 7.84457e-16 3.48426e-16 1.53841e-16 6.75416e-17 2.94926e-17 1.28115e-17 5.53763e-18 2.38217e-18 1.02007e-18 4.34879e-19 1.84614e-19 7.80522e-20 3.28696e-20 1.37897e-20 5.76393e-21 2.40074e-21 9.96512e-22 4.1227e-22 1.70015e-22 6.98946e-23 2.86479e-23 1.17078e-23 4.77118e-24 1.93903e-24 7.85927e-25 3.17728e-25 1.28125e-25 5.15402e-26 2.06835e-26 8.28119e-27 3.30812e-27 1.3186e-27 5.2446e-28 2.08163e-28 8.24536e-29 3.2595e-29 1.28603e-29 5.06437e-30 1.99066e-30 7.81057e-31 3.05916e-31 1.19611e-31 4.66882e-32 1.81939e-32 7.07854e-33 2.74964e-33 1.06644e-33 4.12988e-34 1.59697e-34 6.16628e-35 2.37757e-35 9.15455e-36 3.52004e-36 1.35169e-36 5.18365e-37 1.98534e-37 7.59425e-38 2.90132e-38 1.10708e-38 4.21933e-39 1.6062e-39 6.10736e-40 2.31962e-40 8.80032e-41 3.33508e-41 1.26255e-41 4.77454e-42 1.80371e-42 6.80703e-43
3.13112e-09 7.44568e-09 1.07757e-08 1.21141e-08 1.1592e-08 9.89182e-09 7.73836e-09 5.6508e-09 3.9004e-09 2.56819e-09 1.62432e-09 9.92163e-10 5.87801e-10 3.38942e-10 1.90775e-10 1.05066e-10 5.67324e-11 3.00877e-11 1.5696e-11 8.06487e-12 4.08617e-12 2.04355e-12 1.00971e-12 4.9328e-13 2.38449e-13 1.14125e-13 5.41132e-14 2.5433e-14 1.18542e-14 5.48178e-15 2.51606e-15 1.14666e-15 5.19051e-16 2.33446e-16 1.04351e-16 4.63715e-17 2.04912e-17 9.00632e-18 3.93811e-18 1.71347e-18 7.41997e-19 3.19846e-19 1.37268e-19 5.86621e-20 2.49673e-20 1.05846e-20 4.47015e-21 1.88094e-21 7.88649e-22 3.29533e-22 1.37237e-22 5.69692e-23 2.35751e-23 9.72636e-24 4.00102e-24 1.64117e-24 6.7132e-25 2.73866e-25 1.11432e-25 4.52245e-26 1.83089e-26 7.39442e-27 2.97938e-27 1.19771e-27 4.80411e-28 1.92277e-28 7.67931e-29 3.06068e-29 1.21741e-29 4.83282e-30 1.91482e-30 7.57248e-31 2.98917e-31 1.17783e-31 4.63289e-32 1.81918e-32 7.1313e-33 2.79093e-33 1.09051e-33 4.25426e-34 1.6571e-34 6.44493e-35 2.5029e-35 9.70596e-36 3.75851e-36 1.4534e-36 5.61259e-37 2.1645e-37 8.33641e-38 3.20656e-38 1.23183e-38 4.72628e-39 1.81117e-39 6.93229e-40 2.65022e-40 1.01201e-40 3.86006e-41 1.47068e-41 5.5971e-42 2.12785e-42 8.08083e-43
1.04371e-09 2.60742e-09 3.93225e-09 4.58347e-09 4.53148e-09 3.9845e-09 3.2051e-09 2.40238e-09 1.69961e-09 1.14559e-09 7.40908e-10 4.62331e-10 2.7958e-10 1.64428e-10 9.43292e-11 5.2916e-11 2.90877e-11 1.5696e-11 8.32713e-12 4.34927e-12 2.23904e-12 1.13733e-12 5.70544e-13 2.82898e-13 1.38749e-13 6.73566e-14 3.23848e-14 1.54294e-14 7.28829e-15 3.4148e-15 1.58763e-15 7.32739e-16 3.35827e-16 1.52895e-16 6.91689e-17 3.11025e-17 1.39046e-17 6.18167e-18 2.73362e-18 1.20268e-18 5.26534e-19 2.2943e-19 9.95171e-20 4.29775e-20 1.84821e-20 7.91569e-21 3.37689e-21 1.43514e-21 6.07677e-22 2.56393e-22 1.07806e-22 4.51786e-23 1.88719e-23 7.85845e-24 3.26239e-24 1.35036e-24 5.57338e-25 2.2939e-25 9.41573e-26 3.85467e-26 1.574e-26 6.41117e-27 2.60503e-27 1.05598e-27 4.27069e-28 1.7233e-28 6.93854e-29 2.78769e-29 1.11766e-29 4.47187e-30 1.78567e-30 7.11647e-31 2.83074e-31 1.1239e-31 4.45413e-32 1.76207e-32 6.95869e-33 2.7434e-33 1.07976e-33 4.24279e-34 1.66449e-34 6.51974e-35 2.54982e-35 9.95717e-36 3.88257e-36 1.51173e-36 5.87774e-37 2.28214e-37 8.84869e-38 3.42636e-38 1.325e-38 5.11724e-39 1.97381e-39 7.60382e-40 2.92568e-40 1.12434e-40 4.31576e-41 1.65467e-41 6.33679e-42 2.42404e-42 9.26253e-43
3.47903e-10 9.10983e-10 1.42923e-09 1.72496e-09 1.75996e-09 1.59299e-09 1.31638e-09 1.01196e-09 7.33238e-10 5.05569e-10 3.34132e-10 2.12868e-10 1.31314e-10 7.8725e-11 4.6007e-11 2.6275e-11 1.46961e-11 8.06487e-12 4.34927e-12 2.30811e-12 1.20683e-12 6.22369e-13 3.16864e-13 1.59401e-13 7.92918e-14 3.90288e-14 1.90208e-14 9.18344e-15 4.39477e-15 2.08557e-15 9.81882e-16 4.58786e-16 2.12831e-16 9.80581e-17 4.48837e-17 2.04163e-17 9.23138e-18 4.15017e-18 1.85558e-18 8.25275e-19 3.65188e-19 1.60811e-19 7.04819e-20 3.07521e-20 1.33591e-20 5.77899e-21 2.48979e-21 1.06848e-21 4.56795e-22 1.94572e-22 8.25836e-23 3.49309e-23 1.47257e-23 6.18775e-24 2.59193e-24 1.0824e-24 4.50677e-25 1.87107e-25 7.74633e-26 3.19829e-26 1.317e-26 5.4092e-27 2.21609e-27 9.0568e-28 3.69253e-28 1.50197e-28 6.09552e-29 2.46829e-29 9.97335e-30 4.0213e-30 1.61806e-30 6.49751e-31 2.604e-31 1.04159e-31 4.15849e-32 1.65719e-32 6.59209e-33 2.61762e-33 1.03762e-33 4.10615e-34 1.62222e-34 6.39853e-35 2.51975e-35 9.90733e-36 3.88947e-36 1.52466e-36 5.9678e-37 2.33254e-37 9.10391e-38 3.54832e-38 1.3811e-38 5.36839e-39 2.08397e-39 8.07936e-40 3.12832e-40 1.20977e-40 4.67265e-41 1.8026e-41 6.94577e-42 2.67323e-42 1.02767e-42
1.15968e-10 3.17609e-10 5.17581e-10 6.4601e-10 6.79482e-10 6.32498e-10 5.36492e-10 4.22661e-10 3.1343e-10 2.20925e-10 1.49113e-10 9.69302e-11 6.09636e-11 3.72368e-11 2.21568e-11 1.28765e-11 7.32481e-12 4.08617e-12 2.23904e-12 1.20683e-12 6.40631e-13 3.3529e-13 1.73184e-13 8.83577e-14 4.45624e-14 2.22324e-14 1.09792e-14 5.37002e-15 2.60272e-15 1.25065e-15 5.96057e-16 2.81881e-16 1.32321e-16 6.16776e-17 2.85563e-17 1.31365e-17 6.006e-18 2.72978e-18 1.2337e-18 5.54542e-19 2.47965e-19 1.10323e-19 4.88474e-20 2.15275e-20 9.44484e-21 4.12584e-21 1.79478e-21 7.77595e-22 3.35579e-22 1.44275e-22 6.18011e-23 2.63789e-23 1.12207e-23 4.75699e-24 2.01019e-24 8.46783e-25 3.55614e-25 1.489e-25 6.21659e-26 2.58815e-26 1.07457e-26 4.44963e-27 1.83774e-27 7.57087e-28 3.11125e-28 1.27549e-28 5.21678e-29 2.12878e-29 8.66741e-30 3.52126e-30 1.42751e-30 5.77505e-31 2.33156e-31 9.39448e-32 3.77791e-32 1.51636e-32 6.07496e-33 2.42935e-33 9.69754e-34 3.86431e-34 1.53722e-34 6.10481e-35 2.42043e-35 9.58099e-36 3.78653e-36 1.49416e-36 5.887e-37 2.31601e-37 9.09809e-38 3.56891e-38 1.398e-38 5.46859e-39 2.13626e-39 8.33393e-40 3.24695e-40 1.2634e-40 4.90969e-41 1.90558e-41 7.38697e-42 2.86011e-42 1.10607e-42
3.86558e-11 1.10519e-10 1.8681e-10 2.40848e-10 2.60897e-10 2.49541e-10 2.17091e-10 1.75149e-10 1.32842e-10 9.56623e-11 6.59017e-11 4.36872e-11 2.79996e-11 1.74158e-11 1.05463e-11 6.23402e-12 3.60512e-12 2.04355e-12 1.13733e-12 6.22369e-13 3.3529e-13 1.78029e-13 9.32585e-14 4.82391e-14 2.46587e-14 1.24655e-14 6.23596e-15 3.08891e-15 1.51583e-15 7.37312e-16 3.55635e-16 1.70173e-16 8.0812e-17 3.8099e-17 1.78381e-17 8.29679e-18 3.83464e-18 1.76159e-18 8.0456e-19 3.65416e-19 1.65077e-19 7.41893e-20 3.31771e-20 1.47657e-20 6.54128e-21 2.88493e-21 1.26689e-21 5.54027e-22 2.4131e-22 1.04696e-22 4.52524e-23 1.94879e-23 8.36278e-24 3.57636e-24 1.52434e-24 6.47609e-25 2.74269e-25 1.158e-25 4.87471e-26 2.04611e-26 8.56418e-27 3.57477e-27 1.48816e-27 6.17897e-28 2.55905e-28 1.05722e-28 4.35713e-29 1.79147e-29 7.34884e-30 3.0078e-30 1.22836e-30 5.00572e-31 2.03561e-31 8.26099e-32 3.34577e-32 1.3524e-32 5.45606e-33 2.19703e-33 8.83059e-34 3.54291e-34 1.41893e-34 5.67297e-35 2.26423e-35 9.02211e-36 3.5891e-36 1.4255e-36 5.65284e-37 2.23819e-37 8.84848e-38 3.49298e-38 1.37686e-38 5.41953e-39 2.13021e-39 8.36151e-40 3.27761e-40 1.28307e-40 5.01619e-41 1.95857e-41 7.63753e-42 2.97459e-42 1.15709e-42
1.28853e-11 3.83893e-11 6.72173e-11 8.94211e-11 9.96675e-11 9.78739e-11 8.72657e-11 7.20536e-11 5.58593e-11 4.10727e-11 2.88642e-11 1.95034e-11 1.27316e-11 8.06061e-12 4.96543e-12 2.98415e-12 1.75368e-12 1.00971e-12 5.70544e-13 3.16864e-13 1.73184e-13 9.32585e-14 4.95287e-14 2.5966e-14 1.34489e-14 6.88687e-15 3.48897e-15 1.74975e-15 8.69149e-16 4.27832e-16 2.08792e-16 1.01064e-16 4.85396e-17 2.31403e-17 1.09536e-17 5.14994e-18 2.40562e-18 1.11673e-18 5.15322e-19 2.36439e-19 1.07887e-19 4.89681e-20 2.21128e-20 9.93657e-21 4.44395e-21 1.9784e-21 8.76872e-22 3.86992e-22 1.70087e-22 7.44561e-23 3.24673e-23 1.41046e-23 6.10508e-24 2.63322e-24 1.13186e-24 4.84896e-25 2.07062e-25 8.81419e-26 3.74055e-26 1.58268e-26 6.67718e-27 2.80909e-27 1.17853e-27 4.9312e-28 2.05792e-28 8.56635e-29 3.55698e-29 1.47337e-29 6.08855e-30 2.5102e-30 1.03257e-30 4.23809e-31 1.73573e-31 7.09371e-32 2.89313e-32 1.17756e-32 4.7834e-33 1.93932e-33 7.84758e-34 3.16968e-34 1.27792e-34 5.14298e-35 2.06618e-35 8.28655e-36 3.3178e-36 1.3262e-36 5.29255e-37 2.10878e-37 8.38918e-38 3.3323e-38 1.32165e-38 5.23415e-39 2.06989e-39 8.17391e-40 3.22334e-40 1.26936e-40 4.99202e-41 1.96061e-41 7.69022e-42 3.01252e-42 1.17861e-42
4.29509e-12 1.3313e-11 2.4117e-11 3.30722e-11 3.78959e-11 3.81782e-11 3.48636e-11 2.94414e-11 2.33163e-11 1.74959e-11 1.25363e-11 8.62997e-12 5.7354e-12 3.69446e-12 2.31416e-12 1.41346e-12 8.43776e-13 4.9328e-13 2.82898e-13 1.59401e-13 8.83577e-14 4.82391e-14 2.5966e-14 1.37931e-14 7.23656e-15 3.75266e-15 1.92477e-15 9.77051e-16 4.91132e-16 2.44594e-16 1.20744e-16 5.91075e-17 2.87047e-17 1.38344e-17 6.61923e-18 3.14513e-18 1.4845e-18 6.96228e-19 3.24539e-19 1.50394e-19 6.93016e-20 3.17611e-20 1.44802e-20 6.56847e-21 2.96511e-21 1.33222e-21 5.95859e-22 2.65341e-22 1.17658e-22 5.19585e-23 2.2854e-23 1.00137e-23 4.37121e-24 1.90122e-24 8.24015e-25 3.55919e-25 1.53223e-25 6.57492e-26 2.8125e-26 1.19941e-26 5.09972e-27 2.16205e-27 9.14026e-28 3.85349e-28 1.62025e-28 6.79475e-29 2.84219e-29 1.1859e-29 4.93613e-30 2.0497e-30 8.49147e-31 3.50985e-31 1.44753e-31 5.95697e-32 2.44623e-32 1.00246e-32 4.09969e-33 1.67328e-33 6.81616e-34 2.77127e-34 1.12462e-34 4.55547e-35 1.84196e-35 7.43464e-36 2.99563e-36 1.20498e-36 4.83891e-37 1.94002e-37 7.76545e-38 3.10345e-38 1.23837e-38 4.93397e-39 1.96289e-39 7.79756e-40 3.09312e-40 1.22524e-40 4.84662e-41 1.91454e-41 7.55278e-42 2.9756e-42 1.17079e-42
1.4317e-12 4.60987e-12 8.63013e-12 1.2188e-11 1.43458e-11 1.48166e-11 1.38486e-11 1.1954e-11 9.66582e-12 7.39796e-12 5.4022e-12 3.78706e-12 2.56125e-12 1.67791e-12 1.06831e-12 6.62901e-13 4.01842e-13 2.38449e-13 1.38749e-13 7.92918e-14 4.45624e-14 2.46587e-14 1.34489e-14 7.23656e-15 3.84478e-15 2.01854e-15 1.04792e-15 5.38292e-16 2.73751e-16 1.37901e-16 6.88438e-17 3.40752e-17 1.67288e-17 8.1491e-18 3.94025e-18 1.89169e-18 9.02028e-19 4.27322e-19 2.01174e-19 9.41406e-20 4.37997e-20 2.02651e-20 9.32608e-21 4.26979e-21 1.94514e-21 8.81871e-22 3.97961e-22 1.78783e-22 7.9969e-23 3.56197e-23 1.58011e-23 6.98183e-24 3.07317e-24 1.34769e-24 5.88875e-25 2.56409e-25 1.11266e-25 4.81233e-26 2.07466e-26 8.91609e-27 3.82011e-27 1.63187e-27 6.95082e-28 2.95229e-28 1.2505e-28 5.28255e-29 2.22568e-29 9.35342e-30 3.92095e-30 1.63965e-30 6.84028e-31 2.84698e-31 1.18223e-31 4.89839e-32 2.02514e-32 8.35467e-33 3.4395e-33 1.4131e-33 5.79401e-34 2.37101e-34 9.68392e-35 3.94776e-35 1.60637e-35 6.52463e-36 2.64541e-36 1.07071e-36 4.32622e-37 1.74509e-37 7.02763e-38 2.82552e-38 1.13422e-38 4.5459e-39 1.81918e-39 7.26908e-40 2.90028e-40 1.1555e-40 4.59703e-41 1.82631e-41 7.24559e-42 2.87066e-42 1.13582e-42
4.77233e-13 1.59402e-12 3.08066e-12 4.47663e-12 5.40855e-12 5.72287e-12 5.47155e-12 4.82498e-12 3.98129e-12 3.10661e-12 2.31086e-12 1.64897e-12 1.13445e-12 7.5555e-13 4.88787e-13 3.08024e-13 1.89542e-13 1.14125e-13 6.73566e-14 3.90288e-14 2.22324e-14 1.24655e-14 6.88687e-15 3.75266e-15 2.01854e-15 1.07263e-15 5.63494e-16 2.92838e-16 1.50633e-16 7.67363e-17 3.87329e-17 1.938e-17 9.61624e-18 4.73369e-18 2.31256e-18 1.12158e-18 5.40187e-19 2.58441e-19 1.22856e-19 5.80448e-20 2.72623e-20 1.27318e-20 5.91338e-21 2.73205e-21 1.25582e-21 5.74419e-22 2.61496e-22 1.18496e-22 5.34578e-23 2.40131e-23 1.07417e-23 4.78563e-24 2.12375e-24 9.38887e-25 4.13541e-25 1.81494e-25 7.93767e-26 3.45978e-26 1.50304e-26 6.50873e-27 2.80972e-27 1.20922e-27 5.18873e-28 2.22002e-28 9.4717e-29 4.02997e-29 1.71005e-29 7.23728e-30 3.05512e-30 1.28646e-30 5.4038e-31 2.26446e-31 9.46704e-32 3.94885e-32 1.64344e-32 6.82477e-33 2.82807e-33 1.16945e-33 4.82591e-34 1.98748e-34 8.16901e-35 3.35116e-35 1.37214e-35 5.60783e-36 2.2877e-36 9.31591e-37 3.78695e-37 1.53676e-37 6.22572e-38 2.51797e-38 1.01673e-38 4.09887e-39 1.64983e-39 6.63047e-40 2.66066e-40 1.06607e-40 4.26529e-41 1.70405e-41 6.79831e-42 2.70841e-42 1.07753e-42
1.59078e-13 5.50473e-13 1.09717e-12 1.63914e-12 2.0313e-12 2.20061e-12 2.15095e-12 1.93672e-12 1.63e-12 1.29612e-12 9.81694e-13 7.1277e-13 4.98629e-13 3.37491e-13 2.21766e-13 1.41883e-13 8.85991e-14 5.41132e-14 3.23848e-14 1.90208e-14 1.09792e-14 6.23596e-15 3.48897e-15 1.92477e-15 1.04792e-15 5.63494e-16 2.99484e-16 1.57421e-16 8.18873e-17 4.21765e-17 2.15199e-17 1.08825e-17 5.45654e-18 2.71379e-18 1.33926e-18 6.56042e-19 3.19088e-19 1.54145e-19 7.39793e-20 3.52827e-20 1.6726e-20 7.88307e-21 3.6946e-21 1.72225e-21 7.98657e-22 3.68503e-22 1.69204e-22 7.73286e-23 3.51798e-23 1.59344e-23 7.18659e-24 3.22786e-24 1.44399e-24 6.43464e-25 2.85655e-25 1.26347e-25 5.56846e-26 2.44568e-26 1.07052e-26 4.67052e-27 2.03116e-27 8.80581e-28 3.80605e-28 1.64019e-28 7.04785e-29 3.01992e-29 1.29045e-29 5.49943e-30 2.33752e-30 9.91017e-31 4.19101e-31 1.76804e-31 7.44093e-32 3.12424e-32 1.30878e-32 5.47034e-33 2.28144e-33 9.49445e-34 3.94291e-34 1.63406e-34 6.75834e-35 2.78967e-35 1.14927e-35 4.72567e-36 1.93952e-36 7.94563e-37 3.24924e-37 1.32638e-37 5.4051e-38 2.19887e-38 8.9304e-39 3.621e-39 1.46584e-39 5.92458e-40 2.39085e-40 9.63346e-41 3.87578e-41 1.55702e-41 6.24595e-42 2.50197e-42 1.00081e-42
5.30258e-14 1.89868e-13 3.89918e-13 5.98432e-13 7.60165e-13 8.4266e-13 8.4158e-13 7.73337e-13 6.63565e-13 5.37464e-13 4.14335e-13 3.05982e-13 2.17582e-13 1.49611e-13 9.98239e-14 6.4819e-14 4.10628e-14 2.5433e-14 1.54294e-14 9.18344e-15 5.37002e-15 3.08891e-15 1.74975e-15 9.77051e-16 5.38292e-16 2.92838e-16 1.57421e-16 8.36779e-17 4.40083e-17 2.29126e-17 1.18155e-17 6.03763e-18 3.05851e-18 1.53657e-18 7.65878e-19 3.78858e-19 1.86056e-19 9.07387e-20 4.39585e-20 2.11597e-20 1.01228e-20 4.81406e-21 2.27636e-21 1.07048e-21 5.0073e-22 2.33023e-22 1.07905e-22 4.97274e-23 2.28105e-23 1.04165e-23 4.73602e-24 2.14423e-24 9.66831e-25 4.34212e-25 1.94256e-25 8.65803e-26 3.84485e-26 1.70137e-26 7.5027e-27 3.29745e-27 1.4445e-27 6.30774e-28 2.74587e-28 1.19171e-28 5.15678e-29 2.22503e-29 9.57348e-30 4.10782e-30 1.75788e-30 7.50286e-31 3.19413e-31 1.35641e-31 5.74601e-32 2.42829e-32 1.0238e-32 4.30663e-33 1.80752e-33 7.56958e-34 3.1632e-34 1.31906e-34 5.48912e-35 2.27962e-35 9.44839e-36 3.90847e-36 1.61371e-36 6.65012e-37 2.73549e-37 1.12319e-37 4.60368e-38 1.88364e-38 7.69396e-39 3.13741e-39 1.27725e-39 5.19132e-40 2.10662e-40 8.53524e-41 3.45284e-41 1.39469e-41 5.62516e-42 2.26545e-42 9.11065e-43
1.76753e-14 6.54153e-14 1.38293e-13 2.17883e-13 2.83515e-13 3.21404e-13 3.27816e-13 3.07282e-13 2.68693e-13 2.21592e-13 1.73805e-13 1.30503e-13 9.42973e-14 6.58501e-14 4.45992e-14 2.93832e-14 1.88785e-14 1.18542e-14 7.28829e-15 4.39477e-15 2.60272e-15 1.51583e-15 8.69149e-16 4.91132e-16 2.73751e-16 1.50633e-16 8.18873e-17 4.40083e-17 2.3396e-17 1.23107e-17 6.41479e-18 3.31167e-18 1.6946e-18 8.59841e-19 4.32778e-19 2.16152e-19 1.07163e-19 5.27534e-20 2.5793e-20 1.2529e-20 6.0478e-21 2.9017e-21 1.38412e-21 6.56532e-22 3.09728e-22 1.45355e-22 6.78705e-23 3.15359e-23 1.45838e-23 6.71341e-24 3.0767e-24 1.40396e-24 6.37978e-25 2.88732e-25 1.30158e-25 5.845e-26 2.61505e-26 1.16574e-26 5.17839e-27 2.29244e-27 1.01146e-27 4.44822e-28 1.95005e-28 8.52241e-29 3.71337e-29 1.61323e-29 6.98837e-30 3.01882e-30 1.30049e-30 5.58748e-31 2.39435e-31 1.0234e-31 4.36335e-32 1.8558e-32 7.87409e-33 3.33313e-33 1.40769e-33 5.93179e-34 2.49407e-34 1.04639e-34 4.38087e-35 1.83032e-35 7.63155e-36 3.17564e-36 1.31887e-36 5.46688e-37 2.26183e-37 9.34065e-38 3.85041e-38 1.5844e-38 6.5082e-39 2.66878e-39 1.09252e-39 4.46507e-40 1.82188e-40 7.42187e-41 3.01872e-41 1.22592e-41 4.97093e-42 2.01262e-42 8.1367e-43
5.89176e-15 2.25137e-14 4.89564e-14 7.91249e-14 1.05406e-13 1.22135e-13 1.27157e-13 1.21531e-13 1.08251e-13 9.08652e-14 7.24858e-14 5.53191e-14 4.06038e-14 2.87876e-14 1.97856e-14 1.32221e-14 8.61341e-15 5.48178e-15 3.4148e-15 2.08557e-15 1.25065e-15 7.37312e-16 4.27832e-16 2.44594e-16 1.37901e-16 7.67363e-17 4.21765e-17 2.29126e-17 1.23107e-17 6.54555e-18 3.4458e-18 1.79691e-18 9.28639e-19 4.75809e-19 2.41796e-19 1.21913e-19 6.10075e-20 3.03096e-20 1.49543e-20 7.32925e-21 3.5692e-21 1.72745e-21 8.31111e-22 3.9758e-22 1.89142e-22 8.95021e-23 4.21343e-23 1.97365e-23 9.20042e-24 4.26886e-24 1.97173e-24 9.0672e-25 4.1519e-25 1.89331e-25 8.59905e-26 3.8903e-26 1.75333e-26 7.87304e-27 3.52256e-27 1.57056e-27 6.97863e-28 3.09061e-28 1.36431e-28 6.00355e-29 2.63371e-29 1.15192e-29 5.02347e-30 2.18445e-30 9.47248e-31 4.09637e-31 1.76675e-31 7.60003e-32 3.26097e-32 1.3957e-32 5.95904e-33 2.53817e-33 1.07857e-33 4.57273e-34 1.93432e-34 8.16441e-35 3.43861e-35 1.44518e-35 6.06121e-36 2.53696e-36 1.05974e-36 4.41809e-37 1.83838e-37 7.63512e-38 3.16513e-38 1.30972e-38 5.40989e-39 2.23067e-39 9.18194e-40 3.77309e-40 1.54788e-40 6.33964e-41 2.59235e-41 1.05837e-41 4.31421e-42 1.75591e-42 7.13588e-43
1.96392e-15 7.74078e-15 1.73001e-14 2.86648e-14 3.90707e-14 4.62492e-14 4.9128e-14 4.78557e-14 4.34045e-14 3.70685e-14 3.00648e-14 2.33133e-14 1.73769e-14 1.25045e-14 8.71884e-15 5.90848e-15 3.90159e-15 2.51606e-15 1.58763e-15 9.81882e-16 5.96057e-16 3.55635e-16 2.08792e-16 1.20744e-16 6.88438e-17 3.87329e-17 2.15199e-17 1.18155e-17 6.41479e-18 3.4458e-18 1.83233e-18 9.65025e-19 5.03604e-19 2.60519e-19 1.33646e-19 6.8014e-20 3.43488e-20 1.722e-20 8.57217e-21 4.23841e-21 2.08201e-21 1.01633e-21 4.93131e-22 2.37878e-22 1.14104e-22 5.44356e-23 2.58335e-23 1.21976e-23 5.73098e-24 2.67986e-24 1.24735e-24 5.77992e-25 2.66665e-25 1.22512e-25 5.60544e-26 2.55454e-26 1.15967e-26 5.24467e-27 2.36326e-27 1.0611e-27 4.7478e-28 2.11718e-28 9.40997e-29 4.16891e-29 1.84116e-29 8.10648e-30 3.55855e-30 1.55756e-30 6.79797e-31 2.95871e-31 1.28423e-31 5.55934e-32 2.40035e-32 1.03375e-32 4.44096e-33 1.90316e-33 8.13647e-34 3.4704e-34 1.47682e-34 6.27043e-35 2.65651e-35 1.12302e-35 4.73742e-36 1.99432e-36 8.37845e-37 3.51288e-37 1.46998e-37 6.13934e-38 2.55924e-38 1.06486e-38 4.42268e-39 1.83357e-39 7.58831e-40 3.13503e-40 1.293e-40 5.32391e-41 2.18851e-41 8.98182e-42 3.68035e-42 1.50569e-42 6.15054e-43
6.5464e-16 2.65899e-15 6.10329e-15 1.03607e-14 1.44413e-14 1.74554e-14 1.89098e-14 1.87661e-14 1.73248e-14 1.50485e-14 1.24051e-14 9.77094e-15 7.39356e-15 5.39856e-15 3.81773e-15 2.62285e-15 1.75519e-15 1.14666e-15 7.32739e-16 4.58786e-16 2.81881e-16 1.70173e-16 1.01064e-16 5.91075e-17 3.40752e-17 1.938e-17 1.08825e-17 6.03763e-18 3.31167e-18 1.79691e-18 9.65025e-19 5.13217e-19 2.70404e-19 1.41208e-19 7.31159e-20 3.75517e-20 1.91365e-20 9.67936e-21 4.86087e-21 2.42429e-21 1.20109e-21 5.91275e-22 2.89288e-22 1.407e-22 6.80402e-23 3.27216e-23 1.56523e-23 7.44861e-24 3.52692e-24 1.66191e-24 7.7943e-25 3.63886e-25 1.69134e-25 7.82767e-26 3.60762e-26 1.65595e-26 7.57115e-27 3.44834e-27 1.56472e-27 7.07435e-28 3.18712e-28 1.43091e-28 6.40272e-29 2.85557e-29 1.2695e-29 5.62623e-30 2.48587e-30 1.09508e-30 4.81007e-31 2.1068e-31 9.20212e-32 4.00843e-32 1.74143e-32 7.54588e-33 3.26144e-33 1.40613e-33 6.04764e-34 2.59482e-34 1.11074e-34 4.74378e-35 2.02143e-35 8.59484e-36 3.64651e-36 1.54383e-36 6.52252e-37 2.75009e-37 1.1572e-37 4.85981e-38 2.037e-38 8.52196e-39 3.55861e-39 1.48329e-39 6.17154e-40 2.56326e-40 1.06277e-40 4.39891e-41 1.8177e-41 7.49865e-42 3.08844e-42 1.27e-42 5.21416e-43
2.18213e-16 9.12577e-16 2.14978e-15 3.7367e-15 5.32353e-15 6.56733e-15 7.2527e-15 7.32994e-15 6.88547e-15 6.08091e-15 5.09327e-15 4.07372e-15 3.12849e-15 2.31726e-15 1.66159e-15 1.15701e-15 7.84457e-16 5.19051e-16 3.35827e-16 2.12831e-16 1.32321e-16 8.0812e-17 4.85396e-17 2.87047e-17 1.67288e-17 9.61624e-18 5.45654e-18 3.05851e-18 1.6946e-18 9.28639e-19 5.03604e-19 2.70404e-19 1.4382e-19 7.58052e-20 3.96117e-20 2.05284e-20 1.05547e-20 5.3856e-21 2.72806e-21 1.37223e-21 6.85598e-22 3.40323e-22 1.67878e-22 8.23137e-23 4.01254e-23 1.94501e-23 9.37691e-24 4.49687e-24 2.14559e-24 1.01868e-24 4.81342e-25 2.26387e-25 1.05997e-25 4.94126e-26 2.2937e-26 1.06034e-26 4.88211e-27 2.23911e-27 1.02304e-27 4.65698e-28 2.11228e-28 9.5471e-29 4.30037e-29 1.93059e-29 8.63894e-30 3.85345e-30 1.71353e-30 7.59656e-31 3.35781e-31 1.47992e-31 6.50419e-32 2.85067e-32 1.24602e-32 5.43192e-33 2.36187e-33 1.02437e-33 4.43181e-34 1.91271e-34 8.23531e-35 3.53751e-35 1.51608e-35 6.4829e-36 2.76606e-36 1.17765e-36 5.00325e-37 2.12122e-37 8.97494e-38 3.78973e-38 1.5971e-38 6.71763e-39 2.82018e-39 1.18176e-39 4.94293e-40 2.06376e-40 8.60132e-41 3.57863e-41 1.48636e-41 6.16315e-42 2.55131e-42 1.05443e-42 4.35085e-43
