0.420484 0.117658 0.0454617 0.0175659 0.00678726 0.00262252 0.00101331 0.000391533 0.000151284 5.84545e-05 2.25862e-05 8.72704e-06 3.37203e-06 1.30292e-06 5.03432e-07 1.94521e-07 7.51606e-08 2.90412e-08 1.12212e-08 4.33575e-09 1.67529e-09 6.47312e-10 2.50114e-10 9.66413e-11 3.73411e-11 1.44282e-11 5.57489e-12 2.15408e-12 8.32311e-13 3.21596e-13 1.24261e-13 4.80131e-14 1.85517e-14 7.16818e-15 2.76971e-15 1.07018e-15 4.13507e-16 1.59775e-16 6.17351e-17 2.38538e-17 9.21683e-18 3.56128e-18 1.37604e-18 5.31686e-19 2.05438e-19 7.93788e-20 3.06711e-20 1.1851e-20 4.57908e-21 1.76931e-21 6.8364e-22 2.64151e-22 1.02065e-22 3.94368e-23 1.52379e-23 5.88777e-24 2.27497e-24 8.79023e-25 3.39645e-25 1.31235e-25 5.07077e-26 1.95929e-26 7.57048e-27 2.92515e-27 1.13024e-27 4.36714e-28 1.68741e-28 6.51998e-29 2.51925e-29 9.7341e-30 3.76115e-30 1.45327e-30 5.61526e-31 2.16967e-31 8.38337e-32 3.23924e-32 1.25161e-32 4.83607e-33 1.8686e-33 7.22008e-34 2.78976e-34 1.07793e-34 4.16501e-35 1.60931e-35 6.21821e-36 2.40265e-36 9.28356e-37 3.58706e-37 1.386e-37 5.35535e-38 2.06925e-38 7.99535e-39 3.08931e-39 1.19368e-39 4.61223e-40 1.78212e-40 6.8859e-41 2.66063e-41 1.02804e-41 3.97223e-42 1.53483e-42
0.117658 0.0519795 0.0245158 0.0111849 0.00498332 0.00218113 0.000941541 0.000401966 0.000170062 7.1408e-05 2.97929e-05 1.23623e-05 5.10536e-06 2.09966e-06 8.60358e-07 3.51394e-07 1.43101e-07 5.81236e-08 2.35521e-08 9.52291e-09 3.84285e-09 1.54793e-09 6.22484e-10 2.49941e-10 1.00214e-10 4.01282e-11 1.60485e-11 6.41093e-12 2.55824e-12 1.01983e-12 4.06162e-13 1.61617e-13 6.42552e-14 2.55262e-14 1.0133e-14 4.01961e-15 1.59344e-15 6.31262e-16 2.4993e-16 9.88955e-17 3.91106e-17 1.5459e-17 6.10733e-18 2.41163e-18 9.51853e-19 3.75523e-19 1.48088e-19 5.83746e-20 2.30017e-20 9.06005e-21 3.56734e-21 1.40413e-21 5.52489e-22 2.1732e-22 8.54553e-23 3.35929e-23 1.32017e-23 5.18667e-24 2.03718e-24 7.99936e-25 3.14029e-25 1.23247e-25 4.83593e-26 1.89706e-26 7.44021e-27 2.91739e-27 1.14369e-27 4.48266e-28 1.75661e-28 6.88222e-29 2.69588e-29 1.05582e-29 4.13432e-30 1.6186e-30 6.33582e-31 2.47967e-31 9.70316e-32 3.79633e-32 1.48508e-32 5.80854e-33 2.27155e-33 8.88209e-34 3.47254e-34 1.35744e-34 5.3056e-35 2.07345e-35 8.10206e-36 3.16551e-36 1.23663e-36 4.8304e-37 1.88658e-37 7.36748e-38 2.87683e-38 1.12321e-38 4.38492e-39 1.71165e-39 6.68077e-40 2.60731e-40 1.01746e-40 3.97006e-41 1.54895e-41
0.0454617 0.0245158 0.0131426 0.00666313 0.00325146 0.0015428 0.000716435 0.000327031 0.000147199 6.54829e-05 2.88421e-05 1.25951e-05 5.45921e-06 2.35074e-06 1.00634e-06 4.28571e-07 1.81661e-07 7.66753e-08 3.22383e-08 1.35069e-08 5.64068e-09 2.34861e-09 9.75199e-10 4.03891e-10 1.66879e-10 6.87982e-11 2.83042e-11 1.1622e-11 4.76343e-12 1.949e-12 7.96164e-13 3.24735e-13 1.3226e-13 5.37938e-14 2.18511e-14 8.86497e-15 3.59229e-15 1.45406e-15 5.87932e-16 2.37482e-16 9.58324e-17 3.86358e-17 1.55625e-17 6.26323e-18 2.51861e-18 1.012e-18 4.06326e-19 1.63024e-19 6.53617e-20 2.6188e-20 1.04857e-20 4.19588e-21 1.67797e-21 6.70644e-22 2.67888e-22 1.06949e-22 4.2675e-23 1.70195e-23 6.78428e-24 2.70304e-24 1.07646e-24 4.28499e-25 1.70495e-25 6.78088e-26 2.69576e-26 1.07128e-26 4.25555e-27 1.68983e-27 6.70763e-28 2.66158e-28 1.05574e-28 4.18628e-29 1.65942e-29 6.57568e-30 2.60489e-30 1.03158e-30 4.08404e-31 1.61639e-31 6.39559e-32 2.52984e-32 1.00043e-32 3.95516e-33 1.56325e-33 6.17709e-34 2.44023e-34 9.63764e-35 3.80547e-35 1.50226e-35 5.929e-36 2.33949e-36 9.22927e-37 3.64016e-37 1.43543e-37 5.65918e-38 2.23069e-38 8.79099e-39 3.4638e-39 1.36454e-39 5.3745e-40 2.11647e-40 8.3331e-41
0.0175659 0.0111849 0.00666313 0.00368198 0.00193518 0.000980884 0.000483599 0.000233241 0.000110491 5.1562e-05 2.37572e-05 1.08264e-05 4.88657e-06 2.18699e-06 9.7145e-07 4.28612e-07 1.8796e-07 8.1973e-08 3.55705e-08 1.53641e-08 6.60822e-09 2.83114e-09 1.20855e-09 5.14164e-10 2.1806e-10 9.22098e-11 3.88852e-11 1.63557e-11 6.86282e-12 2.87304e-12 1.20017e-12 5.00328e-13 2.08174e-13 8.64569e-14 3.58439e-14 1.48357e-14 6.13076e-15 2.52967e-15 1.04229e-15 4.28857e-16 1.76223e-16 7.23212e-17 2.96443e-17 1.2137e-17 4.96358e-18 2.02774e-18 8.27524e-19 3.37378e-19 1.37415e-19 5.5918e-20 2.27342e-20 9.23495e-21 3.74824e-21 1.52009e-21 6.15989e-22 2.49431e-22 1.00927e-22 4.08094e-23 1.64898e-23 6.65854e-24 2.68697e-24 1.08362e-24 4.3674e-25 1.75919e-25 7.08197e-26 2.84939e-26 1.14581e-26 4.60517e-27 1.84992e-27 7.42751e-28 2.98072e-28 1.19561e-28 4.79357e-29 1.92102e-29 7.69504e-30 3.08108e-30 1.23314e-30 4.93336e-31 1.97287e-31 7.8865e-32 3.1514e-32 1.25881e-32 5.0264e-33 2.00631e-33 8.00547e-34 3.1932e-34 1.27327e-34 5.07542e-35 2.02247e-35 8.0567e-36 3.20847e-36 1.27734e-36 5.08377e-37 2.02274e-37 8.04579e-38 3.19946e-38 1.27194e-38 5.0552e-39 2.00861e-39 7.97886e-40 3.16866e-40
0.00678726 0.00498332 0.00325146 0.00193518 0.00108444 0.000581989 0.000302233 0.000152916 7.57401e-05 3.68538e-05 1.76634e-05 8.35609e-06 3.90824e-06 1.80963e-06 8.30439e-07 3.78038e-07 1.70849e-07 7.6705e-08 3.42312e-08 1.51923e-08 6.70833e-09 2.94825e-09 1.29009e-09 5.62232e-10 2.44099e-10 1.05603e-10 4.55352e-11 1.95731e-11 8.38873e-12 3.58531e-12 1.52833e-12 6.49873e-13 2.75687e-13 1.16689e-13 4.92858e-14 2.07745e-14 8.73975e-15 3.66999e-15 1.53838e-15 6.43765e-16 2.6896e-16 1.12195e-16 4.67317e-17 1.9437e-17 8.07322e-18 3.3488e-18 1.38732e-18 5.74027e-19 2.37231e-19 9.79296e-20 4.03809e-20 1.66331e-20 6.84422e-21 2.81345e-21 1.15541e-21 4.74049e-22 1.9432e-22 7.95846e-23 3.25664e-23 1.33153e-23 5.43979e-24 2.22062e-24 9.05807e-25 3.69213e-25 1.50385e-25 6.12112e-26 2.48978e-26 1.01205e-26 4.11116e-27 1.66899e-27 6.77134e-28 2.7456e-28 1.11262e-28 4.50617e-29 1.82401e-29 7.37927e-30 2.98379e-30 1.20586e-30 4.8709e-31 1.96655e-31 7.93581e-32 3.2009e-32 1.29048e-32 5.20039e-33 2.09473e-33 8.43394e-34 3.39429e-34 1.36549e-34 5.49097e-35 2.20718e-35 8.86862e-36 3.56212e-36 1.4302e-36 5.74019e-37 2.30302e-37 9.23669e-38 3.70326e-38 1.48423e-38 5.9467e-39 2.38181e-39 9.53667e-40
0.00262252 0.00218113 0.0015428 0.000980884 0.000581989 0.000328689 0.000178813 9.44373e-05 4.86843e-05 2.45959e-05 1.22145e-05 5.97642e-06 2.88651e-06 1.37825e-06 6.514e-07 3.0506e-07 1.41684e-07 6.5311e-08 2.98992e-08 1.36015e-08 6.15156e-09 2.7672e-09 1.23857e-09 5.51795e-10 2.44761e-10 1.08128e-10 4.75849e-11 2.08659e-11 9.11867e-12 3.97222e-12 1.72512e-12 7.47058e-13 3.22631e-13 1.38973e-13 5.97147e-14 2.55982e-14 1.09487e-14 4.67286e-15 1.99027e-15 8.46027e-16 3.58954e-16 1.52022e-16 6.42716e-17 2.71273e-17 1.14313e-17 4.80963e-18 2.0206e-18 8.47665e-19 3.55112e-19 1.48568e-19 6.20755e-20 2.59043e-20 1.07969e-20 4.49484e-21 1.86912e-21 7.76394e-22 3.22154e-22 1.33535e-22 5.52955e-23 2.2875e-23 9.45409e-24 3.90372e-24 1.61046e-24 6.63805e-25 2.73378e-25 1.12494e-25 4.62534e-26 1.90028e-26 7.80122e-27 3.20024e-27 1.31186e-27 5.37386e-28 2.1998e-28 8.99889e-29 3.67882e-29 1.50296e-29 6.13641e-30 2.50389e-30 1.02107e-30 4.16139e-31 1.69502e-31 6.90025e-32 2.80749e-32 1.14166e-32 4.64009e-33 1.88492e-33 7.65313e-34 3.10578e-34 1.25977e-34 5.10748e-35 2.06975e-35 8.38364e-36 3.39431e-36 1.37366e-36 5.55675e-37 2.24687e-37 9.08143e-38 3.66905e-38 1.48177e-38 5.98184e-39 2.41392e-39
0.00101331 0.000941541 0.000716435 0.000483599 0.000302233 0.000178813 0.00010149 5.57429e-05 2.98072e-05 1.5586e-05 7.9961e-06 4.0353e-06 2.00735e-06 9.8593e-07 4.78789e-07 2.30153e-07 1.09619e-07 5.17746e-08 2.4267e-08 1.12943e-08 5.2225e-09 2.40042e-09 1.09716e-09 4.98872e-10 2.25733e-10 1.01677e-10 4.56026e-11 2.03707e-11 9.06504e-12 4.01951e-12 1.77623e-12 7.82393e-13 3.43573e-13 1.50434e-13 6.56854e-14 2.86049e-14 1.24255e-14 5.38438e-15 2.32784e-15 1.00417e-15 4.32251e-16 1.85686e-16 7.96102e-17 3.40674e-17 1.45519e-17 6.20498e-18 2.64136e-18 1.12256e-18 4.76328e-19 2.01811e-19 8.53777e-20 3.60685e-20 1.52165e-20 6.41096e-21 2.69756e-21 1.13364e-21 4.75833e-22 1.9949e-22 8.35396e-23 3.49446e-23 1.46016e-23 6.09487e-24 2.54147e-24 1.0587e-24 4.40599e-25 1.83191e-25 7.60969e-26 3.15821e-26 1.30959e-26 5.4258e-27 2.24611e-27 9.29064e-28 3.83988e-28 1.58583e-28 6.54434e-29 2.69871e-29 1.11208e-29 4.5794e-30 1.88444e-30 7.74935e-31 3.18465e-31 1.30791e-31 5.36812e-32 2.2019e-32 9.02632e-33 3.698e-33 1.51416e-33 6.19623e-34 2.53421e-34 1.03591e-34 4.2322e-35 1.72816e-35 7.05305e-36 2.87707e-36 1.17303e-36 4.78031e-37 1.94713e-37 7.9274e-38 3.22601e-38 1.31221e-38 5.33519e-39
0.000391533 0.000401966 0.000327031 0.000233241 0.000152916 9.44373e-05 5.57429e-05 3.17473e-05 1.75613e-05 9.4803e-06 5.01278e-06 2.60345e-06 1.33109e-06 6.71187e-07 3.34276e-07 1.64641e-07 8.02785e-08 3.87868e-08 1.85836e-08 8.83548e-09 4.17104e-09 1.95614e-09 9.11796e-10 4.22588e-10 1.94814e-10 8.93616e-11 4.07982e-11 1.85443e-11 8.3939e-12 3.78445e-12 1.69988e-12 7.60837e-13 3.39392e-13 1.50909e-13 6.68965e-14 2.95681e-14 1.30326e-14 5.72903e-15 2.51201e-15 1.09875e-15 4.79465e-16 2.08754e-16 9.0692e-17 3.93186e-17 1.70119e-17 7.34629e-18 3.16644e-18 1.36236e-18 5.85135e-19 2.50893e-19 1.07403e-19 4.59048e-20 1.95902e-20 8.3479e-21 3.55217e-21 1.50941e-21 6.40526e-22 2.71454e-22 1.14896e-22 4.85711e-23 2.05083e-23 8.64915e-24 3.64355e-24 1.53319e-24 6.44463e-25 2.70611e-25 1.13514e-25 4.75687e-26 1.99146e-26 8.3293e-27 3.48053e-27 1.45308e-27 6.06108e-28 2.52603e-28 1.05187e-28 4.37648e-29 1.81945e-29 7.55816e-30 3.13731e-30 1.30128e-30 5.39345e-31 2.23382e-31 9.24536e-32 3.82384e-32 1.58045e-32 6.52793e-33 2.69456e-33 1.11153e-33 4.58233e-34 1.88793e-34 7.7736e-35 3.19892e-35 1.31563e-35 5.40778e-36 2.22158e-36 9.1215e-37 3.74316e-37 1.53526e-37 6.29361e-38 2.57868e-38 1.05603e-38
0.000151284 0.000170062 0.000147199 0.000110491 7.57401e-05 4.86843e-05 2.98072e-05 1.75613e-05 1.00269e-05 5.57697e-06 3.03346e-06 1.61845e-06 8.49041e-07 4.38806e-07 2.23784e-07 1.12767e-07 5.62114e-08 2.77446e-08 1.35708e-08 6.58302e-09 3.16892e-09 1.51464e-09 7.19181e-10 3.39381e-10 1.59232e-10 7.43065e-11 3.44995e-11 1.59411e-11 7.33264e-12 3.35849e-12 1.53203e-12 6.96177e-13 3.15198e-13 1.42212e-13 6.39507e-14 2.86668e-14 1.28114e-14 5.70897e-15 2.53695e-15 1.12437e-15 4.97049e-16 2.1919e-16 9.64315e-17 4.23282e-17 1.85391e-17 8.10275e-18 3.53421e-18 1.5385e-18 6.68466e-19 2.8991e-19 1.2551e-19 5.4243e-20 2.34039e-20 1.00816e-20 4.33605e-21 1.86209e-21 7.98482e-22 3.41908e-22 1.46201e-22 6.24316e-23 2.6625e-23 1.13401e-23 4.824e-24 2.04961e-24 8.69807e-25 3.68702e-25 1.56114e-25 6.60289e-26 2.78974e-26 1.17745e-26 4.96454e-27 2.09116e-27 8.79983e-28 3.69957e-28 1.55392e-28 6.52096e-29 2.73409e-29 1.14535e-29 4.79399e-30 2.00492e-30 8.37811e-31 3.49825e-31 1.45955e-31 6.08494e-32 2.53496e-32 1.05528e-32 4.38991e-33 1.8249e-33 7.58093e-34 3.14712e-34 1.30562e-34 5.41303e-35 2.24278e-35 9.28667e-36 3.84298e-36 1.58933e-36 6.56905e-37 2.71356e-37 1.12028e-37 4.62244e-38 1.90624e-38
5.84545e-05 7.1408e-05 6.54829e-05 5.1562e-05 3.68538e-05 2.45959e-05 1.5586e-05 9.4803e-06 5.57697e-06 3.19043e-06 1.78227e-06 9.75369e-07 5.2426e-07 2.77338e-07 1.44643e-07 7.44788e-08 3.79088e-08 1.90927e-08 9.52364e-09 4.70849e-09 2.30887e-09 1.12361e-09 5.4295e-10 2.60639e-10 1.24348e-10 5.89823e-11 2.78253e-11 1.30596e-11 6.09979e-12 2.83602e-12 1.31285e-12 6.05241e-13 2.77932e-13 1.27152e-13 5.79647e-14 2.63345e-14 1.19254e-14 5.38355e-15 2.42309e-15 1.08749e-15 4.86733e-16 2.17274e-16 9.67437e-17 4.2971e-17 1.90416e-17 8.41872e-18 3.71395e-18 1.63496e-18 7.1827e-19 3.14927e-19 1.37817e-19 6.01987e-20 2.62478e-20 1.14247e-20 4.96433e-21 2.15361e-21 9.32786e-22 4.03391e-22 1.74188e-22 7.51066e-23 3.23385e-23 1.39047e-23 5.97066e-24 2.56043e-24 1.0966e-24 4.69078e-25 2.00408e-25 8.5521e-26 3.64526e-26 1.55202e-26 6.60065e-27 2.80422e-27 1.19009e-27 5.04551e-28 2.13695e-28 9.04191e-29 3.82216e-29 1.61418e-29 6.81077e-30 2.87112e-30 1.20928e-30 5.08893e-31 2.13974e-31 8.98954e-32 3.77366e-32 1.58287e-32 6.6342e-33 2.77844e-33 1.16276e-33 4.86252e-34 2.03198e-34 8.48538e-35 3.54097e-35 1.47665e-35 6.15381e-36 2.56286e-36 1.06666e-36 4.43663e-37 1.84421e-37 7.66128e-38 3.18077e-38
2.25862e-05 2.97929e-05 2.88421e-05 2.37572e-05 1.76634e-05 1.22145e-05 7.9961e-06 5.01278e-06 3.03346e-06 1.78227e-06 1.02114e-06 5.72471e-07 3.14882e-07 1.70303e-07 9.07317e-08 4.76887e-08 2.47597e-08 1.27122e-08 6.46033e-09 3.25236e-09 1.62318e-09 8.03583e-10 3.94854e-10 1.92665e-10 9.33943e-11 4.49954e-11 2.15528e-11 1.02676e-11 4.86632e-12 2.29516e-12 1.0775e-12 5.03638e-13 2.34425e-13 1.08683e-13 5.01966e-14 2.31e-14 1.05937e-14 4.84216e-15 2.20623e-15 1.00216e-15 4.53894e-16 2.04997e-16 9.23343e-17 4.14807e-17 1.85882e-17 8.30952e-18 3.70593e-18 1.64906e-18 7.32197e-19 3.24415e-19 1.43445e-19 6.33009e-20 2.78805e-20 1.2257e-20 5.37876e-21 2.35624e-21 1.03043e-21 4.49884e-22 1.96103e-22 8.53474e-23 3.70882e-23 1.60931e-23 6.97297e-24 3.01708e-24 1.30365e-24 5.62548e-25 2.42433e-25 1.04346e-25 4.48561e-26 1.92594e-26 8.25949e-27 3.53805e-27 1.51386e-27 6.47038e-28 2.76254e-28 1.17823e-28 5.02002e-29 2.1367e-29 9.08565e-30 3.85966e-30 1.63807e-30 6.94568e-31 2.94242e-31 1.2454e-31 5.26666e-32 2.22532e-32 9.39477e-33 3.96301e-33 1.67037e-33 7.03495e-34 2.96055e-34 1.24495e-34 5.23131e-35 2.19659e-35 9.21674e-36 3.86454e-36 1.61926e-36 6.78018e-37 2.8371e-37 1.18637e-37 4.95778e-38
8.72704e-06 1.23623e-05 1.25951e-05 1.08264e-05 8.35609e-06 5.97642e-06 4.0353e-06 2.60345e-06 1.61845e-06 9.75369e-07 5.72471e-07 3.284e-07 1.84651e-07 1.01999e-07 5.54577e-08 2.9726e-08 1.57291e-08 8.22542e-09 4.25531e-09 2.1797e-09 1.10632e-09 5.56766e-10 2.7799e-10 1.37777e-10 6.78145e-11 3.31626e-11 1.61185e-11 7.78932e-12 3.7438e-12 1.79015e-12 8.51815e-13 4.03447e-13 1.90245e-13 8.9333e-14 4.17801e-14 1.94654e-14 9.03578e-15 4.17968e-15 1.92691e-15 8.85473e-16 4.05643e-16 1.85275e-16 8.43809e-17 3.8324e-17 1.73597e-17 7.84324e-18 3.53486e-18 1.58931e-18 7.12915e-19 3.19076e-19 1.42498e-19 6.35052e-20 2.8244e-20 1.25368e-20 5.55408e-21 2.45602e-21 1.08409e-21 4.77682e-22 2.10122e-22 9.22745e-23 4.04568e-23 1.771e-23 7.74071e-24 3.37828e-24 1.47224e-24 6.40691e-25 2.78431e-25 1.20837e-25 5.23737e-26 2.26708e-26 9.80117e-27 4.2321e-27 1.82521e-27 7.86255e-28 3.38311e-28 1.45406e-28 6.24273e-29 2.67732e-29 1.14702e-29 4.90904e-30 2.09887e-30 8.96492e-31 3.8255e-31 1.63087e-31 6.94621e-32 2.95585e-32 1.25669e-32 5.33822e-33 2.26564e-33 9.60774e-34 4.07092e-34 1.7235e-34 7.29097e-35 3.0819e-35 1.30173e-35 5.49406e-36 2.3171e-36 9.76519e-37 4.11249e-37 1.73071e-37 7.27853e-38
3.37203e-06 5.10536e-06 5.45921e-06 4.88657e-06 3.90824e-06 2.88651e-06 2.00735e-06 1.33109e-06 8.49041e-07 5.2426e-07 3.14882e-07 1.84651e-07 1.06034e-07 5.97687e-08 3.31358e-08 1.80982e-08 9.75211e-09 5.19044e-09 2.73151e-09 1.42261e-09 7.33825e-10 3.75169e-10 1.9022e-10 9.57018e-11 4.78005e-11 2.3713e-11 1.16884e-11 5.72663e-12 2.78973e-12 1.35168e-12 6.51569e-13 3.12557e-13 1.49239e-13 7.09441e-14 3.35829e-14 1.58333e-14 7.43616e-15 3.47955e-15 1.62241e-15 7.53911e-16 3.49191e-16 1.61229e-16 7.42182e-17 3.40654e-17 1.55919e-17 7.11717e-18 3.24027e-18 1.47149e-18 6.66612e-19 3.01274e-19 1.35849e-19 6.11211e-20 2.74404e-20 1.22938e-20 5.49671e-21 2.45283e-21 1.09246e-21 4.85665e-22 2.15519e-22 9.54717e-23 4.22204e-23 1.86402e-23 8.21627e-24 3.61589e-24 1.58887e-24 6.97129e-25 3.05424e-25 1.33621e-25 5.83768e-26 2.54693e-26 1.10973e-26 4.82899e-27 2.09867e-27 9.1095e-28 3.94929e-28 1.71013e-28 7.39668e-29 3.19559e-29 1.37906e-29 5.94489e-30 2.56001e-30 1.10125e-30 4.73247e-31 2.03168e-31 8.71353e-32 3.7335e-32 1.59818e-32 6.83496e-33 2.92046e-33 1.24674e-33 5.31771e-34 2.2662e-34 9.6495e-35 4.10537e-35 1.7452e-35 7.41295e-36 3.14627e-36 1.33434e-36 5.65464e-37 2.39453e-37 1.01325e-37
1.30292e-06 2.09966e-06 2.35074e-06 2.18699e-06 1.80963e-06 1.37825e-06 9.8593e-07 6.71187e-07 4.38806e-07 2.77338e-07 1.70303e-07 1.01999e-07 5.97687e-08 3.43511e-08 1.94041e-08 1.07914e-08 5.91745e-09 3.20332e-09 1.71373e-09 9.06921e-10 4.75157e-10 2.46638e-10 1.26916e-10 6.47823e-11 3.28173e-11 1.65066e-11 8.2471e-12 4.09449e-12 2.02071e-12 9.91631e-13 4.84023e-13 2.35053e-13 1.13595e-13 5.46439e-14 2.61702e-14 1.24807e-14 5.92816e-15 2.80492e-15 1.32224e-15 6.21088e-16 2.90744e-16 1.35656e-16 6.30949e-17 2.92565e-17 1.35261e-17 6.23578e-18 2.86693e-18 1.3146e-18 6.01252e-19 2.74311e-19 1.24849e-19 5.66917e-20 2.56846e-20 1.16112e-20 5.23792e-21 2.35801e-21 1.05941e-21 4.75045e-22 2.12611e-22 9.49806e-23 4.23552e-23 1.88548e-23 8.37911e-24 3.71753e-24 1.64669e-24 7.28254e-25 3.2158e-25 1.41789e-25 6.24255e-26 2.74448e-26 1.20491e-26 5.28267e-27 2.313e-27 1.01142e-27 4.41705e-28 1.92661e-28 8.39313e-29 3.65204e-29 1.58723e-29 6.89045e-30 2.98791e-30 1.29423e-30 5.59997e-31 2.42049e-31 1.04513e-31 4.50813e-32 1.94263e-32 8.36299e-33 3.59679e-33 1.54547e-33 6.63446e-34 2.84549e-34 1.21933e-34 5.22043e-35 2.23315e-35 9.54472e-36 4.07613e-36 1.73932e-36 7.41587e-37 3.15939e-37 1.34495e-37
5.03432e-07 8.60358e-07 1.00634e-06 9.7145e-07 8.30439e-07 6.514e-07 4.78789e-07 3.34276e-07 2.23784e-07 1.44643e-07 9.07317e-08 5.54577e-08 3.31358e-08 1.94041e-08 1.11603e-08 6.3158e-09 3.52212e-09 1.93805e-09 1.05342e-09 5.66144e-10 3.01105e-10 1.58599e-10 8.27871e-11 4.28513e-11 2.20057e-11 1.12172e-11 5.67814e-12 2.85539e-12 1.42699e-12 7.08953e-13 3.50254e-13 1.72124e-13 8.41589e-14 4.0951e-14 1.98349e-14 9.56495e-15 4.59311e-15 2.19674e-15 1.04658e-15 4.96762e-16 2.3495e-16 1.10742e-16 5.20249e-17 2.43628e-17 1.13739e-17 5.29423e-18 2.45727e-18 1.13736e-18 5.2503e-19 2.41737e-19 1.11023e-19 5.08659e-20 2.32496e-20 1.06026e-20 4.82442e-21 2.19049e-21 9.92494e-22 4.48777e-22 2.02522e-22 9.12176e-23 4.10081e-23 1.84022e-23 8.24318e-24 3.68611e-24 1.64553e-24 7.33382e-25 3.26329e-25 1.44977e-25 6.43097e-26 2.84842e-26 1.25979e-26 5.56378e-27 2.45378e-27 1.08071e-27 4.75337e-28 2.08798e-28 9.16003e-29 4.0135e-29 1.75637e-29 7.67696e-30 3.35159e-30 1.46155e-30 6.36624e-31 2.76995e-31 1.2039e-31 5.22693e-32 2.26699e-32 9.82214e-33 4.25135e-33 1.83831e-33 7.94125e-34 3.42726e-34 1.47774e-34 6.36578e-35 2.73976e-35 1.17812e-35 5.06159e-36 2.17277e-36 9.3191e-37 3.9937e-37 1.71011e-37
1.94521e-07 3.51394e-07 4.28571e-07 4.28612e-07 3.78038e-07 3.0506e-07 2.30153e-07 1.64641e-07 1.12767e-07 7.44788e-08 4.76887e-08 2.9726e-08 1.80982e-08 1.07914e-08 6.3158e-09 3.63486e-09 2.06033e-09 1.15175e-09 6.35701e-10 3.46784e-10 1.87137e-10 9.99756e-11 5.29127e-11 2.77604e-11 1.44455e-11 7.45925e-12 3.82393e-12 1.94695e-12 9.84901e-13 4.95188e-13 2.47527e-13 1.23049e-13 6.08482e-14 2.99392e-14 1.46607e-14 7.14631e-15 3.46822e-15 1.67614e-15 8.06799e-16 3.8685e-16 1.84802e-16 8.79668e-17 4.17289e-17 1.97294e-17 9.29829e-18 4.36869e-18 2.04647e-18 9.55887e-19 4.45243e-19 2.06831e-19 9.58297e-20 4.42878e-20 2.04174e-20 9.39039e-21 4.30885e-21 1.97271e-21 9.01193e-22 4.10819e-22 1.8689e-22 8.48497e-23 3.84472e-23 1.73881e-23 7.84938e-24 3.53698e-24 1.59098e-24 7.14411e-25 3.20261e-25 1.43334e-25 6.40471e-26 2.8574e-26 1.27286e-26 5.66165e-27 2.51461e-27 1.11527e-27 4.93951e-28 2.18472e-28 9.64997e-29 4.25686e-29 1.87541e-29 8.25198e-30 3.6265e-30 1.59182e-30 6.97889e-31 3.05617e-31 1.33683e-31 5.84103e-32 2.54935e-32 1.11149e-32 4.84088e-33 2.10617e-33 9.15429e-34 3.97487e-34 1.72424e-34 7.47228e-35 3.23519e-35 1.39941e-35 6.04774e-36 2.61128e-36 1.1265e-36 4.85546e-37 2.09104e-37
7.51606e-08 1.43101e-07 1.81661e-07 1.8796e-07 1.70849e-07 1.41684e-07 1.09619e-07 8.02785e-08 5.62114e-08 3.79088e-08 2.47597e-08 1.57291e-08 9.75211e-09 5.91745e-09 3.52212e-09 2.06033e-09 1.18641e-09 6.73438e-10 3.77264e-10 2.088e-10 1.14273e-10 6.18928e-11 3.31991e-11 1.76473e-11 9.30133e-12 4.86352e-12 2.52404e-12 1.30067e-12 6.65775e-13 3.38636e-13 1.71208e-13 8.60656e-14 4.30296e-14 2.14017e-14 1.05919e-14 5.21725e-15 2.55821e-15 1.24894e-15 6.07203e-16 2.94026e-16 1.41829e-16 6.81606e-17 3.26401e-17 1.55767e-17 7.40899e-18 3.51278e-18 1.66034e-18 7.8243e-19 3.67651e-19 1.7227e-19 8.05017e-20 3.75196e-20 1.74423e-20 8.08859e-21 3.74196e-21 1.72708e-21 7.95317e-22 3.65435e-22 1.67552e-22 7.66621e-23 3.5005e-23 1.59522e-23 7.25557e-24 3.29388e-24 1.49261e-24 6.75165e-25 3.0487e-25 1.3743e-25 6.18476e-26 2.77882e-26 1.24655e-26 5.58319e-27 2.49688e-27 1.11498e-27 4.97173e-28 2.21376e-28 9.84353e-29 4.37098e-29 1.93833e-29 8.58442e-30 3.79697e-30 1.67733e-30 7.40061e-31 3.26131e-31 1.4355e-31 6.3112e-32 2.77157e-32 1.21578e-32 5.32732e-33 2.33182e-33 1.01958e-33 4.45349e-34 1.94328e-34 8.47103e-35 3.689e-35 1.60495e-35 6.97595e-36 3.02927e-36 1.31424e-36 5.69664e-37 2.46705e-37
2.90412e-08 5.81236e-08 7.66753e-08 8.1973e-08 7.6705e-08 6.5311e-08 5.17746e-08 3.87868e-08 2.77446e-08 1.90927e-08 1.27122e-08 8.22542e-09 5.19044e-09 3.20332e-09 1.93805e-09 1.15175e-09 6.73438e-10 3.87977e-10 2.20503e-10 1.23763e-10 6.86657e-11 3.76898e-11 2.04814e-11 1.10264e-11 5.88441e-12 3.11455e-12 1.63576e-12 8.52839e-13 4.41579e-13 2.27145e-13 1.16116e-13 5.90085e-14 2.98187e-14 1.49875e-14 7.49448e-15 3.72927e-15 1.847e-15 9.10657e-16 4.47062e-16 2.18565e-16 1.06429e-16 5.16269e-17 2.49509e-17 1.20157e-17 5.76663e-18 2.75838e-18 1.3152e-18 6.25155e-19 2.96265e-19 1.39995e-19 6.59665e-20 3.09993e-20 1.45289e-20 6.79202e-21 3.16726e-21 1.4734e-21 6.83807e-22 3.16633e-22 1.46289e-22 6.74416e-23 3.10263e-23 1.42443e-23 6.52652e-24 2.98453e-24 1.36222e-24 6.20598e-25 2.8222e-25 1.28115e-25 5.80577e-26 2.62657e-26 1.18632e-26 5.34955e-27 2.40851e-27 1.08271e-27 4.8598e-28 2.17814e-28 9.74824e-29 4.35665e-29 1.94437e-29 8.66595e-30 3.85723e-30 1.71463e-30 7.61221e-31 3.37526e-31 1.49476e-31 6.61167e-32 2.92105e-32 1.28903e-32 5.68187e-33 2.5017e-33 1.10028e-33 4.83395e-34 2.12149e-34 9.30099e-35 4.07355e-35 1.7823e-35 7.79038e-36 3.40185e-36 1.48408e-36 6.46833e-37 2.8166e-37
1.12212e-08 2.35521e-08 3.22383e-08 3.55705e-08 3.42312e-08 2.98992e-08 2.4267e-08 1.85836e-08 1.35708e-08 9.52364e-09 6.46033e-09 4.25531e-09 2.73151e-09 1.71373e-09 1.05342e-09 6.35701e-10 3.77264e-10 2.20503e-10 1.27089e-10 7.23112e-11 4.0656e-11 2.26066e-11 1.24413e-11 6.78129e-12 3.66298e-12 1.96187e-12 1.0424e-12 5.49696e-13 2.87813e-13 1.49679e-13 7.73438e-14 3.97227e-14 2.02828e-14 1.02993e-14 5.20223e-15 2.61441e-15 1.30753e-15 6.50898e-16 3.22581e-16 1.59186e-16 7.82319e-17 3.82951e-17 1.86743e-17 9.07296e-18 4.39251e-18 2.11928e-18 1.01912e-18 4.88511e-19 2.33441e-19 1.11219e-19 5.28345e-20 2.50284e-20 1.1824e-20 5.57112e-21 2.61821e-21 1.22738e-21 5.73983e-22 2.67789e-22 1.24649e-22 5.7891e-23 2.6828e-23 1.24063e-23 5.72532e-24 2.63682e-24 1.21201e-24 5.56033e-25 2.54613e-25 1.16377e-25 5.30978e-26 2.41841e-26 1.09962e-26 4.99148e-27 2.26209e-27 1.02353e-27 4.62391e-28 2.08573e-28 9.39411e-29 4.22492e-29 1.8974e-29 8.50923e-30 3.81087e-30 1.7044e-30 7.6128e-31 3.39589e-31 1.51291e-31 6.73174e-32 2.99165e-32 1.32792e-32 5.88739e-33 2.60717e-33 1.15325e-33 5.09553e-34 2.24895e-34 9.91523e-35 4.36682e-35 1.92121e-35 8.44384e-36 3.70739e-36 1.62617e-36 7.12591e-37 3.1196e-37
4.33575e-09 9.52291e-09 1.35069e-08 1.53641e-08 1.51923e-08 1.36015e-08 1.12943e-08 8.83548e-09 6.58302e-09 4.70849e-09 3.25236e-09 2.1797e-09 1.42261e-09 9.06921e-10 5.66144e-10 3.46784e-10 2.088e-10 1.23763e-10 7.23112e-11 4.16932e-11 2.37465e-11 1.33718e-11 7.45029e-12 4.11007e-12 2.24641e-12 1.21713e-12 6.54048e-13 3.48747e-13 1.84596e-13 9.70311e-14 5.06675e-14 2.62917e-14 1.35615e-14 6.95534e-15 3.54781e-15 1.80028e-15 9.08969e-16 4.56753e-16 2.28465e-16 1.13773e-16 5.64184e-17 2.7863e-17 1.37065e-17 6.71709e-18 3.27979e-18 1.59579e-18 7.73794e-19 3.73974e-19 1.80165e-19 8.65278e-20 4.14324e-20 1.97817e-20 9.4181e-21 4.47173e-21 2.11756e-21 1.00017e-21 4.7122e-22 2.2147e-22 1.03842e-22 4.85771e-23 2.26732e-23 1.05595e-23 4.90731e-24 2.27584e-24 1.05331e-24 4.86533e-25 2.24299e-25 1.0321e-25 4.74043e-26 2.17335e-26 9.94667e-27 4.54441e-27 2.07274e-27 9.43842e-28 4.29094e-28 1.9477e-28 8.82711e-29 3.99448e-29 1.80492e-29 8.14376e-30 3.66923e-30 1.65089e-30 7.41771e-31 3.32842e-31 1.49154e-31 6.67534e-32 2.98374e-32 1.33201e-32 5.93918e-33 2.64499e-33 1.17655e-33 5.22753e-34 2.32e-34 1.02848e-34 4.55437e-35 2.01461e-35 8.90215e-36 3.92958e-36 1.73281e-36 7.63345e-37 3.35938e-37
1.67529e-09 3.84285e-09 5.64068e-09 6.60822e-09 6.70833e-09 6.15156e-09 5.2225e-09 4.17104e-09 3.16892e-09 2.30887e-09 1.62318e-09 1.10632e-09 7.33825e-10 4.75157e-10 3.01105e-10 1.87137e-10 1.14273e-10 6.86657e-11 4.0656e-11 2.37465e-11 1.36965e-11 7.80801e-12 4.40291e-12 2.45763e-12 1.35877e-12 7.44526e-13 4.04523e-13 2.18042e-13 1.16643e-13 6.19546e-14 3.26841e-14 1.71315e-14 8.92442e-15 4.62186e-15 2.38023e-15 1.21925e-15 6.21351e-16 3.15097e-16 1.59038e-16 7.99072e-17 3.99739e-17 1.99133e-17 9.87992e-18 4.88281e-18 2.40409e-18 1.17938e-18 5.76543e-19 2.80889e-19 1.36398e-19 6.60239e-20 3.18606e-20 1.53288e-20 7.35366e-21 3.51783e-21 1.67826e-21 7.98529e-22 3.78965e-22 1.79398e-22 8.47178e-23 3.99115e-23 1.87592e-23 8.79736e-24 4.11656e-24 1.92213e-24 8.95623e-25 4.16466e-25 1.93272e-25 8.95183e-26 4.13838e-26 1.9096e-26 8.79559e-27 4.04406e-27 1.85616e-27 8.50504e-28 3.89059e-28 1.77684e-28 8.10196e-29 3.68854e-29 1.6767e-29 7.61036e-30 3.4492e-30 1.56101e-30 7.05478e-31 3.1839e-31 1.43498e-31 6.45883e-32 2.90332e-32 1.3034e-32 5.84408e-33 2.61708e-33 1.17055e-33 5.22932e-34 2.33341e-34 1.04001e-34 4.63013e-35 2.05904e-35 9.14663e-36 4.05873e-36 1.79912e-36 7.9667e-37 3.52413e-37
6.47312e-10 1.54793e-09 2.34861e-09 2.83114e-09 2.94825e-09 2.7672e-09 2.40042e-09 1.95614e-09 1.51464e-09 1.12361e-09 8.03583e-10 5.56766e-10 3.75169e-10 2.46638e-10 1.58599e-10 9.99756e-11 6.18928e-11 3.76898e-11 2.26066e-11 1.33718e-11 7.80801e-12 4.50489e-12 2.57025e-12 1.45121e-12 8.11393e-13 4.49507e-13 2.46874e-13 1.34481e-13 7.26911e-14 3.90044e-14 2.07835e-14 1.10013e-14 5.78666e-15 3.02548e-15 1.57276e-15 8.1309e-16 4.18144e-16 2.13953e-16 1.08945e-16 5.52165e-17 2.78603e-17 1.39968e-17 7.00273e-18 3.48952e-18 1.73215e-18 8.56608e-19 4.22096e-19 2.07265e-19 1.01431e-19 4.94764e-20 2.40573e-20 1.16617e-20 5.63613e-21 2.71608e-21 1.30522e-21 6.25517e-22 2.98979e-22 1.42535e-22 6.77813e-23 3.2154e-23 1.52169e-23 7.18471e-24 3.38461e-24 1.59093e-24 7.46203e-25 3.49262e-25 1.63138e-25 7.60482e-26 3.53813e-26 1.64296e-26 7.61501e-27 3.52306e-27 1.62702e-27 7.50082e-28 3.45208e-28 1.58608e-28 7.27542e-29 3.33191e-29 1.52351e-29 6.95549e-30 3.1707e-30 1.44324e-30 6.5598e-31 2.97731e-31 1.34944e-31 6.10779e-32 2.76078e-32 1.24625e-32 5.61844e-33 2.52972e-33 1.13759e-33 5.10938e-34 2.29205e-34 1.02699e-34 4.5962e-35 2.05464e-35 9.1745e-36 4.09212e-36 1.82322e-36 8.11457e-37 3.60772e-37
2.50114e-10 6.22484e-10 9.75199e-10 1.20855e-09 1.29009e-09 1.23857e-09 1.09716e-09 9.11796e-10 7.19181e-10 5.4295e-10 3.94854e-10 2.7799e-10 1.9022e-10 1.26916e-10 8.27871e-11 5.29127e-11 3.31991e-11 2.04814e-11 1.24413e-11 7.45029e-12 4.40291e-12 2.57025e-12 1.48334e-12 8.46953e-13 4.78765e-13 2.68096e-13 1.48799e-13 8.18972e-14 4.47188e-14 2.4235e-14 1.30405e-14 6.96938e-15 3.70069e-15 1.95294e-15 1.02455e-15 5.34472e-16 2.77313e-16 1.43142e-16 7.35192e-17 3.75803e-17 1.91216e-17 9.68646e-18 4.88602e-18 2.45448e-18 1.22812e-18 6.12154e-19 3.03998e-19 1.50426e-19 7.41776e-20 3.64555e-20 1.78583e-20 8.72063e-21 4.24547e-21 2.06069e-21 9.97349e-22 4.81353e-22 2.31684e-22 1.11218e-22 5.32519e-23 2.54333e-23 1.21174e-23 5.75941e-24 2.7311e-24 1.29215e-24 6.09999e-25 2.87347e-25 1.35073e-25 6.33636e-26 2.96645e-26 1.38606e-26 6.46384e-27 3.00875e-27 1.39792e-27 6.48337e-28 3.00161e-28 1.38727e-28 6.40082e-29 2.94844e-29 1.35596e-29 6.22609e-30 2.85436e-30 1.30659e-30 5.97203e-31 2.72564e-31 1.2422e-31 5.6533e-32 2.56928e-32 1.16609e-32 5.28531e-33 2.39244e-33 1.08157e-33 4.88334e-34 2.20212e-34 9.91824e-35 4.46177e-35 2.00478e-35 8.99754e-36 4.03353e-36 1.80617e-36 8.07892e-37 3.60974e-37
9.66413e-11 2.49941e-10 4.03891e-10 5.14164e-10 5.62232e-10 5.51795e-10 4.98872e-10 4.22588e-10 3.39381e-10 2.60639e-10 1.92665e-10 1.37777e-10 9.57018e-11 6.47823e-11 4.28513e-11 2.77604e-11 1.76473e-11 1.10264e-11 6.78129e-12 4.11007e-12 2.45763e-12 1.45121e-12 8.46953e-13 4.88918e-13 2.79354e-13 1.58083e-13 8.86478e-14 4.92859e-14 2.718e-14 1.48741e-14 8.08049e-15 4.35936e-15 2.3363e-15 1.2442e-15 6.58608e-16 3.4662e-16 1.81417e-16 9.44485e-17 4.89216e-17 2.52163e-17 1.29365e-17 6.60666e-18 3.35932e-18 1.70095e-18 8.57763e-19 4.30861e-19 2.15605e-19 1.07495e-19 5.34036e-20 2.644e-20 1.30467e-20 6.41711e-21 3.1464e-21 1.53803e-21 7.49602e-22 3.64291e-22 1.76543e-22 8.53244e-23 4.11288e-23 1.97742e-23 9.48338e-24 4.53695e-24 2.16536e-24 1.03106e-24 4.89843e-25 2.32202e-25 1.09834e-25 5.1843e-26 2.44202e-26 1.14797e-26 5.38591e-27 2.52203e-27 1.17875e-27 5.49913e-28 2.56084e-28 1.19043e-28 5.52425e-29 2.55922e-29 1.18364e-29 5.46545e-30 2.51965e-30 1.15978e-30 5.3302e-31 2.44602e-31 1.12082e-31 5.12838e-32 2.3432e-32 1.06913e-32 4.87147e-33 2.21668e-33 1.00733e-33 4.57172e-34 2.0722e-34 9.38075e-35 4.2414e-35 1.91538e-35 8.63937e-36 3.89225e-36 1.75153e-36 7.87307e-37 3.53496e-37
3.73411e-11 1.00214e-10 1.66879e-10 2.1806e-10 2.44099e-10 2.44761e-10 2.25733e-10 1.94814e-10 1.59232e-10 1.24348e-10 9.33943e-11 6.78145e-11 4.78005e-11 3.28173e-11 2.20057e-11 1.44455e-11 9.30133e-12 5.88441e-12 3.66298e-12 2.24641e-12 1.35877e-12 8.11393e-13 4.78765e-13 2.79354e-13 1.613e-13 9.22211e-14 5.22385e-14 2.93319e-14 1.63337e-14 9.02418e-15 4.94862e-15 2.69446e-15 1.45718e-15 7.82977e-16 4.1812e-16 2.21965e-16 1.17168e-16 6.15144e-17 3.21277e-17 1.66958e-17 8.63464e-18 4.44494e-18 2.27796e-18 1.1624e-18 5.90687e-19 2.98961e-19 1.50724e-19 7.57045e-20 3.78861e-20 1.88933e-20 9.38972e-21 4.65114e-21 2.29653e-21 1.13039e-21 5.54714e-22 2.71413e-22 1.32419e-22 6.44256e-23 3.12601e-23 1.51278e-23 7.30204e-24 3.5158e-24 1.68867e-24 8.0915e-25 3.86816e-25 1.84499e-25 8.78059e-26 4.16978e-26 1.97599e-26 9.34455e-27 4.41018e-27 2.07729e-27 9.76557e-28 4.58224e-28 2.14613e-28 1.00334e-28 4.68238e-29 2.18139e-29 1.01452e-29 4.71045e-30 2.18351e-30 1.01053e-30 4.66943e-31 2.15431e-31 9.92417e-32 4.56495e-32 2.09674e-32 9.61681e-33 4.40461e-33 2.01458e-33 9.2018e-34 4.19742e-34 1.91216e-34 8.69975e-35 3.95312e-35 1.79405e-35 8.13197e-36 3.68159e-36 1.6648e-36 7.51938e-37 3.39239e-37
1.44282e-11 4.01282e-11 6.87982e-11 9.22098e-11 1.05603e-10 1.08128e-10 1.01677e-10 8.93616e-11 7.43065e-11 5.89823e-11 4.49954e-11 3.31626e-11 2.3713e-11 1.65066e-11 1.12172e-11 7.45925e-12 4.86352e-12 3.11455e-12 1.96187e-12 1.21713e-12 7.44526e-13 4.49507e-13 2.68096e-13 1.58083e-13 9.22211e-14 5.32601e-14 3.04686e-14 1.72748e-14 9.71153e-15 5.41591e-15 2.99735e-15 1.64682e-15 8.98566e-16 4.87061e-16 2.62346e-16 1.40457e-16 7.47649e-17 3.9577e-17 2.08389e-17 1.09165e-17 5.69056e-18 2.95234e-18 1.52473e-18 7.83983e-19 4.01396e-19 2.0467e-19 1.03947e-19 5.25895e-20 2.65077e-20 1.33131e-20 6.66303e-21 3.32347e-21 1.65229e-21 8.18829e-22 4.04534e-22 1.99254e-22 9.78563e-23 4.79217e-23 2.3403e-23 1.13982e-23 5.53682e-24 2.68269e-24 1.29657e-24 6.25116e-25 3.00672e-25 1.44284e-25 6.90807e-26 3.30016e-26 1.57316e-26 7.48331e-27 3.55236e-27 1.68291e-27 7.95697e-28 3.75486e-28 1.76855e-28 8.31448e-29 3.9018e-29 1.82777e-29 8.54715e-30 3.99006e-30 1.85956e-30 8.65222e-31 4.01926e-31 1.86414e-31 8.6325e-32 3.99149e-32 1.84283e-32 8.49567e-33 3.91098e-33 1.79787e-33 8.25333e-34 3.78361e-34 1.73222e-34 7.91999e-35 3.61646e-35 1.64926e-35 7.51194e-36 3.41727e-36 1.55267e-36 7.04629e-37 3.19398e-37
5.57489e-12 1.60485e-11 2.83042e-11 3.88852e-11 4.55352e-11 4.75849e-11 4.56026e-11 4.07982e-11 3.44995e-11 2.78253e-11 2.15528e-11 1.61185e-11 1.16884e-11 8.2471e-12 5.67814e-12 3.82393e-12 2.52404e-12 1.63576e-12 1.0424e-12 6.54048e-13 4.04523e-13 2.46874e-13 1.48799e-13 8.86478e-14 5.22385e-14 3.04686e-14 1.75999e-14 1.00739e-14 5.71645e-15 3.2173e-15 1.79668e-15 9.9593e-16 5.48173e-16 2.99694e-16 1.62794e-16 8.78865e-17 4.71672e-17 2.51708e-17 1.33596e-17 7.05372e-18 3.70561e-18 1.93731e-18 1.00812e-18 5.22238e-19 2.69364e-19 1.38353e-19 7.07741e-20 3.60625e-20 1.83057e-20 9.25806e-21 4.66555e-21 2.34306e-21 1.17275e-21 5.85076e-22 2.90966e-22 1.44257e-22 7.13066e-23 3.51446e-23 1.72725e-23 8.46552e-24 4.13794e-24 2.01733e-24 9.80977e-25 4.75837e-25 2.30251e-25 1.11151e-25 5.3533e-26 2.57243e-26 1.23341e-26 5.90106e-27 2.81732e-27 1.34228e-27 6.38223e-28 3.02861e-28 1.4344e-28 6.78072e-29 3.19944e-29 1.50689e-29 7.0846e-30 3.32499e-30 1.55783e-30 7.28654e-31 3.40257e-31 1.58632e-31 7.38387e-32 3.43165e-32 1.59242e-32 7.37837e-33 3.41369e-33 1.5771e-33 7.27572e-34 3.35186e-34 1.54206e-34 7.08482e-35 3.25073e-35 1.48959e-35 6.81703e-36 3.11584e-36 1.42238e-36 6.48526e-37 2.95336e-37
2.15408e-12 6.41093e-12 1.1622e-11 1.63557e-11 1.95731e-11 2.08659e-11 2.03707e-11 1.85443e-11 1.59411e-11 1.30596e-11 1.02676e-11 7.78932e-12 5.72663e-12 4.09449e-12 2.85539e-12 1.94695e-12 1.30067e-12 8.52839e-13 5.49696e-13 3.48747e-13 2.18042e-13 1.34481e-13 8.18972e-14 4.92859e-14 2.93319e-14 1.72748e-14 1.00739e-14 5.82017e-15 3.33305e-15 1.89284e-15 1.06643e-15 5.96307e-16 3.31037e-16 1.82513e-16 9.99675e-17 5.44116e-17 2.94379e-17 1.58348e-17 8.47052e-18 4.50703e-18 2.38585e-18 1.25675e-18 6.58855e-19 3.43823e-19 1.7863e-19 9.24088e-20 4.76074e-20 2.44284e-20 1.24863e-20 6.35826e-21 3.22598e-21 1.63099e-21 8.21772e-22 4.12673e-22 2.06565e-22 1.03072e-22 5.12744e-23 2.54312e-23 1.2577e-23 6.20241e-24 3.05037e-24 1.49617e-24 7.31945e-25 3.57165e-25 1.73852e-25 8.44187e-26 4.08949e-26 1.97649e-26 9.53103e-27 4.58591e-27 2.20177e-27 1.05488e-27 5.04354e-28 2.40652e-28 1.146e-28 5.44676e-29 2.58385e-29 1.22346e-29 5.78253e-30 2.72817e-30 1.28489e-30 6.04106e-31 2.8355e-31 1.3287e-31 6.21617e-32 2.90353e-32 1.3541e-32 6.30536e-33 2.93167e-33 1.36106e-33 6.30968e-34 2.92091e-34 1.35026e-34 6.23333e-35 2.87364e-35 1.32302e-35 6.08315e-36 2.79339e-36 1.2811e-36 5.86801e-37 2.68451e-37
8.32311e-13 2.55824e-12 4.76343e-12 6.86282e-12 8.38873e-12 9.11867e-12 9.06504e-12 8.3939e-12 7.33264e-12 6.09979e-12 4.86632e-12 3.7438e-12 2.78973e-12 2.02071e-12 1.42699e-12 9.84901e-13 6.65775e-13 4.41579e-13 2.87813e-13 1.84596e-13 1.16643e-13 7.26911e-14 4.47188e-14 2.718e-14 1.63337e-14 9.71153e-15 5.71645e-15 3.33305e-15 1.92599e-15 1.10348e-15 6.27127e-16 3.53673e-16 1.97997e-16 1.10071e-16 6.0782e-17 3.33499e-17 1.81864e-17 9.85921e-18 5.31472e-18 2.84943e-18 1.51972e-18 8.06462e-19 4.25888e-19 2.23858e-19 1.17135e-19 6.10246e-20 3.16584e-20 1.63568e-20 8.41764e-21 4.31537e-21 2.20411e-21 1.12171e-21 5.6887e-22 2.87521e-22 1.44842e-22 7.2732e-23 3.64085e-23 1.81703e-23 9.04145e-24 4.48606e-24 2.2196e-24 1.09522e-24 5.38973e-25 2.64549e-25 1.29522e-25 6.32569e-26 3.08192e-26 1.498e-26 7.26437e-27 3.51484e-27 1.6969e-27 8.17469e-28 3.92979e-28 1.88526e-28 9.02599e-29 4.3128e-29 2.05675e-29 9.78996e-30 4.65126e-30 2.20581e-30 1.04422e-30 4.93458e-31 2.3279e-31 1.09634e-31 5.15471e-32 2.41969e-32 1.13402e-32 5.30645e-33 2.47923e-33 1.15658e-33 5.3875e-34 2.50591e-34 1.16392e-34 5.3984e-35 2.50038e-35 1.15653e-35 5.34224e-36 2.46444e-36 1.1354e-36 5.22428e-37 2.40081e-37
3.21596e-13 1.01983e-12 1.949e-12 2.87304e-12 3.58531e-12 3.97222e-12 4.01951e-12 3.78445e-12 3.35849e-12 2.83602e-12 2.29516e-12 1.79015e-12 1.35168e-12 9.91631e-13 7.08953e-13 4.95188e-13 3.38636e-13 2.27145e-13 1.49679e-13 9.70311e-14 6.19546e-14 3.90044e-14 2.4235e-14 1.48741e-14 9.02418e-15 5.41591e-15 3.2173e-15 1.89284e-15 1.10348e-15 6.3774e-16 3.65547e-16 2.07891e-16 1.17349e-16 6.57696e-17 3.66107e-17 2.02468e-17 1.11272e-17 6.07873e-18 3.3017e-18 1.78343e-18 9.58215e-19 5.12201e-19 2.7244e-19 1.44221e-19 7.59953e-20 3.98669e-20 2.08243e-20 1.08322e-20 5.61199e-21 2.89614e-21 1.48894e-21 7.6268e-22 3.89277e-22 1.98003e-22 1.00375e-22 5.07174e-23 2.55452e-23 1.28268e-23 6.42127e-24 3.20515e-24 1.59528e-24 7.91796e-25 3.91933e-25 1.9349e-25 9.52763e-26 4.67966e-26 2.29284e-26 1.12069e-26 5.46486e-27 2.65872e-27 1.29059e-27 6.25102e-28 3.02119e-28 1.45711e-28 7.01308e-29 3.3686e-29 1.61485e-29 7.72633e-30 3.68969e-30 1.75872e-30 8.36785e-31 3.97423e-31 1.88421e-31 8.91782e-32 4.21361e-32 1.9876e-32 9.36044e-33 4.40119e-33 2.06615e-33 9.68462e-34 4.53258e-34 2.11818e-34 9.88423e-35 4.60573e-35 2.14309e-35 9.95811e-36 4.62083e-36 2.1413e-36 9.9097e-37 4.58013e-37 2.11416e-37
1.24261e-13 4.06162e-13 7.96164e-13 1.20017e-12 1.52833e-12 1.72512e-12 1.77623e-12 1.69988e-12 1.53203e-12 1.31285e-12 1.0775e-12 8.51815e-13 6.51569e-13 4.84023e-13 3.50254e-13 2.47527e-13 1.71208e-13 1.16116e-13 7.73438e-14 5.06675e-14 3.26841e-14 2.07835e-14 1.30405e-14 8.08049e-15 4.94862e-15 2.99735e-15 1.79668e-15 1.06643e-15 6.27127e-16 3.65547e-16 2.11294e-16 1.21162e-16 6.89506e-17 3.89544e-17 2.18555e-17 1.21809e-17 6.74581e-18 3.7131e-18 2.03186e-18 1.10561e-18 5.9835e-19 3.22137e-19 1.7256e-19 9.19874e-20 4.88069e-20 2.5779e-20 1.35566e-20 7.0989e-21 3.70212e-21 1.92301e-21 9.9504e-22 5.12949e-22 2.6347e-22 1.34852e-22 6.87855e-23 3.49696e-23 1.77205e-23 8.95149e-24 4.50797e-24 2.26344e-24 1.13317e-24 5.657e-25 2.81629e-25 1.39828e-25 6.9242e-26 3.42001e-26 1.68498e-26 8.28126e-27 4.06029e-27 1.9861e-27 9.69277e-28 4.71979e-28 2.29321e-28 1.11182e-28 5.37912e-29 2.59714e-29 1.25142e-29 6.01802e-30 2.88844e-30 1.38372e-30 6.6165e-31 3.15802e-31 1.50461e-31 7.15599e-32 3.39757e-32 1.61039e-32 7.62035e-33 3.60006e-33 1.69804e-33 7.9966e-34 3.76002e-34 1.76529e-34 8.27546e-35 3.87375e-35 1.81069e-35 8.45163e-36 3.9394e-36 1.83368e-36 8.52376e-37 3.95695e-37 1.83452e-37
4.80131e-14 1.61617e-13 3.24735e-13 5.00328e-13 6.49873e-13 7.47058e-13 7.82393e-13 7.60837e-13 6.96177e-13 6.05241e-13 5.03638e-13 4.03447e-13 3.12557e-13 2.35053e-13 1.72124e-13 1.23049e-13 8.60656e-14 5.90085e-14 3.97227e-14 2.62917e-14 1.71315e-14 1.10013e-14 6.96938e-15 4.35936e-15 2.69446e-15 1.64682e-15 9.9593e-16 5.96307e-16 3.53673e-16 2.07891e-16 1.21162e-16 7.00437e-17 4.01803e-17 2.28796e-17 1.29366e-17 7.26534e-18 4.05397e-18 2.24806e-18 1.23921e-18 6.79191e-19 3.70206e-19 2.00718e-19 1.0827e-19 5.81138e-20 3.10442e-20 1.65074e-20 8.73862e-21 4.60609e-21 2.41773e-21 1.26394e-21 6.58174e-22 3.4143e-22 1.76465e-22 9.08778e-23 4.66383e-23 2.38537e-23 1.21601e-23 6.17909e-24 3.13009e-24 1.58076e-24 7.9596e-25 3.99632e-25 2.00081e-25 9.98984e-26 4.97446e-26 2.47057e-26 1.22387e-26 6.04771e-27 2.98116e-27 1.46603e-27 7.19265e-28 3.5208e-28 1.71959e-28 8.38028e-29 4.07533e-29 1.97768e-29 9.57765e-30 4.629e-30 2.23285e-30 1.07496e-30 5.16539e-31 2.47746e-31 1.18609e-31 5.66828e-32 2.7041e-32 1.2878e-32 6.1226e-33 2.90605e-33 1.37709e-33 6.51514e-34 3.07753e-34 1.45147e-34 6.83523e-35 3.21402e-35 1.50906e-35 7.07513e-36 3.31242e-36 1.54863e-36 7.23024e-37 3.37108e-37 1.56966e-37
1.85517e-14 6.42552e-14 1.3226e-13 2.08174e-13 2.75687e-13 3.22631e-13 3.43573e-13 3.39392e-13 3.15198e-13 2.77932e-13 2.34425e-13 1.90245e-13 1.49239e-13 1.13595e-13 8.41589e-14 6.08482e-14 4.30296e-14 2.98187e-14 2.02828e-14 1.35615e-14 8.92442e-15 5.78666e-15 3.70069e-15 2.3363e-15 1.45718e-15 8.98566e-16 5.48173e-16 3.31037e-16 1.97997e-16 1.17349e-16 6.89506e-17 4.01803e-17 2.32313e-17 1.33313e-17 7.59552e-18 4.29793e-18 2.41603e-18 1.3496e-18 7.49331e-19 4.13629e-19 2.27045e-19 1.23956e-19 6.73228e-20 3.63809e-20 1.95649e-20 1.04724e-20 5.58017e-21 2.96035e-21 1.56384e-21 8.22726e-22 4.31107e-22 2.25026e-22 1.17017e-22 6.06291e-23 3.1302e-23 1.61052e-23 8.25855e-24 4.22108e-24 2.15062e-24 1.09235e-24 5.53157e-25 2.79292e-25 1.40613e-25 7.05953e-26 3.53461e-26 1.76502e-26 8.79081e-27 4.3672e-27 2.16421e-27 1.06989e-27 5.27653e-28 2.59626e-28 1.27456e-28 6.24319e-29 3.05145e-29 1.48826e-29 7.24344e-30 3.51821e-30 1.7054e-30 8.25041e-31 3.98371e-31 1.9199e-31 9.23555e-32 4.43462e-32 2.12556e-32 1.01702e-32 4.85774e-33 2.31636e-33 1.1027e-33 5.24081e-34 2.48681e-34 1.17816e-34 5.57302e-35 2.63218e-35 1.24134e-35 5.84555e-36 2.74873e-36 1.29068e-36 6.05195e-37 2.83382e-37 1.32514e-37
