0.200741 0.0475667 0.0243564 0.0136646 0.00775376 0.00435197 0.00240954 0.00131851 0.000714728 0.000384522 0.000205606 0.00010938 5.79398e-05 3.05783e-05 1.60864e-05 8.43889e-06 4.41599e-06 2.3057e-06 1.20146e-06 6.24919e-07 3.24505e-07 1.68253e-07 8.71164e-08 4.50484e-08 2.32668e-08 1.20031e-08 6.18459e-09 3.18106e-09 1.62985e-09 8.2491e-10 4.2371e-10
0.0475667 0.0133631 0.00636737 0.00291963 0.00133491 0.000616821 0.000288636 0.000136569 6.51972e-05 3.13445e-05 1.51534e-05 7.35852e-06 3.58621e-06 1.75293e-06 8.58935e-07 4.21748e-07 2.07447e-07 1.02191e-07 5.04058e-08 2.48908e-08 1.23034e-08 6.08683e-09 3.01363e-09 1.49309e-09 7.40176e-10 3.67099e-10 1.82092e-10 9.02446e-11 4.45315e-11 2.16126e-11 1.07476e-11
0.0243564 0.00636737 0.00238062 0.000985436 0.000429652 0.000193644 8.92994e-05 4.1857e-05 1.9853e-05 9.49958e-06 4.57608e-06 2.21591e-06 1.0775e-06 5.25703e-07 2.57198e-07 1.26123e-07 6.19677e-08 3.04969e-08 1.50301e-08 7.41659e-09 3.66364e-09 1.81147e-09 8.96416e-10 4.43922e-10 2.19976e-10 1.09056e-10 5.40702e-11 2.6779e-11 1.31974e-11 6.50429e-12 3.23364e-12
0.0136646 0.00291963 0.000985436 0.000386214 0.000163621 7.25231e-05 3.308e-05 1.53831e-05 7.25155e-06 3.45258e-06 1.65624e-06 7.9916e-07 3.87396e-07 1.88495e-07 9.19984e-08 4.50165e-08 2.2075e-08 1.08449e-08 5.33627e-09 2.62932e-09 1.29708e-09 6.4054e-10 3.16612e-10 1.56625e-10 7.75348e-11 3.84026e-11 1.9023e-11 9.41367e-12 4.65979e-12 2.29569e-12 1.1405e-12
0.00775376 0.00133491 0.000429652 0.000163621 6.81709e-05 2.98917e-05 1.35278e-05 6.25172e-06 2.93181e-06 1.3897e-06 6.64075e-07 3.19333e-07 1.54327e-07 7.48863e-08 3.64595e-08 1.78004e-08 8.71104e-09 4.27152e-09 2.0982e-09 1.03219e-09 5.08447e-10 2.50744e-10 1.23782e-10 6.11609e-11 3.02431e-11 1.49637e-11 7.40547e-12 3.66664e-12 1.81377e-12 8.93099e-13 4.43328e-13
0.00435197 0.000616821 0.000193644 7.25231e-05 2.98917e-05 1.30062e-05 5.85025e-06 2.68982e-06 1.25585e-06 5.92971e-07 2.82379e-07 1.35369e-07 6.524e-08 3.15778e-08 1.5339e-08 7.47327e-09 3.65023e-09 1.78676e-09 8.76241e-10 4.30411e-10 2.11718e-10 1.04274e-10 5.14129e-11 2.53742e-11 1.25337e-11 6.19531e-12 3.0643e-12 1.51598e-12 7.49368e-13 3.68787e-13 1.82918e-13
0.00240954 0.000288636 8.92994e-05 3.308e-05 1.35278e-05 5.85025e-06 2.61812e-06 1.19848e-06 5.57404e-07 2.62287e-07 1.24522e-07 5.95299e-08 2.86184e-08 1.38207e-08 6.69957e-09 3.25788e-09 1.5885e-09 7.76309e-10 3.80139e-10 1.86466e-10 9.16038e-11 4.50616e-11 2.21928e-11 1.09414e-11 5.39921e-12 2.66654e-12 1.31778e-12 6.51425e-13 3.21783e-13 1.58276e-13 7.84468e-14
0.00131851 0.000136569 4.1857e-05 1.53831e-05 6.25172e-06 2.68982e-06 1.19848e-06 5.46514e-07 2.53313e-07 1.18834e-07 5.62629e-08 2.68312e-08 1.28699e-08 6.20258e-09 3.00108e-09 1.45686e-09 7.0922e-10 3.46091e-10 1.69241e-10 8.2911e-11 4.06828e-11 1.99904e-11 9.83505e-12 4.84409e-12 2.38825e-12 1.17849e-12 5.8193e-13 2.87454e-13 1.41899e-13 6.97614e-14 3.45525e-14
0.000714728 6.51972e-05 1.9853e-05 7.25155e-06 2.93181e-06 1.25585e-06 5.57404e-07 2.53313e-07 1.17056e-07 5.47641e-08 2.58648e-08 1.23073e-08 5.89141e-09 2.83408e-09 1.36892e-09 6.635e-10 3.22533e-10 1.57181e-10 7.67667e-11 3.7564e-11 1.84119e-11 9.03784e-12 4.44223e-12 2.18598e-12 1.07682e-12 5.30934e-13 2.61976e-13 1.29317e-13 6.37965e-14 3.13493e-14 1.55172e-14
0.000384522 3.13445e-05 9.49958e-06 3.45258e-06 1.3897e-06 5.92971e-07 2.62287e-07 1.18834e-07 5.47641e-08 2.55584e-08 1.20444e-08 5.71959e-09 2.73291e-09 1.31246e-09 6.32967e-10 3.06352e-10 1.48723e-10 7.23881e-11 3.53134e-11 1.72612e-11 8.45198e-12 4.1449e-12 2.03547e-12 1.00079e-12 4.92604e-13 2.42699e-13 1.19669e-13 5.90328e-14 2.91058e-14 1.42961e-14 7.07205e-15
0.000205606 1.51534e-05 4.57608e-06 1.65624e-06 6.64075e-07 2.82379e-07 1.24522e-07 5.62629e-08 2.58648e-08 1.20444e-08 5.66457e-09 2.68504e-09 1.28081e-09 6.14154e-10 2.9577e-10 1.42963e-10 6.93183e-11 3.3701e-11 1.6423e-11 8.01956e-12 3.92311e-12 1.92222e-12 9.43174e-13 4.63374e-13 2.2791e-13 1.12209e-13 5.52911e-14 2.72582e-14 1.34321e-14 6.59479e-15 3.2605e-15
0.00010938 7.35852e-06 2.21591e-06 7.9916e-07 3.19333e-07 1.35369e-07 5.95299e-08 2.68312e-08 1.23073e-08 5.71959e-09 2.68504e-09 1.2706e-09 6.05168e-10 2.89771e-10 1.39368e-10 6.72827e-11 3.25864e-11 1.5826e-11 7.70464e-12 3.75878e-12 1.83716e-12 8.99419e-13 4.40974e-13 2.16488e-13 1.06405e-13 5.2353e-14 2.57809e-14 1.27024e-14 6.25613e-15 3.07037e-15 1.5172e-15
5.79398e-05 3.58621e-06 1.0775e-06 3.87396e-07 1.54327e-07 6.524e-08 2.86184e-08 1.28699e-08 5.89141e-09 2.73291e-09 1.28081e-09 6.05168e-10 2.87826e-10 1.37639e-10 6.61186e-11 3.18841e-11 1.54259e-11 7.48444e-12 3.64031e-12 1.77442e-12 8.66565e-13 4.23917e-13 2.07689e-13 1.01891e-13 5.0047e-14 2.46086e-14 1.21112e-14 5.964e-15 2.9359e-15 1.44033e-15 7.11373e-16
3.05783e-05 1.75293e-06 5.25703e-07 1.88495e-07 7.48863e-08 3.15778e-08 1.38207e-08 6.20258e-09 2.83408e-09 1.31246e-09 6.14154e-10 2.89771e-10 1.37639e-10 6.57396e-11 3.15443e-11 1.51956e-11 7.3446e-12 3.56022e-12 1.73014e-12 8.42645e-13 4.11203e-13 2.01011e-13 9.84137e-14 4.82494e-14 2.36847e-14 1.16392e-14 5.72506e-15 2.81775e-15 1.38644e-15 6.79936e-16 3.35657e-16
1.60864e-05 8.58935e-07 2.57198e-07 9.19984e-08 3.64595e-08 1.5339e-08 6.69957e-09 3.00108e-09 1.36892e-09 6.32967e-10 2.9577e-10 1.39368e-10 6.61186e-11 3.15443e-11 1.51203e-11 7.27664e-12 3.51386e-12 1.70184e-12 8.26362e-13 4.02163e-13 1.9611e-13 9.58003e-14 4.68728e-14 2.29662e-14 1.1267e-14 5.53378e-15 2.72051e-15 1.33832e-15 6.58206e-16 3.22687e-16 1.59225e-16
8.43889e-06 4.21748e-07 1.26123e-07 4.50165e-08 1.78004e-08 7.47327e-09 3.25788e-09 1.45686e-09 6.635e-10 3.06352e-10 1.42963e-10 6.72827e-11 3.18841e-11 1.51956e-11 7.27664e-12 3.49867e-12 1.68804e-12 8.16895e-13 3.96357e-13 1.92755e-13 9.39306e-14 4.58557e-14 2.24223e-14 1.09798e-14 5.38362e-15 2.64276e-15 1.29858e-15 6.38513e-16 3.13898e-16 1.53839e-16 7.58767e-17
4.41599e-06 2.07447e-07 6.19677e-08 2.2075e-08 8.71104e-09 3.65023e-09 1.5885e-09 7.0922e-10 3.22533e-10 1.48723e-10 6.93183e-11 3.25864e-11 1.54259e-11 7.3446e-12 3.51386e-12 1.68804e-12 8.13788e-13 3.93517e-13 1.90797e-13 9.27246e-14 4.51561e-14 2.20311e-14 1.07664e-14 5.26921e-15 2.58223e-15 1.26695e-15 6.22246e-16 3.05822e-16 1.50283e-16 7.36296e-17 3.63007e-17
2.3057e-06 1.02191e-07 3.04969e-08 1.08449e-08 4.27152e-09 1.78676e-09 7.76309e-10 3.46091e-10 1.57181e-10 7.23881e-11 3.3701e-11 1.5826e-11 7.48444e-12 3.56022e-12 1.70184e-12 8.16895e-13 3.93517e-13 1.90153e-13 9.21333e-14 4.47466e-14 2.17779e-14 1.0619e-14 5.18655e-15 2.53702e-15 1.24267e-15 6.09413e-16 2.99169e-16 1.46972e-16 7.21951e-17 3.53608e-17 1.74266e-17
1.20146e-06 5.04058e-08 1.50301e-08 5.33627e-09 2.0982e-09 8.76241e-10 3.80139e-10 1.69241e-10 7.67667e-11 3.53134e-11 1.6423e-11 7.70464e-12 3.64031e-12 1.73014e-12 8.26362e-13 3.96357e-13 1.90797e-13 9.21333e-14 4.46118e-14 2.16535e-14 1.05325e-14 5.13287e-15 2.50568e-15 1.22505e-15 5.99761e-16 2.93992e-16 1.44261e-16 7.08421e-17 3.47857e-17 1.7033e-17 8.39108e-18
6.24919e-07 2.48908e-08 7.41659e-09 2.62932e-09 1.03219e-09 4.30411e-10 1.86466e-10 8.2911e-11 3.7564e-11 1.72612e-11 8.01956e-12 3.75878e-12 1.77442e-12 8.42645e-13 4.02163e-13 1.92755e-13 9.27246e-14 4.47466e-14 2.16535e-14 1.0504e-14 5.10646e-15 2.48725e-15 1.21358e-15 5.93046e-16 2.90211e-16 1.42194e-16 6.97452e-17 3.42361e-17 1.6805e-17 8.22642e-18 4.05116e-18
3.24505e-07 1.23034e-08 3.66364e-09 1.29708e-09 5.08447e-10 2.11718e-10 9.16038e-11 4.06828e-11 1.84119e-11 8.45198e-12 3.92311e-12 1.83716e-12 8.66565e-13 4.11203e-13 1.9611e-13 9.39306e-14 4.51561e-14 2.17779e-14 1.05325e-14 5.10646e-15 2.48117e-15 1.20792e-15 5.89087e-16 2.87741e-16 1.40746e-16 6.89322e-17 3.37974e-17 1.6584e-17 8.13756e-18 3.98247e-18 1.96051e-18
1.68253e-07 6.08683e-09 1.81147e-09 6.4054e-10 2.50744e-10 1.04274e-10 4.50616e-11 1.99904e-11 9.03784e-12 4.1449e-12 1.92222e-12 8.99419e-13 4.23917e-13 2.01011e-13 9.58003e-14 4.58557e-14 2.20311e-14 1.0619e-14 5.13287e-15 2.48725e-15 1.20792e-15 5.87779e-16 2.86521e-16 1.3989e-16 6.83978e-17 3.34852e-17 1.64115e-17 8.05001e-18 3.94874e-18 1.932e-18 9.50779e-19
8.71164e-08 3.01363e-09 8.96416e-10 3.16612e-10 1.23782e-10 5.14129e-11 2.21928e-11 9.83505e-12 4.44223e-12 2.03547e-12 9.43174e-13 4.40974e-13 2.07689e-13 9.84137e-14 4.68728e-14 2.24223e-14 1.07664e-14 5.18655e-15 2.50568e-15 1.21358e-15 5.89087e-16 2.86521e-16 1.39607e-16 6.81332e-17 3.32996e-17 1.62961e-17 7.98395e-18 3.91485e-18 1.91973e-18 9.39039e-19 4.61972e-19
4.50484e-08 1.49309e-09 4.43922e-10 1.56625e-10 6.11609e-11 2.53742e-11 1.09414e-11 4.84409e-12 2.18598e-12 1.00079e-12 4.63374e-13 2.16488e-13 1.01891e-13 4.82494e-14 2.29662e-14 1.09798e-14 5.26921e-15 2.53702e-15 1.22505e-15 5.93046e-16 2.87741e-16 1.3989e-16 6.81332e-17 3.3238e-17 1.62386e-17 7.94387e-18 3.89057e-18 1.90707e-18 9.34885e-19 4.57194e-19 2.24853e-19
2.32668e-08 7.40176e-10 2.19976e-10 7.75348e-11 3.02431e-11 1.25337e-11 5.39921e-12 2.38825e-12 1.07682e-12 4.92604e-13 2.2791e-13 1.06405e-13 5.0047e-14 2.36847e-14 1.1267e-14 5.38362e-15 2.58223e-15 1.24267e-15 5.99761e-16 2.90211e-16 1.40746e-16 6.83978e-17 3.32996e-17 1.62386e-17 7.9305e-18 3.87821e-18 1.89874e-18 9.30417e-19 4.55976e-19 2.2294e-19 1.09611e-19
1.20031e-08 3.67099e-10 1.09056e-10 3.84026e-11 1.49637e-11 6.19531e-12 2.66654e-12 1.17849e-12 5.30934e-13 2.42699e-13 1.12209e-13 5.2353e-14 2.46086e-14 1.16392e-14 5.53378e-15 2.64276e-15 1.26695e-15 6.09413e-16 2.93992e-16 1.42194e-16 6.89322e-17 3.34852e-17 1.62961e-17 7.94387e-18 3.87821e-18 1.89589e-18 9.2791e-19 4.54552e-19 2.22703e-19 1.08862e-19 5.35081e-20
6.18459e-09 1.82092e-10 5.40702e-11 1.9023e-11 7.40547e-12 3.0643e-12 1.31778e-12 5.8193e-13 2.61976e-13 1.19669e-13 5.52911e-14 2.57809e-14 1.21112e-14 5.72506e-15 2.72051e-15 1.29858e-15 6.22246e-16 2.99169e-16 1.44261e-16 6.97452e-17 3.37974e-17 1.64115e-17 7.98395e-18 3.89057e-18 1.89874e-18 9.2791e-19 4.54007e-19 2.22337e-19 1.08902e-19 5.32227e-20 2.61528e-20
3.18106e-09 9.02446e-11 2.6779e-11 9.41367e-12 3.66664e-12 1.51598e-12 6.51425e-13 2.87454e-13 1.29317e-13 5.90328e-14 2.72582e-14 1.27024e-14 5.964e-15 2.81775e-15 1.33832e-15 6.38513e-16 3.05822e-16 1.46972e-16 7.08421e-17 3.42361e-17 1.6584e-17 8.05001e-18 3.91485e-18 1.90707e-18 9.30417e-19 4.54552e-19 2.22337e-19 1.08852e-19 5.33028e-20 2.6045e-20 1.27948e-20
1.62985e-09 4.45315e-11 1.31974e-11 4.65979e-12 1.81377e-12 7.49368e-13 3.21783e-13 1.41899e-13 6.37965e-14 2.91058e-14 1.34321e-14 6.25613e-15 2.9359e-15 1.38644e-15 6.58206e-16 3.13898e-16 1.50283e-16 7.21951e-17 3.47857e-17 1.6805e-17 8.13756e-18 3.94874e-18 1.91973e-18 9.34885e-19 4.55976e-19 2.22703e-19 1.08902e-19 5.33028e-20 2.60952e-20 1.27484e-20 6.26123e-21
8.2491e-10 2.16126e-11 6.50429e-12 2.29569e-12 8.93099e-13 3.68787e-13 1.58276e-13 6.97614e-14 3.13493e-14 1.42961e-14 6.59479e-15 3.07037e-15 1.44033e-15 6.79936e-16 3.22687e-16 1.53839e-16 7.36296e-17 3.53608e-17 1.7033e-17 8.22642e-18 3.98247e-18 1.932e-18 9.39039e-19 4.57194e-19 2.2294e-19 1.08862e-19 5.32227e-20 2.6045e-20 1.27484e-20 6.22719e-21 3.05784e-21
4.2371e-10 1.07476e-11 3.23364e-12 1.1405e-12 4.43328e-13 1.82918e-13 7.84468e-14 3.45525e-14 1.55172e-14 7.07205e-15 3.2605e-15 1.5172e-15 7.11373e-16 3.35657e-16 1.59225e-16 7.58767e-17 3.63007e-17 1.74266e-17 8.39108e-18 4.05116e-18 1.96051e-18 9.50779e-19 4.61972e-19 2.24853e-19 1.09611e-19 5.35081e-20 2.61528e-20 1.27948e-20 6.26123e-21 3.05784e-21 1.50117e-21
