0.380923 0.0712192 0.0362897 0.0201022 0.0113418 0.00633745 0.00347754 0.00187337 0.000993101 0.000519508 0.000268845 0.000137911 7.0238e-05 3.55592e-05 1.79124e-05 8.98465e-06 4.49006e-06 2.23673e-06 1.1111e-06 5.50567e-07 2.72208e-07 1.34314e-07 6.6154e-08 3.25293e-08 1.59711e-08 7.83038e-09 3.83366e-09 1.87355e-09 9.12263e-10 4.38899e-10 2.14031e-10
0.0712192 0.0184752 0.00914221 0.00436946 0.00203142 0.000930866 0.000424227 0.000193244 8.8199e-05 4.03734e-05 1.85394e-05 8.53908e-06 3.94385e-06 1.82596e-06 8.47214e-07 3.93831e-07 1.83375e-07 8.55057e-08 3.99208e-08 1.8659e-08 8.7299e-09 4.08802e-09 1.91583e-09 8.98476e-10 4.21616e-10 1.97934e-10 9.29197e-11 4.35451e-11 2.02374e-11 9.0892e-12 4.27945e-12
0.0362897 0.00914221 0.00376026 0.0016231 0.000712929 0.000315995 0.000141083 6.34194e-05 2.8689e-05 1.30518e-05 5.96715e-06 2.73969e-06 1.26239e-06 5.8345e-07 2.70355e-07 1.25551e-07 5.84152e-08 2.7223e-08 1.27045e-08 5.93628e-09 2.77677e-09 1.3001e-09 6.09231e-10 2.85696e-10 1.34055e-10 6.29193e-11 2.95095e-11 1.37785e-11 6.31793e-12 2.94925e-12 1.38884e-12
0.0201022 0.00436946 0.0016231 0.000652864 0.00027414 0.000118086 5.17513e-05 2.29735e-05 1.03018e-05 4.65699e-06 2.11901e-06 9.69332e-07 4.45353e-07 2.05353e-07 9.49725e-08 4.40342e-08 2.04601e-08 9.52399e-09 4.44028e-09 2.07297e-09 9.68926e-10 4.53357e-10 2.12317e-10 9.95095e-11 4.66638e-11 2.18811e-11 1.02386e-11 4.74694e-12 2.22438e-12 1.03826e-12 4.88815e-13
0.0113418 0.00203142 0.000712929 0.00027414 0.000111545 4.70385e-05 2.03189e-05 8.9292e-06 3.97469e-06 1.78683e-06 8.09518e-07 3.69016e-07 1.69052e-07 7.77598e-08 3.58875e-08 1.6609e-08 7.70487e-09 3.58143e-09 1.66761e-09 7.77638e-10 3.63096e-10 1.69729e-10 7.94172e-11 3.71891e-11 1.74219e-11 8.15585e-12 3.80177e-12 1.78224e-12 8.34913e-13 3.89592e-13 1.83329e-13
0.00633745 0.000930866 0.000315995 0.000118086 4.70385e-05 1.95408e-05 8.35187e-06 3.64211e-06 1.61183e-06 7.21307e-07 3.25576e-07 1.47952e-07 6.75993e-08 3.10221e-08 1.42879e-08 6.60047e-09 3.0569e-09 1.41881e-09 6.59732e-10 3.0726e-10 1.43301e-10 6.69138e-11 3.12772e-11 1.46309e-11 6.84506e-12 3.1972e-12 1.49793e-12 7.01894e-13 3.28661e-13 1.53299e-13 7.20921e-14
0.00347754 0.000424227 0.000141083 5.17513e-05 2.03189e-05 8.35187e-06 3.54204e-06 1.53561e-06 6.76484e-07 3.01602e-07 1.35706e-07 6.1502e-08 2.80331e-08 1.28373e-08 5.90116e-09 2.72135e-09 1.25834e-09 5.83179e-10 2.70806e-10 1.25965e-10 5.86794e-11 2.73699e-11 1.27796e-11 5.97109e-12 2.78923e-12 1.30536e-12 6.11209e-13 2.86233e-13 1.33955e-13 6.24527e-14 2.93498e-14
0.00187337 0.000193244 6.34194e-05 2.29735e-05 8.9292e-06 3.64211e-06 1.53561e-06 6.62707e-07 2.90858e-07 1.2927e-07 5.80071e-08 2.62257e-08 1.19281e-08 5.45163e-09 2.50158e-09 1.15173e-09 5.31749e-10 2.46096e-10 1.14129e-10 5.30227e-11 2.46718e-11 1.14952e-11 5.36147e-12 2.50198e-12 1.16925e-12 5.46821e-13 2.55867e-13 1.19749e-13 5.60093e-14 2.61005e-14 1.22577e-14
0.000993101 8.8199e-05 2.8689e-05 1.03018e-05 3.97469e-06 1.61183e-06 6.76484e-07 2.90858e-07 1.27258e-07 5.64055e-08 2.52502e-08 1.13913e-08 5.17091e-09 2.35906e-09 1.08071e-09 4.96799e-10 2.29045e-10 1.05863e-10 4.90344e-11 2.27544e-11 1.05762e-11 4.92248e-12 2.2934e-12 1.06994e-12 4.99624e-13 2.33489e-13 1.09179e-13 5.1065e-14 2.38704e-14 1.11185e-14 5.21823e-15
0.000519508 4.03734e-05 1.30518e-05 4.65699e-06 1.78683e-06 7.21307e-07 3.01602e-07 1.2927e-07 5.64055e-08 2.49413e-08 1.1141e-08 5.01627e-09 2.27296e-09 1.03525e-09 4.73529e-10 2.17369e-10 1.00083e-10 4.62004e-11 2.13746e-11 9.90806e-12 4.60045e-12 2.139e-12 9.95949e-13 4.64261e-13 2.16629e-13 1.01165e-13 4.72731e-14 2.20967e-14 1.03233e-14 4.80628e-15 2.25432e-15
0.000268845 1.85394e-05 5.96715e-06 2.11901e-06 8.09518e-07 3.25576e-07 1.35706e-07 5.80071e-08 2.52502e-08 1.1141e-08 4.96683e-09 2.2323e-09 1.00981e-09 4.59223e-10 2.09752e-10 9.61564e-11 4.42183e-11 2.03883e-11 9.42235e-12 4.36315e-12 2.02387e-12 9.40279e-13 4.37444e-13 2.03755e-13 9.50041e-14 4.43359e-14 2.07042e-14 9.67188e-15 4.51611e-15 2.1017e-15 9.85187e-16
0.000137911 8.53908e-06 2.73969e-06 9.69332e-07 3.69016e-07 1.47952e-07 6.1502e-08 2.62257e-08 1.13913e-08 5.01627e-09 2.2323e-09 1.00162e-09 4.524e-10 2.05439e-10 9.371e-11 4.29061e-11 1.97077e-11 9.077e-12 4.19058e-12 1.93861e-12 8.98477e-13 4.17077e-13 1.93882e-13 9.02397e-14 4.20462e-14 1.96089e-14 9.15139e-15 4.27256e-15 1.99396e-15 9.2756e-16 4.34558e-16
7.0238e-05 3.94385e-06 1.26239e-06 4.45353e-07 1.69052e-07 6.75993e-08 2.80331e-08 1.19281e-08 5.17091e-09 2.27296e-09 1.00981e-09 4.524e-10 2.04042e-10 9.25342e-11 4.21564e-11 1.92793e-11 8.84577e-12 4.07002e-12 1.87718e-12 8.67652e-13 4.01785e-13 1.86362e-13 8.65667e-14 4.02626e-14 1.87473e-14 8.73759e-15 4.07539e-15 1.90165e-15 8.87035e-16 4.12475e-16 1.9314e-16
3.55592e-05 1.82596e-06 5.8345e-07 2.05353e-07 7.77598e-08 3.10221e-08 1.28373e-08 5.45163e-09 2.35906e-09 1.03525e-09 4.59223e-10 2.05439e-10 9.25342e-11 4.19125e-11 1.90722e-11 8.71273e-12 3.9935e-12 1.83567e-12 8.45905e-13 3.90654e-13 1.80756e-13 8.37775e-14 3.88876e-14 1.80746e-14 8.41066e-15 3.9176e-15 1.82622e-15 8.51698e-16 3.9709e-16 1.84579e-16 8.63849e-17
1.79124e-05 8.47214e-07 2.70355e-07 9.49725e-08 3.58875e-08 1.42879e-08 5.90116e-09 2.50158e-09 1.08071e-09 4.73529e-10 2.09752e-10 9.371e-11 4.21564e-11 1.90722e-11 8.66928e-12 3.95633e-12 1.81165e-12 8.32011e-13 3.83078e-13 1.7677e-13 8.17301e-14 3.78535e-14 1.75588e-14 8.15595e-15 3.79291e-15 1.76569e-15 8.22643e-16 3.83466e-16 1.78703e-16 8.3037e-17 3.88434e-17
8.98465e-06 3.93831e-07 1.25551e-07 4.40342e-08 1.6609e-08 6.60047e-09 2.72135e-09 1.15173e-09 4.96799e-10 2.17369e-10 9.61564e-11 4.29061e-11 1.92793e-11 8.71273e-12 3.95633e-12 1.80379e-12 8.25236e-13 3.78673e-13 1.74211e-13 8.03283e-14 3.71133e-14 1.71775e-14 7.96288e-15 3.69645e-15 1.71803e-15 7.9935e-16 3.7223e-16 1.73427e-16 8.07855e-17 3.75254e-17 1.75458e-17
4.49006e-06 1.83375e-07 5.84152e-08 2.04601e-08 7.70487e-09 3.0569e-09 1.25834e-09 5.31749e-10 2.29045e-10 1.00083e-10 4.42183e-11 1.97077e-11 8.84577e-12 3.9935e-12 1.81165e-12 8.25236e-13 3.77228e-13 1.72958e-13 7.95103e-14 3.66359e-14 1.69151e-14 7.82391e-15 3.62468e-15 1.68164e-15 7.81163e-16 3.63262e-16 1.69076e-16 7.87388e-17 3.66627e-17 1.70245e-17 7.95666e-18
2.23673e-06 8.55057e-08 2.7223e-08 9.52399e-09 3.58143e-09 1.41881e-09 5.83179e-10 2.46096e-10 1.05863e-10 4.62004e-11 2.03883e-11 9.077e-12 4.07002e-12 1.83567e-12 8.32011e-13 3.78673e-13 1.72958e-13 7.92413e-14 3.64018e-14 1.67614e-14 7.73391e-15 3.57507e-15 1.65531e-15 7.67543e-16 3.56356e-16 1.65633e-16 7.70556e-17 3.58692e-17 1.66949e-17 7.74994e-18 3.62054e-18
1.1111e-06 3.99208e-08 1.27045e-08 4.44028e-09 1.66761e-09 6.59732e-10 2.70806e-10 1.14129e-10 4.90344e-11 2.13746e-11 9.42235e-12 4.19058e-12 1.87718e-12 8.45905e-13 3.83078e-13 1.74211e-13 7.95103e-14 3.64018e-14 1.67109e-14 7.68969e-15 3.54594e-15 1.63819e-15 7.58086e-16 3.5133e-16 1.63034e-16 7.5742e-17 3.52208e-17 1.63883e-17 7.62482e-18 3.53847e-18 1.6524e-18
5.50567e-07 1.8659e-08 5.93628e-09 2.07297e-09 7.77638e-10 3.0726e-10 1.25965e-10 5.30227e-11 2.27544e-11 9.90806e-12 4.36315e-12 1.93861e-12 8.67652e-13 3.90654e-13 1.7677e-13 8.03283e-14 3.66359e-14 1.67614e-14 7.68969e-15 3.53634e-15 1.62976e-15 7.52519e-16 3.48051e-16 1.61221e-16 7.47789e-17 3.47248e-17 1.61405e-17 7.50716e-18 3.4915e-18 1.61985e-18 7.56151e-19
2.72208e-07 8.7299e-09 2.77677e-09 9.68926e-10 3.63096e-10 1.43301e-10 5.86794e-11 2.46718e-11 1.05762e-11 4.60045e-12 2.02387e-12 8.98477e-13 4.01785e-13 1.80756e-13 8.17301e-14 3.71133e-14 1.69151e-14 7.73391e-15 3.54594e-15 1.62976e-15 7.50681e-16 3.46434e-16 1.60151e-16 7.4148e-17 3.43763e-17 1.59562e-17 7.41359e-18 3.44683e-18 1.60252e-18 7.4327e-19 3.46834e-19
1.34314e-07 4.08802e-09 1.3001e-09 4.53357e-10 1.69729e-10 6.69138e-11 2.73699e-11 1.14952e-11 4.92248e-12 2.139e-12 9.40279e-13 4.17077e-13 1.86362e-13 8.37775e-14 3.78535e-14 1.71775e-14 7.82391e-15 3.57507e-15 1.63819e-15 7.52519e-16 3.46434e-16 1.59796e-16 7.38359e-17 3.41696e-17 1.58347e-17 7.34685e-18 3.41215e-18 1.58584e-18 7.3705e-19 3.41762e-19 1.59421e-19
6.6154e-08 1.91583e-09 6.09231e-10 2.12317e-10 7.94172e-11 3.12772e-11 1.27796e-11 5.36147e-12 2.2934e-12 9.95949e-13 4.37444e-13 1.93882e-13 8.65667e-14 3.88876e-14 1.75588e-14 7.96288e-15 3.62468e-15 1.65531e-15 7.58086e-16 3.48051e-16 1.60151e-16 7.38359e-17 3.41011e-17 1.57744e-17 7.30702e-18 3.3889e-18 1.57334e-18 7.30967e-19 3.39621e-19 1.57439e-19 7.34152e-20
3.25293e-08 8.98476e-10 2.85696e-10 9.95095e-11 3.71891e-11 1.46309e-11 5.97109e-12 2.50198e-12 1.06994e-12 4.64261e-13 2.03755e-13 9.02397e-14 4.02626e-14 1.80746e-14 8.15595e-15 3.69645e-15 1.68164e-15 7.67543e-16 3.5133e-16 1.61221e-16 7.4148e-17 3.41696e-17 1.57744e-17 7.29379e-18 3.37729e-18 1.56575e-18 7.26651e-19 3.37485e-19 1.56753e-19 7.26486e-20 3.38657e-20
1.59711e-08 4.21616e-10 1.34055e-10 4.66638e-11 1.74219e-11 6.84506e-12 2.78923e-12 1.16925e-12 4.99624e-13 2.16629e-13 9.50041e-14 4.20462e-14 1.87473e-14 8.41066e-15 3.79291e-15 1.71803e-15 7.81163e-16 3.56356e-16 1.63034e-16 7.47789e-17 3.43763e-17 1.58347e-17 7.30702e-18 3.37729e-18 1.56321e-18 7.24455e-19 3.36097e-19 1.56045e-19 7.24574e-20 3.35732e-20 1.56455e-20
7.83038e-09 1.97934e-10 6.29193e-11 2.18811e-11 8.15585e-12 3.1972e-12 1.30536e-12 5.46821e-13 2.33489e-13 1.01165e-13 4.43359e-14 1.96089e-14 8.73759e-15 3.9176e-15 1.76569e-15 7.9935e-16 3.63262e-16 1.65633e-16 7.5742e-17 3.47248e-17 1.59562e-17 7.34685e-18 3.3889e-18 1.56575e-18 7.24455e-19 3.35625e-19 1.55655e-19 7.22458e-20 3.35367e-20 1.55358e-20 7.23766e-21
3.83366e-09 9.29197e-11 2.95095e-11 1.02386e-11 3.80177e-12 1.49793e-12 6.11209e-13 2.55867e-13 1.09179e-13 4.72731e-14 2.07042e-14 9.15139e-15 4.07539e-15 1.82622e-15 8.22643e-16 3.7223e-16 1.69076e-16 7.70556e-17 3.52208e-17 1.61405e-17 7.41359e-18 3.41215e-18 1.57334e-18 7.26651e-19 3.36097e-19 1.55655e-19 7.21663e-20 3.34853e-20 1.55397e-20 7.19717e-21 3.35199e-21
1.87355e-09 4.35451e-11 1.37785e-11 4.74694e-12 1.78224e-12 7.01894e-13 2.86233e-13 1.19749e-13 5.1065e-14 2.20967e-14 9.67188e-15 4.27256e-15 1.90165e-15 8.51698e-16 3.83466e-16 1.73427e-16 7.87388e-17 3.58692e-17 1.63883e-17 7.50716e-18 3.44683e-18 1.58584e-18 7.30967e-19 3.37485e-19 1.56045e-19 7.22458e-20 3.34853e-20 1.55328e-20 7.20653e-21 3.33701e-21 1.55375e-21
9.12263e-10 2.02374e-11 6.31793e-12 2.22438e-12 8.34913e-13 3.28661e-13 1.33955e-13 5.60093e-14 2.38704e-14 1.03233e-14 4.51611e-15 1.99396e-15 8.87035e-16 3.9709e-16 1.78703e-16 8.07855e-17 3.66627e-17 1.66949e-17 7.62482e-18 3.4915e-18 1.60252e-18 7.3705e-19 3.39621e-19 1.56753e-19 7.24574e-20 3.35367e-20 1.55397e-20 7.20653e-21 3.34272e-21 1.54757e-21 7.20387e-22
4.38899e-10 9.0892e-12 2.94925e-12 1.03826e-12 3.89592e-13 1.53299e-13 6.24527e-14 2.61005e-14 1.11185e-14 4.80628e-15 2.1017e-15 9.2756e-16 4.12475e-16 1.84579e-16 8.3037e-17 3.75254e-17 1.70245e-17 7.74994e-18 3.53847e-18 1.61985e-18 7.4327e-19 3.41762e-19 1.57439e-19 7.26486e-20 3.35732e-20 1.55358e-20 7.19717e-21 3.33701e-21 1.54757e-21 7.16373e-22 3.33403e-22
2.14031e-10 4.27945e-12 1.38884e-12 4.88815e-13 1.83329e-13 7.20921e-14 2.93498e-14 1.22577e-14 5.21823e-15 2.25432e-15 9.85187e-16 4.34558e-16 1.9314e-16 8.63849e-17 3.88434e-17 1.75458e-17 7.95666e-18 3.62054e-18 1.6524e-18 7.56151e-19 3.46834e-19 1.59421e-19 7.34152e-20 3.38657e-20 1.56455e-20 7.23766e-21 3.35199e-21 1.55375e-21 7.20387e-22 3.33403e-22 1.55127e-22
