0.460157 0.0835217 0.0416907 0.0208104 0.0103877 0.00518513 0.00258821 0.00129193 0.000644881 0.000321899 0.000160679 8.02047e-05 4.0035e-05 1.99839e-05 9.97516e-06 4.97921e-06 2.48542e-06 1.24062e-06 6.1927e-07 3.09115e-07 1.54298e-07 7.70194e-08 3.8445e-08 1.91902e-08 9.57901e-09 4.78146e-09 2.38671e-09 1.19135e-09 5.94676e-10 2.96839e-10 1.4817e-10 7.39606e-11 3.69182e-11 1.84281e-11 9.19858e-12 4.59157e-12 2.29193e-12 1.14404e-12 5.71059e-13 2.8505e-13 1.42286e-13 7.10233e-14 3.5452e-14 1.76962e-14 8.83326e-15 4.40922e-15 2.20091e-15 1.0986e-15 5.4838e-16 2.73729e-16 1.36635e-16 6.82027e-17 3.40441e-17 1.69935e-17 8.48246e-18 4.23411e-18 2.1135e-18 1.05497e-18 5.26601e-19 2.62858e-19 1.31208e-19 6.54941e-20 3.2692e-20 1.63186e-20 8.14558e-21 4.06595e-21 2.02956e-21 1.01308e-21 5.05688e-22 2.52419e-22 1.25998e-22 6.2893e-23 3.13937e-23 1.56705e-23 7.82208e-24 3.90447e-24 1.94896e-24 9.72843e-25 4.85604e-25 2.42394e-25 1.20994e-25 6.03953e-26 3.01469e-26 1.50481e-26 7.51144e-27 3.74941e-27 1.87156e-27 9.34207e-28 4.66319e-28 2.32768e-28 1.16189e-28 5.79967e-29 2.89496e-29 1.44505e-29 7.21312e-30 3.6005e-30 1.79723e-30 8.97105e-31 4.47799e-31 2.23524e-31 1.11574e-31
0.0835217 0.0344703 0.01988 0.011258 0.00628575 0.00347014 0.00189815 0.00103034 0.000555664 0.00029801 0.00015906 8.45403e-05 4.47668e-05 2.36275e-05 1.24336e-05 6.52572e-06 3.41678e-06 1.78509e-06 9.30763e-07 4.84425e-07 2.51701e-07 1.30579e-07 6.76455e-08 3.49967e-08 1.80833e-08 9.33313e-09 4.8118e-09 2.47827e-09 1.27519e-09 6.55563e-10 3.36734e-10 1.72828e-10 8.86364e-11 4.54256e-11 2.32646e-11 1.19073e-11 6.09062e-12 3.11357e-12 1.59079e-12 8.12343e-13 4.14615e-13 2.11514e-13 1.07853e-13 5.4971e-14 2.80059e-14 1.42622e-14 7.26028e-15 3.6945e-15 1.87932e-15 9.55637e-16 4.85779e-16 2.46856e-16 1.25404e-16 6.36866e-17 3.23338e-17 1.64113e-17 8.32743e-18 4.22438e-18 2.14242e-18 1.08627e-18 5.50637e-19 2.79056e-19 1.41391e-19 7.16232e-20 3.62739e-20 1.83672e-20 9.29836e-21 4.70635e-21 2.38165e-21 1.20502e-21 6.09577e-22 3.0831e-22 1.5591e-22 7.88289e-23 3.98499e-23 2.01419e-23 1.0179e-23 5.14337e-24 2.59851e-24 1.31262e-24 6.62967e-25 3.348e-25 1.69052e-25 8.53493e-26 4.30847e-26 2.17467e-26 1.09751e-26 5.53825e-27 2.79438e-27 1.40977e-27 7.11154e-28 3.587e-28 1.80905e-28 9.12275e-29 4.59998e-29 2.31922e-29 1.16919e-29 5.89366e-30 2.9706e-30 1.49714e-30 7.54469e-31
0.0416907 0.01988 0.0123615 0.007473 0.00442318 0.0025751 0.00147934 0.000840551 0.0004732 0.000264296 0.00014661 8.08418e-05 4.43411e-05 2.42062e-05 1.31585e-05 7.12566e-06 3.84532e-06 2.06853e-06 1.1095e-06 5.93512e-07 3.16705e-07 1.6861e-07 8.95746e-08 4.7492e-08 2.51331e-08 1.32774e-08 7.00277e-09 3.68769e-09 1.93912e-09 1.01826e-09 5.34005e-10 2.79702e-10 1.46331e-10 7.647e-11 3.99195e-11 2.0818e-11 1.08461e-11 5.64554e-12 2.93599e-12 1.52558e-12 7.9207e-13 4.10917e-13 2.1302e-13 1.1035e-13 5.71251e-14 2.95523e-14 1.52784e-14 7.89395e-15 4.07618e-15 2.10359e-15 1.085e-15 5.59322e-16 2.88184e-16 1.48409e-16 7.63901e-17 3.93016e-17 2.02108e-17 1.03888e-17 5.33778e-18 2.74141e-18 1.40738e-18 7.22232e-19 3.70489e-19 1.89982e-19 9.73854e-20 4.99023e-20 2.55622e-20 1.30898e-20 6.70074e-21 3.42907e-21 1.75427e-21 8.97188e-22 4.58716e-22 2.34466e-22 1.1981e-22 6.12051e-23 3.12584e-23 1.59599e-23 8.14677e-24 4.15749e-24 2.12115e-24 1.08195e-24 5.5175e-25 2.81306e-25 1.43389e-25 7.30736e-26 3.72315e-26 1.89658e-26 9.65919e-27 4.91839e-27 2.50392e-27 1.27448e-27 6.48579e-28 3.29999e-28 1.67874e-28 8.53839e-29 4.34202e-29 2.20767e-29 1.12228e-29 5.70424e-30 2.89883e-30
0.0208104 0.011258 0.007473 0.00477619 0.00296921 0.00180702 0.00108124 0.000638049 0.000372167 0.000214943 0.000123082 6.99546e-05 3.94973e-05 2.21697e-05 1.23781e-05 6.87817e-06 3.80542e-06 2.09704e-06 1.1514e-06 6.30067e-07 3.43711e-07 1.86959e-07 1.01421e-07 5.48807e-08 2.96269e-08 1.59586e-08 8.57822e-09 4.60202e-09 2.46431e-09 1.31728e-09 7.02977e-10 3.74556e-10 1.9927e-10 1.05863e-10 5.61635e-11 2.97577e-11 1.57472e-11 8.32322e-12 4.39423e-12 2.31739e-12 1.22084e-12 6.42515e-13 3.37819e-13 1.77452e-13 9.31291e-14 4.88331e-14 2.55847e-14 1.33936e-14 7.00605e-15 3.66204e-15 1.91274e-15 9.98352e-16 5.20732e-16 2.7143e-16 1.41391e-16 7.36069e-17 3.82958e-17 1.99127e-17 1.03481e-17 5.37469e-18 2.79005e-18 1.44758e-18 7.50679e-19 3.8909e-19 2.01575e-19 1.04381e-19 5.40261e-20 2.79508e-20 1.44543e-20 7.4716e-21 3.86057e-21 1.99395e-21 1.02945e-21 5.31288e-22 2.74089e-22 1.41349e-22 7.28682e-23 3.75518e-23 1.93452e-23 9.96258e-24 5.12893e-24 2.63962e-24 1.35806e-24 6.98497e-25 3.59151e-25 1.84613e-25 9.48682e-26 4.87367e-26 2.50305e-26 1.28518e-26 6.59697e-27 3.38539e-27 1.73685e-27 8.90851e-28 4.56815e-28 2.34191e-28 1.20032e-28 6.15062e-29 3.15095e-29 1.61386e-29 8.26408e-30
0.0103877 0.00628575 0.00442318 0.00296921 0.00192709 0.00121916 0.00075588 0.000461005 0.000277336 0.000164911 9.70803e-05 5.66502e-05 3.28025e-05 1.88632e-05 1.07803e-05 6.12655e-06 3.46407e-06 1.94955e-06 1.0925e-06 6.09815e-07 3.39145e-07 1.87974e-07 1.03857e-07 5.72122e-08 3.14294e-08 1.72208e-08 9.41248e-09 5.13274e-09 2.79283e-09 1.51649e-09 8.21823e-10 4.44535e-10 2.40028e-10 1.29384e-10 6.96301e-11 3.74147e-11 2.00745e-11 1.07555e-11 5.7548e-12 3.07512e-12 1.64116e-12 8.74816e-13 4.65779e-13 2.47719e-13 1.31604e-13 6.98445e-14 3.70305e-14 1.9614e-14 1.03793e-14 5.48754e-15 2.89872e-15 1.52992e-15 8.06813e-16 4.25141e-16 2.2385e-16 1.17776e-16 6.19212e-17 3.25324e-17 1.70803e-17 8.96156e-18 4.69883e-18 2.46219e-18 1.2894e-18 6.74827e-19 3.52975e-19 1.84522e-19 9.6408e-20 5.03433e-20 2.62749e-20 1.37062e-20 7.14621e-21 3.72409e-21 1.9398e-21 1.00993e-21 5.25561e-22 2.73377e-22 1.42138e-22 7.38711e-23 3.83756e-23 1.99277e-23 1.03439e-23 5.36715e-24 2.78377e-24 1.44331e-24 7.4804e-25 3.87554e-25 2.00718e-25 1.03917e-25 5.37827e-26 2.7826e-26 1.43918e-26 7.44117e-27 3.84617e-27 1.98738e-27 1.0266e-27 5.3014e-28 2.73686e-28 1.4125e-28 7.28788e-29 3.75918e-29 1.9385e-29
0.00518513 0.00347014 0.0025751 0.00180702 0.00121916 0.000798651 0.000511222 0.00032116 0.000198639 0.000121247 7.31703e-05 4.37205e-05 2.58958e-05 1.52189e-05 8.88171e-06 5.1506e-06 2.96974e-06 1.7033e-06 9.72214e-07 5.52451e-07 3.1263e-07 1.76237e-07 9.89937e-08 5.54195e-08 3.09281e-08 1.72092e-08 9.54902e-09 5.28466e-09 2.9174e-09 1.60676e-09 8.82952e-10 4.84172e-10 2.64962e-10 1.44721e-10 7.88999e-11 4.29396e-11 2.33296e-11 1.26548e-11 6.85382e-12 3.7065e-12 2.00158e-12 1.07941e-12 5.81333e-13 3.12687e-13 1.67981e-13 9.01355e-14 4.83097e-14 2.58637e-14 1.38319e-14 7.38968e-15 3.94396e-15 2.10289e-15 1.12019e-15 5.96171e-16 3.17003e-16 1.68416e-16 8.94005e-17 4.7418e-17 2.51307e-17 1.33085e-17 7.04259e-18 3.72407e-18 1.96787e-18 1.03914e-18 5.4835e-19 2.89173e-19 1.52398e-19 8.02658e-20 4.2249e-20 2.22251e-20 1.16847e-20 6.13968e-21 3.22428e-21 1.69232e-21 8.87777e-22 4.65478e-22 2.43935e-22 1.27771e-22 6.68929e-23 3.50042e-23 1.83088e-23 9.57191e-24 5.002e-24 2.61275e-24 1.36416e-24 7.11953e-25 3.71413e-25 1.93681e-25 1.00958e-25 5.26053e-26 2.74e-26 1.42662e-26 7.42512e-27 3.86316e-27 2.00922e-27 1.04462e-27 5.4293e-28 2.82085e-28 1.46512e-28 7.60717e-29 3.94852e-29
0.00258821 0.00189815 0.00147934 0.00108124 0.00075588 0.000511222 0.000336939 0.000217486 0.000137974 8.62589e-05 5.32522e-05 3.25162e-05 1.96632e-05 1.17885e-05 7.01302e-06 4.14295e-06 2.43193e-06 1.41927e-06 8.23868e-07 4.7589e-07 2.73634e-07 1.56671e-07 8.93483e-08 5.07661e-08 2.87443e-08 1.62222e-08 9.12703e-09 5.1202e-09 2.8645e-09 1.59837e-09 8.89673e-10 4.94038e-10 2.73726e-10 1.51336e-10 8.34989e-11 4.59802e-11 2.52725e-11 1.38658e-11 7.59447e-12 4.1527e-12 2.26712e-12 1.23582e-12 6.72657e-13 3.65609e-13 1.98448e-13 1.07573e-13 5.82376e-14 3.14897e-14 1.70065e-14 9.17405e-15 4.94334e-15 2.66078e-15 1.43067e-15 7.68472e-16 4.1237e-16 2.21069e-16 1.18403e-16 6.3358e-17 3.38733e-17 1.80943e-17 9.6574e-18 5.15022e-18 2.74439e-18 1.46127e-18 7.77477e-19 4.13356e-19 2.19609e-19 1.16593e-19 6.1858e-20 3.27966e-20 1.73772e-20 9.20139e-21 4.86918e-21 2.5751e-21 1.36105e-21 7.1895e-22 3.79557e-22 2.00268e-22 1.05611e-22 5.56639e-23 2.93231e-23 1.54392e-23 8.1249e-24 4.27364e-24 2.24681e-24 1.18067e-24 6.20141e-25 3.25576e-25 1.70852e-25 8.96181e-26 4.69876e-26 2.46256e-26 1.29006e-26 6.75546e-27 3.5361e-27 1.85022e-27 9.67728e-28 5.05961e-28 2.64435e-28 1.38153e-28 7.21509e-29
0.00129193 0.00103034 0.000840551 0.000638049 0.000461005 0.00032116 0.000217486 0.000143955 9.35014e-05 5.97685e-05 3.76846e-05 2.34778e-05 1.44735e-05 8.83914e-06 5.35292e-06 3.2171e-06 1.92014e-06 1.13881e-06 6.71502e-07 3.93832e-07 2.29834e-07 1.33509e-07 7.72208e-08 4.44842e-08 2.5529e-08 1.45988e-08 8.32038e-09 4.72709e-09 2.67758e-09 1.51237e-09 8.51921e-10 4.78659e-10 2.68282e-10 1.50018e-10 8.36999e-11 4.65996e-11 2.58912e-11 1.43573e-11 7.94651e-12 4.39032e-12 2.42138e-12 1.33323e-12 7.32904e-13 4.02269e-13 2.20463e-13 1.2065e-13 6.59343e-14 3.59841e-14 1.96129e-14 1.06764e-14 5.80462e-15 3.15215e-15 1.70978e-15 9.2638e-16 5.01379e-16 2.71072e-16 1.46406e-16 7.8995e-17 4.25813e-17 2.29313e-17 1.23379e-17 6.63228e-18 3.56211e-18 1.91153e-18 1.02494e-18 5.49111e-19 2.93955e-19 1.57242e-19 8.4048e-20 4.48919e-20 2.39606e-20 1.27797e-20 6.81157e-21 3.62812e-21 1.93122e-21 1.02731e-21 5.46134e-22 2.90155e-22 1.54063e-22 8.1754e-23 4.3358e-23 2.29818e-23 1.21746e-23 6.44603e-24 3.41111e-24 1.80415e-24 9.53728e-25 5.03916e-25 2.66119e-25 1.4047e-25 7.4111e-26 3.90822e-26 2.06003e-26 1.08536e-26 5.71583e-27 3.00882e-27 1.58316e-27 8.32668e-28 4.37762e-28 2.30052e-28 1.20848e-28
0.000644881 0.000555664 0.0004732 0.000372167 0.000277336 0.000198639 0.000137974 9.35014e-05 6.20849e-05 4.05208e-05 2.60584e-05 1.65434e-05 1.03842e-05 6.45267e-06 3.97348e-06 2.42688e-06 1.47128e-06 8.859e-07 5.30102e-07 3.15376e-07 1.86628e-07 1.09892e-07 6.4408e-08 3.75863e-08 2.1845e-08 1.26478e-08 7.29637e-09 4.19488e-09 2.40399e-09 1.37346e-09 7.82414e-10 4.44485e-10 2.51845e-10 1.42337e-10 8.02528e-11 4.51445e-11 2.53392e-11 1.41927e-11 7.93336e-12 4.42593e-12 2.46456e-12 1.36991e-12 7.60133e-13 4.21076e-13 2.32879e-13 1.28595e-13 7.09024e-14 3.9036e-14 2.14613e-14 1.1783e-14 6.46068e-15 3.53789e-15 1.93495e-15 1.05699e-15 5.76713e-16 3.14307e-16 1.71107e-16 9.30493e-17 5.05479e-17 2.74315e-17 1.48718e-17 8.05485e-18 4.35854e-18 2.35627e-18 1.27268e-18 6.86802e-19 3.70317e-19 1.99505e-19 1.07394e-19 5.77641e-20 3.10455e-20 1.66728e-20 8.94741e-21 4.79809e-21 2.57117e-21 1.37686e-21 7.36803e-22 3.94025e-22 2.10577e-22 1.12466e-22 6.00284e-23 3.20203e-23 1.70699e-23 9.09453e-24 4.84258e-24 2.57707e-24 1.37067e-24 7.28618e-25 3.87109e-25 2.05559e-25 1.09098e-25 5.78725e-26 3.06839e-26 1.62606e-26 8.61291e-27 4.55993e-27 2.41303e-27 1.27634e-27 6.74802e-28 3.56608e-28 1.88372e-28
0.000321899 0.00029801 0.000264296 0.000214943 0.000164911 0.000121247 8.62589e-05 5.97685e-05 4.05208e-05 2.69711e-05 1.76713e-05 1.14201e-05 7.29149e-06 4.60563e-06 2.88117e-06 1.78674e-06 1.09928e-06 6.71439e-07 4.07391e-07 2.45666e-07 1.47301e-07 8.78545e-08 5.21407e-08 3.08021e-08 1.81176e-08 1.06132e-08 6.19334e-09 3.601e-09 2.08654e-09 1.20508e-09 6.93833e-10 3.98304e-10 2.2801e-10 1.30175e-10 7.4129e-11 4.21099e-11 2.38649e-11 1.34945e-11 7.61403e-12 4.28716e-12 2.40911e-12 1.35116e-12 7.56403e-13 4.2269e-13 2.35798e-13 1.31321e-13 7.30181e-14 4.05367e-14 2.24704e-14 1.24376e-14 6.87465e-15 3.7946e-15 2.09172e-15 1.15154e-15 6.33153e-16 3.47703e-16 1.90718e-16 1.0449e-16 5.71834e-17 3.126e-17 1.70705e-17 9.3122e-18 5.0748e-18 2.76285e-18 1.50272e-18 8.16562e-19 4.43306e-19 2.40452e-19 1.30309e-19 7.05582e-20 3.81732e-20 2.06355e-20 1.11462e-20 6.01583e-21 3.24439e-21 1.74842e-21 9.41545e-22 5.06668e-22 2.72459e-22 1.46413e-22 7.86256e-23 4.2195e-23 2.26296e-23 1.21287e-23 6.49655e-24 3.47763e-24 1.86048e-24 9.94736e-25 5.31545e-25 2.83873e-25 1.51519e-25 8.08295e-26 4.30962e-26 2.29656e-26 1.22318e-26 6.51149e-27 3.46459e-27 1.8425e-27 9.79384e-28 5.20343e-28 2.76326e-28
0.000160679 0.00015906 0.00014661 0.000123082 9.70803e-05 7.31703e-05 5.32522e-05 3.76846e-05 2.60584e-05 1.76713e-05 1.17849e-05 7.74572e-06 5.02614e-06 3.22447e-06 2.04759e-06 1.28831e-06 8.03802e-07 4.97676e-07 3.05972e-07 1.86892e-07 1.1347e-07 6.85072e-08 4.11452e-08 2.4591e-08 1.46299e-08 8.66616e-09 5.11263e-09 3.00463e-09 1.75936e-09 1.02664e-09 5.97114e-10 3.46209e-10 2.00136e-10 1.15367e-10 6.63215e-11 3.80277e-11 2.17503e-11 1.24106e-11 7.0652e-12 4.01328e-12 2.27486e-12 1.28683e-12 7.265e-13 4.09379e-13 2.30261e-13 1.29284e-13 7.24653e-14 4.05504e-14 2.2655e-14 1.26375e-14 7.03888e-15 3.91483e-15 2.17424e-15 1.20589e-15 6.67922e-16 3.69472e-16 2.04122e-16 1.12633e-16 6.20757e-17 3.41723e-17 1.87903e-17 1.03208e-17 5.66277e-18 3.10376e-18 1.69942e-18 9.29569e-19 5.0797e-19 2.7732e-19 1.51258e-19 8.24258e-20 4.48767e-20 2.44119e-20 1.32682e-20 7.20547e-21 3.90983e-21 2.11986e-21 1.14847e-21 6.21725e-22 3.36319e-22 1.81797e-22 9.81994e-23 5.30059e-23 2.85917e-23 1.54121e-23 8.30219e-24 4.46931e-24 2.40442e-24 1.29273e-24 6.94599e-25 3.72991e-25 2.00172e-25 1.07363e-25 5.75513e-26 3.08326e-26 1.65091e-26 8.83487e-27 4.72545e-27 2.52613e-27 1.34972e-27 7.2079e-28 3.84729e-28
8.02047e-05 8.45403e-05 8.08418e-05 6.99546e-05 5.66502e-05 4.37205e-05 3.25162e-05 2.34778e-05 1.65434e-05 1.14201e-05 7.74572e-06 5.17366e-06 3.40937e-06 2.21993e-06 1.42999e-06 9.12238e-07 5.76827e-07 3.61805e-07 2.25259e-07 1.39288e-07 8.55837e-08 5.22763e-08 3.17562e-08 1.91917e-08 1.15425e-08 6.91052e-09 4.11965e-09 2.44596e-09 1.44668e-09 8.52545e-10 5.00679e-10 2.93071e-10 1.71011e-10 9.94893e-11 5.77146e-11 3.33892e-11 1.92658e-11 1.10886e-11 6.36672e-12 3.64709e-12 2.08453e-12 1.18887e-12 6.76644e-13 3.84342e-13 2.1789e-13 1.23295e-13 6.9642e-14 3.9268e-14 2.21041e-14 1.24221e-14 6.96997e-15 3.90478e-15 2.18431e-15 1.22012e-15 6.80581e-16 3.79107e-16 2.10895e-16 1.17168e-16 6.50132e-17 3.60299e-17 1.99436e-17 1.10266e-17 6.08951e-18 3.35925e-18 1.85112e-18 1.01898e-18 5.60341e-19 3.07822e-19 1.68936e-19 9.26243e-20 5.07365e-20 2.77662e-20 1.51818e-20 8.29366e-21 4.52685e-21 2.46877e-21 1.34526e-21 7.32452e-22 3.98482e-22 2.16621e-22 1.17669e-22 6.38705e-23 3.46434e-23 1.87771e-23 1.01702e-23 5.50466e-24 2.9774e-24 1.60936e-24 8.69334e-25 4.69289e-25 2.53174e-25 1.36499e-25 7.35486e-26 3.96058e-26 2.13151e-26 1.14648e-26 6.16304e-27 3.31117e-27 1.77799e-27 9.54203e-28 5.11824e-28
4.0035e-05 4.47668e-05 4.43411e-05 3.94973e-05 3.28025e-05 2.58958e-05 1.96632e-05 1.44735e-05 1.03842e-05 7.29149e-06 5.02614e-06 3.40937e-06 2.2802e-06 1.50595e-06 9.83454e-07 6.35734e-07 4.07172e-07 2.58586e-07 1.62951e-07 1.01952e-07 6.33641e-08 3.91388e-08 2.40363e-08 1.46819e-08 8.92276e-09 5.39692e-09 3.24969e-09 1.94847e-09 1.16359e-09 6.92232e-10 4.10326e-10 2.42387e-10 1.42712e-10 8.37627e-11 4.9016e-11 2.86008e-11 1.66427e-11 9.65885e-12 5.59147e-12 3.22901e-12 1.86035e-12 1.0694e-12 6.13395e-13 3.51099e-13 2.00558e-13 1.1434e-13 6.50634e-14 3.69555e-14 2.09533e-14 1.18598e-14 6.70165e-15 3.7808e-15 2.12963e-15 1.19775e-15 6.7264e-16 3.77204e-16 2.11233e-16 1.18129e-16 6.59749e-17 3.67993e-17 2.05e-17 1.14061e-17 6.33872e-18 3.51852e-18 1.95086e-18 1.08046e-18 5.97753e-19 3.30351e-19 1.82381e-19 1.00588e-19 5.5422e-20 3.05069e-20 1.67766e-20 9.21741e-21 5.05964e-21 2.77489e-21 1.52053e-21 8.32478e-22 4.55396e-22 2.48915e-22 1.35946e-22 7.41887e-23 4.04553e-23 2.20437e-23 1.20025e-23 6.53046e-24 3.55062e-24 1.92912e-24 1.04741e-24 5.68302e-25 3.08143e-25 1.66972e-25 9.04178e-26 4.89317e-26 2.64641e-26 1.43041e-26 7.72683e-27 4.17144e-27 2.25071e-27 1.21368e-27 6.54099e-28
1.99839e-05 2.36275e-05 2.42062e-05 2.21697e-05 1.88632e-05 1.52189e-05 1.17885e-05 8.83914e-06 6.45267e-06 4.60563e-06 3.22447e-06 2.21993e-06 1.50595e-06 1.00828e-06 6.67182e-07 4.3681e-07 2.83234e-07 1.82039e-07 1.16054e-07 7.34352e-08 4.61463e-08 2.88116e-08 1.78807e-08 1.10345e-08 6.77374e-09 4.13756e-09 2.51549e-09 1.52257e-09 9.1772e-10 5.50953e-10 3.29516e-10 1.9637e-10 1.16623e-10 6.90348e-11 4.07374e-11 2.39672e-11 1.40603e-11 8.22571e-12 4.79959e-12 2.79338e-12 1.62179e-12 9.39363e-13 5.42858e-13 3.13031e-13 1.80123e-13 1.03434e-13 5.92783e-14 3.39077e-14 1.93596e-14 1.10336e-14 6.27738e-15 3.5654e-15 2.02174e-15 1.1446e-15 6.47005e-16 3.65182e-16 2.05815e-16 1.15831e-16 6.50989e-17 3.65373e-17 2.04799e-17 1.14647e-17 6.40995e-18 3.57946e-18 1.99648e-18 1.11226e-18 6.18952e-19 3.44054e-19 1.9104e-19 1.05966e-19 5.87159e-20 3.25018e-20 1.79733e-20 9.92952e-21 5.48046e-21 3.02205e-21 1.66491e-21 9.16421e-22 5.03986e-22 2.7693e-22 1.5204e-22 8.34041e-23 4.57158e-23 2.50381e-23 1.37025e-23 7.49315e-24 4.09454e-24 2.23577e-24 1.21993e-24 6.6517e-25 3.62434e-25 1.97346e-25 1.07383e-25 5.83919e-26 3.17314e-26 1.72325e-26 9.35259e-27 5.0728e-27 2.74978e-27 1.48967e-27 8.06536e-28
9.97516e-06 1.24336e-05 1.31585e-05 1.23781e-05 1.07803e-05 8.88171e-06 7.01302e-06 5.35292e-06 3.97348e-06 2.88117e-06 2.04759e-06 1.42999e-06 9.83454e-07 6.67182e-07 4.47116e-07 2.96343e-07 1.9445e-07 1.26425e-07 8.15064e-08 5.21399e-08 3.31143e-08 2.08904e-08 1.30966e-08 8.16256e-09 5.05949e-09 3.1199e-09 1.9145e-09 1.16942e-09 7.11194e-10 4.30733e-10 2.59848e-10 1.56172e-10 9.35271e-11 5.58201e-11 3.3207e-11 1.9693e-11 1.16439e-11 6.86497e-12 4.03629e-12 2.36688e-12 1.38441e-12 8.07768e-13 4.70199e-13 2.73077e-13 1.58245e-13 9.15065e-14 5.28054e-14 3.04116e-14 1.74809e-14 1.00294e-14 5.74377e-15 3.28365e-15 1.87402e-15 1.06776e-15 6.07396e-16 3.44977e-16 1.95635e-16 1.10779e-16 6.2639e-17 3.53688e-17 1.99435e-17 1.12305e-17 6.3159e-18 3.54747e-18 1.99005e-18 1.11502e-18 6.24005e-19 3.48812e-19 1.94763e-19 1.08628e-19 6.05211e-20 3.36833e-20 1.87273e-20 1.04015e-20 5.77145e-21 3.1993e-21 1.77179e-21 9.80317e-22 5.41907e-22 2.99292e-22 1.65152e-22 9.10543e-23 5.01592e-23 2.76084e-23 1.51838e-23 8.34398e-24 4.5817e-24 2.51389e-24 1.37828e-24 7.55105e-25 4.13391e-25 2.26154e-25 1.23635e-25 6.75428e-26 3.68741e-26 2.01174e-26 1.09683e-26 5.97618e-27 3.25411e-27 1.7708e-27 9.63024e-28
4.97921e-06 6.52572e-06 7.12566e-06 6.87817e-06 6.12655e-06 5.1506e-06 4.14295e-06 3.2171e-06 2.42688e-06 1.78674e-06 1.28831e-06 9.12238e-07 6.35734e-07 4.3681e-07 2.96343e-07 1.98756e-07 1.31922e-07 8.67323e-08 5.65253e-08 3.65424e-08 2.34478e-08 1.49412e-08 9.45905e-09 5.95211e-09 3.72408e-09 2.31758e-09 1.43501e-09 8.84299e-10 5.4247e-10 3.3135e-10 2.0157e-10 1.22145e-10 7.37428e-11 4.43635e-11 2.65989e-11 1.58963e-11 9.47067e-12 5.62566e-12 3.33215e-12 1.96826e-12 1.15956e-12 6.8139e-13 3.99422e-13 2.33582e-13 1.36287e-13 7.93428e-14 4.60928e-14 2.67214e-14 1.54602e-14 8.92746e-15 5.14544e-15 2.96022e-15 1.70003e-15 9.7463e-16 5.57823e-16 3.18747e-16 1.81848e-16 1.03587e-16 5.89177e-17 3.34622e-17 1.89777e-17 1.07481e-17 6.07899e-18 3.43366e-18 1.93698e-18 1.0913e-18 6.14089e-19 3.45141e-19 1.93755e-19 1.08645e-19 6.08528e-20 3.40467e-20 1.90284e-20 1.06236e-20 5.92513e-21 3.3013e-21 1.83756e-21 1.02183e-21 5.67684e-22 3.15086e-22 1.74725e-22 9.68043e-23 5.35861e-23 2.96372e-23 1.63777e-23 9.04298e-24 4.98902e-24 2.75025e-24 1.51491e-24 8.33813e-25 4.58586e-25 2.52028e-25 1.38407e-25 7.59551e-26 4.16531e-26 2.28263e-26 1.25004e-26 6.84106e-27 3.7414e-27 2.04485e-27 1.11689e-27
2.48542e-06 3.41678e-06 3.84532e-06 3.80542e-06 3.46407e-06 2.96974e-06 2.43193e-06 1.92014e-06 1.47128e-06 1.09928e-06 8.03802e-07 5.76827e-07 4.07172e-07 2.83234e-07 1.9445e-07 1.31922e-07 8.85415e-08 5.88431e-08 3.87536e-08 2.53105e-08 1.64031e-08 1.05542e-08 6.74537e-09 4.28407e-09 2.70486e-09 1.69833e-09 1.06078e-09 6.59298e-10 4.07852e-10 2.51184e-10 1.54045e-10 9.40929e-11 5.72533e-11 3.471e-11 2.09696e-11 1.26261e-11 7.57798e-12 4.5342e-12 2.70497e-12 1.60912e-12 9.54613e-13 5.64832e-13 3.33356e-13 1.96259e-13 1.15272e-13 6.75497e-14 3.94967e-14 2.30445e-14 1.34175e-14 7.79659e-15 4.52157e-15 2.6173e-15 1.51223e-15 8.72185e-16 5.02165e-16 2.88637e-16 1.65632e-16 9.48955e-17 5.42839e-17 3.10055e-17 1.76834e-17 1.00709e-17 5.72747e-18 3.25284e-18 1.84494e-18 1.04504e-18 5.912e-19 3.34036e-19 1.88506e-19 1.06253e-19 5.98204e-20 3.36407e-20 1.88972e-20 1.06036e-20 5.94361e-21 3.32806e-21 1.86161e-21 1.04028e-21 5.80741e-22 3.2389e-22 1.80469e-22 1.00463e-22 5.58742e-23 3.10478e-23 1.72373e-23 9.56169e-24 5.29948e-24 2.93475e-24 1.62389e-24 8.97826e-25 4.96006e-25 2.73808e-25 1.51034e-25 8.32493e-26 4.58529e-26 2.5237e-26 1.38804e-26 7.62888e-27 4.19007e-27 2.29979e-27 1.26144e-27
1.24062e-06 1.78509e-06 2.06853e-06 2.09704e-06 1.94955e-06 1.7033e-06 1.41927e-06 1.13881e-06 8.859e-07 6.71439e-07 4.97676e-07 3.61805e-07 2.58586e-07 1.82039e-07 1.26425e-07 8.67323e-08 5.88431e-08 3.95177e-08 2.62923e-08 1.73428e-08 1.13485e-08 7.37106e-09 4.75455e-09 3.04698e-09 1.94082e-09 1.22916e-09 7.74262e-10 4.8523e-10 3.02626e-10 1.87876e-10 1.1613e-10 7.14842e-11 4.38286e-11 2.67709e-11 1.6293e-11 9.88175e-12 5.97348e-12 3.59948e-12 2.16234e-12 1.29519e-12 7.73594e-13 4.60797e-13 2.73758e-13 1.62227e-13 9.5899e-14 5.65561e-14 3.32775e-14 1.95371e-14 1.14456e-14 6.69134e-15 3.90403e-15 2.27334e-15 1.32127e-15 7.66507e-16 4.43878e-16 2.56599e-16 1.48084e-16 8.53191e-17 4.90779e-17 2.81869e-17 1.61639e-17 9.25545e-18 5.292e-18 3.02154e-18 1.72281e-18 9.80977e-19 5.5784e-19 3.16812e-19 1.79699e-19 1.01802e-19 5.76031e-20 3.25554e-20 1.83781e-20 1.03631e-20 5.83709e-21 3.28424e-21 1.84592e-21 1.03643e-21 5.81335e-22 3.25746e-22 1.82351e-22 1.01981e-22 5.69797e-23 3.18069e-23 1.7739e-23 9.88436e-24 5.50287e-24 3.06096e-24 1.70121e-24 9.44715e-25 5.2419e-25 2.90623e-25 1.61001e-25 8.91233e-26 4.92973e-26 2.72478e-26 1.50494e-26 8.306e-27 4.58095e-27 2.52473e-27 1.39051e-27
6.1927e-07 9.30763e-07 1.1095e-06 1.1514e-06 1.0925e-06 9.72214e-07 8.23868e-07 6.71502e-07 5.30102e-07 4.07391e-07 3.05972e-07 2.25259e-07 1.62951e-07 1.16054e-07 8.15064e-08 5.65253e-08 3.87536e-08 2.62923e-08 1.7667e-08 1.17662e-08 7.77199e-09 5.09451e-09 3.31565e-09 2.14353e-09 1.3771e-09 8.79501e-10 5.58583e-10 3.52901e-10 2.21847e-10 1.38803e-10 8.64552e-11 5.36199e-11 3.31198e-11 2.03778e-11 1.24913e-11 7.62979e-12 4.64441e-12 2.8179e-12 1.70432e-12 1.02769e-12 6.17881e-13 3.7045e-13 2.21502e-13 1.32096e-13 7.8579e-14 4.66298e-14 2.76056e-14 1.63056e-14 9.60987e-15 5.65154e-15 3.31675e-15 1.9426e-15 1.13554e-15 6.62518e-16 3.85824e-16 2.24285e-16 1.30152e-16 7.53985e-17 4.36069e-17 2.51794e-17 1.45162e-17 8.35593e-18 4.80271e-18 2.75641e-18 1.57973e-18 9.04099e-19 5.16725e-19 2.94935e-19 1.68124e-19 9.5715e-20 5.44242e-20 3.09084e-20 1.75325e-20 9.93362e-21 5.6218e-21 3.17803e-21 1.79459e-21 1.0123e-21 5.7042e-22 3.21095e-22 1.80565e-22 1.01439e-22 5.69313e-23 3.19216e-23 1.78818e-23 1.00078e-23 5.59594e-24 3.12624e-24 1.745e-24 9.73183e-25 5.42287e-25 3.01929e-25 1.67968e-25 9.33688e-26 5.18604e-26 2.87829e-26 1.59625e-26 8.84595e-27 4.89855e-27 2.71066e-27 1.4989e-27
3.09115e-07 4.84425e-07 5.93512e-07 6.30067e-07 6.09815e-07 5.52451e-07 4.7589e-07 3.93832e-07 3.15376e-07 2.45666e-07 1.86892e-07 1.39288e-07 1.01952e-07 7.34352e-08 5.21399e-08 3.65424e-08 2.53105e-08 1.73428e-08 1.17662e-08 7.91008e-09 5.27287e-09 3.48732e-09 2.28951e-09 1.49282e-09 9.67085e-10 6.22708e-10 3.98672e-10 2.53861e-10 1.60823e-10 1.01388e-10 6.3623e-11 3.97495e-11 2.473e-11 1.53242e-11 9.4594e-12 5.81778e-12 3.56552e-12 2.17783e-12 1.32591e-12 8.04736e-13 4.86954e-13 2.93811e-13 1.76781e-13 1.06081e-13 6.34905e-14 3.79045e-14 2.25744e-14 1.34129e-14 7.95133e-15 4.70325e-15 2.77605e-15 1.63514e-15 9.61184e-16 5.63907e-16 3.30204e-16 1.92998e-16 1.12601e-16 6.55796e-17 3.8129e-17 2.21319e-17 1.28256e-17 7.42084e-18 4.28704e-18 2.47291e-18 1.42437e-18 8.19245e-19 4.7054e-19 2.69889e-19 1.54594e-19 8.84368e-20 5.05263e-20 2.88309e-20 1.64311e-20 9.35307e-21 5.3178e-21 3.02002e-21 1.71316e-21 9.70751e-22 5.49473e-22 3.10688e-22 1.75489e-22 9.9022e-23 5.58185e-23 3.14339e-23 1.76847e-23 9.94002e-24 5.58177e-24 3.13155e-24 1.75532e-24 9.8304e-25 5.50058e-25 3.07522e-25 1.71783e-25 9.58792e-26 5.34709e-26 2.97965e-26 1.6591e-26 9.23087e-27 5.13197e-27 2.85102e-27 1.5827e-27
1.54298e-07 2.51701e-07 3.16705e-07 3.43711e-07 3.39145e-07 3.1263e-07 2.73634e-07 2.29834e-07 1.86628e-07 1.47301e-07 1.1347e-07 8.55837e-08 6.33641e-08 4.61463e-08 3.31143e-08 2.34478e-08 1.64031e-08 1.13485e-08 7.77199e-09 5.27287e-09 3.54636e-09 2.36594e-09 1.56656e-09 1.02995e-09 6.72682e-10 4.36607e-10 2.81719e-10 1.80769e-10 1.15384e-10 7.32815e-11 4.63212e-11 2.91475e-11 1.8262e-11 1.13948e-11 7.082e-12 4.38497e-12 2.70525e-12 1.6632e-12 1.01914e-12 6.22485e-13 3.79042e-13 2.3012e-13 1.39309e-13 8.41011e-14 5.06367e-14 3.04094e-14 1.82166e-14 1.08862e-14 6.49037e-15 3.8608e-15 2.29155e-15 1.35724e-15 8.02197e-16 4.73186e-16 2.78569e-16 1.63685e-16 9.60017e-17 5.6204e-17 3.28468e-17 1.91636e-17 1.11619e-17 6.49069e-18 3.7684e-18 2.1845e-18 1.26442e-18 7.30782e-19 4.21755e-19 2.43065e-19 1.3989e-19 8.04019e-20 4.61503e-20 2.6456e-20 1.5147e-20 8.66147e-21 4.9469e-21 2.82203e-21 1.608e-21 9.15199e-22 5.2031e-22 2.95484e-22 1.67626e-22 9.49931e-23 5.37768e-23 3.04129e-23 1.71827e-23 9.69837e-24 5.46879e-24 3.08088e-24 1.73403e-24 9.7509e-25 5.47829e-25 3.07513e-25 1.72468e-25 9.66461e-26 5.41125e-26 3.0273e-26 1.69224e-26 9.45197e-27 5.27526e-27 2.94193e-27 1.63942e-27
7.70194e-08 1.30579e-07 1.6861e-07 1.86959e-07 1.87974e-07 1.76237e-07 1.56671e-07 1.33509e-07 1.09892e-07 8.78545e-08 6.85072e-08 5.22763e-08 3.91388e-08 2.88116e-08 2.08904e-08 1.49412e-08 1.05542e-08 7.37106e-09 5.09451e-09 3.48732e-09 2.36594e-09 1.59189e-09 1.06281e-09 7.04451e-10 4.63758e-10 3.03355e-10 1.97238e-10 1.27511e-10 8.19901e-11 5.24501e-11 3.33898e-11 2.11576e-11 1.33474e-11 8.38479e-12 5.24605e-12 3.26958e-12 2.03022e-12 1.25617e-12 7.74581e-13 4.76057e-13 2.9166e-13 1.78144e-13 1.0849e-13 6.58832e-14 3.98998e-14 2.40999e-14 1.45194e-14 8.72578e-15 5.23138e-15 3.12909e-15 1.86741e-15 1.11201e-15 6.60775e-16 3.91833e-16 2.31887e-16 1.36963e-16 8.07431e-17 4.7512e-17 2.79074e-17 1.63634e-17 9.57817e-18 5.59717e-18 3.26548e-18 1.90211e-18 1.10625e-18 6.42408e-19 3.725e-19 2.15683e-19 1.24707e-19 7.20053e-20 4.15195e-20 2.39093e-20 1.37505e-20 7.89802e-21 4.53086e-21 2.59606e-21 1.4857e-21 8.49262e-22 4.84903e-22 2.76554e-22 1.57554e-22 8.96617e-23 5.09713e-23 2.89463e-23 1.64216e-23 9.3069e-24 5.26946e-24 2.98062e-24 1.68436e-24 9.50953e-25 5.36394e-25 3.02285e-25 1.70202e-25 9.57491e-26 5.38185e-26 3.02247e-26 1.69603e-26 9.50929e-27 5.32739e-27 2.9822e-27 1.6681e-27
3.8445e-08 6.76455e-08 8.95746e-08 1.01421e-07 1.03857e-07 9.89937e-08 8.93483e-08 7.72208e-08 6.4408e-08 5.21407e-08 4.11452e-08 3.17562e-08 2.40363e-08 1.78807e-08 1.30966e-08 9.45905e-09 6.74537e-09 4.75455e-09 3.31565e-09 2.28951e-09 1.56656e-09 1.06281e-09 7.15351e-10 4.77922e-10 3.1708e-10 2.08993e-10 1.36901e-10 8.91546e-11 5.77399e-11 3.71985e-11 2.38455e-11 1.52132e-11 9.66202e-12 6.10989e-12 3.8477e-12 2.4135e-12 1.50814e-12 9.38977e-13 5.82567e-13 3.60225e-13 2.22021e-13 1.36413e-13 8.35622e-14 5.10389e-14 3.10866e-14 1.88828e-14 1.14398e-14 6.91301e-15 4.16722e-15 2.50604e-15 1.50358e-15 9.00095e-16 5.37654e-16 3.20478e-16 1.90633e-16 1.13169e-16 6.70521e-17 3.96527e-17 2.34062e-17 1.37914e-17 8.11188e-18 4.76314e-18 2.79216e-18 1.6341e-18 9.54834e-19 5.57061e-19 3.24503e-19 1.88752e-19 1.09631e-19 6.35859e-20 3.68287e-20 2.13021e-20 1.2305e-20 7.09868e-21 4.08997e-21 2.35353e-21 1.35267e-21 7.76499e-22 4.45226e-22 2.54989e-22 1.45872e-22 8.33565e-23 4.75813e-23 2.71312e-23 1.54543e-23 8.79387e-24 4.99888e-24 2.8388e-24 1.61055e-24 9.12846e-25 5.16906e-25 2.92431e-25 1.65288e-25 9.33402e-26 5.26641e-26 2.96883e-26 1.67219e-26 9.41067e-27 5.29174e-27 2.97319e-27 1.66917e-27
1.91902e-08 3.49967e-08 4.7492e-08 5.48807e-08 5.72122e-08 5.54195e-08 5.07661e-08 4.44842e-08 3.75863e-08 3.08021e-08 2.4591e-08 1.91917e-08 1.46819e-08 1.10345e-08 8.16256e-09 5.95211e-09 4.28407e-09 3.04698e-09 2.14353e-09 1.49282e-09 1.02995e-09 7.04451e-10 4.77922e-10 3.21783e-10 2.15115e-10 1.42845e-10 9.42558e-11 6.18235e-11 4.03216e-11 2.61569e-11 1.68816e-11 1.08425e-11 6.93152e-12 4.41167e-12 2.796e-12 1.76486e-12 1.10967e-12 6.95112e-13 4.3387e-13 2.69878e-13 1.67314e-13 1.03397e-13 6.37011e-14 3.91283e-14 2.39655e-14 1.46378e-14 8.91655e-15 5.41736e-15 3.2831e-15 1.98481e-15 1.19708e-15 7.2033e-16 4.32482e-16 2.59097e-16 1.54897e-16 9.24124e-17 5.50239e-17 3.26986e-17 1.93948e-17 1.14826e-17 6.78604e-18 4.00341e-18 2.35778e-18 1.38628e-18 8.13749e-19 4.76914e-19 2.79071e-19 1.63053e-19 9.51263e-20 5.54167e-20 3.22377e-20 1.87277e-20 1.08646e-20 6.29455e-21 3.64208e-21 2.10465e-21 1.21469e-21 7.00194e-22 4.03133e-22 2.31829e-22 1.33163e-22 7.64022e-23 4.3787e-23 2.50674e-23 1.43353e-23 8.18932e-24 4.67346e-24 2.66433e-24 1.51741e-24 8.6336e-25 4.90752e-25 2.78689e-25 1.58115e-25 8.96246e-26 5.07563e-26 2.87188e-26 1.62355e-26 9.17042e-27 5.17543e-27 2.91838e-27 1.6443e-27
9.57901e-09 1.80833e-08 2.51331e-08 2.96269e-08 3.14294e-08 3.09281e-08 2.87443e-08 2.5529e-08 2.1845e-08 1.81176e-08 1.46299e-08 1.15425e-08 8.92276e-09 6.77374e-09 5.05949e-09 3.72408e-09 2.70486e-09 1.94082e-09 1.3771e-09 9.67085e-10 6.72682e-10 4.63758e-10 3.1708e-10 2.15115e-10 1.4488e-10 9.69088e-11 6.44034e-11 4.254e-11 2.79364e-11 1.82455e-11 1.18542e-11 7.66347e-12 4.93082e-12 3.15824e-12 2.01414e-12 1.27918e-12 8.09183e-13 5.09923e-13 3.20162e-13 2.00311e-13 1.249e-13 7.76253e-14 4.8092e-14 2.97044e-14 1.82933e-14 1.12338e-14 6.87971e-15 4.202e-15 2.5599e-15 1.55562e-15 9.43045e-16 5.70347e-16 3.44155e-16 2.07207e-16 1.24485e-16 7.46313e-17 4.46516e-17 2.66619e-17 1.58892e-17 9.45141e-18 5.61167e-18 3.3259e-18 1.96773e-18 1.1622e-18 6.8529e-19 4.03422e-19 2.37113e-19 1.39148e-19 8.15336e-20 4.77037e-20 2.787e-20 1.62594e-20 9.47254e-21 5.51108e-21 3.20205e-21 1.85802e-21 1.07676e-21 6.23217e-22 3.60268e-22 2.08012e-22 1.1996e-22 6.91001e-23 3.97582e-23 2.28501e-23 1.31182e-23 7.52298e-24 4.30969e-24 2.46632e-24 1.40997e-24 8.05254e-25 4.59438e-25 2.61878e-25 1.49127e-25 8.48412e-26 4.82231e-26 2.73848e-26 1.55373e-26 8.8076e-27 4.98844e-27 2.82294e-27 1.59615e-27
4.78146e-09 9.33313e-09 1.32774e-08 1.59586e-08 1.72208e-08 1.72092e-08 1.62222e-08 1.45988e-08 1.26478e-08 1.06132e-08 8.66616e-09 6.91052e-09 5.39692e-09 4.13756e-09 3.1199e-09 2.31758e-09 1.69833e-09 1.22916e-09 8.79501e-10 6.22708e-10 4.36607e-10 3.03355e-10 2.08993e-10 1.42845e-10 9.69088e-11 6.52858e-11 4.36922e-11 2.90587e-11 1.92122e-11 1.26311e-11 8.2601e-12 5.37431e-12 3.47981e-12 2.24273e-12 1.43906e-12 9.19471e-13 5.85105e-13 3.70882e-13 2.34213e-13 1.47375e-13 9.2412e-14 5.77541e-14 3.5978e-14 2.2343e-14 1.38338e-14 8.54042e-15 5.25772e-15 3.228e-15 1.97664e-15 1.20729e-15 7.35561e-16 4.47078e-16 2.71102e-16 1.64021e-16 9.90163e-17 5.96463e-17 3.58554e-17 2.15101e-17 1.28787e-17 7.69601e-18 4.59031e-18 2.7329e-18 1.62416e-18 9.63552e-19 5.70667e-19 3.37418e-19 1.99181e-19 1.17392e-19 6.908e-20 4.0589e-20 2.38133e-20 1.39508e-20 8.1613e-21 4.76777e-21 2.7815e-21 1.62055e-21 9.42923e-22 5.4794e-22 3.18011e-22 1.84338e-22 1.06724e-22 6.17156e-23 3.56468e-23 2.05659e-23 1.18519e-23 6.8226e-24 3.9232e-24 2.25356e-24 1.29313e-24 7.41259e-25 4.24482e-25 2.42838e-25 1.38787e-25 7.92438e-26 4.52034e-26 2.57616e-26 1.46682e-26 8.34431e-27 4.74263e-27 2.69321e-27 1.52808e-27
2.38671e-09 4.8118e-09 7.00277e-09 8.57822e-09 9.41248e-09 9.54902e-09 9.12703e-09 8.32038e-09 7.29637e-09 6.19334e-09 5.11263e-09 4.11965e-09 3.24969e-09 2.51549e-09 1.9145e-09 1.43501e-09 1.06078e-09 7.74262e-10 5.58583e-10 3.98672e-10 2.81719e-10 1.97238e-10 1.36901e-10 9.42558e-11 6.44034e-11 4.36922e-11 2.94422e-11 1.97136e-11 1.31202e-11 8.68214e-12 5.71409e-12 3.74123e-12 2.43744e-12 1.58052e-12 1.02025e-12 6.55744e-13 4.19722e-13 2.67584e-13 1.69941e-13 1.07533e-13 6.78024e-14 4.26058e-14 2.66848e-14 1.66602e-14 1.03696e-14 6.43518e-15 3.9821e-15 2.4573e-15 1.51229e-15 9.28284e-16 5.68366e-16 3.47144e-16 2.11522e-16 1.28587e-16 7.79938e-17 4.72033e-17 2.85076e-17 1.71809e-17 1.03337e-17 6.20314e-18 3.71649e-18 2.22251e-18 1.32666e-18 7.90501e-19 4.70208e-19 2.79216e-19 1.65527e-19 9.79702e-20 5.78935e-20 3.4158e-20 2.01232e-20 1.18374e-20 6.95316e-21 4.07842e-21 2.38889e-21 1.39736e-21 8.16277e-22 4.76209e-22 2.7746e-22 1.61456e-22 9.38363e-23 5.44704e-23 3.15815e-23 1.82893e-23 1.05795e-23 6.11281e-24 3.52807e-24 2.03405e-24 1.17144e-24 6.73943e-25 3.87327e-25 2.22378e-25 1.27548e-25 7.30849e-26 4.18372e-26 2.39268e-26 1.3671e-26 7.80403e-27 4.45085e-27 2.53618e-27 1.44389e-27
1.19135e-09 2.47827e-09 3.68769e-09 4.60202e-09 5.13274e-09 5.28466e-09 5.1202e-09 4.72709e-09 4.19488e-09 3.601e-09 3.00463e-09 2.44596e-09 1.94847e-09 1.52257e-09 1.16942e-09 8.84299e-10 6.59298e-10 4.8523e-10 3.52901e-10 2.53861e-10 1.80769e-10 1.27511e-10 8.91546e-11 6.18235e-11 4.254e-11 2.90587e-11 1.97136e-11 1.32872e-11 8.90079e-12 5.92768e-12 3.9258e-12 2.58628e-12 1.69524e-12 1.10585e-12 7.18057e-13 4.64202e-13 2.98826e-13 1.91588e-13 1.22356e-13 7.78489e-14 4.93529e-14 3.1179e-14 1.96315e-14 1.23209e-14 7.70848e-15 4.80821e-15 2.99039e-15 1.85457e-15 1.14701e-15 7.07512e-16 4.35293e-16 2.67142e-16 1.63549e-16 9.9891e-17 6.08707e-17 3.70101e-17 2.24537e-17 1.35937e-17 8.21282e-18 4.95194e-18 2.97994e-18 1.78983e-18 1.07301e-18 6.42112e-19 3.83571e-19 2.28732e-19 1.36168e-19 8.09285e-20 4.80205e-20 2.84488e-20 1.68279e-20 9.93885e-21 5.86137e-21 3.45169e-21 2.02976e-21 1.19194e-21 6.9899e-22 4.0936e-22 2.39426e-22 1.39854e-22 8.15894e-23 4.75393e-23 2.76659e-23 1.60812e-23 9.33645e-24 5.41435e-24 3.13632e-24 1.81473e-24 1.04889e-24 6.05594e-25 3.49282e-25 2.01243e-25 1.1583e-25 6.66023e-26 3.82585e-26 2.19556e-26 1.25878e-26 7.21014e-27 4.12608e-27 2.35904e-27 1.34755e-27
5.94676e-10 1.27519e-09 1.93912e-09 2.46431e-09 2.79283e-09 2.9174e-09 2.8645e-09 2.67758e-09 2.40399e-09 2.08654e-09 1.75936e-09 1.44668e-09 1.16359e-09 9.1772e-10 7.11194e-10 5.4247e-10 4.07852e-10 3.02626e-10 2.21847e-10 1.60823e-10 1.15384e-10 8.19901e-11 5.77399e-11 4.03216e-11 2.79364e-11 1.92122e-11 1.31202e-11 8.90079e-12 6.00055e-12 4.02131e-12 2.6797e-12 1.77609e-12 1.17115e-12 7.68468e-13 5.01882e-13 3.26307e-13 2.11241e-13 1.36187e-13 8.74515e-14 5.59421e-14 3.56544e-14 2.26437e-14 1.43317e-14 9.04095e-15 5.68521e-15 3.56402e-15 2.22761e-15 1.3883e-15 8.62812e-16 5.34774e-16 3.30584e-16 2.03839e-16 1.25376e-16 7.69301e-17 4.70936e-17 2.87633e-17 1.75289e-17 1.06594e-17 6.46841e-18 3.91719e-18 2.36747e-18 1.42807e-18 8.59787e-19 5.16686e-19 3.09939e-19 1.85592e-19 1.10941e-19 6.62052e-20 3.94435e-20 2.34616e-20 1.39333e-20 8.26191e-21 4.89158e-21 2.89185e-21 1.70715e-21 1.00635e-21 5.92412e-22 3.48261e-22 2.04458e-22 1.19877e-22 7.01948e-23 4.10513e-23 2.39778e-23 1.39883e-23 8.15079e-24 4.74379e-24 2.75773e-24 1.60134e-24 9.28828e-25 5.38159e-25 3.11472e-25 1.80081e-25 1.04008e-25 6.00096e-26 3.4589e-26 1.99171e-26 1.14575e-26 6.58475e-27 3.78076e-27 2.16878e-27 1.24295e-27
2.96839e-10 6.55563e-10 1.01826e-09 1.31728e-09 1.51649e-09 1.60676e-09 1.59837e-09 1.51237e-09 1.37346e-09 1.20508e-09 1.02664e-09 8.52545e-10 6.92232e-10 5.50953e-10 4.30733e-10 3.3135e-10 2.51184e-10 1.87876e-10 1.38803e-10 1.01388e-10 7.32815e-11 5.24501e-11 3.71985e-11 2.61569e-11 1.82455e-11 1.26311e-11 8.68214e-12 5.92768e-12 4.02131e-12 2.71156e-12 1.81788e-12 1.21208e-12 8.03938e-13 5.30571e-13 3.48489e-13 2.27849e-13 1.4832e-13 9.61439e-14 6.20708e-14 3.99175e-14 2.55748e-14 1.63265e-14 1.03863e-14 6.58523e-15 4.1617e-15 2.62184e-15 1.64674e-15 1.03125e-15 6.43975e-16 4.01027e-16 2.49066e-16 1.54287e-16 9.53334e-17 5.8762e-17 3.61337e-17 2.21678e-17 1.35691e-17 8.28755e-18 5.05093e-18 3.07193e-18 1.86453e-18 1.12944e-18 6.82843e-19 4.12056e-19 2.48195e-19 1.49226e-19 8.95644e-20 5.36634e-20 3.2099e-20 1.91686e-20 1.14285e-20 6.8031e-21 4.04347e-21 2.39964e-21 1.42199e-21 8.41428e-22 4.97189e-22 2.93374e-22 1.72874e-22 1.01732e-22 5.97881e-23 3.50924e-23 2.05713e-23 1.20441e-23 7.04295e-24 4.11355e-24 2.39976e-24 1.39836e-24 8.13912e-25 4.73208e-25 2.74821e-25 1.59434e-25 9.23955e-26 5.34895e-26 3.09343e-26 1.78721e-26 1.03152e-26 5.94783e-27 3.42626e-27 1.97184e-27 1.13375e-27
1.4817e-10 3.36734e-10 5.34005e-10 7.02977e-10 8.21823e-10 8.82952e-10 8.89673e-10 8.51921e-10 7.82414e-10 6.93833e-10 5.97114e-10 5.00679e-10 4.10326e-10 3.29516e-10 2.59848e-10 2.0157e-10 1.54045e-10 1.1613e-10 8.64552e-11 6.3623e-11 4.63212e-11 3.33898e-11 2.38455e-11 1.68816e-11 1.18542e-11 8.2601e-12 5.71409e-12 3.9258e-12 2.6797e-12 1.81788e-12 1.22602e-12 8.22255e-13 5.48531e-13 3.64072e-13 2.4047e-13 1.58092e-13 1.03472e-13 6.74331e-14 4.37658e-14 2.82929e-14 1.82206e-14 1.1691e-14 7.47489e-15 4.76289e-15 3.02483e-15 1.91489e-15 1.2085e-15 7.60409e-16 4.77079e-16 2.98478e-16 1.86231e-16 1.15888e-16 7.19306e-17 4.45352e-17 2.75067e-17 1.69492e-17 1.04198e-17 6.39148e-18 3.91198e-18 2.38929e-18 1.45628e-18 8.85811e-19 5.37754e-19 3.2583e-19 1.97053e-19 1.18954e-19 7.16801e-20 4.31178e-20 2.58924e-20 1.55224e-20 9.29043e-21 5.55158e-21 3.31219e-21 1.97309e-21 1.17361e-21 6.97046e-22 4.13401e-22 2.44831e-22 1.44796e-22 8.55179e-23 5.04401e-23 2.97116e-23 1.7479e-23 1.02697e-23 6.02647e-24 3.53213e-24 2.06772e-24 1.20903e-24 7.06121e-25 4.11935e-25 2.40045e-25 1.39727e-25 8.12459e-26 4.71911e-26 2.7382e-26 1.58717e-26 9.19062e-27 5.31658e-27 3.07253e-27 1.77394e-27 1.02322e-27
7.39606e-11 1.72828e-10 2.79702e-10 3.74556e-10 4.44535e-10 4.84172e-10 4.94038e-10 4.78659e-10 4.44485e-10 3.98304e-10 3.46209e-10 2.93071e-10 2.42387e-10 1.9637e-10 1.56172e-10 1.22145e-10 9.40929e-11 7.14842e-11 5.36199e-11 3.97495e-11 2.91475e-11 2.11576e-11 1.52132e-11 1.08425e-11 7.66347e-12 5.37431e-12 3.74123e-12 2.58628e-12 1.77609e-12 1.21208e-12 8.22255e-13 5.54646e-13 3.72111e-13 2.48361e-13 1.64948e-13 1.09031e-13 7.17439e-14 4.70029e-14 3.06652e-14 1.99259e-14 1.28975e-14 8.31706e-15 5.34403e-15 3.42182e-15 2.18366e-15 1.389e-15 8.80755e-16 5.56782e-16 3.50941e-16 2.20568e-16 1.38244e-16 8.64132e-17 5.38741e-17 3.35024e-17 2.07826e-17 1.28612e-17 7.9405e-18 4.89132e-18 3.00636e-18 1.84382e-18 1.12845e-18 6.89211e-19 4.20101e-19 2.55567e-19 1.55177e-19 9.40458e-20 5.68931e-20 3.43563e-20 2.07108e-20 1.24637e-20 7.48816e-21 4.49153e-21 2.68979e-21 1.60829e-21 9.60165e-22 5.72367e-22 3.40694e-22 2.02502e-22 1.20193e-22 7.12406e-23 4.21682e-23 2.49266e-23 1.47154e-23 8.67606e-24 5.10887e-24 3.00461e-24 1.76491e-24 1.03547e-24 6.06797e-25 3.55178e-25 2.07661e-25 1.21277e-25 7.07501e-26 4.12292e-26 2.40006e-26 1.39567e-26 8.10773e-27 4.70517e-27 2.72783e-27 1.57992e-27 9.14177e-28
3.69182e-11 8.86364e-11 1.46331e-10 1.9927e-10 2.40028e-10 2.64962e-10 2.73726e-10 2.68282e-10 2.51845e-10 2.2801e-10 2.00136e-10 1.71011e-10 1.42712e-10 1.16623e-10 9.35271e-11 7.37428e-11 5.72533e-11 4.38286e-11 3.31198e-11 2.473e-11 1.8262e-11 1.33474e-11 9.66202e-12 6.93152e-12 4.93082e-12 3.47981e-12 2.43744e-12 1.69524e-12 1.17115e-12 8.03938e-13 5.48531e-13 3.72111e-13 2.51047e-13 1.68481e-13 1.12504e-13 7.47635e-14 4.94548e-14 3.25688e-14 2.13574e-14 1.39481e-14 9.07339e-15 5.87996e-15 3.79654e-15 2.44268e-15 1.56625e-15 1.00097e-15 6.37662e-16 4.04965e-16 2.56415e-16 1.61885e-16 1.01916e-16 6.39874e-17 4.00673e-17 2.50245e-17 1.55901e-17 9.68888e-18 6.00711e-18 3.7158e-18 2.2933e-18 1.41226e-18 8.6784e-19 5.32179e-19 3.25679e-19 1.98911e-19 1.21251e-19 7.37713e-20 4.48007e-20 2.71579e-20 1.64338e-20 9.92718e-21 5.98658e-21 3.60422e-21 2.1664e-21 1.30009e-21 7.78994e-22 4.66048e-22 2.78406e-22 1.66069e-22 9.89179e-23 5.88368e-23 3.49479e-23 2.07303e-23 1.22803e-23 7.26518e-24 4.29265e-24 2.53313e-24 1.49297e-24 8.7885e-25 5.16726e-25 3.03455e-25 1.78003e-25 1.04296e-25 6.10409e-26 3.5686e-26 2.08403e-26 1.21577e-26 7.085e-27 4.12461e-27 2.39875e-27 1.39365e-27 8.08902e-28
