0.8 0.0822701 0.00846047 0.000870055 8.94744e-05 9.20134e-06 9.46245e-07 9.73096e-08 1.00071e-08 1.02911e-09 1.05831e-10 1.08834e-11 1.11922e-12 1.15098e-13 1.18365e-14 1.21723e-15 1.25178e-16 1.2873e-17 1.32383e-18 1.36139e-19 1.40002e-20 1.43975e-21 1.48061e-22 1.52262e-23 1.56583e-24 1.61026e-25 1.65596e-26 1.70295e-27 1.75127e-28 1.80097e-29 1.85207e-30 1.90463e-31 1.95868e-32 2.01426e-33 2.07142e-34 2.1302e-35 2.19065e-36 2.25281e-37 2.31674e-38 2.38248e-39 2.45009e-40 2.51961e-41 2.59111e-42 2.66464e-43 2.74025e-44 2.81801e-45 2.89798e-46 2.98021e-47 3.06478e-48 3.15175e-49 3.24119e-50 3.33316e-51 3.42775e-52 3.52502e-53 3.62504e-54 3.72791e-55 3.8337e-56 3.94249e-57 4.05436e-58 4.16941e-59 4.28773e-60 4.4094e-61 4.53452e-62 4.6632e-63 4.79553e-64 4.93161e-65 5.07155e-66 5.21546e-67 5.36346e-68 5.51566e-69 5.67218e-70 5.83314e-71 5.99866e-72 6.16889e-73 6.34394e-74 6.52396e-75 6.70909e-76 6.89947e-77 7.09526e-78 7.2966e-79 7.50365e-80 7.71658e-81 7.93556e-82 8.16074e-83 8.39232e-84 8.63046e-85 8.87537e-86 9.12723e-87 9.38623e-88 9.65258e-89 9.92649e-90 1.02082e-90 1.04978e-91 1.07957e-92 1.11021e-93 1.14171e-94 1.17411e-95 1.20743e-96 1.24169e-97 1.27693e-98 1.31316e-99
0.0822701 0.0123809 0.0016764 0.000213858 2.62564e-05 3.13862e-06 3.6786e-07 4.24671e-08 4.84409e-09 5.47195e-10 6.13155e-11 6.82417e-12 7.55117e-13 8.31393e-14 9.1139e-15 9.95258e-16 1.08315e-16 1.17523e-17 1.27167e-18 1.37263e-19 1.47829e-20 1.58885e-21 1.7045e-22 1.82542e-23 1.95184e-24 2.08396e-25 2.22201e-26 2.36621e-27 2.51681e-28 2.67405e-29 2.83819e-30 3.00949e-31 3.18823e-32 3.37469e-33 3.56916e-34 3.77196e-35 3.98338e-36 4.20377e-37 4.43346e-38 4.67281e-39 4.92216e-40 5.1819e-41 5.45242e-42 5.73413e-43 6.02743e-44 6.33275e-45 6.65055e-46 6.98129e-47 7.32545e-48 7.68351e-49 8.056e-50 8.44344e-51 8.84638e-52 9.26539e-53 9.70106e-54 1.0154e-54 1.06248e-55 1.11142e-56 1.16228e-57 1.21513e-58 1.27004e-59 1.3271e-60 1.38636e-61 1.44792e-62 1.51186e-63 1.57827e-64 1.64722e-65 1.71882e-66 1.79315e-67 1.87032e-68 1.95042e-69 2.03357e-70 2.11986e-71 2.20941e-72 2.30234e-73 2.39876e-74 2.4988e-75 2.60259e-76 2.71025e-77 2.82193e-78 2.93776e-79 3.0579e-80 3.18249e-81 3.31169e-82 3.44566e-83 3.58456e-84 3.72857e-85 3.87787e-86 4.03264e-87 4.19307e-88 4.35936e-89 4.53171e-90 4.71033e-91 4.89544e-92 5.08727e-93 5.28603e-94 5.49198e-95 5.70537e-96 5.92644e-97 6.15546e-98 6.39271e-99
0.00846047 0.0016764 0.000274531 4.07112e-05 5.67315e-06 7.57176e-07 9.78844e-08 1.23458e-08 1.52677e-09 1.85791e-10 2.23065e-11 2.64777e-12 3.11217e-13 3.62694e-14 4.1953e-15 4.82063e-16 5.5065e-17 6.25665e-18 7.075e-19 7.96567e-20 8.93299e-21 9.98148e-22 1.11159e-22 1.23413e-23 1.36628e-24 1.50859e-25 1.66164e-26 1.82603e-27 2.00238e-28 2.19137e-29 2.39367e-30 2.61002e-31 2.84117e-32 3.0879e-33 3.35106e-34 3.6315e-35 3.93013e-36 4.2479e-37 4.58581e-38 4.94488e-39 5.3262e-40 5.7309e-41 6.16017e-42 6.61523e-43 7.09738e-44 7.60797e-45 8.14841e-46 8.72015e-47 9.32474e-48 9.96379e-49 1.06389e-49 1.1352e-50 1.21047e-51 1.2899e-52 1.37368e-53 1.46203e-54 1.55516e-55 1.65329e-56 1.75666e-57 1.86551e-58 1.98009e-59 2.10068e-60 2.22755e-61 2.36098e-62 2.50129e-63 2.64877e-64 2.80377e-65 2.96661e-66 3.13765e-67 3.31727e-68 3.50583e-69 3.70376e-70 3.91146e-71 4.12936e-72 4.35792e-73 4.59761e-74 4.84891e-75 5.11235e-76 5.38844e-77 5.67774e-78 5.98082e-79 6.29829e-80 6.63076e-81 6.97888e-82 7.34332e-83 7.72479e-84 8.124e-85 8.54173e-86 8.97876e-87 9.4359e-88 9.91401e-89 1.0414e-89 1.09367e-90 1.14832e-91 1.20544e-92 1.26514e-93 1.32752e-94 1.39269e-95 1.46078e-96 1.5319e-97 1.60618e-98
0.000870055 0.000213858 4.07112e-05 6.81532e-06 1.05325e-06 1.53985e-07 2.16046e-08 2.93589e-09 3.88867e-10 5.0432e-11 6.4259e-12 8.06525e-13 9.99199e-14 1.22392e-14 1.48426e-15 1.78404e-16 2.12737e-17 2.51866e-18 2.96264e-19 3.46437e-20 4.02928e-21 4.66314e-22 5.37215e-23 6.16291e-24 7.04247e-25 8.01834e-26 9.09854e-27 1.02916e-27 1.16066e-28 1.30531e-29 1.46415e-30 1.63827e-31 1.82882e-32 2.03703e-33 2.26421e-34 2.51174e-35 2.78109e-36 3.07382e-37 3.39157e-38 3.73609e-39 4.10922e-40 4.51291e-41 4.94924e-42 5.42039e-43 5.92867e-44 6.47651e-45 7.0665e-46 7.70136e-47 8.38397e-48 9.11735e-49 9.90471e-50 1.07494e-50 1.1655e-51 1.26253e-52 1.36642e-53 1.47759e-54 1.59648e-55 1.72355e-56 1.85929e-57 2.0042e-58 2.15883e-59 2.32375e-60 2.49955e-61 2.68687e-62 2.88635e-63 3.0987e-64 3.32465e-65 3.56496e-66 3.82043e-67 4.09192e-68 4.38031e-69 4.68654e-70 5.01159e-71 5.35648e-72 5.7223e-73 6.11017e-74 6.52129e-75 6.95691e-76 7.41834e-77 7.90694e-78 8.42415e-79 8.97149e-80 9.55053e-81 1.01629e-81 1.08105e-82 1.14949e-83 1.22181e-84 1.29822e-85 1.37892e-86 1.46413e-87 1.55409e-88 1.64902e-89 1.74918e-90 1.85484e-91 1.96628e-92 2.08377e-93 2.20762e-94 2.33815e-95 2.47569e-96 2.62058e-97 2.77318e-98
8.94744e-05 2.62564e-05 5.67315e-06 1.05325e-06 1.7795e-07 2.81582e-08 4.24363e-09 6.15718e-10 8.66479e-11 1.18902e-11 1.59738e-12 2.10745e-13 2.7371e-14 3.50637e-15 4.43767e-16 5.55594e-17 6.88889e-18 8.46722e-19 1.03249e-19 1.24992e-20 1.50315e-21 1.79669e-22 2.1355e-23 2.525e-24 2.97114e-25 3.48038e-26 4.05977e-27 4.71699e-28 5.46039e-29 6.29902e-30 7.24269e-31 8.30207e-32 9.48864e-33 1.08149e-33 1.22942e-34 1.39412e-35 1.57714e-36 1.78017e-37 2.00502e-38 2.25366e-39 2.52817e-40 2.83081e-41 3.164e-42 3.53033e-43 3.93259e-44 4.37376e-45 4.85704e-46 5.38583e-47 5.9638e-48 6.59484e-49 7.28315e-50 8.03317e-51 8.84968e-52 9.73774e-53 1.07028e-53 1.17506e-54 1.28872e-55 1.41194e-56 1.5454e-57 1.68985e-58 1.84607e-59 2.01491e-60 2.19726e-61 2.39407e-62 2.60635e-63 2.83518e-64 3.08168e-65 3.34706e-66 3.63261e-67 3.93969e-68 4.26973e-69 4.62426e-70 5.0049e-71 5.41336e-72 5.85146e-73 6.32112e-74 6.82438e-75 7.36338e-76 7.94041e-77 8.55787e-78 9.21832e-79 9.92444e-80 1.06791e-80 1.14853e-81 1.23461e-82 1.32651e-83 1.42457e-84 1.52916e-85 1.64068e-86 1.75956e-87 1.88621e-88 2.02113e-89 2.16478e-90 2.31769e-91 2.4804e-92 2.65349e-93 2.83756e-94 3.03325e-95 3.24123e-96 3.4622e-97 3.69692e-98
9.20134e-06 3.13862e-06 7.57176e-07 1.53985e-07 2.81582e-08 4.78158e-09 7.68333e-10 1.1825e-10 1.7577e-11 2.53861e-12 3.57858e-13 4.94086e-14 6.69986e-15 8.94254e-16 1.177e-16 1.52992e-17 1.96647e-18 2.50208e-19 3.15435e-20 3.94331e-21 4.89168e-22 6.02512e-23 7.37257e-24 8.96654e-25 1.08435e-25 1.30442e-26 1.56142e-27 1.86042e-28 2.20706e-29 2.60758e-30 3.06893e-31 3.59876e-32 4.20553e-33 4.89856e-34 5.68813e-35 6.58551e-36 7.60312e-37 8.75452e-38 1.00546e-38 1.15197e-39 1.31675e-40 1.50176e-41 1.7091e-42 1.9411e-43 2.20025e-44 2.4893e-45 2.81121e-46 3.16921e-47 3.5668e-48 4.00777e-49 4.49622e-50 5.0366e-51 5.63372e-52 6.29277e-53 7.01937e-54 7.81957e-55 8.69991e-56 9.66744e-57 1.07297e-57 1.1895e-58 1.3172e-59 1.45702e-60 1.60998e-61 1.77718e-62 1.95977e-63 2.15904e-64 2.37632e-65 2.61307e-66 2.87084e-67 3.15131e-68 3.45624e-69 3.78756e-70 4.1473e-71 4.53766e-72 4.96096e-73 5.41972e-74 5.91659e-75 6.45443e-76 7.03629e-77 7.66541e-78 8.34526e-79 9.07954e-80 9.87218e-81 1.07274e-81 1.16497e-82 1.26438e-83 1.37147e-84 1.4868e-85 1.61094e-86 1.74449e-87 1.88811e-88 2.0425e-89 2.20838e-90 2.38654e-91 2.57781e-92 2.78308e-93 3.00327e-94 3.2394e-95 3.4925e-96 3.76371e-97 4.05422e-98
9.46245e-07 3.6786e-07 9.78844e-08 2.16046e-08 4.24363e-09 7.68333e-10 1.30892e-10 2.12608e-11 3.32292e-12 5.03036e-13 7.41257e-14 1.06731e-14 1.5062e-15 2.08836e-16 2.85053e-17 3.8368e-18 5.09972e-19 6.70154e-20 8.71563e-21 1.12281e-21 1.43393e-22 1.81663e-23 2.28443e-24 2.85296e-25 3.54018e-26 4.36671e-27 5.35609e-28 6.53518e-29 7.93452e-30 9.58875e-31 1.15371e-31 1.38237e-32 1.64985e-33 1.96176e-34 2.32439e-35 2.74479e-36 3.23083e-37 3.79133e-38 4.43609e-39 5.17603e-40 6.02328e-41 6.99131e-42 8.09506e-43 9.35103e-44 1.07775e-44 1.23946e-45 1.42246e-46 1.62921e-47 1.86239e-48 2.12497e-49 2.42021e-50 2.75167e-51 3.12329e-52 3.53934e-53 4.00451e-54 4.52394e-55 5.10323e-56 5.7485e-57 6.46642e-58 7.26426e-59 8.14993e-60 9.13205e-61 1.022e-61 1.14239e-62 1.2755e-63 1.4225e-64 1.58472e-65 1.76355e-66 1.96054e-67 2.17732e-68 2.4157e-69 2.67761e-70 2.96515e-71 3.28057e-72 3.62633e-73 4.00505e-74 4.41957e-75 4.87298e-76 5.36856e-77 5.90989e-78 6.50079e-79 7.14538e-80 7.84811e-81 8.61375e-82 9.44742e-83 1.03546e-83 1.13413e-84 1.24138e-85 1.3579e-86 1.48441e-87 1.6217e-88 1.77062e-89 1.93205e-90 2.10698e-91 2.29643e-92 2.50151e-93 2.7234e-94 2.96338e-95 3.22279e-96 3.5031e-97 3.80584e-98
9.73096e-08 4.24671e-08 1.23458e-08 2.93589e-09 6.15718e-10 1.1825e-10 2.12608e-11 3.63002e-12 5.94368e-13 9.39969e-14 1.44346e-14 2.16136e-15 3.16593e-16 4.54861e-17 6.42396e-18 8.93425e-19 1.22548e-19 1.66002e-20 2.22311e-21 2.94624e-22 3.86728e-23 5.03144e-24 6.49253e-25 8.31426e-26 1.05718e-26 1.33533e-27 1.67622e-28 2.09189e-29 2.59635e-30 3.20582e-31 3.93907e-32 4.81772e-33 5.8666e-34 7.11422e-35 8.59314e-36 1.03406e-36 1.23988e-37 1.48161e-38 1.76469e-39 2.09531e-40 2.48045e-41 2.92798e-42 3.44679e-43 4.04684e-44 4.73933e-45 5.53683e-46 6.45338e-47 7.50469e-48 8.70831e-49 1.00838e-49 1.16529e-50 1.34398e-51 1.54716e-52 1.77779e-53 2.03919e-54 2.33503e-55 2.66937e-56 3.04667e-57 3.47188e-58 3.95047e-59 4.48845e-60 5.09243e-61 5.76969e-62 6.52824e-63 7.37687e-64 8.32522e-65 9.38388e-66 1.05644e-66 1.18796e-67 1.33432e-68 1.49704e-69 1.67779e-70 1.87838e-71 2.10077e-72 2.34714e-73 2.61981e-74 2.92137e-75 3.25458e-76 3.62248e-77 4.02837e-78 4.47582e-79 4.96872e-80 5.5113e-81 6.10813e-82 6.76418e-83 7.48483e-84 8.27591e-85 9.14374e-86 1.00952e-86 1.11376e-87 1.22789e-88 1.35279e-89 1.48938e-90 1.63868e-91 1.80177e-92 1.97982e-93 2.17411e-94 2.386e-95 2.61696e-96 2.86857e-97 3.14256e-98
1.00071e-08 4.84409e-09 1.52677e-09 3.88867e-10 8.66479e-11 1.7577e-11 3.32292e-12 5.94368e-13 1.01647e-13 1.67465e-14 2.67315e-15 4.15253e-16 6.29956e-17 9.35934e-18 1.36498e-18 1.95793e-19 2.76673e-20 3.8569e-21 5.31047e-22 7.2294e-23 9.73957e-24 1.29955e-24 1.71857e-25 2.2539e-26 2.9332e-27 3.78971e-28 4.86323e-29 6.20123e-30 7.86007e-31 9.90648e-32 1.24191e-32 1.54905e-33 1.92291e-34 2.37616e-35 2.92355e-36 3.58225e-37 4.37214e-38 5.31622e-39 6.44103e-40 7.77711e-41 9.35954e-42 1.12285e-42 1.34301e-43 1.60169e-44 1.90486e-45 2.25935e-46 2.6729e-47 3.15428e-48 3.71344e-49 4.36161e-50 5.11148e-51 5.97734e-52 6.9753e-53 8.12346e-54 9.44214e-55 1.09541e-55 1.2685e-56 1.46632e-57 1.69207e-58 1.94931e-59 2.24202e-60 2.57461e-61 2.95202e-62 3.3797e-63 3.86375e-64 4.4109e-65 5.02862e-66 5.7252e-67 6.5098e-68 7.39254e-69 8.38461e-70 9.49837e-71 1.07474e-71 1.21468e-72 1.3713e-73 1.54643e-74 1.74207e-75 1.96041e-76 2.20387e-77 2.4751e-78 2.77701e-79 3.11278e-80 3.4859e-81 3.9002e-82 4.35985e-83 4.86942e-84 5.43391e-85 6.05877e-86 6.74995e-87 7.51395e-88 8.35785e-89 9.28936e-90 1.03169e-90 1.14496e-91 1.26975e-92 1.40713e-93 1.55828e-94 1.72449e-95 1.90714e-96 2.10775e-97 2.32794e-98
1.02911e-09 5.47195e-10 1.85791e-10 5.0432e-11 1.18902e-11 2.53861e-12 5.03036e-13 9.39969e-14 1.67465e-14 2.86749e-15 4.7475e-16 7.63557e-17 1.1974e-17 1.83637e-18 2.76105e-19 4.07827e-20 5.9281e-21 8.49255e-22 1.20059e-22 1.67674e-23 2.31565e-24 3.16506e-25 4.28471e-26 5.74887e-27 7.64935e-28 1.00991e-28 1.32362e-29 1.72291e-30 2.22819e-31 2.86412e-32 3.66036e-33 4.65245e-34 5.88286e-35 7.40212e-36 9.27021e-37 1.1558e-37 1.43493e-38 1.77424e-39 2.18527e-40 2.68153e-41 3.27878e-42 3.99539e-43 4.85266e-44 5.87534e-45 7.09202e-46 8.53572e-47 1.02445e-47 1.22621e-48 1.46388e-49 1.74322e-50 2.07082e-51 2.4542e-52 2.90195e-53 3.42385e-54 4.03101e-55 4.73605e-56 5.55328e-57 6.49892e-58 7.59128e-59 8.85107e-60 1.03016e-60 1.19693e-61 1.38836e-62 1.60779e-63 1.85896e-64 2.14605e-65 2.47376e-66 2.84735e-67 3.27269e-68 3.75636e-69 4.30568e-70 4.92882e-71 5.63489e-72 6.43402e-73 7.33748e-74 8.3578e-75 9.50886e-76 1.08061e-76 1.22666e-77 1.39093e-78 1.57552e-79 1.78275e-80 2.01517e-81 2.27561e-82 2.56721e-83 2.89339e-84 3.25797e-85 3.66511e-86 4.11943e-87 4.62598e-88 5.19034e-89 5.81861e-90 6.51752e-91 7.29443e-92 8.15743e-93 9.11539e-94 1.0178e-94 1.13559e-95 1.26608e-96 1.41053e-97 1.57034e-98
1.05831e-10 6.13155e-11 2.23065e-11 6.4259e-12 1.59738e-12 3.57858e-13 7.41257e-14 1.44346e-14 2.67315e-15 4.7475e-16 8.13714e-17 1.35261e-17 2.18905e-18 3.46012e-19 5.35556e-20 8.13463e-21 1.21474e-21 1.78614e-22 2.58953e-23 3.706e-24 5.24097e-25 7.33043e-26 1.01486e-26 1.3917e-27 1.89158e-28 2.54972e-29 3.41013e-30 4.52754e-31 5.96969e-32 7.81998e-33 1.01807e-33 1.31768e-34 1.69603e-35 2.17152e-36 2.76639e-37 3.50741e-38 4.42667e-39 5.56254e-40 6.96078e-41 8.67579e-42 1.0772e-42 1.33258e-43 1.64269e-44 2.01812e-45 2.47129e-46 3.01673e-47 3.67145e-48 4.45527e-49 5.39124e-50 6.50616e-51 7.83109e-52 9.40196e-53 1.12603e-53 1.3454e-54 1.60381e-55 1.9076e-56 2.26405e-57 2.68148e-58 3.16943e-59 3.73878e-60 4.40198e-61 5.17316e-62 6.06846e-63 7.10618e-64 8.30712e-65 9.69483e-66 1.1296e-66 1.31408e-67 1.52634e-68 1.77022e-69 2.05007e-70 2.37076e-71 2.73781e-72 3.15737e-73 3.63641e-74 4.18269e-75 4.80495e-76 5.51294e-77 6.3176e-78 7.23115e-79 8.26722e-80 9.44104e-81 1.07696e-81 1.22718e-82 1.39686e-83 1.58836e-84 1.80428e-85 2.0475e-86 2.32124e-87 2.62905e-88 2.97489e-89 3.36313e-90 3.7986e-91 4.28667e-92 4.83324e-93 5.44486e-94 6.12875e-95 6.89288e-96 7.74603e-97 8.69789e-98 9.75914e-99
1.08834e-11 6.82417e-12 2.64777e-12 8.06525e-13 2.10745e-13 4.94086e-14 1.06731e-14 2.16136e-15 4.15253e-16 7.63557e-17 1.35261e-17 2.32019e-18 3.86959e-19 6.29542e-20 1.0018e-20 1.56284e-21 2.39476e-22 3.61017e-23 5.36199e-24 7.85575e-25 1.13652e-25 1.62519e-26 2.29896e-27 3.21945e-28 4.46628e-29 6.14161e-30 8.37582e-31 1.13343e-31 1.52256e-32 2.03117e-33 2.69199e-34 3.54569e-35 4.64267e-36 6.04506e-37 7.82915e-38 1.00883e-38 1.29364e-39 1.65118e-40 2.09819e-41 2.6549e-42 3.34565e-43 4.19967e-44 5.2519e-45 6.54409e-46 8.12592e-47 1.00564e-47 1.24054e-48 1.52556e-49 1.87043e-50 2.28663e-51 2.78762e-52 3.38919e-53 4.10978e-54 4.97096e-55 5.99782e-56 7.21959e-57 8.67019e-58 1.03889e-58 1.24214e-59 1.48201e-60 1.76457e-61 2.09683e-62 2.48682e-63 2.94378e-64 3.47833e-65 4.10259e-66 4.83048e-67 5.67788e-68 6.66291e-69 7.80624e-70 9.13139e-71 1.06651e-71 1.24379e-72 1.44841e-73 1.68429e-74 1.95585e-75 2.26811e-76 2.62673e-77 3.0381e-78 3.50942e-79 4.04882e-80 4.66544e-81 5.36956e-82 6.17276e-83 7.088e-84 8.12985e-85 9.31462e-86 1.06606e-86 1.21883e-87 1.39205e-88 1.58828e-89 1.81038e-90 2.06154e-91 2.3453e-92 2.66562e-93 3.02691e-94 3.43407e-95 3.89256e-96 4.40843e-97 4.98841e-98 5.63997e-99
1.11922e-12 7.55117e-13 3.11217e-13 9.99199e-14 2.7371e-14 6.69986e-15 1.5062e-15 3.16593e-16 6.29956e-17 1.1974e-17 2.18905e-18 3.86959e-19 6.64208e-20 1.11086e-20 1.81534e-21 2.90553e-22 4.56377e-23 7.04686e-24 1.07122e-24 1.60519e-25 2.3737e-26 3.46738e-27 5.00767e-28 7.15592e-29 1.0125e-29 1.41935e-30 1.97244e-31 2.71867e-32 3.71836e-33 5.04863e-34 6.80758e-35 9.11936e-36 1.21404e-36 1.60667e-37 2.11434e-38 2.76749e-39 3.60386e-40 4.67001e-41 6.02322e-42 7.73365e-43 9.88703e-44 1.25878e-44 1.59626e-45 2.01649e-46 2.53798e-47 3.18303e-48 3.97839e-49 4.95613e-50 6.15452e-51 7.61921e-52 9.40448e-53 1.15747e-53 1.42062e-54 1.7389e-55 2.12295e-56 2.58526e-57 3.14053e-58 3.80599e-59 4.6018e-60 5.55153e-61 6.68267e-62 8.02723e-63 9.62245e-64 1.15116e-64 1.37446e-65 1.63797e-66 1.94839e-67 2.31344e-68 2.74207e-69 3.24453e-70 3.83265e-71 4.51998e-72 5.32207e-73 6.25675e-74 7.34441e-75 8.60833e-76 1.00751e-76 1.17751e-77 1.37429e-78 1.60178e-79 1.86444e-80 2.16736e-81 2.51629e-82 2.91777e-83 3.37917e-84 3.90887e-85 4.51631e-86 5.21218e-87 6.00851e-88 6.91887e-89 7.95857e-90 9.14481e-91 1.0497e-91 1.20367e-92 1.37886e-93 1.57799e-94 1.80415e-95 2.06076e-96 2.35169e-97 2.68124e-98 3.05423e-99
1.15098e-13 8.31393e-14 3.62694e-14 1.22392e-14 3.50637e-15 8.94254e-16 2.08836e-16 4.54861e-17 9.35934e-18 1.83637e-18 3.46012e-19 6.29542e-20 1.11086e-20 1.90783e-21 3.19841e-22 5.24693e-23 8.44021e-24 1.33366e-24 2.07321e-25 3.17486e-26 4.79506e-27 7.14983e-28 1.05347e-28 1.53508e-29 2.21377e-30 3.16162e-31 4.47427e-32 6.27769e-33 8.73686e-34 1.20665e-34 1.65446e-35 2.25289e-36 3.04778e-37 4.09756e-38 5.47638e-39 7.27792e-40 9.62001e-41 1.26503e-41 1.65532e-42 2.15578e-43 2.79483e-44 3.60755e-45 4.63711e-46 5.93653e-47 7.57063e-48 9.61851e-49 1.21764e-49 1.53609e-50 1.93133e-51 2.42041e-52 3.02384e-53 3.76626e-54 4.6772e-55 5.79197e-56 7.15268e-57 8.8095e-58 1.0822e-58 1.32608e-59 1.62096e-60 1.97671e-61 2.40498e-62 2.91949e-63 3.53634e-64 4.27443e-65 5.15591e-66 6.20666e-67 7.45691e-68 8.94189e-69 1.07026e-69 1.27868e-70 1.52498e-71 1.81557e-72 2.15789e-73 2.56053e-74 3.0334e-75 3.58794e-76 4.23733e-77 4.99674e-78 5.88358e-79 6.91785e-80 8.1225e-81 9.52378e-82 1.11517e-82 1.30408e-83 1.523e-84 1.77643e-85 2.06946e-86 2.40789e-87 2.79833e-88 3.24827e-89 3.76624e-90 4.3619e-91 5.04619e-92 5.83151e-93 6.73189e-94 7.76318e-95 8.94331e-96 1.02925e-96 1.18335e-97 1.3592e-98 1.5597e-99
1.18365e-14 9.1139e-15 4.1953e-15 1.48426e-15 4.43767e-16 1.177e-16 2.85053e-17 6.42396e-18 1.36498e-18 2.76105e-19 5.35556e-20 1.0018e-20 1.81534e-21 3.19841e-22 5.49564e-23 9.23231e-24 1.51964e-24 2.45528e-25 3.90014e-26 6.09922e-27 9.40168e-28 1.43e-28 2.14819e-29 3.18994e-30 4.68589e-31 6.81388e-32 9.81425e-33 1.40094e-33 1.98291e-34 2.78426e-35 3.87989e-36 5.3679e-37 7.37597e-38 1.00695e-38 1.36616e-39 1.84259e-40 2.47115e-41 3.29627e-42 4.37419e-43 5.77588e-44 7.59051e-45 9.92975e-46 1.29329e-46 1.67733e-47 2.16658e-48 2.78757e-49 3.57301e-50 4.56307e-51 5.80696e-52 7.3648e-53 9.30985e-54 1.17311e-54 1.47366e-55 1.84568e-56 2.30492e-57 2.87036e-58 3.56478e-59 4.4155e-60 5.4552e-61 6.7229e-62 8.26512e-63 1.01372e-63 1.24047e-64 1.51455e-65 1.84518e-66 2.24322e-67 2.7215e-68 3.29511e-69 3.98179e-70 4.80237e-71 5.78125e-72 6.94696e-73 8.33288e-74 9.97792e-75 1.19274e-75 1.42342e-76 1.69595e-77 2.01746e-78 2.3962e-79 2.84172e-80 3.36506e-81 3.979e-82 4.69826e-83 5.5398e-84 6.52316e-85 7.6708e-86 9.00853e-87 1.0566e-87 1.2377e-88 1.44806e-89 1.69213e-90 1.97498e-91 2.30242e-92 2.68108e-93 3.11852e-94 3.62332e-95 4.20529e-96 4.87554e-97 5.64672e-98 6.53317e-99 7.55117e-100
1.21723e-15 9.95258e-16 4.82063e-16 1.78404e-16 5.55594e-17 1.52992e-17 3.8368e-18 8.93425e-19 1.95793e-19 4.07827e-20 8.13463e-21 1.56284e-21 2.90553e-22 5.24693e-23 9.23231e-24 1.58698e-24 2.67084e-25 4.40918e-26 7.15174e-27 1.14136e-27 1.79447e-28 2.78242e-29 4.259e-30 6.44122e-31 9.63256e-32 1.42539e-32 2.08842e-33 3.03142e-34 4.36159e-35 6.22331e-36 8.80983e-37 1.23782e-37 1.72684e-38 2.39278e-39 3.29417e-40 4.50722e-41 6.13073e-42 8.29212e-43 1.11551e-43 1.49291e-44 1.98808e-45 2.63488e-46 3.47613e-47 4.56576e-48 5.97149e-49 7.77807e-50 1.00912e-50 1.30425e-51 1.67948e-52 2.15497e-53 2.75557e-54 3.51183e-55 4.46121e-56 5.64956e-57 7.13277e-58 8.97894e-59 1.12707e-59 1.41083e-60 1.76129e-61 2.19305e-62 2.72372e-63 3.37445e-64 4.17059e-65 5.1425e-66 6.32646e-67 7.76571e-68 9.51177e-69 1.16258e-69 1.41805e-70 1.72619e-71 2.09717e-72 2.543e-73 3.07786e-74 3.71841e-75 4.48427e-76 5.39845e-77 6.48792e-78 7.78428e-79 9.32446e-80 1.11516e-80 1.33159e-81 1.5876e-82 1.89e-83 2.2467e-84 2.6669e-85 3.16123e-86 3.74204e-87 4.42357e-88 5.2223e-89 6.15725e-90 7.25034e-91 8.52681e-92 1.00157e-92 1.17505e-93 1.37694e-94 1.61165e-95 1.88422e-96 2.20043e-97 2.56688e-98 2.99112e-99 3.48179e-100
1.25178e-16 1.08315e-16 5.5065e-17 2.12737e-17 6.88889e-18 1.96647e-18 5.09972e-19 1.22548e-19 2.76673e-20 5.9281e-21 1.21474e-21 2.39476e-22 4.56377e-23 8.44021e-24 1.51964e-24 2.67084e-25 4.59264e-26 7.74156e-27 1.28137e-27 2.08562e-28 3.34247e-29 5.28033e-30 8.23099e-31 1.26716e-31 1.92816e-32 2.90207e-33 4.32319e-34 6.37813e-35 9.32414e-36 1.35134e-36 1.9425e-37 2.77061e-38 3.92261e-39 5.51461e-40 7.70084e-41 1.0685e-41 1.47351e-42 2.02014e-43 2.75405e-44 3.73442e-45 5.03766e-46 6.76203e-47 9.03338e-48 1.20123e-48 1.59031e-49 2.09643e-50 2.75227e-51 3.59895e-52 4.68805e-53 6.08409e-54 7.86755e-55 1.01385e-55 1.3021e-56 1.66687e-57 2.12707e-58 2.70602e-59 3.43231e-60 4.34096e-61 5.47475e-62 6.88586e-63 8.63771e-64 1.08073e-64 1.34879e-65 1.67923e-66 2.08564e-67 2.5844e-68 3.1952e-69 3.94165e-70 4.85203e-71 5.96014e-72 7.30633e-73 8.93868e-74 1.09144e-74 1.33013e-75 1.61801e-76 1.9646e-77 2.38119e-78 2.88109e-79 3.47999e-80 4.19638e-81 5.05198e-82 6.07231e-83 7.28729e-84 8.73196e-85 1.04473e-85 1.24812e-86 1.48896e-87 1.77376e-88 2.11011e-89 2.50682e-90 2.97413e-91 3.52395e-92 4.17005e-93 4.92838e-94 5.8174e-95 6.85845e-96 8.07614e-97 9.49889e-98 1.11594e-98 1.30954e-99 1.53501e-100
1.2873e-17 1.17523e-17 6.25665e-18 2.51866e-18 8.46722e-19 2.50208e-19 6.70154e-20 1.66002e-20 3.8569e-21 8.49255e-22 1.78614e-22 3.61017e-23 7.04686e-24 1.33366e-24 2.45528e-25 4.40918e-26 7.74156e-27 1.33162e-27 2.2478e-28 3.72921e-29 6.08875e-30 9.79484e-31 1.55408e-31 2.43418e-32 3.76702e-33 5.7641e-34 8.7266e-35 1.30799e-35 1.94202e-36 2.85767e-37 4.1695e-38 6.03467e-39 8.66751e-40 1.23585e-40 1.7499e-41 2.46135e-42 3.44014e-43 4.77901e-44 6.6004e-45 9.06516e-46 1.23837e-46 1.68302e-47 2.276e-48 3.06326e-49 4.10392e-50 5.47379e-51 7.26976e-52 9.61521e-53 1.26667e-53 1.66224e-54 2.17322e-55 2.83102e-56 3.67505e-57 4.75456e-58 6.13096e-59 7.88062e-60 1.00983e-60 1.29011e-61 1.64338e-62 2.08745e-63 2.64419e-64 3.34043e-65 4.20897e-66 5.28985e-67 6.63181e-68 8.29414e-69 1.03487e-69 1.28826e-70 1.6001e-71 1.98308e-72 2.45248e-73 3.02667e-74 3.72769e-75 4.58196e-76 5.62105e-77 6.88269e-78 8.41184e-79 1.02621e-79 1.2497e-80 1.51922e-81 1.84372e-82 2.2338e-83 2.70199e-84 3.26308e-85 3.93451e-86 4.73682e-87 5.69413e-88 6.83482e-89 8.19215e-90 9.80507e-91 1.17192e-91 1.39879e-92 1.66734e-93 1.98482e-94 2.35971e-95 2.80183e-96 3.32266e-97 3.93546e-98 4.65568e-99 5.50119e-100 6.4927e-101
1.32383e-18 1.27167e-18 7.075e-19 2.96264e-19 1.03249e-19 3.15435e-20 8.71563e-21 2.22311e-21 5.31047e-22 1.20059e-22 2.58953e-23 5.36199e-24 1.07122e-24 2.07321e-25 3.90014e-26 7.15174e-27 1.28137e-27 2.2478e-28 3.86747e-29 6.53662e-30 1.08673e-30 1.77931e-31 2.87212e-32 4.57493e-33 7.19727e-34 1.11914e-34 1.7212e-35 2.61992e-36 3.94911e-37 5.89784e-38 8.73127e-39 1.28188e-39 1.86713e-40 2.69915e-41 3.87395e-42 5.52201e-43 7.81964e-44 1.10039e-44 1.53917e-45 2.14052e-46 2.96032e-47 4.07232e-48 5.57335e-49 7.59005e-50 1.02874e-50 1.38795e-51 1.8643e-52 2.49345e-53 3.32116e-54 4.40597e-55 5.82256e-56 7.66584e-57 1.00561e-57 1.31453e-58 1.71251e-59 2.22359e-60 2.87795e-61 3.71326e-62 4.77651e-63 6.12611e-64 7.83454e-65 9.9915e-66 1.27077e-66 1.61197e-67 2.03951e-68 2.57398e-69 3.24057e-70 4.07005e-71 5.09996e-72 6.37597e-73 7.95357e-74 9.90004e-75 1.22968e-75 1.52423e-76 1.88551e-77 2.32782e-78 2.86833e-79 3.52768e-80 4.33057e-81 5.30658e-82 6.49104e-83 7.9261e-84 9.662e-85 1.17585e-85 1.42865e-86 1.73303e-87 2.09896e-88 2.53826e-89 3.06487e-90 3.69527e-91 4.44886e-92 5.34852e-93 6.42113e-94 7.69827e-95 9.217e-96 1.10208e-96 1.31604e-97 1.56954e-98 1.86951e-99 2.22408e-100 2.6427e-101
1.36139e-19 1.37263e-19 7.96567e-20 3.46437e-20 1.24992e-20 3.94331e-21 1.12281e-21 2.94624e-22 7.2294e-23 1.67674e-23 3.706e-24 7.85575e-25 1.60519e-25 3.17486e-26 6.09922e-27 1.14136e-27 2.08562e-28 3.72921e-29 6.53662e-30 1.12494e-30 1.90348e-31 3.17057e-32 5.2044e-33 8.4269e-34 1.34713e-34 2.1278e-35 3.32312e-36 5.13489e-37 7.85497e-38 1.19019e-38 1.78717e-39 2.66063e-40 3.92878e-41 5.7564e-42 8.37186e-43 1.20897e-43 1.73405e-44 2.4711e-45 3.4996e-46 4.92668e-47 6.89607e-48 9.59965e-49 1.32925e-49 1.83123e-50 2.51039e-51 3.42514e-52 4.65188e-53 6.29009e-54 8.46895e-55 1.13555e-55 1.51651e-56 2.01745e-57 2.67381e-58 3.53083e-59 4.64613e-60 6.09281e-61 7.96343e-62 1.03748e-62 1.3474e-63 1.74456e-64 2.25209e-65 2.89889e-66 3.72097e-67 4.7631e-68 6.08085e-69 7.743e-70 9.83451e-71 1.24601e-71 1.57486e-72 1.98582e-73 2.49826e-74 3.13588e-75 3.92761e-76 4.9087e-77 6.122e-78 7.61956e-79 9.46447e-80 1.1733e-80 1.45175e-81 1.7929e-82 2.21015e-83 2.7196e-84 3.34058e-85 4.09627e-86 5.01441e-87 6.12814e-88 7.47707e-89 9.10836e-90 1.10782e-90 1.34534e-91 1.63132e-92 1.97516e-93 2.38802e-94 2.88305e-95 3.47584e-96 4.18476e-97 5.03146e-98 6.04146e-99 7.24475e-100 8.67657e-101 1.03783e-101
1.40002e-20 1.47829e-20 8.93299e-21 4.02928e-21 1.50315e-21 4.89168e-22 1.43393e-22 3.86728e-23 9.73957e-24 2.31565e-24 5.24097e-25 1.13652e-25 2.3737e-26 4.79506e-27 9.40168e-28 1.79447e-28 3.34247e-29 6.08875e-30 1.08673e-30 1.90348e-31 3.27658e-32 5.54987e-33 9.26014e-34 1.52354e-34 2.4739e-35 3.96779e-36 6.29026e-37 9.86349e-38 1.53072e-38 2.35235e-39 3.58155e-40 5.40509e-41 8.08882e-42 1.20085e-42 1.76919e-43 2.58756e-44 3.75816e-45 5.42195e-46 7.77237e-47 1.10734e-47 1.56835e-48 2.2087e-49 3.09357e-50 4.31019e-51 5.9749e-52 8.24213e-53 1.13161e-53 1.54659e-54 2.10444e-55 2.85131e-56 3.84734e-57 5.1706e-58 6.9221e-59 9.23216e-60 1.22684e-60 1.62455e-61 2.14382e-62 2.81965e-63 3.69652e-64 4.83083e-65 6.29387e-66 8.17556e-67 1.0589e-67 1.36761e-68 1.76145e-69 2.26262e-70 2.89876e-71 3.70428e-72 4.72183e-73 6.00425e-74 7.61683e-75 9.64007e-76 1.21731e-76 1.53376e-77 1.92828e-78 2.41915e-79 3.02869e-80 3.78413e-81 4.7186e-82 5.8724e-83 7.29444e-84 9.04394e-85 1.11926e-85 1.38269e-86 1.70513e-87 2.09915e-88 2.57987e-89 3.16544e-90 3.87762e-91 4.74248e-92 5.79118e-93 7.06096e-94 8.5962e-95 1.04498e-95 1.26847e-96 1.53756e-97 1.86113e-98 2.24969e-99 2.71571e-100 3.27391e-101 3.9417e-102
1.43975e-21 1.58885e-21 9.98148e-22 4.66314e-22 1.79669e-22 6.02512e-23 1.81663e-23 5.03144e-24 1.29955e-24 3.16506e-25 7.33043e-26 1.62519e-26 3.46738e-27 7.14983e-28 1.43e-28 2.78242e-29 5.28033e-30 9.79484e-31 1.77931e-31 3.17057e-32 5.54987e-33 9.55526e-34 1.61998e-34 2.70721e-35 4.46352e-36 7.26661e-37 1.16899e-37 1.85952e-38 2.92669e-39 4.56016e-40 7.03778e-41 1.07634e-41 1.63198e-42 2.45418e-43 3.66173e-44 5.42261e-45 7.97284e-46 1.16421e-46 1.68885e-47 2.43445e-48 3.48796e-49 4.96828e-50 7.03717e-51 9.91376e-52 1.38935e-52 1.9373e-53 2.68825e-54 3.71282e-55 5.10464e-56 6.98745e-57 9.52412e-58 1.29283e-58 1.74794e-59 2.35412e-60 3.15865e-61 4.2227e-62 5.62525e-63 7.46792e-64 9.88109e-65 1.30316e-65 1.71324e-66 2.24543e-67 2.93413e-68 3.82288e-69 4.96668e-70 6.43481e-71 8.31439e-72 1.07147e-72 1.37724e-73 1.76582e-74 2.25848e-75 2.88167e-76 3.66822e-77 4.65877e-78 5.90356e-79 7.46458e-80 9.41817e-81 1.18581e-81 1.48996e-82 1.86837e-83 2.33827e-84 2.92072e-85 3.64137e-86 4.53145e-87 5.62888e-88 6.97966e-89 8.63953e-90 1.06759e-90 1.31701e-91 1.62203e-92 1.99447e-93 2.44855e-94 3.00134e-95 3.6733e-96 4.48897e-97 5.47768e-98 6.6745e-99 8.12123e-100 9.86776e-101 1.19734e-101 1.45088e-102
1.48061e-22 1.7045e-22 1.11159e-22 5.37215e-23 2.1355e-23 7.37257e-24 2.28443e-24 6.49253e-25 1.71857e-25 4.28471e-26 1.01486e-26 2.29896e-27 5.00767e-28 1.05347e-28 2.14819e-29 4.259e-30 8.23099e-31 1.55408e-31 2.87212e-32 5.2044e-33 9.26014e-34 1.61998e-34 2.78963e-35 4.73348e-36 7.92163e-37 1.30862e-37 2.13553e-38 3.44502e-39 5.49723e-40 8.68188e-41 1.35778e-41 2.1038e-42 3.23097e-43 4.92032e-44 7.43283e-45 1.11422e-45 1.65801e-46 2.44985e-47 3.59545e-48 5.24258e-49 7.59673e-50 1.09421e-50 1.567e-51 2.23161e-52 3.1611e-53 4.45462e-54 6.24615e-55 8.71598e-56 1.21058e-56 1.67381e-57 2.30421e-58 3.15862e-59 4.31211e-60 5.86344e-61 7.94214e-62 1.07175e-62 1.44101e-63 1.93065e-64 2.57778e-65 3.43032e-66 4.54997e-67 6.01596e-68 7.92978e-69 1.0421e-69 1.36549e-70 1.78412e-71 2.3246e-72 3.02059e-73 3.91457e-74 5.05999e-75 6.52404e-76 8.39092e-77 1.0766e-77 1.37807e-78 1.7599e-79 2.24245e-80 2.85101e-81 3.6169e-82 4.57882e-83 5.78459e-84 7.29305e-85 9.17663e-86 1.15242e-86 1.44448e-87 1.80717e-88 2.25678e-89 2.8132e-90 3.50061e-91 4.34847e-92 5.39252e-93 6.67611e-94 8.25172e-95 1.01828e-95 1.25461e-96 1.54338e-97 1.89574e-98 2.32507e-99 2.84743e-100 3.48213e-101 4.25226e-102 5.18548e-103
1.52262e-23 1.82542e-23 1.23413e-23 6.16291e-24 2.525e-24 8.96654e-25 2.85296e-25 8.31426e-26 2.2539e-26 5.74887e-27 1.3917e-27 3.21945e-28 7.15592e-29 1.53508e-29 3.18994e-30 6.44122e-31 1.26716e-31 2.43418e-32 4.57493e-33 8.4269e-34 1.52354e-34 2.70721e-35 4.73348e-36 8.15248e-37 1.3844e-37 2.31988e-38 3.8392e-39 6.279e-40 1.01553e-40 1.62521e-41 2.57494e-42 4.04097e-43 6.28438e-44 9.68907e-45 1.48155e-45 2.24761e-46 3.38413e-47 5.05861e-48 7.50933e-49 1.10733e-49 1.62247e-50 2.36266e-51 3.4202e-52 4.92292e-53 7.04698e-54 1.0034e-54 1.42142e-55 2.00361e-56 2.81077e-57 3.92483e-58 5.45591e-59 7.55134e-60 1.04076e-60 1.42856e-61 1.9531e-62 2.65996e-63 3.60913e-64 4.8792e-65 6.57294e-66 8.82422e-67 1.1807e-67 1.57466e-68 2.09342e-69 2.77448e-70 3.66605e-71 4.82991e-72 6.34504e-73 8.31219e-74 1.08595e-74 1.41497e-75 1.83889e-76 2.38373e-77 3.08234e-78 3.97601e-79 5.11662e-80 6.56915e-81 8.41488e-82 1.07552e-82 1.37166e-83 1.74561e-84 2.21687e-85 2.8096e-86 3.55367e-87 4.48598e-88 5.65199e-89 7.10762e-90 8.92161e-91 1.11782e-91 1.39807e-92 1.74552e-93 2.17558e-94 2.70703e-95 3.36274e-96 4.1705e-97 5.16403e-98 6.38423e-99 7.8806e-100 9.71298e-101 1.19536e-101 1.46896e-102 1.8026e-103
1.56583e-24 1.95184e-24 1.36628e-24 7.04247e-25 2.97114e-25 1.08435e-25 3.54018e-26 1.05718e-26 2.9332e-27 7.64935e-28 1.89158e-28 4.46628e-29 1.0125e-29 2.21377e-30 4.68589e-31 9.63256e-32 1.92816e-32 3.76702e-33 7.19727e-34 1.34713e-34 2.4739e-35 4.46352e-36 7.92163e-37 1.3844e-37 2.38471e-38 4.05245e-39 6.79904e-40 1.12704e-40 1.84704e-41 2.99446e-42 4.80514e-43 7.63584e-44 1.2022e-44 1.87607e-45 2.90304e-46 4.45603e-47 6.78712e-48 1.02614e-48 1.54042e-49 2.29673e-50 3.402e-51 5.00749e-52 7.32603e-53 1.06556e-53 1.54111e-54 2.2168e-55 3.17203e-56 4.51585e-57 6.39747e-58 9.0201e-59 1.26594e-59 1.76881e-60 2.46075e-61 3.40904e-62 4.70359e-63 6.46412e-64 8.84956e-65 1.20702e-65 1.64032e-66 2.22131e-67 2.99777e-68 4.03213e-69 5.40575e-70 7.22434e-71 9.6249e-72 1.27845e-72 1.69314e-73 2.23591e-74 2.94441e-75 3.8668e-76 5.0646e-77 6.61612e-78 8.62089e-79 1.12051e-79 1.45285e-80 1.87927e-81 2.42516e-82 3.12248e-83 4.0113e-84 5.14185e-85 6.5769e-86 8.39478e-87 1.06931e-87 1.35931e-88 1.72454e-89 2.18365e-90 2.75974e-91 3.48129e-92 4.38345e-93 5.50949e-94 6.91256e-95 8.65792e-96 1.08255e-96 1.35132e-97 1.68405e-98 2.09531e-99 2.60289e-100 3.22838e-101 3.99807e-102 4.9438e-103 6.10419e-104
1.61026e-25 2.08396e-25 1.50859e-25 8.01834e-26 3.48038e-26 1.30442e-26 4.36671e-27 1.33533e-27 3.78971e-28 1.00991e-28 2.54972e-29 6.14161e-30 1.41935e-30 3.16162e-31 6.81388e-32 1.42539e-32 2.90207e-33 5.7641e-34 1.11914e-34 2.1278e-35 3.96779e-36 7.26661e-37 1.30862e-37 2.31988e-38 4.05245e-39 6.98155e-40 1.18719e-40 1.99405e-41 3.31049e-42 5.43567e-43 8.83204e-44 1.42083e-44 2.26412e-45 3.57543e-46 5.59764e-47 8.69148e-48 1.3389e-48 2.04698e-49 3.10687e-50 4.68274e-51 7.01077e-52 1.04287e-52 1.54167e-53 2.26546e-54 3.30989e-55 4.80894e-56 6.9494e-57 9.99046e-58 1.42902e-58 2.03412e-59 2.88182e-60 4.06417e-61 5.70627e-62 7.9775e-63 1.11063e-63 1.53997e-64 2.1269e-65 2.92631e-66 4.01123e-67 5.47851e-68 7.45622e-69 1.01131e-69 1.3671e-70 1.84205e-71 2.47414e-72 3.31286e-73 4.42253e-74 5.88653e-75 7.81265e-76 1.03399e-76 1.36472e-77 1.79642e-78 2.35848e-79 3.08848e-80 4.03431e-81 5.25689e-82 6.83355e-83 8.86226e-84 1.14669e-84 1.48036e-85 1.90692e-86 2.45109e-87 3.14389e-88 4.02415e-89 5.1404e-90 6.55321e-91 8.33799e-92 1.05885e-92 1.34212e-93 1.69803e-94 2.14442e-95 2.70334e-96 3.40198e-97 4.27384e-98 5.36007e-99 6.71125e-100 8.38935e-101 1.04703e-101 1.30468e-102 1.62322e-103 2.01646e-104
1.65596e-26 2.22201e-26 1.66164e-26 9.09854e-27 4.05977e-27 1.56142e-27 5.35609e-28 1.67622e-28 4.86323e-29 1.32362e-29 3.41013e-30 8.37582e-31 1.97244e-31 4.47427e-32 9.81425e-33 2.08842e-33 4.32319e-34 8.7266e-35 1.7212e-35 3.32312e-36 6.29026e-37 1.16899e-37 2.13553e-38 3.8392e-39 6.79904e-40 1.18719e-40 2.04555e-41 3.4805e-42 5.85207e-43 9.72934e-44 1.60033e-44 2.60567e-45 4.20166e-46 6.71289e-47 1.06308e-47 1.66939e-48 2.60042e-49 4.01944e-50 6.16687e-51 9.39434e-52 1.42132e-52 2.13624e-53 3.19046e-54 4.73584e-55 6.98838e-56 1.02537e-56 1.49622e-57 2.17169e-58 3.13593e-59 4.50579e-60 6.44288e-61 9.16976e-62 1.29917e-62 1.8326e-63 2.57402e-64 3.60045e-65 5.01594e-66 6.9606e-67 9.62249e-68 1.32531e-68 1.8188e-69 2.48727e-70 3.38983e-71 4.60451e-72 6.23415e-73 8.41385e-74 1.13206e-74 1.51856e-75 2.03102e-76 2.70862e-77 3.60214e-78 4.77727e-79 6.31877e-80 8.33576e-81 1.09684e-81 1.43962e-82 1.88489e-83 2.46195e-84 3.2081e-85 4.17075e-86 5.41003e-87 7.00202e-88 9.04282e-89 1.16536e-89 1.49869e-90 1.92341e-91 2.46356e-92 3.14918e-93 4.01785e-94 5.11641e-95 6.50324e-96 8.25087e-97 1.04494e-97 1.32104e-98 1.6672e-99 2.10049e-100 2.64198e-101 3.31759e-102 4.15924e-103 5.20614e-104 6.50637e-105
1.70295e-27 2.36621e-27 1.82603e-27 1.02916e-27 4.71699e-28 1.86042e-28 6.53518e-29 2.09189e-29 6.20123e-30 1.72291e-30 4.52754e-31 1.13343e-31 2.71867e-32 6.27769e-33 1.40094e-33 3.03142e-34 6.37813e-35 1.30799e-35 2.61992e-36 5.13489e-37 9.86349e-38 1.85952e-38 3.44502e-39 6.279e-40 1.12704e-40 1.99405e-41 3.4805e-42 5.99767e-43 1.02108e-43 1.71849e-44 2.86086e-45 4.71346e-46 7.68938e-47 1.24265e-47 1.9902e-48 3.16014e-49 4.97664e-50 7.77562e-51 1.20571e-51 1.85604e-52 2.83723e-53 4.30801e-54 6.49892e-55 9.74298e-56 1.45185e-56 2.15093e-57 3.16874e-58 4.64288e-59 6.7671e-60 9.81314e-61 1.41603e-61 2.03357e-62 2.90693e-63 4.13674e-64 5.86119e-65 8.26937e-66 1.1619e-66 1.62603e-67 2.26671e-68 3.14788e-69 4.35549e-70 6.00477e-71 8.24966e-72 1.12952e-72 1.54137e-73 2.09658e-74 2.84277e-75 3.84265e-76 5.17856e-77 6.95839e-78 9.32305e-79 1.24562e-79 1.65967e-80 2.2054e-81 2.92289e-82 3.86384e-83 5.09488e-84 6.70158e-85 8.79373e-86 1.15118e-86 1.50351e-87 1.95922e-88 2.5474e-89 3.30493e-90 4.27858e-91 5.52748e-92 7.12626e-93 9.16895e-94 1.17738e-94 1.50894e-95 1.93018e-96 2.46439e-97 3.14067e-98 3.99532e-99 5.07351e-100 6.43144e-101 8.13886e-102 1.02822e-102 1.29685e-103 1.633e-104 2.05299e-105
1.75127e-28 2.51681e-28 2.00238e-28 1.16066e-28 5.46039e-29 2.20706e-29 7.93452e-30 2.59635e-30 7.86007e-31 2.22819e-31 5.96969e-32 1.52256e-32 3.71836e-33 8.73686e-34 1.98291e-34 4.36159e-35 9.32414e-36 1.94202e-36 3.94911e-37 7.85497e-38 1.53072e-38 2.92669e-39 5.49723e-40 1.01553e-40 1.84704e-41 3.31049e-42 5.85207e-43 1.02108e-43 1.75974e-44 2.99747e-45 5.04933e-46 8.41628e-47 1.38878e-47 2.26973e-48 3.67561e-49 5.90028e-50 9.39218e-51 1.48307e-51 2.32381e-52 3.61422e-53 5.58122e-54 8.55971e-55 1.30412e-55 1.97425e-56 2.97041e-57 4.44274e-58 6.60682e-59 9.77065e-60 1.43722e-60 2.10313e-61 3.06212e-62 4.43669e-63 6.39796e-64 9.18395e-65 1.31245e-65 1.86747e-66 2.64605e-67 3.73392e-68 5.24814e-69 7.3479e-70 1.02491e-70 1.42433e-71 1.97235e-72 2.72172e-73 3.74306e-74 5.13062e-75 7.00984e-76 9.54717e-77 1.29629e-77 1.75477e-78 2.36844e-79 3.18753e-80 4.27785e-81 5.72536e-82 7.64209e-83 1.01737e-83 1.35091e-84 1.78928e-85 2.36407e-86 3.11595e-87 4.09725e-88 5.37509e-89 7.03544e-90 9.18815e-91 1.19733e-91 1.55693e-92 2.02027e-93 2.6161e-94 3.38079e-95 4.36032e-96 5.61267e-97 7.21089e-98 9.24676e-99 1.18355e-99 1.51215e-100 1.92853e-101 2.45525e-102 3.12044e-103 3.95912e-104 5.01485e-105 6.34167e-106
1.80097e-29 2.67405e-29 2.19137e-29 1.30531e-29 6.29902e-30 2.60758e-30 9.58875e-31 3.20582e-31 9.90648e-32 2.86412e-32 7.81998e-33 2.03117e-33 5.04863e-34 1.20665e-34 2.78426e-35 6.22331e-36 1.35134e-36 2.85767e-37 5.89784e-38 1.19019e-38 2.35235e-39 4.56016e-40 8.68188e-41 1.62521e-41 2.99446e-42 5.43567e-43 9.72934e-44 1.71849e-44 2.99747e-45 5.1664e-46 8.80455e-47 1.4844e-47 2.47708e-48 4.09338e-49 6.70137e-50 1.08733e-50 1.74922e-51 2.791e-52 4.41831e-53 6.9417e-54 1.08272e-54 1.67697e-55 2.57991e-56 3.94331e-57 5.98952e-58 9.04258e-59 1.35722e-59 2.02559e-60 3.00659e-61 4.43909e-62 6.52054e-63 9.5304e-64 1.38625e-64 2.00696e-65 2.89241e-66 4.15013e-67 5.92924e-68 8.43574e-69 1.19532e-69 1.68704e-70 2.37191e-71 3.32233e-72 4.63662e-73 6.44784e-74 8.9355e-75 1.23411e-75 1.69884e-76 2.33105e-77 3.18846e-78 4.34786e-79 5.91105e-80 8.01268e-81 1.08304e-81 1.45978e-82 1.96219e-83 2.63042e-84 3.51695e-85 4.69016e-86 6.23898e-87 8.27878e-88 1.09589e-88 1.44723e-89 1.90677e-90 2.5065e-91 3.28751e-92 4.30242e-93 5.61855e-94 7.32182e-95 9.52167e-96 1.23573e-96 1.60054e-97 2.06899e-98 2.6694e-99 3.43753e-100 4.41846e-101 5.66896e-102 7.2603e-103 9.28195e-104 1.1846e-104 1.50925e-105 1.91964e-106
1.85207e-30 2.83819e-30 2.39367e-30 1.46415e-30 7.24269e-31 3.06893e-31 1.15371e-31 3.93907e-32 1.24191e-32 3.66036e-33 1.01807e-33 2.69199e-34 6.80758e-35 1.65446e-35 3.87989e-36 8.80983e-37 1.9425e-37 4.1695e-38 8.73127e-39 1.78717e-39 3.58155e-40 7.03778e-41 1.35778e-41 2.57494e-42 4.80514e-43 8.83204e-44 1.60033e-44 2.86086e-45 5.04933e-46 8.80455e-47 1.51768e-47 2.58761e-48 4.36602e-49 7.29369e-50 1.20692e-50 1.97905e-51 3.217e-52 5.18581e-53 8.29275e-54 1.31594e-54 2.07278e-55 3.24171e-56 5.03514e-57 7.76912e-58 1.19112e-58 1.81493e-59 2.749e-60 4.13985e-61 6.19971e-62 9.23444e-63 1.36829e-63 2.01716e-64 2.95914e-65 4.32032e-66 6.27845e-67 9.08306e-68 1.30831e-68 1.87646e-69 2.68022e-70 3.81284e-71 5.40286e-72 7.62672e-73 1.07259e-73 1.50298e-74 2.09862e-75 2.92021e-76 4.04976e-77 5.59778e-78 7.7127e-79 1.05933e-79 1.45053e-80 1.98024e-81 2.69549e-82 3.65856e-83 4.95181e-84 6.68385e-85 8.99749e-86 1.20802e-86 1.61773e-87 2.16095e-88 2.87943e-89 3.82752e-90 5.07571e-91 6.71527e-92 8.86418e-93 1.16746e-93 1.53422e-94 2.01186e-95 2.63262e-96 3.43777e-97 4.48e-98 5.82652e-99 7.56285e-100 9.79765e-101 1.26687e-101 1.63505e-102 2.10637e-103 2.70865e-104 3.47697e-105 4.45545e-106 5.6995e-107
1.90463e-31 3.00949e-31 2.61002e-31 1.63827e-31 8.30207e-32 3.59876e-32 1.38237e-32 4.81772e-33 1.54905e-33 4.65245e-34 1.31768e-34 3.54569e-35 9.11936e-36 2.25289e-36 5.3679e-37 1.23782e-37 2.77061e-38 6.03467e-39 1.28188e-39 2.66063e-40 5.40509e-41 1.07634e-41 2.1038e-42 4.04097e-43 7.63584e-44 1.42083e-44 2.60567e-45 4.71346e-46 8.41628e-47 1.4844e-47 2.58761e-48 4.46079e-49 7.60881e-50 1.28477e-50 2.14847e-51 3.55972e-52 5.84591e-53 9.51911e-54 1.53743e-54 2.46372e-55 3.91844e-56 6.18702e-57 9.70093e-58 1.51083e-58 2.33773e-59 3.59454e-60 5.49357e-61 8.34673e-62 1.26098e-62 1.89458e-63 2.8314e-64 4.20964e-65 6.22746e-66 9.16777e-67 1.34327e-67 1.95917e-68 2.84473e-69 4.1127e-70 5.92078e-71 8.48881e-72 1.21221e-72 1.72431e-73 2.44345e-74 3.44972e-75 4.85283e-76 6.80265e-77 9.50314e-78 1.32312e-78 1.83615e-79 2.53995e-80 3.50254e-81 4.81519e-82 6.60001e-83 9.01998e-84 1.2292e-84 1.67042e-85 2.26379e-86 3.05972e-87 4.12463e-88 5.54588e-89 7.43805e-90 9.95117e-91 1.32812e-91 1.76834e-92 2.349e-93 3.1132e-94 4.11676e-95 5.43186e-96 7.15159e-97 9.39584e-98 1.23187e-98 1.61177e-99 2.10459e-100 2.74269e-101 3.56732e-102 4.63105e-103 6.00071e-104 7.76114e-105 1.00198e-105 1.29129e-106 1.66121e-107
1.95868e-32 3.18823e-32 2.84117e-32 1.82882e-32 9.48864e-33 4.20553e-33 1.64985e-33 5.8666e-34 1.92291e-34 5.88286e-35 1.69603e-35 4.64267e-36 1.21404e-36 3.04778e-37 7.37597e-38 1.72684e-38 3.92261e-39 8.66751e-40 1.86713e-40 3.92878e-41 8.08882e-42 1.63198e-42 3.23097e-43 6.28438e-44 1.2022e-44 2.26412e-45 4.20166e-46 7.68938e-47 1.38878e-47 2.47708e-48 4.36602e-49 7.60881e-50 1.31179e-50 2.23844e-51 3.78229e-52 6.3311e-53 1.05024e-53 1.72721e-54 2.81707e-55 4.55815e-56 7.31896e-57 1.16655e-57 1.84616e-58 2.90173e-59 4.53074e-60 7.02918e-61 1.08382e-61 1.66117e-62 2.5314e-63 3.83596e-64 5.78139e-65 8.66771e-66 1.29289e-66 1.91896e-67 2.83453e-68 4.16742e-69 6.0993e-70 8.8874e-71 1.28944e-71 1.863e-72 2.68073e-73 3.8421e-74 5.48537e-75 7.80197e-76 1.10562e-76 1.56116e-77 2.19669e-78 3.08039e-79 4.30518e-80 5.99735e-81 8.32804e-82 1.15285e-82 1.59103e-83 2.18922e-84 3.00354e-85 4.10902e-86 5.60568e-87 7.62659e-88 1.03483e-88 1.40045e-89 1.89037e-90 2.54526e-91 3.41855e-92 4.58037e-93 6.12247e-94 8.16468e-95 1.08632e-95 1.44212e-96 1.91024e-97 2.52484e-98 3.33009e-99 4.383e-100 5.75701e-101 7.54653e-102 9.87275e-103 1.28909e-103 1.67996e-104 2.18522e-105 2.83721e-106 3.67702e-107 4.7569e-108
