0.60296 0.0203166 0.0155401 0.0118866 0.00909205 0.00695449 0.00531948 0.00406886 0.00311226 0.00238056 0.00182089 0.00139279 0.00106534 0.00081488 0.0006233 0.000476761 0.000364673 0.000278938 0.000213359 0.000163198 0.00012483 9.5482e-05 7.3034e-05 5.58635e-05 4.27299e-05 3.2684e-05 2.49999e-05 1.91224e-05 1.46267e-05 1.11879e-05 8.55762e-06 6.54571e-06 5.0068e-06 3.82969e-06 2.92932e-06 2.24063e-06 1.71385e-06 1.31092e-06 1.00272e-06 7.66981e-07 5.86662e-07 4.48737e-07 3.43238e-07 2.62542e-07 2.00818e-07 1.53605e-07 1.17492e-07 8.98696e-08 6.8741e-08 5.25799e-08 4.02182e-08 3.07629e-08 2.35304e-08 1.79984e-08 1.37669e-08 1.05303e-08 8.0546e-09 6.16095e-09 4.7125e-09 3.60458e-09 2.75714e-09 2.10893e-09 1.61311e-09 1.23387e-09 9.43783e-10 7.21898e-10 5.52178e-10 4.2236e-10 3.23062e-10 2.4711e-10 1.89014e-10 1.44576e-10 1.10586e-10 8.4587e-11 6.47004e-11 4.94892e-11 3.78542e-11 2.89546e-11 2.21473e-11 1.69404e-11 1.29577e-11 9.91132e-12 7.58115e-12 5.79881e-12 4.4355e-12 3.3927e-12 2.59507e-12 1.98496e-12 1.5183e-12 1.16134e-12 8.88307e-13 6.79464e-13 5.19721e-13 3.97533e-13 3.04073e-13 2.32584e-13 1.77903e-13 1.36078e-13 1.04086e-13 7.9615e-14 6.08973e-14
0.0203166 0.00625742 0.00510023 0.00414129 0.00335134 0.00270393 0.00217569 0.00174638 0.00139868 0.00111794 0.000891893 0.000710344 0.000564863 0.000448524 0.000355667 0.000281681 0.000222824 0.000176073 0.000138988 0.000109609 8.63611e-05 6.79864e-05 5.34781e-05 4.20338e-05 3.30148e-05 2.59132e-05 2.0326e-05 1.59336e-05 1.24831e-05 9.77431e-06 7.64923e-06 5.98312e-06 4.67762e-06 3.65527e-06 2.85509e-06 2.22911e-06 1.73967e-06 1.35715e-06 1.05834e-06 8.25016e-07 6.42905e-07 5.00822e-07 3.90012e-07 3.03623e-07 2.36298e-07 1.83847e-07 1.42998e-07 1.11194e-07 8.64408e-08 6.71806e-08 5.21988e-08 4.05482e-08 3.14906e-08 2.44507e-08 1.89804e-08 1.47308e-08 1.14303e-08 8.86746e-09 6.87791e-09 5.33372e-09 4.13545e-09 3.2058e-09 2.4847e-09 1.92547e-09 1.49185e-09 1.1557e-09 8.95146e-10 6.93228e-10 5.36775e-10 4.1557e-10 3.21687e-10 2.48979e-10 1.92677e-10 1.49087e-10 1.15344e-10 8.92259e-11 6.90134e-11 5.33732e-11 4.12724e-11 3.19114e-11 2.46708e-11 1.90708e-11 1.47404e-11 1.13921e-11 8.80336e-12 6.80221e-12 5.25542e-12 4.05996e-12 3.13613e-12 2.42228e-12 1.87074e-12 1.44465e-12 1.11551e-12 8.61284e-13 6.64937e-13 5.13308e-13 3.96222e-13 3.05818e-13 2.36023e-13 1.82142e-13 1.4055e-13
0.0155401 0.00510023 0.00423798 0.00350411 0.00288477 0.00236581 0.00193358 0.00157549 0.00128016 0.00103759 0.000839064 0.000677103 0.000545353 0.00043846 0.000351939 0.000282061 0.000225735 0.000180418 0.000144019 0.000114829 9.14553e-05 7.27639e-05 5.78361e-05 4.59283e-05 3.64402e-05 2.88883e-05 2.28833e-05 1.8113e-05 1.43268e-05 1.13243e-05 8.94522e-06 7.06153e-06 5.57117e-06 4.39283e-06 3.46182e-06 2.72668e-06 2.14656e-06 1.68904e-06 1.32841e-06 1.0443e-06 8.20598e-07 6.44542e-07 5.06052e-07 3.97161e-07 3.11583e-07 2.44354e-07 1.91562e-07 1.50124e-07 1.1761e-07 9.21078e-08 7.21126e-08 5.64407e-08 4.41616e-08 3.45438e-08 2.70131e-08 2.11182e-08 1.65054e-08 1.28968e-08 1.00746e-08 7.86798e-09 6.14323e-09 4.79543e-09 3.74248e-09 2.92008e-09 2.2779e-09 1.77657e-09 1.38528e-09 1.07996e-09 8.41762e-10 6.55975e-10 5.11096e-10 3.98141e-10 3.10094e-10 2.41474e-10 1.88007e-10 1.46353e-10 1.13909e-10 8.86425e-11 6.89695e-11 5.36541e-11 4.17333e-11 3.24561e-11 2.52374e-11 1.96214e-11 1.5253e-11 1.18554e-11 9.2134e-12 7.15919e-12 5.56225e-12 4.32096e-12 3.35625e-12 2.60659e-12 2.02413e-12 1.57164e-12 1.22015e-12 9.47158e-13 7.3516e-13 5.70548e-13 4.42745e-13 3.43532e-13 2.66522e-13
0.0118866 0.00414129 0.00350411 0.00294655 0.00246437 0.00205138 0.00170048 0.00140438 0.00115598 0.000948658 0.000776395 0.000633833 0.000516268 0.000419627 0.000340416 0.00027566 0.00022285 0.000179876 0.000144978 0.00011669 9.38016e-05 7.53111e-05 6.03965e-05 4.83832e-05 3.87198e-05 3.09563e-05 2.47266e-05 1.97332e-05 1.5735e-05 1.25368e-05 9.98104e-06 7.94048e-06 6.31267e-06 5.01519e-06 3.98181e-06 3.1594e-06 2.50536e-06 1.98557e-06 1.57275e-06 1.24509e-06 9.85193e-07 7.79155e-07 6.1591e-07 4.86641e-07 3.8433e-07 3.03396e-07 2.39405e-07 1.88833e-07 1.48884e-07 1.17342e-07 9.24472e-08 7.28075e-08 5.73198e-08 4.51112e-08 3.54909e-08 2.79132e-08 2.19464e-08 1.72497e-08 1.35541e-08 1.0647e-08 8.36111e-09 6.56413e-09 5.15195e-09 4.04249e-09 3.17113e-09 2.48696e-09 1.94991e-09 1.52846e-09 1.19781e-09 9.38478e-10 7.35122e-10 5.75702e-10 4.50755e-10 3.52851e-10 2.76153e-10 2.16082e-10 1.69044e-10 1.3222e-10 1.03397e-10 8.0842e-11 6.31953e-11 4.93916e-11 3.8596e-11 3.01548e-11 2.35556e-11 1.83975e-11 1.43665e-11 1.12168e-11 8.75628e-12 6.83441e-12 5.33352e-12 4.1616e-12 3.2467e-12 2.53255e-12 1.9752e-12 1.54029e-12 1.20097e-12 9.36273e-13 7.29814e-13 5.68806e-13 4.43259e-13
0.00909205 0.00335134 0.00288477 0.00246437 0.00209158 0.00176519 0.00148239 0.00123946 0.00103231 0.000856773 0.000708836 0.000584757 0.00048113 0.000394913 0.000323425 0.000264332 0.000215624 0.000175579 0.000142732 0.00011585 9.38934e-05 7.59933e-05 6.14258e-05 4.95899e-05 3.9988e-05 3.22097e-05 2.59172e-05 2.08332e-05 1.67306e-05 1.34237e-05 1.07611e-05 8.6194e-06 6.89848e-06 5.51694e-06 4.40884e-06 3.52083e-06 2.80977e-06 2.24085e-06 1.786e-06 1.42262e-06 1.1325e-06 9.0104e-07 7.16493e-07 5.69442e-07 4.5234e-07 3.5914e-07 2.85006e-07 2.2607e-07 1.79239e-07 1.42047e-07 1.12524e-07 8.91006e-08 7.05244e-08 5.57991e-08 4.41315e-08 3.48906e-08 2.75746e-08 2.1785e-08 1.72051e-08 1.35834e-08 1.07206e-08 8.45843e-09 6.67151e-09 5.26049e-09 4.14666e-09 3.26771e-09 2.57433e-09 2.02752e-09 1.59641e-09 1.25664e-09 9.88921e-10 7.7804e-10 6.11973e-10 4.81234e-10 3.78334e-10 2.97367e-10 2.33673e-10 1.8358e-10 1.44194e-10 1.13233e-10 8.89004e-11 6.97822e-11 5.4764e-11 4.29693e-11 3.37081e-11 2.64378e-11 2.07316e-11 1.62539e-11 1.27409e-11 9.98542e-12 7.82444e-12 6.13004e-12 4.80173e-12 3.7606e-12 2.94472e-12 2.30547e-12 1.8047e-12 1.41247e-12 1.10531e-12 8.64814e-13 6.76541e-13
0.00695449 0.00270393 0.00236581 0.00205138 0.00176519 0.00150899 0.00128262 0.00108474 0.000913309 0.000765911 0.000639998 0.000533048 0.000442656 0.000366595 0.000302846 0.000249605 0.000205285 0.000168499 0.000138048 0.000112903 9.21881e-05 7.51584e-05 6.11859e-05 4.9743e-05 4.03879e-05 3.27519e-05 2.65287e-05 2.14642e-05 1.73482e-05 1.40073e-05 1.12989e-05 9.1058e-06 7.33189e-06 5.89855e-06 4.74157e-06 3.80854e-06 3.05681e-06 2.45168e-06 1.96497e-06 1.57382e-06 1.25971e-06 1.00766e-06 8.05557e-07 6.43608e-07 5.13924e-07 4.10145e-07 3.27148e-07 2.60811e-07 2.0782e-07 1.65515e-07 1.3176e-07 1.0484e-07 8.33825e-08 6.62878e-08 5.26754e-08 4.1841e-08 3.32217e-08 2.63675e-08 2.09195e-08 1.65909e-08 1.31532e-08 1.0424e-08 8.2583e-09 6.54029e-09 5.17796e-09 4.09807e-09 3.24237e-09 2.56454e-09 2.0278e-09 1.60292e-09 1.26669e-09 1.0007e-09 7.90349e-10 6.24041e-10 4.92596e-10 3.88735e-10 3.06694e-10 2.41906e-10 1.90756e-10 1.50385e-10 1.1853e-10 9.34005e-11 7.35817e-11 5.79551e-11 4.5637e-11 3.59291e-11 2.82803e-11 2.2255e-11 1.75099e-11 1.37736e-11 1.08325e-11 8.51766e-12 6.6962e-12 5.26324e-12 4.13616e-12 3.24982e-12 2.55296e-12 2.00516e-12 1.57463e-12 1.23632e-12 9.70533e-13
0.00531948 0.00217569 0.00193358 0.00170048 0.00148239 0.00128262 0.0011026 0.000942489 0.000801611 0.000678758 0.000572439 0.000481031 0.000402893 0.000336436 0.000280167 0.000232716 0.000192847 0.000159458 0.000131582 0.000108372 8.90966e-05 7.31264e-05 5.99238e-05 4.90314e-05 4.00622e-05 3.26898e-05 2.66401e-05 2.16836e-05 1.7629e-05 1.43167e-05 1.16146e-05 9.41292e-06 7.62126e-06 6.16491e-06 4.98243e-06 4.02332e-06 3.24617e-06 2.61706e-06 2.10827e-06 1.69714e-06 1.36522e-06 1.09746e-06 8.81633e-07 7.07795e-07 5.67881e-07 4.5535e-07 3.64906e-07 2.9226e-07 2.33949e-07 1.87171e-07 1.49669e-07 1.19621e-07 9.55585e-08 7.62999e-08 6.08943e-08 4.85773e-08 3.87345e-08 3.08728e-08 2.45965e-08 1.9588e-08 1.55932e-08 1.24083e-08 9.87012e-09 7.84823e-09 6.23825e-09 4.95678e-09 3.93718e-09 3.12625e-09 2.48152e-09 1.96911e-09 1.56201e-09 1.23868e-09 9.81986e-10 7.78251e-10 6.16604e-10 4.88391e-10 3.86729e-10 3.06143e-10 2.42284e-10 1.91694e-10 1.51628e-10 1.19905e-10 9.47951e-11 7.4925e-11 5.92054e-11 4.67727e-11 3.6942e-11 2.91708e-11 2.30291e-11 1.81764e-11 1.43432e-11 1.13158e-11 8.92557e-12 7.03873e-12 5.54962e-12 4.37465e-12 3.44776e-12 2.71672e-12 2.14027e-12 1.68582e-12 1.32761e-12
0.00406886 0.00174638 0.00157549 0.00140438 0.00123946 0.00108474 0.000942489 0.000813759 0.000698736 0.000597032 0.000507894 0.000430356 0.000363347 0.000305768 0.000256541 0.000214644 0.00017913 0.000149137 0.000123891 0.000102706 8.49792e-05 7.01838e-05 5.7865e-05 4.76313e-05 3.91474e-05 3.2128e-05 2.6331e-05 2.15517e-05 1.76178e-05 1.43849e-05 1.17319e-05 9.55779e-06 7.77846e-06 6.32407e-06 5.13668e-06 4.16839e-06 3.37963e-06 2.73779e-06 2.21602e-06 1.79226e-06 1.44843e-06 1.1697e-06 9.43926e-07 7.61205e-07 6.13444e-07 4.94044e-07 3.97634e-07 3.19842e-07 2.57117e-07 2.06574e-07 1.65874e-07 1.33121e-07 1.06778e-07 8.56043e-08 6.85948e-08 5.49383e-08 4.39797e-08 3.51907e-08 2.81454e-08 2.25007e-08 1.79803e-08 1.4362e-08 1.14671e-08 9.1521e-09 7.30157e-09 5.82297e-09 4.64206e-09 3.69928e-09 2.94691e-09 2.34674e-09 1.86816e-09 1.48667e-09 1.1827e-09 9.4057e-10 7.47774e-10 5.94313e-10 4.72201e-10 3.75067e-10 2.97826e-10 2.36424e-10 1.87628e-10 1.48862e-10 1.18073e-10 9.36267e-11 7.42224e-11 5.88245e-11 4.66091e-11 3.69211e-11 2.92397e-11 2.31507e-11 1.83254e-11 1.45024e-11 1.14743e-11 9.07645e-12 7.17807e-12 5.6755e-12 4.48649e-12 3.54582e-12 2.80179e-12 2.21343e-12 1.74826e-12
0.00311226 0.00139868 0.00128016 0.00115598 0.00103231 0.000913309 0.000801611 0.000698736 0.000605392 0.00052172 0.000447471 0.000382143 0.000325086 0.000275571 0.00023284 0.00019615 0.000164786 0.000138084 0.000115433 9.62841e-05 8.01447e-05 6.65804e-05 5.52102e-05 4.57023e-05 3.77699e-05 3.11657e-05 2.56785e-05 2.11277e-05 1.73602e-05 1.42464e-05 1.16768e-05 9.55963e-06 7.8176e-06 6.38619e-06 5.21152e-06 4.24874e-06 3.46054e-06 2.816e-06 2.28949e-06 1.85984e-06 1.50959e-06 1.22433e-06 9.92216e-07 8.03513e-07 6.50232e-07 5.25827e-07 4.24938e-07 3.43182e-07 2.7698e-07 2.23412e-07 1.80096e-07 1.45094e-07 1.16829e-07 9.4018e-08 7.56206e-08 6.07915e-08 4.88455e-08 3.92276e-08 3.14883e-08 2.52639e-08 2.02607e-08 1.62409e-08 1.3013e-08 1.04222e-08 8.34367e-09 6.67694e-09 5.34102e-09 4.27071e-09 3.41358e-09 2.72745e-09 2.17842e-09 1.73929e-09 1.38819e-09 1.10758e-09 8.83393e-10 7.04349e-10 5.61411e-10 4.47336e-10 3.56329e-10 2.83749e-10 2.25884e-10 1.79766e-10 1.43022e-10 1.13756e-10 9.04532e-11 7.19039e-11 5.7143e-11 4.54001e-11 3.60609e-11 2.86355e-11 2.27332e-11 1.8043e-11 1.43169e-11 1.13576e-11 9.0078e-12 7.14248e-12 5.66212e-12 4.48755e-12 3.55585e-12 2.81696e-12 2.23112e-12
0.00238056 0.00111794 0.00103759 0.000948658 0.000856773 0.000765911 0.000678758 0.000597032 0.00052172 0.000453284 0.000391805 0.000337105 0.000288833 0.000246537 0.000209705 0.000177808 0.000150319 0.000126734 0.000106578 8.94165e-05 7.4852e-05 6.25296e-05 5.21336e-05 4.33859e-05 3.60431e-05 2.98936e-05 2.47544e-05 2.04682e-05 1.69002e-05 1.39353e-05 1.14757e-05 9.43856e-06 7.75388e-06 6.36268e-06 5.21541e-06 4.27054e-06 3.49333e-06 2.85481e-06 2.33083e-06 1.90131e-06 1.54959e-06 1.26188e-06 1.02675e-06 8.34784e-07 6.78192e-07 5.50568e-07 4.46643e-07 3.62084e-07 2.93337e-07 2.37487e-07 1.92149e-07 1.55371e-07 1.25557e-07 1.01405e-07 8.18524e-08 6.60333e-08 5.32427e-08 4.29071e-08 3.45602e-08 2.78231e-08 2.23884e-08 1.80067e-08 1.44758e-08 1.1632e-08 9.34271e-09 7.50071e-09 6.01931e-09 4.82849e-09 3.87167e-09 3.10322e-09 2.48632e-09 1.9913e-09 1.59423e-09 1.27588e-09 1.02072e-09 8.1631e-10 6.52607e-10 5.21555e-10 4.16682e-10 3.32787e-10 2.65698e-10 2.12068e-10 1.6921e-10 1.34972e-10 1.0763e-10 8.58015e-11 6.83803e-11 5.44808e-11 4.33945e-11 3.45547e-11 2.75082e-11 2.18928e-11 1.74192e-11 1.38561e-11 1.10191e-11 8.76076e-12 6.96355e-12 5.53369e-12 4.39639e-12 3.492e-12 2.77302e-12
0.00182089 0.000891893 0.000839064 0.000776395 0.000708836 0.000639998 0.000572439 0.000507894 0.000447471 0.000391805 0.000341184 0.000295643 0.000255044 0.000219134 0.000187587 0.000160038 0.000136109 0.000115424 9.76195e-05 8.23546e-05 6.93139e-05 5.82099e-05 4.87836e-05 4.08041e-05 3.40669e-05 2.83925e-05 2.36241e-05 1.96256e-05 1.62795e-05 1.34846e-05 1.11543e-05 9.21469e-06 7.60287e-06 6.26548e-06 5.15742e-06 4.24064e-06 3.48313e-06 2.85802e-06 2.34279e-06 1.91862e-06 1.56981e-06 1.28328e-06 1.04816e-06 8.55401e-07 6.97535e-07 5.68363e-07 4.62763e-07 3.76509e-07 3.06114e-07 2.4871e-07 2.01936e-07 1.63852e-07 1.32867e-07 1.07675e-07 8.72067e-08 7.05885e-08 5.71046e-08 4.61708e-08 3.73104e-08 3.01344e-08 2.43261e-08 1.96275e-08 1.58286e-08 1.27589e-08 1.02797e-08 8.27844e-09 6.6638e-09 5.36172e-09 4.31222e-09 3.46669e-09 2.7858e-09 2.23774e-09 1.79679e-09 1.44218e-09 1.15711e-09 9.28042e-10 7.44051e-10 5.96324e-10 4.7776e-10 3.82637e-10 3.06349e-10 2.4519e-10 1.96176e-10 1.5691e-10 1.25464e-10 1.00289e-10 8.01405e-11 6.4021e-11 5.11288e-11 4.08209e-11 3.25818e-11 2.59984e-11 2.07395e-11 1.65399e-11 1.31871e-11 1.05112e-11 8.37616e-12 6.67307e-12 5.31492e-12 4.23214e-12 3.36913e-12
0.00139279 0.000710344 0.000677103 0.000633833 0.000584757 0.000533048 0.000481031 0.000430356 0.000382143 0.000337105 0.000295643 0.000257929 0.000223969 0.000193652 0.000166786 0.000143135 0.000122433 0.000104406 8.87815e-05 7.5296e-05 6.37012e-05 5.37672e-05 4.52836e-05 3.80604e-05 3.19274e-05 2.67335e-05 2.23456e-05 1.8647e-05 1.55361e-05 1.29248e-05 1.0737e-05 8.90735e-06 7.37979e-06 6.10652e-06 5.04684e-06 4.16623e-06 3.43544e-06 2.82981e-06 2.32853e-06 1.91415e-06 1.572e-06 1.28981e-06 1.05732e-06 8.65992e-07 7.08688e-07 5.79486e-07 4.73465e-07 3.86546e-07 3.15349e-07 2.5708e-07 2.09431e-07 1.70497e-07 1.3871e-07 1.12776e-07 9.16329e-08 7.44085e-08 6.03857e-08 4.89772e-08 3.97015e-08 3.21648e-08 2.60447e-08 2.1078e-08 1.70497e-08 1.37843e-08 1.11388e-08 8.99671e-09 7.26316e-09 5.86094e-09 4.7273e-09 3.81125e-09 3.07139e-09 2.4741e-09 1.99215e-09 1.60342e-09 1.29004e-09 1.0375e-09 8.34075e-10 6.70285e-10 5.38461e-10 4.32406e-10 3.47116e-10 2.78552e-10 2.23455e-10 1.79195e-10 1.43654e-10 1.15125e-10 9.22323e-11 7.38685e-11 5.91427e-11 4.73382e-11 3.78784e-11 3.03001e-11 2.4231e-11 1.9372e-11 1.5483e-11 1.23713e-11 9.88234e-12 7.892e-12 6.30085e-12 5.0292e-12 4.01317e-12
0.00106534 0.000564863 0.000545353 0.000516268 0.00048113 0.000442656 0.000402893 0.000363347 0.000325086 0.000288833 0.000255044 0.000223969 0.000195707 0.000170243 0.000147485 0.000127291 0.000109481 9.38621e-05 8.02323e-05 6.83919e-05 5.81479e-05 4.93184e-05 4.17342e-05 3.52404e-05 2.96967e-05 2.49769e-05 2.09691e-05 1.75738e-05 1.47041e-05 1.22837e-05 1.02463e-05 8.5346e-06 7.09911e-06 5.89731e-06 4.89278e-06 4.05446e-06 3.35586e-06 2.77452e-06 2.29141e-06 1.89045e-06 1.55809e-06 1.28291e-06 1.05535e-06 8.6736e-07 7.12232e-07 5.84352e-07 4.79038e-07 3.92389e-07 3.21165e-07 2.6267e-07 2.14672e-07 1.7532e-07 1.43083e-07 1.16694e-07 9.51101e-08 7.74688e-08 6.30603e-08 5.13005e-08 4.17091e-08 3.38913e-08 2.75234e-08 2.23396e-08 1.81224e-08 1.46936e-08 1.19074e-08 9.64465e-09 7.80807e-09 6.31818e-09 5.11018e-09 4.13124e-09 3.33832e-09 2.6964e-09 2.17697e-09 1.75686e-09 1.41723e-09 1.14279e-09 9.21121e-10 7.42161e-10 5.9774e-10 4.8124e-10 3.87302e-10 3.11588e-10 2.50585e-10 2.01454e-10 1.619e-10 1.30068e-10 1.0446e-10 8.38662e-11 6.73105e-11 5.40059e-11 4.33175e-11 3.47338e-11 2.78426e-11 2.2312e-11 1.78747e-11 1.43157e-11 1.14622e-11 9.17481e-12 7.34189e-12 5.87355e-12 4.69762e-12
0.00081488 0.000448524 0.00043846 0.000419627 0.000394913 0.000366595 0.000336436 0.000305768 0.000275571 0.000246537 0.000219134 0.000193652 0.000170243 0.000148959 0.000129777 0.00011262 9.73779e-05 8.39168e-05 7.20919e-05 6.17541e-05 5.27557e-05 4.49542e-05 3.82152e-05 3.24136e-05 2.74345e-05 2.31737e-05 1.95374e-05 1.6442e-05 1.38132e-05 1.15858e-05 9.70232e-06 8.11293e-06 6.77421e-06 5.64865e-06 4.70392e-06 3.91225e-06 3.24987e-06 2.69649e-06 2.23482e-06 1.85019e-06 1.53015e-06 1.2642e-06 1.04345e-06 8.60428e-07 7.08862e-07 5.83478e-07 4.79859e-07 3.94314e-07 3.23756e-07 2.65616e-07 2.1775e-07 1.78378e-07 1.46019e-07 1.19447e-07 9.76431e-08 7.97664e-08 6.51204e-08 5.31299e-08 4.33205e-08 3.5301e-08 2.87492e-08 2.33999e-08 1.90353e-08 1.54764e-08 1.25761e-08 1.02139e-08 8.29125e-09 6.72712e-09 5.45538e-09 4.42195e-09 3.58259e-09 2.90122e-09 2.34839e-09 1.90005e-09 1.53665e-09 1.24222e-09 1.00378e-09 8.10783e-10 6.54629e-10 5.28342e-10 4.26252e-10 3.43758e-10 2.77126e-10 2.23328e-10 1.79909e-10 1.4488e-10 1.16631e-10 9.38573e-11 7.55054e-11 6.07217e-11 4.88167e-11 3.92333e-11 3.15212e-11 2.53173e-11 2.03282e-11 1.63174e-11 1.3094e-11 1.05043e-11 8.42443e-12 6.75443e-12 5.41398e-12
0.0006233 0.000355667 0.000351939 0.000340416 0.000323425 0.000302846 0.000280167 0.000256541 0.00023284 0.000209705 0.000187587 0.000166786 0.000147485 0.000129777 0.000113682 9.91753e-05 8.61929e-05 7.46485e-05 6.44411e-05 5.54617e-05 4.75991e-05 4.07433e-05 3.47886e-05 2.96348e-05 2.51888e-05 2.13653e-05 1.80863e-05 1.52818e-05 1.28891e-05 1.08525e-05 9.1229e-06 7.65705e-06 6.41718e-06 5.37043e-06 4.48828e-06 3.74612e-06 3.12274e-06 2.59994e-06 2.16213e-06 1.79603e-06 1.49029e-06 1.2353e-06 1.0229e-06 8.4619e-07 6.99342e-07 5.77447e-07 4.76373e-07 3.9265e-07 3.23371e-07 2.66097e-07 2.18795e-07 1.79762e-07 1.47583e-07 1.21075e-07 9.92585e-08 8.13167e-08 6.65732e-08 5.4467e-08 4.45338e-08 3.63894e-08 2.97163e-08 2.42525e-08 1.97818e-08 1.6126e-08 1.31386e-08 1.06988e-08 8.7074e-09 7.083e-09 5.75871e-09 4.67968e-09 3.80098e-09 3.0858e-09 2.50401e-09 2.03098e-09 1.64657e-09 1.33433e-09 1.08083e-09 8.75119e-10 7.08266e-10 5.72991e-10 4.63367e-10 3.74568e-10 3.02669e-10 2.44479e-10 1.97402e-10 1.59331e-10 1.28557e-10 1.03689e-10 8.36031e-11 6.73846e-11 5.42941e-11 4.37321e-11 3.52132e-11 2.83446e-11 2.28086e-11 1.83481e-11 1.47554e-11 1.18625e-11 9.53401e-12 7.6603e-12 6.15305e-12
0.000476761 0.000281681 0.000282061 0.00027566 0.000264332 0.000249605 0.000232716 0.000214644 0.00019615 0.000177808 0.000160038 0.000143135 0.000127291 0.00011262 9.91753e-05 8.69627e-05 7.59545e-05 6.6099e-05 5.73288e-05 4.95665e-05 4.27299e-05 3.67353e-05 3.15004e-05 2.6946e-05 2.29974e-05 1.95849e-05 1.66446e-05 1.41182e-05 1.1953e-05 1.01021e-05 8.52339e-06 7.17983e-06 6.03875e-06 5.07152e-06 4.25319e-06 3.56206e-06 2.97934e-06 2.48881e-06 2.07653e-06 1.73052e-06 1.44055e-06 1.19786e-06 9.95005e-07 8.25665e-07 6.84472e-07 5.66882e-07 4.6906e-07 3.87771e-07 3.2029e-07 2.6433e-07 2.17967e-07 1.79594e-07 1.47861e-07 1.21643e-07 1.00001e-07 8.21501e-08 6.74388e-08 5.53243e-08 4.5356e-08 3.71597e-08 3.04253e-08 2.4896e-08 2.03594e-08 1.66396e-08 1.35916e-08 1.10957e-08 9.05315e-09 7.38263e-09 6.01719e-09 4.90176e-09 3.99109e-09 3.248e-09 2.64198e-09 2.14801e-09 1.74558e-09 1.41791e-09 1.15122e-09 9.34286e-10 7.57902e-10 6.14558e-10 4.98117e-10 4.03574e-10 3.26844e-10 2.64598e-10 2.14123e-10 1.73212e-10 1.40064e-10 1.13219e-10 9.14853e-11 7.38976e-11 5.96702e-11 4.81653e-11 3.88656e-11 3.13509e-11 2.52809e-11 2.03796e-11 1.64233e-11 1.32309e-11 1.06557e-11 8.57915e-12 6.9052e-12
0.000364673 0.000222824 0.000225735 0.00022285 0.000215624 0.000205285 0.000192847 0.00017913 0.000164786 0.000150319 0.000136109 0.000122433 0.000109481 9.73779e-05 8.61929e-05 7.59545e-05 6.66594e-05 5.82818e-05 5.07792e-05 4.40988e-05 3.81812e-05 3.29638e-05 2.83835e-05 2.43783e-05 2.08887e-05 1.78585e-05 1.52354e-05 1.29715e-05 1.10228e-05 9.34972e-06 7.91679e-06 6.69231e-06 5.6482e-06 4.75973e-06 4.00514e-06 3.36545e-06 2.8241e-06 2.36676e-06 1.98099e-06 1.65611e-06 1.38289e-06 1.15345e-06 9.61029e-07 7.99867e-07 6.65055e-07 5.5242e-07 4.58423e-07 3.80067e-07 3.14822e-07 2.60549e-07 2.1545e-07 1.7801e-07 1.46958e-07 1.21229e-07 9.99281e-08 8.23091e-08 6.77478e-08 5.57234e-08 4.58018e-08 3.76215e-08 3.08821e-08 2.53338e-08 2.07694e-08 1.70171e-08 1.39343e-08 1.14034e-08 9.32689e-09 7.62425e-09 6.22904e-09 5.08644e-09 4.15126e-09 3.38628e-09 2.76089e-09 2.2499e-09 1.83259e-09 1.49199e-09 1.21412e-09 9.87558e-10 8.02914e-10 6.52508e-10 5.30048e-10 4.3039e-10 3.49324e-10 2.83412e-10 2.29845e-10 1.86329e-10 1.50993e-10 1.22312e-10 9.9042e-11 8.01696e-11 6.48699e-11 5.24713e-11 4.24276e-11 3.42946e-11 2.77112e-11 2.23841e-11 1.80751e-11 1.45909e-11 1.17746e-11 9.49886e-12 7.66061e-12
0.000278938 0.000176073 0.000180418 0.000179876 0.000175579 0.000168499 0.000159458 0.000149137 0.000138084 0.000126734 0.000115424 0.000104406 9.38621e-05 8.39168e-05 7.46485e-05 6.6099e-05 5.82818e-05 5.11889e-05 4.47969e-05 3.90715e-05 3.3971e-05 2.94497e-05 2.54597e-05 2.19533e-05 1.88835e-05 1.62053e-05 1.38765e-05 1.18576e-05 1.01124e-05 8.60776e-06 7.31384e-06 6.20374e-06 5.25348e-06 4.44177e-06 3.74981e-06 3.16105e-06 2.66102e-06 2.23708e-06 1.87825e-06 1.57502e-06 1.31915e-06 1.10357e-06 9.22183e-07 7.69775e-07 6.41881e-07 5.34692e-07 4.44964e-07 3.6994e-07 3.0728e-07 2.55003e-07 2.11436e-07 1.75162e-07 1.44992e-07 1.19922e-07 9.9109e-08 8.18456e-08 6.75391e-08 5.56929e-08 4.58921e-08 3.779e-08 3.10973e-08 2.55731e-08 2.10167e-08 1.72614e-08 1.41683e-08 1.16225e-08 9.52861e-09 7.80744e-09 6.39358e-09 5.23287e-09 4.28058e-09 3.49975e-09 2.85987e-09 2.3358e-09 1.90682e-09 1.55586e-09 1.26889e-09 1.03437e-09 8.42807e-10 6.8641e-10 5.58787e-10 4.54696e-10 3.69836e-10 3.00687e-10 2.44367e-10 1.98515e-10 1.61202e-10 1.30851e-10 1.06174e-10 8.61177e-11 6.98241e-11 5.65926e-11 4.58518e-11 3.71364e-11 3.0067e-11 2.4335e-11 1.96891e-11 1.59248e-11 1.2876e-11 1.04075e-11 8.40952e-12
0.000213359 0.000138988 0.000144019 0.000144978 0.000142732 0.000138048 0.000131582 0.000123891 0.000115433 0.000106578 9.76195e-05 8.87815e-05 8.02323e-05 7.20919e-05 6.44411e-05 5.73288e-05 5.07792e-05 4.47969e-05 3.93721e-05 3.44843e-05 3.01056e-05 2.62032e-05 2.27419e-05 1.9685e-05 1.69959e-05 1.46392e-05 1.25808e-05 1.07886e-05 9.23284e-06 7.88606e-06 6.72325e-06 5.72175e-06 4.86118e-06 4.12334e-06 3.49204e-06 2.95299e-06 2.49355e-06 2.10269e-06 1.77074e-06 1.48928e-06 1.25101e-06 1.0496e-06 8.79602e-07 7.36314e-07 6.15702e-07 5.14308e-07 4.29176e-07 3.57783e-07 2.97981e-07 2.47945e-07 2.06125e-07 1.71209e-07 1.42086e-07 1.1782e-07 9.76187e-08 8.08178e-08 6.68573e-08 5.5267e-08 4.56528e-08 3.76843e-08 3.10851e-08 2.56242e-08 2.11087e-08 1.73777e-08 1.42971e-08 1.17554e-08 9.65971e-09 7.93293e-09 6.51107e-09 5.34103e-09 4.37882e-09 3.58801e-09 2.93846e-09 2.40524e-09 1.96777e-09 1.60907e-09 1.3151e-09 1.07432e-09 8.77215e-10 7.15937e-10 5.84043e-10 4.76235e-10 3.88156e-10 3.1623e-10 2.57523e-10 2.09627e-10 1.70569e-10 1.38732e-10 1.12793e-10 9.16682e-11 7.44711e-11 6.04774e-11 4.90949e-11 3.98402e-11 3.23184e-11 2.62074e-11 2.12445e-11 1.72155e-11 1.39459e-11 1.12934e-11 9.1425e-12
0.000163198 0.000109609 0.000114829 0.00011669 0.00011585 0.000112903 0.000108372 0.000102706 9.62841e-05 8.94165e-05 8.23546e-05 7.5296e-05 6.83919e-05 6.17541e-05 5.54617e-05 4.95665e-05 4.40988e-05 3.90715e-05 3.44843e-05 3.03269e-05 2.65819e-05 2.32266e-05 2.02354e-05 1.75808e-05 1.52348e-05 1.31694e-05 1.13576e-05 9.77333e-06 8.39241e-06 7.19219e-06 6.15186e-06 5.25242e-06 4.47667e-06 3.80912e-06 3.23593e-06 2.74476e-06 2.32471e-06 1.96614e-06 1.6606e-06 1.40069e-06 1.17996e-06 9.92794e-07 8.34323e-07 7.00341e-07 5.87222e-07 4.91844e-07 4.11528e-07 3.43979e-07 2.87235e-07 2.39623e-07 1.99718e-07 1.66309e-07 1.38368e-07 1.15022e-07 9.55368e-08 7.9288e-08 6.57511e-08 5.44835e-08 4.5113e-08 3.73269e-08 3.08626e-08 2.55001e-08 2.1055e-08 1.73732e-08 1.4326e-08 1.18057e-08 9.72277e-09 8.00248e-09 6.58266e-09 5.4116e-09 4.44633e-09 3.6512e-09 2.99662e-09 2.45808e-09 2.01526e-09 1.65137e-09 1.3525e-09 1.10717e-09 9.05896e-10 7.4086e-10 6.05607e-10 4.94818e-10 4.04113e-10 3.29889e-10 2.6918e-10 2.19549e-10 1.78994e-10 1.45869e-10 1.18826e-10 9.67578e-11 7.87569e-11 6.40801e-11 5.21184e-11 4.23736e-11 3.44382e-11 2.79786e-11 2.27225e-11 1.84472e-11 1.49712e-11 1.2146e-11 9.85058e-12
0.00012483 8.63611e-05 9.14553e-05 9.38016e-05 9.38934e-05 9.21881e-05 8.90966e-05 8.49792e-05 8.01447e-05 7.4852e-05 6.93139e-05 6.37012e-05 5.81479e-05 5.27557e-05 4.75991e-05 4.27299e-05 3.81812e-05 3.3971e-05 3.01056e-05 2.65819e-05 2.33901e-05 2.05155e-05 1.79401e-05 1.56435e-05 1.36044e-05 1.18012e-05 1.02126e-05 8.81774e-06 7.59696e-06 6.53174e-06 5.60487e-06 4.80052e-06 4.10423e-06 3.50292e-06 2.9848e-06 2.53929e-06 2.157e-06 1.82959e-06 1.54969e-06 1.31084e-06 1.10735e-06 9.34271e-07 7.87281e-07 6.62636e-07 5.57088e-07 4.67835e-07 3.9246e-07 3.28887e-07 2.75335e-07 2.30277e-07 1.92409e-07 1.6062e-07 1.33962e-07 1.11632e-07 9.29439e-08 7.73206e-08 6.42714e-08 5.33825e-08 4.43043e-08 3.67425e-08 3.0449e-08 2.52155e-08 2.08669e-08 1.72565e-08 1.42613e-08 1.17783e-08 9.7214e-09 8.01871e-09 6.61021e-09 5.44586e-09 4.48399e-09 3.68988e-09 3.03471e-09 2.4945e-09 2.04934e-09 1.68274e-09 1.381e-09 1.13279e-09 9.28726e-10 7.6105e-10 6.23346e-10 5.10318e-10 4.1759e-10 3.41556e-10 2.79241e-10 2.28194e-10 1.86398e-10 1.52193e-10 1.24212e-10 1.01334e-10 8.26365e-11 6.7362e-11 5.48892e-11 4.47087e-11 3.64025e-11 2.96284e-11 2.4106e-11 1.96058e-11 1.594e-11 1.29551e-11 1.05255e-11
9.5482e-05 6.79864e-05 7.27639e-05 7.53111e-05 7.59933e-05 7.51584e-05 7.31264e-05 7.01838e-05 6.65804e-05 6.25296e-05 5.82099e-05 5.37672e-05 4.93184e-05 4.49542e-05 4.07433e-05 3.67353e-05 3.29638e-05 2.94497e-05 2.62032e-05 2.32266e-05 2.05155e-05 1.80612e-05 1.58513e-05 1.38713e-05 1.21054e-05 1.05368e-05 9.149e-06 7.92546e-06 6.85033e-06 5.90857e-06 5.08602e-06 4.36956e-06 3.74714e-06 3.20772e-06 2.74132e-06 2.33894e-06 1.99251e-06 1.69485e-06 1.43958e-06 1.22106e-06 1.03432e-06 8.75008e-07 7.39306e-07 6.23894e-07 5.25882e-07 4.42765e-07 3.72376e-07 3.12843e-07 2.62556e-07 2.20132e-07 1.84382e-07 1.54292e-07 1.28994e-07 1.07746e-07 8.99205e-08 7.49799e-08 6.247e-08 5.20053e-08 4.32595e-08 3.59568e-08 2.98646e-08 2.47864e-08 2.05569e-08 1.70373e-08 1.41106e-08 1.16789e-08 9.65995e-09 7.9849e-09 6.59618e-09 5.44565e-09 4.49311e-09 3.705e-09 3.05337e-09 2.51493e-09 2.0703e-09 1.70335e-09 1.4007e-09 1.15122e-09 9.4569e-10 7.76464e-10 6.37206e-10 5.2267e-10 4.28518e-10 3.51161e-10 2.87637e-10 2.35498e-10 1.92725e-10 1.57651e-10 1.28905e-10 1.05356e-10 8.60737e-11 7.02915e-11 5.738e-11 4.68216e-11 3.81912e-11 3.11396e-11 2.53804e-11 2.06787e-11 1.68418e-11 1.37119e-11 1.11597e-11
7.3034e-05 5.34781e-05 5.78361e-05 6.03965e-05 6.14258e-05 6.11859e-05 5.99238e-05 5.7865e-05 5.52102e-05 5.21336e-05 4.87836e-05 4.52836e-05 4.17342e-05 3.82152e-05 3.47886e-05 3.15004e-05 2.83835e-05 2.54597e-05 2.27419e-05 2.02354e-05 1.79401e-05 1.58513e-05 1.39613e-05 1.226e-05 1.07356e-05 9.37585e-06 8.16767e-06 7.09818e-06 6.15472e-06 5.32512e-06 4.59784e-06 3.96207e-06 3.40778e-06 2.92575e-06 2.50756e-06 2.14558e-06 1.83292e-06 1.56342e-06 1.33157e-06 1.1325e-06 9.61857e-07 8.15847e-07 6.91114e-07 5.84726e-07 4.94122e-07 4.17072e-07 3.51641e-07 2.96151e-07 2.49153e-07 2.09399e-07 1.75812e-07 1.47468e-07 1.23578e-07 1.03463e-07 8.65442e-08 7.23293e-08 6.03979e-08 5.0393e-08 4.20116e-08 3.49966e-08 2.91305e-08 2.42296e-08 2.01384e-08 1.6726e-08 1.38822e-08 1.1514e-08 9.5434e-09 7.90489e-09 6.54351e-09 5.41319e-09 4.47537e-09 3.6978e-09 3.05353e-09 2.52006e-09 2.07861e-09 1.71354e-09 1.41181e-09 1.1626e-09 9.56871e-10 7.87144e-10 6.47196e-10 5.31865e-10 4.36873e-10 3.58675e-10 2.94336e-10 2.41426e-10 1.97937e-10 1.6221e-10 1.32873e-10 1.08794e-10 8.90414e-11 7.28444e-11 5.95692e-11 4.86935e-11 3.97876e-11 3.24977e-11 2.65332e-11 2.16552e-11 1.76674e-11 1.44085e-11 1.17466e-11
5.58635e-05 4.20338e-05 4.59283e-05 4.83832e-05 4.95899e-05 4.9743e-05 4.90314e-05 4.76313e-05 4.57023e-05 4.33859e-05 4.08041e-05 3.80604e-05 3.52404e-05 3.24136e-05 2.96348e-05 2.6946e-05 2.43783e-05 2.19533e-05 1.9685e-05 1.75808e-05 1.56435e-05 1.38713e-05 1.226e-05 1.08026e-05 9.49111e-06 8.31611e-06 7.26777e-06 6.33605e-06 5.51092e-06 4.78263e-06 4.14183e-06 3.57965e-06 3.08781e-06 2.65863e-06 2.28505e-06 1.96063e-06 1.67952e-06 1.43646e-06 1.22671e-06 1.04607e-06 8.9077e-07 7.57498e-07 6.43321e-07 5.4566e-07 4.62258e-07 3.91138e-07 3.30578e-07 2.79084e-07 2.35355e-07 1.98269e-07 1.66857e-07 1.40282e-07 1.17825e-07 9.88706e-08 8.28893e-08 6.94294e-08 5.81047e-08 4.8586e-08 4.05932e-08 3.3888e-08 2.82681e-08 2.35621e-08 1.96249e-08 1.63336e-08 1.35846e-08 1.12903e-08 9.3771e-09 7.78288e-09 6.45547e-09 5.35102e-09 4.43275e-09 3.6698e-09 3.03633e-09 2.51073e-09 2.07491e-09 1.71376e-09 1.41469e-09 1.16717e-09 9.62439e-10 7.93203e-10 6.53388e-10 5.37944e-10 4.42677e-10 3.64102e-10 2.99331e-10 2.45965e-10 2.0202e-10 1.6585e-10 1.36095e-10 1.11629e-10 9.15213e-11 7.50035e-11 6.1441e-11 5.03101e-11 4.11789e-11 3.36914e-11 2.75545e-11 2.25266e-11 1.84091e-11 1.50386e-11 1.22805e-11
4.27299e-05 3.30148e-05 3.64402e-05 3.87198e-05 3.9988e-05 4.03879e-05 4.00622e-05 3.91474e-05 3.77699e-05 3.60431e-05 3.40669e-05 3.19274e-05 2.96967e-05 2.74345e-05 2.51888e-05 2.29974e-05 2.08887e-05 1.88835e-05 1.69959e-05 1.52348e-05 1.36044e-05 1.21054e-05 1.07356e-05 9.49111e-06 8.36611e-06 7.35389e-06 6.44709e-06 5.63795e-06 4.91863e-06 4.28137e-06 3.71862e-06 3.22318e-06 2.78824e-06 2.40743e-06 2.07487e-06 1.78514e-06 1.53331e-06 1.31488e-06 1.12583e-06 9.62526e-07 8.21725e-07 7.00547e-07 5.96438e-07 5.07143e-07 4.30675e-07 3.65293e-07 3.09473e-07 2.61882e-07 2.21365e-07 1.86916e-07 1.57662e-07 1.32852e-07 1.11836e-07 9.40538e-08 7.90252e-08 6.63375e-08 5.56374e-08 4.66229e-08 3.9036e-08 3.26569e-08 2.72982e-08 2.2801e-08 1.90301e-08 1.5871e-08 1.32266e-08 1.10149e-08 9.16667e-09 7.62333e-09 6.33559e-09 5.26192e-09 4.3674e-09 3.62267e-09 3.00308e-09 2.48796e-09 2.05997e-09 1.70462e-09 1.40977e-09 1.16526e-09 9.62636e-10 7.94817e-10 6.55907e-10 5.40994e-10 4.45986e-10 3.67479e-10 3.02642e-10 2.49125e-10 2.04974e-10 1.68569e-10 1.38566e-10 1.13851e-10 9.35035e-11 7.67587e-11 6.29854e-11 5.16617e-11 4.23561e-11 3.47124e-11 2.84366e-11 2.32862e-11 1.90611e-11 1.55966e-11 1.2757e-11
3.2684e-05 2.59132e-05 2.88883e-05 3.09563e-05 3.22097e-05 3.27519e-05 3.26898e-05 3.2128e-05 3.11657e-05 2.98936e-05 2.83925e-05 2.67335e-05 2.49769e-05 2.31737e-05 2.13653e-05 1.95849e-05 1.78585e-05 1.62053e-05 1.46392e-05 1.31694e-05 1.18012e-05 1.05368e-05 9.37585e-06 8.31611e-06 7.35389e-06 6.48449e-06 5.70244e-06 5.00187e-06 4.3767e-06 3.82081e-06 3.32815e-06 2.89291e-06 2.50952e-06 2.17274e-06 1.87768e-06 1.6198e-06 1.39496e-06 1.19936e-06 1.02955e-06 8.82445e-07 7.55246e-07 6.45465e-07 5.50886e-07 4.69543e-07 3.99698e-07 3.39821e-07 2.88566e-07 2.44756e-07 2.07363e-07 1.75489e-07 1.48357e-07 1.25289e-07 1.05702e-07 8.9089e-08 7.50156e-08 6.31066e-08 5.30402e-08 4.45401e-08 3.737e-08 3.13279e-08 2.62411e-08 2.19627e-08 1.83675e-08 1.5349e-08 1.28171e-08 1.0695e-08 8.91785e-09 7.43082e-09 6.18753e-09 5.14881e-09 4.28165e-09 3.55825e-09 2.95522e-09 2.45287e-09 2.03468e-09 1.68679e-09 1.39757e-09 1.15728e-09 9.57766e-10 7.92214e-10 6.54924e-10 5.41139e-10 4.46891e-10 3.68869e-10 3.04316e-10 2.50936e-10 2.06819e-10 1.70377e-10 1.4029e-10 1.15463e-10 9.49862e-11 7.81062e-11 6.41976e-11 5.2743e-11 4.33138e-11 3.55554e-11 2.91746e-11 2.39292e-11 1.9619e-11 1.60788e-11 1.31723e-11
2.49999e-05 2.0326e-05 2.28833e-05 2.47266e-05 2.59172e-05 2.65287e-05 2.66401e-05 2.6331e-05 2.56785e-05 2.47544e-05 2.36241e-05 2.23456e-05 2.09691e-05 1.95374e-05 1.80863e-05 1.66446e-05 1.52354e-05 1.38765e-05 1.25808e-05 1.13576e-05 1.02126e-05 9.149e-06 8.16767e-06 7.26777e-06 6.44709e-06 5.70244e-06 5.02989e-06 4.42507e-06 3.88331e-06 3.39982e-06 2.96982e-06 2.58862e-06 2.25171e-06 1.95479e-06 1.69382e-06 1.46503e-06 1.26493e-06 1.09034e-06 9.38326e-07 8.06253e-07 6.91732e-07 5.92619e-07 5.06997e-07 4.3316e-07 3.69592e-07 3.14954e-07 2.68063e-07 2.27883e-07 1.93501e-07 1.64123e-07 1.39053e-07 1.17689e-07 9.95041e-08 8.4045e-08 7.09186e-08 5.97855e-08 5.03535e-08 4.23714e-08 3.56233e-08 2.99242e-08 2.51158e-08 2.10629e-08 1.76499e-08 1.47784e-08 1.23647e-08 1.03375e-08 8.63631e-09 7.20997e-09 6.01499e-09 5.01465e-09 4.17788e-09 3.47845e-09 2.89426e-09 2.40667e-09 1.99998e-09 1.66102e-09 1.37868e-09 1.14367e-09 9.48182e-10 7.85666e-10 6.50646e-10 5.38539e-10 4.45511e-10 3.68361e-10 3.04416e-10 2.51444e-10 2.07587e-10 1.71296e-10 1.41282e-10 1.16472e-10 9.59747e-11 7.90484e-11 6.5078e-11 5.3553e-11 4.40499e-11 3.62177e-11 2.97655e-11 2.44526e-11 2.00798e-11 1.64824e-11 1.35241e-11
1.91224e-05 1.59336e-05 1.8113e-05 1.97332e-05 2.08332e-05 2.14642e-05 2.16836e-05 2.15517e-05 2.11277e-05 2.04682e-05 1.96256e-05 1.8647e-05 1.75738e-05 1.6442e-05 1.52818e-05 1.41182e-05 1.29715e-05 1.18576e-05 1.07886e-05 9.77333e-06 8.81774e-06 7.92546e-06 7.09818e-06 6.33605e-06 5.63795e-06 5.00187e-06 4.42507e-06 3.90435e-06 3.43617e-06 3.01684e-06 2.64259e-06 2.30968e-06 2.01448e-06 1.75347e-06 1.52335e-06 1.32097e-06 1.14345e-06 9.88094e-07 8.52441e-07 7.34245e-07 6.31472e-07 5.42283e-07 4.65026e-07 3.98227e-07 3.40568e-07 2.90882e-07 2.48133e-07 2.1141e-07 1.7991e-07 1.52929e-07 1.29849e-07 1.10134e-07 9.33145e-08 7.89828e-08 6.67858e-08 5.64177e-08 4.76143e-08 4.01477e-08 3.38216e-08 2.84674e-08 2.39404e-08 2.01166e-08 1.68897e-08 1.41692e-08 1.18777e-08 9.94919e-09 8.32763e-09 6.96529e-09 5.82168e-09 4.86244e-09 4.0585e-09 3.38521e-09 2.82177e-09 2.3506e-09 1.95688e-09 1.6281e-09 1.35374e-09 1.12494e-09 9.34274e-10 7.75478e-10 6.43311e-10 5.33376e-10 4.41989e-10 3.66064e-10 3.03024e-10 2.50711e-10 2.07325e-10 1.71361e-10 1.41567e-10 1.16897e-10 9.64808e-11 7.95931e-11 6.56314e-11 5.40944e-11 4.45657e-11 3.66995e-11 3.02087e-11 2.48555e-11 2.04423e-11 1.68058e-11 1.38106e-11
1.46267e-05 1.24831e-05 1.43268e-05 1.5735e-05 1.67306e-05 1.73482e-05 1.7629e-05 1.76178e-05 1.73602e-05 1.69002e-05 1.62795e-05 1.55361e-05 1.47041e-05 1.38132e-05 1.28891e-05 1.1953e-05 1.10228e-05 1.01124e-05 9.23284e-06 8.39241e-06 7.59696e-06 6.85033e-06 6.15472e-06 5.51092e-06 4.91863e-06 4.3767e-06 3.88331e-06 3.43617e-06 3.03266e-06 2.66995e-06 2.34511e-06 2.05518e-06 1.79724e-06 1.56845e-06 1.3661e-06 1.18762e-06 1.03058e-06 8.92751e-07 7.72059e-07 6.66605e-07 5.74658e-07 4.94649e-07 4.2516e-07 3.64921e-07 3.1279e-07 2.67754e-07 2.2891e-07 1.95459e-07 1.66697e-07 1.42001e-07 1.20827e-07 1.02698e-07 8.71949e-08 7.39555e-08 6.26628e-08 5.30422e-08 4.48555e-08 3.78969e-08 3.19885e-08 2.69773e-08 2.27313e-08 1.91374e-08 1.60983e-08 1.35309e-08 1.1364e-08 9.53668e-09 7.99715e-09 6.70118e-09 5.61117e-09 4.69512e-09 3.92589e-09 3.28046e-09 2.73931e-09 2.28594e-09 1.90638e-09 1.58885e-09 1.32338e-09 1.10161e-09 9.16457e-10 7.6198e-10 6.33179e-10 5.25855e-10 4.36482e-10 3.62102e-10 3.00237e-10 2.48812e-10 2.06089e-10 1.70615e-10 1.41177e-10 1.16762e-10 9.65222e-11 7.97532e-11 6.58668e-11 5.43734e-11 4.48653e-11 3.70033e-11 3.05057e-11 2.51383e-11 2.07064e-11 1.70487e-11 1.40314e-11
1.11879e-05 9.77431e-06 1.13243e-05 1.25368e-05 1.34237e-05 1.40073e-05 1.43167e-05 1.43849e-05 1.42464e-05 1.39353e-05 1.34846e-05 1.29248e-05 1.22837e-05 1.15858e-05 1.08525e-05 1.01021e-05 9.34972e-06 8.60776e-06 7.88606e-06 7.19219e-06 6.53174e-06 5.90857e-06 5.32512e-06 4.78263e-06 4.28137e-06 3.82081e-06 3.39982e-06 3.01684e-06 2.66995e-06 2.35703e-06 2.07581e-06 1.82397e-06 1.59919e-06 1.39919e-06 1.22175e-06 1.06476e-06 9.26238e-07 8.04305e-07 6.97232e-07 6.03419e-07 5.21399e-07 4.49838e-07 3.87525e-07 3.33366e-07 2.86378e-07 2.45684e-07 2.10499e-07 1.80126e-07 1.53947e-07 1.31417e-07 1.12055e-07 9.54385e-08 8.11977e-08 6.90087e-08 5.8589e-08 4.96927e-08 4.2106e-08 3.56436e-08 3.0145e-08 2.54715e-08 2.15036e-08 1.81381e-08 1.52864e-08 1.28724e-08 1.08309e-08 9.10603e-09 7.64993e-09 6.42183e-09 5.38691e-09 4.51551e-09 3.7824e-09 3.16611e-09 2.64844e-09 2.21394e-09 1.84952e-09 1.54409e-09 1.28829e-09 1.07421e-09 8.95162e-10 7.45516e-10 6.20525e-10 5.16194e-10 4.29164e-10 3.56611e-10 2.96162e-10 2.45829e-10 2.03944e-10 1.69108e-10 1.40152e-10 1.16095e-10 9.61214e-11 7.95455e-11 6.57968e-11 5.43991e-11 4.49551e-11 3.71339e-11 3.06597e-11 2.53032e-11 2.08735e-11 1.72119e-11 1.41867e-11
8.55762e-06 7.64923e-06 8.94522e-06 9.98104e-06 1.07611e-05 1.12989e-05 1.16146e-05 1.17319e-05 1.16768e-05 1.14757e-05 1.11543e-05 1.0737e-05 1.02463e-05 9.70232e-06 9.1229e-06 8.52339e-06 7.91679e-06 7.31384e-06 6.72325e-06 6.15186e-06 5.60487e-06 5.08602e-06 4.59784e-06 4.14183e-06 3.71862e-06 3.32815e-06 2.96982e-06 2.64259e-06 2.34511e-06 2.07581e-06 1.83296e-06 1.61476e-06 1.41938e-06 1.24499e-06 1.08981e-06 9.52097e-07 8.30228e-07 7.22651e-07 6.2792e-07 5.44694e-07 4.71735e-07 4.07912e-07 3.52193e-07 3.03642e-07 2.61415e-07 2.24753e-07 1.92978e-07 1.65482e-07 1.41728e-07 1.21237e-07 1.03587e-07 8.84063e-08 7.53664e-08 6.41807e-08 5.45978e-08 4.63983e-08 3.9391e-08 3.34095e-08 2.83096e-08 2.3966e-08 2.02705e-08 1.71299e-08 1.44634e-08 1.22017e-08 1.02853e-08 8.6629e-09 7.29071e-09 6.13117e-09 5.15218e-09 4.32632e-09 3.63023e-09 3.04399e-09 2.55066e-09 2.13584e-09 1.78729e-09 1.49465e-09 1.24913e-09 1.04329e-09 8.70827e-10 7.26438e-10 6.05631e-10 5.04621e-10 4.20217e-10 3.49735e-10 2.90914e-10 2.41855e-10 2.00962e-10 1.66896e-10 1.38534e-10 1.14933e-10 9.53048e-11 7.89903e-11 6.5437e-11 5.41834e-11 4.48443e-11 3.70977e-11 3.06754e-11 2.53537e-11 2.09459e-11 1.7297e-11 1.42776e-11
6.54571e-06 5.98312e-06 7.06153e-06 7.94048e-06 8.6194e-06 9.1058e-06 9.41292e-06 9.55779e-06 9.55963e-06 9.43856e-06 9.21469e-06 8.90735e-06 8.5346e-06 8.11293e-06 7.65705e-06 7.17983e-06 6.69231e-06 6.20374e-06 5.72175e-06 5.25242e-06 4.80052e-06 4.36956e-06 3.96207e-06 3.57965e-06 3.22318e-06 2.89291e-06 2.58862e-06 2.30968e-06 2.05518e-06 1.82397e-06 1.61476e-06 1.42618e-06 1.25677e-06 1.10509e-06 9.697e-07 8.49207e-07 7.42266e-07 6.47601e-07 5.64009e-07 4.90371e-07 4.25647e-07 3.68879e-07 3.19193e-07 2.7579e-07 2.37947e-07 2.05013e-07 1.76399e-07 1.51581e-07 1.3009e-07 1.11509e-07 9.54682e-08 8.16401e-08 6.97363e-08 5.95029e-08 5.0717e-08 4.31835e-08 3.67318e-08 3.12132e-08 2.64982e-08 2.24744e-08 1.90441e-08 1.61229e-08 1.3638e-08 1.15261e-08 9.73321e-09 8.21248e-09 6.92383e-09 5.83283e-09 4.91e-09 4.13008e-09 3.4715e-09 2.91585e-09 2.44741e-09 2.05282e-09 1.72069e-09 1.44133e-09 1.20655e-09 1.00937e-09 8.43887e-10 7.05101e-10 5.88785e-10 4.91366e-10 4.09828e-10 3.41626e-10 2.84614e-10 2.36986e-10 1.97221e-10 1.64041e-10 1.36372e-10 1.13311e-10 9.41024e-11 7.81111e-11 6.48054e-11 5.37404e-11 4.45434e-11 3.69031e-11 3.05592e-11 2.52944e-11 2.09273e-11 1.73065e-11 1.4306e-11
5.0068e-06 4.67762e-06 5.57117e-06 6.31267e-06 6.89848e-06 7.33189e-06 7.62126e-06 7.77846e-06 7.8176e-06 7.75388e-06 7.60287e-06 7.37979e-06 7.09911e-06 6.77421e-06 6.41718e-06 6.03875e-06 5.6482e-06 5.25348e-06 4.86118e-06 4.47667e-06 4.10423e-06 3.74714e-06 3.40778e-06 3.08781e-06 2.78824e-06 2.50952e-06 2.25171e-06 2.01448e-06 1.79724e-06 1.59919e-06 1.41938e-06 1.25677e-06 1.11022e-06 9.78612e-07 8.60784e-07 7.55612e-07 6.62001e-07 5.78905e-07 5.05329e-07 4.4034e-07 3.83068e-07 3.32707e-07 2.88517e-07 2.4982e-07 2.15998e-07 1.86491e-07 1.60795e-07 1.38456e-07 1.19068e-07 1.02266e-07 8.77292e-08 7.517e-08 6.43349e-08 5.50003e-08 4.69692e-08 4.00683e-08 3.41463e-08 2.90703e-08 2.47247e-08 2.10086e-08 1.78345e-08 1.51261e-08 1.28177e-08 1.08521e-08 9.18022e-09 7.75944e-09 6.55324e-09 5.53015e-09 4.66317e-09 3.92912e-09 3.30816e-09 2.78331e-09 2.34005e-09 1.96601e-09 1.65063e-09 1.38491e-09 1.16119e-09 9.72988e-10 8.14769e-10 6.81854e-10 5.70272e-10 4.76663e-10 3.98185e-10 3.32435e-10 2.77384e-10 2.31319e-10 1.92798e-10 1.60605e-10 1.33717e-10 1.11272e-10 9.25463e-11 7.69332e-11 6.39222e-11 5.30856e-11 4.40648e-11 3.65596e-11 3.03184e-11 2.51311e-11 2.08218e-11 1.72438e-11 1.42743e-11
