0.863779 8.23316e-05 7.99061e-05 7.75521e-05 7.52675e-05 7.30502e-05 7.08981e-05 6.88095e-05 6.67824e-05 6.48151e-05 6.29057e-05 6.10525e-05 5.92539e-05 5.75083e-05 5.58142e-05 5.41699e-05 5.25741e-05 5.10253e-05 4.95221e-05 4.80632e-05 4.66473e-05 4.52731e-05 4.39394e-05 4.2645e-05 4.13887e-05 4.01694e-05 3.8986e-05 3.78375e-05 3.67228e-05 3.5641e-05 3.4591e-05 3.3572e-05 3.2583e-05 3.16231e-05 3.06915e-05 2.97874e-05 2.89099e-05 2.80582e-05 2.72316e-05 2.64294e-05 2.56508e-05 2.48951e-05 2.41617e-05 2.34499e-05 2.27591e-05 2.20886e-05 2.14379e-05 2.08064e-05 2.01934e-05 1.95985e-05 1.90212e-05 1.84608e-05 1.7917e-05 1.73892e-05 1.68769e-05 1.63797e-05 1.58972e-05 1.54288e-05 1.49743e-05 1.45332e-05 1.4105e-05 1.36895e-05 1.32862e-05 1.28948e-05 1.2515e-05 1.21463e-05 1.17885e-05 1.14412e-05 1.11041e-05 1.0777e-05 1.04595e-05 1.01514e-05 9.85233e-06 9.56209e-06 9.28039e-06 9.007e-06 8.74166e-06 8.48413e-06 8.2342e-06 7.99162e-06 7.75619e-06 7.5277e-06 7.30594e-06 7.09071e-06 6.88182e-06 6.67909e-06 6.48232e-06 6.29136e-06 6.10602e-06 5.92614e-06 5.75156e-06 5.58212e-06 5.41768e-06 5.25807e-06 5.10317e-06 4.95284e-06 4.80693e-06 4.66532e-06 4.52788e-06 4.39449e-06 4.26503e-06
8.23316e-05 9.43705e-06 9.22186e-06 9.01115e-06 8.80486e-06 8.6029e-06 8.4052e-06 8.21168e-06 8.02227e-06 7.83689e-06 7.65547e-06 7.47794e-06 7.30422e-06 7.13426e-06 6.96796e-06 6.80527e-06 6.64612e-06 6.49045e-06 6.33817e-06 6.18924e-06 6.04358e-06 5.90113e-06 5.76182e-06 5.62561e-06 5.49242e-06 5.36219e-06 5.23487e-06 5.1104e-06 4.98872e-06 4.86978e-06 4.75351e-06 4.63986e-06 4.52879e-06 4.42024e-06 4.31415e-06 4.21047e-06 4.10916e-06 4.01016e-06 3.91343e-06 3.81892e-06 3.72658e-06 3.63637e-06 3.54824e-06 3.46215e-06 3.37804e-06 3.29589e-06 3.21565e-06 3.13728e-06 3.06073e-06 2.98597e-06 2.91296e-06 2.84166e-06 2.77203e-06 2.70404e-06 2.63764e-06 2.57282e-06 2.50952e-06 2.44772e-06 2.38738e-06 2.32848e-06 2.27097e-06 2.21483e-06 2.16003e-06 2.10653e-06 2.05431e-06 2.00334e-06 1.95359e-06 1.90503e-06 1.85764e-06 1.81139e-06 1.76625e-06 1.7222e-06 1.67921e-06 1.63726e-06 1.59632e-06 1.55637e-06 1.5174e-06 1.47936e-06 1.44226e-06 1.40605e-06 1.37073e-06 1.33626e-06 1.30264e-06 1.26984e-06 1.23784e-06 1.20663e-06 1.17617e-06 1.14647e-06 1.1175e-06 1.08923e-06 1.06167e-06 1.03478e-06 1.00856e-06 9.82977e-07 9.58031e-07 9.33702e-07 9.09974e-07 8.86834e-07 8.64268e-07 8.42262e-07 8.20802e-07
7.99061e-05 9.22186e-06 9.01835e-06 8.81888e-06 8.62339e-06 8.4318e-06 8.24406e-06 8.06011e-06 7.87988e-06 7.70331e-06 7.53035e-06 7.36094e-06 7.195e-06 7.03249e-06 6.87335e-06 6.71751e-06 6.56492e-06 6.41552e-06 6.26926e-06 6.12608e-06 5.98592e-06 5.84873e-06 5.71446e-06 5.58304e-06 5.45444e-06 5.3286e-06 5.20545e-06 5.08497e-06 4.96709e-06 4.85176e-06 4.73893e-06 4.62857e-06 4.52061e-06 4.41502e-06 4.31175e-06 4.21074e-06 4.11197e-06 4.01537e-06 3.92092e-06 3.82856e-06 3.73826e-06 3.64997e-06 3.56365e-06 3.47927e-06 3.39678e-06 3.31614e-06 3.23732e-06 3.16028e-06 3.08498e-06 3.01139e-06 2.93946e-06 2.86918e-06 2.80049e-06 2.73337e-06 2.66779e-06 2.60371e-06 2.54109e-06 2.47992e-06 2.42016e-06 2.36177e-06 2.30473e-06 2.24901e-06 2.19459e-06 2.14142e-06 2.08949e-06 2.03877e-06 1.98923e-06 1.94085e-06 1.8936e-06 1.84746e-06 1.80239e-06 1.75839e-06 1.71542e-06 1.67346e-06 1.63249e-06 1.59249e-06 1.55343e-06 1.5153e-06 1.47807e-06 1.44173e-06 1.40624e-06 1.37161e-06 1.33779e-06 1.30479e-06 1.27257e-06 1.24112e-06 1.21042e-06 1.18046e-06 1.15122e-06 1.12268e-06 1.09482e-06 1.06764e-06 1.04111e-06 1.01522e-06 9.89958e-07 9.65304e-07 9.41247e-07 9.17772e-07 8.94866e-07 8.72516e-07 8.50709e-07
7.75521e-05 9.01115e-06 8.81888e-06 8.63022e-06 8.44511e-06 8.26352e-06 8.08538e-06 7.91066e-06 7.7393e-06 7.57125e-06 7.40647e-06 7.2449e-06 7.0865e-06 6.93122e-06 6.77901e-06 6.62982e-06 6.4836e-06 6.34031e-06 6.1999e-06 6.06233e-06 5.92753e-06 5.79548e-06 5.66611e-06 5.5394e-06 5.41528e-06 5.29373e-06 5.17468e-06 5.05811e-06 4.94395e-06 4.83218e-06 4.72275e-06 4.61562e-06 4.51074e-06 4.40807e-06 4.30758e-06 4.20923e-06 4.11296e-06 4.01875e-06 3.92656e-06 3.83635e-06 3.74808e-06 3.66171e-06 3.5772e-06 3.49453e-06 3.41366e-06 3.33454e-06 3.25715e-06 3.18146e-06 3.10742e-06 3.03501e-06 2.96419e-06 2.89494e-06 2.82722e-06 2.761e-06 2.69624e-06 2.63293e-06 2.57103e-06 2.51051e-06 2.45135e-06 2.39351e-06 2.33697e-06 2.2817e-06 2.22767e-06 2.17487e-06 2.12326e-06 2.07282e-06 2.02353e-06 1.97535e-06 1.92827e-06 1.88227e-06 1.83731e-06 1.79339e-06 1.75047e-06 1.70853e-06 1.66756e-06 1.62753e-06 1.58843e-06 1.55022e-06 1.5129e-06 1.47645e-06 1.44084e-06 1.40605e-06 1.37208e-06 1.33889e-06 1.30648e-06 1.27483e-06 1.24391e-06 1.21372e-06 1.18424e-06 1.15544e-06 1.12733e-06 1.09987e-06 1.07306e-06 1.04688e-06 1.02133e-06 9.9637e-07 9.72005e-07 9.48217e-07 9.24993e-07 9.0232e-07 8.80186e-07
7.52675e-05 8.80486e-06 8.62339e-06 8.44511e-06 8.27001e-06 8.09804e-06 7.92916e-06 7.76334e-06 7.60053e-06 7.44071e-06 7.28383e-06 7.12986e-06 6.97876e-06 6.83048e-06 6.685e-06 6.54226e-06 6.40224e-06 6.26489e-06 6.13017e-06 5.99805e-06 5.86848e-06 5.74144e-06 5.61687e-06 5.49474e-06 5.37502e-06 5.25766e-06 5.14263e-06 5.02989e-06 4.9194e-06 4.81113e-06 4.70503e-06 4.60108e-06 4.49924e-06 4.39946e-06 4.30172e-06 4.20598e-06 4.11221e-06 4.02037e-06 3.93042e-06 3.84234e-06 3.75609e-06 3.67164e-06 3.58895e-06 3.50799e-06 3.42873e-06 3.35115e-06 3.2752e-06 3.20086e-06 3.1281e-06 3.05689e-06 2.98719e-06 2.91899e-06 2.85225e-06 2.78695e-06 2.72305e-06 2.66053e-06 2.59936e-06 2.53952e-06 2.48098e-06 2.42372e-06 2.3677e-06 2.31291e-06 2.25932e-06 2.2069e-06 2.15564e-06 2.10551e-06 2.05649e-06 2.00855e-06 1.96167e-06 1.91584e-06 1.87102e-06 1.8272e-06 1.78436e-06 1.74248e-06 1.70154e-06 1.66151e-06 1.62239e-06 1.58414e-06 1.54676e-06 1.51022e-06 1.47451e-06 1.43961e-06 1.4055e-06 1.37216e-06 1.33959e-06 1.30775e-06 1.27664e-06 1.24625e-06 1.21654e-06 1.18752e-06 1.15917e-06 1.13147e-06 1.1044e-06 1.07796e-06 1.05213e-06 1.02689e-06 1.00224e-06 9.78162e-07 9.54641e-07 9.31665e-07 9.09224e-07
7.30502e-05 8.6029e-06 8.4318e-06 8.26352e-06 8.09804e-06 7.93533e-06 7.77537e-06 7.61813e-06 7.46359e-06 7.31171e-06 7.16248e-06 7.01585e-06 6.87181e-06 6.73032e-06 6.59135e-06 6.45488e-06 6.32087e-06 6.18929e-06 6.06011e-06 5.9333e-06 5.80883e-06 5.68667e-06 5.56678e-06 5.44914e-06 5.33371e-06 5.22047e-06 5.10937e-06 5.00039e-06 4.8935e-06 4.78866e-06 4.68585e-06 4.58503e-06 4.48618e-06 4.38926e-06 4.29423e-06 4.20109e-06 4.10978e-06 4.02028e-06 3.93257e-06 3.8466e-06 3.76236e-06 3.67982e-06 3.59894e-06 3.5197e-06 3.44206e-06 3.36601e-06 3.29151e-06 3.21854e-06 3.14706e-06 3.07706e-06 3.00851e-06 2.94137e-06 2.87563e-06 2.81126e-06 2.74824e-06 2.68653e-06 2.62612e-06 2.56699e-06 2.50909e-06 2.45243e-06 2.39696e-06 2.34267e-06 2.28954e-06 2.23755e-06 2.18666e-06 2.13687e-06 2.08814e-06 2.04047e-06 1.99382e-06 1.94818e-06 1.90353e-06 1.85985e-06 1.81712e-06 1.77532e-06 1.73443e-06 1.69444e-06 1.65532e-06 1.61706e-06 1.57965e-06 1.54305e-06 1.50727e-06 1.47228e-06 1.43806e-06 1.4046e-06 1.37188e-06 1.33989e-06 1.30862e-06 1.27804e-06 1.24814e-06 1.21892e-06 1.19035e-06 1.16242e-06 1.13513e-06 1.10844e-06 1.08236e-06 1.05687e-06 1.03195e-06 1.0076e-06 9.83803e-07 9.60545e-07 9.37817e-07
7.08981e-05 8.4052e-06 8.24406e-06 8.08538e-06 7.92916e-06 7.77537e-06 7.624e-06 7.47504e-06 7.32846e-06 7.18426e-06 7.04241e-06 6.90289e-06 6.76568e-06 6.63077e-06 6.49812e-06 6.36772e-06 6.23955e-06 6.11358e-06 5.98979e-06 5.86815e-06 5.74865e-06 5.63125e-06 5.51593e-06 5.40267e-06 5.29144e-06 5.18221e-06 5.07496e-06 4.96967e-06 4.86631e-06 4.76485e-06 4.66527e-06 4.56753e-06 4.47163e-06 4.37752e-06 4.28518e-06 4.19459e-06 4.10573e-06 4.01855e-06 3.93305e-06 3.8492e-06 3.76696e-06 3.68631e-06 3.60724e-06 3.52971e-06 3.4537e-06 3.37918e-06 3.30614e-06 3.23454e-06 3.16436e-06 3.09558e-06 3.02818e-06 2.96213e-06 2.8974e-06 2.83399e-06 2.77186e-06 2.71098e-06 2.65135e-06 2.59294e-06 2.53572e-06 2.47967e-06 2.42478e-06 2.37102e-06 2.31837e-06 2.26682e-06 2.21634e-06 2.16691e-06 2.11851e-06 2.07112e-06 2.02473e-06 1.97932e-06 1.93486e-06 1.89135e-06 1.84875e-06 1.80706e-06 1.76626e-06 1.72632e-06 1.68724e-06 1.649e-06 1.61157e-06 1.57495e-06 1.53912e-06 1.50406e-06 1.46976e-06 1.4362e-06 1.40337e-06 1.37125e-06 1.33983e-06 1.3091e-06 1.27903e-06 1.24963e-06 1.22087e-06 1.19274e-06 1.16523e-06 1.13833e-06 1.11202e-06 1.08629e-06 1.06113e-06 1.03653e-06 1.01247e-06 9.88954e-07 9.65957e-07
6.88095e-05 8.21168e-06 8.06011e-06 7.91066e-06 7.76334e-06 7.61813e-06 7.47504e-06 7.33405e-06 7.19517e-06 7.05837e-06 6.92365e-06 6.791e-06 6.66041e-06 6.53186e-06 6.40534e-06 6.28084e-06 6.15833e-06 6.03781e-06 5.91926e-06 5.80265e-06 5.68798e-06 5.57522e-06 5.46436e-06 5.35538e-06 5.24825e-06 5.14296e-06 5.03949e-06 4.93781e-06 4.83791e-06 4.73976e-06 4.64335e-06 4.54866e-06 4.45565e-06 4.36432e-06 4.27463e-06 4.18657e-06 4.10012e-06 4.01525e-06 3.93194e-06 3.85018e-06 3.76993e-06 3.69118e-06 3.6139e-06 3.53808e-06 3.46369e-06 3.39072e-06 3.31913e-06 3.24891e-06 3.18004e-06 3.11249e-06 3.04625e-06 2.98129e-06 2.9176e-06 2.85516e-06 2.79393e-06 2.73391e-06 2.67508e-06 2.61741e-06 2.56088e-06 2.50548e-06 2.45118e-06 2.39798e-06 2.34584e-06 2.29475e-06 2.24469e-06 2.19565e-06 2.1476e-06 2.10054e-06 2.05443e-06 2.00927e-06 1.96503e-06 1.9217e-06 1.87927e-06 1.83771e-06 1.79702e-06 1.75717e-06 1.71815e-06 1.67994e-06 1.64254e-06 1.60591e-06 1.57006e-06 1.53496e-06 1.5006e-06 1.46697e-06 1.43405e-06 1.40182e-06 1.37029e-06 1.33942e-06 1.30921e-06 1.27965e-06 1.25072e-06 1.22242e-06 1.19472e-06 1.16762e-06 1.1411e-06 1.11516e-06 1.08977e-06 1.06494e-06 1.04065e-06 1.01689e-06 9.9364e-07
6.67824e-05 8.02227e-06 7.87988e-06 7.7393e-06 7.60053e-06 7.46359e-06 7.32846e-06 7.19517e-06 7.06369e-06 6.93404e-06 6.80622e-06 6.68021e-06 6.55601e-06 6.43363e-06 6.31305e-06 6.19426e-06 6.07725e-06 5.96202e-06 5.84856e-06 5.73685e-06 5.62689e-06 5.51866e-06 5.41215e-06 5.30734e-06 5.20422e-06 5.10278e-06 5.00299e-06 4.90486e-06 4.80836e-06 4.71347e-06 4.62017e-06 4.52846e-06 4.43831e-06 4.34971e-06 4.26264e-06 4.17708e-06 4.09302e-06 4.01043e-06 3.92929e-06 3.8496e-06 3.77133e-06 3.69446e-06 3.61898e-06 3.54487e-06 3.4721e-06 3.40066e-06 3.33053e-06 3.2617e-06 3.19414e-06 3.12783e-06 3.06276e-06 2.99892e-06 2.93627e-06 2.87481e-06 2.81451e-06 2.75536e-06 2.69734e-06 2.64043e-06 2.58461e-06 2.52988e-06 2.4762e-06 2.42357e-06 2.37196e-06 2.32136e-06 2.27175e-06 2.22312e-06 2.17545e-06 2.12872e-06 2.08293e-06 2.03804e-06 1.99405e-06 1.95094e-06 1.90869e-06 1.86729e-06 1.82673e-06 1.78699e-06 1.74806e-06 1.70992e-06 1.67256e-06 1.63595e-06 1.6001e-06 1.56499e-06 1.53059e-06 1.49691e-06 1.46392e-06 1.43162e-06 1.39999e-06 1.36901e-06 1.33868e-06 1.30899e-06 1.27991e-06 1.25145e-06 1.22358e-06 1.1963e-06 1.1696e-06 1.14346e-06 1.11788e-06 1.09283e-06 1.06832e-06 1.04433e-06 1.02086e-06
6.48151e-05 7.83689e-06 7.70331e-06 7.57125e-06 7.44071e-06 7.31171e-06 7.18426e-06 7.05837e-06 6.93404e-06 6.81129e-06 6.69012e-06 6.57053e-06 6.45253e-06 6.33611e-06 6.22127e-06 6.10802e-06 5.99636e-06 5.88627e-06 5.77776e-06 5.67081e-06 5.56543e-06 5.46161e-06 5.35934e-06 5.2586e-06 5.1594e-06 5.06172e-06 4.96555e-06 4.87089e-06 4.77771e-06 4.68602e-06 4.59579e-06 4.50701e-06 4.41968e-06 4.33377e-06 4.24928e-06 4.16618e-06 4.08448e-06 4.00414e-06 3.92517e-06 3.84753e-06 3.77122e-06 3.69623e-06 3.62253e-06 3.55011e-06 3.47896e-06 3.40906e-06 3.3404e-06 3.27295e-06 3.2067e-06 3.14165e-06 3.07776e-06 3.01503e-06 2.95344e-06 2.89297e-06 2.83362e-06 2.77535e-06 2.71816e-06 2.66203e-06 2.60695e-06 2.5529e-06 2.49986e-06 2.44782e-06 2.39676e-06 2.34667e-06 2.29754e-06 2.24934e-06 2.20207e-06 2.15571e-06 2.11024e-06 2.06565e-06 2.02193e-06 1.97906e-06 1.93702e-06 1.89581e-06 1.85541e-06 1.81581e-06 1.77698e-06 1.73893e-06 1.70163e-06 1.66508e-06 1.62925e-06 1.59415e-06 1.55974e-06 1.52603e-06 1.493e-06 1.46064e-06 1.42893e-06 1.39787e-06 1.36744e-06 1.33763e-06 1.30843e-06 1.27983e-06 1.25182e-06 1.22439e-06 1.19752e-06 1.1712e-06 1.14543e-06 1.1202e-06 1.09549e-06 1.0713e-06 1.04761e-06
6.29057e-05 7.65547e-06 7.53035e-06 7.40647e-06 7.28383e-06 7.16248e-06 7.04241e-06 6.92365e-06 6.80622e-06 6.69012e-06 6.57537e-06 6.46199e-06 6.34997e-06 6.23932e-06 6.13006e-06 6.02218e-06 5.91569e-06 5.81059e-06 5.70689e-06 5.60458e-06 5.50366e-06 5.40413e-06 5.30599e-06 5.20923e-06 5.11386e-06 5.01985e-06 4.92722e-06 4.83595e-06 4.74604e-06 4.65748e-06 4.57026e-06 4.48437e-06 4.3998e-06 4.31654e-06 4.23459e-06 4.15394e-06 4.07456e-06 3.99646e-06 3.91961e-06 3.84402e-06 3.76966e-06 3.69652e-06 3.6246e-06 3.55387e-06 3.48433e-06 3.41597e-06 3.34877e-06 3.28271e-06 3.21779e-06 3.15398e-06 3.09129e-06 3.02968e-06 2.96916e-06 2.9097e-06 2.85129e-06 2.79393e-06 2.73758e-06 2.68225e-06 2.62792e-06 2.57456e-06 2.52218e-06 2.47075e-06 2.42027e-06 2.37071e-06 2.32207e-06 2.27433e-06 2.22748e-06 2.18151e-06 2.13639e-06 2.09212e-06 2.04869e-06 2.00608e-06 1.96428e-06 1.92328e-06 1.88306e-06 1.84361e-06 1.80493e-06 1.76698e-06 1.72978e-06 1.69329e-06 1.65752e-06 1.62244e-06 1.58805e-06 1.55433e-06 1.52128e-06 1.48888e-06 1.45713e-06 1.426e-06 1.39549e-06 1.36559e-06 1.33629e-06 1.30757e-06 1.27943e-06 1.25186e-06 1.22485e-06 1.19838e-06 1.17244e-06 1.14704e-06 1.12215e-06 1.09777e-06 1.07388e-06
6.10525e-05 7.47794e-06 7.36094e-06 7.2449e-06 7.12986e-06 7.01585e-06 6.90289e-06 6.791e-06 6.68021e-06 6.57053e-06 6.46199e-06 6.35459e-06 6.24835e-06 6.1433e-06 6.03943e-06 5.93675e-06 5.83529e-06 5.73503e-06 5.636e-06 5.53819e-06 5.44161e-06 5.34627e-06 5.25216e-06 5.15928e-06 5.06764e-06 4.97723e-06 4.88806e-06 4.80012e-06 4.7134e-06 4.62791e-06 4.54364e-06 4.46058e-06 4.37874e-06 4.2981e-06 4.21865e-06 4.14039e-06 4.06332e-06 3.98742e-06 3.91269e-06 3.83911e-06 3.76668e-06 3.69539e-06 3.62524e-06 3.5562e-06 3.48826e-06 3.42143e-06 3.35569e-06 3.29102e-06 3.22742e-06 3.16488e-06 3.10338e-06 3.04291e-06 2.98346e-06 2.92502e-06 2.86758e-06 2.81112e-06 2.75564e-06 2.70112e-06 2.64755e-06 2.59491e-06 2.5432e-06 2.49241e-06 2.44251e-06 2.39351e-06 2.34538e-06 2.29812e-06 2.25171e-06 2.20614e-06 2.1614e-06 2.11747e-06 2.07435e-06 2.03203e-06 1.99049e-06 1.94971e-06 1.9097e-06 1.87043e-06 1.8319e-06 1.79409e-06 1.757e-06 1.7206e-06 1.6849e-06 1.64987e-06 1.61552e-06 1.58182e-06 1.54877e-06 1.51636e-06 1.48457e-06 1.4534e-06 1.42283e-06 1.39286e-06 1.36347e-06 1.33466e-06 1.30642e-06 1.27873e-06 1.25159e-06 1.22498e-06 1.1989e-06 1.17334e-06 1.14829e-06 1.12374e-06 1.09968e-06
5.92539e-05 7.30422e-06 7.195e-06 7.0865e-06 6.97876e-06 6.87181e-06 6.76568e-06 6.66041e-06 6.55601e-06 6.45253e-06 6.34997e-06 6.24835e-06 6.14771e-06 6.04806e-06 5.94941e-06 5.85178e-06 5.75518e-06 5.65963e-06 5.56514e-06 5.47171e-06 5.37935e-06 5.28808e-06 5.19789e-06 5.1088e-06 5.0208e-06 4.93391e-06 4.84811e-06 4.76343e-06 4.67984e-06 4.59737e-06 4.51599e-06 4.43572e-06 4.35655e-06 4.27848e-06 4.2015e-06 4.12561e-06 4.05081e-06 3.97709e-06 3.90444e-06 3.83287e-06 3.76235e-06 3.6929e-06 3.62449e-06 3.55713e-06 3.4908e-06 3.42549e-06 3.36121e-06 3.29793e-06 3.23566e-06 3.17437e-06 3.11407e-06 3.05474e-06 2.99638e-06 2.93897e-06 2.8825e-06 2.82697e-06 2.77236e-06 2.71866e-06 2.66587e-06 2.61397e-06 2.56295e-06 2.5128e-06 2.46351e-06 2.41508e-06 2.36748e-06 2.32071e-06 2.27476e-06 2.22962e-06 2.18527e-06 2.14171e-06 2.09893e-06 2.05691e-06 2.01565e-06 1.97512e-06 1.93533e-06 1.89627e-06 1.85791e-06 1.82026e-06 1.7833e-06 1.74702e-06 1.71141e-06 1.67646e-06 1.64216e-06 1.6085e-06 1.57547e-06 1.54306e-06 1.51127e-06 1.48007e-06 1.44947e-06 1.41944e-06 1.39e-06 1.36111e-06 1.33278e-06 1.30499e-06 1.27774e-06 1.25102e-06 1.22481e-06 1.19911e-06 1.17392e-06 1.14921e-06 1.125e-06
5.75083e-05 7.13426e-06 7.03249e-06 6.93122e-06 6.83048e-06 6.73032e-06 6.63077e-06 6.53186e-06 6.43363e-06 6.33611e-06 6.23932e-06 6.1433e-06 6.04806e-06 5.95363e-06 5.86004e-06 5.76729e-06 5.67542e-06 5.58443e-06 5.49434e-06 5.40516e-06 5.31691e-06 5.2296e-06 5.14324e-06 5.05784e-06 4.9734e-06 4.88993e-06 4.80745e-06 4.72594e-06 4.64543e-06 4.5659e-06 4.48737e-06 4.40983e-06 4.33329e-06 4.25775e-06 4.1832e-06 4.10965e-06 4.03709e-06 3.96552e-06 3.89493e-06 3.82534e-06 3.75672e-06 3.68908e-06 3.62242e-06 3.55672e-06 3.49198e-06 3.4282e-06 3.36537e-06 3.30348e-06 3.24253e-06 3.18251e-06 3.12341e-06 3.06523e-06 3.00796e-06 2.95158e-06 2.8961e-06 2.8415e-06 2.78777e-06 2.73491e-06 2.68291e-06 2.63176e-06 2.58144e-06 2.53196e-06 2.4833e-06 2.43544e-06 2.3884e-06 2.34214e-06 2.29667e-06 2.25197e-06 2.20804e-06 2.16487e-06 2.12244e-06 2.08074e-06 2.03977e-06 1.99952e-06 1.95998e-06 1.92114e-06 1.88298e-06 1.8455e-06 1.8087e-06 1.77255e-06 1.73705e-06 1.7022e-06 1.66797e-06 1.63437e-06 1.60139e-06 1.56901e-06 1.53722e-06 1.50602e-06 1.4754e-06 1.44534e-06 1.41585e-06 1.38691e-06 1.35851e-06 1.33064e-06 1.3033e-06 1.27648e-06 1.25016e-06 1.22435e-06 1.19903e-06 1.17419e-06 1.14983e-06
5.58142e-05 6.96796e-06 6.87335e-06 6.77901e-06 6.685e-06 6.59135e-06 6.49812e-06 6.40534e-06 6.31305e-06 6.22127e-06 6.13006e-06 6.03943e-06 5.94941e-06 5.86004e-06 5.77133e-06 5.68332e-06 5.59602e-06 5.50945e-06 5.42364e-06 5.3386e-06 5.25434e-06 5.17089e-06 5.08825e-06 5.00645e-06 4.92548e-06 4.84536e-06 4.76611e-06 4.68772e-06 4.6102e-06 4.53357e-06 4.45783e-06 4.38297e-06 4.30902e-06 4.23596e-06 4.1638e-06 4.09255e-06 4.0222e-06 3.95275e-06 3.88421e-06 3.81657e-06 3.74983e-06 3.68399e-06 3.61906e-06 3.55501e-06 3.49186e-06 3.42959e-06 3.36821e-06 3.30771e-06 3.24809e-06 3.18933e-06 3.13144e-06 3.07441e-06 3.01823e-06 2.9629e-06 2.9084e-06 2.85475e-06 2.80191e-06 2.7499e-06 2.6987e-06 2.64831e-06 2.59871e-06 2.54991e-06 2.50189e-06 2.45464e-06 2.40815e-06 2.36243e-06 2.31745e-06 2.27322e-06 2.22972e-06 2.18695e-06 2.14489e-06 2.10354e-06 2.06289e-06 2.02293e-06 1.98365e-06 1.94505e-06 1.90711e-06 1.86983e-06 1.8332e-06 1.7972e-06 1.76184e-06 1.7271e-06 1.69297e-06 1.65945e-06 1.62653e-06 1.59419e-06 1.56243e-06 1.53125e-06 1.50063e-06 1.47056e-06 1.44104e-06 1.41206e-06 1.38361e-06 1.35568e-06 1.32827e-06 1.30136e-06 1.27496e-06 1.24904e-06 1.22361e-06 1.19865e-06 1.17417e-06
5.41699e-05 6.80527e-06 6.71751e-06 6.62982e-06 6.54226e-06 6.45488e-06 6.36772e-06 6.28084e-06 6.19426e-06 6.10802e-06 6.02218e-06 5.93675e-06 5.85178e-06 5.76729e-06 5.68332e-06 5.59988e-06 5.51702e-06 5.43474e-06 5.35308e-06 5.27205e-06 5.19168e-06 5.11198e-06 5.03297e-06 4.95467e-06 4.87709e-06 4.80024e-06 4.72414e-06 4.6488e-06 4.57422e-06 4.50042e-06 4.42741e-06 4.35519e-06 4.28377e-06 4.21316e-06 4.14335e-06 4.07436e-06 4.00619e-06 3.93884e-06 3.87231e-06 3.80661e-06 3.74173e-06 3.67768e-06 3.61445e-06 3.55205e-06 3.49047e-06 3.42972e-06 3.36978e-06 3.31067e-06 3.25236e-06 3.19487e-06 3.13819e-06 3.08231e-06 3.02723e-06 2.97294e-06 2.91945e-06 2.86674e-06 2.81482e-06 2.76366e-06 2.71328e-06 2.66366e-06 2.61479e-06 2.56668e-06 2.51931e-06 2.47267e-06 2.42677e-06 2.38159e-06 2.33713e-06 2.29338e-06 2.25033e-06 2.20797e-06 2.1663e-06 2.12532e-06 2.085e-06 2.04535e-06 2.00636e-06 1.96802e-06 1.93032e-06 1.89325e-06 1.85681e-06 1.82099e-06 1.78578e-06 1.75117e-06 1.71716e-06 1.68373e-06 1.65089e-06 1.61862e-06 1.58691e-06 1.55576e-06 1.52516e-06 1.4951e-06 1.46557e-06 1.43657e-06 1.40809e-06 1.38012e-06 1.35265e-06 1.32568e-06 1.2992e-06 1.2732e-06 1.24767e-06 1.22261e-06 1.19801e-06
5.25741e-05 6.64612e-06 6.56492e-06 6.4836e-06 6.40224e-06 6.32087e-06 6.23955e-06 6.15833e-06 6.07725e-06 5.99636e-06 5.91569e-06 5.83529e-06 5.75518e-06 5.67542e-06 5.59602e-06 5.51702e-06 5.43844e-06 5.36033e-06 5.28269e-06 5.20557e-06 5.12897e-06 5.05292e-06 4.97744e-06 4.90256e-06 4.82827e-06 4.75462e-06 4.6816e-06 4.60923e-06 4.53753e-06 4.46651e-06 4.39618e-06 4.32654e-06 4.25761e-06 4.1894e-06 4.12191e-06 4.05515e-06 3.98912e-06 3.92384e-06 3.8593e-06 3.79551e-06 3.73247e-06 3.67019e-06 3.60866e-06 3.54789e-06 3.48787e-06 3.42862e-06 3.37012e-06 3.31238e-06 3.2554e-06 3.19917e-06 3.14369e-06 3.08897e-06 3.03499e-06 2.98176e-06 2.92927e-06 2.87752e-06 2.8265e-06 2.77622e-06 2.72666e-06 2.67782e-06 2.6297e-06 2.58229e-06 2.53558e-06 2.48958e-06 2.44427e-06 2.39966e-06 2.35572e-06 2.31247e-06 2.26988e-06 2.22796e-06 2.1867e-06 2.14609e-06 2.10613e-06 2.06681e-06 2.02812e-06 1.99005e-06 1.95261e-06 1.91577e-06 1.87954e-06 1.84391e-06 1.80887e-06 1.77442e-06 1.74054e-06 1.70723e-06 1.67448e-06 1.6423e-06 1.61065e-06 1.57956e-06 1.54899e-06 1.51895e-06 1.48944e-06 1.46043e-06 1.43194e-06 1.40394e-06 1.37644e-06 1.34942e-06 1.32288e-06 1.29681e-06 1.27121e-06 1.24606e-06 1.22137e-06
5.10253e-05 6.49045e-06 6.41552e-06 6.34031e-06 6.26489e-06 6.18929e-06 6.11358e-06 6.03781e-06 5.96202e-06 5.88627e-06 5.81059e-06 5.73503e-06 5.65963e-06 5.58443e-06 5.50945e-06 5.43474e-06 5.36033e-06 5.28624e-06 5.21252e-06 5.13918e-06 5.06624e-06 4.99375e-06 4.92171e-06 4.85014e-06 4.77908e-06 4.70854e-06 4.63853e-06 4.56907e-06 4.50018e-06 4.43188e-06 4.36417e-06 4.29706e-06 4.23058e-06 4.16473e-06 4.09951e-06 4.03495e-06 3.97104e-06 3.90779e-06 3.84521e-06 3.78331e-06 3.72209e-06 3.66156e-06 3.60171e-06 3.54255e-06 3.48409e-06 3.42633e-06 3.36926e-06 3.3129e-06 3.25723e-06 3.20226e-06 3.14799e-06 3.09443e-06 3.04155e-06 2.98938e-06 2.9379e-06 2.88711e-06 2.83701e-06 2.7876e-06 2.73888e-06 2.69083e-06 2.64346e-06 2.59677e-06 2.55074e-06 2.50538e-06 2.46068e-06 2.41664e-06 2.37325e-06 2.3305e-06 2.2884e-06 2.24693e-06 2.20609e-06 2.16588e-06 2.12629e-06 2.08731e-06 2.04894e-06 2.01117e-06 1.97399e-06 1.93741e-06 1.90141e-06 1.86599e-06 1.83114e-06 1.79685e-06 1.76312e-06 1.72995e-06 1.69732e-06 1.66523e-06 1.63367e-06 1.60264e-06 1.57213e-06 1.54214e-06 1.51265e-06 1.48366e-06 1.45516e-06 1.42716e-06 1.39963e-06 1.37258e-06 1.346e-06 1.31988e-06 1.29421e-06 1.269e-06 1.24423e-06
4.95221e-05 6.33817e-06 6.26926e-06 6.1999e-06 6.13017e-06 6.06011e-06 5.98979e-06 5.91926e-06 5.84856e-06 5.77776e-06 5.70689e-06 5.636e-06 5.56514e-06 5.49434e-06 5.42364e-06 5.35308e-06 5.28269e-06 5.21252e-06 5.14258e-06 5.07291e-06 5.00354e-06 4.9345e-06 4.8658e-06 4.79748e-06 4.72955e-06 4.66204e-06 4.59497e-06 4.52836e-06 4.46222e-06 4.39657e-06 4.33143e-06 4.26681e-06 4.20273e-06 4.13919e-06 4.07621e-06 4.01381e-06 3.95198e-06 3.89074e-06 3.8301e-06 3.77006e-06 3.71064e-06 3.65183e-06 3.59365e-06 3.5361e-06 3.47918e-06 3.4229e-06 3.36725e-06 3.31225e-06 3.2579e-06 3.20419e-06 3.15113e-06 3.09871e-06 3.04695e-06 2.99583e-06 2.94537e-06 2.89555e-06 2.84637e-06 2.79785e-06 2.74996e-06 2.70272e-06 2.65611e-06 2.61014e-06 2.56481e-06 2.5201e-06 2.47602e-06 2.43257e-06 2.38973e-06 2.34751e-06 2.3059e-06 2.2649e-06 2.2245e-06 2.1847e-06 2.14549e-06 2.10687e-06 2.06883e-06 2.03137e-06 1.99449e-06 1.95817e-06 1.92242e-06 1.88722e-06 1.85258e-06 1.81848e-06 1.78492e-06 1.75189e-06 1.7194e-06 1.68742e-06 1.65597e-06 1.62502e-06 1.59458e-06 1.56465e-06 1.5352e-06 1.50624e-06 1.47777e-06 1.44977e-06 1.42224e-06 1.39517e-06 1.36856e-06 1.34241e-06 1.3167e-06 1.29143e-06 1.26659e-06
4.80632e-05 6.18924e-06 6.12608e-06 6.06233e-06 5.99805e-06 5.9333e-06 5.86815e-06 5.80265e-06 5.73685e-06 5.67081e-06 5.60458e-06 5.53819e-06 5.47171e-06 5.40516e-06 5.3386e-06 5.27205e-06 5.20557e-06 5.13918e-06 5.07291e-06 5.00681e-06 4.9409e-06 4.87521e-06 4.80976e-06 4.74459e-06 4.67972e-06 4.61517e-06 4.55097e-06 4.48714e-06 4.42368e-06 4.36064e-06 4.29801e-06 4.23583e-06 4.1741e-06 4.11283e-06 4.05205e-06 3.99177e-06 3.93199e-06 3.87273e-06 3.814e-06 3.75581e-06 3.69816e-06 3.64106e-06 3.58453e-06 3.52856e-06 3.47317e-06 3.41836e-06 3.36413e-06 3.31049e-06 3.25744e-06 3.20498e-06 3.15312e-06 3.10187e-06 3.05121e-06 3.00115e-06 2.9517e-06 2.90286e-06 2.85461e-06 2.80697e-06 2.75994e-06 2.7135e-06 2.66767e-06 2.62243e-06 2.5778e-06 2.53376e-06 2.49031e-06 2.44745e-06 2.40519e-06 2.3635e-06 2.3224e-06 2.28188e-06 2.24193e-06 2.20256e-06 2.16375e-06 2.1255e-06 2.08782e-06 2.05069e-06 2.01411e-06 1.97807e-06 1.94258e-06 1.90762e-06 1.8732e-06 1.8393e-06 1.80593e-06 1.77307e-06 1.74072e-06 1.70888e-06 1.67755e-06 1.6467e-06 1.61635e-06 1.58649e-06 1.5571e-06 1.52819e-06 1.49975e-06 1.47177e-06 1.44425e-06 1.41719e-06 1.39057e-06 1.36439e-06 1.33865e-06 1.31334e-06 1.28845e-06
4.66473e-05 6.04358e-06 5.98592e-06 5.92753e-06 5.86848e-06 5.80883e-06 5.74865e-06 5.68798e-06 5.62689e-06 5.56543e-06 5.50366e-06 5.44161e-06 5.37935e-06 5.31691e-06 5.25434e-06 5.19168e-06 5.12897e-06 5.06624e-06 5.00354e-06 4.9409e-06 4.87834e-06 4.81591e-06 4.75363e-06 4.69153e-06 4.62964e-06 4.56798e-06 4.50657e-06 4.44545e-06 4.38462e-06 4.32412e-06 4.26396e-06 4.20416e-06 4.14473e-06 4.0857e-06 4.02708e-06 3.96888e-06 3.91112e-06 3.85381e-06 3.79696e-06 3.74058e-06 3.68469e-06 3.62928e-06 3.57438e-06 3.51999e-06 3.46611e-06 3.41275e-06 3.35993e-06 3.30764e-06 3.25589e-06 3.20468e-06 3.15402e-06 3.10392e-06 3.05437e-06 3.00537e-06 2.95694e-06 2.90907e-06 2.86176e-06 2.81501e-06 2.76883e-06 2.72321e-06 2.67816e-06 2.63367e-06 2.58974e-06 2.54637e-06 2.50357e-06 2.46132e-06 2.41964e-06 2.3785e-06 2.33792e-06 2.29789e-06 2.25841e-06 2.21948e-06 2.18108e-06 2.14323e-06 2.1059e-06 2.06912e-06 2.03286e-06 1.99712e-06 1.9619e-06 1.9272e-06 1.89302e-06 1.85934e-06 1.82616e-06 1.79349e-06 1.76131e-06 1.72962e-06 1.69841e-06 1.66769e-06 1.63744e-06 1.60766e-06 1.57835e-06 1.54951e-06 1.52111e-06 1.49317e-06 1.46568e-06 1.43863e-06 1.41201e-06 1.38583e-06 1.36007e-06 1.33473e-06 1.30981e-06
4.52731e-05 5.90113e-06 5.84873e-06 5.79548e-06 5.74144e-06 5.68667e-06 5.63125e-06 5.57522e-06 5.51866e-06 5.46161e-06 5.40413e-06 5.34627e-06 5.28808e-06 5.2296e-06 5.17089e-06 5.11198e-06 5.05292e-06 4.99375e-06 4.9345e-06 4.87521e-06 4.81591e-06 4.75665e-06 4.69744e-06 4.63833e-06 4.57933e-06 4.52048e-06 4.46181e-06 4.40333e-06 4.34507e-06 4.28706e-06 4.22931e-06 4.17184e-06 4.11468e-06 4.05784e-06 4.00134e-06 3.94519e-06 3.88941e-06 3.83402e-06 3.77902e-06 3.72443e-06 3.67027e-06 3.61653e-06 3.56324e-06 3.5104e-06 3.45803e-06 3.40612e-06 3.35469e-06 3.30374e-06 3.25328e-06 3.20332e-06 3.15386e-06 3.1049e-06 3.05646e-06 3.00853e-06 2.96111e-06 2.91422e-06 2.86784e-06 2.82199e-06 2.77667e-06 2.73188e-06 2.68761e-06 2.64387e-06 2.60066e-06 2.55798e-06 2.51583e-06 2.4742e-06 2.4331e-06 2.39253e-06 2.35248e-06 2.31296e-06 2.27396e-06 2.23547e-06 2.1975e-06 2.16005e-06 2.12311e-06 2.08668e-06 2.05075e-06 2.01533e-06 1.9804e-06 1.94598e-06 1.91204e-06 1.87859e-06 1.84564e-06 1.81316e-06 1.78116e-06 1.74963e-06 1.71857e-06 1.68798e-06 1.65785e-06 1.62818e-06 1.59896e-06 1.57019e-06 1.54186e-06 1.51397e-06 1.48652e-06 1.4595e-06 1.4329e-06 1.40672e-06 1.38097e-06 1.35562e-06 1.33068e-06
4.39394e-05 5.76182e-06 5.71446e-06 5.66611e-06 5.61687e-06 5.56678e-06 5.51593e-06 5.46436e-06 5.41215e-06 5.35934e-06 5.30599e-06 5.25216e-06 5.19789e-06 5.14324e-06 5.08825e-06 5.03297e-06 4.97744e-06 4.92171e-06 4.8658e-06 4.80976e-06 4.75363e-06 4.69744e-06 4.64123e-06 4.58502e-06 4.52884e-06 4.47274e-06 4.41672e-06 4.36083e-06 4.30507e-06 4.24949e-06 4.1941e-06 4.13892e-06 4.08397e-06 4.02928e-06 3.97486e-06 3.92073e-06 3.8669e-06 3.81339e-06 3.76022e-06 3.7074e-06 3.65494e-06 3.60286e-06 3.55116e-06 3.49986e-06 3.44897e-06 3.39849e-06 3.34844e-06 3.29883e-06 3.24966e-06 3.20093e-06 3.15266e-06 3.10485e-06 3.05751e-06 3.01064e-06 2.96424e-06 2.91833e-06 2.87289e-06 2.82794e-06 2.78349e-06 2.73952e-06 2.69604e-06 2.65306e-06 2.61058e-06 2.56859e-06 2.5271e-06 2.4861e-06 2.44561e-06 2.40561e-06 2.3661e-06 2.32709e-06 2.28858e-06 2.25056e-06 2.21303e-06 2.17599e-06 2.13944e-06 2.10338e-06 2.0678e-06 2.0327e-06 1.99809e-06 1.96394e-06 1.93028e-06 1.89708e-06 1.86435e-06 1.83208e-06 1.80028e-06 1.76893e-06 1.73803e-06 1.70759e-06 1.67759e-06 1.64804e-06 1.61893e-06 1.59025e-06 1.562e-06 1.53418e-06 1.50678e-06 1.4798e-06 1.45323e-06 1.42708e-06 1.40133e-06 1.37599e-06 1.35104e-06
4.2645e-05 5.62561e-06 5.58304e-06 5.5394e-06 5.49474e-06 5.44914e-06 5.40267e-06 5.35538e-06 5.30734e-06 5.2586e-06 5.20923e-06 5.15928e-06 5.1088e-06 5.05784e-06 5.00645e-06 4.95467e-06 4.90256e-06 4.85014e-06 4.79748e-06 4.74459e-06 4.69153e-06 4.63833e-06 4.58502e-06 4.53163e-06 4.47821e-06 4.42477e-06 4.37135e-06 4.31797e-06 4.26467e-06 4.21146e-06 4.15837e-06 4.10543e-06 4.05266e-06 4.00007e-06 3.94769e-06 3.89554e-06 3.84362e-06 3.79197e-06 3.7406e-06 3.68952e-06 3.63874e-06 3.58829e-06 3.53816e-06 3.48839e-06 3.43896e-06 3.38991e-06 3.34123e-06 3.29294e-06 3.24504e-06 3.19755e-06 3.15046e-06 3.1038e-06 3.05756e-06 3.01174e-06 2.96636e-06 2.92143e-06 2.87694e-06 2.83289e-06 2.7893e-06 2.74616e-06 2.70349e-06 2.66127e-06 2.61952e-06 2.57823e-06 2.5374e-06 2.49705e-06 2.45716e-06 2.41774e-06 2.37879e-06 2.34031e-06 2.3023e-06 2.26476e-06 2.22768e-06 2.19107e-06 2.15492e-06 2.11924e-06 2.08402e-06 2.04927e-06 2.01497e-06 1.98112e-06 1.94773e-06 1.9148e-06 1.88231e-06 1.85027e-06 1.81867e-06 1.78752e-06 1.7568e-06 1.72652e-06 1.69667e-06 1.66725e-06 1.63825e-06 1.60968e-06 1.58152e-06 1.55378e-06 1.52645e-06 1.49953e-06 1.47301e-06 1.44689e-06 1.42117e-06 1.39584e-06 1.3709e-06
4.13887e-05 5.49242e-06 5.45444e-06 5.41528e-06 5.37502e-06 5.33371e-06 5.29144e-06 5.24825e-06 5.20422e-06 5.1594e-06 5.11386e-06 5.06764e-06 5.0208e-06 4.9734e-06 4.92548e-06 4.87709e-06 4.82827e-06 4.77908e-06 4.72955e-06 4.67972e-06 4.62964e-06 4.57933e-06 4.52884e-06 4.47821e-06 4.42745e-06 4.37661e-06 4.32572e-06 4.2748e-06 4.22389e-06 4.173e-06 4.12217e-06 4.07142e-06 4.02077e-06 3.97025e-06 3.91987e-06 3.86966e-06 3.81963e-06 3.7698e-06 3.7202e-06 3.67083e-06 3.62171e-06 3.57286e-06 3.5243e-06 3.47602e-06 3.42805e-06 3.38041e-06 3.33309e-06 3.28611e-06 3.23948e-06 3.1932e-06 3.1473e-06 3.10177e-06 3.05663e-06 3.01187e-06 2.96751e-06 2.92355e-06 2.88e-06 2.83686e-06 2.79414e-06 2.75184e-06 2.70996e-06 2.66852e-06 2.6275e-06 2.58692e-06 2.54677e-06 2.50706e-06 2.46779e-06 2.42897e-06 2.39058e-06 2.35263e-06 2.31513e-06 2.27808e-06 2.24146e-06 2.20529e-06 2.16956e-06 2.13427e-06 2.09943e-06 2.06502e-06 2.03105e-06 1.99752e-06 1.96442e-06 1.93176e-06 1.89953e-06 1.86773e-06 1.83636e-06 1.80541e-06 1.77488e-06 1.74477e-06 1.71509e-06 1.68581e-06 1.65695e-06 1.62849e-06 1.60044e-06 1.5728e-06 1.54555e-06 1.5187e-06 1.49224e-06 1.46617e-06 1.44048e-06 1.41518e-06 1.39026e-06
4.01694e-05 5.36219e-06 5.3286e-06 5.29373e-06 5.25766e-06 5.22047e-06 5.18221e-06 5.14296e-06 5.10278e-06 5.06172e-06 5.01985e-06 4.97723e-06 4.93391e-06 4.88993e-06 4.84536e-06 4.80024e-06 4.75462e-06 4.70854e-06 4.66204e-06 4.61517e-06 4.56798e-06 4.52048e-06 4.47274e-06 4.42477e-06 4.37661e-06 4.32831e-06 4.27988e-06 4.23136e-06 4.18277e-06 4.13415e-06 4.08553e-06 4.03692e-06 3.98835e-06 3.93985e-06 3.89143e-06 3.84313e-06 3.79495e-06 3.74692e-06 3.69905e-06 3.65137e-06 3.60389e-06 3.55662e-06 3.50959e-06 3.4628e-06 3.41627e-06 3.37002e-06 3.32404e-06 3.27836e-06 3.23299e-06 3.18793e-06 3.1432e-06 3.0988e-06 3.05475e-06 3.01105e-06 2.9677e-06 2.92472e-06 2.88211e-06 2.83988e-06 2.79803e-06 2.75657e-06 2.7155e-06 2.67483e-06 2.63455e-06 2.59468e-06 2.55522e-06 2.51616e-06 2.47752e-06 2.43929e-06 2.40148e-06 2.36408e-06 2.3271e-06 2.29054e-06 2.25439e-06 2.21867e-06 2.18337e-06 2.14849e-06 2.11403e-06 2.07998e-06 2.04636e-06 2.01315e-06 1.98036e-06 1.94798e-06 1.91602e-06 1.88447e-06 1.85333e-06 1.8226e-06 1.79228e-06 1.76236e-06 1.73285e-06 1.70373e-06 1.67501e-06 1.64669e-06 1.61876e-06 1.59122e-06 1.56407e-06 1.5373e-06 1.51091e-06 1.4849e-06 1.45927e-06 1.43401e-06 1.40912e-06
3.8986e-05 5.23487e-06 5.20545e-06 5.17468e-06 5.14263e-06 5.10937e-06 5.07496e-06 5.03949e-06 5.00299e-06 4.96555e-06 4.92722e-06 4.88806e-06 4.84811e-06 4.80745e-06 4.76611e-06 4.72414e-06 4.6816e-06 4.63853e-06 4.59497e-06 4.55097e-06 4.50657e-06 4.46181e-06 4.41672e-06 4.37135e-06 4.32572e-06 4.27988e-06 4.23385e-06 4.18766e-06 4.14135e-06 4.09495e-06 4.04848e-06 4.00196e-06 3.95543e-06 3.90891e-06 3.86242e-06 3.81598e-06 3.76962e-06 3.72335e-06 3.6772e-06 3.63118e-06 3.58531e-06 3.5396e-06 3.49408e-06 3.44876e-06 3.40365e-06 3.35877e-06 3.31413e-06 3.26974e-06 3.22561e-06 3.18176e-06 3.1382e-06 3.09492e-06 3.05196e-06 3.0093e-06 2.96697e-06 2.92497e-06 2.8833e-06 2.84197e-06 2.801e-06 2.76038e-06 2.72012e-06 2.68022e-06 2.64069e-06 2.60154e-06 2.56276e-06 2.52437e-06 2.48636e-06 2.44874e-06 2.4115e-06 2.37466e-06 2.33821e-06 2.30215e-06 2.26649e-06 2.23123e-06 2.19636e-06 2.1619e-06 2.12783e-06 2.09416e-06 2.06089e-06 2.02802e-06 1.99555e-06 1.96347e-06 1.93179e-06 1.9005e-06 1.86961e-06 1.83911e-06 1.80901e-06 1.77929e-06 1.74996e-06 1.72101e-06 1.69245e-06 1.66428e-06 1.63648e-06 1.60906e-06 1.58201e-06 1.55534e-06 1.52904e-06 1.5031e-06 1.47753e-06 1.45232e-06 1.42747e-06
3.78375e-05 5.1104e-06 5.08497e-06 5.05811e-06 5.02989e-06 5.00039e-06 4.96967e-06 4.93781e-06 4.90486e-06 4.87089e-06 4.83595e-06 4.80012e-06 4.76343e-06 4.72594e-06 4.68772e-06 4.6488e-06 4.60923e-06 4.56907e-06 4.52836e-06 4.48714e-06 4.44545e-06 4.40333e-06 4.36083e-06 4.31797e-06 4.2748e-06 4.23136e-06 4.18766e-06 4.14375e-06 4.09966e-06 4.05542e-06 4.01105e-06 3.96659e-06 3.92205e-06 3.87747e-06 3.83286e-06 3.78826e-06 3.74368e-06 3.69914e-06 3.65467e-06 3.61028e-06 3.566e-06 3.52183e-06 3.47781e-06 3.43393e-06 3.39023e-06 3.34671e-06 3.30339e-06 3.26027e-06 3.21738e-06 3.17473e-06 3.13232e-06 3.09016e-06 3.04828e-06 3.00667e-06 2.96535e-06 2.92432e-06 2.88359e-06 2.84317e-06 2.80307e-06 2.76329e-06 2.72384e-06 2.68472e-06 2.64595e-06 2.60751e-06 2.56943e-06 2.5317e-06 2.49433e-06 2.45732e-06 2.42067e-06 2.38439e-06 2.34848e-06 2.31294e-06 2.27777e-06 2.24298e-06 2.20856e-06 2.17452e-06 2.14086e-06 2.10757e-06 2.07467e-06 2.04214e-06 2.01e-06 1.97823e-06 1.94684e-06 1.91583e-06 1.8852e-06 1.85494e-06 1.82506e-06 1.79556e-06 1.76643e-06 1.73767e-06 1.70928e-06 1.68126e-06 1.6536e-06 1.62631e-06 1.59939e-06 1.57282e-06 1.54662e-06 1.52077e-06 1.49527e-06 1.47013e-06 1.44534e-06
3.67228e-05 4.98872e-06 4.96709e-06 4.94395e-06 4.9194e-06 4.8935e-06 4.86631e-06 4.83791e-06 4.80836e-06 4.77771e-06 4.74604e-06 4.7134e-06 4.67984e-06 4.64543e-06 4.6102e-06 4.57422e-06 4.53753e-06 4.50018e-06 4.46222e-06 4.42368e-06 4.38462e-06 4.34507e-06 4.30507e-06 4.26467e-06 4.22389e-06 4.18277e-06 4.14135e-06 4.09966e-06 4.05774e-06 4.0156e-06 3.97329e-06 3.93082e-06 3.88824e-06 3.84555e-06 3.80279e-06 3.75999e-06 3.71716e-06 3.67432e-06 3.6315e-06 3.58872e-06 3.546e-06 3.50335e-06 3.4608e-06 3.41835e-06 3.37603e-06 3.33386e-06 3.29184e-06 3.24999e-06 3.20832e-06 3.16685e-06 3.12559e-06 3.08455e-06 3.04374e-06 3.00317e-06 2.96285e-06 2.92279e-06 2.883e-06 2.84349e-06 2.80426e-06 2.76533e-06 2.72669e-06 2.68835e-06 2.65033e-06 2.61263e-06 2.57524e-06 2.53818e-06 2.50146e-06 2.46506e-06 2.42901e-06 2.3933e-06 2.35793e-06 2.32291e-06 2.28824e-06 2.25393e-06 2.21997e-06 2.18636e-06 2.15311e-06 2.12022e-06 2.08769e-06 2.05553e-06 2.02372e-06 1.99227e-06 1.96119e-06 1.93046e-06 1.9001e-06 1.8701e-06 1.84046e-06 1.81118e-06 1.78226e-06 1.75369e-06 1.72549e-06 1.69764e-06 1.67014e-06 1.64299e-06 1.6162e-06 1.58975e-06 1.56366e-06 1.5379e-06 1.51249e-06 1.48743e-06 1.4627e-06
3.5641e-05 4.86978e-06 4.85176e-06 4.83218e-06 4.81113e-06 4.78866e-06 4.76485e-06 4.73976e-06 4.71347e-06 4.68602e-06 4.65748e-06 4.62791e-06 4.59737e-06 4.5659e-06 4.53357e-06 4.50042e-06 4.46651e-06 4.43188e-06 4.39657e-06 4.36064e-06 4.32412e-06 4.28706e-06 4.24949e-06 4.21146e-06 4.173e-06 4.13415e-06 4.09495e-06 4.05542e-06 4.0156e-06 3.97552e-06 3.93522e-06 3.89471e-06 3.85403e-06 3.8132e-06 3.77225e-06 3.73121e-06 3.69009e-06 3.64892e-06 3.60773e-06 3.56653e-06 3.52534e-06 3.48419e-06 3.44308e-06 3.40205e-06 3.3611e-06 3.32025e-06 3.27952e-06 3.23892e-06 3.19847e-06 3.15817e-06 3.11805e-06 3.07811e-06 3.03837e-06 2.99884e-06 2.95952e-06 2.92043e-06 2.88157e-06 2.84296e-06 2.80461e-06 2.76651e-06 2.72869e-06 2.69114e-06 2.65387e-06 2.6169e-06 2.58021e-06 2.54383e-06 2.50775e-06 2.47199e-06 2.43653e-06 2.4014e-06 2.36658e-06 2.33209e-06 2.29793e-06 2.2641e-06 2.2306e-06 2.19744e-06 2.16462e-06 2.13213e-06 2.09999e-06 2.06818e-06 2.03673e-06 2.00561e-06 1.97484e-06 1.94441e-06 1.91433e-06 1.8846e-06 1.85521e-06 1.82616e-06 1.79746e-06 1.7691e-06 1.74109e-06 1.71342e-06 1.68609e-06 1.6591e-06 1.63244e-06 1.60613e-06 1.58015e-06 1.55451e-06 1.5292e-06 1.50422e-06 1.47957e-06
3.4591e-05 4.75351e-06 4.73893e-06 4.72275e-06 4.70503e-06 4.68585e-06 4.66527e-06 4.64335e-06 4.62017e-06 4.59579e-06 4.57026e-06 4.54364e-06 4.51599e-06 4.48737e-06 4.45783e-06 4.42741e-06 4.39618e-06 4.36417e-06 4.33143e-06 4.29801e-06 4.26396e-06 4.22931e-06 4.1941e-06 4.15837e-06 4.12217e-06 4.08553e-06 4.04848e-06 4.01105e-06 3.97329e-06 3.93522e-06 3.89687e-06 3.85827e-06 3.81945e-06 3.78044e-06 3.74126e-06 3.70195e-06 3.66251e-06 3.62298e-06 3.58338e-06 3.54374e-06 3.50406e-06 3.46437e-06 3.4247e-06 3.38505e-06 3.34545e-06 3.30592e-06 3.26646e-06 3.2271e-06 3.18785e-06 3.14872e-06 3.10972e-06 3.07088e-06 3.0322e-06 2.99369e-06 2.95537e-06 2.91724e-06 2.87932e-06 2.84161e-06 2.80413e-06 2.76688e-06 2.72986e-06 2.6931e-06 2.65659e-06 2.62035e-06 2.58437e-06 2.54866e-06 2.51324e-06 2.4781e-06 2.44325e-06 2.4087e-06 2.37444e-06 2.34049e-06 2.30684e-06 2.2735e-06 2.24048e-06 2.20777e-06 2.17538e-06 2.14331e-06 2.11156e-06 2.08013e-06 2.04903e-06 2.01825e-06 1.98781e-06 1.95769e-06 1.9279e-06 1.89844e-06 1.86931e-06 1.84051e-06 1.81204e-06 1.7839e-06 1.75609e-06 1.72861e-06 1.70145e-06 1.67463e-06 1.64813e-06 1.62196e-06 1.59611e-06 1.57059e-06 1.54538e-06 1.5205e-06 1.49594e-06
3.3572e-05 4.63986e-06 4.62857e-06 4.61562e-06 4.60108e-06 4.58503e-06 4.56753e-06 4.54866e-06 4.52846e-06 4.50701e-06 4.48437e-06 4.46058e-06 4.43572e-06 4.40983e-06 4.38297e-06 4.35519e-06 4.32654e-06 4.29706e-06 4.26681e-06 4.23583e-06 4.20416e-06 4.17184e-06 4.13892e-06 4.10543e-06 4.07142e-06 4.03692e-06 4.00196e-06 3.96659e-06 3.93082e-06 3.89471e-06 3.85827e-06 3.82154e-06 3.78454e-06 3.74731e-06 3.70986e-06 3.67224e-06 3.63445e-06 3.59653e-06 3.5585e-06 3.52037e-06 3.48218e-06 3.44394e-06 3.40568e-06 3.3674e-06 3.32913e-06 3.29089e-06 3.25269e-06 3.21455e-06 3.17649e-06 3.13851e-06 3.10064e-06 3.06288e-06 3.02525e-06 2.98776e-06 2.95043e-06 2.91326e-06 2.87627e-06 2.83946e-06 2.80285e-06 2.76643e-06 2.73024e-06 2.69426e-06 2.65851e-06 2.623e-06 2.58772e-06 2.5527e-06 2.51793e-06 2.48343e-06 2.44919e-06 2.41522e-06 2.38153e-06 2.34812e-06 2.31499e-06 2.28216e-06 2.24961e-06 2.21736e-06 2.18541e-06 2.15376e-06 2.12241e-06 2.09137e-06 2.06063e-06 2.03021e-06 2.0001e-06 1.97029e-06 1.9408e-06 1.91163e-06 1.88277e-06 1.85423e-06 1.826e-06 1.79809e-06 1.77049e-06 1.74321e-06 1.71624e-06 1.6896e-06 1.66326e-06 1.63724e-06 1.61154e-06 1.58614e-06 1.56106e-06 1.53629e-06 1.51183e-06
3.2583e-05 4.52879e-06 4.52061e-06 4.51074e-06 4.49924e-06 4.48618e-06 4.47163e-06 4.45565e-06 4.43831e-06 4.41968e-06 4.3998e-06 4.37874e-06 4.35655e-06 4.33329e-06 4.30902e-06 4.28377e-06 4.25761e-06 4.23058e-06 4.20273e-06 4.1741e-06 4.14473e-06 4.11468e-06 4.08397e-06 4.05266e-06 4.02077e-06 3.98835e-06 3.95543e-06 3.92205e-06 3.88824e-06 3.85403e-06 3.81945e-06 3.78454e-06 3.74932e-06 3.71383e-06 3.67808e-06 3.64211e-06 3.60594e-06 3.56959e-06 3.5331e-06 3.49647e-06 3.45974e-06 3.42292e-06 3.38604e-06 3.34911e-06 3.31216e-06 3.27519e-06 3.23824e-06 3.20131e-06 3.16442e-06 3.12758e-06 3.09082e-06 3.05413e-06 3.01755e-06 2.98108e-06 2.94473e-06 2.90851e-06 2.87244e-06 2.83653e-06 2.80078e-06 2.76521e-06 2.72983e-06 2.69463e-06 2.65964e-06 2.62486e-06 2.5903e-06 2.55596e-06 2.52186e-06 2.48799e-06 2.45436e-06 2.42099e-06 2.38786e-06 2.355e-06 2.3224e-06 2.29007e-06 2.25801e-06 2.22623e-06 2.19472e-06 2.1635e-06 2.13256e-06 2.10192e-06 2.07156e-06 2.04149e-06 2.01172e-06 1.98224e-06 1.95306e-06 1.92418e-06 1.8956e-06 1.86732e-06 1.83935e-06 1.81167e-06 1.7843e-06 1.75723e-06 1.73047e-06 1.704e-06 1.67784e-06 1.65199e-06 1.62643e-06 1.60118e-06 1.57622e-06 1.55157e-06 1.52722e-06
