0.398634 0.125166 0.0389887 0.0132515 0.00188732 0.000194954 1.70849e-05 1.359e-06 1.01609e-07 7.28574e-09 5.07199e-10 3.45529e-11 2.31574e-12 1.53243e-13 1.0039e-14 6.52283e-16 4.20961e-17 2.70132e-18 1.72508e-19 1.09706e-20 6.95147e-22 4.39074e-23 2.7655e-24 1.73747e-25 1.08913e-26 6.81326e-28 4.25429e-29 2.65196e-30 1.65058e-31 1.0256e-32 6.36597e-34
0.125166 0.0452637 0.0179924 0.00158923 0.00011078 7.06721e-06 4.33403e-07 2.60905e-08 1.557e-09 9.25541e-11 5.49342e-12 3.25943e-13 1.93438e-14 1.14856e-15 6.82384e-17 4.05668e-18 2.41311e-19 1.43625e-20 8.55296e-22 5.09582e-23 3.03744e-24 1.81125e-25 1.08047e-26 6.44755e-28 3.8487e-29 2.29805e-30 1.37252e-31 8.19941e-33 4.89854e-34 2.8058e-35 1.67749e-36
0.0389887 0.0179924 0.00128964 8.50063e-05 5.29077e-06 3.19263e-07 1.89769e-08 1.12066e-09 6.60394e-11 3.8916e-12 2.29539e-13 1.35562e-14 8.01684e-16 4.74704e-17 2.81417e-18 1.67007e-19 9.92021e-21 5.89748e-22 3.50857e-23 2.08869e-24 1.24414e-25 7.4146e-27 4.42086e-28 2.63698e-29 1.5735e-30 9.39239e-32 5.60813e-33 3.34915e-34 1.95234e-35 1.16405e-36 6.95912e-38
0.0132515 0.00158923 8.50063e-05 4.80938e-06 2.75904e-07 1.58905e-08 9.17852e-10 5.31951e-11 3.09424e-12 1.80627e-13 1.05783e-14 6.21282e-16 3.65782e-17 2.15805e-18 1.27548e-19 7.54992e-21 4.47481e-22 2.65517e-23 1.577e-24 9.37429e-26 5.57656e-27 3.31954e-28 1.97716e-29 1.17822e-30 7.02449e-32 4.18969e-33 2.49969e-34 1.47249e-35 8.77613e-37 5.23091e-38 3.12576e-39
0.00188732 0.00011078 5.29077e-06 2.75904e-07 1.50204e-08 8.36622e-10 4.72674e-11 2.69785e-12 1.55198e-13 8.98399e-15 5.22695e-16 3.05359e-17 1.78992e-18 1.0521e-19 6.19849e-21 3.65891e-22 2.16336e-23 1.28088e-24 7.59298e-26 4.50573e-27 2.67616e-28 1.59076e-29 9.46237e-31 5.63205e-32 3.35409e-33 1.99842e-34 1.18335e-35 7.0483e-37 4.19859e-38 2.50105e-39 1.49347e-40
0.000194954 7.06721e-06 3.19263e-07 1.58905e-08 8.36622e-10 4.55352e-11 2.53143e-12 1.42804e-13 8.14277e-15 4.68112e-16 2.70826e-17 1.5748e-18 9.19443e-20 5.38594e-21 3.16363e-22 1.86251e-23 1.09861e-24 6.49081e-26 3.84028e-27 2.27485e-28 1.34896e-29 8.00665e-31 4.75616e-32 2.82733e-33 1.68178e-34 9.97726e-36 5.93698e-37 3.5337e-38 2.10352e-39 1.25216e-40 7.47108e-42
1.70849e-05 4.33403e-07 1.89769e-08 9.17852e-10 4.72674e-11 2.53143e-12 1.39074e-13 7.77579e-15 4.40299e-16 2.51694e-17 1.44935e-18 8.39395e-20 4.88377e-21 2.8521e-22 1.67073e-23 9.81209e-25 5.775e-26 3.40517e-27 2.01099e-28 1.18925e-29 7.04125e-31 4.17331e-32 2.47578e-33 1.46992e-34 8.72015e-36 5.18231e-37 3.08117e-38 1.83247e-39 1.09e-40 6.48358e-42 3.86533e-43
1.359e-06 2.60905e-08 1.12066e-09 5.31951e-11 2.69785e-12 1.42804e-13 7.77579e-15 4.31736e-16 2.43097e-17 1.38318e-18 7.93319e-20 4.57868e-21 2.65586e-22 1.54681e-23 9.03898e-25 5.29681e-26 3.11123e-27 1.83113e-28 1.07958e-29 6.37443e-31 3.76871e-32 2.2307e-33 1.32169e-34 7.83236e-36 4.64749e-37 2.75944e-38 1.63924e-39 9.74126e-41 5.78993e-42 3.44146e-43 2.05009e-44
1.01609e-07 1.557e-09 6.60394e-11 3.09424e-12 1.55198e-13 8.14277e-15 4.40299e-16 2.43097e-17 1.36245e-18 7.72149e-20 4.41349e-21 2.53958e-22 1.46912e-23 8.5356e-25 4.97695e-26 2.91064e-27 1.70651e-28 1.00269e-29 5.90238e-31 3.48006e-32 2.05474e-33 1.21468e-34 7.18618e-36 4.25647e-37 2.52324e-38 1.49683e-39 8.88439e-41 5.27547e-42 3.13327e-43 1.86106e-44 1.10781e-45
7.28574e-09 9.25541e-11 3.8916e-12 1.80627e-13 8.98399e-15 4.68112e-16 2.51694e-17 1.38318e-18 7.72149e-20 4.3611e-21 2.48525e-22 1.42622e-23 8.23067e-25 4.77161e-26 2.7767e-27 1.62093e-28 9.48761e-30 5.56597e-31 3.27175e-32 1.92646e-33 1.13604e-34 6.70697e-36 3.9647e-37 2.34604e-38 1.38946e-39 8.23539e-41 4.88417e-42 2.89799e-43 1.72e-44 1.02094e-45 6.07292e-47
5.07199e-10 5.49342e-12 2.29539e-13 1.05783e-14 5.22695e-16 2.70826e-17 1.44935e-18 7.93319e-20 4.41349e-21 2.48525e-22 1.41249e-23 8.08644e-25 4.65653e-26 2.69421e-27 1.56498e-28 9.12051e-30 5.3302e-31 3.12255e-32 1.83304e-33 1.078e-34 6.34916e-36 3.74488e-37 2.21152e-38 1.30741e-39 7.73651e-41 4.58172e-42 2.71521e-43 1.6099e-44 9.54855e-46 5.66413e-47 3.36701e-48
3.45529e-11 3.25943e-13 1.35562e-14 6.21282e-16 3.05359e-17 1.5748e-18 8.39395e-20 4.57868e-21 2.53958e-22 1.42622e-23 8.08644e-25 4.61942e-26 2.65482e-27 1.53327e-28 8.89149e-30 5.17392e-31 3.01945e-32 1.76653e-33 1.03574e-34 6.08393e-36 3.57968e-37 2.10928e-38 1.24447e-39 7.35062e-41 4.34609e-42 2.57186e-43 1.52302e-44 9.02416e-46 5.34895e-47 3.17105e-48 1.88384e-49
2.31574e-12 1.93438e-14 8.01684e-16 3.65782e-17 1.78992e-18 9.19443e-20 4.88377e-21 2.65586e-22 1.46912e-23 8.23067e-25 4.65653e-26 2.65482e-27 1.52299e-28 8.78135e-30 5.08456e-31 2.9545e-32 1.72196e-33 1.0062e-34 5.89269e-36 3.45777e-37 2.03247e-38 1.19649e-39 7.05306e-41 4.16256e-42 2.45922e-43 1.45422e-44 8.60579e-46 5.09579e-47 3.01864e-48 1.78854e-49 1.0619e-50
1.53243e-13 1.14856e-15 4.74704e-17 2.15805e-18 1.0521e-19 5.38594e-21 2.8521e-22 1.54681e-23 8.5356e-25 4.77161e-26 2.69421e-27 1.53327e-28 8.78135e-30 5.05547e-31 2.92308e-32 1.6963e-33 9.87446e-35 5.76339e-36 3.37172e-37 1.97653e-38 1.16072e-39 6.82705e-41 4.02108e-42 2.37131e-43 1.39993e-44 8.27253e-46 4.89235e-47 2.89517e-48 1.71405e-49 1.01503e-50 6.02312e-52
1.0039e-14 6.82384e-17 2.81417e-18 1.27548e-19 6.19849e-21 3.16363e-22 1.67073e-23 9.03898e-25 4.97695e-26 2.7767e-27 1.56498e-28 8.89149e-30 5.08456e-31 2.92308e-32 1.68792e-33 9.78332e-35 5.68853e-36 3.31673e-37 1.93844e-38 1.13528e-39 6.6611e-41 3.91466e-42 2.30392e-43 1.35767e-44 8.00963e-46 4.72999e-47 2.79558e-48 1.65339e-49 9.78341e-51 5.79059e-52 3.43428e-53
6.52283e-16 4.05668e-18 1.67007e-19 7.54992e-21 3.65891e-22 1.86251e-23 9.81209e-25 5.29681e-26 2.91064e-27 1.62093e-28 9.12051e-30 5.17392e-31 2.9545e-32 1.6963e-33 9.78332e-35 5.66402e-36 3.28991e-37 1.9163e-38 1.11893e-39 6.54747e-41 3.83849e-42 2.2541e-43 1.32564e-44 7.80645e-46 4.60243e-47 2.71623e-48 1.60444e-49 9.48395e-51 5.60892e-52 3.31818e-53 1.96696e-54
4.20961e-17 2.41311e-19 9.92021e-21 4.47481e-22 2.16336e-23 1.09861e-24 5.775e-26 3.11123e-27 1.70651e-28 9.48761e-30 5.3302e-31 3.01945e-32 1.72196e-33 9.87446e-35 5.68853e-36 3.28991e-37 1.90903e-38 1.11094e-39 6.48115e-41 3.78935e-42 2.21981e-43 1.3026e-44 7.65534e-46 4.50512e-47 2.65443e-48 1.56565e-49 9.24297e-51 5.46071e-52 3.22793e-53 1.90873e-54 1.13092e-55
2.70132e-18 1.43625e-20 5.89748e-22 2.65517e-23 1.28088e-24 6.49081e-26 3.40517e-27 1.83113e-28 1.00269e-29 5.56597e-31 3.12255e-32 1.76653e-33 1.0062e-34 5.76339e-36 3.31673e-37 1.9163e-38 1.11094e-39 6.45935e-41 3.76526e-42 2.19974e-43 1.28767e-44 7.55091e-46 4.43475e-47 2.6082e-48 1.53586e-49 9.05381e-51 5.34219e-52 3.15456e-53 1.86385e-54 1.10163e-55 6.52422e-57
1.72508e-19 8.55296e-22 3.50857e-23 1.577e-24 7.59298e-26 3.84028e-27 2.01099e-28 1.07958e-29 5.90238e-31 3.27175e-32 1.83304e-33 1.03574e-34 5.89269e-36 3.37172e-37 1.93844e-38 1.11893e-39 6.48115e-41 3.76526e-42 2.19313e-43 1.28034e-44 7.48961e-46 4.38903e-47 2.57614e-48 1.51421e-49 8.9115e-51 5.25051e-52 3.09649e-53 1.82761e-54 1.07934e-55 6.37681e-57 3.7749e-58
1.09706e-20 5.09582e-23 2.08869e-24 9.37429e-26 4.50573e-27 2.27485e-28 1.18925e-29 6.37443e-31 3.48006e-32 1.92646e-33 1.078e-34 6.08393e-36 3.45777e-37 1.97653e-38 1.13528e-39 6.54747e-41 3.78935e-42 2.19974e-43 1.28034e-44 7.4694e-46 4.36652e-47 2.55726e-48 1.5001e-49 8.81237e-51 5.18355e-52 3.05251e-53 1.79936e-54 1.06153e-55 6.26646e-57 3.70076e-58 2.18984e-59
6.95147e-22 3.03744e-24 1.24414e-25 5.57656e-27 2.67616e-28 1.34896e-29 7.04125e-31 3.76871e-32 2.05474e-33 1.13604e-34 6.34916e-36 3.57968e-37 2.03247e-38 1.16072e-39 6.6611e-41 3.83849e-42 2.21981e-43 1.28767e-44 7.48961e-46 4.36652e-47 2.55103e-48 1.49314e-49 8.75388e-51 5.13975e-52 3.02173e-53 1.77859e-54 1.04794e-55 6.17965e-57 3.64649e-58 2.15266e-59 1.27328e-60
4.39074e-23 1.81125e-25 7.4146e-27 3.31954e-28 1.59076e-29 8.00665e-31 4.17331e-32 2.2307e-33 1.21468e-34 6.70697e-36 3.74488e-37 2.10928e-38 1.19649e-39 6.82705e-41 3.91466e-42 2.2541e-43 1.3026e-44 7.55091e-46 4.38903e-47 2.55726e-48 1.49314e-49 8.73454e-51 5.11811e-52 3.00352e-53 1.76495e-54 1.03837e-55 6.11538e-57 3.6047e-58 2.12623e-59 1.25473e-60 7.41876e-62
2.7655e-24 1.08047e-26 4.42086e-28 1.97716e-29 9.46237e-31 4.75616e-32 2.47578e-33 1.32169e-34 7.18618e-36 3.9647e-37 2.21152e-38 1.24447e-39 7.05306e-41 4.02108e-42 2.30392e-43 1.32564e-44 7.65534e-46 4.43475e-47 2.57614e-48 1.5001e-49 8.75388e-51 5.11811e-52 2.99749e-53 1.7582e-54 1.03269e-55 6.07294e-57 3.57509e-58 2.10649e-59 1.24204e-60 7.32689e-62 4.33055e-63
1.73747e-25 6.44755e-28 2.63698e-29 1.17822e-30 5.63205e-32 2.82733e-33 1.46992e-34 7.83236e-36 4.25647e-37 2.34604e-38 1.30741e-39 7.35062e-41 4.16256e-42 2.37131e-43 1.35767e-44 7.80645e-46 4.50512e-47 2.6082e-48 1.51421e-49 8.81237e-51 5.13975e-52 3.00352e-53 1.7582e-54 1.03081e-55 6.05184e-57 3.5574e-58 2.09337e-59 1.23297e-60 7.26726e-62 4.28555e-63 2.53209e-64
1.08913e-26 3.8487e-29 1.5735e-30 7.02449e-32 3.35409e-33 1.68178e-34 8.72015e-36 4.64749e-37 2.52324e-38 1.38946e-39 7.73651e-41 4.34609e-42 2.45922e-43 1.39993e-44 8.00963e-46 4.60243e-47 2.65443e-48 1.53586e-49 8.9115e-51 5.18355e-52 3.02173e-53 1.76495e-54 1.03269e-55 6.05184e-57 3.55152e-58 2.08682e-59 1.22752e-60 7.22731e-62 4.25838e-63 2.51038e-64 1.48273e-65
6.81326e-28 2.29805e-30 9.39239e-32 4.18969e-33 1.99842e-34 9.97726e-36 5.18231e-37 2.75944e-38 1.49683e-39 8.23539e-41 4.58172e-42 2.57186e-43 1.45422e-44 8.27253e-46 4.72999e-47 2.71623e-48 1.56565e-49 9.05381e-51 5.25051e-52 3.05251e-53 1.77859e-54 1.03837e-55 6.07294e-57 3.5574e-58 2.08682e-59 1.22571e-60 7.20728e-62 4.24195e-63 2.49856e-64 1.47247e-65 8.69422e-67
4.25429e-29 1.37252e-31 5.60813e-33 2.49969e-34 1.18335e-35 5.93698e-37 3.08117e-38 1.63924e-39 8.88439e-41 4.88417e-42 2.71521e-43 1.52302e-44 8.60579e-46 4.89235e-47 2.79558e-48 1.60444e-49 9.24297e-51 5.34219e-52 3.09649e-53 1.79936e-54 1.04794e-55 6.11538e-57 3.57509e-58 2.09337e-59 1.22752e-60 7.20728e-62 4.23646e-63 2.49259e-64 1.4677e-65 8.64694e-67 5.10402e-68
2.65196e-30 8.19941e-33 3.34915e-34 1.47249e-35 7.0483e-37 3.5337e-38 1.83247e-39 9.74126e-41 5.27547e-42 2.89799e-43 1.6099e-44 9.02416e-46 5.09579e-47 2.89517e-48 1.65339e-49 9.48395e-51 5.46071e-52 3.15456e-53 1.82761e-54 1.06153e-55 6.17965e-57 3.6047e-58 2.10649e-59 1.23297e-60 7.22731e-62 4.24195e-63 2.49259e-64 1.46609e-65 8.63004e-67 5.08293e-68 2.99941e-69
1.65058e-31 4.89854e-34 1.95234e-35 8.77613e-37 4.19859e-38 2.10352e-39 1.09e-40 5.78993e-42 3.13327e-43 1.72e-44 9.54855e-46 5.34895e-47 3.01864e-48 1.71405e-49 9.78341e-51 5.60892e-52 3.22793e-53 1.86385e-54 1.07934e-55 6.26646e-57 3.64649e-58 2.12623e-59 1.24204e-60 7.26726e-62 4.25838e-63 2.49856e-64 1.4677e-65 8.63004e-67 5.07854e-68 2.99035e-69 1.76409e-70
1.0256e-32 2.8058e-35 1.16405e-36 5.23091e-38 2.50105e-39 1.25216e-40 6.48358e-42 3.44146e-43 1.86106e-44 1.02094e-45 5.66413e-47 3.17105e-48 1.78854e-49 1.01503e-50 5.79059e-52 3.31818e-53 1.90873e-54 1.10163e-55 6.37681e-57 3.70076e-58 2.15266e-59 1.25473e-60 7.32689e-62 4.28555e-63 2.51038e-64 1.47247e-65 8.64694e-67 5.08293e-68 2.99035e-69 1.76032e-70 1.03819e-71
6.36597e-34 1.67749e-36 6.95912e-38 3.12576e-39 1.49347e-40 7.47108e-42 3.86533e-43 2.05009e-44 1.10781e-45 6.07292e-47 3.36701e-48 1.88384e-49 1.0619e-50 6.02312e-52 3.43428e-53 1.96696e-54 1.13092e-55 6.52422e-57 3.7749e-58 2.18984e-59 1.27328e-60 7.41876e-62 4.33055e-63 2.53209e-64 1.48273e-65 8.69422e-67 5.10402e-68 2.99941e-69 1.76409e-70 1.03819e-71 6.12122e-73
