0.950713 0.0112525 0.00590716 0.00310106 0.00162795 0.000854617 0.000448645 0.000235523 0.000123642 6.49077e-05 3.40743e-05 1.78879e-05 9.39051e-06 4.9297e-06 2.58792e-06 1.35857e-06 7.13204e-07 3.74408e-07 1.96551e-07 1.03183e-07 5.41674e-08 2.8436e-08 1.4928e-08 7.83667e-09 4.11398e-09 2.1597e-09 1.13377e-09 5.9519e-10 3.12455e-10 1.64028e-10 8.61091e-11 4.52043e-11 2.37307e-11 1.24578e-11 6.53994e-12 3.43324e-12 1.80234e-12 9.46165e-13 4.96704e-13 2.60753e-13 1.36886e-13 7.18607e-14 3.77244e-14 1.9804e-14 1.03964e-14 5.45777e-15 2.86515e-15 1.5041e-15 7.89603e-16 4.14515e-16 2.17606e-16 1.14236e-16 5.99699e-17 3.14821e-17 1.65271e-17 8.67614e-18 4.55468e-18 2.39105e-18 1.25522e-18 6.58948e-19 3.45925e-19 1.81599e-19 9.53332e-20 5.00467e-20 2.62728e-20 1.37923e-20 7.2405e-21 3.80102e-21 1.9954e-21 1.04752e-21 5.49912e-22 2.88685e-22 1.5155e-22 7.95585e-23 4.17655e-23 2.19254e-23 1.15101e-23 6.04242e-24 3.17206e-24 1.66522e-24 8.74186e-25 4.58918e-25 2.40916e-25 1.26473e-25 6.63939e-26 3.48546e-26 1.82975e-26 9.60554e-27 5.04258e-27 2.64718e-27 1.38968e-27 7.29535e-28 3.82981e-28 2.01052e-28 1.05545e-28 5.54077e-29 2.90872e-29 1.52698e-29 8.01611e-30 4.20819e-30 2.20915e-30
0.0112525 0.000416566 0.000222069 0.000118356 6.30663e-05 3.35976e-05 1.78948e-05 9.52916e-06 5.07336e-06 2.70055e-06 1.43723e-06 7.64752e-07 4.06852e-07 2.16409e-07 1.15091e-07 6.11977e-08 3.25356e-08 1.72947e-08 9.1918e-09 4.88453e-09 2.59526e-09 1.37873e-09 7.32342e-10 3.88947e-10 2.06542e-10 1.09666e-10 5.82207e-11 3.09051e-11 1.64032e-11 8.70517e-12 4.61928e-12 2.45088e-12 1.30023e-12 6.89718e-13 3.65828e-13 1.94015e-13 1.02885e-13 5.45533e-14 2.89234e-14 1.53333e-14 8.12791e-15 4.30807e-15 2.28322e-15 1.20996e-15 6.41149e-16 3.3971e-16 1.79979e-16 9.53449e-17 5.05055e-17 2.67513e-17 1.41683e-17 7.50334e-18 3.97337e-18 2.10393e-18 1.11397e-18 5.89769e-19 3.12219e-19 1.65275e-19 8.74835e-20 4.63036e-20 2.45061e-20 1.2969e-20 6.86292e-21 3.63149e-21 1.92147e-21 1.01661e-21 5.37837e-22 2.84525e-22 1.5051e-22 7.96131e-23 4.21094e-23 2.22715e-23 1.17786e-23 6.229e-24 3.29395e-24 1.74178e-24 9.20974e-25 4.86944e-25 2.57447e-25 1.36106e-25 7.1952e-26 3.80354e-26 2.01054e-26 1.06272e-26 5.61696e-27 2.96869e-27 1.56895e-27 8.29152e-28 4.38167e-28 2.3154e-28 1.22347e-28 6.46464e-29 3.41567e-29 1.80464e-29 9.53424e-30 5.03691e-30 2.66088e-30 1.40563e-30 7.42501e-31 3.922e-31 2.07158e-31
0.00590716 0.000222069 0.000118482 6.3199e-05 3.37028e-05 1.7969e-05 9.57824e-06 5.10452e-06 2.71977e-06 1.44885e-06 7.71663e-07 4.10912e-07 2.18771e-07 1.16453e-07 6.1978e-08 3.29798e-08 1.75463e-08 9.33369e-09 4.96423e-09 2.63987e-09 1.40361e-09 7.46187e-10 3.9663e-10 2.10796e-10 1.12016e-10 5.95166e-11 3.16184e-11 1.67952e-11 8.92024e-12 4.73712e-12 2.51536e-12 1.33547e-12 7.08957e-13 3.76319e-13 1.9973e-13 1.05995e-13 5.62444e-14 2.98421e-14 1.5832e-14 8.39843e-15 4.4547e-15 2.36264e-15 1.25295e-15 6.64404e-16 3.52283e-16 1.86772e-16 9.90133e-17 5.24854e-17 2.78194e-17 1.47442e-17 7.81372e-18 4.14058e-18 2.19397e-18 1.16243e-18 6.15842e-19 3.26242e-19 1.72814e-19 9.15351e-20 4.84803e-20 2.56751e-20 1.35966e-20 7.19978e-21 3.81223e-21 2.01842e-21 1.0686e-21 5.65708e-22 2.99462e-22 1.58513e-22 8.39001e-23 4.44052e-23 2.35007e-23 1.24366e-23 6.58111e-24 3.48234e-24 1.84256e-24 9.74868e-25 5.15761e-25 2.72852e-25 1.44339e-25 7.63518e-26 4.03861e-26 2.13611e-26 1.12978e-26 5.97507e-27 3.15989e-27 1.67101e-27 8.83625e-28 4.67236e-28 2.4705e-28 1.30621e-28 6.90596e-29 3.65103e-29 1.93014e-29 1.02033e-29 5.3936e-30 2.851e-30 1.50695e-30 7.96492e-31 4.20967e-31 2.22483e-31 1.17579e-31
0.00310106 0.000118356 6.3199e-05 3.3738e-05 1.80062e-05 9.60775e-06 5.12534e-06 2.73355e-06 1.45759e-06 7.77061e-07 4.14177e-07 2.20714e-07 1.17595e-07 6.26424e-08 3.33632e-08 1.7766e-08 9.45882e-09 5.03513e-09 2.67987e-09 1.42609e-09 7.5877e-10 4.03653e-10 2.14705e-10 1.14186e-10 6.07185e-11 3.22827e-11 1.71617e-11 9.12203e-12 4.84806e-12 2.57625e-12 1.36885e-12 7.27228e-13 3.86308e-13 2.05185e-13 1.08971e-13 5.78662e-14 3.07251e-14 1.63123e-14 8.65946e-15 4.59645e-15 2.43956e-15 1.29466e-15 6.87004e-16 3.6452e-16 1.93394e-16 1.02595e-16 5.44214e-17 2.88652e-17 1.53089e-17 8.11847e-18 4.30496e-18 2.2826e-18 1.21019e-18 6.4157e-19 3.40096e-19 1.80271e-19 9.55469e-20 5.06379e-20 2.68352e-20 1.42201e-20 7.53474e-21 3.99213e-21 2.11501e-21 1.12045e-21 5.93528e-22 3.14386e-22 1.66517e-22 8.81912e-23 4.67053e-23 2.47332e-23 1.30969e-23 6.93476e-24 3.67171e-24 1.94394e-24 1.02913e-24 5.44797e-25 2.88387e-25 1.52649e-25 8.07955e-26 4.2762e-26 2.26312e-26 1.19766e-26 6.33782e-27 3.3537e-27 1.77454e-27 9.38919e-28 4.96763e-28 2.62815e-28 1.39037e-28 7.35516e-29 3.89075e-29 2.05805e-29 1.08858e-29 5.75762e-30 3.04515e-30 1.61048e-30 8.51697e-31 4.50398e-31 2.38172e-31 1.25941e-31 6.65926e-32
0.00162795 6.30663e-05 3.37028e-05 1.80062e-05 9.6176e-06 5.13577e-06 2.74183e-06 1.46344e-06 7.80929e-07 4.16634e-07 2.22231e-07 1.18513e-07 6.31889e-08 3.36846e-08 1.79531e-08 9.5668e-09 5.09703e-09 2.71514e-09 1.44608e-09 7.70053e-10 4.09995e-10 2.18257e-10 1.16169e-10 6.18229e-11 3.2896e-11 1.75015e-11 9.30994e-12 4.95175e-12 2.63338e-12 1.40027e-12 7.44479e-13 3.95768e-13 2.10366e-13 1.11804e-13 5.94142e-14 3.15698e-14 1.67728e-14 8.91029e-15 4.73294e-15 2.51377e-15 1.33498e-15 7.08889e-16 3.76391e-16 1.99829e-16 1.06081e-16 5.63084e-17 2.98862e-17 1.58609e-17 8.41682e-18 4.46611e-18 2.36959e-18 1.25714e-18 6.6689e-19 3.53746e-19 1.87627e-19 9.95091e-20 5.27713e-20 2.79834e-20 1.48378e-20 7.867e-21 4.17077e-21 2.21102e-21 1.17203e-21 6.21236e-22 3.29264e-22 1.74503e-22 9.24769e-23 4.90045e-23 2.59664e-23 1.37581e-23 7.28922e-24 3.86168e-24 2.04572e-24 1.08365e-24 5.73996e-25 3.04021e-25 1.61018e-25 8.52745e-26 4.51587e-26 2.39134e-26 1.26624e-26 6.70456e-27 3.54978e-27 1.87936e-27 9.94942e-28 5.267e-28 2.7881e-28 1.47582e-28 7.81152e-29 4.13446e-29 2.18817e-29 1.15804e-29 6.12842e-30 3.24304e-30 1.71608e-30 9.08039e-31 4.80455e-31 2.54204e-31 1.34491e-31 7.1152e-32 3.76412e-32
0.000854617 3.35976e-05 1.7969e-05 9.60775e-06 5.13577e-06 2.74459e-06 1.46637e-06 7.83255e-07 4.18276e-07 2.23318e-07 1.19204e-07 6.36157e-08 3.39428e-08 1.81069e-08 9.6573e-09 5.14973e-09 2.74557e-09 1.46353e-09 7.80002e-10 4.15637e-10 2.21442e-10 1.1796e-10 6.28265e-11 3.34566e-11 1.78138e-11 9.48343e-12 5.04792e-12 2.68657e-12 1.42963e-12 7.60661e-13 4.0467e-13 2.15256e-13 1.14487e-13 6.08839e-14 3.2374e-14 1.72123e-14 9.15023e-15 4.8638e-15 2.58506e-15 1.37379e-15 7.29998e-16 3.87863e-16 2.06059e-16 1.09461e-16 5.81416e-17 3.08796e-17 1.63989e-17 8.70799e-18 4.62362e-18 2.45475e-18 1.30315e-18 6.91739e-19 3.67159e-19 1.94864e-19 1.03412e-19 5.48754e-20 2.91172e-20 1.54485e-20 8.19581e-21 4.34775e-21 2.30624e-21 1.22324e-21 6.4877e-22 3.44063e-22 1.82455e-22 9.67481e-23 5.1298e-23 2.71976e-23 1.44189e-23 7.64375e-24 4.05185e-24 2.14769e-24 1.13832e-24 6.03299e-25 3.19723e-25 1.6943e-25 8.97803e-26 4.75716e-26 2.52052e-26 1.33539e-26 7.07461e-27 3.74778e-27 1.98528e-27 1.05159e-27 5.56995e-28 2.95007e-28 1.5624e-28 8.27429e-29 4.38176e-29 2.3203e-29 1.22863e-29 6.50542e-30 3.44438e-30 1.82359e-30 9.65434e-31 5.11092e-31 2.70556e-31 1.43217e-31 7.58082e-32 4.01253e-32 2.12374e-32
0.000448645 1.78948e-05 9.57824e-06 5.12534e-06 2.74183e-06 1.46637e-06 7.84031e-07 4.19098e-07 2.23972e-07 1.19666e-07 6.39215e-08 3.41373e-08 1.82271e-08 9.73004e-09 5.19307e-09 2.77108e-09 1.47839e-09 7.88586e-10 4.20562e-10 2.24251e-10 1.19554e-10 6.37263e-11 3.39628e-11 1.80975e-11 9.64197e-12 5.13626e-12 2.73567e-12 1.45686e-12 7.75727e-13 4.12991e-13 2.19843e-13 1.17011e-13 6.22712e-14 3.31353e-14 1.76295e-14 9.3786e-15 4.98866e-15 2.65325e-15 1.41099e-15 7.50276e-16 3.98906e-16 2.12067e-16 1.12728e-16 5.9916e-17 3.18428e-17 1.69214e-17 8.99125e-18 4.77707e-18 2.53783e-18 1.34811e-18 7.16055e-19 3.80303e-19 2.01965e-19 1.07247e-19 5.6945e-20 3.02337e-20 1.60507e-20 8.52038e-21 4.52263e-21 2.40044e-21 1.27396e-21 6.76066e-22 3.58749e-22 1.90354e-22 1.00995e-22 5.35808e-23 2.84242e-23 1.50778e-23 7.99759e-24 4.24181e-24 2.24966e-24 1.19303e-24 6.32648e-25 3.35463e-25 1.77869e-25 9.43041e-26 4.9996e-26 2.65042e-26 1.40498e-26 7.44729e-27 3.94733e-27 2.09211e-27 1.10877e-27 5.87595e-28 3.11379e-28 1.64998e-28 8.74271e-29 4.63224e-29 2.45422e-29 1.30022e-29 6.88805e-30 3.64885e-30 1.93284e-30 1.0238e-30 5.42267e-31 2.87205e-31 1.52108e-31 8.05547e-32 4.26591e-32 2.25899e-32 1.19618e-32
0.000235523 9.52916e-06 5.10452e-06 2.73355e-06 1.46344e-06 7.83255e-07 4.19098e-07 2.2419e-07 1.19897e-07 6.41054e-08 3.42672e-08 1.83132e-08 9.78479e-09 5.22692e-09 2.79158e-09 1.49061e-09 7.9578e-10 4.24754e-10 2.26674e-10 1.20944e-10 6.45196e-11 3.4413e-11 1.83519e-11 9.78511e-12 5.21653e-12 2.78054e-12 1.48187e-12 7.89634e-13 4.20705e-13 2.24114e-13 1.19371e-13 6.35723e-14 3.38517e-14 1.80233e-14 9.59478e-15 5.10718e-15 2.71815e-15 1.44648e-15 7.69667e-16 4.09489e-16 2.17838e-16 1.15871e-16 6.16271e-17 3.27734e-17 1.74271e-17 9.26586e-18 4.92609e-18 2.61865e-18 1.3919e-18 7.39776e-19 3.93144e-19 2.08912e-19 1.11003e-19 5.89752e-20 3.13304e-20 1.66428e-20 8.83995e-21 4.69502e-21 2.49339e-21 1.32407e-21 7.03063e-22 3.7329e-22 1.98182e-22 1.05209e-22 5.58479e-23 2.96436e-23 1.57334e-23 8.35e-24 4.43118e-24 2.35138e-24 1.24767e-24 6.61981e-25 3.51208e-25 1.86318e-25 9.8837e-26 5.24272e-26 2.78079e-26 1.47487e-26 7.8219e-27 4.14807e-27 2.19966e-27 1.16638e-27 6.18444e-28 3.27897e-28 1.7384e-28 9.21595e-29 4.88548e-29 2.58971e-29 1.37269e-29 7.27568e-30 3.85613e-30 2.04366e-30 1.08304e-30 5.7393e-31 3.04126e-31 1.61149e-31 8.53848e-32 4.52392e-32 2.39678e-32 1.26977e-32 6.72666e-33
0.000123642 5.07336e-06 2.71977e-06 1.45759e-06 7.80929e-07 4.18276e-07 2.23972e-07 1.19897e-07 6.41668e-08 3.43323e-08 1.83649e-08 9.82138e-09 5.25117e-09 2.807e-09 1.50015e-09 8.01561e-10 4.28202e-10 2.28704e-10 1.22128e-10 6.5204e-11 3.48059e-11 1.85761e-11 9.91242e-12 5.28848e-12 2.82105e-12 1.50459e-12 8.02341e-13 4.27791e-13 2.28055e-13 1.21558e-13 6.47834e-14 3.4521e-14 1.83926e-14 9.79817e-15 5.21903e-15 2.77957e-15 1.48017e-15 7.88119e-16 4.19585e-16 2.23355e-16 1.18884e-16 6.32702e-17 3.36688e-17 1.79147e-17 9.53111e-18 5.07029e-18 2.69698e-18 1.43442e-18 7.62843e-19 4.05649e-19 2.15687e-19 1.14672e-19 6.09609e-20 3.24045e-20 1.72235e-20 9.15374e-21 4.86451e-21 2.5849e-21 1.37344e-21 7.29699e-22 3.87651e-22 2.05923e-22 1.09379e-22 5.80941e-23 3.08529e-23 1.63843e-23 8.70021e-24 4.61955e-24 2.45267e-24 1.30211e-24 6.91238e-25 3.66926e-25 1.9476e-25 1.0337e-25 5.48604e-26 2.91137e-26 1.54493e-26 8.19771e-27 4.34961e-27 2.30772e-27 1.2243e-27 6.49487e-28 3.4453e-28 1.82751e-28 9.69319e-29 5.14104e-29 2.72654e-29 1.44593e-29 7.66766e-30 4.06588e-30 2.15588e-30 1.14307e-30 6.06034e-31 3.21293e-31 1.70327e-31 9.02914e-32 4.78617e-32 2.53693e-32 1.34465e-32 7.12673e-33 3.77704e-33
6.49077e-05 2.70055e-06 1.44885e-06 7.77061e-07 4.16634e-07 2.23318e-07 1.19666e-07 6.41054e-08 3.43323e-08 1.83822e-08 9.83971e-09 5.26576e-09 2.81732e-09 1.50699e-09 8.05913e-10 4.30895e-10 2.30336e-10 1.23101e-10 6.57775e-11 3.51404e-11 1.87696e-11 1.00235e-11 5.35192e-12 2.85707e-12 1.52496e-12 8.13812e-13 4.34228e-13 2.31656e-13 1.23567e-13 6.59011e-14 3.51415e-14 1.87363e-14 9.98819e-15 5.3239e-15 2.83735e-15 1.51196e-15 8.05582e-16 4.29165e-16 2.28605e-16 1.21757e-16 6.4841e-17 3.45267e-17 1.83828e-17 9.7863e-18 5.20928e-18 2.77262e-18 1.47556e-18 7.85198e-19 4.17788e-19 2.22275e-19 1.18245e-19 6.28972e-20 3.34534e-20 1.77913e-20 9.46101e-21 5.03069e-21 2.67472e-21 1.42198e-21 7.5591e-22 4.01801e-22 2.13558e-22 1.13497e-22 6.03144e-23 3.20496e-23 1.70291e-23 9.04745e-24 4.8065e-24 2.55329e-24 1.35625e-24 7.20358e-25 3.82584e-25 2.03177e-25 1.07893e-25 5.72907e-26 3.0419e-26 1.61502e-26 8.574e-27 4.55157e-27 2.41608e-27 1.28244e-27 6.80666e-28 3.61249e-28 1.91714e-28 1.01736e-28 5.39847e-29 2.86446e-29 1.51982e-29 8.06334e-30 4.27775e-30 2.26931e-30 1.20378e-30 6.38527e-31 3.38679e-31 1.79629e-31 9.52669e-32 5.05227e-32 2.67923e-32 1.42073e-32 7.53343e-33 3.99442e-33 2.11785e-33
3.40743e-05 1.43723e-06 7.71663e-07 4.14177e-07 2.22231e-07 1.19204e-07 6.39215e-08 3.42672e-08 1.83649e-08 9.83971e-09 5.27062e-09 2.82248e-09 1.5111e-09 8.08822e-10 4.32824e-10 2.31564e-10 1.23862e-10 6.62384e-11 3.54155e-11 1.89317e-11 1.01181e-11 5.40664e-12 2.88851e-12 1.54292e-12 8.24013e-13 4.39998e-13 2.34906e-13 1.25391e-13 6.69222e-14 3.57113e-14 1.90535e-14 1.01643e-14 5.4215e-15 2.89133e-15 1.54176e-15 8.22007e-16 4.38204e-16 2.33572e-16 1.24483e-16 6.63353e-17 3.53449e-17 1.88302e-17 1.00308e-17 5.34272e-18 2.84539e-18 1.51521e-18 8.06782e-19 4.2953e-19 2.28658e-19 1.21712e-19 6.47795e-20 3.44745e-20 1.8345e-20 9.761e-21 5.19315e-21 2.76266e-21 1.46955e-21 7.81636e-22 4.15705e-22 2.2107e-22 1.17554e-22 6.25039e-23 3.32309e-23 1.76662e-23 9.39096e-24 4.99163e-24 2.65303e-24 1.40997e-24 7.49278e-25 3.98149e-25 2.11552e-25 1.12398e-25 5.9713e-26 3.17212e-26 1.68501e-26 8.95002e-27 4.75355e-27 2.52455e-27 1.34067e-27 7.11923e-28 3.78022e-28 2.00712e-28 1.06563e-28 5.65732e-29 3.00324e-29 1.59421e-29 8.46204e-30 4.49139e-30 2.38376e-30 1.26508e-30 6.71356e-31 3.56257e-31 1.89039e-31 1.00304e-31 5.32182e-32 2.82345e-32 1.49789e-32 7.94616e-33 4.21516e-33 2.23588e-33 1.18594e-33
1.78879e-05 7.64752e-07 4.10912e-07 2.20714e-07 1.18513e-07 6.36157e-08 3.41373e-08 1.83132e-08 9.82138e-09 5.26576e-09 2.82248e-09 1.51247e-09 8.10278e-10 4.33983e-10 2.32385e-10 1.24406e-10 6.65853e-11 3.56303e-11 1.90619e-11 1.01959e-11 5.45249e-12 2.91527e-12 1.55841e-12 8.32915e-13 4.45084e-13 2.37797e-13 1.27027e-13 6.78438e-14 3.62288e-14 1.93432e-14 1.03261e-14 5.51155e-15 2.94136e-15 1.56949e-15 8.37349e-16 4.46677e-16 2.38244e-16 1.27055e-16 6.77492e-17 3.61211e-17 1.92558e-17 1.02639e-17 5.47024e-18 2.91508e-18 1.55326e-18 8.27542e-19 4.40845e-19 2.3482e-19 1.25065e-19 6.66029e-20 3.54654e-20 1.8883e-20 1.0053e-20 5.35152e-21 2.8485e-21 1.51606e-21 8.06815e-22 4.29332e-22 2.2844e-22 1.21539e-22 6.46575e-23 3.43942e-23 1.82943e-23 9.72997e-24 5.17453e-24 2.75167e-24 1.46314e-24 7.77937e-25 4.13589e-25 2.19867e-25 1.16875e-25 6.21226e-26 3.30177e-26 1.75474e-26 9.32502e-27 4.95515e-27 2.6329e-27 1.39889e-27 7.43197e-28 3.94817e-28 2.0973e-28 1.11403e-28 5.9171e-29 3.14263e-29 1.66898e-29 8.86305e-30 4.70641e-30 2.49903e-30 1.32687e-30 7.04468e-31 3.73998e-31 1.98543e-31 1.05394e-31 5.59439e-32 2.96939e-32 1.57601e-32 8.36431e-33 4.43893e-33 2.35561e-33 1.25e-33 6.63272e-34
9.39051e-06 4.06852e-07 2.18771e-07 1.17595e-07 6.31889e-08 3.39428e-08 1.82271e-08 9.78479e-09 5.25117e-09 2.81732e-09 1.5111e-09 8.10278e-10 4.3437e-10 2.32796e-10 1.24734e-10 6.68171e-11 3.57841e-11 1.916e-11 1.02566e-11 5.48933e-12 2.93728e-12 1.57138e-12 8.40492e-13 4.49471e-13 2.40319e-13 1.28468e-13 6.86633e-14 3.66927e-14 1.96047e-14 1.0473e-14 5.59381e-15 2.98729e-15 1.59508e-15 8.51567e-16 4.54562e-16 2.42607e-16 1.29465e-16 6.90787e-17 3.68532e-17 1.96585e-17 1.0485e-17 5.59153e-18 2.98153e-18 1.58963e-18 8.47423e-19 4.51704e-19 2.40745e-19 1.28296e-19 6.83629e-20 3.64234e-20 1.94042e-20 1.03363e-20 5.5054e-21 2.93204e-21 1.56138e-21 8.31389e-22 4.42648e-22 2.35653e-22 1.25443e-22 6.67701e-23 3.55368e-23 1.8912e-23 1.00637e-23 5.3548e-24 2.84899e-24 1.51567e-24 8.06273e-25 4.2887e-25 2.28105e-25 1.21314e-25 6.45142e-26 3.43057e-26 1.82409e-26 9.69826e-27 5.15597e-27 2.74093e-27 1.45698e-27 7.74428e-28 4.11603e-28 2.1875e-28 1.16249e-28 6.17734e-29 3.28237e-29 1.744e-29 9.26567e-30 4.92245e-30 2.61493e-30 1.38904e-30 7.37805e-31 3.91872e-31 2.08124e-31 1.10529e-31 5.86955e-32 3.11681e-32 1.65498e-32 8.78723e-33 4.66539e-33 2.47686e-33 1.3149e-33 6.9801e-34 3.70517e-34
4.9297e-06 2.16409e-07 1.16453e-07 6.26424e-08 3.36846e-08 1.81069e-08 9.73004e-09 5.22692e-09 2.807e-09 1.50699e-09 8.08822e-10 4.33983e-10 2.32796e-10 1.24843e-10 6.69332e-11 3.58767e-11 1.92255e-11 1.03001e-11 5.51706e-12 2.95446e-12 1.58181e-12 8.46721e-13 4.53146e-13 2.42465e-13 1.29711e-13 6.93784e-14 3.71015e-14 1.98372e-14 1.06046e-14 5.66805e-15 3.02901e-15 1.61844e-15 8.64621e-16 4.61835e-16 2.4665e-16 1.31708e-16 7.03203e-17 3.75394e-17 2.0037e-17 1.06935e-17 5.70625e-18 3.04456e-18 1.62421e-18 8.66374e-19 4.62079e-19 2.46419e-19 1.31396e-19 7.00551e-20 3.73463e-20 1.99071e-20 1.06101e-20 5.65441e-21 3.01307e-21 1.60541e-21 8.55297e-22 4.55624e-22 2.42691e-22 1.29258e-22 6.88371e-23 3.66561e-23 1.95178e-23 1.03915e-23 5.53202e-24 2.94478e-24 1.56742e-24 8.34224e-25 4.43959e-25 2.36248e-25 1.25707e-25 6.68829e-26 3.55826e-26 1.8929e-26 1.00689e-26 5.35561e-27 2.84841e-27 1.51483e-27 8.05555e-28 4.28347e-28 2.27755e-28 1.2109e-28 6.43756e-29 3.4222e-29 1.81912e-29 9.66915e-30 5.13912e-30 2.73125e-30 1.45147e-30 7.7131e-31 4.09848e-31 2.17767e-31 1.157e-31 6.14686e-32 3.26548e-32 1.73467e-32 9.21426e-33 4.8942e-33 2.59944e-33 1.38056e-33 7.33172e-34 3.89345e-34 2.06748e-34
2.58792e-06 1.15091e-07 6.1978e-08 3.33632e-08 1.79531e-08 9.6573e-09 5.19307e-09 2.79158e-09 1.50015e-09 8.05913e-10 4.32824e-10 2.32385e-10 1.24734e-10 6.69332e-11 3.59075e-11 1.92583e-11 1.03263e-11 5.53559e-12 2.96676e-12 1.58966e-12 8.51585e-13 4.56099e-13 2.4423e-13 1.30753e-13 6.9987e-14 3.74541e-14 2.004e-14 1.07206e-14 5.73405e-15 3.06639e-15 1.63953e-15 8.76475e-16 4.68478e-16 2.50362e-16 1.33777e-16 7.14707e-17 3.81777e-17 2.03905e-17 1.0889e-17 5.8141e-18 3.10399e-18 1.65691e-18 8.84347e-19 4.71943e-19 2.51827e-19 1.34358e-19 7.16752e-20 3.82318e-20 2.03906e-20 1.08739e-20 5.7982e-21 3.09139e-21 1.64804e-21 8.78484e-22 4.68227e-22 2.49537e-22 1.32975e-22 7.08535e-23 3.77495e-23 2.01104e-23 1.07124e-23 5.70581e-24 3.03883e-24 1.61829e-24 8.61728e-25 4.58823e-25 2.44278e-25 1.30043e-25 6.92236e-26 3.68457e-26 1.96103e-26 1.04363e-26 5.55365e-27 2.95513e-27 1.57232e-27 8.36516e-28 4.45016e-28 2.36726e-28 1.25918e-28 6.69725e-29 3.56186e-29 1.89421e-29 1.00728e-29 5.35602e-30 2.84779e-30 1.51407e-30 8.04925e-31 4.27896e-31 2.27455e-31 1.209e-31 6.42584e-32 3.41514e-32 1.81494e-32 9.64473e-33 5.125e-33 2.72316e-33 1.44687e-33 7.68706e-34 4.08384e-34 2.16947e-34 1.15243e-34
1.35857e-06 6.11977e-08 3.29798e-08 1.7766e-08 9.5668e-09 5.14973e-09 2.77108e-09 1.49061e-09 8.01561e-10 4.30895e-10 2.31564e-10 1.24406e-10 6.68171e-11 3.58767e-11 1.92583e-11 1.0335e-11 5.54487e-12 2.97416e-12 1.5949e-12 8.5507e-13 4.58322e-13 2.45608e-13 1.3159e-13 7.04873e-14 3.77494e-14 2.02127e-14 1.08206e-14 5.79163e-15 3.09933e-15 1.65828e-15 8.87096e-16 4.74471e-16 2.53733e-16 1.35666e-16 7.25267e-17 3.87665e-17 2.0718e-17 1.10707e-17 5.91481e-18 3.15968e-18 1.68766e-18 9.01294e-19 4.81272e-19 2.56955e-19 1.37173e-19 7.32191e-20 3.90775e-20 2.08534e-20 1.11269e-20 5.93641e-21 3.16681e-21 1.68916e-21 9.00892e-22 4.80427e-22 2.56175e-22 1.36584e-22 7.28145e-23 3.88144e-23 2.06883e-23 1.10259e-23 5.87575e-24 3.13091e-24 1.66816e-24 8.88724e-25 4.7343e-25 2.52178e-25 1.34314e-25 7.15314e-26 3.80923e-26 2.02834e-26 1.07997e-26 5.74969e-27 3.06087e-27 1.62934e-27 8.67249e-28 4.61577e-28 2.45648e-28 1.30722e-28 6.95591e-29 3.70108e-29 1.96912e-29 1.04758e-29 5.57276e-30 2.96432e-30 1.57671e-30 8.3859e-31 4.45984e-31 2.37171e-31 1.26118e-31 6.70602e-32 3.56555e-32 1.89567e-32 1.00779e-32 5.35742e-33 2.84783e-33 1.51373e-33 8.04557e-34 4.27604e-34 2.27249e-34 1.20765e-34 6.41732e-35
7.13204e-07 3.25356e-08 1.75463e-08 9.45882e-09 5.09703e-09 2.74557e-09 1.47839e-09 7.9578e-10 4.28202e-10 2.30336e-10 1.23862e-10 6.65853e-11 3.57841e-11 1.92255e-11 1.03263e-11 5.54487e-12 2.97663e-12 1.59753e-12 8.57164e-13 4.59807e-13 2.46595e-13 1.3222e-13 7.08779e-14 3.79867e-14 2.03546e-14 1.09045e-14 5.84063e-15 3.12774e-15 1.67463e-15 8.96456e-16 4.79799e-16 2.56752e-16 1.37371e-16 7.34855e-17 3.93041e-17 2.10187e-17 1.12384e-17 6.00809e-18 3.21147e-18 1.71636e-18 9.17171e-19 4.9004e-19 2.6179e-19 1.39835e-19 7.46829e-20 3.98815e-20 2.12944e-20 1.13686e-20 6.06868e-21 3.23915e-21 1.72868e-21 9.22468e-22 4.92195e-22 2.62589e-22 1.40077e-22 7.47157e-23 3.98484e-23 2.12503e-23 1.13312e-23 6.04148e-24 3.22083e-24 1.71692e-24 9.15152e-25 4.87747e-25 2.5993e-25 1.3851e-25 7.38013e-26 3.93197e-26 2.09469e-26 1.11582e-26 5.94332e-27 3.16541e-27 1.68576e-27 8.97693e-28 4.77997e-28 2.54501e-28 1.35494e-28 7.21306e-29 3.8396e-29 2.04372e-29 1.08774e-29 5.78893e-30 3.08064e-30 1.63928e-30 8.72244e-31 4.6408e-31 2.46899e-31 1.31346e-31 6.98693e-32 3.71646e-32 1.97672e-32 1.05131e-32 5.59106e-33 2.97324e-33 1.58103e-33 8.40669e-34 4.46976e-34 2.3764e-34 1.26336e-34 6.71606e-35 3.57006e-35
3.74408e-07 1.72947e-08 9.33369e-09 5.03513e-09 2.71514e-09 1.46353e-09 7.88586e-10 4.24754e-10 2.28704e-10 1.23101e-10 6.62384e-11 3.56303e-11 1.916e-11 1.03001e-11 5.53559e-12 2.97416e-12 1.59753e-12 8.57863e-13 4.6055e-13 2.47189e-13 1.3264e-13 7.11577e-14 3.81653e-14 2.04654e-14 1.09718e-14 5.88091e-15 3.15154e-15 1.68855e-15 9.04527e-16 4.84447e-16 2.59413e-16 1.38886e-16 7.43445e-17 3.97892e-17 2.12916e-17 1.13915e-17 6.09371e-18 3.25924e-18 1.74295e-18 9.31937e-19 4.98225e-19 2.66319e-19 1.42337e-19 7.60629e-20 4.06415e-20 2.17125e-20 1.15983e-20 6.1947e-21 3.30822e-21 1.76651e-21 9.43158e-22 5.03503e-22 2.68763e-22 1.43446e-22 7.65524e-23 4.0849e-23 2.1795e-23 1.16275e-23 6.2026e-24 3.30838e-24 1.76446e-24 9.40953e-25 5.01743e-25 2.67518e-25 1.42621e-25 7.60283e-26 4.05254e-26 2.15993e-26 1.15111e-26 6.13413e-27 3.26854e-27 1.74148e-27 9.27784e-28 4.94242e-28 2.63268e-28 1.40224e-28 7.46816e-29 3.97714e-29 2.11785e-29 1.12769e-29 6.00412e-30 3.19653e-30 1.70168e-30 9.05826e-31 4.8215e-31 2.5662e-31 1.36574e-31 7.26808e-32 3.86759e-32 2.05795e-32 1.09496e-32 5.82556e-33 3.09919e-33 1.64867e-33 8.76983e-34 4.66469e-34 2.48101e-34 1.3195e-34 7.01723e-35 3.73161e-35 1.98428e-35
1.96551e-07 9.1918e-09 4.96423e-09 2.67987e-09 1.44608e-09 7.80002e-10 4.20562e-10 2.26674e-10 1.22128e-10 6.57775e-11 3.54155e-11 1.90619e-11 1.02566e-11 5.51706e-12 2.96676e-12 1.5949e-12 8.57164e-13 4.6055e-13 2.47387e-13 1.32851e-13 7.13259e-14 3.82847e-14 2.05448e-14 1.10225e-14 5.91236e-15 3.17066e-15 1.69999e-15 9.11287e-16 4.88402e-16 2.61707e-16 1.40208e-16 7.51013e-17 4.02203e-17 2.15361e-17 1.15296e-17 6.17144e-18 3.30285e-18 1.76734e-18 9.45552e-19 5.05805e-19 2.7053e-19 1.44672e-19 7.73554e-20 4.13557e-20 2.21065e-20 1.18154e-20 6.31416e-21 3.37386e-21 1.80254e-21 9.62912e-22 5.14323e-22 2.74684e-22 1.46683e-22 7.83203e-23 4.18139e-23 2.23212e-23 1.19143e-23 6.35874e-24 3.39335e-24 1.81067e-24 9.66068e-25 5.15385e-25 2.74924e-25 1.4664e-25 7.82075e-26 4.17066e-26 2.22393e-26 1.18576e-26 6.32172e-27 3.37004e-27 1.79637e-27 9.5746e-28 5.1028e-28 2.71932e-28 1.44903e-28 7.72073e-29 4.11344e-29 2.19139e-29 1.16734e-29 6.21792e-30 3.31176e-30 1.76377e-30 9.39273e-31 5.00163e-31 2.66318e-31 1.41794e-31 7.54895e-32 4.0187e-32 2.13922e-32 1.13867e-32 6.06051e-33 3.22547e-33 1.71653e-33 9.13441e-34 4.86052e-34 2.58618e-34 1.37597e-34 7.32037e-35 3.89432e-35 2.07159e-35 1.10193e-35
1.03183e-07 4.88453e-09 2.63987e-09 1.42609e-09 7.70053e-10 4.15637e-10 2.24251e-10 1.20944e-10 6.5204e-11 3.51404e-11 1.89317e-11 1.01959e-11 5.48933e-12 2.95446e-12 1.58966e-12 8.5507e-13 4.59807e-13 2.47189e-13 1.32851e-13 7.1382e-14 3.83444e-14 2.05925e-14 1.10563e-14 5.93488e-15 3.18504e-15 1.70892e-15 9.16718e-16 4.91653e-16 2.63629e-16 1.41332e-16 7.57539e-17 4.05963e-17 2.17515e-17 1.16523e-17 6.24106e-18 3.34219e-18 1.78949e-18 9.57982e-19 5.12762e-19 2.74413e-19 1.46835e-19 7.85572e-20 4.20223e-20 2.24756e-20 1.20193e-20 6.42674e-21 3.43591e-21 1.83668e-21 9.81682e-22 5.24629e-22 2.80336e-22 1.49779e-22 8.00152e-23 4.27407e-23 2.28276e-23 1.21907e-23 6.50954e-24 3.47554e-24 1.85545e-24 9.9044e-25 5.28643e-25 2.82132e-25 1.50556e-25 8.03341e-26 4.28608e-26 2.28654e-26 1.21971e-26 6.50568e-27 3.46968e-27 1.85033e-27 9.8666e-28 5.26077e-28 2.80475e-28 1.49521e-28 7.97026e-29 4.24823e-29 2.26417e-29 1.20663e-29 6.42992e-30 3.42613e-30 1.82544e-30 9.72523e-31 5.18083e-31 2.75974e-31 1.46995e-31 7.82906e-32 4.1695e-32 2.22039e-32 1.18235e-32 6.2955e-33 3.35187e-33 1.78449e-33 9.49981e-34 5.05693e-34 2.69173e-34 1.43268e-34 7.625e-35 4.05793e-35 2.15944e-35 1.14909e-35 6.11422e-36
5.41674e-08 2.59526e-09 1.40361e-09 7.5877e-10 4.09995e-10 2.21442e-10 1.19554e-10 6.45196e-11 3.48059e-11 1.87696e-11 1.01181e-11 5.45249e-12 2.93728e-12 1.58181e-12 8.51585e-13 4.58322e-13 2.46595e-13 1.3264e-13 7.13259e-14 3.83444e-14 2.06084e-14 1.10733e-14 5.94842e-15 3.19465e-15 1.71532e-15 9.20805e-16 4.94191e-16 2.65173e-16 1.42257e-16 7.63005e-17 4.09163e-17 2.19372e-17 1.17593e-17 6.3024e-18 3.37715e-18 1.80933e-18 9.69194e-19 5.19076e-19 2.77958e-19 1.48819e-19 7.96653e-20 4.26396e-20 2.28187e-20 1.22097e-20 6.53217e-21 3.4942e-21 1.86886e-21 9.99421e-22 5.34394e-22 2.85705e-22 1.52728e-22 8.16329e-23 4.36273e-23 2.3313e-23 1.24562e-23 6.65464e-24 3.55478e-24 1.89868e-24 1.01401e-24 5.41487e-25 2.89125e-25 1.54361e-25 8.24034e-26 4.39854e-26 2.34763e-26 1.25287e-26 6.68563e-27 3.56727e-27 1.90323e-27 1.01532e-27 5.416e-28 2.88878e-28 1.54068e-28 8.21623e-29 4.38122e-29 2.33605e-29 1.24547e-29 6.6397e-30 3.53939e-30 1.88658e-30 1.00551e-30 5.35879e-31 2.8557e-31 1.52169e-31 8.10788e-32 4.31974e-32 2.30131e-32 1.22593e-32 6.53013e-33 3.47816e-33 1.85245e-33 9.86544e-34 5.25359e-34 2.79749e-34 1.48954e-34 7.93063e-35 4.22218e-35 2.2477e-35 1.1965e-35 6.36885e-36 3.38987e-36
2.8436e-08 1.37873e-09 7.46187e-10 4.03653e-10 2.18257e-10 1.1796e-10 6.37263e-11 3.4413e-11 1.85761e-11 1.00235e-11 5.40664e-12 2.91527e-12 1.57138e-12 8.46721e-13 4.56099e-13 2.45608e-13 1.3222e-13 7.11577e-14 3.82847e-14 2.05925e-14 1.10733e-14 5.95294e-15 3.19947e-15 1.71916e-15 9.23536e-16 4.96009e-16 2.66334e-16 1.42978e-16 7.67395e-17 4.11792e-17 2.20927e-17 1.18504e-17 6.35528e-18 3.40764e-18 1.8268e-18 9.79157e-19 5.24731e-19 2.81155e-19 1.5062e-19 8.06766e-20 4.32059e-20 2.3135e-20 1.2386e-20 6.63018e-21 3.54859e-21 1.89899e-21 1.01609e-21 5.43596e-22 2.90779e-22 1.55522e-22 8.31696e-23 4.44715e-23 2.37762e-23 1.27102e-23 6.79371e-24 3.63087e-24 1.94028e-24 1.03673e-24 5.53887e-25 2.95888e-25 1.58047e-25 8.44109e-26 4.5078e-26 2.40706e-26 1.28518e-26 6.86116e-27 3.6626e-27 1.95496e-27 1.04339e-27 5.56817e-28 2.97125e-28 1.58536e-28 8.45814e-29 4.51216e-29 2.4069e-29 1.28379e-29 6.84685e-30 3.65135e-30 1.94706e-30 1.03818e-30 5.53515e-31 2.95089e-31 1.57305e-31 8.38491e-32 4.46912e-32 2.38185e-32 1.26933e-32 6.76398e-33 3.60412e-33 1.92029e-33 1.02307e-33 5.45017e-34 2.90327e-34 1.54645e-34 8.23677e-35 4.38681e-35 2.33621e-35 1.24408e-35 6.62457e-36 3.52728e-36 1.878e-36
1.4928e-08 7.32342e-10 3.9663e-10 2.14705e-10 1.16169e-10 6.28265e-11 3.39628e-11 1.83519e-11 9.91242e-12 5.35192e-12 2.88851e-12 1.55841e-12 8.40492e-13 4.53146e-13 2.4423e-13 1.3159e-13 7.08779e-14 3.81653e-14 2.05448e-14 1.10563e-14 5.94842e-15 3.19947e-15 1.72045e-15 9.24903e-16 4.97101e-16 2.67111e-16 1.43495e-16 7.70699e-17 4.13845e-17 2.22177e-17 1.19253e-17 6.39956e-18 3.43357e-18 1.84187e-18 9.87846e-19 5.29712e-19 2.83996e-19 1.52233e-19 8.15887e-20 4.37199e-20 2.34237e-20 1.25477e-20 6.72052e-21 3.59895e-21 1.927e-21 1.03163e-21 5.52212e-22 2.95545e-22 1.58155e-22 8.46216e-23 4.52712e-23 2.42162e-23 1.29519e-23 6.92642e-24 3.70364e-24 1.98014e-24 1.05855e-24 5.65816e-25 3.02405e-25 1.61605e-25 8.63519e-26 4.61361e-26 2.4647e-26 1.31656e-26 7.03191e-27 3.75544e-27 2.00542e-27 1.07079e-27 5.71696e-28 3.05198e-28 1.62914e-28 8.6955e-29 4.64078e-29 2.47656e-29 1.3215e-29 7.05096e-30 3.76177e-30 2.00678e-30 1.07046e-30 5.70958e-31 3.04512e-31 1.62394e-31 8.65963e-32 4.61739e-32 2.46184e-32 1.31247e-32 6.99663e-33 3.72954e-33 1.98788e-33 1.05948e-33 5.64634e-34 3.00891e-34 1.60333e-34 8.5429e-35 4.55155e-35 2.42485e-35 1.29176e-35 6.88097e-36 3.66514e-36 1.95211e-36 1.03966e-36
7.83667e-09 3.88947e-10 2.10796e-10 1.14186e-10 6.18229e-11 3.34566e-11 1.80975e-11 9.78511e-12 5.28848e-12 2.85707e-12 1.54292e-12 8.32915e-13 4.49471e-13 2.42465e-13 1.30753e-13 7.04873e-14 3.79867e-14 2.04654e-14 1.10225e-14 5.93488e-15 3.19465e-15 1.71916e-15 9.24903e-16 4.97466e-16 2.67499e-16 1.43806e-16 7.72906e-17 4.15315e-17 2.23117e-17 1.19837e-17 6.43514e-18 3.45489e-18 1.85449e-18 9.95238e-19 5.34006e-19 2.86473e-19 1.53654e-19 8.23992e-20 4.41801e-20 2.36841e-20 1.26944e-20 6.80297e-21 3.64514e-21 1.95282e-21 1.04603e-21 5.60219e-22 2.99992e-22 1.60619e-22 8.59853e-23 4.60247e-23 2.46319e-23 1.3181e-23 7.05244e-24 3.77291e-24 2.01817e-24 1.07941e-24 5.77245e-25 3.08662e-25 1.65027e-25 8.82221e-26 4.71574e-26 2.52043e-26 1.34695e-26 7.19749e-27 3.84561e-27 2.05449e-27 1.09748e-27 5.86205e-28 3.13081e-28 1.67195e-28 8.92782e-29 4.76681e-29 2.5449e-29 1.35854e-29 7.25162e-30 3.87043e-30 2.0656e-30 1.10229e-30 5.88175e-31 3.13821e-31 1.67425e-31 8.93153e-32 4.76425e-32 2.54115e-32 1.35529e-32 7.22767e-33 3.85418e-33 2.05511e-33 1.09573e-33 5.84174e-34 3.11422e-34 1.66006e-34 8.8485e-35 4.71612e-35 2.51345e-35 1.33945e-35 7.13763e-36 3.80323e-36 2.02639e-36 1.07961e-36 5.75148e-37
4.11398e-09 2.06542e-10 1.12016e-10 6.07185e-11 3.2896e-11 1.78138e-11 9.64197e-12 5.21653e-12 2.82105e-12 1.52496e-12 8.24013e-13 4.45084e-13 2.40319e-13 1.29711e-13 6.9987e-14 3.77494e-14 2.03546e-14 1.09718e-14 5.91236e-15 3.18504e-15 1.71532e-15 9.23536e-16 4.97101e-16 2.67499e-16 1.43909e-16 7.74012e-17 4.16199e-17 2.23745e-17 1.20256e-17 6.4619e-18 3.47153e-18 1.86462e-18 1.00131e-18 5.37602e-19 2.88581e-19 1.54878e-19 8.31059e-20 4.45855e-20 2.39154e-20 1.28258e-20 6.87732e-21 3.68706e-21 1.97638e-21 1.05923e-21 5.67599e-22 3.04107e-22 1.6291e-22 8.72575e-23 4.673e-23 2.50223e-23 1.33967e-23 7.17149e-24 3.83852e-24 2.05428e-24 1.09926e-24 5.88149e-25 3.14644e-25 1.68306e-25 9.00172e-26 4.81395e-26 2.57411e-26 1.37627e-26 7.35754e-27 3.9329e-27 2.10207e-27 1.1234e-27 6.00312e-28 3.20756e-28 1.71368e-28 9.15461e-29 4.88999e-29 2.61177e-29 1.39483e-29 7.44842e-30 3.97712e-30 2.12341e-30 1.1336e-30 6.05131e-31 3.22998e-31 1.72391e-31 9.20007e-32 4.90945e-32 2.61962e-32 1.39768e-32 7.45666e-33 3.97783e-33 2.12185e-33 1.13175e-33 6.03604e-34 3.21901e-34 1.71657e-34 9.15307e-35 4.88026e-35 2.60188e-35 1.38708e-35 7.39413e-36 3.94133e-36 2.10072e-36 1.11961e-36 5.96671e-37 3.17963e-37
2.1597e-09 1.09666e-10 5.95166e-11 3.22827e-11 1.75015e-11 9.48343e-12 5.13626e-12 2.78054e-12 1.50459e-12 8.13812e-13 4.39998e-13 2.37797e-13 1.28468e-13 6.93784e-14 3.74541e-14 2.02127e-14 1.09045e-14 5.88091e-15 3.17066e-15 1.70892e-15 9.20805e-16 4.96009e-16 2.67111e-16 1.43806e-16 7.74012e-17 4.16494e-17 2.24059e-17 1.20507e-17 6.47978e-18 3.48345e-18 1.87224e-18 1.00605e-18 5.40491e-19 2.90313e-19 1.55904e-19 8.3707e-20 4.49349e-20 2.41171e-20 1.29416e-20 6.94337e-21 3.72459e-21 1.99762e-21 1.07121e-21 5.74333e-22 3.07882e-22 1.6502e-22 8.84349e-23 4.73854e-23 2.53864e-23 1.35986e-23 7.28328e-24 3.90031e-24 2.08839e-24 1.11806e-24 5.98501e-25 3.20337e-25 1.71433e-25 9.17332e-26 4.90803e-26 2.62564e-26 1.40447e-26 7.51171e-27 4.01713e-27 2.14805e-27 1.14849e-27 6.13989e-28 3.28208e-28 1.75425e-28 9.37539e-29 5.01006e-29 2.67704e-29 1.43028e-29 7.64097e-30 4.08163e-30 2.18011e-30 1.16435e-30 6.21794e-31 3.32026e-31 1.7728e-31 9.46476e-32 5.05269e-32 2.69711e-32 1.43959e-32 7.6832e-33 4.10025e-33 2.18799e-33 1.16747e-33 6.22889e-34 3.3231e-34 1.77273e-34 9.45608e-35 5.04367e-35 2.68999e-35 1.43457e-35 7.65006e-36 4.07921e-36 2.17499e-36 1.1596e-36 6.18204e-37 3.29553e-37 1.75667e-37
1.13377e-09 5.82207e-11 3.16184e-11 1.71617e-11 9.30994e-12 5.04792e-12 2.73567e-12 1.48187e-12 8.02341e-13 4.34228e-13 2.34906e-13 1.27027e-13 6.86633e-14 3.71015e-14 2.004e-14 1.08206e-14 5.84063e-15 3.15154e-15 1.69999e-15 9.16718e-16 4.94191e-16 2.66334e-16 1.43495e-16 7.72906e-17 4.16199e-17 2.24059e-17 1.20591e-17 6.48874e-18 3.49061e-18 1.87734e-18 1.00945e-18 5.42664e-19 2.91664e-19 1.56727e-19 8.4201e-20 4.52275e-20 2.42886e-20 1.30413e-20 7.00096e-21 3.75764e-21 2.01649e-21 1.08193e-21 5.80405e-22 3.11307e-22 1.66946e-22 8.95147e-23 4.79893e-23 2.57234e-23 1.37862e-23 7.38754e-24 3.95814e-24 2.12042e-24 1.13577e-24 6.08278e-25 3.25727e-25 1.74401e-25 9.33662e-26 4.99775e-26 2.67488e-26 1.43147e-26 7.65965e-27 4.09811e-27 2.19234e-27 1.17269e-27 6.27204e-28 3.35419e-28 1.79357e-28 9.58969e-29 5.12678e-29 2.74056e-29 1.46484e-29 7.82886e-30 4.18373e-30 2.23556e-30 1.19445e-30 6.3813e-31 3.40887e-31 1.82084e-31 9.72508e-32 5.1937e-32 2.77347e-32 1.48092e-32 7.90684e-33 4.22122e-33 2.2534e-33 1.20282e-33 6.41995e-34 3.42631e-34 1.82847e-34 9.75699e-35 5.20608e-35 2.77762e-35 1.48185e-35 7.90499e-36 4.21665e-36 2.24908e-36 1.19953e-36 6.39712e-37 3.41138e-37 1.81906e-37 9.69914e-38
5.9519e-10 3.09051e-11 1.67952e-11 9.12203e-12 4.95175e-12 2.68657e-12 1.45686e-12 7.89634e-13 4.27791e-13 2.31656e-13 1.25391e-13 6.78438e-14 3.66927e-14 1.98372e-14 1.07206e-14 5.79163e-15 3.12774e-15 1.68855e-15 9.11287e-16 4.91653e-16 2.65173e-16 1.42978e-16 7.70699e-17 4.15315e-17 2.23745e-17 1.20507e-17 6.48874e-18 3.493e-18 1.87989e-18 1.01149e-18 5.44115e-19 2.92632e-19 1.57347e-19 8.45865e-20 4.54625e-20 2.44296e-20 1.31248e-20 7.04994e-21 3.78613e-21 2.03294e-21 1.09138e-21 5.85798e-22 3.14373e-22 1.68682e-22 9.04943e-23 4.85403e-23 2.60324e-23 1.39591e-23 7.48402e-24 4.01188e-24 2.15028e-24 1.15234e-24 6.17456e-25 3.30804e-25 1.77205e-25 9.49123e-26 5.08291e-26 2.72174e-26 1.45722e-26 7.80102e-27 4.17565e-27 2.23483e-27 1.19595e-27 6.3993e-28 3.42375e-28 1.83157e-28 9.79707e-29 5.23989e-29 2.80222e-29 1.49843e-29 8.01172e-30 4.28323e-30 2.28967e-30 1.22386e-30 6.54107e-31 3.49562e-31 1.86792e-31 9.98052e-32 5.33222e-32 2.84855e-32 1.5216e-32 8.12718e-33 4.34052e-33 2.31796e-33 1.23776e-33 6.60887e-34 3.52845e-34 1.88368e-34 1.00553e-34 5.3672e-35 2.86462e-35 1.52881e-35 8.15847e-36 4.35342e-36 2.32285e-36 1.23931e-36 6.61161e-37 3.52699e-37 1.88135e-37 1.00348e-37 5.35198e-38
3.12455e-10 1.64032e-11 8.92024e-12 4.84806e-12 2.63338e-12 1.42963e-12 7.75727e-13 4.20705e-13 2.28055e-13 1.23567e-13 6.69222e-14 3.62288e-14 1.96047e-14 1.06046e-14 5.73405e-15 3.09933e-15 1.67463e-15 9.04527e-16 4.88402e-16 2.63629e-16 1.42257e-16 7.67395e-17 4.13845e-17 2.23117e-17 1.20256e-17 6.47978e-18 3.49061e-18 1.87989e-18 1.01217e-18 5.44842e-19 2.93214e-19 1.57761e-19 8.48626e-20 4.56392e-20 2.45396e-20 1.31919e-20 7.09019e-21 3.80998e-21 2.04693e-21 1.09952e-21 5.905e-22 3.17073e-22 1.70224e-22 9.13712e-23 4.90369e-23 2.63127e-23 1.41168e-23 7.57249e-24 4.06138e-24 2.17792e-24 1.16774e-24 6.26015e-25 3.35553e-25 1.79836e-25 9.6368e-26 5.16333e-26 2.7661e-26 1.48166e-26 7.93553e-27 4.24959e-27 2.27543e-27 1.21823e-27 6.52139e-28 3.49061e-28 1.86815e-28 9.99707e-29 5.34916e-29 2.86187e-29 1.53097e-29 8.18915e-30 4.3799e-30 2.34232e-30 1.25251e-30 6.69692e-31 3.58035e-31 1.91396e-31 1.02306e-31 5.46797e-32 2.92221e-32 1.56155e-32 8.34379e-33 4.45791e-33 2.38156e-33 1.27219e-33 6.7953e-34 3.62934e-34 1.93825e-34 1.03504e-34 5.52674e-35 2.95085e-35 1.5754e-35 8.41008e-36 4.48928e-36 2.39619e-36 1.27889e-36 6.82514e-37 3.64216e-37 1.94346e-37 1.03696e-37 5.53244e-38 2.9515e-38
1.64028e-10 8.70517e-12 4.73712e-12 2.57625e-12 1.40027e-12 7.60661e-13 4.12991e-13 2.24114e-13 1.21558e-13 6.59011e-14 3.57113e-14 1.93432e-14 1.0473e-14 5.66805e-15 3.06639e-15 1.65828e-15 8.96456e-16 4.84447e-16 2.61707e-16 1.41332e-16 7.63005e-17 4.11792e-17 2.22177e-17 1.19837e-17 6.4619e-18 3.48345e-18 1.87734e-18 1.01149e-18 5.44842e-19 2.93408e-19 1.57968e-19 8.50286e-20 4.57573e-20 2.46184e-20 1.32423e-20 7.1216e-21 3.82913e-21 2.05843e-21 1.10633e-21 5.94499e-22 3.194e-22 1.71569e-22 9.21434e-23 4.94781e-23 2.65636e-23 1.4259e-23 7.65274e-24 4.10654e-24 2.20326e-24 1.18192e-24 6.33934e-25 3.39966e-25 1.8229e-25 9.773e-26 5.2388e-26 2.80786e-26 1.50474e-26 8.06285e-27 4.31975e-27 2.31405e-27 1.23946e-27 6.63803e-28 3.55461e-28 1.90324e-28 1.01893e-28 5.45434e-29 2.91939e-29 1.56241e-29 8.36079e-30 4.47357e-30 2.39339e-30 1.28035e-30 6.84854e-31 3.66289e-31 1.95887e-31 1.04748e-31 5.60068e-32 2.99431e-32 1.6007e-32 8.55626e-33 4.57318e-33 2.44407e-33 1.30608e-33 6.9789e-34 3.72878e-34 1.9921e-34 1.06418e-34 5.68443e-35 3.03614e-35 1.62152e-35 8.65938e-36 4.624e-36 2.46897e-36 1.31819e-36 7.03736e-37 3.75671e-37 2.00528e-37 1.07031e-37 5.71231e-38 3.04849e-38 1.62677e-38
8.61091e-11 4.61928e-12 2.51536e-12 1.36885e-12 7.44479e-13 4.0467e-13 2.19843e-13 1.19371e-13 6.47834e-14 3.51415e-14 1.90535e-14 1.03261e-14 5.59381e-15 3.02901e-15 1.63953e-15 8.87096e-16 4.79799e-16 2.59413e-16 1.40208e-16 7.57539e-17 4.09163e-17 2.20927e-17 1.19253e-17 6.43514e-18 3.47153e-18 1.87224e-18 1.00945e-18 5.44115e-19 2.93214e-19 1.57968e-19 8.50839e-20 4.58165e-20 2.46658e-20 1.32761e-20 7.1441e-21 3.84354e-21 2.0674e-21 1.1118e-21 5.97784e-22 3.21348e-22 1.72712e-22 9.28088e-23 4.98627e-23 2.67845e-23 1.43852e-23 7.72457e-24 4.14724e-24 2.22624e-24 1.19485e-24 6.41194e-25 3.4403e-25 1.8456e-25 9.89951e-26 5.30917e-26 2.84693e-26 1.5264e-26 8.1827e-27 4.38599e-27 2.35061e-27 1.25961e-27 6.74897e-28 3.61562e-28 1.93676e-28 1.03732e-28 5.55522e-29 2.97466e-29 1.59266e-29 8.52628e-30 4.56402e-30 2.4428e-30 1.30731e-30 6.99562e-31 3.74306e-31 2.00255e-31 1.07126e-31 5.7301e-32 3.0647e-32 1.63897e-32 8.76418e-33 4.6861e-33 2.50537e-33 1.33934e-33 7.15932e-34 3.8266e-34 2.04511e-34 1.09291e-34 5.83998e-35 3.12035e-35 1.66709e-35 8.90594e-36 4.75734e-36 2.54106e-36 1.35716e-36 7.24791e-37 3.87045e-37 2.0667e-37 1.10347e-37 5.8913e-38 3.14507e-38 1.67887e-38 8.96137e-39
4.52043e-11 2.45088e-12 1.33547e-12 7.27228e-13 3.95768e-13 2.15256e-13 1.17011e-13 6.35723e-14 3.4521e-14 1.87363e-14 1.01643e-14 5.51155e-15 2.98729e-15 1.61844e-15 8.76475e-16 4.74471e-16 2.56752e-16 1.38886e-16 7.51013e-17 4.05963e-17 2.19372e-17 1.18504e-17 6.39956e-18 3.45489e-18 1.86462e-18 1.00605e-18 5.42664e-19 2.92632e-19 1.57761e-19 8.50286e-20 4.58165e-20 2.46816e-20 1.32929e-20 7.15762e-21 3.85317e-21 2.07383e-21 1.11592e-21 6.00348e-22 3.22912e-22 1.73651e-22 9.33658e-23 5.01897e-23 2.69749e-23 1.44953e-23 7.7878e-24 4.18338e-24 2.24681e-24 1.20651e-24 6.47778e-25 3.47737e-25 1.86641e-25 1.0016e-25 5.37427e-26 2.88322e-26 1.54658e-26 8.29482e-27 4.44815e-27 2.38502e-27 1.27863e-27 6.85397e-28 3.67351e-28 1.96864e-28 1.05486e-28 5.65159e-29 3.02756e-29 1.62167e-29 8.68527e-30 4.65107e-30 2.49042e-30 1.33335e-30 7.13786e-31 3.82071e-31 2.04491e-31 1.09436e-31 5.85596e-32 3.13324e-32 1.67628e-32 8.96715e-33 4.79646e-33 2.56534e-33 1.37192e-33 7.33622e-34 3.92262e-34 2.0972e-34 1.12115e-34 5.99311e-35 3.20333e-35 1.71204e-35 9.14931e-36 4.88908e-36 2.61234e-36 1.39572e-36 7.45644e-37 3.98318e-37 2.12762e-37 1.13639e-37 6.0691e-38 3.24108e-38 1.73071e-38 9.24113e-39 4.93395e-39
2.37307e-11 1.30023e-12 7.08957e-13 3.86308e-13 2.10366e-13 1.14487e-13 6.22712e-14 3.38517e-14 1.83926e-14 9.98819e-15 5.4215e-15 2.94136e-15 1.59508e-15 8.64621e-16 4.68478e-16 2.53733e-16 1.37371e-16 7.43445e-17 4.02203e-17 2.17515e-17 1.17593e-17 6.35528e-18 3.43357e-18 1.85449e-18 1.00131e-18 5.40491e-19 2.91664e-19 1.57347e-19 8.48626e-20 4.57573e-20 2.46658e-20 1.32929e-20 7.16213e-21 3.85799e-21 2.07769e-21 1.11867e-21 6.02184e-22 3.24089e-22 1.74384e-22 9.38131e-23 5.04584e-23 2.71343e-23 1.45888e-23 7.84229e-24 4.21489e-24 2.26492e-24 1.21687e-24 6.53671e-25 3.51078e-25 1.88528e-25 1.01223e-25 5.43394e-26 2.91664e-26 1.56526e-26 8.39893e-27 4.50609e-27 2.4172e-27 1.29648e-27 6.95278e-28 3.72815e-28 1.9988e-28 1.0715e-28 5.74322e-29 3.07798e-29 1.64938e-29 8.83742e-30 4.73454e-30 2.53617e-30 1.3584e-30 7.27496e-31 3.89568e-31 2.08587e-31 1.11672e-31 5.97802e-32 3.1998e-32 1.71255e-32 9.16476e-33 4.90404e-33 2.62388e-33 1.40376e-33 7.50928e-34 4.01664e-34 2.14826e-34 1.14887e-34 6.14352e-35 3.28491e-35 1.75627e-35 9.38906e-36 5.01897e-36 2.68269e-36 1.43381e-36 7.66258e-37 4.09472e-37 2.18795e-37 1.16901e-37 6.24543e-38 3.33637e-38 1.78219e-38 9.51917e-39 5.08408e-39 2.71515e-39
