0.908456 0.021201 0.0106872 0.00550677 0.00289371 0.00154671 0.000838622 0.000459979 0.000254558 0.000141799 7.93371e-05 4.4506e-05 2.49949e-05 1.40364e-05 7.87453e-06 4.41006e-06 2.46424e-06 1.37333e-06 7.63142e-07 4.22768e-07 2.33466e-07 1.28515e-07 7.05167e-08 3.85705e-08 2.1031e-08 1.14317e-08 6.19343e-09 3.34164e-09 1.78964e-09 9.39574e-10 5.03744e-10
0.021201 0.000891415 0.000455818 0.000237274 0.000125097 6.65027e-05 3.55191e-05 1.90076e-05 1.01715e-05 5.43564e-06 2.89828e-06 1.54106e-06 8.16879e-07 4.31618e-07 2.27318e-07 1.1934e-07 6.24596e-08 3.25935e-08 1.69607e-08 8.80249e-09 4.55703e-09 2.35362e-09 1.2129e-09 6.23697e-10 3.19982e-10 1.63652e-10 8.31665e-11 4.15017e-11 1.94566e-11 6.97218e-12 3.491e-12
0.0106872 0.000455818 0.000231693 0.000119815 6.27504e-05 3.31471e-05 1.76005e-05 9.3694e-06 4.99067e-06 2.65624e-06 1.41133e-06 7.48145e-07 3.95528e-07 2.08508e-07 1.09595e-07 5.74364e-08 3.0015e-08 1.56418e-08 8.12991e-09 4.21493e-09 2.18001e-09 1.12496e-09 5.79233e-10 2.97538e-10 1.52349e-10 7.75026e-11 3.87114e-11 1.8173e-11 6.56446e-12 3.26311e-12 1.63488e-12
0.00550677 0.000237274 0.000119815 6.15028e-05 3.19655e-05 1.67605e-05 8.83801e-06 4.67522e-06 2.47629e-06 1.31144e-06 6.93773e-07 3.66367e-07 1.93047e-07 1.01472e-07 5.31994e-08 2.78185e-08 1.45088e-08 7.54794e-09 3.91706e-09 2.02801e-09 1.0476e-09 5.39952e-10 2.77635e-10 1.42291e-10 7.24459e-11 3.62099e-11 1.70119e-11 6.17759e-12 3.07682e-12 1.53002e-12 7.67052e-13
0.00289371 0.000125097 6.27504e-05 3.19655e-05 1.64812e-05 8.57331e-06 4.4869e-06 2.35709e-06 1.24063e-06 6.53351e-07 3.43912e-07 1.80816e-07 9.49072e-08 4.97166e-08 2.59873e-08 1.35531e-08 7.05215e-09 3.66115e-09 1.89647e-09 9.80235e-10 5.05557e-10 2.60124e-10 1.33404e-10 6.79607e-11 3.3983e-11 1.59736e-11 5.82703e-12 2.89984e-12 1.44495e-12 7.18801e-13 3.60587e-13
0.00154671 6.65027e-05 3.31471e-05 1.67605e-05 8.57331e-06 4.42429e-06 2.29771e-06 1.19836e-06 6.26572e-07 3.27994e-07 1.71723e-07 8.98525e-08 4.69614e-08 2.45076e-08 1.27675e-08 6.63881e-09 3.44528e-09 1.78441e-09 9.22357e-10 4.75791e-10 2.44874e-10 1.25621e-10 6.40142e-11 3.2015e-11 1.50523e-11 5.51442e-12 2.73976e-12 1.36403e-12 6.79975e-13 3.38386e-13 1.69857e-13
0.000838622 3.55191e-05 1.76005e-05 8.83801e-06 4.4869e-06 2.29771e-06 1.1843e-06 6.13233e-07 3.18491e-07 1.65699e-07 8.62692e-08 4.49131e-08 2.33682e-08 1.2146e-08 6.3048e-09 3.26782e-09 1.69098e-09 8.73531e-10 4.5043e-10 2.3177e-10 1.18886e-10 6.05768e-11 3.02916e-11 1.42417e-11 5.23832e-12 2.59744e-12 1.29098e-12 6.43001e-13 3.20681e-13 1.59644e-13 8.01843e-14
0.000459979 1.90076e-05 9.3694e-06 4.67522e-06 2.35709e-06 1.19836e-06 6.13233e-07 3.15331e-07 1.62698e-07 8.413e-08 4.35561e-08 2.25604e-08 1.16839e-08 6.04759e-09 3.12743e-09 1.61548e-09 8.3339e-10 4.29284e-10 2.20715e-10 1.13146e-10 5.76231e-11 2.87999e-11 1.35358e-11 4.99678e-12 2.47225e-12 1.22626e-12 6.09699e-13 3.03799e-13 1.51578e-13 7.5487e-14 3.79373e-14
0.000254558 1.01715e-05 4.99067e-06 2.47629e-06 1.24063e-06 6.26572e-07 3.18491e-07 1.62698e-07 8.34187e-08 4.28802e-08 2.20782e-08 1.13778e-08 5.86524e-09 3.02305e-09 1.55734e-09 8.01633e-10 4.12194e-10 2.11626e-10 1.08361e-10 5.51309e-11 2.75289e-11 1.29293e-11 4.78796e-12 2.36333e-12 1.1696e-12 5.80309e-13 2.88634e-13 1.43877e-13 7.18162e-14 3.57776e-14 1.79909e-14
0.000141799 5.43564e-06 2.65624e-06 1.31144e-06 6.53351e-07 3.27994e-07 1.65699e-07 8.413e-08 4.28802e-08 2.19178e-08 1.12253e-08 5.75638e-09 2.9539e-09 1.51612e-09 7.78021e-10 3.99034e-10 2.04435e-10 1.04493e-10 5.30819e-11 2.64689e-11 1.24176e-11 4.61021e-12 2.26984e-12 1.12061e-12 5.54716e-13 2.7531e-13 1.36981e-13 6.8308e-14 3.41094e-14 1.69984e-14 8.55231e-15
7.93371e-05 2.89828e-06 1.41133e-06 6.93773e-07 3.43912e-07 1.71723e-07 8.62692e-08 4.35561e-08 2.20782e-08 1.12253e-08 5.72018e-09 2.91945e-09 1.49151e-09 7.62378e-10 3.89703e-10 1.99088e-10 1.01514e-10 5.14606e-11 2.56123e-11 1.1997e-11 4.46212e-12 2.19104e-12 1.0789e-12 5.32745e-13 2.63779e-13 1.30953e-13 6.5177e-14 3.25134e-14 1.62415e-14 8.09648e-15 4.07561e-15
4.4506e-05 1.54106e-06 7.48145e-07 3.66367e-07 1.80816e-07 8.98525e-08 4.49131e-08 2.25604e-08 1.13778e-08 5.75638e-09 2.91945e-09 1.48333e-09 7.54586e-10 3.84132e-10 1.95546e-10 9.94018e-11 5.02551e-11 2.49525e-11 1.16642e-11 4.34252e-12 2.12631e-12 1.04416e-12 5.14227e-13 2.53961e-13 1.25772e-13 6.2456e-14 3.10947e-14 1.55167e-14 7.75382e-15 3.86643e-15 1.94719e-15
2.49949e-05 8.16879e-07 3.95528e-07 1.93047e-07 9.49072e-08 4.69614e-08 2.33682e-08 1.16839e-08 5.86524e-09 2.9539e-09 1.49151e-09 7.54586e-10 3.8228e-10 1.93781e-10 9.81408e-11 4.94563e-11 2.44847e-11 1.14167e-11 4.25047e-12 2.07513e-12 1.01611e-12 4.99015e-13 2.45783e-13 1.21405e-13 6.0137e-14 2.98702e-14 1.48755e-14 7.42534e-15 3.71166e-15 1.8513e-15 9.32731e-16
1.40364e-05 4.31618e-07 2.08508e-07 1.01472e-07 4.97166e-08 2.45076e-08 1.2146e-08 6.04759e-09 3.02305e-09 1.51612e-09 7.62378e-10 3.84132e-10 1.93781e-10 9.77215e-11 4.90584e-11 2.42054e-11 1.12528e-11 4.18524e-12 2.03709e-12 9.94516e-13 4.86988e-13 2.39179e-13 1.17817e-13 5.82047e-14 2.88366e-14 1.43263e-14 7.13633e-15 3.56318e-15 1.7816e-15 8.88829e-16 4.47979e-16
7.87453e-06 2.27318e-07 1.09595e-07 5.31994e-08 2.59873e-08 1.27675e-08 6.3048e-09 3.12743e-09 1.55734e-09 7.78021e-10 3.89703e-10 1.95546e-10 9.81408e-11 4.90584e-11 2.41125e-11 1.11711e-11 4.1463e-12 2.0119e-12 9.79215e-13 4.78052e-13 2.34096e-13 1.14981e-13 5.66443e-14 2.79874e-14 1.38682e-14 6.89114e-15 3.43339e-15 1.7147e-15 8.57555e-16 4.27912e-16 2.15739e-16
4.41006e-06 1.1934e-07 5.74364e-08 2.78185e-08 1.35531e-08 6.63881e-09 3.26782e-09 1.61548e-09 8.01633e-10 3.99034e-10 1.99088e-10 9.94018e-11 4.94563e-11 2.42054e-11 1.11711e-11 4.13336e-12 1.99936e-12 9.70083e-13 4.72133e-13 2.30494e-13 1.12874e-13 5.54434e-14 2.7316e-14 1.34981e-14 6.68939e-15 3.3245e-15 1.65667e-15 8.27523e-16 4.13941e-16 2.06585e-16 1.0418e-16
2.46424e-06 6.24596e-08 3.0015e-08 1.45088e-08 7.05215e-09 3.44528e-09 1.69098e-09 8.3339e-10 4.12194e-10 2.04435e-10 1.01514e-10 5.02551e-11 2.44847e-11 1.12528e-11 4.1463e-12 1.99936e-12 9.67046e-13 4.69186e-13 2.28345e-13 1.11478e-13 5.45925e-14 2.68171e-14 1.32132e-14 6.52983e-15 3.2364e-15 1.60863e-15 8.01717e-16 4.00524e-16 2.00378e-16 1.00014e-16 5.04459e-17
1.37333e-06 3.25935e-08 1.56418e-08 7.54794e-09 3.66115e-09 1.78441e-09 8.73531e-10 4.29284e-10 2.11626e-10 1.04493e-10 5.14606e-11 2.49525e-11 1.14167e-11 4.18524e-12 2.0119e-12 9.70083e-13 4.69186e-13 2.2763e-13 1.10783e-13 5.40846e-14 2.64867e-14 1.30114e-14 6.41125e-15 3.16857e-15 1.57057e-15 7.80701e-16 3.89126e-16 1.94419e-16 9.72748e-17 4.85559e-17 2.44941e-17
7.63142e-07 1.69607e-08 8.12991e-09 3.91706e-09 1.89647e-09 9.22357e-10 4.5043e-10 2.20715e-10 1.08361e-10 5.30819e-11 2.56123e-11 1.16642e-11 4.25047e-12 2.03709e-12 9.79215e-13 4.72133e-13 2.28345e-13 1.10783e-13 5.39158e-14 2.63222e-14 1.28909e-14 6.33273e-15 3.1205e-15 1.54227e-15 7.64489e-16 3.8003e-16 1.89427e-16 9.46479e-17 4.73577e-17 2.36399e-17 1.19258e-17
4.22768e-07 8.80249e-09 4.21493e-09 2.02801e-09 9.80235e-10 4.75791e-10 2.3177e-10 1.13146e-10 5.51309e-11 2.64689e-11 1.1997e-11 4.34252e-12 2.07513e-12 9.94516e-13 4.78052e-13 2.30494e-13 1.11478e-13 5.40846e-14 2.63222e-14 1.28509e-14 6.29362e-15 3.09181e-15 1.52353e-15 7.52993e-16 3.73253e-16 1.85546e-16 9.24858e-17 4.62105e-17 2.31215e-17 1.15415e-17 5.82235e-18
2.33466e-07 4.55703e-09 2.18001e-09 1.0476e-09 5.05557e-10 2.44874e-10 1.18886e-10 5.76231e-11 2.75289e-11 1.24176e-11 4.46212e-12 2.12631e-12 1.01611e-12 4.86988e-13 2.34096e-13 1.12874e-13 5.45925e-14 2.64867e-14 1.28909e-14 6.29362e-15 3.08227e-15 1.5142e-15 7.46132e-16 3.68762e-16 1.82787e-16 9.08607e-17 4.52875e-17 2.26265e-17 1.13205e-17 5.65047e-18 2.85026e-18
1.28515e-07 2.35362e-09 1.12496e-09 5.39952e-10 2.60124e-10 1.25621e-10 6.05768e-11 2.87999e-11 1.29293e-11 4.61021e-12 2.19104e-12 1.04416e-12 4.99015e-13 2.39179e-13 1.14981e-13 5.54434e-14 2.68171e-14 1.30114e-14 6.33273e-15 3.09181e-15 1.5142e-15 7.43851e-16 3.66525e-16 1.81139e-16 8.97808e-17 4.46249e-17 2.22401e-17 1.11104e-17 5.55809e-18 2.77395e-18 1.39905e-18
7.05167e-08 1.2129e-09 5.79233e-10 2.77635e-10 1.33404e-10 6.40142e-11 3.02916e-11 1.35358e-11 4.78796e-12 2.26984e-12 1.0789e-12 5.14227e-13 2.45783e-13 1.17817e-13 5.66443e-14 2.7316e-14 1.32132e-14 6.41125e-15 3.1205e-15 1.52353e-15 7.46132e-16 3.66525e-16 1.80592e-16 8.92424e-17 4.4228e-17 2.19805e-17 1.0953e-17 5.47088e-18 2.7364e-18 1.36548e-18 6.88532e-19
3.85705e-08 6.23697e-10 2.97538e-10 1.42291e-10 6.79607e-11 3.2015e-11 1.42417e-11 4.99678e-12 2.36333e-12 1.12061e-12 5.32745e-13 2.53961e-13 1.21405e-13 5.82047e-14 2.79874e-14 1.34981e-14 6.52983e-15 3.16857e-15 1.54227e-15 7.52993e-16 3.68762e-16 1.81139e-16 8.92424e-17 4.40959e-17 2.18506e-17 1.08576e-17 5.40938e-18 2.70134e-18 1.35085e-18 6.73949e-19 3.39736e-19
2.1031e-08 3.19982e-10 1.52349e-10 7.24459e-11 3.3983e-11 1.50523e-11 5.23832e-12 2.47225e-12 1.1696e-12 5.54716e-13 2.63779e-13 1.25772e-13 6.0137e-14 2.88366e-14 1.38682e-14 6.68939e-15 3.2364e-15 1.57057e-15 7.64489e-16 3.73253e-16 1.82787e-16 8.97808e-17 4.4228e-17 2.18506e-17 1.08257e-17 5.37818e-18 2.67886e-18 1.33742e-18 6.6862e-19 3.33501e-19 1.68059e-19
1.14317e-08 1.63652e-10 7.75026e-11 3.62099e-11 1.59736e-11 5.51442e-12 2.59744e-12 1.22626e-12 5.80309e-13 2.7531e-13 1.30953e-13 6.2456e-14 2.98702e-14 1.43263e-14 6.89114e-15 3.3245e-15 1.60863e-15 7.80701e-16 3.8003e-16 1.85546e-16 9.08607e-17 4.46249e-17 2.19805e-17 1.08576e-17 5.37818e-18 2.67123e-18 1.33017e-18 6.63889e-19 3.31794e-19 1.6545e-19 8.33401e-20
6.19343e-09 8.31665e-11 3.87114e-11 1.70119e-11 5.82703e-12 2.73976e-12 1.29098e-12 6.09699e-13 2.88634e-13 1.36981e-13 6.5177e-14 3.10947e-14 1.48755e-14 7.13633e-15 3.43339e-15 1.65667e-15 8.01717e-16 3.89126e-16 1.89427e-16 9.24858e-17 4.52875e-17 2.22401e-17 1.0953e-17 5.40938e-18 2.67886e-18 1.33017e-18 6.62166e-19 3.30375e-19 1.65054e-19 8.22788e-20 4.14262e-20
3.34164e-09 4.15017e-11 1.8173e-11 6.17759e-12 2.89984e-12 1.36403e-12 6.43001e-13 3.03799e-13 1.43877e-13 6.8308e-14 3.25134e-14 1.55167e-14 7.42534e-15 3.56318e-15 1.7147e-15 8.27523e-16 4.00524e-16 1.94419e-16 9.46479e-17 4.62105e-17 2.26265e-17 1.11104e-17 5.47088e-18 2.70134e-18 1.33742e-18 6.63889e-19 3.30375e-19 1.64772e-19 8.22875e-20 4.1006e-20 2.06356e-20
1.78964e-09 1.94566e-11 6.56446e-12 3.07682e-12 1.44495e-12 6.79975e-13 3.20681e-13 1.51578e-13 7.18162e-14 3.41094e-14 1.62415e-14 7.75382e-15 3.71166e-15 1.7816e-15 8.57555e-16 4.13941e-16 2.00378e-16 9.72748e-17 4.73577e-17 2.31215e-17 1.13205e-17 5.55809e-18 2.7364e-18 1.35085e-18 6.6862e-19 3.31794e-19 1.65054e-19 8.22875e-20 4.10778e-20 2.04629e-20 1.02922e-20
9.39574e-10 6.97218e-12 3.26311e-12 1.53002e-12 7.18801e-13 3.38386e-13 1.59644e-13 7.5487e-14 3.57776e-14 1.69984e-14 8.09648e-15 3.86643e-15 1.8513e-15 8.88829e-16 4.27912e-16 2.06585e-16 1.00014e-16 4.85559e-17 2.36399e-17 1.15415e-17 5.65047e-18 2.77395e-18 1.36548e-18 6.73949e-19 3.33501e-19 1.6545e-19 8.22788e-20 4.1006e-20 2.04629e-20 1.01904e-20 5.1231e-21
5.03744e-10 3.491e-12 1.63488e-12 7.67052e-13 3.60587e-13 1.69857e-13 8.01843e-14 3.79373e-14 1.79909e-14 8.55231e-15 4.07561e-15 1.94719e-15 9.32731e-16 4.47979e-16 2.15739e-16 1.0418e-16 5.04459e-17 2.44941e-17 1.19258e-17 5.82235e-18 2.85026e-18 1.39905e-18 6.88532e-19 3.39736e-19 1.68059e-19 8.33401e-20 4.14262e-20 2.06356e-20 1.02922e-20 5.1231e-21 2.57384e-21
