0.401193 0.131601 0.037182 0.0118782 0.000323738 5.84262e-06 8.72864e-08 1.17216e-09 1.47266e-11 1.76979e-13 2.06175e-15 2.34814e-17 2.62919e-19 2.90538e-21 3.17724e-23 3.44529e-25 3.70999e-27 3.97174e-29 4.23089e-31 4.48774e-33 4.74253e-35 4.99549e-37 5.2468e-39 5.49662e-41 5.74508e-43 5.99232e-45 6.23844e-47 6.48353e-49 6.72768e-51 6.97091e-53 7.21338e-55
0.131601 0.0485544 0.0192205 0.00029648 3.49592e-06 3.74299e-08 3.84093e-10 3.86356e-12 3.84967e-14 3.81913e-16 3.78196e-18 3.74312e-20 3.705e-22 3.66868e-24 3.63458e-26 3.60279e-28 3.57326e-30 3.54583e-32 3.52037e-34 3.49668e-36 3.47463e-38 3.45405e-40 3.43481e-42 3.4168e-44 3.39989e-46 3.384e-48 3.36904e-50 3.35492e-52 3.34155e-54 3.1906e-56 3.17961e-58
0.037182 0.0192205 0.000239142 2.67288e-06 2.7963e-08 2.8258e-10 2.80786e-12 2.76931e-14 2.72397e-16 2.67843e-18 2.63548e-20 2.5961e-22 2.56043e-24 2.52824e-26 2.49919e-28 2.47292e-30 2.44909e-32 2.4274e-34 2.40757e-36 2.38939e-38 2.37266e-40 2.35721e-42 2.3429e-44 2.3296e-46 2.31721e-48 2.30564e-50 2.29481e-52 2.28463e-54 2.21993e-56 2.20646e-58 2.19873e-60
0.0118782 0.00029648 2.67288e-06 2.54005e-08 2.44066e-10 2.35035e-12 2.26765e-14 2.19391e-16 2.12951e-18 2.07384e-20 2.02582e-22 1.9843e-24 1.94819e-26 1.91659e-28 1.88874e-30 1.86402e-32 1.84194e-34 1.8221e-36 1.80416e-38 1.78787e-40 1.773e-42 1.75936e-44 1.74682e-46 1.73523e-48 1.7245e-50 1.71452e-52 1.70522e-54 1.67437e-56 1.66342e-58 1.65277e-60 1.64621e-62
0.000323738 3.49592e-06 2.7963e-08 2.44066e-10 2.22146e-12 2.06686e-14 1.94944e-16 1.85677e-18 1.78197e-20 1.7206e-22 1.66954e-24 1.62649e-26 1.58976e-28 1.55808e-30 1.53048e-32 1.50621e-34 1.4847e-36 1.4655e-38 1.44824e-40 1.43265e-42 1.41847e-44 1.40554e-46 1.39367e-48 1.38276e-50 1.37267e-52 1.36332e-54 1.34564e-56 1.33598e-58 1.32653e-60 1.31726e-62 1.31109e-64
5.84262e-06 3.74299e-08 2.8258e-10 2.35035e-12 2.06686e-14 1.87802e-16 1.74229e-18 1.63976e-20 1.5596e-22 1.4953e-24 1.44266e-26 1.39881e-28 1.36172e-30 1.32995e-32 1.30242e-34 1.27832e-36 1.25704e-38 1.2381e-40 1.22113e-42 1.20584e-44 1.19197e-46 1.17934e-48 1.16777e-50 1.15715e-52 1.14735e-54 1.1346e-56 1.12538e-58 1.1165e-60 1.10782e-62 1.09929e-64 1.09326e-66
8.72864e-08 3.84093e-10 2.80786e-12 2.26765e-14 1.94944e-16 1.74229e-18 1.59696e-20 1.48937e-22 1.40653e-24 1.34082e-26 1.28745e-28 1.24324e-30 1.20602e-32 1.17423e-34 1.14676e-36 1.12277e-38 1.10162e-40 1.08283e-42 1.06602e-44 1.05089e-46 1.03718e-48 1.02471e-50 1.01331e-52 1.00285e-54 9.91676e-57 9.82355e-59 9.73546e-61 9.65101e-63 9.5687e-65 9.48785e-67 9.4281e-69
1.17216e-09 3.86356e-12 2.76931e-14 2.19391e-16 1.85677e-18 1.63976e-20 1.48937e-22 1.3792e-24 1.29506e-26 1.22871e-28 1.17504e-30 1.13072e-32 1.09348e-34 1.06174e-36 1.03434e-38 1.01044e-40 9.89395e-43 9.70716e-45 9.54016e-47 9.38992e-49 9.25398e-51 9.13037e-53 9.01744e-55 8.90737e-57 8.80997e-59 8.71911e-61 8.63348e-63 8.55166e-65 8.47223e-67 8.39441e-69 8.33493e-71
1.47266e-11 3.84967e-14 2.72397e-16 2.12951e-18 1.78197e-20 1.5596e-22 1.40653e-24 1.29506e-26 1.21031e-28 1.14371e-30 1.08995e-32 1.04563e-34 1.00844e-36 9.76765e-39 9.49447e-41 9.25633e-43 9.04677e-45 8.86087e-47 8.69476e-49 8.5454e-51 8.41033e-53 8.28755e-55 8.17265e-57 8.06888e-59 7.97293e-61 7.88357e-63 7.79956e-65 7.71954e-67 7.64214e-69 7.56655e-71 7.50729e-73
1.76979e-13 3.81913e-16 2.67843e-18 2.07384e-20 1.7206e-22 1.4953e-24 1.34082e-26 1.22871e-28 1.14371e-30 1.07702e-32 1.02328e-34 9.79008e-37 9.41886e-39 9.1029e-41 8.83054e-43 8.59321e-45 8.38446e-47 8.19935e-49 8.03402e-51 7.88541e-53 7.75107e-55 7.62777e-57 7.51588e-59 7.41311e-61 7.31818e-63 7.22989e-65 7.14705e-67 7.06836e-69 6.99252e-71 6.91866e-73 6.85961e-75
2.06175e-15 3.78196e-18 2.63548e-20 2.02582e-22 1.66954e-24 1.44266e-26 1.28745e-28 1.17504e-30 1.08995e-32 1.02328e-34 9.69585e-37 9.25388e-39 8.88345e-41 8.56828e-43 8.2967e-45 8.06014e-47 7.85213e-49 7.66775e-51 7.50311e-53 7.35518e-55 7.22092e-57 7.09926e-59 6.98814e-61 6.88613e-63 6.79199e-65 6.70453e-67 6.6226e-69 6.54497e-71 6.47036e-73 6.39792e-75 6.33909e-77
2.34814e-17 3.74312e-20 2.5961e-22 1.9843e-24 1.62649e-26 1.39881e-28 1.24324e-30 1.13072e-32 1.04563e-34 9.79008e-37 9.25388e-39 8.81269e-41 8.44305e-43 8.12864e-45 7.85781e-47 7.62196e-49 7.41465e-51 7.23093e-53 7.06694e-55 6.91934e-57 6.78613e-59 6.66512e-61 6.55464e-63 6.45327e-65 6.35976e-67 6.27299e-69 6.19182e-71 6.11505e-73 6.04147e-75 5.97021e-77 5.91161e-79
2.62919e-19 3.705e-22 2.56043e-24 1.94819e-26 1.58976e-28 1.36172e-30 1.20602e-32 1.09348e-34 1.00844e-36 9.41886e-39 8.88345e-41 8.44305e-43 8.07416e-45 7.7605e-47 7.49037e-49 7.25519e-51 7.04853e-53 6.86542e-55 6.70188e-57 6.55507e-59 6.42245e-61 6.302e-63 6.19207e-65 6.09124e-67 5.9983e-69 5.91211e-71 5.83158e-73 5.75555e-75 5.68284e-77 5.61259e-79 5.55421e-81
2.90538e-21 3.66868e-24 2.52824e-26 1.91659e-28 1.55808e-30 1.32995e-32 1.17423e-34 1.06174e-36 9.76765e-39 9.1029e-41 8.56828e-43 8.12864e-45 7.7605e-47 7.44753e-49 7.17806e-51 6.94352e-53 6.73746e-55 6.55485e-57 6.39197e-59 6.24571e-61 6.11361e-63 5.99367e-65 5.88423e-67 5.7839e-69 5.69144e-71 5.60577e-73 5.5258e-75 5.45041e-77 5.37846e-79 5.30908e-81 5.25092e-83
3.17724e-23 3.63458e-26 2.49919e-28 1.88874e-30 1.53048e-32 1.30242e-34 1.14676e-36 1.03434e-38 9.49447e-41 8.83054e-43 8.2967e-45 7.85781e-47 7.49037e-49 7.17806e-51 6.90923e-53 6.67529e-55 6.46973e-57 6.28773e-59 6.12538e-61 5.97962e-63 5.84801e-65 5.72853e-67 5.61954e-69 5.51965e-71 5.42764e-73 5.34242e-75 5.26294e-77 5.18812e-79 5.11683e-81 5.04822e-83 4.99027e-85
3.44529e-25 3.60279e-28 2.47292e-30 1.86402e-32 1.50621e-34 1.27832e-36 1.12277e-38 1.01044e-40 9.25633e-43 8.59321e-45 8.06014e-47 7.62196e-49 7.25519e-51 6.94352e-53 6.67529e-55 6.44186e-57 6.2369e-59 6.05541e-61 5.89355e-63 5.74826e-65 5.61709e-67 5.49804e-69 5.38946e-71 5.28997e-73 5.19837e-75 5.11357e-77 5.03453e-79 4.96021e-81 4.8895e-83 4.82157e-85 4.76382e-87
3.70999e-27 3.57326e-30 2.44909e-32 1.84194e-34 1.4847e-36 1.25704e-38 1.10162e-40 9.89395e-43 9.04677e-45 8.38446e-47 7.85213e-49 7.41465e-51 7.04853e-53 6.73746e-55 6.46973e-57 6.2369e-59 6.03245e-61 5.85145e-63 5.69004e-65 5.54519e-67 5.41443e-69 5.29578e-71 5.18758e-73 5.08846e-75 4.99723e-77 4.91281e-79 4.83418e-81 4.7603e-83 4.69012e-85 4.6228e-87 4.56524e-89
3.97174e-29 3.54583e-32 2.4274e-34 1.8221e-36 1.4655e-38 1.2381e-40 1.08283e-42 9.70716e-45 8.86087e-47 8.19935e-49 7.66775e-51 7.23093e-53 6.86542e-55 6.55485e-57 6.28773e-59 6.05541e-61 5.85145e-63 5.6709e-65 5.50993e-67 5.36548e-69 5.23511e-71 5.11683e-73 5.00899e-75 4.91022e-77 4.81932e-79 4.73525e-81 4.65698e-83 4.58351e-85 4.5138e-87 4.44703e-89 4.38965e-91
4.23089e-31 3.52037e-34 2.40757e-36 1.80416e-38 1.44824e-40 1.22113e-42 1.06602e-44 9.54016e-47 8.69476e-49 8.03402e-51 7.50311e-53 7.06694e-55 6.70188e-57 6.39197e-59 6.12538e-61 5.89355e-63 5.69004e-65 5.50993e-67 5.34936e-69 5.2053e-71 5.07529e-73 4.95735e-75 4.84985e-77 4.7514e-79 4.66082e-81 4.57707e-83 4.49914e-85 4.42604e-87 4.35675e-89 4.29047e-91 4.23326e-93
4.48774e-33 3.49668e-36 2.38939e-38 1.78787e-40 1.43265e-42 1.20584e-44 1.05089e-46 9.38992e-49 8.5454e-51 7.88541e-53 7.35518e-55 6.91934e-57 6.55507e-59 6.24571e-61 5.97962e-63 5.74826e-65 5.54519e-67 5.36548e-69 5.2053e-71 5.06159e-73 4.93193e-75 4.81432e-77 4.70713e-79 4.60898e-81 4.5187e-83 4.43523e-85 4.35761e-87 4.28485e-89 4.21596e-91 4.15013e-93 4.09308e-95
4.74253e-35 3.47463e-38 2.37266e-40 1.773e-42 1.41847e-44 1.19197e-46 1.03718e-48 9.25398e-51 8.41033e-53 7.75107e-55 7.22092e-57 6.78613e-59 6.42245e-61 6.11361e-63 5.84801e-65 5.61709e-67 5.41443e-69 5.23511e-71 5.07529e-73 4.93193e-75 4.80259e-77 4.68529e-79 4.57839e-81 4.48052e-83 4.39051e-85 4.30733e-87 4.22999e-89 4.15754e-91 4.08901e-93 4.02359e-95 3.9667e-97
4.99549e-37 3.45405e-40 2.35721e-42 1.75936e-44 1.40554e-46 1.17934e-48 1.02471e-50 9.13037e-53 8.28755e-55 7.62777e-57 7.09926e-59 6.66512e-61 6.302e-63 5.99367e-65 5.72853e-67 5.49804e-69 5.29578e-71 5.11683e-73 4.95735e-75 4.81432e-77 4.68529e-79 4.56828e-81 4.46165e-83 4.36405e-85 4.2743e-87 4.19137e-89 4.1143e-91 4.04214e-93 3.97394e-95 3.9089e-97 3.85216e-99
5.2468e-39 3.43481e-42 2.3429e-44 1.74682e-46 1.39367e-48 1.16777e-50 1.01331e-52 9.01744e-55 8.17265e-57 7.51588e-59 6.98814e-61 6.55464e-63 6.19207e-65 5.88423e-67 5.61954e-69 5.38946e-71 5.18758e-73 5.00899e-75 4.84985e-77 4.70713e-79 4.57839e-81 4.46165e-83 4.35529e-85 4.25794e-87 4.16843e-89 4.08575e-91 4.00893e-93 3.93704e-95 3.86914e-97 3.80445e-99 3.74784e-101
5.49662e-41 3.4168e-44 2.3296e-46 1.73523e-48 1.38276e-50 1.15715e-52 1.00285e-54 8.90737e-57 8.06888e-59 7.41311e-61 6.88613e-63 6.45327e-65 6.09124e-67 5.7839e-69 5.51965e-71 5.28997e-73 5.08846e-75 4.91022e-77 4.7514e-79 4.60898e-81 4.48052e-83 4.36405e-85 4.25794e-87 4.16083e-89 4.07156e-91 3.9891e-93 3.91251e-95 3.84088e-97 3.77326e-99 3.7089e-101 3.65243e-103
5.74508e-43 3.39989e-46 2.31721e-48 1.7245e-50 1.37267e-52 1.14735e-54 9.91676e-57 8.80997e-59 7.97293e-61 7.31818e-63 6.79199e-65 6.35976e-67 5.9983e-69 5.69144e-71 5.42764e-73 5.19837e-75 4.99723e-77 4.81932e-79 4.66082e-81 4.5187e-83 4.39051e-85 4.2743e-87 4.16843e-89 4.07156e-91 3.98251e-93 3.90027e-95 3.82391e-97 3.75251e-99 3.68516e-101 3.62111e-103 3.56477e-105
5.99232e-45 3.384e-48 2.30564e-50 1.71452e-52 1.36332e-54 1.1346e-56 9.82355e-59 8.71911e-61 7.88357e-63 7.22989e-65 6.70453e-67 6.27299e-69 5.91211e-71 5.60577e-73 5.34242e-75 5.11357e-77 4.91281e-79 4.73525e-81 4.57707e-83 4.43523e-85 4.30733e-87 4.19137e-89 4.08575e-91 3.9891e-93 3.90027e-95 3.81825e-97 3.74211e-99 3.67094e-101 3.60385e-103 3.54009e-105 3.48387e-107
6.23844e-47 3.36904e-50 2.29481e-52 1.70522e-54 1.34564e-56 1.12538e-58 9.73546e-61 8.63348e-63 7.79956e-65 7.14705e-67 6.6226e-69 6.19182e-71 5.83158e-73 5.5258e-75 5.26294e-77 5.03453e-79 4.83418e-81 4.65698e-83 4.49914e-85 4.35761e-87 4.22999e-89 4.1143e-91 4.00893e-93 3.91251e-95 3.82391e-97 3.74211e-99 3.66619e-101 3.59525e-103 3.52841e-105 3.46493e-107 3.40885e-109
6.48353e-49 3.35492e-52 2.28463e-54 1.67437e-56 1.33598e-58 1.1165e-60 9.65101e-63 8.55166e-65 7.71954e-67 7.06836e-69 6.54497e-71 6.11505e-73 5.75555e-75 5.45041e-77 5.18812e-79 4.96021e-81 4.7603e-83 4.58351e-85 4.42604e-87 4.28485e-89 4.15754e-91 4.04214e-93 3.93704e-95 3.84088e-97 3.75251e-99 3.67094e-101 3.59525e-103 3.52455e-105 3.45797e-107 3.39477e-109 3.33883e-111
6.72768e-51 3.34155e-54 2.21993e-56 1.66342e-58 1.32653e-60 1.10782e-62 9.5687e-65 8.47223e-67 7.64214e-69 6.99252e-71 6.47036e-73 6.04147e-75 5.68284e-77 5.37846e-79 5.11683e-81 4.8895e-83 4.69012e-85 4.5138e-87 4.35675e-89 4.21596e-91 4.08901e-93 3.97394e-95 3.86914e-97 3.77326e-99 3.68516e-101 3.60385e-103 3.52841e-105 3.45797e-107 3.39165e-109 3.32875e-111 3.27297e-113
6.97091e-53 3.1906e-56 2.20646e-58 1.65277e-60 1.31726e-62 1.09929e-64 9.48785e-67 8.39441e-69 7.56655e-71 6.91866e-73 6.39792e-75 5.97021e-77 5.61259e-79 5.30908e-81 5.04822e-83 4.82157e-85 4.6228e-87 4.44703e-89 4.29047e-91 4.15013e-93 4.02359e-95 3.9089e-97 3.80445e-99 3.7089e-101 3.62111e-103 3.54009e-105 3.46493e-107 3.39477e-109 3.32875e-111 3.26616e-113 3.21057e-115
7.21338e-55 3.17961e-58 2.19873e-60 1.64621e-62 1.31109e-64 1.09326e-66 9.4281e-69 8.33493e-71 7.50729e-73 6.85961e-75 6.33909e-77 5.91161e-79 5.55421e-81 5.25092e-83 4.99027e-85 4.76382e-87 4.56524e-89 4.38965e-91 4.23326e-93 4.09308e-95 3.9667e-97 3.85216e-99 3.74784e-101 3.65243e-103 3.56477e-105 3.48387e-107 3.40885e-109 3.33883e-111 3.27297e-113 3.21057e-115 3.15505e-117
