0.644563 0.0122917 0.0100211 0.00816995 0.00666075 0.00543034 0.00442722 0.0036094 0.00294265 0.00239907 0.0019559 0.0015946 0.00130004 0.00105989 0.000864098 0.000704477 0.000574343 0.000468247 0.00038175 0.000311231 0.000253739 0.000206867 0.000168653 0.000137499 0.000112099 9.13917e-05 7.45094e-05 6.07456e-05 4.95244e-05 4.0376e-05 3.29175e-05 2.68368e-05 2.18794e-05 1.78377e-05 1.45426e-05 1.18562e-05 9.66609e-06 7.88052e-06 6.42478e-06 5.23796e-06 4.27038e-06 3.48153e-06 2.83841e-06 2.31408e-06 1.88661e-06 1.53811e-06 1.25398e-06 1.02234e-06 8.33486e-07 6.7952e-07 5.53996e-07 4.51659e-07 3.68226e-07 3.00205e-07 2.4475e-07 1.99538e-07 1.62679e-07 1.32628e-07 1.08128e-07 8.8154e-08 7.18697e-08 5.85936e-08 4.77699e-08 3.89456e-08 3.17513e-08 2.58861e-08 2.11043e-08 1.72058e-08 1.40274e-08 1.14362e-08 9.32365e-09 7.60134e-09 6.19718e-09 5.0524e-09 4.1191e-09 3.35819e-09 2.73785e-09 2.2321e-09 1.81978e-09 1.48362e-09 1.20956e-09 9.8612e-10 8.03959e-10 6.55447e-10 5.34369e-10 4.35658e-10 3.55181e-10 2.8957e-10 2.36079e-10 1.92469e-10 1.56915e-10 1.27929e-10 1.04297e-10 8.5031e-11 6.93236e-11 5.65178e-11 4.60775e-11 3.75659e-11 3.06265e-11 2.4969e-11 2.03566e-11
0.0122917 0.00341026 0.00292476 0.00250226 0.00213604 0.00181974 0.00154741 0.0013136 0.00111336 0.000942279 0.000796412 0.000672281 0.000566835 0.000477405 0.000401672 0.000337629 0.00028354 0.000237913 0.000199467 0.000167107 0.000139896 0.000117036 9.78475e-05 8.17547e-05 6.82685e-05 5.6975e-05 4.75244e-05 3.96211e-05 3.3016e-05 2.74992e-05 2.28939e-05 1.90517e-05 1.58477e-05 1.31774e-05 1.09528e-05 9.10049e-06 7.55874e-06 6.27605e-06 5.20932e-06 4.32254e-06 3.58561e-06 2.97345e-06 2.46509e-06 2.04309e-06 1.69287e-06 1.40233e-06 1.16136e-06 9.61566e-07 7.95955e-07 6.58718e-07 5.45022e-07 4.50854e-07 3.72878e-07 3.08325e-07 2.54898e-07 2.10688e-07 1.74114e-07 1.43863e-07 1.18846e-07 9.81632e-08 8.1066e-08 6.69357e-08 5.52596e-08 4.56132e-08 3.7645e-08 3.10642e-08 2.56301e-08 2.11436e-08 1.744e-08 1.43833e-08 1.18607e-08 9.77932e-09 8.06217e-09 6.64572e-09 5.47746e-09 4.51405e-09 3.71966e-09 3.06472e-09 2.52482e-09 2.07981e-09 1.71305e-09 1.41082e-09 1.1618e-09 9.56633e-10 7.87622e-10 6.48409e-10 5.33751e-10 4.39328e-10 3.61576e-10 2.97559e-10 2.44854e-10 2.01467e-10 1.65755e-10 1.36361e-10 1.12171e-10 9.22652e-11 7.58857e-11 6.24093e-11 5.13222e-11 4.22016e-11 3.46994e-11
0.0100211 0.00292476 0.00254233 0.00220309 0.00190381 0.00164106 0.00141133 0.00121123 0.0010375 0.000887131 0.000757317 0.000645522 0.000549457 0.000467077 0.000396562 0.000336307 0.000284901 0.000241108 0.000203852 0.000172197 0.000145334 0.000122562 0.00010328 8.69672e-05 7.31805e-05 6.15386e-05 5.17161e-05 4.34353e-05 3.64594e-05 3.0587e-05 2.56468e-05 2.14937e-05 1.80043e-05 1.50743e-05 1.26155e-05 1.05532e-05 8.82429e-06 7.37567e-06 6.16247e-06 5.14688e-06 4.29711e-06 3.58639e-06 2.99219e-06 2.49563e-06 2.08081e-06 1.7344e-06 1.44523e-06 1.20392e-06 1.00263e-06 8.34756e-07 6.94808e-07 5.78173e-07 4.80996e-07 4.00054e-07 3.32654e-07 2.76545e-07 2.29849e-07 1.90995e-07 1.58675e-07 1.31796e-07 1.09448e-07 9.08719e-08 7.54337e-08 6.26063e-08 5.19506e-08 4.31007e-08 3.5752e-08 2.96511e-08 2.45872e-08 2.03847e-08 1.68977e-08 1.4005e-08 1.16057e-08 9.61596e-09 7.96616e-09 6.59845e-09 5.46478e-09 4.52525e-09 3.74672e-09 3.10172e-09 2.56741e-09 2.12487e-09 1.75838e-09 1.45492e-09 1.20368e-09 9.95709e-10 8.23571e-10 6.81113e-10 5.63232e-10 4.657e-10 3.85015e-10 3.18274e-10 2.63074e-10 2.17425e-10 1.79679e-10 1.4847e-10 1.2267e-10 1.01343e-10 8.37156e-11 6.91479e-11 5.71097e-11
0.00816995 0.00250226 0.00220309 0.00193231 0.00168905 0.00147191 0.00127916 0.00110886 0.000959043 0.000827731 0.000713023 0.00061312 0.000526346 0.00045116 0.000386163 0.000330088 0.000281803 0.000240298 0.00020468 0.00017416 0.000148044 0.000125727 0.00010668 9.04423e-05 7.66148e-05 6.4852e-05 5.48552e-05 4.63673e-05 3.91667e-05 3.30633e-05 2.78941e-05 2.35192e-05 1.98194e-05 1.66926e-05 1.40518e-05 1.18229e-05 9.94277e-06 8.35773e-06 7.02222e-06 5.89757e-06 4.95096e-06 4.15461e-06 3.48498e-06 2.92218e-06 2.44936e-06 2.05231e-06 1.71904e-06 1.43939e-06 1.20485e-06 1.0082e-06 8.43394e-07 7.05313e-07 5.89667e-07 4.92843e-07 4.11803e-07 3.43997e-07 2.87279e-07 2.39852e-07 2.00204e-07 1.6707e-07 1.39386e-07 1.16262e-07 9.69527e-08 8.08323e-08 6.73776e-08 5.61505e-08 4.67845e-08 3.89728e-08 3.2459e-08 2.70287e-08 2.25025e-08 1.87308e-08 1.55884e-08 1.29709e-08 1.0791e-08 8.97591e-09 7.46487e-09 6.20717e-09 5.16053e-09 4.28969e-09 3.56525e-09 2.96269e-09 2.4616e-09 2.04496e-09 1.69859e-09 1.41068e-09 1.17141e-09 9.72592e-10 8.07406e-10 6.70185e-10 5.56213e-10 4.61563e-10 3.82971e-10 3.17721e-10 2.63556e-10 2.18599e-10 1.81288e-10 1.50329e-10 1.24642e-10 1.03332e-10 8.5656e-11
0.00666075 0.00213604 0.00190381 0.00168905 0.00149244 0.00131394 0.00115305 0.00100889 0.000880407 0.000766424 0.000665713 0.000577053 0.000499255 0.000431188 0.000371793 0.000320093 0.000275189 0.000236269 0.000202599 0.000173522 0.000148452 0.000126871 0.000108318 9.23908e-05 7.87344e-05 6.7039e-05 5.70341e-05 4.84844e-05 4.11856e-05 3.49605e-05 2.9656e-05 2.51399e-05 2.1298e-05 1.80323e-05 1.52584e-05 1.2904e-05 1.0907e-05 9.21419e-06 7.7802e-06 6.56619e-06 5.539e-06 4.67037e-06 3.93623e-06 3.31607e-06 2.79246e-06 2.35058e-06 1.97786e-06 1.66361e-06 1.39877e-06 1.17568e-06 9.87819e-07 8.29699e-07 6.9666e-07 5.84766e-07 4.90691e-07 4.11625e-07 3.45196e-07 2.89405e-07 2.42562e-07 2.03245e-07 1.70255e-07 1.42582e-07 1.19377e-07 9.9923e-08 8.36189e-08 6.99582e-08 5.85156e-08 4.89333e-08 4.0911e-08 3.41963e-08 2.85775e-08 2.38769e-08 1.99454e-08 1.66578e-08 1.39094e-08 1.16121e-08 9.69244e-09 8.08859e-09 6.74889e-09 5.63006e-09 4.69587e-09 3.91601e-09 3.26511e-09 2.72193e-09 2.26874e-09 1.8907e-09 1.5754e-09 1.31247e-09 1.09326e-09 9.1052e-10 7.58213e-10 6.3129e-10 5.25537e-10 4.37438e-10 3.64056e-10 3.02942e-10 2.52054e-10 2.09685e-10 1.74416e-10 1.4506e-10 1.20629e-10
0.00543034 0.00181974 0.00164106 0.00147191 0.00131394 0.00116801 0.0010344 0.000912992 0.000803389 0.000704993 0.000617088 0.000538896 0.000469608 0.000408422 0.000354559 0.000307275 0.000265873 0.000229707 0.000198184 0.000170761 0.000146951 0.000126312 0.000108452 9.30186e-05 7.97021e-05 6.8227e-05 5.83511e-05 4.98616e-05 4.2572e-05 3.63194e-05 3.09617e-05 2.63751e-05 2.24524e-05 1.91002e-05 1.62381e-05 1.37963e-05 1.17146e-05 9.94136e-06 8.43182e-06 7.14764e-06 6.0559e-06 5.12833e-06 4.34073e-06 3.67235e-06 3.10546e-06 2.62492e-06 2.21779e-06 1.87302e-06 1.58121e-06 1.33433e-06 1.12557e-06 9.49112e-07 8.00029e-07 6.74125e-07 5.67839e-07 4.7815e-07 4.02495e-07 3.38703e-07 2.84932e-07 2.39625e-07 2.01462e-07 1.69328e-07 1.42279e-07 1.19517e-07 1.0037e-07 8.42679e-08 7.07306e-08 5.93529e-08 4.97931e-08 4.17628e-08 3.50193e-08 2.93577e-08 2.46059e-08 2.06185e-08 1.72735e-08 1.4468e-08 1.21156e-08 1.01436e-08 8.49078e-09 7.10587e-09 5.94569e-09 4.97396e-09 4.16026e-09 3.47902e-09 2.9088e-09 2.43161e-09 2.03233e-09 1.69833e-09 1.41897e-09 1.18536e-09 9.90051e-10 8.26785e-10 6.90332e-10 5.76309e-10 4.81044e-10 4.01464e-10 3.34999e-10 2.79497e-10 2.33155e-10 1.9447e-10 1.6218e-10
0.00442722 0.00154741 0.00141133 0.00127916 0.00115305 0.0010344 0.000924019 0.00082229 0.000729264 0.000644764 0.000568452 0.000499883 0.000438546 0.000383895 0.000335376 0.000292438 0.000254551 0.00022121 0.00019194 0.000166303 0.000143894 0.000124345 0.000107322 9.25223e-05 7.96764e-05 6.85428e-05 5.89066e-05 5.05773e-05 4.33866e-05 3.71862e-05 3.18456e-05 2.72504e-05 2.33005e-05 1.99086e-05 1.69986e-05 1.45041e-05 1.23676e-05 1.05392e-05 8.97568e-06 7.63964e-06 6.49878e-06 5.52527e-06 4.69511e-06 3.98763e-06 3.38507e-06 2.87217e-06 2.43585e-06 2.06488e-06 1.74962e-06 1.48187e-06 1.25457e-06 1.0617e-06 8.98123e-07 7.59459e-07 6.41963e-07 5.42446e-07 4.58193e-07 3.86892e-07 3.26575e-07 2.7557e-07 2.32456e-07 1.96026e-07 1.65254e-07 1.3927e-07 1.17337e-07 9.88299e-08 8.32181e-08 7.00531e-08 5.89549e-08 4.96017e-08 4.17215e-08 3.50843e-08 2.94956e-08 2.47911e-08 2.08319e-08 1.75009e-08 1.46992e-08 1.23431e-08 1.03624e-08 8.69767e-09 7.29879e-09 6.1236e-09 5.13657e-09 4.30776e-09 3.61196e-09 3.02795e-09 2.53787e-09 2.12672e-09 1.78183e-09 1.49261e-09 1.2501e-09 1.04681e-09 8.76422e-10 7.33643e-10 6.14019e-10 5.13815e-10 4.29893e-10 3.59619e-10 3.00785e-10 2.51537e-10 2.10319e-10
0.0036094 0.0013136 0.00121123 0.00110886 0.00100889 0.000912992 0.00082229 0.000737473 0.000658904 0.000586696 0.000520784 0.00046097 0.000406969 0.000358436 0.000314994 0.00027625 0.00024181 0.000211287 0.000184309 0.000160523 0.000139601 0.000121238 0.000105151 9.10854e-05 7.88081e-05 6.81091e-05 5.87997e-05 5.0711e-05 4.36925e-05 3.76103e-05 3.2346e-05 2.77948e-05 2.38644e-05 2.04737e-05 1.75514e-05 1.50353e-05 1.28709e-05 1.10106e-05 9.41306e-06 8.04223e-06 6.86685e-06 5.85979e-06 4.99758e-06 4.25988e-06 3.62913e-06 3.09017e-06 2.62993e-06 2.23714e-06 1.90211e-06 1.6165e-06 1.37317e-06 1.16595e-06 9.89585e-07 8.39549e-07 7.11973e-07 6.03545e-07 5.11434e-07 4.33219e-07 3.66831e-07 3.10506e-07 2.62738e-07 2.22243e-07 1.87927e-07 1.58858e-07 1.34243e-07 1.13407e-07 9.57751e-08 8.08608e-08 6.8249e-08 5.75879e-08 4.85785e-08 4.09673e-08 3.45394e-08 2.91124e-08 2.45317e-08 2.06666e-08 1.74061e-08 1.46564e-08 1.23381e-08 1.03841e-08 8.73754e-09 7.35039e-09 6.18208e-09 5.19833e-09 4.37018e-09 3.67318e-09 3.08671e-09 2.59334e-09 2.1784e-09 1.82948e-09 1.53615e-09 1.28961e-09 1.08243e-09 9.08361e-10 7.62148e-10 6.39355e-10 5.3625e-10 4.49694e-10 3.77044e-10 3.16077e-10 2.64924e-10
0.00294265 0.00111336 0.0010375 0.000959043 0.000880407 0.000803389 0.000729264 0.000658904 0.000592864 0.000531454 0.000474797 0.000422877 0.000375575 0.000332703 0.000294021 0.000259262 0.000228142 0.000200372 0.000175667 0.000153749 0.000134352 0.000117227 0.000102141 8.88772e-05 7.72381e-05 6.70425e-05 5.81261e-05 5.03407e-05 4.35526e-05 3.76424e-05 3.25032e-05 2.80401e-05 2.41686e-05 2.08142e-05 1.79108e-05 1.54005e-05 1.32321e-05 1.13608e-05 9.74734e-06 8.3574e-06 7.16101e-06 6.13203e-06 5.24771e-06 4.48828e-06 3.83656e-06 3.27765e-06 2.79866e-06 2.38843e-06 2.03729e-06 1.73692e-06 1.48013e-06 1.26072e-06 1.07334e-06 9.13409e-07 7.76974e-07 6.60641e-07 5.61497e-07 4.77041e-07 4.0513e-07 3.43929e-07 2.91864e-07 2.47592e-07 2.0996e-07 1.77987e-07 1.50831e-07 1.27777e-07 1.08211e-07 9.16116e-08 7.75347e-08 6.56008e-08 5.54872e-08 4.69191e-08 3.96627e-08 3.35191e-08 2.83193e-08 2.39197e-08 2.01982e-08 1.70513e-08 1.4391e-08 1.21427e-08 1.02431e-08 8.63864e-09 7.28374e-09 6.13991e-09 5.17451e-09 4.35993e-09 3.67276e-09 3.09322e-09 2.60457e-09 2.19265e-09 1.84549e-09 1.55298e-09 1.30657e-09 1.09904e-09 9.24292e-10 7.7718e-10 6.53359e-10 5.49162e-10 4.61498e-10 3.87758e-10 3.25742e-10
0.00239907 0.000942279 0.000887131 0.000827731 0.000766424 0.000704993 0.000644764 0.000586696 0.000531454 0.000479469 0.000430992 0.000386133 0.000344897 0.000307209 0.000272939 0.000241918 0.00021395 0.000188828 0.000166337 0.000146261 0.000128391 0.000112525 9.84717e-05 8.60511e-05 7.50958e-05 6.54514e-05 5.69763e-05 4.9541e-05 4.30284e-05 3.73325e-05 3.23578e-05 2.80189e-05 2.42392e-05 2.09507e-05 1.80928e-05 1.56119e-05 1.34605e-05 1.15967e-05 9.98353e-06 8.58867e-06 7.3836e-06 6.34338e-06 5.4462e-06 4.67299e-06 4.00713e-06 3.43413e-06 2.9414e-06 2.51797e-06 2.15433e-06 1.84225e-06 1.57458e-06 1.34514e-06 1.14858e-06 9.80281e-07 8.36263e-07 7.13086e-07 6.07789e-07 5.17821e-07 4.40989e-07 3.75406e-07 3.19451e-07 2.71731e-07 2.31053e-07 1.96393e-07 1.66872e-07 1.41739e-07 1.20349e-07 1.02153e-07 8.66801e-08 7.35269e-08 6.23498e-08 5.28554e-08 4.47932e-08 3.79495e-08 3.2142e-08 2.72154e-08 2.30375e-08 1.94955e-08 1.64937e-08 1.39504e-08 1.17961e-08 9.972e-09 8.42783e-09 7.121e-09 6.01535e-09 5.08016e-09 4.28935e-09 3.6208e-09 3.05576e-09 2.57832e-09 2.175e-09 1.83437e-09 1.54675e-09 1.30396e-09 1.09905e-09 9.26157e-10 7.80303e-10 6.57288e-10 5.53559e-10 4.66111e-10 3.92402e-10
0.0019559 0.000796412 0.000757317 0.000713023 0.000665713 0.000617088 0.000568452 0.000520784 0.000474797 0.000430992 0.000389699 0.000351113 0.000315325 0.000282346 0.000252127 0.000224574 0.000199565 0.000176955 0.000156587 0.0001383 0.000121929 0.000107316 9.43035e-05 8.27443e-05 7.24985e-05 6.34356e-05 5.54341e-05 4.83827e-05 4.21788e-05 3.67294e-05 3.19499e-05 2.7764e-05 2.41028e-05 2.09047e-05 1.81146e-05 1.56832e-05 1.35668e-05 1.17265e-05 1.01279e-05 8.74071e-06 7.53802e-06 6.49626e-06 5.59466e-06 4.81502e-06 4.14139e-06 3.55979e-06 3.05804e-06 2.62548e-06 2.25283e-06 1.93201e-06 1.65599e-06 1.41867e-06 1.21474e-06 1.03962e-06 8.89313e-07 7.60382e-07 6.49847e-07 5.55133e-07 4.74017e-07 4.04582e-07 3.45176e-07 2.94373e-07 2.50948e-07 2.13846e-07 1.82161e-07 1.55113e-07 1.32033e-07 1.12348e-07 9.55646e-08 8.12608e-08 6.90749e-08 5.86973e-08 4.98628e-08 4.23447e-08 3.59491e-08 3.05103e-08 2.58867e-08 2.19573e-08 1.86191e-08 1.5784e-08 1.33769e-08 1.13338e-08 9.60027e-09 8.12973e-09 6.88268e-09 5.82546e-09 4.92941e-09 4.17017e-09 3.52702e-09 2.98236e-09 2.52123e-09 2.13091e-09 1.80061e-09 1.52117e-09 1.28482e-09 1.08496e-09 9.15993e-10 7.73181e-10 6.52501e-10 5.50546e-10 4.64429e-10
0.0015946 0.000672281 0.000645522 0.00061312 0.000577053 0.000538896 0.000499883 0.00046097 0.000422877 0.000386133 0.000351113 0.000318064 0.000287137 0.000258403 0.000231873 0.000207511 0.00018525 0.000164996 0.000146641 0.000130066 0.000115147 0.000101758 8.97755e-05 7.90784e-05 6.95514e-05 6.10851e-05 5.35769e-05 4.69309e-05 4.10589e-05 3.58794e-05 3.13182e-05 2.73074e-05 2.37858e-05 2.06978e-05 1.79937e-05 1.56285e-05 1.35623e-05 1.17593e-05 1.01876e-05 8.81907e-06 7.62854e-06 6.59386e-06 5.69545e-06 4.91606e-06 4.24048e-06 3.65537e-06 3.14901e-06 2.71114e-06 2.33277e-06 2.00605e-06 1.72412e-06 1.48101e-06 1.2715e-06 1.09107e-06 9.35764e-07 8.02175e-07 6.87328e-07 5.88648e-07 5.03907e-07 4.31173e-07 3.68777e-07 3.15277e-07 2.69427e-07 2.30151e-07 1.96523e-07 1.67744e-07 1.43124e-07 1.22073e-07 1.0408e-07 8.87076e-08 7.55793e-08 6.43719e-08 5.4808e-08 4.66497e-08 3.9693e-08 3.37631e-08 2.87101e-08 2.4406e-08 2.07409e-08 1.7621e-08 1.49661e-08 1.27076e-08 1.0787e-08 9.15411e-09 7.76632e-09 6.58719e-09 5.58563e-09 4.73514e-09 4.01315e-09 3.4004e-09 2.88051e-09 2.43952e-09 2.06556e-09 1.74851e-09 1.4798e-09 1.2521e-09 1.0592e-09 8.95821e-10 7.57482e-10 6.40371e-10 5.41253e-10
0.00130004 0.000566835 0.000549457 0.000526346 0.000499255 0.000469608 0.000438546 0.000406969 0.000375575 0.000344897 0.000315325 0.000287137 0.000260521 0.000235588 0.000212392 0.000190942 0.000171212 0.000153149 0.000136682 0.000121728 0.000108195 9.59878e-05 8.50081e-05 7.51593e-05 6.63471e-05 5.84807e-05 5.1474e-05 4.52456e-05 3.97198e-05 3.48259e-05 3.04992e-05 2.668e-05 2.33139e-05 2.03514e-05 1.77478e-05 1.54624e-05 1.34589e-05 1.17047e-05 1.01704e-05 8.8299e-06 7.66e-06 6.63998e-06 5.7515e-06 4.97832e-06 4.30606e-06 3.72206e-06 3.21514e-06 2.7755e-06 2.39448e-06 2.06453e-06 1.779e-06 1.53209e-06 1.31871e-06 1.13444e-06 9.7541e-07 8.3824e-07 7.20001e-07 6.18138e-07 5.30435e-07 4.54963e-07 3.90053e-07 3.34256e-07 2.86317e-07 2.45149e-07 2.09814e-07 1.79499e-07 1.53503e-07 1.31222e-07 1.12132e-07 9.57831e-08 8.17884e-08 6.98135e-08 5.95711e-08 5.08139e-08 4.33295e-08 3.69352e-08 3.14744e-08 2.68124e-08 2.28338e-08 1.94397e-08 1.65451e-08 1.40773e-08 1.19741e-08 1.01823e-08 8.65615e-09 7.35672e-09 6.25066e-09 5.30948e-09 4.50883e-09 3.82793e-09 3.24903e-09 2.75699e-09 2.33889e-09 1.98371e-09 1.68207e-09 1.42596e-09 1.20857e-09 1.02408e-09 8.67566e-10 7.34807e-10 6.22228e-10
0.00105989 0.000477405 0.000467077 0.00045116 0.000431188 0.000408422 0.000383895 0.000358436 0.000332703 0.000307209 0.000282346 0.000258403 0.000235588 0.000214039 0.000193838 0.000175027 0.000157609 0.000141565 0.000126854 0.00011342 0.000101199 9.01184e-05 8.01038e-05 7.10786e-05 6.29667e-05 5.56936e-05 4.91878e-05 4.33808e-05 3.8208e-05 3.36089e-05 2.95271e-05 2.59107e-05 2.27117e-05 1.98861e-05 1.73941e-05 1.51992e-05 1.32685e-05 1.15724e-05 1.00841e-05 8.77968e-06 7.63764e-06 6.63881e-06 5.76613e-06 5.0044e-06 4.34014e-06 3.76139e-06 3.25759e-06 2.81939e-06 2.43856e-06 2.10785e-06 1.82088e-06 1.57204e-06 1.35643e-06 1.16973e-06 1.00818e-06 8.68472e-07 7.47738e-07 6.43461e-07 5.53453e-07 4.75804e-07 4.08857e-07 3.51168e-07 3.01482e-07 2.58713e-07 2.21915e-07 1.90271e-07 1.63072e-07 1.39705e-07 1.19638e-07 1.02415e-07 8.76375e-08 7.49645e-08 6.41008e-08 5.47919e-08 4.68184e-08 3.99915e-08 3.41486e-08 2.91497e-08 2.48745e-08 2.12196e-08 1.8096e-08 1.54275e-08 1.31485e-08 1.12028e-08 9.5423e-09 8.12556e-09 6.91722e-09 5.88694e-09 5.00874e-09 4.2604e-09 3.62292e-09 3.08002e-09 2.6178e-09 2.22439e-09 1.88963e-09 1.60486e-09 1.36268e-09 1.15677e-09 9.81745e-10 8.3301e-10 7.06649e-10
0.000864098 0.000401672 0.000396562 0.000386163 0.000371793 0.000354559 0.000335376 0.000314994 0.000294021 0.000272939 0.000252127 0.000231873 0.000212392 0.000193838 0.000176313 0.000159877 0.00014456 0.000130365 0.000117273 0.000105253 9.42604e-05 8.42446e-05 7.5149e-05 6.69142e-05 5.94799e-05 5.27859e-05 4.67731e-05 4.13844e-05 3.65655e-05 3.22646e-05 2.84333e-05 2.50265e-05 2.20021e-05 1.93215e-05 1.69492e-05 1.48528e-05 1.30028e-05 1.13722e-05 9.93696e-06 8.67508e-06 7.56691e-06 6.5948e-06 5.74294e-06 4.99721e-06 4.34503e-06 3.7752e-06 3.27776e-06 2.84391e-06 2.46582e-06 2.13661e-06 1.85019e-06 1.60117e-06 1.38484e-06 1.19703e-06 1.03411e-06 8.9287e-07 7.70503e-07 6.64556e-07 5.72882e-07 4.93608e-07 4.25094e-07 3.65916e-07 3.14828e-07 2.70749e-07 2.32738e-07 1.99976e-07 1.71752e-07 1.4745e-07 1.26534e-07 1.08542e-07 9.30714e-08 7.97752e-08 6.83526e-08 5.85438e-08 5.01245e-08 4.29006e-08 3.6705e-08 3.13934e-08 2.68413e-08 2.29418e-08 1.96024e-08 1.67437e-08 1.42974e-08 1.22048e-08 1.04153e-08 8.88554e-09 7.57825e-09 6.46143e-09 5.50764e-09 4.69333e-09 3.99832e-09 3.40532e-09 2.89949e-09 2.46815e-09 2.10044e-09 1.78706e-09 1.52006e-09 1.29263e-09 1.09896e-09 9.34086e-10 7.9376e-10
0.000704477 0.000337629 0.000336307 0.000330088 0.000320093 0.000307275 0.000292438 0.00027625 0.000259262 0.000241918 0.000224574 0.000207511 0.000190942 0.000175027 0.000159877 0.000145569 0.000132148 0.000119634 0.000108026 9.73112e-05 8.74618e-05 7.84434e-05 7.0215e-05 6.27317e-05 5.59464e-05 4.9811e-05 4.42776e-05 3.9299e-05 3.48297e-05 3.08259e-05 2.72463e-05 2.4052e-05 2.12064e-05 1.86758e-05 1.64288e-05 1.44366e-05 1.26729e-05 1.11136e-05 9.73686e-06 8.52274e-06 7.45335e-06 6.51251e-06 5.68568e-06 4.95981e-06 4.32322e-06 3.76548e-06 3.27727e-06 2.85032e-06 2.47728e-06 2.1516e-06 1.86752e-06 1.61991e-06 1.40426e-06 1.21658e-06 1.05336e-06 9.11522e-07 7.8834e-07 6.81432e-07 5.88709e-07 5.08339e-07 4.38718e-07 3.78445e-07 3.26294e-07 2.81197e-07 2.4222e-07 2.08552e-07 1.79484e-07 1.544e-07 1.32766e-07 1.14115e-07 9.8045e-08 8.4204e-08 7.22887e-08 6.20357e-08 5.32169e-08 4.56349e-08 3.91189e-08 3.35215e-08 2.87149e-08 2.45891e-08 2.1049e-08 1.80127e-08 1.54093e-08 1.3178e-08 1.12663e-08 9.6289e-09 8.22701e-09 7.02712e-09 6.00047e-09 5.12234e-09 4.37147e-09 3.72963e-09 3.18116e-09 2.7126e-09 2.31245e-09 1.97081e-09 1.6792e-09 1.43038e-09 1.21813e-09 1.03711e-09 8.82779e-10
0.000574343 0.00028354 0.000284901 0.000281803 0.000275189 0.000265873 0.000254551 0.00024181 0.000228142 0.00021395 0.000199565 0.00018525 0.000171212 0.000157609 0.00014456 0.000132148 0.000120429 0.000109435 9.91794e-05 8.96612e-05 8.08675e-05 7.27765e-05 6.536e-05 5.85852e-05 5.24159e-05 4.68145e-05 4.17424e-05 3.71613e-05 3.30333e-05 2.93218e-05 2.59917e-05 2.30097e-05 2.03442e-05 1.79659e-05 1.58473e-05 1.39631e-05 1.22897e-05 1.08057e-05 9.49153e-06 8.32919e-06 7.30244e-06 6.39653e-06 5.59817e-06 4.89536e-06 4.27732e-06 3.73437e-06 3.25785e-06 2.84005e-06 2.47405e-06 2.15371e-06 1.87358e-06 1.62881e-06 1.41511e-06 1.22868e-06 1.06617e-06 9.24597e-07 8.01363e-07 6.94162e-07 6.00972e-07 5.20013e-07 4.49724e-07 3.88737e-07 3.35853e-07 2.90021e-07 2.50324e-07 2.15959e-07 1.86227e-07 1.60516e-07 1.38294e-07 1.19098e-07 1.02523e-07 8.8218e-08 7.58786e-08 6.52392e-08 5.60699e-08 4.8171e-08 4.13693e-08 3.5515e-08 3.04782e-08 2.61464e-08 2.24225e-08 1.92225e-08 1.64736e-08 1.41131e-08 1.2087e-08 1.03484e-08 8.85719e-09 7.57849e-09 6.48244e-09 5.54325e-09 4.73875e-09 4.04983e-09 3.46009e-09 2.9554e-09 2.52363e-09 2.15435e-09 1.83862e-09 1.56875e-09 1.33815e-09 1.14115e-09 9.72905e-10
0.000468247 0.000237913 0.000241108 0.000240298 0.000236269 0.000229707 0.00022121 0.000211287 0.000200372 0.000188828 0.000176955 0.000164996 0.000153149 0.000141565 0.000130365 0.000119634 0.000109435 9.98085e-05 9.07775e-05 8.23508e-05 7.45261e-05 6.72921e-05 6.06307e-05 5.45188e-05 4.89297e-05 4.38344e-05 3.92025e-05 3.5003e-05 3.12049e-05 2.77778e-05 2.46921e-05 2.19196e-05 1.94331e-05 1.72073e-05 1.52183e-05 1.34438e-05 1.18631e-05 1.04571e-05 9.20835e-06 8.1007e-06 7.11949e-06 6.25137e-06 5.4842e-06 4.80704e-06 4.20996e-06 3.68406e-06 3.22133e-06 2.81456e-06 2.45735e-06 2.14392e-06 1.86917e-06 1.62852e-06 1.41791e-06 1.23374e-06 1.07283e-06 9.32328e-07 8.09746e-07 7.02872e-07 6.09758e-07 5.28687e-07 4.58147e-07 3.96809e-07 3.43506e-07 2.97214e-07 2.57033e-07 2.22177e-07 1.91957e-07 1.65771e-07 1.43093e-07 1.23462e-07 1.06478e-07 9.17919e-08 7.90982e-08 6.8132e-08 5.86626e-08 5.04895e-08 4.34384e-08 3.73579e-08 3.21165e-08 2.76005e-08 2.3711e-08 2.03624e-08 1.74807e-08 1.50017e-08 1.287e-08 1.10376e-08 9.46299e-09 8.11045e-09 6.94906e-09 5.95215e-09 5.09672e-09 4.36293e-09 3.73369e-09 3.19428e-09 2.73203e-09 2.33602e-09 1.99686e-09 1.70648e-09 1.45793e-09 1.24526e-09 1.06334e-09
0.00038175 0.000199467 0.000203852 0.00020468 0.000202599 0.000198184 0.00019194 0.000184309 0.000175667 0.000166337 0.000156587 0.000146641 0.000136682 0.000126854 0.000117273 0.000108026 9.91794e-05 9.07775e-05 8.28502e-05 7.54138e-05 6.84737e-05 6.20268e-05 5.60632e-05 5.05676e-05 4.55212e-05 4.09022e-05 3.6687e-05 3.28509e-05 2.93689e-05 2.62159e-05 2.33674e-05 2.07993e-05 1.84888e-05 1.64138e-05 1.45539e-05 1.28894e-05 1.14024e-05 1.00759e-05 8.89426e-06 7.84325e-06 6.90963e-06 6.08137e-06 5.34747e-06 4.69797e-06 4.1238e-06 3.61678e-06 3.16954e-06 2.77542e-06 2.42845e-06 2.12329e-06 1.85514e-06 1.61972e-06 1.41321e-06 1.23221e-06 1.0737e-06 9.34997e-07 8.13709e-07 7.07731e-07 6.15196e-07 5.34455e-07 4.64053e-07 4.02706e-07 3.49283e-07 3.0279e-07 2.62353e-07 2.27203e-07 1.96667e-07 1.70154e-07 1.47147e-07 1.27192e-07 1.09895e-07 9.49082e-08 8.19302e-08 7.06971e-08 6.0979e-08 5.25754e-08 4.5312e-08 3.90368e-08 3.36178e-08 2.89402e-08 2.49043e-08 2.14234e-08 1.84225e-08 1.58364e-08 1.36087e-08 1.16904e-08 1.00392e-08 8.61834e-09 7.39623e-09 6.34542e-09 5.4422e-09 4.66612e-09 3.99951e-09 3.42712e-09 2.93578e-09 2.51417e-09 2.15249e-09 1.84233e-09 1.57643e-09 1.34854e-09 1.15328e-09
0.000311231 0.000167107 0.000172197 0.00017416 0.000173522 0.000170761 0.000166303 0.000160523 0.000153749 0.000146261 0.0001383 0.000130066 0.000121728 0.00011342 0.000105253 9.73112e-05 8.96612e-05 8.23508e-05 7.54138e-05 6.88713e-05 6.27347e-05 5.7007e-05 5.16847e-05 4.6759e-05 4.22171e-05 3.80433e-05 3.42199e-05 3.07274e-05 2.7546e-05 2.46552e-05 2.20347e-05 1.96644e-05 1.7525e-05 1.55978e-05 1.3865e-05 1.23097e-05 1.09161e-05 9.66934e-06 8.55571e-06 7.56241e-06 6.67767e-06 5.89068e-06 5.19154e-06 4.57119e-06 4.0214e-06 3.53471e-06 3.10433e-06 2.72416e-06 2.38867e-06 2.0929e-06 1.8324e-06 1.60316e-06 1.40163e-06 1.22459e-06 1.0692e-06 9.3293e-07 8.13512e-07 7.08944e-07 6.17446e-07 5.37442e-07 4.67537e-07 4.06497e-07 3.53234e-07 3.06786e-07 2.66306e-07 2.3105e-07 2.00361e-07 1.73664e-07 1.50452e-07 1.30281e-07 1.12763e-07 9.75566e-08 8.43635e-08 7.29231e-08 6.30074e-08 5.44174e-08 4.69793e-08 4.05416e-08 3.49724e-08 3.01566e-08 2.59941e-08 2.23978e-08 1.9292e-08 1.66109e-08 1.42973e-08 1.23017e-08 1.05811e-08 9.09802e-09 7.82025e-09 6.71976e-09 5.77229e-09 4.95685e-09 4.25529e-09 3.65191e-09 3.13315e-09 2.68728e-09 2.30419e-09 1.97515e-09 1.69262e-09 1.45009e-09 1.24198e-09
0.000253739 0.000139896 0.000145334 0.000148044 0.000148452 0.000146951 0.000143894 0.000139601 0.000134352 0.000128391 0.000121929 0.000115147 0.000108195 0.000101199 9.42604e-05 8.74618e-05 8.08675e-05 7.45261e-05 6.84737e-05 6.27347e-05 5.73246e-05 5.22509e-05 4.75151e-05 4.31132e-05 3.90378e-05 3.52779e-05 3.18205e-05 2.86509e-05 2.57533e-05 2.31115e-05 2.07086e-05 1.85282e-05 1.6554e-05 1.47701e-05 1.31614e-05 1.17132e-05 1.04118e-05 9.24432e-06 8.1986e-06 7.26336e-06 6.42812e-06 5.68322e-06 5.01977e-06 4.4296e-06 3.90527e-06 3.43997e-06 3.02752e-06 2.66232e-06 2.33928e-06 2.05384e-06 1.80185e-06 1.57961e-06 1.38379e-06 1.2114e-06 1.05976e-06 9.26482e-07 8.09444e-07 7.06745e-07 6.16696e-07 5.37796e-07 4.68716e-07 4.08275e-07 3.55428e-07 3.09253e-07 2.68932e-07 2.33746e-07 2.0306e-07 1.76313e-07 1.53015e-07 1.32731e-07 1.15082e-07 9.97333e-08 8.63928e-08 7.48036e-08 6.47409e-08 5.60079e-08 4.84326e-08 4.18647e-08 3.61729e-08 3.12426e-08 2.69737e-08 2.32793e-08 2.00833e-08 1.73197e-08 1.4931e-08 1.28671e-08 1.10847e-08 9.54585e-09 8.21787e-09 7.07227e-09 6.08438e-09 5.23279e-09 4.49896e-09 3.86683e-09 3.3225e-09 2.85393e-09 2.4507e-09 2.10383e-09 1.80553e-09 1.54909e-09 1.32869e-09
0.000206867 0.000117036 0.000122562 0.000125727 0.000126871 0.000126312 0.000124345 0.000121238 0.000117227 0.000112525 0.000107316 0.000101758 9.59878e-05 9.01184e-05 8.42446e-05 7.84434e-05 7.27765e-05 6.72921e-05 6.20268e-05 5.7007e-05 5.22509e-05 4.77693e-05 4.35673e-05 3.96449e-05 3.59985e-05 3.26212e-05 2.95041e-05 2.6636e-05 2.4005e-05 2.1598e-05 1.94015e-05 1.74021e-05 1.55861e-05 1.39402e-05 1.24515e-05 1.11075e-05 9.89641e-06 8.80688e-06 7.82833e-06 6.95084e-06 6.16513e-06 5.46261e-06 4.83533e-06 4.27596e-06 3.77777e-06 3.33461e-06 2.94086e-06 2.5914e-06 2.28158e-06 2.00719e-06 1.76442e-06 1.54984e-06 1.36036e-06 1.19318e-06 1.04582e-06 9.16029e-07 8.01816e-07 7.01389e-07 6.13153e-07 5.35686e-07 4.67726e-07 4.08147e-07 3.55953e-07 3.10259e-07 2.70282e-07 2.35331e-07 2.04791e-07 1.78123e-07 1.54849e-07 1.34551e-07 1.16856e-07 1.01441e-07 8.80181e-08 7.63368e-08 6.61762e-08 5.7343e-08 4.96675e-08 4.30013e-08 3.72144e-08 3.21932e-08 2.78384e-08 2.40632e-08 2.07921e-08 1.79588e-08 1.55058e-08 1.3383e-08 1.15467e-08 9.95877e-09 8.58628e-09 7.4004e-09 6.37617e-09 5.49188e-09 4.72868e-09 4.07025e-09 3.50238e-09 3.01281e-09 2.59088e-09 2.22737e-09 1.91429e-09 1.64473e-09 1.41273e-09
0.000168653 9.78475e-05 0.00010328 0.00010668 0.000108318 0.000108452 0.000107322 0.000105151 0.000102141 9.84717e-05 9.43035e-05 8.97755e-05 8.50081e-05 8.01038e-05 7.5149e-05 7.0215e-05 6.536e-05 6.06307e-05 5.60632e-05 5.16847e-05 4.75151e-05 4.35673e-05 3.9849e-05 3.63634e-05 3.31099e-05 3.00848e-05 2.72822e-05 2.46944e-05 2.23121e-05 2.01255e-05 1.81236e-05 1.62956e-05 1.46301e-05 1.31162e-05 1.17429e-05 1.04995e-05 9.37594e-06 8.36242e-06 7.44972e-06 6.62914e-06 5.8925e-06 5.2322e-06 4.64115e-06 4.11281e-06 3.64113e-06 3.22056e-06 2.84602e-06 2.51284e-06 2.21679e-06 1.95401e-06 1.72101e-06 1.51462e-06 1.33197e-06 1.17049e-06 1.02784e-06 9.01956e-07 7.90949e-07 6.93143e-07 6.07039e-07 5.31295e-07 4.64716e-07 4.06236e-07 3.54905e-07 3.09883e-07 2.7042e-07 2.35853e-07 2.05593e-07 1.79122e-07 1.55978e-07 1.35757e-07 1.18098e-07 1.02687e-07 8.9244e-08 7.7525e-08 6.73142e-08 5.8422e-08 5.06823e-08 4.39489e-08 3.8094e-08 3.30053e-08 2.85848e-08 2.47463e-08 2.14149e-08 1.85248e-08 1.60186e-08 1.38464e-08 1.19643e-08 1.03342e-08 8.92314e-09 7.70202e-09 6.64572e-09 5.73234e-09 4.94285e-09 4.2607e-09 3.6715e-09 3.16277e-09 2.72368e-09 2.34483e-09 2.01805e-09 1.7363e-09 1.49344e-09
0.000137499 8.17547e-05 8.69672e-05 9.04423e-05 9.23908e-05 9.30186e-05 9.25223e-05 9.10854e-05 8.88772e-05 8.60511e-05 8.27443e-05 7.90784e-05 7.51593e-05 7.10786e-05 6.69142e-05 6.27317e-05 5.85852e-05 5.45188e-05 5.05676e-05 4.6759e-05 4.31132e-05 3.96449e-05 3.63634e-05 3.32741e-05 3.03788e-05 2.76763e-05 2.51633e-05 2.28346e-05 2.06835e-05 1.87025e-05 1.68831e-05 1.52164e-05 1.36934e-05 1.23049e-05 1.10417e-05 9.89486e-06 8.85565e-06 7.91572e-06 7.06706e-06 6.30209e-06 5.61364e-06 4.99501e-06 4.43991e-06 3.94251e-06 3.49741e-06 3.09963e-06 2.74456e-06 2.42801e-06 2.1461e-06 1.89533e-06 1.6725e-06 1.47469e-06 1.29928e-06 1.14387e-06 1.00631e-06 8.84657e-07 7.77173e-07 6.82285e-07 5.98586e-07 5.24816e-07 4.59847e-07 4.02673e-07 3.52395e-07 3.08213e-07 2.69416e-07 2.3537e-07 2.05513e-07 1.79347e-07 1.5643e-07 1.36371e-07 1.18824e-07 1.03483e-07 9.00797e-08 7.83746e-08 6.81587e-08 5.92473e-08 5.14779e-08 4.47076e-08 3.88109e-08 3.36776e-08 2.92111e-08 2.53265e-08 2.19497e-08 1.90156e-08 1.64673e-08 1.42551e-08 1.23354e-08 1.06703e-08 9.22659e-09 7.97537e-09 6.8914e-09 5.95269e-09 5.1401e-09 4.43694e-09 3.82871e-09 3.30278e-09 2.84819e-09 2.45538e-09 2.1161e-09 1.82313e-09 1.57026e-09
0.000112099 6.82685e-05 7.31805e-05 7.66148e-05 7.87344e-05 7.97021e-05 7.96764e-05 7.88081e-05 7.72381e-05 7.50958e-05 7.24985e-05 6.95514e-05 6.63471e-05 6.29667e-05 5.94799e-05 5.59464e-05 5.24159e-05 4.89297e-05 4.55212e-05 4.22171e-05 3.90378e-05 3.59985e-05 3.31099e-05 3.03788e-05 2.78087e-05 2.54006e-05 2.31531e-05 2.1063e-05 1.91257e-05 1.73357e-05 1.56864e-05 1.4171e-05 1.27821e-05 1.15121e-05 1.03534e-05 9.29853e-06 8.34009e-06 7.47092e-06 6.68411e-06 5.9731e-06 5.33161e-06 4.75377e-06 4.23403e-06 3.76722e-06 3.34853e-06 2.97349e-06 2.63797e-06 2.33818e-06 2.07063e-06 1.83212e-06 1.61972e-06 1.43079e-06 1.2629e-06 1.11385e-06 9.81655e-07 8.6452e-07 7.6082e-07 6.69095e-07 5.88031e-07 5.16447e-07 4.53284e-07 3.97597e-07 3.48536e-07 3.05345e-07 2.6735e-07 2.33948e-07 2.04604e-07 1.78842e-07 1.56239e-07 1.36421e-07 1.19056e-07 1.03848e-07 9.05377e-08 7.88951e-08 6.87169e-08 5.98238e-08 5.20576e-08 4.52793e-08 3.93661e-08 3.42103e-08 2.9717e-08 2.58031e-08 2.23955e-08 1.943e-08 1.68505e-08 1.46078e-08 1.26586e-08 1.09655e-08 9.49521e-09 8.21909e-09 7.11192e-09 6.15172e-09 5.3193e-09 4.59794e-09 3.97307e-09 3.43197e-09 2.9636e-09 2.55832e-09 2.20777e-09 1.90465e-09 1.64264e-09
9.13917e-05 5.6975e-05 6.15386e-05 6.4852e-05 6.7039e-05 6.8227e-05 6.85428e-05 6.81091e-05 6.70425e-05 6.54514e-05 6.34356e-05 6.10851e-05 5.84807e-05 5.56936e-05 5.27859e-05 4.9811e-05 4.68145e-05 4.38344e-05 4.09022e-05 3.80433e-05 3.52779e-05 3.26212e-05 3.00848e-05 2.76763e-05 2.54006e-05 2.32601e-05 2.12549e-05 1.93836e-05 1.76432e-05 1.60298e-05 1.45387e-05 1.31643e-05 1.19009e-05 1.07423e-05 9.68232e-06 8.71466e-06 7.83311e-06 7.03157e-06 6.30414e-06 5.64513e-06 5.0491e-06 4.51092e-06 4.0257e-06 3.58889e-06 3.19621e-06 2.84367e-06 2.5276e-06 2.24456e-06 1.99142e-06 1.76527e-06 1.56348e-06 1.3836e-06 1.22343e-06 1.08095e-06 9.54338e-07 8.41926e-07 7.42216e-07 6.53852e-07 5.7561e-07 5.06388e-07 4.45199e-07 3.91151e-07 3.43449e-07 3.0138e-07 2.64305e-07 2.31654e-07 2.02921e-07 1.77651e-07 1.55443e-07 1.35938e-07 1.18818e-07 1.038e-07 9.0634e-08 7.90989e-08 6.89983e-08 6.01587e-08 5.2427e-08 4.5668e-08 3.97623e-08 3.46051e-08 3.01036e-08 2.61765e-08 2.27521e-08 1.97676e-08 1.71676e-08 1.49036e-08 1.29331e-08 1.12188e-08 9.72802e-09 8.43221e-09 7.30633e-09 6.32848e-09 5.47956e-09 4.74286e-09 4.10378e-09 3.54961e-09 3.06925e-09 2.65303e-09 2.2925e-09 1.98033e-09 1.71014e-09
7.45094e-05 4.75244e-05 5.17161e-05 5.48552e-05 5.70341e-05 5.83511e-05 5.89066e-05 5.87997e-05 5.81261e-05 5.69763e-05 5.54341e-05 5.35769e-05 5.1474e-05 4.91878e-05 4.67731e-05 4.42776e-05 4.17424e-05 3.92025e-05 3.6687e-05 3.42199e-05 3.18205e-05 2.95041e-05 2.72822e-05 2.51633e-05 2.31531e-05 2.12549e-05 1.94702e-05 1.77987e-05 1.6239e-05 1.47883e-05 1.34434e-05 1.22e-05 1.10536e-05 9.99929e-06 9.03206e-06 8.14667e-06 7.33793e-06 6.6007e-06 5.92993e-06 5.32075e-06 4.76846e-06 4.26858e-06 3.81685e-06 3.40925e-06 3.042e-06 2.71157e-06 2.41467e-06 2.14823e-06 1.90943e-06 1.69566e-06 1.50451e-06 1.33378e-06 1.18145e-06 1.04567e-06 9.24783e-07 8.17247e-07 7.2168e-07 6.36828e-07 5.61557e-07 4.94842e-07 4.3576e-07 3.8348e-07 3.37257e-07 2.96419e-07 2.60367e-07 2.28563e-07 2.00526e-07 1.75827e-07 1.54084e-07 1.34956e-07 1.18138e-07 1.03362e-07 9.03871e-08 7.90009e-08 6.90147e-08 6.02614e-08 5.25932e-08 4.58792e-08 4.00038e-08 3.48651e-08 3.0373e-08 2.64481e-08 2.30206e-08 2.00288e-08 1.74186e-08 1.51424e-08 1.31583e-08 1.14298e-08 9.92446e-09 8.61411e-09 7.47397e-09 6.48234e-09 5.62024e-09 4.87105e-09 4.22025e-09 3.65513e-09 3.16461e-09 2.73899e-09 2.36983e-09 2.04976e-09 1.77235e-09
6.07456e-05 3.96211e-05 4.34353e-05 4.63673e-05 4.84844e-05 4.98616e-05 5.05773e-05 5.0711e-05 5.03407e-05 4.9541e-05 4.83827e-05 4.69309e-05 4.52456e-05 4.33808e-05 4.13844e-05 3.9299e-05 3.71613e-05 3.5003e-05 3.28509e-05 3.07274e-05 2.86509e-05 2.6636e-05 2.46944e-05 2.28346e-05 2.1063e-05 1.93836e-05 1.77987e-05 1.63092e-05 1.49146e-05 1.36133e-05 1.2403e-05 1.12807e-05 1.0243e-05 9.28591e-06 8.40544e-06 7.5973e-06 6.85719e-06 6.18079e-06 5.56384e-06 5.00215e-06 4.49171e-06 4.02862e-06 3.60917e-06 3.22984e-06 2.88731e-06 2.57844e-06 2.30032e-06 2.0502e-06 1.82557e-06 1.62406e-06 1.44351e-06 1.28193e-06 1.13748e-06 1.00848e-06 8.93397e-07 7.90835e-07 6.99518e-07 6.1829e-07 5.46101e-07 4.82002e-07 4.25136e-07 3.74728e-07 3.30081e-07 2.90568e-07 2.55625e-07 2.24747e-07 1.97481e-07 1.73422e-07 1.52206e-07 1.33511e-07 1.17048e-07 1.0256e-07 8.98176e-08 7.86179e-08 6.87798e-08 6.0143e-08 5.2565e-08 4.59199e-08 4.0096e-08 3.49946e-08 3.05284e-08 2.66204e-08 2.32025e-08 2.02147e-08 1.76043e-08 1.53246e-08 1.33347e-08 1.15985e-08 1.00844e-08 8.76452e-09 7.6145e-09 6.61289e-09 5.74091e-09 4.9821e-09 4.32203e-09 3.74809e-09 3.24924e-09 2.81582e-09 2.43939e-09 2.11258e-09 1.82895e-09
4.95244e-05 3.3016e-05 3.64594e-05 3.91667e-05 4.11856e-05 4.2572e-05 4.33866e-05 4.36925e-05 4.35526e-05 4.30284e-05 4.21788e-05 4.10589e-05 3.97198e-05 3.8208e-05 3.65655e-05 3.48297e-05 3.30333e-05 3.12049e-05 2.93689e-05 2.7546e-05 2.57533e-05 2.4005e-05 2.23121e-05 2.06835e-05 1.91257e-05 1.76432e-05 1.6239e-05 1.49146e-05 1.36703e-05 1.25056e-05 1.1419e-05 1.04083e-05 9.47106e-06 8.60424e-06 7.8046e-06 7.0687e-06 6.39299e-06 5.77389e-06 5.2078e-06 4.69117e-06 4.22057e-06 3.79262e-06 3.40413e-06 3.05201e-06 2.73334e-06 2.44538e-06 2.18553e-06 1.95136e-06 1.74062e-06 1.55119e-06 1.38112e-06 1.22862e-06 1.09202e-06 9.69801e-07 8.60563e-07 7.63026e-07 6.76023e-07 5.98491e-07 5.29463e-07 4.68062e-07 4.13492e-07 3.65036e-07 3.22044e-07 2.8393e-07 2.50168e-07 2.20284e-07 1.93851e-07 1.70489e-07 1.49854e-07 1.31642e-07 1.15579e-07 1.0142e-07 8.89477e-08 7.79683e-08 6.83088e-08 5.98157e-08 5.23526e-08 4.57983e-08 4.00454e-08 3.49988e-08 3.0574e-08 2.66965e-08 2.33004e-08 2.03274e-08 1.77261e-08 1.54512e-08 1.34627e-08 1.17252e-08 1.02079e-08 8.88348e-09 7.72785e-09 6.71999e-09 5.84136e-09 5.07574e-09 4.40885e-09 3.82821e-09 3.32286e-09 2.88321e-09 2.50088e-09 2.16851e-09 1.87968e-09
4.0376e-05 2.74992e-05 3.0587e-05 3.30633e-05 3.49605e-05 3.63194e-05 3.71862e-05 3.76103e-05 3.76424e-05 3.73325e-05 3.67294e-05 3.58794e-05 3.48259e-05 3.36089e-05 3.22646e-05 3.08259e-05 2.93218e-05 2.77778e-05 2.62159e-05 2.46552e-05 2.31115e-05 2.1598e-05 2.01255e-05 1.87025e-05 1.73357e-05 1.60298e-05 1.47883e-05 1.36133e-05 1.25056e-05 1.14654e-05 1.04919e-05 9.58371e-06 8.73907e-06 7.95572e-06 7.2311e-06 6.56249e-06 5.94698e-06 5.38161e-06 4.86339e-06 4.38932e-06 3.95646e-06 3.56193e-06 3.20297e-06 2.8769e-06 2.58118e-06 2.31337e-06 2.0712e-06 1.85252e-06 1.65531e-06 1.47769e-06 1.31791e-06 1.17436e-06 1.04553e-06 9.30049e-07 8.26638e-07 7.34134e-07 6.5147e-07 5.77672e-07 5.11853e-07 4.53202e-07 4.00987e-07 3.54542e-07 3.13264e-07 2.76608e-07 2.44084e-07 2.15247e-07 1.897e-07 1.67083e-07 1.47076e-07 1.29389e-07 1.13764e-07 9.99702e-08 8.78009e-08 7.70716e-08 6.76179e-08 5.92932e-08 5.19671e-08 4.55236e-08 3.98596e-08 3.48837e-08 3.05145e-08 2.66803e-08 2.33173e-08 2.03692e-08 1.7786e-08 1.55237e-08 1.35434e-08 1.18109e-08 1.02957e-08 8.97135e-09 7.81423e-09 6.80371e-09 5.92159e-09 5.1519e-09 4.48058e-09 3.89532e-09 3.38528e-09 2.94098e-09 2.5541e-09 2.21735e-09 1.92435e-09
3.29175e-05 2.28939e-05 2.56468e-05 2.78941e-05 2.9656e-05 3.09617e-05 3.18456e-05 3.2346e-05 3.25032e-05 3.23578e-05 3.19499e-05 3.13182e-05 3.04992e-05 2.95271e-05 2.84333e-05 2.72463e-05 2.59917e-05 2.46921e-05 2.33674e-05 2.20347e-05 2.07086e-05 1.94015e-05 1.81236e-05 1.68831e-05 1.56864e-05 1.45387e-05 1.34434e-05 1.2403e-05 1.1419e-05 1.04919e-05 9.62151e-06 8.80718e-06 8.04762e-06 7.3412e-06 6.68598e-06 6.07981e-06 5.52035e-06 5.00519e-06 4.53184e-06 4.09779e-06 3.70055e-06 3.33767e-06 3.00676e-06 2.70552e-06 2.43172e-06 2.18325e-06 1.9581e-06 1.75437e-06 1.57028e-06 1.40415e-06 1.25441e-06 1.11963e-06 9.98436e-07 8.89595e-07 7.91953e-07 7.04451e-07 6.26118e-07 5.56062e-07 4.93469e-07 4.37598e-07 3.87773e-07 3.43378e-07 3.03856e-07 2.68701e-07 2.37458e-07 2.09711e-07 1.85091e-07 1.6326e-07 1.43916e-07 1.2679e-07 1.11637e-07 9.82393e-08 8.64013e-08 7.59483e-08 6.67243e-08 5.85898e-08 5.14205e-08 4.51057e-08 3.95468e-08 3.46561e-08 3.03557e-08 2.65765e-08 2.32571e-08 2.0343e-08 1.77861e-08 1.55438e-08 1.35784e-08 1.18564e-08 1.03485e-08 9.02873e-09 7.87406e-09 6.86434e-09 5.98177e-09 5.21067e-09 4.53726e-09 3.9494e-09 3.43645e-09 2.98904e-09 2.59896e-09 2.25899e-09 1.96281e-09
2.68368e-05 1.90517e-05 2.14937e-05 2.35192e-05 2.51399e-05 2.63751e-05 2.72504e-05 2.77948e-05 2.80401e-05 2.80189e-05 2.7764e-05 2.73074e-05 2.668e-05 2.59107e-05 2.50265e-05 2.4052e-05 2.30097e-05 2.19196e-05 2.07993e-05 1.96644e-05 1.85282e-05 1.74021e-05 1.62956e-05 1.52164e-05 1.4171e-05 1.31643e-05 1.22e-05 1.12807e-05 1.04083e-05 9.58371e-06 8.80718e-06 8.07847e-06 7.3968e-06 6.76107e-06 6.16982e-06 5.6214e-06 5.11396e-06 4.64554e-06 4.21409e-06 3.81754e-06 3.45378e-06 3.12073e-06 2.81636e-06 2.53867e-06 2.28574e-06 2.05574e-06 1.84689e-06 1.65754e-06 1.48609e-06 1.33107e-06 1.19108e-06 1.06483e-06 9.51103e-07 8.48776e-07 7.5681e-07 6.74247e-07 6.00204e-07 5.33869e-07 4.74499e-07 4.21414e-07 3.73993e-07 3.31669e-07 2.93929e-07 2.60305e-07 2.30373e-07 2.03748e-07 1.80086e-07 1.59071e-07 1.40423e-07 1.23886e-07 1.09232e-07 9.62561e-08 8.47735e-08 7.46193e-08 6.56457e-08 5.77204e-08 5.07254e-08 4.45552e-08 3.91158e-08 3.43234e-08 3.01036e-08 2.639e-08 2.31236e-08 2.02522e-08 1.77294e-08 1.55139e-08 1.35693e-08 1.18634e-08 1.03675e-08 9.05647e-09 7.908e-09 6.90238e-09 6.02226e-09 5.2523e-09 4.57903e-09 3.99055e-09 3.4764e-09 3.02738e-09 2.63541e-09 2.29336e-09 1.99501e-09
2.18794e-05 1.58477e-05 1.80043e-05 1.98194e-05 2.1298e-05 2.24524e-05 2.33005e-05 2.38644e-05 2.41686e-05 2.42392e-05 2.41028e-05 2.37858e-05 2.33139e-05 2.27117e-05 2.20021e-05 2.12064e-05 2.03442e-05 1.94331e-05 1.84888e-05 1.7525e-05 1.6554e-05 1.55861e-05 1.46301e-05 1.36934e-05 1.27821e-05 1.19009e-05 1.10536e-05 1.0243e-05 9.47106e-06 8.73907e-06 8.04762e-06 7.3968e-06 6.78626e-06 6.21527e-06 5.68281e-06 5.18764e-06 4.72831e-06 4.30325e-06 3.91081e-06 3.54926e-06 3.21685e-06 2.91183e-06 2.63245e-06 2.37703e-06 2.14389e-06 1.93144e-06 1.73815e-06 1.56254e-06 1.40323e-06 1.25891e-06 1.12834e-06 1.01035e-06 9.03874e-07 8.07897e-07 7.21483e-07 6.43767e-07 5.73948e-07 5.1129e-07 4.55115e-07 4.04802e-07 3.59782e-07 3.19535e-07 2.83588e-07 2.5151e-07 2.22908e-07 1.97428e-07 1.74746e-07 1.54571e-07 1.3664e-07 1.20715e-07 1.06583e-07 9.40495e-08 8.29423e-08 7.31057e-08 6.44e-08 5.67003e-08 4.98946e-08 4.38829e-08 3.85757e-08 3.38934e-08 2.97646e-08 2.61262e-08 2.29216e-08 2.01006e-08 1.76188e-08 1.54363e-08 1.35182e-08 1.18333e-08 1.03539e-08 9.05565e-09 7.91688e-09 6.91848e-09 6.04355e-09 5.27717e-09 4.60617e-09 4.01895e-09 3.50526e-09 3.05608e-09 2.66349e-09 2.32049e-09 2.02093e-09
