0.828275 0.0728172 0.00640168 0.000562799 4.9478e-05 4.34983e-06 3.82412e-07 3.36195e-08 2.95563e-09 2.59842e-10 2.28438e-11 2.0083e-12 1.76558e-13 1.5522e-14 1.3646e-15 1.19968e-16 1.05469e-17 9.27225e-19 8.15163e-20 7.16645e-21 6.30033e-22 5.53889e-23 4.86947e-24 4.28096e-25 3.76358e-26 3.30872e-27 2.90884e-28 2.55729e-29 2.24822e-30 1.97651e-31 1.73763e-32 1.52763e-33 1.343e-34 1.18069e-35 1.03799e-36 9.12546e-38 8.02258e-39 7.05299e-40 6.20059e-41 5.4512e-42 4.79238e-43 4.21319e-44 3.704e-45 3.25634e-46 2.86279e-47 2.5168e-48 2.21263e-49 1.94521e-50 1.71012e-51 1.50344e-52 1.32174e-53 1.162e-54 1.02156e-55 8.98099e-57 7.89557e-58 6.94133e-59 6.10242e-60 5.3649e-61 4.71652e-62 4.14649e-63 3.64536e-64 3.20479e-65 2.81747e-66 2.47696e-67 2.1776e-68 1.91442e-69 1.68305e-70 1.47964e-71 1.30081e-72 1.1436e-73 1.00539e-74 8.83881e-76 7.77057e-77 6.83144e-78 6.00582e-79 5.27997e-80 4.64185e-81 4.08085e-82 3.58765e-83 3.15405e-84 2.77286e-85 2.43774e-86 2.14312e-87 1.88411e-88 1.6564e-89 1.45622e-90 1.28022e-91 1.1255e-92 9.89473e-94 8.69888e-95 7.64756e-96 6.72329e-97 5.91074e-98 5.19638e-99 4.56836e-100 4.01624e-101 3.53085e-102 3.10412e-103 2.72897e-104 2.39915e-105 2.1092e-106
0.0728172 0.00940408 0.00109071 0.000119094 1.25101e-05 1.27917e-06 1.28225e-07 1.2659e-08 1.23478e-09 1.19268e-10 1.14273e-11 1.08743e-12 1.0288e-13 9.68464e-15 9.07684e-16 8.47449e-17 7.88516e-18 7.31449e-19 6.76659e-20 6.24429e-21 5.7494e-22 5.28292e-23 4.84522e-24 4.43615e-25 4.05519e-26 3.70152e-27 3.3741e-28 3.07176e-29 2.79321e-30 2.53713e-31 2.30214e-32 2.0869e-33 1.89006e-34 1.71031e-35 1.54641e-36 1.39714e-37 1.26136e-38 1.138e-39 1.02603e-40 9.24504e-42 8.32531e-43 7.49285e-44 6.74001e-45 6.0597e-46 5.44538e-47 4.89104e-48 4.39115e-49 3.94066e-50 3.53491e-51 3.16968e-52 2.8411e-53 2.54564e-54 2.28011e-55 2.04157e-56 1.82739e-57 1.63515e-58 1.46269e-59 1.30804e-60 1.1694e-61 1.04517e-62 9.33881e-64 8.34229e-65 7.45023e-66 6.65195e-67 5.9378e-68 5.29911e-69 4.72807e-70 4.21765e-71 3.76156e-72 3.3541e-73 2.99019e-74 2.66524e-75 2.37517e-76 2.11628e-77 1.88528e-78 1.6792e-79 1.49539e-80 1.33149e-81 1.18536e-82 1.05511e-83 9.39024e-85 8.35587e-86 7.43437e-87 6.61356e-88 5.88256e-89 5.23165e-90 4.65216e-91 4.13632e-92 3.67721e-93 3.26866e-94 2.90515e-95 2.58176e-96 2.29411e-97 2.03828e-98 1.81077e-99 1.60849e-100 1.42865e-101 1.26879e-102 1.1267e-103 1.00042e-104 8.88207e-106
0.00640168 0.00109071 0.000153183 1.94607e-05 2.32193e-06 2.65246e-07 2.9342e-08 3.16625e-09 3.3496e-10 3.48656e-11 3.58032e-12 3.63464e-13 3.65354e-14 3.64118e-15 3.60164e-16 3.53887e-17 3.45659e-18 3.35828e-19 3.2471e-20 3.12592e-21 2.99732e-22 2.86356e-23 2.72663e-24 2.58824e-25 2.44988e-26 2.31279e-27 2.17799e-28 2.04634e-29 1.91852e-30 1.79507e-31 1.67639e-32 1.56277e-33 1.45442e-34 1.35143e-35 1.25386e-36 1.16169e-37 1.07484e-38 9.93219e-40 9.1668e-41 8.45061e-42 7.78179e-43 7.15836e-44 6.57825e-45 6.03935e-46 5.53948e-47 5.07651e-48 4.64829e-49 4.25274e-50 3.88781e-51 3.55152e-52 3.24198e-53 2.95737e-54 2.69593e-55 2.45601e-56 2.23605e-57 2.03456e-58 1.85016e-59 1.68152e-60 1.52742e-61 1.38671e-62 1.25833e-63 1.14126e-64 1.03459e-65 9.37459e-67 8.49062e-68 7.68665e-69 6.95585e-70 6.29193e-71 5.68911e-72 5.14204e-73 4.64581e-74 4.19593e-75 3.78825e-76 3.41898e-77 3.08466e-78 2.78211e-79 2.50843e-80 2.26095e-81 2.03726e-82 1.83516e-83 1.65262e-84 1.48781e-85 1.33906e-86 1.20486e-87 1.08382e-88 9.74681e-90 8.76312e-91 7.87675e-92 7.07831e-93 6.35929e-94 5.71198e-95 5.12939e-96 4.6052e-97 4.13367e-98 3.70963e-99 3.32839e-100 2.98571e-101 2.67778e-102 2.40113e-103 2.15265e-104 1.92951e-105
0.000562799 0.000119094 1.94607e-05 2.79308e-06 3.69815e-07 4.63017e-08 5.56158e-09 6.4688e-10 7.33233e-11 8.13666e-12 8.87e-13 9.52399e-14 1.00933e-14 1.05751e-15 1.0969e-16 1.12764e-17 1.15e-18 1.1644e-19 1.17131e-20 1.1713e-21 1.16496e-22 1.1529e-23 1.13575e-24 1.11413e-25 1.08864e-26 1.05985e-27 1.02832e-28 9.94557e-30 9.59041e-31 9.22209e-32 8.84462e-33 8.46159e-34 8.07622e-35 7.69135e-36 7.30949e-37 6.93278e-38 6.56309e-39 6.20195e-40 5.85067e-41 5.5103e-42 5.18165e-43 4.86537e-44 4.56189e-45 4.27153e-46 3.99442e-47 3.73062e-48 3.48006e-49 3.24258e-50 3.01795e-51 2.80588e-52 2.60603e-53 2.41802e-54 2.24142e-55 2.07581e-56 1.92071e-57 1.77568e-58 1.64023e-59 1.5139e-60 1.3962e-61 1.28669e-62 1.1849e-63 1.09038e-64 1.00272e-65 9.21491e-67 8.46293e-68 7.76744e-69 7.12474e-70 6.53135e-71 5.98392e-72 5.47929e-73 5.01448e-74 4.58666e-75 4.19317e-76 3.8315e-77 3.49931e-78 3.19438e-79 2.91467e-80 2.65823e-81 2.42328e-82 2.20813e-83 2.01124e-84 1.83114e-85 1.6665e-86 1.51606e-87 1.37867e-88 1.25325e-89 1.13883e-90 1.03448e-91 9.39353e-93 8.52683e-94 7.73748e-95 7.01888e-96 6.36495e-97 5.77011e-98 5.22923e-99 4.73761e-100 4.29092e-101 3.88521e-102 3.51685e-103 3.18252e-104 2.87918e-105
4.9478e-05 1.25101e-05 2.32193e-06 3.69815e-07 5.35611e-08 7.26163e-09 9.3732e-10 1.16449e-10 1.40289e-11 1.64774e-12 1.89447e-13 2.13878e-14 2.37676e-15 2.60499e-16 2.82048e-17 3.02079e-18 3.20394e-19 3.36842e-20 3.5132e-21 3.63764e-22 3.74146e-23 3.82474e-24 3.88783e-25 3.93132e-26 3.95602e-27 3.96288e-28 3.95301e-29 3.9276e-30 3.88788e-31 3.83516e-32 3.77075e-33 3.69593e-34 3.612e-35 3.52019e-36 3.42171e-37 3.31767e-38 3.20917e-39 3.09721e-40 2.98272e-41 2.86656e-42 2.74951e-43 2.63229e-44 2.51554e-45 2.39982e-46 2.28565e-47 2.17345e-48 2.06362e-49 1.95646e-50 1.85225e-51 1.75121e-52 1.65352e-53 1.55931e-54 1.46867e-55 1.38167e-56 1.29836e-57 1.21872e-58 1.14275e-59 1.07042e-60 1.00167e-61 9.36428e-63 8.74617e-64 8.16145e-65 7.60912e-66 7.0881e-67 6.59728e-68 6.1355e-69 5.70157e-70 5.29429e-71 4.91246e-72 4.55488e-73 4.22036e-74 3.90774e-75 3.61586e-76 3.34361e-77 3.08991e-78 2.85369e-79 2.63394e-80 2.42969e-81 2.23999e-82 2.06394e-83 1.9007e-84 1.74942e-85 1.60935e-86 1.47974e-87 1.35989e-88 1.24913e-89 1.14685e-90 1.05245e-91 9.65384e-93 8.85122e-94 8.11178e-95 7.43092e-96 6.80435e-97 6.22805e-98 5.69827e-99 5.21148e-100 4.76444e-101 4.35409e-102 3.97759e-103 3.63233e-104 3.31585e-105
4.34983e-06 1.27917e-06 2.65246e-07 4.63017e-08 7.26163e-09 1.05699e-09 1.45526e-10 1.91845e-11 2.44202e-12 3.01974e-13 3.64405e-14 4.30643e-15 4.99772e-16 5.70844e-17 6.42904e-18 7.15022e-19 7.86304e-20 8.55915e-21 9.23091e-22 9.87146e-23 1.04748e-23 1.10358e-24 1.15503e-25 1.2015e-26 1.24274e-27 1.27858e-28 1.30895e-29 1.33381e-30 1.35322e-31 1.36728e-32 1.37614e-33 1.37999e-34 1.37908e-35 1.37364e-36 1.36397e-37 1.35037e-38 1.33314e-39 1.31261e-40 1.28908e-41 1.26289e-42 1.23433e-43 1.20373e-44 1.17137e-45 1.13754e-46 1.10251e-47 1.06654e-48 1.02986e-49 9.92707e-51 9.55277e-52 9.17765e-53 8.80344e-54 8.43172e-55 8.06391e-56 7.70127e-57 7.34491e-58 6.99581e-59 6.65479e-60 6.32257e-61 5.99975e-62 5.6868e-63 5.38411e-64 5.09196e-65 4.81057e-66 4.54004e-67 4.28044e-68 4.03176e-69 3.79394e-70 3.56686e-71 3.35038e-72 3.14429e-73 2.94838e-74 2.76239e-75 2.58604e-76 2.41906e-77 2.26112e-78 2.11192e-79 1.97112e-80 1.8384e-81 1.71343e-82 1.59587e-83 1.48539e-84 1.38166e-85 1.28437e-86 1.19319e-87 1.1078e-88 1.02792e-89 9.53252e-91 8.83503e-92 8.18404e-93 7.57689e-94 7.01105e-95 6.48409e-96 5.99367e-97 5.53758e-98 5.11368e-99 4.71996e-100 4.3545e-101 4.01548e-102 3.70117e-103 3.40995e-104 3.14027e-105
3.82412e-07 1.28225e-07 2.9342e-08 5.56158e-09 9.3732e-10 1.45526e-10 2.12497e-11 2.9575e-12 3.95961e-13 5.13363e-14 6.47753e-15 7.98511e-16 9.64639e-17 1.1448e-17 1.33737e-18 1.5405e-19 1.75214e-20 1.97015e-21 2.1923e-22 2.41635e-23 2.64007e-24 2.86132e-25 3.07803e-26 3.28829e-27 3.49032e-28 3.68252e-29 3.86348e-30 4.03196e-31 4.18694e-32 4.32759e-33 4.45325e-34 4.56349e-35 4.65801e-36 4.7367e-37 4.79962e-38 4.84694e-39 4.87898e-40 4.89616e-41 4.89901e-42 4.88814e-43 4.86424e-44 4.82804e-45 4.78032e-46 4.72191e-47 4.65365e-48 4.57639e-49 4.49099e-50 4.39829e-51 4.29914e-52 4.19435e-53 4.08473e-54 3.97103e-55 3.854e-56 3.73432e-57 3.61266e-58 3.48964e-59 3.36583e-60 3.24178e-61 3.11797e-62 2.99486e-63 2.87286e-64 2.75234e-65 2.63364e-66 2.51706e-67 2.40284e-68 2.29122e-69 2.18238e-70 2.0765e-71 1.9737e-72 1.87409e-73 1.77776e-74 1.68475e-75 1.59512e-76 1.50887e-77 1.42602e-78 1.34655e-79 1.27042e-80 1.19761e-81 1.12806e-82 1.0617e-83 9.9848e-85 9.38314e-86 8.81122e-87 8.26819e-88 7.75315e-89 7.26517e-90 6.8033e-91 6.36658e-92 5.95404e-93 5.56469e-94 5.19757e-95 4.85171e-96 4.52617e-97 4.22e-98 3.93228e-99 3.66212e-100 3.40864e-101 3.17099e-102 2.94834e-103 2.7399e-104 2.54489e-105
3.36195e-08 1.2659e-08 3.16625e-09 6.4688e-10 1.16449e-10 1.91845e-11 2.9575e-12 4.32804e-13 6.07226e-14 8.22654e-15 1.08201e-15 1.38741e-16 1.74007e-17 2.14032e-18 2.58756e-19 3.08029e-20 3.61617e-21 4.19209e-22 4.80424e-23 5.4482e-24 6.11907e-25 6.81155e-26 7.52006e-27 8.23885e-28 8.96209e-29 9.68398e-30 1.03988e-30 1.11011e-31 1.17857e-32 1.24475e-33 1.30821e-34 1.36854e-35 1.42536e-36 1.47835e-37 1.52724e-38 1.5718e-39 1.61185e-40 1.64725e-41 1.67792e-42 1.70381e-43 1.72492e-44 1.74128e-45 1.75294e-46 1.76003e-47 1.76265e-48 1.76096e-49 1.75514e-50 1.74538e-51 1.73189e-52 1.71488e-53 1.69459e-54 1.67126e-55 1.64513e-56 1.61643e-57 1.58542e-58 1.55234e-59 1.51741e-60 1.48089e-61 1.44298e-62 1.40391e-63 1.3639e-64 1.32313e-65 1.2818e-66 1.24008e-67 1.19815e-68 1.15616e-69 1.11426e-70 1.07258e-71 1.03125e-72 9.90375e-74 9.50058e-75 9.1039e-76 8.71454e-77 8.3332e-78 7.9605e-79 7.59698e-80 7.24309e-81 6.89919e-82 6.56559e-83 6.24252e-84 5.93015e-85 5.62858e-86 5.33787e-87 5.05803e-88 4.78901e-89 4.53074e-90 4.28311e-91 4.04597e-92 3.81915e-93 3.60243e-94 3.39562e-95 3.19846e-96 3.0107e-97 2.83208e-98 2.66231e-99 2.50112e-100 2.34822e-101 2.2033e-102 2.06608e-103 1.93626e-104 1.81353e-105
2.95563e-09 1.23478e-09 3.3496e-10 7.33233e-11 1.40289e-11 2.44202e-12 3.95961e-13 6.07226e-14 8.90052e-15 1.25651e-15 1.71827e-16 2.28627e-17 2.97034e-18 3.77887e-19 4.7186e-20 5.79439e-21 7.00907e-22 8.36333e-23 9.85572e-24 1.14827e-24 1.32385e-25 1.51155e-26 1.71044e-27 1.91941e-28 2.13721e-29 2.36246e-30 2.59371e-31 2.82942e-32 3.068e-33 3.30784e-34 3.54732e-35 3.78484e-36 4.01886e-37 4.24786e-38 4.47042e-39 4.68519e-40 4.89092e-41 5.08648e-42 5.27084e-43 5.44309e-44 5.60245e-45 5.74827e-46 5.88001e-47 5.99727e-48 6.09976e-49 6.1873e-50 6.25983e-51 6.31741e-52 6.36017e-53 6.38835e-54 6.40227e-55 6.40232e-56 6.38896e-57 6.36272e-58 6.32416e-59 6.2739e-60 6.21259e-61 6.14092e-62 6.05957e-63 5.96926e-64 5.87072e-65 5.76467e-66 5.65183e-67 5.53292e-68 5.40864e-69 5.27968e-70 5.14669e-71 5.01033e-72 4.87122e-73 4.72995e-74 4.58709e-75 4.44316e-76 4.29868e-77 4.15411e-78 4.0099e-79 3.86646e-80 3.72416e-81 3.58334e-82 3.44433e-83 3.30741e-84 3.17284e-85 3.04084e-86 2.9116e-87 2.78532e-88 2.66213e-89 2.54217e-90 2.42553e-91 2.31231e-92 2.20256e-93 2.09633e-94 1.99365e-95 1.89454e-96 1.79899e-97 1.70699e-98 1.61851e-99 1.53352e-100 1.45198e-101 1.37383e-102 1.29901e-103 1.22744e-104 1.15907e-105
2.59842e-10 1.19268e-10 3.48656e-11 8.13666e-12 1.64774e-12 3.01974e-13 5.13363e-14 8.22654e-15 1.25651e-15 1.84401e-16 2.61608e-17 3.60469e-18 4.84209e-19 6.36001e-20 8.18883e-21 1.03567e-21 1.2889e-22 1.58073e-23 1.91291e-24 2.28673e-25 2.70296e-26 3.16185e-27 3.66309e-28 4.20584e-29 4.78871e-30 5.40979e-31 6.06666e-32 6.75645e-33 7.47589e-34 8.22132e-35 8.98876e-36 9.77399e-37 1.05726e-37 1.13799e-38 1.21914e-39 1.30022e-40 1.38078e-41 1.46035e-42 1.53849e-43 1.61476e-44 1.68875e-45 1.76009e-46 1.82839e-47 1.89335e-48 1.95465e-49 2.01203e-50 2.06526e-51 2.11414e-52 2.15852e-53 2.19825e-54 2.23324e-55 2.26344e-56 2.28882e-57 2.30937e-58 2.32512e-59 2.33613e-60 2.34249e-61 2.34429e-62 2.34166e-63 2.33475e-64 2.32372e-65 2.30874e-66 2.29e-67 2.26771e-68 2.24207e-69 2.21328e-70 2.18158e-71 2.14718e-72 2.1103e-73 2.07117e-74 2.03e-75 1.98703e-76 1.94245e-77 1.89647e-78 1.84931e-79 1.80116e-80 1.7522e-81 1.70262e-82 1.65259e-83 1.60228e-84 1.55183e-85 1.5014e-86 1.45112e-87 1.40112e-88 1.35151e-89 1.30241e-90 1.25391e-91 1.20611e-92 1.15908e-93 1.1129e-94 1.06763e-95 1.02334e-96 9.80065e-98 9.37855e-99 8.96743e-100 8.5676e-101 8.17927e-102 7.80264e-103 7.43783e-104 7.08489e-105 6.74387e-106
2.28438e-11 1.14273e-11 3.58032e-12 8.87e-13 1.89447e-13 3.64405e-14 6.47753e-15 1.08201e-15 1.71827e-16 2.61608e-17 3.84303e-18 5.47396e-19 7.5899e-20 1.02768e-20 1.36237e-21 1.77215e-22 2.26605e-23 2.8529e-24 3.54109e-25 4.33842e-26 5.25189e-27 6.28757e-28 7.45042e-29 8.74418e-30 1.01713e-30 1.17327e-31 1.34279e-32 1.52552e-33 1.7211e-34 1.92905e-35 2.14875e-36 2.37943e-37 2.62021e-38 2.87009e-39 3.12798e-40 3.39268e-41 3.66294e-42 3.93743e-43 4.21478e-44 4.4936e-45 4.77247e-46 5.04998e-47 5.32472e-48 5.59533e-49 5.86048e-50 6.11886e-51 6.36927e-52 6.61054e-53 6.8416e-54 7.06145e-55 7.2692e-56 7.46402e-57 7.64521e-58 7.81216e-59 7.96434e-60 8.10135e-61 8.22286e-62 8.32867e-63 8.41864e-64 8.49274e-65 8.55102e-66 8.59362e-67 8.62074e-68 8.63268e-69 8.62978e-70 8.61245e-71 8.58115e-72 8.5364e-73 8.47876e-74 8.40882e-75 8.3272e-76 8.23456e-77 8.13156e-78 8.01888e-79 7.89723e-80 7.76731e-81 7.62981e-82 7.48543e-83 7.33486e-84 7.17879e-85 7.01788e-86 6.85279e-87 6.68414e-88 6.51255e-89 6.33861e-90 6.16288e-91 5.98591e-92 5.8082e-93 5.63024e-94 5.45249e-95 5.27538e-96 5.09932e-97 4.92466e-98 4.75177e-99 4.58095e-100 4.41249e-101 4.24667e-102 4.08371e-103 3.92383e-104 3.76722e-105 3.61404e-106
2.0083e-12 1.08743e-12 3.63464e-13 9.52399e-14 2.13878e-14 4.30643e-15 7.98511e-16 1.38741e-16 2.28627e-17 3.60469e-18 5.47396e-19 8.04758e-20 1.15011e-20 1.60309e-21 2.1853e-22 2.92004e-23 3.83202e-24 4.947e-25 6.29141e-26 7.89186e-27 9.77473e-28 1.19657e-28 1.44891e-29 1.73677e-30 2.0622e-31 2.427e-32 2.83268e-33 3.28039e-34 3.77094e-35 4.30476e-36 4.88187e-37 5.50186e-38 6.16393e-39 6.86685e-40 7.60899e-41 8.38831e-42 9.2024e-43 1.00485e-43 1.09235e-44 1.18241e-45 1.27466e-46 1.36871e-47 1.46415e-48 1.56058e-49 1.65756e-50 1.75465e-51 1.85142e-52 1.94742e-53 2.04224e-54 2.13544e-55 2.22662e-56 2.31538e-57 2.40135e-58 2.48416e-59 2.5635e-60 2.63905e-61 2.71053e-62 2.77768e-63 2.84028e-64 2.89814e-65 2.95109e-66 2.999e-67 3.04175e-68 3.07927e-69 3.11151e-70 3.13845e-71 3.16009e-72 3.17647e-73 3.18764e-74 3.19367e-75 3.19467e-76 3.19076e-77 3.18206e-78 3.16874e-79 3.15096e-80 3.12889e-81 3.10274e-82 3.0727e-83 3.03897e-84 3.00178e-85 2.96135e-86 2.91789e-87 2.87163e-88 2.8228e-89 2.77162e-90 2.71832e-91 2.66311e-92 2.60621e-93 2.54784e-94 2.4882e-95 2.42749e-96 2.36591e-97 2.30365e-98 2.24087e-99 2.17776e-100 2.11448e-101 2.05118e-102 1.98802e-103 1.92511e-104 1.86261e-105 1.80062e-106
1.76558e-13 1.0288e-13 3.65354e-14 1.00933e-14 2.37676e-15 4.99772e-16 9.64639e-17 1.74007e-17 2.97034e-18 4.84209e-19 7.5899e-20 1.15011e-20 1.69194e-21 2.42479e-22 3.39501e-23 4.65498e-24 6.26289e-25 8.28242e-26 1.07822e-26 1.38352e-27 1.75176e-28 2.19084e-29 2.70878e-30 3.31364e-31 4.01335e-32 4.81566e-33 5.72793e-34 6.75706e-35 7.90933e-36 9.19033e-37 1.06048e-37 1.21565e-38 1.38483e-39 1.56819e-40 1.76578e-41 1.97755e-42 2.20331e-43 2.44276e-44 2.69548e-45 2.96091e-46 3.2384e-47 3.52718e-48 3.82638e-49 4.13501e-50 4.45203e-51 4.77629e-52 5.10659e-53 5.44165e-54 5.78018e-55 6.12082e-56 6.4622e-57 6.80293e-58 7.14163e-59 7.47693e-60 7.80746e-61 8.1319e-62 8.44897e-63 8.75742e-64 9.05606e-65 9.34379e-66 9.61955e-67 9.88237e-68 1.01313e-68 1.03657e-69 1.05846e-70 1.07876e-71 1.0974e-72 1.11433e-73 1.12953e-74 1.14297e-75 1.15462e-76 1.16448e-77 1.17254e-78 1.17882e-79 1.18332e-80 1.18606e-81 1.18708e-82 1.18641e-83 1.18409e-84 1.18016e-85 1.17468e-86 1.1677e-87 1.15928e-88 1.14949e-89 1.13838e-90 1.12603e-91 1.11251e-92 1.09788e-93 1.08222e-94 1.06561e-95 1.04812e-96 1.02982e-97 1.01078e-98 9.91086e-100 9.70797e-101 9.49986e-102 9.28723e-103 9.07073e-104 8.85103e-105 8.62874e-106 8.40448e-107
1.5522e-14 9.68464e-15 3.64118e-15 1.05751e-15 2.60499e-16 5.70844e-17 1.1448e-17 2.14032e-18 3.77887e-19 6.36001e-20 1.02768e-20 1.60309e-21 2.42479e-22 3.5691e-23 5.12731e-24 7.2067e-25 9.93127e-26 1.34421e-26 1.78975e-27 2.34725e-28 3.03582e-29 3.87605e-30 4.88988e-31 6.10037e-32 7.53148e-33 9.2078e-34 1.11543e-34 1.33959e-35 1.59572e-36 1.88622e-37 2.2134e-38 2.5794e-39 2.98621e-40 3.43563e-41 3.92919e-42 4.46819e-43 5.05361e-44 5.68613e-45 6.36611e-46 7.09355e-47 7.8681e-48 8.68903e-49 9.55526e-50 1.04653e-50 1.14175e-51 1.24095e-52 1.34389e-53 1.4503e-54 1.55985e-55 1.67222e-56 1.78704e-57 1.90393e-58 2.02248e-59 2.14228e-60 2.2629e-61 2.3839e-62 2.50484e-63 2.62527e-64 2.74473e-65 2.8628e-66 2.97903e-67 3.09301e-68 3.20431e-69 3.31254e-70 3.41733e-71 3.5183e-72 3.61513e-73 3.7075e-74 3.79512e-75 3.87772e-76 3.95506e-77 4.02695e-78 4.09319e-79 4.15363e-80 4.20815e-81 4.25664e-82 4.29905e-83 4.33532e-84 4.36544e-85 4.38942e-86 4.4073e-87 4.41913e-88 4.42499e-89 4.42499e-90 4.41924e-91 4.40789e-92 4.39109e-93 4.36901e-94 4.34184e-95 4.30978e-96 4.27302e-97 4.23181e-98 4.18634e-99 4.13687e-100 4.08362e-101 4.02684e-102 3.96677e-103 3.90365e-104 3.83774e-105 3.76926e-106 3.69846e-107
1.3646e-15 9.07684e-16 3.60164e-16 1.0969e-16 2.82048e-17 6.42904e-18 1.33737e-18 2.58756e-19 4.7186e-20 8.18883e-21 1.36237e-21 2.1853e-22 3.39501e-23 5.12731e-24 7.5505e-25 1.08694e-25 1.53291e-26 2.12182e-27 2.88716e-28 3.86727e-29 5.10548e-30 6.65014e-31 8.55458e-32 1.0877e-32 1.368e-33 1.70307e-34 2.09997e-35 2.56609e-36 3.10905e-37 3.73667e-38 4.45685e-39 5.27748e-40 6.20637e-41 7.25114e-42 8.41912e-43 9.71723e-44 1.11519e-44 1.2729e-45 1.44537e-46 1.63305e-47 1.83628e-48 2.05533e-49 2.29037e-50 2.54147e-51 2.80857e-52 3.09153e-53 3.39008e-54 3.70384e-55 4.03233e-56 4.37495e-57 4.73098e-58 5.09962e-59 5.47997e-60 5.87101e-61 6.27167e-62 6.68078e-63 7.09711e-64 7.51936e-65 7.94619e-66 8.3762e-67 8.80797e-68 9.24005e-69 9.67099e-70 1.00993e-70 1.05236e-71 1.09423e-72 1.13542e-73 1.17577e-74 1.21516e-75 1.25345e-76 1.29053e-77 1.32627e-78 1.36056e-79 1.3933e-80 1.4244e-81 1.45377e-82 1.48132e-83 1.507e-84 1.53073e-85 1.55246e-86 1.57216e-87 1.58978e-88 1.6053e-89 1.6187e-90 1.62998e-91 1.63914e-92 1.64617e-93 1.65111e-94 1.65396e-95 1.65477e-96 1.65356e-97 1.65039e-98 1.64529e-99 1.63833e-100 1.62955e-101 1.61903e-102 1.60684e-103 1.59303e-104 1.57768e-105 1.56088e-106 1.54269e-107
1.19968e-16 8.47449e-17 3.53887e-17 1.12764e-17 3.02079e-18 7.15022e-19 1.5405e-19 3.08029e-20 5.79439e-21 1.03567e-21 1.77215e-22 2.92004e-23 4.65498e-24 7.2067e-25 1.08694e-25 1.60128e-26 2.30932e-27 3.26649e-28 4.53914e-29 6.20553e-30 8.35685e-31 1.1098e-31 1.45482e-32 1.88415e-33 2.41271e-34 3.05693e-35 3.83471e-36 4.76538e-37 5.86961e-38 7.16933e-39 8.68753e-40 1.04481e-40 1.24758e-41 1.47957e-42 1.74332e-43 2.04139e-44 2.37629e-45 2.75048e-46 3.16635e-47 3.62617e-48 4.13206e-49 4.68599e-50 5.2897e-51 5.94474e-52 6.65238e-53 7.41364e-54 8.22924e-55 9.09958e-56 1.00248e-56 1.10045e-57 1.20382e-58 1.3125e-59 1.42635e-60 1.54521e-61 1.66889e-62 1.79713e-63 1.92969e-64 2.06627e-65 2.20653e-66 2.35013e-67 2.49668e-68 2.64579e-69 2.79703e-70 2.94996e-71 3.10413e-72 3.25907e-73 3.4143e-74 3.56935e-75 3.72373e-76 3.87694e-77 4.02852e-78 4.17799e-79 4.32487e-80 4.46871e-81 4.60907e-82 4.74552e-83 4.87766e-84 5.00508e-85 5.12743e-86 5.24436e-87 5.35556e-88 5.46072e-89 5.55959e-90 5.65193e-91 5.73752e-92 5.81618e-93 5.88777e-94 5.95215e-95 6.00924e-96 6.05897e-97 6.10129e-98 6.13621e-99 6.16372e-100 6.18388e-101 6.19675e-102 6.20242e-103 6.20099e-104 6.1926e-105 6.17741e-106 6.15557e-107 6.12728e-108
1.05469e-17 7.88516e-18 3.45659e-18 1.15e-18 3.20394e-19 7.86304e-20 1.75214e-20 3.61617e-21 7.00907e-22 1.2889e-22 2.26605e-23 3.83202e-24 6.26289e-25 9.93127e-26 1.53291e-26 2.30932e-27 3.40327e-28 4.91592e-29 6.97176e-30 9.72185e-31 1.3347e-31 1.80609e-32 2.41134e-33 3.17929e-34 4.1429e-35 5.3395e-36 6.81086e-37 8.60339e-38 1.07681e-38 1.33607e-39 1.64412e-40 2.00742e-41 2.43281e-42 2.92753e-43 3.49912e-44 4.15543e-45 4.90452e-46 5.7546e-47 6.71399e-48 7.79099e-49 8.99387e-50 1.03307e-50 1.18094e-51 1.34376e-52 1.52222e-53 1.717e-54 1.92869e-55 2.15785e-56 2.40493e-57 2.67031e-58 2.95429e-59 3.25706e-60 3.57874e-61 3.9193e-62 4.27865e-63 4.65657e-64 5.05271e-65 5.46665e-66 5.89782e-67 6.34555e-68 6.80908e-69 7.28754e-70 7.77993e-71 8.2852e-72 8.80217e-73 9.32961e-74 9.86618e-75 1.04105e-75 1.09611e-76 1.15166e-77 1.20752e-78 1.26356e-79 1.3196e-80 1.37549e-81 1.43105e-82 1.48614e-83 1.54059e-84 1.59424e-85 1.64692e-86 1.6985e-87 1.74883e-88 1.79775e-89 1.84514e-90 1.89086e-91 1.93479e-92 1.97681e-93 2.01682e-94 2.05471e-95 2.09041e-96 2.12381e-97 2.15486e-98 2.18349e-99 2.20965e-100 2.23329e-101 2.25437e-102 2.27288e-103 2.28879e-104 2.3021e-105 2.31281e-106 2.32093e-107 2.32648e-108
9.27225e-19 7.31449e-19 3.35828e-19 1.1644e-19 3.36842e-20 8.55915e-21 1.97015e-21 4.19209e-22 8.36333e-23 1.58073e-23 2.8529e-24 4.947e-25 8.28242e-26 1.34421e-26 2.12182e-27 3.26649e-28 4.91592e-29 7.24687e-30 1.04827e-30 1.49014e-31 2.08445e-32 2.87258e-33 3.90409e-34 5.23768e-35 6.94208e-36 9.097e-37 1.17939e-37 1.5137e-38 1.92434e-39 2.42443e-40 3.02851e-41 3.75255e-42 4.61396e-43 5.63161e-44 6.82575e-45 8.21798e-46 9.83115e-47 1.16893e-47 1.38174e-48 1.62414e-49 1.8988e-50 2.20842e-51 2.55576e-52 2.94357e-53 3.37458e-54 3.8515e-55 4.37695e-56 4.95348e-57 5.5835e-58 6.26929e-59 7.01293e-60 7.81634e-61 8.68119e-62 9.60891e-63 1.06007e-63 1.16573e-64 1.27794e-65 1.39672e-66 1.52207e-67 1.65393e-68 1.79223e-69 1.93686e-70 2.08766e-71 2.24445e-72 2.407e-73 2.57506e-74 2.74833e-75 2.9265e-76 3.1092e-77 3.29605e-78 3.48664e-79 3.68053e-80 3.87726e-81 4.07635e-82 4.27729e-83 4.47957e-84 4.68266e-85 4.88602e-86 5.08911e-87 5.29138e-88 5.49228e-89 5.69125e-90 5.88776e-91 6.08126e-92 6.27123e-93 6.45716e-94 6.63855e-95 6.81491e-96 6.98578e-97 7.15073e-98 7.30932e-99 7.46118e-100 7.60592e-101 7.74322e-102 7.87277e-103 7.99427e-104 8.10748e-105 8.21218e-106 8.30818e-107 8.39532e-108 8.47348e-109
8.15163e-20 6.76659e-20 3.2471e-20 1.17131e-20 3.5132e-21 9.23091e-22 2.1923e-22 4.80424e-23 9.85572e-24 1.91291e-24 3.54109e-25 6.29141e-26 1.07822e-26 1.78975e-27 2.88716e-28 4.53914e-29 6.97176e-30 1.04827e-30 1.54574e-31 2.23877e-32 3.18917e-33 4.47367e-34 6.18634e-35 8.44109e-36 1.13744e-36 1.51483e-37 1.99526e-38 2.60084e-39 3.35706e-40 4.293e-41 5.44166e-42 6.84011e-43 8.5297e-44 1.05562e-44 1.297e-45 1.5826e-46 1.91836e-47 2.31069e-48 2.76644e-49 3.29287e-50 3.89767e-51 4.58885e-52 5.37479e-53 6.26413e-54 7.26575e-55 8.38871e-56 9.64217e-57 1.10353e-57 1.25774e-58 1.42774e-59 1.61443e-60 1.81867e-61 2.04129e-62 2.28307e-63 2.54474e-64 2.82698e-65 3.13039e-66 3.45551e-67 3.80278e-68 4.17257e-69 4.56513e-70 4.98064e-71 5.41915e-72 5.88062e-73 6.36487e-74 6.87163e-75 7.40051e-76 7.95099e-77 8.52244e-78 9.11411e-79 9.72515e-80 1.03546e-80 1.10013e-81 1.16642e-82 1.23419e-83 1.3033e-84 1.37362e-85 1.44498e-86 1.51723e-87 1.59019e-88 1.66369e-89 1.73756e-90 1.81161e-91 1.88566e-92 1.95952e-93 2.033e-94 2.10591e-95 2.17808e-96 2.24931e-97 2.31941e-98 2.38822e-99 2.45555e-100 2.52124e-101 2.58512e-102 2.64704e-103 2.70683e-104 2.76437e-105 2.81951e-106 2.87213e-107 2.92211e-108 2.96934e-109
7.16645e-21 6.24429e-21 3.12592e-21 1.1713e-21 3.63764e-22 9.87146e-23 2.41635e-23 5.4482e-24 1.14827e-24 2.28673e-25 4.33842e-26 7.89186e-27 1.38352e-27 2.34725e-28 3.86727e-29 6.20553e-30 9.72185e-31 1.49014e-31 2.23877e-32 3.30201e-33 4.78787e-34 6.83338e-35 9.61017e-36 1.33307e-36 1.82551e-37 2.46982e-38 3.30376e-39 4.37213e-40 5.72766e-41 7.43184e-42 9.55578e-43 1.21811e-43 1.54005e-44 1.93191e-45 2.40544e-46 2.97376e-47 3.65136e-48 4.4542e-49 5.39965e-50 6.50662e-51 7.79544e-52 9.28795e-53 1.10074e-53 1.29783e-54 1.52266e-55 1.77793e-56 2.06646e-57 2.39116e-58 2.75501e-59 3.16106e-60 3.61239e-61 4.11211e-62 4.66333e-63 5.26912e-64 5.93252e-65 6.65647e-66 7.44385e-67 8.29737e-68 9.2196e-69 1.0213e-69 1.12796e-70 1.24215e-71 1.36404e-72 1.49378e-73 1.63146e-74 1.77719e-75 1.931e-76 2.09291e-77 2.2629e-78 2.44091e-79 2.62684e-80 2.82056e-81 3.02189e-82 3.23062e-83 3.4465e-84 3.66924e-85 3.89852e-86 4.13396e-87 4.37517e-88 4.62173e-89 4.87316e-90 5.12898e-91 5.38867e-92 5.65168e-93 5.91745e-94 6.18539e-95 6.45489e-96 6.72534e-97 6.9961e-98 7.26654e-99 7.53602e-100 7.80389e-101 8.06949e-102 8.3322e-103 8.59137e-104 8.84638e-105 9.09661e-106 9.34147e-107 9.58036e-108 9.81272e-109 1.0038e-109
6.30033e-22 5.7494e-22 2.99732e-22 1.16496e-22 3.74146e-23 1.04748e-23 2.64007e-24 6.11907e-25 1.32385e-25 2.70296e-26 5.25189e-27 9.77473e-28 1.75176e-28 3.03582e-29 5.10548e-30 8.35685e-31 1.3347e-31 2.08445e-32 3.18917e-33 4.78787e-34 7.06329e-35 1.02522e-35 1.46574e-36 2.06615e-37 2.87423e-38 3.94899e-39 5.36258e-40 7.20232e-41 9.57296e-42 1.2599e-42 1.64272e-43 2.1229e-44 2.72034e-45 3.45795e-46 4.36189e-47 5.46188e-48 6.7914e-49 8.38795e-50 1.02933e-50 1.25535e-51 1.52192e-52 1.8346e-53 2.1994e-54 2.62282e-55 3.11183e-56 3.67389e-57 4.31693e-58 5.04928e-59 5.87975e-60 6.81749e-61 7.87205e-62 9.05325e-63 1.03712e-63 1.18362e-64 1.34588e-65 1.52495e-66 1.72188e-67 1.93774e-68 2.17356e-69 2.43036e-70 2.70913e-71 3.01082e-72 3.33635e-73 3.68656e-74 4.06225e-75 4.46414e-76 4.89287e-77 5.34901e-78 5.83302e-79 6.34526e-80 6.886e-81 7.45539e-82 8.05345e-83 8.68012e-84 9.33517e-85 1.00183e-85 1.0729e-86 1.14667e-87 1.22307e-88 1.30201e-89 1.38339e-90 1.46711e-91 1.55305e-92 1.64106e-93 1.73101e-94 1.82273e-95 1.91607e-96 2.01084e-97 2.10686e-98 2.20394e-99 2.30188e-100 2.40048e-101 2.49951e-102 2.59877e-103 2.69804e-104 2.79709e-105 2.89571e-106 2.99366e-107 3.09073e-108 3.18669e-109 3.28132e-110
5.53889e-23 5.28292e-23 2.86356e-23 1.1529e-23 3.82474e-24 1.10358e-24 2.86132e-25 6.81155e-26 1.51155e-26 3.16185e-27 6.28757e-28 1.19657e-28 2.19084e-29 3.87605e-30 6.65014e-31 1.1098e-31 1.80609e-32 2.87258e-33 4.47367e-34 6.83338e-35 1.02522e-35 1.51275e-36 2.19776e-37 3.14705e-38 4.44561e-39 6.20046e-40 8.54488e-41 1.16432e-41 1.56962e-42 2.09467e-43 2.76863e-44 3.62618e-45 4.70825e-46 6.06281e-47 7.74565e-48 9.82117e-49 1.23632e-49 1.54561e-50 1.91949e-51 2.36869e-52 2.90521e-53 3.54237e-54 4.29491e-55 5.17903e-56 6.21243e-57 7.41439e-58 8.80572e-59 1.04088e-59 1.22478e-60 1.4348e-61 1.67367e-62 1.94423e-63 2.24949e-64 2.59255e-65 2.97668e-66 3.40522e-67 3.88161e-68 4.40938e-69 4.99208e-70 5.63335e-71 6.3368e-72 7.10606e-73 7.94471e-74 8.8563e-75 9.84427e-76 1.0912e-76 1.20626e-77 1.32993e-78 1.46247e-79 1.60417e-80 1.75526e-81 1.91596e-82 2.08644e-83 2.26687e-84 2.45736e-85 2.658e-86 2.86884e-87 3.08989e-88 3.3211e-89 3.56242e-90 3.81373e-91 4.07487e-92 4.34563e-93 4.62578e-94 4.91503e-95 5.21305e-96 5.51945e-97 5.83384e-98 6.15576e-99 6.48471e-100 6.82016e-101 7.16156e-102 7.50829e-103 7.85975e-104 8.21526e-105 8.57414e-106 8.9357e-107 9.2992e-108 9.66391e-109 1.00291e-109 1.03939e-110
4.86947e-24 4.84522e-24 2.72663e-24 1.13575e-24 3.88783e-25 1.15503e-25 3.07803e-26 7.52006e-27 1.71044e-27 3.66309e-28 7.45042e-29 1.44891e-29 2.70878e-30 4.88988e-31 8.55458e-32 1.45482e-32 2.41134e-33 3.90409e-34 6.18634e-35 9.61017e-36 1.46574e-36 2.19776e-37 3.24346e-38 4.7162e-39 6.76298e-40 9.57221e-41 1.33828e-41 1.84946e-42 2.52802e-43 3.41983e-44 4.58088e-45 6.07892e-46 7.99526e-47 1.04268e-47 1.3488e-48 1.73132e-49 2.20592e-50 2.79073e-51 3.50664e-52 4.37749e-53 5.43041e-54 6.69605e-55 8.20882e-56 1.00072e-56 1.21339e-57 1.46361e-58 1.75658e-59 2.09798e-60 2.494e-61 2.95132e-62 3.47718e-63 4.07931e-64 4.766e-65 5.54602e-66 6.42868e-67 7.42376e-68 8.54152e-69 9.79266e-70 1.11883e-70 1.27398e-71 1.44591e-72 1.63582e-73 1.84494e-74 2.07451e-75 2.32578e-76 2.59999e-77 2.89841e-78 3.22226e-79 3.57274e-80 3.95104e-81 4.3583e-82 4.7956e-83 5.26399e-84 5.76441e-85 6.29778e-86 6.86491e-87 7.4665e-88 8.10319e-89 8.77548e-90 9.48379e-91 1.02284e-91 1.10094e-92 1.1827e-93 1.26808e-94 1.35709e-95 1.44966e-96 1.54575e-97 1.64529e-98 1.7482e-99 1.85438e-100 1.96372e-101 2.07609e-102 2.19136e-103 2.30936e-104 2.42993e-105 2.55288e-106 2.67804e-107 2.80519e-108 2.93411e-109 3.06459e-110 3.19639e-111
4.28096e-25 4.43615e-25 2.58824e-25 1.11413e-25 3.93132e-26 1.2015e-26 3.28829e-27 8.23885e-28 1.91941e-28 4.20584e-29 8.74418e-30 1.73677e-30 3.31364e-31 6.10037e-32 1.0877e-32 1.88415e-33 3.17929e-34 5.23768e-35 8.44109e-36 1.33307e-36 2.06615e-37 3.14705e-38 4.7162e-39 6.9613e-40 1.01301e-40 1.45456e-41 2.06246e-42 2.8899e-43 4.0041e-44 5.48918e-45 7.44951e-46 1.00134e-46 1.33374e-47 1.76108e-48 2.30611e-49 2.99592e-50 3.86262e-51 4.94393e-52 6.28393e-53 7.93377e-54 9.95249e-55 1.24078e-55 1.53769e-56 1.89473e-57 2.32178e-58 2.82992e-59 3.43152e-60 4.14031e-61 4.97148e-62 5.94173e-63 7.06933e-64 8.37421e-65 9.87795e-66 1.16039e-66 1.35771e-67 1.58244e-68 1.83744e-69 2.12574e-70 2.45054e-71 2.81522e-72 3.2233e-73 3.67845e-74 4.18451e-75 4.7454e-76 5.36518e-77 6.04802e-78 6.79815e-79 7.61985e-80 8.51746e-81 9.49533e-82 1.05578e-82 1.17092e-83 1.29537e-84 1.42955e-85 1.57387e-86 1.72872e-87 1.89446e-88 2.07146e-89 2.26004e-90 2.46051e-91 2.67315e-92 2.89819e-93 3.13585e-94 3.3863e-95 3.64969e-96 3.9261e-97 4.21559e-98 4.51817e-99 4.83381e-100 5.16241e-101 5.50384e-102 5.85793e-103 6.22443e-104 6.60308e-105 6.99353e-106 7.39541e-107 7.80829e-108 8.23168e-109 8.66507e-110 9.10788e-111 9.55949e-112
3.76358e-26 4.05519e-26 2.44988e-26 1.08864e-26 3.95602e-27 1.24274e-27 3.49032e-28 8.96209e-29 2.13721e-29 4.78871e-30 1.01713e-30 2.0622e-31 4.01335e-32 7.53148e-33 1.368e-33 2.41271e-34 4.1429e-35 6.94208e-36 1.13744e-36 1.82551e-37 2.87423e-38 4.44561e-39 6.76298e-40 1.01301e-40 1.49546e-41 2.17774e-42 3.13078e-43 4.4466e-44 6.24334e-45 8.67127e-46 1.19197e-46 1.6225e-47 2.188e-48 2.92444e-49 3.87564e-50 5.09465e-51 6.64519e-52 8.60326e-53 1.1059e-53 1.41184e-54 1.79057e-55 2.25653e-56 2.82644e-57 3.51951e-58 4.35772e-59 5.36609e-60 6.57295e-61 8.01018e-62 9.71354e-63 1.17229e-63 1.40826e-64 1.68414e-65 2.00533e-66 2.37773e-67 2.80776e-68 3.3024e-69 3.86921e-70 4.51633e-71 5.25246e-72 6.08693e-73 7.02965e-74 8.0911e-75 9.28236e-76 1.06151e-76 1.21014e-77 1.3754e-78 1.55862e-79 1.76114e-80 1.98438e-81 2.22977e-82 2.49877e-83 2.79289e-84 3.11361e-85 3.46247e-86 3.84097e-87 4.25063e-88 4.69294e-89 5.16938e-90 5.68139e-91 6.23037e-92 6.81765e-93 7.44454e-94 8.11225e-95 8.8219e-96 9.57456e-97 1.03712e-97 1.12126e-98 1.20995e-99 1.30325e-100 1.40121e-101 1.50386e-102 1.61123e-103 1.7233e-104 1.84008e-105 1.96153e-106 2.08761e-107 2.21826e-108 2.35339e-109 2.49292e-110 2.63673e-111 2.78469e-112
3.30872e-27 3.70152e-27 2.31279e-27 1.05985e-27 3.96288e-28 1.27858e-28 3.68252e-29 9.68398e-30 2.36246e-30 5.40979e-31 1.17327e-31 2.427e-32 4.81566e-33 9.2078e-34 1.70307e-34 3.05693e-35 5.3395e-36 9.097e-37 1.51483e-37 2.46982e-38 3.94899e-39 6.20046e-40 9.57221e-41 1.45456e-41 2.17774e-42 3.21535e-43 4.68541e-44 6.74345e-45 9.59235e-46 1.3494e-46 1.87836e-47 2.58857e-48 3.53341e-49 4.7794e-50 6.40882e-51 8.52262e-52 1.12438e-52 1.47212e-53 1.91336e-54 2.46946e-55 3.16575e-56 4.03211e-57 5.10355e-58 6.42092e-59 8.03154e-60 9.99001e-61 1.23589e-61 1.52098e-62 1.86238e-63 2.26926e-64 2.75195e-65 3.322e-66 3.99231e-67 4.77718e-68 5.69241e-69 6.75541e-70 7.98524e-71 9.40273e-72 1.10305e-72 1.2893e-73 1.50168e-74 1.74301e-75 2.01635e-76 2.32492e-77 2.67218e-78 3.06176e-79 3.4975e-80 3.98343e-81 4.52378e-82 5.12294e-83 5.78547e-84 6.51609e-85 7.31968e-86 8.20121e-87 9.16578e-88 1.02186e-88 1.13649e-89 1.261e-90 1.39592e-91 1.54178e-92 1.69912e-93 1.86845e-94 2.05029e-95 2.24514e-96 2.45349e-97 2.6758e-98 2.91251e-99 3.16406e-100 3.43084e-101 3.7132e-102 4.01148e-103 4.32597e-104 4.65693e-105 5.00455e-106 5.369e-107 5.75041e-108 6.14883e-109 6.56429e-110 6.99674e-111 7.44609e-112 7.91219e-113
2.90884e-28 3.3741e-28 2.17799e-28 1.02832e-28 3.95301e-29 1.30895e-29 3.86348e-30 1.03988e-30 2.59371e-31 6.06666e-32 1.34279e-32 2.83268e-33 5.72793e-34 1.11543e-34 2.09997e-35 3.83471e-36 6.81086e-37 1.17939e-37 1.99526e-38 3.30376e-39 5.36258e-40 8.54488e-41 1.33828e-41 2.06246e-42 3.13078e-43 4.68541e-44 6.91869e-45 1.00881e-45 1.45344e-46 2.07042e-47 2.91774e-48 4.06995e-49 5.62208e-50 7.69426e-51 1.04371e-51 1.40381e-52 1.87287e-53 2.47927e-54 3.25759e-55 4.24965e-56 5.50572e-57 7.08587e-58 9.06145e-59 1.15167e-59 1.45505e-60 1.82785e-61 2.28347e-62 2.83744e-63 3.5076e-64 4.31435e-65 5.28098e-66 6.43384e-67 7.80271e-68 9.42106e-69 1.13263e-69 1.35602e-70 1.61691e-71 1.92041e-72 2.27216e-73 2.67834e-74 3.1457e-75 3.68158e-76 4.29396e-77 4.99142e-78 5.78324e-79 6.67934e-80 7.69034e-81 8.82753e-82 1.01029e-82 1.15291e-83 1.31195e-84 1.48881e-85 1.68496e-86 1.90192e-87 2.14128e-88 2.40469e-89 2.69382e-90 3.01044e-91 3.3563e-92 3.73322e-93 4.14305e-94 4.58765e-95 5.06888e-96 5.58862e-97 6.14875e-98 6.75111e-99 7.39755e-100 8.08986e-101 8.8298e-102 9.61906e-103 1.04593e-103 1.1352e-104 1.22988e-105 1.33009e-106 1.43596e-107 1.54761e-108 1.66514e-109 1.78864e-110 1.91818e-111 2.05383e-112 2.19561e-113
2.55729e-29 3.07176e-29 2.04634e-29 9.94557e-30 3.9276e-30 1.33381e-30 4.03196e-31 1.11011e-31 2.82942e-32 6.75645e-33 1.52552e-33 3.28039e-34 6.75706e-35 1.33959e-35 2.56609e-36 4.76538e-37 8.60339e-38 1.5137e-38 2.60084e-39 4.37213e-40 7.20232e-41 1.16432e-41 1.84946e-42 2.8899e-43 4.4466e-44 6.74345e-45 1.00881e-45 1.48982e-46 2.17353e-47 3.13454e-48 4.47111e-49 6.31136e-50 8.82087e-51 1.22118e-51 1.67539e-52 2.27872e-53 3.07371e-54 4.11323e-55 5.46251e-56 7.20144e-57 9.42734e-58 1.22579e-58 1.58347e-59 2.03269e-60 2.59358e-61 3.2899e-62 4.14964e-63 5.2055e-64 6.49556e-65 8.06392e-66 9.96145e-67 1.22465e-67 1.49856e-68 1.82547e-69 2.21395e-70 2.67368e-71 3.21553e-72 3.85164e-73 4.59555e-74 5.46229e-75 6.46845e-76 7.63232e-77 8.97396e-78 1.05153e-78 1.22803e-79 1.42947e-80 1.65868e-81 1.91867e-82 2.21269e-83 2.54421e-84 2.91696e-85 3.33487e-86 3.80214e-87 4.32317e-88 4.90262e-89 5.54538e-90 6.25654e-91 7.04144e-92 7.9056e-93 8.85475e-94 9.8948e-95 1.10318e-95 1.2272e-96 1.36218e-97 1.50875e-98 1.66758e-99 1.83932e-100 2.02464e-101 2.22421e-102 2.43867e-103 2.66869e-104 2.91491e-105 3.17797e-106 3.45848e-107 3.75704e-108 4.07422e-109 4.41057e-110 4.76661e-111 5.14283e-112 5.53966e-113 5.95751e-114
2.24822e-30 2.79321e-30 1.91852e-30 9.59041e-31 3.88788e-31 1.35322e-31 4.18694e-32 1.17857e-32 3.068e-33 7.47589e-34 1.7211e-34 3.77094e-35 7.90933e-36 1.59572e-36 3.10905e-37 5.86961e-38 1.07681e-38 1.92434e-39 3.35706e-40 5.72766e-41 9.57296e-42 1.56962e-42 2.52802e-43 4.0041e-44 6.24334e-45 9.59235e-46 1.45344e-46 2.17353e-47 3.21025e-48 4.68596e-49 6.76395e-50 9.6601e-51 1.36572e-51 1.91225e-52 2.65287e-53 3.64798e-54 4.97413e-55 6.72763e-56 9.02879e-57 1.20269e-57 1.59058e-58 2.08909e-59 2.72564e-60 3.53339e-61 4.55225e-62 5.82996e-63 7.42331e-64 9.39949e-65 1.18377e-65 1.48305e-66 1.84862e-67 2.29302e-68 2.83074e-69 3.47846e-70 4.25526e-71 5.18292e-72 6.28614e-73 7.59289e-74 9.13466e-75 1.09468e-75 1.30687e-76 1.55445e-77 1.84229e-78 2.17579e-79 2.56089e-80 3.00411e-81 3.5126e-82 4.09413e-83 4.75716e-84 5.51086e-85 6.3651e-86 7.33053e-87 8.41856e-88 9.64139e-89 1.1012e-89 1.25443e-90 1.42527e-91 1.61529e-92 1.8261e-93 2.05942e-94 2.31701e-95 2.60075e-96 2.91257e-97 3.25446e-98 3.6285e-99 4.03682e-100 4.48159e-101 4.96504e-102 5.48945e-103 6.05713e-104 6.6704e-105 7.33162e-106 8.04314e-107 8.80731e-108 9.62649e-109 1.0503e-109 1.14391e-110 1.2437e-111 1.34989e-112 1.4627e-113 1.58232e-114
1.97651e-31 2.53713e-31 1.79507e-31 9.22209e-32 3.83516e-32 1.36728e-32 4.32759e-33 1.24475e-33 3.30784e-34 8.22132e-35 1.92905e-35 4.30476e-36 9.19033e-37 1.88622e-37 3.73667e-38 7.16933e-39 1.33607e-39 2.42443e-40 4.293e-41 7.43184e-42 1.2599e-42 2.09467e-43 3.41983e-44 5.48918e-45 8.67127e-46 1.3494e-46 2.07042e-47 3.13454e-48 4.68596e-49 6.92176e-50 1.01086e-50 1.46035e-51 2.08807e-52 2.95635e-53 4.14651e-54 5.76373e-55 7.94297e-56 1.08562e-56 1.47207e-57 1.98094e-58 2.64629e-59 3.5103e-60 4.62491e-61 6.0537e-62 7.87403e-63 1.01795e-63 1.30827e-64 1.67185e-65 2.12474e-66 2.68594e-67 3.37788e-68 4.22685e-69 5.26357e-70 6.52375e-71 8.04872e-72 9.88612e-73 1.20906e-73 1.47248e-74 1.78597e-75 2.15761e-76 2.59652e-77 3.11295e-78 3.71841e-79 4.42576e-80 5.24931e-81 6.20493e-82 7.3102e-83 8.58445e-84 1.00489e-84 1.17269e-85 1.36438e-86 1.58272e-87 1.8307e-88 2.11156e-89 2.42879e-90 2.78614e-91 3.18761e-92 3.6375e-93 4.14037e-94 4.70106e-95 5.32469e-96 6.01669e-97 6.78273e-98 7.6288e-99 8.56114e-100 9.58625e-101 1.07109e-101 1.19421e-102 1.32872e-103 1.47535e-104 1.63488e-105 1.80809e-106 1.99579e-107 2.19878e-108 2.41789e-109 2.65396e-110 2.90782e-111 3.18031e-112 3.47228e-113 3.78455e-114 4.11795e-115
1.73763e-32 2.30214e-32 1.67639e-32 8.84462e-33 3.77075e-33 1.37614e-33 4.45325e-34 1.30821e-34 3.54732e-35 8.98876e-36 2.14875e-36 4.88187e-37 1.06048e-37 2.2134e-38 4.45685e-39 8.68753e-40 1.64412e-40 3.02851e-41 5.44166e-42 9.55578e-43 1.64272e-43 2.76863e-44 4.58088e-45 7.44951e-46 1.19197e-46 1.87836e-47 2.91774e-48 4.47111e-49 6.76395e-50 1.01086e-50 1.4933e-51 2.18182e-52 3.15451e-53 4.51537e-54 6.40174e-55 8.99344e-56 1.25241e-56 1.72947e-57 2.36907e-58 3.22014e-59 4.34445e-60 5.81939e-61 7.74139e-62 1.02298e-62 1.34314e-63 1.75258e-64 2.27316e-65 2.93131e-66 3.75885e-67 4.7939e-68 6.08184e-69 7.67652e-70 9.64147e-71 1.20513e-71 1.49935e-72 1.85695e-73 2.28973e-74 2.81132e-75 3.43736e-76 4.18581e-77 5.07714e-78 6.13464e-79 7.38467e-80 8.857e-81 1.05851e-81 1.26065e-82 1.49631e-83 1.77015e-84 2.08735e-85 2.45363e-86 2.8753e-87 3.35929e-88 3.91319e-89 4.54529e-90 5.26462e-91 6.08098e-92 7.00497e-93 8.04805e-94 9.22251e-95 1.05416e-95 1.20194e-96 1.3671e-97 1.55125e-98 1.75608e-99 1.98341e-100 2.23511e-101 2.5132e-102 2.81977e-103 3.157e-104 3.52719e-105 3.93271e-106 4.37602e-107 4.85968e-108 5.38632e-109 5.95863e-110 6.57938e-111 7.25141e-112 7.97759e-113 8.76086e-114 9.60417e-115 1.05105e-115
1.52763e-33 2.0869e-33 1.56277e-33 8.46159e-34 3.69593e-34 1.37999e-34 4.56349e-35 1.36854e-35 3.78484e-36 9.77399e-37 2.37943e-37 5.50186e-38 1.21565e-38 2.5794e-39 5.27748e-40 1.04481e-40 2.00742e-41 3.75255e-42 6.84011e-43 1.21811e-43 2.1229e-44 3.62618e-45 6.07892e-46 1.00134e-46 1.6225e-47 2.58857e-48 4.06995e-49 6.31136e-50 9.6601e-51 1.46035e-51 2.18182e-52 3.22341e-53 4.71168e-54 6.81727e-55 9.76827e-56 1.38669e-56 1.95105e-57 2.72171e-58 3.76574e-59 5.16931e-60 7.0424e-61 9.52437e-62 1.27908e-62 1.70613e-63 2.2609e-64 2.9772e-65 3.89655e-66 5.06975e-67 6.55858e-68 8.4378e-69 1.07974e-69 1.37452e-70 1.74098e-71 2.19436e-72 2.7527e-73 3.43721e-74 4.2727e-75 5.28815e-76 6.51719e-77 7.99876e-78 9.77771e-79 1.19056e-79 1.44412e-80 1.74517e-81 2.10134e-82 2.52126e-83 3.01464e-84 3.59243e-85 4.26686e-86 5.05162e-87 5.96191e-88 7.01463e-89 8.22845e-90 9.62395e-91 1.12238e-91 1.30527e-92 1.51379e-93 1.75089e-94 2.01978e-95 2.32394e-96 2.66712e-97 3.05337e-98 3.48706e-99 3.97283e-100 4.51568e-101 5.12092e-102 5.79418e-103 6.54147e-104 7.3691e-105 8.28375e-106 9.29244e-107 1.04025e-107 1.16217e-108 1.29581e-109 1.44199e-110 1.60159e-111 1.77551e-112 1.96467e-113 2.17003e-114 2.39256e-115 2.63327e-116
1.343e-34 1.89006e-34 1.45442e-34 8.07622e-35 3.612e-35 1.37908e-35 4.65801e-36 1.42536e-36 4.01886e-37 1.05726e-37 2.62021e-38 6.16393e-39 1.38483e-39 2.98621e-40 6.20637e-41 1.24758e-41 2.43281e-42 4.61396e-43 8.5297e-44 1.54005e-44 2.72034e-45 4.70825e-46 7.99526e-47 1.33374e-47 2.188e-48 3.53341e-49 5.62208e-50 8.82087e-51 1.36572e-51 2.08807e-52 3.15451e-53 4.71168e-54 6.96157e-55 1.01799e-55 1.47394e-56 2.11401e-57 3.00467e-58 4.23359e-59 5.91555e-60 8.19971e-61 1.12785e-61 1.53985e-62 2.08735e-63 2.81007e-64 3.75791e-65 4.99324e-66 6.59354e-67 8.65454e-68 1.12939e-68 1.46553e-69 1.89136e-70 2.42805e-71 3.10106e-72 3.94093e-73 4.98409e-74 6.2738e-75 7.86123e-76 9.80665e-77 1.21807e-77 1.5066e-78 1.85584e-79 2.27694e-80 2.78273e-81 3.388e-82 4.1097e-83 4.96716e-84 5.98241e-85 7.18042e-86 8.58945e-87 1.02413e-87 1.21717e-88 1.44208e-89 1.70331e-90 2.00584e-91 2.35518e-92 2.75743e-93 3.21933e-94 3.74826e-95 4.35236e-96 5.04049e-97 5.82234e-98 6.70843e-99 7.71017e-100 8.83993e-101 1.0111e-101 1.15378e-102 1.31356e-103 1.4921e-104 1.69116e-105 1.9126e-106 2.15842e-107 2.43072e-108 2.73174e-109 3.06383e-110 3.42946e-111 3.83122e-112 4.27181e-113 4.75409e-114 5.28098e-115 5.85555e-116 6.48096e-117
