0.518774 0.135506 0.0353946 0.00924522 0.00241489 0.000630778 0.000164762 4.30364e-05 1.12413e-05 2.93626e-06 7.66963e-07 2.00334e-07 5.23279e-08 1.36683e-08 3.5702e-09 9.32551e-10 2.43586e-10 6.36256e-11 1.66192e-11 4.34101e-12 1.13389e-12 2.96176e-13 7.73624e-14 2.02074e-14 5.27824e-15 1.3787e-15 3.60121e-16 9.4065e-17 2.45701e-17 6.41781e-18 1.67636e-18 4.37871e-19 1.14374e-19 2.98748e-20 7.80342e-21 2.03828e-21 5.32408e-22 1.39067e-22 3.63248e-23 9.48819e-24 2.47835e-24 6.47355e-25 1.69092e-25 4.41674e-26 1.15367e-26 3.01343e-27 7.87119e-28 2.05599e-28 5.37032e-29 1.40275e-29 3.66403e-30 9.57059e-31 2.49988e-31 6.52977e-32 1.7056e-32 4.4551e-33 1.16369e-33 3.0396e-34 7.93955e-35 2.07384e-35 5.41696e-36 1.41493e-36 3.69585e-37 9.65371e-38 2.52159e-38 6.58648e-39 1.72041e-39 4.49379e-40 1.17379e-40 3.066e-41 8.0085e-42 2.09185e-42 5.464e-43 1.42722e-43 3.72795e-44 9.73755e-45 2.54348e-45 6.64368e-46 1.73535e-46 4.53281e-47 1.18399e-47 3.09262e-48 8.07805e-49 2.11002e-49 5.51145e-50 1.43961e-50 3.76032e-51 9.82211e-52 2.56557e-52 6.70138e-53 1.75043e-53 4.57218e-54 1.19427e-54 3.11948e-55 8.14821e-56 2.12834e-56 5.55932e-57 1.45212e-57 3.79298e-58 9.90741e-59 2.58785e-59
0.135506 0.0494252 0.0165749 0.00528669 0.00163095 0.000491322 0.000145395 4.24338e-05 1.22478e-05 3.5032e-06 9.94463e-07 2.805e-07 7.86859e-08 2.19683e-08 6.10787e-09 1.69196e-09 4.67168e-10 1.28614e-10 3.53152e-11 9.67395e-12 2.64428e-12 7.21363e-13 1.96433e-13 5.34014e-14 1.44952e-14 3.92895e-15 1.06354e-15 2.87541e-16 7.7651e-17 2.09472e-17 5.64507e-18 1.51985e-18 4.08834e-19 1.09882e-19 2.95097e-20 7.91909e-21 2.12362e-21 5.69098e-22 1.52412e-22 4.0793e-23 1.09119e-23 2.91726e-24 7.79507e-25 2.08183e-25 5.55729e-26 1.48279e-26 3.95459e-27 1.05424e-27 2.80933e-28 7.48332e-29 1.99261e-29 5.30387e-30 1.41128e-30 3.75392e-31 9.98198e-32 2.65346e-32 7.05144e-33 1.87334e-33 4.97543e-34 1.32107e-34 3.50679e-35 9.30637e-36 2.46913e-36 6.54941e-37 1.73684e-37 4.60489e-38 1.22063e-38 3.23486e-39 8.57112e-40 2.27056e-40 6.0137e-41 1.59246e-41 4.21615e-42 1.11605e-42 2.95377e-43 7.81618e-44 2.06795e-44 5.47036e-45 1.44685e-45 3.82616e-46 1.01167e-46 2.67453e-47 7.06963e-48 1.86846e-48 4.93756e-49 1.30462e-49 3.44664e-50 9.10447e-51 2.40469e-51 6.35052e-52 1.67691e-52 4.42748e-53 1.16884e-53 3.08536e-54 8.14344e-55 2.14914e-55 5.67119e-56 1.49637e-56 3.94786e-57 1.04145e-57 2.74711e-58
0.0353946 0.0165749 0.00662342 0.00242838 0.000842597 0.000281259 9.12101e-05 2.89207e-05 9.00586e-06 2.76303e-06 8.37203e-07 2.50995e-07 7.45623e-08 2.19737e-08 6.43033e-09 1.87004e-09 5.40809e-10 1.55617e-10 4.45757e-11 1.27159e-11 3.61374e-12 1.02345e-12 2.88931e-13 8.1329e-14 2.28305e-14 6.39273e-15 1.78581e-15 4.97767e-16 1.3846e-16 3.844e-17 1.06525e-17 2.947e-18 8.13967e-19 2.24476e-19 6.1817e-20 1.70001e-20 4.66906e-21 1.28077e-21 3.50917e-22 9.60395e-23 2.62562e-23 7.17084e-24 1.95652e-24 5.33328e-25 1.4525e-25 3.95243e-26 1.07462e-26 2.91947e-27 7.92542e-28 2.14992e-28 5.82799e-29 1.57877e-29 4.27402e-30 1.15633e-30 3.12651e-31 8.44858e-32 2.28171e-32 6.15885e-33 1.66153e-33 4.48015e-34 1.20743e-34 3.25252e-35 8.75739e-36 2.35685e-36 6.34014e-37 1.70483e-37 4.58227e-38 1.23113e-38 3.30643e-39 8.87663e-40 2.38218e-40 6.39066e-41 1.71381e-41 4.59443e-42 1.23128e-42 3.29866e-43 8.8345e-44 2.36533e-44 6.33098e-45 1.69403e-45 4.53156e-46 1.21186e-46 3.23994e-47 8.65977e-48 2.31399e-48 6.18166e-49 1.65097e-49 4.40828e-50 1.17678e-50 3.14064e-51 8.37996e-52 2.23547e-52 5.9621e-53 1.58978e-53 4.23821e-54 1.12964e-54 3.01029e-55 8.02029e-56 2.13643e-56 5.68988e-57 1.51509e-57
0.00924522 0.00528669 0.00242838 0.000995841 0.000380202 0.000138076 4.83077e-05 1.64162e-05 5.44932e-06 1.77422e-06 5.68327e-07 1.79532e-07 5.60341e-08 1.73053e-08 5.29492e-09 1.6067e-09 4.83927e-10 1.4478e-10 4.30518e-11 1.2731e-11 3.74565e-12 1.09689e-12 3.19833e-13 9.28864e-14 2.68764e-14 7.74983e-15 2.22748e-15 6.38302e-16 1.82394e-16 5.19807e-17 1.4777e-17 4.19089e-18 1.18593e-18 3.34882e-19 9.43749e-20 2.65458e-20 7.45335e-21 2.08911e-21 5.84599e-22 1.63334e-22 4.55666e-23 1.26939e-23 3.53145e-24 9.81163e-25 2.7226e-25 7.54576e-26 2.08891e-26 5.77633e-27 1.59559e-27 4.40292e-28 1.21375e-28 3.34274e-29 9.19758e-30 2.52847e-30 6.94492e-31 1.90596e-31 5.22652e-32 1.43209e-32 3.92105e-33 1.07279e-33 2.93305e-34 8.01358e-35 2.18798e-35 5.97006e-36 1.62795e-36 4.43648e-37 1.20831e-37 3.28902e-38 8.94769e-39 2.43287e-39 6.61142e-40 1.79575e-40 4.87505e-41 1.32281e-41 3.58764e-42 9.72563e-43 2.63529e-43 7.13748e-44 1.9323e-44 5.229e-45 1.41444e-45 3.82449e-46 1.03369e-46 2.79282e-47 7.54274e-48 2.03637e-48 5.49574e-49 1.48266e-49 3.99861e-50 1.07803e-50 2.9054e-51 7.82782e-52 2.10833e-52 5.67676e-53 1.52803e-53 4.11179e-54 1.10612e-54 2.97476e-55 7.99795e-56 2.14974e-56 5.77662e-57
0.00241489 0.00163095 0.000842597 0.000380202 0.00015761 6.15769e-05 2.30161e-05 8.31044e-06 2.91806e-06 1.00123e-06 3.36908e-07 1.11491e-07 3.63648e-08 1.17113e-08 3.72941e-09 1.17576e-09 3.67349e-10 1.13841e-10 3.50187e-11 1.06995e-11 3.24883e-12 9.80866e-13 2.94576e-13 8.80353e-14 2.61901e-14 7.75843e-15 2.28921e-15 6.72944e-16 1.97131e-16 5.75577e-17 1.67534e-17 4.86219e-18 1.4072e-18 4.06201e-19 1.16961e-19 3.35981e-20 9.62958e-21 2.75402e-21 7.86028e-22 2.23902e-22 6.36599e-23 1.80674e-23 5.11894e-24 1.44794e-24 4.08916e-25 1.15308e-25 3.24678e-26 9.12926e-27 2.56349e-27 7.1889e-28 2.01348e-28 5.63259e-29 1.57384e-29 4.3926e-30 1.22464e-30 3.41065e-31 9.48902e-32 2.6374e-32 7.32342e-33 2.03165e-33 5.63107e-34 1.55939e-34 4.31467e-35 1.19284e-35 3.29512e-36 9.0954e-37 2.50866e-37 6.91423e-38 1.90429e-38 5.24108e-39 1.44149e-39 3.96202e-40 1.08828e-40 2.98739e-41 8.19553e-42 2.247e-42 6.15707e-43 1.68616e-43 4.6151e-44 1.26249e-44 3.45179e-45 9.43268e-46 2.57636e-46 7.03335e-47 1.91914e-47 5.23416e-48 1.42687e-48 3.888e-49 1.05895e-49 2.88292e-50 7.84526e-51 2.13403e-51 5.8025e-52 1.57709e-52 4.28477e-53 1.16367e-53 3.15915e-54 8.57332e-55 2.32579e-55 6.30719e-56 1.70982e-56
0.000630778 0.000491322 0.000281259 0.000138076 6.15769e-05 2.56776e-05 1.01831e-05 3.88274e-06 1.43416e-06 5.1596e-07 1.8154e-07 6.26664e-08 2.12759e-08 7.11881e-09 2.35131e-09 7.67699e-10 2.48059e-10 7.94016e-11 2.51988e-11 7.93464e-12 2.48054e-12 7.7034e-13 2.37766e-13 7.29694e-14 2.22754e-14 6.76639e-15 2.04585e-15 6.15886e-16 1.8465e-16 5.51474e-17 1.64104e-17 4.86656e-18 1.4385e-18 4.23891e-19 1.24544e-19 3.64908e-20 1.06632e-20 3.10806e-21 9.03735e-22 2.62173e-22 7.58881e-23 2.19199e-23 6.3186e-24 1.81784e-24 5.22009e-25 1.4963e-25 4.2816e-26 1.22312e-26 3.48847e-27 9.93411e-28 2.8247e-28 8.0203e-29 2.27407e-29 6.43918e-30 1.82092e-30 5.14287e-31 1.45074e-31 4.0875e-32 1.15035e-32 3.23384e-33 9.0811e-34 2.54744e-34 7.13883e-35 1.99858e-35 5.58983e-36 1.56196e-36 4.36061e-37 1.2163e-37 3.38969e-38 9.43876e-39 2.62613e-39 7.30081e-40 2.0281e-40 5.62962e-41 1.56152e-41 4.32817e-42 1.19882e-42 3.31825e-43 9.17848e-44 2.53716e-44 7.00887e-45 1.93498e-45 5.33874e-46 1.47211e-46 4.05686e-47 1.11735e-47 3.07572e-48 8.46184e-49 2.32675e-49 6.3945e-50 1.75647e-50 4.82229e-51 1.32328e-51 3.62945e-52 9.94997e-53 2.72647e-53 7.46761e-54 2.04441e-54 5.59451e-55 1.53027e-55 4.184e-56
0.000164762 0.000145395 9.12101e-05 4.83077e-05 2.30161e-05 1.01831e-05 4.26229e-06 1.70815e-06 6.60885e-07 2.48335e-07 9.10368e-08 3.26717e-08 1.15106e-08 3.98989e-09 1.36318e-09 4.59763e-10 1.5327e-10 5.05593e-11 1.65184e-11 5.34949e-12 1.71847e-12 5.47934e-13 1.73504e-13 5.45881e-14 1.7072e-14 5.30934e-15 1.64255e-15 5.05661e-16 1.54949e-16 4.72736e-17 1.43635e-17 4.34714e-18 1.31082e-18 3.93872e-19 1.17956e-19 3.52131e-20 1.04803e-20 3.1102e-21 9.2046e-22 2.71691e-22 7.99922e-23 2.34946e-23 6.88463e-24 2.01291e-24 5.87268e-25 1.70983e-25 4.96831e-26 1.4409e-26 4.17119e-27 1.20535e-27 3.47714e-28 1.00141e-28 2.87943e-29 8.26661e-30 2.36972e-30 6.78326e-31 1.93896e-31 5.53487e-32 1.57787e-32 4.49242e-33 1.27746e-33 3.62821e-34 1.02926e-34 2.91652e-35 8.2551e-36 2.33405e-36 6.5924e-37 1.86008e-37 5.24312e-38 1.47647e-38 4.15385e-39 1.16755e-39 3.27878e-40 9.19957e-41 2.579e-41 7.22392e-42 2.02181e-42 5.65409e-43 1.57996e-43 4.41166e-44 1.23093e-44 3.43203e-45 9.56222e-46 2.66235e-46 7.40759e-47 2.05968e-47 5.7232e-48 1.58929e-48 4.41056e-49 1.22326e-49 3.39066e-50 9.3928e-51 2.60049e-51 7.19566e-52 1.98996e-52 5.50027e-53 1.51947e-53 4.19538e-54 1.15779e-54 3.19351e-55 8.80425e-56
4.30364e-05 4.24338e-05 2.89207e-05 1.64162e-05 8.31044e-06 3.88274e-06 1.70815e-06 7.16824e-07 2.89518e-07 1.13273e-07 4.31396e-08 1.60531e-08 5.85427e-09 2.09731e-09 7.39581e-10 2.57135e-10 8.82656e-11 2.99496e-11 1.00555e-11 3.34359e-12 1.10193e-12 3.6018e-13 1.16835e-13 3.76313e-14 1.20407e-14 3.82883e-15 1.2105e-15 3.80624e-16 1.1907e-16 3.70684e-17 1.14874e-17 3.54452e-18 1.08921e-18 3.33405e-19 1.01677e-19 3.08985e-20 9.35817e-21 2.82519e-21 8.50294e-22 2.5516e-22 7.63544e-23 2.27867e-23 6.78272e-24 2.01393e-24 5.96547e-25 1.76297e-25 5.19855e-26 1.52965e-26 4.49164e-27 1.3163e-27 3.85008e-28 1.12403e-28 3.27573e-29 9.52981e-30 2.76777e-30 8.02544e-31 2.32339e-31 6.71602e-32 1.93846e-32 5.58697e-33 1.60801e-33 4.62181e-34 1.32666e-34 3.80324e-35 1.08894e-35 3.11405e-36 8.89478e-37 2.53772e-37 7.23214e-38 2.0588e-38 5.85463e-39 1.66316e-39 4.71984e-40 1.33811e-40 3.78999e-41 1.07244e-41 3.03187e-42 8.56362e-43 2.4167e-43 6.81419e-44 1.91974e-44 5.40396e-45 1.51997e-45 4.27184e-46 1.19967e-46 3.36652e-47 9.44019e-48 2.64525e-48 7.40705e-49 2.07264e-49 5.7957e-50 1.61957e-50 4.52282e-51 1.26224e-51 3.52047e-52 9.81279e-53 2.73352e-53 7.61016e-54 2.11745e-54 5.88822e-55 1.63648e-55
1.12413e-05 1.22478e-05 9.00586e-06 5.44932e-06 2.91806e-06 1.43416e-06 6.60885e-07 2.89518e-07 1.21726e-07 4.94597e-08 1.95225e-08 7.51593e-09 2.83125e-09 1.04627e-09 3.801e-10 1.35991e-10 4.79873e-11 1.67225e-11 5.76113e-12 1.96408e-12 6.63158e-13 2.21921e-13 7.36515e-14 2.4256e-14 7.9311e-15 2.57588e-15 8.31338e-16 2.66719e-16 8.50946e-17 2.70059e-17 8.52806e-18 2.68033e-18 8.38649e-19 2.61289e-19 8.10779e-20 2.50614e-20 7.71807e-21 2.36855e-21 7.24429e-22 2.20856e-22 6.71245e-23 2.03407e-23 6.14635e-24 1.85217e-24 5.56677e-25 1.66889e-25 4.99106e-26 1.48915e-26 4.43301e-27 1.31677e-27 3.90302e-28 1.15453e-28 3.40842e-29 1.00431e-29 2.9538e-30 8.67191e-31 2.54151e-31 7.43596e-32 2.17206e-32 6.33454e-33 1.84454e-33 5.36304e-34 1.55704e-34 4.51413e-35 1.30692e-35 3.77868e-36 1.0911e-36 3.14655e-37 9.06289e-38 2.6072e-38 7.4915e-39 2.15013e-39 6.16414e-40 1.76524e-40 5.04979e-41 1.44307e-41 4.11964e-42 1.17489e-42 3.34745e-43 9.52832e-44 2.70966e-44 7.69868e-45 2.1854e-45 6.19822e-46 1.75644e-46 4.97318e-47 1.40696e-47 3.97721e-48 1.1234e-48 3.17071e-49 8.94233e-50 2.52013e-50 7.09709e-51 1.99723e-51 5.61659e-52 1.57841e-52 4.43276e-53 1.24406e-53 3.48923e-54 9.78002e-55 2.73955e-55
2.93626e-06 3.5032e-06 2.76303e-06 1.77422e-06 1.00123e-06 5.1596e-07 2.48335e-07 1.13273e-07 4.94597e-08 2.08252e-08 8.50214e-09 3.38001e-09 1.31288e-09 4.99623e-10 1.867e-10 6.86348e-11 2.48618e-11 8.88577e-12 3.13716e-12 1.09521e-12 3.78408e-13 1.29498e-13 4.39243e-14 1.47759e-14 4.93224e-15 1.63453e-15 5.38015e-16 1.75964e-16 5.72054e-17 1.8492e-17 5.94558e-18 1.90192e-18 6.05466e-19 1.91863e-19 6.05328e-20 1.90186e-20 5.95164e-21 1.85542e-21 5.76326e-22 1.78394e-22 5.5035e-23 1.69241e-23 5.18843e-24 1.58591e-24 4.83377e-25 1.46927e-25 4.45419e-26 1.34688e-26 4.06277e-27 1.2226e-27 3.67068e-28 1.09963e-28 3.28711e-29 9.80572e-30 2.91924e-30 8.67388e-31 2.57238e-31 7.61481e-32 2.25014e-32 6.63757e-33 1.95469e-33 5.74696e-34 1.68697e-34 4.94433e-35 1.44695e-35 4.22828e-36 1.23383e-36 3.59537e-37 1.04627e-37 3.04068e-38 8.82548e-39 2.55836e-39 7.40716e-40 2.14202e-40 6.18709e-41 1.78507e-41 5.14445e-42 1.48098e-42 4.25891e-43 1.22347e-43 3.51114e-44 1.00663e-44 2.88314e-45 8.24987e-46 2.35843e-46 6.736e-47 1.92217e-47 5.48022e-48 1.5611e-48 4.44322e-49 1.26359e-49 3.59055e-50 1.01946e-50 2.89228e-51 8.19933e-52 2.32268e-52 6.57477e-53 1.85976e-53 5.25684e-54 1.48487e-54 4.19136e-55
7.66963e-07 9.94463e-07 8.37203e-07 5.68327e-07 3.36908e-07 1.8154e-07 9.10368e-08 4.31396e-08 1.95225e-08 8.50214e-09 3.58396e-09 1.46888e-09 5.87413e-10 2.29871e-10 8.82345e-11 3.32862e-11 1.2362e-11 4.52614e-12 1.63575e-12 5.84143e-13 2.06319e-13 7.21332e-14 2.49817e-14 8.57594e-15 2.91989e-15 9.86514e-16 3.309e-16 1.10238e-16 3.64904e-17 1.20058e-17 3.92743e-18 1.2778e-18 4.13591e-19 1.33213e-19 4.27058e-20 1.36298e-20 4.33153e-21 1.37096e-21 4.32228e-22 1.35762e-22 4.24904e-23 1.32529e-23 4.11997e-24 1.27673e-24 3.94436e-25 1.215e-25 3.732e-26 1.14319e-26 3.4926e-27 1.06431e-27 3.23534e-28 9.81145e-29 2.96855e-29 8.96156e-30 2.69949e-30 8.11463e-31 2.43428e-31 7.2881e-32 2.17783e-32 6.49569e-33 1.93393e-33 5.74764e-34 1.70528e-34 5.051e-35 1.49367e-35 4.4101e-36 1.30009e-36 3.82689e-37 1.12482e-37 3.30144e-38 9.67654e-39 2.83235e-39 8.27941e-40 2.41708e-40 7.04747e-41 2.0523e-41 5.96931e-42 1.73419e-42 5.03231e-43 1.45864e-43 4.22331e-44 1.22148e-44 3.5291e-45 1.01857e-45 2.93684e-46 8.45935e-47 2.43429e-47 6.99833e-48 2.01007e-48 5.76808e-49 1.65372e-49 4.73707e-50 1.35576e-50 3.87695e-51 1.10773e-51 3.16247e-52 9.02133e-53 2.57142e-53 7.32388e-54 2.08439e-54 5.92782e-55
2.00334e-07 2.805e-07 2.50995e-07 1.79532e-07 1.11491e-07 6.26664e-08 3.26717e-08 1.60531e-08 7.51593e-09 3.38001e-09 1.46888e-09 6.19761e-10 2.54827e-10 1.02414e-10 4.03317e-11 1.55956e-11 5.93184e-12 2.22257e-12 8.21415e-13 2.99774e-13 1.08137e-13 3.85908e-14 1.36348e-14 4.77274e-15 1.65617e-15 5.70033e-16 1.94701e-16 6.60241e-17 2.22374e-17 7.4417e-18 2.47524e-18 8.18569e-19 2.69223e-19 8.80853e-20 2.86772e-20 9.29204e-21 2.99723e-21 9.62606e-22 3.07877e-22 9.80805e-23 3.11267e-23 9.84228e-24 3.10122e-24 9.73868e-25 3.04828e-25 9.51149e-26 2.95889e-26 9.17789e-27 2.83879e-27 8.75675e-28 2.69408e-28 8.26744e-29 2.53083e-29 7.72892e-30 2.35489e-30 7.15893e-31 2.17161e-31 6.57352e-32 1.98575e-32 5.98668e-33 1.80139e-33 5.41017e-34 1.62189e-34 4.8535e-35 1.4499e-35 4.324e-36 1.28742e-36 3.82698e-37 1.13583e-37 3.36596e-38 9.95998e-39 2.94291e-39 8.68319e-40 2.55847e-40 7.52825e-41 2.21225e-41 6.49251e-42 1.90302e-42 5.57104e-43 1.62894e-43 4.75731e-44 1.38776e-44 4.04367e-45 1.17694e-45 3.42186e-46 9.9382e-47 2.88337e-47 8.35698e-48 2.41971e-48 6.99924e-49 2.02264e-49 5.83954e-50 1.68436e-50 4.85395e-51 1.39756e-51 4.02033e-52 1.15553e-52 3.31844e-53 9.52196e-54 2.73001e-54 7.82088e-55
5.23279e-08 7.86859e-08 7.45623e-08 5.60341e-08 3.63648e-08 2.12759e-08 1.15106e-08 5.85427e-09 2.83125e-09 1.31288e-09 5.87413e-10 2.54827e-10 1.07601e-10 4.43625e-11 1.79048e-11 7.08951e-12 2.75897e-12 1.05691e-12 3.99097e-13 1.4872e-13 5.4747e-14 1.99269e-14 7.1772e-15 2.55986e-15 9.04694e-16 3.17e-16 1.10183e-16 3.80079e-17 1.30173e-17 4.42819e-18 1.49674e-18 5.02833e-19 1.67954e-19 5.57913e-20 1.8436e-20 6.06168e-21 1.98356e-21 6.46118e-22 2.09545e-22 6.76741e-23 2.1768e-23 6.97488e-24 2.22659e-24 7.08258e-25 2.24516e-25 7.09355e-26 2.23404e-26 7.01416e-27 2.19567e-27 6.8534e-28 2.13322e-28 6.62206e-29 2.0503e-29 6.33205e-30 1.95077e-30 5.99564e-31 1.8385e-31 5.62495e-32 1.71723e-32 5.23146e-33 1.59046e-33 4.82566e-34 1.46132e-34 4.41686e-35 1.33254e-35 4.01301e-36 1.20642e-36 3.62066e-37 1.08481e-37 3.24501e-38 9.69152e-39 2.88999e-39 8.60491e-40 2.55833e-40 7.59523e-41 2.25172e-41 6.66641e-42 1.97099e-42 5.81979e-43 1.71621e-43 5.05461e-44 1.48686e-44 4.36844e-45 1.28195e-45 3.75762e-46 1.10018e-46 3.21758e-47 9.39988e-48 2.74317e-48 7.997e-49 2.32893e-49 6.7756e-50 1.96929e-50 5.71808e-51 1.65874e-51 4.80727e-52 1.39194e-52 4.02673e-53 1.16385e-53 3.36099e-54 9.69761e-55
1.36683e-08 2.19683e-08 2.19737e-08 1.73053e-08 1.17113e-08 7.11881e-09 3.98989e-09 2.09731e-09 1.04627e-09 4.99623e-10 2.29871e-10 1.02414e-10 4.43625e-11 1.87441e-11 7.74591e-12 3.13771e-12 1.24828e-12 4.88505e-13 1.88319e-13 7.16005e-14 2.68779e-14 9.971e-15 3.65855e-15 1.3287e-15 4.77952e-16 1.70388e-16 6.02315e-17 2.1123e-17 7.35233e-18 2.54104e-18 8.72323e-19 2.97557e-19 1.00886e-19 3.4008e-20 1.1401e-20 3.80209e-21 1.2616e-21 4.16617e-22 1.36948e-22 4.48185e-23 1.46057e-23 4.74049e-24 1.53259e-24 4.93623e-25 1.58413e-25 5.06608e-26 1.61469e-26 5.12975e-27 1.62457e-27 5.12936e-28 1.61478e-28 5.06907e-29 1.5869e-29 4.95464e-30 1.54295e-30 4.79298e-31 1.48525e-31 4.59167e-32 1.41626e-32 4.35863e-33 1.33848e-33 4.10167e-34 1.25435e-34 3.8283e-35 1.16614e-35 3.54544e-36 1.07594e-36 3.25931e-37 9.85595e-38 2.97528e-38 8.96664e-39 2.69788e-39 8.10446e-40 2.43079e-40 7.27966e-41 2.17685e-41 6.50001e-42 1.93812e-42 5.77091e-43 1.716e-43 5.09576e-44 1.51125e-44 4.47617e-45 1.32414e-45 3.91229e-46 1.15453e-46 3.40305e-47 1.00191e-47 2.94645e-48 8.65541e-49 2.53982e-49 7.44482e-50 2.17997e-50 6.37676e-51 1.86342e-51 5.43991e-52 1.58653e-52 4.62266e-53 1.34563e-53 3.91345e-54 1.1371e-54
3.5702e-09 6.10787e-09 6.43033e-09 5.29492e-09 3.72941e-09 2.35131e-09 1.36318e-09 7.39581e-10 3.801e-10 1.867e-10 8.82345e-11 4.03317e-11 1.79048e-11 7.74591e-12 3.27461e-12 1.35593e-12 5.51012e-13 2.2012e-13 8.65683e-14 3.3559e-14 1.28377e-14 4.85084e-15 1.81206e-15 6.69713e-16 2.45056e-16 8.88325e-17 3.19192e-17 1.13744e-17 4.0216e-18 1.41141e-18 4.91874e-19 1.70279e-19 5.85752e-20 2.00284e-20 6.80896e-21 2.30213e-21 7.74284e-22 2.59113e-22 8.62955e-23 2.86077e-23 9.4418e-24 3.10298e-24 1.01561e-24 3.31101e-25 1.07535e-25 3.47975e-26 1.12206e-26 3.60581e-27 1.15494e-27 3.68753e-28 1.17375e-28 3.72494e-29 1.17872e-29 3.71951e-30 1.17054e-30 3.67401e-31 1.15024e-31 3.59217e-32 1.11913e-32 3.47845e-33 1.07871e-33 3.33778e-34 1.03057e-34 3.17528e-35 9.7634e-36 2.99608e-36 9.17621e-37 2.80511e-37 8.55923e-38 2.60697e-38 7.92635e-39 2.40583e-39 7.28999e-40 2.20535e-40 6.66089e-41 2.00866e-41 6.04806e-42 1.81834e-42 5.4588e-43 1.63643e-43 4.89877e-44 1.46447e-44 4.37208e-45 1.30354e-45 3.88149e-46 1.15431e-46 3.42854e-47 1.01711e-47 3.01374e-48 8.91943e-49 2.63675e-49 7.78598e-50 2.29655e-50 6.76656e-51 1.99158e-51 5.85561e-52 1.71989e-52 5.04652e-53 1.47928e-53 4.332e-54 1.26739e-54
9.32551e-10 1.69196e-09 1.87004e-09 1.6067e-09 1.17576e-09 7.67699e-10 4.59763e-10 2.57135e-10 1.35991e-10 6.86348e-11 3.32862e-11 1.55956e-11 7.08951e-12 3.13771e-12 1.35593e-12 5.73495e-13 2.37886e-13 9.69411e-14 3.88684e-14 1.53533e-14 5.98156e-15 2.30078e-15 8.74524e-16 3.28737e-16 1.22297e-16 4.50559e-17 1.64479e-17 5.9528e-18 2.13693e-18 7.61223e-19 2.69189e-19 9.45344e-20 3.29804e-20 1.14339e-20 3.94029e-21 1.35014e-21 4.60102e-22 1.55975e-22 5.26113e-23 1.76609e-23 5.90121e-24 1.9631e-24 6.50262e-25 2.14511e-25 7.04844e-26 2.30716e-26 7.52421e-27 2.44512e-27 7.91856e-28 2.55593e-28 8.22346e-29 2.6376e-29 8.43437e-30 2.68922e-30 8.55007e-31 2.71093e-31 8.57249e-32 2.70377e-32 8.50622e-33 2.66957e-33 8.35814e-34 2.61079e-34 8.1368e-35 2.53035e-35 7.85197e-36 2.43148e-36 7.51414e-37 2.31753e-37 7.13399e-38 2.19189e-38 6.7221e-39 2.05783e-39 6.28854e-40 1.91842e-40 5.84263e-41 1.77648e-41 5.39281e-42 1.63451e-42 4.94643e-43 1.49467e-43 4.50979e-44 1.35876e-44 4.08804e-45 1.22825e-45 3.68528e-46 1.10427e-46 3.30458e-47 9.87648e-48 2.94811e-48 8.78926e-49 2.6172e-49 7.78409e-50 2.31246e-50 6.86193e-51 2.03391e-51 6.02199e-52 1.78106e-52 5.2621e-53 1.55305e-53 4.57896e-54 1.34869e-54
2.43586e-10 4.67168e-10 5.40809e-10 4.83927e-10 3.67349e-10 2.48059e-10 1.5327e-10 8.82656e-11 4.79873e-11 2.48618e-11 1.2362e-11 5.93184e-12 2.75897e-12 1.24828e-12 5.51012e-13 2.37886e-13 1.00656e-13 4.18165e-14 1.7083e-14 6.8718e-15 2.72507e-15 1.06644e-15 4.12237e-16 1.57531e-16 5.9554e-17 2.22881e-17 8.26251e-18 3.03574e-18 1.10597e-18 3.99716e-19 1.43372e-19 5.10564e-20 1.80576e-20 6.3451e-21 2.21572e-21 7.69147e-22 2.65483e-22 9.11387e-23 3.11247e-23 1.05764e-23 3.57669e-24 1.20399e-24 4.03494e-25 1.34646e-25 4.4747e-26 1.48118e-26 4.88412e-27 1.60456e-27 5.2526e-28 1.71352e-28 5.57119e-29 1.80551e-29 5.83294e-30 1.87868e-30 6.03302e-31 1.93184e-31 6.16881e-32 1.96452e-32 6.2398e-33 1.97686e-33 6.24743e-34 1.9696e-34 6.19485e-35 1.94397e-35 6.08664e-36 1.90161e-36 5.92846e-37 1.84444e-37 5.72677e-38 1.77459e-38 5.48849e-39 1.6943e-39 5.22071e-40 1.60579e-40 4.93047e-41 1.51127e-41 4.62453e-42 1.4128e-42 4.3092e-43 1.31229e-43 3.99019e-44 1.21144e-44 3.67259e-45 1.11176e-45 3.36076e-46 1.01452e-46 3.05837e-47 9.20747e-48 2.76835e-48 8.31274e-49 2.49298e-49 7.46719e-50 2.23392e-50 6.67513e-51 1.99225e-51 5.9392e-52 1.76856e-52 5.26056e-53 1.56304e-53 4.63919e-54 1.37549e-54
6.36256e-11 1.28614e-10 1.55617e-10 1.4478e-10 1.13841e-10 7.94016e-11 5.05593e-11 2.99496e-11 1.67225e-11 8.88577e-12 4.52614e-12 2.22257e-12 1.05691e-12 4.88505e-13 2.2012e-13 9.69411e-14 4.18165e-14 1.77001e-14 7.36338e-15 3.01478e-15 1.21628e-15 4.84031e-16 1.90191e-16 7.38495e-17 2.83581e-17 1.07764e-17 4.05518e-18 1.51191e-18 5.58784e-19 2.04818e-19 7.44875e-20 2.68882e-20 9.63743e-21 3.43105e-21 1.21365e-21 4.26668e-22 1.49118e-22 5.18228e-23 1.79129e-23 6.15974e-24 2.10764e-24 7.17716e-25 2.43282e-25 8.20997e-26 2.75878e-26 9.23218e-27 3.07725e-27 1.02177e-27 3.38012e-28 1.11416e-28 3.6598e-29 1.19813e-29 3.9096e-30 1.27171e-30 4.12393e-31 1.33334e-31 4.29848e-32 1.38188e-32 4.43035e-33 1.41662e-33 4.51801e-34 1.43731e-34 4.56131e-35 1.44409e-35 4.5613e-36 1.43748e-36 4.52017e-37 1.41831e-37 4.44097e-38 1.38769e-38 4.3275e-39 1.34689e-39 4.18406e-40 1.29733e-40 4.01525e-41 1.2405e-41 3.82582e-42 1.1779e-42 3.62048e-43 1.111e-43 3.4038e-44 1.04119e-44 3.18004e-45 9.69792e-46 2.95313e-46 8.97963e-47 2.72657e-47 8.26745e-48 2.50341e-48 7.57027e-49 2.28623e-49 6.89552e-50 2.07713e-50 6.24915e-51 1.87779e-51 5.63575e-52 1.68945e-52 5.05866e-53 1.51297e-53 4.52003e-54 1.34888e-54
1.66192e-11 3.53152e-11 4.45757e-11 4.30518e-11 3.50187e-11 2.51988e-11 1.65184e-11 1.00555e-11 5.76113e-12 3.13716e-12 1.63575e-12 8.21415e-13 3.99097e-13 1.88319e-13 8.65683e-14 3.88684e-14 1.7083e-14 7.36338e-15 3.11777e-15 1.29861e-15 5.32743e-16 2.15497e-16 8.60338e-17 3.39297e-17 1.32286e-17 5.10236e-18 1.94819e-18 7.36791e-19 2.76146e-19 1.02618e-19 3.78258e-20 1.3836e-20 5.02405e-21 1.81162e-21 6.48915e-22 2.30966e-22 8.17083e-23 2.87379e-23 1.00512e-23 3.49668e-24 1.2102e-24 4.16782e-25 1.42854e-25 4.87401e-26 1.65561e-26 5.59989e-27 1.8863e-27 6.32874e-28 2.1152e-28 7.04324e-29 2.33684e-29 7.7263e-30 2.54593e-30 8.36178e-31 2.7376e-31 8.93514e-32 2.90758e-32 9.43403e-33 3.05235e-33 9.84861e-34 3.16923e-34 1.01718e-34 3.25645e-35 1.03995e-35 3.31313e-36 1.05303e-36 3.33927e-37 1.05655e-37 3.33566e-38 1.05087e-38 3.3038e-39 1.03656e-39 3.24576e-40 1.01437e-40 3.1641e-41 9.85142e-42 3.06169e-42 9.49842e-43 2.94163e-43 9.09462e-44 2.80711e-44 8.65016e-45 2.66131e-45 8.17498e-46 2.50733e-46 7.6786e-47 2.34807e-47 7.16989e-48 2.18624e-48 6.65696e-49 2.02424e-49 6.14701e-50 1.86421e-50 5.64628e-51 1.70797e-51 5.16004e-52 1.55702e-52 4.6926e-53 1.41259e-53 4.24733e-54 1.27561e-54
4.34101e-12 9.67395e-12 1.27159e-11 1.2731e-11 1.06995e-11 7.93464e-12 5.34949e-12 3.34359e-12 1.96408e-12 1.09521e-12 5.84143e-13 2.99774e-13 1.4872e-13 7.16005e-14 3.3559e-14 1.53533e-14 6.8718e-15 3.01478e-15 1.29861e-15 5.50006e-16 2.29339e-16 9.42535e-17 3.82172e-17 1.5302e-17 6.05501e-18 2.36957e-18 9.17691e-19 3.51927e-19 1.33713e-19 5.03582e-20 1.8808e-20 6.96901e-21 2.56284e-21 9.35725e-22 3.39308e-22 1.22234e-22 4.3759e-23 1.55716e-23 5.50929e-24 1.93846e-24 6.78443e-25 2.36239e-25 8.18568e-26 2.82294e-26 9.69094e-27 3.31221e-27 1.12726e-27 3.82072e-28 1.28986e-28 4.3378e-29 1.45339e-29 4.85209e-30 1.61421e-30 5.35204e-31 1.76869e-31 5.82639e-32 1.91338e-32 6.26463e-33 2.04512e-33 6.65741e-34 2.16117e-34 6.99684e-35 2.2593e-35 7.27672e-36 2.33784e-36 7.49268e-37 2.39569e-37 7.6422e-38 2.43235e-38 7.72463e-39 2.4479e-39 7.74098e-40 2.4429e-40 7.69386e-41 2.4184e-41 7.58716e-42 2.37582e-42 7.4259e-43 2.31687e-43 7.2159e-44 2.24351e-44 6.96358e-45 2.15783e-45 6.67569e-46 2.06198e-46 6.35908e-47 1.95812e-47 6.02052e-48 1.84837e-48 5.6665e-49 1.7347e-49 5.30312e-50 1.61899e-50 4.93597e-51 1.5029e-51 4.57008e-52 1.38792e-52 4.20982e-53 1.27535e-53 3.85894e-54 1.16625e-54
1.13389e-12 2.64428e-12 3.61374e-12 3.74565e-12 3.24883e-12 2.48054e-12 1.71847e-12 1.10193e-12 6.63158e-13 3.78408e-13 2.06319e-13 1.08137e-13 5.4747e-14 2.68779e-14 1.28377e-14 5.98156e-15 2.72507e-15 1.21628e-15 5.32743e-16 2.29339e-16 9.71583e-17 4.05529e-17 1.66935e-17 6.7835e-18 2.7233e-18 1.08092e-18 4.24462e-19 1.65004e-19 6.35328e-20 2.42422e-20 9.17105e-21 3.4413e-21 1.28131e-21 4.73555e-22 1.73788e-22 6.33488e-23 2.29431e-23 8.25811e-24 2.95483e-24 1.05126e-24 3.71977e-25 1.30929e-25 4.58516e-26 1.59792e-26 5.54261e-27 1.91382e-27 6.57939e-28 2.25232e-28 7.67886e-29 2.60761e-29 8.8211e-30 2.97296e-30 9.98367e-31 3.34098e-31 1.11426e-31 3.70398e-32 1.22734e-32 4.05423e-33 1.33518e-33 4.38428e-34 1.43553e-34 4.68725e-35 1.52632e-35 4.9571e-36 1.6058e-36 5.18876e-37 1.67252e-37 5.37828e-38 1.72545e-38 5.52295e-39 1.7639e-39 5.62126e-40 1.7876e-40 5.67292e-41 1.79664e-41 5.67874e-42 1.79143e-42 5.64054e-43 1.7727e-43 5.56104e-44 1.74142e-44 5.44364e-45 1.69876e-45 5.29231e-46 1.64605e-46 5.1114e-47 1.58471e-47 4.90551e-48 1.5162e-48 4.6793e-49 1.442e-49 4.43738e-50 1.36355e-50 4.18422e-51 1.28223e-51 3.92402e-52 1.1993e-52 3.66066e-53 1.11593e-53 3.39762e-54 1.03318e-54
2.96176e-13 7.21363e-13 1.02345e-12 1.09689e-12 9.80866e-13 7.7034e-13 5.47934e-13 3.6018e-13 2.21921e-13 1.29498e-13 7.21332e-14 3.85908e-14 1.99269e-14 9.971e-15 4.85084e-15 2.30078e-15 1.06644e-15 4.84031e-16 2.15497e-16 9.42535e-17 4.05529e-17 1.7184e-17 7.17889e-18 2.95956e-18 1.20503e-18 4.84948e-19 1.93027e-19 7.60388e-20 2.96615e-20 1.14635e-20 4.39147e-21 1.66827e-21 6.28721e-22 2.35152e-22 8.73149e-23 3.2197e-23 1.1794e-23 4.29285e-24 1.55304e-24 5.58568e-25 1.99769e-25 7.10608e-26 2.51461e-26 8.85384e-27 3.10235e-27 1.08199e-27 3.75661e-28 1.2986e-28 4.47021e-29 1.53252e-29 5.23325e-30 1.78022e-30 6.03347e-31 2.0375e-31 6.85663e-32 2.2996e-32 7.68712e-33 2.56145e-33 8.50854e-34 2.8178e-34 9.30434e-35 3.06348e-35 1.00584e-35 3.29355e-36 1.07559e-36 3.5035e-37 1.13831e-37 3.68937e-38 1.19288e-38 3.8479e-39 1.23838e-39 3.97658e-40 1.27413e-40 4.0737e-41 1.29973e-41 4.13838e-42 1.31503e-42 4.17049e-43 1.32009e-43 4.17067e-44 1.31525e-44 4.14023e-45 1.30099e-45 4.08102e-46 1.27798e-46 3.99539e-47 1.24705e-47 3.88606e-48 1.20907e-48 3.756e-49 1.16504e-49 3.60833e-50 1.11594e-50 3.44627e-51 1.06279e-51 3.27296e-52 1.00657e-52 3.09149e-53 9.48244e-54 2.90476e-54 8.88685e-55
7.73624e-14 1.96433e-13 2.88931e-13 3.19833e-13 2.94576e-13 2.37766e-13 1.73504e-13 1.16835e-13 7.36515e-14 4.39243e-14 2.49817e-14 1.36348e-14 7.1772e-15 3.65855e-15 1.81206e-15 8.74524e-16 4.12237e-16 1.90191e-16 8.60338e-17 3.82172e-17 1.66935e-17 7.17889e-18 3.04264e-18 1.27216e-18 5.2517e-19 2.14221e-19 8.64038e-20 3.44814e-20 1.3623e-20 5.33115e-21 2.0675e-21 7.94948e-22 3.03165e-22 1.14719e-22 4.30879e-23 1.60689e-23 5.95197e-24 2.19029e-24 8.00983e-25 2.91163e-25 1.0523e-25 3.78211e-26 1.35209e-26 4.80879e-27 1.7018e-27 5.99377e-28 2.10125e-28 7.33352e-29 2.54839e-29 8.81858e-30 3.03927e-30 1.04336e-30 3.56812e-31 1.21574e-31 4.12746e-32 1.3964e-32 4.70835e-33 1.58233e-33 5.30071e-34 1.77019e-34 5.89371e-35 1.95648e-35 6.47611e-36 2.13765e-36 7.03674e-37 2.3102e-37 7.56486e-38 2.47087e-38 8.05051e-39 2.61666e-39 8.48487e-40 2.74499e-40 8.86048e-41 2.85375e-41 9.17142e-42 2.94132e-42 9.41347e-43 3.00663e-43 9.58409e-44 3.04916e-44 9.68243e-45 3.06889e-45 9.70925e-46 3.0663e-46 9.6668e-47 3.04232e-47 9.55861e-48 2.99824e-48 9.38932e-49 2.93569e-49 9.16446e-50 2.85652e-50 8.89023e-51 2.76278e-51 8.57328e-52 2.65661e-52 8.22051e-53 2.54021e-53 7.83885e-54 2.41577e-54 7.43512e-55
2.02074e-14 5.34014e-14 8.1329e-14 9.28864e-14 8.80353e-14 7.29694e-14 5.45881e-14 3.76313e-14 2.4256e-14 1.47759e-14 8.57594e-15 4.77274e-15 2.55986e-15 1.3287e-15 6.69713e-16 3.28737e-16 1.57531e-16 7.38495e-17 3.39297e-17 1.5302e-17 6.7835e-18 2.95956e-18 1.27216e-18 5.39283e-19 2.25649e-19 9.32684e-20 3.8109e-20 1.54026e-20 6.16159e-21 2.44093e-21 9.58072e-22 3.72752e-22 1.43815e-22 5.5045e-23 2.09084e-23 7.88417e-24 2.95231e-24 1.09815e-24 4.05861e-25 1.49079e-25 5.44361e-26 1.97643e-26 7.13668e-27 2.56339e-27 9.1605e-28 3.25752e-28 1.1529e-28 4.06162e-29 1.42455e-29 4.97496e-30 1.73018e-30 5.99296e-31 2.06772e-31 7.10709e-32 2.43384e-32 8.30499e-33 2.82407e-33 9.57069e-34 3.23284e-34 1.08852e-34 3.65371e-35 1.22269e-35 4.07958e-36 1.35727e-36 4.50293e-37 1.48983e-37 4.91608e-38 1.61796e-38 5.31146e-39 1.73932e-39 5.68186e-40 1.8517e-40 6.02067e-41 1.95314e-41 6.32207e-42 2.04193e-42 6.58116e-43 2.1167e-43 6.79412e-44 2.17641e-44 6.95826e-45 2.22039e-45 7.07201e-46 2.24832e-46 7.13495e-47 2.26024e-47 7.14771e-48 2.25652e-48 7.11191e-49 2.2378e-49 7.03004e-50 2.205e-50 6.90534e-51 2.15923e-51 6.74161e-52 2.10179e-52 6.54314e-53 2.03407e-53 6.3145e-54 1.95756e-54 6.06045e-55
5.27824e-15 1.44952e-14 2.28305e-14 2.68764e-14 2.61901e-14 2.22754e-14 1.7072e-14 1.20407e-14 7.9311e-15 4.93224e-15 2.91989e-15 1.65617e-15 9.04694e-16 4.77952e-16 2.45056e-16 1.22297e-16 5.9554e-17 2.83581e-17 1.32286e-17 6.05501e-18 2.7233e-18 1.20503e-18 5.2517e-19 2.25649e-19 9.56723e-20 4.00594e-20 1.65769e-20 6.78378e-21 2.74707e-21 1.10138e-21 4.37415e-22 1.72163e-22 6.71841e-23 2.60042e-23 9.98688e-24 3.80694e-24 1.44086e-24 5.41617e-25 2.02261e-25 7.50574e-26 2.76848e-26 1.01521e-26 3.70197e-27 1.34263e-27 4.84412e-28 1.73893e-28 6.21206e-29 2.20874e-29 7.81765e-30 2.75482e-30 9.66622e-31 3.37772e-31 1.17557e-31 4.0755e-32 1.40758e-32 4.84365e-33 1.66082e-33 5.67503e-34 1.93263e-34 6.56001e-35 2.21959e-35 7.4867e-36 2.51763e-36 8.44133e-37 2.82214e-37 9.40865e-38 3.12814e-38 1.03725e-38 3.43039e-39 1.13161e-39 3.72366e-40 1.22232e-40 4.00279e-41 1.30777e-41 4.26296e-42 1.38651e-42 4.49973e-43 1.45721e-43 4.70925e-44 1.51877e-44 4.88831e-45 1.57027e-45 5.03443e-46 1.61105e-46 5.14589e-47 1.64068e-47 5.22172e-48 1.65899e-48 5.26172e-49 1.66602e-49 5.26642e-50 1.66205e-50 5.23699e-51 1.64755e-51 5.17518e-52 1.62314e-52 5.08324e-53 1.58961e-53 4.96383e-54 1.54785e-54 4.8199e-55
1.3787e-15 3.92895e-15 6.39273e-15 7.74983e-15 7.75843e-15 6.76639e-15 5.30934e-15 3.82883e-15 2.57588e-15 1.63453e-15 9.86514e-16 5.70033e-16 3.17e-16 1.70388e-16 8.88325e-17 4.50559e-17 2.22881e-17 1.07764e-17 5.10236e-18 2.36957e-18 1.08092e-18 4.84948e-19 2.14221e-19 9.32684e-20 4.00594e-20 1.69874e-20 7.1174e-21 2.94837e-21 1.2083e-21 4.90169e-22 1.96931e-22 7.83955e-23 3.09359e-23 1.21062e-23 4.6999e-24 1.81074e-24 6.92553e-25 2.63033e-25 9.92317e-26 3.71955e-26 1.3856e-26 5.1309e-27 1.8891e-27 6.91686e-28 2.51909e-28 9.12722e-29 3.29055e-29 1.18061e-29 4.2162e-30 1.49891e-30 5.30559e-31 1.87004e-31 6.56423e-32 2.29502e-32 7.99297e-33 2.77331e-33 9.58741e-34 3.30265e-34 1.13377e-34 3.87905e-35 1.32283e-35 4.49678e-36 1.52388e-36 5.14852e-37 1.73434e-37 5.82552e-38 1.95126e-38 6.51788e-39 2.17137e-39 7.21482e-40 2.39115e-40 7.90505e-41 2.607e-41 8.57711e-42 2.81531e-42 9.21974e-43 3.01259e-43 9.82222e-44 3.19557e-44 1.03747e-44 3.36129e-45 1.08683e-45 3.5072e-46 1.12958e-46 3.63117e-47 1.16511e-47 3.73158e-48 1.193e-48 3.80733e-49 1.21297e-49 3.85785e-50 1.22494e-50 3.88304e-51 1.22894e-51 3.88333e-52 1.22519e-52 3.85956e-53 1.21401e-53 3.81297e-54 1.19585e-54 3.74514e-55
3.60121e-16 1.06354e-15 1.78581e-15 2.22748e-15 2.28921e-15 2.04585e-15 1.64255e-15 1.2105e-15 8.31338e-16 5.38015e-16 3.309e-16 1.94701e-16 1.10183e-16 6.02315e-17 3.19192e-17 1.64479e-17 8.26251e-18 4.05518e-18 1.94819e-18 9.17691e-19 4.24462e-19 1.93027e-19 8.64038e-20 3.8109e-20 1.65769e-20 7.1174e-21 3.01861e-21 1.26549e-21 5.24745e-22 2.15339e-22 8.75006e-23 3.52227e-23 1.40524e-23 5.55873e-24 2.18104e-24 8.49117e-25 3.2812e-25 1.25891e-25 4.79707e-26 1.81592e-26 6.83071e-27 2.5538e-27 9.49202e-28 3.5081e-28 1.28948e-28 4.71482e-29 1.71516e-29 6.20875e-30 2.23684e-30 8.02162e-31 2.86384e-31 1.01801e-31 3.60357e-32 1.27041e-32 4.46102e-33 1.56047e-33 5.43817e-34 1.88831e-34 6.53368e-35 2.25294e-35 7.7426e-36 2.6522e-36 9.05622e-37 3.08277e-37 1.04622e-37 3.54019e-38 1.19448e-38 4.01896e-39 1.34852e-39 4.51272e-40 1.5062e-40 5.01435e-41 1.66518e-41 5.51628e-42 1.82302e-42 6.01064e-43 1.97722e-43 6.48953e-44 2.12529e-44 6.94524e-45 2.26486e-45 7.3705e-46 2.39372e-46 7.75865e-47 2.50988e-47 8.10384e-48 2.61164e-48 8.40113e-49 2.6976e-49 8.64664e-50 2.76669e-50 8.83756e-51 2.81822e-51 8.97223e-52 2.85182e-52 9.05007e-53 2.86749e-53 9.07159e-54 2.86555e-54 9.03826e-55 2.8466e-55
9.4065e-17 2.87541e-16 4.97767e-16 6.38302e-16 6.72944e-16 6.15886e-16 5.05661e-16 3.80624e-16 2.66719e-16 1.75964e-16 1.10238e-16 6.60241e-17 3.80079e-17 2.1123e-17 1.13744e-17 5.9528e-18 3.03574e-18 1.51191e-18 7.36791e-19 3.51927e-19 1.65004e-19 7.60388e-20 3.44814e-20 1.54026e-20 6.78378e-21 2.94837e-21 1.26549e-21 5.36791e-22 2.25162e-22 9.34506e-23 3.83971e-23 1.56263e-23 6.30167e-24 2.51928e-24 9.98821e-25 3.92869e-25 1.53357e-25 5.9428e-26 2.28685e-26 8.74108e-27 3.31958e-27 1.25285e-27 4.70014e-28 1.75312e-28 6.50269e-29 2.39902e-29 8.80475e-30 3.21525e-30 1.16842e-30 4.22606e-31 1.52156e-31 5.45409e-32 1.94666e-32 6.91908e-33 2.44935e-33 8.63666e-34 3.03377e-34 1.06171e-34 3.70222e-35 1.28644e-35 4.45482e-36 1.53753e-36 5.28938e-37 1.81389e-37 6.20117e-38 2.11363e-38 7.18299e-39 2.43408e-39 8.22522e-40 2.77185e-40 9.31601e-41 3.12287e-41 1.04416e-41 3.4825e-42 1.15865e-42 3.84569e-43 1.27344e-43 4.2071e-44 1.38679e-44 4.56125e-45 1.49699e-45 4.90268e-46 1.60232e-46 5.22612e-47 1.70116e-47 5.52663e-48 1.79202e-48 5.7997e-49 1.87355e-49 6.04141e-50 1.94463e-50 6.24847e-51 2.00431e-51 6.41831e-52 2.0519e-52 6.54912e-53 2.08696e-53 6.63986e-54 2.10926e-54 6.69022e-55 2.11884e-55
2.45701e-17 7.7651e-17 1.3846e-16 1.82394e-16 1.97131e-16 1.8465e-16 1.54949e-16 1.1907e-16 8.50946e-17 5.72054e-17 3.64904e-17 2.22374e-17 1.30173e-17 7.35233e-18 4.0216e-18 2.13693e-18 1.10597e-18 5.58784e-19 2.76146e-19 1.33713e-19 6.35328e-20 2.96615e-20 1.3623e-20 6.16159e-21 2.74707e-21 1.2083e-21 5.24745e-22 2.25162e-22 9.55203e-23 4.00873e-23 1.6652e-23 6.84995e-24 2.79173e-24 1.12774e-24 4.51718e-25 1.79476e-25 7.07582e-26 2.76896e-26 1.07586e-26 4.15163e-27 1.59153e-27 6.06257e-28 2.29532e-28 8.63907e-29 3.23312e-29 1.20334e-29 4.45505e-30 1.64092e-30 6.01399e-31 2.19356e-31 7.96369e-32 2.87817e-32 1.03565e-32 3.71079e-33 1.32411e-33 4.70587e-34 1.66595e-34 5.87539e-35 2.06448e-35 7.22808e-36 2.52184e-36 8.76865e-37 3.03883e-37 1.04972e-37 3.61469e-38 1.24088e-38 4.24703e-39 1.44932e-39 4.93175e-40 1.67348e-40 5.66307e-41 1.91127e-41 6.43363e-42 2.16013e-42 7.23462e-43 2.41707e-43 8.05601e-44 2.67875e-44 8.88678e-45 2.94157e-45 9.71527e-46 3.20178e-46 1.05295e-46 3.45556e-47 1.13173e-47 3.69914e-48 1.20671e-48 3.9289e-49 1.27678e-49 4.14148e-50 1.34092e-50 4.33382e-51 1.39822e-51 4.50328e-52 1.44792e-52 4.64767e-53 1.4894e-53 4.76529e-54 1.52222e-54 4.85497e-55 1.54607e-55
6.41781e-18 2.09472e-17 3.844e-17 5.19807e-17 5.75577e-17 5.51474e-17 4.72736e-17 3.70684e-17 2.70059e-17 1.8492e-17 1.20058e-17 7.4417e-18 4.42819e-18 2.54104e-18 1.41141e-18 7.61223e-19 3.99716e-19 2.04818e-19 1.02618e-19 5.03582e-20 2.42422e-20 1.14635e-20 5.33115e-21 2.44093e-21 1.10138e-21 4.90169e-22 2.15339e-22 9.34506e-23 4.00873e-23 1.70082e-23 7.1413e-24 2.96881e-24 1.22258e-24 4.98945e-25 2.01874e-25 8.10076e-26 3.22507e-26 1.27427e-26 4.99832e-27 1.94694e-27 7.53292e-28 2.89577e-28 1.10626e-28 4.20091e-29 1.58602e-29 5.95448e-30 2.22345e-30 8.2592e-31 3.05245e-31 1.12261e-31 4.1091e-32 1.49714e-32 5.43048e-33 1.96123e-33 7.05327e-34 2.52624e-34 9.01219e-35 3.20263e-35 1.13383e-35 3.99941e-36 1.40571e-36 4.92363e-37 1.71872e-37 5.97982e-38 2.07383e-38 7.16955e-39 2.47104e-39 8.49112e-40 2.90925e-40 9.93927e-41 3.38622e-41 1.15051e-41 3.89857e-42 1.31761e-42 4.44177e-43 1.49362e-43 5.01025e-44 1.67664e-44 5.59754e-45 1.86447e-45 6.19635e-46 2.05473e-46 6.79883e-47 2.24486e-47 7.39673e-48 2.43221e-48 7.98165e-49 2.61413e-49 8.54522e-50 2.78801e-50 9.07939e-51 2.95137e-51 9.57653e-52 3.10189e-52 1.00297e-52 3.23751e-53 1.04329e-53 3.35646e-54 1.07809e-54 3.45726e-55 1.10695e-55
1.67636e-18 5.64507e-18 1.06525e-17 1.4777e-17 1.67534e-17 1.64104e-17 1.43635e-17 1.14874e-17 8.52806e-18 5.94558e-18 3.92743e-18 2.47524e-18 1.49674e-18 8.72323e-19 4.91874e-19 2.69189e-19 1.43372e-19 7.44875e-20 3.78258e-20 1.8808e-20 9.17105e-21 4.39147e-21 2.0675e-21 9.58072e-22 4.37415e-22 1.96931e-22 8.75006e-23 3.83971e-23 1.6652e-23 7.1413e-24 3.03024e-24 1.27288e-24 5.29564e-25 2.18302e-25 8.92042e-26 3.61464e-26 1.45295e-26 5.79546e-27 2.29461e-27 9.0207e-28 3.52208e-28 1.36615e-28 5.2655e-29 2.01708e-29 7.68144e-30 2.9086e-30 1.09529e-30 4.10263e-31 1.52881e-31 5.66855e-32 2.09165e-32 7.68185e-33 2.80844e-33 1.02222e-33 3.70474e-34 1.33709e-34 4.8062e-35 1.7208e-35 6.13749e-36 2.18087e-36 7.72124e-37 2.72399e-37 9.57688e-38 3.35567e-38 1.17195e-38 4.07984e-39 1.41586e-39 4.89857e-40 1.68975e-40 5.81179e-41 1.99324e-41 6.81708e-42 2.32517e-42 7.90956e-43 2.6836e-43 9.08185e-44 3.06581e-44 1.03241e-44 3.46833e-45 1.16243e-45 3.887e-46 1.29683e-46 4.31707e-47 1.43401e-47 4.75327e-48 1.57227e-48 5.19003e-49 1.70978e-49 5.6215e-50 1.84469e-50 6.04181e-51 1.97515e-51 6.44516e-52 2.09935e-52 6.82596e-53 2.21558e-53 7.17901e-54 2.32226e-54 7.49958e-55 2.41799e-55 7.78353e-56
4.37871e-19 1.51985e-18 2.947e-18 4.19089e-18 4.86219e-18 4.86656e-18 4.34714e-18 3.54452e-18 2.68033e-18 1.90192e-18 1.2778e-18 8.18569e-19 5.02833e-19 2.97557e-19 1.70279e-19 9.45344e-20 5.10564e-20 2.68882e-20 1.3836e-20 6.96901e-21 3.4413e-21 1.66827e-21 7.94948e-22 3.72752e-22 1.72163e-22 7.83955e-23 3.52227e-23 1.56263e-23 6.84995e-24 2.96881e-24 1.27288e-24 5.40173e-25 2.27e-25 9.45061e-26 3.89958e-26 1.59538e-26 6.47379e-27 2.60642e-27 1.0415e-27 4.13172e-28 1.62771e-28 6.36962e-29 2.47653e-29 9.56907e-30 3.67523e-30 1.40338e-30 5.32883e-31 2.01247e-31 7.56041e-32 2.82586e-32 1.05103e-32 3.89048e-33 1.43343e-33 5.25769e-34 1.92005e-34 6.9821e-35 2.52851e-35 9.12007e-36 3.27668e-36 1.17278e-36 4.18204e-37 1.48591e-37 5.26097e-38 1.85631e-38 6.52798e-39 2.28818e-39 7.99492e-40 2.78475e-40 9.67026e-41 3.3481e-41 1.15584e-41 3.97889e-42 1.3659e-42 4.67625e-43 1.59669e-43 5.43768e-44 1.84714e-44 6.25894e-45 2.11563e-45 7.13411e-46 2.40005e-46 8.05563e-47 2.69774e-47 9.01445e-48 3.00563e-48 1.00001e-48 3.32024e-49 1.10013e-49 3.63781e-50 1.20055e-50 3.95434e-51 1.29999e-51 4.26573e-52 1.39716e-52 4.56785e-53 1.49075e-53 4.85667e-54 1.57952e-54 5.12833e-55 1.66228e-55 5.37926e-56
1.14374e-19 4.08834e-19 8.13967e-19 1.18593e-18 1.4072e-18 1.4385e-18 1.31082e-18 1.08921e-18 8.38649e-19 6.05466e-19 4.13591e-19 2.69223e-19 1.67954e-19 1.00886e-19 5.85752e-20 3.29804e-20 1.80576e-20 9.63743e-21 5.02405e-21 2.56284e-21 1.28131e-21 6.28721e-22 3.03165e-22 1.43815e-22 6.71841e-23 3.09359e-23 1.40524e-23 6.30167e-24 2.79173e-24 1.22258e-24 5.29564e-25 2.27e-25 9.6341e-26 4.05017e-26 1.68731e-26 6.9686e-27 2.8542e-27 1.15973e-27 4.67633e-28 1.87179e-28 7.43931e-29 2.93662e-29 1.15162e-29 4.48768e-30 1.73811e-30 6.69218e-31 2.56199e-31 9.75416e-32 3.69386e-32 1.39163e-32 5.21657e-33 1.94596e-33 7.22493e-34 2.67019e-34 9.82469e-35 3.59928e-35 1.31307e-35 4.77069e-36 1.72642e-36 6.22343e-37 2.23498e-37 7.99684e-38 2.85107e-38 1.01293e-38 3.58648e-39 1.26565e-39 4.45191e-40 1.561e-40 5.45648e-41 1.90155e-41 6.60721e-42 2.28913e-42 7.90852e-43 2.72469e-43 9.36183e-44 3.20814e-44 1.09652e-44 3.73834e-45 1.27132e-45 4.31295e-46 1.45966e-46 4.92848e-47 1.66025e-47 5.58027e-48 1.87144e-48 6.26257e-49 2.09124e-49 6.96864e-50 2.31739e-50 7.69087e-51 2.54737e-51 8.42098e-52 2.77846e-52 9.15016e-53 3.00782e-53 9.86931e-54 3.23256e-54 1.05693e-54 3.4498e-55 1.1241e-55 3.65672e-56
