0.605096 0.0198259 0.0152206 0.011685 0.00897075 0.00688695 0.00528719 0.00405904 0.00311618 0.00239233 0.00183662 0.00140999 0.00108247 0.000831024 0.000637987 0.00048979 0.000376018 0.000288673 0.000221618 0.000170139 0.000130618 0.000100277 7.69836e-05 5.91012e-05 4.53727e-05 3.48332e-05 2.67419e-05 2.053e-05 1.57612e-05 1.21e-05 9.28934e-06 7.13154e-06 5.47496e-06 4.2032e-06 3.22684e-06 2.47729e-06 1.90184e-06 1.46007e-06 1.12091e-06 8.60537e-07 6.60644e-07 5.07185e-07 3.89372e-07 2.98925e-07 2.29489e-07 1.76181e-07 1.35256e-07 1.03838e-07 7.97176e-08 6.12002e-08 4.69841e-08 3.60703e-08 2.76916e-08 2.12591e-08 1.63209e-08 1.25298e-08 9.61924e-09 7.3848e-09 5.6694e-09 4.35247e-09 3.34144e-09 2.56527e-09 1.96938e-09 1.51192e-09 1.16072e-09 8.91098e-10 6.84107e-10 5.25197e-10 4.032e-10 3.09541e-10 2.37639e-10 1.82438e-10 1.4006e-10 1.07526e-10 8.25487e-11 6.33736e-11 4.86527e-11 3.73513e-11 2.8675e-11 2.20141e-11 1.69005e-11 1.29747e-11 9.96086e-12 7.64707e-12 5.87075e-12 4.50704e-12 3.46011e-12 2.65637e-12 2.03933e-12 1.56561e-12 1.20194e-12 9.22745e-13 7.08402e-13 5.43849e-13 4.17519e-13 3.20534e-13 2.46078e-13 1.88917e-13 1.45034e-13 1.11344e-13 8.54803e-14
0.0198259 0.00607521 0.00496635 0.00404484 0.00328347 0.00265756 0.00214527 0.00172758 0.00138818 0.00111325 0.000891135 0.000712143 0.000568223 0.000452739 0.000360246 0.000286295 0.000227261 0.000180205 0.000142748 0.000112969 8.93223e-05 7.05657e-05 5.57034e-05 4.39381e-05 3.46331e-05 2.72802e-05 2.14745e-05 1.68941e-05 1.32829e-05 1.04378e-05 8.19772e-06 6.43515e-06 5.0491e-06 3.95975e-06 3.10404e-06 2.43222e-06 1.90502e-06 1.49151e-06 1.16732e-06 9.13258e-07 7.14242e-07 5.58407e-07 4.3643e-07 3.40991e-07 2.66341e-07 2.07973e-07 1.6235e-07 1.26701e-07 9.88532e-08 7.71065e-08 6.01289e-08 4.68782e-08 3.6539e-08 2.84737e-08 2.21838e-08 1.72797e-08 1.34569e-08 1.04777e-08 8.15648e-09 6.34828e-09 4.94003e-09 3.84348e-09 2.9898e-09 2.32534e-09 1.80825e-09 1.40591e-09 1.09293e-09 8.49485e-10 6.60169e-10 5.12969e-10 3.98533e-10 3.09582e-10 2.40452e-10 1.86734e-10 1.44998e-10 1.12575e-10 8.73918e-11 6.78337e-11 5.26464e-11 4.08545e-11 3.17002e-11 2.45944e-11 1.90793e-11 1.47993e-11 1.14782e-11 8.90148e-12 6.9025e-12 5.3519e-12 4.14923e-12 3.21651e-12 2.49323e-12 1.93241e-12 1.49761e-12 1.16053e-12 8.9925e-13 6.96732e-13 5.39778e-13 4.18146e-13 3.23897e-13 2.50871e-13 1.94295e-13
0.0152206 0.00496635 0.00413749 0.00343033 0.00283199 0.00232925 0.00190935 0.00156045 0.00127184 0.00103406 0.000838846 0.000679084 0.000548709 0.000442589 0.000356414 0.000286587 0.000230116 0.000184531 0.000147794 0.000118235 9.44851e-05 7.54287e-05 6.01577e-05 4.79345e-05 3.81619e-05 3.03567e-05 2.4129e-05 1.91647e-05 1.5211e-05 1.20647e-05 9.56308e-06 7.57546e-06 5.9974e-06 4.74537e-06 3.75267e-06 2.96609e-06 2.34319e-06 1.85022e-06 1.46027e-06 1.15199e-06 9.08401e-07 7.16017e-07 5.64148e-07 4.44318e-07 3.49808e-07 2.753e-07 2.16585e-07 1.70334e-07 1.33916e-07 1.05249e-07 8.26937e-08 6.49519e-08 5.10016e-08 4.00359e-08 3.14192e-08 2.46503e-08 1.93345e-08 1.51612e-08 1.18857e-08 9.31552e-09 7.2994e-09 5.71829e-09 4.47865e-09 3.50696e-09 2.7455e-09 2.14892e-09 1.68162e-09 1.31568e-09 1.02917e-09 8.0489e-10 6.29371e-10 4.92035e-10 3.84598e-10 3.00567e-10 2.34856e-10 1.83479e-10 1.43318e-10 1.11929e-10 8.74011e-11 6.82375e-11 5.32675e-11 4.15754e-11 3.24449e-11 2.53159e-11 1.97505e-11 1.54065e-11 1.20163e-11 9.3708e-12 7.30679e-12 5.69666e-12 4.44078e-12 3.46133e-12 2.69758e-12 2.10209e-12 1.63787e-12 1.27601e-12 9.93988e-13 7.74209e-13 6.02958e-13 4.69536e-13 3.65597e-13
0.011685 0.00404484 0.00343033 0.00289155 0.00242457 0.00202363 0.0016821 0.00139312 0.00115002 0.000946543 0.000776977 0.000636228 0.000519806 0.000423811 0.000344884 0.000280159 0.000227206 0.000183978 0.000148761 0.000120122 9.68742e-05 7.80321e-05 6.27839e-05 5.04615e-05 4.05165e-05 3.25002e-05 2.60462e-05 2.08557e-05 1.66858e-05 1.3339e-05 1.06555e-05 8.50563e-06 6.78483e-06 5.40858e-06 4.30874e-06 3.43044e-06 2.72956e-06 2.17065e-06 1.72523e-06 1.37049e-06 1.08814e-06 8.6353e-07 6.84958e-07 5.43063e-07 4.3037e-07 3.40916e-07 2.69942e-07 2.13657e-07 1.69041e-07 1.33691e-07 1.05694e-07 8.35299e-08 6.59905e-08 5.21161e-08 4.11451e-08 3.24732e-08 2.56209e-08 2.02083e-08 1.59344e-08 1.25607e-08 9.89854e-09 7.79841e-09 6.14219e-09 4.83644e-09 3.80728e-09 2.99637e-09 2.35759e-09 1.85454e-09 1.45848e-09 1.14674e-09 9.01429e-10 7.08437e-10 5.56644e-10 4.37281e-10 3.43442e-10 2.69686e-10 2.11727e-10 1.66191e-10 1.30424e-10 1.02335e-10 8.02804e-11 6.29676e-11 4.93796e-11 3.8717e-11 3.03515e-11 2.37896e-11 1.86432e-11 1.46078e-11 1.1444e-11 8.96403e-12 7.0204e-12 5.49736e-12 4.30409e-12 3.36934e-12 2.63721e-12 2.06388e-12 1.61496e-12 1.26352e-12 9.88416e-13 7.73109e-13 6.04624e-13
0.00897075 0.00328347 0.00283199 0.00242457 0.00206261 0.00174504 0.00146922 0.00123171 0.00102865 0.000856113 0.000710303 0.00058766 0.000484937 0.000399219 0.000327934 0.000268831 0.000219965 0.000179666 0.00014651 0.000119288 9.69845e-05 7.87438e-05 6.38518e-05 5.17134e-05 4.18345e-05 3.38058e-05 2.72897e-05 2.20079e-05 1.77316e-05 1.42735e-05 1.14799e-05 9.22549e-06 7.40797e-06 5.94403e-06 4.76593e-06 3.81867e-06 3.05763e-06 2.44669e-06 1.9566e-06 1.56373e-06 1.24903e-06 9.97103e-07 7.95558e-07 6.34419e-07 5.05662e-07 4.02839e-07 3.20771e-07 2.55305e-07 2.03108e-07 1.61513e-07 1.28382e-07 1.02005e-07 8.10148e-08 6.4319e-08 5.10446e-08 4.04948e-08 3.21139e-08 2.54587e-08 2.01757e-08 1.59837e-08 1.26586e-08 1.0022e-08 7.93215e-09 6.27617e-09 4.96444e-09 3.92572e-09 3.10346e-09 2.45275e-09 1.93795e-09 1.53079e-09 1.20887e-09 9.54398e-10 7.53308e-10 5.94443e-10 4.68969e-10 3.69893e-10 2.91681e-10 2.29955e-10 1.81251e-10 1.42832e-10 1.12533e-10 8.8642e-11 6.98091e-11 5.49664e-11 4.3271e-11 3.40574e-11 2.68005e-11 2.1086e-11 1.65869e-11 1.30454e-11 1.02582e-11 8.0651e-12 6.33977e-12 4.98268e-12 3.91544e-12 3.07629e-12 2.41659e-12 1.89806e-12 1.49056e-12 1.17036e-12 9.18812e-13
0.00688695 0.00265756 0.00232925 0.00202363 0.00174504 0.00149516 0.00127391 0.00108007 0.000911723 0.000766609 0.000642321 0.000536464 0.000446747 0.000371041 0.000307407 0.000254108 0.000209607 0.000172561 0.000141802 0.000116326 9.52741e-05 7.79137e-05 6.36258e-05 5.18879e-05 4.22615e-05 3.43793e-05 2.79351e-05 2.26739e-05 1.83844e-05 1.48915e-05 1.20508e-05 9.7431e-06 7.87043e-06 6.35238e-06 5.123e-06 4.12836e-06 3.32435e-06 2.67501e-06 2.15102e-06 1.72852e-06 1.38811e-06 1.11405e-06 8.93559e-07 7.16292e-07 5.73869e-07 4.59513e-07 3.67751e-07 2.94163e-07 2.35182e-07 1.87937e-07 1.50112e-07 1.19845e-07 9.56382e-08 7.62879e-08 6.08271e-08 4.84797e-08 3.86234e-08 3.07589e-08 2.44865e-08 1.9486e-08 1.5501e-08 1.23266e-08 9.79894e-09 7.78695e-09 6.18605e-09 4.91269e-09 3.90021e-09 3.09545e-09 2.456e-09 1.94807e-09 1.54474e-09 1.22457e-09 9.70491e-10 7.6892e-10 6.09053e-10 4.82299e-10 3.81827e-10 3.02209e-10 2.39134e-10 1.89177e-10 1.49622e-10 1.1831e-10 9.35288e-11 7.39219e-11 5.84124e-11 4.6147e-11 3.64492e-11 2.87834e-11 2.27252e-11 1.79384e-11 1.41571e-11 1.11707e-11 8.81258e-12 6.95093e-12 5.48153e-12 4.32196e-12 3.40707e-12 2.68537e-12 2.11617e-12 1.66734e-12 1.31347e-12
0.00528719 0.00214527 0.00190935 0.0016821 0.00146922 0.00127391 0.00109757 0.00094041 0.000801803 0.00068064 0.000575518 0.000484905 0.00040724 0.000341004 0.000284766 0.000237208 0.000197134 0.000163477 0.000135294 0.000111759 9.21549e-05 7.58638e-05 6.23551e-05 5.11762e-05 4.19427e-05 3.43297e-05 2.80631e-05 2.2913e-05 1.86867e-05 1.52234e-05 1.2389e-05 1.00723e-05 8.18105e-06 6.63882e-06 5.38259e-06 4.36039e-06 3.52945e-06 2.85462e-06 2.30708e-06 1.86321e-06 1.50368e-06 1.2127e-06 9.77392e-07 7.87241e-07 6.33694e-07 5.09792e-07 4.0988e-07 3.29364e-07 2.64521e-07 2.12331e-07 1.70352e-07 1.36603e-07 1.09488e-07 8.77133e-08 7.0237e-08 5.62175e-08 4.49767e-08 3.59682e-08 2.87522e-08 2.29745e-08 1.83506e-08 1.46517e-08 1.16939e-08 9.32981e-09 7.44097e-09 5.93244e-09 4.72812e-09 3.76701e-09 3.00028e-09 2.38884e-09 1.90141e-09 1.51297e-09 1.20352e-09 9.57074e-10 7.60873e-10 6.04721e-10 4.80481e-10 3.81662e-10 3.03084e-10 2.40621e-10 1.90982e-10 1.51544e-10 1.2022e-10 9.53471e-11 7.56021e-11 5.99318e-11 4.74984e-11 3.76359e-11 2.98144e-11 2.36132e-11 1.86977e-11 1.48023e-11 1.17159e-11 9.2712e-12 7.3351e-12 5.80214e-12 4.58865e-12 3.62824e-12 2.8683e-12 2.2671e-12 1.79158e-12
0.00405904 0.00172758 0.00156045 0.00139312 0.00123171 0.00108007 0.00094041 0.000813775 0.00070038 0.000599885 0.000511594 0.000434601 0.000367892 0.000310418 0.000261149 0.000219101 0.00018336 0.00015309 0.000127538 0.000106035 8.79885e-05 7.28823e-05 6.02676e-05 4.97566e-05 4.10168e-05 3.37638e-05 2.77555e-05 2.27869e-05 1.86847e-05 1.5303e-05 1.25193e-05 1.02309e-05 8.35224e-06 6.81181e-06 5.55023e-06 4.51819e-06 3.67483e-06 2.98637e-06 2.42492e-06 1.96748e-06 1.59512e-06 1.29229e-06 1.04621e-06 8.46411e-07 6.84315e-07 5.52906e-07 4.46454e-07 3.6028e-07 2.90569e-07 2.34213e-07 1.88683e-07 1.51922e-07 1.22259e-07 9.83378e-08 7.90578e-08 6.35272e-08 5.10235e-08 4.0962e-08 3.28699e-08 2.63649e-08 2.11382e-08 1.69407e-08 1.35711e-08 1.08675e-08 8.69908e-09 6.9607e-09 5.56764e-09 4.45176e-09 3.55826e-09 2.84311e-09 2.27091e-09 1.81327e-09 1.44738e-09 1.15495e-09 9.21315e-10 7.34715e-10 5.85731e-10 4.66819e-10 3.7194e-10 2.9626e-10 2.35913e-10 1.87807e-10 1.4947e-10 1.18927e-10 9.46003e-11 7.52306e-11 5.98118e-11 4.75414e-11 3.7779e-11 3.00141e-11 2.38396e-11 1.89309e-11 1.50295e-11 1.19294e-11 9.46671e-12 7.51077e-12 5.95767e-12 4.72473e-12 3.74617e-12 2.96968e-12 2.35366e-12
0.00311618 0.00138818 0.00127184 0.00115002 0.00102865 0.000911723 0.000801803 0.00070038 0.000608166 0.000525324 0.000451642 0.000386657 0.000329758 0.000280253 0.00023742 0.000200543 0.000168934 0.000141949 0.000118995 9.95339e-05 8.30852e-05 6.92212e-05 5.7566e-05 4.77914e-05 3.96122e-05 3.27826e-05 2.70909e-05 2.23565e-05 1.84251e-05 1.5166e-05 1.24684e-05 1.02388e-05 8.39868e-06 6.882e-06 5.63349e-06 4.607e-06 3.76403e-06 3.07252e-06 2.50588e-06 2.04203e-06 1.66269e-06 1.35277e-06 1.09978e-06 8.9345e-07 7.25317e-07 5.88421e-07 4.77045e-07 3.86501e-07 3.12946e-07 2.53236e-07 2.04797e-07 1.65529e-07 1.33715e-07 1.07957e-07 8.71146e-08 7.02599e-08 5.66377e-08 4.56343e-08 3.6751e-08 2.95832e-08 2.38025e-08 1.91429e-08 1.53888e-08 1.23656e-08 9.93226e-09 7.97451e-09 6.40011e-09 5.13455e-09 4.11768e-09 3.30097e-09 2.64528e-09 2.11908e-09 1.69696e-09 1.35846e-09 1.08712e-09 8.69685e-10 6.95517e-10 5.56053e-10 4.44416e-10 3.55083e-10 2.83622e-10 2.26477e-10 1.80793e-10 1.44283e-10 1.15114e-10 9.18167e-11 7.32147e-11 5.8366e-11 4.65167e-11 3.70635e-11 2.9524e-11 2.35123e-11 1.87202e-11 1.49012e-11 1.18584e-11 9.43484e-12 7.50484e-12 5.96831e-12 4.7453e-12 3.77209e-12 2.99782e-12
0.00239233 0.00111325 0.00103406 0.000946543 0.000856113 0.000766609 0.00068064 0.000599885 0.000525324 0.000457429 0.000396299 0.000341783 0.000293558 0.000251197 0.000214215 0.000182104 0.000154358 0.000130488 0.000110033 9.25688e-05 7.77061e-05 6.5096e-05 5.4427e-05 4.54238e-05 3.78446e-05 3.14787e-05 2.61431e-05 2.168e-05 1.79536e-05 1.48479e-05 1.22637e-05 1.0117e-05 8.33626e-06 6.86129e-06 5.64122e-06 4.63332e-06 3.80171e-06 3.11639e-06 2.55225e-06 2.08838e-06 1.70735e-06 1.39468e-06 1.13836e-06 9.28428e-07 7.56642e-07 6.16193e-07 5.01461e-07 4.07812e-07 3.31432e-07 2.69184e-07 2.18491e-07 1.77236e-07 1.43685e-07 1.16419e-07 9.42734e-08 7.6299e-08 6.17187e-08 4.98986e-08 4.03219e-08 3.2567e-08 2.62909e-08 2.12143e-08 1.71101e-08 1.37937e-08 1.11152e-08 8.95296e-09 7.20832e-09 5.80126e-09 4.66698e-09 3.753e-09 3.01685e-09 2.42417e-09 1.94721e-09 1.56352e-09 1.25499e-09 1.00699e-09 8.07724e-10 6.47669e-10 5.19159e-10 4.16013e-10 3.33254e-10 2.66875e-10 2.13653e-10 1.70993e-10 1.3681e-10 1.09429e-10 8.75028e-11 6.99504e-11 5.59034e-11 4.46651e-11 3.56765e-11 2.84893e-11 2.27441e-11 1.81529e-11 1.44848e-11 1.15551e-11 9.21571e-12 7.34818e-12 5.85772e-12 4.66849e-12 3.71984e-12
0.00183662 0.000891135 0.000838846 0.000776977 0.000710303 0.000642321 0.000575518 0.000511594 0.000451642 0.000396299 0.000345863 0.000300386 0.000259749 0.000223718 0.000191986 0.000164206 0.000140014 0.000119046 0.00010095 8.53927e-05 7.20662e-05 6.06875e-05 5.10011e-05 4.27783e-05 3.58159e-05 2.99351e-05 2.4979e-05 2.08111e-05 1.73129e-05 1.43825e-05 1.1932e-05 9.88626e-06 8.18117e-06 6.76216e-06 5.58294e-06 4.60434e-06 3.7933e-06 3.12196e-06 2.56694e-06 2.10862e-06 1.73056e-06 1.41904e-06 1.16262e-06 9.51751e-07 7.78514e-07 6.36321e-07 5.19713e-07 4.24168e-07 3.45945e-07 2.81957e-07 2.29652e-07 1.8693e-07 1.52061e-07 1.23621e-07 1.0044e-07 8.15594e-08 6.61906e-08 5.36885e-08 4.35245e-08 3.52663e-08 2.85605e-08 2.31182e-08 1.87039e-08 1.51254e-08 1.22258e-08 9.87761e-09 7.97689e-09 6.43913e-09 5.19561e-09 4.19049e-09 3.37844e-09 2.72267e-09 2.19333e-09 1.76623e-09 1.42176e-09 1.14405e-09 9.20253e-10 7.39973e-10 5.94803e-10 4.7795e-10 3.83925e-10 3.08295e-10 2.47484e-10 1.98605e-10 1.5933e-10 1.27782e-10 1.0245e-10 8.21159e-11 6.57983e-11 5.27082e-11 4.22103e-11 3.37939e-11 2.70483e-11 2.16434e-11 1.73139e-11 1.38469e-11 1.10713e-11 8.84982e-12 7.07233e-12 5.65046e-12 4.51337e-12
0.00140999 0.000712143 0.000679084 0.000636228 0.00058766 0.000536464 0.000484905 0.000434601 0.000386657 0.000341783 0.000300386 0.000262649 0.00022859 0.000198112 0.00017104 0.000147147 0.000126181 0.000107877 9.19706e-05 7.82056e-05 6.63388e-05 5.61441e-05 4.74141e-05 3.99604e-05 3.3614e-05 2.82244e-05 2.36582e-05 1.97983e-05 1.65425e-05 1.38016e-05 1.14985e-05 9.5668e-06 7.94932e-06 6.59711e-06 5.4684e-06 4.52762e-06 3.74457e-06 3.09367e-06 2.5533e-06 2.10525e-06 1.73417e-06 1.42719e-06 1.17351e-06 9.64092e-07 7.91389e-07 6.49101e-07 5.3198e-07 4.35662e-07 3.56521e-07 2.91549e-07 2.38252e-07 1.94567e-07 1.58788e-07 1.29505e-07 1.05557e-07 8.59859e-08 7.00019e-08 5.69565e-08 4.63162e-08 3.7643e-08 3.05777e-08 2.48256e-08 2.01452e-08 1.63391e-08 1.32457e-08 1.07328e-08 8.69261e-09 7.03703e-09 5.69423e-09 4.60566e-09 3.7236e-09 3.0092e-09 2.43088e-09 1.96291e-09 1.5844e-09 1.27839e-09 1.03109e-09 8.31317e-10 6.70008e-10 5.39806e-10 4.34753e-10 3.50023e-10 2.81712e-10 2.26656e-10 1.82301e-10 1.46578e-10 1.17818e-10 9.46719e-11 7.60496e-11 6.10719e-11 4.90296e-11 3.93503e-11 3.15729e-11 2.53255e-11 2.03086e-11 1.62811e-11 1.30488e-11 1.04555e-11 8.37534e-12 6.70733e-12 5.37016e-12
0.00108247 0.000568223 0.000548709 0.000519806 0.000484937 0.000446747 0.00040724 0.000367892 0.000329758 0.000293558 0.000259749 0.00022859 0.000200188 0.000174539 0.000151562 0.000131123 0.000113054 9.71666e-05 8.32674e-05 7.11615e-05 6.06603e-05 5.1585e-05 4.37686e-05 3.70578e-05 3.13131e-05 2.64088e-05 2.22325e-05 1.86846e-05 1.56774e-05 1.31338e-05 1.09866e-05 9.17745e-06 7.65582e-06 6.37819e-06 5.30716e-06 4.41069e-06 3.66144e-06 3.0361e-06 2.51488e-06 2.08099e-06 1.72026e-06 1.42069e-06 1.1722e-06 9.66312e-07 7.95892e-07 6.54976e-07 5.38571e-07 4.42504e-07 3.63294e-07 2.98041e-07 2.44331e-07 2.00159e-07 1.63861e-07 1.34055e-07 1.09601e-07 8.95502e-08 7.31228e-08 5.96731e-08 4.86687e-08 3.9671e-08 3.23187e-08 2.63147e-08 2.14147e-08 1.74181e-08 1.41601e-08 1.15058e-08 9.34453e-09 7.58562e-09 6.15492e-09 4.99178e-09 4.04665e-09 3.27903e-09 2.65588e-09 2.15025e-09 1.74017e-09 1.40773e-09 1.13835e-09 9.20155e-10 7.43501e-10 6.00537e-10 4.84885e-10 3.91364e-10 3.15769e-10 2.54686e-10 2.0535e-10 1.65515e-10 1.33363e-10 1.07422e-10 8.6499e-11 6.96295e-11 5.60327e-11 4.50773e-11 3.62529e-11 2.91475e-11 2.34279e-11 1.88253e-11 1.51226e-11 1.21449e-11 9.75078e-12 7.82654e-12 6.28037e-12
0.000831024 0.000452739 0.000442589 0.000423811 0.000399219 0.000371041 0.000341004 0.000310418 0.000280253 0.000251197 0.000223718 0.000198112 0.000174539 0.000153057 0.000133652 0.000116254 0.00010076 8.70432e-05 7.49631e-05 6.43751e-05 5.51351e-05 4.71033e-05 4.01469e-05 3.4142e-05 2.89746e-05 2.45406e-05 2.07462e-05 1.75071e-05 1.47487e-05 1.24049e-05 1.04174e-05 8.73542e-06 7.31468e-06 6.11673e-06 5.10834e-06 4.26087e-06 3.54973e-06 2.95387e-06 2.4553e-06 2.0387e-06 1.69103e-06 1.40125e-06 1.16001e-06 9.59402e-07 7.9277e-07 6.54506e-07 5.39897e-07 4.4499e-07 3.66474e-07 3.01577e-07 2.47985e-07 2.03768e-07 1.67315e-07 1.37288e-07 1.12574e-07 9.2248e-08 7.55435e-08 6.18253e-08 5.05674e-08 4.13348e-08 3.37683e-08 2.75713e-08 2.2499e-08 1.83499e-08 1.49581e-08 1.21869e-08 9.92408e-09 8.07741e-09 6.57119e-09 5.3433e-09 4.34283e-09 3.52808e-09 2.86491e-09 2.32538e-09 1.88664e-09 1.53004e-09 1.24033e-09 1.00507e-09 8.14108e-10 6.59173e-10 5.33519e-10 4.31656e-10 3.49112e-10 2.82251e-10 2.28113e-10 1.84295e-10 1.48843e-10 1.20169e-10 9.69875e-11 7.82521e-11 6.31155e-11 5.08907e-11 4.1021e-11 3.30552e-11 2.66282e-11 2.14445e-11 1.72648e-11 1.38958e-11 1.1181e-11 8.9941e-12 7.23292e-12
0.000637987 0.000360246 0.000356414 0.000344884 0.000327934 0.000307407 0.000284766 0.000261149 0.00023742 0.000214215 0.000191986 0.00017104 0.000151562 0.000133652 0.000117337 0.000102597 8.93747e-05 7.75884e-05 6.71413e-05 5.79281e-05 4.98402e-05 4.27698e-05 3.66127e-05 3.12696e-05 2.66482e-05 2.2663e-05 1.92362e-05 1.62973e-05 1.3783e-05 1.1637e-05 9.80939e-06 8.25612e-06 6.93862e-06 5.82316e-06 4.88043e-06 4.08502e-06 3.41499e-06 2.85144e-06 2.37814e-06 1.98119e-06 1.64873e-06 1.37063e-06 1.1383e-06 9.44433e-07 7.82848e-07 6.48319e-07 5.36435e-07 4.4348e-07 3.66328e-07 3.02355e-07 2.49358e-07 2.05494e-07 1.6922e-07 1.39249e-07 1.14506e-07 9.40954e-08 7.72713e-08 6.34142e-08 5.20091e-08 4.26289e-08 3.49195e-08 2.85874e-08 2.33901e-08 1.91269e-08 1.56322e-08 1.27691e-08 1.0425e-08 8.50678e-09 6.93804e-09 5.6558e-09 4.60831e-09 3.75305e-09 3.0551e-09 2.48582e-09 2.02172e-09 1.64355e-09 1.33554e-09 1.0848e-09 8.80775e-10 7.14831e-10 5.79922e-10 4.7029e-10 3.81237e-10 3.08931e-10 2.50246e-10 2.02636e-10 1.64024e-10 1.32724e-10 1.07359e-10 8.68123e-11 7.01743e-11 5.67065e-11 4.58085e-11 3.69932e-11 2.98649e-11 2.41027e-11 1.94464e-11 1.56849e-11 1.26473e-11 1.0195e-11 8.21581e-12
0.00048979 0.000286295 0.000286587 0.000280159 0.000268831 0.000254108 0.000237208 0.000219101 0.000200543 0.000182104 0.000164206 0.000147147 0.000131123 0.000116254 0.000102597 9.01631e-05 7.89291e-05 6.88475e-05 5.98543e-05 5.1875e-05 4.48296e-05 3.86363e-05 3.3214e-05 2.84844e-05 2.4373e-05 2.08106e-05 1.77328e-05 1.50812e-05 1.28026e-05 1.08493e-05 9.17877e-06 7.7531e-06 6.5389e-06 5.50682e-06 4.63116e-06 3.88951e-06 3.26241e-06 2.73302e-06 2.2868e-06 1.91122e-06 1.59555e-06 1.33059e-06 1.10847e-06 9.22504e-07 7.66991e-07 6.37092e-07 5.28711e-07 4.38378e-07 3.63167e-07 3.00608e-07 2.48624e-07 2.05467e-07 1.69672e-07 1.40008e-07 1.15446e-07 9.51256e-08 7.83281e-08 6.44533e-08 5.30015e-08 4.35566e-08 3.57724e-08 2.93614e-08 2.4085e-08 1.97453e-08 1.61784e-08 1.32484e-08 1.08432e-08 8.86988e-09 7.25191e-09 5.92606e-09 4.84019e-09 3.95136e-09 3.2242e-09 2.62962e-09 2.1437e-09 1.74678e-09 1.42272e-09 1.15828e-09 9.42588e-10 7.66739e-10 6.23441e-10 5.06719e-10 4.11686e-10 3.34346e-10 2.71431e-10 2.20273e-10 1.7869e-10 1.44904e-10 1.17465e-10 9.51876e-11 7.71087e-11 6.24422e-11 5.05484e-11 4.09066e-11 3.30932e-11 2.67636e-11 2.16378e-11 1.74883e-11 1.41302e-11 1.14136e-11 9.21644e-12
0.000376018 0.000227261 0.000230116 0.000227206 0.000219965 0.000209607 0.000197134 0.00018336 0.000168934 0.000154358 0.000140014 0.000126181 0.000113054 0.00010076 8.93747e-05 7.89291e-05 6.94241e-05 6.08371e-05 5.31287e-05 4.62483e-05 4.01385e-05 3.47383e-05 2.99855e-05 2.58188e-05 2.21791e-05 1.90103e-05 1.62602e-05 1.38802e-05 1.18261e-05 1.00578e-05 8.5392e-06 7.23797e-06 6.12537e-06 5.17598e-06 4.36742e-06 3.68004e-06 3.09672e-06 2.60251e-06 2.18446e-06 1.83138e-06 1.5336e-06 1.28282e-06 1.07189e-06 8.94711e-07 7.4607e-07 6.21516e-07 5.17268e-07 4.30111e-07 3.57322e-07 2.96595e-07 2.45983e-07 2.03841e-07 1.68785e-07 1.3965e-07 1.15457e-07 9.53857e-08 7.87475e-08 6.49664e-08 5.35607e-08 4.41282e-08 3.63334e-08 2.98966e-08 2.45851e-08 2.0205e-08 1.65955e-08 1.3623e-08 1.11767e-08 9.16456e-09 7.51065e-09 6.15197e-09 5.03647e-09 4.12116e-09 3.37052e-09 2.75526e-09 2.25124e-09 1.83857e-09 1.50085e-09 1.22461e-09 9.98782e-10 8.14242e-10 6.63517e-10 5.40467e-10 4.40056e-10 3.58156e-10 2.91383e-10 2.36966e-10 1.92639e-10 1.56544e-10 1.27166e-10 1.03263e-10 8.38235e-11 6.80194e-11 5.51758e-11 4.47422e-11 3.62694e-11 2.93913e-11 2.38099e-11 1.92821e-11 1.56105e-11 1.26341e-11 1.0222e-11
0.000288673 0.000180205 0.000184531 0.000183978 0.000179666 0.000172561 0.000163477 0.00015309 0.000141949 0.000130488 0.000119046 0.000107877 9.71666e-05 8.70432e-05 7.75884e-05 6.88475e-05 6.08371e-05 5.35522e-05 4.69716e-05 4.10632e-05 3.57869e-05 3.10982e-05 2.69503e-05 2.32959e-05 2.00883e-05 1.72828e-05 1.48369e-05 1.27109e-05 1.08683e-05 9.27551e-06 7.90206e-06 6.72056e-06 5.70642e-06 4.83778e-06 4.09525e-06 3.46171e-06 2.92215e-06 2.46342e-06 2.07406e-06 1.74408e-06 1.46487e-06 1.22894e-06 1.02987e-06 8.62116e-07 7.20941e-07 6.02278e-07 5.02657e-07 4.19117e-07 3.49141e-07 2.9059e-07 2.41648e-07 2.00781e-07 1.66688e-07 1.38275e-07 1.14616e-07 9.4933e-08 7.85727e-08 6.49852e-08 5.37098e-08 4.43605e-08 3.66143e-08 3.02011e-08 2.48954e-08 2.0509e-08 1.68853e-08 1.38936e-08 1.14253e-08 9.39022e-09 7.71333e-09 6.33245e-09 5.19602e-09 4.26131e-09 3.49296e-09 2.86171e-09 2.34339e-09 1.91803e-09 1.56914e-09 1.28311e-09 1.04875e-09 8.56806e-10 6.99688e-10 5.71135e-10 4.66004e-10 3.80068e-10 3.09852e-10 2.52507e-10 2.05694e-10 1.67495e-10 1.36337e-10 1.10934e-10 9.02311e-11 7.3365e-11 5.96303e-11 4.84498e-11 3.9352e-11 3.19517e-11 2.59343e-11 2.10432e-11 1.7069e-11 1.38409e-11 1.12198e-11
0.000221618 0.000142748 0.000147794 0.000148761 0.00014651 0.000141802 0.000135294 0.000127538 0.000118995 0.000110033 0.00010095 9.19706e-05 8.32674e-05 7.49631e-05 6.71413e-05 5.98543e-05 5.31287e-05 4.69716e-05 4.13754e-05 3.63212e-05 3.17826e-05 2.77279e-05 2.41227e-05 2.09308e-05 1.81159e-05 1.56427e-05 1.34769e-05 1.15864e-05 9.94101e-06 8.51291e-06 7.2766e-06 6.20896e-06 5.2891e-06 4.49829e-06 3.81984e-06 3.23892e-06 2.74245e-06 2.31891e-06 1.95821e-06 1.65151e-06 1.39114e-06 1.17044e-06 9.83631e-07 8.25723e-07 6.92425e-07 5.80044e-07 4.85415e-07 4.05829e-07 3.38971e-07 2.82869e-07 2.35841e-07 1.96462e-07 1.6352e-07 1.3599e-07 1.13005e-07 9.38323e-08 7.78533e-08 6.45478e-08 5.34777e-08 4.42751e-08 3.6631e-08 3.02863e-08 2.50242e-08 2.06632e-08 1.70516e-08 1.40626e-08 1.15906e-08 9.5476e-09 7.8602e-09 6.4674e-09 5.31848e-09 4.37132e-09 3.59095e-09 2.94837e-09 2.41955e-09 1.98459e-09 1.62704e-09 1.33327e-09 1.09202e-09 8.94022e-10 7.31591e-10 5.98406e-10 4.89253e-10 3.9984e-10 3.2663e-10 2.66715e-10 2.17701e-10 1.77624e-10 1.44868e-10 1.18107e-10 9.62527e-11 7.84131e-11 6.38564e-11 5.19831e-11 4.23025e-11 3.44126e-11 2.79846e-11 2.27495e-11 1.84876e-11 1.50191e-11 1.21974e-11
0.000170139 0.000112969 0.000118235 0.000120122 0.000119288 0.000116326 0.000111759 0.000106035 9.95339e-05 9.25688e-05 8.53927e-05 7.82056e-05 7.11615e-05 6.43751e-05 5.79281e-05 5.1875e-05 4.62483e-05 4.10632e-05 3.63212e-05 3.20135e-05 2.81239e-05 2.46307e-05 2.15091e-05 1.8732e-05 1.62716e-05 1.41e-05 1.21902e-05 1.0516e-05 9.05301e-06 7.77811e-06 6.67016e-06 5.70972e-06 4.87917e-06 4.16255e-06 3.54556e-06 3.01544e-06 2.56083e-06 2.17171e-06 1.83922e-06 1.55561e-06 1.31408e-06 1.10869e-06 9.34315e-07 7.86468e-07 6.6129e-07 5.55444e-07 4.66058e-07 3.90666e-07 3.27152e-07 2.73706e-07 2.28782e-07 1.91061e-07 1.59421e-07 1.32909e-07 1.10715e-07 9.21533e-08 7.6644e-08 6.36965e-08 5.28972e-08 4.3897e-08 3.64026e-08 3.01669e-08 2.49825e-08 2.06756e-08 1.71002e-08 1.41342e-08 1.16755e-08 9.63865e-09 7.9525e-09 6.55754e-09 5.40423e-09 4.4513e-09 3.66441e-09 3.01503e-09 2.47944e-09 2.03795e-09 1.67424e-09 1.37476e-09 1.12831e-09 9.25605e-10 7.58962e-10 6.22038e-10 5.09588e-10 4.17283e-10 3.4155e-10 2.79444e-10 2.28535e-10 1.86824e-10 1.52664e-10 1.24701e-10 1.0182e-10 8.31052e-11 6.78047e-11 5.53006e-11 4.50859e-11 3.67447e-11 2.99361e-11 2.43805e-11 1.98491e-11 1.61545e-11 1.31431e-11
0.000130618 8.93223e-05 9.44851e-05 9.68742e-05 9.69845e-05 9.52741e-05 9.21549e-05 8.79885e-05 8.30852e-05 7.77061e-05 7.20662e-05 6.63388e-05 6.06603e-05 5.51351e-05 4.98402e-05 4.48296e-05 4.01385e-05 3.57869e-05 3.17826e-05 2.81239e-05 2.48021e-05 2.18034e-05 1.91102e-05 1.67028e-05 1.45602e-05 1.26608e-05 1.09831e-05 9.5064e-06 8.21068e-06 7.07717e-06 6.08832e-06 5.22796e-06 4.48122e-06 3.83464e-06 3.27602e-06 2.79441e-06 2.38003e-06 2.02417e-06 1.71912e-06 1.4581e-06 1.2351e-06 1.04491e-06 8.82937e-07 7.45203e-07 6.28245e-07 5.29065e-07 4.4507e-07 3.74026e-07 3.14009e-07 2.63367e-07 2.20685e-07 1.84751e-07 1.54531e-07 1.29143e-07 1.07834e-07 8.99679e-08 7.50018e-08 6.24767e-08 5.20037e-08 4.32542e-08 3.59508e-08 2.98594e-08 2.47831e-08 2.05559e-08 1.70385e-08 1.41139e-08 1.16839e-08 9.66633e-09 7.99233e-09 6.60433e-09 5.45422e-09 4.50184e-09 3.7137e-09 3.06188e-09 2.52311e-09 2.07806e-09 1.71063e-09 1.40746e-09 1.15745e-09 9.51384e-10 7.81634e-10 6.41872e-10 5.26858e-10 4.32257e-10 3.54486e-10 2.9058e-10 2.38094e-10 1.95005e-10 1.59648e-10 1.30649e-10 1.06874e-10 8.73915e-11 7.14327e-11 5.83658e-11 4.76713e-11 3.8922e-11 3.17668e-11 2.59178e-11 2.11382e-11 1.7234e-11 1.40461e-11
0.000100277 7.05657e-05 7.54287e-05 7.80321e-05 7.87438e-05 7.79137e-05 7.58638e-05 7.28823e-05 6.92212e-05 6.5096e-05 6.06875e-05 5.61441e-05 5.1585e-05 4.71033e-05 4.27698e-05 3.86363e-05 3.47383e-05 3.10982e-05 2.77279e-05 2.46307e-05 2.18034e-05 1.92377e-05 1.69222e-05 1.48425e-05 1.29832e-05 1.13277e-05 9.85935e-06 8.56156e-06 7.41832e-06 6.41435e-06 5.53523e-06 4.76752e-06 4.09884e-06 3.51782e-06 3.01412e-06 2.57841e-06 2.20229e-06 1.87825e-06 1.59961e-06 1.36043e-06 1.15549e-06 9.80158e-07 8.30405e-07 7.02691e-07 5.93931e-07 5.01442e-07 4.22895e-07 3.56277e-07 2.99847e-07 2.52104e-07 2.11758e-07 1.77703e-07 1.48988e-07 1.24803e-07 1.04454e-07 8.73487e-08 7.2985e-08 6.09346e-08 5.08342e-08 4.23759e-08 3.52987e-08 2.93822e-08 2.44401e-08 2.03152e-08 1.68751e-08 1.40083e-08 1.1621e-08 9.63441e-09 7.98251e-09 6.60984e-09 5.46997e-09 4.52404e-09 3.73956e-09 3.08939e-09 2.55086e-09 2.10508e-09 1.73629e-09 1.43137e-09 1.1794e-09 9.71297e-10 7.99527e-10 6.57818e-10 5.40971e-10 4.44673e-10 3.65351e-10 3.00045e-10 2.46304e-10 2.02101e-10 1.65761e-10 1.35898e-10 1.1137e-10 9.12314e-11 7.47049e-11 6.11482e-11 5.00324e-11 4.09217e-11 3.34575e-11 2.73448e-11 2.23407e-11 1.82459e-11 1.48963e-11
7.69836e-05 5.57034e-05 6.01577e-05 6.27839e-05 6.38518e-05 6.36258e-05 6.23551e-05 6.02676e-05 5.7566e-05 5.4427e-05 5.10011e-05 4.74141e-05 4.37686e-05 4.01469e-05 3.66127e-05 3.3214e-05 2.99855e-05 2.69503e-05 2.41227e-05 2.15091e-05 1.91102e-05 1.69222e-05 1.49377e-05 1.31471e-05 1.1539e-05 1.0101e-05 8.82017e-06 7.68359e-06 6.67846e-06 5.79241e-06 5.01368e-06 4.3312e-06 3.73466e-06 3.21453e-06 2.76212e-06 2.36949e-06 2.02946e-06 1.7356e-06 1.48211e-06 1.26387e-06 1.0763e-06 9.15367e-07 7.7751e-07 6.59606e-07 5.58918e-07 4.73056e-07 3.99939e-07 3.37759e-07 2.84947e-07 2.40149e-07 2.02194e-07 1.70074e-07 1.42923e-07 1.19998e-07 1.00661e-07 8.43669e-08 7.06513e-08 5.9117e-08 4.94264e-08 4.12921e-08 3.44704e-08 2.87543e-08 2.39687e-08 1.99655e-08 1.66193e-08 1.38246e-08 1.14923e-08 9.54727e-09 7.9264e-09 6.57663e-09 5.4534e-09 4.51932e-09 3.74305e-09 3.09834e-09 2.56325e-09 2.1194e-09 1.75146e-09 1.44664e-09 1.19424e-09 9.85384e-10 8.12645e-10 6.69858e-10 5.51894e-10 4.54488e-10 3.741e-10 3.07789e-10 2.53118e-10 2.08067e-10 1.70959e-10 1.40409e-10 1.1527e-10 9.4593e-11 7.75932e-11 6.3623e-11 5.21475e-11 4.27251e-11 3.49919e-11 2.86476e-11 2.34448e-11 1.91799e-11 1.56852e-11
5.91012e-05 4.39381e-05 4.79345e-05 5.04615e-05 5.17134e-05 5.18879e-05 5.11762e-05 4.97566e-05 4.77914e-05 4.54238e-05 4.27783e-05 3.99604e-05 3.70578e-05 3.4142e-05 3.12696e-05 2.84844e-05 2.58188e-05 2.32959e-05 2.09308e-05 1.8732e-05 1.67028e-05 1.48425e-05 1.31471e-05 1.16102e-05 1.02237e-05 8.97861e-06 7.86505e-06 6.87294e-06 5.99218e-06 5.21285e-06 4.52543e-06 3.92082e-06 3.39052e-06 2.9266e-06 2.52173e-06 2.16923e-06 1.86299e-06 1.5975e-06 1.36779e-06 1.16943e-06 9.98447e-07 8.51319e-07 7.24931e-07 6.16532e-07 5.23706e-07 4.44334e-07 3.76562e-07 3.18775e-07 2.69567e-07 2.27717e-07 1.92171e-07 1.62014e-07 1.36459e-07 1.14828e-07 9.65388e-08 8.1091e-08 6.80567e-08 5.70696e-08 4.78173e-08 4.00331e-08 3.34901e-08 2.79952e-08 2.33846e-08 1.95191e-08 1.62811e-08 1.35709e-08 1.13041e-08 9.40978e-09 7.82781e-09 6.50766e-09 5.4068e-09 4.48943e-09 3.72549e-09 3.08973e-09 2.561e-09 2.12156e-09 1.75655e-09 1.45356e-09 1.20219e-09 9.93772e-10 8.21067e-10 6.78036e-10 5.59645e-10 4.61702e-10 3.80719e-10 3.13794e-10 2.58514e-10 2.12876e-10 1.75217e-10 1.44157e-10 1.18552e-10 9.74538e-11 8.00768e-11 6.57713e-11 5.39997e-11 4.43173e-11 3.63568e-11 2.98146e-11 2.44404e-11 2.00275e-11 1.64053e-11
4.53727e-05 3.46331e-05 3.81619e-05 4.05165e-05 4.18345e-05 4.22615e-05 4.19427e-05 4.10168e-05 3.96122e-05 3.78446e-05 3.58159e-05 3.3614e-05 3.13131e-05 2.89746e-05 2.66482e-05 2.4373e-05 2.21791e-05 2.00883e-05 1.81159e-05 1.62716e-05 1.45602e-05 1.29832e-05 1.1539e-05 1.02237e-05 9.03197e-06 7.95718e-06 6.99201e-06 6.12871e-06 5.35938e-06 4.67613e-06 4.07128e-06 3.53744e-06 3.06761e-06 2.65522e-06 2.29416e-06 1.97879e-06 1.70395e-06 1.46496e-06 1.25757e-06 1.07794e-06 9.22661e-07 7.88666e-07 6.73237e-07 5.73965e-07 4.88725e-07 4.15644e-07 3.5308e-07 2.99595e-07 2.53933e-07 2.15002e-07 1.81852e-07 1.53659e-07 1.29709e-07 1.09389e-07 9.21667e-08 7.7586e-08 6.52547e-08 5.48364e-08 4.6043e-08 3.86282e-08 3.23818e-08 2.71244e-08 2.27034e-08 1.8989e-08 1.58707e-08 1.32551e-08 1.1063e-08 9.22712e-09 7.69082e-09 6.40615e-09 5.33269e-09 4.43634e-09 3.68841e-09 3.06474e-09 2.54504e-09 2.11225e-09 1.75207e-09 1.45251e-09 1.20351e-09 9.96663e-10 8.24938e-10 6.8245e-10 5.64289e-10 4.66356e-10 3.85232e-10 3.18067e-10 2.62489e-10 2.16523e-10 1.78524e-10 1.47129e-10 1.21201e-10 9.97995e-11 8.21419e-11 6.75801e-11 5.55769e-11 4.5687e-11 3.7542e-11 3.0837e-11 2.53196e-11 2.07814e-11 1.70503e-11
3.48332e-05 2.72802e-05 3.03567e-05 3.25002e-05 3.38058e-05 3.43793e-05 3.43297e-05 3.37638e-05 3.27826e-05 3.14787e-05 2.99351e-05 2.82244e-05 2.64088e-05 2.45406e-05 2.2663e-05 2.08106e-05 1.90103e-05 1.72828e-05 1.56427e-05 1.41e-05 1.26608e-05 1.13277e-05 1.0101e-05 8.97861e-06 7.95718e-06 7.0321e-06 6.19801e-06 5.44904e-06 4.77906e-06 4.18187e-06 3.65133e-06 3.18146e-06 2.76653e-06 2.40113e-06 2.08018e-06 1.79897e-06 1.55315e-06 1.33875e-06 1.15214e-06 9.90052e-07 8.49532e-07 7.27935e-07 6.22898e-07 5.3232e-07 4.54337e-07 3.87302e-07 3.29766e-07 2.80453e-07 2.38248e-07 2.02175e-07 1.71382e-07 1.45131e-07 1.22778e-07 1.03767e-07 8.76169e-08 7.39124e-08 6.22957e-08 5.24589e-08 4.41378e-08 3.71057e-08 3.11687e-08 2.61609e-08 2.19407e-08 1.83875e-08 1.53982e-08 1.28857e-08 1.07755e-08 9.00462e-09 7.5197e-09 6.2755e-09 5.23377e-09 4.3622e-09 3.6335e-09 3.02469e-09 2.51638e-09 2.09227e-09 1.73863e-09 1.44396e-09 1.19856e-09 9.94328e-10 8.24456e-10 6.83247e-10 5.65932e-10 4.68524e-10 3.87689e-10 3.20643e-10 2.65065e-10 2.19018e-10 1.80885e-10 1.49324e-10 1.23214e-10 1.01625e-10 8.37817e-11 6.9042e-11 5.68715e-11 4.6827e-11 3.85407e-11 3.1708e-11 2.60763e-11 2.14365e-11 1.76154e-11
2.67419e-05 2.14745e-05 2.4129e-05 2.60462e-05 2.72897e-05 2.79351e-05 2.80631e-05 2.77555e-05 2.70909e-05 2.61431e-05 2.4979e-05 2.36582e-05 2.22325e-05 2.07462e-05 1.92362e-05 1.77328e-05 1.62602e-05 1.48369e-05 1.34769e-05 1.21902e-05 1.09831e-05 9.85935e-06 8.82017e-06 7.86505e-06 6.99201e-06 6.19801e-06 5.47922e-06 4.83128e-06 4.24951e-06 3.72906e-06 3.26507e-06 2.85273e-06 2.4874e-06 2.16463e-06 1.88022e-06 1.63026e-06 1.4111e-06 1.21938e-06 1.05203e-06 9.06247e-07 7.79512e-07 6.69542e-07 5.74292e-07 4.91933e-07 4.20841e-07 3.59572e-07 3.0685e-07 2.61551e-07 2.22685e-07 1.89384e-07 1.60889e-07 1.36539e-07 1.15757e-07 9.80403e-08 8.29554e-08 7.01257e-08 5.9226e-08 4.99759e-08 4.21339e-08 3.54923e-08 2.98729e-08 2.51229e-08 2.11115e-08 1.77269e-08 1.48738e-08 1.24706e-08 1.04482e-08 8.74766e-09 7.31881e-09 6.11922e-09 5.11286e-09 4.26924e-09 3.56255e-09 2.971e-09 2.47615e-09 2.0625e-09 1.71694e-09 1.42845e-09 1.18777e-09 9.87089e-10 8.1987e-10 6.80614e-10 5.64715e-10 4.6831e-10 3.88166e-10 3.21577e-10 2.66281e-10 2.20387e-10 1.82317e-10 1.50752e-10 1.24596e-10 1.02931e-10 8.49957e-11 7.01548e-11 5.78804e-11 4.77334e-11 3.93488e-11 3.24237e-11 2.67066e-11 2.19888e-11 1.80973e-11
2.053e-05 1.68941e-05 1.91647e-05 2.08557e-05 2.20079e-05 2.26739e-05 2.2913e-05 2.27869e-05 2.23565e-05 2.168e-05 2.08111e-05 1.97983e-05 1.86846e-05 1.75071e-05 1.62973e-05 1.50812e-05 1.38802e-05 1.27109e-05 1.15864e-05 1.0516e-05 9.5064e-06 8.56156e-06 7.68359e-06 6.87294e-06 6.12871e-06 5.44904e-06 4.83128e-06 4.27227e-06 3.76848e-06 3.31618e-06 2.91153e-06 2.55071e-06 2.22997e-06 1.94569e-06 1.69442e-06 1.4729e-06 1.2781e-06 1.10719e-06 9.57568e-07 8.26872e-07 7.12936e-07 6.13802e-07 5.27708e-07 4.53072e-07 3.88479e-07 3.3267e-07 2.84525e-07 2.43057e-07 2.07391e-07 1.76758e-07 1.50485e-07 1.2798e-07 1.08728e-07 9.2279e-08 7.82415e-08 6.62759e-08 5.60879e-08 4.7423e-08 4.00611e-08 3.38128e-08 2.8515e-08 2.40275e-08 2.02299e-08 1.70191e-08 1.4307e-08 1.2018e-08 1.00878e-08 8.46155e-09 7.09246e-09 5.9408e-09 4.97279e-09 4.15976e-09 3.47741e-09 2.90514e-09 2.42554e-09 2.02388e-09 1.68773e-09 1.40658e-09 1.17159e-09 9.75311e-10 8.11462e-10 6.74772e-10 5.60807e-10 4.65844e-10 3.86762e-10 3.20942e-10 2.66191e-10 2.20671e-10 1.82847e-10 1.51435e-10 1.2536e-10 1.03728e-10 8.57891e-11 7.09213e-11 5.86045e-11 4.84059e-11 3.99651e-11 3.29824e-11 2.72084e-11 2.24362e-11 1.84936e-11
1.57612e-05 1.32829e-05 1.5211e-05 1.66858e-05 1.77316e-05 1.83844e-05 1.86867e-05 1.86847e-05 1.84251e-05 1.79536e-05 1.73129e-05 1.65425e-05 1.56774e-05 1.47487e-05 1.3783e-05 1.28026e-05 1.18261e-05 1.08683e-05 9.94101e-06 9.05301e-06 8.21068e-06 7.41832e-06 6.67846e-06 5.99218e-06 5.35938e-06 4.77906e-06 4.24951e-06 3.76848e-06 3.33337e-06 2.94133e-06 2.58939e-06 2.27451e-06 1.9937e-06 1.74402e-06 1.52265e-06 1.3269e-06 1.15425e-06 1.00233e-06 8.68971e-07 7.52148e-07 6.50029e-07 5.60939e-07 4.83364e-07 4.15939e-07 3.57439e-07 3.06766e-07 2.62946e-07 2.25109e-07 1.92488e-07 1.64405e-07 1.40263e-07 1.19535e-07 1.01763e-07 8.65441e-08 7.35275e-08 6.24079e-08 5.29195e-08 4.48323e-08 3.79466e-08 3.20903e-08 2.71144e-08 2.28909e-08 1.93094e-08 1.62752e-08 1.37071e-08 1.15354e-08 9.70045e-09 8.15145e-09 6.84489e-09 5.74372e-09 4.81639e-09 4.03607e-09 3.37993e-09 2.82864e-09 2.36576e-09 1.9774e-09 1.65179e-09 1.37897e-09 1.15053e-09 9.59388e-10 7.99546e-10 6.65965e-10 5.54399e-10 4.61277e-10 3.83594e-10 3.18828e-10 2.64863e-10 2.19922e-10 1.82516e-10 1.514e-10 1.25528e-10 1.04029e-10 8.61726e-11 7.13486e-11 5.90484e-11 4.88472e-11 4.03909e-11 3.33843e-11 2.75816e-11 2.2778e-11 1.88034e-11
1.21e-05 1.04378e-05 1.20647e-05 1.3339e-05 1.42735e-05 1.48915e-05 1.52234e-05 1.5303e-05 1.5166e-05 1.48479e-05 1.43825e-05 1.38016e-05 1.31338e-05 1.24049e-05 1.1637e-05 1.08493e-05 1.00578e-05 9.27551e-06 8.51291e-06 7.77811e-06 7.07717e-06 6.41435e-06 5.79241e-06 5.21285e-06 4.67613e-06 4.18187e-06 3.72906e-06 3.31618e-06 2.94133e-06 2.6024e-06 2.29708e-06 2.02302e-06 1.77782e-06 1.55911e-06 1.36461e-06 1.1921e-06 1.03951e-06 9.04853e-07 7.86314e-07 6.82192e-07 5.9093e-07 5.11101e-07 4.4141e-07 3.80683e-07 3.27861e-07 2.81994e-07 2.42232e-07 2.07818e-07 1.78078e-07 1.52415e-07 1.30302e-07 1.11273e-07 9.49217e-08 8.08881e-08 6.8859e-08 5.85607e-08 4.97544e-08 4.22325e-08 3.58148e-08 3.03452e-08 2.56884e-08 2.17276e-08 1.83622e-08 1.55055e-08 1.30827e-08 1.10299e-08 9.29213e-09 7.82231e-09 6.58018e-09 5.53134e-09 4.64642e-09 3.90041e-09 3.27197e-09 2.74298e-09 2.29803e-09 1.92405e-09 1.60992e-09 1.34626e-09 1.12511e-09 9.39736e-10 7.84453e-10 6.54458e-10 5.45703e-10 4.54772e-10 3.7879e-10 3.15336e-10 2.62376e-10 2.182e-10 1.81371e-10 1.50683e-10 1.25128e-10 1.03857e-10 8.61612e-11 7.14478e-11 5.922e-11 4.90629e-11 4.06301e-11 3.3632e-11 2.78274e-11 2.30149e-11 1.90268e-11
9.28934e-06 8.19772e-06 9.56308e-06 1.06555e-05 1.14799e-05 1.20508e-05 1.2389e-05 1.25193e-05 1.24684e-05 1.22637e-05 1.1932e-05 1.14985e-05 1.09866e-05 1.04174e-05 9.80939e-06 9.17877e-06 8.5392e-06 7.90206e-06 7.2766e-06 6.67016e-06 6.08832e-06 5.53523e-06 5.01368e-06 4.52543e-06 4.07128e-06 3.65133e-06 3.26507e-06 2.91153e-06 2.58939e-06 2.29708e-06 2.03288e-06 1.79493e-06 1.58136e-06 1.39028e-06 1.21982e-06 1.0682e-06 9.33687e-07 8.14656e-07 7.09579e-07 6.17032e-07 5.35698e-07 4.64369e-07 4.01938e-07 3.474e-07 2.99843e-07 2.58448e-07 2.22477e-07 1.91269e-07 1.64237e-07 1.40857e-07 1.20666e-07 1.03252e-07 8.82549e-08 7.53556e-08 6.42748e-08 5.47681e-08 4.66216e-08 3.96488e-08 3.36874e-08 2.85961e-08 2.42527e-08 2.05511e-08 1.73997e-08 1.47194e-08 1.24418e-08 1.05083e-08 8.86843e-09 7.47877e-09 6.30219e-09 5.30685e-09 4.46553e-09 3.75497e-09 3.15532e-09 2.64966e-09 2.22357e-09 1.8648e-09 1.56293e-09 1.30911e-09 1.09585e-09 9.16783e-10 7.66526e-10 6.40528e-10 5.34938e-10 4.46507e-10 3.72491e-10 3.10578e-10 2.5882e-10 2.15575e-10 1.79464e-10 1.49328e-10 1.24191e-10 1.03235e-10 8.57742e-11 7.12333e-11 5.91301e-11 4.9061e-11 4.06883e-11 3.37296e-11 2.79489e-11 2.31489e-11 1.91652e-11
7.13154e-06 6.43515e-06 7.57546e-06 8.50563e-06 9.22549e-06 9.7431e-06 1.00723e-05 1.02309e-05 1.02388e-05 1.0117e-05 9.88626e-06 9.5668e-06 9.17745e-06 8.73542e-06 8.25612e-06 7.7531e-06 7.23797e-06 6.72056e-06 6.20896e-06 5.70972e-06 5.22796e-06 4.76752e-06 4.3312e-06 3.92082e-06 3.53744e-06 3.18146e-06 2.85273e-06 2.55071e-06 2.27451e-06 2.02302e-06 1.79493e-06 1.58884e-06 1.40328e-06 1.23674e-06 1.08773e-06 9.54792e-07 8.3652e-07 7.31569e-07 6.38666e-07 5.56622e-07 4.8433e-07 4.20766e-07 3.64991e-07 3.16146e-07 2.73449e-07 2.36194e-07 2.03744e-07 1.75525e-07 1.51026e-07 1.29789e-07 1.11406e-07 9.55178e-08 8.18041e-08 6.99834e-08 5.98076e-08 5.1059e-08 4.35464e-08 3.7103e-08 3.1583e-08 2.68592e-08 2.28213e-08 1.93733e-08 1.6432e-08 1.39256e-08 1.17917e-08 9.97676e-09 8.43451e-09 7.12517e-09 6.01454e-09 5.07328e-09 4.27623e-09 3.60185e-09 3.03171e-09 2.55008e-09 2.14354e-09 1.80063e-09 1.5116e-09 1.26817e-09 1.06328e-09 8.90958e-10 7.46116e-10 6.24456e-10 5.22334e-10 4.36666e-10 3.64846e-10 3.04672e-10 2.54286e-10 2.12122e-10 1.76857e-10 1.4738e-10 1.22754e-10 1.02193e-10 8.50339e-11 7.07225e-11 5.87921e-11 4.88517e-11 4.05734e-11 3.36829e-11 2.79502e-11 2.31831e-11 1.92207e-11
5.47496e-06 5.0491e-06 5.9974e-06 6.78483e-06 7.40797e-06 7.87043e-06 8.18105e-06 8.35224e-06 8.39868e-06 8.33626e-06 8.18117e-06 7.94932e-06 7.65582e-06 7.31468e-06 6.93862e-06 6.5389e-06 6.12537e-06 5.70642e-06 5.2891e-06 4.87917e-06 4.48122e-06 4.09884e-06 3.73466e-06 3.39052e-06 3.06761e-06 2.76653e-06 2.4874e-06 2.22997e-06 1.9937e-06 1.77782e-06 1.58136e-06 1.40328e-06 1.24242e-06 1.09761e-06 9.67662e-07 8.51392e-07 7.47654e-07 6.55344e-07 5.7341e-07 5.00861e-07 4.36769e-07 3.80271e-07 3.30571e-07 2.86939e-07 2.48707e-07 2.15269e-07 1.86075e-07 1.60629e-07 1.38487e-07 1.19249e-07 1.02561e-07 8.81057e-08 7.5602e-08 6.48013e-08 5.54841e-08 4.74569e-08 4.05498e-08 3.46136e-08 2.95179e-08 2.51486e-08 2.14063e-08 1.82046e-08 1.54681e-08 1.31317e-08 1.11389e-08 9.44076e-09 7.99509e-09 6.76548e-09 5.72059e-09 4.83345e-09 4.08088e-09 3.443e-09 2.90278e-09 2.44562e-09 2.05907e-09 1.73246e-09 1.45671e-09 1.22406e-09 1.02793e-09 8.62687e-10 7.23571e-10 6.06527e-10 5.0812e-10 4.25435e-10 3.56004e-10 2.97739e-10 2.48875e-10 2.07919e-10 1.73611e-10 1.44889e-10 1.20858e-10 1.00761e-10 8.39653e-11 6.9935e-11 5.82213e-11 4.84468e-11 4.02946e-11 3.34989e-11 2.78368e-11 2.31215e-11 1.91965e-11
