0.679553 0.007645 0.00650735 0.00553899 0.00471474 0.00401314 0.00341595 0.00290762 0.00247494 0.00210664 0.00179316 0.00152632 0.00129919 0.00110586 0.000941293 0.00080122 0.000681991 0.000580504 0.00049412 0.00042059 0.000358002 0.000304728 0.000259382 0.000220783 0.000187928 0.000159963 0.000136159 0.000115897 9.86506e-05 8.39704e-05 7.14748e-05 6.08387e-05 5.17853e-05 4.40792e-05 3.75198e-05 3.19365e-05 2.7184e-05 2.31388e-05 1.96955e-05 1.67646e-05 1.42699e-05 1.21464e-05 1.03389e-05 8.80037e-06 7.49079e-06 6.37609e-06 5.42727e-06 4.61964e-06 3.93219e-06 3.34704e-06 2.84897e-06 2.42502e-06 2.06415e-06 1.75699e-06 1.49553e-06 1.27298e-06 1.08355e-06 9.22307e-07 7.85059e-07 6.68235e-07 5.68795e-07 4.84153e-07 4.12106e-07 3.50781e-07 2.98581e-07 2.5415e-07 2.1633e-07 1.84138e-07 1.56736e-07 1.33413e-07 1.13559e-07 9.66607e-08 8.22767e-08 7.00331e-08 5.96115e-08 5.07408e-08 4.31901e-08 3.6763e-08 3.12923e-08 2.66357e-08 2.26721e-08 1.92982e-08 1.64265e-08 1.39821e-08 1.19014e-08 1.01304e-08 8.62286e-09 7.3397e-09 6.24748e-09 5.3178e-09 4.52646e-09 3.85288e-09 3.27953e-09 2.79151e-09 2.3761e-09 2.02252e-09 1.72155e-09 1.46536e-09 1.2473e-09 1.06169e-09 9.03704e-10
0.007645 0.00192439 0.00170712 0.0015119 0.00133698 0.00118064 0.00104122 0.000917153 0.000806953 0.000709241 0.00062274 0.000546278 0.000478782 0.000419278 0.00036688 0.000320793 0.000280298 0.000244751 0.000213577 0.000186261 0.000162345 0.000141422 0.000123132 0.000107153 9.3203e-05 8.10321e-05 7.04196e-05 6.11712e-05 5.31159e-05 4.61034e-05 4.00017e-05 3.46951e-05 3.00821e-05 2.60736e-05 2.2592e-05 1.95692e-05 1.69458e-05 1.46698e-05 1.2696e-05 1.09847e-05 9.5016e-06 8.21665e-06 7.10372e-06 6.14007e-06 5.30591e-06 4.58405e-06 3.95953e-06 3.41937e-06 2.95229e-06 2.5485e-06 2.19951e-06 1.89795e-06 1.63744e-06 1.41243e-06 1.21813e-06 1.05038e-06 9.05575e-07 7.80611e-07 6.72785e-07 5.79764e-07 4.99529e-07 4.30336e-07 3.70674e-07 3.19239e-07 2.74904e-07 2.36694e-07 2.03769e-07 1.75401e-07 1.50964e-07 1.29916e-07 1.11789e-07 9.61803e-08 8.27415e-08 7.11724e-08 6.12143e-08 5.26438e-08 4.52685e-08 3.89225e-08 3.34628e-08 2.8766e-08 2.47261e-08 2.12516e-08 1.82636e-08 1.56942e-08 1.34852e-08 1.1586e-08 9.95347e-09 8.55023e-09 7.34422e-09 6.3078e-09 5.4172e-09 4.65198e-09 3.99455e-09 3.42976e-09 2.94461e-09 2.5279e-09 2.17001e-09 1.86265e-09 1.59872e-09 1.37209e-09 1.1775e-09
0.00650735 0.00170712 0.00152929 0.00136722 0.00122004 0.00108684 0.000966658 0.000858502 0.000761408 0.000674438 0.000596694 0.000527324 0.000465534 0.000410581 0.00036178 0.000318502 0.000280169 0.000246258 0.000216291 0.000189837 0.000166506 0.00014595 0.000127854 0.000111937 9.79467e-05 8.56595e-05 7.48757e-05 6.54175e-05 5.71273e-05 4.98653e-05 4.35076e-05 3.79447e-05 3.30798e-05 2.88275e-05 2.51125e-05 2.18684e-05 1.90368e-05 1.65662e-05 1.44116e-05 1.25333e-05 1.08965e-05 9.47067e-06 8.22906e-06 7.14824e-06 6.20772e-06 5.38954e-06 4.67801e-06 4.05942e-06 3.52179e-06 3.05465e-06 2.64888e-06 2.2965e-06 1.99057e-06 1.72503e-06 1.49462e-06 1.29472e-06 1.12134e-06 9.70995e-07 8.40653e-07 7.27677e-07 6.29773e-07 5.44948e-07 4.71469e-07 4.07831e-07 3.52726e-07 3.05019e-07 2.63724e-07 2.27985e-07 1.97061e-07 1.70307e-07 1.47164e-07 1.27149e-07 1.09841e-07 9.48764e-08 8.194e-08 7.07584e-08 6.10951e-08 5.2745e-08 4.55307e-08 3.92985e-08 3.39154e-08 2.92664e-08 2.52518e-08 2.17856e-08 1.87931e-08 1.621e-08 1.39804e-08 1.20563e-08 1.0396e-08 8.9634e-09 7.72748e-09 6.66135e-09 5.74177e-09 4.94867e-09 4.26474e-09 3.675e-09 3.16654e-09 2.72818e-09 2.35031e-09 2.02461e-09 1.7439e-09
0.00553899 0.0015119 0.00136722 0.00123333 0.00111006 0.000997064 0.000893879 0.000799979 0.000714791 0.000637721 0.000568171 0.000505548 0.000449282 0.000398824 0.000353654 0.000313284 0.000277258 0.000245154 0.000216583 0.000191188 0.00016864 0.000148643 0.000130927 0.000115245 0.000101377 8.91245e-05 7.83072e-05 6.87645e-05 6.03526e-05 5.29426e-05 4.64195e-05 4.06809e-05 3.56355e-05 3.12022e-05 2.73088e-05 2.38915e-05 2.08936e-05 1.82649e-05 1.5961e-05 1.39428e-05 1.21755e-05 1.06287e-05 9.27544e-06 8.0919e-06 7.05723e-06 6.15303e-06 5.36314e-06 4.67334e-06 4.07115e-06 3.54562e-06 3.08714e-06 2.68726e-06 2.33861e-06 2.03471e-06 1.76989e-06 1.53919e-06 1.33826e-06 1.16331e-06 1.01102e-06 8.7849e-07 7.63176e-07 6.62868e-07 5.75634e-07 4.99786e-07 4.33853e-07 3.7655e-07 3.26758e-07 2.83501e-07 2.45929e-07 2.13302e-07 1.84973e-07 1.60381e-07 1.39037e-07 1.20515e-07 1.04445e-07 9.05047e-08 7.84136e-08 6.79282e-08 5.88368e-08 5.09552e-08 4.41235e-08 3.82028e-08 3.30723e-08 2.86271e-08 2.47763e-08 2.14409e-08 1.85523e-08 1.6051e-08 1.38852e-08 1.20104e-08 1.03875e-08 8.98289e-09 7.76738e-09 6.71563e-09 5.80567e-09 5.0185e-09 4.33761e-09 3.74872e-09 3.23946e-09 2.79911e-09 2.41838e-09
0.00471474 0.00133698 0.00122004 0.00111006 0.00100732 0.000911875 0.000823654 0.000742463 0.000668027 0.000600017 0.000538069 0.000481799 0.000430814 0.000384725 0.000343148 0.000305713 0.000272069 0.000241881 0.000214836 0.000190641 0.000169025 0.000149736 0.000132545 0.00011724 0.000103629 9.15359e-05 8.08014e-05 7.12813e-05 6.28454e-05 5.53762e-05 4.87678e-05 4.29254e-05 3.77636e-05 3.32063e-05 2.91851e-05 2.56392e-05 2.25142e-05 1.97617e-05 1.73386e-05 1.52065e-05 1.33315e-05 1.16833e-05 1.02351e-05 8.96334e-06 7.84691e-06 6.86726e-06 6.00799e-06 5.25459e-06 4.59427e-06 4.01574e-06 3.50906e-06 3.06544e-06 2.67718e-06 2.33747e-06 2.04034e-06 1.78053e-06 1.55341e-06 1.35495e-06 1.18155e-06 1.03012e-06 8.97885e-07 7.82456e-07 6.8172e-07 5.93828e-07 5.17162e-07 4.50303e-07 3.9201e-07 3.41198e-07 2.96916e-07 2.58334e-07 2.24724e-07 1.95452e-07 1.69963e-07 1.47773e-07 1.28459e-07 1.11651e-07 9.70259e-08 8.43035e-08 7.32379e-08 6.36151e-08 5.52483e-08 4.79749e-08 4.1653e-08 3.6159e-08 3.13853e-08 2.7238e-08 2.36356e-08 2.05069e-08 1.779e-08 1.54311e-08 1.33833e-08 1.16057e-08 1.00631e-08 8.72442e-09 7.56294e-09 6.55531e-09 5.68128e-09 4.92323e-09 4.26584e-09 3.69583e-09 3.20163e-09
0.00401314 0.00118064 0.00108684 0.000997064 0.000911875 0.000831636 0.000756533 0.000686618 0.000621838 0.000562067 0.000507121 0.000456778 0.00041079 0.000368892 0.000330816 0.00029629 0.000265048 0.000236832 0.000211393 0.000188495 0.000167916 0.000149448 0.000132895 0.000118079 0.000104832 9.30011e-05 8.24463e-05 7.30392e-05 6.46628e-05 5.7211e-05 5.05873e-05 4.47043e-05 3.94834e-05 3.48534e-05 3.07503e-05 2.71167e-05 2.39008e-05 2.10565e-05 1.85423e-05 1.63211e-05 1.436e-05 1.26293e-05 1.11027e-05 9.75695e-06 8.57108e-06 7.52661e-06 6.60709e-06 5.79791e-06 5.08614e-06 4.4603e-06 3.91023e-06 3.42694e-06 3.00249e-06 2.62983e-06 2.30278e-06 2.01583e-06 1.76417e-06 1.54351e-06 1.35011e-06 1.18063e-06 1.03218e-06 9.02178e-07 7.88362e-07 6.88746e-07 6.01581e-07 5.25331e-07 4.58647e-07 4.00342e-07 3.49377e-07 3.04838e-07 2.65923e-07 2.31931e-07 2.02246e-07 1.76326e-07 1.53701e-07 1.33954e-07 1.16723e-07 1.01691e-07 8.858e-08 7.71463e-08 6.71773e-08 5.8487e-08 5.09128e-08 4.43125e-08 3.85619e-08 3.35526e-08 2.91896e-08 2.53902e-08 2.20822e-08 1.92024e-08 1.66959e-08 1.45145e-08 1.26165e-08 1.09652e-08 9.52874e-09 8.27941e-09 7.19297e-09 6.24831e-09 5.42705e-09 4.71315e-09 4.09267e-09
0.00341595 0.00104122 0.000966658 0.000893879 0.000823654 0.000756533 0.000692883 0.000632929 0.00057678 0.000524459 0.000475919 0.000431065 0.00038976 0.000351843 0.000317135 0.000285448 0.000256585 0.000230353 0.00020656 0.000185018 0.000165549 0.00014798 0.000132151 0.000117908 0.00010511 9.36248e-05 8.3329e-05 7.41099e-05 6.58635e-05 5.84944e-05 5.19156e-05 4.60474e-05 4.08177e-05 3.61607e-05 3.20169e-05 2.83325e-05 2.50589e-05 2.21522e-05 1.95731e-05 1.72861e-05 1.52593e-05 1.34641e-05 1.1875e-05 1.0469e-05 9.2258e-06 8.127e-06 7.15633e-06 6.29924e-06 5.5428e-06 4.87547e-06 4.28702e-06 3.76834e-06 3.31133e-06 2.90882e-06 2.55445e-06 2.24258e-06 1.9682e-06 1.7269e-06 1.51475e-06 1.32831e-06 1.1645e-06 1.02062e-06 8.94294e-07 7.83406e-07 6.86099e-07 6.00735e-07 5.25868e-07 4.60226e-07 4.02686e-07 3.52263e-07 3.08087e-07 2.69394e-07 2.35512e-07 2.05848e-07 1.79885e-07 1.57166e-07 1.3729e-07 1.19905e-07 1.04701e-07 9.14092e-08 7.97902e-08 6.96358e-08 6.07631e-08 5.3012e-08 4.62418e-08 4.03297e-08 3.51677e-08 3.06616e-08 2.67286e-08 2.32966e-08 2.03021e-08 1.76899e-08 1.54116e-08 1.34247e-08 1.16923e-08 1.01821e-08 8.86565e-09 7.71839e-09 6.71868e-09 5.84769e-09 5.08894e-09
0.00290762 0.000917153 0.000858502 0.000799979 0.000742463 0.000686618 0.000632929 0.000581737 0.000533266 0.000487647 0.000444935 0.000405129 0.000368181 0.000334009 0.000302509 0.000273557 0.000247018 0.000222751 0.00020061 0.000180453 0.000162135 0.000145519 0.000130472 0.000116867 0.000104583 9.35077e-05 8.35344e-05 7.45645e-05 6.65064e-05 5.9275e-05 5.27924e-05 4.69866e-05 4.17919e-05 3.71479e-05 3.3e-05 2.92979e-05 2.59965e-05 2.30545e-05 2.04346e-05 1.81032e-05 1.60298e-05 1.41871e-05 1.25504e-05 1.10976e-05 9.8086e-06 8.66567e-06 7.65277e-06 6.75557e-06 5.96123e-06 5.2583e-06 4.63655e-06 4.08685e-06 3.60107e-06 3.17194e-06 2.79303e-06 2.45859e-06 2.1635e-06 1.90325e-06 1.6738e-06 1.47158e-06 1.29342e-06 1.13651e-06 9.98356e-07 8.76764e-07 7.69777e-07 6.75672e-07 5.92922e-07 5.20178e-07 4.56248e-07 4.0008e-07 3.50746e-07 3.07425e-07 2.69394e-07 2.36017e-07 2.0673e-07 1.8104e-07 1.58509e-07 1.38754e-07 1.21436e-07 1.0626e-07 9.29618e-08 8.13127e-08 7.11101e-08 6.21763e-08 5.43552e-08 4.75094e-08 4.15186e-08 3.62771e-08 3.16919e-08 2.76817e-08 2.4175e-08 2.11091e-08 1.84291e-08 1.60869e-08 1.40402e-08 1.22521e-08 1.06901e-08 9.32586e-09 8.13456e-09 7.09443e-09 6.18643e-09
0.00247494 0.000806953 0.000761408 0.000714791 0.000668027 0.000621838 0.00057678 0.000533266 0.000491597 0.000451979 0.00041454 0.000379349 0.000346426 0.000315751 0.000287278 0.000260937 0.00023664 0.000214291 0.000193785 0.000175013 0.000157866 0.000142233 0.000128007 0.000115083 0.000103361 9.27451e-05 8.31439e-05 7.44722e-05 6.66497e-05 5.96015e-05 5.32581e-05 4.75551e-05 4.2433e-05 3.7837e-05 3.37169e-05 3.00266e-05 2.6724e-05 2.37708e-05 2.11321e-05 1.8776e-05 1.66738e-05 1.47994e-05 1.31292e-05 1.16419e-05 1.03183e-05 9.14109e-06 8.0946e-06 7.16486e-06 6.33929e-06 5.60658e-06 4.95661e-06 4.38032e-06 3.86959e-06 3.41717e-06 3.01658e-06 2.66203e-06 2.34837e-06 2.07098e-06 1.82577e-06 1.60909e-06 1.41769e-06 1.24869e-06 1.09951e-06 9.67871e-07 8.51757e-07 7.49368e-07 6.5911e-07 5.7957e-07 5.09498e-07 4.47785e-07 3.9345e-07 3.45624e-07 3.0354e-07 2.66517e-07 2.33957e-07 2.05328e-07 1.80163e-07 1.58048e-07 1.38618e-07 1.21552e-07 1.06564e-07 9.34062e-08 8.18566e-08 7.17211e-08 6.28286e-08 5.50283e-08 4.81874e-08 4.21894e-08 3.69313e-08 3.23228e-08 2.82845e-08 2.47465e-08 2.16474e-08 1.89333e-08 1.65568e-08 1.44762e-08 1.26551e-08 1.10614e-08 9.66688e-09 8.4469e-09 7.37978e-09
0.00210664 0.000709241 0.000674438 0.000637721 0.000600017 0.000562067 0.000524459 0.000487647 0.000451979 0.000417708 0.000385017 0.000354023 0.000324797 0.000297365 0.000271727 0.000247855 0.0002257 0.000205203 0.000186293 0.00016889 0.000152912 0.000138274 0.00012489 0.000112675 0.000101548 9.14266e-05 8.22349e-05 7.38992e-05 6.635e-05 5.95218e-05 5.33531e-05 4.77866e-05 4.2769e-05 3.82509e-05 3.41864e-05 3.05335e-05 2.72534e-05 2.43107e-05 2.16727e-05 1.93098e-05 1.7195e-05 1.53034e-05 1.36128e-05 1.21028e-05 1.0755e-05 9.55275e-06 8.48093e-06 7.52597e-06 6.67561e-06 5.91881e-06 5.24562e-06 4.64712e-06 4.11528e-06 3.64291e-06 3.22356e-06 2.85144e-06 2.52137e-06 2.22874e-06 1.9694e-06 1.73967e-06 1.53623e-06 1.35615e-06 1.19682e-06 1.05588e-06 9.31263e-07 8.21116e-07 7.23792e-07 6.37825e-07 5.61916e-07 4.94909e-07 4.35778e-07 3.83614e-07 3.37609e-07 2.97048e-07 2.61297e-07 2.29794e-07 2.02042e-07 1.77601e-07 1.56081e-07 1.37139e-07 1.20469e-07 1.05804e-07 9.29036e-08 8.15597e-08 7.15864e-08 6.28202e-08 5.51167e-08 4.83485e-08 4.24034e-08 3.71824e-08 3.25983e-08 2.85741e-08 2.50423e-08 2.19432e-08 1.92243e-08 1.68394e-08 1.47479e-08 1.29141e-08 1.13064e-08 9.8973e-09 8.66244e-09
0.00179316 0.00062274 0.000596694 0.000568171 0.000538069 0.000507121 0.000475919 0.000444935 0.00041454 0.000385017 0.000356581 0.000329385 0.000303534 0.000279092 0.000256091 0.000234537 0.000214413 0.000195688 0.000178318 0.00016225 0.000147424 0.000133777 0.000121242 0.000109751 9.92378e-05 8.96357e-05 8.08801e-05 7.29087e-05 6.56618e-05 5.90825e-05 5.31171e-05 4.77148e-05 4.28283e-05 3.84131e-05 3.44281e-05 3.08347e-05 2.75978e-05 2.46845e-05 2.20649e-05 1.97112e-05 1.75983e-05 1.57028e-05 1.40038e-05 1.24819e-05 1.11197e-05 9.90109e-06 8.81173e-06 7.83851e-06 6.96955e-06 6.19413e-06 5.50258e-06 4.88616e-06 4.33699e-06 3.84799e-06 3.41278e-06 3.02562e-06 2.68139e-06 2.37545e-06 2.10366e-06 1.86232e-06 1.64811e-06 1.45805e-06 1.28948e-06 1.14004e-06 1.00761e-06 8.90287e-07 7.86391e-07 6.94416e-07 6.13022e-07 5.41017e-07 4.77338e-07 4.21041e-07 3.71285e-07 3.27324e-07 2.88494e-07 2.54208e-07 2.23941e-07 1.9723e-07 1.73664e-07 1.52879e-07 1.3455e-07 1.18393e-07 1.04152e-07 9.1605e-08 8.05521e-08 7.0818e-08 6.22474e-08 5.47029e-08 4.80632e-08 4.22212e-08 3.70821e-08 3.25623e-08 2.85881e-08 2.50943e-08 2.20235e-08 1.9325e-08 1.69542e-08 1.48716e-08 1.30427e-08 1.14367e-08 1.00268e-08
0.00152632 0.000546278 0.000527324 0.000505548 0.000481799 0.000456778 0.000431065 0.000405129 0.000379349 0.000354023 0.000329385 0.00030561 0.000282827 0.000261126 0.000240564 0.000221171 0.000202957 0.000185913 0.000170018 0.000155239 0.000141536 0.000128864 0.000117172 0.000106408 9.65183e-05 8.74491e-05 7.91471e-05 7.15598e-05 6.46365e-05 5.83283e-05 5.25885e-05 4.73727e-05 4.26389e-05 3.83477e-05 3.44619e-05 3.09471e-05 2.7771e-05 2.49038e-05 2.23178e-05 1.99876e-05 1.78896e-05 1.60022e-05 1.43057e-05 1.27818e-05 1.14141e-05 1.01873e-05 9.0877e-06 8.10274e-06 7.22104e-06 6.43225e-06 5.727e-06 5.09679e-06 4.53396e-06 4.03158e-06 3.58338e-06 3.18373e-06 2.82754e-06 2.51023e-06 2.2277e-06 1.97625e-06 1.75255e-06 1.55363e-06 1.37682e-06 1.21972e-06 1.0802e-06 9.56326e-07 8.46395e-07 7.48871e-07 6.62386e-07 5.85716e-07 5.17771e-07 4.57578e-07 4.04271e-07 3.57077e-07 3.15309e-07 2.78353e-07 2.45666e-07 2.16762e-07 1.91212e-07 1.68632e-07 1.48683e-07 1.31063e-07 1.15505e-07 1.0177e-07 8.96491e-08 7.89541e-08 6.952e-08 6.12002e-08 5.38648e-08 4.73989e-08 4.17007e-08 3.66803e-08 3.22579e-08 2.83633e-08 2.49341e-08 2.19154e-08 1.92586e-08 1.69209e-08 1.48642e-08 1.30552e-08 1.14644e-08
0.00129919 0.000478782 0.000465534 0.000449282 0.000430814 0.00041079 0.00038976 0.000368181 0.000346426 0.000324797 0.000303534 0.000282827 0.000262819 0.000243618 0.000225299 0.000207911 0.000191482 0.000176022 0.000161528 0.000147983 0.000135365 0.000123642 0.000112778 0.000102734 9.3468e-05 8.49374e-05 7.70985e-05 6.99079e-05 6.33228e-05 5.73017e-05 5.18044e-05 4.67922e-05 4.22284e-05 3.8078e-05 3.4308e-05 3.08875e-05 2.77873e-05 2.49804e-05 2.24415e-05 2.01471e-05 1.80756e-05 1.6207e-05 1.45227e-05 1.30058e-05 1.16408e-05 1.04132e-05 9.31012e-06 8.31954e-06 7.43059e-06 6.63336e-06 5.91883e-06 5.2788e-06 4.70584e-06 4.19322e-06 3.73483e-06 3.32515e-06 2.95919e-06 2.63246e-06 2.34088e-06 2.08081e-06 1.84894e-06 1.64231e-06 1.45825e-06 1.29437e-06 1.14851e-06 1.01875e-06 9.03358e-07 8.00777e-07 7.09623e-07 6.28652e-07 5.56752e-07 4.92931e-07 4.36299e-07 3.86063e-07 3.41517e-07 3.02028e-07 2.67034e-07 2.36032e-07 2.08575e-07 1.84266e-07 1.62749e-07 1.4371e-07 1.26867e-07 1.11972e-07 9.88023e-08 8.71618e-08 7.68755e-08 6.77881e-08 5.97618e-08 5.26746e-08 4.64181e-08 4.08963e-08 3.60239e-08 3.17256e-08 2.79347e-08 2.45919e-08 2.1645e-08 1.90476e-08 1.67587e-08 1.47422e-08 1.2966e-08
0.00110586 0.000419278 0.000410581 0.000398824 0.000384725 0.000368892 0.000351843 0.000334009 0.000315751 0.000297365 0.000279092 0.000261126 0.000243618 0.000226687 0.000210421 0.000194881 0.000180111 0.000166135 0.000152961 0.00014059 0.000129011 0.000118203 0.000108145 9.8807e-05 9.01581e-05 8.21645e-05 7.47915e-05 6.80038e-05 6.17658e-05 5.60425e-05 5.07996e-05 4.60039e-05 4.16233e-05 3.76271e-05 3.39862e-05 3.06729e-05 2.76612e-05 2.49266e-05 2.24461e-05 2.01984e-05 1.81635e-05 1.63229e-05 1.46596e-05 1.31578e-05 1.18028e-05 1.05812e-05 9.48081e-06 8.49023e-06 7.59913e-06 6.79807e-06 6.07842e-06 5.43232e-06 4.8526e-06 4.33274e-06 3.86685e-06 3.44954e-06 3.07595e-06 2.74168e-06 2.44274e-06 2.17553e-06 1.9368e-06 1.72361e-06 1.53332e-06 1.36354e-06 1.21214e-06 1.07717e-06 9.56898e-07 8.49776e-07 7.544e-07 6.69515e-07 5.93995e-07 5.26832e-07 4.67122e-07 4.14058e-07 3.66915e-07 3.25047e-07 2.87877e-07 2.54887e-07 2.25617e-07 1.99655e-07 1.76635e-07 1.5623e-07 1.38147e-07 1.22127e-07 1.07939e-07 9.5376e-08 8.42557e-08 7.44148e-08 6.57084e-08 5.80077e-08 5.11983e-08 4.51785e-08 3.98579e-08 3.51566e-08 3.10035e-08 2.73354e-08 2.40964e-08 2.12371e-08 1.87134e-08 1.64864e-08 1.45218e-08
0.000941293 0.00036688 0.00036178 0.000353654 0.000343148 0.000330816 0.000317135 0.000302509 0.000287278 0.000271727 0.000256091 0.000240564 0.000225299 0.000210421 0.000196025 0.000182182 0.000168946 0.00015635 0.000144416 0.000133153 0.00012256 0.00011263 0.000103349 9.4697e-05 8.66517e-05 7.91879e-05 7.22782e-05 6.58944e-05 6.00073e-05 5.45879e-05 4.96072e-05 4.50368e-05 4.08491e-05 3.70173e-05 3.35158e-05 3.03201e-05 2.74071e-05 2.47547e-05 2.23422e-05 2.01503e-05 1.81606e-05 1.63564e-05 1.47217e-05 1.3242e-05 1.19036e-05 1.06942e-05 9.60202e-06 8.61655e-06 7.72799e-06 6.92737e-06 6.20648e-06 5.5578e-06 4.97448e-06 4.45025e-06 3.97942e-06 3.55678e-06 3.17761e-06 2.83765e-06 2.53298e-06 2.26009e-06 2.01579e-06 1.79719e-06 1.60168e-06 1.4269e-06 1.27072e-06 1.13123e-06 1.0067e-06 8.95567e-07 7.96433e-07 7.08037e-07 6.29249e-07 5.59049e-07 4.96526e-07 4.4086e-07 3.91318e-07 3.4724e-07 3.08039e-07 2.73185e-07 2.42207e-07 2.14683e-07 1.90236e-07 1.68528e-07 1.49259e-07 1.32159e-07 1.16988e-07 1.03534e-07 9.16043e-08 8.10301e-08 7.16596e-08 6.33581e-08 5.60056e-08 4.94952e-08 4.37319e-08 3.86314e-08 3.41184e-08 3.01263e-08 2.65958e-08 2.34742e-08 2.07148e-08 1.82762e-08 1.61215e-08
0.00080122 0.000320793 0.000318502 0.000313284 0.000305713 0.00029629 0.000285448 0.000273557 0.000260937 0.000247855 0.000234537 0.000221171 0.000207911 0.000194881 0.000182182 0.000169891 0.000158065 0.000146749 0.00013597 0.000125747 0.000116088 0.000106993 9.84554e-05 9.04646e-05 8.30053e-05 7.60591e-05 6.96055e-05 6.36221e-05 5.80856e-05 5.29722e-05 4.82577e-05 4.39181e-05 3.99298e-05 3.62696e-05 3.29153e-05 2.98453e-05 2.70391e-05 2.4477e-05 2.21404e-05 2.00118e-05 1.80748e-05 1.63138e-05 1.47143e-05 1.3263e-05 1.19471e-05 1.07552e-05 9.6763e-06 8.70058e-06 7.81882e-06 7.02254e-06 6.30397e-06 5.65598e-06 5.07201e-06 4.54609e-06 4.07273e-06 3.64694e-06 3.26417e-06 2.92027e-06 2.61146e-06 2.3343e-06 2.08569e-06 1.8628e-06 1.66307e-06 1.48417e-06 1.32401e-06 1.18069e-06 1.05251e-06 9.37902e-07 8.35483e-07 7.43993e-07 6.62299e-07 5.89381e-07 5.24321e-07 4.66296e-07 4.14563e-07 3.68457e-07 3.27381e-07 2.90798e-07 2.58229e-07 2.29242e-07 2.03453e-07 1.80516e-07 1.60121e-07 1.41993e-07 1.25885e-07 1.11575e-07 9.88675e-08 8.75854e-08 7.75719e-08 6.86868e-08 6.08051e-08 5.38153e-08 4.76181e-08 4.21251e-08 3.72575e-08 3.29452e-08 2.91258e-08 2.57437e-08 2.27495e-08 2.00995e-08 1.77546e-08
0.000681991 0.000280298 0.000280169 0.000277258 0.000272069 0.000265048 0.000256585 0.000247018 0.00023664 0.0002257 0.000214413 0.000202957 0.000191482 0.000180111 0.000168946 0.000158065 0.000147533 0.000137396 0.00012769 0.000118439 0.000109656 0.00010135 9.35207e-05 8.6163e-05 7.92683e-05 7.2824e-05 6.68153e-05 6.12253e-05 5.60355e-05 5.12269e-05 4.67794e-05 4.26731e-05 3.8888e-05 3.54042e-05 3.22025e-05 2.92641e-05 2.65708e-05 2.41052e-05 2.18509e-05 1.9792e-05 1.79136e-05 1.62018e-05 1.46432e-05 1.32256e-05 1.19373e-05 1.07676e-05 9.70646e-06 8.74464e-06 7.87351e-06 7.08511e-06 6.37213e-06 5.7278e-06 5.14592e-06 4.62079e-06 4.14717e-06 3.7203e-06 3.33577e-06 2.98961e-06 2.67816e-06 2.3981e-06 2.1464e-06 1.92031e-06 1.71732e-06 1.53518e-06 1.37181e-06 1.22536e-06 1.09413e-06 9.76588e-07 8.71361e-07 7.77197e-07 6.92968e-07 6.17657e-07 5.50347e-07 4.90212e-07 4.36507e-07 3.88564e-07 3.45779e-07 3.07612e-07 2.73576e-07 2.43235e-07 2.16197e-07 1.9211e-07 1.70659e-07 1.51562e-07 1.34566e-07 1.19444e-07 1.05994e-07 9.40347e-08 8.34037e-08 7.39563e-08 6.55631e-08 5.81086e-08 5.14894e-08 4.56137e-08 4.03992e-08 3.57728e-08 3.16692e-08 2.80302e-08 2.4804e-08 2.19444e-08 1.94105e-08
0.000580504 0.000244751 0.000246258 0.000245154 0.000241881 0.000236832 0.000230353 0.000222751 0.000214291 0.000205203 0.000195688 0.000185913 0.000176022 0.000166135 0.00015635 0.000146749 0.000137396 0.000128343 0.000119628 0.000111279 0.000103317 9.57531e-05 8.85933e-05 8.18381e-05 7.54837e-05 6.95228e-05 6.39451e-05 5.87383e-05 5.38886e-05 4.93806e-05 4.51983e-05 4.13253e-05 3.77447e-05 3.44399e-05 3.13941e-05 2.85912e-05 2.60153e-05 2.36511e-05 2.14839e-05 1.94996e-05 1.76849e-05 1.6027e-05 1.45141e-05 1.31347e-05 1.18783e-05 1.0735e-05 9.69552e-06 8.75124e-06 7.89415e-06 7.11682e-06 6.41236e-06 5.77442e-06 5.19712e-06 4.67507e-06 4.2033e-06 3.77724e-06 3.39271e-06 3.04587e-06 2.73321e-06 2.45154e-06 2.19791e-06 1.96967e-06 1.76438e-06 1.57983e-06 1.41401e-06 1.26509e-06 1.13142e-06 1.01148e-06 9.0392e-07 8.07504e-07 7.21113e-07 6.43739e-07 5.7447e-07 5.12481e-07 4.57029e-07 4.07446e-07 3.63126e-07 3.23525e-07 2.88155e-07 2.56574e-07 2.28386e-07 2.03236e-07 1.80804e-07 1.60803e-07 1.42974e-07 1.27088e-07 1.12937e-07 1.00335e-07 8.91158e-08 7.91312e-08 7.02477e-08 6.2346e-08 5.53198e-08 4.90736e-08 4.35224e-08 3.85903e-08 3.42092e-08 3.03187e-08 2.68647e-08 2.37989e-08 2.10785e-08
0.00049412 0.000213577 0.000216291 0.000216583 0.000214836 0.000211393 0.00020656 0.00020061 0.000193785 0.000186293 0.000178318 0.000170018 0.000161528 0.000152961 0.000144416 0.00013597 0.00012769 0.000119628 0.000111824 0.000104312 9.71127e-05 9.02436e-05 8.37142e-05 7.75292e-05 7.16891e-05 6.61906e-05 6.10276e-05 5.61918e-05 5.16729e-05 4.74592e-05 4.3538e-05 3.98961e-05 3.65194e-05 3.3394e-05 3.05057e-05 2.78407e-05 2.53851e-05 2.31255e-05 2.10491e-05 1.91432e-05 1.7396e-05 1.57961e-05 1.43326e-05 1.29953e-05 1.17744e-05 1.06611e-05 9.64657e-06 8.72303e-06 7.88299e-06 7.11954e-06 6.42623e-06 5.79712e-06 5.22667e-06 4.7098e-06 4.2418e-06 3.81832e-06 3.4354e-06 3.08935e-06 2.77683e-06 2.49476e-06 2.24032e-06 2.01092e-06 1.80423e-06 1.61809e-06 1.45055e-06 1.29982e-06 1.16429e-06 1.04248e-06 9.33058e-07 8.34807e-07 7.46626e-07 6.67519e-07 5.96582e-07 5.32998e-07 4.76029e-07 4.25007e-07 3.79329e-07 3.38451e-07 3.01883e-07 2.69182e-07 2.3995e-07 2.13829e-07 1.90495e-07 1.69658e-07 1.51058e-07 1.34459e-07 1.19651e-07 1.06445e-07 9.46713e-08 8.41779e-08 7.48282e-08 6.65002e-08 5.90842e-08 5.24823e-08 4.66068e-08 4.13792e-08 3.67293e-08 3.25944e-08 2.89184e-08 2.56512e-08 2.2748e-08
0.00042059 0.000186261 0.000189837 0.000191188 0.000190641 0.000188495 0.000185018 0.000180453 0.000175013 0.00016889 0.00016225 0.000155239 0.000147983 0.00014059 0.000133153 0.000125747 0.000118439 0.000111279 0.000104312 9.75692e-05 9.10778e-05 8.48563e-05 7.89175e-05 7.32696e-05 6.79163e-05 6.28579e-05 5.80917e-05 5.36126e-05 4.94135e-05 4.54858e-05 4.18199e-05 3.84049e-05 3.52298e-05 3.22828e-05 2.9552e-05 2.70257e-05 2.46919e-05 2.2539e-05 2.05558e-05 1.87311e-05 1.70543e-05 1.55153e-05 1.41044e-05 1.28122e-05 1.163e-05 1.05494e-05 9.56282e-06 8.66275e-06 7.84236e-06 7.09525e-06 6.41542e-06 5.79732e-06 5.23575e-06 4.72595e-06 4.26346e-06 3.84419e-06 3.46435e-06 3.12047e-06 2.80934e-06 2.52801e-06 2.27379e-06 2.04419e-06 1.83695e-06 1.64999e-06 1.48143e-06 1.32952e-06 1.19271e-06 1.06954e-06 9.58709e-07 8.59033e-07 7.69428e-07 6.88915e-07 6.16602e-07 5.51682e-07 4.93425e-07 4.41168e-07 3.94312e-07 3.52316e-07 3.14691e-07 2.80994e-07 2.50827e-07 2.23829e-07 1.99677e-07 1.78078e-07 1.58769e-07 1.41513e-07 1.26097e-07 1.12329e-07 1.00036e-07 8.90654e-08 7.92766e-08 7.05452e-08 6.27593e-08 5.58186e-08 4.96332e-08 4.41223e-08 3.92139e-08 3.48432e-08 3.09524e-08 2.74897e-08 2.44088e-08
0.000358002 0.000162345 0.000166506 0.00016864 0.000169025 0.000167916 0.000165549 0.000162135 0.000157866 0.000152912 0.000147424 0.000141536 0.000135365 0.000129011 0.00012256 0.000116088 0.000109656 0.000103317 9.71127e-05 9.10778e-05 8.52397e-05 7.96191e-05 7.42313e-05 6.90869e-05 6.41924e-05 5.95508e-05 5.51622e-05 5.10242e-05 4.71325e-05 4.34812e-05 4.00629e-05 3.68695e-05 3.3892e-05 3.11209e-05 2.85464e-05 2.61583e-05 2.39467e-05 2.19015e-05 2.00128e-05 1.82711e-05 1.66668e-05 1.5191e-05 1.38349e-05 1.25903e-05 1.14491e-05 1.04039e-05 9.44746e-06 8.57316e-06 7.77466e-06 7.04602e-06 6.38169e-06 5.77651e-06 5.22563e-06 4.72458e-06 4.26918e-06 3.85557e-06 3.48018e-06 3.13972e-06 2.83112e-06 2.5516e-06 2.29857e-06 2.06965e-06 1.86267e-06 1.67563e-06 1.50671e-06 1.35423e-06 1.21667e-06 1.09264e-06 9.80846e-07 8.80144e-07 7.89474e-07 7.07874e-07 6.34472e-07 5.68473e-07 5.09156e-07 4.55868e-07 4.08015e-07 3.65062e-07 3.26522e-07 2.91954e-07 2.60963e-07 2.33187e-07 2.08303e-07 1.86018e-07 1.66067e-07 1.48212e-07 1.32238e-07 1.17952e-07 1.0518e-07 9.37654e-08 8.35665e-08 7.44571e-08 6.63232e-08 5.90625e-08 5.25832e-08 4.6803e-08 4.16478e-08 3.70514e-08 3.29543e-08 2.93033e-08 2.60508e-08
0.000304728 0.000141422 0.00014595 0.000148643 0.000149736 0.000149448 0.00014798 0.000145519 0.000142233 0.000138274 0.000133777 0.000128864 0.000123642 0.000118203 0.00011263 0.000106993 0.00010135 9.57531e-05 9.02436e-05 8.48563e-05 7.96191e-05 7.45541e-05 6.96783e-05 6.50042e-05 6.05401e-05 5.62915e-05 5.22605e-05 4.84471e-05 4.48494e-05 4.14634e-05 3.82842e-05 3.53057e-05 3.25208e-05 2.99219e-05 2.7501e-05 2.52498e-05 2.31596e-05 2.12221e-05 1.94285e-05 1.77706e-05 1.62401e-05 1.4829e-05 1.35295e-05 1.23342e-05 1.12359e-05 1.02279e-05 9.30366e-06 8.45705e-06 7.6823e-06 6.97394e-06 6.32685e-06 5.73625e-06 5.19763e-06 4.70682e-06 4.25991e-06 3.85328e-06 3.48357e-06 3.14765e-06 2.84265e-06 2.5659e-06 2.31495e-06 2.08754e-06 1.88157e-06 1.69514e-06 1.5265e-06 1.37402e-06 1.23624e-06 1.1118e-06 9.99474e-07 8.98131e-07 8.06741e-07 7.24369e-07 6.50158e-07 5.8333e-07 5.23179e-07 4.69061e-07 4.20392e-07 3.76641e-07 3.37329e-07 3.02018e-07 2.70314e-07 2.4186e-07 2.16332e-07 1.93438e-07 1.72914e-07 1.54521e-07 1.38043e-07 1.23286e-07 1.10075e-07 9.8252e-08 8.76743e-08 7.8214e-08 6.97556e-08 6.21954e-08 5.544e-08 4.94057e-08 4.40169e-08 3.92061e-08 3.49125e-08 3.10816e-08 2.76643e-08
0.000259382 0.000123132 0.000127854 0.000130927 0.000132545 0.000132895 0.000132151 0.000130472 0.000128007 0.00012489 0.000121242 0.000117172 0.000112778 0.000108145 0.000103349 9.84554e-05 9.35207e-05 8.85933e-05 8.37142e-05 7.89175e-05 7.42313e-05 6.96783e-05 6.52766e-05 6.10398e-05 5.69781e-05 5.30983e-05 4.94046e-05 4.58988e-05 4.25807e-05 3.94484e-05 3.64988e-05 3.37274e-05 3.11291e-05 2.86978e-05 2.64272e-05 2.43103e-05 2.23401e-05 2.05093e-05 1.88106e-05 1.72367e-05 1.57805e-05 1.44349e-05 1.31931e-05 1.20484e-05 1.09945e-05 1.00251e-05 9.13456e-06 8.31716e-06 7.56768e-06 6.8811e-06 6.25273e-06 5.67812e-06 5.15313e-06 4.67386e-06 4.23668e-06 3.83818e-06 3.47523e-06 3.14489e-06 2.84444e-06 2.57135e-06 2.32331e-06 2.09815e-06 1.89389e-06 1.70872e-06 1.54093e-06 1.38899e-06 1.25148e-06 1.12709e-06 1.01463e-06 9.13013e-07 8.21238e-07 7.38393e-07 6.63645e-07 5.96234e-07 5.35469e-07 4.80719e-07 4.3141e-07 3.87021e-07 3.47077e-07 3.1115e-07 2.78847e-07 2.49814e-07 2.23732e-07 2.00309e-07 1.79281e-07 1.60411e-07 1.43484e-07 1.28304e-07 1.14697e-07 1.02502e-07 9.15787e-08 8.17961e-08 7.30383e-08 6.52004e-08 5.8188e-08 5.19161e-08 4.63082e-08 4.12955e-08 3.68161e-08 3.28144e-08 2.92404e-08
0.000220783 0.000107153 0.000111937 0.000115245 0.00011724 0.000118079 0.000117908 0.000116867 0.000115083 0.000112675 0.000109751 0.000106408 0.000102734 9.8807e-05 9.4697e-05 9.04646e-05 8.6163e-05 8.18381e-05 7.75292e-05 7.32696e-05 6.90869e-05 6.50042e-05 6.10398e-05 5.72085e-05 5.35214e-05 4.99866e-05 4.66097e-05 4.3394e-05 4.03409e-05 3.745e-05 3.47197e-05 3.21471e-05 2.97286e-05 2.74596e-05 2.5335e-05 2.33493e-05 2.14967e-05 1.9771e-05 1.81662e-05 1.66759e-05 1.5294e-05 1.40142e-05 1.28306e-05 1.17373e-05 1.07286e-05 9.79896e-06 8.94317e-06 8.15618e-06 7.43318e-06 6.76961e-06 6.16115e-06 5.60374e-06 5.09352e-06 4.62691e-06 4.20051e-06 3.81118e-06 3.45595e-06 3.13209e-06 2.83704e-06 2.56841e-06 2.32402e-06 2.10181e-06 1.89991e-06 1.71657e-06 1.55019e-06 1.39929e-06 1.2625e-06 1.13858e-06 1.02638e-06 9.24835e-07 8.32992e-07 7.49963e-07 6.74939e-07 6.07182e-07 5.46016e-07 4.90826e-07 4.4105e-07 3.96178e-07 3.55744e-07 3.19324e-07 2.86534e-07 2.57024e-07 2.30476e-07 2.06602e-07 1.85142e-07 1.65858e-07 1.48537e-07 1.32984e-07 1.19023e-07 1.06497e-07 9.52608e-08 8.51858e-08 7.61548e-08 6.80623e-08 6.08131e-08 5.43213e-08 4.85096e-08 4.33083e-08 3.86547e-08 3.44924e-08 3.07706e-08
0.000187928 9.3203e-05 9.79467e-05 0.000101377 0.000103629 0.000104832 0.00010511 0.000104583 0.000103361 0.000101548 9.92378e-05 9.65183e-05 9.3468e-05 9.01581e-05 8.66517e-05 8.30053e-05 7.92683e-05 7.54837e-05 7.16891e-05 6.79163e-05 6.41924e-05 6.05401e-05 5.69781e-05 5.35214e-05 5.01818e-05 4.69686e-05 4.38882e-05 4.09452e-05 3.81421e-05 3.54799e-05 3.29582e-05 3.05756e-05 2.83295e-05 2.62167e-05 2.42334e-05 2.23751e-05 2.06371e-05 1.90144e-05 1.75019e-05 1.60941e-05 1.47859e-05 1.35717e-05 1.24464e-05 1.14048e-05 1.04419e-05 9.55264e-06 8.73244e-06 7.97671e-06 7.28112e-06 6.6415e-06 6.05393e-06 5.51467e-06 5.0202e-06 4.56717e-06 4.15248e-06 3.77318e-06 3.42652e-06 3.10994e-06 2.82104e-06 2.55759e-06 2.31751e-06 2.09888e-06 1.89992e-06 1.71896e-06 1.55448e-06 1.40508e-06 1.26945e-06 1.14639e-06 1.0348e-06 9.33663e-07 8.42053e-07 7.59115e-07 6.84065e-07 6.16187e-07 5.54825e-07 4.99381e-07 4.49307e-07 4.04103e-07 3.63314e-07 3.26525e-07 2.93358e-07 2.63468e-07 2.36544e-07 2.12299e-07 1.90477e-07 1.70843e-07 1.53183e-07 1.37307e-07 1.23037e-07 1.10218e-07 9.87044e-08 8.83678e-08 7.90907e-08 7.07675e-08 6.33025e-08 5.66093e-08 5.061e-08 4.52344e-08 4.04191e-08 3.6107e-08 3.22467e-08
0.000159963 8.10321e-05 8.56595e-05 8.91245e-05 9.15359e-05 9.30011e-05 9.36248e-05 9.35077e-05 9.27451e-05 9.14266e-05 8.96357e-05 8.74491e-05 8.49374e-05 8.21645e-05 7.91879e-05 7.60591e-05 7.2824e-05 6.95228e-05 6.61906e-05 6.28579e-05 5.95508e-05 5.62915e-05 5.30983e-05 4.99866e-05 4.69686e-05 4.4054e-05 4.12502e-05 3.85625e-05 3.59944e-05 3.35481e-05 3.12242e-05 2.90222e-05 2.69408e-05 2.49778e-05 2.31304e-05 2.13951e-05 1.97684e-05 1.8246e-05 1.68237e-05 1.5497e-05 1.42613e-05 1.31121e-05 1.20448e-05 1.10549e-05 1.01378e-05 9.2893e-06 8.50515e-06 7.78126e-06 7.11372e-06 6.49877e-06 5.93284e-06 5.4125e-06 4.93454e-06 4.49588e-06 4.09365e-06 3.72513e-06 3.38776e-06 3.07915e-06 2.79706e-06 2.53941e-06 2.30425e-06 2.08975e-06 1.89425e-06 1.71616e-06 1.55405e-06 1.40657e-06 1.27249e-06 1.15065e-06 1.04001e-06 9.39585e-07 8.4849e-07 7.65899e-07 6.91059e-07 6.23276e-07 5.61915e-07 5.06395e-07 4.56184e-07 4.10795e-07 3.69784e-07 3.32746e-07 2.99309e-07 2.69137e-07 2.41922e-07 2.17385e-07 1.95271e-07 1.75349e-07 1.57408e-07 1.41258e-07 1.26724e-07 1.13651e-07 1.01896e-07 9.13288e-08 8.18335e-08 7.33042e-08 6.56451e-08 5.87696e-08 5.25997e-08 4.70647e-08 4.21008e-08 3.76504e-08 3.36617e-08
0.000136159 7.04196e-05 7.48757e-05 7.83072e-05 8.08014e-05 8.24463e-05 8.3329e-05 8.35344e-05 8.31439e-05 8.22349e-05 8.08801e-05 7.91471e-05 7.70985e-05 7.47915e-05 7.22782e-05 6.96055e-05 6.68153e-05 6.39451e-05 6.10276e-05 5.80917e-05 5.51622e-05 5.22605e-05 4.94046e-05 4.66097e-05 4.38882e-05 4.12502e-05 3.87035e-05 3.62541e-05 3.39063e-05 3.1663e-05 2.95258e-05 2.7495e-05 2.55702e-05 2.37502e-05 2.2033e-05 2.04162e-05 1.88968e-05 1.74716e-05 1.6137e-05 1.48894e-05 1.3725e-05 1.26397e-05 1.16297e-05 1.06909e-05 9.81962e-06 9.01188e-06 8.26395e-06 7.57221e-06 6.93314e-06 6.34334e-06 5.79958e-06 5.29875e-06 4.83791e-06 4.41424e-06 4.02509e-06 3.66796e-06 3.34048e-06 3.04043e-06 2.76573e-06 2.51443e-06 2.28469e-06 2.07483e-06 1.88325e-06 1.70847e-06 1.54914e-06 1.40397e-06 1.27179e-06 1.15151e-06 1.04213e-06 9.42702e-07 8.52385e-07 7.70385e-07 6.95977e-07 6.28492e-07 5.67317e-07 5.11891e-07 4.61697e-07 4.16264e-07 3.75158e-07 3.37985e-07 3.04384e-07 2.74024e-07 2.46604e-07 2.21851e-07 1.99515e-07 1.79366e-07 1.61199e-07 1.44825e-07 1.30072e-07 1.16786e-07 1.04824e-07 9.40579e-08 8.43726e-08 7.56622e-08 6.78312e-08 6.07933e-08 5.44702e-08 4.87911e-08 4.36921e-08 3.91155e-08 3.50088e-08
0.000115897 6.11712e-05 6.54175e-05 6.87645e-05 7.12813e-05 7.30392e-05 7.41099e-05 7.45645e-05 7.44722e-05 7.38992e-05 7.29087e-05 7.15598e-05 6.99079e-05 6.80038e-05 6.58944e-05 6.36221e-05 6.12253e-05 5.87383e-05 5.61918e-05 5.36126e-05 5.10242e-05 4.84471e-05 4.58988e-05 4.3394e-05 4.09452e-05 3.85625e-05 3.62541e-05 3.40264e-05 3.18844e-05 2.98315e-05 2.78698e-05 2.60007e-05 2.42244e-05 2.25404e-05 2.09475e-05 1.9444e-05 1.80278e-05 1.66963e-05 1.54468e-05 1.42761e-05 1.3181e-05 1.21583e-05 1.12046e-05 1.03164e-05 9.49035e-06 8.72311e-06 8.01135e-06 7.35183e-06 6.74141e-06 6.17705e-06 5.65582e-06 5.17491e-06 4.73162e-06 4.32341e-06 3.94784e-06 3.60259e-06 3.2855e-06 2.99451e-06 2.72767e-06 2.48318e-06 2.25933e-06 2.05453e-06 1.86728e-06 1.69621e-06 1.54002e-06 1.39751e-06 1.26756e-06 1.14914e-06 1.0413e-06 9.43133e-07 8.53837e-07 7.72652e-07 6.98883e-07 6.31886e-07 5.71073e-07 5.15901e-07 4.65871e-07 4.20527e-07 3.79448e-07 3.42252e-07 3.08586e-07 2.78129e-07 2.50588e-07 2.25694e-07 2.03202e-07 1.82888e-07 1.6455e-07 1.48001e-07 1.33073e-07 1.19612e-07 1.07479e-07 9.65465e-08 8.66994e-08 7.78332e-08 6.98529e-08 6.26724e-08 5.62139e-08 5.04066e-08 4.51865e-08 4.04959e-08 3.62823e-08
9.86506e-05 5.31159e-05 5.71273e-05 6.03526e-05 6.28454e-05 6.46628e-05 6.58635e-05 6.65064e-05 6.66497e-05 6.635e-05 6.56618e-05 6.46365e-05 6.33228e-05 6.17658e-05 6.00073e-05 5.80856e-05 5.60355e-05 5.38886e-05 5.16729e-05 4.94135e-05 4.71325e-05 4.48494e-05 4.25807e-05 4.03409e-05 3.81421e-05 3.59944e-05 3.39063e-05 3.18844e-05 2.99339e-05 2.80589e-05 2.6262e-05 2.4545e-05 2.29089e-05 2.13537e-05 1.98791e-05 1.84838e-05 1.71664e-05 1.5925e-05 1.47573e-05 1.3661e-05 1.26333e-05 1.16716e-05 1.07728e-05 9.93422e-06 9.15278e-06 8.42557e-06 7.74968e-06 7.12225e-06 6.54048e-06 6.00165e-06 5.50313e-06 5.04238e-06 4.61696e-06 4.22455e-06 3.86291e-06 3.52994e-06 3.22363e-06 2.94209e-06 2.68352e-06 2.44623e-06 2.22864e-06 2.02927e-06 1.84673e-06 1.6797e-06 1.52698e-06 1.38743e-06 1.26001e-06 1.14372e-06 1.03767e-06 9.41006e-07 8.52954e-07 7.72792e-07 6.99853e-07 6.33523e-07 5.73234e-07 5.18466e-07 4.68738e-07 4.23609e-07 3.82674e-07 3.4556e-07 3.11926e-07 2.8146e-07 2.53877e-07 2.28913e-07 2.06331e-07 1.85912e-07 1.67455e-07 1.5078e-07 1.35721e-07 1.22125e-07 1.09856e-07 9.87878e-08 8.88072e-08 7.98104e-08 7.17034e-08 6.44006e-08 5.78246e-08 5.19051e-08 4.65782e-08 4.17863e-08 3.7477e-08
8.39704e-05 4.61034e-05 4.98653e-05 5.29426e-05 5.53762e-05 5.7211e-05 5.84944e-05 5.9275e-05 5.96015e-05 5.95218e-05 5.90825e-05 5.83283e-05 5.73017e-05 5.60425e-05 5.45879e-05 5.29722e-05 5.12269e-05 4.93806e-05 4.74592e-05 4.54858e-05 4.34812e-05 4.14634e-05 3.94484e-05 3.745e-05 3.54799e-05 3.35481e-05 3.1663e-05 2.98315e-05 2.80589e-05 2.63495e-05 2.47067e-05 2.31325e-05 2.16283e-05 2.01949e-05 1.88323e-05 1.75399e-05 1.63168e-05 1.51615e-05 1.40725e-05 1.30478e-05 1.20853e-05 1.11826e-05 1.03374e-05 9.54723e-06 8.80947e-06 8.12161e-06 7.48111e-06 6.88544e-06 6.33214e-06 5.81878e-06 5.343e-06 4.90252e-06 4.49514e-06 4.11874e-06 3.7713e-06 3.45089e-06 3.15566e-06 2.88388e-06 2.63389e-06 2.40413e-06 2.19313e-06 1.9995e-06 1.82196e-06 1.65927e-06 1.5103e-06 1.37399e-06 1.24934e-06 1.13543e-06 1.03141e-06 9.36462e-07 8.49857e-07 7.70906e-07 6.98974e-07 6.33473e-07 5.7386e-07 5.19637e-07 4.7034e-07 4.25545e-07 3.84861e-07 3.47929e-07 3.14419e-07 2.84028e-07 2.56478e-07 2.31515e-07 2.08906e-07 1.88438e-07 1.69916e-07 1.53161e-07 1.38012e-07 1.2432e-07 1.11949e-07 1.00777e-07 9.06911e-08 8.15889e-08 7.33777e-08 6.59727e-08 5.92973e-08 5.32817e-08 4.78624e-08 4.29821e-08 3.85884e-08
7.14748e-05 4.00017e-05 4.35076e-05 4.64195e-05 4.87678e-05 5.05873e-05 5.19156e-05 5.27924e-05 5.32581e-05 5.33531e-05 5.31171e-05 5.25885e-05 5.18044e-05 5.07996e-05 4.96072e-05 4.82577e-05 4.67794e-05 4.51983e-05 4.3538e-05 4.18199e-05 4.00629e-05 3.82842e-05 3.64988e-05 3.47197e-05 3.29582e-05 3.12242e-05 2.95258e-05 2.78698e-05 2.6262e-05 2.47067e-05 2.32074e-05 2.17668e-05 2.03865e-05 1.90678e-05 1.7811e-05 1.66161e-05 1.54825e-05 1.44095e-05 1.33958e-05 1.24398e-05 1.154e-05 1.06944e-05 9.90111e-06 9.15794e-06 8.46277e-06 7.81341e-06 7.20764e-06 6.64327e-06 6.1181e-06 5.63e-06 5.17685e-06 4.75662e-06 4.36732e-06 4.00704e-06 3.67395e-06 3.36628e-06 3.08235e-06 2.82056e-06 2.5794e-06 2.35742e-06 2.15326e-06 1.96564e-06 1.79335e-06 1.63525e-06 1.49028e-06 1.35744e-06 1.23579e-06 1.12448e-06 1.02268e-06 9.29646e-07 8.4467e-07 7.67102e-07 6.96336e-07 6.31815e-07 5.73018e-07 5.19468e-07 4.70721e-07 4.26372e-07 3.86042e-07 3.49386e-07 3.16086e-07 2.85849e-07 2.58405e-07 2.33509e-07 2.10934e-07 1.90472e-07 1.71934e-07 1.55145e-07 1.39948e-07 1.26196e-07 1.13758e-07 1.02512e-07 9.2348e-08 8.31652e-08 7.4872e-08 6.73849e-08 6.06281e-08 5.45325e-08 4.90353e-08 4.40793e-08 3.96129e-08
6.08387e-05 3.46951e-05 3.79447e-05 4.06809e-05 4.29254e-05 4.47043e-05 4.60474e-05 4.69866e-05 4.75551e-05 4.77866e-05 4.77148e-05 4.73727e-05 4.67922e-05 4.60039e-05 4.50368e-05 4.39181e-05 4.26731e-05 4.13253e-05 3.98961e-05 3.84049e-05 3.68695e-05 3.53057e-05 3.37274e-05 3.21471e-05 3.05756e-05 2.90222e-05 2.7495e-05 2.60007e-05 2.4545e-05 2.31325e-05 2.17668e-05 2.04508e-05 1.91865e-05 1.79754e-05 1.68182e-05 1.57154e-05 1.46669e-05 1.3672e-05 1.273e-05 1.18398e-05 1.10002e-05 1.02095e-05 9.46624e-06 8.76861e-06 8.11481e-06 7.50294e-06 6.93112e-06 6.39742e-06 5.89993e-06 5.43674e-06 5.006e-06 4.60588e-06 4.23461e-06 3.89045e-06 3.57176e-06 3.27693e-06 3.00443e-06 2.7528e-06 2.52064e-06 2.30663e-06 2.10952e-06 1.92811e-06 1.76128e-06 1.60797e-06 1.4672e-06 1.33803e-06 1.21959e-06 1.11105e-06 1.01167e-06 9.20712e-07 8.37527e-07 7.61494e-07 6.9204e-07 6.28633e-07 5.70779e-07 5.18021e-07 4.69936e-07 4.26134e-07 3.86253e-07 3.49961e-07 3.16952e-07 2.86943e-07 2.59674e-07 2.34907e-07 2.12423e-07 1.9202e-07 1.73514e-07 1.56735e-07 1.41529e-07 1.27755e-07 1.15282e-07 1.03992e-07 9.37764e-08 8.45372e-08 7.6184e-08 6.86346e-08 6.18142e-08 5.56546e-08 5.00937e-08 4.50751e-08 4.05475e-08
5.17853e-05 3.00821e-05 3.30798e-05 3.56355e-05 3.77636e-05 3.94834e-05 4.08177e-05 4.17919e-05 4.2433e-05 4.2769e-05 4.28283e-05 4.26389e-05 4.22284e-05 4.16233e-05 4.08491e-05 3.99298e-05 3.8888e-05 3.77447e-05 3.65194e-05 3.52298e-05 3.3892e-05 3.25208e-05 3.11291e-05 2.97286e-05 2.83295e-05 2.69408e-05 2.55702e-05 2.42244e-05 2.29089e-05 2.16283e-05 2.03865e-05 1.91865e-05 1.80304e-05 1.69201e-05 1.58567e-05 1.48406e-05 1.38723e-05 1.29515e-05 1.20777e-05 1.12503e-05 1.04681e-05 9.73012e-06 9.03499e-06 8.38129e-06 7.76749e-06 7.19201e-06 6.65322e-06 6.14946e-06 5.67905e-06 5.24034e-06 4.83167e-06 4.45143e-06 4.09802e-06 3.76991e-06 3.46559e-06 3.18362e-06 2.92261e-06 2.68123e-06 2.45819e-06 2.25229e-06 2.06236e-06 1.88732e-06 1.72611e-06 1.57777e-06 1.44137e-06 1.31604e-06 1.20096e-06 1.09536e-06 9.98538e-07 9.09813e-07 8.28562e-07 7.54202e-07 6.86189e-07 6.24018e-07 5.67221e-07 5.15363e-07 4.6804e-07 4.24879e-07 3.85535e-07 3.49688e-07 3.17045e-07 2.87334e-07 2.60305e-07 2.35726e-07 2.13387e-07 1.93093e-07 1.74664e-07 1.57937e-07 1.42761e-07 1.28998e-07 1.16522e-07 1.05217e-07 9.49763e-08 8.57044e-08 7.73127e-08 6.97203e-08 6.28538e-08 5.66459e-08 5.10357e-08 4.59672e-08 4.13898e-08
