0.399139 0.12645 0.0386733 0.012972 0.00158111 0.00013742 1.00831e-05 6.70182e-07 4.18291e-08 2.50238e-09 1.45296e-10 8.25395e-12 4.61221e-13 2.54448e-14 1.38955e-15 7.52598e-17 4.04849e-18 2.1654e-19 1.15257e-20 6.10912e-22 3.2263e-23 1.6984e-24 8.91548e-26 4.66822e-27 2.43878e-28 1.27147e-29 6.61654e-31 3.43733e-32 1.78295e-33 9.23338e-35 4.77627e-36
0.12645 0.0459312 0.0182285 0.00135453 7.89283e-05 4.20222e-06 2.14938e-07 1.07886e-08 5.36732e-10 2.65958e-11 1.31577e-12 6.50696e-14 3.21858e-15 1.59278e-16 7.88672e-18 3.90752e-19 1.93715e-20 9.60883e-22 4.76875e-23 2.36782e-24 1.17621e-25 5.84517e-27 2.90583e-28 1.44508e-29 7.18865e-31 3.57706e-32 1.78041e-33 8.86374e-35 4.41324e-36 2.10662e-37 1.04959e-38
0.0386733 0.0182285 0.00109781 6.0519e-05 3.14458e-06 1.58291e-07 7.84579e-09 3.86279e-10 1.89754e-11 9.32066e-13 4.58229e-14 2.25558e-15 1.11174e-16 5.48647e-18 2.71072e-19 1.34069e-20 6.63695e-22 3.28825e-23 1.63033e-24 8.08841e-26 4.01514e-27 1.99416e-28 9.90869e-30 4.92552e-31 2.44934e-32 1.2184e-33 6.06271e-35 3.01738e-36 1.46582e-37 7.2835e-39 3.6287e-40
0.012972 0.00135453 6.0519e-05 2.85804e-06 1.36778e-07 6.56931e-09 3.16362e-10 1.52846e-11 7.41095e-13 3.6059e-14 1.76012e-15 8.61582e-17 4.22769e-18 2.07878e-19 1.02395e-20 5.05128e-22 2.49508e-23 1.23382e-24 6.10709e-26 3.0254e-27 1.49986e-28 7.44046e-30 3.69317e-31 1.83409e-32 9.11261e-34 4.52942e-35 2.25209e-36 1.10556e-37 5.49117e-39 2.72761e-40 1.35828e-41
0.00158111 7.89283e-05 3.14458e-06 1.36778e-07 6.20953e-09 2.88363e-10 1.35816e-11 6.46167e-13 3.09831e-14 1.49488e-15 7.24882e-17 3.52941e-18 1.72421e-19 8.44648e-21 4.14722e-22 2.0402e-23 1.0053e-24 4.96047e-26 2.45057e-27 1.21188e-28 5.99853e-30 2.97148e-31 1.47301e-32 7.30643e-34 3.62615e-35 1.8005e-36 8.88487e-38 4.41014e-39 2.18928e-40 1.08683e-41 5.40833e-43
0.00013742 4.20222e-06 1.58291e-07 6.56931e-09 2.88363e-10 1.30839e-11 6.06314e-13 2.85094e-14 1.35493e-15 6.492e-17 3.13035e-18 1.51703e-19 7.38162e-21 3.60365e-22 1.76407e-23 8.65518e-25 4.25467e-26 2.0949e-27 1.03292e-28 5.0991e-30 2.51987e-31 1.24642e-32 6.17024e-34 3.05671e-35 1.51524e-36 7.49125e-38 3.71483e-39 1.84261e-40 9.14069e-42 4.53452e-43 2.25467e-44
1.00831e-05 2.14938e-07 7.84579e-09 3.16362e-10 1.35816e-11 6.06314e-13 2.77649e-14 1.29388e-15 6.10637e-17 2.90926e-18 1.3962e-19 6.73908e-21 3.26771e-22 1.59039e-23 7.76412e-25 3.80006e-26 1.8639e-27 9.15901e-29 4.50772e-30 2.22154e-31 1.09614e-32 5.41417e-34 2.67667e-35 1.32437e-36 6.54743e-38 3.24265e-39 1.60665e-40 7.96292e-42 3.94721e-43 1.95667e-44 9.7211e-46
6.70182e-07 1.07886e-08 3.86279e-10 1.52846e-11 6.46167e-13 2.85094e-14 1.29388e-15 5.98764e-17 2.80991e-18 1.33247e-19 6.36922e-21 3.06361e-22 1.48098e-23 7.1883e-25 3.50069e-26 1.70958e-27 8.36847e-29 4.10461e-30 2.01671e-31 9.92347e-33 4.88932e-34 2.41174e-35 1.19083e-36 5.88089e-38 2.90803e-39 1.4389e-40 7.12326e-42 3.52761e-43 1.7473e-44 8.65516e-46 4.29665e-47
4.18291e-08 5.36732e-10 1.89754e-11 7.41095e-13 3.09831e-14 1.35493e-15 6.10637e-17 2.80991e-18 1.31251e-19 6.19929e-21 2.9531e-22 1.41614e-23 6.82731e-25 3.30576e-26 1.60636e-27 7.829e-29 3.8253e-30 1.87308e-31 9.18866e-33 4.51487e-34 2.2215e-35 1.09442e-36 5.39573e-38 2.66337e-39 1.31574e-40 6.50445e-42 3.21733e-43 1.59205e-44 7.87989e-46 3.9005e-47 1.93487e-48
2.50238e-09 2.65958e-11 9.32066e-13 3.6059e-14 1.49488e-15 6.492e-17 2.90926e-18 1.33247e-19 6.19929e-21 2.91805e-22 1.38586e-23 6.62798e-25 3.18768e-26 1.54009e-27 7.46877e-29 3.63346e-30 1.77235e-31 8.66499e-33 4.24463e-34 2.08283e-35 1.02357e-36 5.03594e-38 2.48081e-39 1.22334e-40 6.0379e-42 2.98231e-43 1.47396e-44 7.2882e-46 3.60477e-47 1.78314e-48 8.83914e-50
1.45296e-10 1.31577e-12 4.58229e-14 1.76012e-15 7.24882e-17 3.13035e-18 1.3962e-19 6.36922e-21 2.9531e-22 1.38586e-23 6.56417e-25 3.13182e-26 1.50295e-27 7.2469e-29 3.50806e-30 1.70378e-31 8.29798e-33 4.05108e-34 1.98183e-35 9.71279e-37 4.76729e-38 2.34328e-39 1.1532e-40 5.6814e-42 2.80166e-43 1.38269e-44 6.82853e-46 3.37403e-47 1.66768e-48 8.24415e-50 4.08397e-51
8.25395e-12 6.50696e-14 2.25558e-15 8.61582e-17 3.52941e-18 1.51703e-19 6.73908e-21 3.06361e-22 1.41614e-23 6.62798e-25 3.13182e-26 1.49097e-27 7.14095e-29 3.43699e-30 1.661e-31 8.05469e-33 3.91734e-34 1.90993e-35 9.33209e-37 4.56816e-38 2.23991e-39 1.09989e-40 5.40787e-42 2.66192e-43 1.31158e-44 6.46802e-46 3.19196e-47 1.5761e-48 7.78523e-50 3.84629e-51 1.90418e-52
4.61221e-13 3.21858e-15 1.11174e-16 4.22769e-18 1.72421e-19 7.38162e-21 3.26771e-22 1.48098e-23 6.82731e-25 3.18768e-26 1.50295e-27 7.14095e-29 3.41395e-30 1.64043e-31 7.9156e-33 3.83308e-34 1.86174e-35 9.06594e-37 4.42456e-38 2.16363e-39 1.05984e-40 5.1994e-42 2.55416e-43 1.2562e-44 6.18476e-46 3.04776e-47 1.50303e-48 7.41676e-50 3.66134e-51 1.80785e-52 8.94482e-54
2.54448e-14 1.59278e-16 5.48647e-18 2.07878e-19 8.44648e-21 3.60365e-22 1.59039e-23 7.1883e-25 3.30576e-26 1.54009e-27 7.2469e-29 3.43699e-30 1.64043e-31 7.87032e-33 3.79232e-34 1.834e-35 8.89694e-37 4.32748e-38 2.10979e-39 1.03067e-40 5.04396e-42 2.47232e-43 1.2135e-44 5.96367e-46 2.93399e-47 1.44483e-48 7.12068e-50 3.51158e-51 1.73252e-52 8.55002e-54 4.22799e-55
1.38955e-15 7.88672e-18 2.71072e-19 1.02395e-20 4.14722e-22 1.76407e-23 7.76412e-25 3.50069e-26 1.60636e-27 7.46877e-29 3.50806e-30 1.661e-31 7.9156e-33 3.79232e-34 1.82494e-35 8.81482e-37 4.27128e-38 2.07538e-39 1.01081e-40 4.9334e-42 2.41223e-43 1.18139e-44 5.79419e-46 2.84542e-47 1.39891e-48 6.88436e-50 3.39079e-51 1.67121e-52 8.2408e-54 4.06477e-55 2.00897e-56
7.52598e-17 3.90752e-19 1.34069e-20 5.05128e-22 2.0402e-23 8.65518e-25 3.80006e-26 1.70958e-27 7.829e-29 3.63346e-30 1.70378e-31 8.05469e-33 3.83308e-34 1.834e-35 8.81482e-37 4.25288e-38 2.0586e-39 9.99263e-41 4.86238e-42 2.37108e-43 1.15841e-44 5.6689e-46 2.7783e-47 1.36343e-48 6.69871e-50 3.29454e-51 1.62173e-52 7.98855e-54 3.93715e-55 1.94105e-56 9.58861e-58
4.04849e-18 1.93715e-20 6.63695e-22 2.49508e-23 1.0053e-24 4.25467e-26 1.8639e-27 8.36847e-29 3.8253e-30 1.77235e-31 8.29798e-33 3.91734e-34 1.86174e-35 8.89694e-37 4.27128e-38 2.0586e-39 9.95473e-41 4.82764e-42 2.34706e-43 1.14358e-44 5.58268e-46 2.73e-47 1.33704e-48 6.55708e-50 3.21959e-51 1.58252e-52 7.78557e-54 3.83312e-55 1.88822e-56 9.30474e-58 4.59427e-59
2.1654e-19 9.60883e-22 3.28825e-23 1.23382e-24 4.96047e-26 2.0949e-27 9.15901e-29 4.10461e-30 1.87308e-31 8.66499e-33 4.05108e-34 1.90993e-35 9.06594e-37 4.32748e-38 2.07538e-39 9.99263e-41 4.82764e-42 2.33917e-43 1.1363e-44 5.53221e-46 2.69873e-47 1.3188e-48 6.45466e-50 3.16352e-51 1.5524e-52 7.62624e-54 3.74992e-55 1.8453e-56 9.08577e-58 4.4753e-59 2.2087e-60
1.15257e-20 4.76875e-23 1.63033e-24 6.10709e-26 2.45057e-27 1.03292e-28 4.50772e-30 2.01671e-31 9.18866e-33 4.24463e-34 1.98183e-35 9.33209e-37 4.42456e-38 2.10979e-39 1.01081e-40 4.86238e-42 2.34706e-43 1.1363e-44 5.51559e-46 2.68336e-47 1.30809e-48 6.38812e-50 3.12463e-51 1.53052e-52 7.50637e-54 3.68557e-55 1.81133e-56 8.90912e-58 4.38465e-59 2.15879e-60 1.06497e-61
6.10912e-22 2.36782e-24 8.08841e-26 3.0254e-27 1.21188e-28 5.0991e-30 2.22154e-31 9.92347e-33 4.51487e-34 2.08283e-35 9.71279e-37 4.56816e-38 2.16363e-39 1.03067e-40 4.9334e-42 2.37108e-43 1.14358e-44 5.53221e-46 2.68336e-47 1.30456e-48 6.35535e-50 3.10173e-51 1.51626e-52 7.42286e-54 3.63856e-55 1.7856e-56 8.77139e-58 4.31229e-59 2.12139e-60 1.04405e-61 5.14832e-63
3.2263e-23 1.17621e-25 4.01514e-27 1.49986e-28 5.99853e-30 2.51987e-31 1.09614e-32 4.88932e-34 2.2215e-35 1.02357e-36 4.76729e-38 2.23991e-39 1.05984e-40 5.04396e-42 2.41223e-43 1.15841e-44 5.58268e-46 2.69873e-47 1.30809e-48 6.35535e-50 3.09418e-51 1.50922e-52 7.3736e-54 3.60782e-55 1.7676e-56 8.67017e-58 4.25708e-59 2.092e-60 1.02872e-61 5.06091e-63 2.49459e-64
1.6984e-24 5.84517e-27 1.99416e-28 7.44046e-30 2.97148e-31 1.24642e-32 5.41417e-34 2.41174e-35 1.09442e-36 5.03594e-38 2.34328e-39 1.09989e-40 5.1994e-42 2.47232e-43 1.18139e-44 5.6689e-46 2.73e-47 1.3188e-48 6.38812e-50 3.10173e-51 1.50922e-52 7.35731e-54 3.59263e-55 1.75694e-56 8.60369e-58 4.21821e-59 2.07025e-60 1.01693e-61 4.99867e-63 2.45824e-64 1.21124e-65
8.91548e-26 2.90583e-28 9.90869e-30 3.69317e-31 1.47301e-32 6.17024e-34 2.67667e-35 1.19083e-36 5.39573e-38 2.48081e-39 1.1532e-40 5.40787e-42 2.55416e-43 1.2135e-44 5.79419e-46 2.7783e-47 1.33704e-48 6.45466e-50 3.12463e-51 1.51626e-52 7.3736e-54 3.59263e-55 1.75342e-56 8.57075e-58 4.19513e-59 2.05588e-60 1.00857e-61 4.95226e-63 2.43334e-64 1.19624e-65 5.89203e-67
4.66822e-27 1.44508e-29 4.92552e-31 1.83409e-32 7.30643e-34 3.05671e-35 1.32437e-36 5.88089e-38 2.66337e-39 1.22334e-40 5.6814e-42 2.66192e-43 1.2562e-44 5.96367e-46 2.84542e-47 1.36343e-48 6.55708e-50 3.16352e-51 1.53052e-52 7.42286e-54 3.60782e-55 1.75694e-56 8.57075e-58 4.18747e-59 2.04873e-60 1.00359e-61 4.92141e-63 2.41557e-64 1.18648e-65 5.8308e-67 2.87092e-68
2.43878e-28 7.18865e-31 2.44934e-32 9.11261e-34 3.62615e-35 1.51524e-36 6.54743e-38 2.90803e-39 1.31574e-40 6.0379e-42 2.80166e-43 1.31158e-44 6.18476e-46 2.93399e-47 1.39891e-48 6.69871e-50 3.21959e-51 1.5524e-52 7.50637e-54 3.63856e-55 1.7676e-56 8.60369e-58 4.19513e-59 2.04873e-60 1.00193e-61 4.90601e-63 2.4049e-64 1.17996e-65 5.79372e-67 2.84631e-68 1.40097e-69
1.27147e-29 3.57706e-32 1.2184e-33 4.52942e-35 1.8005e-36 7.49125e-38 3.24265e-39 1.4389e-40 6.50445e-42 2.98231e-43 1.38269e-44 6.46802e-46 3.04776e-47 1.44483e-48 6.88436e-50 3.29454e-51 1.58252e-52 7.62624e-54 3.68557e-55 1.7856e-56 8.67017e-58 4.21821e-59 2.05588e-60 1.00359e-61 4.90601e-63 2.40134e-64 1.17669e-65 5.77137e-67 2.83285e-68 1.39127e-69 6.84571e-71
6.61654e-31 1.78041e-33 6.06271e-35 2.25209e-36 8.88487e-38 3.71483e-39 1.60665e-40 7.12326e-42 3.21733e-43 1.47396e-44 6.82853e-46 3.19196e-47 1.50303e-48 7.12068e-50 3.39079e-51 1.62173e-52 7.78557e-54 3.74992e-55 1.81133e-56 8.77139e-58 4.25708e-59 2.07025e-60 1.00857e-61 4.92141e-63 2.4049e-64 1.17669e-65 5.76389e-67 2.8261e-68 1.38674e-69 6.80848e-71 3.34905e-72
3.43733e-32 8.86374e-35 3.01738e-36 1.10556e-37 4.41014e-39 1.84261e-40 7.96292e-42 3.52761e-43 1.59205e-44 7.2882e-46 3.37403e-47 1.5761e-48 7.41676e-50 3.51158e-51 1.67121e-52 7.98855e-54 3.83312e-55 1.8453e-56 8.90912e-58 4.31229e-59 2.092e-60 1.01693e-61 4.95226e-63 2.41557e-64 1.17996e-65 5.77137e-67 2.8261e-68 1.38522e-69 6.79505e-71 3.33522e-72 1.64009e-73
1.78295e-33 4.41324e-36 1.46582e-37 5.49117e-39 2.18928e-40 9.14069e-42 3.94721e-43 1.7473e-44 7.87989e-46 3.60477e-47 1.66768e-48 7.78523e-50 3.66134e-51 1.73252e-52 8.2408e-54 3.93715e-55 1.88822e-56 9.08577e-58 4.38465e-59 2.12139e-60 1.02872e-61 4.99867e-63 2.43334e-64 1.18648e-65 5.79372e-67 2.83285e-68 1.38674e-69 6.79505e-71 3.33228e-72 1.63514e-73 8.03847e-75
9.23338e-35 2.10662e-37 7.2835e-39 2.72761e-40 1.08683e-41 4.53452e-43 1.95667e-44 8.65516e-46 3.9005e-47 1.78314e-48 8.24415e-50 3.84629e-51 1.80785e-52 8.55002e-54 4.06477e-55 1.94105e-56 9.30474e-58 4.4753e-59 2.15879e-60 1.04405e-61 5.06091e-63 2.45824e-64 1.19624e-65 5.8308e-67 2.84631e-68 1.39127e-69 6.80848e-71 3.33522e-72 1.63514e-73 8.02146e-75 3.94237e-76
4.77627e-36 1.04959e-38 3.6287e-40 1.35828e-41 5.40833e-43 2.25467e-44 9.7211e-46 4.29665e-47 1.93487e-48 8.83914e-50 4.08397e-51 1.90418e-52 8.94482e-54 4.22799e-55 2.00897e-56 9.58861e-58 4.59427e-59 2.2087e-60 1.06497e-61 5.14832e-63 2.49459e-64 1.21124e-65 5.89203e-67 2.87092e-68 1.40097e-69 6.84571e-71 3.34905e-72 1.64009e-73 8.03847e-75 3.94237e-76 1.93705e-77
