0.0551709 0.0358127 0.0232468 0.0150901 0.0097953 0.00635835 0.00412735 0.00267916 0.0017391 0.00112889 0.000732789 0.00047567 0.000308768 0.000200429 0.000130103 8.44527e-05 5.48202e-05 3.5585e-05 2.3099e-05 1.49941e-05 9.73302e-06 6.31793e-06 4.10111e-06 2.66212e-06 1.72805e-06 1.12171e-06 7.2813e-07 4.72646e-07 3.06805e-07 1.99154e-07 1.29276e-07 8.39157e-08 5.44716e-08 3.53588e-08 2.29522e-08 1.48988e-08 9.67114e-09 6.27776e-09 4.07504e-09 2.6452e-09 1.71706e-09 1.11458e-09 7.235e-10 4.69641e-10 3.04854e-10 1.97888e-10 1.28454e-10 8.33822e-11 5.41253e-11 3.51339e-11 2.28062e-11 1.48041e-11 9.60965e-12 6.23784e-12 4.04913e-12 2.62838e-12 1.70614e-12 1.1075e-12 7.189e-13 4.66655e-13 3.02916e-13 1.9663e-13 1.27637e-13 8.2852e-14 5.37811e-14 3.49106e-14 2.26612e-14 1.47099e-14 9.54855e-15 6.19818e-15 4.02338e-15 2.61167e-15 1.69529e-15 1.10045e-15 7.1433e-16 4.63688e-16 3.0099e-16 1.9538e-16 1.26825e-16 8.23252e-17 5.34392e-17 3.46886e-17 2.25172e-17 1.46164e-17 9.48784e-18 6.15877e-18 3.9978e-18 2.59506e-18 1.68451e-18 1.09346e-18 7.09788e-19 4.60739e-19 2.99076e-19 1.94137e-19 1.26019e-19 8.18018e-20 5.30994e-20 3.4468e-20 2.2374e-20 1.45235e-20 9.42751e-21
0.0358127 0.0269954 0.0199566 0.0145337 0.0104595 0.00745501 0.00527123 0.0037021 0.00258515 0.00179624 0.00124268 0.000856442 0.000588255 0.000402829 0.000275103 0.000187415 0.000127394 8.64188e-05 5.85142e-05 3.95524e-05 2.66931e-05 1.79884e-05 1.21059e-05 8.13689e-06 5.46271e-06 3.66338e-06 2.4542e-06 1.64255e-06 1.09833e-06 7.33796e-07 4.89855e-07 3.2676e-07 2.17809e-07 1.45086e-07 9.65807e-08 6.42522e-08 4.27199e-08 2.83875e-08 1.88535e-08 1.25151e-08 8.30358e-09 5.50671e-09 3.65026e-09 2.41862e-09 1.60189e-09 1.06054e-09 7.01865e-10 4.64324e-10 3.07069e-10 2.03003e-10 1.34161e-10 8.86364e-11 5.85418e-11 3.86537e-11 2.55148e-11 1.68374e-11 1.11081e-11 7.32645e-12 4.83101e-12 3.18476e-12 2.09901e-12 1.3831e-12 9.11159e-13 6.00126e-13 3.95185e-13 2.60178e-13 1.71259e-13 1.12708e-13 7.41607e-14 4.87882e-14 3.20907e-14 2.11041e-14 1.38766e-14 9.12282e-15 5.9966e-15 3.94106e-15 2.58974e-15 1.70151e-15 1.11776e-15 7.34183e-16 4.82168e-16 3.16617e-16 2.0788e-16 1.3647e-16 8.95787e-17 5.87922e-17 3.85818e-17 2.5316e-17 1.66095e-17 1.08961e-17 7.14717e-18 4.68762e-18 3.07414e-18 2.01582e-18 1.3217e-18 8.6651e-19 5.68029e-19 3.72329e-19 2.44029e-19 1.59925e-19 1.04798e-19
0.0232468 0.0199566 0.0163679 0.013006 0.0100955 0.00769588 0.00578252 0.00429375 0.00315687 0.00230154 0.00166581 0.00119807 0.000856863 0.000609796 0.000432042 0.000304878 0.000214362 0.00015022 0.000104953 7.31215e-05 5.08135e-05 3.52271e-05 2.43676e-05 1.68209e-05 1.15891e-05 7.97013e-06 5.47197e-06 3.75084e-06 2.5672e-06 1.75459e-06 1.19758e-06 8.16362e-07 5.55822e-07 3.77998e-07 2.56784e-07 1.74259e-07 1.18138e-07 8.00151e-08 5.41453e-08 3.66076e-08 2.47298e-08 1.66926e-08 1.12589e-08 7.5883e-09 5.11079e-09 3.43981e-09 2.31364e-09 1.55519e-09 1.04474e-09 7.01413e-10 4.70645e-10 3.15628e-10 2.11556e-10 1.41727e-10 9.48999e-11 6.35139e-11 4.24882e-11 2.84101e-11 1.89882e-11 1.26856e-11 8.47151e-12 5.65502e-12 3.77345e-12 2.51697e-12 1.67825e-12 1.11861e-12 7.45335e-13 4.96449e-13 3.30563e-13 2.20036e-13 1.46419e-13 9.74014e-14 6.47746e-14 4.30643e-14 2.86224e-14 1.90184e-14 1.26335e-14 8.38991e-15 5.57031e-15 3.69735e-15 2.45355e-15 1.62777e-15 1.07967e-15 7.15953e-16 4.74658e-16 3.14616e-16 2.08491e-16 1.38134e-16 9.15004e-17 6.05978e-17 4.0124e-17 2.65623e-17 1.7581e-17 1.16343e-17 7.69761e-18 5.09205e-18 3.36785e-18 2.22708e-18 1.47247e-18 9.7338e-19 6.43349e-19
0.0150901 0.0145337 0.013006 0.0111003 0.00916213 0.007375 0.005821 0.00452207 0.00346709 0.00262886 0.00197437 0.00147058 0.00108738 0.000798844 0.000583484 0.000423965 0.000306604 0.000220776 0.000158347 0.00011316 8.05964e-05 5.72254e-05 4.0514e-05 2.86055e-05 2.01464e-05 1.41553e-05 9.92375e-06 6.9426e-06 4.84742e-06 3.37822e-06 2.35016e-06 1.63222e-06 1.13179e-06 7.83601e-07 5.41747e-07 3.74024e-07 2.57887e-07 1.77588e-07 1.22145e-07 8.39141e-08 5.75855e-08 3.94757e-08 2.70335e-08 1.84947e-08 1.26411e-08 8.63222e-09 5.88952e-09 4.01485e-09 2.73466e-09 1.86121e-09 1.26577e-09 8.60187e-10 5.84145e-10 3.96413e-10 2.68834e-10 1.82195e-10 1.234e-10 8.35274e-11 5.65047e-11 3.82023e-11 2.58137e-11 1.74331e-11 1.17671e-11 7.9385e-12 5.35291e-12 3.60769e-12 2.43031e-12 1.63641e-12 1.10136e-12 7.4092e-13 4.98227e-13 3.34889e-13 2.25008e-13 1.51119e-13 1.01455e-13 6.80862e-14 4.56756e-14 3.06303e-14 2.05335e-14 1.37601e-14 9.21798e-15 6.1731e-15 4.13265e-15 2.76577e-15 1.85041e-15 1.23761e-15 8.27508e-16 5.53136e-16 3.6963e-16 2.46933e-16 1.64919e-16 1.10114e-16 7.35023e-17 4.90507e-17 3.27249e-17 2.18274e-17 1.45552e-17 9.70349e-18 6.46748e-18 4.30964e-18 2.87109e-18
0.0097953 0.0104595 0.0100955 0.00916213 0.00797167 0.00672383 0.00553668 0.00447213 0.00355536 0.00278899 0.00216292 0.00166081 0.00126419 0.000954862 0.000716251 0.000533928 0.000395772 0.000291856 0.000214212 0.000156542 0.000113939 8.26227e-05 5.97064e-05 4.3007e-05 3.08847e-05 2.21164e-05 1.57953e-05 1.12525e-05 7.99717e-06 5.67087e-06 4.01271e-06 2.83367e-06 1.99721e-06 1.4051e-06 9.86804e-07 6.91882e-07 4.84331e-07 3.38525e-07 2.36269e-07 1.6467e-07 1.14614e-07 7.96718e-08 5.53135e-08 3.83565e-08 2.65673e-08 1.83813e-08 1.2704e-08 8.77111e-09 6.04974e-09 4.1687e-09 2.86986e-09 1.97391e-09 1.35649e-09 9.31403e-10 6.39002e-10 4.38047e-10 3.00058e-10 2.05382e-10 1.40477e-10 9.60149e-11 6.55804e-11 4.4763e-11 3.05338e-11 2.08146e-11 1.41803e-11 9.65479e-12 6.5697e-12 4.46786e-12 3.03677e-12 2.06295e-12 1.40066e-12 9.50505e-13 6.44697e-13 4.37061e-13 2.96155e-13 2.00581e-13 1.35788e-13 9.18835e-14 6.21472e-14 4.20163e-14 2.83943e-14 1.91807e-14 1.29515e-14 8.74192e-15 5.89825e-15 3.97809e-15 2.68203e-15 1.80756e-15 1.21778e-15 8.20145e-16 5.52157e-16 3.7161e-16 2.50017e-16 1.68154e-16 1.1306e-16 7.5993e-17 5.10627e-17 3.43007e-17 2.30342e-17 1.54638e-17 1.03785e-17
0.00635835 0.00745501 0.00769588 0.007375 0.00672383 0.00591186 0.0050552 0.00422765 0.0034716 0.00280737 0.00224066 0.00176812 0.00138138 0.00106972 0.000821853 0.000626933 0.000475162 0.000358017 0.0002683 0.000200068 0.000148505 0.000109762 8.08058e-05 5.92684e-05 4.33211e-05 3.15618e-05 2.29243e-05 1.66026e-05 1.19914e-05 8.63868e-06 6.20813e-06 4.45108e-06 3.18427e-06 2.27321e-06 1.61957e-06 1.15166e-06 8.17437e-07 5.79191e-07 4.09693e-07 2.89331e-07 2.04013e-07 1.4364e-07 1.00988e-07 7.09028e-08 4.97142e-08 3.4813e-08 2.43481e-08 1.70086e-08 1.18679e-08 8.27163e-09 5.7589e-09 4.00529e-09 2.78284e-09 1.93159e-09 1.33946e-09 9.27987e-10 6.42338e-10 4.44229e-10 3.06961e-10 2.11934e-10 1.46208e-10 1.00786e-10 6.94228e-11 4.7784e-11 3.28662e-11 2.25898e-11 1.55159e-11 1.06501e-11 7.30544e-12 5.00799e-12 3.43092e-12 2.34907e-12 1.6074e-12 1.09926e-12 7.51329e-13 5.13241e-13 3.50411e-13 2.39114e-13 1.63082e-13 1.1117e-13 7.57452e-14 5.15836e-14 3.51124e-14 2.38896e-14 1.62464e-14 1.10436e-14 7.50373e-15 5.0963e-15 3.45979e-15 2.34782e-15 1.59259e-15 1.07986e-15 7.31923e-16 4.95901e-16 3.35862e-16 2.27387e-16 1.53891e-16 1.04113e-16 7.04117e-17 4.76031e-17 3.2172e-17
0.00412735 0.00527123 0.00578252 0.005821 0.00553668 0.0050552 0.00447354 0.00386155 0.003266 0.00271544 0.00222494 0.0018001 0.00144029 0.00114111 0.000896143 0.000698207 0.000540092 0.000415053 0.000317051 0.000240852 0.000182033 0.000136927 0.000102543 7.64777e-05 5.68177e-05 4.20587e-05 3.10275e-05 2.28159e-05 1.67266e-05 1.22272e-05 8.91376e-06 6.48137e-06 4.7011e-06 3.40181e-06 2.4561e-06 1.7695e-06 1.27222e-06 9.12899e-07 6.53829e-07 4.67434e-07 3.33598e-07 2.37684e-07 1.69075e-07 1.20084e-07 8.51619e-08 6.03086e-08 4.26491e-08 3.01202e-08 2.12443e-08 1.49651e-08 1.05291e-08 7.39932e-09 5.19394e-09 3.64184e-09 2.55082e-09 1.78479e-09 1.24754e-09 8.7115e-10 6.07741e-10 4.23584e-10 2.94964e-10 2.05218e-10 1.42656e-10 9.9084e-11 6.87642e-11 4.76845e-11 3.30412e-11 2.28775e-11 1.58285e-11 1.09436e-11 7.56091e-12 5.22024e-12 3.60178e-12 2.48347e-12 1.71129e-12 1.17846e-12 8.11036e-13 5.57835e-13 3.83457e-13 2.63438e-13 1.80882e-13 1.24129e-13 8.51369e-14 5.83622e-14 3.99872e-14 2.73835e-14 1.87431e-14 1.28228e-14 8.76826e-15 5.99295e-15 4.09419e-15 2.79575e-15 1.90825e-15 1.30192e-15 8.87859e-16 6.05233e-16 4.12402e-16 2.80894e-16 1.91245e-16 1.30157e-16 8.8548e-17
0.00267916 0.0037021 0.00429375 0.00452207 0.00447213 0.00422765 0.00386155 0.00343222 0.00298323 0.00254488 0.00213652 0.00176902 0.00144705 0.00117101 0.000938549 0.000745744 0.000587908 0.000460167 0.000357823 0.000276563 0.000212564 0.000162529 0.000123672 9.36814e-05 7.06639e-05 5.30905e-05 3.97387e-05 2.964e-05 2.20341e-05 1.63283e-05 1.20639e-05 8.8879e-06 6.53031e-06 4.78572e-06 3.49857e-06 2.5516e-06 1.85676e-06 1.34822e-06 9.76945e-07 7.06505e-07 5.09956e-07 3.67411e-07 2.64244e-07 1.89722e-07 1.35994e-07 9.73267e-08 6.95474e-08 4.96236e-08 3.5357e-08 2.51572e-08 1.78759e-08 1.26855e-08 8.99093e-09 6.3646e-09 4.50011e-09 3.17817e-09 2.24205e-09 1.57995e-09 1.1122e-09 7.82128e-10 5.49464e-10 3.85636e-10 2.70399e-10 1.89423e-10 1.32577e-10 9.27095e-11 6.47752e-11 4.522e-11 3.15427e-11 2.19848e-11 1.53111e-11 1.06552e-11 7.40963e-12 5.14891e-12 3.57541e-12 2.48105e-12 1.72048e-12 1.19227e-12 8.25694e-13 5.7146e-13 3.95259e-13 2.7322e-13 1.88748e-13 1.30316e-13 8.99218e-14 6.20134e-14 4.27431e-14 2.94449e-14 2.02733e-14 1.39512e-14 9.59564e-15 6.59658e-15 4.53262e-15 3.11292e-15 2.13688e-15 1.46618e-15 1.00553e-15 6.893e-16 4.72309e-16 3.23486e-16 2.21461e-16
0.0017391 0.00258515 0.00315687 0.00346709 0.00355536 0.0034716 0.003266 0.00298323 0.00265996 0.00232426 0.00199619 0.001689 0.00141048 0.00116429 0.000951149 0.000769793 0.000617756 0.000491928 0.000388962 0.000305547 0.000238576 0.000185243 0.000143083 0.000109982 8.41525e-05 6.41138e-05 4.86499e-05 3.67755e-05 2.76994e-05 2.07922e-05 1.55569e-05 1.16041e-05 8.63033e-06 6.40075e-06 4.73452e-06 3.49313e-06 2.57096e-06 1.88782e-06 1.3831e-06 1.01114e-06 7.37689e-07 5.37119e-07 3.90334e-07 2.83139e-07 2.05018e-07 1.48196e-07 1.06946e-07 7.70534e-08 5.54304e-08 3.98155e-08 2.85578e-08 2.04544e-08 1.46303e-08 1.04507e-08 7.45559e-09 5.3122e-09 3.78042e-09 2.68716e-09 1.90787e-09 1.35307e-09 9.58561e-10 6.78359e-10 4.79571e-10 3.38695e-10 2.38969e-10 1.68445e-10 1.18623e-10 8.34619e-11 5.86706e-11 4.12075e-11 2.89178e-11 2.02765e-11 1.4206e-11 9.94501e-12 6.9567e-12 4.86265e-12 3.39642e-12 2.37058e-12 1.6534e-12 1.1524e-12 8.02655e-13 5.58684e-13 3.88615e-13 2.70143e-13 1.8767e-13 1.30296e-13 9.04068e-14 6.26924e-14 4.34486e-14 3.00946e-14 2.08333e-14 1.44141e-14 9.96739e-15 6.88882e-15 4.75863e-15 3.28546e-15 2.26721e-15 1.56377e-15 1.07805e-15 7.42848e-16 5.1163e-16
0.00112889 0.00179624 0.00230154 0.00262886 0.00278899 0.00280737 0.00271544 0.00254488 0.00232426 0.00207738 0.00182282 0.00157412 0.00134045 0.0011274 0.000937751 0.000772254 0.00063023 0.000510093 0.000409742 0.000326845 0.000259042 0.000204079 0.000159883 0.000124607 9.66414e-05 7.46089e-05 5.73513e-05 4.39061e-05 3.34837e-05 2.54423e-05 1.92652e-05 1.45399e-05 1.09393e-05 8.20569e-06 6.13766e-06 4.57831e-06 3.40622e-06 2.52786e-06 1.87151e-06 1.38238e-06 1.01883e-06 7.49293e-07 5.49931e-07 4.02814e-07 2.94492e-07 2.14902e-07 1.56544e-07 1.13837e-07 8.26433e-08 5.99007e-08 4.3349e-08 3.13234e-08 2.26007e-08 1.62839e-08 1.17163e-08 8.41869e-09 6.0413e-09 4.32978e-09 3.09932e-09 2.21587e-09 1.5824e-09 1.12874e-09 8.04247e-10 5.72422e-10 4.06991e-10 2.89073e-10 2.05114e-10 1.45398e-10 1.02969e-10 7.28528e-11 5.14982e-11 3.63706e-11 2.56643e-11 1.80942e-11 1.27464e-11 8.97182e-12 6.30996e-12 4.43439e-12 3.11392e-12 2.18502e-12 1.53209e-12 1.0735e-12 7.51644e-13 5.25923e-13 3.67736e-13 2.56958e-13 1.79434e-13 1.25218e-13 8.73291e-14 6.08669e-14 4.23975e-14 2.95149e-14 2.05347e-14 1.42786e-14 9.92286e-15 6.89205e-15 4.78434e-15 3.31943e-15 2.30185e-15 1.59538e-15 1.10517e-15
0.000732789 0.00124268 0.00166581 0.00197437 0.00216292 0.00224066 0.00222494 0.00213652 0.00199619 0.00182282 0.00163228 0.00143713 0.00124667 0.00106733 0.000903101 0.000756094 0.000626967 0.000515358 0.000420228 0.000340132 0.000273425 0.000218409 0.000173433 0.00013696 0.000107597 8.41197e-05 6.5464e-05 5.07257e-05 3.91451e-05 3.00915e-05 2.30468e-05 1.75898e-05 1.33802e-05 1.01458e-05 7.66992e-06 5.78145e-06 4.34588e-06 3.25809e-06 2.43635e-06 1.81741e-06 1.35251e-06 1.00426e-06 7.44045e-07 5.50098e-07 4.05881e-07 2.98886e-07 2.1968e-07 1.61168e-07 1.18032e-07 8.62926e-08 6.29834e-08 4.58965e-08 3.33929e-08 2.42588e-08 1.75973e-08 1.27468e-08 9.2205e-09 6.6607e-09 4.80523e-09 3.46221e-09 2.49145e-09 1.7907e-09 1.28552e-09 9.218e-10 6.60246e-10 4.72387e-10 3.37618e-10 2.41046e-10 1.71922e-10 1.22498e-10 8.71975e-11 6.20105e-11 4.40578e-11 3.12741e-11 2.21799e-11 1.57165e-11 1.11271e-11 7.87127e-12 5.56355e-12 3.92926e-12 2.77287e-12 1.9553e-12 1.37775e-12 9.70071e-13 6.82532e-13 4.7988e-13 3.37162e-13 2.36727e-13 1.66098e-13 1.16465e-13 8.16096e-14 5.71495e-14 3.99955e-14 2.79732e-14 1.95529e-14 1.36591e-14 9.53632e-15 6.6541e-15 4.64037e-15 3.23425e-15 2.25299e-15
0.00047567 0.000856442 0.00119807 0.00147058 0.00166081 0.00176812 0.0018001 0.00176902 0.001689 0.00157412 0.00143713 0.00128888 0.00113798 0.000990917 0.000852239 0.000724835 0.00061027 0.00050909 0.000421106 0.000345621 0.000281629 0.000227953 0.00018336 0.000146632 0.000116623 9.22796e-05 7.26657e-05 5.69601e-05 4.44568e-05 3.45564e-05 2.67568e-05 2.06412e-05 1.58676e-05 1.21571e-05 9.28446e-06 7.06895e-06 5.36637e-06 4.06243e-06 3.06704e-06 2.30956e-06 1.73483e-06 1.3e-06 9.71919e-07 7.25018e-07 5.39679e-07 4.00887e-07 2.97193e-07 2.19894e-07 1.62396e-07 1.19715e-07 8.80964e-08 6.47184e-08 4.74657e-08 3.47564e-08 2.54106e-08 1.85496e-08 1.35213e-08 9.84192e-09 7.1538e-09 5.19284e-09 3.76444e-09 2.72545e-09 1.97075e-09 1.4233e-09 1.0267e-09 7.39747e-10 5.32393e-10 3.82737e-10 2.74852e-10 1.97169e-10 1.41296e-10 1.01154e-10 7.23446e-11 5.16905e-11 3.68982e-11 2.63147e-11 1.87498e-11 1.33479e-11 9.49399e-12 6.74709e-12 4.79095e-12 3.39917e-12 2.40977e-12 1.70701e-12 1.20827e-12 8.54598e-13 6.04001e-13 4.26577e-13 3.01056e-13 2.1232e-13 1.49636e-13 1.05387e-13 7.41735e-14 5.21707e-14 3.66713e-14 2.57603e-14 1.80845e-14 1.26881e-14 8.89661e-15 6.23444e-15 4.36634e-15
0.000308768 0.000588255 0.000856863 0.00108738 0.00126419 0.00138138 0.00144029 0.00144705 0.00141048 0.00134045 0.00124667 0.00113798 0.00102186 0.000904361 0.000790043 0.000682147 0.000582768 0.000493071 0.000413492 0.000343932 0.000283918 0.000232735 0.000189534 0.000153411 0.000123462 9.88268e-05 7.87065e-05 6.23831e-05 4.92215e-05 3.86704e-05 3.02575e-05 2.35832e-05 1.83134e-05 1.41712e-05 1.09291e-05 8.40168e-06 6.43887e-06 4.92007e-06 3.74889e-06 2.84873e-06 2.15906e-06 1.63224e-06 1.23097e-06 9.26187e-07 6.95294e-07 5.20824e-07 3.89313e-07 2.90418e-07 2.16217e-07 1.60668e-07 1.19169e-07 8.8231e-08 6.52113e-08 4.81162e-08 3.54444e-08 2.60682e-08 1.91427e-08 1.40359e-08 1.02764e-08 7.5132e-09 5.48534e-09 3.99939e-09 2.91214e-09 2.11773e-09 1.5381e-09 1.11575e-09 8.08411e-10 5.85045e-10 4.22913e-10 3.05372e-10 2.2026e-10 1.587e-10 1.14227e-10 8.21332e-11 5.89977e-11 4.23378e-11 3.03533e-11 2.17409e-11 1.55579e-11 1.11234e-11 7.94582e-12 5.67109e-12 4.04415e-12 2.88156e-12 2.05151e-12 1.4594e-12 1.03737e-12 7.36819e-13 5.22948e-13 3.70882e-13 2.62842e-13 1.86142e-13 1.31731e-13 9.31609e-14 6.5839e-14 4.6499e-14 3.28185e-14 2.3148e-14 1.63167e-14 1.14943e-14 8.09212e-15
0.000200429 0.000402829 0.000609796 0.000798844 0.000954862 0.00106972 0.00114111 0.00117101 0.00116429 0.0011274 0.00106733 0.000990917 0.000904361 0.00081294 0.000720917 0.000631546 0.000547157 0.000469276 0.000398765 0.000335967 0.00028083 0.000233025 0.00019204 0.000157256 0.000128003 0.000103607 8.34166e-05 6.68257e-05 5.32817e-05 4.22925e-05 3.34271e-05 2.63132e-05 2.06335e-05 1.61203e-05 1.255e-05 9.7377e-06 7.53128e-06 5.80685e-06 4.46401e-06 3.42195e-06 2.61597e-06 1.99456e-06 1.51691e-06 1.15082e-06 8.71027e-07 6.57754e-07 4.95607e-07 3.72637e-07 2.796e-07 2.09373e-07 1.56482e-07 1.16732e-07 8.69214e-08 6.46092e-08 4.7942e-08 3.55151e-08 2.62667e-08 1.9396e-08 1.43005e-08 1.05279e-08 7.73929e-09 5.68124e-09 4.1647e-09 3.04887e-09 2.22907e-09 1.62761e-09 1.18695e-09 8.64537e-10 6.28949e-10 4.57024e-10 3.31717e-10 2.40498e-10 1.74173e-10 1.26004e-10 9.10617e-11 6.57419e-11 4.74147e-11 3.41631e-11 2.45915e-11 1.76849e-11 1.27063e-11 9.121e-12 6.54154e-12 4.68748e-12 3.35604e-12 2.40077e-12 1.716e-12 1.22556e-12 8.74592e-13 6.23646e-13 4.44364e-13 3.16383e-13 2.25096e-13 1.60032e-13 1.13693e-13 8.07158e-14 5.72642e-14 4.05988e-14 2.87643e-14 2.03661e-14 1.44106e-14
0.000130103 0.000275103 0.000432042 0.000583484 0.000716251 0.000821853 0.000896143 0.000938549 0.000951149 0.000937751 0.000903101 0.000852239 0.000790043 0.000720917 0.000648621 0.000576201 0.000505999 0.000439699 0.000378416 0.000322792 0.000273089 0.00022928 0.000191134 0.000158277 0.000130254 0.000106566 8.67058e-05 7.018e-05 5.65245e-05 4.53137e-05 3.61656e-05 2.87427e-05 2.27517e-05 1.79405e-05 1.40949e-05 1.10349e-05 8.61027e-06 6.6968e-06 5.1925e-06 4.01418e-06 3.09441e-06 2.37884e-06 1.82391e-06 1.39487e-06 1.06412e-06 8.09874e-07 6.14957e-07 4.65914e-07 3.52234e-07 2.65737e-07 2.00076e-07 1.50344e-07 1.12759e-07 8.44145e-08 6.30817e-08 4.70579e-08 3.50451e-08 2.60559e-08 1.93414e-08 1.43348e-08 1.06081e-08 7.83856e-09 5.78375e-09 4.26158e-09 3.13571e-09 2.30419e-09 1.69095e-09 1.23934e-09 9.07206e-10 6.63272e-10 4.8435e-10 3.53281e-10 2.57386e-10 1.87312e-10 1.36167e-10 9.88808e-11 7.17295e-11 5.19802e-11 3.76306e-11 2.72155e-11 1.9664e-11 1.41944e-11 1.02367e-11 7.37571e-12 5.30959e-12 3.81889e-12 2.74435e-12 1.9705e-12 1.41368e-12 1.01338e-12 7.25848e-13 5.1949e-13 3.71513e-13 2.65485e-13 1.89575e-13 1.35271e-13 9.64527e-14 6.87252e-14 4.89343e-14 3.48187e-14 2.47582e-14
8.44527e-05 0.000187415 0.000304878 0.000423965 0.000533928 0.000626933 0.000698207 0.000745744 0.000769793 0.000772254 0.000756094 0.000724835 0.000682147 0.000631546 0.000576201 0.000518818 0.000461593 0.00040622 0.000353929 0.000305536 0.000261519 0.000222075 0.000187192 0.000156702 0.000130332 0.000107742 8.85582e-05 7.23973e-05 5.88833e-05 4.766e-05 3.83985e-05 3.08014e-05 2.46044e-05 1.9576e-05 1.55161e-05 1.22535e-05 9.64322e-06 7.56367e-06 5.91356e-06 4.60921e-06 3.58192e-06 2.77565e-06 2.14496e-06 1.65318e-06 1.27089e-06 9.74595e-07 7.45592e-07 5.6908e-07 4.33384e-07 3.2933e-07 2.49734e-07 1.88989e-07 1.42738e-07 1.07599e-07 8.09591e-08 6.08047e-08 4.55872e-08 3.41196e-08 2.54942e-08 1.90183e-08 1.4165e-08 1.0534e-08 7.82192e-09 5.7996e-09 4.294e-09 3.17482e-09 2.34415e-09 1.72851e-09 1.2729e-09 9.36194e-10 6.87696e-10 5.04545e-10 3.69731e-10 2.70625e-10 1.97859e-10 1.44497e-10 1.05411e-10 7.6816e-11 5.59192e-11 4.06654e-11 2.95428e-11 2.14412e-11 1.55463e-11 1.12614e-11 8.1499e-12 5.89272e-12 4.25686e-12 3.07242e-12 2.21562e-12 1.5964e-12 1.14928e-12 8.2671e-13 5.94197e-13 4.26741e-13 3.06238e-13 2.19595e-13 1.57346e-13 1.1266e-13 8.06061e-14 5.76307e-14 4.1175e-14
5.48202e-05 0.000127394 0.000214362 0.000306604 0.000395772 0.000475162 0.000540092 0.000587908 0.000617756 0.00063023 0.000626967 0.00061027 0.000582768 0.000547157 0.000505999 0.000461593 0.000415902 0.000370524 0.000326694 0.000285311 0.000246978 0.000212048 0.00018067 0.000152839 0.000128432 0.000107244 8.90221e-05 7.34831e-05 6.03357e-05 4.92921e-05 4.00781e-05 3.24388e-05 2.61423e-05 2.09812e-05 1.67727e-05 1.33579e-05 1.06e-05 8.38238e-06 6.60669e-06 5.19055e-06 4.06544e-06 3.17479e-06 2.47221e-06 1.91982e-06 1.48691e-06 1.14866e-06 8.85165e-07 6.80479e-07 5.21912e-07 3.99395e-07 3.04974e-07 2.32383e-07 1.76707e-07 1.34104e-07 1.01575e-07 7.6792e-08 5.79498e-08 4.36531e-08 3.28266e-08 2.46437e-08 1.84702e-08 1.38211e-08 1.03261e-08 7.70318e-09 5.73797e-09 4.26792e-09 3.17001e-09 2.35128e-09 1.74166e-09 1.28839e-09 9.51855e-10 7.02339e-10 5.17591e-10 3.8098e-10 2.80094e-10 2.05685e-10 1.50872e-10 1.10543e-10 8.09067e-11 5.91524e-11 4.32023e-11 3.15206e-11 2.29745e-11 1.6729e-11 1.21695e-11 8.84429e-12 6.42167e-12 4.65839e-12 3.37623e-12 2.44481e-12 1.76881e-12 1.27864e-12 9.23528e-13 6.66491e-13 4.80603e-13 3.46285e-13 2.4931e-13 1.79354e-13 1.2893e-13 9.26135e-14 6.64775e-14
3.5585e-05 8.64188e-05 0.00015022 0.000220776 0.000291856 0.000358017 0.000415053 0.000460167 0.000491928 0.000510093 0.000515358 0.00050909 0.000493071 0.000469276 0.000439699 0.00040622 0.000370524 0.000334044 0.000297951 0.000263149 0.000230302 0.000199853 0.000172065 0.000147051 0.000124806 0.000105239 8.81977e-05 7.34888e-05 6.08984e-05 5.02035e-05 4.11832e-05 3.36255e-05 2.73322e-05 2.21222e-05 1.78325e-05 1.43187e-05 1.14544e-05 9.13026e-06 7.25274e-06 5.74231e-06 4.53201e-06 3.56587e-06 2.79743e-06 2.18836e-06 1.7072e-06 1.32831e-06 1.03086e-06 7.98037e-07 6.16316e-07 4.74869e-07 3.65061e-07 2.80032e-07 2.14352e-07 1.63739e-07 1.24827e-07 9.49772e-08 7.21288e-08 5.46763e-08 4.13724e-08 3.12511e-08 2.35657e-08 1.7741e-08 1.33344e-08 1.00065e-08 7.49769e-09 5.60943e-09 4.19058e-09 3.12614e-09 2.32882e-09 1.73248e-09 1.28713e-09 9.55005e-10 7.07678e-10 5.23747e-10 3.87147e-10 2.85831e-10 2.10781e-10 1.55259e-10 1.14232e-10 8.39543e-11 6.16348e-11 4.52009e-11 3.31143e-11 2.42349e-11 1.77186e-11 1.29417e-11 9.44347e-12 6.88431e-12 5.014e-12 3.64847e-12 2.65244e-12 1.92663e-12 1.39821e-12 1.01385e-12 7.34537e-13 5.31733e-13 3.8461e-13 2.77972e-13 2.00743e-13 1.44858e-13 1.04452e-13
2.3099e-05 5.85142e-05 0.000104953 0.000158347 0.000214212 0.0002683 0.000317051 0.000357823 0.000388962 0.000409742 0.000420228 0.000421106 0.000413492 0.000398765 0.000378416 0.000353929 0.000326694 0.000297951 0.000268757 0.000239972 0.000212264 0.000186122 0.000161876 0.000139721 0.00011974 0.000101931 8.62235e-05 7.25024e-05 6.06213e-05 5.04164e-05 4.17167e-05 3.43515e-05 2.81565e-05 2.29774e-05 1.86723e-05 1.51129e-05 1.21849e-05 9.78802e-06 7.83477e-06 6.24995e-06 4.96939e-06 3.93874e-06 3.11237e-06 2.45216e-06 1.92653e-06 1.50944e-06 1.17952e-06 9.19355e-07 7.14799e-07 5.54425e-07 4.29032e-07 3.31251e-07 2.55195e-07 1.96184e-07 1.50508e-07 1.15234e-07 8.80549e-08 6.71586e-08 5.11264e-08 3.88514e-08 2.94718e-08 2.23183e-08 1.6873e-08 1.27356e-08 9.59738e-09 7.22128e-09 5.42524e-09 4.06987e-09 3.0487e-09 2.28053e-09 1.70356e-09 1.27085e-09 9.4679e-10 7.04454e-10 5.23482e-10 3.88519e-10 2.88002e-10 2.13237e-10 1.57697e-10 1.1649e-10 8.59539e-11 6.33528e-11 4.66443e-11 3.43061e-11 2.52054e-11 1.85001e-11 1.3565e-11 9.93664e-12 7.27177e-12 5.31655e-12 3.88343e-12 2.83402e-12 2.06633e-12 1.50527e-12 1.0956e-12 7.9674e-13 5.78918e-13 4.20299e-13 3.04893e-13 2.20998e-13 1.60061e-13
1.49941e-05 3.95524e-05 7.31215e-05 0.00011316 0.000156542 0.000200068 0.000240852 0.000276563 0.000305547 0.000326845 0.000340132 0.000345621 0.000343932 0.000335967 0.000322792 0.000305536 0.000285311 0.000263149 0.000239972 0.000216559 0.000193549 0.000171435 0.000150581 0.000131232 0.000113532 9.75439e-05 8.32635e-05 7.06384e-05 5.95801e-05 4.99767e-05 4.17023e-05 3.46249e-05 2.86124e-05 2.35372e-05 1.92785e-05 1.57251e-05 1.27759e-05 1.03404e-05 8.33868e-06 6.70087e-06 5.3666e-06 4.28404e-06 3.40916e-06 2.70476e-06 2.13964e-06 1.68783e-06 1.3278e-06 1.04182e-06 8.15346e-07 6.36528e-07 4.95737e-07 3.85189e-07 2.98619e-07 2.30998e-07 1.78309e-07 1.37354e-07 1.05592e-07 8.10164e-08 6.2042e-08 4.74233e-08 3.61836e-08 2.75591e-08 2.09543e-08 1.59056e-08 1.20536e-08 9.11991e-09 6.88946e-09 5.19659e-09 3.91385e-09 2.94345e-09 2.2105e-09 1.65776e-09 1.24153e-09 9.28573e-10 6.93596e-10 5.17419e-10 3.85508e-10 2.86874e-10 2.1322e-10 1.58289e-10 1.17374e-10 8.69366e-11 6.43205e-11 4.75359e-11 3.50937e-11 2.5881e-11 1.9067e-11 1.40328e-11 1.03175e-11 7.57848e-12 5.56123e-12 4.07708e-12 2.98624e-12 2.18527e-12 1.5977e-12 1.16708e-12 8.51786e-13 6.2114e-13 4.52568e-13 3.29473e-13 2.39664e-13
9.73302e-06 2.66931e-05 5.08135e-05 8.05964e-05 0.000113939 0.000148505 0.000182033 0.000212564 0.000238576 0.000259042 0.000273425 0.000281629 0.000283918 0.00028083 0.000273089 0.000261519 0.000246978 0.000230302 0.000212264 0.000193549 0.000174738 0.000156306 0.000138619 0.000121949 0.000106477 9.23102e-05 7.94953e-05 6.80285e-05 5.78689e-05 4.89484e-05 4.11808e-05 3.44689e-05 2.87105e-05 2.38031e-05 1.96468e-05 1.61474e-05 1.32173e-05 1.07766e-05 8.75369e-06 7.08489e-06 5.71434e-06 4.59354e-06 3.68068e-06 2.94008e-06 2.34146e-06 1.85932e-06 1.47233e-06 1.16272e-06 9.15813e-07 7.19503e-07 5.6388e-07 4.40861e-07 3.43881e-07 2.6763e-07 2.07831e-07 1.6105e-07 1.2454e-07 9.61135e-08 7.40298e-08 5.69113e-08 4.36698e-08 3.34485e-08 2.55742e-08 1.95199e-08 1.48738e-08 1.13149e-08 8.59375e-09 6.51677e-09 4.93419e-09 3.73034e-09 2.81607e-09 2.12284e-09 1.59801e-09 1.20128e-09 9.01837e-10 6.76143e-10 5.06278e-10 3.78608e-10 2.82783e-10 2.10955e-10 1.57184e-10 1.16982e-10 8.69628e-11 6.45742e-11 4.78968e-11 3.54881e-11 2.62662e-11 1.94204e-11 1.43442e-11 1.05841e-11 7.80194e-12 5.74551e-12 4.22707e-12 3.10701e-12 2.28162e-12 1.67398e-12 1.22707e-12 8.98678e-13 6.57603e-13 4.80789e-13 3.51221e-13
6.31793e-06 1.79884e-05 3.52271e-05 5.72254e-05 8.26227e-05 0.000109762 0.000136927 0.000162529 0.000185243 0.000204079 0.000218409 0.000227953 0.000232735 0.000233025 0.00022928 0.000222075 0.000212048 0.000199853 0.000186122 0.000171435 0.000156306 0.000141168 0.000126375 0.000112203 9.88509e-05 8.64564e-05 7.50991e-05 6.48124e-05 5.55928e-05 4.74083e-05 4.0206e-05 3.39192e-05 2.84725e-05 2.37865e-05 1.97812e-05 1.63785e-05 1.35046e-05 1.10903e-05 9.07253e-06 7.39445e-06 6.0053e-06 4.8604e-06 3.92078e-06 3.15273e-06 2.52733e-06 2.01996e-06 1.60981e-06 1.27937e-06 1.01402e-06 8.01604e-07 6.32083e-07 4.97188e-07 3.90149e-07 3.05446e-07 2.38595e-07 1.85968e-07 1.4464e-07 1.12264e-07 8.69595e-08 6.72265e-08 5.18719e-08 3.99498e-08 3.07119e-08 2.35682e-08 1.80549e-08 1.3808e-08 1.05426e-08 8.03646e-09 6.11641e-09 4.64792e-09 3.52669e-09 2.67199e-09 2.02151e-09 1.52722e-09 1.15221e-09 8.68098e-10 6.53179e-10 4.90829e-10 3.68363e-10 2.76108e-10 2.06705e-10 1.54561e-10 1.15435e-10 8.61142e-11 6.4168e-11 4.77615e-11 3.5511e-11 2.63743e-11 1.95678e-11 1.45028e-11 1.07379e-11 7.94245e-12 5.86895e-12 4.33258e-12 3.19536e-12 2.35444e-12 1.73322e-12 1.27476e-12 9.36735e-13 6.87739e-13 5.04494e-13
4.10111e-06 1.21059e-05 2.43676e-05 4.0514e-05 5.97064e-05 8.08058e-05 0.000102543 0.000123672 0.000143083 0.000159883 0.000173433 0.00018336 0.000189534 0.00019204 0.000191134 0.000187192 0.00018067 0.000172065 0.000161876 0.000150581 0.000138619 0.000126375 0.000114175 0.000102284 9.09069e-05 8.0195e-05 7.02498e-05 6.11307e-05 5.28621e-05 4.54404e-05 3.88402e-05 3.30203e-05 2.79288e-05 2.35069e-05 1.96927e-05 1.64237e-05 1.36387e-05 1.12794e-05 9.2914e-06 7.62478e-06 6.23428e-06 5.07944e-06 4.1245e-06 3.33815e-06 2.69319e-06 2.16621e-06 1.73721e-06 1.3892e-06 1.10783e-06 8.81089e-07 6.98934e-07 5.53041e-07 4.36532e-07 3.4375e-07 2.70064e-07 2.11697e-07 1.65582e-07 1.29238e-07 1.00663e-07 7.82479e-08 6.07048e-08 4.70048e-08 3.63287e-08 2.80264e-08 2.15831e-08 1.65922e-08 1.27339e-08 9.75656e-09 7.46329e-09 5.70002e-09 4.34661e-09 3.30955e-09 2.51618e-09 1.91023e-09 1.44815e-09 1.09632e-09 8.28841e-10 6.25784e-10 4.71856e-10 3.55335e-10 2.67252e-10 2.00756e-10 1.50622e-10 1.12874e-10 8.4488e-11 6.31681e-11 4.71752e-11 3.51925e-11 2.6225e-11 1.95218e-11 1.45167e-11 1.07838e-11 8.00269e-12 5.93293e-12 4.39417e-12 3.25138e-12 2.40353e-12 1.77511e-12 1.3098e-12 9.65589e-13 7.11206e-13
2.66212e-06 8.13689e-06 1.68209e-05 2.86055e-05 4.3007e-05 5.92684e-05 7.64777e-05 9.36814e-05 0.000109982 0.000124607 0.00013696 0.000146632 0.000153411 0.000157256 0.000158277 0.000156702 0.000152839 0.000147051 0.000139721 0.000131232 0.000121949 0.000112203 0.000102284 9.24381e-05 8.28646e-05 7.37177e-05 6.51104e-05 5.71185e-05 4.97863e-05 4.31315e-05 3.71503e-05 3.18226e-05 2.7116e-05 2.299e-05 1.93986e-05 1.62933e-05 1.36251e-05 1.1346e-05 9.40986e-06 7.77384e-06 6.39827e-06 5.24714e-06 4.28819e-06 3.49276e-06 2.83568e-06 2.29503e-06 1.85185e-06 1.48988e-06 1.19527e-06 9.56283e-07 7.63047e-07 6.07288e-07 4.82114e-07 3.81809e-07 3.01659e-07 2.37786e-07 1.87018e-07 1.4677e-07 1.14939e-07 8.98263e-08 7.00591e-08 5.45347e-08 4.23693e-08 3.28563e-08 2.54328e-08 1.96516e-08 1.51582e-08 1.16724e-08 8.97326e-09 6.88711e-09 5.27759e-09 4.03794e-09 3.08478e-09 2.35312e-09 1.79238e-09 1.36332e-09 1.03553e-09 7.85468e-10 5.94995e-10 4.50119e-10 3.40081e-10 2.56618e-10 1.93399e-10 1.45576e-10 1.09448e-10 8.21898e-11 6.16491e-11 4.61896e-11 3.45684e-11 2.58428e-11 1.9299e-11 1.4397e-11 1.0729e-11 7.98732e-12 5.94032e-12 4.41357e-12 3.27604e-12 2.42937e-12 1.79983e-12 1.33219e-12 9.8516e-13
1.72805e-06 5.46271e-06 1.15891e-05 2.01464e-05 3.08847e-05 4.33211e-05 5.68177e-05 7.06639e-05 8.41525e-05 9.66414e-05 0.000107597 0.000116623 0.000123462 0.000128003 0.000130254 0.000130332 0.000128432 0.000124806 0.00011974 0.000113532 0.000106477 9.88509e-05 9.09069e-05 8.28646e-05 7.49095e-05 6.71916e-05 5.98271e-05 5.2901e-05 4.64701e-05 4.05671e-05 3.52047e-05 3.03794e-05 2.6075e-05 2.2266e-05 1.89204e-05 1.60022e-05 1.34735e-05 1.12955e-05 9.43048e-06 7.84212e-06 6.49635e-06 5.36172e-06 4.40955e-06 3.61405e-06 2.95227e-06 2.40396e-06 1.95144e-06 1.57937e-06 1.27453e-06 1.02564e-06 8.23114e-07 6.58834e-07 5.25989e-07 4.18886e-07 3.32784e-07 2.63759e-07 2.08572e-07 1.64565e-07 1.29562e-07 1.01788e-07 7.9804e-08 6.24423e-08 4.87621e-08 3.80064e-08 2.95679e-08 2.29611e-08 1.77989e-08 1.37733e-08 1.06401e-08 8.20602e-09 6.3185e-09 4.85741e-09 3.72839e-09 2.85743e-09 2.18667e-09 1.67092e-09 1.275e-09 9.71522e-10 7.39265e-10 5.61775e-10 4.26336e-10 3.23131e-10 2.44598e-10 1.84921e-10 1.39633e-10 1.05309e-10 7.93291e-11 5.96893e-11 4.48606e-11 3.36782e-11 2.52554e-11 1.89187e-11 1.41568e-11 1.05825e-11 7.90247e-12 5.89522e-12 4.39344e-12 3.27104e-12 2.43303e-12 1.808e-12 1.34229e-12
1.12171e-06 3.66338e-06 7.97013e-06 1.41553e-05 2.21164e-05 3.15618e-05 4.20587e-05 5.30905e-05 6.41138e-05 7.46089e-05 8.41197e-05 9.22796e-05 9.88268e-05 0.000103607 0.000106566 0.000107742 0.000107244 0.000105239 0.000101931 9.75439e-05 9.23102e-05 8.64564e-05 8.0195e-05 7.37177e-05 6.71916e-05 6.07569e-05 5.45272e-05 4.85902e-05 4.30097e-05 3.78283e-05 3.30703e-05 2.87448e-05 2.48482e-05 2.13675e-05 1.82826e-05 1.55683e-05 1.31962e-05 1.11364e-05 9.35841e-06 7.83237e-06 6.52956e-06 5.42298e-06 4.4876e-06 3.70056e-06 3.04124e-06 2.49122e-06 2.03424e-06 1.656e-06 1.3441e-06 1.08781e-06 8.77948e-07 7.06658e-07 5.67296e-07 4.5426e-07 3.62847e-07 2.89133e-07 2.29855e-07 1.82314e-07 1.44286e-07 1.13943e-07 8.9792e-08 7.06147e-08 5.54221e-08 4.34132e-08 3.39416e-08 2.64871e-08 2.06322e-08 1.6043e-08 1.24529e-08 9.64977e-09 7.46523e-09 5.76584e-09 4.44623e-09 3.4233e-09 2.6317e-09 2.02012e-09 1.54841e-09 1.18514e-09 9.05822e-10 6.91382e-10 5.26995e-10 4.01162e-10 3.04978e-10 2.31559e-10 1.75595e-10 1.32993e-10 1.00605e-10 7.60145e-11 5.73676e-11 4.32454e-11 3.2563e-11 2.44923e-11 1.84018e-11 1.38111e-11 1.03548e-11 7.75537e-12 5.8026e-12 4.33719e-12 3.23867e-12 2.41604e-12 1.80064e-12
7.2813e-07 2.4542e-06 5.47197e-06 9.92375e-06 1.57953e-05 2.29243e-05 3.10275e-05 3.97387e-05 4.86499e-05 5.73513e-05 6.5464e-05 7.26657e-05 7.87065e-05 8.34166e-05 8.67058e-05 8.85582e-05 8.90221e-05 8.81977e-05 8.62235e-05 8.32635e-05 7.94953e-05 7.50991e-05 7.02498e-05 6.51104e-05 5.98271e-05 5.45272e-05 4.93173e-05 4.42831e-05 3.94912e-05 3.49895e-05 3.08101e-05 2.69708e-05 2.3478e-05 2.03285e-05 1.75117e-05 1.50116e-05 1.28083e-05 1.08793e-05 9.20094e-06 7.74929e-06 6.50064e-06 5.43224e-06 4.52262e-06 3.75186e-06 3.10172e-06 2.55568e-06 2.09898e-06 1.71851e-06 1.40275e-06 1.14166e-06 9.2652e-07 7.49851e-07 6.05246e-07 4.87258e-07 3.91279e-07 3.13435e-07 2.50478e-07 1.99701e-07 1.58857e-07 1.26087e-07 9.98629e-08 7.89269e-08 6.22526e-08 4.9003e-08 3.84983e-08 3.01879e-08 2.36275e-08 1.84593e-08 1.43959e-08 1.12076e-08 8.71054e-09 6.75862e-09 5.23558e-09 4.0493e-09 3.12694e-09 2.41099e-09 1.85619e-09 1.42696e-09 1.09542e-09 8.39719e-10 6.4282e-10 4.91423e-10 3.75185e-10 2.86067e-10 2.17839e-10 1.65675e-10 1.25846e-10 9.54769e-11 7.23501e-11 5.4761e-11 4.14004e-11 3.12641e-11 2.35833e-11 1.77701e-11 1.33754e-11 1.00569e-11 7.5539e-12 5.66804e-12 4.24872e-12 3.18164e-12 2.38024e-12
4.72646e-07 1.64255e-06 3.75084e-06 6.9426e-06 1.12525e-05 1.66026e-05 2.28159e-05 2.964e-05 3.67755e-05 4.39061e-05 5.07257e-05 5.69601e-05 6.23831e-05 6.68257e-05 7.018e-05 7.23973e-05 7.34831e-05 7.34888e-05 7.25024e-05 7.06384e-05 6.80285e-05 6.48124e-05 6.11307e-05 5.71185e-05 5.2901e-05 4.85902e-05 4.42831e-05 4.00609e-05 3.59887e-05 3.21167e-05 2.84813e-05 2.51064e-05 2.20053e-05 1.91823e-05 1.66345e-05 1.43533e-05 1.23258e-05 1.05363e-05 8.96699e-06 7.59915e-06 6.41377e-06 5.39208e-06 4.51602e-06 3.7685e-06 3.13365e-06 2.59687e-06 2.14497e-06 1.76606e-06 1.4496e-06 1.18629e-06 9.67989e-07 7.87642e-07 6.39146e-07 5.1727e-07 4.17555e-07 3.36218e-07 2.70064e-07 2.16412e-07 1.73018e-07 1.38014e-07 1.0985e-07 8.7246e-08 6.91489e-08 5.4694e-08 4.31747e-08 3.40155e-08 2.67485e-08 2.0995e-08 1.64493e-08 1.28649e-08 1.00442e-08 7.82863e-09 6.09167e-09 4.7324e-09 3.67058e-09 2.84258e-09 2.19799e-09 1.69703e-09 1.30833e-09 1.00721e-09 7.74301e-10 5.94427e-10 4.5572e-10 3.48915e-10 2.66792e-10 2.03736e-10 1.55387e-10 1.18365e-10 9.00547e-11 6.84335e-11 5.19422e-11 3.93795e-11 2.98214e-11 2.2558e-11 1.70449e-11 1.28653e-11 9.70031e-12 7.30628e-12 5.49743e-12 4.13222e-12 3.10294e-12
3.06805e-07 1.09833e-06 2.5672e-06 4.84742e-06 7.99717e-06 1.19914e-05 1.67266e-05 2.20341e-05 2.76994e-05 3.34837e-05 3.91451e-05 4.44568e-05 4.92215e-05 5.32817e-05 5.65245e-05 5.88833e-05 6.03357e-05 6.08984e-05 6.06213e-05 5.95801e-05 5.78689e-05 5.55928e-05 5.28621e-05 4.97863e-05 4.64701e-05 4.30097e-05 3.94912e-05 3.59887e-05 3.2564e-05 2.92667e-05 2.6135e-05 2.31962e-05 2.04683e-05 1.79611e-05 1.56775e-05 1.36147e-05 1.17659e-05 1.01207e-05 8.66657e-06 7.38937e-06 6.27427e-06 5.30616e-06 4.47015e-06 3.75186e-06 3.13769e-06 2.61495e-06 2.17199e-06 1.79821e-06 1.48407e-06 1.22108e-06 1.00172e-06 8.19413e-07 6.68418e-07 5.43773e-07 4.41208e-07 3.57074e-07 2.88265e-07 2.32152e-07 1.86521e-07 1.49516e-07 1.19584e-07 9.54352e-08 7.60011e-08 6.03988e-08 4.79022e-08 3.79159e-08 2.99535e-08 2.36185e-08 1.85889e-08 1.4604e-08 1.1453e-08 8.96636e-09 7.00774e-09 5.4679e-09 4.25949e-09 3.31287e-09 2.57261e-09 1.99472e-09 1.54432e-09 1.19387e-09 9.21622e-10 7.10451e-10 5.46908e-10 4.2044e-10 3.22785e-10 2.47488e-10 1.89512e-10 1.44934e-10 1.10704e-10 8.44555e-11 6.43533e-11 4.89781e-11 3.72332e-11 2.82724e-11 2.14442e-11 1.62471e-11 1.22962e-11 9.2962e-12 7.02072e-12 5.29674e-12 3.99203e-12
1.99154e-07 7.33796e-07 1.75459e-06 3.37822e-06 5.67087e-06 8.63868e-06 1.22272e-05 1.63283e-05 2.07922e-05 2.54423e-05 3.00915e-05 3.45564e-05 3.86704e-05 4.22925e-05 4.53137e-05 4.766e-05 4.92921e-05 5.02035e-05 5.04164e-05 4.99767e-05 4.89484e-05 4.74083e-05 4.54404e-05 4.31315e-05 4.05671e-05 3.78283e-05 3.49895e-05 3.21167e-05 2.92667e-05 2.64867e-05 2.38146e-05 2.12793e-05 1.89014e-05 1.66944e-05 1.46656e-05 1.28167e-05 1.11455e-05 9.64611e-06 8.31035e-06 7.12814e-06 6.08828e-06 5.17896e-06 4.38817e-06 3.70406e-06 3.11516e-06 2.61064e-06 2.18035e-06 1.81495e-06 1.50596e-06 1.24568e-06 1.02729e-06 8.44714e-07 6.92615e-07 5.66337e-07 4.61842e-07 3.75647e-07 3.04764e-07 2.46647e-07 1.99133e-07 1.60396e-07 1.289e-07 1.03358e-07 8.26979e-08 6.60272e-08 5.26083e-08 4.18319e-08 3.31974e-08 2.62945e-08 2.07876e-08 1.64039e-08 1.29212e-08 1.01601e-08 7.97516e-09 6.24954e-09 4.8892e-09 3.81878e-09 2.97797e-09 2.31868e-09 1.8026e-09 1.39929e-09 1.08462e-09 8.39507e-10 6.48868e-10 5.00826e-10 3.86034e-10 2.97156e-10 2.28441e-10 1.7539e-10 1.34488e-10 1.02996e-10 7.87826e-11 6.01889e-11 4.59292e-11 3.50071e-11 2.66519e-11 2.0268e-11 1.53962e-11 1.16827e-11 8.85539e-12 6.70523e-12 5.07188e-12
1.29276e-07 4.89855e-07 1.19758e-06 2.35016e-06 4.01271e-06 6.20813e-06 8.91376e-06 1.20639e-05 1.55569e-05 1.92652e-05 2.30468e-05 2.67568e-05 3.02575e-05 3.34271e-05 3.61656e-05 3.83985e-05 4.00781e-05 4.11832e-05 4.17167e-05 4.17023e-05 4.11808e-05 4.0206e-05 3.88402e-05 3.71503e-05 3.52047e-05 3.30703e-05 3.08101e-05 2.84813e-05 2.6135e-05 2.38146e-05 2.15564e-05 1.93891e-05 1.73348e-05 1.54091e-05 1.36221e-05 1.1979e-05 1.0481e-05 9.12595e-06 7.9092e-06 6.82406e-06 5.86249e-06 5.01556e-06 4.27385e-06 3.62779e-06 3.06793e-06 2.58514e-06 2.17074e-06 1.81664e-06 1.51533e-06 1.26001e-06 1.0445e-06 8.63267e-07 7.11422e-07 5.84641e-07 4.79143e-07 3.91641e-07 3.19293e-07 2.59656e-07 2.10641e-07 1.70472e-07 1.37642e-07 1.10884e-07 8.91297e-08 7.14891e-08 5.72193e-08 4.57038e-08 3.64325e-08 2.8985e-08 2.30156e-08 1.82414e-08 1.4431e-08 1.1396e-08 8.98354e-09 7.06959e-09 5.55404e-09 4.35618e-09 3.41115e-09 2.6669e-09 2.08179e-09 1.62258e-09 1.26278e-09 9.81316e-10 7.61494e-10 5.9008e-10 4.56618e-10 3.52861e-10 2.72317e-10 2.09881e-10 1.61552e-10 1.24194e-10 9.53564e-11 7.31249e-11 5.6009e-11 4.28485e-11 3.27422e-11 2.49909e-11 1.90531e-11 1.45101e-11 1.10382e-11 8.38802e-12 6.36739e-12
8.39157e-08 3.2676e-07 8.16362e-07 1.63222e-06 2.83367e-06 4.45108e-06 6.48137e-06 8.8879e-06 1.16041e-05 1.45399e-05 1.75898e-05 2.06412e-05 2.35832e-05 2.63132e-05 2.87427e-05 3.08014e-05 3.24388e-05 3.36255e-05 3.43515e-05 3.46249e-05 3.44689e-05 3.39192e-05 3.30203e-05 3.18226e-05 3.03794e-05 2.87448e-05 2.69708e-05 2.51064e-05 2.31962e-05 2.12793e-05 1.93891e-05 1.75534e-05 1.57943e-05 1.41284e-05 1.25677e-05 1.11195e-05 9.7878e-06 8.5732e-06 7.47384e-06 6.48585e-06 5.60386e-06 4.8214e-06 4.13135e-06 3.52619e-06 2.99827e-06 2.54006e-06 2.14426e-06 1.80393e-06 1.51258e-06 1.26421e-06 1.05332e-06 8.74961e-07 7.24665e-07 5.98472e-07 4.92883e-07 4.04827e-07 3.31631e-07 2.70974e-07 2.20861e-07 1.79579e-07 1.45668e-07 1.17888e-07 9.5192e-08 7.66966e-08 6.16625e-08 4.94716e-08 3.96098e-08 3.16506e-08 2.52413e-08 2.00915e-08 1.59625e-08 1.26589e-08 1.00211e-08 7.91901e-09 6.24715e-09 4.91998e-09 3.86838e-09 3.03664e-09 2.37996e-09 1.8624e-09 1.45518e-09 1.1353e-09 8.84438e-10 6.88018e-10 5.34466e-10 4.14608e-10 3.21191e-10 2.4849e-10 1.91992e-10 1.48149e-10 1.14172e-10 8.78784e-11 6.75571e-11 5.18723e-11 3.97818e-11 3.04738e-11 2.33169e-11 1.78206e-11 1.36048e-11 1.0375e-11 7.90339e-12
5.44716e-08 2.17809e-07 5.55822e-07 1.13179e-06 1.99721e-06 3.18427e-06 4.7011e-06 6.53031e-06 8.63033e-06 1.09393e-05 1.33802e-05 1.58676e-05 1.83134e-05 2.06335e-05 2.27517e-05 2.46044e-05 2.61423e-05 2.73322e-05 2.81565e-05 2.86124e-05 2.87105e-05 2.84725e-05 2.79288e-05 2.7116e-05 2.6075e-05 2.48482e-05 2.3478e-05 2.20053e-05 2.04683e-05 1.89014e-05 1.73348e-05 1.57943e-05 1.43012e-05 1.28724e-05 1.15205e-05 1.02545e-05 9.0801e-06 7.99999e-06 7.0145e-06 6.12201e-06 5.31932e-06 4.60208e-06 3.96511e-06 3.40268e-06 2.90879e-06 2.47733e-06 2.10228e-06 1.7778e-06 1.49832e-06 1.25865e-06 1.05396e-06 8.79846e-07 7.32299e-07 6.07725e-07 5.0292e-07 4.15046e-07 3.41612e-07 2.8044e-07 2.29639e-07 1.87577e-07 1.52851e-07 1.24261e-07 1.00789e-07 8.15672e-08 6.58678e-08 5.30769e-08 4.2681e-08 3.42516e-08 2.74324e-08 2.19281e-08 1.7495e-08 1.39322e-08 1.10747e-08 8.78766e-09 6.96073e-09 5.50419e-09 4.34515e-09 3.42454e-09 2.69464e-09 2.11696e-09 1.66055e-09 1.30057e-09 1.0171e-09 7.94258e-10 6.19348e-10 4.82275e-10 3.75019e-10 2.9122e-10 2.25844e-10 1.74914e-10 1.35294e-10 1.04516e-10 8.06388e-11 6.21402e-11 4.78274e-11 3.67675e-11 2.82322e-11 2.16534e-11 1.65888e-11 1.26946e-11 9.70395e-12
