0.830019 0.000311859 0.000298072 0.000284895 0.0002723 0.000260262 0.000248756 0.000237759 0.000227248 0.000217202 0.0002076 0.000198422 0.00018965 0.000181266 0.000173252 0.000165593 0.000158272 0.000151275 0.000144588 0.000138196 0.000132086 0.000126247 0.000120666 0.000115331 0.000110233 0.000105359 0.000100702 9.62496e-05 9.19946e-05 8.79276e-05 8.40405e-05 8.03251e-05 7.67741e-05 7.338e-05 7.0136e-05 6.70353e-05 6.40718e-05 6.12393e-05 5.8532e-05 5.59443e-05 5.34711e-05 5.11072e-05 4.88478e-05 4.66884e-05 4.46243e-05 4.26515e-05 4.0766e-05 3.89638e-05 3.72412e-05 3.55948e-05 3.40212e-05 3.25172e-05 3.10797e-05 2.97057e-05 2.83924e-05 2.71372e-05 2.59375e-05 2.47909e-05 2.36949e-05 2.26474e-05 2.16462e-05 2.06892e-05 1.97746e-05 1.89004e-05 1.80648e-05 1.72662e-05 1.65029e-05 1.57733e-05 1.5076e-05 1.44095e-05 1.37725e-05 1.31636e-05 1.25817e-05 1.20254e-05 1.14938e-05 1.09857e-05 1.05e-05 1.00358e-05 9.59217e-06 9.16811e-06 8.7628e-06 8.37541e-06 8.00514e-06 7.65124e-06 7.31299e-06 6.9897e-06 6.68069e-06 6.38535e-06 6.10306e-06 5.83325e-06 5.57537e-06 5.32889e-06 5.09331e-06 4.86814e-06 4.65293e-06 4.44723e-06 4.25062e-06 4.06271e-06 3.8831e-06 3.71143e-06 3.54735e-06
0.000311859 4.37159e-05 4.2262e-05 4.08512e-05 3.94825e-05 3.8155e-05 3.68677e-05 3.56197e-05 3.441e-05 3.32376e-05 3.21016e-05 3.10011e-05 2.99352e-05 2.89029e-05 2.79034e-05 2.69357e-05 2.59991e-05 2.50927e-05 2.42156e-05 2.3367e-05 2.25461e-05 2.17521e-05 2.09843e-05 2.02418e-05 1.9524e-05 1.88301e-05 1.81593e-05 1.75111e-05 1.68847e-05 1.62795e-05 1.56948e-05 1.51299e-05 1.45843e-05 1.40574e-05 1.35486e-05 1.30573e-05 1.2583e-05 1.2125e-05 1.1683e-05 1.12564e-05 1.08446e-05 1.04473e-05 1.00639e-05 9.69393e-06 9.33704e-06 8.99276e-06 8.66067e-06 8.34037e-06 8.03147e-06 7.73357e-06 7.44632e-06 7.16935e-06 6.90232e-06 6.64488e-06 6.39672e-06 6.15751e-06 5.92695e-06 5.70474e-06 5.4906e-06 5.28424e-06 5.08539e-06 4.8938e-06 4.70921e-06 4.53138e-06 4.36006e-06 4.19504e-06 4.03609e-06 3.88299e-06 3.73554e-06 3.59354e-06 3.45679e-06 3.32511e-06 3.19832e-06 3.07624e-06 2.9587e-06 2.84554e-06 2.73661e-06 2.63175e-06 2.53081e-06 2.43365e-06 2.34013e-06 2.25013e-06 2.16351e-06 2.08015e-06 1.99993e-06 1.92275e-06 1.84847e-06 1.77701e-06 1.70825e-06 1.6421e-06 1.57846e-06 1.51724e-06 1.45834e-06 1.40169e-06 1.34719e-06 1.29478e-06 1.24436e-06 1.19588e-06 1.14925e-06 1.1044e-06 1.06127e-06
0.000298072 4.2262e-05 4.09183e-05 3.96115e-05 3.8341e-05 3.71061e-05 3.59061e-05 3.47403e-05 3.3608e-05 3.25085e-05 3.1441e-05 3.04049e-05 2.93994e-05 2.84239e-05 2.74777e-05 2.65599e-05 2.567e-05 2.48073e-05 2.39711e-05 2.31607e-05 2.23754e-05 2.16146e-05 2.08776e-05 2.01639e-05 1.94728e-05 1.88036e-05 1.81558e-05 1.75288e-05 1.6922e-05 1.63347e-05 1.57666e-05 1.5217e-05 1.46853e-05 1.41711e-05 1.36739e-05 1.31931e-05 1.27282e-05 1.22788e-05 1.18445e-05 1.14246e-05 1.10189e-05 1.06269e-05 1.02481e-05 9.88218e-06 9.52868e-06 9.18723e-06 8.85746e-06 8.53898e-06 8.23145e-06 7.93452e-06 7.64784e-06 7.37108e-06 7.10393e-06 6.84607e-06 6.5972e-06 6.35702e-06 6.12525e-06 5.90161e-06 5.68584e-06 5.47767e-06 5.27684e-06 5.08313e-06 4.89627e-06 4.71606e-06 4.54225e-06 4.37464e-06 4.21302e-06 4.05717e-06 3.90691e-06 3.76205e-06 3.62239e-06 3.48776e-06 3.35799e-06 3.2329e-06 3.11235e-06 2.99616e-06 2.88419e-06 2.77629e-06 2.67232e-06 2.57213e-06 2.47561e-06 2.38261e-06 2.29302e-06 2.20672e-06 2.12358e-06 2.0435e-06 1.96637e-06 1.89207e-06 1.82052e-06 1.75162e-06 1.68526e-06 1.62136e-06 1.55983e-06 1.50058e-06 1.44354e-06 1.38861e-06 1.33574e-06 1.28483e-06 1.23583e-06 1.18866e-06 1.14325e-06
0.000284895 4.08512e-05 3.96115e-05 3.84031e-05 3.72256e-05 3.60786e-05 3.49615e-05 3.38739e-05 3.28154e-05 3.17854e-05 3.07835e-05 2.9809e-05 2.88616e-05 2.79407e-05 2.70457e-05 2.61761e-05 2.53314e-05 2.4511e-05 2.37144e-05 2.29411e-05 2.21906e-05 2.14622e-05 2.07555e-05 2.007e-05 1.94051e-05 1.87603e-05 1.81352e-05 1.75292e-05 1.69418e-05 1.63726e-05 1.5821e-05 1.52867e-05 1.47691e-05 1.42677e-05 1.37823e-05 1.33122e-05 1.28571e-05 1.24165e-05 1.19901e-05 1.15775e-05 1.11781e-05 1.07918e-05 1.0418e-05 1.00564e-05 9.70671e-06 9.36849e-06 9.04142e-06 8.72518e-06 8.41944e-06 8.12387e-06 7.83816e-06 7.56202e-06 7.29514e-06 7.03725e-06 6.78806e-06 6.54729e-06 6.31469e-06 6.09e-06 5.87296e-06 5.66333e-06 5.46088e-06 5.26538e-06 5.0766e-06 4.89432e-06 4.71834e-06 4.54845e-06 4.38445e-06 4.22615e-06 4.07336e-06 3.92591e-06 3.7836e-06 3.64628e-06 3.51377e-06 3.38592e-06 3.26257e-06 3.14358e-06 3.02878e-06 2.91805e-06 2.81124e-06 2.70823e-06 2.60888e-06 2.51306e-06 2.42067e-06 2.33157e-06 2.24566e-06 2.16283e-06 2.08298e-06 2.00599e-06 1.93177e-06 1.86023e-06 1.79127e-06 1.7248e-06 1.66074e-06 1.599e-06 1.53949e-06 1.48215e-06 1.4269e-06 1.37365e-06 1.32235e-06 1.27292e-06 1.22529e-06
0.0002723 3.94825e-05 3.8341e-05 3.72256e-05 3.61361e-05 3.50723e-05 3.4034e-05 3.30208e-05 3.20326e-05 3.1069e-05 3.01297e-05 2.92143e-05 2.83226e-05 2.74541e-05 2.66085e-05 2.57853e-05 2.49842e-05 2.42048e-05 2.34467e-05 2.27095e-05 2.19927e-05 2.1296e-05 2.06189e-05 1.9961e-05 1.93219e-05 1.87012e-05 1.80985e-05 1.75133e-05 1.69452e-05 1.63939e-05 1.58589e-05 1.53399e-05 1.48364e-05 1.43481e-05 1.38745e-05 1.34153e-05 1.29702e-05 1.25388e-05 1.21206e-05 1.17154e-05 1.13227e-05 1.09424e-05 1.05739e-05 1.02171e-05 9.87151e-06 9.53689e-06 9.21291e-06 8.89928e-06 8.59569e-06 8.30187e-06 8.01751e-06 7.74236e-06 7.47614e-06 7.21859e-06 6.96944e-06 6.72846e-06 6.49538e-06 6.26999e-06 6.05203e-06 5.84129e-06 5.63755e-06 5.44059e-06 5.2502e-06 5.06618e-06 4.88833e-06 4.71646e-06 4.55037e-06 4.3899e-06 4.23485e-06 4.08506e-06 3.94037e-06 3.8006e-06 3.6656e-06 3.53521e-06 3.4093e-06 3.28771e-06 3.1703e-06 3.05693e-06 2.94749e-06 2.84182e-06 2.73982e-06 2.64136e-06 2.54632e-06 2.4546e-06 2.36607e-06 2.28064e-06 2.1982e-06 2.11865e-06 2.04189e-06 1.96783e-06 1.89638e-06 1.82745e-06 1.76096e-06 1.69682e-06 1.63495e-06 1.57528e-06 1.51773e-06 1.46222e-06 1.4087e-06 1.35708e-06 1.3073e-06
0.000260262 3.8155e-05 3.71061e-05 3.60786e-05 3.50723e-05 3.40874e-05 3.31238e-05 3.21814e-05 3.12601e-05 3.03599e-05 2.94804e-05 2.86216e-05 2.77832e-05 2.69651e-05 2.61669e-05 2.53885e-05 2.46296e-05 2.38898e-05 2.3169e-05 2.24668e-05 2.1783e-05 2.11171e-05 2.04689e-05 1.98381e-05 1.92243e-05 1.86272e-05 1.80466e-05 1.74819e-05 1.6933e-05 1.63995e-05 1.58811e-05 1.53773e-05 1.4888e-05 1.44128e-05 1.39513e-05 1.35032e-05 1.30683e-05 1.26461e-05 1.22364e-05 1.18389e-05 1.14533e-05 1.10792e-05 1.07164e-05 1.03646e-05 1.00235e-05 9.6928e-06 9.37225e-06 9.06157e-06 8.7605e-06 8.46877e-06 8.18613e-06 7.91233e-06 7.64712e-06 7.39025e-06 7.14151e-06 6.90064e-06 6.66744e-06 6.44168e-06 6.22314e-06 6.01161e-06 5.8069e-06 5.6088e-06 5.41711e-06 5.23164e-06 5.05221e-06 4.87864e-06 4.71075e-06 4.54837e-06 4.39133e-06 4.23947e-06 4.09263e-06 3.95066e-06 3.8134e-06 3.68071e-06 3.55245e-06 3.42847e-06 3.30865e-06 3.19285e-06 3.08095e-06 2.97282e-06 2.86835e-06 2.76741e-06 2.66989e-06 2.57569e-06 2.4847e-06 2.3968e-06 2.31191e-06 2.22993e-06 2.15076e-06 2.07431e-06 2.00048e-06 1.92921e-06 1.86039e-06 1.79395e-06 1.72981e-06 1.6679e-06 1.60813e-06 1.55045e-06 1.49477e-06 1.44104e-06 1.38919e-06
0.000248756 3.68677e-05 3.59061e-05 3.49615e-05 3.4034e-05 3.31238e-05 3.22311e-05 3.13559e-05 3.04984e-05 2.96585e-05 2.88362e-05 2.80314e-05 2.72442e-05 2.64744e-05 2.57219e-05 2.49866e-05 2.42684e-05 2.3567e-05 2.28823e-05 2.22141e-05 2.15622e-05 2.09264e-05 2.03064e-05 1.97021e-05 1.91131e-05 1.85393e-05 1.79804e-05 1.74361e-05 1.69061e-05 1.63903e-05 1.58883e-05 1.53999e-05 1.49247e-05 1.44626e-05 1.40133e-05 1.35764e-05 1.31518e-05 1.27391e-05 1.23381e-05 1.19486e-05 1.15702e-05 1.12027e-05 1.08458e-05 1.04993e-05 1.0163e-05 9.83657e-06 9.51977e-06 9.21238e-06 8.91415e-06 8.62485e-06 8.34426e-06 8.07213e-06 7.80826e-06 7.55242e-06 7.3044e-06 7.06399e-06 6.83098e-06 6.60517e-06 6.38637e-06 6.17437e-06 5.96899e-06 5.77004e-06 5.57734e-06 5.39072e-06 5.21e-06 5.03501e-06 4.86558e-06 4.70156e-06 4.54278e-06 4.3891e-06 4.24036e-06 4.09641e-06 3.95712e-06 3.82235e-06 3.69195e-06 3.5658e-06 3.44376e-06 3.32572e-06 3.21156e-06 3.10114e-06 2.99437e-06 2.89112e-06 2.79128e-06 2.69476e-06 2.60144e-06 2.51123e-06 2.42403e-06 2.33975e-06 2.25828e-06 2.17956e-06 2.10347e-06 2.02995e-06 1.95892e-06 1.89028e-06 1.82396e-06 1.7599e-06 1.69801e-06 1.63823e-06 1.58049e-06 1.52471e-06 1.47085e-06
0.000237759 3.56197e-05 3.47403e-05 3.38739e-05 3.30208e-05 3.21814e-05 3.13559e-05 3.05447e-05 2.97477e-05 2.89653e-05 2.81976e-05 2.74446e-05 2.67063e-05 2.59829e-05 2.52743e-05 2.45805e-05 2.39015e-05 2.32372e-05 2.25874e-05 2.19522e-05 2.13314e-05 2.07249e-05 2.01324e-05 1.9554e-05 1.89894e-05 1.84384e-05 1.79008e-05 1.73766e-05 1.68654e-05 1.63671e-05 1.58814e-05 1.54082e-05 1.49472e-05 1.44983e-05 1.40612e-05 1.36357e-05 1.32215e-05 1.28185e-05 1.24263e-05 1.20449e-05 1.1674e-05 1.13133e-05 1.09626e-05 1.06218e-05 1.02905e-05 9.96857e-06 9.65582e-06 9.352e-06 9.05692e-06 8.77036e-06 8.49212e-06 8.22199e-06 7.95978e-06 7.70528e-06 7.4583e-06 7.21865e-06 6.98614e-06 6.76059e-06 6.54181e-06 6.32964e-06 6.12388e-06 5.92438e-06 5.73096e-06 5.54346e-06 5.36171e-06 5.18556e-06 5.01486e-06 4.84945e-06 4.68918e-06 4.53391e-06 4.38351e-06 4.23782e-06 4.09672e-06 3.96007e-06 3.82774e-06 3.69961e-06 3.57557e-06 3.45547e-06 3.33922e-06 3.2267e-06 3.11779e-06 3.01239e-06 2.9104e-06 2.8117e-06 2.71621e-06 2.62383e-06 2.53445e-06 2.44799e-06 2.36437e-06 2.28348e-06 2.20525e-06 2.1296e-06 2.05645e-06 1.98571e-06 1.91732e-06 1.85119e-06 1.78727e-06 1.72547e-06 1.66574e-06 1.608e-06 1.55219e-06
0.000227248 3.441e-05 3.3608e-05 3.28154e-05 3.20326e-05 3.12601e-05 3.04984e-05 2.97477e-05 2.90085e-05 2.82809e-05 2.75652e-05 2.68616e-05 2.61702e-05 2.54913e-05 2.48249e-05 2.4171e-05 2.35298e-05 2.29012e-05 2.22853e-05 2.16821e-05 2.10915e-05 2.05134e-05 1.99478e-05 1.93947e-05 1.88538e-05 1.83252e-05 1.78087e-05 1.73042e-05 1.68115e-05 1.63305e-05 1.58611e-05 1.54031e-05 1.49562e-05 1.45205e-05 1.40956e-05 1.36815e-05 1.32779e-05 1.28846e-05 1.25016e-05 1.21285e-05 1.17652e-05 1.14115e-05 1.10672e-05 1.07322e-05 1.04063e-05 1.00891e-05 9.78071e-06 9.48075e-06 9.1891e-06 8.90557e-06 8.62998e-06 8.36213e-06 8.10186e-06 7.84899e-06 7.60335e-06 7.36475e-06 7.13304e-06 6.90803e-06 6.68958e-06 6.4775e-06 6.27165e-06 6.07187e-06 5.87799e-06 5.68988e-06 5.50737e-06 5.33032e-06 5.15859e-06 4.99203e-06 4.83051e-06 4.6739e-06 4.52205e-06 4.37484e-06 4.23214e-06 4.09382e-06 3.95978e-06 3.82987e-06 3.704e-06 3.58204e-06 3.46388e-06 3.34942e-06 3.23855e-06 3.13116e-06 3.02716e-06 2.92645e-06 2.82893e-06 2.7345e-06 2.64309e-06 2.55459e-06 2.46892e-06 2.38599e-06 2.30574e-06 2.22806e-06 2.15289e-06 2.08016e-06 2.00978e-06 1.94169e-06 1.87581e-06 1.81208e-06 1.75043e-06 1.69081e-06 1.63313e-06
0.000217202 3.32376e-05 3.25085e-05 3.17854e-05 3.1069e-05 3.03599e-05 2.96585e-05 2.89653e-05 2.82809e-05 2.76054e-05 2.69394e-05 2.6283e-05 2.56365e-05 2.50002e-05 2.43743e-05 2.37588e-05 2.31541e-05 2.256e-05 2.19768e-05 2.14045e-05 2.08432e-05 2.02928e-05 1.97534e-05 1.92249e-05 1.87074e-05 1.82007e-05 1.77048e-05 1.72198e-05 1.67453e-05 1.62815e-05 1.58281e-05 1.53851e-05 1.49524e-05 1.45298e-05 1.41172e-05 1.37145e-05 1.33216e-05 1.29382e-05 1.25643e-05 1.21997e-05 1.18442e-05 1.14977e-05 1.11601e-05 1.08312e-05 1.05107e-05 1.01986e-05 9.89477e-06 9.59894e-06 9.31098e-06 9.03074e-06 8.75806e-06 8.49277e-06 8.23473e-06 7.98377e-06 7.73973e-06 7.50247e-06 7.27182e-06 7.04763e-06 6.82977e-06 6.61807e-06 6.41239e-06 6.21258e-06 6.01851e-06 5.83003e-06 5.64701e-06 5.46931e-06 5.29679e-06 5.12932e-06 4.96678e-06 4.80904e-06 4.65597e-06 4.50745e-06 4.36336e-06 4.22358e-06 4.08801e-06 3.95652e-06 3.829e-06 3.70535e-06 3.58547e-06 3.46924e-06 3.35657e-06 3.24735e-06 3.1415e-06 3.03892e-06 2.93951e-06 2.84318e-06 2.74985e-06 2.65944e-06 2.57185e-06 2.48701e-06 2.40483e-06 2.32524e-06 2.24817e-06 2.17353e-06 2.10126e-06 2.03129e-06 1.96355e-06 1.89798e-06 1.8345e-06 1.77305e-06 1.71359e-06
0.0002076 3.21016e-05 3.1441e-05 3.07835e-05 3.01297e-05 2.94804e-05 2.88362e-05 2.81976e-05 2.75652e-05 2.69394e-05 2.63206e-05 2.57093e-05 2.51058e-05 2.45103e-05 2.39232e-05 2.33447e-05 2.2775e-05 2.22143e-05 2.16627e-05 2.11204e-05 2.05874e-05 2.00639e-05 1.955e-05 1.90456e-05 1.85508e-05 1.80656e-05 1.759e-05 1.7124e-05 1.66675e-05 1.62206e-05 1.57832e-05 1.53551e-05 1.49364e-05 1.45269e-05 1.41266e-05 1.37354e-05 1.33531e-05 1.29797e-05 1.26151e-05 1.22591e-05 1.19116e-05 1.15725e-05 1.12416e-05 1.09189e-05 1.06043e-05 1.02974e-05 9.99835e-06 9.70686e-06 9.42284e-06 9.14614e-06 8.87662e-06 8.61415e-06 8.35858e-06 8.10979e-06 7.86762e-06 7.63194e-06 7.40262e-06 7.17952e-06 6.96249e-06 6.75142e-06 6.54616e-06 6.34659e-06 6.15257e-06 5.96397e-06 5.78067e-06 5.60255e-06 5.42947e-06 5.26132e-06 5.09798e-06 4.93933e-06 4.78525e-06 4.63562e-06 4.49035e-06 4.34931e-06 4.2124e-06 4.0795e-06 3.95053e-06 3.82537e-06 3.70392e-06 3.58609e-06 3.47178e-06 3.36089e-06 3.25334e-06 3.14903e-06 3.04787e-06 2.94978e-06 2.85468e-06 2.76247e-06 2.67308e-06 2.58644e-06 2.50245e-06 2.42106e-06 2.34218e-06 2.26575e-06 2.19169e-06 2.11993e-06 2.05041e-06 1.98307e-06 1.91784e-06 1.85466e-06 1.79347e-06
0.000198422 3.10011e-05 3.04049e-05 2.9809e-05 2.92143e-05 2.86216e-05 2.80314e-05 2.74446e-05 2.68616e-05 2.6283e-05 2.57093e-05 2.5141e-05 2.45785e-05 2.40221e-05 2.34723e-05 2.29293e-05 2.23933e-05 2.18647e-05 2.13436e-05 2.08303e-05 2.03249e-05 1.98275e-05 1.93383e-05 1.88574e-05 1.83848e-05 1.79206e-05 1.74649e-05 1.70176e-05 1.65789e-05 1.61486e-05 1.57269e-05 1.53136e-05 1.49088e-05 1.45124e-05 1.41244e-05 1.37446e-05 1.33731e-05 1.30097e-05 1.26544e-05 1.23071e-05 1.19677e-05 1.16361e-05 1.13122e-05 1.0996e-05 1.06872e-05 1.03858e-05 1.00917e-05 9.80482e-06 9.52495e-06 9.25202e-06 8.9859e-06 8.72648e-06 8.47363e-06 8.22725e-06 7.98719e-06 7.75335e-06 7.52559e-06 7.30381e-06 7.08788e-06 6.87767e-06 6.67308e-06 6.47397e-06 6.28023e-06 6.09175e-06 5.9084e-06 5.73008e-06 5.55667e-06 5.38805e-06 5.22412e-06 5.06477e-06 4.90988e-06 4.75936e-06 4.61309e-06 4.47098e-06 4.33291e-06 4.1988e-06 4.06855e-06 3.94204e-06 3.8192e-06 3.69993e-06 3.58414e-06 3.47173e-06 3.36262e-06 3.25673e-06 3.15396e-06 3.05424e-06 2.95748e-06 2.86361e-06 2.77254e-06 2.68421e-06 2.59853e-06 2.51544e-06 2.43486e-06 2.35673e-06 2.28097e-06 2.20752e-06 2.13631e-06 2.06729e-06 2.00039e-06 1.93555e-06 1.87271e-06
0.00018965 2.99352e-05 2.93994e-05 2.88616e-05 2.83226e-05 2.77832e-05 2.72442e-05 2.67063e-05 2.61702e-05 2.56365e-05 2.51058e-05 2.45785e-05 2.40552e-05 2.35362e-05 2.30221e-05 2.25131e-05 2.20097e-05 2.1512e-05 2.10204e-05 2.05351e-05 2.00563e-05 1.95843e-05 1.91192e-05 1.86611e-05 1.82101e-05 1.77665e-05 1.73302e-05 1.69013e-05 1.648e-05 1.60662e-05 1.566e-05 1.52613e-05 1.48703e-05 1.44869e-05 1.4111e-05 1.37427e-05 1.33819e-05 1.30286e-05 1.26827e-05 1.23442e-05 1.2013e-05 1.16891e-05 1.13723e-05 1.10626e-05 1.07599e-05 1.04642e-05 1.01753e-05 9.89313e-06 9.61762e-06 9.34866e-06 9.08615e-06 8.83e-06 8.58009e-06 8.33634e-06 8.09862e-06 7.86684e-06 7.64089e-06 7.42066e-06 7.20604e-06 6.99693e-06 6.79322e-06 6.59481e-06 6.40158e-06 6.21343e-06 6.03025e-06 5.85195e-06 5.67841e-06 5.50954e-06 5.34523e-06 5.18537e-06 5.02988e-06 4.87864e-06 4.73157e-06 4.58857e-06 4.44954e-06 4.31438e-06 4.18301e-06 4.05534e-06 3.93126e-06 3.81071e-06 3.69359e-06 3.57981e-06 3.46929e-06 3.36195e-06 3.25771e-06 3.15648e-06 3.0582e-06 2.96279e-06 2.87016e-06 2.78026e-06 2.69299e-06 2.60831e-06 2.52613e-06 2.4464e-06 2.36903e-06 2.29398e-06 2.22118e-06 2.15056e-06 2.08207e-06 2.01564e-06 1.95123e-06
0.000181266 2.89029e-05 2.84239e-05 2.79407e-05 2.74541e-05 2.69651e-05 2.64744e-05 2.59829e-05 2.54913e-05 2.50002e-05 2.45103e-05 2.40221e-05 2.35362e-05 2.30531e-05 2.25732e-05 2.20969e-05 2.16247e-05 2.11568e-05 2.06936e-05 2.02354e-05 1.97824e-05 1.93349e-05 1.88932e-05 1.84573e-05 1.80275e-05 1.76039e-05 1.71866e-05 1.67758e-05 1.63716e-05 1.59739e-05 1.5583e-05 1.51988e-05 1.48215e-05 1.44509e-05 1.40872e-05 1.37303e-05 1.33802e-05 1.3037e-05 1.27006e-05 1.23709e-05 1.2048e-05 1.17318e-05 1.14222e-05 1.11193e-05 1.08228e-05 1.05329e-05 1.02493e-05 9.97208e-06 9.70111e-06 9.43631e-06 9.17762e-06 8.92493e-06 8.67818e-06 8.43726e-06 8.2021e-06 7.97259e-06 7.74865e-06 7.53019e-06 7.31711e-06 7.10931e-06 6.9067e-06 6.70919e-06 6.51668e-06 6.32908e-06 6.14628e-06 5.96821e-06 5.79475e-06 5.62581e-06 5.46131e-06 5.30115e-06 5.14524e-06 4.99348e-06 4.84579e-06 4.70207e-06 4.56225e-06 4.42622e-06 4.2939e-06 4.16521e-06 4.04007e-06 3.91838e-06 3.80008e-06 3.68507e-06 3.57329e-06 3.46464e-06 3.35905e-06 3.25646e-06 3.15678e-06 3.05994e-06 2.96588e-06 2.87451e-06 2.78577e-06 2.6996e-06 2.61593e-06 2.53468e-06 2.45581e-06 2.37925e-06 2.30493e-06 2.2328e-06 2.1628e-06 2.09487e-06 2.02895e-06
0.000173252 2.79034e-05 2.74777e-05 2.70457e-05 2.66085e-05 2.61669e-05 2.57219e-05 2.52743e-05 2.48249e-05 2.43743e-05 2.39232e-05 2.34723e-05 2.30221e-05 2.25732e-05 2.2126e-05 2.16811e-05 2.12389e-05 2.07996e-05 2.03638e-05 1.99318e-05 1.95038e-05 1.90801e-05 1.8661e-05 1.82468e-05 1.78375e-05 1.74335e-05 1.70348e-05 1.66417e-05 1.62542e-05 1.58725e-05 1.54966e-05 1.51267e-05 1.47628e-05 1.4405e-05 1.40533e-05 1.37078e-05 1.33685e-05 1.30353e-05 1.27084e-05 1.23876e-05 1.20731e-05 1.17647e-05 1.14624e-05 1.11663e-05 1.08762e-05 1.05922e-05 1.03141e-05 1.0042e-05 9.7757e-06 9.51525e-06 9.26054e-06 9.01151e-06 8.7681e-06 8.53022e-06 8.2978e-06 8.07077e-06 7.84905e-06 7.63255e-06 7.42121e-06 7.21493e-06 7.01363e-06 6.81722e-06 6.62564e-06 6.43877e-06 6.25656e-06 6.0789e-06 5.90571e-06 5.73691e-06 5.57241e-06 5.41213e-06 5.25598e-06 5.10388e-06 4.95574e-06 4.81148e-06 4.67103e-06 4.53429e-06 4.40119e-06 4.27165e-06 4.14558e-06 4.02292e-06 3.90358e-06 3.78749e-06 3.67457e-06 3.56475e-06 3.45796e-06 3.35412e-06 3.25316e-06 3.15502e-06 3.05962e-06 2.96691e-06 2.8768e-06 2.78925e-06 2.70418e-06 2.62153e-06 2.54124e-06 2.46326e-06 2.38751e-06 2.31395e-06 2.24252e-06 2.17316e-06 2.10582e-06
0.000165593 2.69357e-05 2.65599e-05 2.61761e-05 2.57853e-05 2.53885e-05 2.49866e-05 2.45805e-05 2.4171e-05 2.37588e-05 2.33447e-05 2.29293e-05 2.25131e-05 2.20969e-05 2.16811e-05 2.12663e-05 2.08528e-05 2.04412e-05 2.00318e-05 1.96249e-05 1.92211e-05 1.88205e-05 1.84234e-05 1.80301e-05 1.76409e-05 1.72559e-05 1.68754e-05 1.64995e-05 1.61285e-05 1.57624e-05 1.54014e-05 1.50455e-05 1.4695e-05 1.43498e-05 1.40101e-05 1.36758e-05 1.33472e-05 1.30241e-05 1.27066e-05 1.23948e-05 1.20886e-05 1.17881e-05 1.14933e-05 1.1204e-05 1.09204e-05 1.06424e-05 1.037e-05 1.01031e-05 9.84168e-06 9.58572e-06 9.33517e-06 9.08997e-06 8.85006e-06 8.6154e-06 8.38591e-06 8.16155e-06 7.94223e-06 7.72789e-06 7.51847e-06 7.3139e-06 7.1141e-06 6.919e-06 6.72852e-06 6.54259e-06 6.36114e-06 6.18409e-06 6.01136e-06 5.84287e-06 5.67855e-06 5.51833e-06 5.36212e-06 5.20984e-06 5.06143e-06 4.9168e-06 4.77588e-06 4.63859e-06 4.50486e-06 4.37462e-06 4.24778e-06 4.12429e-06 4.00405e-06 3.88702e-06 3.7731e-06 3.66224e-06 3.55436e-06 3.4494e-06 3.34729e-06 3.24796e-06 3.15135e-06 3.05739e-06 2.96603e-06 2.87719e-06 2.79082e-06 2.70687e-06 2.62526e-06 2.54594e-06 2.46885e-06 2.39395e-06 2.32117e-06 2.25046e-06 2.18177e-06
0.000158272 2.59991e-05 2.567e-05 2.53314e-05 2.49842e-05 2.46296e-05 2.42684e-05 2.39015e-05 2.35298e-05 2.31541e-05 2.2775e-05 2.23933e-05 2.20097e-05 2.16247e-05 2.12389e-05 2.08528e-05 2.0467e-05 2.00818e-05 1.96978e-05 1.93154e-05 1.89348e-05 1.85565e-05 1.81808e-05 1.78079e-05 1.74381e-05 1.70717e-05 1.6709e-05 1.635e-05 1.5995e-05 1.56442e-05 1.52978e-05 1.49558e-05 1.46184e-05 1.42857e-05 1.39578e-05 1.36348e-05 1.33167e-05 1.30037e-05 1.26957e-05 1.23928e-05 1.20951e-05 1.18025e-05 1.15151e-05 1.12329e-05 1.09558e-05 1.0684e-05 1.04173e-05 1.01557e-05 9.89931e-06 9.648e-06 9.40175e-06 9.16053e-06 8.9243e-06 8.69301e-06 8.46663e-06 8.24509e-06 8.02836e-06 7.81636e-06 7.60905e-06 7.40636e-06 7.20823e-06 7.01461e-06 6.82543e-06 6.64061e-06 6.46011e-06 6.28384e-06 6.11174e-06 5.94374e-06 5.77978e-06 5.61978e-06 5.46368e-06 5.3114e-06 5.16287e-06 5.01803e-06 4.8768e-06 4.73912e-06 4.60491e-06 4.47411e-06 4.34665e-06 4.22246e-06 4.10147e-06 3.98362e-06 3.86884e-06 3.75707e-06 3.64823e-06 3.54227e-06 3.43912e-06 3.33872e-06 3.241e-06 3.14592e-06 3.05339e-06 2.96338e-06 2.87581e-06 2.79064e-06 2.7078e-06 2.62724e-06 2.5489e-06 2.47273e-06 2.39868e-06 2.3267e-06 2.25673e-06
0.000151275 2.50927e-05 2.48073e-05 2.4511e-05 2.42048e-05 2.38898e-05 2.3567e-05 2.32372e-05 2.29012e-05 2.256e-05 2.22143e-05 2.18647e-05 2.1512e-05 2.11568e-05 2.07996e-05 2.04412e-05 2.00818e-05 1.97222e-05 1.93626e-05 1.90036e-05 1.86456e-05 1.82888e-05 1.79338e-05 1.75806e-05 1.72298e-05 1.68815e-05 1.6536e-05 1.61936e-05 1.58544e-05 1.55186e-05 1.51865e-05 1.48581e-05 1.45337e-05 1.42133e-05 1.38971e-05 1.35852e-05 1.32777e-05 1.29746e-05 1.2676e-05 1.23821e-05 1.20928e-05 1.18082e-05 1.15283e-05 1.12531e-05 1.09827e-05 1.07171e-05 1.04563e-05 1.02002e-05 9.94888e-06 9.70233e-06 9.46052e-06 9.22342e-06 8.99101e-06 8.76326e-06 8.54013e-06 8.32159e-06 8.10759e-06 7.8981e-06 7.69306e-06 7.49243e-06 7.29615e-06 7.10418e-06 6.91645e-06 6.73292e-06 6.55353e-06 6.37822e-06 6.20692e-06 6.03958e-06 5.87613e-06 5.71652e-06 5.56069e-06 5.40856e-06 5.26007e-06 5.11517e-06 4.97379e-06 4.83586e-06 4.70132e-06 4.57011e-06 4.44217e-06 4.31742e-06 4.19581e-06 4.07728e-06 3.96177e-06 3.8492e-06 3.73953e-06 3.63268e-06 3.52861e-06 3.42725e-06 3.32854e-06 3.23243e-06 3.13885e-06 3.04776e-06 2.95909e-06 2.87279e-06 2.78881e-06 2.7071e-06 2.62759e-06 2.55024e-06 2.475e-06 2.40182e-06 2.33065e-06
0.000144588 2.42156e-05 2.39711e-05 2.37144e-05 2.34467e-05 2.3169e-05 2.28823e-05 2.25874e-05 2.22853e-05 2.19768e-05 2.16627e-05 2.13436e-05 2.10204e-05 2.06936e-05 2.03638e-05 2.00318e-05 1.96978e-05 1.93626e-05 1.90266e-05 1.86902e-05 1.83539e-05 1.8018e-05 1.76829e-05 1.7349e-05 1.70165e-05 1.66858e-05 1.63572e-05 1.60308e-05 1.5707e-05 1.5386e-05 1.50679e-05 1.47529e-05 1.44412e-05 1.4133e-05 1.38284e-05 1.35275e-05 1.32304e-05 1.29372e-05 1.26481e-05 1.23631e-05 1.20822e-05 1.18056e-05 1.15332e-05 1.12652e-05 1.10015e-05 1.07421e-05 1.04872e-05 1.02367e-05 9.99064e-06 9.74897e-06 9.51172e-06 9.27887e-06 9.05041e-06 8.82634e-06 8.60661e-06 8.39121e-06 8.1801e-06 7.97326e-06 7.77065e-06 7.57223e-06 7.37796e-06 7.1878e-06 7.0017e-06 6.81962e-06 6.6415e-06 6.46729e-06 6.29696e-06 6.13043e-06 5.96766e-06 5.8086e-06 5.65318e-06 5.50136e-06 5.35307e-06 5.20825e-06 5.06686e-06 4.92883e-06 4.7941e-06 4.66262e-06 4.53432e-06 4.40915e-06 4.28706e-06 4.16797e-06 4.05184e-06 3.93861e-06 3.82822e-06 3.72061e-06 3.61573e-06 3.51351e-06 3.41392e-06 3.31689e-06 3.22236e-06 3.13028e-06 3.04061e-06 2.95328e-06 2.86825e-06 2.78546e-06 2.70487e-06 2.62643e-06 2.55007e-06 2.47577e-06 2.40347e-06
0.000138196 2.3367e-05 2.31607e-05 2.29411e-05 2.27095e-05 2.24668e-05 2.22141e-05 2.19522e-05 2.16821e-05 2.14045e-05 2.11204e-05 2.08303e-05 2.05351e-05 2.02354e-05 1.99318e-05 1.96249e-05 1.93154e-05 1.90036e-05 1.86902e-05 1.83756e-05 1.80602e-05 1.77444e-05 1.74287e-05 1.71134e-05 1.67987e-05 1.64852e-05 1.61729e-05 1.58623e-05 1.55535e-05 1.52469e-05 1.49425e-05 1.46407e-05 1.43416e-05 1.40453e-05 1.37521e-05 1.34621e-05 1.31753e-05 1.2892e-05 1.26123e-05 1.23361e-05 1.20637e-05 1.1795e-05 1.15302e-05 1.12693e-05 1.10124e-05 1.07594e-05 1.05105e-05 1.02656e-05 1.00249e-05 9.78817e-06 9.55558e-06 9.3271e-06 9.10272e-06 8.88244e-06 8.66625e-06 8.45412e-06 8.24605e-06 8.04201e-06 7.84197e-06 7.64591e-06 7.4538e-06 7.2656e-06 7.08127e-06 6.90078e-06 6.72409e-06 6.55115e-06 6.38192e-06 6.21636e-06 6.05442e-06 5.89605e-06 5.7412e-06 5.58983e-06 5.44187e-06 5.29729e-06 5.15603e-06 5.01803e-06 4.88325e-06 4.75163e-06 4.62311e-06 4.49765e-06 4.37519e-06 4.25568e-06 4.13905e-06 4.02527e-06 3.91428e-06 3.80602e-06 3.70043e-06 3.59748e-06 3.4971e-06 3.39925e-06 3.30387e-06 3.21091e-06 3.12032e-06 3.03206e-06 2.94606e-06 2.86229e-06 2.7807e-06 2.70123e-06 2.62385e-06 2.5485e-06 2.47514e-06
0.000132086 2.25461e-05 2.23754e-05 2.21906e-05 2.19927e-05 2.1783e-05 2.15622e-05 2.13314e-05 2.10915e-05 2.08432e-05 2.05874e-05 2.03249e-05 2.00563e-05 1.97824e-05 1.95038e-05 1.92211e-05 1.89348e-05 1.86456e-05 1.83539e-05 1.80602e-05 1.7765e-05 1.74686e-05 1.71716e-05 1.68743e-05 1.6577e-05 1.628e-05 1.59837e-05 1.56884e-05 1.53943e-05 1.51017e-05 1.48109e-05 1.45219e-05 1.42351e-05 1.39507e-05 1.36687e-05 1.33894e-05 1.31129e-05 1.28394e-05 1.25689e-05 1.23016e-05 1.20375e-05 1.17769e-05 1.15196e-05 1.12659e-05 1.10157e-05 1.07692e-05 1.05263e-05 1.02872e-05 1.00518e-05 9.82018e-06 9.59236e-06 9.36834e-06 9.14815e-06 8.93178e-06 8.71924e-06 8.51051e-06 8.3056e-06 8.10449e-06 7.90716e-06 7.7136e-06 7.52378e-06 7.33767e-06 7.15526e-06 6.97651e-06 6.80139e-06 6.62986e-06 6.46188e-06 6.29743e-06 6.13646e-06 5.97892e-06 5.82478e-06 5.674e-06 5.52652e-06 5.38231e-06 5.24131e-06 5.10348e-06 4.96877e-06 4.83714e-06 4.70853e-06 4.5829e-06 4.4602e-06 4.34038e-06 4.22338e-06 4.10917e-06 3.99768e-06 3.88888e-06 3.7827e-06 3.67911e-06 3.57805e-06 3.47948e-06 3.38334e-06 3.2896e-06 3.19819e-06 3.10907e-06 3.02221e-06 2.93754e-06 2.85502e-06 2.77462e-06 2.69628e-06 2.61996e-06 2.54561e-06
0.000126247 2.17521e-05 2.16146e-05 2.14622e-05 2.1296e-05 2.11171e-05 2.09264e-05 2.07249e-05 2.05134e-05 2.02928e-05 2.00639e-05 1.98275e-05 1.95843e-05 1.93349e-05 1.90801e-05 1.88205e-05 1.85565e-05 1.82888e-05 1.8018e-05 1.77444e-05 1.74686e-05 1.71911e-05 1.69121e-05 1.66322e-05 1.63516e-05 1.60708e-05 1.57901e-05 1.55097e-05 1.52299e-05 1.4951e-05 1.46734e-05 1.43971e-05 1.41224e-05 1.38495e-05 1.35787e-05 1.331e-05 1.30436e-05 1.27797e-05 1.25184e-05 1.22599e-05 1.20042e-05 1.17515e-05 1.15018e-05 1.12552e-05 1.10119e-05 1.07718e-05 1.0535e-05 1.03017e-05 1.00717e-05 9.84525e-06 9.62227e-06 9.40281e-06 9.1869e-06 8.97455e-06 8.76576e-06 8.56055e-06 8.35892e-06 8.16086e-06 7.96636e-06 7.77542e-06 7.58802e-06 7.40415e-06 7.22379e-06 7.04691e-06 6.87349e-06 6.7035e-06 6.53692e-06 6.37371e-06 6.21384e-06 6.05727e-06 5.90398e-06 5.75391e-06 5.60704e-06 5.46333e-06 5.32272e-06 5.18519e-06 5.05069e-06 4.91917e-06 4.79059e-06 4.66491e-06 4.54209e-06 4.42207e-06 4.30482e-06 4.19028e-06 4.07841e-06 3.96917e-06 3.86251e-06 3.75839e-06 3.65675e-06 3.55755e-06 3.46076e-06 3.36631e-06 3.27417e-06 3.1843e-06 3.09664e-06 3.01116e-06 2.9278e-06 2.84654e-06 2.76732e-06 2.6901e-06 2.61484e-06
0.000120666 2.09843e-05 2.08776e-05 2.07555e-05 2.06189e-05 2.04689e-05 2.03064e-05 2.01324e-05 1.99478e-05 1.97534e-05 1.955e-05 1.93383e-05 1.91192e-05 1.88932e-05 1.8661e-05 1.84234e-05 1.81808e-05 1.79338e-05 1.76829e-05 1.74287e-05 1.71716e-05 1.69121e-05 1.66506e-05 1.63875e-05 1.61232e-05 1.58581e-05 1.55924e-05 1.53265e-05 1.50607e-05 1.47953e-05 1.45305e-05 1.42666e-05 1.40038e-05 1.37423e-05 1.34823e-05 1.32241e-05 1.29677e-05 1.27133e-05 1.24612e-05 1.22114e-05 1.1964e-05 1.17192e-05 1.1477e-05 1.12376e-05 1.10011e-05 1.07675e-05 1.05369e-05 1.03093e-05 1.00849e-05 9.86361e-06 9.64555e-06 9.43073e-06 9.21919e-06 9.01094e-06 8.80601e-06 8.60442e-06 8.40617e-06 8.21127e-06 8.01972e-06 7.83152e-06 7.64667e-06 7.46515e-06 7.28696e-06 7.11208e-06 6.94049e-06 6.77217e-06 6.60711e-06 6.44527e-06 6.28663e-06 6.13116e-06 5.97883e-06 5.82962e-06 5.68348e-06 5.54039e-06 5.4003e-06 5.26319e-06 5.12901e-06 4.99772e-06 4.86929e-06 4.74368e-06 4.62085e-06 4.50075e-06 4.38335e-06 4.2686e-06 4.15646e-06 4.04688e-06 3.93984e-06 3.83528e-06 3.73316e-06 3.63344e-06 3.53607e-06 3.44102e-06 3.34824e-06 3.25769e-06 3.16933e-06 3.08311e-06 2.999e-06 2.91695e-06 2.83693e-06 2.75889e-06 2.68279e-06
0.000115331 2.02418e-05 2.01639e-05 2.007e-05 1.9961e-05 1.98381e-05 1.97021e-05 1.9554e-05 1.93947e-05 1.92249e-05 1.90456e-05 1.88574e-05 1.86611e-05 1.84573e-05 1.82468e-05 1.80301e-05 1.78079e-05 1.75806e-05 1.7349e-05 1.71134e-05 1.68743e-05 1.66322e-05 1.63875e-05 1.61407e-05 1.58921e-05 1.56422e-05 1.53911e-05 1.51393e-05 1.48871e-05 1.46348e-05 1.43826e-05 1.41308e-05 1.38796e-05 1.36293e-05 1.33801e-05 1.31321e-05 1.28856e-05 1.26407e-05 1.23976e-05 1.21564e-05 1.19172e-05 1.16803e-05 1.14456e-05 1.12134e-05 1.09837e-05 1.07566e-05 1.05321e-05 1.03104e-05 1.00915e-05 9.87551e-06 9.66243e-06 9.45231e-06 9.24521e-06 9.04116e-06 8.84017e-06 8.64229e-06 8.44752e-06 8.25588e-06 8.06739e-06 7.88204e-06 7.69984e-06 7.52079e-06 7.34488e-06 7.17211e-06 7.00247e-06 6.83595e-06 6.67252e-06 6.51217e-06 6.35488e-06 6.20064e-06 6.0494e-06 5.90116e-06 5.75587e-06 5.61352e-06 5.47407e-06 5.33749e-06 5.20375e-06 5.07281e-06 4.94465e-06 4.81922e-06 4.69648e-06 4.57641e-06 4.45897e-06 4.34411e-06 4.2318e-06 4.122e-06 4.01466e-06 3.90977e-06 3.80726e-06 3.7071e-06 3.60926e-06 3.51369e-06 3.42036e-06 3.32922e-06 3.24024e-06 3.15337e-06 3.06858e-06 2.98582e-06 2.90507e-06 2.82627e-06 2.7494e-06
0.000110233 1.9524e-05 1.94728e-05 1.94051e-05 1.93219e-05 1.92243e-05 1.91131e-05 1.89894e-05 1.88538e-05 1.87074e-05 1.85508e-05 1.83848e-05 1.82101e-05 1.80275e-05 1.78375e-05 1.76409e-05 1.74381e-05 1.72298e-05 1.70165e-05 1.67987e-05 1.6577e-05 1.63516e-05 1.61232e-05 1.58921e-05 1.56588e-05 1.54235e-05 1.51866e-05 1.49486e-05 1.47096e-05 1.447e-05 1.42301e-05 1.39902e-05 1.37504e-05 1.3511e-05 1.32723e-05 1.30345e-05 1.27977e-05 1.25621e-05 1.23279e-05 1.20952e-05 1.18643e-05 1.16351e-05 1.1408e-05 1.11829e-05 1.09599e-05 1.07393e-05 1.0521e-05 1.03052e-05 1.00919e-05 9.88119e-06 9.67313e-06 9.46778e-06 9.26518e-06 9.06539e-06 8.86843e-06 8.67433e-06 8.48313e-06 8.29485e-06 8.1095e-06 7.9271e-06 7.74766e-06 7.57118e-06 7.39767e-06 7.22713e-06 7.05955e-06 6.89492e-06 6.73325e-06 6.5745e-06 6.41868e-06 6.26577e-06 6.11574e-06 5.96858e-06 5.82426e-06 5.68276e-06 5.54406e-06 5.40813e-06 5.27494e-06 5.14447e-06 5.01667e-06 4.89153e-06 4.769e-06 4.64906e-06 4.53168e-06 4.41681e-06 4.30443e-06 4.1945e-06 4.08698e-06 3.98184e-06 3.87903e-06 3.77854e-06 3.68031e-06 3.58431e-06 3.49051e-06 3.39886e-06 3.30934e-06 3.2219e-06 3.1365e-06 3.05311e-06 2.9717e-06 2.89223e-06 2.81465e-06
0.000105359 1.88301e-05 1.88036e-05 1.87603e-05 1.87012e-05 1.86272e-05 1.85393e-05 1.84384e-05 1.83252e-05 1.82007e-05 1.80656e-05 1.79206e-05 1.77665e-05 1.76039e-05 1.74335e-05 1.72559e-05 1.70717e-05 1.68815e-05 1.66858e-05 1.64852e-05 1.628e-05 1.60708e-05 1.58581e-05 1.56422e-05 1.54235e-05 1.52024e-05 1.49794e-05 1.47546e-05 1.45285e-05 1.43014e-05 1.40735e-05 1.38451e-05 1.36164e-05 1.33878e-05 1.31595e-05 1.29315e-05 1.27043e-05 1.24779e-05 1.22525e-05 1.20283e-05 1.18054e-05 1.1584e-05 1.13643e-05 1.11463e-05 1.09301e-05 1.0716e-05 1.05039e-05 1.02939e-05 1.00862e-05 9.88086e-06 9.67787e-06 9.47734e-06 9.2793e-06 9.08383e-06 8.89096e-06 8.70073e-06 8.51318e-06 8.32834e-06 8.14622e-06 7.96686e-06 7.79027e-06 7.61646e-06 7.44544e-06 7.27722e-06 7.11181e-06 6.94919e-06 6.78937e-06 6.63234e-06 6.47809e-06 6.32662e-06 6.17791e-06 6.03194e-06 5.88869e-06 5.74816e-06 5.61032e-06 5.47514e-06 5.34261e-06 5.2127e-06 5.08538e-06 4.96063e-06 4.83841e-06 4.71871e-06 4.60148e-06 4.48671e-06 4.37435e-06 4.26438e-06 4.15677e-06 4.05147e-06 3.94847e-06 3.84772e-06 3.74919e-06 3.65285e-06 3.55866e-06 3.46659e-06 3.3766e-06 3.28866e-06 3.20274e-06 3.1188e-06 3.0368e-06 2.95671e-06 2.8785e-06
0.000100702 1.81593e-05 1.81558e-05 1.81352e-05 1.80985e-05 1.80466e-05 1.79804e-05 1.79008e-05 1.78087e-05 1.77048e-05 1.759e-05 1.74649e-05 1.73302e-05 1.71866e-05 1.70348e-05 1.68754e-05 1.6709e-05 1.6536e-05 1.63572e-05 1.61729e-05 1.59837e-05 1.57901e-05 1.55924e-05 1.53911e-05 1.51866e-05 1.49794e-05 1.47696e-05 1.45578e-05 1.43442e-05 1.41292e-05 1.3913e-05 1.36959e-05 1.34781e-05 1.326e-05 1.30418e-05 1.28236e-05 1.26058e-05 1.23884e-05 1.21717e-05 1.19558e-05 1.1741e-05 1.15273e-05 1.13149e-05 1.11039e-05 1.08946e-05 1.06868e-05 1.04809e-05 1.02769e-05 1.00748e-05 9.87477e-06 9.67688e-06 9.48119e-06 9.28777e-06 9.09668e-06 8.90795e-06 8.72165e-06 8.53782e-06 8.35649e-06 8.17769e-06 8.00145e-06 7.82779e-06 7.65674e-06 7.48831e-06 7.32251e-06 7.15935e-06 6.99884e-06 6.84097e-06 6.68576e-06 6.53319e-06 6.38326e-06 6.23596e-06 6.09129e-06 5.94922e-06 5.80976e-06 5.67288e-06 5.53856e-06 5.40679e-06 5.27754e-06 5.15079e-06 5.02653e-06 4.90473e-06 4.78535e-06 4.66839e-06 4.5538e-06 4.44156e-06 4.33165e-06 4.22403e-06 4.11867e-06 4.01555e-06 3.91463e-06 3.81589e-06 3.71928e-06 3.62479e-06 3.53237e-06 3.442e-06 3.35364e-06 3.26727e-06 3.18284e-06 3.10033e-06 3.0197e-06 2.94092e-06
9.62496e-05 1.75111e-05 1.75288e-05 1.75292e-05 1.75133e-05 1.74819e-05 1.74361e-05 1.73766e-05 1.73042e-05 1.72198e-05 1.7124e-05 1.70176e-05 1.69013e-05 1.67758e-05 1.66417e-05 1.64995e-05 1.635e-05 1.61936e-05 1.60308e-05 1.58623e-05 1.56884e-05 1.55097e-05 1.53265e-05 1.51393e-05 1.49486e-05 1.47546e-05 1.45578e-05 1.43585e-05 1.41571e-05 1.39538e-05 1.3749e-05 1.35429e-05 1.33358e-05 1.3128e-05 1.29197e-05 1.27111e-05 1.25024e-05 1.22939e-05 1.20858e-05 1.18782e-05 1.16712e-05 1.14652e-05 1.12601e-05 1.10561e-05 1.08535e-05 1.06522e-05 1.04524e-05 1.02542e-05 1.00578e-05 9.86314e-06 9.67037e-06 9.47956e-06 9.29079e-06 9.10411e-06 8.91959e-06 8.73727e-06 8.55722e-06 8.37946e-06 8.20405e-06 8.031e-06 7.86036e-06 7.69215e-06 7.52639e-06 7.3631e-06 7.20228e-06 7.04397e-06 6.88815e-06 6.73484e-06 6.58404e-06 6.43575e-06 6.28997e-06 6.14669e-06 6.0059e-06 5.8676e-06 5.73178e-06 5.59841e-06 5.4675e-06 5.33901e-06 5.21294e-06 5.08926e-06 4.96796e-06 4.84901e-06 4.7324e-06 4.61809e-06 4.50606e-06 4.39629e-06 4.28875e-06 4.18342e-06 4.08027e-06 3.97927e-06 3.88039e-06 3.7836e-06 3.68888e-06 3.5962e-06 3.50552e-06 3.41682e-06 3.33006e-06 3.24522e-06 3.16226e-06 3.08116e-06 3.00188e-06
9.19946e-05 1.68847e-05 1.6922e-05 1.69418e-05 1.69452e-05 1.6933e-05 1.69061e-05 1.68654e-05 1.68115e-05 1.67453e-05 1.66675e-05 1.65789e-05 1.648e-05 1.63716e-05 1.62542e-05 1.61285e-05 1.5995e-05 1.58544e-05 1.5707e-05 1.55535e-05 1.53943e-05 1.52299e-05 1.50607e-05 1.48871e-05 1.47096e-05 1.45285e-05 1.43442e-05 1.41571e-05 1.39674e-05 1.37756e-05 1.35818e-05 1.33865e-05 1.31898e-05 1.2992e-05 1.27934e-05 1.25942e-05 1.23946e-05 1.21949e-05 1.19952e-05 1.17957e-05 1.15965e-05 1.1398e-05 1.12001e-05 1.10031e-05 1.08071e-05 1.06122e-05 1.04186e-05 1.02263e-05 1.00355e-05 9.84618e-06 9.65855e-06 9.47264e-06 9.28854e-06 9.10632e-06 8.92604e-06 8.74776e-06 8.57154e-06 8.39742e-06 8.22545e-06 8.05567e-06 7.88811e-06 7.72281e-06 7.5598e-06 7.39909e-06 7.24071e-06 7.08467e-06 6.93099e-06 6.77967e-06 6.63074e-06 6.48418e-06 6.34e-06 6.1982e-06 6.05879e-06 5.92174e-06 5.78707e-06 5.65475e-06 5.52478e-06 5.39715e-06 5.27185e-06 5.14885e-06 5.02814e-06 4.90971e-06 4.79353e-06 4.67958e-06 4.56785e-06 4.45831e-06 4.35095e-06 4.24572e-06 4.14262e-06 4.04162e-06 3.94269e-06 3.8458e-06 3.75093e-06 3.65805e-06 3.56714e-06 3.47816e-06 3.3911e-06 3.30591e-06 3.22258e-06 3.14107e-06 3.06136e-06
8.79276e-05 1.62795e-05 1.63347e-05 1.63726e-05 1.63939e-05 1.63995e-05 1.63903e-05 1.63671e-05 1.63305e-05 1.62815e-05 1.62206e-05 1.61486e-05 1.60662e-05 1.59739e-05 1.58725e-05 1.57624e-05 1.56442e-05 1.55186e-05 1.5386e-05 1.52469e-05 1.51017e-05 1.4951e-05 1.47953e-05 1.46348e-05 1.447e-05 1.43014e-05 1.41292e-05 1.39538e-05 1.37756e-05 1.35948e-05 1.34119e-05 1.3227e-05 1.30404e-05 1.28524e-05 1.26633e-05 1.24733e-05 1.22826e-05 1.20915e-05 1.19e-05 1.17085e-05 1.15171e-05 1.1326e-05 1.11353e-05 1.09452e-05 1.07558e-05 1.05672e-05 1.03797e-05 1.01932e-05 1.0008e-05 9.82411e-06 9.64162e-06 9.46063e-06 9.28123e-06 9.10349e-06 8.92748e-06 8.75328e-06 8.58093e-06 8.4105e-06 8.24204e-06 8.07558e-06 7.91117e-06 7.74885e-06 7.58865e-06 7.4306e-06 7.27473e-06 7.12105e-06 6.96958e-06 6.82034e-06 6.67335e-06 6.5286e-06 6.38611e-06 6.24589e-06 6.10793e-06 5.97223e-06 5.83879e-06 5.70761e-06 5.57868e-06 5.452e-06 5.32754e-06 5.2053e-06 5.08528e-06 4.96744e-06 4.85179e-06 4.7383e-06 4.62695e-06 4.51773e-06 4.41061e-06 4.30557e-06 4.2026e-06 4.10168e-06 4.00277e-06 3.90585e-06 3.81091e-06 3.71791e-06 3.62684e-06 3.53766e-06 3.45036e-06 3.36489e-06 3.28125e-06 3.1994e-06 3.11931e-06
8.40405e-05 1.56948e-05 1.57666e-05 1.5821e-05 1.58589e-05 1.58811e-05 1.58883e-05 1.58814e-05 1.58611e-05 1.58281e-05 1.57832e-05 1.57269e-05 1.566e-05 1.5583e-05 1.54966e-05 1.54014e-05 1.52978e-05 1.51865e-05 1.50679e-05 1.49425e-05 1.48109e-05 1.46734e-05 1.45305e-05 1.43826e-05 1.42301e-05 1.40735e-05 1.3913e-05 1.3749e-05 1.35818e-05 1.34119e-05 1.32394e-05 1.30646e-05 1.2888e-05 1.27096e-05 1.25298e-05 1.23488e-05 1.21668e-05 1.1984e-05 1.18007e-05 1.16171e-05 1.14333e-05 1.12495e-05 1.10658e-05 1.08825e-05 1.06997e-05 1.05174e-05 1.03359e-05 1.01553e-05 9.97569e-06 9.79715e-06 9.61979e-06 9.44373e-06 9.26904e-06 9.0958e-06 8.9241e-06 8.754e-06 8.58557e-06 8.41887e-06 8.25395e-06 8.09087e-06 7.92967e-06 7.77039e-06 7.61307e-06 7.45775e-06 7.30445e-06 7.1532e-06 7.00402e-06 6.85693e-06 6.71196e-06 6.5691e-06 6.42839e-06 6.28981e-06 6.15339e-06 6.01912e-06 5.88701e-06 5.75704e-06 5.62924e-06 5.50357e-06 5.38005e-06 5.25867e-06 5.1394e-06 5.02225e-06 4.90721e-06 4.79425e-06 4.68336e-06 4.57453e-06 4.46774e-06 4.36298e-06 4.26022e-06 4.15944e-06 4.06063e-06 3.96376e-06 3.86882e-06 3.77578e-06 3.68461e-06 3.5953e-06 3.50782e-06 3.42215e-06 3.33826e-06 3.25613e-06 3.17574e-06
8.03251e-05 1.51299e-05 1.5217e-05 1.52867e-05 1.53399e-05 1.53773e-05 1.53999e-05 1.54082e-05 1.54031e-05 1.53851e-05 1.53551e-05 1.53136e-05 1.52613e-05 1.51988e-05 1.51267e-05 1.50455e-05 1.49558e-05 1.48581e-05 1.47529e-05 1.46407e-05 1.45219e-05 1.43971e-05 1.42666e-05 1.41308e-05 1.39902e-05 1.38451e-05 1.36959e-05 1.35429e-05 1.33865e-05 1.3227e-05 1.30646e-05 1.28998e-05 1.27327e-05 1.25637e-05 1.2393e-05 1.22207e-05 1.20473e-05 1.18728e-05 1.16975e-05 1.15216e-05 1.13452e-05 1.11687e-05 1.0992e-05 1.08154e-05 1.0639e-05 1.04631e-05 1.02876e-05 1.01128e-05 9.93869e-06 9.76549e-06 9.59327e-06 9.42213e-06 9.25215e-06 9.08344e-06 8.91606e-06 8.75009e-06 8.58561e-06 8.42268e-06 8.26135e-06 8.10169e-06 7.94374e-06 7.78756e-06 7.63318e-06 7.48064e-06 7.32997e-06 7.18122e-06 7.03439e-06 6.88953e-06 6.74665e-06 6.60576e-06 6.46689e-06 6.33005e-06 6.19524e-06 6.06247e-06 5.93176e-06 5.80309e-06 5.67648e-06 5.55193e-06 5.42942e-06 5.30896e-06 5.19054e-06 5.07416e-06 4.95979e-06 4.84744e-06 4.7371e-06 4.62874e-06 4.52236e-06 4.41793e-06 4.31546e-06 4.21491e-06 4.11627e-06 4.01952e-06 3.92465e-06 3.83163e-06 3.74044e-06 3.65106e-06 3.56348e-06 3.47766e-06 3.3936e-06 3.31125e-06 3.23061e-06
7.67741e-05 1.45843e-05 1.46853e-05 1.47691e-05 1.48364e-05 1.4888e-05 1.49247e-05 1.49472e-05 1.49562e-05 1.49524e-05 1.49364e-05 1.49088e-05 1.48703e-05 1.48215e-05 1.47628e-05 1.4695e-05 1.46184e-05 1.45337e-05 1.44412e-05 1.43416e-05 1.42351e-05 1.41224e-05 1.40038e-05 1.38796e-05 1.37504e-05 1.36164e-05 1.34781e-05 1.33358e-05 1.31898e-05 1.30404e-05 1.2888e-05 1.27327e-05 1.2575e-05 1.24151e-05 1.22532e-05 1.20896e-05 1.19245e-05 1.17581e-05 1.15906e-05 1.14223e-05 1.12533e-05 1.10838e-05 1.0914e-05 1.07441e-05 1.05742e-05 1.04044e-05 1.02349e-05 1.00658e-05 9.89723e-06 9.72935e-06 9.56225e-06 9.39602e-06 9.23076e-06 9.06657e-06 8.90352e-06 8.74171e-06 8.5812e-06 8.42206e-06 8.26437e-06 8.10816e-06 7.95352e-06 7.80047e-06 7.64908e-06 7.49938e-06 7.35141e-06 7.20521e-06 7.0608e-06 6.91823e-06 6.7775e-06 6.63865e-06 6.5017e-06 6.36665e-06 6.23353e-06 6.10234e-06 5.9731e-06 5.84581e-06 5.72047e-06 5.5971e-06 5.47568e-06 5.35623e-06 5.23873e-06 5.12318e-06 5.00958e-06 4.89791e-06 4.78818e-06 4.68037e-06 4.57446e-06 4.47046e-06 4.36834e-06 4.26808e-06 4.16969e-06 4.07313e-06 3.97839e-06 3.88546e-06 3.79432e-06 3.70495e-06 3.61732e-06 3.53142e-06 3.44724e-06 3.36474e-06 3.28391e-06
