0.755956 0.00209598 0.0019138 0.00174745 0.00159557 0.00145688 0.00133025 0.00121463 0.00110906 0.00101266 0.000924639 0.00084427 0.000770887 0.000703883 0.000642702 0.000586839 0.000535832 0.000489258 0.000446732 0.000407903 0.000372449 0.000340076 0.000310517 0.000283527 0.000258883 0.000236382 0.000215836 0.000197075 0.000179946 0.000164305 0.000150024 0.000136984 0.000125078 0.000114206 0.000104279 9.52155e-05 8.69395e-05 7.93829e-05 7.2483e-05 6.61829e-05 6.04303e-05 5.51778e-05 5.03818e-05 4.60027e-05 4.20042e-05 3.83533e-05 3.50196e-05 3.19758e-05 2.91965e-05 2.66588e-05 2.43416e-05 2.22259e-05 2.0294e-05 1.85301e-05 1.69195e-05 1.54489e-05 1.41061e-05 1.288e-05 1.17605e-05 1.07383e-05 9.80491e-06 8.95268e-06 8.17453e-06 7.46401e-06 6.81524e-06 6.22287e-06 5.68199e-06 5.18812e-06 4.73717e-06 4.32542e-06 3.94946e-06 3.60618e-06 3.29274e-06 3.00654e-06 2.74521e-06 2.5066e-06 2.28873e-06 2.0898e-06 1.90815e-06 1.7423e-06 1.59086e-06 1.45259e-06 1.32633e-06 1.21105e-06 1.10578e-06 1.00967e-06 9.21911e-07 8.4178e-07 7.68613e-07 7.01806e-07 6.40806e-07 5.85108e-07 5.34251e-07 4.87815e-07 4.45415e-07 4.067e-07 3.7135e-07 3.39073e-07 3.09601e-07 2.82691e-07 2.5812e-07
0.00209598 0.000409465 0.000383064 0.000358158 0.000334689 0.000312593 0.00029181 0.000272278 0.000253937 0.000236727 0.000220591 0.000205471 0.000191313 0.000178064 0.000165672 0.00015409 0.000143269 0.000133166 0.000123736 0.00011494 0.000106737 9.90928e-05 9.19706e-05 8.5338e-05 7.91635e-05 7.34177e-05 6.80726e-05 6.3102e-05 5.84813e-05 5.4187e-05 5.01975e-05 4.64921e-05 4.30516e-05 3.9858e-05 3.68942e-05 3.41446e-05 3.15942e-05 2.92292e-05 2.70367e-05 2.50045e-05 2.31213e-05 2.13765e-05 1.97604e-05 1.82637e-05 1.68779e-05 1.55951e-05 1.44077e-05 1.33089e-05 1.22923e-05 1.13519e-05 1.04821e-05 9.6777e-06 8.93396e-06 8.2464e-06 7.61087e-06 7.02352e-06 6.48077e-06 5.97931e-06 5.51607e-06 5.08817e-06 4.69299e-06 4.32807e-06 3.99113e-06 3.68006e-06 3.39292e-06 3.12789e-06 2.8833e-06 2.65759e-06 2.44934e-06 2.25722e-06 2.07999e-06 1.91651e-06 1.76574e-06 1.6267e-06 1.49849e-06 1.38028e-06 1.2713e-06 1.17083e-06 1.07822e-06 9.92872e-07 9.14211e-07 8.41723e-07 7.7493e-07 7.13389e-07 6.56691e-07 6.0446e-07 5.56348e-07 5.12032e-07 4.71217e-07 4.33629e-07 3.99016e-07 3.67143e-07 3.37797e-07 3.10778e-07 2.85904e-07 2.63006e-07 2.41929e-07 2.22529e-07 2.04674e-07 1.88241e-07 1.73119e-07
0.0019138 0.000383064 0.000359953 0.000338007 0.000317193 0.000297477 0.000278823 0.000261193 0.000244546 0.000228843 0.000214044 0.000200108 0.000186995 0.000174666 0.000163083 0.000152207 0.000142002 0.000132432 0.000123464 0.000115063 0.000107199 9.98399e-05 9.29577e-05 8.65241e-05 8.05126e-05 7.48979e-05 6.9656e-05 6.4764e-05 6.02003e-05 5.59445e-05 5.19771e-05 4.82799e-05 4.48357e-05 4.1628e-05 3.86417e-05 3.58622e-05 3.32759e-05 3.08701e-05 2.86329e-05 2.65528e-05 2.46194e-05 2.28228e-05 2.11536e-05 1.96033e-05 1.81636e-05 1.6827e-05 1.55863e-05 1.44349e-05 1.33666e-05 1.23756e-05 1.14564e-05 1.0604e-05 9.8137e-06 9.08111e-06 8.40212e-06 7.77291e-06 7.18993e-06 6.64987e-06 6.14964e-06 5.68638e-06 5.25742e-06 4.86028e-06 4.49264e-06 4.15236e-06 3.83746e-06 3.54607e-06 3.27647e-06 3.02707e-06 2.79638e-06 2.58302e-06 2.38572e-06 2.20328e-06 2.03461e-06 1.87869e-06 1.73456e-06 1.60136e-06 1.47825e-06 1.3645e-06 1.2594e-06 1.1623e-06 1.0726e-06 9.89747e-07 9.13224e-07 8.42554e-07 7.77296e-07 7.1704e-07 6.61407e-07 6.10048e-07 5.62638e-07 5.18876e-07 4.78487e-07 4.41212e-07 4.06814e-07 3.75074e-07 3.45788e-07 3.18769e-07 2.93843e-07 2.7085e-07 2.49641e-07 2.30079e-07 2.12037e-07
0.00174745 0.000358158 0.000338007 0.000318734 0.000300333 0.00028279 0.000266091 0.000250215 0.000235142 0.000220846 0.000207302 0.000194485 0.000182366 0.000170918 0.000160113 0.000149924 0.000140322 0.00013128 0.000122771 0.000114769 0.000107249 0.000100186 9.35549e-05 8.73339e-05 8.15002e-05 7.60324e-05 7.09099e-05 6.61133e-05 6.16237e-05 5.74231e-05 5.34947e-05 4.98222e-05 4.63901e-05 4.3184e-05 4.019e-05 3.7395e-05 3.47866e-05 3.23531e-05 3.00835e-05 2.79673e-05 2.59949e-05 2.41568e-05 2.24444e-05 2.08495e-05 1.93645e-05 1.79821e-05 1.66955e-05 1.54984e-05 1.43847e-05 1.33489e-05 1.23858e-05 1.14904e-05 1.06581e-05 9.88468e-06 9.16606e-06 8.4985e-06 7.87848e-06 7.30272e-06 6.76814e-06 6.27189e-06 5.81129e-06 5.38385e-06 4.98725e-06 4.61931e-06 4.27802e-06 3.9615e-06 3.66798e-06 3.39584e-06 3.14355e-06 2.90969e-06 2.69296e-06 2.49211e-06 2.30601e-06 2.1336e-06 1.97388e-06 1.82595e-06 1.68895e-06 1.56209e-06 1.44462e-06 1.33587e-06 1.23519e-06 1.14201e-06 1.05576e-06 9.75951e-07 9.02098e-07 8.33767e-07 7.70551e-07 7.12072e-07 6.5798e-07 6.07951e-07 5.61685e-07 5.18901e-07 4.79341e-07 4.42766e-07 4.08953e-07 3.77695e-07 3.48803e-07 3.221e-07 2.97421e-07 2.74615e-07 2.53541e-07
0.00159557 0.000334689 0.000317193 0.000300333 0.00028412 0.000268559 0.000253651 0.000239393 0.000225777 0.000212792 0.000200425 0.000188662 0.000177486 0.000166879 0.000156823 0.000147297 0.000138283 0.000129759 0.000121705 0.000114103 0.00010693 0.000100168 9.37978e-05 8.77997e-05 8.21556e-05 7.68477e-05 7.18586e-05 6.71715e-05 6.27705e-05 5.864e-05 5.47652e-05 5.11318e-05 4.77263e-05 4.45356e-05 4.15474e-05 3.87499e-05 3.61319e-05 3.36827e-05 3.13922e-05 2.92508e-05 2.72496e-05 2.53798e-05 2.36333e-05 2.20026e-05 2.04803e-05 1.90597e-05 1.77342e-05 1.64979e-05 1.5345e-05 1.42702e-05 1.32683e-05 1.23348e-05 1.1465e-05 1.06549e-05 9.90046e-06 9.19802e-06 8.54415e-06 7.93558e-06 7.36931e-06 6.84248e-06 6.35243e-06 5.89668e-06 5.47291e-06 5.07892e-06 4.7127e-06 4.37234e-06 4.05607e-06 3.76222e-06 3.48924e-06 3.2357e-06 3.00024e-06 2.7816e-06 2.57861e-06 2.39018e-06 2.21528e-06 2.05297e-06 1.90235e-06 1.76261e-06 1.63297e-06 1.51272e-06 1.40119e-06 1.29776e-06 1.20185e-06 1.11293e-06 1.0305e-06 9.54083e-07 8.8326e-07 8.17624e-07 7.56802e-07 7.00446e-07 6.48233e-07 5.99865e-07 5.55061e-07 5.13563e-07 4.75131e-07 4.39542e-07 4.06588e-07 3.76077e-07 3.4783e-07 3.21682e-07 2.97478e-07
0.00145688 0.000312593 0.000297477 0.00028279 0.000268559 0.000254802 0.000241535 0.000228765 0.000216496 0.000204731 0.000193465 0.000182694 0.00017241 0.000162603 0.000153264 0.000144378 0.000135934 0.000127916 0.000120312 0.000113105 0.000106281 9.9824e-05 9.37196e-05 8.79522e-05 8.25071e-05 7.73694e-05 7.25249e-05 6.79595e-05 6.36596e-05 5.96118e-05 5.58033e-05 5.22219e-05 4.88555e-05 4.56926e-05 4.27224e-05 3.99342e-05 3.73179e-05 3.48639e-05 3.2563e-05 3.04065e-05 2.8386e-05 2.64935e-05 2.47216e-05 2.30631e-05 2.15112e-05 2.00595e-05 1.87019e-05 1.74327e-05 1.62464e-05 1.5138e-05 1.41026e-05 1.31356e-05 1.22327e-05 1.13899e-05 1.06034e-05 9.86951e-06 9.18494e-06 8.54648e-06 7.95117e-06 7.39618e-06 6.87891e-06 6.39687e-06 5.94776e-06 5.52939e-06 5.13974e-06 4.77691e-06 4.43909e-06 4.12463e-06 3.83195e-06 3.5596e-06 3.30619e-06 3.07045e-06 2.85118e-06 2.64726e-06 2.45764e-06 2.28134e-06 2.11746e-06 1.96513e-06 1.82357e-06 1.69202e-06 1.56981e-06 1.45627e-06 1.3508e-06 1.25285e-06 1.16189e-06 1.07743e-06 9.99021e-07 9.26227e-07 8.58659e-07 7.95949e-07 7.37753e-07 6.83752e-07 6.33649e-07 5.87167e-07 5.4405e-07 5.04057e-07 4.66966e-07 4.3257e-07 4.00675e-07 3.71103e-07 3.43688e-07
0.00133025 0.00029181 0.000278823 0.000266091 0.000253651 0.000241535 0.000229765 0.000218362 0.000207339 0.000196706 0.000186468 0.000176628 0.000167185 0.000158139 0.000149483 0.000141212 0.000133319 0.000125795 0.00011863 0.000111815 0.000105337 9.91866e-05 9.33516e-05 8.78204e-05 8.25811e-05 7.76219e-05 7.29312e-05 6.84974e-05 6.43089e-05 6.03547e-05 5.66236e-05 5.31052e-05 4.97891e-05 4.66651e-05 4.37236e-05 4.09552e-05 3.8351e-05 3.59022e-05 3.36005e-05 3.1438e-05 2.9407e-05 2.75003e-05 2.57109e-05 2.40321e-05 2.24578e-05 2.09817e-05 1.95984e-05 1.83023e-05 1.70883e-05 1.59515e-05 1.48874e-05 1.38915e-05 1.29598e-05 1.20882e-05 1.12732e-05 1.05113e-05 9.79917e-06 9.13369e-06 8.51198e-06 7.93128e-06 7.389e-06 6.88272e-06 6.41012e-06 5.96908e-06 5.55755e-06 5.17363e-06 4.81555e-06 4.48163e-06 4.17028e-06 3.88004e-06 3.60952e-06 3.35742e-06 3.12253e-06 2.9037e-06 2.69988e-06 2.51006e-06 2.33331e-06 2.16875e-06 2.01556e-06 1.87298e-06 1.74029e-06 1.61682e-06 1.50195e-06 1.3951e-06 1.29571e-06 1.20327e-06 1.11732e-06 1.03741e-06 9.6311e-07 8.94048e-07 8.2986e-07 7.70208e-07 7.14777e-07 6.63275e-07 6.15428e-07 5.70982e-07 5.297e-07 4.9136e-07 4.55756e-07 4.22696e-07 3.92003e-07
0.00121463 0.000272278 0.000261193 0.000250215 0.000239393 0.000228765 0.000218362 0.000208213 0.000198338 0.000188754 0.000179473 0.000170505 0.000161855 0.000153528 0.000145524 0.000137843 0.000130481 0.000123434 0.000116699 0.000110267 0.000104133 9.82874e-05 9.27232e-05 8.74313e-05 8.24028e-05 7.76284e-05 7.30987e-05 6.88044e-05 6.47361e-05 6.08845e-05 5.72404e-05 5.37946e-05 5.05384e-05 4.74629e-05 4.45598e-05 4.18207e-05 3.92378e-05 3.68031e-05 3.45094e-05 3.23493e-05 3.03159e-05 2.84027e-05 2.66032e-05 2.49113e-05 2.33211e-05 2.18271e-05 2.0424e-05 1.91067e-05 1.78702e-05 1.67101e-05 1.5622e-05 1.46016e-05 1.36451e-05 1.27486e-05 1.19087e-05 1.11221e-05 1.03854e-05 9.69574e-06 9.05025e-06 8.44625e-06 7.8812e-06 7.3527e-06 6.85852e-06 6.3965e-06 5.96467e-06 5.56111e-06 5.18407e-06 4.83187e-06 4.50293e-06 4.19578e-06 3.90903e-06 3.64136e-06 3.39156e-06 3.15847e-06 2.94101e-06 2.73817e-06 2.549e-06 2.37259e-06 2.20813e-06 2.05481e-06 1.91191e-06 1.77874e-06 1.65465e-06 1.53905e-06 1.43136e-06 1.33107e-06 1.23766e-06 1.15069e-06 1.06971e-06 9.94336e-07 9.24175e-07 8.58878e-07 7.98116e-07 7.4158e-07 6.88983e-07 6.40056e-07 5.94547e-07 5.52224e-07 5.12866e-07 4.76271e-07 4.42248e-07
0.00110906 0.000253937 0.000244546 0.000235142 0.000225777 0.000216496 0.000207339 0.000198338 0.000189519 0.000180906 0.000172515 0.000164362 0.000156458 0.00014881 0.000141425 0.000134306 0.000127454 0.00012087 0.000114551 0.000108495 0.000102698 9.71557e-05 9.18618e-05 8.68108e-05 8.1996e-05 7.74107e-05 7.30475e-05 6.88991e-05 6.4958e-05 6.12166e-05 5.76673e-05 5.43025e-05 5.11145e-05 4.80961e-05 4.52398e-05 4.25384e-05 3.99849e-05 3.75725e-05 3.52946e-05 3.31446e-05 3.11163e-05 2.92036e-05 2.74008e-05 2.57023e-05 2.41026e-05 2.25966e-05 2.11794e-05 1.98461e-05 1.85923e-05 1.74136e-05 1.63059e-05 1.52652e-05 1.42878e-05 1.33702e-05 1.25089e-05 1.17006e-05 1.09424e-05 1.02314e-05 9.5647e-06 8.93978e-06 8.35417e-06 7.80551e-06 7.2916e-06 6.81036e-06 6.3598e-06 5.93807e-06 5.5434e-06 5.17414e-06 4.82872e-06 4.50567e-06 4.2036e-06 3.9212e-06 3.65725e-06 3.41057e-06 3.18009e-06 2.96477e-06 2.76366e-06 2.57585e-06 2.40049e-06 2.23677e-06 2.08396e-06 1.94135e-06 1.80828e-06 1.68412e-06 1.56831e-06 1.46028e-06 1.35955e-06 1.26561e-06 1.17804e-06 1.09641e-06 1.02032e-06 9.49411e-07 8.83338e-07 8.21778e-07 7.6443e-07 7.11013e-07 6.61263e-07 6.14934e-07 5.71796e-07 5.31633e-07 4.94246e-07
0.00101266 0.000236727 0.000228843 0.000220846 0.000212792 0.000204731 0.000196706 0.000188754 0.000180906 0.000173188 0.000165624 0.000158232 0.000151026 0.00014402 0.000137221 0.000130638 0.000124274 0.000118135 0.00011222 0.000106529 0.000101063 9.58187e-05 9.07932e-05 8.59828e-05 8.13832e-05 7.69897e-05 7.27968e-05 6.87992e-05 6.49909e-05 6.13659e-05 5.7918e-05 5.4641e-05 5.15285e-05 4.85744e-05 4.57722e-05 4.31159e-05 4.05993e-05 3.82164e-05 3.59614e-05 3.38284e-05 3.18118e-05 2.99063e-05 2.81065e-05 2.64074e-05 2.4804e-05 2.32915e-05 2.18654e-05 2.05212e-05 1.92548e-05 1.8062e-05 1.6939e-05 1.58821e-05 1.48876e-05 1.39523e-05 1.30728e-05 1.22462e-05 1.14694e-05 1.07396e-05 1.00543e-05 9.41078e-06 8.80678e-06 8.23998e-06 7.70823e-06 7.20948e-06 6.7418e-06 6.30335e-06 5.89241e-06 5.50733e-06 5.14657e-06 4.80866e-06 4.49223e-06 4.19596e-06 3.91863e-06 3.65908e-06 3.41621e-06 3.189e-06 2.97648e-06 2.77773e-06 2.5919e-06 2.41817e-06 2.25578e-06 2.10402e-06 1.96222e-06 1.82974e-06 1.706e-06 1.59042e-06 1.4825e-06 1.38173e-06 1.28767e-06 1.19986e-06 1.11792e-06 1.04146e-06 9.70115e-07 9.03563e-07 8.41485e-07 7.8359e-07 7.29601e-07 6.79262e-07 6.32332e-07 5.88586e-07 5.47812e-07
0.000924639 0.000220591 0.000214044 0.000207302 0.000200425 0.000193465 0.000186468 0.000179473 0.000172515 0.000165624 0.000158826 0.000152142 0.00014559 0.000139186 0.000132942 0.000126868 0.000120971 0.000115258 0.000109732 0.000104397 9.92536e-05 9.43018e-05 8.95411e-05 8.49698e-05 8.05854e-05 7.6385e-05 7.23651e-05 6.85216e-05 6.48503e-05 6.13465e-05 5.80054e-05 5.4822e-05 5.17911e-05 4.89075e-05 4.61659e-05 4.35611e-05 4.10879e-05 3.87409e-05 3.65151e-05 3.44053e-05 3.24066e-05 3.05142e-05 2.87232e-05 2.7029e-05 2.54272e-05 2.39134e-05 2.24833e-05 2.11329e-05 1.98583e-05 1.86557e-05 1.75214e-05 1.6452e-05 1.54441e-05 1.44945e-05 1.36001e-05 1.2758e-05 1.19654e-05 1.12196e-05 1.05181e-05 9.85832e-06 9.23808e-06 8.65513e-06 8.10739e-06 7.59285e-06 7.10964e-06 6.65595e-06 6.2301e-06 5.83045e-06 5.4555e-06 5.10379e-06 4.77396e-06 4.46471e-06 4.17482e-06 3.90314e-06 3.64857e-06 3.41008e-06 3.1867e-06 2.97752e-06 2.78166e-06 2.59832e-06 2.42672e-06 2.26614e-06 2.1159e-06 1.97536e-06 1.84391e-06 1.72099e-06 1.60605e-06 1.4986e-06 1.39817e-06 1.30431e-06 1.21661e-06 1.13467e-06 1.05813e-06 9.86632e-07 9.19865e-07 8.57521e-07 7.99314e-07 7.44978e-07 6.94261e-07 6.46929e-07 6.02762e-07
0.00084427 0.000205471 0.000200108 0.000194485 0.000188662 0.000182694 0.000176628 0.000170505 0.000164362 0.000158232 0.000152142 0.000146116 0.000140175 0.000134337 0.000128615 0.000123024 0.000117571 0.000112267 0.000107116 0.000102124 9.72941e-05 9.26283e-05 8.81278e-05 8.37928e-05 7.96224e-05 7.56152e-05 7.17694e-05 6.80823e-05 6.4551e-05 6.11722e-05 5.79421e-05 5.48569e-05 5.19126e-05 4.91049e-05 4.64294e-05 4.38817e-05 4.14574e-05 3.9152e-05 3.69611e-05 3.48802e-05 3.29048e-05 3.10308e-05 2.92538e-05 2.75697e-05 2.59744e-05 2.4464e-05 2.30345e-05 2.16823e-05 2.04038e-05 1.91953e-05 1.80536e-05 1.69753e-05 1.59573e-05 1.49967e-05 1.40904e-05 1.32358e-05 1.24301e-05 1.16708e-05 1.09554e-05 1.02817e-05 9.64727e-06 9.05013e-06 8.48822e-06 7.9596e-06 7.46243e-06 6.99497e-06 6.55556e-06 6.14261e-06 5.75463e-06 5.39019e-06 5.04795e-06 4.72663e-06 4.42501e-06 4.14196e-06 3.87638e-06 3.62725e-06 3.3936e-06 3.17451e-06 2.96912e-06 2.7766e-06 2.59618e-06 2.42713e-06 2.26877e-06 2.12045e-06 1.98155e-06 1.8515e-06 1.72975e-06 1.6158e-06 1.50916e-06 1.40938e-06 1.31603e-06 1.22871e-06 1.14705e-06 1.07069e-06 9.99289e-07 9.32543e-07 8.70156e-07 8.11851e-07 7.57368e-07 7.06463e-07 6.58909e-07
0.000770887 0.000191313 0.000186995 0.000182366 0.000177486 0.00017241 0.000167185 0.000161855 0.000156458 0.000151026 0.00014559 0.000140175 0.000134804 0.000129495 0.000124266 0.00011913 0.0001141 0.000109186 0.000104395 9.97333e-05 9.52072e-05 9.08199e-05 8.6574e-05 8.24714e-05 7.85126e-05 7.46978e-05 7.10262e-05 6.74966e-05 6.41073e-05 6.0856e-05 5.77402e-05 5.4757e-05 5.19033e-05 4.91758e-05 4.6571e-05 4.40853e-05 4.17149e-05 3.9456e-05 3.7305e-05 3.52578e-05 3.33108e-05 3.146e-05 2.97018e-05 2.80324e-05 2.64481e-05 2.49454e-05 2.35208e-05 2.21708e-05 2.08921e-05 1.96816e-05 1.85359e-05 1.74522e-05 1.64275e-05 1.54589e-05 1.45437e-05 1.36792e-05 1.28631e-05 1.20927e-05 1.13658e-05 1.06802e-05 1.00337e-05 9.42431e-06 8.85002e-06 8.30898e-06 7.79942e-06 7.31964e-06 6.86802e-06 6.44302e-06 6.04317e-06 5.66708e-06 5.31343e-06 4.98096e-06 4.66847e-06 4.37482e-06 4.09895e-06 3.83984e-06 3.59652e-06 3.36808e-06 3.15364e-06 2.9524e-06 2.76358e-06 2.58645e-06 2.42031e-06 2.26451e-06 2.11844e-06 1.98151e-06 1.85318e-06 1.73292e-06 1.62024e-06 1.51469e-06 1.41584e-06 1.32326e-06 1.23658e-06 1.15544e-06 1.07948e-06 1.0084e-06 9.41885e-07 8.79653e-07 8.21438e-07 7.66988e-07 7.16066e-07
0.000703883 0.000178064 0.000174666 0.000170918 0.000166879 0.000162603 0.000158139 0.000153528 0.00014881 0.00014402 0.000139186 0.000134337 0.000129495 0.000124682 0.000119915 0.00011521 0.00011058 0.000106037 0.00010159 9.72463e-05 9.30135e-05 8.88963e-05 8.48988e-05 8.10238e-05 7.72734e-05 7.36489e-05 7.01508e-05 6.67789e-05 6.35325e-05 6.04105e-05 5.74113e-05 5.45329e-05 5.17731e-05 4.91294e-05 4.65991e-05 4.41793e-05 4.1867e-05 3.9659e-05 3.75521e-05 3.55432e-05 3.36287e-05 3.18056e-05 3.00704e-05 2.84199e-05 2.68507e-05 2.53598e-05 2.39439e-05 2.25999e-05 2.13248e-05 2.01156e-05 1.89694e-05 1.78834e-05 1.68549e-05 1.58813e-05 1.49599e-05 1.40883e-05 1.32641e-05 1.24851e-05 1.17489e-05 1.10536e-05 1.0397e-05 9.77713e-06 9.1922e-06 8.64039e-06 8.11997e-06 7.6293e-06 7.16681e-06 6.731e-06 6.32044e-06 5.93378e-06 5.56972e-06 5.22702e-06 4.90451e-06 4.60107e-06 4.31564e-06 4.04722e-06 3.79485e-06 3.55762e-06 3.33467e-06 3.12518e-06 2.9284e-06 2.74357e-06 2.57001e-06 2.40707e-06 2.25412e-06 2.11059e-06 1.9759e-06 1.84955e-06 1.73104e-06 1.6199e-06 1.51569e-06 1.41799e-06 1.32641e-06 1.24059e-06 1.16018e-06 1.08483e-06 1.01426e-06 9.4816e-07 8.86261e-07 8.28305e-07 7.74047e-07
0.000642702 0.000165672 0.000163083 0.000160113 0.000156823 0.000153264 0.000149483 0.000145524 0.000141425 0.000137221 0.000132942 0.000128615 0.000124266 0.000119915 0.000115582 0.000111282 0.000107031 0.00010284 9.8721e-05 9.46824e-05 9.0732e-05 8.6876e-05 8.31197e-05 7.94669e-05 7.5921e-05 7.2484e-05 6.91577e-05 6.59427e-05 6.28395e-05 5.98476e-05 5.69664e-05 5.41949e-05 5.15314e-05 4.89744e-05 4.65217e-05 4.41712e-05 4.19205e-05 3.9767e-05 3.77081e-05 3.57411e-05 3.38632e-05 3.20715e-05 3.03632e-05 2.87353e-05 2.7185e-05 2.57095e-05 2.43058e-05 2.29713e-05 2.1703e-05 2.04985e-05 1.93548e-05 1.82696e-05 1.72402e-05 1.62643e-05 1.53393e-05 1.44631e-05 1.36333e-05 1.28478e-05 1.21045e-05 1.14015e-05 1.07366e-05 1.01082e-05 9.51432e-06 8.95332e-06 8.42354e-06 7.92338e-06 7.45134e-06 7.00595e-06 6.58584e-06 6.18968e-06 5.8162e-06 5.46421e-06 5.13254e-06 4.8201e-06 4.52586e-06 4.24881e-06 3.98802e-06 3.74258e-06 3.51165e-06 3.29442e-06 3.09012e-06 2.89802e-06 2.71742e-06 2.54768e-06 2.38817e-06 2.23831e-06 2.09754e-06 1.96534e-06 1.8412e-06 1.72465e-06 1.61526e-06 1.51259e-06 1.41626e-06 1.32588e-06 1.2411e-06 1.1616e-06 1.08705e-06 1.01715e-06 9.51628e-07 8.90217e-07 8.32668e-07
0.000586839 0.00015409 0.000152207 0.000149924 0.000147297 0.000144378 0.000141212 0.000137843 0.000134306 0.000130638 0.000126868 0.000123024 0.00011913 0.00011521 0.000111282 0.000107363 0.000103469 9.9613e-05 9.58064e-05 9.20592e-05 8.83799e-05 8.47758e-05 8.1253e-05 7.78165e-05 7.44702e-05 7.12174e-05 6.80604e-05 6.5001e-05 6.20402e-05 5.91786e-05 5.64163e-05 5.37528e-05 5.11874e-05 4.87191e-05 4.63465e-05 4.4068e-05 4.18818e-05 3.9786e-05 3.77783e-05 3.58566e-05 3.40186e-05 3.22617e-05 3.05836e-05 2.89818e-05 2.74537e-05 2.59969e-05 2.46088e-05 2.32868e-05 2.20285e-05 2.08315e-05 1.96934e-05 1.86117e-05 1.75841e-05 1.66084e-05 1.56824e-05 1.48038e-05 1.39707e-05 1.31809e-05 1.24326e-05 1.17237e-05 1.10525e-05 1.04172e-05 9.81603e-06 9.2474e-06 8.70972e-06 8.20145e-06 7.72114e-06 7.26739e-06 6.83886e-06 6.43426e-06 6.05236e-06 5.69198e-06 5.35202e-06 5.03139e-06 4.72907e-06 4.44409e-06 4.17552e-06 3.92248e-06 3.68412e-06 3.45964e-06 3.24829e-06 3.04934e-06 2.8621e-06 2.68592e-06 2.52018e-06 2.3643e-06 2.21772e-06 2.07991e-06 1.95037e-06 1.82862e-06 1.71423e-06 1.60676e-06 1.50582e-06 1.41102e-06 1.32201e-06 1.23845e-06 1.16002e-06 1.0864e-06 1.01733e-06 9.52532e-07 8.91746e-07
0.000535832 0.000143269 0.000142002 0.000140322 0.000138283 0.000135934 0.000133319 0.000130481 0.000127454 0.000124274 0.000120971 0.000117571 0.0001141 0.00011058 0.000107031 0.000103469 9.99116e-05 9.63718e-05 9.28619e-05 8.93925e-05 8.59729e-05 8.26111e-05 7.93138e-05 7.60869e-05 7.29351e-05 6.98623e-05 6.68717e-05 6.39657e-05 6.11461e-05 5.84142e-05 5.57708e-05 5.3216e-05 5.07499e-05 4.83718e-05 4.60812e-05 4.38768e-05 4.17575e-05 3.97219e-05 3.77681e-05 3.58945e-05 3.40992e-05 3.23802e-05 3.07354e-05 2.91626e-05 2.76598e-05 2.62246e-05 2.48549e-05 2.35484e-05 2.23029e-05 2.11163e-05 1.99862e-05 1.89107e-05 1.78874e-05 1.69144e-05 1.59896e-05 1.5111e-05 1.42766e-05 1.34846e-05 1.27331e-05 1.20203e-05 1.13445e-05 1.0704e-05 1.00971e-05 9.52236e-06 8.97818e-06 8.46314e-06 7.97583e-06 7.5149e-06 7.07906e-06 6.66706e-06 6.27772e-06 5.90989e-06 5.56248e-06 5.23446e-06 4.92481e-06 4.63259e-06 4.35689e-06 4.09684e-06 3.8516e-06 3.6204e-06 3.40247e-06 3.19711e-06 3.00363e-06 2.82139e-06 2.64977e-06 2.48818e-06 2.33608e-06 2.19292e-06 2.05822e-06 1.9315e-06 1.81231e-06 1.70023e-06 1.59484e-06 1.49577e-06 1.40266e-06 1.31516e-06 1.23294e-06 1.15571e-06 1.08318e-06 1.01506e-06 9.51101e-07
0.000489258 0.000133166 0.000132432 0.00013128 0.000129759 0.000127916 0.000125795 0.000123434 0.00012087 0.000118135 0.000115258 0.000112267 0.000109186 0.000106037 0.00010284 9.9613e-05 9.63718e-05 9.31305e-05 8.99018e-05 8.66969e-05 8.35253e-05 8.03959e-05 7.73158e-05 7.42915e-05 7.13284e-05 6.84311e-05 6.56033e-05 6.28481e-05 6.01679e-05 5.75646e-05 5.50396e-05 5.25936e-05 5.02271e-05 4.79403e-05 4.57329e-05 4.36043e-05 4.15538e-05 3.95803e-05 3.76828e-05 3.58597e-05 3.41097e-05 3.2431e-05 3.08221e-05 2.9281e-05 2.7806e-05 2.63952e-05 2.50465e-05 2.37582e-05 2.2528e-05 2.13542e-05 2.02348e-05 1.91677e-05 1.81511e-05 1.7183e-05 1.62616e-05 1.5385e-05 1.45515e-05 1.37591e-05 1.30063e-05 1.22914e-05 1.16126e-05 1.09685e-05 1.03574e-05 9.778e-06 9.22871e-06 8.7082e-06 8.2151e-06 7.74815e-06 7.30609e-06 6.88772e-06 6.4919e-06 6.11752e-06 5.76353e-06 5.4289e-06 5.11267e-06 4.81391e-06 4.53172e-06 4.26526e-06 4.01371e-06 3.7763e-06 3.55228e-06 3.34096e-06 3.14166e-06 2.95374e-06 2.77658e-06 2.60962e-06 2.45229e-06 2.30407e-06 2.16446e-06 2.033e-06 1.90922e-06 1.79271e-06 1.68305e-06 1.57987e-06 1.48279e-06 1.39149e-06 1.30561e-06 1.22487e-06 1.14896e-06 1.07761e-06 1.01056e-06
0.000446732 0.000123736 0.000123464 0.000122771 0.000121705 0.000120312 0.00011863 0.000116699 0.000114551 0.00011222 0.000109732 0.000107116 0.000104395 0.00010159 9.8721e-05 9.58064e-05 9.28619e-05 8.99018e-05 8.69391e-05 8.39852e-05 8.10501e-05 7.81429e-05 7.52715e-05 7.24426e-05 6.96622e-05 6.69354e-05 6.42664e-05 6.16588e-05 5.91157e-05 5.66394e-05 5.42317e-05 5.1894e-05 4.96273e-05 4.74321e-05 4.53087e-05 4.3257e-05 4.12766e-05 3.9367e-05 3.75274e-05 3.57568e-05 3.40542e-05 3.24181e-05 3.08473e-05 2.93403e-05 2.78955e-05 2.65113e-05 2.51861e-05 2.39181e-05 2.27057e-05 2.15471e-05 2.04404e-05 1.93841e-05 1.83762e-05 1.74152e-05 1.64992e-05 1.56266e-05 1.47957e-05 1.40049e-05 1.32525e-05 1.25371e-05 1.1857e-05 1.12108e-05 1.0597e-05 1.00143e-05 9.46117e-06 8.93643e-06 8.43875e-06 7.96689e-06 7.51967e-06 7.09594e-06 6.69458e-06 6.31454e-06 5.95479e-06 5.61435e-06 5.29228e-06 4.98766e-06 4.69963e-06 4.42737e-06 4.17007e-06 3.92698e-06 3.69736e-06 3.48053e-06 3.27583e-06 3.08262e-06 2.90029e-06 2.72828e-06 2.56604e-06 2.41304e-06 2.26879e-06 2.13282e-06 2.00468e-06 1.88394e-06 1.7702e-06 1.66308e-06 1.5622e-06 1.46722e-06 1.37782e-06 1.29368e-06 1.21451e-06 1.14002e-06 1.06995e-06
0.000407903 0.00011494 0.000115063 0.000114769 0.000114103 0.000113105 0.000111815 0.000110267 0.000108495 0.000106529 0.000104397 0.000102124 9.97333e-05 9.72463e-05 9.46824e-05 9.20592e-05 8.93925e-05 8.66969e-05 8.39852e-05 8.1269e-05 7.85589e-05 7.58639e-05 7.31924e-05 7.05514e-05 6.79473e-05 6.53857e-05 6.28711e-05 6.04077e-05 5.79989e-05 5.56474e-05 5.33556e-05 5.11253e-05 4.89579e-05 4.68543e-05 4.48153e-05 4.28411e-05 4.09319e-05 3.90874e-05 3.73071e-05 3.55906e-05 3.3937e-05 3.23453e-05 3.08146e-05 2.93436e-05 2.79311e-05 2.65757e-05 2.5276e-05 2.40306e-05 2.28379e-05 2.16965e-05 2.06047e-05 1.95611e-05 1.8564e-05 1.76119e-05 1.67032e-05 1.58364e-05 1.50099e-05 1.42223e-05 1.3472e-05 1.27577e-05 1.20778e-05 1.14309e-05 1.08158e-05 1.02311e-05 9.67551e-06 9.14774e-06 8.64662e-06 8.17095e-06 7.7196e-06 7.29148e-06 6.88551e-06 6.50068e-06 6.136e-06 5.79052e-06 5.46332e-06 5.15353e-06 4.86031e-06 4.58284e-06 4.32035e-06 4.07211e-06 3.83738e-06 3.61551e-06 3.40583e-06 3.20772e-06 3.0206e-06 2.84388e-06 2.67704e-06 2.51956e-06 2.37094e-06 2.23071e-06 2.09844e-06 1.97369e-06 1.85606e-06 1.74517e-06 1.64065e-06 1.54216e-06 1.44936e-06 1.36195e-06 1.27962e-06 1.20209e-06 1.12911e-06
0.000372449 0.000106737 0.000107199 0.000107249 0.00010693 0.000106281 0.000105337 0.000104133 0.000102698 0.000101063 9.92536e-05 9.72941e-05 9.52072e-05 9.30135e-05 9.0732e-05 8.83799e-05 8.59729e-05 8.35253e-05 8.10501e-05 7.85589e-05 7.60622e-05 7.35694e-05 7.10889e-05 6.86282e-05 6.6194e-05 6.37919e-05 6.14271e-05 5.9104e-05 5.68263e-05 5.45972e-05 5.24195e-05 5.02952e-05 4.82262e-05 4.62139e-05 4.42592e-05 4.23628e-05 4.05253e-05 3.87466e-05 3.70268e-05 3.53655e-05 3.37624e-05 3.22166e-05 3.07275e-05 2.92943e-05 2.79157e-05 2.65909e-05 2.53186e-05 2.40976e-05 2.29266e-05 2.18042e-05 2.07292e-05 1.97001e-05 1.87156e-05 1.77742e-05 1.68746e-05 1.60152e-05 1.51949e-05 1.4412e-05 1.36654e-05 1.29536e-05 1.22753e-05 1.16292e-05 1.10141e-05 1.04287e-05 9.87174e-06 9.34212e-06 8.83865e-06 8.36021e-06 7.90574e-06 7.47417e-06 7.06449e-06 6.67572e-06 6.30691e-06 5.95715e-06 5.62554e-06 5.31126e-06 5.01347e-06 4.7314e-06 4.46428e-06 4.2114e-06 3.97206e-06 3.7456e-06 3.53137e-06 3.32877e-06 3.13722e-06 2.95615e-06 2.78504e-06 2.62337e-06 2.47065e-06 2.32643e-06 2.19026e-06 2.06172e-06 1.9404e-06 1.82594e-06 1.71795e-06 1.6161e-06 1.52005e-06 1.42949e-06 1.34413e-06 1.26368e-06 1.18787e-06
0.000340076 9.90928e-05 9.98399e-05 0.000100186 0.000100168 9.9824e-05 9.91866e-05 9.82874e-05 9.71557e-05 9.58187e-05 9.43018e-05 9.26283e-05 9.08199e-05 8.88963e-05 8.6876e-05 8.47758e-05 8.26111e-05 8.03959e-05 7.81429e-05 7.58639e-05 7.35694e-05 7.12687e-05 6.89706e-05 6.66825e-05 6.44113e-05 6.21631e-05 5.99432e-05 5.77562e-05 5.56062e-05 5.34967e-05 5.14308e-05 4.94109e-05 4.74391e-05 4.55172e-05 4.36464e-05 4.18278e-05 4.00621e-05 3.83498e-05 3.66911e-05 3.5086e-05 3.35344e-05 3.20357e-05 3.05897e-05 2.91955e-05 2.78525e-05 2.65598e-05 2.53165e-05 2.41215e-05 2.29738e-05 2.18722e-05 2.08156e-05 1.98027e-05 1.88324e-05 1.79033e-05 1.70143e-05 1.6164e-05 1.53512e-05 1.45746e-05 1.38331e-05 1.31252e-05 1.24499e-05 1.18059e-05 1.1192e-05 1.06071e-05 1.005e-05 9.51959e-06 9.01483e-06 8.53464e-06 8.078e-06 7.6439e-06 7.23138e-06 6.83949e-06 6.46734e-06 6.11403e-06 5.77873e-06 5.46061e-06 5.15888e-06 4.87279e-06 4.6016e-06 4.34461e-06 4.10114e-06 3.87054e-06 3.6522e-06 3.44551e-06 3.24991e-06 3.06484e-06 2.88977e-06 2.72422e-06 2.56769e-06 2.41974e-06 2.27992e-06 2.14781e-06 2.02302e-06 1.90517e-06 1.79389e-06 1.68884e-06 1.5897e-06 1.49614e-06 1.40787e-06 1.32461e-06 1.24609e-06
0.000310517 9.19706e-05 9.29577e-05 9.35549e-05 9.37978e-05 9.37196e-05 9.33516e-05 9.27232e-05 9.18618e-05 9.07932e-05 8.95411e-05 8.81278e-05 8.6574e-05 8.48988e-05 8.31197e-05 8.1253e-05 7.93138e-05 7.73158e-05 7.52715e-05 7.31924e-05 7.10889e-05 6.89706e-05 6.68459e-05 6.47227e-05 6.26078e-05 6.05075e-05 5.84273e-05 5.63721e-05 5.43462e-05 5.23533e-05 5.03967e-05 4.84791e-05 4.66031e-05 4.47704e-05 4.29828e-05 4.12416e-05 3.95477e-05 3.79019e-05 3.63047e-05 3.47564e-05 3.3257e-05 3.18064e-05 3.04044e-05 2.90505e-05 2.77443e-05 2.6485e-05 2.5272e-05 2.41045e-05 2.29815e-05 2.19022e-05 2.08654e-05 1.98703e-05 1.89156e-05 1.80003e-05 1.71234e-05 1.62836e-05 1.54798e-05 1.47109e-05 1.39757e-05 1.32731e-05 1.2602e-05 1.19613e-05 1.13498e-05 1.07665e-05 1.02104e-05 9.68026e-06 9.17523e-06 8.69425e-06 8.23637e-06 7.80062e-06 7.38609e-06 6.99189e-06 6.61715e-06 6.26103e-06 5.9227e-06 5.60139e-06 5.29634e-06 5.00681e-06 4.73209e-06 4.4715e-06 4.22439e-06 3.99012e-06 3.76809e-06 3.55772e-06 3.35843e-06 3.16971e-06 2.99103e-06 2.8219e-06 2.66185e-06 2.51043e-06 2.36721e-06 2.23177e-06 2.10372e-06 1.98268e-06 1.8683e-06 1.76022e-06 1.65813e-06 1.56172e-06 1.47068e-06 1.38473e-06 1.30361e-06
0.000283527 8.5338e-05 8.65241e-05 8.73339e-05 8.77997e-05 8.79522e-05 8.78204e-05 8.74313e-05 8.68108e-05 8.59828e-05 8.49698e-05 8.37928e-05 8.24714e-05 8.10238e-05 7.94669e-05 7.78165e-05 7.60869e-05 7.42915e-05 7.24426e-05 7.05514e-05 6.86282e-05 6.66825e-05 6.47227e-05 6.27566e-05 6.07912e-05 5.88329e-05 5.68872e-05 5.49592e-05 5.30534e-05 5.11738e-05 4.93237e-05 4.75063e-05 4.57242e-05 4.39794e-05 4.2274e-05 4.06094e-05 3.8987e-05 3.74076e-05 3.5872e-05 3.43807e-05 3.29341e-05 3.15322e-05 3.0175e-05 2.88623e-05 2.75939e-05 2.63692e-05 2.51877e-05 2.40489e-05 2.29519e-05 2.18961e-05 2.08805e-05 1.99044e-05 1.89667e-05 1.80666e-05 1.7203e-05 1.6375e-05 1.55815e-05 1.48215e-05 1.40939e-05 1.33978e-05 1.27322e-05 1.20958e-05 1.14879e-05 1.09073e-05 1.03531e-05 9.82431e-06 9.31996e-06 8.83911e-06 8.38087e-06 7.94432e-06 7.5286e-06 7.13286e-06 6.75626e-06 6.39802e-06 6.05734e-06 5.73348e-06 5.4257e-06 5.13329e-06 4.85558e-06 4.59191e-06 4.34163e-06 4.10414e-06 3.87885e-06 3.66518e-06 3.4626e-06 3.27058e-06 3.08861e-06 2.91622e-06 2.75293e-06 2.59832e-06 2.45194e-06 2.3134e-06 2.18231e-06 2.05829e-06 1.94099e-06 1.83007e-06 1.7252e-06 1.62608e-06 1.53241e-06 1.4439e-06 1.3603e-06
0.000258883 7.91635e-05 8.05126e-05 8.15002e-05 8.21556e-05 8.25071e-05 8.25811e-05 8.24028e-05 8.1996e-05 8.13832e-05 8.05854e-05 7.96224e-05 7.85126e-05 7.72734e-05 7.5921e-05 7.44702e-05 7.29351e-05 7.13284e-05 6.96622e-05 6.79473e-05 6.6194e-05 6.44113e-05 6.26078e-05 6.07912e-05 5.89685e-05 5.71461e-05 5.53295e-05 5.35242e-05 5.17345e-05 4.99646e-05 4.82182e-05 4.64985e-05 4.48082e-05 4.31497e-05 4.15252e-05 3.99364e-05 3.83846e-05 3.68713e-05 3.53971e-05 3.3963e-05 3.25694e-05 3.12166e-05 2.99049e-05 2.86341e-05 2.74042e-05 2.6215e-05 2.5066e-05 2.39568e-05 2.2887e-05 2.18558e-05 2.08626e-05 1.99066e-05 1.89872e-05 1.81034e-05 1.72544e-05 1.64393e-05 1.56572e-05 1.49073e-05 1.41885e-05 1.35e-05 1.28408e-05 1.221e-05 1.16066e-05 1.10298e-05 1.04785e-05 9.95194e-06 9.44918e-06 8.96935e-06 8.51159e-06 8.07505e-06 7.65891e-06 7.26236e-06 6.88463e-06 6.52494e-06 6.18256e-06 5.85675e-06 5.54683e-06 5.25211e-06 4.97193e-06 4.70567e-06 4.4527e-06 4.21243e-06 3.98429e-06 3.76773e-06 3.56222e-06 3.36725e-06 3.18233e-06 3.00698e-06 2.84075e-06 2.68321e-06 2.53394e-06 2.39254e-06 2.25863e-06 2.13184e-06 2.01181e-06 1.89822e-06 1.79074e-06 1.68907e-06 1.59291e-06 1.50198e-06 1.41601e-06
0.000236382 7.34177e-05 7.48979e-05 7.60324e-05 7.68477e-05 7.73694e-05 7.76219e-05 7.76284e-05 7.74107e-05 7.69897e-05 7.6385e-05 7.56152e-05 7.46978e-05 7.36489e-05 7.2484e-05 7.12174e-05 6.98623e-05 6.84311e-05 6.69354e-05 6.53857e-05 6.37919e-05 6.21631e-05 6.05075e-05 5.88329e-05 5.71461e-05 5.54534e-05 5.37607e-05 5.20732e-05 5.03955e-05 4.87318e-05 4.70859e-05 4.54612e-05 4.38605e-05 4.22865e-05 4.07414e-05 3.92271e-05 3.77453e-05 3.62973e-05 3.48843e-05 3.35072e-05 3.21666e-05 3.08632e-05 2.95971e-05 2.83687e-05 2.7178e-05 2.60249e-05 2.49092e-05 2.38306e-05 2.27887e-05 2.17831e-05 2.08133e-05 1.98785e-05 1.89783e-05 1.81119e-05 1.72785e-05 1.64775e-05 1.5708e-05 1.49692e-05 1.42602e-05 1.35804e-05 1.29287e-05 1.23043e-05 1.17065e-05 1.11343e-05 1.05869e-05 1.00634e-05 9.56312e-06 9.08513e-06 8.62865e-06 8.19289e-06 7.77707e-06 7.38044e-06 7.00225e-06 6.64177e-06 6.2983e-06 5.97115e-06 5.65965e-06 5.36315e-06 5.08103e-06 4.81266e-06 4.55745e-06 4.31484e-06 4.08428e-06 3.86522e-06 3.65715e-06 3.45958e-06 3.27203e-06 3.09403e-06 2.92515e-06 2.76496e-06 2.61305e-06 2.46903e-06 2.33253e-06 2.20317e-06 2.08062e-06 1.96454e-06 1.85462e-06 1.75055e-06 1.65205e-06 1.55883e-06 1.47063e-06
0.000215836 6.80726e-05 6.9656e-05 7.09099e-05 7.18586e-05 7.25249e-05 7.29312e-05 7.30987e-05 7.30475e-05 7.27968e-05 7.23651e-05 7.17694e-05 7.10262e-05 7.01508e-05 6.91577e-05 6.80604e-05 6.68717e-05 6.56033e-05 6.42664e-05 6.28711e-05 6.14271e-05 5.99432e-05 5.84273e-05 5.68872e-05 5.53295e-05 5.37607e-05 5.21864e-05 5.06119e-05 4.90419e-05 4.74807e-05 4.59321e-05 4.43996e-05 4.28862e-05 4.13946e-05 3.99272e-05 3.84861e-05 3.70731e-05 3.56897e-05 3.43373e-05 3.30168e-05 3.17291e-05 3.0475e-05 2.92549e-05 2.80692e-05 2.6918e-05 2.58016e-05 2.47197e-05 2.36724e-05 2.26592e-05 2.168e-05 2.07344e-05 1.98218e-05 1.89417e-05 1.80936e-05 1.72768e-05 1.64908e-05 1.57347e-05 1.5008e-05 1.43099e-05 1.36395e-05 1.29963e-05 1.23793e-05 1.17879e-05 1.12212e-05 1.06786e-05 1.01591e-05 9.66203e-06 9.18667e-06 8.73223e-06 8.29798e-06 7.8832e-06 7.48715e-06 7.10916e-06 6.74852e-06 6.40456e-06 6.07664e-06 5.76412e-06 5.46636e-06 5.18278e-06 4.91278e-06 4.6558e-06 4.41127e-06 4.17868e-06 3.95751e-06 3.74725e-06 3.54742e-06 3.35757e-06 3.17723e-06 3.00599e-06 2.84342e-06 2.68913e-06 2.54273e-06 2.40385e-06 2.27214e-06 2.14726e-06 2.02889e-06 1.9167e-06 1.8104e-06 1.7097e-06 1.61434e-06 1.52404e-06
0.000197075 6.3102e-05 6.4764e-05 6.61133e-05 6.71715e-05 6.79595e-05 6.84974e-05 6.88044e-05 6.88991e-05 6.87992e-05 6.85216e-05 6.80823e-05 6.74966e-05 6.67789e-05 6.59427e-05 6.5001e-05 6.39657e-05 6.28481e-05 6.16588e-05 6.04077e-05 5.9104e-05 5.77562e-05 5.63721e-05 5.49592e-05 5.35242e-05 5.20732e-05 5.06119e-05 4.91457e-05 4.76791e-05 4.62165e-05 4.47619e-05 4.33186e-05 4.18899e-05 4.04786e-05 3.90871e-05 3.77177e-05 3.63723e-05 3.50525e-05 3.37598e-05 3.24954e-05 3.12603e-05 3.00553e-05 2.88811e-05 2.77382e-05 2.66269e-05 2.55474e-05 2.44999e-05 2.34843e-05 2.25005e-05 2.15483e-05 2.06276e-05 1.97378e-05 1.88787e-05 1.80497e-05 1.72504e-05 1.64802e-05 1.57385e-05 1.50247e-05 1.43382e-05 1.36783e-05 1.30443e-05 1.24356e-05 1.18515e-05 1.12912e-05 1.0754e-05 1.02392e-05 9.74621e-06 9.27421e-06 8.82254e-06 8.3905e-06 7.97741e-06 7.5826e-06 7.20542e-06 6.84522e-06 6.50136e-06 6.17322e-06 5.8602e-06 5.56169e-06 5.27714e-06 5.00597e-06 4.74765e-06 4.50163e-06 4.26742e-06 4.04451e-06 3.83241e-06 3.63067e-06 3.43883e-06 3.25646e-06 3.08314e-06 2.91847e-06 2.76205e-06 2.61351e-06 2.47249e-06 2.33864e-06 2.21163e-06 2.09114e-06 1.97685e-06 1.86849e-06 1.76576e-06 1.66839e-06 1.57612e-06
0.000179946 5.84813e-05 6.02003e-05 6.16237e-05 6.27705e-05 6.36596e-05 6.43089e-05 6.47361e-05 6.4958e-05 6.49909e-05 6.48503e-05 6.4551e-05 6.41073e-05 6.35325e-05 6.28395e-05 6.20402e-05 6.11461e-05 6.01679e-05 5.91157e-05 5.79989e-05 5.68263e-05 5.56062e-05 5.43462e-05 5.30534e-05 5.17345e-05 5.03955e-05 4.90419e-05 4.76791e-05 4.63116e-05 4.49439e-05 4.35797e-05 4.22227e-05 4.08761e-05 3.95427e-05 3.82252e-05 3.69258e-05 3.56465e-05 3.43892e-05 3.31554e-05 3.19464e-05 3.07633e-05 2.96071e-05 2.84787e-05 2.73785e-05 2.63071e-05 2.52648e-05 2.42519e-05 2.32684e-05 2.23144e-05 2.13899e-05 2.04946e-05 1.96283e-05 1.87908e-05 1.79816e-05 1.72005e-05 1.64469e-05 1.57203e-05 1.50202e-05 1.43461e-05 1.36974e-05 1.30735e-05 1.24738e-05 1.18977e-05 1.13445e-05 1.08136e-05 1.03043e-05 9.816e-06 9.34805e-06 8.89981e-06 8.47063e-06 8.05988e-06 7.66693e-06 7.29116e-06 6.93196e-06 6.58875e-06 6.26092e-06 5.9479e-06 5.64914e-06 5.36409e-06 5.0922e-06 4.83296e-06 4.58586e-06 4.35041e-06 4.12612e-06 3.91255e-06 3.70922e-06 3.51572e-06 3.33161e-06 3.1565e-06 2.98999e-06 2.83169e-06 2.68125e-06 2.53831e-06 2.40254e-06 2.2736e-06 2.15118e-06 2.03498e-06 1.92471e-06 1.8201e-06 1.72087e-06 1.62677e-06
0.000164305 5.4187e-05 5.59445e-05 5.74231e-05 5.864e-05 5.96118e-05 6.03547e-05 6.08845e-05 6.12166e-05 6.13659e-05 6.13465e-05 6.11722e-05 6.0856e-05 6.04105e-05 5.98476e-05 5.91786e-05 5.84142e-05 5.75646e-05 5.66394e-05 5.56474e-05 5.45972e-05 5.34967e-05 5.23533e-05 5.11738e-05 4.99646e-05 4.87318e-05 4.74807e-05 4.62165e-05 4.49439e-05 4.3667e-05 4.23899e-05 4.11161e-05 3.98488e-05 3.8591e-05 3.73454e-05 3.61142e-05 3.48996e-05 3.37034e-05 3.25274e-05 3.13729e-05 3.02412e-05 2.91334e-05 2.80503e-05 2.69927e-05 2.59611e-05 2.49561e-05 2.39779e-05 2.30268e-05 2.2103e-05 2.12064e-05 2.03371e-05 1.94948e-05 1.86795e-05 1.78907e-05 1.71284e-05 1.6392e-05 1.56812e-05 1.49955e-05 1.43345e-05 1.36977e-05 1.30846e-05 1.24946e-05 1.19272e-05 1.13818e-05 1.08578e-05 1.03546e-05 9.87175e-06 9.4085e-06 8.96433e-06 8.53862e-06 8.1308e-06 7.74029e-06 7.36649e-06 7.00885e-06 6.6668e-06 6.33979e-06 6.02728e-06 5.72873e-06 5.44362e-06 5.17144e-06 4.9117e-06 4.66391e-06 4.4276e-06 4.2023e-06 3.98758e-06 3.78301e-06 3.58815e-06 3.4026e-06 3.22597e-06 3.05789e-06 2.89797e-06 2.74586e-06 2.60123e-06 2.46374e-06 2.33307e-06 2.20891e-06 2.09098e-06 1.97897e-06 1.87263e-06 1.77169e-06 1.6759e-06
0.000150024 5.01975e-05 5.19771e-05 5.34947e-05 5.47652e-05 5.58033e-05 5.66236e-05 5.72404e-05 5.76673e-05 5.7918e-05 5.80054e-05 5.79421e-05 5.77402e-05 5.74113e-05 5.69664e-05 5.64163e-05 5.57708e-05 5.50396e-05 5.42317e-05 5.33556e-05 5.24195e-05 5.14308e-05 5.03967e-05 4.93237e-05 4.82182e-05 4.70859e-05 4.59321e-05 4.47619e-05 4.35797e-05 4.23899e-05 4.11964e-05 4.00026e-05 3.88119e-05 3.76272e-05 3.64512e-05 3.52863e-05 3.41347e-05 3.29984e-05 3.1879e-05 3.07781e-05 2.9697e-05 2.86368e-05 2.75987e-05 2.65833e-05 2.55914e-05 2.46235e-05 2.36801e-05 2.27616e-05 2.18681e-05 2.09998e-05 2.01567e-05 1.93389e-05 1.85461e-05 1.77783e-05 1.70352e-05 1.63166e-05 1.56222e-05 1.49515e-05 1.43043e-05 1.368e-05 1.30783e-05 1.24986e-05 1.19406e-05 1.14036e-05 1.08871e-05 1.03907e-05 9.91385e-06 9.45591e-06 9.01639e-06 8.59474e-06 8.19041e-06 7.80288e-06 7.43159e-06 7.07602e-06 6.73564e-06 6.40993e-06 6.09838e-06 5.80048e-06 5.51575e-06 5.2437e-06 4.98386e-06 4.73576e-06 4.49895e-06 4.273e-06 4.05748e-06 3.85196e-06 3.65605e-06 3.46935e-06 3.29149e-06 3.12209e-06 2.96079e-06 2.80726e-06 2.66115e-06 2.52216e-06 2.38995e-06 2.26425e-06 2.14475e-06 2.03118e-06 1.92327e-06 1.82076e-06 1.72341e-06
0.000136984 4.64921e-05 4.82799e-05 4.98222e-05 5.11318e-05 5.22219e-05 5.31052e-05 5.37946e-05 5.43025e-05 5.4641e-05 5.4822e-05 5.48569e-05 5.4757e-05 5.45329e-05 5.41949e-05 5.37528e-05 5.3216e-05 5.25936e-05 5.1894e-05 5.11253e-05 5.02952e-05 4.94109e-05 4.84791e-05 4.75063e-05 4.64985e-05 4.54612e-05 4.43996e-05 4.33186e-05 4.22227e-05 4.11161e-05 4.00026e-05 3.88857e-05 3.77687e-05 3.66546e-05 3.55461e-05 3.44455e-05 3.33552e-05 3.22772e-05 3.12131e-05 3.01647e-05 2.91333e-05 2.81201e-05 2.71263e-05 2.61527e-05 2.52002e-05 2.42693e-05 2.33606e-05 2.24746e-05 2.16115e-05 2.07717e-05 1.99551e-05 1.91619e-05 1.83921e-05 1.76457e-05 1.69223e-05 1.6222e-05 1.55444e-05 1.48892e-05 1.42563e-05 1.36451e-05 1.30553e-05 1.24866e-05 1.19384e-05 1.14104e-05 1.09021e-05 1.04131e-05 9.94273e-06 9.49065e-06 9.05632e-06 8.63926e-06 8.23896e-06 7.85492e-06 7.48663e-06 7.13362e-06 6.79538e-06 6.47143e-06 6.16129e-06 5.86448e-06 5.58055e-06 5.30902e-06 5.04946e-06 4.80142e-06 4.56447e-06 4.3382e-06 4.12219e-06 3.91605e-06 3.71938e-06 3.53181e-06 3.35298e-06 3.18252e-06 3.02009e-06 2.86536e-06 2.71801e-06 2.57771e-06 2.44417e-06 2.3171e-06 2.19621e-06 2.08124e-06 1.97192e-06 1.86799e-06 1.76923e-06
0.000125078 4.30516e-05 4.48357e-05 4.63901e-05 4.77263e-05 4.88555e-05 4.97891e-05 5.05384e-05 5.11145e-05 5.15285e-05 5.17911e-05 5.19126e-05 5.19033e-05 5.17731e-05 5.15314e-05 5.11874e-05 5.07499e-05 5.02271e-05 4.96273e-05 4.89579e-05 4.82262e-05 4.74391e-05 4.66031e-05 4.57242e-05 4.48082e-05 4.38605e-05 4.28862e-05 4.18899e-05 4.08761e-05 3.98488e-05 3.88119e-05 3.77687e-05 3.67226e-05 3.56765e-05 3.46331e-05 3.35949e-05 3.25641e-05 3.15427e-05 3.05326e-05 2.95355e-05 2.85528e-05 2.75858e-05 2.66356e-05 2.57033e-05 2.47897e-05 2.38955e-05 2.30213e-05 2.21677e-05 2.13351e-05 2.05237e-05 1.97338e-05 1.89656e-05 1.8219e-05 1.74941e-05 1.67909e-05 1.61092e-05 1.54488e-05 1.48097e-05 1.41914e-05 1.35938e-05 1.30165e-05 1.24591e-05 1.19214e-05 1.14029e-05 1.09033e-05 1.04221e-05 9.95881e-06 9.5131e-06 9.08448e-06 8.67251e-06 8.27672e-06 7.89665e-06 7.53184e-06 7.18184e-06 6.84619e-06 6.52444e-06 6.21613e-06 5.92081e-06 5.63807e-06 5.36745e-06 5.10853e-06 4.86091e-06 4.62416e-06 4.39789e-06 4.18172e-06 3.97525e-06 3.77811e-06 3.58995e-06 3.4104e-06 3.23914e-06 3.07582e-06 2.92012e-06 2.77172e-06 2.63033e-06 2.49565e-06 2.3674e-06 2.24531e-06 2.12909e-06 2.01852e-06 1.91332e-06 1.81328e-06
