0.928995 0.033287 0.00119271 4.27362e-05 1.53128e-06 5.48677e-08 1.96597e-09 7.0443e-11 2.52405e-12 9.04397e-14 3.24056e-15 1.16113e-16 4.16046e-18 1.49074e-19 5.34149e-21 1.91392e-22 6.85778e-24 2.45722e-25 8.8045e-27 3.15475e-28 1.13038e-29 4.05029e-31 1.45127e-32 5.20005e-34 1.86324e-35 6.6762e-37 2.39216e-38 8.57137e-40 3.07122e-41 1.10045e-42 3.94305e-44 1.41284e-45 5.06236e-47 1.8139e-48 6.49942e-50 2.32882e-51 8.34442e-53 2.9899e-54 1.07131e-55 3.83864e-57 1.37543e-58 4.92832e-60 1.76587e-61 6.32733e-63 2.26715e-64 8.12347e-66 2.91073e-67 1.04295e-68 3.737e-70 1.33901e-71 4.79783e-73 1.71912e-74 6.15979e-76 2.20712e-77 7.90837e-79 2.83366e-80 1.01533e-81 3.63805e-83 1.30356e-84 4.67079e-86 1.6736e-87 5.99669e-89 2.14868e-90 7.69897e-92 2.75863e-93 9.88448e-95 3.54172e-96 1.26904e-97 4.54711e-99 1.62928e-100 5.83791e-102 2.09179e-103 7.49511e-105 2.68559e-106 9.62276e-108 3.44794e-109 1.23544e-110 4.42671e-112 1.58614e-113 5.68333e-115 2.0364e-116 7.29666e-118 2.61448e-119 9.36796e-121 3.35665e-122 1.20273e-123 4.3095e-125 1.54414e-126 5.53284e-128 1.98248e-129 7.10345e-131 2.54525e-132 9.11991e-134 3.26777e-135 1.17088e-136 4.19539e-138 1.50326e-139 5.38634e-141 1.92999e-142 6.91536e-144 2.47785e-145
0.033287 0.00177449 8.44281e-05 3.77209e-06 1.61922e-07 6.76081e-09 2.76609e-10 1.11424e-11 4.4336e-13 1.74668e-14 6.82492e-16 2.64839e-17 1.02166e-18 3.92128e-20 1.4984e-21 5.70344e-23 2.16347e-24 8.18142e-26 3.08538e-27 1.16067e-28 4.35636e-30 1.63172e-31 6.1003e-33 2.27669e-34 8.48331e-36 3.15635e-37 1.17277e-38 4.35197e-40 1.61304e-41 5.97203e-43 2.20876e-44 8.16118e-46 3.01272e-47 1.1112e-48 4.09514e-50 1.50804e-51 5.54931e-53 2.04064e-54 7.49908e-56 2.7541e-57 1.01086e-58 3.70818e-60 1.35955e-61 4.982e-63 1.82473e-64 6.6802e-66 2.44447e-67 8.94108e-69 3.26901e-70 1.19473e-71 4.36469e-73 1.59397e-74 5.81902e-76 2.1236e-77 7.74731e-79 2.82548e-80 1.03015e-81 3.75472e-83 1.36814e-84 4.98384e-86 1.81502e-87 6.60822e-89 2.40536e-90 8.75323e-92 3.1846e-93 1.15835e-94 4.21241e-96 1.53154e-97 5.56714e-99 2.02325e-100 7.35155e-102 2.67071e-103 9.70044e-105 3.52272e-106 1.27905e-107 4.64324e-109 1.68532e-110 6.11605e-112 2.21917e-113 8.05089e-115 2.92032e-116 1.05914e-117 3.8407e-119 1.39254e-120 5.04829e-122 1.82988e-123 6.632e-125 2.40331e-126 8.70803e-128 3.15484e-129 1.14283e-130 4.13937e-132 1.49912e-133 5.42865e-135 1.96561e-136 7.11633e-138 2.57614e-139 9.32473e-141 3.37489e-142 1.22135e-143 4.41954e-145
0.00119271 8.44281e-05 4.88337e-06 2.54613e-07 1.24443e-08 5.81659e-10 2.63067e-11 1.15994e-12 5.01206e-14 2.13017e-15 8.92944e-17 3.69965e-18 1.51754e-19 6.17068e-21 2.49005e-22 9.98035e-24 3.9762e-25 1.57559e-26 6.21303e-28 2.43918e-29 9.53751e-31 3.71558e-32 1.44261e-33 5.58364e-35 2.15493e-36 8.29443e-38 3.18464e-39 1.2199e-40 4.66283e-42 1.77865e-43 6.77181e-45 2.57359e-46 9.76426e-48 3.69868e-49 1.39894e-50 5.28359e-52 1.99284e-53 7.50682e-55 2.82428e-56 1.06134e-57 3.98399e-59 1.4939e-60 5.5961e-62 2.09425e-63 7.83013e-65 2.92499e-66 1.09171e-67 4.07135e-69 1.51715e-70 5.64921e-72 2.102e-73 7.81582e-75 2.90418e-76 1.07842e-77 4.00206e-79 1.48427e-80 5.50163e-82 2.03809e-83 7.546e-85 2.79242e-86 1.03282e-87 3.81812e-89 1.41081e-90 5.21054e-92 1.92354e-93 7.09789e-95 2.61801e-96 9.65239e-98 3.55732e-99 1.31051e-100 4.82608e-102 1.77659e-103 6.53767e-105 2.40495e-106 8.84385e-108 3.25111e-109 1.19476e-110 4.38929e-112 1.61203e-113 5.91861e-115 2.1724e-116 7.97141e-118 2.92421e-119 1.07242e-120 3.93191e-122 1.44121e-123 5.28133e-125 1.93486e-126 7.0868e-128 2.59506e-129 9.50041e-131 3.47727e-132 1.27244e-133 4.65522e-135 1.70275e-136 6.22687e-138 2.27667e-139 8.32226e-141 3.04156e-142 1.1114e-143 4.06029e-145
4.27362e-05 3.77209e-06 2.54613e-07 1.50348e-08 8.17169e-10 4.1938e-11 2.06277e-12 9.81736e-14 4.55075e-15 2.06425e-16 9.19511e-18 4.03312e-19 1.74557e-20 7.46763e-22 3.16215e-23 1.32689e-24 5.5228e-26 2.28195e-27 9.36655e-29 3.82154e-30 1.55064e-31 6.26024e-33 2.51568e-34 1.00659e-35 4.01169e-37 1.59292e-38 6.30324e-40 2.4862e-41 9.77686e-43 3.83383e-44 1.49938e-45 5.84927e-47 2.27648e-48 8.84005e-50 3.42551e-51 1.32472e-52 5.11322e-54 1.97005e-55 7.57722e-57 2.90957e-58 1.11549e-59 4.2702e-61 1.63233e-62 6.23122e-64 2.37556e-65 9.04503e-67 3.43976e-68 1.30659e-69 4.95754e-71 1.87899e-72 7.1143e-74 2.69095e-75 1.01686e-76 3.83895e-78 1.44802e-79 5.45707e-81 2.05485e-82 7.73124e-84 2.90654e-85 1.09188e-86 4.09876e-88 1.53752e-89 5.76354e-91 2.15906e-92 8.08274e-94 3.02397e-95 1.13065e-96 4.22494e-98 1.57783e-99 5.88919e-101 2.1969e-102 8.19096e-104 3.05233e-105 1.13687e-106 4.23225e-108 1.57479e-109 5.85697e-111 2.17732e-112 8.09055e-114 3.005e-115 1.11564e-116 4.14024e-118 1.53585e-119 5.69508e-121 2.11097e-122 7.82169e-124 2.89706e-125 1.07265e-126 3.9701e-128 1.46891e-129 5.43304e-131 2.00884e-132 7.42515e-134 2.74364e-135 1.01348e-136 3.74254e-138 1.38162e-139 5.09898e-141 1.88128e-142 6.93903e-144 2.55873e-145
1.53128e-06 1.61922e-07 1.24443e-08 8.17169e-10 4.8673e-11 2.70931e-12 1.4341e-13 7.29969e-15 3.60054e-16 1.73049e-17 8.13777e-19 3.75628e-20 1.70615e-21 7.64114e-23 3.37986e-24 1.47853e-25 6.40404e-27 2.7491e-28 1.17058e-29 4.94767e-31 2.07711e-32 8.66589e-34 3.5948e-35 1.48329e-36 6.09029e-38 2.48917e-39 1.013e-40 4.106e-42 1.65804e-43 6.67172e-45 2.67568e-46 1.06971e-47 4.26392e-49 1.69485e-50 6.71892e-52 2.65686e-53 1.04808e-54 4.12502e-56 1.61999e-57 6.34884e-59 2.48321e-60 9.69414e-62 3.77759e-63 1.46948e-64 5.70672e-66 2.21266e-67 8.56588e-69 3.31121e-70 1.27816e-71 4.92702e-73 1.89676e-74 7.29264e-76 2.80043e-77 1.07411e-78 4.11504e-80 1.57477e-81 6.02e-83 2.29892e-84 8.77033e-86 3.3426e-87 1.27275e-88 4.84178e-90 1.84027e-91 6.98849e-93 2.65169e-94 1.00533e-95 3.80847e-97 1.44165e-98 5.4531e-100 2.06116e-101 7.78527e-103 2.93857e-104 1.10843e-105 4.17824e-107 1.574e-108 5.92575e-110 2.22957e-111 8.38378e-113 3.15071e-114 1.1834e-115 4.4424e-117 1.66675e-118 6.25018e-120 2.34257e-121 8.77557e-123 3.28583e-124 1.22972e-125 4.60004e-127 1.71996e-128 6.42806e-130 2.40132e-131 8.96671e-133 3.34682e-134 1.24868e-135 4.65688e-137 1.73607e-138 6.46946e-140 2.40992e-141 8.97379e-143 3.34033e-144 1.24293e-145
5.48677e-08 6.76081e-09 5.81659e-10 4.1938e-11 2.70931e-12 1.62147e-13 9.16675e-15 4.95702e-16 2.58623e-17 1.30995e-18 6.47156e-20 3.12959e-21 1.48568e-22 6.93928e-24 3.19497e-25 1.4523e-26 6.52609e-28 2.90226e-29 1.27856e-30 5.58424e-32 2.41978e-33 1.04095e-34 4.44801e-36 1.88885e-37 7.97475e-39 3.34883e-40 1.3992e-41 5.81855e-43 2.40893e-44 9.93166e-46 4.07861e-47 1.66874e-48 6.80365e-50 2.76471e-51 1.11992e-52 4.52292e-54 1.82143e-55 7.3152e-57 2.93031e-58 1.17092e-59 4.66778e-61 1.85657e-62 7.36834e-64 2.91827e-65 1.15349e-66 4.55063e-68 1.79196e-69 7.04393e-71 2.76415e-72 1.08291e-73 4.23581e-75 1.65431e-76 6.45143e-78 2.51232e-79 9.77005e-81 3.79437e-82 1.47171e-83 5.70114e-85 2.20585e-86 8.52476e-88 3.29074e-89 1.2689e-90 4.88759e-92 1.88067e-93 7.22919e-95 2.77614e-96 1.06507e-97 4.08238e-99 1.56335e-100 5.98159e-102 2.28668e-103 8.73439e-105 3.33355e-106 1.27127e-107 4.84431e-109 1.84459e-110 7.01856e-112 2.66861e-113 1.01395e-114 3.84994e-116 1.46083e-117 5.53939e-119 2.09917e-120 7.94991e-122 3.00893e-123 1.13816e-124 4.30269e-126 1.62566e-127 6.1387e-129 2.31678e-130 8.739e-132 3.29465e-133 1.24147e-134 4.67564e-136 1.76008e-137 6.62237e-139 2.49051e-140 9.36185e-142 3.51752e-143 1.32104e-144 4.95913e-146
1.96597e-09 2.76609e-10 2.63067e-11 2.06277e-12 1.4341e-13 9.16675e-15 5.50279e-16 3.14505e-17 1.7276e-18 9.18313e-20 4.7478e-21 2.39698e-22 1.18539e-23 5.75681e-25 2.75118e-26 1.29605e-27 6.0272e-29 2.77036e-30 1.25992e-31 5.67451e-33 2.53305e-34 1.12147e-35 4.92759e-37 2.1499e-38 9.31863e-40 4.01446e-41 1.71955e-42 7.32606e-44 3.10552e-45 1.31019e-46 5.50284e-48 2.30144e-49 9.58676e-51 3.97825e-52 1.64492e-53 6.77806e-55 2.78386e-56 1.13982e-57 4.65301e-59 1.89407e-60 7.68919e-62 3.11339e-63 1.25749e-64 5.06681e-66 2.0369e-67 8.17041e-69 3.27037e-70 1.30636e-71 5.20804e-73 2.07234e-74 8.23104e-76 3.26348e-77 1.29171e-78 5.10429e-80 2.01378e-81 7.93268e-83 3.12017e-84 1.22549e-85 4.80653e-87 1.88263e-88 7.36417e-90 2.87692e-91 1.12252e-92 4.37455e-94 1.70281e-95 6.62066e-97 2.57132e-98 9.97569e-100 3.8661e-101 1.49679e-102 5.78914e-104 2.2369e-105 8.63513e-107 3.33036e-108 1.28328e-109 4.94051e-111 1.90042e-112 7.30405e-114 2.80494e-115 1.07631e-116 4.1268e-118 1.58109e-119 6.05312e-121 2.31571e-122 8.85279e-124 3.382e-125 1.29113e-126 4.92581e-128 1.87802e-129 7.15561e-131 2.72471e-132 1.03688e-133 3.94341e-135 1.49886e-136 5.69377e-138 2.16168e-139 8.20243e-141 3.11069e-142 1.17907e-143 4.46676e-145 1.69131e-146
7.0443e-11 1.11424e-11 1.15994e-12 9.81736e-14 7.29969e-15 4.95702e-16 3.14505e-17 1.89194e-18 1.0901e-19 6.06026e-21 3.26875e-22 1.71787e-23 8.82642e-25 4.4458e-26 2.20018e-27 1.07182e-28 5.14775e-30 2.44079e-31 1.14382e-32 5.30313e-34 2.43462e-35 1.10761e-36 4.99681e-38 2.2367e-39 9.9395e-41 4.38705e-42 1.92407e-43 8.38835e-45 3.63661e-46 1.56827e-47 6.72941e-49 2.87398e-50 1.22194e-51 5.17335e-53 2.18144e-54 9.16329e-56 3.83506e-57 1.59948e-58 6.64879e-60 2.75502e-61 1.13811e-62 4.68788e-64 1.92555e-65 7.88801e-67 3.223e-68 1.31364e-69 5.34144e-71 2.16692e-72 8.77133e-74 3.54292e-75 1.42811e-76 5.74515e-78 2.30678e-79 9.24491e-81 3.69845e-82 1.477e-83 5.8886e-85 2.34387e-86 9.31468e-88 3.69603e-89 1.46439e-90 5.79364e-92 2.28894e-93 9.03081e-95 3.5583e-96 1.40022e-97 5.50311e-99 2.16017e-100 8.46939e-102 3.31675e-103 1.29743e-104 5.06964e-106 1.97881e-107 7.71576e-109 3.00545e-110 1.16952e-111 4.54656e-113 1.76582e-114 6.85186e-116 2.6563e-117 1.02887e-118 3.98169e-120 1.5396e-121 5.94824e-123 2.29624e-124 8.85733e-126 3.4139e-127 1.31483e-128 5.06017e-130 1.94601e-131 7.47849e-133 2.87197e-134 1.10217e-135 4.22693e-137 1.62e-138 6.20478e-140 2.37499e-141 9.08505e-143 3.47318e-144 1.32699e-145 5.06704e-147
2.52405e-12 4.4336e-13 5.01206e-14 4.55075e-15 3.60054e-16 2.58623e-17 1.7276e-18 1.0901e-19 6.5677e-21 3.80787e-22 2.1371e-23 1.16632e-24 6.21196e-26 3.23835e-27 1.65632e-28 8.32835e-30 4.12379e-31 2.01364e-32 9.70842e-34 4.62661e-35 2.18138e-36 1.01838e-37 4.71099e-39 2.16083e-40 9.83306e-42 4.44159e-43 1.99238e-44 8.87928e-46 3.93295e-47 1.732e-48 7.58585e-50 3.30534e-51 1.43317e-52 6.18533e-54 2.6577e-55 1.13716e-56 4.84612e-58 2.05733e-59 8.70214e-61 3.66799e-62 1.54091e-63 6.45252e-65 2.69367e-66 1.12118e-67 4.65343e-69 1.92612e-70 7.95153e-72 3.27429e-73 1.345e-74 5.51194e-76 2.25371e-77 9.1947e-79 3.7433e-80 1.52082e-81 6.16652e-83 2.49554e-84 1.00805e-85 4.06453e-87 1.63599e-88 6.57371e-90 2.63708e-91 1.05619e-92 4.2236e-94 1.68642e-95 6.72374e-97 2.67691e-98 1.06427e-99 4.22551e-101 1.67546e-102 6.63483e-104 2.6241e-105 1.03658e-106 4.08981e-108 1.61176e-109 6.3446e-111 2.49475e-112 9.79896e-114 3.8448e-115 1.50702e-116 5.90102e-118 2.30838e-119 9.02125e-121 3.52223e-122 1.37394e-123 5.35459e-125 2.08497e-126 8.11146e-128 3.15304e-129 1.22462e-130 4.75245e-132 1.84285e-133 7.14039e-135 2.76454e-136 1.06954e-137 4.13478e-139 1.59733e-140 6.16635e-142 2.37882e-143 9.17061e-145 3.53301e-146 1.36021e-147
9.04397e-14 1.74668e-14 2.13017e-15 2.06425e-16 1.73049e-17 1.30995e-18 9.18313e-20 6.06026e-21 3.80787e-22 2.2969e-23 1.33834e-24 7.56909e-26 4.17091e-27 2.24631e-28 1.1854e-29 6.14233e-31 3.13078e-32 1.57211e-33 7.7875e-35 3.80967e-36 1.84241e-37 8.81599e-39 4.17717e-40 1.96117e-41 9.1294e-43 4.216e-44 1.93245e-45 8.79549e-47 3.97683e-48 1.7869e-49 7.98176e-51 3.54543e-52 1.56653e-53 6.88683e-55 3.01316e-56 1.31233e-57 5.69083e-59 2.45756e-60 1.05709e-61 4.52967e-63 1.93394e-64 8.22822e-66 3.48911e-67 1.47478e-68 6.21436e-70 2.61081e-71 1.09373e-72 4.56926e-74 1.90383e-75 7.91211e-77 3.28006e-78 1.35653e-79 5.5972e-81 2.3043e-82 9.46599e-84 3.88043e-85 1.58749e-86 6.4816e-88 2.64133e-89 1.07438e-90 4.36221e-92 1.76805e-93 7.15393e-95 2.88985e-96 1.16548e-97 4.69306e-99 1.88688e-100 7.57506e-102 3.03669e-103 1.21563e-104 4.85967e-106 1.94013e-107 7.73545e-109 3.08026e-110 1.22503e-111 4.8661e-113 1.93063e-114 7.65089e-116 3.02854e-117 1.1975e-118 4.72982e-120 1.86619e-121 7.35556e-123 2.89625e-124 1.13927e-125 4.47707e-127 1.75771e-128 6.89444e-130 2.7018e-131 1.05784e-132 4.13814e-134 1.6174e-135 6.31633e-137 2.46464e-138 9.60927e-140 3.74354e-141 1.45726e-142 5.66837e-144 2.2032e-145 8.55715e-147 3.32116e-148
3.24056e-15 6.82492e-16 8.92944e-17 9.19511e-18 8.13777e-19 6.47156e-20 4.7478e-21 3.26875e-22 2.1371e-23 1.33834e-24 8.08037e-26 4.72726e-27 2.69056e-28 1.49465e-29 8.1257e-31 4.33286e-32 2.27037e-33 1.17092e-34 5.95204e-36 2.98561e-37 1.4794e-38 7.24813e-40 3.51406e-41 1.68714e-42 8.02667e-44 3.78632e-45 1.77185e-46 8.22944e-48 3.79523e-49 1.73862e-50 7.91452e-52 3.58134e-53 1.61138e-54 7.21122e-56 3.21062e-57 1.42247e-58 6.27296e-60 2.754e-61 1.20394e-62 5.24174e-64 2.27325e-65 9.82177e-67 4.22834e-68 1.81404e-69 7.75675e-71 3.30614e-72 1.40483e-73 5.95164e-75 2.51422e-76 1.05917e-77 4.45011e-79 1.86488e-80 7.79554e-82 3.25081e-83 1.35244e-84 5.61386e-86 2.32514e-87 9.6097e-89 3.96344e-90 1.63141e-91 6.70202e-93 2.74806e-94 1.12472e-95 4.59502e-97 1.87401e-98 7.62993e-100 3.10135e-101 1.25859e-102 5.0996e-104 2.06312e-105 8.33424e-107 3.36184e-108 1.35417e-109 5.44714e-111 2.18815e-112 8.77837e-114 3.51715e-115 1.40741e-116 5.62495e-118 2.2454e-119 8.95276e-121 3.56551e-122 1.4184e-123 5.63632e-125 2.23731e-126 8.87151e-128 3.51415e-129 1.3906e-130 5.49739e-132 2.17114e-133 8.56652e-135 3.37688e-136 1.32993e-137 5.23304e-139 2.05729e-140 8.08093e-142 3.17146e-143 1.24364e-144 4.87278e-146 1.9077e-147 7.46277e-149
1.16113e-16 2.64839e-17 3.69965e-18 4.03312e-19 3.75628e-20 3.12959e-21 2.39698e-22 1.71787e-23 1.16632e-24 7.56909e-26 4.72726e-27 2.85628e-28 1.67662e-29 9.59366e-31 5.36614e-32 2.9409e-33 1.58232e-34 8.37214e-36 4.36249e-37 2.24149e-38 1.1369e-39 5.69784e-41 2.82408e-42 1.38533e-43 6.73034e-45 3.24039e-46 1.54695e-47 7.32638e-49 3.44382e-50 1.60734e-51 7.45181e-53 3.43283e-54 1.57188e-55 7.15642e-57 3.2404e-58 1.45963e-59 6.54223e-61 2.91842e-62 1.29598e-63 5.73009e-65 2.52298e-66 1.10644e-67 4.83368e-69 2.10389e-70 9.12486e-72 3.94407e-73 1.69915e-74 7.29696e-76 3.12406e-77 1.33356e-78 5.67629e-80 2.40944e-81 1.02002e-82 4.30698e-84 1.81406e-85 7.62209e-87 3.19503e-88 1.33623e-89 5.57608e-91 2.32188e-92 9.64812e-94 4.00096e-95 1.65587e-96 6.83998e-98 2.82015e-99 1.16064e-100 4.7682e-102 1.95552e-103 8.00641e-105 3.27267e-106 1.33558e-107 5.44206e-109 2.21409e-110 8.99456e-112 3.64868e-113 1.478e-114 5.97881e-116 2.41527e-117 9.74414e-119 3.92608e-120 1.57989e-121 6.34972e-123 2.54893e-124 1.02199e-125 4.0929e-127 1.63728e-128 6.54231e-130 2.61136e-131 1.04121e-132 4.14719e-134 1.65016e-135 6.55932e-137 2.60474e-138 1.03335e-139 4.09564e-141 1.62177e-142 6.41595e-144 2.53596e-145 1.00147e-146 3.9515e-148 1.55781e-149
4.16046e-18 1.02166e-18 1.51754e-19 1.74557e-20 1.70615e-21 1.48568e-22 1.18539e-23 8.82642e-25 6.21196e-26 4.17091e-27 2.69056e-28 1.67662e-29 1.01367e-30 5.96703e-32 3.42991e-33 1.92984e-34 1.06505e-35 5.77546e-37 3.08198e-38 1.62057e-39 8.40629e-41 4.30602e-42 2.18009e-43 1.09181e-44 5.41264e-46 2.65788e-47 1.29354e-48 6.24273e-50 2.989e-51 1.42045e-52 6.70269e-54 3.14162e-55 1.46315e-56 6.77317e-58 3.11736e-59 1.42689e-60 6.49698e-62 2.94342e-63 1.3271e-64 5.95606e-66 2.66131e-67 1.18411e-68 5.24716e-70 2.31609e-71 1.01848e-72 4.46247e-74 1.94841e-75 8.47856e-77 3.67749e-78 1.59007e-79 6.85431e-81 2.94602e-82 1.26263e-83 5.3966e-85 2.30042e-86 9.7808e-88 4.14814e-89 1.755e-90 7.40762e-92 3.1195e-93 1.31076e-94 5.49572e-96 2.29939e-97 9.60087e-99 4.00078e-100 1.66394e-101 6.90732e-103 2.86209e-104 1.1838e-105 4.8878e-107 2.01469e-108 8.29052e-110 3.40604e-111 1.39711e-112 5.72185e-114 2.33985e-115 9.55425e-117 3.89564e-118 1.58616e-119 6.44936e-121 2.61878e-122 1.06196e-123 4.30087e-125 1.73962e-126 7.0277e-128 2.83561e-129 1.14278e-130 4.60015e-132 1.84963e-133 7.42871e-135 2.98033e-136 1.1944e-137 4.78162e-139 1.91228e-140 7.63987e-142 3.04921e-143 1.21581e-144 4.84312e-146 1.92741e-147 7.66342e-149 3.04422e-150
1.49074e-19 3.92128e-20 6.17068e-21 7.46763e-22 7.64114e-23 6.93928e-24 5.75681e-25 4.4458e-26 3.23835e-27 2.24631e-28 1.49465e-29 9.59366e-31 5.96703e-32 3.6095e-33 2.1299e-34 1.22909e-35 6.95107e-37 3.85966e-38 2.10746e-39 1.13312e-40 6.00645e-42 3.14226e-43 1.62389e-44 8.297e-46 4.19432e-47 2.09927e-48 1.0409e-49 5.11584e-51 2.49352e-52 1.20586e-53 5.78826e-55 2.7589e-56 1.30621e-57 6.145e-59 2.87339e-60 1.33584e-61 6.17605e-63 2.84035e-64 1.29968e-65 5.9183e-67 2.68249e-68 1.21044e-69 5.43855e-71 2.43351e-72 1.08458e-73 4.81535e-75 2.13007e-76 9.38894e-78 4.12428e-79 1.80568e-80 7.88027e-82 3.42843e-83 1.48712e-84 6.43187e-86 2.77399e-87 1.19313e-88 5.11824e-90 2.18997e-91 9.34702e-93 3.97976e-94 1.69051e-95 7.16448e-97 3.0296e-98 1.27834e-99 5.38259e-101 2.26175e-102 9.48484e-104 3.96981e-105 1.65838e-106 6.91503e-108 2.87819e-109 1.19586e-110 4.96011e-112 2.05388e-113 8.49071e-115 3.50443e-116 1.44414e-117 5.94208e-119 2.44127e-120 1.00151e-121 4.10275e-123 1.67836e-124 6.85644e-126 2.79723e-127 1.13969e-128 4.63751e-130 1.88467e-131 7.64975e-133 3.10122e-134 1.25575e-135 5.07885e-137 2.05178e-138 8.27962e-140 3.33742e-141 1.34383e-142 5.40524e-144 2.17188e-145 8.71788e-147 3.49584e-148 1.40044e-149 5.60474e-151
5.34149e-21 1.4984e-21 2.49005e-22 3.16215e-23 3.37986e-24 3.19497e-25 2.75118e-26 2.20018e-27 1.65632e-28 1.1854e-29 8.1257e-31 5.36614e-32 3.42991e-33 2.1299e-34 1.28896e-35 7.62183e-37 4.41336e-38 2.5072e-39 1.39967e-40 7.68936e-42 4.1622e-43 2.22228e-44 1.17148e-45 6.10257e-47 3.14386e-48 1.60285e-49 8.09232e-51 4.04812e-52 2.00752e-53 9.8741e-55 4.81901e-56 2.3346e-57 1.12311e-58 5.36708e-60 2.54855e-61 1.20286e-62 5.64446e-64 2.63405e-65 1.22272e-66 5.64703e-68 2.59536e-69 1.18726e-70 5.40676e-72 2.45161e-73 1.10702e-74 4.97874e-76 2.2305e-77 9.95553e-79 4.42752e-80 1.96221e-81 8.66695e-83 3.81569e-84 1.6746e-85 7.32693e-87 3.1963e-88 1.39036e-89 6.03111e-91 2.60912e-92 1.12578e-93 4.8451e-95 2.08007e-96 8.90851e-98 3.80641e-99 1.62269e-100 6.90227e-102 2.9296e-103 1.24083e-104 5.24471e-106 2.21239e-107 9.3144e-109 3.914e-110 1.64164e-111 6.87304e-113 2.87243e-114 1.19839e-115 4.99128e-117 2.07543e-118 8.61591e-120 3.57115e-121 1.47789e-122 6.10691e-124 2.51975e-125 1.03816e-126 4.27122e-128 1.75484e-129 7.19998e-131 2.95016e-132 1.20724e-133 4.9338e-135 2.01384e-136 8.20984e-138 3.34286e-139 1.35952e-140 5.52268e-142 2.24087e-143 9.08234e-145 3.67705e-146 1.48707e-147 6.00765e-149 2.42451e-150 9.77458e-152
1.91392e-22 5.70344e-23 9.98035e-24 1.32689e-24 1.47853e-25 1.4523e-26 1.29605e-27 1.07182e-28 8.32835e-30 6.14233e-31 4.33286e-32 2.9409e-33 1.92984e-34 1.22909e-35 7.62183e-37 4.61433e-38 2.7335e-39 1.58757e-40 9.05483e-42 5.07919e-43 2.80563e-44 1.52784e-45 8.21057e-47 4.35817e-48 2.28675e-49 1.18694e-50 6.09845e-52 3.10346e-53 1.56511e-54 7.82579e-56 3.88143e-57 1.91037e-58 9.33403e-60 4.52899e-61 2.18301e-62 1.0456e-63 4.97795e-65 2.35628e-66 1.10917e-67 5.19361e-69 2.41952e-70 1.12167e-71 5.17562e-73 2.37736e-74 1.08727e-75 4.95176e-77 2.24608e-78 1.01483e-79 4.56799e-81 2.04868e-82 9.15574e-84 4.07785e-85 1.81024e-86 8.01037e-88 3.53365e-89 1.55413e-90 6.81532e-92 2.98027e-93 1.29966e-94 5.65255e-96 2.45206e-97 1.06102e-98 4.57978e-100 1.9721e-101 8.4723e-103 3.63152e-104 1.55316e-105 6.6284e-107 2.82286e-108 1.19972e-109 5.08861e-111 2.15414e-112 9.10163e-114 3.83846e-115 1.61586e-116 6.79017e-118 2.84841e-119 1.19285e-120 4.9871e-122 2.08164e-123 8.67502e-125 3.60961e-126 1.49964e-127 6.22111e-129 2.57699e-130 1.06595e-131 4.403e-133 1.8162e-134 7.4816e-136 3.07787e-137 1.26457e-138 5.18898e-140 2.12657e-141 8.70454e-143 3.55868e-144 1.45318e-145 5.92718e-147 2.4148e-148 9.82719e-150 3.99485e-151 1.62219e-152
6.85778e-24 2.16347e-24 3.9762e-25 5.5228e-26 6.40404e-27 6.52609e-28 6.0272e-29 5.14775e-30 4.12379e-31 3.13078e-32 2.27037e-33 1.58232e-34 1.06505e-35 6.95107e-37 4.41336e-38 2.7335e-39 1.65544e-40 9.82247e-42 5.71993e-43 3.27398e-44 1.84438e-45 1.0238e-46 5.6056e-48 3.03019e-49 1.61852e-50 8.54846e-52 4.4676e-53 2.31175e-54 1.18503e-55 6.02093e-57 3.03349e-58 1.51619e-59 7.52088e-61 3.70378e-62 1.81147e-63 8.80161e-65 4.24977e-66 2.03966e-67 9.7331e-69 4.61899e-70 2.18044e-71 1.02407e-72 4.78621e-74 2.22643e-75 1.031e-76 4.75344e-78 2.18237e-79 9.97887e-81 4.54493e-82 2.06217e-83 9.32233e-85 4.19934e-86 1.88513e-87 8.43441e-89 3.76151e-90 1.67228e-91 7.41193e-93 3.27546e-94 1.44333e-95 6.3423e-97 2.7794e-98 1.21481e-99 5.29605e-101 2.30308e-102 9.99104e-104 4.32397e-105 1.86703e-106 8.04341e-108 3.45761e-109 1.48314e-110 6.3486e-112 2.71199e-113 1.1562e-114 4.91961e-116 2.08931e-117 8.85661e-119 3.7475e-120 1.58287e-121 6.67409e-123 2.80932e-124 1.18055e-125 4.95293e-127 2.07466e-128 8.67663e-130 3.62319e-131 1.5107e-132 6.28968e-134 2.61488e-135 1.08558e-136 4.50058e-138 1.86331e-139 7.70412e-141 3.18121e-142 1.31191e-143 5.40341e-145 2.22277e-146 9.13257e-148 3.74777e-149 1.53619e-150 6.28948e-152 2.57213e-153
2.45722e-25 8.18142e-26 1.57559e-26 2.28195e-27 2.7491e-28 2.90226e-29 2.77036e-30 2.44079e-31 2.01364e-32 1.57211e-33 1.17092e-34 8.37214e-36 5.77546e-37 3.85966e-38 2.5072e-39 1.58757e-40 9.82247e-42 5.95036e-43 3.53565e-44 2.06382e-45 1.18505e-46 6.70165e-48 3.73655e-49 2.05597e-50 1.11734e-51 6.00219e-53 3.18928e-54 1.67728e-55 8.73576e-57 4.50819e-58 2.30632e-59 1.17016e-60 5.89056e-62 2.94317e-63 1.46008e-64 7.19408e-66 3.52165e-67 1.71321e-68 8.28478e-70 3.9835e-71 1.90485e-72 9.06077e-74 4.28808e-75 2.01947e-76 9.46604e-78 4.417e-79 2.05203e-80 9.49304e-82 4.37374e-83 2.00717e-84 9.17611e-86 4.17952e-87 1.89688e-88 8.57917e-90 3.86714e-91 1.73747e-92 7.78162e-94 3.47445e-95 1.5467e-96 6.86535e-98 3.03874e-99 1.34132e-100 5.90484e-102 2.59272e-103 1.13553e-104 4.96105e-106 2.16222e-107 9.40174e-109 4.0787e-110 1.76549e-111 7.62539e-113 3.2865e-114 1.41352e-115 6.06723e-117 2.59906e-118 1.11122e-119 4.74197e-121 2.01982e-122 8.58771e-124 3.64478e-125 1.54423e-126 6.53148e-128 2.75796e-129 1.16267e-130 4.89361e-132 2.05647e-133 8.62876e-135 3.6151e-136 1.51235e-137 6.31763e-139 2.63536e-140 1.09779e-141 4.56674e-143 1.89718e-144 7.87119e-146 3.26144e-147 1.34967e-148 5.57831e-150 2.30274e-151 9.49436e-153 3.90995e-154
8.8045e-27 3.08538e-27 6.21303e-28 9.36655e-29 1.17058e-29 1.27856e-30 1.25992e-31 1.14382e-32 9.70842e-34 7.7875e-35 5.95204e-36 4.36249e-37 3.08198e-38 2.10746e-39 1.39967e-40 9.05483e-42 5.71993e-43 3.53565e-44 2.14242e-45 1.27463e-46 7.4561e-48 4.29357e-49 2.43657e-50 1.364e-51 7.53889e-53 4.11714e-54 2.22326e-55 1.18788e-56 6.2834e-58 3.29227e-59 1.70957e-60 8.80173e-62 4.49489e-63 2.27777e-64 1.14576e-65 5.72295e-67 2.83935e-68 1.39964e-69 6.85696e-71 3.33944e-72 1.61713e-73 7.78826e-75 3.73124e-76 1.77855e-77 8.4365e-79 3.98305e-80 1.87197e-81 8.75948e-83 4.0815e-84 1.89402e-85 8.75442e-87 4.03094e-88 1.84915e-89 8.45231e-91 3.85002e-92 1.74775e-93 7.90803e-95 3.56674e-96 1.60372e-97 7.18909e-99 3.21327e-100 1.43213e-101 6.36517e-103 2.8214e-104 1.24731e-105 5.50011e-107 2.41925e-108 1.06153e-109 4.64675e-111 2.02935e-112 8.84265e-114 3.84455e-115 1.6679e-116 7.22068e-118 3.11953e-119 1.34501e-120 5.78765e-122 2.48566e-123 1.06552e-124 4.55911e-126 1.94721e-127 8.30185e-129 3.53333e-130 1.50126e-131 6.36804e-133 2.69678e-134 1.14023e-135 4.81346e-137 2.02887e-138 8.53881e-140 3.58837e-141 1.5058e-142 6.30983e-144 2.64035e-145 1.10334e-146 4.60438e-148 1.91892e-149 7.98692e-151 3.32006e-152 1.37838e-153 5.7155e-155
3.15475e-28 1.16067e-28 2.43918e-29 3.82154e-30 4.94767e-31 5.58424e-32 5.67451e-33 5.30313e-34 4.62661e-35 3.80967e-36 2.98561e-37 2.24149e-38 1.62057e-39 1.13312e-40 7.68936e-42 5.07919e-43 3.27398e-44 2.06382e-45 1.27463e-46 7.7254e-48 4.60148e-49 2.69687e-50 1.55702e-51 8.86402e-53 4.98035e-54 2.76396e-55 1.51623e-56 8.22705e-58 4.41809e-59 2.3495e-60 1.23791e-61 6.46507e-63 3.34826e-64 1.72028e-65 8.77144e-67 4.44003e-68 2.23193e-69 1.11451e-70 5.52992e-72 2.72707e-73 1.33697e-74 6.51767e-76 3.16013e-77 1.52421e-78 7.31471e-80 3.49331e-81 1.66051e-82 7.85737e-84 3.70179e-85 1.73663e-86 8.11382e-88 3.7759e-89 1.75044e-90 8.08453e-92 3.72045e-93 1.70613e-94 7.79745e-96 3.55187e-97 1.61275e-98 7.29996e-100 3.29424e-101 1.4822e-102 6.64981e-104 2.97506e-105 1.32738e-106 5.90665e-108 2.62157e-109 1.1606e-110 5.12547e-112 2.25807e-113 9.92482e-115 4.35221e-116 1.90425e-117 8.31355e-119 3.62176e-120 1.5745e-121 6.8309e-123 2.95762e-124 1.27808e-125 5.51237e-127 2.37303e-128 1.0197e-129 4.37378e-131 1.87274e-132 8.00471e-134 3.41569e-135 1.45509e-136 6.18864e-138 2.62789e-139 1.11413e-140 4.7163e-142 1.99347e-143 8.41347e-145 3.54576e-146 1.49219e-147 6.27091e-149 2.63172e-150 1.10296e-151 4.61642e-153 1.92967e-154 8.05571e-156
1.13038e-29 4.35636e-30 9.53751e-31 1.55064e-31 2.07711e-32 2.41978e-33 2.53305e-34 2.43462e-35 2.18138e-36 1.84241e-37 1.4794e-38 1.1369e-39 8.40629e-41 6.00645e-42 4.1622e-43 2.80563e-44 1.84438e-45 1.18505e-46 7.4561e-48 4.60148e-49 2.78949e-50 1.66322e-51 9.76497e-53 5.65105e-54 3.22644e-55 1.81891e-56 1.01325e-57 5.58135e-59 3.04188e-60 1.64125e-61 8.77127e-63 4.64528e-64 2.43902e-65 1.27014e-66 6.56266e-68 3.36556e-69 1.71366e-70 8.6659e-72 4.3536e-73 2.17342e-74 1.07848e-75 5.32044e-77 2.61007e-78 1.27354e-79 6.18184e-81 2.98569e-82 1.43506e-83 6.86538e-85 3.26962e-86 1.55036e-87 7.32035e-89 3.44233e-90 1.61232e-91 7.52278e-93 3.49692e-94 1.61965e-95 7.47531e-97 3.43839e-98 1.5763e-99 7.20316e-101 3.28128e-102 1.49017e-103 6.74744e-105 3.04638e-106 1.37152e-107 6.15783e-109 2.75732e-110 1.23144e-111 5.48566e-113 2.43761e-114 1.08054e-115 4.77849e-117 2.10829e-118 9.28081e-120 4.07642e-121 1.78662e-122 7.81382e-124 3.41032e-125 1.48541e-126 6.45703e-128 2.80141e-129 1.21309e-130 5.24324e-132 2.26211e-133 9.74202e-135 4.18815e-136 1.79742e-137 7.70091e-139 3.29395e-140 1.40665e-141 5.99742e-143 2.55307e-144 1.08516e-145 4.60547e-147 1.95168e-148 8.25875e-150 3.48979e-151 1.47257e-152 6.20517e-154 2.61122e-155 1.09738e-156
4.05029e-31 1.63172e-31 3.71558e-32 6.26024e-33 8.66589e-34 1.04095e-34 1.12147e-35 1.10761e-36 1.01838e-37 8.81599e-39 7.24813e-40 5.69784e-41 4.30602e-42 3.14226e-43 2.22228e-44 1.52784e-45 1.0238e-46 6.70165e-48 4.29357e-49 2.69687e-50 1.66322e-51 1.00846e-52 6.01856e-54 3.53919e-55 2.05258e-56 1.17502e-57 6.64469e-59 3.71439e-60 2.05381e-61 1.12394e-62 6.09074e-64 3.27002e-65 1.74013e-66 9.18219e-68 4.80629e-69 2.49649e-70 1.28722e-71 6.59041e-73 3.35148e-74 1.69333e-75 8.50242e-77 4.24366e-78 2.10589e-79 1.03925e-80 5.10125e-82 2.49111e-83 1.21045e-84 5.85339e-86 2.8174e-87 1.35e-88 6.44063e-90 3.05978e-91 1.44769e-92 6.82244e-94 3.20283e-95 1.49799e-96 6.98083e-98 3.24173e-99 1.50024e-100 6.9199e-102 3.18151e-103 1.45813e-104 6.66237e-106 3.03503e-107 1.37858e-108 6.24409e-110 2.82036e-111 1.27048e-112 5.70803e-114 2.55793e-115 1.1434e-116 5.09854e-118 2.26805e-119 1.00656e-120 4.45694e-122 1.96906e-123 8.68024e-125 3.81833e-126 1.67612e-127 7.34253e-129 3.21006e-130 1.40064e-131 6.09961e-133 2.65129e-134 1.1503e-135 4.98165e-137 2.15359e-138 9.29388e-140 4.00394e-141 1.72206e-142 7.39423e-144 3.16983e-145 1.35672e-146 5.79784e-148 2.47388e-149 1.05399e-150 4.4839e-152 1.90477e-153 8.08002e-155 3.42273e-156 1.44789e-157
1.45127e-32 6.1003e-33 1.44261e-33 2.51568e-34 3.5948e-35 4.44801e-36 4.92759e-37 4.99681e-38 4.71099e-39 4.17717e-40 3.51406e-41 2.82408e-42 2.18009e-43 1.62389e-44 1.17148e-45 8.21057e-47 5.6056e-48 3.73655e-49 2.43657e-50 1.55702e-51 9.76497e-53 6.01856e-54 3.64986e-55 2.18013e-56 1.28388e-57 7.46071e-59 4.28141e-60 2.42802e-61 1.36162e-62 7.55545e-64 4.15046e-65 2.2583e-66 1.21764e-67 6.50869e-69 3.45045e-70 1.81479e-71 9.4731e-73 4.90924e-74 2.52651e-75 1.29162e-76 6.56096e-78 3.31228e-79 1.66232e-80 8.29514e-82 4.11665e-83 2.03217e-84 9.98046e-86 4.87743e-87 2.37222e-88 1.14844e-89 5.53494e-91 2.65603e-92 1.26919e-93 6.0402e-95 2.86323e-96 1.35205e-97 6.36074e-99 2.9816e-100 1.39271e-101 6.48314e-103 3.00789e-104 1.391e-105 6.41243e-107 2.947e-108 1.35032e-109 6.16908e-111 2.8104e-112 1.27675e-113 5.7845e-115 2.61382e-116 1.17804e-117 5.29599e-119 2.37499e-120 1.0625e-121 4.74209e-123 2.11159e-124 9.38139e-126 4.15878e-127 1.83961e-128 8.12019e-130 3.5769e-131 1.57241e-132 6.89859e-134 3.02071e-135 1.32016e-136 5.75882e-138 2.50751e-139 1.08985e-140 4.72854e-142 2.04802e-143 8.85526e-145 3.82247e-146 1.64731e-147 7.08772e-149 3.04475e-150 1.30594e-151 5.59283e-153 2.39161e-154 1.0212e-155 4.3541e-157 1.85383e-158
5.20005e-34 2.27669e-34 5.58364e-35 1.00659e-35 1.48329e-36 1.88885e-37 2.1499e-38 2.2367e-39 2.16083e-40 1.96117e-41 1.68714e-42 1.38533e-43 1.09181e-44 8.297e-46 6.10257e-47 4.35817e-48 3.03019e-49 2.05597e-50 1.364e-51 8.86402e-53 5.65105e-54 3.53919e-55 2.18013e-56 1.32231e-57 7.90457e-59 4.66125e-60 2.71363e-61 1.56076e-62 8.87451e-64 4.99161e-65 2.77885e-66 1.53193e-67 8.36691e-69 4.52935e-70 2.43123e-71 1.29449e-72 6.83917e-74 3.58662e-75 1.86756e-76 9.65822e-78 4.96212e-79 2.53335e-80 1.28554e-81 6.48529e-83 3.25329e-84 1.62312e-85 8.05555e-87 3.9777e-88 1.9545e-89 9.55814e-91 4.65279e-92 2.25485e-93 1.08804e-94 5.22819e-96 2.50203e-97 1.19267e-98 5.66346e-100 2.67933e-101 1.26298e-102 5.93252e-104 2.77711e-105 1.29568e-106 6.02545e-108 2.79324e-109 1.29088e-110 5.94784e-112 2.73248e-113 1.25174e-114 5.71815e-116 2.60504e-117 1.18363e-118 5.364e-120 2.42469e-121 1.09332e-122 4.9179e-124 2.2069e-125 9.8804e-127 4.41346e-128 1.96706e-129 8.74798e-131 3.88214e-132 1.7192e-133 7.5979e-135 3.35111e-136 1.47512e-137 6.48081e-139 2.84191e-140 1.2439e-141 5.4346e-143 2.37015e-144 1.03186e-145 4.48458e-147 1.94575e-148 8.42816e-150 3.64477e-151 1.57367e-152 6.78379e-154 2.91986e-155 1.25485e-156 5.38482e-158 2.30736e-159
1.86324e-35 8.48331e-36 2.15493e-36 4.01169e-37 6.09029e-38 7.97475e-39 9.31863e-40 9.9395e-41 9.83306e-42 9.1294e-43 8.02667e-44 6.73034e-45 5.41264e-46 4.19432e-47 3.14386e-48 2.28675e-49 1.61852e-50 1.11734e-51 7.53889e-53 4.98035e-54 3.22644e-55 2.05258e-56 1.28388e-57 7.90457e-59 4.79502e-60 2.86847e-61 1.6936e-62 9.87618e-64 5.6922e-65 3.24453e-66 1.82998e-67 1.02187e-68 5.652e-70 3.09787e-71 1.68328e-72 9.07085e-74 4.84946e-75 2.57299e-76 1.35524e-77 7.08847e-79 3.68272e-80 1.90097e-81 9.75163e-83 4.97248e-84 2.5209e-85 1.27091e-86 6.37281e-88 3.17896e-89 1.57779e-90 7.79289e-92 3.83087e-93 1.8746e-94 9.13265e-96 4.43014e-97 2.14006e-98 1.02962e-99 4.93419e-101 2.35557e-102 1.12037e-103 5.30954e-105 2.5074e-106 1.18006e-107 5.53521e-109 2.58793e-110 1.20613e-111 5.60399e-113 2.59591e-114 1.19896e-115 5.52173e-117 2.53588e-118 1.16143e-119 5.30514e-121 2.41694e-122 1.09831e-123 4.97853e-125 2.25121e-126 1.01553e-127 4.5704e-129 2.05221e-130 9.19421e-132 4.11012e-133 1.83342e-134 8.16118e-136 3.62533e-137 1.60717e-138 7.11077e-140 3.13997e-141 1.3839e-142 6.08793e-144 2.67324e-145 1.17171e-146 5.12669e-148 2.23922e-149 9.76372e-151 4.25016e-152 1.84706e-153 8.01405e-155 3.47163e-156 1.50153e-157 6.4844e-159 2.79607e-160
6.6762e-37 3.15635e-37 8.29443e-38 1.59292e-38 2.48917e-39 3.34883e-40 4.01446e-41 4.38705e-42 4.44159e-43 4.216e-44 3.78632e-45 3.24039e-46 2.65788e-47 2.09927e-48 1.60285e-49 1.18694e-50 8.54846e-52 6.00219e-53 4.11714e-54 2.76396e-55 1.81891e-56 1.17502e-57 7.46071e-59 4.66125e-60 2.86847e-61 1.74028e-62 1.04176e-63 6.15775e-65 3.5965e-66 2.07689e-67 1.18651e-68 6.70943e-70 3.75724e-71 2.08458e-72 1.14634e-73 6.25072e-75 3.3808e-76 1.8144e-77 9.66512e-79 5.11177e-80 2.68502e-81 1.40103e-82 7.26405e-84 3.7432e-85 1.9175e-86 9.76663e-88 4.94717e-89 2.49259e-90 1.24941e-91 6.23148e-93 3.09298e-94 1.52802e-95 7.51461e-97 3.67936e-98 1.79383e-99 8.70938e-101 4.21155e-102 2.02859e-103 9.73402e-105 4.6535e-106 2.21667e-107 1.05219e-108 4.97743e-110 2.34675e-111 1.10285e-112 5.16644e-114 2.41281e-115 1.12343e-116 5.2154e-118 2.41425e-119 1.11444e-120 5.13029e-122 2.35538e-123 1.07855e-124 4.92618e-126 2.24434e-127 1.02001e-128 4.62459e-130 2.09181e-131 9.44002e-133 4.25054e-134 1.90966e-135 8.56109e-137 3.82984e-138 1.70973e-139 7.61713e-141 3.38677e-142 1.5029e-143 6.65634e-145 2.94254e-146 1.29839e-147 5.71868e-149 2.51426e-150 1.10348e-151 4.83469e-153 2.11465e-154 9.23389e-156 4.02551e-157 1.7521e-158 7.61398e-160 3.30361e-161
2.39216e-38 1.17277e-38 3.18464e-39 6.30324e-40 1.013e-40 1.3992e-41 1.71955e-42 1.92407e-43 1.99238e-44 1.93245e-45 1.77185e-46 1.54695e-47 1.29354e-48 1.0409e-49 8.09232e-51 6.09845e-52 4.4676e-53 3.18928e-54 2.22326e-55 1.51623e-56 1.01325e-57 6.64469e-59 4.28141e-60 2.71363e-61 1.6936e-62 1.04176e-63 6.32105e-65 3.78622e-66 2.24036e-67 1.31041e-68 7.58093e-70 4.34013e-71 2.46016e-72 1.38135e-73 7.68614e-75 4.23988e-76 2.31952e-77 1.2589e-78 6.78072e-80 3.62562e-81 1.92501e-82 1.01519e-83 5.31898e-85 2.76938e-86 1.4332e-87 7.37384e-89 3.77248e-90 1.91951e-91 9.71544e-93 4.89233e-94 2.45143e-95 1.22248e-96 6.068e-98 2.99841e-99 1.47515e-100 7.22665e-102 3.52569e-103 1.7132e-104 8.29237e-106 3.99853e-107 1.92095e-108 9.1954e-110 4.38634e-111 2.08522e-112 9.87995e-114 4.66603e-115 2.19667e-116 1.03096e-117 4.82399e-119 2.25057e-120 1.04696e-121 4.85673e-123 2.2468e-124 1.03662e-125 4.77015e-127 2.18942e-128 1.00238e-129 4.57791e-131 2.08572e-132 9.48021e-134 4.29909e-135 1.94514e-136 8.78137e-138 3.95574e-139 1.77815e-140 7.97626e-142 3.57059e-143 1.59516e-144 7.11237e-146 3.16505e-147 1.40579e-148 6.23234e-150 2.75794e-151 1.21825e-152 5.37177e-154 2.36453e-155 1.03904e-156 4.55813e-158 1.9963e-159 8.72894e-161 3.81069e-162
8.57137e-40 4.35197e-40 1.2199e-40 2.4862e-41 4.106e-42 5.81855e-43 7.32606e-44 8.38835e-45 8.87928e-46 8.79549e-47 8.22944e-48 7.32638e-49 6.24273e-50 5.11584e-51 4.04812e-52 3.10346e-53 2.31175e-54 1.67728e-55 1.18788e-56 8.22705e-58 5.58135e-59 3.71439e-60 2.42802e-61 1.56076e-62 9.87618e-64 6.15775e-65 3.78622e-66 2.2976e-67 1.37702e-68 8.15604e-70 4.77699e-71 2.76823e-72 1.58797e-73 9.02157e-75 5.07816e-76 2.8333e-77 1.56749e-78 8.60193e-80 4.6839e-81 2.53148e-82 1.35838e-83 7.23885e-85 3.83201e-86 2.01557e-87 1.05361e-88 5.47484e-90 2.8285e-91 1.45318e-92 7.42576e-94 3.77481e-95 1.9092e-96 9.60907e-98 4.81335e-99 2.4e-100 1.19133e-101 5.88797e-103 2.89778e-104 1.42031e-105 6.93376e-107 3.37184e-108 1.63352e-109 7.88463e-111 3.79212e-112 1.81746e-113 8.681e-115 4.13267e-116 1.96103e-117 9.27605e-119 4.37423e-120 2.05651e-121 9.64004e-123 4.50586e-124 2.10017e-125 9.76192e-127 4.5253e-128 2.09227e-129 9.64867e-131 4.43836e-132 2.0366e-133 9.32262e-135 4.25738e-136 1.93972e-137 8.81753e-139 3.99933e-140 1.81e-141 8.17407e-143 3.68371e-144 1.65667e-145 7.43547e-147 3.33057e-148 1.48895e-149 6.64372e-151 2.95887e-152 1.31534e-153 5.83664e-155 2.58532e-156 1.14315e-157 5.04598e-159 2.22358e-160 9.7822e-162 4.29645e-163
3.07122e-41 1.61304e-41 4.66283e-42 9.77686e-43 1.65804e-43 2.40893e-44 3.10552e-45 3.63661e-46 3.93295e-47 3.97683e-48 3.79523e-49 3.44382e-50 2.989e-51 2.49352e-52 2.00752e-53 1.56511e-54 1.18503e-55 8.73576e-57 6.2834e-58 4.41809e-59 3.04188e-60 2.05381e-61 1.36162e-62 8.87451e-64 5.6922e-65 3.5965e-66 2.24036e-67 1.37702e-68 8.35706e-70 5.01128e-71 2.97089e-72 1.74225e-73 1.01121e-74 5.81154e-76 3.30863e-77 1.86677e-78 1.04421e-79 5.79289e-81 3.18827e-82 1.74143e-83 9.44224e-85 5.08372e-86 2.71857e-87 1.44429e-88 7.62481e-90 4.00088e-91 2.08701e-92 1.08248e-93 5.58375e-95 2.86495e-96 1.46239e-97 7.42743e-99 3.7541e-100 1.88855e-101 9.45726e-103 4.71493e-104 2.34052e-105 1.15698e-106 5.69603e-108 2.79314e-109 1.36438e-110 6.63966e-112 3.21932e-113 1.55536e-114 7.48833e-116 3.59306e-117 1.71832e-118 8.19104e-120 3.89227e-121 1.84385e-122 8.70848e-124 4.1009e-125 1.9256e-126 9.01633e-128 4.21016e-129 1.96064e-130 9.1065e-132 4.21876e-133 1.94949e-134 8.98634e-136 4.1323e-137 1.8957e-138 8.67633e-140 3.96198e-141 1.80516e-142 8.20667e-144 3.72291e-145 1.68532e-146 7.61344e-148 3.43239e-149 1.54435e-150 6.93494e-152 3.10816e-153 1.39041e-154 6.20834e-156 2.76704e-157 1.23105e-158 5.46726e-160 2.42388e-161 1.07278e-162 4.74008e-164
1.10045e-42 5.97203e-43 1.77865e-43 3.83383e-44 6.67172e-45 9.93166e-46 1.31019e-46 1.56827e-47 1.732e-48 1.7869e-49 1.73862e-50 1.60734e-51 1.42045e-52 1.20586e-53 9.8741e-55 7.82579e-56 6.02093e-57 4.50819e-58 3.29227e-59 2.3495e-60 1.64125e-61 1.12394e-62 7.55545e-64 4.99161e-65 3.24453e-66 2.07689e-67 1.31041e-68 8.15604e-70 5.01128e-71 3.04162e-72 1.8248e-73 1.08274e-74 6.35714e-76 3.69518e-77 2.12737e-78 1.21356e-79 6.86224e-81 3.84778e-82 2.14015e-83 1.18115e-84 6.47024e-86 3.51898e-87 1.90067e-88 1.01976e-89 5.43617e-91 2.87998e-92 1.51662e-93 7.94044e-95 4.13401e-96 2.14061e-97 1.10259e-98 5.65034e-100 2.88128e-101 1.46221e-102 7.38595e-104 3.71395e-105 1.85932e-106 9.2686e-108 4.60114e-109 2.27487e-110 1.1203e-111 5.496e-113 2.68616e-114 1.30808e-115 6.3473e-117 3.0693e-118 1.47917e-119 7.10498e-121 3.40178e-122 1.62361e-123 7.72536e-125 3.6648e-126 1.73342e-127 8.17538e-129 3.84495e-130 1.80334e-131 8.43518e-133 3.93519e-134 1.83111e-135 8.49898e-137 3.93497e-138 1.81745e-139 8.3743e-141 3.84966e-142 1.76564e-143 8.07991e-145 3.6894e-146 1.681e-147 7.64289e-149 3.46772e-150 1.57016e-151 7.09534e-153 3.19998e-154 1.44039e-155 6.47123e-157 2.9019e-158 1.29892e-159 5.80359e-161 2.58846e-162 1.15247e-163 5.12236e-165
3.94305e-44 2.20876e-44 6.77181e-45 1.49938e-45 2.67568e-46 4.07861e-47 5.50284e-48 6.72941e-49 7.58585e-50 7.98176e-51 7.91452e-52 7.45181e-53 6.70269e-54 5.78826e-55 4.81901e-56 3.88143e-57 3.03349e-58 2.30632e-59 1.70957e-60 1.23791e-61 8.77127e-63 6.09074e-64 4.15046e-65 2.77885e-66 1.82998e-67 1.18651e-68 7.58093e-70 4.77699e-71 2.97089e-72 1.8248e-73 1.10767e-74 6.64847e-76 3.94802e-77 2.32059e-78 1.35075e-79 7.78923e-81 4.45173e-82 2.52253e-83 1.41765e-84 7.9044e-86 4.37385e-87 2.40259e-88 1.31049e-89 7.09964e-91 3.82111e-92 2.04358e-93 1.08627e-94 5.74001e-96 3.0158e-97 1.57574e-98 8.18905e-100 4.23373e-101 2.17781e-102 1.11478e-103 5.67928e-105 2.87999e-106 1.45391e-107 7.30785e-109 3.65761e-110 1.82309e-111 9.05053e-113 4.47545e-114 2.20466e-115 1.08201e-116 5.29105e-118 2.57819e-119 1.25196e-120 6.05897e-122 2.92266e-123 1.40527e-124 6.73561e-126 3.21855e-127 1.53334e-128 7.28354e-130 3.44984e-131 1.62942e-132 7.67491e-134 3.60532e-135 1.68915e-136 7.89352e-138 3.67937e-139 1.7108e-140 7.93542e-142 3.67201e-143 1.69521e-144 7.80814e-146 3.58835e-147 1.64544e-148 7.52889e-150 3.4376e-151 1.56629e-152 7.12198e-154 3.23187e-155 1.46369e-156 6.61605e-158 2.98483e-159 1.34408e-160 6.04129e-162 2.71048e-163 1.21392e-164 5.42712e-166
1.41284e-45 8.16118e-46 2.57359e-46 5.84927e-47 1.06971e-47 1.66874e-48 2.30144e-49 2.87398e-50 3.30534e-51 3.54543e-52 3.58134e-53 3.43283e-54 3.14162e-55 2.7589e-56 2.3346e-57 1.91037e-58 1.51619e-59 1.17016e-60 8.80173e-62 6.46507e-63 4.64528e-64 3.27002e-65 2.2583e-66 1.53193e-67 1.02187e-68 6.70943e-70 4.34013e-71 2.76823e-72 1.74225e-73 1.08274e-74 6.64847e-76 4.03602e-77 2.42356e-78 1.44025e-79 8.47442e-81 4.93917e-82 2.85263e-83 1.63323e-84 9.27279e-86 5.2225e-87 2.91867e-88 1.61904e-89 8.91685e-91 4.87709e-92 2.64978e-93 1.4304e-94 7.67361e-96 4.0919e-97 2.1693e-98 1.14356e-99 5.99551e-101 3.12672e-102 1.62226e-103 8.37494e-105 4.30269e-106 2.20015e-107 1.1199e-108 5.67509e-110 2.86343e-111 1.4387e-112 7.19905e-114 3.58793e-115 1.78124e-116 8.80949e-118 4.34083e-119 2.13122e-120 1.04268e-121 5.08374e-123 2.47033e-124 1.19647e-125 5.77641e-127 2.78005e-128 1.33388e-129 6.38086e-131 3.04347e-132 1.44748e-133 6.86496e-135 3.2469e-136 1.53155e-137 7.20524e-139 3.38099e-140 1.58248e-141 7.38851e-143 3.44126e-144 1.59898e-145 7.41227e-147 3.42817e-148 1.58196e-149 7.28394e-151 3.34654e-152 1.53426e-153 7.01929e-155 3.20475e-156 1.46022e-157 6.64019e-159 3.01367e-160 1.36514e-161 6.17223e-163 2.78549e-164 1.25479e-165 5.64235e-167
