0.86264 0.0305136 0.0154481 0.0080747 0.00433516 0.00237767 0.00132517 0.000746917 0.000423989 0.000241572 0.000137783 7.85118e-05 4.46312e-05 2.52856e-05 1.42677e-05 8.01513e-06 4.4818e-06 2.49431e-06 1.38172e-06 7.61903e-07 4.18268e-07 2.28643e-07 1.24477e-07 6.75044e-08 3.64725e-08 1.96356e-08 1.0533e-08 5.62586e-09 2.98308e-09 1.55218e-09 8.23537e-10
0.0305136 0.001923 0.000991092 0.000522048 0.000278521 0.000149484 8.03328e-05 4.30985e-05 2.30433e-05 1.22671e-05 6.49946e-06 3.42708e-06 1.79859e-06 9.39734e-07 4.88948e-07 2.53419e-07 1.30879e-07 6.73729e-08 3.45787e-08 1.76993e-08 9.0372e-09 4.60403e-09 2.34074e-09 1.18777e-09 6.01523e-10 3.03837e-10 1.52664e-10 7.55546e-11 3.55081e-11 1.34829e-11 6.72283e-12
0.0154481 0.000991092 0.000504411 0.000262278 0.000138239 7.33971e-05 3.90789e-05 2.08019e-05 1.10492e-05 5.84985e-06 3.08524e-06 1.62055e-06 8.4774e-07 4.41711e-07 2.29285e-07 1.18598e-07 6.11439e-08 3.14277e-08 1.61088e-08 8.2358e-09 4.20085e-09 2.13814e-09 1.08608e-09 5.50542e-10 2.7832e-10 1.3995e-10 6.932e-11 3.26397e-11 1.25316e-11 6.20003e-12 3.0931e-12
0.0080747 0.000522048 0.000262278 0.000134513 6.99599e-05 3.66956e-05 1.93296e-05 1.01946e-05 5.37253e-06 2.82548e-06 1.48178e-06 7.74599e-07 4.03559e-07 2.09543e-07 1.08446e-07 5.59498e-08 2.87809e-08 1.47645e-08 7.55492e-09 3.85674e-09 1.96456e-09 9.98655e-10 5.06577e-10 2.56256e-10 1.28928e-10 6.38965e-11 3.01251e-11 1.16628e-11 5.78149e-12 2.86119e-12 1.42814e-12
0.00433516 0.000278521 0.000138239 6.99599e-05 3.59058e-05 1.85999e-05 9.68783e-06 5.05896e-06 2.64317e-06 1.37979e-06 7.19013e-07 3.73816e-07 1.93843e-07 1.00245e-07 5.16996e-08 2.65923e-08 1.36432e-08 6.98276e-09 3.56577e-09 1.817e-09 9.23995e-10 4.68883e-10 2.37273e-10 1.19415e-10 5.92023e-11 2.79406e-11 1.08994e-11 5.39828e-12 2.67697e-12 1.32516e-12 6.61775e-13
0.00237767 0.000149484 7.33971e-05 3.66956e-05 1.85999e-05 9.51991e-06 4.90356e-06 2.53507e-06 1.31279e-06 6.79997e-07 3.51956e-07 1.8191e-07 9.38495e-08 4.83189e-08 2.48236e-08 1.27253e-08 6.50944e-09 3.32294e-09 1.69294e-09 8.60831e-10 4.36821e-10 2.21051e-10 1.11254e-10 5.51608e-11 2.60539e-11 1.02373e-11 5.06187e-12 2.50788e-12 1.24406e-12 6.15998e-13 3.0777e-13
0.00132517 8.03328e-05 3.90789e-05 1.93296e-05 9.68783e-06 4.90356e-06 2.49925e-06 1.27959e-06 6.56861e-07 3.37594e-07 1.73533e-07 8.91486e-08 4.57487e-08 2.34441e-08 1.1995e-08 6.12681e-09 3.12409e-09 1.59026e-09 8.08091e-10 4.0985e-10 2.07319e-10 1.04307e-10 5.17053e-11 2.44346e-11 9.66719e-12 4.77071e-12 2.35959e-12 1.16942e-12 5.80285e-13 2.874e-13 1.43656e-13
0.000746917 4.30985e-05 2.08019e-05 1.01946e-05 5.05896e-06 2.53507e-06 1.27959e-06 6.49194e-07 3.30476e-07 1.68565e-07 8.60597e-08 4.39441e-08 2.24299e-08 1.14396e-08 5.82829e-09 2.96583e-09 1.50723e-09 7.64883e-10 3.87518e-10 1.95847e-10 9.8461e-11 4.87785e-11 2.3056e-11 9.18e-12 4.52083e-12 2.23158e-12 1.10404e-12 5.47327e-13 2.71673e-13 1.34584e-13 6.72985e-14
0.000423989 2.30433e-05 1.10492e-05 5.37253e-06 2.64317e-06 1.31279e-06 6.56861e-07 3.30476e-07 1.66918e-07 8.45286e-08 4.28738e-08 2.17634e-08 1.10496e-08 5.60877e-09 2.84544e-09 1.44242e-09 7.3048e-10 3.69449e-10 1.86444e-10 9.36175e-11 4.63323e-11 2.18954e-11 8.7676e-12 4.30823e-12 2.12212e-12 1.04777e-12 5.18506e-13 2.57118e-13 1.27658e-13 6.32538e-14 3.16414e-14
0.000241572 1.22671e-05 5.84985e-06 2.82548e-06 1.37979e-06 6.79997e-07 3.37594e-07 1.68565e-07 8.45286e-08 4.25191e-08 2.1433e-08 1.08183e-08 5.46447e-09 2.76088e-09 1.39475e-09 7.04302e-10 3.55342e-10 1.78954e-10 8.9697e-11 4.43264e-11 2.09337e-11 8.42308e-12 4.12937e-12 2.02948e-12 9.99872e-13 4.93785e-13 2.44414e-13 1.2123e-13 6.02047e-14 2.98365e-14 1.49298e-14
0.000137783 6.49946e-06 3.08524e-06 1.48178e-06 7.19013e-07 3.51956e-07 1.73533e-07 8.60597e-08 4.28738e-08 2.1433e-08 1.07416e-08 5.39293e-09 2.71071e-09 1.36341e-09 6.85911e-10 3.44963e-10 1.73253e-10 8.66349e-11 4.2728e-11 2.0155e-11 8.1407e-12 3.98125e-12 1.9521e-12 9.59574e-13 4.72847e-13 2.33561e-13 1.15632e-13 5.7366e-14 2.84947e-14 1.41238e-14 7.06923e-15
7.85118e-05 3.42708e-06 1.62055e-06 7.74599e-07 3.73816e-07 1.8191e-07 8.91486e-08 4.39441e-08 2.17634e-08 1.08183e-08 5.39293e-09 2.69408e-09 1.34788e-09 6.74998e-10 3.38137e-10 1.69246e-10 8.43812e-11 4.15109e-11 1.95468e-11 7.91577e-12 3.8614e-12 1.8887e-12 9.26211e-13 4.55361e-13 2.24424e-13 1.10873e-13 5.49009e-14 2.72416e-14 1.35337e-14 6.70901e-15 3.35872e-15
4.46312e-05 1.79859e-06 8.4774e-07 4.03559e-07 1.93843e-07 9.38495e-08 4.57487e-08 2.24299e-08 1.10496e-08 5.46447e-09 2.71071e-09 1.34788e-09 6.7138e-10 3.34752e-10 1.66868e-10 8.28988e-11 4.06555e-11 1.90991e-11 7.74456e-12 3.76782e-12 1.8382e-12 8.99222e-13 4.41035e-13 2.1686e-13 1.06895e-13 5.28169e-14 2.61571e-14 1.29809e-14 6.44979e-15 3.19764e-15 1.60109e-15
2.52856e-05 9.39734e-07 4.41711e-07 2.09543e-07 1.00245e-07 4.83189e-08 2.34441e-08 1.14396e-08 5.60877e-09 2.76088e-09 1.36341e-09 6.74998e-10 3.34752e-10 1.6608e-10 8.21637e-11 4.01477e-11 1.88045e-11 7.62424e-12 3.69896e-12 1.79978e-12 8.78153e-13 4.29629e-13 2.10742e-13 1.03636e-13 5.109e-14 2.52465e-14 1.25045e-14 6.20619e-15 3.08394e-15 1.52904e-15 7.6569e-16
1.42677e-05 4.88948e-07 2.29285e-07 1.08446e-07 5.16996e-08 2.48236e-08 1.1995e-08 5.82829e-09 2.84544e-09 1.39475e-09 6.85911e-10 3.38137e-10 1.66868e-10 8.21637e-11 3.99793e-11 1.86585e-11 7.55283e-12 3.65368e-12 1.77278e-12 8.62652e-13 4.20951e-13 2.05967e-13 1.01041e-13 4.96932e-14 2.44997e-14 1.21077e-14 5.99731e-15 2.97676e-15 1.47927e-15 7.33455e-16 3.6731e-16
8.01513e-06 2.53419e-07 1.18598e-07 5.59498e-08 2.65923e-08 1.27253e-08 6.12681e-09 2.96583e-09 1.44242e-09 7.04302e-10 3.44963e-10 1.69246e-10 8.28988e-11 4.01477e-11 1.86585e-11 7.52915e-12 3.63122e-12 1.75675e-12 8.52459e-13 4.14854e-13 2.02455e-13 9.90677e-14 4.86032e-14 2.39052e-14 1.17864e-14 5.82506e-15 2.88543e-15 1.43221e-15 7.1173e-16 3.52891e-16 1.76726e-16
4.4818e-06 1.30879e-07 6.11439e-08 2.87809e-08 1.36432e-08 6.50944e-09 3.12409e-09 1.50723e-09 7.3048e-10 3.55342e-10 1.73253e-10 8.43812e-11 4.06555e-11 1.88045e-11 7.55283e-12 3.63122e-12 1.75144e-12 8.47405e-13 4.11236e-13 2.00146e-13 9.76814e-14 4.78016e-14 2.34529e-14 1.15356e-14 5.68773e-15 2.81101e-15 1.39242e-15 6.91129e-16 3.43444e-16 1.70281e-16 8.52715e-17
2.49431e-06 6.73729e-08 3.14277e-08 1.47645e-08 6.98276e-09 3.32294e-09 1.59026e-09 7.64883e-10 3.69449e-10 1.78954e-10 8.66349e-11 4.15109e-11 1.90991e-11 7.62424e-12 3.65368e-12 1.75675e-12 8.47405e-13 4.10036e-13 1.99001e-13 9.68589e-14 4.72746e-14 2.31353e-14 1.13512e-14 5.58325e-15 2.75284e-15 1.36049e-15 6.73881e-16 3.34462e-16 1.66193e-16 8.23934e-17 4.12561e-17
1.38172e-06 3.45787e-08 1.61088e-08 7.55492e-09 3.56577e-09 1.69294e-09 8.08091e-10 3.87518e-10 1.86444e-10 8.9697e-11 4.2728e-11 1.95468e-11 7.74456e-12 3.69896e-12 1.77278e-12 8.52459e-13 4.11236e-13 1.99001e-13 9.65862e-14 4.70133e-14 2.29469e-14 1.12299e-14 5.50987e-15 2.71005e-15 1.33615e-15 6.60297e-16 3.27034e-16 1.62299e-16 8.06369e-17 3.99731e-17 2.00124e-17
7.61903e-07 1.76993e-08 8.2358e-09 3.85674e-09 1.817e-09 8.60831e-10 4.0985e-10 1.95847e-10 9.36175e-11 4.43264e-11 2.0155e-11 7.91577e-12 3.76782e-12 1.79978e-12 8.62652e-13 4.14854e-13 2.00146e-13 9.68589e-14 4.70133e-14 2.28844e-14 1.11699e-14 5.46634e-15 2.68193e-15 1.31904e-15 6.50283e-16 3.21326e-16 1.59129e-16 7.89607e-17 3.92253e-17 1.9442e-17 9.73166e-18
4.18268e-07 9.0372e-09 4.20085e-09 1.96456e-09 9.23995e-10 4.36821e-10 2.07319e-10 9.8461e-11 4.63323e-11 2.09337e-11 8.1407e-12 3.8614e-12 1.8382e-12 8.78153e-13 4.20951e-13 2.02455e-13 9.76814e-14 4.72746e-14 2.29469e-14 1.11699e-14 5.45192e-15 2.66798e-15 1.3089e-15 6.43698e-16 3.17306e-16 1.5677e-16 7.76245e-17 3.85111e-17 1.91276e-17 9.47904e-18 4.74357e-18
2.28643e-07 4.60403e-09 2.13814e-09 9.98655e-10 4.68883e-10 2.21051e-10 1.04307e-10 4.87785e-11 2.18954e-11 8.42308e-12 3.98125e-12 1.8887e-12 8.99222e-13 4.29629e-13 2.05967e-13 9.90677e-14 4.78016e-14 2.31353e-14 1.12299e-14 5.46634e-15 2.66798e-15 1.30554e-15 6.40433e-16 3.14919e-16 1.55215e-16 7.66736e-17 3.79577e-17 1.88276e-17 9.34922e-18 4.63226e-18 2.31745e-18
1.24477e-07 2.34074e-09 1.08608e-09 5.06577e-10 2.37273e-10 1.11254e-10 5.17053e-11 2.3056e-11 8.7676e-12 4.12937e-12 1.9521e-12 9.26211e-13 4.41035e-13 2.10742e-13 1.01041e-13 4.86032e-14 2.34529e-14 1.13512e-14 5.50987e-15 2.68193e-15 1.3089e-15 6.40433e-16 3.14128e-16 1.54443e-16 7.61074e-17 3.75884e-17 1.86041e-17 9.22571e-18 4.58004e-18 2.26876e-18 1.13466e-18
6.75044e-08 1.18777e-09 5.50542e-10 2.56256e-10 1.19415e-10 5.51608e-11 2.44346e-11 9.18e-12 4.30823e-12 2.02948e-12 9.59574e-13 4.55361e-13 2.1686e-13 1.03636e-13 4.96932e-14 2.39052e-14 1.15356e-14 5.58325e-15 2.71005e-15 1.31904e-15 6.43698e-16 3.14919e-16 1.54443e-16 7.59196e-17 3.74045e-17 1.84693e-17 9.13891e-18 4.53069e-18 2.24858e-18 1.11357e-18 5.56722e-19
3.64725e-08 6.01523e-10 2.7832e-10 1.28928e-10 5.92023e-11 2.60539e-11 9.66719e-12 4.52083e-12 2.12212e-12 9.99872e-13 4.72847e-13 2.24424e-13 1.06895e-13 5.109e-14 2.44997e-14 1.17864e-14 5.68773e-15 2.75284e-15 1.33615e-15 6.50283e-16 3.17306e-16 1.55215e-16 7.61074e-17 3.74045e-17 1.84243e-17 9.09503e-18 4.49908e-18 2.22977e-18 1.10629e-18 5.47716e-19 2.73717e-19
1.96356e-08 3.03837e-10 1.3995e-10 6.38965e-11 2.79406e-11 1.02373e-11 4.77071e-12 2.23158e-12 1.04777e-12 4.93785e-13 2.33561e-13 1.10873e-13 5.28169e-14 2.52465e-14 1.21077e-14 5.82506e-15 2.81101e-15 1.36049e-15 6.60297e-16 3.21326e-16 1.5677e-16 7.66736e-17 3.75884e-17 1.84693e-17 9.09503e-18 4.48839e-18 2.21959e-18 1.09967e-18 5.45405e-19 2.69945e-19 1.34845e-19
1.0533e-08 1.52664e-10 6.932e-11 3.01251e-11 1.08994e-11 5.06187e-12 2.35959e-12 1.10404e-12 5.18506e-13 2.44414e-13 1.15632e-13 5.49009e-14 2.61571e-14 1.25045e-14 5.99731e-15 2.88543e-15 1.39242e-15 6.73881e-16 3.27034e-16 1.59129e-16 7.76245e-17 3.79577e-17 1.86041e-17 9.13891e-18 4.49908e-18 2.21959e-18 1.09725e-18 5.43422e-19 2.69422e-19 1.33305e-19 6.65586e-20
5.62586e-09 7.55546e-11 3.26397e-11 1.16628e-11 5.39828e-12 2.50788e-12 1.16942e-12 5.47327e-13 2.57118e-13 1.2123e-13 5.7366e-14 2.72416e-14 1.29809e-14 6.20619e-15 2.97676e-15 1.43221e-15 6.91129e-16 3.34462e-16 1.62299e-16 7.89607e-17 3.85111e-17 1.88276e-17 9.22571e-18 4.53069e-18 2.22977e-18 1.09967e-18 5.43422e-19 2.69029e-19 1.33329e-19 6.59459e-20 3.29104e-20
2.98308e-09 3.55081e-11 1.25316e-11 5.78149e-12 2.67697e-12 1.24406e-12 5.80285e-13 2.71673e-13 1.27658e-13 6.02047e-14 2.84947e-14 1.35337e-14 6.44979e-15 3.08394e-15 1.47927e-15 7.1173e-16 3.43444e-16 1.66193e-16 8.06369e-17 3.92253e-17 1.91276e-17 9.34922e-18 4.58004e-18 2.24858e-18 1.10629e-18 5.45405e-19 2.69422e-19 1.33329e-19 6.60503e-20 3.26578e-20 1.62898e-20
1.55218e-09 1.34829e-11 6.20003e-12 2.86119e-12 1.32516e-12 6.15998e-13 2.874e-13 1.34584e-13 6.32538e-14 2.98365e-14 1.41238e-14 6.70901e-15 3.19764e-15 1.52904e-15 7.33455e-16 3.52891e-16 1.70281e-16 8.23934e-17 3.99731e-17 1.9442e-17 9.47904e-18 4.63226e-18 2.26876e-18 1.11357e-18 5.47716e-19 2.69945e-19 1.33305e-19 6.59459e-20 3.26578e-20 1.61423e-20 8.04836e-21
8.23537e-10 6.72283e-12 3.0931e-12 1.42814e-12 6.61775e-13 3.0777e-13 1.43656e-13 6.72985e-14 3.16414e-14 1.49298e-14 7.06923e-15 3.35872e-15 1.60109e-15 7.6569e-16 3.6731e-16 1.76726e-16 8.52715e-17 4.12561e-17 2.00124e-17 9.73166e-18 4.74357e-18 2.31745e-18 1.13466e-18 5.56722e-19 2.73717e-19 1.34845e-19 6.65586e-20 3.29104e-20 1.62898e-20 8.04836e-21 4.01037e-21
