0.484698 0.067047 0.0374382 0.020905 0.0116731 0.0065181 0.00363962 0.00203232 0.00113482 0.000633669 0.000353833 0.000197576 0.000110324 6.16033e-05 3.43985e-05 1.92077e-05 1.07253e-05 5.98888e-06 3.34411e-06 1.86731e-06 1.04268e-06 5.8222e-07 3.25104e-07 1.81534e-07 1.01366e-07 5.66016e-08 3.16056e-08 1.76482e-08 9.8545e-09 5.50263e-09 3.0726e-09 1.7157e-09 9.58024e-10 5.34948e-10 2.98708e-10 1.66795e-10 9.3136e-11 5.2006e-11 2.90395e-11 1.62153e-11 9.05439e-12 5.05585e-12 2.82312e-12 1.5764e-12 8.80239e-13 4.91514e-13 2.74455e-13 1.53252e-13 8.55741e-14 4.77835e-14 2.66817e-14 1.48987e-14 8.31924e-15 4.64536e-15 2.59391e-15 1.4484e-15 8.0877e-16 4.51607e-16 2.52171e-16 1.40809e-16 7.86261e-17 4.39038e-17 2.45153e-17 1.3689e-17 7.64378e-18 4.26819e-18 2.3833e-18 1.3308e-18 7.43104e-19 4.1494e-19 2.31697e-19 1.29377e-19 7.22422e-20 4.03391e-20 2.25248e-20 1.25776e-20 7.02316e-21 3.92164e-21 2.18979e-21 1.22275e-21 6.8277e-22 3.8125e-22 2.12885e-22 1.18872e-22 6.63767e-23 3.70639e-23 2.0696e-23 1.15564e-23 6.45293e-24 3.60323e-24 2.012e-24 1.12347e-24 6.27334e-25 3.50295e-25 1.956e-25 1.09221e-25 6.09874e-26 3.40546e-26 1.90156e-26 1.06181e-26 5.929e-27
0.067047 0.026465 0.016705 0.010404 0.0064104 0.00391503 0.00237347 0.00142994 0.000856877 0.00051109 0.000303601 0.000179698 0.00010602 6.23717e-05 3.65983e-05 2.14248e-05 1.25155e-05 7.29679e-06 4.24658e-06 2.46737e-06 1.43142e-06 8.2926e-07 4.79784e-07 2.7725e-07 1.60031e-07 9.22732e-08 5.31512e-08 3.05875e-08 1.75869e-08 1.01036e-08 5.79989e-09 3.32691e-09 1.90702e-09 1.09239e-09 6.25356e-10 3.57777e-10 2.04573e-10 1.16908e-10 6.67748e-11 3.8121e-11 2.17524e-11 1.24065e-11 7.07297e-12 4.03061e-12 2.29595e-12 1.30733e-12 7.44126e-13 4.234e-13 2.40826e-13 1.36934e-13 7.78358e-14 4.42295e-14 2.51254e-14 1.42689e-14 8.10108e-15 4.5981e-15 2.60916e-15 1.48017e-15 8.39488e-16 4.76008e-16 2.69844e-16 1.52938e-16 8.66605e-17 4.90948e-17 2.78074e-17 1.5747e-17 8.91562e-18 5.04687e-18 2.85636e-18 1.61632e-18 9.14458e-19 5.17282e-19 2.92563e-19 1.6544e-19 9.3539e-20 5.28785e-20 2.98882e-20 1.68911e-20 9.54448e-21 5.39246e-21 3.04623e-21 1.7206e-21 9.71721e-22 5.48716e-22 3.09813e-22 1.74904e-22 9.87293e-23 5.57241e-23 3.14478e-23 1.77455e-23 1.00125e-23 5.64866e-24 3.18643e-24 1.7973e-24 1.01366e-24 5.71635e-25 3.22333e-25 1.8174e-25 1.0246e-25 5.7759e-26 3.25571e-26
0.0374382 0.016705 0.0111648 0.00731538 0.00471942 0.0030069 0.00189617 0.00118545 0.000735662 0.00045363 0.000278164 0.00016973 0.000103112 6.23946e-05 3.7622e-05 2.26118e-05 1.35503e-05 8.09823e-06 4.82782e-06 2.87154e-06 1.70433e-06 1.00956e-06 5.96906e-07 3.52315e-07 2.07611e-07 1.22155e-07 7.17705e-08 4.21109e-08 2.46767e-08 1.44429e-08 8.44346e-09 4.93076e-09 2.87644e-09 1.67636e-09 9.76048e-10 5.67783e-10 3.30004e-10 1.91646e-10 1.11208e-10 6.44826e-11 3.73623e-11 2.16332e-11 1.25175e-11 7.23824e-12 4.1829e-12 2.41581e-12 1.39442e-12 8.04424e-13 4.6381e-13 2.67282e-13 1.5395e-13 8.86293e-14 5.1e-14 2.93335e-14 1.68642e-14 9.69125e-15 5.56689e-15 3.19646e-15 1.83466e-15 1.05263e-15 6.03718e-16 3.46127e-16 1.98374e-16 1.13654e-16 6.50939e-17 3.72696e-17 2.1332e-17 1.22061e-17 6.98214e-18 3.99277e-18 2.28263e-18 1.3046e-18 7.45417e-19 4.25801e-19 2.43165e-19 1.3883e-19 7.9243e-20 4.52201e-20 2.57988e-20 1.47152e-20 8.39144e-21 4.78419e-21 2.72701e-21 1.55408e-21 8.85457e-22 5.04399e-22 2.87273e-22 1.63579e-22 9.3128e-23 5.3009e-23 3.01675e-23 1.71652e-23 9.76525e-24 5.55446e-24 3.15882e-24 1.79612e-24 1.02112e-24 5.80423e-25 3.29872e-25 1.87446e-25 1.06498e-25
0.020905 0.010404 0.00731538 0.00500942 0.00336184 0.00222039 0.00144753 0.000933505 0.0005965 0.000378149 0.000238076 0.000148979 9.27221e-05 5.74293e-05 3.54146e-05 2.17523e-05 1.33122e-05 8.11988e-06 4.93762e-06 2.99402e-06 1.8107e-06 1.09239e-06 6.57523e-07 3.94925e-07 2.36726e-07 1.4163e-07 8.45839e-08 5.043e-08 3.00191e-08 1.78422e-08 1.05895e-08 6.2764e-09 3.71517e-09 2.19639e-09 1.29695e-09 7.64971e-10 4.50709e-10 2.65274e-10 1.55977e-10 9.16245e-11 5.37727e-11 3.15303e-11 1.84724e-11 1.08134e-11 6.32496e-12 3.69675e-12 2.15905e-12 1.26007e-12 7.34902e-13 4.28325e-13 2.4948e-13 1.4522e-13 8.44803e-14 4.91166e-14 2.85399e-14 1.65744e-14 9.62028e-15 5.58099e-15 3.23604e-15 1.87544e-15 1.08638e-15 6.29011e-16 3.64029e-16 2.10582e-16 1.21764e-16 7.03775e-17 4.06602e-17 2.34818e-17 1.35557e-17 7.82256e-18 4.51246e-18 2.60207e-18 1.49992e-18 8.64309e-19 4.97876e-19 2.867e-19 1.65042e-19 9.49779e-20 5.46406e-20 3.1425e-20 1.80678e-20 1.03851e-20 5.96745e-21 3.42804e-21 1.96872e-21 1.13033e-21 6.48799e-22 3.72309e-22 2.13593e-22 1.22507e-22 7.02472e-23 4.0271e-23 2.3081e-23 1.32256e-23 7.57666e-24 4.33953e-24 2.48492e-24 1.42262e-24 8.1428e-25 4.65981e-25 2.66608e-25
0.0116731 0.0064104 0.00471942 0.00336184 0.0023365 0.00159293 0.00106927 0.0007086 0.000464522 0.000301697 0.000194367 0.000124332 7.90317e-05 4.9953e-05 3.14127e-05 1.96625e-05 1.22557e-05 7.60941e-06 4.70776e-06 2.90298e-06 1.7846e-06 1.09395e-06 6.68799e-07 4.07858e-07 2.48143e-07 1.50639e-07 9.12569e-08 5.51746e-08 3.32968e-08 2.00584e-08 1.20632e-08 7.2432e-09 4.34248e-09 2.59963e-09 1.55411e-09 9.27844e-10 5.5324e-10 3.29475e-10 1.95984e-10 1.16447e-10 6.91143e-11 4.09782e-11 2.42718e-11 1.43625e-11 8.49086e-12 5.01512e-12 2.9596e-12 1.74509e-12 1.02813e-12 6.05251e-13 3.56033e-13 2.09278e-13 1.22926e-13 7.21541e-14 4.23238e-14 2.48097e-14 1.45339e-14 8.50885e-15 4.97849e-15 2.91118e-15 1.70134e-15 9.93739e-16 5.80118e-16 3.38478e-16 1.97388e-16 1.15051e-16 6.70269e-17 3.903e-17 2.27166e-17 1.32157e-17 7.68501e-18 4.46692e-18 2.59529e-18 1.50724e-18 8.74987e-19 5.07747e-19 2.94526e-19 1.70779e-19 9.89877e-20 5.73547e-20 3.32201e-20 1.92344e-20 1.11329e-20 6.44155e-21 3.72588e-21 2.1544e-21 1.24533e-21 7.19624e-22 4.15714e-22 2.40078e-22 1.38606e-22 7.9999e-23 4.61598e-23 2.66269e-23 1.53553e-23 8.85278e-24 5.10252e-24 2.94019e-24 1.69378e-24 9.75498e-25 5.6168e-25
0.0065181 0.00391503 0.0030069 0.00222039 0.00159293 0.0011176 0.000770239 0.000523107 0.000350909 0.000232923 0.000153198 9.99535e-05 6.47507e-05 4.16791e-05 2.66743e-05 1.69825e-05 1.07607e-05 6.78866e-06 4.2656e-06 2.67031e-06 1.66587e-06 1.03592e-06 6.42248e-07 3.97061e-07 2.44829e-07 1.50587e-07 9.24041e-08 5.65757e-08 3.45664e-08 2.10771e-08 1.28276e-08 7.79277e-09 4.72597e-09 2.86138e-09 1.72973e-09 1.04406e-09 6.29285e-10 3.78764e-10 2.27674e-10 1.36679e-10 8.1952e-11 4.90798e-11 2.93596e-11 1.75437e-11 1.04721e-11 6.2445e-12 3.71991e-12 2.21387e-12 1.31634e-12 7.8198e-13 4.64135e-13 2.7525e-13 1.631e-13 9.65685e-14 5.71323e-14 3.37756e-14 1.9953e-14 1.17789e-14 6.94867e-15 4.09645e-15 2.4134e-15 1.42094e-15 8.36084e-16 4.91657e-16 2.88947e-16 1.69717e-16 9.96293e-17 5.84535e-17 3.42769e-17 2.00893e-17 1.17681e-17 6.89017e-18 4.0322e-18 2.35855e-18 1.37894e-18 8.05836e-19 4.7071e-19 2.74833e-19 1.60398e-19 9.35715e-20 5.45645e-20 3.18054e-20 1.85319e-20 1.07937e-20 6.28424e-21 3.65741e-21 2.12782e-21 1.23749e-21 7.19435e-22 4.18112e-22 2.4291e-22 1.41076e-22 8.1906e-23 4.75378e-23 2.7582e-23 1.59983e-23 9.27666e-24 5.37746e-24 3.11626e-24 1.80536e-24 1.04561e-24
0.00363962 0.00237347 0.00189617 0.00144753 0.00106927 0.000770239 0.000543846 0.000377756 0.000258811 0.000175253 0.000117474 7.80458e-05 5.14438e-05 3.36709e-05 2.18987e-05 1.41605e-05 9.1088e-06 5.83111e-06 3.71634e-06 2.35884e-06 1.49151e-06 9.39758e-07 5.90154e-07 3.6946e-07 2.30623e-07 1.43563e-07 8.91374e-08 5.52093e-08 3.41158e-08 2.1035e-08 1.29425e-08 7.94745e-09 4.87092e-09 2.97993e-09 1.81989e-09 1.10959e-09 6.75446e-10 4.10538e-10 2.49159e-10 1.51004e-10 9.13925e-11 5.52413e-11 3.3348e-11 2.0107e-11 1.21092e-11 7.28434e-12 4.37712e-12 2.6274e-12 1.5755e-12 9.43793e-13 5.64829e-13 3.37715e-13 2.01739e-13 1.20406e-13 7.18011e-14 4.27813e-14 2.54698e-14 1.51515e-14 9.00641e-15 5.34964e-15 3.17528e-15 1.88335e-15 1.1163e-15 6.61209e-16 3.91391e-16 2.31529e-16 1.36876e-16 8.08692e-17 4.77508e-17 2.81789e-17 1.66196e-17 9.79659e-18 5.77155e-18 3.39842e-18 2.00003e-18 1.17645e-18 6.9166e-19 4.06442e-19 2.38724e-19 1.40149e-19 8.224e-20 4.8237e-20 2.82803e-20 1.65729e-20 9.708e-21 5.68431e-21 3.32696e-21 1.94645e-21 1.13832e-21 6.65456e-22 3.88873e-22 2.27161e-22 1.32647e-22 7.74295e-23 4.51814e-23 2.63549e-23 1.53679e-23 8.95815e-24 5.2201e-24 3.04087e-24 1.77083e-24
0.00203232 0.00142994 0.00118545 0.000933505 0.0007086 0.000523107 0.000377756 0.000267932 0.000187202 0.000129134 8.80969e-05 5.95209e-05 3.98703e-05 2.65032e-05 1.74964e-05 1.14784e-05 7.48748e-06 4.85867e-06 3.13768e-06 2.01727e-06 1.29159e-06 8.23781e-07 5.23524e-07 3.31587e-07 2.09355e-07 1.31787e-07 8.27256e-08 5.17906e-08 3.2342e-08 2.01485e-08 1.25236e-08 7.7674e-09 4.80754e-09 2.96971e-09 1.83098e-09 1.12686e-09 6.9231e-10 4.24631e-10 2.60033e-10 1.58993e-10 9.70701e-11 5.918e-11 3.60304e-11 2.19072e-11 1.3303e-11 8.06819e-12 4.88747e-12 2.95726e-12 1.78734e-12 1.07909e-12 6.50799e-13 3.92098e-13 2.36001e-13 1.4191e-13 8.52527e-14 5.11692e-14 3.06849e-14 1.83852e-14 1.10065e-14 6.58378e-15 3.93511e-15 2.35019e-15 1.40256e-15 8.36412e-16 4.98433e-16 2.96818e-16 1.76635e-16 1.05044e-16 6.24285e-17 3.70781e-17 2.20081e-17 1.30551e-17 7.73963e-18 4.5857e-18 2.71546e-18 1.60708e-18 9.50593e-19 5.61976e-19 3.32057e-19 1.96103e-19 1.15754e-19 6.82921e-20 4.02713e-20 2.37363e-20 1.39839e-20 8.23462e-21 4.84689e-21 2.85161e-21 1.67698e-21 9.85785e-22 5.79233e-22 3.40209e-22 1.99739e-22 1.17221e-22 6.87671e-23 4.03263e-23 2.36391e-23 1.3852e-23 8.114e-24 4.75118e-24 2.78109e-24
0.00113482 0.000856877 0.000735662 0.0005965 0.000464522 0.000350909 0.000258811 0.000187202 0.000133225 9.35097e-05 6.48553e-05 4.45142e-05 3.02718e-05 2.04171e-05 1.36687e-05 9.08942e-06 6.00736e-06 3.94811e-06 2.58136e-06 1.67969e-06 1.08814e-06 7.02005e-07 4.51147e-07 2.88885e-07 1.84355e-07 1.17271e-07 7.43733e-08 4.70327e-08 2.96625e-08 1.86594e-08 1.17091e-08 7.33062e-09 4.57923e-09 2.85445e-09 1.7757e-09 1.10249e-09 6.83237e-10 4.2266e-10 2.61015e-10 1.60924e-10 9.90577e-11 6.08821e-11 3.73637e-11 2.28977e-11 1.40132e-11 8.56451e-12 5.2277e-12 3.18697e-12 1.94054e-12 1.18021e-12 7.16976e-13 4.35084e-13 2.63741e-13 1.5971e-13 9.66164e-14 5.83907e-14 3.52552e-14 2.12667e-14 1.2817e-14 7.71775e-15 4.64326e-15 2.79122e-15 1.67653e-15 1.0062e-15 6.03419e-16 3.61599e-16 2.16528e-16 1.29565e-16 7.7474e-17 4.6294e-17 2.7644e-17 1.64964e-17 9.83785e-18 5.86322e-18 3.49224e-18 2.07878e-18 1.23668e-18 7.35279e-19 4.36919e-19 2.59482e-19 1.5402e-19 9.13719e-20 5.41777e-20 3.21074e-20 1.90182e-20 1.12595e-20 6.66276e-21 3.94079e-21 2.32974e-21 1.37667e-21 8.13126e-22 4.80055e-22 2.83292e-22 1.67105e-22 9.85284e-23 5.80701e-23 3.4211e-23 2.01467e-23 1.18596e-23 6.97856e-24 4.10483e-24
0.000633669 0.00051109 0.00045363 0.000378149 0.000301697 0.000232923 0.000175253 0.000129134 9.35097e-05 6.67199e-05 4.70019e-05 3.27441e-05 2.25875e-05 1.54447e-05 1.04775e-05 7.05697e-06 4.72218e-06 3.141e-06 2.07777e-06 1.36746e-06 8.95737e-07 5.8416e-07 3.794e-07 2.45464e-07 1.58236e-07 1.01658e-07 6.50998e-08 4.1562e-08 2.64581e-08 1.67971e-08 1.06359e-08 6.71801e-09 4.23329e-09 2.66155e-09 1.66975e-09 1.04537e-09 6.53171e-10 4.07339e-10 2.53566e-10 1.57566e-10 9.77453e-11 6.05372e-11 3.74339e-11 2.31125e-11 1.42493e-11 8.7725e-12 5.39334e-12 3.31143e-12 2.03056e-12 1.24358e-12 7.6069e-13 4.64764e-13 2.83637e-13 1.72907e-13 1.05292e-13 6.40511e-14 3.89238e-14 2.36306e-14 1.43323e-14 8.68461e-15 5.2576e-15 3.18007e-15 1.92181e-15 1.16042e-15 7.00099e-16 4.2204e-16 2.54217e-16 1.53011e-16 9.20261e-17 5.53071e-17 3.32153e-17 1.99337e-17 1.19547e-17 7.1647e-18 4.29111e-18 2.56838e-18 1.5363e-18 9.18375e-19 5.48657e-19 3.27584e-19 1.95475e-19 1.16576e-19 6.94839e-20 4.13922e-20 2.46443e-20 1.46651e-20 8.72221e-21 5.18495e-21 3.08066e-21 1.82949e-21 1.08593e-21 6.44271e-22 3.82059e-22 2.2646e-22 1.3417e-22 7.94559e-23 4.70333e-23 2.7829e-23 1.64591e-23 9.7304e-24 5.75013e-24
0.000353833 0.000303601 0.000278164 0.000238076 0.000194367 0.000153198 0.000117474 8.80969e-05 6.48553e-05 4.70019e-05 3.36054e-05 2.37448e-05 1.66031e-05 1.15017e-05 7.90123e-06 5.38681e-06 3.64725e-06 2.45385e-06 1.64134e-06 1.09196e-06 7.22843e-07 4.76275e-07 3.1245e-07 2.04143e-07 1.32869e-07 8.61679e-08 5.56916e-08 3.58786e-08 2.30439e-08 1.47577e-08 9.42503e-09 6.00356e-09 3.81459e-09 2.41795e-09 1.52917e-09 9.64964e-10 6.07653e-10 3.81878e-10 2.39526e-10 1.49959e-10 9.37157e-11 5.84659e-11 3.64141e-11 2.26432e-11 1.40583e-11 8.71514e-12 5.39493e-12 3.33493e-12 2.05871e-12 1.26921e-12 7.81472e-13 4.80568e-13 2.9517e-13 1.81085e-13 1.10968e-13 6.79252e-14 4.15334e-14 2.53693e-14 1.54802e-14 9.43656e-15 5.74684e-15 3.49651e-15 2.12539e-15 1.29079e-15 7.83227e-16 4.74842e-16 2.87638e-16 1.74096e-16 1.0529e-16 6.3627e-17 3.84208e-17 2.31828e-17 1.39781e-17 8.42206e-18 5.07089e-18 3.05107e-18 1.83454e-18 1.10234e-18 6.61951e-19 3.97246e-19 2.38245e-19 1.42798e-19 8.55385e-20 5.1209e-20 3.06394e-20 1.83219e-20 1.09501e-20 6.54077e-21 3.90488e-21 2.33001e-21 1.38958e-21 8.28303e-22 4.93489e-22 2.93868e-22 1.74911e-22 1.04058e-22 6.18776e-23 3.67782e-23 2.185e-23 1.29753e-23 7.70185e-24
0.000197576 0.000179698 0.00016973 0.000148979 0.000124332 9.99535e-05 7.80458e-05 5.95209e-05 4.45142e-05 3.27441e-05 2.37448e-05 1.70055e-05 1.20456e-05 8.449e-06 5.87419e-06 4.05155e-06 2.77417e-06 1.8869e-06 1.27556e-06 8.57411e-07 5.73313e-07 3.81475e-07 2.52669e-07 1.66638e-07 1.09458e-07 7.16265e-08 4.67029e-08 3.03489e-08 1.96583e-08 1.26949e-08 8.1743e-09 5.24897e-09 3.36166e-09 2.14754e-09 1.36862e-09 8.70212e-10 5.52087e-10 3.49517e-10 2.20823e-10 1.39242e-10 8.76345e-11 5.50543e-11 3.45259e-11 2.16155e-11 1.35106e-11 8.43135e-12 5.25359e-12 3.26868e-12 2.03079e-12 1.25996e-12 7.80657e-13 4.83056e-13 2.98526e-13 1.8426e-13 1.13595e-13 6.99493e-14 4.30242e-14 2.6434e-14 1.62235e-14 9.94658e-15 6.09198e-15 3.72744e-15 2.27846e-15 1.39142e-15 8.48939e-16 5.17489e-16 3.15169e-16 1.91783e-16 1.16603e-16 7.0836e-17 4.29979e-17 2.60794e-17 1.58057e-17 9.57195e-18 5.7925e-18 3.50282e-18 2.1167e-18 1.27821e-18 7.7134e-19 4.65157e-19 2.8033e-19 1.68834e-19 1.01619e-19 6.11255e-20 3.67456e-20 2.20764e-20 1.32556e-20 7.95459e-21 4.7708e-21 2.85972e-21 1.71325e-21 1.02585e-21 6.13925e-22 3.67218e-22 2.19538e-22 1.31183e-22 7.83489e-23 4.6771e-23 2.7907e-23 1.66435e-23 9.92145e-24
0.000110324 0.00010602 0.000103112 9.27221e-05 7.90317e-05 6.47507e-05 5.14438e-05 3.98703e-05 3.02718e-05 2.25875e-05 1.66031e-05 1.20456e-05 8.63881e-06 6.13209e-06 4.31266e-06 3.00777e-06 2.08177e-06 1.43082e-06 9.77119e-07 6.6333e-07 4.47834e-07 3.00799e-07 2.01073e-07 1.33807e-07 8.86689e-08 5.85247e-08 3.84838e-08 2.5216e-08 1.6467e-08 1.07193e-08 6.95664e-09 4.50171e-09 2.90508e-09 1.8698e-09 1.20043e-09 7.6883e-10 4.91268e-10 3.13215e-10 1.99269e-10 1.26516e-10 8.01663e-11 5.07004e-11 3.20061e-11 2.0169e-11 1.2688e-11 7.96858e-12 4.99659e-12 3.12818e-12 1.9555e-12 1.22065e-12 7.60875e-13 4.73629e-13 2.94432e-13 1.82798e-13 1.13347e-13 7.0197e-14 4.34221e-14 2.68287e-14 1.65576e-14 1.02075e-14 6.28605e-15 3.86706e-15 2.37652e-15 1.45905e-15 8.9491e-16 5.48373e-16 3.35714e-16 2.05339e-16 1.25484e-16 7.66179e-17 4.67417e-17 2.84918e-17 1.73533e-17 1.05609e-17 6.42219e-18 3.90243e-18 2.36953e-18 1.43771e-18 8.71709e-19 5.28161e-19 3.19788e-19 1.93492e-19 1.16998e-19 7.06984e-20 4.26937e-20 2.57659e-20 1.55404e-20 9.36727e-21 5.64297e-21 3.39741e-21 2.04428e-21 1.22938e-21 7.38912e-22 4.43877e-22 2.66501e-22 1.59921e-22 9.59155e-23 5.74976e-23 3.44502e-23 2.0631e-23 1.23491e-23
6.16033e-05 6.23717e-05 6.23946e-05 5.74293e-05 4.9953e-05 4.16791e-05 3.36709e-05 2.65032e-05 2.04171e-05 1.54447e-05 1.15017e-05 8.449e-06 6.13209e-06 4.40294e-06 3.13098e-06 2.2071e-06 1.5435e-06 1.07157e-06 7.38969e-07 5.06451e-07 3.45105e-07 2.33904e-07 1.57744e-07 1.05885e-07 7.0762e-08 4.70942e-08 3.12202e-08 2.06203e-08 1.35717e-08 8.90277e-09 5.82159e-09 3.79531e-09 2.4672e-09 1.59944e-09 1.03416e-09 6.66985e-10 4.29136e-10 2.75465e-10 1.7643e-10 1.12758e-10 7.19158e-11 4.57762e-11 2.90818e-11 1.84417e-11 1.16735e-11 7.37656e-12 4.65349e-12 2.9309e-12 1.84307e-12 1.15724e-12 7.25542e-13 4.54235e-13 2.83985e-13 1.77306e-13 1.10556e-13 6.88472e-14 4.28204e-14 2.66005e-14 1.65051e-14 1.02293e-14 6.33271e-15 3.91615e-15 2.41917e-15 1.49288e-15 9.20322e-16 5.66795e-16 3.48732e-16 2.14362e-16 1.31644e-16 8.07726e-17 4.95156e-17 3.0328e-17 1.856e-17 1.13489e-17 6.93386e-18 4.23304e-18 2.5822e-18 1.57397e-18 9.58691e-19 5.83501e-19 3.54888e-19 2.15692e-19 1.31002e-19 7.95105e-20 4.8226e-20 2.92317e-20 1.7707e-20 1.07192e-20 6.48503e-21 3.92098e-21 2.36928e-21 1.43081e-21 8.63569e-22 5.20911e-22 3.14041e-22 1.89221e-22 1.13951e-22 6.85856e-23 4.12591e-23 2.48075e-23 1.49082e-23
3.43985e-05 3.65983e-05 3.7622e-05 3.54146e-05 3.14127e-05 2.66743e-05 2.18987e-05 1.74964e-05 1.36687e-05 1.04775e-05 7.90123e-06 5.87419e-06 4.31266e-06 3.13098e-06 2.25035e-06 1.60275e-06 1.1321e-06 7.93617e-07 5.52466e-07 3.8212e-07 2.62721e-07 1.79627e-07 1.22177e-07 8.2697e-08 5.57188e-08 3.73802e-08 2.49755e-08 1.66232e-08 1.10238e-08 7.28529e-09 4.79878e-09 3.15102e-09 2.06288e-09 1.34665e-09 8.7669e-10 5.69248e-10 3.68694e-10 2.38223e-10 1.53566e-10 9.87731e-11 6.33944e-11 4.06036e-11 2.59545e-11 1.65586e-11 1.05445e-11 6.7027e-12 4.25321e-12 2.69434e-12 1.70404e-12 1.07602e-12 6.7841e-13 4.27089e-13 2.68483e-13 1.68541e-13 1.05657e-13 6.61481e-14 4.13593e-14 2.58275e-14 1.61087e-14 1.0035e-14 6.24412e-15 3.88088e-15 2.4094e-15 1.49423e-15 9.25696e-16 5.7289e-16 3.5419e-16 2.18763e-16 1.34988e-16 8.32157e-17 5.12527e-17 3.15382e-17 1.93898e-17 1.19107e-17 7.31023e-18 4.48298e-18 2.74694e-18 1.68185e-18 1.02893e-18 6.29001e-19 3.84231e-19 2.34538e-19 1.43061e-19 8.72007e-20 5.3115e-20 3.23309e-20 1.96665e-20 1.1955e-20 7.26259e-21 4.40917e-21 2.67516e-21 1.6221e-21 9.82971e-22 5.95315e-22 3.60328e-22 2.17972e-22 1.31782e-22 7.96288e-23 4.80891e-23 2.90261e-23 1.75105e-23
1.92077e-05 2.14248e-05 2.26118e-05 2.17523e-05 1.96625e-05 1.69825e-05 1.41605e-05 1.14784e-05 9.08942e-06 7.05697e-06 5.38681e-06 4.05155e-06 3.00777e-06 2.2071e-06 1.60275e-06 1.15295e-06 8.22284e-07 5.81856e-07 4.08757e-07 2.85239e-07 1.97815e-07 1.36395e-07 9.35398e-08 6.38261e-08 4.33449e-08 2.93046e-08 1.97288e-08 1.32292e-08 8.83735e-09 5.88237e-09 3.9021e-09 2.58008e-09 1.70067e-09 1.11768e-09 7.32462e-10 4.7871e-10 3.12053e-10 2.02908e-10 1.31621e-10 8.51823e-11 5.50055e-11 3.5443e-11 2.27907e-11 1.46257e-11 9.36781e-12 5.98893e-12 3.82187e-12 2.43469e-12 1.54838e-12 9.83099e-13 6.23198e-13 3.94442e-13 2.49281e-13 1.57312e-13 9.9133e-14 6.23844e-14 3.92059e-14 2.46071e-14 1.54246e-14 9.65677e-15 6.03843e-15 3.77141e-15 2.3528e-15 1.46615e-15 9.12632e-16 5.67477e-16 3.5249e-16 2.18727e-16 1.35588e-16 8.39691e-17 5.19518e-17 3.21126e-17 1.98314e-17 1.2236e-17 7.54307e-18 4.64602e-18 2.85922e-18 1.75815e-18 1.08022e-18 6.63169e-19 4.06815e-19 2.49366e-19 1.5274e-19 9.34864e-20 5.71781e-20 3.49464e-20 2.13439e-20 1.3027e-20 7.94559e-21 4.84306e-21 2.95006e-21 1.79583e-21 1.09251e-21 6.64228e-22 4.03595e-22 2.45083e-22 1.4874e-22 9.0217e-23 5.46893e-23 3.31339e-23 2.00634e-23
1.07253e-05 1.25155e-05 1.35503e-05 1.33122e-05 1.22557e-05 1.07607e-05 9.1088e-06 7.48748e-06 6.00736e-06 4.72218e-06 3.64725e-06 2.77417e-06 2.08177e-06 1.5435e-06 1.1321e-06 8.22284e-07 5.91962e-07 4.22696e-07 2.99578e-07 2.10855e-07 1.47459e-07 1.02509e-07 7.08643e-08 4.87328e-08 3.3349e-08 2.27161e-08 1.5406e-08 1.04053e-08 7.0003e-09 4.6921e-09 3.13388e-09 2.08611e-09 1.38419e-09 9.15639e-10 6.03918e-10 3.97201e-10 2.60539e-10 1.70456e-10 1.11243e-10 7.24257e-11 4.7045e-11 3.04909e-11 1.97196e-11 1.2727e-11 8.19766e-12 5.27004e-12 3.38164e-12 2.16598e-12 1.38491e-12 8.83994e-13 5.6333e-13 3.58411e-13 2.2768e-13 1.44415e-13 9.1467e-14 5.7849e-14 3.65362e-14 2.30444e-14 1.45155e-14 9.13155e-15 5.73736e-15 3.6004e-15 2.25669e-15 1.41282e-15 8.83508e-16 5.5189e-16 3.4437e-16 2.14653e-16 1.3366e-16 8.31426e-17 5.16674e-17 3.20767e-17 1.98953e-17 1.23284e-17 7.63257e-18 4.72114e-18 2.91771e-18 1.80164e-18 1.11155e-18 6.85221e-19 4.22068e-19 2.59771e-19 1.59758e-19 9.81749e-20 6.02857e-20 3.69921e-20 2.26824e-20 1.38983e-20 8.51004e-21 5.20719e-21 3.18407e-21 1.94569e-21 1.18818e-21 7.25127e-22 4.42253e-22 2.69562e-22 1.64203e-22 9.99641e-23 6.08205e-23 3.69831e-23 2.24754e-23
5.98888e-06 7.29679e-06 8.09823e-06 8.11988e-06 7.60941e-06 6.78866e-06 5.83111e-06 4.85867e-06 3.94811e-06 3.141e-06 2.45385e-06 1.8869e-06 1.43082e-06 1.07157e-06 7.93617e-07 5.81856e-07 4.22696e-07 3.04501e-07 2.17665e-07 1.54485e-07 1.08919e-07 7.632e-08 5.31706e-08 3.68434e-08 2.54006e-08 1.74283e-08 1.19045e-08 8.09677e-09 5.48479e-09 3.7012e-09 2.48852e-09 1.66737e-09 1.11348e-09 7.41235e-10 4.91943e-10 3.25548e-10 2.14835e-10 1.41396e-10 9.28224e-11 6.07851e-11 3.97108e-11 2.58836e-11 1.68337e-11 1.09247e-11 7.07529e-12 4.57312e-12 2.95014e-12 1.8996e-12 1.22095e-12 7.83372e-13 5.01765e-13 3.2086e-13 2.04849e-13 1.3058e-13 8.31112e-14 5.28206e-14 3.35215e-14 2.1244e-14 1.3445e-14 8.49779e-15 5.36403e-15 3.38166e-15 2.12928e-15 1.33911e-15 8.4118e-16 5.27795e-16 3.30792e-16 2.07096e-16 1.29516e-16 8.09131e-17 5.04977e-17 3.1484e-17 1.96102e-17 1.22027e-17 7.5862e-18 4.71185e-18 2.92393e-18 1.81283e-18 1.12298e-18 6.95053e-19 4.29834e-19 2.656e-19 1.63986e-19 1.01168e-19 6.23649e-20 3.84157e-20 2.36458e-20 1.45439e-20 8.93907e-21 5.49032e-21 3.36977e-21 2.06683e-21 1.26683e-21 7.75965e-22 4.7499e-22 2.90568e-22 1.77639e-22 1.08532e-22 6.62693e-23 4.04395e-23 2.46628e-23
3.34411e-06 4.24658e-06 4.82782e-06 4.93762e-06 4.70776e-06 4.2656e-06 3.71634e-06 3.13768e-06 2.58136e-06 2.07777e-06 1.64134e-06 1.27556e-06 9.77119e-07 7.38969e-07 5.52466e-07 4.08757e-07 2.99578e-07 2.17665e-07 1.56894e-07 1.12259e-07 7.97759e-08 5.63325e-08 3.95426e-08 2.7603e-08 1.9168e-08 1.32452e-08 9.11016e-09 6.23856e-09 4.25437e-09 2.88981e-09 1.95556e-09 1.31862e-09 8.86102e-10 5.93513e-10 3.96298e-10 2.63824e-10 1.75131e-10 1.15935e-10 7.65453e-11 5.041e-11 3.3117e-11 2.1705e-11 1.41932e-11 9.2607e-12 6.02955e-12 3.91773e-12 2.54051e-12 1.64426e-12 1.06221e-12 6.84959e-13 4.40917e-13 2.83342e-13 1.8178e-13 1.16435e-13 7.44632e-14 4.75489e-14 3.03178e-14 1.93031e-14 1.2273e-14 7.79253e-15 4.94115e-15 3.12905e-15 1.979e-15 1.2501e-15 7.88706e-16 4.9702e-16 3.12847e-16 1.96698e-16 1.23535e-16 7.75017e-17 4.85707e-17 3.04081e-17 1.9018e-17 1.18826e-17 7.41712e-18 4.62538e-18 2.88174e-18 1.79377e-18 1.11555e-18 6.93158e-19 4.30329e-19 2.66933e-19 1.65441e-19 1.02454e-19 6.33975e-20 3.91987e-20 2.4218e-20 1.49511e-20 9.22333e-21 5.6857e-21 3.50242e-21 2.15598e-21 1.32623e-21 8.15264e-22 5.00824e-22 3.07457e-22 1.88625e-22 1.15648e-22 7.08602e-23 4.33908e-23 2.65538e-23
1.86731e-06 2.46737e-06 2.87154e-06 2.99402e-06 2.90298e-06 2.67031e-06 2.35884e-06 2.01727e-06 1.67969e-06 1.36746e-06 1.09196e-06 8.57411e-07 6.6333e-07 5.06451e-07 3.8212e-07 2.85239e-07 2.10855e-07 1.54485e-07 1.12259e-07 8.09595e-08 5.79775e-08 4.12485e-08 2.91678e-08 2.05075e-08 1.43412e-08 9.97841e-09 6.90974e-09 4.7632e-09 3.26947e-09 2.23506e-09 1.52203e-09 1.03266e-09 6.98173e-10 4.70449e-10 3.15986e-10 2.11586e-10 1.41262e-10 9.40446e-11 6.24397e-11 4.13476e-11 2.73115e-11 1.79964e-11 1.18306e-11 7.75972e-12 5.07851e-12 3.31671e-12 2.16168e-12 1.40609e-12 9.12859e-13 5.91542e-13 3.82634e-13 2.4707e-13 1.59264e-13 1.02494e-13 6.58536e-14 4.22456e-14 2.70597e-14 1.73069e-14 1.10533e-14 7.04937e-15 4.48967e-15 2.8556e-15 1.8139e-15 1.15074e-15 7.29119e-16 4.61417e-16 2.91657e-16 1.8414e-16 1.16126e-16 7.31525e-17 4.60317e-17 2.8935e-17 1.81693e-17 1.13975e-17 7.14248e-18 4.4716e-18 2.79679e-18 1.74763e-18 1.09104e-18 6.80513e-19 4.24081e-19 2.64048e-19 1.64266e-19 1.02105e-19 6.34146e-20 3.93532e-20 2.44021e-20 1.51194e-20 9.36075e-21 5.79107e-21 3.58002e-21 2.21155e-21 1.3652e-21 8.42151e-22 5.19139e-22 3.19802e-22 1.96873e-22 1.21117e-22 7.44635e-23 4.57512e-23 2.80924e-23
1.04268e-06 1.43142e-06 1.70433e-06 1.8107e-06 1.7846e-06 1.66587e-06 1.49151e-06 1.29159e-06 1.08814e-06 8.95737e-07 7.22843e-07 5.73313e-07 4.47834e-07 3.45105e-07 2.62721e-07 1.97815e-07 1.47459e-07 1.08919e-07 7.97759e-08 5.79775e-08 4.18321e-08 2.99806e-08 2.13523e-08 1.5118e-08 1.0645e-08 7.45654e-09 5.19754e-09 3.60615e-09 2.49102e-09 1.71356e-09 1.17407e-09 8.01398e-10 5.45047e-10 3.69422e-10 2.49562e-10 1.68059e-10 1.12831e-10 7.55324e-11 5.04224e-11 3.35696e-11 2.22917e-11 1.47658e-11 9.75722e-12 6.43257e-12 4.23124e-12 2.7772e-12 1.81901e-12 1.18899e-12 7.7565e-13 5.05037e-13 3.28227e-13 2.12934e-13 1.37897e-13 8.91514e-14 5.75418e-14 3.70801e-14 2.38572e-14 1.53262e-14 9.83124e-15 6.29728e-15 4.02796e-15 2.57289e-15 1.64125e-15 1.04558e-15 6.65253e-16 4.2274e-16 2.68306e-16 1.70086e-16 1.07696e-16 6.81139e-17 4.30316e-17 2.71559e-17 1.71189e-17 1.07804e-17 6.78182e-18 4.26208e-18 2.67589e-18 1.6784e-18 1.05175e-18 6.58456e-19 4.11855e-19 2.57379e-19 1.60702e-19 1.00252e-19 6.24886e-20 3.89176e-20 2.4218e-20 1.50585e-20 9.3558e-21 5.80825e-21 3.60312e-21 2.23351e-21 1.38349e-21 8.56349e-22 5.29683e-22 3.27399e-22 2.02227e-22 1.24826e-22 7.69983e-23 4.74648e-23 2.92402e-23
5.8222e-07 8.2926e-07 1.00956e-06 1.09239e-06 1.09395e-06 1.03592e-06 9.39758e-07 8.23781e-07 7.02005e-07 5.8416e-07 4.76275e-07 3.81475e-07 3.00799e-07 2.33904e-07 1.79627e-07 1.36395e-07 1.02509e-07 7.632e-08 5.63325e-08 4.12485e-08 2.99806e-08 2.16409e-08 1.55208e-08 1.10645e-08 7.84315e-09 5.53008e-09 3.87959e-09 2.70877e-09 1.88277e-09 1.30306e-09 8.98175e-10 6.16697e-10 4.21867e-10 2.87569e-10 1.95362e-10 1.32291e-10 8.93037e-11 6.01054e-11 4.03378e-11 2.69968e-11 1.80202e-11 1.19976e-11 7.96813e-12 5.27938e-12 3.48986e-12 2.30179e-12 1.51491e-12 9.94953e-13 6.52137e-13 4.26603e-13 2.78536e-13 1.81526e-13 1.1809e-13 7.66892e-14 4.97185e-14 3.218e-14 2.07949e-14 1.34168e-14 8.64328e-15 5.55987e-15 3.57127e-15 2.2907e-15 1.46729e-15 9.38599e-16 5.99618e-16 3.82571e-16 2.43784e-16 1.55156e-16 9.863e-17 6.26242e-17 3.97171e-17 2.51609e-17 1.5922e-17 1.00647e-17 6.35551e-18 4.00912e-18 2.52644e-18 1.59052e-18 1.00034e-18 6.28549e-19 3.94571e-19 2.47465e-19 1.55064e-19 9.70784e-20 6.07236e-20 3.79509e-20 2.36986e-20 1.47865e-20 9.21847e-21 5.74256e-21 3.57448e-21 2.22324e-21 1.38175e-21 8.5813e-22 5.32546e-22 3.30255e-22 2.0466e-22 1.2674e-22 7.8433e-23 4.85053e-23 2.99771e-23
3.25104e-07 4.79784e-07 5.96906e-07 6.57523e-07 6.68799e-07 6.42248e-07 5.90154e-07 5.23524e-07 4.51147e-07 3.794e-07 3.1245e-07 2.52669e-07 2.01073e-07 1.57744e-07 1.22177e-07 9.35398e-08 7.08643e-08 5.31706e-08 3.95426e-08 2.91678e-08 2.13523e-08 1.55208e-08 1.12078e-08 8.04338e-09 5.73901e-09 4.0725e-09 2.87505e-09 2.01981e-09 1.41243e-09 9.83376e-10 6.81802e-10 4.70836e-10 3.23917e-10 2.22036e-10 1.51673e-10 1.03264e-10 7.00825e-11 4.74178e-11 3.19887e-11 2.15191e-11 1.44368e-11 9.65997e-12 6.44737e-12 4.29268e-12 2.85134e-12 1.88963e-12 1.24953e-12 8.24493e-13 5.42909e-13 3.56775e-13 2.33999e-13 1.53184e-13 1.00095e-13 6.52885e-14 4.25115e-14 2.76339e-14 1.79334e-14 1.16195e-14 7.51686e-15 4.85539e-15 3.13162e-15 2.0169e-15 1.29714e-15 8.33091e-16 5.34335e-16 3.42266e-16 2.18956e-16 1.39896e-16 8.92728e-17 5.69e-17 3.62239e-17 2.30345e-17 1.4631e-17 9.28306e-18 5.88354e-18 3.725e-18 2.35594e-18 1.48854e-18 9.39559e-19 5.92465e-19 3.73237e-19 2.34908e-19 1.4771e-19 9.27958e-20 5.82452e-20 3.65268e-20 2.28871e-20 1.43285e-20 8.963e-21 5.6021e-21 3.49865e-21 2.18327e-21 1.36137e-21 8.48235e-22 5.28116e-22 3.28566e-22 2.04268e-22 1.26901e-22 7.8782e-23 4.88751e-23 3.03006e-23
1.81534e-07 2.7725e-07 3.52315e-07 3.94925e-07 4.07858e-07 3.97061e-07 3.6946e-07 3.31587e-07 2.88885e-07 2.45464e-07 2.04143e-07 1.66638e-07 1.33807e-07 1.05885e-07 8.2697e-08 6.38261e-08 4.87328e-08 3.68434e-08 2.7603e-08 2.05075e-08 1.5118e-08 1.10645e-08 8.04338e-09 5.81027e-09 4.17228e-09 2.97935e-09 2.1163e-09 1.49576e-09 1.05219e-09 7.36844e-10 5.13808e-10 3.56828e-10 2.46849e-10 1.70134e-10 1.16845e-10 7.99753e-11 5.45613e-11 3.71069e-11 2.51604e-11 1.70108e-11 1.14689e-11 7.71177e-12 5.17202e-12 3.46003e-12 2.30914e-12 1.53747e-12 1.02136e-12 6.77021e-13 4.4782e-13 2.95604e-13 1.94738e-13 1.28042e-13 8.40297e-14 5.50454e-14 3.59945e-14 2.34964e-14 1.53121e-14 9.96219e-15 6.47116e-15 4.19695e-15 2.71785e-15 1.75742e-15 1.13474e-15 7.31655e-16 4.71105e-16 3.02932e-16 1.94537e-16 1.24767e-16 7.99195e-17 5.11295e-17 3.26715e-17 2.08523e-17 1.32935e-17 8.46512e-18 5.38453e-18 3.42131e-18 2.17157e-18 1.37691e-18 8.72154e-19 5.51881e-19 3.48876e-19 2.20333e-19 1.39019e-19 8.76332e-20 5.51906e-20 3.47275e-20 2.18323e-20 1.37135e-20 8.60658e-21 5.39696e-21 3.38151e-21 2.11701e-21 1.32431e-21 8.27781e-22 5.17022e-22 3.22681e-22 2.01241e-22 1.25412e-22 7.80999e-23 4.86019e-23 3.0224e-23
1.01366e-07 1.60031e-07 2.07611e-07 2.36726e-07 2.48143e-07 2.44829e-07 2.30623e-07 2.09355e-07 1.84355e-07 1.58236e-07 1.32869e-07 1.09458e-07 8.86689e-08 7.0762e-08 5.57188e-08 4.33449e-08 3.3349e-08 2.54006e-08 1.9168e-08 1.43412e-08 1.0645e-08 7.84315e-09 5.73901e-09 4.17228e-09 3.0149e-09 2.16614e-09 1.54795e-09 1.10055e-09 7.78687e-10 5.48429e-10 3.84575e-10 2.68556e-10 1.86795e-10 1.29434e-10 8.93626e-11 6.14829e-11 4.21605e-11 2.88183e-11 1.96379e-11 1.33425e-11 9.03944e-12 6.10737e-12 4.11544e-12 2.7661e-12 1.85459e-12 1.24047e-12 8.27799e-13 5.51175e-13 3.66194e-13 2.42784e-13 1.60636e-13 1.06073e-13 6.99086e-14 4.5988e-14 3.01973e-14 1.97936e-14 1.29519e-14 8.46082e-15 5.51802e-15 3.59305e-15 2.33597e-15 1.51641e-15 9.82929e-16 6.36212e-16 4.11216e-16 2.65424e-16 1.71091e-16 1.1014e-16 7.08112e-17 4.54688e-17 2.91603e-17 1.86787e-17 1.19506e-17 7.63714e-18 4.87507e-18 3.10849e-18 1.97992e-18 1.25974e-18 8.00688e-19 5.08394e-19 3.22478e-19 2.04349e-19 1.29367e-19 8.18205e-20 5.17006e-20 3.26386e-20 2.05862e-20 1.29729e-20 8.16806e-21 5.13843e-21 3.22981e-21 2.02846e-21 1.27292e-21 7.98158e-22 5.00075e-22 3.13073e-22 1.95851e-22 1.22428e-22 7.64741e-23 4.77346e-23 2.97742e-23
5.66016e-08 9.22732e-08 1.22155e-07 1.4163e-07 1.50639e-07 1.50587e-07 1.43563e-07 1.31787e-07 1.17271e-07 1.01658e-07 8.61679e-08 7.16265e-08 5.85247e-08 4.70942e-08 3.73802e-08 2.93046e-08 2.27161e-08 1.74283e-08 1.32452e-08 9.97841e-09 7.45654e-09 5.53008e-09 4.0725e-09 2.97935e-09 2.16614e-09 1.56572e-09 1.12551e-09 8.04854e-10 5.72716e-10 4.05625e-10 2.86004e-10 2.00805e-10 1.40416e-10 9.78082e-11 6.78774e-11 4.69389e-11 3.23492e-11 2.22216e-11 1.52167e-11 1.03886e-11 7.07176e-12 4.80043e-12 3.24981e-12 2.19433e-12 1.47791e-12 9.92972e-13 6.65577e-13 4.45109e-13 2.97011e-13 1.97763e-13 1.31405e-13 8.71365e-14 5.76679e-14 3.80924e-14 2.51152e-14 1.65291e-14 1.08592e-14 7.12202e-15 4.66319e-15 3.0483e-15 1.98949e-15 1.29645e-15 8.43555e-16 5.48064e-16 3.55569e-16 2.3036e-16 1.49036e-16 9.62931e-17 6.21337e-17 4.00407e-17 2.57709e-17 1.65663e-17 1.06364e-17 6.8211e-18 4.36929e-18 2.79561e-18 1.78673e-18 1.14069e-18 7.27471e-19 4.63455e-19 2.94954e-19 1.87526e-19 1.19108e-19 7.55785e-20 4.79117e-20 3.03443e-20 1.92006e-20 1.21383e-20 7.66682e-21 4.83831e-21 3.0507e-21 1.92193e-21 1.20981e-21 7.60921e-22 4.78205e-22 3.00293e-22 1.88425e-22 1.1814e-22 7.40168e-23 4.63384e-23 2.8989e-23
3.16056e-08 5.31512e-08 7.17705e-08 8.45839e-08 9.12569e-08 9.24041e-08 8.91374e-08 8.27256e-08 7.43733e-08 6.50998e-08 5.56916e-08 4.67029e-08 3.84838e-08 3.12202e-08 2.49755e-08 1.97288e-08 1.5406e-08 1.19045e-08 9.11016e-09 6.90974e-09 5.19754e-09 3.87959e-09 2.87505e-09 2.1163e-09 1.54795e-09 1.12551e-09 8.13758e-10 5.85236e-10 4.18771e-10 2.98225e-10 2.11413e-10 1.49224e-10 1.04893e-10 7.34408e-11 5.12256e-11 3.56011e-11 2.46564e-11 1.70196e-11 1.17105e-11 8.03274e-12 5.49366e-12 3.74642e-12 2.54784e-12 1.72811e-12 1.16909e-12 7.88944e-13 5.31124e-13 3.56724e-13 2.39049e-13 1.59841e-13 1.06651e-13 7.10141e-14 4.71903e-14 3.12978e-14 2.07182e-14 1.36895e-14 9.02913e-15 5.94488e-15 3.90752e-15 2.56412e-15 1.67985e-15 1.0988e-15 7.17626e-16 4.67976e-16 3.04727e-16 1.98141e-16 1.28656e-16 8.34239e-17 5.40216e-17 3.49362e-17 2.25645e-17 1.45556e-17 9.37783e-18 6.03462e-18 3.87869e-18 2.49011e-18 1.59683e-18 1.02286e-18 6.54491e-19 4.18335e-19 2.6711e-19 1.70376e-19 1.08565e-19 6.91096e-20 4.39506e-20 2.79239e-20 1.77247e-20 1.12404e-20 7.12178e-21 4.50826e-21 2.85134e-21 1.80183e-21 1.13765e-21 7.17703e-22 4.524e-22 2.84938e-22 1.79321e-22 1.12765e-22 7.08569e-23 4.44898e-23 2.79135e-23
1.76482e-08 3.05875e-08 4.21109e-08 5.043e-08 5.51746e-08 5.65757e-08 5.52093e-08 5.17906e-08 4.70327e-08 4.1562e-08 3.58786e-08 3.03489e-08 2.5216e-08 2.06203e-08 1.66232e-08 1.32292e-08 1.04053e-08 8.09677e-09 6.23856e-09 4.7632e-09 3.60615e-09 2.70877e-09 2.01981e-09 1.49576e-09 1.10055e-09 8.04854e-10 5.85236e-10 4.23242e-10 3.04518e-10 2.1803e-10 1.55383e-10 1.10248e-10 7.78938e-11 5.48133e-11 3.84232e-11 2.68348e-11 1.86751e-11 1.29524e-11 8.95407e-12 6.17055e-12 4.23947e-12 2.90423e-12 1.98394e-12 1.35159e-12 9.18375e-13 6.22432e-13 4.2082e-13 2.83835e-13 1.91001e-13 1.28242e-13 8.59183e-14 5.74414e-14 3.83244e-14 2.55189e-14 1.69593e-14 1.12496e-14 7.44856e-15 4.92302e-15 3.24816e-15 2.13947e-15 1.40689e-15 9.2366e-16 6.05456e-16 3.96266e-16 2.58965e-16 1.68989e-16 1.10117e-16 7.16545e-17 4.65627e-17 3.02171e-17 1.95839e-17 1.26761e-17 8.19467e-18 5.29105e-18 3.41216e-18 2.19789e-18 1.41409e-18 9.08781e-19 5.83388e-19 3.74095e-19 2.39631e-19 1.53337e-19 9.80174e-20 6.25922e-20 3.99306e-20 2.54488e-20 1.62036e-20 1.03074e-20 6.55063e-21 4.15932e-21 2.63859e-21 1.6724e-21 1.05909e-21 6.70124e-22 4.23657e-22 2.67618e-22 1.68913e-22 1.06528e-22 6.71314e-23 4.22717e-23 2.65976e-23
9.8545e-09 1.75869e-08 2.46767e-08 3.00191e-08 3.32968e-08 3.45664e-08 3.41158e-08 3.2342e-08 2.96625e-08 2.64581e-08 2.30439e-08 1.96583e-08 1.6467e-08 1.35717e-08 1.10238e-08 8.83735e-09 7.0003e-09 5.48479e-09 4.25437e-09 3.26947e-09 2.49102e-09 1.88277e-09 1.41243e-09 1.05219e-09 7.78687e-10 5.72716e-10 4.18771e-10 3.04518e-10 2.20279e-10 1.58552e-10 1.13583e-10 8.10032e-11 5.75203e-11 4.06777e-11 2.8654e-11 2.01085e-11 1.40607e-11 9.79776e-12 6.80458e-12 4.71069e-12 3.25107e-12 2.23706e-12 1.53491e-12 1.05023e-12 7.16673e-13 4.87792e-13 3.31177e-13 2.24302e-13 1.5156e-13 1.02175e-13 6.87297e-14 4.61331e-14 3.09011e-14 2.06565e-14 1.3781e-14 9.17644e-15 6.09897e-15 4.04622e-15 2.67962e-15 1.77152e-15 1.1692e-15 7.70408e-16 5.06822e-16 3.32898e-16 2.18325e-16 1.42971e-16 9.34886e-17 6.1045e-17 3.98049e-17 2.59198e-17 1.68557e-17 1.0947e-17 7.10044e-18 4.59974e-18 2.97611e-18 1.92328e-18 1.24143e-18 8.0039e-19 5.15453e-19 3.31584e-19 2.13071e-19 1.3677e-19 8.76999e-20 5.61773e-20 3.59486e-20 2.29811e-20 1.4677e-20 9.36449e-21 5.96928e-21 3.80152e-21 2.41878e-21 1.5376e-21 9.76586e-22 6.19725e-22 3.92932e-22 2.48926e-22 1.57567e-22 9.96562e-23 6.29791e-23 3.97691e-23 2.50933e-23
5.50263e-09 1.01036e-08 1.44429e-08 1.78422e-08 2.00584e-08 2.10771e-08 2.1035e-08 2.01485e-08 1.86594e-08 1.67971e-08 1.47577e-08 1.26949e-08 1.07193e-08 8.90277e-09 7.28529e-09 5.88237e-09 4.6921e-09 3.7012e-09 2.88981e-09 2.23506e-09 1.71356e-09 1.30306e-09 9.83376e-10 7.36844e-10 5.48429e-10 4.05625e-10 2.98225e-10 2.1803e-10 1.58552e-10 1.14717e-10 8.26016e-11 5.92049e-11 4.22498e-11 3.00245e-11 2.12515e-11 1.49843e-11 1.05266e-11 7.36899e-12 5.14107e-12 3.57505e-12 2.47826e-12 1.71275e-12 1.18025e-12 8.11012e-13 5.55772e-13 3.79858e-13 2.58963e-13 1.76109e-13 1.19477e-13 8.08685e-14 5.4613e-14 3.68013e-14 2.47462e-14 1.66057e-14 1.11207e-14 7.43293e-15 4.95864e-15 3.30188e-15 2.1947e-15 1.45622e-15 9.64573e-16 6.37847e-16 4.21104e-16 2.77568e-16 1.82673e-16 1.20038e-16 7.87627e-17 5.16048e-17 3.37632e-17 2.20594e-17 1.4393e-17 9.37852e-18 6.10309e-18 3.96654e-18 2.57472e-18 1.66923e-18 1.08089e-18 6.99096e-19 4.51637e-19 2.91441e-19 1.87858e-19 1.20958e-19 7.77991e-20 4.99871e-20 3.20844e-20 2.05726e-20 1.31781e-20 8.43315e-21 5.39151e-21 3.44366e-21 2.19748e-21 1.40099e-21 8.92386e-22 5.6792e-22 3.61114e-22 2.29419e-22 1.45629e-22 9.23646e-23 5.85342e-23 3.7065e-23 2.34517e-23
3.0726e-09 5.79989e-09 8.44346e-09 1.05895e-08 1.20632e-08 1.28276e-08 1.29425e-08 1.25236e-08 1.17091e-08 1.06359e-08 9.42503e-09 8.1743e-09 6.95664e-09 5.82159e-09 4.79878e-09 3.9021e-09 3.13388e-09 2.48852e-09 1.95556e-09 1.52203e-09 1.17407e-09 8.98175e-10 6.81802e-10 5.13808e-10 3.84575e-10 2.86004e-10 2.11413e-10 1.55383e-10 1.13583e-10 8.26016e-11 5.97767e-11 4.30573e-11 3.08764e-11 2.20474e-11 1.56791e-11 1.11068e-11 7.8385e-12 5.5121e-12 3.8628e-12 2.69801e-12 1.87844e-12 1.3038e-12 9.02267e-13 6.22602e-13 4.28431e-13 2.94027e-13 2.01263e-13 1.3742e-13 9.36002e-14 6.3603e-14 4.31204e-14 2.9169e-14 1.96889e-14 1.3262e-14 8.91473e-15 5.9806e-15 4.00443e-15 2.6762e-15 1.78525e-15 1.18878e-15 7.90222e-16 5.24392e-16 3.4741e-16 2.29786e-16 1.51746e-16 1.00055e-16 6.58726e-17 4.3304e-17 2.84265e-17 1.8634e-17 1.21979e-17 7.97405e-18 5.2059e-18 3.39429e-18 2.21029e-18 1.4375e-18 9.33758e-19 6.05817e-19 3.92589e-19 2.54117e-19 1.64301e-19 1.06111e-19 6.8456e-20 4.4116e-20 2.84004e-20 1.82644e-20 1.1734e-20 7.531e-21 4.82875e-21 3.09313e-21 1.97948e-21 1.26561e-21 8.08447e-22 5.15955e-22 3.28994e-22 2.09597e-22 1.33416e-22 8.48527e-23 5.39215e-23 3.42375e-23 2.17217e-23
1.7157e-09 3.32691e-09 4.93076e-09 6.2764e-09 7.2432e-09 7.79277e-09 7.94745e-09 7.7674e-09 7.33062e-09 6.71801e-09 6.00356e-09 5.24897e-09 4.50171e-09 3.79531e-09 3.15102e-09 2.58008e-09 2.08611e-09 1.66737e-09 1.31862e-09 1.03266e-09 8.01398e-10 6.16697e-10 4.70836e-10 3.56828e-10 2.68556e-10 2.00805e-10 1.49224e-10 1.10248e-10 8.10032e-11 5.92049e-11 4.30573e-11 3.11655e-11 2.2456e-11 1.61105e-11 1.15104e-11 8.19116e-12 5.80697e-12 4.10173e-12 2.88708e-12 2.02528e-12 1.41611e-12 9.87071e-13 6.85939e-13 4.75285e-13 3.28396e-13 2.26285e-13 1.55513e-13 1.06602e-13 7.28935e-14 4.97243e-14 3.38404e-14 2.29784e-14 1.55685e-14 1.05256e-14 7.10143e-15 4.78152e-15 3.21315e-15 2.15508e-15 1.44273e-15 9.64086e-16 6.43097e-16 4.28238e-16 2.84682e-16 1.88937e-16 1.25192e-16 8.28233e-17 5.47092e-17 3.6084e-17 2.37646e-17 1.56287e-17 1.02637e-17 6.73107e-18 4.40839e-18 2.88338e-18 1.88348e-18 1.22877e-18 8.00642e-19 5.21047e-19 3.38686e-19 2.19891e-19 1.42599e-19 9.23715e-20 5.97691e-20 3.86316e-20 2.49427e-20 1.60875e-20 1.03654e-20 6.67182e-21 4.29011e-21 2.75593e-21 1.76868e-21 1.13401e-21 7.26413e-22 4.64891e-22 2.97253e-22 1.89896e-22 1.21207e-22 7.72976e-23 4.92534e-23 3.13577e-23 1.99479e-23
9.58024e-10 1.90702e-09 2.87644e-09 3.71517e-09 4.34248e-09 4.72597e-09 4.87092e-09 4.80754e-09 4.57923e-09 4.23329e-09 3.81459e-09 3.36166e-09 2.90508e-09 2.4672e-09 2.06288e-09 1.70067e-09 1.38419e-09 1.11348e-09 8.86102e-10 6.98173e-10 5.45047e-10 4.21867e-10 3.23917e-10 2.46849e-10 1.86795e-10 1.40416e-10 1.04893e-10 7.78938e-11 5.75203e-11 4.22498e-11 3.08764e-11 2.2456e-11 1.62569e-11 1.17173e-11 8.40996e-12 6.01183e-12 4.28095e-12 3.03711e-12 2.147e-12 1.51255e-12 1.06207e-12 7.43383e-13 5.18724e-13 3.60886e-13 2.50356e-13 1.73197e-13 1.19497e-13 8.2233e-14 5.64469e-14 3.8652e-14 2.64043e-14 1.79961e-14 1.2238e-14 8.30424e-15 5.62304e-15 3.7997e-15 2.56247e-15 1.72474e-15 1.15867e-15 7.76957e-16 5.20054e-16 3.47485e-16 2.31781e-16 1.54344e-16 1.02611e-16 6.81081e-17 4.51364e-17 2.9867e-17 1.97336e-17 1.30192e-17 8.57715e-18 5.64277e-18 3.7072e-18 2.4323e-18 1.59373e-18 1.04293e-18 6.81621e-19 4.44932e-19 2.90079e-19 1.88896e-19 1.22862e-19 7.98208e-20 5.17994e-20 3.35778e-20 2.17424e-20 1.40637e-20 9.08731e-21 5.86575e-21 3.78244e-21 2.43662e-21 1.56812e-21 1.00821e-21 6.47607e-22 4.15593e-22 2.66456e-22 1.70684e-22 1.09238e-22 6.98511e-23 4.46273e-23 2.84878e-23 1.817e-23
