0.738621 0.00292834 0.00263783 0.00237614 0.00214041 0.00192807 0.00173679 0.00156449 0.00140928 0.00126947 0.00114353 0.00103009 0.000927897 0.000835844 0.000752923 0.000678228 0.000610944 0.000550334 0.000495737 0.000446557 0.000402256 0.00036235 0.000326402 0.000294021 0.000264852 0.000238577 0.000214909 0.000193589 0.000174383 0.000157083 0.0001415 0.000127462 0.000114817 0.000103426 9.31659e-05 8.39232e-05 7.55975e-05 6.80978e-05 6.1342e-05 5.52565e-05 4.97747e-05 4.48367e-05 4.03887e-05 3.63818e-05 3.27725e-05 2.95213e-05 2.65926e-05 2.39544e-05 2.1578e-05 1.94373e-05 1.7509e-05 1.5772e-05 1.42073e-05 1.27979e-05 1.15282e-05 1.03846e-05 9.35435e-06 8.42634e-06 7.5904e-06 6.83738e-06 6.15907e-06 5.54805e-06 4.99765e-06 4.50185e-06 4.05524e-06 3.65293e-06 3.29054e-06 2.9641e-06 2.67004e-06 2.40515e-06 2.16655e-06 1.95161e-06 1.758e-06 1.5836e-06 1.42649e-06 1.28498e-06 1.1575e-06 1.04267e-06 9.39227e-07 8.4605e-07 7.62117e-07 6.8651e-07 6.18404e-07 5.57054e-07 5.01791e-07 4.5201e-07 4.07168e-07 3.66774e-07 3.30388e-07 2.97611e-07 2.68086e-07 2.4149e-07 2.17533e-07 1.95952e-07 1.76513e-07 1.59001e-07 1.43228e-07 1.29018e-07 1.16219e-07 1.04689e-07 9.43035e-08
0.00292834 0.000609613 0.000564617 0.000522548 0.00048327 0.000446643 0.000412526 0.000380783 0.000351278 0.000323879 0.00029846 0.000274896 0.00025307 0.00023287 0.000214186 0.000196918 0.000180968 0.000166245 0.000152662 0.000140138 0.000128596 0.000117965 0.000108178 9.91714e-05 9.08874e-05 8.3271e-05 7.62713e-05 6.98408e-05 6.39356e-05 5.85147e-05 5.35401e-05 4.89767e-05 4.47917e-05 4.09551e-05 3.74389e-05 3.42173e-05 3.12664e-05 2.85642e-05 2.60905e-05 2.38264e-05 2.17548e-05 1.98597e-05 1.81266e-05 1.65418e-05 1.50931e-05 1.3769e-05 1.25591e-05 1.14538e-05 1.04441e-05 9.52208e-06 8.68019e-06 7.91162e-06 7.21012e-06 6.56994e-06 5.98582e-06 5.45294e-06 4.96687e-06 4.52358e-06 4.11936e-06 3.75082e-06 3.41486e-06 3.10865e-06 2.82958e-06 2.57529e-06 2.3436e-06 2.13254e-06 1.94029e-06 1.7652e-06 1.60575e-06 1.46057e-06 1.32838e-06 1.20805e-06 1.09852e-06 9.98838e-07 9.08119e-07 8.25569e-07 7.50461e-07 6.8213e-07 6.1997e-07 5.63431e-07 5.12008e-07 4.65242e-07 4.22717e-07 3.8405e-07 3.48895e-07 3.16935e-07 2.87883e-07 2.61475e-07 2.37474e-07 2.15662e-07 1.9584e-07 1.77829e-07 1.61464e-07 1.46596e-07 1.33089e-07 1.20818e-07 1.09673e-07 9.955e-08 9.03561e-08 8.20066e-08 7.44245e-08
0.00263783 0.000564617 0.000525771 0.000489158 0.000454709 0.000422347 0.000391991 0.000363555 0.000336951 0.000312092 0.000288888 0.000267252 0.000247098 0.000228341 0.0002109 0.000194695 0.000179651 0.000165695 0.000152756 0.00014077 0.000129672 0.000119403 0.000109907 0.00010113 9.30216e-05 8.55351e-05 7.86258e-05 7.22523e-05 6.63756e-05 6.09592e-05 5.5969e-05 5.13735e-05 4.71428e-05 4.32495e-05 3.9668e-05 3.63743e-05 3.33463e-05 3.05634e-05 2.80066e-05 2.56583e-05 2.35019e-05 2.15224e-05 1.97058e-05 1.8039e-05 1.65101e-05 1.51081e-05 1.38226e-05 1.26444e-05 1.15646e-05 1.05753e-05 9.66907e-06 8.83911e-06 8.07915e-06 7.38342e-06 6.74662e-06 6.16386e-06 5.63065e-06 5.14286e-06 4.6967e-06 4.28868e-06 3.9156e-06 3.57454e-06 3.26278e-06 2.97785e-06 2.71748e-06 2.47959e-06 2.26227e-06 2.06377e-06 1.88247e-06 1.71693e-06 1.56577e-06 1.42778e-06 1.30181e-06 1.18684e-06 1.08192e-06 9.86185e-07 8.98833e-07 8.19143e-07 7.4645e-07 6.80148e-07 6.19681e-07 5.64541e-07 5.14264e-07 4.68425e-07 4.26638e-07 3.88547e-07 3.53828e-07 3.22187e-07 2.93353e-07 2.6708e-07 2.43141e-07 2.21332e-07 2.01465e-07 1.83368e-07 1.66885e-07 1.51873e-07 1.38202e-07 1.25753e-07 1.14418e-07 1.04099e-07 9.47034e-08
0.00237614 0.000522548 0.000489158 0.000457415 0.000427304 0.0003988 0.000371867 0.000346463 0.000322539 0.00030004 0.000278913 0.000259097 0.000240534 0.000223163 0.000206926 0.000191762 0.000177615 0.000164427 0.000152143 0.000140711 0.000130078 0.000120197 0.00011102 0.000102503 9.46022e-05 8.72778e-05 8.04915e-05 7.4207e-05 6.83903e-05 6.3009e-05 5.80329e-05 5.34335e-05 4.91842e-05 4.52599e-05 4.16372e-05 3.82942e-05 3.52104e-05 3.23668e-05 2.97455e-05 2.733e-05 2.51049e-05 2.30557e-05 2.11691e-05 1.94328e-05 1.78351e-05 1.63655e-05 1.5014e-05 1.37715e-05 1.26294e-05 1.158e-05 1.06158e-05 9.7302e-06 8.91697e-06 8.17035e-06 7.48502e-06 6.85608e-06 6.27902e-06 5.74965e-06 5.26413e-06 4.8189e-06 4.4107e-06 4.03652e-06 3.69357e-06 3.37931e-06 3.09138e-06 2.82762e-06 2.58603e-06 2.3648e-06 2.16223e-06 1.97677e-06 1.80702e-06 1.65165e-06 1.50947e-06 1.37937e-06 1.26035e-06 1.15148e-06 1.05191e-06 9.60841e-07 8.77571e-07 8.01439e-07 7.31839e-07 6.6822e-07 6.10073e-07 5.56935e-07 5.08378e-07 4.64014e-07 4.23483e-07 3.86459e-07 3.52642e-07 3.21756e-07 2.93552e-07 2.67798e-07 2.44283e-07 2.22816e-07 2.03219e-07 1.85332e-07 1.69006e-07 1.54107e-07 1.40511e-07 1.28105e-07 1.16786e-07
0.00214041 0.00048327 0.000454709 0.000427304 0.000401084 0.000376063 0.000352241 0.00032961 0.000308153 0.000287844 0.000268656 0.000250553 0.000233499 0.000217454 0.000202377 0.000188226 0.00017496 0.000162534 0.000150908 0.000140039 0.000129888 0.000120413 0.000111578 0.000103344 9.56768e-05 8.85415e-05 8.19055e-05 7.57376e-05 7.0008e-05 6.46886e-05 5.97525e-05 5.51744e-05 5.09306e-05 4.69983e-05 4.33563e-05 3.99848e-05 3.68648e-05 3.39788e-05 3.13102e-05 2.88436e-05 2.65646e-05 2.44595e-05 2.25158e-05 2.07217e-05 1.90661e-05 1.7539e-05 1.61306e-05 1.48322e-05 1.36354e-05 1.25327e-05 1.1517e-05 1.05815e-05 9.72014e-06 8.92729e-06 8.19764e-06 7.5263e-06 6.90877e-06 6.34084e-06 5.81864e-06 5.33859e-06 4.89738e-06 4.49194e-06 4.11945e-06 3.77729e-06 3.46305e-06 3.1745e-06 2.90959e-06 2.66643e-06 2.44326e-06 2.23847e-06 2.05059e-06 1.87824e-06 1.72016e-06 1.57519e-06 1.44227e-06 1.32041e-06 1.20871e-06 1.10633e-06 1.01251e-06 9.26549e-07 8.47791e-07 7.75647e-07 7.09567e-07 6.49051e-07 5.93636e-07 5.42899e-07 4.9645e-07 4.53931e-07 4.15014e-07 3.79399e-07 3.46808e-07 3.16989e-07 2.89707e-07 2.6475e-07 2.41923e-07 2.21045e-07 2.01951e-07 1.84492e-07 1.68528e-07 1.53934e-07 1.40592e-07
0.00192807 0.000446643 0.000422347 0.0003988 0.000376063 0.000354179 0.000333178 0.000313079 0.000293889 0.000275607 0.000258225 0.000241729 0.000226101 0.000211318 0.000197355 0.000184184 0.000171777 0.000160103 0.000149131 0.00013883 0.000129167 0.000120112 0.000111635 0.000103704 9.62911e-05 8.93669e-05 8.2904e-05 7.68758e-05 7.12567e-05 6.60222e-05 6.11488e-05 5.66143e-05 5.23973e-05 4.84776e-05 4.48361e-05 4.14547e-05 3.83163e-05 3.54046e-05 3.27046e-05 3.02017e-05 2.78827e-05 2.57347e-05 2.37459e-05 2.19051e-05 2.0202e-05 1.86268e-05 1.71704e-05 1.58241e-05 1.45802e-05 1.3431e-05 1.23698e-05 1.139e-05 1.04857e-05 9.65132e-06 8.88156e-06 8.17164e-06 7.51706e-06 6.91366e-06 6.35755e-06 5.84516e-06 5.37315e-06 4.93842e-06 4.53813e-06 4.16961e-06 3.83042e-06 3.51828e-06 3.23108e-06 2.96689e-06 2.72391e-06 2.50047e-06 2.29503e-06 2.10619e-06 1.93262e-06 1.77313e-06 1.62658e-06 1.49196e-06 1.3683e-06 1.25474e-06 1.15047e-06 1.05473e-06 9.66852e-07 8.86191e-07 8.12168e-07 7.44244e-07 6.81926e-07 6.24759e-07 5.72324e-07 5.24235e-07 4.80137e-07 4.39704e-07 4.02635e-07 3.68656e-07 3.37511e-07 3.08968e-07 2.82813e-07 2.58847e-07 2.36891e-07 2.16777e-07 1.98354e-07 1.81481e-07 1.66029e-07
0.00173679 0.000412526 0.000391991 0.000371867 0.000352241 0.000333178 0.000314731 0.000296938 0.000279827 0.000263415 0.000247711 0.000232719 0.000218434 0.000204848 0.00019195 0.000179723 0.00016815 0.000157212 0.000146886 0.00013715 0.00012798 0.000119353 0.000111245 0.000103631 9.64881e-05 8.97927e-05 8.35216e-05 7.76526e-05 7.21637e-05 6.70339e-05 6.22429e-05 5.77711e-05 5.35998e-05 4.9711e-05 4.60876e-05 4.27132e-05 3.95725e-05 3.66505e-05 3.39335e-05 3.1408e-05 2.90618e-05 2.68829e-05 2.48602e-05 2.29834e-05 2.12425e-05 1.96283e-05 1.81322e-05 1.67458e-05 1.54618e-05 1.42727e-05 1.31721e-05 1.21536e-05 1.12114e-05 1.034e-05 9.53432e-06 8.78961e-06 8.10144e-06 7.46568e-06 6.87849e-06 6.33629e-06 5.83576e-06 5.37379e-06 4.94752e-06 4.55428e-06 4.19158e-06 3.85713e-06 3.54878e-06 3.26456e-06 3.00264e-06 2.76131e-06 2.53899e-06 2.33422e-06 2.14566e-06 1.97205e-06 1.81223e-06 1.66513e-06 1.52977e-06 1.40522e-06 1.29065e-06 1.18526e-06 1.08835e-06 9.99231e-07 9.173e-07 8.41986e-07 7.72764e-07 7.0915e-07 6.50699e-07 5.96998e-07 5.47668e-07 5.0236e-07 4.6075e-07 4.22542e-07 3.87462e-07 3.55258e-07 3.25697e-07 2.98567e-07 2.73669e-07 2.50823e-07 2.29863e-07 2.10634e-07 1.92996e-07
0.00156449 0.000380783 0.000363555 0.000346463 0.00032961 0.000313079 0.000296938 0.000281242 0.000266033 0.000251343 0.000237195 0.000223605 0.000210581 0.000198127 0.000186242 0.00017492 0.000164153 0.000153931 0.000144238 0.000135062 0.000126384 0.000118188 0.000110456 0.000103169 9.63088e-05 8.98559e-05 8.37917e-05 7.80976e-05 7.27554e-05 6.77471e-05 6.30553e-05 5.8663e-05 5.45538e-05 5.0712e-05 4.71223e-05 4.37702e-05 4.06416e-05 3.77232e-05 3.50023e-05 3.24668e-05 3.01052e-05 2.79066e-05 2.58606e-05 2.39574e-05 2.21879e-05 2.05433e-05 1.90154e-05 1.75964e-05 1.6279e-05 1.50565e-05 1.39223e-05 1.28704e-05 1.18952e-05 1.09913e-05 1.01539e-05 9.37814e-06 8.65981e-06 7.99483e-06 7.37939e-06 6.80995e-06 6.28322e-06 5.79611e-06 5.34575e-06 4.92948e-06 4.54479e-06 4.18939e-06 3.8611e-06 3.55793e-06 3.27801e-06 3.01963e-06 2.78116e-06 2.56111e-06 2.35812e-06 2.17088e-06 1.9982e-06 1.839e-06 1.69223e-06 1.55695e-06 1.43229e-06 1.31743e-06 1.21162e-06 1.11416e-06 1.0244e-06 9.41754e-07 8.65666e-07 7.95627e-07 7.31165e-07 6.71845e-07 6.17264e-07 5.67051e-07 5.20863e-07 4.78383e-07 4.39319e-07 4.034e-07 3.70378e-07 3.40023e-07 3.12122e-07 2.86482e-07 2.6292e-07 2.41273e-07 2.21385e-07
0.00140928 0.000351278 0.000336951 0.000322539 0.000308153 0.000293889 0.000279827 0.000266033 0.000252561 0.000239452 0.000226743 0.000214457 0.000202614 0.000191227 0.000180303 0.000169845 0.000159853 0.000150324 0.000141249 0.000132623 0.000124433 0.000116668 0.000109315 0.000102361 9.57916e-05 8.95915e-05 8.37458e-05 7.82395e-05 7.30574e-05 6.81846e-05 6.36062e-05 5.93078e-05 5.52751e-05 5.14944e-05 4.79522e-05 4.46356e-05 4.15321e-05 3.86298e-05 3.59171e-05 3.33829e-05 3.10168e-05 2.88087e-05 2.67491e-05 2.48288e-05 2.30393e-05 2.13723e-05 1.98201e-05 1.83755e-05 1.70313e-05 1.57813e-05 1.46191e-05 1.3539e-05 1.25356e-05 1.16037e-05 1.07385e-05 9.93548e-06 9.1904e-06 8.4993e-06 7.85845e-06 7.26437e-06 6.71379e-06 6.20367e-06 5.73116e-06 5.29359e-06 4.88849e-06 4.51354e-06 4.16658e-06 3.8456e-06 3.54871e-06 3.27416e-06 3.02035e-06 2.78574e-06 2.56893e-06 2.36861e-06 2.18356e-06 2.01266e-06 1.85484e-06 1.70915e-06 1.57466e-06 1.45055e-06 1.33603e-06 1.23037e-06 1.13291e-06 1.04304e-06 9.60159e-07 8.8375e-07 8.13316e-07 7.48401e-07 6.8858e-07 6.33462e-07 5.82684e-07 5.35913e-07 4.92838e-07 4.53172e-07 4.1665e-07 3.83029e-07 3.52081e-07 3.23598e-07 2.97387e-07 2.7327e-07 2.51082e-07
0.00126947 0.000323879 0.000312092 0.00030004 0.000287844 0.000275607 0.000263415 0.000251343 0.000239452 0.000227795 0.000216412 0.000205337 0.000194597 0.000184212 0.000174196 0.00016456 0.00015531 0.000146449 0.000137974 0.000129885 0.000122175 0.000114838 0.000107865 0.000101246 9.49729e-05 8.90327e-05 8.34142e-05 7.81056e-05 7.30945e-05 6.83686e-05 6.39156e-05 5.97232e-05 5.57792e-05 5.20717e-05 4.85891e-05 4.53199e-05 4.22531e-05 3.9378e-05 3.66842e-05 3.41617e-05 3.1801e-05 2.95929e-05 2.75286e-05 2.55997e-05 2.37981e-05 2.21162e-05 2.05469e-05 1.90832e-05 1.77185e-05 1.64467e-05 1.52619e-05 1.41586e-05 1.31316e-05 1.21759e-05 1.12869e-05 1.04602e-05 9.69177e-06 8.97763e-06 8.31418e-06 7.69803e-06 7.12596e-06 6.59497e-06 6.10226e-06 5.64518e-06 5.22128e-06 4.82824e-06 4.46392e-06 4.1263e-06 3.8135e-06 3.52376e-06 3.25545e-06 3.00703e-06 2.77708e-06 2.56428e-06 2.36739e-06 2.18526e-06 2.01681e-06 1.86105e-06 1.71705e-06 1.58395e-06 1.46095e-06 1.3473e-06 1.24231e-06 1.14533e-06 1.05578e-06 9.73088e-07 8.96753e-07 8.26295e-07 7.61272e-07 7.01274e-07 6.45921e-07 5.94862e-07 5.47771e-07 5.04345e-07 4.64306e-07 4.27394e-07 3.93371e-07 3.62013e-07 3.33118e-07 3.06494e-07 2.81966e-07
0.00114353 0.00029846 0.000288888 0.000278913 0.000268656 0.000258225 0.000247711 0.000237195 0.000226743 0.000216412 0.000206249 0.000196296 0.000186583 0.000177136 0.000167977 0.000159121 0.000150579 0.000142358 0.000134463 0.000126896 0.000119656 0.00011274 0.000106143 9.98613e-05 9.38863e-05 8.82106e-05 8.28256e-05 7.7722e-05 7.28903e-05 6.83206e-05 6.40027e-05 5.99264e-05 5.60815e-05 5.24577e-05 4.90451e-05 4.58337e-05 4.28137e-05 3.99757e-05 3.73105e-05 3.4809e-05 3.24627e-05 3.02632e-05 2.82023e-05 2.62725e-05 2.44663e-05 2.27766e-05 2.11967e-05 1.97201e-05 1.83407e-05 1.70526e-05 1.58504e-05 1.47286e-05 1.36825e-05 1.27071e-05 1.17982e-05 1.09514e-05 1.01627e-05 9.42858e-06 8.74532e-06 8.10965e-06 7.51843e-06 6.96873e-06 6.45777e-06 5.98297e-06 5.5419e-06 5.13226e-06 4.75193e-06 4.3989e-06 4.07129e-06 3.76735e-06 3.48544e-06 3.22402e-06 2.98166e-06 2.75703e-06 2.54887e-06 2.35602e-06 2.17738e-06 2.01196e-06 1.8588e-06 1.71702e-06 1.5858e-06 1.46438e-06 1.35205e-06 1.24815e-06 1.15207e-06 1.06322e-06 9.81083e-07 9.05164e-07 8.35003e-07 7.70175e-07 7.10284e-07 6.54962e-07 6.03871e-07 5.56693e-07 5.13135e-07 4.72926e-07 4.35814e-07 4.01565e-07 3.69963e-07 3.40808e-07 3.13913e-07
0.00103009 0.000274896 0.000267252 0.000259097 0.000250553 0.000241729 0.000232719 0.000223605 0.000214457 0.000205337 0.000196296 0.000187377 0.000178619 0.00017005 0.000161695 0.000153576 0.000145706 0.000138098 0.000130761 0.000123699 0.000116916 0.000110413 0.000104189 9.82401e-05 9.25638e-05 8.71547e-05 8.20068e-05 7.71135e-05 7.24675e-05 6.8061e-05 6.3886e-05 5.99341e-05 5.61969e-05 5.26657e-05 4.93321e-05 4.61874e-05 4.32231e-05 4.04311e-05 3.7803e-05 3.53309e-05 3.3007e-05 3.08238e-05 2.87739e-05 2.68504e-05 2.50463e-05 2.33553e-05 2.1771e-05 2.02873e-05 1.88987e-05 1.75995e-05 1.63846e-05 1.52489e-05 1.41878e-05 1.31968e-05 1.22715e-05 1.1408e-05 1.06025e-05 9.85122e-06 9.15087e-06 8.49819e-06 7.89013e-06 7.32384e-06 6.7966e-06 6.30588e-06 5.84927e-06 5.42454e-06 5.02956e-06 4.66236e-06 4.32108e-06 4.00397e-06 3.70939e-06 3.43581e-06 3.1818e-06 2.94601e-06 2.7272e-06 2.52417e-06 2.33585e-06 2.1612e-06 1.99926e-06 1.84914e-06 1.71002e-06 1.5811e-06 1.46166e-06 1.35104e-06 1.24859e-06 1.15373e-06 1.06592e-06 9.84649e-07 9.0944e-07 8.39855e-07 7.75484e-07 7.15948e-07 6.60891e-07 6.09986e-07 5.62926e-07 5.19429e-07 4.79231e-07 4.42087e-07 4.07771e-07 3.76072e-07 3.46795e-07
0.000927897 0.00025307 0.000247098 0.000240534 0.000233499 0.000226101 0.000218434 0.000210581 0.000202614 0.000194597 0.000186583 0.000178619 0.000170744 0.000162993 0.000155393 0.000147967 0.000140735 0.000133712 0.000126908 0.000120334 0.000113994 0.000107893 0.000102033 9.64143e-05 9.10347e-05 8.58923e-05 8.09833e-05 7.63034e-05 7.18474e-05 6.76095e-05 6.35834e-05 5.97626e-05 5.61402e-05 5.2709e-05 4.94618e-05 4.63915e-05 4.34907e-05 4.07522e-05 3.81688e-05 3.57334e-05 3.34392e-05 3.12794e-05 2.92473e-05 2.73365e-05 2.55409e-05 2.38545e-05 2.22714e-05 2.07862e-05 1.93934e-05 1.80879e-05 1.68649e-05 1.57196e-05 1.46476e-05 1.36446e-05 1.27066e-05 1.18297e-05 1.10103e-05 1.02448e-05 9.53003e-06 8.8628e-06 8.24019e-06 7.6594e-06 7.11782e-06 6.61295e-06 6.14246e-06 5.70413e-06 5.29589e-06 4.91579e-06 4.56198e-06 4.23275e-06 3.92645e-06 3.64159e-06 3.37671e-06 3.13048e-06 2.90166e-06 2.68904e-06 2.49155e-06 2.30814e-06 2.13784e-06 1.97976e-06 1.83306e-06 1.69693e-06 1.57065e-06 1.45353e-06 1.34492e-06 1.24423e-06 1.1509e-06 1.0644e-06 9.84259e-07 9.10012e-07 8.41242e-07 7.77555e-07 7.18587e-07 6.63998e-07 6.1347e-07 5.6671e-07 5.23443e-07 4.83415e-07 4.4639e-07 4.12147e-07 3.80482e-07
0.000835844 0.00023287 0.000228341 0.000223163 0.000217454 0.000211318 0.000204848 0.000198127 0.000191227 0.000184212 0.000177136 0.00017005 0.000162993 0.000156002 0.000149107 0.000142334 0.000135704 0.000129235 0.000122942 0.000116835 0.000110923 0.000105213 9.97088e-05 9.4413e-05 8.93265e-05 8.4449e-05 7.9779e-05 7.53139e-05 7.10506e-05 6.69849e-05 6.31122e-05 5.94276e-05 5.59255e-05 5.26002e-05 4.94459e-05 4.64565e-05 4.36257e-05 4.09473e-05 3.84152e-05 3.60232e-05 3.3765e-05 3.16348e-05 2.96266e-05 2.77345e-05 2.5953e-05 2.42767e-05 2.27001e-05 2.12182e-05 1.9826e-05 1.85188e-05 1.7292e-05 1.61412e-05 1.50621e-05 1.40508e-05 1.31034e-05 1.22162e-05 1.13859e-05 1.06089e-05 9.88224e-06 9.20285e-06 8.5679e-06 7.97469e-06 7.42066e-06 6.90341e-06 6.42066e-06 5.97023e-06 5.55011e-06 5.15837e-06 4.79321e-06 4.45292e-06 4.13589e-06 3.84062e-06 3.56568e-06 3.30976e-06 3.07159e-06 2.84999e-06 2.64387e-06 2.4522e-06 2.27399e-06 2.10835e-06 1.95442e-06 1.81141e-06 1.67857e-06 1.55521e-06 1.44067e-06 1.33434e-06 1.23566e-06 1.14409e-06 1.05915e-06 9.80352e-07 9.0728e-07 8.39528e-07 7.76721e-07 7.18506e-07 6.64559e-07 6.14575e-07 5.6827e-07 5.25382e-07 4.85664e-07 4.48889e-07 4.14843e-07
0.000752923 0.000214186 0.0002109 0.000206926 0.000202377 0.000197355 0.00019195 0.000186242 0.000180303 0.000174196 0.000167977 0.000161695 0.000155393 0.000149107 0.000142869 0.000136708 0.000130646 0.000124702 0.000118894 0.000113235 0.000107734 0.000102402 9.72432e-05 9.22632e-05 8.74645e-05 8.28487e-05 7.8416e-05 7.41658e-05 7.00962e-05 6.62049e-05 6.24887e-05 5.89439e-05 5.55665e-05 5.2352e-05 4.92957e-05 4.63925e-05 4.36372e-05 4.10247e-05 3.85496e-05 3.62066e-05 3.39902e-05 3.18951e-05 2.99162e-05 2.80481e-05 2.6286e-05 2.46247e-05 2.30594e-05 2.15855e-05 2.01983e-05 1.88935e-05 1.76669e-05 1.65142e-05 1.54317e-05 1.44154e-05 1.34618e-05 1.25675e-05 1.1729e-05 1.09432e-05 1.02071e-05 9.5179e-06 8.87276e-06 8.26912e-06 7.70453e-06 7.17663e-06 6.68321e-06 6.22218e-06 5.79155e-06 5.38944e-06 5.01408e-06 4.6638e-06 4.33702e-06 4.03225e-06 3.74808e-06 3.48321e-06 3.23638e-06 3.00643e-06 2.79226e-06 2.59283e-06 2.40718e-06 2.2344e-06 2.07364e-06 1.92408e-06 1.78499e-06 1.65566e-06 1.53544e-06 1.42369e-06 1.31986e-06 1.2234e-06 1.1338e-06 1.05059e-06 9.73333e-07 9.01617e-07 8.35056e-07 7.73292e-07 7.15988e-07 6.62834e-07 6.13536e-07 5.67823e-07 5.25442e-07 4.86156e-07 4.49746e-07
0.000678228 0.000196918 0.000194695 0.000191762 0.000188226 0.000184184 0.000179723 0.00017492 0.000169845 0.00016456 0.000159121 0.000153576 0.000147967 0.000142334 0.000136708 0.000131118 0.000125589 0.000120142 0.000114794 0.000109561 0.000104455 9.94864e-05 9.46623e-05 8.99894e-05 8.54721e-05 8.11134e-05 7.69153e-05 7.28784e-05 6.90024e-05 6.52863e-05 6.17283e-05 5.8326e-05 5.50765e-05 5.19764e-05 4.90221e-05 4.62094e-05 4.35344e-05 4.09925e-05 3.85793e-05 3.62901e-05 3.41203e-05 3.20654e-05 3.01206e-05 2.82813e-05 2.65431e-05 2.49013e-05 2.33517e-05 2.189e-05 2.05119e-05 1.92135e-05 1.79907e-05 1.68398e-05 1.57571e-05 1.47391e-05 1.37824e-05 1.28836e-05 1.20397e-05 1.12476e-05 1.05045e-05 9.80765e-06 9.15441e-06 8.5423e-06 7.96895e-06 7.43209e-06 6.92959e-06 6.45941e-06 6.01962e-06 5.6084e-06 5.224e-06 4.86481e-06 4.52926e-06 4.21589e-06 3.92334e-06 3.65028e-06 3.3955e-06 3.15783e-06 2.93619e-06 2.72955e-06 2.53695e-06 2.35747e-06 2.19026e-06 2.03453e-06 1.88952e-06 1.75452e-06 1.62887e-06 1.51195e-06 1.40318e-06 1.302e-06 1.20792e-06 1.12045e-06 1.03914e-06 9.63579e-07 8.93367e-07 8.28142e-07 7.67559e-07 7.113e-07 6.59065e-07 6.10576e-07 5.65571e-07 5.23809e-07 4.85061e-07
0.000610944 0.000180968 0.000179651 0.000177615 0.00017496 0.000171777 0.00016815 0.000164153 0.000159853 0.00015531 0.000150579 0.000145706 0.000140735 0.000135704 0.000130646 0.000125589 0.00012056 0.00011558 0.000110668 0.000105841 0.000101111 9.64912e-05 9.19897e-05 8.76143e-05 8.33708e-05 7.92637e-05 7.52961e-05 7.14699e-05 6.77862e-05 6.42451e-05 6.0846e-05 5.75876e-05 5.4468e-05 5.1485e-05 4.86357e-05 4.59171e-05 4.3326e-05 4.08586e-05 3.85113e-05 3.62803e-05 3.41614e-05 3.21509e-05 3.02444e-05 2.84382e-05 2.6728e-05 2.51098e-05 2.35799e-05 2.21341e-05 2.07688e-05 1.94803e-05 1.82648e-05 1.7119e-05 1.60393e-05 1.50225e-05 1.40654e-05 1.31649e-05 1.23181e-05 1.15222e-05 1.07743e-05 1.0072e-05 9.41266e-06 8.79395e-06 8.2136e-06 7.66943e-06 7.15938e-06 6.68149e-06 6.23387e-06 5.81477e-06 5.42249e-06 5.05544e-06 4.71211e-06 4.39106e-06 4.09094e-06 3.81048e-06 3.54845e-06 3.30372e-06 3.07521e-06 2.8619e-06 2.66284e-06 2.47712e-06 2.3039e-06 2.14236e-06 1.99177e-06 1.85141e-06 1.72063e-06 1.59878e-06 1.4853e-06 1.37962e-06 1.28124e-06 1.18967e-06 1.10446e-06 1.02518e-06 9.51434e-07 8.82849e-07 8.19077e-07 7.59792e-07 7.04688e-07 6.53481e-07 6.05904e-07 5.61706e-07 5.20657e-07
0.000550334 0.000166245 0.000165695 0.000164427 0.000162534 0.000160103 0.000157212 0.000153931 0.000150324 0.000146449 0.000142358 0.000138098 0.000133712 0.000129235 0.000124702 0.000120142 0.00011558 0.000111039 0.000106538 0.000102095 9.77247e-05 9.34383e-05 8.92467e-05 8.51585e-05 8.11805e-05 7.73184e-05 7.35763e-05 6.99573e-05 6.64636e-05 6.30962e-05 5.98556e-05 5.67416e-05 5.37531e-05 5.08888e-05 4.81468e-05 4.55249e-05 4.30205e-05 4.06309e-05 3.83529e-05 3.61835e-05 3.41192e-05 3.21567e-05 3.02924e-05 2.85228e-05 2.68443e-05 2.52534e-05 2.37466e-05 2.23203e-05 2.09712e-05 1.96958e-05 1.84908e-05 1.7353e-05 1.62792e-05 1.52664e-05 1.43117e-05 1.3412e-05 1.25648e-05 1.17672e-05 1.10167e-05 1.03109e-05 9.64743e-06 9.02394e-06 8.43829e-06 7.8884e-06 7.37229e-06 6.88807e-06 6.43393e-06 6.00816e-06 5.60913e-06 5.23528e-06 4.88513e-06 4.55731e-06 4.25047e-06 3.96336e-06 3.69481e-06 3.44367e-06 3.2089e-06 2.98948e-06 2.78448e-06 2.59299e-06 2.41417e-06 2.24723e-06 2.09141e-06 1.94602e-06 1.81039e-06 1.68389e-06 1.56594e-06 1.45598e-06 1.3535e-06 1.25801e-06 1.16905e-06 1.0862e-06 1.00904e-06 9.37215e-07 8.70354e-07 8.08133e-07 7.50239e-07 6.96383e-07 6.46292e-07 5.99713e-07 5.56407e-07
0.000495737 0.000152662 0.000152756 0.000152143 0.000150908 0.000149131 0.000146886 0.000144238 0.000141249 0.000137974 0.000134463 0.000130761 0.000126908 0.000122942 0.000118894 0.000114794 0.000110668 0.000106538 0.000102425 9.83457e-05 9.43155e-05 9.03474e-05 8.64527e-05 8.26406e-05 7.89192e-05 7.52947e-05 7.17724e-05 6.83563e-05 6.50493e-05 6.18536e-05 5.87703e-05 5.58002e-05 5.29431e-05 5.01985e-05 4.75652e-05 4.50418e-05 4.26264e-05 4.0317e-05 3.81111e-05 3.60062e-05 3.39994e-05 3.2088e-05 3.0269e-05 2.85393e-05 2.68958e-05 2.53353e-05 2.38548e-05 2.24511e-05 2.11212e-05 1.98619e-05 1.86703e-05 1.75433e-05 1.64781e-05 1.54719e-05 1.4522e-05 1.36255e-05 1.278e-05 1.1983e-05 1.1232e-05 1.05247e-05 9.85881e-06 9.23226e-06 8.64293e-06 8.08886e-06 7.56813e-06 7.07894e-06 6.61954e-06 6.18829e-06 5.7836e-06 5.40398e-06 5.04799e-06 4.71428e-06 4.40155e-06 4.10858e-06 3.8342e-06 3.57732e-06 3.33689e-06 3.11193e-06 2.9015e-06 2.70471e-06 2.52074e-06 2.34879e-06 2.18812e-06 2.03803e-06 1.89786e-06 1.76699e-06 1.64482e-06 1.53082e-06 1.42445e-06 1.32523e-06 1.23269e-06 1.14642e-06 1.066e-06 9.91048e-07 9.21211e-07 8.56152e-07 7.95556e-07 7.3913e-07 6.86596e-07 6.37695e-07 5.92185e-07
0.000446557 0.000140138 0.00014077 0.000140711 0.000140039 0.00013883 0.00013715 0.000135062 0.000132623 0.000129885 0.000126896 0.000123699 0.000120334 0.000116835 0.000113235 0.000109561 0.000105841 0.000102095 9.83457e-05 9.46092e-05 9.09015e-05 8.72361e-05 8.36249e-05 8.00778e-05 7.66033e-05 7.32087e-05 6.98998e-05 6.66814e-05 6.35573e-05 6.05303e-05 5.76025e-05 5.47751e-05 5.2049e-05 4.94242e-05 4.69003e-05 4.44765e-05 4.21517e-05 3.99243e-05 3.77925e-05 3.57544e-05 3.38077e-05 3.19501e-05 3.0179e-05 2.8492e-05 2.68862e-05 2.5359e-05 2.39076e-05 2.25293e-05 2.12213e-05 1.99808e-05 1.88051e-05 1.76915e-05 1.66374e-05 1.56401e-05 1.46972e-05 1.38062e-05 1.29646e-05 1.21701e-05 1.14204e-05 1.07134e-05 1.0047e-05 9.419e-06 8.82756e-06 8.27077e-06 7.74681e-06 7.25394e-06 6.79052e-06 6.35493e-06 5.94567e-06 5.56128e-06 5.20039e-06 4.86167e-06 4.54387e-06 4.24579e-06 3.96631e-06 3.70434e-06 3.45887e-06 3.22892e-06 3.01358e-06 2.81198e-06 2.6233e-06 2.44675e-06 2.2816e-06 2.12716e-06 1.98277e-06 1.84781e-06 1.7217e-06 1.60389e-06 1.49385e-06 1.3911e-06 1.29517e-06 1.20564e-06 1.1221e-06 1.04417e-06 9.71473e-07 9.03686e-07 8.40486e-07 7.81577e-07 7.26676e-07 6.75523e-07 6.2787e-07
0.000402256 0.000128596 0.000129672 0.000130078 0.000129888 0.000129167 0.00012798 0.000126384 0.000124433 0.000122175 0.000119656 0.000116916 0.000113994 0.000110923 0.000107734 0.000104455 0.000101111 9.77247e-05 9.43155e-05 9.09015e-05 8.74985e-05 8.41203e-05 8.0779e-05 7.74852e-05 7.42479e-05 7.10747e-05 6.79723e-05 6.4946e-05 6.20002e-05 5.91385e-05 5.63635e-05 5.36772e-05 5.10809e-05 4.85754e-05 4.6161e-05 4.38373e-05 4.1604e-05 3.94599e-05 3.74038e-05 3.54343e-05 3.35496e-05 3.17479e-05 3.00271e-05 2.8385e-05 2.68193e-05 2.53278e-05 2.3908e-05 2.25574e-05 2.12738e-05 2.00545e-05 1.88971e-05 1.77992e-05 1.67584e-05 1.57723e-05 1.48386e-05 1.39549e-05 1.31192e-05 1.23291e-05 1.15826e-05 1.08776e-05 1.02122e-05 9.58438e-06 8.9923e-06 8.43419e-06 7.90832e-06 7.41304e-06 6.94676e-06 6.50796e-06 6.09517e-06 5.707e-06 5.34212e-06 4.99925e-06 4.67719e-06 4.37476e-06 4.09087e-06 3.82446e-06 3.57455e-06 3.34019e-06 3.12046e-06 2.91453e-06 2.72158e-06 2.54085e-06 2.37161e-06 2.21316e-06 2.06488e-06 1.92613e-06 1.79634e-06 1.67497e-06 1.56149e-06 1.45541e-06 1.35629e-06 1.26368e-06 1.17718e-06 1.0964e-06 1.02098e-06 9.50579e-07 8.84881e-07 8.23583e-07 7.66401e-07 7.13072e-07 6.63344e-07
0.00036235 0.000117965 0.000119403 0.000120197 0.000120413 0.000120112 0.000119353 0.000118188 0.000116668 0.000114838 0.00011274 0.000110413 0.000107893 0.000105213 0.000102402 9.94864e-05 9.64912e-05 9.34383e-05 9.03474e-05 8.72361e-05 8.41203e-05 8.10138e-05 7.7929e-05 7.48767e-05 7.18664e-05 6.89061e-05 6.60028e-05 6.31625e-05 6.03901e-05 5.76895e-05 5.50642e-05 5.25165e-05 5.00485e-05 4.76613e-05 4.53558e-05 4.31323e-05 4.09907e-05 3.89306e-05 3.69513e-05 3.50517e-05 3.32306e-05 3.14864e-05 2.98176e-05 2.82224e-05 2.66989e-05 2.52451e-05 2.3859e-05 2.25384e-05 2.12812e-05 2.00852e-05 1.89483e-05 1.78681e-05 1.68427e-05 1.58697e-05 1.49471e-05 1.40728e-05 1.32447e-05 1.24608e-05 1.17191e-05 1.10178e-05 1.03549e-05 9.72868e-06 9.13736e-06 8.57927e-06 8.05276e-06 7.55626e-06 7.08826e-06 6.64731e-06 6.232e-06 5.841e-06 5.47303e-06 5.12686e-06 4.80131e-06 4.49526e-06 4.20765e-06 3.93746e-06 3.68371e-06 3.44548e-06 3.2219e-06 3.01212e-06 2.81535e-06 2.63085e-06 2.45789e-06 2.29581e-06 2.14395e-06 2.00172e-06 1.86853e-06 1.74385e-06 1.62717e-06 1.51799e-06 1.41586e-06 1.32035e-06 1.23105e-06 1.14758e-06 1.06957e-06 9.96683e-07 9.28599e-07 8.65014e-07 8.05643e-07 7.5022e-07 6.98492e-07
0.000326402 0.000108178 0.000109907 0.00011102 0.000111578 0.000111635 0.000111245 0.000110456 0.000109315 0.000107865 0.000106143 0.000104189 0.000102033 9.97088e-05 9.72432e-05 9.46623e-05 9.19897e-05 8.92467e-05 8.64527e-05 8.36249e-05 8.0779e-05 7.7929e-05 7.50872e-05 7.22647e-05 6.94711e-05 6.67147e-05 6.4003e-05 6.13422e-05 5.87377e-05 5.61939e-05 5.37146e-05 5.13027e-05 4.89607e-05 4.66903e-05 4.44927e-05 4.23688e-05 4.0319e-05 3.83432e-05 3.64412e-05 3.46123e-05 3.28558e-05 3.11704e-05 2.95551e-05 2.80084e-05 2.65287e-05 2.51144e-05 2.37638e-05 2.2475e-05 2.12461e-05 2.00753e-05 1.89606e-05 1.79001e-05 1.68918e-05 1.59338e-05 1.50241e-05 1.41608e-05 1.3342e-05 1.25659e-05 1.18306e-05 1.11344e-05 1.04755e-05 9.85228e-06 9.26305e-06 8.70623e-06 8.18028e-06 7.6837e-06 7.21507e-06 6.77299e-06 6.35614e-06 5.96323e-06 5.59303e-06 5.24436e-06 4.9161e-06 4.60716e-06 4.3165e-06 4.04315e-06 3.78615e-06 3.54461e-06 3.31768e-06 3.10453e-06 2.9044e-06 2.71654e-06 2.54026e-06 2.37489e-06 2.21979e-06 2.07438e-06 1.93808e-06 1.81036e-06 1.69071e-06 1.57865e-06 1.47372e-06 1.37549e-06 1.28357e-06 1.19756e-06 1.1171e-06 1.04186e-06 9.71507e-07 9.05743e-07 8.44282e-07 7.86854e-07 7.33206e-07
0.000294021 9.91714e-05 0.00010113 0.000102503 0.000103344 0.000103704 0.000103631 0.000103169 0.000102361 0.000101246 9.98613e-05 9.82401e-05 9.64143e-05 9.4413e-05 9.22632e-05 8.99894e-05 8.76143e-05 8.51585e-05 8.26406e-05 8.00778e-05 7.74852e-05 7.48767e-05 7.22647e-05 6.96602e-05 6.70729e-05 6.45114e-05 6.19834e-05 5.94954e-05 5.7053e-05 5.46612e-05 5.23239e-05 5.00446e-05 4.7826e-05 4.56704e-05 4.35794e-05 4.15541e-05 3.95954e-05 3.77038e-05 3.58792e-05 3.41216e-05 3.24303e-05 3.08047e-05 2.92439e-05 2.77469e-05 2.63124e-05 2.4939e-05 2.36253e-05 2.23699e-05 2.1171e-05 2.0027e-05 1.89362e-05 1.7897e-05 1.69075e-05 1.5966e-05 1.50708e-05 1.422e-05 1.34121e-05 1.26452e-05 1.19178e-05 1.12281e-05 1.05746e-05 9.95564e-06 9.36974e-06 8.81538e-06 8.29111e-06 7.79555e-06 7.32731e-06 6.88509e-06 6.46761e-06 6.07367e-06 5.70208e-06 5.3517e-06 5.02147e-06 4.71033e-06 4.41729e-06 4.14139e-06 3.88173e-06 3.63742e-06 3.40765e-06 3.19161e-06 2.98855e-06 2.79775e-06 2.61852e-06 2.45022e-06 2.29222e-06 2.14394e-06 2.00481e-06 1.87431e-06 1.75194e-06 1.63722e-06 1.5297e-06 1.42895e-06 1.33458e-06 1.24619e-06 1.16344e-06 1.08597e-06 1.01348e-06 9.4565e-07 8.82202e-07 8.22863e-07 7.67381e-07
0.000264852 9.08874e-05 9.30216e-05 9.46022e-05 9.56768e-05 9.62911e-05 9.64881e-05 9.63088e-05 9.57916e-05 9.49729e-05 9.38863e-05 9.25638e-05 9.10347e-05 8.93265e-05 8.74645e-05 8.54721e-05 8.33708e-05 8.11805e-05 7.89192e-05 7.66033e-05 7.42479e-05 7.18664e-05 6.94711e-05 6.70729e-05 6.46816e-05 6.2306e-05 5.99537e-05 5.76315e-05 5.53454e-05 5.31003e-05 5.09008e-05 4.87504e-05 4.66524e-05 4.46092e-05 4.26228e-05 4.06949e-05 3.88265e-05 3.70184e-05 3.52711e-05 3.35847e-05 3.1959e-05 3.03937e-05 2.88883e-05 2.74418e-05 2.60535e-05 2.47222e-05 2.34467e-05 2.22259e-05 2.10584e-05 1.99426e-05 1.88772e-05 1.78607e-05 1.68914e-05 1.59679e-05 1.50885e-05 1.42518e-05 1.34561e-05 1.26998e-05 1.19816e-05 1.12997e-05 1.06527e-05 1.00393e-05 9.45785e-06 8.90706e-06 8.38556e-06 7.89202e-06 7.42515e-06 6.98372e-06 6.56651e-06 6.17238e-06 5.80019e-06 5.44887e-06 5.11738e-06 4.80471e-06 4.50992e-06 4.23209e-06 3.97032e-06 3.72378e-06 3.49167e-06 3.2732e-06 3.06765e-06 2.87432e-06 2.69254e-06 2.52166e-06 2.36109e-06 2.21024e-06 2.06857e-06 1.93556e-06 1.81072e-06 1.69356e-06 1.58366e-06 1.48059e-06 1.38394e-06 1.29335e-06 1.20845e-06 1.12891e-06 1.0544e-06 9.84623e-07 9.19294e-07 8.58144e-07 8.00918e-07
0.000238577 8.3271e-05 8.55351e-05 8.72778e-05 8.85415e-05 8.93669e-05 8.97927e-05 8.98559e-05 8.95915e-05 8.90327e-05 8.82106e-05 8.71547e-05 8.58923e-05 8.4449e-05 8.28487e-05 8.11134e-05 7.92637e-05 7.73184e-05 7.52947e-05 7.32087e-05 7.10747e-05 6.89061e-05 6.67147e-05 6.45114e-05 6.2306e-05 6.01071e-05 5.79225e-05 5.57591e-05 5.3623e-05 5.15194e-05 4.9453e-05 4.74278e-05 4.5447e-05 4.35136e-05 4.16298e-05 3.97974e-05 3.80181e-05 3.62927e-05 3.46221e-05 3.30067e-05 3.14467e-05 2.99419e-05 2.84922e-05 2.70969e-05 2.57555e-05 2.44672e-05 2.3231e-05 2.20459e-05 2.09107e-05 1.98244e-05 1.87856e-05 1.7793e-05 1.68452e-05 1.5941e-05 1.50788e-05 1.42573e-05 1.34751e-05 1.27307e-05 1.20227e-05 1.13498e-05 1.07106e-05 1.01038e-05 9.52788e-06 8.98171e-06 8.46396e-06 7.97341e-06 7.50883e-06 7.06907e-06 6.65297e-06 6.25945e-06 5.88743e-06 5.53589e-06 5.20383e-06 4.8903e-06 4.59438e-06 4.31518e-06 4.05186e-06 3.80361e-06 3.56964e-06 3.3492e-06 3.1416e-06 2.94614e-06 2.76217e-06 2.58907e-06 2.42625e-06 2.27315e-06 2.12923e-06 1.99397e-06 1.8669e-06 1.74755e-06 1.63548e-06 1.53028e-06 1.43155e-06 1.33891e-06 1.25203e-06 1.17055e-06 1.09416e-06 1.02255e-06 9.55459e-07 8.926e-07 8.33724e-07
0.000214909 7.62713e-05 7.86258e-05 8.04915e-05 8.19055e-05 8.2904e-05 8.35216e-05 8.37917e-05 8.37458e-05 8.34142e-05 8.28256e-05 8.20068e-05 8.09833e-05 7.9779e-05 7.8416e-05 7.69153e-05 7.52961e-05 7.35763e-05 7.17724e-05 6.98998e-05 6.79723e-05 6.60028e-05 6.4003e-05 6.19834e-05 5.99537e-05 5.79225e-05 5.58975e-05 5.38858e-05 5.18934e-05 4.99259e-05 4.79879e-05 4.60837e-05 4.42167e-05 4.23901e-05 4.06064e-05 3.88678e-05 3.71759e-05 3.5532e-05 3.39373e-05 3.23924e-05 3.08977e-05 2.94535e-05 2.80596e-05 2.67159e-05 2.5422e-05 2.41772e-05 2.29809e-05 2.18324e-05 2.07306e-05 1.96747e-05 1.86635e-05 1.76959e-05 1.67707e-05 1.58868e-05 1.5043e-05 1.42378e-05 1.34702e-05 1.27387e-05 1.20422e-05 1.13794e-05 1.0749e-05 1.01497e-05 9.58039e-06 9.03979e-06 8.52673e-06 8.04006e-06 7.57864e-06 7.14137e-06 6.72718e-06 6.33503e-06 5.96391e-06 5.61283e-06 5.28087e-06 4.96709e-06 4.67063e-06 4.39064e-06 4.1263e-06 3.87683e-06 3.64148e-06 3.41953e-06 3.21029e-06 3.01309e-06 2.82731e-06 2.65234e-06 2.48761e-06 2.33255e-06 2.18666e-06 2.04943e-06 1.92038e-06 1.79906e-06 1.68504e-06 1.5779e-06 1.47727e-06 1.38277e-06 1.29405e-06 1.21078e-06 1.13265e-06 1.05935e-06 9.90601e-07 9.26139e-07 8.6571e-07
0.000193589 6.98408e-05 7.22523e-05 7.4207e-05 7.57376e-05 7.68758e-05 7.76526e-05 7.80976e-05 7.82395e-05 7.81056e-05 7.7722e-05 7.71135e-05 7.63034e-05 7.53139e-05 7.41658e-05 7.28784e-05 7.14699e-05 6.99573e-05 6.83563e-05 6.66814e-05 6.4946e-05 6.31625e-05 6.13422e-05 5.94954e-05 5.76315e-05 5.57591e-05 5.38858e-05 5.20186e-05 5.01637e-05 4.83265e-05 4.65121e-05 4.47245e-05 4.29677e-05 4.12448e-05 3.95586e-05 3.79114e-05 3.63052e-05 3.47415e-05 3.32215e-05 3.17463e-05 3.03165e-05 2.89324e-05 2.75944e-05 2.63023e-05 2.5056e-05 2.38553e-05 2.26995e-05 2.15881e-05 2.05204e-05 1.94957e-05 1.85129e-05 1.75712e-05 1.66696e-05 1.58071e-05 1.49824e-05 1.41947e-05 1.34426e-05 1.27251e-05 1.2041e-05 1.13892e-05 1.07685e-05 1.01778e-05 9.61594e-06 9.0818e-06 8.5743e-06 8.09234e-06 7.63489e-06 7.2009e-06 6.78936e-06 6.3993e-06 6.02977e-06 5.67982e-06 5.34857e-06 5.03516e-06 4.73873e-06 4.45848e-06 4.19364e-06 3.94344e-06 3.70717e-06 3.48414e-06 3.27367e-06 3.07512e-06 2.88789e-06 2.71139e-06 2.54506e-06 2.38836e-06 2.24078e-06 2.10183e-06 1.97105e-06 1.84799e-06 1.73223e-06 1.62337e-06 1.52102e-06 1.42483e-06 1.33444e-06 1.24953e-06 1.16979e-06 1.09491e-06 1.02463e-06 9.58677e-07 8.96797e-07
0.000174383 6.39356e-05 6.63756e-05 6.83903e-05 7.0008e-05 7.12567e-05 7.21637e-05 7.27554e-05 7.30574e-05 7.30945e-05 7.28903e-05 7.24675e-05 7.18474e-05 7.10506e-05 7.00962e-05 6.90024e-05 6.77862e-05 6.64636e-05 6.50493e-05 6.35573e-05 6.20002e-05 6.03901e-05 5.87377e-05 5.7053e-05 5.53454e-05 5.3623e-05 5.18934e-05 5.01637e-05 4.84398e-05 4.67275e-05 4.50315e-05 4.33563e-05 4.17058e-05 4.00833e-05 3.84917e-05 3.69336e-05 3.5411e-05 3.39258e-05 3.24793e-05 3.10727e-05 2.97069e-05 2.83826e-05 2.71e-05 2.58595e-05 2.4661e-05 2.35044e-05 2.23894e-05 2.13157e-05 2.02826e-05 1.92896e-05 1.8336e-05 1.74209e-05 1.65437e-05 1.57032e-05 1.48987e-05 1.41291e-05 1.33935e-05 1.26908e-05 1.20201e-05 1.13801e-05 1.077e-05 1.01887e-05 9.63516e-06 9.1083e-06 8.60715e-06 8.13069e-06 7.67795e-06 7.24797e-06 6.83979e-06 6.4525e-06 6.08519e-06 5.737e-06 5.40707e-06 5.09457e-06 4.79872e-06 4.51874e-06 4.25388e-06 4.00343e-06 3.76669e-06 3.54298e-06 3.33168e-06 3.13217e-06 2.94385e-06 2.76615e-06 2.59854e-06 2.44048e-06 2.29149e-06 2.15109e-06 2.01882e-06 1.89425e-06 1.77697e-06 1.66658e-06 1.5627e-06 1.46499e-06 1.37309e-06 1.28669e-06 1.20548e-06 1.12917e-06 1.05747e-06 9.90137e-07 9.26907e-07
0.000157083 5.85147e-05 6.09592e-05 6.3009e-05 6.46886e-05 6.60222e-05 6.70339e-05 6.77471e-05 6.81846e-05 6.83686e-05 6.83206e-05 6.8061e-05 6.76095e-05 6.69849e-05 6.62049e-05 6.52863e-05 6.42451e-05 6.30962e-05 6.18536e-05 6.05303e-05 5.91385e-05 5.76895e-05 5.61939e-05 5.46612e-05 5.31003e-05 5.15194e-05 4.99259e-05 4.83265e-05 4.67275e-05 4.51342e-05 4.35517e-05 4.19844e-05 4.04362e-05 3.89106e-05 3.74107e-05 3.5939e-05 3.44979e-05 3.30893e-05 3.17148e-05 3.03757e-05 2.9073e-05 2.78076e-05 2.658e-05 2.53907e-05 2.42398e-05 2.31274e-05 2.20534e-05 2.10175e-05 2.00194e-05 1.90586e-05 1.81347e-05 1.72468e-05 1.63945e-05 1.55769e-05 1.47932e-05 1.40426e-05 1.33242e-05 1.26371e-05 1.19803e-05 1.13531e-05 1.07544e-05 1.01832e-05 9.6387e-06 9.11987e-06 8.6258e-06 8.15555e-06 7.70823e-06 7.28292e-06 6.87875e-06 6.49486e-06 6.1304e-06 5.78454e-06 5.45649e-06 5.14547e-06 4.85071e-06 4.57149e-06 4.30709e-06 4.05683e-06 3.82004e-06 3.59608e-06 3.38433e-06 3.18421e-06 2.99514e-06 2.81658e-06 2.64799e-06 2.48887e-06 2.33874e-06 2.19714e-06 2.06363e-06 1.93778e-06 1.81918e-06 1.70746e-06 1.60224e-06 1.50318e-06 1.40994e-06 1.3222e-06 1.23966e-06 1.16204e-06 1.08905e-06 1.02045e-06 9.55971e-07
0.0001415 5.35401e-05 5.5969e-05 5.80329e-05 5.97525e-05 6.11488e-05 6.22429e-05 6.30553e-05 6.36062e-05 6.39156e-05 6.40027e-05 6.3886e-05 6.35834e-05 6.31122e-05 6.24887e-05 6.17283e-05 6.0846e-05 5.98556e-05 5.87703e-05 5.76025e-05 5.63635e-05 5.50642e-05 5.37146e-05 5.23239e-05 5.09008e-05 4.9453e-05 4.79879e-05 4.65121e-05 4.50315e-05 4.35517e-05 4.20776e-05 4.06136e-05 3.91638e-05 3.77316e-05 3.63202e-05 3.49323e-05 3.35703e-05 3.22363e-05 3.0932e-05 2.96589e-05 2.84182e-05 2.72109e-05 2.60376e-05 2.4899e-05 2.37954e-05 2.2727e-05 2.16939e-05 2.0696e-05 1.97331e-05 1.88049e-05 1.79109e-05 1.70508e-05 1.62239e-05 1.54296e-05 1.46673e-05 1.39363e-05 1.32357e-05 1.25649e-05 1.19229e-05 1.1309e-05 1.07223e-05 1.0162e-05 9.62725e-06 9.11712e-06 8.63079e-06 8.16741e-06 7.72613e-06 7.30613e-06 6.90658e-06 6.52668e-06 6.16563e-06 5.82267e-06 5.49703e-06 5.18798e-06 4.89481e-06 4.61682e-06 4.35333e-06 4.10369e-06 3.86726e-06 3.64343e-06 3.43162e-06 3.23124e-06 3.04176e-06 2.86264e-06 2.69337e-06 2.53348e-06 2.38248e-06 2.23994e-06 2.10542e-06 1.9785e-06 1.85881e-06 1.74595e-06 1.63958e-06 1.53934e-06 1.44491e-06 1.35599e-06 1.27226e-06 1.19346e-06 1.1193e-06 1.04954e-06 9.83927e-07
0.000127462 4.89767e-05 5.13735e-05 5.34335e-05 5.51744e-05 5.66143e-05 5.77711e-05 5.8663e-05 5.93078e-05 5.97232e-05 5.99264e-05 5.99341e-05 5.97626e-05 5.94276e-05 5.89439e-05 5.8326e-05 5.75876e-05 5.67416e-05 5.58002e-05 5.47751e-05 5.36772e-05 5.25165e-05 5.13027e-05 5.00446e-05 4.87504e-05 4.74278e-05 4.60837e-05 4.47245e-05 4.33563e-05 4.19844e-05 4.06136e-05 3.92484e-05 3.78929e-05 3.65504e-05 3.52244e-05 3.39174e-05 3.26321e-05 3.13706e-05 3.01348e-05 2.89262e-05 2.77461e-05 2.65958e-05 2.5476e-05 2.43875e-05 2.33307e-05 2.2306e-05 2.13136e-05 2.03536e-05 1.94259e-05 1.85304e-05 1.76667e-05 1.68345e-05 1.60334e-05 1.5263e-05 1.45225e-05 1.38116e-05 1.31294e-05 1.24753e-05 1.18487e-05 1.12488e-05 1.06748e-05 1.01259e-05 9.60149e-06 9.10067e-06 8.62269e-06 8.16676e-06 7.73213e-06 7.318e-06 6.92363e-06 6.54826e-06 6.19116e-06 5.8516e-06 5.52888e-06 5.22229e-06 4.93117e-06 4.65485e-06 4.3927e-06 4.14409e-06 3.90841e-06 3.68509e-06 3.47356e-06 3.27327e-06 3.0837e-06 2.90433e-06 2.73468e-06 2.57428e-06 2.42268e-06 2.27943e-06 2.14414e-06 2.01638e-06 1.89579e-06 1.78199e-06 1.67464e-06 1.5734e-06 1.47795e-06 1.38799e-06 1.30322e-06 1.22337e-06 1.14816e-06 1.07736e-06 1.01072e-06
0.000114817 4.47917e-05 4.71428e-05 4.91842e-05 5.09306e-05 5.23973e-05 5.35998e-05 5.45538e-05 5.52751e-05 5.57792e-05 5.60815e-05 5.61969e-05 5.61402e-05 5.59255e-05 5.55665e-05 5.50765e-05 5.4468e-05 5.37531e-05 5.29431e-05 5.2049e-05 5.10809e-05 5.00485e-05 4.89607e-05 4.7826e-05 4.66524e-05 4.5447e-05 4.42167e-05 4.29677e-05 4.17058e-05 4.04362e-05 3.91638e-05 3.78929e-05 3.66275e-05 3.53711e-05 3.41271e-05 3.28982e-05 3.16871e-05 3.04958e-05 2.93265e-05 2.81807e-05 2.70599e-05 2.59654e-05 2.48981e-05 2.38588e-05 2.28482e-05 2.18668e-05 2.09148e-05 1.99925e-05 1.91e-05 1.82371e-05 1.74038e-05 1.65998e-05 1.58248e-05 1.50784e-05 1.43602e-05 1.36697e-05 1.30064e-05 1.23696e-05 1.17588e-05 1.11733e-05 1.06125e-05 1.00757e-05 9.56213e-06 9.07116e-06 8.60207e-06 8.15415e-06 7.72668e-06 7.31896e-06 6.93028e-06 6.55995e-06 6.20729e-06 5.87162e-06 5.55227e-06 5.24859e-06 4.95995e-06 4.68573e-06 4.42532e-06 4.17812e-06 3.94357e-06 3.72112e-06 3.51021e-06 3.31033e-06 3.12098e-06 2.94166e-06 2.77191e-06 2.61127e-06 2.45931e-06 2.31561e-06 2.17976e-06 2.05138e-06 1.93009e-06 1.81555e-06 1.7074e-06 1.60533e-06 1.50901e-06 1.41816e-06 1.33248e-06 1.25171e-06 1.17559e-06 1.10386e-06 1.03629e-06
