0.385163 0.0863365 0.0397224 0.0197489 0.00964079 0.00449485 0.00200349 0.000860816 0.000359499 0.000146912 5.9043e-05 2.34224e-05 9.1964e-06 3.58088e-06 1.38483e-06 5.32513e-07 2.03784e-07 7.76639e-08 2.94927e-08 1.11648e-08 4.21489e-09 1.58728e-09 5.96438e-10 2.23674e-10 8.37302e-11 3.12922e-11 1.1677e-11 4.35076e-12 1.61735e-12 5.96081e-13 2.21357e-13
0.0863365 0.0252428 0.0116057 0.0046371 0.00172592 0.000620597 0.000219641 7.72396e-05 2.71162e-05 9.52443e-06 3.3503e-06 1.1806e-06 4.16778e-07 1.47383e-07 5.21994e-08 1.85134e-08 6.57425e-09 2.33713e-09 8.31657e-10 2.96198e-10 1.05574e-10 3.76558e-11 1.34393e-11 4.79918e-12 1.71465e-12 6.12881e-13 2.19132e-13 7.83131e-14 2.78387e-14 9.52817e-15 3.41302e-15
0.0397224 0.0116057 0.00392665 0.00136229 0.000472041 0.000163122 5.63736e-05 1.95264e-05 6.786e-06 2.36685e-06 8.28375e-07 2.90828e-07 1.02384e-07 3.61285e-08 1.27748e-08 4.52496e-09 1.60521e-09 5.70188e-10 2.02768e-10 7.21793e-11 2.57163e-11 9.16939e-12 3.2717e-12 1.16808e-12 4.1726e-13 1.49117e-13 5.32876e-14 1.89886e-14 6.62914e-15 2.3599e-15 8.45385e-16
0.0197489 0.0046371 0.00136229 0.000431342 0.000141402 4.72254e-05 1.59682e-05 5.45069e-06 1.87499e-06 6.49108e-07 2.25906e-07 7.89654e-08 2.77023e-08 9.74768e-09 3.43859e-09 1.21557e-09 4.30491e-10 1.52692e-10 5.42308e-11 1.92831e-11 6.86348e-12 2.4451e-12 8.71743e-13 3.11014e-13 1.11025e-13 3.96448e-14 1.41381e-14 4.98865e-15 1.78022e-15 6.33623e-16 2.26906e-16
0.00964079 0.00172592 0.000472041 0.000141402 4.46312e-05 1.45351e-05 4.83169e-06 1.62972e-06 5.55753e-07 1.91132e-07 6.61749e-08 2.30345e-08 8.05279e-09 2.82523e-09 9.94108e-10 3.50652e-10 1.23942e-10 4.38854e-11 1.55625e-11 5.52593e-12 1.96438e-12 6.99e-13 2.48949e-13 8.87304e-14 3.16427e-14 1.12807e-14 4.00134e-15 1.42761e-15 5.09251e-16 1.8118e-16 6.48441e-17
0.00449485 0.000620597 0.000163122 4.72254e-05 1.45351e-05 4.6504e-06 1.52659e-06 5.10228e-07 1.72792e-07 5.91025e-08 2.03721e-08 7.06493e-09 2.46205e-09 8.61399e-10 3.02363e-10 1.06422e-10 3.75429e-11 1.32699e-11 4.69822e-12 1.6658e-12 5.91371e-13 2.10172e-13 7.47662e-14 2.66181e-14 9.47938e-15 3.3689e-15 1.20097e-15 4.28241e-16 1.52674e-16 5.42896e-17 1.94165e-17
0.00200349 0.000219641 5.63736e-05 1.59682e-05 4.83169e-06 1.52659e-06 4.96526e-07 1.64796e-07 5.55034e-08 1.88999e-08 6.49021e-09 2.24351e-09 7.79634e-10 2.72089e-10 9.52929e-11 3.34722e-11 1.17863e-11 4.15899e-12 1.47021e-12 5.20536e-13 1.84549e-13 6.55075e-14 2.32762e-14 8.27636e-15 2.94144e-15 1.04733e-15 3.73096e-16 1.3295e-16 4.73682e-17 1.68341e-17 6.01622e-18
0.000860816 7.72396e-05 1.95264e-05 5.45069e-06 1.62972e-06 5.10228e-07 1.64796e-07 5.43961e-08 1.82392e-08 6.18761e-09 2.118e-09 7.30079e-10 2.5307e-10 8.81209e-11 3.07991e-11 1.07981e-11 3.79577e-12 1.33728e-12 4.72041e-13 1.66902e-13 5.90984e-14 2.09526e-14 7.43605e-15 2.64007e-15 9.38616e-16 3.33937e-16 1.18872e-16 4.23291e-17 1.50713e-17 5.35307e-18 1.91172e-18
0.000359499 2.71162e-05 6.786e-06 1.87499e-06 5.55753e-07 1.72792e-07 5.55034e-08 1.82392e-08 6.09294e-09 2.06041e-09 7.03293e-10 2.4182e-10 8.3634e-11 2.90624e-11 1.01386e-11 3.54845e-12 1.24538e-12 4.38111e-13 1.54437e-13 5.45356e-14 1.92875e-14 6.83026e-15 2.42099e-15 8.59224e-16 3.05217e-16 1.08502e-16 3.85948e-17 1.37336e-17 4.88669e-18 1.73469e-18 6.19075e-19
0.000146912 9.52443e-06 2.36685e-06 6.49108e-07 1.91132e-07 5.91025e-08 1.88999e-08 6.18761e-09 2.06041e-09 6.94804e-10 2.36571e-10 8.11596e-11 2.80118e-11 9.71575e-12 3.38356e-12 1.18235e-12 4.14353e-13 1.45567e-13 5.12478e-14 1.80754e-14 6.38547e-15 2.25869e-15 8.00038e-16 2.83687e-16 1.00689e-16 3.57665e-17 1.27131e-17 4.52077e-18 1.60756e-18 5.70351e-19 2.03413e-19
5.9043e-05 3.3503e-06 8.28375e-07 2.25906e-07 6.61749e-08 2.03721e-08 6.49021e-09 2.118e-09 7.03293e-10 2.36571e-10 8.03679e-11 2.75153e-11 9.47903e-12 3.28211e-12 1.1412e-12 3.98197e-13 1.39357e-13 4.88955e-14 1.71936e-14 6.05751e-15 2.13759e-15 7.55479e-16 2.67354e-16 9.47218e-17 3.3593e-17 1.19239e-17 4.23536e-18 1.50512e-18 5.34887e-19 1.89677e-19 6.76052e-20
2.34224e-05 1.1806e-06 2.90828e-07 7.89654e-08 2.30345e-08 7.06493e-09 2.24351e-09 7.30079e-10 2.4182e-10 8.11596e-11 2.75153e-11 9.40273e-12 3.23369e-12 1.11789e-12 3.88125e-13 1.35244e-13 4.72713e-14 1.65662e-14 5.81888e-15 2.04788e-15 7.22007e-16 2.54945e-16 9.01448e-17 3.19121e-17 1.13091e-17 4.01135e-18 1.42388e-18 5.05688e-19 1.79608e-19 6.36598e-20 2.26765e-20
9.1964e-06 4.16778e-07 1.02384e-07 2.77023e-08 8.05279e-09 2.46205e-09 7.79634e-10 2.5307e-10 8.3634e-11 2.80118e-11 9.47903e-12 3.23369e-12 1.11034e-12 3.83283e-13 1.32893e-13 4.62485e-14 1.6146e-14 5.65211e-15 1.98322e-15 6.97317e-16 2.45625e-16 8.66576e-17 3.06163e-17 1.08302e-17 3.8353e-18 1.35947e-18 4.82257e-19 1.71171e-19 6.07624e-20 2.15265e-20 7.66381e-21
3.58088e-06 1.47383e-07 3.61285e-08 9.74768e-09 2.82523e-09 8.61399e-10 2.72089e-10 8.81209e-11 2.90624e-11 9.71575e-12 3.28211e-12 1.11789e-12 3.83283e-13 1.32128e-13 4.57538e-14 1.59042e-14 5.54625e-15 1.93952e-15 6.79895e-16 2.3884e-16 8.40579e-17 2.96321e-17 1.04611e-17 3.69788e-18 1.30864e-18 4.63568e-19 1.64347e-19 5.83e-20 2.06845e-20 7.32476e-21 2.60637e-21
1.38483e-06 5.21994e-08 1.27748e-08 3.43859e-09 9.94108e-10 3.02363e-10 9.52929e-11 3.07991e-11 1.01386e-11 3.38356e-12 1.1412e-12 3.88125e-13 1.32893e-13 4.57538e-14 1.58252e-14 5.49482e-15 1.91422e-15 6.68762e-16 2.34221e-16 8.22093e-17 2.89097e-17 1.01835e-17 3.59253e-18 1.26906e-18 4.48817e-19 1.58891e-19 5.62986e-20 1.99606e-20 7.07838e-21 2.50553e-21 8.91096e-22
5.32513e-07 1.85134e-08 4.52496e-09 1.21557e-09 3.50652e-10 1.06422e-10 3.34722e-11 1.07981e-11 3.54845e-12 1.18235e-12 3.98197e-13 1.35244e-13 4.62485e-14 1.59042e-14 5.49482e-15 1.90594e-15 6.63334e-16 2.31536e-16 8.10219e-17 2.8415e-17 9.98482e-18 3.51465e-18 1.23906e-18 4.37413e-19 1.54602e-19 5.47009e-20 1.93712e-20 6.86452e-21 2.43313e-21 8.60909e-22 3.06038e-22
2.03784e-07 6.57425e-09 1.60521e-09 4.30491e-10 1.23942e-10 3.75429e-11 1.17863e-11 3.79577e-12 1.24538e-12 4.14353e-13 1.39357e-13 4.72713e-14 1.6146e-14 5.54625e-15 1.91422e-15 6.63334e-16 2.30654e-16 8.04411e-17 2.81263e-17 9.85664e-18 3.46107e-18 1.21747e-18 4.2893e-19 1.51329e-19 5.34557e-20 1.89032e-20 6.69072e-21 2.36981e-21 8.39599e-22 2.9696e-22 1.05516e-22
7.76639e-08 2.33713e-09 5.70188e-10 1.52692e-10 4.38854e-11 1.32699e-11 4.15899e-12 1.33728e-12 4.38111e-13 1.45567e-13 4.88955e-14 1.65662e-14 5.65211e-15 1.93952e-15 6.68762e-16 2.31536e-16 8.04411e-17 2.80314e-17 9.79379e-18 3.42969e-18 1.20349e-18 4.23067e-19 1.48961e-19 5.25238e-20 1.85434e-20 6.55397e-21 2.31861e-21 8.20854e-22 2.90694e-22 1.02779e-22 3.65037e-23
2.94927e-08 8.31657e-10 2.02768e-10 5.42308e-11 1.55625e-11 4.69822e-12 1.47021e-12 4.72041e-13 1.54437e-13 5.12478e-14 1.71936e-14 5.81888e-15 1.98322e-15 6.79895e-16 2.34221e-16 8.10219e-17 2.81263e-17 9.79379e-18 3.41936e-18 1.19662e-18 4.19625e-19 1.47423e-19 5.18772e-20 1.82819e-20 6.45098e-21 2.27889e-21 8.05827e-22 2.85159e-22 1.00943e-22 3.56774e-23 1.26662e-23
1.11648e-08 2.96198e-10 7.21793e-11 1.92831e-11 5.52593e-12 1.6658e-12 5.20536e-13 1.66902e-13 5.45356e-14 1.80754e-14 6.05751e-15 2.04788e-15 6.97317e-16 2.3884e-16 8.22093e-17 2.8415e-17 9.85664e-18 3.42969e-18 1.19662e-18 4.18491e-19 1.46665e-19 5.14965e-20 1.81113e-20 6.37919e-21 2.24985e-21 7.94412e-22 2.80781e-22 9.93179e-23 3.51436e-23 1.2417e-23 4.40654e-24
4.21489e-09 1.05574e-10 2.57163e-11 6.86348e-12 1.96438e-12 5.91371e-13 1.84549e-13 5.90984e-14 1.92875e-14 6.38547e-15 2.13759e-15 7.22007e-16 2.45625e-16 8.40579e-17 2.89097e-17 9.98482e-18 3.46107e-18 1.20349e-18 4.19625e-19 1.46665e-19 5.13709e-20 1.80272e-20 6.33682e-21 2.23085e-21 7.86413e-22 2.77552e-22 9.80572e-23 3.46706e-23 1.22635e-23 4.33159e-24 1.53661e-24
1.58728e-09 3.76558e-11 9.16939e-12 2.4451e-12 6.99e-13 2.10172e-13 6.55075e-14 2.09526e-14 6.83026e-15 2.25869e-15 7.55479e-16 2.54945e-16 8.66576e-17 2.96321e-17 1.01835e-17 3.51465e-18 1.21747e-18 4.23067e-19 1.47423e-19 5.14965e-20 1.80272e-20 6.32281e-21 2.22145e-21 7.81676e-22 2.75429e-22 9.71662e-23 3.43139e-23 1.21278e-23 4.28822e-24 1.51417e-24 5.36949e-25
5.96438e-10 1.34393e-11 3.2717e-12 8.71743e-13 2.48949e-13 7.47662e-14 2.32762e-14 7.43605e-15 2.42099e-15 8.00038e-16 2.67354e-16 9.01448e-17 3.06163e-17 1.04611e-17 3.59253e-18 1.23906e-18 4.2893e-19 1.48961e-19 5.18772e-20 1.81113e-20 6.33682e-21 2.22145e-21 7.80107e-22 2.74376e-22 9.66362e-23 3.40773e-23 1.20295e-23 4.25008e-24 1.50224e-24 5.30286e-25 1.87981e-25
2.23674e-10 4.79918e-12 1.16808e-12 3.11014e-13 8.87304e-14 2.66181e-14 8.27636e-15 2.64007e-15 8.59224e-16 2.83687e-16 9.47218e-17 3.19121e-17 1.08302e-17 3.69788e-18 1.26906e-18 4.37413e-19 1.51329e-19 5.25238e-20 1.82819e-20 6.37919e-21 2.23085e-21 7.81676e-22 2.74376e-22 9.64603e-23 3.39595e-23 1.19705e-23 4.22406e-24 1.49185e-24 5.27133e-25 1.86023e-25 6.59214e-26
8.37302e-11 1.71465e-12 4.1726e-13 1.11025e-13 3.16427e-14 9.47938e-15 2.94144e-15 9.38616e-16 3.05217e-16 1.00689e-16 3.3593e-17 1.13091e-17 3.8353e-18 1.30864e-18 4.48817e-19 1.54602e-19 5.34557e-20 1.85434e-20 6.45098e-21 2.24985e-21 7.86413e-22 2.75429e-22 9.66362e-23 3.39595e-23 1.19509e-23 4.211e-24 1.48541e-24 5.24431e-25 1.85244e-25 6.53542e-26 2.31522e-26
3.12922e-11 6.12881e-13 1.49117e-13 3.96448e-14 1.12807e-14 3.3689e-15 1.04733e-15 3.33937e-16 1.08502e-16 3.57665e-17 1.19239e-17 4.01135e-18 1.35947e-18 4.63568e-19 1.58891e-19 5.47009e-20 1.89032e-20 6.55397e-21 2.27889e-21 7.94412e-22 2.77552e-22 9.71662e-23 3.40773e-23 1.19705e-23 4.211e-24 1.48324e-24 5.23023e-25 1.84595e-25 6.51843e-26 2.2991e-26 8.1422e-27
1.1677e-11 2.19132e-13 5.32876e-14 1.41381e-14 4.00134e-15 1.20097e-15 3.73096e-16 1.18872e-16 3.85948e-17 1.27131e-17 4.23536e-18 1.42388e-18 4.82257e-19 1.64347e-19 5.62986e-20 1.93712e-20 6.69072e-21 2.31861e-21 8.05827e-22 2.80781e-22 9.80572e-23 3.43139e-23 1.20295e-23 4.22406e-24 1.48541e-24 5.23023e-25 1.84368e-25 6.50499e-26 2.29636e-26 8.09742e-27 2.86683e-27
4.35076e-12 7.83131e-14 1.89886e-14 4.98865e-15 1.42761e-15 4.28241e-16 1.3295e-16 4.23291e-17 1.37336e-17 4.52077e-18 1.50512e-18 5.05688e-19 1.71171e-19 5.83e-20 1.99606e-20 6.86452e-21 2.36981e-21 8.20854e-22 2.85159e-22 9.93179e-23 3.46706e-23 1.21278e-23 4.25008e-24 1.49185e-24 5.24431e-25 1.84595e-25 6.50499e-26 2.29445e-26 8.09746e-27 2.85464e-27 1.01038e-27
1.61735e-12 2.78387e-14 6.62914e-15 1.78022e-15 5.09251e-16 1.52674e-16 4.73682e-17 1.50713e-17 4.88669e-18 1.60756e-18 5.34887e-19 1.79608e-19 6.07624e-20 2.06845e-20 7.07838e-21 2.43313e-21 8.39599e-22 2.90694e-22 1.00943e-22 3.51436e-23 1.22635e-23 4.28822e-24 1.50224e-24 5.27133e-25 1.85244e-25 6.51843e-26 2.29636e-26 8.09746e-27 2.85697e-27 1.00696e-27 3.5631e-28
5.96081e-13 9.52817e-15 2.3599e-15 6.33623e-16 1.8118e-16 5.42896e-17 1.68341e-17 5.35307e-18 1.73469e-18 5.70351e-19 1.89677e-19 6.36598e-20 2.15265e-20 7.32476e-21 2.50553e-21 8.60909e-22 2.9696e-22 1.02779e-22 3.56774e-23 1.2417e-23 4.33159e-24 1.51417e-24 5.30286e-25 1.86023e-25 6.53542e-26 2.2991e-26 8.09742e-27 2.85464e-27 1.00696e-27 3.54842e-28 1.25532e-28
2.21357e-13 3.41302e-15 8.45385e-16 2.26906e-16 6.48441e-17 1.94165e-17 6.01622e-18 1.91172e-18 6.19075e-19 2.03413e-19 6.76052e-20 2.26765e-20 7.66381e-21 2.60637e-21 8.91096e-22 3.06038e-22 1.05516e-22 3.65037e-23 1.26662e-23 4.40654e-24 1.53661e-24 5.36949e-25 1.87981e-25 6.59214e-26 2.31522e-26 8.1422e-27 2.86683e-27 1.01038e-27 3.5631e-28 1.25532e-28 4.43974e-29
