0.369744 0.0174935 0.011572 0.00822971 0.00616511 0.00479121 0.003822 0.00310708 0.00256159 0.00213447 0.00179328 0.00151644 0.001289 0.00110025 0.000942328 0.000809296 0.000696593 0.000600652 0.00051864 0.00044828 0.00038772 0.000335438 0.000290176 0.000250882 0.000216673 0.000186801 0.000160633 0.000137624 0.000117306 9.92769e-05 8.66334e-05
0.0174935 0.00201628 0.00123243 0.000805926 0.000555573 0.000398887 0.00029551 0.000224314 0.00017355 0.00013632 0.000108384 8.70257e-05 7.04432e-05 5.74027e-05 4.7037e-05 3.87222e-05 3.20006e-05 2.65303e-05 2.20519e-05 1.83664e-05 1.53192e-05 1.27888e-05 1.06792e-05 8.91379e-06 7.43118e-06 6.18176e-06 5.12542e-06 4.22966e-06 3.46826e-06 2.82033e-06 2.40536e-06
0.011572 0.00123243 0.000723675 0.00045868 0.000309127 0.000218513 0.000160207 0.000120788 9.3053e-05 7.29013e-05 5.78774e-05 4.64411e-05 3.75874e-05 3.06373e-05 2.51186e-05 2.06941e-05 1.71177e-05 1.42066e-05 1.18226e-05 9.85983e-06 8.23607e-06 6.887e-06 5.76173e-06 4.81968e-06 4.02831e-06 3.36141e-06 2.79778e-06 2.32031e-06 1.91538e-06 1.609e-06 1.37323e-06
0.00822971 0.000805926 0.00045868 0.000283675 0.000187868 0.000131269 9.55485e-05 7.17332e-05 5.51344e-05 4.31487e-05 3.42473e-05 2.74868e-05 2.22593e-05 1.81577e-05 1.49009e-05 1.22891e-05 1.01769e-05 8.45655e-06 7.04681e-06 5.88537e-06 4.92397e-06 4.12476e-06 3.45782e-06 2.8993e-06 2.43005e-06 2.03465e-06 1.70065e-06 1.41806e-06 1.19335e-06 1.00251e-06 8.55964e-07
0.00616511 0.000555573 0.000309127 0.000187868 0.000122938 8.52716e-05 6.18174e-05 4.6321e-05 3.55806e-05 2.78494e-05 2.21164e-05 1.77644e-05 1.43988e-05 1.17568e-05 9.65762e-06 7.97286e-06 6.60937e-06 5.49803e-06 4.58669e-06 3.8354e-06 3.21317e-06 2.69569e-06 2.26371e-06 1.90188e-06 1.59788e-06 1.34177e-06 1.12556e-06 9.48499e-07 7.98347e-07 6.7071e-07 5.72744e-07
0.00479121 0.000398887 0.000218513 0.000131269 8.52716e-05 5.89133e-05 4.2639e-05 3.19411e-05 2.45453e-05 1.92264e-05 1.52819e-05 1.22858e-05 9.9668e-06 8.1448e-06 6.69582e-06 5.53196e-06 4.58934e-06 3.82055e-06 3.18977e-06 2.66953e-06 2.23852e-06 1.87996e-06 1.58061e-06 1.32986e-06 1.11921e-06 9.41787e-07 7.94332e-07 6.69502e-07 5.63576e-07 4.73488e-07 4.04304e-07
0.003822 0.00029551 0.000160207 9.55485e-05 6.18174e-05 4.2639e-05 3.08551e-05 2.31268e-05 1.77872e-05 1.39454e-05 1.10938e-05 8.92553e-06 7.24557e-06 5.92442e-06 4.87291e-06 4.02774e-06 3.34287e-06 2.78405e-06 2.32541e-06 1.94706e-06 1.63355e-06 1.37273e-06 1.15498e-06 9.72601e-07 8.19411e-07 6.91332e-07 5.83149e-07 4.9154e-07 4.13784e-07 3.47644e-07 2.96791e-07
0.00310708 0.000224314 0.000120788 7.17332e-05 4.6321e-05 3.19411e-05 2.31268e-05 1.73496e-05 1.3356e-05 1.04798e-05 8.34235e-06 6.71535e-06 5.45358e-06 4.46054e-06 3.66972e-06 3.03381e-06 2.51834e-06 2.09767e-06 1.75237e-06 1.46752e-06 1.23149e-06 1.03515e-06 8.7125e-07 7.34005e-07 6.19122e-07 5.22346e-07 4.40603e-07 3.71381e-07 3.12627e-07 2.62652e-07 2.24175e-07
0.00256159 0.00017355 9.3053e-05 5.51344e-05 3.55806e-05 2.45453e-05 1.77872e-05 1.3356e-05 1.02898e-05 8.07881e-06 6.43388e-06 5.18058e-06 4.20791e-06 3.442e-06 2.83183e-06 2.34108e-06 1.94325e-06 1.61857e-06 1.35208e-06 1.13227e-06 9.50162e-07 7.9871e-07 6.72315e-07 5.66654e-07 4.77914e-07 4.03174e-07 3.40053e-07 2.8661e-07 2.41254e-07 2.02682e-07 1.7294e-07
0.00213447 0.00013632 7.29013e-05 4.31487e-05 2.78494e-05 1.92264e-05 1.39454e-05 1.04798e-05 8.07881e-06 6.34548e-06 5.05465e-06 4.07041e-06 3.30617e-06 2.7042e-06 2.22455e-06 1.83876e-06 1.52603e-06 1.27085e-06 1.06144e-06 8.88738e-07 7.45702e-07 6.26778e-07 5.27623e-07 4.44622e-07 3.74933e-07 3.16253e-07 2.66708e-07 2.24769e-07 1.89186e-07 1.58932e-07 1.35569e-07
0.00179328 0.000108384 5.78774e-05 3.42473e-05 2.21164e-05 1.52819e-05 1.10938e-05 8.34235e-06 6.43388e-06 5.05465e-06 4.0267e-06 3.24248e-06 2.63335e-06 2.15349e-06 1.77113e-06 1.46363e-06 1.2144e-06 1.01107e-06 8.44261e-07 7.06736e-07 5.92867e-07 4.98252e-07 4.19332e-07 3.5329e-07 2.97858e-07 2.51197e-07 2.11813e-07 1.78486e-07 1.50217e-07 1.26189e-07 1.07606e-07
0.00151644 8.70257e-05 4.64411e-05 2.74868e-05 1.77644e-05 1.22858e-05 8.92553e-06 6.71535e-06 5.18058e-06 4.07041e-06 3.24248e-06 2.61062e-06 2.11974e-06 1.73302e-06 1.42492e-06 1.17718e-06 9.76439e-07 8.12716e-07 6.78436e-07 5.67768e-07 4.7618e-07 4.00078e-07 3.36622e-07 2.8354e-07 2.39001e-07 2.01523e-07 1.699e-07 1.43149e-07 1.20465e-07 1.01191e-07 8.62636e-08
0.001289 7.04432e-05 3.75874e-05 2.22593e-05 1.43988e-05 9.9668e-06 7.24557e-06 5.45358e-06 4.20791e-06 3.30617e-06 2.63335e-06 2.11974e-06 1.72071e-06 1.40637e-06 1.15598e-06 9.54685e-07 7.91628e-07 6.58682e-07 5.49683e-07 4.59887e-07 3.85587e-07 3.23871e-07 2.7243e-07 2.29414e-07 1.93335e-07 1.62986e-07 1.37388e-07 1.1574e-07 9.73905e-08 8.18038e-08 6.97159e-08
0.00110025 5.74027e-05 3.06373e-05 1.81577e-05 1.17568e-05 8.1448e-06 5.92442e-06 4.46054e-06 3.442e-06 2.7042e-06 2.15349e-06 1.73302e-06 1.40637e-06 1.14908e-06 9.4418e-07 7.79505e-07 6.46151e-07 5.3746e-07 4.4838e-07 3.75015e-07 3.14332e-07 2.63946e-07 2.21964e-07 1.8687e-07 1.57447e-07 1.32705e-07 1.11844e-07 9.42085e-08 7.92647e-08 6.65754e-08 5.67216e-08
0.000942328 4.7037e-05 2.51186e-05 1.49009e-05 9.65762e-06 6.69582e-06 4.87291e-06 3.66972e-06 2.83183e-06 2.22455e-06 1.77113e-06 1.42492e-06 1.15598e-06 9.4418e-07 7.75549e-07 6.40065e-07 5.30385e-07 4.41023e-07 3.67808e-07 3.07529e-07 2.5769e-07 2.16322e-07 1.81867e-07 1.53075e-07 1.28944e-07 1.0866e-07 9.15633e-08 7.71153e-08 6.48767e-08 5.44878e-08 4.64103e-08
0.000809296 3.87222e-05 2.06941e-05 1.22891e-05 7.97286e-06 5.53196e-06 4.02774e-06 3.03381e-06 2.34108e-06 1.83876e-06 1.46363e-06 1.17718e-06 9.54685e-07 7.79505e-07 6.40065e-07 5.28068e-07 4.37434e-07 3.63613e-07 3.03151e-07 2.53391e-07 2.12263e-07 1.78138e-07 1.49726e-07 1.25992e-07 1.06107e-07 8.93984e-08 7.53198e-08 6.34265e-08 5.33552e-08 4.48089e-08 3.81561e-08
0.000696593 3.20006e-05 1.71177e-05 1.01769e-05 6.60937e-06 4.58934e-06 3.34287e-06 2.51834e-06 1.94325e-06 1.52603e-06 1.2144e-06 9.76439e-07 7.91628e-07 6.46151e-07 5.30385e-07 4.37434e-07 3.62235e-07 3.01007e-07 2.50877e-07 2.09634e-07 1.75558e-07 1.47295e-07 1.2377e-07 1.04126e-07 8.76736e-08 7.38535e-08 6.22129e-08 5.23824e-08 4.40606e-08 3.70011e-08 3.14994e-08
0.000600652 2.65303e-05 1.42066e-05 8.45655e-06 5.49803e-06 3.82055e-06 2.78405e-06 2.09767e-06 1.61857e-06 1.27085e-06 1.01107e-06 8.12716e-07 6.58682e-07 5.3746e-07 4.41023e-07 3.63613e-07 3.01007e-07 2.50049e-07 2.08343e-07 1.74042e-07 1.45711e-07 1.2222e-07 1.02675e-07 8.63597e-08 7.2699e-08 6.12281e-08 5.15693e-08 4.34151e-08 3.65145e-08 3.06626e-08 2.60969e-08
0.00051864 2.20519e-05 1.18226e-05 7.04681e-06 4.58669e-06 3.18977e-06 2.32541e-06 1.75237e-06 1.35208e-06 1.06144e-06 8.44261e-07 6.78436e-07 5.49683e-07 4.4838e-07 3.67808e-07 3.03151e-07 2.50877e-07 2.08343e-07 1.73542e-07 1.4493e-07 1.21305e-07 1.01724e-07 8.54357e-08 7.18438e-08 6.04671e-08 5.09171e-08 4.28783e-08 3.60939e-08 3.03542e-08 2.54883e-08 2.16879e-08
0.00044828 1.83664e-05 9.85983e-06 5.88537e-06 3.8354e-06 2.66953e-06 1.94706e-06 1.46752e-06 1.13227e-06 8.88738e-07 7.06736e-07 5.67768e-07 4.59887e-07 3.75015e-07 3.07529e-07 2.53391e-07 2.09634e-07 1.74042e-07 1.4493e-07 1.21003e-07 1.01252e-07 8.4887e-08 7.12787e-08 5.99262e-08 5.0427e-08 4.24553e-08 3.57472e-08 3.00874e-08 2.53008e-08 2.12439e-08 1.80723e-08
0.00038772 1.53192e-05 8.23607e-06 4.92397e-06 3.21317e-06 2.23852e-06 1.63355e-06 1.23149e-06 9.50162e-07 7.45702e-07 5.92867e-07 4.7618e-07 3.85587e-07 3.14332e-07 2.5769e-07 2.12263e-07 1.75558e-07 1.45711e-07 1.21305e-07 1.01252e-07 8.4705e-08 7.09976e-08 5.96028e-08 5.00998e-08 4.21503e-08 3.54812e-08 2.98707e-08 2.51385e-08 2.11374e-08 1.77474e-08 1.50944e-08
0.000335438 1.27888e-05 6.887e-06 4.12476e-06 2.69569e-06 1.87996e-06 1.37273e-06 1.03515e-06 7.9871e-07 6.26778e-07 4.98252e-07 4.00078e-07 3.23871e-07 2.63946e-07 2.16322e-07 1.78138e-07 1.47295e-07 1.2222e-07 1.01724e-07 8.4887e-08 7.09976e-08 5.94952e-08 4.99361e-08 4.19662e-08 3.5301e-08 2.97109e-08 2.50095e-08 2.10451e-08 1.76941e-08 1.48557e-08 1.26324e-08
0.000290176 1.06792e-05 5.76173e-06 3.45782e-06 2.26371e-06 1.58061e-06 1.15498e-06 8.7125e-07 6.72315e-07 5.27623e-07 4.19332e-07 3.36622e-07 2.7243e-07 2.21964e-07 1.81867e-07 1.49726e-07 1.2377e-07 1.02675e-07 8.54357e-08 7.12787e-08 5.96028e-08 4.99361e-08 4.19046e-08 3.52101e-08 2.9613e-08 2.492e-08 2.0974e-08 1.76474e-08 1.48364e-08 1.24558e-08 1.05896e-08
0.000250882 8.91379e-06 4.81968e-06 2.8993e-06 1.90188e-06 1.32986e-06 9.72601e-07 7.34005e-07 5.66654e-07 4.44622e-07 3.5329e-07 2.8354e-07 2.29414e-07 1.8687e-07 1.53075e-07 1.25992e-07 1.04126e-07 8.63597e-08 7.18438e-08 5.99262e-08 5.00998e-08 4.19662e-08 3.52101e-08 2.95801e-08 2.48741e-08 2.09291e-08 1.7613e-08 1.48181e-08 1.24568e-08 1.04577e-08 8.88927e-09
0.000216673 7.43118e-06 4.02831e-06 2.43005e-06 1.59788e-06 1.11921e-06 8.19411e-07 6.19122e-07 4.77914e-07 3.74933e-07 2.97858e-07 2.39001e-07 1.93335e-07 1.57447e-07 1.28944e-07 1.06107e-07 8.76736e-08 7.2699e-08 6.04671e-08 5.0427e-08 4.21503e-08 3.5301e-08 2.9613e-08 2.48741e-08 2.09138e-08 1.75947e-08 1.48052e-08 1.24548e-08 1.04695e-08 8.78898e-09 7.46957e-09
0.000186801 6.18176e-06 3.36141e-06 2.03465e-06 1.34177e-06 9.41787e-07 6.91332e-07 5.22346e-07 4.03174e-07 3.16253e-07 2.51197e-07 2.01523e-07 1.62986e-07 1.32705e-07 1.0866e-07 8.93984e-08 7.38535e-08 6.12281e-08 5.09171e-08 4.24553e-08 3.54812e-08 2.97109e-08 2.492e-08 2.09291e-08 1.75947e-08 1.48006e-08 1.24529e-08 1.04751e-08 8.80485e-09 7.39133e-09 6.2808e-09
0.000160633 5.12542e-06 2.79778e-06 1.70065e-06 1.12556e-06 7.94332e-07 5.83149e-07 4.40603e-07 3.40053e-07 2.66708e-07 2.11813e-07 1.699e-07 1.37388e-07 1.11844e-07 9.15633e-08 7.53198e-08 6.22129e-08 5.15693e-08 4.28783e-08 3.57472e-08 2.98707e-08 2.50095e-08 2.0974e-08 1.7613e-08 1.48052e-08 1.24529e-08 1.04768e-08 8.8122e-09 7.40673e-09 6.2175e-09 5.28266e-09
0.000137624 4.22966e-06 2.32031e-06 1.41806e-06 9.48499e-07 6.69502e-07 4.9154e-07 3.71381e-07 2.8661e-07 2.24769e-07 1.78486e-07 1.43149e-07 1.1574e-07 9.42085e-08 7.71153e-08 6.34265e-08 5.23824e-08 4.34151e-08 3.60939e-08 3.00874e-08 2.51385e-08 2.10451e-08 1.76474e-08 1.48181e-08 1.24548e-08 1.04751e-08 8.8122e-09 7.4117e-09 6.22936e-09 5.22906e-09 4.44237e-09
0.000117306 3.46826e-06 1.91538e-06 1.19335e-06 7.98347e-07 5.63576e-07 4.13784e-07 3.12627e-07 2.41254e-07 1.89186e-07 1.50217e-07 1.20465e-07 9.73905e-08 7.92647e-08 6.48767e-08 5.33552e-08 4.40606e-08 3.65145e-08 3.03542e-08 2.53008e-08 2.11374e-08 1.76941e-08 1.48364e-08 1.24568e-08 1.04695e-08 8.80485e-09 7.40673e-09 6.22936e-09 5.23548e-09 4.39471e-09 3.73326e-09
9.92769e-05 2.82033e-06 1.609e-06 1.00251e-06 6.7071e-07 4.73488e-07 3.47644e-07 2.62652e-07 2.02682e-07 1.58932e-07 1.26189e-07 1.01191e-07 8.18038e-08 6.65754e-08 5.44878e-08 4.48089e-08 3.70011e-08 3.06626e-08 2.54883e-08 2.12439e-08 1.77474e-08 1.48557e-08 1.24558e-08 1.04577e-08 8.78898e-09 7.39133e-09 6.2175e-09 5.22906e-09 4.39471e-09 3.68893e-09 3.13358e-09
8.66334e-05 2.40536e-06 1.37323e-06 8.55964e-07 5.72744e-07 4.04304e-07 2.96791e-07 2.24175e-07 1.7294e-07 1.35569e-07 1.07606e-07 8.62636e-08 6.97159e-08 5.67216e-08 4.64103e-08 3.81561e-08 3.14994e-08 2.60969e-08 2.16879e-08 1.80723e-08 1.50944e-08 1.26324e-08 1.05896e-08 8.88927e-09 7.46957e-09 6.2808e-09 5.28266e-09 4.44237e-09 3.73326e-09 3.13358e-09 2.66132e-09
