0.953221 0.0224293 0.000527763 1.24183e-05 2.92203e-07 6.87554e-09 1.61782e-10 3.80673e-12 8.95726e-14 2.10765e-15 4.9593e-17 1.16692e-18 2.74578e-20 6.46083e-22 1.52024e-23 3.57712e-25 8.41698e-27 1.98052e-28 4.66017e-30 1.09654e-31 2.58016e-33 6.07113e-35 1.42854e-36 3.36136e-38 7.90929e-40 1.86106e-41 4.37908e-43 1.0304e-44 2.42453e-46 5.70494e-48 1.34237e-49 3.15861e-51 7.43222e-53 1.74881e-54 4.11495e-56 9.68248e-58 2.27829e-59 5.36083e-61 1.26141e-62 2.96809e-64 6.98393e-66 1.64332e-67 3.86674e-69 9.09846e-71 2.14087e-72 5.03748e-74 1.18532e-75 2.78907e-77 6.56268e-79 1.5442e-80 3.63351e-82 8.54967e-84 2.01174e-85 4.73363e-87 1.11383e-88 2.62084e-90 6.16684e-92 1.45106e-93 3.41435e-95 8.03398e-97 1.8904e-98 4.44811e-100 1.04664e-101 2.46276e-103 5.79487e-105 1.36354e-106 3.20841e-108 7.54939e-110 1.77637e-111 4.17982e-113 9.83513e-115 2.31421e-116 5.44534e-118 1.28129e-119 3.01488e-121 7.09403e-123 1.66923e-124 3.9277e-126 9.2419e-128 2.17462e-129 5.1169e-131 1.20401e-132 2.83303e-134 6.66614e-136 1.56855e-137 3.69079e-139 8.68445e-141 2.04346e-142 4.80826e-144 1.13139e-145 2.66215e-147 6.26406e-149 1.47394e-150 3.46818e-152 8.16063e-154 1.9202e-155 4.51824e-157 1.06314e-158 2.50158e-160 5.88623e-162 1.38503e-163
0.0224293 0.000787443 2.46389e-05 7.23529e-07 2.04077e-08 5.59797e-10 1.50451e-11 3.98085e-13 1.0404e-14 2.69208e-16 6.90866e-18 1.76071e-19 4.46086e-21 1.12444e-22 2.82183e-24 7.05393e-26 1.75724e-27 4.3641e-29 1.08083e-30 2.67015e-32 6.58159e-34 1.61894e-35 3.97476e-37 9.74181e-39 2.38382e-40 5.82461e-42 1.42123e-43 3.46346e-45 8.43025e-47 2.04969e-48 4.97835e-50 1.20798e-51 2.92842e-53 7.09306e-55 1.71664e-56 4.15137e-58 1.0032e-59 2.42259e-61 5.8464e-63 1.41002e-64 3.39865e-66 8.1873e-68 1.97124e-69 4.74368e-71 1.14098e-72 2.74305e-74 6.59163e-76 1.5833e-77 3.8015e-79 9.12373e-81 2.18889e-82 5.24944e-84 1.25849e-85 3.01603e-87 7.22569e-89 1.73055e-90 4.14339e-92 9.91741e-94 2.3731e-95 5.67693e-97 1.35767e-98 3.2461e-100 7.75927e-102 1.85427e-103 4.4302e-105 1.05822e-106 2.52713e-108 6.03375e-110 1.44031e-111 3.43745e-113 8.2022e-115 1.95677e-116 4.66734e-118 1.11306e-119 2.65394e-121 6.32688e-123 1.50804e-124 3.5939e-126 8.56347e-128 2.04016e-129 4.85976e-131 1.15744e-132 2.75627e-134 6.56269e-136 1.56236e-137 3.71898e-139 8.85131e-141 2.10638e-142 5.01198e-144 1.19242e-145 2.83659e-147 6.74703e-149 1.60464e-150 3.81589e-152 9.07328e-154 2.15718e-155 5.12816e-157 1.21897e-158 2.8972e-160 6.88526e-162 1.63614e-163
0.000527763 2.46389e-05 9.38047e-07 3.21676e-08 1.03361e-09 3.17536e-11 9.43739e-13 2.73419e-14 7.76206e-16 2.16726e-17 5.96807e-19 1.62429e-20 4.37642e-22 1.1689e-23 3.09816e-25 8.15618e-27 2.13425e-28 5.55456e-30 1.43857e-31 3.70929e-33 9.52567e-35 2.43723e-36 6.21477e-38 1.57978e-39 4.00416e-41 1.01219e-42 2.5523e-44 6.42081e-46 1.61178e-47 4.03772e-49 1.00957e-50 2.51976e-52 6.27833e-54 1.56183e-55 3.87944e-57 9.62238e-59 2.38345e-60 5.89616e-62 1.4568e-63 3.59522e-65 8.86272e-67 2.18247e-68 5.36893e-70 1.31949e-71 3.23983e-73 7.94788e-75 1.9481e-76 4.77105e-78 1.16755e-79 2.85502e-81 6.97632e-83 1.70349e-84 4.15681e-86 1.01367e-87 2.47037e-89 6.01678e-91 1.46458e-92 3.56298e-94 8.66319e-96 2.10529e-97 5.11356e-99 1.24142e-100 3.01235e-102 7.30616e-104 1.77124e-105 4.29213e-107 1.03964e-108 2.51718e-110 6.09216e-112 1.47386e-113 3.56433e-115 8.61663e-117 2.08229e-118 5.03027e-120 1.21477e-121 2.93259e-123 7.0773e-125 1.70744e-126 4.11805e-128 9.92899e-130 2.39327e-131 5.76704e-133 1.38929e-134 3.34591e-136 8.056e-138 1.93915e-139 4.6665e-141 1.1227e-142 2.70041e-144 6.49369e-146 1.56118e-147 3.75244e-149 9.01733e-151 2.16644e-152 5.20382e-154 1.2497e-155 3.00055e-157 7.20291e-159 1.72874e-160 4.14825e-162 9.9522e-164
1.24183e-05 7.23529e-07 3.21676e-08 1.24999e-09 4.46866e-11 1.50795e-12 4.87579e-14 1.52522e-15 4.6463e-17 1.38493e-18 4.05353e-20 1.16815e-21 3.32161e-23 9.33538e-25 2.59688e-26 7.15829e-28 1.95715e-29 5.31195e-31 1.43219e-32 3.83815e-34 1.02294e-35 2.71256e-37 7.15956e-39 1.88159e-40 4.92527e-42 1.28447e-43 3.33826e-45 8.64796e-47 2.23354e-48 5.75232e-50 1.47752e-51 3.78558e-53 9.67611e-55 2.46772e-56 6.28015e-58 1.59503e-59 4.04332e-61 1.0231e-62 2.58432e-64 6.51717e-66 1.64092e-67 4.12538e-69 1.03565e-70 2.59638e-72 6.50053e-74 1.62548e-75 4.05961e-77 1.0127e-78 2.52344e-80 6.28109e-82 1.5618e-83 3.87956e-85 9.62763e-87 2.387e-88 5.91281e-90 1.46338e-91 3.61875e-93 8.94141e-95 2.20756e-96 5.44612e-98 1.34259e-99 3.30741e-101 8.14202e-103 2.00302e-104 4.9244e-106 1.20989e-107 2.9708e-109 7.29021e-111 1.78795e-112 4.38251e-114 1.07362e-115 2.62875e-117 6.43309e-119 1.57351e-120 3.84684e-122 9.40002e-124 2.29588e-125 5.60494e-127 1.36772e-128 3.33607e-130 8.13368e-132 1.98225e-133 4.82895e-135 1.17591e-136 2.86238e-138 6.96491e-140 1.69411e-141 4.11919e-143 1.00121e-144 2.43271e-146 5.90889e-148 1.43475e-149 3.48262e-151 8.45079e-153 2.04999e-154 4.97134e-156 1.20522e-157 2.92097e-159 7.07726e-161 1.71427e-162 4.1512e-164
2.92203e-07 2.04077e-08 1.03361e-09 4.46866e-11 1.75141e-12 6.41252e-14 2.23205e-15 7.4696e-17 2.42193e-18 7.65084e-20 2.36455e-21 7.17243e-23 2.14072e-24 6.29959e-26 1.83079e-27 5.26187e-29 1.49732e-30 4.22268e-32 1.1812e-33 3.2797e-35 9.04469e-37 2.4788e-38 6.75439e-40 1.83069e-41 4.93737e-43 1.32549e-44 3.54312e-46 9.433e-48 2.50193e-49 6.61241e-51 1.74179e-52 4.57364e-54 1.19739e-55 3.126e-57 8.13919e-59 2.11384e-60 5.4767e-62 1.41569e-63 3.65148e-65 9.39863e-67 2.41432e-68 6.19013e-70 1.58421e-71 4.04731e-73 1.03227e-74 2.62859e-76 6.68317e-78 1.69667e-79 4.30123e-81 1.08891e-82 2.75304e-84 6.95155e-86 1.75313e-87 4.41602e-89 1.11109e-90 2.79244e-92 7.01056e-94 1.7582e-95 4.40504e-97 1.10257e-98 2.75709e-100 6.8881e-102 1.71934e-103 4.28793e-105 1.06849e-106 2.66036e-108 6.6186e-110 1.64535e-111 4.08718e-113 1.01455e-114 2.51662e-116 6.23821e-118 1.54529e-119 3.82541e-121 9.46383e-123 2.33984e-124 5.7815e-126 1.42771e-127 3.52359e-129 8.69134e-131 2.14264e-132 5.27931e-134 1.3001e-135 3.20003e-137 7.87248e-139 1.93578e-140 4.75765e-142 1.16876e-143 2.86983e-145 7.04355e-147 1.72797e-148 4.23734e-150 1.03864e-151 2.54483e-153 6.23269e-155 1.52588e-156 3.73417e-158 9.13487e-160 2.23382e-161 5.46051e-163 1.33433e-164
6.87554e-09 5.59797e-10 3.17536e-11 1.50795e-12 6.41252e-14 2.52517e-15 9.39032e-17 3.33941e-18 1.14557e-19 3.81464e-21 1.23879e-22 3.93756e-24 1.22851e-25 3.77092e-27 1.14092e-28 3.40781e-30 1.0062e-31 2.94008e-33 8.5098e-35 2.44187e-36 6.95158e-38 1.9646e-39 5.51489e-41 1.53846e-42 4.2669e-44 1.17703e-45 3.23048e-47 8.82447e-49 2.39981e-50 6.49903e-52 1.7531e-53 4.71138e-55 1.26171e-56 3.3676e-58 8.95998e-60 2.37677e-61 6.28672e-63 1.65835e-64 4.36316e-66 1.14511e-67 2.99821e-69 7.83235e-71 2.04163e-72 5.31075e-74 1.37869e-75 3.57226e-77 9.23883e-79 2.38517e-80 6.14723e-82 1.5817e-83 4.06329e-85 1.04224e-86 2.6694e-88 6.82715e-90 1.74367e-91 4.44745e-93 1.13291e-94 2.88229e-96 7.32407e-98 1.8589e-99 4.71267e-101 1.19343e-102 3.01899e-104 7.6291e-106 1.92595e-107 4.85726e-109 1.22383e-110 3.08069e-112 7.74786e-114 1.94685e-115 4.88778e-117 1.2261e-118 3.07319e-120 7.69676e-122 1.92615e-123 4.81664e-125 1.20359e-126 3.0054e-128 7.49929e-130 1.87e-131 4.65984e-133 1.16043e-134 2.88792e-136 7.18263e-138 1.78532e-139 4.43495e-141 1.10105e-142 2.73198e-144 6.77493e-146 1.67917e-147 4.15959e-149 1.02986e-150 2.54849e-152 6.3033e-154 1.55825e-155 3.85033e-157 9.50936e-159 2.34748e-160 5.79234e-162 1.4286e-163 3.5219e-165
1.61782e-10 1.50451e-11 9.43739e-13 4.87579e-14 2.23205e-15 9.39032e-17 3.70892e-18 1.39438e-19 5.03734e-21 1.7607e-22 5.98499e-24 1.98638e-25 6.45725e-27 2.06119e-28 6.47404e-30 2.00433e-31 6.12538e-33 1.85012e-34 5.52884e-36 1.63618e-37 4.79891e-39 1.39595e-40 4.02981e-42 1.15512e-43 3.28932e-45 9.30934e-47 2.6196e-48 7.33179e-50 2.04167e-51 5.65837e-53 1.56114e-54 4.28892e-56 1.17356e-57 3.19896e-59 8.68834e-61 2.35164e-62 6.34424e-64 1.70621e-65 4.57497e-67 1.22323e-68 3.26169e-70 8.67452e-72 2.30124e-73 6.09026e-75 1.60809e-76 4.23665e-78 1.11381e-79 2.9222e-81 7.65159e-83 1.99971e-84 5.21659e-86 1.35843e-87 3.53138e-89 9.16505e-91 2.37482e-92 6.14406e-94 1.5872e-95 4.09426e-97 1.05466e-98 2.71303e-100 6.96987e-102 1.78829e-103 4.58258e-105 1.17289e-106 2.99843e-108 7.65659e-110 1.95296e-111 4.97602e-113 1.26653e-114 3.22034e-116 8.18004e-118 2.07581e-119 5.26267e-121 1.33298e-122 3.37328e-124 8.52899e-126 2.15462e-127 5.4385e-129 1.37162e-130 3.45652e-132 8.70375e-134 2.18999e-135 5.50623e-137 1.38341e-138 3.47324e-140 8.714e-142 2.18476e-143 5.47392e-145 1.3706e-146 3.42959e-148 8.57635e-150 2.14336e-151 5.35336e-153 1.33629e-154 3.33368e-156 8.31191e-158 2.07127e-159 5.15862e-161 1.2841e-162 3.19474e-164 7.94416e-166
3.80673e-12 3.98085e-13 2.73419e-14 1.52522e-15 7.4696e-17 3.33941e-18 1.39438e-19 5.51888e-21 2.09173e-22 7.64808e-24 2.71269e-25 9.37372e-27 3.16639e-28 1.04845e-29 3.41066e-31 1.09208e-32 3.44727e-34 1.07421e-35 3.30823e-37 1.00793e-38 3.04069e-40 9.0898e-42 2.69445e-43 7.92472e-45 2.3138e-46 6.7098e-48 1.9334e-49 5.53773e-51 1.57724e-52 4.46846e-54 1.25963e-55 3.53406e-57 9.87084e-59 2.74528e-60 7.60435e-62 2.0983e-63 5.76873e-65 1.58043e-66 4.3154e-68 1.17458e-69 3.18724e-71 8.62339e-73 2.32661e-74 6.26036e-76 1.68017e-77 4.49807e-79 1.20133e-80 3.20108e-82 8.51073e-84 2.25792e-85 5.97796e-87 1.57954e-88 4.16557e-90 1.0965e-91 2.8811e-93 7.55706e-95 1.97885e-96 5.17325e-98 1.35028e-99 3.51898e-101 9.15719e-103 2.37946e-104 6.17421e-106 1.5999e-107 4.14023e-109 1.07003e-110 2.76199e-112 7.12058e-114 1.83354e-115 4.71589e-117 1.21156e-118 3.10919e-120 7.97044e-122 2.04109e-123 5.22155e-125 1.33445e-126 3.40708e-128 8.69059e-130 2.21469e-131 5.63874e-133 1.43439e-134 3.64564e-136 9.25792e-138 2.34905e-139 5.95551e-141 1.50869e-142 3.81897e-144 9.65962e-146 2.44147e-147 6.1663e-149 1.55628e-150 3.92507e-152 9.89256e-154 2.4916e-155 6.27133e-157 1.57747e-158 3.9654e-160 9.96191e-162 2.50111e-163 6.27571e-165 1.57375e-166
8.95726e-14 1.0404e-14 7.76206e-16 4.6463e-17 2.42193e-18 1.14557e-19 5.03734e-21 2.09173e-22 8.29157e-24 3.16233e-25 1.1673e-26 4.18939e-28 1.46719e-29 5.0288e-31 1.69094e-32 5.58925e-34 1.81916e-35 5.83861e-37 1.85015e-38 5.79466e-40 1.79549e-41 5.50847e-43 1.67451e-44 5.04704e-46 1.50914e-47 4.47909e-49 1.32015e-50 3.86561e-52 1.12496e-53 3.25489e-55 9.36599e-57 2.68113e-58 7.63741e-60 2.16544e-61 6.11252e-63 1.71815e-64 4.81007e-66 1.34145e-67 3.72737e-69 1.03206e-70 2.84807e-72 7.83424e-74 2.14833e-75 5.87376e-77 1.60138e-78 4.35392e-80 1.18065e-81 3.19342e-83 8.61645e-85 2.31939e-86 6.22913e-88 1.66926e-89 4.46371e-91 1.19117e-92 3.17237e-94 8.4325e-96 2.23726e-97 5.92502e-99 1.56639e-100 4.13399e-102 1.08923e-103 2.86532e-105 7.5257e-107 1.97361e-108 5.16817e-110 1.35141e-111 3.52884e-113 9.20207e-115 2.39643e-116 6.23279e-118 1.61903e-119 4.20043e-121 1.08847e-122 2.81728e-124 7.28366e-126 1.88099e-127 4.85238e-129 1.25044e-130 3.21898e-132 8.27822e-134 2.1268e-135 5.45878e-137 1.39976e-138 3.58601e-140 9.17859e-142 2.34723e-143 5.99734e-145 1.53106e-146 3.90541e-148 9.95375e-150 2.53489e-151 6.4505e-153 1.64019e-154 4.16743e-156 1.05809e-157 2.68449e-159 6.80604e-161 1.72435e-162 4.36574e-164 1.10459e-165 2.7929e-167
2.10765e-15 2.69208e-16 2.16726e-17 1.38493e-18 7.65084e-20 3.81464e-21 1.7607e-22 7.64808e-24 3.16233e-25 1.255e-26 4.81032e-28 1.78935e-29 6.48443e-31 2.29644e-32 7.96803e-34 2.71447e-35 9.09575e-37 3.00244e-38 9.77611e-40 3.14348e-41 9.99173e-43 3.14224e-44 9.78465e-46 3.01896e-47 9.23521e-49 2.80255e-50 8.44106e-52 2.52449e-53 7.50001e-55 2.21425e-56 6.49856e-58 1.89658e-59 5.5057e-61 1.59023e-62 4.57109e-64 1.30795e-65 3.72622e-67 1.05715e-68 2.98725e-70 8.40919e-72 2.35858e-73 6.59216e-75 1.83631e-76 5.09875e-78 1.41135e-79 3.89502e-81 1.07186e-82 2.94146e-84 8.0506e-86 2.19773e-87 5.98469e-89 1.62579e-90 4.40635e-92 1.19156e-93 3.2152e-95 8.65736e-97 2.32635e-98 6.23888e-100 1.66995e-101 4.46159e-103 1.18985e-104 3.16759e-106 8.41832e-108 2.23357e-109 5.91662e-111 1.56482e-112 4.1323e-114 1.08961e-115 2.86895e-117 7.54325e-119 1.9806e-120 5.19338e-122 1.35999e-123 3.55685e-125 9.2908e-127 2.42388e-128 6.31616e-130 1.64396e-131 4.27399e-133 1.10993e-134 2.87929e-136 7.46129e-138 1.93149e-139 4.99492e-141 1.29043e-142 3.33055e-144 8.58783e-146 2.21231e-147 5.69393e-149 1.46416e-150 3.7617e-152 9.65619e-154 2.47663e-155 6.34683e-157 1.62518e-158 4.15813e-160 1.06306e-161 2.71571e-163 6.93238e-165 1.76832e-166 4.50738e-168
4.9593e-17 6.90866e-18 5.96807e-19 4.05353e-20 2.36455e-21 1.23879e-22 5.98499e-24 2.71269e-25 1.1673e-26 4.81032e-28 1.91079e-29 7.35358e-31 2.75286e-32 1.00573e-33 3.59553e-35 1.26065e-36 4.34314e-38 1.47261e-39 4.92098e-41 1.62263e-42 5.28504e-44 1.70194e-45 5.42328e-47 1.71128e-48 5.35065e-50 1.65872e-51 5.10098e-53 1.55688e-54 4.71811e-56 1.42026e-57 4.24825e-59 1.26312e-60 3.73422e-62 1.098e-63 3.21195e-65 9.34978e-67 2.70894e-68 7.81366e-70 2.24415e-71 6.41905e-73 1.82888e-74 5.19118e-76 1.46817e-77 4.13792e-79 1.16235e-80 3.25458e-82 9.0847e-84 2.52831e-85 7.01619e-87 1.94163e-88 5.35876e-90 1.47516e-91 4.05063e-93 1.10957e-94 3.03224e-96 8.26771e-98 2.24931e-99 6.10638e-101 1.65431e-102 4.47276e-104 1.20694e-105 3.25063e-107 8.73874e-109 2.34503e-110 6.28189e-112 1.67994e-113 4.48514e-115 1.19553e-116 3.1817e-118 8.45462e-120 2.24327e-121 5.9434e-123 1.57243e-124 4.15438e-126 1.09611e-127 2.8882e-129 7.60044e-131 1.99758e-132 5.24363e-134 1.37479e-135 3.60024e-137 9.41725e-139 2.46052e-140 6.42172e-142 1.67419e-143 4.36015e-145 1.13435e-146 2.94816e-148 7.65463e-150 1.98552e-151 5.14529e-153 1.33211e-154 3.44563e-156 8.90447e-158 2.29913e-159 5.93122e-161 1.52881e-162 3.93734e-164 1.0132e-165 2.60518e-167 6.69328e-169
1.16692e-18 1.76071e-19 1.62429e-20 1.16815e-21 7.17243e-23 3.93756e-24 1.98638e-25 9.37372e-27 4.18939e-28 1.78935e-29 7.35358e-31 2.92321e-32 1.12877e-33 4.24829e-35 1.5628e-36 5.6324e-38 1.9927e-39 6.93244e-41 2.37496e-42 8.02237e-44 2.67489e-45 8.81234e-47 2.871e-48 9.25688e-50 2.95588e-51 9.35337e-53 2.93462e-54 9.13391e-56 2.82153e-57 8.65404e-59 2.63648e-60 7.981e-62 2.40136e-63 7.18381e-65 2.13732e-66 6.32582e-68 1.86293e-69 5.46018e-71 1.59308e-72 4.62779e-74 1.33873e-75 3.85717e-77 1.10706e-78 3.16566e-80 9.02008e-82 2.56134e-83 7.24915e-85 2.04514e-86 5.75209e-88 1.61301e-89 4.51028e-91 1.25767e-92 3.49754e-94 9.70134e-96 2.68416e-97 7.40846e-99 2.03996e-100 5.60427e-102 1.53621e-103 4.2019e-105 1.14691e-106 3.12412e-108 8.49309e-110 2.30445e-111 6.24099e-113 1.68713e-114 4.55271e-116 1.22642e-117 3.2982e-119 8.85524e-121 2.37371e-122 6.35293e-124 1.69769e-125 4.52997e-127 1.20698e-128 3.21136e-130 8.53245e-132 2.26397e-133 5.99915e-135 1.58762e-136 4.19617e-138 1.1077e-139 2.92053e-141 7.69105e-143 2.02304e-144 5.31532e-146 1.39499e-147 3.65709e-149 9.57714e-151 2.50542e-152 6.54755e-154 1.70938e-155 4.4583e-157 1.16166e-158 3.02394e-160 7.86436e-162 2.04341e-163 5.30465e-165 1.37586e-166 3.56545e-168 9.23177e-170
2.74578e-20 4.46086e-21 4.37642e-22 3.32161e-23 2.14072e-24 1.22851e-25 6.45725e-27 3.16639e-28 1.46719e-29 6.48443e-31 2.75286e-32 1.12877e-33 4.48988e-35 1.73864e-36 6.57352e-38 2.43254e-39 8.82857e-41 3.14815e-42 1.10462e-43 3.81892e-45 1.30238e-46 4.38576e-48 1.45968e-49 4.80535e-51 1.56588e-52 5.05407e-54 1.61669e-55 5.12796e-57 1.61364e-58 5.03967e-60 1.56282e-61 4.81376e-63 1.47326e-64 4.4816e-66 1.3554e-67 4.07663e-69 1.21967e-70 3.63075e-72 1.07561e-73 3.1718e-75 9.31177e-77 2.72215e-78 7.92537e-80 2.29838e-81 6.64021e-83 1.91145e-84 5.48303e-86 1.56751e-87 4.46665e-89 1.26877e-90 3.59306e-92 1.01453e-93 2.85646e-95 8.02036e-97 2.24594e-98 6.27303e-100 1.74769e-101 4.8573e-103 1.34678e-104 3.72565e-106 1.02834e-107 2.83224e-109 7.78409e-111 2.13498e-112 5.84402e-114 1.59656e-115 4.35348e-117 1.18491e-118 3.21926e-120 8.73099e-122 2.3639e-123 6.38953e-125 1.72426e-126 4.64563e-128 1.24972e-129 3.35678e-131 9.00306e-133 2.41117e-134 6.44838e-136 1.72215e-137 4.5931e-139 1.22339e-140 3.25431e-142 8.64574e-144 2.29407e-145 6.07969e-147 1.60931e-148 4.25489e-150 1.12368e-151 2.9642e-153 7.81079e-155 2.05596e-156 5.40597e-158 1.41998e-159 3.72605e-161 9.76746e-163 2.55793e-164 6.69231e-166 1.74926e-167 4.56801e-169 1.1918e-170
6.46083e-22 1.12444e-22 1.1689e-23 9.33538e-25 6.29959e-26 3.77092e-27 2.06119e-28 1.04845e-29 5.0288e-31 2.29644e-32 1.00573e-33 4.24829e-35 1.73864e-36 6.91933e-38 2.6859e-39 1.0195e-40 3.79212e-42 1.38475e-43 4.97213e-45 1.75787e-46 6.12676e-48 2.10732e-49 7.15972e-51 2.40487e-52 7.99173e-54 2.6293e-55 8.56942e-57 2.76832e-58 8.86859e-60 2.8188e-61 8.89261e-63 2.78559e-64 8.66729e-66 2.6796e-67 8.23397e-69 2.5155e-70 7.64237e-72 2.30955e-73 6.94418e-75 2.07779e-76 6.18808e-78 1.8347e-79 5.41632e-81 1.59238e-82 4.66293e-84 1.3602e-85 3.95315e-87 1.14481e-88 3.3039e-90 9.50333e-92 2.72476e-93 7.78805e-95 2.21933e-96 6.30595e-98 1.7867e-99 5.04851e-101 1.42273e-102 3.99909e-104 1.12128e-105 3.13626e-107 8.75152e-109 2.43645e-110 6.76805e-112 1.87597e-113 5.18882e-115 1.43225e-116 3.94544e-118 1.08474e-119 2.97664e-121 8.15308e-123 2.2291e-124 6.08372e-126 1.65752e-127 4.50834e-129 1.22422e-130 3.31898e-132 8.98394e-134 2.42807e-135 6.55246e-137 1.76567e-138 4.75104e-140 1.27661e-141 3.42554e-143 9.17943e-145 2.45657e-146 6.56568e-148 1.75259e-149 4.67244e-151 1.24416e-152 3.30898e-154 8.79028e-156 2.33245e-157 6.18208e-159 1.63673e-160 4.32863e-162 1.14357e-163 3.018e-165 7.95667e-167 2.09559e-168 5.51384e-170 1.44937e-171
1.52024e-23 2.82183e-24 3.09816e-25 2.59688e-26 1.83079e-27 1.14092e-28 6.47404e-30 3.41066e-31 1.69094e-32 7.96803e-34 3.59553e-35 1.5628e-36 6.57352e-38 2.6859e-39 1.06939e-40 4.15978e-42 1.58436e-43 5.91986e-45 2.17344e-46 7.85205e-48 2.79484e-49 9.81171e-51 3.40073e-52 1.1647e-53 3.94466e-55 1.3221e-56 4.38782e-58 1.44284e-59 4.70323e-61 1.52052e-62 4.87746e-64 1.55303e-65 4.91028e-67 1.54214e-68 4.81252e-70 1.49271e-71 4.60316e-73 1.41163e-74 4.30601e-76 1.30681e-77 3.94664e-79 1.18632e-80 3.54989e-82 1.05765e-83 3.138e-85 9.2729e-87 2.72955e-88 8.00461e-90 2.33893e-91 6.81047e-93 1.97637e-94 5.71664e-96 1.64831e-97 4.7381e-99 1.35794e-100 3.88067e-102 1.10591e-103 3.14307e-105 8.90932e-107 2.51898e-108 7.10437e-110 1.99883e-111 5.61056e-113 1.57124e-114 4.39047e-116 1.22416e-117 3.40601e-119 9.45714e-121 2.6206e-122 7.24756e-124 2.00057e-125 5.51193e-127 1.51588e-128 4.16152e-130 1.14048e-131 3.1202e-133 8.52235e-135 2.32398e-136 6.32725e-138 1.71999e-139 4.66848e-141 1.26527e-142 3.42417e-144 9.25362e-146 2.49725e-147 6.73007e-149 1.81132e-150 4.86858e-152 1.30692e-153 3.50389e-155 9.38242e-157 2.5093e-158 6.70306e-160 1.78849e-161 4.76654e-163 1.26891e-164 3.37428e-166 8.96312e-168 2.37835e-169 6.30431e-171 1.66937e-172
3.57712e-25 7.05393e-26 8.15618e-27 7.15829e-28 5.26187e-29 3.40781e-30 2.00433e-31 1.09208e-32 5.58925e-34 2.71447e-35 1.26065e-36 5.6324e-38 2.43254e-39 1.0195e-40 4.15978e-42 1.65684e-43 6.45668e-45 2.46662e-46 9.25319e-48 3.41361e-49 1.24002e-50 4.44046e-52 1.56909e-53 5.4762e-55 1.88917e-56 6.44674e-58 2.17755e-59 7.28477e-61 2.415e-62 7.93756e-64 2.58775e-65 8.37153e-67 2.68844e-68 8.57363e-70 2.71605e-71 8.54978e-73 2.67508e-74 8.32147e-76 2.57424e-77 7.92113e-79 2.42496e-80 7.38741e-82 2.23991e-83 6.76081e-85 2.03174e-86 6.08009e-88 1.81212e-89 5.37976e-91 1.59109e-92 4.68855e-94 1.37672e-95 4.02873e-97 1.17504e-98 3.41617e-100 9.90097e-102 2.86092e-103 8.24256e-105 2.36802e-106 6.78437e-108 1.93852e-109 5.52457e-111 1.57046e-112 4.45331e-114 1.25979e-115 3.55547e-117 1.00117e-118 2.81292e-120 7.88617e-122 2.20628e-123 6.15972e-125 1.71629e-126 4.77276e-128 1.3247e-129 3.66991e-131 1.01485e-132 2.80138e-134 7.71945e-136 2.12354e-137 5.83191e-139 1.59902e-140 4.37727e-142 1.19639e-143 3.26499e-145 8.8969e-147 2.4208e-148 6.57742e-150 1.7846e-151 4.83533e-153 1.30835e-154 3.53547e-156 9.54122e-158 2.57162e-159 6.92256e-161 1.8612e-162 4.99798e-164 1.34055e-165 3.59142e-167 9.61067e-169 2.56894e-170 6.85926e-172 1.82949e-173
8.41698e-27 1.75724e-27 2.13425e-28 1.95715e-29 1.49732e-30 1.0062e-31 6.12538e-33 3.44727e-34 1.81916e-35 9.09575e-37 4.34314e-38 1.9927e-39 8.82857e-41 3.79212e-42 1.58436e-43 6.45668e-45 2.57255e-46 1.00413e-47 3.8463e-49 1.44802e-50 5.36494e-52 1.95847e-53 7.05154e-55 2.50649e-56 8.8029e-58 3.05694e-59 1.05037e-60 3.57322e-62 1.20416e-63 4.0219e-65 1.33202e-66 4.37629e-68 1.4269e-69 4.61878e-71 1.48476e-72 4.74157e-74 1.50469e-75 4.74624e-77 1.48848e-78 4.64227e-80 1.44015e-81 4.44495e-83 1.36519e-84 4.17316e-86 1.26988e-87 3.84727e-89 1.16066e-90 3.48726e-92 1.04364e-93 3.11143e-95 9.24204e-97 2.73543e-98 8.0683e-100 2.37184e-101 6.94988e-103 2.03003e-104 5.91155e-106 1.71637e-107 4.96902e-109 1.43454e-110 4.13023e-112 1.186e-113 3.39686e-115 9.70467e-117 2.76582e-118 7.8638e-120 2.23067e-121 6.31329e-123 1.78287e-124 5.02399e-126 1.41275e-127 3.96456e-129 1.11034e-130 3.1036e-132 8.65861e-134 2.41113e-135 6.70192e-137 1.85953e-138 5.15052e-140 1.42415e-141 3.93131e-143 1.08344e-144 2.98113e-146 8.18981e-148 2.24647e-149 6.15279e-151 1.68269e-152 4.59523e-154 1.25313e-155 3.41255e-157 9.28049e-159 2.52047e-160 6.83632e-162 1.85184e-163 5.00997e-165 1.35372e-166 3.65335e-168 9.8477e-170 2.65135e-171 7.13014e-173 1.9153e-174
1.98052e-28 4.3641e-29 5.55456e-30 5.31195e-31 4.22268e-32 2.94008e-33 1.85012e-34 1.07421e-35 5.83861e-37 3.00244e-38 1.47261e-39 6.93244e-41 3.14815e-42 1.38475e-43 5.91986e-45 2.46662e-46 1.00413e-47 4.00195e-49 1.5643e-50 6.00627e-52 2.26841e-53 8.43704e-55 3.09367e-56 1.1194e-57 4.00037e-59 1.41302e-60 4.93663e-62 1.70697e-63 5.84495e-65 1.98302e-66 6.66918e-68 2.22439e-69 7.36071e-71 2.41748e-72 7.88302e-74 2.553e-75 8.21423e-77 2.62643e-78 8.34757e-80 2.6379e-81 8.29008e-83 2.59153e-84 8.06008e-86 2.49454e-87 7.68404e-89 2.35618e-90 7.19315e-92 2.18668e-93 6.6202e-95 1.99635e-96 5.99701e-98 1.79482e-99 5.3524e-101 1.5906e-102 4.71095e-104 1.3907e-105 4.09239e-107 1.20055e-108 3.5114e-110 1.02403e-111 2.97795e-113 8.63622e-115 2.49784e-116 7.20561e-118 2.07335e-119 5.9511e-121 1.70401e-122 4.86772e-124 1.38733e-125 3.94513e-127 1.11942e-128 3.16954e-130 8.95558e-132 2.52526e-133 7.10647e-135 1.99598e-136 5.59541e-138 1.56567e-139 4.37297e-141 1.21921e-142 3.39332e-144 9.42822e-146 2.61522e-147 7.24227e-149 2.00238e-150 5.52756e-152 1.52353e-153 4.1929e-155 1.15222e-156 3.16172e-158 8.6635e-160 2.37059e-161 6.47774e-163 1.76769e-164 4.81742e-166 1.31117e-167 3.56411e-169 9.67606e-171 2.62369e-172 7.10562e-174 1.9221e-175
4.66017e-30 1.08083e-30 1.43857e-31 1.43219e-32 1.1812e-33 8.5098e-35 5.52884e-36 3.30823e-37 1.85015e-38 9.77611e-40 4.92098e-41 2.37496e-42 1.10462e-43 4.97213e-45 2.17344e-46 9.25319e-48 3.8463e-49 1.5643e-50 6.23608e-52 2.44069e-53 9.39134e-55 3.55706e-56 1.32764e-57 4.88784e-59 1.77658e-60 6.38007e-62 2.26543e-63 7.95869e-65 2.76794e-66 9.53519e-68 3.25519e-69 1.10179e-70 3.6989e-72 1.23217e-73 4.0743e-75 1.3377e-76 4.36243e-78 1.41347e-79 4.55143e-81 1.45688e-82 4.63683e-84 1.46769e-85 4.62118e-87 1.44765e-88 4.51283e-90 1.40018e-91 4.32452e-93 1.32979e-94 4.07176e-96 1.24164e-97 3.77124e-99 1.14104e-100 3.43951e-102 1.03306e-103 3.09194e-105 9.22276e-107 2.74194e-108 8.12576e-110 2.40059e-111 7.0706e-113 2.07643e-114 6.08044e-116 1.77559e-117 5.17096e-119 1.50194e-120 4.35126e-122 1.25744e-123 3.6249e-125 1.04248e-126 2.99108e-128 8.5625e-130 2.44573e-131 6.97067e-133 1.98253e-134 5.62685e-136 1.59379e-137 4.50546e-139 1.27117e-140 3.57971e-142 1.0062e-143 2.82316e-145 7.90704e-147 2.21073e-148 6.17048e-150 1.71939e-151 4.78323e-153 1.32853e-154 3.68415e-156 1.02008e-157 2.82015e-159 7.78516e-161 2.146e-162 5.90706e-164 1.62369e-165 4.45695e-167 1.22176e-168 3.34468e-170 9.14447e-172 2.49692e-173 6.80935e-175 1.85467e-176
1.09654e-31 2.67015e-32 3.70929e-33 3.83815e-34 3.2797e-35 2.44187e-36 1.63618e-37 1.00793e-38 5.79466e-40 3.14348e-41 1.62263e-42 8.02237e-44 3.81892e-45 1.75787e-46 7.85205e-48 3.41361e-49 1.44802e-50 6.00627e-52 2.44069e-53 9.73208e-55 3.81333e-56 1.47014e-57 5.58279e-59 2.09036e-60 7.72427e-62 2.81911e-63 1.01696e-64 3.62847e-66 1.28125e-67 4.47997e-69 1.55192e-70 5.32869e-72 1.81433e-73 6.12817e-75 2.05411e-76 6.8351e-78 2.25857e-79 7.41343e-81 2.41781e-82 7.83715e-84 2.5254e-85 8.0917e-87 2.57857e-88 8.17407e-90 2.5781e-91 8.09171e-93 2.52776e-94 7.8606e-96 2.4337e-97 7.50296e-99 2.30363e-100 7.04469e-102 2.14603e-103 6.51309e-105 1.96953e-106 5.93486e-108 1.78228e-109 5.33455e-111 1.59155e-112 4.73351e-114 1.40353e-115 4.14927e-117 1.22312e-118 3.59536e-120 1.05397e-121 3.08144e-123 8.98567e-125 2.61363e-126 7.58339e-128 2.19499e-129 6.33837e-131 1.82609e-132 5.24917e-134 1.50558e-135 4.30907e-137 1.2307e-138 3.50774e-140 9.97769e-142 2.83256e-143 8.02587e-145 2.2698e-146 6.40739e-148 1.80547e-149 5.07845e-151 1.426e-152 3.99732e-154 1.11865e-155 3.12544e-157 8.71829e-159 2.42811e-160 6.75208e-162 1.87477e-163 5.19774e-165 1.43896e-166 3.97795e-168 1.09815e-169 3.02734e-171 8.33439e-173 2.29144e-174 6.29177e-176 1.72536e-177
2.58016e-33 6.58159e-34 9.52567e-35 1.02294e-35 9.04469e-37 6.95158e-38 4.79891e-39 3.04069e-40 1.79549e-41 9.99173e-43 5.28504e-44 2.67489e-45 1.30238e-46 6.12676e-48 2.79484e-49 1.24002e-50 5.36494e-52 2.26841e-53 9.39134e-55 3.81333e-56 1.52085e-57 5.96535e-59 2.30382e-60 8.76943e-62 3.29309e-63 1.22097e-64 4.47301e-66 1.62027e-67 5.80683e-69 2.06015e-70 7.23928e-72 2.52079e-73 8.70192e-75 2.97926e-76 1.01201e-77 3.41186e-79 1.14203e-80 3.79638e-82 1.25371e-83 4.11408e-85 1.34186e-86 4.35114e-88 1.403e-89 4.49942e-91 1.43546e-92 4.55656e-94 1.43937e-95 4.52555e-97 1.41644e-98 4.4139e-100 1.36962e-101 4.23248e-103 1.30274e-104 3.99434e-106 1.22013e-107 3.71353e-109 1.12625e-110 3.40406e-112 1.02544e-113 3.07906e-115 9.2163e-117 2.7502e-118 8.18229e-120 2.4273e-121 7.18028e-123 2.11817e-124 6.23177e-126 1.82862e-127 5.35206e-129 1.56255e-130 4.55079e-132 1.32222e-133 3.83276e-135 1.10849e-136 3.19877e-138 9.21069e-140 2.64653e-141 7.58854e-143 2.17148e-144 6.20136e-146 1.76755e-147 5.02836e-149 1.4278e-150 4.04682e-152 1.14493e-153 3.23355e-155 9.11654e-157 2.56594e-158 7.21008e-160 2.02268e-161 5.66526e-163 1.58428e-164 4.42358e-166 1.23328e-167 3.43323e-169 9.54359e-171 2.6491e-172 7.34303e-174 2.0326e-175 5.61873e-177 1.55112e-178
6.07113e-35 1.61894e-35 2.43723e-36 2.71256e-37 2.4788e-38 1.9646e-39 1.39595e-40 9.0898e-42 5.50847e-43 3.14224e-44 1.70194e-45 8.81234e-47 4.38576e-48 2.10732e-49 9.81171e-51 4.44046e-52 1.95847e-53 8.43704e-55 3.55706e-56 1.47014e-57 5.96535e-59 2.37958e-60 9.34237e-62 3.61379e-63 1.37856e-64 5.19055e-66 1.93046e-67 7.0969e-69 2.58057e-70 9.28653e-72 3.30913e-73 1.16819e-74 4.08737e-76 1.41805e-77 4.88005e-79 1.66648e-80 5.64887e-82 1.90129e-83 6.35603e-85 2.11103e-86 6.96763e-88 2.28593e-89 7.45634e-91 2.41862e-92 7.80324e-94 2.50456e-95 7.99861e-97 2.54213e-98 8.04178e-100 2.53247e-101 7.94028e-103 2.47906e-104 7.70827e-106 2.38725e-107 7.36481e-109 2.26359e-110 6.93193e-112 2.11532e-113 6.43286e-115 1.94976e-116 5.89045e-118 1.77395e-119 5.32595e-121 1.59422e-122 4.75809e-124 1.41605e-125 4.2026e-127 1.24389e-128 3.67193e-130 1.08115e-131 3.17532e-133 9.30287e-135 2.71896e-136 7.92807e-138 2.3064e-139 6.69463e-141 1.93894e-142 5.60361e-144 1.61606e-145 4.65108e-147 1.3359e-148 3.82945e-150 1.09562e-151 3.12865e-153 8.91764e-155 2.53718e-156 7.20572e-158 2.04288e-159 5.78181e-161 1.63362e-162 4.6081e-164 1.29774e-165 3.6489e-167 1.02437e-168 2.87134e-170 8.03633e-172 2.24588e-173 6.26736e-175 1.74647e-176 4.8599e-178 1.35049e-179
1.42854e-36 3.97476e-37 6.21477e-38 7.15956e-39 6.75439e-40 5.51489e-41 4.02981e-42 2.69445e-43 1.67451e-44 9.78465e-46 5.42328e-47 2.871e-48 1.45968e-49 7.15972e-51 3.40073e-52 1.56909e-53 7.05154e-55 3.09367e-56 1.32764e-57 5.58279e-59 2.30382e-60 9.34237e-62 3.7273e-63 1.46462e-64 5.67367e-66 2.16865e-67 8.18544e-69 3.05302e-70 1.12599e-71 4.10884e-73 1.48428e-74 5.3106e-76 1.88281e-77 6.61741e-79 2.30655e-80 7.97607e-82 2.73728e-83 9.32588e-85 3.15524e-86 1.0604e-87 3.54091e-89 1.1751e-90 3.8766e-92 1.27157e-93 4.1479e-95 1.34587e-96 4.34453e-98 1.39548e-99 4.46087e-101 1.41937e-102 4.4959e-104 1.4179e-105 4.45288e-107 1.3927e-108 4.33858e-110 1.34637e-111 4.16248e-113 1.28222e-114 3.9358e-116 1.20396e-117 3.6706e-119 1.11544e-120 3.37893e-122 1.0204e-123 3.07223e-125 9.22277e-127 2.76075e-128 8.24098e-130 2.45328e-131 7.28386e-133 2.15699e-134 6.37134e-136 1.87732e-137 5.51814e-139 1.61815e-140 4.73411e-142 1.38189e-143 4.02483e-145 1.16971e-146 3.39223e-148 9.81724e-150 2.83537e-151 8.17263e-153 2.35107e-154 6.75049e-156 1.93459e-157 5.53407e-159 1.58021e-160 4.50415e-162 1.28161e-163 3.6405e-165 1.03237e-166 2.92279e-168 8.26146e-170 2.33146e-171 6.56936e-173 1.84822e-174 5.19195e-176 1.45635e-177 4.07916e-179 1.14092e-180
3.36136e-38 9.74181e-39 1.57978e-39 1.88159e-40 1.83069e-41 1.53846e-42 1.15512e-43 7.92472e-45 5.04704e-46 3.01896e-47 1.71128e-48 9.25688e-50 4.80535e-51 2.40487e-52 1.1647e-53 5.4762e-55 2.50649e-56 1.1194e-57 4.88784e-59 2.09036e-60 8.76943e-62 3.61379e-63 1.46462e-64 5.84424e-66 2.29826e-67 8.91501e-69 3.41383e-70 1.29145e-71 4.82962e-73 1.78655e-74 6.54071e-76 2.37118e-77 8.51611e-79 3.0314e-80 1.06991e-81 3.7456e-83 1.3011e-84 4.48606e-86 1.53572e-87 5.22131e-89 1.76353e-90 5.91876e-92 1.97437e-93 6.54745e-95 2.15901e-96 7.08044e-98 2.30979e-99 7.49667e-101 2.42115e-102 7.78218e-104 2.48986e-105 7.93055e-107 2.51506e-108 7.94264e-110 2.49809e-111 7.82586e-113 2.44221e-114 7.59294e-116 2.35211e-117 7.26054e-119 2.2335e-120 6.84777e-122 2.09264e-123 6.37471e-125 1.93589e-126 5.86126e-128 1.76938e-129 5.32604e-131 1.59871e-132 4.78571e-134 1.42877e-135 4.25445e-137 1.26362e-138 3.74375e-140 1.10647e-141 3.26237e-143 9.59656e-145 2.81648e-146 8.24757e-148 2.40988e-149 7.02644e-151 2.04439e-152 5.93606e-154 1.72012e-155 4.97463e-157 1.43589e-158 4.13675e-160 1.18956e-161 3.41446e-163 9.78314e-165 2.79815e-166 7.98937e-168 2.27729e-169 6.4804e-171 1.84109e-172 5.22217e-174 1.47891e-175 4.18176e-177 1.18063e-178 3.32827e-180 9.36882e-182
7.90929e-40 2.38382e-40 4.00416e-41 4.92527e-42 4.93737e-43 4.2669e-44 3.28932e-45 2.3138e-46 1.50914e-47 9.23521e-49 5.35065e-50 2.95588e-51 1.56588e-52 7.99173e-54 3.94466e-55 1.88917e-56 8.8029e-58 4.00037e-59 1.77658e-60 7.72427e-62 3.29309e-63 1.37856e-64 5.67367e-66 2.29826e-67 9.17201e-69 3.60952e-70 1.40187e-71 5.37729e-73 2.03849e-74 7.64205e-76 2.83476e-77 1.04101e-78 3.78648e-80 1.36474e-81 4.87621e-83 1.72781e-84 6.07365e-86 2.11878e-87 7.33741e-89 2.52317e-90 8.61818e-92 2.92458e-93 9.86265e-95 3.30604e-96 1.10179e-97 3.65134e-99 1.20353e-100 3.94627e-102 1.28742e-103 4.17954e-105 1.35045e-106 4.34342e-108 1.39077e-109 4.43405e-111 1.40776e-112 4.45133e-114 1.40196e-115 4.39859e-117 1.3749e-118 4.28205e-120 1.32892e-121 4.11008e-123 1.26692e-124 3.8925e-126 1.19214e-127 3.63982e-129 1.10795e-130 3.3626e-132 1.01761e-133 3.0709e-135 9.24181e-137 2.77385e-138 8.30367e-140 2.47938e-141 7.38463e-143 2.19406e-144 6.50321e-146 1.92303e-147 5.67346e-149 1.67006e-150 4.90523e-152 1.43764e-153 4.20456e-155 1.22713e-156 3.57422e-158 1.03898e-159 3.01426e-161 8.72821e-163 2.52262e-164 7.27744e-166 2.09565e-167 6.02403e-169 1.72861e-170 4.95181e-172 1.41612e-173 4.04312e-175 1.15247e-176 3.27981e-178 9.31936e-180 2.64395e-181 7.48968e-183
1.86106e-41 5.82461e-42 1.01219e-42 1.28447e-43 1.32549e-44 1.17703e-45 9.30934e-47 6.7098e-48 4.47909e-49 2.80255e-50 1.65872e-51 9.35337e-53 5.05407e-54 2.6293e-55 1.3221e-56 6.44674e-58 3.05694e-59 1.41302e-60 6.38007e-62 2.81911e-63 1.22097e-64 5.19055e-66 2.16865e-67 8.91501e-69 3.60952e-70 1.44069e-71 5.67343e-73 2.20598e-74 8.47494e-76 3.21903e-77 1.20954e-78 4.4983e-80 1.65664e-81 6.04442e-83 2.18581e-84 7.8374e-86 2.78735e-87 9.836e-89 3.44503e-90 1.19796e-91 4.13706e-93 1.41923e-94 4.83763e-96 1.63883e-97 5.5189e-99 1.8479e-100 6.15312e-102 2.03791e-103 6.71468e-105 2.20134e-106 7.18192e-108 2.33212e-109 7.53843e-111 2.42599e-112 7.7738e-114 2.48066e-115 7.88394e-117 2.4958e-118 7.87072e-120 2.47288e-121 7.74136e-123 2.41491e-124 7.50743e-126 2.3261e-127 7.18372e-129 2.21151e-130 6.78703e-132 2.07662e-133 6.33503e-135 1.92703e-136 5.84525e-138 1.76816e-139 5.33424e-141 1.60502e-142 4.81692e-144 1.442e-145 4.30619e-147 1.28284e-148 3.81267e-150 1.13053e-151 3.34466e-153 9.87321e-155 2.90819e-156 8.54794e-158 2.50723e-159 7.33903e-161 2.14393e-162 6.25071e-164 1.8189e-165 5.2828e-167 1.53148e-168 4.43166e-170 1.2801e-171 3.69108e-173 1.06246e-174 3.05306e-176 8.75854e-178 2.50851e-179 7.17297e-181 2.04783e-182 5.8373e-184
4.37908e-43 1.42123e-43 2.5523e-44 3.33826e-45 3.54312e-46 3.23048e-47 2.6196e-48 1.9334e-49 1.32015e-50 8.44106e-52 5.10098e-53 2.93462e-54 1.61669e-55 8.56942e-57 4.38782e-58 2.17755e-59 1.05037e-60 4.93663e-62 2.26543e-63 1.01696e-64 4.47301e-66 1.93046e-67 8.18544e-69 3.41383e-70 1.40187e-71 5.67343e-73 2.26474e-74 8.92404e-76 3.47358e-77 1.33643e-78 5.08534e-80 1.91487e-81 7.13867e-83 2.63608e-84 9.646e-86 3.49911e-87 1.25879e-88 4.49244e-90 1.59106e-91 5.59371e-93 1.95274e-94 6.77076e-96 2.33232e-97 7.9836e-99 2.71624e-100 9.18731e-102 3.08991e-103 1.03353e-104 3.43872e-106 1.13827e-107 3.74915e-109 1.22894e-110 4.00962e-112 1.30229e-113 4.21119e-115 1.35597e-116 4.34803e-118 1.38863e-119 4.41752e-121 1.39996e-122 4.42018e-124 1.39058e-125 4.35938e-127 1.36196e-128 4.24084e-130 1.31621e-131 4.07207e-133 1.25591e-134 3.86177e-136 1.18394e-137 3.61925e-139 1.10327e-140 3.35387e-142 1.01681e-143 3.07459e-145 9.27285e-147 2.78961e-148 8.37142e-150 2.50614e-151 7.48482e-153 2.23023e-154 6.63027e-156 1.96673e-157 5.82116e-159 1.71927e-160 5.0672e-162 1.49038e-163 4.37471e-165 1.28156e-166 3.74703e-168 1.09346e-169 3.18498e-171 9.25999e-173 2.68738e-174 7.78532e-176 2.25147e-177 6.49997e-179 1.87337e-180 5.39037e-182 1.54848e-183 4.44117e-185
1.0304e-44 3.46346e-45 6.42081e-46 8.64796e-47 9.433e-48 8.82447e-49 7.33179e-50 5.53773e-51 3.86561e-52 2.52449e-53 1.55688e-54 9.13391e-56 5.12796e-57 2.76832e-58 1.44284e-59 7.28477e-61 3.57322e-62 1.70697e-63 7.95869e-65 3.62847e-66 1.62027e-67 7.0969e-69 3.05302e-70 1.29145e-71 5.37729e-73 2.20598e-74 8.92404e-76 3.56273e-77 1.40467e-78 5.4729e-80 2.1085e-81 8.03681e-83 3.03226e-84 1.133e-85 4.19428e-87 1.53898e-88 5.59907e-90 2.02052e-91 7.23461e-93 2.57104e-94 9.07131e-96 3.17846e-97 1.10627e-98 3.82566e-100 1.31478e-101 4.49155e-103 1.52554e-104 5.15249e-106 1.73085e-107 5.78394e-109 1.92302e-110 6.36216e-112 2.09486e-113 6.86585e-115 2.24018e-116 7.27739e-118 2.35412e-119 7.58386e-121 2.43339e-122 7.77751e-124 2.4764e-125 7.8559e-127 2.48317e-128 7.82159e-130 2.45526e-131 7.68158e-133 2.39547e-134 7.44649e-136 2.30763e-137 7.1296e-139 2.19624e-140 6.74588e-142 2.06619e-143 6.31108e-145 1.92248e-146 5.84083e-148 1.76996e-149 5.34997e-151 1.61311e-152 4.85201e-154 1.45595e-155 4.35874e-157 1.30192e-158 3.88001e-160 1.1538e-161 3.42369e-163 1.01377e-164 2.99563e-166 8.83392e-168 2.59988e-169 7.63663e-171 2.23881e-172 6.55106e-174 1.91338e-175 5.57829e-177 1.62339e-178 4.71609e-180 1.3677e-181 3.95969e-183 1.14448e-184 3.30248e-186
2.42453e-46 8.43025e-47 1.61178e-47 2.23354e-48 2.50193e-49 2.39981e-50 2.04167e-51 1.57724e-52 1.12496e-53 7.50001e-55 4.71811e-56 2.82153e-57 1.61364e-58 8.86859e-60 4.70323e-61 2.415e-62 1.20416e-63 5.84495e-65 2.76794e-66 1.28125e-67 5.80683e-69 2.58057e-70 1.12599e-71 4.82962e-73 2.03849e-74 8.47494e-76 3.47358e-77 1.40467e-78 5.6084e-80 2.21239e-81 8.62788e-83 3.32822e-84 1.2706e-85 4.80287e-87 1.79839e-88 6.67325e-90 2.45486e-91 8.9559e-93 3.24139e-94 1.1642e-95 4.15078e-97 1.46945e-98 5.16677e-100 1.8048e-101 6.26446e-103 2.16113e-104 7.41154e-106 2.52728e-107 8.57031e-109 2.89078e-110 9.70021e-112 3.23866e-113 1.07605e-114 3.55833e-116 1.1713e-117 3.83842e-119 1.25244e-120 4.06941e-122 1.31682e-123 4.24418e-125 1.36262e-126 4.35829e-128 1.38886e-129 4.41005e-131 1.39544e-132 4.40043e-134 1.38304e-135 4.33277e-137 1.35306e-138 4.21237e-140 1.30744e-141 4.04604e-143 1.24849e-144 3.84161e-146 1.1788e-147 3.6074e-149 1.10103e-150 3.35179e-152 1.01778e-153 3.08285e-155 9.31525e-157 2.80802e-158 8.44486e-160 2.5339e-161 7.58596e-163 2.26608e-164 6.75464e-166 2.00913e-167 5.96363e-169 1.76655e-170 5.22242e-172 1.54086e-173 4.53747e-175 1.33365e-176 3.91253e-178 1.14572e-179 3.34903e-181 9.77213e-183 2.84645e-184 8.27706e-186 2.4028e-187
5.70494e-48 2.04969e-48 4.03772e-49 5.75232e-50 6.61241e-51 6.49903e-52 5.65837e-53 4.46846e-54 3.25489e-55 2.21425e-56 1.42026e-57 8.65404e-59 5.03967e-60 2.8188e-61 1.52052e-62 7.93756e-64 4.0219e-65 1.98302e-66 9.53519e-68 4.47997e-69 2.06015e-70 9.28653e-72 4.10884e-73 1.78655e-74 7.64205e-76 3.21903e-77 1.33643e-78 5.4729e-80 2.21239e-81 8.83421e-83 3.48663e-84 1.36089e-85 5.25587e-87 2.00948e-88 7.6092e-90 2.85489e-91 1.06171e-92 3.91513e-94 1.43206e-95 5.1974e-97 1.87221e-98 6.69559e-100 2.37795e-101 8.38893e-103 2.94037e-104 1.0242e-105 3.5461e-107 1.22063e-108 4.17797e-110 1.42225e-111 4.81602e-113 1.62246e-114 5.43877e-116 1.8144e-117 6.02461e-119 1.99136e-120 6.55315e-122 2.14726e-123 7.00652e-125 2.27695e-126 7.37031e-128 2.37652e-129 7.63424e-131 2.44343e-132 7.79258e-134 2.47657e-135 7.84411e-137 2.47626e-138 7.79187e-140 2.44407e-141 7.64262e-143 2.38265e-144 7.40618e-146 2.29549e-147 7.0946e-149 2.18666e-150 6.7214e-152 2.06057e-153 6.30073e-155 1.92172e-156 5.84668e-158 1.77448e-159 5.3727e-161 1.62292e-162 4.8911e-164 1.47074e-165 4.41272e-167 1.3211e-168 3.94674e-170 1.17662e-171 3.50061e-173 1.03938e-174 3.08e-176 9.10921e-178 2.68895e-179 7.92264e-181 2.33001e-182 6.84002e-184 2.0044e-185 5.86343e-187 1.71226e-188
1.34237e-49 4.97835e-50 1.00957e-50 1.47752e-51 1.74179e-52 1.7531e-53 1.56114e-54 1.25963e-55 9.36599e-57 6.49856e-58 4.24825e-59 2.63648e-60 1.56282e-61 8.89261e-63 4.87746e-64 2.58775e-65 1.33202e-66 6.66918e-68 3.25519e-69 1.55192e-70 7.23928e-72 3.30913e-73 1.48428e-74 6.54071e-76 2.83476e-77 1.20954e-78 5.08534e-80 2.1085e-81 8.62788e-83 3.48663e-84 1.39236e-85 5.49782e-87 2.14761e-88 8.30352e-90 3.17912e-91 1.2058e-92 4.53256e-94 1.68915e-95 6.24313e-97 2.28921e-98 8.33014e-100 3.00902e-101 1.07925e-102 3.84463e-104 1.36058e-105 4.78447e-107 1.67214e-108 5.80939e-110 2.00674e-111 6.89343e-113 2.35525e-114 8.00511e-116 2.70705e-117 9.10939e-119 3.05076e-120 1.01698e-121 3.37486e-123 1.11506e-124 3.66848e-126 1.20191e-127 3.92197e-129 1.27476e-130 4.12748e-132 1.33143e-133 4.27928e-135 1.3705e-136 4.374e-138 1.39126e-139 4.41065e-141 1.39378e-142 4.39052e-144 1.37879e-145 4.31688e-147 1.3476e-148 4.1947e-150 1.30201e-151 4.0302e-153 1.24413e-154 3.8305e-156 1.1763e-157 3.6031e-159 1.10091e-160 3.3556e-162 1.02035e-163 3.09533e-165 9.36842e-167 2.82908e-168 8.52435e-170 2.56291e-171 7.68915e-173 2.30204e-174 6.87789e-176 2.05078e-177 6.10268e-179 1.81249e-180 5.37275e-182 1.58965e-183 4.69462e-185 1.38391e-186 4.07231e-188 1.19621e-189
3.15861e-51 1.20798e-51 2.51976e-52 3.78558e-53 4.57364e-54 4.71138e-55 4.28892e-56 3.53406e-57 2.68113e-58 1.89658e-59 1.26312e-60 7.981e-62 4.81376e-63 2.78559e-64 1.55303e-65 8.37153e-67 4.37629e-68 2.22439e-69 1.10179e-70 5.32869e-72 2.52079e-73 1.16819e-74 5.3106e-76 2.37118e-77 1.04101e-78 4.4983e-80 1.91487e-81 8.03681e-83 3.32822e-84 1.36089e-85 5.49782e-87 2.19569e-88 8.67362e-90 3.39073e-91 1.31236e-92 5.03117e-94 1.91123e-95 7.19698e-97 2.68741e-98 9.9542e-100 3.6585e-101 1.33459e-102 4.83353e-104 1.73845e-105 6.21077e-107 2.20454e-108 7.77626e-110 2.72644e-111 9.50337e-113 3.2938e-114 1.13535e-115 3.89271e-117 1.32779e-118 4.50641e-120 1.52201e-121 5.11627e-123 1.71195e-124 5.70282e-126 1.89147e-127 6.24703e-129 2.05475e-130 6.73132e-132 2.19657e-133 7.14059e-135 2.31265e-136 7.46296e-138 2.3998e-139 7.69026e-141 2.45607e-142 7.81828e-144 2.48075e-145 7.84672e-147 2.47433e-148 7.77895e-150 2.43841e-151 7.6215e-153 2.37548e-154 7.3835e-156 2.28876e-157 7.07601e-159 2.18198e-160 6.71133e-162 2.05913e-163 6.30231e-165 1.92431e-166 5.86177e-168 1.78148e-169 5.40197e-171 1.6344e-172 4.93423e-174 1.48645e-175 4.46857e-177 1.34057e-178 4.01357e-180 1.19924e-181 3.57629e-183 1.06445e-184 3.16222e-186 9.37676e-188 2.77536e-189 8.19983e-191
