0.450366 0.0910101 0.0430872 0.0203989 0.0096575 0.00457218 0.00216462 0.0010248 0.000485175 0.000229698 0.000108746 5.14841e-05 2.43743e-05 1.15396e-05 5.46322e-06 2.58647e-06 1.22452e-06 5.79727e-07 2.74462e-07 1.29939e-07 6.15175e-08 2.91244e-08 1.37885e-08 6.52791e-09 3.09053e-09 1.46316e-09 6.92706e-10 3.2795e-10 1.55262e-10 7.35062e-11 3.48003e-11 1.64756e-11 7.80008e-12 3.69282e-12 1.7483e-12 8.27703e-13 3.91862e-13 1.8552e-13 8.78313e-14 4.15822e-14 1.96864e-14 9.32019e-15 4.41248e-15 2.08901e-15 9.89008e-16 4.68229e-16 2.21675e-16 1.04948e-16 4.96859e-17 2.35229e-17 1.11365e-17 5.2724e-18 2.49613e-18 1.18175e-18 5.59479e-19 2.64876e-19 1.25401e-19 5.93689e-20 2.81072e-20 1.33069e-20 6.2999e-21 2.98258e-21 1.41205e-21 6.68512e-22 3.16495e-22 1.49839e-22 7.09388e-23 3.35848e-23 1.59001e-23 7.52765e-24 3.56383e-24 1.68724e-24 7.98793e-25 3.78175e-25 1.7904e-25 8.47636e-26 4.01299e-26 1.89988e-26 8.99466e-27 4.25837e-27 2.01605e-27 9.54464e-28 4.51875e-28 2.13932e-28 1.01283e-28 4.79505e-29 2.27013e-29 1.07476e-29 5.08825e-30 2.40894e-30 1.14047e-30 5.39937e-31 2.55624e-31 1.21021e-31 5.72952e-32 2.71255e-32 1.28421e-32 6.07986e-33 2.87841e-33 1.36273e-33 6.45162e-34
0.0910101 0.0382139 0.0211283 0.0114405 0.00609693 0.00320872 0.00167167 0.000863646 0.000443072 0.000225953 0.000114638 5.79017e-05 2.91304e-05 1.46045e-05 7.2993e-06 3.63801e-06 1.80865e-06 8.97133e-07 4.44075e-07 2.19398e-07 1.08206e-07 5.32807e-08 2.61966e-08 1.28624e-08 6.30728e-09 3.08919e-09 1.51134e-09 7.38633e-10 3.60635e-10 1.75917e-10 8.57375e-11 4.17521e-11 2.03165e-11 9.87878e-12 4.80015e-12 2.33088e-12 1.13113e-12 5.4859e-13 2.65911e-13 1.28821e-13 6.23757e-14 3.01876e-14 1.46028e-14 7.06066e-15 3.41245e-15 1.64856e-15 7.96107e-16 3.843e-16 1.85442e-16 8.9452e-17 4.31344e-17 2.07928e-17 1.00199e-17 4.82705e-18 2.32471e-18 1.11926e-18 5.38733e-19 2.59238e-19 1.24713e-19 5.99809e-20 2.88409e-20 1.38645e-20 6.6634e-21 3.20179e-21 1.53814e-21 7.38765e-22 3.54755e-22 1.7032e-22 8.17555e-23 3.92363e-23 1.88269e-23 9.03218e-24 4.33243e-24 2.07777e-24 9.96301e-25 4.77655e-25 2.28966e-25 1.09739e-25 5.25879e-26 2.5197e-26 1.20712e-26 5.78215e-27 2.76931e-27 1.32616e-27 6.34985e-28 3.04002e-28 1.45524e-28 6.96535e-29 3.33348e-29 1.59516e-29 7.63238e-30 3.65147e-30 1.74674e-30 8.35494e-31 3.99588e-31 1.9109e-31 9.13733e-32 4.36876e-32 2.0886e-32 9.98417e-33 4.7723e-33
0.0430872 0.0211283 0.0127155 0.00740554 0.00420998 0.00234913 0.00129144 0.00070138 0.000377061 0.000200961 0.000106309 5.58729e-05 2.91973e-05 1.51799e-05 7.85626e-06 4.04926e-06 2.07929e-06 1.0641e-06 5.4287e-07 2.76165e-07 1.40118e-07 7.09188e-08 3.58131e-08 1.8047e-08 9.07632e-09 4.5563e-09 2.28329e-09 1.14235e-09 5.70653e-10 2.84651e-10 1.41794e-10 7.05404e-11 3.50495e-11 1.73947e-11 8.62316e-12 4.27026e-12 2.11253e-12 1.04407e-12 5.15533e-13 2.5433e-13 1.25363e-13 6.17433e-14 3.03858e-14 1.49425e-14 7.34288e-15 3.60584e-15 1.76953e-15 8.67816e-16 4.25333e-16 2.08339e-16 1.01991e-16 4.99009e-17 2.44018e-17 1.19264e-17 5.82605e-18 2.84465e-18 1.38828e-18 6.77213e-19 3.30203e-19 1.60934e-19 7.84029e-20 3.81803e-20 1.85855e-20 9.04364e-21 4.39895e-21 2.13893e-21 1.03965e-21 5.05164e-22 2.45375e-22 1.19147e-22 5.78363e-23 2.80661e-23 1.36154e-23 6.60316e-24 3.20146e-24 1.55174e-24 7.51923e-25 3.64259e-25 1.76414e-25 8.54168e-26 4.13471e-26 2.00097e-26 9.68124e-27 4.68296e-27 2.26469e-27 1.09497e-27 5.29294e-28 2.55799e-28 1.23598e-28 5.97078e-29 2.88379e-29 1.39255e-29 6.72315e-30 3.24528e-30 1.56621e-30 7.55733e-31 3.64593e-31 1.75862e-31 8.48126e-32 4.08954e-32 1.97159e-32
0.0203989 0.0114405 0.00740554 0.00458627 0.00275166 0.00161173 0.000926307 0.000524229 0.000292896 0.000161875 8.86292e-05 4.81312e-05 2.59508e-05 1.39026e-05 7.40544e-06 3.92427e-06 2.0698e-06 1.08702e-06 5.6864e-07 2.96394e-07 1.53975e-07 7.97411e-08 4.11778e-08 2.12068e-08 1.08941e-08 5.58323e-09 2.85505e-09 1.45691e-09 7.41986e-10 3.77179e-10 1.91395e-10 9.69584e-11 4.90397e-11 2.47657e-11 1.2489e-11 6.2893e-12 3.16305e-12 1.58878e-12 7.9707e-13 3.99417e-13 1.99929e-13 9.99684e-14 4.9935e-14 2.49184e-14 1.24229e-14 6.18772e-15 3.07932e-15 1.53113e-15 7.60697e-16 3.77632e-16 1.87324e-16 9.28528e-17 4.59924e-17 2.27655e-17 1.12609e-17 5.5666e-18 2.74999e-18 1.3577e-18 6.69916e-19 3.30358e-19 1.62819e-19 8.02025e-20 3.94857e-20 1.94298e-20 9.55603e-21 4.69758e-21 2.30814e-21 1.13357e-21 5.56468e-22 2.73048e-22 1.33921e-22 6.56566e-23 3.21757e-23 1.57617e-23 7.7181e-24 3.7779e-24 1.84854e-24 9.04163e-25 4.4209e-25 2.16084e-25 1.05581e-25 5.15709e-26 2.51815e-26 1.22919e-26 5.99818e-27 2.92609e-27 1.427e-27 6.95718e-28 3.39092e-28 1.65226e-28 8.04854e-29 3.91957e-29 1.90829e-29 9.2883e-30 4.51977e-30 2.19881e-30 1.06942e-30 5.20005e-31 2.52791e-31 1.22861e-31 5.96988e-32
0.0096575 0.00609693 0.00420998 0.00275166 0.00173052 0.00105739 0.000631672 0.000370527 0.000214078 0.000122112 6.88904e-05 3.84938e-05 2.13281e-05 1.17287e-05 6.40647e-06 3.47816e-06 1.87794e-06 1.00885e-06 5.39461e-07 2.8724e-07 1.52342e-07 8.05014e-08 4.23945e-08 2.22553e-08 1.16484e-08 6.0797e-09 3.16488e-09 1.64344e-09 8.514e-10 4.40099e-10 2.27015e-10 1.16866e-10 6.00484e-11 3.07983e-11 1.5769e-11 8.06058e-12 4.11381e-12 2.09637e-12 1.06675e-12 5.42074e-13 2.75091e-13 1.39424e-13 7.05776e-14 3.56847e-14 1.8022e-14 9.09171e-15 4.58172e-15 2.30657e-15 1.16005e-15 5.82868e-16 2.92592e-16 1.46746e-16 7.35349e-17 3.68177e-17 1.8419e-17 9.20727e-18 4.599e-18 2.29548e-18 1.1449e-18 5.70635e-19 2.84218e-19 1.41467e-19 7.03685e-20 3.49807e-20 1.73785e-20 8.62849e-21 4.28159e-21 2.12339e-21 1.05248e-21 5.21388e-22 2.58155e-22 1.27754e-22 6.31907e-23 3.12404e-23 1.54373e-23 7.62472e-24 3.76423e-24 1.85752e-24 9.16221e-25 4.51732e-25 2.22627e-25 1.09672e-25 5.40059e-26 2.65836e-26 1.30803e-26 6.43368e-27 3.16329e-27 1.55475e-27 7.63881e-28 3.7518e-28 1.84206e-28 9.04115e-29 4.43608e-29 2.17587e-29 1.06692e-29 5.22987e-30 2.56282e-30 1.25549e-30 6.14868e-31 3.01039e-31 1.47347e-31
0.00457218 0.00320872 0.00234913 0.00161173 0.00105739 0.000671068 0.000415039 0.000251407 0.000149689 8.78394e-05 5.09054e-05 2.91821e-05 1.65696e-05 9.32851e-06 5.21195e-06 2.892e-06 1.59471e-06 8.74349e-07 4.76884e-07 2.58847e-07 1.39872e-07 7.52696e-08 4.03486e-08 2.1551e-08 1.1472e-08 6.08735e-09 3.22046e-09 1.69896e-09 8.93901e-10 4.69135e-10 2.45621e-10 1.28305e-10 6.68779e-11 3.47876e-11 1.80597e-11 9.35788e-12 4.8402e-12 2.4992e-12 1.28831e-12 6.63055e-13 3.40736e-13 1.74844e-13 8.95922e-14 4.58459e-14 2.34295e-14 1.19585e-14 6.09623e-15 3.1041e-15 1.57876e-15 8.02078e-16 4.07057e-16 2.0637e-16 1.04521e-16 5.28859e-17 2.67343e-17 1.35021e-17 6.81315e-18 3.43496e-18 1.73034e-18 8.70941e-19 4.38029e-19 2.20131e-19 1.10544e-19 5.54718e-20 2.78163e-20 1.39388e-20 6.98007e-21 3.49307e-21 1.74692e-21 8.7311e-22 4.36111e-22 2.17704e-22 1.08612e-22 5.41559e-23 2.69879e-23 1.34417e-23 6.69128e-24 3.32917e-24 1.65554e-24 8.22863e-25 4.08791e-25 2.02986e-25 1.00746e-25 4.99792e-26 2.4783e-26 1.22836e-26 6.08571e-27 3.01378e-27 1.49186e-27 7.38192e-28 3.6512e-28 1.80522e-28 8.92187e-29 4.40776e-29 2.17679e-29 1.07463e-29 5.30323e-30 2.6162e-30 1.29018e-30 6.36036e-31 3.13449e-31
0.00216462 0.00167167 0.00129144 0.000926307 0.000631672 0.000415039 0.000264965 0.000165289 0.00010116 6.09216e-05 3.61852e-05 2.12357e-05 1.23311e-05 7.09335e-06 4.04611e-06 2.29043e-06 1.28764e-06 7.19328e-07 3.99524e-07 2.20718e-07 1.21334e-07 6.63949e-08 3.61765e-08 1.96327e-08 1.06146e-08 5.71872e-09 3.0708e-09 1.64379e-09 8.77309e-10 4.66919e-10 2.47842e-10 1.31223e-10 6.93101e-11 3.65248e-11 1.92055e-11 1.00776e-11 5.27733e-12 2.75829e-12 1.43901e-12 7.49413e-13 3.8962e-13 2.02232e-13 1.04804e-13 5.42308e-14 2.80208e-14 1.44578e-14 7.4496e-15 3.83347e-15 1.97015e-15 1.01128e-15 5.18472e-16 2.65509e-16 1.35815e-16 6.93972e-17 3.54226e-17 1.80624e-17 9.20106e-18 4.68254e-18 2.38077e-18 1.20937e-18 6.13779e-19 3.11237e-19 1.5769e-19 7.98289e-20 4.03803e-20 2.04099e-20 1.03081e-20 5.20234e-21 2.62363e-21 1.3222e-21 6.65879e-22 3.35119e-22 1.68545e-22 8.47136e-23 4.25517e-23 2.13606e-23 1.07163e-23 5.37309e-24 2.69247e-24 1.34844e-24 6.74953e-25 3.37659e-25 1.68831e-25 8.43724e-26 4.21431e-26 2.10395e-26 1.04986e-26 5.2362e-27 2.61034e-27 1.3007e-27 6.47826e-28 3.22512e-28 1.60488e-28 7.98276e-29 3.96899e-29 1.97254e-29 9.79928e-30 4.86618e-30 2.41553e-30 1.19858e-30 5.94505e-31
0.0010248 0.000863646 0.00070138 0.000524229 0.000370527 0.000251407 0.000165289 0.000105959 6.65239e-05 4.10384e-05 2.4938e-05 1.4957e-05 8.8679e-06 5.20414e-06 3.02615e-06 1.74516e-06 9.98873e-07 5.67807e-07 3.20738e-07 1.80125e-07 1.00614e-07 5.592e-08 3.09352e-08 1.7039e-08 9.34675e-09 5.10751e-09 2.7809e-09 1.50897e-09 8.16152e-10 4.40081e-10 2.3661e-10 1.26863e-10 6.78409e-11 3.61876e-11 1.9257e-11 1.02241e-11 5.41634e-12 2.86337e-12 1.51068e-12 7.95479e-13 4.18097e-13 2.19355e-13 1.14887e-13 6.00723e-14 3.13604e-14 1.63462e-14 8.50758e-15 4.42148e-15 2.29468e-15 1.1893e-15 6.15591e-16 3.18231e-16 1.64308e-16 8.47342e-17 4.36471e-17 2.24576e-17 1.15424e-17 5.92613e-18 3.03946e-18 1.55735e-18 7.97168e-19 4.07663e-19 2.08281e-19 1.06318e-19 5.42225e-20 2.763e-20 1.40675e-20 7.15646e-21 3.63775e-21 1.84769e-21 9.37764e-22 4.75593e-22 2.41025e-22 1.22061e-22 6.17722e-23 3.12401e-23 1.57885e-23 7.97422e-24 4.02492e-24 2.03028e-24 1.0235e-24 5.15654e-25 2.59642e-25 1.30659e-25 6.57143e-26 3.30323e-26 1.65952e-26 8.33286e-27 4.18194e-27 2.09768e-27 1.05168e-27 5.26998e-28 2.63952e-28 1.3214e-28 6.61209e-29 3.30707e-29 1.6533e-29 8.26163e-30 4.12658e-30 2.06029e-30 1.02821e-30
0.000485175 0.000443072 0.000377061 0.000292896 0.000214078 0.000149689 0.00010116 6.65239e-05 4.27751e-05 2.69891e-05 1.6755e-05 1.0256e-05 6.2005e-06 3.70758e-06 2.19516e-06 1.28817e-06 7.49832e-07 4.33256e-07 2.48643e-07 1.41805e-07 8.04059e-08 4.53468e-08 2.54464e-08 1.42124e-08 7.90309e-09 4.37654e-09 2.4142e-09 1.32683e-09 7.2669e-10 3.96688e-10 2.15869e-10 1.17121e-10 6.33653e-11 3.41895e-11 1.83997e-11 9.87771e-12 5.29024e-12 2.82689e-12 1.5073e-12 8.02013e-13 4.25884e-13 2.25716e-13 1.19406e-13 6.30535e-14 3.32385e-14 1.74923e-14 9.19079e-15 4.82148e-15 2.52553e-15 1.32096e-15 6.8994e-16 3.59863e-16 1.8745e-16 9.75155e-17 5.0666e-17 2.62924e-17 1.3628e-17 7.05557e-18 3.64878e-18 1.8849e-18 9.72681e-19 5.01422e-19 2.58226e-19 1.32853e-19 6.8285e-20 3.50651e-20 1.79899e-20 9.22143e-21 4.7227e-21 2.41665e-21 1.2356e-21 6.31237e-22 3.22227e-22 1.6436e-22 8.37723e-23 4.26662e-23 2.17146e-23 1.10437e-23 5.6127e-24 2.85059e-24 1.4468e-24 7.33834e-25 3.71971e-25 1.88429e-25 9.53936e-26 4.82646e-26 2.44051e-26 1.23333e-26 6.22918e-27 3.14441e-27 1.58638e-27 7.99913e-28 4.03132e-28 2.0306e-28 1.0223e-28 5.1442e-29 2.58726e-29 1.30062e-29 6.53513e-30 3.28212e-30 1.6476e-30
0.000229698 0.000225953 0.000200961 0.000161875 0.000122112 8.78394e-05 6.09216e-05 4.10384e-05 2.69891e-05 1.73948e-05 1.10188e-05 6.87581e-06 4.23419e-06 2.577e-06 1.55199e-06 9.25849e-07 5.47575e-07 3.2131e-07 1.87181e-07 1.08318e-07 6.22958e-08 3.56223e-08 2.0261e-08 1.14663e-08 6.45879e-09 3.62211e-09 2.02286e-09 1.12529e-09 6.23665e-10 3.44436e-10 1.89589e-10 1.04025e-10 5.69046e-11 3.10385e-11 1.68833e-11 9.15936e-12 4.95651e-12 2.67569e-12 1.44107e-12 7.74397e-13 4.1525e-13 2.22208e-13 1.1867e-13 6.32547e-14 3.36541e-14 1.78734e-14 9.47603e-15 5.01556e-15 2.65039e-15 1.39836e-15 7.36669e-16 3.87513e-16 2.03554e-16 1.06776e-16 5.59349e-17 2.92634e-17 1.52903e-17 7.97943e-18 4.15916e-18 2.16537e-18 1.12607e-18 5.84947e-19 3.03528e-19 1.57334e-19 8.1471e-20 4.21451e-20 2.17804e-20 1.12453e-20 5.80058e-21 2.98935e-21 1.5392e-21 7.91836e-22 4.07011e-22 2.09034e-22 1.07269e-22 5.50026e-23 2.81809e-23 1.44276e-23 7.38092e-24 3.77318e-24 1.9275e-24 9.83951e-25 5.01942e-25 2.55883e-25 1.30359e-25 6.63675e-26 3.37672e-26 1.71697e-26 8.72492e-27 4.43097e-27 2.24895e-27 1.14079e-27 5.78342e-28 2.93035e-28 1.48393e-28 7.51058e-29 3.79927e-29 1.92088e-29 9.70679e-30 4.90265e-30 2.47497e-30
0.000108746 0.000114638 0.000106309 8.86292e-05 6.88904e-05 5.09054e-05 3.61852e-05 2.4938e-05 1.6755e-05 1.10188e-05 7.11491e-06 4.52157e-06 2.83355e-06 1.75376e-06 1.07343e-06 6.50448e-07 3.90556e-07 2.32558e-07 1.37421e-07 8.06322e-08 4.70026e-08 2.7233e-08 1.56894e-08 8.9912e-09 5.12707e-09 2.90998e-09 1.64437e-09 9.25343e-10 5.18676e-10 2.89647e-10 1.61177e-10 8.93871e-11 4.94141e-11 2.72331e-11 1.49648e-11 8.20031e-12 4.48152e-12 2.44289e-12 1.32834e-12 7.2059e-13 3.9001e-13 2.10626e-13 1.13508e-13 6.10464e-14 3.27671e-14 1.75546e-14 9.38741e-15 5.01107e-15 2.67035e-15 1.42064e-15 7.54573e-16 4.00164e-16 2.11893e-16 1.12036e-16 5.91529e-17 3.11883e-17 1.64219e-17 8.6354e-18 4.53511e-18 2.37877e-18 1.24621e-18 6.52108e-19 3.40837e-19 1.77946e-19 9.28014e-20 4.83457e-20 2.51599e-20 1.30803e-20 6.79352e-21 3.52494e-21 1.82724e-21 9.46321e-22 4.89651e-22 2.53134e-22 1.30748e-22 6.74766e-23 3.47944e-23 1.79272e-23 9.22929e-24 4.74772e-24 2.44045e-24 1.25351e-24 6.43377e-25 3.29982e-25 1.69125e-25 8.6621e-26 4.43346e-26 2.26763e-26 1.15909e-26 5.92078e-27 3.02251e-27 1.542e-27 7.8621e-28 4.00618e-28 2.04017e-28 1.03836e-28 5.28185e-29 2.68521e-29 1.36437e-29 6.92864e-30 3.51668e-30
5.14841e-05 5.79017e-05 5.58729e-05 4.81312e-05 3.84938e-05 2.91821e-05 2.12357e-05 1.4957e-05 1.0256e-05 6.87581e-06 4.52157e-06 2.92399e-06 1.86321e-06 1.17183e-06 7.28412e-07 4.48016e-07 2.7292e-07 1.64803e-07 9.87169e-08 5.86935e-08 3.46576e-08 2.03342e-08 1.18595e-08 6.87827e-09 3.96845e-09 2.27837e-09 1.30201e-09 7.408e-10 4.19747e-10 2.36901e-10 1.33207e-10 7.4635e-11 4.16763e-11 2.31971e-11 1.28718e-11 7.12134e-12 3.92878e-12 2.1616e-12 1.18622e-12 6.49334e-13 3.54591e-13 1.93189e-13 1.05019e-13 5.69664e-14 3.08368e-14 1.6659e-14 8.98229e-15 4.83405e-15 2.59686e-15 1.39259e-15 7.45515e-16 3.9845e-16 2.12616e-16 1.13278e-16 6.02608e-17 3.20103e-17 1.69795e-17 8.99408e-18 4.75776e-18 2.51349e-18 1.32616e-18 6.98835e-19 3.67811e-19 1.93357e-19 1.01529e-19 5.32518e-20 2.78996e-20 1.46014e-20 7.6337e-21 3.98685e-21 2.08012e-21 1.08423e-21 5.64594e-22 2.93727e-22 1.5267e-22 7.92812e-23 4.11344e-23 2.13239e-23 1.10449e-23 5.71603e-24 2.95581e-24 1.52726e-24 7.88514e-25 4.06794e-25 2.09707e-25 1.08027e-25 5.56081e-26 2.86046e-26 1.47038e-26 7.55314e-27 3.87734e-27 1.98908e-27 1.01974e-27 5.22458e-28 2.6751e-28 1.36887e-28 7.00035e-29 3.57783e-29 1.82753e-29 9.32954e-30 4.76003e-30
2.43743e-05 2.91304e-05 2.91973e-05 2.59508e-05 2.13281e-05 1.65696e-05 1.23311e-05 8.8679e-06 6.2005e-06 4.23419e-06 2.83355e-06 1.86321e-06 1.2064e-06 7.70481e-07 4.86071e-07 3.03266e-07 1.87316e-07 1.14639e-07 6.95698e-08 4.18916e-08 2.50438e-08 1.48717e-08 8.7762e-09 5.14888e-09 3.00425e-09 1.7439e-09 1.00738e-09 5.79258e-10 3.31637e-10 1.89089e-10 1.07391e-10 6.07648e-11 3.42606e-11 1.92517e-11 1.07829e-11 6.02088e-12 3.35194e-12 1.86079e-12 1.03018e-12 5.68838e-13 3.13306e-13 1.72145e-13 9.43633e-14 5.16097e-14 2.81652e-14 1.53385e-14 8.33615e-15 4.52163e-15 2.44792e-15 1.32281e-15 7.13547e-16 3.84232e-16 2.06554e-16 1.10857e-16 5.94027e-17 3.17818e-17 1.69785e-17 9.05705e-18 4.82456e-18 2.56642e-18 1.36337e-18 7.23321e-19 3.83259e-19 2.0282e-19 1.07202e-19 5.65951e-20 2.98436e-20 1.57192e-20 8.27049e-21 4.34672e-21 2.2821e-21 1.1969e-21 6.27107e-22 3.28244e-22 1.71645e-22 8.96716e-23 4.68032e-23 2.44063e-23 1.27157e-23 6.61913e-24 3.44263e-24 1.78902e-24 9.2893e-25 4.81948e-25 2.49847e-25 1.29423e-25 6.69912e-26 3.46497e-26 1.79086e-26 9.24933e-27 4.77366e-27 2.46201e-27 1.26892e-27 6.53556e-28 3.36392e-28 1.73032e-28 8.89467e-29 4.56942e-29 2.34597e-29 1.20371e-29 6.17248e-30
1.15396e-05 1.46045e-05 1.51799e-05 1.39026e-05 1.17287e-05 9.32851e-06 7.09335e-06 5.20414e-06 3.70758e-06 2.577e-06 1.75376e-06 1.17183e-06 7.70481e-07 4.99395e-07 3.19565e-07 2.0214e-07 1.26526e-07 7.84407e-08 4.8203e-08 2.93817e-08 1.7775e-08 1.06784e-08 6.37332e-09 3.78072e-09 2.22997e-09 1.30823e-09 7.63597e-10 4.43571e-10 2.56502e-10 1.4769e-10 8.46907e-11 4.83762e-11 2.75307e-11 1.56123e-11 8.82368e-12 4.97081e-12 2.79164e-12 1.56316e-12 8.72781e-13 4.8598e-13 2.6989e-13 1.49503e-13 8.26139e-14 4.55439e-14 2.50506e-14 1.37483e-14 7.52937e-15 4.11503e-15 2.24451e-15 1.22189e-15 6.63944e-16 3.60115e-16 1.94979e-16 1.05388e-16 5.68688e-17 3.06377e-17 1.648e-17 8.85102e-18 4.74663e-18 2.54185e-18 1.35926e-18 7.25866e-19 3.87106e-19 2.06175e-19 1.0967e-19 5.82643e-20 3.09164e-20 1.63855e-20 8.67415e-21 4.58672e-21 2.42269e-21 1.27827e-21 6.73732e-22 3.54733e-22 1.86585e-22 9.80437e-23 5.14684e-23 2.69928e-23 1.41432e-23 7.40378e-24 3.87229e-24 2.02349e-24 1.05648e-24 5.51127e-25 2.87265e-25 1.4961e-25 7.78556e-26 4.04836e-26 2.10346e-26 1.09209e-26 5.66581e-27 2.93729e-27 1.52167e-27 7.8775e-28 4.07525e-28 2.1068e-28 1.08843e-28 5.61946e-29 2.89938e-29 1.49499e-29 7.70367e-30
5.46322e-06 7.2993e-06 7.85626e-06 7.40544e-06 6.40647e-06 5.21195e-06 4.04611e-06 3.02615e-06 2.19516e-06 1.55199e-06 1.07343e-06 7.28412e-07 4.86071e-07 3.19565e-07 2.07314e-07 1.32885e-07 8.42509e-08 5.28858e-08 3.28944e-08 2.02877e-08 1.24149e-08 7.54214e-09 4.55089e-09 2.7286e-09 1.62629e-09 9.6388e-10 5.6827e-10 3.33365e-10 1.94642e-10 1.13137e-10 6.5483e-11 3.7748e-11 2.16762e-11 1.24015e-11 7.0703e-12 4.01734e-12 2.2753e-12 1.28468e-12 7.23206e-13 4.05966e-13 2.2726e-13 1.26885e-13 7.06624e-14 3.92554e-14 2.1756e-14 1.203e-14 6.63722e-15 3.65407e-15 2.00755e-15 1.10073e-15 6.02351e-16 3.29001e-16 1.79369e-16 9.76167e-17 5.30333e-17 2.87636e-17 1.55749e-17 8.42013e-18 4.54504e-18 2.44964e-18 1.31834e-18 7.08485e-19 3.80213e-19 2.03766e-19 1.09059e-19 5.8294e-20 3.11199e-20 1.65926e-20 8.83621e-21 4.70006e-21 2.49712e-21 1.32521e-21 7.02507e-22 3.72002e-22 1.9678e-22 1.03984e-22 5.48922e-23 2.89482e-23 1.52514e-23 8.02758e-24 4.22135e-24 2.21779e-24 1.16412e-24 6.10505e-25 3.19894e-25 1.67476e-25 8.76066e-26 4.57894e-26 2.39135e-26 1.24789e-26 6.5069e-27 3.39031e-27 1.76514e-27 9.18327e-28 4.77421e-28 2.48025e-28 1.28761e-28 6.67997e-29 3.46314e-29 1.79422e-29 9.28956e-30
2.58647e-06 3.63801e-06 4.04926e-06 3.92427e-06 3.47816e-06 2.892e-06 2.29043e-06 1.74516e-06 1.28817e-06 9.25849e-07 6.50448e-07 4.48016e-07 3.03266e-07 2.0214e-07 1.32885e-07 8.6274e-08 5.53813e-08 3.51844e-08 2.21416e-08 1.38121e-08 8.54638e-09 5.2484e-09 3.20047e-09 1.93883e-09 1.1673e-09 6.9872e-10 4.15953e-10 2.46341e-10 1.45179e-10 8.5163e-11 4.97373e-11 2.8926e-11 1.67555e-11 9.66864e-12 5.55889e-12 3.18488e-12 1.81863e-12 1.03514e-12 5.87379e-13 3.32314e-13 1.87474e-13 1.05472e-13 5.91819e-14 3.3123e-14 1.84927e-14 1.03e-14 5.72363e-15 3.17351e-15 1.75578e-15 9.69383e-16 5.34121e-16 2.93718e-16 1.61211e-16 8.83186e-17 4.8298e-17 2.63662e-17 1.4369e-17 7.81784e-18 4.24667e-18 2.30318e-18 1.24722e-18 6.74393e-19 3.64125e-19 1.96324e-19 1.05705e-19 5.68372e-20 3.05209e-20 1.63682e-20 8.76719e-21 4.69013e-21 2.50604e-21 1.33746e-21 7.12972e-22 3.79643e-22 2.0193e-22 1.07289e-22 5.69447e-23 3.01926e-23 1.59922e-23 8.46218e-24 4.47336e-24 2.36249e-24 1.24652e-24 6.57094e-25 3.4607e-25 1.82103e-25 9.57393e-26 5.02914e-26 2.63957e-26 1.38425e-26 7.25342e-27 3.79775e-27 1.98687e-27 1.03868e-27 5.42579e-28 2.83219e-28 1.47729e-28 7.70006e-29 4.01067e-29 2.08755e-29 1.08583e-29
1.22452e-06 1.80865e-06 2.07929e-06 2.0698e-06 1.87794e-06 1.59471e-06 1.28764e-06 9.98873e-07 7.49832e-07 5.47575e-07 3.90556e-07 2.7292e-07 1.87316e-07 1.26526e-07 8.42509e-08 5.53813e-08 3.59799e-08 2.31263e-08 1.47191e-08 9.28357e-09 5.80632e-09 3.60325e-09 2.21985e-09 1.3583e-09 8.25825e-10 4.9908e-10 2.9991e-10 1.79261e-10 1.06605e-10 6.30932e-11 3.71708e-11 2.18039e-11 1.2737e-11 7.41107e-12 4.29589e-12 2.48116e-12 1.42807e-12 8.19223e-13 4.68454e-13 2.67054e-13 1.51792e-13 8.60325e-14 4.8628e-14 2.74133e-14 1.54144e-14 8.64614e-15 4.83817e-15 2.70108e-15 1.50461e-15 8.36311e-16 4.63876e-16 2.56774e-16 1.41854e-16 7.82168e-17 4.30475e-17 2.36488e-17 1.29689e-17 7.09992e-18 3.88041e-18 2.11737e-18 1.15352e-18 6.27459e-19 3.40793e-19 1.84824e-19 1.00093e-19 5.41301e-20 2.92335e-20 1.57668e-20 8.4926e-21 4.5686e-21 2.45462e-21 1.31721e-21 7.06003e-22 3.77965e-22 2.02116e-22 1.0796e-22 5.76033e-23 3.0702e-23 1.63466e-23 8.69443e-24 4.61971e-24 2.45221e-24 1.3004e-24 6.8894e-25 3.64652e-25 1.92831e-25 1.01878e-25 5.37777e-26 2.83625e-26 1.49456e-26 7.86899e-27 4.13966e-27 2.176e-27 1.14289e-27 5.99806e-28 3.14544e-28 1.64824e-28 8.63053e-29 4.5158e-29 2.36111e-29 1.23365e-29
5.79727e-07 8.97133e-07 1.0641e-06 1.08702e-06 1.00885e-06 8.74349e-07 7.19328e-07 5.67807e-07 4.33256e-07 3.2131e-07 2.32558e-07 1.64803e-07 1.14639e-07 7.84407e-08 5.28858e-08 3.51844e-08 2.31263e-08 1.50335e-08 9.67398e-09 6.16713e-09 3.89757e-09 2.44345e-09 1.52036e-09 9.39361e-10 5.76571e-10 3.51704e-10 2.13284e-10 1.28629e-10 7.71695e-11 4.60676e-11 2.73714e-11 1.619e-11 9.53539e-12 5.59314e-12 3.26796e-12 1.90228e-12 1.10336e-12 6.37778e-13 3.67441e-13 2.11022e-13 1.20822e-13 6.89738e-14 3.92639e-14 2.22903e-14 1.26209e-14 7.12787e-15 4.01567e-15 2.25694e-15 1.26555e-15 7.08051e-16 3.95283e-16 2.2021e-16 1.22428e-16 6.79298e-17 3.76187e-17 2.07937e-17 1.14728e-17 6.31882e-18 3.47418e-18 1.90695e-18 1.04499e-18 5.71732e-19 3.12317e-19 1.70349e-19 9.27765e-20 5.04554e-20 2.74008e-20 1.486e-20 8.04802e-21 4.35296e-21 2.35137e-21 1.26855e-21 6.83531e-22 3.67861e-22 1.9774e-22 1.0617e-22 5.694e-23 3.05034e-23 1.63233e-23 8.7257e-24 4.6595e-24 2.4856e-24 1.3246e-24 7.05196e-25 3.7507e-25 1.99297e-25 1.058e-25 5.61135e-26 2.97344e-26 1.57422e-26 8.32709e-27 4.40098e-27 2.32402e-27 1.22623e-27 6.46473e-28 3.4055e-28 1.79254e-28 9.42807e-29 4.95502e-29 2.60221e-29 1.36558e-29
2.74462e-07 4.44075e-07 5.4287e-07 5.6864e-07 5.39461e-07 4.76884e-07 3.99524e-07 3.20738e-07 2.48643e-07 1.87181e-07 1.37421e-07 9.87169e-08 6.95698e-08 4.8203e-08 3.28944e-08 2.21416e-08 1.47191e-08 9.67398e-09 6.29197e-09 4.05302e-09 2.58755e-09 1.63829e-09 1.02926e-09 6.41969e-10 3.97692e-10 2.44795e-10 1.49774e-10 9.11164e-11 5.51332e-11 3.31899e-11 1.98833e-11 1.18566e-11 7.03904e-12 4.1614e-12 2.45028e-12 1.43721e-12 8.39887e-13 4.89083e-13 2.83836e-13 1.64185e-13 9.46739e-14 5.44267e-14 3.11979e-14 1.78326e-14 1.01653e-14 5.77943e-15 3.27752e-15 1.85411e-15 1.04639e-15 5.89177e-16 3.30999e-16 1.85551e-16 1.03797e-16 5.79453e-17 3.2284e-17 1.79521e-17 9.96384e-18 5.52005e-18 3.0527e-18 1.68528e-18 9.28807e-19 5.11049e-19 2.80738e-19 1.53977e-19 8.43235e-20 4.61096e-20 2.51767e-20 1.37274e-20 7.4743e-21 4.06407e-21 2.20685e-21 1.19679e-21 6.48202e-22 3.50638e-22 1.89443e-22 1.02229e-22 5.51016e-23 2.96656e-23 1.59534e-23 8.56988e-24 4.59859e-24 2.46498e-24 1.31993e-24 7.06063e-25 3.77312e-25 2.01433e-25 1.07433e-25 5.72447e-26 3.04738e-26 1.62077e-26 8.61238e-27 4.57237e-27 2.42539e-27 1.28544e-27 6.80699e-28 3.60163e-28 1.9041e-28 1.00585e-28 5.30928e-29 2.80028e-29 1.47582e-29
1.29939e-07 2.19398e-07 2.76165e-07 2.96394e-07 2.8724e-07 2.58847e-07 2.20718e-07 1.80125e-07 1.41805e-07 1.08318e-07 8.06322e-08 5.86935e-08 4.18916e-08 2.93817e-08 2.02877e-08 1.38121e-08 9.28357e-09 6.16713e-09 4.05302e-09 2.63732e-09 1.70042e-09 1.08702e-09 6.89378e-10 4.33948e-10 2.71256e-10 1.68446e-10 1.03956e-10 6.37808e-11 3.89152e-11 2.3619e-11 1.42637e-11 8.57299e-12 5.12934e-12 3.05568e-12 1.81282e-12 1.07123e-12 6.30603e-13 3.69869e-13 2.16181e-13 1.2593e-13 7.3119e-14 4.23231e-14 2.44241e-14 1.4054e-14 8.06425e-15 4.61479e-15 2.63392e-15 1.49952e-15 8.51602e-16 4.8249e-16 2.72733e-16 1.53821e-16 8.6567e-17 4.86152e-17 2.72459e-17 1.52393e-17 8.50724e-18 4.74015e-18 2.63632e-18 1.46361e-18 8.11145e-19 4.48779e-19 2.47883e-19 1.36697e-19 7.52636e-20 4.13754e-20 2.27115e-20 1.24483e-20 6.81322e-21 3.72377e-21 2.03244e-21 1.10782e-21 6.03041e-22 3.27844e-22 1.78008e-22 9.65332e-23 5.22863e-23 2.82869e-23 1.52854e-23 8.2504e-24 4.44823e-24 2.39566e-24 1.28883e-24 6.92641e-25 3.71853e-25 1.99431e-25 1.06852e-25 5.71934e-26 3.05838e-26 1.63391e-26 8.72085e-27 4.65044e-27 2.47765e-27 1.31887e-27 7.01434e-28 3.72736e-28 1.97903e-28 1.04989e-28 5.56522e-29 2.94763e-29 1.55999e-29
6.15175e-08 1.08206e-07 1.40118e-07 1.53975e-07 1.52342e-07 1.39872e-07 1.21334e-07 1.00614e-07 8.04059e-08 6.22958e-08 4.70026e-08 3.46576e-08 2.50438e-08 1.7775e-08 1.24149e-08 8.54638e-09 5.80632e-09 3.89757e-09 2.58755e-09 1.70042e-09 1.10694e-09 7.14299e-10 4.57173e-10 2.90371e-10 1.83107e-10 1.14689e-10 7.13786e-11 4.41569e-11 2.71615e-11 1.66172e-11 1.01141e-11 6.12598e-12 3.69315e-12 2.21658e-12 1.32471e-12 7.88477e-13 4.67478e-13 2.76126e-13 1.62514e-13 9.53169e-14 5.57192e-14 3.24673e-14 1.88602e-14 1.09232e-14 6.30816e-15 3.63284e-15 2.08651e-15 1.19527e-15 6.82987e-16 3.89313e-16 2.21388e-16 1.25607e-16 7.1105e-17 4.01648e-17 2.264e-17 1.27355e-17 7.14978e-18 4.00613e-18 2.24046e-18 1.25069e-18 6.96925e-19 3.87669e-19 2.15276e-19 1.19346e-19 6.60567e-20 3.65036e-20 2.01411e-20 1.10962e-20 6.10409e-21 3.35306e-21 1.83928e-21 1.00752e-21 5.5115e-22 3.01101e-22 1.64282e-22 8.95194e-23 4.87196e-23 2.64826e-23 1.4378e-23 7.79697e-24 4.22333e-24 2.28505e-24 1.23496e-24 6.66718e-25 3.59557e-25 1.93704e-25 1.04247e-25 5.60467e-26 3.01028e-26 1.61525e-26 8.65883e-27 4.63734e-27 2.48129e-27 1.32645e-27 7.08465e-28 3.78061e-28 2.01572e-28 1.07382e-28 5.71566e-29 3.03979e-29 1.61536e-29
2.91244e-08 5.32807e-08 7.09188e-08 7.97411e-08 8.05014e-08 7.52696e-08 6.63949e-08 5.592e-08 4.53468e-08 3.56223e-08 2.7233e-08 2.03342e-08 1.48717e-08 1.06784e-08 7.54214e-09 5.2484e-09 3.60325e-09 2.44345e-09 1.63829e-09 1.08702e-09 7.14299e-10 4.65171e-10 3.00399e-10 1.92474e-10 1.22418e-10 7.7322e-11 4.85203e-11 3.02593e-11 1.87609e-11 1.15675e-11 7.0947e-12 4.3296e-12 2.62956e-12 1.58977e-12 9.56948e-13 5.73623e-13 3.42472e-13 2.03682e-13 1.20692e-13 7.12625e-14 4.19334e-14 2.4594e-14 1.43788e-14 8.38077e-15 4.87037e-15 2.82228e-15 1.63094e-15 9.39967e-16 5.40335e-16 3.09831e-16 1.77226e-16 1.01136e-16 5.75823e-17 3.27118e-17 1.8543e-17 1.04892e-17 5.92128e-18 3.33598e-18 1.87581e-18 1.05277e-18 5.89764e-19 3.29795e-19 1.84098e-19 1.02592e-19 5.70756e-20 3.17017e-20 1.75802e-20 9.73395e-21 5.3814e-21 2.97068e-21 1.63752e-21 9.01364e-22 4.95461e-22 2.71974e-22 1.49096e-22 8.16279e-23 4.46329e-23 2.4374e-23 1.32943e-23 7.24239e-24 3.9408e-24 2.14182e-24 1.16276e-24 6.30536e-25 3.41551e-25 1.84813e-25 9.98972e-26 5.39415e-26 2.90971e-26 1.56799e-26 8.44129e-27 4.53998e-27 2.43942e-27 1.30953e-27 7.02332e-28 3.76338e-28 2.01478e-28 1.0777e-28 5.75961e-29 3.07553e-29 1.64091e-29
1.37885e-08 2.61966e-08 3.58131e-08 4.11778e-08 4.23945e-08 4.03486e-08 3.61765e-08 3.09352e-08 2.54464e-08 2.0261e-08 1.56894e-08 1.18595e-08 8.7762e-09 6.37332e-09 4.55089e-09 3.20047e-09 2.21985e-09 1.52036e-09 1.02926e-09 6.89378e-10 4.57173e-10 3.00399e-10 1.95696e-10 1.26464e-10 8.111e-11 5.1653e-11 3.26744e-11 2.05385e-11 1.2833e-11 7.97293e-12 4.92674e-12 3.02878e-12 1.85288e-12 1.12821e-12 6.83899e-13 4.12792e-13 2.48135e-13 1.48571e-13 8.86208e-14 5.26693e-14 3.11931e-14 1.84117e-14 1.08322e-14 6.35298e-15 3.71468e-15 2.16568e-15 1.25903e-15 7.29938e-16 4.22069e-16 2.43424e-16 1.40042e-16 8.03719e-17 4.6018e-17 2.62881e-17 1.4984e-17 8.52236e-18 4.83704e-18 2.73976e-18 1.54875e-18 8.7379e-19 4.92055e-19 2.7658e-19 1.55184e-19 8.69186e-20 4.85999e-20 2.71289e-20 1.51189e-20 8.41235e-21 4.67344e-21 2.59236e-21 1.43584e-21 7.94113e-22 4.38571e-22 2.41875e-22 1.33213e-22 7.32694e-23 4.02465e-23 2.20787e-23 1.20969e-23 6.61964e-24 3.61801e-24 1.97509e-24 1.07696e-24 5.86563e-25 3.1911e-25 1.73415e-25 9.41378e-26 5.10479e-26 2.76527e-26 1.49642e-26 8.08961e-27 4.36889e-27 2.35718e-27 1.27056e-27 6.84211e-28 3.68113e-28 1.97868e-28 1.06262e-28 5.70165e-29 3.05663e-29 1.63724e-29
6.52791e-09 1.28624e-08 1.8047e-08 2.12068e-08 2.22553e-08 2.1551e-08 1.96327e-08 1.7039e-08 1.42124e-08 1.14663e-08 8.9912e-09 6.87827e-09 5.14888e-09 3.78072e-09 2.7286e-09 1.93883e-09 1.3583e-09 9.39361e-10 6.41969e-10 4.33948e-10 2.90371e-10 1.92474e-10 1.26464e-10 8.24113e-11 5.32904e-11 3.42101e-11 2.18113e-11 1.38164e-11 8.69852e-12 5.44462e-12 3.38913e-12 2.09856e-12 1.29293e-12 7.92771e-13 4.83872e-13 2.94041e-13 1.77934e-13 1.07241e-13 6.43841e-14 3.85105e-14 2.29521e-14 1.36322e-14 8.0698e-15 4.76173e-15 2.80103e-15 1.64274e-15 9.60641e-16 5.60188e-16 3.2578e-16 1.88961e-16 1.09322e-16 6.30911e-17 3.63231e-17 2.08632e-17 1.19562e-17 6.83668e-18 3.90089e-18 2.22112e-18 1.26211e-18 7.15746e-19 4.05117e-19 2.28867e-19 1.29059e-19 7.26458e-20 4.082e-20 2.28977e-20 1.28229e-20 7.16917e-21 4.00183e-21 2.23034e-21 1.24114e-21 6.89636e-22 3.82635e-22 2.11996e-22 1.1729e-22 6.48038e-23 3.57564e-23 1.97031e-23 1.08431e-23 5.9597e-24 3.27155e-24 1.79372e-24 9.8228e-25 5.37287e-25 2.93546e-25 1.60197e-25 8.73277e-26 4.75527e-26 2.58661e-26 1.4055e-26 7.62924e-27 4.13703e-27 2.24111e-27 1.21285e-27 6.55744e-28 3.54199e-28 1.91141e-28 1.03053e-28 5.55099e-29 2.98741e-29 1.60634e-29
3.09053e-09 6.30728e-09 9.07632e-09 1.08941e-08 1.16484e-08 1.1472e-08 1.06146e-08 9.34675e-09 7.90309e-09 6.45879e-09 5.12707e-09 3.96845e-09 3.00425e-09 2.22997e-09 1.62629e-09 1.1673e-09 8.25825e-10 5.76571e-10 3.97692e-10 2.71256e-10 1.83107e-10 1.22418e-10 8.111e-11 5.32904e-11 3.4737e-11 2.24755e-11 1.44405e-11 9.21674e-12 5.84587e-12 3.68585e-12 2.31084e-12 1.441e-12 8.93986e-13 5.5191e-13 3.39134e-13 2.07456e-13 1.26362e-13 7.665e-14 4.63115e-14 2.78748e-14 1.67164e-14 9.98937e-15 5.94915e-15 3.53138e-15 2.08957e-15 1.23264e-15 7.24979e-16 4.25176e-16 2.48659e-16 1.45033e-16 8.43718e-17 4.89581e-17 2.83388e-17 1.63644e-17 9.42777e-18 5.41921e-18 3.10819e-18 1.77889e-18 1.01598e-18 5.79079e-19 3.29406e-19 1.87019e-19 1.0598e-19 5.99465e-20 3.38473e-20 1.90776e-20 1.07345e-20 6.02992e-21 3.38168e-21 1.89347e-21 1.05854e-21 5.90869e-22 3.29325e-22 1.83283e-22 1.01858e-22 5.65274e-23 3.13274e-23 1.73382e-23 9.58314e-24 5.28991e-24 2.91633e-24 1.60577e-24 8.83075e-25 4.85053e-25 2.66115e-25 1.4583e-25 7.98231e-26 4.36441e-26 2.38367e-26 1.30046e-26 7.08743e-27 3.85858e-27 2.09856e-27 1.14019e-27 6.18874e-28 3.35587e-28 1.81798e-28 9.83934e-29 5.32033e-29 2.87418e-29 1.55131e-29
1.46316e-09 3.08919e-09 4.5563e-09 5.58323e-09 6.0797e-09 6.08735e-09 5.71872e-09 5.10751e-09 4.37654e-09 3.62211e-09 2.90998e-09 2.27837e-09 1.7439e-09 1.30823e-09 9.6388e-10 6.9872e-10 4.9908e-10 3.51704e-10 2.44795e-10 1.68446e-10 1.14689e-10 7.7322e-11 5.1653e-11 3.42101e-11 2.24755e-11 1.46544e-11 9.48674e-12 6.09999e-12 3.89726e-12 2.47486e-12 1.56255e-12 9.81134e-13 6.12839e-13 3.80882e-13 2.3559e-13 1.45055e-13 8.89206e-14 5.42802e-14 3.30007e-14 1.99855e-14 1.20581e-14 7.24897e-15 4.34272e-15 2.59293e-15 1.54315e-15 9.15518e-16 5.41512e-16 3.19355e-16 1.87805e-16 1.10139e-16 6.44194e-17 3.75808e-17 2.18686e-17 1.26945e-17 7.35153e-18 4.24752e-18 2.4486e-18 1.40847e-18 8.08451e-19 4.63081e-19 2.64717e-19 1.51025e-19 8.59965e-20 4.88761e-20 2.77278e-20 1.57021e-20 8.87645e-21 5.00932e-21 2.82223e-21 1.58744e-21 8.91469e-22 4.99847e-22 2.79835e-22 1.56429e-22 8.73163e-23 4.86686e-23 2.70888e-23 1.50568e-23 8.3577e-24 4.63303e-24 2.56494e-24 1.4182e-24 7.8316e-25 4.31947e-25 2.37951e-25 1.30927e-25 7.19555e-26 3.95006e-26 2.16598e-26 1.18639e-26 6.49125e-27 3.54786e-27 1.93709e-27 1.05654e-27 5.75677e-28 3.13358e-28 1.70403e-28 9.25746e-29 5.02453e-29 2.72453e-29 1.47601e-29
6.92706e-10 1.51134e-09 2.28329e-09 2.85505e-09 3.16488e-09 3.22046e-09 3.0708e-09 2.7809e-09 2.4142e-09 2.02286e-09 1.64437e-09 1.30201e-09 1.00738e-09 7.63597e-10 5.6827e-10 4.15953e-10 2.9991e-10 2.13284e-10 1.49774e-10 1.03956e-10 7.13786e-11 4.85203e-11 3.26744e-11 2.18113e-11 1.44405e-11 9.48674e-12 6.18701e-12 4.00726e-12 2.57855e-12 1.64896e-12 1.0483e-12 6.62708e-13 4.16712e-13 2.60694e-13 1.62295e-13 1.00566e-13 6.20364e-14 3.81045e-14 2.33083e-14 1.42011e-14 8.61928e-15 5.21219e-15 3.1407e-15 1.88602e-15 1.12882e-15 6.73466e-16 4.00554e-16 2.37523e-16 1.4044e-16 8.28043e-17 4.8689e-17 2.85535e-17 1.67021e-17 9.74538e-18 5.67247e-18 3.29398e-18 1.90841e-18 1.1032e-18 6.36339e-19 3.66271e-19 2.10387e-19 1.20604e-19 6.89998e-20 3.94005e-20 2.24565e-20 1.27758e-20 7.25537e-21 4.11312e-21 2.32778e-21 1.31519e-21 7.41864e-22 4.17799e-22 2.34926e-22 1.31895e-22 7.39395e-23 4.13891e-23 2.31351e-23 1.29135e-23 7.19805e-24 4.0068e-24 2.22742e-24 1.23663e-24 6.85683e-25 3.79717e-25 2.10021e-25 1.16021e-25 6.40171e-26 3.52815e-26 1.94223e-26 1.06798e-26 5.86603e-27 3.21849e-27 1.76398e-27 9.65784e-28 5.2822e-28 2.88607e-28 1.5753e-28 8.58996e-29 4.67947e-29 2.54676e-29 1.38474e-29
3.2795e-10 7.38633e-10 1.14235e-09 1.45691e-09 1.64344e-09 1.69896e-09 1.64379e-09 1.50897e-09 1.32683e-09 1.12529e-09 9.25343e-10 7.408e-10 5.79258e-10 4.43571e-10 3.33365e-10 2.46341e-10 1.79261e-10 1.28629e-10 9.11164e-11 6.37808e-11 4.41569e-11 3.02593e-11 2.05385e-11 1.38164e-11 9.21674e-12 6.09999e-12 4.00726e-12 2.61402e-12 1.69386e-12 1.09068e-12 6.98087e-13 4.44258e-13 2.81185e-13 1.77046e-13 1.10922e-13 6.91637e-14 4.29292e-14 2.65292e-14 1.63254e-14 1.00056e-14 6.10847e-15 3.71525e-15 2.25149e-15 1.35967e-15 8.18333e-16 4.90918e-16 2.93573e-16 1.75024e-16 1.04038e-16 6.16651e-17 3.64485e-17 2.14855e-17 1.2632e-17 7.4079e-18 4.33352e-18 2.52896e-18 1.4724e-18 8.55297e-19 4.95729e-19 2.86703e-19 1.65464e-19 9.52979e-20 5.4776e-20 3.1423e-20 1.79918e-20 1.02823e-20 5.86563e-21 3.34014e-21 1.89871e-21 1.07749e-21 6.10439e-22 3.45274e-22 1.94981e-22 1.09936e-22 6.18909e-23 3.47905e-23 1.9528e-23 1.09453e-23 6.12611e-24 3.42406e-24 1.91121e-24 1.06536e-24 5.93086e-25 3.29747e-25 1.83104e-25 1.0155e-25 5.6251e-26 3.11218e-26 1.71985e-26 9.49324e-27 5.23417e-27 2.88269e-27 1.58589e-27 8.71524e-28 4.7844e-28 2.62375e-28 1.43739e-28 7.86658e-29 4.30098e-29 2.34923e-29 1.28193e-29
1.55262e-10 3.60635e-10 5.70653e-10 7.41986e-10 8.514e-10 8.93901e-10 8.77309e-10 8.16152e-10 7.2669e-10 6.23665e-10 5.18676e-10 4.19747e-10 3.31637e-10 2.56502e-10 1.94642e-10 1.45179e-10 1.06605e-10 7.71695e-11 5.51332e-11 3.89152e-11 2.71615e-11 1.87609e-11 1.2833e-11 8.69852e-12 5.84587e-12 3.89726e-12 2.57855e-12 1.69386e-12 1.10517e-12 7.16447e-13 4.61614e-13 2.95694e-13 1.88361e-13 1.19353e-13 7.52443e-14 4.72066e-14 2.94787e-14 1.83262e-14 1.13442e-14 6.99327e-15 4.29399e-15 2.62651e-15 1.60064e-15 9.71983e-16 5.88206e-16 3.54777e-16 2.13297e-16 1.27838e-16 7.63878e-17 4.55112e-17 2.70384e-17 1.60194e-17 9.46569e-18 5.57866e-18 3.27953e-18 1.92321e-18 1.12513e-18 6.56708e-19 3.82435e-19 2.2222e-19 1.28847e-19 7.45516e-20 4.30477e-20 2.48071e-20 1.42678e-20 8.19046e-21 4.69303e-21 2.68417e-21 1.53248e-21 8.7342e-22 4.96952e-22 2.82282e-22 1.60083e-22 9.06392e-23 5.12399e-23 2.89225e-23 1.6301e-23 9.17387e-24 5.15545e-24 2.89313e-24 1.62131e-24 9.07353e-25 5.07115e-25 2.83054e-25 1.57788e-25 8.78474e-26 4.8848e-26 2.71292e-26 1.5049e-26 8.33809e-27 4.6145e-27 2.55088e-27 1.40854e-27 7.76914e-28 4.28063e-28 2.35603e-28 1.29539e-28 7.11494e-29 3.90394e-29 2.13995e-29 1.17186e-29
7.35062e-11 1.75917e-10 2.84651e-10 3.77179e-10 4.40099e-10 4.69135e-10 4.66919e-10 4.40081e-10 3.96688e-10 3.44436e-10 2.89647e-10 2.36901e-10 1.89089e-10 1.4769e-10 1.13137e-10 8.5163e-11 6.30932e-11 4.60676e-11 3.31899e-11 2.3619e-11 1.66172e-11 1.15675e-11 7.97293e-12 5.44462e-12 3.68585e-12 2.47486e-12 1.64896e-12 1.09068e-12 7.16447e-13 4.67543e-13 3.03215e-13 1.9548e-13 1.25312e-13 7.98986e-14 5.06804e-14 3.19884e-14 2.00948e-14 1.2566e-14 7.82374e-15 4.8507e-15 2.99527e-15 1.84236e-15 1.12896e-15 6.89298e-16 4.19384e-16 2.543e-16 1.53694e-16 9.25951e-17 5.56141e-17 3.33033e-17 1.98854e-17 1.18404e-17 7.03091e-18 4.16399e-18 2.45975e-18 1.44939e-18 8.5197e-19 4.99613e-19 2.92308e-19 1.70636e-19 9.93919e-20 5.777e-20 3.3508e-20 1.9396e-20 1.1205e-20 6.46054e-21 3.71795e-21 2.13567e-21 1.22455e-21 7.00895e-22 4.00476e-22 2.28435e-22 1.30086e-22 7.39588e-23 4.19817e-23 2.37932e-23 1.34643e-23 7.60786e-24 4.29244e-24 2.41837e-24 1.36059e-24 7.64415e-25 4.28886e-25 2.40312e-25 1.34474e-25 7.51528e-26 4.19472e-26 2.33841e-26 1.302e-26 7.24068e-27 4.02195e-27 2.23147e-27 1.23666e-27 6.84583e-28 3.78549e-28 2.09097e-28 1.15375e-28 6.35941e-29 3.50167e-29 1.92616e-29 1.05846e-29
3.48003e-11 8.57375e-11 1.41794e-10 1.91395e-10 2.27015e-10 2.45621e-10 2.47842e-10 2.3661e-10 2.15869e-10 1.89589e-10 1.61177e-10 1.33207e-10 1.07391e-10 8.46907e-11 6.5483e-11 4.97373e-11 3.71708e-11 2.73714e-11 1.98833e-11 1.42637e-11 1.01141e-11 7.0947e-12 4.92674e-12 3.38913e-12 2.31084e-12 1.56255e-12 1.0483e-12 6.98087e-13 4.61614e-13 3.03215e-13 1.97909e-13 1.28398e-13 8.28227e-14 5.31314e-14 3.39054e-14 2.15278e-14 1.3603e-14 8.55575e-15 5.35733e-15 3.34026e-15 2.07407e-15 1.28275e-15 7.9031e-16 4.8512e-16 2.96723e-16 1.80865e-16 1.09878e-16 6.65367e-17 4.01655e-17 2.41729e-17 1.45053e-17 8.6793e-18 5.17891e-18 3.08193e-18 1.82924e-18 1.08296e-18 6.39554e-19 3.76786e-19 2.21459e-19 1.29866e-19 7.59856e-20 4.4363e-20 2.58458e-20 1.50265e-20 8.71862e-21 5.04871e-21 2.91793e-21 1.68326e-21 9.69225e-22 5.57078e-22 3.19626e-22 1.8307e-22 1.04679e-22 5.97562e-23 3.40567e-23 1.93791e-23 1.101e-23 6.2457e-24 3.53773e-24 2.00093e-24 1.13009e-24 6.3736e-25 3.58966e-25 2.01898e-25 1.13405e-25 6.36154e-26 3.56397e-26 1.99414e-26 1.1144e-26 6.22003e-27 3.46757e-27 1.93083e-27 1.07389e-27 5.96598e-28 3.31067e-28 1.83514e-28 1.01614e-28 5.62046e-29 3.10551e-29 1.71414e-29 9.4518e-30
1.64756e-11 4.17521e-11 7.05404e-11 9.69584e-11 1.16866e-10 1.28305e-10 1.31223e-10 1.26863e-10 1.17121e-10 1.04025e-10 8.93871e-11 7.4635e-11 6.07648e-11 4.83762e-11 3.7748e-11 2.8926e-11 2.18039e-11 1.619e-11 1.18566e-11 8.57299e-12 6.12598e-12 4.3296e-12 3.02878e-12 2.09856e-12 1.441e-12 9.81134e-13 6.62708e-13 4.44258e-13 2.95694e-13 1.9548e-13 1.28398e-13 8.382e-14 5.43993e-14 3.51083e-14 2.25373e-14 1.43937e-14 9.14762e-15 5.78627e-15 3.64354e-15 2.28433e-15 1.42618e-15 8.86818e-16 5.49294e-16 3.38956e-16 2.08404e-16 1.27686e-16 7.79663e-17 4.74508e-17 2.87871e-17 1.74105e-17 1.04985e-17 6.31216e-18 3.78448e-18 2.26279e-18 1.34935e-18 8.02566e-19 4.76148e-19 2.81798e-19 1.66377e-19 9.80032e-20 5.75971e-20 3.37753e-20 1.97633e-20 1.154e-20 6.72443e-21 3.91052e-21 2.26965e-21 1.31478e-21 7.60202e-22 4.38742e-22 2.52761e-22 1.45361e-22 8.34522e-23 4.78297e-23 2.73679e-23 1.56344e-23 8.91737e-24 5.07828e-24 2.88759e-24 1.63949e-24 9.29487e-25 5.26206e-25 2.97478e-25 1.6794e-25 9.46814e-26 5.33083e-26 2.99748e-26 1.68329e-26 9.44089e-27 5.28843e-27 2.95876e-27 1.65338e-27 9.2283e-28 5.14478e-28 2.86494e-28 1.59359e-28 8.85435e-29 4.91433e-29 2.72463e-29 1.50901e-29 8.34883e-30
7.80008e-12 2.03165e-11 3.50495e-11 4.90397e-11 6.00484e-11 6.68779e-11 6.93101e-11 6.78409e-11 6.33653e-11 5.69046e-11 4.94141e-11 4.16763e-11 3.42606e-11 2.75307e-11 2.16762e-11 1.67555e-11 1.2737e-11 9.53539e-12 7.03904e-12 5.12934e-12 3.69315e-12 2.62956e-12 1.85288e-12 1.29293e-12 8.93986e-13 6.12839e-13 4.16712e-13 2.81185e-13 1.88361e-13 1.25312e-13 8.28227e-14 5.43993e-14 3.55182e-14 2.3059e-14 1.48891e-14 9.56391e-15 6.11274e-15 3.88826e-15 2.46194e-15 1.55195e-15 9.74156e-16 6.08971e-16 3.7918e-16 2.35199e-16 1.45352e-16 8.95076e-17 5.49286e-17 3.35959e-17 2.04818e-17 1.24477e-17 7.54201e-18 4.5562e-18 2.74456e-18 1.64867e-18 9.87683e-19 5.90143e-19 3.51709e-19 2.09087e-19 1.23998e-19 7.33623e-20 4.33041e-20 2.5504e-20 1.49876e-20 8.78872e-21 5.14293e-21 3.00336e-21 1.7504e-21 1.01817e-21 5.91114e-22 3.42542e-22 1.98136e-22 1.14403e-22 6.59401e-23 3.7942e-23 2.17952e-23 1.24994e-23 7.15677e-24 4.09128e-24 2.33523e-24 1.33089e-24 7.57366e-25 4.30364e-25 2.44199e-25 1.38369e-25 7.82955e-26 4.42429e-26 2.49673e-26 1.40712e-26 7.92015e-27 4.45231e-27 2.49976e-27 1.40178e-27 7.85127e-28 4.39225e-28 2.45431e-28 1.36985e-28 7.63714e-29 4.25311e-29 2.36597e-29 1.31476e-29 7.29833e-30
