0.374644 0.0445475 0.0262624 0.0168224 0.0112658 0.00771697 0.00534399 0.00371875 0.00259245 0.00180776 0.00125997 0.000877424 0.000610404 0.000424186 0.000294458 0.000204185 0.00014144 9.78783e-05 6.7668e-05 4.6739e-05 3.22546e-05 2.22397e-05 1.53212e-05 1.05455e-05 7.25102e-06 4.97909e-06 3.41207e-06 2.32989e-06 1.57997e-06 1.05619e-06 7.24123e-07
0.0445475 0.00871875 0.00486517 0.0028364 0.00169297 0.0010268 0.000630854 0.000391897 0.000245785 0.000155412 9.89521e-05 6.33736e-05 4.07889e-05 2.63631e-05 1.71003e-05 1.1126e-05 7.25806e-06 4.74562e-06 3.10906e-06 2.04042e-06 1.34111e-06 8.82622e-07 5.81497e-07 3.83401e-07 2.52866e-07 1.66687e-07 1.0965e-07 7.17576e-08 4.64296e-08 2.93319e-08 1.94745e-08
0.0262624 0.00486517 0.00250266 0.00138054 0.000795136 0.000471358 0.000285333 0.000175527 0.000109366 6.88459e-05 4.37017e-05 2.79308e-05 1.79519e-05 1.15923e-05 7.51502e-06 4.88798e-06 3.18827e-06 2.08465e-06 1.3659e-06 8.96582e-07 5.89438e-07 3.88024e-07 2.55703e-07 1.68622e-07 1.11212e-07 7.32854e-08 4.81617e-08 3.14539e-08 2.02799e-08 1.32882e-08 8.82648e-09
0.0168224 0.0028364 0.00138054 0.000730461 0.000408844 0.000237799 0.000142149 8.67109e-05 5.37165e-05 3.3679e-05 2.13175e-05 1.35962e-05 8.72526e-06 5.6278e-06 3.64521e-06 2.36939e-06 1.5447e-06 1.00962e-06 6.61325e-07 4.33999e-07 2.85273e-07 1.87765e-07 1.23716e-07 8.15674e-08 5.37796e-08 3.54205e-08 2.32586e-08 1.51752e-08 9.99116e-09 6.54698e-09 4.34888e-09
0.0112658 0.00169297 0.000795136 0.000408844 0.000224193 0.000128596 7.61555e-05 4.61604e-05 2.84693e-05 1.77925e-05 1.1235e-05 7.15237e-06 4.58322e-06 2.95262e-06 1.91053e-06 1.24078e-06 8.08316e-07 5.27972e-07 3.45637e-07 2.26709e-07 1.48948e-07 9.79932e-08 6.45382e-08 4.25319e-08 2.8029e-08 1.84515e-08 1.21127e-08 7.9901e-09 5.26055e-09 3.44686e-09 2.28901e-09
0.00771697 0.0010268 0.000471358 0.000237799 0.000128596 7.30578e-05 4.29838e-05 2.59362e-05 1.59439e-05 9.93994e-06 6.26428e-06 3.98152e-06 2.54785e-06 1.63942e-06 1.05968e-06 6.87538e-07 4.4751e-07 2.92067e-07 1.91059e-07 1.25232e-07 8.22238e-08 5.40617e-08 3.55839e-08 2.34372e-08 1.54376e-08 1.01599e-08 6.70462e-09 4.42194e-09 2.91079e-09 1.90691e-09 1.26581e-09
0.00534399 0.000630854 0.000285333 0.000142149 7.61555e-05 4.29838e-05 2.51754e-05 1.51415e-05 9.28526e-06 5.77738e-06 3.63498e-06 2.30703e-06 1.47441e-06 9.47592e-07 6.11834e-07 3.96569e-07 2.57878e-07 1.68155e-07 1.09909e-07 7.1985e-08 4.72282e-08 3.10305e-08 2.04111e-08 1.34357e-08 8.84618e-09 5.83478e-09 3.84917e-09 2.53786e-09 1.67009e-09 1.09387e-09 7.25739e-10
0.00371875 0.000391897 0.000175527 8.67109e-05 4.61604e-05 2.59362e-05 1.51415e-05 9.0846e-06 5.56012e-06 3.45385e-06 2.16989e-06 1.37534e-06 8.77878e-07 5.63555e-07 3.63476e-07 2.35351e-07 1.52895e-07 9.96076e-08 6.50491e-08 4.25689e-08 2.79071e-08 1.83225e-08 1.2044e-08 7.92372e-09 5.22064e-09 3.44185e-09 2.26959e-09 1.49582e-09 9.84016e-10 6.44348e-10 4.27268e-10
0.00259245 0.000245785 0.000109366 5.37165e-05 2.84693e-05 1.59439e-05 9.28526e-06 5.56012e-06 3.39738e-06 2.10729e-06 1.32211e-06 8.3693e-07 5.33575e-07 3.42142e-07 2.20435e-07 1.42587e-07 9.25417e-08 6.02338e-08 3.93018e-08 2.56985e-08 1.68342e-08 1.10446e-08 7.25537e-09 4.77305e-09 3.14305e-09 2.07108e-09 1.36504e-09 8.99272e-10 5.91365e-10 3.87136e-10 2.56572e-10
0.00180776 0.000155412 6.88459e-05 3.3679e-05 1.77925e-05 9.93994e-06 5.77738e-06 3.45385e-06 2.10729e-06 1.3053e-06 8.17899e-07 5.1712e-07 3.29303e-07 2.10925e-07 1.35752e-07 8.77234e-08 5.68805e-08 3.69894e-08 2.41147e-08 1.57553e-08 1.0313e-08 6.76147e-09 4.43994e-09 2.91911e-09 1.92113e-09 1.26524e-09 8.33508e-10 5.48862e-10 3.608e-10 2.36137e-10 1.56416e-10
0.00125997 9.89521e-05 4.37017e-05 2.13175e-05 1.1235e-05 6.26428e-06 3.63498e-06 2.16989e-06 1.32211e-06 8.17899e-07 5.11868e-07 3.23253e-07 2.05618e-07 1.31562e-07 8.45886e-08 5.46088e-08 3.53765e-08 2.29854e-08 1.49727e-08 9.77481e-09 6.39371e-09 4.18951e-09 2.74928e-09 1.80646e-09 1.1882e-09 7.82122e-10 5.14992e-10 3.38972e-10 2.22745e-10 1.45746e-10 9.64928e-11
0.000877424 6.33736e-05 2.79308e-05 1.35962e-05 7.15237e-06 3.98152e-06 2.30703e-06 1.37534e-06 8.3693e-07 5.1712e-07 3.23253e-07 2.0391e-07 1.29567e-07 8.28171e-08 5.3196e-08 3.43106e-08 2.22075e-08 1.44171e-08 9.38387e-09 6.12166e-09 4.0016e-09 2.62033e-09 1.71846e-09 1.12848e-09 7.41841e-10 4.88057e-10 3.2121e-10 2.11333e-10 1.38821e-10 9.08112e-11 6.00934e-11
0.000610404 4.07889e-05 1.79519e-05 8.72526e-06 4.58322e-06 2.54785e-06 1.47441e-06 8.77878e-07 5.33575e-07 3.29303e-07 2.05618e-07 1.29567e-07 8.22436e-08 5.25176e-08 3.37024e-08 2.17183e-08 1.40454e-08 9.11101e-09 5.92579e-09 3.86311e-09 2.52353e-09 1.6514e-09 1.08237e-09 7.10358e-10 4.66727e-10 3.06905e-10 2.01893e-10 1.32776e-10 8.71878e-11 5.70215e-11 3.77159e-11
0.000424186 2.63631e-05 1.15923e-05 5.6278e-06 2.95262e-06 1.63942e-06 9.47592e-07 5.63555e-07 3.42142e-07 2.10925e-07 1.31562e-07 8.28171e-08 5.25176e-08 3.35045e-08 2.1482e-08 1.38317e-08 8.93793e-09 5.79351e-09 3.76545e-09 2.45308e-09 1.60141e-09 1.04732e-09 6.86039e-10 4.50001e-10 2.95511e-10 1.94224e-10 1.27711e-10 8.39557e-11 5.51114e-11 3.60352e-11 2.38244e-11
0.000294458 1.71003e-05 7.51502e-06 3.64521e-06 1.91053e-06 1.05968e-06 6.11834e-07 3.63476e-07 2.20435e-07 1.35752e-07 8.45886e-08 5.3196e-08 3.37024e-08 2.1482e-08 1.3762e-08 8.85389e-09 5.71698e-09 3.70307e-09 2.40514e-09 1.56586e-09 1.02159e-09 6.67727e-10 4.37145e-10 2.8659e-10 1.88107e-10 1.23576e-10 8.1221e-11 5.33733e-11 3.50248e-11 2.28964e-11 1.51313e-11
0.000204185 1.1126e-05 4.88798e-06 2.36939e-06 1.24078e-06 6.87538e-07 3.96569e-07 2.35351e-07 1.42587e-07 8.77234e-08 5.46088e-08 3.43106e-08 2.17183e-08 1.38317e-08 8.85389e-09 5.69192e-09 3.67267e-09 2.37728e-09 1.54303e-09 1.00397e-09 6.54614e-10 4.27627e-10 2.79808e-10 1.83348e-10 1.20285e-10 7.89851e-11 5.18921e-11 3.40875e-11 2.23621e-11 1.46155e-11 9.65488e-12
0.00014144 7.25806e-06 3.18827e-06 1.5447e-06 8.08316e-07 4.4751e-07 2.57878e-07 1.52895e-07 9.25417e-08 5.68805e-08 3.53765e-08 2.22075e-08 1.40454e-08 8.93793e-09 5.71698e-09 3.67267e-09 2.36813e-09 1.53187e-09 9.9368e-10 6.46151e-10 4.21071e-10 2.74918e-10 1.79795e-10 1.17756e-10 7.72182e-11 5.06834e-11 3.3285e-11 2.18569e-11 1.43342e-11 9.36676e-12 6.1852e-12
9.78783e-05 4.74562e-06 2.08465e-06 1.00962e-06 5.27972e-07 2.92067e-07 1.68155e-07 9.96076e-08 6.02338e-08 3.69894e-08 2.29854e-08 1.44171e-08 9.11101e-09 5.79351e-09 3.70307e-09 2.37728e-09 1.53187e-09 9.90299e-10 6.42e-10 4.17232e-10 2.71748e-10 1.77334e-10 1.15919e-10 7.58853e-11 4.97398e-11 3.26341e-11 2.14234e-11 1.4063e-11 9.22018e-12 6.0238e-12 3.97625e-12
6.7668e-05 3.10906e-06 1.3659e-06 6.61325e-07 3.45637e-07 1.91059e-07 1.09909e-07 6.50491e-08 3.93018e-08 2.41147e-08 1.49727e-08 9.38387e-09 5.92579e-09 3.76545e-09 2.40514e-09 1.54303e-09 9.9368e-10 6.42e-10 4.15967e-10 2.70189e-10 1.75887e-10 1.14722e-10 7.49559e-11 4.90476e-11 3.21352e-11 2.10754e-11 1.38304e-11 9.0757e-12 5.94868e-12 3.88572e-12 2.56401e-12
4.6739e-05 2.04042e-06 8.96582e-07 4.33999e-07 2.26709e-07 1.25232e-07 7.1985e-08 4.25689e-08 2.56985e-08 1.57553e-08 9.77481e-09 6.12166e-09 3.86311e-09 2.45308e-09 1.56586e-09 1.00397e-09 6.46151e-10 4.17232e-10 2.70189e-10 1.7541e-10 1.14132e-10 7.44075e-11 4.85939e-11 3.1784e-11 2.0816e-11 1.36467e-11 8.95223e-12 5.87272e-12 3.84826e-12 2.51326e-12 1.65781e-12
3.22546e-05 1.34111e-06 5.89438e-07 2.85273e-07 1.48948e-07 8.22238e-08 4.72282e-08 2.79071e-08 1.68342e-08 1.0313e-08 6.39371e-09 4.0016e-09 2.52353e-09 1.60141e-09 1.02159e-09 6.54614e-10 4.21071e-10 2.71748e-10 1.75887e-10 1.14132e-10 7.42262e-11 4.83696e-11 3.15756e-11 2.06444e-11 1.35152e-11 8.85713e-12 5.8083e-12 3.80912e-12 2.49539e-12 1.62943e-12 1.07446e-12
2.22397e-05 8.82622e-07 3.88024e-07 1.87765e-07 9.79932e-08 5.40617e-08 3.10305e-08 1.83225e-08 1.10446e-08 6.76147e-09 4.18951e-09 2.62033e-09 1.6514e-09 1.04732e-09 6.67727e-10 4.27627e-10 2.74918e-10 1.77334e-10 1.14722e-10 7.44075e-11 4.83696e-11 3.15066e-11 2.05591e-11 1.34364e-11 8.7931e-12 5.76051e-12 3.77637e-12 2.47584e-12 1.62154e-12 1.05866e-12 6.97866e-13
1.53212e-05 5.81497e-07 2.55703e-07 1.23716e-07 6.45382e-08 3.55839e-08 2.04111e-08 1.2044e-08 7.25537e-09 4.43994e-09 2.74928e-09 1.71846e-09 1.08237e-09 6.86039e-10 4.37145e-10 2.79808e-10 1.79795e-10 1.15919e-10 7.49559e-11 4.85939e-11 3.15756e-11 2.05591e-11 1.34102e-11 8.76098e-12 5.73134e-12 3.75343e-12 2.45984e-12 1.61224e-12 1.05568e-12 6.89116e-13 4.54126e-13
1.05455e-05 3.83401e-07 1.68622e-07 8.15674e-08 4.25319e-08 2.34372e-08 1.34357e-08 7.92372e-09 4.77305e-09 2.91911e-09 1.80646e-09 1.12848e-09 7.10358e-10 4.50001e-10 2.8659e-10 1.83348e-10 1.17756e-10 7.58853e-11 4.90476e-11 3.1784e-11 2.06444e-11 1.34364e-11 8.76098e-12 5.72156e-12 3.74171e-12 2.44964e-12 1.60491e-12 1.05161e-12 6.88429e-13 4.49316e-13 2.96011e-13
7.25102e-06 2.52866e-07 1.11212e-07 5.37796e-08 2.8029e-08 1.54376e-08 8.84618e-09 5.22064e-09 3.14305e-09 1.92113e-09 1.1882e-09 7.41841e-10 4.66727e-10 2.95511e-10 1.88107e-10 1.20285e-10 7.72182e-11 4.97398e-11 3.21352e-11 2.0816e-11 1.35152e-11 8.7931e-12 5.73134e-12 3.74171e-12 2.44616e-12 1.60097e-12 1.04859e-12 6.86906e-13 4.4958e-13 2.93384e-13 1.93228e-13
4.97909e-06 1.66687e-07 7.32854e-08 3.54205e-08 1.84515e-08 1.01599e-08 5.83478e-09 3.44185e-09 2.07108e-09 1.26524e-09 7.82122e-10 4.88057e-10 3.06905e-10 1.94224e-10 1.23576e-10 7.89851e-11 5.06834e-11 3.26341e-11 2.10754e-11 1.36467e-11 8.85713e-12 5.76051e-12 3.75343e-12 2.44964e-12 1.60097e-12 1.0475e-12 6.85895e-13 4.49204e-13 2.93943e-13 1.91793e-13 1.26285e-13
3.41207e-06 1.0965e-07 4.81617e-08 2.32586e-08 1.21127e-08 6.70462e-09 3.84917e-09 2.26959e-09 1.36504e-09 8.33508e-10 5.14992e-10 3.2121e-10 2.01893e-10 1.27711e-10 8.1221e-11 5.18921e-11 3.3285e-11 2.14234e-11 1.38304e-11 8.95223e-12 5.8083e-12 3.77637e-12 2.45984e-12 1.60491e-12 1.04859e-12 6.85895e-13 4.49005e-13 2.93992e-13 1.92341e-13 1.25483e-13 8.26029e-14
2.32989e-06 7.17576e-08 3.14539e-08 1.51752e-08 7.9901e-09 4.42194e-09 2.53786e-09 1.49582e-09 8.99272e-10 5.48862e-10 3.38972e-10 2.11333e-10 1.32776e-10 8.39557e-11 5.33733e-11 3.40875e-11 2.18569e-11 1.4063e-11 9.0757e-12 5.87272e-12 3.80912e-12 2.47584e-12 1.61224e-12 1.05161e-12 6.86906e-13 4.49204e-13 2.93992e-13 1.92456e-13 1.2589e-13 8.21206e-14 5.40461e-14
1.57997e-06 4.64296e-08 2.02799e-08 9.99116e-09 5.26055e-09 2.91079e-09 1.67009e-09 9.84016e-10 5.91365e-10 3.608e-10 2.22745e-10 1.38821e-10 8.71878e-11 5.51114e-11 3.50248e-11 2.23621e-11 1.43342e-11 9.22018e-12 5.94868e-12 3.84826e-12 2.49539e-12 1.62154e-12 1.05568e-12 6.88429e-13 4.4958e-13 2.93943e-13 1.92341e-13 1.2589e-13 8.2335e-14 5.37037e-14 3.53374e-14
1.05619e-06 2.93319e-08 1.32882e-08 6.54698e-09 3.44686e-09 1.90691e-09 1.09387e-09 6.44348e-10 3.87136e-10 2.36137e-10 1.45746e-10 9.08112e-11 5.70215e-11 3.60352e-11 2.28964e-11 1.46155e-11 9.36676e-12 6.0238e-12 3.88572e-12 2.51326e-12 1.62943e-12 1.05866e-12 6.89116e-13 4.49316e-13 2.93384e-13 1.91793e-13 1.25483e-13 8.21206e-14 5.37037e-14 3.50264e-14 2.30446e-14
7.24123e-07 1.94745e-08 8.82648e-09 4.34888e-09 2.28901e-09 1.26581e-09 7.25739e-10 4.27268e-10 2.56572e-10 1.56416e-10 9.64928e-11 6.00934e-11 3.77159e-11 2.38244e-11 1.51313e-11 9.65488e-12 6.1852e-12 3.97625e-12 2.56401e-12 1.65781e-12 1.07446e-12 6.97866e-13 4.54126e-13 2.96011e-13 1.93228e-13 1.26285e-13 8.26029e-14 5.40461e-14 3.53374e-14 2.30446e-14 1.51579e-14
