0.15851 0.0830291 0.0434914 0.0227812 0.011933 0.00625063 0.00327414 0.00171503 0.000898347 0.000470562 0.000246485 0.000129111 6.76297e-05 3.54251e-05 1.8556e-05 9.71981e-06 5.09133e-06 2.66689e-06 1.39694e-06 7.31731e-07 3.83287e-07 2.0077e-07 1.05165e-07 5.50864e-08 2.88548e-08 1.51144e-08 7.91708e-09 4.14704e-09 2.17226e-09 1.13785e-09 5.96017e-10 3.12199e-10 1.63533e-10 8.56601e-11 4.48696e-11 2.35031e-11 1.23112e-11 6.4487e-12 3.37789e-12 1.76937e-12 9.26814e-13 4.85474e-13 2.54296e-13 1.33203e-13 6.97728e-14 3.65476e-14 1.9144e-14 1.00278e-14 5.25266e-15 2.75139e-15 1.44121e-15 7.54918e-16 3.95433e-16 2.07132e-16 1.08498e-16 5.6832e-17 2.97692e-17 1.55934e-17 8.16796e-18 4.27845e-18 2.24109e-18 1.17391e-18 6.14904e-19 3.22092e-19 1.68715e-19 8.83745e-20 4.62914e-20 2.42479e-20 1.27013e-20 6.65305e-21 3.48493e-21 1.82544e-21 9.56183e-22 5.00858e-22 2.62354e-22 1.37424e-22 7.19837e-23 3.77058e-23 1.97506e-23 1.03456e-23 5.41911e-24 2.83858e-24 1.48688e-24 7.7884e-25 4.07964e-25 2.13695e-25 1.11936e-25 5.86329e-26 3.07125e-26 1.60875e-26 8.42678e-27 4.41403e-27 2.31211e-27 1.21111e-27 6.34389e-28 3.32299e-28 1.74061e-28 9.1175e-29 4.77583e-29 2.50163e-29 1.31038e-29
0.0830291 0.0543093 0.0341142 0.0208375 0.0124697 0.00734612 0.00427456 0.00246251 0.00140693 0.000798273 0.000450258 0.000252671 0.000141163 7.85581e-05 4.35671e-05 2.40873e-05 1.32805e-05 7.30392e-06 4.00787e-06 2.1947e-06 1.19954e-06 6.5449e-07 3.5653e-07 1.93931e-07 1.05342e-07 5.71487e-08 3.09665e-08 1.67609e-08 9.06254e-09 4.89529e-09 2.64186e-09 1.42451e-09 7.67477e-10 4.13172e-10 2.2227e-10 1.19489e-10 6.41936e-11 3.44654e-11 1.84934e-11 9.91756e-12 5.31567e-12 2.84765e-12 1.52476e-12 8.16038e-13 4.36539e-13 2.33425e-13 1.24765e-13 6.66594e-14 3.56012e-14 1.90067e-14 1.01437e-14 5.41172e-15 2.88623e-15 1.53882e-15 8.20186e-16 4.37026e-16 2.32797e-16 1.23973e-16 6.60024e-17 3.51301e-17 1.86935e-17 9.94478e-18 5.28928e-18 2.81254e-18 1.49522e-18 7.94724e-19 4.22315e-19 2.24372e-19 1.19183e-19 6.32961e-20 3.36091e-20 1.78426e-20 9.47072e-21 5.02611e-21 2.66691e-21 1.41486e-21 7.50494e-22 3.98028e-22 2.11064e-22 1.11905e-22 5.93232e-23 3.14439e-23 1.66643e-23 8.83042e-24 4.67861e-24 2.47854e-24 1.31287e-24 6.95332e-25 3.68223e-25 1.94975e-25 1.03228e-25 5.46467e-26 2.89257e-26 1.53094e-26 8.10184e-27 4.28712e-27 2.26831e-27 1.20004e-27 6.34816e-28 3.35782e-28 1.77593e-28
0.0434914 0.0341142 0.024544 0.0167393 0.0110047 0.00704199 0.00441347 0.00272059 0.00165444 0.000994745 0.000592359 0.000349824 0.000205101 0.000119485 6.92153e-05 3.98923e-05 2.28874e-05 1.3077e-05 7.44366e-06 4.22252e-06 2.38774e-06 1.34629e-06 7.57043e-07 4.24638e-07 2.37634e-07 1.32696e-07 7.39479e-08 4.1131e-08 2.2837e-08 1.26584e-08 7.00534e-09 3.87107e-09 2.13608e-09 1.17712e-09 6.47849e-10 3.56123e-10 1.95536e-10 1.07245e-10 5.87584e-11 3.21611e-11 1.75864e-11 9.60783e-12 5.24437e-12 2.8602e-12 1.55866e-12 8.48726e-13 4.61808e-13 2.51099e-13 1.36436e-13 7.40838e-14 4.02013e-14 2.18016e-14 1.18162e-14 6.40056e-15 3.4651e-15 1.87491e-15 1.01395e-15 5.48069e-16 2.96102e-16 1.59898e-16 8.63064e-17 4.6564e-17 2.51113e-17 1.35365e-17 7.29402e-18 3.92875e-18 2.11532e-18 1.1385e-18 6.12536e-19 3.2944e-19 1.77122e-19 9.51963e-20 5.11477e-20 2.74722e-20 1.47511e-20 7.91816e-21 4.24908e-21 2.2795e-21 1.22254e-21 6.55487e-22 3.51358e-22 1.88287e-22 1.00874e-22 5.40292e-23 2.89315e-23 1.54885e-23 8.2898e-24 4.43588e-24 2.37311e-24 1.26928e-24 6.78745e-25 3.62879e-25 1.93967e-25 1.03658e-25 5.53854e-26 2.9587e-26 1.58024e-26 8.43848e-27 4.50532e-27 2.40496e-27 1.28355e-27
0.0227812 0.0208375 0.0167393 0.0124772 0.00884961 0.00605578 0.00403233 0.0026275 0.00168213 0.00106114 0.000661074 0.000407416 0.000248733 0.000150599 9.05115e-05 5.40395e-05 3.2072e-05 1.89317e-05 1.11201e-05 6.50228e-06 3.78629e-06 2.19631e-06 1.26949e-06 7.31349e-07 4.20032e-07 2.40541e-07 1.3738e-07 7.82629e-08 4.44788e-08 2.52216e-08 1.42715e-08 8.05926e-09 4.54248e-09 2.55567e-09 1.4354e-09 8.04874e-10 4.50617e-10 2.51908e-10 1.40624e-10 7.83944e-11 4.36463e-11 2.427e-11 1.34794e-11 7.47784e-12 4.14383e-12 2.29387e-12 1.2685e-12 7.00789e-13 3.86787e-13 2.13285e-13 1.17508e-13 6.4685e-14 3.55781e-14 1.95532e-14 1.07378e-14 5.89242e-15 3.23115e-15 1.77059e-15 9.69578e-16 5.30595e-16 2.90179e-16 1.58599e-16 8.66311e-17 4.72926e-17 2.58027e-17 1.40701e-17 7.66825e-18 4.17703e-18 2.27414e-18 1.23752e-18 6.73096e-19 3.65929e-19 1.98846e-19 1.08005e-19 5.86378e-20 3.1822e-20 1.72622e-20 9.36028e-21 5.07351e-21 2.7489e-21 1.48883e-21 8.06065e-22 4.36252e-22 2.36021e-22 1.27648e-22 6.90124e-23 3.7299e-23 2.01524e-23 1.08847e-23 5.8772e-24 3.17243e-24 1.71192e-24 9.23521e-25 4.98064e-25 2.68535e-25 1.44743e-25 7.79963e-26 4.2018e-26 2.263e-26 1.21849e-26 6.55915e-27
0.011933 0.0124697 0.0110047 0.00884961 0.0066991 0.00485696 0.00340802 0.00233028 0.00156014 0.00102632 0.000665138 0.000425547 0.000269214 0.000168631 0.000104699 6.44914e-05 3.94417e-05 2.39656e-05 1.44759e-05 8.69637e-06 5.19823e-06 3.09286e-06 1.83232e-06 1.08119e-06 6.35605e-07 3.72353e-07 2.1742e-07 1.26564e-07 7.34614e-08 4.25227e-08 2.45505e-08 1.41395e-08 8.12455e-09 4.65807e-09 2.66502e-09 1.52168e-09 8.67202e-10 4.93315e-10 2.80138e-10 1.58816e-10 8.98923e-11 5.08025e-11 2.86687e-11 1.61554e-11 9.09154e-12 5.10962e-12 2.86809e-12 1.60794e-12 9.00403e-13 5.03632e-13 2.81395e-13 1.57058e-13 8.75712e-14 4.87791e-14 2.71451e-14 1.5092e-14 8.38322e-15 4.65263e-15 2.58e-15 1.4295e-15 7.91413e-16 4.37811e-16 2.42016e-16 1.33685e-16 7.3793e-17 4.07048e-17 2.2438e-17 1.23606e-17 6.80479e-18 3.74387e-18 2.05856e-18 1.13123e-18 6.21276e-19 3.41016e-19 1.8708e-19 1.02576e-19 5.62129e-20 3.07896e-20 1.6856e-20 9.22344e-21 5.04456e-21 2.75772e-21 1.50688e-21 8.23024e-22 4.4932e-22 2.45196e-22 1.33748e-22 7.2926e-23 3.97469e-23 2.16547e-23 1.17932e-23 6.42018e-24 3.49383e-24 1.90063e-24 1.03356e-24 5.61854e-25 3.05324e-25 1.65864e-25 9.00737e-26 4.88993e-26 2.6538e-26
0.00625063 0.00734612 0.00704199 0.00605578 0.00485696 0.00370737 0.00272595 0.00194601 0.00135621 0.000926402 0.00062211 0.000411669 0.000268935 0.000173709 0.000111073 7.03806e-05 4.42325e-05 2.75927e-05 1.70959e-05 1.05263e-05 6.4441e-06 3.92405e-06 2.37771e-06 1.43411e-06 8.61272e-07 5.15168e-07 3.06984e-07 1.8228e-07 1.07871e-07 6.36352e-08 3.74273e-08 2.19506e-08 1.28391e-08 7.49048e-09 4.35938e-09 2.53122e-09 1.46646e-09 8.47795e-10 4.89135e-10 2.81658e-10 1.61885e-10 9.28784e-11 5.31957e-11 3.04173e-11 1.7365e-11 9.8984e-12 5.63397e-12 3.20218e-12 1.81753e-12 1.03025e-12 5.83237e-13 3.2977e-13 1.86233e-13 1.05051e-13 5.91906e-14 3.33145e-14 1.87308e-14 1.05204e-14 5.90309e-15 3.30907e-15 1.85321e-15 1.03692e-15 5.79676e-16 3.23779e-16 1.80695e-16 1.00761e-16 5.61422e-17 3.12573e-17 1.73894e-17 9.66714e-18 5.37031e-18 2.98124e-18 1.65385e-18 9.16869e-19 5.07965e-19 2.81245e-19 1.5562e-19 8.60558e-20 4.75596e-20 2.6269e-20 1.45011e-20 8.00051e-21 4.41161e-21 2.43134e-21 1.33927e-21 7.37339e-22 4.05742e-22 2.23161e-22 1.22682e-22 6.74118e-23 3.70247e-23 2.03259e-23 1.11536e-23 6.11776e-24 3.35415e-24 1.8382e-24 1.00698e-24 5.51411e-25 3.01827e-25 1.65147e-25 9.03267e-26
0.00327414 0.00427456 0.00441347 0.00403233 0.00340802 0.00272595 0.00209156 0.00155302 0.00112275 0.000793813 0.000550716 0.000375871 0.000252899 0.000168026 0.000110388 7.1793e-05 4.62677e-05 2.95712e-05 1.8757e-05 1.18149e-05 7.39448e-06 4.60043e-06 2.84636e-06 1.75204e-06 1.07326e-06 6.54502e-07 3.97445e-07 2.40387e-07 1.44848e-07 8.69699e-08 5.20434e-08 3.10439e-08 1.84617e-08 1.09475e-08 6.47387e-09 3.81836e-09 2.24648e-09 1.31853e-09 7.72118e-10 4.51153e-10 2.63057e-10 1.53073e-10 8.89007e-11 5.15347e-11 2.98204e-11 1.72257e-11 9.93375e-12 5.7194e-12 3.28785e-12 1.88722e-12 1.08168e-12 6.19111e-13 3.53872e-13 2.02e-13 1.1516e-13 6.55715e-14 3.72912e-14 2.11832e-14 1.20195e-14 6.81246e-15 3.85706e-15 2.18152e-15 1.2326e-15 6.95757e-16 3.92354e-16 2.21052e-16 1.24427e-16 6.99764e-17 3.932e-17 2.20755e-17 1.23837e-17 6.94132e-18 3.88771e-18 2.17578e-18 1.21678e-18 6.79971e-19 3.79718e-19 2.11899e-19 1.18168e-19 6.58542e-20 3.66761e-20 2.04129e-20 1.13542e-20 6.31163e-21 3.50644e-21 1.94687e-21 1.08033e-21 5.99148e-22 3.32101e-22 1.8398e-22 1.01869e-22 5.6375e-23 3.11824e-23 1.72391e-23 9.52589e-24 5.26123e-24 2.90444e-24 1.60264e-24 8.83916e-25 4.87294e-25 2.68522e-25
0.00171503 0.00246251 0.00272059 0.0026275 0.00233028 0.00194601 0.00155302 0.00119584 0.000894381 0.000652859 0.000466816 0.000327889 0.000226744 0.000154654 0.000104197 6.94309e-05 4.58054e-05 2.99459e-05 1.94156e-05 1.24925e-05 7.98157e-06 5.06635e-06 3.19647e-06 2.00536e-06 1.25147e-06 7.77133e-07 4.80343e-07 2.956e-07 1.8116e-07 1.10592e-07 6.72628e-08 4.07663e-08 2.46252e-08 1.48278e-08 8.90142e-09 5.32829e-09 3.18066e-09 1.89365e-09 1.12457e-09 6.66222e-10 3.9377e-10 2.32218e-10 1.36652e-10 8.0249e-11 4.70326e-11 2.75123e-11 1.60639e-11 9.36265e-12 5.44752e-12 3.16428e-12 1.83507e-12 1.06255e-12 6.14321e-13 3.54653e-13 2.04455e-13 1.17704e-13 6.7672e-14 3.88564e-14 2.22828e-14 1.27628e-14 7.3014e-15 4.17219e-15 2.38141e-15 1.35777e-15 7.73317e-16 4.39984e-16 2.50079e-16 1.42e-16 8.0553e-17 4.56528e-17 2.58496e-17 1.46236e-17 8.26558e-18 4.66791e-18 2.63397e-18 1.48506e-18 8.36626e-19 4.70956e-19 2.64911e-19 1.489e-19 8.36319e-20 4.69397e-20 2.63272e-20 1.47561e-20 8.26508e-21 4.62634e-21 2.5879e-21 1.44672e-21 8.08261e-22 4.5129e-22 2.51826e-22 1.40441e-22 7.82772e-23 4.36047e-23 2.42769e-23 1.35088e-23 7.5129e-24 4.17612e-24 2.32014e-24 1.28836e-24 7.15065e-25
0.000898347 0.00140693 0.00165444 0.00168213 0.00156014 0.00135621 0.00112275 0.000894381 0.000690472 0.000519292 0.00038196 0.000275601 0.000195546 0.0001367 9.4305e-05 6.42885e-05 4.33565e-05 2.89547e-05 1.91641e-05 1.25799e-05 8.19522e-06 5.30131e-06 3.40689e-06 2.1761e-06 1.38203e-06 8.73027e-07 5.48718e-07 3.4325e-07 2.13759e-07 1.32556e-07 8.18706e-08 5.03736e-08 3.08819e-08 1.88672e-08 1.1489e-08 6.97424e-09 4.22092e-09 2.54724e-09 1.53299e-09 9.20164e-10 5.50923e-10 3.29049e-10 1.96072e-10 1.16572e-10 6.91558e-11 4.09409e-11 2.41885e-11 1.42632e-11 8.39475e-12 4.93184e-12 2.89232e-12 1.69334e-12 9.89751e-13 5.77582e-13 3.36534e-13 1.9579e-13 1.13742e-13 6.59832e-14 3.82252e-14 2.21149e-14 1.27777e-14 7.3735e-15 4.2497e-15 2.44637e-15 1.40663e-15 8.0787e-16 4.6347e-16 2.65602e-16 1.52049e-16 8.69538e-17 4.96772e-17 2.8353e-17 1.61668e-17 9.20965e-18 5.2416e-18 2.98055e-18 1.69336e-18 9.61237e-19 5.4519e-19 3.08965e-19 1.74953e-19 9.89908e-20 5.59671e-20 3.16187e-20 1.78498e-20 1.00696e-20 5.67648e-21 3.19776e-21 1.80018e-21 1.01273e-21 5.69365e-22 3.19894e-22 1.79617e-22 1.00791e-22 5.65233e-23 3.16793e-23 1.77447e-23 9.9337e-24 5.55786e-24 3.10787e-24 1.73692e-24
0.000470562 0.000798273 0.000994745 0.00106114 0.00102632 0.000926402 0.000793813 0.000652859 0.000519292 0.000401694 0.000303444 0.000224576 0.000163255 0.000116811 8.24069e-05 5.74014e-05 3.95262e-05 2.69339e-05 1.81782e-05 1.21611e-05 8.06975e-06 5.31461e-06 3.47565e-06 2.25818e-06 1.45822e-06 9.36253e-07 5.97886e-07 3.79869e-07 2.40194e-07 1.51188e-07 9.47548e-08 5.91437e-08 3.67728e-08 2.27791e-08 1.40609e-08 8.65018e-09 5.30441e-09 3.24272e-09 1.9765e-09 1.20131e-09 7.28162e-10 4.40216e-10 2.65467e-10 1.59699e-10 9.58477e-11 5.73961e-11 3.42957e-11 2.04497e-11 1.21689e-11 7.22714e-12 4.28407e-12 2.53483e-12 1.49716e-12 8.82756e-13 5.19619e-13 3.05369e-13 1.79176e-13 1.04971e-13 6.14066e-14 3.587e-14 2.09236e-14 1.21884e-14 7.09057e-15 4.11955e-15 2.3904e-15 1.38534e-15 8.01897e-16 4.63631e-16 2.67751e-16 1.54456e-16 8.90032e-17 5.12324e-17 2.946e-17 1.69231e-17 9.71169e-18 5.56787e-18 3.18912e-18 1.82495e-18 1.04336e-18 5.95982e-19 3.40137e-19 1.93956e-19 1.10507e-19 6.29105e-20 3.57855e-20 2.03399e-20 1.1552e-20 6.55599e-21 3.71789e-21 2.10688e-21 1.19309e-21 6.75151e-22 3.81796e-22 2.15759e-22 1.21848e-22 6.87681e-23 3.87862e-23 2.18623e-23 1.23153e-23 6.93316e-24 3.90085e-24
0.000246485 0.000450258 0.000592359 0.000661074 0.000665138 0.00062211 0.000550716 0.000466816 0.00038196 0.000303444 0.000235093 0.00017823 0.000132581 9.69827e-05 6.98878e-05 4.96889e-05 3.48996e-05 2.42415e-05 1.66679e-05 1.13539e-05 7.66752e-06 5.13676e-06 3.41577e-06 2.25564e-06 1.47988e-06 9.6501e-07 6.25671e-07 4.0347e-07 2.58855e-07 1.65274e-07 1.05041e-07 6.64698e-08 4.18882e-08 2.62934e-08 1.64425e-08 1.02454e-08 6.36211e-09 3.93771e-09 2.4295e-09 1.49444e-09 9.16594e-10 5.60615e-10 3.41968e-10 2.08058e-10 1.2627e-10 7.6449e-11 4.61781e-11 2.78309e-11 1.6737e-11 1.00443e-11 6.01561e-12 3.59573e-12 2.14521e-12 1.27747e-12 7.59368e-13 4.50611e-13 2.66943e-13 1.57879e-13 9.32262e-14 5.49641e-14 3.23569e-14 1.90203e-14 1.11647e-14 6.54448e-15 3.83101e-15 2.23964e-15 1.30763e-15 7.62509e-16 4.44092e-16 2.58334e-16 1.50101e-16 8.7114e-17 5.05021e-17 2.92454e-17 1.69177e-17 9.77631e-18 5.64372e-18 3.25479e-18 1.87524e-18 1.07938e-18 6.20708e-19 3.56617e-19 2.04704e-19 1.174e-19 6.72724e-20 3.85158e-20 2.20333e-20 1.25942e-20 7.19302e-21 4.10501e-21 2.34091e-21 1.33391e-21 7.59535e-22 4.32169e-22 2.45725e-22 1.39618e-22 7.92748e-23 4.49816e-23 2.55062e-23 1.44535e-23 8.18506e-24
0.000129111 0.000252671 0.000349824 0.000407416 0.000425547 0.000411669 0.000375871 0.000327889 0.000275601 0.000224576 0.00017823 0.000138258 0.00010513 7.85396e-05 5.77567e-05 4.18751e-05 2.9973e-05 2.12042e-05 1.48409e-05 1.02853e-05 7.06352e-06 4.81012e-06 3.24996e-06 2.1798e-06 1.45202e-06 9.61017e-07 6.32206e-07 4.13528e-07 2.69034e-07 1.74137e-07 1.12168e-07 7.19203e-08 4.59126e-08 2.91878e-08 1.84818e-08 1.16583e-08 7.32739e-09 4.58935e-09 2.86486e-09 1.78265e-09 1.10584e-09 6.8397e-10 4.21837e-10 2.59455e-10 1.5916e-10 9.73863e-11 5.9442e-11 3.61958e-11 2.19899e-11 1.33298e-11 8.06291e-12 4.86692e-12 2.93183e-12 1.76268e-12 1.05775e-12 6.33566e-13 3.78811e-13 2.26099e-13 1.34722e-13 8.01428e-14 4.75987e-14 2.8226e-14 1.67126e-14 9.88089e-15 5.83342e-15 3.43906e-15 2.02471e-15 1.19043e-15 6.99003e-16 4.09922e-16 2.40095e-16 1.40455e-16 8.20684e-17 4.78973e-17 2.79224e-17 1.62597e-17 9.45804e-18 5.49577e-18 3.1901e-18 1.84985e-18 1.07161e-18 6.20173e-19 3.58569e-19 2.07122e-19 1.19531e-19 6.89195e-20 3.97027e-20 2.28519e-20 1.31418e-20 7.55135e-21 4.3355e-21 2.48716e-21 1.42569e-21 8.16603e-22 4.67375e-22 2.67298e-22 1.52759e-22 8.72373e-23 4.97841e-23 2.83907e-23 1.61795e-23
6.76297e-05 0.000141163 0.000205101 0.000248733 0.000269214 0.000268935 0.000252899 0.000226744 0.000195546 0.000163255 0.000132581 0.00010513 8.1637e-05 6.22317e-05 4.66618e-05 3.44711e-05 2.51248e-05 1.80893e-05 1.28783e-05 9.07421e-06 6.33299e-06 4.38087e-06 3.0056e-06 2.04625e-06 1.38311e-06 9.28571e-07 6.19456e-07 4.10771e-07 2.70848e-07 1.77631e-07 1.15905e-07 7.52637e-08 4.86484e-08 3.13075e-08 2.00636e-08 1.28066e-08 8.14326e-09 5.15908e-09 3.25702e-09 2.0493e-09 1.28524e-09 8.03542e-10 5.00879e-10 3.11318e-10 1.92959e-10 1.19278e-10 7.35413e-11 4.52286e-11 2.77487e-11 1.69846e-11 1.03724e-11 6.32052e-12 3.84326e-12 2.33211e-12 1.4123e-12 8.53611e-13 5.14958e-13 3.10089e-13 1.8639e-13 1.11843e-13 6.69971e-14 4.00673e-14 2.39236e-14 1.42622e-14 8.48953e-15 5.04587e-15 2.99475e-15 1.77488e-15 1.05046e-15 6.20879e-16 3.66489e-16 2.16052e-16 1.27206e-16 7.48043e-17 4.39362e-17 2.57756e-17 1.51041e-17 8.84083e-18 5.16908e-18 3.01901e-18 1.7614e-18 1.0266e-18 5.97729e-19 3.47677e-19 2.02034e-19 1.17289e-19 6.80276e-20 3.94196e-20 2.28217e-20 1.32008e-20 7.62913e-21 4.40534e-21 2.54167e-21 1.46522e-21 8.43986e-22 4.85761e-22 2.79365e-22 1.60542e-22 9.21886e-23 5.28986e-23 3.03316e-23
3.54251e-05 7.85581e-05 0.000119485 0.000150599 0.000168631 0.000173709 0.000168026 0.000154654 0.0001367 0.000116811 9.69827e-05 7.85396e-05 6.22317e-05 4.83674e-05 3.69494e-05 2.77924e-05 2.0613e-05 1.50937e-05 1.09233e-05 7.82028e-06 5.54316e-06 3.89289e-06 2.71047e-06 1.87207e-06 1.2833e-06 8.73501e-07 5.9062e-07 3.9685e-07 2.65075e-07 1.76064e-07 1.16321e-07 7.64626e-08 5.00203e-08 3.25724e-08 2.11179e-08 1.36343e-08 8.76747e-09 5.61629e-09 3.58449e-09 2.27966e-09 1.44491e-09 9.12836e-10 5.74884e-10 3.60955e-10 2.25974e-10 1.41072e-10 8.78297e-11 5.45382e-11 3.37797e-11 2.0871e-11 1.28646e-11 7.91129e-12 4.8543e-12 2.9721e-12 1.81588e-12 1.10719e-12 6.73741e-13 4.09191e-13 2.48053e-13 1.50096e-13 9.06616e-14 5.4667e-14 3.29075e-14 1.97766e-14 1.18662e-14 7.10876e-15 4.25221e-15 2.53975e-15 1.51473e-15 9.02122e-16 5.36529e-16 3.18665e-16 1.89017e-16 1.11971e-16 6.62465e-17 3.91455e-17 2.31034e-17 1.36193e-17 8.01916e-18 4.7164e-18 2.77083e-18 1.62605e-18 9.53226e-19 5.58216e-19 3.2656e-19 1.90847e-19 1.11424e-19 6.49911e-20 3.78717e-20 2.2048e-20 1.28241e-20 7.45236e-21 4.3269e-21 2.51006e-21 1.45485e-21 8.42543e-22 4.87537e-22 2.81884e-22 1.62851e-22 9.40088e-23 5.42267e-23
1.8556e-05 4.35671e-05 6.92153e-05 9.05115e-05 0.000104699 0.000111073 0.000110388 0.000104197 9.4305e-05 8.24069e-05 6.98878e-05 5.77567e-05 4.66618e-05 3.69494e-05 2.8739e-05 2.19953e-05 1.65898e-05 1.23472e-05 9.07805e-06 6.5999e-06 4.74866e-06 3.38392e-06 2.38986e-06 1.67373e-06 1.16304e-06 8.02232e-07 5.49535e-07 3.73981e-07 2.52941e-07 1.70078e-07 1.13727e-07 7.56457e-08 5.00639e-08 3.2975e-08 2.16203e-08 1.41137e-08 9.17493e-09 5.94055e-09 3.83163e-09 2.46228e-09 1.57672e-09 1.00622e-09 6.40033e-10 4.05827e-10 2.5654e-10 1.61693e-10 1.01623e-10 6.36946e-11 3.98161e-11 2.48255e-11 1.54403e-11 9.58002e-12 5.93009e-12 3.66244e-12 2.25696e-12 1.38787e-12 8.51666e-13 5.21571e-13 3.1879e-13 1.94476e-13 1.18419e-13 7.1976e-14 4.36705e-14 2.6451e-14 1.59944e-14 9.65568e-15 5.81976e-15 3.50229e-15 2.10445e-15 1.26264e-15 7.56468e-16 4.5257e-16 2.70384e-16 1.61319e-16 9.61205e-17 5.71983e-17 3.39937e-17 2.01779e-17 1.19626e-17 7.08361e-18 4.18966e-18 2.47518e-18 1.46065e-18 8.61016e-19 5.06999e-19 2.98225e-19 1.75239e-19 1.02867e-19 6.03237e-20 3.53407e-20 2.06844e-20 1.20949e-20 7.06574e-21 4.124e-21 2.40486e-21 1.40113e-21 8.1563e-22 4.74393e-22 2.7569e-22 1.60083e-22 9.28797e-23
9.71981e-06 2.40873e-05 3.98923e-05 5.40395e-05 6.44914e-05 7.03806e-05 7.1793e-05 6.94309e-05 6.42885e-05 5.74014e-05 4.96889e-05 4.18751e-05 3.44711e-05 2.77924e-05 2.19953e-05 1.71188e-05 1.3123e-05 9.92189e-06 7.40724e-06 5.46582e-06 3.99001e-06 2.8837e-06 2.06482e-06 1.46567e-06 1.03193e-06 7.21018e-07 5.00165e-07 3.44611e-07 2.35915e-07 1.60524e-07 1.08597e-07 7.30658e-08 4.89037e-08 3.25693e-08 2.15879e-08 1.42442e-08 9.35795e-09 6.12228e-09 3.98943e-09 2.58966e-09 1.67484e-09 1.07935e-09 6.93221e-10 4.43762e-10 2.83172e-10 1.80144e-10 1.14263e-10 7.22684e-11 4.55816e-11 2.86727e-11 1.79895e-11 1.12585e-11 7.02882e-12 4.37782e-12 2.72043e-12 1.68674e-12 1.04356e-12 6.44278e-13 3.96953e-13 2.44084e-13 1.49795e-13 9.17564e-14 5.61016e-14 3.424e-14 2.0861e-14 1.2688e-14 7.70422e-15 4.67045e-15 2.82683e-15 1.70832e-15 1.03081e-15 6.2108e-16 3.73669e-16 2.24498e-16 1.3469e-16 8.06999e-17 4.82874e-17 2.88557e-17 1.72217e-17 1.02655e-17 6.11163e-18 3.63424e-18 2.15855e-18 1.28059e-18 7.58877e-19 4.49213e-19 2.65621e-19 1.56896e-19 9.25778e-20 5.45704e-20 3.21345e-20 1.89041e-20 1.11101e-20 6.52333e-21 3.82659e-21 2.24262e-21 1.31313e-21 7.68195e-22 4.49011e-22 2.62222e-22 1.53008e-22
5.09133e-06 1.32805e-05 2.28874e-05 3.2072e-05 3.94417e-05 4.42325e-05 4.62677e-05 4.58054e-05 4.33565e-05 3.95262e-05 3.48996e-05 2.9973e-05 2.51248e-05 2.0613e-05 1.65898e-05 1.3123e-05 1.02192e-05 7.84508e-06 5.94412e-06 4.44979e-06 3.29418e-06 2.41358e-06 1.75141e-06 1.25952e-06 8.98168e-07 6.35433e-07 4.46214e-07 3.11143e-07 2.1552e-07 1.48347e-07 1.01501e-07 6.90547e-08 4.67268e-08 3.14555e-08 2.10712e-08 1.40487e-08 9.32445e-09 6.1622e-09 4.05554e-09 2.65848e-09 1.73603e-09 1.12949e-09 7.32269e-10 4.73123e-10 3.04682e-10 1.95587e-10 1.25169e-10 7.98668e-11 5.08145e-11 3.22404e-11 2.04007e-11 1.28752e-11 8.10521e-12 5.08989e-12 3.18872e-12 1.99305e-12 1.24292e-12 7.73424e-13 4.80251e-13 2.9759e-13 1.84032e-13 1.13583e-13 6.99689e-14 4.30215e-14 2.64044e-14 1.61769e-14 9.89379e-15 6.04083e-15 3.68225e-15 2.24094e-15 1.36164e-15 8.26087e-16 5.00421e-16 3.02695e-16 1.82831e-16 1.10277e-16 6.64227e-17 3.99543e-17 2.40013e-17 1.43994e-17 8.62786e-18 5.16322e-18 3.08609e-18 1.84237e-18 1.09859e-18 6.54328e-19 3.89282e-19 2.31341e-19 1.37331e-19 8.14368e-20 4.82411e-20 2.85475e-20 1.68763e-20 9.96685e-21 5.88049e-21 3.46619e-21 2.04118e-21 1.20091e-21 7.05894e-22 4.14554e-22 2.43243e-22
2.66689e-06 7.30392e-06 1.3077e-05 1.89317e-05 2.39656e-05 2.75927e-05 2.95712e-05 2.99459e-05 2.89547e-05 2.69339e-05 2.42415e-05 2.12042e-05 1.80893e-05 1.50937e-05 1.23472e-05 9.92189e-06 7.84508e-06 6.11217e-06 4.6981e-06 3.5665e-06 2.67646e-06 1.98718e-06 1.4608e-06 1.06391e-06 7.68133e-07 5.50063e-07 3.90878e-07 2.75748e-07 1.93195e-07 1.34478e-07 9.30294e-08 6.39789e-08 4.37545e-08 2.9764e-08 2.0144e-08 1.35671e-08 9.09496e-09 6.06981e-09 4.03354e-09 2.66938e-09 1.75961e-09 1.15549e-09 7.56005e-10 4.92887e-10 3.2025e-10 2.07396e-10 1.33885e-10 8.61642e-11 5.52878e-11 3.53738e-11 2.25695e-11 1.43611e-11 9.11412e-12 5.76947e-12 3.64321e-12 2.29504e-12 1.44239e-12 9.04464e-13 5.65901e-13 3.53311e-13 2.20124e-13 1.36865e-13 8.49285e-14 5.25988e-14 3.25146e-14 2.00624e-14 1.23568e-14 7.59745e-15 4.66322e-15 2.85745e-15 1.74808e-15 1.0677e-15 6.51115e-16 3.96463e-16 2.41046e-16 1.46339e-16 8.87155e-17 5.37068e-17 3.24685e-17 1.96025e-17 1.18192e-17 7.1171e-18 4.28024e-18 2.57095e-18 1.54237e-18 9.24201e-19 5.53139e-19 3.30676e-19 1.9746e-19 1.17781e-19 7.01775e-20 4.17692e-20 2.48346e-20 1.47506e-20 8.75232e-21 5.18803e-21 3.07225e-21 1.81757e-21 1.07427e-21 6.34357e-22 3.74243e-22
1.39694e-06 4.00787e-06 7.44366e-06 1.11201e-05 1.44759e-05 1.70959e-05 1.8757e-05 1.94156e-05 1.91641e-05 1.81782e-05 1.66679e-05 1.48409e-05 1.28783e-05 1.09233e-05 9.07805e-06 7.40724e-06 5.94412e-06 4.6981e-06 3.66192e-06 2.8179e-06 2.14284e-06 1.61165e-06 1.19976e-06 8.84621e-07 6.46425e-07 4.68397e-07 3.36713e-07 2.40241e-07 1.70198e-07 1.19769e-07 8.37461e-08 5.82037e-08 4.02188e-08 2.76386e-08 1.88938e-08 1.2851e-08 8.69895e-09 5.86128e-09 3.93184e-09 2.62635e-09 1.74717e-09 1.15774e-09 7.64255e-10 5.02668e-10 3.29454e-10 2.15195e-10 1.40101e-10 9.09221e-11 5.88252e-11 3.79459e-11 2.4407e-11 1.56549e-11 1.0014e-11 6.38884e-12 4.06563e-12 2.58081e-12 1.63432e-12 1.03252e-12 6.50831e-13 4.09331e-13 2.56886e-13 1.60877e-13 1.00543e-13 6.2711e-14 3.9038e-14 2.42551e-14 1.50422e-14 9.31178e-15 5.75419e-15 3.54963e-15 2.18599e-15 1.34398e-15 8.24966e-16 5.05583e-16 3.09369e-16 1.89017e-16 1.15314e-16 7.02481e-17 4.27334e-17 2.59594e-17 1.57482e-17 9.54076e-18 5.77253e-18 3.48811e-18 2.10507e-18 1.26883e-18 7.63861e-19 4.59311e-19 2.75861e-19 1.65491e-19 9.91674e-20 5.93583e-20 3.54912e-20 2.1198e-20 1.26477e-20 7.53844e-21 4.48857e-21 2.66994e-21 1.5866e-21 9.4192e-22 5.58659e-22
7.31731e-07 2.1947e-06 4.22252e-06 6.50228e-06 8.69637e-06 1.05263e-05 1.18149e-05 1.24925e-05 1.25799e-05 1.21611e-05 1.13539e-05 1.02853e-05 9.07421e-06 7.82028e-06 6.5999e-06 5.46582e-06 4.44979e-06 3.5665e-06 2.8179e-06 2.19726e-06 1.69253e-06 1.28906e-06 9.71461e-07 7.24928e-07 5.35981e-07 3.92856e-07 2.85605e-07 2.06037e-07 1.47555e-07 1.04944e-07 7.41498e-08 5.20655e-08 3.63419e-08 2.52233e-08 1.74118e-08 1.19574e-08 8.17103e-09 5.55715e-09 3.76224e-09 2.53594e-09 1.70217e-09 1.1379e-09 7.57725e-10 5.02671e-10 3.3226e-10 2.18852e-10 1.43665e-10 9.40002e-11 6.13097e-11 3.98654e-11 2.58448e-11 1.67069e-11 1.07697e-11 6.92365e-12 4.43936e-12 2.83919e-12 1.81128e-12 1.15273e-12 7.31891e-13 4.63627e-13 2.93037e-13 1.84813e-13 1.16311e-13 7.30484e-14 4.57853e-14 2.8641e-14 1.7882e-14 1.11437e-14 6.93186e-15 4.3042e-15 2.66794e-15 1.65089e-15 1.01984e-15 6.28982e-16 3.87302e-16 2.38112e-16 1.46166e-16 8.95901e-17 5.48321e-17 3.35108e-17 2.04513e-17 1.2464e-17 7.58583e-18 4.61075e-18 2.79881e-18 1.69675e-18 1.02735e-18 6.21273e-19 3.7525e-19 2.26382e-19 1.36414e-19 8.21059e-20 4.9363e-20 2.96448e-20 1.77837e-20 1.06569e-20 6.37945e-21 3.81493e-21 2.27902e-21 1.36012e-21 8.10915e-22
3.83287e-07 1.19954e-06 2.38774e-06 3.78629e-06 5.19823e-06 6.4441e-06 7.39448e-06 7.98157e-06 8.19522e-06 8.06975e-06 7.66752e-06 7.06352e-06 6.33299e-06 5.54316e-06 4.74866e-06 3.99001e-06 3.29418e-06 2.67646e-06 2.14284e-06 1.69253e-06 1.32021e-06 1.01788e-06 7.76323e-07 5.86123e-07 4.3834e-07 3.24907e-07 2.38813e-07 1.74145e-07 1.26039e-07 9.0576e-08 6.46529e-08 4.58538e-08 3.23227e-08 2.2652e-08 1.57866e-08 1.09435e-08 7.54759e-09 5.1801e-09 3.53859e-09 2.40639e-09 1.62937e-09 1.09866e-09 7.37836e-10 4.936e-10 3.28979e-10 2.1847e-10 1.44578e-10 9.53561e-11 6.26869e-11 4.10802e-11 2.68385e-11 1.74821e-11 1.13548e-11 7.35448e-12 4.75056e-12 3.0605e-12 1.96665e-12 1.2606e-12 8.06076e-13 5.14219e-13 3.27281e-13 2.07836e-13 1.31696e-13 8.3272e-14 5.25441e-14 3.30878e-14 2.07947e-14 1.30437e-14 8.16633e-15 5.10332e-15 3.18344e-15 1.98233e-15 1.23227e-15 7.64722e-16 4.73789e-16 2.93066e-16 1.80992e-16 1.11605e-16 6.8714e-17 4.22438e-17 2.59328e-17 1.5897e-17 9.73132e-18 5.94885e-18 3.6317e-18 2.21418e-18 1.34819e-18 8.19858e-19 4.97947e-19 3.02061e-19 1.83013e-19 1.10753e-19 6.69458e-20 4.04199e-20 2.4377e-20 1.46853e-20 8.83724e-21 5.31234e-21 3.19006e-21 1.91365e-21 1.14679e-21
2.0077e-07 6.5449e-07 1.34629e-06 2.19631e-06 3.09286e-06 3.92405e-06 4.60043e-06 5.06635e-06 5.30131e-06 5.31461e-06 5.13676e-06 4.81012e-06 4.38087e-06 3.89289e-06 3.38392e-06 2.8837e-06 2.41358e-06 1.98718e-06 1.61165e-06 1.28906e-06 1.01788e-06 7.94217e-07 6.12849e-07 4.6801e-07 3.53938e-07 2.65231e-07 1.9705e-07 1.45209e-07 1.06186e-07 7.70856e-08 5.55736e-08 3.98018e-08 2.83277e-08 2.0041e-08 1.40976e-08 9.86268e-09 6.86389e-09 4.75298e-09 3.27544e-09 2.24679e-09 1.53434e-09 1.04333e-09 7.06526e-10 4.76548e-10 3.20197e-10 2.14347e-10 1.42975e-10 9.50385e-11 6.29624e-11 4.15769e-11 2.73688e-11 1.79612e-11 1.17524e-11 7.66781e-12 4.98889e-12 3.23712e-12 2.09493e-12 1.35227e-12 8.70717e-13 5.59287e-13 3.58397e-13 2.29136e-13 1.46166e-13 9.30356e-14 5.90912e-14 3.74534e-14 2.36906e-14 1.49553e-14 9.42267e-15 5.92554e-15 3.71942e-15 2.33043e-15 1.45756e-15 9.10047e-16 5.67235e-16 3.52972e-16 2.19286e-16 1.36016e-16 8.42346e-17 5.20866e-17 3.21596e-17 1.9827e-17 1.22061e-17 7.50383e-18 4.60667e-18 2.82422e-18 1.72915e-18 1.05729e-18 6.45651e-19 3.93779e-19 2.39866e-19 1.45933e-19 8.86786e-20 5.38236e-20 3.26305e-20 1.97597e-20 1.19523e-20 7.22175e-21 4.35877e-21 2.62799e-21 1.58281e-21
1.05165e-07 3.5653e-07 7.57043e-07 1.26949e-06 1.83232e-06 2.37771e-06 2.84636e-06 3.19647e-06 3.40689e-06 3.47565e-06 3.41577e-06 3.24996e-06 3.0056e-06 2.71047e-06 2.38986e-06 2.06482e-06 1.75141e-06 1.4608e-06 1.19976e-06 9.71461e-07 7.76323e-07 6.12849e-07 4.78321e-07 3.69371e-07 2.82406e-07 2.139e-07 1.60588e-07 1.19562e-07 8.83171e-08 6.47514e-08 4.71378e-08 3.40845e-08 2.44878e-08 1.74854e-08 1.24125e-08 8.762e-09 6.15201e-09 4.29729e-09 2.98694e-09 2.06631e-09 1.42293e-09 9.75577e-10 6.66041e-10 4.52864e-10 3.06706e-10 2.06931e-10 1.39101e-10 9.31731e-11 6.21951e-11 4.13784e-11 2.74402e-11 1.81402e-11 1.19557e-11 7.85647e-12 5.14796e-12 3.36383e-12 2.19208e-12 1.42474e-12 9.23641e-13 5.97292e-13 3.85314e-13 2.47979e-13 1.59225e-13 1.02007e-13 6.52077e-14 4.15944e-14 2.64767e-14 1.68192e-14 1.0663e-14 6.74694e-15 4.26096e-15 2.68595e-15 1.69004e-15 1.06151e-15 6.65563e-16 4.16595e-16 2.60323e-16 1.62405e-16 1.01155e-16 6.29063e-17 3.90599e-17 2.42165e-17 1.49916e-17 9.26727e-18 5.72054e-18 3.52626e-18 2.17068e-18 1.33441e-18 8.19239e-19 5.02303e-19 3.07586e-19 1.88114e-19 1.14906e-19 7.01027e-20 4.2718e-20 2.60003e-20 1.58069e-20 9.5989e-21 5.82255e-21 3.52801e-21 2.13539e-21
5.50864e-08 1.93931e-07 4.24638e-07 7.31349e-07 1.08119e-06 1.43411e-06 1.75204e-06 2.00536e-06 2.1761e-06 2.25818e-06 2.25564e-06 2.1798e-06 2.04625e-06 1.87207e-06 1.67373e-06 1.46567e-06 1.25952e-06 1.06391e-06 8.84621e-07 7.24928e-07 5.86123e-07 4.6801e-07 3.69371e-07 2.88365e-07 2.22837e-07 1.70555e-07 1.29365e-07 9.72883e-08 7.25767e-08 5.37291e-08 3.94879e-08 2.88214e-08 2.08981e-08 1.5058e-08 1.0785e-08 7.68035e-09 5.43942e-09 3.83207e-09 2.68607e-09 1.87365e-09 1.30085e-09 8.99107e-10 6.18745e-10 4.24028e-10 2.89417e-10 1.96771e-10 1.33278e-10 8.99447e-11 6.04866e-11 4.05376e-11 2.70781e-11 1.80296e-11 1.19673e-11 7.91949e-12 5.22541e-12 3.43798e-12 2.2557e-12 1.476e-12 9.63273e-13 6.27049e-13 4.07166e-13 2.63747e-13 1.70441e-13 1.0989e-13 7.06912e-14 4.53751e-14 2.90628e-14 1.85758e-14 1.18486e-14 7.54259e-15 4.79207e-15 3.03875e-15 1.92333e-15 1.21512e-15 7.66313e-16 4.82426e-16 3.03187e-16 1.90221e-16 1.19149e-16 7.45115e-17 4.65229e-17 2.90026e-17 1.80528e-17 1.12203e-17 6.96354e-18 4.31549e-18 2.67065e-18 1.65045e-18 1.01859e-18 6.27787e-19 3.86418e-19 2.37543e-19 1.4584e-19 8.94275e-20 5.47689e-20 3.35022e-20 2.04692e-20 1.24917e-20 7.61456e-21 4.63638e-21 2.81989e-21
2.88548e-08 1.05342e-07 2.37634e-07 4.20032e-07 6.35605e-07 8.61272e-07 1.07326e-06 1.25147e-06 1.38203e-06 1.45822e-06 1.47988e-06 1.45202e-06 1.38311e-06 1.2833e-06 1.16304e-06 1.03193e-06 8.98168e-07 7.68133e-07 6.46425e-07 5.35981e-07 4.3834e-07 3.53938e-07 2.82406e-07 2.22837e-07 1.74008e-07 1.34552e-07 1.03086e-07 7.8292e-08 5.89725e-08 4.4074e-08 3.26954e-08 2.40835e-08 1.76208e-08 1.28098e-08 9.2553e-09 6.64795e-09 4.74833e-09 3.37328e-09 2.38404e-09 1.67654e-09 1.17337e-09 8.17442e-10 5.66956e-10 3.91546e-10 2.6929e-10 1.8447e-10 1.25879e-10 8.55782e-11 5.79699e-11 3.91311e-11 2.63251e-11 1.76518e-11 1.17984e-11 7.86158e-12 5.22265e-12 3.45941e-12 2.28496e-12 1.50506e-12 9.88691e-13 6.47781e-13 4.23338e-13 2.75973e-13 1.7947e-13 1.16437e-13 7.53679e-14 4.86748e-14 3.13666e-14 2.01696e-14 1.29425e-14 8.28791e-15 5.29667e-15 3.37839e-15 2.15072e-15 1.3666e-15 8.6677e-16 5.48763e-16 3.46817e-16 2.1881e-16 1.37816e-16 8.66591e-17 5.44031e-17 3.40989e-17 2.13393e-17 1.33338e-17 8.31913e-18 5.18274e-18 3.22413e-18 2.00286e-18 1.24245e-18 7.6969e-19 4.76175e-19 2.942e-19 1.81533e-19 1.1187e-19 6.88533e-20 4.23253e-20 2.59866e-20 1.5936e-20 9.7611e-21 5.97196e-21 3.64956e-21
1.51144e-08 5.71487e-08 1.32696e-07 2.40541e-07 3.72353e-07 5.15168e-07 6.54502e-07 7.77133e-07 8.73027e-07 9.36253e-07 9.6501e-07 9.61017e-07 9.28571e-07 8.73501e-07 8.02232e-07 7.21018e-07 6.35433e-07 5.50063e-07 4.68397e-07 3.92856e-07 3.24907e-07 2.65231e-07 2.139e-07 1.70555e-07 1.34552e-07 1.05091e-07 8.13101e-08 6.23521e-08 4.74127e-08 3.57657e-08 2.67756e-08 1.9901e-08 1.469e-08 1.07725e-08 7.85027e-09 5.68652e-09 4.09554e-09 2.93347e-09 2.09003e-09 1.48155e-09 1.04509e-09 7.33744e-10 5.12821e-10 3.5685e-10 2.47269e-10 1.7064e-10 1.17295e-10 8.03197e-11 5.47972e-11 3.72513e-11 2.52358e-11 1.70386e-11 1.14665e-11 7.69226e-12 5.14445e-12 3.43025e-12 2.28059e-12 1.51197e-12 9.99631e-13 6.59132e-13 4.33482e-13 2.84357e-13 1.86071e-13 1.21462e-13 7.91006e-14 5.13945e-14 3.33177e-14 2.15516e-14 1.39108e-14 8.96007e-15 5.75944e-15 3.69468e-15 2.36549e-15 1.51158e-15 9.64106e-16 6.13789e-16 3.90058e-16 2.47442e-16 1.56699e-16 9.90653e-17 6.25252e-17 3.93986e-17 2.47863e-17 1.55691e-17 9.76436e-18 6.11462e-18 3.82342e-18 2.38727e-18 1.48844e-18 9.26722e-19 5.76195e-19 3.57768e-19 2.21848e-19 1.37385e-19 8.497e-20 5.24859e-20 3.23801e-20 1.99519e-20 1.22791e-20 7.54801e-21 4.6344e-21
7.91708e-09 3.09665e-08 7.39479e-08 1.3738e-07 2.1742e-07 3.06984e-07 3.97445e-07 4.80343e-07 5.48718e-07 5.97886e-07 6.25671e-07 6.32206e-07 6.19456e-07 5.9062e-07 5.49535e-07 5.00165e-07 4.46214e-07 3.90878e-07 3.36713e-07 2.85605e-07 2.38813e-07 1.9705e-07 1.60588e-07 1.29365e-07 1.03086e-07 8.13101e-08 6.35196e-08 4.91724e-08 3.77397e-08 2.87296e-08 2.17018e-08 1.62727e-08 1.21164e-08 8.96138e-09 6.58558e-09 4.81007e-09 3.49269e-09 2.52187e-09 1.81109e-09 1.2939e-09 9.19792e-10 6.50715e-10 4.58225e-10 3.21237e-10 2.24232e-10 1.55868e-10 1.07912e-10 7.44195e-11 5.11287e-11 3.4999e-11 2.3873e-11 1.6228e-11 1.09945e-11 7.42473e-12 4.99826e-12 3.35451e-12 2.24465e-12 1.49765e-12 9.96441e-13 6.61152e-13 4.37513e-13 2.88769e-13 1.90112e-13 1.24851e-13 8.17947e-14 5.34608e-14 3.48615e-14 2.2682e-14 1.47252e-14 9.53917e-15 6.16662e-15 3.97826e-15 2.56134e-15 1.64584e-15 1.05553e-15 6.75676e-16 4.31722e-16 2.7535e-16 1.75306e-16 1.11418e-16 7.0693e-17 4.47788e-17 2.83177e-17 1.78791e-17 1.12707e-17 7.09386e-18 4.45817e-18 2.79759e-18 1.75298e-18 1.09684e-18 6.85328e-19 4.27613e-19 2.66447e-19 1.65802e-19 1.03038e-19 6.395e-20 3.96397e-20 2.45402e-20 1.51736e-20 9.37072e-21 5.78015e-21
4.14704e-09 1.67609e-08 4.1131e-08 7.82629e-08 1.26564e-07 1.8228e-07 2.40387e-07 2.956e-07 3.4325e-07 3.79869e-07 4.0347e-07 4.13528e-07 4.10771e-07 3.9685e-07 3.73981e-07 3.44611e-07 3.11143e-07 2.75748e-07 2.40241e-07 2.06037e-07 1.74145e-07 1.45209e-07 1.19562e-07 9.72883e-08 7.8292e-08 6.23521e-08 4.91724e-08 3.84207e-08 2.97577e-08 2.2857e-08 1.74183e-08 1.31743e-08 9.89323e-09 7.37868e-09 5.46741e-09 4.02596e-09 2.94685e-09 2.14462e-09 1.55221e-09 1.1175e-09 8.00442e-10 5.70534e-10 4.04743e-10 2.85821e-10 2.00954e-10 1.40687e-10 9.80891e-11 6.81179e-11 4.71225e-11 3.24769e-11 2.23023e-11 1.52616e-11 1.04082e-11 7.07475e-12 4.7935e-12 3.23772e-12 2.18025e-12 1.46384e-12 9.80006e-13 6.54259e-13 4.35598e-13 2.89246e-13 1.91568e-13 1.26556e-13 8.34007e-14 5.48291e-14 3.5961e-14 2.35318e-14 1.5364e-14 1.00092e-14 6.50675e-15 4.22103e-15 2.73263e-15 1.76552e-15 1.13844e-15 7.32674e-16 4.70645e-16 3.01769e-16 1.93139e-16 1.23394e-16 7.86982e-17 5.01065e-17 3.18491e-17 2.0211e-17 1.2805e-17 8.10001e-18 5.11584e-18 3.22617e-18 2.03146e-18 1.2773e-18 8.0195e-19 5.02791e-19 3.14791e-19 1.96817e-19 1.2289e-19 7.66294e-20 4.7721e-20 2.96802e-20 1.84364e-20 1.14379e-20 7.08741e-21
2.17226e-09 9.06254e-09 2.2837e-08 4.44788e-08 7.34614e-08 1.07871e-07 1.44848e-07 1.8116e-07 2.13759e-07 2.40194e-07 2.58855e-07 2.69034e-07 2.70848e-07 2.65075e-07 2.52941e-07 2.35915e-07 2.1552e-07 1.93195e-07 1.70198e-07 1.47555e-07 1.26039e-07 1.06186e-07 8.83171e-08 7.25767e-08 5.89725e-08 4.74127e-08 3.77397e-08 2.97577e-08 2.32551e-08 1.802e-08 1.38514e-08 1.05659e-08 8.00109e-09 6.01679e-09 4.49457e-09 3.33615e-09 2.46122e-09 1.80515e-09 1.31655e-09 9.55022e-10 6.8918e-10 4.94856e-10 3.53615e-10 2.51513e-10 1.78091e-10 1.25556e-10 8.81479e-11 6.16345e-11 4.29269e-11 2.97839e-11 2.05888e-11 1.41817e-11 9.73451e-12 6.65942e-12 4.54084e-12 3.0864e-12 2.09134e-12 1.41282e-12 9.51646e-13 6.39181e-13 4.28117e-13 2.85973e-13 1.90518e-13 1.26599e-13 8.39128e-14 5.5483e-14 3.65974e-14 2.40836e-14 1.58124e-14 1.03587e-14 6.77107e-15 4.41654e-15 2.87473e-15 1.86733e-15 1.21052e-15 7.83201e-16 5.05751e-16 3.25973e-16 2.09712e-16 1.34673e-16 8.63307e-17 5.52451e-17 3.52924e-17 2.25082e-17 1.43313e-17 9.11025e-18 5.78212e-18 3.6641e-18 2.31838e-18 1.46471e-18 9.24009e-19 5.82066e-19 3.66142e-19 2.29996e-19 1.44275e-19 9.03808e-20 5.65434e-20 3.53281e-20 2.20444e-20 1.37381e-20 8.5509e-21
1.13785e-09 4.89529e-09 1.26584e-08 2.52216e-08 4.25227e-08 6.36352e-08 8.69699e-08 1.10592e-07 1.32556e-07 1.51188e-07 1.65274e-07 1.74137e-07 1.77631e-07 1.76064e-07 1.70078e-07 1.60524e-07 1.48347e-07 1.34478e-07 1.19769e-07 1.04944e-07 9.0576e-08 7.70856e-08 6.47514e-08 5.37291e-08 4.4074e-08 3.57657e-08 2.87296e-08 2.2857e-08 1.802e-08 1.40846e-08 1.09187e-08 8.39866e-09 6.4124e-09 4.86127e-09 3.66045e-09 2.73842e-09 2.03595e-09 1.50467e-09 1.10569e-09 8.08041e-10 5.87401e-10 4.24836e-10 3.05756e-10 2.19013e-10 1.56162e-10 1.10857e-10 7.836e-11 5.51606e-11 3.86745e-11 2.70107e-11 1.87937e-11 1.30289e-11 9.00042e-12 6.19621e-12 4.25147e-12 2.90765e-12 1.98232e-12 1.34732e-12 9.12997e-13 6.16884e-13 4.15628e-13 2.79257e-13 1.87126e-13 1.25061e-13 8.33666e-14 5.54339e-14 3.67702e-14 2.4332e-14 1.60637e-14 1.05809e-14 6.9539e-15 4.56023e-15 2.98412e-15 1.94867e-15 1.26991e-15 8.25913e-16 5.36098e-16 3.47311e-16 2.24582e-16 1.44953e-16 9.33886e-17 6.00605e-17 3.85591e-17 2.47129e-17 1.58121e-17 1.01005e-17 6.44156e-18 4.10158e-18 2.60756e-18 1.65521e-18 1.0491e-18 6.63955e-19 4.19594e-19 2.64789e-19 1.66863e-19 1.05007e-19 6.59917e-20 4.1417e-20 2.59595e-20 1.625e-20 1.01591e-20
5.96017e-10 2.64186e-09 7.00534e-09 1.42715e-08 2.45505e-08 3.74273e-08 5.20434e-08 6.72628e-08 8.18706e-08 9.47548e-08 1.05041e-07 1.12168e-07 1.15905e-07 1.16321e-07 1.13727e-07 1.08597e-07 1.01501e-07 9.30294e-08 8.37461e-08 7.41498e-08 6.46529e-08 5.55736e-08 4.71378e-08 3.94879e-08 3.26954e-08 2.67756e-08 2.17018e-08 1.74183e-08 1.38514e-08 1.09187e-08 8.5354e-09 6.61956e-09 5.09506e-09 3.89344e-09 2.95475e-09 2.22761e-09 1.66882e-09 1.24264e-09 9.1992e-10 6.77208e-10 4.95853e-10 3.61186e-10 2.61779e-10 1.88818e-10 1.35559e-10 9.68856e-11 6.89444e-11 4.88551e-11 3.44786e-11 2.42367e-11 1.69721e-11 1.18409e-11 8.23123e-12 5.70198e-12 3.93649e-12 2.70868e-12 1.85784e-12 1.27028e-12 8.65899e-13 5.885e-13 3.98814e-13 2.69507e-13 1.81626e-13 1.22073e-13 8.18326e-14 5.47172e-14 3.64954e-14 2.42826e-14 1.61182e-14 1.06741e-14 7.05266e-15 4.64954e-15 3.05859e-15 2.00774e-15 1.31518e-15 8.59762e-16 5.6092e-16 3.65235e-16 2.3736e-16 1.53967e-16 9.9688e-17 6.44277e-17 4.15653e-17 2.67689e-17 1.72103e-17 1.10463e-17 7.07832e-18 4.52835e-18 2.8924e-18 1.84459e-18 1.17455e-18 7.46778e-19 4.74096e-19 3.00544e-19 1.90252e-19 1.20264e-19 7.59176e-20 4.78582e-20 3.01292e-20 1.89428e-20 1.18943e-20
3.12199e-10 1.42451e-09 3.87107e-09 8.05926e-09 1.41395e-08 2.19506e-08 3.10439e-08 4.07663e-08 5.03736e-08 5.91437e-08 6.64698e-08 7.19203e-08 7.52637e-08 7.64626e-08 7.56457e-08 7.30658e-08 6.90547e-08 6.39789e-08 5.82037e-08 5.20655e-08 4.58538e-08 3.98018e-08 3.40845e-08 2.88214e-08 2.40835e-08 1.9901e-08 1.62727e-08 1.31743e-08 1.05659e-08 8.39866e-09 6.61956e-09 5.17539e-09 4.01527e-09 3.09242e-09 2.36501e-09 1.7966e-09 1.35605e-09 1.01722e-09 7.5855e-10 5.62441e-10 4.14753e-10 3.04234e-10 2.22032e-10 1.61247e-10 1.16549e-10 8.38564e-11 6.00676e-11 4.28433e-11 3.04315e-11 2.15287e-11 1.51712e-11 1.06507e-11 7.4498e-12 5.19233e-12 3.60642e-12 2.49648e-12 1.7225e-12 1.18469e-12 8.12276e-13 5.55253e-13 3.78443e-13 2.57195e-13 1.74305e-13 1.17807e-13 7.94106e-14 5.33893e-14 3.58037e-14 2.3951e-14 1.59833e-14 1.06409e-14 7.06784e-15 4.68392e-15 3.09719e-15 2.04355e-15 1.34548e-15 8.8403e-16 5.79657e-16 3.79321e-16 2.47738e-16 1.6149e-16 1.05071e-16 6.82362e-17 4.42346e-17 2.86245e-17 1.84909e-17 1.19243e-17 7.67679e-18 4.93412e-18 3.16618e-18 2.02848e-18 1.29756e-18 8.28732e-19 5.28501e-19 3.36537e-19 2.13986e-19 1.35867e-19 8.61448e-20 5.45432e-20 3.44872e-20 2.17767e-20 1.37325e-20
1.63533e-10 7.67477e-10 2.13608e-09 4.54248e-09 8.12455e-09 1.28391e-08 1.84617e-08 2.46252e-08 3.08819e-08 3.67728e-08 4.18882e-08 4.59126e-08 4.86484e-08 5.00203e-08 5.00639e-08 4.89037e-08 4.67268e-08 4.37545e-08 4.02188e-08 3.63419e-08 3.23227e-08 2.83277e-08 2.44878e-08 2.08981e-08 1.76208e-08 1.469e-08 1.21164e-08 9.89323e-09 8.00109e-09 6.4124e-09 5.09506e-09 4.01527e-09 3.13968e-09 2.43677e-09 1.87778e-09 1.43718e-09 1.09279e-09 8.25723e-10 6.20178e-10 4.63108e-10 3.43896e-10 2.54004e-10 1.86641e-10 1.3646e-10 9.92907e-11 7.191e-11 5.18459e-11 3.72174e-11 2.66039e-11 1.89395e-11 1.34298e-11 9.48639e-12 6.67591e-12 4.68108e-12 3.27078e-12 2.27756e-12 1.58067e-12 1.09347e-12 7.54047e-13 5.1839e-13 3.55316e-13 2.42831e-13 1.65484e-13 1.12462e-13 7.62209e-14 5.15223e-14 3.47371e-14 2.33612e-14 1.5672e-14 1.04884e-14 7.0027e-15 4.66467e-15 3.10025e-15 2.05595e-15 1.36047e-15 8.98346e-16 5.91967e-16 3.89286e-16 2.5549e-16 1.67352e-16 1.0941e-16 7.13946e-17 4.65022e-17 3.02341e-17 1.96222e-17 1.27129e-17 8.22236e-18 5.30908e-18 3.42236e-18 2.20256e-18 1.41526e-18 9.07963e-19 5.81608e-19 3.71994e-19 2.37572e-19 1.51502e-19 9.64755e-20 6.13481e-20 3.89565e-20 2.47038e-20 1.56445e-20
