0.378328 0.0609277 0.0329867 0.0194423 0.0118317 0.00724434 0.00441488 0.00266867 0.00159943 0.00095116 0.00056184 0.000329969 0.000192846 0.000112235 6.50851e-05 3.76244e-05 2.169e-05 1.24735e-05 7.15761e-06 4.09918e-06 2.34344e-06 1.33755e-06 7.62296e-07 4.33853e-07 2.46605e-07 1.39991e-07 7.93515e-08 4.48763e-08 2.52534e-08 1.4018e-08 7.92276e-09
0.0609277 0.0143646 0.0074622 0.00390134 0.00203045 0.00105471 0.000548769 0.000286621 0.000150409 7.93091e-05 4.20068e-05 2.23387e-05 1.19212e-05 6.38126e-06 3.4248e-06 1.84227e-06 9.92953e-07 5.36109e-07 2.8989e-07 1.5696e-07 8.50857e-08 4.61716e-08 2.50779e-08 1.36318e-08 7.4145e-09 4.03398e-09 2.19348e-09 1.18912e-09 6.38199e-10 3.32123e-10 1.81395e-10
0.0329867 0.0074622 0.003392 0.00163565 0.000811484 0.000409449 0.000209177 0.000107958 5.62e-05 2.94703e-05 1.55486e-05 8.24563e-06 4.39154e-06 2.34732e-06 1.25848e-06 6.76449e-07 3.64401e-07 1.96674e-07 1.06323e-07 5.75604e-08 3.12008e-08 1.6931e-08 9.19635e-09 4.9991e-09 2.71897e-09 1.47881e-09 8.03142e-10 4.33834e-10 2.3056e-10 1.24626e-10 6.8085e-11
0.0194423 0.00390134 0.00163565 0.000744141 0.000355311 0.000174888 8.79022e-05 4.48707e-05 2.31802e-05 1.20884e-05 6.35185e-06 3.358e-06 1.7841e-06 9.51783e-07 5.09487e-07 2.73507e-07 1.47181e-07 7.93654e-08 4.28727e-08 2.31952e-08 1.2566e-08 6.81558e-09 3.70033e-09 2.01058e-09 1.09291e-09 5.93842e-10 3.21836e-10 1.73005e-10 9.39382e-11 5.07754e-11 2.77353e-11
0.0118317 0.00203045 0.000811484 0.000355311 0.000165112 7.97854e-05 3.96017e-05 2.00391e-05 1.0287e-05 5.33937e-06 2.7953e-06 1.47345e-06 7.80957e-07 4.15782e-07 2.22183e-07 1.19095e-07 6.40037e-08 3.44728e-08 1.86026e-08 1.0055e-08 5.44263e-09 2.94965e-09 1.60022e-09 8.68809e-10 4.71827e-10 2.56004e-10 1.38391e-10 7.52186e-11 4.08349e-11 2.20674e-11 1.20489e-11
0.00724434 0.00105471 0.000409449 0.000174888 7.97854e-05 3.80563e-05 1.87178e-05 9.40949e-06 4.80665e-06 2.48528e-06 1.29707e-06 6.81932e-07 3.60634e-07 1.91629e-07 1.02225e-07 5.47105e-08 2.93614e-08 1.57942e-08 8.51311e-09 4.59654e-09 2.48557e-09 1.3458e-09 7.29448e-10 3.95662e-10 2.14628e-10 1.16272e-10 6.31777e-11 3.43261e-11 1.86283e-11 1.00636e-11 5.49168e-12
0.00441488 0.000548769 0.000209177 8.79022e-05 3.96017e-05 1.87178e-05 9.14558e-06 4.57485e-06 2.32799e-06 1.19992e-06 6.2459e-07 3.27626e-07 1.72912e-07 9.17128e-08 4.8844e-08 2.61018e-08 1.39886e-08 7.51521e-09 4.04592e-09 2.18213e-09 1.17876e-09 6.37601e-10 3.45255e-10 1.87079e-10 1.01364e-10 5.50251e-11 2.9883e-11 1.62282e-11 8.80274e-12 4.75378e-12 2.5925e-12
0.00266867 0.000286621 0.000107958 4.48707e-05 2.00391e-05 9.40949e-06 4.57485e-06 2.27968e-06 1.15644e-06 5.94501e-07 3.08742e-07 1.61618e-07 8.51396e-08 4.50819e-08 2.39722e-08 1.27921e-08 6.84649e-09 3.67362e-09 1.97545e-09 1.06428e-09 5.74318e-10 3.10347e-10 1.67885e-10 9.08786e-11 4.9266e-11 2.6727e-11 1.45063e-11 7.87339e-12 4.26866e-12 2.30433e-12 1.25588e-12
0.00159943 0.000150409 5.62e-05 2.31802e-05 1.0287e-05 4.80665e-06 2.32799e-06 1.15644e-06 5.85104e-07 3.00099e-07 1.55531e-07 8.12644e-08 4.27366e-08 2.25936e-08 1.19965e-08 6.39288e-09 3.4172e-09 1.83139e-09 9.8371e-10 5.2942e-10 2.85406e-10 1.54077e-10 8.32714e-11 4.50666e-11 2.44137e-11 1.32358e-11 7.1794e-12 3.89446e-12 2.11035e-12 1.13878e-12 6.20261e-13
0.00095116 7.93091e-05 2.94703e-05 1.20884e-05 5.33937e-06 2.48528e-06 1.19992e-06 5.94501e-07 3.00099e-07 1.53605e-07 7.94595e-08 4.14461e-08 2.17617e-08 1.14878e-08 6.09125e-09 3.24183e-09 1.73078e-09 9.26531e-10 4.97148e-10 2.6729e-10 1.43956e-10 7.76439e-11 4.19398e-11 2.26809e-11 1.22782e-11 6.65219e-12 3.60609e-12 1.95501e-12 1.05886e-12 5.71159e-13 3.10911e-13
0.00056184 4.20068e-05 1.55486e-05 6.35185e-06 2.7953e-06 1.29707e-06 6.2459e-07 3.08742e-07 1.55531e-07 7.94595e-08 4.10337e-08 2.13691e-08 1.12034e-08 5.90597e-09 3.12752e-09 1.66248e-09 8.86572e-10 4.74098e-10 2.5413e-10 1.36502e-10 7.34501e-11 3.95881e-11 2.13672e-11 1.15469e-11 6.24657e-12 3.38215e-12 1.83234e-12 9.92837e-13 5.3747e-13 2.89811e-13 1.5767e-13
0.000329969 2.23387e-05 8.24563e-06 3.358e-06 1.47345e-06 6.81932e-07 3.27626e-07 1.61618e-07 8.12644e-08 4.14461e-08 2.13691e-08 1.11118e-08 5.81764e-09 3.06284e-09 1.61996e-09 8.60134e-10 4.58202e-10 2.44778e-10 1.31083e-10 7.03458e-11 3.78228e-11 2.03697e-11 1.09861e-11 5.93279e-12 3.20737e-12 1.73553e-12 9.39708e-13 5.08903e-13 2.75363e-13 1.48428e-13 8.07078e-14
0.000192846 1.19212e-05 4.39154e-06 1.7841e-06 7.80957e-07 3.60634e-07 1.72912e-07 8.51396e-08 4.27366e-08 2.17617e-08 1.12034e-08 5.81764e-09 3.04189e-09 1.59953e-09 8.45036e-10 4.48199e-10 2.38519e-10 1.27299e-10 6.81096e-11 3.65213e-11 1.96209e-11 1.0559e-11 5.69085e-12 3.07115e-12 1.65927e-12 8.9731e-13 4.85582e-13 2.62835e-13 1.42154e-13 7.65988e-14 4.16293e-14
0.000112235 6.38126e-06 2.34732e-06 9.51783e-07 4.15782e-07 1.91629e-07 9.17128e-08 4.50819e-08 2.25936e-08 1.14878e-08 5.90597e-09 3.06284e-09 1.59953e-09 8.40124e-10 4.43364e-10 2.34918e-10 1.24898e-10 6.65988e-11 3.56034e-11 1.90759e-11 1.02407e-11 5.50712e-12 2.9661e-12 1.59968e-12 8.6375e-13 4.66839e-13 2.52498e-13 1.36604e-13 7.38502e-14 3.97811e-14 2.16094e-14
6.50851e-05 3.4248e-06 1.25848e-06 5.09487e-07 2.22183e-07 1.02225e-07 4.8844e-08 2.39722e-08 1.19965e-08 6.09125e-09 3.12752e-09 1.61996e-09 8.45036e-10 4.43364e-10 2.33742e-10 1.23731e-10 6.57247e-11 3.5017e-11 1.8705e-11 1.00143e-11 5.37226e-12 2.88709e-12 1.55397e-12 8.37581e-13 4.51994e-13 2.44161e-13 1.31992e-13 7.13756e-14 3.85706e-14 2.07706e-14 1.12775e-14
3.76244e-05 1.84227e-06 6.76449e-07 2.73507e-07 1.19095e-07 5.47105e-08 2.61018e-08 1.27921e-08 6.39288e-09 3.24183e-09 1.66248e-09 8.60134e-10 4.48199e-10 2.34918e-10 1.23731e-10 6.54384e-11 3.4731e-11 1.84894e-11 9.86899e-12 5.27993e-12 2.83054e-12 1.52017e-12 8.17734e-13 4.40499e-13 2.37582e-13 1.28272e-13 6.93093e-14 3.74628e-14 2.02365e-14 1.08943e-14 5.91252e-15
2.169e-05 9.92953e-07 3.64401e-07 1.47181e-07 6.40037e-08 2.93614e-08 1.39886e-08 6.84649e-09 3.4172e-09 1.73078e-09 8.86572e-10 4.58202e-10 2.38519e-10 1.24898e-10 6.57247e-11 3.4731e-11 1.84186e-11 9.7979e-12 5.22605e-12 2.79406e-12 1.49691e-12 8.03446e-13 4.3194e-13 2.32551e-13 1.2536e-13 6.76494e-14 3.6536e-14 1.97398e-14 1.06589e-14 5.73662e-15 3.11204e-15
1.24735e-05 5.36109e-07 1.96674e-07 7.93654e-08 3.44728e-08 1.57942e-08 7.51521e-09 3.67362e-09 1.83139e-09 9.26531e-10 4.74098e-10 2.44778e-10 1.27299e-10 6.65988e-11 3.5017e-11 1.84894e-11 9.7979e-12 5.20833e-12 2.77617e-12 1.4833e-12 7.94191e-13 4.26023e-13 2.28908e-13 1.23176e-13 6.63669e-14 3.57974e-14 1.93248e-14 1.04366e-14 5.6334e-15 3.03107e-15 1.64365e-15
7.15761e-06 2.8989e-07 1.06323e-07 4.28727e-08 1.86026e-08 8.51311e-09 4.04592e-09 1.97545e-09 9.8371e-10 4.97148e-10 2.5413e-10 1.31083e-10 6.81096e-11 3.56034e-11 1.8705e-11 9.86899e-12 5.22605e-12 2.77617e-12 1.47881e-12 7.89643e-13 4.22548e-13 2.26539e-13 1.21659e-13 6.54321e-14 3.52379e-14 1.89983e-14 1.02516e-14 5.53433e-15 2.98624e-15 1.60634e-15 8.7073e-16
4.09918e-06 1.5696e-07 5.75604e-08 2.31952e-08 1.0055e-08 4.59654e-09 2.18213e-09 1.06428e-09 5.2942e-10 2.6729e-10 1.36502e-10 7.03458e-11 3.65213e-11 1.90759e-11 1.00143e-11 5.27993e-12 2.79406e-12 1.4833e-12 7.89643e-13 4.21402e-13 2.25373e-13 1.20765e-13 6.48219e-14 3.48468e-14 1.87579e-14 1.01088e-14 5.45258e-15 2.94245e-15 1.58717e-15 8.53551e-16 4.62502e-16
2.34344e-06 8.50857e-08 3.12008e-08 1.2566e-08 5.44263e-09 2.48557e-09 1.17876e-09 5.74318e-10 2.85406e-10 1.43956e-10 7.34501e-11 3.78228e-11 1.96209e-11 1.02407e-11 5.37226e-12 2.83054e-12 1.49691e-12 7.94191e-13 4.22548e-13 2.25373e-13 1.2047e-13 6.45207e-14 3.46156e-14 1.86001e-14 1.0008e-14 5.39116e-15 2.9068e-15 1.56807e-15 8.45548e-16 4.54612e-16 2.46246e-16
1.33755e-06 4.61716e-08 1.6931e-08 6.81558e-09 2.94965e-09 1.3458e-09 6.37601e-10 3.10347e-10 1.54077e-10 7.76439e-11 3.95881e-11 2.03697e-11 1.0559e-11 5.50712e-12 2.88709e-12 1.52017e-12 8.03446e-13 4.26023e-13 2.26539e-13 1.20765e-13 6.45207e-14 3.45391e-14 1.85219e-14 9.94806e-15 5.35043e-15 2.88106e-15 1.55282e-15 8.37376e-16 4.51398e-16 2.4264e-16 1.31384e-16
7.62296e-07 2.50779e-08 9.19635e-09 3.70033e-09 1.60022e-09 7.29448e-10 3.45255e-10 1.67885e-10 8.32714e-11 4.19398e-11 2.13672e-11 1.09861e-11 5.69085e-12 2.9661e-12 1.55397e-12 8.17734e-13 4.3194e-13 2.28908e-13 1.21659e-13 6.48219e-14 3.46156e-14 1.85219e-14 9.92819e-15 5.33017e-15 2.86561e-15 1.54247e-15 8.31055e-16 4.48004e-16 2.4143e-16 1.29748e-16 7.02323e-17
4.33853e-07 1.36318e-08 4.9991e-09 2.01058e-09 8.68809e-10 3.95662e-10 1.87079e-10 9.08786e-11 4.50666e-11 2.26809e-11 1.15469e-11 5.93279e-12 3.07115e-12 1.59968e-12 8.37581e-13 4.40499e-13 2.32551e-13 1.23176e-13 6.54321e-14 3.48468e-14 1.86001e-14 9.94806e-15 5.33017e-15 2.86047e-15 1.53726e-15 8.27157e-16 4.45504e-16 2.40084e-16 1.29345e-16 6.94969e-17 3.76067e-17
2.46605e-07 7.4145e-09 2.71897e-09 1.09291e-09 4.71827e-10 2.14628e-10 1.01364e-10 4.9266e-11 2.44137e-11 1.22782e-11 6.24657e-12 3.20737e-12 1.65927e-12 8.6375e-13 4.51994e-13 2.37582e-13 1.2536e-13 6.63669e-14 3.52379e-14 1.87579e-14 1.0008e-14 5.35043e-15 2.86561e-15 1.53726e-15 8.25847e-16 4.44209e-16 2.3917e-16 1.2885e-16 6.93987e-17 3.72803e-17 2.01673e-17
1.39991e-07 4.03398e-09 1.47881e-09 5.93842e-10 2.56004e-10 1.16272e-10 5.50251e-11 2.6727e-11 1.32358e-11 6.65219e-12 3.38215e-12 1.73553e-12 8.9731e-13 4.66839e-13 2.44161e-13 1.28272e-13 6.76494e-14 3.57974e-14 1.89983e-14 1.01088e-14 5.39116e-15 2.88106e-15 1.54247e-15 8.27157e-16 4.44209e-16 2.38853e-16 1.28562e-16 6.92409e-17 3.72833e-17 2.00243e-17 1.08293e-17
7.93515e-08 2.19348e-09 8.03142e-10 3.21836e-10 1.38391e-10 6.31777e-11 2.9883e-11 1.45063e-11 7.1794e-12 3.60609e-12 1.83234e-12 9.39708e-13 4.85582e-13 2.52498e-13 1.31992e-13 6.93093e-14 3.6536e-14 1.93248e-14 1.02516e-14 5.45258e-15 2.9068e-15 1.55282e-15 8.31055e-16 4.45504e-16 2.3917e-16 1.28562e-16 6.91773e-17 3.7247e-17 2.00509e-17 1.07671e-17 5.82129e-18
4.48763e-08 1.18912e-09 4.33834e-10 1.73005e-10 7.52186e-11 3.43261e-11 1.62282e-11 7.87339e-12 3.89446e-12 1.95501e-12 9.92837e-13 5.08903e-13 2.62835e-13 1.36604e-13 7.13756e-14 3.74628e-14 1.97398e-14 1.04366e-14 5.53433e-15 2.94245e-15 1.56807e-15 8.37376e-16 4.48004e-16 2.40084e-16 1.2885e-16 6.92409e-17 3.7247e-17 2.00496e-17 1.07906e-17 5.79343e-18 3.13144e-18
2.52534e-08 6.38199e-10 2.3056e-10 9.39382e-11 4.08349e-11 1.86283e-11 8.80274e-12 4.26866e-12 2.11035e-12 1.05886e-12 5.3747e-13 2.75363e-13 1.42154e-13 7.38502e-14 3.85706e-14 2.02365e-14 1.06589e-14 5.6334e-15 2.98624e-15 1.58717e-15 8.45548e-16 4.51398e-16 2.4143e-16 1.29345e-16 6.93987e-17 3.72833e-17 2.00509e-17 1.07906e-17 5.80627e-18 3.11688e-18 1.68433e-18
1.4018e-08 3.32123e-10 1.24626e-10 5.07754e-11 2.20674e-11 1.00636e-11 4.75378e-12 2.30433e-12 1.13878e-12 5.71159e-13 2.89811e-13 1.48428e-13 7.65988e-14 3.97811e-14 2.07706e-14 1.08943e-14 5.73662e-15 3.03107e-15 1.60634e-15 8.53551e-16 4.54612e-16 2.4264e-16 1.29748e-16 6.94969e-17 3.72803e-17 2.00243e-17 1.07671e-17 5.79343e-18 3.11688e-18 1.67298e-18 9.0391e-19
7.92276e-09 1.81395e-10 6.8085e-11 2.77353e-11 1.20489e-11 5.49168e-12 2.5925e-12 1.25588e-12 6.20261e-13 3.10911e-13 1.5767e-13 8.07078e-14 4.16293e-14 2.16094e-14 1.12775e-14 5.91252e-15 3.11204e-15 1.64365e-15 8.7073e-16 4.62502e-16 2.46246e-16 1.31384e-16 7.02323e-17 3.76067e-17 2.01673e-17 1.08293e-17 5.82129e-18 3.13144e-18 1.68433e-18 9.0391e-19 4.88256e-19
