0.370309 0.0211444 0.0137982 0.00969665 0.00717494 0.00550058 0.0043221 0.00345605 0.00279902 0.0022886 0.00188492 0.00156124 0.00129891 0.00108449 0.000908047 0.000762044 0.000640684 0.000539428 0.000454677 0.000383545 0.000323699 0.000273237 0.000230596 0.000194489 0.000163844 0.000137769 0.000115516 9.64555e-05 8.00551e-05 6.58616e-05 5.5905e-05
0.0211444 0.00271121 0.0016418 0.00106194 0.000721908 0.000509577 0.000370219 0.000275065 0.000208004 0.00015952 0.000123732 9.6865e-05 7.64118e-05 6.06602e-05 4.84116e-05 3.88087e-05 3.12275e-05 2.52061e-05 2.03985e-05 1.65421e-05 1.34356e-05 1.09236e-05 8.88498e-06 7.22474e-06 5.86803e-06 4.75556e-06 3.84017e-06 3.08434e-06 2.45825e-06 1.93848e-06 1.60467e-06
0.0137982 0.0016418 0.000952125 0.000595813 0.000395594 0.000274774 0.000197494 0.000145703 0.000109682 8.38771e-05 6.49499e-05 5.08011e-05 4.00604e-05 3.18036e-05 2.53897e-05 2.03638e-05 1.63966e-05 1.32453e-05 1.07283e-05 8.70842e-06 7.08047e-06 5.76331e-06 4.69376e-06 3.82232e-06 3.10996e-06 2.52577e-06 2.04522e-06 1.64884e-06 1.32131e-06 1.07709e-06 8.92233e-07
0.00969665 0.00106194 0.000595813 0.000363341 0.000236857 0.000162519 0.000115906 8.51049e-05 6.38865e-05 4.8782e-05 3.77477e-05 2.95196e-05 2.32824e-05 1.8491e-05 1.477e-05 1.18542e-05 9.55187e-06 7.72233e-06 6.26042e-06 5.08662e-06 4.14013e-06 3.374e-06 2.75167e-06 2.2445e-06 1.82989e-06 1.48997e-06 1.21057e-06 9.80481e-07 8.01231e-07 6.53178e-07 5.41277e-07
0.00717494 0.000721908 0.000395594 0.000236857 0.000152455 0.000103771 7.36606e-05 5.39485e-05 4.04487e-05 3.08722e-05 2.38897e-05 1.86876e-05 1.47454e-05 1.17169e-05 9.36434e-06 7.5201e-06 6.06331e-06 4.90514e-06 3.97931e-06 3.23566e-06 2.63583e-06 2.15018e-06 1.75564e-06 1.4341e-06 1.1713e-06 9.55957e-07 7.79122e-07 6.37794e-07 5.2129e-07 4.24986e-07 3.52206e-07
0.00550058 0.000509577 0.000274774 0.000162519 0.000103771 7.03059e-05 4.9789e-05 3.643e-05 2.73084e-05 2.08467e-05 1.61374e-05 1.26287e-05 9.96895e-06 7.92476e-06 6.33613e-06 5.09023e-06 4.10571e-06 3.32276e-06 2.69672e-06 2.19377e-06 1.78805e-06 1.45955e-06 1.1927e-06 9.75266e-07 7.9762e-07 6.52139e-07 5.3439e-07 4.3752e-07 3.57628e-07 2.91564e-07 2.41603e-07
0.0043221 0.000370219 0.000197494 0.000115906 7.36606e-05 4.9789e-05 3.52288e-05 2.57744e-05 1.9326e-05 1.47588e-05 1.14292e-05 8.94725e-06 7.06483e-06 5.61741e-06 4.49212e-06 3.60936e-06 2.91164e-06 2.35671e-06 1.91296e-06 1.55647e-06 1.26892e-06 1.03614e-06 8.47084e-07 6.93091e-07 5.67333e-07 4.65047e-07 3.81096e-07 3.1202e-07 2.55043e-07 2.07926e-07 1.72254e-07
0.00345605 0.000275065 0.000145703 8.51049e-05 5.39485e-05 3.643e-05 2.57744e-05 1.88629e-05 1.41493e-05 1.08093e-05 8.37297e-06 6.55584e-06 5.17702e-06 4.11647e-06 3.29178e-06 2.64475e-06 2.13334e-06 1.72662e-06 1.40143e-06 1.14023e-06 9.29594e-07 7.59123e-07 6.20719e-07 5.08031e-07 4.16305e-07 3.41222e-07 2.79604e-07 2.28909e-07 1.87097e-07 1.52527e-07 1.2632e-07
0.00279902 0.000208004 0.000109682 6.38865e-05 4.04487e-05 2.73084e-05 1.9326e-05 1.41493e-05 1.06172e-05 8.1129e-06 6.28498e-06 4.92101e-06 3.88571e-06 3.08926e-06 2.46991e-06 1.98401e-06 1.60003e-06 1.2947e-06 1.05064e-06 8.5467e-07 6.96685e-07 5.68872e-07 4.65145e-07 3.80833e-07 3.12017e-07 2.55702e-07 2.09497e-07 1.71492e-07 1.40155e-07 1.14251e-07 9.4589e-08
0.0022886 0.00015952 8.38771e-05 4.8782e-05 3.08722e-05 2.08467e-05 1.47588e-05 1.08093e-05 8.1129e-06 6.1998e-06 4.80273e-06 3.75992e-06 2.96827e-06 2.35924e-06 1.8857e-06 1.51426e-06 1.22081e-06 9.8754e-07 8.01147e-07 6.51534e-07 5.30969e-07 4.33471e-07 3.54424e-07 2.90106e-07 2.37629e-07 1.94699e-07 1.59488e-07 1.30536e-07 1.0667e-07 8.69493e-08 7.19605e-08
0.00188492 0.000123732 6.49499e-05 3.77477e-05 2.38897e-05 1.61374e-05 1.14292e-05 8.37297e-06 6.28498e-06 4.80273e-06 3.71989e-06 2.91148e-06 2.29776e-06 1.82569e-06 1.45871e-06 1.17094e-06 9.43669e-07 7.63078e-07 6.18833e-07 5.03101e-07 4.09879e-07 3.34544e-07 2.73452e-07 2.23764e-07 1.83239e-07 1.50099e-07 1.22929e-07 1.00596e-07 8.21943e-08 6.69936e-08 5.54257e-08
0.00156124 9.6865e-05 5.08011e-05 2.95196e-05 1.86876e-05 1.26287e-05 8.94725e-06 6.55584e-06 4.92101e-06 3.75992e-06 2.91148e-06 2.27802e-06 1.79718e-06 1.42739e-06 1.14001e-06 9.14738e-07 7.36895e-07 5.95639e-07 4.82863e-07 3.92418e-07 3.19606e-07 2.60772e-07 2.13082e-07 1.7431e-07 1.42702e-07 1.16865e-07 9.569e-08 7.82919e-08 6.39615e-08 5.21287e-08 4.3113e-08
0.00129891 7.64118e-05 4.00604e-05 2.32824e-05 1.47454e-05 9.96895e-06 7.06483e-06 5.17702e-06 3.88571e-06 2.96827e-06 2.29776e-06 1.79718e-06 1.41726e-06 1.12517e-06 8.9825e-07 7.20447e-07 5.80134e-07 4.68737e-07 3.79839e-07 3.0858e-07 2.5123e-07 2.04911e-07 1.67381e-07 1.36883e-07 1.1203e-07 9.17227e-08 7.50869e-08 6.14238e-08 5.01742e-08 4.08889e-08 3.3806e-08
0.00108449 6.06602e-05 3.18036e-05 1.8491e-05 1.17169e-05 7.92476e-06 5.61741e-06 4.11647e-06 3.08926e-06 2.35924e-06 1.82569e-06 1.42739e-06 1.12517e-06 8.9289e-07 7.12504e-07 5.71221e-07 4.59777e-07 3.71339e-07 3.00796e-07 2.44271e-07 1.988e-07 1.6209e-07 1.32359e-07 1.08209e-07 8.85371e-08 7.24701e-08 5.93132e-08 4.85116e-08 3.96215e-08 3.22867e-08 2.66854e-08
0.000908047 4.84116e-05 2.53897e-05 1.477e-05 9.36434e-06 6.33613e-06 4.49212e-06 3.29178e-06 2.46991e-06 1.8857e-06 1.45871e-06 1.14001e-06 8.9825e-07 7.12504e-07 5.68312e-07 4.55426e-07 3.6642e-07 2.9582e-07 2.39528e-07 1.94443e-07 1.58189e-07 1.28934e-07 1.05251e-07 8.60206e-08 7.03629e-08 5.75797e-08 4.71159e-08 3.85288e-08 3.1464e-08 2.56373e-08 2.11831e-08
0.000762044 3.88087e-05 2.03638e-05 1.18542e-05 7.5201e-06 5.09023e-06 3.60936e-06 2.64475e-06 1.98401e-06 1.51426e-06 1.17094e-06 9.14738e-07 7.20447e-07 5.71221e-07 4.55426e-07 3.64809e-07 2.93393e-07 2.36768e-07 1.9164e-07 1.5551e-07 1.26471e-07 1.03047e-07 8.40918e-08 6.87073e-08 5.61857e-08 4.5967e-08 3.76056e-08 3.07464e-08 2.51053e-08 2.04547e-08 1.68959e-08
0.000640684 3.12275e-05 1.63966e-05 9.55187e-06 6.06331e-06 4.10571e-06 2.91164e-06 2.13334e-06 1.60003e-06 1.22081e-06 9.43669e-07 7.36895e-07 5.80134e-07 4.59777e-07 3.6642e-07 2.93393e-07 2.35862e-07 1.90267e-07 1.53944e-07 1.24876e-07 1.01522e-07 8.26921e-08 6.74604e-08 5.51027e-08 4.50486e-08 3.68466e-08 3.0138e-08 2.46367e-08 2.0114e-08 1.63868e-08 1.35319e-08
0.000539428 2.52061e-05 1.32453e-05 7.72233e-06 4.90514e-06 3.32276e-06 2.35671e-06 1.72662e-06 1.2947e-06 9.8754e-07 7.63078e-07 5.95639e-07 4.68737e-07 3.71339e-07 2.9582e-07 2.36768e-07 1.90267e-07 1.53428e-07 1.24092e-07 1.00626e-07 8.17803e-08 6.65908e-08 5.43088e-08 4.43479e-08 3.62468e-08 2.96405e-08 2.4239e-08 1.98112e-08 1.61724e-08 1.31747e-08 1.08763e-08
0.000454677 2.03985e-05 1.07283e-05 6.26042e-06 3.97931e-06 2.69672e-06 1.91296e-06 1.40143e-06 1.05064e-06 8.01147e-07 6.18833e-07 4.82863e-07 3.79839e-07 3.00796e-07 2.39528e-07 1.9164e-07 1.53944e-07 1.24092e-07 1.00331e-07 8.13308e-08 6.60774e-08 5.37881e-08 4.38547e-08 3.58016e-08 2.92544e-08 2.39172e-08 1.95549e-08 1.59802e-08 1.30435e-08 1.0625e-08 8.76913e-09
0.000383545 1.65421e-05 8.70842e-06 5.08662e-06 3.23566e-06 2.19377e-06 1.55647e-06 1.14023e-06 8.5467e-07 6.51534e-07 5.03101e-07 3.92418e-07 3.0858e-07 2.44271e-07 1.94443e-07 1.5551e-07 1.24876e-07 1.00626e-07 8.13308e-08 6.59076e-08 5.35303e-08 4.35618e-08 3.55071e-08 2.89794e-08 2.36741e-08 1.93508e-08 1.58184e-08 1.29247e-08 1.05483e-08 8.59194e-09 7.08936e-09
0.000323699 1.34356e-05 7.08047e-06 4.14013e-06 2.63583e-06 1.78805e-06 1.26892e-06 9.29594e-07 6.96685e-07 5.30969e-07 4.09879e-07 3.19606e-07 2.5123e-07 1.988e-07 1.58189e-07 1.26471e-07 1.01522e-07 8.17803e-08 6.60774e-08 5.35303e-08 4.34646e-08 3.53606e-08 2.88147e-08 2.35115e-08 1.92028e-08 1.56928e-08 1.28258e-08 1.0478e-08 8.5505e-09 6.96423e-09 5.7449e-09
0.000273237 1.09236e-05 5.76331e-06 3.374e-06 2.15018e-06 1.45955e-06 1.03614e-06 7.59123e-07 5.68872e-07 4.33471e-07 3.34544e-07 2.60772e-07 2.04911e-07 1.6209e-07 1.28934e-07 1.03047e-07 8.26921e-08 6.65908e-08 5.37881e-08 4.35618e-08 3.53606e-08 2.87599e-08 2.343e-08 1.91132e-08 1.56072e-08 1.27518e-08 1.04203e-08 8.51164e-09 6.94514e-09 5.65635e-09 4.66492e-09
0.000230596 8.88498e-06 4.69376e-06 2.75167e-06 1.75564e-06 1.1927e-06 8.47084e-07 6.20719e-07 4.65145e-07 3.54424e-07 2.73452e-07 2.13082e-07 1.67381e-07 1.32359e-07 1.05251e-07 8.40918e-08 6.74604e-08 5.43088e-08 4.38547e-08 3.55071e-08 2.88147e-08 2.343e-08 1.90832e-08 1.55638e-08 1.27062e-08 1.03797e-08 8.48048e-09 6.92616e-09 5.65088e-09 4.602e-09 3.79454e-09
0.000194489 7.22474e-06 3.82232e-06 2.2445e-06 1.4341e-06 9.75266e-07 6.93091e-07 5.08031e-07 3.80833e-07 2.90106e-07 2.23764e-07 1.7431e-07 1.36883e-07 1.08209e-07 8.60206e-08 6.87073e-08 5.51027e-08 4.43479e-08 3.58016e-08 2.89794e-08 2.35115e-08 1.91132e-08 1.55638e-08 1.26908e-08 1.03587e-08 8.46045e-09 6.91136e-09 5.64391e-09 4.60429e-09 3.74947e-09 3.09095e-09
0.000163844 5.86803e-06 3.10996e-06 1.82989e-06 1.1713e-06 7.9762e-07 5.67333e-07 4.16305e-07 3.12017e-07 2.37629e-07 1.83239e-07 1.42702e-07 1.1203e-07 8.85371e-08 7.03629e-08 5.61857e-08 4.50486e-08 3.62468e-08 2.92544e-08 2.36741e-08 1.92028e-08 1.56072e-08 1.27062e-08 1.03587e-08 8.45355e-09 6.90332e-09 5.63853e-09 4.60395e-09 3.75557e-09 3.05817e-09 2.52057e-09
0.000137769 4.75556e-06 2.52577e-06 1.48997e-06 9.55957e-07 6.52139e-07 4.65047e-07 3.41222e-07 2.55702e-07 1.94699e-07 1.50099e-07 1.16865e-07 9.17227e-08 7.24701e-08 5.75797e-08 4.5967e-08 3.68466e-08 2.96405e-08 2.39172e-08 1.93508e-08 1.56928e-08 1.27518e-08 1.03797e-08 8.46045e-09 6.90332e-09 5.63653e-09 4.60324e-09 3.75822e-09 3.06543e-09 2.49608e-09 2.05693e-09
0.000115516 3.84017e-06 2.04522e-06 1.21057e-06 7.79122e-07 5.3439e-07 3.81096e-07 2.79604e-07 2.09497e-07 1.59488e-07 1.22929e-07 9.569e-08 7.50869e-08 5.93132e-08 4.71159e-08 3.76056e-08 3.0138e-08 2.4239e-08 1.95549e-08 1.58184e-08 1.28258e-08 1.04203e-08 8.48048e-09 6.91136e-09 5.63853e-09 4.60324e-09 3.75894e-09 3.06862e-09 2.50278e-09 2.03785e-09 1.67906e-09
9.64555e-05 3.08434e-06 1.64884e-06 9.80481e-07 6.37794e-07 4.3752e-07 3.1202e-07 2.28909e-07 1.71492e-07 1.30536e-07 1.00596e-07 7.82919e-08 6.14238e-08 4.85116e-08 3.85288e-08 3.07464e-08 2.46367e-08 1.98112e-08 1.59802e-08 1.29247e-08 1.0478e-08 8.51164e-09 6.92616e-09 5.64391e-09 4.60395e-09 3.75822e-09 3.06862e-09 2.50488e-09 2.04288e-09 1.66333e-09 1.3703e-09
8.00551e-05 2.45825e-06 1.32131e-06 8.01231e-07 5.2129e-07 3.57628e-07 2.55043e-07 1.87097e-07 1.40155e-07 1.0667e-07 8.21943e-08 6.39615e-08 5.01742e-08 3.96215e-08 3.1464e-08 2.51053e-08 2.0114e-08 1.61724e-08 1.30435e-08 1.05483e-08 8.5505e-09 6.94514e-09 5.65088e-09 4.60429e-09 3.75557e-09 3.06543e-09 2.50278e-09 2.04288e-09 1.66601e-09 1.35645e-09 1.11738e-09
6.58616e-05 1.93848e-06 1.07709e-06 6.53178e-07 4.24986e-07 2.91564e-07 2.07926e-07 1.52527e-07 1.14251e-07 8.69493e-08 6.69936e-08 5.21287e-08 4.08889e-08 3.22867e-08 2.56373e-08 2.04547e-08 1.63868e-08 1.31747e-08 1.0625e-08 8.59194e-09 6.96423e-09 5.65635e-09 4.602e-09 3.74947e-09 3.05817e-09 2.49608e-09 2.03785e-09 1.66333e-09 1.35645e-09 1.1044e-09 9.09701e-10
5.5905e-05 1.60467e-06 8.92233e-07 5.41277e-07 3.52206e-07 2.41603e-07 1.72254e-07 1.2632e-07 9.4589e-08 7.19605e-08 5.54257e-08 4.3113e-08 3.3806e-08 2.66854e-08 2.11831e-08 1.68959e-08 1.35319e-08 1.08763e-08 8.76913e-09 7.08936e-09 5.7449e-09 4.66492e-09 3.79454e-09 3.09095e-09 2.52057e-09 2.05693e-09 1.67906e-09 1.3703e-09 1.11738e-09 9.09701e-10 7.49177e-10
