0.949123 0.0243025 0.000622268 1.59333e-05 4.07974e-07 1.04462e-08 2.67478e-10 6.84881e-12 1.75365e-13 4.49025e-15 1.14973e-16 2.94391e-18 7.53794e-20 1.9301e-21 4.94205e-23 1.26542e-24 3.24013e-26 8.29641e-28 2.12431e-29 5.43933e-31 1.39275e-32 3.56615e-34 9.13119e-36 2.33806e-37 5.98663e-39 1.53289e-40 3.92498e-42 1.005e-43 2.57331e-45 6.58901e-47 1.68713e-48 4.31991e-50 1.10612e-51 2.83224e-53 7.252e-55 1.85689e-56 4.75458e-58 1.21742e-59 3.11722e-61 7.98169e-63 2.04373e-64 5.23299e-66 1.33992e-67 3.43088e-69 8.78481e-71 2.24937e-72 5.75954e-74 1.47474e-75 3.77609e-77 9.66874e-79 2.4757e-80 6.33906e-82 1.62313e-83 4.15604e-85 1.06416e-86 2.7248e-88 6.9769e-90 1.78645e-91 4.57422e-93 1.17124e-94 2.99897e-96 7.67892e-98 1.9662e-99 5.03448e-101 1.28909e-102 3.30073e-104 8.45157e-106 2.16404e-107 5.54105e-109 1.4188e-110 3.63285e-112 9.30197e-114 2.38178e-115 6.0986e-117 1.56156e-118 3.99839e-120 1.02379e-121 2.62144e-123 6.71224e-125 1.71868e-126 4.40071e-128 1.12681e-129 2.88521e-131 7.38763e-133 1.89161e-134 4.84351e-136 1.24019e-137 3.17552e-139 8.13097e-141 2.08195e-142 5.33086e-144 1.36498e-145 3.49504e-147 8.94911e-149 2.29143e-150 5.86725e-152 1.50232e-153 3.84671e-155 9.84957e-157 2.522e-158 6.45762e-160
0.0243025 0.000928005 3.15902e-05 1.00932e-06 3.09763e-08 9.24572e-10 2.70388e-11 7.78495e-13 2.21397e-14 6.23379e-16 1.74081e-17 4.82774e-19 1.33098e-20 3.65082e-22 9.96971e-24 2.71196e-25 7.35163e-27 1.98677e-28 5.3544e-30 1.43943e-31 3.86091e-33 1.03346e-34 2.76105e-36 7.36386e-38 1.96084e-39 5.21361e-41 1.38433e-42 3.67104e-44 9.72349e-46 2.57261e-47 6.79945e-49 1.79536e-50 4.7362e-52 1.24834e-53 3.28763e-55 8.65164e-57 2.27508e-58 5.97854e-60 1.57003e-61 4.1205e-63 1.08077e-64 2.83317e-66 7.42294e-68 1.94382e-69 5.0877e-71 1.33101e-72 3.48053e-74 9.09749e-76 2.37693e-77 6.20781e-79 1.62066e-80 4.22949e-82 1.10339e-83 2.87752e-85 7.50182e-87 1.95513e-88 5.09392e-90 1.32678e-91 3.45479e-93 8.9934e-95 2.3405e-96 6.0895e-98 1.58396e-99 4.11909e-101 1.07092e-102 2.78363e-104 7.23385e-106 1.87946e-107 4.8821e-109 1.26792e-110 3.29223e-112 8.54684e-114 2.2184e-115 5.75696e-117 1.49372e-118 3.87501e-120 1.00508e-121 2.60651e-123 6.75844e-125 1.75213e-126 4.54172e-128 1.17709e-129 3.05026e-131 7.90318e-133 2.04742e-134 5.30338e-136 1.37354e-137 3.55693e-139 9.20986e-141 2.38439e-142 6.17233e-144 1.59761e-145 4.13467e-147 1.06995e-148 2.76845e-150 7.16246e-152 1.85286e-153 4.79267e-155 1.23956e-156 3.20565e-158 8.28935e-160
0.000622268 3.15902e-05 1.30825e-06 4.88065e-08 1.70625e-09 5.7032e-11 1.8443e-12 5.81397e-14 1.79594e-15 5.45635e-17 1.63495e-18 4.8419e-20 1.41957e-21 4.12575e-23 1.18993e-24 3.40874e-26 9.7061e-28 2.7488e-29 7.74677e-31 2.17357e-32 6.07401e-34 1.69112e-35 4.69245e-37 1.29798e-38 3.57999e-40 9.84765e-42 2.70209e-43 7.39706e-45 2.02057e-46 5.50815e-48 1.49867e-49 4.07032e-51 1.10361e-52 2.9875e-54 8.07502e-56 2.17951e-57 5.87467e-59 1.58143e-60 4.25189e-62 1.14185e-63 3.06304e-65 8.20796e-67 2.19724e-68 5.87624e-70 1.57006e-71 4.19131e-73 1.11792e-74 2.97932e-76 7.93383e-78 2.11115e-79 5.61358e-81 1.49161e-82 3.96077e-84 1.05104e-85 2.78733e-87 7.38744e-89 1.95679e-90 5.18024e-92 1.37062e-93 3.62456e-95 9.58011e-97 2.53087e-98 6.68282e-100 1.76379e-101 4.65306e-103 1.22698e-104 3.2341e-106 8.52096e-108 2.24413e-109 5.90797e-111 1.55476e-112 4.09003e-114 1.07556e-115 2.82741e-117 7.4301e-119 1.95189e-120 5.12598e-122 1.34574e-123 3.5319e-125 9.26673e-127 2.43062e-128 6.37357e-130 1.67081e-131 4.37877e-133 1.14726e-134 3.00509e-136 7.86941e-138 2.06024e-139 5.39248e-141 1.41109e-142 3.69165e-144 9.65574e-146 2.52496e-147 6.60126e-149 1.72547e-150 4.50916e-152 1.17813e-153 3.07755e-155 8.03768e-157 2.0988e-158 5.47936e-160
1.59333e-05 1.00932e-06 4.88065e-08 2.0631e-09 8.02377e-11 2.94578e-12 1.03631e-13 3.52709e-15 1.16907e-16 3.7916e-18 1.20751e-19 3.78636e-21 1.17151e-22 3.58265e-24 1.08443e-25 3.25268e-27 9.677e-29 2.85795e-30 8.38468e-32 2.4451e-33 7.0911e-35 2.04613e-36 5.87668e-38 1.68059e-39 4.78697e-41 1.35847e-42 3.84184e-44 1.083e-45 3.04371e-47 8.52999e-49 2.38416e-50 6.64708e-52 1.84883e-53 5.13087e-55 1.4209e-56 3.92699e-58 1.08325e-59 2.98268e-61 8.1985e-63 2.24981e-64 6.16417e-66 1.68636e-67 4.60683e-69 1.25677e-70 3.42402e-72 9.31684e-74 2.53206e-75 6.87341e-77 1.86374e-78 5.04809e-80 1.3659e-81 3.69213e-83 9.97048e-85 2.68999e-86 7.25093e-88 1.95281e-89 5.25488e-91 1.4129e-92 3.79595e-94 1.01906e-95 2.73373e-97 7.3283e-99 1.96313e-100 5.25539e-102 1.40597e-103 3.759e-105 1.00439e-106 2.68208e-108 7.15794e-110 1.90923e-111 5.08969e-113 1.3561e-114 3.61131e-116 9.61208e-118 2.55714e-119 6.7996e-121 1.8072e-122 4.801e-124 1.27486e-125 3.38379e-127 8.97756e-129 2.38085e-130 6.31147e-132 1.67246e-133 4.43009e-135 1.17302e-136 3.1048e-138 8.21498e-140 2.17283e-141 5.74503e-143 1.51849e-144 4.01224e-146 1.05979e-147 2.79843e-149 7.38708e-151 1.94939e-152 5.14272e-154 1.35631e-155 3.57603e-157 9.42583e-159 2.4838e-160
4.07974e-07 3.09763e-08 1.70625e-09 8.02377e-11 3.42096e-12 1.36262e-13 5.16008e-15 1.87876e-16 6.62774e-18 2.278e-19 7.66021e-21 2.52821e-22 8.21045e-24 2.62895e-25 8.31336e-27 2.59985e-28 8.05e-30 2.47027e-31 7.51895e-33 2.27168e-34 6.81693e-36 2.03292e-37 6.02766e-39 1.77772e-40 5.21713e-42 1.52405e-43 4.43301e-45 1.28426e-46 3.70653e-48 1.06597e-49 3.05542e-51 8.73034e-53 2.48713e-54 7.06553e-56 2.00185e-57 5.65741e-59 1.59499e-60 4.48646e-62 1.25922e-63 3.5269e-65 9.85871e-67 2.75056e-68 7.66004e-70 2.12953e-71 5.91028e-73 1.63771e-74 4.53099e-76 1.25172e-77 3.45303e-79 9.51256e-81 2.61709e-82 7.19096e-84 1.97342e-85 5.40924e-87 1.48099e-88 4.05031e-90 1.10652e-91 3.01978e-93 8.23294e-95 2.24239e-96 6.10181e-98 1.65885e-99 4.50578e-101 1.22281e-102 3.31575e-104 8.98364e-106 2.43209e-107 6.57919e-109 1.77845e-110 4.80388e-112 1.29669e-113 3.49769e-115 9.42832e-117 2.53982e-118 6.83744e-120 1.83956e-121 4.9462e-123 1.32914e-124 3.56961e-126 9.5813e-128 2.57033e-129 6.8916e-131 1.84681e-132 4.94653e-134 1.32422e-135 3.54331e-137 9.47649e-139 2.53327e-140 6.76887e-142 1.80782e-143 4.82616e-145 1.28784e-146 3.43509e-148 9.1587e-150 2.44092e-151 6.5028e-153 1.73172e-154 4.60987e-156 1.2267e-157 3.26307e-159 8.67677e-161
1.04462e-08 9.24572e-10 5.7032e-11 2.94578e-12 1.36262e-13 5.83715e-15 2.36143e-16 9.13617e-18 3.40981e-19 1.23534e-20 4.36481e-22 1.5095e-23 5.12425e-25 1.7114e-26 5.63397e-28 1.83103e-29 5.88255e-31 1.87029e-32 5.89031e-34 1.83914e-35 5.69702e-37 1.75192e-38 5.35123e-40 1.62436e-41 4.90218e-43 1.47146e-44 4.3945e-46 1.30621e-47 3.86535e-49 1.13906e-50 3.34342e-52 9.77733e-54 2.84918e-55 8.27505e-57 2.39578e-58 6.91542e-60 1.99043e-61 5.71337e-63 1.63572e-64 4.6714e-66 1.33093e-67 3.78337e-69 1.07314e-70 3.03761e-72 8.58099e-74 2.41941e-75 6.80892e-77 1.91283e-78 5.36455e-80 1.50201e-81 4.1988e-83 1.17195e-84 3.26629e-86 9.0903e-88 2.5264e-89 7.01206e-91 1.9437e-92 5.38107e-94 1.48793e-95 4.10946e-97 1.13369e-98 3.12408e-100 8.59976e-102 2.36482e-103 6.49635e-105 1.78285e-106 4.88815e-108 1.33897e-109 3.66441e-111 1.00197e-112 2.73738e-114 7.47224e-116 2.03804e-117 5.55434e-119 1.51257e-120 4.11595e-122 1.11919e-123 3.04109e-125 8.2575e-127 2.24063e-128 6.07577e-130 1.64645e-131 4.45881e-133 1.20675e-134 3.26401e-136 8.82319e-138 2.38367e-139 6.43603e-141 1.73679e-142 4.68423e-144 1.26269e-145 3.40194e-147 9.16079e-149 2.46558e-150 6.63273e-152 1.78342e-153 4.79302e-155 1.28754e-156 3.45714e-158 9.27847e-160 2.48911e-161
2.67478e-10 2.70388e-11 1.8443e-12 1.03631e-13 5.16008e-15 2.36143e-16 1.01463e-17 4.14976e-19 1.63095e-20 6.20202e-22 2.29367e-23 8.28242e-25 2.92938e-26 1.01739e-27 3.47687e-29 1.1712e-30 3.89448e-32 1.2799e-33 4.16168e-35 1.34008e-36 4.27667e-38 1.35363e-39 4.25193e-41 1.32617e-42 4.10917e-44 1.26544e-45 3.87467e-47 1.18002e-48 3.57556e-50 1.07828e-51 3.23716e-53 9.67728e-55 2.88135e-56 8.54638e-58 2.52579e-59 7.43903e-61 2.1838e-62 6.39076e-64 1.86465e-65 5.42509e-67 1.5741e-68 4.55538e-70 1.31502e-71 3.78702e-73 1.08809e-74 3.11938e-76 8.92378e-78 2.54766e-79 7.25899e-81 2.06436e-82 5.86002e-84 1.66052e-85 4.69728e-87 1.32657e-88 3.74044e-90 1.05304e-91 2.96015e-93 8.30912e-95 2.32909e-96 6.51969e-98 1.82261e-99 5.08867e-101 1.41897e-102 3.95201e-104 1.09939e-105 3.05486e-107 8.47906e-109 2.3509e-110 6.51126e-112 1.80157e-113 4.9797e-115 1.3751e-116 3.7936e-118 1.04561e-119 2.87936e-121 7.9221e-123 2.17777e-124 5.98164e-126 1.64162e-127 4.50173e-129 1.23352e-130 3.3774e-132 9.2405e-134 2.52633e-135 6.90202e-137 1.88434e-138 5.14097e-140 1.40165e-141 3.81902e-143 1.03989e-144 2.82974e-146 7.69556e-148 2.09157e-149 5.6813e-151 1.54231e-152 4.18456e-154 1.13471e-155 3.07528e-157 8.33012e-159 2.25522e-160 6.10244e-162
6.84881e-12 7.78495e-13 5.81397e-14 3.52709e-15 1.87876e-16 9.13617e-18 4.14976e-19 1.78673e-20 7.36709e-22 2.93047e-23 1.13081e-24 4.25125e-26 1.5624e-27 5.62863e-29 1.99218e-30 6.94037e-32 2.38368e-33 8.08185e-35 2.70813e-36 8.97759e-38 2.94686e-39 9.58522e-41 3.09159e-42 9.89373e-44 3.14319e-45 9.91797e-47 3.1096e-48 9.69145e-50 3.00351e-51 9.25902e-53 2.84006e-54 8.67032e-56 2.63509e-57 7.97457e-59 2.40361e-60 7.21692e-62 2.15898e-63 6.43617e-65 1.91231e-66 5.66374e-68 1.67233e-69 4.92349e-71 1.44546e-72 4.23223e-74 1.23598e-75 3.60059e-77 1.0464e-78 3.03405e-80 8.77777e-82 2.53406e-83 7.30051e-85 2.09905e-86 6.02363e-88 1.72538e-89 4.93319e-91 1.40804e-92 4.01207e-94 1.14133e-95 3.24166e-97 9.19296e-99 2.60312e-100 7.36046e-102 2.07828e-103 5.86017e-105 1.65021e-106 4.64094e-108 1.30355e-109 3.65693e-111 1.02468e-112 2.86786e-114 8.01744e-116 2.2389e-117 6.24551e-119 1.74039e-120 4.84484e-122 1.34735e-123 3.74333e-125 1.03902e-126 2.88128e-128 7.98275e-130 2.20971e-131 6.11141e-133 1.6888e-134 4.66291e-136 1.28642e-137 3.54621e-139 9.76805e-141 2.68857e-142 7.39455e-144 2.03229e-145 5.58146e-147 1.53182e-148 4.20114e-150 1.15143e-151 3.15369e-153 8.63217e-155 2.36127e-156 6.45508e-158 1.76357e-159 4.81529e-161 1.314e-162
1.75365e-13 2.21397e-14 1.79594e-15 1.16907e-16 6.62774e-18 3.40981e-19 1.63095e-20 7.36709e-22 3.17684e-23 1.31809e-24 5.29316e-26 2.06674e-27 7.87467e-29 2.93648e-30 1.07428e-31 3.86341e-33 1.36812e-34 4.7775e-36 1.64718e-37 5.6132e-39 1.89241e-40 6.3171e-42 2.08944e-43 6.85232e-45 2.22941e-46 7.1997e-48 2.30895e-49 7.35657e-51 2.32951e-52 7.33386e-54 2.29626e-55 7.15251e-57 2.21698e-58 6.8397e-60 2.10082e-61 6.42547e-63 1.95738e-64 5.93988e-66 1.79592e-67 5.41094e-69 1.6248e-70 4.86327e-72 1.45116e-73 4.31733e-75 1.28079e-76 3.78922e-78 1.11809e-79 3.29079e-81 9.66183e-83 2.83004e-84 8.27056e-86 2.41169e-87 7.01749e-89 2.03774e-90 5.9054e-92 1.7081e-93 4.93133e-95 1.42111e-96 4.08818e-98 1.17406e-99 3.36616e-101 9.63562e-103 2.75389e-104 7.85879e-106 2.23936e-107 6.37189e-109 1.81053e-110 5.13753e-112 1.45589e-113 4.12041e-115 1.16468e-116 3.28808e-118 9.27169e-120 2.61137e-121 7.34658e-123 2.06452e-124 5.79538e-126 1.62512e-127 4.55239e-129 1.27396e-130 3.56156e-132 9.94733e-134 2.77564e-135 7.73779e-137 2.15516e-138 5.99731e-140 1.66747e-141 4.63223e-143 1.28576e-144 3.56598e-146 9.88213e-148 2.73642e-149 7.57149e-151 2.09341e-152 5.78372e-154 1.59678e-155 4.40531e-157 1.21452e-158 3.34609e-160 9.21254e-162 2.53475e-163
4.49025e-15 6.23379e-16 5.45635e-17 3.7916e-18 2.278e-19 1.23534e-20 6.20202e-22 2.93047e-23 1.31809e-24 5.69053e-26 2.37281e-27 9.60227e-29 3.78574e-30 1.45862e-31 5.50621e-33 2.04083e-34 7.44024e-36 2.67211e-37 9.46631e-39 3.3118e-40 1.14535e-41 3.91907e-43 1.32781e-44 4.45761e-46 1.4837e-47 4.89902e-49 1.6055e-50 5.22455e-52 1.68889e-53 5.42538e-55 1.73256e-56 5.50185e-58 1.73788e-59 5.46183e-61 1.70832e-62 5.31883e-64 1.6488e-65 5.0899e-67 1.56503e-68 4.79383e-70 1.46305e-71 4.44953e-73 1.34869e-74 4.07485e-76 1.22734e-77 3.68571e-79 1.10365e-80 3.29565e-82 9.81501e-84 2.91556e-85 8.63922e-87 2.55378e-88 7.53154e-90 2.2162e-91 6.50711e-93 1.90657e-94 5.57484e-96 1.62686e-97 4.73846e-99 1.37757e-100 3.99765e-102 1.15807e-103 3.34904e-105 9.6691e-107 2.78709e-108 8.0211e-110 2.3049e-111 6.6134e-113 1.89482e-114 5.42121e-116 1.54891e-117 4.41952e-119 1.25937e-120 3.58408e-122 1.01873e-123 2.89209e-125 8.20064e-127 2.32263e-128 6.57079e-130 1.85684e-131 5.24155e-133 1.47803e-134 4.16349e-136 1.17163e-137 3.29375e-139 9.25058e-141 2.59557e-142 7.276e-144 2.03777e-145 5.70201e-147 1.59412e-148 4.45286e-150 1.24277e-151 3.46565e-153 9.65664e-155 2.68857e-156 7.47959e-158 2.07922e-159 5.77562e-161 1.60315e-162 4.44669e-164
1.14973e-16 1.74081e-17 1.63495e-18 1.20751e-19 7.66021e-21 4.36481e-22 2.29367e-23 1.13081e-24 5.29316e-26 2.37281e-27 1.02534e-28 4.29276e-30 1.74828e-31 6.94877e-33 2.70267e-34 1.03095e-35 3.86423e-37 1.42551e-38 5.18276e-40 1.85935e-41 6.58908e-43 2.30866e-44 8.00424e-46 2.74805e-47 9.34886e-49 3.15338e-50 1.05514e-51 3.50402e-53 1.15541e-54 3.78439e-56 1.23169e-57 3.98471e-59 1.28179e-60 4.10098e-62 1.30533e-63 4.13449e-65 1.30344e-66 4.09088e-68 1.27846e-69 3.97904e-71 1.23358e-72 3.80999e-74 1.1725e-75 3.59578e-77 1.09907e-78 3.34861e-80 1.01709e-81 3.08006e-83 9.30061e-85 2.80064e-86 8.41084e-88 2.51939e-89 7.52772e-91 2.24377e-92 6.67226e-94 1.97961e-95 5.86044e-97 1.73122e-98 5.10354e-100 1.50147e-101 4.40873e-103 1.29207e-104 3.77967e-106 1.10368e-107 3.21716e-109 9.36192e-111 2.71981e-112 7.8888e-114 2.28455e-115 6.60583e-117 1.90724e-118 5.49858e-120 1.58299e-121 4.55099e-123 1.30661e-124 3.74637e-126 1.07279e-127 3.06812e-129 8.76384e-131 2.50031e-132 7.12493e-134 2.028e-135 5.76587e-137 1.6375e-138 4.64549e-140 1.3165e-141 3.72702e-143 1.05405e-144 2.97803e-146 8.40572e-148 2.37031e-149 6.67775e-151 1.87956e-152 5.28557e-154 1.48506e-155 4.16888e-157 1.1693e-158 3.27696e-160 9.17615e-162 2.56744e-163 7.1779e-165
2.94391e-18 4.82774e-19 4.8419e-20 3.78636e-21 2.52821e-22 1.5095e-23 8.28242e-25 4.25125e-26 2.06674e-27 9.60227e-29 4.29276e-30 1.85638e-31 7.79817e-33 3.19293e-34 1.27784e-35 5.01035e-37 1.92853e-38 7.29936e-40 2.72066e-41 9.99873e-43 3.62725e-44 1.30015e-45 4.60863e-47 1.61675e-48 5.61703e-50 1.93389e-51 6.60182e-53 2.23573e-54 7.51449e-56 2.50777e-57 8.31284e-59 2.73804e-60 8.96395e-62 2.91782e-63 9.44577e-65 3.04192e-66 9.74751e-68 3.10865e-69 9.86895e-71 3.11944e-72 9.81896e-74 3.07832e-75 9.61365e-77 2.99127e-78 9.2742e-80 2.86555e-81 8.82481e-83 2.70906e-84 8.29084e-86 2.52982e-87 7.69723e-89 2.33548e-90 7.06731e-92 2.13307e-93 6.42191e-95 1.9287e-96 5.77885e-98 1.72752e-99 5.15275e-101 1.53362e-102 4.55499e-104 1.35012e-105 3.99388e-107 1.17919e-108 3.47501e-110 1.0222e-111 3.00156e-113 8.79843e-115 2.57473e-116 7.52217e-118 2.19411e-119 6.38991e-121 1.8581e-122 5.39505e-124 1.5642e-125 4.52866e-127 1.30932e-128 3.78036e-130 1.09004e-131 3.13901e-133 9.02799e-135 2.59329e-136 7.44018e-138 2.13206e-139 6.10257e-141 1.74474e-142 4.98269e-144 1.42142e-145 4.05057e-147 1.15307e-148 3.27904e-150 9.3154e-152 2.64378e-153 7.496e-155 2.12334e-156 6.00903e-158 1.69899e-159 4.79941e-161 1.35457e-162 3.81976e-164 1.07622e-165
7.53794e-20 1.33098e-20 1.41957e-21 1.17151e-22 8.21045e-24 5.12425e-25 2.92938e-26 1.5624e-27 7.87467e-29 3.78574e-30 1.74828e-31 7.79817e-33 3.37436e-34 1.4215e-35 5.84685e-37 2.35385e-38 9.29415e-40 3.60563e-41 1.37642e-42 5.17721e-44 1.92094e-45 7.03798e-47 2.54853e-48 9.1283e-50 3.23638e-51 1.13653e-52 3.95556e-54 1.36512e-55 4.67389e-57 1.58827e-58 5.35897e-60 1.79602e-61 5.98084e-63 1.97957e-64 6.51423e-66 2.13185e-67 6.94003e-69 2.2479e-70 7.24602e-72 2.32496e-73 7.42694e-75 2.36243e-76 7.48401e-78 2.3616e-79 7.424e-81 2.32536e-82 7.25807e-84 2.2578e-85 7.00053e-87 2.16376e-88 6.66755e-90 2.04854e-91 6.27603e-93 1.91747e-94 5.84268e-96 1.7757e-97 5.38318e-99 1.62798e-100 4.91172e-102 1.4785e-103 4.44057e-105 1.33081e-106 3.97993e-108 1.1878e-109 3.53792e-111 1.05173e-112 3.12063e-114 9.24227e-116 2.73233e-117 8.06358e-119 2.37564e-120 6.98727e-122 2.05177e-123 6.01532e-125 1.76082e-126 5.14653e-128 1.502e-129 4.37721e-131 1.27382e-132 3.70187e-134 1.07435e-135 3.11381e-137 9.01318e-139 2.60563e-140 7.52329e-142 2.16957e-143 6.24918e-145 1.7979e-146 5.16666e-148 1.48309e-149 4.25254e-151 1.21803e-152 3.48508e-154 9.96126e-156 2.84429e-157 8.11334e-159 2.31206e-160 6.58236e-162 1.8722e-163 5.32012e-165 1.5104e-166
1.9301e-21 3.65082e-22 4.12575e-23 3.58265e-24 2.62895e-25 1.7114e-26 1.01739e-27 5.62863e-29 2.93648e-30 1.45862e-31 6.94877e-33 3.19293e-34 1.4215e-35 6.15419e-37 2.59882e-38 1.07315e-39 4.34258e-41 1.72519e-42 6.73927e-44 2.5922e-45 9.82937e-47 3.67828e-48 1.35967e-49 4.96884e-51 1.79653e-52 6.43082e-54 2.28042e-55 8.01528e-57 2.79382e-58 9.66166e-60 3.31637e-61 1.13031e-62 3.82662e-64 1.28722e-65 4.30375e-67 1.4306e-68 4.72911e-70 1.55503e-71 5.08735e-73 1.65628e-74 5.36724e-76 1.73151e-77 5.56198e-79 1.77925e-80 5.66914e-82 1.79942e-83 5.69037e-85 1.79308e-86 5.63075e-88 1.76233e-89 5.4981e-91 1.70997e-92 5.3022e-94 1.6393e-95 5.05402e-97 1.55391e-98 4.76498e-100 1.4574e-101 4.44642e-103 1.35328e-104 4.10903e-106 1.24479e-107 3.76254e-109 1.13481e-110 3.41547e-112 1.02585e-113 3.07498e-115 9.19932e-117 2.74689e-118 8.18692e-120 2.43564e-121 7.23332e-123 2.14444e-124 6.34684e-126 1.87537e-127 5.53246e-129 1.62955e-130 4.79236e-132 1.40728e-133 4.1264e-135 1.2082e-136 3.53263e-138 1.03147e-139 3.00769e-141 8.75862e-143 2.54728e-144 7.39892e-146 2.14645e-147 6.21935e-149 1.79992e-150 5.20297e-152 1.50229e-153 4.33278e-155 1.24825e-156 3.59224e-158 1.03268e-159 2.96563e-161 8.50791e-163 2.43832e-164 6.98121e-166 1.99687e-167
4.94205e-23 9.96971e-24 1.18993e-24 1.08443e-25 8.31336e-27 5.63397e-28 3.47687e-29 1.99218e-30 1.07428e-31 5.50621e-33 2.70267e-34 1.27784e-35 5.84685e-37 2.59882e-38 1.12562e-39 4.76328e-41 1.97368e-42 8.02278e-44 3.2045e-45 1.2595e-46 4.8773e-48 1.86286e-49 7.02464e-51 2.6175e-52 9.6451e-54 3.51712e-55 1.27e-56 4.54367e-58 1.61147e-59 5.66834e-61 1.97833e-62 6.85374e-64 2.35777e-65 8.05688e-67 2.73567e-68 9.23251e-70 3.09779e-71 1.03365e-72 3.43069e-74 1.13287e-75 3.72264e-77 1.21755e-78 3.96425e-80 1.28514e-81 4.14884e-83 1.33399e-84 4.27264e-86 1.36337e-87 4.33469e-89 1.37337e-90 4.33659e-92 1.36487e-93 4.28214e-95 1.33937e-96 4.17685e-98 1.29882e-99 4.0275e-101 1.24551e-102 3.84161e-104 1.18187e-105 3.62701e-107 1.1104e-108 3.39146e-110 1.03348e-111 3.14232e-113 9.53359e-115 2.88633e-116 8.72048e-118 2.62944e-119 7.91292e-121 2.37673e-122 7.12548e-124 2.13235e-125 6.36986e-127 1.89954e-128 5.65496e-130 1.6807e-131 4.98711e-133 1.47747e-134 4.37033e-136 1.29078e-137 3.80665e-139 1.121e-140 3.29646e-142 9.68024e-144 2.83878e-145 8.31373e-147 2.43159e-148 7.10277e-150 2.07213e-151 6.03769e-153 1.7571e-154 5.1075e-156 1.4829e-157 4.3005e-159 1.24577e-160 3.60477e-162 1.04195e-163 3.00853e-165 8.67776e-167 2.50043e-168
1.26542e-24 2.71196e-25 3.40874e-26 3.25268e-27 2.59985e-28 1.83103e-29 1.1712e-30 6.94037e-32 3.86341e-33 2.04083e-34 1.03095e-35 5.01035e-37 2.35385e-38 1.07315e-39 4.76328e-41 2.0639e-42 8.74973e-44 3.63641e-45 1.48407e-46 5.95625e-48 2.3539e-49 9.17052e-51 3.52554e-52 1.33866e-53 5.02438e-55 1.8654e-56 6.8553e-58 2.49518e-59 8.99983e-61 3.21839e-62 1.14159e-63 4.0182e-65 1.404e-66 4.87164e-68 1.67917e-69 5.75119e-71 1.95789e-72 6.62678e-74 2.23051e-75 7.46785e-77 2.48753e-78 8.24542e-80 2.72025e-81 8.93381e-83 2.92124e-84 9.51196e-86 3.08468e-87 9.96438e-89 3.20662e-90 1.02815e-91 3.28497e-93 1.04598e-94 3.3195e-96 1.0501e-97 3.31162e-99 1.04121e-100 3.26413e-102 1.02038e-103 3.18099e-105 9.89e-107 3.0669e-108 9.48643e-110 2.92709e-111 9.01004e-113 2.76697e-114 8.478e-116 2.59191e-117 7.90693e-119 2.40703e-120 7.31244e-122 2.21703e-123 6.7086e-125 2.0261e-126 6.10775e-128 1.83785e-129 5.5203e-131 1.65524e-132 4.9547e-134 1.48065e-135 4.41752e-137 1.31587e-138 3.91353e-140 1.16215e-141 3.44591e-143 1.02026e-144 3.01643e-146 8.90562e-148 2.62565e-149 7.73076e-151 2.27317e-152 6.67539e-154 1.9578e-155 5.73477e-157 1.67776e-158 4.90254e-160 1.43086e-161 4.17129e-163 1.21464e-164 3.53296e-166 1.02648e-167 2.97916e-169
3.24013e-26 7.35163e-27 9.7061e-28 9.677e-29 8.05e-30 5.88255e-31 3.89448e-32 2.38368e-33 1.36812e-34 7.44024e-36 3.86423e-37 1.92853e-38 9.29415e-40 4.34258e-41 1.97368e-42 8.74973e-44 3.79246e-45 1.61037e-46 6.71061e-48 2.74844e-49 1.10782e-50 4.3997e-52 1.72343e-53 6.66479e-55 2.54659e-56 9.62135e-58 3.59676e-59 1.33123e-60 4.88091e-62 1.7737e-63 6.39131e-65 2.28465e-66 8.1048e-68 2.8544e-69 9.9836e-71 3.46892e-72 1.19774e-73 4.11068e-75 1.40267e-76 4.75984e-78 1.60665e-79 5.39552e-81 1.80307e-82 5.99711e-84 1.98562e-85 6.54553e-87 2.14861e-88 7.0242e-90 2.28731e-91 7.41988e-93 2.39811e-94 7.7231e-96 2.47864e-97 7.92836e-99 2.52781e-100 8.03411e-102 2.54569e-103 8.0424e-105 2.53347e-106 7.95849e-108 2.49324e-109 7.79018e-111 2.4278e-112 7.54728e-114 2.3405e-115 7.2409e-117 2.23497e-118 6.88285e-120 2.11499e-121 6.4851e-123 1.98433e-124 6.05927e-126 1.84654e-127 5.61629e-129 1.70495e-130 5.16612e-132 1.56252e-133 4.71749e-135 1.4218e-136 4.27787e-138 1.28496e-139 3.85339e-141 1.15372e-142 3.44888e-144 1.02941e-145 3.06792e-147 9.12979e-149 2.713e-150 8.0505e-152 2.38557e-153 7.05944e-155 2.08626e-156 6.15736e-158 1.81494e-159 5.34296e-161 1.57095e-162 4.61332e-164 1.35315e-165 3.96429e-167 1.16007e-168 3.39087e-170
8.29641e-28 1.98677e-28 2.7488e-29 2.85795e-30 2.47027e-31 1.87029e-32 1.2799e-33 8.08185e-35 4.7775e-36 2.67211e-37 1.42551e-38 7.29936e-40 3.60563e-41 1.72519e-42 8.02278e-44 3.63641e-45 1.61037e-46 6.98198e-48 2.96895e-49 1.24015e-50 5.09542e-52 2.06178e-53 8.22481e-55 3.23774e-56 1.25882e-57 4.8375e-59 1.83874e-60 6.91723e-62 2.57697e-63 9.51217e-65 3.48059e-66 1.26305e-67 4.54737e-69 1.62494e-70 5.76507e-72 2.03143e-73 7.11146e-75 2.474e-76 8.55537e-78 2.94159e-79 1.00584e-80 3.4212e-82 1.15774e-83 3.89867e-85 1.30668e-86 4.35956e-88 1.44813e-89 4.78997e-91 1.57789e-92 5.17728e-94 1.69224e-95 5.51075e-97 1.78813e-98 5.78198e-100 1.86333e-101 5.9852e-103 1.91641e-104 6.11729e-106 1.94683e-107 6.17776e-109 1.95481e-110 6.16851e-112 1.9413e-113 6.09355e-115 1.90785e-116 5.95857e-118 1.85649e-119 5.77057e-121 1.78957e-122 5.53739e-124 1.70967e-125 5.26735e-127 1.61945e-128 4.96887e-130 1.52154e-131 4.65012e-133 1.41847e-134 4.31883e-136 1.31257e-137 3.98204e-139 1.20596e-140 3.64601e-142 1.10047e-143 3.31609e-145 9.97654e-147 2.99675e-148 8.98777e-150 2.69152e-151 8.04825e-153 2.40311e-154 7.16521e-156 2.13342e-157 6.3435e-159 1.88363e-160 5.58587e-162 1.65433e-163 4.89327e-165 1.44555e-166 4.26515e-168 1.25693e-169 3.69974e-171
2.12431e-29 5.3544e-30 7.74677e-31 8.38468e-32 7.51895e-33 5.89031e-34 4.16168e-35 2.70813e-36 1.64718e-37 9.46631e-39 5.18276e-40 2.72066e-41 1.37642e-42 6.73927e-44 3.2045e-45 1.48407e-46 6.71061e-48 2.96895e-49 1.28756e-50 5.4821e-52 2.2948e-53 9.45579e-55 3.83954e-56 1.53785e-57 6.08114e-59 2.37592e-60 9.17839e-62 3.50809e-63 1.3274e-64 4.97502e-66 1.84784e-67 6.80472e-69 2.4855e-70 9.0083e-72 3.24083e-73 1.1577e-74 4.10774e-76 1.4481e-77 5.07342e-79 1.76694e-80 6.11874e-82 2.10727e-83 7.21914e-85 2.46063e-86 8.34604e-88 2.81751e-89 9.46836e-91 3.16792e-92 1.05543e-93 3.50186e-95 1.1573e-96 3.80995e-98 1.24962e-99 4.08381e-101 1.32994e-102 4.31645e-104 1.39633e-105 4.50254e-107 1.44736e-108 4.63855e-110 1.48221e-111 4.72276e-113 1.50062e-114 4.75521e-116 1.50287e-117 4.73756e-119 1.4897e-120 4.67282e-122 1.46226e-123 4.56517e-125 1.42201e-126 4.41963e-128 1.37065e-129 4.24177e-131 1.30999e-132 4.0375e-134 1.24193e-135 3.81276e-137 1.16832e-138 3.57336e-140 1.09095e-141 3.32478e-143 1.0115e-144 3.07205e-146 9.31462e-148 2.81963e-149 8.52162e-151 2.5714e-152 7.74727e-154 2.33061e-155 7.0008e-157 2.09987e-158 6.28953e-160 1.8812e-161 5.61891e-163 1.67604e-164 4.99273e-166 1.48534e-167 4.41325e-169 1.30962e-170 3.88143e-172
5.43933e-31 1.43943e-31 2.17357e-32 2.4451e-33 2.27168e-34 1.83914e-35 1.34008e-36 8.97759e-38 5.6132e-39 3.3118e-40 1.85935e-41 9.99873e-43 5.17721e-44 2.5922e-45 1.2595e-46 5.95625e-48 2.74844e-49 1.24015e-50 5.4821e-52 2.378e-53 1.01365e-54 4.25133e-56 1.75633e-57 7.15433e-59 2.87609e-60 1.14198e-61 4.48184e-63 1.73974e-64 6.68351e-66 2.5425e-67 9.58238e-69 3.57969e-70 1.32606e-71 4.87309e-73 1.77716e-74 6.43394e-76 2.31312e-77 8.26074e-79 2.9313e-80 1.03379e-81 3.62448e-83 1.26356e-84 4.38108e-86 1.51107e-87 5.18553e-89 1.77085e-90 6.01905e-92 2.03657e-93 6.86061e-95 2.30134e-96 7.68803e-98 2.55812e-99 8.47916e-101 2.80002e-102 9.2129e-104 3.02068e-105 9.87028e-107 3.21451e-108 1.04352e-109 3.37697e-111 1.08951e-112 3.50465e-114 1.1241e-115 3.59541e-117 1.14684e-118 3.64835e-120 1.15761e-121 3.66375e-123 1.15668e-124 3.64297e-126 1.14465e-127 3.5883e-129 1.12235e-130 3.50281e-132 1.09086e-133 3.3901e-135 1.05139e-136 3.25418e-138 1.00523e-139 3.09924e-141 9.53736e-143 2.92954e-144 8.98228e-146 2.7492e-147 8.39986e-149 2.56213e-150 7.802e-152 2.37193e-153 7.19951e-155 2.18183e-156 6.60193e-158 1.99463e-159 6.01743e-161 1.8127e-162 5.45281e-164 1.63796e-165 4.91347e-167 1.47192e-168 4.40353e-170 1.31568e-171 3.92591e-173
1.39275e-32 3.86091e-33 6.07401e-34 7.0911e-35 6.81693e-36 5.69702e-37 4.27667e-38 2.94686e-39 1.89241e-40 1.14535e-41 6.58908e-43 3.62725e-44 1.92094e-45 9.82937e-47 4.8773e-48 2.3539e-49 1.10782e-50 5.09542e-52 2.2948e-53 1.01365e-54 4.39788e-56 1.87659e-57 7.88435e-59 3.26494e-60 1.33383e-61 5.38017e-63 2.14433e-64 8.45053e-66 3.2949e-67 1.27178e-68 4.86208e-70 1.84196e-71 6.91794e-73 2.57687e-74 9.52339e-76 3.49322e-77 1.27215e-78 4.60112e-80 1.65319e-81 5.90248e-83 2.09463e-84 7.38994e-86 2.59259e-87 9.04641e-89 3.14017e-90 1.08454e-91 3.72759e-93 1.27519e-94 4.34261e-96 1.4724e-97 4.97113e-99 1.67148e-100 5.59783e-102 1.8675e-103 6.20695e-105 2.0555e-106 6.78305e-108 2.23072e-109 7.3117e-111 2.38884e-112 7.78014e-114 2.52614e-115 8.17771e-117 2.63964e-118 8.49627e-120 2.72718e-121 8.73034e-123 2.78747e-124 8.8772e-126 2.82006e-127 8.93676e-129 2.82532e-130 8.9114e-132 2.80437e-133 8.80563e-135 2.75894e-136 8.6258e-138 2.69125e-139 8.37964e-141 2.60394e-142 8.0759e-144 2.49989e-145 7.72394e-147 2.38211e-148 7.33336e-150 2.25362e-151 6.91368e-153 2.1174e-154 6.47405e-156 1.97625e-157 6.02301e-159 1.83276e-160 5.56837e-162 1.68925e-163 5.11703e-165 1.54778e-166 4.67495e-168 1.41005e-169 4.24711e-171 1.2775e-172 3.83753e-174
3.56615e-34 1.03346e-34 1.69112e-35 2.04613e-36 2.03292e-37 1.75192e-38 1.35363e-39 9.58522e-41 6.3171e-42 3.91907e-43 2.30866e-44 1.30015e-45 7.03798e-47 3.67828e-48 1.86286e-49 9.17052e-51 4.3997e-52 2.06178e-53 9.45579e-55 4.25133e-56 1.87659e-57 8.1434e-59 3.47809e-60 1.46362e-61 6.07406e-63 2.48804e-64 1.0067e-65 4.02631e-67 1.59278e-68 6.23592e-70 2.41752e-71 9.28496e-73 3.53449e-74 1.33411e-75 4.99511e-77 1.85585e-78 6.84431e-80 2.50636e-81 9.11613e-83 3.2942e-84 1.18297e-85 4.22267e-87 1.4986e-88 5.28892e-90 1.85659e-91 6.48355e-93 2.25289e-94 7.79054e-96 2.68144e-97 9.18771e-99 3.13435e-100 1.06475e-101 3.60222e-103 1.21384e-104 4.07456e-106 1.36261e-107 4.54029e-109 1.50751e-110 4.98824e-112 1.64507e-113 5.40767e-115 1.772e-116 5.78868e-118 1.88536e-119 6.12266e-121 1.98267e-122 6.40256e-124 2.06196e-125 6.6231e-127 2.12188e-128 6.7809e-130 2.16165e-131 6.87447e-133 2.18109e-134 6.90416e-136 2.18058e-137 6.87197e-139 2.16101e-140 6.78139e-142 2.12367e-143 6.63712e-145 2.07022e-146 6.44484e-148 2.00256e-149 6.21088e-151 1.92278e-152 5.94199e-154 1.83305e-155 5.6451e-157 1.73555e-158 5.32703e-160 1.63241e-161 4.99437e-163 1.52565e-164 4.65331e-166 1.41715e-167 4.30947e-169 1.30858e-170 3.96788e-172 1.20145e-173 3.63289e-175
9.13119e-36 2.76105e-36 4.69245e-37 5.87668e-38 6.02766e-39 5.35123e-40 4.25193e-41 3.09159e-42 2.08944e-43 1.32781e-44 8.00424e-46 4.60863e-47 2.54853e-48 1.35967e-49 7.02464e-51 3.52554e-52 1.72343e-53 8.22481e-55 3.83954e-56 1.75633e-57 7.88435e-59 3.47809e-60 1.50956e-61 6.45294e-63 2.71944e-64 1.13082e-65 4.64338e-67 1.88416e-68 7.55999e-70 3.00127e-71 1.17952e-72 4.59138e-74 1.77099e-75 6.77191e-77 2.56804e-78 9.66157e-80 3.60743e-81 1.33719e-82 4.92223e-84 1.79981e-85 6.53884e-87 2.36098e-88 8.47428e-90 3.02431e-91 1.07338e-92 3.78935e-94 1.3309e-95 4.65123e-97 1.61773e-98 5.60049e-100 1.93016e-101 6.62323e-103 2.26315e-104 7.70156e-106 2.61048e-107 8.81429e-109 2.96503e-110 9.93784e-112 3.31909e-113 1.10472e-114 3.66468e-116 1.21172e-117 3.99388e-119 1.31234e-120 4.29921e-122 1.4043e-123 4.57389e-125 1.4856e-126 4.81209e-128 1.55457e-129 5.00913e-131 1.60995e-132 5.16161e-134 1.65085e-135 5.26745e-137 1.67683e-138 5.3259e-140 1.68786e-141 5.33747e-143 1.68428e-144 5.30383e-146 1.66679e-147 5.22764e-149 1.63637e-150 5.1124e-152 1.59424e-153 4.96228e-155 1.54179e-156 4.7819e-158 1.48054e-159 4.57614e-161 1.41205e-162 4.34999e-164 1.33791e-165 4.10841e-167 1.25964e-168 3.85616e-170 1.17872e-171 3.5977e-173 1.0965e-174 3.33714e-176
2.33806e-37 7.36386e-38 1.29798e-38 1.68059e-39 1.77772e-40 1.62436e-41 1.32617e-42 9.89373e-44 6.85232e-45 4.45761e-46 2.74805e-47 1.61675e-48 9.1283e-50 4.96884e-51 2.6175e-52 1.33866e-53 6.66479e-55 3.23774e-56 1.53785e-57 7.15433e-59 3.26494e-60 1.46362e-61 6.45294e-63 2.80114e-64 1.19835e-65 5.05693e-67 2.10666e-68 8.66997e-70 3.52734e-71 1.41954e-72 5.65402e-74 2.22998e-75 8.71333e-77 3.3744e-78 1.29573e-79 4.93516e-81 1.86513e-82 6.99652e-84 2.60586e-85 9.63924e-87 3.54219e-88 1.29345e-89 4.69436e-91 1.69376e-92 6.07669e-94 2.16825e-95 7.69588e-97 2.71764e-98 9.54961e-100 3.3397e-101 1.16258e-102 4.02899e-104 1.39023e-105 4.77694e-107 1.63471e-108 5.57203e-110 1.89197e-111 6.4002e-113 2.15721e-114 7.24533e-116 2.4251e-117 8.08999e-119 2.68999e-120 8.91606e-122 2.94613e-123 9.70555e-125 3.18794e-126 1.04413e-127 3.4102e-129 1.11076e-130 3.60826e-132 1.16908e-133 3.77816e-135 1.21797e-136 3.91681e-138 1.25659e-139 4.022e-141 1.2844e-142 4.0925e-144 1.30115e-145 4.12796e-147 1.30687e-148 4.12894e-150 1.30188e-151 4.09679e-153 1.2867e-154 4.03354e-156 1.26208e-157 3.9418e-159 1.22892e-160 3.82465e-162 1.18825e-163 3.68544e-165 1.14116e-166 3.52775e-168 1.0888e-169 3.35519e-171 1.03231e-172 3.17135e-174 9.72806e-176 2.97968e-177
5.98663e-39 1.96084e-39 3.57999e-40 4.78697e-41 5.21713e-42 4.90218e-43 4.10917e-44 3.14319e-45 2.22941e-46 1.4837e-47 9.34886e-49 5.61703e-50 3.23638e-51 1.79653e-52 9.6451e-54 5.02438e-55 2.54659e-56 1.25882e-57 6.08114e-59 2.87609e-60 1.33383e-61 6.07406e-63 2.71944e-64 1.19835e-65 5.2026e-67 2.22732e-68 9.41074e-70 3.92703e-71 1.61956e-72 6.6053e-74 2.6656e-75 1.06496e-76 4.21422e-78 1.65249e-79 6.4236e-81 2.4763e-82 9.47045e-84 3.59437e-85 1.35425e-86 5.06666e-88 1.88284e-89 6.95163e-91 2.55061e-92 9.30222e-94 3.37293e-95 1.21617e-96 4.36146e-98 1.55596e-99 5.52292e-101 1.95081e-102 6.8581e-104 2.39994e-105 8.36111e-107 2.90038e-108 1.00191e-109 3.44695e-111 1.18121e-112 4.03233e-114 1.3714e-115 4.64723e-117 1.56925e-118 5.28078e-120 1.77113e-121 5.92086e-123 1.97306e-124 6.55464e-126 2.17092e-127 7.16902e-129 2.36061e-130 7.7512e-132 2.53817e-133 8.28911e-135 2.69996e-136 8.7719e-138 2.84277e-139 9.19024e-141 2.96394e-142 9.53662e-144 3.06141e-145 9.80557e-147 3.13377e-148 9.99367e-150 3.18028e-151 1.00996e-152 3.20084e-154 1.01241e-155 3.19598e-157 1.00698e-158 3.16678e-160 9.94069e-162 3.11479e-163 9.7425e-165 3.04197e-166 9.48188e-168 2.95056e-169 9.16635e-171 2.84305e-172 8.80396e-174 2.72202e-175 8.40303e-177 2.59013e-178
1.53289e-40 5.21361e-41 9.84765e-42 1.35847e-42 1.52405e-43 1.47146e-44 1.26544e-45 9.91797e-47 7.1997e-48 4.89902e-49 3.15338e-50 1.93389e-51 1.13653e-52 6.43082e-54 3.51712e-55 1.8654e-56 9.62135e-58 4.8375e-59 2.37592e-60 1.14198e-61 5.38017e-63 2.48804e-64 1.13082e-65 5.05693e-67 2.22732e-68 9.67113e-70 4.14313e-71 1.75253e-72 7.32464e-74 3.02666e-75 1.23723e-76 5.00582e-78 2.00564e-79 7.96126e-81 3.13216e-82 1.22183e-83 4.7276e-85 1.81502e-86 6.91623e-88 2.6166e-89 9.83117e-91 3.66934e-92 1.36079e-93 5.01555e-95 1.83766e-96 6.6945e-98 2.4253e-99 8.73955e-101 3.13302e-102 1.11753e-103 3.9669e-105 1.40152e-106 4.92912e-108 1.72591e-109 6.01736e-111 2.08922e-112 7.22444e-114 2.48838e-115 8.53824e-117 2.9188e-118 9.94189e-120 3.37445e-121 1.14142e-122 3.848e-124 1.29303e-125 4.33114e-127 1.44627e-128 4.81483e-130 1.5982e-131 5.28965e-133 1.74583e-134 5.74618e-136 1.88621e-137 6.17529e-139 2.01655e-140 6.56851e-142 2.13431e-143 6.91833e-145 2.23728e-146 7.21835e-148 2.32366e-149 7.46356e-151 2.39208e-152 7.65038e-154 2.44165e-155 7.77671e-157 2.47194e-158 7.84196e-160 2.48298e-161 7.84692e-163 2.47524e-164 7.7937e-166 2.44958e-167 7.68555e-169 2.40717e-170 7.52665e-172 2.34948e-173 7.322e-175 2.27818e-176 7.07713e-178 2.19508e-179
3.92498e-42 1.38433e-42 2.70209e-43 3.84184e-44 4.43301e-45 4.3945e-46 3.87467e-47 3.1096e-48 2.30895e-49 1.6055e-50 1.05514e-51 6.60182e-53 3.95556e-54 2.28042e-55 1.27e-56 6.8553e-58 3.59676e-59 1.83874e-60 9.17839e-62 4.48184e-63 2.14433e-64 1.0067e-65 4.64338e-67 2.10666e-68 9.41074e-70 4.14313e-71 1.79918e-72 7.71249e-74 3.26581e-75 1.36692e-76 5.65858e-78 2.31802e-79 9.40137e-81 3.77685e-82 1.50356e-83 5.93383e-85 2.3224e-86 9.01726e-88 3.47449e-89 1.32898e-90 5.04752e-92 1.9041e-93 7.13608e-95 2.65762e-96 9.83755e-98 3.6202e-99 1.3247e-100 4.82086e-102 1.74514e-103 6.28506e-105 2.25233e-106 8.0328e-108 2.85151e-109 1.00767e-110 3.54532e-112 1.24206e-113 4.33338e-115 1.50579e-116 5.21195e-118 1.79714e-119 6.17384e-121 2.11329e-122 7.20837e-124 2.45034e-125 8.30165e-127 2.80342e-128 9.43697e-130 3.16687e-131 1.05953e-132 3.53437e-134 1.17559e-135 3.89921e-137 1.28973e-138 4.25452e-140 1.39977e-141 4.5935e-143 1.50361e-144 4.90967e-146 1.59926e-147 5.19708e-149 1.68497e-150 5.4505e-152 1.7592e-153 5.66559e-155 1.82073e-156 5.83897e-158 1.86867e-159 5.96831e-161 1.90244e-162 6.05237e-164 1.92182e-165 6.09094e-167 1.92689e-168 6.08481e-170 1.91807e-171 6.03568e-173 1.89602e-174 5.94605e-176 1.86164e-177 5.8191e-179 1.81602e-180
1.005e-43 3.67104e-44 7.39706e-45 1.083e-45 1.28426e-46 1.30621e-47 1.18002e-48 9.69145e-50 7.35657e-51 5.22455e-52 3.50402e-53 2.23573e-54 1.36512e-55 8.01528e-57 4.54367e-58 2.49518e-59 1.33123e-60 6.91723e-62 3.50809e-63 1.73974e-64 8.45053e-66 4.02631e-67 1.88416e-68 8.66997e-70 3.92703e-71 1.75253e-72 7.71249e-74 3.34956e-75 1.43667e-76 6.08949e-78 2.55225e-79 1.05833e-80 4.34404e-82 1.76583e-83 7.11175e-85 2.83891e-86 1.12367e-87 4.41154e-89 1.71851e-90 6.64439e-92 2.55052e-93 9.72278e-95 3.68172e-96 1.38521e-97 5.17947e-99 1.92509e-100 7.1138e-102 2.6141e-103 9.55416e-105 3.47366e-106 1.25654e-107 4.52306e-109 1.62038e-110 5.77819e-112 2.05124e-113 7.25018e-115 2.55177e-116 8.94426e-118 3.12254e-119 1.08588e-120 3.76188e-122 1.29845e-123 4.46563e-125 1.53045e-126 5.2272e-128 1.7794e-129 6.03758e-131 2.04209e-132 6.8856e-134 2.3147e-135 7.75824e-137 2.59285e-138 8.64103e-140 2.8718e-141 9.51856e-143 3.14659e-144 1.0375e-145 3.41221e-147 1.11946e-148 3.66376e-150 1.19623e-151 3.89664e-153 1.26641e-154 4.10666e-156 1.32877e-157 4.29021e-159 1.38226e-160 4.4443e-162 1.42605e-163 4.56668e-165 1.45954e-166 4.65586e-168 1.48239e-169 4.7111e-171 1.49448e-172 4.73242e-174 1.49593e-175 4.72054e-177 1.48708e-178 4.67682e-180 1.46844e-181
2.57331e-45 9.72349e-46 2.02057e-46 3.04371e-47 3.70653e-48 3.86535e-49 3.57556e-50 3.00351e-51 2.32951e-52 1.68889e-53 1.15541e-54 7.51449e-56 4.67389e-57 2.79382e-58 1.61147e-59 8.99983e-61 4.88091e-62 2.57697e-63 1.3274e-64 6.68351e-66 3.2949e-67 1.59278e-68 7.55999e-70 3.52734e-71 1.61956e-72 7.32464e-74 3.26581e-75 1.43667e-76 6.24014e-78 2.6779e-79 1.1361e-80 4.7677e-82 1.98013e-83 8.14286e-85 3.31706e-86 1.33907e-87 5.35911e-89 2.12705e-90 8.37536e-92 3.27271e-93 1.26946e-94 4.88941e-96 1.8704e-97 7.10819e-99 2.68431e-100 1.00751e-101 3.75923e-103 1.39466e-104 5.1456e-106 1.88834e-107 6.89407e-109 2.50432e-110 9.05292e-112 3.25714e-113 1.16652e-114 4.15922e-116 1.47657e-117 5.21995e-119 1.83782e-120 6.4448e-122 2.2513e-123 7.83461e-125 2.71646e-126 9.385e-128 3.23108e-129 1.10861e-130 3.79113e-132 1.29225e-133 4.39087e-135 1.48734e-136 5.02291e-138 1.69129e-139 5.67842e-141 1.90112e-142 6.34735e-144 2.1135e-145 7.01879e-147 2.32487e-148 7.68129e-150 2.53158e-151 8.32325e-153 2.72998e-154 8.93331e-156 2.91656e-157 9.50067e-159 3.08803e-160 1.00155e-161 3.24147e-163 1.04691e-164 3.37435e-166 1.08543e-167 3.48464e-169 1.11654e-170 3.57084e-172 1.13987e-173 3.63199e-175 1.15519e-176 3.66768e-178 1.16245e-179 3.67805e-181 1.1618e-182
6.58901e-47 2.57261e-47 5.50815e-48 8.52999e-49 1.06597e-49 1.13906e-50 1.07828e-51 9.25902e-53 7.33386e-54 5.42538e-55 3.78439e-56 2.50777e-57 1.58827e-58 9.66166e-60 5.66834e-61 3.21839e-62 1.7737e-63 9.51217e-65 4.97502e-66 2.5425e-67 1.27178e-68 6.23592e-70 3.00127e-71 1.41954e-72 6.6053e-74 3.02666e-75 1.36692e-76 6.08949e-78 2.6779e-79 1.16325e-80 4.99446e-82 2.12073e-83 8.91028e-85 3.70611e-86 1.52673e-87 6.2317e-89 2.52127e-90 1.01148e-91 4.02507e-93 1.58929e-94 6.22843e-96 2.42338e-97 9.36367e-99 3.59387e-100 1.37048e-101 5.19367e-103 1.9564e-104 7.32674e-106 2.72845e-107 1.01053e-108 3.72296e-110 1.36459e-111 4.97688e-113 1.80642e-114 6.526e-116 2.34694e-117 8.40304e-119 2.99576e-120 1.06356e-121 3.76055e-123 1.32441e-124 4.64643e-126 1.624e-127 5.65538e-129 1.9624e-130 6.78583e-132 2.33853e-133 8.03233e-135 2.75001e-136 9.38546e-138 3.19326e-139 1.08318e-140 3.66343e-142 1.23544e-143 4.15459e-145 1.39327e-146 4.65981e-148 1.55436e-149 5.17144e-151 1.7162e-152 5.68126e-154 1.87613e-155 6.18081e-157 2.03147e-158 6.66161e-160 2.17956e-161 7.11544e-163 2.31789e-164 7.53459e-166 2.44411e-167 7.91209e-169 2.55616e-170 8.2419e-172 2.6523e-173 8.51905e-175 2.73115e-176 8.73976e-178 2.79169e-179 8.90149e-181 2.83333e-182 9.00297e-184
1.68713e-48 6.79945e-49 1.49867e-49 2.38416e-50 3.05542e-51 3.34342e-52 3.23716e-53 2.84006e-54 2.29626e-55 1.73256e-56 1.23169e-57 8.31284e-59 5.35897e-60 3.31637e-61 1.97833e-62 1.14159e-63 6.39131e-65 3.48059e-66 1.84784e-67 9.58238e-69 4.86208e-70 2.41752e-71 1.17952e-72 5.65402e-74 2.6656e-75 1.23723e-76 5.65858e-78 2.55225e-79 1.1361e-80 4.99446e-82 2.16973e-83 9.32015e-85 3.96067e-86 1.66594e-87 6.93889e-89 2.86319e-90 1.17087e-91 4.74711e-93 1.9088e-94 7.61458e-96 3.0145e-97 1.18466e-98 4.62273e-100 1.7916e-101 6.898e-103 2.63904e-104 1.00346e-105 3.79294e-107 1.42547e-108 5.32748e-110 1.98037e-111 7.32321e-113 2.69437e-114 9.86456e-116 3.59439e-117 1.30364e-118 4.70692e-120 1.69204e-121 6.05668e-123 2.15902e-124 7.66525e-126 2.71074e-127 9.54958e-129 3.35165e-130 1.17207e-131 4.08416e-133 1.41823e-134 4.9082e-136 1.69302e-137 5.82104e-139 1.99512e-140 6.81711e-142 2.32232e-143 7.88794e-145 2.67149e-146 9.02234e-148 3.03868e-149 1.02065e-150 3.41917e-152 1.14245e-153 3.80762e-155 1.26586e-156 4.19818e-158 1.38898e-159 4.58474e-161 1.50985e-162 4.96102e-164 1.62648e-165 5.32085e-167 1.73695e-168 5.65829e-170 1.83946e-171 5.96783e-173 1.93233e-174 6.24455e-176 2.01413e-177 6.48421e-179 2.08364e-180 6.68341e-182 2.13991e-183 6.83959e-185
4.31991e-50 1.79536e-50 4.07032e-51 6.64708e-52 8.73034e-53 9.77733e-54 9.67728e-55 8.67032e-56 7.15251e-57 5.50185e-58 3.98471e-59 2.73804e-60 1.79602e-61 1.13031e-62 6.85374e-64 4.0182e-65 2.28465e-66 1.26305e-67 6.80472e-69 3.57969e-70 1.84196e-71 9.28496e-73 4.59138e-74 2.22998e-75 1.06496e-76 5.00582e-78 2.31802e-79 1.05833e-80 4.7677e-82 2.12073e-83 9.32015e-85 4.04928e-86 1.74013e-87 7.40042e-89 3.11602e-90 1.29957e-91 5.37074e-93 2.20021e-94 8.93804e-96 3.60174e-97 1.44015e-98 5.71554e-100 2.25205e-101 8.81214e-103 3.42511e-104 1.32269e-105 5.07602e-107 1.93626e-108 7.34281e-110 2.76886e-111 1.03838e-112 3.87345e-114 1.43747e-115 5.30794e-117 1.95047e-118 7.1335e-120 2.59699e-121 9.41239e-123 3.39659e-124 1.22053e-125 4.36786e-127 1.55685e-128 5.5275e-130 1.95504e-131 6.88924e-133 2.41887e-134 8.46291e-136 2.95072e-137 1.02535e-138 3.55129e-140 1.22604e-141 4.21945e-143 1.44768e-144 4.95204e-146 1.68896e-147 5.74384e-149 1.94789e-150 6.58759e-152 2.22186e-153 7.4741e-155 2.50769e-156 8.39242e-158 2.80168e-159 9.33017e-161 3.09971e-162 1.02738e-163 3.39738e-165 1.12092e-166 3.69011e-168 1.21216e-169 3.97329e-171 1.29966e-172 4.24242e-174 1.38203e-175 4.4932e-177 1.45796e-178 4.72171e-180 1.52627e-181 4.92445e-183 1.58595e-184 5.09848e-186
