0.150248 0.0799191 0.0425102 0.0226118 0.0120275 0.00639763 0.00340299 0.0018101 0.000962821 0.000512139 0.000272414 0.000144901 7.70751e-05 4.09974e-05 2.18071e-05 1.15995e-05 6.16997e-06 3.2819e-06 1.74569e-06 9.28558e-07 4.93914e-07 2.6272e-07 1.39745e-07 7.43323e-08 3.95385e-08 2.10311e-08 1.11868e-08 5.9504e-09 3.16511e-09 1.68357e-09 8.95515e-10 4.76338e-10 2.53371e-10 1.34772e-10 7.16872e-11 3.81315e-11 2.02827e-11 1.07887e-11 5.73865e-12 3.05248e-12 1.62366e-12 8.63648e-13 4.59387e-13 2.44355e-13 1.29976e-13 6.91361e-14 3.67745e-14 1.95609e-14 1.04047e-14 5.53444e-15 2.94385e-15 1.56588e-15 8.32914e-16 4.43039e-16 2.35659e-16 1.25351e-16 6.66759e-17 3.54659e-17 1.88648e-17 1.00345e-17 5.33749e-18 2.83909e-18 1.51016e-18 8.03274e-19 4.27274e-19 2.27273e-19 1.2089e-19 6.43032e-20 3.42038e-20 1.81935e-20 9.67741e-21 5.14756e-21 2.73806e-21 1.45642e-21 7.74689e-22 4.12069e-22 2.19186e-22 1.16588e-22 6.20149e-23 3.29867e-23 1.75461e-23 9.33303e-24 4.96438e-24 2.64063e-24 1.40459e-24 7.47121e-25 3.97405e-25 2.11386e-25 1.12439e-25 5.98081e-26 3.18128e-26 1.69217e-26 9.00091e-27 4.78772e-27 2.54666e-27 1.35461e-27 7.20535e-28 3.83263e-28 2.03863e-28 1.08438e-28 5.76798e-29
0.0799191 0.0528556 0.0336176 0.0208088 0.0126254 0.00754382 0.00445319 0.00260303 0.00150923 0.000869076 0.000497538 0.000283405 0.000160725 9.0799e-05 5.11202e-05 2.86932e-05 1.6061e-05 8.96793e-06 4.99615e-06 2.77773e-06 1.54145e-06 8.5393e-07 4.72308e-07 2.6085e-07 1.43868e-07 7.92481e-08 4.36014e-08 2.39625e-08 1.31557e-08 7.21566e-09 3.95404e-09 2.16487e-09 1.18433e-09 6.47407e-10 3.53646e-10 1.93045e-10 1.05309e-10 5.74122e-11 3.12812e-11 1.70341e-11 9.27087e-12 5.04311e-12 2.74197e-12 1.49013e-12 8.09447e-13 4.39506e-13 2.3854e-13 1.29415e-13 7.01848e-14 3.80488e-14 2.06198e-14 1.11707e-14 6.04967e-15 3.27526e-15 1.77267e-15 9.59134e-16 5.18809e-16 2.80553e-16 1.51672e-16 8.19757e-17 4.4295e-17 2.39287e-17 1.29235e-17 6.9782e-18 3.76712e-18 2.03321e-18 1.09714e-18 5.9191e-19 3.19273e-19 1.72181e-19 9.28386e-20 5.00486e-20 2.6976e-20 1.45375e-20 7.83298e-21 4.21982e-21 2.27296e-21 1.22411e-21 6.59152e-22 3.54883e-22 1.91039e-22 1.02825e-22 5.53365e-23 2.97761e-23 1.60202e-23 8.6181e-24 4.63554e-24 2.49308e-24 1.34066e-24 7.20859e-25 3.87554e-25 2.08336e-25 1.11982e-25 6.01847e-26 3.23428e-26 1.7379e-26 9.33741e-27 5.01632e-27 2.69465e-27 1.44736e-27 7.77339e-28
0.0425102 0.0336176 0.0244482 0.0168761 0.0112376 0.00728729 0.00462997 0.00289401 0.0017849 0.0010886 0.000657639 0.000394044 0.000234419 0.000138581 8.14667e-05 4.7652e-05 2.77473e-05 1.60911e-05 9.29678e-06 5.35305e-06 3.07264e-06 1.75861e-06 1.00385e-06 5.71603e-07 3.24727e-07 1.84082e-07 1.04143e-07 5.8807e-08 3.31482e-08 1.86538e-08 1.04807e-08 5.87991e-09 3.29412e-09 1.84302e-09 1.02984e-09 5.74766e-10 3.20415e-10 1.78428e-10 9.92566e-11 5.51602e-11 3.06252e-11 1.69878e-11 9.41495e-12 5.21358e-12 2.88473e-12 1.59493e-12 8.81161e-13 4.86475e-13 2.6839e-13 1.47975e-13 8.15325e-14 4.48959e-14 2.47073e-14 1.35893e-14 7.47008e-15 4.10414e-15 2.25368e-15 1.23693e-15 6.7856e-16 3.7207e-16 2.03922e-16 1.11715e-16 6.11742e-17 3.34847e-17 1.83209e-17 1.00202e-17 5.47821e-18 2.99391e-18 1.63562e-18 8.93247e-19 4.87653e-19 2.66137e-19 1.45197e-19 7.91901e-20 4.31767e-20 2.35341e-20 1.28238e-20 6.98569e-21 3.80435e-21 2.07125e-21 1.12737e-21 6.13463e-22 3.33732e-22 1.81509e-22 9.86943e-23 5.36515e-23 2.91588e-23 1.58437e-23 8.60692e-24 4.67458e-24 2.53831e-24 1.37801e-24 7.4795e-25 4.05886e-25 2.20216e-25 1.19457e-25 6.4787e-26 3.51305e-26 1.90459e-26 1.03238e-26 5.59501e-27
0.0226118 0.0208088 0.0168761 0.0127194 0.00913032 0.00632706 0.00426816 0.00281849 0.00182907 0.00116984 0.000739021 0.000461908 0.000286031 0.000175673 0.00010711 6.48798e-05 3.90685e-05 2.34001e-05 1.39472e-05 8.27587e-06 4.89047e-06 2.87896e-06 1.68885e-06 9.87465e-07 5.75607e-07 3.34573e-07 1.93952e-07 1.12151e-07 6.46978e-08 3.72397e-08 2.13898e-08 1.22615e-08 7.0155e-09 4.00678e-09 2.28451e-09 1.30042e-09 7.39104e-10 4.19455e-10 2.37713e-10 1.34535e-10 7.60426e-11 4.29281e-11 2.42053e-11 1.36328e-11 7.66983e-12 4.3105e-12 2.42009e-12 1.35741e-12 7.60642e-13 4.2585e-13 2.38206e-13 1.33132e-13 7.43459e-14 4.14847e-14 2.31306e-14 1.28874e-14 7.17516e-15 3.99206e-15 2.21957e-15 1.23327e-15 6.84811e-16 3.80029e-16 2.10767e-16 1.16825e-16 6.47178e-17 3.58321e-17 1.98285e-17 1.09668e-17 6.06249e-18 3.34971e-18 1.84993e-18 1.02117e-18 5.63434e-19 3.10738e-19 1.713e-19 9.43918e-20 5.19914e-20 2.86255e-20 1.57545e-20 8.66733e-21 4.76654e-21 2.62036e-21 1.44e-21 7.91058e-22 4.34416e-22 2.38482e-22 1.30876e-22 7.18004e-23 3.93781e-23 2.15897e-23 1.18333e-23 6.48391e-24 3.55174e-24 1.945e-24 1.06482e-24 5.8279e-25 3.18883e-25 1.74436e-25 9.5395e-26 5.21561e-26 2.85086e-26
0.0120275 0.0126254 0.0112376 0.00913032 0.00699016 0.00512903 0.00364402 0.00252379 0.00171197 0.00114132 0.000749743 0.000486288 0.000311923 0.000198127 0.000124752 7.79383e-05 4.83484e-05 2.98004e-05 1.82606e-05 1.11293e-05 6.7495e-06 4.07458e-06 2.44933e-06 1.46654e-06 8.74853e-07 5.20087e-07 3.08183e-07 1.82062e-07 1.07246e-07 6.30037e-08 3.6918e-08 2.15802e-08 1.25856e-08 7.32386e-09 4.25307e-09 2.46492e-09 1.42588e-09 8.23335e-10 4.74591e-10 2.73114e-10 1.56921e-10 9.00236e-11 5.15701e-11 2.95006e-11 1.6853e-11 9.61525e-12 5.47899e-12 3.1183e-12 1.77267e-12 1.00659e-12 5.70961e-13 3.23523e-13 1.83132e-13 1.03561e-13 5.85083e-14 3.30247e-14 1.8624e-14 1.04938e-14 5.9078e-15 3.32328e-15 1.86795e-15 1.04913e-15 5.88802e-16 3.30213e-16 1.8506e-16 1.03641e-16 5.80045e-17 3.2442e-17 1.81334e-17 1.01293e-17 5.65485e-18 3.15505e-18 1.75931e-18 9.80468e-19 5.4612e-19 3.04027e-19 1.69164e-19 9.4077e-20 5.22929e-20 2.9053e-20 1.61336e-20 8.95511e-21 4.96835e-21 2.75525e-21 1.52728e-21 8.46237e-22 4.68687e-22 2.59476e-22 1.43594e-22 7.94337e-23 4.39244e-23 2.42797e-23 1.34159e-23 7.41034e-24 4.09168e-24 2.25847e-24 1.24617e-24 6.87375e-25 3.79024e-25 2.08929e-25 1.15131e-25
0.00639763 0.00754382 0.00728729 0.00632706 0.00512903 0.00395997 0.00294667 0.00212971 0.00150316 0.00104014 0.000707737 0.000474616 0.000314269 0.000205775 0.000133398 8.57062e-05 5.46208e-05 3.45546e-05 2.17136e-05 1.35604e-05 8.42062e-06 5.20146e-06 3.1973e-06 1.95642e-06 1.19204e-06 7.2342e-07 4.37386e-07 2.63518e-07 1.5824e-07 9.47237e-08 5.65345e-08 3.3647e-08 1.9972e-08 1.18248e-08 6.98417e-09 4.11563e-09 2.41992e-09 1.41989e-09 8.31444e-10 4.85932e-10 2.83475e-10 1.65076e-10 9.59654e-11 5.56972e-11 3.22751e-11 1.86743e-11 1.07891e-11 6.2246e-12 3.58631e-12 2.06354e-12 1.18584e-12 6.80625e-13 3.90186e-13 2.23427e-13 1.27795e-13 7.30173e-14 4.16755e-14 2.37626e-14 1.35357e-14 7.7028e-15 4.37938e-15 2.48762e-15 1.4118e-15 8.00553e-16 4.53571e-16 2.56772e-16 1.45247e-16 8.20981e-17 4.63695e-17 2.61706e-17 1.476e-17 8.31869e-18 4.68521e-18 2.63703e-18 1.48327e-18 8.33777e-19 4.68394e-19 2.62972e-19 1.47555e-19 8.27454e-20 4.63757e-20 2.59774e-20 1.45434e-20 8.13781e-21 4.55117e-21 2.544e-21 1.42133e-21 7.93712e-22 4.43019e-22 2.4716e-22 1.37827e-22 7.68239e-23 4.28021e-23 2.38367e-23 1.32691e-23 7.38343e-24 4.10672e-24 2.28328e-24 1.26897e-24 7.04974e-25 3.91499e-25
0.00340299 0.00445319 0.00462997 0.00426816 0.00364402 0.00294667 0.00228701 0.00171851 0.00125773 0.00090048 0.000632763 0.000437521 0.000298283 0.000200838 0.000133733 8.81656e-05 5.76024e-05 3.73266e-05 2.4007e-05 1.53343e-05 9.7326e-06 6.14098e-06 3.85365e-06 2.40599e-06 1.49502e-06 9.24833e-07 5.69717e-07 3.49575e-07 2.13701e-07 1.3018e-07 7.90381e-08 4.78361e-08 2.88651e-08 1.7368e-08 1.04218e-08 6.23754e-09 3.72397e-09 2.21804e-09 1.3181e-09 7.81599e-10 4.62502e-10 2.73132e-10 1.60989e-10 9.47148e-11 5.56243e-11 3.26111e-11 1.90875e-11 1.11542e-11 6.50813e-12 3.79165e-12 2.20585e-12 1.28149e-12 7.43485e-13 4.30785e-13 2.49286e-13 1.4408e-13 8.31748e-14 4.79598e-14 2.76233e-14 1.58928e-14 9.13408e-15 5.24423e-15 3.0079e-15 1.72354e-15 9.86655e-16 5.64298e-16 3.22448e-16 1.8409e-16 1.0501e-16 5.985e-17 3.40836e-17 1.93946e-17 1.10276e-17 6.26541e-18 3.55711e-18 2.01804e-18 1.14408e-18 6.4816e-19 3.66956e-19 2.07615e-19 1.17387e-19 6.63298e-20 3.74565e-20 2.11389e-20 1.19228e-20 6.7208e-21 3.78631e-21 2.1319e-21 1.19972e-21 6.74779e-22 3.79326e-22 2.13127e-22 1.19686e-22 6.7179e-23 3.76887e-23 2.11339e-23 1.18452e-23 6.63601e-24 3.71597e-24 2.07991e-24 1.16366e-24
0.0018101 0.00260303 0.00289401 0.00281849 0.00252379 0.00212971 0.00171851 0.0013386 0.00101313 0.000748627 0.000542009 0.000385566 0.000270086 0.000186636 0.000127414 8.60408e-05 5.75317e-05 3.81251e-05 2.50582e-05 1.6346e-05 1.05889e-05 6.81533e-06 4.36034e-06 2.77413e-06 1.75576e-06 1.1058e-06 6.93244e-07 4.32727e-07 2.69009e-07 1.66586e-07 1.02782e-07 6.31959e-08 3.8728e-08 2.36589e-08 1.441e-08 8.75163e-09 5.30064e-09 3.20208e-09 1.92952e-09 1.15991e-09 6.95661e-10 4.16304e-10 2.486e-10 1.4815e-10 8.81141e-11 5.23077e-11 3.09948e-11 1.83335e-11 1.08258e-11 6.38197e-12 3.75628e-12 2.20745e-12 1.2953e-12 7.58969e-13 4.44085e-13 2.59487e-13 1.51423e-13 8.82486e-14 5.13669e-14 2.98629e-14 1.73408e-14 1.00579e-14 5.82722e-15 3.37243e-15 1.94969e-15 1.12601e-15 6.49652e-16 3.74451e-16 2.15623e-16 1.24048e-16 7.12999e-17 4.09452e-17 2.34932e-17 1.34683e-17 7.71477e-18 4.41553e-18 2.52522e-18 1.44305e-18 8.24011e-19 4.7018e-19 2.6809e-19 1.52753e-19 8.69755e-20 4.9489e-20 2.81405e-20 1.59908e-20 9.08099e-21 5.15374e-21 2.92311e-21 1.65694e-21 9.38663e-22 5.31449e-22 3.00723e-22 1.7007e-22 9.61286e-23 5.43054e-23 3.06622e-23 1.73037e-23 9.76004e-24 5.50234e-24 3.10048e-24
0.000962821 0.00150923 0.0017849 0.00182907 0.00171197 0.00150316 0.00125773 0.00101313 0.000791237 0.000602187 0.000448351 0.000327541 0.000235346 0.000166639 0.000116457 8.04349e-05 5.49671e-05 3.72009e-05 2.49548e-05 1.66041e-05 1.0965e-05 7.1908e-06 4.68521e-06 3.03429e-06 1.95402e-06 1.25169e-06 7.97813e-07 5.06135e-07 3.19673e-07 2.0106e-07 1.25956e-07 7.86092e-08 4.88845e-08 3.02961e-08 1.8715e-08 1.15251e-08 7.07631e-09 4.33248e-09 2.64536e-09 1.61101e-09 9.78642e-10 5.93067e-10 3.58574e-10 2.16314e-10 1.30214e-10 7.82229e-11 4.68966e-11 2.80616e-11 1.676e-11 9.99199e-12 5.94667e-12 3.53316e-12 2.09577e-12 1.24118e-12 7.3394e-13 4.3335e-13 2.55499e-13 1.50428e-13 8.84457e-14 5.19336e-14 3.04551e-14 1.78372e-14 1.04343e-14 6.09652e-15 3.55794e-15 2.07408e-15 1.20774e-15 7.02514e-16 4.08209e-16 2.36955e-16 1.3741e-16 7.96059e-17 4.60745e-17 2.66423e-17 1.53918e-17 8.88425e-18 5.1236e-18 2.9523e-18 1.69975e-18 9.77818e-19 5.62062e-19 3.22828e-19 1.8528e-19 1.06258e-19 6.08938e-20 3.48718e-20 1.99559e-20 1.14121e-20 6.52184e-21 3.72464e-21 2.12577e-21 1.21247e-21 6.91116e-22 3.937e-22 2.24139e-22 1.2753e-22 7.2519e-23 4.12139e-23 2.34095e-23 1.32892e-23 7.54e-24
0.000512139 0.000869076 0.0010886 0.00116984 0.00114132 0.00104014 0.00090048 0.000748627 0.000602187 0.000471239 0.000360229 0.000269853 0.000198603 0.000143896 0.000102812 7.25407e-05 5.0604e-05 3.49375e-05 2.38937e-05 1.61991e-05 1.08945e-05 7.27245e-06 4.82107e-06 3.17538e-06 2.07883e-06 1.35324e-06 8.76219e-07 5.64501e-07 3.61953e-07 2.3104e-07 1.46849e-07 9.29603e-08 5.86209e-08 3.68312e-08 2.30601e-08 1.43899e-08 8.95095e-09 5.55077e-09 3.43216e-09 2.11622e-09 1.30132e-09 7.98149e-10 4.88316e-10 2.98041e-10 1.81487e-10 1.10268e-10 6.68522e-11 4.04466e-11 2.44216e-11 1.47172e-11 8.85235e-12 5.31499e-12 3.18552e-12 1.90597e-12 1.1385e-12 6.7897e-13 4.04287e-13 2.40365e-13 1.42696e-13 8.45921e-14 5.00775e-14 2.96051e-14 1.7479e-14 1.03064e-14 6.06953e-15 3.57003e-15 2.09735e-15 1.23074e-15 7.21389e-16 4.22369e-16 2.47028e-16 1.44325e-16 8.42345e-17 4.91135e-17 2.86078e-17 1.66475e-17 9.67847e-18 5.62165e-18 3.26234e-18 1.89152e-18 1.09577e-18 6.34249e-19 3.66809e-19 2.11967e-19 1.22391e-19 7.06146e-20 4.07105e-20 2.34527e-20 1.35008e-20 7.7663e-21 4.46438e-21 2.56452e-21 1.47216e-21 8.44525e-22 4.84156e-22 2.77382e-22 1.58816e-22 9.08742e-23 5.19662e-23 2.96989e-23 1.6963e-23
0.000272414 0.000497538 0.000657639 0.000739021 0.000749743 0.000707737 0.000632763 0.000542009 0.000448351 0.000360229 0.00028234 0.000216603 0.000163085 0.000120771 8.8122e-05 6.34493e-05 4.51373e-05 3.17598e-05 2.21236e-05 1.52693e-05 1.0449e-05 7.09406e-06 4.78096e-06 3.20001e-06 2.12812e-06 1.40676e-06 9.2465e-07 6.04522e-07 3.93236e-07 2.54575e-07 1.64063e-07 1.05277e-07 6.72793e-08 4.28285e-08 2.71624e-08 1.71656e-08 1.08112e-08 6.787e-09 4.24742e-09 2.65017e-09 1.64882e-09 1.023e-09 6.33024e-10 3.90709e-10 2.40556e-10 1.47756e-10 9.05475e-11 5.53661e-11 3.37816e-11 2.05691e-11 1.24991e-11 7.58048e-12 4.58878e-12 2.7727e-12 1.6724e-12 1.007e-12 6.05333e-13 3.63291e-13 2.17685e-13 1.30238e-13 7.7803e-14 4.64115e-14 2.76465e-14 1.64459e-14 9.7699e-15 5.79636e-15 3.43452e-15 2.03252e-15 1.20137e-15 7.0926e-16 4.18244e-16 2.46356e-16 1.44949e-16 8.5192e-17 5.00177e-17 2.93359e-17 1.71885e-17 1.00611e-17 5.88347e-18 3.43724e-18 2.00624e-18 1.16994e-18 6.8164e-19 3.96797e-19 2.30787e-19 1.34119e-19 7.78772e-20 4.51837e-20 2.61945e-20 1.5174e-20 8.78336e-21 5.08038e-21 2.93639e-21 1.69597e-21 9.78846e-22 5.64559e-22 3.25393e-22 1.8742e-22 1.07879e-22 6.20548e-23 3.56729e-23
0.000144901 0.000283405 0.000394044 0.000461908 0.000486288 0.000474616 0.000437521 0.000385566 0.000327541 0.000269853 0.000216603 0.000169986 0.000130795 9.88991e-05 7.3625e-05 5.40469e-05 3.91744e-05 2.80681e-05 1.98986e-05 1.39702e-05 9.72013e-06 6.70681e-06 4.59184e-06 3.12111e-06 2.10709e-06 1.41348e-06 9.42533e-07 6.24955e-07 4.12176e-07 2.70472e-07 1.76637e-07 1.14832e-07 7.43302e-08 4.79155e-08 3.07664e-08 1.96809e-08 1.25444e-08 7.96824e-09 5.04475e-09 3.18376e-09 2.00318e-09 1.25669e-09 7.86168e-10 4.90482e-10 3.05208e-10 1.89441e-10 1.17299e-10 7.24587e-11 4.46582e-11 2.74635e-11 1.68533e-11 1.03209e-11 6.30787e-12 3.84774e-12 2.34267e-12 1.42372e-12 8.63706e-13 5.23069e-13 3.16246e-13 1.9089e-13 1.15041e-13 6.92229e-14 4.15906e-14 2.4952e-14 1.49484e-14 8.94292e-15 5.34288e-15 3.18783e-15 1.89957e-15 1.13049e-15 6.71956e-16 3.98927e-16 2.36556e-16 1.40112e-16 8.28953e-17 4.89898e-17 2.89211e-17 1.70555e-17 1.00477e-17 5.91334e-18 3.47671e-18 2.04213e-18 1.19835e-18 7.02561e-19 4.11516e-19 2.40825e-19 1.40811e-19 8.22614e-20 4.80165e-20 2.80043e-20 1.63195e-20 9.50259e-21 5.52888e-21 3.21439e-21 1.86738e-21 1.08403e-21 6.28835e-22 3.64519e-22 2.11153e-22 1.22229e-22 7.07057e-23
7.70751e-05 0.000160725 0.000234419 0.000286031 0.000311923 0.000314269 0.000298283 0.000270086 0.000235346 0.000198603 0.000163085 0.000130795 0.000102754 7.92619e-05 6.01507e-05 4.49819e-05 3.31938e-05 2.41997e-05 1.74478e-05 1.24519e-05 8.8029e-06 6.16899e-06 4.28807e-06 2.95804e-06 2.02606e-06 1.37846e-06 9.31977e-07 6.2638e-07 4.18634e-07 2.78308e-07 1.8409e-07 1.21187e-07 7.94156e-08 5.18169e-08 3.36696e-08 2.17916e-08 1.40506e-08 9.02666e-09 5.77897e-09 3.68744e-09 2.34536e-09 1.48715e-09 9.4018e-10 5.9269e-10 3.72604e-10 2.33622e-10 1.46105e-10 9.11461e-11 5.67245e-11 3.52205e-11 2.18195e-11 1.34881e-11 8.32028e-12 5.12197e-12 3.14684e-12 1.92963e-12 1.18103e-12 7.21537e-13 4.40035e-13 2.67897e-13 1.62825e-13 9.88021e-14 5.98579e-14 3.6208e-14 2.18692e-14 1.31893e-14 7.94306e-15 4.7769e-15 2.86887e-15 1.72066e-15 1.03066e-15 6.16566e-16 3.68387e-16 2.19837e-16 1.31033e-16 7.80107e-17 4.6391e-17 2.75568e-17 1.63512e-17 9.69184e-18 5.73863e-18 3.39442e-18 2.00579e-18 1.18407e-18 6.98314e-19 4.11446e-19 2.42198e-19 1.4244e-19 8.36965e-20 4.91361e-20 2.88217e-20 1.68916e-20 9.89151e-21 5.78761e-21 3.38367e-21 1.97668e-21 1.15384e-21 6.7302e-22 3.92269e-22 2.28466e-22 1.32967e-22
4.09974e-05 9.0799e-05 0.000138581 0.000175673 0.000198127 0.000205775 0.000200838 0.000186636 0.000166639 0.000143896 0.000120771 9.88991e-05 7.92619e-05 6.23238e-05 4.81778e-05 3.66761e-05 2.75352e-05 2.04125e-05 1.49579e-05 1.08445e-05 7.78506e-06 5.53786e-06 3.90591e-06 2.73306e-06 1.89819e-06 1.30917e-06 8.97001e-07 6.10794e-07 4.13474e-07 2.78349e-07 1.86399e-07 1.242e-07 8.23627e-08 5.4371e-08 3.57373e-08 2.33925e-08 1.52515e-08 9.90598e-09 6.41065e-09 4.13418e-09 2.65716e-09 1.70233e-09 1.08723e-09 6.92301e-10 4.39557e-10 2.78307e-10 1.75738e-10 1.10682e-10 6.95336e-11 4.35768e-11 2.72454e-11 1.69956e-11 1.05784e-11 6.57009e-12 4.07208e-12 2.51873e-12 1.55487e-12 9.58022e-13 5.89182e-13 3.61691e-13 2.21647e-13 1.35595e-13 8.28128e-14 5.04947e-14 3.07401e-14 1.8685e-14 1.13403e-14 6.87256e-15 4.15898e-15 2.51331e-15 1.51673e-15 9.14093e-16 5.50177e-16 3.30719e-16 1.9855e-16 1.19056e-16 7.13032e-17 4.26538e-17 2.54864e-17 1.52114e-17 9.06882e-18 5.40087e-18 3.21304e-18 1.9095e-18 1.13365e-18 6.72366e-19 3.98389e-19 2.35826e-19 1.39465e-19 8.24024e-20 4.86428e-20 2.86887e-20 1.69052e-20 9.95312e-21 5.85504e-21 3.44144e-21 2.02114e-21 1.18605e-21 6.95453e-22 4.0747e-22 2.38557e-22
2.18071e-05 5.11202e-05 8.14667e-05 0.00010711 0.000124752 0.000133398 0.000133733 0.000127414 0.000116457 0.000102812 8.8122e-05 7.3625e-05 6.01507e-05 4.81778e-05 3.79109e-05 2.93601e-05 2.2412e-05 1.68843e-05 1.25675e-05 9.251e-06 6.74018e-06 4.86426e-06 3.47946e-06 2.46836e-06 1.73755e-06 1.21423e-06 8.42733e-07 5.81125e-07 3.98285e-07 2.71396e-07 1.83919e-07 1.2399e-07 8.31734e-08 5.55299e-08 3.69068e-08 2.44235e-08 1.60959e-08 1.05658e-08 6.90937e-09 4.50185e-09 2.92295e-09 1.89142e-09 1.21995e-09 7.84406e-10 5.02838e-10 3.21404e-10 2.04858e-10 1.30219e-10 8.25566e-11 5.22067e-11 3.29329e-11 2.07251e-11 1.30124e-11 8.15163e-12 5.09546e-12 3.17836e-12 1.97847e-12 1.2291e-12 7.62081e-13 4.71621e-13 2.9133e-13 1.79638e-13 1.10573e-13 6.79462e-14 4.16829e-14 2.55298e-14 1.56117e-14 9.53203e-15 5.81119e-15 3.53758e-15 2.15042e-15 1.30536e-15 7.91302e-16 4.79039e-16 2.8962e-16 1.74876e-16 1.05459e-16 6.3519e-17 3.82121e-17 2.29607e-17 1.37805e-17 8.26145e-18 4.94725e-18 2.95936e-18 1.76835e-18 1.05557e-18 6.29442e-19 3.74963e-19 2.23147e-19 1.3267e-19 7.88024e-20 4.67627e-20 2.77243e-20 1.64222e-20 9.71884e-21 5.74671e-21 3.3951e-21 2.0041e-21 1.18203e-21 6.96596e-22 4.10192e-22
1.15995e-05 2.86932e-05 4.7652e-05 6.48798e-05 7.79383e-05 8.57062e-05 8.81656e-05 8.60408e-05 8.04349e-05 7.25407e-05 6.34493e-05 5.40469e-05 4.49819e-05 3.66761e-05 2.93601e-05 2.31183e-05 1.79329e-05 1.37219e-05 1.03691e-05 7.74583e-06 5.72489e-06 4.18961e-06 3.03796e-06 2.18402e-06 1.55752e-06 1.10237e-06 7.74687e-07 5.40766e-07 3.75089e-07 2.58611e-07 1.77289e-07 1.20881e-07 8.19964e-08 5.53467e-08 3.71833e-08 2.48687e-08 1.65611e-08 1.09834e-08 7.25555e-09 4.7748e-09 3.1308e-09 2.04565e-09 1.33212e-09 8.64644e-10 5.5946e-10 3.60898e-10 2.32129e-10 1.48882e-10 9.5229e-11 6.07497e-11 3.86549e-11 2.45349e-11 1.55352e-11 9.81371e-12 6.18533e-12 3.88986e-12 2.44104e-12 1.52866e-12 9.55354e-13 5.95884e-13 3.70959e-13 2.30503e-13 1.42967e-13 8.85168e-14 5.47094e-14 3.37571e-14 2.07946e-14 1.27891e-14 7.85317e-15 4.81486e-15 2.94762e-15 1.80187e-15 1.0999e-15 6.70459e-16 4.08129e-16 2.48108e-16 1.5063e-16 9.13329e-17 5.53089e-17 3.34524e-17 2.02085e-17 1.21935e-17 7.34883e-18 4.42398e-18 2.66026e-18 1.59794e-18 9.58804e-19 5.74701e-19 3.44116e-19 2.05839e-19 1.23003e-19 7.34312e-20 4.37953e-20 2.60954e-20 1.55345e-20 9.23921e-21 5.49013e-21 3.25948e-21 1.93347e-21 1.14593e-21 6.78597e-22
6.16997e-06 1.6061e-05 2.77473e-05 3.90685e-05 4.83484e-05 5.46208e-05 5.76024e-05 5.75317e-05 5.49671e-05 5.0604e-05 4.51373e-05 3.91744e-05 3.31938e-05 2.75352e-05 2.2412e-05 1.79329e-05 1.41284e-05 1.0975e-05 8.4157e-06 6.37676e-06 4.77884e-06 3.54488e-06 2.60461e-06 1.89678e-06 1.36985e-06 9.81576e-07 6.9819e-07 4.93176e-07 3.46077e-07 2.41345e-07 1.67315e-07 1.15342e-07 7.90893e-08 5.39549e-08 3.66293e-08 2.47516e-08 1.6651e-08 1.11538e-08 7.4409e-09 4.94446e-09 3.27317e-09 2.15893e-09 1.41901e-09 9.29533e-10 6.06917e-10 3.95027e-10 2.56333e-10 1.65847e-10 1.06998e-10 6.88409e-11 4.41735e-11 2.82719e-11 1.80493e-11 1.1495e-11 7.30353e-12 4.62979e-12 2.92835e-12 1.84817e-12 1.16399e-12 7.31582e-13 4.58892e-13 2.87286e-13 1.79512e-13 1.11963e-13 6.97059e-14 4.33214e-14 2.68776e-14 1.66477e-14 1.02945e-14 6.3557e-15 3.91782e-15 2.41137e-15 1.48195e-15 9.09438e-16 5.57303e-16 3.41039e-16 2.08412e-16 1.27192e-16 7.75226e-17 4.71889e-17 2.86883e-17 1.74194e-17 1.05642e-17 6.39924e-18 3.87181e-18 2.33994e-18 1.41257e-18 8.51799e-19 5.13094e-19 3.08744e-19 1.85587e-19 1.11443e-19 6.68538e-20 4.00655e-20 2.3988e-20 1.43485e-20 8.57454e-21 5.11938e-21 3.05373e-21 1.81995e-21 1.0837e-21
3.2819e-06 8.96793e-06 1.60911e-05 2.34001e-05 2.98004e-05 3.45546e-05 3.73266e-05 3.81251e-05 3.72009e-05 3.49375e-05 3.17598e-05 2.80681e-05 2.41997e-05 2.04125e-05 1.68843e-05 1.37219e-05 1.0975e-05 8.65091e-06 6.72849e-06 5.16926e-06 3.92642e-06 2.95105e-06 2.19626e-06 1.61956e-06 1.18405e-06 8.58676e-07 6.17987e-07 4.41577e-07 3.13387e-07 2.20983e-07 1.54875e-07 1.07914e-07 7.47777e-08 5.15435e-08 3.53499e-08 2.41273e-08 1.63919e-08 1.10873e-08 7.46767e-09 5.00926e-09 3.34705e-09 2.228e-09 1.47772e-09 9.76676e-10 6.43344e-10 4.22398e-10 2.76461e-10 1.80395e-10 1.17364e-10 7.61395e-11 4.92589e-11 3.17832e-11 2.04543e-11 1.31303e-11 8.40826e-12 5.37161e-12 3.42374e-12 2.17731e-12 1.38163e-12 8.74868e-13 5.52831e-13 3.48632e-13 2.19427e-13 1.37841e-13 8.64287e-14 5.40935e-14 3.37956e-14 2.10776e-14 1.31234e-14 8.15741e-15 5.06238e-15 3.13668e-15 1.9405e-15 1.19867e-15 7.39339e-16 4.55363e-16 2.80063e-16 1.72009e-16 1.055e-16 6.46218e-17 3.95309e-17 2.41512e-17 1.47366e-17 8.98088e-18 5.4666e-18 3.32355e-18 2.01828e-18 1.22424e-18 7.41763e-19 4.48938e-19 2.71418e-19 1.6392e-19 9.88943e-20 5.96029e-20 3.58861e-20 2.15852e-20 1.29707e-20 7.78679e-21 4.67029e-21 2.79852e-21 1.6754e-21
1.74569e-06 4.99615e-06 9.29678e-06 1.39472e-05 1.82606e-05 2.17136e-05 2.4007e-05 2.50582e-05 2.49548e-05 2.38937e-05 2.21236e-05 1.98986e-05 1.74478e-05 1.49579e-05 1.25675e-05 1.03691e-05 8.4157e-06 6.72849e-06 5.306e-06 4.13153e-06 3.17952e-06 2.42038e-06 1.82391e-06 1.36146e-06 1.00728e-06 7.39053e-07 5.38007e-07 3.88758e-07 2.7895e-07 1.98832e-07 1.40834e-07 9.91578e-08 6.94169e-08 4.83324e-08 3.34775e-08 2.30733e-08 1.5827e-08 1.0807e-08 7.34701e-09 4.97383e-09 3.35363e-09 2.25242e-09 1.50715e-09 1.00484e-09 6.67609e-10 4.42065e-10 2.91769e-10 1.91967e-10 1.25919e-10 8.2353e-11 5.37066e-11 3.49281e-11 2.26546e-11 1.46557e-11 9.45717e-12 6.08763e-12 3.9093e-12 2.50461e-12 1.60104e-12 1.02119e-12 6.49958e-13 4.12816e-13 2.61665e-13 1.65529e-13 1.04511e-13 6.58618e-14 4.14291e-14 2.60134e-14 1.63052e-14 1.02026e-14 6.37334e-15 3.97478e-15 2.47493e-15 1.53863e-15 9.55075e-16 5.91957e-16 3.66357e-16 2.2641e-16 1.39725e-16 8.61097e-17 5.2996e-17 3.25731e-17 1.99945e-17 1.22577e-17 7.50519e-18 4.58969e-18 2.80338e-18 1.71028e-18 1.0422e-18 6.34362e-19 3.8569e-19 2.34241e-19 1.42108e-19 8.61221e-20 5.21383e-20 3.15322e-20 1.90509e-20 1.14986e-20 6.9335e-21 4.1768e-21 2.51377e-21
9.28558e-07 2.77773e-06 5.35305e-06 8.27587e-06 1.11293e-05 1.35604e-05 1.53343e-05 1.6346e-05 1.66041e-05 1.61991e-05 1.52693e-05 1.39702e-05 1.24519e-05 1.08445e-05 9.251e-06 7.74583e-06 6.37676e-06 5.16926e-06 4.13153e-06 3.25935e-06 2.54046e-06 1.95808e-06 1.49355e-06 1.12816e-06 8.44418e-07 6.26635e-07 4.61275e-07 3.3697e-07 2.44393e-07 1.76041e-07 1.25985e-07 8.96074e-08 6.33599e-08 4.45502e-08 3.11572e-08 2.16792e-08 1.50106e-08 1.03446e-08 7.09688e-09 4.84776e-09 3.29765e-09 2.23423e-09 1.50791e-09 1.01392e-09 6.79316e-10 4.53559e-10 3.01815e-10 2.00188e-10 1.32366e-10 8.72556e-11 5.73499e-11 3.75867e-11 2.45659e-11 1.60127e-11 1.04104e-11 6.75096e-12 4.36712e-12 2.81828e-12 1.81452e-12 1.16561e-12 7.47114e-13 4.77843e-13 3.04981e-13 1.94254e-13 1.23482e-13 7.83412e-14 4.9608e-14 3.13551e-14 1.97823e-14 1.24589e-14 7.83298e-15 4.91633e-15 3.08061e-15 1.92721e-15 1.20375e-15 7.50701e-16 4.67455e-16 2.90648e-16 1.80453e-16 1.11876e-16 6.9264e-17 4.28234e-17 2.64406e-17 1.63038e-17 1.00403e-17 6.1752e-18 3.79329e-18 2.32729e-18 1.42615e-18 8.72904e-19 5.33663e-19 3.25892e-19 1.9879e-19 1.21127e-19 7.37256e-20 4.48265e-20 2.7227e-20 1.65204e-20 1.00139e-20 6.06392e-21 3.66844e-21
4.93914e-07 1.54145e-06 3.07264e-06 4.89047e-06 6.7495e-06 8.42062e-06 9.7326e-06 1.05889e-05 1.0965e-05 1.08945e-05 1.0449e-05 9.72013e-06 8.8029e-06 7.78506e-06 6.74018e-06 5.72489e-06 4.77884e-06 3.92642e-06 3.17952e-06 2.54046e-06 2.00486e-06 1.5641e-06 1.20722e-06 9.22492e-07 6.98331e-07 5.23998e-07 3.89933e-07 2.87902e-07 2.10998e-07 1.53553e-07 1.11004e-07 7.97375e-08 5.69327e-08 4.04163e-08 2.85338e-08 2.0039e-08 1.40024e-08 9.73707e-09 6.73969e-09 4.64425e-09 3.18662e-09 2.17748e-09 1.48201e-09 1.00481e-09 6.78756e-10 4.56869e-10 3.06458e-10 2.04881e-10 1.36531e-10 9.06987e-11 6.00698e-11 3.96676e-11 2.61203e-11 1.71522e-11 1.1233e-11 7.33728e-12 4.78052e-12 3.10701e-12 2.01451e-12 1.3031e-12 8.4101e-13 5.41577e-13 3.48001e-13 2.23144e-13 1.4279e-13 9.11883e-14 5.81206e-14 3.69735e-14 2.34768e-14 1.48798e-14 9.41409e-15 5.9457e-15 3.74875e-15 2.35964e-15 1.48285e-15 9.30361e-16 5.82811e-16 3.64534e-16 2.27665e-16 1.41976e-16 8.84117e-17 5.4978e-17 3.41402e-17 2.11716e-17 1.31118e-17 8.10963e-18 5.00937e-18 3.09042e-18 1.90421e-18 1.17188e-18 7.20335e-19 4.42258e-19 2.71217e-19 1.66137e-19 1.01656e-19 6.21332e-20 3.79357e-20 2.31373e-20 1.40969e-20 8.58012e-21 5.21704e-21
2.6272e-07 8.5393e-07 1.75861e-06 2.87896e-06 4.07458e-06 5.20146e-06 6.14098e-06 6.81533e-06 7.1908e-06 7.27245e-06 7.09406e-06 6.70681e-06 6.16899e-06 5.53786e-06 4.86426e-06 4.18961e-06 3.54488e-06 2.95105e-06 2.42038e-06 1.95808e-06 1.5641e-06 1.23473e-06 9.64076e-07 7.45054e-07 5.70273e-07 4.32562e-07 3.25321e-07 2.42707e-07 1.79699e-07 1.32091e-07 9.64338e-08 6.99447e-08 5.0418e-08 3.61281e-08 2.57424e-08 1.82434e-08 1.28621e-08 9.02323e-09 6.30004e-09 4.37862e-09 3.02983e-09 2.08766e-09 1.43261e-09 9.79237e-10 6.66803e-10 4.52391e-10 3.05838e-10 2.06053e-10 1.38365e-10 9.26143e-11 6.17984e-11 4.11116e-11 2.72697e-11 1.80369e-11 1.18972e-11 7.82637e-12 5.13504e-12 3.36067e-12 2.19399e-12 1.4289e-12 9.28432e-13 6.01878e-13 3.89315e-13 2.51277e-13 1.6184e-13 1.04021e-13 6.67243e-14 4.27161e-14 2.72938e-14 1.74069e-14 1.1081e-14 7.04143e-15 4.46662e-15 2.82847e-15 1.7881e-15 1.12855e-15 7.11128e-16 4.47394e-16 2.81035e-16 1.76268e-16 1.10393e-16 6.90365e-17 4.31117e-17 2.68846e-17 1.67423e-17 1.04122e-17 6.46685e-18 4.01126e-18 2.48494e-18 1.53747e-18 9.50085e-19 5.864e-19 3.61502e-19 2.22598e-19 1.36909e-19 8.41113e-20 5.16172e-20 3.16419e-20 1.9376e-20 1.18524e-20 7.24269e-21
1.39745e-07 4.72308e-07 1.00385e-06 1.68885e-06 2.44933e-06 3.1973e-06 3.85365e-06 4.36034e-06 4.68521e-06 4.82107e-06 4.78096e-06 4.59184e-06 4.28807e-06 3.90591e-06 3.47946e-06 3.03796e-06 2.60461e-06 2.19626e-06 1.82391e-06 1.49355e-06 1.20722e-06 9.64076e-07 7.61283e-07 5.94856e-07 4.6025e-07 3.52817e-07 2.6811e-07 2.02067e-07 1.51109e-07 1.12169e-07 8.26811e-08 6.05396e-08 4.40464e-08 3.18526e-08 2.29014e-08 1.63747e-08 1.1646e-08 8.24077e-09 5.8028e-09 4.06695e-09 2.83752e-09 1.97116e-09 1.36359e-09 9.39497e-10 6.44782e-10 4.40855e-10 3.0033e-10 2.0388e-10 1.37934e-10 9.30111e-11 6.25188e-11 4.18929e-11 2.79876e-11 1.86433e-11 1.23836e-11 8.20307e-12 5.41929e-12 3.57089e-12 2.34699e-12 1.53876e-12 1.00644e-12 6.56733e-13 4.2756e-13 2.7774e-13 1.80026e-13 1.16443e-13 7.51607e-14 4.84162e-14 3.11267e-14 1.99728e-14 1.27916e-14 8.17726e-15 5.21805e-15 3.32386e-15 2.11362e-15 1.34176e-15 8.50367e-16 5.38062e-16 3.39913e-16 2.14401e-16 1.35028e-16 8.49121e-17 5.33186e-17 3.3432e-17 2.09331e-17 1.30888e-17 8.17295e-18 5.09656e-18 3.17399e-18 1.97412e-18 1.22629e-18 7.60806e-19 4.71437e-19 2.91778e-19 1.80372e-19 1.11373e-19 6.86908e-20 4.23183e-20 2.60423e-20 1.60088e-20 9.83048e-21
7.43323e-08 2.6085e-07 5.71603e-07 9.87465e-07 1.46654e-06 1.95642e-06 2.40599e-06 2.77413e-06 3.03429e-06 3.17538e-06 3.20001e-06 3.12111e-06 2.95804e-06 2.73306e-06 2.46836e-06 2.18402e-06 1.89678e-06 1.61956e-06 1.36146e-06 1.12816e-06 9.22492e-07 7.45054e-07 5.94856e-07 4.69852e-07 3.6739e-07 2.8456e-07 2.18443e-07 1.66279e-07 1.25565e-07 9.41054e-08 7.00225e-08 5.17477e-08 3.79941e-08 2.77232e-08 2.01091e-08 1.45035e-08 1.04039e-08 7.42422e-09 5.27148e-09 3.725e-09 2.62006e-09 1.83469e-09 1.27923e-09 8.8826e-10 6.14323e-10 4.23231e-10 2.90496e-10 1.98672e-10 1.35399e-10 9.19664e-11 6.22614e-11 4.20174e-11 2.82683e-11 1.89615e-11 1.26818e-11 8.45792e-12 5.6254e-12 3.7315e-12 2.46879e-12 1.62924e-12 1.07254e-12 7.04371e-13 4.61499e-13 3.01681e-13 1.96769e-13 1.28063e-13 8.31697e-14 5.39023e-14 3.48634e-14 2.25046e-14 1.44988e-14 9.32337e-15 5.98423e-15 3.83404e-15 2.45209e-15 1.56553e-15 9.97808e-16 6.34907e-16 4.03334e-16 2.55815e-16 1.61997e-16 1.02428e-16 6.46661e-17 4.07655e-17 2.56614e-17 1.61305e-17 1.01253e-17 6.34711e-18 3.97335e-18 2.48407e-18 1.55098e-18 9.67153e-19 6.02336e-19 3.74668e-19 2.32771e-19 1.44442e-19 8.95259e-20 5.54247e-20 3.42741e-20 2.11712e-20 1.30631e-20
3.95385e-08 1.43868e-07 3.24727e-07 5.75607e-07 8.74853e-07 1.19204e-06 1.49502e-06 1.75576e-06 1.95402e-06 2.07883e-06 2.12812e-06 2.10709e-06 2.02606e-06 1.89819e-06 1.73755e-06 1.55752e-06 1.36985e-06 1.18405e-06 1.00728e-06 8.44418e-07 6.98331e-07 5.70273e-07 4.6025e-07 3.6739e-07 2.90255e-07 2.27103e-07 1.76075e-07 1.35339e-07 1.03182e-07 7.80596e-08 5.86212e-08 4.37166e-08 3.23851e-08 2.38388e-08 1.74416e-08 1.26872e-08 9.1776e-09 6.60352e-09 4.72713e-09 3.36731e-09 2.38733e-09 1.68486e-09 1.18388e-09 8.28346e-10 5.7722e-10 4.00642e-10 2.77022e-10 1.9084e-10 1.31001e-10 8.96134e-11 6.10965e-11 4.1519e-11 2.8126e-11 1.89949e-11 1.27901e-11 8.58723e-12 5.74926e-12 3.83868e-12 2.55621e-12 1.69779e-12 1.1248e-12 7.43354e-13 4.90089e-13 3.22358e-13 2.11548e-13 1.3852e-13 9.05048e-14 5.90075e-14 3.83921e-14 2.49284e-14 1.61542e-14 1.0448e-14 6.74463e-15 4.34586e-15 2.79515e-15 1.79457e-15 1.15016e-15 7.35897e-16 4.70055e-16 2.99756e-16 1.90849e-16 1.21318e-16 7.70004e-17 4.87979e-17 3.0879e-17 1.95115e-17 1.23111e-17 7.75698e-18 4.88076e-18 3.06686e-18 1.92451e-18 1.20609e-18 7.54883e-19 4.71878e-19 2.94605e-19 1.83705e-19 1.14414e-19 7.11741e-20 4.42243e-20 2.74475e-20 1.70159e-20
2.10311e-08 7.92481e-08 1.84082e-07 3.34573e-07 5.20087e-07 7.2342e-07 9.24833e-07 1.1058e-06 1.25169e-06 1.35324e-06 1.40676e-06 1.41348e-06 1.37846e-06 1.30917e-06 1.21423e-06 1.10237e-06 9.81576e-07 8.58676e-07 7.39053e-07 6.26635e-07 5.23998e-07 4.32562e-07 3.52817e-07 2.8456e-07 2.27103e-07 1.79461e-07 1.40497e-07 1.09028e-07 8.39047e-08 6.40622e-08 4.85463e-08 3.65265e-08 2.72964e-08 2.02666e-08 1.49542e-08 1.0969e-08 8.00025e-09 5.80324e-09 4.1876e-09 3.00659e-09 2.14824e-09 1.52781e-09 1.0817e-09 7.62538e-10 5.35307e-10 3.74276e-10 2.60667e-10 1.80859e-10 1.25028e-10 8.61267e-11 5.9126e-11 4.04552e-11 2.7591e-11 1.87586e-11 1.27148e-11 8.59282e-12 5.79043e-12 3.89108e-12 2.60763e-12 1.74289e-12 1.16191e-12 7.72643e-13 5.12531e-13 3.39172e-13 2.23927e-13 1.47503e-13 9.6946e-14 6.35789e-14 4.16077e-14 2.71726e-14 1.77096e-14 1.15192e-14 7.47811e-15 4.84547e-15 3.13381e-15 2.0231e-15 1.30373e-15 8.38683e-16 5.38598e-16 3.45305e-16 2.21017e-16 1.41237e-16 9.01121e-17 5.74042e-17 3.65126e-17 2.31896e-17 1.47064e-17 9.31305e-18 5.8893e-18 3.71905e-18 2.34535e-18 1.47707e-18 9.29012e-19 5.83551e-19 3.66086e-19 2.29373e-19 1.43538e-19 8.97153e-20 5.60077e-20 3.49236e-20 2.17515e-20
1.11868e-08 4.36014e-08 1.04143e-07 1.93952e-07 3.08183e-07 4.37386e-07 5.69717e-07 6.93244e-07 7.97813e-07 8.76219e-07 9.2465e-07 9.42533e-07 9.31977e-07 8.97001e-07 8.42733e-07 7.74687e-07 6.9819e-07 6.17987e-07 5.38007e-07 4.61275e-07 3.89933e-07 3.25321e-07 2.6811e-07 2.18443e-07 1.76075e-07 1.40497e-07 1.11046e-07 8.69835e-08 6.75575e-08 5.20484e-08 3.97935e-08 3.02031e-08 2.27653e-08 1.70458e-08 1.26827e-08 9.37932e-09 6.89622e-09 5.04236e-09 3.66721e-09 2.65342e-09 1.91043e-09 1.36896e-09 9.76472e-10 6.93438e-10 4.90346e-10 3.45308e-10 2.42203e-10 1.6923e-10 1.17802e-10 8.17071e-11 5.64734e-11 3.89002e-11 2.67071e-11 1.82773e-11 1.24694e-11 8.48133e-12 5.75183e-12 3.88961e-12 2.62298e-12 1.76404e-12 1.18324e-12 7.91625e-13 5.28294e-13 3.51697e-13 2.33574e-13 1.54763e-13 1.0231e-13 6.74851e-14 4.44172e-14 2.91724e-14 1.91202e-14 1.25063e-14 8.16401e-15 5.31904e-15 3.45889e-15 2.24507e-15 1.45456e-15 9.40711e-16 6.07323e-16 3.91415e-16 2.5184e-16 1.61768e-16 1.03743e-16 6.64258e-17 4.24655e-17 2.71064e-17 1.72765e-17 1.0995e-17 6.98732e-18 4.43411e-18 2.80993e-18 1.77823e-18 1.12382e-18 7.09293e-19 4.47085e-19 2.81447e-19 1.76953e-19 1.11116e-19 6.96897e-20 4.36554e-20 2.73145e-20
5.9504e-09 2.39625e-08 5.8807e-08 1.12151e-07 1.82062e-07 2.63518e-07 3.49575e-07 4.32727e-07 5.06135e-07 5.64501e-07 6.04522e-07 6.24955e-07 6.2638e-07 6.10794e-07 5.81125e-07 5.40766e-07 4.93176e-07 4.41577e-07 3.88758e-07 3.3697e-07 2.87902e-07 2.42707e-07 2.02067e-07 1.66279e-07 1.35339e-07 1.09028e-07 8.69835e-08 6.87631e-08 5.38897e-08 4.18875e-08 3.2305e-08 2.47301e-08 1.87977e-08 1.41921e-08 1.0646e-08 7.93668e-09 5.88194e-09 4.33447e-09 3.17675e-09 2.31609e-09 1.68011e-09 1.21287e-09 8.71478e-10 6.23361e-10 4.43948e-10 3.14845e-10 2.22379e-10 1.56452e-10 1.09652e-10 7.65678e-11 5.3275e-11 3.69397e-11 2.5527e-11 1.75827e-11 1.20724e-11 8.26343e-12 5.63926e-12 3.83721e-12 2.60359e-12 1.76169e-12 1.18881e-12 8.00117e-13 5.37132e-13 3.59686e-13 2.40273e-13 1.60122e-13 1.06461e-13 7.0622e-14 4.6744e-14 3.08724e-14 2.03466e-14 1.33818e-14 8.78319e-15 5.75346e-15 3.7615e-15 2.45451e-15 1.59867e-15 1.03935e-15 6.74504e-16 4.36964e-16 2.82592e-16 1.82448e-16 1.17599e-16 7.56762e-17 4.86211e-17 3.11896e-17 1.9977e-17 1.2776e-17 8.1586e-18 5.20242e-18 3.31264e-18 2.10637e-18 1.3375e-18 8.48138e-19 5.37104e-19 3.39689e-19 2.14558e-19 1.35349e-19 8.52757e-20 5.36614e-20 3.37267e-20
3.16511e-09 1.31557e-08 3.31482e-08 6.46978e-08 1.07246e-07 1.5824e-07 2.13701e-07 2.69009e-07 3.19673e-07 3.61953e-07 3.93236e-07 4.12176e-07 4.18634e-07 4.13474e-07 3.98285e-07 3.75089e-07 3.46077e-07 3.13387e-07 2.7895e-07 2.44393e-07 2.10998e-07 1.79699e-07 1.51109e-07 1.25565e-07 1.03182e-07 8.39047e-08 6.75575e-08 5.38897e-08 4.26089e-08 3.34083e-08 2.59867e-08 2.00612e-08 1.53755e-08 1.17033e-08 8.84969e-09 6.64985e-09 4.96678e-09 3.68828e-09 2.7237e-09 2.00067e-09 1.46204e-09 1.06315e-09 7.69408e-10 5.54271e-10 3.9752e-10 2.83878e-10 2.01884e-10 1.42998e-10 1.00895e-10 7.09213e-11 4.96704e-11 3.46642e-11 2.41086e-11 1.67115e-11 1.15465e-11 7.95277e-12 5.46079e-12 3.7385e-12 2.552e-12 1.73714e-12 1.17922e-12 7.9834e-13 5.39071e-13 3.63074e-13 2.43928e-13 1.63484e-13 1.09309e-13 7.2917e-14 4.85309e-14 3.22289e-14 2.13566e-14 1.41221e-14 9.31894e-15 6.13694e-15 4.03344e-15 2.64579e-15 1.73224e-15 1.13201e-15 7.38408e-16 4.80802e-16 3.12516e-16 2.02782e-16 1.31357e-16 8.4949e-17 5.48473e-17 3.53557e-17 2.27552e-17 1.4623e-17 9.3828e-18 6.01152e-18 3.84594e-18 2.45696e-18 1.5674e-18 9.98533e-19 6.35261e-19 4.03609e-19 2.56092e-19 1.62281e-19 1.02704e-19 6.49175e-20 4.09826e-20
1.68357e-09 7.21566e-09 1.86538e-08 3.72397e-08 6.30037e-08 9.47237e-08 1.3018e-07 1.66586e-07 2.0106e-07 2.3104e-07 2.54575e-07 2.70472e-07 2.78308e-07 2.78349e-07 2.71396e-07 2.58611e-07 2.41345e-07 2.20983e-07 1.98832e-07 1.76041e-07 1.53553e-07 1.32091e-07 1.12169e-07 9.41054e-08 7.80596e-08 6.40622e-08 5.20484e-08 4.18875e-08 3.34083e-08 2.64191e-08 2.07235e-08 1.61308e-08 1.2464e-08 9.5634e-09 7.28878e-09 5.51965e-09 4.1543e-09 3.10831e-09 2.31256e-09 1.71118e-09 1.25959e-09 9.22507e-10 6.72359e-10 4.87749e-10 3.52231e-10 2.53256e-10 1.81324e-10 1.29293e-10 9.18278e-11 6.49692e-11 4.57958e-11 3.21646e-11 2.25117e-11 1.57023e-11 1.09165e-11 7.56499e-12 5.2261e-12 3.59937e-12 2.47167e-12 1.69241e-12 1.15558e-12 7.86873e-13 5.34382e-13 3.61967e-13 2.44559e-13 1.64824e-13 1.10817e-13 7.43304e-14 4.97419e-14 3.32121e-14 2.21264e-14 1.47092e-14 9.75767e-15 6.45961e-15 4.26763e-15 2.81388e-15 1.85174e-15 1.21627e-15 7.97384e-16 5.21809e-16 3.40861e-16 2.22269e-16 1.44688e-16 9.40267e-17 6.10026e-17 3.95128e-17 2.55525e-17 1.64985e-17 1.06362e-17 6.84653e-18 4.40055e-18 2.82428e-18 1.81002e-18 1.15837e-18 7.40294e-19 4.72463e-19 3.01126e-19 1.9167e-19 1.21841e-19 7.73529e-20 4.9047e-20
8.95515e-10 3.95404e-09 1.04807e-08 2.13898e-08 3.6918e-08 5.65345e-08 7.90381e-08 1.02782e-07 1.25956e-07 1.46849e-07 1.64063e-07 1.76637e-07 1.8409e-07 1.86399e-07 1.83919e-07 1.77289e-07 1.67315e-07 1.54875e-07 1.40834e-07 1.25985e-07 1.11004e-07 9.64338e-08 8.26811e-08 7.00225e-08 5.86212e-08 4.85463e-08 3.97935e-08 3.2305e-08 2.59867e-08 2.07235e-08 1.63905e-08 1.28621e-08 1.00181e-08 7.74743e-09 5.95067e-09 4.54087e-09 3.44346e-09 2.59564e-09 1.94532e-09 1.44988e-09 1.07488e-09 7.92791e-10 5.81847e-10 4.24997e-10 3.09003e-10 2.23669e-10 1.61205e-10 1.15703e-10 8.27099e-11 5.88945e-11 4.17779e-11 2.95272e-11 2.07946e-11 1.4594e-11 1.02079e-11 7.11668e-12 4.94581e-12 3.42652e-12 2.36679e-12 1.63002e-12 1.11939e-12 7.66588e-13 5.23554e-13 3.56622e-13 2.42288e-13 1.64195e-13 1.10998e-13 7.48553e-14 5.03626e-14 3.3806e-14 2.26413e-14 1.51305e-14 1.00895e-14 6.71381e-15 4.45833e-15 2.95459e-15 1.95417e-15 1.28999e-15 8.49928e-16 5.58945e-16 3.66913e-16 2.40424e-16 1.57264e-16 1.02691e-16 6.69419e-17 4.35656e-17 2.83061e-17 1.8362e-17 1.18926e-17 7.69066e-18 4.96581e-18 3.2016e-18 2.06114e-18 1.32502e-18 8.50591e-19 5.45272e-19 3.49068e-19 2.23162e-19 1.4248e-19 9.0849e-20 5.78532e-20
4.76338e-10 2.16487e-09 5.87991e-09 1.22615e-08 2.15802e-08 3.3647e-08 4.78361e-08 6.31959e-08 7.86092e-08 9.29603e-08 1.05277e-07 1.14832e-07 1.21187e-07 1.242e-07 1.2399e-07 1.20881e-07 1.15342e-07 1.07914e-07 9.91578e-08 8.96074e-08 7.97375e-08 6.99447e-08 6.05396e-08 5.17477e-08 4.37166e-08 3.65265e-08 3.02031e-08 2.47301e-08 2.00612e-08 1.61308e-08 1.28621e-08 1.01743e-08 7.98713e-09 6.22479e-09 4.81776e-09 3.70409e-09 2.82979e-09 2.1487e-09 1.622e-09 1.21753e-09 9.08981e-10 6.7509e-10 4.98864e-10 3.66855e-10 2.68517e-10 1.9565e-10 1.41934e-10 1.02531e-10 7.37628e-11 5.2856e-11 3.77292e-11 2.6831e-11 1.90116e-11 1.34237e-11 9.44573e-12 6.62451e-12 4.6309e-12 3.22708e-12 2.24192e-12 1.55286e-12 1.07246e-12 7.38582e-13 5.07239e-13 3.4742e-13 2.3733e-13 1.61708e-13 1.09906e-13 7.45151e-14 5.03995e-14 3.40086e-14 2.28958e-14 1.53798e-14 1.03084e-14 6.89442e-15 4.60142e-15 3.06473e-15 2.03712e-15 1.35139e-15 8.94757e-16 5.91295e-16 3.90027e-16 2.56799e-16 1.68777e-16 1.10731e-16 7.2523e-17 4.74185e-17 3.09526e-17 2.01715e-17 1.31245e-17 8.52594e-18 5.53006e-18 3.58143e-18 2.31598e-18 1.49546e-18 9.64241e-19 6.2084e-19 3.99178e-19 2.56304e-19 1.64345e-19 1.0524e-19 6.73029e-20
2.53371e-10 1.18433e-09 3.29412e-09 7.0155e-09 1.25856e-08 1.9972e-08 2.88651e-08 3.8728e-08 4.88845e-08 5.86209e-08 6.72793e-08 7.43302e-08 7.94156e-08 8.23627e-08 8.31734e-08 8.19964e-08 7.90893e-08 7.47777e-08 6.94169e-08 6.33599e-08 5.69327e-08 5.0418e-08 4.40464e-08 3.79941e-08 3.23851e-08 2.72964e-08 2.27653e-08 1.87977e-08 1.53755e-08 1.2464e-08 1.00181e-08 7.98713e-09 6.31886e-09 4.96229e-09 3.86957e-09 2.99716e-09 2.30648e-09 1.76398e-09 1.34107e-09 1.01372e-09 7.62068e-10 5.69853e-10 4.23945e-10 3.13843e-10 2.3123e-10 1.69581e-10 1.23815e-10 9.00116e-11 6.51646e-11 4.69859e-11 3.37459e-11 2.41448e-11 1.72116e-11 1.22254e-11 8.65349e-12 6.10448e-12 4.29215e-12 3.00821e-12 2.10178e-12 1.46401e-12 1.01676e-12 7.041e-13 4.86216e-13 3.34834e-13 2.29968e-13 1.57531e-13 1.07636e-13 7.33603e-14 4.98777e-14 3.3831e-14 2.28933e-14 1.54566e-14 1.04123e-14 6.9989e-15 4.69444e-15 3.14216e-15 2.09884e-15 1.39913e-15 9.3085e-16 6.18104e-16 4.09657e-16 2.71002e-16 1.7895e-16 1.17954e-16 7.76126e-17 5.09803e-17 3.34301e-17 2.18852e-17 1.43039e-17 9.33388e-18 6.08114e-18 3.95581e-18 2.56935e-18 1.66633e-18 1.0791e-18 6.97799e-19 4.5059e-19 2.90553e-19 1.87098e-19 1.20316e-19 7.72679e-20
