0.370519 0.0224475 0.0145751 0.0101973 0.0075107 0.00572867 0.00447587 0.00355685 0.00286142 0.00232302 0.00189899 0.00156066 0.00128797 0.00106644 0.000885347 0.00073655 0.000613787 0.000512157 0.000427781 0.00035756 0.000298992 0.000250049 0.000209071 0.000174698 0.000145805 0.000121461 0.000100891 8.34478e-05 6.85864e-05 5.58482e-05 4.69217e-05
0.0224475 0.00297649 0.00179591 0.00115664 0.000782029 0.000548422 0.000395493 0.000291473 0.000218524 0.000166092 0.000127644 9.89863e-05 7.73371e-05 6.07988e-05 4.80465e-05 3.81357e-05 3.03814e-05 2.42791e-05 1.94526e-05 1.56181e-05 1.25594e-05 1.01105e-05 8.14304e-06 6.55699e-06 5.27416e-06 4.23304e-06 3.3851e-06 2.69199e-06 2.12347e-06 1.65589e-06 1.35587e-06
0.0145751 0.00179591 0.00103637 0.000645245 0.00042591 0.000293832 0.000209596 0.000153366 0.000114451 8.67351e-05 6.65395e-05 5.15506e-05 4.02591e-05 3.16489e-05 2.50168e-05 1.98653e-05 1.58354e-05 1.26636e-05 1.01542e-05 8.15968e-06 6.56783e-06 5.29261e-06 4.2675e-06 3.44071e-06 2.77173e-06 2.22871e-06 1.78655e-06 1.42549e-06 1.13004e-06 9.11156e-07 7.46583e-07
0.0101973 0.00115664 0.000645245 0.000391269 0.000253474 0.000172699 0.000122209 8.89815e-05 6.6207e-05 5.00904e-05 3.83948e-05 2.97368e-05 2.32245e-05 1.82626e-05 1.4442e-05 1.14744e-05 9.15242e-06 7.32436e-06 5.87745e-06 4.7269e-06 3.80823e-06 3.072e-06 2.47997e-06 2.00237e-06 1.61592e-06 1.30231e-06 1.04716e-06 8.39165e-07 6.78449e-07 5.47074e-07 4.48418e-07
0.0075107 0.000782029 0.00042591 0.000253474 0.000162084 0.000109519 7.71181e-05 5.59954e-05 4.16044e-05 3.14573e-05 2.41089e-05 1.86748e-05 1.45892e-05 1.14766e-05 9.07958e-06 7.21724e-06 5.75962e-06 4.61165e-06 3.70272e-06 2.97975e-06 2.40234e-06 1.93951e-06 1.56729e-06 1.26704e-06 1.02416e-06 8.27167e-07 6.67069e-07 5.40307e-07 4.36907e-07 3.52321e-07 2.88802e-07
0.00572867 0.000548422 0.000293832 0.000172699 0.000109519 7.36397e-05 5.17192e-05 3.75086e-05 2.78573e-05 2.10629e-05 1.61457e-05 1.25098e-05 9.77589e-06 7.69243e-06 6.08748e-06 4.84017e-06 3.86367e-06 3.09445e-06 2.48531e-06 2.00074e-06 1.61371e-06 1.3035e-06 1.05406e-06 8.52901e-07 6.9024e-07 5.58411e-07 4.52771e-07 3.66782e-07 2.9661e-07 2.39188e-07 1.96037e-07
0.00447587 0.000395493 0.000209596 0.000122209 7.71181e-05 5.17192e-05 3.62838e-05 2.63065e-05 1.95392e-05 1.47768e-05 1.13298e-05 8.78027e-06 6.8625e-06 5.40057e-06 4.27413e-06 3.39856e-06 2.71301e-06 2.17297e-06 1.74532e-06 1.40516e-06 1.13352e-06 9.15841e-07 7.40853e-07 5.99788e-07 4.85783e-07 3.94004e-07 3.19474e-07 2.588e-07 2.09283e-07 1.68762e-07 1.3828e-07
0.00355685 0.000291473 0.000153366 8.89815e-05 5.59954e-05 3.75086e-05 2.63065e-05 1.90748e-05 1.41711e-05 1.07194e-05 8.22003e-06 6.37068e-06 4.97916e-06 3.91819e-06 3.10061e-06 2.46511e-06 1.96757e-06 1.57568e-06 1.26543e-06 1.0187e-06 8.21723e-07 6.6393e-07 5.37136e-07 4.34968e-07 3.52666e-07 2.86007e-07 2.31884e-07 1.87829e-07 1.5188e-07 1.22467e-07 1.00314e-07
0.00286142 0.000218524 0.000114451 6.6207e-05 4.16044e-05 2.78573e-05 1.95392e-05 1.41711e-05 1.05301e-05 7.96614e-06 6.10875e-06 4.73397e-06 3.69935e-06 2.91046e-06 2.30258e-06 1.83015e-06 1.46036e-06 1.16918e-06 9.3872e-07 7.55516e-07 6.09314e-07 4.92241e-07 3.9821e-07 3.2257e-07 2.61481e-07 2.12019e-07 1.71868e-07 1.39196e-07 1.12542e-07 9.07414e-08 7.43007e-08
0.00232302 0.000166092 8.67351e-05 5.00904e-05 3.14573e-05 2.10629e-05 1.47768e-05 1.07194e-05 7.96614e-06 6.02635e-06 4.62064e-06 3.57998e-06 2.79678e-06 2.19965e-06 1.73963e-06 1.3822e-06 1.10252e-06 8.82376e-07 7.0821e-07 5.69813e-07 4.59418e-07 3.71058e-07 3.0016e-07 2.43075e-07 1.9699e-07 1.5969e-07 1.29423e-07 1.04801e-07 8.47225e-08 6.83055e-08 5.59096e-08
0.00189899 0.000127644 6.65395e-05 3.83948e-05 2.41089e-05 1.61457e-05 1.13298e-05 8.22003e-06 6.10875e-06 4.62064e-06 3.54199e-06 2.74341e-06 2.14245e-06 1.68436e-06 1.33155e-06 1.05753e-06 8.43195e-07 6.74559e-07 5.41203e-07 4.35285e-07 3.50835e-07 2.83291e-07 2.29085e-07 1.8546e-07 1.50255e-07 1.21772e-07 9.86699e-08 7.98841e-08 6.457e-08 5.20537e-08 4.25918e-08
0.00156066 9.89863e-05 5.15506e-05 2.97368e-05 1.86748e-05 1.25098e-05 8.78027e-06 6.37068e-06 4.73397e-06 3.57998e-06 2.74341e-06 2.12408e-06 1.6581e-06 1.303e-06 1.02961e-06 8.17356e-07 6.51414e-07 5.20911e-07 4.17759e-07 3.35869e-07 2.70616e-07 2.18434e-07 1.76576e-07 1.42904e-07 1.15742e-07 9.37768e-08 7.59678e-08 6.14923e-08 4.96967e-08 4.00601e-08 3.27668e-08
0.00128797 7.73371e-05 4.02591e-05 2.32245e-05 1.45892e-05 9.77589e-06 6.8625e-06 4.97916e-06 3.69935e-06 2.79678e-06 2.14245e-06 1.6581e-06 1.29376e-06 1.01622e-06 8.02628e-07 6.36874e-07 5.07345e-07 4.05527e-07 3.25088e-07 2.61262e-07 2.10421e-07 1.69783e-07 1.37199e-07 1.10999e-07 8.98743e-08 7.27982e-08 5.89592e-08 4.77153e-08 3.85568e-08 3.10776e-08 2.5411e-08
0.00106644 6.07988e-05 3.16489e-05 1.82626e-05 1.14766e-05 7.69243e-06 5.40057e-06 3.91819e-06 2.91046e-06 2.19965e-06 1.68436e-06 1.303e-06 1.01622e-06 7.9784e-07 6.29852e-07 4.99547e-07 3.97769e-07 3.17803e-07 2.54659e-07 2.04577e-07 1.64702e-07 1.32844e-07 1.07312e-07 8.67904e-08 7.0252e-08 5.68887e-08 4.60633e-08 3.72714e-08 3.01131e-08 2.42698e-08 1.9838e-08
0.000885347 4.80465e-05 2.50168e-05 1.4442e-05 9.07958e-06 6.08748e-06 4.27413e-06 3.10061e-06 2.30258e-06 1.73963e-06 1.33155e-06 1.02961e-06 8.02628e-07 6.29852e-07 4.97003e-07 3.94002e-07 3.13588e-07 2.50439e-07 2.00595e-07 1.61081e-07 1.29634e-07 1.04521e-07 8.44031e-08 6.82407e-08 5.52207e-08 4.47047e-08 3.61894e-08 2.92765e-08 2.36502e-08 1.90594e-08 1.55741e-08
0.00073655 3.81357e-05 1.98653e-05 1.14744e-05 7.21724e-06 4.84017e-06 3.39856e-06 2.46511e-06 1.83015e-06 1.3822e-06 1.05753e-06 8.17356e-07 6.36874e-07 4.99547e-07 3.94002e-07 3.12208e-07 2.4838e-07 1.98278e-07 1.58751e-07 1.2743e-07 1.02514e-07 8.26251e-08 6.66994e-08 5.39102e-08 4.36118e-08 3.52974e-08 2.85674e-08 2.31061e-08 1.86631e-08 1.50391e-08 1.22852e-08
0.000613787 3.03814e-05 1.58354e-05 9.15242e-06 5.75962e-06 3.86367e-06 2.71301e-06 1.96757e-06 1.46036e-06 1.10252e-06 8.43195e-07 6.51414e-07 5.07345e-07 3.97769e-07 3.13588e-07 2.4838e-07 1.97518e-07 1.57611e-07 1.26141e-07 1.01215e-07 8.13952e-08 6.55811e-08 5.29234e-08 4.27626e-08 3.4584e-08 2.79836e-08 2.26431e-08 1.8311e-08 1.47879e-08 1.19155e-08 9.7307e-09
0.000512157 2.42791e-05 1.26636e-05 7.32436e-06 4.61165e-06 3.09445e-06 2.17297e-06 1.57568e-06 1.16918e-06 8.82376e-07 6.74559e-07 5.20911e-07 4.05527e-07 3.17803e-07 2.50439e-07 1.98278e-07 1.57611e-07 1.25717e-07 1.00577e-07 8.06727e-08 6.48529e-08 5.22353e-08 4.21402e-08 3.40397e-08 2.75219e-08 2.22638e-08 1.8011e-08 1.45625e-08 1.17591e-08 9.47427e-09 7.73488e-09
0.000427781 1.94526e-05 1.01542e-05 5.87745e-06 3.70272e-06 2.48531e-06 1.74532e-06 1.26543e-06 9.3872e-07 7.0821e-07 5.41203e-07 4.17759e-07 3.25088e-07 2.54659e-07 2.00595e-07 1.58751e-07 1.26141e-07 1.00577e-07 8.04344e-08 6.44938e-08 5.18291e-08 4.17321e-08 3.36566e-08 2.71791e-08 2.19692e-08 1.77677e-08 1.43708e-08 1.16172e-08 9.3796e-09 7.55655e-09 6.16754e-09
0.00035756 1.56181e-05 8.15968e-06 4.7269e-06 2.97975e-06 2.00074e-06 1.40516e-06 1.0187e-06 7.55516e-07 5.69813e-07 4.35285e-07 3.35869e-07 2.61262e-07 2.04577e-07 1.61081e-07 1.2743e-07 1.01215e-07 8.06727e-08 6.44938e-08 5.16948e-08 4.153e-08 3.34291e-08 2.69524e-08 2.17592e-08 1.75838e-08 1.42177e-08 1.14972e-08 9.29268e-09 7.50184e-09 6.04333e-09 4.93117e-09
0.000298992 1.25594e-05 6.56783e-06 3.80823e-06 2.40234e-06 1.61371e-06 1.13352e-06 8.21723e-07 6.09314e-07 4.59418e-07 3.50835e-07 2.70616e-07 2.10421e-07 1.64702e-07 1.29634e-07 1.02514e-07 8.13952e-08 6.48529e-08 5.18291e-08 4.153e-08 3.33536e-08 2.68396e-08 2.16335e-08 1.74606e-08 1.41066e-08 1.14037e-08 9.21978e-09 7.45076e-09 6.01417e-09 4.84455e-09 3.95201e-09
0.000250049 1.01105e-05 5.29261e-06 3.072e-06 1.93951e-06 1.3035e-06 9.15841e-07 6.6393e-07 4.92241e-07 3.71058e-07 2.83291e-07 2.18434e-07 1.69783e-07 1.32844e-07 1.04521e-07 8.26251e-08 6.55811e-08 5.22353e-08 4.17321e-08 3.34291e-08 2.68396e-08 2.15917e-08 1.73989e-08 1.40393e-08 1.13398e-08 9.16507e-09 7.40852e-09 5.98611e-09 4.83136e-09 3.89152e-09 3.17379e-09
0.000209071 8.14304e-06 4.2675e-06 2.47997e-06 1.56729e-06 1.05406e-06 7.40853e-07 5.37136e-07 3.9821e-07 3.0016e-07 2.29085e-07 1.76576e-07 1.37199e-07 1.07312e-07 8.44031e-08 6.66994e-08 5.29234e-08 4.21402e-08 3.36566e-08 2.69524e-08 2.16335e-08 1.73989e-08 1.40167e-08 1.13075e-08 9.13126e-09 7.37859e-09 5.96338e-09 4.81772e-09 3.88793e-09 3.13142e-09 2.55329e-09
0.000174698 6.55699e-06 3.44071e-06 2.00237e-06 1.26704e-06 8.52901e-07 5.99788e-07 4.34968e-07 3.2257e-07 2.43075e-07 1.8546e-07 1.42904e-07 1.10999e-07 8.67904e-08 6.82407e-08 5.39102e-08 4.27626e-08 3.40397e-08 2.71791e-08 2.17592e-08 1.74606e-08 1.40393e-08 1.13075e-08 9.11983e-09 7.36311e-09 5.94869e-09 4.80693e-09 3.88291e-09 3.1332e-09 2.5234e-09 2.05708e-09
0.000145805 5.27416e-06 2.77173e-06 1.61592e-06 1.02416e-06 6.9024e-07 4.85783e-07 3.52666e-07 2.61481e-07 1.9699e-07 1.50255e-07 1.15742e-07 8.98743e-08 7.0252e-08 5.52207e-08 4.36118e-08 3.4584e-08 2.75219e-08 2.19692e-08 1.75838e-08 1.41066e-08 1.13398e-08 9.13126e-09 7.36311e-09 5.94363e-09 4.80104e-09 3.87895e-09 3.13291e-09 2.52777e-09 2.03568e-09 1.65916e-09
0.000121461 4.23304e-06 2.22871e-06 1.30231e-06 8.27167e-07 5.58411e-07 3.94004e-07 2.86007e-07 2.12019e-07 1.5969e-07 1.21772e-07 9.37768e-08 7.27982e-08 5.68887e-08 4.47047e-08 3.52974e-08 2.79836e-08 2.22638e-08 1.77677e-08 1.42177e-08 1.14037e-08 9.16507e-09 7.37859e-09 5.94869e-09 4.80104e-09 3.87747e-09 3.13232e-09 2.52958e-09 2.0408e-09 1.64343e-09 1.33921e-09
0.000100891 3.3851e-06 1.78655e-06 1.04716e-06 6.67069e-07 4.52771e-07 3.19474e-07 2.31884e-07 1.71868e-07 1.29423e-07 9.86699e-08 7.59678e-08 5.89592e-08 4.60633e-08 3.61894e-08 2.85674e-08 2.26431e-08 1.8011e-08 1.43708e-08 1.14972e-08 9.21978e-09 7.40852e-09 5.96338e-09 4.80693e-09 3.87895e-09 3.13232e-09 2.53006e-09 2.043e-09 1.64811e-09 1.32715e-09 1.0813e-09
8.34478e-05 2.69199e-06 1.42549e-06 8.39165e-07 5.40307e-07 3.66782e-07 2.588e-07 1.87829e-07 1.39196e-07 1.04801e-07 7.98841e-08 6.14923e-08 4.77153e-08 3.72714e-08 2.92765e-08 2.31061e-08 1.8311e-08 1.45625e-08 1.16172e-08 9.29268e-09 7.45076e-09 5.98611e-09 4.81772e-09 3.88291e-09 3.13291e-09 2.52958e-09 2.043e-09 1.64956e-09 1.33063e-09 1.07146e-09 8.72858e-10
6.85864e-05 2.12347e-06 1.13004e-06 6.78449e-07 4.36907e-07 2.9661e-07 2.09283e-07 1.5188e-07 1.12542e-07 8.47225e-08 6.457e-08 4.96967e-08 3.85568e-08 3.01131e-08 2.36502e-08 1.86631e-08 1.47879e-08 1.17591e-08 9.3796e-09 7.50184e-09 6.01417e-09 4.83136e-09 3.88793e-09 3.1332e-09 2.52777e-09 2.0408e-09 1.64811e-09 1.33063e-09 1.07332e-09 8.64237e-10 7.03975e-10
5.58482e-05 1.65589e-06 9.11156e-07 5.47074e-07 3.52321e-07 2.39188e-07 1.68762e-07 1.22467e-07 9.07414e-08 6.83055e-08 5.20537e-08 4.00601e-08 3.10776e-08 2.42698e-08 1.90594e-08 1.50391e-08 1.19155e-08 9.47427e-09 7.55655e-09 6.04333e-09 4.84455e-09 3.89152e-09 3.13142e-09 2.5234e-09 2.03568e-09 1.64343e-09 1.32715e-09 1.07146e-09 8.64237e-10 6.95875e-10 5.66801e-10
4.69217e-05 1.35587e-06 7.46583e-07 4.48418e-07 2.88802e-07 1.96037e-07 1.3828e-07 1.00314e-07 7.43007e-08 5.59096e-08 4.25918e-08 3.27668e-08 2.5411e-08 1.9838e-08 1.55741e-08 1.22852e-08 9.7307e-09 7.73488e-09 6.16754e-09 4.93117e-09 3.95201e-09 3.17379e-09 2.55329e-09 2.05708e-09 1.65916e-09 1.33921e-09 1.0813e-09 8.72858e-10 7.03975e-10 5.66801e-10 4.61572e-10
