0.0832345 0.0505935 0.0307529 0.018693 0.0113624 0.00690655 0.0041981 0.00255178 0.00155108 0.000942816 0.000573084 0.000348345 0.000211739 0.000128704 7.8232e-05 4.75528e-05 2.89046e-05 1.75695e-05 1.06795e-05 6.49146e-06 3.94579e-06 2.39842e-06 1.45786e-06 8.86152e-07 5.38641e-07 3.2741e-07 1.99014e-07 1.20969e-07 7.35302e-08 4.46948e-08 2.71675e-08 1.65135e-08 1.00376e-08 6.10132e-09 3.70864e-09 2.25427e-09 1.37024e-09 8.32894e-10 5.06269e-10 3.07732e-10 1.87053e-10 1.13699e-10 6.9111e-11 4.20086e-11 2.55347e-11 1.55211e-11 9.43438e-12 5.73462e-12 3.48575e-12 2.11879e-12 1.28789e-12 7.82836e-13 4.75841e-13 2.89237e-13 1.75811e-13 1.06865e-13 6.49574e-14 3.94839e-14 2.4e-14 1.45882e-14 8.86736e-15 5.38997e-15 3.27625e-15 1.99145e-15 1.21049e-15 7.35787e-16 4.47243e-16 2.71854e-16 1.65244e-16 1.00443e-16 6.10534e-17 3.71109e-17 2.25576e-17 1.37115e-17 8.33443e-18 5.06602e-18 3.07935e-18 1.87176e-18 1.13774e-18 6.91565e-19 4.20363e-19 2.55515e-19 1.55313e-19 9.44059e-20 5.7384e-20 3.48805e-20 2.12019e-20 1.28874e-20 7.83352e-21 4.76155e-21 2.89428e-21 1.75927e-21 1.06936e-21 6.50002e-22 3.95099e-22 2.40158e-22 1.45979e-22 8.87321e-23 5.39352e-23 3.27841e-23 1.99276e-23
0.0505935 0.0366253 0.025832 0.0178715 0.0121819 0.00820632 0.00547543 0.00362439 0.00238309 0.00155798 0.00101353 0.000656497 0.000423624 0.000272436 0.000174679 0.000111697 7.1249e-05 4.53475e-05 2.88037e-05 1.82616e-05 1.15582e-05 7.30395e-06 4.60887e-06 2.90433e-06 1.8279e-06 1.14908e-06 7.21558e-07 4.52635e-07 2.83666e-07 1.77612e-07 1.11114e-07 6.94563e-08 4.33836e-08 2.70786e-08 1.689e-08 1.05281e-08 6.5585e-09 4.08321e-09 2.54072e-09 1.58008e-09 9.82149e-10 6.1019e-10 3.78921e-10 2.35201e-10 1.45929e-10 9.05034e-11 5.61069e-11 3.47698e-11 2.15392e-11 1.33384e-11 8.25713e-12 5.1099e-12 3.16125e-12 1.95512e-12 1.20881e-12 7.47171e-13 4.61702e-13 2.85226e-13 1.76158e-13 1.0877e-13 6.71442e-14 4.14387e-14 2.55685e-14 1.57728e-14 9.72789e-15 5.99844e-15 3.69802e-15 2.27937e-15 1.40468e-15 8.65483e-16 5.33164e-16 3.28388e-16 2.02227e-16 1.24514e-16 7.66521e-17 4.71804e-17 2.90357e-17 1.78664e-17 1.0992e-17 6.76171e-18 4.15885e-18 2.55759e-18 1.57264e-18 9.66875e-19 5.94369e-19 3.65332e-19 2.24525e-19 1.37972e-19 8.47745e-20 5.20823e-20 3.19938e-20 1.96514e-20 1.20691e-20 7.41156e-21 4.55093e-21 2.79413e-21 1.71533e-21 1.05295e-21 6.46291e-22 3.96649e-22 2.43413e-22
0.0307529 0.025832 0.0204555 0.0155751 0.0115297 0.008355 0.00595369 0.00418525 0.00290912 0.00200294 0.00136782 0.000927506 0.000625035 0.000418891 0.000279361 0.000185486 0.000122666 8.08283e-05 5.30838e-05 3.47568e-05 2.26935e-05 1.47787e-05 9.60132e-06 6.22378e-06 4.02599e-06 2.59924e-06 1.67504e-06 1.0776e-06 6.92136e-07 4.43877e-07 2.84255e-07 1.81787e-07 1.16106e-07 7.40658e-08 4.71925e-08 3.00363e-08 1.90968e-08 1.21294e-08 7.69655e-09 4.87926e-09 3.0905e-09 1.95585e-09 1.23678e-09 7.81465e-10 4.93404e-10 3.11303e-10 1.96274e-10 1.23667e-10 7.78691e-11 4.90013e-11 3.0817e-11 1.93697e-11 1.21678e-11 7.63958e-12 4.79401e-12 3.00683e-12 1.88498e-12 1.18113e-12 7.39759e-13 4.63115e-13 2.89801e-13 1.81271e-13 1.13339e-13 7.08368e-14 4.42559e-14 2.76389e-14 1.72549e-14 1.07683e-14 6.71793e-15 4.18964e-15 2.61201e-15 1.62793e-15 1.01428e-15 6.31761e-16 3.93384e-16 2.44881e-16 1.52395e-16 9.48131e-17 5.89723e-17 3.66702e-17 2.27964e-17 1.41681e-17 8.80339e-18 5.46869e-18 3.39637e-18 2.10886e-18 1.30913e-18 8.12493e-19 5.04155e-19 3.12764e-19 1.9399e-19 1.20297e-19 7.45836e-20 4.62325e-20 2.86529e-20 1.77545e-20 1.09994e-20 6.81318e-21 4.21944e-21 2.61267e-21 1.61748e-21
0.018693 0.0178715 0.0155751 0.0128198 0.010145 0.00779862 0.00586177 0.00432733 0.00314757 0.0022611 0.0016071 0.00113177 0.000790611 0.000548352 0.000377904 0.000258946 0.000176515 0.000119757 8.08987e-05 5.44325e-05 3.6491e-05 2.43804e-05 1.62379e-05 1.07831e-05 7.14121e-06 4.71721e-06 3.10852e-06 2.0438e-06 1.3409e-06 8.77972e-07 5.73768e-07 3.74289e-07 2.43744e-07 1.58472e-07 1.02872e-07 6.66804e-08 4.31606e-08 2.78992e-08 1.80109e-08 1.1613e-08 7.4789e-09 4.81103e-09 3.09148e-09 1.98444e-09 1.27255e-09 8.15242e-10 5.21789e-10 3.33665e-10 2.13182e-10 1.36089e-10 8.68055e-11 5.5326e-11 3.52357e-11 2.24242e-11 1.42608e-11 9.06296e-12 5.75583e-12 3.65312e-12 2.31712e-12 1.46882e-12 9.30529e-13 5.89173e-13 3.72831e-13 2.35801e-13 1.49056e-13 9.41738e-14 5.94693e-14 3.75357e-14 2.36804e-14 1.49325e-14 9.41192e-15 5.92971e-15 3.73424e-15 2.35065e-15 1.4791e-15 9.30317e-16 5.84919e-16 3.67617e-16 2.30958e-16 1.45048e-16 9.10614e-17 5.71487e-17 3.58534e-17 2.24858e-17 1.40976e-17 8.83574e-18 5.53611e-18 3.46763e-18 2.17135e-18 1.35925e-18 8.50634e-19 5.32186e-19 3.32862e-19 2.08135e-19 1.3011e-19 8.13136e-20 5.08046e-20 3.17346e-20 1.98178e-20 1.23729e-20 7.72301e-21
0.0113624 0.0121819 0.0115297 0.010145 0.00850102 0.00687507 0.00541083 0.00416707 0.00315262 0.00234982 0.0017293 0.00125869 0.000907341 0.000648503 0.000459981 0.000324031 0.000226849 0.000157918 0.000109365 7.53811e-05 5.17297e-05 3.53551e-05 2.40726e-05 1.6333e-05 1.10453e-05 7.4465e-06 5.00572e-06 3.3558e-06 2.24393e-06 1.4968e-06 9.96137e-07 6.61493e-07 4.38359e-07 2.89919e-07 1.91385e-07 1.26113e-07 8.29595e-08 5.44831e-08 3.57253e-08 2.33904e-08 1.52923e-08 9.98411e-09 6.50978e-09 4.23905e-09 2.75699e-09 1.79097e-09 1.1621e-09 7.53218e-10 4.8768e-10 3.1543e-10 2.03816e-10 1.3157e-10 8.48534e-11 5.46753e-11 3.51992e-11 2.26416e-11 1.45521e-11 9.34538e-12 5.99697e-12 3.8454e-12 2.46395e-12 1.57767e-12 1.00948e-12 6.45489e-13 4.12473e-13 2.63406e-13 1.68107e-13 1.07222e-13 6.83478e-14 4.35428e-14 2.77245e-14 1.76431e-14 1.12215e-14 7.13352e-15 4.53246e-15 2.87838e-15 1.82705e-15 1.15917e-15 7.35091e-16 4.65948e-16 2.95217e-16 1.86963e-16 1.18354e-16 7.48914e-17 4.73699e-17 2.99501e-17 1.89289e-17 1.19587e-17 7.55231e-18 4.76777e-18 3.0088e-18 1.89809e-18 1.19699e-18 7.54596e-19 4.75546e-19 2.99591e-19 1.88679e-19 1.1879e-19 7.4766e-20 4.70428e-20 2.95905e-20
0.00690655 0.00820632 0.008355 0.00779862 0.00687507 0.0058168 0.00476954 0.00381464 0.00298938 0.00230301 0.0017486 0.00131104 0.000972178 0.000713897 0.000519682 0.000375348 0.000269182 0.0001918 0.000135856 9.57075e-05 6.70857e-05 4.68049e-05 3.2514e-05 2.24955e-05 1.55053e-05 1.06494e-05 7.28995e-06 4.97464e-06 3.38463e-06 2.29639e-06 1.55392e-06 1.04885e-06 7.06259e-07 4.74485e-07 3.18082e-07 2.12792e-07 1.42073e-07 9.46767e-08 6.29779e-08 4.18193e-08 2.77231e-08 1.83488e-08 1.21257e-08 8.00128e-09 5.27221e-09 3.46918e-09 2.27973e-09 1.49618e-09 9.80725e-10 6.42081e-10 4.19884e-10 2.74273e-10 1.78963e-10 1.16651e-10 7.59577e-11 4.94111e-11 3.21115e-11 2.08494e-11 1.35248e-11 8.76576e-12 5.67644e-12 3.67283e-12 2.37451e-12 1.53393e-12 9.9016e-13 6.38674e-13 4.11659e-13 2.65147e-13 1.70662e-13 1.09772e-13 7.05607e-14 4.53266e-14 2.90985e-14 1.8669e-14 1.19705e-14 7.67096e-15 4.91289e-15 3.14472e-15 2.01181e-15 1.28636e-15 8.22067e-16 5.25086e-16 3.35224e-16 2.13907e-16 1.36429e-16 8.69724e-17 5.54187e-17 3.52966e-17 2.24707e-17 1.42992e-17 9.09536e-18 5.7829e-18 3.6753e-18 2.33488e-18 1.48273e-18 9.41222e-19 5.97249e-19 3.78839e-19 2.40212e-19 1.52257e-19 9.64725e-20
0.0041981 0.00547543 0.00595369 0.00586177 0.00541083 0.00476954 0.0040595 0.00336053 0.00271947 0.0021593 0.00168697 0.00129962 0.000989004 0.000744492 0.000555021 0.000410175 0.000300743 0.000218925 0.000158318 0.000113798 8.13397e-05 5.78385e-05 4.09292e-05 2.88332e-05 2.02264e-05 1.41328e-05 9.83836e-06 6.82486e-06 4.71875e-06 3.25237e-06 2.23503e-06 1.53159e-06 1.04673e-06 7.13548e-07 4.85235e-07 3.2921e-07 2.22858e-07 1.50543e-07 1.01486e-07 6.82819e-08 4.58553e-08 3.0739e-08 2.05702e-08 1.37423e-08 9.16612e-09 6.10431e-09 4.05917e-09 2.69532e-09 1.78722e-09 1.18348e-09 7.8266e-10 5.16937e-10 3.41012e-10 2.24692e-10 1.47878e-10 9.72157e-11 6.38407e-11 4.18795e-11 2.74448e-11 1.79675e-11 1.17515e-11 7.67879e-12 5.01294e-12 3.26968e-12 2.13079e-12 1.38742e-12 9.02646e-13 5.86782e-13 3.81149e-13 2.47389e-13 1.6045e-13 1.03988e-13 6.73466e-14 4.35859e-14 2.8189e-14 1.8219e-14 1.17676e-14 7.59575e-15 4.89987e-15 3.15888e-15 2.03528e-15 1.31056e-15 8.43422e-16 5.42485e-16 3.48732e-16 2.24058e-16 1.4388e-16 9.23457e-17 5.92395e-17 3.7983e-17 2.43419e-17 1.55924e-17 9.9831e-18 6.38878e-18 4.0867e-18 2.61297e-18 1.66996e-18 1.06682e-18 6.81226e-19 4.34822e-19 2.77431e-19
0.00255178 0.00362439 0.00418525 0.00432733 0.00416707 0.00381464 0.00336053 0.00287188 0.00239413 0.00195487 0.00156821 0.00123892 0.000965744 0.000743921 0.000567009 0.000428067 0.000320392 0.000237922 0.000175411 0.000128469 9.35141e-05 6.76845e-05 4.8731e-05 3.49122e-05 2.48968e-05 1.76778e-05 1.25009e-05 8.80615e-06 6.18092e-06 4.32343e-06 3.01431e-06 2.0951e-06 1.45192e-06 1.00337e-06 6.91546e-07 4.75412e-07 3.26031e-07 2.23065e-07 1.52276e-07 1.03728e-07 7.05125e-08 4.7838e-08 3.23929e-08 2.18941e-08 1.47719e-08 9.9495e-09 6.69037e-09 4.49166e-09 3.01089e-09 2.01528e-09 1.34694e-09 8.98992e-10 5.99205e-10 3.98864e-10 2.65169e-10 1.76069e-10 1.16768e-10 7.73493e-11 5.11797e-11 3.38268e-11 2.23336e-11 1.47301e-11 9.70531e-12 6.38829e-12 4.20089e-12 2.75988e-12 1.81151e-12 1.18797e-12 7.78374e-13 5.0957e-13 3.33317e-13 2.17851e-13 1.42271e-13 9.28407e-14 6.05384e-14 3.94458e-14 2.56837e-14 1.67111e-14 1.08656e-14 7.05999e-15 4.58424e-15 2.97473e-15 1.92908e-15 1.25021e-15 8.09745e-16 5.24147e-16 3.3908e-16 2.1923e-16 1.41662e-16 9.14881e-17 5.90526e-17 3.80961e-17 2.45637e-17 1.58301e-17 1.01966e-17 6.56458e-18 4.22424e-18 2.71695e-18 1.74666e-18 1.12237e-18 7.20881e-19
0.00155108 0.00238309 0.00290912 0.00314757 0.00315262 0.00298938 0.00271947 0.00239413 0.00205205 0.00171992 0.00141432 0.00114398 0.000912043 0.000717886 0.000558641 0.000430273 0.000328329 0.00024842 0.000186502 0.000139019 0.000102942 7.57607e-05 5.54391e-05 4.03527e-05 2.92255e-05 2.10677e-05 1.51202e-05 1.08067e-05 7.69345e-06 5.45677e-06 3.85673e-06 2.71674e-06 1.90762e-06 1.33542e-06 9.32147e-07 6.48858e-07 4.50469e-07 3.11946e-07 2.15495e-07 1.48519e-07 1.0213e-07 7.00796e-08 4.79874e-08 3.27941e-08 2.23681e-08 1.52284e-08 1.03491e-08 7.02094e-09 4.75512e-09 3.21533e-09 2.17073e-09 1.46328e-09 9.84942e-10 6.62022e-10 4.44358e-10 2.97858e-10 1.99397e-10 1.33314e-10 8.90218e-11 5.9374e-11 3.95539e-11 2.63201e-11 1.74947e-11 1.1616e-11 7.70459e-12 5.10502e-12 3.37918e-12 2.23461e-12 1.47632e-12 9.74434e-13 6.42587e-13 4.23376e-13 2.78704e-13 1.83313e-13 1.20472e-13 7.91085e-14 5.1906e-14 3.40311e-14 2.22948e-14 1.45952e-14 9.5477e-15 6.24135e-15 4.07713e-15 2.66154e-15 1.73629e-15 1.13194e-15 7.3747e-16 4.80166e-16 3.12441e-16 2.0318e-16 1.32049e-16 8.57692e-17 5.56774e-17 3.61228e-17 2.34229e-17 1.51797e-17 9.83228e-18 6.36525e-18 4.11862e-18 2.66358e-18 1.72172e-18
0.000942816 0.00155798 0.00200294 0.0022611 0.00234982 0.00230301 0.0021593 0.00195487 0.00171992 0.00147748 0.00124364 0.00102853 0.000837605 0.000672866 0.000533972 0.00041912 0.000325714 0.000250839 0.000191577 0.000145201 0.000109276 8.17021e-05 6.07139e-05 4.48607e-05 3.29706e-05 2.41107e-05 1.75486e-05 1.27158e-05 9.17531e-06 6.59428e-06 4.72143e-06 3.36838e-06 2.39489e-06 1.69722e-06 1.19906e-06 8.44604e-07 5.93244e-07 4.15559e-07 2.90335e-07 2.02339e-07 1.40674e-07 9.75761e-08 6.75316e-08 4.66378e-08 3.21419e-08 2.21074e-08 1.51764e-08 1.03989e-08 7.11259e-09 4.85635e-09 3.31023e-09 2.25267e-09 1.53056e-09 1.03832e-09 7.03346e-10 4.75747e-10 3.21346e-10 2.16758e-10 1.46016e-10 9.82343e-11 6.60055e-11 4.4296e-11 2.96914e-11 1.98789e-11 1.32942e-11 8.88076e-12 5.92613e-12 3.95034e-12 2.63058e-12 1.74998e-12 1.16303e-12 7.72203e-13 5.12231e-13 3.39471e-13 2.24777e-13 1.48703e-13 9.82918e-14 6.49158e-14 4.28378e-14 2.82458e-14 1.86097e-14 1.22516e-14 8.05961e-15 5.29804e-15 3.48018e-15 2.28443e-15 1.49848e-15 9.82262e-16 6.43445e-16 4.2122e-16 2.75566e-16 1.80163e-16 1.17716e-16 7.68665e-17 5.01624e-17 3.27162e-17 2.13253e-17 1.38924e-17 9.04518e-18 5.88595e-18 3.82807e-18
0.000573084 0.00101353 0.00136782 0.0016071 0.0017293 0.0017486 0.00168697 0.00156821 0.00141432 0.00124364 0.00107023 0.000903965 0.000751152 0.000615202 0.000497384 0.000397475 0.000314302 0.000246154 0.000191091 0.000147147 0.000112461 8.53559e-05 6.4365e-05 4.82435e-05 3.59556e-05 2.66553e-05 1.96619e-05 1.44349e-05 1.05503e-05 7.67851e-06 5.56605e-06 4.0194e-06 2.89201e-06 2.07364e-06 1.48196e-06 1.05576e-06 7.49866e-07 5.31063e-07 3.75062e-07 2.64182e-07 1.85605e-07 1.3008e-07 9.09491e-08 6.34447e-08 4.41606e-08 3.06727e-08 2.12607e-08 1.47075e-08 1.01548e-08 6.9983e-09 4.81431e-09 3.30612e-09 2.26657e-09 1.55134e-09 1.06012e-09 7.23321e-10 4.92783e-10 3.35233e-10 2.2773e-10 1.54488e-10 1.04661e-10 7.08122e-11 4.78495e-11 3.22928e-11 2.17675e-11 1.46555e-11 9.85573e-12 6.62048e-12 4.44236e-12 2.97764e-12 1.99377e-12 1.33362e-12 8.91162e-13 5.94916e-13 3.96769e-13 2.64371e-13 1.75992e-13 1.17053e-13 7.77836e-14 5.16441e-14 3.42601e-14 2.27089e-14 1.50402e-14 9.95328e-15 6.58174e-15 4.34894e-15 2.87145e-15 1.89453e-15 1.24907e-15 8.22936e-16 5.41805e-16 3.56471e-16 2.34377e-16 1.53999e-16 1.01121e-16 6.63576e-17 4.35179e-17 2.85219e-17 1.86822e-17 1.22298e-17 8.00121e-18
0.000348345 0.000656497 0.000927506 0.00113177 0.00125869 0.00131104 0.00129962 0.00123892 0.00114398 0.00102853 0.000903965 0.000779025 0.000659894 0.000550523 0.000453066 0.000368318 0.000296112 0.000235662 0.000185818 0.000145269 0.000112674 8.67544e-05 6.63423e-05 5.04101e-05 3.80758e-05 2.85985e-05 2.13669e-05 1.58846e-05 1.17533e-05 8.65782e-06 6.35062e-06 4.63953e-06 3.37651e-06 2.44836e-06 1.76916e-06 1.27412e-06 9.14678e-07 6.54633e-07 4.67147e-07 3.32419e-07 2.35909e-07 1.66982e-07 1.17898e-07 8.30414e-08 5.8354e-08 4.09137e-08 2.86236e-08 1.99833e-08 1.39228e-08 9.68128e-09 6.71911e-09 4.65467e-09 3.21876e-09 2.22195e-09 1.53125e-09 1.05354e-09 7.23704e-10 4.96364e-10 3.39928e-10 2.32454e-10 1.58733e-10 1.08242e-10 7.37121e-11 5.01312e-11 3.40501e-11 2.30986e-11 1.56502e-11 1.0591e-11 7.15894e-12 4.83353e-12 3.25985e-12 2.19613e-12 1.47794e-12 9.93586e-13 6.67286e-13 4.47699e-13 3.0008e-13 2.00943e-13 1.34433e-13 8.98545e-14 6.00047e-14 4.00359e-14 2.66894e-14 1.77772e-14 1.18312e-14 7.86755e-15 5.22764e-15 3.47082e-15 2.30264e-15 1.52649e-15 1.01121e-15 6.69376e-16 4.42783e-16 2.9269e-16 1.93342e-16 1.27629e-16 8.4195e-17 5.55058e-17 3.65688e-17 2.40774e-17 1.5843e-17
0.000211739 0.000423624 0.000625035 0.000790611 0.000907341 0.000972178 0.000989004 0.000965744 0.000912043 0.000837605 0.000751152 0.000659894 0.000569357 0.000483455 0.000404696 0.00033444 0.000273179 0.000220781 0.000176704 0.000140165 0.000110262 8.60746e-05 6.67129e-05 5.13613e-05 3.92951e-05 2.9887e-05 2.26057e-05 1.7009e-05 1.27348e-05 9.49002e-06 7.04062e-06 5.20137e-06 3.82715e-06 2.80522e-06 2.04864e-06 1.49088e-06 1.08134e-06 7.81783e-07 5.6347e-07 4.0492e-07 2.90156e-07 2.0735e-07 1.47786e-07 1.05065e-07 7.451e-08 5.27163e-08 3.72119e-08 2.62095e-08 1.84207e-08 1.29198e-08 9.04344e-09 6.31782e-09 4.40537e-09 3.06621e-09 2.13035e-09 1.47758e-09 1.02311e-09 7.07273e-10 4.8816e-10 3.36409e-10 2.31484e-10 1.59051e-10 1.09128e-10 7.47704e-11 5.11606e-11 3.49596e-11 2.38582e-11 1.62615e-11 1.10701e-11 7.52696e-12 5.11185e-12 3.46767e-12 2.34969e-12 1.5904e-12 1.07531e-12 7.26287e-13 4.90044e-13 3.30312e-13 2.22426e-13 1.49633e-13 1.00567e-13 6.75279e-14 4.53018e-14 3.03641e-14 2.03341e-14 1.36056e-14 9.0959e-15 6.07595e-15 4.05537e-15 2.70458e-15 1.80232e-15 1.20013e-15 7.98544e-16 5.30942e-16 3.5276e-16 2.34207e-16 1.55388e-16 1.03023e-16 6.82578e-17 4.51941e-17 2.99038e-17
0.000128704 0.000272436 0.000418891 0.000548352 0.000648503 0.000713897 0.000744492 0.000743921 0.000717886 0.000672866 0.000615202 0.000550523 0.000483455 0.000417538 0.000355274 0.000298266 0.000247378 0.000202908 0.000164749 0.000132519 0.000105675 8.35939e-05 6.56334e-05 5.11726e-05 3.96372e-05 3.05137e-05 2.33544e-05 1.77773e-05 1.34622e-05 1.01447e-05 7.6092e-06 5.68223e-06 4.22541e-06 3.12951e-06 2.30896e-06 1.69733e-06 1.24334e-06 9.07721e-07 6.60562e-07 4.79213e-07 3.46617e-07 2.49992e-07 1.79805e-07 1.2898e-07 9.22838e-08 6.58647e-08 4.68964e-08 3.33135e-08 2.36118e-08 1.66991e-08 1.17854e-08 8.30067e-09 5.83475e-09 4.09353e-09 2.86659e-09 2.00377e-09 1.39819e-09 9.73962e-10 6.77322e-10 4.70268e-10 3.25995e-10 2.25637e-10 1.55941e-10 1.07616e-10 7.41606e-11 5.1035e-11 3.50732e-11 2.40717e-11 1.64998e-11 1.12954e-11 7.72309e-12 5.27419e-12 3.59756e-12 2.45109e-12 1.6681e-12 1.13398e-12 7.70048e-13 5.22362e-13 3.53977e-13 2.39628e-13 1.62057e-13 1.0949e-13 7.39037e-14 4.98368e-14 3.35765e-14 2.2601e-14 1.51997e-14 1.02133e-14 6.8569e-15 4.59965e-15 3.08294e-15 2.06468e-15 1.38165e-15 9.23854e-16 6.17271e-16 4.12118e-16 2.74945e-16 1.83296e-16 1.2211e-16 8.1291e-17 5.40795e-17
7.8232e-05 0.000174679 0.000279361 0.000377904 0.000459981 0.000519682 0.000555021 0.000567009 0.000558641 0.000533972 0.000497384 0.000453066 0.000404696 0.000355274 0.000307091 0.000261763 0.00022032 0.00018331 0.000150912 0.000123035 9.94068e-05 7.96473e-05 6.33199e-05 4.99743e-05 3.91732e-05 3.05103e-05 2.36201e-05 1.8182e-05 1.39207e-05 1.06039e-05 8.03822e-06 6.06533e-06 4.55663e-06 3.4089e-06 2.54009e-06 1.88549e-06 1.39447e-06 1.02771e-06 7.54868e-07 5.52672e-07 4.0338e-07 2.93536e-07 2.1299e-07 1.54116e-07 1.11218e-07 8.00529e-08 5.7477e-08 4.11681e-08 2.94179e-08 2.09738e-08 1.49208e-08 1.05921e-08 7.5037e-09 5.30517e-09 3.74351e-09 2.63656e-09 1.85353e-09 1.30072e-09 9.11203e-10 6.37252e-10 4.4493e-10 3.10153e-10 2.15864e-10 1.50011e-10 1.04093e-10 7.21252e-11 4.99044e-11 3.44818e-11 2.37933e-11 1.63963e-11 1.12844e-11 7.7564e-12 5.32487e-12 3.65118e-12 2.5006e-12 1.71063e-12 1.16889e-12 7.97833e-13 5.43975e-13 3.70497e-13 2.52079e-13 1.71335e-13 1.16338e-13 7.89168e-14 5.3481e-14 3.62092e-14 2.44927e-14 1.65523e-14 1.11761e-14 7.53954e-15 5.08187e-15 3.42243e-15 2.30295e-15 1.54839e-15 1.04022e-15 6.98279e-16 4.68377e-16 3.13928e-16 2.10252e-16 1.40711e-16 9.41025e-17
4.75528e-05 0.000111697 0.000185486 0.000258946 0.000324031 0.000375348 0.000410175 0.000428067 0.000430273 0.00041912 0.000397475 0.000368318 0.00033444 0.000298266 0.000261763 0.000226426 0.000193305 0.000163065 0.000136053 0.000112374 9.1952e-05 7.45907e-05 6.00198e-05 4.79315e-05 3.80076e-05 2.99385e-05 2.34351e-05 1.82361e-05 1.41113e-05 1.08618e-05 8.31851e-06 6.34033e-06 4.81059e-06 3.63409e-06 2.73394e-06 2.0486e-06 1.52924e-06 1.13739e-06 8.4299e-07 6.22698e-07 4.58489e-07 3.36535e-07 2.46281e-07 1.79711e-07 1.30771e-07 9.49024e-08 6.86933e-08 4.95974e-08 3.57229e-08 2.56691e-08 1.84028e-08 1.31642e-08 9.39665e-09 6.69339e-09 4.75817e-09 3.37582e-09 2.3905e-09 1.68963e-09 1.19208e-09 8.39572e-10 5.90288e-10 4.14328e-10 2.90347e-10 2.03142e-10 1.41909e-10 9.89839e-11 6.8941e-11 4.79474e-11 3.32997e-11 2.30951e-11 1.59961e-11 1.10647e-11 7.64372e-12 5.27381e-12 3.63421e-12 2.50134e-12 1.71958e-12 1.18079e-12 8.09897e-13 5.54889e-13 3.79761e-13 2.59628e-13 1.77313e-13 1.20972e-13 8.24499e-14 5.61396e-14 3.81881e-14 2.59522e-14 1.76204e-14 1.19525e-14 8.1005e-15 5.48506e-15 3.71085e-15 2.50839e-15 1.69415e-15 1.14328e-15 7.70905e-16 5.19401e-16 3.49675e-16 2.35229e-16 1.5812e-16
2.89046e-05 7.1249e-05 0.000122666 0.000176515 0.000226849 0.000269182 0.000300743 0.000320392 0.000328329 0.000325714 0.000314302 0.000296112 0.000273179 0.000247378 0.00022032 0.000193305 0.000167315 0.000143036 0.000120899 0.000101124 8.37692e-05 6.87716e-05 5.59883e-05 4.52258e-05 3.62651e-05 2.88801e-05 2.28502e-05 1.79688e-05 1.40485e-05 1.09234e-05 8.44925e-06 6.50317e-06 4.98173e-06 3.79908e-06 2.88475e-06 2.18147e-06 1.64316e-06 1.23301e-06 9.21897e-07 6.86884e-07 5.1007e-07 3.77551e-07 2.78594e-07 2.0496e-07 1.50352e-07 1.09986e-07 8.02407e-08 5.83874e-08 4.23786e-08 3.0684e-08 2.2164e-08 1.59731e-08 1.14857e-08 8.24121e-09 5.90079e-09 4.21641e-09 3.00686e-09 2.14016e-09 1.52042e-09 1.07816e-09 7.63191e-10 5.39298e-10 3.80443e-10 2.67937e-10 1.88399e-10 1.32264e-10 9.27128e-11 6.48914e-11 4.53523e-11 3.16513e-11 2.20586e-11 1.53522e-11 1.06704e-11 7.40673e-12 5.13471e-12 3.55518e-12 2.45853e-12 1.69811e-12 1.17151e-12 8.07287e-13 5.55671e-13 3.82056e-13 2.624e-13 1.80027e-13 1.23384e-13 8.44762e-14 5.77794e-14 3.94804e-14 2.69507e-14 1.83799e-14 1.25231e-14 8.52473e-15 5.79772e-15 3.93956e-15 2.6746e-15 1.81426e-15 1.22962e-15 8.32693e-16 5.63434e-16 3.80937e-16 2.57347e-16
1.75695e-05 4.53475e-05 8.08283e-05 0.000119757 0.000157918 0.0001918 0.000218925 0.000237922 0.00024842 0.000250839 0.000246154 0.000235662 0.000220781 0.000202908 0.00018331 0.000163065 0.000143036 0.000123873 0.000106027 8.9776e-05 7.52601e-05 6.25083e-05 5.14701e-05 4.20398e-05 3.40782e-05 2.74284e-05 2.19286e-05 1.7421e-05 1.37573e-05 1.08026e-05 8.43686e-06 6.55554e-06 5.06892e-06 3.90121e-06 2.98917e-06 2.28063e-06 1.73296e-06 1.31167e-06 9.89087e-07 7.43153e-07 5.56439e-07 4.15249e-07 3.0889e-07 2.29062e-07 1.69358e-07 1.24854e-07 9.17883e-08 6.72976e-08 4.92127e-08 3.58968e-08 2.61198e-08 1.89606e-08 1.37319e-08 9.92288e-09 7.15484e-09 5.14807e-09 3.69655e-09 2.64899e-09 1.89461e-09 1.35249e-09 9.63719e-10 6.85465e-10 4.86697e-10 3.44977e-10 2.44117e-10 1.72464e-10 1.2165e-10 8.56739e-11 6.0246e-11 4.23024e-11 2.96601e-11 2.07666e-11 1.45197e-11 1.01382e-11 7.06953e-12 4.92329e-12 3.42427e-12 2.3787e-12 1.65037e-12 1.14368e-12 7.91625e-13 5.47312e-13 3.77973e-13 2.6074e-13 1.79673e-13 1.23679e-13 8.50468e-14 5.84216e-14 4.00914e-14 2.74853e-14 1.88247e-14 1.28807e-14 8.80535e-15 6.01385e-15 4.1036e-15 2.79763e-15 1.90562e-15 1.29691e-15 8.81886e-16 5.99176e-16 4.06762e-16
1.06795e-05 2.88037e-05 5.30838e-05 8.08987e-05 0.000109365 0.000135856 0.000158318 0.000175411 0.000186502 0.000191577 0.000191091 0.000185818 0.000176704 0.000164749 0.000150912 0.000136053 0.000120899 0.000106027 9.18669e-05 7.87168e-05 6.67579e-05 5.60768e-05 4.66866e-05 3.85463e-05 3.15777e-05 2.56798e-05 2.07395e-05 1.66407e-05 1.32697e-05 1.05198e-05 8.29358e-06 6.50398e-06 5.07492e-06 3.94088e-06 3.04623e-06 2.34437e-06 1.79665e-06 1.37135e-06 1.04269e-06 7.89855e-07 5.96192e-07 4.48466e-07 3.36227e-07 2.51274e-07 1.87206e-07 1.39059e-07 1.02998e-07 7.60754e-08 5.60389e-08 4.11718e-08 3.01724e-08 2.20574e-08 1.60866e-08 1.17049e-08 8.49762e-09 6.15571e-09 4.44976e-09 3.20995e-09 2.31093e-09 1.66045e-09 1.1908e-09 8.52396e-10 6.09059e-10 4.3442e-10 3.09323e-10 2.1988e-10 1.56043e-10 1.10562e-10 7.8215e-11 5.52469e-11 3.89651e-11 2.74415e-11 1.92983e-11 1.35525e-11 9.50445e-12 6.65657e-12 4.65589e-12 3.25234e-12 2.26904e-12 1.58107e-12 1.10036e-12 7.6489e-13 5.31079e-13 3.68318e-13 2.55152e-13 1.76562e-13 1.22047e-13 8.42742e-14 5.81313e-14 4.00573e-14 2.75751e-14 1.89637e-14 1.30289e-14 8.94291e-15 6.13257e-15 4.20151e-15 2.87591e-15 1.96679e-15 1.34387e-15 9.17455e-16 6.2581e-16
6.49146e-06 1.82616e-05 3.47568e-05 5.44325e-05 7.53811e-05 9.57075e-05 0.000113798 0.000128469 0.000139019 0.000145201 0.000147147 0.000145269 0.000140165 0.000132519 0.000123035 0.000112374 0.000101124 8.9776e-05 7.87168e-05 6.82341e-05 5.85238e-05 4.97039e-05 4.18278e-05 3.48992e-05 2.88853e-05 2.37278e-05 1.93529e-05 1.5679e-05 1.2622e-05 1.01e-05 8.03583e-06 6.3588e-06 5.00573e-06 3.92114e-06 3.05706e-06 2.37264e-06 1.83349e-06 1.41099e-06 1.08153e-06 8.25824e-07 6.28258e-07 4.76265e-07 3.59812e-07 2.70939e-07 2.0337e-07 1.52183e-07 1.13542e-07 8.44696e-08 6.26666e-08 4.63663e-08 3.42164e-08 2.51865e-08 1.84941e-08 1.35477e-08 9.90124e-09 7.21999e-09 5.25331e-09 3.81421e-09 2.7636e-09 1.99835e-09 1.44215e-09 1.03877e-09 7.46824e-10 5.35951e-10 3.83937e-10 2.74563e-10 1.96014e-10 1.39706e-10 9.94124e-11 7.06285e-11 5.01013e-11 3.54864e-11 2.50976e-11 1.77246e-11 1.24998e-11 8.80302e-12 6.19112e-12 4.3484e-12 3.05017e-12 2.13681e-12 1.49507e-12 1.04478e-12 7.29235e-13 5.0839e-13 3.54016e-13 2.46238e-13 1.71081e-13 1.18734e-13 8.23149e-14 5.70064e-14 3.94383e-14 2.72565e-14 1.88186e-14 1.298e-14 8.94423e-15 6.1574e-15 4.23491e-15 2.90999e-15 1.99777e-15 1.37029e-15 9.39068e-16
3.94579e-06 1.15582e-05 2.26935e-05 3.6491e-05 5.17297e-05 6.70857e-05 8.13397e-05 9.35141e-05 0.000102942 0.000109276 0.000112461 0.000112674 0.000110262 0.000105675 9.94068e-05 9.1952e-05 8.37692e-05 7.52601e-05 6.67579e-05 5.85238e-05 5.07501e-05 4.35662e-05 3.70486e-05 3.12298e-05 2.61084e-05 2.16582e-05 1.78356e-05 1.45866e-05 1.18518e-05 9.57029e-06 7.68265e-06 6.13292e-06 4.86978e-06 3.84718e-06 3.02458e-06 2.36685e-06 1.84392e-06 1.4304e-06 1.10508e-06 8.50399e-07 6.51936e-07 4.9797e-07 3.79031e-07 2.87525e-07 2.17398e-07 1.63856e-07 1.23124e-07 9.2244e-08 6.89116e-08 5.13385e-08 3.81442e-08 2.82671e-08 2.08947e-08 1.54073e-08 1.13339e-08 8.31819e-09 6.09114e-09 4.45057e-09 3.24494e-09 2.361e-09 1.71437e-09 1.24239e-09 8.9862e-10 6.48753e-10 4.67507e-10 3.36295e-10 2.41488e-10 1.73113e-10 1.23892e-10 8.85215e-11 6.31485e-11 4.49782e-11 3.19875e-11 2.2715e-11 1.61068e-11 1.14048e-11 8.06416e-12 5.69424e-12 4.0154e-12 2.82782e-12 1.9889e-12 1.3971e-12 9.80169e-13 6.86827e-13 4.80701e-13 3.36042e-13 2.34646e-13 1.6366e-13 1.14022e-13 7.93528e-14 5.5166e-14 3.8311e-14 2.65783e-14 1.842e-14 1.27531e-14 8.82103e-15 6.09539e-15 4.20796e-15 2.90225e-15 1.99986e-15 1.3768e-15
2.39842e-06 7.30395e-06 1.47787e-05 2.43804e-05 3.53551e-05 4.68049e-05 5.78385e-05 6.76845e-05 7.57607e-05 8.17021e-05 8.53559e-05 8.67544e-05 8.60746e-05 8.35939e-05 7.96473e-05 7.45907e-05 6.87716e-05 6.25083e-05 5.60768e-05 4.97039e-05 4.35662e-05 3.77926e-05 3.24689e-05 2.76442e-05 2.33379e-05 1.95462e-05 1.62482e-05 1.34113e-05 1.09958e-05 8.95818e-06 7.25426e-06 5.8408e-06 4.6771e-06 3.72574e-06 2.95314e-06 2.32961e-06 1.82935e-06 1.43023e-06 1.1135e-06 8.63408e-07 6.6689e-07 5.13175e-07 3.93468e-07 3.00636e-07 2.28936e-07 1.73771e-07 1.31486e-07 9.91883e-08 7.46047e-08 5.59546e-08 4.18512e-08 3.12188e-08 2.32272e-08 1.72379e-08 1.27616e-08 9.42527e-09 6.94506e-09 5.10599e-09 3.74569e-09 2.74193e-09 2.00298e-09 1.46021e-09 1.06242e-09 7.71512e-10 5.59203e-10 4.04575e-10 2.92179e-10 2.10639e-10 1.51595e-10 1.08919e-10 7.81294e-11 5.59537e-11 4.00096e-11 2.85649e-11 2.03635e-11 1.44955e-11 1.03036e-11 7.31362e-12 5.18414e-12 3.66973e-12 2.59427e-12 1.8316e-12 1.29149e-12 9.09514e-13 6.39726e-13 4.49422e-13 3.15356e-13 2.21026e-13 1.54735e-13 1.08205e-13 7.55839e-14 5.274e-14 3.67611e-14 2.55966e-14 1.78045e-14 1.2372e-14 8.58848e-15 5.95619e-15 4.1267e-15 2.85644e-15 1.97535e-15
1.45786e-06 4.60887e-06 9.60132e-06 1.62379e-05 2.40726e-05 3.2514e-05 4.09292e-05 4.8731e-05 5.54391e-05 6.07139e-05 6.4365e-05 6.63423e-05 6.67129e-05 6.56334e-05 6.33199e-05 6.00198e-05 5.59883e-05 5.14701e-05 4.66866e-05 4.18278e-05 3.70486e-05 3.24689e-05 2.8175e-05 2.42237e-05 2.06466e-05 1.74547e-05 1.46433e-05 1.21959e-05 1.0088e-05 8.29021e-06 6.77081e-06 5.49744e-06 4.43858e-06 3.56455e-06 2.84803e-06 2.26443e-06 1.79201e-06 1.41179e-06 1.10745e-06 8.65126e-07 6.73134e-07 5.21743e-07 4.02906e-07 3.10028e-07 2.37739e-07 1.817e-07 1.38424e-07 1.05127e-07 7.95993e-08 6.00946e-08 4.5241e-08 3.39654e-08 2.54322e-08 1.89936e-08 1.41494e-08 1.0515e-08 7.79558e-09 5.76611e-09 4.25539e-09 3.13361e-09 2.30262e-09 1.68848e-09 1.23563e-09 9.02447e-10 6.57833e-10 4.7862e-10 3.47589e-10 2.51977e-10 1.82344e-10 1.31728e-10 9.50019e-11 6.84028e-11 4.9172e-11 3.52922e-11 2.52912e-11 1.8097e-11 1.29301e-11 9.22505e-12 6.57234e-12 4.67592e-12 3.32218e-12 2.35721e-12 1.67033e-12 1.18209e-12 8.35505e-13 5.89807e-13 4.15855e-13 2.92857e-13 2.05997e-13 1.44732e-13 1.01573e-13 7.12043e-14 4.9861e-14 3.48777e-14 2.43712e-14 1.70119e-14 1.18628e-14 8.26387e-15 5.75109e-15 3.99848e-15 2.7773e-15
8.86152e-07 2.90433e-06 6.22378e-06 1.07831e-05 1.6333e-05 2.24955e-05 2.88332e-05 3.49122e-05 4.03527e-05 4.48607e-05 4.82435e-05 5.04101e-05 5.13613e-05 5.11726e-05 4.99743e-05 4.79315e-05 4.52258e-05 4.20398e-05 3.85463e-05 3.48992e-05 3.12298e-05 2.76442e-05 2.42237e-05 2.10263e-05 1.80896e-05 1.54337e-05 1.30645e-05 1.09772e-05 9.1587e-06 7.5907e-06 6.25143e-06 5.11753e-06 4.16532e-06 3.37176e-06 2.71514e-06 2.17547e-06 1.73472e-06 1.37691e-06 1.08809e-06 8.56209e-07 6.70997e-07 5.23785e-07 4.07323e-07 3.15599e-07 2.43669e-07 1.87493e-07 1.43792e-07 1.09926e-07 8.37771e-08 6.36575e-08 4.82297e-08 3.64383e-08 2.74546e-08 2.0631e-08 1.54635e-08 1.15613e-08 8.62278e-09 6.41592e-09 4.76288e-09 3.5278e-09 2.60728e-09 1.92285e-09 1.41514e-09 1.03937e-09 7.61874e-10 5.57386e-10 4.07014e-10 2.96661e-10 2.15839e-10 1.56759e-10 1.13655e-10 8.22647e-11 5.94459e-11 4.28873e-11 3.08923e-11 2.22178e-11 1.59548e-11 1.14403e-11 8.19132e-12 5.85665e-12 4.18156e-12 2.98148e-12 2.12295e-12 1.50965e-12 1.07214e-12 7.6045e-13 5.38704e-13 3.81151e-13 2.69353e-13 1.90122e-13 1.34041e-13 9.43948e-14 6.64005e-14 4.66568e-14 3.27482e-14 2.29613e-14 1.60824e-14 1.12527e-14 7.86537e-15 5.49224e-15 3.83135e-15
5.38641e-07 1.8279e-06 4.02599e-06 7.14121e-06 1.10453e-05 1.55053e-05 2.02264e-05 2.48968e-05 2.92255e-05 3.29706e-05 3.59556e-05 3.80758e-05 3.92951e-05 3.96372e-05 3.91732e-05 3.80076e-05 3.62651e-05 3.40782e-05 3.15777e-05 2.88853e-05 2.61084e-05 2.33379e-05 2.06466e-05 1.80896e-05 1.57061e-05 1.35208e-05 1.15462e-05 9.78544e-06 8.23376e-06 6.88106e-06 5.71348e-06 4.71487e-06 3.86803e-06 3.15556e-06 2.56057e-06 2.06716e-06 1.66065e-06 1.32782e-06 1.05691e-06 8.37621e-07 6.61064e-07 5.19627e-07 4.0687e-07 3.17391e-07 2.46697e-07 1.91082e-07 1.47505e-07 1.13495e-07 8.70516e-08 6.65648e-08 5.07485e-08 3.8579e-08 2.92459e-08 2.21106e-08 1.66721e-08 1.25391e-08 9.4072e-09 7.04045e-09 5.25672e-09 3.91589e-09 2.91053e-09 2.15857e-09 1.59747e-09 1.17977e-09 8.69527e-10 6.39599e-10 4.69562e-10 3.44079e-10 2.51664e-10 1.83739e-10 1.3391e-10 9.74265e-11 7.07632e-11 5.13121e-11 3.71475e-11 2.68504e-11 1.93775e-11 1.39632e-11 1.00467e-11 7.21819e-12 5.17859e-12 3.71008e-12 2.65435e-12 1.89646e-12 1.35318e-12 9.64269e-13 6.86258e-13 4.87787e-13 3.46288e-13 2.45538e-13 1.73893e-13 1.23009e-13 8.69149e-14 6.13422e-14 4.32455e-14 3.04542e-14 2.14233e-14 1.50545e-14 1.0568e-14 7.41101e-15 5.19185e-15
3.2741e-07 1.14908e-06 2.59924e-06 4.71721e-06 7.4465e-06 1.06494e-05 1.41328e-05 1.76778e-05 2.10677e-05 2.41107e-05 2.66553e-05 2.85985e-05 2.9887e-05 3.05137e-05 3.05103e-05 2.99385e-05 2.88801e-05 2.74284e-05 2.56798e-05 2.37278e-05 2.16582e-05 1.95462e-05 1.74547e-05 1.54337e-05 1.35208e-05 1.17421e-05 1.0114e-05 8.64435e-06 7.33417e-06 6.17939e-06 5.1721e-06 4.30185e-06 3.55663e-06 2.92372e-06 2.39033e-06 1.94404e-06 1.57317e-06 1.26694e-06 1.01562e-06 8.10551e-07 6.44129e-07 5.09776e-07 4.01849e-07 3.15563e-07 2.46892e-07 1.92476e-07 1.49537e-07 1.1579e-07 8.93698e-08 6.87622e-08 5.27462e-08 4.03416e-08 3.07662e-08 2.33986e-08 1.77474e-08 1.34258e-08 1.01307e-08 7.62535e-09 5.72574e-09 4.28925e-09 3.2058e-09 2.39067e-09 1.77893e-09 1.32091e-09 9.78782e-10 7.23803e-10 5.34189e-10 3.93487e-10 2.89298e-10 2.12305e-10 1.55521e-10 1.13724e-10 8.30164e-11 6.04981e-11 4.40149e-11 3.19708e-11 2.31856e-11 1.67883e-11 1.21376e-11 8.76211e-12 6.31609e-12 4.54635e-12 3.26787e-12 2.34567e-12 1.68142e-12 1.20367e-12 8.60542e-13 6.14436e-13 4.3816e-13 3.12068e-13 2.21992e-13 1.57726e-13 1.11933e-13 7.93437e-14 5.61786e-14 3.97322e-14 2.80696e-14 1.98088e-14 1.39642e-14 9.8338e-15 6.91793e-15
1.99014e-07 7.21558e-07 1.67504e-06 3.10852e-06 5.00572e-06 7.28995e-06 9.83836e-06 1.25009e-05 1.51202e-05 1.75486e-05 1.96619e-05 2.13669e-05 2.26057e-05 2.33544e-05 2.36201e-05 2.34351e-05 2.28502e-05 2.19286e-05 2.07395e-05 1.93529e-05 1.78356e-05 1.62482e-05 1.46433e-05 1.30645e-05 1.15462e-05 1.0114e-05 8.78552e-06 7.57133e-06 6.47623e-06 5.5003e-06 4.64e-06 3.88919e-06 3.23998e-06 2.68341e-06 2.21008e-06 1.81054e-06 1.47565e-06 1.19681e-06 9.66099e-07 7.76333e-07 6.21128e-07 4.94868e-07 3.92681e-07 3.1038e-07 2.44406e-07 1.91754e-07 1.49917e-07 1.16808e-07 9.07118e-08 7.02207e-08 5.41901e-08 4.16935e-08 3.19852e-08 2.4468e-08 1.8666e-08 1.42017e-08 1.0777e-08 8.15749e-09 6.15945e-09 4.63963e-09 3.48664e-09 2.61421e-09 1.95571e-09 1.45991e-09 1.0875e-09 8.08408e-10 5.99729e-10 4.44039e-10 3.28133e-10 2.42024e-10 1.78183e-10 1.30945e-10 9.60605e-11 7.03477e-11 5.14304e-11 3.75379e-11 2.73536e-11 1.99007e-11 1.44559e-11 1.04847e-11 7.59308e-12 5.49086e-12 3.96494e-12 2.85902e-12 2.05871e-12 1.48041e-12 1.06313e-12 7.6246e-13 5.46121e-13 3.9067e-13 2.79118e-13 1.99175e-13 1.41958e-13 1.01057e-13 7.18572e-14 5.10359e-14 3.62069e-14 2.56582e-14 1.8163e-14 1.28434e-14 9.07229e-15
1.20969e-07 4.52635e-07 1.0776e-06 2.0438e-06 3.3558e-06 4.97464e-06 6.82486e-06 8.80615e-06 1.08067e-05 1.27158e-05 1.44349e-05 1.58846e-05 1.7009e-05 1.77773e-05 1.8182e-05 1.82361e-05 1.79688e-05 1.7421e-05 1.66407e-05 1.5679e-05 1.45866e-05 1.34113e-05 1.21959e-05 1.09772e-05 9.78544e-06 8.64435e-06 7.57133e-06 6.57819e-06 5.67181e-06 4.85501e-06 4.12732e-06 3.48579e-06 2.92565e-06 2.44094e-06 2.02496e-06 1.67074e-06 1.3713e-06 1.11991e-06 9.10214e-07 7.36369e-07 5.93083e-07 4.75636e-07 3.79874e-07 3.02186e-07 2.39463e-07 1.89054e-07 1.48722e-07 1.16587e-07 9.10891e-08 7.09354e-08 5.50663e-08 4.26162e-08 3.28829e-08 2.52993e-08 1.941e-08 1.4851e-08 1.13326e-08 8.62547e-09 6.54847e-09 4.95942e-09 3.747e-09 2.82439e-09 2.12411e-09 1.59392e-09 1.19348e-09 8.91761e-10 6.64942e-10 4.94815e-10 3.67491e-10 2.72404e-10 2.0154e-10 1.48836e-10 1.09717e-10 8.07363e-11 5.93083e-11 4.34937e-11 3.18432e-11 2.32756e-11 1.69861e-11 1.23768e-11 9.00444e-12 6.54114e-12 4.74471e-12 3.43668e-12 2.48571e-12 1.79539e-12 1.295e-12 9.32825e-13 6.71052e-13 4.82113e-13 3.4593e-13 2.47904e-13 1.77437e-13 1.26847e-13 9.05728e-14 6.45963e-14 4.60168e-14 3.27442e-14 2.32738e-14 1.65243e-14 1.17196e-14
7.35302e-08 2.83666e-07 6.92136e-07 1.3409e-06 2.24393e-06 3.38463e-06 4.71875e-06 6.18092e-06 7.69345e-06 9.17531e-06 1.05503e-05 1.17533e-05 1.27348e-05 1.34622e-05 1.39207e-05 1.41113e-05 1.40485e-05 1.37573e-05 1.32697e-05 1.2622e-05 1.18518e-05 1.09958e-05 1.0088e-05 9.1587e-06 8.23376e-06 7.33417e-06 6.47623e-06 5.67181e-06 4.92879e-06 4.25159e-06 3.6418e-06 3.09872e-06 2.6199e-06 2.20165e-06 1.83947e-06 1.52836e-06 1.26312e-06 1.0386e-06 8.49807e-07 6.92064e-07 5.61052e-07 4.52859e-07 3.63993e-07 2.9138e-07 2.3234e-07 1.84561e-07 1.46071e-07 1.15199e-07 9.05406e-08 7.09237e-08 5.5378e-08 4.31047e-08 3.34497e-08 2.58808e-08 1.99672e-08 1.5362e-08 1.17869e-08 9.01993e-09 6.88481e-09 5.24196e-09 3.98141e-09 3.0168e-09 2.2806e-09 1.72016e-09 1.29458e-09 9.72196e-10 7.28557e-10 5.44854e-10 4.06652e-10 3.02908e-10 2.25198e-10 1.6711e-10 1.23777e-10 9.15154e-11 6.75433e-11 4.97646e-11 3.66036e-11 2.68786e-11 1.97053e-11 1.44234e-11 1.05407e-11 7.69149e-12 5.60398e-12 4.07701e-12 2.96181e-12 2.1486e-12 1.55649e-12 1.12601e-12 8.13491e-13 5.86933e-13 4.22921e-13 3.04351e-13 2.18748e-13 1.57028e-13 1.12585e-13 8.06243e-14 5.76688e-14 4.12015e-14 2.9403e-14 2.09596e-14 1.49243e-14
4.46948e-08 1.77612e-07 4.43877e-07 8.77972e-07 1.4968e-06 2.29639e-06 3.25237e-06 4.32343e-06 5.45677e-06 6.59428e-06 7.67851e-06 8.65782e-06 9.49002e-06 1.01447e-05 1.06039e-05 1.08618e-05 1.09234e-05 1.08026e-05 1.05198e-05 1.01e-05 9.57029e-06 8.95818e-06 8.29021e-06 7.5907e-06 6.88106e-06 6.17939e-06 5.5003e-06 4.85501e-06 4.25159e-06 3.69528e-06 3.18891e-06 2.73328e-06 2.32762e-06 1.96995e-06 1.65741e-06 1.38659e-06 1.15375e-06 9.5503e-07 7.866e-07 6.44771e-07 5.26079e-07 4.2733e-07 3.45632e-07 2.78398e-07 2.23349e-07 1.78494e-07 1.42116e-07 1.12744e-07 8.91294e-08 7.02227e-08 5.5145e-08 4.31667e-08 3.36859e-08 2.62084e-08 2.03312e-08 1.57272e-08 1.21322e-08 9.33387e-09 7.16217e-09 5.48175e-09 4.18518e-09 3.18755e-09 2.42199e-09 1.83606e-09 1.38875e-09 1.04811e-09 7.89323e-10 5.93189e-10 4.44878e-10 3.3298e-10 2.4874e-10 1.85455e-10 1.38012e-10 1.02517e-10 7.60141e-11 5.62636e-11 4.1573e-11 3.06663e-11 2.25834e-11 1.6604e-11 1.21883e-11 8.93295e-12 6.53703e-12 4.77652e-12 3.48499e-12 2.53899e-12 1.84715e-12 1.34195e-12 9.73581e-13 7.05378e-13 5.10382e-13 3.6881e-13 2.66166e-13 1.91847e-13 1.38108e-13 9.93011e-14 7.13128e-14 5.11527e-14 3.66492e-14 2.62279e-14 1.87489e-14
2.71675e-08 1.11114e-07 2.84255e-07 5.73768e-07 9.96137e-07 1.55392e-06 2.23503e-06 3.01431e-06 3.85673e-06 4.72143e-06 5.56605e-06 6.35062e-06 7.04062e-06 7.6092e-06 8.03822e-06 8.31851e-06 8.44925e-06 8.43686e-06 8.29358e-06 8.03583e-06 7.68265e-06 7.25426e-06 6.77081e-06 6.25143e-06 5.71348e-06 5.1721e-06 4.64e-06 4.12732e-06 3.6418e-06 3.18891e-06 2.77212e-06 2.39319e-06 2.05248e-06 1.74923e-06 1.48184e-06 1.24812e-06 1.04548e-06 8.71118e-07 7.22154e-07 5.95745e-07 4.89157e-07 3.99825e-07 3.25383e-07 2.63688e-07 2.12823e-07 1.71096e-07 1.37028e-07 1.0934e-07 8.69371e-08 6.88859e-08 5.44003e-08 4.28215e-08 3.3601e-08 2.62853e-08 2.05013e-08 1.59439e-08 1.23647e-08 9.56273e-09 7.37602e-09 5.67459e-09 4.35459e-09 3.3334e-09 2.54555e-09 1.93935e-09 1.47412e-09 1.11799e-09 8.46049e-10 6.38886e-10 4.81442e-10 3.62058e-10 2.71734e-10 2.03546e-10 1.52177e-10 1.13559e-10 8.45866e-11 6.28926e-11 4.66804e-11 3.45876e-11 2.55842e-11 1.88932e-11 1.39294e-11 1.02534e-11 7.53568e-12 5.52984e-12 4.0518e-12 2.96443e-12 2.16573e-12 1.57997e-12 1.15102e-12 8.37375e-13 6.08373e-13 4.4141e-13 3.1985e-13 2.31469e-13 1.67298e-13 1.20767e-13 8.70712e-14 6.27016e-14 4.50991e-14 3.24004e-14 2.32507e-14
1.65135e-08 6.94563e-08 1.81787e-07 3.74289e-07 6.61493e-07 1.04885e-06 1.53159e-06 2.0951e-06 2.71674e-06 3.36838e-06 4.0194e-06 4.63953e-06 5.20137e-06 5.68223e-06 6.06533e-06 6.34033e-06 6.50317e-06 6.55554e-06 6.50398e-06 6.3588e-06 6.13292e-06 5.8408e-06 5.49744e-06 5.11753e-06 4.71487e-06 4.30185e-06 3.88919e-06 3.48579e-06 3.09872e-06 2.73328e-06 2.39319e-06 2.08072e-06 1.79696e-06 1.542e-06 1.31514e-06 1.11511e-06 9.4021e-07 7.88487e-07 6.57837e-07 5.46115e-07 4.51202e-07 3.71072e-07 3.03819e-07 2.47691e-07 2.01099e-07 1.62619e-07 1.30994e-07 1.05125e-07 8.40596e-08 6.69796e-08 5.31885e-08 4.20976e-08 3.32127e-08 2.61214e-08 2.04821e-08 1.6013e-08 1.24832e-08 9.70441e-09 7.52373e-09 5.81766e-09 4.48688e-09 3.45182e-09 2.64904e-09 2.0281e-09 1.54909e-09 1.18052e-09 8.97647e-10 6.8107e-10 5.15648e-10 3.89595e-10 2.93758e-10 2.21055e-10 1.66023e-10 1.24453e-10 9.31181e-11 6.95454e-11 5.18471e-11 3.8585e-11 2.86659e-11 2.12608e-11 1.57425e-11 1.16377e-11 8.58944e-12 6.32973e-12 4.65736e-12 3.42169e-12 2.51014e-12 1.83876e-12 1.34503e-12 9.82499e-13 7.16692e-13 5.22089e-13 3.7982e-13 2.75958e-13 2.00239e-13 1.45113e-13 1.05032e-13 7.59281e-14 5.48227e-14 3.95369e-14 2.84799e-14
1.00376e-08 4.33836e-08 1.16106e-07 2.43744e-07 4.38359e-07 7.06259e-07 1.04673e-06 1.45192e-06 1.90762e-06 2.39489e-06 2.89201e-06 3.37651e-06 3.82715e-06 4.22541e-06 4.55663e-06 4.81059e-06 4.98173e-06 5.06892e-06 5.07492e-06 5.00573e-06 4.86978e-06 4.6771e-06 4.43858e-06 4.16532e-06 3.86803e-06 3.55663e-06 3.23998e-06 2.92565e-06 2.6199e-06 2.32762e-06 2.05248e-06 1.79696e-06 1.56257e-06 1.34994e-06 1.15902e-06 9.89189e-07 8.39443e-07 7.08478e-07 5.9481e-07 4.96862e-07 4.13029e-07 3.41737e-07 2.81476e-07 2.30833e-07 1.88506e-07 1.53316e-07 1.24206e-07 1.00241e-07 8.06015e-08 6.4579e-08 5.15626e-08 4.10316e-08 3.2545e-08 2.5732e-08 2.02827e-08 1.59396e-08 1.249e-08 9.75921e-09 7.60447e-09 5.90955e-09 4.58038e-09 3.5411e-09 2.73081e-09 2.10082e-09 1.61233e-09 1.23456e-09 9.43166e-10 7.18955e-10 5.46859e-10 4.15079e-10 3.14404e-10 2.37665e-10 1.79301e-10 1.35007e-10 1.01463e-10 7.61111e-11 5.699e-11 4.25964e-11 3.17824e-11 2.36731e-11 1.76033e-11 1.30681e-11 9.68566e-12 7.16728e-12 5.29544e-12 3.90646e-12 2.87748e-12 2.1164e-12 1.55436e-12 1.13996e-12 8.34861e-13 6.10579e-13 4.45944e-13 3.25267e-13 2.36936e-13 1.7237e-13 1.25239e-13 9.08821e-14 6.58692e-14 4.76828e-14 3.44765e-14
