0.382498 0.0770592 0.0378244 0.0201474 0.0108107 0.00567784 0.00290146 0.00144602 0.000705914 0.000338968 0.000160649 7.53459e-05 3.5041e-05 1.61841e-05 7.43194e-06 3.39633e-06 1.54567e-06 7.00918e-07 3.16854e-07 1.42841e-07 6.42368e-08 2.88245e-08 1.29087e-08 5.77067e-09 2.5755e-09 1.14774e-09 5.1074e-10 2.26906e-10 1.005e-10 4.40362e-11 1.95106e-11
0.0770592 0.020991 0.0100972 0.00453988 0.00195537 0.000823871 0.000343843 0.0001431 5.95841e-05 2.48582e-05 1.03963e-05 4.35894e-06 1.83193e-06 7.71553e-07 3.25573e-07 1.37612e-07 5.82515e-08 2.469e-08 1.04769e-08 4.45022e-09 1.89201e-09 8.05033e-10 3.4278e-10 1.46049e-10 6.22625e-11 2.65556e-11 1.13279e-11 4.8266e-12 2.04177e-12 8.33367e-13 3.56346e-13
0.0378244 0.0100972 0.00388315 0.001555 0.000629308 0.00025584 0.000104472 4.28741e-05 1.76853e-05 7.33032e-06 3.05151e-06 1.2751e-06 5.34535e-07 2.24702e-07 9.46801e-08 3.99746e-08 1.69068e-08 7.16119e-09 3.03719e-09 1.28959e-09 5.48105e-10 2.33161e-10 9.92631e-11 4.22881e-11 1.80261e-11 7.68674e-12 3.27643e-12 1.39119e-12 5.79545e-13 2.45932e-13 1.05174e-13
0.0201474 0.00453988 0.001555 0.000575815 0.000221894 8.74801e-05 3.50197e-05 1.4181e-05 5.79506e-06 2.38569e-06 9.88062e-07 4.11237e-07 1.71854e-07 7.20585e-08 3.02988e-08 1.27699e-08 5.39281e-09 2.28131e-09 9.66475e-10 4.09968e-10 1.74097e-10 7.40045e-11 3.14845e-11 1.34047e-11 5.71042e-12 2.43288e-12 1.03464e-12 4.35722e-13 1.85514e-13 7.87137e-14 3.3653e-14
0.0108107 0.00195537 0.000629308 0.000221894 8.26528e-05 3.18508e-05 1.25546e-05 5.02902e-06 2.03894e-06 8.3438e-07 3.43951e-07 1.42613e-07 5.94108e-08 2.4845e-08 1.04229e-08 4.38421e-09 1.84826e-09 7.80652e-10 3.30263e-10 1.39919e-10 5.93506e-11 2.52023e-11 1.07118e-11 4.55643e-12 1.93907e-12 8.24747e-13 3.49182e-13 1.4869e-13 6.32864e-14 2.68433e-14 1.14703e-14
0.00567784 0.000823871 0.00025584 8.74801e-05 3.18508e-05 1.2078e-05 4.70685e-06 1.86988e-06 7.53376e-07 3.06782e-07 1.25957e-07 5.20506e-08 2.16213e-08 9.01923e-09 3.77539e-09 1.58492e-09 6.66972e-10 2.81258e-10 1.18816e-10 5.02697e-11 2.1297e-11 9.0331e-12 3.83522e-12 1.6296e-12 6.92558e-13 2.93796e-13 1.25017e-13 5.32084e-14 2.26355e-14 9.59658e-15 4.09797e-15
0.00290146 0.000343843 0.000104472 3.50197e-05 1.25546e-05 4.70685e-06 1.819e-06 7.18078e-07 2.87883e-07 1.16756e-07 4.77742e-08 1.96846e-08 8.15579e-09 3.39437e-09 1.41794e-09 5.94146e-10 2.49606e-10 1.05093e-10 4.43322e-11 1.87316e-11 7.92597e-12 3.3579e-12 1.42408e-12 6.04361e-13 2.56396e-13 1.08978e-13 4.63426e-14 1.97117e-14 8.38066e-15 3.55129e-15 1.51542e-15
0.00144602 0.0001431 4.28741e-05 1.4181e-05 5.02902e-06 1.86988e-06 7.18078e-07 2.82072e-07 1.1263e-07 4.55248e-08 1.85734e-08 7.63316e-09 3.15532e-09 1.31048e-09 5.46395e-10 2.28554e-10 9.58643e-11 4.03029e-11 1.6978e-11 7.16456e-12 3.02795e-12 1.28136e-12 5.42804e-13 2.30049e-13 9.7636e-14 4.14679e-14 1.76218e-14 7.49044e-15 3.18269e-15 1.34797e-15 5.74811e-16
0.000705914 5.95841e-05 1.76853e-05 5.79506e-06 2.03894e-06 7.53376e-07 2.87883e-07 1.1263e-07 4.48214e-08 1.8064e-08 7.3509e-09 3.01406e-09 1.24333e-09 5.15403e-10 2.14518e-10 8.9587e-11 3.75203e-11 1.57524e-11 6.62729e-12 2.79329e-12 1.17919e-12 4.98456e-13 2.10908e-13 8.93576e-14 3.7894e-14 1.60822e-14 6.82927e-15 2.90098e-15 1.23187e-15 5.21474e-16 2.22222e-16
0.000338968 2.48582e-05 7.33032e-06 2.38569e-06 8.3438e-07 3.06782e-07 1.16756e-07 4.55248e-08 1.8064e-08 7.26149e-09 2.94818e-09 1.20632e-09 4.96669e-10 2.05527e-10 8.54051e-11 3.56137e-11 1.48948e-11 6.24529e-12 2.62433e-12 1.10486e-12 4.6591e-13 1.96734e-13 8.31887e-14 3.52157e-14 1.49222e-14 6.32826e-15 2.68543e-15 1.14e-15 4.83801e-16 2.04702e-16 8.71766e-17
0.000160649 1.03963e-05 3.05151e-06 9.88062e-07 3.43951e-07 1.25957e-07 4.77742e-08 1.85734e-08 7.3509e-09 2.94818e-09 1.19448e-09 4.87819e-10 2.00495e-10 8.28332e-11 3.43692e-11 1.4312e-11 5.978e-12 2.50351e-12 1.05081e-12 4.41922e-13 1.86163e-13 7.85458e-14 3.31844e-14 1.40364e-14 5.9432e-15 2.51862e-15 1.06807e-15 4.53128e-16 1.92192e-16 8.12811e-17 3.45944e-17
7.53459e-05 4.35894e-06 1.2751e-06 4.11237e-07 1.42613e-07 5.20506e-08 1.96846e-08 7.63316e-09 3.01406e-09 1.20632e-09 4.87819e-10 1.98874e-10 8.16062e-11 3.36646e-11 1.39488e-11 5.80101e-12 2.42011e-12 1.01237e-12 4.24473e-13 1.78334e-13 7.5059e-14 3.16414e-14 1.3357e-14 5.64543e-15 2.38862e-15 1.01156e-15 4.28702e-16 1.81767e-16 7.70538e-17 3.25728e-17 1.38555e-17
3.5041e-05 1.83193e-06 5.34535e-07 1.71854e-07 5.94108e-08 2.16213e-08 8.15579e-09 3.15532e-09 1.24333e-09 4.96669e-10 2.00495e-10 8.16062e-11 3.34363e-11 1.37742e-11 5.69988e-12 2.36761e-12 9.86624e-13 4.12281e-13 1.72691e-13 7.24875e-14 3.04827e-14 1.28395e-14 5.41587e-15 2.28737e-15 9.67138e-16 4.0931e-16 1.7336e-16 7.34619e-17 3.11254e-17 1.3152e-17 5.59147e-18
1.61841e-05 7.71553e-07 2.24702e-07 7.20585e-08 2.4845e-08 9.01923e-09 3.39437e-09 1.31048e-09 5.15403e-10 2.05527e-10 8.28332e-11 3.36646e-11 1.37742e-11 5.66697e-12 2.34222e-12 9.71811e-13 4.04543e-13 1.68878e-13 7.06731e-14 2.96393e-14 1.24538e-14 5.24154e-15 2.20932e-15 9.32453e-16 3.93998e-16 1.66644e-16 7.05399e-17 2.98753e-17 1.26517e-17 5.34383e-18 2.27071e-18
7.43194e-06 3.25573e-07 9.46801e-08 3.02988e-08 1.04229e-08 3.77539e-09 1.41794e-09 5.46395e-10 2.14518e-10 8.54051e-11 3.43692e-11 1.39488e-11 5.69988e-12 2.34222e-12 9.66974e-13 4.00783e-13 1.66671e-13 6.95138e-14 2.90651e-14 1.21795e-14 5.11357e-15 2.15062e-15 9.05862e-16 3.82071e-16 1.6134e-16 6.81997e-17 2.88528e-17 1.22135e-17 5.16976e-18 2.18277e-18 9.27054e-19
3.39633e-06 1.37612e-07 3.99746e-08 1.27699e-08 4.38421e-09 1.58492e-09 5.94146e-10 2.28554e-10 8.9587e-11 3.56137e-11 1.4312e-11 5.80101e-12 2.36761e-12 9.71811e-13 4.00783e-13 1.65949e-13 6.89485e-14 2.87314e-14 1.20033e-14 5.02596e-15 2.10861e-15 8.86204e-16 3.73032e-16 1.57238e-16 6.63587e-17 2.80347e-17 1.18542e-17 5.01545e-18 2.12199e-18 8.9562e-19 3.80205e-19
1.54567e-06 5.82515e-08 1.69068e-08 5.39281e-09 1.84826e-09 6.66972e-10 2.49606e-10 9.58643e-11 3.75203e-11 1.48948e-11 5.978e-12 2.42011e-12 9.86624e-13 4.04543e-13 1.66671e-13 6.89485e-14 2.86218e-14 1.19171e-14 4.97483e-15 2.08151e-15 8.72677e-16 3.66526e-16 1.54186e-16 6.49532e-17 2.73966e-17 1.15682e-17 4.88902e-18 2.06754e-18 8.7438e-19 3.68917e-19 1.56542e-19
7.00918e-07 2.469e-08 7.16119e-09 2.28131e-09 7.80652e-10 2.81258e-10 1.05093e-10 4.03029e-11 1.57524e-11 6.24529e-12 2.50351e-12 1.01237e-12 4.12281e-13 1.68878e-13 6.95138e-14 2.87314e-14 1.19171e-14 4.95802e-15 2.06822e-15 8.64758e-16 3.62313e-16 1.52077e-16 6.39364e-17 2.69189e-17 1.13481e-17 4.78926e-18 2.0231e-18 8.55174e-19 3.6151e-19 1.52477e-19 6.46727e-20
3.16854e-07 1.04769e-08 3.03719e-09 9.66475e-10 3.30263e-10 1.18816e-10 4.43322e-11 1.6978e-11 6.62729e-12 2.62433e-12 1.05081e-12 4.24473e-13 1.72691e-13 7.06731e-14 2.90651e-14 1.20033e-14 4.97483e-15 2.06822e-15 8.6215e-16 3.60243e-16 1.50839e-16 6.32756e-17 2.65874e-17 1.1188e-17 4.71405e-18 1.98852e-18 8.39615e-19 3.54756e-19 1.49908e-19 6.32077e-20 2.67984e-20
1.42841e-07 4.45022e-09 1.28959e-09 4.09968e-10 1.39919e-10 5.02697e-11 1.87316e-11 7.16456e-12 2.79329e-12 1.10486e-12 4.41922e-13 1.78334e-13 7.24875e-14 2.96393e-14 1.21795e-14 5.02596e-15 2.08151e-15 8.64758e-16 3.60243e-16 1.50431e-16 6.29502e-17 2.63922e-17 1.10836e-17 4.6616e-18 1.96321e-18 8.27754e-19 3.4935e-19 1.47547e-19 6.23247e-20 2.62708e-20 1.11338e-20
6.42368e-08 1.89201e-09 5.48105e-10 1.74097e-10 5.93506e-11 2.1297e-11 7.92597e-12 3.02795e-12 1.17919e-12 4.6591e-13 1.86163e-13 7.5059e-14 3.04827e-14 1.24538e-14 5.11357e-15 2.10861e-15 8.72677e-16 3.62313e-16 1.50839e-16 6.29502e-17 2.63277e-17 1.10321e-17 4.63064e-18 1.94663e-18 8.19431e-19 3.45347e-19 1.45691e-19 6.15079e-20 2.59718e-20 1.09443e-20 4.63656e-21
2.88245e-08 8.05033e-10 2.33161e-10 7.40045e-11 2.52023e-11 9.0331e-12 3.3579e-12 1.28136e-12 4.98456e-13 1.96734e-13 7.85458e-14 3.16414e-14 1.28395e-14 5.24154e-15 2.15062e-15 8.86204e-16 3.66526e-16 1.52077e-16 6.32756e-17 2.63922e-17 1.10321e-17 4.6204e-18 1.93843e-18 8.145e-19 3.4271e-19 1.44373e-19 6.08819e-20 2.56934e-20 1.08453e-20 4.56881e-21 1.93489e-21
1.29087e-08 3.4278e-10 9.92631e-11 3.14845e-11 1.07118e-11 3.83522e-12 1.42408e-12 5.42804e-13 2.10908e-13 8.31887e-14 3.31844e-14 1.3357e-14 5.41587e-15 2.20932e-15 9.05862e-16 3.73032e-16 1.54186e-16 6.39364e-17 2.65874e-17 1.10836e-17 4.63064e-18 1.93843e-18 8.12867e-19 3.41402e-19 1.43588e-19 6.04644e-20 2.54879e-20 1.07525e-20 4.53715e-21 1.91086e-21 8.08969e-22
5.77067e-09 1.46049e-10 4.22881e-11 1.34047e-11 4.55643e-12 1.6296e-12 6.04361e-13 2.30049e-13 8.93576e-14 3.52157e-14 1.40364e-14 5.64543e-15 2.28737e-15 9.32453e-16 3.82071e-16 1.57238e-16 6.49532e-17 2.69189e-17 1.1188e-17 4.6616e-18 1.94663e-18 8.145e-19 3.41402e-19 1.43327e-19 6.02563e-20 2.53639e-20 1.06878e-20 4.50726e-21 1.90128e-21 8.00531e-22 3.38796e-22
2.5755e-09 6.22625e-11 1.80261e-11 5.71042e-12 1.93907e-12 6.92558e-13 2.56396e-13 9.7636e-14 3.7894e-14 1.49222e-14 5.9432e-15 2.38862e-15 9.67138e-16 3.93998e-16 1.6134e-16 6.63587e-17 2.73966e-17 1.13481e-17 4.71405e-18 1.96321e-18 8.19431e-19 3.4271e-19 1.43588e-19 6.02563e-20 2.53225e-20 1.06551e-20 4.48826e-21 1.89215e-21 7.97912e-22 3.35876e-22 1.42102e-22
1.14774e-09 2.65556e-11 7.68674e-12 2.43288e-12 8.24747e-13 2.93796e-13 1.08978e-13 4.14679e-14 1.60822e-14 6.32826e-15 2.51862e-15 1.01156e-15 4.0931e-16 1.66644e-16 6.81997e-17 2.80347e-17 1.15682e-17 4.78926e-18 1.98852e-18 8.27754e-19 3.45347e-19 1.44373e-19 6.04644e-20 2.53639e-20 1.06551e-20 4.48184e-21 1.88724e-21 7.95364e-22 3.35302e-22 1.41109e-22 5.96823e-23
5.1074e-10 1.13279e-11 3.27643e-12 1.03464e-12 3.49182e-13 1.25017e-13 4.63426e-14 1.76218e-14 6.82927e-15 2.68543e-15 1.06807e-15 4.28702e-16 1.7336e-16 7.05399e-17 2.88528e-17 1.18542e-17 4.88902e-18 2.0231e-18 8.39615e-19 3.4935e-19 1.45691e-19 6.08819e-20 2.54879e-20 1.06878e-20 4.48826e-21 1.88724e-21 7.94436e-22 3.34706e-22 1.41062e-22 5.93513e-23 2.50954e-23
2.26906e-10 4.8266e-12 1.39119e-12 4.35722e-13 1.4869e-13 5.32084e-14 1.97117e-14 7.49044e-15 2.90098e-15 1.14e-15 4.53128e-16 1.81767e-16 7.34619e-17 2.98753e-17 1.22135e-17 5.01545e-18 2.06754e-18 8.55174e-19 3.54756e-19 1.47547e-19 6.15079e-20 2.56934e-20 1.07525e-20 4.50726e-21 1.89215e-21 7.95364e-22 3.34706e-22 1.40975e-22 5.93979e-23 2.4986e-23 1.05618e-23
1.005e-10 2.04177e-12 5.79545e-13 1.85514e-13 6.32864e-14 2.26355e-14 8.38066e-15 3.18269e-15 1.23187e-15 4.83801e-16 1.92192e-16 7.70538e-17 3.11254e-17 1.26517e-17 5.16976e-18 2.12199e-18 8.7438e-19 3.6151e-19 1.49908e-19 6.23247e-20 2.59718e-20 1.08453e-20 4.53715e-21 1.90128e-21 7.97912e-22 3.35302e-22 1.41062e-22 5.93979e-23 2.50203e-23 1.05228e-23 4.44696e-24
4.40362e-11 8.33367e-13 2.45932e-13 7.87137e-14 2.68433e-14 9.59658e-15 3.55129e-15 1.34797e-15 5.21474e-16 2.04702e-16 8.12811e-17 3.25728e-17 1.3152e-17 5.34383e-18 2.18277e-18 8.9562e-19 3.68917e-19 1.52477e-19 6.32077e-20 2.62708e-20 1.09443e-20 4.56881e-21 1.91086e-21 8.00531e-22 3.35876e-22 1.41109e-22 5.93513e-23 2.4986e-23 1.05228e-23 4.42485e-24 1.86956e-24
1.95106e-11 3.56346e-13 1.05174e-13 3.3653e-14 1.14703e-14 4.09797e-15 1.51542e-15 5.74811e-16 2.22222e-16 8.71766e-17 3.45944e-17 1.38555e-17 5.59147e-18 2.27071e-18 9.27054e-19 3.80205e-19 1.56542e-19 6.46727e-20 2.67984e-20 1.11338e-20 4.63656e-21 1.93489e-21 8.08969e-22 3.38796e-22 1.42102e-22 5.96823e-23 2.50954e-23 1.05618e-23 4.44696e-24 1.86956e-24 7.89711e-25
