0.139074 0.0755471 0.0410382 0.0222925 0.0121096 0.0065781 0.00357331 0.00194107 0.00105442 0.000572773 0.000311138 0.000169015 9.1811e-05 4.9873e-05 2.70917e-05 1.47166e-05 7.99424e-06 4.34258e-06 2.35895e-06 1.28141e-06 6.96081e-07 3.78121e-07 2.054e-07 1.11576e-07 6.06098e-08 3.29241e-08 1.78848e-08 9.71526e-09 5.27746e-09 2.86679e-09 1.55728e-09 8.45935e-10 4.59524e-10 2.49619e-10 1.35597e-10 7.3658e-11 4.0012e-11 2.17351e-11 1.18068e-11 6.41361e-12 3.48396e-12 1.89253e-12 1.02805e-12 5.58451e-13 3.03358e-13 1.64788e-13 8.95152e-14 4.86259e-14 2.64142e-14 1.43486e-14 7.79434e-15 4.23399e-15 2.29996e-15 1.24937e-15 6.78675e-16 3.68666e-16 2.00264e-16 1.08786e-16 5.90942e-17 3.21008e-17 1.74376e-17 9.47232e-18 5.1455e-18 2.7951e-18 1.51834e-18 8.24782e-19 4.48033e-19 2.43378e-19 1.32206e-19 7.18161e-20 3.90115e-20 2.11916e-20 1.15115e-20 6.25323e-21 3.39684e-21 1.84521e-21 1.00234e-21 5.44486e-22 2.95772e-22 1.60668e-22 8.72768e-23 4.741e-23 2.57537e-23 1.39898e-23 7.59944e-24 4.12812e-24 2.24245e-24 1.21813e-24 6.61704e-25 3.59447e-25 1.95256e-25 1.06066e-25 5.76165e-26 3.12981e-26 1.70015e-26 9.23546e-27 5.01683e-27 2.72521e-27 1.48037e-27 8.04158e-28 4.36829e-28
0.0755471 0.0507149 0.0328056 0.0206758 0.0127825 0.00778621 0.00468727 0.00279482 0.00165324 0.00097143 0.000567547 0.000329948 0.000190992 0.000110138 6.32985e-05 3.62696e-05 2.07261e-05 1.18149e-05 6.72019e-06 3.81464e-06 2.16132e-06 1.22249e-06 6.90384e-07 3.89318e-07 2.19246e-07 1.23315e-07 6.9277e-08 3.88766e-08 2.17943e-08 1.22062e-08 6.83002e-09 3.81852e-09 2.13313e-09 1.19072e-09 6.64183e-10 3.70228e-10 2.06238e-10 1.14815e-10 6.38815e-11 3.55228e-11 1.97427e-11 1.09669e-11 6.08907e-12 3.3792e-12 1.87448e-12 1.03935e-12 5.76056e-13 3.1915e-13 1.7675e-13 9.78509e-14 5.41523e-14 2.99586e-14 1.65685e-14 9.16027e-15 5.06291e-15 2.79747e-15 1.54527e-15 8.53348e-16 4.71119e-16 2.6003e-16 1.43485e-16 7.91566e-17 4.3658e-17 2.40736e-17 1.32716e-17 7.31497e-18 4.03098e-18 2.22086e-18 1.22333e-18 6.7373e-19 3.70976e-19 2.04234e-19 1.12417e-19 6.18674e-20 3.40423e-20 1.87286e-20 1.0302e-20 5.66594e-21 3.1157e-21 1.71307e-21 9.41743e-22 5.1764e-22 2.84488e-22 1.5633e-22 8.58938e-23 4.71874e-23 2.59201e-23 1.42362e-23 7.81804e-24 4.29291e-24 2.35698e-24 1.29393e-24 7.10259e-25 3.89831e-25 2.13939e-25 1.17398e-25 6.44146e-26 3.534e-26 1.93868e-26 1.06342e-26 5.83258e-27
0.0410382 0.0328056 0.0242046 0.0169819 0.011506 0.00759732 0.00491736 0.00313237 0.00196938 0.00122468 0.000754501 0.000461105 0.000279824 0.000168764 0.000101223 6.0414e-05 3.58975e-05 2.12443e-05 1.25264e-05 7.36126e-06 4.31259e-06 2.51935e-06 1.4679e-06 8.53182e-07 4.94766e-07 2.86309e-07 1.65352e-07 9.53176e-08 5.485e-08 3.15112e-08 1.8075e-08 1.03526e-08 5.92136e-09 3.38236e-09 1.92963e-09 1.09954e-09 6.25828e-10 3.55821e-10 2.02097e-10 1.14673e-10 6.50059e-11 3.68175e-11 2.08344e-11 1.178e-11 6.65531e-12 3.75715e-12 2.11948e-12 1.19479e-12 6.73073e-13 3.78919e-13 2.13185e-13 1.19867e-13 6.73581e-14 3.78296e-14 2.12341e-14 1.19126e-14 6.67966e-15 3.74357e-15 2.09705e-15 1.17416e-15 6.57125e-16 3.67602e-16 2.05552e-16 1.14891e-16 6.41909e-17 3.58502e-17 2.00145e-17 1.11695e-17 6.23117e-18 3.47497e-18 1.93724e-18 1.07962e-18 6.01478e-19 3.34988e-19 1.86511e-19 1.03812e-19 5.77652e-20 3.21335e-20 1.78702e-20 9.9353e-21 5.52226e-21 3.06859e-21 1.70471e-21 9.46789e-22 5.25715e-22 2.91839e-22 1.6197e-22 8.98727e-23 4.98567e-23 2.76518e-23 1.53331e-23 8.50054e-24 4.71165e-24 2.61103e-24 1.44665e-24 8.0137e-25 4.43833e-25 2.45768e-25 1.36066e-25 7.53179e-26 4.1684e-26
0.0222925 0.0206758 0.0169819 0.0129915 0.00947791 0.00668088 0.00458711 0.00308446 0.00203896 0.00132875 0.000855485 0.000545048 0.000344102 0.000215495 0.000133989 8.27764e-05 5.08419e-05 3.10632e-05 1.88879e-05 1.14342e-05 6.89387e-06 4.14089e-06 2.47865e-06 1.47889e-06 8.7972e-07 5.21833e-07 3.08725e-07 1.82194e-07 1.07271e-07 6.30198e-08 3.6946e-08 2.16173e-08 1.26248e-08 7.36005e-09 4.28355e-09 2.48904e-09 1.44409e-09 8.3661e-10 4.84002e-10 2.79635e-10 1.61355e-10 9.29909e-11 5.3529e-11 3.07786e-11 1.76782e-11 1.01432e-11 5.814e-12 3.32933e-12 1.90473e-12 1.08873e-12 6.21771e-13 3.54795e-13 2.02289e-13 1.15246e-13 6.56074e-14 3.73216e-14 2.12158e-14 1.2052e-14 6.84176e-15 3.88147e-15 2.20065e-15 1.24693e-15 7.06112e-16 3.99627e-16 2.26044e-16 1.2779e-16 7.22049e-17 4.07768e-17 2.30166e-17 1.29855e-17 7.32261e-18 4.12735e-18 2.32531e-18 1.30948e-18 7.371e-19 4.14737e-19 2.33259e-19 1.31139e-19 7.36976e-20 4.14008e-20 2.32488e-20 1.30507e-20 7.32336e-21 4.10805e-21 2.30362e-21 1.29134e-21 7.23647e-22 4.0539e-22 2.2703e-22 1.27104e-22 7.11382e-23 3.98032e-23 2.22642e-23 1.24501e-23 6.9601e-24 3.88991e-24 2.17344e-24 1.21406e-24 6.77987e-25 3.78522e-25 2.11277e-25
0.0121096 0.0127825 0.011506 0.00947791 0.00736747 0.00549397 0.00396963 0.00279748 0.00193166 0.00131132 0.0008774 0.00057978 0.000378956 0.000245318 0.00015745 0.00010028 6.34251e-05 3.98624e-05 2.49091e-05 1.54829e-05 9.57697e-06 5.89715e-06 3.61607e-06 2.20871e-06 1.34419e-06 8.15269e-07 4.92894e-07 2.97099e-07 1.78575e-07 1.07048e-07 6.40082e-08 3.81816e-08 2.2724e-08 1.34951e-08 7.99792e-09 4.73071e-09 2.79295e-09 1.64598e-09 9.6838e-10 5.68796e-10 3.3357e-10 1.95328e-10 1.14213e-10 6.66904e-11 3.88895e-11 2.26488e-11 1.31741e-11 7.6538e-12 4.44156e-12 2.57461e-12 1.49081e-12 8.62345e-13 4.98317e-13 2.87679e-13 1.65922e-13 9.56101e-14 5.50453e-14 3.1664e-14 1.81991e-14 1.04516e-14 5.99762e-15 3.43909e-15 1.97054e-15 1.12828e-15 6.45571e-16 3.69126e-16 2.1092e-16 1.20443e-16 6.8734e-17 3.92009e-17 2.23439e-17 1.27283e-17 7.2466e-18 4.12342e-18 2.34501e-18 1.33291e-18 7.57244e-19 4.29981e-19 2.44033e-19 1.38433e-19 7.84916e-20 4.44844e-20 2.51997e-20 1.42689e-20 8.07607e-21 4.56904e-21 2.58386e-21 1.46062e-21 8.25337e-22 4.66183e-22 2.63218e-22 1.48564e-22 8.38203e-23 4.72747e-23 2.66536e-23 1.50221e-23 8.46369e-24 4.76697e-24 2.684e-24 1.51072e-24 8.50054e-25
0.0065781 0.00778621 0.00759732 0.00668088 0.00549397 0.00430742 0.00325731 0.00239388 0.00171886 0.00121044 0.000838439 0.000572541 0.000386125 0.000257553 0.000170116 0.000111377 7.23418e-05 4.66484e-05 2.9882e-05 1.90258e-05 1.2046e-05 7.58733e-06 4.75603e-06 2.96791e-06 1.84432e-06 1.14161e-06 7.0404e-07 4.32684e-07 2.65048e-07 1.61858e-07 9.85544e-08 5.98429e-08 3.62414e-08 2.18933e-08 1.31941e-08 7.93348e-09 4.75996e-09 2.84998e-09 1.70301e-09 1.01571e-09 6.04681e-10 3.59355e-10 2.13202e-10 1.26286e-10 7.46869e-11 4.41044e-11 2.60071e-11 1.53143e-11 9.0057e-12 5.289e-12 3.10231e-12 1.81747e-12 1.06351e-12 6.21613e-13 3.62927e-13 2.11668e-13 1.23322e-13 7.17778e-14 4.17364e-14 2.42453e-14 1.40715e-14 8.15952e-15 4.72727e-15 2.73645e-15 1.58273e-15 9.14699e-16 5.28213e-16 3.04796e-16 1.75747e-16 1.01263e-16 5.8305e-17 3.35477e-17 1.92897e-17 1.10842e-17 6.36511e-18 3.65287e-18 2.09506e-18 1.20088e-18 6.87933e-19 3.93863e-19 2.25373e-19 1.2889e-19 7.36724e-20 4.20883e-20 2.40323e-20 1.37155e-20 7.8237e-21 4.4607e-21 2.54208e-21 1.44801e-21 8.24439e-22 4.69192e-22 2.66903e-22 1.51764e-22 8.62582e-23 4.90064e-23 2.7831e-23 1.57991e-23 8.96532e-24 5.08548e-24 2.88359e-24
0.00357331 0.00468727 0.00491736 0.00458711 0.00396963 0.00325731 0.0025675 0.00196056 0.00145889 0.00106241 0.000759611 0.000534573 0.000371027 0.000254382 0.000172514 0.000115852 7.71138e-05 5.09161e-05 3.33714e-05 2.17244e-05 1.40542e-05 9.03958e-06 5.78301e-06 3.68113e-06 2.33223e-06 1.47114e-06 9.24152e-07 5.7829e-07 3.60542e-07 2.24006e-07 1.3872e-07 8.56378e-08 5.27118e-08 3.2354e-08 1.98054e-08 1.20928e-08 7.36566e-09 4.4759e-09 2.71379e-09 1.64188e-09 9.9132e-10 5.97349e-10 3.59267e-10 2.15682e-10 1.29254e-10 7.73289e-11 4.61879e-11 2.75442e-11 1.6401e-11 9.7515e-12 5.78969e-12 3.43274e-12 2.03258e-12 1.20197e-12 7.09899e-13 4.18767e-13 2.46739e-13 1.45213e-13 8.53675e-14 5.01316e-14 2.94086e-14 1.72344e-14 1.00899e-14 5.90144e-15 3.44843e-15 2.0132e-15 1.17426e-15 6.84333e-16 3.98475e-16 2.31833e-16 1.34772e-16 7.82857e-17 4.54393e-17 2.63545e-17 1.52742e-17 8.8461e-18 5.11966e-18 2.96096e-18 1.71133e-18 9.8844e-19 5.70543e-19 3.29119e-19 1.89737e-19 1.09317e-19 6.29465e-20 3.62245e-20 2.08347e-20 1.19766e-20 6.88082e-21 3.95109e-21 2.26761e-21 1.30075e-21 7.45769e-22 4.27365e-22 2.44784e-22 1.4014e-22 8.01929e-23 4.58682e-23 2.62236e-23 1.49858e-23 8.56013e-24
0.00194107 0.00279482 0.00313237 0.00308446 0.00279748 0.00239388 0.00196056 0.00155103 0.00119292 0.000896144 0.000659853 0.000477536 0.000340404 0.000239428 0.000166409 0.000114426 7.79222e-05 5.25975e-05 3.52178e-05 2.34065e-05 1.54503e-05 1.0134e-05 6.60788e-06 4.28505e-06 2.7645e-06 1.77493e-06 1.13444e-06 7.21978e-07 4.57634e-07 2.88974e-07 1.81815e-07 1.14003e-07 7.12501e-08 4.43925e-08 2.75773e-08 1.70832e-08 1.0554e-08 6.50348e-09 3.99763e-09 2.45149e-09 1.49994e-09 9.1573e-10 5.57892e-10 3.39201e-10 2.05835e-10 1.24671e-10 7.53752e-11 4.54918e-11 2.74097e-11 1.6488e-11 9.90259e-12 5.93835e-12 3.55583e-12 2.12615e-12 1.26953e-12 7.57025e-13 4.50826e-13 2.68136e-13 1.59282e-13 9.4506e-14 5.60074e-14 3.31542e-14 1.96044e-14 1.15798e-14 6.83277e-15 4.02763e-15 2.37176e-15 1.39531e-15 8.20091e-16 4.81563e-16 2.82523e-16 1.65605e-16 9.69885e-17 5.67549e-17 3.31842e-17 1.93871e-17 1.13176e-17 6.60181e-18 3.84811e-18 2.24137e-18 1.30458e-18 7.58787e-19 4.41034e-19 2.56173e-19 1.48699e-19 8.62582e-20 5.00056e-20 2.89713e-20 1.67746e-20 9.70686e-21 5.61372e-21 3.24469e-21 1.87435e-21 1.08215e-21 6.24437e-22 3.60129e-22 2.07587e-22 1.19597e-22 6.88683e-23 3.96372e-23 2.28021e-23
0.00105442 0.00165324 0.00196938 0.00203896 0.00193166 0.00171886 0.00145889 0.00119292 0.000946261 0.000731814 0.000553891 0.000411487 0.000300752 0.000216672 0.000154103 0.000108343 7.53787e-05 5.19468e-05 3.54882e-05 2.40507e-05 1.61793e-05 1.08097e-05 7.17621e-06 4.73583e-06 3.10799e-06 2.02907e-06 1.31821e-06 8.52441e-07 5.48844e-07 3.51917e-07 2.24766e-07 1.43024e-07 9.0689e-08 5.73111e-08 3.6102e-08 2.26722e-08 1.41966e-08 8.86464e-09 5.52041e-09 3.42898e-09 2.12464e-09 1.31333e-09 8.09975e-10 4.98442e-10 3.06083e-10 1.87575e-10 1.14725e-10 7.00346e-11 4.26746e-11 2.5957e-11 1.57613e-11 9.55452e-12 5.78261e-12 3.4943e-12 2.10833e-12 1.27022e-12 7.64184e-13 4.59109e-13 2.75453e-13 1.65048e-13 9.87693e-14 5.90329e-14 3.52405e-14 2.10126e-14 1.25147e-14 7.44523e-15 4.42449e-15 2.62656e-15 1.55762e-15 9.22781e-16 5.46144e-16 3.22923e-16 1.90757e-16 1.12581e-16 6.63833e-17 3.91085e-17 2.30203e-17 1.3539e-17 7.95621e-18 4.67171e-18 2.74097e-18 1.60693e-18 9.41374e-19 5.5107e-19 3.22356e-19 1.88433e-19 1.10072e-19 6.42538e-20 3.74827e-20 2.18513e-20 1.27305e-20 7.41201e-21 4.31279e-21 2.50794e-21 1.45752e-21 8.46562e-22 4.91418e-22 2.85101e-22 1.65311e-22 9.5801e-23 5.54886e-23
0.000572773 0.00097143 0.00122468 0.00132875 0.00131132 0.00121044 0.00106241 0.000896144 0.000731814 0.000581679 0.000451832 0.000344063 0.000257482 0.000189746 0.000137924 9.90252e-05 7.0307e-05 4.94119e-05 3.44048e-05 2.37512e-05 1.62673e-05 1.10601e-05 7.46863e-06 5.01138e-06 3.34262e-06 2.21712e-06 1.46288e-06 9.60455e-07 6.27645e-07 4.08346e-07 2.64557e-07 1.70719e-07 1.09748e-07 7.02983e-08 4.48743e-08 2.85511e-08 1.81086e-08 1.14508e-08 7.22003e-09 4.53982e-09 2.84698e-09 1.78083e-09 1.1112e-09 6.91731e-10 4.29626e-10 2.6625e-10 1.64652e-10 1.01614e-10 6.25869e-11 3.8475e-11 2.36086e-11 1.44604e-11 8.84175e-12 5.39712e-12 3.28909e-12 2.00125e-12 1.21578e-12 7.375e-13 4.4672e-13 2.70206e-13 1.63214e-13 9.84547e-14 5.93131e-14 3.56872e-14 2.14456e-14 1.28718e-14 7.71666e-15 4.62085e-15 2.76394e-15 1.65143e-15 9.85663e-16 5.87685e-16 3.50041e-16 2.08286e-16 1.23817e-16 7.35339e-17 4.36306e-17 2.58642e-17 1.53186e-17 9.06488e-18 5.35962e-18 3.16623e-18 1.86894e-18 1.1023e-18 6.49627e-19 3.82554e-19 2.25109e-19 1.32364e-19 7.77739e-20 4.56654e-20 2.67939e-20 1.57104e-20 9.20544e-21 5.39033e-21 3.1543e-21 1.84465e-21 1.07808e-21 6.29684e-22 3.67562e-22 2.14427e-22 1.25019e-22
0.000311138 0.000567547 0.000754501 0.000855485 0.0008774 0.000838439 0.000759611 0.000659853 0.000553891 0.000451832 0.000359713 0.000280412 0.000214604 0.000161586 0.00011991 8.78265e-05 6.35699e-05 4.55189e-05 3.22732e-05 2.26749e-05 1.5798e-05 1.09214e-05 7.49563e-06 5.10979e-06 3.46139e-06 2.33088e-06 1.56086e-06 1.03973e-06 6.89156e-07 4.54643e-07 2.98597e-07 1.95281e-07 1.27198e-07 8.25345e-08 5.33578e-08 3.43748e-08 2.20714e-08 1.41262e-08 9.01338e-09 5.73416e-09 3.63766e-09 2.3014e-09 1.45219e-09 9.14029e-10 5.73905e-10 3.59503e-10 2.24688e-10 1.40123e-10 8.72004e-11 5.41552e-11 3.35661e-11 2.07649e-11 1.28219e-11 7.90299e-12 4.86263e-12 2.98686e-12 1.83165e-12 1.12143e-12 6.85536e-13 4.18436e-13 2.55028e-13 1.55212e-13 9.43311e-14 5.72525e-14 3.47023e-14 2.10069e-14 1.27004e-14 7.66903e-15 4.62532e-15 2.78634e-15 1.67661e-15 1.00773e-15 6.05033e-16 3.62871e-16 2.17407e-16 1.30122e-16 7.78028e-17 4.64745e-17 2.77345e-17 1.65355e-17 9.8496e-18 5.86178e-18 3.48544e-18 2.07068e-18 1.22913e-18 7.28999e-19 4.32018e-19 2.55818e-19 1.51363e-19 8.94904e-20 5.28696e-20 3.12115e-20 1.84123e-20 1.08541e-20 6.39402e-21 3.76406e-21 2.21434e-21 1.30181e-21 7.64828e-22 4.49059e-22 2.63493e-22
0.000169015 0.000329948 0.000461105 0.000545048 0.00057978 0.000572541 0.000534573 0.000477536 0.000411487 0.000344063 0.000280412 0.000223531 0.000174768 0.000134319 0.000101662 7.58931e-05 5.59532e-05 4.07859e-05 2.94221e-05 2.10221e-05 1.4888e-05 1.04575e-05 7.28961e-06 5.04525e-06 3.46865e-06 2.36984e-06 1.60959e-06 1.08717e-06 7.30464e-07 4.88361e-07 3.24963e-07 2.15269e-07 1.41997e-07 9.32852e-08 6.10468e-08 3.98021e-08 2.58589e-08 1.67433e-08 1.08059e-08 6.95226e-09 4.45953e-09 2.85233e-09 1.8193e-09 1.15731e-09 7.34306e-10 4.64755e-10 2.93447e-10 1.84853e-10 1.16185e-10 7.28675e-11 4.56041e-11 2.84833e-11 1.7755e-11 1.10464e-11 6.85989e-12 4.25235e-12 2.63137e-12 1.62554e-12 1.00252e-12 6.17293e-13 3.79499e-13 2.32953e-13 1.42785e-13 8.73911e-14 5.34123e-14 3.26001e-14 1.98708e-14 1.2096e-14 7.35388e-15 4.46529e-15 2.70804e-15 1.64038e-15 9.92493e-16 5.99817e-16 3.62099e-16 2.18355e-16 1.31534e-16 7.91523e-17 4.75822e-17 2.85755e-17 1.71442e-17 1.02761e-17 6.15361e-18 3.68157e-18 2.20062e-18 1.31424e-18 7.84199e-19 4.67531e-19 2.78504e-19 1.65767e-19 9.85862e-20 5.85857e-20 3.47881e-20 2.06415e-20 1.22384e-20 7.25091e-21 4.29285e-21 2.53976e-21 1.50154e-21 8.8712e-22 5.23765e-22
9.1811e-05 0.000190992 0.000279824 0.000344102 0.000378956 0.000386125 0.000371027 0.000340404 0.000300752 0.000257482 0.000214604 0.000174768 0.000139466 0.000109313 8.43157e-05 6.41026e-05 4.81019e-05 3.56675e-05 2.61603e-05 1.89954e-05 1.36654e-05 9.74663e-06 6.89613e-06 4.8429e-06 3.37724e-06 2.3397e-06 1.61091e-06 1.10267e-06 7.50623e-07 5.08312e-07 3.4252e-07 2.29719e-07 1.53378e-07 1.0197e-07 6.75171e-08 4.45311e-08 2.92614e-08 1.91592e-08 1.25018e-08 8.13095e-09 5.27157e-09 3.40738e-09 2.196e-09 1.41131e-09 9.04553e-10 5.78239e-10 3.68709e-10 2.3453e-10 1.48828e-10 9.42283e-11 5.95271e-11 3.75247e-11 2.36057e-11 1.48197e-11 9.28566e-12 5.80712e-12 3.62499e-12 2.25878e-12 1.40502e-12 8.72479e-13 5.40891e-13 3.34785e-13 2.06891e-13 1.2766e-13 7.8654e-14 4.83902e-14 2.97289e-14 1.8239e-14 1.11747e-14 6.83756e-15 4.17837e-15 2.55015e-15 1.55451e-15 9.46449e-16 5.75561e-16 3.49612e-16 2.12126e-16 1.28565e-16 7.78367e-17 4.70747e-17 2.84408e-17 1.71655e-17 1.035e-17 6.23447e-18 3.75186e-18 2.25573e-18 1.35497e-18 8.13168e-19 4.87582e-19 2.92105e-19 1.74848e-19 1.04573e-19 6.24917e-20 3.73143e-20 2.2263e-20 1.32726e-20 7.9067e-21 4.70661e-21 2.79963e-21 1.66409e-21 9.88428e-22
4.9873e-05 0.000110138 0.000168764 0.000215495 0.000245318 0.000257553 0.000254382 0.000239428 0.000216672 0.000189746 0.000161586 0.000134319 0.000109313 8.73109e-05 6.85796e-05 5.30614e-05 4.04981e-05 3.05271e-05 2.27503e-05 1.67777e-05 1.22536e-05 8.86925e-06 6.36609e-06 4.53379e-06 3.20529e-06 2.25054e-06 1.56999e-06 1.08856e-06 7.50416e-07 5.14492e-07 3.50915e-07 2.3817e-07 1.60892e-07 1.08203e-07 7.24593e-08 4.83255e-08 3.21044e-08 2.12486e-08 1.40132e-08 9.20986e-09 6.03297e-09 3.93938e-09 2.56445e-09 1.66449e-09 1.07728e-09 6.95325e-10 4.47604e-10 2.874e-10 1.84078e-10 1.17619e-10 7.49795e-11 4.76903e-11 3.02671e-11 1.91686e-11 1.21149e-11 7.64155e-12 4.81062e-12 3.02275e-12 1.89587e-12 1.18697e-12 7.41852e-13 4.62872e-13 2.8833e-13 1.79317e-13 1.11346e-13 6.90342e-14 4.27374e-14 2.64193e-14 1.63087e-14 1.00534e-14 6.18902e-15 3.80501e-15 2.3363e-15 1.43269e-15 8.77483e-16 5.36785e-16 3.27981e-16 2.00167e-16 1.22024e-16 7.43043e-17 4.51971e-17 2.74628e-17 1.66695e-17 1.01078e-17 6.12289e-18 3.70533e-18 2.24015e-18 1.35306e-18 8.1649e-19 4.92254e-19 2.96509e-19 1.78444e-19 1.07298e-19 6.44636e-20 3.86967e-20 2.32101e-20 1.39101e-20 8.32985e-21 4.98434e-21 2.9802e-21 1.78056e-21
2.70917e-05 6.32985e-05 0.000101223 0.000133989 0.00015745 0.000170116 0.000172514 0.000166409 0.000154103 0.000137924 0.00011991 0.000101662 8.43157e-05 6.85796e-05 5.4818e-05 4.31368e-05 3.34662e-05 2.56297e-05 1.93967e-05 1.45202e-05 1.07605e-05 7.89994e-06 5.74947e-06 4.15044e-06 2.97336e-06 2.1149e-06 1.49418e-06 1.04894e-06 7.31965e-07 5.07872e-07 3.50486e-07 2.40634e-07 1.64407e-07 1.11804e-07 7.56943e-08 5.10296e-08 3.42621e-08 2.29145e-08 1.52681e-08 1.01367e-08 6.70677e-09 4.42269e-09 2.90717e-09 1.9051e-09 1.24473e-09 8.10934e-10 5.26858e-10 3.4138e-10 2.20627e-10 1.4223e-10 9.14679e-11 5.86846e-11 3.75655e-11 2.39935e-11 1.5292e-11 9.7259e-12 6.17325e-12 3.91059e-12 2.47251e-12 1.56036e-12 9.82929e-13 6.1809e-13 3.88001e-13 2.43156e-13 1.52134e-13 9.5033e-14 5.92714e-14 3.6911e-14 2.29521e-14 1.42514e-14 8.83645e-15 5.47138e-15 3.3832e-15 2.08922e-15 1.28848e-15 7.93634e-16 4.88231e-16 2.99987e-16 1.84104e-16 1.12854e-16 6.91e-17 4.22622e-17 2.58196e-17 1.57573e-17 9.60627e-18 5.85032e-18 3.5593e-18 2.1633e-18 1.31355e-18 7.96815e-19 4.82904e-19 2.92391e-19 1.76877e-19 1.06904e-19 6.45554e-20 3.89492e-20 2.348e-20 1.41428e-20 8.51172e-21 5.11859e-21 3.07567e-21
1.47166e-05 3.62696e-05 6.0414e-05 8.27764e-05 0.00010028 0.000111377 0.000115852 0.000114426 0.000108343 9.90252e-05 8.78265e-05 7.58931e-05 6.41026e-05 5.30614e-05 4.31368e-05 3.45034e-05 2.71946e-05 2.11482e-05 1.6245e-05 1.23381e-05 9.27313e-06 6.90214e-06 5.09108e-06 3.7236e-06 2.70195e-06 1.94608e-06 1.39188e-06 9.8895e-07 6.98286e-07 4.90142e-07 3.42115e-07 2.37522e-07 1.6407e-07 1.12784e-07 7.71723e-08 5.25718e-08 3.56621e-08 2.40935e-08 1.62145e-08 1.08714e-08 7.26283e-09 4.83534e-09 3.20852e-09 2.12221e-09 1.39937e-09 9.19977e-10 6.03073e-10 3.94233e-10 2.57019e-10 1.67125e-10 1.08398e-10 7.01356e-11 4.52712e-11 2.91545e-11 1.87334e-11 1.20111e-11 7.68477e-12 4.90668e-12 3.12664e-12 1.98848e-12 1.26225e-12 7.99773e-13 5.05835e-13 3.19367e-13 2.01294e-13 1.26662e-13 7.95716e-14 4.99092e-14 3.12557e-14 1.95444e-14 1.22031e-14 7.6084e-15 4.73698e-15 2.94517e-15 1.82865e-15 1.13391e-15 7.02202e-16 4.34306e-16 2.68281e-16 1.65522e-16 1.02001e-16 6.27836e-17 3.86003e-17 2.37054e-17 1.45421e-17 8.91119e-18 5.45488e-18 3.33567e-18 2.03769e-18 1.24354e-18 7.58143e-19 4.61768e-19 2.80986e-19 1.70821e-19 1.03753e-19 6.29603e-20 3.81724e-20 2.31236e-20 1.39955e-20 8.46363e-21 5.11405e-21
7.99424e-06 2.07261e-05 3.58975e-05 5.08419e-05 6.34251e-05 7.23418e-05 7.71138e-05 7.79222e-05 7.53787e-05 7.0307e-05 6.35699e-05 5.59532e-05 4.81019e-05 4.04981e-05 3.34662e-05 2.71946e-05 2.17644e-05 1.71783e-05 1.3387e-05 1.0311e-05 7.85609e-06 5.92576e-06 4.42805e-06 3.28005e-06 2.40982e-06 1.75689e-06 1.27161e-06 9.14097e-07 6.52859e-07 4.63429e-07 3.27055e-07 2.29538e-07 1.60252e-07 1.11319e-07 7.69579e-08 5.29598e-08 3.62856e-08 2.47569e-08 1.68231e-08 1.13876e-08 7.67966e-09 5.16054e-09 3.45581e-09 2.30653e-09 1.53453e-09 1.01776e-09 6.73004e-10 4.43744e-10 2.91763e-10 1.91317e-10 1.25122e-10 8.16227e-11 5.31148e-11 3.44811e-11 2.23324e-11 1.44315e-11 9.30532e-12 5.98722e-12 3.84431e-12 2.46339e-12 1.57541e-12 1.00559e-12 6.40679e-13 4.07443e-13 2.58657e-13 1.63918e-13 1.03705e-13 6.55015e-14 4.13053e-14 2.60061e-14 1.63485e-14 1.02619e-14 6.43189e-15 4.02555e-15 2.51594e-15 1.57028e-15 9.78747e-16 6.09242e-16 3.78746e-16 2.35156e-16 1.45823e-16 9.03164e-17 5.58715e-17 3.45228e-17 2.13071e-17 1.31357e-17 8.08919e-18 4.97606e-18 3.05776e-18 1.87702e-18 1.15104e-18 7.05136e-19 4.31546e-19 2.63851e-19 1.61167e-19 9.83525e-20 5.99646e-20 3.65267e-20 2.22299e-20 1.35171e-20 8.21216e-21
4.34258e-06 1.18149e-05 2.12443e-05 3.10632e-05 3.98624e-05 4.66484e-05 5.09161e-05 5.25975e-05 5.19468e-05 4.94119e-05 4.55189e-05 4.07859e-05 3.56675e-05 3.05271e-05 2.56297e-05 2.11482e-05 1.71783e-05 1.3755e-05 1.08702e-05 8.4871e-06 6.5527e-06 5.00691e-06 3.78893e-06 2.84143e-06 2.1129e-06 1.5587e-06 1.14128e-06 8.29761e-07 5.99249e-07 4.3004e-07 3.0676e-07 2.17573e-07 1.53478e-07 1.07705e-07 7.52086e-08 5.22687e-08 3.61614e-08 2.49092e-08 1.70868e-08 1.16741e-08 7.94528e-09 5.38748e-09 3.64009e-09 2.45099e-09 1.64487e-09 1.10034e-09 7.33796e-10 4.87892e-10 3.23455e-10 2.13838e-10 1.40985e-10 9.27085e-11 6.08072e-11 3.97844e-11 2.59672e-11 1.69091e-11 1.09857e-11 7.12156e-12 4.60668e-12 2.97366e-12 1.91562e-12 1.23159e-12 7.90276e-13 5.06144e-13 3.23571e-13 2.06483e-13 1.31534e-13 8.3647e-14 5.31051e-14 3.36599e-14 2.13008e-14 1.34587e-14 8.49075e-15 5.34862e-15 3.36437e-15 2.11322e-15 1.3255e-15 8.30268e-16 5.19368e-16 3.2446e-16 2.02436e-16 1.26144e-16 7.85067e-17 4.88001e-17 3.02982e-17 1.87891e-17 1.16385e-17 7.20115e-18 4.45067e-18 2.74776e-18 1.69461e-18 1.04401e-18 6.42534e-19 3.95047e-19 2.42644e-19 1.48891e-19 9.12743e-20 5.59011e-20 3.4205e-20 2.09104e-20 1.27717e-20
2.35895e-06 6.72019e-06 1.25264e-05 1.88879e-05 2.49091e-05 2.9882e-05 3.33714e-05 3.52178e-05 3.54882e-05 3.44048e-05 3.22732e-05 2.94221e-05 2.61603e-05 2.27503e-05 1.93967e-05 1.6245e-05 1.3387e-05 1.08702e-05 8.70791e-06 6.88932e-06 5.38803e-06 4.16903e-06 3.19381e-06 2.42401e-06 1.82377e-06 1.36094e-06 1.00775e-06 7.40801e-07 5.40821e-07 3.92253e-07 2.82739e-07 2.02602e-07 1.44364e-07 1.02318e-07 7.21471e-08 5.06247e-08 3.53567e-08 2.45828e-08 1.70184e-08 1.17331e-08 8.05702e-09 5.51156e-09 3.75642e-09 2.5511e-09 1.7266e-09 1.16471e-09 7.83168e-10 5.24985e-10 3.50864e-10 2.33814e-10 1.55375e-10 1.0297e-10 6.80601e-11 4.48705e-11 2.95085e-11 1.9359e-11 1.26707e-11 8.27411e-12 5.3911e-12 3.50504e-12 2.27401e-12 1.47231e-12 9.51344e-13 6.13518e-13 3.94903e-13 2.53716e-13 1.62711e-13 1.04164e-13 6.6568e-14 4.24699e-14 2.70508e-14 1.72019e-14 1.09216e-14 6.92356e-15 4.38242e-15 2.76985e-15 1.74811e-15 1.10171e-15 6.93365e-16 4.35778e-16 2.7352e-16 1.71453e-16 1.07336e-16 6.71119e-17 4.191e-17 2.61403e-17 1.6285e-17 1.01335e-17 6.29844e-18 3.91039e-18 2.42509e-18 1.50232e-18 9.2969e-19 5.74722e-19 3.54921e-19 2.18961e-19 1.34949e-19 8.30898e-20 5.11103e-20 3.14094e-20 1.92844e-20
1.28141e-06 3.81464e-06 7.36126e-06 1.14342e-05 1.54829e-05 1.90258e-05 2.17244e-05 2.34065e-05 2.40507e-05 2.37512e-05 2.26749e-05 2.10221e-05 1.89954e-05 1.67777e-05 1.45202e-05 1.23381e-05 1.0311e-05 8.4871e-06 6.88932e-06 5.52109e-06 4.37243e-06 3.42483e-06 2.65521e-06 2.0389e-06 1.55163e-06 1.17089e-06 8.76572e-07 6.51329e-07 4.8054e-07 3.52158e-07 2.56431e-07 1.85594e-07 1.33551e-07 9.55727e-08 6.80349e-08 4.81882e-08 3.39668e-08 2.38319e-08 1.6647e-08 1.15788e-08 8.0206e-09 5.53398e-09 3.80381e-09 2.605e-09 1.77771e-09 1.20901e-09 8.19534e-10 5.53755e-10 3.73016e-10 2.50518e-10 1.67761e-10 1.12028e-10 7.46062e-11 4.95537e-11 3.28293e-11 2.16952e-11 1.43025e-11 9.40667e-12 6.17252e-12 4.04128e-12 2.64016e-12 1.72116e-12 1.11973e-12 7.26995e-13 4.71081e-13 3.04668e-13 1.96673e-13 1.26727e-13 8.15115e-14 5.23372e-14 3.35476e-14 2.14678e-14 1.37153e-14 8.74848e-15 5.57161e-15 3.54295e-15 2.24957e-15 1.42626e-15 9.02972e-16 5.70872e-16 3.60417e-16 2.2724e-16 1.43083e-16 8.99764e-17 5.65087e-17 3.54453e-17 2.22059e-17 1.38949e-17 8.68419e-18 5.42123e-18 3.38043e-18 2.10552e-18 1.30999e-18 8.14155e-19 5.05457e-19 3.13478e-19 1.94216e-19 1.20205e-19 7.43239e-20 4.59103e-20 2.83318e-20
6.96081e-07 2.16132e-06 4.31259e-06 6.89387e-06 9.57697e-06 1.2046e-05 1.40542e-05 1.54503e-05 1.61793e-05 1.62673e-05 1.5798e-05 1.4888e-05 1.36654e-05 1.22536e-05 1.07605e-05 9.27313e-06 7.85609e-06 6.5527e-06 5.38803e-06 4.37243e-06 3.50532e-06 2.77856e-06 2.17939e-06 1.69268e-06 1.30258e-06 9.93725e-07 7.51934e-07 5.64603e-07 4.2086e-07 3.11551e-07 2.29123e-07 1.67455e-07 1.21659e-07 8.78871e-08 6.31472e-08 4.51369e-08 3.21037e-08 2.27254e-08 1.60135e-08 1.12346e-08 7.84864e-09 5.46097e-09 3.78483e-09 2.61327e-09 1.79781e-09 1.23247e-09 8.42043e-10 5.7341e-10 3.89239e-10 2.63409e-10 1.77725e-10 1.19567e-10 8.02153e-11 5.36685e-11 3.58123e-11 2.38358e-11 1.5825e-11 1.04809e-11 6.92516e-12 4.56521e-12 3.00274e-12 1.97072e-12 1.29065e-12 8.43513e-13 5.50167e-13 3.58129e-13 2.32673e-13 1.50881e-13 9.76615e-14 6.31004e-14 4.06984e-14 2.62045e-14 1.6844e-14 1.08093e-14 6.92556e-15 4.43023e-15 2.82962e-15 1.80457e-15 1.14915e-15 7.30718e-16 4.63987e-16 2.94209e-16 1.863e-16 1.17812e-16 7.44034e-17 4.69285e-17 2.95618e-17 1.85988e-17 1.16872e-17 7.33522e-18 4.59839e-18 2.87936e-18 1.80091e-18 1.12514e-18 7.02167e-19 4.37731e-19 2.72592e-19 1.69577e-19 1.05384e-19 6.54249e-20 4.0577e-20
3.78121e-07 1.22249e-06 2.51935e-06 4.14089e-06 5.89715e-06 7.58733e-06 9.03958e-06 1.0134e-05 1.08097e-05 1.10601e-05 1.09214e-05 1.04575e-05 9.74663e-06 8.86925e-06 7.89994e-06 6.90214e-06 5.92576e-06 5.00691e-06 4.16903e-06 3.42483e-06 2.77856e-06 2.22825e-06 1.76772e-06 1.38828e-06 1.08001e-06 8.32747e-07 6.36734e-07 4.8302e-07 3.63681e-07 2.71891e-07 2.01903e-07 1.48972e-07 1.09249e-07 7.96528e-08 5.77522e-08 4.1651e-08 2.98861e-08 2.13399e-08 1.51662e-08 1.07302e-08 7.55887e-09 5.30267e-09 3.705e-09 2.57869e-09 1.78807e-09 1.23539e-09 8.50567e-10 5.83642e-10 3.99177e-10 2.72152e-10 1.8498e-10 1.25357e-10 8.47071e-11 5.70788e-11 3.83574e-11 2.57085e-11 1.71865e-11 1.14608e-11 7.62403e-12 5.05972e-12 3.35018e-12 2.21326e-12 1.45897e-12 9.59698e-13 6.29966e-13 4.12683e-13 2.69807e-13 1.76055e-13 1.14663e-13 7.45406e-14 4.83701e-14 3.13324e-14 2.02609e-14 1.30794e-14 8.42946e-15 5.42384e-15 3.48437e-15 2.23494e-15 1.43135e-15 9.15329e-16 5.84485e-16 3.72689e-16 2.37306e-16 1.50894e-16 9.58177e-17 6.07636e-17 3.84835e-17 2.43417e-17 1.53773e-17 9.70227e-18 6.11421e-18 3.84849e-18 2.41953e-18 1.5194e-18 9.53067e-19 5.97161e-19 3.73753e-19 2.33674e-19 1.45941e-19 9.10526e-20 5.67496e-20
2.054e-07 6.90384e-07 1.4679e-06 2.47865e-06 3.61607e-06 4.75603e-06 5.78301e-06 6.60788e-06 7.17621e-06 7.46863e-06 7.49563e-06 7.28961e-06 6.89613e-06 6.36609e-06 5.74947e-06 5.09108e-06 4.42805e-06 3.78893e-06 3.19381e-06 2.65521e-06 2.17939e-06 1.76772e-06 1.41803e-06 1.1258e-06 8.85166e-07 6.8965e-07 5.32724e-07 4.08182e-07 3.10365e-07 2.34278e-07 1.75628e-07 1.30798e-07 9.68032e-08 7.12175e-08 5.20963e-08 3.79016e-08 2.74308e-08 1.97535e-08 1.41567e-08 1.00989e-08 7.17227e-09 5.07202e-09 3.57203e-09 2.50567e-09 1.75092e-09 1.21899e-09 8.45631e-10 5.84596e-10 4.02787e-10 2.76621e-10 1.89377e-10 1.29255e-10 8.79587e-11 5.96848e-11 4.03865e-11 2.7254e-11 1.83434e-11 1.23144e-11 8.24643e-12 5.50885e-12 3.67137e-12 2.44114e-12 1.6195e-12 1.07206e-12 7.08148e-13 4.66792e-13 3.0707e-13 2.01598e-13 1.32097e-13 8.63915e-14 5.63954e-14 3.67474e-14 2.39022e-14 1.552e-14 1.00603e-14 6.51032e-15 4.20616e-15 2.71316e-15 1.74737e-15 1.12365e-15 7.21471e-16 4.6256e-16 2.96135e-16 1.89319e-16 1.20863e-16 7.70553e-17 4.906e-17 3.11947e-17 1.98094e-17 1.25636e-17 7.95814e-18 5.03476e-18 3.18143e-18 2.00795e-18 1.26584e-18 7.97087e-19 5.01355e-19 3.14996e-19 1.97693e-19 1.23941e-19 7.7621e-20
1.11576e-07 3.89318e-07 8.53182e-07 1.47889e-06 2.20871e-06 2.96791e-06 3.68113e-06 4.28505e-06 4.73583e-06 5.01138e-06 5.10979e-06 5.04525e-06 4.8429e-06 4.53379e-06 4.15044e-06 3.7236e-06 3.28005e-06 2.84143e-06 2.42401e-06 2.0389e-06 1.69268e-06 1.38828e-06 1.1258e-06 9.03332e-07 7.17667e-07 5.64867e-07 4.40709e-07 3.40999e-07 2.61784e-07 1.9948e-07 1.50933e-07 1.13436e-07 8.47097e-08 6.28725e-08 4.63929e-08 3.40421e-08 2.48461e-08 1.80414e-08 1.3036e-08 9.37484e-09 6.7113e-09 4.7835e-09 3.39509e-09 2.39988e-09 1.68974e-09 1.18523e-09 8.28304e-10 5.76816e-10 4.00306e-10 2.76887e-10 1.90903e-10 1.31209e-10 8.99077e-11 6.14258e-11 4.18468e-11 2.84293e-11 1.92617e-11 1.30162e-11 8.7732e-12 5.89862e-12 3.95629e-12 2.64728e-12 1.76729e-12 1.17717e-12 7.82381e-13 5.18879e-13 3.43405e-13 2.26808e-13 1.49501e-13 9.83522e-14 6.45795e-14 4.23249e-14 2.76889e-14 1.80817e-14 1.17873e-14 7.67091e-15 4.9837e-15 3.23254e-15 2.09334e-15 1.35347e-15 8.73754e-16 5.63211e-16 3.625e-16 2.32977e-16 1.49519e-16 9.58234e-17 6.13265e-17 3.91957e-17 2.50179e-17 1.59477e-17 1.01529e-17 6.45556e-18 4.0996e-18 2.60029e-18 1.64733e-18 1.04239e-18 6.58842e-19 4.15946e-19 2.62305e-19 1.65234e-19 1.03973e-19
6.06098e-08 2.19246e-07 4.94766e-07 8.7972e-07 1.34419e-06 1.84432e-06 2.33223e-06 2.7645e-06 3.10799e-06 3.34262e-06 3.46139e-06 3.46865e-06 3.37724e-06 3.20529e-06 2.97336e-06 2.70195e-06 2.40982e-06 2.1129e-06 1.82377e-06 1.55163e-06 1.30258e-06 1.08001e-06 8.85166e-07 7.17667e-07 5.7599e-07 4.57894e-07 3.60755e-07 2.81822e-07 2.18398e-07 1.67965e-07 1.28247e-07 9.72495e-08 7.32627e-08 5.48483e-08 4.08178e-08 3.02032e-08 2.2227e-08 1.62715e-08 1.18519e-08 8.591e-09 6.19838e-09 4.4521e-09 3.18401e-09 2.26765e-09 1.60853e-09 1.13657e-09 8.00075e-10 5.61162e-10 3.92209e-10 2.73193e-10 1.89664e-10 1.31254e-10 9.05502e-11 6.22811e-11 4.27121e-11 2.92085e-11 1.99188e-11 1.35472e-11 9.18956e-12 6.21774e-12 4.19652e-12 2.82549e-12 1.8979e-12 1.27189e-12 8.50455e-13 5.67413e-13 3.7776e-13 2.50972e-13 1.66397e-13 1.10102e-13 7.27111e-14 4.79263e-14 3.15309e-14 2.07063e-14 1.35735e-14 8.88221e-15 5.80235e-15 3.78405e-15 2.46373e-15 1.60151e-15 1.03938e-15 6.73519e-16 4.35775e-16 2.81531e-16 1.81616e-16 1.16992e-16 7.52566e-17 4.83428e-17 3.10119e-17 1.98675e-17 1.27112e-17 8.12218e-18 5.1833e-18 3.30368e-18 2.10309e-18 1.33719e-18 8.49212e-19 5.38681e-19 3.4131e-19 2.16011e-19 1.36559e-19
3.29241e-08 1.23315e-07 2.86309e-07 5.21833e-07 8.15269e-07 1.14161e-06 1.47114e-06 1.77493e-06 2.02907e-06 2.21712e-06 2.33088e-06 2.36984e-06 2.3397e-06 2.25054e-06 2.1149e-06 1.94608e-06 1.75689e-06 1.5587e-06 1.36094e-06 1.17089e-06 9.93725e-07 8.32747e-07 6.8965e-07 5.64867e-07 4.57894e-07 3.67582e-07 2.92387e-07 2.30567e-07 1.80333e-07 1.39951e-07 1.07812e-07 8.24725e-08 6.26676e-08 4.73154e-08 3.55067e-08 2.64901e-08 1.96529e-08 1.45024e-08 1.06468e-08 7.7776e-09 5.65465e-09 4.09238e-09 2.94868e-09 2.11558e-09 1.51163e-09 1.07581e-09 7.62709e-10 5.38726e-10 3.79154e-10 2.6592e-10 1.85874e-10 1.29499e-10 8.99356e-11 6.2267e-11 4.29816e-11 2.9583e-11 2.03035e-11 1.38964e-11 9.48571e-12 6.45806e-12 4.38561e-12 2.97085e-12 2.00761e-12 1.35349e-12 9.10401e-13 6.1099e-13 4.0915e-13 2.73402e-13 1.8231e-13 1.2132e-13 8.05718e-14 5.34055e-14 3.53311e-14 2.333e-14 1.53772e-14 1.01172e-14 6.64476e-15 4.35663e-15 2.85161e-15 1.86342e-15 1.2157e-15 7.91866e-16 5.14992e-16 3.34414e-16 2.16829e-16 1.40381e-16 9.07555e-17 5.85896e-17 3.77714e-17 2.4317e-17 1.56341e-17 1.00383e-17 6.43703e-18 4.12244e-18 2.63681e-18 1.68448e-18 1.0748e-18 6.84965e-19 4.36013e-19 2.77223e-19 1.76061e-19
1.78848e-08 6.9277e-08 1.65352e-07 3.08725e-07 4.92894e-07 7.0404e-07 9.24152e-07 1.13444e-06 1.31821e-06 1.46288e-06 1.56086e-06 1.60959e-06 1.61091e-06 1.56999e-06 1.49418e-06 1.39188e-06 1.27161e-06 1.14128e-06 1.00775e-06 8.76572e-07 7.51934e-07 6.36734e-07 5.32724e-07 4.40709e-07 3.60755e-07 2.92387e-07 2.34767e-07 1.86842e-07 1.47461e-07 1.15461e-07 8.97258e-08 6.92286e-08 5.30501e-08 4.03883e-08 3.05575e-08 2.29822e-08 1.71864e-08 1.2782e-08 9.45653e-09 6.96095e-09 5.09911e-09 3.71781e-09 2.69849e-09 1.95014e-09 1.40341e-09 1.00587e-09 7.1812e-10 5.10744e-10 3.61921e-10 2.55552e-10 1.79823e-10 1.26113e-10 8.81584e-11 6.14325e-11 4.26778e-11 2.95606e-11 2.04159e-11 1.40604e-11 9.65692e-12 6.61484e-12 4.51929e-12 3.07978e-12 2.09361e-12 1.41979e-12 9.60579e-13 6.48401e-13 4.36697e-13 2.93471e-13 1.96798e-13 1.31695e-13 8.79484e-14 5.86163e-14 3.89905e-14 2.58861e-14 1.71538e-14 1.13464e-14 7.49161e-15 4.93772e-15 3.24884e-15 2.13401e-15 1.3994e-15 9.16185e-16 5.98867e-16 3.9084e-16 2.54683e-16 1.65709e-16 1.07659e-16 6.98429e-17 4.52455e-17 2.92698e-17 1.89089e-17 1.2199e-17 7.85969e-18 5.0573e-18 3.24993e-18 2.08583e-18 1.33704e-18 8.56014e-19 5.47386e-19 3.49617e-19 2.23041e-19
9.71526e-09 3.88766e-08 9.53176e-08 1.82194e-07 2.97099e-07 4.32684e-07 5.7829e-07 7.21978e-07 8.52441e-07 9.60455e-07 1.03973e-06 1.08717e-06 1.10267e-06 1.08856e-06 1.04894e-06 9.8895e-07 9.14097e-07 8.29761e-07 7.40801e-07 6.51329e-07 5.64603e-07 4.8302e-07 4.08182e-07 3.40999e-07 2.81822e-07 2.30567e-07 1.86842e-07 1.5005e-07 1.19479e-07 9.43697e-08 7.39666e-08 5.75523e-08 4.44696e-08 3.4133e-08 2.60332e-08 1.97351e-08 1.48737e-08 1.11474e-08 8.30998e-09 6.16291e-09 4.54798e-09 3.34023e-09 2.44194e-09 1.77732e-09 1.28806e-09 9.29623e-10 6.68251e-10 4.78509e-10 3.41359e-10 2.42637e-10 1.71859e-10 1.21312e-10 8.53484e-11 5.98535e-11 4.18433e-11 2.91637e-11 2.02663e-11 1.40429e-11 9.70344e-12 6.68666e-12 4.59557e-12 3.15025e-12 2.15404e-12 1.46924e-12 9.99746e-13 6.78684e-13 4.59675e-13 3.10643e-13 2.09471e-13 1.40948e-13 9.4642e-14 6.34195e-14 4.24124e-14 2.83083e-14 1.88583e-14 1.25394e-14 8.32247e-15 5.51375e-15 3.64649e-15 2.40743e-15 1.5867e-15 1.04403e-15 6.85845e-16 4.49824e-16 2.94563e-16 1.92595e-16 1.25734e-16 8.19628e-17 5.33516e-17 3.46781e-17 2.25088e-17 1.45898e-17 9.44396e-18 6.10491e-18 3.94124e-18 2.54113e-18 1.63632e-18 1.05236e-18 6.75973e-19 4.33678e-19 2.779e-19
5.27746e-09 2.17943e-08 5.485e-08 1.07271e-07 1.78575e-07 2.65048e-07 3.60542e-07 4.57634e-07 5.48844e-07 6.27645e-07 6.89156e-07 7.30464e-07 7.50623e-07 7.50416e-07 7.31965e-07 6.98286e-07 6.52859e-07 5.99249e-07 5.40821e-07 4.8054e-07 4.2086e-07 3.63681e-07 3.10365e-07 2.61784e-07 2.18398e-07 1.80333e-07 1.47461e-07 1.19479e-07 9.59686e-08 7.64517e-08 6.04287e-08 4.74093e-08 3.69317e-08 2.85754e-08 2.19671e-08 1.67826e-08 1.27459e-08 9.62512e-09 7.22883e-09 5.40066e-09 4.01449e-09 2.96961e-09 2.1864e-09 1.60249e-09 1.16939e-09 8.49756e-10 6.1497e-10 4.43301e-10 3.18334e-10 2.2775e-10 1.62358e-10 1.15339e-10 8.166e-11 5.76258e-11 4.05359e-11 2.8426e-11 1.98739e-11 1.3854e-11 9.63002e-12 6.6753e-12 4.61463e-12 3.18168e-12 2.18805e-12 1.50095e-12 1.0271e-12 7.01159e-13 4.77536e-13 3.24492e-13 2.20006e-13 1.48839e-13 1.00478e-13 6.76895e-14 4.55077e-14 3.05338e-14 2.04469e-14 1.3666e-14 9.11679e-15 6.07078e-15 4.0352e-15 2.67743e-15 1.77345e-15 1.17269e-15 7.74153e-16 5.10222e-16 3.35734e-16 2.20571e-16 1.44687e-16 9.47661e-17 6.19768e-17 4.04734e-17 2.63928e-17 1.71865e-17 1.1176e-17 7.25761e-18 4.70671e-18 3.04836e-18 1.97175e-18 1.27375e-18 8.21806e-19 5.29563e-19 3.4083e-19
2.86679e-09 1.22062e-08 3.15112e-08 6.30198e-08 1.07048e-07 1.61858e-07 2.24006e-07 2.88974e-07 3.51917e-07 4.08346e-07 4.54643e-07 4.88361e-07 5.08312e-07 5.14492e-07 5.07872e-07 4.90142e-07 4.63429e-07 4.3004e-07 3.92253e-07 3.52158e-07 3.11551e-07 2.71891e-07 2.34278e-07 1.9948e-07 1.67965e-07 1.39951e-07 1.15461e-07 9.43697e-08 7.64517e-08 6.14181e-08 4.89489e-08 3.87163e-08 3.04022e-08 2.37093e-08 1.83682e-08 1.41408e-08 1.08207e-08 8.23223e-09 6.22818e-09 4.68683e-09 3.50882e-09 2.6139e-09 1.93794e-09 1.43017e-09 1.05075e-09 7.68683e-10 5.59998e-10 4.06329e-10 2.93682e-10 2.11464e-10 1.51707e-10 1.08451e-10 7.72618e-11 5.48583e-11 3.88247e-11 2.73906e-11 1.92646e-11 1.35089e-11 9.44527e-12 6.58533e-12 4.57868e-12 3.17493e-12 2.19577e-12 1.5147e-12 1.04227e-12 7.15443e-13 4.8993e-13 3.3472e-13 2.28161e-13 1.5518e-13 1.05313e-13 7.13196e-14 4.81981e-14 3.25062e-14 2.18794e-14 1.46979e-14 9.85478e-15 6.59513e-15 4.40557e-15 2.93764e-15 1.95536e-15 1.29929e-15 8.61877e-16 5.7077e-16 3.77369e-16 2.49101e-16 1.64172e-16 1.08031e-16 7.09809e-17 4.65676e-17 3.05063e-17 1.99558e-17 1.30356e-17 8.50335e-18 5.53928e-18 3.60356e-18 2.34117e-18 1.51904e-18 9.84348e-19 6.37058e-19 4.11785e-19
1.55728e-09 6.83002e-09 1.8075e-08 3.6946e-08 6.40082e-08 9.85544e-08 1.3872e-07 1.81815e-07 2.24766e-07 2.64557e-07 2.98597e-07 3.24963e-07 3.4252e-07 3.50915e-07 3.50486e-07 3.42115e-07 3.27055e-07 3.0676e-07 2.82739e-07 2.56431e-07 2.29123e-07 2.01903e-07 1.75628e-07 1.50933e-07 1.28247e-07 1.07812e-07 8.97258e-08 7.39666e-08 6.04287e-08 4.89489e-08 3.93295e-08 3.13575e-08 2.48181e-08 1.9505e-08 1.52268e-08 1.18108e-08 9.10497e-09 6.97772e-09 5.31724e-09 4.02988e-09 3.03824e-09 2.27907e-09 1.7013e-09 1.26405e-09 9.34927e-10 6.88477e-10 5.0485e-10 3.68684e-10 2.68178e-10 1.94322e-10 1.40282e-10 1.00905e-10 7.23269e-11 5.16661e-11 3.67852e-11 2.61061e-11 1.84694e-11 1.30268e-11 9.16088e-12 6.42363e-12 4.4916e-12 3.13206e-12 2.1782e-12 1.51088e-12 1.04534e-12 7.21449e-13 4.96704e-13 3.41161e-13 2.33784e-13 1.59839e-13 1.09041e-13 7.42262e-14 5.04198e-14 3.41778e-14 2.31208e-14 1.56098e-14 1.05183e-14 7.07399e-15 4.74864e-15 3.18183e-15 2.12815e-15 1.42089e-15 9.4704e-16 6.30141e-16 4.18584e-16 2.77598e-16 1.83803e-16 1.21507e-16 8.02009e-17 5.28561e-17 3.47825e-17 2.28554e-17 1.49964e-17 9.82584e-18 6.42902e-18 4.20072e-18 2.74104e-18 1.78619e-18 1.16245e-18 7.55545e-19 4.90452e-19
8.45935e-10 3.81852e-09 1.03526e-08 2.16173e-08 3.81816e-08 5.98429e-08 8.56378e-08 1.14003e-07 1.43024e-07 1.70719e-07 1.95281e-07 2.15269e-07 2.29719e-07 2.3817e-07 2.40634e-07 2.37522e-07 2.29538e-07 2.17573e-07 2.02602e-07 1.85594e-07 1.67455e-07 1.48972e-07 1.30798e-07 1.13436e-07 9.72495e-08 8.24725e-08 6.92286e-08 5.75523e-08 4.74093e-08 3.87163e-08 3.13575e-08 2.51988e-08 2.00987e-08 1.59167e-08 1.25192e-08 9.78271e-09 7.59669e-09 5.86383e-09 4.50022e-09 3.43462e-09 2.6074e-09 1.96927e-09 1.47997e-09 1.10694e-09 8.24126e-10 6.10839e-10 4.50805e-10 3.31313e-10 2.42513e-10 1.7682e-10 1.28435e-10 9.29466e-11 6.70245e-11 4.81645e-11 3.44951e-11 2.46243e-11 1.75221e-11 1.24297e-11 8.79073e-12 6.19886e-12 4.35866e-12 3.0562e-12 2.13711e-12 1.49045e-12 1.03677e-12 7.19363e-13 4.97896e-13 3.4378e-13 2.36808e-13 1.62746e-13 1.11594e-13 7.63513e-14 5.21257e-14 3.55115e-14 2.41427e-14 1.63803e-14 1.10917e-14 7.49594e-15 5.05623e-15 3.4042e-15 2.28774e-15 1.53468e-15 1.02769e-15 6.86997e-16 4.58469e-16 3.0545e-16 2.0317e-16 1.34921e-16 8.94573e-17 5.92211e-17 3.91449e-17 2.58359e-17 1.70267e-17 1.1205e-17 7.36328e-18 4.83197e-18 3.16649e-18 2.07226e-18 1.35435e-18 8.83988e-19 5.76238e-19
4.59524e-10 2.13313e-09 5.92136e-09 1.26248e-08 2.2724e-08 3.62414e-08 5.27118e-08 7.12501e-08 9.0689e-08 1.09748e-07 1.27198e-07 1.41997e-07 1.53378e-07 1.60892e-07 1.64407e-07 1.6407e-07 1.60252e-07 1.53478e-07 1.44364e-07 1.33551e-07 1.21659e-07 1.09249e-07 9.68032e-08 8.47097e-08 7.32627e-08 6.26676e-08 5.30501e-08 4.44696e-08 3.69317e-08 3.04022e-08 2.48181e-08 2.00987e-08 1.61534e-08 1.28886e-08 1.02126e-08 8.03864e-09 6.28731e-09 4.8876e-09 3.77729e-09 2.9028e-09 2.2187e-09 1.68699e-09 1.27626e-09 9.60854e-10 7.20008e-10 5.37093e-10 3.98894e-10 2.95001e-10 2.17273e-10 1.5939e-10 1.16477e-10 8.47995e-11 6.15133e-11 4.44643e-11 3.20306e-11 2.2997e-11 1.64577e-11 1.17408e-11 8.35008e-12 5.92086e-12 4.18612e-12 2.95124e-12 2.07489e-12 1.45482e-12 1.01737e-12 7.09621e-13 4.93723e-13 3.42666e-13 2.37255e-13 1.63885e-13 1.12945e-13 7.76636e-14 5.3286e-14 3.64815e-14 2.4924e-14 1.69929e-14 1.15621e-14 7.85141e-15 5.32126e-15 3.5996e-15 2.43043e-15 1.63801e-15 1.10197e-15 7.40047e-16 4.96131e-16 3.32044e-16 2.21856e-16 1.47991e-16 9.85603e-17 6.55363e-17 4.35098e-17 2.88423e-17 1.90906e-17 1.26174e-17 8.32706e-18 5.48773e-18 3.61147e-18 2.37343e-18 1.55768e-18 1.02094e-18 6.68269e-19
