0.383999 0.0823728 0.0389952 0.019988 0.0101861 0.00501511 0.0023795 0.00109392 0.000490466 0.000215661 9.34001e-05 3.99708e-05 1.69434e-05 7.12683e-06 2.97867e-06 1.2383e-06 5.12455e-07 2.11247e-07 8.67868e-08 3.55486e-08 1.45227e-08 5.91903e-09 2.40734e-09 9.77232e-10 3.9601e-10 1.60223e-10 6.47294e-11 2.61099e-11 1.05048e-11 4.1862e-12 1.68334e-12
0.0823728 0.0233894 0.010963 0.00462381 0.00183952 0.000710847 0.000271103 0.000102889 3.90178e-05 1.48128e-05 5.63415e-06 2.14745e-06 8.20168e-07 3.13834e-07 1.20291e-07 4.61765e-08 1.77496e-08 6.83074e-09 2.63149e-09 1.0147e-09 3.91591e-10 1.51234e-10 5.84455e-11 2.26002e-11 8.74389e-12 3.3845e-12 1.31037e-12 5.06965e-13 1.94941e-13 7.22332e-14 2.80236e-14
0.0389952 0.010963 0.00393243 0.0014566 0.000541661 0.000201505 7.51057e-05 2.80891e-05 1.0548e-05 3.97729e-06 1.50543e-06 5.71744e-07 2.17781e-07 8.31636e-08 3.18263e-08 1.22024e-08 4.68596e-09 1.80199e-09 6.93792e-10 2.67401e-10 1.03157e-10 3.98282e-11 1.53885e-11 5.94955e-12 2.30152e-12 8.90682e-13 3.44628e-13 1.3291e-13 5.02477e-14 1.93623e-14 7.51254e-15
0.019988 0.00462381 0.0014566 0.000495242 0.000174717 6.2908e-05 2.296e-05 8.46672e-06 3.14819e-06 1.17858e-06 4.43688e-07 1.67801e-07 6.37027e-08 2.42599e-08 9.26328e-09 3.54488e-09 1.35912e-09 5.21926e-10 2.00707e-10 7.7275e-11 2.97832e-11 1.14896e-11 4.43597e-12 1.71389e-12 6.6257e-13 2.56195e-13 9.89133e-14 3.77986e-14 1.46063e-14 5.62743e-15 2.18275e-15
0.0101861 0.00183952 0.000541661 0.000174717 5.94464e-05 2.08926e-05 7.50142e-06 2.73465e-06 1.00836e-06 3.75106e-07 1.40511e-07 5.2927e-08 2.00258e-08 7.60495e-09 2.89679e-09 1.10621e-09 4.23333e-10 1.62299e-10 6.232e-11 2.3962e-11 9.22422e-12 3.55453e-12 1.37096e-12 5.29182e-13 2.04367e-13 7.88923e-14 3.03071e-14 1.17105e-14 4.52359e-15 1.74216e-15 6.75361e-16
0.00501511 0.000710847 0.000201505 6.2908e-05 2.08926e-05 7.21866e-06 2.56075e-06 9.25353e-07 3.38944e-07 1.25428e-07 4.6784e-08 1.75595e-08 6.6237e-09 2.50872e-09 9.5336e-10 3.63304e-10 1.38772e-10 5.31129e-11 2.03629e-11 7.81849e-12 3.00583e-12 1.1569e-12 4.45709e-13 1.71849e-13 6.62756e-14 2.551e-14 9.84922e-15 3.80364e-15 1.46849e-15 5.65276e-16 2.18983e-16
0.0023795 0.000271103 7.51057e-05 2.296e-05 7.50142e-06 2.56075e-06 9.00372e-07 3.23181e-07 1.17754e-07 4.33885e-08 1.61254e-08 6.03362e-09 2.26978e-09 8.57603e-10 3.25199e-10 1.23683e-10 4.71593e-11 1.802e-11 6.89831e-12 2.64498e-12 1.01556e-12 3.90404e-13 1.50234e-13 5.78529e-14 2.2269e-14 8.58776e-15 3.31342e-15 1.27877e-15 4.93395e-16 1.89823e-16 7.34824e-17
0.00109392 0.000102889 2.80891e-05 8.46672e-06 2.73465e-06 9.25353e-07 3.23181e-07 1.15394e-07 4.18652e-08 1.53706e-08 5.69486e-09 2.12504e-09 7.97477e-10 3.00656e-10 1.13781e-10 4.31959e-11 1.64428e-11 6.27329e-12 2.39809e-12 9.1827e-13 3.52142e-13 1.35213e-13 5.19715e-14 1.99846e-14 7.69539e-15 2.96533e-15 1.14328e-15 4.40932e-16 1.70018e-16 6.53746e-17 2.52893e-17
0.000490466 3.90178e-05 1.0548e-05 3.14819e-06 1.00836e-06 3.38944e-07 1.17754e-07 4.18652e-08 1.51345e-08 5.53946e-09 2.04683e-09 7.61926e-10 2.85308e-10 1.0735e-10 4.05517e-11 1.53693e-11 5.84136e-12 2.22542e-12 8.49575e-13 3.24913e-13 1.24453e-13 4.77327e-14 1.83245e-14 7.04386e-15 2.71009e-15 1.04349e-15 4.02021e-16 1.54942e-16 5.97059e-17 2.29455e-17 8.87009e-18
0.000215661 1.48128e-05 3.97729e-06 1.17858e-06 3.75106e-07 1.25428e-07 4.33885e-08 1.53706e-08 5.53946e-09 2.02205e-09 7.45341e-10 2.76846e-10 1.03461e-10 3.88572e-11 1.46538e-11 5.54527e-12 2.10455e-12 8.00711e-13 3.05299e-13 1.16623e-13 4.4621e-14 1.70948e-14 6.55822e-15 2.51877e-15 9.68295e-16 3.72547e-16 1.43428e-16 5.52415e-17 2.12738e-17 8.17148e-18 3.15681e-18
9.34001e-05 5.63415e-06 1.50543e-06 4.43688e-07 1.40511e-07 4.6784e-08 1.61254e-08 5.69486e-09 2.04683e-09 7.45341e-10 2.74139e-10 1.01623e-10 3.79087e-11 1.42137e-11 5.35196e-12 2.02237e-12 7.66509e-13 2.91268e-13 1.10927e-13 4.2327e-14 1.61775e-14 6.19265e-15 2.37364e-15 9.1087e-16 3.49895e-16 1.34522e-16 5.17545e-17 1.99206e-17 7.66698e-18 2.94352e-18 1.13645e-18
3.99708e-05 2.14745e-06 5.71744e-07 1.67801e-07 5.2927e-08 1.75595e-08 6.03362e-09 2.12504e-09 7.61926e-10 2.76846e-10 1.01623e-10 3.7603e-11 1.40036e-11 5.24248e-12 1.97115e-12 7.43856e-13 2.81582e-13 1.06875e-13 4.0658e-14 1.5498e-14 5.91807e-15 2.26339e-15 8.66829e-16 3.32378e-16 1.27583e-16 4.90166e-17 1.88458e-17 7.24942e-18 2.78856e-18 1.07009e-18 4.12904e-19
1.69434e-05 8.20168e-07 2.17781e-07 6.37027e-08 2.00258e-08 6.6237e-09 2.26978e-09 7.97477e-10 2.85308e-10 1.03461e-10 3.79087e-11 1.40036e-11 5.207e-12 1.94653e-12 7.30912e-13 2.75483e-13 1.04162e-13 3.94918e-14 1.50082e-14 5.71554e-15 2.18059e-15 8.33275e-16 3.18874e-16 1.22178e-16 4.68648e-17 1.79933e-17 6.91371e-18 2.65795e-18 1.02186e-18 3.91954e-19 1.51156e-19
7.12683e-06 3.13834e-07 8.31636e-08 2.42599e-08 7.60495e-09 2.50872e-09 8.57603e-10 3.00656e-10 1.0735e-10 3.88572e-11 1.42137e-11 5.24248e-12 1.94653e-12 7.26699e-13 2.72534e-13 1.026e-13 3.87515e-14 1.46772e-14 5.57263e-15 2.12031e-15 8.08262e-16 3.08618e-16 1.18012e-16 4.51849e-17 1.73203e-17 6.6458e-18 2.55206e-18 9.80582e-19 3.76795e-19 1.44466e-19 5.56841e-20
2.97867e-06 1.20291e-07 3.18263e-08 9.26328e-09 2.89679e-09 9.5336e-10 3.25199e-10 1.13781e-10 4.05517e-11 1.46538e-11 5.35196e-12 1.97115e-12 7.30912e-13 2.72534e-13 1.0209e-13 3.83918e-14 1.44856e-14 5.48132e-15 2.07928e-15 7.90475e-16 3.0109e-16 1.14879e-16 4.38972e-17 1.67963e-17 6.43429e-18 2.46735e-18 9.46954e-19 3.63658e-19 1.3967e-19 5.35289e-20 2.06223e-20
1.2383e-06 4.61765e-08 1.22024e-08 3.54488e-09 1.10621e-09 3.63304e-10 1.23683e-10 4.31959e-11 1.53693e-11 5.54527e-12 2.02237e-12 7.43856e-13 2.75483e-13 1.026e-13 3.83918e-14 1.44229e-14 5.43679e-15 2.05543e-15 7.79051e-16 2.95935e-16 1.12636e-16 4.29451e-17 1.63991e-17 6.27076e-18 2.40075e-18 9.20089e-19 3.52935e-19 1.35469e-19 5.20051e-20 1.99234e-20 7.672e-21
5.12455e-07 1.77496e-08 4.68596e-09 1.35912e-09 4.23333e-10 1.38772e-10 4.71593e-11 1.64428e-11 5.84136e-12 2.10455e-12 7.66509e-13 2.81582e-13 1.04162e-13 3.87515e-14 1.44856e-14 5.43679e-15 2.0476e-15 7.73463e-16 2.92927e-16 1.1119e-16 4.22901e-17 1.61132e-17 6.14911e-18 2.34991e-18 8.99143e-19 3.44411e-19 1.32044e-19 5.06588e-20 1.94388e-20 7.44435e-21 2.86534e-21
2.11247e-07 6.83074e-09 1.80199e-09 5.21926e-10 1.62299e-10 5.31129e-11 1.802e-11 6.27329e-12 2.22542e-12 8.00711e-13 2.91268e-13 1.06875e-13 3.94918e-14 1.46772e-14 5.48132e-15 2.05543e-15 7.73463e-16 2.91938e-16 1.1048e-16 4.19066e-17 1.59281e-17 6.06504e-18 2.31314e-18 8.83468e-19 3.37856e-19 1.29347e-19 4.95662e-20 1.90074e-20 7.29039e-21 2.79098e-21 1.07379e-21
8.67868e-08 2.63149e-09 6.93792e-10 2.00707e-10 6.232e-11 2.03629e-11 6.89831e-12 2.39809e-12 8.49575e-13 3.05299e-13 1.10927e-13 4.0658e-14 1.50082e-14 5.57263e-15 2.07928e-15 7.79051e-16 2.92927e-16 1.1048e-16 4.17803e-17 1.58372e-17 6.01568e-18 2.28924e-18 8.72588e-19 3.3309e-19 1.27315e-19 4.87178e-20 1.86601e-20 7.15254e-21 2.74228e-21 1.04947e-21 4.03603e-22
3.55486e-08 1.0147e-09 2.67401e-10 7.7275e-11 2.3962e-11 7.81849e-12 2.64498e-12 9.1827e-13 3.24913e-13 1.16623e-13 4.2327e-14 1.5498e-14 5.71554e-15 2.12031e-15 7.90475e-16 2.95935e-16 1.1119e-16 4.19066e-17 1.58372e-17 5.99941e-18 2.27747e-18 8.66184e-19 3.29983e-19 1.25898e-19 4.80972e-20 1.83961e-20 7.04301e-21 2.69849e-21 1.0342e-21 3.9566e-22 1.52102e-22
1.45227e-08 3.91591e-10 1.03157e-10 2.97832e-11 9.22422e-12 3.00583e-12 1.01556e-12 3.52142e-13 1.24453e-13 4.4621e-14 1.61775e-14 5.91807e-15 2.18059e-15 8.08262e-16 3.0109e-16 1.12636e-16 4.22901e-17 1.59281e-17 6.01568e-18 2.27747e-18 8.6407e-19 3.2845e-19 1.25062e-19 4.76909e-20 1.82109e-20 6.96212e-21 2.66434e-21 1.02041e-21 3.90928e-22 1.49514e-22 5.74553e-23
5.91903e-09 1.51234e-10 3.98282e-11 1.14896e-11 3.55453e-12 1.1569e-12 3.90404e-13 1.35213e-13 4.77327e-14 1.70948e-14 6.19265e-15 2.26339e-15 8.33275e-16 3.08618e-16 1.14879e-16 4.29451e-17 1.61132e-17 6.06504e-18 2.28924e-18 8.66184e-19 3.2845e-19 1.24785e-19 4.749e-20 1.81013e-20 6.90889e-21 2.64017e-21 1.00995e-21 3.86653e-22 1.48076e-22 5.66163e-23 2.17487e-23
2.40734e-09 5.84455e-11 1.53885e-11 4.43597e-12 1.37096e-12 4.45709e-13 1.50234e-13 5.19715e-14 1.83245e-14 6.55822e-15 2.37364e-15 8.66829e-16 3.18874e-16 1.18012e-16 4.38972e-17 1.63991e-17 6.14911e-18 2.31314e-18 8.72588e-19 3.29983e-19 1.25062e-19 4.749e-20 1.80649e-20 6.8825e-21 2.62578e-21 1.003e-21 3.83533e-22 1.46778e-22 5.61921e-23 2.14787e-23 8.24798e-24
9.77232e-10 2.26002e-11 5.94955e-12 1.71389e-12 5.29182e-13 1.71849e-13 5.78529e-14 1.99846e-14 7.04386e-15 2.51877e-15 9.1087e-16 3.32378e-16 1.22178e-16 4.51849e-17 1.67963e-17 6.27076e-18 2.34991e-18 8.83468e-19 3.3309e-19 1.25898e-19 4.76909e-20 1.81013e-20 6.8825e-21 2.62101e-21 9.99542e-22 3.81657e-22 1.45885e-22 5.58102e-23 2.13592e-23 8.16202e-24 3.13323e-24
3.9601e-10 8.74389e-12 2.30152e-12 6.6257e-13 2.04367e-13 6.62756e-14 2.2269e-14 7.69539e-15 2.71009e-15 9.68295e-16 3.49895e-16 1.27583e-16 4.68648e-17 1.73203e-17 6.43429e-18 2.40075e-18 8.99143e-19 3.37856e-19 1.27315e-19 4.80972e-20 1.82109e-20 6.90889e-21 2.62578e-21 9.99542e-22 3.81032e-22 1.45435e-22 5.55713e-23 2.12523e-23 8.1309e-24 3.10626e-24 1.19205e-24
1.60223e-10 3.3845e-12 8.90682e-13 2.56195e-13 7.88923e-14 2.551e-14 8.58776e-15 2.96533e-15 1.04349e-15 3.72547e-16 1.34522e-16 4.90166e-17 1.79933e-17 6.6458e-18 2.46735e-18 9.20089e-19 3.44411e-19 1.29347e-19 4.87178e-20 1.83961e-20 6.96212e-21 2.64017e-21 1.003e-21 3.81657e-22 1.45435e-22 5.54909e-23 2.11959e-23 8.10335e-24 3.09932e-24 1.18373e-24 4.54126e-25
6.47294e-11 1.31037e-12 3.44628e-13 9.89133e-14 3.03071e-14 9.84922e-15 3.31342e-15 1.14328e-15 4.02021e-16 1.43428e-16 5.17545e-17 1.88458e-17 6.91371e-18 2.55206e-18 9.46954e-19 3.52935e-19 1.32044e-19 4.95662e-20 1.86601e-20 7.04301e-21 2.66434e-21 1.00995e-21 3.83533e-22 1.45885e-22 5.55713e-23 2.11959e-23 8.09355e-24 3.09326e-24 1.18274e-24 4.51621e-25 1.73208e-25
2.61099e-11 5.06965e-13 1.3291e-13 3.77986e-14 1.17105e-14 3.80364e-15 1.27877e-15 4.40932e-16 1.54942e-16 5.52415e-17 1.99206e-17 7.24942e-18 2.65795e-18 9.80582e-19 3.63658e-19 1.35469e-19 5.06588e-20 1.90074e-20 7.15254e-21 2.69849e-21 1.02041e-21 3.86653e-22 1.46778e-22 5.58102e-23 2.12523e-23 8.10335e-24 3.09326e-24 1.18185e-24 4.5177e-25 1.72465e-25 6.61262e-26
1.05048e-11 1.94941e-13 5.02477e-14 1.46063e-14 4.52359e-15 1.46849e-15 4.93395e-16 1.70018e-16 5.97059e-17 2.12738e-17 7.66698e-18 2.78856e-18 1.02186e-18 3.76795e-19 1.3967e-19 5.20051e-20 1.94388e-20 7.29039e-21 2.74228e-21 1.0342e-21 3.90928e-22 1.48076e-22 5.61921e-23 2.13592e-23 8.1309e-24 3.09932e-24 1.18274e-24 4.5177e-25 1.72647e-25 6.58947e-26 2.52586e-26
4.1862e-12 7.22332e-14 1.93623e-14 5.62743e-15 1.74216e-15 5.65276e-16 1.89823e-16 6.53746e-17 2.29455e-17 8.17148e-18 2.94352e-18 1.07009e-18 3.91954e-19 1.44466e-19 5.35289e-20 1.99234e-20 7.44435e-21 2.79098e-21 1.04947e-21 3.9566e-22 1.49514e-22 5.66163e-23 2.14787e-23 8.16202e-24 3.10626e-24 1.18373e-24 4.51621e-25 1.72465e-25 6.58947e-26 2.51457e-26 9.63669e-27
1.68334e-12 2.80236e-14 7.51254e-15 2.18275e-15 6.75361e-16 2.18983e-16 7.34824e-17 2.52893e-17 8.87009e-18 3.15681e-18 1.13645e-18 4.12904e-19 1.51156e-19 5.56841e-20 2.06223e-20 7.672e-21 2.86534e-21 1.07379e-21 4.03603e-22 1.52102e-22 5.74553e-23 2.17487e-23 8.24798e-24 3.13323e-24 1.19205e-24 4.54126e-25 1.73208e-25 6.61262e-26 2.52586e-26 9.63669e-27 3.69213e-27
