0.373883 0.0408406 0.0245047 0.0159588 0.0108856 0.0076153 0.0054007 0.00385818 0.00276684 0.00198805 0.0014297 0.00102842 0.000739675 0.000531819 0.00038219 0.000274507 0.000197044 0.000141351 0.000101334 7.25982e-05 5.19771e-05 3.71882e-05 2.65881e-05 1.89941e-05 1.35553e-05 9.66026e-06 6.86906e-06 4.86543e-06 3.42153e-06 2.37266e-06 1.68998e-06
0.0408406 0.0076002 0.00430445 0.00256065 0.00156752 0.00097869 0.000620552 0.000398522 0.00025869 0.00016944 0.000111822 7.42663e-05 4.95868e-05 3.32577e-05 2.23912e-05 1.51245e-05 1.02448e-05 6.95634e-06 4.73342e-06 3.22675e-06 2.20315e-06 1.50627e-06 1.03091e-06 7.06049e-07 4.83625e-07 3.31002e-07 2.25982e-07 1.53427e-07 1.02998e-07 6.76354e-08 4.66844e-08
0.0245047 0.00430445 0.00226618 0.00128145 0.00075877 0.000463629 0.000289859 0.000184424 0.000118971 7.75989e-05 5.10669e-05 3.38515e-05 2.25742e-05 1.51286e-05 1.0181e-05 6.87549e-06 4.6571e-06 3.16257e-06 2.15239e-06 1.46767e-06 1.0024e-06 6.85543e-07 4.69329e-07 3.21504e-07 2.20234e-07 1.50697e-07 1.02811e-07 6.97038e-08 4.66964e-08 3.17913e-08 2.19542e-08
0.0159588 0.00256065 0.00128145 0.000697249 0.000401995 0.000241303 0.000149097 9.41231e-05 6.0397e-05 3.92502e-05 2.57641e-05 1.70476e-05 1.13535e-05 7.60161e-06 5.11209e-06 3.45063e-06 2.33645e-06 1.58625e-06 1.0794e-06 7.35936e-07 5.02596e-07 3.43709e-07 2.35293e-07 1.61167e-07 1.10383e-07 7.55103e-08 5.14984e-08 3.49129e-08 2.388e-08 1.62587e-08 1.12288e-08
0.0108856 0.00156752 0.00075877 0.000401995 0.000227391 0.000134743 8.25424e-05 5.18074e-05 3.31119e-05 2.14579e-05 1.40559e-05 9.28596e-06 6.17673e-06 4.13148e-06 2.77616e-06 1.87261e-06 1.26722e-06 8.59898e-07 5.84873e-07 3.98609e-07 2.72125e-07 1.86035e-07 1.27314e-07 8.7179e-08 5.96924e-08 4.08275e-08 2.7852e-08 1.90896e-08 1.30575e-08 8.88979e-09 6.13827e-09
0.0076153 0.00097869 0.000463629 0.000241303 0.000134743 7.91436e-05 4.81973e-05 3.01294e-05 1.92021e-05 1.24174e-05 8.1206e-06 5.35758e-06 3.55962e-06 2.37858e-06 1.59687e-06 1.07628e-06 7.27795e-07 4.93527e-07 3.3547e-07 2.28499e-07 1.55908e-07 1.0653e-07 7.28698e-08 4.98776e-08 3.4142e-08 2.33531e-08 1.60153e-08 1.09755e-08 7.50633e-09 5.10977e-09 3.52684e-09
0.0054007 0.000620552 0.000289859 0.000149097 8.25424e-05 4.81973e-05 2.9234e-05 1.82237e-05 1.15901e-05 7.4826e-06 4.8866e-06 3.22003e-06 2.13707e-06 1.42658e-06 9.56849e-07 6.44343e-07 4.35358e-07 2.94994e-07 2.00373e-07 1.36386e-07 9.29978e-08 6.35058e-08 4.34161e-08 2.97039e-08 2.03282e-08 1.39359e-08 9.55445e-09 6.54605e-09 4.47584e-09 3.04627e-09 2.10157e-09
0.00385818 0.000398522 0.000184424 9.41231e-05 5.18074e-05 3.01294e-05 1.82237e-05 1.13367e-05 7.19818e-06 4.6407e-06 3.02689e-06 1.99229e-06 1.32083e-06 8.80815e-07 5.90223e-07 3.97096e-07 2.68071e-07 1.81493e-07 1.23182e-07 8.37835e-08 5.70899e-08 3.89602e-08 2.66201e-08 1.82048e-08 1.24679e-08 8.54379e-09 5.85538e-09 4.01031e-09 2.7412e-09 1.86528e-09 1.28616e-09
0.00276684 0.00025869 0.000118971 6.0397e-05 3.31119e-05 1.92021e-05 1.15901e-05 7.19818e-06 4.56409e-06 2.9388e-06 1.91459e-06 1.25879e-06 8.33657e-07 5.55376e-07 3.71792e-07 2.49908e-07 1.68559e-07 1.14025e-07 7.73292e-08 5.25568e-08 3.57869e-08 2.44064e-08 1.66668e-08 1.1398e-08 7.80213e-09 5.34401e-09 3.66086e-09 2.50633e-09 1.71261e-09 1.1651e-09 8.02959e-10
0.00198805 0.00016944 7.75989e-05 3.92502e-05 2.14579e-05 1.24174e-05 7.4826e-06 4.6407e-06 2.9388e-06 1.89006e-06 1.22997e-06 8.07793e-07 5.34422e-07 3.55673e-07 2.37876e-07 1.59747e-07 1.07654e-07 7.27643e-08 4.93083e-08 3.34875e-08 2.27864e-08 1.55303e-08 1.06017e-08 7.2461e-09 4.95746e-09 3.3939e-09 2.32391e-09 1.59037e-09 1.08636e-09 7.38895e-10 5.08969e-10
0.0014297 0.000111822 5.10669e-05 2.57641e-05 1.40559e-05 8.1206e-06 4.8866e-06 3.02689e-06 1.91459e-06 1.22997e-06 7.9954e-07 5.24552e-07 3.46683e-07 2.30503e-07 1.54018e-07 1.0334e-07 6.95817e-08 4.6993e-08 3.18201e-08 2.15949e-08 1.46842e-08 1.0003e-08 6.82432e-09 4.66167e-09 3.18761e-09 2.18117e-09 1.49284e-09 1.02121e-09 6.97344e-10 4.74198e-10 3.2648e-10
0.00102842 7.42663e-05 3.38515e-05 1.70476e-05 9.28596e-06 5.35758e-06 3.22003e-06 1.99229e-06 1.25879e-06 8.07793e-07 5.24552e-07 3.43791e-07 2.26993e-07 1.50781e-07 1.00658e-07 6.74793e-08 4.53985e-08 3.06366e-08 2.07295e-08 1.40584e-08 9.55374e-09 6.50397e-09 4.43457e-09 3.02754e-09 2.06912e-09 1.41513e-09 9.68115e-10 6.62001e-10 4.51905e-10 3.07232e-10 2.11426e-10
0.000739675 4.95868e-05 2.25742e-05 1.13535e-05 6.17673e-06 3.55962e-06 2.13707e-06 1.32083e-06 8.33657e-07 5.34422e-07 3.46683e-07 2.26993e-07 1.49733e-07 9.93702e-08 6.62798e-08 4.43961e-08 2.98452e-08 2.01256e-08 1.36078e-08 9.22265e-09 6.26347e-09 4.26145e-09 2.90389e-09 1.98145e-09 1.35349e-09 9.25255e-10 6.32706e-10 4.3248e-10 2.95132e-10 2.00606e-10 1.37988e-10
0.000531819 3.32577e-05 1.51286e-05 7.60161e-06 4.13148e-06 2.37858e-06 1.42658e-06 8.80815e-07 5.55376e-07 3.55673e-07 2.30503e-07 1.50781e-07 9.93702e-08 6.58897e-08 4.39118e-08 2.93901e-08 1.97426e-08 1.33036e-08 8.98917e-09 6.08843e-09 4.13235e-09 2.80987e-09 1.91367e-09 1.3051e-09 8.9105e-10 6.08846e-10 4.16165e-10 2.84359e-10 1.93992e-10 1.31833e-10 9.06432e-11
0.00038219 2.23912e-05 1.0181e-05 5.11209e-06 2.77616e-06 1.59687e-06 9.56849e-07 5.90223e-07 3.71792e-07 2.37876e-07 1.54018e-07 1.00658e-07 6.62798e-08 4.39118e-08 2.92416e-08 1.95566e-08 1.31275e-08 8.84006e-09 5.96931e-09 4.04055e-09 2.7408e-09 1.86261e-09 1.26786e-09 8.64229e-10 5.89769e-10 4.02805e-10 2.75218e-10 1.87984e-10 1.28206e-10 8.71093e-11 5.98683e-11
0.000274507 1.51245e-05 6.87549e-06 3.45063e-06 1.87261e-06 1.07628e-06 6.44343e-07 3.97096e-07 2.49908e-07 1.59747e-07 1.0334e-07 6.74793e-08 4.43961e-08 2.93901e-08 1.95566e-08 1.30699e-08 8.76736e-09 5.90007e-09 3.98159e-09 2.69349e-09 1.82603e-09 1.24028e-09 8.43816e-10 5.74903e-10 3.92148e-10 2.67718e-10 1.82847e-10 1.24848e-10 8.51226e-11 5.78255e-11 3.97266e-11
0.000197044 1.02448e-05 4.6571e-06 2.33645e-06 1.26722e-06 7.27795e-07 4.35358e-07 2.68071e-07 1.68559e-07 1.07654e-07 6.95817e-08 4.53985e-08 2.98452e-08 1.97426e-08 1.31275e-08 8.76736e-09 5.87735e-09 3.95275e-09 2.66588e-09 1.80241e-09 1.22127e-09 8.29087e-10 5.6379e-10 3.83939e-10 2.61775e-10 1.7864e-10 1.21962e-10 8.32478e-11 5.67434e-11 3.854e-11 2.64673e-11
0.000141351 6.95634e-06 3.16257e-06 1.58625e-06 8.59898e-07 4.93527e-07 2.94994e-07 1.81493e-07 1.14025e-07 7.27643e-08 4.6993e-08 3.06366e-08 2.01256e-08 1.33036e-08 8.84006e-09 5.90007e-09 3.95275e-09 2.6568e-09 1.79083e-09 1.21013e-09 8.19535e-10 5.56087e-10 3.77969e-10 2.57282e-10 1.75344e-10 1.19611e-10 8.16318e-11 5.57015e-11 3.79572e-11 2.5776e-11 1.76952e-11
0.000101334 4.73342e-06 2.15239e-06 1.0794e-06 5.84873e-07 3.3547e-07 2.00373e-07 1.23182e-07 7.73292e-08 4.93083e-08 3.18201e-08 2.07295e-08 1.36078e-08 8.98917e-09 5.96931e-09 3.98159e-09 2.66588e-09 1.79083e-09 1.20647e-09 8.14837e-10 5.51557e-10 3.74077e-10 2.54144e-10 1.72921e-10 1.17803e-10 8.03284e-11 5.48033e-11 3.73835e-11 2.5468e-11 1.72919e-11 1.18668e-11
7.25982e-05 3.22675e-06 1.46767e-06 7.35936e-07 3.98609e-07 2.28499e-07 1.36386e-07 8.37835e-08 5.25568e-08 3.34875e-08 2.15949e-08 1.40584e-08 9.22265e-09 6.08843e-09 4.04055e-09 2.69349e-09 1.80241e-09 1.21013e-09 8.14837e-10 5.50062e-10 3.72157e-10 2.52291e-10 1.71331e-10 1.16526e-10 7.9353e-11 5.40904e-11 3.68903e-11 2.51567e-11 1.71342e-11 1.16317e-11 7.97965e-12
5.19771e-05 2.20315e-06 1.0024e-06 5.02596e-07 2.72125e-07 1.55908e-07 9.29978e-08 5.70899e-08 3.57869e-08 2.27864e-08 1.46842e-08 9.55374e-09 6.26347e-09 4.13235e-09 2.7408e-09 1.82603e-09 1.22127e-09 8.19535e-10 5.51557e-10 3.72157e-10 2.51678e-10 1.70543e-10 1.15768e-10 7.8706e-11 5.35778e-11 3.65081e-11 2.48909e-11 1.69691e-11 1.15548e-11 7.84287e-12 5.3787e-12
3.71882e-05 1.50627e-06 6.85543e-07 3.43709e-07 1.86035e-07 1.0653e-07 6.35058e-08 3.89602e-08 2.44064e-08 1.55303e-08 1.0003e-08 6.50397e-09 4.26145e-09 2.80987e-09 1.86261e-09 1.24028e-09 8.29087e-10 5.56087e-10 3.74077e-10 2.52291e-10 1.70543e-10 1.15517e-10 7.83839e-11 5.327e-11 3.62497e-11 2.46924e-11 1.68298e-11 1.14704e-11 7.80878e-12 5.29943e-12 3.63327e-12
2.65881e-05 1.03091e-06 4.69329e-07 2.35293e-07 1.27314e-07 7.28698e-08 4.34161e-08 2.66201e-08 1.66668e-08 1.06017e-08 6.82432e-09 4.43457e-09 2.90389e-09 1.91367e-09 1.26786e-09 8.43816e-10 5.6379e-10 3.77969e-10 2.54144e-10 1.71331e-10 1.15768e-10 7.83839e-11 5.31674e-11 3.61198e-11 2.45708e-11 1.67316e-11 1.14005e-11 7.76793e-12 5.28708e-12 3.58756e-12 2.45888e-12
1.89941e-05 7.06049e-07 3.21504e-07 1.61167e-07 8.7179e-08 4.98776e-08 2.97039e-08 1.82048e-08 1.1398e-08 7.2461e-09 4.66167e-09 3.02754e-09 1.98145e-09 1.3051e-09 8.64229e-10 5.74903e-10 3.83939e-10 2.57282e-10 1.72921e-10 1.16526e-10 7.8706e-11 5.327e-11 3.61198e-11 2.45299e-11 1.66812e-11 1.13556e-11 7.73524e-12 5.26919e-12 3.5856e-12 2.43269e-12 1.66687e-12
1.35553e-05 4.83625e-07 2.20234e-07 1.10383e-07 5.96924e-08 3.4142e-08 2.03282e-08 1.24679e-08 7.80213e-09 4.95746e-09 3.18761e-09 2.06912e-09 1.35349e-09 8.9105e-10 5.89769e-10 3.92148e-10 2.61775e-10 1.75344e-10 1.17803e-10 7.9353e-11 5.35778e-11 3.62497e-11 2.45708e-11 1.66812e-11 1.13402e-11 7.71754e-12 5.25561e-12 3.57921e-12 2.43511e-12 1.6519e-12 1.13157e-12
9.66026e-06 3.31002e-07 1.50697e-07 7.55103e-08 4.08275e-08 2.33531e-08 1.39359e-08 8.54379e-09 5.34401e-09 3.3939e-09 2.18117e-09 1.41513e-09 9.25255e-10 6.08846e-10 4.02805e-10 2.67718e-10 1.7864e-10 1.19611e-10 8.03284e-11 5.40904e-11 3.65081e-11 2.46924e-11 1.67316e-11 1.13556e-11 7.71754e-12 5.25067e-12 3.57476e-12 2.43394e-12 1.65561e-12 1.12298e-12 7.69053e-13
6.86906e-06 2.25982e-07 1.02811e-07 5.14984e-08 2.7852e-08 1.60153e-08 9.55445e-09 5.85538e-09 3.66086e-09 2.32391e-09 1.49284e-09 9.68115e-10 6.32706e-10 4.16165e-10 2.75218e-10 1.82847e-10 1.21962e-10 8.16318e-11 5.48033e-11 3.68903e-11 2.48909e-11 1.68298e-11 1.14005e-11 7.73524e-12 5.25561e-12 3.57476e-12 2.43319e-12 1.65632e-12 1.12646e-12 7.63976e-13 5.2307e-13
4.86543e-06 1.53427e-07 6.97038e-08 3.49129e-08 1.90896e-08 1.09755e-08 6.54605e-09 4.01031e-09 2.50633e-09 1.59037e-09 1.02121e-09 6.62001e-10 4.3248e-10 2.84359e-10 1.87984e-10 1.24848e-10 8.32478e-11 5.57015e-11 3.73835e-11 2.51567e-11 1.69691e-11 1.14704e-11 7.76793e-12 5.26919e-12 3.57921e-12 2.43394e-12 1.65632e-12 1.12728e-12 7.6654e-13 5.1982e-13 3.55827e-13
3.42153e-06 1.02998e-07 4.66964e-08 2.388e-08 1.30575e-08 7.50633e-09 4.47584e-09 2.7412e-09 1.71261e-09 1.08636e-09 6.97344e-10 4.51905e-10 2.95132e-10 1.93992e-10 1.28206e-10 8.51226e-11 5.67434e-11 3.79572e-11 2.5468e-11 1.71342e-11 1.15548e-11 7.80878e-12 5.28708e-12 3.5856e-12 2.43511e-12 1.65561e-12 1.12646e-12 7.6654e-13 5.2117e-13 3.53396e-13 2.41863e-13
2.37266e-06 6.76354e-08 3.17913e-08 1.62587e-08 8.88979e-09 5.10977e-09 3.04627e-09 1.86528e-09 1.1651e-09 7.38895e-10 4.74198e-10 3.07232e-10 2.00606e-10 1.31833e-10 8.71093e-11 5.78255e-11 3.854e-11 2.5776e-11 1.72919e-11 1.16317e-11 7.84287e-12 5.29943e-12 3.58756e-12 2.43269e-12 1.6519e-12 1.12298e-12 7.63976e-13 5.1982e-13 3.53396e-13 2.39617e-13 1.63975e-13
1.68998e-06 4.66844e-08 2.19542e-08 1.12288e-08 6.13827e-09 3.52684e-09 2.10157e-09 1.28616e-09 8.02959e-10 5.08969e-10 3.2648e-10 2.11426e-10 1.37988e-10 9.06432e-11 5.98683e-11 3.97266e-11 2.64673e-11 1.76952e-11 1.18668e-11 7.97965e-12 5.3787e-12 3.63327e-12 2.45888e-12 1.66687e-12 1.13157e-12 7.69053e-13 5.2307e-13 3.55827e-13 2.41863e-13 1.63975e-13 1.12184e-13
