0.558892 0.0680661 0.0353244 0.0197658 0.011461 0.00671544 0.00392141 0.00226721 0.00129482 0.000730344 0.000407199 0.000224687 0.000122857 6.665e-05 3.59123e-05 1.92368e-05 1.02521e-05 5.43964e-06 2.87508e-06 1.51445e-06 7.95352e-07 4.16587e-07 2.17679e-07 1.135e-07 5.90647e-08 3.06813e-08 1.59083e-08 8.22944e-09 4.23777e-09 2.15309e-09 1.11107e-09
0.0680661 0.0131217 0.00680325 0.0035473 0.00182723 0.000927702 0.000465364 0.000231395 0.000114375 5.63235e-05 2.76778e-05 1.35876e-05 6.66886e-06 3.27394e-06 1.60816e-06 7.90505e-07 3.88894e-07 1.91479e-07 9.43575e-08 4.65353e-08 2.29679e-08 1.13443e-08 5.6069e-09 2.77289e-09 1.372e-09 6.7897e-10 3.35732e-10 1.65304e-10 8.00646e-11 3.64822e-11 1.81119e-11
0.0353244 0.00680325 0.00320907 0.00156497 0.000770682 0.000379626 0.000186521 9.14005e-05 4.47053e-05 2.18452e-05 1.06728e-05 5.21641e-06 2.55155e-06 1.24933e-06 6.12404e-07 3.00543e-07 1.47665e-07 7.26323e-08 3.57634e-08 1.76269e-08 8.69574e-09 4.29338e-09 2.12138e-09 1.04884e-09 5.18747e-10 2.56451e-10 1.26382e-10 6.15173e-11 2.86442e-11 1.40894e-11 6.99722e-12
0.0197658 0.0035473 0.00156497 0.00072246 0.000341492 0.000163292 7.85281e-05 3.78841e-05 1.83167e-05 8.87301e-06 4.3064e-06 2.09403e-06 1.02017e-06 4.97922e-07 2.43454e-07 1.19232e-07 5.84843e-08 2.87276e-08 1.41293e-08 6.95753e-09 3.42966e-09 1.69223e-09 8.35649e-10 4.12888e-10 2.03984e-10 1.00554e-10 4.91152e-11 2.3227e-11 1.14612e-11 5.63776e-12 2.80021e-12
0.011461 0.00182723 0.000770682 0.000341492 0.000156116 7.27503e-05 3.43099e-05 1.63102e-05 7.79825e-06 3.74546e-06 1.80578e-06 8.73514e-07 4.23799e-07 2.06159e-07 1.00527e-07 4.91236e-08 2.4051e-08 1.17956e-08 5.79398e-09 2.84989e-09 1.40349e-09 6.91901e-10 3.41374e-10 1.68472e-10 8.3028e-11 4.06498e-11 1.94473e-11 9.59741e-12 4.73589e-12 2.3294e-12 1.15688e-12
0.00671544 0.000927702 0.000379626 0.000163292 7.27503e-05 3.31983e-05 1.54004e-05 7.2277e-06 3.42148e-06 1.63059e-06 7.81354e-07 3.76128e-07 1.81769e-07 8.81396e-08 4.28649e-08 2.09003e-08 1.02138e-08 5.00136e-09 2.4533e-09 1.20527e-09 5.92928e-10 2.92005e-10 1.43895e-10 7.08621e-11 3.47401e-11 1.67591e-11 8.26585e-12 4.07905e-12 2.01257e-12 9.89727e-13 4.91413e-13
0.00392141 0.000465364 0.000186521 7.85281e-05 3.43099e-05 1.54004e-05 7.04898e-06 3.27306e-06 1.53636e-06 7.27294e-07 3.46644e-07 1.66147e-07 8.00099e-08 3.86837e-08 1.87672e-08 9.13172e-09 4.4547e-09 2.17797e-09 1.06692e-09 5.2353e-10 2.57254e-10 1.26534e-10 6.22363e-11 3.05246e-11 1.48085e-11 7.29752e-12 3.59872e-12 1.77555e-12 8.75822e-13 4.30596e-13 2.13714e-13
0.00226721 0.000231395 9.14005e-05 3.78841e-05 1.63102e-05 7.2277e-06 3.27306e-06 1.50663e-06 7.02277e-07 3.30583e-07 1.56847e-07 7.48975e-08 3.59568e-08 1.73399e-08 8.39396e-09 4.07666e-09 1.98546e-09 9.69327e-10 4.74229e-10 2.32421e-10 1.14064e-10 5.60096e-11 2.74606e-11 1.33676e-11 6.58041e-12 3.242e-12 1.59833e-12 7.88346e-13 3.88736e-13 1.91062e-13 9.47833e-14
0.00129482 0.000114375 4.47053e-05 1.83167e-05 7.79825e-06 3.42148e-06 1.53636e-06 7.02277e-07 3.25482e-07 1.52502e-07 7.20794e-08 3.43107e-08 1.64283e-08 7.90464e-09 3.81913e-09 1.8517e-09 9.00495e-10 4.39046e-10 2.14531e-10 1.05011e-10 5.14568e-11 2.52019e-11 1.22886e-11 6.04131e-12 2.97294e-12 1.46418e-12 7.21589e-13 3.55774e-13 1.75364e-13 8.6161e-14 4.2721e-14
0.000730344 5.63235e-05 2.18452e-05 8.87301e-06 3.74546e-06 1.63059e-06 7.27294e-07 3.30583e-07 1.52502e-07 7.11789e-08 3.35351e-08 1.59204e-08 7.60557e-09 3.65234e-09 1.76162e-09 8.52834e-10 4.14178e-10 2.01684e-10 9.84276e-11 4.81109e-11 2.35243e-11 1.14742e-11 5.63201e-12 2.76764e-12 1.36139e-12 6.70205e-13 3.30156e-13 1.6271e-13 8.01672e-14 3.93739e-14 1.9512e-14
0.000407199 2.76778e-05 1.06728e-05 4.3064e-06 1.80578e-06 7.81354e-07 3.46644e-07 1.56847e-07 7.20794e-08 3.35351e-08 1.57573e-08 7.46355e-09 3.55852e-09 1.70595e-09 8.21581e-10 3.97202e-10 1.92659e-10 9.37015e-11 4.56678e-11 2.22808e-11 1.08597e-11 5.32031e-12 2.61012e-12 1.28203e-12 6.30323e-13 3.10161e-13 1.52721e-13 7.52309e-14 3.70496e-14 1.81901e-14 9.00924e-15
0.000224687 1.35876e-05 5.21641e-06 2.09403e-06 8.73514e-07 3.76128e-07 1.66147e-07 7.48975e-08 3.43107e-08 1.59204e-08 7.46355e-09 3.52824e-09 1.67934e-09 8.03854e-10 3.86607e-10 1.86676e-10 9.04364e-11 4.39284e-11 2.13743e-11 1.04013e-11 5.0845e-12 2.48958e-12 1.22072e-12 5.99271e-13 2.9449e-13 1.44837e-13 7.12827e-14 3.50977e-14 1.72771e-14 8.47937e-15 4.19737e-15
0.000122857 6.66886e-06 2.55155e-06 1.02017e-06 4.23799e-07 1.81769e-07 8.00099e-08 3.59568e-08 1.64283e-08 7.60557e-09 3.55852e-09 1.67934e-09 7.98107e-10 3.81513e-10 1.83257e-10 8.83813e-11 4.27639e-11 2.07405e-11 1.00695e-11 4.90977e-12 2.39861e-12 1.17377e-12 5.75213e-13 2.82229e-13 1.38619e-13 6.81422e-14 3.35204e-14 1.64968e-14 8.11707e-15 3.9823e-15 1.97022e-15
6.665e-05 3.27394e-06 1.24933e-06 4.97922e-07 2.06159e-07 8.81396e-08 3.86837e-08 1.73399e-08 7.90464e-09 3.65234e-09 1.70595e-09 8.03854e-10 3.81513e-10 1.82145e-10 8.73881e-11 4.20943e-11 2.03383e-11 9.84469e-12 4.78614e-12 2.33218e-12 1.13865e-12 5.56873e-13 2.72743e-13 1.33749e-13 6.56574e-14 3.22596e-14 1.58614e-14 7.80246e-15 3.83744e-15 1.88202e-15 9.30633e-16
3.59123e-05 1.60816e-06 6.12404e-07 2.43454e-07 1.00527e-07 4.28649e-08 1.87672e-08 8.39396e-09 3.81913e-09 1.76162e-09 8.21581e-10 3.86607e-10 1.83257e-10 8.73881e-11 4.18757e-11 2.01429e-11 9.71441e-12 4.70701e-12 2.28686e-12 1.11362e-12 5.43373e-13 2.65586e-13 1.30004e-13 6.37172e-14 3.12626e-14 1.53527e-14 7.54507e-15 3.70984e-15 1.82382e-15 8.94158e-16 4.41929e-16
1.92368e-05 7.90505e-07 3.00543e-07 1.19232e-07 4.91236e-08 2.09003e-08 9.13172e-09 4.07666e-09 1.8517e-09 8.52834e-10 3.97202e-10 1.86676e-10 8.83813e-11 4.20943e-11 2.01429e-11 9.67172e-12 4.66839e-12 2.26048e-12 1.09752e-12 5.34111e-13 2.60452e-13 1.27227e-13 6.22427e-14 3.049e-14 1.49522e-14 7.33931e-15 3.60523e-15 1.77187e-15 8.70723e-16 4.26747e-16 2.10814e-16
1.02521e-05 3.88894e-07 1.47665e-07 5.84843e-08 2.4051e-08 1.02138e-08 4.4547e-09 1.98546e-09 9.00495e-10 4.14178e-10 1.92659e-10 9.04364e-11 4.27639e-11 2.03383e-11 9.71441e-12 4.66839e-12 2.25182e-12 1.08963e-12 5.28699e-13 2.57134e-13 1.25313e-13 6.11789e-14 2.99138e-14 1.46459e-14 7.17875e-15 3.52204e-15 1.72932e-15 8.49555e-16 4.17317e-16 2.04465e-16 1.0096e-16
5.43964e-06 1.91479e-07 7.26323e-08 2.87276e-08 1.17956e-08 5.00136e-09 2.17797e-09 9.69327e-10 4.39046e-10 2.01684e-10 9.37015e-11 4.39284e-11 2.07405e-11 9.84469e-12 4.70701e-12 2.26048e-12 1.08963e-12 5.26919e-13 2.55505e-13 1.24191e-13 6.04887e-14 2.95147e-14 1.44238e-14 7.05836e-15 3.45803e-15 1.69581e-15 8.32282e-16 4.08702e-16 2.00685e-16 9.82964e-17 4.85147e-17
2.87508e-06 9.43575e-08 3.57634e-08 1.41293e-08 5.79398e-09 2.4533e-09 1.06692e-09 4.74229e-10 2.14531e-10 9.84276e-11 4.56678e-11 2.13743e-11 1.00695e-11 4.78614e-12 2.28686e-12 1.09752e-12 5.28699e-13 2.55505e-13 1.23821e-13 6.01491e-14 2.928e-14 1.42792e-14 6.97464e-15 3.41142e-15 1.67055e-15 8.18873e-16 4.01725e-16 1.97194e-16 9.67927e-17 4.73956e-17 2.33825e-17
1.51445e-06 4.65353e-08 1.76269e-08 6.95753e-09 2.84989e-09 1.20527e-09 5.2353e-10 2.32421e-10 1.05011e-10 4.81109e-11 2.22808e-11 1.04013e-11 4.90977e-12 2.33218e-12 1.11362e-12 5.34111e-13 2.57134e-13 1.24191e-13 6.01491e-14 2.92025e-14 1.42079e-14 6.92528e-15 3.38098e-15 1.65293e-15 8.09066e-16 3.96421e-16 1.94399e-16 9.53878e-17 4.68048e-17 2.29121e-17 1.1299e-17
7.95352e-07 2.29679e-08 8.69574e-09 3.42966e-09 1.40349e-09 5.92928e-10 2.57254e-10 1.14064e-10 5.14568e-11 2.35243e-11 1.08597e-11 5.0845e-12 2.39861e-12 1.13865e-12 5.43373e-13 2.60452e-13 1.25313e-13 6.04887e-14 2.928e-14 1.42079e-14 6.90897e-15 3.36595e-15 1.64251e-15 8.02644e-16 3.92706e-16 1.92338e-16 9.42831e-17 4.62459e-17 2.26842e-17 1.11015e-17 5.47255e-18
4.16587e-07 1.13443e-08 4.29338e-09 1.69223e-09 6.91901e-10 2.92005e-10 1.26534e-10 5.60096e-11 2.52019e-11 1.14742e-11 5.32031e-12 2.48958e-12 1.17377e-12 5.56873e-13 2.65586e-13 1.27227e-13 6.11789e-14 2.95147e-14 1.42792e-14 6.92528e-15 3.36595e-15 1.63906e-15 7.99466e-16 3.90507e-16 1.90983e-16 9.35023e-17 4.58174e-17 2.24656e-17 1.10161e-17 5.38983e-18 2.65596e-18
2.17679e-07 5.6069e-09 2.12138e-09 8.35649e-10 3.41374e-10 1.43895e-10 6.22363e-11 2.74606e-11 1.22886e-11 5.63201e-12 2.61012e-12 1.22072e-12 5.75213e-13 2.72743e-13 1.30004e-13 6.22427e-14 2.99138e-14 1.44238e-14 6.97464e-15 3.38098e-15 1.64251e-15 7.99466e-16 3.89778e-16 1.90312e-16 9.30386e-17 4.55332e-17 2.2304e-17 1.09326e-17 5.3592e-18 2.62145e-18 1.29132e-18
1.135e-07 2.77289e-09 1.04884e-09 4.12888e-10 1.68472e-10 7.08621e-11 3.05246e-11 1.33676e-11 6.04131e-12 2.76764e-12 1.28203e-12 5.99271e-13 2.82229e-13 1.33749e-13 6.37172e-14 3.049e-14 1.46459e-14 7.05836e-15 3.41142e-15 1.65293e-15 8.02644e-16 3.90507e-16 1.90312e-16 9.28849e-17 4.53919e-17 2.22069e-17 1.08742e-17 5.32842e-18 2.61123e-18 1.27698e-18 6.28828e-19
5.90647e-08 1.372e-09 5.18747e-10 2.03984e-10 8.3028e-11 3.47401e-11 1.48085e-11 6.58041e-12 2.97294e-12 1.36139e-12 6.30323e-13 2.9449e-13 1.38619e-13 6.56574e-14 3.12626e-14 1.49522e-14 7.17875e-15 3.45803e-15 1.67055e-15 8.09066e-16 3.92706e-16 1.90983e-16 9.30386e-17 4.53919e-17 2.21747e-17 1.08447e-17 5.30868e-18 2.60049e-18 1.27403e-18 6.22909e-19 3.06641e-19
3.06813e-08 6.7897e-10 2.56451e-10 1.00554e-10 4.06498e-11 1.67591e-11 7.29752e-12 3.242e-12 1.46418e-12 6.70205e-13 3.10161e-13 1.44837e-13 6.81422e-14 3.22596e-14 1.53527e-14 7.33931e-15 3.52204e-15 1.69581e-15 8.18873e-16 3.96421e-16 1.92338e-16 9.35023e-17 4.55332e-17 2.22069e-17 1.08447e-17 5.30201e-18 2.59462e-18 1.27062e-18 6.22336e-19 3.04212e-19 1.4971e-19
1.59083e-08 3.35732e-10 1.26382e-10 4.91152e-11 1.94473e-11 8.26585e-12 3.59872e-12 1.59833e-12 7.21589e-13 3.30156e-13 1.52721e-13 7.12827e-14 3.35204e-14 1.58614e-14 7.54507e-15 3.60523e-15 1.72932e-15 8.32282e-16 4.01725e-16 1.94399e-16 9.42831e-17 4.58174e-17 2.2304e-17 1.08742e-17 5.30868e-18 2.59462e-18 1.26935e-18 6.21444e-19 3.04299e-19 1.48718e-19 7.31662e-20
8.22944e-09 1.65304e-10 6.15173e-11 2.3227e-11 9.59741e-12 4.07905e-12 1.77555e-12 7.88346e-13 3.55774e-13 1.6271e-13 7.52309e-14 3.50977e-14 1.64968e-14 7.80246e-15 3.70984e-15 1.77187e-15 8.49555e-16 4.08702e-16 1.97194e-16 9.53878e-17 4.62459e-17 2.24656e-17 1.09326e-17 5.32842e-18 2.60049e-18 1.27062e-18 6.21444e-19 3.04166e-19 1.48903e-19 7.27588e-20 3.5786e-20
4.23777e-09 8.00646e-11 2.86442e-11 1.14612e-11 4.73589e-12 2.01257e-12 8.75822e-13 3.88736e-13 1.75364e-13 8.01672e-14 3.70496e-14 1.72771e-14 8.11707e-15 3.83744e-15 1.82382e-15 8.70723e-16 4.17317e-16 2.00685e-16 9.67927e-17 4.68048e-17 2.26842e-17 1.10161e-17 5.3592e-18 2.61123e-18 1.27403e-18 6.22336e-19 3.04299e-19 1.48903e-19 7.28786e-20 3.56046e-20 1.75075e-20
2.15309e-09 3.64822e-11 1.40894e-11 5.63776e-12 2.3294e-12 9.89727e-13 4.30596e-13 1.91062e-13 8.6161e-14 3.93739e-14 1.81901e-14 8.47937e-15 3.9823e-15 1.88202e-15 8.94158e-16 4.26747e-16 2.04465e-16 9.82964e-17 4.73956e-17 2.29121e-17 1.11015e-17 5.38983e-18 2.62145e-18 1.27698e-18 6.22909e-19 3.04212e-19 1.48718e-19 7.27588e-20 3.56046e-20 1.73921e-20 8.55032e-21
1.11107e-09 1.81119e-11 6.99722e-12 2.80021e-12 1.15688e-12 4.91413e-13 2.13714e-13 9.47833e-14 4.2721e-14 1.9512e-14 9.00924e-15 4.19737e-15 1.97022e-15 9.30633e-16 4.41929e-16 2.10814e-16 1.0096e-16 4.85147e-17 2.33825e-17 1.1299e-17 5.47255e-18 2.65596e-18 1.29132e-18 6.28828e-19 3.06641e-19 1.4971e-19 7.31662e-20 3.5786e-20 1.75075e-20 8.55032e-21 4.20232e-21
