0.369781 0.0177396 0.0117243 0.00833155 0.00623639 0.00484232 0.00385897 0.00313378 0.00258062 0.00214769 0.00180206 0.00152183 0.00129178 0.00110105 0.000941632 0.000807489 0.000693982 0.000597479 0.000515096 0.000444517 0.000383856 0.000331566 0.000286367 0.000247191 0.00021314 0.000183456 0.000157495 0.000134707 0.000114618 9.68191e-05 8.43354e-05
0.0177396 0.00206082 0.00125892 0.000822685 0.000566627 0.000406384 0.000300686 0.000227928 0.000176085 0.000138096 0.00010962 8.78732e-05 7.10099e-05 5.77661e-05 4.72535e-05 3.88332e-05 3.20367e-05 2.6514e-05 2.20001e-05 1.82916e-05 1.52304e-05 1.26928e-05 1.05809e-05 8.81677e-06 7.33777e-06 6.0936e-06 5.04354e-06 4.15463e-06 3.40029e-06 2.7594e-06 2.34875e-06
0.0117243 0.00125892 0.000738659 0.000467808 0.000314986 0.000222407 0.000162854 0.000122613 9.43174e-05 7.3776e-05 5.84768e-05 4.68439e-05 3.78491e-05 3.07977e-05 2.52062e-05 2.073e-05 1.71173e-05 1.41812e-05 1.17807e-05 9.80753e-06 8.17796e-06 6.82639e-06 5.70099e-06 4.76049e-06 3.97182e-06 3.30836e-06 2.74861e-06 2.27526e-06 1.87448e-06 1.5715e-06 1.33858e-06
0.00833155 0.000822685 0.000467808 0.000289072 0.000191255 0.000133482 9.70333e-05 7.27436e-05 5.58256e-05 4.36196e-05 3.45638e-05 2.76938e-05 2.23882e-05 1.8231e-05 1.49346e-05 1.22949e-05 1.01635e-05 8.4303e-06 7.0123e-06 5.846e-06 4.88221e-06 4.08241e-06 3.41614e-06 2.85916e-06 2.39204e-06 1.99913e-06 1.66783e-06 1.38802e-06 1.16579e-06 9.77396e-07 8.32871e-07
0.00623639 0.000566627 0.000314986 0.000191255 0.000125027 8.66176e-05 6.27088e-05 4.69196e-05 3.59838e-05 2.81188e-05 2.22925e-05 1.78748e-05 1.44628e-05 1.1788e-05 9.66584e-06 7.96519e-06 6.59099e-06 5.47271e-06 4.5572e-06 3.80374e-06 3.18078e-06 2.6636e-06 2.23263e-06 1.8723e-06 1.57009e-06 1.31596e-06 1.1018e-06 9.26695e-07 7.78473e-07 6.52706e-07 5.56266e-07
0.00484232 0.000406384 0.000222407 0.000133482 8.66176e-05 5.97695e-05 4.31985e-05 3.23109e-05 2.47894e-05 1.93849e-05 1.53812e-05 1.23437e-05 9.99587e-06 8.15375e-06 6.69092e-06 5.51773e-06 4.56907e-06 3.79662e-06 3.16389e-06 2.64293e-06 2.21207e-06 1.85428e-06 1.55609e-06 1.30677e-06 1.0977e-06 9.21932e-07 7.76101e-07 6.52878e-07 5.48509e-07 4.59909e-07 3.91928e-07
0.00385897 0.000300686 0.000162854 9.70333e-05 6.27088e-05 4.31985e-05 3.12148e-05 2.33597e-05 1.79365e-05 1.40383e-05 1.1148e-05 8.95298e-06 7.25463e-06 5.92092e-06 4.861e-06 4.01042e-06 3.32226e-06 2.76169e-06 2.30239e-06 1.92415e-06 1.61128e-06 1.35146e-06 1.13493e-06 9.53901e-07 8.02128e-07 6.75461e-07 5.68673e-07 4.78414e-07 4.01947e-07 3.37023e-07 2.87151e-07
0.00313378 0.000227928 0.000122613 7.27436e-05 4.69196e-05 3.23109e-05 2.33597e-05 1.74961e-05 1.3446e-05 1.05318e-05 8.36874e-06 6.72431e-06 5.45079e-06 4.44998e-06 3.65417e-06 3.01527e-06 2.49823e-06 2.07698e-06 1.73179e-06 1.44752e-06 1.2124e-06 1.01716e-06 8.5448e-07 7.18504e-07 6.04891e-07 5.09365e-07 4.2883e-07 3.6076e-07 3.03092e-07 2.54131e-07 2.16469e-07
0.00258062 0.000176085 9.43174e-05 5.58256e-05 3.59838e-05 2.47894e-05 1.79365e-05 1.3446e-05 1.03412e-05 8.10469e-06 6.44275e-06 5.17816e-06 4.19811e-06 3.42754e-06 2.81462e-06 2.32244e-06 1.92411e-06 1.59957e-06 1.33366e-06 1.11471e-06 9.33635e-07 7.83315e-07 6.58095e-07 5.53607e-07 4.66018e-07 3.92386e-07 3.30318e-07 2.77866e-07 2.33436e-07 1.95721e-07 1.66667e-07
0.00214769 0.000138096 7.3776e-05 4.36196e-05 2.81188e-05 1.93849e-05 1.40383e-05 1.05318e-05 8.10469e-06 6.35431e-06 5.05238e-06 4.06102e-06 3.29235e-06 2.6878e-06 2.20687e-06 1.82067e-06 1.50813e-06 1.25353e-06 1.04496e-06 8.73264e-07 7.31311e-07 6.13501e-07 5.15455e-07 4.33535e-07 3.64882e-07 3.07184e-07 2.58562e-07 2.17482e-07 1.82693e-07 1.5317e-07 1.30392e-07
0.00180206 0.00010962 5.84768e-05 3.45638e-05 2.22925e-05 1.53812e-05 1.1148e-05 8.36874e-06 6.44275e-06 5.05238e-06 4.01743e-06 3.22895e-06 2.61741e-06 2.13638e-06 1.75371e-06 1.44645e-06 1.19784e-06 9.95371e-07 8.29549e-07 6.93081e-07 5.80292e-07 4.86744e-07 4.08858e-07 3.43803e-07 2.89302e-07 2.43513e-07 2.04937e-07 1.72356e-07 1.44773e-07 1.21372e-07 1.03291e-07
0.00152183 8.78732e-05 4.68439e-05 2.76938e-05 1.78748e-05 1.23437e-05 8.95298e-06 6.72431e-06 5.17816e-06 4.06102e-06 3.22895e-06 2.59482e-06 2.10291e-06 1.71598e-06 1.4082e-06 1.16113e-06 9.61269e-07 7.98543e-07 6.65316e-07 5.55711e-07 4.65167e-07 3.9007e-07 3.27568e-07 2.75381e-07 2.31676e-07 1.9497e-07 1.64058e-07 1.37958e-07 1.15868e-07 9.71342e-08 8.26391e-08
0.00129178 7.10099e-05 3.78491e-05 2.23882e-05 1.44628e-05 9.99587e-06 7.25463e-06 5.45079e-06 4.19811e-06 3.29235e-06 2.61741e-06 2.10291e-06 1.70378e-06 1.38987e-06 1.14021e-06 9.39847e-07 7.77816e-07 6.45936e-07 5.38e-07 4.4924e-07 3.75929e-07 3.15148e-07 2.6458e-07 2.22373e-07 1.87038e-07 1.57373e-07 1.324e-07 1.11321e-07 9.34873e-08 7.83674e-08 6.66532e-08
0.00110105 5.77661e-05 3.07977e-05 1.8231e-05 1.1788e-05 8.15375e-06 5.92092e-06 4.44998e-06 3.42754e-06 2.6878e-06 2.13638e-06 1.71598e-06 1.38987e-06 1.13341e-06 9.29503e-07 7.65901e-07 6.33641e-07 5.2603e-07 4.37992e-07 3.65614e-07 3.05856e-07 2.5633e-07 2.15141e-07 1.80776e-07 1.52017e-07 1.2788e-07 1.07568e-07 9.04305e-08 7.59359e-08 6.36511e-08 5.41211e-08
0.000941632 4.72535e-05 2.52062e-05 1.49346e-05 9.66584e-06 6.69092e-06 4.861e-06 3.65417e-06 2.81462e-06 2.20687e-06 1.75371e-06 1.4082e-06 1.14021e-06 9.29503e-07 7.62012e-07 6.27671e-07 5.19102e-07 4.308e-07 3.58581e-07 2.9923e-07 2.50247e-07 2.09665e-07 1.75927e-07 1.47789e-07 1.24249e-07 1.04501e-07 8.78875e-08 7.38749e-08 6.20277e-08 5.19901e-08 4.41937e-08
0.000807489 3.88332e-05 2.073e-05 1.22949e-05 7.96519e-06 5.51773e-06 4.01042e-06 3.01527e-06 2.32244e-06 1.82067e-06 1.44645e-06 1.16113e-06 9.39847e-07 7.65901e-07 6.27671e-07 5.16833e-07 4.27292e-07 3.54488e-07 2.94966e-07 2.46067e-07 2.05725e-07 1.72315e-07 1.44549e-07 1.21399e-07 1.02041e-07 8.58051e-08 7.21518e-08 6.06398e-08 5.09101e-08 4.26693e-08 3.62609e-08
0.000693982 3.20367e-05 1.71173e-05 1.01635e-05 6.59099e-06 4.56907e-06 3.32226e-06 2.49823e-06 1.92411e-06 1.50813e-06 1.19784e-06 9.61269e-07 7.77816e-07 6.33641e-07 5.19102e-07 4.27292e-07 3.53144e-07 2.92877e-07 2.43623e-07 2.03174e-07 1.69815e-07 1.42198e-07 1.19254e-07 1.00131e-07 8.41456e-08 7.07437e-08 5.94771e-08 4.99807e-08 4.19572e-08 3.51638e-08 2.98748e-08
0.000597479 2.6514e-05 1.41812e-05 8.4303e-06 5.47271e-06 3.79662e-06 2.76169e-06 2.07698e-06 1.59957e-06 1.25353e-06 9.95371e-07 7.98543e-07 6.45936e-07 5.2603e-07 4.308e-07 3.54488e-07 2.92877e-07 2.42818e-07 2.0192e-07 1.68346e-07 1.40666e-07 1.17757e-07 9.87324e-08 8.28813e-08 6.96348e-08 5.8533e-08 4.92031e-08 4.13418e-08 3.47018e-08 2.90816e-08 2.47013e-08
0.000515096 2.20001e-05 1.17807e-05 7.0123e-06 4.5572e-06 3.16389e-06 2.30239e-06 1.73179e-06 1.33366e-06 1.04496e-06 8.29549e-07 6.65316e-07 5.38e-07 4.37992e-07 3.58581e-07 2.94966e-07 2.43623e-07 2.0192e-07 1.67861e-07 1.3991e-07 1.16874e-07 9.7815e-08 8.1992e-08 6.88131e-08 5.78032e-08 4.85789e-08 4.08292e-08 3.43014e-08 2.87896e-08 2.41257e-08 2.0487e-08
0.000444517 1.82916e-05 9.80753e-06 5.846e-06 3.80374e-06 2.64293e-06 1.92415e-06 1.44752e-06 1.11471e-06 8.73264e-07 6.93081e-07 5.55711e-07 4.4924e-07 3.65614e-07 2.9923e-07 2.46067e-07 2.03174e-07 1.68346e-07 1.3991e-07 1.16582e-07 9.73609e-08 8.14639e-08 6.827e-08 5.72843e-08 4.81095e-08 4.0425e-08 3.3971e-08 2.85362e-08 2.39487e-08 2.0068e-08 1.70374e-08
0.000383856 1.52304e-05 8.17796e-06 4.88221e-06 3.18078e-06 2.21207e-06 1.61128e-06 1.2124e-06 9.33635e-07 7.31311e-07 5.80292e-07 4.65167e-07 3.75929e-07 3.05856e-07 2.50247e-07 2.05725e-07 1.69815e-07 1.40666e-07 1.16874e-07 9.73609e-08 8.12888e-08 6.8e-08 5.6974e-08 4.77961e-08 4.01334e-08 3.37172e-08 2.833e-08 2.37949e-08 1.99679e-08 1.67315e-08 1.42016e-08
0.000331566 1.26928e-05 6.82639e-06 4.08241e-06 2.6636e-06 1.85428e-06 1.35146e-06 1.01716e-06 7.83315e-07 6.13501e-07 4.86744e-07 3.9007e-07 3.15148e-07 2.5633e-07 2.09665e-07 1.72315e-07 1.42198e-07 1.17757e-07 9.7815e-08 8.14639e-08 6.8e-08 5.68708e-08 4.76393e-08 3.99573e-08 3.35452e-08 2.81778e-08 2.36724e-08 1.98806e-08 1.66818e-08 1.39774e-08 1.18615e-08
0.000286367 1.05809e-05 5.70099e-06 3.41614e-06 2.23263e-06 1.55609e-06 1.13493e-06 8.5448e-07 6.58095e-07 5.15455e-07 4.08858e-07 3.27568e-07 2.6458e-07 2.15141e-07 1.75927e-07 1.44549e-07 1.19254e-07 9.87324e-08 8.1992e-08 6.827e-08 5.6974e-08 4.76393e-08 3.98984e-08 3.34584e-08 2.80844e-08 2.35872e-08 1.98132e-08 1.66378e-08 1.39597e-08 1.16961e-08 9.92359e-09
0.000247191 8.81677e-06 4.76049e-06 2.85916e-06 1.8723e-06 1.30677e-06 9.53901e-07 7.18504e-07 5.53607e-07 4.33535e-07 3.43803e-07 2.75381e-07 2.22373e-07 1.80776e-07 1.47789e-07 1.21399e-07 1.00131e-07 8.28813e-08 6.88131e-08 5.72843e-08 4.77961e-08 3.99573e-08 3.34584e-08 2.8053e-08 2.35435e-08 1.97706e-08 1.66052e-08 1.39426e-08 1.16975e-08 9.80039e-09 8.3136e-09
0.00021314 7.33777e-06 3.97182e-06 2.39204e-06 1.57009e-06 1.0977e-06 8.02128e-07 6.04891e-07 4.66018e-07 3.64882e-07 2.89302e-07 2.31676e-07 1.87038e-07 1.52017e-07 1.24249e-07 1.02041e-07 8.41456e-08 6.96348e-08 5.78032e-08 4.81095e-08 4.01334e-08 3.35452e-08 2.80844e-08 2.35435e-08 1.9756e-08 1.65879e-08 1.39306e-08 1.16958e-08 9.81184e-09 8.22023e-09 6.97199e-09
0.000183456 6.0936e-06 3.30836e-06 1.99913e-06 1.31596e-06 9.21932e-07 6.75461e-07 5.09365e-07 3.92386e-07 3.07184e-07 2.43513e-07 1.9497e-07 1.57373e-07 1.2788e-07 1.04501e-07 8.58051e-08 7.07437e-08 5.8533e-08 4.85789e-08 4.0425e-08 3.37172e-08 2.81778e-08 2.35872e-08 1.97706e-08 1.65879e-08 1.39262e-08 1.16941e-08 9.81732e-09 8.23547e-09 6.89935e-09 5.8508e-09
0.000157495 5.04354e-06 2.74861e-06 1.66783e-06 1.1018e-06 7.76101e-07 5.68673e-07 4.2883e-07 3.30318e-07 2.58562e-07 2.04937e-07 1.64058e-07 1.324e-07 1.07568e-07 8.78875e-08 7.21518e-08 5.94771e-08 4.92031e-08 4.08292e-08 3.3971e-08 2.833e-08 2.36724e-08 1.98132e-08 1.66052e-08 1.39306e-08 1.16941e-08 9.81891e-09 8.2425e-09 6.91406e-09 5.79217e-09 4.91124e-09
0.000134707 4.15463e-06 2.27526e-06 1.38802e-06 9.26695e-07 6.52878e-07 4.78414e-07 3.6076e-07 2.77866e-07 2.17482e-07 1.72356e-07 1.37958e-07 1.11321e-07 9.04305e-08 7.38749e-08 6.06398e-08 4.99807e-08 4.13418e-08 3.43014e-08 2.85362e-08 2.37949e-08 1.98806e-08 1.66378e-08 1.39426e-08 1.16958e-08 9.81732e-09 8.2425e-09 6.91879e-09 5.80346e-09 4.86167e-09 4.12183e-09
0.000114618 3.40029e-06 1.87448e-06 1.16579e-06 7.78473e-07 5.48509e-07 4.01947e-07 3.03092e-07 2.33436e-07 1.82693e-07 1.44773e-07 1.15868e-07 9.34873e-08 7.59359e-08 6.20277e-08 5.09101e-08 4.19572e-08 3.47018e-08 2.87896e-08 2.39487e-08 1.99679e-08 1.66818e-08 1.39597e-08 1.16975e-08 9.81184e-09 8.23547e-09 6.91406e-09 5.80346e-09 4.86778e-09 4.07777e-09 3.45695e-09
9.68191e-05 2.7594e-06 1.5715e-06 9.77396e-07 6.52706e-07 4.59909e-07 3.37023e-07 2.54131e-07 1.95721e-07 1.5317e-07 1.21372e-07 9.71342e-08 7.83674e-08 6.36511e-08 5.19901e-08 4.26693e-08 3.51638e-08 2.90816e-08 2.41257e-08 2.0068e-08 1.67315e-08 1.39774e-08 1.16961e-08 9.80039e-09 8.22023e-09 6.89935e-09 5.79217e-09 4.86167e-09 4.07777e-09 3.41595e-09 2.89576e-09
8.43354e-05 2.34875e-06 1.33858e-06 8.32871e-07 5.56266e-07 3.91928e-07 2.87151e-07 2.16469e-07 1.66667e-07 1.30392e-07 1.03291e-07 8.26391e-08 6.66532e-08 5.41211e-08 4.41937e-08 3.62609e-08 2.98748e-08 2.47013e-08 2.0487e-08 1.70374e-08 1.42016e-08 1.18615e-08 9.92359e-09 8.3136e-09 6.97199e-09 5.8508e-09 4.91124e-09 4.12183e-09 3.45695e-09 2.89576e-09 2.45432e-09
