0.379663 0.0663356 0.0348151 0.0198825 0.011649 0.00681467 0.00394168 0.00224969 0.00126817 0.000707308 0.00039101 0.000214572 0.000117031 6.35036e-05 3.43083e-05 1.84659e-05 9.90669e-06 5.29964e-06 2.82792e-06 1.5056e-06 7.99975e-07 4.24276e-07 2.24646e-07 1.18765e-07 6.27e-08 3.30568e-08 1.74034e-08 9.14413e-09 4.78406e-09 2.4709e-09 1.29627e-09
0.0663356 0.0164721 0.00834337 0.00417157 0.00205245 0.00100137 0.000487542 0.000237738 0.000116303 5.7113e-05 2.81522e-05 1.39251e-05 6.90929e-06 3.43754e-06 1.71431e-06 8.56696e-07 4.28886e-07 2.1505e-07 1.07977e-07 5.42817e-08 2.73175e-08 1.37608e-08 6.93764e-09 3.50031e-09 1.76714e-09 8.9249e-10 4.50637e-10 2.27011e-10 1.1331e-10 5.47397e-11 2.77373e-11
0.0348151 0.00834337 0.00360778 0.00164633 0.000768616 0.000363463 0.000173549 8.35649e-05 4.05352e-05 1.97891e-05 9.71404e-06 4.79058e-06 2.37177e-06 1.17811e-06 5.86828e-07 2.92997e-07 1.46588e-07 7.34664e-08 3.68755e-08 1.85336e-08 9.32575e-09 4.69732e-09 2.36813e-09 1.1948e-09 6.03163e-10 3.04542e-10 1.53604e-10 7.70925e-11 3.80296e-11 1.90894e-11 9.67498e-12
0.0198825 0.00417157 0.00164633 0.00070433 0.000315373 0.000145194 6.81253e-05 3.24176e-05 1.55957e-05 7.56842e-06 3.69867e-06 1.81782e-06 8.97572e-07 4.44887e-07 2.21213e-07 1.10289e-07 5.51109e-08 2.75918e-08 1.38371e-08 6.9492e-09 3.49438e-09 1.75907e-09 8.86356e-10 4.46967e-10 2.25507e-10 1.1375e-10 5.72424e-11 2.85565e-11 1.43944e-11 7.22501e-12 3.66109e-12
0.011649 0.00205245 0.000768616 0.000315373 0.00013712 6.18834e-05 2.86448e-05 1.35021e-05 6.45117e-06 3.11454e-06 1.51594e-06 7.42641e-07 3.6571e-07 1.80859e-07 8.9756e-08 4.46742e-08 2.22906e-08 1.11454e-08 5.58279e-09 2.8008e-09 1.40702e-09 7.07669e-10 3.56285e-10 1.79516e-10 9.04818e-11 4.55688e-11 2.28579e-11 1.15298e-11 5.81048e-12 2.91572e-12 1.47678e-12
0.00681467 0.00100137 0.000363463 0.000145194 6.18834e-05 2.75386e-05 1.26214e-05 5.9067e-06 2.80697e-06 1.34945e-06 6.54565e-07 3.19743e-07 1.57069e-07 7.75103e-08 3.83935e-08 1.90771e-08 9.5041e-09 4.74548e-09 2.37401e-09 1.18961e-09 5.9697e-10 2.99945e-10 1.50864e-10 7.59367e-11 3.82264e-11 1.92145e-11 9.68752e-12 4.88449e-12 2.46053e-12 1.23425e-12 6.24758e-13
0.00394168 0.000487542 0.000173549 6.81253e-05 2.86448e-05 1.26214e-05 5.74291e-06 2.67307e-06 1.26491e-06 6.06e-07 2.93091e-07 1.42809e-07 6.99967e-08 3.44733e-08 1.70451e-08 8.4556e-09 4.20621e-09 2.09729e-09 1.04787e-09 5.24461e-10 2.62893e-10 1.3195e-10 6.62985e-11 3.3334e-11 1.67573e-11 8.43993e-12 4.25281e-12 2.14313e-12 1.07903e-12 5.4104e-13 2.73687e-13
0.00224969 0.000237738 8.35649e-05 3.24176e-05 1.35021e-05 5.9067e-06 2.67307e-06 1.23893e-06 5.84248e-07 2.79093e-07 1.34642e-07 6.54576e-08 3.20188e-08 1.57403e-08 7.76964e-09 3.84833e-09 1.9116e-09 9.51893e-10 4.75005e-10 2.37466e-10 1.18903e-10 5.96171e-11 2.99232e-11 1.50281e-11 7.55834e-12 3.80424e-12 1.91571e-12 9.64817e-13 4.85507e-13 2.43333e-13 1.2301e-13
0.00126817 0.000116303 4.05352e-05 1.55957e-05 6.45117e-06 2.80697e-06 1.26491e-06 5.84248e-07 2.74719e-07 1.30902e-07 6.30092e-08 3.05705e-08 1.49261e-08 7.32514e-09 3.61012e-09 1.78551e-09 8.85724e-10 4.40496e-10 2.19553e-10 1.09638e-10 5.48399e-11 2.74682e-11 1.37729e-11 6.91531e-12 3.47546e-12 1.74804e-12 8.79691e-13 4.42774e-13 2.22687e-13 1.11561e-13 5.63608e-14
0.000707308 5.7113e-05 1.97891e-05 7.56842e-06 3.11454e-06 1.34945e-06 6.06e-07 2.79093e-07 1.30902e-07 6.22342e-08 2.98956e-08 1.44778e-08 7.05674e-09 3.45771e-09 1.7016e-09 8.40438e-10 4.1638e-10 2.06831e-10 1.02974e-10 5.1368e-11 2.56679e-11 1.28441e-11 6.43639e-12 3.22915e-12 1.62169e-12 8.15094e-13 4.09928e-13 2.06205e-13 1.03652e-13 5.1906e-14 2.62069e-14
0.00039101 2.81522e-05 9.71404e-06 3.69867e-06 1.51594e-06 6.54565e-07 2.93091e-07 1.34642e-07 6.30092e-08 2.98956e-08 1.43345e-08 6.93002e-09 3.37247e-09 1.65004e-09 8.10904e-10 4.00002e-10 1.97937e-10 9.82124e-11 4.8845e-11 2.43417e-11 1.21517e-11 6.0761e-12 3.04239e-12 1.52521e-12 7.65423e-13 3.84459e-13 1.93232e-13 9.71448e-14 4.88058e-14 2.44308e-14 1.23277e-14
0.000214572 1.39251e-05 4.79058e-06 1.81782e-06 7.42641e-07 3.19743e-07 1.42809e-07 6.54576e-08 3.05705e-08 1.44778e-08 6.93002e-09 3.34502e-09 1.62545e-09 7.94189e-10 3.89801e-10 1.9205e-10 9.49274e-11 4.70515e-11 2.33773e-11 1.1639e-11 5.80561e-12 2.90057e-12 1.45124e-12 7.27007e-13 3.64596e-13 1.83013e-13 9.19283e-14 4.619e-14 2.31944e-14 1.1606e-14 5.85315e-15
0.000117031 6.90929e-06 2.37177e-06 8.97572e-07 3.6571e-07 1.57069e-07 6.99967e-08 3.20188e-08 1.49261e-08 7.05674e-09 3.37247e-09 1.62545e-09 7.88775e-10 3.84898e-10 1.88688e-10 9.28599e-11 4.58508e-11 2.27037e-11 1.12697e-11 5.60617e-12 2.79409e-12 1.39489e-12 6.97389e-13 3.4912e-13 1.74971e-13 8.77745e-14 4.40641e-14 2.21285e-14 1.11066e-14 5.55546e-15 2.80028e-15
6.35036e-05 3.43754e-06 1.17811e-06 4.44887e-07 1.80859e-07 7.75103e-08 3.44733e-08 1.57403e-08 7.32514e-09 3.45771e-09 1.65004e-09 7.94189e-10 3.84898e-10 1.87594e-10 9.18604e-11 4.51601e-11 2.22763e-11 1.10201e-11 5.46548e-12 2.71659e-12 1.35288e-12 6.74899e-13 3.37189e-13 1.68689e-13 8.44904e-14 4.236e-14 2.12537e-14 1.06679e-14 5.3519e-15 2.67607e-15 1.34822e-15
3.43083e-05 1.71431e-06 5.86828e-07 2.21213e-07 8.9756e-08 3.83935e-08 1.70451e-08 7.76964e-09 3.61012e-09 1.7016e-09 8.10904e-10 3.89801e-10 1.88688e-10 9.18604e-11 4.49345e-11 2.20686e-11 1.08757e-11 5.3756e-12 2.66385e-12 1.32302e-12 6.5839e-13 3.28215e-13 1.63872e-13 8.19309e-14 4.1012e-14 2.05502e-14 1.03054e-14 5.17011e-15 2.59262e-15 1.29593e-15 6.52592e-16
1.84659e-05 8.56696e-07 2.92997e-07 1.10289e-07 4.46742e-08 1.90771e-08 8.4556e-09 3.84833e-09 1.78551e-09 8.40438e-10 4.00002e-10 1.9205e-10 9.28599e-11 4.51601e-11 2.20686e-11 1.08284e-11 5.33177e-12 2.63318e-12 1.30384e-12 6.47087e-13 3.21792e-13 1.60311e-13 7.99904e-14 3.99689e-14 1.99958e-14 1.00141e-14 5.01934e-15 2.51697e-15 1.26164e-15 6.30434e-16 3.17324e-16
9.90669e-06 4.28886e-07 1.46588e-07 5.51109e-08 2.22906e-08 9.5041e-09 4.20621e-09 1.9116e-09 8.85724e-10 4.1638e-10 1.97937e-10 9.49274e-11 4.58508e-11 2.22763e-11 1.08757e-11 5.33177e-12 2.62312e-12 1.29446e-12 6.40491e-13 3.17649e-13 1.5786e-13 7.85936e-14 3.91925e-14 1.95723e-14 9.78647e-15 4.89868e-15 2.45416e-15 1.2301e-15 6.16344e-16 3.07891e-16 1.54908e-16
5.29964e-06 2.1505e-07 7.34664e-08 2.75918e-08 1.11454e-08 4.74548e-09 2.09729e-09 9.51893e-10 4.40496e-10 2.06831e-10 9.82124e-11 4.70515e-11 2.27037e-11 1.10201e-11 5.3756e-12 2.63318e-12 1.29446e-12 6.38323e-13 3.15617e-13 1.56425e-13 7.7689e-14 3.86558e-14 1.92657e-14 9.61586e-15 4.80563e-15 2.40432e-15 1.20398e-15 6.03212e-16 3.02125e-16 1.5088e-16 7.58804e-17
2.82792e-06 1.07977e-07 3.68755e-08 1.38371e-08 5.58279e-09 2.37401e-09 1.04787e-09 4.75005e-10 2.19553e-10 1.02974e-10 4.8845e-11 2.33773e-11 1.12697e-11 5.46548e-12 2.66385e-12 1.30384e-12 6.40491e-13 3.15617e-13 1.55953e-13 7.72444e-14 3.83407e-14 1.90664e-14 9.49739e-15 4.73788e-15 2.36665e-15 1.18352e-15 5.92393e-16 2.96677e-16 1.48539e-16 7.41593e-17 3.72813e-17
1.5056e-06 5.42817e-08 1.85336e-08 6.9492e-09 2.8008e-09 1.18961e-09 5.24461e-10 2.37466e-10 1.09638e-10 5.1368e-11 2.43417e-11 1.1639e-11 5.60617e-12 2.71659e-12 1.32302e-12 6.47087e-13 3.17649e-13 1.56425e-13 7.72444e-14 3.82368e-14 1.89683e-14 9.42762e-15 4.69368e-15 2.34035e-15 1.1685e-15 5.84084e-16 2.92232e-16 1.46296e-16 7.32208e-17 3.65463e-17 1.83656e-17
7.99975e-07 2.73175e-08 9.32575e-09 3.49438e-09 1.40702e-09 5.9697e-10 2.62893e-10 1.18903e-10 5.48399e-11 2.56679e-11 1.21517e-11 5.80561e-12 2.79409e-12 1.35288e-12 6.5839e-13 3.21792e-13 1.5786e-13 7.7689e-14 3.83407e-14 1.89683e-14 9.40459e-15 4.67186e-15 2.32481e-15 1.15865e-15 5.78234e-16 2.88913e-16 1.44492e-16 7.23078e-17 3.61777e-17 1.80525e-17 9.06862e-18
4.24276e-07 1.37608e-08 4.69732e-09 1.75907e-09 7.07669e-10 2.99945e-10 1.3195e-10 5.96171e-11 2.74682e-11 1.28441e-11 6.0761e-12 2.90057e-12 1.39489e-12 6.74899e-13 3.28215e-13 1.60311e-13 7.85936e-14 3.86558e-14 1.90664e-14 9.42762e-15 4.67186e-15 2.31967e-15 1.15377e-15 5.74764e-16 2.86719e-16 1.432e-16 7.15901e-17 3.58126e-17 1.79123e-17 8.93593e-18 4.48737e-18
2.24646e-07 6.93764e-09 2.36813e-09 8.86356e-10 3.56285e-10 1.50864e-10 6.62985e-11 2.99232e-11 1.37729e-11 6.43639e-12 3.04239e-12 1.45124e-12 6.97389e-13 3.37189e-13 1.63872e-13 7.99904e-14 3.91925e-14 1.92657e-14 9.49739e-15 4.69368e-15 2.32481e-15 1.15377e-15 5.73613e-16 2.85629e-16 1.42427e-16 7.11062e-17 3.55351e-17 1.77701e-17 8.88523e-18 4.43154e-18 2.22464e-18
1.18765e-07 3.50031e-09 1.1948e-09 4.46967e-10 1.79516e-10 7.59367e-11 3.3334e-11 1.50281e-11 6.91531e-12 3.22915e-12 1.52521e-12 7.27007e-13 3.4912e-13 1.68689e-13 8.19309e-14 3.99689e-14 1.95723e-14 9.61586e-15 4.73788e-15 2.34035e-15 1.15865e-15 5.74764e-16 2.85629e-16 1.42169e-16 7.08639e-17 3.53655e-17 1.76675e-17 8.83206e-18 4.4148e-18 2.20139e-18 1.10475e-18
6.27e-08 1.76714e-09 6.03163e-10 2.25507e-10 9.04818e-11 3.82264e-11 1.67573e-11 7.55834e-12 3.47546e-12 1.62169e-12 7.65423e-13 3.64596e-13 1.74971e-13 8.44904e-14 4.1012e-14 1.99958e-14 9.78647e-15 4.80563e-15 2.36665e-15 1.1685e-15 5.78234e-16 2.86719e-16 1.42427e-16 7.08639e-17 3.53086e-17 1.76149e-17 8.79683e-18 4.39618e-18 2.19684e-18 1.09519e-18 5.49442e-19
3.30568e-08 8.9249e-10 3.04542e-10 1.1375e-10 4.55688e-11 1.92145e-11 8.43993e-12 3.80424e-12 1.74804e-12 8.15094e-13 3.84459e-13 1.83013e-13 8.77745e-14 4.236e-14 2.05502e-14 1.00141e-14 4.89868e-15 2.40432e-15 1.18352e-15 5.84084e-16 2.88913e-16 1.432e-16 7.11062e-17 3.53655e-17 1.76149e-17 8.78474e-18 4.38565e-18 2.19104e-18 1.0946e-18 5.45573e-19 2.73625e-19
1.74034e-08 4.50637e-10 1.53604e-10 5.72424e-11 2.28579e-11 9.68752e-12 4.25281e-12 1.91571e-12 8.79691e-13 4.09928e-13 1.93232e-13 9.19283e-14 4.40641e-14 2.12537e-14 1.03054e-14 5.01934e-15 2.45416e-15 1.20398e-15 5.92393e-16 2.92232e-16 1.44492e-16 7.15901e-17 3.55351e-17 1.76675e-17 8.79683e-18 4.38565e-18 2.18879e-18 1.09319e-18 5.45988e-19 2.72079e-19 1.36419e-19
9.14413e-09 2.27011e-10 7.70925e-11 2.85565e-11 1.15298e-11 4.88449e-12 2.14313e-12 9.64817e-13 4.42774e-13 2.06205e-13 9.71448e-14 4.619e-14 2.21285e-14 1.06679e-14 5.17011e-15 2.51697e-15 1.2301e-15 6.03212e-16 2.96677e-16 1.46296e-16 7.23078e-17 3.58126e-17 1.77701e-17 8.83206e-18 4.39618e-18 2.19104e-18 1.09319e-18 5.45839e-19 2.7255e-19 1.35792e-19 6.80676e-20
4.78406e-09 1.1331e-10 3.80296e-11 1.43944e-11 5.81048e-12 2.46053e-12 1.07903e-12 4.85507e-13 2.22687e-13 1.03652e-13 4.88058e-14 2.31944e-14 1.11066e-14 5.3519e-15 2.59262e-15 1.26164e-15 6.16344e-16 3.02125e-16 1.48539e-16 7.32208e-17 3.61777e-17 1.79123e-17 8.88523e-18 4.4148e-18 2.19684e-18 1.0946e-18 5.45988e-19 2.7255e-19 1.3606e-19 6.77775e-20 3.39661e-20
2.4709e-09 5.47397e-11 1.90894e-11 7.22501e-12 2.91572e-12 1.23425e-12 5.4104e-13 2.43333e-13 1.11561e-13 5.1906e-14 2.44308e-14 1.1606e-14 5.55546e-15 2.67607e-15 1.29593e-15 6.30434e-16 3.07891e-16 1.5088e-16 7.41593e-17 3.65463e-17 1.80525e-17 8.93593e-18 4.43154e-18 2.20139e-18 1.09519e-18 5.45573e-19 2.72079e-19 1.35792e-19 6.77775e-20 3.37586e-20 1.69147e-20
1.29627e-09 2.77373e-11 9.67498e-12 3.66109e-12 1.47678e-12 6.24758e-13 2.73687e-13 1.2301e-13 5.63608e-14 2.62069e-14 1.23277e-14 5.85315e-15 2.80028e-15 1.34822e-15 6.52592e-16 3.17324e-16 1.54908e-16 7.58804e-17 3.72813e-17 1.83656e-17 9.06862e-18 4.48737e-18 2.22464e-18 1.10475e-18 5.49442e-19 2.73625e-19 1.36419e-19 6.80676e-20 3.39661e-20 1.69147e-20 8.47293e-21
