0.840482 0.000216121 0.000207619 0.000199452 0.000191606 0.000184068 0.000176827 0.000169871 0.000163188 0.000156768 0.000150601 0.000144677 0.000138985 0.000133518 0.000128265 0.000123219 0.000118372 0.000113715 0.000109242 0.000104945 0.000100816 9.68501e-05 9.30401e-05 8.938e-05 8.58638e-05 8.2486e-05 7.92411e-05 7.61238e-05 7.31292e-05 7.02524e-05 6.74887e-05 6.48337e-05 6.22832e-05 5.98331e-05 5.74793e-05 5.52181e-05 5.30459e-05 5.09591e-05 4.89544e-05 4.70286e-05 4.51785e-05 4.34013e-05 4.16939e-05 4.00537e-05 3.8478e-05 3.69643e-05 3.55102e-05 3.41132e-05 3.27713e-05 3.14821e-05 3.02436e-05 2.90538e-05 2.79109e-05 2.68129e-05 2.57581e-05 2.47448e-05 2.37714e-05 2.28362e-05 2.19379e-05 2.10748e-05 2.02458e-05 1.94493e-05 1.86842e-05 1.79492e-05 1.72431e-05 1.65648e-05 1.59131e-05 1.52871e-05 1.46857e-05 1.4108e-05 1.3553e-05 1.30198e-05 1.25077e-05 1.20156e-05 1.15429e-05 1.10888e-05 1.06526e-05 1.02336e-05 9.83097e-06 9.44423e-06 9.0727e-06 8.71579e-06 8.37292e-06 8.04354e-06 7.72711e-06 7.42313e-06 7.13111e-06 6.85058e-06 6.58109e-06 6.32219e-06 6.07348e-06 5.83456e-06 5.60503e-06 5.38453e-06 5.17271e-06 4.96922e-06 4.77374e-06 4.58594e-06 4.40554e-06 4.23223e-06 4.06573e-06
0.000216121 2.85923e-05 2.77402e-05 2.69109e-05 2.61039e-05 2.53187e-05 2.4555e-05 2.38121e-05 2.30897e-05 2.23872e-05 2.17043e-05 2.10405e-05 2.03954e-05 1.97684e-05 1.91592e-05 1.85673e-05 1.79924e-05 1.74339e-05 1.68916e-05 1.63649e-05 1.58535e-05 1.53571e-05 1.48751e-05 1.44073e-05 1.39533e-05 1.35128e-05 1.30853e-05 1.26705e-05 1.22681e-05 1.18777e-05 1.14991e-05 1.11319e-05 1.07758e-05 1.04305e-05 1.00956e-05 9.771e-06 9.45629e-06 9.15122e-06 8.85551e-06 8.56891e-06 8.29115e-06 8.02199e-06 7.76117e-06 7.50846e-06 7.26362e-06 7.02643e-06 6.79665e-06 6.57408e-06 6.35851e-06 6.14972e-06 5.94751e-06 5.7517e-06 5.56209e-06 5.3785e-06 5.20075e-06 5.02865e-06 4.86205e-06 4.70078e-06 4.54467e-06 4.39356e-06 4.24731e-06 4.10577e-06 3.9688e-06 3.83624e-06 3.70797e-06 3.58386e-06 3.46378e-06 3.34759e-06 3.23519e-06 3.12645e-06 3.02126e-06 2.9195e-06 2.82108e-06 2.72588e-06 2.63381e-06 2.54476e-06 2.45864e-06 2.37536e-06 2.29483e-06 2.21696e-06 2.14166e-06 2.06886e-06 1.99847e-06 1.93041e-06 1.86462e-06 1.80102e-06 1.73953e-06 1.6801e-06 1.62265e-06 1.56712e-06 1.51345e-06 1.46157e-06 1.41144e-06 1.36299e-06 1.31616e-06 1.27091e-06 1.22718e-06 1.18493e-06 1.1441e-06 1.10465e-06 1.06654e-06
0.000207619 2.77402e-05 2.69469e-05 2.61735e-05 2.54196e-05 2.46848e-05 2.39688e-05 2.32712e-05 2.25916e-05 2.19298e-05 2.12854e-05 2.0658e-05 2.00472e-05 1.94528e-05 1.88743e-05 1.83114e-05 1.77639e-05 1.72312e-05 1.67132e-05 1.62094e-05 1.57196e-05 1.52434e-05 1.47805e-05 1.43306e-05 1.38934e-05 1.34685e-05 1.30557e-05 1.26547e-05 1.22651e-05 1.18867e-05 1.15192e-05 1.11624e-05 1.08159e-05 1.04795e-05 1.01529e-05 9.83594e-06 9.52826e-06 9.22966e-06 8.93988e-06 8.65871e-06 8.3859e-06 8.12122e-06 7.86447e-06 7.61542e-06 7.37386e-06 7.13958e-06 6.91238e-06 6.69207e-06 6.47846e-06 6.27135e-06 6.07055e-06 5.87591e-06 5.68723e-06 5.50434e-06 5.32709e-06 5.15531e-06 4.98885e-06 4.82754e-06 4.67124e-06 4.5198e-06 4.37308e-06 4.23095e-06 4.09326e-06 3.95989e-06 3.83071e-06 3.70559e-06 3.58442e-06 3.46707e-06 3.35343e-06 3.24339e-06 3.13684e-06 3.03368e-06 2.9338e-06 2.83711e-06 2.7435e-06 2.65289e-06 2.56518e-06 2.48028e-06 2.39811e-06 2.31858e-06 2.24162e-06 2.16713e-06 2.09506e-06 2.02531e-06 1.95782e-06 1.89252e-06 1.82934e-06 1.76821e-06 1.70908e-06 1.65187e-06 1.59652e-06 1.54299e-06 1.49121e-06 1.44112e-06 1.39267e-06 1.34582e-06 1.3005e-06 1.25667e-06 1.21429e-06 1.17331e-06 1.13367e-06
0.000199452 2.69109e-05 2.61735e-05 2.54533e-05 2.47498e-05 2.4063e-05 2.33926e-05 2.27382e-05 2.20998e-05 2.14769e-05 2.08693e-05 2.02769e-05 1.96992e-05 1.91361e-05 1.85873e-05 1.80525e-05 1.75314e-05 1.70238e-05 1.65294e-05 1.60479e-05 1.55791e-05 1.51227e-05 1.46784e-05 1.42459e-05 1.38251e-05 1.34157e-05 1.30174e-05 1.26299e-05 1.2253e-05 1.18865e-05 1.15301e-05 1.11835e-05 1.08466e-05 1.05192e-05 1.02009e-05 9.89158e-06 9.59101e-06 9.29895e-06 9.01522e-06 8.73958e-06 8.47185e-06 8.21181e-06 7.95927e-06 7.71404e-06 7.47592e-06 7.24474e-06 7.0203e-06 6.80244e-06 6.59097e-06 6.38573e-06 6.18655e-06 5.99326e-06 5.8057e-06 5.62373e-06 5.44718e-06 5.27591e-06 5.10978e-06 4.94863e-06 4.79233e-06 4.64076e-06 4.49376e-06 4.35122e-06 4.21301e-06 4.079e-06 3.94909e-06 3.82314e-06 3.70105e-06 3.5827e-06 3.46799e-06 3.35682e-06 3.24907e-06 3.14466e-06 3.04348e-06 2.94544e-06 2.85044e-06 2.7584e-06 2.66923e-06 2.58285e-06 2.49916e-06 2.4181e-06 2.33959e-06 2.26354e-06 2.18988e-06 2.11855e-06 2.04947e-06 1.98257e-06 1.9178e-06 1.85507e-06 1.79434e-06 1.73554e-06 1.67861e-06 1.62349e-06 1.57014e-06 1.51849e-06 1.46849e-06 1.4201e-06 1.37326e-06 1.32792e-06 1.28405e-06 1.24158e-06 1.20049e-06
0.000191606 2.61039e-05 2.54196e-05 2.47498e-05 2.40945e-05 2.34534e-05 2.28264e-05 2.22134e-05 2.16142e-05 2.10286e-05 2.04565e-05 1.98976e-05 1.93518e-05 1.88189e-05 1.82987e-05 1.77909e-05 1.72955e-05 1.68121e-05 1.63406e-05 1.58808e-05 1.54324e-05 1.49952e-05 1.45691e-05 1.41538e-05 1.37491e-05 1.33548e-05 1.29707e-05 1.25965e-05 1.22322e-05 1.18774e-05 1.1532e-05 1.11957e-05 1.08684e-05 1.05499e-05 1.02399e-05 9.93829e-06 9.64488e-06 9.35946e-06 9.08184e-06 8.81185e-06 8.54931e-06 8.29403e-06 8.04585e-06 7.80458e-06 7.57007e-06 7.34214e-06 7.12063e-06 6.90538e-06 6.69624e-06 6.49304e-06 6.29565e-06 6.1039e-06 5.91766e-06 5.73678e-06 5.56113e-06 5.39056e-06 5.22494e-06 5.06414e-06 4.90803e-06 4.7565e-06 4.6094e-06 4.46664e-06 4.32808e-06 4.19361e-06 4.06313e-06 3.93652e-06 3.81368e-06 3.6945e-06 3.57889e-06 3.46673e-06 3.35794e-06 3.25242e-06 3.15008e-06 3.05083e-06 2.95459e-06 2.86126e-06 2.77076e-06 2.68302e-06 2.59795e-06 2.51548e-06 2.43553e-06 2.35803e-06 2.28291e-06 2.21009e-06 2.13952e-06 2.07113e-06 2.00485e-06 1.94062e-06 1.87838e-06 1.81807e-06 1.75964e-06 1.70303e-06 1.64818e-06 1.59504e-06 1.54357e-06 1.49371e-06 1.44541e-06 1.39862e-06 1.35331e-06 1.30942e-06 1.26692e-06
0.000184068 2.53187e-05 2.46848e-05 2.4063e-05 2.34534e-05 2.28559e-05 2.22703e-05 2.16968e-05 2.11351e-05 2.05853e-05 2.00471e-05 1.95204e-05 1.90052e-05 1.85014e-05 1.80088e-05 1.75272e-05 1.70565e-05 1.65966e-05 1.61473e-05 1.57085e-05 1.528e-05 1.48616e-05 1.44532e-05 1.40546e-05 1.36657e-05 1.32863e-05 1.29162e-05 1.25552e-05 1.22032e-05 1.186e-05 1.15255e-05 1.11994e-05 1.08816e-05 1.0572e-05 1.02703e-05 9.97645e-06 9.69023e-06 9.4115e-06 9.14008e-06 8.87583e-06 8.61858e-06 8.36817e-06 8.12446e-06 7.8873e-06 7.65652e-06 7.43199e-06 7.21357e-06 7.0011e-06 6.79444e-06 6.59346e-06 6.39803e-06 6.208e-06 6.02324e-06 5.84363e-06 5.66904e-06 5.49935e-06 5.33442e-06 5.17415e-06 5.01841e-06 4.86709e-06 4.72007e-06 4.57725e-06 4.43852e-06 4.30376e-06 4.17288e-06 4.04577e-06 3.92234e-06 3.80249e-06 3.68611e-06 3.57313e-06 3.46344e-06 3.35697e-06 3.25361e-06 3.15329e-06 3.05593e-06 2.96144e-06 2.86974e-06 2.78077e-06 2.69443e-06 2.61067e-06 2.5294e-06 2.45056e-06 2.37408e-06 2.29989e-06 2.22793e-06 2.15814e-06 2.09045e-06 2.02481e-06 1.96115e-06 1.89942e-06 1.83957e-06 1.78154e-06 1.72527e-06 1.67072e-06 1.61784e-06 1.56657e-06 1.51688e-06 1.46871e-06 1.42203e-06 1.37678e-06 1.33292e-06
0.000176827 2.4555e-05 2.39688e-05 2.33926e-05 2.28264e-05 2.22703e-05 2.17244e-05 2.11885e-05 2.06627e-05 2.0147e-05 1.96413e-05 1.91457e-05 1.86599e-05 1.8184e-05 1.7718e-05 1.72616e-05 1.68149e-05 1.63777e-05 1.595e-05 1.55316e-05 1.51224e-05 1.47223e-05 1.43312e-05 1.3949e-05 1.35755e-05 1.32106e-05 1.28543e-05 1.25062e-05 1.21664e-05 1.18347e-05 1.15109e-05 1.11949e-05 1.08866e-05 1.05859e-05 1.02925e-05 1.00064e-05 9.72741e-06 9.45541e-06 9.19025e-06 8.93181e-06 8.67994e-06 8.43451e-06 8.19538e-06 7.96243e-06 7.73553e-06 7.51454e-06 7.29933e-06 7.08978e-06 6.88577e-06 6.68716e-06 6.49384e-06 6.30569e-06 6.12259e-06 5.94441e-06 5.77106e-06 5.6024e-06 5.43834e-06 5.27876e-06 5.12355e-06 4.97261e-06 4.82584e-06 4.68313e-06 4.54437e-06 4.40949e-06 4.27837e-06 4.15092e-06 4.02705e-06 3.90667e-06 3.78969e-06 3.67602e-06 3.56558e-06 3.45828e-06 3.35405e-06 3.25279e-06 3.15445e-06 3.05892e-06 2.96615e-06 2.87606e-06 2.78858e-06 2.70364e-06 2.62116e-06 2.54109e-06 2.46336e-06 2.3879e-06 2.31465e-06 2.24356e-06 2.17455e-06 2.10759e-06 2.0426e-06 1.97954e-06 1.91834e-06 1.85897e-06 1.80136e-06 1.74547e-06 1.69125e-06 1.63865e-06 1.58763e-06 1.53814e-06 1.49014e-06 1.44358e-06 1.39843e-06
0.000169871 2.38121e-05 2.32712e-05 2.27382e-05 2.22134e-05 2.16968e-05 2.11885e-05 2.06886e-05 2.01971e-05 1.97141e-05 1.92396e-05 1.87736e-05 1.83161e-05 1.78672e-05 1.74267e-05 1.69947e-05 1.65711e-05 1.61559e-05 1.5749e-05 1.53504e-05 1.496e-05 1.45778e-05 1.42035e-05 1.38373e-05 1.34789e-05 1.31283e-05 1.27854e-05 1.24501e-05 1.21223e-05 1.18019e-05 1.14887e-05 1.11828e-05 1.08839e-05 1.05919e-05 1.03068e-05 1.00285e-05 9.75675e-06 9.49151e-06 9.23266e-06 8.98009e-06 8.73367e-06 8.4933e-06 8.25886e-06 8.03024e-06 7.80732e-06 7.58998e-06 7.37813e-06 7.17163e-06 6.9704e-06 6.77431e-06 6.58325e-06 6.39713e-06 6.21583e-06 6.03925e-06 5.86728e-06 5.69983e-06 5.53679e-06 5.37806e-06 5.22354e-06 5.07314e-06 4.92676e-06 4.78431e-06 4.6457e-06 4.51084e-06 4.37963e-06 4.25198e-06 4.12783e-06 4.00707e-06 3.88962e-06 3.77541e-06 3.66435e-06 3.55637e-06 3.45139e-06 3.34933e-06 3.25013e-06 3.1537e-06 3.05997e-06 2.96889e-06 2.88037e-06 2.79436e-06 2.71079e-06 2.62959e-06 2.55071e-06 2.47408e-06 2.39964e-06 2.32734e-06 2.25711e-06 2.18891e-06 2.12268e-06 2.05836e-06 1.99591e-06 1.93527e-06 1.87639e-06 1.81924e-06 1.76375e-06 1.70988e-06 1.6576e-06 1.60685e-06 1.55759e-06 1.50979e-06 1.4634e-06
0.000163188 2.30897e-05 2.25916e-05 2.20998e-05 2.16142e-05 2.11351e-05 2.06627e-05 2.01971e-05 1.97384e-05 1.92866e-05 1.8842e-05 1.84045e-05 1.79741e-05 1.75511e-05 1.71352e-05 1.67267e-05 1.63255e-05 1.59315e-05 1.55449e-05 1.51655e-05 1.47933e-05 1.44284e-05 1.40706e-05 1.37199e-05 1.33763e-05 1.30397e-05 1.271e-05 1.23872e-05 1.20712e-05 1.17619e-05 1.14593e-05 1.11632e-05 1.08737e-05 1.05905e-05 1.03137e-05 1.00431e-05 9.77856e-06 9.52012e-06 9.26761e-06 9.02096e-06 8.78006e-06 8.54483e-06 8.31516e-06 8.09095e-06 7.87211e-06 7.65855e-06 7.45016e-06 7.24685e-06 7.04852e-06 6.85508e-06 6.66643e-06 6.48247e-06 6.30312e-06 6.12827e-06 5.95784e-06 5.79174e-06 5.62986e-06 5.47213e-06 5.31846e-06 5.16875e-06 5.02292e-06 4.88088e-06 4.74256e-06 4.60786e-06 4.4767e-06 4.34901e-06 4.2247e-06 4.1037e-06 3.98593e-06 3.87131e-06 3.75977e-06 3.65124e-06 3.54564e-06 3.4429e-06 3.34296e-06 3.24574e-06 3.15118e-06 3.05922e-06 2.96979e-06 2.88282e-06 2.79825e-06 2.71604e-06 2.6361e-06 2.5584e-06 2.48287e-06 2.40945e-06 2.33809e-06 2.26874e-06 2.20135e-06 2.13586e-06 2.07222e-06 2.0104e-06 1.95033e-06 1.89198e-06 1.83529e-06 1.78022e-06 1.72674e-06 1.67479e-06 1.62434e-06 1.57535e-06 1.52777e-06
0.000156768 2.23872e-05 2.19298e-05 2.14769e-05 2.10286e-05 2.05853e-05 2.0147e-05 1.97141e-05 1.92866e-05 1.88648e-05 1.84487e-05 1.80385e-05 1.76342e-05 1.7236e-05 1.6844e-05 1.64581e-05 1.60784e-05 1.5705e-05 1.53379e-05 1.49772e-05 1.46227e-05 1.42746e-05 1.39328e-05 1.35973e-05 1.32681e-05 1.29452e-05 1.26284e-05 1.23179e-05 1.20135e-05 1.17152e-05 1.1423e-05 1.11368e-05 1.08564e-05 1.0582e-05 1.03133e-05 1.00504e-05 9.79318e-06 9.54153e-06 9.2954e-06 9.05471e-06 8.81938e-06 8.58934e-06 8.36451e-06 8.14481e-06 7.93015e-06 7.72045e-06 7.51564e-06 7.31562e-06 7.12031e-06 6.92964e-06 6.74352e-06 6.56186e-06 6.38459e-06 6.21162e-06 6.04286e-06 5.87824e-06 5.71768e-06 5.56109e-06 5.40839e-06 5.25951e-06 5.11437e-06 4.97289e-06 4.83499e-06 4.7006e-06 4.56964e-06 4.44204e-06 4.31772e-06 4.19661e-06 4.07864e-06 3.96375e-06 3.85185e-06 3.74289e-06 3.6368e-06 3.5335e-06 3.43294e-06 3.33505e-06 3.23977e-06 3.14704e-06 3.0568e-06 2.96898e-06 2.88353e-06 2.80039e-06 2.71951e-06 2.64082e-06 2.56429e-06 2.48985e-06 2.41744e-06 2.34703e-06 2.27856e-06 2.21198e-06 2.14725e-06 2.08431e-06 2.02312e-06 1.96364e-06 1.90582e-06 1.84963e-06 1.79501e-06 1.74193e-06 1.69034e-06 1.64021e-06 1.59151e-06
0.000150601 2.17043e-05 2.12854e-05 2.08693e-05 2.04565e-05 2.00471e-05 1.96413e-05 1.92396e-05 1.8842e-05 1.84487e-05 1.806e-05 1.76759e-05 1.72967e-05 1.69224e-05 1.65531e-05 1.6189e-05 1.58302e-05 1.54767e-05 1.51285e-05 1.47858e-05 1.44485e-05 1.41168e-05 1.37906e-05 1.34699e-05 1.31548e-05 1.28452e-05 1.25412e-05 1.22427e-05 1.19497e-05 1.16622e-05 1.13802e-05 1.11036e-05 1.08325e-05 1.05667e-05 1.03062e-05 1.00509e-05 9.80091e-06 9.55605e-06 9.3163e-06 9.0816e-06 8.85188e-06 8.6271e-06 8.40717e-06 8.19204e-06 7.98164e-06 7.7759e-06 7.57475e-06 7.37813e-06 7.18596e-06 6.99817e-06 6.81469e-06 6.63546e-06 6.46038e-06 6.28941e-06 6.12246e-06 5.95945e-06 5.80033e-06 5.64502e-06 5.49344e-06 5.34552e-06 5.20121e-06 5.06041e-06 4.92307e-06 4.78912e-06 4.65849e-06 4.5311e-06 4.4069e-06 4.28581e-06 4.16778e-06 4.05273e-06 3.94061e-06 3.83134e-06 3.72487e-06 3.62113e-06 3.52007e-06 3.42162e-06 3.32573e-06 3.23234e-06 3.14139e-06 3.05283e-06 2.96659e-06 2.88263e-06 2.80089e-06 2.72133e-06 2.64388e-06 2.5685e-06 2.49514e-06 2.42375e-06 2.35429e-06 2.2867e-06 2.22094e-06 2.15696e-06 2.09473e-06 2.03419e-06 1.97531e-06 1.91805e-06 1.86236e-06 1.8082e-06 1.75554e-06 1.70434e-06 1.65456e-06
0.000144677 2.10405e-05 2.0658e-05 2.02769e-05 1.98976e-05 1.95204e-05 1.91457e-05 1.87736e-05 1.84045e-05 1.80385e-05 1.76759e-05 1.73169e-05 1.69616e-05 1.66103e-05 1.6263e-05 1.59199e-05 1.55812e-05 1.52468e-05 1.4917e-05 1.45917e-05 1.42712e-05 1.39553e-05 1.36442e-05 1.3338e-05 1.30366e-05 1.27401e-05 1.24485e-05 1.21618e-05 1.188e-05 1.16032e-05 1.13313e-05 1.10643e-05 1.08021e-05 1.05449e-05 1.02925e-05 1.00449e-05 9.80203e-06 9.56396e-06 9.3306e-06 9.10191e-06 8.87784e-06 8.65834e-06 8.44337e-06 8.23288e-06 8.0268e-06 7.8251e-06 7.62771e-06 7.43457e-06 7.24563e-06 7.06083e-06 6.88011e-06 6.7034e-06 6.53064e-06 6.36178e-06 6.19675e-06 6.03549e-06 5.87793e-06 5.72402e-06 5.57368e-06 5.42686e-06 5.28349e-06 5.14351e-06 5.00686e-06 4.87347e-06 4.74329e-06 4.61625e-06 4.49229e-06 4.37135e-06 4.25337e-06 4.13829e-06 4.02605e-06 3.91659e-06 3.80986e-06 3.7058e-06 3.60435e-06 3.50545e-06 3.40906e-06 3.31511e-06 3.22356e-06 3.13435e-06 3.04742e-06 2.96274e-06 2.88024e-06 2.79988e-06 2.72162e-06 2.64539e-06 2.57116e-06 2.49887e-06 2.42849e-06 2.35997e-06 2.29326e-06 2.22832e-06 2.16511e-06 2.10359e-06 2.04372e-06 1.98545e-06 1.92875e-06 1.87358e-06 1.8199e-06 1.76768e-06 1.71687e-06
0.000138985 2.03954e-05 2.00472e-05 1.96992e-05 1.93518e-05 1.90052e-05 1.86599e-05 1.83161e-05 1.79741e-05 1.76342e-05 1.72967e-05 1.69616e-05 1.66294e-05 1.63001e-05 1.59739e-05 1.56511e-05 1.53317e-05 1.50158e-05 1.47037e-05 1.43954e-05 1.40909e-05 1.37905e-05 1.34942e-05 1.3202e-05 1.2914e-05 1.26302e-05 1.23508e-05 1.20757e-05 1.18049e-05 1.15385e-05 1.12765e-05 1.10189e-05 1.07657e-05 1.05169e-05 1.02725e-05 1.00325e-05 9.79686e-06 9.56556e-06 9.33858e-06 9.1159e-06 8.89749e-06 8.68332e-06 8.47335e-06 8.26754e-06 8.06586e-06 7.86826e-06 7.6747e-06 7.48513e-06 7.29951e-06 7.11779e-06 6.93991e-06 6.76584e-06 6.59551e-06 6.42887e-06 6.26588e-06 6.10647e-06 5.95059e-06 5.79819e-06 5.64921e-06 5.5036e-06 5.36131e-06 5.22226e-06 5.08642e-06 4.95372e-06 4.82411e-06 4.69753e-06 4.57393e-06 4.45325e-06 4.33544e-06 4.22044e-06 4.1082e-06 3.99867e-06 3.89179e-06 3.78751e-06 3.68577e-06 3.58653e-06 3.48974e-06 3.39534e-06 3.30329e-06 3.21353e-06 3.12601e-06 3.0407e-06 2.95753e-06 2.87647e-06 2.79747e-06 2.72048e-06 2.64546e-06 2.57236e-06 2.50114e-06 2.43176e-06 2.36418e-06 2.29835e-06 2.23423e-06 2.17179e-06 2.11099e-06 2.05178e-06 1.99414e-06 1.93801e-06 1.88338e-06 1.83019e-06 1.77842e-06
0.000133518 1.97684e-05 1.94528e-05 1.91361e-05 1.88189e-05 1.85014e-05 1.8184e-05 1.78672e-05 1.75511e-05 1.7236e-05 1.69224e-05 1.66103e-05 1.63001e-05 1.5992e-05 1.56861e-05 1.53827e-05 1.50819e-05 1.47839e-05 1.44889e-05 1.4197e-05 1.39082e-05 1.36228e-05 1.33408e-05 1.30622e-05 1.27873e-05 1.2516e-05 1.22484e-05 1.19846e-05 1.17246e-05 1.14685e-05 1.12163e-05 1.0968e-05 1.07236e-05 1.04831e-05 1.02467e-05 1.00142e-05 9.78566e-06 9.5611e-06 9.3405e-06 9.12383e-06 8.9111e-06 8.70227e-06 8.49733e-06 8.29626e-06 8.09902e-06 7.90558e-06 7.71592e-06 7.52999e-06 7.34777e-06 7.16921e-06 6.99427e-06 6.82292e-06 6.65511e-06 6.4908e-06 6.32995e-06 6.1725e-06 6.01841e-06 5.86764e-06 5.72013e-06 5.57584e-06 5.43473e-06 5.29673e-06 5.16181e-06 5.02991e-06 4.90099e-06 4.77498e-06 4.65186e-06 4.53155e-06 4.41402e-06 4.29922e-06 4.18709e-06 4.07759e-06 3.97066e-06 3.86627e-06 3.76436e-06 3.66488e-06 3.56778e-06 3.47303e-06 3.38057e-06 3.29036e-06 3.20235e-06 3.11649e-06 3.03275e-06 2.95107e-06 2.87142e-06 2.79375e-06 2.71802e-06 2.64418e-06 2.5722e-06 2.50204e-06 2.43366e-06 2.36701e-06 2.30206e-06 2.23877e-06 2.1771e-06 2.11702e-06 2.05849e-06 2.00147e-06 1.94594e-06 1.89184e-06 1.83916e-06
0.000128265 1.91592e-05 1.88743e-05 1.85873e-05 1.82987e-05 1.80088e-05 1.7718e-05 1.74267e-05 1.71352e-05 1.6844e-05 1.65531e-05 1.6263e-05 1.59739e-05 1.56861e-05 1.53997e-05 1.5115e-05 1.48322e-05 1.45515e-05 1.4273e-05 1.39969e-05 1.37233e-05 1.34524e-05 1.31843e-05 1.2919e-05 1.26568e-05 1.23977e-05 1.21417e-05 1.1889e-05 1.16396e-05 1.13935e-05 1.11509e-05 1.09117e-05 1.0676e-05 1.04438e-05 1.02152e-05 9.99018e-06 9.76872e-06 9.55086e-06 9.33661e-06 9.12595e-06 8.91889e-06 8.71543e-06 8.51555e-06 8.31924e-06 8.12648e-06 7.93726e-06 7.75155e-06 7.56933e-06 7.39057e-06 7.21526e-06 7.04334e-06 6.8748e-06 6.7096e-06 6.54771e-06 6.38909e-06 6.2337e-06 6.0815e-06 5.93246e-06 5.78653e-06 5.64367e-06 5.50384e-06 5.367e-06 5.23311e-06 5.10212e-06 4.97399e-06 4.84867e-06 4.72612e-06 4.6063e-06 4.48916e-06 4.37465e-06 4.26274e-06 4.15337e-06 4.0465e-06 3.9421e-06 3.84011e-06 3.74049e-06 3.64319e-06 3.54818e-06 3.45541e-06 3.36483e-06 3.27641e-06 3.1901e-06 3.10587e-06 3.02366e-06 2.94344e-06 2.86517e-06 2.78881e-06 2.71432e-06 2.64166e-06 2.57079e-06 2.50168e-06 2.43428e-06 2.36856e-06 2.30449e-06 2.24202e-06 2.18113e-06 2.12177e-06 2.06392e-06 2.00754e-06 1.9526e-06 1.89906e-06
0.000123219 1.85673e-05 1.83114e-05 1.80525e-05 1.77909e-05 1.75272e-05 1.72616e-05 1.69947e-05 1.67267e-05 1.64581e-05 1.6189e-05 1.59199e-05 1.56511e-05 1.53827e-05 1.5115e-05 1.48483e-05 1.45828e-05 1.43187e-05 1.40562e-05 1.37954e-05 1.35365e-05 1.32797e-05 1.3025e-05 1.27727e-05 1.25229e-05 1.22756e-05 1.20309e-05 1.1789e-05 1.155e-05 1.13138e-05 1.10806e-05 1.08504e-05 1.06233e-05 1.03993e-05 1.01784e-05 9.96074e-06 9.7463e-06 9.5351e-06 9.32716e-06 9.1225e-06 8.92111e-06 8.72302e-06 8.52821e-06 8.33669e-06 8.14845e-06 7.96348e-06 7.78178e-06 7.60332e-06 7.4281e-06 7.25609e-06 7.08727e-06 6.92162e-06 6.75911e-06 6.59972e-06 6.44342e-06 6.29018e-06 6.13997e-06 5.99275e-06 5.84849e-06 5.70716e-06 5.56873e-06 5.43314e-06 5.30038e-06 5.1704e-06 5.04317e-06 4.91864e-06 4.79677e-06 4.67753e-06 4.56088e-06 4.44677e-06 4.33517e-06 4.22604e-06 4.11933e-06 4.01501e-06 3.91304e-06 3.81337e-06 3.71597e-06 3.62079e-06 3.52779e-06 3.43695e-06 3.34821e-06 3.26153e-06 3.17689e-06 3.09423e-06 3.01353e-06 2.93474e-06 2.85783e-06 2.78276e-06 2.70949e-06 2.63798e-06 2.56821e-06 2.50013e-06 2.43371e-06 2.36892e-06 2.30572e-06 2.24407e-06 2.18395e-06 2.12532e-06 2.06815e-06 2.01241e-06 1.95807e-06
0.000118372 1.79924e-05 1.77639e-05 1.75314e-05 1.72955e-05 1.70565e-05 1.68149e-05 1.65711e-05 1.63255e-05 1.60784e-05 1.58302e-05 1.55812e-05 1.53317e-05 1.50819e-05 1.48322e-05 1.45828e-05 1.4334e-05 1.40859e-05 1.38387e-05 1.35927e-05 1.3348e-05 1.31049e-05 1.28633e-05 1.26236e-05 1.23858e-05 1.215e-05 1.19165e-05 1.16851e-05 1.14562e-05 1.12297e-05 1.10057e-05 1.07844e-05 1.05657e-05 1.03497e-05 1.01365e-05 9.92615e-06 9.71866e-06 9.51407e-06 9.31242e-06 9.11371e-06 8.91799e-06 8.72526e-06 8.53553e-06 8.34882e-06 8.16513e-06 7.98445e-06 7.8068e-06 7.63215e-06 7.46051e-06 7.29187e-06 7.12621e-06 6.96352e-06 6.80378e-06 6.64697e-06 6.49307e-06 6.34207e-06 6.19392e-06 6.04862e-06 5.90612e-06 5.76642e-06 5.62946e-06 5.49523e-06 5.3637e-06 5.23483e-06 5.10858e-06 4.98494e-06 4.86385e-06 4.74529e-06 4.62923e-06 4.51562e-06 4.40443e-06 4.29563e-06 4.18917e-06 4.08503e-06 3.98316e-06 3.88354e-06 3.78612e-06 3.69086e-06 3.59773e-06 3.5067e-06 3.41773e-06 3.33077e-06 3.2458e-06 3.16278e-06 3.08167e-06 3.00244e-06 2.92505e-06 2.84947e-06 2.77566e-06 2.70359e-06 2.63323e-06 2.56454e-06 2.49748e-06 2.43203e-06 2.36816e-06 2.30582e-06 2.245e-06 2.18565e-06 2.12775e-06 2.07126e-06 2.01617e-06
0.000113715 1.74339e-05 1.72312e-05 1.70238e-05 1.68121e-05 1.65966e-05 1.63777e-05 1.61559e-05 1.59315e-05 1.5705e-05 1.54767e-05 1.52468e-05 1.50158e-05 1.47839e-05 1.45515e-05 1.43187e-05 1.40859e-05 1.38532e-05 1.36209e-05 1.33892e-05 1.31582e-05 1.29283e-05 1.26995e-05 1.24719e-05 1.22458e-05 1.20213e-05 1.17985e-05 1.15775e-05 1.13585e-05 1.11415e-05 1.09266e-05 1.07139e-05 1.05035e-05 1.02954e-05 1.00898e-05 9.88666e-06 9.68605e-06 9.48802e-06 9.2926e-06 9.09983e-06 8.90975e-06 8.72237e-06 8.53773e-06 8.35584e-06 8.17671e-06 8.00035e-06 7.82678e-06 7.65598e-06 7.48798e-06 7.32276e-06 7.16032e-06 7.00065e-06 6.84374e-06 6.68958e-06 6.53816e-06 6.38947e-06 6.24347e-06 6.10016e-06 5.95952e-06 5.82152e-06 5.68614e-06 5.55335e-06 5.42313e-06 5.29546e-06 5.1703e-06 5.04763e-06 4.92742e-06 4.80963e-06 4.69424e-06 4.58122e-06 4.47054e-06 4.36215e-06 4.25604e-06 4.15217e-06 4.0505e-06 3.95101e-06 3.85365e-06 3.75841e-06 3.66523e-06 3.5741e-06 3.48497e-06 3.39781e-06 3.31259e-06 3.22928e-06 3.14784e-06 3.06825e-06 2.99045e-06 2.91444e-06 2.84016e-06 2.7676e-06 2.69671e-06 2.62747e-06 2.55985e-06 2.49381e-06 2.42932e-06 2.36635e-06 2.30488e-06 2.24487e-06 2.18629e-06 2.12912e-06 2.07332e-06
0.000109242 1.68916e-05 1.67132e-05 1.65294e-05 1.63406e-05 1.61473e-05 1.595e-05 1.5749e-05 1.55449e-05 1.53379e-05 1.51285e-05 1.4917e-05 1.47037e-05 1.44889e-05 1.4273e-05 1.40562e-05 1.38387e-05 1.36209e-05 1.34029e-05 1.3185e-05 1.29673e-05 1.27502e-05 1.25337e-05 1.2318e-05 1.21033e-05 1.18897e-05 1.16774e-05 1.14665e-05 1.12571e-05 1.10494e-05 1.08434e-05 1.06392e-05 1.0437e-05 1.02367e-05 1.00385e-05 9.84253e-06 9.64872e-06 9.45717e-06 9.26794e-06 9.08107e-06 8.8966e-06 8.71457e-06 8.535e-06 8.35793e-06 8.18338e-06 8.01136e-06 7.84189e-06 7.67499e-06 7.51066e-06 7.34891e-06 7.18973e-06 7.03314e-06 6.87913e-06 6.72768e-06 6.57881e-06 6.43249e-06 6.28873e-06 6.14749e-06 6.00877e-06 5.87256e-06 5.73883e-06 5.60757e-06 5.47876e-06 5.35237e-06 5.22838e-06 5.10677e-06 4.98752e-06 4.87059e-06 4.75597e-06 4.64363e-06 4.53353e-06 4.42566e-06 4.31997e-06 4.21646e-06 4.11507e-06 4.01579e-06 3.91859e-06 3.82344e-06 3.73029e-06 3.63914e-06 3.54993e-06 3.46265e-06 3.37727e-06 3.29374e-06 3.21205e-06 3.13216e-06 3.05403e-06 2.97765e-06 2.90298e-06 2.82999e-06 2.75864e-06 2.68892e-06 2.62079e-06 2.55421e-06 2.48917e-06 2.42564e-06 2.36357e-06 2.30295e-06 2.24375e-06 2.18594e-06 2.1295e-06
0.000104945 1.63649e-05 1.62094e-05 1.60479e-05 1.58808e-05 1.57085e-05 1.55316e-05 1.53504e-05 1.51655e-05 1.49772e-05 1.47858e-05 1.45917e-05 1.43954e-05 1.4197e-05 1.39969e-05 1.37954e-05 1.35927e-05 1.33892e-05 1.3185e-05 1.29804e-05 1.27756e-05 1.25708e-05 1.23662e-05 1.2162e-05 1.19584e-05 1.17554e-05 1.15534e-05 1.13523e-05 1.11524e-05 1.09537e-05 1.07564e-05 1.05606e-05 1.03664e-05 1.01738e-05 9.98297e-06 9.79398e-06 9.60689e-06 9.42177e-06 9.23867e-06 9.05766e-06 8.87877e-06 8.70206e-06 8.52756e-06 8.35531e-06 8.18533e-06 8.01767e-06 7.85233e-06 7.68934e-06 7.52871e-06 7.37046e-06 7.2146e-06 7.06114e-06 6.91007e-06 6.7614e-06 6.61514e-06 6.47127e-06 6.32979e-06 6.1907e-06 6.05398e-06 5.91963e-06 5.78763e-06 5.65798e-06 5.53064e-06 5.40562e-06 5.28288e-06 5.16242e-06 5.04421e-06 4.92823e-06 4.81446e-06 4.70287e-06 4.59345e-06 4.48616e-06 4.38099e-06 4.27791e-06 4.1769e-06 4.07791e-06 3.98094e-06 3.88596e-06 3.79293e-06 3.70183e-06 3.61263e-06 3.5253e-06 3.43982e-06 3.35615e-06 3.27428e-06 3.19416e-06 3.11578e-06 3.0391e-06 2.96409e-06 2.89074e-06 2.819e-06 2.74886e-06 2.68028e-06 2.61324e-06 2.5477e-06 2.48365e-06 2.42105e-06 2.35988e-06 2.30011e-06 2.24172e-06 2.18468e-06
0.000100816 1.58535e-05 1.57196e-05 1.55791e-05 1.54324e-05 1.528e-05 1.51224e-05 1.496e-05 1.47933e-05 1.46227e-05 1.44485e-05 1.42712e-05 1.40909e-05 1.39082e-05 1.37233e-05 1.35365e-05 1.3348e-05 1.31582e-05 1.29673e-05 1.27756e-05 1.25832e-05 1.23904e-05 1.21973e-05 1.20043e-05 1.18114e-05 1.16188e-05 1.14267e-05 1.12352e-05 1.10445e-05 1.08547e-05 1.0666e-05 1.04783e-05 1.02919e-05 1.01069e-05 9.92333e-06 9.74126e-06 9.56081e-06 9.38203e-06 9.20501e-06 9.0298e-06 8.85646e-06 8.68503e-06 8.51558e-06 8.34814e-06 8.18275e-06 8.01944e-06 7.85824e-06 7.69919e-06 7.5423e-06 7.38759e-06 7.23508e-06 7.08478e-06 6.93671e-06 6.79087e-06 6.64726e-06 6.5059e-06 6.36677e-06 6.22989e-06 6.09524e-06 5.96282e-06 5.83262e-06 5.70464e-06 5.57887e-06 5.45528e-06 5.33388e-06 5.21464e-06 5.09755e-06 4.98259e-06 4.86974e-06 4.759e-06 4.65033e-06 4.54371e-06 4.43913e-06 4.33657e-06 4.23599e-06 4.13739e-06 4.04073e-06 3.94599e-06 3.85315e-06 3.76218e-06 3.67305e-06 3.58575e-06 3.50024e-06 3.41651e-06 3.33452e-06 3.25425e-06 3.17568e-06 3.09877e-06 3.0235e-06 2.94984e-06 2.87778e-06 2.80728e-06 2.73831e-06 2.67086e-06 2.60489e-06 2.54038e-06 2.4773e-06 2.41563e-06 2.35535e-06 2.29642e-06 2.23883e-06
9.68501e-05 1.53571e-05 1.52434e-05 1.51227e-05 1.49952e-05 1.48616e-05 1.47223e-05 1.45778e-05 1.44284e-05 1.42746e-05 1.41168e-05 1.39553e-05 1.37905e-05 1.36228e-05 1.34524e-05 1.32797e-05 1.31049e-05 1.29283e-05 1.27502e-05 1.25708e-05 1.23904e-05 1.22091e-05 1.20273e-05 1.1845e-05 1.16625e-05 1.148e-05 1.12976e-05 1.11155e-05 1.09338e-05 1.07527e-05 1.05722e-05 1.03926e-05 1.02139e-05 1.00363e-05 9.85983e-06 9.6846e-06 9.51068e-06 9.33818e-06 9.16717e-06 8.99771e-06 8.82986e-06 8.6637e-06 8.49927e-06 8.33662e-06 8.1758e-06 8.01685e-06 7.85981e-06 7.7047e-06 7.55156e-06 7.40042e-06 7.2513e-06 7.10421e-06 6.95917e-06 6.8162e-06 6.67531e-06 6.5365e-06 6.39978e-06 6.26517e-06 6.13264e-06 6.00222e-06 5.87389e-06 5.74766e-06 5.6235e-06 5.50143e-06 5.38143e-06 5.26348e-06 5.14759e-06 5.03372e-06 4.92188e-06 4.81205e-06 4.70421e-06 4.59834e-06 4.49443e-06 4.39245e-06 4.2924e-06 4.19424e-06 4.09796e-06 4.00354e-06 3.91096e-06 3.82019e-06 3.73122e-06 3.64401e-06 3.55855e-06 3.47482e-06 3.39279e-06 3.31243e-06 3.23372e-06 3.15665e-06 3.08118e-06 3.00729e-06 2.93496e-06 2.86416e-06 2.79486e-06 2.72705e-06 2.66071e-06 2.59579e-06 2.53229e-06 2.47018e-06 2.40943e-06 2.35002e-06 2.29193e-06
9.30401e-05 1.48751e-05 1.47805e-05 1.46784e-05 1.45691e-05 1.44532e-05 1.43312e-05 1.42035e-05 1.40706e-05 1.39328e-05 1.37906e-05 1.36442e-05 1.34942e-05 1.33408e-05 1.31843e-05 1.3025e-05 1.28633e-05 1.26995e-05 1.25337e-05 1.23662e-05 1.21973e-05 1.20273e-05 1.18563e-05 1.16845e-05 1.15121e-05 1.13393e-05 1.11663e-05 1.09933e-05 1.08204e-05 1.06477e-05 1.04754e-05 1.03037e-05 1.01326e-05 9.96221e-06 9.79272e-06 9.6242e-06 9.45674e-06 9.29043e-06 9.12535e-06 8.96158e-06 8.79919e-06 8.63824e-06 8.47881e-06 8.32093e-06 8.16467e-06 8.01008e-06 7.85719e-06 7.70604e-06 7.55667e-06 7.40911e-06 7.2634e-06 7.11954e-06 6.97758e-06 6.83752e-06 6.69938e-06 6.56318e-06 6.42893e-06 6.29663e-06 6.16629e-06 6.03792e-06 5.91152e-06 5.78709e-06 5.66463e-06 5.54413e-06 5.4256e-06 5.30902e-06 5.19438e-06 5.08169e-06 4.97092e-06 4.86207e-06 4.75513e-06 4.65008e-06 4.5469e-06 4.44559e-06 4.34613e-06 4.24849e-06 4.15267e-06 4.05864e-06 3.96639e-06 3.87589e-06 3.78713e-06 3.70009e-06 3.61475e-06 3.53108e-06 3.44907e-06 3.36869e-06 3.28992e-06 3.21274e-06 3.13713e-06 3.06307e-06 2.99052e-06 2.91948e-06 2.84992e-06 2.78182e-06 2.71514e-06 2.64988e-06 2.58601e-06 2.5235e-06 2.46234e-06 2.4025e-06 2.34395e-06
8.938e-05 1.44073e-05 1.43306e-05 1.42459e-05 1.41538e-05 1.40546e-05 1.3949e-05 1.38373e-05 1.37199e-05 1.35973e-05 1.34699e-05 1.3338e-05 1.3202e-05 1.30622e-05 1.2919e-05 1.27727e-05 1.26236e-05 1.24719e-05 1.2318e-05 1.2162e-05 1.20043e-05 1.1845e-05 1.16845e-05 1.15228e-05 1.13602e-05 1.11969e-05 1.10331e-05 1.08689e-05 1.07046e-05 1.05402e-05 1.03759e-05 1.02118e-05 1.00481e-05 9.88483e-06 9.72221e-06 9.56029e-06 9.39918e-06 9.23897e-06 9.07975e-06 8.92161e-06 8.76462e-06 8.60885e-06 8.45437e-06 8.30125e-06 8.14953e-06 7.99928e-06 7.85054e-06 7.70335e-06 7.55776e-06 7.41381e-06 7.27152e-06 7.13093e-06 6.99207e-06 6.85495e-06 6.71961e-06 6.58606e-06 6.45431e-06 6.32438e-06 6.19628e-06 6.07002e-06 5.9456e-06 5.82303e-06 5.70232e-06 5.58346e-06 5.46646e-06 5.35131e-06 5.238e-06 5.12654e-06 5.01691e-06 4.90912e-06 4.80314e-06 4.69897e-06 4.5966e-06 4.49602e-06 4.39722e-06 4.30017e-06 4.20487e-06 4.1113e-06 4.01944e-06 3.92929e-06 3.84081e-06 3.754e-06 3.66884e-06 3.5853e-06 3.50337e-06 3.42303e-06 3.34426e-06 3.26704e-06 3.19135e-06 3.11717e-06 3.04448e-06 2.97325e-06 2.90348e-06 2.83513e-06 2.76819e-06 2.70263e-06 2.63844e-06 2.57559e-06 2.51406e-06 2.45383e-06 2.39489e-06
8.58638e-05 1.39533e-05 1.38934e-05 1.38251e-05 1.37491e-05 1.36657e-05 1.35755e-05 1.34789e-05 1.33763e-05 1.32681e-05 1.31548e-05 1.30366e-05 1.2914e-05 1.27873e-05 1.26568e-05 1.25229e-05 1.23858e-05 1.22458e-05 1.21033e-05 1.19584e-05 1.18114e-05 1.16625e-05 1.15121e-05 1.13602e-05 1.12071e-05 1.10531e-05 1.08981e-05 1.07426e-05 1.05866e-05 1.04302e-05 1.02737e-05 1.01171e-05 9.96062e-06 9.80438e-06 9.64849e-06 9.49306e-06 9.3382e-06 9.184e-06 9.03057e-06 8.87799e-06 8.72634e-06 8.5757e-06 8.42615e-06 8.27774e-06 8.13054e-06 7.98462e-06 7.84002e-06 7.69679e-06 7.55499e-06 7.41464e-06 7.2758e-06 7.1385e-06 7.00276e-06 6.86862e-06 6.7361e-06 6.60523e-06 6.47603e-06 6.34851e-06 6.2227e-06 6.09859e-06 5.97621e-06 5.85556e-06 5.73665e-06 5.61949e-06 5.50408e-06 5.39041e-06 5.2785e-06 5.16833e-06 5.05991e-06 4.95322e-06 4.84828e-06 4.74506e-06 4.64356e-06 4.54378e-06 4.44569e-06 4.3493e-06 4.25459e-06 4.16154e-06 4.07015e-06 3.98039e-06 3.89227e-06 3.80575e-06 3.72082e-06 3.63748e-06 3.5557e-06 3.47546e-06 3.39674e-06 3.31954e-06 3.24383e-06 3.16959e-06 3.0968e-06 3.02545e-06 2.95552e-06 2.88698e-06 2.81983e-06 2.75403e-06 2.68956e-06 2.62642e-06 2.56458e-06 2.50401e-06 2.44471e-06
8.2486e-05 1.35128e-05 1.34685e-05 1.34157e-05 1.33548e-05 1.32863e-05 1.32106e-05 1.31283e-05 1.30397e-05 1.29452e-05 1.28452e-05 1.27401e-05 1.26302e-05 1.2516e-05 1.23977e-05 1.22756e-05 1.215e-05 1.20213e-05 1.18897e-05 1.17554e-05 1.16188e-05 1.148e-05 1.13393e-05 1.11969e-05 1.10531e-05 1.09079e-05 1.07616e-05 1.06144e-05 1.04665e-05 1.0318e-05 1.01691e-05 1.00198e-05 9.87044e-06 9.72105e-06 9.57177e-06 9.42272e-06 9.274e-06 9.12573e-06 8.978e-06 8.83091e-06 8.68454e-06 8.53898e-06 8.3943e-06 8.25057e-06 8.10787e-06 7.96625e-06 7.82578e-06 7.68651e-06 7.54849e-06 7.41176e-06 7.27638e-06 7.14237e-06 7.00978e-06 6.87864e-06 6.74898e-06 6.62083e-06 6.4942e-06 6.36914e-06 6.24564e-06 6.12374e-06 6.00344e-06 5.88476e-06 5.76771e-06 5.65229e-06 5.53852e-06 5.4264e-06 5.31593e-06 5.20711e-06 5.09995e-06 4.99445e-06 4.89059e-06 4.78838e-06 4.68782e-06 4.58889e-06 4.49159e-06 4.39591e-06 4.30185e-06 4.20939e-06 4.11852e-06 4.02923e-06 3.94151e-06 3.85535e-06 3.77072e-06 3.68763e-06 3.60605e-06 3.52597e-06 3.44737e-06 3.37025e-06 3.29457e-06 3.22033e-06 3.1475e-06 3.07608e-06 3.00604e-06 2.93737e-06 2.87005e-06 2.80405e-06 2.73937e-06 2.67598e-06 2.61387e-06 2.55302e-06 2.4934e-06
7.92411e-05 1.30853e-05 1.30557e-05 1.30174e-05 1.29707e-05 1.29162e-05 1.28543e-05 1.27854e-05 1.271e-05 1.26284e-05 1.25412e-05 1.24485e-05 1.23508e-05 1.22484e-05 1.21417e-05 1.20309e-05 1.19165e-05 1.17985e-05 1.16774e-05 1.15534e-05 1.14267e-05 1.12976e-05 1.11663e-05 1.10331e-05 1.08981e-05 1.07616e-05 1.06238e-05 1.04847e-05 1.03447e-05 1.02038e-05 1.00623e-05 9.92019e-06 9.77774e-06 9.63505e-06 9.49225e-06 9.34945e-06 9.20677e-06 9.06433e-06 8.92222e-06 8.78054e-06 8.63939e-06 8.49885e-06 8.35899e-06 8.21991e-06 8.08167e-06 7.94434e-06 7.80798e-06 7.67265e-06 7.5384e-06 7.4053e-06 7.27337e-06 7.14268e-06 7.01325e-06 6.88513e-06 6.75835e-06 6.63294e-06 6.50893e-06 6.38634e-06 6.26521e-06 6.14555e-06 6.02737e-06 5.9107e-06 5.79555e-06 5.68193e-06 5.56986e-06 5.45933e-06 5.35036e-06 5.24295e-06 5.13711e-06 5.03283e-06 4.93013e-06 4.82899e-06 4.72941e-06 4.6314e-06 4.53494e-06 4.44004e-06 4.34668e-06 4.25487e-06 4.16458e-06 4.07581e-06 3.98856e-06 3.90281e-06 3.81855e-06 3.73576e-06 3.65444e-06 3.57458e-06 3.49616e-06 3.41916e-06 3.34357e-06 3.26938e-06 3.19657e-06 3.12513e-06 3.05503e-06 2.98628e-06 2.91884e-06 2.8527e-06 2.78785e-06 2.72426e-06 2.66193e-06 2.60084e-06 2.54096e-06
7.61238e-05 1.26705e-05 1.26547e-05 1.26299e-05 1.25965e-05 1.25552e-05 1.25062e-05 1.24501e-05 1.23872e-05 1.23179e-05 1.22427e-05 1.21618e-05 1.20757e-05 1.19846e-05 1.1889e-05 1.1789e-05 1.16851e-05 1.15775e-05 1.14665e-05 1.13523e-05 1.12352e-05 1.11155e-05 1.09933e-05 1.08689e-05 1.07426e-05 1.06144e-05 1.04847e-05 1.03536e-05 1.02212e-05 1.00878e-05 9.95344e-06 9.81837e-06 9.6827e-06 9.54656e-06 9.4101e-06 9.27344e-06 9.1367e-06 8.99998e-06 8.8634e-06 8.72706e-06 8.59105e-06 8.45547e-06 8.3204e-06 8.18592e-06 8.0521e-06 7.91903e-06 7.78676e-06 7.65535e-06 7.52488e-06 7.39538e-06 7.26692e-06 7.13954e-06 7.01329e-06 6.8882e-06 6.76432e-06 6.64167e-06 6.5203e-06 6.40024e-06 6.28149e-06 6.16411e-06 6.04809e-06 5.93348e-06 5.82027e-06 5.70849e-06 5.59816e-06 5.48927e-06 5.38185e-06 5.2759e-06 5.17142e-06 5.06843e-06 4.96693e-06 4.86691e-06 4.76838e-06 4.67134e-06 4.57578e-06 4.48171e-06 4.38912e-06 4.298e-06 4.20835e-06 4.12017e-06 4.03343e-06 3.94815e-06 3.8643e-06 3.78189e-06 3.70089e-06 3.62129e-06 3.54309e-06 3.46628e-06 3.39083e-06 3.31674e-06 3.244e-06 3.17259e-06 3.10249e-06 3.0337e-06 2.9662e-06 2.89996e-06 2.83499e-06 2.77125e-06 2.70875e-06 2.64745e-06 2.58735e-06
7.31292e-05 1.22681e-05 1.22651e-05 1.2253e-05 1.22322e-05 1.22032e-05 1.21664e-05 1.21223e-05 1.20712e-05 1.20135e-05 1.19497e-05 1.188e-05 1.18049e-05 1.17246e-05 1.16396e-05 1.155e-05 1.14562e-05 1.13585e-05 1.12571e-05 1.11524e-05 1.10445e-05 1.09338e-05 1.08204e-05 1.07046e-05 1.05866e-05 1.04665e-05 1.03447e-05 1.02212e-05 1.00963e-05 9.9701e-06 9.8428e-06 9.71455e-06 9.58549e-06 9.45577e-06 9.32552e-06 9.19487e-06 9.06395e-06 8.93286e-06 8.80172e-06 8.67064e-06 8.53971e-06 8.40902e-06 8.27867e-06 8.14875e-06 8.01932e-06 7.89046e-06 7.76226e-06 7.63476e-06 7.50804e-06 7.38215e-06 7.25715e-06 7.13309e-06 7.01001e-06 6.88797e-06 6.767e-06 6.64714e-06 6.52844e-06 6.41091e-06 6.29459e-06 6.17951e-06 6.06569e-06 5.95316e-06 5.84194e-06 5.73204e-06 5.62349e-06 5.51629e-06 5.41046e-06 5.30601e-06 5.20296e-06 5.1013e-06 5.00104e-06 4.9022e-06 4.80477e-06 4.70875e-06 4.61414e-06 4.52096e-06 4.42918e-06 4.33882e-06 4.24986e-06 4.16231e-06 4.07615e-06 3.99139e-06 3.90801e-06 3.82601e-06 3.74538e-06 3.66611e-06 3.58819e-06 3.51161e-06 3.43636e-06 3.36243e-06 3.2898e-06 3.21847e-06 3.14842e-06 3.07964e-06 3.01211e-06 2.94583e-06 2.88078e-06 2.81694e-06 2.7543e-06 2.69285e-06 2.63257e-06
7.02524e-05 1.18777e-05 1.18867e-05 1.18865e-05 1.18774e-05 1.186e-05 1.18347e-05 1.18019e-05 1.17619e-05 1.17152e-05 1.16622e-05 1.16032e-05 1.15385e-05 1.14685e-05 1.13935e-05 1.13138e-05 1.12297e-05 1.11415e-05 1.10494e-05 1.09537e-05 1.08547e-05 1.07527e-05 1.06477e-05 1.05402e-05 1.04302e-05 1.0318e-05 1.02038e-05 1.00878e-05 9.9701e-06 9.85095e-06 9.7305e-06 9.6089e-06 9.48629e-06 9.36284e-06 9.23867e-06 9.11391e-06 8.98869e-06 8.86313e-06 8.73734e-06 8.61143e-06 8.4855e-06 8.35965e-06 8.23397e-06 8.10854e-06 7.98346e-06 7.85879e-06 7.73462e-06 7.61101e-06 7.48802e-06 7.36573e-06 7.24418e-06 7.12344e-06 7.00354e-06 6.88455e-06 6.76651e-06 6.64945e-06 6.53342e-06 6.41845e-06 6.30458e-06 6.19184e-06 6.08025e-06 5.96984e-06 5.86063e-06 5.75265e-06 5.64592e-06 5.54045e-06 5.43626e-06 5.33336e-06 5.23176e-06 5.13148e-06 5.03253e-06 4.9349e-06 4.83861e-06 4.74367e-06 4.65007e-06 4.55781e-06 4.4669e-06 4.37735e-06 4.28913e-06 4.20227e-06 4.11674e-06 4.03255e-06 3.94969e-06 3.86816e-06 3.78795e-06 3.70905e-06 3.63146e-06 3.55516e-06 3.48016e-06 3.40643e-06 3.33396e-06 3.26276e-06 3.19281e-06 3.12408e-06 3.05659e-06 2.9903e-06 2.92522e-06 2.86132e-06 2.7986e-06 2.73703e-06 2.67662e-06
6.74887e-05 1.14991e-05 1.15192e-05 1.15301e-05 1.1532e-05 1.15255e-05 1.15109e-05 1.14887e-05 1.14593e-05 1.1423e-05 1.13802e-05 1.13313e-05 1.12765e-05 1.12163e-05 1.11509e-05 1.10806e-05 1.10057e-05 1.09266e-05 1.08434e-05 1.07564e-05 1.0666e-05 1.05722e-05 1.04754e-05 1.03759e-05 1.02737e-05 1.01691e-05 1.00623e-05 9.95344e-06 9.8428e-06 9.7305e-06 9.61671e-06 9.50158e-06 9.38528e-06 9.26794e-06 9.14971e-06 9.03072e-06 8.9111e-06 8.79096e-06 8.67042e-06 8.5496e-06 8.4286e-06 8.30751e-06 8.18643e-06 8.06546e-06 7.94467e-06 7.82416e-06 7.70398e-06 7.58423e-06 7.46496e-06 7.34624e-06 7.22814e-06 7.1107e-06 6.99399e-06 6.87806e-06 6.76294e-06 6.6487e-06 6.53536e-06 6.42297e-06 6.31157e-06 6.20118e-06 6.09184e-06 5.98358e-06 5.87643e-06 5.7704e-06 5.66552e-06 5.56181e-06 5.4593e-06 5.35799e-06 5.25789e-06 5.15904e-06 5.06142e-06 4.96506e-06 4.86996e-06 4.77614e-06 4.68358e-06 4.59231e-06 4.50232e-06 4.41362e-06 4.3262e-06 4.24006e-06 4.15521e-06 4.07164e-06 3.98935e-06 3.90834e-06 3.8286e-06 3.75012e-06 3.67291e-06 3.59694e-06 3.52223e-06 3.44875e-06 3.3765e-06 3.30547e-06 3.23565e-06 3.16704e-06 3.09961e-06 3.03337e-06 2.9683e-06 2.90438e-06 2.84161e-06 2.77998e-06 2.71947e-06
6.48337e-05 1.11319e-05 1.11624e-05 1.11835e-05 1.11957e-05 1.11994e-05 1.11949e-05 1.11828e-05 1.11632e-05 1.11368e-05 1.11036e-05 1.10643e-05 1.10189e-05 1.0968e-05 1.09117e-05 1.08504e-05 1.07844e-05 1.07139e-05 1.06392e-05 1.05606e-05 1.04783e-05 1.03926e-05 1.03037e-05 1.02118e-05 1.01171e-05 1.00198e-05 9.92019e-06 9.81837e-06 9.71455e-06 9.6089e-06 9.50158e-06 9.39277e-06 9.28261e-06 9.17124e-06 9.05882e-06 8.94547e-06 8.83132e-06 8.7165e-06 8.60112e-06 8.4853e-06 8.36914e-06 8.25275e-06 8.13621e-06 8.01964e-06 7.9031e-06 7.78669e-06 7.67048e-06 7.55455e-06 7.43897e-06 7.32382e-06 7.20914e-06 7.09501e-06 6.98147e-06 6.86859e-06 6.75641e-06 6.64498e-06 6.53435e-06 6.42456e-06 6.31563e-06 6.20763e-06 6.10056e-06 5.99448e-06 5.8894e-06 5.78535e-06 5.68236e-06 5.58045e-06 5.47965e-06 5.37996e-06 5.28141e-06 5.18401e-06 5.08778e-06 4.99273e-06 4.89886e-06 4.8062e-06 4.71474e-06 4.62449e-06 4.53546e-06 4.44766e-06 4.36108e-06 4.27572e-06 4.19159e-06 4.10869e-06 4.02702e-06 3.94657e-06 3.86735e-06 3.78934e-06 3.71255e-06 3.63696e-06 3.56258e-06 3.4894e-06 3.41741e-06 3.3466e-06 3.27697e-06 3.2085e-06 3.14119e-06 3.07503e-06 3.01001e-06 2.94612e-06 2.88335e-06 2.82169e-06 2.76112e-06
6.22832e-05 1.07758e-05 1.08159e-05 1.08466e-05 1.08684e-05 1.08816e-05 1.08866e-05 1.08839e-05 1.08737e-05 1.08564e-05 1.08325e-05 1.08021e-05 1.07657e-05 1.07236e-05 1.0676e-05 1.06233e-05 1.05657e-05 1.05035e-05 1.0437e-05 1.03664e-05 1.02919e-05 1.02139e-05 1.01326e-05 1.00481e-05 9.96062e-06 9.87044e-06 9.77774e-06 9.6827e-06 9.58549e-06 9.48629e-06 9.38528e-06 9.28261e-06 9.17843e-06 9.07289e-06 8.96613e-06 8.8583e-06 8.74952e-06 8.63991e-06 8.52959e-06 8.41868e-06 8.30729e-06 8.19551e-06 8.08345e-06 7.97121e-06 7.85887e-06 7.74652e-06 7.63424e-06 7.5221e-06 7.41019e-06 7.29857e-06 7.1873e-06 7.07646e-06 6.96609e-06 6.85626e-06 6.74702e-06 6.63841e-06 6.53049e-06 6.4233e-06 6.31687e-06 6.21126e-06 6.10649e-06 6.0026e-06 5.89962e-06 5.79758e-06 5.69651e-06 5.59643e-06 5.49737e-06 5.39934e-06 5.30236e-06 5.20646e-06 5.11165e-06 5.01795e-06 4.92536e-06 4.83389e-06 4.74357e-06 4.65439e-06 4.56637e-06 4.4795e-06 4.3938e-06 4.30927e-06 4.22591e-06 4.14372e-06 4.06271e-06 3.98287e-06 3.90421e-06 3.82671e-06 3.75039e-06 3.67523e-06 3.60123e-06 3.52839e-06 3.4567e-06 3.38615e-06 3.31674e-06 3.24847e-06 3.18132e-06 3.11529e-06 3.05036e-06 2.98654e-06 2.9238e-06 2.86215e-06 2.80157e-06
