0.00912334 0.00697667 0.0053351 0.00407979 0.00311984 0.00238576 0.0018244 0.00139513 0.00106686 0.000815838 0.000623876 0.000477082 0.000364827 0.000278985 0.000213342 0.000163144 0.000124757 9.54024e-05 7.29548e-05 5.5789e-05 4.26621e-05 3.2624e-05 2.49478e-05 1.90777e-05 1.45888e-05 1.11562e-05 8.53118e-06 6.52385e-06 4.98882e-06 3.81498e-06 2.91734e-06 2.23091e-06 1.70599e-06 1.30458e-06 9.97619e-07 7.62885e-07 5.83383e-07 4.46116e-07 3.41148e-07 2.60878e-07 1.99495e-07 1.52555e-07 1.16659e-07 8.92102e-08 6.82196e-08 5.21679e-08 3.98931e-08 3.05065e-08 2.33285e-08 1.78394e-08 1.36419e-08 1.04321e-08 7.97746e-09 6.10041e-09 4.66502e-09 3.56737e-09 2.72799e-09 2.08611e-09 1.59526e-09 1.2199e-09 9.32867e-10 7.13369e-10 5.45518e-10 4.1716e-10 3.19005e-10 2.43945e-10 1.86546e-10 1.42653e-10 1.09088e-10 8.34199e-11 6.37917e-11 4.87819e-11 3.73038e-11 2.85264e-11 2.18143e-11 1.66815e-11 1.27565e-11 9.75495e-12 7.45967e-12 5.70445e-12 4.36223e-12 3.33582e-12 2.55092e-12 1.95071e-12 1.49172e-12 1.14072e-12 8.72318e-13 6.67067e-13 5.1011e-13 3.90084e-13 2.983e-13 2.28112e-13 1.74438e-13 1.33394e-13 1.02007e-13 7.80054e-14 5.96512e-14 4.56156e-14 3.48826e-14 2.66749e-14 2.03984e-14
0.00697667 0.00575697 0.00472499 0.00385992 0.00314035 0.00254571 0.00205704 0.00165739 0.00133192 0.00106786 0.000854325 0.000682155 0.000543708 0.000432647 0.000343748 0.000272731 0.000216103 0.000171024 0.000135194 0.000106757 8.42176e-05 6.63744e-05 5.22654e-05 4.11213e-05 3.23278e-05 2.53959e-05 1.99362e-05 1.56398e-05 1.22615e-05 9.60715e-06 7.52305e-06 5.88782e-06 4.6056e-06 3.60082e-06 2.81389e-06 2.19793e-06 1.71604e-06 1.33924e-06 1.04476e-06 8.14706e-07 6.35074e-07 4.94869e-07 3.85484e-07 3.00176e-07 2.33671e-07 1.81844e-07 1.4147e-07 1.10027e-07 8.55492e-08 6.64987e-08 5.16768e-08 4.01484e-08 3.11841e-08 2.42155e-08 1.87998e-08 1.45921e-08 1.13236e-08 8.78535e-09 6.81467e-09 5.28499e-09 4.09787e-09 3.1768e-09 2.4623e-09 1.90816e-09 1.47847e-09 1.14535e-09 8.87134e-10 6.87022e-10 5.31966e-10 4.11842e-10 3.18795e-10 2.46734e-10 1.90935e-10 1.47734e-10 1.14292e-10 8.84085e-11 6.83779e-11 5.28788e-11 4.08878e-11 3.16121e-11 2.44377e-11 1.88894e-11 1.45991e-11 1.12819e-11 8.71757e-12 6.73536e-12 5.20331e-12 4.01934e-12 3.10446e-12 2.39759e-12 1.85149e-12 1.42963e-12 1.1038e-12 8.52147e-13 6.5781e-13 5.07748e-13 3.91885e-13 3.02435e-13 2.33383e-13 1.80082e-13 1.38943e-13
0.0053351 0.00472499 0.00412612 0.0035624 0.00304693 0.00258554 0.00217925 0.00182611 0.00152241 0.00126351 0.00104444 0.000860251 0.000706252 0.000578116 0.000471959 0.000384349 0.000312294 0.000253217 0.000204918 0.000165533 0.000133493 0.000107486 8.64177e-05 6.93831e-05 5.56337e-05 4.45541e-05 3.56396e-05 2.84773e-05 2.27306e-05 1.81256e-05 1.44399e-05 1.14933e-05 9.14013e-06 7.2628e-06 5.76654e-06 4.57509e-06 3.62721e-06 2.87373e-06 2.27526e-06 1.80027e-06 1.42358e-06 1.12504e-06 8.886e-07 7.01468e-07 5.53451e-07 4.36444e-07 3.44005e-07 2.71015e-07 2.13413e-07 1.67979e-07 1.3216e-07 1.03935e-07 8.17054e-08 6.42046e-08 5.04331e-08 3.96007e-08 3.10838e-08 2.439e-08 1.91312e-08 1.50013e-08 1.17591e-08 9.2147e-09 7.21865e-09 5.65329e-09 4.42609e-09 3.4643e-09 2.71076e-09 2.12055e-09 1.65841e-09 1.29665e-09 1.01355e-09 7.92064e-10 6.1883e-10 4.83371e-10 3.77477e-10 2.94715e-10 2.30048e-10 1.79532e-10 1.40079e-10 1.09274e-10 8.52257e-11 6.64569e-11 5.18114e-11 4.03857e-11 3.14739e-11 2.45241e-11 1.91055e-11 1.48815e-11 1.15894e-11 9.0241e-12 7.02544e-12 5.46855e-12 4.25601e-12 3.3118e-12 2.57667e-12 2.00442e-12 1.55903e-12 1.21243e-12 9.42749e-13 7.32951e-13 5.69762e-13
0.00407979 0.00385992 0.0035624 0.00322632 0.00287871 0.00253766 0.00221465 0.00191639 0.00164624 0.00140523 0.00119284 0.00100754 0.000847272 0.000709661 0.000592256 0.000492649 0.000408559 0.000337883 0.000278717 0.000229365 0.000188334 0.000154325 0.000126212 0.000103034 8.39688e-05 6.83215e-05 5.55057e-05 4.50292e-05 3.64803e-05 2.95162e-05 2.38522e-05 1.92525e-05 1.55225e-05 1.25018e-05 1.00586e-05 8.08499e-06 6.49254e-06 5.20906e-06 4.1757e-06 3.34456e-06 2.67671e-06 2.14057e-06 1.71055e-06 1.36594e-06 1.09001e-06 8.69234e-07 6.9273e-07 5.51723e-07 4.39153e-07 3.49347e-07 2.77749e-07 2.20703e-07 1.75281e-07 1.39135e-07 1.10387e-07 8.75366e-08 6.93833e-08 5.49693e-08 4.35302e-08 3.44565e-08 2.72626e-08 2.15618e-08 1.70461e-08 1.34709e-08 1.06414e-08 8.40312e-09 6.6332e-09 5.23421e-09 4.12883e-09 3.25579e-09 2.5665e-09 2.02248e-09 1.59327e-09 1.25476e-09 9.87867e-10 7.77513e-10 6.11774e-10 4.81227e-10 3.78432e-10 2.97514e-10 2.33836e-10 1.83739e-10 1.44337e-10 1.13356e-10 8.90034e-11 6.98653e-11 5.48294e-11 4.30194e-11 3.37455e-11 2.64648e-11 2.07504e-11 1.62663e-11 1.27486e-11 9.98944e-12 7.82586e-12 6.12965e-12 4.80012e-12 3.75824e-12 2.94194e-12 2.30251e-12 1.80172e-12
0.00311984 0.00314035 0.00304693 0.00287871 0.00266525 0.00242841 0.00218396 0.00194289 0.00171259 0.00149766 0.00130067 0.00112272 0.000963867 0.000823471 0.000700438 0.000593409 0.000500902 0.000421401 0.000353422 0.000295562 0.000246517 0.000205102 0.000170248 0.000141011 0.000116556 9.61567e-05 7.91836e-05 6.50944e-05 5.3425e-05 4.37797e-05 3.5823e-05 2.92713e-05 2.38859e-05 1.94665e-05 1.58454e-05 1.28828e-05 1.04624e-05 8.48757e-06 6.87842e-06 5.56881e-06 4.50423e-06 3.63982e-06 2.93869e-06 2.37059e-06 1.91073e-06 1.53885e-06 1.23839e-06 9.95847e-07 8.00231e-07 6.42589e-07 5.15652e-07 4.13518e-07 3.31402e-07 2.65427e-07 2.12458e-07 1.69961e-07 1.35886e-07 1.08583e-07 8.67189e-08 6.9221e-08 5.52256e-08 4.40378e-08 3.50995e-08 2.79621e-08 2.22658e-08 1.77219e-08 1.40991e-08 1.12121e-08 8.91251e-09 7.08165e-09 5.62463e-09 4.46564e-09 3.54411e-09 2.81169e-09 2.22981e-09 1.76772e-09 1.40089e-09 1.10981e-09 8.78908e-10 6.95818e-10 5.5069e-10 4.35693e-10 3.44603e-10 2.72473e-10 2.15377e-10 1.70195e-10 1.34453e-10 1.06186e-10 8.38392e-11 6.6177e-11 5.22217e-11 4.11984e-11 3.24935e-11 2.56214e-11 2.01977e-11 1.59182e-11 1.25424e-11 9.88014e-12 7.78117e-12 6.12671e-12 4.82294e-12
0.00238576 0.00254571 0.00258554 0.00253766 0.00242841 0.00227871 0.00210484 0.00191919 0.00173093 0.00154663 0.0013708 0.00120635 0.00105496 0.00091737 0.000793679 0.000683504 0.000586151 0.000500727 0.000426234 0.000361631 0.000305884 0.000257996 0.000217026 0.000182108 0.000152451 0.000127342 0.000106148 8.83068e-05 7.33275e-05 6.07814e-05 5.0297e-05 4.15544e-05 3.4279e-05 2.82361e-05 2.3226e-05 1.90793e-05 1.56528e-05 1.2826e-05 1.04972e-05 8.5815e-06 7.00774e-06 5.71656e-06 4.65855e-06 3.79263e-06 3.08475e-06 2.5067e-06 2.03517e-06 1.65092e-06 1.33811e-06 1.0837e-06 8.76977e-07 7.09152e-07 5.73024e-07 4.62697e-07 3.73353e-07 3.01059e-07 2.42605e-07 1.95376e-07 1.57244e-07 1.26478e-07 1.01672e-07 8.16841e-08 6.55891e-08 5.26369e-08 4.222e-08 3.3847e-08 2.71208e-08 2.17205e-08 1.73871e-08 1.39117e-08 1.11259e-08 8.89385e-09 7.10648e-09 5.67585e-09 4.53132e-09 3.61608e-09 2.88453e-09 2.30006e-09 1.83331e-09 1.46071e-09 1.16341e-09 9.26277e-10 7.37213e-10 5.86533e-10 4.66489e-10 3.70888e-10 2.94781e-10 2.34214e-10 1.86032e-10 1.47716e-10 1.17255e-10 9.30467e-11 7.38146e-11 5.85404e-11 4.64134e-11 3.67882e-11 2.91509e-11 2.30927e-11 1.82887e-11 1.44801e-11 1.14617e-11
0.0018244 0.00205704 0.00217925 0.00221465 0.00218396 0.00210484 0.001992 0.00185738 0.00171045 0.00155854 0.00140717 0.00126035 0.00112087 0.000990521 0.000870352 0.000760819 0.000661945 0.000573439 0.000494797 0.000425374 0.000364446 0.000311255 0.000265041 0.000225061 0.000190614 0.000161043 0.000135744 0.000114169 9.58231e-05 8.02669e-05 6.71101e-05 5.60097e-05 4.66658e-05 3.88174e-05 3.22388e-05 2.67353e-05 2.21396e-05 1.83087e-05 1.51208e-05 1.24722e-05 1.0275e-05 8.45493e-06 6.94938e-06 5.70569e-06 4.67964e-06 3.83418e-06 3.13838e-06 2.5664e-06 2.09672e-06 1.71147e-06 1.39579e-06 1.13738e-06 9.26051e-07 7.5339e-07 6.12449e-07 4.97501e-07 4.03832e-07 3.27567e-07 2.65521e-07 2.15082e-07 1.74111e-07 1.40854e-07 1.13879e-07 9.20134e-08 7.43022e-08 5.99654e-08 4.83675e-08 3.89913e-08 3.14156e-08 2.52985e-08 2.0362e-08 1.63804e-08 1.31709e-08 1.05852e-08 8.50301e-09 6.82726e-09 5.47928e-09 4.39549e-09 3.52453e-09 2.82495e-09 2.26327e-09 1.81253e-09 1.45097e-09 1.16108e-09 9.2874e-10 7.42613e-10 5.93565e-10 4.74258e-10 3.78795e-10 3.02441e-10 2.41394e-10 1.92603e-10 1.53622e-10 1.2249e-10 9.76355e-11 7.77993e-11 6.19737e-11 4.9352e-11 3.9289e-11 3.12685e-11 2.4878e-11
0.00139513 0.00165739 0.00182611 0.00191639 0.00194289 0.00191919 0.00185738 0.00176794 0.00165968 0.00153985 0.00141428 0.0012875 0.00116295 0.00104314 0.00092983 0.000824134 0.000726685 0.000637732 0.000557235 0.000484941 0.000420453 0.000363274 0.000312854 0.000268613 0.000229971 0.000196358 0.000167233 0.000142087 0.000120447 0.000101883 8.60036e-05 7.24572e-05 6.09309e-05 5.1147e-05 4.28611e-05 3.5859e-05 2.99539e-05 2.49838e-05 2.08084e-05 1.73068e-05 1.43752e-05 1.19249e-05 9.87999e-06 8.17598e-06 6.75805e-06 5.57979e-06 4.602e-06 3.79159e-06 3.12073e-06 2.56605e-06 2.10796e-06 1.73004e-06 1.41861e-06 1.16223e-06 9.51383e-07 7.78145e-07 6.35943e-07 5.19324e-07 4.23769e-07 3.45541e-07 2.81552e-07 2.29251e-07 1.86539e-07 1.51683e-07 1.2326e-07 1.00099e-07 8.12397e-08 6.58937e-08 5.34148e-08 4.32741e-08 3.50388e-08 2.83549e-08 2.29336e-08 1.8539e-08 1.49787e-08 1.2096e-08 9.76319e-09 7.87644e-09 6.35127e-09 5.11902e-09 4.12395e-09 3.32081e-09 2.6729e-09 2.15046e-09 1.7294e-09 1.39021e-09 1.11708e-09 8.97249e-10 7.20394e-10 5.78173e-10 4.63853e-10 3.71996e-10 2.9822e-10 2.38989e-10 1.91453e-10 1.53319e-10 1.22738e-10 9.82231e-11 7.85785e-11 6.28422e-11 5.02409e-11
0.00106686 0.00133192 0.00152241 0.00164624 0.00171259 0.00173093 0.00171045 0.00165968 0.00158624 0.00149674 0.00139681 0.00129107 0.00118324 0.00107624 0.000972282 0.000872984 0.000779452 0.000692383 0.000612149 0.000538861 0.000472435 0.000412643 0.000359156 0.000311576 0.000269466 0.000232371 0.000199834 0.000171408 0.000146665 0.000125201 0.000106642 9.0642e-05 7.68879e-05 6.50956e-05 5.50107e-05 4.64064e-05 3.90819e-05 3.28602e-05 2.7586e-05 2.31237e-05 1.93553e-05 1.61786e-05 1.35052e-05 1.1259e-05 9.37469e-06 7.79634e-06 6.47617e-06 5.37347e-06 4.45366e-06 3.68739e-06 3.04983e-06 2.51999e-06 2.08018e-06 1.71552e-06 1.41349e-06 1.16361e-06 9.57068e-07 7.86528e-07 6.45847e-07 5.29906e-07 4.3444e-07 3.55903e-07 2.91349e-07 2.38331e-07 1.94824e-07 1.5915e-07 1.2992e-07 1.0599e-07 8.64116e-08 7.04057e-08 5.73293e-08 4.66537e-08 3.79437e-08 3.08421e-08 2.50555e-08 2.03434e-08 1.65086e-08 1.33896e-08 1.08542e-08 8.79442e-09 7.12198e-09 5.76477e-09 4.66396e-09 3.77158e-09 3.04854e-09 2.46299e-09 1.98902e-09 1.60556e-09 1.29547e-09 1.04483e-09 8.42333e-10 6.78804e-10 5.46803e-10 4.40297e-10 3.544e-10 2.85151e-10 2.29347e-10 1.84396e-10 1.48202e-10 1.19069e-10 9.56299e-11
0.000815838 0.00106786 0.00126351 0.00140523 0.00149766 0.00154663 0.00155854 0.00153985 0.00149674 0.00143489 0.00135937 0.00127457 0.00118422 0.00109137 0.000998495 0.000907523 0.000819907 0.000736695 0.000658596 0.000586039 0.000519225 0.000458183 0.000402801 0.00035287 0.00030811 0.000268192 0.000232762 0.000201454 0.000173899 0.000149739 0.000128631 0.000110249 9.42908e-05 8.04769e-05 6.85519e-05 5.82841e-05 4.94648e-05 4.19075e-05 3.54457e-05 2.99323e-05 2.52376e-05 2.12477e-05 1.7863e-05 1.49968e-05 1.25736e-05 1.05284e-05 8.80491e-06 7.35465e-06 6.13608e-06 5.11362e-06 4.25685e-06 3.53985e-06 2.94057e-06 2.44029e-06 2.02314e-06 1.67571e-06 1.38666e-06 1.14643e-06 9.46993e-07 7.81582e-07 6.44527e-07 5.31073e-07 4.37245e-07 3.59715e-07 2.9571e-07 2.42914e-07 1.99401e-07 1.63567e-07 1.34081e-07 1.09837e-07 8.99169e-08 7.35624e-08 6.01448e-08 4.91442e-08 4.01314e-08 3.27522e-08 2.67143e-08 2.17772e-08 1.77427e-08 1.44477e-08 1.17584e-08 9.56462e-09 7.77615e-09 6.31891e-09 5.13221e-09 4.16635e-09 3.38064e-09 2.74182e-09 2.22269e-09 1.80104e-09 1.45872e-09 1.18095e-09 9.55665e-10 7.73028e-10 6.25035e-10 5.05168e-10 4.08124e-10 3.29593e-10 2.66068e-10 2.14705e-10 1.73192e-10
0.000623876 0.000854325 0.00104444 0.00119284 0.00130067 0.0013708 0.00140717 0.00141428 0.00139681 0.00135937 0.0013063 0.00124154 0.00116859 0.00109046 0.0010097 0.000928383 0.000848195 0.000770426 0.000696046 0.00062574 0.00055996 0.000498958 0.000442833 0.000391556 0.000345006 0.000302988 0.000265261 0.000231548 0.000201558 0.000174989 0.00015154 0.000130919 0.000112846 9.70566e-05 8.33021e-05 7.13542e-05 6.1003e-05 5.20577e-05 4.43457e-05 3.77121e-05 3.20184e-05 2.71416e-05 2.29726e-05 1.94156e-05 1.6386e-05 1.38103e-05 1.16241e-05 9.77138e-06 8.2038e-06 6.87941e-06 5.7621e-06 4.82079e-06 4.02882e-06 3.36337e-06 2.80491e-06 2.33683e-06 1.94494e-06 1.61723e-06 1.34348e-06 1.11506e-06 9.24656e-07 7.66105e-07 6.34207e-07 5.24586e-07 4.33566e-07 3.58058e-07 2.95475e-07 2.43648e-07 2.00765e-07 1.65311e-07 1.36024e-07 1.11848e-07 9.19081e-08 7.54734e-08 6.19378e-08 5.07978e-08 4.16358e-08 3.41057e-08 2.7921e-08 2.28445e-08 1.86804e-08 1.52669e-08 1.24702e-08 1.01805e-08 8.30673e-09 6.77436e-09 5.52187e-09 4.4987e-09 3.66332e-09 2.98163e-09 2.42564e-09 1.97241e-09 1.60313e-09 1.3024e-09 1.05762e-09 8.5847e-10 6.96522e-10 5.64886e-10 4.57939e-10 3.71088e-10 3.00588e-10
0.000477082 0.000682155 0.000860251 0.00100754 0.00112272 0.00120635 0.00126035 0.0012875 0.00129107 0.00127457 0.00124154 0.00119534 0.00113909 0.00107563 0.00100741 0.000936555 0.000864841 0.000793716 0.000724328 0.00065756 0.000594061 0.000534281 0.000478498 0.000426855 0.000379379 0.000336013 0.000296627 0.000261047 0.00022906 0.000200432 0.000174917 0.000152266 0.000132228 0.000114564 9.90407e-05 8.54409e-05 7.35598e-05 6.32081e-05 5.42122e-05 4.64133e-05 3.96679e-05 3.38466e-05 2.88333e-05 2.45246e-05 2.08287e-05 1.76642e-05 1.49595e-05 1.26519e-05 1.06863e-05 9.01453e-06 7.59497e-06 6.39131e-06 5.37218e-06 4.51046e-06 3.78282e-06 3.16918e-06 2.65234e-06 2.21754e-06 1.8522e-06 1.54557e-06 1.2885e-06 1.07321e-06 8.93095e-07 7.42567e-07 6.16887e-07 5.12056e-07 4.24697e-07 3.51963e-07 2.91462e-07 2.41178e-07 1.99422e-07 1.64777e-07 1.36054e-07 1.12261e-07 9.25657e-08 7.62752e-08 6.28108e-08 5.16903e-08 4.25121e-08 3.49422e-08 2.8703e-08 2.35639e-08 1.93338e-08 1.5854e-08 1.29934e-08 1.0643e-08 8.71315e-09 7.12946e-09 5.8306e-09 4.76593e-09 3.89373e-09 3.17958e-09 2.59515e-09 2.11714e-09 1.72637e-09 1.40708e-09 1.14632e-09 9.33466e-10 7.59805e-10 6.18184e-10 5.02746e-10
0.000364827 0.000543708 0.000706252 0.000847272 0.000963867 0.00105496 0.00112087 0.00116295 0.00118324 0.00118422 0.00116859 0.00113909 0.00109841 0.00104906 0.00099333 0.000933269 0.000870658 0.000807009 0.000743579 0.000681383 0.000621221 0.000563696 0.000509243 0.000458151 0.000410588 0.000366621 0.000326235 0.000289354 0.000255851 0.000225566 0.000198312 0.00017389 0.00015209 0.000132702 0.000115518 0.000100338 8.69676e-05 7.52258e-05 6.49421e-05 5.5959e-05 4.81313e-05 4.13264e-05 3.5424e-05 3.03153e-05 2.59027e-05 2.20989e-05 1.8826e-05 1.60151e-05 1.36052e-05 1.15425e-05 9.77991e-06 8.27607e-06 6.99495e-06 5.90515e-06 4.9794e-06 4.19409e-06 3.52879e-06 2.96588e-06 2.49019e-06 2.08869e-06 1.75021e-06 1.46518e-06 1.22543e-06 1.02398e-06 8.5488e-07 7.13089e-07 5.94311e-07 4.94907e-07 4.11796e-07 3.42371e-07 2.8443e-07 2.36115e-07 1.95862e-07 1.62353e-07 1.34482e-07 1.11317e-07 9.20798e-08 7.6116e-08 6.28786e-08 5.19098e-08 4.28275e-08 3.53123e-08 2.90982e-08 2.39633e-08 1.9723e-08 1.62237e-08 1.33377e-08 1.09591e-08 8.99968e-09 7.38666e-09 6.05956e-09 4.96831e-09 4.07151e-09 3.33492e-09 2.73024e-09 2.23412e-09 1.82728e-09 1.49383e-09 1.22066e-09 9.96994e-10 8.13947e-10
0.000278985 0.000432647 0.000578116 0.000709661 0.000823471 0.00091737 0.000990521 0.00104314 0.00107624 0.00109137 0.00109046 0.00107563 0.00104906 0.00101291 0.000969228 0.000919908 0.000866658 0.000810983 0.00075418 0.00069734 0.000641362 0.000586966 0.000534707 0.000485 0.000438131 0.000394282 0.000353546 0.00031594 0.000281425 0.000249914 0.000221286 0.000195395 0.000172078 0.000151161 0.000132467 0.000115816 0.000101035 8.79523e-05 7.64076e-05 6.62479e-05 5.73305e-05 4.95231e-05 4.27038e-05 3.67611e-05 3.15935e-05 2.71094e-05 2.32261e-05 1.98695e-05 1.69736e-05 1.44796e-05 1.23353e-05 1.04948e-05 8.91757e-06 7.56799e-06 6.41494e-06 5.4312e-06 4.59309e-06 3.88001e-06 3.2741e-06 2.75991e-06 2.32408e-06 1.95512e-06 1.64313e-06 1.37962e-06 1.15729e-06 9.69904e-07 8.12141e-07 6.7945e-07 5.67958e-07 4.74367e-07 3.95877e-07 3.30113e-07 2.7506e-07 2.29014e-07 1.90534e-07 1.58404e-07 1.31599e-07 1.09252e-07 9.06384e-08 7.51452e-08 6.22591e-08 5.15493e-08 4.26547e-08 3.52728e-08 2.91506e-08 2.40764e-08 1.98738e-08 1.63952e-08 1.35178e-08 1.11391e-08 9.17395e-09 7.55139e-09 6.21249e-09 5.10831e-09 4.19821e-09 3.44851e-09 2.83128e-09 2.32338e-09 1.90567e-09 1.56232e-09 1.28022e-09
0.000213342 0.000343748 0.000471959 0.000592256 0.000700438 0.000793679 0.000870352 0.00092983 0.000972282 0.000998495 0.0010097 0.00100741 0.00099333 0.000969228 0.000936861 0.000897919 0.00085398 0.000806481 0.000756704 0.000705763 0.000654613 0.000604047 0.00055471 0.000507113 0.000461645 0.000418583 0.000378117 0.000340353 0.000305332 0.000273043 0.000243429 0.000216401 0.000191845 0.000169629 0.000149609 0.000131634 0.000115552 0.00010121 8.846e-05 7.71578e-05 6.71672e-05 5.83593e-05 5.06136e-05 4.38185e-05 3.78708e-05 3.26765e-05 2.81497e-05 2.42125e-05 2.07948e-05 1.78337e-05 1.52726e-05 1.30615e-05 1.11557e-05 9.51571e-06 8.10663e-06 6.89779e-06 5.86225e-06 4.97642e-06 4.2197e-06 3.57413e-06 3.02409e-06 2.55603e-06 2.15823e-06 1.82052e-06 1.53418e-06 1.29165e-06 1.08645e-06 9.13029e-07 7.66611e-07 6.43118e-07 5.39063e-07 4.5147e-07 3.77804e-07 3.15908e-07 2.63947e-07 2.20365e-07 1.83843e-07 1.53261e-07 1.27675e-07 1.06286e-07 8.8419e-08 7.35059e-08 6.10676e-08 5.0701e-08 4.20673e-08 3.48819e-08 2.8906e-08 2.39394e-08 1.98143e-08 1.63905e-08 1.35505e-08 1.11962e-08 9.24585e-09 7.63106e-09 6.29491e-09 5.18997e-09 4.27675e-09 3.52242e-09 2.89967e-09 2.38583e-09 1.9621e-09
0.000163144 0.000272731 0.000384349 0.000492649 0.000593409 0.000683504 0.000760819 0.000824134 0.000872984 0.000907523 0.000928383 0.000936555 0.000933269 0.000919908 0.000897919 0.000868755 0.000833825 0.000794453 0.00075186 0.000707142 0.000661264 0.000615058 0.000569228 0.000524354 0.000480901 0.000439229 0.000399607 0.000362222 0.000327191 0.00029457 0.000264368 0.000236552 0.000211058 0.000187798 0.000166666 0.000147542 0.0001303 0.000114809 0.000100935 8.85501e-05 7.75258e-05 6.77402e-05 5.90773e-05 5.14278e-05 4.46894e-05 3.87674e-05 3.35744e-05 2.90304e-05 2.50624e-05 2.16041e-05 1.85958e-05 1.59837e-05 1.37196e-05 1.17604e-05 1.00679e-05 8.60806e-06 7.35083e-06 6.2697e-06 5.34133e-06 4.54524e-06 3.86352e-06 3.28049e-06 2.78251e-06 2.35768e-06 1.99571e-06 1.68765e-06 1.42578e-06 1.20341e-06 1.01479e-06 8.54962e-07 7.19678e-07 6.05279e-07 5.08637e-07 4.27074e-07 3.583e-07 3.00364e-07 2.51601e-07 2.10595e-07 1.76141e-07 1.47216e-07 1.22953e-07 1.02616e-07 8.55845e-08 7.13313e-08 5.94123e-08 4.94526e-08 4.11362e-08 3.41967e-08 2.84104e-08 2.35888e-08 1.95737e-08 1.62326e-08 1.34539e-08 1.11446e-08 9.22651e-09 7.63434e-09 6.3135e-09 5.2184e-09 4.31099e-09 3.55953e-09 2.93756e-09
0.000124757 0.000216103 0.000312294 0.000408559 0.000500902 0.000586151 0.000661945 0.000726685 0.000779452 0.000819907 0.000848195 0.000864841 0.000870658 0.000866658 0.00085398 0.000833825 0.000807406 0.000775907 0.000740452 0.000702081 0.000661737 0.000620259 0.000578377 0.000536716 0.000495794 0.000456036 0.000417775 0.000381266 0.000346692 0.000314173 0.000283777 0.000255527 0.000229409 0.000205379 0.000183369 0.000163294 0.000145057 0.000128549 0.00011366 0.000100274 8.82771e-05 7.7557e-05 6.80046e-05 5.95154e-05 5.19904e-05 4.53362e-05 3.94658e-05 3.42985e-05 2.97597e-05 2.57812e-05 2.23008e-05 1.92619e-05 1.66133e-05 1.43091e-05 1.23078e-05 1.05726e-05 9.07041e-06 7.77199e-06 6.65138e-06 5.68563e-06 4.85452e-06 4.14025e-06 3.52721e-06 3.00174e-06 2.55188e-06 2.16724e-06 1.83874e-06 1.55852e-06 1.31974e-06 1.11651e-06 9.43717e-07 7.96955e-07 6.7243e-07 5.66878e-07 4.77495e-07 4.01876e-07 3.37961e-07 2.83988e-07 2.3845e-07 2.00063e-07 1.67731e-07 1.40522e-07 1.17643e-07 9.84191e-08 8.22802e-08 6.87413e-08 5.73919e-08 4.78851e-08 3.99275e-08 3.32713e-08 2.77075e-08 2.30601e-08 1.91807e-08 1.59445e-08 1.32467e-08 1.0999e-08 9.12763e-09 7.57045e-09 6.27552e-09 5.1993e-09 4.30537e-09
9.54024e-05 0.000171024 0.000253217 0.000337883 0.000421401 0.000500727 0.000573439 0.000637732 0.000692383 0.000736695 0.000770426 0.000793716 0.000807009 0.000810983 0.000806481 0.000794453 0.000775907 0.000751866 0.000723331 0.000691261 0.00065655 0.000620015 0.000582386 0.000544308 0.000506332 0.000468925 0.000432474 0.000397285 0.000363598 0.00033159 0.000301382 0.000273048 0.000246621 0.000222102 0.000199462 0.000178652 0.000159602 0.000142233 0.000126454 0.000112171 9.92825e-05 8.76899e-05 7.72933e-05 6.79956e-05 5.97028e-05 5.23253e-05 4.57781e-05 3.99813e-05 3.48604e-05 3.03464e-05 2.63755e-05 2.28894e-05 1.98348e-05 1.71632e-05 1.48307e-05 1.27978e-05 1.10291e-05 9.49255e-06 8.15986e-06 7.00573e-06 6.00769e-06 5.14586e-06 4.40268e-06 3.76267e-06 3.21224e-06 2.73944e-06 2.33383e-06 1.98627e-06 1.68881e-06 1.43452e-06 1.21737e-06 1.03214e-06 8.74308e-07 7.39956e-07 6.25709e-07 5.28652e-07 4.4628e-07 3.76436e-07 3.1727e-07 2.67194e-07 2.24849e-07 1.89072e-07 1.5887e-07 1.33396e-07 1.11927e-07 9.38472e-08 7.86338e-08 6.58422e-08 5.50949e-08 4.60718e-08 3.85017e-08 3.21552e-08 2.68382e-08 2.23867e-08 1.86624e-08 1.55485e-08 1.29466e-08 1.07739e-08 8.96087e-09 7.44878e-09 6.18847e-09
7.29548e-05 0.000135194 0.000204918 0.000278717 0.000353422 0.000426234 0.000494797 0.000557235 0.000612149 0.000658596 0.000696046 0.000724328 0.000743579 0.00075418 0.000756704 0.00075186 0.000740452 0.000723331 0.000701364 0.00067541 0.000646289 0.000614775 0.000581577 0.000547335 0.000512616 0.000477913 0.000443646 0.000410162 0.000377747 0.000346624 0.000316961 0.000288878 0.000262454 0.000237729 0.000214713 0.000193391 0.000173725 0.000155664 0.00013914 0.000124079 0.000110398 9.80117e-05 8.68327e-05 7.67729e-05 6.77458e-05 5.9667e-05 5.24555e-05 4.60338e-05 4.0329e-05 3.52723e-05 3.07999e-05 2.68524e-05 2.33752e-05 2.03182e-05 1.76356e-05 1.52858e-05 1.3231e-05 1.14373e-05 9.874e-06 8.51366e-06 7.33173e-06 6.30633e-06 5.41802e-06 4.64953e-06 3.98561e-06 3.41278e-06 2.91918e-06 2.49438e-06 2.12924e-06 1.81574e-06 1.5469e-06 1.31661e-06 1.11956e-06 9.5114e-07 8.07333e-07 6.8467e-07 5.80146e-07 4.91167e-07 4.15492e-07 3.51193e-07 2.96609e-07 2.50314e-07 2.11084e-07 1.77869e-07 1.4977e-07 1.26019e-07 1.05959e-07 8.90304e-08 7.47551e-08 6.27265e-08 5.25985e-08 4.40772e-08 3.69127e-08 3.08933e-08 2.58395e-08 2.15992e-08 1.8044e-08 1.50651e-08 1.25706e-08 1.04832e-08 8.73751e-09
5.5789e-05 0.000106757 0.000165533 0.000229365 0.000295562 0.000361631 0.000425374 0.000484941 0.000538861 0.000586039 0.00062574 0.00065756 0.000681383 0.00069734 0.000705763 0.000707142 0.000702081 0.000691261 0.00067541 0.00065527 0.000631578 0.000605044 0.000576338 0.00054608 0.000514832 0.000483096 0.000451312 0.000419856 0.000389045 0.00035914 0.000330349 0.000302832 0.000276707 0.000252051 0.000228912 0.000207307 0.00018723 0.000168656 0.000151543 0.000135837 0.000121477 0.000108391 9.6506e-05 8.5745e-05 7.60304e-05 6.72851e-05 5.94336e-05 5.24024e-05 4.61214e-05 4.05237e-05 3.55462e-05 3.11297e-05 2.72193e-05 2.37638e-05 2.07163e-05 1.80336e-05 1.56763e-05 1.36086e-05 1.17979e-05 1.02149e-05 8.83308e-06 7.6288e-06 6.5808e-06 5.67011e-06 4.87985e-06 4.19503e-06 3.60238e-06 3.09014e-06 2.64798e-06 2.26676e-06 1.93849e-06 1.65614e-06 1.41355e-06 1.20537e-06 1.0269e-06 8.74073e-07 7.43331e-07 6.31599e-07 5.36206e-07 4.54842e-07 3.8551e-07 3.26484e-07 2.76278e-07 2.33613e-07 1.97386e-07 1.66654e-07 1.40603e-07 1.18539e-07 9.98674e-08 8.40782e-08 7.07371e-08 5.9473e-08 4.99696e-08 4.19575e-08 3.52077e-08 2.95251e-08 2.47444e-08 2.07252e-08 1.73485e-08 1.45133e-08 1.21345e-08
4.26621e-05 8.42176e-05 0.000133493 0.000188334 0.000246517 0.000305884 0.000364446 0.000420453 0.000472435 0.000519225 0.00055996 0.000594061 0.000621221 0.000641362 0.000654613 0.000661264 0.000661737 0.00065655 0.000646289 0.000631578 0.000613057 0.000591362 0.00056711 0.000540884 0.000513229 0.000484641 0.000455564 0.000426392 0.000397462 0.000369064 0.000341436 0.000314771 0.000289221 0.000264897 0.00024188 0.000220219 0.000199937 0.000181035 0.000163497 0.000147292 0.000132376 0.000118696 0.000106194 9.4805e-05 8.44621e-05 7.5097e-05 6.66409e-05 5.90261e-05 5.21863e-05 4.60579e-05 4.05797e-05 3.56937e-05 3.13455e-05 2.74839e-05 2.40613e-05 2.10338e-05 1.83607e-05 1.60049e-05 1.39322e-05 1.21118e-05 1.05156e-05 9.11824e-06 7.89677e-06 6.83068e-06 5.90156e-06 5.09295e-06 4.3902e-06 3.78025e-06 3.25156e-06 2.79386e-06 2.39813e-06 2.05637e-06 1.76159e-06 1.5076e-06 1.28902e-06 1.1011e-06 9.39731e-07 8.01295e-07 6.82657e-07 5.81087e-07 4.94213e-07 4.19981e-07 3.56611e-07 3.02562e-07 2.56505e-07 2.17292e-07 1.83936e-07 1.55585e-07 1.31508e-07 1.11078e-07 9.37561e-08 7.90808e-08 6.66573e-08 5.6148e-08 4.72646e-08 3.9761e-08 3.34274e-08 2.80851e-08 2.3582e-08 1.9789e-08 1.65961e-08
3.2624e-05 6.63744e-05 0.000107486 0.000154325 0.000205102 0.000257996 0.000311255 0.000363274 0.000412643 0.000458183 0.000498958 0.000534281 0.000563696 0.000586966 0.000604047 0.000615058 0.000620259 0.000620015 0.000614775 0.000605044 0.000591362 0.000574284 0.000554361 0.000532132 0.000508109 0.00048277 0.000456553 0.000429856 0.000403028 0.000376376 0.000350161 0.000324602 0.000299879 0.000276132 0.000253471 0.000231972 0.000211688 0.000192644 0.00017485 0.000158295 0.000142955 0.000128798 0.000115777 0.000103844 9.29433e-05 8.30156e-05 7.40008e-05 6.5838e-05 5.84663e-05 5.18261e-05 4.58594e-05 4.05106e-05 3.57265e-05 3.14567e-05 2.76539e-05 2.42739e-05 2.12755e-05 1.86206e-05 1.62742e-05 1.4204e-05 1.23806e-05 1.07772e-05 9.36962e-06 8.13578e-06 7.05587e-06 6.11208e-06 5.28842e-06 4.57059e-06 3.94585e-06 3.40282e-06 2.93142e-06 2.52272e-06 2.16881e-06 1.86269e-06 1.59824e-06 1.37002e-06 1.1733e-06 1.0039e-06 8.58198e-07 7.32994e-07 6.25517e-07 5.33348e-07 4.54382e-07 3.86792e-07 3.28993e-07 2.7961e-07 2.37457e-07 2.01505e-07 1.7087e-07 1.44785e-07 1.22595e-07 1.03731e-07 8.77094e-08 7.41113e-08 6.25792e-08 5.28065e-08 4.45309e-08 3.7528e-08 3.16064e-08 2.66026e-08 2.23773e-08
2.49478e-05 5.22654e-05 8.64177e-05 0.000126212 0.000170248 0.000217026 0.000265041 0.000312854 0.000359156 0.000402801 0.000442833 0.000478498 0.000509243 0.000534707 0.00055471 0.000569228 0.000578377 0.000582386 0.000581577 0.000576338 0.00056711 0.000554361 0.000538574 0.000520232 0.000499807 0.000477748 0.000454477 0.000430384 0.000405823 0.000381107 0.000356514 0.000332279 0.000308605 0.000285657 0.000263567 0.000242439 0.000222348 0.000203346 0.000185463 0.00016871 0.000153086 0.000138571 0.00012514 0.000112755 0.000101375 9.09514e-05 8.14332e-05 7.27671e-05 6.48989e-05 5.77741e-05 5.1339e-05 4.5541e-05 4.03293e-05 3.56552e-05 3.14723e-05 2.77369e-05 2.44077e-05 2.14464e-05 1.88173e-05 1.64873e-05 1.44261e-05 1.26058e-05 1.10008e-05 9.58799e-06 8.34626e-06 7.25654e-06 6.30163e-06 5.46606e-06 4.73591e-06 4.09876e-06 3.54348e-06 3.06019e-06 2.64007e-06 2.27531e-06 1.959e-06 1.68501e-06 1.44796e-06 1.2431e-06 1.06623e-06 9.13711e-07 7.82314e-07 6.69231e-07 5.72007e-07 4.88498e-07 4.16839e-07 3.55405e-07 3.02785e-07 2.57755e-07 2.19254e-07 1.86364e-07 1.5829e-07 1.34348e-07 1.13946e-07 9.65737e-08 8.17936e-08 6.92284e-08 5.85542e-08 4.94932e-08 4.18072e-08 3.52922e-08 2.97738e-08
1.90777e-05 4.11213e-05 6.93831e-05 0.000103034 0.000141011 0.000182108 0.000225061 0.000268613 0.000311576 0.00035287 0.000391556 0.000426855 0.000458151 0.000485 0.000507113 0.000524354 0.000536716 0.000544308 0.000547335 0.00054608 0.000540884 0.000532132 0.000520232 0.000505609 0.000488684 0.000469872 0.000449571 0.000428156 0.000405971 0.000383334 0.000360526 0.000337797 0.000315364 0.000293409 0.000272087 0.000251521 0.000231808 0.000213023 0.000195215 0.000178418 0.000162646 0.000147901 0.00013417 0.000121433 0.00010966 9.88148e-05 8.88562e-05 7.97396e-05 7.14183e-05 6.38439e-05 5.69676e-05 5.07411e-05 4.51167e-05 4.0048e-05 3.54904e-05 3.14013e-05 2.77402e-05 2.44689e-05 2.15516e-05 1.89548e-05 1.66476e-05 1.46012e-05 1.27894e-05 1.11878e-05 9.77433e-06 8.52885e-06 7.43306e-06 6.47038e-06 5.62585e-06 4.88601e-06 4.23876e-06 3.67326e-06 3.17982e-06 2.7498e-06 2.37551e-06 2.05012e-06 1.76756e-06 1.52249e-06 1.31016e-06 1.1264e-06 9.67542e-07 8.30347e-07 7.11984e-07 6.0997e-07 5.22133e-07 4.46576e-07 3.81643e-07 3.25891e-07 2.78065e-07 2.37076e-07 2.01975e-07 1.71944e-07 1.4627e-07 1.2434e-07 1.05623e-07 8.96615e-08 7.60595e-08 6.44774e-08 5.46226e-08 4.62438e-08 3.9125e-08
1.45888e-05 3.23278e-05 5.56337e-05 8.39688e-05 0.000116556 0.000152451 0.000190614 0.000229971 0.000269466 0.00030811 0.000345006 0.000379379 0.000410588 0.000438131 0.000461645 0.000480901 0.000495794 0.000506332 0.000512616 0.000514832 0.000513229 0.000508109 0.000499807 0.000488684 0.00047511 0.00045946 0.000442099 0.000423379 0.000403632 0.000383168 0.000362268 0.000341188 0.000320153 0.000299361 0.000278978 0.000259147 0.000239984 0.00022158 0.000204005 0.000187311 0.00017153 0.00015668 0.000142765 0.000129779 0.000117704 0.000106518 9.61882e-05 8.66809e-05 7.79567e-05 6.99745e-05 6.26912e-05 5.60633e-05 5.00471e-05 4.45993e-05 3.96778e-05 3.52418e-05 3.1252e-05 2.7671e-05 2.44634e-05 2.15959e-05 1.90372e-05 1.67582e-05 1.47319e-05 1.29334e-05 1.13397e-05 9.92981e-06 8.6844e-06 7.58599e-06 6.61865e-06 5.76796e-06 5.02091e-06 4.36576e-06 3.79197e-06 3.29009e-06 2.85165e-06 2.46912e-06 2.13575e-06 1.84559e-06 1.5933e-06 1.37421e-06 1.18414e-06 1.01944e-06 8.76856e-07 7.53557e-07 6.47037e-07 5.55106e-07 4.7584e-07 4.0756e-07 3.48798e-07 2.98273e-07 2.54869e-07 2.17616e-07 1.85668e-07 1.58294e-07 1.34857e-07 1.14809e-07 9.76723e-08 8.30361e-08 7.05451e-08 5.9893e-08 5.08157e-08
1.11562e-05 2.53959e-05 4.45541e-05 6.83215e-05 9.61567e-05 0.000127342 0.000161043 0.000196358 0.000232371 0.000268192 0.000302988 0.000336013 0.000366621 0.000394282 0.000418583 0.000439229 0.000456036 0.000468925 0.000477913 0.000483096 0.000484641 0.00048277 0.000477748 0.000469872 0.00045946 0.000446841 0.000432342 0.000416289 0.000398994 0.000380754 0.000361844 0.000342519 0.000323007 0.000303515 0.000284219 0.000265276 0.000246815 0.000228945 0.000211751 0.000195301 0.000179644 0.000164814 0.00015083 0.000137699 0.000125418 0.000113975 0.000103349 9.35165e-05 8.44459e-05 7.61038e-05 6.84536e-05 6.14574e-05 5.50761e-05 4.92702e-05 4.40008e-05 3.92294e-05 3.49186e-05 3.10324e-05 2.75361e-05 2.43971e-05 2.15843e-05 1.90686e-05 1.68226e-05 1.48209e-05 1.30401e-05 1.14584e-05 1.00558e-05 8.81389e-06 7.71603e-06 6.74691e-06 5.89267e-06 5.14075e-06 4.47979e-06 3.89956e-06 3.39086e-06 2.94545e-06 2.55592e-06 2.21568e-06 1.91884e-06 1.66016e-06 1.435e-06 1.23922e-06 1.06917e-06 9.21633e-07 7.93755e-07 6.83029e-07 5.8725e-07 5.04481e-07 4.33022e-07 3.71386e-07 3.1827e-07 2.72539e-07 2.332e-07 1.99389e-07 1.70353e-07 1.4544e-07 1.24081e-07 1.05783e-07 9.01216e-08 7.6726e-08 6.52774e-08
8.53118e-06 1.99362e-05 3.56396e-05 5.55057e-05 7.91836e-05 0.000106148 0.000135744 0.000167233 0.000199834 0.000232762 0.000265261 0.000296627 0.000326235 0.000353546 0.000378117 0.000399607 0.000417775 0.000432474 0.000443646 0.000451312 0.000455564 0.000456553 0.000454477 0.000449571 0.000442099 0.000432342 0.00042059 0.000407135 0.000392265 0.00037626 0.000359383 0.000341883 0.000323987 0.000305903 0.000287817 0.000269891 0.000252268 0.000235068 0.00021839 0.000202317 0.000186911 0.000172222 0.000158282 0.000145111 0.000132719 0.000121106 0.000110263 0.000100174 9.08182e-05 8.21691e-05 7.41976e-05 6.68715e-05 6.0157e-05 5.40193e-05 4.84228e-05 4.33322e-05 3.87124e-05 3.45293e-05 3.07498e-05 2.7342e-05 2.42756e-05 2.15216e-05 1.90529e-05 1.6844e-05 1.48709e-05 1.31116e-05 1.15455e-05 1.01536e-05 8.9184e-06 7.824e-06 6.85577e-06 6.0004e-06 5.24579e-06 4.58098e-06 3.99606e-06 3.48211e-06 3.03109e-06 2.63578e-06 2.28973e-06 1.98714e-06 1.72287e-06 1.49233e-06 1.29143e-06 1.11656e-06 9.64497e-07 8.32408e-07 7.17786e-07 6.1842e-07 5.32363e-07 4.57904e-07 3.93541e-07 3.37956e-07 2.89994e-07 2.48648e-07 2.13035e-07 1.82386e-07 1.56033e-07 1.3339e-07 1.13953e-07 9.72796e-08 8.29887e-08
6.52385e-06 1.56398e-05 2.84773e-05 4.50292e-05 6.50944e-05 8.83068e-05 0.000114169 0.000142087 0.000171408 0.000201454 0.000231548 0.000261047 0.000289354 0.00031594 0.000340353 0.000362222 0.000381266 0.000397285 0.000410162 0.000419856 0.000426392 0.000429856 0.000430384 0.000428156 0.000423379 0.000416289 0.000407135 0.000396174 0.000383668 0.000369872 0.000355037 0.000339398 0.000323179 0.000306584 0.000289803 0.000273002 0.000256331 0.00023992 0.00022388 0.000208305 0.000193269 0.000178835 0.000165047 0.00015194 0.000139533 0.000127838 0.000116858 0.000106585 9.70081e-05 8.81091e-05 7.98659e-05 7.22529e-05 6.5242e-05 5.88032e-05 5.2905e-05 4.75158e-05 4.26033e-05 3.81358e-05 3.4082e-05 3.04114e-05 2.70948e-05 2.4104e-05 2.14122e-05 1.89941e-05 1.68257e-05 1.48847e-05 1.31503e-05 1.16029e-05 1.02247e-05 8.9991e-06 7.91082e-06 6.94591e-06 6.09164e-06 5.33637e-06 4.66955e-06 4.08161e-06 3.56388e-06 3.10857e-06 2.70865e-06 2.3578e-06 2.05037e-06 1.7813e-06 1.54606e-06 1.34064e-06 1.16145e-06 1.0053e-06 8.6937e-07 7.51168e-07 6.48483e-07 5.59365e-07 4.82095e-07 4.15162e-07 3.57236e-07 3.07151e-07 2.63883e-07 2.26538e-07 1.94333e-07 1.66583e-07 1.42692e-07 1.2214e-07 1.04475e-07
4.98882e-06 1.22615e-05 2.27306e-05 3.64803e-05 5.3425e-05 7.33275e-05 9.58231e-05 0.000120447 0.000146665 0.000173899 0.000201558 0.00022906 0.000255851 0.000281425 0.000305332 0.000327191 0.000346692 0.000363598 0.000377747 0.000389045 0.000397462 0.000403028 0.000405823 0.000405971 0.000403632 0.000398994 0.000392265 0.000383668 0.000373432 0.000361791 0.000348973 0.000335202 0.00032069 0.000305637 0.00029023 0.000274638 0.000259014 0.000243495 0.000228199 0.000213229 0.000198673 0.0001846 0.000171069 0.000158122 0.000145794 0.000134105 0.000123067 0.000112684 0.000102953 9.38642e-05 8.54026e-05 7.75495e-05 7.02828e-05 6.35777e-05 5.74075e-05 5.17442e-05 4.65592e-05 4.18234e-05 3.75078e-05 3.35839e-05 3.00238e-05 2.68003e-05 2.38875e-05 2.12606e-05 1.88958e-05 1.6771e-05 1.4865e-05 1.31583e-05 1.16326e-05 1.02708e-05 9.05724e-06 7.97745e-06 7.0181e-06 6.16697e-06 5.41293e-06 4.74581e-06 4.15638e-06 3.63628e-06 3.17793e-06 2.7745e-06 2.41985e-06 2.10844e-06 1.83533e-06 1.59608e-06 1.38671e-06 1.2037e-06 1.0439e-06 9.04516e-07 7.83057e-07 6.77327e-07 5.85379e-07 5.05495e-07 4.36156e-07 3.76027e-07 3.23932e-07 2.78837e-07 2.39837e-07 2.06137e-07 1.77041e-07 1.51941e-07 1.30306e-07
3.81498e-06 9.60715e-06 1.81256e-05 2.95162e-05 4.37797e-05 6.07814e-05 8.02669e-05 0.000101883 0.000125201 0.000149739 0.000174989 0.000200432 0.000225566 0.000249914 0.000273043 0.00029457 0.000314173 0.00033159 0.000346624 0.00035914 0.000369064 0.000376376 0.000381107 0.000383334 0.000383168 0.000380754 0.00037626 0.000369872 0.000361791 0.000352221 0.00034137 0.000329444 0.000316643 0.000303159 0.000289171 0.000274849 0.000260346 0.000245802 0.000231341 0.000217072 0.000203091 0.000189477 0.000176298 0.000163607 0.000151446 0.000139847 0.000128832 0.000118413 0.000108596 9.93784e-05 9.07539e-05 8.27103e-05 7.52316e-05 6.82985e-05 6.18893e-05 5.59803e-05 5.05464e-05 4.5562e-05 4.10006e-05 3.68359e-05 3.30419e-05 2.95928e-05 2.64639e-05 2.36309e-05 2.10709e-05 1.87618e-05 1.66829e-05 1.48144e-05 1.31379e-05 1.16362e-05 1.02932e-05 9.09407e-06 8.02493e-06 7.07314e-06 6.22704e-06 5.47595e-06 4.81012e-06 4.22065e-06 3.69947e-06 3.23926e-06 2.83339e-06 2.47587e-06 2.16133e-06 1.88492e-06 1.64229e-06 1.42956e-06 1.24323e-06 1.08022e-06 9.37744e-07 8.13351e-07 7.04853e-07 6.10313e-07 5.28014e-07 4.5644e-07 3.94251e-07 3.40266e-07 2.93445e-07 2.52872e-07 2.17745e-07 1.87358e-07 1.61094e-07
2.91734e-06 7.52305e-06 1.44399e-05 2.38522e-05 3.5823e-05 5.0297e-05 6.71101e-05 8.60036e-05 0.000106642 0.000128631 0.00015154 0.000174917 0.000198312 0.000221286 0.000243429 0.000264368 0.000283777 0.000301382 0.000316961 0.000330349 0.000341436 0.000350161 0.000356514 0.000360526 0.000362268 0.000361844 0.000359383 0.000355037 0.000348973 0.00034137 0.000332412 0.000322286 0.000311175 0.000299261 0.000286716 0.000273704 0.000260375 0.000246871 0.000233318 0.000219831 0.00020651 0.000193442 0.000180702 0.000168353 0.000156444 0.000145017 0.000134101 0.000123718 0.000113882 0.000104599 9.58689e-05 8.76864e-05 8.0042e-05 7.2922e-05 6.63098e-05 6.01864e-05 5.45307e-05 4.93204e-05 4.45323e-05 4.01425e-05 3.61271e-05 3.24622e-05 2.91243e-05 2.60905e-05 2.33385e-05 2.0847e-05 1.85954e-05 1.65643e-05 1.47354e-05 1.30913e-05 1.16158e-05 1.02937e-05 9.11088e-06 8.05431e-06 7.1119e-06 6.27252e-06 5.52597e-06 4.86288e-06 4.27471e-06 3.75368e-06 3.29272e-06 2.8854e-06 2.52592e-06 2.20904e-06 1.93004e-06 1.68467e-06 1.46912e-06 1.27997e-06 1.11416e-06 9.68973e-07 8.41967e-07 7.30978e-07 6.34084e-07 5.49576e-07 4.75941e-07 4.11841e-07 3.56091e-07 3.07647e-07 2.6559e-07 2.29109e-07 1.97491e-07
2.23091e-06 5.88782e-06 1.14933e-05 1.92525e-05 2.92713e-05 4.15544e-05 5.60097e-05 7.24572e-05 9.0642e-05 0.000110249 0.000130919 0.000152266 0.00017389 0.000195395 0.000216401 0.000236552 0.000255527 0.000273048 0.000288878 0.000302832 0.000314771 0.000324602 0.000332279 0.000337797 0.000341188 0.000342519 0.000341883 0.000339398 0.000335202 0.000329444 0.000322286 0.000313892 0.00030443 0.000294068 0.000282966 0.000271282 0.000259162 0.000246745 0.000234159 0.000221519 0.000208929 0.000196483 0.000184261 0.000172331 0.000160752 0.000149573 0.00013883 0.000128555 0.000118766 0.000109479 0.000100701 9.24318e-05 8.46695e-05 7.74057e-05 7.06291e-05 6.43252e-05 5.84773e-05 5.30669e-05 4.80739e-05 4.34774e-05 3.92559e-05 3.53875e-05 3.18505e-05 2.86234e-05 2.56849e-05 2.30146e-05 2.05926e-05 1.83998e-05 1.64183e-05 1.46306e-05 1.30206e-05 1.15731e-05 1.02736e-05 9.10896e-06 8.06666e-06 7.13525e-06 6.30413e-06 5.56355e-06 4.90455e-06 4.31892e-06 3.79917e-06 3.33848e-06 2.93066e-06 2.57006e-06 2.25161e-06 1.9707e-06 1.7232e-06 1.50537e-06 1.31386e-06 1.14568e-06 9.9814e-07 8.68838e-07 7.55636e-07 6.56627e-07 5.70116e-07 4.94596e-07 4.28735e-07 3.71348e-07 3.21392e-07 2.77941e-07 2.40183e-07
1.70599e-06 4.6056e-06 9.14013e-06 1.55225e-05 2.38859e-05 3.4279e-05 4.66658e-05 6.09309e-05 7.68879e-05 9.42908e-05 0.000112846 0.000132228 0.00015209 0.000172078 0.000191845 0.000211058 0.000229409 0.000246621 0.000262454 0.000276707 0.000289221 0.000299879 0.000308605 0.000315364 0.000320153 0.000323007 0.000323987 0.000323179 0.00032069 0.000316643 0.000311175 0.00030443 0.000296558 0.000287708 0.000278032 0.000267677 0.000256782 0.000245482 0.000233903 0.000222161 0.000210362 0.000198601 0.000186963 0.000175524 0.000164346 0.000153485 0.000142985 0.000132883 0.000123206 0.000113976 0.000105206 9.69042e-05 8.90727e-05 8.17095e-05 7.48085e-05 6.83601e-05 6.2352e-05 5.67694e-05 5.15959e-05 4.68136e-05 4.24037e-05 3.83468e-05 3.46229e-05 3.12122e-05 2.80948e-05 2.52514e-05 2.2663e-05 2.03112e-05 1.81783e-05 1.62473e-05 1.45023e-05 1.29279e-05 1.15099e-05 1.02346e-05 9.0896e-06 8.06306e-06 7.14409e-06 6.32261e-06 5.58931e-06 4.93561e-06 4.35365e-06 3.83623e-06 3.37679e-06 2.96933e-06 2.60841e-06 2.28911e-06 2.00694e-06 1.75788e-06 1.53829e-06 1.34488e-06 1.17473e-06 1.0252e-06 8.93915e-07 7.78772e-07 6.77886e-07 5.89577e-07 5.12351e-07 4.44882e-07 3.85989e-07 3.34631e-07 2.89883e-07
