0.37626 0.0520287 0.0295487 0.0182605 0.0117431 0.0076743 0.00503815 0.00330552 0.00216299 0.00141073 0.000917065 0.000594315 0.000384072 0.000247576 0.000159226 0.000102194 6.54676e-05 4.18687e-05 2.67349e-05 1.70469e-05 1.08553e-05 6.90406e-06 4.38599e-06 2.78324e-06 1.7642e-06 1.11687e-06 7.0585e-07 4.44784e-07 2.78567e-07 1.71971e-07 1.08529e-07
0.0520287 0.0111571 0.00603222 0.00336053 0.00189455 0.0010768 0.000616797 0.000356035 0.000207012 0.000121157 7.13188e-05 4.21907e-05 2.50655e-05 1.49457e-05 8.93943e-06 5.36125e-06 3.22275e-06 1.94116e-06 1.17127e-06 7.0782e-07 4.28328e-07 2.59504e-07 1.57383e-07 9.55276e-08 5.80134e-08 3.52293e-08 2.13653e-08 1.29026e-08 7.70635e-09 4.47877e-09 2.73415e-09
0.0295487 0.00603222 0.00294604 0.0015366 0.000831554 0.000460683 0.000259594 0.000148242 8.55727e-05 4.98355e-05 2.92349e-05 1.72532e-05 1.02329e-05 6.09441e-06 3.64232e-06 2.18326e-06 1.31198e-06 7.90113e-07 4.7672e-07 2.881e-07 1.74357e-07 1.0565e-07 6.40833e-08 3.89012e-08 2.36237e-08 1.43401e-08 8.68609e-09 5.22987e-09 3.10352e-09 1.87213e-09 1.14329e-09
0.0182605 0.00336053 0.0015366 0.000763356 0.000399743 0.000216726 0.000120394 6.8093e-05 3.9046e-05 2.26322e-05 1.3231e-05 7.78829e-06 4.61019e-06 2.7415e-06 1.63649e-06 9.79996e-07 5.8845e-07 3.54158e-07 2.13572e-07 1.29014e-07 7.80506e-08 4.72788e-08 2.86689e-08 1.73973e-08 1.05598e-08 6.40461e-09 3.87331e-09 2.32562e-09 1.40966e-09 8.50361e-10 5.19279e-10
0.0117431 0.00189455 0.000831554 0.000399743 0.000204478 0.000109103 5.99549e-05 3.36569e-05 1.91971e-05 1.10835e-05 6.46005e-06 3.79363e-06 2.24126e-06 1.33066e-06 7.93229e-07 4.74461e-07 2.84604e-07 1.71133e-07 1.03117e-07 6.22457e-08 3.76321e-08 2.27813e-08 1.38057e-08 8.3724e-09 5.07798e-09 3.07671e-09 1.8582e-09 1.12805e-09 6.83701e-10 4.1238e-10 2.51737e-10
0.0076743 0.0010768 0.000460683 0.000216726 0.000109103 5.75671e-05 3.13905e-05 1.75251e-05 9.95536e-06 5.72981e-06 3.33125e-06 1.95216e-06 1.15127e-06 6.82449e-07 4.06256e-07 2.42694e-07 1.45414e-07 8.73476e-08 5.25817e-08 3.17123e-08 1.91566e-08 1.15877e-08 7.01685e-09 4.25196e-09 2.57667e-09 1.55981e-09 9.4696e-10 5.74717e-10 3.48235e-10 2.09991e-10 1.28125e-10
0.00503815 0.000616797 0.000259594 0.000120394 5.99549e-05 3.13905e-05 1.70225e-05 9.46504e-06 5.35996e-06 3.07713e-06 1.7852e-06 1.04421e-06 6.14797e-07 3.63895e-07 2.16328e-07 1.29071e-07 7.72451e-08 4.63496e-08 2.78735e-08 1.67947e-08 1.01362e-08 6.12605e-09 3.7065e-09 2.24415e-09 1.3589e-09 8.24373e-10 5.00264e-10 3.03491e-10 1.83824e-10 1.10817e-10 6.75759e-11
0.00330552 0.000356035 0.000148242 6.8093e-05 3.36569e-05 1.75251e-05 9.46504e-06 5.24648e-06 2.96356e-06 1.69774e-06 9.831e-07 5.74074e-07 3.37475e-07 1.99466e-07 1.18422e-07 7.05689e-08 4.2185e-08 2.52851e-08 1.51904e-08 9.14399e-09 5.51368e-09 3.32943e-09 2.01276e-09 1.21772e-09 7.37807e-10 4.47345e-10 2.71329e-10 1.64527e-10 9.96117e-11 6.00314e-11 3.65855e-11
0.00216299 0.000207012 8.55727e-05 3.9046e-05 1.91971e-05 9.95536e-06 5.35996e-06 2.96356e-06 1.67046e-06 9.55164e-07 5.52161e-07 3.21927e-07 1.88974e-07 1.11543e-07 6.61386e-08 3.93658e-08 2.35059e-08 1.40743e-08 8.44698e-09 5.07995e-09 3.0604e-09 1.84645e-09 1.11537e-09 6.74709e-10 4.08545e-10 2.47562e-10 1.50072e-10 9.09544e-11 5.50436e-11 3.31618e-11 2.01984e-11
0.00141073 0.000121157 4.98355e-05 2.26322e-05 1.10835e-05 5.72981e-06 3.07713e-06 1.69774e-06 9.55164e-07 5.45233e-07 3.14694e-07 1.83208e-07 1.07397e-07 6.33099e-08 3.74938e-08 2.22909e-08 1.3296e-08 7.95299e-09 4.76857e-09 2.86518e-09 1.72464e-09 1.0397e-09 6.27745e-10 3.79478e-10 2.29632e-10 1.39065e-10 8.42547e-11 5.10386e-11 3.08739e-11 1.85946e-11 1.13194e-11
0.000917065 7.13188e-05 2.92349e-05 1.3231e-05 6.46005e-06 3.33125e-06 1.7852e-06 9.831e-07 5.52161e-07 3.14694e-07 1.81366e-07 1.05442e-07 6.17301e-08 3.6345e-08 2.14997e-08 1.27682e-08 7.60809e-09 4.54637e-09 2.72348e-09 1.63498e-09 9.83342e-10 5.92433e-10 3.57442e-10 2.15933e-10 1.30585e-10 7.90355e-11 4.78587e-11 2.89768e-11 1.75209e-11 1.05492e-11 6.41835e-12
0.000594315 4.21907e-05 1.72532e-05 7.78829e-06 3.79363e-06 1.95216e-06 1.04421e-06 5.74074e-07 3.21927e-07 1.83208e-07 1.05442e-07 6.12215e-08 3.57976e-08 2.10523e-08 1.24397e-08 7.38004e-09 4.39321e-09 2.62283e-09 1.56983e-09 9.41638e-10 5.65934e-10 3.40711e-10 2.05425e-10 1.24018e-10 7.4954e-11 4.53396e-11 2.74402e-11 1.66061e-11 1.00368e-11 6.04129e-12 3.67376e-12
0.000384072 2.50655e-05 1.02329e-05 4.61019e-06 2.24126e-06 1.15127e-06 6.14797e-07 3.37475e-07 1.88974e-07 1.07397e-07 6.17301e-08 3.57976e-08 2.09074e-08 1.2282e-08 7.24986e-09 4.29687e-09 2.55549e-09 1.52434e-09 9.11605e-10 5.46403e-10 3.28153e-10 1.97422e-10 1.18953e-10 7.17693e-11 4.33504e-11 2.62082e-11 1.58535e-11 9.58964e-12 5.7937e-12 3.48634e-12 2.11904e-12
0.000247576 1.49457e-05 6.09441e-06 2.7415e-06 1.33066e-06 6.82449e-07 3.63895e-07 1.99466e-07 1.11543e-07 6.33099e-08 3.6345e-08 2.10523e-08 1.2282e-08 7.20751e-09 4.25032e-09 2.51676e-09 1.49549e-09 8.91318e-10 5.32628e-10 3.19014e-10 1.91456e-10 1.15106e-10 6.9312e-11 4.17938e-11 2.52303e-11 1.52453e-11 9.21745e-12 5.57308e-12 3.36575e-12 2.02478e-12 1.23011e-12
0.000159226 8.93943e-06 3.64232e-06 1.63649e-06 7.93229e-07 4.06256e-07 2.16328e-07 1.18422e-07 6.61386e-08 3.74938e-08 2.14997e-08 1.24397e-08 7.24986e-09 4.25032e-09 2.50412e-09 1.48148e-09 8.79582e-10 5.2383e-10 3.12795e-10 1.87215e-10 1.12282e-10 6.7463e-11 4.05989e-11 2.44664e-11 1.47621e-11 8.91545e-12 5.38782e-12 3.2562e-12 1.96579e-12 1.18228e-12 7.17951e-13
0.000102194 5.36125e-06 2.18326e-06 9.79996e-07 4.74461e-07 2.42694e-07 1.29071e-07 7.05689e-08 3.93658e-08 2.22909e-08 1.27682e-08 7.38004e-09 4.29687e-09 2.51676e-09 1.48148e-09 8.75739e-10 5.1954e-10 3.0918e-10 1.84491e-10 1.10348e-10 6.61393e-11 3.97149e-11 2.38866e-11 1.43872e-11 8.6762e-12 5.23738e-12 3.16365e-12 1.9112e-12 1.1534e-12 6.93515e-13 4.20964e-13
6.54676e-05 3.22275e-06 1.31198e-06 5.8845e-07 2.84604e-07 1.45414e-07 7.72451e-08 4.2185e-08 2.35059e-08 1.3296e-08 7.60809e-09 4.39321e-09 2.55549e-09 1.49549e-09 8.79582e-10 5.1954e-10 3.07994e-10 1.83159e-10 1.0922e-10 6.52854e-11 3.91065e-11 2.34689e-11 1.41077e-11 8.49284e-12 5.1191e-12 3.08871e-12 1.86493e-12 1.12619e-12 6.79414e-13 4.08421e-13 2.47811e-13
4.18687e-05 1.94116e-06 7.90113e-07 3.54158e-07 1.71133e-07 8.73476e-08 4.63496e-08 2.52851e-08 1.40743e-08 7.95299e-09 4.54637e-09 2.62283e-09 1.52434e-09 8.91318e-10 5.2383e-10 3.0918e-10 1.83159e-10 1.08849e-10 6.48666e-11 3.87502e-11 2.31983e-11 1.39144e-11 8.35991e-12 5.03017e-12 3.03053e-12 1.82772e-12 1.1031e-12 6.65883e-13 4.01588e-13 2.41354e-13 1.46386e-13
2.67349e-05 1.17127e-06 4.7672e-07 2.13572e-07 1.03117e-07 5.25817e-08 2.78735e-08 1.51904e-08 8.44698e-09 4.76857e-09 2.72348e-09 1.56983e-09 9.11605e-10 5.32628e-10 3.12795e-10 1.84491e-10 1.0922e-10 6.48666e-11 3.86328e-11 2.30653e-11 1.38008e-11 8.27343e-12 4.9683e-12 2.98802e-12 1.79938e-12 1.08475e-12 6.54429e-13 3.949e-13 2.38086e-13 1.43058e-13 8.67348e-14
1.70469e-05 7.0782e-07 2.881e-07 1.29014e-07 6.22457e-08 3.17123e-08 1.67947e-08 9.14399e-09 5.07995e-09 2.86518e-09 1.63498e-09 9.41638e-10 5.46403e-10 3.19014e-10 1.87215e-10 1.10348e-10 6.52854e-11 3.87502e-11 2.30653e-11 1.37634e-11 8.23082e-12 4.93183e-12 2.96022e-12 1.77952e-12 1.07116e-12 6.45484e-13 3.89271e-13 2.34814e-13 1.41527e-13 8.5021e-14 5.15291e-14
1.08553e-05 4.28328e-07 1.74357e-07 7.80506e-08 3.76321e-08 1.91566e-08 1.01362e-08 5.51368e-09 3.0604e-09 1.72464e-09 9.83342e-10 5.65934e-10 3.28153e-10 1.91456e-10 1.12282e-10 6.61393e-11 3.91065e-11 2.31983e-11 1.38008e-11 8.23082e-12 4.91978e-12 2.94648e-12 1.76775e-12 1.06221e-12 6.39127e-13 3.84987e-13 2.32088e-13 1.39952e-13 8.43275e-14 5.06486e-14 3.06863e-14
6.90406e-06 2.59504e-07 1.0565e-07 4.72788e-08 2.27813e-08 1.15877e-08 6.12605e-09 3.32943e-09 1.84645e-09 1.0397e-09 5.92433e-10 3.40711e-10 1.97422e-10 1.15106e-10 6.7463e-11 3.97149e-11 2.34689e-11 1.39144e-11 8.27343e-12 4.93183e-12 2.94648e-12 1.76386e-12 1.05778e-12 6.35336e-13 3.82126e-13 2.30093e-13 1.38662e-13 8.35877e-14 5.03513e-14 3.0236e-14 1.83129e-14
4.38599e-06 1.57383e-07 6.40833e-08 2.86689e-08 1.38057e-08 7.01685e-09 3.7065e-09 2.01276e-09 1.11537e-09 6.27745e-10 3.57442e-10 2.05425e-10 1.18953e-10 6.9312e-11 4.05989e-11 2.38866e-11 1.41077e-11 8.35991e-12 4.9683e-12 2.96022e-12 1.76775e-12 1.05778e-12 6.34078e-13 3.80697e-13 2.28885e-13 1.37771e-13 8.29975e-14 5.00168e-14 3.01209e-14 1.80842e-14 1.09495e-14
2.78324e-06 9.55276e-08 3.89012e-08 1.73973e-08 8.3724e-09 4.25196e-09 2.24415e-09 1.21772e-09 6.74709e-10 3.79478e-10 2.15933e-10 1.24018e-10 7.17693e-11 4.17938e-11 2.44664e-11 1.43872e-11 8.49284e-12 5.03017e-12 2.98802e-12 1.77952e-12 1.06221e-12 6.35336e-13 3.80697e-13 2.28482e-13 1.3732e-13 8.26271e-14 4.97609e-14 2.99784e-14 1.80488e-14 1.08344e-14 6.5579e-15
1.7642e-06 5.80134e-08 2.36237e-08 1.05598e-08 5.07798e-09 2.57667e-09 1.3589e-09 7.37807e-10 4.08545e-10 2.29632e-10 1.30585e-10 7.4954e-11 4.33504e-11 2.52303e-11 1.47621e-11 8.6762e-12 5.1191e-12 3.03053e-12 1.79938e-12 1.07116e-12 6.39127e-13 3.82126e-13 2.28885e-13 1.3732e-13 8.25016e-14 4.96259e-14 2.98771e-14 1.79943e-14 1.0831e-14 6.50051e-15 3.93352e-15
1.11687e-06 3.52293e-08 1.43401e-08 6.40461e-09 3.07671e-09 1.55981e-09 8.24373e-10 4.47345e-10 2.47562e-10 1.39065e-10 7.90355e-11 4.53396e-11 2.62082e-11 1.52453e-11 8.91545e-12 5.23738e-12 3.08871e-12 1.82772e-12 1.08475e-12 6.45484e-13 3.84987e-13 2.30093e-13 1.37771e-13 8.26271e-14 4.96259e-14 2.98413e-14 1.79605e-14 1.08143e-14 6.50771e-15 3.90513e-15 2.36237e-15
7.0585e-07 2.13653e-08 8.68609e-09 3.87331e-09 1.8582e-09 9.4696e-10 5.00264e-10 2.71329e-10 1.50072e-10 8.42547e-11 4.78587e-11 2.74402e-11 1.58535e-11 9.21745e-12 5.38782e-12 3.16365e-12 1.86493e-12 1.1031e-12 6.54429e-13 3.89271e-13 2.32088e-13 1.38662e-13 8.29975e-14 4.97609e-14 2.98771e-14 1.79605e-14 1.08069e-14 6.50528e-15 3.91381e-15 2.34822e-15 1.42016e-15
4.44784e-07 1.29026e-08 5.22987e-09 2.32562e-09 1.12805e-09 5.74717e-10 3.03491e-10 1.64527e-10 9.09544e-11 5.10386e-11 2.89768e-11 1.66061e-11 9.58964e-12 5.57308e-12 3.2562e-12 1.9112e-12 1.12619e-12 6.65883e-13 3.949e-13 2.34814e-13 1.39952e-13 8.35877e-14 5.00168e-14 2.99784e-14 1.79943e-14 1.08143e-14 6.50528e-15 3.91498e-15 2.35491e-15 1.4127e-15 8.54168e-16
2.78567e-07 7.70635e-09 3.10352e-09 1.40966e-09 6.83701e-10 3.48235e-10 1.83824e-10 9.96117e-11 5.50436e-11 3.08739e-11 1.75209e-11 1.00368e-11 5.7937e-12 3.36575e-12 1.96579e-12 1.1534e-12 6.79414e-13 4.01588e-13 2.38086e-13 1.41527e-13 8.43275e-14 5.03513e-14 3.01209e-14 1.80488e-14 1.0831e-14 6.50771e-15 3.91381e-15 2.35491e-15 1.41625e-15 8.49501e-16 5.13528e-16
1.71971e-07 4.47877e-09 1.87213e-09 8.50361e-10 4.1238e-10 2.09991e-10 1.10817e-10 6.00314e-11 3.31618e-11 1.85946e-11 1.05492e-11 6.04129e-12 3.48634e-12 2.02478e-12 1.18228e-12 6.93515e-13 4.08421e-13 2.41354e-13 1.43058e-13 8.5021e-14 5.06486e-14 3.0236e-14 1.80842e-14 1.08344e-14 6.50051e-15 3.90513e-15 2.34822e-15 1.4127e-15 8.49501e-16 5.09506e-16 3.07954e-16
1.08529e-07 2.73415e-09 1.14329e-09 5.19279e-10 2.51737e-10 1.28125e-10 6.75759e-11 3.65855e-11 2.01984e-11 1.13194e-11 6.41835e-12 3.67376e-12 2.11904e-12 1.23011e-12 7.17951e-13 4.20964e-13 2.47811e-13 1.46386e-13 8.67348e-14 5.15291e-14 3.06863e-14 1.83129e-14 1.09495e-14 6.5579e-15 3.93352e-15 2.36237e-15 1.42016e-15 8.54168e-16 5.13528e-16 3.07954e-16 1.86086e-16
