0.361281 0.130899 0.0474272 0.0171838 0.006226 0.0022558 0.000817318 0.00029613 0.000107293 3.88744e-05 1.40849e-05 5.10323e-06 1.849e-06 6.69927e-07 2.42727e-07 8.79446e-08 3.1864e-08 1.15449e-08 4.18294e-09 1.51556e-09 5.49116e-10 1.98955e-10 7.20851e-11 2.61178e-11 9.46297e-12 3.42861e-12 1.24225e-12 4.50091e-13 1.63076e-13 5.90856e-14 2.14078e-14 7.75646e-15 2.81031e-15 1.01823e-15 3.68924e-16 1.33668e-16 4.84304e-17 1.75473e-17 6.3577e-18 2.30352e-18 8.34607e-19 3.02394e-19 1.09563e-19 3.96967e-20 1.43829e-20 5.21119e-21 1.88811e-21 6.84098e-22 2.47862e-22 8.9805e-23 3.2538e-23 1.17891e-23 4.27143e-24 1.54762e-24 5.60731e-25 2.03164e-25 7.361e-26 2.66703e-26 9.66315e-27 3.50114e-27 1.26853e-27 4.59612e-28 1.66526e-28 6.03355e-29 2.18607e-29 7.92054e-30 2.86976e-30 1.03977e-30 3.76728e-31 1.36496e-31 4.94549e-32 1.79185e-32 6.49219e-33 2.35224e-33 8.52262e-34 3.08791e-34 1.11881e-34 4.05365e-35 1.46871e-35 5.32142e-36 1.92805e-36 6.9857e-37 2.53105e-37 9.17047e-38 3.32263e-38 1.20385e-38 4.36179e-39 1.58036e-39 5.72593e-40 2.07461e-40 7.51671e-41 2.72345e-41 9.86756e-42 3.5752e-42 1.29536e-42 4.69335e-43 1.70049e-43 6.16119e-44 2.23231e-44 8.08809e-45 2.93047e-45
0.130899 0.0638135 0.0290579 0.0126793 0.00537335 0.00222925 0.000910014 0.000366786 0.000146325 5.78826e-05 2.27351e-05 8.8762e-06 3.44748e-06 1.33295e-06 5.13338e-07 1.97001e-07 7.53661e-08 2.87518e-08 1.09409e-08 4.15383e-09 1.57375e-09 5.95105e-10 2.24642e-10 8.46614e-11 3.1859e-11 1.19723e-11 4.49331e-12 1.68435e-12 6.30687e-13 2.35906e-13 8.81532e-14 3.29106e-14 1.22759e-14 4.57526e-15 1.70389e-15 6.34083e-16 2.35803e-16 8.76324e-17 3.25468e-17 1.20807e-17 4.48153e-18 1.6616e-18 6.15743e-19 2.28065e-19 8.44327e-20 3.12439e-20 1.15566e-20 4.27281e-21 1.57915e-21 5.83398e-22 2.15449e-22 7.95371e-23 2.93525e-23 1.08287e-23 3.99363e-24 1.4724e-24 5.42694e-25 1.99967e-25 7.36614e-26 2.71272e-26 9.98749e-27 3.67619e-27 1.3528e-27 4.97698e-28 1.83062e-28 6.73183e-29 2.47499e-29 9.09752e-30 3.34336e-30 1.22845e-30 4.51282e-31 1.65751e-31 6.08674e-32 2.23479e-32 8.20374e-33 3.01103e-33 1.10496e-33 4.05421e-34 1.4873e-34 5.45539e-35 2.00073e-35 7.33646e-36 2.68982e-36 9.86053e-37 3.61425e-37 1.32458e-37 4.85381e-38 1.77841e-38 6.51519e-39 2.38655e-39 8.74101e-40 3.20113e-40 1.17218e-40 4.29179e-41 1.57121e-41 5.75154e-42 2.10518e-42 7.70459e-43 2.81946e-43 1.03167e-43 3.77462e-44
0.0474272 0.0290579 0.0155737 0.00773997 0.00366181 0.00167277 0.000744256 0.000324364 0.000139026 5.87715e-05 2.45582e-05 1.01605e-05 4.1678e-06 1.69682e-06 6.86257e-07 2.75916e-07 1.1035e-07 4.39238e-08 1.74082e-08 6.8723e-09 2.70327e-09 1.05985e-09 4.14264e-10 1.61469e-10 6.27725e-11 2.43442e-11 9.41971e-12 3.63715e-12 1.4016e-12 5.39112e-13 2.07001e-13 7.93505e-14 3.03703e-14 1.16067e-14 4.42958e-15 1.68826e-15 6.42646e-16 2.44334e-16 9.27897e-17 3.52001e-17 1.33395e-17 5.05012e-18 1.91009e-18 7.21788e-19 2.72514e-19 1.02803e-19 3.87501e-20 1.45951e-20 5.49312e-21 2.06596e-21 7.76472e-22 2.91637e-22 1.09467e-22 4.10634e-23 1.53946e-23 5.76811e-24 2.16002e-24 8.08439e-25 3.02421e-25 1.13072e-25 4.22562e-26 1.57841e-26 5.89315e-27 2.19929e-27 8.20411e-28 3.05912e-28 1.14021e-28 4.24818e-29 1.58217e-29 5.89032e-30 2.19213e-30 8.15533e-31 3.03295e-31 1.12757e-31 4.19062e-32 1.55695e-32 5.78277e-33 2.14716e-33 7.97012e-34 2.9576e-34 1.09721e-34 4.06931e-35 1.50881e-35 5.59287e-36 2.07263e-36 7.67893e-37 2.84428e-37 1.05327e-37 3.89944e-38 1.44333e-38 5.34112e-39 1.97607e-39 7.30934e-40 2.7031e-40 9.99437e-41 3.69454e-41 1.36546e-41 5.04559e-42 1.86407e-42 6.88543e-43 2.54284e-43
0.0171838 0.0126793 0.00773997 0.0042706 0.00220905 0.00109184 0.000521529 0.000242537 0.000110378 4.93413e-05 2.17256e-05 9.44293e-06 4.05844e-06 1.72715e-06 7.28633e-07 3.05005e-07 1.26784e-07 5.23697e-08 2.1508e-08 8.78701e-09 3.57268e-09 1.44619e-09 5.83017e-10 2.34148e-10 9.37067e-11 3.73787e-11 1.48643e-11 5.8941e-12 2.33087e-12 9.19425e-13 3.61806e-13 1.42054e-13 5.56548e-14 2.17607e-14 8.49201e-15 3.30792e-15 1.28631e-15 4.99366e-16 1.93556e-16 7.49104e-17 2.89502e-17 1.11729e-17 4.30629e-18 1.65766e-18 6.37322e-19 2.44747e-19 9.38837e-20 3.59745e-20 1.37705e-20 5.26589e-21 2.01176e-21 7.67849e-22 2.92811e-22 1.11564e-22 4.24713e-23 1.61554e-23 6.14041e-24 2.33211e-24 8.85081e-25 3.35666e-25 1.27213e-25 4.81801e-26 1.82356e-26 6.89761e-27 2.60742e-27 9.85068e-28 3.71937e-28 1.40355e-28 5.29358e-29 1.99544e-29 7.51803e-30 2.83106e-30 1.06557e-30 4.0087e-31 1.50738e-31 5.66559e-32 2.1285e-32 7.99306e-33 3.00033e-33 1.12576e-33 4.22225e-34 1.58297e-34 5.93244e-35 2.22244e-35 8.32274e-36 3.11563e-36 1.16593e-36 4.36162e-37 1.63108e-37 6.09764e-38 2.2788e-38 8.51358e-39 3.17968e-39 1.1872e-39 4.4313e-40 1.65353e-40 6.16836e-41 2.30041e-41 8.57668e-42 3.19681e-42 1.19124e-42
0.006226 0.00537335 0.00366181 0.00220905 0.00123384 0.000652837 0.000331685 0.000163243 7.82995e-05 3.67631e-05 1.69522e-05 7.69681e-06 3.44783e-06 1.52629e-06 6.68608e-07 2.90155e-07 1.24859e-07 5.33202e-08 2.26121e-08 9.52855e-09 3.99185e-09 1.66335e-09 6.89644e-10 2.84615e-10 1.16955e-10 4.7867e-11 1.95172e-11 7.92987e-12 3.21125e-12 1.29635e-12 5.21786e-13 2.09436e-13 8.38423e-14 3.34802e-14 1.33376e-14 5.30138e-15 2.10263e-15 8.32234e-16 3.28758e-16 1.29627e-16 5.10192e-17 2.0046e-17 7.86332e-18 3.07964e-18 1.2043e-18 4.70259e-19 1.83371e-19 7.14067e-20 2.77704e-20 1.07865e-20 4.18462e-21 1.62153e-21 6.27628e-22 2.42665e-22 9.37248e-23 3.61626e-23 1.39391e-23 5.3678e-24 2.06516e-24 7.9382e-25 3.04868e-25 1.16986e-25 4.48537e-26 1.71837e-26 6.57806e-27 2.51624e-27 9.61804e-28 3.67377e-28 1.40228e-28 5.34889e-29 2.03895e-29 7.76731e-30 2.95708e-30 1.12509e-30 4.27816e-31 1.62582e-31 6.17507e-32 2.34407e-32 8.89332e-33 3.37232e-33 1.27811e-33 4.8416e-34 1.83314e-34 6.93734e-35 2.62413e-35 9.92147e-36 3.74948e-36 1.41636e-36 5.34798e-37 2.01846e-37 7.61501e-38 2.87173e-38 1.08254e-38 4.0792e-39 1.53652e-39 5.78549e-40 2.17761e-40 8.1934e-41 3.08172e-41 1.1587e-41 4.35514e-42
0.0022558 0.00222925 0.00167277 0.00109184 0.000652837 0.00036706 0.000197078 0.000102053 5.13194e-05 2.51865e-05 1.2109e-05 5.71951e-06 2.6602e-06 1.22061e-06 5.53362e-07 2.48176e-07 1.10228e-07 4.85288e-08 2.11945e-08 9.18873e-09 3.95689e-09 1.69334e-09 7.20488e-10 3.04914e-10 1.28398e-10 5.38153e-11 2.24571e-11 9.33286e-12 3.86364e-12 1.59366e-12 6.55084e-13 2.684e-13 1.0963e-13 4.46478e-14 1.81326e-14 7.34463e-15 2.96743e-15 1.19603e-15 4.80956e-16 1.92979e-16 7.72678e-17 3.08751e-17 1.23133e-17 4.90156e-18 1.94767e-18 7.72589e-19 3.05958e-19 1.20971e-19 4.77568e-20 1.88253e-20 7.41017e-21 2.91282e-21 1.14345e-21 4.48291e-22 1.75533e-22 6.86485e-23 2.6816e-23 1.04632e-23 4.07805e-24 1.58774e-24 6.17522e-25 2.39932e-25 9.31319e-26 3.61157e-26 1.39923e-26 5.41619e-27 2.09467e-27 8.0941e-28 3.12507e-28 1.20559e-28 4.64726e-29 1.79003e-29 6.88966e-30 2.64983e-30 1.01842e-30 3.91142e-31 1.50123e-31 5.75798e-32 2.20705e-32 8.45429e-33 3.23649e-33 1.23825e-33 4.7346e-34 1.80929e-34 6.91011e-35 2.63767e-35 1.00629e-35 3.83698e-36 1.46229e-36 5.56998e-37 2.12059e-37 8.0695e-38 3.06922e-38 1.16682e-38 4.43385e-39 1.68407e-39 6.39361e-40 2.42629e-40 9.20351e-41 3.48965e-41 1.32261e-41
0.000817318 0.000910014 0.000744256 0.000521529 0.000331685 0.000197078 0.000111273 6.03591e-05 3.1695e-05 1.61999e-05 8.09287e-06 3.96409e-06 1.90869e-06 9.05244e-07 4.23607e-07 1.95855e-07 8.95768e-08 4.05676e-08 1.8208e-08 8.10535e-09 3.58089e-09 1.57098e-09 6.84753e-10 2.96672e-10 1.27813e-10 5.47755e-11 2.33591e-11 9.91541e-12 4.19054e-12 1.76376e-12 7.39469e-13 3.08886e-13 1.28575e-13 5.33428e-14 2.20608e-14 9.0962e-15 3.73984e-15 1.5334e-15 6.27078e-16 2.55799e-16 1.04096e-16 4.22638e-17 1.71216e-17 6.92144e-18 2.79231e-18 1.12429e-18 4.51825e-19 1.81247e-19 7.25788e-20 2.90142e-20 1.15798e-20 4.61427e-21 1.83587e-21 7.29349e-22 2.89339e-22 1.14624e-22 4.53482e-23 1.79175e-23 7.07042e-24 2.78663e-24 1.09697e-24 4.31329e-25 1.69407e-25 6.64631e-26 2.60475e-26 1.01977e-26 3.9884e-27 1.55836e-27 6.08308e-28 2.37232e-28 9.24333e-29 3.59831e-29 1.39956e-29 5.43901e-30 2.11198e-30 8.19426e-31 3.17679e-31 1.23065e-31 4.76381e-32 1.84271e-32 7.12273e-33 2.75127e-33 1.06199e-33 4.09654e-34 1.57917e-34 6.08359e-35 2.34217e-35 9.01174e-36 3.46527e-36 1.3317e-36 5.11478e-37 1.96336e-37 7.53232e-38 2.88816e-38 1.10683e-38 4.23947e-39 1.623e-39 6.21019e-40 2.37507e-40 9.07892e-41 3.46884e-41
0.00029613 0.000366786 0.000324364 0.000242537 0.000163243 0.000102053 6.03591e-05 3.41781e-05 1.86811e-05 9.91484e-06 5.13265e-06 2.60059e-06 1.29321e-06 6.32548e-07 3.04887e-07 1.45033e-07 6.81757e-08 3.17034e-08 1.45983e-08 6.66156e-09 3.01463e-09 1.35379e-09 6.03625e-10 2.67361e-10 1.17689e-10 5.15057e-11 2.24187e-11 9.70826e-12 4.18388e-12 1.7949e-12 7.66707e-13 3.26173e-13 1.38225e-13 5.83615e-14 2.45554e-14 1.02972e-14 4.30433e-15 1.7938e-15 7.45381e-16 3.08869e-16 1.27647e-16 5.2618e-17 2.16367e-17 8.87609e-18 3.633e-18 1.48374e-18 6.04695e-19 2.45941e-19 9.98333e-20 4.0448e-20 1.63578e-20 6.60365e-21 2.66134e-21 1.07078e-21 4.3013e-22 1.72515e-22 6.90876e-23 2.76273e-23 1.10322e-23 4.39934e-24 1.75199e-24 6.96808e-25 2.76787e-25 1.09811e-25 4.35135e-26 1.72226e-26 6.80897e-27 2.68897e-27 1.06077e-27 4.18026e-28 1.64566e-28 6.47211e-29 2.54289e-29 9.98154e-30 3.9144e-30 1.53369e-30 6.00383e-31 2.34824e-31 9.17679e-32 3.58327e-32 1.39803e-32 5.45019e-33 2.1231e-33 8.2642e-34 3.21447e-34 1.2494e-34 4.85273e-35 1.88351e-35 7.30558e-36 2.83172e-36 1.09688e-36 4.24612e-37 1.64267e-37 6.35097e-38 2.45395e-38 9.47621e-39 3.6572e-39 1.41063e-39 5.43795e-40 2.09515e-40 8.06792e-41
0.000107293 0.000146325 0.000139026 0.000110378 7.82995e-05 5.13194e-05 3.1695e-05 1.86811e-05 1.06005e-05 5.82802e-06 3.11939e-06 1.63146e-06 8.36224e-07 4.21053e-07 2.08674e-07 1.01959e-07 4.9182e-08 2.34487e-08 1.10612e-08 5.16703e-09 2.39202e-09 1.09816e-09 5.00273e-10 2.26266e-10 1.0165e-10 4.53795e-11 2.01392e-11 8.88812e-12 3.90211e-12 1.70466e-12 7.41207e-13 3.20857e-13 1.3831e-13 5.93816e-14 2.53976e-14 1.08231e-14 4.59624e-15 1.94541e-15 8.20802e-16 3.45259e-16 1.44805e-16 6.05628e-17 2.52615e-17 1.05097e-17 4.36154e-18 1.80571e-18 7.45855e-19 3.07392e-19 1.26414e-19 5.18798e-20 2.12485e-20 8.68592e-21 3.54395e-21 1.44334e-21 5.86795e-22 2.38156e-22 9.64978e-23 3.90369e-23 1.57673e-23 6.35887e-24 2.56073e-24 1.02974e-24 4.1351e-25 1.65828e-25 6.64135e-26 2.65643e-26 1.0612e-26 4.23418e-27 1.68743e-27 6.71705e-28 2.67081e-28 1.06079e-28 4.20869e-29 1.66806e-29 6.60433e-30 2.61224e-30 1.03222e-30 4.0749e-31 1.60715e-31 6.33282e-32 2.49316e-32 9.80674e-33 3.85413e-33 1.51344e-33 5.93808e-34 2.32798e-34 9.11946e-35 3.56964e-35 1.39621e-35 5.45705e-36 2.13131e-36 8.31817e-37 3.24418e-37 1.2644e-37 4.9246e-38 1.91678e-38 7.45573e-39 2.89823e-39 1.12591e-39 4.37127e-40 1.6961e-40
3.88744e-05 5.78826e-05 5.87715e-05 4.93413e-05 3.67631e-05 2.51865e-05 1.61999e-05 9.91484e-06 5.82802e-06 3.31243e-06 1.82963e-06 9.86005e-07 5.20054e-07 2.69133e-07 1.36942e-07 6.86294e-08 3.39251e-08 1.65619e-08 7.99371e-09 3.81802e-09 1.80607e-09 8.46737e-10 3.93695e-10 1.8164e-10 8.32009e-11 3.78534e-11 1.71129e-11 7.69031e-12 3.4365e-12 1.52747e-12 6.75523e-13 2.97324e-13 1.3027e-13 5.68311e-14 2.4691e-14 1.06853e-14 4.60688e-15 1.97911e-15 8.47315e-16 3.61569e-16 1.53805e-16 6.52279e-17 2.75825e-17 1.16311e-17 4.89145e-18 2.05177e-18 8.58488e-19 3.58337e-19 1.49224e-19 6.20023e-20 2.57059e-20 1.06351e-20 4.39107e-21 1.80942e-21 7.44185e-22 3.05504e-22 1.25191e-22 5.12118e-23 2.09138e-23 8.52668e-24 3.47083e-24 1.41063e-24 5.72445e-25 2.31962e-25 9.38593e-26 3.79256e-26 1.53037e-26 6.16717e-27 2.48207e-27 9.97691e-28 4.00538e-28 1.6061e-28 6.43266e-29 2.57344e-29 1.02837e-29 4.10502e-30 1.63688e-30 6.52026e-31 2.5946e-31 1.03144e-31 4.09631e-32 1.62528e-32 6.44253e-33 2.55145e-33 1.00955e-33 3.99108e-34 1.57644e-34 6.22156e-35 2.45336e-35 9.66658e-36 3.80574e-36 1.49715e-36 5.88521e-37 2.3117e-37 9.07364e-38 3.55892e-38 1.39491e-38 5.46352e-39 2.13846e-39 8.36448e-40 3.26956e-40
1.40849e-05 2.27351e-05 2.45582e-05 2.17256e-05 1.69522e-05 1.2109e-05 8.09287e-06 5.13265e-06 3.11939e-06 1.82963e-06 1.04122e-06 5.77302e-07 3.12876e-07 1.66191e-07 8.67071e-08 4.45154e-08 2.25239e-08 1.12467e-08 5.54819e-09 2.70674e-09 1.30704e-09 6.25178e-10 2.96406e-10 1.39379e-10 6.50387e-11 3.01312e-11 1.38651e-11 6.33962e-12 2.88133e-12 1.30213e-12 5.85302e-13 2.61752e-13 1.16491e-13 5.16053e-14 2.27607e-14 9.9967e-15 4.37308e-15 1.9057e-15 8.27427e-16 3.57995e-16 1.54369e-16 6.63494e-17 2.8429e-17 1.21447e-17 5.17318e-18 2.19747e-18 9.30944e-19 3.93371e-19 1.65804e-19 6.97174e-20 2.92465e-20 1.22413e-20 5.11244e-21 2.13065e-21 8.86142e-22 3.67816e-22 1.52377e-22 6.30079e-23 2.60063e-23 1.07151e-23 4.40722e-24 1.80971e-24 7.41898e-25 3.03664e-25 1.241e-25 5.06407e-26 2.06344e-26 8.39583e-27 3.41139e-27 1.38424e-27 5.60938e-28 2.27016e-28 9.17596e-29 3.70434e-29 1.49365e-29 6.01552e-30 2.41991e-30 9.72381e-31 3.90298e-31 1.56491e-31 6.26792e-32 2.50791e-32 1.00244e-32 4.00295e-33 1.59691e-33 6.36454e-34 2.53426e-34 1.00818e-34 4.00718e-35 1.59133e-35 6.31402e-36 2.50315e-36 9.91538e-37 3.92445e-37 1.55204e-37 6.1332e-38 2.4218e-38 9.55567e-39 3.76758e-39 1.48439e-39 5.84419e-40
5.10323e-06 8.8762e-06 1.01605e-05 9.44293e-06 7.69681e-06 5.71951e-06 3.96409e-06 2.60059e-06 1.63146e-06 9.86005e-07 5.77302e-07 3.28874e-07 1.82917e-07 9.96064e-08 5.3226e-08 2.79638e-08 1.44679e-08 7.38168e-09 3.71843e-09 1.85127e-09 9.11752e-10 4.4456e-10 2.14751e-10 1.02841e-10 4.88508e-11 2.30286e-11 1.07784e-11 5.01092e-12 2.31482e-12 1.06293e-12 4.85307e-13 2.20385e-13 9.95673e-14 4.47639e-14 2.00316e-14 8.92423e-15 3.95896e-15 1.74915e-15 7.69806e-16 3.37532e-16 1.47467e-16 6.42063e-17 2.78629e-17 1.20529e-17 5.19787e-18 2.235e-18 9.58276e-19 4.09742e-19 1.74733e-19 7.43233e-20 3.15353e-20 1.33482e-20 5.63689e-21 2.37507e-21 9.98536e-22 4.18919e-22 1.75389e-22 7.32836e-23 3.0561e-23 1.27207e-23 5.28513e-24 2.19193e-24 9.07494e-25 3.75082e-25 1.54773e-25 6.37626e-26 2.62276e-26 1.07718e-26 4.4175e-27 1.80897e-27 7.39732e-28 3.02076e-28 1.23189e-28 5.01714e-29 2.04071e-29 8.29007e-30 3.36358e-30 1.36309e-30 5.51738e-31 2.23071e-31 9.0087e-32 3.63415e-32 1.46445e-32 5.89503e-33 2.37054e-33 9.52287e-34 3.82169e-34 1.53221e-34 6.13716e-35 2.45588e-35 9.81856e-36 3.9219e-36 1.56516e-36 6.24086e-37 2.48633e-37 9.89712e-38 3.93642e-38 1.56438e-38 6.2121e-39 2.46488e-39 9.7728e-40
1.849e-06 3.44748e-06 4.1678e-06 4.05844e-06 3.44783e-06 2.6602e-06 1.90869e-06 1.29321e-06 8.36224e-07 5.20054e-07 3.12876e-07 1.82917e-07 1.04292e-07 5.81603e-08 3.17993e-08 1.70802e-08 9.02785e-09 4.70241e-09 2.4168e-09 1.22692e-09 6.15822e-10 3.0586e-10 1.50431e-10 7.33142e-11 3.54266e-11 1.69822e-11 8.07963e-12 3.81688e-12 1.7911e-12 8.35181e-13 3.87112e-13 1.78411e-13 8.17814e-14 3.7295e-14 1.69244e-14 7.64437e-15 3.43735e-15 1.53901e-15 6.86244e-16 3.04793e-16 1.34862e-16 5.94559e-17 2.61207e-17 1.14371e-17 4.99158e-18 2.17173e-18 9.42032e-19 4.07439e-19 1.75727e-19 7.55852e-20 3.2426e-20 1.38754e-20 5.9228e-21 2.52216e-21 1.07155e-21 4.54232e-22 1.92131e-22 8.10953e-23 3.41588e-23 1.43595e-23 6.02469e-24 2.52294e-24 1.05458e-24 4.40024e-25 1.83279e-25 7.62101e-26 3.16367e-26 1.3112e-26 5.42575e-27 2.24173e-27 9.24815e-28 3.80969e-28 1.56712e-28 6.43734e-29 2.64069e-29 1.0818e-29 4.42599e-30 1.80849e-30 7.38042e-31 3.00824e-31 1.22469e-31 4.97997e-32 2.02269e-32 8.20624e-33 3.32567e-33 1.34631e-33 5.44442e-34 2.19941e-34 8.87602e-35 3.57846e-35 1.44128e-35 5.79942e-36 2.33136e-36 9.36337e-37 3.75716e-37 1.50626e-37 6.03335e-38 2.41459e-38 9.65517e-39 3.85759e-39 1.53998e-39
6.69927e-07 1.33295e-06 1.69682e-06 1.72715e-06 1.52629e-06 1.22061e-06 9.05244e-07 6.32548e-07 4.21053e-07 2.69133e-07 1.66191e-07 9.96064e-08 5.81603e-08 3.31844e-08 1.85478e-08 1.01765e-08 5.49059e-09 2.91745e-09 1.52868e-09 7.90755e-10 4.04214e-10 2.04362e-10 1.02269e-10 5.06923e-11 2.49034e-11 1.21322e-11 5.86401e-12 2.81338e-12 1.34035e-12 6.34345e-13 2.98335e-13 1.39474e-13 6.48361e-14 2.99775e-14 1.37891e-14 6.31162e-15 2.87544e-15 1.30411e-15 5.88911e-16 2.64844e-16 1.18634e-16 5.2938e-17 2.35361e-17 1.04272e-17 4.60384e-18 2.02605e-18 8.88798e-19 3.88713e-19 1.69501e-19 7.37009e-20 3.19576e-20 1.38201e-20 5.96108e-21 2.56476e-21 1.1008e-21 4.71352e-22 2.01365e-22 8.58331e-23 3.65077e-23 1.54953e-23 6.56333e-24 2.77449e-24 1.17058e-24 4.92943e-25 2.07202e-25 8.69383e-26 3.64141e-26 1.5226e-26 6.35596e-27 2.64893e-27 1.10223e-27 4.57931e-28 1.89964e-28 7.86869e-29 3.25466e-29 1.3443e-29 5.54478e-30 2.28395e-30 9.39542e-31 3.85997e-31 1.5838e-31 6.49051e-32 2.65662e-32 1.08608e-32 4.43497e-33 1.80893e-33 7.36997e-34 2.99939e-34 1.21936e-34 4.95189e-35 2.00891e-35 8.14157e-36 3.29626e-36 1.33324e-36 5.38739e-37 2.17489e-37 8.77186e-38 3.53468e-38 1.42305e-38 5.72409e-39 2.30047e-39
2.42727e-07 5.13338e-07 6.86257e-07 7.28633e-07 6.68608e-07 5.53362e-07 4.23607e-07 3.04887e-07 2.08674e-07 1.36942e-07 8.67071e-08 5.3226e-08 3.17993e-08 1.85478e-08 1.05892e-08 5.93022e-09 3.26362e-09 1.76777e-09 9.43702e-10 4.97084e-10 2.58617e-10 1.33016e-10 6.76898e-11 3.41052e-11 1.70245e-11 8.42434e-12 4.13456e-12 2.01354e-12 9.73453e-13 4.67375e-13 2.22929e-13 1.05673e-13 4.97951e-14 2.33325e-14 1.08742e-14 5.04201e-15 2.32635e-15 1.06833e-15 4.88402e-16 2.22317e-16 1.00778e-16 4.55012e-17 2.04651e-17 9.17067e-18 4.09488e-18 1.82217e-18 8.08159e-19 3.57285e-19 1.57466e-19 6.9193e-20 3.03165e-20 1.32458e-20 5.77159e-21 2.50825e-21 1.08727e-21 4.70137e-22 2.028e-22 8.7276e-23 3.74745e-23 1.60552e-23 6.8638e-24 2.92822e-24 1.24669e-24 5.29727e-25 2.2465e-25 9.50918e-26 4.01774e-26 1.69451e-26 7.1342e-27 2.99851e-27 1.25818e-27 5.27078e-28 2.20453e-28 9.20625e-29 3.83875e-29 1.59828e-29 6.64484e-30 2.75867e-30 1.1437e-30 4.73513e-31 1.95782e-31 8.08441e-32 3.33402e-32 1.37323e-32 5.6492e-33 2.32117e-33 9.52612e-34 3.90501e-34 1.59895e-34 6.5398e-35 2.6719e-35 1.09046e-35 4.44573e-36 1.81062e-36 7.36665e-37 2.9942e-37 1.21581e-37 4.93213e-38 1.99891e-38 8.09369e-39 3.27419e-39
8.79446e-08 1.97001e-07 2.75916e-07 3.05005e-07 2.90155e-07 2.48176e-07 1.95855e-07 1.45033e-07 1.01959e-07 6.86294e-08 4.45154e-08 2.79638e-08 1.70802e-08 1.01765e-08 5.93022e-09 3.38744e-09 1.90029e-09 1.0486e-09 5.69964e-10 3.0553e-10 1.61692e-10 8.45583e-11 4.37337e-11 2.23867e-11 1.13491e-11 5.70158e-12 2.84001e-12 1.40329e-12 6.8814e-13 3.35027e-13 1.62001e-13 7.78296e-14 3.71616e-14 1.76398e-14 8.32646e-15 3.90935e-15 1.82611e-15 8.48832e-16 3.92715e-16 1.80875e-16 8.29468e-17 3.78804e-17 1.72303e-17 7.80722e-18 3.52442e-18 1.58534e-18 7.10652e-19 3.17497e-19 1.41391e-19 6.27692e-20 2.77817e-20 1.22603e-20 5.39522e-21 2.36769e-21 1.03629e-21 4.52389e-22 1.96994e-22 8.5572e-23 3.70834e-23 1.60334e-23 6.91663e-24 2.97724e-24 1.27882e-24 5.48157e-25 2.34489e-25 1.00112e-25 4.26592e-26 1.81437e-26 7.70277e-27 3.26432e-27 1.38096e-27 5.83216e-28 2.45898e-28 1.03509e-28 4.35017e-29 1.82541e-29 7.64815e-30 3.19967e-30 1.33666e-30 5.57595e-31 2.32279e-31 9.6629e-32 4.01443e-32 1.6656e-32 6.90171e-33 2.85625e-33 1.18059e-33 4.87389e-34 2.00972e-34 8.27728e-35 3.4052e-35 1.3993e-35 5.74377e-36 2.35513e-36 9.64648e-37 3.94702e-37 1.61333e-37 6.5878e-38 2.68736e-38 1.09519e-38 4.45897e-39
3.1864e-08 7.53661e-08 1.1035e-07 1.26784e-07 1.24859e-07 1.10228e-07 8.95768e-08 6.81757e-08 4.9182e-08 3.39251e-08 2.25239e-08 1.44679e-08 9.02785e-09 5.49059e-09 3.26362e-09 1.90029e-09 1.08597e-09 6.10127e-10 3.37474e-10 1.84002e-10 9.90006e-11 5.26145e-11 2.76436e-11 1.43694e-11 7.39486e-12 3.76998e-12 1.90505e-12 9.54665e-13 4.7465e-13 2.34237e-13 1.14779e-13 5.58669e-14 2.70189e-14 1.29878e-14 6.20697e-15 2.94993e-15 1.39456e-15 6.55927e-16 3.07012e-16 1.43029e-16 6.63347e-17 3.06324e-17 1.40869e-17 6.45225e-18 2.94395e-18 1.33823e-18 6.06139e-19 2.73592e-19 1.23077e-19 5.51875e-20 2.46682e-20 1.09929e-20 4.88434e-21 2.164e-21 9.56094e-22 4.21284e-22 1.85145e-22 8.11603e-23 3.54897e-23 1.54816e-23 6.73773e-24 2.92565e-24 1.26756e-24 5.47993e-25 2.36411e-25 1.01781e-25 4.37321e-26 1.87535e-26 8.02673e-27 3.42915e-27 1.46232e-27 6.22488e-28 2.64523e-28 1.12218e-28 4.75267e-29 2.0096e-29 8.48386e-30 3.57604e-30 1.50505e-30 6.32492e-31 2.65415e-31 1.11218e-31 4.65392e-32 1.94476e-32 8.11581e-33 3.3824e-33 1.40785e-33 5.85246e-34 2.42986e-34 1.00761e-34 4.17336e-35 1.72651e-35 7.13428e-36 2.94469e-36 1.21408e-36 5.0001e-37 2.05705e-37 8.4538e-38 3.47064e-38 1.42339e-38 5.8318e-39
1.15449e-08 2.87518e-08 4.39238e-08 5.23697e-08 5.33202e-08 4.85288e-08 4.05676e-08 3.17034e-08 2.34487e-08 1.65619e-08 1.12467e-08 7.38168e-09 4.70241e-09 2.91745e-09 1.76777e-09 1.0486e-09 6.10127e-10 3.48815e-10 1.96234e-10 1.08771e-10 5.94704e-11 3.21044e-11 1.71273e-11 9.03672e-12 4.71887e-12 2.44031e-12 1.25049e-12 6.35291e-13 3.20129e-13 1.60076e-13 7.94598e-14 3.91697e-14 1.91814e-14 9.33407e-15 4.51491e-15 2.17136e-15 1.03855e-15 4.9412e-16 2.33909e-16 1.10194e-16 5.16706e-17 2.41205e-17 1.12114e-17 5.18953e-18 2.39254e-18 1.09879e-18 5.02748e-19 2.29204e-19 1.04131e-19 4.71496e-20 2.12793e-20 9.57337e-21 4.2938e-21 1.92012e-21 8.5618e-22 3.80703e-22 1.68821e-22 7.46655e-23 3.29381e-23 1.44941e-23 6.36254e-24 2.78639e-24 1.21745e-24 5.30747e-25 2.30873e-25 1.00215e-25 4.34097e-26 1.87655e-26 8.09605e-27 3.48615e-27 1.4983e-27 6.42759e-28 2.75242e-28 1.17656e-28 5.02073e-29 2.13888e-29 9.09679e-30 3.86268e-30 1.63758e-30 6.93178e-31 2.92973e-31 1.23642e-31 5.21041e-32 2.1926e-32 9.21378e-33 3.86653e-33 1.6204e-33 6.78185e-34 2.83474e-34 1.18338e-34 4.93398e-35 2.05465e-35 8.54587e-36 3.55028e-36 1.47321e-36 6.10623e-37 2.52811e-37 1.04554e-37 4.31932e-38 1.7825e-38 7.34834e-39
4.18294e-09 1.09409e-08 1.74082e-08 2.1508e-08 2.26121e-08 2.11945e-08 1.8208e-08 1.45983e-08 1.10612e-08 7.99371e-09 5.54819e-09 3.71843e-09 2.4168e-09 1.52868e-09 9.43702e-10 5.69964e-10 3.37474e-10 1.96234e-10 1.12229e-10 6.32123e-11 3.51048e-11 1.92415e-11 1.04187e-11 5.57752e-12 2.95415e-12 1.54908e-12 8.04668e-13 4.14283e-13 2.11508e-13 1.07127e-13 5.38503e-14 2.68758e-14 1.3322e-14 6.56066e-15 3.21092e-15 1.56218e-15 7.55732e-16 3.63614e-16 1.7404e-16 8.28859e-17 3.92846e-17 1.85334e-17 8.70469e-18 4.07087e-18 1.89594e-18 8.79481e-19 4.06401e-19 1.87096e-19 8.58243e-20 3.92321e-20 1.78734e-20 8.11618e-21 3.67384e-21 1.65788e-21 7.45916e-22 3.34633e-22 1.49701e-22 6.67874e-23 2.97173e-23 1.31886e-23 5.83843e-24 2.57827e-24 1.13586e-24 4.99241e-25 2.18933e-25 9.57968e-26 4.18268e-26 1.8224e-26 7.92395e-27 3.43849e-27 1.48916e-27 6.43704e-28 2.77726e-28 1.19606e-28 5.14177e-29 2.20654e-29 9.45295e-30 4.04292e-30 1.72628e-30 7.35914e-31 3.13228e-31 1.33114e-31 5.6485e-32 2.3933e-32 1.01259e-32 4.27807e-33 1.80492e-33 7.60452e-34 3.19965e-34 1.3445e-34 5.6423e-35 2.36483e-35 9.89921e-36 4.13875e-36 1.72828e-36 7.20853e-37 3.00313e-37 1.2497e-37 5.19454e-38 2.1568e-38 8.94544e-39
1.51556e-09 4.15383e-09 6.8723e-09 8.78701e-09 9.52855e-09 9.18873e-09 8.10535e-09 6.66156e-09 5.16703e-09 3.81802e-09 2.70674e-09 1.85127e-09 1.22692e-09 7.90755e-10 4.97084e-10 3.0553e-10 1.84002e-10 1.08771e-10 6.32123e-11 3.61634e-11 2.03907e-11 1.13433e-11 6.23159e-12 3.3835e-12 1.81704e-12 9.65788e-13 5.08375e-13 2.6516e-13 1.37111e-13 7.03194e-14 3.57848e-14 1.80764e-14 9.06706e-15 4.51761e-15 2.23651e-15 1.10046e-15 5.38312e-16 2.61853e-16 1.26691e-16 6.09803e-17 2.92064e-17 1.39217e-17 6.60561e-18 3.12039e-18 1.46775e-18 6.87548e-19 3.20794e-19 1.49101e-19 6.90427e-20 3.18561e-20 1.46471e-20 6.71192e-21 3.06562e-21 1.39576e-21 6.33527e-22 2.86694e-22 1.29363e-22 5.82069e-23 2.61183e-23 1.16883e-23 5.21713e-24 2.32279e-24 1.03161e-24 4.57065e-25 2.02032e-25 8.90987e-26 3.9206e-26 1.72143e-26 7.54226e-27 3.29772e-27 1.43895e-27 6.26636e-28 2.72361e-28 1.18155e-28 5.1163e-29 2.21143e-29 9.54157e-30 4.10973e-30 1.76713e-30 7.58581e-31 3.25108e-31 1.3911e-31 5.94308e-32 2.53512e-32 1.07977e-32 4.59223e-33 1.95024e-33 8.27059e-34 3.50251e-34 1.48125e-34 6.25599e-35 2.6387e-35 1.11154e-35 4.67632e-36 1.96491e-36 8.24612e-37 3.45646e-37 1.44711e-37 6.05149e-38 2.52771e-38 1.05464e-38
5.49116e-10 1.57375e-09 2.70327e-09 3.57268e-09 3.99185e-09 3.95689e-09 3.58089e-09 3.01463e-09 2.39202e-09 1.80607e-09 1.30704e-09 9.11752e-10 6.15822e-10 4.04214e-10 2.58617e-10 1.61692e-10 9.90006e-11 5.94704e-11 3.51048e-11 2.03907e-11 1.16687e-11 6.58576e-12 3.66936e-12 2.01997e-12 1.09951e-12 5.9218e-13 3.15772e-13 1.66804e-13 8.73318e-14 4.53396e-14 2.33511e-14 1.19354e-14 6.05648e-15 3.05216e-15 1.52804e-15 7.60195e-16 3.75923e-16 1.84827e-16 9.03708e-17 4.39522e-17 2.12674e-17 1.02403e-17 4.90745e-18 2.34109e-18 1.11191e-18 5.25872e-19 2.4769e-19 1.16202e-19 5.43072e-20 2.52865e-20 1.17317e-20 5.42399e-21 2.49927e-21 1.14785e-21 5.25503e-22 2.39843e-22 1.09138e-22 4.95174e-23 2.24031e-23 1.01079e-23 4.54831e-24 2.04128e-24 9.13795e-25 4.08053e-25 1.81775e-25 8.07843e-26 3.58195e-26 1.58466e-26 6.99519e-27 3.08129e-27 1.35443e-27 5.94145e-28 2.60112e-28 1.13652e-28 4.95639e-29 2.15745e-29 9.37391e-30 4.06557e-30 1.7602e-30 7.6077e-31 3.28258e-31 1.41403e-31 6.08138e-32 2.6113e-32 1.11953e-32 4.79239e-33 2.04842e-33 8.74278e-34 3.7261e-34 1.58579e-34 6.73961e-35 2.86043e-35 1.2124e-35 5.13207e-36 2.16959e-36 9.16031e-37 3.8628e-37 1.6269e-37 6.84381e-38 2.87554e-38 1.2068e-38
1.98955e-10 5.95105e-10 1.05985e-09 1.44619e-09 1.66335e-09 1.69334e-09 1.57098e-09 1.35379e-09 1.09816e-09 8.46737e-10 6.25178e-10 4.4456e-10 3.0586e-10 2.04362e-10 1.33016e-10 8.45583e-11 5.26145e-11 3.21044e-11 1.92415e-11 1.13433e-11 6.58576e-12 3.76973e-12 2.12948e-12 1.18816e-12 6.55313e-13 3.57521e-13 1.93067e-13 1.03257e-13 5.47225e-14 2.87509e-14 1.4982e-14 7.74638e-15 3.97556e-15 2.02591e-15 1.02542e-15 5.15676e-16 2.57728e-16 1.28047e-16 6.32568e-17 3.10793e-17 1.51899e-17 7.38656e-18 3.57452e-18 1.72169e-18 8.25525e-19 3.94102e-19 1.87351e-19 8.87019e-20 4.18309e-20 1.96519e-20 9.19827e-21 4.28995e-21 1.99384e-21 9.23557e-22 4.264e-22 1.96242e-22 9.00377e-23 4.11864e-23 1.87852e-23 8.54369e-24 3.87501e-24 1.7528e-24 7.90773e-25 3.55845e-25 1.5973e-25 7.15251e-26 3.19521e-26 1.42408e-26 6.33267e-27 2.80984e-27 1.24405e-27 5.49642e-28 2.42341e-28 1.06635e-28 4.68288e-29 2.05253e-29 8.97939e-30 3.92104e-30 1.70911e-30 7.4365e-31 3.23008e-31 1.40061e-31 6.06317e-32 2.62042e-32 1.13069e-32 4.8712e-33 2.09535e-33 8.99955e-34 3.85957e-34 1.65282e-34 7.06785e-35 3.01815e-35 1.28704e-35 5.48096e-36 2.331e-36 9.9005e-37 4.19966e-37 1.77919e-37 7.52815e-38 3.18144e-38 1.34288e-38
7.20851e-11 2.24642e-10 4.14264e-10 5.83017e-10 6.89644e-10 7.20488e-10 6.84753e-10 6.03625e-10 5.00273e-10 3.93695e-10 2.96406e-10 2.14751e-10 1.50431e-10 1.02269e-10 6.76898e-11 4.37337e-11 2.76436e-11 1.71273e-11 1.04187e-11 6.23159e-12 3.66936e-12 2.12948e-12 1.21921e-12 6.89273e-13 3.85083e-13 2.12756e-13 1.1632e-13 6.29687e-14 3.377e-14 1.79508e-14 9.46194e-15 4.94766e-15 2.56749e-15 1.3227e-15 6.76705e-16 3.43919e-16 1.73682e-16 8.71784e-17 4.35038e-17 2.15879e-17 1.0655e-17 5.2317e-18 2.55601e-18 1.24277e-18 6.01458e-19 2.89782e-19 1.39013e-19 6.64086e-20 3.1596e-20 1.4974e-20 7.06961e-21 3.32548e-21 1.5587e-21 7.28061e-22 3.38932e-22 1.57268e-22 7.27425e-23 3.35427e-23 1.54207e-23 7.06874e-24 3.23106e-24 1.47281e-24 6.6954e-25 3.03574e-25 1.3729e-25 6.19339e-26 2.78713e-26 1.25127e-26 5.60449e-27 2.50457e-27 1.11678e-27 4.96888e-28 2.20612e-28 9.77459e-29 4.32202e-29 1.90727e-29 8.4003e-30 3.69276e-30 1.62031e-30 7.09661e-31 3.10262e-31 1.35408e-31 5.8995e-32 2.56599e-32 1.11423e-32 4.83052e-33 2.09085e-33 9.03594e-34 3.89906e-34 1.67994e-34 7.22747e-35 3.10492e-35 1.33197e-35 5.70603e-36 2.44105e-36 1.04288e-36 4.44951e-37 1.89594e-37 8.0683e-38 3.42918e-38 1.45566e-38
2.61178e-11 8.46614e-11 1.61469e-10 2.34148e-10 2.84615e-10 3.04914e-10 2.96672e-10 2.67361e-10 2.26266e-10 1.8164e-10 1.39379e-10 1.02841e-10 7.33142e-11 5.06923e-11 3.41052e-11 2.23867e-11 1.43694e-11 9.03672e-12 5.57752e-12 3.3835e-12 2.01997e-12 1.18816e-12 6.89273e-13 3.9472e-13 2.23316e-13 1.24911e-13 6.91227e-14 3.78652e-14 2.05446e-14 1.10461e-14 5.88814e-15 3.11306e-15 1.63307e-15 8.50336e-16 4.39631e-16 2.25753e-16 1.15174e-16 5.83934e-17 2.9429e-17 1.47466e-17 7.34866e-18 3.64264e-18 1.79639e-18 8.81535e-19 4.30539e-19 2.09309e-19 1.01306e-19 4.88223e-20 2.34313e-20 1.12003e-20 5.33298e-21 2.52971e-21 1.19559e-21 5.63052e-22 2.64251e-22 1.23604e-22 5.76277e-23 2.67828e-23 1.24092e-23 5.73228e-24 2.64025e-24 1.21263e-24 5.55404e-25 2.53698e-25 1.1558e-25 5.25206e-26 2.38062e-26 1.07644e-26 4.85566e-27 2.18522e-27 9.81187e-28 4.39582e-28 1.96509e-28 8.76592e-29 3.90219e-29 1.73353e-29 7.6858e-30 3.40092e-30 1.50201e-30 6.62114e-31 2.91337e-31 1.2796e-31 5.61034e-32 2.45556e-32 1.07294e-32 4.6803e-33 2.03828e-33 8.86254e-34 3.84741e-34 1.66766e-34 7.2175e-35 3.11903e-35 1.34591e-35 5.79948e-36 2.49544e-36 1.07227e-36 4.60114e-37 1.97172e-37 8.43823e-38 3.60657e-38 1.53951e-38
9.46297e-12 3.1859e-11 6.27725e-11 9.37067e-11 1.16955e-10 1.28398e-10 1.27813e-10 1.17689e-10 1.0165e-10 8.32009e-11 6.50387e-11 4.88508e-11 3.54266e-11 2.49034e-11 1.70245e-11 1.13491e-11 7.39486e-12 4.71887e-12 2.95415e-12 1.81704e-12 1.09951e-12 6.55313e-13 3.85083e-13 2.23316e-13 1.27909e-13 7.24145e-14 4.05494e-14 2.24721e-14 1.23324e-14 6.70532e-15 3.61378e-15 1.93136e-15 1.02399e-15 5.38791e-16 2.81441e-16 1.45993e-16 7.52293e-17 3.85184e-17 1.96015e-17 9.91647e-18 4.98847e-18 2.49582e-18 1.24218e-18 6.15118e-19 3.0312e-19 1.48672e-19 7.2588e-20 3.52851e-20 1.70793e-20 8.23304e-21 3.95291e-21 1.89057e-21 9.00823e-22 4.27666e-22 2.02318e-22 9.53834e-23 4.48189e-23 2.09913e-23 9.80048e-24 4.56163e-24 2.11687e-24 9.79492e-25 4.51934e-25 2.07944e-25 9.54212e-26 4.36717e-26 1.9936e-26 9.07791e-27 4.12354e-27 1.86859e-27 8.44775e-28 3.81044e-28 1.7149e-28 7.70108e-29 3.45093e-29 1.54316e-29 6.88642e-30 3.06694e-30 1.36321e-30 6.04764e-31 2.67786e-31 1.18355e-31 5.22153e-32 2.29952e-32 1.01093e-32 4.43668e-33 1.94388e-33 8.50282e-34 3.71326e-34 1.61904e-34 7.0483e-35 3.0637e-35 1.3297e-35 5.76263e-36 2.49377e-36 1.07764e-36 4.65028e-37 2.00395e-37 8.62394e-38 3.70634e-38 1.5908e-38
3.42861e-12 1.19723e-11 2.43442e-11 3.73787e-11 4.7867e-11 5.38153e-11 5.47755e-11 5.15057e-11 4.53795e-11 3.78534e-11 3.01312e-11 2.30286e-11 1.69822e-11 1.21322e-11 8.42434e-12 5.70158e-12 3.76998e-12 2.44031e-12 1.54908e-12 9.65788e-13 5.9218e-13 3.57521e-13 2.12756e-13 1.24911e-13 7.24145e-14 4.14845e-14 2.35006e-14 1.31728e-14 7.31026e-15 4.01852e-15 2.18921e-15 1.18247e-15 6.33501e-16 3.36764e-16 1.77695e-16 9.30972e-17 4.84443e-17 2.50446e-17 1.28667e-17 6.57062e-18 3.33607e-18 1.6844e-18 8.45916e-19 4.22633e-19 2.10104e-19 1.03947e-19 5.11884e-20 2.50943e-20 1.22486e-20 5.95347e-21 2.88189e-21 1.38952e-21 6.674e-22 3.19365e-22 1.52271e-22 7.2347e-23 3.42562e-23 1.61664e-23 7.60475e-24 3.56606e-24 1.6671e-24 7.77032e-25 3.61121e-25 1.67353e-25 7.73418e-26 3.5647e-26 1.63865e-26 7.51337e-27 3.43631e-27 1.56777e-27 7.13565e-28 3.24015e-28 1.46792e-28 6.63538e-29 2.99279e-29 1.34696e-29 6.0495e-30 2.71139e-30 1.2128e-30 5.4141e-31 2.41226e-31 1.07275e-31 4.76175e-32 2.1098e-32 9.33127e-33 4.11981e-33 1.81579e-33 7.98954e-34 3.50959e-34 1.53916e-34 6.73934e-35 2.94624e-35 1.28603e-35 5.60496e-36 2.4392e-36 1.05996e-36 4.59941e-37 1.99297e-37 8.62377e-38 3.72647e-38 1.6081e-38
1.24225e-12 4.49331e-12 9.41971e-12 1.48643e-11 1.95172e-11 2.24571e-11 2.33591e-11 2.24187e-11 2.01392e-11 1.71129e-11 1.38651e-11 1.07784e-11 8.07963e-12 5.86401e-12 4.13456e-12 2.84001e-12 1.90505e-12 1.25049e-12 8.04668e-13 5.08375e-13 3.15772e-13 1.93067e-13 1.1632e-13 6.91227e-14 4.05494e-14 2.35006e-14 1.34651e-14 7.63229e-15 4.28217e-15 2.37941e-15 1.31003e-15 7.14984e-16 3.86985e-16 2.07798e-16 1.10737e-16 5.85856e-17 3.07801e-17 1.60641e-17 8.33036e-18 4.29342e-18 2.19976e-18 1.12067e-18 5.67811e-19 2.86177e-19 1.435e-19 7.16028e-20 3.55585e-20 1.75776e-20 8.65054e-21 4.23892e-21 2.06849e-21 1.00529e-21 4.86662e-22 2.34697e-22 1.12766e-22 5.3987e-23 2.57562e-23 1.22461e-23 5.80334e-24 2.74132e-24 1.29086e-24 6.06001e-25 2.83645e-25 1.32378e-25 6.16066e-26 2.85917e-26 1.32337e-26 6.10915e-27 2.81296e-27 1.29198e-27 5.91945e-28 2.70561e-28 1.23376e-28 5.61304e-29 2.54795e-29 1.15406e-29 5.21594e-30 2.35245e-30 1.0588e-30 4.75583e-31 2.13196e-31 9.5387e-32 4.25963e-32 1.89864e-32 8.44731e-33 3.75157e-33 1.66319e-33 7.36071e-34 3.25206e-34 1.43441e-34 6.3165e-35 2.77703e-35 1.21898e-35 5.34245e-36 2.33787e-36 1.02152e-36 4.45692e-37 1.94174e-37 8.44751e-38 3.66992e-38 1.59215e-38
4.50091e-13 1.68435e-12 3.63715e-12 5.8941e-12 7.92987e-12 9.33286e-12 9.91541e-12 9.70826e-12 8.88812e-12 7.69031e-12 6.33962e-12 5.01092e-12 3.81688e-12 2.81338e-12 2.01354e-12 1.40329e-12 9.54665e-13 6.35291e-13 4.14283e-13 2.6516e-13 1.66804e-13 1.03257e-13 6.29687e-14 3.78652e-14 2.24721e-14 1.31728e-14 7.63229e-15 4.37374e-15 2.48044e-15 1.3929e-15 7.74885e-16 4.27251e-16 2.33583e-16 1.26671e-16 6.81637e-17 3.64093e-17 1.93104e-17 1.01722e-17 5.32363e-18 2.7687e-18 1.43128e-18 7.35621e-19 3.75971e-19 1.91123e-19 9.66521e-20 4.86326e-20 2.4352e-20 1.21367e-20 6.02137e-21 2.97425e-21 1.46288e-21 7.16543e-22 3.4957e-22 1.69877e-22 8.22422e-23 3.96697e-23 1.90665e-23 9.13221e-24 4.35926e-24 2.07406e-24 9.83642e-25 4.65048e-25 2.19199e-25 1.03012e-25 4.82708e-26 2.25556e-26 1.05106e-26 4.88461e-27 2.26408e-27 1.04674e-27 4.82721e-28 2.22069e-28 1.01915e-28 4.66625e-29 2.13157e-29 9.71531e-30 4.41831e-30 2.00503e-30 9.07962e-31 4.10314e-31 1.85048e-31 8.32893e-32 3.74152e-32 1.67755e-32 7.50742e-33 3.35356e-33 1.49533e-33 6.6558e-34 2.95738e-34 1.31182e-34 5.80911e-35 2.56821e-35 1.13357e-35 4.99549e-36 2.19799e-36 9.65625e-37 4.23578e-37 1.8553e-37 8.11447e-38 3.54391e-38 1.54558e-38
1.63076e-13 6.30687e-13 1.4016e-12 2.33087e-12 3.21125e-12 3.86364e-12 4.19054e-12 4.18388e-12 3.90211e-12 3.4365e-12 2.88133e-12 2.31482e-12 1.7911e-12 1.34035e-12 9.73453e-13 6.8814e-13 4.7465e-13 3.20129e-13 2.11508e-13 1.37111e-13 8.73318e-14 5.47225e-14 3.377e-14 2.05446e-14 1.23324e-14 7.31026e-15 4.28217e-15 2.48044e-15 1.42163e-15 8.0664e-16 4.5334e-16 2.52478e-16 1.394e-16 7.63334e-17 4.14706e-17 2.23608e-17 1.197e-17 6.36343e-18 3.36045e-18 1.76331e-18 9.19577e-19 4.76735e-19 2.45748e-19 1.25983e-19 6.4244e-20 3.25931e-20 1.64538e-20 8.2666e-21 4.13403e-21 2.05811e-21 1.02018e-21 5.03557e-22 2.4754e-22 1.21203e-22 5.91165e-23 2.87259e-23 1.39077e-23 6.70963e-24 3.22584e-24 1.54571e-24 7.38231e-25 3.51457e-25 1.66803e-25 7.89259e-26 3.72351e-26 1.75159e-26 8.21656e-27 3.84375e-27 1.7933e-27 8.34473e-28 3.8731e-28 1.79315e-28 8.28148e-29 3.81556e-29 1.75384e-29 8.04311e-30 3.68028e-30 1.68028e-30 7.65498e-31 3.48008e-31 1.57882e-31 7.14819e-32 3.22994e-32 1.45661e-32 6.55631e-33 2.9455e-33 1.32086e-33 5.91249e-34 2.64186e-34 1.1784e-34 5.24721e-35 2.33256e-35 1.03519e-35 4.58669e-36 2.02901e-36 8.96164e-37 3.95202e-37 1.74017e-37 7.65093e-38 3.35891e-38 1.4725e-38
5.90856e-14 2.35906e-13 5.39112e-13 9.19425e-13 1.29635e-12 1.59366e-12 1.76376e-12 1.7949e-12 1.70466e-12 1.52747e-12 1.30213e-12 1.06293e-12 8.35181e-13 6.34345e-13 4.67375e-13 3.35027e-13 2.34237e-13 1.60076e-13 1.07127e-13 7.03194e-14 4.53396e-14 2.87509e-14 1.79508e-14 1.10461e-14 6.70532e-15 4.01852e-15 2.37941e-15 1.3929e-15 8.0664e-16 4.62377e-16 2.62476e-16 1.47627e-16 8.23026e-17 4.54997e-17 2.49525e-17 1.35794e-17 7.33581e-18 3.93504e-18 2.09656e-18 1.10978e-18 5.83771e-19 3.05232e-19 1.5867e-19 8.20209e-20 4.21702e-20 2.15684e-20 1.09758e-20 5.55819e-21 2.80141e-21 1.40551e-21 7.0204e-22 3.49158e-22 1.7293e-22 8.53017e-23 4.19118e-23 2.05141e-23 1.00036e-23 4.86058e-24 2.35338e-24 1.13555e-24 5.46101e-25 2.61774e-25 1.25085e-25 5.95854e-26 2.82987e-26 1.34003e-26 6.32724e-27 2.97918e-27 1.39891e-27 6.55119e-28 3.05994e-28 1.42559e-28 6.62508e-29 3.07131e-29 1.42041e-29 6.55371e-30 3.01691e-30 1.38568e-30 6.35043e-31 2.90407e-31 1.32523e-31 6.03499e-32 2.74269e-32 1.24397e-32 5.63112e-33 2.54416e-33 1.1473e-33 5.16421e-34 2.32029e-34 1.04066e-34 4.65919e-35 2.08241e-35 9.29153e-36 4.13892e-36 1.84067e-36 8.17277e-37 3.62307e-37 1.60365e-37 7.08726e-38 3.12749e-38 1.37807e-38
2.14078e-14 8.81532e-14 2.07001e-13 3.61806e-13 5.21786e-13 6.55084e-13 7.39469e-13 7.66707e-13 7.41207e-13 6.75523e-13 5.85302e-13 4.85307e-13 3.87112e-13 2.98335e-13 2.22929e-13 1.62001e-13 1.14779e-13 7.94598e-14 5.38503e-14 3.57848e-14 2.33511e-14 1.4982e-14 9.46194e-15 5.88814e-15 3.61378e-15 2.18921e-15 1.31003e-15 7.74885e-16 4.5334e-16 2.62476e-16 1.50473e-16 8.54556e-17 4.8098e-17 2.68409e-17 1.48564e-17 8.15894e-18 4.44732e-18 2.4068e-18 1.29356e-18 6.90639e-19 3.66392e-19 1.93185e-19 1.01259e-19 5.27729e-20 2.73525e-20 1.41017e-20 7.23293e-21 3.69144e-21 1.87493e-21 9.4787e-22 4.77034e-22 2.39026e-22 1.1926e-22 5.92587e-23 2.93269e-23 1.44574e-23 7.10011e-24 3.47409e-24 1.69378e-24 8.22922e-25 3.98458e-25 1.92294e-25 9.2501e-26 4.43566e-26 2.12049e-26 1.01067e-26 4.80299e-27 2.276e-27 1.07552e-27 5.06851e-28 2.38222e-28 1.11674e-28 5.22168e-29 2.43549e-29 1.13318e-29 5.25986e-30 2.43574e-30 1.12536e-30 5.18773e-31 2.38619e-31 1.0952e-31 5.01609e-32 2.29263e-32 1.04573e-32 4.76033e-33 2.16274e-33 9.80696e-34 4.43859e-34 2.00517e-34 9.04202e-35 4.07009e-35 1.82885e-35 8.20359e-36 3.67361e-36 1.64232e-36 7.33009e-37 3.26634e-37 1.4532e-37 6.45522e-38 2.86307e-38 1.26793e-38
7.75646e-15 3.29106e-14 7.93505e-14 1.42054e-13 2.09436e-13 2.684e-13 3.08886e-13 3.26173e-13 3.20857e-13 2.97324e-13 2.61752e-13 2.20385e-13 1.78411e-13 1.39474e-13 1.05673e-13 7.78296e-14 5.58669e-14 3.91697e-14 2.68758e-14 1.80764e-14 1.19354e-14 7.74638e-15 4.94766e-15 3.11306e-15 1.93136e-15 1.18247e-15 7.14984e-16 4.27251e-16 2.52478e-16 1.47627e-16 8.54556e-17 4.89959e-17 2.78367e-17 1.56782e-17 8.75713e-18 4.85256e-18 2.66852e-18 1.45677e-18 7.89707e-19 4.25216e-19 2.27476e-19 1.20933e-19 6.39061e-20 3.3575e-20 1.7541e-20 9.11466e-21 4.71143e-21 2.42307e-21 1.24008e-21 6.31645e-22 3.20255e-22 1.61652e-22 8.12429e-23 4.06597e-23 2.0266e-23 1.00612e-23 4.97571e-24 2.45149e-24 1.20342e-24 5.88654e-25 2.86945e-25 1.39402e-25 6.75012e-26 3.25806e-26 1.56764e-26 7.51982e-27 3.59643e-27 1.71502e-27 8.15516e-28 3.86711e-28 1.82877e-28 8.62534e-29 4.05755e-29 1.90391e-29 8.91141e-30 4.1609e-30 1.93817e-30 9.00698e-31 4.17611e-31 1.93192e-31 8.91766e-32 4.10747e-32 1.8879e-32 8.6593e-33 3.96371e-33 1.81072e-33 8.25564e-34 3.75676e-34 1.70629e-34 7.73551e-35 3.50051e-35 1.58123e-35 7.13008e-36 3.20954e-36 1.44229e-36 6.47044e-37 2.89803e-37 1.29589e-37 5.78553e-38 2.57892e-38 1.1478e-38
2.81031e-15 1.22759e-14 3.03703e-14 5.56548e-14 8.38423e-14 1.0963e-13 1.28575e-13 1.38225e-13 1.3831e-13 1.3027e-13 1.16491e-13 9.95673e-14 8.17814e-14 6.48361e-14 4.97951e-14 3.71616e-14 2.70189e-14 1.91814e-14 1.3322e-14 9.06706e-15 6.05648e-15 3.97556e-15 2.56749e-15 1.63307e-15 1.02399e-15 6.33501e-16 3.86985e-16 2.33583e-16 1.394e-16 8.23026e-17 4.8098e-17 2.78367e-17 1.59619e-17 9.07209e-18 5.11281e-18 2.85824e-18 1.58552e-18 8.73005e-19 4.77268e-19 2.59136e-19 1.39775e-19 7.4915e-20 3.9907e-20 2.11332e-20 1.11276e-20 5.82707e-21 3.03518e-21 1.57283e-21 8.10982e-22 4.16144e-22 2.12541e-22 1.08061e-22 5.46995e-23 2.75701e-23 1.38385e-23 6.91808e-24 3.4449e-24 1.70886e-24 8.44546e-25 4.15879e-25 2.0407e-25 9.97924e-26 4.86363e-26 2.36268e-26 1.1441e-26 5.52296e-27 2.65803e-27 1.27544e-27 6.1024e-28 2.91146e-28 1.38522e-28 6.57276e-29 3.11048e-29 1.46819e-29 6.91248e-30 3.24644e-30 1.52098e-30 7.10894e-31 3.31492e-31 1.54222e-31 7.15891e-32 3.31583e-32 1.5325e-32 7.0679e-33 3.25296e-33 1.49411e-33 6.84887e-34 3.1333e-34 1.4307e-34 6.52039e-35 2.96613e-35 1.34684e-35 6.10463e-36 2.76209e-36 1.24756e-36 5.62533e-37 2.53224e-37 1.13801e-37 5.10601e-38 2.28731e-38 1.02303e-38
