0.372562 0.132114 0.046849 0.0166131 0.00589118 0.00208907 0.000740806 0.000262697 9.3155e-05 3.30337e-05 1.17141e-05 4.15393e-06 1.47302e-06 5.22349e-07 1.8523e-07 6.56844e-08 2.32923e-08 8.2597e-09 2.92897e-09 1.03864e-09 3.68313e-10 1.30607e-10 4.63147e-11 1.64236e-11 5.82399e-12 2.06524e-12 7.32356e-13 2.59701e-13 9.20924e-14 3.26569e-14 1.15805e-14 4.10654e-15 1.45622e-15 5.16391e-16 1.83117e-16 6.49352e-17 2.30267e-17 8.16548e-18 2.89556e-18 1.02679e-18 3.64112e-19 1.29118e-19 4.57864e-20 1.62363e-20 5.75756e-21 2.04169e-21 7.24002e-22 2.56738e-22 9.1042e-23 3.22844e-23 1.14484e-23 4.0597e-24 1.43961e-24 5.10501e-25 1.81029e-25 6.41945e-26 2.2764e-26 8.07235e-27 2.86253e-27 1.01508e-27 3.59959e-28 1.27645e-28 4.52641e-29 1.60511e-29 5.69188e-30 2.0184e-30 7.15744e-31 2.5381e-31 9.00035e-32 3.19161e-32 1.13178e-32 4.0134e-33 1.42319e-33 5.04678e-34 1.78964e-34 6.34623e-35 2.25044e-35 7.98027e-36 2.82988e-36 1.0035e-36 3.55853e-37 1.26189e-37 4.47478e-38 1.5868e-38 5.62696e-39 1.99538e-39 7.0758e-40 2.50915e-40 8.89769e-41 3.15521e-41 1.11887e-41 3.96762e-42 1.40696e-42 4.98921e-43 1.76922e-43 6.27384e-44 2.22477e-44 7.88924e-45 2.7976e-45 9.92058e-46 3.51794e-46
0.132114 0.0632291 0.0282302 0.0120705 0.00501073 0.00203586 0.000813786 0.000321147 0.000125432 4.8575e-05 1.86775e-05 7.13825e-06 2.71393e-06 1.02715e-06 3.87203e-07 1.4545e-07 5.44658e-08 2.03382e-08 7.57527e-09 2.81504e-09 1.04391e-09 3.86373e-10 1.42754e-10 5.26582e-11 1.93952e-11 7.13379e-12 2.62051e-12 9.61459e-13 3.52361e-13 1.29e-13 4.71803e-14 1.72398e-14 6.29394e-15 2.29592e-15 8.36859e-16 3.04809e-16 1.10943e-16 4.0354e-17 1.46689e-17 5.32906e-18 1.93488e-18 7.02137e-19 2.54661e-19 9.23185e-20 3.34509e-20 1.21152e-20 4.38592e-21 1.58712e-21 5.74097e-22 2.07583e-22 7.50305e-23 2.71099e-23 9.79193e-24 3.53561e-24 1.27621e-24 4.60515e-25 1.66125e-25 5.99106e-26 2.15998e-26 7.78536e-27 2.80539e-27 1.01065e-27 3.63997e-28 1.31067e-28 4.71834e-29 1.6982e-29 6.11071e-30 2.19839e-30 7.90729e-31 2.84357e-31 1.02239e-31 3.67526e-32 1.32093e-32 4.74672e-33 1.70542e-33 6.12628e-34 2.20034e-34 7.90158e-35 2.83706e-35 1.01849e-35 3.6558e-36 1.31203e-36 4.70806e-37 1.6892e-37 6.05983e-38 2.17362e-38 7.79559e-39 2.7955e-39 1.00234e-39 3.59353e-40 1.28817e-40 4.61719e-41 1.65474e-41 5.92975e-42 2.12468e-42 7.61212e-43 2.72692e-43 9.76773e-44 3.49842e-44 1.25287e-44 4.48643e-45
0.046849 0.0282302 0.0148504 0.00723769 0.00335626 0.00150231 0.000654814 0.000279532 0.00011734 4.85771e-05 1.98766e-05 8.05224e-06 3.23401e-06 1.2891e-06 5.1043e-07 2.00915e-07 7.86655e-08 3.06533e-08 1.18929e-08 4.59608e-09 1.76977e-09 6.79218e-10 2.59881e-10 9.91548e-11 3.77325e-11 1.43238e-11 5.42522e-12 2.05047e-12 7.73437e-13 2.91196e-13 1.09442e-13 4.1064e-14 1.53837e-14 5.75464e-15 2.14964e-15 8.01934e-16 2.98787e-16 1.1119e-16 4.13305e-17 1.53463e-17 5.69225e-18 2.10927e-18 7.80852e-19 2.88808e-19 1.06726e-19 3.94067e-20 1.45385e-20 5.35961e-21 1.97435e-21 7.26785e-22 2.67355e-22 9.82841e-23 3.61077e-23 1.32571e-23 4.86451e-24 1.78394e-24 6.53849e-25 2.3952e-25 8.76961e-26 3.20922e-26 1.17383e-26 4.29148e-27 1.56823e-27 5.72818e-28 2.0914e-28 7.63262e-29 2.78441e-29 1.01536e-29 3.70119e-30 1.34865e-30 4.91243e-31 1.78871e-31 6.5108e-32 2.36909e-32 8.61758e-33 3.13365e-33 1.13915e-33 4.13978e-34 1.50399e-34 5.46245e-35 1.98338e-35 7.19955e-36 2.61268e-36 9.47881e-37 3.43802e-37 1.24668e-37 4.51951e-38 1.63804e-38 5.93548e-39 2.15024e-39 7.78786e-40 2.82003e-40 1.02093e-40 3.69527e-41 1.33723e-41 4.83811e-42 1.75009e-42 6.32935e-43 2.28862e-43 8.27386e-44 2.99062e-44
0.0166131 0.0120705 0.00723769 0.00391861 0.00198783 0.000963156 0.000450886 0.000205461 9.16079e-05 4.01146e-05 1.73007e-05 7.36487e-06 3.09994e-06 1.29191e-06 5.33703e-07 2.18759e-07 8.90383e-08 3.60104e-08 1.44801e-08 5.79197e-09 2.30559e-09 9.13708e-10 3.60618e-10 1.41786e-10 5.55501e-11 2.16922e-11 8.44465e-12 3.27799e-12 1.26898e-12 4.90002e-13 1.88754e-13 7.25454e-14 2.78222e-14 1.06486e-14 4.06775e-15 1.55104e-15 5.90382e-16 2.24349e-16 8.51191e-17 3.22459e-17 1.21982e-17 4.60805e-18 1.73846e-18 6.55029e-19 2.46506e-19 9.26593e-20 3.47906e-20 1.30487e-20 4.889e-21 1.82995e-21 6.84286e-22 2.55642e-22 9.54195e-23 3.55848e-23 1.32595e-23 4.93674e-24 1.83658e-24 6.82734e-25 2.53614e-25 9.41421e-26 3.49217e-26 1.29454e-26 4.79571e-27 1.77548e-27 6.56919e-28 2.42912e-28 8.97708e-29 3.3157e-29 1.22399e-29 4.51594e-30 1.6653e-30 6.13788e-31 2.26115e-31 8.32588e-32 3.06428e-32 1.12727e-32 4.14509e-33 1.52353e-33 5.59735e-34 2.05558e-34 7.54589e-35 2.76895e-35 1.01566e-35 3.7241e-36 1.365e-36 5.00134e-37 1.83184e-37 6.70712e-38 2.45493e-38 8.98249e-39 3.2856e-39 1.20142e-39 4.39174e-40 1.6049e-40 5.86312e-41 2.14132e-41 7.81827e-42 2.85376e-42 1.04136e-42 3.79901e-43 1.38555e-43
0.00589118 0.00501073 0.00335626 0.00198783 0.00108933 0.000565265 0.000281568 0.000135831 6.3849e-05 2.93746e-05 1.32709e-05 5.90275e-06 2.59013e-06 1.12309e-06 4.8186e-07 2.04799e-07 8.6307e-08 3.60932e-08 1.49888e-08 6.18485e-09 2.53712e-09 1.03514e-09 4.20225e-10 1.69803e-10 6.83167e-11 2.7375e-11 1.0928e-11 4.34696e-12 1.72339e-12 6.81109e-13 2.68389e-13 1.05462e-13 4.1331e-14 1.61571e-14 6.30107e-15 2.45176e-15 9.51928e-16 3.68837e-16 1.4263e-16 5.50513e-17 2.12102e-17 8.15782e-18 3.13246e-18 1.20091e-18 4.59697e-19 1.75711e-19 6.70682e-20 2.5565e-20 9.73214e-21 3.7002e-21 1.40512e-21 5.32962e-22 2.01923e-22 7.64191e-23 2.88907e-23 1.09112e-23 4.11674e-24 1.55174e-24 5.84361e-25 2.19863e-25 8.265e-26 3.10431e-26 1.16501e-26 4.36864e-27 1.63691e-27 6.1288e-28 2.29301e-28 8.57286e-29 3.20289e-29 1.19582e-29 4.4617e-30 1.66362e-30 6.19923e-31 2.30863e-31 8.59235e-32 3.19607e-32 1.18816e-32 4.41459e-33 1.63935e-33 6.08445e-34 2.25708e-34 8.36861e-35 3.10131e-35 1.14875e-35 4.25306e-36 1.5739e-36 5.82177e-37 2.15249e-37 7.95495e-38 2.93866e-38 1.08513e-38 4.0053e-39 1.4778e-39 5.45038e-40 2.00942e-40 7.40543e-41 2.72816e-41 1.00469e-41 3.69862e-42 1.36112e-42 5.00731e-43
0.00208907 0.00203586 0.00150231 0.000963156 0.000565265 0.000311809 0.000164189 8.33627e-05 4.10942e-05 1.97672e-05 9.31333e-06 4.31045e-06 1.96427e-06 8.82983e-07 3.92138e-07 1.72272e-07 7.49459e-08 3.23172e-08 1.38234e-08 5.86931e-09 2.47519e-09 1.03731e-09 4.32199e-10 1.79109e-10 7.38528e-11 3.03093e-11 1.23844e-11 5.03938e-12 2.04264e-12 8.24926e-13 3.31998e-13 1.33178e-13 5.32577e-14 2.12351e-14 8.44322e-15 3.34815e-15 1.32434e-15 5.22567e-16 2.05721e-16 8.08079e-17 3.16744e-17 1.23903e-17 4.83736e-18 1.88505e-18 7.33257e-19 2.84734e-19 1.10383e-19 4.27234e-20 1.65105e-20 6.37099e-21 2.45488e-21 9.44604e-22 3.62983e-22 1.39303e-22 5.33933e-23 2.04403e-23 7.81582e-24 2.98515e-24 1.13888e-24 4.34034e-25 1.6524e-25 6.28447e-26 2.38778e-26 9.06371e-27 3.43727e-27 1.30235e-27 4.93017e-28 1.86476e-28 7.0473e-29 2.66115e-29 1.00409e-29 3.78566e-30 1.42621e-30 5.36915e-31 2.01984e-31 7.59322e-32 2.85258e-32 1.07093e-32 4.01792e-33 1.50648e-33 5.64493e-34 2.11392e-34 7.91151e-35 2.95923e-35 1.10624e-35 4.13314e-36 1.54338e-36 5.76016e-37 2.14866e-37 8.01088e-38 2.98521e-38 1.11187e-38 4.13929e-39 1.54025e-39 5.7287e-40 2.12972e-40 7.91401e-41 2.93954e-41 1.09138e-41 4.05034e-42 1.50254e-42
0.000740806 0.000813786 0.000654814 0.000450886 0.000281568 0.000164189 9.09455e-05 4.83837e-05 2.49122e-05 1.2483e-05 6.11258e-06 2.93445e-06 1.38462e-06 6.43471e-07 2.95025e-07 1.33638e-07 5.98772e-08 2.65638e-08 1.16787e-08 5.0922e-09 2.20347e-09 9.46785e-10 4.04168e-10 1.7149e-10 7.23529e-11 3.03652e-11 1.26807e-11 5.27088e-12 2.18132e-12 8.98991e-13 3.69057e-13 1.50946e-13 6.15211e-14 2.49906e-14 1.01193e-14 4.08519e-15 1.64446e-15 6.6014e-16 2.64306e-16 1.05557e-16 4.20548e-17 1.67164e-17 6.62986e-18 2.62386e-18 1.0363e-18 4.08486e-19 1.6071e-19 6.31121e-20 2.4741e-20 9.68234e-21 3.78294e-21 1.47567e-21 5.74753e-22 2.23526e-22 8.68057e-23 3.36639e-23 1.30375e-23 5.04258e-24 1.94788e-24 7.51509e-25 2.89592e-25 1.11464e-25 4.28539e-26 1.64577e-26 6.31372e-27 2.41963e-27 9.26343e-28 3.54297e-28 1.35377e-28 5.16793e-29 1.97103e-29 7.51072e-30 2.85952e-30 1.08777e-30 4.1345e-31 1.57021e-31 5.95869e-32 2.25948e-32 8.56132e-33 3.24155e-33 1.22646e-33 4.6371e-34 1.75203e-34 6.61522e-35 2.4961e-35 9.41235e-36 3.54699e-36 1.33584e-36 5.02788e-37 1.89129e-37 7.11012e-38 2.67146e-38 1.00318e-38 3.76504e-39 1.4123e-39 5.29488e-40 1.98408e-40 7.43092e-41 2.78169e-41 1.04079e-41 3.89231e-42
0.000262697 0.000321147 0.000279532 0.000205461 0.000135831 8.33627e-05 4.83837e-05 2.6877e-05 1.4408e-05 7.49845e-06 3.80572e-06 1.89023e-06 9.21308e-07 4.41649e-07 2.08607e-07 9.7236e-08 4.47847e-08 2.0404e-08 9.20441e-09 4.11461e-09 1.824e-09 8.02344e-10 3.50411e-10 1.52017e-10 6.55391e-11 2.80914e-11 1.19749e-11 5.07846e-12 2.14332e-12 9.00443e-13 3.76656e-13 1.5691e-13 6.51133e-14 2.69204e-14 1.10909e-14 4.554e-15 1.86394e-15 7.60576e-16 3.09446e-16 1.25548e-16 5.08011e-17 2.0503e-17 8.2545e-18 3.31537e-18 1.32856e-18 5.31223e-19 2.11959e-19 8.43999e-20 3.3541e-20 1.33041e-20 5.26738e-21 2.08177e-21 8.21347e-22 3.23518e-22 1.27224e-22 4.99534e-23 1.95841e-23 7.66663e-24 2.997e-24 1.16996e-24 4.56111e-25 1.77584e-25 6.90538e-26 2.68186e-26 1.04031e-26 4.03071e-27 1.55994e-27 6.03048e-28 2.32878e-28 8.98354e-29 3.46195e-29 1.33279e-29 5.12596e-30 1.96959e-30 7.56091e-31 2.89986e-31 1.1112e-31 4.25436e-32 1.62745e-32 6.2204e-33 2.37563e-33 9.06556e-34 3.45679e-34 1.31711e-34 5.01474e-35 1.90791e-35 7.25368e-36 2.75585e-36 1.0463e-36 3.96975e-37 1.50517e-37 5.70333e-38 2.15972e-38 8.17327e-39 3.09123e-39 1.16844e-39 4.41395e-40 1.66648e-40 6.28819e-41 2.37144e-41 8.93842e-42
9.3155e-05 0.000125432 0.00011734 9.16079e-05 6.3849e-05 4.10942e-05 2.49122e-05 1.4408e-05 8.02039e-06 4.32482e-06 2.26993e-06 1.16399e-06 5.84881e-07 2.88671e-07 1.40221e-07 6.71442e-08 3.17389e-08 1.48278e-08 6.85338e-09 3.1366e-09 1.42258e-09 6.39808e-10 2.85524e-10 1.26499e-10 5.56664e-11 2.43414e-11 1.05807e-11 4.57358e-12 1.96655e-12 8.41379e-13 3.58287e-13 1.5189e-13 6.41192e-14 2.69584e-14 1.12911e-14 4.71178e-15 1.95938e-15 8.12086e-16 3.35505e-16 1.38187e-16 5.67494e-17 2.32399e-17 9.49143e-18 3.86635e-18 1.57103e-18 6.36826e-19 2.57543e-19 1.03922e-19 4.18433e-20 1.68127e-20 6.7418e-21 2.69815e-21 1.0778e-21 4.29748e-22 1.7105e-22 6.79653e-23 2.69606e-23 1.06775e-23 4.22213e-24 1.66699e-24 6.5719e-25 2.58717e-25 1.01708e-25 3.99293e-26 1.56551e-26 6.12999e-27 2.39729e-27 9.36373e-28 3.65309e-28 1.42354e-28 5.54095e-29 2.15437e-29 8.36734e-30 3.24637e-30 1.25823e-30 4.87179e-31 1.88447e-31 7.2824e-32 2.81159e-32 1.0845e-32 4.17946e-33 1.60927e-33 6.19103e-34 2.37976e-34 9.13997e-35 3.50757e-35 1.34501e-35 5.15357e-36 1.97315e-36 7.54903e-37 2.88605e-37 1.10257e-37 4.20926e-38 1.60585e-38 6.12226e-39 2.33255e-39 8.8811e-40 3.37929e-40 1.28503e-40 4.88351e-41 1.85476e-41
3.30337e-05 4.8575e-05 4.85771e-05 4.01146e-05 2.93746e-05 1.97672e-05 1.2483e-05 7.49845e-06 4.32482e-06 2.41132e-06 1.30632e-06 6.9036e-07 3.57019e-07 1.81135e-07 9.0348e-08 4.43807e-08 2.15016e-08 1.02871e-08 4.86553e-09 2.27715e-09 1.05544e-09 4.84811e-10 2.20844e-10 9.98204e-11 4.47918e-11 1.99628e-11 8.84035e-12 3.89139e-12 1.70325e-12 7.41521e-13 3.21193e-13 1.38459e-13 5.94142e-14 2.53848e-14 1.08009e-14 4.57754e-15 1.93272e-15 8.13092e-16 3.4089e-16 1.42447e-16 5.93358e-17 2.46411e-17 1.02031e-17 4.21294e-18 1.73485e-18 7.12539e-19 2.9192e-19 1.19307e-19 4.86465e-20 1.97905e-20 8.03362e-21 3.25423e-21 1.31552e-21 5.30745e-22 2.13718e-22 8.58988e-23 3.44627e-23 1.38023e-23 5.5184e-24 2.20271e-24 8.77821e-25 3.49281e-25 1.38767e-25 5.50495e-26 2.1807e-26 8.62644e-27 3.4078e-27 1.34443e-27 5.29712e-28 2.08445e-28 8.19236e-29 3.2159e-29 1.26092e-29 4.93823e-30 1.93183e-30 7.54904e-31 2.94679e-31 1.14909e-31 4.47622e-32 1.74195e-32 6.77228e-33 2.63037e-33 1.02069e-33 3.95703e-34 1.53269e-34 5.93141e-35 2.29343e-35 8.86027e-36 3.42017e-36 1.31915e-36 5.0839e-37 1.95776e-37 7.53333e-38 2.8966e-38 1.11294e-38 4.27303e-39 1.63943e-39 6.2856e-40 2.40825e-40 9.22073e-41 3.5281e-41
1.17141e-05 1.86775e-05 1.98766e-05 1.73007e-05 1.32709e-05 9.31333e-06 6.11258e-06 3.80572e-06 2.26993e-06 1.30632e-06 7.29268e-07 3.9658e-07 2.10775e-07 1.09777e-07 5.61528e-08 2.82613e-08 1.40169e-08 6.85998e-09 3.31668e-09 1.58571e-09 7.5035e-10 3.51684e-10 1.63375e-10 7.52706e-11 3.44118e-11 1.56186e-11 7.04078e-12 3.15368e-12 1.40407e-12 6.21552e-13 2.73663e-13 1.19875e-13 5.22542e-14 2.26725e-14 9.79398e-15 4.21296e-15 1.80496e-15 7.70325e-16 3.27551e-16 1.38787e-16 5.86068e-17 2.46679e-17 1.03504e-17 4.32988e-18 1.80607e-18 7.51244e-19 3.11643e-19 1.28945e-19 5.32187e-20 2.19113e-20 9.00027e-21 3.68856e-21 1.50836e-21 6.155e-22 2.50644e-22 1.01863e-22 4.13174e-23 1.67276e-23 6.75986e-24 2.72691e-24 1.09813e-24 4.41477e-25 1.77195e-25 7.10076e-26 2.84109e-26 1.13504e-26 4.52791e-27 1.80369e-27 7.17498e-28 2.85028e-28 1.13077e-28 4.48024e-29 1.77287e-29 7.00671e-30 2.76584e-30 1.0905e-30 4.2946e-31 1.68939e-31 6.63832e-32 2.60565e-32 1.02168e-32 4.00189e-33 1.56594e-33 6.12143e-34 2.39061e-34 9.32722e-35 3.63571e-35 1.41589e-35 5.50911e-36 2.14166e-36 8.31851e-37 3.22829e-37 1.25181e-37 4.85013e-38 1.87767e-38 7.26349e-39 2.80761e-39 1.08442e-39 4.18541e-40 1.61421e-40 6.22116e-41
4.15393e-06 7.13825e-06 8.05224e-06 7.36487e-06 5.90275e-06 4.31045e-06 2.93445e-06 1.89023e-06 1.16399e-06 6.9036e-07 3.9658e-07 2.21621e-07 1.20899e-07 6.45624e-08 3.3829e-08 1.74255e-08 8.83852e-09 4.42051e-09 2.18266e-09 1.06506e-09 5.14078e-10 2.45643e-10 1.1628e-10 5.45647e-11 2.53961e-11 1.173e-11 5.37897e-12 2.44995e-12 1.10876e-12 4.98757e-13 2.23076e-13 9.9233e-14 4.39152e-14 1.93392e-14 8.47671e-15 3.69891e-15 1.60718e-15 6.95474e-16 2.99776e-16 1.28731e-16 5.50815e-17 2.3487e-17 9.98167e-18 4.22854e-18 1.78582e-18 7.51965e-19 3.15728e-19 1.32199e-19 5.52054e-20 2.2994e-20 9.55354e-21 3.95972e-21 1.63738e-21 6.75535e-22 2.78095e-22 1.14239e-22 4.68312e-23 1.91595e-23 7.82326e-24 3.18836e-24 1.29702e-24 5.2668e-25 2.13496e-25 8.63965e-26 3.49047e-26 1.4079e-26 5.66994e-27 2.27992e-27 9.15405e-28 3.67007e-28 1.46932e-28 5.87434e-29 2.34537e-29 9.35167e-30 3.72397e-30 1.48106e-30 5.88306e-31 2.33405e-31 9.24915e-32 3.66093e-32 1.44741e-32 5.7162e-33 2.25504e-33 8.88664e-34 3.4984e-34 1.37581e-34 5.40522e-35 2.1215e-35 8.31868e-36 3.25879e-36 1.27543e-36 4.98729e-37 1.94843e-37 7.60548e-38 2.96617e-38 1.15584e-38 4.50031e-39 1.75079e-39 6.8058e-40 2.64353e-40 1.02602e-40
1.47302e-06 2.71393e-06 3.23401e-06 3.09994e-06 2.59013e-06 1.96427e-06 1.38462e-06 9.21308e-07 5.84881e-07 3.57019e-07 2.10775e-07 1.20899e-07 6.76191e-08 3.69855e-08 1.98315e-08 1.04451e-08 5.41306e-09 2.76425e-09 1.3927e-09 6.93044e-10 3.40955e-10 1.65971e-10 7.99999e-11 3.82083e-11 1.80923e-11 8.49833e-12 3.96173e-12 1.83374e-12 8.43077e-13 3.85151e-13 1.74894e-13 7.89645e-14 3.54589e-14 1.58405e-14 7.04151e-15 3.11542e-15 1.37218e-15 6.0177e-16 2.6282e-16 1.14331e-16 4.95476e-17 2.13941e-17 9.20535e-18 3.94747e-18 1.68726e-18 7.18926e-19 3.05401e-19 1.29356e-19 5.46359e-20 2.30135e-20 9.6681e-21 4.05125e-21 1.69341e-21 7.06143e-22 2.93774e-22 1.21942e-22 5.0506e-23 2.08741e-23 8.60947e-24 3.54382e-24 1.45586e-24 5.96955e-25 2.44321e-25 9.98156e-26 4.07074e-26 1.65732e-26 6.73624e-27 2.73352e-27 1.10749e-27 4.48007e-28 1.80957e-28 7.29836e-29 2.93935e-29 1.18213e-29 4.74771e-30 1.90423e-30 7.62754e-31 3.05135e-31 1.21914e-31 4.86497e-32 1.93903e-32 7.71931e-33 3.06952e-33 1.21919e-33 4.83716e-34 1.91708e-34 7.58972e-35 3.00164e-35 1.1859e-35 4.6806e-36 1.84556e-36 7.27e-37 2.86107e-37 1.12492e-37 4.4189e-38 1.73428e-38 6.80051e-39 2.66433e-39 1.04296e-39 4.07925e-40 1.59419e-40
5.22349e-07 1.02715e-06 1.2891e-06 1.29191e-06 1.12309e-06 8.82983e-07 6.43471e-07 4.41649e-07 2.88671e-07 1.81135e-07 1.09777e-07 6.45624e-08 3.69855e-08 2.07008e-08 1.13484e-08 6.10633e-09 3.23067e-09 1.68317e-09 8.64668e-10 4.38482e-10 2.19717e-10 1.08885e-10 5.34069e-11 2.59451e-11 1.24914e-11 5.96352e-12 2.82458e-12 1.32789e-12 6.19878e-13 2.87445e-13 1.32451e-13 6.0667e-14 2.76293e-14 1.25149e-14 5.63943e-15 2.52869e-15 1.1285e-15 5.01351e-16 2.21768e-16 9.76904e-17 4.28618e-17 1.87337e-17 8.15779e-18 3.53981e-18 1.53074e-18 6.59766e-19 2.83462e-19 1.21413e-19 5.18497e-20 2.2079e-20 9.37575e-21 3.97067e-21 1.67722e-21 7.06673e-22 2.97018e-22 1.24542e-22 5.21011e-23 2.17472e-23 9.05766e-24 3.76451e-24 1.56137e-24 6.46302e-25 2.67003e-25 1.10097e-25 4.53134e-26 1.86165e-26 7.63493e-27 3.12585e-27 1.27763e-27 5.21356e-28 2.12408e-28 8.64036e-29 3.5094e-29 1.42328e-29 5.7639e-30 2.33092e-30 9.41314e-31 3.79623e-31 1.52896e-31 6.14996e-32 2.47057e-32 9.91244e-33 3.97223e-33 1.5899e-33 6.35616e-34 2.53818e-34 1.01242e-34 4.03385e-35 1.60549e-35 6.38317e-36 2.5352e-36 1.00587e-36 3.98694e-37 1.57873e-37 6.24534e-38 2.46826e-38 9.74591e-39 3.84463e-39 1.51529e-39 5.96697e-40 2.34765e-40
1.8523e-07 3.87203e-07 5.1043e-07 5.33703e-07 4.8186e-07 3.92138e-07 2.95025e-07 2.08607e-07 1.40221e-07 9.0348e-08 5.61528e-08 3.3829e-08 1.98315e-08 1.13484e-08 6.35555e-09 3.49101e-09 1.88418e-09 1.00081e-09 5.23863e-10 2.70542e-10 1.37991e-10 6.95756e-11 3.4706e-11 1.71397e-11 8.38564e-12 4.06678e-12 1.95604e-12 9.33512e-13 4.4225e-13 2.08062e-13 9.72416e-14 4.51638e-14 2.08517e-14 9.57253e-15 4.37082e-15 1.98543e-15 8.97427e-16 4.0373e-16 1.80806e-16 8.0621e-17 3.57989e-17 1.58324e-17 6.9751e-18 3.06153e-18 1.33897e-18 5.83585e-19 2.53506e-19 1.09768e-19 4.73818e-20 2.03911e-20 8.74996e-21 3.74409e-21 1.59772e-21 6.79994e-22 2.88665e-22 1.22237e-22 5.16365e-23 2.17617e-23 9.15031e-24 3.83897e-24 1.60714e-24 6.71402e-25 2.79912e-25 1.16465e-25 4.83642e-26 2.00462e-26 8.2935e-27 3.42502e-27 1.41197e-27 5.81088e-28 2.38744e-28 9.79293e-29 4.01051e-29 1.63987e-29 6.69509e-30 2.72933e-30 1.11102e-30 4.51614e-31 1.83319e-31 7.43108e-32 3.00827e-32 1.21622e-32 4.91076e-33 1.98034e-33 7.97618e-34 3.20868e-34 1.28926e-34 5.17432e-35 2.07429e-35 8.30618e-36 3.32243e-36 1.32753e-36 5.29872e-37 2.11275e-37 8.41557e-38 3.34876e-38 1.33124e-38 5.28702e-39 2.09775e-39 8.31552e-40 3.29327e-40
6.56844e-08 1.4545e-07 2.00915e-07 2.18759e-07 2.04799e-07 1.72272e-07 1.33638e-07 9.7236e-08 6.71442e-08 4.43807e-08 2.82613e-08 1.74255e-08 1.04451e-08 6.10633e-09 3.49101e-09 1.95612e-09 1.07631e-09 5.82473e-10 3.10469e-10 1.6319e-10 8.46762e-11 4.3414e-11 2.20121e-11 1.10453e-11 5.48868e-12 2.70266e-12 1.31943e-12 6.38947e-13 3.07059e-13 1.46499e-13 6.94169e-14 3.26788e-14 1.52889e-14 7.1108e-15 3.28863e-15 1.51278e-15 6.92311e-16 3.15273e-16 1.42897e-16 6.44749e-17 2.89647e-17 1.29578e-17 5.77359e-18 2.56258e-18 1.13315e-18 4.99268e-19 2.19214e-19 9.59281e-20 4.18421e-20 1.81935e-20 7.88679e-21 3.40884e-21 1.46917e-21 6.31451e-22 2.70671e-22 1.15721e-22 4.935e-23 2.09939e-23 8.90973e-24 3.77248e-24 1.59371e-24 6.71796e-25 2.82576e-25 1.18612e-25 4.96867e-26 2.07726e-26 8.66772e-27 3.60994e-27 1.50071e-27 6.22754e-28 2.57973e-28 1.06682e-28 4.40431e-29 1.81534e-29 7.47039e-30 3.06938e-30 1.2592e-30 5.15811e-31 2.10984e-31 8.61762e-32 3.51493e-32 1.43169e-32 5.82366e-33 2.36576e-33 9.5981e-34 3.8891e-34 1.57389e-34 6.36164e-35 2.5683e-35 1.03565e-35 4.17138e-36 1.67825e-36 6.74455e-37 2.70755e-37 1.08576e-37 4.34948e-38 1.74057e-38 6.95835e-39 2.779e-39 1.10878e-39 4.4196e-40
2.32923e-08 5.44658e-08 7.86655e-08 8.90383e-08 8.6307e-08 7.49459e-08 5.98772e-08 4.47847e-08 3.17389e-08 2.15016e-08 1.40169e-08 8.83852e-09 5.41306e-09 3.23067e-09 1.88418e-09 1.07631e-09 6.03363e-10 3.32486e-10 1.80363e-10 9.64363e-11 5.08783e-11 2.6512e-11 1.36566e-11 6.95935e-12 3.51088e-12 1.75451e-12 8.6902e-13 4.26834e-13 2.07991e-13 1.00594e-13 4.83065e-14 2.30411e-14 1.09196e-14 5.14342e-15 2.40855e-15 1.12159e-15 5.19509e-16 2.39403e-16 1.09784e-16 5.01074e-17 2.27669e-17 1.02995e-17 4.63997e-18 2.08192e-18 9.30523e-19 4.14346e-19 1.83836e-19 8.12792e-20 3.58148e-20 1.573e-20 6.88683e-21 3.00595e-21 1.30814e-21 5.67646e-22 2.45634e-22 1.06004e-22 4.56262e-23 1.95882e-23 8.38872e-24 3.58383e-24 1.52748e-24 6.49549e-25 2.756e-25 1.16682e-25 4.92956e-26 2.07834e-26 8.74483e-27 3.67226e-27 1.53916e-27 6.43904e-28 2.68884e-28 1.12082e-28 4.66388e-29 1.9374e-29 8.03467e-30 3.32666e-30 1.37517e-30 5.67581e-31 2.33903e-31 9.62484e-32 3.95473e-32 1.62262e-32 6.64822e-33 2.72018e-33 1.11148e-33 4.53559e-34 1.84842e-34 7.52343e-35 3.05836e-35 1.24173e-35 5.03555e-36 2.03964e-36 8.25193e-37 3.33475e-37 1.34613e-37 5.42792e-38 2.18631e-38 8.79688e-39 3.53585e-39 1.41976e-39 5.69506e-40
8.2597e-09 2.03382e-08 3.06533e-08 3.60104e-08 3.60932e-08 3.23172e-08 2.65638e-08 2.0404e-08 1.48278e-08 1.02871e-08 6.85998e-09 4.42051e-09 2.76425e-09 1.68317e-09 1.00081e-09 5.82473e-10 3.32486e-10 1.86462e-10 1.02888e-10 5.59319e-11 2.99892e-11 1.58749e-11 8.30398e-12 4.29566e-12 2.19913e-12 1.11487e-12 5.6002e-13 2.78878e-13 1.37741e-13 6.75059e-14 3.28415e-14 1.58659e-14 7.61407e-15 3.6309e-15 1.72101e-15 8.11038e-16 3.80099e-16 1.77195e-16 8.21866e-17 3.79344e-17 1.74274e-17 7.97032e-18 3.62941e-18 1.64583e-18 7.43336e-19 3.34425e-19 1.49894e-19 6.6942e-20 2.97914e-20 1.32133e-20 5.84128e-21 2.57409e-21 1.13085e-21 4.95319e-22 2.16326e-22 9.4213e-23 4.09191e-23 1.77251e-23 7.65825e-24 3.3005e-24 1.41896e-24 6.08593e-25 2.60422e-25 1.11186e-25 4.73657e-26 2.01349e-26 8.54131e-27 3.61588e-27 1.5277e-27 6.44198e-28 2.71128e-28 1.139e-28 4.77624e-29 1.9993e-29 8.35444e-30 3.48514e-30 1.45145e-30 6.03505e-31 2.50535e-31 1.03844e-31 4.29765e-32 1.77596e-32 7.32824e-33 3.01956e-33 1.24245e-33 5.10521e-34 2.0949e-34 8.58492e-35 3.51354e-35 1.43615e-35 5.86286e-36 2.39049e-36 9.73506e-37 3.95982e-37 1.60882e-37 6.52894e-38 2.6466e-38 1.07166e-38 4.33462e-39 1.75139e-39 7.06903e-40
2.92897e-09 7.57527e-09 1.18929e-08 1.44801e-08 1.49888e-08 1.38234e-08 1.16787e-08 9.20441e-09 6.85338e-09 4.86553e-09 3.31668e-09 2.18266e-09 1.3927e-09 8.64668e-10 5.23863e-10 3.10469e-10 1.80363e-10 1.02888e-10 5.7721e-11 3.18881e-11 1.7368e-11 9.33571e-12 4.95692e-12 2.60194e-12 1.3512e-12 6.94643e-13 3.53739e-13 1.78533e-13 8.93466e-14 4.43567e-14 2.18545e-14 1.06902e-14 5.19332e-15 2.50646e-15 1.20216e-15 5.73152e-16 2.71704e-16 1.28099e-16 6.00779e-17 2.80347e-17 1.3019e-17 6.01775e-18 2.76915e-18 1.26877e-18 5.78915e-19 2.63088e-19 1.19098e-19 5.37128e-20 2.41367e-20 1.08083e-20 4.82349e-21 2.14554e-21 9.51325e-22 4.20512e-22 1.85321e-22 8.14338e-23 3.56826e-23 1.55924e-23 6.79533e-24 2.95377e-24 1.28069e-24 5.53914e-25 2.38999e-25 1.02881e-25 4.41861e-26 1.89352e-26 8.09676e-27 3.45489e-27 1.47116e-27 6.25189e-28 2.65159e-28 1.12245e-28 4.74251e-29 2.0001e-29 8.42006e-30 3.53846e-30 1.48445e-30 6.21706e-31 2.5995e-31 1.08515e-31 4.5228e-32 1.88213e-32 7.82047e-33 3.24466e-33 1.34423e-33 5.56102e-34 2.29735e-34 9.47768e-35 3.90472e-35 1.60658e-35 6.60161e-36 2.70921e-36 1.11043e-36 4.54573e-37 1.85862e-37 7.59035e-38 3.09617e-38 1.26151e-38 5.13411e-39 2.08717e-39 8.47575e-40
1.03864e-09 2.81504e-09 4.59608e-09 5.79197e-09 6.18485e-09 5.86931e-09 5.0922e-09 4.11461e-09 3.1366e-09 2.27715e-09 1.58571e-09 1.06506e-09 6.93044e-10 4.38482e-10 2.70542e-10 1.6319e-10 9.64363e-11 5.59319e-11 3.18881e-11 1.78951e-11 9.89678e-12 5.39964e-12 2.90904e-12 1.54886e-12 8.15597e-13 4.25042e-13 2.19354e-13 1.12165e-13 5.68573e-14 2.85845e-14 1.42586e-14 7.05977e-15 3.4708e-15 1.69487e-15 8.22333e-16 3.96538e-16 1.90091e-16 9.06129e-17 4.29602e-17 2.02622e-17 9.50909e-18 4.44126e-18 2.06474e-18 9.55629e-19 4.40401e-19 2.02119e-19 9.23908e-20 4.20697e-20 1.90847e-20 8.6264e-21 3.88554e-21 1.74421e-21 7.80395e-22 3.48052e-22 1.54749e-22 6.85968e-23 3.03187e-23 1.33623e-23 5.87293e-24 2.5743e-24 1.12545e-24 4.90782e-25 2.13487e-25 9.26416e-26 4.01066e-26 1.73232e-26 7.4656e-27 3.21034e-27 1.37756e-27 5.8988e-28 2.52076e-28 1.07506e-28 4.57606e-29 1.94412e-29 8.24415e-30 3.48962e-30 1.47447e-30 6.21924e-31 2.61877e-31 1.10085e-31 4.62011e-32 1.93587e-32 8.09877e-33 3.38292e-33 1.41094e-33 5.87598e-34 2.44355e-34 1.01471e-34 4.20782e-35 1.74251e-35 7.2062e-36 2.97621e-36 1.2276e-36 5.05701e-37 2.08059e-37 8.54958e-38 3.50894e-38 1.43844e-38 5.88976e-39 2.40882e-39 9.84057e-40
3.68313e-10 1.04391e-09 1.76977e-09 2.30559e-09 2.53712e-09 2.47519e-09 2.20347e-09 1.824e-09 1.42258e-09 1.05544e-09 7.5035e-10 5.14078e-10 3.40955e-10 2.19717e-10 1.37991e-10 8.46762e-11 5.08783e-11 2.99892e-11 1.7368e-11 9.89678e-12 5.5555e-12 3.07542e-12 1.68056e-12 9.07275e-13 4.84278e-13 2.55753e-13 1.33717e-13 6.92529e-14 3.55468e-14 1.80917e-14 9.13402e-15 4.57638e-15 2.27625e-15 1.12435e-15 5.51702e-16 2.69003e-16 1.3037e-16 6.28165e-17 3.0099e-17 1.43452e-17 6.80188e-18 3.20925e-18 1.50699e-18 7.04412e-19 3.27809e-19 1.51901e-19 7.00985e-20 3.222e-20 1.47526e-20 6.72964e-21 3.05876e-21 1.38541e-21 6.25372e-22 2.81363e-22 1.26185e-22 5.6416e-23 2.5147e-23 1.11763e-23 4.95301e-24 2.18896e-24 9.6479e-25 4.24118e-25 1.85964e-25 8.13369e-26 3.54886e-26 1.54476e-26 6.70851e-27 2.90677e-27 1.25672e-27 5.42162e-28 2.33403e-28 1.00275e-28 4.29934e-29 1.83975e-29 7.85746e-30 3.34956e-30 1.42526e-30 6.05367e-31 2.56671e-31 1.08639e-31 4.59046e-32 1.93646e-32 8.15559e-33 3.42933e-33 1.43975e-33 6.03527e-34 2.52612e-34 1.05578e-34 4.40617e-35 1.83626e-35 7.64188e-36 3.17594e-36 1.31814e-36 5.46356e-37 2.26166e-37 9.35027e-38 3.8608e-38 1.59219e-38 6.55826e-39 2.69814e-39 1.10874e-39
1.30607e-10 3.86373e-10 6.79218e-10 9.13708e-10 1.03514e-09 1.03731e-09 9.46785e-10 8.02344e-10 6.39808e-10 4.84811e-10 3.51684e-10 2.45643e-10 1.65971e-10 1.08885e-10 6.95756e-11 4.3414e-11 2.6512e-11 1.58749e-11 9.33571e-12 5.39964e-12 3.07542e-12 1.72681e-12 9.5677e-13 5.2357e-13 2.83194e-13 1.51511e-13 8.02284e-14 4.20719e-14 2.18607e-14 1.12604e-14 5.75249e-15 2.91572e-15 1.46686e-15 7.32711e-16 3.63514e-16 1.79177e-16 8.77689e-17 4.27372e-17 2.06911e-17 9.96267e-18 4.7717e-18 2.27385e-18 1.07827e-18 5.0891e-19 2.391e-19 1.11844e-19 5.20958e-20 2.41664e-20 1.11661e-20 5.13949e-21 2.35682e-21 1.07688e-21 4.90333e-22 2.22507e-22 1.00639e-22 4.53736e-23 2.03935e-23 9.13837e-24 4.08292e-24 1.819e-24 8.08143e-25 3.5807e-25 1.58234e-25 6.97458e-26 3.06653e-26 1.34497e-26 5.88498e-27 2.56901e-27 1.11892e-27 4.86258e-28 2.1086e-28 9.12431e-29 3.94009e-29 1.69798e-29 7.30295e-30 3.13489e-30 1.34314e-30 5.74399e-31 2.45197e-31 1.04483e-31 4.44441e-32 1.8873e-32 8.00094e-33 3.38631e-33 1.43091e-33 6.03685e-34 2.54294e-34 1.06955e-34 4.49176e-35 1.88363e-35 7.8877e-36 3.29831e-36 1.3773e-36 5.74348e-37 2.39188e-37 9.9479e-38 4.13202e-38 1.71412e-38 7.10193e-39 2.93885e-39 1.21466e-39
4.63147e-11 1.42754e-10 2.59881e-10 3.60618e-10 4.20225e-10 4.32199e-10 4.04168e-10 3.50411e-10 2.85524e-10 2.20844e-10 1.63375e-10 1.1628e-10 7.99999e-11 5.34069e-11 3.4706e-11 2.20121e-11 1.36566e-11 8.30398e-12 4.95692e-12 2.90904e-12 1.68056e-12 9.5677e-13 5.37338e-13 2.97962e-13 1.63265e-13 8.84623e-14 4.74285e-14 2.51765e-14 1.32391e-14 6.89997e-15 3.56579e-15 1.82796e-15 9.29919e-16 4.69622e-16 2.35516e-16 1.17325e-16 5.80749e-17 2.8571e-17 1.39737e-17 6.79592e-18 3.28722e-18 1.58177e-18 7.57315e-19 3.60833e-19 1.71123e-19 8.07886e-20 3.79753e-20 1.77756e-20 8.2866e-21 3.84784e-21 1.77991e-21 8.20302e-22 3.76695e-22 1.72382e-22 7.86191e-23 3.57385e-23 1.61942e-23 7.31536e-24 3.29459e-24 1.47942e-24 6.62431e-25 2.95788e-25 1.31717e-25 5.85e-26 2.59149e-26 1.14512e-26 5.04764e-27 2.21965e-27 9.73791e-28 4.2624e-28 1.86155e-28 8.11235e-29 3.52771e-29 1.53085e-29 6.62961e-30 2.86534e-30 1.23599e-30 5.32137e-31 2.28675e-31 9.80881e-32 4.19985e-32 1.79509e-32 7.65931e-33 3.26255e-33 1.38741e-33 5.89038e-34 2.49683e-34 1.05671e-34 4.46531e-35 1.88405e-35 7.93762e-36 3.3393e-36 1.40281e-36 5.88481e-37 2.46528e-37 1.03136e-37 4.30901e-38 1.79793e-38 7.49223e-39 3.11815e-39 1.29611e-39
1.64236e-11 5.26582e-11 9.91548e-11 1.41786e-10 1.69803e-10 1.79109e-10 1.7149e-10 1.52017e-10 1.26499e-10 9.98204e-11 7.52706e-11 5.45647e-11 3.82083e-11 2.59451e-11 1.71397e-11 1.10453e-11 6.95935e-12 4.29566e-12 2.60194e-12 1.54886e-12 9.07275e-13 5.2357e-13 2.97962e-13 1.67376e-13 9.28805e-14 5.09538e-14 2.76527e-14 1.48549e-14 7.90345e-15 4.16671e-15 2.17773e-15 1.12884e-15 5.80561e-16 2.96355e-16 1.502e-16 7.56061e-17 3.78095e-17 1.87897e-17 9.28163e-18 4.55846e-18 2.22637e-18 1.08157e-18 5.22726e-19 2.51384e-19 1.20315e-19 5.73186e-20 2.71851e-20 1.28378e-20 6.0372e-21 2.82764e-21 1.3192e-21 6.13123e-22 2.83913e-22 1.31e-22 6.02352e-23 2.76036e-23 1.26084e-23 5.74075e-24 2.60576e-24 1.17921e-24 5.32072e-25 2.39392e-25 1.07409e-25 4.80608e-26 2.14483e-26 9.54711e-27 4.23894e-27 1.87747e-27 8.29559e-28 3.6568e-28 1.60827e-28 7.0574e-29 3.09014e-29 1.35015e-29 5.88671e-30 2.56138e-30 1.11225e-30 4.82034e-31 2.08505e-31 9.00195e-32 3.8793e-32 1.66872e-32 7.16546e-33 3.07148e-33 1.31435e-33 5.61495e-34 2.39479e-34 1.01974e-34 4.33534e-35 1.84027e-35 7.79973e-36 3.30086e-36 1.39487e-36 5.88592e-37 2.48014e-37 1.0436e-37 4.38525e-38 1.84022e-38 7.71203e-39 3.22776e-39 1.3492e-39
5.82399e-12 1.93952e-11 3.77325e-11 5.55501e-11 6.83167e-11 7.38528e-11 7.23529e-11 6.55391e-11 5.56664e-11 4.47918e-11 3.44118e-11 2.53961e-11 1.80923e-11 1.24914e-11 8.38564e-12 5.48868e-12 3.51088e-12 2.19913e-12 1.3512e-12 8.15597e-13 4.84278e-13 2.83194e-13 1.63265e-13 9.28805e-14 5.21843e-14 2.89778e-14 1.59146e-14 8.6497e-15 4.65504e-15 2.48192e-15 1.31159e-15 6.87302e-16 3.57278e-16 1.84305e-16 9.43822e-17 4.79959e-17 2.42442e-17 1.21681e-17 6.06963e-18 3.00975e-18 1.48398e-18 7.27692e-19 3.54957e-19 1.72265e-19 8.31931e-20 3.99872e-20 1.91323e-20 9.11367e-21 4.32274e-21 2.04186e-21 9.60615e-22 4.50176e-22 2.10173e-22 9.77642e-23 4.53147e-23 2.09314e-23 9.63604e-24 4.42163e-24 2.02249e-24 9.22248e-25 4.19278e-25 1.90057e-25 8.59064e-26 3.8722e-26 1.74064e-26 7.80391e-27 3.48973e-27 1.55659e-27 6.9261e-28 3.07437e-28 1.36145e-28 6.01518e-29 2.65167e-29 1.16636e-29 5.11935e-30 2.24223e-30 9.80059e-31 4.2751e-31 1.86116e-31 8.08682e-32 3.50711e-32 1.51814e-32 6.55971e-33 2.82931e-33 1.21819e-33 5.23604e-34 2.24676e-34 9.62483e-35 4.11645e-35 1.75776e-35 7.49404e-36 3.1901e-36 1.35592e-36 5.75469e-37 2.43879e-37 1.03206e-37 4.36136e-38 1.84051e-38 7.75641e-39 3.26439e-39 1.37205e-39
2.06524e-12 7.13379e-12 1.43238e-11 2.16922e-11 2.7375e-11 3.03093e-11 3.03652e-11 2.80914e-11 2.43414e-11 1.99628e-11 1.56186e-11 1.173e-11 8.49833e-12 5.96352e-12 4.06678e-12 2.70266e-12 1.75451e-12 1.11487e-12 6.94643e-13 4.25042e-13 2.55753e-13 1.51511e-13 8.84623e-14 5.09538e-14 2.89778e-14 1.62839e-14 9.04805e-15 4.97427e-15 2.70726e-15 1.45943e-15 7.79657e-16 4.12933e-16 2.16916e-16 1.13058e-16 5.84874e-17 3.00413e-17 1.5325e-17 7.76657e-18 3.91132e-18 1.95789e-18 9.74378e-19 4.82208e-19 2.37355e-19 1.16226e-19 5.66278e-20 2.74569e-20 1.32508e-20 6.36597e-21 3.04499e-21 1.45032e-21 6.87955e-22 3.25031e-22 1.52972e-22 7.17253e-23 3.35082e-23 1.55989e-23 7.23674e-24 3.34611e-24 1.54215e-24 7.08496e-25 3.24497e-25 1.48176e-25 6.74648e-26 3.06293e-26 1.38672e-26 6.26124e-27 2.81957e-27 1.26643e-27 5.67395e-28 2.53581e-28 1.13058e-28 5.02876e-29 2.23162e-29 9.881e-30 4.3654e-30 1.92446e-30 8.46596e-31 3.7166e-31 1.6283e-31 7.11968e-32 3.10701e-32 1.35331e-32 5.88352e-33 2.55319e-33 1.10598e-33 4.78241e-34 2.0644e-34 8.89617e-35 3.82727e-35 1.64385e-35 7.04919e-36 3.01808e-36 1.29017e-36 5.50684e-37 2.34697e-37 9.98787e-38 4.24434e-38 1.80106e-38 7.63205e-39 3.22965e-39 1.36484e-39
7.32356e-13 2.62051e-12 5.42522e-12 8.44465e-12 1.0928e-11 1.23844e-11 1.26807e-11 1.19749e-11 1.05807e-11 8.84035e-12 7.04078e-12 5.37897e-12 3.96173e-12 2.82458e-12 1.95604e-12 1.31943e-12 8.6902e-13 5.6002e-13 3.53739e-13 2.19354e-13 1.33717e-13 8.02284e-14 4.74285e-14 2.76527e-14 1.59146e-14 9.04805e-15 5.08533e-15 2.82726e-15 1.55579e-15 8.47823e-16 4.57765e-16 2.44996e-16 1.30028e-16 6.84608e-17 3.5771e-17 1.85544e-17 9.55713e-18 4.88985e-18 2.48581e-18 1.25591e-18 6.3076e-19 3.14983e-19 1.56428e-19 7.72746e-20 3.79779e-20 1.85727e-20 9.03943e-21 4.37923e-21 2.11208e-21 1.01424e-21 4.85004e-22 2.30984e-22 1.09573e-22 5.17797e-23 2.43781e-23 1.14359e-23 5.34578e-24 2.49039e-24 1.15633e-24 5.35165e-25 2.46902e-25 1.13561e-25 5.20752e-26 2.38104e-26 1.08559e-26 4.93583e-27 2.23808e-27 1.01215e-27 4.56549e-28 2.05416e-28 9.21957e-29 4.12799e-29 1.84392e-29 8.21755e-30 3.65395e-30 1.62115e-30 7.177e-31 3.17061e-31 1.39779e-31 6.14975e-32 2.70028e-32 1.18334e-32 5.17584e-33 2.25962e-33 9.84672e-34 4.28314e-34 1.85978e-34 8.06134e-35 3.48827e-35 1.5069e-35 6.49895e-36 2.79833e-36 1.203e-36 5.1636e-37 2.21296e-37 9.46978e-38 4.04633e-38 1.72643e-38 7.35555e-39 3.12945e-39 1.32959e-39
2.59701e-13 9.61459e-13 2.05047e-12 3.27799e-12 4.34696e-12 5.03938e-12 5.27088e-12 5.07846e-12 4.57358e-12 3.89139e-12 3.15368e-12 2.44995e-12 1.83374e-12 1.32789e-12 9.33512e-13 6.38947e-13 4.26834e-13 2.78878e-13 1.78533e-13 1.12165e-13 6.92529e-14 4.20719e-14 2.51765e-14 1.48549e-14 8.6497e-15 4.97427e-15 2.82726e-15 1.58926e-15 8.84046e-16 4.86902e-16 2.65651e-16 1.43644e-16 7.70103e-17 4.09515e-17 2.16077e-17 1.13165e-17 5.88456e-18 3.03911e-18 1.55929e-18 7.95001e-19 4.02878e-19 2.02976e-19 1.01688e-19 5.0669e-20 2.51154e-20 1.23863e-20 6.07886e-21 2.96928e-21 1.44376e-21 6.98899e-22 3.36877e-22 1.61705e-22 7.73073e-23 3.68144e-23 1.74648e-23 8.25477e-24 3.88764e-24 1.82453e-24 8.5337e-25 3.97821e-25 1.84858e-25 8.56302e-26 3.95445e-26 1.82074e-26 8.35889e-27 3.82662e-27 1.74694e-27 7.95364e-28 3.61165e-28 1.63578e-28 7.39005e-29 3.33041e-29 1.49727e-29 6.71551e-30 3.00506e-30 1.34167e-30 5.97693e-31 2.65686e-31 1.17852e-31 5.21676e-32 2.30452e-32 1.016e-32 4.47047e-33 1.96327e-33 8.60571e-34 3.76523e-34 1.6444e-34 7.16887e-35 3.11985e-35 1.35541e-35 5.87865e-36 2.54545e-36 1.10038e-36 4.74929e-37 2.04659e-37 8.80569e-38 3.783e-38 1.62278e-38 6.95098e-39 2.97307e-39 1.26983e-39
9.20924e-14 3.52361e-13 7.73437e-13 1.26898e-12 1.72339e-12 2.04264e-12 2.18132e-12 2.14332e-12 1.96655e-12 1.70325e-12 1.40407e-12 1.10876e-12 8.43077e-13 6.19878e-13 4.4225e-13 3.07059e-13 2.07991e-13 1.37741e-13 8.93466e-14 5.68573e-14 3.55468e-14 2.18607e-14 1.32391e-14 7.90345e-15 4.65504e-15 2.70726e-15 1.55579e-15 8.84046e-16 4.9701e-16 2.76606e-16 1.5247e-16 8.32793e-17 4.50928e-17 2.42141e-17 1.28998e-17 6.82019e-18 3.57974e-18 1.86586e-18 9.66047e-19 4.96963e-19 2.54076e-19 1.29127e-19 6.52495e-20 3.27895e-20 1.63898e-20 8.15032e-21 4.03283e-21 1.98587e-21 9.73347e-22 4.74921e-22 2.30714e-22 1.11605e-22 5.37657e-23 2.57982e-23 1.23307e-23 5.87152e-24 2.7856e-24 1.31686e-24 6.2037e-25 2.9127e-25 1.36305e-25 6.35824e-26 2.95668e-26 1.37072e-26 6.3358e-27 2.92009e-27 1.34203e-27 6.15071e-28 2.81136e-28 1.28163e-28 5.8276e-29 2.64315e-29 1.19587e-29 5.39754e-30 2.43044e-30 1.09187e-30 4.8941e-31 2.18884e-31 9.76814e-32 4.34998e-32 1.93311e-32 8.57315e-33 3.79449e-33 1.67615e-33 7.38987e-34 3.25192e-34 1.42835e-34 6.26241e-35 2.74076e-35 1.19739e-35 5.22222e-36 2.27372e-36 9.88319e-37 4.28891e-37 1.85822e-37 8.03828e-38 3.47179e-38 1.4972e-38 6.44698e-39 2.77198e-39 1.19012e-39
3.26569e-14 1.29e-13 2.91196e-13 4.90002e-13 6.81109e-13 8.24926e-13 8.98991e-13 9.00443e-13 8.41379e-13 7.41521e-13 6.21552e-13 4.98757e-13 3.85151e-13 2.87445e-13 2.08062e-13 1.46499e-13 1.00594e-13 6.75059e-14 4.43567e-14 2.85845e-14 1.80917e-14 1.12604e-14 6.89997e-15 4.16671e-15 2.48192e-15 1.45943e-15 8.47823e-16 4.86902e-16 2.76606e-16 1.55528e-16 8.65976e-17 4.77707e-17 2.61196e-17 1.4161e-17 7.61574e-18 4.06415e-18 2.15283e-18 1.13231e-18 5.91504e-19 3.06976e-19 1.58312e-19 8.11496e-20 4.13543e-20 2.09559e-20 1.05616e-20 5.29502e-21 2.6412e-21 1.31099e-21 6.4764e-22 3.18469e-22 1.55906e-22 7.59937e-23 3.68866e-23 1.78316e-23 8.58603e-24 4.11836e-24 1.96803e-24 9.3704e-25 4.44578e-25 2.10204e-25 9.90548e-26 4.65254e-26 2.17831e-26 1.01672e-26 4.73112e-27 2.19504e-27 1.01547e-27 4.68451e-28 2.15509e-28 9.88778e-29 4.52468e-29 2.06519e-29 9.40241e-30 4.2702e-30 1.93469e-30 8.74481e-31 3.94354e-31 1.77435e-31 7.96583e-32 3.56845e-32 1.59516e-32 7.11577e-33 3.16776e-33 1.40738e-33 6.24042e-34 2.76172e-34 1.21989e-34 5.37843e-35 2.36699e-35 1.03982e-35 4.55991e-36 1.99619e-36 8.72386e-37 3.80619e-37 1.6579e-37 7.20984e-38 3.13042e-38 1.35707e-38 5.87403e-39 2.53871e-39 1.09558e-39
1.15805e-14 4.71803e-14 1.09442e-13 1.88754e-13 2.68389e-13 3.31998e-13 3.69057e-13 3.76656e-13 3.58287e-13 3.21193e-13 2.73663e-13 2.23076e-13 1.74894e-13 1.32451e-13 9.72416e-14 6.94169e-14 4.83065e-14 3.28415e-14 2.18545e-14 1.42586e-14 9.13402e-15 5.75249e-15 3.56579e-15 2.17773e-15 1.31159e-15 7.79657e-16 4.57765e-16 2.65651e-16 1.5247e-16 8.65976e-17 4.86973e-17 2.71264e-17 1.49747e-17 8.19572e-18 4.44878e-18 2.39594e-18 1.28066e-18 6.79601e-19 3.58144e-19 1.87483e-19 9.75172e-20 5.041e-20 2.59039e-20 1.32349e-20 6.72465e-21 3.39855e-21 1.70872e-21 8.54816e-22 4.2557e-22 2.10878e-22 1.0402e-22 5.10844e-23 2.49805e-23 1.21649e-23 5.90019e-24 2.85049e-24 1.37189e-24 6.57818e-25 3.14287e-25 1.49631e-25 7.09956e-26 3.35732e-26 1.5825e-26 7.4356e-27 3.48295e-27 1.62655e-27 7.5737e-28 3.51641e-28 1.62806e-28 7.51709e-29 3.46149e-29 1.58978e-29 7.28274e-30 3.32784e-30 1.51692e-30 6.89791e-31 3.12932e-31 1.41638e-31 6.39627e-32 2.88213e-32 1.29585e-32 5.81399e-33 2.60307e-33 1.16308e-33 5.18633e-34 2.3081e-34 1.0252e-34 4.54506e-35 2.01122e-35 8.88353e-36 3.91679e-36 1.72388e-36 7.57409e-37 3.3221e-37 1.45468e-37 6.35925e-38 2.7755e-38 1.20944e-38 5.26193e-39 2.28579e-39 9.91448e-40
4.10654e-15 1.72398e-14 4.1064e-14 7.25454e-14 1.05462e-13 1.33178e-13 1.50946e-13 1.5691e-13 1.5189e-13 1.38459e-13 1.19875e-13 9.9233e-14 7.89645e-14 6.0667e-14 4.51638e-14 3.26788e-14 2.30411e-14 1.58659e-14 1.06902e-14 7.05977e-15 4.57638e-15 2.91572e-15 1.82796e-15 1.12884e-15 6.87302e-16 4.12933e-16 2.44996e-16 1.43644e-16 8.32793e-17 4.77707e-17 2.71264e-17 1.5256e-17 8.50167e-18 4.69639e-18 2.5727e-18 1.3981e-18 7.53971e-19 4.03623e-19 2.14551e-19 1.13276e-19 5.94164e-20 3.09704e-20 1.60456e-20 8.26467e-21 4.23298e-21 2.15626e-21 1.09262e-21 5.50837e-22 2.76335e-22 1.37967e-22 6.85648e-23 3.39218e-23 1.67095e-23 8.19621e-24 4.00385e-24 1.94809e-24 9.44176e-25 4.55887e-25 2.19314e-25 1.05128e-25 5.02182e-26 2.39071e-26 1.13437e-26 5.36512e-27 2.52951e-27 1.18894e-27 5.57157e-28 2.6033e-28 1.2129e-28 5.63524e-29 2.61103e-29 1.20656e-29 5.56095e-30 2.55645e-30 1.1723e-30 5.36259e-31 2.44719e-31 1.11414e-31 5.06068e-32 2.2935e-32 1.03711e-32 4.67963e-33 2.10704e-33 9.46731e-34 4.24513e-34 1.89969e-34 8.48435e-35 3.78193e-35 1.6826e-35 7.47204e-36 3.31208e-36 1.46548e-36 6.47275e-37 2.85393e-37 1.25619e-37 5.51994e-38 2.42157e-38 1.06061e-38 4.63784e-39 2.02486e-39 8.82675e-40
1.45622e-15 6.29394e-15 1.53837e-14 2.78222e-14 4.1331e-14 5.32577e-14 6.15211e-14 6.51133e-14 6.41192e-14 5.94142e-14 5.22542e-14 4.39152e-14 3.54589e-14 2.76293e-14 2.08517e-14 1.52889e-14 1.09196e-14 7.61407e-15 5.19332e-15 3.4708e-15 2.27625e-15 1.46686e-15 9.29919e-16 5.80561e-16 3.57278e-16 2.16916e-16 1.30028e-16 7.70103e-17 4.50928e-17 2.61196e-17 1.49747e-17 8.50167e-18 4.78188e-18 2.6658e-18 1.47355e-18 8.07913e-19 4.3952e-19 2.37326e-19 1.27231e-19 6.77395e-20 3.58268e-20 1.88277e-20 9.83359e-21 5.10558e-21 2.63564e-21 1.35307e-21 6.90923e-22 3.50984e-22 1.77405e-22 8.92345e-23 4.4674e-23 2.22635e-23 1.1046e-23 5.45694e-24 2.68459e-24 1.31535e-24 6.41931e-25 3.1208e-25 1.51154e-25 7.29444e-26 3.5077e-26 1.68094e-26 8.02819e-27 3.82169e-27 1.81343e-27 8.578e-28 4.04524e-28 1.90198e-28 8.91665e-29 4.16831e-29 1.94316e-29 9.03385e-30 4.18871e-30 1.93712e-30 8.93558e-31 4.11154e-31 1.88723e-31 8.64176e-32 3.94786e-32 1.79937e-32 8.18279e-33 3.71297e-33 1.68112e-33 7.59544e-34 3.42453e-34 1.54085e-34 6.91902e-35 3.10079e-35 1.38694e-35 6.19183e-36 2.7591e-36 1.22721e-36 5.44861e-37 2.4148e-37 1.06837e-37 4.71863e-38 2.08056e-38 9.15845e-39 4.02492e-39 1.76602e-39 7.73655e-40
