0.441783 0.0699134 0.0364178 0.0205921 0.0119783 0.00697326 0.00401624 0.0022808 0.00127744 0.000706706 0.000386876 0.000209929 0.000113075 6.05293e-05 3.22322e-05 1.70872e-05 9.02355e-06 4.7493e-06 2.49233e-06 1.30453e-06 6.81231e-07 3.55005e-07 1.84655e-07 9.58839e-08 4.97108e-08 2.57344e-08 1.3302e-08 6.86178e-09 3.52473e-09 1.78743e-09 9.20279e-10
0.0699134 0.0163269 0.00832446 0.00420249 0.00208239 0.001018 0.000493967 0.000238961 0.000115565 5.59569e-05 2.71477e-05 1.32002e-05 6.43287e-06 3.14164e-06 1.53732e-06 7.53605e-07 3.70013e-07 1.81933e-07 8.95691e-08 4.41469e-08 2.17813e-08 1.07563e-08 5.31619e-09 2.62936e-09 1.30125e-09 6.44214e-10 3.18819e-10 1.57349e-10 7.68e-11 3.59806e-11 1.78713e-11
0.0364178 0.00832446 0.00369265 0.00171066 0.000804754 0.000380937 0.000181048 8.63812e-05 4.138e-05 1.99026e-05 9.60936e-06 4.65598e-06 2.2631e-06 1.10309e-06 5.38992e-07 2.63929e-07 1.2948e-07 6.36259e-08 3.13104e-08 1.54275e-08 7.61003e-09 3.75758e-09 1.857e-09 9.18413e-10 4.54466e-10 2.24895e-10 1.11118e-10 5.45264e-11 2.61049e-11 1.28469e-11 6.38281e-12
0.0205921 0.00420249 0.00171066 0.000743277 0.00033469 0.000153852 7.16854e-05 3.37367e-05 1.60051e-05 7.64388e-06 3.67132e-06 1.77178e-06 8.58541e-07 4.17458e-07 2.03583e-07 9.95322e-08 4.87666e-08 2.39381e-08 1.17695e-08 5.79483e-09 2.85666e-09 1.40976e-09 6.96368e-10 3.44237e-10 1.70231e-10 8.41258e-11 4.14078e-11 2.00876e-11 9.9235e-12 4.88356e-12 2.42616e-12
0.0119783 0.00208239 0.000804754 0.00033469 0.000145865 6.55107e-05 3.00271e-05 1.39669e-05 6.56984e-06 3.11782e-06 1.49021e-06 7.16444e-07 3.46106e-07 1.67872e-07 8.16975e-08 3.98722e-08 1.95065e-08 9.56279e-09 4.69638e-09 2.31e-09 1.13774e-09 5.61023e-10 2.76912e-10 1.36773e-10 6.75545e-11 3.3298e-11 1.62797e-11 8.04674e-12 3.9747e-12 1.95567e-12 9.71255e-13
0.00697326 0.001018 0.000380937 0.000153852 6.55107e-05 2.89169e-05 1.30877e-05 6.03148e-06 2.81755e-06 1.33005e-06 6.33079e-07 3.03343e-07 1.46136e-07 7.07155e-08 3.43459e-08 1.67332e-08 8.17378e-09 4.00162e-09 1.96283e-09 9.64384e-10 4.74505e-10 2.33758e-10 1.15269e-10 5.68687e-11 2.80355e-11 1.3763e-11 6.79989e-12 3.36013e-12 1.65922e-12 8.16135e-13 4.0512e-13
0.00401624 0.000493967 0.000181048 7.16854e-05 3.00271e-05 1.30877e-05 5.86748e-06 2.68482e-06 1.24736e-06 5.86307e-07 2.78106e-07 1.32874e-07 6.38564e-08 3.0835e-08 1.49485e-08 7.27086e-09 3.54637e-09 1.73385e-09 8.49422e-10 4.16867e-10 2.04893e-10 1.00834e-10 4.96675e-11 2.44674e-11 1.20309e-11 5.93882e-12 2.93296e-12 1.44869e-12 7.1505e-13 3.51586e-13 1.74421e-13
0.0022808 0.000238961 8.63812e-05 3.37367e-05 1.39669e-05 6.03148e-06 2.68482e-06 1.22177e-06 5.65185e-07 2.64735e-07 1.2521e-07 5.9676e-08 2.86177e-08 1.37927e-08 6.67521e-09 3.24178e-09 1.57895e-09 7.70966e-10 3.77248e-10 1.84933e-10 9.07989e-11 4.46362e-11 2.19586e-11 1.07978e-11 5.32347e-12 2.62639e-12 1.29639e-12 6.40005e-13 3.15742e-13 1.55185e-13 7.69391e-14
0.00127744 0.000115565 4.138e-05 1.60051e-05 6.56984e-06 2.81755e-06 1.24736e-06 5.65185e-07 2.60542e-07 1.21687e-07 5.74124e-08 2.73044e-08 1.30689e-08 6.28795e-09 3.0384e-09 1.47347e-09 7.16723e-10 3.49528e-10 1.70834e-10 8.36543e-11 4.10289e-11 2.01466e-11 9.89718e-12 4.87187e-12 2.40036e-12 1.18352e-12 5.83853e-13 2.88079e-13 1.42049e-13 6.97871e-14 3.45781e-14
0.000706706 5.59569e-05 1.99026e-05 7.64388e-06 3.11782e-06 1.33005e-06 5.86307e-07 2.64735e-07 1.21687e-07 5.66948e-08 2.66916e-08 1.26699e-08 6.05388e-09 2.90818e-09 1.40323e-09 6.79584e-10 3.30151e-10 1.60819e-10 7.85146e-11 3.84065e-11 1.88165e-11 9.22861e-12 4.53442e-12 2.23047e-12 1.09822e-12 5.41145e-13 2.66798e-13 1.31567e-13 6.48408e-14 3.18425e-14 1.57677e-14
0.000386876 2.71477e-05 9.60936e-06 3.67132e-06 1.49021e-06 6.33079e-07 2.78106e-07 1.2521e-07 5.74124e-08 2.66916e-08 1.25423e-08 5.94336e-09 2.83536e-09 1.36008e-09 6.55375e-10 3.16999e-10 1.53822e-10 7.48447e-11 3.65019e-11 1.78369e-11 8.72948e-12 4.28012e-12 2.10142e-12 1.03295e-12 5.08253e-13 2.50284e-13 1.23323e-13 6.0781e-14 2.99397e-14 1.46971e-14 7.27343e-15
0.000209929 1.32002e-05 4.65598e-06 1.77178e-06 7.16444e-07 3.03343e-07 1.32874e-07 5.9676e-08 2.73044e-08 1.26699e-08 5.94336e-09 2.81191e-09 1.33951e-09 6.41681e-10 3.08813e-10 1.49194e-10 7.23152e-11 3.51493e-11 1.71249e-11 8.35972e-12 4.08905e-12 2.00332e-12 9.82848e-13 4.82781e-13 2.37391e-13 1.16829e-13 5.75319e-14 2.83398e-14 1.39528e-14 6.84665e-15 3.38644e-15
0.000113075 6.43287e-06 2.2631e-06 8.58541e-07 3.46106e-07 1.46136e-07 6.38564e-08 2.86177e-08 1.30689e-08 6.05388e-09 2.83536e-09 1.33951e-09 6.37246e-10 3.04882e-10 1.46553e-10 7.07244e-11 3.42444e-11 1.66279e-11 8.09326e-12 3.94812e-12 1.92963e-12 9.44652e-13 4.63124e-13 2.27336e-13 1.11714e-13 5.49452e-14 2.70424e-14 1.33139e-14 6.55187e-15 3.21381e-15 1.58874e-15
6.05293e-05 3.14164e-06 1.10309e-06 4.17458e-07 1.67872e-07 7.07155e-08 3.0835e-08 1.37927e-08 6.28795e-09 2.90818e-09 1.36008e-09 6.41681e-10 3.04882e-10 1.45694e-10 6.99557e-11 3.37241e-11 1.63126e-11 7.91322e-12 3.84868e-12 1.87597e-12 9.16168e-13 4.48186e-13 2.19576e-13 1.07714e-13 5.28987e-14 2.60027e-14 1.27909e-14 6.29421e-15 3.09601e-15 1.5181e-15 7.5009e-16
3.22322e-05 1.53732e-06 5.38992e-07 2.03583e-07 8.16975e-08 3.43459e-08 1.49485e-08 6.67521e-09 3.0384e-09 1.40323e-09 6.55375e-10 3.08813e-10 1.46553e-10 6.99557e-11 3.35542e-11 1.61596e-11 7.80904e-12 3.78515e-12 1.83944e-12 8.95909e-13 4.37214e-13 2.13735e-13 1.04645e-13 5.13021e-14 2.51798e-14 1.23705e-14 6.08192e-15 2.99138e-15 1.47076e-15 7.20931e-16 3.56037e-16
1.70872e-05 7.53605e-07 2.63929e-07 9.95322e-08 3.98722e-08 1.67332e-08 7.27086e-09 3.24178e-09 1.47347e-09 6.79584e-10 3.16999e-10 1.49194e-10 7.07244e-11 3.37241e-11 1.61596e-11 7.77493e-12 3.75418e-12 1.81821e-12 8.82895e-13 4.297e-13 2.09552e-13 1.02373e-13 5.00904e-14 2.45423e-14 1.20389e-14 5.91141e-15 2.90489e-15 1.4281e-15 7.01853e-16 3.43919e-16 1.69768e-16
9.02355e-06 3.70013e-07 1.2948e-07 4.87666e-08 1.95065e-08 8.17378e-09 3.54637e-09 1.57895e-09 7.16723e-10 3.30151e-10 1.53822e-10 7.23152e-11 3.42444e-11 1.63126e-11 7.80904e-12 3.75418e-12 1.81124e-12 8.76529e-13 4.25315e-13 2.06853e-13 1.00809e-13 4.92175e-14 2.40673e-14 1.17853e-14 5.77805e-15 2.83572e-15 1.39282e-15 6.84433e-16 3.36235e-16 1.64709e-16 8.12692e-17
4.7493e-06 1.81933e-07 6.36259e-08 2.39381e-08 9.56279e-09 4.00162e-09 1.73385e-09 7.70966e-10 3.49528e-10 1.60819e-10 7.48447e-11 3.51493e-11 1.66279e-11 7.91322e-12 3.78515e-12 1.81821e-12 8.76529e-13 4.23872e-13 2.05529e-13 9.98932e-14 4.86518e-14 2.37387e-14 1.16016e-14 5.678e-15 2.78235e-15 1.36485e-15 6.70064e-16 3.29129e-16 1.61626e-16 7.91509e-17 3.90374e-17
2.49233e-06 8.95691e-08 3.13104e-08 1.17695e-08 4.69638e-09 1.96283e-09 8.49422e-10 3.77248e-10 1.70834e-10 7.85146e-11 3.65019e-11 1.71249e-11 8.09326e-12 3.84868e-12 1.83944e-12 8.82895e-13 4.25315e-13 2.05529e-13 9.95915e-14 4.83737e-14 2.35456e-14 1.1482e-14 5.60845e-15 2.74345e-15 1.34369e-15 6.58824e-16 3.23304e-16 1.58739e-16 7.79232e-17 3.81494e-17 1.88077e-17
1.30453e-06 4.41469e-08 1.54275e-08 5.79483e-09 2.31e-09 9.64384e-10 4.16867e-10 1.84933e-10 8.36543e-11 3.84065e-11 1.78369e-11 8.35972e-12 3.94812e-12 1.87597e-12 8.95909e-13 4.297e-13 2.06853e-13 9.98932e-14 4.83737e-14 2.34819e-14 1.14231e-14 5.56746e-15 2.71803e-15 1.3289e-15 6.50568e-16 3.18837e-16 1.56397e-16 7.67592e-17 3.76668e-17 1.84357e-17 9.08533e-18
6.81231e-07 2.17813e-08 7.61003e-09 2.85666e-09 1.13774e-09 4.74505e-10 2.04893e-10 9.07989e-11 4.10289e-11 1.88165e-11 8.72948e-12 4.08905e-12 1.92963e-12 9.16168e-13 4.37214e-13 2.09552e-13 1.00809e-13 4.86518e-14 2.35456e-14 1.14231e-14 5.55392e-15 2.70548e-15 1.32016e-15 6.45149e-16 3.15692e-16 1.54652e-16 7.58297e-17 3.7203e-17 1.82498e-17 8.92986e-18 4.3991e-18
3.55005e-07 1.07563e-08 3.75758e-09 1.40976e-09 5.61023e-10 2.33758e-10 1.00834e-10 4.46362e-11 2.01466e-11 9.22861e-12 4.28012e-12 2.00332e-12 9.44652e-13 4.48186e-13 2.13735e-13 1.02373e-13 4.92175e-14 2.37387e-14 1.1482e-14 5.56746e-15 2.70548e-15 1.31727e-15 6.42466e-16 3.13825e-16 1.53498e-16 7.51654e-17 3.68412e-17 1.80682e-17 8.8604e-18 4.33441e-18 2.13449e-18
1.84655e-07 5.31619e-09 1.857e-09 6.96368e-10 2.76912e-10 1.15269e-10 4.96675e-11 2.19586e-11 9.89718e-12 4.53442e-12 2.10142e-12 9.82848e-13 4.63124e-13 2.19576e-13 1.04645e-13 5.00904e-14 2.40673e-14 1.16016e-14 5.60845e-15 2.71803e-15 1.32016e-15 6.42466e-16 3.13206e-16 1.52925e-16 7.47682e-17 3.65983e-17 1.79315e-17 8.79116e-18 4.30971e-18 2.10775e-18 1.03761e-18
9.58839e-08 2.62936e-09 9.18413e-10 3.44237e-10 1.36773e-10 5.68687e-11 2.44674e-11 1.07978e-11 4.87187e-12 2.23047e-12 1.03295e-12 4.82781e-13 2.27336e-13 1.07714e-13 5.13021e-14 2.45423e-14 1.17853e-14 5.678e-15 2.74345e-15 1.3289e-15 6.45149e-16 3.13825e-16 1.52925e-16 7.46361e-17 3.64767e-17 1.78483e-17 8.74174e-18 4.28434e-18 2.09968e-18 1.02665e-18 5.05239e-19
4.97108e-08 1.30125e-09 4.54466e-10 1.70231e-10 6.75545e-11 2.80355e-11 1.20309e-11 5.32347e-12 2.40036e-12 1.09822e-12 5.08253e-13 2.37391e-13 1.11714e-13 5.28987e-14 2.51798e-14 1.20389e-14 5.77805e-15 2.78235e-15 1.34369e-15 6.50568e-16 3.15692e-16 1.53498e-16 7.47682e-17 3.64767e-17 1.78205e-17 8.71655e-18 4.26774e-18 2.09096e-18 1.02445e-18 5.00798e-19 2.46376e-19
2.57344e-08 6.44214e-10 2.24895e-10 8.41258e-11 3.3298e-11 1.3763e-11 5.93882e-12 2.62639e-12 1.18352e-12 5.41145e-13 2.50284e-13 1.16829e-13 5.49452e-14 2.60027e-14 1.23705e-14 5.91141e-15 2.83572e-15 1.36485e-15 6.58824e-16 3.18837e-16 1.54652e-16 7.51654e-17 3.65983e-17 1.78483e-17 8.71655e-18 4.26208e-18 2.0861e-18 1.02176e-18 5.00465e-19 2.44598e-19 1.20298e-19
1.3302e-08 3.18819e-10 1.11118e-10 4.14078e-11 1.62797e-11 6.79989e-12 2.93296e-12 1.29639e-12 5.83853e-13 2.66798e-13 1.23323e-13 5.75319e-14 2.70424e-14 1.27909e-14 6.08192e-15 2.90489e-15 1.39282e-15 6.70064e-16 3.23304e-16 1.56397e-16 7.58297e-17 3.68412e-17 1.79315e-17 8.74174e-18 4.26774e-18 2.0861e-18 1.02074e-18 4.99807e-19 2.44744e-19 1.19593e-19 5.88012e-20
6.86178e-09 1.57349e-10 5.45264e-11 2.00876e-11 8.04674e-12 3.36013e-12 1.44869e-12 6.40005e-13 2.88079e-13 1.31567e-13 6.0781e-14 2.83398e-14 1.33139e-14 6.29421e-15 2.99138e-15 1.4281e-15 6.84433e-16 3.29129e-16 1.58739e-16 7.67592e-17 3.7203e-17 1.80682e-17 8.79116e-18 4.28434e-18 2.09096e-18 1.02176e-18 4.99807e-19 2.44666e-19 1.19778e-19 5.85174e-20 2.8764e-20
3.52473e-09 7.68e-11 2.61049e-11 9.9235e-12 3.9747e-12 1.65922e-12 7.1505e-13 3.15742e-13 1.42049e-13 6.48408e-14 2.99397e-14 1.39528e-14 6.55187e-15 3.09601e-15 1.47076e-15 7.01853e-16 3.36235e-16 1.61626e-16 7.79232e-17 3.76668e-17 1.82498e-17 8.8604e-18 4.30971e-18 2.09968e-18 1.02445e-18 5.00465e-19 2.44744e-19 1.19778e-19 5.86249e-20 2.86362e-20 1.40726e-20
1.78743e-09 3.59806e-11 1.28469e-11 4.88356e-12 1.95567e-12 8.16135e-13 3.51586e-13 1.55185e-13 6.97871e-14 3.18425e-14 1.46971e-14 6.84665e-15 3.21381e-15 1.5181e-15 7.20931e-16 3.43919e-16 1.64709e-16 7.91509e-17 3.81494e-17 1.84357e-17 8.92986e-18 4.33441e-18 2.10775e-18 1.02665e-18 5.00798e-19 2.44598e-19 1.19593e-19 5.85174e-20 2.86362e-20 1.39859e-20 6.87174e-21
9.20279e-10 1.78713e-11 6.38281e-12 2.42616e-12 9.71255e-13 4.0512e-13 1.74421e-13 7.69391e-14 3.45781e-14 1.57677e-14 7.27343e-15 3.38644e-15 1.58874e-15 7.5009e-16 3.56037e-16 1.69768e-16 8.12692e-17 3.90374e-17 1.88077e-17 9.08533e-18 4.3991e-18 2.13449e-18 1.03761e-18 5.05239e-19 2.46376e-19 1.20298e-19 5.88012e-20 2.8764e-20 1.40726e-20 6.87174e-21 3.37542e-21
