0.488413 0.0648136 0.036733 0.0208184 0.0117988 0.00668692 0.0037898 0.00214786 0.0012173 0.0006899 0.000390999 0.000221598 0.00012559 7.1178e-05 4.034e-05 2.28626e-05 1.29573e-05 7.34355e-06 4.16194e-06 2.35877e-06 1.33683e-06 7.57645e-07 4.29394e-07 2.43358e-07 1.37923e-07 7.81674e-08 4.43012e-08 2.51076e-08 1.42297e-08 8.06465e-09 4.57062e-09 2.59039e-09 1.4681e-09 8.32042e-10 4.71558e-10 2.67255e-10 1.51466e-10 8.58431e-11 4.86514e-11 2.75731e-11 1.5627e-11 8.85656e-12 5.01944e-12 2.84476e-12 1.61226e-12 9.13745e-13 5.17863e-13 2.93498e-13 1.66339e-13 9.42725e-14 5.34287e-14 3.02806e-14 1.71615e-14 9.72624e-15 5.51233e-15 3.1241e-15 1.77058e-15 1.00347e-15 5.68715e-16 3.22318e-16 1.82673e-16 1.0353e-16 5.86752e-17 3.32541e-17 1.88467e-17 1.06813e-17 6.05361e-18 3.43087e-18 1.94444e-18 1.10201e-18 6.2456e-19 3.53968e-19 2.00611e-19 1.13696e-19 6.44368e-20 3.65195e-20 2.06973e-20 1.17302e-20 6.64805e-21 3.76777e-21 2.13537e-21 1.21022e-21 6.85889e-22 3.88726e-22 2.2031e-22 1.2486e-22 7.07643e-23 4.01055e-23 2.27297e-23 1.2882e-23 7.30086e-24 4.13775e-24 2.34506e-24 1.32906e-24 7.53241e-25 4.26898e-25 2.41943e-25 1.37121e-25 7.7713e-26 4.40437e-26 2.49617e-26
0.0648136 0.0254069 0.0162313 0.0102374 0.00639045 0.00395528 0.00243066 0.00148469 0.000902157 0.000545703 0.000328777 0.000197385 0.000118131 7.05007e-05 4.1968e-05 2.49255e-05 1.47727e-05 8.73866e-06 5.16019e-06 3.04217e-06 1.79081e-06 1.05273e-06 6.18046e-07 3.62414e-07 2.12276e-07 1.24205e-07 7.26026e-08 4.23996e-08 2.47396e-08 1.44233e-08 8.40234e-09 4.8912e-09 2.8453e-09 1.65406e-09 9.60956e-10 5.57949e-10 3.2377e-10 1.87778e-10 1.08849e-10 6.30651e-11 3.65214e-11 2.11401e-11 1.22315e-11 7.07404e-12 4.0896e-12 2.36335e-12 1.36525e-12 7.8839e-13 4.55115e-13 2.62637e-13 1.51514e-13 8.73803e-14 5.03785e-14 2.9037e-14 1.67316e-14 9.6384e-15 5.55085e-15 3.19598e-15 1.83968e-15 1.05871e-15 6.09132e-16 3.50388e-16 2.01508e-16 1.15863e-16 6.66048e-17 3.82809e-17 2.19975e-17 1.26382e-17 7.25963e-18 4.16934e-18 2.39411e-18 1.37451e-18 7.89008e-19 4.52839e-19 2.59859e-19 1.49096e-19 8.55322e-20 4.90602e-20 2.81363e-20 1.61341e-20 9.25048e-21 5.30305e-21 3.0397e-21 1.74213e-21 9.98337e-22 5.72033e-22 3.27728e-22 1.87739e-22 1.07534e-22 6.15874e-23 3.52686e-23 2.01948e-23 1.15623e-23 6.6192e-24 3.78899e-24 2.16869e-24 1.24117e-24 7.10268e-25 4.06419e-25 2.32534e-25 1.33033e-25
0.036733 0.0162313 0.0109555 0.00725625 0.00473533 0.00305338 0.00194942 0.00123424 0.000775879 0.000484729 0.000301196 0.000186259 0.000114691 7.03519e-05 4.30048e-05 2.62054e-05 1.59226e-05 9.64925e-06 5.83334e-06 3.51856e-06 2.11791e-06 1.27236e-06 7.62999e-07 4.56776e-07 2.73019e-07 1.62943e-07 9.71105e-08 5.7799e-08 3.43582e-08 2.03997e-08 1.20983e-08 7.16743e-09 4.24188e-09 2.50802e-09 1.4815e-09 8.74351e-10 5.15589e-10 3.03787e-10 1.78854e-10 1.05221e-10 6.1858e-11 3.63406e-11 2.13354e-11 1.25179e-11 7.34003e-12 4.30137e-12 2.51923e-12 1.47466e-12 8.62744e-13 5.04487e-13 2.94851e-13 1.72245e-13 1.00574e-13 5.86992e-14 3.42442e-14 1.99691e-14 1.16399e-14 6.78216e-15 3.95019e-15 2.29987e-15 1.33854e-15 7.78757e-16 4.52921e-16 2.63328e-16 1.53048e-16 8.89243e-17 5.16508e-17 2.99918e-17 1.741e-17 1.01034e-17 5.86159e-18 3.39972e-18 1.97131e-18 1.14275e-18 6.62272e-19 3.83719e-19 2.22271e-19 1.28721e-19 7.4527e-20 4.31398e-20 2.49658e-20 1.4445e-20 8.35595e-21 4.83263e-21 2.79435e-21 1.61544e-21 9.33717e-22 5.39579e-22 3.11755e-22 1.8009e-22 1.04013e-22 6.00629e-23 3.46776e-23 2.00179e-23 1.15535e-23 6.66707e-24 3.84669e-24 2.21906e-24 1.27992e-24 7.38125e-25 4.25609e-25
0.0208184 0.0102374 0.00725625 0.00501565 0.00340072 0.00227069 0.00149729 0.000977034 0.000631904 0.000405565 0.00025856 0.000163869 0.000103311 6.48257e-05 4.0504e-05 2.52097e-05 1.56351e-05 9.66553e-06 5.95733e-06 3.66164e-06 2.24483e-06 1.37294e-06 8.37819e-07 5.10199e-07 3.1008e-07 1.88107e-07 1.13915e-07 6.8871e-08 4.15734e-08 2.50583e-08 1.50826e-08 9.06612e-09 5.44267e-09 3.26343e-09 1.95449e-09 1.16925e-09 6.9875e-10 4.17151e-10 2.48794e-10 1.48244e-10 8.82518e-11 5.24919e-11 3.1196e-11 1.85248e-11 1.09919e-11 6.51725e-12 3.86138e-12 2.28621e-12 1.35268e-12 7.99816e-13 4.72617e-13 2.79101e-13 1.64723e-13 9.71623e-14 5.72792e-14 3.37489e-14 1.98743e-14 1.16977e-14 6.88168e-15 4.04647e-15 2.37822e-15 1.3971e-15 8.20371e-16 4.81506e-16 2.82494e-16 1.65667e-16 9.71151e-17 5.69071e-17 3.33333e-17 1.95177e-17 1.1424e-17 6.68422e-18 3.90959e-18 2.28594e-18 1.33614e-18 7.8072e-19 4.56038e-19 2.66299e-19 1.55455e-19 9.07217e-20 5.29284e-20 3.08703e-20 1.79999e-20 1.04925e-20 6.11465e-21 3.56245e-21 2.07497e-21 1.20827e-21 7.03407e-22 4.09396e-22 2.38218e-22 1.38581e-22 8.05992e-23 4.68661e-23 2.72452e-23 1.58353e-23 9.20168e-24 5.34584e-24 3.10509e-24 1.8032e-24 1.04695e-24
0.0117988 0.00639045 0.00473533 0.00340072 0.00238543 0.00164265 0.00111438 0.000746695 0.000495108 0.000325346 0.000212122 0.00013735 8.8391e-05 5.65716e-05 3.60275e-05 2.28409e-05 1.44214e-05 9.07109e-06 5.68593e-06 3.55259e-06 2.21304e-06 1.37476e-06 8.51786e-07 5.26473e-07 3.24659e-07 1.99775e-07 1.22679e-07 7.51909e-08 4.6001e-08 2.80943e-08 1.71299e-08 1.04283e-08 6.33903e-09 3.84781e-09 2.33246e-09 1.41205e-09 8.53772e-10 5.15602e-10 3.11021e-10 1.87406e-10 1.12803e-10 6.7828e-11 4.07448e-11 2.44525e-11 1.46614e-11 8.78302e-12 5.25704e-12 3.14398e-12 1.87876e-12 1.12182e-12 6.6935e-13 3.99086e-13 2.37778e-13 1.41573e-13 8.42368e-14 5.00889e-14 2.97652e-14 1.76771e-14 1.04919e-14 6.22371e-15 3.68977e-15 2.1863e-15 1.29476e-15 7.66379e-16 4.53395e-16 2.68099e-16 1.58454e-16 9.36071e-17 5.5273e-17 3.26229e-17 1.9246e-17 1.13494e-17 6.68994e-18 3.94179e-18 2.32162e-18 1.36684e-18 8.0441e-19 4.73232e-19 2.78298e-19 1.63603e-19 9.61427e-20 5.64796e-20 3.31681e-20 1.94717e-20 1.14274e-20 6.70423e-21 3.93202e-21 2.30541e-21 1.3513e-21 7.91814e-22 4.63841e-22 2.71638e-22 1.59034e-22 9.30832e-23 5.4467e-23 3.18625e-23 1.86343e-23 1.08952e-23 6.36863e-24 3.72177e-24 2.17444e-24
0.00668692 0.00395528 0.00305338 0.00227069 0.00164265 0.00116316 0.000809597 0.00055558 0.000376741 0.000252871 0.000168228 0.000111047 7.27961e-05 4.74259e-05 3.07251e-05 1.98046e-05 1.27065e-05 8.11787e-06 5.16601e-06 3.27563e-06 2.07001e-06 1.30403e-06 8.19086e-07 5.13073e-07 3.20559e-07 1.99794e-07 1.24239e-07 7.70892e-08 4.77349e-08 2.95007e-08 1.81979e-08 1.12058e-08 6.88868e-09 4.22795e-09 2.59093e-09 1.58541e-09 9.68762e-10 5.91159e-10 3.60269e-10 2.19284e-10 1.33311e-10 8.09512e-11 4.91016e-11 2.97509e-11 1.80075e-11 1.08886e-11 6.57765e-12 3.96973e-12 2.39363e-12 1.44202e-12 8.67989e-13 5.22034e-13 3.13715e-13 1.8838e-13 1.13033e-13 6.77727e-14 4.06065e-14 2.43128e-14 1.45472e-14 8.69839e-15 5.19781e-15 3.10406e-15 1.85257e-15 1.105e-15 6.58717e-16 3.92455e-16 2.3369e-16 1.39078e-16 8.27269e-17 4.91827e-17 2.92254e-17 1.73578e-17 1.03043e-17 6.11423e-18 3.6263e-18 2.14977e-18 1.27387e-18 7.54527e-19 4.46724e-19 2.64377e-19 1.56399e-19 9.24846e-20 5.46684e-20 3.23026e-20 1.90799e-20 1.12656e-20 6.64929e-21 3.92322e-21 2.31398e-21 1.36436e-21 8.04176e-22 4.73839e-22 2.79107e-22 1.64351e-22 9.6747e-23 5.69337e-23 3.34943e-23 1.9699e-23 1.15822e-23 6.80786e-24 4.00045e-24
0.0037898 0.00243066 0.00194942 0.00149729 0.00111438 0.000809597 0.000576943 0.000404694 0.000280126 0.000191713 0.000129921 8.72878e-05 5.81973e-05 3.8537e-05 2.53614e-05 1.65972e-05 1.08063e-05 7.00302e-06 4.51875e-06 2.90413e-06 1.85953e-06 1.18656e-06 7.54695e-07 4.78564e-07 3.02603e-07 1.90828e-07 1.20037e-07 7.53265e-08 4.71625e-08 2.94653e-08 1.83712e-08 1.14319e-08 7.10053e-09 4.40244e-09 2.72495e-09 1.68391e-09 1.03897e-09 6.40085e-10 3.93776e-10 2.41915e-10 1.48422e-10 9.09448e-11 5.56574e-11 3.40213e-11 2.07721e-11 1.26686e-11 7.71806e-12 4.69719e-12 2.85582e-12 1.73461e-12 1.0526e-12 6.38152e-13 3.86546e-13 2.33939e-13 1.41462e-13 8.54718e-14 5.16014e-14 3.11291e-14 1.87648e-14 1.13033e-14 6.80388e-15 4.09267e-15 2.46016e-15 1.47786e-15 8.87204e-16 5.32281e-16 3.19148e-16 1.91242e-16 1.1453e-16 6.85502e-17 4.10066e-17 2.45167e-17 1.465e-17 8.74956e-18 5.22291e-18 3.11617e-18 1.8583e-18 1.10765e-18 6.59909e-19 3.92975e-19 2.3391e-19 1.39169e-19 8.27646e-20 4.91996e-20 2.92346e-20 1.73642e-20 1.03095e-20 6.11853e-21 3.62985e-21 2.15261e-21 1.27608e-21 7.56189e-22 4.47947e-22 2.65257e-22 1.57021e-22 9.29175e-23 5.49656e-23 3.25043e-23 1.92153e-23 1.13557e-23 6.70881e-24
0.00214786 0.00148469 0.00123424 0.000977034 0.000746695 0.00055558 0.000404694 0.000289711 0.000204404 0.000142439 9.81994e-05 6.70658e-05 4.54228e-05 3.05359e-05 2.03907e-05 1.35335e-05 8.93261e-06 5.86591e-06 3.83404e-06 2.49513e-06 1.61727e-06 1.04434e-06 6.7201e-07 4.31007e-07 2.75583e-07 1.75694e-07 1.11704e-07 7.08358e-08 4.48094e-08 2.82794e-08 1.78076e-08 1.11898e-08 7.01719e-09 4.39204e-09 2.7439e-09 1.71121e-09 1.06538e-09 6.62216e-10 4.10976e-10 2.54673e-10 1.57587e-10 9.73767e-11 6.00906e-11 3.70336e-11 2.27951e-11 1.40141e-11 8.60554e-12 5.27838e-12 3.23406e-12 1.97941e-12 1.21025e-12 7.39233e-13 4.51094e-13 2.75007e-13 1.67504e-13 1.01934e-13 6.19779e-14 3.76522e-14 2.28553e-14 1.38624e-14 8.40143e-15 5.08789e-15 3.07895e-15 1.86189e-15 1.12512e-15 6.79434e-16 4.1002e-16 2.47273e-16 1.49029e-16 8.97626e-17 5.40323e-17 3.25051e-17 1.95432e-17 1.17433e-17 7.05251e-18 4.23309e-18 2.53944e-18 1.52262e-18 9.12469e-19 5.46546e-19 3.27205e-19 1.95795e-19 1.17105e-19 7.00082e-20 4.18333e-20 2.49861e-20 1.49171e-20 8.90186e-21 5.30997e-21 3.16608e-21 1.88701e-21 1.12421e-21 6.69503e-22 3.98553e-22 2.37167e-22 1.41077e-22 8.38879e-23 4.98635e-23 2.96286e-23 1.75989e-23 1.04498e-23
0.0012173 0.000902157 0.000775879 0.000631904 0.000495108 0.000376741 0.000280126 0.000204404 0.000146824 0.000104062 7.29052e-05 5.05621e-05 3.47531e-05 2.36964e-05 1.60412e-05 1.07882e-05 7.21225e-06 4.79532e-06 3.17233e-06 2.08889e-06 1.36954e-06 8.94299e-07 5.81778e-07 3.77137e-07 2.43669e-07 1.56945e-07 1.00789e-07 6.45456e-08 4.12262e-08 2.62658e-08 1.66944e-08 1.05868e-08 6.69912e-09 4.2303e-09 2.66602e-09 1.677e-09 1.05296e-09 6.59981e-10 4.12975e-10 2.57998e-10 1.60929e-10 1.00231e-10 6.23366e-11 3.87151e-11 2.40123e-11 1.48738e-11 9.20162e-12 5.68563e-12 3.50898e-12 2.16315e-12 1.33203e-12 8.19355e-13 5.03475e-13 3.09061e-13 1.89532e-13 1.1612e-13 7.10762e-14 4.34659e-14 2.65577e-14 1.62128e-14 9.88926e-15 6.02718e-15 3.67044e-15 2.2335e-15 1.35807e-15 8.25164e-16 5.01006e-16 3.03976e-16 1.84304e-16 1.1167e-16 6.76168e-17 4.09158e-17 2.47431e-17 1.49537e-17 9.03189e-18 5.45196e-18 3.28908e-18 1.98312e-18 1.19504e-18 7.19743e-19 4.33252e-19 2.6066e-19 1.56742e-19 9.42058e-20 5.65918e-20 3.39796e-20 2.03927e-20 1.22329e-20 7.33469e-21 4.3958e-21 2.6333e-21 1.57679e-21 9.43758e-22 5.6463e-22 3.37665e-22 2.01851e-22 1.20615e-22 7.20446e-23 4.30162e-23 2.56741e-23 1.53178e-23
0.0006899 0.000545703 0.000484729 0.000405565 0.000325346 0.000252871 0.000191713 0.000142439 0.000104062 7.49433e-05 5.33093e-05 3.75122e-05 2.61447e-05 1.80668e-05 1.23891e-05 8.43661e-06 5.7087e-06 3.84039e-06 2.56972e-06 1.71096e-06 1.13395e-06 7.48319e-07 4.91856e-07 3.22075e-07 2.10157e-07 1.36674e-07 8.86067e-08 5.7274e-08 3.6917e-08 2.3732e-08 1.52174e-08 9.73404e-09 6.21219e-09 3.95583e-09 2.51371e-09 1.5941e-09 1.00896e-09 6.37417e-10 4.01974e-10 2.53062e-10 1.59051e-10 9.98055e-11 6.25323e-11 3.9121e-11 2.44396e-11 1.52467e-11 9.49893e-12 5.91032e-12 3.67283e-12 2.27962e-12 1.41323e-12 8.7511e-13 5.41291e-13 3.34448e-13 2.06429e-13 1.27283e-13 7.84038e-14 4.82486e-14 2.96635e-14 1.82206e-14 1.11818e-14 6.85624e-15 4.20039e-15 2.57118e-15 1.57262e-15 9.6111e-16 5.8693e-16 3.58156e-16 2.18392e-16 1.33073e-16 8.10279e-17 4.93039e-17 2.99802e-17 1.8218e-17 1.10633e-17 6.71422e-18 4.07227e-18 2.46838e-18 1.49531e-18 9.05303e-19 5.47784e-19 3.31268e-19 2.00222e-19 1.20951e-19 7.30254e-20 4.4067e-20 2.65785e-20 1.60225e-20 9.65416e-21 5.81418e-21 3.4999e-21 2.10581e-21 1.26644e-21 7.61291e-22 4.5743e-22 2.74731e-22 1.64932e-22 9.89734e-23 5.93677e-23 3.55963e-23 2.13345e-23
0.000390999 0.000328777 0.000301196 0.00025856 0.000212122 0.000168228 0.000129921 9.81994e-05 7.29052e-05 5.33093e-05 3.84722e-05 2.74477e-05 1.93847e-05 1.35668e-05 9.41798e-06 6.48983e-06 4.44209e-06 3.02179e-06 2.04398e-06 1.37534e-06 9.20931e-07 6.13867e-07 4.07455e-07 2.69377e-07 1.77427e-07 1.16453e-07 7.61804e-08 4.96788e-08 3.23003e-08 2.09418e-08 1.35411e-08 8.73343e-09 5.61893e-09 3.60669e-09 2.30991e-09 1.47623e-09 9.41505e-10 5.99289e-10 3.80741e-10 2.41453e-10 1.52854e-10 9.6602e-11 6.09523e-11 3.83983e-11 2.41532e-11 1.51705e-11 9.51505e-12 5.9597e-12 3.72787e-12 2.32882e-12 1.45301e-12 9.05471e-13 5.63597e-13 3.50401e-13 2.1761e-13 1.34996e-13 8.36582e-14 5.17905e-14 3.20301e-14 1.97899e-14 1.22157e-14 7.53339e-15 4.64165e-15 2.85741e-15 1.75751e-15 1.08009e-15 6.63238e-16 4.06939e-16 2.49488e-16 1.5284e-16 9.35623e-17 5.7233e-17 3.49849e-17 2.13703e-17 1.3045e-17 7.95762e-18 4.85107e-18 2.95536e-18 1.79933e-18 1.09481e-18 6.65741e-19 4.04586e-19 2.45733e-19 1.49165e-19 9.04948e-20 5.48708e-20 3.32523e-20 2.01406e-20 1.21925e-20 7.37719e-21 4.46138e-21 2.69669e-21 1.62922e-21 9.83832e-22 5.93821e-22 3.58252e-22 2.16035e-22 1.30215e-22 7.84528e-23 4.7246e-23 2.84404e-23
0.000221598 0.000197385 0.000186259 0.000163869 0.00013735 0.000111047 8.72878e-05 6.70658e-05 5.05621e-05 3.75122e-05 2.74477e-05 1.98419e-05 1.41911e-05 1.00532e-05 7.06106e-06 4.92106e-06 3.40543e-06 2.34136e-06 1.60019e-06 1.08761e-06 7.35451e-07 4.94948e-07 3.31611e-07 2.2125e-07 1.47039e-07 9.73585e-08 6.42392e-08 4.22467e-08 2.76966e-08 1.81037e-08 1.18e-08 7.67059e-09 4.97346e-09 3.21679e-09 2.07571e-09 1.3364e-09 8.58552e-10 5.50427e-10 3.52183e-10 2.24909e-10 1.43365e-10 9.12245e-11 5.79475e-11 3.67486e-11 2.32677e-11 1.47094e-11 9.28514e-12 5.85267e-12 3.68393e-12 2.31568e-12 1.4537e-12 9.11414e-13 5.70713e-13 3.56941e-13 2.2298e-13 1.39136e-13 8.67228e-14 5.39955e-14 3.35834e-14 2.08664e-14 1.2952e-14 8.03163e-15 4.97574e-15 3.07971e-15 1.90444e-15 1.17664e-15 7.26346e-16 4.48e-16 2.76092e-16 1.70012e-16 1.04608e-16 6.4315e-17 3.95123e-17 2.42567e-17 1.48805e-17 9.12209e-18 5.58817e-18 3.42097e-18 2.09286e-18 1.27952e-18 7.81758e-19 4.77338e-19 2.9128e-19 1.77637e-19 1.08267e-19 6.59488e-20 4.01483e-20 2.44278e-20 1.48545e-20 9.02814e-21 5.4841e-21 3.32954e-21 2.02041e-21 1.22539e-21 7.42831e-22 4.50084e-22 2.72576e-22 1.64997e-22 9.98295e-23 6.0373e-23 3.64947e-23
0.00012559 0.000118131 0.000114691 0.000103311 8.8391e-05 7.27961e-05 5.81973e-05 4.54228e-05 3.47531e-05 2.61447e-05 1.93847e-05 1.41911e-05 1.02731e-05 7.36282e-06 5.22973e-06 3.68449e-06 2.57664e-06 1.78969e-06 1.23533e-06 8.4777e-07 5.78684e-07 3.93038e-07 2.65704e-07 1.78839e-07 1.19878e-07 8.00453e-08 5.3253e-08 3.53062e-08 2.3331e-08 1.53697e-08 1.00951e-08 6.61202e-09 4.31904e-09 2.814e-09 1.82892e-09 1.18588e-09 7.67198e-10 4.95259e-10 3.19046e-10 2.05117e-10 1.31618e-10 8.42983e-11 5.38944e-11 3.43968e-11 2.19162e-11 1.39415e-11 8.85471e-12 5.61541e-12 3.55592e-12 2.24856e-12 1.4199e-12 8.95422e-13 5.63941e-13 3.54725e-13 2.22852e-13 1.39837e-13 8.7644e-14 5.48695e-14 3.43132e-14 2.14351e-14 1.33763e-14 8.33876e-15 5.1932e-15 3.23107e-15 2.00838e-15 1.24722e-15 7.73834e-16 4.79698e-16 2.97106e-16 1.83861e-16 1.13686e-16 7.02381e-17 4.33606e-17 2.67473e-17 1.64868e-17 1.01547e-17 6.25005e-18 3.84405e-18 2.3626e-18 1.45108e-18 8.90641e-19 5.46293e-19 3.34863e-19 2.05131e-19 1.25581e-19 7.68338e-20 4.69805e-20 2.87096e-20 1.75341e-20 1.07026e-20 6.52911e-21 3.98087e-21 2.42587e-21 1.47749e-21 8.99399e-22 5.47214e-22 3.32768e-22 2.02259e-22 1.22874e-22 7.46113e-23 4.52836e-23
7.1178e-05 7.05007e-05 7.03519e-05 6.48257e-05 5.65716e-05 4.74259e-05 3.8537e-05 3.05359e-05 2.36964e-05 1.80668e-05 1.35668e-05 1.00532e-05 7.36282e-06 5.33635e-06 3.83146e-06 2.72766e-06 1.92688e-06 1.35156e-06 9.41849e-07 6.52388e-07 4.49364e-07 3.07911e-07 2.0996e-07 1.42516e-07 9.63228e-08 6.48395e-08 4.34804e-08 2.90523e-08 1.93457e-08 1.28403e-08 8.49627e-09 5.60535e-09 3.68772e-09 2.41963e-09 1.58353e-09 1.0338e-09 6.73322e-10 4.3755e-10 2.83719e-10 1.83587e-10 1.18555e-10 7.64108e-11 4.91561e-11 3.15657e-11 2.02346e-11 1.29492e-11 8.27333e-12 5.27754e-12 3.36138e-12 2.13776e-12 1.35761e-12 8.60959e-13 5.45257e-13 3.44863e-13 2.17839e-13 1.3743e-13 8.6597e-14 5.45017e-14 3.42623e-14 2.15148e-14 1.34953e-14 8.45599e-15 5.29291e-15 3.30967e-15 2.06749e-15 1.29028e-15 8.04473e-16 5.01116e-16 3.11869e-16 1.9392e-16 1.20476e-16 7.47838e-17 4.63827e-17 2.87443e-17 1.77994e-17 1.10133e-17 6.80928e-18 4.20688e-18 2.59717e-18 1.60225e-18 9.87762e-19 6.08521e-19 3.74631e-19 2.30485e-19 1.41709e-19 8.70714e-20 5.34662e-20 3.28106e-20 2.01226e-20 1.23338e-20 7.55529e-21 4.62548e-21 2.83019e-21 1.73074e-21 1.05781e-21 6.46178e-22 3.94516e-22 2.40741e-22 1.46829e-22 8.95064e-23 5.45355e-23
4.034e-05 4.1968e-05 4.30048e-05 4.0504e-05 3.60275e-05 3.07251e-05 2.53614e-05 2.03907e-05 1.60412e-05 1.23891e-05 9.41798e-06 7.06106e-06 5.22973e-06 3.83146e-06 2.77972e-06 1.99892e-06 1.4259e-06 1.00967e-06 7.10096e-07 4.96282e-07 3.44834e-07 2.38307e-07 1.63855e-07 1.1213e-07 7.63921e-08 5.18261e-08 3.50209e-08 2.35763e-08 1.58154e-08 1.05735e-08 7.04635e-09 4.68145e-09 3.10119e-09 2.04864e-09 1.34973e-09 8.86983e-10 5.81462e-10 3.80281e-10 2.48146e-10 1.61572e-10 1.04982e-10 6.80747e-11 4.40567e-11 2.84592e-11 1.83504e-11 1.18115e-11 7.58972e-12 4.86892e-12 3.11852e-12 1.99431e-12 1.27346e-12 8.11985e-13 5.17007e-13 3.28737e-13 2.08747e-13 1.32382e-13 8.38476e-14 5.30417e-14 3.35138e-14 2.11506e-14 1.3333e-14 8.39559e-15 5.28086e-15 3.31817e-15 2.08279e-15 1.30603e-15 8.18153e-16 5.12033e-16 3.20149e-16 1.9999e-16 1.24817e-16 7.78312e-17 4.8491e-17 3.01858e-17 1.87752e-17 1.16685e-17 7.24601e-18 4.49621e-18 2.78781e-18 1.72725e-18 1.06937e-18 6.61587e-19 4.09016e-19 2.52692e-19 1.56009e-19 9.62532e-20 5.93466e-20 3.65677e-20 2.25177e-20 1.38573e-20 8.52252e-21 5.23837e-21 3.21786e-21 1.97554e-21 1.21215e-21 7.43331e-22 4.55583e-22 2.79071e-22 1.70856e-22 1.04548e-22 6.39406e-23
2.28626e-05 2.49255e-05 2.62054e-05 2.52097e-05 2.28409e-05 1.98046e-05 1.65972e-05 1.35335e-05 1.07882e-05 8.43661e-06 6.48983e-06 4.92106e-06 3.68449e-06 2.72766e-06 1.99892e-06 1.45149e-06 1.0452e-06 7.46889e-07 5.29974e-07 3.73615e-07 2.618e-07 1.82419e-07 1.26442e-07 8.72108e-08 5.98744e-08 4.09279e-08 2.7862e-08 1.88937e-08 1.27649e-08 8.59408e-09 5.7668e-09 3.85738e-09 2.57239e-09 1.7105e-09 1.13425e-09 7.50147e-10 4.94856e-10 3.2565e-10 2.13799e-10 1.40049e-10 9.15405e-11 5.97085e-11 3.88671e-11 2.52512e-11 1.63743e-11 1.05987e-11 6.84824e-12 4.41737e-12 2.84466e-12 1.82894e-12 1.17407e-12 7.5255e-13 4.81658e-13 3.07839e-13 1.96475e-13 1.25229e-13 7.97142e-14 5.0677e-14 3.2177e-14 2.04059e-14 1.29256e-14 8.17803e-15 5.16841e-15 3.26279e-15 2.05758e-15 1.29619e-15 8.15716e-16 5.12832e-16 3.22097e-16 2.02108e-16 1.26699e-16 7.93537e-17 4.96561e-17 3.10454e-17 1.93931e-17 1.21042e-17 7.54854e-18 4.70371e-18 2.92869e-18 1.82209e-18 1.13275e-18 7.0368e-19 4.36815e-19 2.70961e-19 1.67961e-19 1.04042e-19 6.4404e-20 3.98406e-20 2.46294e-20 1.5216e-20 9.39443e-21 5.79655e-21 3.57438e-21 2.20278e-21 1.35669e-21 8.351e-22 5.13742e-22 3.15868e-22 1.941e-22 1.19208e-22 7.31729e-23
1.29573e-05 1.47727e-05 1.59226e-05 1.56351e-05 1.44214e-05 1.27065e-05 1.08063e-05 8.93261e-06 7.21225e-06 5.7087e-06 4.44209e-06 3.40543e-06 2.57664e-06 1.92688e-06 1.4259e-06 1.0452e-06 7.5953e-07 5.47583e-07 3.91911e-07 2.78611e-07 1.96831e-07 1.38248e-07 9.65751e-08 6.71208e-08 4.64269e-08 3.19688e-08 2.19196e-08 1.4969e-08 1.01835e-08 6.90283e-09 4.66296e-09 3.13957e-09 2.10727e-09 1.41017e-09 9.40975e-10 6.26175e-10 4.15596e-10 2.75138e-10 1.81709e-10 1.19726e-10 7.87092e-11 5.16323e-11 3.37995e-11 2.20812e-11 1.43976e-11 9.36996e-12 6.08687e-12 3.94715e-12 2.55523e-12 1.65141e-12 1.06557e-12 6.86488e-13 4.41594e-13 2.83644e-13 1.81929e-13 1.16526e-13 7.45346e-14 4.76121e-14 3.03752e-14 1.93542e-14 1.23169e-14 7.82905e-15 4.97063e-15 3.15226e-15 1.99687e-15 1.26359e-15 7.98741e-16 5.04377e-16 3.18175e-16 2.00515e-16 1.26243e-16 7.94066e-17 4.99003e-17 3.13297e-17 1.96527e-17 1.23172e-17 7.71308e-18 4.82594e-18 3.01703e-18 1.88464e-18 1.17634e-18 7.33673e-19 4.57237e-19 2.84745e-19 1.77196e-19 1.10189e-19 6.84724e-20 4.25198e-20 2.63859e-20 1.63629e-20 1.01406e-20 6.28035e-21 3.88713e-21 2.40437e-21 1.4863e-21 9.18221e-22 5.6693e-22 3.4983e-22 2.15741e-22 1.32973e-22 8.19122e-23
7.34355e-06 8.73866e-06 9.64925e-06 9.66553e-06 9.07109e-06 8.11787e-06 7.00302e-06 5.86591e-06 4.79532e-06 3.84039e-06 3.02179e-06 2.34136e-06 1.78969e-06 1.35156e-06 1.00967e-06 7.46889e-07 5.47583e-07 3.98188e-07 2.8738e-07 2.05969e-07 1.4667e-07 1.03818e-07 7.30742e-08 5.11647e-08 3.56477e-08 2.47213e-08 1.70688e-08 1.17363e-08 8.03801e-09 5.48456e-09 3.72899e-09 2.52679e-09 1.70664e-09 1.14915e-09 7.71483e-10 5.16472e-10 3.44818e-10 2.29615e-10 1.52519e-10 1.01065e-10 6.68143e-11 4.40725e-11 2.90088e-11 1.9054e-11 1.24902e-11 8.17161e-12 5.33615e-12 3.47822e-12 2.26318e-12 1.47006e-12 9.53307e-13 6.17204e-13 3.98973e-13 2.57513e-13 1.65963e-13 1.06806e-13 6.86396e-14 4.40515e-14 2.82338e-14 1.80724e-14 1.15535e-14 7.37693e-15 4.70453e-15 2.99673e-15 1.9067e-15 1.2118e-15 7.69316e-16 4.87882e-16 3.0908e-16 1.95607e-16 1.23669e-16 7.81115e-17 4.92893e-17 3.1073e-17 1.9571e-17 1.23155e-17 7.74303e-18 4.86399e-18 3.05285e-18 1.91451e-18 1.19965e-18 7.51114e-19 4.6991e-19 2.93758e-19 1.83499e-19 1.1454e-19 7.14434e-20 4.45303e-20 2.77359e-20 1.72635e-20 1.07379e-20 6.67451e-21 4.14603e-21 2.57374e-21 1.59669e-21 9.89929e-22 6.13365e-22 3.79814e-22 2.35051e-22 1.45378e-22 8.98636e-23
4.16194e-06 5.16019e-06 5.83334e-06 5.95733e-06 5.68593e-06 5.16601e-06 4.51875e-06 3.83404e-06 3.17233e-06 2.56972e-06 2.04398e-06 1.60019e-06 1.23533e-06 9.41849e-07 7.10096e-07 5.29974e-07 3.91911e-07 2.8738e-07 2.09099e-07 1.51055e-07 1.08399e-07 7.73083e-08 5.48168e-08 3.86587e-08 2.71249e-08 1.89412e-08 1.31668e-08 9.11368e-09 6.28268e-09 4.31443e-09 2.95196e-09 2.01271e-09 1.36774e-09 9.26504e-10 6.25702e-10 4.21329e-10 2.82918e-10 1.89467e-10 1.26557e-10 8.43257e-11 5.60526e-11 3.71733e-11 2.45981e-11 1.6242e-11 1.07023e-11 7.03788e-12 4.61919e-12 3.02603e-12 1.97875e-12 1.29164e-12 8.4168e-13 5.4756e-13 3.55644e-13 2.30631e-13 1.49333e-13 9.655e-14 6.23333e-14 4.01863e-14 2.58726e-14 1.6635e-14 1.06817e-14 6.85023e-15 4.38766e-15 2.80696e-15 1.7936e-15 1.14476e-15 7.29817e-16 4.64767e-16 2.95657e-16 1.87882e-16 1.1927e-16 7.56384e-17 4.79207e-17 3.03308e-17 1.91793e-17 1.21166e-17 7.64771e-18 4.82275e-18 3.03864e-18 1.91289e-18 1.2032e-18 7.56179e-19 4.74854e-19 2.97955e-19 1.8681e-19 1.17036e-19 7.32672e-20 4.5833e-20 2.86505e-20 1.78968e-20 1.11715e-20 6.96866e-21 4.34402e-21 2.7061e-21 1.68465e-21 1.04808e-21 6.51635e-22 4.04894e-22 2.51426e-22 1.56033e-22 9.67744e-23
2.35877e-06 3.04217e-06 3.51856e-06 3.66164e-06 3.55259e-06 3.27563e-06 2.90413e-06 2.49513e-06 2.08889e-06 1.71096e-06 1.37534e-06 1.08761e-06 8.4777e-07 6.52388e-07 4.96282e-07 3.73615e-07 2.78611e-07 2.05969e-07 1.51055e-07 1.09967e-07 7.95089e-08 5.71217e-08 4.07944e-08 2.8972e-08 2.04682e-08 1.43893e-08 1.00688e-08 7.01457e-09 4.86645e-09 3.36281e-09 2.31503e-09 1.588e-09 1.08556e-09 7.3967e-10 5.02414e-10 3.40238e-10 2.29749e-10 1.54713e-10 1.03907e-10 6.96072e-11 4.65153e-11 3.10104e-11 2.06265e-11 1.36895e-11 9.06608e-12 5.99179e-12 3.95209e-12 2.6017e-12 1.70952e-12 1.12125e-12 7.34119e-13 4.7983e-13 3.13102e-13 2.03978e-13 1.32678e-13 8.61692e-14 5.58804e-14 3.61858e-14 2.33994e-14 1.51104e-14 9.74457e-15 6.27601e-15 4.03692e-15 2.59344e-15 1.66409e-15 1.0665e-15 6.82713e-16 4.36541e-16 2.78824e-16 1.77896e-16 1.13381e-16 7.21874e-17 4.59137e-17 2.91737e-17 1.85189e-17 1.17443e-17 7.44096e-18 4.71013e-18 2.97884e-18 1.88225e-18 1.18831e-18 7.49574e-19 4.72429e-19 2.97511e-19 1.87206e-19 1.17705e-19 7.39487e-20 4.64234e-20 2.91217e-20 1.82548e-20 1.14347e-20 7.15751e-21 4.47708e-21 2.79853e-21 1.74812e-21 1.09124e-21 6.80749e-22 4.24398e-22 2.64413e-22 1.64635e-22 1.02445e-22
1.33683e-06 1.79081e-06 2.11791e-06 2.24483e-06 2.21304e-06 2.07001e-06 1.85953e-06 1.61727e-06 1.36954e-06 1.13395e-06 9.20931e-07 7.35451e-07 5.78684e-07 4.49364e-07 3.44834e-07 2.618e-07 1.96831e-07 1.4667e-07 1.08399e-07 7.95089e-08 5.79096e-08 4.19026e-08 3.01353e-08 2.15487e-08 1.5326e-08 1.08452e-08 7.63779e-09 5.35467e-09 3.73797e-09 2.59879e-09 1.7998e-09 1.24187e-09 8.53883e-10 5.85141e-10 3.99693e-10 2.72178e-10 1.84798e-10 1.25115e-10 8.44765e-11 5.68884e-11 3.82133e-11 2.56063e-11 1.71183e-11 1.14179e-11 7.59911e-12 5.04682e-12 3.3449e-12 2.21251e-12 1.46067e-12 9.62514e-13 6.33106e-13 4.15703e-13 2.72489e-13 1.78317e-13 1.16503e-13 7.59978e-14 4.94995e-14 3.21925e-14 2.09064e-14 1.35579e-14 8.78023e-15 5.67854e-15 3.66774e-15 2.36595e-15 1.5243e-15 9.80853e-16 6.30406e-16 4.04698e-16 2.59506e-16 1.66218e-16 1.0635e-16 6.79721e-17 4.33982e-17 2.76801e-17 1.76371e-17 1.1227e-17 7.13967e-18 4.53612e-18 2.87931e-18 1.82599e-18 1.15697e-18 7.32428e-19 4.63272e-19 2.9278e-19 1.84879e-19 1.16649e-19 7.35408e-20 4.63271e-20 2.91613e-20 1.83422e-20 1.15284e-20 7.24058e-21 4.54426e-21 2.85e-21 1.78618e-21 1.11868e-21 7.0016e-22 4.37924e-22 2.73726e-22 1.70983e-22 1.06738e-22
7.57645e-07 1.05273e-06 1.27236e-06 1.37294e-06 1.37476e-06 1.30403e-06 1.18656e-06 1.04434e-06 8.94299e-07 7.48319e-07 6.13867e-07 4.94948e-07 3.93038e-07 3.07911e-07 2.38307e-07 1.82419e-07 1.38248e-07 1.03818e-07 7.73083e-08 5.71217e-08 4.19026e-08 3.05325e-08 2.21085e-08 1.59149e-08 1.13933e-08 8.11406e-09 5.75036e-09 4.05636e-09 2.84884e-09 1.99244e-09 1.38796e-09 9.63222e-10 6.66051e-10 4.58976e-10 3.15239e-10 2.15833e-10 1.47325e-10 1.00271e-10 6.80542e-11 4.60646e-11 3.10996e-11 2.09439e-11 1.40706e-11 9.43098e-12 6.30703e-12 4.20871e-12 2.80259e-12 1.86245e-12 1.23524e-12 8.1769e-13 5.4028e-13 3.56341e-13 2.34613e-13 1.54205e-13 1.01188e-13 6.62913e-14 4.33616e-14 2.83199e-14 1.84685e-14 1.20266e-14 7.82063e-15 5.07857e-15 3.2935e-15 2.13306e-15 1.37972e-15 8.91329e-16 5.75112e-16 3.70635e-16 2.3858e-16 1.534e-16 9.85209e-17 6.32058e-17 4.0506e-17 2.59314e-17 1.65838e-17 1.05951e-17 6.76236e-18 4.31191e-18 2.74681e-18 1.74817e-18 1.11158e-18 7.06168e-19 4.48222e-19 2.84252e-19 1.80113e-19 1.14031e-19 7.21351e-20 4.55954e-20 2.87973e-20 1.81737e-20 1.14605e-20 7.22171e-21 4.5473e-21 2.86122e-21 1.79903e-21 1.13037e-21 7.09745e-22 4.45336e-22 2.79243e-22 1.7498e-22 1.09575e-22
4.29394e-07 6.18046e-07 7.62999e-07 8.37819e-07 8.51786e-07 8.19086e-07 7.54695e-07 6.7201e-07 5.81778e-07 4.91856e-07 4.07455e-07 3.31611e-07 2.65704e-07 2.0996e-07 1.63855e-07 1.26442e-07 9.65751e-08 7.30742e-08 5.48168e-08 4.07944e-08 3.01353e-08 2.21085e-08 1.61158e-08 1.16769e-08 8.41293e-09 6.02911e-09 4.29908e-09 3.05093e-09 2.15542e-09 1.51626e-09 1.0623e-09 7.41375e-10 5.15492e-10 3.57167e-10 2.46633e-10 1.69756e-10 1.1648e-10 7.96858e-11 5.43583e-11 3.69789e-11 2.50893e-11 1.6979e-11 1.1462e-11 7.71926e-12 5.18669e-12 3.47726e-12 2.3262e-12 1.55293e-12 1.03461e-12 6.87937e-13 4.56557e-13 3.0244e-13 1.99988e-13 1.32011e-13 8.69926e-14 5.72317e-14 3.75918e-14 2.46531e-14 1.61431e-14 1.0555e-14 6.89132e-15 4.49295e-15 2.92525e-15 1.902e-15 1.23506e-15 8.00952e-16 5.18778e-16 3.35601e-16 2.16843e-16 1.39945e-16 9.02137e-17 5.80897e-17 3.73636e-17 2.40066e-17 1.54082e-17 9.87934e-18 6.32794e-18 4.04917e-18 2.58849e-18 1.65315e-18 1.0548e-18 6.72401e-19 4.28248e-19 2.72507e-19 1.73253e-19 1.10056e-19 6.98524e-20 4.42987e-20 2.80704e-20 1.7773e-20 1.12443e-20 7.10833e-21 4.4903e-21 2.83438e-21 1.78782e-21 1.12688e-21 7.09773e-22 4.46745e-22 2.80996e-22 1.76623e-22 1.10944e-22
2.43358e-07 3.62414e-07 4.56776e-07 5.10199e-07 5.26473e-07 5.13073e-07 4.78564e-07 4.31007e-07 3.77137e-07 3.22075e-07 2.69377e-07 2.2125e-07 1.78839e-07 1.42516e-07 1.1213e-07 8.72108e-08 6.71208e-08 5.11647e-08 3.86587e-08 2.8972e-08 2.15487e-08 1.59149e-08 1.16769e-08 8.51481e-09 6.17316e-09 4.45115e-09 3.19302e-09 2.27939e-09 1.61969e-09 1.14589e-09 8.07317e-10 5.6653e-10 3.96057e-10 2.75881e-10 1.91507e-10 1.32497e-10 9.13791e-11 6.28293e-11 4.30729e-11 2.94456e-11 2.0075e-11 1.36507e-11 9.2588e-12 6.26463e-12 4.22875e-12 2.84799e-12 1.91384e-12 1.28335e-12 8.58788e-13 5.73528e-13 3.82276e-13 2.54319e-13 1.68882e-13 1.11946e-13 7.40772e-14 4.89357e-14 3.2274e-14 2.12512e-14 1.39714e-14 9.17136e-15 6.01153e-15 3.93467e-15 2.57169e-15 1.67854e-15 1.09411e-15 7.12226e-16 4.6304e-16 3.00659e-16 1.94983e-16 1.26298e-16 8.17126e-17 5.28057e-17 3.40866e-17 2.1979e-17 1.41567e-17 9.10873e-18 5.85468e-18 3.75929e-18 2.41144e-18 1.54533e-18 9.89349e-19 6.32803e-19 4.04377e-19 2.58173e-19 1.64682e-19 1.04955e-19 6.68322e-20 4.25209e-20 2.70307e-20 1.71695e-20 1.08971e-20 6.91067e-21 4.37918e-21 2.77289e-21 1.75448e-21 1.10928e-21 7.00841e-22 4.42473e-22 2.79156e-22 1.75998e-22 1.10884e-22
1.37923e-07 2.12276e-07 2.73019e-07 3.1008e-07 3.24659e-07 3.20559e-07 3.02603e-07 2.75583e-07 2.43669e-07 2.10157e-07 1.77427e-07 1.47039e-07 1.19878e-07 9.63228e-08 7.63921e-08 5.98744e-08 4.64269e-08 3.56477e-08 2.71249e-08 2.04682e-08 1.5326e-08 1.13933e-08 8.41293e-09 6.17316e-09 4.50294e-09 3.26636e-09 2.35693e-09 1.69227e-09 1.20933e-09 8.60346e-10 6.09472e-10 4.30003e-10 3.0221e-10 2.11612e-10 1.47651e-10 1.02674e-10 7.11657e-11 4.91731e-11 3.38751e-11 2.32692e-11 1.59396e-11 1.08895e-11 7.4202e-12 5.0436e-12 3.41994e-12 2.31358e-12 1.5616e-12 1.05173e-12 7.06843e-13 4.74076e-13 3.17328e-13 2.11997e-13 1.41362e-13 9.40906e-14 6.25154e-14 4.14647e-14 2.74562e-14 1.81506e-14 1.19798e-14 7.89461e-15 5.19464e-15 3.41301e-15 2.23921e-15 1.46703e-15 9.59813e-16 6.2712e-16 4.09208e-16 2.66674e-16 1.73569e-16 1.12831e-16 7.32599e-17 4.75107e-17 3.07763e-17 1.99137e-17 1.28709e-17 8.30987e-18 5.35944e-18 3.45297e-18 2.2224e-18 1.42895e-18 9.17883e-19 5.89031e-19 3.7764e-19 2.41888e-19 1.54795e-19 9.8971e-20 6.32234e-20 4.03527e-20 2.57334e-20 1.63969e-20 1.04392e-20 6.64083e-21 4.22117e-21 2.68105e-21 1.70154e-21 1.07908e-21 6.83814e-22 4.33018e-22 2.74007e-22 1.73264e-22 1.09484e-22
7.81674e-08 1.24205e-07 1.62943e-07 1.88107e-07 1.99775e-07 1.99794e-07 1.90828e-07 1.75694e-07 1.56945e-07 1.36674e-07 1.16453e-07 9.73585e-08 8.00453e-08 6.48395e-08 5.18261e-08 4.09279e-08 3.19688e-08 2.47213e-08 1.89412e-08 1.43893e-08 1.08452e-08 8.11406e-09 6.02911e-09 4.45115e-09 3.26636e-09 2.38333e-09 1.72969e-09 1.24896e-09 8.97498e-10 6.41998e-10 4.5724e-10 3.24306e-10 2.29113e-10 1.61251e-10 1.1308e-10 7.90257e-11 5.50437e-11 3.82176e-11 2.64538e-11 1.82571e-11 1.25645e-11 8.62318e-12 5.90261e-12 4.03009e-12 2.74483e-12 1.86501e-12 1.26429e-12 8.55152e-13 5.77165e-13 3.88728e-13 2.61281e-13 1.75272e-13 1.1735e-13 7.84232e-14 5.23141e-14 3.48358e-14 2.31573e-14 1.53682e-14 1.01824e-14 6.7358e-15 4.44892e-15 2.93403e-15 1.93212e-15 1.27052e-15 8.34286e-16 5.47084e-16 3.5827e-16 2.34313e-16 1.53047e-16 9.98415e-17 6.50523e-17 4.23343e-17 2.75176e-17 1.78661e-17 1.15866e-17 7.50594e-18 4.85716e-18 3.13977e-18 2.02749e-18 1.30791e-18 8.4287e-19 5.42644e-19 3.4902e-19 2.24271e-19 1.43977e-19 9.23449e-20 5.91757e-20 3.7887e-20 2.4236e-20 1.54903e-20 9.89222e-21 6.31204e-21 4.02433e-21 2.56372e-21 1.63195e-21 1.03802e-21 6.59746e-22 4.19007e-22 2.65917e-22 1.68638e-22 1.0687e-22
4.43012e-08 7.26026e-08 9.71105e-08 1.13915e-07 1.22679e-07 1.24239e-07 1.20037e-07 1.11704e-07 1.00789e-07 8.86067e-08 7.61804e-08 6.42392e-08 5.3253e-08 4.34804e-08 3.50209e-08 2.7862e-08 2.19196e-08 1.70688e-08 1.31668e-08 1.00688e-08 7.63779e-09 5.75036e-09 4.29908e-09 3.19302e-09 2.35693e-09 1.72969e-09 1.26244e-09 9.16634e-10 6.6229e-10 4.76291e-10 3.41012e-10 2.43125e-10 1.72638e-10 1.22116e-10 8.60603e-11 6.04367e-11 4.22987e-11 2.9508e-11 2.05209e-11 1.42281e-11 9.83641e-12 6.78133e-12 4.66255e-12 3.19744e-12 2.1872e-12 1.49252e-12 1.01609e-12 6.90162e-13 4.67749e-13 3.16333e-13 2.13489e-13 1.4379e-13 9.66571e-14 6.48502e-14 4.34295e-14 2.90319e-14 1.93734e-14 1.29061e-14 8.58345e-15 5.69934e-15 3.77834e-15 2.50097e-15 1.65296e-15 1.09088e-15 7.18903e-16 4.73102e-16 3.10917e-16 2.04057e-16 1.33749e-16 8.75538e-17 5.72419e-17 3.73783e-17 2.43784e-17 1.5881e-17 1.03336e-17 6.71636e-18 4.36049e-18 2.82791e-18 1.83204e-18 1.18563e-18 7.66512e-19 4.95054e-19 3.19416e-19 2.05893e-19 1.3259e-19 8.53054e-20 5.48331e-20 3.52141e-20 2.25947e-20 1.4485e-20 9.27803e-21 5.93784e-21 3.79701e-21 2.42605e-21 1.54885e-21 9.88048e-22 6.29808e-22 4.0115e-22 2.55316e-22 1.62378e-22 1.03195e-22
2.51076e-08 4.23996e-08 5.7799e-08 6.8871e-08 7.51909e-08 7.70892e-08 7.53265e-08 7.08358e-08 6.45456e-08 5.7274e-08 4.96788e-08 4.22467e-08 3.53062e-08 2.90523e-08 2.35763e-08 1.88937e-08 1.4969e-08 1.17363e-08 9.11368e-09 7.01457e-09 5.35467e-09 4.05636e-09 3.05093e-09 2.27939e-09 1.69227e-09 1.24896e-09 9.16634e-10 6.69186e-10 4.86095e-10 3.51421e-10 2.52911e-10 1.81232e-10 1.29335e-10 9.19369e-11 6.51073e-11 4.59415e-11 3.23058e-11 2.2642e-11 1.58185e-11 1.10175e-11 7.65096e-12 5.29802e-12 3.65863e-12 2.51982e-12 1.73105e-12 1.18624e-12 8.10947e-13 5.53101e-13 3.7639e-13 2.55579e-13 1.73177e-13 1.17102e-13 7.90258e-14 5.3227e-14 3.57828e-14 2.40115e-14 1.60838e-14 1.07548e-14 7.17921e-15 4.78448e-15 3.18341e-15 2.11479e-15 1.40274e-15 9.2904e-16 6.14408e-16 4.0575e-16 2.6758e-16 1.76221e-16 1.15899e-16 7.61261e-17 4.99382e-17 3.27182e-17 2.14098e-17 1.39932e-17 9.135e-18 5.95663e-18 3.87974e-18 2.52419e-18 1.64048e-18 1.06502e-18 6.90703e-19 4.47485e-19 2.8962e-19 1.87262e-19 1.20962e-19 7.80609e-20 5.03282e-20 3.24183e-20 2.0863e-20 1.34145e-20 8.61778e-21 5.53148e-21 3.54749e-21 2.27321e-21 1.45546e-21 9.31137e-22 5.95226e-22 3.802e-22 2.42665e-22 1.54766e-22 9.86322e-23
1.42297e-08 2.47396e-08 3.43582e-08 4.15734e-08 4.6001e-08 4.77349e-08 4.71625e-08 4.48094e-08 4.12262e-08 3.6917e-08 3.23003e-08 2.76966e-08 2.3331e-08 1.93457e-08 1.58154e-08 1.27649e-08 1.01835e-08 8.03801e-09 6.28268e-09 4.86645e-09 3.73797e-09 2.84884e-09 2.15542e-09 1.61969e-09 1.20933e-09 8.97498e-10 6.6229e-10 4.86095e-10 3.54957e-10 2.57943e-10 1.86581e-10 1.3437e-10 9.63648e-11 6.88325e-11 4.89784e-11 3.47233e-11 2.45306e-11 1.72714e-11 1.21209e-11 8.47981e-12 5.91465e-12 4.11351e-12 2.85285e-12 1.9732e-12 1.36123e-12 9.36682e-13 6.42972e-13 4.40315e-13 3.00842e-13 2.05091e-13 1.39514e-13 9.47066e-14 6.4159e-14 4.33786e-14 2.92724e-14 1.97164e-14 1.32558e-14 8.8964e-15 5.96035e-15 3.98655e-15 2.66201e-15 1.7747e-15 1.1813e-15 7.85119e-16 5.21029e-16 3.45267e-16 2.28471e-16 1.50974e-16 9.96277e-17 6.5657e-17 4.32132e-17 2.84052e-17 1.86482e-17 1.22277e-17 8.00813e-18 5.23851e-18 3.42283e-18 2.23394e-18 1.45639e-18 9.48447e-19 6.17e-19 4.00962e-19 2.60301e-19 1.68815e-19 1.09374e-19 7.07942e-20 4.57789e-20 2.95751e-20 1.90891e-20 1.23098e-20 7.93107e-21 5.1054e-21 3.28363e-21 2.11013e-21 1.35489e-21 8.6924e-22 5.57218e-22 3.56916e-22 2.28437e-22 1.46093e-22 9.3361e-23
8.06465e-09 1.44233e-08 2.03997e-08 2.50583e-08 2.80943e-08 2.95007e-08 2.94653e-08 2.82794e-08 2.62658e-08 2.3732e-08 2.09418e-08 1.81037e-08 1.53697e-08 1.28403e-08 1.05735e-08 8.59408e-09 6.90283e-09 5.48456e-09 4.31443e-09 3.36281e-09 2.59879e-09 1.99244e-09 1.51626e-09 1.14589e-09 8.60346e-10 6.41998e-10 4.76291e-10 3.51421e-10 2.57943e-10 1.88397e-10 1.36957e-10 9.91176e-11 7.14271e-11 5.1263e-11 3.6648e-11 2.61019e-11 1.85241e-11 1.31011e-11 9.23509e-12 6.48921e-12 4.54581e-12 3.17503e-12 2.21129e-12 1.53585e-12 1.06388e-12 7.35062e-13 5.06609e-13 3.48317e-13 2.38925e-13 1.63517e-13 1.11664e-13 7.60909e-14 5.17432e-14 3.51155e-14 2.37845e-14 1.60791e-14 1.08498e-14 7.308e-15 4.91372e-15 3.2982e-15 2.21013e-15 1.47859e-15 9.87614e-16 6.58645e-16 4.38587e-16 2.91619e-16 1.93618e-16 1.28369e-16 8.49908e-17 5.61947e-17 3.71058e-17 2.44694e-17 1.61159e-17 1.06009e-17 6.96469e-18 4.57026e-18 2.99551e-18 1.96111e-18 1.28246e-18 8.37727e-19 5.46628e-19 3.56302e-19 2.32002e-19 1.5091e-19 9.80634e-20 6.36599e-20 4.1286e-20 2.675e-20 1.73156e-20 1.11982e-20 7.23547e-21 4.67086e-21 3.01263e-21 1.94142e-21 1.25004e-21 8.04198e-22 5.16947e-22 3.3203e-22 2.13089e-22 1.36648e-22 8.75611e-23
4.57062e-09 8.40234e-09 1.20983e-08 1.50826e-08 1.71299e-08 1.81979e-08 1.83712e-08 1.78076e-08 1.66944e-08 1.52174e-08 1.35411e-08 1.18e-08 1.00951e-08 8.49627e-09 7.04635e-09 5.7668e-09 4.66296e-09 3.72899e-09 2.95196e-09 2.31503e-09 1.7998e-09 1.38796e-09 1.0623e-09 8.07317e-10 6.09472e-10 4.5724e-10 3.41012e-10 2.52911e-10 1.86581e-10 1.36957e-10 1.00052e-10 7.27589e-11 5.26819e-11 3.79869e-11 2.72823e-11 1.95198e-11 1.39151e-11 9.88497e-12 6.99845e-12 4.9388e-12 3.47445e-12 2.43694e-12 1.70429e-12 1.18857e-12 8.26668e-13 5.73456e-13 3.96797e-13 2.73887e-13 1.886e-13 1.29572e-13 8.88193e-14 6.07521e-14 4.14666e-14 2.82452e-14 1.92011e-14 1.30276e-14 8.82231e-15 5.9635e-15 4.02386e-15 2.71035e-15 1.8225e-15 1.22346e-15 8.19987e-16 5.48702e-16 3.66602e-16 2.44567e-16 1.62914e-16 1.08366e-16 7.19806e-17 4.77461e-17 3.16281e-17 2.09235e-17 1.3824e-17 9.12181e-18 6.01158e-18 3.95702e-18 2.60153e-18 1.70837e-18 1.12056e-18 7.34177e-19 4.80492e-19 3.14124e-19 2.05141e-19 1.33829e-19 8.72175e-20 5.6783e-20 3.6932e-20 2.39975e-20 1.5578e-20 1.0103e-20 6.54616e-21 4.23768e-21 2.74083e-21 1.77114e-21 1.14353e-21 7.3769e-22 4.75483e-22 3.06223e-22 1.97055e-22 1.26704e-22 8.14049e-23
2.59039e-09 4.8912e-09 7.16743e-09 9.06612e-09 1.04283e-08 1.12058e-08 1.14319e-08 1.11898e-08 1.05868e-08 9.73404e-09 8.73343e-09 7.67059e-09 6.61202e-09 5.60535e-09 4.68145e-09 3.85738e-09 3.13957e-09 2.52679e-09 2.01271e-09 1.588e-09 1.24187e-09 9.63222e-10 7.41375e-10 5.6653e-10 4.30003e-10 3.24306e-10 2.43125e-10 1.81232e-10 1.3437e-10 9.91176e-11 7.27589e-11 5.31631e-11 3.86736e-11 2.80147e-11 2.02117e-11 1.45257e-11 1.04007e-11 7.4206e-12 5.27629e-12 3.73928e-12 2.6416e-12 1.86046e-12 1.30644e-12 9.14793e-13 6.38793e-13 4.44877e-13 3.09031e-13 2.14131e-13 1.48015e-13 1.02074e-13 7.02318e-14 4.82163e-14 3.30311e-14 2.25811e-14 1.54059e-14 1.04899e-14 7.12888e-15 4.8357e-15 3.2742e-15 2.21299e-15 1.49315e-15 1.00575e-15 6.76336e-16 4.54083e-16 3.04386e-16 2.03727e-16 1.3615e-16 9.08554e-17 6.05425e-17 4.02865e-17 2.67708e-17 1.77656e-17 1.17741e-17 7.79313e-18 5.15167e-18 3.40132e-18 2.24294e-18 1.47731e-18 9.71894e-19 6.38658e-19 4.19208e-19 2.7486e-19 1.80021e-19 1.17781e-19 7.69786e-20 5.02599e-20 3.2782e-20 2.13608e-20 1.39053e-20 9.04324e-21 5.87572e-21 3.81413e-21 2.47364e-21 1.60283e-21 1.03766e-21 6.71192e-22 4.33779e-22 2.80108e-22 1.80727e-22 1.16511e-22 7.50521e-23
1.4681e-09 2.8453e-09 4.24188e-09 5.44267e-09 6.33903e-09 6.88868e-09 7.10053e-09 7.01719e-09 6.69912e-09 6.21219e-09 5.61893e-09 4.97346e-09 4.31904e-09 3.68772e-09 3.10119e-09 2.57239e-09 2.10727e-09 1.70664e-09 1.36774e-09 1.08556e-09 8.53883e-10 6.66051e-10 5.15492e-10 3.96057e-10 3.0221e-10 2.29113e-10 1.72638e-10 1.29335e-10 9.63648e-11 7.14271e-11 5.26819e-11 3.86736e-11 2.82629e-11 2.05663e-11 1.49043e-11 1.07586e-11 7.73687e-12 5.54372e-12 3.95844e-12 2.81704e-12 1.9983e-12 1.41312e-12 9.96309e-13 7.00407e-13 4.91012e-13 3.43287e-13 2.39378e-13 1.66499e-13 1.15523e-13 7.99634e-14 5.52216e-14 3.80497e-14 2.61605e-14 1.79482e-14 1.22885e-14 8.39665e-15 5.72618e-15 3.89761e-15 2.64805e-15 1.79585e-15 1.21576e-15 8.2164e-16 5.54353e-16 3.73405e-16 2.51119e-16 1.68617e-16 1.13047e-16 7.56777e-17 5.05875e-17 3.37675e-17 2.25086e-17 1.49831e-17 9.96037e-18 6.61269e-18 4.38453e-18 2.90349e-18 1.92036e-18 1.26858e-18 8.37025e-19 5.51636e-19 3.63137e-19 2.38782e-19 1.56839e-19 1.02905e-19 6.74464e-20 4.41599e-20 2.88836e-20 1.88729e-20 1.23196e-20 8.03395e-21 5.23417e-21 3.40689e-21 2.21547e-21 1.43939e-21 9.34337e-22 6.05961e-22 3.92653e-22 2.54216e-22 1.64449e-22 1.06292e-22 6.86458e-23
