0.329392 0.126689 0.0487266 0.018741 0.00720807 0.00277234 0.00106628 0.000410109 0.000157734 6.0667e-05 2.33335e-05 8.97441e-06 3.45169e-06 1.32757e-06 5.10606e-07 1.96387e-07 7.55334e-08 2.90513e-08 1.11736e-08 4.29753e-09 1.6529e-09 6.35729e-10 2.44511e-10 9.40428e-11 3.61703e-11 1.39117e-11 5.35064e-12 2.05794e-12 7.91514e-13 3.04429e-13 1.17088e-13 4.50338e-14 1.73207e-14 6.66181e-15 2.56223e-15 9.85475e-16 3.79029e-16 1.4578e-16 5.60693e-17 2.15651e-17 8.29428e-18 3.19011e-18 1.22696e-18 4.71909e-19 1.81504e-19 6.98091e-20 2.68496e-20 1.03268e-20 3.97184e-21 1.52763e-21 5.8755e-22 2.25981e-22 8.69158e-23 3.34291e-23 1.28574e-23 4.94514e-24 1.90198e-24 7.31529e-25 2.81357e-25 1.08214e-25 4.16209e-26 1.6008e-26 6.15694e-27 2.36805e-27 9.1079e-28 3.50304e-28 1.34732e-28 5.18201e-29 1.99308e-29 7.6657e-30 2.94834e-30 1.13398e-30 4.36146e-31 1.67748e-31 6.45186e-32 2.48148e-32 9.54417e-33 3.67083e-33 1.41186e-33 5.43023e-34 2.08855e-34 8.03288e-35 3.08957e-35 1.1883e-35 4.57037e-36 1.75783e-36 6.7609e-37 2.60035e-37 1.00013e-37 3.84667e-38 1.47949e-38 5.69034e-39 2.18859e-39 8.41766e-40 3.23756e-40 1.24522e-40 4.78929e-41 1.84203e-41 7.08475e-42 2.7249e-42 1.04804e-42
0.126689 0.0649677 0.0312342 0.0144157 0.00646855 0.00284331 0.00123028 0.000525758 0.000222436 9.33294e-05 3.88872e-05 1.61071e-05 6.63754e-06 2.72309e-06 1.1128e-06 4.53177e-07 1.83982e-07 7.44866e-08 3.00811e-08 1.21206e-08 4.87366e-09 1.95598e-09 7.83647e-10 3.13459e-10 1.25198e-10 4.99365e-11 1.98923e-11 7.9147e-12 3.14558e-12 1.24887e-12 4.95344e-13 1.9629e-13 7.77166e-14 3.0745e-14 1.21535e-14 4.80075e-15 1.89503e-15 7.47548e-16 2.94706e-16 1.16113e-16 4.57222e-17 1.79944e-17 7.07823e-18 2.78289e-18 1.09361e-18 4.29569e-19 1.68661e-19 6.61935e-20 2.59682e-20 1.01836e-20 3.99209e-21 1.56439e-21 6.12831e-22 2.3999e-22 9.39521e-23 3.67694e-23 1.43859e-23 5.62681e-24 2.20023e-24 8.60114e-25 3.36149e-25 1.3134e-25 5.13048e-26 2.00362e-26 7.82299e-27 3.05375e-27 1.19179e-27 4.65024e-28 1.81411e-28 7.0756e-29 2.75918e-29 1.07576e-29 4.19346e-30 1.63437e-30 6.36876e-31 2.48133e-31 9.66595e-32 3.76473e-32 1.46607e-32 5.70836e-33 2.2223e-33 8.65027e-34 3.36664e-34 1.31009e-34 5.09741e-35 1.98308e-35 7.7139e-36 3.00022e-36 1.16675e-36 4.53682e-37 1.7639e-37 6.85717e-38 2.66543e-38 1.03596e-38 4.02595e-39 1.56441e-39 6.07835e-40 2.36144e-40 9.17328e-41 3.56312e-41 1.38387e-41
0.0487266 0.0312342 0.017619 0.00924066 0.00462029 0.00223267 0.00105149 0.0004853 0.000220355 9.87106e-05 4.37179e-05 1.91745e-05 8.33917e-06 3.60011e-06 1.5441e-06 6.58436e-07 2.79313e-07 1.17932e-07 4.95821e-08 2.07651e-08 8.66572e-09 3.60462e-09 1.49489e-09 6.18234e-10 2.55021e-10 1.04944e-10 4.30891e-11 1.7655e-11 7.21967e-12 2.9469e-12 1.20078e-12 4.88481e-13 1.9841e-13 8.04718e-14 3.2593e-14 1.31836e-14 5.32601e-15 2.14909e-15 8.66197e-16 3.48747e-16 1.40268e-16 5.63608e-17 2.2625e-17 9.07418e-18 3.63623e-18 1.45592e-18 5.82472e-19 2.32853e-19 9.30184e-20 3.7132e-20 1.48126e-20 5.90515e-21 2.35263e-21 9.36723e-22 3.72745e-22 1.4824e-22 5.89221e-23 2.34077e-23 9.29428e-24 3.68854e-24 1.46313e-24 5.80107e-25 2.29898e-25 9.10686e-26 3.60592e-26 1.42719e-26 5.64641e-27 2.23302e-27 8.82764e-28 3.48847e-28 1.37806e-28 5.44187e-29 2.14822e-29 8.47742e-30 3.34431e-30 1.3189e-30 5.19974e-31 2.04937e-31 8.07478e-32 3.18065e-32 1.2525e-32 4.93085e-33 1.94066e-33 7.63592e-34 3.00374e-34 1.18129e-34 4.64452e-35 1.82567e-35 7.17467e-36 2.81891e-36 1.1073e-36 4.34861e-37 1.70743e-37 6.70262e-38 2.63061e-38 1.03224e-38 4.04964e-39 1.58843e-39 6.22928e-40 2.44245e-40 9.57489e-41
0.018741 0.0144157 0.00924066 0.00537057 0.0029313 0.00153048 0.000772873 0.000380213 0.000183126 8.66667e-05 4.04128e-05 1.86066e-05 8.47274e-06 3.82097e-06 1.70844e-06 7.58053e-07 3.34051e-07 1.46293e-07 6.37058e-08 2.75989e-08 1.19e-08 5.10869e-09 2.18434e-09 9.30484e-10 3.94992e-10 1.67132e-10 7.05046e-11 2.9658e-11 1.24425e-11 5.20699e-12 2.17389e-12 9.05567e-13 3.76431e-13 1.56164e-13 6.46626e-14 2.67265e-14 1.10277e-14 4.54272e-15 1.86841e-15 7.67325e-16 3.1468e-16 1.28874e-16 5.27105e-17 2.1532e-17 8.78518e-18 3.58027e-18 1.45747e-18 5.92679e-19 2.40765e-19 9.77098e-20 3.96158e-20 1.60472e-20 6.49448e-21 2.62613e-21 1.06103e-21 4.28344e-22 1.7279e-22 6.96497e-23 2.80545e-23 1.12923e-23 4.54215e-24 1.8258e-24 7.33441e-25 2.94446e-25 1.18136e-25 4.73699e-26 1.89833e-26 7.60328e-27 3.04364e-27 1.21774e-27 4.8696e-28 1.94632e-28 7.77539e-29 3.10473e-29 1.23915e-29 4.94339e-30 1.97122e-30 7.85703e-31 3.13039e-31 1.24669e-31 4.96302e-32 1.97498e-32 7.85618e-33 3.12391e-33 1.24172e-33 4.93396e-34 1.95981e-34 7.78187e-35 3.08892e-35 1.22571e-35 4.86214e-36 1.9281e-36 7.64362e-37 3.02926e-37 1.20017e-37 4.75363e-38 1.88227e-38 7.45105e-39 2.94872e-39 1.16663e-39 4.61442e-40
0.00720807 0.00646855 0.00462029 0.0029313 0.00172519 0.000963088 0.000516738 0.000268758 0.000136304 6.76977e-05 3.30337e-05 1.58761e-05 7.52989e-06 3.53011e-06 1.63799e-06 7.53066e-07 3.43361e-07 1.55384e-07 6.98374e-08 3.11927e-08 1.38522e-08 6.11906e-09 2.68978e-09 1.17699e-09 5.1284e-10 2.22573e-10 9.62391e-11 4.14686e-11 1.78101e-11 7.62562e-12 3.25552e-12 1.38602e-12 5.88558e-13 2.49307e-13 1.05356e-13 4.44239e-14 1.86917e-14 7.84874e-15 3.28935e-15 1.37599e-15 5.74583e-16 2.39526e-16 9.96888e-17 4.14249e-17 1.7188e-17 7.1214e-18 2.94647e-18 1.21747e-18 5.02409e-19 2.0707e-19 8.52428e-20 3.50507e-20 1.43963e-20 5.90659e-21 2.42086e-21 9.91205e-22 4.05446e-22 1.65688e-22 6.76474e-23 2.75946e-23 1.12466e-23 4.5799e-24 1.86353e-24 7.57656e-25 3.07804e-25 1.24954e-25 5.0689e-26 2.05479e-26 8.32382e-27 3.36966e-27 1.36322e-27 5.51148e-28 2.2269e-28 8.99231e-29 3.62898e-29 1.46368e-29 5.90019e-30 2.37709e-30 9.57177e-31 3.85222e-31 1.54956e-31 6.22998e-32 2.50353e-32 1.00557e-32 4.03706e-33 1.62002e-33 6.49803e-34 2.60526e-34 1.04408e-34 4.18249e-35 1.67477e-35 6.7035e-36 2.6821e-36 1.0727e-36 4.28863e-37 1.71394e-37 6.84722e-38 2.73449e-38 1.09166e-38 4.35657e-39 1.73803e-39
0.00277234 0.00284331 0.00223267 0.00153048 0.000963088 0.000570695 0.000323261 0.000176738 9.38952e-05 4.87085e-05 2.47628e-05 1.23725e-05 6.08901e-06 2.95705e-06 1.41918e-06 6.73935e-07 3.16998e-07 1.47822e-07 6.83909e-08 3.14139e-08 1.43337e-08 6.50032e-09 2.93118e-09 1.31479e-09 5.86858e-10 2.60742e-10 1.1535e-10 5.08234e-11 2.23078e-11 9.75637e-12 4.25251e-12 1.8476e-12 8.00291e-13 3.45647e-13 1.48875e-13 6.39554e-14 2.74061e-14 1.17161e-14 4.99728e-15 2.12686e-15 9.03311e-16 3.82886e-16 1.61983e-16 6.84023e-17 2.88339e-17 1.21338e-17 5.09779e-18 2.13836e-18 8.9561e-19 3.74559e-19 1.56425e-19 6.52377e-20 2.71717e-20 1.13026e-20 4.69573e-21 1.94853e-21 8.07622e-22 3.34364e-22 1.38279e-22 5.71261e-23 2.35757e-23 9.71992e-24 4.00349e-24 1.64743e-24 6.77289e-25 2.78199e-25 1.14172e-25 4.68163e-26 1.91813e-26 7.85251e-27 3.21219e-27 1.31299e-27 5.36292e-28 2.1889e-28 8.92775e-29 3.63881e-29 1.48212e-29 6.03283e-30 2.45403e-30 9.97622e-31 4.05307e-31 1.64567e-31 6.67797e-32 2.7083e-32 1.09776e-32 4.44708e-33 1.80057e-33 7.28643e-34 2.94711e-34 1.1914e-34 4.81396e-35 1.94418e-35 7.84807e-36 3.16655e-36 1.27706e-36 5.14802e-37 2.07433e-37 8.35463e-38 3.3635e-38 1.35355e-38 5.44479e-39
0.00106628 0.00123028 0.00105149 0.000772873 0.000516738 0.000323261 0.000192379 0.000110087 6.10245e-05 3.29448e-05 1.73915e-05 9.0055e-06 4.58538e-06 2.30042e-06 1.13898e-06 5.57314e-07 2.69809e-07 1.29364e-07 6.14811e-08 2.89839e-08 1.35625e-08 6.30285e-09 2.91047e-09 1.33602e-09 6.09901e-10 2.76985e-10 1.25183e-10 5.63188e-11 2.52286e-11 1.12557e-11 5.00251e-12 2.21527e-12 9.77615e-13 4.3002e-13 1.88564e-13 8.24402e-14 3.59412e-14 1.56269e-14 6.77689e-15 2.93168e-15 1.26524e-15 5.44808e-16 2.34081e-16 1.00365e-16 4.29458e-17 1.83408e-17 7.81818e-18 3.32668e-18 1.41307e-18 5.99221e-19 2.53693e-19 1.07239e-19 4.52624e-20 1.9076e-20 8.0283e-21 3.37414e-21 1.4162e-21 5.93645e-22 2.48533e-22 1.03924e-22 4.34044e-23 1.81073e-23 7.54556e-24 3.14093e-24 1.30607e-24 5.42539e-25 2.25145e-25 9.33405e-26 3.86604e-26 1.59979e-26 6.61406e-27 2.73207e-27 1.12757e-27 4.6498e-28 1.91588e-28 7.88785e-29 3.24497e-29 1.33393e-29 5.47937e-30 2.24913e-30 9.22549e-31 3.78149e-31 1.54896e-31 6.34061e-32 2.59381e-32 1.0604e-32 4.3324e-33 1.76898e-33 7.21866e-34 2.94399e-34 1.19996e-34 4.88821e-35 1.99019e-35 8.09849e-36 3.29369e-36 1.33886e-36 5.43956e-37 2.20889e-37 8.96545e-38 3.63713e-38 1.47482e-38
0.000410109 0.000525758 0.0004853 0.000380213 0.000268758 0.000176738 0.000110087 6.57096e-05 3.78868e-05 2.12246e-05 1.16032e-05 6.21124e-06 3.2644e-06 1.6881e-06 8.60465e-07 4.3297e-07 2.15336e-07 1.05968e-07 5.16452e-08 2.49478e-08 1.19532e-08 5.68399e-09 2.68396e-09 1.25911e-09 5.87088e-10 2.72186e-10 1.25517e-10 5.75911e-11 2.62995e-11 1.19562e-11 5.41251e-12 2.4404e-12 1.09615e-12 4.90572e-13 2.18797e-13 9.72637e-14 4.31022e-14 1.90435e-14 8.38976e-15 3.68604e-15 1.61521e-15 7.05995e-16 3.07838e-16 1.33915e-16 5.81253e-17 2.51746e-17 1.08807e-17 4.69334e-18 2.02053e-18 8.68237e-19 3.72415e-19 1.59462e-19 6.81642e-20 2.909e-20 1.2395e-20 5.27327e-21 2.24011e-21 9.50235e-22 4.02518e-22 1.70274e-22 7.19349e-23 3.0351e-23 1.27898e-23 5.38305e-24 2.26297e-24 9.50235e-25 3.98563e-25 1.66989e-25 6.98905e-26 2.92212e-26 1.22051e-26 5.09275e-27 2.12299e-27 8.84169e-28 3.67895e-28 1.52941e-28 6.3525e-29 2.63629e-29 1.09315e-29 4.52908e-30 1.87496e-30 7.75598e-31 3.20589e-31 1.32414e-31 5.46514e-32 2.25401e-32 9.2898e-33 3.82611e-33 1.57476e-33 6.47715e-34 2.66239e-34 1.09366e-34 4.48976e-35 1.84203e-35 7.55286e-36 3.09506e-36 1.26758e-36 5.18842e-37 2.12252e-37 8.67825e-38 3.54633e-38
0.000157734 0.000222436 0.000220355 0.000183126 0.000136304 9.38952e-05 6.10245e-05 3.78868e-05 2.26633e-05 1.31434e-05 7.42473e-06 4.10027e-06 2.22e-06 1.18117e-06 6.1876e-07 3.1965e-07 1.63063e-07 8.22366e-08 4.10422e-08 2.02874e-08 9.93982e-09 4.8303e-09 2.32953e-09 1.11555e-09 5.30684e-10 2.50896e-10 1.17931e-10 5.51296e-11 2.56391e-11 1.1866e-11 5.46643e-12 2.5073e-12 1.14526e-12 5.21062e-13 2.3618e-13 1.06669e-13 4.8012e-14 2.15397e-14 9.63323e-15 4.29538e-15 1.90978e-15 8.4677e-16 3.74453e-16 1.65167e-16 7.26744e-17 3.19018e-17 1.3972e-17 6.1059e-18 2.66268e-18 1.15878e-18 5.03292e-19 2.18177e-19 9.44047e-20 4.07755e-20 1.75812e-20 7.56777e-21 3.2522e-21 1.3954e-21 5.97791e-22 2.55712e-22 1.09225e-22 4.65888e-23 1.98446e-23 8.4416e-24 3.58625e-24 1.52162e-24 6.44819e-25 2.72927e-25 1.15384e-25 4.87246e-26 2.05526e-26 8.6599e-27 3.64501e-27 1.53262e-27 6.43767e-28 2.70144e-28 1.13251e-28 4.74325e-29 1.98477e-29 8.2976e-30 3.46586e-30 1.44642e-30 6.03126e-31 2.51283e-31 1.04608e-31 4.35133e-32 1.80859e-32 7.51151e-33 3.11738e-33 1.29281e-33 5.35754e-34 2.21866e-34 9.18154e-35 3.79705e-35 1.56923e-35 6.48103e-36 2.67499e-36 1.10339e-36 4.54845e-37 1.87386e-37 7.71524e-38
6.0667e-05 9.33294e-05 9.87106e-05 8.66667e-05 6.76977e-05 4.87085e-05 3.29448e-05 2.12246e-05 1.31434e-05 7.87523e-06 4.58836e-06 2.60954e-06 1.45313e-06 7.94253e-07 4.26977e-07 2.26141e-07 1.18169e-07 6.09974e-08 3.11356e-08 1.57304e-08 7.87237e-09 3.90536e-09 1.92166e-09 9.38412e-10 4.55019e-10 2.19168e-10 1.0491e-10 4.99229e-11 2.36253e-11 1.11219e-11 5.20988e-12 2.42903e-12 1.12745e-12 5.21095e-13 2.39871e-13 1.09992e-13 5.02509e-14 2.28767e-14 1.03795e-14 4.69414e-15 2.11635e-15 9.51314e-16 4.264e-16 1.90596e-16 8.49687e-17 3.77829e-17 1.67595e-17 7.41643e-18 3.2744e-18 1.44247e-18 6.34089e-19 2.78159e-19 1.21776e-19 5.32095e-20 2.32058e-20 1.01021e-20 4.38992e-21 1.90438e-21 8.24757e-22 3.56609e-22 1.53948e-22 6.63576e-23 2.856e-23 1.22743e-23 5.26766e-24 2.25758e-24 9.66241e-25 4.13009e-25 1.76311e-25 7.51729e-26 3.20122e-26 1.36162e-26 5.78485e-27 2.45493e-27 1.04066e-27 4.40664e-28 1.86402e-28 7.87672e-29 3.32509e-29 1.40228e-29 5.90807e-30 2.48684e-30 1.0458e-30 4.39395e-31 1.8445e-31 7.73615e-32 3.24191e-32 1.35743e-32 5.67906e-33 2.37404e-33 9.91653e-34 4.13901e-34 1.72625e-34 7.19433e-35 2.99613e-35 1.24687e-35 5.1853e-36 2.15491e-36 8.94935e-37 3.71419e-37 1.54047e-37
2.33335e-05 3.88872e-05 4.37179e-05 4.04128e-05 3.30337e-05 2.47628e-05 1.73915e-05 1.16032e-05 7.42473e-06 4.58836e-06 2.75284e-06 1.60994e-06 9.20745e-07 5.16303e-07 2.84469e-07 1.54279e-07 8.24851e-08 4.35315e-08 2.27024e-08 1.17112e-08 5.98076e-09 3.02596e-09 1.51777e-09 7.55169e-10 3.72908e-10 1.82847e-10 8.90606e-11 4.31087e-11 2.07434e-11 9.92591e-12 4.72459e-12 2.23758e-12 1.05469e-12 4.94878e-13 2.31204e-13 1.07573e-13 4.98537e-14 2.30174e-14 1.05888e-14 4.8544e-15 2.21811e-15 1.01029e-15 4.58752e-16 2.07697e-16 9.37666e-17 4.22161e-17 1.89567e-17 8.49065e-18 3.79359e-18 1.69094e-18 7.51982e-19 3.33673e-19 1.4774e-19 6.52784e-20 2.87848e-20 1.26679e-20 5.56439e-21 2.43966e-21 1.06773e-21 4.66484e-22 2.03458e-22 8.85924e-23 3.85143e-23 1.67174e-23 7.24528e-24 3.13544e-24 1.35492e-24 5.8468e-25 2.51957e-25 1.08431e-25 4.66028e-26 2.0004e-26 8.57594e-27 3.67213e-27 1.5705e-27 6.70892e-28 2.86269e-28 1.22015e-28 5.19495e-29 2.20947e-29 9.38732e-30 3.98432e-30 1.6894e-30 7.15629e-31 3.0285e-31 1.28044e-31 5.40871e-32 2.28264e-32 9.62489e-33 4.05489e-33 1.70685e-33 7.17872e-34 3.01679e-34 1.26676e-34 5.315e-35 2.22831e-35 9.33507e-36 3.90784e-36 1.6347e-36 6.83323e-37 2.85435e-37
8.97441e-06 1.61071e-05 1.91745e-05 1.86066e-05 1.58761e-05 1.23725e-05 9.0055e-06 6.21124e-06 4.10027e-06 2.60954e-06 1.60994e-06 9.66921e-07 5.6725e-07 3.25945e-07 1.83855e-07 1.01997e-07 5.57392e-08 3.00461e-08 1.59947e-08 8.41715e-09 4.38267e-09 2.25964e-09 1.15442e-09 5.84772e-10 2.93862e-10 1.46572e-10 7.25953e-11 3.57182e-11 1.74645e-11 8.48901e-12 4.10324e-12 1.97283e-12 9.43752e-13 4.49304e-13 2.12928e-13 1.00467e-13 4.72067e-14 2.20926e-14 1.02997e-14 4.78422e-15 2.21445e-15 1.02153e-15 4.69702e-16 2.15295e-16 9.83861e-17 4.48303e-17 2.037e-17 9.2307e-18 4.17197e-18 1.88083e-18 8.45857e-19 3.79503e-19 1.69878e-19 7.58743e-20 3.38156e-20 1.50394e-20 6.67521e-21 2.95695e-21 1.30735e-21 5.7694e-22 2.54148e-22 1.11758e-22 4.90597e-23 2.15005e-23 9.40736e-24 4.1096e-24 1.79252e-24 7.8068e-25 3.39506e-25 1.47435e-25 6.39361e-26 2.76886e-26 1.1975e-26 5.17236e-27 2.23125e-27 9.61324e-28 4.13678e-28 1.77803e-28 7.63331e-29 3.27334e-29 1.40213e-29 5.99942e-30 2.5643e-30 1.0949e-30 4.67018e-31 1.99002e-31 8.4714e-32 3.60275e-32 1.53074e-32 6.49781e-33 2.75573e-33 1.16767e-33 4.94336e-34 2.09098e-34 8.83717e-35 3.73177e-35 1.57458e-35 6.63844e-36 2.79657e-36 1.1772e-36 4.95163e-37
3.45169e-06 6.63754e-06 8.33917e-06 8.47274e-06 7.52989e-06 6.08901e-06 4.58538e-06 3.2644e-06 2.22e-06 1.45313e-06 9.20745e-07 5.6725e-07 3.40986e-07 2.00568e-07 1.1571e-07 6.5601e-08 3.66101e-08 2.01399e-08 1.09347e-08 5.86558e-09 3.11152e-09 1.6336e-09 8.49465e-10 4.37778e-10 2.23728e-10 1.13442e-10 5.70974e-11 2.85388e-11 1.4171e-11 6.99298e-12 3.43057e-12 1.67356e-12 8.12093e-13 3.92077e-13 1.88383e-13 9.00968e-14 4.29007e-14 2.03418e-14 9.60637e-15 4.51906e-15 2.11798e-15 9.89109e-16 4.60335e-16 2.13535e-16 9.87366e-17 4.5515e-17 2.09191e-17 9.58714e-18 4.38161e-18 1.99718e-18 9.07984e-19 4.11767e-19 1.86282e-19 8.40756e-20 3.78599e-20 1.70109e-20 7.62682e-21 3.41235e-21 1.52365e-21 6.78985e-22 3.01998e-22 1.34072e-22 5.94135e-23 2.62824e-23 1.16064e-23 5.11684e-24 2.25214e-24 9.89689e-25 4.34236e-25 1.90237e-25 8.32184e-26 3.6351e-26 1.58562e-26 6.90691e-27 3.00457e-27 1.30529e-27 5.66334e-28 2.45409e-28 1.06211e-28 4.59122e-29 1.98231e-29 8.54892e-30 3.68264e-30 1.58462e-30 6.81109e-31 2.92446e-31 1.25435e-31 5.37464e-32 2.3006e-32 9.83798e-33 4.20291e-33 1.79383e-33 7.64905e-34 3.25864e-34 1.387e-34 5.89836e-35 2.50617e-35 1.06395e-35 4.51301e-36 1.91274e-36 8.10017e-37
1.32757e-06 2.72309e-06 3.60011e-06 3.82097e-06 3.53011e-06 2.95705e-06 2.30042e-06 1.6881e-06 1.18117e-06 7.94253e-07 5.16303e-07 3.25945e-07 2.00568e-07 1.20654e-07 7.11288e-08 4.11768e-08 2.34483e-08 1.31541e-08 7.27869e-09 3.97708e-09 2.14791e-09 1.14756e-09 6.06977e-10 3.18052e-10 1.65202e-10 8.51063e-11 4.35058e-11 2.20784e-11 1.11275e-11 5.57184e-12 2.7728e-12 1.37181e-12 6.74911e-13 3.3029e-13 1.60822e-13 7.79284e-14 3.75872e-14 1.80494e-14 8.63068e-15 4.11019e-15 1.94977e-15 9.21457e-16 4.3391e-16 2.03618e-16 9.52309e-17 4.43954e-17 2.06322e-17 9.55971e-18 4.41654e-18 2.03469e-18 9.34832e-19 4.28375e-19 1.95797e-19 8.92718e-20 4.0605e-20 1.84261e-20 8.34272e-21 3.76901e-21 1.6991e-21 7.64383e-22 3.43183e-22 1.53776e-22 6.87734e-23 3.07004e-23 1.36798e-23 6.08483e-24 2.7019e-24 1.19773e-24 5.30073e-25 2.34217e-25 1.03329e-25 4.55158e-26 2.00196e-26 8.79257e-27 3.85619e-27 1.68887e-27 7.38654e-28 3.22632e-28 1.40737e-28 6.13134e-29 2.66783e-29 1.15939e-29 5.0325e-30 2.18185e-30 9.4486e-31 4.08714e-31 1.766e-31 7.62242e-32 3.28649e-32 1.41553e-32 6.09059e-33 2.61797e-33 1.12419e-33 4.82278e-34 2.067e-34 8.85071e-35 3.78632e-35 1.61832e-35 6.9108e-36 2.94858e-36 1.25698e-36
5.10606e-07 1.1128e-06 1.5441e-06 1.70844e-06 1.63799e-06 1.41918e-06 1.13898e-06 8.60465e-07 6.1876e-07 4.26977e-07 2.84469e-07 1.83855e-07 1.1571e-07 7.11288e-08 4.28152e-08 2.52897e-08 1.46844e-08 8.39461e-09 4.7309e-09 2.63138e-09 1.44596e-09 7.85675e-10 4.2246e-10 2.24951e-10 1.18692e-10 6.20913e-11 3.22209e-11 1.65937e-11 8.48457e-12 4.30889e-12 2.17422e-12 1.0904e-12 5.43673e-13 2.69578e-13 1.32964e-13 6.5252e-14 3.1868e-14 1.54921e-14 7.49791e-15 3.61347e-15 1.73435e-15 8.29174e-16 3.94925e-16 1.87416e-16 8.86289e-17 4.17713e-17 1.96229e-17 9.18931e-18 4.29022e-18 1.99709e-18 9.26995e-19 4.29101e-19 1.98098e-19 9.12168e-20 4.18965e-20 1.91965e-20 8.77476e-21 4.00175e-21 1.82093e-21 8.2678e-22 3.74601e-22 1.69376e-22 7.64302e-23 3.44215e-23 1.54728e-23 6.94224e-24 3.10918e-24 1.39004e-24 6.20381e-25 2.76414e-25 1.22956e-25 5.46063e-26 2.42134e-26 1.07202e-26 4.73917e-27 2.09201e-27 9.22158e-28 4.05918e-28 1.78433e-28 7.83303e-29 3.43411e-29 1.50362e-29 6.57532e-30 2.87183e-30 1.25278e-30 5.45851e-31 2.37557e-31 1.03268e-31 4.48416e-32 1.94499e-32 8.42723e-33 3.64748e-33 1.57707e-33 6.81186e-34 2.93931e-34 1.26706e-34 5.45672e-35 2.34776e-35 1.00918e-35 4.33397e-36 1.85957e-36
1.96387e-07 4.53177e-07 6.58436e-07 7.58053e-07 7.53066e-07 6.73935e-07 5.57314e-07 4.3297e-07 3.1965e-07 2.26141e-07 1.54279e-07 1.01997e-07 6.5601e-08 4.11768e-08 2.52897e-08 1.52311e-08 9.01184e-09 5.24657e-09 3.00959e-09 1.70303e-09 9.51637e-10 5.25593e-10 2.87151e-10 1.55298e-10 8.31956e-11 4.41739e-11 2.3259e-11 1.21503e-11 6.29996e-12 3.24356e-12 1.65881e-12 8.42959e-13 4.25783e-13 2.13828e-13 1.06795e-13 5.30588e-14 2.62288e-14 1.29036e-14 6.31887e-15 3.08067e-15 1.49556e-15 7.23083e-16 3.48228e-16 1.67068e-16 7.98617e-17 3.80411e-17 1.80589e-17 8.54482e-18 4.03028e-18 1.89511e-18 8.88466e-19 4.15334e-19 1.93616e-19 9.00144e-20 4.17389e-20 1.93048e-20 8.90661e-21 4.09936e-21 1.88237e-21 8.62398e-22 3.9423e-22 1.79827e-22 8.18563e-23 3.71845e-23 1.68581e-23 7.628e-24 3.44503e-24 1.553e-24 6.98829e-25 3.1391e-25 1.40765e-25 6.30165e-26 2.81646e-26 1.25677e-26 5.59923e-27 2.49078e-27 1.10635e-27 4.90696e-28 2.17325e-28 9.6116e-29 4.24507e-29 1.87236e-29 8.24743e-30 3.62816e-30 1.59406e-30 6.9949e-31 3.0657e-31 1.34202e-31 5.86782e-32 2.56269e-32 1.11795e-32 4.87158e-33 2.12053e-33 9.22048e-34 4.00504e-34 1.73785e-34 7.53317e-35 3.2622e-35 1.4113e-35 6.0997e-36 2.63383e-36
7.55334e-08 1.83982e-07 2.79313e-07 3.34051e-07 3.43361e-07 3.16998e-07 2.69809e-07 2.15336e-07 1.63063e-07 1.18169e-07 8.24851e-08 5.57392e-08 3.66101e-08 2.34483e-08 1.46844e-08 9.01184e-09 5.43006e-09 3.21763e-09 1.87766e-09 1.08037e-09 6.13586e-10 3.44293e-10 1.91028e-10 1.04883e-10 5.7022e-11 3.07165e-11 1.64033e-11 8.68827e-12 4.56642e-12 2.38252e-12 1.23447e-12 6.35415e-13 3.25018e-13 1.65257e-13 8.35472e-14 4.20084e-14 2.10123e-14 1.04578e-14 5.17999e-15 2.55399e-15 1.2537e-15 6.12805e-16 2.98316e-16 1.44651e-16 6.98743e-17 3.36298e-17 1.61286e-17 7.70875e-18 3.6723e-18 1.74383e-18 8.25523e-19 3.8963e-19 1.83364e-19 8.60507e-20 4.02724e-20 1.87979e-20 8.7517e-21 4.06433e-21 1.8829e-21 8.70241e-22 4.01283e-22 1.84624e-22 8.47575e-23 3.88279e-23 1.77504e-23 8.09836e-24 3.68747e-24 1.67581e-24 7.60162e-25 3.44184e-25 1.5556e-25 7.01855e-26 3.16121e-26 1.42146e-26 6.38124e-27 2.86011e-27 1.27991e-27 5.71893e-28 2.55152e-28 1.1367e-28 5.05671e-29 2.24637e-29 9.9654e-30 4.41491e-30 1.95332e-30 8.63103e-31 3.80889e-31 1.67877e-31 7.39013e-32 3.24931e-32 1.42698e-32 6.25951e-33 2.74264e-33 1.20037e-33 5.24784e-34 2.29182e-34 9.99815e-35 4.3572e-35 1.89693e-35 8.25005e-36 3.58454e-36
2.90513e-08 7.44866e-08 1.17932e-07 1.46293e-07 1.55384e-07 1.47822e-07 1.29364e-07 1.05968e-07 8.22366e-08 6.09974e-08 4.35315e-08 3.00461e-08 2.01399e-08 1.31541e-08 8.39461e-09 5.24657e-09 3.21763e-09 1.93957e-09 1.15083e-09 6.72978e-10 3.88283e-10 2.21247e-10 1.24612e-10 6.94276e-11 3.82907e-11 2.09176e-11 1.13248e-11 6.07962e-12 3.23777e-12 1.7113e-12 8.98018e-13 4.68036e-13 2.42355e-13 1.2472e-13 6.38046e-14 3.24577e-14 1.64224e-14 8.26626e-15 4.14026e-15 2.06385e-15 1.0241e-15 5.05936e-16 2.48891e-16 1.21942e-16 5.95096e-17 2.89317e-17 1.40142e-17 6.76434e-18 3.25384e-18 1.56001e-18 7.45532e-19 3.55186e-19 1.68708e-19 7.99004e-20 3.77338e-20 1.77712e-20 8.34722e-21 3.91056e-21 1.82742e-21 8.51866e-22 3.96155e-22 1.83801e-22 8.50837e-23 3.92993e-23 1.81129e-23 8.33067e-24 3.82368e-24 1.75152e-24 8.0076e-25 3.65394e-25 1.66423e-25 7.56614e-26 3.43372e-26 1.55561e-26 7.03556e-27 3.17669e-27 1.43201e-27 6.44503e-28 2.8962e-28 1.29948e-28 5.82184e-29 2.60445e-29 1.16345e-29 5.19005e-30 2.31204e-30 1.02857e-30 4.56978e-31 2.02765e-31 8.98535e-32 3.97681e-32 1.75792e-32 7.76143e-33 3.4227e-33 1.50762e-33 6.6331e-34 2.9151e-34 1.27971e-34 5.61178e-35 2.45825e-35 1.07571e-35 4.70237e-36
1.11736e-08 3.00811e-08 4.95821e-08 6.37058e-08 6.98374e-08 6.83909e-08 6.14811e-08 5.16452e-08 4.10422e-08 3.11356e-08 2.27024e-08 1.59947e-08 1.09347e-08 7.27869e-09 4.7309e-09 3.00959e-09 1.87766e-09 1.15083e-09 6.93972e-10 4.12252e-10 2.41527e-10 1.39697e-10 7.98373e-11 4.51201e-11 2.52339e-11 1.39743e-11 7.66748e-12 4.17046e-12 2.24973e-12 1.20416e-12 6.39757e-13 3.37509e-13 1.76866e-13 9.20928e-14 4.76604e-14 2.45221e-14 1.25468e-14 6.38542e-15 3.2331e-15 1.62897e-15 8.16868e-16 4.07771e-16 2.02666e-16 1.00303e-16 4.94401e-17 2.4274e-17 1.18729e-17 5.78607e-18 2.80977e-18 1.35978e-18 6.55885e-19 3.15347e-19 1.51146e-19 7.22255e-20 3.44121e-20 1.63491e-20 7.74594e-21 3.66005e-21 1.7249e-21 8.10837e-22 3.80215e-22 1.77859e-22 8.30051e-23 3.8649e-23 1.79557e-23 8.3238e-24 3.85052e-24 1.77753e-24 8.18911e-25 3.76529e-25 1.72792e-25 7.91458e-26 3.61854e-26 1.65142e-26 7.5234e-27 3.42156e-27 1.55346e-27 7.04143e-28 3.18654e-28 1.43976e-28 6.49514e-29 2.92568e-29 1.31589e-29 5.90985e-30 2.65041e-30 1.18697e-30 5.30849e-31 2.37091e-31 1.05751e-31 4.71072e-32 2.09574e-32 9.31198e-33 4.1325e-33 1.83172e-33 8.10943e-34 3.58603e-34 1.58395e-34 6.98839e-35 3.07988e-35 1.35586e-35 5.96258e-36
4.29753e-09 1.21206e-08 2.07651e-08 2.75989e-08 3.11927e-08 3.14139e-08 2.89839e-08 2.49478e-08 2.02874e-08 1.57304e-08 1.17112e-08 8.41715e-09 5.86558e-09 3.97708e-09 2.63138e-09 1.70303e-09 1.08037e-09 6.72978e-10 4.12252e-10 2.48676e-10 1.47882e-10 8.67873e-11 5.03092e-11 2.88298e-11 1.63439e-11 9.1722e-12 5.09862e-12 2.80885e-12 1.53431e-12 8.31382e-13 4.47065e-13 2.38665e-13 1.26534e-13 6.66441e-14 3.48809e-14 1.81469e-14 9.38685e-15 4.82886e-15 2.47101e-15 1.25806e-15 6.37395e-16 3.21426e-16 1.61358e-16 8.06515e-17 4.01431e-17 1.98999e-17 9.82636e-18 4.83384e-18 2.36922e-18 1.15712e-18 5.63206e-19 2.7322e-19 1.32117e-19 6.36871e-20 3.06074e-20 1.46664e-20 7.00774e-21 3.33907e-21 1.58672e-21 7.52023e-22 3.55509e-22 1.67644e-22 7.88626e-23 3.70106e-23 1.73292e-23 8.09572e-24 3.77379e-24 1.75538e-24 8.14806e-25 3.77443e-25 1.74494e-25 8.05128e-26 3.70784e-26 1.70438e-26 7.82027e-27 3.5818e-27 1.63766e-27 7.47487e-28 3.4061e-28 1.54953e-28 7.03793e-29 3.19159e-29 1.44511e-29 6.53336e-30 2.94938e-30 1.32951e-30 5.98462e-31 2.69013e-31 1.20757e-31 5.41339e-32 2.42354e-32 1.0836e-32 4.83874e-33 2.15801e-33 9.61254e-34 4.2766e-34 1.90039e-34 8.43493e-35 3.73956e-35 1.65603e-35 7.32547e-36
1.6529e-09 4.87366e-09 8.66572e-09 1.19e-08 1.38522e-08 1.43337e-08 1.35625e-08 1.19532e-08 9.93982e-09 7.87237e-09 5.98076e-09 4.38267e-09 3.11152e-09 2.14791e-09 1.44596e-09 9.51637e-10 6.13586e-10 3.88283e-10 2.41527e-10 1.47882e-10 8.92307e-11 5.31147e-11 3.12192e-11 1.81342e-11 1.04175e-11 5.92264e-12 3.33436e-12 1.85993e-12 1.02846e-12 5.64007e-13 3.06881e-13 1.65735e-13 8.88732e-14 4.73353e-14 2.5049e-14 1.31738e-14 6.88747e-15 3.58053e-15 1.85128e-15 9.52202e-16 4.87311e-16 2.48191e-16 1.25819e-16 6.34983e-17 3.1908e-17 1.59671e-17 7.95799e-18 3.95084e-18 1.95406e-18 9.62953e-19 4.72866e-19 2.31411e-19 1.12873e-19 5.4878e-20 2.6598e-20 1.28524e-20 6.19206e-21 2.9747e-21 1.42508e-21 6.80863e-22 3.24438e-22 1.54201e-22 7.31065e-23 3.45751e-23 1.63131e-23 7.67897e-24 3.60649e-24 1.69008e-24 7.90297e-25 3.68772e-25 1.71724e-25 7.98053e-26 3.70149e-26 1.71351e-26 7.9173e-27 3.65148e-27 1.68104e-27 7.72538e-28 3.54415e-28 1.62319e-28 7.42175e-29 3.38795e-29 1.54411e-29 7.02651e-30 3.19254e-30 1.44838e-30 6.56126e-31 2.96801e-31 1.34069e-31 6.04762e-32 2.72426e-32 1.22554e-32 5.50602e-33 2.47049e-33 1.10707e-33 4.95482e-34 2.21485e-34 9.88864e-35 4.40974e-35 1.96419e-35 8.73883e-36
6.35729e-10 1.95598e-09 3.60462e-09 5.10869e-09 6.11906e-09 6.50032e-09 6.30285e-09 5.68399e-09 4.8303e-09 3.90536e-09 3.02596e-09 2.25964e-09 1.6336e-09 1.14756e-09 7.85675e-10 5.25593e-10 3.44293e-10 2.21247e-10 1.39697e-10 8.67873e-11 5.31147e-11 3.20573e-11 1.90988e-11 1.12415e-11 6.54195e-12 3.76667e-12 2.14706e-12 1.21231e-12 6.78404e-13 3.76421e-13 2.07185e-13 1.13165e-13 6.1362e-14 3.30418e-14 1.76743e-14 9.39424e-15 4.96297e-15 2.6067e-15 1.36149e-15 7.07303e-16 3.65558e-16 1.87998e-16 9.62216e-17 4.90221e-17 2.48646e-17 1.25577e-17 6.31592e-18 3.16392e-18 1.57881e-18 7.84888e-19 3.88783e-19 1.91901e-19 9.43985e-20 4.62822e-20 2.26187e-20 1.10195e-20 5.35232e-21 2.59202e-21 1.25167e-21 6.02736e-22 2.89457e-22 1.38641e-22 6.62336e-23 3.15627e-23 1.50039e-23 7.11533e-24 3.36646e-24 1.58914e-24 7.48489e-25 3.51775e-25 1.64977e-25 7.7211e-26 3.60625e-26 1.68101e-26 7.82063e-27 3.63153e-27 1.68318e-27 7.78717e-28 3.59631e-28 1.65797e-28 7.63048e-29 3.50591e-29 1.60819e-29 7.365e-30 3.36762e-30 1.53745e-30 7.00841e-31 3.19e-31 1.44986e-31 6.58017e-32 2.98219e-32 1.34969e-32 6.10015e-33 2.75338e-33 1.24115e-33 5.58751e-34 2.51225e-34 1.12815e-34 5.05985e-35 2.26665e-35 1.01419e-35
2.44511e-10 7.83647e-10 1.49489e-09 2.18434e-09 2.68978e-09 2.93118e-09 2.91047e-09 2.68396e-09 2.32953e-09 1.92166e-09 1.51777e-09 1.15442e-09 8.49465e-10 6.06977e-10 4.2246e-10 2.87151e-10 1.91028e-10 1.24612e-10 7.98373e-11 5.03092e-11 3.12192e-11 1.90988e-11 1.15298e-11 6.87462e-12 4.05156e-12 2.36183e-12 1.36271e-12 7.78644e-13 4.40842e-13 2.47426e-13 1.37727e-13 7.60639e-14 4.16955e-14 2.26934e-14 1.22674e-14 6.58831e-15 3.51632e-15 1.86555e-15 9.84088e-16 5.16262e-16 2.69406e-16 1.39872e-16 7.22645e-17 3.71591e-17 1.90206e-17 9.69328e-18 4.91892e-18 2.48589e-18 1.25131e-18 6.27449e-19 3.13451e-19 1.56023e-19 7.73903e-20 3.82566e-20 1.88491e-20 9.25722e-21 4.53228e-21 2.21226e-21 1.07665e-21 5.22474e-22 2.52838e-22 1.22022e-22 5.87329e-23 2.81969e-23 1.35029e-23 6.45038e-24 3.07397e-24 1.4615e-24 6.9327e-25 3.28122e-25 1.54961e-25 7.30264e-26 3.43425e-26 1.61175e-26 7.54912e-27 3.52896e-27 1.64652e-27 7.66784e-28 3.56437e-28 1.65392e-28 7.66089e-29 3.54239e-29 1.63523e-29 7.536e-30 3.46735e-30 1.5928e-30 7.30542e-31 3.34551e-31 1.52977e-31 6.98467e-32 3.18446e-32 1.44979e-32 6.59124e-33 2.99247e-33 1.35677e-33 6.14334e-34 2.77802e-34 1.25461e-34 5.6589e-35 2.54928e-35 1.14702e-35
9.40428e-11 3.13459e-10 6.18234e-10 9.30484e-10 1.17699e-09 1.31479e-09 1.33602e-09 1.25911e-09 1.11555e-09 9.38412e-10 7.55169e-10 5.84772e-10 4.37778e-10 3.18052e-10 2.24951e-10 1.55298e-10 1.04883e-10 6.94276e-11 4.51201e-11 2.88298e-11 1.81342e-11 1.12415e-11 6.87462e-12 4.15107e-12 2.47687e-12 1.46146e-12 8.53291e-13 4.93273e-13 2.82483e-13 1.60334e-13 9.02372e-14 5.0379e-14 2.79117e-14 1.53514e-14 8.38452e-15 4.54894e-15 2.45227e-15 1.31391e-15 6.99861e-16 3.70686e-16 1.95274e-16 1.02333e-16 5.33584e-17 2.76875e-17 1.42999e-17 7.3523e-18 3.76373e-18 1.91858e-18 9.74027e-19 4.92544e-19 2.48118e-19 1.24526e-19 6.22726e-20 3.10326e-20 1.54123e-20 7.62934e-21 3.76458e-21 1.8518e-21 9.08147e-22 4.44058e-22 2.16509e-22 1.05269e-22 5.10434e-23 2.46847e-23 1.19067e-23 5.72872e-24 2.7495e-24 1.31645e-24 6.28833e-25 2.99688e-25 1.42505e-25 6.7614e-26 3.2012e-26 1.51244e-26 7.13104e-27 3.35549e-27 1.57581e-27 7.38615e-28 3.45552e-28 1.61364e-28 7.52167e-29 3.49987e-29 1.62568e-29 7.53837e-30 3.48975e-30 1.61287e-30 7.44226e-31 3.42867e-31 1.57715e-31 7.24367e-32 3.32197e-32 1.52124e-32 6.95618e-33 3.17636e-33 1.44839e-33 6.59546e-34 2.99931e-34 1.36215e-34 6.17821e-35 2.79863e-35 1.26614e-35
3.61703e-11 1.25198e-10 2.55021e-10 3.94992e-10 5.1284e-10 5.86858e-10 6.09901e-10 5.87088e-10 5.30684e-10 4.55019e-10 3.72908e-10 2.93862e-10 2.23728e-10 1.65202e-10 1.18692e-10 8.31956e-11 5.7022e-11 3.82907e-11 2.52339e-11 1.63439e-11 1.04175e-11 6.54195e-12 4.05156e-12 2.47687e-12 1.49589e-12 8.93169e-13 5.27583e-13 3.08483e-13 1.78647e-13 1.02518e-13 5.83242e-14 3.29095e-14 1.84243e-14 1.02379e-14 5.64848e-15 3.09519e-15 1.68501e-15 9.11582e-16 4.90205e-16 2.6209e-16 1.39351e-16 7.36971e-17 3.87751e-17 2.03002e-17 1.05771e-17 5.48565e-18 2.83235e-18 1.45609e-18 7.45447e-19 3.80089e-19 1.93042e-19 9.76715e-20 4.92359e-20 2.47311e-20 1.23792e-20 6.17561e-21 3.07073e-21 1.52201e-21 7.52046e-22 3.70476e-22 1.81969e-22 8.91236e-23 4.35285e-23 2.12018e-23 1.02996e-23 4.99046e-24 2.41193e-24 1.16283e-24 5.5927e-25 2.68351e-25 1.28466e-25 6.1361e-26 2.92445e-26 1.39078e-26 6.60027e-27 3.12586e-27 1.47741e-27 6.96907e-28 3.28102e-28 1.54177e-28 7.23142e-29 3.38561e-29 1.58225e-29 7.38169e-30 3.43787e-30 1.59842e-30 7.41954e-31 3.43841e-31 1.59092e-31 7.34952e-32 3.39003e-32 1.56133e-32 7.18028e-33 3.29729e-33 1.512e-33 6.92366e-34 3.16607e-34 1.44582e-34 6.59371e-35 3.00313e-35 1.36602e-35
1.39117e-11 4.99365e-11 1.04944e-10 1.67132e-10 2.22573e-10 2.60742e-10 2.76985e-10 2.72186e-10 2.50896e-10 2.19168e-10 1.82847e-10 1.46572e-10 1.13442e-10 8.51063e-11 6.20913e-11 4.41739e-11 3.07165e-11 2.09176e-11 1.39743e-11 9.1722e-12 5.92264e-12 3.76667e-12 2.36183e-12 1.46146e-12 8.93169e-13 5.39525e-13 3.22339e-13 1.90593e-13 1.11592e-13 6.47315e-14 3.72185e-14 2.12202e-14 1.20023e-14 6.73687e-15 3.75391e-15 2.0772e-15 1.14175e-15 6.23563e-16 3.3847e-16 1.82639e-16 9.79946e-17 5.22921e-17 2.77577e-17 1.46597e-17 7.70443e-18 4.02996e-18 2.09834e-18 1.08776e-18 5.61475e-19 2.88622e-19 1.4777e-19 7.53624e-20 3.82898e-20 1.9383e-20 9.77723e-21 4.91484e-21 2.46232e-21 1.22959e-21 6.12063e-22 3.03731e-22 1.50271e-22 7.41285e-23 3.64631e-23 1.78859e-23 8.74961e-24 4.26887e-24 2.07737e-24 1.00836e-24 4.88253e-25 2.35845e-25 1.13654e-25 5.46439e-26 2.62132e-26 1.2547e-26 5.99271e-27 2.85621e-27 1.3585e-27 6.44834e-28 3.05475e-28 1.44431e-28 6.81583e-29 3.21045e-29 1.50945e-29 7.08423e-30 3.31896e-30 1.55225e-30 7.24746e-31 3.37822e-31 1.5721e-31 7.30429e-32 3.38837e-32 1.5694e-32 7.25797e-33 3.35158e-33 1.54542e-33 7.1157e-34 3.2717e-34 1.50219e-34 6.88778e-35 3.15391e-35 1.44226e-35
5.35064e-12 1.98923e-11 4.30891e-11 7.05046e-11 9.62391e-11 1.1535e-10 1.25183e-10 1.25517e-10 1.17931e-10 1.0491e-10 8.90606e-11 7.25953e-11 5.70974e-11 4.35058e-11 3.22209e-11 2.3259e-11 1.64033e-11 1.13248e-11 7.66748e-12 5.09862e-12 3.33436e-12 2.14706e-12 1.36271e-12 8.53291e-13 5.27583e-13 3.22339e-13 1.94744e-13 1.16417e-13 6.88989e-14 4.03908e-14 2.34658e-14 1.35163e-14 7.72206e-15 4.37743e-15 2.46303e-15 1.37602e-15 7.63516e-16 4.2089e-16 2.30564e-16 1.25544e-16 6.79639e-17 3.65879e-17 1.95911e-17 1.04359e-17 5.53126e-18 2.91756e-18 1.53175e-18 8.00559e-19 4.16582e-19 2.15859e-19 1.11393e-19 5.72554e-20 2.93157e-20 1.49541e-20 7.60043e-21 3.84931e-21 1.94284e-21 9.77324e-22 4.90038e-22 2.44933e-22 1.22047e-22 6.06319e-23 3.00335e-23 1.48345e-23 7.30684e-24 3.58929e-24 1.75848e-24 8.59293e-25 4.1884e-25 2.03649e-25 9.87802e-26 4.78004e-26 2.30777e-26 1.11166e-26 5.34308e-27 2.56256e-27 1.22641e-27 5.85732e-28 2.79177e-28 1.32799e-28 6.30473e-29 2.98749e-29 1.41297e-29 6.67055e-30 3.14346e-30 1.47872e-30 6.94399e-31 3.25532e-31 1.52353e-31 7.11864e-32 3.32079e-32 1.54667e-32 7.19249e-33 3.33961e-33 1.54832e-33 7.16775e-34 3.3134e-34 1.52949e-34 7.05029e-35 3.2454e-35 1.4919e-35
2.05794e-12 7.9147e-12 1.7655e-11 2.9658e-11 4.14686e-11 5.08234e-11 5.63188e-11 5.75911e-11 5.51296e-11 4.99229e-11 4.31087e-11 3.57182e-11 2.85388e-11 2.20784e-11 1.65937e-11 1.21503e-11 8.68827e-12 6.07962e-12 4.17046e-12 2.80885e-12 1.85993e-12 1.21231e-12 7.78644e-13 4.93273e-13 3.08483e-13 1.90593e-13 1.16417e-13 7.03451e-14 4.20741e-14 2.49223e-14 1.46274e-14 8.51025e-15 4.91018e-15 2.81059e-15 1.5966e-15 9.00408e-16 5.04264e-16 2.80529e-16 1.55065e-16 8.51876e-17 4.6523e-17 2.52629e-17 1.36432e-17 7.32905e-18 3.91706e-18 2.0832e-18 1.10263e-18 5.8093e-19 3.04705e-19 1.59133e-19 8.27596e-20 4.28661e-20 2.21156e-20 1.13664e-20 5.82012e-21 2.96944e-21 1.50971e-21 7.64943e-22 3.86299e-22 1.94453e-22 9.75746e-23 4.88121e-23 2.43456e-23 1.21073e-23 6.00396e-24 2.96909e-24 1.46431e-24 7.20269e-25 3.53373e-25 1.72932e-25 8.44205e-26 4.11122e-26 1.99742e-26 9.68203e-27 4.68255e-27 2.25963e-27 1.08806e-27 5.22814e-28 2.50692e-28 1.19964e-28 5.72918e-29 2.73078e-29 1.29912e-29 6.16869e-30 2.92373e-30 1.38323e-30 6.53255e-31 3.07973e-31 1.44944e-31 6.81016e-32 3.19446e-32 1.49601e-32 6.99485e-33 3.26545e-33 1.52209e-33 7.08403e-34 3.29211e-34 1.52769e-34 7.07895e-35 3.27559e-35 1.51358e-35
7.91514e-13 3.14558e-12 7.21967e-12 1.24425e-11 1.78101e-11 2.23078e-11 2.52286e-11 2.62995e-11 2.56391e-11 2.36253e-11 2.07434e-11 1.74645e-11 1.4171e-11 1.11275e-11 8.48457e-12 6.29996e-12 4.56642e-12 3.23777e-12 2.24973e-12 1.53431e-12 1.02846e-12 6.78404e-13 4.40842e-13 2.82483e-13 1.78647e-13 1.11592e-13 6.88989e-14 4.20741e-14 2.54271e-14 1.52157e-14 9.0202e-15 5.29989e-15 3.08765e-15 1.7843e-15 1.02316e-15 5.82373e-16 3.29137e-16 1.84755e-16 1.03034e-16 5.70999e-17 3.14535e-17 1.72258e-17 9.3812e-18 5.0815e-18 2.73817e-18 1.46806e-18 7.83277e-19 4.15951e-19 2.19883e-19 1.15724e-19 6.0646e-20 3.16504e-20 1.64517e-20 8.51815e-21 4.39374e-21 2.258e-21 1.15626e-21 5.90035e-22 3.00072e-22 1.52104e-22 7.68529e-23 3.87097e-23 1.94381e-23 9.7318e-24 4.85816e-24 2.41836e-24 1.20052e-24 5.94349e-25 2.93474e-25 1.44537e-25 7.10054e-26 3.47964e-26 1.7011e-26 8.29666e-27 4.03714e-27 1.96003e-27 9.49492e-28 4.58965e-28 2.21384e-28 1.06564e-28 5.11902e-29 2.45413e-29 1.17424e-29 5.60766e-30 2.67293e-30 1.27172e-30 6.03956e-31 2.86317e-31 1.35496e-31 6.40122e-32 3.01901e-32 1.4215e-32 6.68224e-33 3.13619e-33 1.4696e-33 6.8758e-34 3.21209e-34 1.49832e-34 6.97878e-35 3.24585e-35 1.5075e-35
3.04429e-13 1.24887e-12 2.9469e-12 5.20699e-12 7.62562e-12 9.75637e-12 1.12557e-11 1.19562e-11 1.1866e-11 1.11219e-11 9.92591e-12 8.48901e-12 6.99298e-12 5.57184e-12 4.30889e-12 3.24356e-12 2.38252e-12 1.7113e-12 1.20416e-12 8.31382e-13 5.64007e-13 3.76421e-13 2.47426e-13 1.60334e-13 1.02518e-13 6.47315e-14 4.03908e-14 2.49223e-14 1.52157e-14 9.1967e-15 5.50589e-15 3.26648e-15 1.92121e-15 1.12068e-15 6.48584e-16 3.72538e-16 2.1244e-16 1.20307e-16 6.76792e-17 3.78306e-17 2.10164e-17 1.16065e-17 6.37335e-18 3.48051e-18 1.89065e-18 1.02177e-18 5.49464e-19 2.94065e-19 1.5665e-19 8.30741e-20 4.38639e-20 2.30629e-20 1.20765e-20 6.29851e-21 3.27232e-21 1.69372e-21 8.7346e-22 4.48849e-22 2.29856e-22 1.17314e-22 5.96787e-23 3.02623e-23 1.52979e-23 7.70976e-24 3.87405e-24 1.94103e-24 9.69783e-25 4.83192e-25 2.40101e-25 1.18995e-25 5.88224e-26 2.90045e-26 1.42666e-26 7.0005e-27 3.42701e-27 1.67379e-27 8.1565e-28 3.96595e-28 1.9242e-28 9.31602e-29 4.50098e-29 2.17019e-29 1.04429e-29 5.01522e-30 2.40394e-30 1.1501e-30 5.49219e-31 2.61796e-31 1.24568e-31 5.91677e-32 2.80553e-32 1.32804e-32 6.27602e-33 2.96106e-33 1.3948e-33 6.55981e-34 3.08031e-34 1.44423e-34 6.76119e-35 3.1606e-35 1.47531e-35
1.17088e-13 4.95344e-13 1.20078e-12 2.17389e-12 3.25552e-12 4.25251e-12 5.00251e-12 5.41251e-12 5.46643e-12 5.20988e-12 4.72459e-12 4.10324e-12 3.43057e-12 2.7728e-12 2.17422e-12 1.65881e-12 1.23447e-12 8.98018e-13 6.39757e-13 4.47065e-13 3.06881e-13 2.07185e-13 1.37727e-13 9.02372e-14 5.83242e-14 3.72185e-14 2.34658e-14 1.46274e-14 9.0202e-15 5.50589e-15 3.3283e-15 1.99345e-15 1.18349e-15 6.96746e-16 4.0691e-16 2.35823e-16 1.35668e-16 7.75007e-17 4.39735e-17 2.47884e-17 1.38863e-17 7.73224e-18 4.28056e-18 2.35647e-18 1.29025e-18 7.02779e-19 3.80863e-19 2.05398e-19 1.10248e-19 5.89054e-20 3.13337e-20 1.65958e-20 8.75328e-21 4.59814e-21 2.40593e-21 1.25406e-21 6.51239e-22 3.36968e-22 1.73743e-22 8.92759e-23 4.57205e-23 2.33385e-23 1.18756e-23 6.02412e-24 3.04663e-24 1.53626e-24 7.72435e-25 3.87291e-25 1.93651e-25 9.6569e-26 4.80304e-26 2.38276e-26 1.17911e-26 5.82054e-27 2.86634e-27 1.40822e-27 6.90263e-28 3.37581e-28 1.64733e-28 8.02129e-29 3.89749e-29 1.88983e-29 9.14476e-30 4.41624e-30 2.12853e-30 1.02393e-30 4.91632e-31 2.35615e-31 1.12713e-31 5.38227e-32 2.56563e-32 1.22088e-32 5.79979e-33 2.7506e-33 1.30236e-33 6.15649e-34 2.90567e-34 1.36925e-34 6.44247e-35 3.02668e-35 1.41983e-35
4.50338e-14 1.9629e-13 4.88481e-13 9.05567e-13 1.38602e-12 1.8476e-12 2.21527e-12 2.4404e-12 2.5073e-12 2.42903e-12 2.23758e-12 1.97283e-12 1.67356e-12 1.37181e-12 1.0904e-12 8.42959e-13 6.35415e-13 4.68036e-13 3.37509e-13 2.38665e-13 1.65735e-13 1.13165e-13 7.60639e-14 5.0379e-14 3.29095e-14 2.12202e-14 1.35163e-14 8.51025e-15 5.29989e-15 3.26648e-15 1.99345e-15 1.20518e-15 7.22119e-16 4.28999e-16 2.52789e-16 1.47797e-16 8.57677e-17 4.94156e-17 2.82756e-17 1.60724e-17 9.0779e-18 5.09594e-18 2.84377e-18 1.57794e-18 8.70749e-19 4.77955e-19 2.61005e-19 1.41824e-19 7.66939e-20 4.12807e-20 2.21192e-20 1.18002e-20 6.26846e-21 3.31619e-21 1.74733e-21 9.17106e-22 4.79531e-22 2.49811e-22 1.29673e-22 6.70761e-23 3.45787e-23 1.77668e-23 9.09921e-24 4.64546e-24 2.36438e-24 1.19978e-24 6.07035e-25 3.06254e-25 1.54076e-25 7.73034e-26 3.86814e-26 1.93051e-26 9.61013e-27 4.772e-27 2.36379e-27 1.16809e-27 5.75868e-28 2.83251e-28 1.39009e-28 6.80696e-29 3.32602e-29 1.62171e-29 7.89078e-30 3.83159e-30 1.85682e-30 8.98059e-31 4.33514e-31 2.08871e-31 1.00449e-31 4.82194e-32 2.31056e-32 1.10522e-32 5.27746e-33 2.51573e-33 1.19722e-33 5.68817e-34 2.69816e-34 1.27782e-34 6.04219e-35 2.85266e-35 1.34476e-35
1.73207e-14 7.77166e-14 1.9841e-13 3.76431e-13 5.88558e-13 8.00291e-13 9.77615e-13 1.09615e-12 1.14526e-12 1.12745e-12 1.05469e-12 9.43752e-13 8.12093e-13 6.74911e-13 5.43673e-13 4.25783e-13 3.25018e-13 2.42355e-13 1.76866e-13 1.26534e-13 8.88732e-14 6.1362e-14 4.16955e-14 2.79117e-14 1.84243e-14 1.20023e-14 7.72206e-15 4.91018e-15 3.08765e-15 1.92121e-15 1.18349e-15 7.22119e-16 4.36619e-16 2.61713e-16 1.55576e-16 9.17514e-17 5.37005e-17 3.12014e-17 1.80023e-17 1.03171e-17 5.87449e-18 3.32411e-18 1.86969e-18 1.04555e-18 5.81418e-19 3.21576e-19 1.76932e-19 9.68577e-20 5.27636e-20 2.86071e-20 1.54389e-20 8.29513e-21 4.43762e-21 2.36402e-21 1.25424e-21 6.62807e-22 3.48914e-22 1.82986e-22 9.56165e-23 4.97854e-23 2.58325e-23 1.33587e-23 6.88547e-24 3.53759e-24 1.81184e-24 9.25136e-25 4.70971e-25 2.39065e-25 1.21005e-25 6.1077e-26 3.07448e-26 1.54351e-26 7.72886e-27 3.86025e-27 1.92324e-27 9.55848e-28 4.73922e-28 2.34427e-28 1.15694e-28 5.6969e-29 2.79903e-29 1.37227e-29 6.7135e-30 3.2776e-30 1.59689e-30 7.76473e-31 3.76811e-31 1.82508e-31 8.82304e-32 4.25741e-32 2.05059e-32 9.85899e-33 4.73172e-33 2.267e-33 1.08429e-33 5.17737e-34 2.46807e-34 1.17463e-34 5.5815e-35 2.64801e-35 1.25435e-35
