0.370093 0.0197733 0.0129707 0.00915682 0.00680767 0.0052464 0.00414638 0.00333669 0.00272093 0.00224102 0.00185993 0.00155289 0.00130269 0.00109694 0.000926518 0.0007845 0.000665568 0.000565554 0.000481151 0.000409704 0.000349059 0.000297454 0.000253436 0.000215801 0.000183543 0.00015582 0.000131919 0.000111238 9.32632e-05 7.75546e-05 6.65304e-05
0.0197733 0.00244175 0.00148405 0.000964046 0.000658952 0.000468224 0.000342755 0.000256775 0.000195891 0.000151618 0.000118726 9.38537e-05 7.47726e-05 5.99572e-05 4.83377e-05 3.91468e-05 3.1824e-05 2.59529e-05 2.12197e-05 1.73854e-05 1.42656e-05 1.17169e-05 9.62701e-06 7.9071e-06 6.48675e-06 5.30974e-06 4.33106e-06 3.51459e-06 2.83149e-06 2.25894e-06 1.89125e-06
0.0129707 0.00148405 0.00086489 0.00054397 0.000363302 0.000254077 0.000184031 0.000136914 0.000103987 8.02646e-05 6.2751e-05 4.95648e-05 3.94773e-05 3.16589e-05 2.55335e-05 2.06909e-05 1.6833e-05 1.37394e-05 1.12447e-05 9.22273e-06 7.57669e-06 6.23123e-06 5.12736e-06 4.21853e-06 3.46776e-06 2.84558e-06 2.32841e-06 1.89743e-06 1.5377e-06 1.26783e-06 1.06222e-06
0.00915682 0.000964046 0.00054397 0.000333588 0.000218823 0.000151216 0.000108703 8.05038e-05 6.0984e-05 4.70081e-05 3.6731e-05 2.90118e-05 2.31144e-05 1.85466e-05 1.49683e-05 1.21391e-05 9.88435e-06 8.0755e-06 6.61599e-06 5.43244e-06 4.46842e-06 3.68005e-06 3.033e-06 2.50013e-06 2.05991e-06 1.69518e-06 1.39222e-06 1.14012e-06 9.42116e-07 7.76817e-07 6.51085e-07
0.00680767 0.000658952 0.000363302 0.000218823 0.000141772 9.7214e-05 6.95728e-05 5.14058e-05 3.89026e-05 2.99804e-05 2.34309e-05 1.85152e-05 1.47603e-05 1.18513e-05 9.57153e-06 7.76804e-06 6.33002e-06 5.17572e-06 4.24388e-06 3.48787e-06 2.87184e-06 2.36792e-06 1.95423e-06 1.61354e-06 1.33212e-06 1.09904e-06 9.05612e-07 7.49545e-07 6.19488e-07 5.10822e-07 4.28186e-07
0.0052464 0.000468224 0.000254077 0.000151216 9.7214e-05 6.63695e-05 4.73995e-05 3.49973e-05 2.64856e-05 2.04191e-05 1.5967e-05 1.26246e-05 1.00702e-05 8.09004e-06 6.53733e-06 5.30828e-06 4.3278e-06 3.54044e-06 2.90459e-06 2.38858e-06 1.96804e-06 1.62398e-06 1.34155e-06 1.10897e-06 9.16903e-07 7.57919e-07 6.27919e-07 5.19794e-07 4.29641e-07 3.54285e-07 2.96941e-07
0.00414638 0.000342755 0.000184031 0.000108703 6.95728e-05 4.73995e-05 3.38308e-05 2.49827e-05 1.89158e-05 1.45915e-05 1.14163e-05 9.03092e-06 7.20662e-06 5.79155e-06 4.68136e-06 3.80222e-06 3.10065e-06 2.53714e-06 2.08199e-06 1.71261e-06 1.41156e-06 1.16529e-06 9.63161e-07 7.96751e-07 6.59381e-07 5.46463e-07 4.52763e-07 3.74813e-07 3.09808e-07 2.55468e-07 2.14071e-07
0.00333669 0.000256775 0.000136914 8.05038e-05 5.14058e-05 3.49973e-05 2.49827e-05 1.84582e-05 1.39838e-05 1.07926e-05 8.44751e-06 6.68444e-06 5.33521e-06 4.28814e-06 3.46638e-06 2.81549e-06 2.29602e-06 1.87875e-06 1.54174e-06 1.26826e-06 1.04541e-06 8.63157e-07 7.13603e-07 5.90521e-07 4.89257e-07 4.05452e-07 3.35914e-07 2.78068e-07 2.29832e-07 1.89514e-07 1.58758e-07
0.00272093 0.000195891 0.000103987 6.0984e-05 3.89026e-05 2.64856e-05 1.89158e-05 1.39838e-05 1.05994e-05 8.1835e-06 6.4068e-06 5.07018e-06 4.04683e-06 3.25242e-06 2.62886e-06 2.13494e-06 1.74076e-06 1.42418e-06 1.16854e-06 9.61146e-07 7.92192e-07 6.54054e-07 5.40742e-07 4.47645e-07 3.70826e-07 3.07266e-07 2.54537e-07 2.10684e-07 1.74123e-07 1.43571e-07 1.20232e-07
0.00224102 0.000151618 8.02646e-05 4.70081e-05 2.99804e-05 2.04191e-05 1.45915e-05 1.07926e-05 8.1835e-06 6.31953e-06 4.9478e-06 3.91536e-06 3.12466e-06 2.51079e-06 2.02895e-06 1.64733e-06 1.34283e-06 1.09833e-06 9.00961e-07 7.40884e-07 6.10525e-07 5.03982e-07 4.16672e-07 3.44857e-07 2.85618e-07 2.36618e-07 1.95982e-07 1.62196e-07 1.34036e-07 1.10511e-07 9.2516e-08
0.00185993 0.000118726 6.2751e-05 3.6731e-05 2.34309e-05 1.5967e-05 1.14163e-05 8.44751e-06 6.4068e-06 4.9478e-06 3.87353e-06 3.06472e-06 2.44522e-06 1.96428e-06 1.58682e-06 1.28794e-06 1.04953e-06 8.58159e-07 7.03727e-07 5.78523e-07 4.76604e-07 3.93359e-07 3.25122e-07 2.69015e-07 2.2275e-07 1.84497e-07 1.52784e-07 1.26426e-07 1.04465e-07 8.61245e-08 7.20765e-08
0.00155289 9.38537e-05 4.95648e-05 2.90118e-05 1.85152e-05 1.26246e-05 9.03092e-06 6.68444e-06 5.07018e-06 3.91536e-06 3.06472e-06 2.42417e-06 1.93356e-06 1.55272e-06 1.25389e-06 1.01735e-06 8.28722e-07 6.77371e-07 5.55281e-07 4.56339e-07 3.75839e-07 3.10095e-07 2.56224e-07 2.11948e-07 1.75453e-07 1.45289e-07 1.20292e-07 9.95237e-08 8.2226e-08 6.77857e-08 5.67106e-08
0.00130269 7.47726e-05 3.94773e-05 2.31144e-05 1.47603e-05 1.00702e-05 7.20662e-06 5.33521e-06 4.04683e-06 3.12466e-06 2.44522e-06 1.93356e-06 1.54169e-06 1.23757e-06 9.99008e-07 8.10231e-07 6.59753e-07 5.39059e-07 4.41738e-07 3.62907e-07 2.98785e-07 2.46439e-07 2.03564e-07 1.6834e-07 1.39317e-07 1.15339e-07 9.54762e-08 7.89793e-08 6.52445e-08 5.37828e-08 4.49813e-08
0.00109694 5.99572e-05 3.16589e-05 1.85466e-05 1.18513e-05 8.09004e-06 5.79155e-06 4.28814e-06 3.25242e-06 2.51079e-06 1.96428e-06 1.55272e-06 1.23757e-06 9.93046e-07 8.01301e-07 6.49625e-07 5.28768e-07 4.31872e-07 3.53775e-07 2.90536e-07 2.39119e-07 1.97162e-07 1.6281e-07 1.34599e-07 1.11365e-07 9.21762e-08 7.62868e-08 6.30952e-08 5.21165e-08 4.29581e-08 3.5917e-08
0.000926518 4.83377e-05 2.55335e-05 1.49683e-05 9.57153e-06 6.53733e-06 4.68136e-06 3.46638e-06 2.62886e-06 2.02895e-06 1.58682e-06 1.25389e-06 9.99008e-07 8.01301e-07 6.46319e-07 5.23771e-07 4.26161e-07 3.47937e-07 2.84913e-07 2.339e-07 1.9244e-07 1.58622e-07 1.30946e-07 1.08226e-07 8.95207e-08 7.4079e-08 6.1297e-08 5.06893e-08 4.18642e-08 3.45052e-08 2.8841e-08
0.0007845 3.91468e-05 2.06909e-05 1.21391e-05 7.76804e-06 5.30828e-06 3.80222e-06 2.81549e-06 2.13494e-06 1.64733e-06 1.28794e-06 1.01735e-06 8.10231e-07 6.49625e-07 5.23771e-07 4.24291e-07 3.4509e-07 2.81641e-07 2.30541e-07 1.89197e-07 1.5561e-07 1.28224e-07 1.05819e-07 8.74348e-08 7.2305e-08 5.98193e-08 4.94882e-08 4.09175e-08 3.37898e-08 2.78482e-08 2.32702e-08
0.000665568 3.1824e-05 1.6833e-05 9.88435e-06 6.33002e-06 4.3278e-06 3.10065e-06 2.29602e-06 1.74076e-06 1.34283e-06 1.04953e-06 8.28722e-07 6.59753e-07 5.28768e-07 4.26161e-07 3.4509e-07 2.80566e-07 2.28897e-07 1.87301e-07 1.53659e-07 1.2634e-07 1.04073e-07 8.58638e-08 7.09271e-08 5.86393e-08 4.85028e-08 4.01184e-08 3.31653e-08 2.73848e-08 2.25681e-08 1.88528e-08
0.000565554 2.59529e-05 1.37394e-05 8.0755e-06 5.17572e-06 3.54044e-06 2.53714e-06 1.87875e-06 1.42418e-06 1.09833e-06 8.58159e-07 6.77371e-07 5.39059e-07 4.31872e-07 3.47937e-07 2.81641e-07 2.28897e-07 1.86677e-07 1.52701e-07 1.25233e-07 1.02935e-07 8.47681e-08 6.9917e-08 5.77393e-08 4.77249e-08 3.94666e-08 3.26382e-08 2.69774e-08 2.2273e-08 1.83542e-08 1.53286e-08
0.000481151 2.12197e-05 1.12447e-05 6.61599e-06 4.24388e-06 2.90459e-06 2.08199e-06 1.54174e-06 1.16854e-06 9.00961e-07 7.03727e-07 5.55281e-07 4.41738e-07 3.53775e-07 2.84913e-07 2.30541e-07 1.87301e-07 1.52701e-07 1.24868e-07 1.02374e-07 8.41211e-08 6.92546e-08 5.7106e-08 4.71477e-08 3.89613e-08 3.22128e-08 2.66346e-08 2.20118e-08 1.81714e-08 1.49733e-08 1.25018e-08
0.000409704 1.73854e-05 9.22273e-06 5.43244e-06 3.48787e-06 2.38858e-06 1.71261e-06 1.26826e-06 9.61146e-07 7.40884e-07 5.78523e-07 4.56339e-07 3.62907e-07 2.90536e-07 2.339e-07 1.89197e-07 1.53659e-07 1.25233e-07 1.02374e-07 8.39071e-08 6.89266e-08 5.67298e-08 4.67661e-08 3.86016e-08 3.18919e-08 2.63626e-08 2.17937e-08 1.80086e-08 1.4865e-08 1.22482e-08 1.02239e-08
0.000349059 1.42656e-05 7.57669e-06 4.46842e-06 2.87184e-06 1.96804e-06 1.41156e-06 1.04541e-06 7.92192e-07 6.10525e-07 4.76604e-07 3.75839e-07 2.98785e-07 2.39119e-07 1.9244e-07 1.5561e-07 1.2634e-07 1.02935e-07 8.41211e-08 6.89266e-08 5.6605e-08 4.65762e-08 3.83863e-08 3.16773e-08 2.61656e-08 2.1625e-08 1.78741e-08 1.47678e-08 1.21887e-08 1.00424e-08 8.38077e-09
0.000297454 1.17169e-05 6.23123e-06 3.68005e-06 2.36792e-06 1.62398e-06 1.16529e-06 8.63157e-07 6.54054e-07 5.03982e-07 3.93359e-07 3.10095e-07 2.46439e-07 1.97162e-07 1.58622e-07 1.28224e-07 1.04073e-07 8.47681e-08 6.92546e-08 5.67298e-08 4.65762e-08 3.83146e-08 3.15699e-08 2.60465e-08 2.15101e-08 1.77741e-08 1.46889e-08 1.21345e-08 1.00143e-08 8.25048e-09 6.88379e-09
0.000253436 9.62701e-06 5.12736e-06 3.033e-06 1.95423e-06 1.34155e-06 9.63161e-07 7.13603e-07 5.40742e-07 4.16672e-07 3.25122e-07 2.56224e-07 2.03564e-07 1.6281e-07 1.30946e-07 1.05819e-07 8.58638e-08 6.9917e-08 5.7106e-08 4.67661e-08 3.83863e-08 3.15699e-08 2.60066e-08 2.14521e-08 1.77125e-08 1.46335e-08 1.20916e-08 9.9876e-09 8.2418e-09 6.78982e-09 5.66388e-09
0.000215801 7.9071e-06 4.21853e-06 2.50013e-06 1.61354e-06 1.10897e-06 7.96751e-07 5.90521e-07 4.47645e-07 3.44857e-07 2.69015e-07 2.11948e-07 1.6834e-07 1.34599e-07 1.08226e-07 8.74348e-08 7.09271e-08 5.77393e-08 4.71477e-08 3.86016e-08 3.16773e-08 2.60465e-08 2.14521e-08 1.76917e-08 1.4605e-08 1.20642e-08 9.96715e-09 8.23188e-09 6.79239e-09 5.59549e-09 4.66668e-09
0.000183543 6.48675e-06 3.46776e-06 2.05991e-06 1.33212e-06 9.16903e-07 6.59381e-07 4.89257e-07 3.70826e-07 2.85618e-07 2.2275e-07 1.75453e-07 1.39317e-07 1.11365e-07 8.95207e-08 7.2305e-08 5.86393e-08 4.77249e-08 3.89613e-08 3.18919e-08 2.61656e-08 2.15101e-08 1.77125e-08 1.4605e-08 1.20548e-08 9.95613e-09 8.22446e-09 6.79186e-09 5.60374e-09 4.6161e-09 3.84915e-09
0.00015582 5.30974e-06 2.84558e-06 1.69518e-06 1.09904e-06 7.57919e-07 5.46463e-07 4.05452e-07 3.07266e-07 2.36618e-07 1.84497e-07 1.45289e-07 1.15339e-07 9.21762e-08 7.4079e-08 5.98193e-08 4.85028e-08 3.94666e-08 3.22128e-08 2.63626e-08 2.1625e-08 1.77741e-08 1.46335e-08 1.20642e-08 9.95613e-09 8.22173e-09 6.79092e-09 5.60748e-09 4.62623e-09 3.81072e-09 3.17705e-09
0.000131919 4.33106e-06 2.32841e-06 1.39222e-06 9.05612e-07 6.27919e-07 4.52763e-07 3.35914e-07 2.54537e-07 1.95982e-07 1.52784e-07 1.20292e-07 9.54762e-08 7.62868e-08 6.1297e-08 4.94882e-08 4.01184e-08 3.26382e-08 2.66346e-08 2.17937e-08 1.78741e-08 1.46889e-08 1.20916e-08 9.96715e-09 8.22446e-09 6.79092e-09 5.60853e-09 4.63076e-09 3.82018e-09 3.14666e-09 2.62303e-09
0.000111238 3.51459e-06 1.89743e-06 1.14012e-06 7.49545e-07 5.19794e-07 3.74813e-07 2.78068e-07 2.10684e-07 1.62196e-07 1.26426e-07 9.95237e-08 7.89793e-08 6.30952e-08 5.06893e-08 4.09175e-08 3.31653e-08 2.69774e-08 2.20118e-08 1.80086e-08 1.47678e-08 1.21345e-08 9.9876e-09 8.23188e-09 6.79186e-09 5.60748e-09 4.63076e-09 3.82319e-09 3.15381e-09 2.5977e-09 2.16517e-09
9.32632e-05 2.83149e-06 1.5377e-06 9.42116e-07 6.19488e-07 4.29641e-07 3.09808e-07 2.29832e-07 1.74123e-07 1.34036e-07 1.04465e-07 8.2226e-08 6.52445e-08 5.21165e-08 4.18642e-08 3.37898e-08 2.73848e-08 2.2273e-08 1.81714e-08 1.4865e-08 1.21887e-08 1.00143e-08 8.2418e-09 6.79239e-09 5.60374e-09 4.62623e-09 3.82018e-09 3.15381e-09 2.60154e-09 2.14276e-09 1.78582e-09
7.75546e-05 2.25894e-06 1.26783e-06 7.76817e-07 5.10822e-07 3.54285e-07 2.55468e-07 1.89514e-07 1.43571e-07 1.10511e-07 8.61245e-08 6.77857e-08 5.37828e-08 4.29581e-08 3.45052e-08 2.78482e-08 2.25681e-08 1.83542e-08 1.49733e-08 1.22482e-08 1.00424e-08 8.25048e-09 6.78982e-09 5.59549e-09 4.6161e-09 3.81072e-09 3.14666e-09 2.5977e-09 2.14276e-09 1.76487e-09 1.47081e-09
6.65304e-05 1.89125e-06 1.06222e-06 6.51085e-07 4.28186e-07 2.96941e-07 2.14071e-07 1.58758e-07 1.20232e-07 9.2516e-08 7.20765e-08 5.67106e-08 4.49813e-08 3.5917e-08 2.8841e-08 2.32702e-08 1.88528e-08 1.53286e-08 1.25018e-08 1.02239e-08 8.38077e-09 6.88379e-09 5.66388e-09 4.66668e-09 3.84915e-09 3.17705e-09 2.62303e-09 2.16517e-09 1.78582e-09 1.47081e-09 1.2255e-09
