0.0724717 0.0451239 0.028096 0.0174937 0.0108923 0.00678201 0.00422276 0.00262927 0.00163709 0.00101932 0.000634671 0.000395173 0.000246051 0.000153202 9.53896e-05 5.93936e-05 3.69809e-05 2.30258e-05 1.43368e-05 8.92671e-06 5.55814e-06 3.46073e-06 2.15479e-06 1.34166e-06 8.35376e-07 5.2014e-07 3.23861e-07 2.01649e-07 1.25555e-07 7.81758e-08 4.86755e-08 3.03074e-08 1.88706e-08 1.17496e-08 7.31581e-09 4.55513e-09 2.83621e-09 1.76594e-09 1.09955e-09 6.84625e-10 4.26276e-10 2.65417e-10 1.6526e-10 1.02898e-10 6.40683e-11 3.98916e-11 2.48382e-11 1.54653e-11 9.62932e-12 5.99561e-12 3.73312e-12 2.32439e-12 1.44726e-12 9.01127e-13 5.61079e-13 3.49351e-13 2.1752e-13 1.35437e-13 8.43289e-14 5.25067e-14 3.26928e-14 2.03559e-14 1.26744e-14 7.89163e-15 4.91366e-15 3.05945e-15 1.90494e-15 1.18609e-15 7.38511e-16 4.59828e-16 2.86308e-16 1.78267e-16 1.10997e-16 6.9111e-17 4.30314e-17 2.67931e-17 1.66825e-17 1.03872e-17 6.46752e-18 4.02695e-18 2.50734e-18 1.56118e-18 9.72053e-19 6.05241e-19 3.76848e-19 2.34641e-19 1.46097e-19 9.09663e-20 5.66394e-20 3.5266e-20 2.19581e-20 1.3672e-20 8.51277e-21 5.3004e-21 3.30025e-21 2.05487e-21 1.27945e-21 7.96638e-22 4.9602e-22 3.08843e-22 1.92298e-22
0.0451239 0.0331638 0.0238046 0.0167864 0.0116752 0.00803114 0.00547477 0.00370411 0.00249019 0.00166497 0.00110796 0.000734244 0.000484804 0.000319065 0.000209376 0.000137037 8.9478e-05 5.82987e-05 3.79093e-05 2.46065e-05 1.59452e-05 1.03168e-05 6.66569e-06 4.30101e-06 2.77181e-06 1.78426e-06 1.14733e-06 7.3702e-07 4.73e-07 3.03289e-07 1.94307e-07 1.24387e-07 7.95681e-08 5.0862e-08 3.24904e-08 2.07415e-08 1.3233e-08 8.43776e-09 5.37719e-09 3.42495e-09 2.18039e-09 1.38741e-09 8.82419e-10 5.60987e-10 3.56489e-10 2.26445e-10 1.43784e-10 9.12625e-11 5.79053e-11 3.67276e-11 2.32874e-11 1.47607e-11 9.35319e-12 5.92489e-12 3.7521e-12 2.37545e-12 1.50348e-12 9.5134e-13 6.01815e-13 3.80612e-13 2.40656e-13 1.52129e-13 9.61451e-14 6.07502e-14 3.83775e-14 2.4239e-14 1.53061e-14 9.66345e-15 6.09981e-15 3.84964e-15 2.4291e-15 1.53248e-15 9.6665e-16 6.09638e-16 3.84419e-16 2.42364e-16 1.5278e-16 9.62935e-17 6.06827e-17 3.82358e-17 2.40888e-17 1.5174e-17 9.55714e-18 6.01865e-18 3.78978e-18 2.38603e-18 1.50205e-18 9.45454e-19 5.9504e-19 3.74457e-19 2.35619e-19 1.48241e-19 9.32573e-20 5.86612e-20 3.68955e-20 2.32035e-20 1.45911e-20 9.17451e-21 5.76814e-21 3.62617e-21 2.2794e-21
0.028096 0.0238046 0.0191055 0.0147838 0.0111405 0.0082272 0.00597949 0.00428977 0.00304449 0.00214104 0.00149391 0.00103528 0.000713158 0.000488656 0.000333239 0.000226283 0.000153062 0.00010317 6.93171e-05 4.64348e-05 3.10216e-05 2.06724e-05 1.37436e-05 9.11726e-06 6.03596e-06 3.98844e-06 2.63078e-06 1.73237e-06 1.13896e-06 7.47707e-07 4.90165e-07 3.20904e-07 2.09826e-07 1.37032e-07 8.939e-08 5.82485e-08 3.79166e-08 2.46573e-08 1.60196e-08 1.03984e-08 6.74375e-09 4.36997e-09 2.8295e-09 1.83067e-09 1.18356e-09 7.6465e-10 4.93674e-10 3.18518e-10 2.05378e-10 1.32345e-10 8.52329e-11 5.48605e-11 3.52918e-11 2.26912e-11 1.4582e-11 9.36619e-12 6.0131e-12 3.85861e-12 2.47495e-12 1.58676e-12 1.01689e-12 6.51408e-13 4.17118e-13 2.6699e-13 1.70831e-13 1.09264e-13 6.98604e-14 4.46513e-14 2.85291e-14 1.82221e-14 1.16351e-14 7.4268e-15 4.73916e-15 3.02323e-15 1.92803e-15 1.22922e-15 7.8348e-16 4.99237e-16 3.18032e-16 2.02545e-16 1.28962e-16 8.20906e-17 5.22421e-17 3.32387e-17 2.1143e-17 1.34459e-17 8.54907e-18 5.4344e-18 3.45376e-18 2.19453e-18 1.39413e-18 8.85473e-19 5.62294e-19 3.56999e-19 2.26615e-19 1.43824e-19 9.12627e-20 5.79e-20 3.67272e-20 2.32928e-20 1.47701e-20
0.0174937 0.0167864 0.0147838 0.0123391 0.00992176 0.00776036 0.00594076 0.00446995 0.0033157 0.00243019 0.00176298 0.00126762 0.000904349 0.000640733 0.000451163 0.000315918 0.000220104 0.000152647 0.000105422 7.25263e-05 4.97183e-05 3.39709e-05 2.31403e-05 1.57178e-05 1.06477e-05 7.19514e-06 4.85068e-06 3.26293e-06 2.19034e-06 1.46744e-06 9.81297e-07 6.55052e-07 4.3654e-07 2.90457e-07 1.92966e-07 1.28012e-07 8.48055e-08 5.61079e-08 3.70746e-08 2.44683e-08 1.61298e-08 1.06212e-08 6.98636e-09 4.59076e-09 3.01363e-09 1.97643e-09 1.29502e-09 8.47788e-10 5.54534e-10 3.6242e-10 2.36674e-10 1.54438e-10 1.00702e-10 6.56154e-11 4.2724e-11 2.78e-11 1.80773e-11 1.17475e-11 7.6294e-12 4.95194e-12 3.21224e-12 2.08255e-12 1.34941e-12 8.73894e-13 5.65652e-13 3.65948e-13 2.36633e-13 1.52941e-13 9.88027e-14 6.37993e-14 4.11784e-14 2.65665e-14 1.71323e-14 1.10438e-14 7.11614e-15 4.58353e-15 2.95113e-15 1.89939e-15 1.22202e-15 7.85939e-16 5.05296e-16 3.24753e-16 2.08648e-16 1.34009e-16 8.60421e-17 5.52271e-17 3.54372e-17 2.27318e-17 1.45774e-17 9.34547e-18 5.98959e-18 3.83771e-18 2.45826e-18 1.57423e-18 1.00784e-18 6.45067e-19 4.12769e-19 2.64059e-19 1.68884e-19 1.07987e-19 6.90322e-20
0.0108923 0.0116752 0.0111405 0.00992176 0.00843459 0.00693096 0.00554858 0.00435025 0.00335279 0.00254715 0.00191146 0.00141923 0.00104397 0.000761602 0.000551522 0.000396745 0.000283691 0.000201744 0.000142749 0.000100541 7.05123e-05 4.92574e-05 3.42834e-05 2.37799e-05 1.64417e-05 1.13339e-05 7.79089e-06 5.34124e-06 3.65266e-06 2.492e-06 1.69633e-06 1.15226e-06 7.81105e-07 5.28486e-07 3.56912e-07 2.40618e-07 1.61946e-07 1.08822e-07 7.30127e-08 4.89151e-08 3.27247e-08 2.18636e-08 1.45883e-08 9.72172e-09 6.47082e-09 4.30201e-09 2.85693e-09 1.89521e-09 1.25592e-09 8.31442e-10 5.49893e-10 3.63341e-10 2.39859e-10 1.58203e-10 1.04256e-10 6.86476e-11 4.51649e-11 2.96919e-11 1.9505e-11 1.28036e-11 8.39863e-12 5.50531e-12 3.60629e-12 2.36077e-12 1.54443e-12 1.00974e-12 6.59763e-13 4.30832e-13 2.81175e-13 1.834e-13 1.19559e-13 7.78994e-14 5.0729e-14 3.30185e-14 2.14803e-14 1.39672e-14 9.07762e-15 5.89701e-15 3.82906e-15 2.48519e-15 1.61226e-15 1.04551e-15 6.77697e-16 4.39103e-16 2.84395e-16 1.84123e-16 1.19158e-16 7.70864e-17 4.98506e-17 3.22259e-17 2.0825e-17 1.34528e-17 8.68743e-18 5.60821e-18 3.61921e-18 2.33487e-18 1.50582e-18 9.70841e-19 6.25734e-19 4.03181e-19 2.59706e-19
0.00678201 0.00803114 0.0082272 0.00776036 0.00693096 0.00595088 0.00495769 0.00403242 0.00321603 0.00252303 0.00195173 0.00149152 0.00112773 0.000844654 0.000627314 0.000462373 0.000338463 0.000246211 0.000178078 0.000128121 9.17296e-05 6.53787e-05 4.6402e-05 3.28044e-05 2.31065e-05 1.62196e-05 1.13485e-05 7.91615e-06 5.50602e-06 3.81925e-06 2.64238e-06 1.82368e-06 1.25571e-06 8.62718e-07 5.91463e-07 4.04678e-07 2.76346e-07 1.88362e-07 1.28164e-07 8.70569e-08 5.9038e-08 3.99743e-08 2.70256e-08 1.82449e-08 1.22999e-08 8.28093e-09 5.56791e-09 3.73904e-09 2.50786e-09 1.68011e-09 1.1243e-09 7.51536e-10 5.0183e-10 3.34748e-10 2.23072e-10 1.48509e-10 9.87764e-11 6.56383e-11 4.3579e-11 2.89084e-11 1.91605e-11 1.26892e-11 8.39693e-12 5.55228e-12 3.66856e-12 2.42215e-12 1.59808e-12 1.05364e-12 6.94213e-13 4.57094e-13 3.00772e-13 1.97786e-13 1.29983e-13 8.5372e-14 5.60389e-14 3.67632e-14 2.41043e-14 1.57956e-14 1.03453e-14 6.7721e-15 4.43078e-15 2.89746e-15 1.89382e-15 1.23724e-15 8.07904e-16 5.27309e-16 3.44011e-16 2.2433e-16 1.46222e-16 9.52685e-17 6.20447e-17 4.03906e-17 2.62834e-17 1.70965e-17 1.11165e-17 7.22533e-18 4.69446e-18 3.04897e-18 1.97953e-18 1.28475e-18 8.33529e-19
0.00422276 0.00547477 0.00597949 0.00594076 0.00554858 0.00495769 0.00428281 0.00360208 0.00296392 0.00239449 0.00190443 0.00149429 0.00115864 0.000888994 0.000675724 0.000509294 0.000380928 0.000282934 0.000208811 0.000153202 0.000111794 8.11675e-05 5.86557e-05 4.22024e-05 3.02403e-05 2.15856e-05 1.53523e-05 1.08819e-05 7.68839e-06 5.41557e-06 3.80363e-06 2.66417e-06 1.8612e-06 1.29701e-06 9.01712e-07 6.25472e-07 4.32921e-07 2.99027e-07 2.06134e-07 1.41828e-07 9.74047e-08 6.67783e-08 4.57042e-08 3.12299e-08 2.1306e-08 1.45137e-08 9.87235e-09 6.70579e-09 4.5487e-09 3.08144e-09 2.0848e-09 1.40877e-09 9.50815e-10 6.40986e-10 4.31631e-10 2.90337e-10 1.95089e-10 1.30953e-10 8.78138e-11 5.88286e-11 3.93735e-11 2.63281e-11 1.75892e-11 1.17407e-11 7.83016e-12 5.21781e-12 3.47421e-12 2.31143e-12 1.53664e-12 1.02079e-12 6.77616e-13 4.4949e-13 2.97956e-13 1.97374e-13 1.30658e-13 8.64366e-14 5.71457e-14 3.7757e-14 2.49314e-14 1.64526e-14 1.0851e-14 7.15247e-15 4.71192e-15 3.10242e-15 2.04159e-15 1.34279e-15 8.82717e-16 5.79982e-16 3.80883e-16 2.50009e-16 1.64025e-16 1.07563e-16 7.0504e-17 4.6192e-17 3.02501e-17 1.98015e-17 1.29563e-17 8.47386e-18 5.53989e-18 3.6203e-18 2.3649e-18
0.00262927 0.00370411 0.00428977 0.00446995 0.00435025 0.00403242 0.00360208 0.00312473 0.00264646 0.00219691 0.00179281 0.00144154 0.00114416 0.000897764 0.000697237 0.000536522 0.000409412 0.000310042 0.000233155 0.000174212 0.000129398 9.55839e-05 7.02446e-05 5.13761e-05 3.74077e-05 2.71227e-05 1.95878e-05 1.40934e-05 1.01045e-05 7.22041e-06 5.1432e-06 3.65257e-06 2.58655e-06 1.82666e-06 1.28667e-06 9.04055e-07 6.3371e-07 4.43198e-07 3.09284e-07 2.15381e-07 1.49687e-07 1.03829e-07 7.18867e-08 4.96819e-08 3.42766e-08 2.36088e-08 1.62349e-08 1.11469e-08 7.64192e-09 5.23143e-09 3.57625e-09 2.44143e-09 1.66451e-09 1.13337e-09 7.70758e-10 5.23529e-10 3.55185e-10 2.40699e-10 1.62935e-10 1.10176e-10 7.44227e-11 5.02205e-11 3.38552e-11 2.28009e-11 1.53415e-11 1.0313e-11 6.92651e-12 4.64798e-12 3.11633e-12 2.08767e-12 1.39742e-12 9.34647e-13 6.24643e-13 4.17144e-13 2.78368e-13 1.85625e-13 1.23694e-13 8.23676e-14 5.48113e-14 3.64498e-14 2.42236e-14 1.60881e-14 1.06782e-14 7.08315e-15 4.69564e-15 3.11105e-15 2.06001e-15 1.36328e-15 9.01696e-16 5.96072e-16 3.93827e-16 2.60066e-16 1.71648e-16 1.13233e-16 7.4661e-17 4.92041e-17 3.24117e-17 2.13401e-17 1.4044e-17 9.23819e-18 6.0742e-18
0.00163709 0.00249019 0.00304449 0.0033157 0.00335279 0.00321603 0.00296392 0.00264646 0.0023027 0.00196072 0.00163902 0.00134841 0.00109393 0.000876545 0.000694633 0.000545018 0.000423785 0.000326819 0.000250146 0.000190136 0.000143599 0.000107808 8.04909e-05 5.97853e-05 4.41914e-05 3.25167e-05 2.3824e-05 1.73849e-05 1.26378e-05 9.15377e-06 6.60757e-06 4.75411e-06 3.40998e-06 2.43866e-06 1.73911e-06 1.2369e-06 8.77453e-07 6.20928e-07 4.3836e-07 3.0877e-07 2.17016e-07 1.52208e-07 1.06538e-07 7.44269e-08 5.18966e-08 3.61213e-08 2.50973e-08 1.74084e-08 1.20554e-08 8.33525e-09 5.75428e-09 3.96662e-09 2.7304e-09 1.87684e-09 1.28837e-09 8.83251e-10 6.04748e-10 4.13549e-10 2.82459e-10 1.92698e-10 1.31311e-10 8.93811e-11 6.07743e-11 4.12797e-11 2.80096e-11 1.89864e-11 1.28575e-11 8.69868e-12 5.8796e-12 3.97052e-12 2.67894e-12 1.80593e-12 1.21639e-12 8.18622e-13 5.50482e-13 3.69878e-13 2.48335e-13 1.66605e-13 1.1169e-13 7.48216e-14 5.00875e-14 3.35065e-14 2.23992e-14 1.49639e-14 9.99013e-15 6.66527e-15 4.44417e-15 2.96138e-15 1.97212e-15 1.31255e-15 8.73055e-16 5.80388e-16 3.85612e-16 2.5606e-16 1.6994e-16 1.12724e-16 7.47328e-17 4.952e-17 3.27967e-17 2.17101e-17 1.43642e-17
0.00101932 0.00166497 0.00214104 0.00243019 0.00254715 0.00252303 0.00239449 0.00219691 0.00196072 0.00170995 0.00146218 0.00122919 0.001018 0.000832024 0.000672034 0.000537064 0.000425083 0.000333505 0.000259557 0.000200513 0.000153842 0.000117285 8.88868e-05 6.6993e-05 5.0231e-05 3.74801e-05 2.78382e-05 2.05875e-05 1.51633e-05 1.11251e-05 8.13246e-06 5.92413e-06 4.30116e-06 3.11296e-06 2.24621e-06 1.61612e-06 1.15957e-06 8.29796e-07 5.92304e-07 4.21755e-07 2.99612e-07 2.12364e-07 1.50197e-07 1.06007e-07 7.4668e-08 5.24916e-08 3.68324e-08 2.57978e-08 1.80374e-08 1.259e-08 8.77336e-09 6.10399e-09 4.24024e-09 2.94115e-09 2.0371e-09 1.40895e-09 9.73153e-10 6.71257e-10 4.62416e-10 3.18148e-10 2.18622e-10 1.5005e-10 1.02867e-10 7.04404e-11 4.81822e-11 3.29218e-11 2.2471e-11 1.53221e-11 1.0437e-11 7.10244e-12 4.82864e-12 3.27971e-12 2.22562e-12 1.50896e-12 1.02217e-12 6.91829e-13 4.67855e-13 3.16131e-13 2.1344e-13 1.43994e-13 9.7068e-14 6.53856e-14 4.40116e-14 2.96031e-14 1.98976e-14 1.33647e-14 8.97063e-15 6.01721e-15 4.0335e-15 2.70202e-15 1.80892e-15 1.21027e-15 8.09238e-16 5.40769e-16 3.61153e-16 2.41056e-16 1.60805e-16 1.0721e-16 7.14389e-17 4.75771e-17 3.16687e-17
0.000634671 0.00110796 0.00149391 0.00176298 0.00191146 0.00195173 0.00190443 0.00179281 0.00163902 0.00146218 0.00127749 0.00109614 0.000925775 0.000771004 0.000634116 0.000515683 0.000415105 0.000331044 0.00026176 0.000205355 0.000159937 0.000123726 9.51136e-05 7.26901e-05 5.52484e-05 4.17755e-05 3.14349e-05 2.35456e-05 1.756e-05 1.30423e-05 9.64925e-06 7.1125e-06 5.2242e-06 3.82435e-06 2.79062e-06 2.03007e-06 1.47248e-06 1.06503e-06 7.68254e-07 5.52742e-07 3.96696e-07 2.84023e-07 2.02884e-07 1.44603e-07 1.02843e-07 7.29914e-08 5.17014e-08 3.65506e-08 2.57913e-08 1.81664e-08 1.27733e-08 8.96598e-09 6.28317e-09 4.39609e-09 3.07101e-09 2.14211e-09 1.49199e-09 1.0377e-09 7.20742e-10 4.99921e-10 3.46302e-10 2.39581e-10 1.65543e-10 1.14247e-10 7.87523e-11 5.42228e-11 3.72917e-11 2.56192e-11 1.75814e-11 1.20528e-11 8.25426e-12 5.64721e-12 3.8598e-12 2.63561e-12 1.79801e-12 1.22548e-12 8.34507e-13 5.67772e-13 3.85963e-13 2.62151e-13 1.7791e-13 1.20642e-13 8.17437e-14 5.53443e-14 3.74422e-14 2.53119e-14 1.7099e-14 1.15427e-14 7.78638e-15 5.24885e-15 3.53588e-15 2.38035e-15 1.60141e-15 1.07667e-15 7.23415e-16 4.85762e-16 3.25982e-16 2.18627e-16 1.46541e-16 9.81657e-17 6.57225e-17
0.000395173 0.000734244 0.00103528 0.00126762 0.00141923 0.00149152 0.00149429 0.00144154 0.00134841 0.00122919 0.00109614 0.000959082 0.000825285 0.000699747 0.000585528 0.000484167 0.000396063 0.000320825 0.000257551 0.000205049 0.000162003 0.000127086 9.90361e-05 7.67011e-05 5.90596e-05 4.52287e-05 3.44596e-05 2.61278e-05 1.97201e-05 1.48195e-05 1.1091e-05 8.26816e-06 6.14087e-06 4.54475e-06 3.3521e-06 2.46443e-06 1.80622e-06 1.31987e-06 9.61735e-07 6.9886e-07 5.06503e-07 3.66162e-07 2.64062e-07 1.89984e-07 1.36378e-07 9.76834e-08 6.98198e-08 4.98022e-08 3.54536e-08 2.51907e-08 1.78655e-08 1.26476e-08 8.93811e-09 6.30592e-09 4.44159e-09 3.12345e-09 2.1931e-09 1.53755e-09 1.07637e-09 7.52445e-10 5.25273e-10 3.66191e-10 2.54952e-10 1.77276e-10 1.23111e-10 8.53918e-11 5.91583e-11 4.09364e-11 2.8295e-11 1.95356e-11 1.34733e-11 9.28239e-12 6.38845e-12 4.39229e-12 3.01686e-12 2.07013e-12 1.41914e-12 9.71968e-13 6.65092e-13 4.54699e-13 3.10589e-13 2.11971e-13 1.44544e-13 9.84843e-14 6.70476e-14 4.56094e-14 3.10019e-14 2.10567e-14 1.42912e-14 9.69227e-15 6.56855e-15 4.44842e-15 3.0105e-15 2.03599e-15 1.376e-15 9.29343e-16 6.27265e-16 4.23105e-16 2.85215e-16 1.92145e-16 1.29366e-16
0.000246051 0.000484804 0.000713158 0.000904349 0.00104397 0.00112773 0.00115864 0.00114416 0.00109393 0.001018 0.000925775 0.000825285 0.000722961 0.000623599 0.000530505 0.000445722 0.000370284 0.000304463 0.000247989 0.000200242 0.000160394 0.000127519 0.000100681 7.89761e-05 6.15747e-05 4.77337e-05 3.68053e-05 2.82351e-05 2.15567e-05 1.63832e-05 1.23976e-05 9.34313e-06 7.01374e-06 5.2455e-06 3.90911e-06 2.90329e-06 2.14925e-06 1.58608e-06 1.16698e-06 8.56155e-07 6.26381e-07 4.57055e-07 3.32648e-07 2.41505e-07 1.74917e-07 1.26398e-07 9.11339e-08 6.55671e-08 4.70748e-08 3.37299e-08 2.4121e-08 1.72168e-08 1.22663e-08 8.72372e-09 6.19353e-09 4.3898e-09 3.1063e-09 2.19458e-09 1.54807e-09 1.09037e-09 7.66875e-10 5.38586e-10 3.77731e-10 2.64558e-10 1.85049e-10 1.29268e-10 9.01886e-11 6.28461e-11 4.37405e-11 3.04075e-11 2.11144e-11 1.46451e-11 1.01469e-11 7.02271e-12 4.85538e-12 3.35349e-12 2.31385e-12 1.59495e-12 1.09835e-12 7.55654e-13 5.19404e-13 3.56693e-13 2.44737e-13 1.67774e-13 1.14916e-13 7.8645e-14 5.37781e-14 3.67443e-14 2.50859e-14 1.71133e-14 1.16655e-14 7.94601e-15 5.40848e-15 3.67863e-15 2.50028e-15 1.69819e-15 1.15262e-15 7.81798e-16 5.29923e-16 3.58961e-16 2.42998e-16
0.000153202 0.000319065 0.000488656 0.000640733 0.000761602 0.000844654 0.000888994 0.000897764 0.000876545 0.000832024 0.000771004 0.000699747 0.000623599 0.000546832 0.000472643 0.000403242 0.000339999 0.000283609 0.000234251 0.000191734 0.000155621 0.000125329 0.000100203 7.95728e-05 6.27892e-05 4.92505e-05 3.84143e-05 2.98037e-05 2.30072e-05 1.76764e-05 1.35195e-05 1.02958e-05 7.80882e-06 5.89951e-06 4.44047e-06 3.33039e-06 2.48932e-06 1.85458e-06 1.37737e-06 1.01987e-06 7.52976e-07 5.5438e-07 4.07069e-07 2.98129e-07 2.17799e-07 1.5873e-07 1.15412e-07 8.37271e-08 6.06084e-08 4.37807e-08 3.15606e-08 2.27063e-08 1.63047e-08 1.1686e-08 8.36055e-09 5.97088e-09 4.25695e-09 3.02995e-09 2.15312e-09 1.52763e-09 1.08218e-09 7.6548e-10 5.40672e-10 3.81344e-10 2.68595e-10 1.88926e-10 1.32713e-10 9.31053e-11 6.52362e-11 4.5653e-11 3.19101e-11 2.2278e-11 1.55355e-11 1.08215e-11 7.52955e-12 5.23341e-12 3.63365e-12 2.52031e-12 1.74632e-12 1.20883e-12 8.35957e-13 5.77551e-13 3.98649e-13 2.74912e-13 1.89412e-13 1.30389e-13 8.968e-14 6.16287e-14 4.23165e-14 2.90323e-14 1.99023e-14 1.36327e-14 9.33097e-15 6.38175e-15 4.36142e-15 2.97849e-15 2.03259e-15 1.38611e-15 9.44579e-16 6.43253e-16 4.37755e-16
9.53896e-05 0.000209376 0.000333239 0.000451163 0.000551522 0.000627314 0.000675724 0.000697237 0.000694633 0.000672034 0.000634116 0.000585528 0.000530505 0.000472643 0.000414816 0.000359172 0.000307201 0.000259827 0.000217515 0.000180381 0.000148285 0.000120914 9.78529e-05 7.86325e-05 6.27704e-05 4.97973e-05 3.92747e-05 3.08047e-05 2.40353e-05 1.86607e-05 1.442e-05 1.10932e-05 8.49765e-06 6.48298e-06 4.9268e-06 3.73029e-06 2.81434e-06 2.11607e-06 1.58586e-06 1.18477e-06 8.82452e-07 6.55369e-07 4.85361e-07 3.58485e-07 2.64087e-07 1.94057e-07 1.42251e-07 1.04031e-07 7.59064e-08 5.52636e-08 4.01488e-08 2.91077e-08 2.10606e-08 1.52085e-08 1.09618e-08 7.88637e-09 5.66366e-09 4.06034e-09 2.90598e-09 2.07638e-09 1.48124e-09 1.05503e-09 7.50318e-10 5.32819e-10 3.7782e-10 2.67532e-10 1.89177e-10 1.33591e-10 9.42131e-11 6.63573e-11 4.66789e-11 3.27959e-11 2.30142e-11 1.6131e-11 1.12935e-11 7.89777e-12 5.517e-12 3.84975e-12 2.68351e-12 1.86863e-12 1.29988e-12 9.03335e-13 6.2715e-13 4.34989e-13 3.01423e-13 2.08677e-13 1.44338e-13 9.97473e-14 6.8872e-14 4.7513e-14 3.27504e-14 2.2556e-14 1.55223e-14 1.06734e-14 7.33348e-15 5.0348e-15 3.45402e-15 2.3678e-15 1.62198e-15 1.11028e-15 7.59477e-16
5.93936e-05 0.000137037 0.000226283 0.000315918 0.000396745 0.000462373 0.000509294 0.000536522 0.000545018 0.000537064 0.000515683 0.000484167 0.000445722 0.000403242 0.000359172 0.000315462 0.000273567 0.000234498 0.000198881 0.000167028 0.00013901 0.000114721 9.39365e-05 7.63554e-05 6.16397e-05 4.94397e-05 3.94139e-05 3.12413e-05 2.46292e-05 1.93168e-05 1.50764e-05 1.17122e-05 9.0586e-06 6.97666e-06 5.35159e-06 4.08924e-06 3.11314e-06 2.36165e-06 1.78549e-06 1.34549e-06 1.01075e-06 7.56989e-07 5.65292e-07 4.20957e-07 3.12626e-07 2.31567e-07 1.71092e-07 1.26102e-07 9.27225e-08 6.80227e-08 4.97918e-08 3.63686e-08 2.65087e-08 1.92828e-08 1.39989e-08 1.01435e-08 7.33629e-09 5.29636e-09 3.81692e-09 2.74603e-09 1.9723e-09 1.41427e-09 1.01252e-09 7.23775e-10 5.16593e-10 3.68175e-10 2.62021e-10 1.86212e-10 1.32155e-10 9.36656e-11 6.6299e-11 4.68681e-11 3.30906e-11 2.33345e-11 1.64351e-11 1.15621e-11 8.12462e-12 5.70269e-12 3.99832e-12 2.80031e-12 1.95918e-12 1.36928e-12 9.5602e-13 6.6682e-13 4.64649e-13 3.23462e-13 2.24964e-13 1.56314e-13 1.08515e-13 7.52652e-14 5.21575e-14 3.61132e-14 2.49831e-14 1.72689e-14 1.1927e-14 8.23085e-15 5.67566e-15 3.91066e-15 2.69247e-15 1.85236e-15 1.27344e-15
3.69809e-05 8.9478e-05 0.000153062 0.000220104 0.000283691 0.000338463 0.000380928 0.000409412 0.000423785 0.000425083 0.000415105 0.000396063 0.000370284 0.000339999 0.000307201 0.000273567 0.000240429 0.000208782 0.000179315 0.000152452 0.000128402 0.000107208 8.87876e-05 7.29761e-05 5.95551e-05 4.82784e-05 3.88912e-05 3.11434e-05 2.47993e-05 1.96424e-05 1.54794e-05 1.214e-05 9.47754e-06 7.36666e-06 5.70204e-06 4.39597e-06 3.3761e-06 2.58335e-06 1.9698e-06 1.49689e-06 1.13382e-06 8.56128e-07 6.44498e-07 4.83772e-07 3.6211e-07 2.70309e-07 2.01253e-07 1.4946e-07 1.10723e-07 8.18316e-08 6.03397e-08 4.4393e-08 3.259e-08 2.38749e-08 1.74546e-08 1.27355e-08 9.2744e-09 6.74122e-09 4.891e-09 3.54228e-09 2.56104e-09 1.84849e-09 1.33199e-09 9.58272e-10 6.8833e-10 4.93674e-10 3.53537e-10 2.52812e-10 1.80527e-10 1.28731e-10 9.16709e-11 6.51933e-11 4.63031e-11 3.28446e-11 2.32689e-11 1.64649e-11 1.16365e-11 8.21449e-12 5.79215e-12 4.07953e-12 2.87014e-12 2.0171e-12 1.41609e-12 9.93129e-13 6.95788e-13 4.86983e-13 3.40506e-13 2.37858e-13 1.65996e-13 1.15738e-13 8.06231e-14 5.61115e-14 3.90178e-14 2.71079e-14 1.88175e-14 1.30516e-14 9.04495e-15 6.26323e-15 4.33356e-15 2.99607e-15 2.06978e-15
2.30258e-05 5.82987e-05 0.00010317 0.000152647 0.000201744 0.000246211 0.000282934 0.000310042 0.000326819 0.000333505 0.000331044 0.000320825 0.000304463 0.000283609 0.000259827 0.000234498 0.000208782 0.000183596 0.000159622 0.000137332 0.000117015 9.88099e-05 8.27402e-05 6.87428e-05 5.66951e-05 4.64369e-05 3.77881e-05 3.05618e-05 2.45741e-05 1.9651e-05 1.56321e-05 1.23735e-05 9.74779e-06 7.64463e-06 5.9694e-06 4.64206e-06 3.5956e-06 2.7745e-06 2.13312e-06 1.63429e-06 1.24789e-06 9.49774e-07 7.20622e-07 5.45113e-07 4.11154e-07 3.09245e-07 2.31966e-07 1.73542e-07 1.29504e-07 9.64034e-08 7.15923e-08 5.30441e-08 3.92133e-08 2.89257e-08 2.12919e-08 1.56406e-08 1.14664e-08 8.38981e-09 6.12713e-09 4.46644e-09 3.25002e-09 2.36076e-09 1.7119e-09 1.23931e-09 8.95734e-10 6.46383e-10 4.65725e-10 3.35053e-10 2.40689e-10 1.72653e-10 1.23674e-10 8.84678e-11 6.31985e-11 4.50874e-11 3.2125e-11 2.28603e-11 1.62473e-11 1.15334e-11 8.1774e-12 5.7912e-12 4.09662e-12 2.89465e-12 2.04311e-12 1.44052e-12 1.01458e-12 7.13846e-13 5.01742e-13 3.52308e-13 2.47138e-13 1.73195e-13 1.21262e-13 8.48215e-14 5.92777e-14 4.13892e-14 2.88735e-14 2.0125e-14 1.40152e-14 9.75212e-15 6.78016e-15 4.71007e-15 3.2694e-15
1.43368e-05 3.79093e-05 6.93171e-05 0.000105422 0.000142749 0.000178078 0.000208811 0.000233155 0.000250146 0.000259557 0.00026176 0.000257551 0.000247989 0.000234251 0.000217515 0.000198881 0.000179315 0.000159622 0.000140436 0.000122229 0.000105325 8.99211e-05 7.61088e-05 6.38995e-05 5.32439e-05 4.40503e-05 3.62004e-05 2.95616e-05 2.3996e-05 1.93679e-05 1.55483e-05 1.24181e-05 9.86964e-06 7.80771e-06 6.14908e-06 4.82221e-06 3.76624e-06 2.93002e-06 2.27091e-06 1.75373e-06 1.34963e-06 1.03518e-06 7.91441e-07 6.03213e-07 4.58375e-07 3.47306e-07 2.62414e-07 1.97736e-07 1.4861e-07 1.11405e-07 8.3309e-08 6.21503e-08 4.62581e-08 3.43524e-08 2.54552e-08 1.88224e-08 1.38891e-08 1.02283e-08 7.51766e-09 5.51488e-09 4.03816e-09 2.95152e-09 2.1535e-09 1.56854e-09 1.14056e-09 8.28002e-10 6.00137e-10 4.34302e-10 3.13813e-10 2.26414e-10 1.63118e-10 1.1735e-10 8.43057e-11 6.04839e-11 4.33354e-11 3.10083e-11 2.21594e-11 1.58158e-11 1.12744e-11 8.02734e-12 5.7087e-12 4.05509e-12 2.8772e-12 2.03918e-12 1.44367e-12 1.02097e-12 7.21276e-13 5.09027e-13 3.58872e-13 2.52758e-13 1.77846e-13 1.25017e-13 8.77969e-14 6.16008e-14 4.31815e-14 3.02425e-14 2.11619e-14 1.47949e-14 1.03348e-14 7.21312e-15 5.03021e-15
8.92671e-06 2.46065e-05 4.64348e-05 7.25263e-05 0.000100541 0.000128121 0.000153202 0.000174212 0.000190136 0.000200513 0.000205355 0.000205049 0.000200242 0.000191734 0.000180381 0.000167028 0.000152452 0.000137332 0.000122229 0.000107586 9.37285e-05 8.08802e-05 6.9175e-05 5.86738e-05 4.93802e-05 4.12552e-05 3.42299e-05 2.82164e-05 2.31163e-05 1.88275e-05 1.52496e-05 1.22865e-05 9.84943e-06 7.85794e-06 6.24042e-06 4.93415e-06 3.88495e-06 3.04654e-06 2.37984e-06 1.85214e-06 1.4363e-06 1.10999e-06 8.54979e-07 6.56447e-07 5.0246e-07 3.83449e-07 2.91783e-07 2.21412e-07 1.67559e-07 1.26473e-07 9.52196e-08 7.15132e-08 5.35808e-08 4.00521e-08 2.98719e-08 2.22306e-08 1.65087e-08 1.22343e-08 9.04827e-09 6.67885e-09 4.92048e-09 3.61829e-09 2.65589e-09 1.94602e-09 1.42343e-09 1.03941e-09 7.5775e-10 5.51525e-10 4.00794e-10 2.9081e-10 2.1069e-10 1.5242e-10 1.10107e-10 7.94283e-11 5.72187e-11 4.11638e-11 2.95746e-11 2.12207e-11 1.52073e-11 1.08843e-11 7.78078e-12 5.55554e-12 3.96205e-12 2.82237e-12 2.00825e-12 1.42739e-12 1.01343e-12 7.18756e-13 5.0923e-13 3.60412e-13 2.54827e-13 1.79995e-13 1.27014e-13 8.95414e-14 6.30648e-14 4.43759e-14 3.11968e-14 2.19121e-14 1.53771e-14 1.07817e-14 7.55313e-15
5.55814e-06 1.59452e-05 3.10216e-05 4.97183e-05 7.05123e-05 9.17296e-05 0.000111794 0.000129398 0.000143599 0.000153842 0.000159937 0.000162003 0.000160394 0.000155621 0.000148285 0.00013901 0.000128402 0.000117015 0.000105325 9.37285e-05 8.25326e-05 7.19649e-05 6.21795e-05 5.32676e-05 4.52689e-05 3.81827e-05 3.19781e-05 2.66029e-05 2.19913e-05 1.80702e-05 1.47637e-05 1.1997e-05 9.69838e-06 7.80159e-06 6.24624e-06 4.97845e-06 3.95087e-06 3.12242e-06 2.45788e-06 1.92739e-06 1.50585e-06 1.17234e-06 9.09588e-07 7.03405e-07 5.42233e-07 4.16709e-07 3.19294e-07 2.4395e-07 1.85868e-07 1.41234e-07 1.07038e-07 8.09172e-08 6.10203e-08 4.59063e-08 3.4456e-08 2.58034e-08 1.92814e-08 1.43773e-08 1.06982e-08 7.94455e-09 5.88806e-09 4.35555e-09 3.21588e-09 2.3701e-09 1.74365e-09 1.28055e-09 9.38851e-10 6.87191e-10 5.02175e-10 3.66391e-10 2.66909e-10 1.94143e-10 1.41007e-10 1.02265e-10 7.40625e-11 5.35631e-11 3.8685e-11 2.79023e-11 2.00988e-11 1.44592e-11 1.0389e-11 7.45536e-12 5.34365e-12 3.82555e-12 2.73554e-12 1.95388e-12 1.39401e-12 9.93475e-13 7.07259e-13 5.02966e-13 3.57311e-13 2.53576e-13 1.79777e-13 1.2733e-13 9.00952e-14 6.36882e-14 4.49787e-14 3.1736e-14 2.23719e-14 1.57567e-14 1.10877e-14
3.46073e-06 1.03168e-05 2.06724e-05 3.39709e-05 4.92574e-05 6.53787e-05 8.11675e-05 9.55839e-05 0.000107808 0.000117285 0.000123726 0.000127086 0.000127519 0.000125329 0.000120914 0.000114721 0.000107208 9.88099e-05 8.99211e-05 8.08802e-05 7.19649e-05 6.33916e-05 5.53186e-05 4.78525e-05 4.10552e-05 3.49524e-05 2.9541e-05 2.47963e-05 2.06787e-05 1.71388e-05 1.4122e-05 1.15715e-05 9.43142e-06 7.64828e-06 6.17231e-06 4.95816e-06 3.96521e-06 3.15764e-06 2.50429e-06 1.97835e-06 1.55697e-06 1.22089e-06 9.54008e-07 7.42948e-07 5.76697e-07 4.46238e-07 3.44241e-07 2.64775e-07 2.03073e-07 1.55319e-07 1.18477e-07 9.01391e-08 6.84064e-08 5.17863e-08 3.91111e-08 2.94699e-08 2.21555e-08 1.662e-08 1.2441e-08 9.2935e-09 6.92825e-09 5.1548e-09 3.82794e-09 2.83729e-09 2.09917e-09 1.5503e-09 1.14295e-09 8.41198e-10 6.18081e-10 4.53405e-10 3.32075e-10 2.42834e-10 1.77305e-10 1.29266e-10 9.41058e-11 6.84111e-11 4.96626e-11 3.60028e-11 2.60651e-11 1.88456e-11 1.36082e-11 9.81389e-12 7.06874e-12 5.08527e-12 3.65398e-12 2.62245e-12 1.87996e-12 1.34617e-12 9.62867e-13 6.87954e-13 4.91005e-13 3.5007e-13 2.4933e-13 1.77399e-13 1.26093e-13 8.95376e-14 6.35182e-14 4.50171e-14 3.18749e-14 2.25486e-14 1.59366e-14
2.15479e-06 6.66569e-06 1.37436e-05 2.31403e-05 3.42834e-05 4.6402e-05 5.86557e-05 7.02446e-05 8.04909e-05 8.88868e-05 9.51136e-05 9.90361e-05 0.000100681 0.000100203 9.78529e-05 9.39365e-05 8.87876e-05 8.27402e-05 7.61088e-05 6.9175e-05 6.21795e-05 5.53186e-05 4.87443e-05 4.25674e-05 3.68616e-05 3.16689e-05 2.70055e-05 2.28672e-05 1.92343e-05 1.60767e-05 1.3357e-05 1.10342e-05 9.06584e-06 7.41003e-06 6.02665e-06 4.87832e-06 3.93087e-06 3.15364e-06 2.51951e-06 2.0048e-06 1.58908e-06 1.25487e-06 9.87394e-07 7.74242e-07 6.05075e-07 4.71344e-07 3.66022e-07 2.83377e-07 2.1875e-07 1.68384e-07 1.29258e-07 9.89591e-08 7.55666e-08 5.75588e-08 4.37353e-08 3.31529e-08 2.50731e-08 1.89198e-08 1.42455e-08 1.07032e-08 8.025e-09 6.0048e-09 4.48431e-09 3.34239e-09 2.48658e-09 1.84651e-09 1.36875e-09 1.01282e-09 7.48175e-10 5.51755e-10 4.06238e-10 2.98621e-10 2.19169e-10 1.60611e-10 1.17522e-10 8.58673e-11 6.26486e-11 4.56439e-11 3.3209e-11 2.4129e-11 1.75085e-11 1.2688e-11 9.18294e-12 6.63785e-12 4.79225e-12 3.45564e-12 2.48887e-12 1.79049e-12 1.2866e-12 9.23484e-13 6.62119e-13 4.74212e-13 3.39271e-13 2.42474e-13 1.73116e-13 1.23472e-13 8.79771e-14 6.26245e-14 4.45349e-14 3.16406e-14 2.24586e-14
1.34166e-06 4.30101e-06 9.11726e-06 1.57178e-05 2.37799e-05 3.28044e-05 4.22024e-05 5.13761e-05 5.97853e-05 6.6993e-05 7.26901e-05 7.67011e-05 7.89761e-05 7.95728e-05 7.86325e-05 7.63554e-05 7.29761e-05 6.87428e-05 6.38995e-05 5.86738e-05 5.32676e-05 4.78525e-05 4.25674e-05 3.75198e-05 3.27869e-05 2.84199e-05 2.44472e-05 2.08788e-05 1.77099e-05 1.49252e-05 1.25012e-05 1.04099e-05 8.62021e-06 7.10038e-06 5.81887e-06 4.74551e-06 3.85217e-06 3.11305e-06 2.50498e-06 2.00739e-06 1.60228e-06 1.27404e-06 1.00932e-06 7.96772e-07 6.26829e-07 4.91503e-07 3.84159e-07 2.9933e-07 2.32534e-07 1.80119e-07 1.39126e-07 1.0717e-07 8.23344e-08 6.30916e-08 4.82253e-08 3.67724e-08 2.7973e-08 2.12304e-08 1.60769e-08 1.21478e-08 9.15944e-09 6.89191e-09 5.17525e-09 3.87853e-09 2.90112e-09 2.16595e-09 1.61411e-09 1.20071e-09 8.91629e-10 6.60975e-10 4.89168e-10 3.61426e-10 2.66615e-10 1.96366e-10 1.44405e-10 1.06034e-10 7.7744e-11 5.69196e-11 4.16142e-11 3.03822e-11 2.21516e-11 1.61292e-11 1.17287e-11 8.51786e-12 6.17822e-12 4.47568e-12 3.23837e-12 2.34033e-12 1.68934e-12 1.21803e-12 8.77217e-13 6.31064e-13 4.53488e-13 3.2553e-13 2.3343e-13 1.67214e-13 1.19659e-13 8.55419e-14 6.1092e-14 4.3588e-14 3.10694e-14
8.35376e-07 2.77181e-06 6.03596e-06 1.06477e-05 1.64417e-05 2.31065e-05 3.02403e-05 3.74077e-05 4.41914e-05 5.0231e-05 5.52484e-05 5.90596e-05 6.15747e-05 6.27892e-05 6.27704e-05 6.16397e-05 5.95551e-05 5.66951e-05 5.32439e-05 4.93802e-05 4.52689e-05 4.10552e-05 3.68616e-05 3.27869e-05 2.89069e-05 2.52759e-05 2.19291e-05 1.88857e-05 1.61517e-05 1.37223e-05 1.15853e-05 9.72279e-06 8.11333e-06 6.73358e-06 5.55949e-06 4.56735e-06 3.73443e-06 3.03948e-06 2.46303e-06 1.9875e-06 1.59728e-06 1.27868e-06 1.01977e-06 8.10338e-07 6.41662e-07 5.06377e-07 3.98308e-07 3.1231e-07 2.44129e-07 1.90266e-07 1.47859e-07 1.14584e-07 8.85557e-08 6.82598e-08 5.24808e-08 4.02489e-08 3.07932e-08 2.35035e-08 1.78983e-08 1.35995e-08 1.03106e-08 7.80055e-09 5.88934e-09 4.43742e-09 3.33686e-09 2.50443e-09 1.87613e-09 1.40288e-09 1.04713e-09 7.80215e-10 5.80343e-10 4.30949e-10 3.19487e-10 2.36474e-10 1.74755e-10 1.28945e-10 9.50005e-11 6.98882e-11 5.13396e-11 3.76602e-11 2.75873e-11 2.01809e-11 1.47431e-11 1.07564e-11 7.83761e-12 5.7036e-12 4.14548e-12 3.00932e-12 2.18193e-12 1.58016e-12 1.14303e-12 8.25886e-13 5.96067e-13 4.29727e-13 3.09471e-13 2.2263e-13 1.5999e-13 1.14856e-13 8.23714e-14 5.90153e-14 4.22402e-14
5.2014e-07 1.78426e-06 3.98844e-06 7.19514e-06 1.13339e-05 1.62196e-05 2.15856e-05 2.71227e-05 3.25167e-05 3.74801e-05 4.17755e-05 4.52287e-05 4.77337e-05 4.92505e-05 4.97973e-05 4.94397e-05 4.82784e-05 4.64369e-05 4.40503e-05 4.12552e-05 3.81827e-05 3.49524e-05 3.16689e-05 2.84199e-05 2.52759e-05 2.22903e-05 1.95013e-05 1.69333e-05 1.4599e-05 1.25018e-05 1.06373e-05 8.99574e-06 7.56336e-06 6.32382e-06 5.25942e-06 4.352e-06 3.58365e-06 2.93721e-06 2.3966e-06 1.94708e-06 1.57533e-06 1.26948e-06 1.01908e-06 8.15033e-07 6.4951e-07 5.15812e-07 4.08265e-07 3.22096e-07 2.53317e-07 1.9862e-07 1.55275e-07 1.21042e-07 9.40947e-08 7.29496e-08 5.64083e-08 4.35068e-08 3.3473e-08 2.56912e-08 1.96723e-08 1.50291e-08 1.14563e-08 8.71385e-09 6.61389e-09 5.00964e-09 3.78686e-09 2.85692e-09 2.1512e-09 1.61677e-09 1.21288e-09 9.08254e-10 6.78945e-10 5.06659e-10 3.77457e-10 2.8074e-10 2.0847e-10 1.54559e-10 1.14413e-10 8.4567e-11 6.24137e-11 4.59968e-11 3.38498e-11 2.48758e-11 1.82558e-11 1.33795e-11 9.79275e-12 7.15824e-12 5.22582e-12 3.81029e-12 2.77478e-12 2.01825e-12 1.46624e-12 1.06397e-12 7.71179e-13 5.58331e-13 4.03781e-13 2.91694e-13 2.10496e-13 1.5174e-13 1.09271e-13 7.86083e-14 5.64929e-14
3.23861e-07 1.14733e-06 2.63078e-06 4.85068e-06 7.79089e-06 1.13485e-05 1.53523e-05 1.95878e-05 2.3824e-05 2.78382e-05 3.14349e-05 3.44596e-05 3.68053e-05 3.84143e-05 3.92747e-05 3.94139e-05 3.88912e-05 3.77881e-05 3.62004e-05 3.42299e-05 3.19781e-05 2.9541e-05 2.70055e-05 2.44472e-05 2.19291e-05 1.95013e-05 1.72018e-05 1.50573e-05 1.30846e-05 1.12922e-05 9.68174e-06 8.24933e-06 6.9872e-06 5.8847e-06 4.92936e-06 4.10776e-06 3.40612e-06 2.8109e-06 2.30909e-06 1.88854e-06 1.53806e-06 1.24752e-06 1.00789e-06 8.11213e-07 6.50526e-07 5.19826e-07 4.13966e-07 3.28575e-07 2.59963e-07 2.0504e-07 1.61234e-07 1.26418e-07 9.88385e-08 7.70634e-08 5.9925e-08 4.64769e-08 3.59556e-08 2.77477e-08 2.13622e-08 1.64077e-08 1.25737e-08 9.61424e-09 7.33544e-09 5.58496e-09 4.24345e-09 3.21769e-09 2.4351e-09 1.83931e-09 1.38668e-09 1.04352e-09 7.83879e-10 5.87805e-10 4.40019e-10 3.28836e-10 2.45342e-10 1.82753e-10 1.35916e-10 1.00927e-10 7.48309e-11 5.54001e-11 4.0955e-11 3.0233e-11 2.22868e-11 1.64064e-11 1.20613e-11 8.85519e-12 6.49285e-12 4.75464e-12 3.47739e-12 2.54011e-12 1.85322e-12 1.35046e-12 9.82936e-13 7.14611e-13 5.18945e-13 3.76434e-13 2.7276e-13 1.97425e-13 1.42746e-13 1.03103e-13 7.43928e-14
2.01649e-07 7.3702e-07 1.73237e-06 3.26293e-06 5.34124e-06 7.91615e-06 1.08819e-05 1.40934e-05 1.73849e-05 2.05875e-05 2.35456e-05 2.61278e-05 2.82351e-05 2.98037e-05 3.08047e-05 3.12413e-05 3.11434e-05 3.05618e-05 2.95616e-05 2.82164e-05 2.66029e-05 2.47963e-05 2.28672e-05 2.08788e-05 1.88857e-05 1.69333e-05 1.50573e-05 1.32846e-05 1.16341e-05 1.01172e-05 8.73946e-06 7.50151e-06 6.40001e-06 5.42875e-06 4.5795e-06 3.84272e-06 3.20817e-06 2.66541e-06 2.20416e-06 1.81456e-06 1.48738e-06 1.21414e-06 9.87125e-07 7.99457e-07 6.45053e-07 5.18594e-07 4.15474e-07 3.31736e-07 2.6401e-07 2.09445e-07 1.65648e-07 1.30619e-07 1.027e-07 8.05219e-08 6.29608e-08 4.9099e-08 3.81903e-08 2.96307e-08 2.29333e-08 1.77074e-08 1.36407e-08 1.04841e-08 8.04022e-09 6.15274e-09 4.69845e-09 3.58054e-09 2.72315e-09 2.06701e-09 1.56596e-09 1.18415e-09 8.93792e-10 6.73423e-10 5.06497e-10 3.80295e-10 2.85058e-10 2.1332e-10 1.59378e-10 1.18889e-10 8.8548e-11 6.58502e-11 4.88977e-11 3.62564e-11 2.68447e-11 1.98482e-11 1.4655e-11 1.08059e-11 7.95713e-12 5.85174e-12 4.2979e-12 3.15267e-12 2.30974e-12 1.69012e-12 1.23524e-12 9.01728e-13 6.57499e-13 4.78872e-13 3.48384e-13 2.53173e-13 1.83782e-13 1.33269e-13 9.65371e-14
1.25555e-07 4.73e-07 1.13896e-06 2.19034e-06 3.65266e-06 5.50602e-06 7.68839e-06 1.01045e-05 1.26378e-05 1.51633e-05 1.756e-05 1.97201e-05 2.15567e-05 2.30072e-05 2.40353e-05 2.46292e-05 2.47993e-05 2.45741e-05 2.3996e-05 2.31163e-05 2.19913e-05 2.06787e-05 1.92343e-05 1.77099e-05 1.61517e-05 1.4599e-05 1.30846e-05 1.16341e-05 1.02665e-05 8.99492e-06 7.82738e-06 6.7674e-06 5.81493e-06 4.96715e-06 4.21913e-06 3.56449e-06 2.99589e-06 2.50555e-06 2.08551e-06 1.72797e-06 1.42543e-06 1.17088e-06 9.57865e-07 7.80518e-07 6.33589e-07 5.12428e-07 4.12965e-07 3.31663e-07 2.6548e-07 2.11818e-07 1.68474e-07 1.33592e-07 1.05621e-07 8.32666e-08 6.5461e-08 5.13237e-08 4.01337e-08 3.1303e-08 2.43545e-08 1.89024e-08 1.4636e-08 1.13064e-08 8.71467e-09 6.70224e-09 5.14348e-09 3.93899e-09 3.01039e-09 2.29611e-09 1.74788e-09 1.32801e-09 1.00712e-09 7.62368e-10 5.76065e-10 4.34528e-10 3.27204e-10 2.45974e-10 1.84606e-10 1.38325e-10 1.03483e-10 7.72974e-11 5.76501e-11 4.29326e-11 3.19256e-11 2.37065e-11 1.75786e-11 1.30167e-11 9.62553e-12 7.10838e-12 5.2426e-12 3.86157e-12 2.84074e-12 2.08717e-12 1.53163e-12 1.1226e-12 8.21838e-13 6.00953e-13 4.38932e-13 3.20233e-13 2.33374e-13 1.69889e-13 1.23541e-13
7.81758e-08 3.03289e-07 7.47707e-07 1.46744e-06 2.492e-06 3.81925e-06 5.41557e-06 7.22041e-06 9.15377e-06 1.11251e-05 1.30423e-05 1.48195e-05 1.63832e-05 1.76764e-05 1.86607e-05 1.93168e-05 1.96424e-05 1.9651e-05 1.93679e-05 1.88275e-05 1.80702e-05 1.71388e-05 1.60767e-05 1.49252e-05 1.37223e-05 1.25018e-05 1.12922e-05 1.01172e-05 8.99492e-06 7.939e-06 6.95863e-06 6.05921e-06 5.24296e-06 4.50952e-06 3.85648e-06 3.27995e-06 2.77497e-06 2.33591e-06 1.95681e-06 1.63161e-06 1.35437e-06 1.11939e-06 9.21333e-07 7.55277e-07 6.16752e-07 5.01749e-07 4.06712e-07 3.28521e-07 2.64462e-07 2.12194e-07 1.69714e-07 1.35318e-07 1.07569e-07 8.52604e-08 6.73871e-08 5.31137e-08 4.17514e-08 3.2734e-08 2.5599e-08 1.99696e-08 1.55406e-08 1.20654e-08 9.34587e-09 7.2231e-09 5.57028e-09 4.2865e-09 3.29171e-09 2.52264e-09 1.92941e-09 1.47281e-09 1.12212e-09 8.53346e-10 6.47764e-10 4.90833e-10 3.7127e-10 2.80351e-10 2.11342e-10 1.59058e-10 1.19516e-10 8.96617e-11 6.71608e-11 5.02301e-11 3.75116e-11 2.79724e-11 2.08291e-11 1.54881e-11 1.15007e-11 8.52821e-12 6.31556e-12 4.67084e-12 3.44999e-12 2.54501e-12 1.87507e-12 1.3798e-12 1.01412e-12 7.44467e-13 5.45878e-13 3.99803e-13 2.92487e-13 2.13739e-13 1.56022e-13
4.86755e-08 1.94307e-07 4.90165e-07 9.81297e-07 1.69633e-06 2.64238e-06 3.80363e-06 5.1432e-06 6.60757e-06 8.13246e-06 9.64925e-06 1.1091e-05 1.23976e-05 1.35195e-05 1.442e-05 1.50764e-05 1.54794e-05 1.56321e-05 1.55483e-05 1.52496e-05 1.47637e-05 1.4122e-05 1.3357e-05 1.25012e-05 1.15853e-05 1.06373e-05 9.68174e-06 8.73946e-06 7.82738e-06 6.95863e-06 6.14281e-06 5.38634e-06 4.6929e-06 4.06383e-06 3.4986e-06 2.99519e-06 2.55052e-06 2.16074e-06 1.82151e-06 1.52827e-06 1.2764e-06 1.06136e-06 8.78816e-07 7.24696e-07 5.95249e-07 4.8706e-07 3.97067e-07 3.22547e-07 2.61107e-07 2.10663e-07 1.69412e-07 1.3581e-07 1.0854e-07 8.64877e-08 6.87169e-08 5.44443e-08 4.30183e-08 3.38998e-08 2.66451e-08 2.089e-08 1.63378e-08 1.27469e-08 9.92204e-09 7.70558e-09 5.97093e-09 4.61672e-09 3.56206e-09 2.74263e-09 2.10742e-09 1.61612e-09 1.23695e-09 9.44947e-10 7.20534e-10 5.48417e-10 4.16671e-10 3.16022e-10 2.39276e-10 1.80864e-10 1.36488e-10 1.02833e-10 7.73549e-11 5.80991e-11 4.35703e-11 3.2626e-11 2.4395e-11 1.82143e-11 1.35804e-11 1.01113e-11 7.51818e-12 5.58259e-12 4.13988e-12 3.06604e-12 2.26785e-12 1.67537e-12 1.23615e-12 9.10971e-13 6.70537e-13 4.92983e-13 3.62027e-13 2.65557e-13 1.94576e-13
3.03074e-08 1.24387e-07 3.20904e-07 6.55052e-07 1.15226e-06 1.82368e-06 2.66417e-06 3.65257e-06 4.75411e-06 5.92413e-06 7.1125e-06 8.26816e-06 9.34313e-06 1.02958e-05 1.10932e-05 1.17122e-05 1.214e-05 1.23735e-05 1.24181e-05 1.22865e-05 1.1997e-05 1.15715e-05 1.10342e-05 1.04099e-05 9.72279e-06 8.99574e-06 8.24933e-06 7.50151e-06 6.7674e-06 6.05921e-06 5.38634e-06 4.75562e-06 4.1715e-06 3.63647e-06 3.15129e-06 2.71536e-06 2.32702e-06 1.98382e-06 1.68277e-06 1.42054e-06 1.19361e-06 9.98456e-07 8.31615e-07 6.89776e-07 5.69834e-07 4.68923e-07 3.84436e-07 3.14027e-07 2.55611e-07 2.07354e-07 1.67651e-07 1.35116e-07 1.08556e-07 8.69533e-08 6.94448e-08 5.53034e-08 4.39192e-08 3.47841e-08 2.74765e-08 2.16484e-08 1.70139e-08 1.33389e-08 1.04328e-08 8.14096e-09 6.33816e-09 4.92367e-09 3.81659e-09 2.95218e-09 2.27884e-09 1.75552e-09 1.34971e-09 1.0357e-09 7.93242e-10 6.0642e-10 4.62757e-10 3.52501e-10 2.68047e-10 2.0348e-10 1.54207e-10 1.16675e-10 8.81351e-11 6.64716e-11 5.00554e-11 3.76362e-11 2.82561e-11 2.11828e-11 1.58573e-11 1.18539e-11 8.84896e-12 6.59675e-12 4.91117e-12 3.65148e-12 2.71137e-12 2.01074e-12 1.48929e-12 1.10171e-12 8.14011e-13 6.00723e-13 4.428e-13 3.26017e-13 2.3976e-13
1.88706e-08 7.95681e-08 2.09826e-07 4.3654e-07 7.81105e-07 1.25571e-06 1.8612e-06 2.58655e-06 3.40998e-06 4.30116e-06 5.2242e-06 6.14087e-06 7.01374e-06 7.80882e-06 8.49765e-06 9.0586e-06 9.47754e-06 9.74779e-06 9.86964e-06 9.84943e-06 9.69838e-06 9.43142e-06 9.06584e-06 8.62021e-06 8.11333e-06 7.56336e-06 6.9872e-06 6.40001e-06 5.81493e-06 5.24296e-06 4.6929e-06 4.1715e-06 3.68358e-06 3.23226e-06 2.81915e-06 2.44468e-06 2.10824e-06 1.80847e-06 1.54342e-06 1.31078e-06 1.10795e-06 9.32262e-07 7.80999e-07 6.51516e-07 5.41284e-07 4.47929e-07 3.69262e-07 3.03288e-07 2.4821e-07 2.02431e-07 1.64541e-07 1.33307e-07 1.0766e-07 8.66803e-08 6.95802e-08 5.56913e-08 4.44487e-08 3.53781e-08 2.80831e-08 2.22341e-08 1.75585e-08 1.38318e-08 1.08697e-08 8.52172e-09 6.66555e-09 5.20195e-09 4.0508e-09 3.14761e-09 2.44066e-09 1.8886e-09 1.45848e-09 1.12411e-09 8.64722e-10 6.63937e-10 5.08834e-10 3.8926e-10 2.97258e-10 2.26607e-10 1.72454e-10 1.31023e-10 9.93833e-11 7.52628e-11 5.69066e-11 4.29609e-11 3.23836e-11 2.43742e-11 1.83189e-11 1.37481e-11 1.03032e-11 7.71082e-12 5.76283e-12 4.30119e-12 3.20604e-12 2.38663e-12 1.77439e-12 1.31755e-12 9.77125e-13 7.23777e-13 5.35477e-13 3.957e-13 2.92071e-13
