0.614334 0.0178091 0.0138837 0.0108235 0.0084378 0.00657797 0.00512808 0.00399776 0.00311659 0.00242964 0.00189411 0.00147661 0.00115114 0.000897413 0.000699608 0.000545403 0.000425187 0.000331469 0.000258407 0.00020145 0.000157047 0.000122431 9.54455e-05 7.44077e-05 5.8007e-05 4.52213e-05 3.52538e-05 2.74832e-05 2.14255e-05 1.67029e-05 1.30213e-05 1.01512e-05 7.91372e-06 6.1694e-06 4.80957e-06 3.74946e-06 2.92301e-06 2.27873e-06 1.77646e-06 1.3849e-06 1.07965e-06 8.41673e-07 6.56155e-07 5.11527e-07 3.98778e-07 3.10881e-07 2.42357e-07 1.88938e-07 1.47293e-07 1.14827e-07 8.95172e-08 6.97861e-08 5.44041e-08 4.24125e-08 3.30641e-08 2.57762e-08 2.00947e-08 1.56655e-08 1.22126e-08 9.52071e-09 7.42219e-09 5.78621e-09 4.51084e-09 3.51657e-09 2.74146e-09 2.1372e-09 1.66612e-09 1.29888e-09 1.01259e-09 7.89396e-10 6.154e-10 4.79756e-10 3.74009e-10 2.91572e-10 2.27304e-10 1.77203e-10 1.38144e-10 1.07695e-10 8.39572e-11 6.54516e-11 5.1025e-11 3.97782e-11 3.10104e-11 2.41752e-11 1.88466e-11 1.46925e-11 1.1454e-11 8.92937e-12 6.96119e-12 5.42683e-12 4.23066e-12 3.29815e-12 2.57119e-12 2.00445e-12 1.56264e-12 1.21821e-12 9.49694e-13 7.40366e-13 5.77177e-13 4.49957e-13 3.50779e-13
0.0178091 0.00533643 0.00441646 0.00364279 0.00299561 0.00245675 0.0020099 0.00164067 0.00133657 0.00108682 0.000882226 0.000715025 0.00057867 0.000467687 0.000377515 0.000304371 0.000245131 0.000197219 0.000158518 0.000127297 0.000102137 8.18844e-05 6.55975e-05 5.25122e-05 4.20084e-05 3.35837e-05 2.68321e-05 2.14251e-05 1.70982e-05 1.36378e-05 1.08721e-05 8.6631e-06 6.89969e-06 5.49276e-06 4.37084e-06 3.47665e-06 2.76429e-06 2.19706e-06 1.74558e-06 1.38639e-06 1.10073e-06 8.7365e-07 6.93195e-07 5.49845e-07 4.36011e-07 3.45645e-07 2.73933e-07 2.17041e-07 1.7192e-07 1.36146e-07 1.07789e-07 8.5319e-08 6.75175e-08 5.34184e-08 4.22544e-08 3.34166e-08 2.6422e-08 2.08873e-08 1.65088e-08 1.30457e-08 1.03072e-08 8.14216e-09 6.43075e-09 5.07822e-09 4.0095e-09 3.16519e-09 2.49828e-09 1.97159e-09 1.55571e-09 1.22738e-09 9.68204e-10 7.63651e-10 6.02234e-10 4.74873e-10 3.74399e-10 2.95146e-10 2.32641e-10 1.83351e-10 1.44487e-10 1.13848e-10 8.96957e-11 7.06596e-11 5.56574e-11 4.38358e-11 3.45216e-11 2.71836e-11 2.14033e-11 1.68505e-11 1.32649e-11 1.04412e-11 8.21791e-12 6.46743e-12 5.08936e-12 4.00458e-12 3.15075e-12 2.47876e-12 1.94993e-12 1.5338e-12 1.20638e-12 9.48777e-13 7.46125e-13
0.0138837 0.00441646 0.00371958 0.00311903 0.00260538 0.00216888 0.00179996 0.00148967 0.00122978 0.00101291 0.000832546 0.000682983 0.000559296 0.000457259 0.000373269 0.000304275 0.000247706 0.000201405 0.000163568 0.000132695 0.000107539 8.70669e-05 7.04277e-05 5.69189e-05 4.59634e-05 3.70876e-05 2.99034e-05 2.40938e-05 1.93997e-05 1.56101e-05 1.2553e-05 1.00886e-05 8.10348e-06 6.50541e-06 5.21976e-06 4.18609e-06 3.35549e-06 2.68846e-06 2.15306e-06 1.72353e-06 1.37912e-06 1.10309e-06 8.81968e-07 7.04903e-07 5.63182e-07 4.49795e-07 3.59114e-07 2.8662e-07 2.28687e-07 1.82407e-07 1.45449e-07 1.15945e-07 9.23991e-08 7.36147e-08 5.86333e-08 4.66885e-08 3.71676e-08 2.95809e-08 2.35371e-08 1.87237e-08 1.48912e-08 1.18405e-08 9.41275e-09 7.48116e-09 5.94472e-09 4.72285e-09 3.75138e-09 2.97916e-09 2.36544e-09 1.87781e-09 1.49042e-09 1.18275e-09 9.3842e-10 7.44438e-10 5.90456e-10 4.68247e-10 3.71273e-10 2.94336e-10 2.33306e-10 1.84902e-10 1.46519e-10 1.16087e-10 9.19626e-11 7.28413e-11 5.76879e-11 4.56807e-11 3.61679e-11 2.86324e-11 2.2664e-11 1.79374e-11 1.41949e-11 1.12318e-11 8.88618e-12 7.0296e-12 5.56027e-12 4.39756e-12 3.4776e-12 2.7498e-12 2.17407e-12 1.7187e-12 1.35857e-12
0.0108235 0.00364279 0.00311903 0.00265603 0.002251 0.00189973 0.0015973 0.00133853 0.0011183 0.000931752 0.000774395 0.000642148 0.000531371 0.000438855 0.000361799 0.000297778 0.000244705 0.000200801 0.000164551 0.000134673 0.000110088 8.98897e-05 7.33187e-05 5.97421e-05 4.86329e-05 3.95533e-05 3.21411e-05 2.60963e-05 2.11716e-05 1.71634e-05 1.3904e-05 1.12558e-05 9.10598e-06 7.36209e-06 5.94855e-06 4.8036e-06 3.87684e-06 3.12718e-06 2.52116e-06 2.03155e-06 1.63623e-06 1.31722e-06 1.05991e-06 8.52498e-07 6.85379e-07 5.50793e-07 4.42458e-07 3.55293e-07 2.85192e-07 2.28839e-07 1.83555e-07 1.47182e-07 1.17976e-07 9.45352e-08 7.57276e-08 6.06429e-08 4.85483e-08 3.88545e-08 3.10873e-08 2.48658e-08 1.9884e-08 1.58961e-08 1.27047e-08 1.01514e-08 8.10922e-09 6.47631e-09 5.17099e-09 4.1278e-09 3.29431e-09 2.62853e-09 2.09686e-09 1.67237e-09 1.33353e-09 1.06313e-09 8.47387e-10 6.75294e-10 5.38046e-10 4.28613e-10 3.41374e-10 2.71842e-10 2.16433e-10 1.72289e-10 1.37125e-10 1.09119e-10 8.68187e-11 6.90646e-11 5.49324e-11 4.36851e-11 3.47354e-11 2.76149e-11 2.19509e-11 1.7446e-11 1.38636e-11 1.10153e-11 8.75095e-12 6.95112e-12 5.52072e-12 4.38408e-12 3.48101e-12 2.7636e-12 2.19377e-12
0.0084378 0.00299561 0.00260538 0.002251 0.00193371 0.00165283 0.00140652 0.00119222 0.00100701 0.000847875 0.00071183 0.000596044 0.000497889 0.000414976 0.000345162 0.000286547 0.000237466 0.000196468 0.000162297 0.000133875 0.00011028 9.07268e-05 7.45502e-05 6.11877e-05 5.01657e-05 4.10866e-05 3.36177e-05 2.74808e-05 2.24441e-05 1.8315e-05 1.49333e-05 1.21665e-05 9.90494e-06 8.05796e-06 6.55087e-06 5.32212e-06 4.32109e-06 3.50619e-06 2.84328e-06 2.30438e-06 1.86659e-06 1.51117e-06 1.22279e-06 9.88949e-07 7.9944e-07 6.45943e-07 5.2168e-07 4.21137e-07 3.39826e-07 2.741e-07 2.20996e-07 1.78111e-07 1.43493e-07 1.1556e-07 9.30315e-08 7.48683e-08 6.02305e-08 4.84383e-08 3.89421e-08 3.12977e-08 2.5146e-08 2.01973e-08 1.62177e-08 1.30185e-08 1.04474e-08 8.38175e-09 6.7227e-09 5.39061e-09 4.32135e-09 3.4633e-09 2.77494e-09 2.22285e-09 1.78018e-09 1.42533e-09 1.14096e-09 9.13113e-10 7.30608e-10 5.84454e-10 4.67438e-10 3.73772e-10 2.98815e-10 2.38841e-10 1.90868e-10 1.525e-10 1.21822e-10 9.72974e-11 7.76957e-11 6.20317e-11 4.9517e-11 3.95202e-11 3.15362e-11 2.51609e-11 2.00711e-11 1.60083e-11 1.27659e-11 1.01786e-11 8.11441e-12 6.46784e-12 5.15462e-12 4.10742e-12 3.27249e-12
0.00657797 0.00245675 0.00216888 0.00189973 0.00165283 0.00142966 0.00123031 0.00105399 0.000899308 0.000764555 0.00064787 0.000547362 0.000461192 0.000387618 0.000325033 0.000271973 0.000227124 0.000189322 0.00015754 0.000130882 0.00010857 8.99326e-05 7.43944e-05 6.14624e-05 5.0717e-05 4.18023e-05 3.4417e-05 2.83071e-05 2.32588e-05 1.90928e-05 1.56588e-05 1.28313e-05 1.05057e-05 8.59471e-06 7.02597e-06 5.73934e-06 4.68501e-06 3.82176e-06 3.11552e-06 2.53818e-06 2.06656e-06 1.68157e-06 1.36753e-06 1.11151e-06 9.02945e-07 7.33131e-07 5.94953e-07 4.82583e-07 3.9125e-07 3.17056e-07 2.56817e-07 2.07932e-07 1.68281e-07 1.36135e-07 1.10086e-07 8.89859e-08 7.19027e-08 5.80775e-08 4.68935e-08 3.78498e-08 3.05397e-08 2.46331e-08 1.98624e-08 1.60104e-08 1.29014e-08 1.03929e-08 8.36966e-09 6.7383e-09 5.42334e-09 4.36376e-09 3.51023e-09 2.82288e-09 2.26952e-09 1.82415e-09 1.46582e-09 1.17757e-09 9.45782e-10 7.59433e-10 6.09656e-10 4.89306e-10 3.92624e-10 3.14975e-10 2.52627e-10 2.02578e-10 1.62409e-10 1.30178e-10 1.04323e-10 8.35857e-11 6.69575e-11 5.36268e-11 4.2942e-11 3.43796e-11 2.75194e-11 2.20241e-11 1.7623e-11 1.40989e-11 1.12775e-11 9.01922e-12 7.21193e-12 5.76583e-12 4.60894e-12
0.00512808 0.0020099 0.00179996 0.0015973 0.00140652 0.00123031 0.00106996 0.000925779 0.000797412 0.000684069 0.000584701 0.000498118 0.000423079 0.000358353 0.000302759 0.00025519 0.000214626 0.000180145 0.000150917 0.000126208 0.000105369 8.78327e-05 7.31071e-05 6.07655e-05 5.04406e-05 4.18176e-05 3.46274e-05 2.8641e-05 2.36639e-05 1.95316e-05 1.61049e-05 1.32669e-05 1.09191e-05 8.979e-06 7.37745e-06 6.0567e-06 4.96856e-06 4.07289e-06 3.33628e-06 2.73101e-06 2.23405e-06 1.82634e-06 1.49211e-06 1.2183e-06 9.94162e-07 8.10797e-07 6.60889e-07 5.3841e-07 4.38402e-07 3.56791e-07 2.9023e-07 2.35974e-07 1.91772e-07 1.5578e-07 1.26487e-07 1.02658e-07 8.32843e-08 6.75391e-08 5.47489e-08 4.43637e-08 3.59349e-08 2.90968e-08 2.35514e-08 1.90562e-08 1.54137e-08 1.24632e-08 1.00742e-08 8.14053e-09 6.57593e-09 5.31041e-09 4.28714e-09 3.46002e-09 2.79167e-09 2.25178e-09 1.81579e-09 1.46382e-09 1.17976e-09 9.50575e-10 7.65713e-10 6.16646e-10 4.96475e-10 3.99626e-10 3.21592e-10 2.58735e-10 2.08115e-10 1.67361e-10 1.34558e-10 1.0816e-10 8.69222e-11 6.98398e-11 5.61027e-11 4.50584e-11 3.6181e-11 2.90468e-11 2.33148e-11 1.87103e-11 1.50123e-11 1.20429e-11 9.65912e-12 7.74576e-12 6.21031e-12
0.00399776 0.00164067 0.00148967 0.00133853 0.00119222 0.00105399 0.000925779 0.000808572 0.000702677 0.000607932 0.000523858 0.000449777 0.000384901 0.00032839 0.000279401 0.000237113 0.000200749 0.000169588 0.00014297 0.000120298 0.000101039 8.47198e-05 7.09228e-05 5.92832e-05 4.9483e-05 4.1247e-05 3.43375e-05 2.85505e-05 2.3711e-05 1.967e-05 1.63003e-05 1.34941e-05 1.11601e-05 9.2211e-06 7.61217e-06 6.27854e-06 5.17425e-06 4.26077e-06 3.50585e-06 2.88253e-06 2.36833e-06 1.9445e-06 1.59544e-06 1.30819e-06 1.07198e-06 8.77889e-07 7.18511e-07 5.8773e-07 4.80484e-07 3.92595e-07 3.20614e-07 2.61696e-07 2.13498e-07 1.74093e-07 1.41894e-07 1.15596e-07 9.41307e-08 7.66175e-08 6.23361e-08 5.06955e-08 4.1212e-08 3.34892e-08 2.7203e-08 2.20885e-08 1.79289e-08 1.45473e-08 1.17993e-08 9.56715e-09 7.75461e-09 6.28338e-09 5.08961e-09 4.12134e-09 3.33622e-09 2.69985e-09 2.1842e-09 1.76652e-09 1.4283e-09 1.15451e-09 9.32938e-10 7.53687e-10 6.08712e-10 4.91495e-10 3.96747e-10 3.20183e-10 2.5833e-10 2.08374e-10 1.68038e-10 1.35478e-10 1.09202e-10 8.80018e-11 7.09014e-11 5.71112e-11 4.59932e-11 3.70316e-11 2.98098e-11 2.39914e-11 1.93047e-11 1.55304e-11 1.24915e-11 1.00453e-11 8.07658e-12
0.00311659 0.00133657 0.00122978 0.0011183 0.00100701 0.000899308 0.000797412 0.000702677 0.000615817 0.000537074 0.000466362 0.00040337 0.000347643 0.000298639 0.000255777 0.000218463 0.000186118 0.000158186 0.000134149 0.00011353 9.58947e-05 8.08514e-05 6.80513e-05 5.7185e-05 4.79804e-05 4.01989e-05 3.3633e-05 2.81027e-05 2.34524e-05 1.95483e-05 1.62756e-05 1.3536e-05 1.12458e-05 9.33372e-06 7.7393e-06 6.41132e-06 5.30648e-06 4.38827e-06 3.62595e-06 2.99367e-06 2.46975e-06 2.036e-06 1.67723e-06 1.38071e-06 1.13585e-06 9.33806e-07 7.67214e-07 6.29956e-07 5.16945e-07 4.23962e-07 3.47509e-07 2.84686e-07 2.33097e-07 1.90757e-07 1.56029e-07 1.27561e-07 1.04237e-07 8.51374e-08 6.95061e-08 5.67194e-08 4.6265e-08 3.77215e-08 3.07429e-08 2.50453e-08 2.03955e-08 1.66025e-08 1.35099e-08 1.09892e-08 8.93559e-09 7.26318e-09 5.90172e-09 4.79384e-09 3.89262e-09 3.1598e-09 2.56411e-09 2.08007e-09 1.68688e-09 1.3676e-09 1.10843e-09 8.98104e-10 7.27481e-10 5.89108e-10 4.76923e-10 3.85996e-10 3.12322e-10 2.52643e-10 2.04316e-10 1.65191e-10 1.33524e-10 1.07902e-10 8.71754e-11 7.04134e-11 5.68611e-11 4.59066e-11 3.70542e-11 2.99022e-11 2.41253e-11 1.94603e-11 1.5694e-11 1.2654e-11 1.02007e-11
0.00242964 0.00108682 0.00101291 0.000931752 0.000847875 0.000764555 0.000684069 0.000607932 0.000537074 0.000471986 0.000412842 0.000359585 0.000312 0.000269766 0.000232504 0.000199799 0.000171227 0.00014637 0.000124827 0.00010622 9.02011e-05 7.64496e-05 6.46765e-05 5.46223e-05 4.6056e-05 3.87733e-05 3.25943e-05 2.73619e-05 2.2939e-05 1.92067e-05 1.60622e-05 1.34169e-05 1.11949e-05 9.33099e-06 7.76946e-06 6.46291e-06 5.371e-06 4.45951e-06 3.69947e-06 3.06636e-06 2.53954e-06 2.10156e-06 1.7378e-06 1.43594e-06 1.18567e-06 9.78336e-07 8.06719e-07 6.64773e-07 5.47457e-07 4.50568e-07 3.70605e-07 3.04656e-07 2.50302e-07 2.05532e-07 1.68679e-07 1.38362e-07 1.13437e-07 9.29551e-08 7.61349e-08 6.23289e-08 5.10029e-08 4.17163e-08 3.41056e-08 2.78714e-08 2.27672e-08 1.85901e-08 1.51733e-08 1.23796e-08 1.00965e-08 8.23125e-09 6.70815e-09 5.46491e-09 4.45051e-09 3.62314e-09 2.94858e-09 2.39881e-09 1.95091e-09 1.58613e-09 1.28915e-09 1.04745e-09 8.50807e-10 6.90875e-10 5.60843e-10 4.55153e-10 3.69276e-10 2.99519e-10 2.42872e-10 1.96886e-10 1.59565e-10 1.29285e-10 1.04724e-10 8.48078e-11 6.86622e-11 5.55768e-11 4.49745e-11 3.63861e-11 2.94309e-11 2.37998e-11 1.92417e-11 1.55532e-11 1.25689e-11
0.00189411 0.000882226 0.000832546 0.000774395 0.00071183 0.00064787 0.000584701 0.000523858 0.000466362 0.000412842 0.000363632 0.000318844 0.000278432 0.000242238 0.000210032 0.000181539 0.000156457 0.00013448 0.000115301 9.86272e-05 8.41806e-05 7.17029e-05 6.0957e-05 5.17272e-05 4.38195e-05 3.70601e-05 3.12949e-05 2.63877e-05 2.22188e-05 1.86835e-05 1.56907e-05 1.31612e-05 1.10265e-05 9.22777e-06 7.71412e-06 6.44208e-06 5.37445e-06 4.47946e-06 3.73006e-06 3.10326e-06 2.57957e-06 2.14247e-06 1.77801e-06 1.4744e-06 1.22172e-06 1.0116e-06 8.37023e-07 6.92101e-07 5.71889e-07 4.72251e-07 3.89727e-07 3.21428e-07 2.6494e-07 2.18253e-07 1.79691e-07 1.47862e-07 1.21605e-07 9.99589e-08 8.21239e-08 6.74376e-08 5.53508e-08 4.54088e-08 3.72353e-08 3.05192e-08 2.50034e-08 2.04756e-08 1.67607e-08 1.37141e-08 1.12167e-08 9.17047e-09 7.49462e-09 6.12268e-09 5.00002e-09 4.08172e-09 3.33088e-09 2.7172e-09 2.21582e-09 1.80634e-09 1.47205e-09 1.19923e-09 9.7666e-10 7.95148e-10 6.4717e-10 5.26571e-10 4.28317e-10 3.48295e-10 2.83142e-10 2.30111e-10 1.86961e-10 1.5186e-10 1.23316e-10 1.00111e-10 8.12512e-11 6.59275e-11 5.34802e-11 4.33722e-11 3.51661e-11 2.85057e-11 2.31012e-11 1.8717e-11 1.51614e-11
0.00147661 0.000715025 0.000682983 0.000642148 0.000596044 0.000547362 0.000498118 0.000449777 0.00040337 0.000359585 0.000318844 0.000281366 0.00024722 0.000216363 0.000188676 0.000163989 0.000142097 0.000122779 0.000105808 9.09593e-05 7.80147e-05 6.67679e-05 5.70265e-05 4.86132e-05 4.13661e-05 3.5139e-05 2.98008e-05 2.52345e-05 2.13364e-05 1.80151e-05 1.51904e-05 1.27922e-05 1.07594e-05 9.03893e-06 7.58501e-06 6.35804e-06 5.32397e-06 4.45361e-06 3.72192e-06 3.10753e-06 2.59222e-06 2.16047e-06 1.79912e-06 1.49698e-06 1.2446e-06 1.03397e-06 8.58358e-07 7.12055e-07 5.90276e-07 4.88993e-07 4.04821e-07 3.34922e-07 2.7692e-07 2.28824e-07 1.88969e-07 1.55966e-07 1.28655e-07 1.06068e-07 8.73994e-08 7.19793e-08 5.92496e-08 4.8747e-08 4.00866e-08 3.29491e-08 2.707e-08 2.22297e-08 1.82469e-08 1.49711e-08 1.22782e-08 1.00655e-08 8.24816e-09 6.75626e-09 5.53205e-09 4.52792e-09 3.70466e-09 3.02996e-09 2.47725e-09 2.02464e-09 1.65415e-09 1.35099e-09 1.10302e-09 9.00269e-10 7.34549e-10 5.99143e-10 4.88545e-10 3.9824e-10 3.2453e-10 2.64384e-10 2.15322e-10 1.75314e-10 1.42699e-10 1.1612e-10 9.44654e-11 7.68284e-11 6.24677e-11 5.0778e-11 4.12652e-11 3.3526e-11 2.72316e-11 2.21134e-11 1.79529e-11
0.00115114 0.00057867 0.000559296 0.000531371 0.000497889 0.000461192 0.000423079 0.000384901 0.000347643 0.000312 0.000278432 0.00024722 0.000218505 0.000192326 0.000168642 0.00014736 0.000128351 0.000111462 9.65284e-05 8.338e-05 7.18489e-05 6.17726e-05 5.29964e-05 4.53759e-05 3.87775e-05 3.30791e-05 2.817e-05 2.39506e-05 2.03319e-05 1.72345e-05 1.45885e-05 1.23321e-05 1.04114e-05 8.77895e-06 7.39373e-06 6.22001e-06 5.22689e-06 4.38772e-06 3.67954e-06 3.08265e-06 2.58015e-06 2.15759e-06 1.80265e-06 1.50481e-06 1.25514e-06 1.04606e-06 8.71136e-07 7.24914e-07 6.02795e-07 5.00893e-07 4.15931e-07 3.45148e-07 2.86224e-07 2.3721e-07 1.96467e-07 1.62624e-07 1.34532e-07 1.11229e-07 9.19111e-08 7.59069e-08 6.26561e-08 5.16916e-08 4.26242e-08 3.513e-08 2.89393e-08 2.38283e-08 1.96109e-08 1.61326e-08 1.32653e-08 1.09029e-08 8.95739e-09 7.35597e-09 6.03839e-09 4.95482e-09 4.0641e-09 3.33222e-09 2.7311e-09 2.23759e-09 1.8326e-09 1.50037e-09 1.22793e-09 1.00462e-09 8.21646e-10 6.71771e-10 5.49056e-10 4.48613e-10 3.66429e-10 2.99208e-10 2.44244e-10 1.99317e-10 1.62606e-10 1.32618e-10 1.0813e-10 8.81381e-11 7.18229e-11 5.85118e-11 4.76548e-11 3.88021e-11 3.15857e-11 2.57049e-11 2.09136e-11
0.000897413 0.000467687 0.000457259 0.000438855 0.000414976 0.000387618 0.000358353 0.00032839 0.000298639 0.000269766 0.000242238 0.000216363 0.000192326 0.000170215 0.000150049 0.00013179 0.000115364 0.000100672 8.75965e-05 7.60143e-05 6.57974e-05 5.68191e-05 4.8957e-05 4.20944e-05 3.61221e-05 3.09391e-05 2.64527e-05 2.25786e-05 1.92409e-05 1.63715e-05 1.39096e-05 1.18014e-05 9.99933e-06 8.46154e-06 7.15142e-06 6.037e-06 5.09044e-06 4.28759e-06 3.60754e-06 3.03227e-06 2.54623e-06 2.13606e-06 1.79032e-06 1.49921e-06 1.25436e-06 1.04862e-06 8.75914e-07 7.31081e-07 6.09733e-07 5.08151e-07 4.23189e-07 3.52186e-07 2.92897e-07 2.43428e-07 2.02184e-07 1.67823e-07 1.39216e-07 1.15417e-07 9.56305e-08 7.91913e-08 6.55418e-08 5.42156e-08 4.4823e-08 3.70385e-08 3.05905e-08 2.52525e-08 2.0836e-08 1.71838e-08 1.41651e-08 1.16715e-08 9.61262e-09 7.91347e-09 6.5119e-09 5.35632e-09 4.40401e-09 3.61956e-09 2.97367e-09 2.44209e-09 2.00477e-09 1.64516e-09 1.34956e-09 1.10667e-09 9.07181e-10 7.43393e-10 6.08969e-10 4.98686e-10 4.0824e-10 3.34091e-10 2.73322e-10 2.23537e-10 1.82764e-10 1.49382e-10 1.22062e-10 9.97085e-11 8.14254e-11 6.64758e-11 5.42558e-11 4.427e-11 3.61122e-11 2.94498e-11 2.40103e-11
0.000699608 0.000377515 0.000373269 0.000361799 0.000345162 0.000325033 0.000302759 0.000279401 0.000255777 0.000232504 0.000210032 0.000188676 0.000168642 0.000150049 0.000132952 0.000117356 0.000103225 9.05023e-05 7.91083e-05 6.89548e-05 5.99467e-05 5.19871e-05 4.49801e-05 3.88327e-05 3.34564e-05 2.87682e-05 2.46913e-05 2.11549e-05 1.80946e-05 1.54524e-05 1.3176e-05 1.12185e-05 9.53861e-06 8.09941e-06 6.86856e-06 5.81759e-06 4.9216e-06 4.15886e-06 3.51048e-06 2.96005e-06 2.49337e-06 2.0982e-06 1.76397e-06 1.48162e-06 1.24335e-06 1.04249e-06 8.7335e-07 7.31056e-07 6.11462e-07 5.1104e-07 4.26793e-07 3.56175e-07 2.97033e-07 2.47541e-07 2.06158e-07 1.71581e-07 1.42713e-07 1.18628e-07 9.85489e-08 8.182e-08 6.78918e-08 5.6303e-08 4.66667e-08 3.8659e-08 3.20086e-08 2.64887e-08 2.19097e-08 1.81133e-08 1.49676e-08 1.23624e-08 1.02059e-08 8.42184e-09 6.94656e-09 5.72722e-09 4.71991e-09 3.88815e-09 3.20165e-09 2.63531e-09 2.16829e-09 1.78335e-09 1.46619e-09 1.20499e-09 9.89957e-10 8.13006e-10 6.67448e-10 5.47761e-10 4.49382e-10 3.68549e-10 3.02156e-10 2.47643e-10 2.029e-10 1.66189e-10 1.36078e-10 1.11388e-10 9.11514e-11 7.4569e-11 6.09855e-11 4.98622e-11 4.07562e-11 3.33039e-11 2.72068e-11
0.000545403 0.000304371 0.000304275 0.000297778 0.000286547 0.000271973 0.00025519 0.000237113 0.000218463 0.000199799 0.000181539 0.000163989 0.00014736 0.00013179 0.000117356 0.000104088 9.19842e-05 8.10136e-05 7.11279e-05 6.22664e-05 5.43603e-05 4.73367e-05 4.11216e-05 3.56416e-05 3.08259e-05 2.66069e-05 2.29213e-05 1.97102e-05 1.69196e-05 1.45e-05 1.24069e-05 1.05999e-05 9.04301e-06 7.70412e-06 6.55474e-06 5.56974e-06 4.72695e-06 4.00695e-06 3.39276e-06 2.86956e-06 2.42448e-06 2.04634e-06 1.72547e-06 1.45352e-06 1.2233e-06 1.02862e-06 8.64171e-07 7.25401e-07 6.08417e-07 5.09893e-07 4.26994e-07 3.57304e-07 2.9877e-07 2.49647e-07 2.08457e-07 1.73945e-07 1.45052e-07 1.20881e-07 1.00674e-07 8.37946e-08 6.97035e-08 5.79483e-08 4.81482e-08 3.99833e-08 3.31849e-08 2.75279e-08 2.28234e-08 1.89133e-08 1.56652e-08 1.29687e-08 1.07312e-08 8.8756e-09 7.3375e-09 6.06323e-09 5.00805e-09 4.13472e-09 3.41224e-09 2.81484e-09 2.32108e-09 1.91317e-09 1.57632e-09 1.29828e-09 1.06888e-09 8.79688e-10 7.23716e-10 5.95185e-10 4.89308e-10 4.02125e-10 3.30364e-10 2.71317e-10 2.2275e-10 1.82818e-10 1.49996e-10 1.23028e-10 1.00877e-10 8.26891e-11 6.77601e-11 5.551e-11 4.54613e-11 3.72209e-11 3.04656e-11
0.000425187 0.000245131 0.000247706 0.000244705 0.000237466 0.000227124 0.000214626 0.000200749 0.000186118 0.000171227 0.000156457 0.000142097 0.000128351 0.000115364 0.000103225 9.19842e-05 8.16569e-05 7.22354e-05 6.36935e-05 5.59917e-05 4.90822e-05 4.29113e-05 3.74229e-05 3.256e-05 2.82663e-05 2.44873e-05 2.11715e-05 1.82701e-05 1.57381e-05 1.35337e-05 1.16191e-05 9.95982e-06 8.52473e-06 7.28598e-06 6.21868e-06 5.30073e-06 4.51255e-06 3.83688e-06 3.25854e-06 2.76424e-06 2.34235e-06 1.98276e-06 1.67666e-06 1.41641e-06 1.19541e-06 1.00796e-06 8.49142e-07 7.14723e-07 6.01074e-07 5.05081e-07 4.24079e-07 3.55792e-07 2.98276e-07 2.49874e-07 2.09176e-07 1.74985e-07 1.46284e-07 1.22209e-07 1.0203e-07 8.51297e-08 7.0985e-08 5.91549e-08 4.92675e-08 4.10092e-08 3.4116e-08 2.8366e-08 2.35724e-08 1.95786e-08 1.62532e-08 1.34857e-08 1.1184e-08 9.27068e-09 7.68104e-09 6.36102e-09 5.26546e-09 4.35665e-09 3.60312e-09 2.97864e-09 2.46136e-09 2.03307e-09 1.67863e-09 1.38542e-09 1.14299e-09 9.42611e-10 7.77069e-10 6.40362e-10 5.27513e-10 4.34395e-10 3.57588e-10 2.94259e-10 2.42063e-10 1.99059e-10 1.6364e-10 1.3448e-10 1.10481e-10 9.07357e-11 7.44963e-11 6.11446e-11 5.01707e-11 4.11541e-11 3.37481e-11
0.000331469 0.000197219 0.000201405 0.000200801 0.000196468 0.000189322 0.000180145 0.000169588 0.000158186 0.00014637 0.00013448 0.000122779 0.000111462 0.000100672 9.05023e-05 8.10136e-05 7.22354e-05 6.41751e-05 5.68226e-05 5.0155e-05 4.41404e-05 3.87407e-05 3.3914e-05 2.96167e-05 2.58048e-05 2.24349e-05 1.9465e-05 1.68553e-05 1.45685e-05 1.25697e-05 1.08268e-05 9.3106e-06 7.99437e-06 6.85407e-06 5.86809e-06 5.01711e-06 4.28392e-06 3.65327e-06 3.11168e-06 2.64728e-06 2.24965e-06 1.90966e-06 1.61934e-06 1.37176e-06 1.16088e-06 9.81485e-07 8.29041e-07 6.99646e-07 5.89931e-07 4.97e-07 4.18363e-07 3.51887e-07 2.95743e-07 2.48369e-07 2.08429e-07 1.74787e-07 1.46472e-07 1.2266e-07 1.02651e-07 8.58501e-08 7.17534e-08 5.99343e-08 5.00318e-08 4.17406e-08 3.48034e-08 2.90027e-08 2.41554e-08 2.01074e-08 1.67289e-08 1.39109e-08 1.15617e-08 9.60439e-09 7.97458e-09 6.61817e-09 5.48991e-09 4.55189e-09 3.77245e-09 3.12509e-09 2.5877e-09 2.1418e-09 1.772e-09 1.46544e-09 1.21143e-09 1.00106e-09 8.26888e-10 6.82762e-10 5.63545e-10 4.64972e-10 3.83501e-10 3.16192e-10 2.60605e-10 2.14716e-10 1.76847e-10 1.45607e-10 1.19847e-10 9.86118e-11 8.11132e-11 6.66987e-11 5.48287e-11 4.50573e-11 3.70162e-11
0.000258407 0.000158518 0.000163568 0.000164551 0.000162297 0.00015754 0.000150917 0.00014297 0.000134149 0.000124827 0.000115301 0.000105808 9.65284e-05 8.75965e-05 7.91083e-05 7.11279e-05 6.36935e-05 5.68226e-05 5.05169e-05 4.47659e-05 3.95499e-05 3.48429e-05 3.06145e-05 2.68321e-05 2.34615e-05 2.04685e-05 1.78195e-05 1.54822e-05 1.34257e-05 1.16212e-05 1.00418e-05 8.66258e-06 7.46094e-06 6.4162e-06 5.5097e-06 4.72463e-06 4.04596e-06 3.46029e-06 2.95569e-06 2.52164e-06 2.14882e-06 1.82907e-06 1.55521e-06 1.32096e-06 1.12086e-06 9.50131e-07 8.04639e-07 6.80796e-07 5.75496e-07 4.86058e-07 4.10172e-07 3.45848e-07 2.91378e-07 2.45296e-07 2.06344e-07 1.7345e-07 1.45694e-07 1.22294e-07 1.02582e-07 8.59892e-08 7.20335e-08 6.03043e-08 5.04535e-08 4.21862e-08 3.52525e-08 2.94414e-08 2.45741e-08 2.05001e-08 1.70922e-08 1.42432e-08 1.18629e-08 9.8753e-09 8.21661e-09 6.83315e-09 5.67989e-09 4.71904e-09 3.91891e-09 3.25297e-09 2.69898e-09 2.23836e-09 1.85555e-09 1.53756e-09 1.27353e-09 1.05441e-09 8.72644e-10 7.21926e-10 5.97008e-10 4.93517e-10 4.07813e-10 3.36868e-10 2.78164e-10 2.29608e-10 1.89462e-10 1.56281e-10 1.28867e-10 1.06226e-10 8.75343e-11 7.21081e-11 5.93815e-11 4.88856e-11 4.02324e-11
0.00020145 0.000127297 0.000132695 0.000134673 0.000133875 0.000130882 0.000126208 0.000120298 0.00011353 0.00010622 9.86272e-05 9.09593e-05 8.338e-05 7.60143e-05 6.89548e-05 6.22664e-05 5.59917e-05 5.0155e-05 4.47659e-05 3.98228e-05 3.53153e-05 3.12268e-05 2.75361e-05 2.42191e-05 2.12499e-05 1.86018e-05 1.62483e-05 1.41632e-05 1.23213e-05 1.06989e-05 9.27353e-06 8.02431e-06 6.93201e-06 5.97902e-06 5.14929e-06 4.42831e-06 3.803e-06 3.26162e-06 2.79372e-06 2.38997e-06 2.04213e-06 1.7429e-06 1.48585e-06 1.26535e-06 1.07644e-06 9.14808e-07 7.76682e-07 6.58785e-07 5.58267e-07 4.72662e-07 3.99835e-07 3.37943e-07 2.85396e-07 2.40826e-07 2.03058e-07 1.71083e-07 1.44036e-07 1.21177e-07 1.01874e-07 8.55873e-08 7.1856e-08 6.02882e-08 5.05502e-08 4.23586e-08 3.54728e-08 2.96885e-08 2.48329e-08 2.07596e-08 1.73447e-08 1.44835e-08 1.20879e-08 1.00832e-08 8.4066e-09 7.00524e-09 5.8346e-09 4.85722e-09 4.04164e-09 3.36143e-09 2.79441e-09 2.32199e-09 1.92859e-09 1.60114e-09 1.32872e-09 1.10219e-09 9.13901e-10 7.57472e-10 6.27567e-10 5.19738e-10 4.3027e-10 3.56068e-10 2.94553e-10 2.43576e-10 2.01348e-10 1.66383e-10 1.37441e-10 1.13494e-10 9.36882e-11 7.73127e-11 6.37784e-11 5.25964e-11 4.3361e-11
0.000157047 0.000102137 0.000107539 0.000110088 0.00011028 0.00010857 0.000105369 0.000101039 9.58947e-05 9.02011e-05 8.41806e-05 7.80147e-05 7.18489e-05 6.57974e-05 5.99467e-05 5.43603e-05 4.90822e-05 4.41404e-05 3.95499e-05 3.53153e-05 3.14332e-05 2.7894e-05 2.46837e-05 2.17849e-05 1.91786e-05 1.68441e-05 1.47607e-05 1.29075e-05 1.12641e-05 9.81103e-06 8.52969e-06 7.40268e-06 6.41378e-06 5.54804e-06 4.79175e-06 4.13242e-06 3.55874e-06 3.06049e-06 2.62853e-06 2.25466e-06 1.93159e-06 1.65285e-06 1.41271e-06 1.20613e-06 1.02864e-06 8.76367e-07 7.45879e-07 6.342e-07 5.38731e-07 4.57212e-07 3.87681e-07 3.28438e-07 2.78013e-07 2.35135e-07 1.98712e-07 1.67799e-07 1.41587e-07 1.19382e-07 1.00586e-07 8.46894e-08 7.12561e-08 5.99132e-08 5.03429e-08 4.22741e-08 3.54762e-08 2.97532e-08 2.49385e-08 2.08906e-08 1.74896e-08 1.46341e-08 1.22381e-08 1.02288e-08 8.5449e-09 7.13449e-09 5.95386e-09 4.96612e-09 4.14021e-09 3.45001e-09 2.87351e-09 2.39223e-09 1.99066e-09 1.65576e-09 1.3766e-09 1.14401e-09 9.50321e-10 7.89094e-10 6.54952e-10 5.43395e-10 4.50661e-10 3.73608e-10 3.0961e-10 2.56479e-10 2.12386e-10 1.7581e-10 1.4548e-10 1.2034e-10 9.951e-11 8.22572e-11 6.79726e-11 5.615e-11 4.63685e-11
0.000122431 8.18844e-05 8.70669e-05 8.98897e-05 9.07268e-05 8.99326e-05 8.78327e-05 8.47198e-05 8.08514e-05 7.64496e-05 7.17029e-05 6.67679e-05 6.17726e-05 5.68191e-05 5.19871e-05 4.73367e-05 4.29113e-05 3.87407e-05 3.48429e-05 3.12268e-05 2.7894e-05 2.48402e-05 2.20568e-05 1.9532e-05 1.72518e-05 1.52008e-05 1.33629e-05 1.17215e-05 1.02604e-05 8.96369e-06 7.81608e-06 6.80311e-06 5.91121e-06 5.12776e-06 4.4411e-06 3.84054e-06 3.31634e-06 2.85966e-06 2.46253e-06 2.11777e-06 1.81899e-06 1.56046e-06 1.3371e-06 1.14441e-06 9.78411e-07 8.35597e-07 7.12891e-07 6.07595e-07 5.17348e-07 4.40089e-07 3.74024e-07 3.17593e-07 2.69443e-07 2.28399e-07 1.93448e-07 1.63715e-07 1.38443e-07 1.16984e-07 9.87773e-08 8.3344e-08 7.02723e-08 5.921e-08 4.98554e-08 4.19512e-08 3.52774e-08 2.96466e-08 2.48992e-08 2.08995e-08 1.75319e-08 1.46984e-08 1.23159e-08 1.03139e-08 8.63265e-09 7.2216e-09 6.03805e-09 5.04588e-09 4.21463e-09 3.51859e-09 2.93607e-09 2.44883e-09 2.0415e-09 1.70115e-09 1.4169e-09 1.17962e-09 9.81656e-10 8.16565e-10 6.78953e-10 5.643e-10 4.68818e-10 3.89337e-10 3.23203e-10 2.682e-10 2.22473e-10 1.84473e-10 1.52907e-10 1.26697e-10 1.04942e-10 8.68923e-11 7.1922e-11 5.95106e-11 4.92244e-11
9.54455e-05 6.55975e-05 7.04277e-05 7.33187e-05 7.45502e-05 7.43944e-05 7.31071e-05 7.09228e-05 6.80513e-05 6.46765e-05 6.0957e-05 5.70265e-05 5.29964e-05 4.8957e-05 4.49801e-05 4.11216e-05 3.74229e-05 3.3914e-05 3.06145e-05 2.75361e-05 2.46837e-05 2.20568e-05 1.9651e-05 1.74588e-05 1.54703e-05 1.36742e-05 1.20581e-05 1.06092e-05 9.3145e-06 8.16125e-06 7.13696e-06 6.2297e-06 5.42816e-06 4.72174e-06 4.10059e-06 3.5556e-06 3.07843e-06 2.66145e-06 2.29776e-06 1.98111e-06 1.70589e-06 1.46708e-06 1.26018e-06 1.08119e-06 9.26586e-07 7.93218e-07 6.78328e-07 5.79483e-07 4.94548e-07 4.21654e-07 3.59166e-07 3.05659e-07 2.59893e-07 2.20788e-07 1.87409e-07 1.58945e-07 1.34697e-07 1.1406e-07 9.65107e-08 8.16012e-08 6.89451e-08 5.82107e-08 4.91137e-08 4.14105e-08 3.48924e-08 2.93813e-08 2.47251e-08 2.0794e-08 1.74773e-08 1.46809e-08 1.23248e-08 1.0341e-08 8.67169e-09 7.26787e-09 6.08806e-09 5.0971e-09 4.26524e-09 3.56735e-09 2.98217e-09 2.49177e-09 2.08103e-09 1.73717e-09 1.44947e-09 1.20886e-09 1.00775e-09 8.39732e-10 6.99425e-10 5.82315e-10 4.84612e-10 4.03138e-10 3.35227e-10 2.78646e-10 2.31524e-10 1.92298e-10 1.59658e-10 1.32508e-10 1.09935e-10 9.1175e-11 7.55893e-11 6.2646e-11 5.19011e-11
7.44077e-05 5.25122e-05 5.69189e-05 5.97421e-05 6.11877e-05 6.14624e-05 6.07655e-05 5.92832e-05 5.7185e-05 5.46223e-05 5.17272e-05 4.86132e-05 4.53759e-05 4.20944e-05 3.88327e-05 3.56416e-05 3.256e-05 2.96167e-05 2.68321e-05 2.42191e-05 2.17849e-05 1.9532e-05 1.74588e-05 1.5561e-05 1.38322e-05 1.2264e-05 1.08474e-05 9.57239e-06 8.42885e-06 7.40652e-06 6.49529e-06 5.6854e-06 4.96749e-06 4.33271e-06 3.77277e-06 3.27995e-06 2.84713e-06 2.46778e-06 2.13594e-06 1.84618e-06 1.59363e-06 1.37387e-06 1.18295e-06 1.01735e-06 8.73923e-07 7.49877e-07 6.4274e-07 5.50332e-07 4.70729e-07 4.02242e-07 3.43388e-07 2.92872e-07 2.4956e-07 2.12465e-07 1.80728e-07 1.53603e-07 1.30443e-07 1.10686e-07 9.38485e-08 7.9512e-08 6.73158e-08 5.69491e-08 4.81449e-08 4.06737e-08 3.43388e-08 2.89714e-08 2.44272e-08 2.05828e-08 1.73327e-08 1.45869e-08 1.22689e-08 1.03132e-08 8.66439e-09 7.27509e-09 6.10523e-09 5.12073e-09 4.29274e-09 3.59677e-09 3.01211e-09 2.52123e-09 2.10932e-09 1.76387e-09 1.47429e-09 1.23169e-09 1.02854e-09 8.58513e-10 7.16279e-10 5.97351e-10 4.97958e-10 4.1493e-10 3.45604e-10 2.87744e-10 2.39476e-10 1.99226e-10 1.65678e-10 1.37727e-10 1.14448e-10 9.50691e-11 7.89428e-11 6.55285e-11 5.43746e-11
5.8007e-05 4.20084e-05 4.59634e-05 4.86329e-05 5.01657e-05 5.0717e-05 5.04406e-05 4.9483e-05 4.79804e-05 4.6056e-05 4.38195e-05 4.13661e-05 3.87775e-05 3.61221e-05 3.34564e-05 3.08259e-05 2.82663e-05 2.58048e-05 2.34615e-05 2.12499e-05 1.91786e-05 1.72518e-05 1.54703e-05 1.38322e-05 1.23333e-05 1.09682e-05 9.73012e-06 8.61151e-06 7.60451e-06 6.701e-06 5.89288e-06 5.17219e-06 4.53123e-06 3.96267e-06 3.45956e-06 3.0154e-06 2.62414e-06 2.2802e-06 1.97847e-06 1.71425e-06 1.48332e-06 1.28182e-06 1.1063e-06 9.53643e-07 8.21085e-07 7.06144e-07 6.06621e-07 5.20565e-07 4.46251e-07 3.82159e-07 3.26951e-07 2.7945e-07 2.38629e-07 2.03587e-07 1.73537e-07 1.47796e-07 1.25768e-07 1.06936e-07 9.08519e-08 7.71269e-08 6.54258e-08 5.5459e-08 4.69765e-08 3.97634e-08 3.36347e-08 2.84314e-08 2.40172e-08 2.02753e-08 1.71055e-08 1.44224e-08 1.21528e-08 1.02343e-08 8.61361e-09 7.24546e-09 6.09122e-09 5.11806e-09 4.29806e-09 3.60754e-09 3.02639e-09 2.53757e-09 2.12664e-09 1.78139e-09 1.49146e-09 1.24814e-09 1.04402e-09 8.72892e-10 7.29484e-10 6.09367e-10 5.08808e-10 4.24662e-10 3.54284e-10 2.95447e-10 2.46281e-10 2.05215e-10 1.70929e-10 1.42316e-10 1.18447e-10 9.85449e-11 8.19563e-11 6.81352e-11 5.66245e-11
4.52213e-05 3.35837e-05 3.70876e-05 3.95533e-05 4.10866e-05 4.18023e-05 4.18176e-05 4.1247e-05 4.01989e-05 3.87733e-05 3.70601e-05 3.5139e-05 3.30791e-05 3.09391e-05 2.87682e-05 2.66069e-05 2.44873e-05 2.24349e-05 2.04685e-05 1.86018e-05 1.68441e-05 1.52008e-05 1.36742e-05 1.2264e-05 1.09682e-05 9.7832e-06 8.70414e-06 7.72553e-06 6.84131e-06 6.04515e-06 5.33058e-06 4.69118e-06 4.12067e-06 3.61299e-06 3.16235e-06 2.76331e-06 2.41075e-06 2.09993e-06 1.82646e-06 1.58634e-06 1.37589e-06 1.19176e-06 1.03095e-06 8.90721e-07 7.68641e-07 6.62519e-07 5.70403e-07 4.90555e-07 4.21436e-07 3.61682e-07 3.10088e-07 2.65595e-07 2.2727e-07 1.94296e-07 1.65956e-07 1.41626e-07 1.2076e-07 1.02882e-07 8.75802e-08 7.4495e-08 6.33159e-08 5.37739e-08 4.56362e-08 3.87021e-08 3.27985e-08 2.77763e-08 2.35073e-08 1.98813e-08 1.68038e-08 1.41937e-08 1.19816e-08 1.01081e-08 8.52256e-09 7.18151e-09 6.04804e-09 5.09061e-09 4.2824e-09 3.60057e-09 3.02569e-09 2.54129e-09 2.13335e-09 1.79e-09 1.50117e-09 1.25834e-09 1.05429e-09 8.82916e-10 7.3906e-10 6.18365e-10 5.17151e-10 4.32316e-10 3.61242e-10 3.01726e-10 2.51911e-10 2.10234e-10 1.75382e-10 1.4625e-10 1.21909e-10 1.0158e-10 8.46092e-11 7.04474e-11 5.86345e-11
3.52538e-05 2.68321e-05 2.99034e-05 3.21411e-05 3.36177e-05 3.4417e-05 3.46274e-05 3.43375e-05 3.3633e-05 3.25943e-05 3.12949e-05 2.98008e-05 2.817e-05 2.64527e-05 2.46913e-05 2.29213e-05 2.11715e-05 1.9465e-05 1.78195e-05 1.62483e-05 1.47607e-05 1.33629e-05 1.20581e-05 1.08474e-05 9.73012e-06 8.70414e-06 7.76625e-06 6.91244e-06 6.13818e-06 5.43855e-06 4.80849e-06 4.24283e-06 3.73649e-06 3.28449e-06 2.88204e-06 2.52461e-06 2.20788e-06 1.92786e-06 1.68079e-06 1.46325e-06 1.27207e-06 1.10437e-06 9.57512e-07 8.29129e-07 7.17077e-07 6.19429e-07 5.34461e-07 4.60631e-07 3.96569e-07 3.41056e-07 2.93014e-07 2.51488e-07 2.15639e-07 1.84725e-07 1.58098e-07 1.35188e-07 1.15497e-07 9.8591e-08 8.40897e-08 7.16634e-08 6.10253e-08 5.19264e-08 4.41509e-08 3.75121e-08 3.18487e-08 2.70213e-08 2.29099e-08 1.9411e-08 1.64357e-08 1.39075e-08 1.17607e-08 9.93919e-09 8.3947e-09 7.08601e-09 5.97786e-09 5.04013e-09 4.24713e-09 3.57692e-09 3.01086e-09 2.53303e-09 2.12994e-09 1.79007e-09 1.50368e-09 1.26249e-09 1.05948e-09 8.88683e-10 7.45075e-10 6.24386e-10 5.2301e-10 4.37899e-10 3.66478e-10 3.06574e-10 2.56353e-10 2.1427e-10 1.79022e-10 1.49511e-10 1.24816e-10 1.04159e-10 8.68869e-11 7.24514e-11 6.03917e-11
2.74832e-05 2.14251e-05 2.40938e-05 2.60963e-05 2.74808e-05 2.83071e-05 2.8641e-05 2.85505e-05 2.81027e-05 2.73619e-05 2.63877e-05 2.52345e-05 2.39506e-05 2.25786e-05 2.11549e-05 1.97102e-05 1.82701e-05 1.68553e-05 1.54822e-05 1.41632e-05 1.29075e-05 1.17215e-05 1.06092e-05 9.57239e-06 8.61151e-06 7.72553e-06 6.91244e-06 6.16947e-06 5.49327e-06 4.88012e-06 4.32605e-06 3.82699e-06 3.37884e-06 2.97753e-06 2.61915e-06 2.29989e-06 2.01619e-06 1.76464e-06 1.54209e-06 1.3456e-06 1.17246e-06 1.02018e-06 8.86486e-07 7.69316e-07 6.66795e-07 5.77234e-07 4.99114e-07 4.31074e-07 3.71896e-07 3.20498e-07 2.75914e-07 2.37291e-07 2.03874e-07 1.74994e-07 1.50064e-07 1.28569e-07 1.10055e-07 9.41252e-08 8.04334e-08 6.86767e-08 5.85913e-08 4.99477e-08 4.25467e-08 3.62151e-08 3.08032e-08 2.61813e-08 2.22374e-08 1.88746e-08 1.60095e-08 1.35705e-08 1.14957e-08 9.73192e-09 8.23369e-09 6.9619e-09 5.88307e-09 4.96852e-09 4.19375e-09 3.53781e-09 2.98283e-09 2.51355e-09 2.11699e-09 1.78206e-09 1.49935e-09 1.26086e-09 1.05978e-09 8.90342e-10 7.47634e-10 6.27507e-10 5.26438e-10 4.41448e-10 3.70014e-10 3.10003e-10 2.59613e-10 2.17322e-10 1.81843e-10 1.52094e-10 1.27161e-10 1.06272e-10 8.87796e-11 7.41379e-11 6.18872e-11
2.14255e-05 1.70982e-05 1.93997e-05 2.11716e-05 2.24441e-05 2.32588e-05 2.36639e-05 2.3711e-05 2.34524e-05 2.2939e-05 2.22188e-05 2.13364e-05 2.03319e-05 1.92409e-05 1.80946e-05 1.69196e-05 1.57381e-05 1.45685e-05 1.34257e-05 1.23213e-05 1.12641e-05 1.02604e-05 9.3145e-06 8.42885e-06 7.60451e-06 6.84131e-06 6.13818e-06 5.49327e-06 4.9042e-06 4.36821e-06 3.88223e-06 3.44308e-06 3.04747e-06 2.69212e-06 2.37383e-06 2.08946e-06 1.83603e-06 1.61069e-06 1.41079e-06 1.23382e-06 1.07747e-06 9.39602e-07 8.18255e-07 7.11638e-07 6.18122e-07 5.3623e-07 4.64629e-07 4.02121e-07 3.47629e-07 3.00192e-07 2.58952e-07 2.23147e-07 1.92099e-07 1.65209e-07 1.41947e-07 1.21848e-07 1.045e-07 8.95425e-08 7.66603e-08 6.55763e-08 5.6049e-08 4.78675e-08 4.08484e-08 3.48319e-08 2.96795e-08 2.52708e-08 2.15016e-08 1.82818e-08 1.55335e-08 1.31896e-08 1.1192e-08 9.49089e-09 8.04326e-09 6.81223e-09 5.76613e-09 4.87777e-09 4.12389e-09 3.48453e-09 2.94265e-09 2.48367e-09 2.09515e-09 1.76647e-09 1.48858e-09 1.25376e-09 1.05546e-09 8.8808e-10 7.46882e-10 6.27834e-10 5.27514e-10 4.43019e-10 3.7189e-10 3.12041e-10 2.61708e-10 2.194e-10 1.83852e-10 1.54e-10 1.28941e-10 1.07916e-10 9.02833e-11 7.55017e-11 6.31157e-11
1.67029e-05 1.36378e-05 1.56101e-05 1.71634e-05 1.8315e-05 1.90928e-05 1.95316e-05 1.967e-05 1.95483e-05 1.92067e-05 1.86835e-05 1.80151e-05 1.72345e-05 1.63715e-05 1.54524e-05 1.45e-05 1.35337e-05 1.25697e-05 1.16212e-05 1.06989e-05 9.81103e-06 8.96369e-06 8.16125e-06 7.40652e-06 6.701e-06 6.04515e-06 5.43855e-06 4.88012e-06 4.36821e-06 3.9008e-06 3.47561e-06 3.09013e-06 2.74178e-06 2.42794e-06 2.14598e-06 1.89334e-06 1.66755e-06 1.46624e-06 1.28716e-06 1.12821e-06 9.87412e-07 8.6294e-07 7.53109e-07 6.56373e-07 5.71317e-07 4.96656e-07 4.31225e-07 3.7397e-07 3.23944e-07 2.80297e-07 2.42268e-07 2.09177e-07 1.80422e-07 1.55464e-07 1.33828e-07 1.15095e-07 9.88929e-08 8.48952e-08 7.2815e-08 6.24004e-08 5.34308e-08 4.57132e-08 3.90793e-08 3.33822e-08 2.84939e-08 2.43034e-08 2.07142e-08 1.76424e-08 1.50157e-08 1.27714e-08 1.08553e-08 9.22067e-09 7.82716e-09 6.64007e-09 5.62956e-09 4.76995e-09 4.03921e-09 3.41843e-09 2.89141e-09 2.44428e-09 2.06515e-09 1.74389e-09 1.47183e-09 1.24156e-09 1.04678e-09 8.82121e-10 7.42992e-10 6.25503e-10 5.26341e-10 4.42692e-10 3.72164e-10 3.1273e-10 2.6267e-10 2.20526e-10 1.85064e-10 1.55238e-10 1.30164e-10 1.09095e-10 9.13986e-11 7.65422e-11 6.40752e-11
1.30213e-05 1.08721e-05 1.2553e-05 1.3904e-05 1.49333e-05 1.56588e-05 1.61049e-05 1.63003e-05 1.62756e-05 1.60622e-05 1.56907e-05 1.51904e-05 1.45885e-05 1.39096e-05 1.3176e-05 1.24069e-05 1.16191e-05 1.08268e-05 1.00418e-05 9.27353e-06 8.52969e-06 7.81608e-06 7.13696e-06 6.49529e-06 5.89288e-06 5.33058e-06 4.80849e-06 4.32605e-06 3.88223e-06 3.47561e-06 3.10447e-06 2.76692e-06 2.46093e-06 2.18442e-06 1.93526e-06 1.71138e-06 1.51072e-06 1.33133e-06 1.17133e-06 1.02893e-06 9.02472e-07 7.90395e-07 6.91256e-07 6.03724e-07 5.26577e-07 4.58699e-07 3.99074e-07 3.4678e-07 3.00987e-07 2.60943e-07 2.25978e-07 1.95488e-07 1.68935e-07 1.45841e-07 1.2578e-07 1.08374e-07 9.32886e-08 8.023e-08 6.89379e-08 5.91836e-08 5.07664e-08 4.35102e-08 3.7261e-08 3.18842e-08 2.72621e-08 2.32925e-08 1.98861e-08 1.69657e-08 1.44639e-08 1.23225e-08 1.0491e-08 8.92574e-09 7.5891e-09 6.4485e-09 5.4759e-09 4.64714e-09 3.94144e-09 3.34092e-09 2.83026e-09 2.39629e-09 2.02773e-09 1.71492e-09 1.44958e-09 1.22464e-09 1.03407e-09 8.72713e-10 7.36162e-10 6.2067e-10 5.23042e-10 4.4056e-10 3.7091e-10 3.12127e-10 2.62541e-10 2.20733e-10 1.85501e-10 1.55825e-10 1.3084e-10 1.09815e-10 9.21304e-11 7.72621e-11 6.47671e-11
1.01512e-05 8.6631e-06 1.00886e-05 1.12558e-05 1.21665e-05 1.28313e-05 1.32669e-05 1.34941e-05 1.3536e-05 1.34169e-05 1.31612e-05 1.27922e-05 1.23321e-05 1.18014e-05 1.12185e-05 1.05999e-05 9.95982e-06 9.3106e-06 8.66258e-06 8.02431e-06 7.40268e-06 6.80311e-06 6.2297e-06 5.6854e-06 5.17219e-06 4.69118e-06 4.24283e-06 3.82699e-06 3.44308e-06 3.09013e-06 2.76692e-06 2.47202e-06 2.20387e-06 1.96081e-06 1.74117e-06 1.54324e-06 1.36536e-06 1.20589e-06 1.06328e-06 9.36034e-07 8.22742e-07 7.22084e-07 6.32827e-07 5.53831e-07 4.84042e-07 4.22495e-07 3.68308e-07 3.20676e-07 2.78873e-07 2.42238e-07 2.1018e-07 1.82166e-07 1.57718e-07 1.3641e-07 1.17862e-07 1.01737e-07 8.77342e-08 7.55884e-08 6.5065e-08 5.59572e-08 4.80827e-08 4.12816e-08 3.54133e-08 3.03547e-08 2.59983e-08 2.22501e-08 1.90279e-08 1.62603e-08 1.38853e-08 1.18489e-08 1.01041e-08 8.61042e-09 7.33269e-09 6.24052e-09 5.30765e-09 4.5114e-09 3.83227e-09 3.25341e-09 2.76036e-09 2.34067e-09 1.98367e-09 1.68018e-09 1.42234e-09 1.20343e-09 1.01766e-09 8.60128e-10 7.26608e-10 6.13506e-10 5.17753e-10 4.36733e-10 3.68214e-10 3.103e-10 2.61373e-10 2.20061e-10 1.85195e-10 1.55784e-10 1.30987e-10 1.1009e-10 9.2488e-11 7.76678e-11 6.51957e-11
7.91372e-06 6.89969e-06 8.10348e-06 9.10598e-06 9.90494e-06 1.05057e-05 1.09191e-05 1.11601e-05 1.12458e-05 1.11949e-05 1.10265e-05 1.07594e-05 1.04114e-05 9.99933e-06 9.53861e-06 9.04301e-06 8.52473e-06 7.99437e-06 7.46094e-06 6.93201e-06 6.41378e-06 5.91121e-06 5.42816e-06 4.96749e-06 4.53123e-06 4.12067e-06 3.73649e-06 3.37884e-06 3.04747e-06 2.74178e-06 2.46093e-06 2.20387e-06 1.9694e-06 1.75624e-06 1.56305e-06 1.38847e-06 1.23114e-06 1.08972e-06 9.62919e-07 8.49483e-07 7.48234e-07 6.58053e-07 5.77893e-07 5.06778e-07 4.43806e-07 3.88143e-07 3.39025e-07 2.95753e-07 2.57692e-07 2.24265e-07 1.94952e-07 1.69282e-07 1.46834e-07 1.27229e-07 1.10129e-07 9.52321e-08 8.22708e-08 7.10064e-08 6.12279e-08 5.27485e-08 4.54036e-08 3.9048e-08 3.35539e-08 2.88093e-08 2.47158e-08 2.11874e-08 1.81489e-08 1.55345e-08 1.32869e-08 1.13565e-08 9.69964e-09 8.27886e-09 7.06143e-09 6.01905e-09 5.12723e-09 4.36477e-09 3.71338e-09 3.15728e-09 2.68285e-09 2.27837e-09 1.93375e-09 1.64033e-09 1.39066e-09 1.17834e-09 9.97905e-10 8.44651e-10 7.14561e-10 6.04199e-10 5.10625e-10 4.3133e-10 3.64172e-10 3.07323e-10 2.59227e-10 2.18556e-10 1.84182e-10 1.55145e-10 1.30628e-10 1.09937e-10 9.24841e-11 7.77689e-11 6.53678e-11
