0.39346 0.111478 0.0410674 0.0161668 0.00498934 0.00128899 0.000297059 6.3531e-05 1.29172e-05 2.53495e-06 4.849e-07 9.10024e-08 1.68313e-08 3.07759e-09 5.57597e-10 1.0027e-10 1.79192e-11 3.1855e-12 5.63747e-13 9.93806e-14 1.746e-14 3.05835e-15 5.3429e-16 9.31181e-17 1.61943e-17 2.81095e-18 4.87056e-19 8.42572e-20 1.45536e-20 2.50575e-21 4.31715e-22
0.111478 0.0380125 0.0156511 0.00346402 0.000646451 0.000112472 1.8952e-05 3.14626e-06 5.18838e-07 8.53318e-08 1.40244e-08 2.30548e-09 3.79245e-10 6.24355e-11 1.02875e-11 1.69646e-12 2.7997e-13 4.62365e-14 7.64078e-15 1.26341e-15 2.09018e-16 3.45963e-17 5.72882e-18 9.49015e-19 1.57267e-19 2.60703e-20 4.323e-21 7.1701e-22 1.18793e-22 1.88837e-23 3.13502e-24
0.0410674 0.0156511 0.0028518 0.00050052 8.46292e-05 1.40004e-05 2.29195e-06 3.73719e-07 6.09015e-08 9.93429e-09 1.62309e-09 2.65652e-10 4.35534e-11 7.15169e-12 1.17598e-12 1.93607e-13 3.19089e-14 5.26397e-15 8.69114e-16 1.43602e-16 2.37424e-17 3.92774e-18 6.50107e-19 1.07654e-19 1.78342e-20 2.95559e-21 4.89971e-22 8.11868e-23 1.31414e-23 2.17422e-24 3.60947e-25
0.0161668 0.00346402 0.00050052 7.70605e-05 1.21132e-05 1.92016e-06 3.06095e-07 4.90427e-08 7.89504e-09 1.27645e-09 2.07153e-10 3.37275e-11 5.50642e-12 9.01079e-13 1.47743e-13 2.42649e-14 3.99085e-15 6.57182e-16 1.08334e-16 1.78749e-17 2.95171e-18 4.87768e-19 8.06538e-20 1.33438e-20 2.20878e-21 3.65774e-22 6.05701e-23 9.90722e-24 1.63954e-24 2.7118e-25 4.49992e-26
0.00498934 0.000646451 8.46292e-05 1.21132e-05 1.81517e-06 2.78964e-07 4.3562e-08 6.88013e-09 1.09609e-09 1.75817e-10 2.83563e-11 4.59366e-12 7.46851e-13 1.21786e-13 1.9908e-14 3.26102e-15 5.35101e-16 8.79353e-17 1.44692e-17 2.38345e-18 3.92993e-19 6.48531e-20 1.07103e-20 1.76994e-21 2.92663e-22 4.8407e-23 7.95905e-24 1.31633e-24 2.1773e-25 3.59928e-26 5.96853e-27
0.00128899 0.000112472 1.40004e-05 1.92016e-06 2.78964e-07 4.19592e-08 6.45377e-09 1.00815e-09 1.5928e-10 2.53825e-11 4.07208e-12 6.56754e-13 1.06375e-13 1.72896e-14 2.81821e-15 4.60465e-16 7.53866e-17 1.23633e-17 2.03053e-18 3.33917e-19 5.49726e-20 9.05889e-21 1.49408e-21 2.46605e-22 4.07262e-23 6.70883e-24 1.10851e-24 1.83211e-25 3.0284e-26 5.00287e-27 8.2896e-28
0.000297059 1.8952e-05 2.29195e-06 3.06095e-07 4.3562e-08 6.45377e-09 9.81679e-10 1.52065e-10 2.38673e-11 3.78317e-12 6.04227e-13 9.70801e-14 1.56721e-14 2.53982e-15 4.12916e-16 6.73086e-17 1.09964e-17 1.79992e-18 2.95097e-19 4.84497e-20 7.96437e-21 1.31063e-21 2.15886e-22 3.55886e-23 5.86241e-24 9.67432e-25 1.59722e-25 2.63782e-26 4.35701e-27 7.19264e-28 1.19085e-28
6.3531e-05 3.14626e-06 3.73719e-07 4.90427e-08 6.88013e-09 1.00815e-09 1.52065e-10 2.34009e-11 3.65338e-12 5.76529e-13 9.17317e-14 1.46898e-14 2.36454e-15 3.82202e-16 6.19916e-17 1.00837e-17 1.6442e-18 2.6865e-19 4.39734e-20 7.20875e-21 1.18335e-21 1.94481e-22 3.1995e-23 5.26483e-24 8.6748e-25 1.43027e-25 2.3594e-26 3.89352e-27 6.42636e-28 1.06014e-28 1.75386e-29
1.29172e-05 5.18838e-07 6.09015e-08 7.89504e-09 1.09609e-09 1.5928e-10 2.38673e-11 3.65338e-12 5.67856e-13 8.92748e-14 1.41581e-14 2.26071e-15 3.62955e-16 5.85309e-17 9.47338e-18 1.53798e-18 2.50333e-19 4.08358e-20 6.67403e-21 1.09257e-21 1.79118e-22 2.94016e-23 4.82998e-24 7.94416e-25 1.30773e-25 2.15425e-26 3.55079e-27 5.8551e-28 9.65703e-29 1.59202e-29 2.63186e-30
2.53495e-06 8.53318e-08 9.93429e-09 1.27645e-09 1.75817e-10 2.53825e-11 3.78317e-12 5.76529e-13 8.92748e-14 1.39895e-14 2.21221e-15 3.52329e-16 5.64351e-17 9.0817e-18 1.46707e-18 2.37756e-19 3.8636e-20 6.29308e-21 1.02708e-21 1.67921e-22 2.74957e-23 4.50756e-24 7.39908e-25 1.21581e-25 1.9996e-26 3.29123e-27 5.42057e-28 8.93171e-29 1.47212e-29 2.42532e-30 4.00667e-31
4.849e-07 1.40244e-08 1.62309e-09 2.07153e-10 2.83563e-11 4.07208e-12 6.04227e-13 9.17317e-14 1.41581e-14 2.21221e-15 3.48928e-16 5.54439e-17 8.86223e-18 1.42341e-18 2.29536e-19 3.71388e-20 6.02614e-21 9.80184e-22 1.59768e-22 2.60895e-23 4.26684e-24 6.98848e-25 1.14604e-25 1.88144e-26 3.09172e-27 5.08472e-28 8.36814e-29 1.37789e-29 2.26954e-30 3.73679e-31 6.16922e-32
9.10024e-08 2.30548e-09 2.65652e-10 3.37275e-11 4.59366e-12 6.56754e-13 9.70801e-14 1.46898e-14 2.26071e-15 3.52329e-16 5.54439e-17 8.79148e-18 1.40256e-18 2.24878e-19 3.62049e-20 5.84921e-21 9.47783e-22 1.53964e-22 2.50659e-23 4.08844e-24 6.67991e-25 1.09301e-25 1.79079e-26 2.9374e-27 4.82306e-28 7.92613e-29 1.30351e-29 2.14492e-30 3.53072e-31 5.80998e-32 9.58605e-33
1.68313e-08 3.79245e-10 4.35534e-11 5.50642e-12 7.46851e-13 1.06375e-13 1.56721e-14 2.36454e-15 3.62955e-16 5.64351e-17 8.86223e-18 1.40256e-18 2.23367e-19 3.57557e-20 5.74806e-21 9.27371e-22 1.50076e-22 2.43502e-23 3.9598e-24 6.45223e-25 1.05318e-25 1.7217e-26 2.81842e-27 4.61928e-28 7.57883e-29 1.2446e-29 2.04546e-30 3.36367e-31 5.53361e-32 9.10087e-33 1.50071e-33
3.07759e-09 6.24355e-11 7.15169e-12 9.01079e-13 1.21786e-13 1.72896e-14 2.53982e-15 3.82202e-16 5.85309e-17 9.0817e-18 1.42341e-18 2.24878e-19 3.57557e-20 5.71514e-21 9.17498e-22 1.47837e-22 2.38959e-23 3.87284e-24 6.29153e-25 1.02417e-25 1.67019e-26 2.72804e-27 4.46218e-28 7.30777e-29 1.19812e-29 1.96623e-30 3.22937e-31 5.30738e-32 8.72633e-33 1.43444e-33 2.36404e-34
5.57597e-10 1.02875e-11 1.17598e-12 1.47743e-13 1.9908e-14 2.81821e-15 4.12916e-16 6.19916e-17 9.47338e-18 1.46707e-18 2.29536e-19 3.62049e-20 5.74806e-21 9.17498e-22 1.47106e-22 2.36751e-23 3.8225e-24 6.18883e-25 1.00442e-25 1.63356e-26 2.66169e-27 4.34402e-28 7.09997e-29 1.16194e-29 1.90372e-30 3.12218e-31 5.12482e-32 8.4177e-33 1.38329e-33 2.27274e-34 3.74367e-35
1.0027e-10 1.69646e-12 1.93607e-13 2.42649e-14 3.26102e-15 4.60465e-16 6.73086e-17 1.00837e-17 1.53798e-18 2.37756e-19 3.71388e-20 5.84921e-21 9.27371e-22 1.47837e-22 2.36751e-23 3.80601e-24 6.13875e-25 9.92935e-26 1.61002e-26 2.61626e-27 4.25945e-28 6.94636e-29 1.13451e-29 1.85541e-30 3.03796e-31 4.97934e-32 8.16853e-33 1.34098e-33 2.20253e-34 3.61705e-35 5.95508e-36
1.79192e-11 2.7997e-13 3.19089e-14 3.99085e-15 5.35101e-16 7.53866e-17 1.09964e-17 1.6442e-18 2.50333e-19 3.8636e-20 6.02614e-21 9.47783e-22 1.50076e-22 2.38959e-23 3.8225e-24 6.13875e-25 9.89166e-26 1.59851e-26 2.58974e-27 4.20489e-28 6.84066e-29 1.11478e-29 1.81948e-30 2.9737e-31 4.86602e-32 7.97101e-33 1.30692e-33 2.14439e-34 3.5204e-35 5.77871e-36 9.50954e-37
3.1855e-12 4.62365e-14 5.26397e-15 6.57182e-16 8.79353e-17 1.23633e-17 1.79992e-18 2.6865e-19 4.08358e-20 6.29308e-21 9.80184e-22 1.53964e-22 2.43502e-23 3.87284e-24 6.18883e-25 9.92935e-26 1.59851e-26 2.58102e-27 4.17814e-28 6.77878e-29 1.102e-29 1.79465e-30 2.92724e-31 4.78127e-32 7.8193e-33 1.28017e-33 2.09786e-34 3.44048e-35 5.64555e-36 9.2632e-37 1.52368e-37
5.63747e-13 7.64078e-15 8.69114e-16 1.08334e-16 1.44692e-17 2.03053e-18 2.95097e-19 4.39734e-20 6.67403e-21 1.02708e-21 1.59768e-22 2.50659e-23 3.9598e-24 6.29153e-25 1.00442e-25 1.61002e-26 2.58974e-27 4.17814e-28 6.7584e-29 1.09572e-29 1.78007e-30 2.89705e-31 4.72246e-32 7.70906e-33 1.26005e-33 2.06187e-34 3.37718e-35 5.53595e-36 9.08004e-37 1.48924e-37 2.44857e-38
9.93806e-14 1.26341e-15 1.43602e-16 1.78749e-17 2.38345e-18 3.33917e-19 4.84497e-20 7.20875e-21 1.09257e-21 1.67921e-22 2.60895e-23 4.08844e-24 6.45223e-25 1.02417e-25 1.63356e-26 2.61626e-27 4.20489e-28 6.77878e-29 1.09572e-29 1.77527e-30 2.88218e-31 4.68785e-32 7.6372e-33 1.24603e-33 2.03557e-34 3.32922e-35 5.45043e-36 8.93047e-37 1.46415e-37 2.40046e-38 3.94515e-39
1.746e-14 2.09018e-16 2.37424e-17 2.95171e-18 3.92993e-19 5.49726e-20 7.96437e-21 1.18335e-21 1.79118e-22 2.74957e-23 4.26684e-24 6.67991e-25 1.05318e-25 1.67019e-26 2.66169e-27 4.25945e-28 6.84066e-29 1.102e-29 1.78007e-30 2.88218e-31 4.67642e-32 7.60176e-33 1.23776e-33 2.01837e-34 3.29566e-35 5.38756e-36 8.81623e-37 1.44391e-37 2.36634e-38 3.87814e-39 6.37121e-40
3.05835e-15 3.45963e-17 3.92774e-18 4.87768e-19 6.48531e-20 9.05889e-21 1.31063e-21 1.94481e-22 2.94016e-23 4.50756e-24 6.98848e-25 1.09301e-25 1.7217e-26 2.72804e-27 4.34402e-28 6.94636e-29 1.11478e-29 1.79465e-30 2.89705e-31 4.68785e-32 7.60176e-33 1.23502e-33 2.00987e-34 3.27579e-35 5.34625e-36 8.73579e-37 1.42891e-37 2.33929e-38 3.83224e-39 6.27833e-40 1.03105e-40
5.3429e-16 5.72882e-18 6.50107e-19 8.06538e-20 1.07103e-20 1.49408e-21 2.15886e-22 3.1995e-23 4.82998e-24 7.39908e-25 1.14604e-25 1.79079e-26 2.81842e-27 4.46218e-28 7.09997e-29 1.13451e-29 1.81948e-30 2.92724e-31 4.72246e-32 7.6372e-33 1.23776e-33 2.00987e-34 3.26921e-35 5.32579e-36 8.688e-37 1.419e-37 2.3201e-38 3.79678e-39 6.21757e-40 1.01827e-40 1.67163e-41
9.31181e-17 9.49015e-19 1.07654e-19 1.33438e-20 1.76994e-21 2.46605e-22 3.55886e-23 5.26483e-24 7.94416e-25 1.21581e-25 1.88144e-26 2.9374e-27 4.61928e-28 7.30777e-29 1.16194e-29 1.85541e-30 2.9737e-31 4.78127e-32 7.70906e-33 1.24603e-33 2.01837e-34 3.27579e-35 5.32579e-36 8.67215e-37 1.41408e-37 2.30864e-38 3.77317e-39 6.17236e-40 1.01042e-40 1.65426e-41 2.71474e-42
1.61943e-17 1.57267e-19 1.78342e-20 2.20878e-21 2.92663e-22 4.07262e-23 5.86241e-24 8.6748e-25 1.30773e-25 1.9996e-26 3.09172e-27 4.82306e-28 7.57883e-29 1.19812e-29 1.90372e-30 3.03796e-31 4.86602e-32 7.8193e-33 1.26005e-33 2.03557e-34 3.29566e-35 5.34625e-36 8.688e-37 1.41408e-37 2.30482e-38 3.76138e-39 6.14516e-40 1.0049e-40 1.64446e-41 2.69145e-42 4.41537e-43
2.81095e-18 2.60703e-20 2.95559e-21 3.65774e-22 4.8407e-23 6.70883e-24 9.67432e-25 1.43027e-25 2.15425e-26 3.29123e-27 5.08472e-28 7.92613e-29 1.2446e-29 1.96623e-30 3.12218e-31 4.97934e-32 7.97101e-33 1.28017e-33 2.06187e-34 3.32922e-35 5.38756e-36 8.73579e-37 1.419e-37 2.30864e-38 3.76138e-39 6.13609e-40 1.00212e-40 1.63816e-41 2.67988e-42 4.38478e-43 7.191e-44
4.87056e-19 4.323e-21 4.89971e-22 6.05701e-23 7.95905e-24 1.10851e-24 1.59722e-25 2.3594e-26 3.55079e-27 5.42057e-28 8.36814e-29 1.30351e-29 2.04546e-30 3.22937e-31 5.12482e-32 8.16853e-33 1.30692e-33 2.09786e-34 3.37718e-35 5.45043e-36 8.81623e-37 1.42891e-37 2.3201e-38 3.77317e-39 6.14516e-40 1.00212e-40 1.63605e-41 2.67355e-42 4.37232e-43 7.15184e-44 1.17254e-44
8.42572e-20 7.1701e-22 8.11868e-23 9.90722e-24 1.31633e-24 1.83211e-25 2.63782e-26 3.89352e-27 5.8551e-28 8.93171e-29 1.37789e-29 2.14492e-30 3.36367e-31 5.30738e-32 8.4177e-33 1.34098e-33 2.14439e-34 3.44048e-35 5.53595e-36 8.93047e-37 1.44391e-37 2.33929e-38 3.79678e-39 6.17236e-40 1.0049e-40 1.63816e-41 2.67355e-42 4.36762e-43 7.14064e-44 1.16768e-44 1.91383e-45
1.45536e-20 1.18793e-22 1.31414e-23 1.63954e-24 2.1773e-25 3.0284e-26 4.35701e-27 6.42636e-28 9.65703e-29 1.47212e-29 2.26954e-30 3.53072e-31 5.53361e-32 8.72633e-33 1.38329e-33 2.20253e-34 3.5204e-35 5.64555e-36 9.08004e-37 1.46415e-37 2.36634e-38 3.83224e-39 6.21757e-40 1.01042e-40 1.64446e-41 2.67988e-42 4.37232e-43 7.14064e-44 1.16709e-44 1.90799e-45 3.12634e-46
2.50575e-21 1.88837e-23 2.17422e-24 2.7118e-25 3.59928e-26 5.00287e-27 7.19264e-28 1.06014e-28 1.59202e-29 2.42532e-30 3.73679e-31 5.80998e-32 9.10087e-33 1.43444e-33 2.27274e-34 3.61705e-35 5.77871e-36 9.2632e-37 1.48924e-37 2.40046e-38 3.87814e-39 6.27833e-40 1.01827e-40 1.65426e-41 2.69145e-42 4.38478e-43 7.15184e-44 1.16768e-44 1.90799e-45 3.11847e-46 5.10845e-47
4.31715e-22 3.13502e-24 3.60947e-25 4.49992e-26 5.96853e-27 8.2896e-28 1.19085e-28 1.75386e-29 2.63186e-30 4.00667e-31 6.16922e-32 9.58605e-33 1.50071e-33 2.36404e-34 3.74367e-35 5.95508e-36 9.50954e-37 1.52368e-37 2.44857e-38 3.94515e-39 6.37121e-40 1.03105e-40 1.67163e-41 2.71474e-42 4.41537e-43 7.191e-44 1.17254e-44 1.91383e-45 3.12634e-46 5.10845e-47 8.36603e-48
