0.374359 0.0431738 0.0256209 0.0165141 0.0111362 0.00768926 0.00537303 0.0037763 0.00266092 0.00187666 0.00132356 0.000933068 0.000657331 0.000462705 0.000325423 0.00022867 0.000160542 0.000112613 7.8927e-05 5.52717e-05 3.86752e-05 2.70406e-05 1.88909e-05 1.3186e-05 9.19459e-06 6.40267e-06 4.44913e-06 3.08026e-06 2.11762e-06 1.43525e-06 9.98231e-07
0.0431738 0.00829725 0.00465582 0.00273519 0.00164829 0.00101074 0.000628432 0.00039532 0.000251171 0.000160942 0.000103867 6.74375e-05 4.40084e-05 2.8843e-05 1.89729e-05 1.25196e-05 8.28358e-06 5.49365e-06 3.65079e-06 2.43043e-06 1.62049e-06 1.08189e-06 7.23067e-07 4.83613e-07 3.23537e-07 2.16312e-07 1.443e-07 9.57498e-08 6.28175e-08 4.02656e-08 2.71268e-08
0.0256209 0.00465582 0.0024161 0.00134537 0.000783055 0.000469547 0.000287724 0.000179265 0.000113167 7.21986e-05 4.64568e-05 3.01026e-05 1.96181e-05 1.28465e-05 8.44602e-06 5.57172e-06 3.68619e-06 2.44479e-06 1.62492e-06 1.08198e-06 7.21603e-07 4.81896e-07 3.22153e-07 2.15507e-07 1.44177e-07 9.63644e-08 6.42269e-08 4.25402e-08 2.78255e-08 1.84965e-08 1.24668e-08
0.0165141 0.00273519 0.00134537 0.000719443 0.000407225 0.000239699 0.000145088 8.96563e-05 5.6283e-05 3.57682e-05 2.29521e-05 1.48428e-05 9.65911e-06 6.31828e-06 4.15068e-06 2.7365e-06 1.80963e-06 1.1998e-06 7.97244e-07 5.30764e-07 3.53931e-07 2.36332e-07 1.57971e-07 1.05659e-07 7.06682e-08 4.72124e-08 3.14467e-08 2.08153e-08 1.39024e-08 9.24191e-09 6.22946e-09
0.0111362 0.00164829 0.000783055 0.000407225 0.000225947 0.000131206 7.87006e-05 4.83348e-05 3.02136e-05 1.91422e-05 1.22554e-05 7.91154e-06 5.14141e-06 3.35934e-06 2.20479e-06 1.45244e-06 9.59834e-07 6.35996e-07 4.22384e-07 2.81068e-07 1.87344e-07 1.25045e-07 8.3551e-08 5.58607e-08 3.73462e-08 2.49411e-08 1.66112e-08 1.11164e-08 7.42469e-09 4.93539e-09 3.32587e-09
0.00768926 0.00101074 0.000469547 0.000239699 0.000131206 7.54853e-05 4.49935e-05 2.75135e-05 1.7145e-05 1.0837e-05 6.92543e-06 4.46397e-06 2.89722e-06 1.89088e-06 1.23977e-06 8.15984e-07 5.38791e-07 3.56738e-07 2.36754e-07 1.5744e-07 1.04876e-07 6.99604e-08 4.67195e-08 3.12198e-08 2.08634e-08 1.39312e-08 9.32732e-09 6.24102e-09 4.16769e-09 2.76994e-09 1.86584e-09
0.00537303 0.000628432 0.000287724 0.000145088 7.87006e-05 4.49935e-05 2.67026e-05 1.62783e-05 1.01203e-05 6.38507e-06 4.07405e-06 2.62247e-06 1.69997e-06 1.10825e-06 7.25887e-07 4.77299e-07 3.14876e-07 2.08306e-07 1.38135e-07 9.17905e-08 6.11013e-08 4.07319e-08 2.71839e-08 1.81555e-08 1.21287e-08 8.11683e-09 5.43272e-09 3.63402e-09 2.4261e-09 1.61211e-09 1.08538e-09
0.0037763 0.00039532 0.000179265 8.96563e-05 4.83348e-05 2.75135e-05 1.62783e-05 9.90069e-06 6.14402e-06 3.87032e-06 2.46607e-06 1.5854e-06 1.0265e-06 6.68464e-07 4.37377e-07 2.8731e-07 1.89364e-07 1.25163e-07 8.29309e-08 5.50639e-08 3.66265e-08 2.43992e-08 1.62733e-08 1.08631e-08 7.2622e-09 4.85789e-09 3.25013e-09 2.17323e-09 1.45039e-09 9.63539e-10 6.48372e-10
0.00266092 0.000251171 0.000113167 5.6283e-05 3.02136e-05 1.7145e-05 1.01203e-05 6.14402e-06 3.80683e-06 2.3947e-06 1.52388e-06 9.78497e-07 6.32821e-07 4.1165e-07 2.69065e-07 1.76574e-07 1.1627e-07 7.67827e-08 5.08321e-08 3.37243e-08 2.24153e-08 1.49219e-08 9.94627e-09 6.63935e-09 4.43615e-09 2.96599e-09 1.98346e-09 1.32571e-09 8.8445e-10 5.87426e-10 3.95074e-10
0.00187666 0.000160942 7.21986e-05 3.57682e-05 1.91422e-05 1.0837e-05 6.38507e-06 3.87032e-06 2.3947e-06 1.50445e-06 9.56193e-07 6.13264e-07 3.96173e-07 2.57436e-07 1.68097e-07 1.10207e-07 7.25024e-08 4.78377e-08 3.16436e-08 2.09774e-08 1.39327e-08 9.26878e-09 6.17579e-09 4.12003e-09 2.75131e-09 1.83856e-09 1.22892e-09 8.21042e-10 5.47564e-10 3.63588e-10 2.44404e-10
0.00132356 0.000103867 4.64568e-05 2.29521e-05 1.22554e-05 6.92543e-06 4.07405e-06 2.46607e-06 1.52388e-06 9.56193e-07 6.07021e-07 3.8888e-07 2.50949e-07 1.62901e-07 1.06264e-07 6.96032e-08 4.57494e-08 3.01603e-08 1.99345e-08 1.32051e-08 8.76433e-09 5.82729e-09 3.88028e-09 2.5871e-09 1.72668e-09 1.15325e-09 7.70485e-10 5.14542e-10 3.43033e-10 2.27723e-10 1.52999e-10
0.000933068 6.74375e-05 3.01026e-05 1.48428e-05 7.91154e-06 4.46397e-06 2.62247e-06 1.5854e-06 9.78497e-07 6.13264e-07 3.8888e-07 2.48861e-07 1.60426e-07 1.04035e-07 6.78004e-08 4.43696e-08 2.91386e-08 1.91941e-08 1.26766e-08 8.39118e-09 5.56579e-09 3.69822e-09 2.46106e-09 1.63991e-09 1.09391e-09 7.30254e-10 4.87653e-10 3.25527e-10 2.16945e-10 1.43986e-10 9.6693e-11
0.000657331 4.40084e-05 1.96181e-05 9.65911e-06 5.14141e-06 2.89722e-06 1.69997e-06 1.0265e-06 6.32821e-07 3.96173e-07 2.50949e-07 1.60426e-07 1.03314e-07 6.69348e-08 4.35822e-08 2.84963e-08 1.86989e-08 1.23077e-08 8.12253e-09 5.37307e-09 3.56155e-09 2.365e-09 1.57291e-09 1.04751e-09 6.98373e-10 4.65979e-10 3.11033e-10 2.07542e-10 1.38269e-10 9.17481e-11 6.15846e-11
0.000462705 2.8843e-05 1.28465e-05 6.31828e-06 3.35934e-06 1.89088e-06 1.10825e-06 6.68464e-07 4.1165e-07 2.57436e-07 1.62901e-07 1.04035e-07 6.69348e-08 4.33262e-08 2.81859e-08 1.84142e-08 1.20737e-08 7.9411e-09 5.23717e-09 3.46208e-09 2.29339e-09 1.52198e-09 1.01165e-09 6.73364e-10 4.48704e-10 2.99248e-10 1.99656e-10 1.33172e-10 8.86928e-11 5.88393e-11 3.94777e-11
0.000325423 1.89729e-05 8.44602e-06 4.15068e-06 2.20479e-06 1.23977e-06 7.25887e-07 4.37377e-07 2.69065e-07 1.68097e-07 1.06264e-07 6.78004e-08 4.35822e-08 2.81859e-08 1.83213e-08 1.19601e-08 7.83614e-09 5.15037e-09 3.39439e-09 2.24246e-09 1.48457e-09 9.84651e-10 6.54135e-10 4.35171e-10 2.89839e-10 1.9321e-10 1.28854e-10 8.59139e-11 5.7201e-11 3.79395e-11 2.54445e-11
0.00022867 1.25196e-05 5.57172e-06 2.7365e-06 1.45244e-06 8.15984e-07 4.77299e-07 2.8731e-07 1.76574e-07 1.10207e-07 6.96032e-08 4.43696e-08 2.84963e-08 1.84142e-08 1.19601e-08 7.80178e-09 5.10805e-09 3.35505e-09 2.20976e-09 1.45896e-09 9.65312e-10 6.39894e-10 4.24879e-10 2.82515e-10 1.88077e-10 1.25319e-10 8.35425e-11 5.56821e-11 3.70616e-11 2.45768e-11 1.64761e-11
0.000160542 8.28358e-06 3.68619e-06 1.80963e-06 9.59834e-07 5.38791e-07 3.14876e-07 1.89364e-07 1.1627e-07 7.25024e-08 4.57494e-08 2.91386e-08 1.86989e-08 1.20737e-08 7.83614e-09 5.10805e-09 3.34214e-09 2.19376e-09 1.44401e-09 9.5283e-10 6.30085e-10 4.17456e-10 2.77044e-10 1.84128e-10 1.22523e-10 8.16047e-11 5.43796e-11 3.6232e-11 2.41088e-11 1.59843e-11 1.07116e-11
0.000112613 5.49365e-06 2.44479e-06 1.1998e-06 6.35996e-07 3.56738e-07 2.08306e-07 1.25163e-07 7.67827e-08 4.78377e-08 3.01603e-08 1.91941e-08 1.23077e-08 7.9411e-09 5.15037e-09 3.35505e-09 2.19376e-09 1.43909e-09 9.46709e-10 6.2434e-10 4.12643e-10 2.73254e-10 1.81258e-10 1.20412e-10 8.009e-11 5.33212e-11 3.55188e-11 2.36575e-11 1.57373e-11 1.0432e-11 6.98823e-12
7.8927e-05 3.65079e-06 1.62492e-06 7.97244e-07 4.22384e-07 2.36754e-07 1.38135e-07 8.29309e-08 5.08321e-08 3.16436e-08 1.99345e-08 1.26766e-08 8.12253e-09 5.23717e-09 3.39439e-09 2.20976e-09 1.44401e-09 9.46709e-10 6.22447e-10 4.10277e-10 2.71026e-10 1.79388e-10 1.18939e-10 7.8978e-11 5.25092e-11 3.49452e-11 2.32696e-11 1.54938e-11 1.03039e-11 6.82908e-12 4.57308e-12
5.52717e-05 2.43043e-06 1.08198e-06 5.30764e-07 2.81068e-07 1.5744e-07 9.17905e-08 5.50639e-08 3.37243e-08 2.09774e-08 1.32051e-08 8.39118e-09 5.37307e-09 3.46208e-09 2.24246e-09 1.45896e-09 9.5283e-10 6.2434e-10 4.10277e-10 2.70291e-10 1.78466e-10 1.1807e-10 7.82488e-11 5.1937e-11 3.4517e-11 2.29627e-11 1.52853e-11 1.01744e-11 6.76456e-12 4.48254e-12 3.0007e-12
3.86752e-05 1.62049e-06 7.21603e-07 3.53931e-07 1.87344e-07 1.04876e-07 6.11013e-08 3.66265e-08 2.24153e-08 1.39327e-08 8.76433e-09 5.56579e-09 3.56155e-09 2.29339e-09 1.48457e-09 9.65312e-10 6.30085e-10 4.12643e-10 2.71026e-10 1.78466e-10 1.17782e-10 7.78881e-11 5.15973e-11 3.42335e-11 2.27427e-11 1.51243e-11 1.00642e-11 6.69707e-12 4.45151e-12 2.94931e-12 1.97368e-12
2.70406e-05 1.08189e-06 4.81896e-07 2.36332e-07 1.25045e-07 6.99604e-08 4.07319e-08 2.43992e-08 1.49219e-08 9.26878e-09 5.82729e-09 3.69822e-09 2.365e-09 1.52198e-09 9.84651e-10 6.39894e-10 4.17456e-10 2.73254e-10 1.79388e-10 1.1807e-10 7.78881e-11 5.14847e-11 3.40925e-11 2.26108e-11 1.50157e-11 9.98229e-12 6.64043e-12 4.41748e-12 2.93558e-12 1.94463e-12 1.30094e-12
1.88909e-05 7.23067e-07 3.22153e-07 1.57971e-07 8.3551e-08 4.67195e-08 2.71839e-08 1.62733e-08 9.94627e-09 6.17579e-09 3.88028e-09 2.46106e-09 1.57291e-09 1.01165e-09 6.54135e-10 4.24879e-10 2.77044e-10 1.81258e-10 1.18939e-10 7.82488e-11 5.15973e-11 3.40925e-11 2.25669e-11 1.49612e-11 9.93222e-12 6.60063e-12 4.38952e-12 2.91928e-12 1.93952e-12 1.28461e-12 8.59131e-13
1.3186e-05 4.83613e-07 2.15507e-07 1.05659e-07 5.58607e-08 3.12198e-08 1.81555e-08 1.08631e-08 6.63935e-09 4.12003e-09 2.5871e-09 1.63991e-09 1.04751e-09 6.73364e-10 4.35171e-10 2.82515e-10 1.84128e-10 1.20412e-10 7.8978e-11 5.1937e-11 3.42335e-11 2.26108e-11 1.49612e-11 9.91541e-12 6.58026e-12 4.37164e-12 2.90635e-12 1.93237e-12 1.28355e-12 8.50014e-13 5.68313e-13
9.19459e-06 3.23537e-07 1.44177e-07 7.06682e-08 3.73462e-08 2.08634e-08 1.21287e-08 7.2622e-09 4.43615e-09 2.75131e-09 1.72668e-09 1.09391e-09 6.98373e-10 4.48704e-10 2.89839e-10 1.88077e-10 1.22523e-10 8.009e-11 5.25092e-11 3.4517e-11 2.27427e-11 1.50157e-11 9.93222e-12 6.58026e-12 4.36553e-12 2.89939e-12 1.92702e-12 1.28091e-12 8.50645e-13 5.6325e-13 3.7648e-13
6.40267e-06 2.16312e-07 9.63644e-08 4.72124e-08 2.49411e-08 1.39312e-08 8.11683e-09 4.85789e-09 2.96599e-09 1.83856e-09 1.15325e-09 7.30254e-10 4.65979e-10 2.99248e-10 1.9321e-10 1.25319e-10 8.16047e-11 5.33212e-11 3.49452e-11 2.29627e-11 1.51243e-11 9.98229e-12 6.60063e-12 4.37164e-12 2.89939e-12 1.92509e-12 1.27913e-12 8.50046e-13 5.64397e-13 3.73663e-13 2.49693e-13
4.44913e-06 1.443e-07 6.42269e-08 3.14467e-08 1.66112e-08 9.32732e-09 5.43272e-09 3.25013e-09 1.98346e-09 1.22892e-09 7.70485e-10 4.87653e-10 3.11033e-10 1.99656e-10 1.28854e-10 8.35425e-11 5.43796e-11 3.55188e-11 2.32696e-11 1.52853e-11 1.00642e-11 6.64043e-12 4.38952e-12 2.90635e-12 1.92702e-12 1.27913e-12 8.49711e-13 5.64548e-13 3.74767e-13 2.48086e-13 1.65738e-13
3.08026e-06 9.57498e-08 4.25402e-08 2.08153e-08 1.11164e-08 6.24102e-09 3.63402e-09 2.17323e-09 1.32571e-09 8.21042e-10 5.14542e-10 3.25527e-10 2.07542e-10 1.33172e-10 8.59139e-11 5.56821e-11 3.6232e-11 2.36575e-11 1.54938e-11 1.01744e-11 6.69707e-12 4.41748e-12 2.91928e-12 1.93237e-12 1.28091e-12 8.50046e-13 5.64548e-13 3.7501e-13 2.48902e-13 1.64749e-13 1.10039e-13
2.11762e-06 6.28175e-08 2.78255e-08 1.39024e-08 7.42469e-09 4.16769e-09 2.4261e-09 1.45039e-09 8.8445e-10 5.47564e-10 3.43033e-10 2.16945e-10 1.38269e-10 8.86928e-11 5.7201e-11 3.70616e-11 2.41088e-11 1.57373e-11 1.03039e-11 6.76456e-12 4.45151e-12 2.93558e-12 1.93952e-12 1.28355e-12 8.50645e-13 5.64397e-13 3.74767e-13 2.48902e-13 1.65179e-13 1.09322e-13 7.30044e-14
1.43525e-06 4.02656e-08 1.84965e-08 9.24191e-09 4.93539e-09 2.76994e-09 1.61211e-09 9.63539e-10 5.87426e-10 3.63588e-10 2.27723e-10 1.43986e-10 9.17481e-11 5.88393e-11 3.79395e-11 2.45768e-11 1.59843e-11 1.0432e-11 6.82908e-12 4.48254e-12 2.94931e-12 1.94463e-12 1.28461e-12 8.50014e-13 5.6325e-13 3.73663e-13 2.48086e-13 1.64749e-13 1.09322e-13 7.23489e-14 4.83082e-14
9.98231e-07 2.71268e-08 1.24668e-08 6.22946e-09 3.32587e-09 1.86584e-09 1.08538e-09 6.48372e-10 3.95074e-10 2.44404e-10 1.52999e-10 9.6693e-11 6.15846e-11 3.94777e-11 2.54445e-11 1.64761e-11 1.07116e-11 6.98823e-12 4.57308e-12 3.0007e-12 1.97368e-12 1.30094e-12 8.59131e-13 5.68313e-13 3.7648e-13 2.49693e-13 1.65738e-13 1.10039e-13 7.30044e-14 4.83082e-14 3.22482e-14
