0.87451 0.0558006 0.00356051 0.000227188 1.44964e-05 9.24983e-07 5.90211e-08 3.76601e-09 2.40301e-10 1.53331e-11 9.78369e-13 6.24276e-14 3.98337e-15 2.5417e-16 1.6218e-17 1.03484e-18 6.60306e-20 4.21327e-21 2.68839e-22 1.71541e-23 1.09456e-24 6.98416e-26 4.45644e-27 2.84356e-28 1.81441e-29 1.15774e-30 7.38726e-32 4.71365e-33 3.00767e-34 1.91913e-35 1.22456e-36 7.81362e-38 4.9857e-39 3.18126e-40 2.0299e-41 1.29523e-42 8.26459e-44 5.27345e-45 3.36487e-46 2.14705e-47 1.36999e-48 8.74158e-50 5.57781e-51 3.55908e-52 2.27097e-53 1.44906e-54 9.24611e-56 5.89974e-57 3.76449e-58 2.40204e-59 1.53269e-60 9.77975e-62 6.24025e-63 3.98176e-64 2.54068e-65 1.62115e-66 1.03442e-67 6.60041e-69 4.21157e-70 2.68731e-71 1.71472e-72 1.09412e-73 6.98135e-75 4.45465e-76 2.84241e-77 1.81368e-78 1.15727e-79 7.38429e-81 4.71175e-82 3.00646e-83 1.91836e-84 1.22406e-85 7.81047e-87 4.98369e-88 3.17998e-89 2.02908e-90 1.29471e-91 8.26126e-93 5.27133e-94 3.36352e-95 2.14619e-96 1.36944e-97 8.73806e-99 5.57557e-100 3.55765e-101 2.27006e-102 1.44847e-103 9.24239e-105 5.89736e-106 3.76298e-107 2.40107e-108 1.53207e-109 9.77582e-111 6.23773e-112 3.98016e-113 2.53965e-114 1.6205e-115 1.034e-116 6.59775e-118 4.20988e-119 2.68623e-120
0.0558006 0.00526191 0.000444313 3.52778e-05 2.693e-06 2.00038e-07 1.45636e-08 1.0441e-09 7.39485e-11 5.186e-12 3.60739e-13 2.49214e-14 1.71164e-15 1.16965e-16 7.95781e-18 5.39323e-19 3.64263e-20 2.45275e-21 1.64702e-22 1.10323e-23 7.3732e-25 4.91763e-26 3.27371e-27 2.17558e-28 1.44352e-29 9.56375e-31 6.32766e-32 4.18127e-33 2.75968e-34 1.81941e-35 1.19826e-36 7.88408e-38 5.18268e-39 3.40395e-40 2.23388e-41 1.46488e-42 9.59908e-44 6.28575e-45 4.1134e-46 2.69013e-47 1.75829e-48 1.14858e-49 7.49889e-51 4.8934e-52 3.19161e-53 2.08068e-54 1.35583e-55 8.83113e-57 5.74973e-58 3.74202e-59 2.43443e-60 1.58318e-61 1.02922e-62 6.68861e-64 4.34532e-65 2.82209e-66 1.83225e-67 1.18924e-68 7.71672e-70 5.00581e-71 3.24638e-72 2.1048e-73 1.36432e-74 8.84122e-76 5.72806e-77 3.71025e-78 2.40271e-79 1.55563e-80 1.00698e-81 6.517e-83 4.21685e-84 2.728e-85 1.76449e-86 1.14108e-87 7.37793e-89 4.76956e-90 3.08283e-91 1.99228e-92 1.2873e-93 8.31653e-95 5.37203e-96 3.46953e-97 2.24048e-98 1.4466e-99 9.3389e-101 6.02816e-102 3.8906e-103 2.51069e-104 1.62e-105 1.04516e-106 6.74213e-108 4.34872e-109 2.80463e-110 1.80859e-111 1.16616e-112 7.51844e-114 4.84676e-115 3.12414e-116 2.01356e-117 1.29765e-118 8.36189e-120
0.00356051 0.000444313 4.5515e-05 4.21065e-06 3.6551e-07 3.03613e-08 2.4413e-09 1.91435e-10 1.47139e-11 1.11256e-12 8.29831e-14 6.11826e-15 4.46628e-16 3.23229e-17 2.32157e-18 1.6563e-19 1.17462e-20 8.28566e-22 5.81639e-23 4.06512e-24 2.8298e-25 1.96267e-26 1.35668e-27 9.34891e-29 6.4239e-30 4.40232e-31 3.00946e-32 2.05255e-33 1.39689e-34 9.48747e-36 6.43154e-37 4.35215e-38 2.9401e-39 1.98303e-40 1.33551e-41 8.98137e-43 6.0319e-44 4.04583e-45 2.7104e-46 1.81365e-47 1.21225e-48 8.09421e-50 5.39905e-51 3.59783e-52 2.39532e-53 1.59331e-54 1.05894e-55 7.03211e-57 4.66617e-58 3.09392e-59 2.04995e-60 1.35729e-61 8.98073e-63 5.93839e-64 3.92423e-65 2.59166e-66 1.7106e-67 1.12843e-68 7.43981e-70 4.90254e-71 3.22893e-72 2.1256e-73 1.3986e-74 9.19828e-76 6.04676e-77 3.97328e-78 2.6097e-79 1.71337e-80 1.12445e-81 7.37661e-83 4.83738e-84 3.17105e-85 2.07797e-86 1.3612e-87 8.91374e-89 5.83515e-90 3.81859e-91 2.49814e-92 1.6338e-93 1.06819e-94 6.98186e-96 4.56215e-97 2.98021e-98 1.94628e-99 1.27071e-100 8.29426e-102 5.41248e-103 3.53108e-104 2.3031e-105 1.50181e-106 9.7907e-108 6.38138e-109 4.15833e-110 2.70912e-111 1.76459e-112 1.14913e-113 7.48176e-115 4.87025e-116 3.16967e-117 2.06249e-118 1.3418e-119
0.000227188 3.52778e-05 4.21065e-06 4.40584e-07 4.24837e-08 3.87104e-09 3.38232e-10 2.86069e-11 2.35724e-12 1.9012e-13 1.50609e-14 1.17498e-15 9.04647e-17 6.88532e-18 5.18756e-19 3.87338e-20 2.8689e-21 2.10956e-22 1.54105e-23 1.11905e-24 8.08183e-26 5.80759e-27 4.15412e-28 2.95877e-29 2.09907e-30 1.48371e-31 1.04516e-32 7.33885e-34 5.13773e-35 3.58668e-36 2.49727e-37 1.73443e-38 1.20178e-39 8.30859e-41 5.73211e-42 3.9467e-43 2.71225e-44 1.86055e-45 1.27411e-46 8.71087e-48 5.94617e-49 4.05288e-50 2.75848e-51 1.87492e-52 1.2727e-53 8.62824e-55 5.84245e-56 3.95153e-57 2.66962e-58 1.80165e-59 1.21462e-60 8.18049e-62 5.50428e-63 3.70016e-64 2.48514e-65 1.66766e-66 1.11815e-67 7.49103e-69 5.01469e-70 3.35442e-71 2.24219e-72 1.49768e-73 9.99689e-75 6.66839e-76 4.44524e-77 2.96139e-78 1.97165e-79 1.31191e-80 8.72426e-82 5.7984e-83 3.85168e-84 2.55717e-85 1.69685e-86 1.1254e-87 7.46034e-89 4.94311e-90 3.2737e-91 2.1671e-92 1.43392e-93 9.48377e-95 6.2698e-96 4.14329e-97 2.73692e-98 1.8072e-99 1.19284e-100 7.87035e-102 5.19093e-103 3.42246e-104 2.25569e-105 1.48617e-106 9.78838e-108 6.44479e-109 4.24195e-110 2.79116e-111 1.83598e-112 1.20731e-113 7.93666e-115 5.21592e-116 3.42687e-117 2.25083e-118 1.47798e-119
1.44964e-05 2.693e-06 3.6551e-07 4.24837e-08 4.48495e-09 4.42862e-10 4.16104e-11 3.76137e-12 3.29599e-13 2.81509e-14 2.35308e-15 1.931e-16 1.55957e-17 1.24215e-18 9.7722e-20 7.60412e-21 5.85917e-22 4.47477e-23 3.3901e-24 2.54957e-25 1.90461e-26 1.41405e-27 1.04388e-28 7.66555e-30 5.60159e-31 4.07473e-32 2.95147e-33 2.12935e-34 1.5305e-35 1.09622e-36 7.82568e-38 5.5692e-39 3.95169e-40 2.79616e-41 1.97329e-42 1.38908e-43 9.75503e-45 6.83505e-46 4.77875e-47 3.33417e-48 2.32169e-49 1.61362e-50 1.11947e-51 7.75298e-53 5.3605e-54 3.7004e-55 2.55051e-56 1.75536e-57 1.20639e-58 8.27979e-60 5.67517e-61 3.88496e-62 2.65622e-63 1.81396e-64 1.23736e-65 8.43108e-67 5.73863e-68 3.90197e-69 2.65049e-70 1.79865e-71 1.21944e-72 8.25992e-74 5.58996e-75 3.7798e-76 2.55369e-77 1.72391e-78 1.16284e-79 7.83778e-81 5.27889e-82 3.55286e-83 2.3895e-84 1.60597e-85 1.07865e-86 7.23996e-88 4.85644e-89 3.2556e-90 2.18113e-91 1.46041e-92 9.77281e-94 6.53612e-95 4.369e-96 2.91885e-97 1.94901e-98 1.30075e-99 8.67673e-101 5.78503e-102 3.85521e-103 2.56795e-104 1.70972e-105 1.13781e-106 7.56877e-108 5.0326e-109 3.34485e-110 2.2222e-111 1.47575e-112 9.79646e-114 6.50067e-115 4.31202e-116 2.85918e-117 1.89515e-118 1.25571e-119
9.24983e-07 2.00038e-07 3.03613e-08 3.87104e-09 4.42862e-10 4.69815e-11 4.71138e-12 4.52168e-13 4.18866e-14 3.76825e-15 3.30742e-16 2.84228e-17 2.39822e-18 1.99129e-19 1.63007e-20 1.31757e-21 1.05292e-22 8.32809e-24 6.52583e-25 5.07011e-26 3.90841e-27 2.99124e-28 2.27411e-29 1.71826e-30 1.29085e-31 9.64578e-33 7.17179e-34 5.3074e-35 3.91044e-36 2.86927e-37 2.09711e-38 1.52711e-39 1.10817e-40 8.01508e-42 5.77892e-43 4.15425e-44 2.97788e-45 2.12887e-46 1.518e-47 1.07976e-48 7.66229e-50 5.42519e-51 3.83296e-52 2.70244e-53 1.90159e-54 1.33552e-55 9.36241e-57 6.5518e-58 4.57716e-59 3.19243e-60 2.22312e-61 1.54577e-62 1.07322e-63 7.44073e-65 5.15167e-66 3.56209e-67 2.45982e-68 1.69654e-69 1.16869e-70 8.04139e-72 5.52675e-73 3.79431e-74 2.60215e-75 1.78272e-76 1.2201e-77 8.34232e-79 5.69855e-80 3.88902e-81 2.65171e-82 1.80648e-83 1.22961e-84 8.36263e-86 5.68286e-87 3.85876e-88 2.61816e-89 1.77508e-90 1.2026e-91 8.1417e-93 5.50816e-94 3.72393e-95 2.51598e-96 1.69876e-97 1.14625e-98 7.72961e-100 5.20921e-101 3.50856e-102 2.36174e-103 1.58887e-104 1.06833e-105 7.1793e-107 4.82201e-108 3.23704e-109 2.17192e-110 1.45654e-111 9.76309e-113 6.54098e-114 4.38019e-115 2.93184e-116 1.96151e-117 1.31174e-118 8.76828e-120
5.90211e-08 1.45636e-08 2.4413e-09 3.38232e-10 4.16104e-11 4.71138e-12 5.01368e-13 5.08271e-14 4.9546e-15 4.67539e-16 4.29257e-17 3.84947e-18 3.38227e-19 2.91891e-20 2.47928e-21 2.07615e-22 1.71649e-23 1.40281e-24 1.13446e-25 9.08652e-27 7.21392e-28 5.68081e-29 4.43995e-30 3.44597e-31 2.65717e-32 2.03654e-33 1.55203e-34 1.1765e-35 8.87388e-37 6.66173e-38 4.97885e-39 3.70549e-40 2.74684e-41 2.02854e-42 1.49271e-43 1.09469e-44 8.00193e-46 5.83117e-47 4.23677e-48 3.06965e-49 2.21804e-50 1.59856e-51 1.14925e-52 8.24261e-54 5.89828e-55 4.21147e-56 3.00072e-57 2.13372e-58 1.51425e-59 1.07261e-60 7.58392e-62 5.35284e-63 3.77171e-64 2.65327e-65 1.86353e-66 1.30685e-67 9.15099e-69 6.39864e-70 4.46788e-71 3.11551e-72 2.16964e-73 1.50901e-74 1.04824e-75 7.27292e-77 5.04022e-78 3.48898e-79 2.4125e-80 1.66637e-81 1.1498e-82 7.92555e-84 5.45767e-85 3.75462e-86 2.58057e-87 1.77201e-88 1.21571e-89 8.33321e-91 5.70723e-92 3.9055e-93 2.67039e-94 1.82444e-95 1.24551e-96 8.49637e-98 5.79161e-99 3.94503e-100 2.6853e-101 1.82656e-102 1.2416e-103 8.43411e-105 5.72552e-106 3.88431e-107 2.63355e-108 1.78445e-109 1.20839e-110 8.1781e-112 5.53158e-113 3.73939e-114 2.52646e-115 1.70604e-116 1.15142e-117 7.76693e-119 5.23653e-120
3.76601e-09 1.0441e-09 1.91435e-10 2.86069e-11 3.76137e-12 4.52168e-13 5.08271e-14 5.42048e-15 5.53958e-16 5.46465e-17 5.23193e-18 4.88208e-19 4.45495e-20 3.98606e-21 3.50486e-22 3.03405e-23 2.58985e-24 2.18272e-25 1.81839e-26 1.4989e-27 1.22355e-28 9.89838e-30 7.94129e-31 6.32207e-32 4.99688e-33 3.92299e-34 3.06054e-35 2.37362e-36 1.83066e-37 1.40453e-38 1.07227e-39 8.14783e-41 6.16391e-42 4.64347e-43 3.48412e-44 2.6043e-45 1.93961e-46 1.43959e-47 1.06494e-48 7.85315e-50 5.77363e-51 4.2325e-52 3.09414e-53 2.25593e-54 1.64058e-55 1.19015e-56 8.61349e-58 6.21964e-59 4.48122e-60 3.22186e-61 2.31169e-62 1.65536e-63 1.18312e-64 8.44039e-66 6.01065e-67 4.27297e-68 3.03257e-69 2.14876e-70 1.52013e-71 1.07377e-72 7.57359e-74 5.33417e-75 3.75167e-76 2.63508e-77 1.84838e-78 1.29489e-79 9.06003e-81 6.3314e-82 4.41934e-83 3.08116e-84 2.14577e-85 1.49272e-86 1.03731e-87 7.20095e-89 4.99377e-90 3.45969e-91 2.39456e-92 1.65579e-93 1.14389e-94 7.89534e-96 5.44472e-97 3.75151e-98 2.58268e-99 1.77655e-100 1.22105e-101 8.3859e-103 5.75479e-104 3.94622e-105 2.70403e-106 1.85151e-107 1.26687e-108 8.66239e-110 5.91897e-111 4.0417e-112 2.75802e-113 1.88084e-114 1.28183e-115 8.73059e-117 5.9428e-118 4.04278e-119 2.74863e-120
2.40301e-10 7.39485e-11 1.47139e-11 2.35724e-12 3.29599e-13 4.18866e-14 4.9546e-15 5.53958e-16 5.91703e-17 6.08474e-18 6.05919e-19 5.86914e-20 5.54969e-21 5.13748e-22 4.6671e-23 4.16884e-24 3.66756e-25 3.18236e-26 2.72685e-27 2.30978e-28 1.93589e-29 1.60673e-30 1.32151e-31 1.0778e-32 8.72159e-34 7.00594e-35 5.58921e-36 4.43027e-37 3.49036e-38 2.73414e-39 2.1302e-40 1.65117e-41 1.27367e-42 9.77952e-44 7.47608e-45 5.69138e-46 4.31552e-47 3.25987e-48 2.45353e-49 1.84024e-50 1.37567e-51 1.02511e-52 7.61551e-54 5.64096e-55 4.16661e-56 3.06926e-57 2.25502e-58 1.65263e-59 1.20822e-60 8.81252e-62 6.41318e-63 4.65692e-64 3.37449e-65 2.44023e-66 1.76115e-67 1.26862e-68 9.12141e-70 6.54655e-71 4.69037e-72 3.35481e-73 2.39561e-74 1.70794e-75 1.21579e-76 8.6415e-78 6.13317e-79 4.34673e-80 3.07638e-81 2.17435e-82 1.5348e-83 1.08197e-84 7.61797e-86 5.35716e-87 3.76284e-88 2.63994e-89 1.85004e-90 1.29507e-91 9.05596e-93 6.32587e-94 4.41429e-95 3.07726e-96 2.1431e-97 1.49109e-98 1.03648e-99 7.19805e-101 4.99437e-102 3.4623e-103 2.39814e-104 1.65966e-105 1.14764e-106 7.92939e-108 5.47432e-109 3.77645e-110 2.60319e-111 1.7931e-112 1.2342e-113 8.48895e-115 5.83468e-116 4.00755e-117 2.75073e-118 1.8868e-119 1.29336e-120
1.53331e-11 5.186e-12 1.11256e-12 1.9012e-13 2.81509e-14 3.76825e-15 4.67539e-16 5.46465e-17 6.08474e-18 6.50718e-19 6.72478e-20 6.74778e-21 6.59903e-22 6.309e-23 5.91143e-24 5.43982e-25 4.92497e-26 4.39343e-27 3.86675e-28 3.36141e-29 2.88906e-30 2.45711e-31 2.06948e-32 1.72727e-33 1.42951e-34 1.17376e-35 9.56648e-37 7.74281e-38 6.22581e-39 4.97513e-40 3.9525e-41 3.12273e-42 2.45422e-43 1.91923e-44 1.49375e-45 1.15735e-46 8.92849e-48 6.85969e-49 5.24954e-50 4.00224e-51 3.04031e-52 2.3016e-53 1.7366e-54 1.30613e-55 9.79353e-57 7.32169e-58 5.4582e-59 4.05787e-60 3.00884e-61 2.22533e-62 1.6418e-63 1.20841e-64 8.87375e-66 6.50182e-67 4.75365e-68 3.46828e-69 2.52535e-70 1.83518e-71 1.3311e-72 9.63696e-74 6.96452e-75 5.02443e-76 3.61865e-77 2.60191e-78 1.86786e-79 1.33881e-80 9.58156e-82 6.84718e-83 4.88611e-84 3.48182e-85 2.47774e-86 1.76087e-87 1.24979e-88 8.85915e-90 6.27208e-91 4.43513e-92 3.13248e-93 2.20989e-94 1.55727e-95 1.09617e-96 7.70767e-98 5.41393e-99 3.79887e-100 2.66292e-101 1.86481e-102 1.30464e-103 9.11878e-105 6.36767e-106 4.44253e-107 3.09666e-108 2.15664e-109 1.5007e-110 1.04338e-111 7.24832e-113 5.03131e-114 3.48965e-115 2.4185e-116 1.67487e-117 1.15902e-118 8.01459e-120 5.53809e-121
9.78369e-13 3.60739e-13 8.29831e-14 1.50609e-14 2.35308e-15 3.30742e-16 4.29257e-17 5.23193e-18 6.05919e-19 6.72478e-20 7.19851e-21 7.4692e-22 7.54212e-23 7.43521e-24 7.17497e-25 6.79252e-26 6.32022e-27 5.78915e-28 5.22722e-29 4.65819e-30 4.10113e-31 3.57049e-32 3.07638e-33 2.62516e-34 2.21999e-35 1.86158e-36 1.54872e-37 1.27888e-38 1.04868e-39 8.54237e-41 6.91504e-42 5.56462e-43 4.45279e-44 3.5441e-45 2.80653e-46 2.21171e-47 1.73491e-48 1.3549e-49 1.05366e-50 8.16094e-52 6.29644e-53 4.83988e-54 3.70701e-55 2.82959e-56 2.15274e-57 1.63259e-58 1.23435e-59 9.30497e-61 6.99451e-62 5.24333e-63 3.92017e-64 2.9234e-65 2.17468e-66 1.61384e-67 1.19485e-68 8.82654e-70 6.50607e-71 4.78551e-72 3.51273e-73 2.57333e-74 1.88151e-75 1.37309e-76 1.00022e-77 7.27313e-79 5.27952e-80 3.82593e-81 2.768e-82 1.99941e-83 1.44199e-84 1.03839e-85 7.46656e-87 5.36108e-88 3.84391e-89 2.7523e-90 1.96806e-91 1.40543e-92 1.00237e-93 7.14002e-95 5.07975e-96 3.60966e-97 2.56202e-98 1.81636e-99 1.28628e-100 9.09905e-102 6.42969e-103 4.53867e-104 3.20052e-105 2.25463e-106 1.58673e-107 1.1156e-108 7.83622e-110 5.4992e-111 3.85565e-112 2.70089e-113 1.89032e-114 1.32188e-115 9.23596e-117 6.44781e-118 4.49769e-119 3.13488e-120 2.18329e-121
6.24276e-14 2.49214e-14 6.11826e-15 1.17498e-15 1.931e-16 2.84228e-17 3.84947e-18 4.88208e-19 5.86914e-20 6.74778e-21 7.4692e-22 8.00154e-23 8.33019e-24 8.45618e-25 8.39325e-26 8.16438e-27 7.79829e-28 7.32623e-29 6.77937e-30 6.1868e-31 5.57422e-32 4.96318e-33 4.37082e-34 3.80997e-35 3.28951e-36 2.81485e-37 2.38855e-38 2.01086e-39 1.68035e-40 1.39433e-41 1.14932e-42 9.41416e-44 7.66522e-45 6.2058e-46 4.99713e-47 4.00317e-48 3.19115e-49 2.53191e-50 1.99984e-51 1.57279e-52 1.23183e-53 9.6097e-55 7.4682e-56 5.78272e-57 4.4619e-58 3.43111e-59 2.62985e-60 2.00937e-61 1.53063e-62 1.16253e-63 8.80454e-65 6.64996e-66 5.00932e-67 3.76378e-68 2.82091e-69 2.10915e-70 1.5733e-71 1.17093e-72 8.69547e-74 6.44361e-75 4.76501e-76 3.5166e-77 2.59018e-78 1.90418e-79 1.39727e-80 1.02346e-81 7.48329e-83 5.46226e-84 3.98039e-85 2.89583e-86 2.10344e-87 1.5255e-88 1.10469e-89 7.9878e-91 5.7675e-92 4.1585e-93 2.99426e-94 2.15307e-95 1.54616e-96 1.10891e-97 7.94308e-99 5.68263e-100 4.06057e-101 2.8981e-102 2.06604e-103 1.47121e-104 1.04648e-105 7.43558e-107 5.27763e-108 3.74206e-109 2.65057e-110 1.87557e-111 1.32588e-112 9.36383e-114 6.60685e-115 4.65728e-116 3.28002e-117 2.30798e-118 1.62259e-119 1.13975e-120 7.99916e-122
3.98337e-15 1.71164e-15 4.46628e-16 9.04647e-17 1.55957e-17 2.39822e-18 3.38227e-19 4.45495e-20 5.54969e-21 6.59903e-22 7.54212e-23 8.33019e-24 8.92959e-25 9.32257e-26 9.50638e-27 9.49101e-28 9.29626e-29 8.94861e-30 8.4782e-31 7.91619e-32 7.29269e-33 6.63518e-34 5.96757e-35 5.30964e-36 4.67697e-37 4.08105e-38 3.5297e-39 3.02753e-40 2.57651e-41 2.17648e-42 1.8257e-43 1.5213e-44 1.25967e-45 1.0368e-46 8.48483e-48 6.90598e-49 5.59173e-50 4.50511e-51 3.61241e-52 2.88342e-53 2.29149e-54 1.81345e-55 1.42936e-56 1.12226e-57 8.77858e-59 6.84219e-60 5.31448e-61 4.11411e-62 3.17461e-63 2.44204e-64 1.87287e-65 1.43218e-66 1.09211e-67 8.30514e-69 6.29915e-70 4.76545e-71 3.59623e-72 2.70735e-73 2.03342e-74 1.52377e-75 1.13935e-76 8.50079e-78 6.32931e-79 4.70297e-80 3.48762e-81 2.58137e-82 1.90703e-83 1.40628e-84 1.03518e-85 7.60681e-87 5.58027e-88 4.08687e-89 2.98832e-90 2.18162e-91 1.59024e-92 1.15743e-93 8.41183e-95 6.10468e-96 4.42412e-97 3.2018e-98 2.31409e-99 1.6703e-100 1.20407e-101 8.66891e-103 6.23363e-104 4.47707e-105 3.21169e-106 2.30129e-107 1.64708e-108 1.17754e-109 8.40939e-111 5.99912e-112 4.27519e-113 3.04353e-114 2.16451e-115 1.53784e-116 1.09155e-117 7.74029e-119 5.48359e-120 3.88126e-121 2.74466e-122
2.5417e-16 1.16965e-16 3.23229e-17 6.88532e-18 1.24215e-18 1.99129e-19 2.91891e-20 3.98606e-21 5.13748e-22 6.309e-23 7.43521e-24 8.45618e-25 9.32257e-26 9.99871e-27 1.04639e-27 1.07118e-28 1.0749e-29 1.05923e-30 1.02661e-31 9.79936e-33 9.22316e-34 8.56851e-35 7.86458e-36 7.13754e-37 6.40981e-38 5.69971e-39 5.0215e-40 4.38553e-41 3.7987e-42 3.26489e-43 2.7855e-44 2.35995e-45 1.98619e-46 1.66111e-47 1.3809e-48 1.1414e-49 9.38285e-51 7.67286e-52 6.24314e-53 5.0555e-54 4.07497e-55 3.27012e-56 2.61312e-57 2.07959e-58 1.6485e-59 1.30184e-60 1.02432e-61 8.03129e-63 6.27562e-64 4.88766e-65 3.79459e-66 2.93694e-67 2.26638e-68 1.74389e-69 1.33811e-70 1.02398e-71 7.81538e-73 5.94981e-74 4.51836e-75 3.42307e-76 2.58724e-77 1.95107e-78 1.46807e-79 1.10228e-80 8.25896e-82 6.17555e-83 4.60854e-84 3.43251e-85 2.55177e-86 1.89354e-87 1.40258e-88 1.0371e-89 7.65544e-91 5.64153e-92 4.15064e-93 3.0489e-94 2.23612e-95 1.63752e-96 1.19738e-97 8.74268e-99 6.37441e-100 4.64121e-101 3.37466e-102 2.45046e-103 1.77705e-104 1.28705e-105 9.3099e-107 6.72607e-108 4.8535e-109 3.49812e-110 2.51833e-111 1.8109e-112 1.30075e-113 9.33297e-115 6.68927e-116 4.78939e-117 3.42556e-118 2.44762e-119 1.74712e-120 1.24588e-121 8.87585e-123
1.6218e-17 7.95781e-18 2.32157e-18 5.18756e-19 9.7722e-20 1.63007e-20 2.47928e-21 3.50486e-22 4.6671e-23 5.91143e-24 7.17497e-25 8.39325e-26 9.50638e-27 1.04639e-27 1.12279e-28 1.17748e-29 1.20947e-30 1.2191e-31 1.20776e-32 1.17767e-33 1.13163e-34 1.07273e-35 1.00415e-36 9.28965e-38 8.50011e-39 7.69794e-40 6.90429e-41 6.13627e-42 5.40697e-43 4.72576e-44 4.09869e-45 3.52895e-46 3.01739e-47 2.563e-48 2.16339e-49 1.81515e-50 1.51425e-51 1.25633e-52 1.03688e-53 8.51469e-55 6.95844e-56 5.66032e-57 4.58391e-58 3.69631e-59 2.96831e-60 2.37423e-61 1.89179e-62 1.50181e-63 1.18797e-64 9.36473e-66 7.35761e-67 5.76203e-68 4.49839e-69 3.50125e-70 2.71716e-71 2.10267e-72 1.62266e-73 1.24888e-74 9.58705e-76 7.34092e-77 5.60723e-78 4.27276e-79 3.24832e-80 2.46393e-81 1.86483e-82 1.40838e-83 1.06143e-84 7.98324e-86 5.99245e-87 4.48939e-88 3.35699e-89 2.5056e-90 1.86677e-91 1.38837e-92 1.0308e-93 7.64035e-95 5.65379e-96 4.17705e-97 3.08119e-98 2.26934e-99 1.66889e-100 1.22552e-101 8.98637e-103 6.58017e-104 4.81162e-105 3.51364e-106 2.56241e-107 1.86627e-108 1.35753e-109 9.86237e-111 7.15619e-112 5.18634e-113 3.75429e-114 2.71452e-115 1.96049e-116 1.41434e-117 1.01922e-118 7.33695e-120 5.27601e-121 3.79005e-122 2.71984e-123
1.03484e-18 5.39323e-19 1.6563e-19 3.87338e-20 7.60412e-21 1.31757e-21 2.07615e-22 3.03405e-23 4.16884e-24 5.43982e-25 6.79252e-26 8.16438e-27 9.49101e-28 1.07118e-28 1.17748e-29 1.26395e-30 1.32792e-31 1.36807e-32 1.38441e-33 1.37805e-34 1.35101e-35 1.30597e-36 1.24598e-37 1.17431e-38 1.09419e-39 1.00866e-40 9.20504e-42 8.32117e-43 7.45512e-44 6.62289e-45 5.83655e-46 5.10458e-47 4.43223e-48 3.82204e-49 3.2743e-50 2.78755e-51 2.35901e-52 1.98495e-53 1.66108e-54 1.38277e-55 1.14531e-56 9.44039e-58 7.74527e-59 6.32613e-60 5.14478e-61 4.16669e-62 3.36104e-63 2.7007e-64 2.16201e-65 1.72452e-66 1.37077e-67 1.0859e-68 8.57429e-70 6.74883e-71 5.29571e-72 4.14311e-73 3.232e-74 2.51419e-75 1.95048e-76 1.50916e-77 1.16468e-78 8.96591e-80 6.88529e-81 5.27497e-82 4.03195e-83 3.07491e-84 2.3399e-85 1.77678e-86 1.34638e-87 1.01816e-88 7.68427e-90 5.78827e-91 4.35185e-92 3.26585e-93 2.44644e-94 1.8294e-95 1.36563e-96 1.01771e-97 7.57184e-99 5.62442e-100 4.17126e-101 3.08878e-102 2.28375e-103 1.68604e-104 1.24295e-105 9.15009e-107 6.72653e-108 4.93814e-109 3.62038e-110 2.65078e-111 1.93836e-112 1.41562e-113 1.03257e-114 7.52258e-116 5.47387e-117 3.97843e-118 2.88822e-119 2.09439e-120 1.51706e-121 1.09767e-122 7.93376e-124
6.60306e-20 3.64263e-20 1.17462e-20 2.8689e-21 5.85917e-22 1.05292e-22 1.71649e-23 2.58985e-24 3.66756e-25 4.92497e-26 6.32022e-27 7.79829e-28 9.29626e-29 1.0749e-29 1.20947e-30 1.32792e-31 1.42593e-32 1.50049e-33 1.54995e-34 1.57399e-35 1.57342e-36 1.55006e-37 1.50646e-38 1.44566e-39 1.37098e-40 1.28578e-41 1.19335e-42 1.09672e-43 9.98587e-45 9.0128e-46 8.06709e-47 7.16377e-48 6.31397e-49 5.52532e-50 4.80232e-51 4.14685e-52 3.55864e-53 3.03574e-54 2.57496e-55 2.17222e-56 1.82288e-57 1.52203e-58 1.26469e-59 1.04597e-60 8.61201e-62 7.06008e-63 5.76369e-64 4.68642e-65 3.79569e-66 3.06271e-67 2.46229e-68 1.97261e-69 1.57494e-70 1.25328e-71 9.94125e-73 7.8611e-74 6.19749e-75 4.87164e-76 3.81856e-77 2.98484e-78 2.32689e-79 1.80923e-80 1.40316e-81 1.08554e-82 8.37787e-84 6.45062e-85 4.95534e-86 3.79818e-87 2.9049e-88 2.21699e-89 1.68848e-90 1.28336e-91 9.73513e-93 7.37049e-94 5.56968e-95 4.2011e-96 3.1631e-97 2.37737e-98 1.78373e-99 1.33607e-100 9.99109e-102 7.45921e-103 5.56012e-104 4.13811e-105 3.07511e-106 2.28177e-107 1.69063e-108 1.25085e-109 9.24166e-111 6.81865e-112 5.02413e-113 3.69699e-114 2.71688e-115 1.99407e-116 1.46172e-117 1.07018e-118 7.82573e-120 5.7158e-121 4.16988e-122 3.0386e-123 2.21175e-124
4.21327e-21 2.45275e-21 8.28566e-22 2.10956e-22 4.47477e-23 8.32809e-24 1.40281e-24 2.18272e-25 3.18236e-26 4.39343e-27 5.78915e-28 7.32623e-29 8.94861e-30 1.05923e-30 1.2191e-31 1.36807e-32 1.50049e-33 1.61172e-34 1.69841e-35 1.75854e-36 1.79144e-37 1.79764e-38 1.77875e-39 1.73717e-40 1.67591e-41 1.59833e-42 1.50797e-43 1.4083e-44 1.30263e-45 1.19398e-46 1.08499e-47 9.77916e-49 8.74573e-50 7.76376e-51 6.84352e-52 5.99179e-53 5.21234e-54 4.50639e-55 3.87309e-56 3.30997e-57 2.81336e-58 2.37879e-59 2.00126e-60 1.67551e-61 1.39626e-62 1.15833e-63 9.56782e-65 7.87002e-66 6.44735e-67 5.26123e-68 4.27711e-69 3.46435e-70 2.7961e-71 2.24901e-72 1.80294e-73 1.44067e-74 1.14759e-75 9.1135e-77 7.216e-78 5.69715e-79 4.48542e-80 3.52181e-81 2.75789e-82 2.15411e-83 1.67829e-84 1.30437e-85 1.01135e-86 7.82328e-88 6.03796e-89 4.64976e-90 3.57298e-91 2.73977e-92 2.09654e-93 1.60109e-94 1.22032e-95 9.28317e-97 7.04858e-98 5.34205e-99 4.0414e-100 3.05205e-101 2.30092e-102 1.73172e-103 1.30118e-104 9.76094e-106 7.31068e-107 5.46699e-108 4.08204e-109 3.04339e-110 2.26569e-111 1.6843e-112 1.25034e-113 9.26903e-115 6.86201e-116 5.07329e-117 3.74593e-118 2.76231e-119 2.0344e-120 1.49645e-121 1.09941e-122 8.0675e-124 5.91299e-125
2.68839e-22 1.64702e-22 5.81639e-23 1.54105e-23 3.3901e-24 6.52583e-25 1.13446e-25 1.81839e-26 2.72685e-27 3.86675e-28 5.22722e-29 6.77937e-30 8.4782e-31 1.02661e-31 1.20776e-32 1.38441e-33 1.54995e-34 1.69841e-35 1.8248e-36 1.92538e-37 1.99777e-38 2.04093e-39 2.05509e-40 2.04162e-41 2.00277e-42 1.9415e-43 1.86124e-44 1.76564e-45 1.65841e-46 1.54312e-47 1.42311e-48 1.30139e-49 1.18054e-50 1.06274e-51 9.4973e-53 8.42839e-54 7.43006e-55 6.5083e-56 5.66612e-57 4.90407e-58 4.22066e-59 3.61287e-60 3.07655e-61 2.60674e-62 2.19803e-63 1.84479e-64 1.54137e-65 1.28228e-66 1.06228e-67 8.7646e-69 7.20315e-70 5.89743e-71 4.81067e-72 3.9102e-73 3.16731e-74 2.55697e-75 2.05753e-76 1.65041e-77 1.31978e-78 1.05224e-79 8.36502e-81 6.63117e-82 5.24226e-83 4.13316e-84 3.25022e-85 2.5494e-86 1.99474e-87 1.55698e-88 1.21243e-89 9.41955e-91 7.30176e-92 5.6477e-93 4.35898e-94 3.35729e-95 2.5805e-96 1.97947e-97 1.51546e-98 1.158e-99 8.83202e-101 6.7238e-102 5.10964e-103 3.87617e-104 2.93541e-105 2.21923e-106 1.67501e-107 1.26221e-108 9.4963e-110 7.1335e-111 5.35043e-112 4.00704e-113 2.99656e-114 2.23766e-115 1.6686e-116 1.24254e-117 9.24001e-119 6.86207e-120 5.08941e-121 3.7698e-122 2.78881e-123 2.06052e-124 1.52056e-125
1.71541e-23 1.10323e-23 4.06512e-24 1.11905e-24 2.54957e-25 5.07011e-26 9.08652e-27 1.4989e-27 2.30978e-28 3.36141e-29 4.65819e-30 6.1868e-31 7.91619e-32 9.79936e-33 1.17767e-33 1.37805e-34 1.57399e-35 1.75854e-36 1.92538e-37 2.06916e-38 2.1857e-39 2.27222e-40 2.32728e-41 2.35081e-42 2.34389e-43 2.30865e-44 2.24797e-45 2.16532e-46 2.06448e-47 1.94937e-48 1.82386e-49 1.69161e-50 1.55599e-51 1.41999e-52 1.28614e-53 1.15655e-54 1.03289e-55 9.16387e-57 8.0791e-58 7.07971e-59 6.16797e-60 5.34367e-61 4.6047e-62 3.94742e-63 3.36711e-64 2.85832e-65 2.41516e-66 2.03158e-67 1.70152e-68 1.41913e-69 1.1788e-70 9.75339e-72 8.03927e-73 6.602e-74 5.40232e-75 4.40531e-76 3.58021e-77 2.90013e-78 2.34178e-79 1.88508e-80 1.51288e-81 1.21063e-82 9.66e-84 7.68666e-85 6.09992e-86 4.82797e-87 3.81145e-88 3.00142e-89 2.35777e-90 1.84773e-91 1.44466e-92 1.12694e-93 8.7715e-95 6.81244e-96 5.2797e-97 4.08333e-98 3.15165e-99 2.42772e-100 1.86645e-101 1.43221e-102 1.09696e-103 8.38649e-105 6.40022e-106 4.87584e-107 3.70817e-108 2.8154e-109 2.13405e-110 1.61498e-111 1.22023e-112 9.2054e-114 6.93395e-115 5.21517e-116 3.91668e-117 2.93725e-118 2.19963e-119 1.64496e-120 1.22847e-121 9.1621e-123 6.82419e-124 5.07627e-125 3.77125e-126
1.09456e-24 7.3732e-25 2.8298e-25 8.08183e-26 1.90461e-26 3.90841e-27 7.21392e-28 1.22355e-28 1.93589e-29 2.88906e-30 4.10113e-31 5.57422e-32 7.29269e-33 9.22316e-34 1.13163e-34 1.35101e-35 1.57342e-36 1.79144e-37 1.99777e-38 2.1857e-39 2.34942e-40 2.48431e-41 2.58712e-42 2.65603e-43 2.69058e-44 2.69161e-45 2.66105e-46 2.6017e-47 2.51707e-48 2.41105e-49 2.28778e-50 2.15143e-51 2.00601e-52 1.85526e-53 1.70258e-54 1.55093e-55 1.40281e-56 1.26025e-57 1.12483e-58 9.97717e-60 8.79679e-61 7.71147e-62 6.72267e-63 5.82944e-64 5.02893e-65 4.31687e-66 3.68791e-67 3.13604e-68 2.65485e-69 2.23779e-70 1.87836e-71 1.57028e-72 1.30758e-73 1.08469e-74 8.96478e-76 7.38268e-77 6.05866e-78 4.95529e-79 4.03956e-80 3.28254e-81 2.65911e-82 2.14757e-83 1.72933e-84 1.38856e-85 1.11182e-86 8.87813e-88 7.07056e-89 5.61644e-90 4.45009e-91 3.51727e-92 2.77328e-93 2.18153e-94 1.7121e-95 1.34067e-96 1.04751e-97 8.16702e-99 6.35412e-100 4.93349e-101 3.82279e-102 2.95631e-103 2.28183e-104 1.75791e-105 1.35178e-106 1.03759e-107 7.95021e-109 6.08098e-110 4.64331e-111 3.5396e-112 2.69382e-113 2.04683e-114 1.55278e-115 1.17616e-116 8.89525e-118 6.71742e-119 5.06534e-120 3.81408e-121 2.86784e-122 2.15336e-123 1.61467e-124 1.20912e-125 9.04229e-127
6.98416e-26 4.91763e-26 1.96267e-26 5.80759e-27 1.41405e-27 2.99124e-28 5.68081e-29 9.89838e-30 1.60673e-30 2.45711e-31 3.57049e-32 4.96318e-33 6.63518e-34 8.56851e-35 1.07273e-35 1.30597e-36 1.55006e-37 1.79764e-38 2.04093e-39 2.27222e-40 2.48431e-41 2.6709e-42 2.82689e-43 2.94853e-44 3.03355e-45 3.08111e-46 3.09174e-47 3.06715e-48 3.01007e-49 2.92399e-50 2.81296e-51 2.68131e-52 2.5335e-53 2.37392e-54 2.20672e-55 2.03572e-56 1.86434e-57 1.69551e-58 1.53168e-59 1.37483e-60 1.22645e-61 1.08761e-62 9.59001e-64 8.40964e-65 7.33558e-66 6.36607e-67 5.49751e-68 4.72487e-69 4.04215e-70 3.4427e-71 2.91952e-72 2.46552e-73 2.07371e-74 1.73733e-75 1.44998e-76 1.20569e-77 9.98967e-79 8.24805e-80 6.78701e-81 5.56639e-82 4.55068e-83 3.70871e-84 3.01334e-85 2.44112e-86 1.97186e-87 1.58833e-88 1.2759e-89 1.02218e-90 8.16783e-92 6.50996e-93 5.1757e-94 4.10492e-95 3.24794e-96 2.56392e-97 2.01936e-98 1.58694e-99 1.24441e-100 9.73745e-102 7.60368e-103 5.92541e-104 4.60838e-105 3.5771e-106 2.77129e-107 2.14299e-108 1.6541e-109 1.27445e-110 9.802e-112 7.52586e-113 5.76847e-114 4.4141e-115 3.3722e-116 2.5721e-117 1.95875e-118 1.48935e-119 1.13073e-120 8.57176e-122 6.48853e-123 4.90452e-124 3.70197e-125 2.7904e-126 2.10041e-127
4.45644e-27 3.27371e-27 1.35668e-27 4.15412e-28 1.04388e-28 2.27411e-29 4.43995e-30 7.94129e-31 1.32151e-31 2.06948e-32 3.07638e-33 4.37082e-34 5.96757e-35 7.86458e-36 1.00415e-36 1.24598e-37 1.50646e-38 1.77875e-39 2.05509e-40 2.32728e-41 2.58712e-42 2.82689e-43 3.03975e-44 3.22002e-45 3.36344e-46 3.46723e-47 3.53012e-48 3.5523e-49 3.53526e-50 3.4816e-51 3.39481e-52 3.27903e-53 3.13883e-54 2.97897e-55 2.8042e-56 2.61912e-57 2.42803e-58 2.2348e-59 2.04286e-60 1.85513e-61 1.67401e-62 1.5014e-63 1.33871e-64 1.18693e-65 1.04664e-66 9.18098e-68 8.01266e-69 6.95882e-70 6.01502e-71 5.17544e-72 4.43334e-73 3.78135e-74 3.21184e-75 2.71711e-76 2.28959e-77 1.92201e-78 1.6075e-79 1.33963e-80 1.11251e-81 9.2076e-83 7.5955e-84 6.24554e-85 5.11946e-86 4.18363e-87 3.40873e-88 2.76932e-89 2.2435e-90 1.81252e-91 1.46039e-92 1.17359e-93 9.40698e-95 7.52135e-96 5.99898e-97 4.77332e-98 3.7892e-99 3.0011e-100 2.3716e-101 1.87004e-102 1.4714e-103 1.15531e-104 9.0526e-106 7.07904e-107 5.52483e-108 4.30352e-109 3.34585e-110 2.59646e-111 2.01126e-112 1.55517e-113 1.2004e-114 9.24971e-116 7.11537e-117 5.46447e-118 4.18979e-119 3.20733e-120 2.4514e-121 1.87075e-122 1.42547e-123 1.08457e-124 8.23991e-126 6.2512e-127 4.73577e-128
2.84356e-28 2.17558e-28 9.34891e-29 2.95877e-29 7.66555e-30 1.71826e-30 3.44597e-31 6.32207e-32 1.0778e-32 1.72727e-33 2.62516e-34 3.80997e-35 5.30964e-36 7.13754e-37 9.28965e-38 1.17431e-38 1.44566e-39 1.73717e-40 2.04162e-41 2.35081e-42 2.65603e-43 2.94853e-44 3.22002e-45 3.46304e-46 3.67128e-47 3.83989e-48 3.96555e-49 4.04651e-50 4.08258e-51 4.07498e-52 4.02615e-53 3.93958e-54 3.81949e-55 3.67066e-56 3.49817e-57 3.30717e-58 3.1027e-59 2.88957e-60 2.67218e-61 2.45449e-62 2.23992e-63 2.03138e-64 1.8312e-65 1.64121e-66 1.46273e-67 1.29665e-68 1.14345e-69 1.0033e-70 8.76052e-72 7.6135e-73 6.58658e-74 5.67307e-75 4.86539e-76 4.15542e-77 3.53479e-78 2.99512e-79 2.52823e-80 2.12626e-81 1.78179e-82 1.48793e-83 1.23833e-84 1.02719e-85 8.49315e-87 7.00044e-88 5.75246e-89 4.7129e-90 3.85e-91 3.13618e-92 2.54765e-93 2.06398e-94 1.66773e-95 1.34408e-96 1.08051e-97 8.66494e-99 6.93196e-100 5.53252e-101 4.40544e-102 3.50007e-103 2.77464e-104 2.19481e-105 1.73248e-106 1.36471e-107 1.07282e-108 8.41691e-110 6.59067e-111 5.15082e-112 4.01798e-113 3.12853e-114 2.43158e-115 1.88655e-116 1.46114e-117 1.12973e-118 8.72031e-120 6.72006e-121 5.17026e-122 3.97157e-123 3.04604e-124 2.33261e-125 1.78359e-126 1.36177e-127 1.0382e-128
1.81441e-29 1.44352e-29 6.4239e-30 2.09907e-30 5.60159e-31 1.29085e-31 2.65717e-32 4.99688e-33 8.72159e-34 1.42951e-34 2.21999e-35 3.28951e-36 4.67697e-37 6.40981e-38 8.50011e-39 1.09419e-39 1.37098e-40 1.67591e-41 2.00277e-42 2.34389e-43 2.69058e-44 3.03355e-45 3.36344e-46 3.67128e-47 3.94892e-48 4.1894e-49 4.38717e-50 4.53831e-51 4.64056e-52 4.69328e-53 4.69738e-54 4.65513e-55 4.56996e-56 4.44618e-57 4.28877e-58 4.10313e-59 3.89481e-60 3.66936e-61 3.43211e-62 3.18803e-63 2.94166e-64 2.697e-65 2.4575e-66 2.226e-67 2.00479e-68 1.79562e-69 1.5997e-70 1.41783e-71 1.25039e-72 1.0974e-73 9.5865e-75 8.33656e-76 7.21784e-77 6.2227e-78 5.34264e-79 4.56869e-80 3.89165e-81 3.30242e-82 2.79211e-83 2.35221e-84 1.97472e-85 1.6522e-86 1.37779e-87 1.14527e-88 9.48999e-90 7.83964e-91 6.45699e-92 5.30272e-93 4.34243e-94 3.54619e-95 2.8881e-96 2.34592e-97 1.90059e-98 1.53591e-99 1.23814e-100 9.9568e-102 7.98808e-103 6.39379e-104 5.10609e-105 4.06868e-106 3.235e-107 2.56667e-108 2.03216e-109 1.60567e-110 1.26614e-111 9.96449e-113 7.8269e-114 6.13624e-115 4.80185e-116 3.75079e-117 2.92456e-118 2.27633e-119 1.76873e-120 1.372e-121 1.06248e-122 8.2145e-124 6.34078e-125 4.88675e-126 3.76031e-127 2.88911e-128 2.21644e-129
1.15774e-30 9.56375e-31 4.40232e-31 1.48371e-31 4.07473e-32 9.64578e-33 2.03654e-33 3.92299e-34 7.00594e-35 1.17376e-35 1.86158e-36 2.81485e-37 4.08105e-38 5.69971e-39 7.69794e-40 1.00866e-40 1.28578e-41 1.59833e-42 1.9415e-43 2.30865e-44 2.69161e-45 3.08111e-46 3.46723e-47 3.83989e-48 4.1894e-49 4.50683e-50 4.78444e-51 5.01598e-52 5.19682e-53 5.32412e-54 5.39676e-55 5.41528e-56 5.38173e-57 5.29945e-58 5.17282e-59 5.00703e-60 4.80779e-61 4.58109e-62 4.33298e-63 4.06936e-64 3.79583e-65 3.51757e-66 3.2392e-67 2.96479e-68 2.69776e-69 2.44092e-70 2.19651e-71 1.96615e-72 1.75098e-73 1.55168e-74 1.36849e-75 1.20134e-76 1.04988e-77 9.13516e-79 7.91509e-80 6.82983e-81 5.86989e-82 5.02533e-83 4.28607e-84 3.64217e-85 3.08396e-86 2.60223e-87 2.18833e-88 1.83419e-89 1.53242e-90 1.27629e-91 1.05971e-92 8.77266e-94 7.24115e-95 5.96001e-96 4.8919e-97 4.00432e-98 3.26908e-99 2.66191e-100 2.16202e-101 1.75164e-102 1.41571e-103 1.14149e-104 9.18244e-106 7.36975e-107 5.9017e-108 4.71575e-109 3.76004e-110 2.99173e-111 2.37551e-112 1.8824e-113 1.4887e-114 1.17506e-115 9.25723e-117 7.27931e-118 5.71349e-119 4.4764e-120 3.50096e-121 2.73331e-122 2.13034e-123 1.6576e-124 1.28764e-125 9.98628e-127 7.73252e-128 5.97803e-129 4.61451e-130
7.38726e-32 6.32766e-32 3.00946e-32 1.04516e-32 2.95147e-33 7.17179e-34 1.55203e-34 3.06054e-35 5.58921e-36 9.56648e-37 1.54872e-37 2.38855e-38 3.5297e-39 5.0215e-40 6.90429e-41 9.20504e-42 1.19335e-42 1.50797e-43 1.86124e-44 2.24797e-45 2.66105e-46 3.09174e-47 3.53012e-48 3.96555e-49 4.38717e-50 4.78444e-51 5.14759e-52 5.46803e-53 5.73866e-54 5.95413e-55 6.1109e-56 6.20731e-57 6.24348e-58 6.22119e-59 6.14366e-60 6.01532e-61 5.84155e-62 5.62837e-63 5.38222e-64 5.1097e-65 4.81732e-66 4.51136e-67 4.19767e-68 3.88158e-69 3.56785e-70 3.26055e-71 2.96311e-72 2.6783e-73 2.40825e-74 2.1545e-75 1.91807e-76 1.6995e-77 1.49893e-78 1.31613e-79 1.15064e-80 1.00173e-81 8.68529e-83 7.50057e-84 6.45246e-85 5.52999e-86 4.72208e-87 4.01787e-88 3.40683e-89 2.87896e-90 2.42488e-91 2.03585e-92 1.70389e-93 1.42169e-94 1.1827e-95 9.81008e-97 8.11398e-98 6.69245e-99 5.50496e-100 4.51613e-101 3.69528e-102 3.01594e-103 2.45536e-104 1.99411e-105 1.61564e-106 1.30594e-107 1.05319e-108 8.47458e-110 6.80412e-111 5.45117e-112 4.35802e-113 3.47687e-114 2.76824e-115 2.19965e-116 1.74443e-117 1.38076e-118 1.09085e-119 8.60211e-121 6.77107e-122 5.32027e-123 4.173e-124 3.26749e-125 2.55414e-126 1.9932e-127 1.55292e-128 1.20794e-129 9.38116e-131
4.71365e-33 4.18127e-33 2.05255e-33 7.33885e-34 2.12935e-34 5.3074e-35 1.1765e-35 2.37362e-36 4.43027e-37 7.74281e-38 1.27888e-38 2.01086e-39 3.02753e-40 4.38553e-41 6.13627e-42 8.32117e-43 1.09672e-43 1.4083e-44 1.76564e-45 2.16532e-46 2.6017e-47 3.06715e-48 3.5523e-49 4.04651e-50 4.53831e-51 5.01598e-52 5.46803e-53 5.88373e-54 6.25355e-55 6.56947e-56 6.82528e-57 7.0167e-58 7.14142e-59 7.19909e-60 7.19115e-61 7.12069e-62 6.99212e-63 6.81101e-64 6.5837e-65 6.3171e-66 6.01836e-67 5.69467e-68 5.35302e-69 5.00002e-70 4.64178e-71 4.28382e-72 3.93095e-73 3.58729e-74 3.25624e-75 2.94051e-76 2.64213e-77 2.36254e-78 2.10262e-79 1.86277e-80 1.64299e-81 1.44292e-82 1.26193e-83 1.09917e-84 9.53617e-86 8.24166e-87 7.09626e-88 6.08782e-89 5.20417e-90 4.43341e-91 3.76409e-92 3.18531e-93 2.68689e-94 2.25937e-95 1.89407e-96 1.58309e-97 1.31932e-98 1.09637e-99 9.08552e-101 7.50861e-102 6.18888e-103 5.08781e-104 4.17198e-105 3.41246e-106 2.78439e-107 2.26648e-108 1.84058e-109 1.49128e-110 1.20555e-111 9.72414e-113 7.82666e-114 6.28606e-115 5.03821e-116 4.02982e-117 3.2168e-118 2.56275e-119 2.03775e-120 1.61722e-121 1.28109e-122 1.01296e-123 7.99516e-125 6.29931e-126 4.95456e-127 3.89023e-128 3.04942e-129 2.38639e-130 1.8645e-131
3.00767e-34 2.75968e-34 1.39689e-34 5.13773e-35 1.5305e-35 3.91044e-36 8.87388e-37 1.83066e-37 3.49036e-38 6.22581e-39 1.04868e-39 1.68035e-40 2.57651e-41 3.7987e-42 5.40697e-43 7.45512e-44 9.98587e-45 1.30263e-45 1.65841e-46 2.06448e-47 2.51707e-48 3.01007e-49 3.53526e-50 4.08258e-51 4.64056e-52 5.19682e-53 5.73866e-54 6.25355e-55 6.72969e-56 7.15646e-57 7.52484e-58 7.82765e-59 8.05976e-60 8.21814e-61 8.30188e-62 8.31204e-63 8.25147e-64 8.12458e-65 7.93708e-66 7.69565e-67 7.40766e-68 7.08087e-69 6.72316e-70 6.34231e-71 5.94576e-72 5.54047e-73 5.13281e-74 4.72843e-75 4.33222e-76 3.94833e-77 3.5801e-78 3.23018e-79 2.90049e-80 2.59234e-81 2.30647e-82 2.04312e-83 1.80213e-84 1.58298e-85 1.38488e-86 1.20681e-87 1.04763e-88 9.0606e-90 7.80783e-91 6.70451e-92 5.73729e-93 4.89311e-94 4.15947e-95 3.52451e-96 2.97716e-97 2.50714e-98 2.10503e-99 1.76227e-100 1.47112e-101 1.22465e-102 1.01669e-103 8.41803e-105 6.95179e-106 5.72628e-107 4.70502e-108 3.85643e-109 3.15331e-110 2.57232e-111 2.09355e-112 1.70004e-113 1.37743e-114 1.11362e-115 8.9842e-117 7.23289e-118 5.81102e-119 4.65926e-120 3.7284e-121 2.97772e-122 2.37365e-123 1.88858e-124 1.49987e-125 1.18901e-126 9.40903e-128 7.43268e-129 5.86137e-130 4.61445e-131 3.62675e-132
1.91913e-35 1.81941e-35 9.48747e-36 3.58668e-36 1.09622e-36 2.86927e-37 6.66173e-38 1.40453e-38 2.73414e-39 4.97513e-40 8.54237e-41 1.39433e-41 2.17648e-42 3.26489e-43 4.72576e-44 6.62289e-45 9.0128e-46 1.19398e-46 1.54312e-47 1.94937e-48 2.41105e-49 2.92399e-50 3.4816e-51 4.07498e-52 4.69328e-53 5.32412e-54 5.95413e-55 6.56947e-56 7.15646e-57 7.7021e-58 8.19459e-59 8.62374e-60 8.9813e-61 9.26117e-62 9.45951e-63 9.57474e-64 9.60746e-65 9.56025e-66 9.43746e-67 9.24493e-68 8.98964e-69 8.67945e-70 8.32275e-71 7.92818e-72 7.50434e-73 7.05961e-74 6.60187e-75 6.13843e-76 5.67588e-77 5.22001e-78 4.77578e-79 4.34734e-80 3.93798e-81 3.55024e-82 3.18593e-83 2.84621e-84 2.53166e-85 2.24235e-86 1.97793e-87 1.7377e-88 1.5207e-89 1.32575e-90 1.15151e-91 9.96569e-93 8.59442e-94 7.38641e-95 6.32695e-96 5.40174e-97 4.59712e-98 3.90016e-99 3.29879e-100 2.78184e-101 2.33908e-102 1.96119e-103 1.63978e-104 1.3673e-105 1.13707e-106 9.4313e-108 7.80273e-109 6.43922e-110 5.30094e-111 4.3534e-112 3.56681e-113 2.91559e-114 2.37787e-115 1.93502e-116 1.57121e-117 1.27308e-118 1.02935e-119 8.30564e-121 6.68815e-122 5.37496e-123 4.31118e-124 3.45132e-125 2.75775e-126 2.19948e-127 1.75104e-128 1.39154e-129 1.1039e-130 8.74205e-132 6.91128e-133
1.22456e-36 1.19826e-36 6.43154e-37 2.49727e-37 7.82568e-38 2.09711e-38 4.97885e-39 1.07227e-39 2.1302e-40 3.9525e-41 6.91504e-42 1.14932e-42 1.8257e-43 2.7855e-44 4.09869e-45 5.83655e-46 8.06709e-47 1.08499e-47 1.42311e-48 1.82386e-49 2.28778e-50 2.81296e-51 3.39481e-52 4.02615e-53 4.69738e-54 5.39676e-55 6.1109e-56 6.82528e-57 7.52484e-58 8.19459e-59 8.82019e-60 9.38851e-61 9.88805e-62 1.03094e-62 1.06453e-63 1.08909e-64 1.10441e-65 1.11047e-66 1.10751e-67 1.09595e-68 1.07637e-69 1.04951e-70 1.01621e-71 9.7737e-73 9.33929e-74 8.86843e-75 8.37046e-76 7.85432e-77 7.32835e-78 6.8002e-79 6.27666e-80 5.76366e-81 5.2662e-82 4.78841e-83 4.33351e-84 3.90393e-85 3.50133e-86 3.12671e-87 2.78046e-88 2.46245e-89 2.17215e-90 1.90864e-91 1.67078e-92 1.45718e-93 1.26632e-94 1.09662e-95 9.46407e-97 8.14051e-98 6.97925e-99 5.96461e-100 5.08164e-101 4.31622e-102 3.65521e-103 3.08644e-104 2.59877e-105 2.18206e-106 1.82719e-107 1.52595e-108 1.27105e-109 1.05602e-110 8.75177e-112 7.23519e-113 5.96703e-114 4.90954e-115 4.03011e-116 3.30071e-117 2.6973e-118 2.19939e-119 1.78954e-120 1.453e-121 1.17732e-122 9.52001e-124 7.68272e-125 6.18787e-126 4.97429e-127 3.99116e-128 3.19639e-129 2.5552e-130 2.03897e-131 1.62415e-132 1.29148e-133
7.81362e-38 7.88408e-38 4.35215e-38 1.73443e-38 5.5692e-39 1.52711e-39 3.70549e-40 8.14783e-41 1.65117e-41 3.12273e-42 5.56462e-43 9.41416e-44 1.5213e-44 2.35995e-45 3.52895e-46 5.10458e-47 7.16377e-48 9.77916e-49 1.30139e-49 1.69161e-50 2.15143e-51 2.68131e-52 3.27903e-53 3.93958e-54 4.65513e-55 5.41528e-56 6.20731e-57 7.0167e-58 7.82765e-59 8.62374e-60 9.38851e-61 1.01061e-61 1.07619e-62 1.1343e-63 1.18386e-64 1.22401e-65 1.25419e-66 1.27405e-67 1.28355e-68 1.28286e-69 1.27239e-70 1.25273e-71 1.22465e-72 1.18902e-73 1.14683e-74 1.0991e-75 1.04688e-76 9.91209e-78 9.331e-79 8.73504e-80 8.13299e-81 7.53279e-82 6.94146e-83 6.36503e-84 5.80854e-85 5.27605e-86 4.77072e-87 4.29483e-88 3.84988e-89 3.43666e-90 3.05537e-91 2.70565e-92 2.38675e-93 2.09753e-94 1.83662e-95 1.60243e-96 1.39323e-97 1.20722e-98 1.04257e-99 8.97459e-101 7.70096e-102 6.5876e-103 5.61813e-104 4.77713e-105 4.05025e-106 3.42423e-107 2.88693e-108 2.42732e-109 2.03545e-110 1.70239e-111 1.42019e-112 1.1818e-113 9.81011e-115 8.12376e-116 6.7114e-117 5.53175e-118 4.54908e-119 3.73263e-120 3.05601e-121 2.49666e-122 2.03539e-123 1.65591e-124 1.34443e-125 1.08936e-126 8.80947e-128 7.11032e-129 5.728e-130 4.60581e-131 3.69668e-132 2.96164e-133 2.36855e-134
