0.369098 0.0129614 0.00870886 0.00627835 0.00476962 0.00376428 0.00305448 0.00252984 0.0021279 0.00181117 0.00155597 0.00134665 0.00117246 0.00102577 0.00090101 0.000794005 0.000701572 0.000621234 0.000551029 0.000489386 0.000435024 0.000386895 0.000344127 0.000305987 0.000271861 0.00024122 0.000213616 0.000188658 0.000166009 0.000145372 0.000130981
0.0129614 0.00125922 0.000776904 0.000513618 0.000359186 0.000262576 0.000198686 0.000154422 0.000122554 9.88786e-05 8.08319e-05 6.67826e-05 5.56532e-05 4.67081e-05 3.94303e-05 3.34474e-05 2.84851e-05 2.43374e-05 2.0847e-05 1.78922e-05 1.53774e-05 1.32267e-05 1.13793e-05 9.78613e-06 8.40717e-06 7.20969e-06 6.1668e-06 5.25641e-06 4.4605e-06 3.76463e-06 3.32697e-06
0.00870886 0.000776904 0.000461695 0.000296239 0.000202646 0.000145881 0.000109261 8.43632e-05 6.66846e-05 5.36797e-05 4.38345e-05 3.62059e-05 3.01815e-05 2.53489e-05 2.14216e-05 1.81949e-05 1.5519e-05 1.32821e-05 1.13991e-05 9.8043e-06 8.44627e-06 7.28425e-06 6.28562e-06 5.42402e-06 4.67803e-06 4.03011e-06 3.4659e-06 2.97368e-06 2.54401e-06 2.21615e-06 1.95985e-06
0.00627835 0.000513618 0.000296239 0.000185613 0.000124826 8.88605e-05 6.61058e-05 5.08541e-05 4.01302e-05 3.22915e-05 2.63803e-05 2.18099e-05 1.82041e-05 1.53123e-05 1.29616e-05 1.10291e-05 9.42516e-06 8.08317e-06 6.95244e-06 5.99388e-06 5.17691e-06 4.47727e-06 3.87554e-06 3.35603e-06 2.90598e-06 2.51494e-06 2.17437e-06 1.87736e-06 1.63674e-06 1.4258e-06 1.26146e-06
0.00476962 0.000359186 0.000202646 0.000124826 8.29875e-05 5.868e-05 4.351e-05 3.34358e-05 2.6392e-05 2.12582e-05 1.73911e-05 1.44011e-05 1.20406e-05 1.01455e-05 8.60304e-06 7.33336e-06 6.27823e-06 5.39432e-06 4.64869e-06 4.01592e-06 3.47608e-06 3.01337e-06 2.6151e-06 2.27101e-06 1.97275e-06 1.71347e-06 1.4876e-06 1.29791e-06 1.13175e-06 9.85939e-07 8.72469e-07
0.00376428 0.000262576 0.000145881 8.88605e-05 5.868e-05 4.13628e-05 3.06481e-05 2.35681e-05 1.86287e-05 1.503e-05 1.2317e-05 1.02166e-05 8.55571e-06 7.22012e-06 6.13137e-06 5.23385e-06 4.48701e-06 3.86061e-06 3.33166e-06 2.88236e-06 2.49873e-06 2.16967e-06 1.88627e-06 1.64129e-06 1.42883e-06 1.24407e-06 1.08599e-06 9.47704e-07 8.2648e-07 7.20033e-07 6.37171e-07
0.00305448 0.000198686 0.000109261 6.61058e-05 4.351e-05 3.06481e-05 2.27279e-05 1.75047e-05 1.38605e-05 1.12022e-05 9.19484e-06 7.63769e-06 6.40416e-06 5.41057e-06 4.59944e-06 3.92992e-06 3.3722e-06 2.904e-06 2.50832e-06 2.17201e-06 1.88469e-06 1.63813e-06 1.4257e-06 1.242e-06 1.08265e-06 9.45214e-07 8.25237e-07 7.20236e-07 6.28152e-07 5.47265e-07 4.84232e-07
0.00252984 0.000154422 8.43632e-05 5.08541e-05 3.34358e-05 2.35681e-05 1.75047e-05 1.3506e-05 1.07126e-05 8.67113e-06 7.12634e-06 5.92575e-06 4.97308e-06 4.20464e-06 3.57658e-06 3.05767e-06 2.62508e-06 2.2617e-06 1.95446e-06 1.69321e-06 1.46996e-06 1.27834e-06 1.1132e-06 9.70384e-07 8.46962e-07 7.39502e-07 6.45675e-07 5.63547e-07 4.91508e-07 4.28223e-07 3.78832e-07
0.0021279 0.000122554 6.66846e-05 4.01302e-05 2.6392e-05 1.86287e-05 1.38605e-05 1.07126e-05 8.50951e-06 6.89603e-06 5.67274e-06 4.72041e-06 3.9637e-06 3.35265e-06 2.85281e-06 2.43957e-06 2.0949e-06 1.80528e-06 1.56034e-06 1.35204e-06 1.17401e-06 1.02119e-06 8.89497e-07 7.75806e-07 6.77127e-07 5.91212e-07 5.16198e-07 4.50537e-07 3.92943e-07 3.42348e-07 3.02796e-07
0.00181117 9.88786e-05 5.36797e-05 3.22915e-05 2.12582e-05 1.503e-05 1.12022e-05 8.67113e-06 6.89603e-06 5.59342e-06 4.60411e-06 3.83288e-06 3.2194e-06 2.72363e-06 2.31785e-06 1.98225e-06 1.70226e-06 1.46696e-06 1.26794e-06 1.09869e-06 9.5404e-07 8.29887e-07 7.22991e-07 6.30534e-07 5.50296e-07 4.80447e-07 4.19468e-07 3.66097e-07 3.1929e-07 2.78175e-07 2.45979e-07
0.00155597 8.08319e-05 4.38345e-05 2.63803e-05 1.73911e-05 1.2317e-05 9.19484e-06 7.12634e-06 5.67274e-06 4.60411e-06 3.79133e-06 3.157e-06 2.65203e-06 2.24371e-06 1.9094e-06 1.63285e-06 1.40211e-06 1.20819e-06 1.04418e-06 9.04713e-07 7.8554e-07 6.83304e-07 5.95213e-07 5.19035e-07 4.52939e-07 3.95413e-07 3.45202e-07 3.01264e-07 2.62736e-07 2.28899e-07 2.02358e-07
0.00134665 6.67826e-05 3.62059e-05 2.18099e-05 1.44011e-05 1.02166e-05 7.63769e-06 5.92575e-06 4.72041e-06 3.83288e-06 3.157e-06 2.62906e-06 2.20853e-06 1.86838e-06 1.58983e-06 1.35938e-06 1.16711e-06 1.00554e-06 8.68903e-07 7.52733e-07 6.53503e-07 5.68357e-07 4.95008e-07 4.31594e-07 3.76587e-07 3.28723e-07 2.86955e-07 2.50414e-07 2.18379e-07 1.90251e-07 1.6815e-07
0.00117246 5.56532e-05 3.01815e-05 1.82041e-05 1.20406e-05 8.55571e-06 6.40416e-06 4.97308e-06 3.9637e-06 3.2194e-06 2.65203e-06 2.20853e-06 1.85513e-06 1.56921e-06 1.33504e-06 1.14132e-06 9.79706e-07 8.43911e-07 7.29101e-07 6.31514e-07 5.48157e-07 4.7665e-07 4.15066e-07 3.61838e-07 3.15678e-07 2.75524e-07 2.40492e-07 2.09853e-07 1.82997e-07 1.59422e-07 1.40869e-07
0.00102577 4.67081e-05 2.53489e-05 1.53123e-05 1.01455e-05 7.22012e-06 5.41057e-06 4.20464e-06 3.35265e-06 2.72363e-06 2.24371e-06 1.86838e-06 1.56921e-06 1.32713e-06 1.12886e-06 9.64859e-07 8.28057e-07 7.1313e-07 6.15987e-07 5.33427e-07 4.62925e-07 4.0246e-07 3.504e-07 3.05416e-07 2.66416e-07 2.32499e-07 2.02918e-07 1.77051e-07 1.54385e-07 1.34492e-07 1.18814e-07
0.00090101 3.94303e-05 2.14216e-05 1.29616e-05 8.60304e-06 6.13137e-06 4.59944e-06 3.57658e-06 2.85281e-06 2.31785e-06 1.9094e-06 1.58983e-06 1.33504e-06 1.12886e-06 9.60013e-07 8.20358e-07 7.03886e-07 6.06061e-07 5.23387e-07 4.53141e-07 3.9317e-07 3.4175e-07 2.97491e-07 2.59257e-07 2.26119e-07 1.97308e-07 1.72186e-07 1.50225e-07 1.30986e-07 1.14105e-07 1.0078e-07
0.000794005 3.34474e-05 1.81949e-05 1.10291e-05 7.33336e-06 5.23385e-06 3.92992e-06 3.05767e-06 2.43957e-06 1.98225e-06 1.63285e-06 1.35938e-06 1.14132e-06 9.64859e-07 8.20358e-07 7.00859e-07 6.01218e-07 5.17543e-07 4.46844e-07 3.86789e-07 3.35532e-07 2.91595e-07 2.53786e-07 2.21134e-07 1.92841e-07 1.68248e-07 1.46811e-07 1.28077e-07 1.11668e-07 9.72735e-08 8.58959e-08
0.000701572 2.84851e-05 1.5519e-05 9.42516e-06 6.27823e-06 4.48701e-06 3.3722e-06 2.62508e-06 2.0949e-06 1.70226e-06 1.40211e-06 1.16711e-06 9.79706e-07 8.28057e-07 7.03886e-07 6.01218e-07 5.15624e-07 4.43761e-07 3.83058e-07 3.31506e-07 2.87517e-07 2.49821e-07 2.17391e-07 1.89391e-07 1.65136e-07 1.44059e-07 1.25691e-07 1.09643e-07 9.55906e-08 8.32664e-08 7.35118e-08
0.000621234 2.43374e-05 1.32821e-05 8.08317e-06 5.39432e-06 3.86061e-06 2.904e-06 2.2617e-06 1.80528e-06 1.46696e-06 1.20819e-06 1.00554e-06 8.43911e-07 7.1313e-07 6.06061e-07 5.17543e-07 4.43761e-07 3.8183e-07 3.29528e-07 2.85122e-07 2.4724e-07 2.14786e-07 1.86872e-07 1.62778e-07 1.41911e-07 1.23784e-07 1.0799e-07 9.41947e-08 8.21178e-08 7.15286e-08 6.31364e-08
0.000551029 2.0847e-05 1.13991e-05 6.95244e-06 4.64869e-06 3.33166e-06 2.50832e-06 1.95446e-06 1.56034e-06 1.26794e-06 1.04418e-06 8.68903e-07 7.29101e-07 6.15987e-07 5.23387e-07 4.46844e-07 3.83058e-07 3.29528e-07 2.84332e-07 2.45968e-07 2.13249e-07 1.85223e-07 1.61125e-07 1.40329e-07 1.22324e-07 1.06686e-07 9.30652e-08 8.11701e-08 7.07594e-08 6.16332e-08 5.43916e-08
0.000489386 1.78922e-05 9.8043e-06 5.99388e-06 4.01592e-06 2.88236e-06 2.17201e-06 1.69321e-06 1.35204e-06 1.09869e-06 9.04713e-07 7.52733e-07 6.31514e-07 5.33427e-07 4.53141e-07 3.86789e-07 3.31506e-07 2.85122e-07 2.45968e-07 2.1274e-07 1.84408e-07 1.60145e-07 1.39288e-07 1.21293e-07 1.05717e-07 9.21917e-08 8.04137e-08 7.01305e-08 6.11326e-08 5.32467e-08 4.69818e-08
0.000435024 1.53774e-05 8.44627e-06 5.17691e-06 3.47608e-06 2.49873e-06 1.88469e-06 1.46996e-06 1.17401e-06 9.5404e-07 7.8554e-07 6.53503e-07 5.48157e-07 4.62925e-07 3.9317e-07 3.35532e-07 2.87517e-07 2.4724e-07 2.13249e-07 1.84408e-07 1.59821e-07 1.38771e-07 1.20679e-07 1.05074e-07 9.15695e-08 7.98457e-08 6.96387e-08 6.07292e-08 5.2935e-08 4.61054e-08 4.06737e-08
0.000386895 1.32267e-05 7.28425e-06 4.47727e-06 3.01337e-06 2.16967e-06 1.63813e-06 1.27834e-06 1.02119e-06 8.29887e-07 6.83304e-07 5.68357e-07 4.7665e-07 4.0246e-07 3.4175e-07 2.91595e-07 2.49821e-07 2.14786e-07 1.85223e-07 1.60145e-07 1.38771e-07 1.20475e-07 1.04754e-07 9.11966e-08 7.94661e-08 6.92849e-08 6.04229e-08 5.26889e-08 4.59245e-08 3.99985e-08 3.52805e-08
0.000344127 1.13793e-05 6.28562e-06 3.87554e-06 2.6151e-06 1.88627e-06 1.4257e-06 1.1132e-06 8.89497e-07 7.22991e-07 5.95213e-07 4.95008e-07 4.15066e-07 3.504e-07 2.97491e-07 2.53786e-07 2.17391e-07 1.86872e-07 1.61125e-07 1.39288e-07 1.20679e-07 1.04754e-07 9.10724e-08 7.9276e-08 6.90713e-08 6.02162e-08 5.251e-08 4.5786e-08 3.99062e-08 3.47559e-08 3.06516e-08
0.000305987 9.78613e-06 5.42402e-06 3.35603e-06 2.27101e-06 1.64129e-06 1.242e-06 9.70384e-07 7.75806e-07 6.30534e-07 5.19035e-07 4.31594e-07 3.61838e-07 3.05416e-07 2.59257e-07 2.21134e-07 1.89391e-07 1.62778e-07 1.40329e-07 1.21293e-07 1.05074e-07 9.11966e-08 7.9276e-08 6.89999e-08 6.0112e-08 5.24009e-08 4.56915e-08 3.98384e-08 3.4721e-08 3.02394e-08 2.66647e-08
0.000271861 8.40717e-06 4.67803e-06 2.90598e-06 1.97275e-06 1.42883e-06 1.08265e-06 8.46962e-07 6.77127e-07 5.50296e-07 4.52939e-07 3.76587e-07 3.15678e-07 2.66416e-07 2.26119e-07 1.92841e-07 1.65136e-07 1.41911e-07 1.22324e-07 1.05717e-07 9.15695e-08 7.94661e-08 6.90713e-08 6.0112e-08 5.23643e-08 4.56435e-08 3.97967e-08 3.4697e-08 3.0239e-08 2.63354e-08 2.32193e-08
0.00024122 7.20969e-06 4.03011e-06 2.51494e-06 1.71347e-06 1.24407e-06 9.45214e-07 7.39502e-07 5.91212e-07 4.80447e-07 3.95413e-07 3.28723e-07 2.75524e-07 2.32499e-07 1.97308e-07 1.68248e-07 1.44059e-07 1.23784e-07 1.06686e-07 9.21917e-08 7.98457e-08 6.92849e-08 6.02162e-08 5.24009e-08 4.56435e-08 3.97826e-08 3.46846e-08 3.02386e-08 2.63526e-08 2.29504e-08 2.02326e-08
0.000213616 6.1668e-06 3.4659e-06 2.17437e-06 1.4876e-06 1.08599e-06 8.25237e-07 6.45675e-07 5.16198e-07 4.19468e-07 3.45202e-07 2.86955e-07 2.40492e-07 2.02918e-07 1.72186e-07 1.46811e-07 1.25691e-07 1.0799e-07 9.30652e-08 8.04137e-08 6.96387e-08 6.04229e-08 5.251e-08 4.56915e-08 3.97967e-08 3.46846e-08 3.02385e-08 2.63614e-08 2.29731e-08 2.0007e-08 1.76361e-08
0.000188658 5.25641e-06 2.97368e-06 1.87736e-06 1.29791e-06 9.47704e-07 7.20236e-07 5.63547e-07 4.50537e-07 3.66097e-07 3.01264e-07 2.50414e-07 2.09853e-07 1.77051e-07 1.50225e-07 1.28077e-07 1.09643e-07 9.41947e-08 8.11701e-08 7.01305e-08 6.07292e-08 5.26889e-08 4.5786e-08 3.98384e-08 3.4697e-08 3.02386e-08 2.63614e-08 2.29808e-08 2.00267e-08 1.74408e-08 1.53729e-08
0.000166009 4.4605e-06 2.54401e-06 1.63674e-06 1.13175e-06 8.2648e-07 6.28152e-07 4.91508e-07 3.92943e-07 3.1929e-07 2.62736e-07 2.18379e-07 1.82997e-07 1.54385e-07 1.30986e-07 1.11668e-07 9.55906e-08 8.21178e-08 7.07594e-08 6.11326e-08 5.2935e-08 4.59245e-08 3.99062e-08 3.4721e-08 3.0239e-08 2.63526e-08 2.29731e-08 2.00267e-08 1.7452e-08 1.51985e-08 1.33957e-08
0.000145372 3.76463e-06 2.21615e-06 1.4258e-06 9.85939e-07 7.20033e-07 5.47265e-07 4.28223e-07 3.42348e-07 2.78175e-07 2.28899e-07 1.90251e-07 1.59422e-07 1.34492e-07 1.14105e-07 9.72735e-08 8.32664e-08 7.15286e-08 6.16332e-08 5.32467e-08 4.61054e-08 3.99985e-08 3.47559e-08 3.02394e-08 2.63354e-08 2.29504e-08 2.0007e-08 1.74408e-08 1.51985e-08 1.32359e-08 1.16656e-08
0.000130981 3.32697e-06 1.95985e-06 1.26146e-06 8.72469e-07 6.37171e-07 4.84232e-07 3.78832e-07 3.02796e-07 2.45979e-07 2.02358e-07 1.6815e-07 1.40869e-07 1.18814e-07 1.0078e-07 8.58959e-08 7.35118e-08 6.31364e-08 5.43916e-08 4.69818e-08 4.06737e-08 3.52805e-08 3.06516e-08 2.66647e-08 2.32193e-08 2.02326e-08 1.76361e-08 1.53729e-08 1.33957e-08 1.16656e-08 1.02799e-08
