0.228599 0.0520822 0.0267917 0.0150744 0.00859251 0.00484673 0.0026954 0.00148031 0.000804772 0.000433974 0.000232486 0.000123872 6.57008e-05 3.47122e-05 1.82782e-05 9.59644e-06 5.02527e-06 2.62546e-06 1.36883e-06 7.12327e-07 3.70058e-07 1.91949e-07 9.94214e-08 5.14284e-08 2.65701e-08 1.3711e-08 7.06641e-09 3.63548e-09 1.86307e-09 9.43092e-10 4.84507e-10
0.0520822 0.0145436 0.00700115 0.00324958 0.001497 0.000694228 0.000325307 0.000153964 7.34864e-05 3.53152e-05 1.70647e-05 8.28253e-06 4.03456e-06 1.97116e-06 9.65445e-07 4.7385e-07 2.32984e-07 1.1473e-07 5.65715e-08 2.79266e-08 1.37999e-08 6.82529e-09 3.37836e-09 1.67337e-09 8.29353e-10 4.11228e-10 2.03925e-10 1.01021e-10 4.9797e-11 2.40922e-11 1.19789e-11
0.0267917 0.00700115 0.00267471 0.00111956 0.000490768 0.000221669 0.000102285 4.79405e-05 2.27314e-05 1.08728e-05 5.23567e-06 2.53444e-06 1.232e-06 6.00913e-07 2.93919e-07 1.44097e-07 7.07844e-08 3.48293e-08 1.71624e-08 8.46741e-09 4.18211e-09 2.06755e-09 1.02301e-09 5.06551e-10 2.5098e-10 1.24408e-10 6.1666e-11 3.0521e-11 1.5012e-11 7.3973e-12 3.67744e-12
0.0150744 0.00324958 0.00111956 0.000442026 0.000187729 8.32516e-05 3.79667e-05 1.76491e-05 8.31688e-06 3.95867e-06 1.89859e-06 9.15948e-07 4.43954e-07 2.15994e-07 1.05413e-07 5.15776e-08 2.52914e-08 1.24247e-08 6.11349e-09 3.01224e-09 1.48597e-09 7.33812e-10 3.62713e-10 1.79429e-10 8.88218e-11 4.39896e-11 2.17847e-11 1.07709e-11 5.33073e-12 2.62592e-12 1.30461e-12
0.00859251 0.001497 0.000490768 0.000187729 7.82501e-05 3.42938e-05 1.55106e-05 7.16466e-06 3.35887e-06 1.59182e-06 7.60578e-07 3.65723e-07 1.76746e-07 8.57666e-08 4.17584e-08 2.03885e-08 9.97816e-09 4.89316e-09 2.4037e-09 1.18256e-09 5.82552e-10 2.87307e-10 1.4184e-10 7.00869e-11 3.46578e-11 1.71471e-11 8.48355e-12 4.20014e-12 2.07747e-12 1.02286e-12 5.07782e-13
0.00484673 0.000694228 0.000221669 8.32516e-05 3.42938e-05 1.49073e-05 6.70055e-06 3.07938e-06 1.43738e-06 6.78612e-07 3.23156e-07 1.54922e-07 7.46683e-08 3.61445e-08 1.7559e-08 8.55571e-09 4.17936e-09 2.04598e-09 1.00346e-09 4.92952e-10 2.42505e-10 1.19448e-10 5.88995e-11 2.90712e-11 1.43605e-11 7.09798e-12 3.51081e-12 1.73684e-12 8.58485e-13 4.22461e-13 2.0956e-13
0.0026954 0.000325307 0.000102285 3.79667e-05 1.55106e-05 6.70055e-06 2.99657e-06 1.37121e-06 6.37632e-07 3.00028e-07 1.42445e-07 6.81038e-08 3.27437e-08 1.58147e-08 7.66714e-09 3.72886e-09 1.81836e-09 8.8875e-10 4.35249e-10 2.13523e-10 1.04907e-10 5.16109e-11 2.54208e-11 1.25338e-11 6.18534e-12 3.05496e-12 1.50979e-12 7.46337e-13 3.68649e-13 1.81319e-13 8.98763e-14
0.00148031 0.000153964 4.79405e-05 1.76491e-05 7.16466e-06 3.07938e-06 1.37121e-06 6.25093e-07 2.89706e-07 1.35909e-07 6.43516e-08 3.06919e-08 1.47236e-08 7.09688e-09 3.43424e-09 1.66736e-09 8.11797e-10 3.96197e-10 1.93767e-10 9.49369e-11 4.65889e-11 2.28949e-11 1.12651e-11 5.5489e-12 2.73596e-12 1.35015e-12 6.66726e-13 3.29343e-13 1.62571e-13 7.99207e-14 3.9588e-14
0.000804772 7.34864e-05 2.27314e-05 8.31688e-06 3.35887e-06 1.43738e-06 6.37632e-07 2.89706e-07 1.33866e-07 6.26312e-08 2.95832e-08 1.40783e-08 6.74008e-09 3.24277e-09 1.56655e-09 7.59386e-10 3.69192e-10 1.79942e-10 8.78935e-11 4.30136e-11 2.10852e-11 1.03512e-11 5.08824e-12 2.5041e-12 1.23363e-12 6.08292e-13 3.0016e-13 1.48167e-13 7.30936e-14 3.59164e-14 1.77795e-14
0.000433974 3.53152e-05 1.08728e-05 3.95867e-06 1.59182e-06 6.78612e-07 3.00028e-07 1.35909e-07 6.26312e-08 2.92318e-08 1.37769e-08 6.54313e-09 3.12683e-09 1.50184e-09 7.24397e-10 3.50649e-10 1.70249e-10 8.28756e-11 4.04343e-11 1.97665e-11 9.67971e-12 4.74746e-12 2.33159e-12 1.14649e-12 5.64365e-13 2.78074e-13 1.37118e-13 6.76412e-14 3.33492e-14 1.63798e-14 8.1035e-15
0.000232486 1.70647e-05 5.23567e-06 1.89859e-06 7.60578e-07 3.23156e-07 1.42445e-07 6.43516e-08 2.95832e-08 1.37769e-08 6.48007e-09 3.07198e-09 1.46557e-09 7.02842e-10 3.38525e-10 1.63649e-10 7.93582e-11 3.85867e-11 1.8806e-11 9.18417e-12 4.49329e-12 2.20181e-12 1.08046e-12 5.30866e-13 2.61126e-13 1.28572e-13 6.33567e-14 3.1235e-14 1.53913e-14 7.55643e-15 3.73625e-15
0.000123872 8.28253e-06 2.53444e-06 9.15948e-07 3.65723e-07 1.54922e-07 6.81038e-08 3.06919e-08 1.40783e-08 6.54313e-09 3.07198e-09 1.45388e-09 6.92548e-10 3.31653e-10 1.59531e-10 7.70261e-11 3.73098e-11 1.8122e-11 8.82333e-12 4.30499e-12 2.10433e-12 1.03031e-12 5.05195e-13 2.48036e-13 1.21921e-13 5.99909e-14 2.95434e-14 1.45565e-14 7.16911e-15 3.51831e-15 1.73869e-15
6.57008e-05 4.03456e-06 1.232e-06 4.43954e-07 1.76746e-07 7.46683e-08 3.27437e-08 1.47236e-08 6.74008e-09 3.12683e-09 1.46557e-09 6.92548e-10 3.29424e-10 1.5755e-10 7.56926e-11 3.65051e-11 1.76636e-11 8.57104e-12 4.16924e-12 2.03243e-12 9.92664e-13 4.85647e-13 2.37953e-13 1.16747e-13 5.73484e-14 2.82006e-14 1.38796e-14 6.83494e-15 3.36455e-15 1.65057e-15 8.15271e-16
3.47122e-05 1.97116e-06 6.00913e-07 2.15994e-07 8.57666e-08 3.61445e-08 1.58147e-08 7.09688e-09 3.24277e-09 1.50184e-09 7.02842e-10 3.31653e-10 1.5755e-10 7.52585e-11 3.61159e-11 1.73997e-11 8.41082e-12 4.07747e-12 1.9817e-12 9.65254e-13 4.71077e-13 2.303e-13 1.12762e-13 5.52883e-14 2.71418e-14 1.33389e-14 6.5614e-15 3.22943e-15 1.58897e-15 7.79231e-16 3.84703e-16
1.82782e-05 9.65445e-07 2.93919e-07 1.05413e-07 4.17584e-08 1.7559e-08 7.66714e-09 3.43424e-09 1.56655e-09 7.24397e-10 3.38525e-10 1.59531e-10 7.56926e-11 3.61159e-11 1.73135e-11 8.33297e-12 4.02435e-12 1.94927e-12 9.46596e-13 4.60718e-13 2.24683e-13 1.09767e-13 5.37105e-14 2.63184e-14 1.29125e-14 6.34231e-15 3.11813e-15 1.53394e-15 7.54401e-16 3.69833e-16 1.82502e-16
9.59644e-06 4.7385e-07 1.44097e-07 5.15776e-08 2.03885e-08 8.55571e-09 3.72886e-09 1.66736e-09 7.59386e-10 3.50649e-10 1.63649e-10 7.70261e-11 3.65051e-11 1.73997e-11 8.33297e-12 4.00696e-12 1.93346e-12 9.35748e-13 4.54064e-13 2.20838e-13 1.07624e-13 5.25448e-14 2.5695e-14 1.25833e-14 6.17025e-15 3.02907e-15 1.48846e-15 7.31888e-16 3.59794e-16 1.76326e-16 8.69738e-17
5.02527e-06 2.32984e-07 7.07844e-08 2.52914e-08 9.97816e-09 4.17936e-09 1.81836e-09 8.11797e-10 3.69192e-10 1.70249e-10 7.93582e-11 3.73098e-11 1.76636e-11 8.41082e-12 4.02435e-12 1.93346e-12 9.32187e-13 4.5081e-13 2.18594e-13 1.06242e-13 5.1743e-14 2.52467e-14 1.23387e-14 6.03911e-15 2.95972e-15 1.45224e-15 7.13275e-16 3.50565e-16 1.72266e-16 8.43972e-17 4.16121e-17
2.62546e-06 1.1473e-07 3.48293e-08 1.24247e-08 4.89316e-09 2.04598e-09 8.8875e-10 3.96197e-10 1.79942e-10 8.28756e-11 3.85867e-11 1.8122e-11 8.57104e-12 4.07747e-12 1.94927e-12 9.35748e-13 4.5081e-13 2.17856e-13 1.05564e-13 5.12737e-14 2.49565e-14 1.21698e-14 5.94436e-15 2.9079e-15 1.42442e-15 6.98578e-16 3.42954e-16 1.68485e-16 8.27604e-17 4.05342e-17 1.99775e-17
1.36883e-06 5.65715e-08 1.71624e-08 6.11349e-09 2.4037e-09 1.00346e-09 4.35249e-10 1.93767e-10 8.78935e-11 4.04343e-11 1.8806e-11 8.82333e-12 4.16924e-12 1.9817e-12 9.46596e-13 4.54064e-13 2.18594e-13 1.05564e-13 5.11192e-14 2.48139e-14 1.20706e-14 5.88284e-15 2.87198e-15 1.40422e-15 6.87519e-16 3.37026e-16 1.65384e-16 8.12156e-17 3.98786e-17 1.95261e-17 9.61986e-18
7.12327e-07 2.79266e-08 8.46741e-09 3.01224e-09 1.18256e-09 4.92952e-10 2.13523e-10 9.49369e-11 4.30136e-11 1.97665e-11 9.18417e-12 4.30499e-12 2.03243e-12 9.65254e-13 4.60718e-13 2.20838e-13 1.06242e-13 5.12737e-14 2.48139e-14 1.20379e-14 5.85256e-15 2.85085e-15 1.39107e-15 6.79823e-16 3.32694e-16 1.63017e-16 7.99616e-17 3.92514e-17 1.92664e-17 9.43099e-18 4.64464e-18
3.70058e-07 1.37999e-08 4.18211e-09 1.48597e-09 5.82552e-10 2.42505e-10 1.04907e-10 4.65889e-11 2.10852e-11 9.67971e-12 4.49329e-12 2.10433e-12 9.92664e-13 4.71077e-13 2.24683e-13 1.07624e-13 5.1743e-14 2.49565e-14 1.20706e-14 5.85256e-15 2.84388e-15 1.38459e-15 6.75285e-16 3.29863e-16 1.61359e-16 7.9031e-17 3.875e-17 1.90144e-17 9.32992e-18 4.56584e-18 2.24783e-18
1.91949e-07 6.82529e-09 2.06755e-09 7.33812e-10 2.87307e-10 1.19448e-10 5.16109e-11 2.28949e-11 1.03512e-11 4.74746e-12 2.20181e-12 1.03031e-12 4.85647e-13 2.303e-13 1.09767e-13 5.25448e-14 2.52467e-14 1.21698e-14 5.88284e-15 2.85085e-15 1.38459e-15 6.73786e-16 3.28465e-16 1.60378e-16 7.84189e-17 3.83929e-17 1.88174e-17 9.2302e-18 4.52756e-18 2.21512e-18 1.09017e-18
9.94214e-08 3.37836e-09 1.02301e-09 3.62713e-10 1.4184e-10 5.88995e-11 2.54208e-11 1.12651e-11 5.08824e-12 2.33159e-12 1.08046e-12 5.05195e-13 2.37953e-13 1.12762e-13 5.37105e-14 2.5695e-14 1.23387e-14 5.94436e-15 2.87198e-15 1.39107e-15 6.75285e-16 3.28465e-16 1.60054e-16 7.81157e-17 3.81803e-17 1.86854e-17 9.15483e-18 4.48901e-18 2.20123e-18 1.0767e-18 5.29725e-19
5.14284e-08 1.67337e-09 5.06551e-10 1.79429e-10 7.00869e-11 2.90712e-11 1.25338e-11 5.5489e-12 2.5041e-12 1.14649e-12 5.30866e-13 2.48036e-13 1.16747e-13 5.52883e-14 2.63184e-14 1.25833e-14 6.03911e-15 2.9079e-15 1.40422e-15 6.79823e-16 3.29863e-16 1.60378e-16 7.81157e-17 3.81098e-17 1.86196e-17 9.10903e-18 4.46135e-18 2.18686e-18 1.07202e-18 5.24242e-19 2.57841e-19
2.65701e-08 8.29353e-10 2.5098e-10 8.88218e-11 3.46578e-11 1.43605e-11 6.18534e-12 2.73596e-12 1.23363e-12 5.64365e-13 2.61126e-13 1.21921e-13 5.73484e-14 2.71418e-14 1.29125e-14 6.17025e-15 2.95972e-15 1.42442e-15 6.87519e-16 3.32694e-16 1.61359e-16 7.84189e-17 3.81803e-17 1.86196e-17 9.09373e-18 4.44723e-18 2.17739e-18 1.06697e-18 5.22885e-19 2.55645e-19 1.25697e-19
1.3711e-08 4.11228e-10 1.24408e-10 4.39896e-11 1.71471e-11 7.09798e-12 3.05496e-12 1.35015e-12 6.08292e-13 2.78074e-13 1.28572e-13 5.99909e-14 2.82006e-14 1.33389e-14 6.34231e-15 3.02907e-15 1.45224e-15 6.98578e-16 3.37026e-16 1.63017e-16 7.9031e-17 3.83929e-17 1.86854e-17 9.10903e-18 4.44723e-18 2.17415e-18 1.06413e-18 5.21283e-19 2.55391e-19 1.24837e-19 6.1363e-20
7.06641e-09 2.03925e-10 6.1666e-11 2.17847e-11 8.48355e-12 3.51081e-12 1.50979e-12 6.66726e-13 3.0016e-13 1.37118e-13 6.33567e-14 2.95434e-14 1.38796e-14 6.5614e-15 3.11813e-15 1.48846e-15 7.13275e-16 3.42954e-16 1.65384e-16 7.99616e-17 3.875e-17 1.88174e-17 9.15483e-18 4.46135e-18 2.17739e-18 1.06413e-18 5.20668e-19 2.54984e-19 1.2489e-19 6.10342e-20 2.99928e-20
3.63548e-09 1.01021e-10 3.0521e-11 1.07709e-11 4.20014e-12 1.73684e-12 7.46337e-13 3.29343e-13 1.48167e-13 6.76412e-14 3.1235e-14 1.45565e-14 6.83494e-15 3.22943e-15 1.53394e-15 7.31888e-16 3.50565e-16 1.68485e-16 8.12156e-17 3.92514e-17 1.90144e-17 9.2302e-18 4.48901e-18 2.18686e-18 1.06697e-18 5.21283e-19 2.54984e-19 1.24836e-19 6.11286e-20 2.98679e-20 1.46735e-20
1.86307e-09 4.9797e-11 1.5012e-11 5.33073e-12 2.07747e-12 8.58485e-13 3.68649e-13 1.62571e-13 7.30936e-14 3.33492e-14 1.53913e-14 7.16911e-15 3.36455e-15 1.58897e-15 7.54401e-16 3.59794e-16 1.72266e-16 8.27604e-17 3.98786e-17 1.92664e-17 9.32992e-18 4.52756e-18 2.20123e-18 1.07202e-18 5.22885e-19 2.55391e-19 1.2489e-19 6.11286e-20 2.99258e-20 1.46193e-20 7.18044e-21
9.43092e-10 2.40922e-11 7.3973e-12 2.62592e-12 1.02286e-12 4.22461e-13 1.81319e-13 7.99207e-14 3.59164e-14 1.63798e-14 7.55643e-15 3.51831e-15 1.65057e-15 7.79231e-16 3.69833e-16 1.76326e-16 8.43972e-17 4.05342e-17 1.95261e-17 9.43099e-18 4.56584e-18 2.21512e-18 1.0767e-18 5.24242e-19 2.55645e-19 1.24837e-19 6.10342e-20 2.98679e-20 1.46193e-20 7.14086e-21 3.50666e-21
4.84507e-10 1.19789e-11 3.67744e-12 1.30461e-12 5.07782e-13 2.0956e-13 8.98763e-14 3.9588e-14 1.77795e-14 8.1035e-15 3.73625e-15 1.73869e-15 8.15271e-16 3.84703e-16 1.82502e-16 8.69738e-17 4.16121e-17 1.99775e-17 9.61986e-18 4.64464e-18 2.24783e-18 1.09017e-18 5.29725e-19 2.57841e-19 1.25697e-19 6.1363e-20 2.99928e-20 1.46735e-20 7.18044e-21 3.50666e-21 1.72158e-21
