0.375519 0.0486616 0.0281134 0.0176637 0.0115754 0.00773268 0.00520479 0.00351012 0.00236583 0.00159194 0.00106904 0.0007164 0.000479124 0.000319831 0.000213124 0.000141788 9.41878e-05 6.24804e-05 4.13934e-05 2.73902e-05 1.81037e-05 1.1953e-05 7.88397e-06 5.19487e-06 3.41933e-06 2.24778e-06 1.47491e-06 9.64677e-07 6.26862e-07 4.01499e-07 2.63275e-07
0.0486616 0.0100301 0.00550189 0.00313098 0.00181296 0.00106218 0.000628619 0.000375466 0.000226123 0.000137176 8.374e-05 5.13945e-05 3.16869e-05 1.96123e-05 1.21792e-05 7.58478e-06 4.73514e-06 2.96243e-06 1.85682e-06 1.16573e-06 7.32903e-07 4.61352e-07 2.9072e-07 1.83345e-07 1.1568e-07 7.29694e-08 4.59523e-08 2.88034e-08 1.78523e-08 1.07826e-08 6.84263e-09
0.0281134 0.00550189 0.00275296 0.00147408 0.000821325 0.000469625 0.00027361 0.000161746 9.67384e-05 5.84087e-05 3.55401e-05 2.17632e-05 1.33971e-05 8.28327e-06 5.1403e-06 3.19982e-06 1.99716e-06 1.24937e-06 7.83108e-07 4.91694e-07 3.0918e-07 1.94662e-07 1.22689e-07 7.73851e-08 4.88241e-08 3.07856e-08 1.93649e-08 1.21064e-08 7.4649e-09 4.67834e-09 2.97005e-09
0.0176637 0.00313098 0.00147408 0.000754233 0.000407448 0.000228264 0.000131205 7.68606e-05 4.56828e-05 2.74609e-05 1.6656e-05 1.01754e-05 6.2527e-06 3.86071e-06 2.39329e-06 1.48858e-06 9.28489e-07 5.80532e-07 3.63727e-07 2.28297e-07 1.43514e-07 9.03349e-08 5.69213e-08 3.58924e-08 2.26357e-08 1.42624e-08 8.96e-09 5.59047e-09 3.52061e-09 2.20649e-09 1.40077e-09
0.0115754 0.00181296 0.000821325 0.000407448 0.000215298 0.000118814 6.76028e-05 3.93266e-05 2.3259e-05 1.39311e-05 8.42657e-06 5.13687e-06 3.15111e-06 1.94286e-06 1.20295e-06 7.47435e-07 4.65785e-07 2.90998e-07 1.82193e-07 1.14282e-07 7.17992e-08 4.51693e-08 2.84465e-08 1.79271e-08 1.12984e-08 7.11322e-09 4.46483e-09 2.81655e-09 1.77364e-09 1.11148e-09 7.054e-10
0.00773268 0.00106218 0.000469625 0.000228264 0.000118814 6.48861e-05 3.66537e-05 2.12147e-05 1.25006e-05 7.46607e-06 4.5058e-06 2.74159e-06 1.67907e-06 1.0338e-06 6.39289e-07 3.96768e-07 2.47004e-07 1.54171e-07 9.64425e-08 6.0446e-08 3.79473e-08 2.38557e-08 1.50133e-08 9.45478e-09 5.95456e-09 3.74657e-09 2.36394e-09 1.49091e-09 9.38642e-10 5.88094e-10 3.73059e-10
0.00520479 0.000628619 0.00027361 0.000131205 6.76028e-05 3.66537e-05 2.06004e-05 1.18792e-05 6.97998e-06 4.15933e-06 2.50535e-06 1.52184e-06 9.3065e-07 5.72223e-07 3.53416e-07 2.19092e-07 1.36248e-07 8.49563e-08 5.30954e-08 3.32487e-08 2.08558e-08 1.31007e-08 8.23843e-09 5.18447e-09 3.26314e-09 2.05759e-09 1.29776e-09 8.18187e-10 5.14936e-10 3.22544e-10 2.04495e-10
0.00351012 0.000375466 0.000161746 7.68606e-05 3.93266e-05 2.12147e-05 1.18792e-05 6.8309e-06 4.00458e-06 2.38172e-06 1.43218e-06 8.68628e-07 5.30442e-07 3.25723e-07 2.00928e-07 1.24418e-07 7.72901e-08 4.81451e-08 3.00608e-08 1.88074e-08 1.17872e-08 7.39817e-09 4.64881e-09 2.92355e-09 1.84128e-09 1.16044e-09 7.31562e-10 4.61018e-10 2.90035e-10 1.8162e-10 1.15083e-10
0.00236583 0.000226123 9.67384e-05 4.56828e-05 2.3259e-05 1.25006e-05 6.97998e-06 4.00458e-06 2.34316e-06 1.39122e-06 8.35277e-07 5.05875e-07 3.08507e-07 1.89204e-07 1.16576e-07 7.21054e-08 4.47456e-08 2.7845e-08 1.73695e-08 1.08575e-08 6.799e-09 4.26397e-09 2.67743e-09 1.68363e-09 1.05973e-09 6.6751e-10 4.20593e-10 2.64926e-10 1.66602e-10 1.04296e-10 6.60497e-11
0.00159194 0.000137176 5.84087e-05 2.74609e-05 1.39311e-05 7.46607e-06 4.15933e-06 2.38172e-06 1.39122e-06 8.24736e-07 4.9445e-07 2.99051e-07 1.82143e-07 1.11571e-07 6.86649e-08 4.24255e-08 2.63007e-08 1.63511e-08 1.01904e-08 6.36441e-09 3.98216e-09 2.49552e-09 1.56629e-09 9.84279e-10 6.19163e-10 3.89779e-10 2.45468e-10 1.54543e-10 9.71468e-11 6.07984e-11 3.8482e-11
0.00106904 8.374e-05 3.55401e-05 1.6656e-05 8.42657e-06 4.5058e-06 2.50535e-06 1.43218e-06 8.35277e-07 4.9445e-07 2.96031e-07 1.78814e-07 1.08777e-07 6.65544e-08 4.09152e-08 2.52539e-08 1.56403e-08 9.71454e-09 6.04905e-09 3.7748e-09 2.36003e-09 1.47808e-09 9.27071e-10 5.8221e-10 3.66019e-10 2.30289e-10 1.44952e-10 9.12168e-11 5.73163e-11 3.58608e-11 2.2686e-11
0.0007164 5.13945e-05 2.17632e-05 1.01754e-05 5.13687e-06 2.74159e-06 1.52184e-06 8.68628e-07 5.05875e-07 2.99051e-07 1.78814e-07 1.07878e-07 6.55489e-08 4.00615e-08 2.46027e-08 1.51704e-08 9.38662e-09 5.82509e-09 3.62414e-09 2.2598e-09 1.41188e-09 8.83634e-10 5.53862e-10 3.47614e-10 2.18407e-10 1.3734e-10 8.64028e-11 5.43475e-11 3.41361e-11 2.1352e-11 1.35008e-11
0.000479124 3.16869e-05 1.33971e-05 6.2527e-06 3.15111e-06 1.67907e-06 9.3065e-07 5.30442e-07 3.08507e-07 1.82143e-07 1.08777e-07 6.55489e-08 3.9785e-08 2.42899e-08 1.49023e-08 9.18039e-09 5.67527e-09 3.51897e-09 2.18763e-09 1.36309e-09 8.51031e-10 5.32266e-10 3.33412e-10 2.0913e-10 1.31323e-10 8.25355e-11 5.18988e-11 3.263e-11 2.04874e-11 1.28115e-11 8.09678e-12
0.000319831 1.96123e-05 8.28327e-06 3.86071e-06 1.94286e-06 1.0338e-06 5.72223e-07 3.25723e-07 1.89204e-07 1.11571e-07 6.65544e-08 4.00615e-08 2.42899e-08 1.4815e-08 9.08073e-09 5.58911e-09 3.45225e-09 2.13888e-09 1.32869e-09 8.27304e-10 5.16168e-10 3.22623e-10 2.01969e-10 1.2661e-10 7.94614e-11 4.99155e-11 3.13723e-11 1.97161e-11 1.23746e-11 7.73636e-12 4.88711e-12
0.000213124 1.21792e-05 5.1403e-06 2.39329e-06 1.20295e-06 6.39289e-07 3.53416e-07 2.00928e-07 1.16576e-07 6.86649e-08 4.09152e-08 2.46027e-08 1.49023e-08 9.08073e-09 5.56099e-09 3.41986e-09 2.11067e-09 1.30671e-09 8.11159e-10 5.04723e-10 3.14701e-10 1.96579e-10 1.22991e-10 7.7058e-11 4.83369e-11 3.03491e-11 1.9066e-11 1.19772e-11 7.51478e-12 4.69694e-12 2.9658e-12
0.000141788 7.58478e-06 3.19982e-06 1.48858e-06 7.47435e-07 3.96768e-07 2.19092e-07 1.24418e-07 7.21054e-08 4.24255e-08 2.52539e-08 1.51704e-08 9.18039e-09 5.58911e-09 3.41986e-09 2.10144e-09 1.296e-09 8.01774e-10 4.97372e-10 3.09277e-10 1.9272e-10 1.20312e-10 7.52324e-11 4.71109e-11 2.9537e-11 1.85366e-11 1.164e-11 7.30934e-12 4.58451e-12 2.86479e-12 1.80816e-12
9.41878e-05 4.73514e-06 1.99716e-06 9.28489e-07 4.65785e-07 2.47004e-07 1.36248e-07 7.72901e-08 4.47456e-08 2.63007e-08 1.56403e-08 9.38662e-09 5.67527e-09 3.45225e-09 2.11067e-09 1.296e-09 7.98694e-10 4.93778e-10 3.06112e-10 1.9023e-10 1.18468e-10 7.3917e-11 4.61965e-11 2.89139e-11 1.81194e-11 1.13661e-11 7.13437e-12 4.47831e-12 2.80795e-12 1.75425e-12 1.10679e-12
6.24804e-05 2.96243e-06 1.24937e-06 5.80532e-07 2.90998e-07 1.54171e-07 8.49563e-08 4.81451e-08 2.7845e-08 1.63511e-08 9.71454e-09 5.82509e-09 3.51897e-09 2.13888e-09 1.30671e-09 8.01774e-10 4.93778e-10 3.05071e-10 1.89009e-10 1.17388e-10 7.30645e-11 4.55635e-11 2.84618e-11 1.78053e-11 1.11529e-11 6.99312e-12 4.38773e-12 2.75321e-12 1.72576e-12 1.07793e-12 6.79826e-13
4.13934e-05 1.85682e-06 7.83108e-07 3.63727e-07 1.82193e-07 9.64425e-08 5.30954e-08 3.00608e-08 1.73695e-08 1.01904e-08 6.04905e-09 3.62414e-09 2.18763e-09 1.32869e-09 8.11159e-10 4.97372e-10 3.06112e-10 1.89009e-10 1.17033e-10 7.26455e-11 4.51917e-11 2.81675e-11 1.75866e-11 1.09969e-11 6.88526e-12 4.31541e-12 2.70659e-12 1.69774e-12 1.06386e-12 6.64362e-13 4.18843e-13
2.73902e-05 1.16573e-06 4.91694e-07 2.28297e-07 1.14282e-07 6.0446e-08 3.32487e-08 1.88074e-08 1.08575e-08 6.36441e-09 3.7748e-09 2.2598e-09 1.36309e-09 8.27304e-10 5.04723e-10 3.09277e-10 1.9023e-10 1.17388e-10 7.26455e-11 4.5069e-11 2.80225e-11 1.74577e-11 1.08948e-11 6.80951e-12 4.2617e-12 2.67001e-12 1.67399e-12 1.04968e-12 6.5757e-13 4.10562e-13 2.58745e-13
1.81037e-05 7.32903e-07 3.0918e-07 1.43514e-07 7.17992e-08 3.79473e-08 2.08558e-08 1.17872e-08 6.799e-09 3.98216e-09 2.36003e-09 1.41188e-09 8.51031e-10 5.16168e-10 3.14701e-10 1.9272e-10 1.18468e-10 7.30645e-11 4.51917e-11 2.80225e-11 1.74151e-11 1.08443e-11 6.76463e-12 4.22627e-12 2.64393e-12 1.65582e-12 1.03777e-12 6.50521e-13 4.07406e-13 2.54321e-13 1.60225e-13
1.1953e-05 4.61352e-07 1.94662e-07 9.03349e-08 4.51693e-08 2.38557e-08 1.31007e-08 7.39817e-09 4.26397e-09 2.49552e-09 1.47808e-09 8.83634e-10 5.32266e-10 3.22623e-10 1.96579e-10 1.20312e-10 7.3917e-11 4.55635e-11 2.81675e-11 1.74577e-11 1.08443e-11 6.74976e-12 4.20867e-12 2.62834e-12 1.64364e-12 1.02899e-12 6.44689e-13 4.03996e-13 2.52946e-13 1.57872e-13 9.94282e-14
7.88397e-06 2.9072e-07 1.22689e-07 5.69213e-08 2.84465e-08 1.50133e-08 8.23843e-09 4.64881e-09 2.67743e-09 1.56629e-09 9.27071e-10 5.53862e-10 3.33412e-10 2.01969e-10 1.22991e-10 7.52324e-11 4.61965e-11 2.84618e-11 1.75866e-11 1.08948e-11 6.76463e-12 4.20867e-12 2.62317e-12 1.63755e-12 1.02367e-12 6.40637e-13 4.01242e-13 2.51364e-13 1.57342e-13 9.81847e-14 6.18178e-14
5.19487e-06 1.83345e-07 7.73851e-08 3.58924e-08 1.79271e-08 9.45478e-09 5.18447e-09 2.92355e-09 1.68363e-09 9.84279e-10 5.8221e-10 3.47614e-10 2.0913e-10 1.2661e-10 7.7058e-11 4.71109e-11 2.89139e-11 1.78053e-11 1.09969e-11 6.80951e-12 4.22627e-12 2.62834e-12 1.63755e-12 1.02188e-12 6.38575e-13 3.99502e-13 2.50137e-13 1.56657e-13 9.80354e-14 6.1166e-14 3.8499e-14
3.41933e-06 1.1568e-07 4.88241e-08 2.26357e-08 1.12984e-08 5.95456e-09 3.26314e-09 1.84128e-09 1.05973e-09 6.19163e-10 3.66019e-10 2.18407e-10 1.31323e-10 7.94614e-11 4.83369e-11 2.9537e-11 1.81194e-11 1.11529e-11 6.88526e-12 4.2617e-12 2.64393e-12 1.64364e-12 1.02367e-12 6.38575e-13 3.98911e-13 2.49484e-13 1.5616e-13 9.77738e-14 6.11722e-14 3.81603e-14 2.40119e-14
2.24778e-06 7.29694e-08 3.07856e-08 1.42624e-08 7.11322e-09 3.74657e-09 2.05759e-09 1.16044e-09 6.6751e-10 3.89779e-10 2.30289e-10 1.3734e-10 8.25355e-11 4.99155e-11 3.03491e-11 1.85366e-11 1.13661e-11 6.99312e-12 4.31541e-12 2.67001e-12 1.65582e-12 1.02899e-12 6.40637e-13 3.99502e-13 2.49484e-13 1.55983e-13 9.7607e-14 6.10969e-14 3.82167e-14 2.38366e-14 1.49948e-14
1.47491e-06 4.59523e-08 1.93649e-08 8.96e-09 4.46483e-09 2.36394e-09 1.29776e-09 7.31562e-10 4.20593e-10 2.45468e-10 1.44952e-10 8.64028e-11 5.18988e-11 3.13723e-11 1.9066e-11 1.164e-11 7.13437e-12 4.38773e-12 2.70659e-12 1.67399e-12 1.03777e-12 6.44689e-13 4.01242e-13 2.50137e-13 1.5616e-13 9.7607e-14 6.10613e-14 3.82118e-14 2.38969e-14 1.49028e-14 9.37243e-15
9.64677e-07 2.88034e-08 1.21064e-08 5.59047e-09 2.81655e-09 1.49091e-09 8.18187e-10 4.61018e-10 2.64926e-10 1.54543e-10 9.12168e-11 5.43475e-11 3.263e-11 1.97161e-11 1.19772e-11 7.30934e-12 4.47831e-12 2.75321e-12 1.69774e-12 1.04968e-12 6.50521e-13 4.03996e-13 2.51364e-13 1.56657e-13 9.77738e-14 6.10969e-14 3.82118e-14 2.39073e-14 1.49483e-14 9.32098e-15 5.8606e-15
6.26862e-07 1.78523e-08 7.4649e-09 3.52061e-09 1.77364e-09 9.38642e-10 5.14936e-10 2.90035e-10 1.66602e-10 9.71468e-11 5.73163e-11 3.41361e-11 2.04874e-11 1.23746e-11 7.51478e-12 4.58451e-12 2.80795e-12 1.72576e-12 1.06386e-12 6.5757e-13 4.07406e-13 2.52946e-13 1.57342e-13 9.80354e-14 6.11722e-14 3.82167e-14 2.38969e-14 1.49483e-14 9.34499e-15 5.82641e-15 3.66263e-15
4.01499e-07 1.07826e-08 4.67834e-09 2.20649e-09 1.11148e-09 5.88094e-10 3.22544e-10 1.8162e-10 1.04296e-10 6.07984e-11 3.58608e-11 2.1352e-11 1.28115e-11 7.73636e-12 4.69694e-12 2.86479e-12 1.75425e-12 1.07793e-12 6.64362e-13 4.10562e-13 2.54321e-13 1.57872e-13 9.81847e-14 6.1166e-14 3.81603e-14 2.38366e-14 1.49028e-14 9.32098e-15 5.82641e-15 3.63236e-15 2.28308e-15
2.63275e-07 6.84263e-09 2.97005e-09 1.40077e-09 7.054e-10 3.73059e-10 2.04495e-10 1.15083e-10 6.60497e-11 3.8482e-11 2.2686e-11 1.35008e-11 8.09678e-12 4.88711e-12 2.9658e-12 1.80816e-12 1.10679e-12 6.79826e-13 4.18843e-13 2.58745e-13 1.60225e-13 9.94282e-14 6.18178e-14 3.8499e-14 2.40119e-14 1.49948e-14 9.37243e-15 5.8606e-15 3.66263e-15 2.28308e-15 1.43465e-15
