0.370396 0.0216844 0.0141213 0.00990558 0.00731564 0.00559669 0.00438737 0.0034993 0.00282625 0.00230411 0.00189186 0.00156196 0.0012952 0.0010777 0.000899201 0.000751923 0.000629877 0.000528373 0.000443696 0.000372872 0.000313498 0.000263618 0.000221629 0.00018621 0.000156269 0.000130896 0.00010933 9.09334e-05 7.51686e-05 6.1579e-05 5.20494e-05
0.0216844 0.00282006 0.00170517 0.001101 0.000746798 0.000525737 0.000380797 0.000281984 0.000212483 0.000162355 0.000125453 9.78302e-05 7.68679e-05 6.07777e-05 4.8309e-05 3.85686e-05 3.09071e-05 2.4845e-05 2.00236e-05 1.61714e-05 1.30808e-05 1.05919e-05 8.58031e-06 6.94898e-06 5.62152e-06 4.53762e-06 3.6495e-06 2.91922e-06 2.31673e-06 1.81847e-06 1.49857e-06
0.0141213 0.00170517 0.000986889 0.000616287 0.000408208 0.000282749 0.000202594 0.000148962 0.000111735 8.51294e-05 6.5667e-05 5.11608e-05 4.01833e-05 3.17723e-05 2.52613e-05 2.01777e-05 1.61797e-05 1.30159e-05 1.04988e-05 8.48681e-06 6.87174e-06 5.57032e-06 4.51794e-06 3.66406e-06 2.96898e-06 2.40137e-06 1.93641e-06 1.55447e-06 1.24013e-06 1.00636e-06 8.29895e-07
0.00990558 0.001101 0.000616287 0.000374962 0.00024381 0.000166807 0.000118584 8.67709e-05 6.49001e-05 4.93684e-05 3.80528e-05 2.964e-05 2.3283e-05 1.84159e-05 1.46494e-05 1.17085e-05 9.39509e-06 7.56375e-06 6.10612e-06 4.94041e-06 4.00423e-06 3.24956e-06 2.63907e-06 2.14363e-06 1.74032e-06 1.41106e-06 1.14155e-06 9.20529e-07 7.48921e-07 6.07784e-07 5.01391e-07
0.00731564 0.000746798 0.000408208 0.00024381 0.00015651 0.000106212 7.51448e-05 5.48406e-05 4.09645e-05 3.11452e-05 2.40054e-05 1.87023e-05 1.46966e-05 1.16297e-05 9.25581e-06 7.40168e-06 5.9426e-06 4.7871e-06 3.86703e-06 3.13097e-06 2.53968e-06 2.06291e-06 1.6772e-06 1.36419e-06 1.10943e-06 9.01564e-07 7.31594e-07 5.96271e-07 4.85202e-07 3.93783e-07 3.24874e-07
0.00559669 0.000525737 0.000282749 0.000166807 0.000106212 7.17364e-05 5.06294e-05 3.69102e-05 2.75629e-05 2.09581e-05 1.61583e-05 1.25932e-05 9.8996e-06 7.83662e-06 6.23916e-06 4.99101e-06 4.00848e-06 3.23016e-06 2.61029e-06 2.11431e-06 1.71586e-06 1.39458e-06 1.13468e-06 9.23819e-07 7.52271e-07 6.12385e-07 4.99629e-07 4.07272e-07 3.31433e-07 2.6899e-07 2.21889e-07
0.00438737 0.000380797 0.000202594 0.000118584 7.51448e-05 5.06294e-05 3.56982e-05 2.60205e-05 1.94347e-05 1.47823e-05 1.14005e-05 8.88769e-06 6.98829e-06 5.53299e-06 4.40572e-06 3.52473e-06 2.83111e-06 2.28161e-06 1.84397e-06 1.49382e-06 1.21255e-06 9.85801e-07 8.0242e-07 6.53686e-07 5.32744e-07 4.34789e-07 3.54745e-07 2.89174e-07 2.35324e-07 1.90984e-07 1.57502e-07
0.0034993 0.000281984 0.000148962 8.67709e-05 5.48406e-05 3.69102e-05 2.60205e-05 1.89705e-05 1.41737e-05 1.07839e-05 8.31864e-06 6.48593e-06 5.10007e-06 4.03793e-06 3.21507e-06 2.57194e-06 2.06561e-06 1.66452e-06 1.34512e-06 1.08963e-06 8.84455e-07 7.19098e-07 5.85417e-07 4.77039e-07 3.89199e-07 3.1761e-07 2.59118e-07 2.11206e-07 1.71864e-07 1.39475e-07 1.14987e-07
0.00282625 0.000212483 0.000111735 6.49001e-05 4.09645e-05 2.75629e-05 1.94347e-05 1.41737e-05 1.05928e-05 8.06087e-06 6.2185e-06 4.8483e-06 3.81192e-06 3.01753e-06 2.4021e-06 1.92115e-06 1.54256e-06 1.24273e-06 1.00405e-06 8.13177e-07 6.59947e-07 5.36504e-07 4.3675e-07 3.56014e-07 2.90404e-07 2.36947e-07 1.93281e-07 1.57522e-07 1.28167e-07 1.04006e-07 8.57159e-08
0.00230411 0.000162355 8.51294e-05 4.93684e-05 3.11452e-05 2.09581e-05 1.47823e-05 1.07839e-05 8.06087e-06 6.13439e-06 4.73197e-06 3.68868e-06 2.89948e-06 2.29458e-06 1.82602e-06 1.45993e-06 1.17184e-06 9.43758e-07 7.62254e-07 6.1717e-07 5.00744e-07 4.06992e-07 3.31306e-07 2.6999e-07 2.2018e-07 1.7961e-07 1.46482e-07 1.19362e-07 9.71064e-08 7.87956e-08 6.49157e-08
0.00189186 0.000125453 6.5667e-05 3.80528e-05 2.40054e-05 1.61583e-05 1.14005e-05 8.31864e-06 6.2185e-06 4.73197e-06 3.64946e-06 2.84407e-06 2.23484e-06 1.76795e-06 1.40639e-06 1.12399e-06 9.01838e-07 7.26033e-07 5.86189e-07 4.74453e-07 3.84828e-07 3.12708e-07 2.54474e-07 2.07315e-07 1.69021e-07 1.37844e-07 1.12395e-07 9.15706e-08 7.44867e-08 6.04365e-08 4.97731e-08
0.00156196 9.78302e-05 5.11608e-05 2.964e-05 1.87023e-05 1.25932e-05 8.88769e-06 6.48593e-06 4.8483e-06 3.68868e-06 2.84407e-06 2.21565e-06 1.74036e-06 1.37621e-06 1.0943e-06 8.74194e-07 7.01121e-07 5.64213e-07 4.55359e-07 3.68424e-07 2.98732e-07 2.4266e-07 1.97404e-07 1.60771e-07 1.31037e-07 1.06839e-07 8.70948e-08 7.09447e-08 5.77009e-08 4.68133e-08 3.85403e-08
0.0012952 7.68679e-05 4.01833e-05 2.3283e-05 1.46966e-05 9.8996e-06 6.98829e-06 5.10007e-06 3.81192e-06 2.89948e-06 2.23484e-06 1.74036e-06 1.36645e-06 1.08007e-06 8.58439e-07 6.85471e-07 5.49523e-07 4.42033e-07 3.56607e-07 2.88418e-07 2.33771e-07 1.89823e-07 1.54369e-07 1.25682e-07 1.02407e-07 8.34743e-08 6.80329e-08 5.54071e-08 4.50575e-08 3.65527e-08 3.00829e-08
0.0010777 6.07777e-05 3.17723e-05 1.84159e-05 1.16297e-05 7.83662e-06 5.53299e-06 4.03793e-06 3.01753e-06 2.29458e-06 1.76795e-06 1.37621e-06 1.08007e-06 8.53317e-07 6.77913e-07 5.41079e-07 4.3358e-07 3.48622e-07 2.81136e-07 2.27288e-07 1.84154e-07 1.4948e-07 1.21519e-07 9.89058e-08 8.05666e-08 6.56543e-08 5.34972e-08 4.35608e-08 3.54192e-08 2.87313e-08 2.36383e-08
0.000899201 4.8309e-05 2.52613e-05 1.46494e-05 9.25581e-06 6.23916e-06 4.40572e-06 3.21507e-06 2.4021e-06 1.82602e-06 1.40639e-06 1.0943e-06 8.58439e-07 6.77913e-07 5.38323e-07 4.29475e-07 3.44001e-07 2.76482e-07 2.2287e-07 1.80112e-07 1.45876e-07 1.18368e-07 9.61947e-08 7.82696e-08 6.37385e-08 5.19277e-08 4.23029e-08 3.44394e-08 2.79987e-08 2.27102e-08 1.86787e-08
0.000751923 3.85686e-05 2.01777e-05 1.17085e-05 7.40168e-06 4.99101e-06 3.52473e-06 2.57194e-06 1.92115e-06 1.45993e-06 1.12399e-06 8.74194e-07 6.85471e-07 5.41079e-07 4.29475e-07 3.42488e-07 2.74211e-07 2.203e-07 1.77512e-07 1.43401e-07 1.16101e-07 9.41753e-08 7.65091e-08 6.22334e-08 5.06654e-08 4.12667e-08 3.36105e-08 2.73579e-08 2.22386e-08 1.80367e-08 1.48303e-08
0.000629877 3.09071e-05 1.61797e-05 9.39509e-06 5.9426e-06 4.00848e-06 2.83111e-06 2.06561e-06 1.54256e-06 1.17184e-06 9.01838e-07 7.01121e-07 5.49523e-07 4.3358e-07 3.44001e-07 2.74211e-07 2.19456e-07 1.76239e-07 1.41954e-07 1.14634e-07 9.27782e-08 7.52316e-08 6.10998e-08 4.96846e-08 4.04382e-08 3.29286e-08 2.68137e-08 2.18217e-08 1.7736e-08 1.43838e-08 1.18233e-08
0.000528373 2.4845e-05 1.30159e-05 7.56375e-06 4.7871e-06 3.23016e-06 2.28161e-06 1.66452e-06 1.24273e-06 9.43758e-07 7.26033e-07 5.64213e-07 4.42033e-07 3.48622e-07 2.76482e-07 2.203e-07 1.76239e-07 1.41478e-07 1.13914e-07 9.19575e-08 7.43996e-08 6.03093e-08 4.89656e-08 3.9806e-08 3.23896e-08 2.63684e-08 2.14673e-08 1.74676e-08 1.41953e-08 1.15115e-08 9.4597e-09
0.000443696 2.00236e-05 1.04988e-05 6.10612e-06 3.86703e-06 2.61029e-06 1.84397e-06 1.34512e-06 1.00405e-06 7.62254e-07 5.86189e-07 4.55359e-07 3.56607e-07 2.81136e-07 2.2287e-07 1.77512e-07 1.41954e-07 1.13914e-07 9.16868e-08 7.39894e-08 5.98426e-08 4.84941e-08 3.93611e-08 3.19894e-08 2.60226e-08 2.11802e-08 1.724e-08 1.40256e-08 1.13967e-08 9.24133e-09 7.59212e-09
0.000372872 1.61714e-05 8.48681e-06 4.94041e-06 3.13097e-06 2.11431e-06 1.49382e-06 1.08963e-06 8.13177e-07 6.1717e-07 4.74453e-07 3.68424e-07 2.88418e-07 2.27288e-07 1.80112e-07 1.43401e-07 1.14634e-07 9.19575e-08 7.39894e-08 5.96883e-08 4.82607e-08 3.90969e-08 3.17247e-08 2.57763e-08 2.09633e-08 1.70585e-08 1.38824e-08 1.12922e-08 9.17456e-09 7.43893e-09 6.1098e-09
0.000313498 1.30808e-05 6.87174e-06 4.00423e-06 2.53968e-06 1.71586e-06 1.21255e-06 8.84455e-07 6.59947e-07 5.00744e-07 3.84828e-07 2.98732e-07 2.33771e-07 1.84154e-07 1.45876e-07 1.16101e-07 9.27782e-08 7.43996e-08 5.98426e-08 4.82607e-08 3.90092e-08 3.1593e-08 2.56288e-08 2.08181e-08 1.69269e-08 1.3771e-08 1.12049e-08 9.11288e-09 7.40308e-09 6.00219e-09 4.92854e-09
0.000263618 1.05919e-05 5.57032e-06 3.24956e-06 2.06291e-06 1.39458e-06 9.85801e-07 7.19098e-07 5.36504e-07 4.06992e-07 3.12708e-07 2.4266e-07 1.89823e-07 1.4948e-07 1.18368e-07 9.41753e-08 7.52316e-08 6.03093e-08 4.84941e-08 3.90969e-08 3.1593e-08 2.55797e-08 2.07453e-08 1.68471e-08 1.36951e-08 1.11395e-08 9.06213e-09 7.36909e-09 5.9858e-09 4.8528e-09 3.98381e-09
0.000221629 8.58031e-06 4.51794e-06 2.63907e-06 1.6772e-06 1.13468e-06 8.0242e-07 5.85417e-07 4.3675e-07 3.31306e-07 2.54474e-07 1.97404e-07 1.54369e-07 1.21519e-07 9.61947e-08 7.65091e-08 6.10998e-08 4.89656e-08 3.93611e-08 3.17247e-08 2.56288e-08 2.07453e-08 1.68205e-08 1.36566e-08 1.10991e-08 9.02624e-09 7.3417e-09 5.96924e-09 4.84822e-09 3.93031e-09 3.22578e-09
0.00018621 6.94898e-06 3.66406e-06 2.14363e-06 1.36419e-06 9.23819e-07 6.53686e-07 4.77039e-07 3.56014e-07 2.6999e-07 2.07315e-07 1.60771e-07 1.25682e-07 9.89058e-08 7.82696e-08 6.22334e-08 4.96846e-08 3.9806e-08 3.19894e-08 2.57763e-08 2.08181e-08 1.68471e-08 1.36566e-08 1.10855e-08 9.0077e-09 7.32406e-09 5.95624e-09 4.84214e-09 3.9324e-09 3.1877e-09 2.61574e-09
0.000156269 5.62152e-06 2.96898e-06 1.74032e-06 1.10943e-06 7.52271e-07 5.32744e-07 3.89199e-07 2.90404e-07 2.2018e-07 1.69021e-07 1.31037e-07 1.02407e-07 8.05666e-08 6.37385e-08 5.06654e-08 4.04382e-08 3.23896e-08 2.60226e-08 2.09633e-08 1.69269e-08 1.36951e-08 1.10991e-08 9.0077e-09 7.31798e-09 5.94916e-09 4.8374e-09 3.93209e-09 3.19304e-09 2.58823e-09 2.1234e-09
0.000130896 4.53762e-06 2.40137e-06 1.41106e-06 9.01564e-07 6.12385e-07 4.34789e-07 3.1761e-07 2.36947e-07 1.7961e-07 1.37844e-07 1.06839e-07 8.34743e-08 6.56543e-08 5.19277e-08 4.12667e-08 3.29286e-08 2.63684e-08 2.11802e-08 1.70585e-08 1.3771e-08 1.11395e-08 9.02624e-09 7.32406e-09 5.94916e-09 4.83564e-09 3.93143e-09 3.19532e-09 2.59453e-09 2.10299e-09 1.725e-09
0.00010933 3.6495e-06 1.93641e-06 1.14155e-06 7.31594e-07 4.99629e-07 3.54745e-07 2.59118e-07 1.93281e-07 1.46482e-07 1.12395e-07 8.70948e-08 6.80329e-08 5.34972e-08 4.23029e-08 3.36105e-08 2.68137e-08 2.14673e-08 1.724e-08 1.38824e-08 1.12049e-08 9.06213e-09 7.3417e-09 5.95624e-09 4.8374e-09 3.93143e-09 3.19593e-09 2.59727e-09 2.10878e-09 1.70919e-09 1.40176e-09
9.09334e-05 2.91922e-06 1.55447e-06 9.20529e-07 5.96271e-07 4.07272e-07 2.89174e-07 2.11206e-07 1.57522e-07 1.19362e-07 9.15706e-08 7.09447e-08 5.54071e-08 4.35608e-08 3.44394e-08 2.73579e-08 2.18217e-08 1.74676e-08 1.40256e-08 1.12922e-08 9.11288e-09 7.36909e-09 5.96924e-09 4.84214e-09 3.93209e-09 3.19532e-09 2.59727e-09 2.11059e-09 1.71352e-09 1.38879e-09 1.13884e-09
7.51686e-05 2.31673e-06 1.24013e-06 7.48921e-07 4.85202e-07 3.31433e-07 2.35324e-07 1.71864e-07 1.28167e-07 9.71064e-08 7.44867e-08 5.77009e-08 4.50575e-08 3.54192e-08 2.79987e-08 2.22386e-08 1.7736e-08 1.41953e-08 1.13967e-08 9.17456e-09 7.40308e-09 5.9858e-09 4.84822e-09 3.9324e-09 3.19304e-09 2.59453e-09 2.10878e-09 1.71352e-09 1.3911e-09 1.12744e-09 9.24437e-10
6.1579e-05 1.81847e-06 1.00636e-06 6.07784e-07 3.93783e-07 2.6899e-07 1.90984e-07 1.39475e-07 1.04006e-07 7.87956e-08 6.04365e-08 4.68133e-08 3.65527e-08 2.87313e-08 2.27102e-08 1.80367e-08 1.43838e-08 1.15115e-08 9.24133e-09 7.43893e-09 6.00219e-09 4.8528e-09 3.93031e-09 3.1877e-09 2.58823e-09 2.10299e-09 1.70919e-09 1.38879e-09 1.12744e-09 9.13737e-10 7.49172e-10
5.20494e-05 1.49857e-06 8.29895e-07 5.01391e-07 3.24874e-07 2.21889e-07 1.57502e-07 1.14987e-07 8.57159e-08 6.49157e-08 4.97731e-08 3.85403e-08 3.00829e-08 2.36383e-08 1.86787e-08 1.48303e-08 1.18233e-08 9.4597e-09 7.59212e-09 6.1098e-09 4.92854e-09 3.98381e-09 3.22578e-09 2.61574e-09 2.1234e-09 1.725e-09 1.40176e-09 1.13884e-09 9.24437e-10 7.49172e-10 6.1412e-10
