0.597418 0.0216337 0.016387 0.0124127 0.00940231 0.00712201 0.00539475 0.00408638 0.00309533 0.00234464 0.001776 0.00134528 0.00101901 0.000771877 0.000584677 0.000442878 0.000335469 0.000254109 0.000192481 0.0001458 0.00011044 8.36553e-05 6.33668e-05 4.79987e-05 3.63578e-05 2.75401e-05 2.0861e-05 1.58016e-05 1.19693e-05 9.06648e-06 6.86763e-06 5.20206e-06 3.94043e-06 2.98477e-06 2.26089e-06 1.71257e-06 1.29723e-06 9.82616e-07 7.44307e-07 5.63794e-07 4.2706e-07 3.23487e-07 2.45033e-07 1.85606e-07 1.40592e-07 1.06495e-07 8.06673e-08 6.11034e-08 4.62843e-08 3.50592e-08 2.65564e-08 2.01158e-08 1.52372e-08 1.15418e-08 8.74264e-09 6.62233e-09 5.01625e-09 3.79968e-09 2.87816e-09 2.18014e-09 1.6514e-09 1.25089e-09 9.47519e-10 7.17722e-10 5.43656e-10 4.11806e-10 3.11932e-10 2.36281e-10 1.78977e-10 1.3557e-10 1.02691e-10 7.7786e-11 5.89209e-11 4.46311e-11 3.38069e-11 2.56079e-11 1.93973e-11 1.4693e-11 1.11296e-11 8.43037e-12 6.38579e-12 4.83708e-12 3.66396e-12 2.77536e-12 2.10226e-12 1.59241e-12 1.20621e-12 9.13675e-13 6.92086e-13 5.24238e-13 3.97097e-13 3.00791e-13 2.27841e-13 1.72584e-13 1.30728e-13 9.90232e-14 7.50076e-14 5.68164e-14 4.3037e-14 3.25994e-14 2.46932e-14
0.0216337 0.00675106 0.00545954 0.00439739 0.00352932 0.00282365 0.00225268 0.00179258 0.00142315 0.00112748 0.00089151 0.000703684 0.000554525 0.000436327 0.000342844 0.000269041 0.000210871 0.000165091 0.000129114 0.000100877 7.87424e-05 6.14107e-05 4.78542e-05 3.72612e-05 2.89916e-05 2.25415e-05 1.75148e-05 1.36005e-05 1.05546e-05 8.18616e-06 6.34572e-06 4.9165e-06 3.80727e-06 2.94689e-06 2.27991e-06 1.76311e-06 1.36288e-06 1.05308e-06 8.13391e-07 6.2802e-07 4.84721e-07 3.7399e-07 2.88459e-07 2.22417e-07 1.71442e-07 1.3211e-07 1.01772e-07 7.83792e-08 6.03469e-08 4.64511e-08 3.57459e-08 2.75011e-08 2.11529e-08 1.62663e-08 1.25058e-08 9.61259e-09 7.38714e-09 5.67575e-09 4.35997e-09 3.34857e-09 2.57131e-09 1.9741e-09 1.51532e-09 1.16296e-09 8.92387e-10 6.8465e-10 5.25188e-10 4.02802e-10 3.08889e-10 2.36836e-10 1.81565e-10 1.39172e-10 1.06663e-10 8.1736e-11 6.26263e-11 4.79782e-11 3.67516e-11 2.81485e-11 2.15566e-11 1.65065e-11 1.2638e-11 9.67502e-12 7.4059e-12 5.66835e-12 4.33799e-12 3.31952e-12 2.53991e-12 1.94319e-12 1.48652e-12 1.13707e-12 8.69679e-13 6.65107e-13 5.0861e-13 3.88901e-13 2.97341e-13 2.27318e-13 1.7377e-13 1.32826e-13 1.0152e-13 7.75868e-14 5.92911e-14
0.016387 0.00545954 0.0045053 0.00369832 0.00302196 0.0024593 0.00199422 0.0016119 0.0012991 0.00104426 0.000837407 0.000670067 0.000535094 0.000426521 0.000339399 0.000269645 0.000213912 0.000169465 0.000134081 0.000105957 8.36373e-05 6.59489e-05 5.1949e-05 4.08822e-05 3.21439e-05 2.52518e-05 1.98213e-05 1.55467e-05 1.21849e-05 9.5434e-06 7.4695e-06 5.84254e-06 4.56714e-06 3.56806e-06 2.78595e-06 2.1741e-06 1.69575e-06 1.32197e-06 1.03009e-06 8.02281e-07 6.24572e-07 4.86016e-07 3.78039e-07 2.93932e-07 2.28449e-07 1.77486e-07 1.37843e-07 1.07016e-07 8.30542e-08 6.44364e-08 4.99759e-08 3.87484e-08 3.0034e-08 2.32726e-08 1.80282e-08 1.39616e-08 1.08094e-08 8.36665e-09 6.47425e-09 5.00862e-09 3.87382e-09 2.99541e-09 2.31565e-09 1.78974e-09 1.38296e-09 1.0684e-09 8.25218e-10 6.37253e-10 4.92002e-10 3.79783e-10 2.93103e-10 2.26164e-10 1.7448e-10 1.34582e-10 1.03789e-10 8.00281e-11 6.16962e-11 4.75556e-11 3.665e-11 2.82407e-11 2.17576e-11 1.67601e-11 1.29086e-11 9.94065e-12 7.654e-12 5.8925e-12 4.53576e-12 3.49092e-12 2.68641e-12 2.06703e-12 1.59024e-12 1.22328e-12 9.40874e-13 7.23577e-13 5.56397e-13 4.27792e-13 3.28874e-13 2.52799e-13 1.943e-13 1.49321e-13 1.14742e-13
0.0124127 0.00439739 0.00369832 0.00308978 0.00256662 0.00212141 0.00174573 0.00143097 0.00116887 0.00095177 0.000772787 0.000625833 0.00050562 0.000407607 0.000327931 0.000263337 0.0002111 0.000168952 0.000135015 0.000107742 8.58638e-05 6.83427e-05 5.43327e-05 4.31465e-05 3.42272e-05 2.71245e-05 2.14752e-05 1.69871e-05 1.34254e-05 1.06017e-05 8.36534e-06 6.59574e-06 5.19672e-06 4.09162e-06 3.21938e-06 2.53147e-06 1.98933e-06 1.56237e-06 1.22635e-06 9.62065e-07 7.54338e-07 5.9116e-07 4.63052e-07 3.62532e-07 2.83702e-07 2.21914e-07 1.73507e-07 1.35603e-07 1.05935e-07 8.2726e-08 6.45767e-08 5.03904e-08 3.93063e-08 3.06494e-08 2.38909e-08 1.86165e-08 1.45018e-08 1.1293e-08 8.79144e-09 6.84196e-09 5.32321e-09 4.14039e-09 3.21949e-09 2.50273e-09 1.94503e-09 1.5112e-09 1.17384e-09 9.11565e-10 7.07717e-10 5.49323e-10 4.2628e-10 3.30721e-10 2.56526e-10 1.98933e-10 1.54237e-10 1.19558e-10 9.26567e-11 7.17941e-11 5.56179e-11 4.3078e-11 3.33591e-11 2.5828e-11 1.99935e-11 1.54741e-11 1.19742e-11 9.26432e-12 7.16647e-12 5.54273e-12 4.28618e-12 3.31396e-12 2.56186e-12 1.98013e-12 1.53026e-12 1.18242e-12 9.13511e-13 7.05654e-13 5.45013e-13 4.20882e-13 3.24977e-13 2.50892e-13 1.93669e-13
0.00940231 0.00352932 0.00302196 0.00256662 0.00216487 0.00181513 0.00151397 0.00125698 0.00103934 0.000856244 0.000703067 0.00057556 0.000469887 0.000382652 0.000310892 0.00025205 0.000203939 0.000164707 0.000132793 0.00010689 8.59095e-05 6.89487e-05 5.5262e-05 4.42361e-05 3.53675e-05 2.82447e-05 2.2532e-05 1.79562e-05 1.42956e-05 1.13706e-05 9.03602e-06 7.17461e-06 5.69197e-06 4.51218e-06 3.57422e-06 2.82918e-06 2.23789e-06 1.76898e-06 1.39742e-06 1.10321e-06 8.70425e-07 6.86356e-07 5.40908e-07 4.2605e-07 3.35405e-07 2.6391e-07 2.07552e-07 1.63152e-07 1.2819e-07 1.00674e-07 7.90302e-08 6.2013e-08 4.86398e-08 3.81351e-08 2.98874e-08 2.34145e-08 1.83367e-08 1.43548e-08 1.12337e-08 8.78811e-09 6.87263e-09 5.37288e-09 4.19906e-09 3.28066e-09 2.56234e-09 2.0007e-09 1.56171e-09 1.21869e-09 9.50751e-10 7.41515e-10 5.78171e-10 4.50691e-10 3.51228e-10 2.73647e-10 2.13149e-10 1.65986e-10 1.29228e-10 1.00587e-10 7.82756e-11 6.08995e-11 4.73703e-11 3.68387e-11 2.86424e-11 2.22652e-11 1.73043e-11 1.3446e-11 1.04459e-11 8.11366e-12 6.30092e-12 4.89226e-12 3.79783e-12 2.9477e-12 2.28746e-12 1.77479e-12 1.37678e-12 1.06785e-12 8.28102e-13 6.42074e-13 4.97756e-13 3.85814e-13 2.99001e-13
0.00712201 0.00282365 0.0024593 0.00212141 0.00181513 0.0015423 0.0013026 0.00109435 0.000915094 0.000762013 0.000632162 0.000522659 0.00043079 0.000354067 0.000290252 0.000237369 0.000193691 0.000157723 0.000128188 0.000103996 8.42267e-05 6.81076e-05 5.49909e-05 4.43376e-05 3.57004e-05 2.87094e-05 2.30596e-05 1.85004e-05 1.48265e-05 1.18698e-05 9.49328e-06 7.58535e-06 6.05536e-06 4.82975e-06 3.84897e-06 3.06489e-06 2.43865e-06 1.93891e-06 1.54048e-06 1.22307e-06 9.70415e-07 7.69453e-07 6.09727e-07 4.82865e-07 3.82175e-07 3.0231e-07 2.39003e-07 1.88852e-07 1.49148e-07 1.17732e-07 9.28877e-08 7.32516e-08 5.77398e-08 4.54923e-08 3.58271e-08 2.82033e-08 2.21926e-08 1.74559e-08 1.37247e-08 1.07869e-08 8.47479e-09 6.65582e-09 5.22539e-09 4.10095e-09 3.21737e-09 2.52333e-09 1.97835e-09 1.55058e-09 1.21493e-09 9.51644e-10 7.45191e-10 5.83356e-10 4.56535e-10 3.57185e-10 2.79378e-10 2.18461e-10 1.70781e-10 1.33473e-10 1.04288e-10 8.14648e-11 6.36205e-11 4.96729e-11 3.87739e-11 3.02592e-11 2.3609e-11 1.84162e-11 1.43623e-11 1.11984e-11 8.72965e-12 6.8037e-12 5.30157e-12 4.13024e-12 3.21706e-12 2.5053e-12 1.95063e-12 1.51847e-12 1.18184e-12 9.19668e-13 7.15524e-13 5.56595e-13 4.32891e-13
0.00539475 0.00225268 0.00199422 0.00174573 0.00151397 0.0013026 0.0011131 0.000945515 0.000798955 0.000671969 0.000562808 0.000469604 0.000390495 0.000323699 0.000267559 0.000220573 0.000181393 0.000148835 0.000121862 9.95802e-05 8.1222e-05 6.61331e-05 5.3759e-05 4.36327e-05 3.5362e-05 2.86193e-05 2.31318e-05 1.86731e-05 1.50559e-05 1.21255e-05 9.75491e-06 7.83961e-06 6.2941e-06 5.04845e-06 4.04562e-06 3.23913e-06 2.59123e-06 2.07123e-06 1.65428e-06 1.32027e-06 1.05292e-06 8.39123e-07 6.68279e-07 5.31866e-07 4.23028e-07 3.36254e-07 2.67119e-07 2.12075e-07 1.68278e-07 1.33453e-07 1.05779e-07 8.37995e-08 6.63538e-08 5.25143e-08 4.15415e-08 3.28461e-08 2.59591e-08 2.0507e-08 1.61931e-08 1.27812e-08 1.00841e-08 7.95299e-09 6.26978e-09 4.94093e-09 3.89226e-09 3.06505e-09 2.41278e-09 1.89865e-09 1.49357e-09 1.17452e-09 9.23319e-10 7.25612e-10 5.7006e-10 4.47717e-10 3.51524e-10 2.75916e-10 2.16508e-10 1.69843e-10 1.33198e-10 1.04432e-10 8.18554e-11 6.41429e-11 5.02501e-11 3.93563e-11 3.08165e-11 2.41238e-11 1.888e-11 1.47726e-11 1.1556e-11 9.03778e-12 7.0667e-12 5.52427e-12 4.31755e-12 3.37371e-12 2.63564e-12 2.0586e-12 1.60757e-12 1.25511e-12 9.79729e-13 7.64619e-13 5.96624e-13
0.00408638 0.00179258 0.0016119 0.00143097 0.00125698 0.00109435 0.000945515 0.000811538 0.000692515 0.000587918 0.000496832 0.000418125 0.000350572 0.000292931 0.000244003 0.000202664 0.000167882 0.000138726 0.000114371 9.40904e-05 7.72505e-05 6.3305e-05 5.17851e-05 4.22906e-05 3.44823e-05 2.80735e-05 2.28234e-05 1.853e-05 1.50248e-05 1.21678e-05 9.84247e-06 7.95259e-06 6.4187e-06 5.17533e-06 4.16869e-06 3.35466e-06 2.69712e-06 2.16656e-06 1.73889e-06 1.3945e-06 1.11744e-06 8.94743e-07 7.15899e-07 5.72396e-07 4.57342e-07 3.65171e-07 2.91386e-07 2.32364e-07 1.85185e-07 1.47497e-07 1.17412e-07 9.34109e-08 7.42757e-08 5.90291e-08 4.68881e-08 3.72255e-08 2.95396e-08 2.34295e-08 1.85746e-08 1.4719e-08 1.16586e-08 9.23052e-09 7.30503e-09 5.77882e-09 4.56963e-09 3.61203e-09 2.85401e-09 2.25421e-09 1.77981e-09 1.40474e-09 1.10832e-09 8.74143e-10 6.89213e-10 5.43225e-10 4.2802e-10 3.3714e-10 2.65472e-10 2.08975e-10 1.64452e-10 1.29377e-10 1.01753e-10 8.00042e-11 6.28864e-11 4.94176e-11 3.8823e-11 3.04916e-11 2.39419e-11 1.87943e-11 1.47497e-11 1.15726e-11 9.07768e-12 7.11892e-12 5.58149e-12 4.37507e-12 3.42863e-12 2.68633e-12 2.10427e-12 1.64796e-12 1.29033e-12 1.01009e-12 7.90556e-13
0.00309533 0.00142315 0.0012991 0.00116887 0.00103934 0.000915094 0.000798955 0.000692515 0.000596462 0.000510864 0.000435373 0.000369378 0.00031212 0.000262768 0.000220474 0.000184415 0.000153813 0.00012795 0.000106173 8.78997e-05 7.26149e-05 5.98668e-05 4.9263e-05 4.04646e-05 3.31814e-05 2.71653e-05 2.22062e-05 1.81261e-05 1.47753e-05 1.20281e-05 9.77939e-06 7.94156e-06 6.4417e-06 5.21936e-06 4.22449e-06 3.41579e-06 2.7592e-06 2.22672e-06 1.79538e-06 1.44633e-06 1.16416e-06 9.36277e-07 7.52409e-07 6.04188e-07 4.84809e-07 3.8874e-07 3.11492e-07 2.49427e-07 1.99598e-07 1.59623e-07 1.27575e-07 1.01901e-07 8.13463e-08 6.4901e-08 5.17519e-08 4.12447e-08 3.28536e-08 2.61563e-08 2.08139e-08 1.65547e-08 1.31608e-08 1.04579e-08 8.30631e-09 6.5945e-09 5.23321e-09 4.15118e-09 3.29152e-09 2.60883e-09 2.06692e-09 1.63695e-09 1.29593e-09 1.02557e-09 8.11322e-10 6.41603e-10 5.0721e-10 4.00831e-10 3.16657e-10 2.50077e-10 1.97432e-10 1.55821e-10 1.22941e-10 9.69698e-11 7.6462e-11 6.02735e-11 4.74988e-11 3.74209e-11 2.9473e-11 2.32069e-11 1.8268e-11 1.43764e-11 1.13108e-11 8.89667e-12 6.99602e-12 5.50005e-12 4.32291e-12 3.39688e-12 2.66859e-12 2.09595e-12 1.64582e-12 1.29206e-12 1.01411e-12
0.00234464 0.00112748 0.00104426 0.00095177 0.000856244 0.000762013 0.000671969 0.000587918 0.000510864 0.000441236 0.000379057 0.000324077 0.00027587 0.000233909 0.000197616 0.000166402 0.000139691 0.000116936 9.76313e-05 8.13135e-05 6.75679e-05 5.60251e-05 4.63603e-05 3.82896e-05 3.15669e-05 2.59802e-05 2.13476e-05 1.7514e-05 1.43479e-05 1.17377e-05 9.58959e-06 7.82461e-06 6.3767e-06 5.19064e-06 4.22045e-06 3.4279e-06 2.7813e-06 2.25441e-06 1.82559e-06 1.47696e-06 1.19384e-06 9.6416e-07 7.78017e-07 6.27304e-07 5.05391e-07 4.06863e-07 3.27303e-07 2.63113e-07 2.11365e-07 1.69682e-07 1.36129e-07 1.09143e-07 8.74517e-08 7.00297e-08 5.60457e-08 4.48286e-08 3.58367e-08 2.86329e-08 2.28651e-08 1.82499e-08 1.45588e-08 1.16086e-08 9.25184e-09 7.37007e-09 5.86836e-09 4.67055e-09 3.7156e-09 2.95464e-09 2.34854e-09 1.86601e-09 1.48203e-09 1.17659e-09 9.33748e-10 7.40746e-10 5.8742e-10 4.65661e-10 3.69009e-10 2.92316e-10 2.31483e-10 1.83248e-10 1.45016e-10 1.14724e-10 9.07301e-11 7.17322e-11 5.66948e-11 4.47962e-11 3.53843e-11 2.79417e-11 2.20583e-11 1.74087e-11 1.37354e-11 1.08342e-11 8.54355e-12 6.7354e-12 5.30855e-12 4.18289e-12 3.2951e-12 2.59509e-12 2.04329e-12 1.60843e-12 1.26582e-12
0.001776 0.00089151 0.000837407 0.000772787 0.000703067 0.000632162 0.000562808 0.000496832 0.000435373 0.000379057 0.000328138 0.000282604 0.000242265 0.000206814 0.000175875 0.000149039 0.000125889 0.000106017 8.9033e-05 7.4576e-05 6.2315e-05 5.19514e-05 4.32187e-05 3.58814e-05 2.97331e-05 2.45939e-05 2.03081e-05 1.6742e-05 1.37808e-05 1.13266e-05 9.29636e-06 7.61978e-06 6.23753e-06 5.09973e-06 4.16454e-06 3.39699e-06 2.76787e-06 2.25289e-06 1.83186e-06 1.48807e-06 1.20765e-06 9.79188e-07 7.93245e-07 6.42065e-07 5.19269e-07 4.19622e-07 3.38835e-07 2.73396e-07 2.20434e-07 1.77607e-07 1.43001e-07 1.15062e-07 9.2521e-08 7.43488e-08 5.97091e-08 4.79233e-08 3.84414e-08 3.08179e-08 2.46926e-08 1.9774e-08 1.58268e-08 1.2661e-08 1.01233e-08 8.09024e-09 6.46238e-09 5.15963e-09 4.11761e-09 3.28454e-09 2.61887e-09 2.0872e-09 1.66277e-09 1.3241e-09 1.05397e-09 8.38626e-10 6.67017e-10 5.30321e-10 4.21482e-10 3.34856e-10 2.65938e-10 2.1113e-10 1.67559e-10 1.32934e-10 1.05429e-10 8.35873e-11 6.6249e-11 5.24905e-11 4.15763e-11 3.29214e-11 2.60602e-11 2.06229e-11 1.63152e-11 1.29036e-11 1.02025e-11 8.06461e-12 6.37293e-12 5.03474e-12 3.97649e-12 3.13985e-12 2.4786e-12 1.95611e-12 1.54337e-12
0.00134528 0.000703684 0.000670067 0.000625833 0.00057556 0.000522659 0.000469604 0.000418125 0.000369378 0.000324077 0.000282604 0.000245101 0.000211535 0.000181757 0.00015554 0.000132611 0.000112675 9.54349e-05 8.05953e-05 6.78771e-05 5.70199e-05 4.77847e-05 3.99551e-05 3.33376e-05 2.77603e-05 2.30723e-05 1.91415e-05 1.58533e-05 1.31087e-05 1.08224e-05 8.92165e-06 7.34435e-06 6.03774e-06 4.95716e-06 4.06491e-06 3.32928e-06 2.72365e-06 2.22573e-06 1.8169e-06 1.48164e-06 1.20705e-06 9.82414e-07 7.98841e-07 6.4899e-07 5.26793e-07 4.27246e-07 3.46228e-07 2.80353e-07 2.26838e-07 1.83402e-07 1.48176e-07 1.19632e-07 9.65209e-08 7.78227e-08 6.27063e-08 5.04943e-08 4.06357e-08 3.26823e-08 2.62703e-08 2.11043e-08 1.69447e-08 1.35976e-08 1.09059e-08 8.74248e-09 7.00469e-09 5.60956e-09 4.49012e-09 3.59238e-09 2.87279e-09 2.29631e-09 1.83469e-09 1.46524e-09 1.16968e-09 9.3335e-10 7.44465e-10 5.93567e-10 4.73069e-10 3.76887e-10 3.00147e-10 2.38943e-10 1.9015e-10 1.51266e-10 1.20292e-10 9.56265e-11 7.5993e-11 6.03703e-11 4.79436e-11 3.80626e-11 3.02084e-11 2.39674e-11 1.901e-11 1.50734e-11 1.19484e-11 9.46856e-12 7.50121e-12 5.94095e-12 4.70391e-12 3.72343e-12 2.94652e-12 2.3311e-12 1.84373e-12
0.00101901 0.000554525 0.000535094 0.00050562 0.000469887 0.00043079 0.000390495 0.000350572 0.00031212 0.00027587 0.000242265 0.000211535 0.000183752 0.000158873 0.000136778 0.000117298 0.000100231 8.53632e-05 7.24773e-05 6.13602e-05 5.18092e-05 4.3635e-05 3.66639e-05 3.0738e-05 2.57158e-05 2.14715e-05 1.7894e-05 1.48859e-05 1.23624e-05 1.02501e-05 8.48557e-06 7.01441e-06 5.79011e-06 4.77303e-06 3.92949e-06 3.23099e-06 2.65347e-06 2.17666e-06 1.78355e-06 1.45986e-06 1.19368e-06 9.75063e-07 7.95713e-07 6.48745e-07 5.28444e-07 4.30074e-07 3.49718e-07 2.84143e-07 2.30678e-07 1.87129e-07 1.51686e-07 1.22867e-07 9.94515e-08 8.0443e-08 6.50237e-08 5.25254e-08 4.24022e-08 3.42087e-08 2.75816e-08 2.22252e-08 1.78986e-08 1.44061e-08 1.15886e-08 9.31718e-09 7.48699e-09 6.0132e-09 4.82707e-09 3.873e-09 3.106e-09 2.48971e-09 1.99478e-09 1.59752e-09 1.27879e-09 1.02322e-09 8.18365e-10 6.54252e-10 5.22835e-10 4.17646e-10 3.33488e-10 2.66185e-10 2.12384e-10 1.69393e-10 1.35055e-10 1.07639e-10 8.57574e-11 6.83004e-11 5.43783e-11 4.32794e-11 3.44345e-11 2.73882e-11 2.17768e-11 1.73096e-11 1.37545e-11 1.09263e-11 8.67693e-12 6.88862e-12 5.46728e-12 4.33797e-12 3.44094e-12 2.72865e-12 2.16321e-12
0.000771877 0.000436327 0.000426521 0.000407607 0.000382652 0.000354067 0.000323699 0.000292931 0.000262768 0.000233909 0.000206814 0.000181757 0.000158873 0.00013819 0.000119665 0.000103201 8.86673e-05 7.59166e-05 6.47904e-05 5.51292e-05 4.67773e-05 3.95867e-05 3.3419e-05 2.81468e-05 2.36544e-05 1.98379e-05 1.66045e-05 1.38722e-05 1.15689e-05 9.63179e-06 8.0061e-06 6.64454e-06 5.50641e-06 4.55678e-06 3.76582e-06 3.1081e-06 2.56205e-06 2.10939e-06 1.73469e-06 1.42496e-06 1.16927e-06 9.58459e-07 7.84866e-07 6.42089e-07 5.24789e-07 4.28527e-07 3.49613e-07 2.84986e-07 2.32113e-07 1.88896e-07 1.53605e-07 1.24812e-07 1.01341e-07 8.22243e-08 6.66668e-08 5.40159e-08 4.37365e-08 3.53902e-08 2.86185e-08 2.31282e-08 1.86799e-08 1.50782e-08 1.2164e-08 9.8075e-09 7.90317e-09 6.36517e-09 5.12378e-09 4.12237e-09 3.31501e-09 2.66445e-09 2.14053e-09 1.71882e-09 1.37955e-09 1.10674e-09 8.87485e-10 7.11356e-10 5.69937e-10 4.5644e-10 3.65394e-10 2.92391e-10 2.3388e-10 1.87005e-10 1.49468e-10 1.1942e-10 9.53775e-11 7.61478e-11 6.07733e-11 4.8486e-11 3.86696e-11 3.08301e-11 2.45717e-11 1.95773e-11 1.5593e-11 1.24156e-11 9.88256e-12 7.86389e-12 6.25566e-12 4.97484e-12 3.9551e-12 3.14347e-12 2.49768e-12
0.000584677 0.000342844 0.000339399 0.000327931 0.000310892 0.000290252 0.000267559 0.000244003 0.000220474 0.000197616 0.000175875 0.00015554 0.000136778 0.000119665 0.000104206 9.0358e-05 7.80435e-05 6.71637e-05 5.76068e-05 4.92556e-05 4.19924e-05 3.57024e-05 3.02769e-05 2.56139e-05 2.16196e-05 1.8209e-05 1.5305e-05 1.28393e-05 1.07509e-05 8.98644e-06 7.49895e-06 6.24767e-06 5.1972e-06 4.317e-06 3.58083e-06 2.96618e-06 2.45385e-06 2.02747e-06 1.67316e-06 1.37916e-06 1.13555e-06 9.33961e-07 7.67355e-07 6.29831e-07 5.16449e-07 4.23076e-07 3.46267e-07 2.8315e-07 2.31338e-07 1.88848e-07 1.54036e-07 1.25542e-07 1.0224e-07 8.32005e-08 6.76573e-08 5.49787e-08 4.4645e-08 3.62292e-08 2.93804e-08 2.3811e-08 1.92852e-08 1.56101e-08 1.26278e-08 1.02093e-08 8.24924e-09 6.66179e-09 5.37688e-09 4.33748e-09 3.49717e-09 2.81822e-09 2.26994e-09 1.82742e-09 1.47047e-09 1.18268e-09 9.50778e-10 7.63999e-10 6.1364e-10 4.92657e-10 3.95357e-10 3.17141e-10 2.54293e-10 2.03818e-10 1.63296e-10 1.3078e-10 1.04698e-10 8.37859e-11 6.70259e-11 5.3599e-11 4.28464e-11 3.42388e-11 2.73509e-11 2.18412e-11 1.74356e-11 1.3914e-11 1.11001e-11 8.85238e-12 7.0576e-12 5.62496e-12 4.48177e-12 3.56983e-12 2.84261e-12
0.000442878 0.000269041 0.000269645 0.000263337 0.00025205 0.000237369 0.000220573 0.000202664 0.000184415 0.000166402 0.000149039 0.000132611 0.000117298 0.000103201 9.0358e-05 7.87633e-05 6.8377e-05 5.91372e-05 5.09678e-05 4.37845e-05 3.74998e-05 3.20262e-05 2.72787e-05 2.31768e-05 1.96452e-05 1.66145e-05 1.40216e-05 1.18095e-05 9.92741e-06 8.33006e-06 6.97759e-06 5.835e-06 4.87176e-06 4.06134e-06 3.3808e-06 2.81035e-06 2.333e-06 1.93423e-06 1.60161e-06 1.3246e-06 1.09423e-06 9.0291e-07 7.44235e-07 6.12803e-07 5.0407e-07 4.14223e-07 3.40066e-07 2.78928e-07 2.28577e-07 1.87152e-07 1.53105e-07 1.25149e-07 1.02216e-07 8.34208e-08 6.80299e-08 5.54377e-08 4.51439e-08 3.67358e-08 2.98732e-08 2.42765e-08 1.97155e-08 1.60013e-08 1.29787e-08 1.05208e-08 8.52323e-09 6.90097e-09 5.58432e-09 4.51637e-09 3.65068e-09 2.94936e-09 2.38153e-09 1.92204e-09 1.55043e-09 1.25006e-09 1.0074e-09 8.1146e-10 6.53331e-10 5.25778e-10 4.2294e-10 3.40069e-10 2.73318e-10 2.19578e-10 1.76331e-10 1.41545e-10 1.13576e-10 9.10975e-11 7.30401e-11 5.85399e-11 4.69009e-11 3.75622e-11 3.00722e-11 2.40672e-11 1.92546e-11 1.53991e-11 1.23114e-11 9.83961e-12 7.8615e-12 6.27904e-12 5.01352e-12 4.00181e-12 3.19328e-12
0.000335469 0.000210871 0.000213912 0.0002111 0.000203939 0.000193691 0.000181393 0.000167882 0.000153813 0.000139691 0.000125889 0.000112675 0.000100231 8.86673e-05 7.80435e-05 6.8377e-05 5.96547e-05 5.18423e-05 4.48902e-05 3.87399e-05 3.33273e-05 2.85868e-05 2.44531e-05 2.08628e-05 1.77561e-05 1.50771e-05 1.27742e-05 1.08005e-05 9.11373e-06 7.67588e-06 6.45325e-06 5.41605e-06 4.53809e-06 3.79646e-06 3.17124e-06 2.64515e-06 2.20326e-06 1.83273e-06 1.52255e-06 1.26329e-06 1.04692e-06 8.66601e-07 7.16539e-07 5.9182e-07 4.88297e-07 4.02474e-07 3.31409e-07 2.72631e-07 2.24071e-07 1.83994e-07 1.50954e-07 1.23742e-07 1.01351e-07 8.29454e-08 6.78291e-08 5.54255e-08 4.52565e-08 3.69265e-08 3.01085e-08 2.45325e-08 1.99757e-08 1.62546e-08 1.32183e-08 1.07424e-08 8.72491e-09 7.08208e-09 5.74523e-09 4.65806e-09 3.7745e-09 3.05686e-09 2.47434e-09 2.00177e-09 1.61862e-09 1.30814e-09 1.0567e-09 8.53174e-10 6.8852e-10 5.55382e-10 4.47784e-10 3.60869e-10 2.90696e-10 2.34067e-10 1.88389e-10 1.51562e-10 1.21883e-10 9.79771e-11 7.87284e-11 6.32367e-11 5.07738e-11 4.07517e-11 3.26957e-11 2.62227e-11 2.10236e-11 1.68493e-11 1.34992e-11 1.08114e-11 8.6559e-12 6.92781e-12 5.54291e-12 4.43343e-12 3.54489e-12
0.000254109 0.000165091 0.000169465 0.000168952 0.000164707 0.000157723 0.000148835 0.000138726 0.00012795 0.000116936 0.000106017 9.54349e-05 8.53632e-05 7.59166e-05 6.71637e-05 5.91372e-05 5.18423e-05 4.5264e-05 3.93727e-05 3.41293e-05 2.94882e-05 2.54009e-05 2.18178e-05 1.869e-05 1.597e-05 1.36133e-05 1.15781e-05 9.82602e-06 8.32202e-06 7.03451e-06 5.93516e-06 4.99873e-06 4.20291e-06 3.52805e-06 2.95694e-06 2.47457e-06 2.06791e-06 1.7257e-06 1.43819e-06 1.19705e-06 9.95109e-07 8.26244e-07 6.85243e-07 5.67669e-07 4.6976e-07 3.88331e-07 3.20691e-07 2.64572e-07 2.18065e-07 1.79567e-07 1.47732e-07 1.21435e-07 9.97334e-08 8.18425e-08 6.71069e-08 5.49812e-08 4.50121e-08 3.68231e-08 3.01019e-08 2.45901e-08 2.00737e-08 1.63757e-08 1.33501e-08 1.08765e-08 8.85562e-09 7.2058e-09 5.8598e-09 4.76242e-09 3.86831e-09 3.14028e-09 2.54786e-09 2.06608e-09 1.67452e-09 1.35645e-09 1.09824e-09 8.88735e-10 7.18843e-10 5.81149e-10 4.69607e-10 3.79298e-10 3.06216e-10 2.47105e-10 1.99317e-10 1.60701e-10 1.29512e-10 1.04333e-10 8.40141e-11 6.76253e-11 5.44119e-11 4.37632e-11 3.51851e-11 2.82777e-11 2.27179e-11 1.82445e-11 1.46468e-11 1.17543e-11 9.42977e-12 7.56233e-12 6.06267e-12 4.85878e-12 3.89267e-12
0.000192481 0.000129114 0.000134081 0.000135015 0.000132793 0.000128188 0.000121862 0.000114371 0.000106173 9.76313e-05 8.9033e-05 8.05953e-05 7.24773e-05 6.47904e-05 5.76068e-05 5.09678e-05 4.48902e-05 3.93727e-05 3.44002e-05 2.99478e-05 2.59845e-05 2.24751e-05 1.93826e-05 1.66693e-05 1.42985e-05 1.22347e-05 1.04443e-05 8.89617e-06 7.56155e-06 6.41426e-06 5.43063e-06 4.58944e-06 3.87177e-06 3.26086e-06 2.74193e-06 2.30204e-06 1.92985e-06 1.61554e-06 1.35056e-06 1.12755e-06 9.40162e-07 7.82952e-07 6.51255e-07 5.41086e-07 4.49054e-07 3.72273e-07 3.08298e-07 2.55058e-07 2.10805e-07 1.74063e-07 1.43592e-07 1.18349e-07 9.74574e-08 8.01854e-08 6.59198e-08 5.41483e-08 4.44438e-08 3.64506e-08 2.98725e-08 2.44637e-08 2.00199e-08 1.6372e-08 1.33796e-08 1.09269e-08 8.91805e-09 7.27388e-09 5.92915e-09 4.83009e-09 3.93242e-09 3.19971e-09 2.60204e-09 2.11483e-09 1.7179e-09 1.39473e-09 1.13175e-09 9.17888e-10 7.44061e-10 6.02853e-10 4.88206e-10 3.95173e-10 3.19718e-10 2.58552e-10 2.08993e-10 1.68858e-10 1.36371e-10 1.10087e-10 8.88318e-11 7.16506e-11 5.77688e-11 4.65579e-11 3.75078e-11 3.02051e-11 2.4315e-11 1.95661e-11 1.57389e-11 1.26557e-11 1.01728e-11 8.17413e-12 6.56586e-12 5.27222e-12 4.23202e-12
0.0001458 0.000100877 0.000105957 0.000107742 0.00010689 0.000103996 9.95802e-05 9.40904e-05 8.78997e-05 8.13135e-05 7.4576e-05 6.78771e-05 6.13602e-05 5.51292e-05 4.92556e-05 4.37845e-05 3.87399e-05 3.41293e-05 2.99478e-05 2.61816e-05 2.28101e-05 1.98086e-05 1.71501e-05 1.48061e-05 1.27481e-05 1.09484e-05 9.38008e-06 8.01813e-06 6.83907e-06 5.82135e-06 4.94532e-06 4.19322e-06 3.54911e-06 2.99877e-06 2.52958e-06 2.13042e-06 1.79151e-06 1.50431e-06 1.26137e-06 1.05623e-06 8.83286e-07 7.37726e-07 6.15399e-07 5.12749e-07 4.26732e-07 3.54751e-07 2.94595e-07 2.44385e-07 2.02527e-07 1.67674e-07 1.38687e-07 1.14604e-07 9.46183e-08 7.80493e-08 6.43267e-08 5.29728e-08 4.35876e-08 3.58368e-08 2.94416e-08 2.41695e-08 1.98269e-08 1.62529e-08 1.33139e-08 1.08989e-08 8.91595e-09 7.28904e-09 5.95519e-09 4.86239e-09 3.9677e-09 3.23569e-09 2.63719e-09 2.14816e-09 1.74882e-09 1.42294e-09 1.15716e-09 9.40522e-10 7.64045e-10 6.20366e-10 5.03453e-10 4.08373e-10 3.3109e-10 2.68305e-10 2.17325e-10 1.75951e-10 1.4239e-10 1.15179e-10 9.31283e-11 7.52668e-11 6.08056e-11 4.91026e-11 3.96359e-11 3.19816e-11 2.57953e-11 2.07976e-11 1.67618e-11 1.35041e-11 1.08755e-11 8.7554e-12 7.04607e-12 5.66846e-12 4.5586e-12
0.00011044 7.87424e-05 8.36373e-05 8.58638e-05 8.59095e-05 8.42267e-05 8.1222e-05 7.72505e-05 7.26149e-05 6.75679e-05 6.2315e-05 5.70199e-05 5.18092e-05 4.67773e-05 4.19924e-05 3.74998e-05 3.33273e-05 2.94882e-05 2.59845e-05 2.28101e-05 1.99524e-05 1.73949e-05 1.5118e-05 1.31007e-05 1.13212e-05 9.75795e-06 8.38976e-06 7.1965e-06 6.1592e-06 5.26024e-06 4.4834e-06 3.8139e-06 3.23838e-06 2.74485e-06 2.32258e-06 1.96207e-06 1.65493e-06 1.39377e-06 1.17212e-06 9.84345e-07 8.25537e-07 6.91449e-07 5.78413e-07 4.83268e-07 4.03298e-07 3.36179e-07 2.79921e-07 2.32828e-07 1.93456e-07 1.60581e-07 1.33162e-07 1.10319e-07 9.13105e-08 7.55092e-08 6.23875e-08 5.15021e-08 4.24807e-08 3.5011e-08 2.88321e-08 2.37253e-08 1.95083e-08 1.60291e-08 1.3161e-08 1.07984e-08 8.85393e-09 7.25471e-09 5.94046e-09 4.86117e-09 3.97548e-09 3.24916e-09 2.65394e-09 2.16649e-09 1.76754e-09 1.44124e-09 1.17453e-09 9.56654e-10 7.78778e-10 6.33644e-10 5.15292e-10 4.18835e-10 3.40265e-10 2.763e-10 2.24252e-10 1.81923e-10 1.47516e-10 1.19562e-10 9.68627e-11 7.84383e-11 6.34911e-11 5.13704e-11 4.15464e-11 3.35873e-11 2.7142e-11 2.19248e-11 1.77036e-11 1.42895e-11 1.15295e-11 9.29913e-12 7.49745e-12 6.04266e-12 4.86841e-12
8.36553e-05 6.14107e-05 6.59489e-05 6.83427e-05 6.89487e-05 6.81076e-05 6.61331e-05 6.3305e-05 5.98668e-05 5.60251e-05 5.19514e-05 4.77847e-05 4.3635e-05 3.95867e-05 3.57024e-05 3.20262e-05 2.85868e-05 2.54009e-05 2.24751e-05 1.98086e-05 1.73949e-05 1.52233e-05 1.32801e-05 1.15502e-05 1.00172e-05 8.66437e-06 7.47524e-06 6.4338e-06 5.52479e-06 4.73388e-06 4.04778e-06 3.45425e-06 2.94217e-06 2.50145e-06 2.12305e-06 1.79888e-06 1.52176e-06 1.28535e-06 1.08405e-06 9.12964e-07 7.67819e-07 6.44887e-07 5.40939e-07 4.53181e-07 3.79203e-07 3.1693e-07 2.64584e-07 2.20642e-07 1.83801e-07 1.52954e-07 1.27156e-07 1.05606e-07 8.76249e-08 7.26383e-08 6.01609e-08 4.97831e-08 4.11604e-08 3.40029e-08 2.80673e-08 2.31495e-08 1.90786e-08 1.57118e-08 1.29296e-08 1.06324e-08 8.73722e-09 7.1749e-09 5.88799e-09 4.82873e-09 3.95748e-09 3.24139e-09 2.65323e-09 2.17049e-09 1.77453e-09 1.44996e-09 1.18408e-09 9.66419e-10 7.88336e-10 6.42724e-10 5.23731e-10 4.26548e-10 3.47222e-10 2.82507e-10 2.29742e-10 1.86742e-10 1.51718e-10 1.23206e-10 1.00006e-10 8.11389e-11 6.58019e-11 5.33408e-11 4.3221e-11 3.50064e-11 2.83414e-11 2.2936e-11 1.85541e-11 1.50035e-11 1.21276e-11 9.79923e-12 7.91489e-12 6.39053e-12 5.15787e-12
6.33668e-05 4.78542e-05 5.1949e-05 5.43327e-05 5.5262e-05 5.49909e-05 5.3759e-05 5.17851e-05 4.9263e-05 4.63603e-05 4.32187e-05 3.99551e-05 3.66639e-05 3.3419e-05 3.02769e-05 2.72787e-05 2.44531e-05 2.18178e-05 1.93826e-05 1.71501e-05 1.5118e-05 1.32801e-05 1.16275e-05 1.01491e-05 8.83289e-06 7.6663e-06 6.63649e-06 5.73084e-06 4.93718e-06 4.24395e-06 3.64029e-06 3.11615e-06 2.6623e-06 2.27031e-06 1.93259e-06 1.64229e-06 1.39331e-06 1.1802e-06 9.98162e-07 8.42965e-07 7.10891e-07 5.9869e-07 5.03533e-07 4.2296e-07 3.5484e-07 2.97336e-07 2.48862e-07 2.08056e-07 1.73751e-07 1.4495e-07 1.20798e-07 1.00569e-07 8.36472e-08 6.95066e-08 5.77033e-08 4.78615e-08 3.96636e-08 3.28419e-08 2.71709e-08 2.24609e-08 1.85528e-08 1.53128e-08 1.26291e-08 1.04081e-08 8.57148e-09 7.05401e-09 5.80119e-09 4.76767e-09 3.91569e-09 3.21389e-09 2.6362e-09 2.16101e-09 1.77041e-09 1.44954e-09 1.18614e-09 9.70047e-10 7.92878e-10 6.47711e-10 5.28837e-10 4.31551e-10 3.51979e-10 2.86933e-10 2.3379e-10 1.90395e-10 1.54981e-10 1.26094e-10 1.02543e-10 8.33521e-11 6.77224e-11 5.49991e-11 4.46466e-11 3.62271e-11 2.9383e-11 2.3822e-11 1.93055e-11 1.5639e-11 1.26638e-11 1.02506e-11 8.29402e-12 6.70838e-12 5.42384e-12
4.79987e-05 3.72612e-05 4.08822e-05 4.31465e-05 4.42361e-05 4.43376e-05 4.36327e-05 4.22906e-05 4.04646e-05 3.82896e-05 3.58814e-05 3.33376e-05 3.0738e-05 2.81468e-05 2.56139e-05 2.31768e-05 2.08628e-05 1.869e-05 1.66693e-05 1.48061e-05 1.31007e-05 1.15502e-05 1.01491e-05 8.8897e-06 7.76343e-06 6.76079e-06 5.87195e-06 5.0871e-06 4.39657e-06 3.79109e-06 3.26187e-06 2.8007e-06 2.39994e-06 2.05261e-06 1.75235e-06 1.49338e-06 1.27055e-06 1.07922e-06 9.15265e-07 7.75056e-07 6.55375e-07 5.53399e-07 4.66659e-07 3.93001e-07 3.30551e-07 2.77684e-07 2.32996e-07 1.95274e-07 1.63478e-07 1.3671e-07 1.14205e-07 9.53072e-08 7.94574e-08 6.61794e-08 5.50683e-08 4.57807e-08 3.80255e-08 3.15566e-08 2.61659e-08 2.16781e-08 1.79455e-08 1.48439e-08 1.22688e-08 1.01329e-08 8.36263e-09 6.89668e-09 5.6837e-09 4.68083e-09 3.85232e-09 3.16836e-09 2.60416e-09 2.13907e-09 1.75595e-09 1.44057e-09 1.18114e-09 9.67857e-10 7.92635e-10 6.48771e-10 5.30725e-10 4.33923e-10 3.54589e-10 2.89608e-10 2.36414e-10 1.92893e-10 1.57306e-10 1.28222e-10 1.04466e-10 8.50706e-11 6.92443e-11 5.63367e-11 4.58147e-11 3.72415e-11 3.02594e-11 2.45759e-11 1.99515e-11 1.61906e-11 1.31333e-11 1.0649e-11 8.63129e-12 6.99313e-12 5.66372e-12
3.63578e-05 2.89916e-05 3.21439e-05 3.42272e-05 3.53675e-05 3.57004e-05 3.5362e-05 3.44823e-05 3.31814e-05 3.15669e-05 2.97331e-05 2.77603e-05 2.57158e-05 2.36544e-05 2.16196e-05 1.96452e-05 1.77561e-05 1.597e-05 1.42985e-05 1.27481e-05 1.13212e-05 1.00172e-05 8.83289e-06 7.76343e-06 6.80267e-06 5.94366e-06 5.17897e-06 4.501e-06 3.90218e-06 3.37512e-06 2.91275e-06 2.50837e-06 2.15574e-06 1.84907e-06 1.58307e-06 1.3529e-06 1.15421e-06 9.83073e-07 8.35974e-07 7.09794e-07 6.01767e-07 5.09451e-07 4.30702e-07 3.63639e-07 3.06622e-07 2.58221e-07 2.17196e-07 1.82475e-07 1.53129e-07 1.28361e-07 1.07483e-07 8.99065e-08 7.5128e-08 6.27167e-08 5.23054e-08 4.35815e-08 3.62795e-08 3.01741e-08 2.50743e-08 2.08189e-08 1.72713e-08 1.43167e-08 1.18582e-08 9.81435e-09 8.11664e-09 6.70767e-09 5.53929e-09 4.57121e-09 3.76972e-09 3.10666e-09 2.55853e-09 2.10576e-09 1.73201e-09 1.42371e-09 1.16958e-09 9.60232e-10 7.87897e-10 6.46121e-10 5.29557e-10 4.33782e-10 3.55135e-10 2.90593e-10 2.37655e-10 1.94262e-10 1.58711e-10 1.29602e-10 1.0578e-10 8.62951e-11 7.03662e-11 5.73509e-11 4.67216e-11 3.80452e-11 3.09663e-11 2.51936e-11 2.04882e-11 1.66547e-11 1.35328e-11 1.09916e-11 8.92394e-12 7.24239e-12 5.87539e-12
2.75401e-05 2.25415e-05 2.52518e-05 2.71245e-05 2.82447e-05 2.87094e-05 2.86193e-05 2.80735e-05 2.71653e-05 2.59802e-05 2.45939e-05 2.30723e-05 2.14715e-05 1.98379e-05 1.8209e-05 1.66145e-05 1.50771e-05 1.36133e-05 1.22347e-05 1.09484e-05 9.75795e-06 8.66437e-06 7.6663e-06 6.76079e-06 5.94366e-06 5.20992e-06 4.55404e-06 3.97022e-06 3.45256e-06 2.99522e-06 2.59255e-06 2.23913e-06 1.92987e-06 1.66002e-06 1.42517e-06 1.22131e-06 1.04477e-06 8.9224e-07 7.60736e-07 6.47596e-07 5.50449e-07 4.67192e-07 3.95968e-07 3.35144e-07 2.83289e-07 2.39152e-07 2.01641e-07 1.69809e-07 1.42836e-07 1.20012e-07 1.00724e-07 8.44453e-08 7.07244e-08 5.9173e-08 4.94597e-08 4.13013e-08 3.44564e-08 2.87198e-08 2.39171e-08 1.99003e-08 1.65441e-08 1.37427e-08 1.14064e-08 9.45983e-09 7.83944e-09 6.49173e-09 5.37177e-09 4.44182e-09 3.67029e-09 3.03068e-09 2.50084e-09 2.06227e-09 1.69951e-09 1.39968e-09 1.15202e-09 9.47607e-10 7.78999e-10 6.40015e-10 5.25525e-10 4.31272e-10 3.53727e-10 2.89967e-10 2.37573e-10 1.94544e-10 1.59225e-10 1.30253e-10 1.06499e-10 8.70342e-11 7.10928e-11 5.80437e-11 4.73676e-11 3.86375e-11 3.15021e-11 2.56731e-11 2.09134e-11 1.70289e-11 1.386e-11 1.1276e-11 9.17005e-12 7.45438e-12 6.05727e-12
2.0861e-05 1.75148e-05 1.98213e-05 2.14752e-05 2.2532e-05 2.30596e-05 2.31318e-05 2.28234e-05 2.22062e-05 2.13476e-05 2.03081e-05 1.91415e-05 1.7894e-05 1.66045e-05 1.5305e-05 1.40216e-05 1.27742e-05 1.15781e-05 1.04443e-05 9.38008e-06 8.38976e-06 7.47524e-06 6.63649e-06 5.87195e-06 5.17897e-06 4.55404e-06 3.99313e-06 3.49187e-06 3.0457e-06 2.65006e-06 2.30046e-06 1.99254e-06 1.72218e-06 1.48547e-06 1.27881e-06 1.09884e-06 9.42505e-07 8.07015e-07 6.89855e-07 5.88759e-07 5.01702e-07 4.26881e-07 3.62695e-07 3.07731e-07 2.60745e-07 2.20645e-07 1.86475e-07 1.57405e-07 1.32708e-07 1.11757e-07 9.40081e-08 7.89919e-08 6.6304e-08 5.55968e-08 4.65718e-08 3.89738e-08 3.25844e-08 2.72171e-08 2.27134e-08 1.89382e-08 1.57769e-08 1.31323e-08 1.0922e-08 9.07641e-09 7.53679e-09 6.25354e-09 5.18489e-09 4.2957e-09 3.55646e-09 2.94236e-09 2.43262e-09 2.00984e-09 1.65944e-09 1.36924e-09 1.12907e-09 9.30455e-10 7.66308e-10 6.30741e-10 5.18852e-10 4.26566e-10 3.50495e-10 2.87831e-10 2.36241e-10 1.93794e-10 1.5889e-10 1.30205e-10 1.06644e-10 8.73031e-11 7.14346e-11 5.84221e-11 4.77572e-11 3.90209e-11 3.1868e-11 2.60145e-11 2.12267e-11 1.73125e-11 1.41139e-11 1.15014e-11 9.36848e-12 7.62798e-12 6.2083e-12
1.58016e-05 1.36005e-05 1.55467e-05 1.69871e-05 1.79562e-05 1.85004e-05 1.86731e-05 1.853e-05 1.81261e-05 1.7514e-05 1.6742e-05 1.58533e-05 1.48859e-05 1.38722e-05 1.28393e-05 1.18095e-05 1.08005e-05 9.82602e-06 8.89617e-06 8.01813e-06 7.1965e-06 6.4338e-06 5.73084e-06 5.0871e-06 4.501e-06 3.97022e-06 3.49187e-06 3.0627e-06 2.67925e-06 2.33797e-06 2.03533e-06 1.76785e-06 1.5322e-06 1.32521e-06 1.14391e-06 9.85524e-07 8.47517e-07 7.27552e-07 6.2351e-07 5.33473e-07 4.55719e-07 3.88705e-07 3.31059e-07 2.81562e-07 2.39136e-07 2.02833e-07 1.71819e-07 1.45366e-07 1.22836e-07 1.03676e-07 8.74043e-08 7.36047e-08 6.19169e-08 5.20303e-08 4.36776e-08 3.66294e-08 3.06887e-08 2.56871e-08 2.14809e-08 1.79473e-08 1.49818e-08 1.24956e-08 1.04132e-08 8.67081e-09 7.21417e-09 5.99754e-09 4.98229e-09 4.13579e-09 3.43061e-09 2.84363e-09 2.35543e-09 1.9497e-09 1.61277e-09 1.33319e-09 1.10136e-09 9.09272e-10 7.50216e-10 6.18606e-10 5.09779e-10 4.1985e-10 3.45585e-10 2.84296e-10 2.33746e-10 1.92079e-10 1.57755e-10 1.29496e-10 1.06244e-10 8.71227e-11 7.14069e-11 5.84971e-11 4.7898e-11 3.92007e-11 3.20675e-11 2.62202e-11 2.14293e-11 1.7506e-11 1.42947e-11 1.16673e-11 9.51882e-12 7.76267e-12 6.32789e-12
1.19693e-05 1.05546e-05 1.21849e-05 1.34254e-05 1.42956e-05 1.48265e-05 1.50559e-05 1.50248e-05 1.47753e-05 1.43479e-05 1.37808e-05 1.31087e-05 1.23624e-05 1.15689e-05 1.07509e-05 9.92741e-06 9.11373e-06 8.32202e-06 7.56155e-06 6.83907e-06 6.1592e-06 5.52479e-06 4.93718e-06 4.39657e-06 3.90218e-06 3.45256e-06 3.0457e-06 2.67925e-06 2.3506e-06 2.05704e-06 1.79578e-06 1.56409e-06 1.35928e-06 1.1788e-06 1.02021e-06 8.81238e-07 7.59778e-07 6.53884e-07 5.61776e-07 4.8184e-07 4.12614e-07 3.52787e-07 3.01182e-07 2.56755e-07 2.18574e-07 1.85819e-07 1.57765e-07 1.33776e-07 1.13294e-07 9.58332e-08 8.09691e-08 6.8333e-08 5.76055e-08 4.85101e-08 4.08082e-08 3.42943e-08 2.87917e-08 2.41487e-08 2.02354e-08 1.69407e-08 1.41698e-08 1.18417e-08 9.88773e-09 8.24929e-09 6.87674e-09 5.72799e-09 4.76743e-09 3.96493e-09 3.29505e-09 2.73636e-09 2.27077e-09 1.88308e-09 1.56051e-09 1.29232e-09 1.06953e-09 8.84565e-10 7.31128e-10 6.03931e-10 4.98558e-10 4.11324e-10 3.39154e-10 2.79486e-10 2.30184e-10 1.89474e-10 1.55879e-10 1.28171e-10 1.05333e-10 8.65187e-11 7.1029e-11 5.82831e-11 4.78008e-11 3.91846e-11 3.21062e-11 2.6294e-11 2.1524e-11 1.76113e-11 1.44034e-11 1.17746e-11 9.62136e-12 7.85852e-12 6.41596e-12
9.06648e-06 8.18616e-06 9.5434e-06 1.06017e-05 1.13706e-05 1.18698e-05 1.21255e-05 1.21678e-05 1.20281e-05 1.17377e-05 1.13266e-05 1.08224e-05 1.02501e-05 9.63179e-06 8.98644e-06 8.33006e-06 7.67588e-06 7.03451e-06 6.41426e-06 5.82135e-06 5.26024e-06 4.73388e-06 4.24395e-06 3.79109e-06 3.37512e-06 2.99522e-06 2.65006e-06 2.33797e-06 2.05704e-06 1.80518e-06 1.58025e-06 1.3801e-06 1.20259e-06 1.04565e-06 9.07323e-07 7.85735e-07 6.79147e-07 5.85944e-07 5.04643e-07 4.33886e-07 3.7244e-07 3.19191e-07 2.73139e-07 2.33386e-07 1.99135e-07 1.69675e-07 1.44381e-07 1.22698e-07 1.0414e-07 8.8281e-08 7.47484e-08 6.32173e-08 5.34051e-08 4.50668e-08 3.799e-08 3.19913e-08 2.69128e-08 2.26182e-08 1.89908e-08 1.59302e-08 1.33507e-08 1.1179e-08 9.35237e-09 7.81759e-09 6.52926e-09 5.44882e-09 4.54357e-09 3.78578e-09 3.15198e-09 2.62233e-09 2.1801e-09 1.81116e-09 1.5036e-09 1.24742e-09 1.03419e-09 8.56842e-10 7.09451e-10 5.87042e-10 4.85452e-10 4.01197e-10 3.31367e-10 2.73531e-10 2.25659e-10 1.8606e-10 1.53324e-10 1.26279e-10 1.03948e-10 8.55208e-11 7.03237e-11 5.77976e-11 4.74787e-11 3.89828e-11 3.19915e-11 2.62415e-11 2.15148e-11 1.76313e-11 1.44421e-11 1.18245e-11 9.67704e-12 7.9161e-12 6.47281e-12
6.86763e-06 6.34572e-06 7.4695e-06 8.36534e-06 9.03602e-06 9.49328e-06 9.75491e-06 9.84247e-06 9.77939e-06 9.58959e-06 9.29636e-06 8.92165e-06 8.48557e-06 8.0061e-06 7.49895e-06 6.97759e-06 6.45325e-06 5.93516e-06 5.43063e-06 4.94532e-06 4.4834e-06 4.04778e-06 3.64029e-06 3.26187e-06 2.91275e-06 2.59255e-06 2.30046e-06 2.03533e-06 1.79578e-06 1.58025e-06 1.3871e-06 1.21465e-06 1.0612e-06 9.25101e-07 8.04766e-07 6.98674e-07 6.05394e-07 5.23591e-07 4.52031e-07 3.89578e-07 3.35195e-07 2.8794e-07 2.46963e-07 2.115e-07 1.80866e-07 1.54452e-07 1.31716e-07 1.12179e-07 9.54171e-08 8.10591e-08 6.87785e-08 5.829e-08 4.93446e-08 4.17257e-08 3.52451e-08 2.97397e-08 2.50685e-08 2.111e-08 1.77592e-08 1.49262e-08 1.25334e-08 1.05147e-08 8.81335e-09 7.38091e-09 6.17608e-09 5.16365e-09 4.31371e-09 3.60082e-09 3.00343e-09 2.50325e-09 2.08483e-09 1.73508e-09 1.44299e-09 1.19923e-09 9.95966e-10 8.26602e-10 6.85588e-10 5.68265e-10 4.70721e-10 3.89679e-10 3.22393e-10 2.66566e-10 2.20277e-10 1.8192e-10 1.50158e-10 1.23872e-10 1.02132e-10 8.41615e-11 6.93165e-11 5.70603e-11 4.6947e-11 3.86068e-11 3.17325e-11 2.60695e-11 2.14068e-11 1.75697e-11 1.44137e-11 1.18192e-11 9.68734e-12 7.93647e-12 6.49919e-12
5.20206e-06 4.9165e-06 5.84254e-06 6.59574e-06 7.17461e-06 7.58535e-06 7.83961e-06 7.95259e-06 7.94156e-06 7.82461e-06 7.61978e-06 7.34435e-06 7.01441e-06 6.64454e-06 6.24767e-06 5.835e-06 5.41605e-06 4.99873e-06 4.58944e-06 4.19322e-06 3.8139e-06 3.45425e-06 3.11615e-06 2.8007e-06 2.50837e-06 2.23913e-06 1.99254e-06 1.76785e-06 1.56409e-06 1.3801e-06 1.21465e-06 1.06642e-06 9.34108e-07 8.16385e-07 7.11975e-07 6.19645e-07 5.38227e-07 4.66621e-07 4.03805e-07 3.48832e-07 3.00832e-07 2.59014e-07 2.22656e-07 1.9111e-07 1.63791e-07 1.40177e-07 1.19801e-07 1.0225e-07 8.71563e-08 7.41967e-08 6.30866e-08 5.35762e-08 4.54467e-08 3.85072e-08 3.25916e-08 2.75552e-08 2.32728e-08 1.9636e-08 1.65512e-08 1.39374e-08 1.17254e-08 9.8554e-09 8.27617e-09 6.9439e-09 5.8211e-09 4.87575e-09 4.08058e-09 3.41235e-09 2.85131e-09 2.38068e-09 1.98623e-09 1.65592e-09 1.37954e-09 1.14848e-09 9.55452e-10 7.94327e-10 6.59933e-10 5.47918e-10 4.54624e-10 3.76978e-10 3.12399e-10 2.58725e-10 2.14146e-10 1.77143e-10 1.4645e-10 1.21007e-10 9.99277e-11 8.24755e-11 6.80347e-11 5.60926e-11 4.62226e-11 3.80698e-11 3.13392e-11 2.57857e-11 2.1206e-11 1.74313e-11 1.43217e-11 1.17613e-11 9.65425e-12 7.92107e-12 6.49615e-12
3.94043e-06 3.80727e-06 4.56714e-06 5.19672e-06 5.69197e-06 6.05536e-06 6.2941e-06 6.4187e-06 6.4417e-06 6.3767e-06 6.23753e-06 6.03774e-06 5.79011e-06 5.50641e-06 5.1972e-06 4.87176e-06 4.53809e-06 4.20291e-06 3.87177e-06 3.54911e-06 3.23838e-06 2.94217e-06 2.6623e-06 2.39994e-06 2.15574e-06 1.92987e-06 1.72218e-06 1.5322e-06 1.35928e-06 1.20259e-06 1.0612e-06 9.34108e-07 8.20292e-07 7.18711e-07 6.28342e-07 5.4819e-07 4.77305e-07 4.14786e-07 3.59788e-07 3.11526e-07 2.69273e-07 2.32364e-07 2.00193e-07 1.72208e-07 1.47913e-07 1.26861e-07 1.08652e-07 9.29293e-08 7.93769e-08 6.77137e-08 5.76922e-08 4.90943e-08 4.17285e-08 3.54271e-08 3.00437e-08 2.54506e-08 2.15369e-08 1.82063e-08 1.53752e-08 1.29716e-08 1.09333e-08 9.20666e-09 7.74562e-09 6.51062e-09 5.46777e-09 4.58804e-09 3.84664e-09 3.22242e-09 2.69734e-09 2.25606e-09 1.88552e-09 1.57466e-09 1.31409e-09 1.09585e-09 9.13204e-10 7.60476e-10 6.32861e-10 5.2631e-10 4.37413e-10 3.63298e-10 3.01551e-10 2.50144e-10 2.07375e-10 1.71816e-10 1.42271e-10 1.17738e-10 9.73809e-11 8.04986e-11 6.65067e-11 5.49172e-11 4.53233e-11 3.73859e-11 3.08228e-11 2.5399e-11 2.09193e-11 1.72212e-11 1.417e-11 1.16539e-11 9.58014e-12 7.87174e-12 6.46506e-12
