0.394715 0.114904 0.040756 0.0154678 0.00424111 0.000944897 0.000185561 3.36284e-05 5.77666e-06 9.56145e-07 1.54095e-07 2.43483e-08 3.78968e-09 5.8293e-10 8.88249e-11 1.34311e-11 2.01799e-12 3.01569e-13 4.48601e-14 6.64677e-15 9.81427e-16 1.44471e-16 2.12096e-17 3.10623e-18 4.53933e-19 6.6206e-20 9.63891e-21 1.40104e-21 2.03336e-22 2.94308e-23 4.26022e-24
0.114904 0.0398348 0.0162155 0.00309365 0.000489741 7.1934e-05 1.02126e-05 1.42706e-06 1.97972e-07 2.73814e-08 3.78358e-09 5.22857e-10 7.22924e-11 1.00027e-11 1.38508e-12 1.9194e-13 2.66176e-14 3.6937e-15 5.12886e-16 7.1256e-17 9.90471e-18 1.37741e-18 1.9163e-19 2.66706e-20 3.71322e-21 5.17139e-22 7.20428e-23 1.00388e-23 1.39785e-24 1.86706e-25 2.60396e-26
0.040756 0.0162155 0.00253737 0.000378282 5.40538e-05 7.53895e-06 1.0392e-06 1.4258e-07 1.95424e-08 2.68041e-09 3.68161e-10 5.06501e-11 6.97938e-12 9.63152e-13 1.33091e-13 1.84125e-14 2.54993e-15 3.53458e-16 4.90339e-17 6.80712e-18 9.45593e-19 1.31428e-19 1.82764e-20 2.54266e-21 3.53884e-22 4.92712e-23 6.86221e-24 9.55474e-25 1.29928e-25 1.8063e-26 2.51912e-27
0.0154678 0.00309365 0.000378282 4.91976e-05 6.52085e-06 8.70543e-07 1.16786e-07 1.57393e-08 2.13062e-09 2.89603e-10 3.95069e-11 5.40629e-12 7.41789e-13 1.02009e-13 1.40549e-14 1.93964e-15 2.68051e-16 3.70879e-17 5.13683e-18 7.12112e-19 9.87969e-20 1.37164e-20 1.90548e-21 2.64853e-22 3.68314e-23 5.12412e-24 7.12944e-25 9.79666e-26 1.36202e-26 1.89295e-27 2.63877e-28
0.00424111 0.000489741 5.40538e-05 6.52085e-06 8.2294e-07 1.06442e-07 1.39823e-08 1.85707e-09 2.48736e-10 3.35384e-11 4.5464e-12 6.18977e-13 8.45699e-14 1.15883e-14 1.59175e-15 2.19082e-16 3.02052e-17 4.17052e-18 5.76558e-19 7.97935e-20 1.10536e-20 1.53249e-21 2.12624e-22 2.95196e-23 4.10069e-24 5.69846e-25 7.87119e-26 1.09364e-26 1.51969e-27 2.11089e-28 2.94057e-29
0.000944897 7.1934e-05 7.53895e-06 8.70543e-07 1.06442e-07 1.34685e-08 1.74217e-09 2.28811e-10 3.03886e-11 4.0703e-12 5.48792e-13 7.43808e-14 1.01237e-14 1.38263e-15 1.89365e-16 2.59964e-17 3.57594e-18 4.9272e-19 6.79889e-20 9.39334e-21 1.2992e-21 1.79865e-22 2.49221e-23 3.45579e-24 4.79473e-25 6.63535e-26 9.2105e-27 1.27884e-27 1.77585e-28 2.46502e-29 3.4312e-30
0.000185561 1.02126e-05 1.0392e-06 1.16786e-07 1.39823e-08 1.74217e-09 2.22814e-10 2.90145e-11 3.82771e-12 5.09912e-13 6.84398e-14 9.24018e-15 1.25343e-15 1.70679e-16 2.33145e-17 3.19311e-18 4.3829e-19 6.02734e-20 8.30216e-21 1.14515e-21 1.58149e-22 2.18641e-23 3.02557e-24 4.19015e-25 5.79858e-26 8.03876e-27 1.11495e-27 1.54688e-28 2.14646e-29 2.97732e-30 4.14097e-31
3.36284e-05 1.42706e-06 1.4258e-07 1.57393e-08 1.85707e-09 2.28811e-10 2.90145e-11 3.75302e-12 4.92443e-13 6.53066e-14 8.73173e-15 1.17495e-15 1.58912e-16 2.1582e-17 2.94109e-18 4.0194e-19 5.50627e-20 7.55862e-21 1.03942e-21 1.43153e-22 1.9742e-23 2.72575e-24 3.76724e-25 5.20775e-26 7.20853e-27 9.98448e-28 1.38365e-28 1.91817e-29 2.65968e-30 3.68658e-31 5.12345e-32
5.77666e-06 1.97972e-07 1.95424e-08 2.13062e-09 2.48736e-10 3.03886e-11 3.82771e-12 4.92443e-13 6.43255e-14 8.49815e-15 1.13247e-15 1.5194e-16 2.04961e-17 2.77703e-18 3.77632e-19 5.15079e-20 7.04357e-21 9.65298e-22 1.32541e-22 1.82283e-23 2.51053e-24 3.46199e-25 4.77777e-26 6.6016e-27 9.1293e-28 1.26338e-28 1.74935e-29 2.42327e-30 3.3576e-31 4.65079e-32 6.45871e-33
9.56145e-07 2.73814e-08 2.68041e-09 2.89603e-10 3.35384e-11 4.0703e-12 5.09912e-13 6.53066e-14 8.49815e-15 1.119e-15 1.48683e-16 1.98965e-17 2.67767e-18 3.62029e-19 4.91346e-20 6.6899e-21 9.13326e-22 1.24979e-22 1.71362e-23 2.35366e-24 3.23766e-25 4.45894e-26 6.14878e-27 8.48778e-28 1.17271e-28 1.6215e-29 2.24346e-30 3.10542e-31 4.29978e-32 5.95198e-33 8.25996e-34
1.54095e-07 3.78358e-09 3.68161e-10 3.95069e-11 4.5464e-12 5.48792e-13 6.84398e-14 8.73173e-15 1.13247e-15 1.48683e-16 1.97046e-17 2.63068e-18 3.53286e-19 4.76731e-20 6.45873e-21 8.7795e-22 1.1968e-22 1.6354e-23 2.23943e-24 3.07214e-25 4.2209e-26 5.80766e-27 8.00083e-28 1.10343e-28 1.52323e-29 2.10448e-30 2.9095e-31 4.02452e-32 5.56868e-33 7.70371e-34 1.0684e-34
2.43483e-08 5.22857e-10 5.06501e-11 5.40629e-12 6.18977e-13 7.43808e-14 9.24018e-15 1.17495e-15 1.5194e-16 1.98965e-17 2.63068e-18 3.50468e-19 4.69752e-20 6.32772e-21 8.55883e-22 1.16168e-22 1.58136e-23 2.15811e-24 2.95164e-25 4.04447e-26 5.55131e-27 7.63074e-28 1.05027e-28 1.44722e-29 1.99621e-30 2.75584e-31 3.8073e-32 5.26286e-33 7.27758e-34 1.00619e-34 1.39459e-35
3.78968e-09 7.22924e-11 6.97938e-12 7.41789e-13 8.45699e-14 1.01237e-14 1.25343e-15 1.58912e-16 2.04961e-17 2.67767e-18 3.53286e-19 4.69752e-20 6.28525e-21 8.4527e-22 1.1416e-22 1.54732e-23 2.10362e-24 2.8674e-25 3.91725e-26 5.36214e-27 7.35271e-28 1.00976e-28 1.38861e-29 1.91188e-30 2.63511e-31 3.63525e-32 5.01884e-33 6.93318e-34 9.58161e-35 1.32402e-35 1.83402e-36
5.8293e-10 1.00027e-11 9.63152e-13 1.02009e-13 1.15883e-14 1.38263e-15 1.70679e-16 2.1582e-17 2.77703e-18 3.62029e-19 4.76731e-20 6.32772e-21 8.4527e-22 1.13506e-22 1.53085e-23 2.07225e-24 2.81391e-25 3.83125e-26 5.22863e-27 7.15024e-28 9.7956e-29 1.34409e-29 1.84687e-30 2.54087e-31 3.49951e-32 4.82444e-33 6.65637e-34 9.18978e-35 1.26931e-35 1.75304e-36 2.42697e-37
8.88249e-11 1.38508e-12 1.33091e-13 1.40549e-14 1.59175e-15 1.89365e-16 2.33145e-17 2.94109e-18 3.77632e-19 4.91346e-20 6.45873e-21 8.55883e-22 1.1416e-22 1.53085e-23 2.06201e-24 2.78792e-25 3.78146e-26 5.1433e-27 7.01239e-28 9.58079e-29 1.31141e-29 1.79797e-30 2.46864e-31 3.39383e-32 4.67109e-33 6.43543e-34 8.87368e-35 1.2244e-35 1.69025e-36 2.33325e-37 3.22854e-38
1.34311e-11 1.9194e-13 1.84125e-14 1.93964e-15 2.19082e-16 2.59964e-17 3.19311e-18 4.0194e-19 5.15079e-20 6.6899e-21 8.7795e-22 1.16168e-22 1.54732e-23 2.07225e-24 2.78792e-25 3.76516e-26 5.10169e-27 6.93224e-28 9.44279e-29 1.28903e-29 1.76298e-30 2.41524e-31 3.31375e-32 4.55256e-33 6.26185e-34 8.62178e-35 1.18815e-35 1.63853e-36 2.26079e-37 3.11936e-38 4.31415e-39
2.01799e-12 2.66176e-14 2.54993e-15 2.68051e-16 3.02052e-17 3.57594e-18 4.3829e-19 5.50627e-20 7.04357e-21 9.13326e-22 1.1968e-22 1.58136e-23 2.10362e-24 2.81391e-25 3.78146e-26 5.10169e-27 6.90593e-28 9.37529e-29 1.27596e-29 1.7404e-30 2.37849e-31 3.25612e-32 4.46441e-33 6.12942e-34 8.42558e-35 1.15942e-35 1.5969e-36 2.20109e-37 3.0355e-38 4.18639e-39 5.78713e-40
3.01569e-13 3.6937e-15 3.53458e-16 3.70879e-17 4.17052e-18 4.9272e-19 6.02734e-20 7.55862e-21 9.65298e-22 1.24979e-22 1.6354e-23 2.15811e-24 2.8674e-25 3.83125e-26 5.1433e-27 6.93224e-28 9.37529e-29 1.27167e-29 1.72933e-30 2.35698e-31 3.21881e-32 4.4035e-33 6.03366e-34 8.27883e-35 1.13736e-35 1.56422e-36 2.15332e-37 2.96656e-38 4.08926e-39 5.63724e-40 7.78922e-41
4.48601e-14 5.12886e-16 4.90339e-17 5.13683e-18 5.76558e-19 6.79889e-20 8.30216e-21 1.03942e-21 1.32541e-22 1.71362e-23 2.23943e-24 2.95164e-25 3.91725e-26 5.22863e-27 7.01239e-28 9.44279e-29 1.27596e-29 1.72933e-30 2.34989e-31 3.20047e-32 4.36774e-33 5.97143e-34 8.17702e-35 1.12132e-35 1.53964e-36 2.11637e-37 2.91196e-38 4.00982e-39 5.52489e-40 7.61319e-41 1.0515e-41
6.64677e-15 7.1256e-17 6.80712e-18 7.12112e-19 7.97935e-20 9.39334e-21 1.14515e-21 1.43153e-22 1.82283e-23 2.35366e-24 3.07214e-25 4.04447e-26 5.36214e-27 7.15024e-28 9.58079e-29 1.28903e-29 1.7404e-30 2.35698e-31 3.20047e-32 4.35594e-33 5.9408e-34 8.1171e-35 1.11087e-35 1.52251e-36 2.08938e-37 2.87061e-38 3.94786e-39 5.43381e-40 7.48374e-41 1.03084e-41 1.42316e-42
9.81427e-16 9.90471e-18 9.45593e-19 9.87969e-20 1.10536e-20 1.2992e-21 1.58149e-22 1.9742e-23 2.51053e-24 3.23766e-25 4.2209e-26 5.55131e-27 7.35271e-28 9.7956e-29 1.31141e-29 1.76298e-30 2.37849e-31 3.21881e-32 4.36774e-33 5.9408e-34 8.09731e-35 1.10572e-35 1.5124e-36 2.07173e-37 2.84166e-38 3.90231e-39 5.36428e-40 7.38019e-41 1.01603e-41 1.39899e-42 1.93065e-43
1.44471e-16 1.37741e-18 1.31428e-19 1.37164e-20 1.53249e-21 1.79865e-22 2.18641e-23 2.72575e-24 3.46199e-25 4.45894e-26 5.80766e-27 7.63074e-28 1.00976e-28 1.34409e-29 1.79797e-30 2.41524e-31 3.25612e-32 4.4035e-33 5.97143e-34 8.1171e-35 1.10572e-35 1.50906e-36 2.063e-37 2.82453e-38 3.87239e-39 5.31532e-40 7.3035e-41 1.0044e-41 1.38222e-42 1.90251e-43 2.62455e-44
2.12096e-17 1.9163e-19 1.82764e-20 1.90548e-21 2.12624e-22 2.49221e-23 3.02557e-24 3.76724e-25 4.77777e-26 6.14878e-27 8.00083e-28 1.05027e-28 1.38861e-29 1.84687e-30 2.46864e-31 3.31375e-32 4.46441e-33 6.03366e-34 8.17702e-35 1.11087e-35 1.5124e-36 2.063e-37 2.81887e-38 3.85757e-39 5.28624e-40 7.25283e-41 9.96158e-42 1.36941e-42 1.88382e-43 2.59203e-44 3.57445e-45
3.10623e-18 2.66706e-20 2.54266e-21 2.64853e-22 2.95196e-23 3.45579e-24 4.19015e-25 5.20775e-26 6.6016e-27 8.48778e-28 1.10343e-28 1.44722e-29 1.91188e-30 2.54087e-31 3.39383e-32 4.55256e-33 6.12942e-34 8.27883e-35 1.12132e-35 1.52251e-36 2.07173e-37 2.82453e-38 3.85757e-39 5.27659e-40 7.22765e-41 9.91234e-42 1.36089e-42 1.8701e-43 2.57167e-44 3.5373e-45 4.87628e-46
4.53933e-19 3.71322e-21 3.53884e-22 3.68314e-23 4.10069e-24 4.79473e-25 5.79858e-26 7.20853e-27 9.1293e-28 1.17271e-28 1.52323e-29 1.99621e-30 2.63511e-31 3.49951e-32 4.67109e-33 6.26185e-34 8.42558e-35 1.13736e-35 1.53964e-36 2.08938e-37 2.84166e-38 3.87239e-39 5.28624e-40 7.22765e-41 9.89597e-42 1.35664e-42 1.86185e-43 2.55758e-44 3.51585e-45 4.83445e-46 6.66222e-47
6.6206e-20 5.17139e-22 4.92712e-23 5.12412e-24 5.69846e-25 6.63535e-26 8.03876e-27 9.98448e-28 1.26338e-28 1.6215e-29 2.10448e-30 2.75584e-31 3.63525e-32 4.82444e-33 6.43543e-34 8.62178e-35 1.15942e-35 1.56422e-36 2.11637e-37 2.87061e-38 3.90231e-39 5.31532e-40 7.25283e-41 9.91234e-42 1.35664e-42 1.8591e-43 2.5505e-44 3.50234e-45 4.81301e-46 6.61607e-47 9.1145e-48
9.63891e-21 7.20428e-23 6.86221e-24 7.12944e-25 7.87119e-26 9.2105e-27 1.11495e-27 1.38365e-28 1.74935e-29 2.24346e-30 2.9095e-31 3.8073e-32 5.01884e-33 6.65637e-34 8.87368e-35 1.18815e-35 1.5969e-36 2.15332e-37 2.91196e-38 3.94786e-39 5.36428e-40 7.3035e-41 9.96158e-42 1.36089e-42 1.86185e-43 2.5505e-44 3.49782e-45 4.80159e-46 6.59638e-47 9.06488e-48 1.24842e-48
1.40104e-21 1.00388e-23 9.55474e-25 9.79666e-26 1.09364e-26 1.27884e-27 1.54688e-28 1.91817e-29 2.42327e-30 3.10542e-31 4.02452e-32 5.26286e-33 6.93318e-34 9.18978e-35 1.2244e-35 1.63853e-36 2.20109e-37 2.96656e-38 4.00982e-39 5.43381e-40 7.38019e-41 1.0044e-41 1.36941e-42 1.8701e-43 2.55758e-44 3.50234e-45 4.80159e-46 6.58923e-47 9.0495e-48 1.24325e-48 1.71171e-49
2.03336e-22 1.39785e-24 1.29928e-25 1.36202e-26 1.51969e-27 1.77585e-28 2.14646e-29 2.65968e-30 3.3576e-31 4.29978e-32 5.56868e-33 7.27758e-34 9.58161e-35 1.26931e-35 1.69025e-36 2.26079e-37 3.0355e-38 4.08926e-39 5.52489e-40 7.48374e-41 1.01603e-41 1.38222e-42 1.88382e-43 2.57167e-44 3.51585e-45 4.81301e-46 6.59638e-47 9.0495e-48 1.24248e-48 1.70651e-49 2.34886e-50
2.94308e-23 1.86706e-25 1.8063e-26 1.89295e-27 2.11089e-28 2.46502e-29 2.97732e-30 3.68658e-31 4.65079e-32 5.95198e-33 7.70371e-34 1.00619e-34 1.32402e-35 1.75304e-36 2.33325e-37 3.11936e-38 4.18639e-39 5.63724e-40 7.61319e-41 1.03084e-41 1.39899e-42 1.90251e-43 2.59203e-44 3.5373e-45 4.83445e-46 6.61607e-47 9.06488e-48 1.24325e-48 1.70651e-49 2.34325e-50 3.22445e-51
4.26022e-24 2.60396e-26 2.51912e-27 2.63877e-28 2.94057e-29 3.4312e-30 4.14097e-31 5.12345e-32 6.45871e-33 8.25996e-34 1.0684e-34 1.39459e-35 1.83402e-36 2.42697e-37 3.22854e-38 4.31415e-39 5.78713e-40 7.78922e-41 1.0515e-41 1.42316e-42 1.93065e-43 2.62455e-44 3.57445e-45 4.87628e-46 6.66222e-47 9.1145e-48 1.24842e-48 1.71171e-49 2.34886e-50 3.22445e-51 4.43581e-52
