0.379324 0.0649864 0.0343779 0.0197922 0.0117105 0.00693232 0.0040646 0.00235474 0.00134868 0.000764833 0.000430131 0.000240223 0.000133384 7.36991e-05 4.05513e-05 2.22323e-05 1.21507e-05 6.62249e-06 3.60065e-06 1.95341e-06 1.05768e-06 5.71666e-07 3.08481e-07 1.66215e-07 8.94365e-08 4.80596e-08 2.57882e-08 1.38092e-08 7.36187e-09 3.87362e-09 2.07151e-09
0.0649864 0.0159353 0.00812304 0.00410889 0.00205139 0.00101727 0.000503871 0.000250104 0.000124591 6.23168e-05 3.12922e-05 1.57701e-05 7.97299e-06 4.04225e-06 2.05438e-06 1.0463e-06 5.33864e-07 2.72836e-07 1.39632e-07 7.15493e-08 3.67031e-08 1.88462e-08 9.68549e-09 4.98136e-09 2.56358e-09 1.31979e-09 6.79234e-10 3.48706e-10 1.77339e-10 8.73275e-11 4.51119e-11
0.0343779 0.00812304 0.00355834 0.00164724 0.000781284 0.000375719 0.000182567 8.94979e-05 4.42123e-05 2.19862e-05 1.09953e-05 5.52494e-06 2.78731e-06 1.41093e-06 7.16242e-07 3.64473e-07 1.85853e-07 9.49394e-08 4.85729e-08 2.48843e-08 1.27635e-08 6.55338e-09 3.36787e-09 1.73213e-09 8.9137e-10 4.58765e-10 2.35843e-10 1.2063e-10 6.0659e-11 3.10344e-11 1.60356e-11
0.0197922 0.00410889 0.00164724 0.000716068 0.000326018 0.000152716 7.2941e-05 3.53444e-05 1.73192e-05 8.56234e-06 4.26337e-06 2.13512e-06 1.07434e-06 5.42689e-07 2.7502e-07 1.39752e-07 7.11784e-08 3.63238e-08 1.85681e-08 9.50563e-09 4.87245e-09 2.50033e-09 1.2843e-09 6.60206e-10 3.39548e-10 1.74585e-10 8.95502e-11 4.55412e-11 2.33996e-11 1.19711e-11 6.18438e-12
0.0117105 0.00205139 0.000781284 0.000326018 0.000144213 6.62456e-05 3.12223e-05 1.49891e-05 7.29553e-06 3.58857e-06 1.77979e-06 8.88512e-07 4.45912e-07 2.24752e-07 1.13684e-07 5.76745e-08 2.93326e-08 1.495e-08 7.63347e-09 3.9038e-09 1.99916e-09 1.025e-09 5.2607e-10 2.70209e-10 1.38835e-10 7.12746e-11 3.64473e-11 1.87414e-11 9.62749e-12 4.92416e-12 2.54271e-12
0.00693232 0.00101727 0.000375719 0.000152716 6.62456e-05 3.00136e-05 1.40089e-05 6.67823e-06 3.23333e-06 1.58387e-06 7.82904e-07 3.89747e-07 1.9513e-07 9.81449e-08 4.95516e-08 2.50968e-08 1.27448e-08 6.48681e-09 3.30804e-09 1.68981e-09 8.64445e-10 4.42774e-10 2.2703e-10 1.16494e-10 5.97818e-11 3.06341e-11 1.57454e-11 8.09312e-12 4.15577e-12 2.12479e-12 1.09654e-12
0.0040646 0.000503871 0.000182567 7.2941e-05 3.12223e-05 1.40089e-05 6.49255e-06 3.07868e-06 1.4844e-06 7.24686e-07 3.57193e-07 1.77381e-07 8.86139e-08 4.44835e-08 2.24194e-08 1.13367e-08 5.74862e-09 2.92194e-09 1.48821e-09 7.59321e-10 3.88016e-10 1.98538e-10 1.01695e-10 5.21252e-11 2.6714e-11 1.37167e-11 7.04623e-12 3.61983e-12 1.85784e-12 9.49504e-13 4.89691e-13
0.00235474 0.000250104 8.94979e-05 3.53444e-05 1.49891e-05 6.67823e-06 3.07868e-06 1.45384e-06 6.98615e-07 3.40098e-07 1.67218e-07 8.28577e-08 4.13113e-08 2.07007e-08 1.04158e-08 5.25889e-09 2.66292e-09 1.35176e-09 6.87642e-10 3.50451e-10 1.78889e-10 9.14385e-11 4.67883e-11 2.39557e-11 1.22832e-11 6.30277e-12 3.23571e-12 1.6613e-12 8.52186e-13 4.35352e-13 2.2438e-13
0.00134868 0.000124591 4.42123e-05 1.73192e-05 7.29553e-06 3.23333e-06 1.4844e-06 6.98615e-07 3.34757e-07 1.62564e-07 7.97534e-08 3.94399e-08 1.96284e-08 9.81915e-09 4.933e-09 2.48709e-09 1.2577e-09 6.3764e-10 3.23992e-10 1.64939e-10 8.41063e-11 4.29474e-11 2.19538e-11 1.12377e-11 5.75785e-12 2.95245e-12 1.51475e-12 7.77249e-13 3.98485e-13 2.03487e-13 1.0481e-13
0.000764833 6.23168e-05 2.19862e-05 8.56234e-06 3.58857e-06 1.58387e-06 7.24686e-07 3.40098e-07 1.62564e-07 7.87708e-08 3.8568e-08 1.90381e-08 9.45895e-09 4.72452e-09 2.3701e-09 1.19334e-09 6.02702e-10 3.05205e-10 1.54907e-10 7.87783e-11 4.0131e-11 2.04725e-11 1.04591e-11 5.34964e-12 2.739e-12 1.40351e-12 7.19613e-13 3.6903e-13 1.89097e-13 9.65231e-14 4.96862e-14
0.000430131 3.12922e-05 1.09953e-05 4.26337e-06 1.77979e-06 7.82904e-07 3.57193e-07 1.67218e-07 7.97534e-08 3.8568e-08 1.88494e-08 9.2889e-09 4.60794e-09 2.29822e-09 1.15137e-09 5.78978e-10 2.92071e-10 1.47739e-10 7.49068e-11 3.80564e-11 1.93684e-11 9.87338e-12 5.04013e-12 2.576e-12 1.31797e-12 6.74907e-13 3.45825e-13 1.77244e-13 9.07758e-14 4.63178e-14 2.38288e-14
0.000240223 1.57701e-05 5.52494e-06 2.13512e-06 8.88512e-07 3.89747e-07 1.77381e-07 8.28577e-08 3.94399e-08 1.90381e-08 9.2889e-09 4.57039e-09 2.26394e-09 1.12762e-09 5.64202e-10 2.83379e-10 1.42795e-10 7.21549e-11 3.6548e-11 1.85509e-11 9.43367e-12 4.8051e-12 2.45102e-12 1.25181e-12 6.40035e-13 3.2754e-13 1.67733e-13 8.59199e-14 4.39824e-14 2.24333e-14 1.15348e-14
0.000133384 7.97299e-06 2.78731e-06 1.07434e-06 4.45912e-07 1.9513e-07 8.86139e-08 4.13113e-08 1.96284e-08 9.45895e-09 4.60794e-09 2.26394e-09 1.11992e-09 5.57101e-10 2.78415e-10 1.39683e-10 7.03127e-11 3.54944e-11 1.7962e-11 9.10947e-12 4.62865e-12 2.35582e-12 1.2008e-12 6.12863e-13 3.13147e-13 1.60156e-13 8.19692e-14 4.19658e-14 2.14722e-14 1.0948e-14 5.62635e-15
7.36991e-05 4.04225e-06 1.41093e-06 5.42689e-07 2.24752e-07 9.81449e-08 4.44835e-08 2.07007e-08 9.81915e-09 4.72452e-09 2.29822e-09 1.12762e-09 5.57101e-10 2.768e-10 1.38179e-10 6.92529e-11 3.48258e-11 1.75641e-11 8.88077e-12 4.50022e-12 2.28486e-12 1.16206e-12 5.91913e-13 3.01903e-13 1.54164e-13 7.88003e-14 4.03086e-14 2.06264e-14 1.05489e-14 5.37673e-15 2.76181e-15
4.05513e-05 2.05438e-06 7.16242e-07 2.7502e-07 1.13684e-07 4.95516e-08 2.24194e-08 1.04158e-08 4.933e-09 2.3701e-09 1.15137e-09 5.64202e-10 2.78415e-10 1.38179e-10 6.89068e-11 3.45011e-11 1.73338e-11 8.73467e-12 4.41281e-12 2.23441e-12 1.13363e-12 5.76156e-13 2.93281e-13 1.49494e-13 7.6293e-14 3.89751e-14 1.99265e-14 1.01917e-14 5.21006e-15 2.65468e-15 1.36296e-15
2.22323e-05 1.0463e-06 3.64473e-07 1.39752e-07 5.76745e-08 2.50968e-08 1.13367e-08 5.25889e-09 2.48709e-09 1.19334e-09 5.78978e-10 2.83379e-10 1.39683e-10 6.92529e-11 3.45011e-11 1.72584e-11 8.66343e-12 4.362e-12 2.20201e-12 1.11416e-12 5.64879e-13 2.86906e-13 1.45953e-13 7.43525e-14 3.7924e-14 1.93636e-14 9.89496e-15 5.05859e-15 2.58491e-15 1.31668e-15 6.75703e-16
1.21507e-05 5.33864e-07 1.85853e-07 7.11784e-08 2.93326e-08 1.27448e-08 5.74862e-09 2.66292e-09 1.2577e-09 6.02702e-10 2.92071e-10 1.42795e-10 7.03127e-11 3.48258e-11 1.73338e-11 8.66343e-12 4.34533e-12 2.18616e-12 1.1028e-12 5.57604e-13 2.82519e-13 1.43404e-13 7.29082e-14 3.71206e-14 1.89235e-14 9.65729e-15 4.9326e-15 2.52057e-15 1.28749e-15 6.55612e-16 3.36308e-16
6.62249e-06 2.72836e-07 9.49394e-08 3.63238e-08 1.495e-08 6.48681e-09 2.92194e-09 1.35176e-09 6.3764e-10 3.05205e-10 1.47739e-10 7.21549e-11 3.54944e-11 1.75641e-11 8.73467e-12 4.362e-12 2.18616e-12 1.09907e-12 5.54037e-13 2.79951e-13 1.41753e-13 7.19097e-14 3.65392e-14 1.85937e-14 9.47393e-15 4.83253e-15 2.46716e-15 1.26019e-15 6.43452e-16 3.27563e-16 1.67961e-16
3.60065e-06 1.39632e-07 4.85729e-08 1.85681e-08 7.63347e-09 3.30804e-09 1.48821e-09 6.87642e-10 3.23992e-10 1.54907e-10 7.49068e-11 3.6548e-11 1.7962e-11 8.88077e-12 4.41281e-12 2.20201e-12 1.1028e-12 5.54037e-13 2.79105e-13 1.40942e-13 7.13234e-14 3.61612e-14 1.83646e-14 9.34039e-15 4.75685e-15 2.42529e-15 1.23765e-15 6.31916e-16 3.22539e-16 1.6415e-16 8.41362e-17
1.95341e-06 7.15493e-08 2.48843e-08 9.50563e-09 3.9038e-09 1.68981e-09 7.59321e-10 3.50451e-10 1.64939e-10 7.87783e-11 3.80564e-11 1.85509e-11 9.10947e-12 4.50022e-12 2.23441e-12 1.11416e-12 5.57604e-13 2.79951e-13 1.40942e-13 7.11301e-14 3.59751e-14 1.82297e-14 9.25325e-15 4.70399e-15 2.39452e-15 1.22031e-15 6.22478e-16 3.177e-16 1.62102e-16 8.24772e-17 4.22583e-17
1.05768e-06 3.67031e-08 1.27635e-08 4.87245e-09 1.99916e-09 8.64445e-10 3.88016e-10 1.78889e-10 8.41063e-11 4.0131e-11 1.93684e-11 9.43367e-12 4.62865e-12 2.28486e-12 1.13363e-12 5.64879e-13 2.82519e-13 1.41753e-13 7.13234e-14 3.59751e-14 1.81851e-14 9.21024e-15 4.67277e-15 2.37435e-15 1.2081e-15 6.15421e-16 3.13799e-16 1.60097e-16 8.16598e-17 4.15378e-17 2.12748e-17
5.71666e-07 1.88462e-08 6.55338e-09 2.50033e-09 1.025e-09 4.42774e-10 1.98538e-10 9.14385e-11 4.29474e-11 2.04725e-11 9.87338e-12 4.8051e-12 2.35582e-12 1.16206e-12 5.76156e-13 2.86906e-13 1.43404e-13 7.19097e-14 3.61612e-14 1.82297e-14 9.21024e-15 4.66244e-15 2.36436e-15 1.20085e-15 6.10752e-16 3.10998e-16 1.58515e-16 8.08437e-17 4.12223e-17 2.09634e-17 1.07333e-17
3.08481e-07 9.68549e-09 3.36787e-09 1.2843e-09 5.2607e-10 2.2703e-10 1.01695e-10 4.67883e-11 2.19538e-11 1.04591e-11 5.04013e-12 2.45102e-12 1.2008e-12 5.91913e-13 2.93281e-13 1.45953e-13 7.29082e-14 3.65392e-14 1.83646e-14 9.25325e-15 4.67277e-15 2.36436e-15 1.19845e-15 6.08432e-16 3.09321e-16 1.57447e-16 8.02208e-17 4.08991e-17 2.0848e-17 1.05997e-17 5.42523e-18
1.66215e-07 4.98136e-09 1.73213e-09 6.60206e-10 2.70209e-10 1.16494e-10 5.21252e-11 2.39557e-11 1.12377e-11 5.34964e-12 2.576e-12 1.25181e-12 6.12863e-13 3.01903e-13 1.49494e-13 7.43525e-14 3.71206e-14 1.85937e-14 9.34039e-15 4.70399e-15 2.37435e-15 1.20085e-15 6.08432e-16 3.08763e-16 1.56911e-16 7.98393e-17 4.06646e-17 2.07252e-17 1.05614e-17 5.3685e-18 2.74687e-18
8.94365e-08 2.56358e-09 8.9137e-10 3.39548e-10 1.38835e-10 5.97818e-11 2.6714e-11 1.22832e-11 5.75785e-12 2.739e-12 1.31797e-12 6.40035e-13 3.13147e-13 1.54164e-13 7.6293e-14 3.7924e-14 1.89235e-14 9.47393e-15 4.75685e-15 2.39452e-15 1.2081e-15 6.10752e-16 3.09321e-16 1.56911e-16 7.97114e-17 4.05442e-17 2.06434e-17 1.05178e-17 5.35827e-18 2.72309e-18 1.39288e-18
4.80596e-08 1.31979e-09 4.58765e-10 1.74585e-10 7.12746e-11 3.06341e-11 1.37167e-11 6.30277e-12 2.95245e-12 1.40351e-12 6.74907e-13 3.2754e-13 1.60156e-13 7.88003e-14 3.89751e-14 1.93636e-14 9.65729e-15 4.83253e-15 2.42529e-15 1.22031e-15 6.15421e-16 3.10998e-16 1.57447e-16 7.98393e-17 4.05442e-17 2.06152e-17 1.0493e-17 5.34458e-18 2.72203e-18 1.38306e-18 7.07236e-19
2.57882e-08 6.79234e-10 2.35843e-10 8.95502e-11 3.64473e-11 1.57454e-11 7.04623e-12 3.23571e-12 1.51475e-12 7.19613e-13 3.45825e-13 1.67733e-13 8.19692e-14 4.03086e-14 1.99265e-14 9.89496e-15 4.9326e-15 2.46716e-15 1.23765e-15 6.22478e-16 3.13799e-16 1.58515e-16 8.02208e-17 4.06646e-17 2.06434e-17 1.0493e-17 5.33923e-18 2.71873e-18 1.38431e-18 7.03226e-19 3.59498e-19
1.38092e-08 3.48706e-10 1.2063e-10 4.55412e-11 1.87414e-11 8.09312e-12 3.61983e-12 1.6613e-12 7.77249e-13 3.6903e-13 1.77244e-13 8.59199e-14 4.19658e-14 2.06264e-14 1.01917e-14 5.05859e-15 2.52057e-15 1.26019e-15 6.31916e-16 3.177e-16 1.60097e-16 8.08437e-17 4.08991e-17 2.07252e-17 1.05178e-17 5.34458e-18 2.71873e-18 1.384e-18 7.04524e-19 3.57831e-19 1.82879e-19
7.36187e-09 1.77339e-10 6.0659e-11 2.33996e-11 9.62749e-12 4.15577e-12 1.85784e-12 8.52186e-13 3.98485e-13 1.89097e-13 9.07758e-14 4.39824e-14 2.14722e-14 1.05489e-14 5.21006e-15 2.58491e-15 1.28749e-15 6.43452e-16 3.22539e-16 1.62102e-16 8.16598e-17 4.12223e-17 2.0848e-17 1.05614e-17 5.35827e-18 2.72203e-18 1.38431e-18 7.04524e-19 3.58559e-19 1.82083e-19 9.30363e-20
3.87362e-09 8.73275e-11 3.10344e-11 1.19711e-11 4.92416e-12 2.12479e-12 9.49504e-13 4.35352e-13 2.03487e-13 9.65231e-14 4.63178e-14 2.24333e-14 1.0948e-14 5.37673e-15 2.65468e-15 1.31668e-15 6.55612e-16 3.27563e-16 1.6415e-16 8.24772e-17 4.15378e-17 2.09634e-17 1.05997e-17 5.3685e-18 2.72309e-18 1.38306e-18 7.03226e-19 3.57831e-19 1.82083e-19 9.24538e-20 4.72312e-20
2.07151e-09 4.51119e-11 1.60356e-11 6.18438e-12 2.54271e-12 1.09654e-12 4.89691e-13 2.2438e-13 1.0481e-13 4.96862e-14 2.38288e-14 1.15348e-14 5.62635e-15 2.76181e-15 1.36296e-15 6.75703e-16 3.36308e-16 1.67961e-16 8.41362e-17 4.22583e-17 2.12748e-17 1.07333e-17 5.42523e-18 2.74687e-18 1.39288e-18 7.07236e-19 3.59498e-19 1.82879e-19 9.30363e-20 4.72312e-20 2.41224e-20
