0.406957 0.131875 0.0451296 0.015444 0.00528517 0.00180866 0.000618951 0.000211814 7.24859e-05 2.48057e-05 8.48889e-06 2.90502e-06 9.94142e-07 3.4021e-07 1.16425e-07 3.98423e-08 1.36346e-08 4.66597e-09 1.59677e-09 5.46437e-10 1.86999e-10 6.39937e-11 2.18996e-11 7.49436e-12 2.56468e-12 8.77672e-13 3.00352e-13 1.02785e-13 3.51745e-14 1.20372e-14 4.11932e-15 1.40969e-15 4.82418e-16 1.65091e-16 5.64964e-17 1.93339e-17 6.61635e-18 2.26421e-18 7.74847e-19 2.65164e-19 9.07431e-20 3.10536e-20 1.0627e-20 3.63672e-21 1.24454e-21 4.25899e-22 1.45749e-22 4.98775e-23 1.70688e-23 5.8412e-24 1.99894e-24 6.84068e-25 2.34098e-25 8.01119e-26 2.74155e-26 9.38198e-27 3.21065e-27 1.09873e-27 3.76003e-28 1.28674e-28 4.4034e-29 1.50691e-29 5.15686e-30 1.76476e-30 6.03925e-31 2.06672e-31 7.07263e-32 2.42036e-32 8.28282e-33 2.8345e-33 9.70009e-34 3.31951e-34 1.13599e-34 3.88751e-35 1.33036e-35 4.5527e-36 1.558e-36 5.33171e-37 1.82459e-37 6.24402e-38 2.1368e-38 7.31243e-39 2.50242e-39 8.56366e-40 2.93061e-40 1.0029e-40 3.43207e-41 1.1745e-41 4.01932e-42 1.37547e-42 4.70707e-43 1.61083e-43 5.51249e-44 1.88646e-44 6.45573e-45 2.20925e-45 7.56037e-46 2.58727e-46 8.85402e-47 3.02998e-47 1.0369e-47
0.131875 0.0595676 0.0256196 0.0105588 0.0042264 0.00165613 0.000638544 0.000243088 9.15959e-05 3.42227e-05 1.26962e-05 4.68177e-06 1.71748e-06 6.2721e-07 2.28145e-07 8.26959e-08 2.98812e-08 1.0767e-08 3.86984e-09 1.3877e-09 4.96581e-10 1.7736e-10 6.32355e-11 2.25094e-11 8.00053e-12 2.8397e-12 1.00663e-12 3.56404e-13 1.26047e-13 4.45313e-14 1.57171e-14 5.54213e-15 1.95255e-15 6.87342e-16 2.41772e-16 8.49804e-17 2.9849e-17 1.04774e-17 3.67539e-18 1.28853e-18 4.5148e-19 1.58105e-19 5.53385e-20 1.93595e-20 6.76945e-21 2.36601e-21 8.26589e-22 2.88656e-22 1.00762e-22 3.51599e-23 1.22641e-23 4.2763e-24 1.49057e-24 5.19386e-25 1.80921e-25 6.30022e-26 2.19327e-26 7.63313e-27 2.65578e-27 9.23774e-28 3.21237e-28 1.1168e-28 3.88166e-29 1.34883e-29 4.68595e-30 1.62757e-30 5.65184e-31 1.96222e-31 6.81106e-32 2.36372e-32 8.20153e-33 2.84519e-33 9.86842e-34 3.42221e-34 1.18656e-34 4.1134e-35 1.42574e-35 4.94092e-36 1.71202e-36 5.93121e-37 2.05453e-37 7.11574e-38 2.46414e-38 8.53197e-39 2.95376e-39 1.02245e-39 3.53879e-40 1.22465e-40 4.23755e-41 1.46611e-41 5.07184e-42 1.75434e-42 6.06756e-43 2.09829e-43 7.25553e-44 2.50858e-44 8.67241e-45 2.99784e-45 1.03617e-45 3.58109e-46 1.23753e-46
0.0451296 0.0256196 0.0129232 0.0060525 0.00270016 0.00116359 0.000488505 0.000200928 8.12868e-05 3.2438e-05 1.27962e-05 4.99831e-06 1.93579e-06 7.44135e-07 2.84172e-07 1.07885e-07 4.07437e-08 1.53144e-08 5.73158e-09 2.13673e-09 7.93727e-10 2.93877e-10 1.08478e-10 3.99304e-11 1.46601e-11 5.36931e-12 1.9621e-12 7.15495e-13 2.60396e-13 9.45926e-14 3.43021e-14 1.24185e-14 4.48894e-15 1.62024e-15 5.83996e-16 2.10216e-16 7.55749e-17 2.71376e-17 9.73352e-18 3.48737e-18 1.24818e-18 4.46299e-19 1.59428e-19 5.68995e-20 2.02897e-20 7.22905e-21 2.57359e-21 9.1551e-22 3.25437e-22 1.15601e-22 4.10352e-23 1.45568e-23 5.1606e-24 1.82838e-24 6.47403e-25 2.29105e-25 8.10313e-26 2.86443e-26 1.01204e-26 3.57388e-27 1.26145e-27 4.45037e-28 1.56936e-28 5.53166e-29 1.94895e-29 6.86382e-30 2.41631e-30 8.50293e-31 2.991e-31 1.05173e-31 3.69684e-32 1.29899e-32 4.56277e-33 1.60216e-33 5.62395e-34 1.97351e-34 6.92309e-35 2.42789e-35 8.51198e-36 2.98336e-36 1.04534e-36 3.66177e-37 1.28235e-37 4.4896e-38 1.57144e-38 5.49892e-39 1.92376e-39 6.72852e-40 2.3528e-40 8.22531e-41 2.87489e-41 1.0046e-41 3.50971e-42 1.22591e-42 4.28109e-43 1.49473e-43 5.21777e-44 1.82105e-44 6.35441e-45 2.2169e-45 7.73284e-46
0.015444 0.0105588 0.0060525 0.00314203 0.00153072 0.000712994 0.000321089 0.000140823 6.04541e-05 2.54961e-05 1.05929e-05 4.34491e-06 1.76239e-06 7.07908e-07 2.81896e-07 1.11389e-07 4.37099e-08 1.70447e-08 6.6088e-09 2.54913e-09 9.78556e-10 3.73997e-10 1.42359e-10 5.39841e-11 2.03998e-11 7.68362e-12 2.88523e-12 1.08032e-12 4.03422e-13 1.50269e-13 5.58399e-14 2.07035e-14 7.65981e-15 2.82825e-15 1.04229e-15 3.83414e-16 1.40798e-16 5.16194e-17 1.8895e-17 6.90602e-18 2.52051e-18 9.18655e-19 3.34385e-19 1.21561e-19 4.41383e-20 1.60079e-20 5.79921e-21 2.09864e-21 7.58678e-22 2.73997e-22 9.88592e-23 3.56358e-23 1.28342e-23 4.61823e-24 1.66043e-24 5.96506e-25 2.14127e-25 7.68067e-26 2.75302e-26 9.86078e-27 3.52951e-27 1.26249e-27 4.51296e-28 1.61221e-28 5.75593e-29 2.05377e-29 7.32383e-30 2.61024e-30 9.29792e-31 3.31025e-31 1.17791e-31 4.1893e-32 1.48922e-32 5.29139e-33 1.87922e-33 6.67093e-34 2.36703e-34 8.39521e-35 2.9763e-35 1.05473e-35 3.73621e-36 1.32297e-36 4.68276e-37 1.65687e-37 5.86026e-38 2.07199e-38 7.3233e-39 2.58747e-39 9.13896e-40 3.22682e-40 1.13897e-40 4.01895e-41 1.41768e-41 4.99932e-42 1.76244e-42 6.21142e-43 2.18848e-43 7.70856e-44 2.71446e-44 9.556e-45 3.36321e-45
0.00528517 0.0042264 0.00270016 0.00153072 0.000804423 0.000400779 0.000191836 8.89832e-05 4.02375e-05 1.78148e-05 7.74772e-06 3.31821e-06 1.40229e-06 5.85701e-07 2.421e-07 9.91457e-08 4.02639e-08 1.6228e-08 6.49553e-09 2.58358e-09 1.02167e-09 4.01861e-10 1.57287e-10 6.12789e-11 2.37724e-11 9.18542e-12 3.53591e-12 1.35638e-12 5.18594e-13 1.97663e-13 7.51191e-14 2.84689e-14 1.0761e-14 4.05744e-15 1.52625e-15 5.72823e-16 2.14529e-16 8.01798e-17 2.99086e-17 1.11357e-17 4.13872e-18 1.53558e-18 5.6881e-19 2.10368e-19 7.76849e-20 2.8646e-20 1.05484e-20 3.87904e-21 1.42463e-21 5.22559e-22 1.91446e-22 7.00575e-23 2.5608e-23 9.35026e-24 3.41049e-24 1.24271e-24 4.52371e-25 1.64515e-25 5.97747e-26 2.1699e-26 7.87017e-27 2.85209e-27 1.03273e-27 3.73649e-28 1.35085e-28 4.88002e-29 1.76165e-29 6.3549e-30 2.29085e-30 8.25263e-31 2.971e-31 1.06889e-31 3.84323e-32 1.381e-32 4.95943e-33 1.77999e-33 6.38499e-34 2.28909e-34 8.2022e-35 2.93744e-35 1.05144e-35 3.76168e-36 1.34513e-36 4.80772e-37 1.71755e-37 6.13309e-38 2.18904e-38 7.80975e-39 2.78505e-39 9.92759e-40 3.53733e-40 1.25989e-40 4.48553e-41 1.59635e-41 5.67903e-42 2.01957e-42 7.17933e-43 2.55125e-43 9.06289e-44 3.21833e-44 1.14247e-44
0.00180866 0.00165613 0.00116359 0.000712994 0.000400779 0.000212029 0.000107181 5.22791e-05 2.47717e-05 1.14587e-05 5.19355e-06 2.31304e-06 1.01456e-06 4.3907e-07 1.87763e-07 7.94419e-08 3.32895e-08 1.38285e-08 5.69887e-09 2.33151e-09 9.47496e-10 3.82675e-10 1.53672e-10 6.13827e-11 2.43973e-11 9.65212e-12 3.80203e-12 1.49154e-12 5.82892e-13 2.2697e-13 8.80767e-14 3.40682e-14 1.31372e-14 5.05118e-15 1.93678e-15 7.40666e-16 2.82535e-16 1.07518e-16 4.08223e-17 1.54654e-17 5.84671e-18 2.20592e-18 8.30674e-19 3.12224e-19 1.17147e-19 4.38783e-20 1.64079e-20 6.12587e-21 2.28359e-21 8.50015e-22 3.15949e-22 1.17276e-22 4.34733e-23 1.60945e-23 5.95103e-24 2.19777e-24 8.10712e-25 2.98716e-25 1.09944e-25 4.04228e-26 1.48467e-26 5.4475e-27 1.99683e-27 7.31262e-28 2.6755e-28 9.78018e-29 3.57199e-29 1.30348e-29 4.75269e-30 1.73151e-30 6.30329e-31 2.29287e-31 8.33423e-32 3.02716e-32 1.09875e-32 3.98527e-33 1.44452e-33 5.23241e-34 1.89409e-34 6.85209e-35 2.4773e-35 8.95098e-36 3.23226e-36 1.16652e-36 4.20758e-37 1.51681e-37 5.46507e-38 1.96802e-38 7.08333e-39 2.54815e-39 9.16209e-40 3.29271e-40 1.18278e-40 4.24668e-41 1.52404e-41 5.46695e-42 1.96021e-42 7.0254e-43 2.51683e-43 9.0127e-44 3.2261e-44
0.000618951 0.000638544 0.000488505 0.000321089 0.000191836 0.000107181 5.69435e-05 2.90799e-05 1.43815e-05 6.92516e-06 3.2601e-06 1.50514e-06 6.83209e-07 3.05517e-07 1.34816e-07 5.87863e-08 2.53595e-08 1.08336e-08 4.58708e-09 1.92645e-09 8.0301e-10 3.32407e-10 1.36718e-10 5.58961e-11 2.27255e-11 9.19134e-12 3.69929e-12 1.48204e-12 5.91178e-13 2.34857e-13 9.29413e-14 3.66459e-14 1.43991e-14 5.63911e-15 2.20154e-15 8.56925e-16 3.326e-16 1.28742e-16 4.97036e-17 1.91415e-17 7.35404e-18 2.81892e-18 1.07817e-18 4.11506e-19 1.56741e-19 5.95858e-20 2.26092e-20 8.56333e-21 3.23773e-21 1.2221e-21 4.60537e-22 1.73276e-22 6.50957e-23 2.44189e-23 9.14706e-24 3.42166e-24 1.27823e-24 4.76893e-25 1.77699e-25 6.61328e-26 2.4583e-26 9.12749e-27 3.38518e-27 1.25412e-27 4.64125e-28 1.71587e-28 6.33719e-29 2.33822e-29 8.61905e-30 3.17417e-30 1.16791e-30 4.29343e-31 1.57698e-31 5.78738e-32 2.12218e-32 7.77561e-33 2.84674e-33 1.04143e-33 3.80702e-34 1.39067e-34 5.07639e-35 1.85175e-35 6.75012e-36 2.45896e-36 8.95173e-37 3.25675e-37 1.1841e-37 4.30258e-38 1.56245e-38 5.67057e-39 2.05682e-39 7.45627e-40 2.7015e-40 9.78253e-41 3.54051e-41 1.28072e-41 4.63037e-42 1.67325e-42 6.04352e-43 2.18176e-43 7.8726e-44
0.000211814 0.000243088 0.000200928 0.000140823 8.89832e-05 5.22791e-05 2.90799e-05 1.54948e-05 7.97284e-06 3.98494e-06 1.94324e-06 9.27699e-07 4.34753e-07 2.00439e-07 9.10772e-08 4.08484e-08 1.81063e-08 7.94038e-09 3.44838e-09 1.48423e-09 6.33587e-10 2.68411e-10 1.12907e-10 4.71826e-11 1.95963e-11 8.09222e-12 3.32366e-12 1.35819e-12 5.52369e-13 2.23633e-13 9.01545e-14 3.61977e-14 1.4478e-14 5.76963e-15 2.29129e-15 9.06928e-16 3.57844e-16 1.40768e-16 5.52154e-17 2.15981e-17 8.42598e-18 3.27885e-18 1.2728e-18 4.92927e-19 1.90468e-19 7.34378e-20 2.82558e-20 1.08497e-20 4.15798e-21 1.59049e-21 6.07279e-22 2.31464e-22 8.80727e-23 3.34568e-23 1.26892e-23 4.80524e-24 1.81696e-24 6.86034e-25 2.58662e-25 9.73928e-26 3.66221e-26 1.37531e-26 5.15833e-27 1.93236e-27 7.23024e-28 2.70218e-28 1.00876e-28 3.76168e-29 1.40124e-29 5.21424e-30 1.93833e-30 7.19837e-31 2.67067e-31 9.8991e-32 3.66582e-32 1.3563e-32 5.01368e-33 1.85176e-33 6.83358e-34 2.51973e-34 9.2835e-35 3.41765e-35 1.25721e-35 4.62128e-36 1.69745e-36 6.23041e-37 2.28523e-37 8.37609e-38 3.06802e-38 1.12302e-38 4.10801e-39 1.50175e-39 5.48647e-40 2.00318e-40 7.30947e-41 2.66559e-41 9.71514e-42 3.53881e-42 1.28831e-42 4.68755e-43 1.70466e-43
7.24859e-05 9.15959e-05 8.12868e-05 6.04541e-05 4.02375e-05 2.47717e-05 1.43815e-05 7.97284e-06 4.25729e-06 2.20338e-06 1.11053e-06 5.47073e-07 2.64176e-07 1.25341e-07 5.85441e-08 2.69627e-08 1.22609e-08 5.51144e-09 2.45146e-09 1.07989e-09 4.71472e-10 2.04149e-10 8.77215e-11 3.74253e-11 1.58609e-11 6.68002e-12 2.79693e-12 1.16464e-12 4.82438e-13 1.98865e-13 8.15938e-14 3.33305e-14 1.35584e-14 5.49351e-15 2.21741e-15 8.91809e-16 3.57438e-16 1.4279e-16 5.68626e-17 2.25758e-17 8.93721e-18 3.5282e-18 1.38914e-18 5.45533e-19 2.1371e-19 8.35206e-20 3.25662e-20 1.26701e-20 4.91886e-21 1.9057e-21 7.36847e-22 2.84357e-22 1.09532e-22 4.21144e-23 1.61645e-23 6.19379e-24 2.36939e-24 9.04948e-25 3.45094e-25 1.31401e-25 4.996e-26 1.89684e-26 7.1918e-27 2.72308e-27 1.02971e-27 3.8888e-28 1.46682e-28 5.52604e-29 2.0794e-29 7.8156e-30 2.93427e-30 1.10043e-30 4.1225e-31 1.54279e-31 5.76778e-32 2.15417e-32 8.03764e-33 2.99615e-33 1.11583e-33 4.15177e-34 1.54342e-34 5.73269e-35 2.12746e-35 7.88867e-36 2.92275e-36 1.08201e-36 4.00249e-37 1.47944e-37 5.46433e-38 2.01677e-38 7.43811e-39 2.74132e-39 1.00961e-39 3.71582e-40 1.36667e-40 5.02328e-41 1.84514e-41 6.77327e-42 2.48483e-42 9.11023e-43 3.33812e-43
2.48057e-05 3.42227e-05 3.2438e-05 2.54961e-05 1.78148e-05 1.14587e-05 6.92516e-06 3.98494e-06 2.20338e-06 1.17847e-06 6.12751e-07 3.10935e-07 1.54459e-07 7.52998e-08 3.60998e-08 1.70486e-08 7.94278e-09 3.65503e-09 1.66305e-09 7.48891e-10 3.34025e-10 1.47671e-10 6.47502e-11 2.81748e-11 1.21723e-11 5.22365e-12 2.22761e-12 9.44348e-13 3.98105e-13 1.66943e-13 6.96574e-14 2.89272e-14 1.19589e-14 4.92281e-15 2.0182e-15 8.24182e-16 3.35327e-16 1.35947e-16 5.49279e-17 2.21208e-17 8.88075e-18 3.55464e-18 1.41869e-18 5.64643e-19 2.2413e-19 8.87379e-20 3.50462e-20 1.3808e-20 5.42774e-21 2.12881e-21 8.33136e-22 3.25378e-22 1.26818e-22 4.93317e-23 1.91534e-23 7.42277e-24 2.87152e-24 1.10893e-24 4.27531e-25 1.64558e-25 6.32387e-26 2.42647e-26 9.29642e-27 3.55648e-27 1.35865e-27 5.18314e-28 1.97465e-28 7.51308e-29 2.85488e-29 1.08346e-29 4.10686e-30 1.55485e-30 5.87978e-31 2.22096e-31 8.3799e-32 3.15839e-32 1.18914e-32 4.47248e-33 1.68045e-33 6.3077e-34 2.36535e-34 8.86153e-35 3.31679e-35 1.24031e-35 4.63403e-36 1.72984e-36 6.45183e-37 2.40434e-37 8.95263e-38 3.33086e-38 1.23828e-38 4.59986e-39 1.70742e-39 6.33304e-40 2.34729e-40 8.69377e-41 3.21769e-41 1.19009e-41 4.39863e-42 1.62467e-42 5.99694e-43
8.48889e-06 1.26962e-05 1.27962e-05 1.05929e-05 7.74772e-06 5.19355e-06 3.2601e-06 1.94324e-06 1.11053e-06 6.12751e-07 3.28151e-07 1.71267e-07 8.73966e-08 4.37194e-08 2.14858e-08 1.03923e-08 4.95469e-09 2.33147e-09 1.08402e-09 4.98502e-10 2.26926e-10 1.02333e-10 4.57462e-11 2.02841e-11 8.92586e-12 3.89983e-12 1.6925e-12 7.29914e-13 3.12916e-13 1.33395e-13 5.65632e-14 2.38634e-14 1.00195e-14 4.18765e-15 1.74262e-15 7.22156e-16 2.9808e-16 1.22571e-16 5.0218e-17 2.05031e-17 8.34305e-18 3.38404e-18 1.36838e-18 5.51677e-19 2.2178e-19 8.89123e-20 3.55506e-20 1.41781e-20 5.64042e-21 2.23855e-21 8.86369e-22 3.50179e-22 1.38046e-22 5.43054e-23 2.13196e-23 8.35326e-24 3.26664e-24 1.27508e-24 4.96808e-25 1.93231e-25 7.50282e-26 2.90838e-26 1.12558e-26 4.34927e-27 1.678e-27 6.46429e-28 2.48667e-28 9.55212e-29 3.66422e-29 1.40371e-29 5.37035e-30 2.05196e-30 7.83055e-31 2.98458e-31 1.1362e-31 4.32035e-32 1.64091e-32 6.22541e-33 2.35925e-33 8.93135e-34 3.37758e-34 1.27599e-34 4.81566e-35 1.81567e-35 6.8391e-36 2.57367e-36 9.67619e-37 3.63465e-37 1.36407e-37 5.11482e-38 1.91626e-38 7.17323e-39 2.68298e-39 1.0027e-39 3.74438e-40 1.39717e-40 5.20943e-41 1.94091e-41 7.22601e-42 2.68831e-42 9.99425e-43
2.90502e-06 4.68177e-06 4.99831e-06 4.34491e-06 3.31821e-06 2.31304e-06 1.50514e-06 9.27699e-07 5.47073e-07 3.10935e-07 1.71267e-07 9.1816e-08 4.80702e-08 2.46458e-08 1.24023e-08 6.13729e-09 2.9913e-09 1.43795e-09 6.82562e-10 3.20256e-10 1.48661e-10 6.83261e-11 3.11149e-11 1.4048e-11 6.29165e-12 2.79666e-12 1.23434e-12 5.4117e-13 2.35773e-13 1.0211e-13 4.39732e-14 1.88357e-14 8.02724e-15 3.40444e-15 1.43721e-15 6.04057e-16 2.52818e-16 1.05387e-16 4.37613e-17 1.81045e-17 7.46345e-18 3.06628e-18 1.25562e-18 5.12549e-19 2.08589e-19 8.46398e-20 3.42476e-20 1.38198e-20 5.56194e-21 2.23278e-21 8.94116e-22 3.57196e-22 1.42369e-22 5.66179e-23 2.24672e-23 8.89672e-24 3.5158e-24 1.38662e-24 5.45823e-25 2.14454e-25 8.41056e-26 3.29266e-26 1.28683e-26 5.02072e-27 1.95569e-27 7.60579e-28 2.95334e-28 1.14505e-28 4.433e-29 1.71374e-29 6.61576e-30 2.55047e-30 9.81923e-31 3.77544e-31 1.44978e-31 5.56023e-32 2.12987e-32 8.14881e-33 3.11406e-33 1.18868e-33 4.53224e-34 1.72618e-34 6.5674e-35 2.496e-35 9.47648e-36 3.59427e-36 1.3619e-36 5.15536e-37 1.94966e-37 7.36637e-38 2.78068e-38 1.04872e-38 3.95169e-39 1.48776e-39 5.59645e-40 2.10344e-40 7.89938e-41 2.96419e-41 1.11142e-41 4.16399e-42 1.55888e-42
9.94142e-07 1.71748e-06 1.93579e-06 1.76239e-06 1.40229e-06 1.01456e-06 6.83209e-07 4.34753e-07 2.64176e-07 1.54459e-07 8.73966e-08 4.80702e-08 2.57926e-08 1.35393e-08 6.96959e-09 3.52522e-09 1.75492e-09 8.6107e-10 4.16932e-10 1.99434e-10 9.43302e-11 4.41545e-11 2.04687e-11 9.40329e-12 4.28349e-12 1.93585e-12 8.68379e-13 3.86809e-13 1.71161e-13 7.52645e-14 3.28999e-14 1.43004e-14 6.18265e-15 2.6594e-15 1.13836e-15 4.85016e-16 2.05733e-16 8.68975e-17 3.65546e-17 1.53173e-17 6.39431e-18 2.65976e-18 1.10252e-18 4.55493e-19 1.87579e-19 7.70089e-20 3.15211e-20 1.2865e-20 5.23607e-21 2.12536e-21 8.60455e-22 3.47478e-22 1.3998e-22 5.62569e-23 2.25574e-23 9.02471e-24 3.60279e-24 1.43527e-24 5.7061e-25 2.26405e-25 8.96588e-26 3.54393e-26 1.39825e-26 5.50696e-27 2.16514e-27 8.49821e-28 3.33007e-28 1.30282e-28 5.089e-29 1.98481e-29 7.72959e-30 3.00581e-30 1.16721e-30 4.52621e-31 1.75279e-31 6.77872e-32 2.6182e-32 1.00996e-32 3.89106e-33 1.49728e-33 5.75467e-34 2.20919e-34 8.47127e-35 3.24473e-35 1.24146e-35 4.74484e-36 1.81156e-36 6.90932e-37 2.63256e-37 1.00205e-37 3.81048e-38 1.44762e-38 5.4944e-39 2.08347e-39 7.89335e-40 2.98779e-40 1.12995e-40 4.26971e-41 1.61202e-41 6.08113e-42 2.29216e-42
3.4021e-07 6.2721e-07 7.44135e-07 7.07908e-07 5.85701e-07 4.3907e-07 3.05517e-07 2.00439e-07 1.25341e-07 7.52998e-08 4.37194e-08 2.46458e-08 1.35393e-08 7.26991e-09 3.8248e-09 1.97572e-09 1.00377e-09 5.02314e-10 2.47918e-10 1.20813e-10 5.81856e-11 2.77195e-11 1.30724e-11 6.10689e-12 2.82777e-12 1.29857e-12 5.91693e-13 2.67631e-13 1.20215e-13 5.36453e-14 2.37903e-14 1.04882e-14 4.59791e-15 2.00492e-15 8.69792e-16 3.75507e-16 1.61361e-16 6.90304e-17 2.94054e-17 1.24748e-17 5.27147e-18 2.21916e-18 9.30816e-19 3.89062e-19 1.62072e-19 6.72952e-20 2.78546e-20 1.14946e-20 4.72951e-21 1.94048e-21 7.93981e-22 3.2401e-22 1.31884e-22 5.35477e-23 2.1689e-23 8.76437e-24 3.53356e-24 1.42149e-24 5.70612e-25 2.28576e-25 9.1377e-26 3.64573e-26 1.45176e-26 5.77023e-27 2.28927e-27 9.06625e-28 3.5843e-28 1.41464e-28 5.57403e-29 2.19277e-29 8.61259e-30 3.37759e-30 1.3226e-30 5.17144e-31 2.01917e-31 7.87271e-32 3.06535e-32 1.19194e-32 4.62869e-33 1.79516e-33 6.9535e-34 2.6901e-34 1.03946e-34 4.01177e-35 1.54654e-35 5.95512e-36 2.29054e-36 8.80059e-37 3.3777e-37 1.29501e-37 4.95996e-38 1.89777e-38 7.25402e-39 2.77007e-39 1.05678e-39 4.02786e-40 1.53377e-40 5.83518e-41 2.21799e-41 8.42338e-42 3.19623e-42
1.16425e-07 2.28145e-07 2.84172e-07 2.81896e-07 2.421e-07 1.87763e-07 1.34816e-07 9.10772e-08 5.85441e-08 3.60998e-08 2.14858e-08 1.24023e-08 6.96959e-09 3.8248e-09 2.05499e-09 1.08326e-09 5.61259e-10 2.86262e-10 1.43917e-10 7.14013e-11 3.49936e-11 1.69568e-11 8.13048e-12 3.86021e-12 1.81595e-12 8.46916e-13 3.91782e-13 1.79854e-13 8.19689e-14 3.71025e-14 1.66853e-14 7.45742e-15 3.31355e-15 1.4641e-15 6.43478e-16 2.81375e-16 1.2244e-16 5.3032e-17 2.28672e-17 9.81807e-18 4.1981e-18 1.78798e-18 7.58611e-19 3.2069e-19 1.35088e-19 5.67115e-20 2.373e-20 9.89794e-21 4.11585e-21 1.70642e-21 7.05449e-22 2.90829e-22 1.19574e-22 4.90349e-23 2.00573e-23 8.1841e-24 3.33144e-24 1.35297e-24 5.48229e-25 2.21659e-25 8.943e-26 3.60064e-26 1.44676e-26 5.80179e-27 2.32217e-27 9.27711e-28 3.69948e-28 1.47264e-28 5.85195e-29 2.3215e-29 9.19428e-30 3.63552e-30 1.43526e-30 5.65749e-31 2.22671e-31 8.75111e-32 3.43429e-32 1.34585e-32 5.26695e-33 2.05842e-33 8.03405e-34 3.13164e-34 1.21915e-34 4.74029e-35 1.84087e-35 7.14037e-36 2.76637e-36 1.07053e-36 4.13811e-37 1.5978e-37 6.16273e-38 2.37444e-38 9.13891e-39 3.51384e-39 1.34969e-39 5.17909e-40 1.98542e-40 7.60387e-41 2.90944e-41 1.1122e-41 4.24781e-42
3.98423e-08 8.26959e-08 1.07885e-07 1.11389e-07 9.91457e-08 7.94419e-08 5.87863e-08 4.08484e-08 2.69627e-08 1.70486e-08 1.03923e-08 6.13729e-09 3.52522e-09 1.97572e-09 1.08326e-09 5.82327e-10 3.07489e-10 1.59739e-10 8.1754e-11 4.12704e-11 2.0571e-11 1.01335e-11 4.93745e-12 2.38125e-12 1.1375e-12 5.38511e-13 2.52794e-13 1.17728e-13 5.44155e-14 2.4973e-14 1.13837e-14 5.15599e-15 2.32107e-15 1.03882e-15 4.6236e-16 2.04701e-16 9.01693e-17 3.95266e-17 1.72465e-17 7.49159e-18 3.2403e-18 1.39575e-18 5.98833e-19 2.55945e-19 1.08991e-19 4.62475e-20 1.95569e-20 8.24278e-21 3.46304e-21 1.45043e-21 6.05667e-22 2.5218e-22 1.04705e-22 4.33549e-23 1.79045e-23 7.37512e-24 3.03036e-24 1.24213e-24 5.07944e-25 2.07239e-25 8.43642e-26 3.42692e-26 1.3891e-26 5.61911e-27 2.26846e-27 9.14003e-28 3.67567e-28 1.47542e-28 5.91167e-29 2.36447e-29 9.44075e-30 3.7631e-30 1.4975e-30 5.94962e-31 2.36008e-31 9.34744e-32 3.69661e-32 1.45973e-32 5.75593e-33 2.26644e-33 8.91188e-34 3.4995e-34 1.37235e-34 5.37475e-35 2.10231e-35 8.21282e-36 3.20445e-36 1.2488e-36 4.86093e-37 1.88991e-37 7.33957e-38 2.84718e-38 1.10327e-38 4.27054e-39 1.65129e-39 6.37844e-40 2.46129e-40 9.48799e-41 3.65392e-41 1.4058e-41 5.40347e-42
1.36346e-08 2.98812e-08 4.07437e-08 4.37099e-08 4.02639e-08 3.32895e-08 2.53595e-08 1.81063e-08 1.22609e-08 7.94278e-09 4.95469e-09 2.9913e-09 1.75492e-09 1.00377e-09 5.61259e-10 3.07489e-10 1.65372e-10 8.74532e-11 4.55387e-11 2.33782e-11 1.1845e-11 5.92883e-12 2.9341e-12 1.43675e-12 6.96596e-13 3.3461e-13 1.59329e-13 7.52423e-14 3.52567e-14 1.63988e-14 7.57426e-15 3.47519e-15 1.5844e-15 7.18015e-16 3.2352e-16 1.4497e-16 6.46209e-17 2.86602e-17 1.26499e-17 5.55755e-18 2.43078e-18 1.05864e-18 4.59157e-19 1.98359e-19 8.53649e-20 3.6602e-20 1.56381e-20 6.65834e-21 2.82556e-21 1.19521e-21 5.03998e-22 2.11886e-22 8.88192e-23 3.7126e-23 1.54758e-23 6.43382e-24 2.66782e-24 1.10344e-24 4.55278e-25 1.874e-25 7.69578e-26 3.15323e-26 1.28915e-26 5.2592e-27 2.14106e-27 8.69872e-28 3.5271e-28 1.42738e-28 5.76554e-29 2.32454e-29 9.3552e-30 3.7584e-30 1.50732e-30 6.035e-31 2.41232e-31 9.62704e-32 3.8359e-32 1.52606e-32 6.0621e-33 2.40454e-33 9.52386e-34 3.76686e-34 1.48779e-34 5.86833e-35 2.31157e-35 9.09355e-36 3.57275e-36 1.40193e-36 5.49429e-37 2.15067e-37 8.40849e-38 3.28365e-38 1.28085e-38 4.99058e-39 1.94233e-39 7.55137e-40 2.93268e-40 1.13775e-40 4.40945e-41 1.70719e-41 6.60308e-42
4.66597e-09 1.0767e-08 1.53144e-08 1.70447e-08 1.6228e-08 1.38285e-08 1.08336e-08 7.94038e-09 5.51144e-09 3.65503e-09 2.33147e-09 1.43795e-09 8.6107e-10 5.02314e-10 2.86262e-10 1.59739e-10 8.74532e-11 4.70529e-11 2.49158e-11 1.30015e-11 6.69297e-12 3.40236e-12 1.70944e-12 8.49522e-13 4.17876e-13 2.03583e-13 9.82893e-14 4.70503e-14 2.23416e-14 1.05281e-14 4.92535e-15 2.28841e-15 1.0563e-15 4.84535e-16 2.20942e-16 1.00175e-16 4.51723e-17 2.02638e-17 9.04478e-18 4.01782e-18 1.77656e-18 7.82062e-19 3.42807e-19 1.49648e-19 6.50687e-20 2.81845e-20 1.21631e-20 5.23033e-21 2.24137e-21 9.57303e-22 4.07549e-22 1.72962e-22 7.31818e-23 3.08729e-23 1.2987e-23 5.44801e-24 2.27927e-24 9.51079e-25 3.95851e-25 1.64351e-25 6.80714e-26 2.8128e-26 1.15963e-26 4.7702e-27 1.95799e-27 8.0198e-28 3.27809e-28 1.33722e-28 5.4442e-29 2.21223e-29 8.97246e-30 3.63244e-30 1.46794e-30 5.92184e-31 2.38486e-31 9.58832e-32 3.84867e-32 1.54235e-32 6.17125e-33 2.46545e-33 9.83483e-34 3.91739e-34 1.55811e-34 6.18852e-35 2.45455e-35 9.72223e-36 3.84574e-36 1.51924e-36 5.99396e-37 2.36186e-37 9.29516e-38 3.65369e-38 1.43446e-38 5.6252e-39 2.20337e-39 8.62074e-40 3.36915e-40 1.31529e-40 5.12928e-41 1.99817e-41 7.77606e-42
1.59677e-09 3.86984e-09 5.73158e-09 6.6088e-09 6.49553e-09 5.69887e-09 4.58708e-09 3.44838e-09 2.45146e-09 1.66305e-09 1.08402e-09 6.82562e-10 4.16932e-10 2.47918e-10 1.43917e-10 8.1754e-11 4.55387e-11 2.49158e-11 1.34104e-11 7.10964e-12 3.71692e-12 1.91817e-12 9.78022e-13 4.93073e-13 2.45973e-13 1.21494e-13 5.94523e-14 2.88375e-14 1.38718e-14 6.62037e-15 3.13606e-15 1.47503e-15 6.89095e-16 3.19858e-16 1.47559e-16 6.76733e-17 3.08622e-17 1.3999e-17 6.31715e-18 2.83656e-18 1.26763e-18 5.63899e-19 2.49743e-19 1.10139e-19 4.83732e-20 2.11618e-20 9.22231e-21 4.00427e-21 1.73244e-21 7.46948e-22 3.20975e-22 1.37481e-22 5.87018e-23 2.49883e-23 1.06056e-23 4.48837e-24 1.89422e-24 7.97249e-25 3.34667e-25 1.40126e-25 5.85245e-26 2.43839e-26 1.01354e-26 4.20316e-27 1.73914e-27 7.18027e-28 2.95814e-28 1.21616e-28 4.98971e-29 2.04314e-29 8.34979e-30 3.40587e-30 1.38668e-30 5.63553e-31 2.28624e-31 9.25884e-32 3.74328e-32 1.51087e-32 6.08827e-33 2.44945e-33 9.83933e-34 3.94637e-34 1.58044e-34 6.32007e-35 2.52371e-35 1.00634e-35 4.00723e-36 1.59351e-36 6.32831e-37 2.50987e-37 9.94161e-38 3.93291e-38 1.55394e-38 6.13231e-39 2.41711e-39 9.51606e-40 3.74212e-40 1.46989e-40 5.76724e-41 2.26034e-41 8.84939e-42
5.46437e-10 1.3877e-09 2.13673e-09 2.54913e-09 2.58358e-09 2.33151e-09 1.92645e-09 1.48423e-09 1.07989e-09 7.48891e-10 4.98502e-10 3.20256e-10 1.99434e-10 1.20813e-10 7.14013e-11 4.12704e-11 2.33782e-11 1.30015e-11 7.10964e-12 3.82785e-12 2.03153e-12 1.06389e-12 5.50274e-13 2.81333e-13 1.4228e-13 7.12248e-14 3.53139e-14 1.7351e-14 8.45237e-15 4.0842e-15 1.95835e-15 9.32169e-16 4.40628e-16 2.06902e-16 9.65392e-17 4.47724e-17 2.06442e-17 9.46616e-18 4.31752e-18 1.95918e-18 8.84663e-19 3.97583e-19 1.77869e-19 7.92262e-20 3.51398e-20 1.55223e-20 6.8297e-21 2.99358e-21 1.30731e-21 5.68879e-22 2.46695e-22 1.06622e-22 4.59328e-23 1.97257e-23 8.44531e-24 3.60504e-24 1.53445e-24 6.51298e-25 2.75691e-25 1.1639e-25 4.90101e-26 2.05857e-26 8.62549e-27 3.6055e-27 1.50362e-27 6.25642e-28 2.59748e-28 1.07607e-28 4.44852e-29 1.83525e-29 7.55619e-30 3.10497e-30 1.27343e-30 5.21292e-31 2.13004e-31 8.68788e-32 3.53734e-32 1.43778e-32 5.83411e-33 2.36342e-33 9.55885e-34 3.85996e-34 1.55627e-34 6.26507e-35 2.51837e-35 1.01083e-35 4.05146e-36 1.62157e-36 6.48123e-37 2.58697e-37 1.03121e-37 4.1052e-38 1.63217e-38 6.48107e-39 2.57034e-39 1.01814e-39 4.02812e-40 1.5918e-40 6.28305e-41 2.4772e-41 9.75583e-42
1.86999e-10 4.96581e-10 7.93727e-10 9.78556e-10 1.02167e-09 9.47496e-10 8.0301e-10 6.33587e-10 4.71472e-10 3.34025e-10 2.26926e-10 1.48661e-10 9.43302e-11 5.81856e-11 3.49936e-11 2.0571e-11 1.1845e-11 6.69297e-12 3.71692e-12 2.03153e-12 1.0941e-12 5.81221e-13 3.04851e-13 1.58e-13 8.09803e-14 4.1072e-14 2.06264e-14 1.02625e-14 5.06125e-15 2.47535e-15 1.20109e-15 5.78424e-16 2.76569e-16 1.31339e-16 6.19655e-17 2.90535e-17 1.35412e-17 6.27523e-18 2.89216e-18 1.32595e-18 6.0483e-19 2.74553e-19 1.24046e-19 5.57926e-20 2.4985e-20 1.11418e-20 4.94841e-21 2.18913e-21 9.64782e-22 4.23633e-22 1.85355e-22 8.08205e-23 3.51225e-23 1.52139e-23 6.56942e-24 2.82804e-24 1.21382e-24 5.19478e-25 2.21697e-25 9.43551e-26 4.00512e-26 1.69566e-26 7.16089e-27 3.01666e-27 1.26778e-27 5.31551e-28 2.22359e-28 9.28104e-29 3.8654e-29 1.60646e-29 6.66257e-30 2.75762e-30 1.13911e-30 4.69628e-31 1.9325e-31 7.93741e-32 3.25424e-32 1.33183e-32 5.44114e-33 2.21918e-33 9.03585e-34 3.67312e-34 1.49075e-34 6.04074e-35 2.44403e-35 9.87339e-36 3.98274e-36 1.60422e-36 6.4525e-37 2.59168e-37 1.03953e-37 4.16396e-38 1.66571e-38 6.65464e-39 2.65518e-39 1.05808e-39 4.21116e-40 1.67401e-40 6.64655e-41 2.63587e-41 1.04411e-41
6.39937e-11 1.7736e-10 2.93877e-10 3.73997e-10 4.01861e-10 3.82675e-10 3.32407e-10 2.68411e-10 2.04149e-10 1.47671e-10 1.02333e-10 6.83261e-11 4.41545e-11 2.77195e-11 1.69568e-11 1.01335e-11 5.92883e-12 3.40236e-12 1.91817e-12 1.06389e-12 5.81221e-13 3.13103e-13 1.66477e-13 8.74402e-14 4.54041e-14 2.33241e-14 1.18608e-14 5.97411e-15 2.98197e-15 1.47575e-15 7.2442e-16 3.52868e-16 1.70623e-16 8.19246e-17 3.90734e-17 1.85169e-17 8.7215e-18 4.08379e-18 1.90146e-18 8.80565e-19 4.05673e-19 1.85959e-19 8.48333e-20 3.8521e-20 1.74134e-20 7.83774e-21 3.51305e-21 1.56828e-21 6.97375e-22 3.08935e-22 1.36357e-22 5.99717e-23 2.62858e-23 1.14827e-23 4.9999e-24 2.17025e-24 9.3914e-25 4.0519e-25 1.74314e-25 7.47793e-26 3.1992e-26 1.36503e-26 5.80917e-27 2.46595e-27 1.0442e-27 4.41097e-28 1.85893e-28 7.81622e-29 3.27911e-29 1.37267e-29 5.73383e-30 2.3901e-30 9.94261e-31 4.12778e-31 1.71035e-31 7.07327e-32 2.91974e-32 1.20301e-32 4.94787e-33 2.03143e-33 8.32605e-34 3.40676e-34 1.39164e-34 5.67553e-35 2.31098e-35 9.39524e-36 3.81377e-36 1.54579e-36 6.25611e-37 2.52831e-37 1.02033e-37 4.11191e-38 1.65482e-38 6.65083e-39 2.66947e-39 1.07007e-39 4.28392e-40 1.71288e-40 6.84029e-41 2.72833e-41 1.08692e-41
2.18996e-11 6.32355e-11 1.08478e-10 1.42359e-10 1.57287e-10 1.53672e-10 1.36718e-10 1.12907e-10 8.77215e-11 6.47502e-11 4.57462e-11 3.11149e-11 2.04687e-11 1.30724e-11 8.13048e-12 4.93745e-12 2.9341e-12 1.70944e-12 9.78022e-13 5.50274e-13 3.04851e-13 1.66477e-13 8.97021e-14 4.77326e-14 2.51034e-14 1.30576e-14 6.72176e-15 3.42648e-15 1.73057e-15 8.66395e-16 4.30152e-16 2.11879e-16 1.0358e-16 5.02732e-17 2.42334e-17 1.16048e-17 5.52245e-18 2.6122e-18 1.22849e-18 5.74544e-19 2.67274e-19 1.23697e-19 5.69658e-20 2.61095e-20 1.1912e-20 5.41055e-21 2.44701e-21 1.10212e-21 4.94403e-22 2.20926e-22 9.83506e-23 4.36239e-23 1.92813e-23 8.49293e-24 3.72849e-24 1.63156e-24 7.11717e-25 3.09517e-25 1.34205e-25 5.80228e-26 2.50152e-26 1.07552e-26 4.6118e-27 1.97238e-27 8.41412e-28 3.58055e-28 1.51999e-28 6.43732e-29 2.72e-29 1.14671e-29 4.82374e-30 2.02479e-30 8.48128e-31 3.54528e-31 1.47899e-31 6.15781e-32 2.55888e-32 1.06134e-32 4.39396e-33 1.81581e-33 7.4906e-34 3.08466e-34 1.26812e-34 5.20456e-35 2.13255e-35 8.72399e-36 3.56326e-36 1.45314e-36 5.91709e-37 2.40581e-37 9.76742e-38 3.9598e-38 1.60308e-38 6.48086e-39 2.61649e-39 1.05493e-39 4.24774e-40 1.70816e-40 6.86038e-41 2.75184e-41 1.10246e-41
7.49436e-12 2.25094e-11 3.99304e-11 5.39841e-11 6.12789e-11 6.13827e-11 5.58961e-11 4.71826e-11 3.74253e-11 2.81748e-11 2.02841e-11 1.4048e-11 9.40329e-12 6.10689e-12 3.86021e-12 2.38125e-12 1.43675e-12 8.49522e-13 4.93073e-13 2.81333e-13 1.58e-13 8.74402e-14 4.77326e-14 2.57251e-14 1.3699e-14 7.21305e-15 3.75782e-15 1.9382e-15 9.90238e-16 5.01392e-16 2.51714e-16 1.25347e-16 6.19392e-17 3.03819e-17 1.47982e-17 7.15942e-18 3.44151e-18 1.64414e-18 7.80826e-19 3.68722e-19 1.73168e-19 8.09e-20 3.76035e-20 1.73934e-20 8.00741e-21 3.66964e-21 1.67434e-21 7.60706e-22 3.44194e-22 1.55117e-22 6.9637e-23 3.11455e-23 1.38796e-23 6.1635e-24 2.72769e-24 1.20315e-24 5.28985e-25 2.31849e-25 1.01307e-25 4.41353e-26 1.91724e-26 8.30506e-27 3.58771e-27 1.54571e-27 6.64214e-28 2.84696e-28 1.21724e-28 5.19178e-29 2.20917e-29 9.37858e-30 3.9725e-30 1.67892e-30 7.0804e-31 2.97967e-31 1.25136e-31 5.24463e-32 2.19376e-32 9.15841e-33 3.81616e-33 1.58718e-33 6.58921e-34 2.73064e-34 1.12963e-34 4.6651e-35 1.92333e-35 7.91645e-36 3.25314e-36 1.3347e-36 5.46749e-37 2.23628e-37 9.13291e-38 3.72436e-38 1.51657e-38 6.16672e-39 2.50402e-39 1.01536e-39 4.11167e-40 1.66279e-40 6.71561e-41 2.70879e-41 1.09123e-41
2.56468e-12 8.00053e-12 1.46601e-11 2.03998e-11 2.37724e-11 2.43973e-11 2.27255e-11 1.95963e-11 1.58609e-11 1.21723e-11 8.92586e-12 6.29165e-12 4.28349e-12 2.82777e-12 1.81595e-12 1.1375e-12 6.96596e-13 4.17876e-13 2.45973e-13 1.4228e-13 8.09803e-14 4.54041e-14 2.51034e-14 1.3699e-14 7.38441e-15 3.93493e-15 2.07416e-15 1.08217e-15 5.59159e-16 2.86275e-16 1.45292e-16 7.31297e-17 3.65186e-17 1.80992e-17 8.90588e-18 4.35215e-18 2.11285e-18 1.01926e-18 4.88733e-19 2.32985e-19 1.10446e-19 5.20753e-20 2.44264e-20 1.14002e-20 5.29502e-21 2.44793e-21 1.12661e-21 5.16245e-22 2.35563e-22 1.0705e-22 4.84562e-23 2.18498e-23 9.81593e-24 4.39388e-24 1.95995e-24 8.71289e-25 3.8605e-25 1.70502e-25 7.50681e-26 3.29503e-26 1.44203e-26 6.29269e-27 2.73826e-27 1.18829e-27 5.1429e-28 2.22003e-28 9.55882e-29 4.10553e-29 1.75905e-29 7.51895e-30 3.20648e-30 1.36432e-30 5.79214e-31 2.4537e-31 1.03725e-31 4.37564e-32 1.84212e-32 7.73982e-33 3.24561e-33 1.35842e-33 5.67488e-34 2.36638e-34 9.84987e-35 4.09271e-35 1.69762e-35 7.02965e-36 2.90606e-36 1.1994e-36 4.9423e-37 2.03334e-37 8.35254e-38 3.42585e-38 1.40304e-38 5.73767e-39 2.34302e-39 9.55435e-40 3.89065e-40 1.58215e-40 6.42527e-41 2.60591e-41 1.05551e-41
8.77672e-13 2.8397e-12 5.36931e-12 7.68362e-12 9.18542e-12 9.65212e-12 9.19134e-12 8.09222e-12 6.68002e-12 5.22365e-12 3.89983e-12 2.79666e-12 1.93585e-12 1.29857e-12 8.46916e-13 5.38511e-13 3.3461e-13 2.03583e-13 1.21494e-13 7.12248e-14 4.1072e-14 2.33241e-14 1.30576e-14 7.21305e-15 3.93493e-15 2.12151e-15 1.13119e-15 5.96869e-16 3.11831e-16 1.61392e-16 8.27893e-17 4.21097e-17 2.12463e-17 1.06374e-17 5.28683e-18 2.60914e-18 1.279e-18 6.2293e-19 3.01519e-19 1.45079e-19 6.94075e-20 3.30228e-20 1.56284e-20 7.35858e-21 3.44768e-21 1.60764e-21 7.46189e-22 3.44805e-22 1.58644e-22 7.2688e-23 3.31699e-23 1.50772e-23 6.82725e-24 3.08012e-24 1.38462e-24 6.20274e-25 2.76926e-25 1.2323e-25 5.46607e-26 2.41702e-26 1.06553e-26 4.68349e-27 2.05267e-27 8.97118e-28 3.91011e-28 1.69968e-28 7.36903e-29 3.18675e-29 1.37469e-29 5.91568e-30 2.53964e-30 1.08776e-30 4.64841e-31 1.98204e-31 8.43286e-32 3.58025e-32 1.51687e-32 6.41351e-33 2.7063e-33 1.13974e-33 4.79074e-34 2.00994e-34 8.4171e-35 3.5185e-35 1.46819e-35 6.11576e-36 2.54318e-36 1.05579e-36 4.37586e-37 1.8107e-37 7.48071e-38 3.08576e-38 1.27091e-38 5.22658e-39 2.14624e-39 8.80048e-40 3.60342e-40 1.47338e-40 6.01609e-41 2.45315e-41 9.98973e-42
3.00352e-13 1.00663e-12 1.9621e-12 2.88523e-12 3.53591e-12 3.80203e-12 3.69929e-12 3.32366e-12 2.79693e-12 2.22761e-12 1.6925e-12 1.23434e-12 8.68379e-13 5.91693e-13 3.91782e-13 2.52794e-13 1.59329e-13 9.82893e-14 5.94523e-14 3.53139e-14 2.06264e-14 1.18608e-14 6.72176e-15 3.75782e-15 2.07416e-15 1.13119e-15 6.09979e-16 3.25428e-16 1.71872e-16 8.99069e-17 4.66047e-17 2.39501e-17 1.22069e-17 6.17283e-18 3.09815e-18 1.54383e-18 7.64022e-19 3.75619e-19 1.83501e-19 8.91023e-20 4.30128e-20 2.06472e-20 9.85753e-21 4.6817e-21 2.21232e-21 1.04034e-21 4.86917e-22 2.2686e-22 1.05232e-22 4.86049e-23 2.23572e-23 1.02427e-23 4.67436e-24 2.12515e-24 9.62644e-25 4.34504e-25 1.95442e-25 8.76155e-26 3.91489e-26 1.74371e-26 7.74246e-27 3.42744e-27 1.51279e-27 6.65795e-28 2.92203e-28 1.27891e-28 5.58256e-29 2.4305e-29 1.05548e-29 4.57221e-30 1.97581e-30 8.51785e-31 3.66358e-31 1.57215e-31 6.73154e-32 2.876e-32 1.22613e-32 5.21649e-33 2.21478e-33 9.38453e-34 3.96864e-34 1.67507e-34 7.05677e-35 2.96738e-35 1.24553e-35 5.21865e-36 2.18275e-36 9.11391e-37 3.79904e-37 1.58097e-37 6.56853e-38 2.72471e-38 1.12847e-38 4.6665e-39 1.92679e-39 7.94388e-40 3.27035e-40 1.34441e-40 5.51891e-41 2.26241e-41 9.26178e-42
1.02785e-13 3.56404e-13 7.15495e-13 1.08032e-12 1.35638e-12 1.49154e-12 1.48204e-12 1.35819e-12 1.16464e-12 9.44348e-13 7.29914e-13 5.4117e-13 3.86809e-13 2.67631e-13 1.79854e-13 1.17728e-13 7.52423e-14 4.70503e-14 2.88375e-14 1.7351e-14 1.02625e-14 5.97411e-15 3.42648e-15 1.9382e-15 1.08217e-15 5.96869e-16 3.25428e-16 1.7551e-16 9.36854e-17 4.95222e-17 2.59357e-17 1.34637e-17 6.93069e-18 3.5392e-18 1.79352e-18 9.02239e-19 4.50701e-19 2.23631e-19 1.10247e-19 5.40143e-20 2.63061e-20 1.27382e-20 6.13414e-21 2.9382e-21 1.40014e-21 6.63896e-22 3.13286e-22 1.4715e-22 6.88059e-23 3.2033e-23 1.48503e-23 6.85637e-24 3.15303e-24 1.4444e-24 6.59202e-25 2.99757e-25 1.35827e-25 6.13347e-26 2.7604e-26 1.23829e-26 5.53729e-27 2.46846e-27 1.0971e-27 4.86174e-28 2.14828e-28 9.4662e-29 4.15982e-29 1.82312e-29 7.96938e-30 3.47479e-30 1.51131e-30 6.55725e-31 2.83829e-31 1.22569e-31 5.28103e-32 2.27032e-32 9.73887e-33 4.16871e-33 1.78068e-33 7.59066e-34 3.22924e-34 1.37109e-34 5.81021e-35 2.45751e-35 1.03751e-35 4.37215e-36 1.83917e-36 7.72302e-37 3.23745e-37 1.35482e-37 5.66031e-38 2.36096e-38 9.83197e-39 4.08796e-39 1.69707e-39 7.03448e-40 2.91147e-40 1.20324e-40 4.96553e-41 2.04625e-41 8.4206e-42
3.51745e-14 1.26047e-13 2.60396e-13 4.03422e-13 5.18594e-13 5.82892e-13 5.91178e-13 5.52369e-13 4.82438e-13 3.98105e-13 3.12916e-13 2.35773e-13 1.71161e-13 1.20215e-13 8.19689e-14 5.44155e-14 3.52567e-14 2.23416e-14 1.38718e-14 8.45237e-15 5.06125e-15 2.98197e-15 1.73057e-15 9.90238e-16 5.59159e-16 3.11831e-16 1.71872e-16 9.36854e-17 5.05336e-17 2.69877e-17 1.42773e-17 7.48551e-18 3.89112e-18 2.00621e-18 1.02633e-18 5.21136e-19 2.62728e-19 1.31547e-19 6.54329e-20 3.23416e-20 1.58885e-20 7.75992e-21 3.7686e-21 1.82028e-21 8.74609e-22 4.18105e-22 1.98896e-22 9.41684e-23 4.43803e-23 2.0823e-23 9.72804e-24 4.52576e-24 2.097e-24 9.67819e-25 4.4497e-25 2.03823e-25 9.30269e-26 4.23095e-26 1.91771e-26 8.6633e-27 3.901e-27 1.75104e-27 7.83577e-28 3.49593e-28 1.55515e-28 6.8983e-29 3.05141e-29 1.34609e-29 5.92237e-30 2.59888e-30 1.13756e-30 4.96688e-31 2.1634e-31 9.40067e-32 4.0754e-32 1.76276e-32 7.60759e-33 3.27607e-33 1.40777e-33 6.03667e-34 2.58328e-34 1.10325e-34 4.70236e-35 2.0004e-35 8.49365e-36 3.59966e-36 1.52277e-36 6.43024e-37 2.71053e-37 1.14059e-37 4.79145e-38 2.00946e-38 8.41352e-39 3.51703e-39 1.46787e-39 6.11673e-40 2.545e-40 1.05731e-40 4.38602e-41 1.8168e-41 7.51487e-42
1.20372e-14 4.45313e-14 9.45926e-14 1.50269e-13 1.97663e-13 2.2697e-13 2.34857e-13 2.23633e-13 1.98865e-13 1.66943e-13 1.33395e-13 1.0211e-13 7.52645e-14 5.36453e-14 3.71025e-14 2.4973e-14 1.63988e-14 1.05281e-14 6.62037e-15 4.0842e-15 2.47535e-15 1.47575e-15 8.66395e-16 5.01392e-16 2.86275e-16 1.61392e-16 8.99069e-17 4.95222e-17 2.69877e-17 1.4559e-17 7.77893e-18 4.11841e-18 2.16147e-18 1.12501e-18 5.80903e-19 2.97679e-19 1.51435e-19 7.6501e-20 3.83879e-20 1.9139e-20 9.48315e-21 4.6708e-21 2.28734e-21 1.11393e-21 5.39588e-22 2.60027e-22 1.24682e-22 5.94958e-23 2.82577e-23 1.33604e-23 6.28914e-24 2.9479e-24 1.37607e-24 6.3977e-25 2.96288e-25 1.36697e-25 6.28357e-26 2.87804e-26 1.31363e-26 5.9755e-27 2.7092e-27 1.22436e-27 5.51584e-28 2.47734e-28 1.10933e-28 4.95305e-29 2.2052e-29 9.79074e-30 4.33515e-30 1.91444e-30 8.43241e-31 3.70477e-31 1.62365e-31 7.09859e-32 3.09613e-32 1.34728e-32 5.84934e-33 2.53389e-33 1.09527e-33 4.72417e-34 2.03338e-34 8.73409e-35 3.74405e-35 1.60179e-35 6.83958e-36 2.91491e-36 1.23996e-36 5.26498e-37 2.23153e-37 9.44148e-38 3.98771e-38 1.68138e-38 7.0775e-39 2.97426e-39 1.24788e-39 5.22729e-40 2.18625e-40 9.12968e-41 3.80674e-41 1.58491e-41 6.58897e-42
4.11932e-15 1.57171e-14 3.43021e-14 5.58399e-14 7.51191e-14 8.80767e-14 9.29413e-14 9.01545e-14 8.15938e-14 6.96574e-14 5.65632e-14 4.39732e-14 3.28999e-14 2.37903e-14 1.66853e-14 1.13837e-14 7.57426e-15 4.92535e-15 3.13606e-15 1.95835e-15 1.20109e-15 7.2442e-16 4.30152e-16 2.51714e-16 1.45292e-16 8.27893e-17 4.66047e-17 2.59357e-17 1.42773e-17 7.77893e-18 4.19701e-18 2.24344e-18 1.18859e-18 6.24412e-19 3.25382e-19 1.68249e-19 8.63551e-20 4.40082e-20 2.22747e-20 1.12005e-20 5.59657e-21 2.77949e-21 1.37234e-21 6.73762e-22 3.28989e-22 1.59797e-22 7.72222e-23 3.71345e-23 1.77722e-23 8.46639e-24 4.01524e-24 1.896e-24 8.91534e-25 4.17504e-25 1.94741e-25 9.04854e-26 4.1886e-26 1.93185e-26 8.87843e-27 4.06626e-27 1.85606e-27 8.44426e-28 3.82949e-28 1.73127e-28 7.80309e-29 3.50653e-29 1.57119e-29 7.02017e-30 3.12799e-30 1.38998e-30 6.16031e-31 2.72316e-31 1.20073e-31 5.28134e-32 2.31735e-32 1.0144e-32 4.43012e-33 1.93035e-33 8.39246e-34 3.64078e-34 1.57605e-34 6.80823e-35 2.93498e-35 1.2627e-35 5.42168e-36 2.3234e-36 9.93774e-37 4.24265e-37 1.80796e-37 7.69055e-38 3.26554e-38 1.38419e-38 5.85726e-39 2.47436e-39 1.04355e-39 4.39396e-40 1.84716e-40 7.75305e-41 3.24914e-41 1.35958e-41 5.68052e-42
1.40969e-15 5.54213e-15 1.24185e-14 2.07035e-14 2.84689e-14 3.40682e-14 3.66459e-14 3.61977e-14 3.33305e-14 2.89272e-14 2.38634e-14 1.88357e-14 1.43004e-14 1.04882e-14 7.45742e-15 5.15599e-15 3.47519e-15 2.28841e-15 1.47503e-15 9.32169e-16 5.78424e-16 3.52868e-16 2.11879e-16 1.25347e-16 7.31297e-17 4.21097e-17 2.39501e-17 1.34637e-17 7.48551e-18 4.11841e-18 2.24344e-18 1.21056e-18 6.47343e-19 3.43196e-19 1.80457e-19 9.41423e-20 4.87436e-20 2.50557e-20 1.27902e-20 6.48552e-21 3.26756e-21 1.63612e-21 8.14361e-22 4.03015e-22 1.98342e-22 9.7091e-23 4.72816e-23 2.29101e-23 1.10472e-23 5.30198e-24 2.53305e-24 1.20484e-24 5.70627e-25 2.69133e-25 1.26423e-25 5.91529e-26 2.75719e-26 1.28039e-26 5.92444e-27 2.73162e-27 1.25517e-27 5.74824e-28 2.62391e-28 1.19394e-28 5.41588e-29 2.44929e-29 1.1044e-29 4.96546e-30 2.22622e-30 9.95357e-31 4.43833e-31 1.97386e-31 8.75572e-32 3.87412e-32 1.70994e-32 7.52908e-33 3.3073e-33 1.44943e-33 6.33778e-34 2.76509e-34 1.20374e-34 5.22914e-35 2.26681e-35 9.80632e-36 4.2337e-36 1.82421e-36 7.84485e-37 3.36717e-37 1.44255e-37 6.16878e-38 2.63319e-38 1.122e-38 4.77248e-39 2.02652e-39 8.59067e-40 3.63565e-40 1.53613e-40 6.48006e-41 2.72926e-41 1.14772e-41 4.81909e-42
4.82418e-16 1.95255e-15 4.48894e-15 7.65981e-15 1.0761e-14 1.31372e-14 1.43991e-14 1.4478e-14 1.35584e-14 1.19589e-14 1.00195e-14 8.02724e-15 6.18265e-15 4.59791e-15 3.31355e-15 2.32107e-15 1.5844e-15 1.0563e-15 6.89095e-16 4.40628e-16 2.76569e-16 1.70623e-16 1.0358e-16 6.19392e-17 3.65186e-17 2.12463e-17 1.22069e-17 6.93069e-18 3.89112e-18 2.16147e-18 1.18859e-18 6.47343e-19 3.49343e-19 1.86882e-19 9.91397e-20 5.21735e-20 2.72471e-20 1.41252e-20 7.2711e-21 3.71754e-21 1.88832e-21 9.53149e-22 4.78205e-22 2.38521e-22 1.18301e-22 5.83552e-23 2.8634e-23 1.39787e-23 6.79063e-24 3.28303e-24 1.57988e-24 7.56873e-25 3.61015e-25 1.7147e-25 8.11077e-26 3.8212e-26 1.79328e-26 8.38402e-27 3.90532e-27 1.81261e-27 8.38367e-28 3.86443e-28 1.7754e-28 8.13015e-29 3.71134e-29 1.68898e-29 7.66318e-30 3.46672e-30 1.5638e-30 7.03432e-31 3.15554e-31 1.41175e-31 6.29946e-32 2.80371e-32 1.24472e-32 5.51238e-33 2.43534e-33 1.07339e-33 4.72007e-34 2.07088e-34 9.0656e-35 3.95997e-35 1.72607e-35 7.50784e-36 3.25895e-36 1.41177e-36 6.10367e-37 2.63374e-37 1.13429e-37 4.87598e-38 2.09218e-38 8.96085e-39 3.83113e-39 1.63511e-39 6.96655e-40 2.96317e-40 1.25827e-40 5.33432e-41 2.25781e-41 9.54131e-42 4.02581e-42
