0.160748 0.083854 0.0437422 0.022818 0.011903 0.00620914 0.00323898 0.00168961 0.000881379 0.000459769 0.000239837 0.00012511 6.52635e-05 3.40445e-05 1.77592e-05 9.26406e-06 4.83257e-06 2.5209e-06 1.31502e-06 6.85976e-07 3.57838e-07 1.86665e-07 9.73733e-08 5.07945e-08 2.64968e-08 1.3822e-08 7.21021e-09 3.76119e-09 1.96201e-09 1.02348e-09 5.33895e-10 2.78505e-10 1.45281e-10 7.57856e-11 3.95334e-11 2.06225e-11 1.07577e-11 5.6117e-12 2.92733e-12 1.52703e-12 7.96573e-13 4.1553e-13 2.1676e-13 1.13072e-13 5.89839e-14 3.07688e-14 1.60505e-14 8.37268e-15 4.36758e-15 2.27834e-15 1.18849e-15 6.19972e-16 3.23407e-16 1.68704e-16 8.80042e-17 4.59071e-17 2.39473e-17 1.24921e-17 6.51645e-18 3.39929e-18 1.77323e-18 9.25001e-19 4.82524e-19 2.51707e-19 1.31302e-19 6.84936e-20 3.57295e-20 1.86382e-20 9.72256e-21 5.07175e-21 2.64566e-21 1.3801e-21 7.19927e-22 3.75548e-22 1.95904e-22 1.02193e-22 5.33085e-23 2.78082e-23 1.45061e-23 7.56706e-24 3.94734e-24 2.05912e-24 1.07413e-24 5.60319e-25 2.92289e-25 1.52472e-25 7.95365e-26 4.149e-26 2.16431e-26 1.12901e-26 5.88944e-27 3.07221e-27 1.60261e-27 8.35998e-28 4.36096e-28 2.27488e-28 1.18669e-28 6.19032e-29 3.22916e-29 1.68448e-29 8.78707e-30
0.083854 0.0546848 0.0342344 0.0208359 0.0124223 0.00729032 0.00422565 0.00242479 0.0013799 0.000779819 0.000438088 0.000244854 0.000136244 7.5514e-05 4.17092e-05 2.29664e-05 1.2611e-05 6.90746e-06 3.77486e-06 2.05866e-06 1.12059e-06 6.08913e-07 3.30345e-07 1.78952e-07 9.68075e-08 5.23031e-08 2.82247e-08 1.52141e-08 8.19245e-09 4.40713e-09 2.36864e-09 1.27194e-09 6.82462e-10 3.65894e-10 1.96027e-10 1.04948e-10 5.61496e-11 3.00226e-11 1.60432e-11 8.56817e-12 4.57351e-12 2.43999e-12 1.3011e-12 6.9347e-13 3.69444e-13 1.96735e-13 1.04721e-13 5.57198e-14 2.9636e-14 1.57569e-14 8.37463e-15 4.4495e-15 2.36328e-15 1.25481e-15 6.66053e-16 3.53436e-16 1.87494e-16 9.94358e-17 5.27208e-17 2.79452e-17 1.4809e-17 7.84576e-18 4.15569e-18 2.20065e-18 1.1651e-18 6.16708e-19 3.26367e-19 1.72681e-19 9.13471e-20 4.83128e-20 2.55475e-20 1.35069e-20 7.13978e-21 3.77345e-21 1.99398e-21 1.05349e-21 5.56506e-22 2.93929e-22 1.5522e-22 8.19576e-23 4.32681e-23 2.28394e-23 1.20543e-23 6.3612e-24 3.35644e-24 1.77078e-24 9.341e-25 4.92685e-25 2.59832e-25 1.37014e-25 7.22416e-26 3.80855e-26 2.00763e-26 1.05819e-26 5.57691e-27 2.93887e-27 1.54854e-27 8.15869e-28 4.2981e-28 2.26407e-28 1.19251e-28
0.0437422 0.0342344 0.0245585 0.0166946 0.0109373 0.00697371 0.00435458 0.00267422 0.00162006 0.000970332 0.000575582 0.000338589 0.000197735 0.00011474 6.62031e-05 3.80046e-05 2.17173e-05 1.23589e-05 7.0067e-06 3.95869e-06 2.22954e-06 1.25202e-06 7.01192e-07 3.9172e-07 2.18325e-07 1.2142e-07 6.73895e-08 3.73309e-08 2.06428e-08 1.13956e-08 6.28084e-09 3.45658e-09 1.89959e-09 1.04253e-09 5.71433e-10 3.12834e-10 1.71066e-10 9.34402e-11 5.09858e-11 2.77927e-11 1.51355e-11 8.23499e-12 4.47661e-12 2.43148e-12 1.3196e-12 7.15608e-13 3.8778e-13 2.09983e-13 1.13627e-13 6.14459e-14 3.32066e-14 1.79344e-14 9.68035e-15 5.22209e-15 2.8155e-15 1.51716e-15 8.17113e-16 4.39858e-16 2.36663e-16 1.27275e-16 6.84157e-17 3.67599e-17 1.97426e-17 1.05987e-17 5.68754e-18 3.05086e-18 1.63589e-18 8.76842e-19 4.69819e-19 2.51643e-19 1.34738e-19 7.21187e-20 3.8589e-20 2.06414e-20 1.10378e-20 5.90051e-21 3.15333e-21 1.6847e-21 8.99815e-22 4.80468e-22 2.56482e-22 1.36879e-22 7.30304e-23 3.89548e-23 2.07736e-23 1.10754e-23 5.90338e-24 3.1459e-24 1.67606e-24 8.92768e-25 4.75438e-25 2.53138e-25 1.3475e-25 7.17157e-26 3.81603e-26 2.03014e-26 1.07983e-26 5.74252e-27 3.05331e-27 1.62315e-27 8.62725e-28
0.022818 0.0208359 0.0166946 0.0124064 0.00877076 0.00598138 0.00396879 0.00257679 0.00164362 0.001033 0.000641122 0.00039362 0.000239392 0.000144386 8.64411e-05 5.14085e-05 3.03913e-05 1.78692e-05 1.04547e-05 6.08905e-06 3.53163e-06 2.04045e-06 1.17471e-06 6.74049e-07 3.85577e-07 2.19926e-07 1.25102e-07 7.09825e-08 4.0179e-08 2.26917e-08 1.27883e-08 7.19252e-09 4.03758e-09 2.26243e-09 1.26556e-09 7.06766e-10 3.94087e-10 2.19412e-10 1.21987e-10 6.77287e-11 3.7555e-11 2.07979e-11 1.15041e-11 6.35604e-12 3.50785e-12 1.9339e-12 1.06508e-12 5.86011e-13 3.22119e-13 1.76901e-13 9.70643e-14 5.32132e-14 2.91488e-14 1.59543e-14 8.72568e-15 4.76867e-15 2.60424e-15 1.42122e-15 7.75081e-16 4.22422e-16 2.30075e-16 1.25234e-16 6.81259e-17 3.70381e-17 2.01251e-17 1.09292e-17 5.93204e-18 3.21804e-18 1.74485e-18 9.45602e-19 5.1221e-19 2.77321e-19 1.50078e-19 8.11817e-20 4.38943e-20 2.37232e-20 1.28161e-20 6.92088e-21 3.73589e-21 2.01585e-21 1.08732e-21 5.86267e-22 3.15992e-22 1.70256e-22 9.17014e-23 4.93745e-23 2.65757e-23 1.42997e-23 7.69179e-24 4.13612e-24 2.22344e-24 1.19489e-24 6.41954e-25 3.44789e-25 1.85131e-25 9.93771e-26 5.33303e-26 2.86119e-26 1.53463e-26 8.22908e-27 4.41152e-27
0.011903 0.0124223 0.0109373 0.00877076 0.00661905 0.00478337 0.00334508 0.00227932 0.00152062 0.000996717 0.000643598 0.000410246 0.000258566 0.000161352 9.98e-05 6.12398e-05 3.73096e-05 2.25827e-05 1.35878e-05 8.13117e-06 4.84144e-06 2.86932e-06 1.69321e-06 9.95185e-07 5.82736e-07 3.40032e-07 1.97762e-07 1.14663e-07 6.62896e-08 3.82187e-08 2.19775e-08 1.26071e-08 7.21508e-09 4.12008e-09 2.34777e-09 1.33516e-09 7.57847e-10 4.29374e-10 2.42846e-10 1.3712e-10 7.72992e-11 4.35093e-11 2.44539e-11 1.37246e-11 7.69235e-12 4.30576e-12 2.40708e-12 1.34402e-12 7.49564e-13 4.17562e-13 2.32358e-13 1.29162e-13 7.17247e-14 3.97899e-14 2.20527e-14 1.22109e-14 6.75524e-15 3.73385e-15 2.06208e-15 1.13789e-15 6.274e-16 3.45664e-16 1.903e-16 1.04689e-16 5.75518e-17 3.16166e-17 1.73571e-17 9.52257e-18 5.221e-18 2.86077e-18 1.56656e-18 8.57343e-19 4.68933e-19 2.56344e-19 1.40054e-19 7.64774e-20 4.17392e-20 2.27684e-20 1.24137e-20 6.76486e-21 3.68475e-21 2.0061e-21 1.09169e-21 5.93815e-22 3.22858e-22 1.75463e-22 9.53186e-23 5.17595e-23 2.80948e-23 1.52437e-23 8.26776e-24 4.48249e-24 2.42934e-24 1.31613e-24 7.12778e-25 3.85884e-25 2.08838e-25 1.12983e-25 6.11047e-26 3.30365e-26 1.78556e-26
0.00620914 0.00729032 0.00697371 0.00598138 0.00478337 0.00363989 0.00266768 0.00189805 0.00131826 0.000897329 0.000600447 0.000395904 0.000257695 0.000165836 0.000105646 6.66918e-05 4.17565e-05 2.59496e-05 1.60167e-05 9.8242e-06 5.99118e-06 3.63419e-06 2.19356e-06 1.31791e-06 7.88408e-07 4.69744e-07 2.78822e-07 1.64909e-07 9.72076e-08 5.71188e-08 3.34621e-08 1.95475e-08 1.13883e-08 6.61769e-09 3.83614e-09 2.21855e-09 1.2802e-09 7.3716e-10 4.23607e-10 2.42951e-10 1.39079e-10 7.94744e-11 4.53361e-11 2.58192e-11 1.46808e-11 8.33472e-12 4.72488e-12 2.67467e-12 1.51201e-12 8.53611e-13 4.81292e-13 2.71031e-13 1.52443e-13 8.56428e-14 4.80602e-14 2.69405e-14 1.50858e-14 8.43884e-15 4.71591e-15 2.63286e-15 1.46853e-15 8.18353e-16 4.55631e-16 2.5346e-16 1.40877e-16 7.8238e-17 4.34158e-17 2.40736e-17 1.33384e-17 7.38495e-18 4.08581e-18 2.25894e-18 1.24805e-18 6.89081e-19 3.80211e-19 2.09653e-19 1.15533e-19 6.36282e-20 3.50213e-20 1.92647e-20 1.05912e-20 5.81951e-21 3.19588e-21 1.75413e-21 9.62292e-22 5.2763e-22 2.89157e-22 1.58389e-22 8.67177e-23 4.74554e-23 2.59574e-23 1.41919e-23 7.75582e-24 4.23667e-24 2.31332e-24 1.26259e-24 6.88832e-25 3.75653e-25 2.0478e-25 1.11588e-25 6.07832e-26
0.00323898 0.00422565 0.00435458 0.00396879 0.00334508 0.00266768 0.00204048 0.0015102 0.00108817 0.000766751 0.000530102 0.000360531 0.000241714 0.000160017 0.000104744 6.7873e-05 4.35799e-05 2.77498e-05 1.75358e-05 1.10042e-05 6.86103e-06 4.25235e-06 2.62096e-06 1.60712e-06 9.8071e-07 5.95757e-07 3.60373e-07 2.1712e-07 1.3032e-07 7.79423e-08 4.64591e-08 2.76045e-08 1.63519e-08 9.65835e-09 5.68907e-09 3.34225e-09 1.95861e-09 1.14502e-09 6.6786e-10 3.88688e-10 2.25736e-10 1.30834e-10 7.56825e-11 4.36976e-11 2.51847e-11 1.44898e-11 8.32264e-12 4.77264e-12 2.73262e-12 1.56223e-12 8.91826e-13 5.08397e-13 2.89423e-13 1.64547e-13 9.34313e-14 5.29853e-14 3.00121e-14 1.69797e-14 9.59555e-15 5.41667e-15 3.05443e-15 1.72058e-15 9.68237e-16 5.44327e-16 3.05718e-16 1.71545e-16 9.61696e-17 5.38658e-17 3.01449e-17 1.68557e-17 9.41724e-18 5.25717e-18 2.93251e-18 1.63454e-18 9.10385e-19 5.06686e-19 2.81801e-19 1.56618e-19 8.69854e-20 4.82792e-20 2.67788e-20 1.48437e-20 8.22289e-21 4.55239e-21 2.5188e-21 1.39281e-21 7.69736e-22 4.25153e-22 2.34698e-22 1.2949e-22 7.1406e-23 3.93555e-23 2.16797e-23 1.19367e-23 6.56902e-24 3.61332e-24 1.98658e-24 1.0917e-24 5.99658e-25 3.29236e-25 1.80683e-25
0.00168961 0.00242479 0.00267422 0.00257679 0.00227932 0.00189805 0.0015102 0.00115924 0.000864212 0.000628753 0.000448063 0.000313637 0.000216134 0.000146898 9.86182e-05 6.54773e-05 4.30404e-05 2.80353e-05 1.81099e-05 1.16092e-05 7.38963e-06 4.67306e-06 2.93725e-06 1.83577e-06 1.14129e-06 7.06017e-07 4.34719e-07 2.66499e-07 1.62697e-07 9.89383e-08 5.99426e-08 3.6189e-08 2.17753e-08 1.30608e-08 7.8101e-09 4.65678e-09 2.76894e-09 1.64207e-09 9.71333e-10 5.73179e-10 3.37443e-10 1.98215e-10 1.16182e-10 6.79584e-11 3.96717e-11 2.31144e-11 1.34425e-11 7.80371e-12 4.52242e-12 2.61647e-12 1.51133e-12 8.71615e-13 5.01918e-13 2.88605e-13 1.65713e-13 9.50196e-14 5.44111e-14 3.11171e-14 1.7773e-14 1.01389e-14 5.77706e-15 3.28789e-15 1.86912e-15 1.06141e-15 6.02091e-16 3.41186e-16 1.93143e-16 1.09229e-16 6.17128e-17 3.48342e-17 1.96444e-17 1.10683e-17 6.23079e-18 3.50457e-18 1.96953e-18 1.10596e-18 6.20534e-19 3.479e-19 1.949e-19 1.09105e-19 6.10323e-20 3.41165e-20 1.90575e-20 1.06382e-20 5.93443e-21 3.30829e-21 1.8431e-21 1.02617e-21 5.70978e-22 3.17509e-22 1.76455e-22 9.8007e-23 5.4404e-23 3.01829e-23 1.67359e-23 9.27477e-24 5.13718e-24 2.84393e-24 1.57358e-24 8.70245e-25 4.81036e-25
0.000881379 0.0013799 0.00162006 0.00164362 0.00152062 0.00131826 0.00108817 0.000864212 0.000665092 0.000498595 0.000365529 0.000262861 0.000185871 0.000129487 8.90171e-05 6.04693e-05 4.06353e-05 2.70398e-05 1.78318e-05 1.16626e-05 7.56978e-06 4.87864e-06 3.12363e-06 1.98773e-06 1.25767e-06 7.9148e-07 4.95586e-07 3.08838e-07 1.91598e-07 1.1836e-07 7.28235e-08 4.46352e-08 2.72588e-08 1.65895e-08 1.0063e-08 6.08494e-09 3.66842e-09 2.20522e-09 1.32199e-09 7.90414e-10 4.7139e-10 2.80445e-10 1.66455e-10 9.85751e-11 5.82496e-11 3.43486e-11 2.02138e-11 1.18724e-11 6.96002e-12 4.07278e-12 2.37906e-12 1.38733e-12 8.07675e-13 4.69459e-13 2.72448e-13 1.57876e-13 9.13508e-14 5.27828e-14 3.04561e-14 1.75498e-14 1.00996e-14 5.80479e-15 3.3322e-15 1.91053e-15 1.09413e-15 6.25877e-16 3.57623e-16 2.04122e-16 1.16385e-16 6.62909e-17 3.77202e-17 2.14421e-17 1.21771e-17 6.90894e-18 3.91635e-18 2.218e-18 1.25505e-18 7.0956e-19 4.00823e-19 2.26234e-19 1.2759e-19 7.19004e-20 4.04867e-20 2.27806e-20 1.28085e-20 7.19639e-21 4.04039e-21 2.26689e-21 1.27098e-21 7.12128e-22 3.98741e-22 2.23123e-22 1.24774e-22 6.97319e-23 3.89471e-23 2.17399e-23 1.21279e-23 6.76183e-24 3.76786e-24 2.09838e-24 1.16798e-24
0.000459769 0.000779819 0.000970332 0.001033 0.000996717 0.000897329 0.000766751 0.000628753 0.000498595 0.000384474 0.000289502 0.000213555 0.000154725 0.000110333 7.75693e-05 5.38441e-05 3.69466e-05 2.5087e-05 1.68712e-05 1.12461e-05 7.43559e-06 4.87913e-06 3.17916e-06 2.05794e-06 1.324e-06 8.46914e-07 5.38815e-07 3.41055e-07 2.14841e-07 1.34719e-07 8.41135e-08 5.23023e-08 3.23953e-08 1.99908e-08 1.22925e-08 7.53327e-09 4.60174e-09 2.80232e-09 1.70147e-09 1.03014e-09 6.21993e-10 3.7457e-10 2.25002e-10 1.34829e-10 8.06053e-11 4.808e-11 2.86167e-11 1.69965e-11 1.00744e-11 5.95969e-12 3.51887e-12 2.07387e-12 1.22008e-12 7.16541e-13 4.20114e-13 2.45915e-13 1.43721e-13 8.3866e-14 4.88658e-14 2.84312e-14 1.65186e-14 9.58416e-15 5.55336e-15 3.21361e-15 1.85729e-15 1.07209e-15 6.18099e-16 3.55939e-16 2.04737e-16 1.17633e-16 6.75136e-17 3.87069e-17 2.21684e-17 1.26835e-17 7.24953e-18 4.13961e-18 2.36154e-18 1.34595e-18 7.66417e-19 4.36029e-19 2.47849e-19 1.40762e-19 7.98773e-20 4.52902e-20 2.56588e-20 1.45253e-20 8.21639e-21 4.64416e-21 2.62308e-21 1.48046e-21 8.34978e-22 4.70595e-22 2.65046e-22 1.49177e-22 8.3906e-23 4.7163e-23 2.64931e-23 1.48727e-23 8.3441e-24 4.67848e-24 2.62163e-24
0.000239837 0.000438088 0.000575582 0.000641122 0.000643598 0.000600447 0.000530102 0.000448063 0.000365529 0.000289502 0.000223587 0.000168963 0.000125276 9.13343e-05 6.55955e-05 4.64779e-05 3.25317e-05 2.25179e-05 1.54284e-05 1.04722e-05 7.04688e-06 4.70399e-06 3.11667e-06 2.05064e-06 1.34046e-06 8.70886e-07 5.6256e-07 3.61427e-07 2.31019e-07 1.46949e-07 9.30448e-08 5.86571e-08 3.68253e-08 2.3028e-08 1.43459e-08 8.90498e-09 5.50863e-09 3.39643e-09 2.08751e-09 1.27914e-09 7.8153e-10 4.76163e-10 2.89332e-10 1.75353e-10 1.06009e-10 6.3933e-11 3.84679e-11 2.30938e-11 1.38341e-11 8.26977e-12 4.93348e-12 2.93736e-12 1.74556e-12 1.0354e-12 6.13059e-13 3.62361e-13 2.13819e-13 1.25961e-13 7.40857e-14 4.3507e-14 2.5511e-14 1.49368e-14 8.73305e-15 5.09882e-15 2.97292e-15 1.7311e-15 1.0067e-15 5.84699e-16 3.3918e-16 1.9652e-16 1.1373e-16 6.57428e-17 3.79608e-17 2.18951e-17 1.26153e-17 7.26091e-18 4.17487e-18 2.39806e-18 1.37611e-18 7.88916e-19 4.51857e-19 2.58566e-19 1.47827e-19 8.44405e-20 4.81919e-20 2.74808e-20 1.56575e-20 8.91382e-21 5.07058e-21 2.88212e-21 1.63693e-21 9.29015e-22 5.26857e-22 2.9857e-22 1.69079e-22 9.56818e-23 5.41089e-23 3.05784e-23 1.72691e-23 9.74635e-24 5.49711e-24
0.00012511 0.000244854 0.000338589 0.00039362 0.000410246 0.000395904 0.000360531 0.000313637 0.000262861 0.000213555 0.000168963 0.000130657 9.90311e-05 7.37419e-05 5.40488e-05 3.90552e-05 2.78596e-05 1.96414e-05 1.36995e-05 9.46105e-06 6.47453e-06 4.39338e-06 2.95778e-06 1.97669e-06 1.31197e-06 8.65167e-07 5.67072e-07 3.69562e-07 2.39545e-07 1.54476e-07 9.91345e-08 6.33264e-08 4.02753e-08 2.5508e-08 1.6091e-08 1.01119e-08 6.33141e-09 3.95051e-09 2.4567e-09 1.52285e-09 9.41073e-10 5.79832e-10 3.56239e-10 2.18267e-10 1.33378e-10 8.12965e-11 4.94297e-11 2.99826e-11 1.81447e-11 1.09563e-11 6.60147e-12 3.96927e-12 2.38177e-12 1.42639e-12 8.52607e-13 5.08694e-13 3.0296e-13 1.80117e-13 1.06903e-13 6.33442e-14 3.74737e-14 2.21345e-14 1.30542e-14 7.68756e-15 4.52063e-15 2.6546e-15 1.55669e-15 9.11638e-16 5.33182e-16 3.1144e-16 1.8169e-16 1.05867e-16 6.1613e-17 3.58161e-17 2.07966e-17 1.2062e-17 6.98841e-18 4.04457e-18 2.33838e-18 1.35056e-18 7.79252e-19 4.49177e-19 2.58667e-19 1.48818e-19 8.55401e-20 4.91238e-20 2.81858e-20 1.61581e-20 9.25508e-21 5.29672e-21 3.02884e-21 1.7306e-21 9.88038e-22 5.63654e-22 3.21307e-22 1.83022e-22 1.04175e-22 5.92534e-23 3.36785e-23 1.91288e-23 1.08574e-23
6.52635e-05 0.000136244 0.000197735 0.000239392 0.000258566 0.000257695 0.000241714 0.000216134 0.000185871 0.000154725 0.000125276 9.90311e-05 7.6659e-05 5.82496e-05 4.35337e-05 3.2054e-05 2.32848e-05 1.67078e-05 1.18542e-05 8.32374e-06 5.78902e-06 3.99054e-06 2.72813e-06 1.85075e-06 1.24649e-06 8.33842e-07 5.54252e-07 3.66198e-07 2.40577e-07 1.57201e-07 1.02197e-07 6.61172e-08 4.2578e-08 2.7299e-08 1.74295e-08 1.10837e-08 7.02127e-09 4.43151e-09 2.78714e-09 1.74702e-09 1.09151e-09 6.79832e-10 4.22153e-10 2.61386e-10 1.61392e-10 9.93827e-11 6.10396e-11 3.73957e-11 2.28548e-11 1.39351e-11 8.47731e-12 5.14574e-12 3.11681e-12 1.88396e-12 1.13648e-12 6.84232e-13 4.1117e-13 2.46627e-13 1.47666e-13 8.82601e-14 5.26638e-14 3.13721e-14 1.86585e-14 1.10797e-14 6.56928e-15 3.88921e-15 2.29918e-15 1.35729e-15 8.00144e-16 4.71063e-16 2.7696e-16 1.62628e-16 9.53732e-17 5.58629e-17 3.26812e-17 1.90968e-17 1.11461e-17 6.49823e-18 3.78433e-18 2.20147e-18 1.27931e-18 7.42661e-19 4.30689e-19 2.49519e-19 1.44417e-19 8.35064e-20 4.82405e-20 2.78423e-20 1.60548e-20 9.24952e-21 5.32422e-21 3.06211e-21 1.75963e-21 1.01033e-21 5.79637e-22 3.32279e-22 1.90331e-22 1.08939e-22 6.23056e-23 3.56082e-23 2.03355e-23
3.40445e-05 7.5514e-05 0.00011474 0.000144386 0.000161352 0.000165836 0.000160017 0.000146898 0.000129487 0.000110333 9.13343e-05 7.37419e-05 5.82496e-05 4.51298e-05 3.43656e-05 2.57648e-05 1.90462e-05 1.38999e-05 1.00254e-05 7.15303e-06 5.05278e-06 3.53621e-06 2.45354e-06 1.68866e-06 1.15348e-06 7.82345e-07 5.27092e-07 3.52891e-07 2.34861e-07 1.5543e-07 1.02315e-07 6.70094e-08 4.36753e-08 2.83358e-08 1.83032e-08 1.17732e-08 7.54254e-09 4.81359e-09 3.06068e-09 1.93923e-09 1.22451e-09 7.7068e-10 4.83523e-10 3.02442e-10 1.88624e-10 1.17307e-10 7.27556e-11 4.50054e-11 2.77688e-11 1.70914e-11 1.04945e-11 6.42894e-12 3.92956e-12 2.39664e-12 1.45864e-12 8.8593e-13 5.37016e-13 3.24889e-13 1.96184e-13 1.1825e-13 7.11476e-14 4.27334e-14 2.56237e-14 1.53391e-14 9.1677e-15 5.47069e-15 3.25957e-15 1.93924e-15 1.15205e-15 6.83426e-16 4.04866e-16 2.3952e-16 1.41513e-16 8.35003e-17 4.92073e-17 2.89623e-17 1.70259e-17 9.997e-18 5.86307e-18 3.43468e-18 2.00985e-18 1.1748e-18 6.85966e-19 4.00114e-19 2.33141e-19 1.35711e-19 7.89188e-20 4.58485e-20 2.66107e-20 1.54305e-20 8.93934e-21 5.17416e-21 2.99219e-21 1.72886e-21 9.98072e-22 5.75703e-22 3.318e-22 1.91075e-22 1.09947e-22 6.32154e-23 3.63185e-23
1.77592e-05 4.17092e-05 6.62031e-05 8.64411e-05 9.98e-05 0.000105646 0.000104744 9.86182e-05 8.90171e-05 7.75693e-05 6.55955e-05 5.40488e-05 4.35337e-05 3.43656e-05 2.6645e-05 2.03274e-05 1.5282e-05 1.13364e-05 8.30717e-06 6.01916e-06 4.31612e-06 3.06516e-06 2.15728e-06 1.5056e-06 1.04254e-06 7.16587e-07 4.8913e-07 3.31689e-07 2.23534e-07 1.49764e-07 9.97817e-08 6.61295e-08 4.36066e-08 2.86169e-08 1.8694e-08 1.21585e-08 7.87475e-09 5.07984e-09 3.2643e-09 2.0899e-09 1.33327e-09 8.47665e-10 5.37159e-10 3.39316e-10 2.13687e-10 1.34175e-10 8.4009e-11 5.24548e-11 3.26653e-11 2.02894e-11 1.2571e-11 7.76992e-12 4.79122e-12 2.94773e-12 1.80955e-12 1.10847e-12 6.77594e-13 4.13368e-13 2.5168e-13 1.52943e-13 9.27681e-14 5.61668e-14 3.39463e-14 2.04813e-14 1.23365e-14 7.41845e-15 4.4539e-15 2.66987e-15 1.59801e-15 9.55036e-16 5.69941e-16 3.39643e-16 2.02121e-16 1.20119e-16 7.1291e-17 4.22564e-17 2.50149e-17 1.47898e-17 8.73372e-18 5.1513e-18 3.03477e-18 1.78582e-18 1.04969e-18 6.16319e-19 3.61478e-19 2.11786e-19 1.23955e-19 7.24746e-20 4.23325e-20 2.47022e-20 1.44005e-20 8.38707e-21 4.88021e-21 2.83707e-21 1.64783e-21 9.5625e-22 5.5444e-22 3.21194e-22 1.85916e-22 1.07525e-22 6.21368e-23
9.26406e-06 2.29664e-05 3.80046e-05 5.14085e-05 6.12398e-05 6.66918e-05 6.7873e-05 6.54773e-05 6.04693e-05 5.38441e-05 4.64779e-05 3.90552e-05 3.2054e-05 2.57648e-05 2.03274e-05 1.57707e-05 1.20509e-05 9.08175e-06 6.75777e-06 4.97003e-06 3.61593e-06 2.6045e-06 1.85854e-06 1.31472e-06 9.22451e-07 6.42276e-07 4.4398e-07 3.04822e-07 2.07937e-07 1.40983e-07 9.5036e-08 6.37118e-08 4.24891e-08 2.81946e-08 1.86203e-08 1.22413e-08 8.01261e-09 5.22285e-09 3.3908e-09 2.19293e-09 1.413e-09 9.07227e-10 5.805e-10 3.70216e-10 2.35356e-10 1.49164e-10 9.42564e-11 5.939e-11 3.73174e-11 2.33853e-11 1.46166e-11 9.11284e-12 5.66762e-12 3.51656e-12 2.17689e-12 1.34457e-12 8.28681e-13 5.09653e-13 3.12803e-13 1.91601e-13 1.17134e-13 7.1473e-14 4.35313e-14 2.64655e-14 1.60619e-14 9.73127e-15 5.88598e-15 3.55435e-15 2.14294e-15 1.28999e-15 7.75359e-16 4.65345e-16 2.7888e-16 1.66896e-16 9.97399e-17 5.95256e-17 3.54782e-17 2.11181e-17 1.25543e-17 7.45404e-18 4.42037e-18 2.61822e-18 1.54897e-18 9.15336e-19 5.40291e-19 3.18562e-19 1.87624e-19 1.10388e-19 6.48781e-20 3.80917e-20 2.23421e-20 1.30915e-20 7.66355e-21 4.48185e-21 2.61865e-21 1.52861e-21 8.91499e-22 5.19469e-22 3.02425e-22 1.75914e-22 1.02239e-22
4.83257e-06 1.2611e-05 2.17173e-05 3.03913e-05 3.73096e-05 4.17565e-05 4.35799e-05 4.30404e-05 4.06353e-05 3.69466e-05 3.25317e-05 2.78596e-05 2.32848e-05 1.90462e-05 1.5282e-05 1.20509e-05 9.35475e-06 7.15845e-06 5.40629e-06 4.0339e-06 2.97641e-06 2.17346e-06 1.57185e-06 1.12655e-06 8.00597e-07 5.64451e-07 3.94994e-07 2.74466e-07 1.89447e-07 1.2994e-07 8.85915e-08 6.00572e-08 4.0493e-08 2.71611e-08 1.81288e-08 1.20431e-08 7.96428e-09 5.24412e-09 3.43869e-09 2.24585e-09 1.46118e-09 9.4716e-10 6.11786e-10 3.93812e-10 2.52664e-10 1.61589e-10 1.03025e-10 6.54913e-11 4.15117e-11 2.6239e-11 1.65406e-11 1.03996e-11 6.52203e-12 4.08017e-12 2.54644e-12 1.58556e-12 9.85032e-13 6.10612e-13 3.77705e-13 2.33152e-13 1.43631e-13 8.8308e-14 5.419e-14 3.31915e-14 2.02928e-14 1.23846e-14 7.54522e-15 4.58907e-15 2.7865e-15 1.68924e-15 1.02244e-15 6.1789e-16 3.72848e-16 2.24652e-16 1.35164e-16 8.12082e-17 4.87234e-17 2.91935e-17 1.74687e-17 1.04392e-17 6.23053e-18 3.71398e-18 2.21117e-18 1.31488e-18 7.80976e-19 4.63329e-19 2.74567e-19 1.62527e-19 9.61016e-20 5.67637e-20 3.3493e-20 1.97419e-20 1.16248e-20 6.83827e-21 4.01868e-21 2.35941e-21 1.38393e-21 8.10998e-22 4.7482e-22 2.77746e-22 1.62324e-22
2.5209e-06 6.90746e-06 1.23589e-05 1.78692e-05 2.25827e-05 2.59496e-05 2.77498e-05 2.80353e-05 2.70398e-05 2.5087e-05 2.25179e-05 1.96414e-05 1.67078e-05 1.38999e-05 1.13364e-05 9.08175e-06 7.15845e-06 5.5596e-06 4.25969e-06 3.22322e-06 2.41093e-06 1.78412e-06 1.30716e-06 9.48809e-07 6.82708e-07 4.87221e-07 3.45033e-07 2.42564e-07 1.69355e-07 1.17471e-07 8.09785e-08 5.54944e-08 3.78173e-08 2.56335e-08 1.72865e-08 1.16007e-08 7.74868e-09 5.1526e-09 3.4116e-09 2.24955e-09 1.47744e-09 9.66644e-10 6.30122e-10 4.09302e-10 2.64958e-10 1.70953e-10 1.09949e-10 7.04963e-11 4.50656e-11 2.87257e-11 1.82592e-11 1.15748e-11 7.31818e-12 4.61514e-12 2.90329e-12 1.82201e-12 1.14077e-12 7.12612e-13 4.4417e-13 2.76255e-13 1.71459e-13 1.062e-13 6.56484e-14 4.05025e-14 2.49412e-14 1.53303e-14 9.40596e-15 5.76092e-15 3.52237e-15 2.15005e-15 1.31024e-15 7.97185e-16 4.84268e-16 2.93729e-16 1.77893e-16 1.0758e-16 6.49652e-17 3.9176e-17 2.35918e-17 1.41878e-17 8.52113e-18 5.11112e-18 3.06184e-18 1.83193e-18 1.09472e-18 6.53401e-19 3.89533e-19 2.31957e-19 1.37968e-19 8.19726e-20 4.86501e-20 2.88425e-20 1.70814e-20 1.01057e-20 5.97264e-21 3.52641e-21 2.08004e-21 1.22572e-21 7.21605e-22 4.24425e-22 2.49404e-22
1.31502e-06 3.77486e-06 7.0067e-06 1.04547e-05 1.35878e-05 1.60167e-05 1.75358e-05 1.81099e-05 1.78318e-05 1.68712e-05 1.54284e-05 1.36995e-05 1.18542e-05 1.00254e-05 8.30717e-06 6.75777e-06 5.40629e-06 4.25969e-06 3.30972e-06 2.53873e-06 1.9243e-06 1.44255e-06 1.07034e-06 7.86568e-07 5.72846e-07 4.13679e-07 2.96366e-07 2.1073e-07 1.48777e-07 1.04332e-07 7.26974e-08 5.03478e-08 3.46679e-08 2.37397e-08 1.61708e-08 1.09597e-08 7.39216e-09 4.96288e-09 3.31717e-09 2.20775e-09 1.46337e-09 9.66147e-10 6.35453e-10 4.16421e-10 2.71924e-10 1.76963e-10 1.14785e-10 7.42172e-11 4.78393e-11 3.07446e-11 1.97014e-11 1.25895e-11 8.02303e-12 5.09944e-12 3.23292e-12 2.04449e-12 1.28981e-12 8.11795e-13 5.09767e-13 3.19397e-13 1.99686e-13 1.24579e-13 7.75624e-14 4.81931e-14 2.98861e-14 1.84979e-14 1.14279e-14 7.04731e-15 4.33817e-15 2.66585e-15 1.63541e-15 1.00161e-15 6.12446e-16 3.73892e-16 2.27904e-16 1.38706e-16 8.42938e-17 5.1152e-17 3.09963e-17 1.87564e-17 1.13343e-17 6.84005e-18 4.12241e-18 2.48132e-18 1.49164e-18 8.95584e-19 5.37056e-19 3.21672e-19 1.92441e-19 1.14996e-19 6.86394e-20 4.09245e-20 2.43735e-20 1.45006e-20 8.61783e-21 5.11634e-21 3.03443e-21 1.79788e-21 1.06418e-21 6.2929e-22 3.71767e-22
6.85976e-07 2.05866e-06 3.95869e-06 6.08905e-06 8.13117e-06 9.8242e-06 1.10042e-05 1.16092e-05 1.16626e-05 1.12461e-05 1.04722e-05 9.46105e-06 8.32374e-06 7.15303e-06 6.01916e-06 4.97003e-06 4.0339e-06 3.22322e-06 2.53873e-06 1.97331e-06 1.51517e-06 1.15025e-06 8.64022e-07 6.4263e-07 4.73556e-07 3.45939e-07 2.50648e-07 1.80205e-07 1.28614e-07 9.11589e-08 6.41871e-08 4.49134e-08 3.12402e-08 2.16064e-08 1.48625e-08 1.01705e-08 6.92528e-09 4.69311e-09 3.1659e-09 2.12631e-09 1.42207e-09 9.47215e-10 6.28459e-10 4.15399e-10 2.73573e-10 1.79536e-10 1.17424e-10 7.6548e-11 4.97428e-11 3.22248e-11 2.08139e-11 1.34049e-11 8.609e-12 5.51393e-12 3.52226e-12 2.24423e-12 1.42636e-12 9.0435e-13 5.72029e-13 3.60995e-13 2.27307e-13 1.42816e-13 8.95403e-14 5.60222e-14 3.49804e-14 2.17988e-14 1.35582e-14 8.41704e-15 5.21577e-15 3.22625e-15 1.99213e-15 1.22798e-15 7.55681e-16 4.64274e-16 2.84782e-16 1.7441e-16 1.0665e-16 6.51173e-17 3.97002e-17 2.41692e-17 1.46932e-17 8.92007e-18 5.40791e-18 3.27424e-18 1.97981e-18 1.19559e-18 7.2109e-19 4.34371e-19 2.6134e-19 1.57048e-19 9.42653e-20 5.6516e-20 3.38454e-20 2.02464e-20 1.20982e-20 7.22149e-21 4.30602e-21 2.56493e-21 1.52627e-21 9.07304e-22 5.38822e-22
3.57838e-07 1.12059e-06 2.22954e-06 3.53163e-06 4.84144e-06 5.99118e-06 6.86103e-06 7.38963e-06 7.56978e-06 7.43559e-06 7.04688e-06 6.47453e-06 5.78902e-06 5.05278e-06 4.31612e-06 3.61593e-06 2.97641e-06 2.41093e-06 1.9243e-06 1.51517e-06 1.17813e-06 9.05432e-07 6.8833e-07 5.17994e-07 3.86115e-07 2.85248e-07 2.08963e-07 1.51865e-07 1.09542e-07 7.84521e-08 5.5807e-08 3.94436e-08 2.77078e-08 1.93503e-08 1.34383e-08 9.28293e-09 6.37974e-09 4.36306e-09 2.96987e-09 2.01243e-09 1.35774e-09 9.12209e-10 6.10412e-10 4.06879e-10 2.70197e-10 1.78781e-10 1.17882e-10 7.74641e-11 5.07381e-11 3.31277e-11 2.15632e-11 1.39941e-11 9.05567e-12 5.84359e-12 3.76059e-12 2.41371e-12 1.54524e-12 9.86783e-13 6.28624e-13 3.99514e-13 2.53321e-13 1.60263e-13 1.01169e-13 6.37282e-14 4.00601e-14 2.5131e-14 1.57343e-14 9.83199e-15 6.13218e-15 3.81756e-15 2.37231e-15 1.4716e-15 9.11297e-16 5.63371e-16 3.47705e-16 2.14252e-16 1.3181e-16 8.09657e-17 4.96583e-17 3.04114e-17 1.85971e-17 1.13562e-17 6.92488e-18 4.2169e-18 2.56441e-18 1.55743e-18 9.44631e-19 5.72219e-19 3.46194e-19 2.0919e-19 1.26252e-19 7.61063e-20 4.58243e-20 2.75597e-20 1.65563e-20 9.93506e-21 5.95533e-21 3.56596e-21 2.13299e-21 1.27454e-21 7.60804e-22
1.86665e-07 6.08913e-07 1.25202e-06 2.04045e-06 2.86932e-06 3.63419e-06 4.25235e-06 4.67306e-06 4.87864e-06 4.87913e-06 4.70399e-06 4.39338e-06 3.99054e-06 3.53621e-06 3.06516e-06 2.6045e-06 2.17346e-06 1.78412e-06 1.44255e-06 1.15025e-06 9.05432e-07 7.04243e-07 5.41685e-07 4.1233e-07 3.10814e-07 2.3215e-07 1.71902e-07 1.26255e-07 9.20158e-08 6.65729e-08 4.78315e-08 3.41398e-08 2.42144e-08 1.70718e-08 1.19673e-08 8.3431e-09 5.78601e-09 3.9925e-09 2.74165e-09 1.87397e-09 1.27519e-09 8.64013e-10 5.83e-10 3.91818e-10 2.62317e-10 1.74966e-10 1.16284e-10 7.70153e-11 5.08362e-11 3.34468e-11 2.19364e-11 1.43432e-11 9.35055e-12 6.07824e-12 3.94005e-12 2.5471e-12 1.64226e-12 1.05614e-12 6.77505e-13 4.33557e-13 2.7679e-13 1.76299e-13 1.1204e-13 7.10462e-14 4.4955e-14 2.83862e-14 1.78875e-14 1.12493e-14 7.06087e-15 4.42348e-15 2.76606e-15 1.72651e-15 1.07574e-15 6.69092e-16 4.15457e-16 2.57539e-16 1.59387e-16 9.84841e-17 6.07576e-17 3.74256e-17 2.30189e-17 1.41371e-17 8.66975e-18 5.30931e-18 3.24688e-18 1.9829e-18 1.20936e-18 7.3661e-19 4.48084e-19 2.72227e-19 1.65182e-19 1.00106e-19 6.05954e-20 3.66357e-20 2.21241e-20 1.33454e-20 8.04098e-21 4.83959e-21 2.90962e-21 1.74743e-21 1.04835e-21
9.73733e-08 3.30345e-07 7.01192e-07 1.17471e-06 1.69321e-06 2.19356e-06 2.62096e-06 2.93725e-06 3.12363e-06 3.17916e-06 3.11667e-06 2.95778e-06 2.72813e-06 2.45354e-06 2.15728e-06 1.85854e-06 1.57185e-06 1.30716e-06 1.07034e-06 8.64022e-07 6.8833e-07 5.41685e-07 4.21441e-07 3.24407e-07 2.47228e-07 1.86647e-07 1.39668e-07 1.03642e-07 7.63031e-08 5.57557e-08 4.04523e-08 2.91511e-08 2.0872e-08 1.48525e-08 1.05071e-08 7.3913e-09 5.17156e-09 3.59981e-09 2.49336e-09 1.71879e-09 1.17943e-09 8.05764e-10 5.48149e-10 3.71374e-10 2.50616e-10 1.6848e-10 1.12846e-10 7.53135e-11 5.00912e-11 3.32046e-11 2.19395e-11 1.44508e-11 9.4893e-12 6.21285e-12 4.05601e-12 2.64055e-12 1.7144e-12 1.11015e-12 7.17029e-13 4.6196e-13 2.96903e-13 1.90367e-13 1.21777e-13 7.77249e-14 4.94992e-14 3.14559e-14 1.99479e-14 1.26241e-14 7.97327e-15 5.02601e-15 3.16213e-15 1.98575e-15 1.24473e-15 7.78846e-16 4.86482e-16 3.03345e-16 1.88834e-16 1.17357e-16 7.28179e-17 4.51111e-17 2.79034e-17 1.72334e-17 1.06278e-17 6.54453e-18 4.02433e-18 2.47116e-18 1.51533e-18 9.27958e-19 5.67509e-19 3.46617e-19 2.11433e-19 1.28809e-19 7.83764e-20 4.76317e-20 2.89127e-20 1.75295e-20 1.06158e-20 6.42153e-21 3.88008e-21 2.34189e-21 1.41196e-21
5.07945e-08 1.78952e-07 3.9172e-07 6.74049e-07 9.95185e-07 1.31791e-06 1.60712e-06 1.83577e-06 1.98773e-06 2.05794e-06 2.05064e-06 1.97669e-06 1.85075e-06 1.68866e-06 1.5056e-06 1.31472e-06 1.12655e-06 9.48809e-07 7.86568e-07 6.4263e-07 5.17994e-07 4.1233e-07 3.24407e-07 2.5246e-07 1.94468e-07 1.48363e-07 1.12166e-07 8.40778e-08 6.25147e-08 4.61263e-08 3.37869e-08 2.45774e-08 1.77605e-08 1.27537e-08 9.10337e-09 6.46051e-09 4.55969e-09 3.20116e-09 2.23602e-09 1.55426e-09 1.07532e-09 7.40606e-10 5.07865e-10 3.46807e-10 2.35867e-10 1.5979e-10 1.07843e-10 7.25175e-11 4.85913e-11 3.24478e-11 2.15959e-11 1.43271e-11 9.47514e-12 6.24737e-12 4.10705e-12 2.69227e-12 1.75994e-12 1.14736e-12 7.46036e-13 4.83843e-13 3.13014e-13 2.02007e-13 1.30058e-13 8.35416e-14 5.35411e-14 3.42385e-14 2.18478e-14 1.3912e-14 8.84051e-15 5.60654e-15 3.54863e-15 2.24179e-15 1.41356e-15 8.89681e-16 5.58953e-16 3.50553e-16 2.19474e-16 1.37177e-16 8.55973e-17 5.33257e-17 3.31683e-17 2.05984e-17 1.27727e-17 7.90826e-18 4.88924e-18 3.01839e-18 1.86078e-18 1.14555e-18 7.04267e-19 4.32395e-19 2.65126e-19 1.62354e-19 9.92937e-20 6.06511e-20 3.70018e-20 2.25467e-20 1.37223e-20 8.34191e-21 5.0653e-21 3.07224e-21 1.86132e-21
2.64968e-08 9.68075e-08 2.18325e-07 3.85577e-07 5.82736e-07 7.88408e-07 9.8071e-07 1.14129e-06 1.25767e-06 1.324e-06 1.34046e-06 1.31197e-06 1.24649e-06 1.15348e-06 1.04254e-06 9.22451e-07 8.00597e-07 6.82708e-07 5.72846e-07 4.73556e-07 3.86115e-07 3.10814e-07 2.47228e-07 1.94468e-07 1.51375e-07 1.16677e-07 8.91032e-08 6.74527e-08 5.06417e-08 3.77231e-08 2.78912e-08 2.04762e-08 1.49312e-08 1.08178e-08 7.78954e-09 5.57602e-09 3.96905e-09 2.80995e-09 1.97904e-09 1.38689e-09 9.67269e-10 6.71497e-10 4.64096e-10 3.19379e-10 2.18879e-10 1.49405e-10 1.01588e-10 6.88173e-11 4.64492e-11 3.12417e-11 2.09418e-11 1.39914e-11 9.31794e-12 6.18627e-12 4.09474e-12 2.70241e-12 1.77844e-12 1.16713e-12 7.63887e-13 4.98652e-13 3.24679e-13 2.10876e-13 1.36629e-13 8.8314e-14 5.69522e-14 3.66447e-14 2.35263e-14 1.50717e-14 9.6351e-15 6.14692e-15 3.91368e-15 2.48691e-15 1.57725e-15 9.9844e-16 6.30877e-16 3.97909e-16 2.50529e-16 1.57463e-16 9.88019e-17 6.18914e-17 3.87069e-17 2.41687e-17 1.50674e-17 9.37902e-18 5.82938e-18 3.6178e-18 2.24201e-18 1.38743e-18 8.57386e-19 5.2911e-19 3.26084e-19 2.00695e-19 1.23361e-19 7.57293e-20 4.64305e-20 2.84318e-20 1.73891e-20 1.06226e-20 6.48142e-21 3.9501e-21 2.40465e-21
1.3822e-08 5.23031e-08 1.2142e-07 2.19926e-07 3.40032e-07 4.69744e-07 5.95757e-07 7.06017e-07 7.9148e-07 8.46914e-07 8.70886e-07 8.65167e-07 8.33842e-07 7.82345e-07 7.16587e-07 6.42276e-07 5.64451e-07 4.87221e-07 4.13679e-07 3.45939e-07 2.85248e-07 2.3215e-07 1.86647e-07 1.48363e-07 1.16677e-07 9.08418e-08 7.00607e-08 5.35526e-08 4.05894e-08 3.05184e-08 2.27721e-08 1.68693e-08 1.24106e-08 9.07047e-09 6.58767e-09 4.75576e-09 3.41352e-09 2.4366e-09 1.73006e-09 1.22214e-09 8.59112e-10 6.01074e-10 4.18629e-10 2.90284e-10 2.00437e-10 1.37833e-10 9.44085e-11 6.44179e-11 4.37918e-11 2.96634e-11 2.00234e-11 1.34707e-11 9.03279e-12 6.03772e-12 4.02331e-12 2.67295e-12 1.77064e-12 1.16961e-12 7.70456e-13 5.06161e-13 3.31659e-13 2.16763e-13 1.41318e-13 9.19089e-14 5.96332e-14 3.86024e-14 2.49322e-14 1.60675e-14 1.03324e-14 6.63044e-15 4.24607e-15 2.71368e-15 1.73092e-15 1.10193e-15 7.00192e-16 4.44095e-16 2.81158e-16 1.77687e-16 1.121e-16 7.06025e-17 4.43925e-17 2.78669e-17 1.74651e-17 1.09288e-17 6.82812e-18 4.25964e-18 2.65338e-18 1.65041e-18 1.02509e-18 6.35801e-19 3.93803e-19 2.43583e-19 1.50465e-19 9.28228e-20 5.7189e-20 3.51901e-20 2.16265e-20 1.32745e-20 8.13816e-21 4.98332e-21 3.04792e-21
7.21021e-09 2.82247e-08 6.73895e-08 1.25102e-07 1.97762e-07 2.78822e-07 3.60373e-07 4.34719e-07 4.95586e-07 5.38815e-07 5.6256e-07 5.67072e-07 5.54252e-07 5.27092e-07 4.8913e-07 4.4398e-07 3.94994e-07 3.45033e-07 2.96366e-07 2.50648e-07 2.08963e-07 1.71902e-07 1.39668e-07 1.12166e-07 8.91032e-08 7.00607e-08 5.45583e-08 4.21003e-08 3.22078e-08 2.4439e-08 1.84005e-08 1.37519e-08 1.02056e-08 7.52298e-09 5.51002e-09 4.01094e-09 2.90257e-09 2.08866e-09 1.49485e-09 1.0643e-09 7.53977e-10 5.31563e-10 3.7302e-10 2.60592e-10 1.81264e-10 1.25558e-10 8.66213e-11 5.95258e-11 4.07513e-11 2.77962e-11 1.88924e-11 1.27965e-11 8.63858e-12 5.81277e-12 3.89901e-12 2.60732e-12 1.73836e-12 1.15564e-12 7.66094e-13 5.06462e-13 3.33925e-13 2.19592e-13 1.44039e-13 9.42466e-14 6.15176e-14 4.00596e-14 2.60262e-14 1.68709e-14 1.09121e-14 7.04273e-15 4.53588e-15 2.91533e-15 1.87e-15 1.19712e-15 7.64884e-16 4.87792e-16 3.10506e-16 1.97296e-16 1.2514e-16 7.92353e-17 5.00842e-17 3.1605e-17 1.99112e-17 1.2524e-17 7.86502e-18 4.93157e-18 3.08752e-18 1.93012e-18 1.20482e-18 7.50995e-19 4.6745e-19 2.90556e-19 1.80356e-19 1.11802e-19 6.92137e-20 4.27929e-20 2.64239e-20 1.62958e-20 1.00374e-20 6.17496e-21 3.79428e-21
3.76119e-09 1.52141e-08 3.73309e-08 7.09825e-08 1.14663e-07 1.64909e-07 2.1712e-07 2.66499e-07 3.08838e-07 3.41055e-07 3.61427e-07 3.69562e-07 3.66198e-07 3.52891e-07 3.31689e-07 3.04822e-07 2.74466e-07 2.42564e-07 2.1073e-07 1.80205e-07 1.51865e-07 1.26255e-07 1.03642e-07 8.40778e-08 6.74527e-08 5.35526e-08 4.21003e-08 3.27908e-08 2.53161e-08 1.93828e-08 1.47229e-08 1.10993e-08 8.30766e-09 6.17564e-09 4.56078e-09 3.34714e-09 2.44174e-09 1.77102e-09 1.27746e-09 9.16559e-10 6.54267e-10 4.64741e-10 3.28554e-10 2.31214e-10 1.61996e-10 1.13016e-10 7.85212e-11 5.43374e-11 3.74569e-11 2.57241e-11 1.76025e-11 1.20027e-11 8.15642e-12 5.52435e-12 3.72961e-12 2.51008e-12 1.68418e-12 1.12669e-12 7.51563e-13 4.99929e-13 3.31638e-13 2.19413e-13 1.44787e-13 9.53012e-14 6.25737e-14 4.09862e-14 2.6783e-14 1.74614e-14 1.13586e-14 7.37246e-15 4.77493e-15 3.08609e-15 1.99048e-15 1.28124e-15 8.23092e-16 5.2775e-16 3.37743e-16 2.15745e-16 1.37565e-16 8.75594e-17 5.5634e-17 3.52886e-17 2.23461e-17 1.41271e-17 8.91671e-18 5.61912e-18 3.53554e-18 2.22116e-18 1.39333e-18 8.72744e-19 5.45874e-19 3.40941e-19 2.12647e-19 1.32448e-19 8.23837e-20 5.11755e-20 3.17479e-20 1.96703e-20 1.21719e-20 7.52251e-21 4.64342e-21
1.96201e-09 8.19245e-09 2.06428e-08 4.0179e-08 6.62896e-08 9.72076e-08 1.3032e-07 1.62697e-07 1.91598e-07 2.14841e-07 2.31019e-07 2.39545e-07 2.40577e-07 2.34861e-07 2.23534e-07 2.07937e-07 1.89447e-07 1.69355e-07 1.48777e-07 1.28614e-07 1.09542e-07 9.20158e-08 7.63031e-08 6.25147e-08 5.06417e-08 4.05894e-08 3.22078e-08 2.53161e-08 1.97214e-08 1.5233e-08 1.16715e-08 8.87425e-09 6.69815e-09 5.02046e-09 3.73793e-09 2.76531e-09 2.03328e-09 1.48629e-09 1.08033e-09 7.81018e-10 5.61695e-10 4.01939e-10 2.86232e-10 2.02886e-10 1.43162e-10 1.00581e-10 7.03677e-11 4.90304e-11 3.40287e-11 2.35271e-11 1.62063e-11 1.11235e-11 7.60824e-12 5.18632e-12 3.52377e-12 2.38654e-12 1.61131e-12 1.08463e-12 7.2795e-13 4.87169e-13 3.25121e-13 2.16386e-13 1.43636e-13 9.50979e-14 6.28034e-14 4.13738e-14 2.71909e-14 1.78279e-14 1.16621e-14 7.61171e-15 4.95716e-15 3.22145e-15 2.08909e-15 1.35198e-15 8.73193e-16 5.62852e-16 3.62109e-16 2.32522e-16 1.49034e-16 9.53489e-17 6.08939e-17 3.88217e-17 2.47076e-17 1.56985e-17 9.9579e-18 6.30631e-18 3.98744e-18 2.5173e-18 1.58675e-18 9.98692e-19 6.27641e-19 3.93877e-19 2.46825e-19 1.54457e-19 9.65224e-20 6.02364e-20 3.75414e-20 2.33664e-20 1.45248e-20 9.01736e-21 5.59119e-21
1.02348e-09 4.40713e-09 1.13956e-08 2.26917e-08 3.82187e-08 5.71188e-08 7.79423e-08 9.89383e-08 1.1836e-07 1.34719e-07 1.46949e-07 1.54476e-07 1.57201e-07 1.5543e-07 1.49764e-07 1.40983e-07 1.2994e-07 1.17471e-07 1.04332e-07 9.11589e-08 7.84521e-08 6.65729e-08 5.57557e-08 4.61263e-08 3.77231e-08 3.05184e-08 2.4439e-08 1.93828e-08 1.5233e-08 1.18685e-08 9.17142e-09 7.03198e-09 5.35156e-09 4.04382e-09 3.03494e-09 2.26299e-09 1.6769e-09 1.23519e-09 9.04619e-10 6.58874e-10 4.77345e-10 3.44066e-10 2.46781e-10 1.76164e-10 1.25178e-10 8.85551e-11 6.23789e-11 4.37583e-11 3.05731e-11 2.12779e-11 1.4753e-11 1.01916e-11 7.01557e-12 4.81267e-12 3.29045e-12 2.24238e-12 1.52332e-12 1.03165e-12 6.96579e-13 4.68966e-13 3.1483e-13 2.10769e-13 1.40722e-13 9.37069e-14 6.22392e-14 4.12348e-14 2.7252e-14 1.79677e-14 1.18187e-14 7.75623e-15 5.07879e-15 3.31832e-15 2.16345e-15 1.40755e-15 9.13881e-16 5.92165e-16 3.82949e-16 2.47173e-16 1.59236e-16 1.02394e-16 6.57234e-17 4.21107e-17 2.69343e-17 1.71978e-17 1.09626e-17 6.97642e-18 4.43251e-18 2.81174e-18 1.78082e-18 1.12616e-18 7.1109e-19 4.48337e-19 2.82262e-19 1.7745e-19 1.11401e-19 6.98396e-20 4.37242e-20 2.73375e-20 1.70696e-20 1.06445e-20 6.62939e-21
5.33895e-10 2.36864e-09 6.28084e-09 1.27883e-08 2.19775e-08 3.34621e-08 4.64591e-08 5.99426e-08 7.28235e-08 8.41135e-08 9.30448e-08 9.91345e-08 1.02197e-07 1.02315e-07 9.97817e-08 9.5036e-08 8.85915e-08 8.09785e-08 7.26974e-08 6.41871e-08 5.5807e-08 4.78315e-08 4.04523e-08 3.37869e-08 2.78912e-08 2.27721e-08 1.84005e-08 1.47229e-08 1.16715e-08 9.17142e-09 7.1468e-09 5.52496e-09 4.23888e-09 3.2287e-09 2.4423e-09 1.83524e-09 1.37035e-09 1.01701e-09 7.50383e-10 5.50553e-10 4.01762e-10 2.9166e-10 2.10672e-10 1.51438e-10 1.08351e-10 7.71738e-11 5.47282e-11 3.86473e-11 2.718e-11 1.90397e-11 1.32863e-11 9.23692e-12 6.39854e-12 4.41682e-12 3.03849e-12 2.08336e-12 1.42387e-12 9.70091e-13 6.58914e-13 4.46223e-13 3.01312e-13 2.02887e-13 1.36237e-13 9.12361e-14 6.09397e-14 4.05996e-14 2.69809e-14 1.78868e-14 1.18296e-14 7.80536e-15 5.13838e-15 3.37512e-15 2.2121e-15 1.44674e-15 9.44213e-16 6.14976e-16 3.99738e-16 2.59321e-16 1.67905e-16 1.0851e-16 6.99956e-17 4.50695e-17 2.89682e-17 1.85866e-17 1.19052e-17 7.61269e-18 4.85985e-18 3.09744e-18 1.97102e-18 1.25227e-18 7.94397e-19 5.03176e-19 3.18241e-19 2.00983e-19 1.26747e-19 7.9818e-20 5.01952e-20 3.15231e-20 1.97703e-20 1.23828e-20 7.74574e-21
2.78505e-10 1.27194e-09 3.45658e-09 7.19252e-09 1.26071e-08 1.95475e-08 2.76045e-08 3.6189e-08 4.46352e-08 5.23023e-08 5.86571e-08 6.33264e-08 6.61172e-08 6.70094e-08 6.61295e-08 6.37118e-08 6.00572e-08 5.54944e-08 5.03478e-08 4.49134e-08 3.94436e-08 3.41398e-08 2.91511e-08 2.45774e-08 2.04762e-08 1.68693e-08 1.37519e-08 1.10993e-08 8.87425e-09 7.03198e-09 5.52496e-09 4.3059e-09 3.33003e-09 2.55643e-09 1.94878e-09 1.47559e-09 1.11011e-09 8.29997e-10 6.16886e-10 4.55881e-10 3.35051e-10 2.44945e-10 1.7816e-10 1.28948e-10 9.28864e-11 6.66032e-11 4.75454e-11 3.37953e-11 2.39219e-11 1.68649e-11 1.18434e-11 8.2855e-12 5.77516e-12 4.01104e-12 2.77615e-12 1.91497e-12 1.3166e-12 9.02315e-13 6.16471e-13 4.19905e-13 2.85172e-13 1.93114e-13 1.30407e-13 8.78215e-14 5.89848e-14 3.95136e-14 2.64026e-14 1.75982e-14 1.17012e-14 7.76182e-15 5.13673e-15 3.39173e-15 2.23455e-15 1.46898e-15 9.63636e-16 6.30819e-16 4.12105e-16 2.68684e-16 1.74833e-16 1.13545e-16 7.36028e-17 4.7623e-17 3.07575e-17 1.98295e-17 1.27618e-17 8.19914e-18 5.25887e-18 3.36743e-18 2.15278e-18 1.37406e-18 8.75653e-19 5.57171e-19 3.53987e-19 2.24563e-19 1.42251e-19 8.99799e-20 5.68356e-20 3.58501e-20 2.25821e-20 1.42054e-20 8.92412e-21
1.45281e-10 6.82462e-10 1.89959e-09 4.03758e-09 7.21508e-09 1.13883e-08 1.63519e-08 2.17753e-08 2.72588e-08 3.23953e-08 3.68253e-08 4.02753e-08 4.2578e-08 4.36753e-08 4.36066e-08 4.24891e-08 4.0493e-08 3.78173e-08 3.46679e-08 3.12402e-08 2.77078e-08 2.42144e-08 2.0872e-08 1.77605e-08 1.49312e-08 1.24106e-08 1.02056e-08 8.30766e-09 6.69815e-09 5.35156e-09 4.23888e-09 3.33003e-09 2.59562e-09 2.00808e-09 1.54246e-09 1.17673e-09 8.91837e-10 6.7168e-10 5.02822e-10 3.74234e-10 2.76977e-10 2.03895e-10 1.49319e-10 1.08805e-10 7.89006e-11 5.69488e-11 4.09192e-11 2.92733e-11 2.08534e-11 1.47946e-11 1.04544e-11 7.35909e-12 5.16085e-12 3.60611e-12 2.51086e-12 1.74227e-12 1.20491e-12 8.30588e-13 5.70743e-13 3.90982e-13 2.67035e-13 1.81848e-13 1.23484e-13 8.36181e-14 5.6469e-14 3.80337e-14 2.55505e-14 1.71211e-14 1.14443e-14 7.63128e-15 5.07665e-15 3.3694e-15 2.23123e-15 1.47426e-15 9.71985e-16 6.39475e-16 4.1984e-16 2.75079e-16 1.79872e-16 1.17387e-16 7.64613e-17 4.97101e-17 3.22585e-17 2.08957e-17 1.35113e-17 8.72123e-18 5.6197e-18 3.61508e-18 2.32168e-18 1.48862e-18 9.52947e-19 6.09078e-19 3.88694e-19 2.47675e-19 1.57583e-19 1.00115e-19 6.35133e-20 4.02357e-20 2.54538e-20 1.60804e-20 1.0145e-20
