0.161595 0.084164 0.0438354 0.0228309 0.0118911 0.00619329 0.00322567 0.00168004 0.000875019 0.000455739 0.000237364 0.000123627 6.43891e-05 3.3536e-05 1.74667e-05 9.09723e-06 4.73814e-06 2.46778e-06 1.2853e-06 6.69428e-07 3.48661e-07 1.81594e-07 9.45802e-08 4.92605e-08 2.56565e-08 1.33628e-08 6.95978e-09 3.62488e-09 1.88796e-09 9.83313e-10 5.12142e-10 2.66741e-10 1.38927e-10 7.2358e-11 3.76865e-11 1.96284e-11 1.02231e-11 5.32454e-12 2.7732e-12 1.44437e-12 7.52278e-13 3.91811e-13 2.04068e-13 1.06286e-13 5.53571e-14 2.88318e-14 1.50166e-14 7.82113e-15 4.07351e-15 2.12162e-15 1.10501e-15 5.75526e-16 2.99753e-16 1.56121e-16 8.13132e-17 4.23506e-17 2.20576e-17 1.14883e-17 5.98351e-18 3.11641e-18 1.62313e-18 8.45381e-19 4.40303e-19 2.29324e-19 1.1944e-19 6.22082e-20 3.24001e-20 1.6875e-20 8.78909e-21 4.57765e-21 2.38419e-21 1.24177e-21 6.46754e-22 3.36851e-22 1.75443e-22 9.13766e-23 4.7592e-23 2.47875e-23 1.29102e-23 6.72404e-24 3.5021e-24 1.82401e-24 9.50007e-25 4.94795e-25 2.57706e-25 1.34222e-25 6.99072e-26 3.641e-26 1.89635e-26 9.87684e-27 5.14419e-27 2.67926e-27 1.39545e-27 7.26797e-28 3.7854e-28 1.97156e-28 1.02686e-28 5.34821e-29 2.78552e-29 1.45079e-29 7.55622e-30
0.084164 0.0548248 0.0342782 0.0208343 0.0124038 0.007269 0.00420712 0.00241057 0.00136976 0.000772922 0.000433557 0.000241953 0.000134425 7.43916e-05 4.10263e-05 2.25557e-05 1.23664e-05 6.76306e-06 3.69025e-06 2.00941e-06 1.0921e-06 5.92511e-07 3.20949e-07 1.73593e-07 9.37629e-08 5.05797e-08 2.72523e-08 1.46672e-08 7.88569e-09 4.23552e-09 2.27287e-09 1.21862e-09 6.52836e-10 3.49467e-10 1.86935e-10 9.99247e-11 5.3379e-11 2.84968e-11 1.52042e-11 8.10743e-12 4.32085e-12 2.3016e-12 1.2254e-12 6.52105e-13 3.46866e-13 1.84424e-13 9.80149e-14 5.20706e-14 2.7652e-14 1.46791e-14 7.78965e-15 4.13226e-15 2.19136e-15 1.16172e-15 6.15678e-16 3.26195e-16 1.72773e-16 9.14862e-17 4.84304e-17 2.56311e-17 1.35614e-17 7.17363e-18 3.79376e-18 2.00586e-18 1.06031e-18 5.60369e-19 2.9609e-19 1.56417e-19 8.26146e-20 4.36262e-20 2.30333e-20 1.21586e-20 6.41707e-21 3.38621e-21 1.78656e-21 9.4243e-22 4.97063e-22 2.62123e-22 1.38208e-22 7.28615e-23 3.8406e-23 2.02413e-23 1.06664e-23 5.62001e-24 2.96074e-24 1.55958e-24 8.21407e-25 4.3257e-25 2.27773e-25 1.19921e-25 6.31308e-26 3.32304e-26 1.74897e-26 9.20413e-27 4.84325e-27 2.54827e-27 1.34063e-27 7.05228e-28 3.70943e-28 1.95094e-28 1.02598e-28
0.0438354 0.0342782 0.0245627 0.0166768 0.0109114 0.00694772 0.00433231 0.00265677 0.00160717 0.000961214 0.000569338 0.000334422 0.000195011 0.000112991 6.50962e-05 3.7313e-05 2.129e-05 1.20973e-05 6.84803e-06 3.86317e-06 2.17243e-06 1.21809e-06 6.81149e-07 3.79942e-07 2.11436e-07 1.17408e-07 6.50632e-08 3.59869e-08 1.9869e-08 1.09516e-08 6.02683e-09 3.31168e-09 1.81715e-09 9.95752e-10 5.4495e-10 2.97875e-10 1.62634e-10 8.86975e-11 4.83231e-11 2.63005e-11 1.43007e-11 7.76877e-12 4.21663e-12 2.28673e-12 1.23911e-12 6.70922e-13 3.63001e-13 1.96261e-13 1.06037e-13 5.72525e-14 3.08924e-14 1.66587e-14 8.97781e-15 4.83558e-15 2.60307e-15 1.40051e-15 7.53117e-16 4.04779e-16 2.17451e-16 1.16761e-16 6.26666e-17 3.36186e-17 1.80275e-17 9.66291e-18 5.1773e-18 2.77285e-18 1.4845e-18 7.94462e-19 4.25017e-19 2.27293e-19 1.21511e-19 6.49376e-20 3.46925e-20 1.85283e-20 9.89239e-21 5.28e-21 2.81732e-21 1.50285e-21 8.01436e-22 4.27271e-22 2.2773e-22 1.21345e-22 6.46418e-23 3.44266e-23 1.83303e-23 9.75748e-24 5.19284e-24 2.76294e-24 1.46974e-24 7.8165e-25 4.15615e-25 2.20941e-25 1.17428e-25 6.23995e-26 3.31514e-26 1.76091e-26 9.3517e-27 4.96549e-27 2.63604e-27 1.39915e-27 7.42507e-28
0.0228309 0.0208343 0.0166768 0.0123791 0.00874067 0.00595318 0.00394482 0.00255774 0.00162921 0.0010225 0.000633705 0.000388508 0.000235941 0.000142097 8.49465e-05 5.04453e-05 2.97778e-05 1.74825e-05 1.02133e-05 5.93953e-06 3.43975e-06 1.98439e-06 1.14071e-06 6.53554e-07 3.73288e-07 2.12594e-07 1.20749e-07 6.84083e-08 3.8663e-08 2.18023e-08 1.22683e-08 6.88956e-09 3.86161e-09 2.16052e-09 1.2067e-09 6.72866e-10 3.7461e-10 2.08249e-10 1.15602e-10 6.40855e-11 3.54803e-11 1.96188e-11 1.08352e-11 5.97724e-12 3.29372e-12 1.81305e-12 9.96988e-13 5.477e-13 3.00596e-13 1.64826e-13 9.02995e-14 4.94281e-14 2.70337e-14 1.47737e-14 8.06753e-15 4.40217e-15 2.40037e-15 1.30794e-15 7.12198e-16 3.8755e-16 2.10755e-16 1.1454e-16 6.22122e-17 3.37707e-17 1.83213e-17 9.93419e-18 5.38362e-18 2.91601e-18 1.57864e-18 8.54198e-19 4.61982e-19 2.49739e-19 1.34942e-19 7.28808e-20 3.93449e-20 2.12314e-20 1.14522e-20 6.17475e-21 3.32796e-21 1.79295e-21 9.65588e-22 5.19823e-22 2.79744e-22 1.50491e-22 8.09302e-23 4.35074e-23 2.33814e-23 1.25613e-23 6.74624e-24 3.62204e-24 1.94406e-24 1.04313e-24 5.59548e-25 3.00062e-25 1.60865e-25 8.62171e-26 4.61961e-26 2.47458e-26 1.32521e-26 7.09506e-27 3.79767e-27
0.0118911 0.0124038 0.0109114 0.00874067 0.00658868 0.00475558 0.0033214 0.00226022 0.00150585 0.000985697 0.000635603 0.000404584 0.000254638 0.000158675 9.80034e-05 6.00506e-05 3.65321e-05 2.20799e-05 1.32658e-05 7.92684e-06 4.71282e-06 2.78896e-06 1.64335e-06 9.64443e-07 5.63893e-07 3.28545e-07 1.90795e-07 1.10458e-07 6.37625e-08 3.67063e-08 2.10761e-08 1.20717e-08 6.89824e-09 3.93319e-09 2.23787e-09 1.27074e-09 7.20183e-10 4.07414e-10 2.30076e-10 1.29711e-10 7.30112e-11 4.1033e-11 2.30269e-11 1.2904e-11 7.22135e-12 4.03593e-12 2.25279e-12 1.25594e-12 6.99369e-13 3.89002e-13 2.16133e-13 1.19959e-13 6.65118e-14 3.68413e-14 2.03871e-14 1.12713e-14 6.22585e-15 3.43594e-15 1.89464e-15 1.04388e-15 5.7468e-16 3.1613e-16 1.73772e-16 9.54497e-17 5.23915e-17 2.87373e-17 1.57521e-17 8.62867e-18 4.72359e-18 2.58422e-18 1.41294e-18 7.72075e-19 4.21643e-19 2.30136e-19 1.25541e-19 6.84465e-20 3.72983e-20 2.03145e-20 1.10587e-20 6.0171e-21 3.27238e-21 1.77884e-21 9.66519e-22 5.24915e-22 2.84955e-22 1.54624e-22 8.38679e-23 4.5471e-23 2.46433e-23 1.33503e-23 7.22957e-24 3.91355e-24 2.11771e-24 1.14552e-24 6.19418e-25 3.34821e-25 1.80922e-25 9.77286e-26 5.27726e-26 2.84874e-26 1.5373e-26
0.00619329 0.007269 0.00694772 0.00595318 0.00475558 0.0036145 0.00264582 0.00188012 0.00130411 0.000886527 0.000592422 0.00039008 0.000253554 0.000162945 0.000103658 6.53446e-05 4.08548e-05 2.53529e-05 1.56259e-05 9.57064e-06 5.82808e-06 3.53011e-06 2.12762e-06 1.27642e-06 7.62462e-07 4.53615e-07 2.6885e-07 1.58775e-07 9.34531e-08 5.48309e-08 3.20739e-08 1.87086e-08 1.08832e-08 6.3147e-09 3.655e-09 2.11061e-09 1.21608e-09 6.99185e-10 4.01178e-10 2.2974e-10 1.31317e-10 7.49255e-11 4.26764e-11 2.42676e-11 1.37776e-11 7.81008e-12 4.42073e-12 2.49869e-12 1.41037e-12 7.9502e-13 4.47573e-13 2.51658e-13 1.4133e-13 7.92785e-14 4.44207e-14 2.48623e-14 1.39007e-14 7.76405e-15 4.33217e-15 2.41492e-15 1.3449e-15 7.48311e-16 4.15994e-16 2.31056e-16 1.28228e-16 7.11034e-17 3.9396e-17 2.18111e-17 1.20663e-17 6.67034e-18 3.68477e-18 2.03408e-18 1.12209e-18 6.18579e-19 3.40785e-19 1.87624e-19 1.03234e-19 5.6767e-20 3.11967e-20 1.71344e-20 9.40549e-21 5.16002e-21 2.82934e-21 1.55055e-21 8.49297e-22 4.64955e-22 2.54416e-22 1.39144e-22 7.60635e-23 4.15606e-23 2.2698e-23 1.23907e-23 6.76097e-24 3.68752e-24 2.01036e-24 1.09554e-24 5.96769e-25 3.24943e-25 1.76862e-25 9.62264e-26 5.23343e-26
0.00322567 0.00420712 0.00433231 0.00394482 0.0033214 0.00264582 0.00202138 0.00149424 0.00107532 0.000756718 0.00052248 0.000354875 0.000237602 0.00015708 0.000102681 6.64436e-05 4.26025e-05 2.70893e-05 1.70942e-05 1.07118e-05 6.66918e-06 4.1275e-06 2.54034e-06 1.55543e-06 9.47791e-07 5.7492e-07 3.47261e-07 2.08914e-07 1.2521e-07 7.47758e-08 4.45058e-08 2.64048e-08 1.56181e-08 9.21119e-09 5.41761e-09 3.17803e-09 1.85959e-09 1.08551e-09 6.32202e-10 3.67384e-10 2.13043e-10 1.23292e-10 7.12123e-11 4.10547e-11 2.36258e-11 1.35724e-11 7.78393e-12 4.45697e-12 2.54802e-12 1.45449e-12 8.29062e-13 4.71901e-13 2.68239e-13 1.52272e-13 8.63296e-14 4.88835e-14 2.76466e-14 1.56175e-14 8.81234e-15 4.96697e-15 2.79657e-15 1.57293e-15 8.83794e-16 4.96095e-16 2.78203e-16 1.55867e-16 8.72469e-17 4.87933e-17 2.72643e-17 1.52217e-17 8.4913e-18 4.733e-18 2.63607e-18 1.46705e-18 8.15849e-19 4.53374e-19 2.51763e-19 1.39709e-19 7.7475e-20 4.29347e-20 2.37777e-20 1.316e-20 7.27893e-21 4.02359e-21 2.2228e-21 1.22724e-21 6.77189e-22 3.73461e-22 2.05845e-22 1.13396e-22 6.24346e-23 3.43579e-23 1.88975e-23 1.03888e-23 5.70836e-24 3.13507e-24 1.72099e-24 9.44288e-25 5.17884e-25 2.839e-25 1.55563e-25
0.00168004 0.00241057 0.00265677 0.00255774 0.00226022 0.00188012 0.00149424 0.00114563 0.000853021 0.000619835 0.000441144 0.000308394 0.00021224 0.000144059 9.6582e-05 6.40381e-05 4.20366e-05 2.73436e-05 1.76385e-05 1.12912e-05 7.17706e-06 4.53221e-06 2.84466e-06 1.77536e-06 1.10215e-06 6.80823e-07 4.18602e-07 2.56246e-07 1.56211e-07 9.48552e-08 5.73848e-08 3.45941e-08 2.07851e-08 1.24485e-08 7.43299e-09 4.42538e-09 2.62745e-09 1.55585e-09 9.18969e-10 5.41473e-10 3.18302e-10 1.86693e-10 1.09265e-10 6.3817e-11 3.71983e-11 2.16409e-11 1.25667e-11 7.2843e-12 4.21507e-12 2.43498e-12 1.40438e-12 8.08714e-13 4.64994e-13 2.6697e-13 1.53059e-13 8.76309e-14 5.01042e-14 2.86106e-14 1.63167e-14 9.29402e-15 5.28759e-15 3.00475e-15 1.70557e-15 9.67059e-16 5.47737e-16 3.09912e-16 1.75172e-16 9.89147e-17 5.58004e-17 3.14489e-17 1.77082e-17 9.96217e-18 5.59955e-18 3.14471e-18 1.7646e-18 9.89362e-19 5.54266e-19 3.10272e-19 1.73554e-19 9.70068e-20 5.41816e-20 3.02407e-20 1.68665e-20 9.40075e-21 5.23609e-21 2.91451e-21 1.62123e-21 9.01252e-22 5.00703e-22 2.78003e-22 1.54262e-22 8.55491e-23 4.74156e-23 2.62653e-23 1.45413e-23 8.04617e-24 4.44982e-24 2.45962e-24 1.35885e-24 7.50331e-25 4.14114e-25
0.000875019 0.00136976 0.00160717 0.00162921 0.00150585 0.00130411 0.00107532 0.000853021 0.000655702 0.000490956 0.00035948 0.000258183 0.000182328 0.000126853 8.70907e-05 5.90815e-05 3.96492e-05 2.63477e-05 1.73516e-05 1.13329e-05 7.34552e-06 4.7275e-06 3.02261e-06 1.92073e-06 1.21355e-06 7.62631e-07 4.7684e-07 2.9673e-07 1.83822e-07 1.13393e-07 6.96662e-08 4.26381e-08 2.60013e-08 1.58011e-08 9.5708e-09 5.77884e-09 3.47877e-09 2.08814e-09 1.24996e-09 7.46245e-10 4.44391e-10 2.63991e-10 1.56457e-10 9.25166e-11 5.45883e-11 3.21417e-11 1.88869e-11 1.10765e-11 6.48374e-12 3.78841e-12 2.20964e-12 1.2866e-12 7.47909e-13 4.34067e-13 2.5153e-13 1.45535e-13 8.40837e-14 4.85107e-14 2.79488e-14 1.60808e-14 9.24023e-15 5.30283e-15 3.03946e-15 1.74005e-15 9.94991e-16 5.68303e-16 3.24233e-16 1.84784e-16 1.05199e-16 5.98286e-17 3.39914e-17 1.92931e-17 1.094e-17 6.19761e-18 3.50778e-18 1.98359e-18 1.1207e-18 6.32637e-19 3.56825e-19 2.01094e-19 1.13238e-19 6.37155e-20 3.58231e-20 2.01258e-20 1.12985e-20 6.33831e-21 3.55318e-21 1.99049e-21 1.1143e-21 6.23386e-22 3.48518e-22 1.94721e-22 1.08724e-22 6.06692e-23 3.38334e-23 1.88566e-23 1.05033e-23 5.84703e-24 3.25312e-24 1.80893e-24 1.00532e-24
0.000455739 0.000772922 0.000961214 0.0010225 0.000985697 0.000886527 0.000756718 0.000619835 0.000490956 0.000378134 0.000284381 0.000209517 0.000151607 0.000107971 7.58104e-05 5.2554e-05 3.60135e-05 2.44206e-05 1.64009e-05 1.09178e-05 7.20859e-06 4.72365e-06 3.07359e-06 1.98683e-06 1.27646e-06 8.15356e-07 5.18005e-07 3.27418e-07 2.05957e-07 1.28964e-07 8.04049e-08 4.99244e-08 3.0878e-08 1.9027e-08 1.16829e-08 7.14928e-09 4.36083e-09 2.65174e-09 1.60769e-09 9.71942e-10 5.85991e-10 3.52371e-10 2.11356e-10 1.26465e-10 7.54936e-11 4.49643e-11 2.67227e-11 1.58481e-11 9.37974e-12 5.54051e-12 3.2665e-12 1.92227e-12 1.1292e-12 6.62182e-13 3.87663e-13 2.26581e-13 1.32223e-13 7.70411e-14 4.48219e-14 2.60392e-14 1.51061e-14 8.75147e-15 5.06325e-15 2.92558e-15 1.68828e-15 9.7306e-16 5.60159e-16 3.22087e-16 1.84985e-16 1.06124e-16 6.08161e-17 3.48144e-17 1.99089e-17 1.13734e-17 6.49091e-18 3.7008e-18 2.10801e-18 1.19963e-18 6.82061e-19 3.87448e-19 2.19899e-19 1.24699e-19 7.06544e-20 3.99999e-20 2.26271e-20 1.27896e-20 7.22353e-21 4.07674e-21 2.29908e-21 1.29562e-21 7.29613e-22 4.10584e-22 2.30894e-22 1.29756e-22 7.28712e-23 4.08979e-23 2.29386e-23 1.28576e-23 7.20253e-24 4.03223e-24 2.25604e-24
0.000237364 0.000433557 0.000569338 0.000633705 0.000635603 0.000592422 0.00052248 0.000441144 0.00035948 0.000284381 0.000219371 0.000165575 0.000122613 8.92797e-05 6.40381e-05 4.53157e-05 3.16768e-05 2.18972e-05 1.49832e-05 1.01564e-05 6.8251e-06 4.54975e-06 3.01035e-06 1.97796e-06 1.29116e-06 8.3769e-07 5.40361e-07 3.46678e-07 2.21279e-07 1.40555e-07 8.88699e-08 5.59455e-08 3.50728e-08 2.19007e-08 1.3624e-08 8.44474e-09 5.21639e-09 3.2116e-09 1.97105e-09 1.20603e-09 7.35784e-10 4.47638e-10 2.71602e-10 1.64366e-10 9.92216e-11 5.97519e-11 3.58993e-11 2.15201e-11 1.28724e-11 7.68349e-12 4.57695e-12 2.72106e-12 1.61462e-12 9.56311e-13 5.6539e-13 3.33688e-13 1.96607e-13 1.15649e-13 6.79192e-14 3.98261e-14 2.33178e-14 1.36322e-14 7.95839e-15 4.63957e-15 2.7011e-15 1.57046e-15 9.11913e-16 5.2885e-16 3.06321e-16 1.77215e-16 1.02404e-16 5.91061e-17 3.40772e-17 1.96255e-17 1.12905e-17 6.48863e-18 3.72519e-18 2.13653e-18 1.22418e-18 7.00752e-19 4.00752e-19 2.28976e-19 1.30711e-19 7.45505e-20 4.24829e-20 2.41885e-20 1.37608e-20 7.82213e-21 4.44282e-21 2.52146e-21 1.42992e-21 8.10291e-22 4.58828e-22 2.59623e-22 1.46799e-22 8.29471e-23 4.68358e-23 2.64278e-23 1.49023e-23 8.39776e-24 4.72926e-24
0.000123627 0.000241953 0.000334422 0.000388508 0.000404584 0.00039008 0.000354875 0.000308394 0.000258183 0.000209517 0.000165575 0.000127885 9.68122e-05 7.20005e-05 5.27063e-05 3.80367e-05 2.70981e-05 1.90798e-05 1.32902e-05 9.16629e-06 6.26445e-06 4.24511e-06 2.8541e-06 1.90481e-06 1.26252e-06 8.31418e-07 5.44198e-07 3.54163e-07 2.29243e-07 1.47626e-07 9.46055e-08 6.03481e-08 3.83269e-08 2.42396e-08 1.5269e-08 9.58169e-09 5.99084e-09 3.73265e-09 2.31788e-09 1.43473e-09 8.85337e-10 5.44702e-10 3.34171e-10 2.04448e-10 1.24752e-10 7.59279e-11 4.60981e-11 2.79209e-11 1.68723e-11 1.0173e-11 6.12051e-12 3.67466e-12 2.20175e-12 1.31663e-12 7.85839e-13 4.68165e-13 2.78409e-13 1.65276e-13 9.79489e-14 5.79525e-14 3.42331e-14 2.01903e-14 1.18899e-14 6.99144e-15 4.10515e-15 2.40702e-15 1.4094e-15 8.24146e-16 4.8129e-16 2.80708e-16 1.63516e-16 9.51346e-17 5.52838e-17 3.20887e-17 1.86042e-17 1.07743e-17 6.23291e-18 3.6019e-18 2.07931e-18 1.19912e-18 6.9083e-19 3.97608e-19 2.28624e-19 1.31335e-19 7.53769e-20 4.32219e-20 2.47619e-20 1.41738e-20 8.10622e-21 4.63219e-21 2.64483e-21 1.5089e-21 8.60156e-22 4.89956e-22 2.78872e-22 1.58609e-22 9.01425e-23 5.11938e-23 2.90533e-23 1.64767e-23 9.33782e-24
6.43891e-05 0.000134425 0.000195011 0.000235941 0.000254638 0.000253554 0.000237602 0.00021224 0.000182328 0.000151607 0.000122613 9.68122e-05 7.4852e-05 5.68075e-05 4.24035e-05 3.11828e-05 2.26232e-05 1.62123e-05 1.14877e-05 8.05591e-06 5.59536e-06 3.85193e-06 2.62985e-06 1.78167e-06 1.19835e-06 8.00547e-07 5.31393e-07 3.50612e-07 2.3002e-07 1.50094e-07 9.74412e-08 6.29523e-08 4.04831e-08 2.59194e-08 1.65253e-08 1.04938e-08 6.63816e-09 4.18375e-09 2.62757e-09 1.64464e-09 1.02607e-09 6.38157e-10 3.95704e-10 2.44655e-10 1.50843e-10 9.27526e-11 5.68849e-11 3.47997e-11 2.12372e-11 1.293e-11 7.85437e-12 4.76064e-12 2.87933e-12 1.73787e-12 1.04681e-12 6.29318e-13 3.77615e-13 2.26166e-13 1.35215e-13 8.06991e-14 4.8081e-14 2.85997e-14 1.69844e-14 1.00707e-14 5.96215e-15 3.52452e-15 2.0805e-15 1.22636e-15 7.21883e-16 4.24355e-16 2.49126e-16 1.46066e-16 8.55324e-17 5.00239e-17 2.92214e-17 1.70496e-17 9.9363e-18 5.78423e-18 3.36347e-18 1.9537e-18 1.13363e-18 6.57099e-19 3.80496e-19 2.20108e-19 1.27203e-19 7.34418e-20 4.23624e-20 2.44128e-20 1.4056e-20 8.08575e-21 4.6473e-21 2.66876e-21 1.53128e-21 8.77889e-22 5.0289e-22 2.87847e-22 1.6463e-22 9.40859e-23 5.37293e-23 3.06602e-23 1.74832e-23
3.3536e-05 7.43916e-05 0.000112991 0.000142097 0.000158675 0.000162945 0.00015708 0.000144059 0.000126853 0.000107971 8.92797e-05 7.20005e-05 5.68075e-05 4.39599e-05 3.34342e-05 2.50357e-05 1.84841e-05 1.34726e-05 9.70484e-06 6.91538e-06 4.87855e-06 3.4098e-06 2.36271e-06 1.62398e-06 1.10782e-06 7.50362e-07 5.0486e-07 3.37547e-07 2.24342e-07 1.48265e-07 9.74635e-08 6.37438e-08 4.14891e-08 2.68799e-08 1.73385e-08 1.1137e-08 7.12492e-09 4.54065e-09 2.88305e-09 1.82409e-09 1.15017e-09 7.22858e-10 4.52872e-10 2.82864e-10 1.7616e-10 1.09398e-10 6.77527e-11 4.18502e-11 2.57846e-11 1.58472e-11 9.71637e-12 5.94362e-12 3.62763e-12 2.20927e-12 1.34263e-12 8.14283e-13 4.92864e-13 2.9774e-13 1.79527e-13 1.0805e-13 6.49154e-14 3.89327e-14 2.33103e-14 1.39336e-14 8.31541e-15 4.95476e-15 2.9478e-15 1.75115e-15 1.03877e-15 6.15313e-16 3.63973e-16 2.15008e-16 1.26842e-16 7.47321e-17 4.39745e-17 2.58438e-17 1.51699e-17 8.89397e-18 5.20837e-18 3.04658e-18 1.78008e-18 1.03894e-18 6.05727e-19 3.52782e-19 2.05253e-19 1.19298e-19 6.92702e-20 4.01826e-20 2.32871e-20 1.3483e-20 7.79933e-21 4.50751e-21 2.60275e-21 1.50158e-21 8.65555e-22 4.98512e-22 2.86878e-22 1.64956e-22 9.47745e-23 5.44095e-23 3.12121e-23
1.74667e-05 4.10263e-05 6.50962e-05 8.49465e-05 9.80034e-05 0.000103658 0.000102681 9.6582e-05 8.70907e-05 7.58104e-05 6.40381e-05 5.27063e-05 4.24035e-05 3.34342e-05 2.58919e-05 1.97289e-05 1.48138e-05 1.09754e-05 8.0325e-06 5.81273e-06 4.16275e-06 2.95242e-06 2.07521e-06 1.44642e-06 1.00024e-06 6.86594e-07 4.68029e-07 3.16952e-07 2.13314e-07 1.42722e-07 9.49601e-08 6.28478e-08 4.13854e-08 2.71217e-08 1.76927e-08 1.14912e-08 7.43219e-09 4.78763e-09 3.07221e-09 1.96414e-09 1.25127e-09 7.94407e-10 5.02695e-10 3.17094e-10 1.99408e-10 1.2503e-10 7.81711e-11 4.87396e-11 3.03082e-11 1.87982e-11 1.16302e-11 7.17808e-12 4.41987e-12 2.71532e-12 1.66446e-12 1.0181e-12 6.2145e-13 3.78565e-13 2.30154e-13 1.39657e-13 8.45856e-14 5.11377e-14 3.08615e-14 1.85927e-14 1.11825e-14 6.7146e-15 4.02539e-15 2.40944e-15 1.44e-15 8.59334e-16 5.1207e-16 3.04705e-16 1.81061e-16 1.07443e-16 6.36734e-17 3.76852e-17 2.22757e-17 1.31507e-17 7.75423e-18 4.56676e-18 2.68639e-18 1.57846e-18 9.26419e-19 5.4313e-19 3.18076e-19 1.86079e-19 1.08746e-19 6.34868e-20 3.70272e-20 2.1574e-20 1.2558e-20 7.303e-21 4.24304e-21 2.46295e-21 1.42838e-21 8.27658e-22 4.79159e-22 2.77165e-22 1.6019e-22 9.25063e-23 5.33773e-23
9.09723e-06 2.25557e-05 3.7313e-05 5.04453e-05 6.00506e-05 6.53446e-05 6.64436e-05 6.40381e-05 5.90815e-05 5.2554e-05 4.53157e-05 3.80367e-05 3.11828e-05 2.50357e-05 1.97289e-05 1.52881e-05 1.1668e-05 8.78234e-06 6.52685e-06 4.79417e-06 3.48356e-06 2.50594e-06 1.78591e-06 1.26169e-06 8.84087e-07 6.14753e-07 4.24391e-07 2.90984e-07 1.98231e-07 1.34221e-07 9.03554e-08 6.04916e-08 4.02864e-08 2.66963e-08 1.76065e-08 1.15588e-08 7.55543e-09 4.918e-09 3.18843e-09 2.05917e-09 1.32495e-09 8.49497e-10 5.42795e-10 3.4568e-10 2.19447e-10 1.38883e-10 8.76353e-11 5.51394e-11 3.45971e-11 2.16496e-11 1.35123e-11 8.41225e-12 5.22436e-12 3.23686e-12 2.00085e-12 1.23405e-12 7.59467e-13 4.66408e-13 2.85845e-13 1.74834e-13 1.06728e-13 6.50285e-14 3.95484e-14 2.40089e-14 1.45496e-14 8.80216e-15 5.3162e-15 3.20556e-15 1.92982e-15 1.15999e-15 6.96193e-16 4.17217e-16 2.49668e-16 1.49193e-16 8.90288e-17 5.30545e-17 3.15745e-17 1.87666e-17 1.11399e-17 6.60442e-18 3.91072e-18 2.31291e-18 1.36631e-18 8.06194e-19 4.7516e-19 2.79742e-19 1.64515e-19 9.66471e-20 5.67176e-20 3.32507e-20 1.94735e-20 1.13936e-20 6.65964e-21 3.8889e-21 2.2688e-21 1.3224e-21 7.70082e-22 4.48047e-22 2.60453e-22 1.51272e-22 8.77854e-23
4.73814e-06 1.23664e-05 2.129e-05 2.97778e-05 3.65321e-05 4.08548e-05 4.26025e-05 4.20366e-05 3.96492e-05 3.60135e-05 3.16768e-05 2.70981e-05 2.26232e-05 1.84841e-05 1.48138e-05 1.1668e-05 9.04664e-06 6.91428e-06 5.21548e-06 3.8867e-06 2.86421e-06 2.08888e-06 1.50876e-06 1.07994e-06 7.66475e-07 5.39689e-07 3.77169e-07 2.61734e-07 1.80419e-07 1.23583e-07 8.4144e-08 5.69653e-08 3.83563e-08 2.56929e-08 1.71254e-08 1.1361e-08 7.50284e-09 4.93346e-09 3.23051e-09 2.10696e-09 1.3689e-09 8.86105e-10 5.71548e-10 3.67394e-10 2.35383e-10 1.50325e-10 9.57081e-11 6.07536e-11 3.84541e-11 2.42717e-11 1.52786e-11 9.59248e-12 6.00722e-12 3.75272e-12 2.33872e-12 1.45412e-12 9.02076e-13 5.58382e-13 3.44899e-13 2.12593e-13 1.30776e-13 8.02877e-14 4.91969e-14 3.00893e-14 1.83694e-14 1.11945e-14 6.81016e-15 4.13595e-15 2.50768e-15 1.51799e-15 9.17439e-16 5.53624e-16 3.33577e-16 2.00695e-16 1.20573e-16 7.23347e-17 4.33354e-17 2.59269e-17 1.54911e-17 9.24378e-18 5.50888e-18 3.27895e-18 1.94928e-18 1.15742e-18 6.86436e-19 4.06636e-19 2.40614e-19 1.42217e-19 8.39672e-20 4.95225e-20 2.91768e-20 1.71722e-20 1.00965e-20 5.93044e-21 3.47997e-21 2.04008e-21 1.19483e-21 6.99138e-22 4.08716e-22 2.38721e-22 1.39307e-22
2.46778e-06 6.76306e-06 1.20973e-05 1.74825e-05 2.20799e-05 2.53529e-05 2.70893e-05 2.73436e-05 2.63477e-05 2.44206e-05 2.18972e-05 1.90798e-05 1.62123e-05 1.34726e-05 1.09754e-05 8.78234e-06 6.91428e-06 5.36354e-06 4.1045e-06 3.10198e-06 2.31737e-06 1.71274e-06 1.25327e-06 9.08541e-07 6.52895e-07 4.65343e-07 3.2911e-07 2.31068e-07 1.61116e-07 1.11608e-07 7.68346e-08 5.25842e-08 3.5786e-08 2.42239e-08 1.63137e-08 1.0933e-08 7.29274e-09 4.84277e-09 3.20205e-09 2.10847e-09 1.38287e-09 9.03512e-10 5.8815e-10 3.81505e-10 2.46619e-10 1.58897e-10 1.02052e-10 6.53406e-11 4.17109e-11 2.65497e-11 1.68521e-11 1.06677e-11 6.73505e-12 4.24134e-12 2.66433e-12 1.66966e-12 1.04388e-12 6.51153e-13 4.05279e-13 2.51704e-13 1.55996e-13 9.64828e-14 5.95554e-14 3.66902e-14 2.25608e-14 1.38471e-14 8.48359e-15 5.18843e-15 3.16771e-15 1.93075e-15 1.17489e-15 7.13785e-16 4.32971e-16 2.62231e-16 1.58583e-16 9.5762e-17 5.77437e-17 3.477e-17 2.09077e-17 1.25552e-17 7.52945e-18 4.50963e-18 2.69753e-18 1.61158e-18 9.61622e-19 5.73108e-19 3.4116e-19 2.02852e-19 1.20477e-19 7.14743e-20 4.23565e-20 2.5074e-20 1.48275e-20 8.75921e-21 5.16914e-21 3.04746e-21 1.79486e-21 1.05609e-21 6.20813e-22 3.64598e-22 2.13928e-22
1.2853e-06 3.69025e-06 6.84803e-06 1.02133e-05 1.32658e-05 1.56259e-05 1.70942e-05 1.76385e-05 1.73516e-05 1.64009e-05 1.49832e-05 1.32902e-05 1.14877e-05 9.70484e-06 8.0325e-06 6.52685e-06 5.21548e-06 4.1045e-06 3.18532e-06 2.44035e-06 1.84747e-06 1.38324e-06 1.02505e-06 7.52337e-07 5.4722e-07 3.94668e-07 2.82382e-07 2.00526e-07 1.41388e-07 9.90201e-08 6.89054e-08 4.76583e-08 3.27722e-08 2.24116e-08 1.52457e-08 1.03188e-08 6.9504e-09 4.65994e-09 3.11044e-09 2.06733e-09 1.36841e-09 9.02207e-10 5.92578e-10 3.87787e-10 2.52874e-10 1.64336e-10 1.06446e-10 6.87291e-11 4.42396e-11 2.83912e-11 1.81677e-11 1.1593e-11 7.37755e-12 4.68253e-12 2.96439e-12 1.87201e-12 1.17931e-12 7.41188e-13 4.64764e-13 2.90783e-13 1.81536e-13 1.13093e-13 7.031e-14 4.36239e-14 2.70135e-14 1.66958e-14 1.02997e-14 6.34235e-15 3.89855e-15 2.39222e-15 1.46542e-15 8.96194e-16 5.47188e-16 3.33566e-16 2.03026e-16 1.23385e-16 7.48732e-17 4.53688e-17 2.74516e-17 1.65871e-17 1.00087e-17 6.0312e-18 3.62958e-18 2.18147e-18 1.30945e-18 7.8504e-19 4.70072e-19 2.81136e-19 1.67942e-19 1.00208e-19 5.97241e-20 3.55562e-20 2.1145e-20 1.25612e-20 7.45416e-21 4.4189e-21 2.6169e-21 1.54819e-21 9.15028e-22 5.40284e-22 3.1871e-22
6.69428e-07 2.00941e-06 3.86317e-06 5.93953e-06 7.92684e-06 9.57064e-06 1.07118e-05 1.12912e-05 1.13329e-05 1.09178e-05 1.01564e-05 9.16629e-06 8.05591e-06 6.91538e-06 5.81273e-06 4.79417e-06 3.8867e-06 3.10198e-06 2.44035e-06 1.89458e-06 1.45295e-06 1.10167e-06 8.26505e-07 6.1396e-07 4.5186e-07 3.29671e-07 2.38557e-07 1.71292e-07 1.22095e-07 8.64253e-08 6.07744e-08 4.24696e-08 2.95013e-08 2.03766e-08 1.39979e-08 9.56605e-09 6.50491e-09 4.40228e-09 2.96569e-09 1.98913e-09 1.32851e-09 8.83687e-10 5.85504e-10 3.86474e-10 2.54172e-10 1.66573e-10 1.08794e-10 7.08238e-11 4.59589e-11 2.97318e-11 1.91768e-11 1.23332e-11 7.90958e-12 5.05882e-12 3.22698e-12 2.05318e-12 1.30308e-12 8.25014e-13 5.21105e-13 3.28389e-13 2.06481e-13 1.29546e-13 8.1104e-14 5.06712e-14 3.15937e-14 1.966e-14 1.22104e-14 7.56935e-15 4.68371e-15 2.89296e-15 1.78374e-15 1.09794e-15 6.74674e-16 4.13903e-16 2.53516e-16 1.55035e-16 9.46646e-17 5.77152e-17 3.5136e-17 2.13593e-17 1.2966e-17 7.85997e-18 4.75823e-18 2.87667e-18 1.73687e-18 1.04733e-18 6.30746e-19 3.79391e-19 2.27925e-19 1.36766e-19 8.19704e-20 4.90722e-20 2.93442e-20 1.75278e-20 1.04582e-20 6.23336e-21 3.71132e-21 2.20741e-21 1.31158e-21 7.78525e-22 4.61658e-22
3.48661e-07 1.0921e-06 2.17243e-06 3.43975e-06 4.71282e-06 5.82808e-06 6.66918e-06 7.17706e-06 7.34552e-06 7.20859e-06 6.8251e-06 6.26445e-06 5.59536e-06 4.87855e-06 4.16275e-06 3.48356e-06 2.86421e-06 2.31737e-06 1.84747e-06 1.45295e-06 1.1284e-06 8.66162e-07 6.57671e-07 4.94311e-07 3.68003e-07 2.71526e-07 1.98659e-07 1.44193e-07 1.03875e-07 7.42974e-08 5.2783e-08 3.72576e-08 2.61379e-08 1.82298e-08 1.26435e-08 8.72223e-09 5.98639e-09 4.08857e-09 2.77928e-09 1.88074e-09 1.26717e-09 8.50203e-10 5.68145e-10 3.78187e-10 2.50798e-10 1.65718e-10 1.09117e-10 7.16055e-11 4.68357e-11 3.05372e-11 1.98494e-11 1.28638e-11 8.31264e-12 5.35659e-12 3.44234e-12 2.20633e-12 1.41049e-12 8.99457e-13 5.72182e-13 3.63127e-13 2.29922e-13 1.45253e-13 9.15627e-14 5.75948e-14 3.61529e-14 2.26474e-14 1.4159e-14 8.83494e-15 5.50241e-15 3.42057e-15 2.12255e-15 1.31477e-15 8.13001e-16 5.01877e-16 3.09304e-16 1.90313e-16 1.16913e-16 7.17106e-17 4.3918e-17 2.68568e-17 1.63995e-17 9.99966e-18 6.08877e-18 3.70234e-18 2.2482e-18 1.36339e-18 8.25728e-19 4.9946e-19 3.01731e-19 1.82055e-19 1.09714e-19 6.60398e-20 3.97047e-20 2.3844e-20 1.4303e-20 8.57029e-21 5.12967e-21 3.06703e-21 1.83185e-21 1.09297e-21 6.51459e-22
1.81594e-07 5.92511e-07 1.21809e-06 1.98439e-06 2.78896e-06 3.53011e-06 4.1275e-06 4.53221e-06 4.7275e-06 4.72365e-06 4.54975e-06 4.24511e-06 3.85193e-06 3.4098e-06 2.95242e-06 2.50594e-06 2.08888e-06 1.71274e-06 1.38324e-06 1.10167e-06 8.66162e-07 6.72892e-07 5.16944e-07 3.93016e-07 2.9589e-07 2.20729e-07 1.6324e-07 1.19742e-07 8.7158e-08 6.29776e-08 4.51902e-08 3.22128e-08 2.28179e-08 1.60662e-08 1.12475e-08 7.83099e-09 5.42366e-09 3.73749e-09 2.5631e-09 1.74958e-09 1.18894e-09 8.04487e-10 5.42099e-10 3.63834e-10 2.4325e-10 1.62026e-10 1.07537e-10 7.11238e-11 4.68826e-11 3.08029e-11 2.01744e-11 1.31728e-11 8.5756e-12 5.56671e-12 3.60343e-12 2.32622e-12 1.49774e-12 9.61842e-13 6.16146e-13 3.93736e-13 2.51012e-13 1.59654e-13 1.01318e-13 6.41557e-14 4.05372e-14 2.55602e-14 1.60837e-14 1.01005e-14 6.33071e-15 3.96036e-15 2.47291e-15 1.54132e-15 9.58967e-16 5.95604e-16 3.69294e-16 2.28592e-16 1.41268e-16 8.71622e-17 5.36949e-17 3.30272e-17 2.02841e-17 1.24394e-17 7.61755e-18 4.65816e-18 2.84452e-18 1.73465e-18 1.0564e-18 6.42507e-19 3.9027e-19 2.36756e-19 1.43448e-19 8.68077e-20 5.24685e-20 3.16757e-20 1.91007e-20 1.15047e-20 6.92173e-21 4.15981e-21 2.49725e-21 1.49756e-21 8.97123e-22
9.45802e-08 3.20949e-07 6.81149e-07 1.14071e-06 1.64335e-06 2.12762e-06 2.54034e-06 2.84466e-06 3.02261e-06 3.07359e-06 3.01035e-06 2.8541e-06 2.62985e-06 2.36271e-06 2.07521e-06 1.78591e-06 1.50876e-06 1.25327e-06 1.02505e-06 8.26505e-07 6.57671e-07 5.16944e-07 4.01711e-07 3.08846e-07 2.35081e-07 1.77258e-07 1.32477e-07 9.81836e-08 7.21932e-08 5.26856e-08 3.8176e-08 2.74754e-08 1.96468e-08 1.39625e-08 9.86461e-09 6.93027e-09 4.8426e-09 3.36637e-09 2.32858e-09 1.60306e-09 1.09855e-09 7.49497e-10 5.09185e-10 3.44509e-10 2.32171e-10 1.55868e-10 1.04256e-10 6.94857e-11 4.61518e-11 3.05511e-11 2.01585e-11 1.32594e-11 8.69486e-12 5.68481e-12 3.70613e-12 2.40941e-12 1.56214e-12 1.01014e-12 6.5152e-13 4.19165e-13 2.69019e-13 1.72246e-13 1.1003e-13 7.01276e-14 4.45975e-14 2.83008e-14 1.79216e-14 1.13256e-14 7.14296e-15 4.49619e-15 2.82475e-15 1.77135e-15 1.10875e-15 6.92763e-16 4.32091e-16 2.69043e-16 1.67239e-16 1.03786e-16 6.43049e-17 3.97797e-17 2.45701e-17 1.51528e-17 9.3311e-18 5.73772e-18 3.52309e-18 2.16022e-18 1.32274e-18 8.0884e-19 4.93939e-19 3.01244e-19 1.83487e-19 1.11621e-19 6.78186e-20 4.11551e-20 2.49448e-20 1.51017e-20 9.13206e-21 5.51593e-21 3.328e-21 2.00572e-21 1.2075e-21
4.92605e-08 1.73593e-07 3.79942e-07 6.53554e-07 9.64443e-07 1.27642e-06 1.55543e-06 1.77536e-06 1.92073e-06 1.98683e-06 1.97796e-06 1.90481e-06 1.78167e-06 1.62398e-06 1.44642e-06 1.26169e-06 1.07994e-06 9.08541e-07 7.52337e-07 6.1396e-07 4.94311e-07 3.93016e-07 3.08846e-07 2.40062e-07 1.84694e-07 1.40734e-07 1.06268e-07 7.95575e-08 5.90799e-08 4.35371e-08 3.185e-08 2.31389e-08 1.66996e-08 1.19764e-08 8.53748e-09 6.05102e-09 4.26511e-09 2.99041e-09 2.08606e-09 1.4481e-09 1.00054e-09 6.88186e-10 4.71287e-10 3.21396e-10 2.18291e-10 1.47683e-10 9.95363e-11 6.6841e-11 4.47266e-11 2.98263e-11 1.98239e-11 1.31334e-11 8.67378e-12 5.7111e-12 3.7493e-12 2.45435e-12 1.60218e-12 1.04306e-12 6.77272e-13 4.38632e-13 2.83368e-13 1.82618e-13 1.1741e-13 7.53108e-14 4.81981e-14 3.07782e-14 1.9612e-14 1.24706e-14 7.91332e-15 5.0114e-15 3.16743e-15 1.99812e-15 1.25811e-15 7.90714e-16 4.96066e-16 3.10667e-16 1.94223e-16 1.2122e-16 7.55318e-17 4.69874e-17 2.91838e-17 1.80978e-17 1.12059e-17 6.92816e-18 4.2771e-18 2.63667e-18 1.6231e-18 9.97774e-19 6.12528e-19 3.75524e-19 2.2992e-19 1.4059e-19 8.5858e-20 5.23678e-20 3.19017e-20 1.94106e-20 1.17964e-20 7.16064e-21 4.34166e-21 2.62947e-21 1.59074e-21
2.56565e-08 9.37629e-08 2.11436e-07 3.73288e-07 5.63893e-07 7.62462e-07 9.47791e-07 1.10215e-06 1.21355e-06 1.27646e-06 1.29116e-06 1.26252e-06 1.19835e-06 1.10782e-06 1.00024e-06 8.84087e-07 7.66475e-07 6.52895e-07 5.4722e-07 4.5186e-07 3.68003e-07 2.9589e-07 2.35081e-07 1.84694e-07 1.43594e-07 1.10546e-07 8.43181e-08 6.37518e-08 4.78038e-08 3.55647e-08 2.62624e-08 1.9256e-08 1.40236e-08 1.01473e-08 7.29731e-09 5.21692e-09 3.70861e-09 2.62215e-09 1.84435e-09 1.29081e-09 8.99066e-10 6.23322e-10 4.30227e-10 2.95676e-10 2.02364e-10 1.37946e-10 9.36703e-11 6.33678e-11 4.2713e-11 2.86897e-11 1.92049e-11 1.28135e-11 8.52175e-12 5.6499e-12 3.73457e-12 2.46131e-12 1.61753e-12 1.06006e-12 6.92847e-13 4.51649e-13 2.93664e-13 1.90466e-13 1.23233e-13 7.95432e-14 5.12241e-14 3.29127e-14 2.11006e-14 1.34986e-14 8.61727e-15 5.48979e-15 3.49034e-15 2.21476e-15 1.40265e-15 8.86649e-16 5.59442e-16 3.52351e-16 2.21527e-16 1.39036e-16 8.71148e-17 5.44922e-17 3.40305e-17 2.12182e-17 1.3209e-17 8.21037e-18 5.09566e-18 3.15788e-18 1.95416e-18 1.20755e-18 7.4515e-19 4.59181e-19 2.82577e-19 1.73666e-19 1.06592e-19 6.534e-20 4.00024e-20 2.44599e-20 1.4938e-20 9.11198e-21 5.55162e-21 3.37849e-21 2.05367e-21
1.33628e-08 5.05797e-08 1.17408e-07 2.12594e-07 3.28545e-07 4.53615e-07 5.7492e-07 6.80823e-07 7.62631e-07 8.15356e-07 8.3769e-07 8.31418e-07 8.00547e-07 7.50362e-07 6.86594e-07 6.14753e-07 5.39689e-07 4.65343e-07 3.94668e-07 3.29671e-07 2.71526e-07 2.20729e-07 1.77258e-07 1.40734e-07 1.10546e-07 8.59652e-08 6.62194e-08 5.05547e-08 3.82701e-08 2.8739e-08 2.14176e-08 1.5846e-08 1.16431e-08 8.4987e-09 6.16454e-09 4.44458e-09 3.18606e-09 2.27129e-09 1.61058e-09 1.13625e-09 7.97691e-10 5.57366e-10 3.87674e-10 2.68463e-10 1.85123e-10 1.27132e-10 8.69622e-11 5.92573e-11 4.02293e-11 2.72134e-11 1.83447e-11 1.23246e-11 8.25299e-12 5.50894e-12 3.66592e-12 2.43217e-12 1.60893e-12 1.06132e-12 6.98158e-13 4.58029e-13 2.99704e-13 1.95606e-13 1.27347e-13 8.27071e-14 5.35878e-14 3.46405e-14 2.23419e-14 1.4378e-14 9.23296e-15 5.91654e-15 3.78356e-15 2.41467e-15 1.53801e-15 9.77739e-16 6.20394e-16 3.92925e-16 2.48408e-16 1.56766e-16 9.87604e-17 6.2112e-17 3.89981e-17 2.44456e-17 1.52989e-17 9.55953e-18 5.96406e-18 3.71526e-18 2.31095e-18 1.43535e-18 8.90227e-19 5.51356e-19 3.41007e-19 2.10622e-19 1.29916e-19 8.00297e-20 4.92356e-20 3.02521e-20 1.85648e-20 1.13787e-20 6.96574e-21 4.25919e-21 2.60123e-21
6.95978e-09 2.72523e-08 6.50632e-08 1.20749e-07 1.90795e-07 2.6885e-07 3.47261e-07 4.18602e-07 4.7684e-07 5.18005e-07 5.40361e-07 5.44198e-07 5.31393e-07 5.0486e-07 4.68029e-07 4.24391e-07 3.77169e-07 3.2911e-07 2.82382e-07 2.38557e-07 1.98659e-07 1.6324e-07 1.32477e-07 1.06268e-07 8.43181e-08 6.62194e-08 5.15052e-08 3.96963e-08 3.03317e-08 2.29871e-08 1.7286e-08 1.29029e-08 9.56347e-09 7.04079e-09 5.15031e-09 3.74433e-09 2.70616e-09 1.94482e-09 1.39011e-09 9.88443e-10 6.99322e-10 4.92385e-10 3.45073e-10 2.40751e-10 1.67241e-10 1.15691e-10 7.97074e-11 5.47014e-11 3.73983e-11 2.54749e-11 1.72913e-11 1.16962e-11 7.88506e-12 5.29853e-12 3.54923e-12 2.37017e-12 1.57808e-12 1.04765e-12 6.93552e-13 4.57873e-13 3.01472e-13 1.97976e-13 1.2968e-13 8.47337e-14 5.52312e-14 3.59159e-14 2.33015e-14 1.50835e-14 9.74233e-15 6.27896e-15 4.03829e-15 2.59186e-15 1.66017e-15 1.06129e-15 6.77141e-16 4.31224e-16 2.74108e-16 1.73922e-16 1.10158e-16 6.96495e-17 4.39623e-17 2.77023e-17 1.74276e-17 1.09461e-17 6.86431e-18 4.29793e-18 2.68695e-18 1.67731e-18 1.04551e-18 6.5075e-19 4.0447e-19 2.51047e-19 1.55607e-19 9.63205e-20 5.95435e-20 3.67608e-20 2.26663e-20 1.39583e-20 8.58508e-21 5.27386e-21 3.23588e-21
3.62488e-09 1.46672e-08 3.59869e-08 6.84083e-08 1.10458e-07 1.58775e-07 2.08914e-07 2.56246e-07 2.9673e-07 3.27418e-07 3.46678e-07 3.54163e-07 3.50612e-07 3.37547e-07 3.16952e-07 2.90984e-07 2.61734e-07 2.31068e-07 2.00526e-07 1.71292e-07 1.44193e-07 1.19742e-07 9.81836e-08 7.95575e-08 6.37518e-08 5.05547e-08 3.96963e-08 3.08813e-08 2.38131e-08 1.82098e-08 1.3815e-08 1.0402e-08 7.77602e-09 5.7732e-09 4.25821e-09 3.12113e-09 2.27397e-09 1.64723e-09 1.18664e-09 8.503e-10 6.06182e-10 4.30025e-10 3.03614e-10 2.13383e-10 1.49306e-10 1.04026e-10 7.21789e-11 4.9882e-11 3.43398e-11 2.35519e-11 1.60944e-11 1.09596e-11 7.43755e-12 5.03065e-12 3.3917e-12 2.27955e-12 1.52742e-12 1.02042e-12 6.79747e-13 4.51538e-13 2.99125e-13 1.97629e-13 1.30233e-13 8.56027e-14 5.61279e-14 3.67131e-14 2.39573e-14 1.55974e-14 1.01319e-14 6.56708e-15 4.24736e-15 2.74127e-15 1.76559e-15 1.13488e-15 7.28044e-16 4.66148e-16 2.97899e-16 1.90024e-16 1.20993e-16 7.69023e-17 4.87933e-17 3.09056e-17 1.95427e-17 1.23373e-17 7.77589e-18 4.8932e-18 3.07439e-18 1.92869e-18 1.20813e-18 7.55654e-19 4.71959e-19 2.94352e-19 1.83326e-19 1.1402e-19 7.08195e-20 4.39285e-20 2.72128e-20 1.68361e-20 1.0403e-20 6.42001e-21 3.95714e-21
1.88796e-09 7.88569e-09 1.9869e-08 3.8663e-08 6.37625e-08 9.34531e-08 1.2521e-07 1.56211e-07 1.83822e-07 2.05957e-07 2.21279e-07 2.29243e-07 2.3002e-07 2.24342e-07 2.13314e-07 1.98231e-07 1.80419e-07 1.61116e-07 1.41388e-07 1.22095e-07 1.03875e-07 8.7158e-08 7.21932e-08 5.90799e-08 4.78038e-08 3.82701e-08 3.03317e-08 2.38131e-08 1.85283e-08 1.42942e-08 1.09388e-08 8.30695e-09 6.26222e-09 4.68789e-09 3.48596e-09 2.57566e-09 1.89144e-09 1.38085e-09 1.00241e-09 7.23757e-10 5.19843e-10 3.7151e-10 2.64219e-10 1.87038e-10 1.31807e-10 9.24813e-11 6.46161e-11 4.49633e-11 3.11646e-11 2.15182e-11 1.48027e-11 1.01465e-11 6.93069e-12 4.7181e-12 3.20132e-12 2.16522e-12 1.4599e-12 9.8137e-13 6.57753e-13 4.39589e-13 2.92967e-13 1.94718e-13 1.29075e-13 8.53399e-14 5.62814e-14 3.7026e-14 2.42998e-14 1.59102e-14 1.03932e-14 6.77408e-15 4.4055e-15 2.85895e-15 1.85142e-15 1.19649e-15 7.71683e-16 4.96721e-16 3.19115e-16 2.04625e-16 1.30968e-16 8.36726e-17 5.33614e-17 3.39713e-17 2.159e-17 1.36981e-17 8.6767e-18 5.48712e-18 3.46452e-18 2.18406e-18 1.37474e-18 8.64012e-19 5.42223e-19 3.39785e-19 2.12623e-19 1.32864e-19 8.29091e-20 5.16664e-20 3.21539e-20 1.99843e-20 1.24046e-20 7.68995e-21 4.76125e-21
9.83313e-10 4.23552e-09 1.09516e-08 2.18023e-08 3.67063e-08 5.48309e-08 7.47758e-08 9.48552e-08 1.13393e-07 1.28964e-07 1.40555e-07 1.47626e-07 1.50094e-07 1.48265e-07 1.42722e-07 1.34221e-07 1.23583e-07 1.11608e-07 9.90201e-08 8.64253e-08 7.42974e-08 6.29776e-08 5.26856e-08 4.35371e-08 3.55647e-08 2.8739e-08 2.29871e-08 1.82098e-08 1.42942e-08 1.11237e-08 8.58543e-09 6.57467e-09 4.9974e-09 3.77155e-09 2.82708e-09 2.10537e-09 1.55814e-09 1.14627e-09 8.38431e-10 6.09887e-10 4.4129e-10 3.17669e-10 2.27553e-10 1.62227e-10 1.15125e-10 8.13371e-11 5.72194e-11 4.00862e-11 2.79705e-11 1.94408e-11 1.34613e-11 9.28693e-12 6.38428e-12 4.37375e-12 2.98634e-12 2.0324e-12 1.3788e-12 9.32514e-13 6.28789e-13 4.22751e-13 2.83418e-13 1.8948e-13 1.26336e-13 8.40117e-14 5.5723e-14 3.68669e-14 2.43317e-14 1.60201e-14 1.0523e-14 6.89636e-15 4.50948e-15 2.94225e-15 1.91559e-15 1.24455e-15 8.06923e-16 5.22127e-16 3.37183e-16 2.17328e-16 1.39812e-16 8.97774e-17 5.7544e-17 3.68179e-17 2.35157e-17 1.49938e-17 9.54408e-18 6.06511e-18 3.84803e-18 2.43751e-18 1.54161e-18 9.73497e-19 6.13817e-19 3.86455e-19 2.42955e-19 1.52521e-19 9.56135e-20 5.98561e-20 3.74201e-20 2.33625e-20 1.45666e-20 9.0706e-21 5.64102e-21
5.12142e-10 2.27287e-09 6.02683e-09 1.22683e-08 2.10761e-08 3.20739e-08 4.45058e-08 5.73848e-08 6.96662e-08 8.04049e-08 8.88699e-08 9.46055e-08 9.74412e-08 9.74635e-08 9.49601e-08 9.03554e-08 8.4144e-08 7.68346e-08 6.89054e-08 6.07744e-08 5.2783e-08 4.51902e-08 3.8176e-08 3.185e-08 2.62624e-08 2.14176e-08 1.7286e-08 1.3815e-08 1.09388e-08 8.58543e-09 6.68214e-09 5.1595e-09 3.95368e-09 3.00778e-09 2.27238e-09 1.70544e-09 1.27184e-09 9.42721e-10 6.94691e-10 5.09047e-10 3.71001e-10 2.68985e-10 1.94044e-10 1.39305e-10 9.95412e-11 7.0807e-11 5.01477e-11 3.53663e-11 2.48399e-11 1.73776e-11 1.21104e-11 8.40825e-12 5.81677e-12 4.00988e-12 2.75485e-12 1.88635e-12 1.28749e-12 8.75996e-13 5.94198e-13 4.01853e-13 2.70983e-13 1.82217e-13 1.2219e-13 8.17177e-14 5.45073e-14 3.62644e-14 2.40669e-14 1.59329e-14 1.05229e-14 6.93359e-15 4.55817e-15 2.98987e-15 1.95688e-15 1.27805e-15 8.32952e-16 5.41754e-16 3.51651e-16 2.27807e-16 1.47294e-16 9.50562e-17 6.1231e-17 3.93706e-17 2.52697e-17 1.61907e-17 1.03559e-17 6.61265e-18 4.21547e-18 2.68294e-18 1.70483e-18 1.08161e-18 6.85162e-19 4.33369e-19 2.737e-19 1.72607e-19 1.08696e-19 6.83532e-20 4.29238e-20 2.69181e-20 1.68579e-20 1.05436e-20 6.58579e-21
2.66741e-10 1.21862e-09 3.31168e-09 6.88956e-09 1.20717e-08 1.87086e-08 2.64048e-08 3.45941e-08 4.26381e-08 4.99244e-08 5.59455e-08 6.03481e-08 6.29523e-08 6.37438e-08 6.28478e-08 6.04916e-08 5.69653e-08 5.25842e-08 4.76583e-08 4.24696e-08 3.72576e-08 3.22128e-08 2.74754e-08 2.31389e-08 1.9256e-08 1.5846e-08 1.29029e-08 1.0402e-08 8.30695e-09 6.57467e-09 5.1595e-09 4.01626e-09 3.10228e-09 2.37869e-09 1.81107e-09 1.36963e-09 1.02911e-09 7.68481e-10 5.7045e-10 4.21034e-10 3.09048e-10 2.25649e-10 1.63916e-10 1.18486e-10 8.52404e-11 6.10418e-11 4.35189e-11 3.08929e-11 2.18389e-11 1.53763e-11 1.07838e-11 7.53427e-12 5.24459e-12 3.63771e-12 2.51441e-12 1.73211e-12 1.18928e-12 8.13969e-13 5.55364e-13 3.77773e-13 2.56212e-13 1.73268e-13 1.16847e-13 7.85825e-14 5.27076e-14 3.52603e-14 2.35284e-14 1.56609e-14 1.03988e-14 6.88842e-15 4.55243e-15 3.00178e-15 1.97491e-15 1.29649e-15 8.49307e-16 5.55204e-16 3.62203e-16 2.3582e-16 1.53234e-16 9.93786e-17 6.43295e-17 4.15646e-17 2.6807e-17 1.72583e-17 1.10914e-17 7.11592e-18 4.55767e-18 2.91431e-18 1.86046e-18 1.18581e-18 7.54612e-19 4.79473e-19 3.0419e-19 1.92699e-19 1.21893e-19 7.69926e-20 4.85629e-20 3.05882e-20 1.92401e-20 1.20858e-20 7.58167e-21
1.38927e-10 6.52836e-10 1.81715e-09 3.86161e-09 6.89824e-09 1.08832e-08 1.56181e-08 2.07851e-08 2.60013e-08 3.0878e-08 3.50728e-08 3.83269e-08 4.04831e-08 4.14891e-08 4.13854e-08 4.02864e-08 3.83563e-08 3.5786e-08 3.27722e-08 2.95013e-08 2.61379e-08 2.28179e-08 1.96468e-08 1.66996e-08 1.40236e-08 1.16431e-08 9.56347e-09 7.77602e-09 6.26222e-09 4.9974e-09 3.95368e-09 3.10228e-09 2.41519e-09 1.86624e-09 1.43177e-09 1.09094e-09 8.25803e-10 6.21177e-10 4.64436e-10 3.45232e-10 2.55191e-10 1.8762e-10 1.37226e-10 9.98654e-11 7.23256e-11 5.21361e-11 3.74129e-11 2.67302e-11 1.90171e-11 1.34742e-11 9.50894e-12 6.68475e-12 4.68177e-12 3.26704e-12 2.27176e-12 1.57427e-12 1.08728e-12 7.48498e-13 5.13646e-13 3.51397e-13 2.39676e-13 1.62997e-13 1.10533e-13 7.47474e-14 5.041e-14 3.39065e-14 2.2747e-14 1.52217e-14 1.01608e-14 6.7661e-15 4.49492e-15 2.9792e-15 1.97012e-15 1.29993e-15 8.5587e-16 5.62303e-16 3.68662e-16 2.41212e-16 1.57508e-16 1.02648e-16 6.67678e-17 4.33474e-17 2.80903e-17 1.81702e-17 1.17325e-17 7.56242e-18 4.86616e-18 3.12593e-18 2.00471e-18 1.28357e-18 8.20523e-19 5.23698e-19 3.33733e-19 2.12353e-19 1.34918e-19 8.55941e-20 5.42238e-20 3.4302e-20 2.16691e-20 1.36699e-20 8.61195e-21
