0.818178 0.000454546 0.000431796 0.000410184 0.000389655 0.000370152 0.000351626 0.000334027 0.000317309 0.000301428 0.000286341 0.00027201 0.000258396 0.000245463 0.000233178 0.000221507 0.000210421 0.000199889 0.000189885 0.000180381 0.000171353 0.000162777 0.00015463 0.00014689 0.000139539 0.000132555 0.00012592 0.000119618 0.000113631 0.000107944 0.000102541 9.74091e-05 9.25337e-05 8.79024e-05 8.35029e-05 7.93236e-05 7.53534e-05 7.1582e-05 6.79993e-05 6.45959e-05 6.13629e-05 5.82917e-05 5.53742e-05 5.26027e-05 4.99699e-05 4.74689e-05 4.50931e-05 4.28362e-05 4.06923e-05 3.86556e-05 3.67209e-05 3.4883e-05 3.31371e-05 3.14786e-05 2.99031e-05 2.84064e-05 2.69847e-05 2.56341e-05 2.43511e-05 2.31323e-05 2.19746e-05 2.08747e-05 1.983e-05 1.88375e-05 1.78947e-05 1.6999e-05 1.61482e-05 1.534e-05 1.45722e-05 1.38429e-05 1.31501e-05 1.24919e-05 1.18667e-05 1.12727e-05 1.07085e-05 1.01726e-05 9.66345e-06 9.17979e-06 8.72034e-06 8.28389e-06 7.86928e-06 7.47542e-06 7.10128e-06 6.74586e-06 6.40823e-06 6.08749e-06 5.78281e-06 5.49338e-06 5.21844e-06 4.95726e-06 4.70915e-06 4.47345e-06 4.24956e-06 4.03687e-06 3.83482e-06 3.64289e-06 3.46056e-06 3.28736e-06 3.12283e-06 2.96653e-06 2.81805e-06
0.000454546 6.77559e-05 6.52202e-05 6.27686e-05 6.0399e-05 5.81094e-05 5.58977e-05 5.37618e-05 5.16997e-05 4.97094e-05 4.77887e-05 4.59358e-05 4.41487e-05 4.24254e-05 4.0764e-05 3.91626e-05 3.76194e-05 3.61326e-05 3.47004e-05 3.3321e-05 3.19928e-05 3.0714e-05 2.94832e-05 2.82986e-05 2.71587e-05 2.6062e-05 2.50071e-05 2.39925e-05 2.30168e-05 2.20787e-05 2.11768e-05 2.03099e-05 1.94767e-05 1.86761e-05 1.79068e-05 1.71677e-05 1.64577e-05 1.57759e-05 1.5121e-05 1.44922e-05 1.38884e-05 1.33088e-05 1.27524e-05 1.22184e-05 1.17058e-05 1.1214e-05 1.07421e-05 1.02893e-05 9.85496e-06 9.4383e-06 9.03867e-06 8.6554e-06 8.28785e-06 7.93541e-06 7.59749e-06 7.27351e-06 6.96294e-06 6.66523e-06 6.37988e-06 6.1064e-06 5.84431e-06 5.59316e-06 5.35251e-06 5.12194e-06 4.90104e-06 4.68942e-06 4.48671e-06 4.29255e-06 4.10657e-06 3.92847e-06 3.7579e-06 3.59457e-06 3.43817e-06 3.28842e-06 3.14506e-06 3.0078e-06 2.87641e-06 2.75063e-06 2.63024e-06 2.51501e-06 2.40472e-06 2.29918e-06 2.19817e-06 2.10152e-06 2.00903e-06 1.92054e-06 1.83588e-06 1.75487e-06 1.67738e-06 1.60325e-06 1.53234e-06 1.46451e-06 1.39963e-06 1.33758e-06 1.27823e-06 1.22147e-06 1.16719e-06 1.11529e-06 1.06565e-06 1.01819e-06 9.72818e-07
0.000431796 6.52202e-05 6.28961e-05 6.06429e-05 5.84593e-05 5.63437e-05 5.42949e-05 5.23113e-05 5.03915e-05 4.8534e-05 4.67374e-05 4.50001e-05 4.33206e-05 4.16975e-05 4.01292e-05 3.86144e-05 3.71515e-05 3.57391e-05 3.43757e-05 3.306e-05 3.17906e-05 3.0566e-05 2.93851e-05 2.82463e-05 2.71484e-05 2.60903e-05 2.50705e-05 2.40879e-05 2.31413e-05 2.22296e-05 2.13515e-05 2.05061e-05 1.96921e-05 1.89087e-05 1.81546e-05 1.74289e-05 1.67308e-05 1.60591e-05 1.5413e-05 1.47916e-05 1.41941e-05 1.36195e-05 1.30671e-05 1.25361e-05 1.20257e-05 1.15352e-05 1.10638e-05 1.06109e-05 1.01758e-05 9.75782e-06 9.35631e-06 8.9707e-06 8.60037e-06 8.24477e-06 7.90333e-06 7.57553e-06 7.26085e-06 6.9588e-06 6.66889e-06 6.39066e-06 6.12365e-06 5.86745e-06 5.62164e-06 5.3858e-06 5.15956e-06 4.94254e-06 4.73439e-06 4.53475e-06 4.34329e-06 4.15969e-06 3.98364e-06 3.81484e-06 3.65301e-06 3.49786e-06 3.34914e-06 3.20658e-06 3.06994e-06 2.93898e-06 2.81347e-06 2.6932e-06 2.57795e-06 2.46752e-06 2.36171e-06 2.26034e-06 2.16323e-06 2.0702e-06 1.98108e-06 1.89572e-06 1.81397e-06 1.73566e-06 1.66068e-06 1.58886e-06 1.52009e-06 1.45425e-06 1.3912e-06 1.33083e-06 1.27303e-06 1.2177e-06 1.16473e-06 1.11403e-06 1.06549e-06
0.000410184 6.27686e-05 6.06429e-05 5.85761e-05 5.65674e-05 5.4616e-05 5.27211e-05 5.08817e-05 4.9097e-05 4.73659e-05 4.56874e-05 4.40605e-05 4.24841e-05 4.09571e-05 3.94784e-05 3.8047e-05 3.66616e-05 3.53213e-05 3.40248e-05 3.27711e-05 3.15591e-05 3.03876e-05 2.92556e-05 2.8162e-05 2.71057e-05 2.60857e-05 2.5101e-05 2.41504e-05 2.32331e-05 2.2348e-05 2.14941e-05 2.06705e-05 1.98763e-05 1.91106e-05 1.83724e-05 1.76608e-05 1.69751e-05 1.63144e-05 1.56779e-05 1.50647e-05 1.44742e-05 1.39055e-05 1.3358e-05 1.28309e-05 1.23235e-05 1.18351e-05 1.13652e-05 1.09129e-05 1.04779e-05 1.00593e-05 9.65676e-06 9.26958e-06 8.89724e-06 8.53922e-06 8.195e-06 7.86409e-06 7.546e-06 7.24027e-06 6.94644e-06 6.66409e-06 6.39278e-06 6.13212e-06 5.88171e-06 5.64116e-06 5.41011e-06 5.1882e-06 4.97508e-06 4.77044e-06 4.57394e-06 4.38528e-06 4.20416e-06 4.0303e-06 3.8634e-06 3.70322e-06 3.54948e-06 3.40194e-06 3.26036e-06 3.12452e-06 2.99417e-06 2.86912e-06 2.74916e-06 2.63408e-06 2.5237e-06 2.41782e-06 2.31628e-06 2.2189e-06 2.12551e-06 2.03596e-06 1.9501e-06 1.86777e-06 1.78884e-06 1.71317e-06 1.64063e-06 1.5711e-06 1.50445e-06 1.44057e-06 1.37935e-06 1.32067e-06 1.26444e-06 1.21056e-06 1.15892e-06
0.000389655 6.0399e-05 5.84593e-05 5.65674e-05 5.47233e-05 5.29266e-05 5.11771e-05 4.94742e-05 4.78176e-05 4.62066e-05 4.46406e-05 4.3119e-05 4.16412e-05 4.02063e-05 3.88137e-05 3.74626e-05 3.61522e-05 3.48816e-05 3.365e-05 3.24566e-05 3.13006e-05 3.0181e-05 2.90971e-05 2.80479e-05 2.70327e-05 2.60505e-05 2.51006e-05 2.4182e-05 2.32939e-05 2.24356e-05 2.16062e-05 2.08048e-05 2.00308e-05 1.92832e-05 1.85614e-05 1.78646e-05 1.7192e-05 1.65429e-05 1.59167e-05 1.53125e-05 1.47297e-05 1.41677e-05 1.36258e-05 1.31033e-05 1.25997e-05 1.21143e-05 1.16465e-05 1.11958e-05 1.07615e-05 1.03432e-05 9.94029e-06 9.55228e-06 9.17866e-06 8.81893e-06 8.47262e-06 8.13927e-06 7.81843e-06 7.50966e-06 7.21255e-06 6.92668e-06 6.65167e-06 6.38711e-06 6.13265e-06 5.88791e-06 5.65256e-06 5.42625e-06 5.20866e-06 4.99947e-06 4.79837e-06 4.60507e-06 4.41929e-06 4.24074e-06 4.06915e-06 3.90428e-06 3.74587e-06 3.59367e-06 3.44747e-06 3.30702e-06 3.17212e-06 3.04256e-06 2.91813e-06 2.79864e-06 2.68391e-06 2.57374e-06 2.46797e-06 2.36643e-06 2.26895e-06 2.17538e-06 2.08557e-06 1.99936e-06 1.91664e-06 1.83724e-06 1.76106e-06 1.68796e-06 1.61782e-06 1.55052e-06 1.48596e-06 1.42403e-06 1.36462e-06 1.30763e-06 1.25297e-06
0.000370152 5.81094e-05 5.63437e-05 5.4616e-05 5.29266e-05 5.12757e-05 4.96634e-05 4.80897e-05 4.65544e-05 4.50575e-05 4.35986e-05 4.21775e-05 4.07939e-05 3.94474e-05 3.81374e-05 3.68636e-05 3.56254e-05 3.44222e-05 3.32535e-05 3.21187e-05 3.10173e-05 2.99484e-05 2.89116e-05 2.79061e-05 2.69313e-05 2.59865e-05 2.50711e-05 2.41843e-05 2.33255e-05 2.24941e-05 2.16893e-05 2.09104e-05 2.01568e-05 1.94279e-05 1.8723e-05 1.80414e-05 1.73825e-05 1.67457e-05 1.61303e-05 1.55357e-05 1.49614e-05 1.44068e-05 1.38712e-05 1.33541e-05 1.2855e-05 1.23732e-05 1.19083e-05 1.14598e-05 1.10271e-05 1.06097e-05 1.02072e-05 9.81907e-06 9.44484e-06 9.08408e-06 8.73634e-06 8.40119e-06 8.07823e-06 7.76705e-06 7.46725e-06 7.17845e-06 6.90028e-06 6.63238e-06 6.3744e-06 6.12599e-06 5.88684e-06 5.65661e-06 5.435e-06 5.2217e-06 5.01644e-06 4.81891e-06 4.62885e-06 4.44599e-06 4.27008e-06 4.10087e-06 3.93811e-06 3.78158e-06 3.63105e-06 3.4863e-06 3.34712e-06 3.21331e-06 3.08467e-06 2.96101e-06 2.84214e-06 2.7279e-06 2.6181e-06 2.51259e-06 2.4112e-06 2.31378e-06 2.22018e-06 2.13026e-06 2.04387e-06 1.96089e-06 1.88119e-06 1.80464e-06 1.73111e-06 1.66051e-06 1.59271e-06 1.52761e-06 1.4651e-06 1.40508e-06 1.34746e-06
0.000351626 5.58977e-05 5.42949e-05 5.27211e-05 5.11771e-05 4.96634e-05 4.81805e-05 4.67288e-05 4.53086e-05 4.39199e-05 4.25629e-05 4.12377e-05 3.99441e-05 3.8682e-05 3.74514e-05 3.62519e-05 3.50833e-05 3.39453e-05 3.28375e-05 3.17597e-05 3.07113e-05 2.96919e-05 2.87012e-05 2.77385e-05 2.68035e-05 2.58957e-05 2.50144e-05 2.41592e-05 2.33296e-05 2.2525e-05 2.17449e-05 2.09888e-05 2.0256e-05 1.9546e-05 1.88583e-05 1.81924e-05 1.75477e-05 1.69237e-05 1.63197e-05 1.57354e-05 1.51702e-05 1.46235e-05 1.40949e-05 1.35839e-05 1.30899e-05 1.26125e-05 1.21512e-05 1.17056e-05 1.12751e-05 1.08593e-05 1.04578e-05 1.00702e-05 9.69603e-06 9.33487e-06 8.98632e-06 8.65e-06 8.32552e-06 8.0125e-06 7.71058e-06 7.41941e-06 7.13863e-06 6.86791e-06 6.60692e-06 6.35534e-06 6.11286e-06 5.87917e-06 5.65399e-06 5.43703e-06 5.228e-06 5.02665e-06 4.8327e-06 4.64591e-06 4.46603e-06 4.29282e-06 4.12605e-06 3.96549e-06 3.81093e-06 3.66216e-06 3.51898e-06 3.38117e-06 3.24857e-06 3.12097e-06 2.99821e-06 2.8801e-06 2.76648e-06 2.65719e-06 2.55208e-06 2.45098e-06 2.35376e-06 2.26026e-06 2.17037e-06 2.08394e-06 2.00084e-06 1.92096e-06 1.84417e-06 1.77037e-06 1.69943e-06 1.63125e-06 1.56573e-06 1.50277e-06 1.44227e-06
0.000334027 5.37618e-05 5.23113e-05 5.08817e-05 4.94742e-05 4.80897e-05 4.67288e-05 4.53924e-05 4.4081e-05 4.27951e-05 4.1535e-05 4.0301e-05 3.90933e-05 3.79122e-05 3.67575e-05 3.56295e-05 3.45279e-05 3.34528e-05 3.2404e-05 3.13813e-05 3.03846e-05 2.94135e-05 2.84677e-05 2.75471e-05 2.66512e-05 2.57797e-05 2.49322e-05 2.41084e-05 2.33078e-05 2.253e-05 2.17747e-05 2.10413e-05 2.03295e-05 1.96388e-05 1.89687e-05 1.83189e-05 1.76888e-05 1.70779e-05 1.6486e-05 1.59124e-05 1.53568e-05 1.48187e-05 1.42977e-05 1.37933e-05 1.33051e-05 1.28327e-05 1.23756e-05 1.19334e-05 1.15058e-05 1.10923e-05 1.06925e-05 1.0306e-05 9.93248e-06 9.57152e-06 9.22276e-06 8.88584e-06 8.5604e-06 8.24611e-06 7.94262e-06 7.6496e-06 7.36673e-06 7.0937e-06 6.83019e-06 6.57591e-06 6.33057e-06 6.09388e-06 5.86556e-06 5.64534e-06 5.43297e-06 5.22817e-06 5.03072e-06 4.84036e-06 4.65685e-06 4.47998e-06 4.30951e-06 4.14524e-06 3.98695e-06 3.83444e-06 3.68752e-06 3.54599e-06 3.40966e-06 3.27837e-06 3.15192e-06 3.03017e-06 2.91293e-06 2.80006e-06 2.6914e-06 2.5868e-06 2.48611e-06 2.38921e-06 2.29596e-06 2.20621e-06 2.11986e-06 2.03677e-06 1.95683e-06 1.87993e-06 1.80596e-06 1.7348e-06 1.66636e-06 1.60054e-06 1.53724e-06
0.000317309 5.16997e-05 5.03915e-05 4.9097e-05 4.78176e-05 4.65544e-05 4.53086e-05 4.4081e-05 4.28726e-05 4.16841e-05 4.0516e-05 3.93689e-05 3.82432e-05 3.71394e-05 3.60576e-05 3.49981e-05 3.39611e-05 3.29467e-05 3.19549e-05 3.09857e-05 3.0039e-05 2.91149e-05 2.82131e-05 2.73336e-05 2.6476e-05 2.56403e-05 2.48262e-05 2.40333e-05 2.32616e-05 2.25105e-05 2.17799e-05 2.10695e-05 2.03787e-05 1.97075e-05 1.90553e-05 1.84218e-05 1.78067e-05 1.72095e-05 1.663e-05 1.60676e-05 1.55222e-05 1.49932e-05 1.44802e-05 1.39831e-05 1.35012e-05 1.30343e-05 1.2582e-05 1.2144e-05 1.17198e-05 1.13091e-05 1.09115e-05 1.05267e-05 1.01544e-05 9.79425e-06 9.44584e-06 9.10887e-06 8.78302e-06 8.46799e-06 8.16344e-06 7.86909e-06 7.58463e-06 7.30977e-06 7.04422e-06 6.7877e-06 6.53994e-06 6.30067e-06 6.06963e-06 5.84657e-06 5.63124e-06 5.42339e-06 5.22279e-06 5.02921e-06 4.84242e-06 4.66221e-06 4.48836e-06 4.32068e-06 4.15895e-06 4.00298e-06 3.85259e-06 3.70758e-06 3.56778e-06 3.43302e-06 3.30312e-06 3.17793e-06 3.05728e-06 2.94102e-06 2.82899e-06 2.72107e-06 2.61709e-06 2.51694e-06 2.42046e-06 2.32755e-06 2.23807e-06 2.15191e-06 2.06894e-06 1.98906e-06 1.91215e-06 1.83812e-06 1.76685e-06 1.69826e-06 1.63224e-06
0.000301428 4.97094e-05 4.8534e-05 4.73659e-05 4.62066e-05 4.50575e-05 4.39199e-05 4.27951e-05 4.16841e-05 4.05878e-05 3.95071e-05 3.84426e-05 3.73951e-05 3.63651e-05 3.53531e-05 3.43595e-05 3.33846e-05 3.24286e-05 3.14918e-05 3.05744e-05 2.96764e-05 2.8798e-05 2.79391e-05 2.70997e-05 2.62797e-05 2.54792e-05 2.46979e-05 2.39357e-05 2.31925e-05 2.2468e-05 2.17621e-05 2.10745e-05 2.0405e-05 1.97533e-05 1.91192e-05 1.85023e-05 1.79025e-05 1.73193e-05 1.67525e-05 1.62019e-05 1.5667e-05 1.51475e-05 1.46432e-05 1.41537e-05 1.36788e-05 1.32179e-05 1.2771e-05 1.23375e-05 1.19173e-05 1.151e-05 1.11152e-05 1.07327e-05 1.03622e-05 1.00033e-05 9.65577e-06 9.31928e-06 8.99354e-06 8.67826e-06 8.37316e-06 8.07796e-06 7.79238e-06 7.51615e-06 7.24901e-06 6.99069e-06 6.74095e-06 6.49952e-06 6.26617e-06 6.04065e-06 5.82274e-06 5.6122e-06 5.40881e-06 5.21236e-06 5.02262e-06 4.83939e-06 4.66248e-06 4.49167e-06 4.32679e-06 4.16764e-06 4.01403e-06 3.8658e-06 3.72277e-06 3.58478e-06 3.45165e-06 3.32323e-06 3.19936e-06 3.07991e-06 2.96471e-06 2.85363e-06 2.74653e-06 2.64327e-06 2.54374e-06 2.4478e-06 2.35533e-06 2.26622e-06 2.18034e-06 2.09759e-06 2.01786e-06 1.94105e-06 1.86706e-06 1.79578e-06 1.72713e-06
0.000286341 4.77887e-05 4.67374e-05 4.56874e-05 4.46406e-05 4.35986e-05 4.25629e-05 4.1535e-05 4.0516e-05 3.95071e-05 3.85092e-05 3.75234e-05 3.65504e-05 3.5591e-05 3.46457e-05 3.37152e-05 3.27999e-05 3.19002e-05 3.10166e-05 3.01493e-05 2.92985e-05 2.84644e-05 2.76472e-05 2.68471e-05 2.60639e-05 2.52979e-05 2.45489e-05 2.38169e-05 2.31019e-05 2.24038e-05 2.17224e-05 2.10577e-05 2.04094e-05 1.97774e-05 1.91615e-05 1.85615e-05 1.79772e-05 1.74083e-05 1.68547e-05 1.6316e-05 1.57921e-05 1.52826e-05 1.47874e-05 1.4306e-05 1.38384e-05 1.33841e-05 1.2943e-05 1.25147e-05 1.20989e-05 1.16955e-05 1.1304e-05 1.09243e-05 1.0556e-05 1.0199e-05 9.85278e-06 9.51726e-06 9.19211e-06 8.87707e-06 8.57188e-06 8.2763e-06 7.99005e-06 7.7129e-06 7.4446e-06 7.18491e-06 6.93358e-06 6.6904e-06 6.45513e-06 6.22754e-06 6.00742e-06 5.79454e-06 5.58871e-06 5.38972e-06 5.19735e-06 5.01142e-06 4.83174e-06 4.6581e-06 4.49035e-06 4.32828e-06 4.17173e-06 4.02052e-06 3.8745e-06 3.7335e-06 3.59735e-06 3.46592e-06 3.33904e-06 3.21658e-06 3.09839e-06 2.98433e-06 2.87427e-06 2.76808e-06 2.66564e-06 2.56681e-06 2.47149e-06 2.37956e-06 2.29089e-06 2.20539e-06 2.12295e-06 2.04347e-06 1.96684e-06 1.89298e-06 1.82178e-06
0.00027201 4.59358e-05 4.50001e-05 4.40605e-05 4.3119e-05 4.21775e-05 4.12377e-05 4.0301e-05 3.93689e-05 3.84426e-05 3.75234e-05 3.66123e-05 3.57102e-05 3.48181e-05 3.39366e-05 3.30666e-05 3.22085e-05 3.13631e-05 3.05307e-05 2.97118e-05 2.89067e-05 2.81157e-05 2.73392e-05 2.65773e-05 2.58301e-05 2.50978e-05 2.43806e-05 2.36784e-05 2.29913e-05 2.23192e-05 2.16622e-05 2.10202e-05 2.03932e-05 1.97809e-05 1.91833e-05 1.86003e-05 1.80318e-05 1.74774e-05 1.69372e-05 1.64109e-05 1.58983e-05 1.53991e-05 1.49133e-05 1.44406e-05 1.39807e-05 1.35334e-05 1.30985e-05 1.26758e-05 1.2265e-05 1.18659e-05 1.14782e-05 1.11018e-05 1.07362e-05 1.03814e-05 1.00371e-05 9.70301e-06 9.37891e-06 9.06456e-06 8.75974e-06 8.4642e-06 8.17773e-06 7.90008e-06 7.63103e-06 7.37037e-06 7.11787e-06 6.87331e-06 6.63649e-06 6.40719e-06 6.18522e-06 5.97036e-06 5.76242e-06 5.56121e-06 5.36653e-06 5.1782e-06 4.99604e-06 4.81987e-06 4.64951e-06 4.48479e-06 4.32554e-06 4.17161e-06 4.02283e-06 3.87905e-06 3.74011e-06 3.60587e-06 3.47618e-06 3.3509e-06 3.2299e-06 3.11303e-06 3.00018e-06 2.89122e-06 2.78601e-06 2.68445e-06 2.58641e-06 2.49179e-06 2.40046e-06 2.31233e-06 2.22729e-06 2.14524e-06 2.06608e-06 1.98972e-06 1.91606e-06
0.000258396 4.41487e-05 4.33206e-05 4.24841e-05 4.16412e-05 4.07939e-05 3.99441e-05 3.90933e-05 3.82432e-05 3.73951e-05 3.65504e-05 3.57102e-05 3.48756e-05 3.40477e-05 3.32272e-05 3.24151e-05 3.1612e-05 3.08187e-05 3.00356e-05 2.92635e-05 2.85026e-05 2.77535e-05 2.70164e-05 2.62917e-05 2.55797e-05 2.48805e-05 2.41944e-05 2.35215e-05 2.28619e-05 2.22156e-05 2.15828e-05 2.09634e-05 2.03575e-05 1.97649e-05 1.91857e-05 1.86199e-05 1.80672e-05 1.75276e-05 1.7001e-05 1.64873e-05 1.59863e-05 1.54978e-05 1.50218e-05 1.4558e-05 1.41062e-05 1.36664e-05 1.32382e-05 1.28215e-05 1.2416e-05 1.20217e-05 1.16382e-05 1.12655e-05 1.09031e-05 1.0551e-05 1.0209e-05 9.87675e-06 9.55413e-06 9.24091e-06 8.93687e-06 8.6418e-06 8.3555e-06 8.07776e-06 7.80836e-06 7.54712e-06 7.29382e-06 7.04826e-06 6.81026e-06 6.57961e-06 6.35612e-06 6.13961e-06 5.92989e-06 5.72678e-06 5.53009e-06 5.33966e-06 5.15531e-06 4.97687e-06 4.80417e-06 4.63706e-06 4.47537e-06 4.31895e-06 4.16764e-06 4.0213e-06 3.87978e-06 3.74294e-06 3.61063e-06 3.48273e-06 3.3591e-06 3.23961e-06 3.12413e-06 3.01255e-06 2.90473e-06 2.80058e-06 2.69996e-06 2.60278e-06 2.50892e-06 2.41827e-06 2.33075e-06 2.24624e-06 2.16465e-06 2.08589e-06 2.00987e-06
0.000245463 4.24254e-05 4.16975e-05 4.09571e-05 4.02063e-05 3.94474e-05 3.8682e-05 3.79122e-05 3.71394e-05 3.63651e-05 3.5591e-05 3.48181e-05 3.40477e-05 3.32808e-05 3.25186e-05 3.17619e-05 3.10115e-05 3.02683e-05 2.95328e-05 2.88057e-05 2.80876e-05 2.7379e-05 2.66803e-05 2.59918e-05 2.53141e-05 2.46473e-05 2.39917e-05 2.33475e-05 2.2715e-05 2.20942e-05 2.14853e-05 2.08883e-05 2.03034e-05 1.97305e-05 1.91698e-05 1.8621e-05 1.80844e-05 1.75597e-05 1.70469e-05 1.6546e-05 1.60569e-05 1.55794e-05 1.51134e-05 1.46589e-05 1.42156e-05 1.37835e-05 1.33624e-05 1.29521e-05 1.25524e-05 1.21633e-05 1.17844e-05 1.14157e-05 1.1057e-05 1.0708e-05 1.03687e-05 1.00387e-05 9.71798e-06 9.40628e-06 9.10343e-06 8.80923e-06 8.52349e-06 8.24604e-06 7.97667e-06 7.71521e-06 7.46148e-06 7.21528e-06 6.97643e-06 6.74477e-06 6.5201e-06 6.30226e-06 6.09107e-06 5.88636e-06 5.68797e-06 5.49572e-06 5.30946e-06 5.12903e-06 4.95426e-06 4.78501e-06 4.62112e-06 4.46244e-06 4.30884e-06 4.16016e-06 4.01626e-06 3.87702e-06 3.7423e-06 3.61196e-06 3.48587e-06 3.36393e-06 3.24599e-06 3.13194e-06 3.02168e-06 2.91507e-06 2.81201e-06 2.7124e-06 2.61613e-06 2.5231e-06 2.4332e-06 2.34634e-06 2.26243e-06 2.18137e-06 2.10307e-06
0.000233178 4.0764e-05 4.01292e-05 3.94784e-05 3.88137e-05 3.81374e-05 3.74514e-05 3.67575e-05 3.60576e-05 3.53531e-05 3.46457e-05 3.39366e-05 3.32272e-05 3.25186e-05 3.1812e-05 3.11082e-05 3.04083e-05 2.97131e-05 2.90234e-05 2.83398e-05 2.7663e-05 2.69936e-05 2.63321e-05 2.5679e-05 2.50346e-05 2.43994e-05 2.37737e-05 2.31577e-05 2.25518e-05 2.19561e-05 2.13708e-05 2.07961e-05 2.0232e-05 1.96788e-05 1.91363e-05 1.86048e-05 1.80842e-05 1.75745e-05 1.70758e-05 1.65879e-05 1.61108e-05 1.56445e-05 1.51889e-05 1.47439e-05 1.43095e-05 1.38854e-05 1.34717e-05 1.30681e-05 1.26746e-05 1.2291e-05 1.19171e-05 1.15529e-05 1.11981e-05 1.08527e-05 1.05164e-05 1.01891e-05 9.87066e-06 9.56087e-06 9.25957e-06 8.96661e-06 8.68181e-06 8.40501e-06 8.13604e-06 7.87472e-06 7.62089e-06 7.37439e-06 7.13504e-06 6.90269e-06 6.67716e-06 6.4583e-06 6.24595e-06 6.03994e-06 5.84012e-06 5.64634e-06 5.45844e-06 5.27627e-06 5.09968e-06 4.92854e-06 4.76269e-06 4.60199e-06 4.44631e-06 4.2955e-06 4.14945e-06 4.00801e-06 3.87105e-06 3.73846e-06 3.61011e-06 3.48588e-06 3.36564e-06 3.2493e-06 3.13672e-06 3.02781e-06 2.92246e-06 2.82055e-06 2.722e-06 2.62669e-06 2.53453e-06 2.44544e-06 2.3593e-06 2.27604e-06 2.19556e-06
0.000221507 3.91626e-05 3.86144e-05 3.8047e-05 3.74626e-05 3.68636e-05 3.62519e-05 3.56295e-05 3.49981e-05 3.43595e-05 3.37152e-05 3.30666e-05 3.24151e-05 3.17619e-05 3.11082e-05 3.04551e-05 2.98036e-05 2.91545e-05 2.85087e-05 2.78671e-05 2.72301e-05 2.65987e-05 2.59732e-05 2.53543e-05 2.47425e-05 2.41381e-05 2.35415e-05 2.29532e-05 2.23734e-05 2.18024e-05 2.12404e-05 2.06877e-05 2.01444e-05 1.96106e-05 1.90865e-05 1.85721e-05 1.80676e-05 1.7573e-05 1.70883e-05 1.66136e-05 1.61488e-05 1.56939e-05 1.52489e-05 1.48137e-05 1.43883e-05 1.39726e-05 1.35666e-05 1.31701e-05 1.2783e-05 1.24053e-05 1.20368e-05 1.16773e-05 1.13269e-05 1.09853e-05 1.06525e-05 1.03282e-05 1.00124e-05 9.70486e-06 9.40548e-06 9.11411e-06 8.8306e-06 8.5548e-06 8.28655e-06 8.02571e-06 7.77213e-06 7.52564e-06 7.28611e-06 7.05338e-06 6.8273e-06 6.60772e-06 6.39449e-06 6.18747e-06 5.98651e-06 5.79146e-06 5.60218e-06 5.41854e-06 5.24038e-06 5.06759e-06 4.90001e-06 4.73751e-06 4.57997e-06 4.42726e-06 4.27924e-06 4.1358e-06 3.99681e-06 3.86215e-06 3.7317e-06 3.60535e-06 3.48298e-06 3.36449e-06 3.24976e-06 3.13869e-06 3.03117e-06 2.92711e-06 2.82639e-06 2.72894e-06 2.63464e-06 2.54341e-06 2.45516e-06 2.3698e-06 2.28724e-06
0.000210421 3.76194e-05 3.71515e-05 3.66616e-05 3.61522e-05 3.56254e-05 3.50833e-05 3.45279e-05 3.39611e-05 3.33846e-05 3.27999e-05 3.22085e-05 3.1612e-05 3.10115e-05 3.04083e-05 2.98036e-05 2.91983e-05 2.85934e-05 2.79899e-05 2.73885e-05 2.67901e-05 2.61953e-05 2.56048e-05 2.50191e-05 2.44389e-05 2.38645e-05 2.32965e-05 2.27352e-05 2.2181e-05 2.16343e-05 2.10953e-05 2.05642e-05 2.00414e-05 1.95269e-05 1.9021e-05 1.85238e-05 1.80354e-05 1.75559e-05 1.70854e-05 1.66239e-05 1.61715e-05 1.57282e-05 1.5294e-05 1.48688e-05 1.44527e-05 1.40457e-05 1.36476e-05 1.32584e-05 1.28781e-05 1.25065e-05 1.21437e-05 1.17894e-05 1.14436e-05 1.11063e-05 1.07772e-05 1.04562e-05 1.01434e-05 9.83845e-06 9.54133e-06 9.25189e-06 8.96999e-06 8.69552e-06 8.42832e-06 8.16828e-06 7.91525e-06 7.6691e-06 7.42969e-06 7.19689e-06 6.97054e-06 6.75053e-06 6.53671e-06 6.32895e-06 6.12711e-06 5.93106e-06 5.74066e-06 5.55579e-06 5.3763e-06 5.20209e-06 5.03301e-06 4.86894e-06 4.70975e-06 4.55533e-06 4.40556e-06 4.26031e-06 4.11946e-06 3.98292e-06 3.85055e-06 3.72225e-06 3.59791e-06 3.47742e-06 3.36069e-06 3.2476e-06 3.13806e-06 3.03196e-06 2.92922e-06 2.82973e-06 2.73341e-06 2.64017e-06 2.5499e-06 2.46254e-06 2.378e-06
0.000199889 3.61326e-05 3.57391e-05 3.53213e-05 3.48816e-05 3.44222e-05 3.39453e-05 3.34528e-05 3.29467e-05 3.24286e-05 3.19002e-05 3.13631e-05 3.08187e-05 3.02683e-05 2.97131e-05 2.91545e-05 2.85934e-05 2.80309e-05 2.74679e-05 2.69054e-05 2.6344e-05 2.57846e-05 2.52279e-05 2.46745e-05 2.41249e-05 2.35798e-05 2.30396e-05 2.25048e-05 2.19757e-05 2.14528e-05 2.09363e-05 2.04267e-05 1.99241e-05 1.94288e-05 1.89409e-05 1.84608e-05 1.79884e-05 1.7524e-05 1.70677e-05 1.66196e-05 1.61797e-05 1.57481e-05 1.53248e-05 1.49099e-05 1.45033e-05 1.41051e-05 1.37152e-05 1.33336e-05 1.29603e-05 1.25952e-05 1.22383e-05 1.18894e-05 1.15486e-05 1.12157e-05 1.08907e-05 1.05735e-05 1.02639e-05 9.96187e-06 9.66731e-06 9.3801e-06 9.10014e-06 8.8273e-06 8.56147e-06 8.30253e-06 8.05036e-06 7.80483e-06 7.56583e-06 7.33324e-06 7.10692e-06 6.88675e-06 6.67261e-06 6.46437e-06 6.26191e-06 6.06511e-06 5.87384e-06 5.68798e-06 5.5074e-06 5.33199e-06 5.16163e-06 4.9962e-06 4.83558e-06 4.67966e-06 4.52832e-06 4.38145e-06 4.23894e-06 4.10068e-06 3.96656e-06 3.83648e-06 3.71033e-06 3.588e-06 3.46941e-06 3.35445e-06 3.24302e-06 3.13503e-06 3.03038e-06 2.92898e-06 2.83075e-06 2.7356e-06 2.64343e-06 2.55418e-06 2.46774e-06
0.000189885 3.47004e-05 3.43757e-05 3.40248e-05 3.365e-05 3.32535e-05 3.28375e-05 3.2404e-05 3.19549e-05 3.14918e-05 3.10166e-05 3.05307e-05 3.00356e-05 2.95328e-05 2.90234e-05 2.85087e-05 2.79899e-05 2.74679e-05 2.69439e-05 2.64186e-05 2.58929e-05 2.53677e-05 2.48436e-05 2.43214e-05 2.38017e-05 2.3285e-05 2.27719e-05 2.22629e-05 2.17584e-05 2.12588e-05 2.07646e-05 2.0276e-05 1.97934e-05 1.9317e-05 1.8847e-05 1.83838e-05 1.79274e-05 1.74782e-05 1.70361e-05 1.66013e-05 1.6174e-05 1.57542e-05 1.5342e-05 1.49374e-05 1.45405e-05 1.41513e-05 1.37698e-05 1.33961e-05 1.303e-05 1.26716e-05 1.23209e-05 1.19778e-05 1.16422e-05 1.13141e-05 1.09934e-05 1.06801e-05 1.03741e-05 1.00753e-05 9.78361e-06 9.49894e-06 9.22119e-06 8.95028e-06 8.6861e-06 8.42855e-06 8.17752e-06 7.93291e-06 7.6946e-06 7.46249e-06 7.23646e-06 7.0164e-06 6.8022e-06 6.59374e-06 6.39091e-06 6.1936e-06 6.0017e-06 5.81508e-06 5.63364e-06 5.45726e-06 5.28583e-06 5.11925e-06 4.9574e-06 4.80017e-06 4.64746e-06 4.49916e-06 4.35516e-06 4.21536e-06 4.07966e-06 3.94796e-06 3.82015e-06 3.69614e-06 3.57584e-06 3.45914e-06 3.34596e-06 3.2362e-06 3.12977e-06 3.02659e-06 2.92657e-06 2.82962e-06 2.73566e-06 2.6446e-06 2.55638e-06
0.000180381 3.3321e-05 3.306e-05 3.27711e-05 3.24566e-05 3.21187e-05 3.17597e-05 3.13813e-05 3.09857e-05 3.05744e-05 3.01493e-05 2.97118e-05 2.92635e-05 2.88057e-05 2.83398e-05 2.78671e-05 2.73885e-05 2.69054e-05 2.64186e-05 2.59291e-05 2.54378e-05 2.49455e-05 2.4453e-05 2.3961e-05 2.34701e-05 2.29811e-05 2.24944e-05 2.20105e-05 2.153e-05 2.10534e-05 2.05809e-05 2.0113e-05 1.96501e-05 1.91924e-05 1.87402e-05 1.82937e-05 1.78533e-05 1.7419e-05 1.69911e-05 1.65698e-05 1.61551e-05 1.57472e-05 1.53461e-05 1.4952e-05 1.4565e-05 1.4185e-05 1.38121e-05 1.34463e-05 1.30877e-05 1.27363e-05 1.2392e-05 1.20548e-05 1.17247e-05 1.14016e-05 1.10856e-05 1.07765e-05 1.04743e-05 1.0179e-05 9.89044e-06 9.60857e-06 9.33333e-06 9.06462e-06 8.80236e-06 8.54647e-06 8.29686e-06 8.05342e-06 7.81606e-06 7.5847e-06 7.35921e-06 7.13952e-06 6.92551e-06 6.71707e-06 6.51412e-06 6.31653e-06 6.12422e-06 5.93707e-06 5.75498e-06 5.57785e-06 5.40557e-06 5.23804e-06 5.07516e-06 4.91682e-06 4.76292e-06 4.61337e-06 4.46806e-06 4.32689e-06 4.18978e-06 4.05661e-06 3.92731e-06 3.80176e-06 3.67989e-06 3.5616e-06 3.4468e-06 3.3354e-06 3.22732e-06 3.12247e-06 3.02077e-06 2.92213e-06 2.82648e-06 2.73374e-06 2.64382e-06
0.000171353 3.19928e-05 3.17906e-05 3.15591e-05 3.13006e-05 3.10173e-05 3.07113e-05 3.03846e-05 3.0039e-05 2.96764e-05 2.92985e-05 2.89067e-05 2.85026e-05 2.80876e-05 2.7663e-05 2.72301e-05 2.67901e-05 2.6344e-05 2.58929e-05 2.54378e-05 2.49795e-05 2.45189e-05 2.40569e-05 2.35941e-05 2.31313e-05 2.2669e-05 2.2208e-05 2.17487e-05 2.12916e-05 2.08373e-05 2.03862e-05 1.99387e-05 1.94951e-05 1.90558e-05 1.86211e-05 1.81913e-05 1.77666e-05 1.73473e-05 1.69336e-05 1.65256e-05 1.61236e-05 1.57276e-05 1.53378e-05 1.49543e-05 1.45772e-05 1.42065e-05 1.38424e-05 1.34848e-05 1.31339e-05 1.27895e-05 1.24519e-05 1.21208e-05 1.17964e-05 1.14787e-05 1.11675e-05 1.08629e-05 1.05648e-05 1.02732e-05 9.988e-06 9.7092e-06 9.43671e-06 9.17046e-06 8.91039e-06 8.65641e-06 8.40846e-06 8.16646e-06 7.93031e-06 7.69993e-06 7.47524e-06 7.25615e-06 7.04257e-06 6.83439e-06 6.63154e-06 6.43391e-06 6.24141e-06 6.05395e-06 5.87143e-06 5.69375e-06 5.52082e-06 5.35254e-06 5.18881e-06 5.02955e-06 4.87465e-06 4.72402e-06 4.57757e-06 4.43521e-06 4.29684e-06 4.16237e-06 4.03171e-06 3.90478e-06 3.78149e-06 3.66174e-06 3.54545e-06 3.43255e-06 3.32293e-06 3.21654e-06 3.11327e-06 3.01306e-06 2.91583e-06 2.82149e-06 2.72998e-06
0.000162777 3.0714e-05 3.0566e-05 3.03876e-05 3.0181e-05 2.99484e-05 2.96919e-05 2.94135e-05 2.91149e-05 2.8798e-05 2.84644e-05 2.81157e-05 2.77535e-05 2.7379e-05 2.69936e-05 2.65987e-05 2.61953e-05 2.57846e-05 2.53677e-05 2.49455e-05 2.45189e-05 2.40889e-05 2.36562e-05 2.32217e-05 2.2786e-05 2.23497e-05 2.19136e-05 2.14782e-05 2.1044e-05 2.06116e-05 2.01814e-05 1.97538e-05 1.93293e-05 1.89081e-05 1.84907e-05 1.80773e-05 1.76683e-05 1.72638e-05 1.68642e-05 1.64695e-05 1.60801e-05 1.56961e-05 1.53176e-05 1.49447e-05 1.45776e-05 1.42164e-05 1.38612e-05 1.3512e-05 1.31688e-05 1.28318e-05 1.25009e-05 1.21763e-05 1.18578e-05 1.15455e-05 1.12394e-05 1.09395e-05 1.06457e-05 1.03581e-05 1.00765e-05 9.801e-06 9.53151e-06 9.26796e-06 9.01031e-06 8.7585e-06 8.51246e-06 8.27212e-06 8.03742e-06 7.80827e-06 7.58461e-06 7.36635e-06 7.15342e-06 6.94573e-06 6.7432e-06 6.54575e-06 6.35328e-06 6.16571e-06 5.98296e-06 5.80493e-06 5.63155e-06 5.46271e-06 5.29833e-06 5.13832e-06 4.9826e-06 4.83107e-06 4.68365e-06 4.54025e-06 4.40079e-06 4.26517e-06 4.13332e-06 4.00514e-06 3.88056e-06 3.75949e-06 3.64185e-06 3.52756e-06 3.41654e-06 3.30872e-06 3.204e-06 3.10233e-06 3.00362e-06 2.90779e-06 2.81478e-06
0.00015463 2.94832e-05 2.93851e-05 2.92556e-05 2.90971e-05 2.89116e-05 2.87012e-05 2.84677e-05 2.82131e-05 2.79391e-05 2.76472e-05 2.73392e-05 2.70164e-05 2.66803e-05 2.63321e-05 2.59732e-05 2.56048e-05 2.52279e-05 2.48436e-05 2.4453e-05 2.40569e-05 2.36562e-05 2.32519e-05 2.28446e-05 2.24351e-05 2.2024e-05 2.16121e-05 2.12e-05 2.07881e-05 2.0377e-05 1.99672e-05 1.95592e-05 1.91533e-05 1.875e-05 1.83496e-05 1.79525e-05 1.75589e-05 1.71691e-05 1.67835e-05 1.64021e-05 1.60253e-05 1.56532e-05 1.5286e-05 1.49239e-05 1.45669e-05 1.42152e-05 1.3869e-05 1.35282e-05 1.3193e-05 1.28634e-05 1.25396e-05 1.22214e-05 1.1909e-05 1.16024e-05 1.13016e-05 1.10066e-05 1.07173e-05 1.04339e-05 1.01562e-05 9.88419e-06 9.61791e-06 9.3573e-06 9.1023e-06 8.85287e-06 8.60897e-06 8.37053e-06 8.13749e-06 7.9098e-06 7.68739e-06 7.47019e-06 7.25813e-06 7.05113e-06 6.84914e-06 6.65206e-06 6.45983e-06 6.27236e-06 6.08958e-06 5.9114e-06 5.73774e-06 5.56853e-06 5.40368e-06 5.24311e-06 5.08674e-06 4.93448e-06 4.78625e-06 4.64198e-06 4.50157e-06 4.36496e-06 4.23205e-06 4.10277e-06 3.97705e-06 3.85479e-06 3.73593e-06 3.62038e-06 3.50808e-06 3.39894e-06 3.29289e-06 3.18986e-06 3.08977e-06 2.99256e-06 2.89815e-06
0.00014689 2.82986e-05 2.82463e-05 2.8162e-05 2.80479e-05 2.79061e-05 2.77385e-05 2.75471e-05 2.73336e-05 2.70997e-05 2.68471e-05 2.65773e-05 2.62917e-05 2.59918e-05 2.5679e-05 2.53543e-05 2.50191e-05 2.46745e-05 2.43214e-05 2.3961e-05 2.35941e-05 2.32217e-05 2.28446e-05 2.24636e-05 2.20794e-05 2.16928e-05 2.13043e-05 2.09147e-05 2.05245e-05 2.01343e-05 1.97444e-05 1.93555e-05 1.8968e-05 1.85822e-05 1.81986e-05 1.78175e-05 1.74392e-05 1.7064e-05 1.66922e-05 1.6324e-05 1.59598e-05 1.55996e-05 1.52437e-05 1.48923e-05 1.45455e-05 1.42034e-05 1.38662e-05 1.3534e-05 1.32068e-05 1.28849e-05 1.25681e-05 1.22566e-05 1.19505e-05 1.16498e-05 1.13544e-05 1.10645e-05 1.07799e-05 1.05009e-05 1.02272e-05 9.95895e-06 9.69611e-06 9.43863e-06 9.1865e-06 8.93967e-06 8.69811e-06 8.46178e-06 8.23063e-06 8.0046e-06 7.78365e-06 7.56771e-06 7.35673e-06 7.15065e-06 6.94939e-06 6.75289e-06 6.56109e-06 6.37391e-06 6.19129e-06 6.01314e-06 5.8394e-06 5.67e-06 5.50485e-06 5.34389e-06 5.18703e-06 5.0342e-06 4.88533e-06 4.74034e-06 4.59915e-06 4.46168e-06 4.32787e-06 4.19763e-06 4.07089e-06 3.94758e-06 3.82762e-06 3.71094e-06 3.59747e-06 3.48713e-06 3.37986e-06 3.27558e-06 3.17423e-06 3.07573e-06 2.98002e-06
0.000139539 2.71587e-05 2.71484e-05 2.71057e-05 2.70327e-05 2.69313e-05 2.68035e-05 2.66512e-05 2.6476e-05 2.62797e-05 2.60639e-05 2.58301e-05 2.55797e-05 2.53141e-05 2.50346e-05 2.47425e-05 2.44389e-05 2.41249e-05 2.38017e-05 2.34701e-05 2.31313e-05 2.2786e-05 2.24351e-05 2.20794e-05 2.17197e-05 2.13567e-05 2.0991e-05 2.06233e-05 2.02542e-05 1.98842e-05 1.95138e-05 1.91437e-05 1.87741e-05 1.84055e-05 1.80383e-05 1.7673e-05 1.73097e-05 1.69489e-05 1.65909e-05 1.62358e-05 1.5884e-05 1.55357e-05 1.51911e-05 1.48504e-05 1.45138e-05 1.41814e-05 1.38533e-05 1.35297e-05 1.32107e-05 1.28965e-05 1.25869e-05 1.22823e-05 1.19826e-05 1.16878e-05 1.13981e-05 1.11134e-05 1.08338e-05 1.05593e-05 1.02898e-05 1.00255e-05 9.76628e-06 9.51214e-06 9.26306e-06 9.01904e-06 8.78003e-06 8.54601e-06 8.31694e-06 8.09278e-06 7.87349e-06 7.65901e-06 7.44931e-06 7.24432e-06 7.04399e-06 6.84827e-06 6.65708e-06 6.47038e-06 6.2881e-06 6.11017e-06 5.93652e-06 5.7671e-06 5.60183e-06 5.44064e-06 5.28346e-06 5.13022e-06 4.98086e-06 4.8353e-06 4.69347e-06 4.5553e-06 4.42072e-06 4.28965e-06 4.16204e-06 4.0378e-06 3.91687e-06 3.79918e-06 3.68466e-06 3.57324e-06 3.46486e-06 3.35944e-06 3.25692e-06 3.15724e-06 3.06032e-06
0.000132555 2.6062e-05 2.60903e-05 2.60857e-05 2.60505e-05 2.59865e-05 2.58957e-05 2.57797e-05 2.56403e-05 2.54792e-05 2.52979e-05 2.50978e-05 2.48805e-05 2.46473e-05 2.43994e-05 2.41381e-05 2.38645e-05 2.35798e-05 2.3285e-05 2.29811e-05 2.2669e-05 2.23497e-05 2.2024e-05 2.16928e-05 2.13567e-05 2.10164e-05 2.06728e-05 2.03263e-05 1.99777e-05 1.96275e-05 1.92761e-05 1.89242e-05 1.85722e-05 1.82205e-05 1.78695e-05 1.75196e-05 1.71712e-05 1.68246e-05 1.64801e-05 1.61381e-05 1.57987e-05 1.54622e-05 1.51289e-05 1.47989e-05 1.44724e-05 1.41496e-05 1.38307e-05 1.35159e-05 1.32051e-05 1.28986e-05 1.25964e-05 1.22987e-05 1.20055e-05 1.17169e-05 1.14329e-05 1.11537e-05 1.08791e-05 1.06093e-05 1.03443e-05 1.00841e-05 9.82862e-06 9.578e-06 9.33217e-06 9.09113e-06 8.85486e-06 8.62333e-06 8.39654e-06 8.17443e-06 7.95698e-06 7.74416e-06 7.53592e-06 7.33222e-06 7.133e-06 6.93823e-06 6.74785e-06 6.5618e-06 6.38004e-06 6.20249e-06 6.02911e-06 5.85984e-06 5.6946e-06 5.53335e-06 5.37601e-06 5.22252e-06 5.07282e-06 4.92683e-06 4.78451e-06 4.64577e-06 4.51056e-06 4.37881e-06 4.25045e-06 4.12541e-06 4.00364e-06 3.88505e-06 3.7696e-06 3.65721e-06 3.54782e-06 3.44137e-06 3.33779e-06 3.23702e-06 3.13899e-06
0.00012592 2.50071e-05 2.50705e-05 2.5101e-05 2.51006e-05 2.50711e-05 2.50144e-05 2.49322e-05 2.48262e-05 2.46979e-05 2.45489e-05 2.43806e-05 2.41944e-05 2.39917e-05 2.37737e-05 2.35415e-05 2.32965e-05 2.30396e-05 2.27719e-05 2.24944e-05 2.2208e-05 2.19136e-05 2.16121e-05 2.13043e-05 2.0991e-05 2.06728e-05 2.03504e-05 2.00246e-05 1.96959e-05 1.93648e-05 1.9032e-05 1.86979e-05 1.8363e-05 1.80278e-05 1.76927e-05 1.7358e-05 1.70242e-05 1.66917e-05 1.63606e-05 1.60314e-05 1.57043e-05 1.53795e-05 1.50573e-05 1.4738e-05 1.44217e-05 1.41086e-05 1.37989e-05 1.34928e-05 1.31903e-05 1.28917e-05 1.2597e-05 1.23063e-05 1.20197e-05 1.17374e-05 1.14593e-05 1.11855e-05 1.09162e-05 1.06512e-05 1.03908e-05 1.01348e-05 9.88334e-06 9.63639e-06 9.39398e-06 9.1561e-06 8.92273e-06 8.69389e-06 8.46954e-06 8.24966e-06 8.03425e-06 7.82325e-06 7.61665e-06 7.41441e-06 7.21648e-06 7.02284e-06 6.83343e-06 6.64821e-06 6.46713e-06 6.29014e-06 6.11718e-06 5.94822e-06 5.78318e-06 5.62201e-06 5.46466e-06 5.31107e-06 5.16118e-06 5.01492e-06 4.87224e-06 4.73308e-06 4.59737e-06 4.46506e-06 4.33608e-06 4.21036e-06 4.08786e-06 3.9685e-06 3.85223e-06 3.73898e-06 3.6287e-06 3.52132e-06 3.41678e-06 3.31502e-06 3.21598e-06
0.000119618 2.39925e-05 2.40879e-05 2.41504e-05 2.4182e-05 2.41843e-05 2.41592e-05 2.41084e-05 2.40333e-05 2.39357e-05 2.38169e-05 2.36784e-05 2.35215e-05 2.33475e-05 2.31577e-05 2.29532e-05 2.27352e-05 2.25048e-05 2.22629e-05 2.20105e-05 2.17487e-05 2.14782e-05 2.12e-05 2.09147e-05 2.06233e-05 2.03263e-05 2.00246e-05 1.97187e-05 1.94092e-05 1.90968e-05 1.8782e-05 1.84653e-05 1.81472e-05 1.78281e-05 1.75085e-05 1.71888e-05 1.68694e-05 1.65506e-05 1.62328e-05 1.59162e-05 1.56013e-05 1.52881e-05 1.49771e-05 1.46684e-05 1.43622e-05 1.40588e-05 1.37583e-05 1.34609e-05 1.31668e-05 1.28761e-05 1.25888e-05 1.23053e-05 1.20254e-05 1.17494e-05 1.14774e-05 1.12093e-05 1.09452e-05 1.06853e-05 1.04295e-05 1.0178e-05 9.93061e-06 9.68751e-06 9.44867e-06 9.2141e-06 8.98381e-06 8.7578e-06 8.53607e-06 8.31859e-06 8.10537e-06 7.89637e-06 7.69158e-06 7.49096e-06 7.29449e-06 7.10214e-06 6.91387e-06 6.72963e-06 6.5494e-06 6.37312e-06 6.20076e-06 6.03225e-06 5.86756e-06 5.70664e-06 5.54943e-06 5.39587e-06 5.24593e-06 5.09954e-06 4.95664e-06 4.81718e-06 4.68111e-06 4.54836e-06 4.41889e-06 4.29262e-06 4.16951e-06 4.04949e-06 3.93252e-06 3.81852e-06 3.70744e-06 3.59923e-06 3.49383e-06 3.39118e-06 3.29122e-06
0.000113631 2.30168e-05 2.31413e-05 2.32331e-05 2.32939e-05 2.33255e-05 2.33296e-05 2.33078e-05 2.32616e-05 2.31925e-05 2.31019e-05 2.29913e-05 2.28619e-05 2.2715e-05 2.25518e-05 2.23734e-05 2.2181e-05 2.19757e-05 2.17584e-05 2.153e-05 2.12916e-05 2.1044e-05 2.07881e-05 2.05245e-05 2.02542e-05 1.99777e-05 1.96959e-05 1.94092e-05 1.91185e-05 1.88242e-05 1.85269e-05 1.82271e-05 1.79253e-05 1.7622e-05 1.73176e-05 1.70126e-05 1.67072e-05 1.6402e-05 1.60972e-05 1.57932e-05 1.54902e-05 1.51886e-05 1.48886e-05 1.45904e-05 1.42944e-05 1.40006e-05 1.37093e-05 1.34207e-05 1.31349e-05 1.28521e-05 1.25724e-05 1.2296e-05 1.2023e-05 1.17535e-05 1.14875e-05 1.12251e-05 1.09665e-05 1.07117e-05 1.04608e-05 1.02138e-05 9.97065e-06 9.73153e-06 9.4964e-06 9.2653e-06 9.03824e-06 8.81522e-06 8.59625e-06 8.38133e-06 8.17046e-06 7.96361e-06 7.76079e-06 7.56196e-06 7.3671e-06 7.1762e-06 6.98922e-06 6.80613e-06 6.6269e-06 6.45148e-06 6.27985e-06 6.11196e-06 5.94776e-06 5.78723e-06 5.63029e-06 5.47692e-06 5.32707e-06 5.18067e-06 5.03769e-06 4.89807e-06 4.76176e-06 4.6287e-06 4.49885e-06 4.37215e-06 4.24855e-06 4.12799e-06 4.01041e-06 3.89577e-06 3.78401e-06 3.67507e-06 3.56891e-06 3.46546e-06 3.36468e-06
0.000107944 2.20787e-05 2.22296e-05 2.2348e-05 2.24356e-05 2.24941e-05 2.2525e-05 2.253e-05 2.25105e-05 2.2468e-05 2.24038e-05 2.23192e-05 2.22156e-05 2.20942e-05 2.19561e-05 2.18024e-05 2.16343e-05 2.14528e-05 2.12588e-05 2.10534e-05 2.08373e-05 2.06116e-05 2.0377e-05 2.01343e-05 1.98842e-05 1.96275e-05 1.93648e-05 1.90968e-05 1.88242e-05 1.85474e-05 1.82671e-05 1.79838e-05 1.76979e-05 1.741e-05 1.71205e-05 1.68298e-05 1.65383e-05 1.62464e-05 1.59545e-05 1.56628e-05 1.53717e-05 1.50814e-05 1.47923e-05 1.45046e-05 1.42186e-05 1.39344e-05 1.36523e-05 1.33724e-05 1.3095e-05 1.28202e-05 1.25481e-05 1.22789e-05 1.20127e-05 1.17497e-05 1.14899e-05 1.12334e-05 1.09804e-05 1.07308e-05 1.04848e-05 1.02424e-05 1.00037e-05 9.76864e-06 9.53736e-06 9.30986e-06 9.08616e-06 8.86628e-06 8.65022e-06 8.43801e-06 8.22963e-06 8.02508e-06 7.82437e-06 7.62748e-06 7.43439e-06 7.24508e-06 7.05954e-06 6.87774e-06 6.69966e-06 6.52525e-06 6.3545e-06 6.18736e-06 6.02381e-06 5.86379e-06 5.70728e-06 5.55422e-06 5.40458e-06 5.25832e-06 5.11538e-06 4.97572e-06 4.83929e-06 4.70605e-06 4.57595e-06 4.44893e-06 4.32494e-06 4.20394e-06 4.08588e-06 3.9707e-06 3.85836e-06 3.7488e-06 3.64197e-06 3.53782e-06 3.4363e-06
0.000102541 2.11768e-05 2.13515e-05 2.14941e-05 2.16062e-05 2.16893e-05 2.17449e-05 2.17747e-05 2.17799e-05 2.17621e-05 2.17224e-05 2.16622e-05 2.15828e-05 2.14853e-05 2.13708e-05 2.12404e-05 2.10953e-05 2.09363e-05 2.07646e-05 2.05809e-05 2.03862e-05 2.01814e-05 1.99672e-05 1.97444e-05 1.95138e-05 1.92761e-05 1.9032e-05 1.8782e-05 1.85269e-05 1.82671e-05 1.80033e-05 1.7736e-05 1.74656e-05 1.71927e-05 1.69178e-05 1.66411e-05 1.63631e-05 1.60843e-05 1.5805e-05 1.55254e-05 1.5246e-05 1.4967e-05 1.46887e-05 1.44114e-05 1.41353e-05 1.38606e-05 1.35876e-05 1.33165e-05 1.30475e-05 1.27806e-05 1.25161e-05 1.22542e-05 1.1995e-05 1.17385e-05 1.14849e-05 1.12344e-05 1.0987e-05 1.07427e-05 1.05017e-05 1.02641e-05 1.00298e-05 9.79903e-06 9.57172e-06 9.34795e-06 9.12774e-06 8.91112e-06 8.69811e-06 8.48873e-06 8.28299e-06 8.08089e-06 7.88243e-06 7.68761e-06 7.49642e-06 7.30886e-06 7.1249e-06 6.94453e-06 6.76773e-06 6.59447e-06 6.42474e-06 6.25849e-06 6.09571e-06 5.93635e-06 5.78039e-06 5.62778e-06 5.47849e-06 5.33248e-06 5.1897e-06 5.05013e-06 4.91371e-06 4.7804e-06 4.65015e-06 4.52292e-06 4.39867e-06 4.27734e-06 4.1589e-06 4.04329e-06 3.93046e-06 3.82037e-06 3.71297e-06 3.60821e-06 3.50604e-06
9.74091e-05 2.03099e-05 2.05061e-05 2.06705e-05 2.08048e-05 2.09104e-05 2.09888e-05 2.10413e-05 2.10695e-05 2.10745e-05 2.10577e-05 2.10202e-05 2.09634e-05 2.08883e-05 2.07961e-05 2.06877e-05 2.05642e-05 2.04267e-05 2.0276e-05 2.0113e-05 1.99387e-05 1.97538e-05 1.95592e-05 1.93555e-05 1.91437e-05 1.89242e-05 1.86979e-05 1.84653e-05 1.82271e-05 1.79838e-05 1.7736e-05 1.74842e-05 1.72289e-05 1.69707e-05 1.67099e-05 1.64469e-05 1.61822e-05 1.59162e-05 1.56492e-05 1.53816e-05 1.51137e-05 1.48458e-05 1.45782e-05 1.43111e-05 1.40449e-05 1.37797e-05 1.35158e-05 1.32534e-05 1.29926e-05 1.27338e-05 1.24769e-05 1.22223e-05 1.197e-05 1.17201e-05 1.14728e-05 1.12283e-05 1.09865e-05 1.07477e-05 1.05118e-05 1.0279e-05 1.00494e-05 9.8229e-06 9.59967e-06 9.37974e-06 9.16313e-06 8.9499e-06 8.74006e-06 8.53364e-06 8.33066e-06 8.13113e-06 7.93505e-06 7.74244e-06 7.55329e-06 7.3676e-06 7.18535e-06 7.00655e-06 6.83117e-06 6.65919e-06 6.4906e-06 6.32538e-06 6.1635e-06 6.00493e-06 5.84964e-06 5.6976e-06 5.54878e-06 5.40315e-06 5.26066e-06 5.12129e-06 4.98499e-06 4.85172e-06 4.72145e-06 4.59412e-06 4.46971e-06 4.34816e-06 4.22943e-06 4.11349e-06 4.00027e-06 3.88975e-06 3.78187e-06 3.6766e-06 3.57387e-06
9.25337e-05 1.94767e-05 1.96921e-05 1.98763e-05 2.00308e-05 2.01568e-05 2.0256e-05 2.03295e-05 2.03787e-05 2.0405e-05 2.04094e-05 2.03932e-05 2.03575e-05 2.03034e-05 2.0232e-05 2.01444e-05 2.00414e-05 1.99241e-05 1.97934e-05 1.96501e-05 1.94951e-05 1.93293e-05 1.91533e-05 1.8968e-05 1.87741e-05 1.85722e-05 1.8363e-05 1.81472e-05 1.79253e-05 1.76979e-05 1.74656e-05 1.72289e-05 1.69883e-05 1.67443e-05 1.64973e-05 1.62477e-05 1.5996e-05 1.57426e-05 1.54877e-05 1.52319e-05 1.49753e-05 1.47183e-05 1.44612e-05 1.42043e-05 1.39478e-05 1.3692e-05 1.34371e-05 1.31833e-05 1.29309e-05 1.268e-05 1.24308e-05 1.21834e-05 1.1938e-05 1.16948e-05 1.14539e-05 1.12154e-05 1.09794e-05 1.0746e-05 1.05154e-05 1.02875e-05 1.00625e-05 9.84043e-06 9.62138e-06 9.40539e-06 9.1925e-06 8.98276e-06 8.7762e-06 8.57286e-06 8.37276e-06 8.17592e-06 7.98235e-06 7.79207e-06 7.60508e-06 7.42138e-06 7.24098e-06 7.06386e-06 6.89003e-06 6.71946e-06 6.55214e-06 6.38807e-06 6.22721e-06 6.06955e-06 5.91505e-06 5.76371e-06 5.61548e-06 5.47034e-06 5.32826e-06 5.1892e-06 5.05313e-06 4.92002e-06 4.78983e-06 4.66251e-06 4.53804e-06 4.41637e-06 4.29746e-06 4.18128e-06 4.06778e-06 3.95692e-06 3.84865e-06 3.74295e-06 3.63975e-06
