0.287481 0.0599171 0.0310366 0.0175399 0.0100814 0.00574462 0.00322604 0.00178667 0.000978063 0.000530394 0.000285445 0.000152664 8.12276e-05 4.30298e-05 2.27095e-05 1.19464e-05 6.26657e-06 3.2789e-06 1.7118e-06 8.91865e-07 4.63824e-07 2.40817e-07 1.24842e-07 6.46294e-08 3.34145e-08 1.72545e-08 8.89812e-09 4.58041e-09 2.34847e-09 1.18925e-09 6.11251e-10
0.0599171 0.0162786 0.00799066 0.00380442 0.00178506 0.000836702 0.000394202 0.000187018 8.93317e-05 4.29276e-05 2.07336e-05 1.00567e-05 4.89522e-06 2.38986e-06 1.16964e-06 5.73654e-07 2.8186e-07 1.38706e-07 6.83504e-08 3.37211e-08 1.66538e-08 8.23233e-09 4.07273e-09 2.01632e-09 9.98851e-10 4.95034e-10 2.45342e-10 1.21421e-10 5.97121e-11 2.8679e-11 1.42552e-11
0.0310366 0.00799066 0.00319339 0.00137257 0.000610932 0.000278134 0.000128798 6.04448e-05 2.86655e-05 1.37067e-05 6.59678e-06 3.1914e-06 1.55042e-06 7.5579e-07 3.69472e-07 1.81046e-07 8.88927e-08 4.37203e-08 2.15347e-08 1.06206e-08 5.24372e-09 2.59152e-09 1.28187e-09 6.34539e-10 3.14297e-10 1.55734e-10 7.71419e-11 3.81153e-11 1.86501e-11 9.18654e-12 4.56637e-12
0.0175399 0.00380442 0.00137257 0.000553421 0.000237332 0.000105681 4.82608e-05 2.24371e-05 1.05694e-05 5.02843e-06 2.41052e-06 1.16243e-06 5.63223e-07 2.7394e-07 1.33658e-07 6.53844e-08 3.20559e-08 1.57455e-08 7.74646e-09 3.8164e-09 1.88249e-09 9.29545e-10 4.59424e-10 2.27251e-10 1.1248e-10 5.56896e-11 2.75541e-11 1.35851e-11 6.72075e-12 3.30977e-12 1.64444e-12
0.0100814 0.00178506 0.000610932 0.000237332 9.94193e-05 4.36186e-05 1.97222e-05 9.104e-06 4.26527e-06 2.02032e-06 9.6496e-07 4.63884e-07 2.2415e-07 1.08761e-07 5.2952e-08 2.58538e-08 1.26533e-08 6.20529e-09 3.04845e-09 1.49986e-09 7.38915e-10 3.64451e-10 1.79937e-10 8.89157e-11 4.39666e-11 2.17454e-11 1.07454e-11 5.31861e-12 2.62997e-12 1.29467e-12 6.42814e-13
0.00574462 0.000836702 0.000278134 0.000105681 4.36186e-05 1.89474e-05 8.50647e-06 3.90538e-06 1.82163e-06 8.59628e-07 4.09253e-07 1.96177e-07 9.4551e-08 4.57717e-08 2.22382e-08 1.08371e-08 5.29459e-09 2.59235e-09 1.27164e-09 6.24797e-10 3.07417e-10 1.51444e-10 7.46877e-11 3.68677e-11 1.82113e-11 8.99759e-12 4.4501e-12 2.20121e-12 1.08782e-12 5.35249e-13 2.65562e-13
0.00322604 0.000394202 0.000128798 4.82608e-05 1.97222e-05 8.50647e-06 3.79845e-06 1.73628e-06 8.06869e-07 3.79528e-07 1.80165e-07 8.61386e-08 4.14186e-08 2.00076e-08 9.70167e-09 4.7193e-09 2.30184e-09 1.1253e-09 5.51216e-10 2.70471e-10 1.32914e-10 6.54025e-11 3.22194e-11 1.58878e-11 7.84019e-12 3.87255e-12 1.91386e-12 9.46011e-13 4.67215e-13 2.29776e-13 1.1392e-13
0.00178667 0.000187018 6.04448e-05 2.24371e-05 9.104e-06 3.90538e-06 1.73628e-06 7.90729e-07 3.66272e-07 1.71787e-07 8.13368e-08 3.87962e-08 1.86144e-08 8.97414e-09 4.34366e-09 2.10941e-09 1.02727e-09 5.01482e-10 2.45317e-10 1.20223e-10 5.90107e-11 2.90054e-11 1.42743e-11 7.032e-12 3.46772e-12 1.71144e-12 8.45169e-13 4.17472e-13 2.06052e-13 1.01288e-13 5.01828e-14
0.000978063 8.93317e-05 2.86655e-05 1.05694e-05 4.26527e-06 1.82163e-06 8.06869e-07 3.66272e-07 1.69172e-07 7.9138e-08 3.73813e-08 1.77918e-08 8.51968e-09 4.09994e-09 1.98113e-09 9.60607e-10 4.67141e-10 2.2774e-10 1.11268e-10 5.44659e-11 2.67053e-11 1.3113e-11 6.44703e-12 3.17339e-12 1.5636e-12 7.71088e-13 3.80513e-13 1.87828e-13 9.2651e-14 4.5523e-14 2.25397e-14
0.000530394 4.29276e-05 1.37067e-05 5.02843e-06 2.02032e-06 8.59628e-07 3.79528e-07 1.71787e-07 7.9138e-08 3.69332e-08 1.7408e-08 8.26909e-09 3.95251e-09 1.8989e-09 9.16153e-10 4.43587e-10 2.15429e-10 1.04896e-10 5.11904e-11 2.50306e-11 1.22604e-11 6.01442e-12 2.95442e-12 1.45302e-12 7.15373e-13 3.52523e-13 1.73841e-13 8.57561e-14 4.22771e-14 2.07633e-14 1.02742e-14
0.000285445 2.07336e-05 6.59678e-06 2.41052e-06 9.6496e-07 4.09253e-07 1.80165e-07 8.13368e-08 3.73813e-08 1.7408e-08 8.18891e-09 3.88282e-09 1.85284e-09 8.88787e-10 4.28198e-10 2.07053e-10 1.00432e-10 4.88456e-11 2.38116e-11 1.16315e-11 5.69187e-12 2.78973e-12 1.36923e-12 6.72875e-13 3.31033e-13 1.63013e-13 8.03341e-14 3.96048e-14 1.95142e-14 9.57993e-15 4.7377e-15
0.000152664 1.00567e-05 3.1914e-06 1.16243e-06 4.63884e-07 1.96177e-07 8.61386e-08 3.87962e-08 1.77918e-08 8.26909e-09 3.88282e-09 1.83799e-09 8.75723e-10 4.19478e-10 2.01828e-10 9.74733e-11 4.72257e-11 2.29439e-11 1.11737e-11 5.45297e-12 2.66606e-12 1.30561e-12 6.40307e-13 3.14429e-13 1.5458e-13 7.60706e-14 3.74649e-14 1.84596e-14 9.09076e-15 4.46108e-15 2.20501e-15
8.12276e-05 4.89522e-06 1.55042e-06 5.63223e-07 2.2415e-07 9.4551e-08 4.14186e-08 1.86144e-08 8.51968e-09 3.95251e-09 1.85284e-09 8.75723e-10 4.16651e-10 1.99316e-10 9.5782e-11 4.62052e-11 2.23625e-11 1.08537e-11 5.28078e-12 2.57485e-12 1.25785e-12 6.15507e-13 3.01638e-13 1.48018e-13 7.27208e-14 3.57643e-14 1.76036e-14 8.6688e-15 4.26701e-15 2.09316e-15 1.03407e-15
4.30298e-05 2.38986e-06 7.5579e-07 2.7394e-07 1.08761e-07 4.57717e-08 2.00076e-08 8.97414e-09 4.09994e-09 1.8989e-09 8.88787e-10 4.19478e-10 1.99316e-10 9.52314e-11 4.57116e-11 2.20278e-11 1.06505e-11 5.16439e-12 2.51049e-12 1.22308e-12 5.97024e-13 2.91928e-13 1.42964e-13 7.01081e-14 3.44222e-14 1.69189e-14 8.32301e-15 4.09648e-15 2.01545e-15 9.88315e-16 4.88013e-16
2.27095e-05 1.16964e-06 3.69472e-07 1.33658e-07 5.2952e-08 2.22382e-08 9.70167e-09 4.34366e-09 1.98113e-09 9.16153e-10 4.28198e-10 2.01828e-10 9.5782e-11 4.57116e-11 2.19185e-11 1.05518e-11 5.09703e-12 2.46937e-12 1.19941e-12 5.83883e-13 2.84803e-13 1.39164e-13 6.81065e-14 3.3378e-14 1.63784e-14 8.04564e-15 3.95583e-15 1.94605e-15 9.57019e-16 4.69133e-16 2.31543e-16
1.19464e-05 5.73654e-07 1.81046e-07 6.53844e-08 2.58538e-08 1.08371e-08 4.7193e-09 2.10941e-09 9.60607e-10 4.43587e-10 2.07053e-10 9.74733e-11 4.62052e-11 2.20278e-11 1.05518e-11 5.07497e-12 2.44932e-12 1.18565e-12 5.75443e-13 2.79925e-13 1.36445e-13 6.66276e-14 3.25871e-14 1.5961e-14 7.82758e-15 3.84311e-15 1.8886e-15 9.28644e-16 4.5649e-16 2.237e-16 1.10359e-16
6.26657e-06 2.8186e-07 8.88927e-08 3.20559e-08 1.26533e-08 5.29459e-09 2.30184e-09 1.02727e-09 4.67141e-10 2.15429e-10 1.00432e-10 4.72257e-11 2.23625e-11 1.06505e-11 5.09703e-12 2.44932e-12 1.18114e-12 5.71315e-13 2.77078e-13 1.34692e-13 6.56103e-14 3.20183e-14 1.56506e-14 7.66128e-15 3.75523e-15 1.84277e-15 9.05145e-16 4.44868e-16 2.18593e-16 1.07087e-16 5.28076e-17
3.2789e-06 1.38706e-07 4.37203e-08 1.57455e-08 6.20529e-09 2.59235e-09 1.1253e-09 5.01482e-10 2.2774e-10 1.04896e-10 4.88456e-11 2.29439e-11 1.08537e-11 5.16439e-12 2.46937e-12 1.18565e-12 5.71315e-13 2.76142e-13 1.33832e-13 6.50148e-14 3.165e-14 1.54363e-14 7.54107e-15 3.68952e-15 1.80752e-15 8.86556e-16 4.35265e-16 2.13835e-16 1.05031e-16 5.14384e-17 2.53555e-17
1.7118e-06 6.83504e-08 2.15347e-08 7.74646e-09 3.04845e-09 1.27164e-09 5.51216e-10 2.45317e-10 1.11268e-10 5.11904e-11 2.38116e-11 1.11737e-11 5.28078e-12 2.51049e-12 1.19941e-12 5.75443e-13 2.77078e-13 1.33832e-13 6.48188e-14 3.14691e-14 1.53105e-14 7.46301e-15 3.64395e-15 1.78191e-15 8.72548e-16 4.27771e-16 2.09927e-16 1.03089e-16 5.0616e-17 2.4782e-17 1.2211e-17
8.91865e-07 3.37211e-08 1.06206e-08 3.8164e-09 1.49986e-09 6.24797e-10 2.70471e-10 1.20223e-10 5.44659e-11 2.50306e-11 1.16315e-11 5.45297e-12 2.57485e-12 1.22308e-12 5.83883e-13 2.79925e-13 1.34692e-13 6.50148e-14 3.14691e-14 1.5269e-14 7.42458e-15 3.61714e-15 1.76523e-15 8.6279e-16 4.22285e-16 2.06936e-16 1.0151e-16 4.98291e-17 2.44569e-17 1.1971e-17 5.89642e-18
4.63824e-07 1.66538e-08 5.24372e-09 1.88249e-09 7.38915e-10 3.07417e-10 1.32914e-10 5.90107e-11 2.67053e-11 1.22604e-11 5.69187e-12 2.66606e-12 1.25785e-12 5.97024e-13 2.84803e-13 1.36445e-13 6.56103e-14 3.165e-14 1.53105e-14 7.42458e-15 3.60829e-15 1.757e-15 8.57035e-16 4.18697e-16 2.04837e-16 1.00335e-16 4.91985e-17 2.41413e-17 1.18449e-17 5.79626e-18 2.85397e-18
2.40817e-07 8.23233e-09 2.59152e-09 9.29545e-10 3.64451e-10 1.51444e-10 6.54025e-11 2.90054e-11 1.3113e-11 6.01442e-12 2.78973e-12 1.30561e-12 6.15507e-13 2.91928e-13 1.39164e-13 6.66276e-14 3.20183e-14 1.54363e-14 7.46301e-15 3.61714e-15 1.757e-15 8.55132e-16 4.16924e-16 2.03595e-16 9.95612e-17 4.87482e-17 2.3894e-17 1.17204e-17 5.74867e-18 2.81238e-18 1.38429e-18
1.24842e-07 4.07273e-09 1.28187e-09 4.59424e-10 1.79937e-10 7.46877e-11 3.22194e-11 1.42743e-11 6.44703e-12 2.95442e-12 1.36923e-12 6.40307e-13 3.01638e-13 1.42964e-13 6.81065e-14 3.25871e-14 1.56506e-14 7.54107e-15 3.64395e-15 1.76523e-15 8.57035e-16 4.16924e-16 2.03183e-16 9.91774e-17 4.84797e-17 2.37279e-17 1.1626e-17 5.7007e-18 2.79523e-18 1.36716e-18 6.72713e-19
6.46294e-08 2.01632e-09 6.34539e-10 2.27251e-10 8.89157e-11 3.68677e-11 1.58878e-11 7.032e-12 3.17339e-12 1.45302e-12 6.72875e-13 3.14429e-13 1.48018e-13 7.01081e-14 3.3378e-14 1.5961e-14 7.66128e-15 3.68952e-15 1.78191e-15 8.6279e-16 4.18697e-16 2.03595e-16 9.91774e-17 4.83905e-17 2.36449e-17 1.15685e-17 5.66618e-18 2.77743e-18 1.36145e-18 6.65735e-19 3.27472e-19
3.34145e-08 9.98851e-10 3.14297e-10 1.1248e-10 4.39666e-11 1.82113e-11 7.84019e-12 3.46772e-12 1.5636e-12 7.15373e-13 3.31033e-13 1.5458e-13 7.27208e-14 3.44222e-14 1.63784e-14 7.82758e-15 3.75523e-15 1.80752e-15 8.72548e-16 4.22285e-16 2.04837e-16 9.95612e-17 4.84797e-17 2.36449e-17 1.15492e-17 5.64853e-18 2.76567e-18 1.35523e-18 6.64115e-19 3.24674e-19 1.59657e-19
1.72545e-08 4.95034e-10 1.55734e-10 5.56896e-11 2.17454e-11 8.99759e-12 3.87255e-12 1.71144e-12 7.71088e-13 3.52523e-13 1.63013e-13 7.60706e-14 3.57643e-14 1.69189e-14 8.04564e-15 3.84311e-15 1.84277e-15 8.86556e-16 4.27771e-16 2.06936e-16 1.00335e-16 4.87482e-17 2.37279e-17 1.15685e-17 5.64853e-18 2.76164e-18 1.35173e-18 6.62169e-19 3.24397e-19 1.58557e-19 7.79472e-20
8.89812e-09 2.45342e-10 7.71419e-11 2.75541e-11 1.07454e-11 4.4501e-12 1.91386e-12 8.45169e-13 3.80513e-13 1.73841e-13 8.03341e-14 3.74649e-14 1.76036e-14 8.32301e-15 3.95583e-15 1.8886e-15 9.05145e-16 4.35265e-16 2.09927e-16 1.0151e-16 4.91985e-17 2.3894e-17 1.1626e-17 5.66618e-18 2.76567e-18 1.35173e-18 6.61421e-19 3.23912e-19 1.58641e-19 7.75241e-20 3.81004e-20
4.58041e-09 1.21421e-10 3.81153e-11 1.35851e-11 5.31861e-12 2.20121e-12 9.46011e-13 4.17472e-13 1.87828e-13 8.57561e-14 3.96048e-14 1.84596e-14 8.6688e-15 4.09648e-15 1.94605e-15 9.28644e-16 4.44868e-16 2.13835e-16 1.03089e-16 4.98291e-17 2.41413e-17 1.17204e-17 5.7007e-18 2.77743e-18 1.35523e-18 6.62169e-19 3.23912e-19 1.58582e-19 7.76484e-20 3.79374e-20 1.86399e-20
2.34847e-09 5.97121e-11 1.86501e-11 6.72075e-12 2.62997e-12 1.08782e-12 4.67215e-13 2.06052e-13 9.2651e-14 4.22771e-14 1.95142e-14 9.09076e-15 4.26701e-15 2.01545e-15 9.57019e-16 4.5649e-16 2.18593e-16 1.05031e-16 5.0616e-17 2.44569e-17 1.18449e-17 5.74867e-18 2.79523e-18 1.36145e-18 6.64115e-19 3.24397e-19 1.58641e-19 7.76484e-20 3.80111e-20 1.85681e-20 9.12096e-21
1.18925e-09 2.8679e-11 9.18654e-12 3.30977e-12 1.29467e-12 5.35249e-13 2.29776e-13 1.01288e-13 4.5523e-14 2.07633e-14 9.57993e-15 4.46108e-15 2.09316e-15 9.88315e-16 4.69133e-16 2.237e-16 1.07087e-16 5.14384e-17 2.4782e-17 1.1971e-17 5.79626e-18 2.81238e-18 1.36716e-18 6.65735e-19 3.24674e-19 1.58557e-19 7.75241e-20 3.79374e-20 1.85681e-20 9.06916e-21 4.45408e-21
6.11251e-10 1.42552e-11 4.56637e-12 1.64444e-12 6.42814e-13 2.65562e-13 1.1392e-13 5.01828e-14 2.25397e-14 1.02742e-14 4.7377e-15 2.20501e-15 1.03407e-15 4.88013e-16 2.31543e-16 1.10359e-16 5.28076e-17 2.53555e-17 1.2211e-17 5.89642e-18 2.85397e-18 1.38429e-18 6.72713e-19 3.27472e-19 1.59657e-19 7.79472e-20 3.81004e-20 1.86399e-20 9.12096e-21 4.45408e-21 2.18696e-21
