0.369608 0.0165723 0.0109988 0.00784469 0.00589418 0.00459568 0.00367933 0.00300298 0.00248634 0.00208116 0.00175683 0.001493 0.00127559 0.00109456 0.000942529 0.000813941 0.000704529 0.000610958 0.000530581 0.000461271 0.000401295 0.000349231 0.000303899 0.000264313 0.000229642 0.000199182 0.000172334 0.000148582 0.000127482 0.000108648 9.54508e-05
0.0165723 0.0018526 0.00113479 0.000743925 0.000514481 0.000370851 0.000276006 0.000210579 0.000163815 0.000129414 0.000103506 8.36165e-05 6.81048e-05 5.58471e-05 4.60537e-05 3.81558e-05 3.17353e-05 2.64798e-05 2.21516e-05 1.85679e-05 1.55863e-05 1.30946e-05 1.10039e-05 9.24296e-06 7.75439e-06 6.49177e-06 5.41739e-06 4.50058e-06 3.71652e-06 3.0454e-06 2.6165e-06
0.0109988 0.00113479 0.000668202 0.000424729 0.000287218 0.00020385 0.000150155 0.000113794 8.81501e-05 6.94616e-05 5.54785e-05 4.4791e-05 3.64799e-05 2.99244e-05 2.46922e-05 2.04749e-05 1.70469e-05 1.42404e-05 1.19283e-05 1.00131e-05 8.41879e-06 7.08579e-06 5.96674e-06 5.02382e-06 4.22655e-06 3.55029e-06 2.97506e-06 2.48468e-06 2.06619e-06 1.74869e-06 1.50348e-06
0.00784469 0.000743925 0.000424729 0.000263491 0.00017512 0.000122873 8.98661e-05 6.78235e-05 5.24244e-05 4.12713e-05 3.29584e-05 2.66189e-05 2.16947e-05 1.78122e-05 1.47133e-05 1.22146e-05 1.01825e-05 8.51769e-06 7.14525e-06 6.00758e-06 5.05992e-06 4.2671e-06 3.6012e-06 3.0399e-06 2.56521e-06 2.16259e-06 1.82027e-06 1.52875e-06 1.2959e-06 1.09681e-06 9.43403e-07
0.00589418 0.000514481 0.000287218 0.00017512 0.000115019 8.01247e-05 5.83736e-05 4.39788e-05 3.39781e-05 2.67572e-05 2.13827e-05 1.72857e-05 1.41025e-05 1.15913e-05 9.58542e-06 7.96663e-06 6.64899e-06 5.56865e-06 4.67732e-06 3.93795e-06 3.3217e-06 2.80587e-06 2.37245e-06 2.00702e-06 1.69794e-06 1.43581e-06 1.21303e-06 1.02956e-06 8.72906e-07 7.38838e-07 6.35596e-07
0.00459568 0.000370851 0.00020385 0.000122873 8.01247e-05 5.56067e-05 4.04524e-05 3.04736e-05 2.35581e-05 1.85686e-05 1.48541e-05 1.20205e-05 9.81668e-06 8.07631e-06 6.68475e-06 5.56069e-06 4.64497e-06 3.89361e-06 3.27333e-06 2.75852e-06 2.32925e-06 1.96982e-06 1.66774e-06 1.41301e-06 1.19757e-06 1.01488e-06 8.62089e-07 7.31841e-07 6.20554e-07 5.25263e-07 4.51843e-07
0.00367933 0.000276006 0.000150155 8.98661e-05 5.83736e-05 4.04524e-05 2.94285e-05 2.21857e-05 1.71685e-05 1.35466e-05 1.08474e-05 8.78576e-06 7.18053e-06 5.91149e-06 4.89586e-06 4.07483e-06 3.40555e-06 2.85612e-06 2.40236e-06 2.02564e-06 1.71145e-06 1.44834e-06 1.22721e-06 1.04074e-06 8.83042e-07 7.50319e-07 6.3743e-07 5.41167e-07 4.58893e-07 3.88432e-07 3.3408e-07
0.00300298 0.000210579 0.000113794 6.78235e-05 4.39788e-05 3.04736e-05 2.21857e-05 1.6743e-05 1.29704e-05 1.02437e-05 8.20896e-06 6.65289e-06 5.44001e-06 4.48031e-06 3.71171e-06 3.09006e-06 2.58311e-06 2.16682e-06 1.82296e-06 1.53746e-06 1.29934e-06 1.09994e-06 9.3237e-07 7.91088e-07 6.72023e-07 5.71023e-07 4.85112e-07 4.11851e-07 3.49235e-07 2.95609e-07 2.54183e-07
0.00248634 0.000163815 8.81501e-05 5.24244e-05 3.39781e-05 2.35581e-05 1.71685e-05 1.29704e-05 1.0057e-05 7.94847e-06 6.37299e-06 5.16684e-06 4.22591e-06 3.48092e-06 2.88401e-06 2.40108e-06 2.00719e-06 1.68372e-06 1.41653e-06 1.19471e-06 1.00972e-06 8.54833e-07 7.24696e-07 6.15164e-07 5.22533e-07 4.43968e-07 3.77149e-07 3.20175e-07 2.71485e-07 2.29792e-07 1.97536e-07
0.00208116 0.000129414 6.94616e-05 4.12713e-05 2.67572e-05 1.85686e-05 1.35466e-05 1.02437e-05 7.94847e-06 6.28511e-06 5.04088e-06 4.08751e-06 3.34332e-06 2.75386e-06 2.28146e-06 1.89922e-06 1.58746e-06 1.33146e-06 1.12002e-06 9.44513e-07 7.98183e-07 6.757e-07 5.72881e-07 4.86218e-07 4.12945e-07 3.50813e-07 2.97982e-07 2.52946e-07 2.14466e-07 1.81524e-07 1.55998e-07
0.00175683 0.000103506 5.54785e-05 3.29584e-05 2.13827e-05 1.48541e-05 1.08474e-05 8.20896e-06 6.37299e-06 5.04088e-06 4.04352e-06 3.27881e-06 2.68164e-06 2.20853e-06 1.82935e-06 1.52255e-06 1.27234e-06 1.06692e-06 8.97304e-07 7.56544e-07 6.39217e-07 5.41069e-07 4.58639e-07 3.89181e-07 3.30473e-07 2.80706e-07 2.38403e-07 2.0235e-07 1.71554e-07 1.45197e-07 1.24743e-07
0.001493 8.36165e-05 4.4791e-05 2.66189e-05 1.72857e-05 1.20205e-05 8.78576e-06 6.65289e-06 5.16684e-06 4.08751e-06 3.27881e-06 2.65846e-06 2.1739e-06 1.78998e-06 1.48229e-06 1.23337e-06 1.03041e-06 8.63823e-07 7.26303e-07 6.12215e-07 5.17164e-07 4.37646e-07 3.70884e-07 3.14648e-07 2.67131e-07 2.26865e-07 1.92647e-07 1.63495e-07 1.38601e-07 1.17301e-07 1.00748e-07
0.00127559 6.81048e-05 3.64799e-05 2.16947e-05 1.41025e-05 9.81668e-06 7.18053e-06 5.44001e-06 4.22591e-06 3.34332e-06 2.68164e-06 2.1739e-06 1.77726e-06 1.463e-06 1.21117e-06 1.00748e-06 8.41441e-07 7.05195e-07 5.92759e-07 4.99517e-07 4.21846e-07 3.56889e-07 3.02373e-07 2.56467e-07 2.17692e-07 1.84844e-07 1.56941e-07 1.33176e-07 1.12888e-07 9.55356e-08 8.20303e-08
0.00109456 5.58471e-05 2.99244e-05 1.78122e-05 1.15913e-05 8.07631e-06 5.91149e-06 4.48031e-06 3.48092e-06 2.75386e-06 2.20853e-06 1.78998e-06 1.463e-06 1.20395e-06 9.96405e-07 8.28574e-07 6.91804e-07 5.79609e-07 4.87055e-07 4.10319e-07 3.46419e-07 2.92999e-07 2.4818e-07 2.10453e-07 1.78598e-07 1.51622e-07 1.28714e-07 1.09209e-07 9.25648e-08 7.83322e-08 6.72404e-08
0.000942529 4.60537e-05 2.46922e-05 1.47133e-05 9.58542e-06 6.68475e-06 4.89586e-06 3.71171e-06 2.88401e-06 2.28146e-06 1.82935e-06 1.48229e-06 1.21117e-06 9.96405e-07 8.24375e-07 6.853e-07 5.71998e-07 4.79086e-07 4.02461e-07 3.38953e-07 2.86087e-07 2.41906e-07 2.04852e-07 1.73672e-07 1.47353e-07 1.25074e-07 1.0616e-07 9.00623e-08 7.63291e-08 6.45898e-08 5.54291e-08
0.000813941 3.81558e-05 2.04749e-05 1.22146e-05 7.96663e-06 5.56069e-06 4.07483e-06 3.09006e-06 2.40108e-06 1.89922e-06 1.52255e-06 1.23337e-06 1.00748e-06 8.28574e-07 6.853e-07 5.69505e-07 4.75199e-07 3.97886e-07 3.34147e-07 2.81338e-07 2.37392e-07 2.00679e-07 1.69898e-07 1.44006e-07 1.22158e-07 1.03669e-07 8.79788e-08 7.46289e-08 6.32435e-08 5.35142e-08 4.59126e-08
0.000704529 3.17353e-05 1.70469e-05 1.01825e-05 6.64899e-06 4.64497e-06 3.40555e-06 2.58311e-06 2.00719e-06 1.58746e-06 1.27234e-06 1.03041e-06 8.41441e-07 6.91804e-07 5.71998e-07 4.75199e-07 3.96385e-07 3.31793e-07 2.7856e-07 2.34469e-07 1.97791e-07 1.6716e-07 1.41486e-07 1.19898e-07 1.01687e-07 8.62811e-08 7.32115e-08 6.20949e-08 5.26172e-08 4.45205e-08 3.81869e-08
0.000610958 2.64798e-05 1.42404e-05 8.51769e-06 5.56865e-06 3.89361e-06 2.85612e-06 2.16682e-06 1.68372e-06 1.33146e-06 1.06692e-06 8.63823e-07 7.05195e-07 5.79609e-07 4.79086e-07 3.97886e-07 3.31793e-07 2.77645e-07 2.33032e-07 1.96094e-07 1.65376e-07 1.3973e-07 1.18242e-07 1.00178e-07 8.49463e-08 7.20643e-08 6.11392e-08 5.18496e-08 4.39319e-08 3.717e-08 3.18745e-08
0.000530581 2.21516e-05 1.19283e-05 7.14525e-06 4.67732e-06 3.27333e-06 2.40236e-06 1.82296e-06 1.41653e-06 1.12002e-06 8.97304e-07 7.26303e-07 5.92759e-07 4.87055e-07 4.02461e-07 3.34147e-07 2.7856e-07 2.33032e-07 1.95534e-07 1.64496e-07 1.38693e-07 1.17157e-07 9.91179e-08 8.39584e-08 7.11791e-08 6.03748e-08 5.12146e-08 4.3428e-08 3.67933e-08 3.11288e-08 2.66878e-08
0.000461271 1.85679e-05 1.00131e-05 6.00758e-06 3.93795e-06 2.75852e-06 2.02564e-06 1.53746e-06 1.19471e-06 9.44513e-07 7.56544e-07 6.12215e-07 4.99517e-07 4.10319e-07 3.38953e-07 2.81338e-07 2.34469e-07 1.96094e-07 1.64496e-07 1.3835e-07 1.16619e-07 9.84883e-08 8.33059e-08 7.05507e-08 5.98013e-08 5.07158e-08 4.30152e-08 3.64712e-08 3.08969e-08 2.61391e-08 2.2405e-08
0.000401295 1.55863e-05 8.41879e-06 5.05992e-06 3.3217e-06 2.32925e-06 1.71145e-06 1.29934e-06 1.00972e-06 7.98183e-07 6.39217e-07 5.17164e-07 4.21846e-07 3.46419e-07 2.86087e-07 2.37392e-07 1.97791e-07 1.65376e-07 1.38693e-07 1.16619e-07 9.82795e-08 8.29815e-08 7.01751e-08 5.9419e-08 5.03569e-08 4.26997e-08 3.62115e-08 3.06993e-08 2.60052e-08 2.19997e-08 1.88531e-08
0.000349231 1.30946e-05 7.08579e-06 4.2671e-06 2.80587e-06 1.96982e-06 1.44834e-06 1.09994e-06 8.54833e-07 6.757e-07 5.41069e-07 4.37646e-07 3.56889e-07 2.92999e-07 2.41906e-07 2.00679e-07 1.6716e-07 1.3973e-07 1.17157e-07 9.84883e-08 8.29815e-08 7.00501e-08 5.92278e-08 5.01406e-08 4.24866e-08 3.60208e-08 3.05436e-08 2.58916e-08 2.1931e-08 1.85524e-08 1.58956e-08
0.000303899 1.10039e-05 5.96674e-06 3.6012e-06 2.37245e-06 1.66774e-06 1.22721e-06 9.3237e-07 7.24696e-07 5.72881e-07 4.58639e-07 3.70884e-07 3.02373e-07 2.4818e-07 2.04852e-07 1.69898e-07 1.41486e-07 1.18242e-07 9.91179e-08 8.33059e-08 7.01751e-08 5.92278e-08 5.00682e-08 4.23791e-08 3.59043e-08 3.04361e-08 2.5805e-08 2.18726e-08 1.85256e-08 1.5671e-08 1.34243e-08
0.000264313 9.24296e-06 5.02382e-06 3.0399e-06 2.00702e-06 1.41301e-06 1.04074e-06 7.91088e-07 6.15164e-07 4.86218e-07 3.89181e-07 3.14648e-07 2.56467e-07 2.10453e-07 1.73672e-07 1.44006e-07 1.19898e-07 1.00178e-07 8.39584e-08 7.05507e-08 5.9419e-08 5.01406e-08 4.23791e-08 3.58651e-08 3.03811e-08 2.57508e-08 2.18302e-08 1.85019e-08 1.56697e-08 1.32547e-08 1.13525e-08
0.000229642 7.75439e-06 4.22655e-06 2.56521e-06 1.69794e-06 1.19757e-06 8.83042e-07 6.72023e-07 5.22533e-07 4.12945e-07 3.30473e-07 2.67131e-07 2.17692e-07 1.78598e-07 1.47353e-07 1.22158e-07 1.01687e-07 8.49463e-08 7.11791e-08 5.98013e-08 5.03569e-08 4.24866e-08 3.59043e-08 3.03811e-08 2.57323e-08 2.18079e-08 1.84858e-08 1.56661e-08 1.32672e-08 1.12222e-08 9.61009e-09
0.000199182 6.49177e-06 3.55029e-06 2.16259e-06 1.43581e-06 1.01488e-06 7.50319e-07 5.71023e-07 4.43968e-07 3.50813e-07 2.80706e-07 2.26865e-07 1.84844e-07 1.51622e-07 1.25074e-07 1.03669e-07 8.62811e-08 7.20643e-08 6.03748e-08 5.07158e-08 4.26997e-08 3.60208e-08 3.04361e-08 2.57508e-08 2.18079e-08 1.848e-08 1.56635e-08 1.32734e-08 1.12403e-08 9.5074e-09 8.14051e-09
0.000172334 5.41739e-06 2.97506e-06 1.82027e-06 1.21303e-06 8.62089e-07 6.3743e-07 4.85112e-07 3.77149e-07 2.97982e-07 2.38403e-07 1.92647e-07 1.56941e-07 1.28714e-07 1.0616e-07 8.79788e-08 7.32115e-08 6.11392e-08 5.12146e-08 4.30152e-08 3.62115e-08 3.05436e-08 2.5805e-08 2.18302e-08 1.84858e-08 1.56635e-08 1.32752e-08 1.12488e-08 9.52541e-09 8.05672e-09 6.89755e-09
0.000148582 4.50058e-06 2.48468e-06 1.52875e-06 1.02956e-06 7.31841e-07 5.41167e-07 4.11851e-07 3.20175e-07 2.52946e-07 2.0235e-07 1.63495e-07 1.33176e-07 1.09209e-07 9.00623e-08 7.46289e-08 6.20949e-08 5.18496e-08 4.3428e-08 3.64712e-08 3.06993e-08 2.58916e-08 2.18726e-08 1.85019e-08 1.56661e-08 1.32734e-08 1.12488e-08 9.53127e-09 8.07074e-09 6.82622e-09 5.84351e-09
0.000127482 3.71652e-06 2.06619e-06 1.2959e-06 8.72906e-07 6.20554e-07 4.58893e-07 3.49235e-07 2.71485e-07 2.14466e-07 1.71554e-07 1.38601e-07 1.12888e-07 9.25648e-08 7.63291e-08 6.32435e-08 5.26172e-08 4.39319e-08 3.67933e-08 3.08969e-08 2.60052e-08 2.1931e-08 1.85256e-08 1.56697e-08 1.32672e-08 1.12403e-08 9.52541e-09 8.07074e-09 6.83385e-09 5.77998e-09 4.94754e-09
0.000108648 3.0454e-06 1.74869e-06 1.09681e-06 7.38838e-07 5.25263e-07 3.88432e-07 2.95609e-07 2.29792e-07 1.81524e-07 1.45197e-07 1.17301e-07 9.55356e-08 7.83322e-08 6.45898e-08 5.35142e-08 4.45205e-08 3.717e-08 3.11288e-08 2.61391e-08 2.19997e-08 1.85524e-08 1.5671e-08 1.32547e-08 1.12222e-08 9.5074e-09 8.05672e-09 6.82622e-09 5.77998e-09 4.8886e-09 4.18437e-09
9.54508e-05 2.6165e-06 1.50348e-06 9.43403e-07 6.35596e-07 4.51843e-07 3.3408e-07 2.54183e-07 1.97536e-07 1.55998e-07 1.24743e-07 1.00748e-07 8.20303e-08 6.72404e-08 5.54291e-08 4.59126e-08 3.81869e-08 3.18745e-08 2.66878e-08 2.2405e-08 1.88531e-08 1.58956e-08 1.34243e-08 1.13525e-08 9.61009e-09 8.14051e-09 6.89755e-09 5.84351e-09 4.94754e-09 4.18437e-09 3.58093e-09
