0.100702 0.05899 0.0345555 0.0202422 0.0118576 0.00694602 0.00406888 0.0023835 0.00139622 0.000817886 0.000479107 0.000280654 0.000164403 9.63053e-05 5.64143e-05 3.30468e-05 1.93583e-05 1.13399e-05 6.64273e-06 3.89122e-06 2.27943e-06 1.33526e-06 7.82175e-07 4.58188e-07 2.684e-07 1.57225e-07 9.21004e-08 5.39511e-08 3.16038e-08 1.85131e-08 1.08447e-08 6.35269e-09 3.72132e-09 2.1799e-09 1.27696e-09 7.48023e-10 4.38182e-10 2.56681e-10 1.5036e-10 8.8079e-11 5.15955e-11 3.02239e-11 1.77048e-11 1.03712e-11 6.07532e-12 3.55884e-12 2.08472e-12 1.2212e-12 7.15362e-13 4.1905e-13 2.45474e-13 1.43795e-13 8.42332e-14 4.93427e-14 2.89043e-14 1.69317e-14 9.91838e-15 5.81005e-15 3.40345e-15 1.99369e-15 1.16788e-15 6.84128e-16 4.00753e-16 2.34756e-16 1.37517e-16 8.05554e-17 4.71882e-17 2.76422e-17 1.61924e-17 9.48531e-18 5.55637e-18 3.25485e-18 1.90664e-18 1.11689e-18 6.54257e-19 3.83255e-19 2.24505e-19 1.31512e-19 7.70381e-20 4.51279e-20 2.64353e-20 1.54854e-20 9.07116e-21 5.31376e-21 3.11273e-21 1.82339e-21 1.06812e-21 6.2569e-22 3.66521e-22 2.14703e-22 1.2577e-22 7.36744e-23 4.31575e-23 2.52811e-23 1.48093e-23 8.67509e-24 5.08175e-24 2.97682e-24 1.74378e-24 1.02148e-24 5.98371e-25
0.05899 0.0416924 0.0286035 0.0192045 0.0126843 0.00827066 0.00533711 0.00341477 0.00216925 0.00136967 0.000860295 0.000537904 0.000334987 0.000207882 0.0001286 7.93301e-05 4.88126e-05 2.99657e-05 1.83571e-05 1.12241e-05 6.85072e-06 4.17461e-06 2.54006e-06 1.54336e-06 9.36554e-07 5.67642e-07 3.4366e-07 2.07839e-07 1.25573e-07 7.57985e-08 4.57138e-08 2.75471e-08 1.65869e-08 9.98012e-09 6.00071e-09 3.60563e-09 2.16514e-09 1.29937e-09 7.79342e-10 4.67184e-10 2.79912e-10 1.67626e-10 1.00335e-10 6.00295e-11 3.58995e-11 2.146e-11 1.28232e-11 7.65939e-12 4.57332e-12 2.72968e-12 1.62871e-12 9.71473e-13 5.79267e-13 3.45296e-13 2.05767e-13 1.22584e-13 7.30079e-14 4.347e-14 2.58759e-14 1.53989e-14 9.16179e-15 5.44962e-15 3.2408e-15 1.92682e-15 1.14534e-15 6.80671e-16 4.04437e-16 2.40258e-16 1.42699e-16 8.47386e-17 5.0311e-17 2.98653e-17 1.77253e-17 1.05184e-17 6.24068e-18 3.70208e-18 2.19579e-18 1.30217e-18 7.72116e-19 4.57755e-19 2.71345e-19 1.60824e-19 9.53057e-20 5.64717e-20 3.34569e-20 1.98192e-20 1.17391e-20 6.95228e-21 4.11689e-21 2.4376e-21 1.44313e-21 8.54277e-22 5.05645e-22 2.99259e-22 1.77093e-22 1.04788e-22 6.19985e-23 3.6678e-23 2.16965e-23 1.28331e-23 7.58983e-24
0.0345555 0.0286035 0.0221593 0.0164423 0.0118331 0.00832287 0.00574994 0.0039154 0.00263455 0.00175498 0.00115907 0.000759826 0.000494869 0.000320453 0.000206448 0.00013239 8.45467e-05 5.37893e-05 3.41035e-05 2.15541e-05 1.35831e-05 8.53696e-06 5.35212e-06 3.34769e-06 2.08943e-06 1.30148e-06 8.09144e-07 5.02165e-07 3.11131e-07 1.92468e-07 1.18885e-07 7.33314e-08 4.51726e-08 2.77915e-08 1.70777e-08 1.04822e-08 6.42689e-09 3.93642e-09 2.40865e-09 1.47243e-09 8.99294e-10 5.48774e-10 3.34599e-10 2.03849e-10 1.24097e-10 7.54908e-11 4.58901e-11 2.78771e-11 1.69236e-11 1.02674e-11 6.22536e-12 3.77235e-12 2.28461e-12 1.38284e-12 8.36571e-13 5.05835e-13 3.05702e-13 1.84662e-13 1.11494e-13 6.7287e-14 4.05899e-14 2.44748e-14 1.47516e-14 8.88762e-15 5.35255e-15 3.22233e-15 1.93918e-15 1.16657e-15 7.01534e-16 4.21735e-16 2.53446e-16 1.52261e-16 9.14443e-17 5.49022e-17 3.29528e-17 1.97727e-17 1.18609e-17 7.11288e-18 4.26437e-18 2.55593e-18 1.53154e-18 9.17485e-19 5.49491e-19 3.29015e-19 1.96956e-19 1.17874e-19 7.05294e-20 4.21915e-20 2.52339e-20 1.50886e-20 9.02039e-21 5.39152e-21 3.22188e-21 1.92496e-21 1.14987e-21 6.86746e-22 4.10073e-22 2.4482e-22 1.46135e-22 8.72141e-23 5.20407e-23
0.0202422 0.0192045 0.0164423 0.01323 0.0102048 0.00763138 0.00557248 0.00399231 0.00281585 0.00196021 0.00134939 0.000919967 0.00062191 0.000417283 0.000278122 0.000184262 0.000121418 7.9614e-05 5.19687e-05 3.37831e-05 2.18779e-05 1.41182e-05 9.08107e-06 5.82335e-06 3.72371e-06 2.37478e-06 1.51074e-06 9.58824e-07 6.07195e-07 3.83718e-07 2.42014e-07 1.52356e-07 9.57431e-08 6.00655e-08 3.76225e-08 2.35292e-08 1.46939e-08 9.16348e-09 5.70701e-09 3.5498e-09 2.20531e-09 1.36845e-09 8.48207e-10 5.25177e-10 3.24833e-10 2.00716e-10 1.23904e-10 7.64166e-11 4.70872e-11 2.89897e-11 1.78329e-11 1.09611e-11 6.73202e-12 4.13153e-12 2.53373e-12 1.55276e-12 9.50936e-13 5.81983e-13 3.55951e-13 2.1757e-13 1.32906e-13 8.11398e-14 4.9508e-14 3.01909e-14 1.8401e-14 1.12093e-14 6.82483e-15 4.15326e-15 2.52625e-15 1.53588e-15 9.33333e-16 5.66919e-16 3.44204e-16 2.08893e-16 1.26721e-16 7.6842e-17 4.65773e-17 2.82216e-17 1.70932e-17 1.03491e-17 6.2636e-18 3.78958e-18 2.29196e-18 1.38572e-18 8.37527e-19 5.06035e-19 3.05649e-19 1.84557e-19 1.11405e-19 6.72277e-20 4.05568e-20 2.44599e-20 1.47476e-20 8.88934e-21 5.35672e-21 3.2271e-21 1.94362e-21 1.17031e-21 7.04495e-22 4.23984e-22 2.55102e-22
0.0118576 0.0126843 0.0118331 0.0102048 0.00835342 0.00658518 0.00504396 0.00377607 0.00277446 0.00200682 0.00143231 0.00101052 0.000705773 0.000488541 0.000335485 0.000228735 0.000154945 0.000104342 6.98879e-05 4.65793e-05 3.0903e-05 2.0416e-05 1.3435e-05 8.8087e-06 5.75576e-06 3.74889e-06 2.43443e-06 1.57638e-06 1.01805e-06 6.55811e-07 4.21457e-07 2.70237e-07 1.72904e-07 1.10402e-07 7.03562e-08 4.47531e-08 2.84168e-08 1.80133e-08 1.14e-08 7.20353e-09 4.54505e-09 2.8636e-09 1.80173e-09 1.13212e-09 7.10473e-10 4.45318e-10 2.78793e-10 1.74341e-10 1.08903e-10 6.79551e-11 4.23603e-11 2.63795e-11 1.64118e-11 1.02011e-11 6.33496e-12 3.93065e-12 2.43679e-12 1.50944e-12 9.3426e-13 5.7781e-13 3.57089e-13 2.20521e-13 1.36087e-13 8.39236e-14 5.17202e-14 3.18531e-14 1.9605e-14 1.2059e-14 7.41303e-15 4.55431e-15 2.79641e-15 1.71607e-15 1.05252e-15 6.45201e-16 3.95305e-16 2.42074e-16 1.48166e-16 9.06437e-17 5.54267e-17 3.38765e-17 2.06957e-17 1.26378e-17 7.71381e-18 4.70634e-18 2.87022e-18 1.74973e-18 1.06623e-18 6.49475e-19 3.95463e-19 2.40705e-19 1.46455e-19 8.9077e-20 5.41592e-20 3.29176e-20 2.00002e-20 1.21477e-20 7.37587e-21 4.47704e-21 2.71663e-21 1.64791e-21 9.99318e-22
0.00694602 0.00827066 0.00832287 0.00763138 0.00658518 0.00544059 0.00434873 0.00338605 0.00258061 0.00193184 0.00142426 0.00103628 0.000745333 0.000530622 0.000374336 0.000261927 0.000181919 0.0001255 8.60459e-05 5.86613e-05 3.97832e-05 2.68498e-05 1.80395e-05 1.20693e-05 8.04328e-06 5.34054e-06 3.53374e-06 2.33061e-06 1.53239e-06 1.00463e-06 6.5682e-07 4.28305e-07 2.78601e-07 1.80795e-07 1.17061e-07 7.56326e-08 4.87656e-08 3.13809e-08 2.01559e-08 1.29229e-08 8.27112e-09 5.28506e-09 3.37166e-09 2.14769e-09 1.36602e-09 8.67616e-10 5.50301e-10 3.48577e-10 2.20517e-10 1.39332e-10 8.79301e-11 5.54273e-11 3.48999e-11 2.1951e-11 1.37921e-11 8.65686e-12 5.42829e-12 3.40055e-12 2.12829e-12 1.33082e-12 8.31432e-13 5.18994e-13 3.23695e-13 2.01724e-13 1.25614e-13 7.816e-14 4.85966e-14 3.01933e-14 1.87459e-14 1.16306e-14 7.2111e-15 4.46802e-15 2.76662e-15 1.71202e-15 1.05877e-15 6.54386e-16 4.04213e-16 2.49538e-16 1.53964e-16 9.49434e-17 5.85161e-17 3.6046e-17 2.2193e-17 1.3657e-17 8.39999e-18 5.16408e-18 3.17322e-18 1.94898e-18 1.1965e-18 7.34223e-19 4.50351e-19 2.76114e-19 1.69216e-19 1.03661e-19 6.34764e-20 3.8854e-20 2.37733e-20 1.45404e-20 8.88995e-21 5.43326e-21 3.31943e-21
0.00406888 0.00533711 0.00574994 0.00557248 0.00504396 0.00434873 0.00361351 0.0029162 0.00229802 0.00177516 0.00134819 0.001009 0.000745509 0.000544605 0.000393828 0.00028221 0.000200564 0.000141472 9.91064e-05 6.899e-05 4.77458e-05 3.28651e-05 2.25087e-05 1.53436e-05 1.04136e-05 7.03855e-06 4.73901e-06 3.17914e-06 2.12538e-06 1.41629e-06 9.40862e-07 6.23204e-07 4.11648e-07 2.71189e-07 1.78206e-07 1.16822e-07 7.64062e-08 4.98626e-08 3.24717e-08 2.11035e-08 1.36887e-08 8.86255e-09 5.72765e-09 3.69525e-09 2.38006e-09 1.53051e-09 9.82681e-10 6.3e-10 4.03312e-10 2.57832e-10 1.64606e-10 1.04952e-10 6.68316e-11 4.25053e-11 2.70015e-11 1.7133e-11 1.0859e-11 6.87508e-12 4.34816e-12 2.74719e-12 1.73396e-12 1.09337e-12 6.88789e-13 4.33517e-13 2.72607e-13 1.71273e-13 1.07515e-13 6.74363e-14 4.22635e-14 2.64663e-14 1.65611e-14 1.03552e-14 6.47003e-15 4.03965e-15 2.52045e-15 1.5715e-15 9.79171e-16 6.09704e-16 3.79404e-16 2.35945e-16 1.46641e-16 9.1083e-17 5.65411e-17 3.50785e-17 2.17506e-17 1.34792e-17 8.34869e-18 5.16825e-18 3.19773e-18 1.9775e-18 1.22229e-18 7.55128e-19 4.66289e-19 2.87796e-19 1.77546e-19 1.09481e-19 6.74797e-20 4.15734e-20 2.56017e-20 1.57594e-20 9.69677e-21
0.0023835 0.00341477 0.0039154 0.00399231 0.00377607 0.00338605 0.0029162 0.00243267 0.00197717 0.00157237 0.00122749 0.000943027 0.000714396 0.000534522 0.000395532 0.000289783 0.0002104 0.000151513 0.00010829 7.68641e-05 5.42106e-05 3.80078e-05 2.65014e-05 1.83837e-05 1.26913e-05 8.72215e-06 5.96894e-06 4.06851e-06 2.76269e-06 1.8693e-06 1.26054e-06 8.47296e-07 5.6779e-07 3.79381e-07 2.52789e-07 1.67992e-07 1.11357e-07 7.3637e-08 4.85807e-08 3.19788e-08 2.10055e-08 1.37692e-08 9.00792e-09 5.88185e-09 3.83359e-09 2.49419e-09 1.61998e-09 1.05045e-09 6.8006e-10 4.39593e-10 2.8373e-10 1.82866e-10 1.17694e-10 7.5646e-11 4.85564e-11 3.11281e-11 1.99306e-11 1.27458e-11 8.14148e-12 5.19454e-12 3.31063e-12 2.10769e-12 1.34044e-12 8.5162e-13 5.40521e-13 3.42735e-13 2.17117e-13 1.37414e-13 8.68913e-14 5.48961e-14 3.46525e-14 2.18557e-14 1.37734e-14 8.67301e-15 5.45708e-15 3.43099e-15 2.15553e-15 1.35323e-15 8.48948e-16 5.32214e-16 3.33422e-16 2.08742e-16 1.306e-16 8.16574e-17 5.1024e-17 3.18629e-17 1.98854e-17 1.24029e-17 7.73147e-18 4.81673e-18 2.99915e-18 1.86641e-18 1.16086e-18 7.21643e-19 4.48373e-19 2.78442e-19 1.72827e-19 1.0722e-19 6.64858e-20 4.12074e-20 2.55281e-20
0.00139622 0.00216925 0.00263455 0.00281585 0.00277446 0.00258061 0.00229802 0.00197717 0.00165404 0.00135165 0.00108271 0.000852434 0.000661065 0.000505846 0.000382478 0.000286108 0.000211947 0.000155623 0.000113344 8.19364e-05 5.88249e-05 4.1963e-05 2.9757e-05 2.09845e-05 1.47214e-05 1.02774e-05 7.14205e-06 4.9418e-06 3.40543e-06 2.33766e-06 1.59881e-06 1.08968e-06 7.40227e-07 5.01256e-07 3.38413e-07 2.27817e-07 1.52944e-07 1.02408e-07 6.83977e-08 4.55719e-08 3.02931e-08 2.00918e-08 1.32972e-08 8.7822e-09 5.78868e-09 3.8082e-09 2.50065e-09 1.6391e-09 1.07252e-09 7.00614e-10 4.56926e-10 2.97529e-10 1.93442e-10 1.25583e-10 8.14119e-11 5.27037e-11 3.40728e-11 2.19991e-11 1.41856e-11 9.13588e-12 5.87665e-12 3.77572e-12 2.4231e-12 1.55332e-12 9.94669e-13 6.36263e-13 4.0658e-13 2.59549e-13 1.65526e-13 1.05462e-13 6.71301e-14 4.26917e-14 2.71257e-14 1.72203e-14 1.09226e-14 6.92233e-15 4.38351e-15 2.77361e-15 1.75359e-15 1.10785e-15 6.99368e-16 4.41176e-16 2.78103e-16 1.75184e-16 1.10276e-16 6.93706e-17 4.36095e-17 2.7397e-17 1.72008e-17 1.07925e-17 6.76747e-18 4.24101e-18 2.65617e-18 1.6626e-18 1.0401e-18 6.503e-19 4.06364e-19 2.53794e-19 1.58422e-19 9.88379e-20 6.16322e-20
0.000817886 0.00136967 0.00175498 0.00196021 0.00200682 0.00193184 0.00177516 0.00157237 0.00135165 0.0011332 0.000930031 0.000749349 0.000594105 0.000464345 0.000358328 0.000273363 0.000206388 0.000154353 0.000114441 8.41745e-05 6.14578e-05 4.4566e-05 3.21119e-05 2.3001e-05 1.63838e-05 1.16095e-05 8.18611e-06 5.74555e-06 4.01499e-06 2.79408e-06 1.93681e-06 1.33756e-06 9.20447e-07 6.31269e-07 4.31547e-07 2.94105e-07 1.99846e-07 1.35414e-07 9.15068e-08 6.16758e-08 4.1466e-08 2.78117e-08 1.86105e-08 1.24258e-08 8.27862e-09 5.50418e-09 3.65224e-09 2.41874e-09 1.59885e-09 1.05497e-09 6.94888e-10 4.56935e-10 2.99972e-10 1.96615e-10 1.28671e-10 8.40806e-11 5.48627e-11 3.57474e-11 2.32603e-11 1.51148e-11 9.80906e-12 6.35771e-12 4.11565e-12 2.66106e-12 1.71854e-12 1.10859e-12 7.14328e-13 4.59782e-13 2.95628e-13 1.89884e-13 1.21841e-13 7.81032e-14 5.00178e-14 3.20015e-14 2.04557e-14 1.30637e-14 8.33557e-15 5.31409e-15 3.38497e-15 2.15437e-15 1.37004e-15 8.70566e-16 5.52754e-16 3.50695e-16 2.22333e-16 1.4085e-16 8.91662e-17 5.64074e-17 3.56591e-17 2.25274e-17 1.4222e-17 8.97277e-18 5.65735e-18 3.56472e-18 2.24475e-18 1.41269e-18 8.88517e-19 5.58508e-19 3.50866e-19 2.20296e-19 1.38239e-19
0.000479107 0.000860295 0.00115907 0.00134939 0.00143231 0.00142426 0.00134819 0.00122749 0.00108271 0.000930031 0.000781056 0.000643266 0.000520806 0.000415328 0.000326768 0.000253984 0.00019525 0.000148599 0.000112058 8.37911e-05 6.21663e-05 4.57889e-05 3.3499e-05 2.43537e-05 1.76008e-05 1.26501e-05 9.0446e-06 6.43499e-06 4.55709e-06 3.21303e-06 2.25595e-06 1.57768e-06 1.09919e-06 7.63063e-07 5.27907e-07 3.64024e-07 2.5023e-07 1.71492e-07 1.17191e-07 7.98629e-08 5.428e-08 3.67981e-08 2.48852e-08 1.67891e-08 1.13011e-08 7.59023e-09 5.08704e-09 3.40236e-09 2.27108e-09 1.51303e-09 1.00613e-09 6.6784e-10 4.4252e-10 2.92721e-10 1.93313e-10 1.27459e-10 8.39087e-11 5.51552e-11 3.62016e-11 2.37273e-11 1.55297e-11 1.01506e-11 6.62593e-12 4.3196e-12 2.81252e-12 1.82902e-12 1.18802e-12 7.70764e-13 4.99491e-13 3.23335e-13 2.09077e-13 1.35052e-13 8.71458e-14 5.61763e-14 3.61768e-14 2.32748e-14 1.496e-14 9.60673e-15 6.16346e-15 3.95083e-15 2.53031e-15 1.61916e-15 1.03524e-15 6.61364e-16 4.22172e-16 2.69275e-16 1.7162e-16 1.09298e-16 6.95554e-17 4.42317e-17 2.81078e-17 1.7849e-17 1.13266e-17 7.18279e-18 4.55194e-18 2.88281e-18 1.82455e-18 1.15404e-18 7.29488e-19 4.60838e-19 2.9095e-19
0.000280654 0.000537904 0.000759826 0.000919967 0.00101052 0.00103628 0.001009 0.000943027 0.000852434 0.000749349 0.000643266 0.000540971 0.000446829 0.000363237 0.000291112 0.000230339 0.000180151 0.000139415 0.00010685 8.11644e-05 6.11469e-05 4.57152e-05 3.39354e-05 2.5024e-05 1.83382e-05 1.33602e-05 9.68014e-06 6.97741e-06 5.00466e-06 3.57303e-06 2.53971e-06 1.79768e-06 1.26738e-06 8.90123e-07 6.229e-07 4.34391e-07 3.01927e-07 2.09191e-07 1.44497e-07 9.95189e-08 6.83486e-08 4.68144e-08 3.19814e-08 2.17935e-08 1.48151e-08 1.00477e-08 6.79912e-09 4.59082e-09 3.09323e-09 2.07992e-09 1.39581e-09 9.34913e-10 6.25045e-10 4.17128e-10 2.77887e-10 1.84812e-10 1.22709e-10 8.13442e-11 5.38393e-11 3.55807e-11 2.34794e-11 1.54717e-11 1.01807e-11 6.69001e-12 4.39034e-12 2.87743e-12 1.88349e-12 1.23136e-12 8.04048e-13 5.24407e-13 3.41629e-13 2.22307e-13 1.44502e-13 9.38268e-14 6.08589e-14 3.94344e-14 2.55263e-14 1.65072e-14 1.06645e-14 6.88332e-15 4.43866e-15 2.85965e-15 1.84072e-15 1.18381e-15 7.60692e-16 4.88394e-16 3.1331e-16 2.0083e-16 1.28629e-16 8.23214e-17 5.26447e-17 3.36412e-17 2.14817e-17 1.37073e-17 8.74033e-18 5.5693e-18 3.5463e-18 2.25662e-18 1.435e-18 9.11936e-19 5.7916e-19
0.000164403 0.000334987 0.000494869 0.00062191 0.000705773 0.000745333 0.000745509 0.000714396 0.000661065 0.000594105 0.000520806 0.000446829 0.0003762 0.000311492 0.000254097 0.000204514 0.000162615 0.000127875 9.95394e-05 7.67612e-05 5.86857e-05 4.45078e-05 3.35039e-05 2.50451e-05 1.85999e-05 1.37288e-05 1.0075e-05 7.35339e-06 5.33941e-06 3.85814e-06 2.77493e-06 1.98707e-06 1.41695e-06 1.00638e-06 7.12049e-07 5.01969e-07 3.52637e-07 2.46904e-07 1.7232e-07 1.19897e-07 8.3175e-08 5.75364e-08 3.96919e-08 2.73096e-08 1.87422e-08 1.2831e-08 8.7633e-09 5.97143e-09 4.05999e-09 2.75447e-09 1.86486e-09 1.26003e-09 8.49696e-10 5.71904e-10 3.84223e-10 2.57671e-10 1.72502e-10 1.15289e-10 7.6925e-11 5.12452e-11 3.4085e-11 2.26367e-11 1.50115e-11 9.94048e-12 6.57327e-12 4.34072e-12 2.8626e-12 1.88536e-12 1.24015e-12 8.14731e-13 5.34597e-13 3.50367e-13 2.29359e-13 1.49973e-13 9.79561e-14 6.39111e-14 4.16542e-14 2.712e-14 1.76392e-14 1.14612e-14 7.4398e-15 4.82474e-15 3.12592e-15 2.0234e-15 1.30856e-15 8.45515e-16 5.45847e-16 3.52087e-16 2.26916e-16 1.46124e-16 9.40222e-17 6.04496e-17 3.88346e-17 2.49294e-17 1.59911e-17 1.025e-17 6.56532e-18 4.2022e-18 2.68778e-18 1.71795e-18 1.09732e-18
9.63053e-05 0.000207882 0.000320453 0.000417283 0.000488541 0.000530622 0.000544605 0.000534522 0.000505846 0.000464345 0.000415328 0.000363237 0.000311492 0.000262506 0.000217807 0.000178206 0.000143964 0.000114964 9.08358e-05 7.1074e-05 5.51113e-05 4.23769e-05 3.23315e-05 2.44882e-05 1.84213e-05 1.37688e-05 1.02293e-05 7.55656e-06 5.55214e-06 4.05862e-06 2.95253e-06 2.138e-06 1.54141e-06 1.10666e-06 7.91364e-07 5.63744e-07 4.0013e-07 2.8301e-07 1.995e-07 1.4018e-07 9.81933e-08 6.85779e-08 4.77573e-08 3.3166e-08 2.29714e-08 1.58695e-08 1.0936e-08 7.51813e-09 5.15643e-09 3.52866e-09 2.40948e-09 1.64179e-09 1.11641e-09 7.57638e-10 5.13171e-10 3.46935e-10 2.34121e-10 1.57712e-10 1.06057e-10 7.12006e-11 4.77221e-11 3.19347e-11 2.1337e-11 1.42347e-11 9.48248e-12 6.3077e-12 4.18997e-12 2.77943e-12 1.84128e-12 1.21819e-12 8.04929e-13 5.31199e-13 3.50129e-13 2.30504e-13 1.51574e-13 9.9557e-14 6.53182e-14 4.28077e-14 2.80248e-14 1.83277e-14 1.19736e-14 7.81459e-15 5.09515e-15 3.31884e-15 2.15975e-15 1.40415e-15 9.1207e-16 5.91906e-16 3.8379e-16 2.48633e-16 1.60937e-16 1.04085e-16 6.72616e-17 4.34305e-17 2.80207e-17 1.80645e-17 1.1637e-17 7.49081e-18 4.81832e-18 3.09704e-18 1.98925e-18
5.64143e-05 0.0001286 0.000206448 0.000278122 0.000335485 0.000374336 0.000393828 0.000395532 0.000382478 0.000358328 0.000326768 0.000291112 0.000254097 0.000217807 0.000183703 0.000152698 0.00012526 0.000101522 8.13787e-05 6.45723e-05 5.07574e-05 3.95513e-05 3.05699e-05 2.34492e-05 1.78596e-05 1.35118e-05 1.01584e-05 7.59196e-06 5.64217e-06 4.17089e-06 3.06774e-06 2.24555e-06 1.63623e-06 1.18706e-06 8.57617e-07 6.17145e-07 4.42413e-07 3.15997e-07 2.24915e-07 1.59548e-07 1.12814e-07 7.95214e-08 5.58861e-08 3.91624e-08 2.73669e-08 1.90727e-08 1.32579e-08 9.19268e-09 6.35852e-09 4.38781e-09 3.02099e-09 2.07535e-09 1.42267e-09 9.73226e-10 6.64425e-10 4.52717e-10 3.07879e-10 2.08991e-10 1.4161e-10 9.57849e-11 6.46783e-11 4.36011e-11 2.93448e-11 1.97187e-11 1.32299e-11 8.86304e-12 5.92884e-12 3.96036e-12 2.64175e-12 1.75977e-12 1.17068e-12 7.77777e-13 5.16079e-13 3.42007e-13 2.26372e-13 1.49655e-13 9.88217e-14 6.518e-14 4.29427e-14 2.82609e-14 1.85787e-14 1.22007e-14 8.00395e-15 5.24545e-15 3.43423e-15 2.24621e-15 1.46776e-15 9.58192e-16 6.24954e-16 4.07239e-16 2.65133e-16 1.72464e-16 1.12088e-16 7.27871e-17 4.72268e-17 3.06174e-17 1.98335e-17 1.28378e-17 8.30314e-18 5.36616e-18 3.46545e-18
3.30468e-05 7.93301e-05 0.00013239 0.000184262 0.000228735 0.000261927 0.00028221 0.000289783 0.000286108 0.000273363 0.000253984 0.000230339 0.000204514 0.000178206 0.000152698 0.000128879 0.000107295 8.82169e-05 7.1705e-05 5.7672e-05 4.5935e-05 3.62568e-05 2.83773e-05 2.20358e-05 1.69856e-05 1.30022e-05 9.88823e-06 7.47379e-06 5.61605e-06 4.19683e-06 3.11986e-06 2.30772e-06 1.6989e-06 1.24505e-06 9.08508e-07 6.60199e-07 4.77862e-07 3.44574e-07 2.47561e-07 1.7724e-07 1.26469e-07 8.99498e-08 6.3777e-08 4.50841e-08 3.17779e-08 2.23363e-08 1.56575e-08 1.09471e-08 7.63447e-09 5.31122e-09 3.68621e-09 2.5525e-09 1.76354e-09 1.2158e-09 8.36425e-10 5.74256e-10 3.93479e-10 2.69091e-10 1.8368e-10 1.2515e-10 8.51189e-11 5.77921e-11 3.91722e-11 2.65076e-11 1.79088e-11 1.20804e-11 8.13639e-12 5.47184e-12 3.67452e-12 2.46405e-12 1.65004e-12 1.10343e-12 7.36919e-13 4.91505e-13 3.27403e-13 2.17818e-13 1.44736e-13 9.60593e-14 6.36786e-14 4.21647e-14 2.78879e-14 1.84248e-14 1.21597e-14 8.01641e-15 5.27942e-15 3.47336e-15 2.28286e-15 1.49893e-15 9.83248e-16 6.44369e-16 4.21893e-16 2.75977e-16 1.80366e-16 1.17775e-16 7.68375e-17 5.0087e-17 3.26221e-17 2.12296e-17 1.38045e-17 8.96916e-18 5.82296e-18
1.93583e-05 4.88126e-05 8.45467e-05 0.000121418 0.000154945 0.000181919 0.000200564 0.0002104 0.000211947 0.000206388 0.00019525 0.000180151 0.000162615 0.000143964 0.00012526 0.000107295 9.06135e-05 7.55427e-05 6.22364e-05 5.07172e-05 4.09149e-05 3.26992e-05 2.59059e-05 2.03572e-05 1.58751e-05 1.22912e-05 9.45222e-06 7.22271e-06 5.48584e-06 4.14287e-06 3.11171e-06 2.32517e-06 1.72891e-06 1.27954e-06 9.42732e-07 6.91611e-07 5.05306e-07 3.67738e-07 2.66615e-07 1.926e-07 1.38648e-07 9.94751e-08 7.11398e-08 5.07175e-08 3.60494e-08 2.55492e-08 1.80567e-08 1.27269e-08 8.94679e-09 6.27347e-09 4.38813e-09 3.06207e-09 2.13179e-09 1.48081e-09 1.02637e-09 7.09887e-10 4.89982e-10 3.3752e-10 2.32045e-10 1.59228e-10 1.0906e-10 7.45641e-11 5.08898e-11 3.46727e-11 2.35842e-11 1.60157e-11 1.08588e-11 7.35092e-12 4.96871e-12 3.35353e-12 2.26012e-12 1.52106e-12 1.02226e-12 6.86096e-13 4.59869e-13 3.07837e-13 2.05804e-13 1.3742e-13 9.1646e-14 6.10464e-14 4.06161e-14 2.69922e-14 1.7918e-14 1.18813e-14 7.86983e-15 5.20723e-15 3.44188e-15 2.27269e-15 1.49917e-15 9.8794e-16 6.50415e-16 4.27797e-16 2.81112e-16 1.84553e-16 1.21052e-16 7.93299e-17 5.19426e-17 3.39811e-17 2.22118e-17 1.45068e-17 9.46681e-18
1.13399e-05 2.99657e-05 5.37893e-05 7.9614e-05 0.000104342 0.0001255 0.000141472 0.000151513 0.000155623 0.000154353 0.000148599 0.000139415 0.000127875 0.000114964 0.000101522 8.82169e-05 7.55427e-05 6.38319e-05 5.32807e-05 4.39752e-05 3.59184e-05 2.90551e-05 2.32923e-05 1.85157e-05 1.46029e-05 1.14318e-05 8.887e-06 6.86324e-06 5.26736e-06 4.01873e-06 3.04892e-06 2.30082e-06 1.72748e-06 1.29073e-06 9.59945e-07 7.10777e-07 5.24056e-07 3.84819e-07 2.81475e-07 2.05114e-07 1.48931e-07 1.07762e-07 7.77139e-08 5.58638e-08 4.00324e-08 2.86014e-08 2.03753e-08 1.44744e-08 1.02546e-08 7.24594e-09 5.10697e-09 3.59053e-09 2.51833e-09 1.76221e-09 1.23033e-09 8.57095e-10 5.95815e-10 4.13325e-10 2.86151e-10 1.97717e-10 1.36352e-10 9.38574e-11 6.4489e-11 4.42316e-11 3.0285e-11 2.0701e-11 1.41266e-11 9.62465e-12 6.54712e-12 4.44681e-12 3.01575e-12 2.04223e-12 1.38098e-12 9.32533e-13 6.28843e-13 4.23484e-13 2.84812e-13 1.91302e-13 1.28331e-13 8.5982e-14 5.7538e-14 3.84579e-14 2.56749e-14 1.71213e-14 1.14045e-14 7.58816e-15 5.04345e-15 3.34856e-15 2.22093e-15 1.47153e-15 9.74014e-16 6.4407e-16 4.25481e-16 2.8081e-16 1.85156e-16 1.21973e-16 8.02777e-17 5.27886e-17 3.4682e-17 2.27664e-17 1.49319e-17
6.64273e-06 1.83571e-05 3.41035e-05 5.19687e-05 6.98879e-05 8.60459e-05 9.91064e-05 0.00010829 0.000113344 0.000114441 0.000112058 0.00010685 9.95394e-05 9.08358e-05 8.13787e-05 7.1705e-05 6.22364e-05 5.32807e-05 4.50424e-05 3.76383e-05 3.11152e-05 2.54673e-05 2.06517e-05 1.66018e-05 1.32379e-05 1.04752e-05 8.22952e-06 6.42143e-06 4.97844e-06 3.83625e-06 2.93904e-06 2.2393e-06 1.69723e-06 1.27995e-06 9.60669e-07 7.17741e-07 5.33901e-07 3.95486e-07 2.91778e-07 2.14434e-07 1.57007e-07 1.14548e-07 8.32834e-08 6.0351e-08 4.35929e-08 3.13906e-08 2.25363e-08 1.61327e-08 1.15163e-08 8.1986e-09 5.82133e-09 4.12284e-09 2.9127e-09 2.05282e-09 1.44341e-09 1.01262e-09 7.08834e-10 4.9512e-10 3.4512e-10 2.40075e-10 1.66672e-10 1.15489e-10 7.98739e-11 5.51405e-11 3.7998e-11 2.61392e-11 1.79508e-11 1.2307e-11 8.42394e-12 5.75689e-12 3.92814e-12 2.67624e-12 1.82062e-12 1.23675e-12 8.38936e-13 5.6829e-13 3.84431e-13 2.5971e-13 1.75222e-13 1.18068e-13 7.94572e-14 5.34069e-14 3.58539e-14 2.40415e-14 1.61021e-14 1.07723e-14 7.19856e-15 4.80515e-15 3.20406e-15 2.13419e-15 1.42008e-15 9.43953e-16 6.26832e-16 4.15836e-16 2.75596e-16 1.82477e-16 1.20708e-16 7.97742e-17 5.26739e-17 3.47489e-17 2.29036e-17
3.89122e-06 1.12241e-05 2.15541e-05 3.37831e-05 4.65793e-05 5.86613e-05 6.899e-05 7.68641e-05 8.19364e-05 8.41745e-05 8.37911e-05 8.11644e-05 7.67612e-05 7.1074e-05 6.45723e-05 5.7672e-05 5.07172e-05 4.39752e-05 3.76383e-05 3.18321e-05 2.66257e-05 2.20434e-05 1.80761e-05 1.46909e-05 1.18401e-05 9.46764e-06 7.51461e-06 5.92285e-06 4.63744e-06 3.60826e-06 2.7908e-06 2.14634e-06 1.6418e-06 1.24941e-06 9.46137e-07 7.13111e-07 5.3506e-07 3.99733e-07 2.97397e-07 2.2038e-07 1.62683e-07 1.19649e-07 8.76865e-08 6.40423e-08 4.66192e-08 3.38278e-08 2.44705e-08 1.76487e-08 1.26919e-08 9.10179e-09 6.50949e-09 4.64327e-09 3.30364e-09 2.34468e-09 1.66009e-09 1.17263e-09 8.26424e-10 5.81145e-10 4.07784e-10 2.85539e-10 1.99533e-10 1.39155e-10 9.68594e-11 6.72918e-11 4.66639e-11 3.23012e-11 2.23199e-11 1.53964e-11 1.06027e-11 7.28962e-12 5.00375e-12 3.4293e-12 2.34666e-12 1.60341e-12 1.09395e-12 7.45298e-13 5.07049e-13 3.44486e-13 2.33725e-13 1.58367e-13 1.07167e-13 7.2428e-14 4.88887e-14 3.29594e-14 2.21936e-14 1.49268e-14 1.00277e-14 6.7289e-15 4.51027e-15 3.01985e-15 2.01977e-15 1.34945e-15 9.00666e-16 6.00518e-16 3.99994e-16 2.66165e-16 1.76941e-16 1.17515e-16 7.79736e-17 5.16895e-17 3.42344e-17
2.27943e-06 6.85072e-06 1.35831e-05 2.18779e-05 3.0903e-05 3.97832e-05 4.77458e-05 5.42106e-05 5.88249e-05 6.14578e-05 6.21663e-05 6.11469e-05 5.86857e-05 5.51113e-05 5.07574e-05 4.5935e-05 4.09149e-05 3.59184e-05 3.11152e-05 2.66257e-05 2.25268e-05 1.88592e-05 1.56343e-05 1.28424e-05 1.04587e-05 8.44882e-06 6.77336e-06 5.39123e-06 4.26201e-06 3.34764e-06 2.61338e-06 2.02831e-06 1.56551e-06 1.20192e-06 9.18119e-07 6.97943e-07 5.28114e-07 3.97837e-07 2.98421e-07 2.22933e-07 1.65884e-07 1.22967e-07 9.08206e-08 6.68417e-08 4.90267e-08 3.58418e-08 2.61197e-08 1.89762e-08 1.37455e-08 9.92792e-09 7.15062e-09 5.13633e-09 3.67977e-09 2.62954e-09 1.87441e-09 1.33291e-09 9.45633e-10 6.69351e-10 4.7274e-10 3.3316e-10 2.34299e-10 1.64437e-10 1.15175e-10 8.05143e-11 5.61774e-11 3.91241e-11 2.71982e-11 1.88742e-11 1.30751e-11 9.04254e-12 6.24335e-12 4.30371e-12 2.96198e-12 2.0354e-12 1.39657e-12 9.5682e-13 6.54588e-13 4.47187e-13 3.05075e-13 2.0784e-13 1.41408e-13 9.60831e-14 6.52022e-14 4.41905e-14 2.99129e-14 2.02237e-14 1.36567e-14 9.2113e-15 6.2058e-15 4.17622e-15 2.8073e-15 1.88504e-15 1.2644e-15 8.47217e-16 5.67093e-16 3.79203e-16 2.53312e-16 1.69048e-16 1.12706e-16 7.50703e-17 4.99554e-17
1.33526e-06 4.17461e-06 8.53696e-06 1.41182e-05 2.0416e-05 2.68498e-05 3.28651e-05 3.80078e-05 4.1963e-05 4.4566e-05 4.57889e-05 4.57152e-05 4.45078e-05 4.23769e-05 3.95513e-05 3.62568e-05 3.26992e-05 2.90551e-05 2.54673e-05 2.20434e-05 1.88592e-05 1.59614e-05 1.33734e-05 1.11001e-05 9.13217e-06 7.45106e-06 6.03207e-06 4.84739e-06 3.86827e-06 3.06654e-06 2.41574e-06 1.89171e-06 1.47293e-06 1.14064e-06 8.78742e-07 6.73619e-07 5.13926e-07 3.90306e-07 2.95126e-07 2.22219e-07 1.66647e-07 1.24486e-07 9.26426e-08 6.86956e-08 5.07608e-08 3.73819e-08 2.74395e-08 2.0078e-08 1.46466e-08 1.06528e-08 7.7259e-09 5.58758e-09 4.0302e-09 2.89928e-09 2.0804e-09 1.48912e-09 1.06332e-09 7.57506e-10 5.38413e-10 3.81841e-10 2.70215e-10 1.90819e-10 1.34475e-10 9.45787e-11 6.63888e-11 4.65124e-11 3.25261e-11 2.27042e-11 1.58201e-11 1.10042e-11 7.64129e-12 5.29731e-12 3.66639e-12 2.53356e-12 1.74803e-12 1.20421e-12 8.28341e-13 5.68959e-13 3.90239e-13 2.67283e-13 1.82816e-13 1.24873e-13 8.51825e-14 5.80321e-14 3.9485e-14 2.6832e-14 1.82113e-14 1.23454e-14 8.35904e-15 5.65331e-15 3.81902e-15 2.577e-15 1.737e-15 1.16953e-15 7.86615e-16 5.28515e-16 3.54736e-16 2.37855e-16 1.59326e-16 1.06619e-16 7.12796e-17
7.82175e-07 2.54006e-06 5.35212e-06 9.08107e-06 1.3435e-05 1.80395e-05 2.25087e-05 2.65014e-05 2.9757e-05 3.21119e-05 3.3499e-05 3.39354e-05 3.35039e-05 3.23315e-05 3.05699e-05 2.83773e-05 2.59059e-05 2.32923e-05 2.06517e-05 1.80761e-05 1.56343e-05 1.33734e-05 1.13221e-05 9.49334e-06 7.8883e-06 6.49912e-06 5.31187e-06 4.30877e-06 3.47018e-06 2.77589e-06 2.20624e-06 1.74278e-06 1.36865e-06 1.06887e-06 8.30315e-07 6.41725e-07 4.93555e-07 3.77825e-07 2.87935e-07 2.18486e-07 1.65101e-07 1.24262e-07 9.31654e-08 6.95917e-08 5.17968e-08 3.84187e-08 2.84007e-08 2.09271e-08 1.53718e-08 1.1257e-08 8.21942e-09 5.98439e-09 4.34505e-09 3.1463e-09 2.27233e-09 1.63696e-09 1.17634e-09 8.43305e-10 6.03142e-10 4.30393e-10 3.06441e-10 2.17716e-10 1.54353e-10 1.09207e-10 7.71101e-11 5.43403e-11 3.8221e-11 2.68331e-11 1.88039e-11 1.31537e-11 9.18528e-12 6.40317e-12 4.45629e-12 3.09629e-12 2.14791e-12 1.48768e-12 1.02882e-12 7.1042e-13 4.89838e-13 3.37258e-13 2.31878e-13 1.59204e-13 1.09158e-13 7.47448e-14 5.11136e-14 3.49087e-14 2.38113e-14 1.62216e-14 1.10377e-14 7.50139e-15 5.09209e-15 3.45263e-15 2.33836e-15 1.58193e-15 1.06903e-15 7.21644e-16 4.86627e-16 3.27806e-16 2.20593e-16 1.48296e-16 9.95948e-17
4.58188e-07 1.54336e-06 3.34769e-06 5.82335e-06 8.8087e-06 1.20693e-05 1.53436e-05 1.83837e-05 2.09845e-05 2.3001e-05 2.43537e-05 2.5024e-05 2.50451e-05 2.44882e-05 2.34492e-05 2.20358e-05 2.03572e-05 1.85157e-05 1.66018e-05 1.46909e-05 1.28424e-05 1.11001e-05 9.49334e-06 8.03942e-06 6.74544e-06 5.6107e-06 4.62874e-06 3.78919e-06 3.07926e-06 2.48503e-06 1.99228e-06 1.58724e-06 1.25701e-06 9.89816e-07 7.75182e-07 6.03931e-07 4.68167e-07 3.61187e-07 2.77375e-07 2.12071e-07 1.61454e-07 1.22416e-07 9.2451e-08 6.95558e-08 5.21386e-08 3.89443e-08 2.89893e-08 2.15075e-08 1.59055e-08 1.17261e-08 8.61879e-09 6.3164e-09 4.61593e-09 3.36396e-09 2.445e-09 1.77246e-09 1.28167e-09 9.2449e-10 6.65255e-10 4.77595e-10 3.42093e-10 2.44492e-10 1.74359e-10 1.24083e-10 8.81217e-11 6.24572e-11 4.41804e-11 3.11921e-11 2.1981e-11 1.54616e-11 1.08564e-11 7.60949e-12 5.32455e-12 3.71948e-12 2.59399e-12 1.80617e-12 1.25564e-12 8.71568e-13 6.04063e-13 4.18043e-13 2.88888e-13 1.99351e-13 1.37374e-13 9.45349e-14 6.49678e-14 4.45893e-14 3.05634e-14 2.09228e-14 1.43053e-14 9.76876e-15 6.66284e-15 4.53905e-15 3.08863e-15 2.09928e-15 1.42523e-15 9.66539e-16 6.54759e-16 4.43077e-16 2.99516e-16 2.0226e-16 1.36445e-16
2.684e-07 9.36554e-07 2.08943e-06 3.72371e-06 5.75576e-06 8.04328e-06 1.04136e-05 1.26913e-05 1.47214e-05 1.63838e-05 1.76008e-05 1.83382e-05 1.85999e-05 1.84213e-05 1.78596e-05 1.69856e-05 1.58751e-05 1.46029e-05 1.32379e-05 1.18401e-05 1.04587e-05 9.13217e-06 7.8883e-06 6.74544e-06 5.71384e-06 4.79715e-06 3.9939e-06 3.29894e-06 2.70456e-06 2.20158e-06 1.7801e-06 1.43009e-06 1.1419e-06 9.06479e-07 7.15592e-07 5.61896e-07 4.38961e-07 3.41246e-07 2.64037e-07 2.03375e-07 1.5597e-07 1.19115e-07 9.06017e-08 6.8646e-08 5.18156e-08 3.89699e-08 2.9206e-08 2.18142e-08 1.62397e-08 1.20513e-08 8.91556e-09 6.57599e-09 4.83628e-09 3.54679e-09 2.59399e-09 1.89209e-09 1.37655e-09 9.98951e-10 7.23154e-10 5.2225e-10 3.76283e-10 2.70498e-10 1.94022e-10 1.38868e-10 9.91828e-11 7.06932e-11 5.02858e-11 3.56995e-11 2.52956e-11 1.78901e-11 1.26295e-11 8.89981e-12 6.26056e-12 4.39643e-12 3.08217e-12 2.15724e-12 1.50744e-12 1.05171e-12 7.32626e-13 5.09575e-13 3.53906e-13 2.45434e-13 1.69965e-13 1.17537e-13 8.11693e-14 5.59786e-14 3.85545e-14 2.65194e-14 1.82178e-14 1.24992e-14 8.56505e-15 5.86208e-15 4.00733e-15 2.73621e-15 1.86613e-15 1.27129e-15 8.65087e-16 5.8803e-16 3.99274e-16 2.7082e-16 1.835e-16
1.57225e-07 5.67642e-07 1.30148e-06 2.37478e-06 3.74889e-06 5.34054e-06 7.03855e-06 8.72215e-06 1.02774e-05 1.16095e-05 1.26501e-05 1.33602e-05 1.37288e-05 1.37688e-05 1.35118e-05 1.30022e-05 1.22912e-05 1.14318e-05 1.04752e-05 9.46764e-06 8.44882e-06 7.45106e-06 6.49912e-06 5.6107e-06 4.79715e-06 4.06447e-06 3.41434e-06 2.84511e-06 2.3527e-06 1.93145e-06 1.57474e-06 1.27551e-06 1.02671e-06 8.21525e-07 6.5361e-07 5.17189e-07 4.0711e-07 3.18858e-07 2.4854e-07 1.92835e-07 1.48951e-07 1.14563e-07 8.77505e-08 6.69463e-08 5.08786e-08 3.85239e-08 2.90647e-08 2.18521e-08 1.63742e-08 1.22296e-08 9.10529e-09 6.75839e-09 5.00152e-09 3.69069e-09 2.71577e-09 1.99295e-09 1.45863e-09 1.06482e-09 7.75382e-10 5.63238e-10 4.08163e-10 2.95098e-10 2.1287e-10 1.53216e-10 1.10042e-10 7.88669e-11 5.64079e-11 4.02637e-11 2.86837e-11 2.03949e-11 1.44742e-11 1.02535e-11 7.25051e-12 5.11803e-12 3.60653e-12 2.53714e-12 1.7819e-12 1.24945e-12 8.74719e-13 6.11425e-13 4.26733e-13 2.97386e-13 2.06943e-13 1.43798e-13 9.97807e-14 6.91413e-14 4.78452e-14 3.30643e-14 2.28198e-14 1.57291e-14 1.0828e-14 7.44476e-15 5.11238e-15 3.5065e-15 2.40222e-15 1.64379e-15 1.12352e-15 7.67064e-16 5.23119e-16 3.56366e-16 2.42509e-16
9.21004e-08 3.4366e-07 8.09144e-07 1.51074e-06 2.43443e-06 3.53374e-06 4.73901e-06 5.96894e-06 7.14205e-06 8.18611e-06 9.0446e-06 9.68014e-06 1.0075e-05 1.02293e-05 1.01584e-05 9.88823e-06 9.45222e-06 8.887e-06 8.22952e-06 7.51461e-06 6.77336e-06 6.03207e-06 5.31187e-06 4.62874e-06 3.9939e-06 3.41434e-06 2.8935e-06 2.43196e-06 2.02814e-06 1.67889e-06 1.38005e-06 1.12683e-06 9.14223e-07 7.3723e-07 5.91054e-07 4.71232e-07 3.73703e-07 2.94847e-07 2.31491e-07 1.80893e-07 1.40714e-07 1.08982e-07 8.40507e-08 6.45598e-08 4.93944e-08 3.76484e-08 2.85905e-08 2.1635e-08 1.63155e-08 1.22631e-08 9.18747e-09 6.86173e-09 5.10919e-09 3.79306e-09 2.8079e-09 2.07284e-09 1.52606e-09 1.12055e-09 8.20688e-10 5.99568e-10 4.36959e-10 3.17697e-10 2.30451e-10 1.66788e-10 1.20446e-10 8.67932e-11 6.24118e-11 4.47874e-11 3.20756e-11 2.29267e-11 1.63559e-11 1.16465e-11 8.27781e-12 5.87297e-12 4.15945e-12 2.9408e-12 2.07569e-12 1.46266e-12 1.02901e-12 7.2278e-13 5.06893e-13 3.54947e-13 2.48177e-13 1.73268e-13 1.20796e-13 8.40947e-14 5.84631e-14 4.05885e-14 2.81411e-14 1.94853e-14 1.34745e-14 9.30601e-15 6.41908e-15 4.4223e-15 3.04297e-15 2.09138e-15 1.43568e-15 9.84432e-16 6.7425e-16 4.61289e-16 3.15245e-16
5.39511e-08 2.07839e-07 5.02165e-07 9.58824e-07 1.57638e-06 2.33061e-06 3.17914e-06 4.06851e-06 4.9418e-06 5.74555e-06 6.43499e-06 6.97741e-06 7.35339e-06 7.55656e-06 7.59196e-06 7.47379e-06 7.22271e-06 6.86324e-06 6.42143e-06 5.92285e-06 5.39123e-06 4.84739e-06 4.30877e-06 3.78919e-06 3.29894e-06 2.84511e-06 2.43196e-06 2.06139e-06 1.73343e-06 1.44668e-06 1.19874e-06 9.86532e-07 8.06629e-07 6.55451e-07 5.29457e-07 4.25261e-07 3.39717e-07 2.69969e-07 2.13469e-07 1.67983e-07 1.31578e-07 1.02604e-07 7.96666e-08 6.16009e-08 4.74415e-08 3.63956e-08 2.78173e-08 2.1184e-08 1.6076e-08 1.21584e-08 9.16516e-09 6.88682e-09 5.15882e-09 3.85278e-09 2.86898e-09 2.13033e-09 1.57748e-09 1.16496e-09 8.58069e-10 6.30411e-10 4.62004e-10 3.37765e-10 2.46352e-10 1.79266e-10 1.30155e-10 9.42908e-11 6.81626e-11 4.91714e-11 3.53989e-11 2.54329e-11 1.8237e-11 1.3052e-11 9.32367e-12 6.64814e-12 4.73188e-12 3.36204e-12 2.38464e-12 1.68854e-12 1.19366e-12 8.42449e-13 5.93631e-13 4.1765e-13 2.93389e-13 2.05789e-13 1.44132e-13 1.00803e-13 7.03988e-14 4.90968e-14 3.41937e-14 2.37823e-14 1.65192e-14 1.14593e-14 7.9391e-15 5.49338e-15 3.7964e-15 2.62045e-15 1.8066e-15 1.24405e-15 8.55676e-16 5.87879e-16 4.0344e-16
3.16038e-08 1.25573e-07 3.11131e-07 6.07195e-07 1.01805e-06 1.53239e-06 2.12538e-06 2.76269e-06 3.40543e-06 4.01499e-06 4.55709e-06 5.00466e-06 5.33941e-06 5.55214e-06 5.64217e-06 5.61605e-06 5.48584e-06 5.26736e-06 4.97844e-06 4.63744e-06 4.26201e-06 3.86827e-06 3.47018e-06 3.07926e-06 2.70456e-06 2.3527e-06 2.02814e-06 1.73343e-06 1.46957e-06 1.23633e-06 1.03253e-06 8.56356e-07 7.05546e-07 5.77629e-07 4.70053e-07 3.80304e-07 3.05991e-07 2.44893e-07 1.94997e-07 1.54506e-07 1.21847e-07 9.56546e-08 7.47643e-08 5.81897e-08 4.51049e-08 3.48248e-08 2.67853e-08 2.05258e-08 1.5673e-08 1.19261e-08 9.04456e-09 6.83694e-09 5.15184e-09 3.87017e-09 2.89869e-09 2.16478e-09 1.61213e-09 1.19727e-09 8.86801e-10 6.55132e-10 4.82757e-10 3.54859e-10 2.60216e-10 1.90367e-10 1.38948e-10 1.0119e-10 7.35314e-11 5.33187e-11 3.85814e-11 2.78605e-11 2.00785e-11 1.44419e-11 1.03678e-11 7.42912e-12 5.31363e-12 3.79371e-12 2.7038e-12 1.92369e-12 1.36635e-12 9.68883e-13 6.85922e-13 4.84827e-13 3.42152e-13 2.41094e-13 1.69629e-13 1.19172e-13 8.36018e-14 5.85652e-14 4.0969e-14 2.86204e-14 1.99668e-14 1.39112e-14 9.67954e-15 6.72647e-15 4.66844e-15 3.23607e-15 2.24044e-15 1.54928e-15 1.07007e-15 7.38222e-16 5.08705e-16
1.85131e-08 7.57985e-08 1.92468e-07 3.83718e-07 6.55811e-07 1.00463e-06 1.41629e-06 1.8693e-06 2.33766e-06 2.79408e-06 3.21303e-06 3.57303e-06 3.85814e-06 4.05862e-06 4.17089e-06 4.19683e-06 4.14287e-06 4.01873e-06 3.83625e-06 3.60826e-06 3.34764e-06 3.06654e-06 2.77589e-06 2.48503e-06 2.20158e-06 1.93145e-06 1.67889e-06 1.44668e-06 1.23633e-06 1.04832e-06 8.82316e-07 7.37357e-07 6.12068e-07 5.04806e-07 4.13785e-07 3.37183e-07 2.73215e-07 2.20187e-07 1.76531e-07 1.40824e-07 1.11801e-07 8.83488e-08 6.95051e-08 5.44454e-08 4.24716e-08 3.29982e-08 2.55384e-08 1.96908e-08 1.5127e-08 1.158e-08 8.83439e-09 6.71744e-09 5.09134e-09 3.84681e-09 2.89767e-09 2.17627e-09 1.62978e-09 1.21711e-09 9.06453e-10 6.73301e-10 4.98827e-10 3.68635e-10 2.71753e-10 1.99853e-10 1.46633e-10 1.07339e-10 7.84001e-11 5.71383e-11 4.15539e-11 3.01573e-11 2.18417e-11 1.57876e-11 1.13893e-11 8.20068e-12 5.89373e-12 4.22801e-12 3.02762e-12 2.16424e-12 1.5444e-12 1.10022e-12 7.82496e-13 5.55621e-13 3.93897e-13 2.7881e-13 1.97046e-13 1.3905e-13 9.79789e-14 6.89387e-14 4.84366e-14 3.39841e-14 2.38111e-14 1.66607e-14 1.16421e-14 8.12456e-15 5.66252e-15 3.94157e-15 2.74024e-15 1.90272e-15 1.31959e-15 9.14086e-16 6.32453e-16
1.08447e-08 4.57138e-08 1.18885e-07 2.42014e-07 4.21457e-07 6.5682e-07 9.40862e-07 1.26054e-06 1.59881e-06 1.93681e-06 2.25595e-06 2.53971e-06 2.77493e-06 2.95253e-06 3.06774e-06 3.11986e-06 3.11171e-06 3.04892e-06 2.93904e-06 2.7908e-06 2.61338e-06 2.41574e-06 2.20624e-06 1.99228e-06 1.7801e-06 1.57474e-06 1.38005e-06 1.19874e-06 1.03253e-06 8.82316e-07 7.48265e-07 6.30025e-07 5.26837e-07 4.37672e-07 3.61326e-07 2.96514e-07 2.41933e-07 1.96314e-07 1.58456e-07 1.27249e-07 1.01689e-07 8.08812e-08 6.4039e-08 5.04821e-08 3.96269e-08 3.09788e-08 2.41225e-08 1.87118e-08 1.44609e-08 1.11357e-08 8.54528e-09 6.53531e-09 4.98174e-09 3.7854e-09 2.86746e-09 2.16559e-09 1.63073e-09 1.22448e-09 9.16881e-10 6.84703e-10 5.09973e-10 3.78858e-10 2.80749e-10 2.07539e-10 1.53054e-10 1.1261e-10 8.26655e-11 6.05488e-11 4.4253e-11 3.22744e-11 2.34894e-11 1.7061e-11 1.23672e-11 8.94738e-12 6.46088e-12 4.65669e-12 3.35019e-12 2.40593e-12 1.72478e-12 1.23435e-12 8.81876e-13 6.29012e-13 4.47925e-13 3.18463e-13 2.26065e-13 1.60229e-13 1.13395e-13 8.01312e-14 5.6543e-14 3.98414e-14 2.80338e-14 1.96983e-14 1.38225e-14 9.68641e-15 6.77908e-15 4.73825e-15 3.30761e-15 2.30604e-15 1.60578e-15 1.11681e-15 7.75813e-16
6.35269e-09 2.75471e-08 7.33314e-08 1.52356e-07 2.70237e-07 4.28305e-07 6.23204e-07 8.47296e-07 1.08968e-06 1.33756e-06 1.57768e-06 1.79768e-06 1.98707e-06 2.138e-06 2.24555e-06 2.30772e-06 2.32517e-06 2.30082e-06 2.2393e-06 2.14634e-06 2.02831e-06 1.89171e-06 1.74278e-06 1.58724e-06 1.43009e-06 1.27551e-06 1.12683e-06 9.86532e-07 8.56356e-07 7.37357e-07 6.30025e-07 5.34386e-07 4.5011e-07 3.76606e-07 3.13103e-07 2.58725e-07 2.12545e-07 1.73632e-07 1.41081e-07 1.14041e-07 9.17249e-08 7.34228e-08 5.85014e-08 4.64048e-08 3.66512e-08 2.88273e-08 2.25825e-08 1.76217e-08 1.36988e-08 1.06104e-08 8.18914e-09 6.29872e-09 4.82854e-09 3.68952e-09 2.81032e-09 2.13408e-09 1.61574e-09 1.21975e-09 9.18217e-10 6.89325e-10 5.16105e-10 3.85404e-10 2.8707e-10 2.13294e-10 1.58094e-10 1.16902e-10 8.6243e-11 6.34809e-11 4.66231e-11 3.41681e-11 2.49875e-11 1.82358e-11 1.32816e-11 9.65414e-12 7.00381e-12 5.07143e-12 3.66536e-12 2.64431e-12 1.90428e-12 1.36895e-12 9.82421e-13 7.03843e-13 5.03425e-13 3.59492e-13 2.56302e-13 1.82446e-13 1.29673e-13 9.2026e-14 6.5212e-14 4.61436e-14 3.26043e-14 2.30052e-14 1.62098e-14 1.14061e-14 8.01529e-15 5.62508e-15 3.94254e-15 2.75975e-15 1.92939e-15 1.34721e-15 9.39559e-16
3.72132e-09 1.65869e-08 4.51726e-08 9.57431e-08 1.72904e-07 2.78601e-07 4.11648e-07 5.6779e-07 7.40227e-07 9.20447e-07 1.09919e-06 1.26738e-06 1.41695e-06 1.54141e-06 1.63623e-06 1.6989e-06 1.72891e-06 1.72748e-06 1.69723e-06 1.6418e-06 1.56551e-06 1.47293e-06 1.36865e-06 1.25701e-06 1.1419e-06 1.02671e-06 9.14223e-07 8.06629e-07 7.05546e-07 6.12068e-07 5.26837e-07 4.5011e-07 3.81837e-07 3.21732e-07 2.69337e-07 2.24082e-07 1.85326e-07 1.52402e-07 1.24643e-07 1.01405e-07 8.20822e-08 6.61183e-08 5.30093e-08 4.2307e-08 3.36177e-08 2.66003e-08 2.09616e-08 1.64529e-08 1.28645e-08 1.00214e-08 7.77857e-09 6.01659e-09 4.63794e-09 3.56343e-09 2.72909e-09 2.0836e-09 1.58597e-09 1.20363e-09 9.10838e-10 6.87346e-10 5.17279e-10 3.88257e-10 2.90662e-10 2.17048e-10 1.61679e-10 1.20144e-10 8.9069e-11 6.58798e-11 4.86185e-11 3.58009e-11 2.63059e-11 1.92885e-11 1.41139e-11 1.03068e-11 7.51172e-12 5.46407e-12 3.96708e-12 2.87487e-12 2.07958e-12 1.50162e-12 1.08238e-12 7.78859e-13 5.59506e-13 4.01266e-13 2.87314e-13 2.05394e-13 1.46602e-13 1.04479e-13 7.4346e-14 5.28256e-14 3.74799e-14 2.6554e-14 1.87867e-14 1.3273e-14 9.36481e-15 6.59851e-15 4.64323e-15 3.26311e-15 2.29029e-15 1.60547e-15 1.12403e-15
