0.0124468 0.00933508 0.00700131 0.00525098 0.00393823 0.00295368 0.00221526 0.00166144 0.00124608 0.000934562 0.000700921 0.000525691 0.000394268 0.000295701 0.000221776 0.000166332 0.000124749 9.35617e-05 7.01713e-05 5.26284e-05 3.94713e-05 2.96035e-05 2.22026e-05 1.6652e-05 1.2489e-05 9.36673e-06 7.02505e-06 5.26879e-06 3.95159e-06 2.96369e-06 2.22277e-06 1.66708e-06 1.25031e-06 9.37731e-07 7.03298e-07 5.27474e-07 3.95605e-07 2.96704e-07 2.22528e-07 1.66896e-07 1.25172e-07 9.3879e-08 7.04092e-08 5.28069e-08 3.96052e-08 2.97039e-08 2.22779e-08 1.67084e-08 1.25313e-08 9.3985e-09 7.04887e-09 5.28666e-09 3.96499e-09 2.97374e-09 2.23031e-09 1.67273e-09 1.25455e-09 9.40911e-10 7.05683e-10 5.29262e-10 3.96947e-10 2.9771e-10 2.23283e-10 1.67462e-10 1.25596e-10 9.41973e-11 7.0648e-11 5.2986e-11 3.97395e-11 2.98046e-11 2.23535e-11 1.67651e-11 1.25738e-11 9.43037e-12 7.07278e-12 5.30458e-12 3.97844e-12 2.98383e-12 2.23787e-12 1.6784e-12 1.2588e-12 9.44102e-13 7.08076e-13 5.31057e-13 3.98293e-13 2.9872e-13 2.2404e-13 1.6803e-13 1.26022e-13 9.45168e-14 7.08876e-14 5.31657e-14 3.98743e-14 2.99057e-14 2.24293e-14 1.6822e-14 1.26165e-14 9.46235e-15 7.09676e-15 5.32257e-15 3.99193e-15
0.00933508 0.00762431 0.00618548 0.00498955 0.00400499 0.00320086 0.00254849 0.00202225 0.00159985 0.00126226 0.000993469 0.000780185 0.000611451 0.000478323 0.000373543 0.000291258 0.000226769 0.000176321 0.000136924 0.000106205 8.2288e-05 6.36917e-05 4.92505e-05 3.80492e-05 2.93704e-05 2.26529e-05 1.74585e-05 1.34455e-05 1.03478e-05 7.95868e-06 6.11735e-06 4.69927e-06 3.60789e-06 2.7685e-06 2.12331e-06 1.62769e-06 1.24717e-06 9.55177e-07 7.31234e-07 5.59563e-07 4.28026e-07 3.27285e-07 2.50163e-07 1.91146e-07 1.46003e-07 1.11484e-07 8.51001e-08 6.49402e-08 4.95415e-08 3.77833e-08 2.88079e-08 2.19588e-08 1.67337e-08 1.27487e-08 9.71039e-09 7.39442e-09 5.62954e-09 4.28495e-09 3.26081e-09 2.48093e-09 1.88719e-09 1.43526e-09 1.09135e-09 8.29685e-10 6.30646e-10 4.79271e-10 3.64168e-10 2.76662e-10 2.10149e-10 1.59601e-10 1.21192e-10 9.20131e-11 6.9849e-11 5.30161e-11 4.02341e-11 3.05296e-11 2.31627e-11 1.75712e-11 1.33277e-11 1.01078e-11 7.66486e-12 5.81165e-12 4.406e-12 3.33994e-12 2.53154e-12 1.91859e-12 1.45389e-12 1.10163e-12 8.34635e-13 6.32284e-13 4.78944e-13 3.62756e-13 2.74728e-13 2.08042e-13 1.57528e-13 1.19269e-13 9.02937e-14 6.83518e-14 5.17375e-14 3.91583e-14 2.96351e-14
0.00700131 0.00618548 0.00537117 0.00460081 0.00389747 0.00327141 0.00272465 0.00225421 0.00185425 0.00151754 0.00123642 0.00100335 0.0008113 0.000653881 0.000525453 0.000421112 0.000336657 0.000268526 0.000213732 0.000169787 0.000134632 0.000106574 8.423e-05 6.64711e-05 5.2383e-05 4.12261e-05 3.24051e-05 2.54414e-05 1.99518e-05 1.56301e-05 1.22322e-05 9.56381e-06 7.47065e-06 5.83051e-06 4.54666e-06 3.54267e-06 2.75828e-06 2.14598e-06 1.66844e-06 1.29628e-06 1.00648e-06 7.80986e-07 6.05646e-07 4.69399e-07 3.63599e-07 2.81494e-07 2.17816e-07 1.68458e-07 1.30221e-07 1.00616e-07 7.77058e-08 5.99859e-08 4.6287e-08 3.57017e-08 2.7526e-08 2.12143e-08 1.63436e-08 1.25866e-08 9.68973e-09 7.457e-09 5.7368e-09 4.41196e-09 3.39199e-09 2.607e-09 2.00306e-09 1.53858e-09 1.18146e-09 9.06974e-10 6.96067e-10 5.34061e-10 4.09653e-10 3.14145e-10 2.40844e-10 1.84601e-10 1.41458e-10 1.08373e-10 8.30071e-11 6.3564e-11 4.86645e-11 3.72495e-11 2.85061e-11 2.18105e-11 1.66842e-11 1.27602e-11 9.7573e-12 7.45964e-12 5.70197e-12 4.35766e-12 3.32969e-12 2.54378e-12 1.94303e-12 1.48391e-12 1.13308e-12 8.6506e-13 6.60331e-13 5.03975e-13 3.84582e-13 2.9343e-13 2.23849e-13 1.70743e-13 1.30217e-13
0.00525098 0.00498955 0.00460081 0.00414878 0.00367702 0.00321407 0.00277762 0.00237763 0.00201875 0.00170201 0.00142616 0.00118854 0.000985715 0.000813949 0.000669472 0.000548671 0.000448198 0.000365025 0.000296462 0.000240161 0.000194088 0.000156505 0.000125937 0.000101143 8.10816e-05 6.48873e-05 5.18431e-05 4.13575e-05 3.29446e-05 2.62068e-05 2.08197e-05 1.65192e-05 1.30915e-05 1.03632e-05 8.19455e-06 6.473e-06 5.10803e-06 4.02704e-06 3.1719e-06 2.49615e-06 1.9627e-06 1.542e-06 1.21052e-06 9.49577e-07 7.4434e-07 5.8305e-07 4.56399e-07 3.57023e-07 2.79108e-07 2.18061e-07 1.70265e-07 1.32868e-07 1.03627e-07 8.07767e-08 6.29318e-08 4.9004e-08 3.81395e-08 2.96693e-08 2.30693e-08 1.79293e-08 1.39282e-08 1.08154e-08 8.39461e-09 6.51299e-09 5.05109e-09 3.91579e-09 3.0345e-09 2.35067e-09 1.82028e-09 1.40906e-09 1.09035e-09 8.43449e-10 6.52237e-10 5.04209e-10 3.89652e-10 3.01029e-10 2.32492e-10 1.79505e-10 1.38554e-10 1.06915e-10 8.24771e-11 6.36079e-11 4.90423e-11 3.78022e-11 2.91307e-11 2.24426e-11 1.72858e-11 1.33106e-11 1.02472e-11 7.88692e-12 6.06891e-12 4.66891e-12 3.59107e-12 2.76146e-12 2.12304e-12 1.63188e-12 1.25409e-12 9.63559e-13 7.40189e-13 5.68488e-13 4.36532e-13
0.00393823 0.00400499 0.00389747 0.00367702 0.0033895 0.0030684 0.00273747 0.00241295 0.00210536 0.00182103 0.00156321 0.00133298 0.00112995 0.000952801 0.000799599 0.000668134 0.000556085 0.000461154 0.000381157 0.000314067 0.000258046 0.000211454 0.000172843 0.000140953 0.000114696 9.31373e-05 7.5484e-05 6.10643e-05 4.93132e-05 3.97576e-05 3.20034e-05 2.5723e-05 2.06456e-05 1.65479e-05 1.32463e-05 1.05902e-05 8.45659e-06 6.74513e-06 5.37413e-06 4.27728e-06 3.40084e-06 2.70135e-06 2.14371e-06 1.69964e-06 1.34638e-06 1.06564e-06 8.42743e-07 6.65945e-07 5.25834e-07 4.14894e-07 3.27124e-07 2.57742e-07 2.02939e-07 1.59684e-07 1.25568e-07 9.86796e-08 7.75024e-08 6.08344e-08 4.77238e-08 3.7418e-08 2.93219e-08 2.29655e-08 1.79778e-08 1.40663e-08 1.10005e-08 8.59877e-09 6.71832e-09 5.24672e-09 4.09566e-09 3.19574e-09 2.4925e-09 1.94322e-09 1.51437e-09 1.1797e-09 9.1863e-10 7.15069e-10 5.56409e-10 4.32796e-10 3.36526e-10 2.61579e-10 2.03254e-10 1.57881e-10 1.22597e-10 9.51677e-11 7.38522e-11 5.72932e-11 4.44336e-11 3.44501e-11 2.6702e-11 2.06905e-11 1.6028e-11 1.24127e-11 9.61023e-12 7.43853e-12 5.75608e-12 4.45302e-12 3.44408e-12 2.66308e-12 2.05868e-12 1.59107e-12 1.22938e-12
0.00295368 0.00320086 0.00327141 0.00321407 0.0030684 0.00286566 0.00262996 0.00237937 0.00212704 0.00188217 0.00165085 0.00143681 0.00124199 0.00106705 0.000911731 0.000775147 0.00065604 0.000552932 0.00046425 0.000388415 0.000323903 0.000269283 0.000223236 0.000184569 0.000152217 0.00012524 0.000102815 8.42283e-05 6.88639e-05 5.61958e-05 4.57757e-05 3.7224e-05 3.02205e-05 2.44966e-05 1.98272e-05 1.6025e-05 1.29343e-05 1.0426e-05 8.3936e-06 6.7492e-06 5.42066e-06 4.34875e-06 3.48505e-06 2.78998e-06 2.23129e-06 1.78275e-06 1.42304e-06 1.13488e-06 9.04271e-07 7.19912e-07 5.72666e-07 4.55173e-07 3.61504e-07 2.86896e-07 2.27518e-07 1.80302e-07 1.42785e-07 1.12999e-07 8.93674e-08 7.06332e-08 5.57916e-08 4.40419e-08 3.47461e-08 2.73967e-08 2.15896e-08 1.70041e-08 1.33854e-08 1.05313e-08 8.28158e-09 6.50918e-09 5.11362e-09 4.01535e-09 3.15149e-09 2.47236e-09 1.93871e-09 1.51959e-09 1.19056e-09 9.32388e-10 7.299e-10 5.71158e-10 4.46763e-10 3.49327e-10 2.73037e-10 2.13329e-10 1.66618e-10 1.30088e-10 1.01531e-10 7.92162e-11 6.17848e-11 4.81732e-11 3.75481e-11 2.92571e-11 2.27896e-11 1.77464e-11 1.3815e-11 1.07513e-11 8.36463e-12 6.50587e-12 5.05873e-12 3.93238e-12 3.05598e-12
0.00221526 0.00254849 0.00272465 0.00277762 0.00273747 0.00262996 0.00247644 0.00229415 0.00209659 0.00189407 0.00169418 0.00150227 0.00132191 0.00115527 0.00100344 0.000866726 0.000744854 0.000637153 0.000542704 0.000460436 0.000389212 0.000327888 0.00027535 0.000230543 0.000192488 0.000160293 0.000133152 0.000110348 9.12465e-05 7.52926e-05 6.20039e-05 5.09633e-05 4.18126e-05 3.42454e-05 2.80013e-05 2.28594e-05 1.86333e-05 1.51663e-05 1.23272e-05 1.0006e-05 8.11139e-06 6.56731e-06 5.31076e-06 4.28965e-06 3.46099e-06 2.78939e-06 2.24576e-06 1.80624e-06 1.45132e-06 1.16503e-06 9.34359e-07 7.48688e-07 5.99392e-07 4.79464e-07 3.83218e-07 3.06049e-07 2.4423e-07 1.94752e-07 1.55184e-07 1.23567e-07 9.8323e-08 7.81834e-08 6.2128e-08 4.9338e-08 3.91564e-08 3.10569e-08 2.4618e-08 1.95027e-08 1.54414e-08 1.22191e-08 9.66393e-09 7.639e-09 6.03522e-09 4.76571e-09 3.76136e-09 2.96723e-09 2.33963e-09 1.84392e-09 1.45256e-09 1.14376e-09 9.00202e-10 7.08204e-10 5.56919e-10 4.37769e-10 3.4397e-10 2.70161e-10 2.12106e-10 1.66462e-10 1.30591e-10 1.02412e-10 8.02838e-11 6.29143e-11 4.92853e-11 3.85953e-11 3.02136e-11 2.36443e-11 1.84972e-11 1.44659e-11 1.13095e-11 8.8391e-12 6.90618e-12
0.00166144 0.00202225 0.00225421 0.00237763 0.00241295 0.00237937 0.00229415 0.00217217 0.00202595 0.00186562 0.00169924 0.00153296 0.00137132 0.00121753 0.00107371 0.00094112 0.000820329 0.000711414 0.000614082 0.000527781 0.000451796 0.000385313 0.000327472 0.000277409 0.000234282 0.000197291 0.000165691 0.000138796 0.000115984 9.66987e-05 8.04435e-05 6.67814e-05 5.53295e-05 4.57545e-05 3.77679e-05 3.11212e-05 2.56017e-05 2.10274e-05 1.7244e-05 1.41205e-05 1.15464e-05 9.42861e-06 7.68913e-06 6.26261e-06 5.09448e-06 4.13933e-06 3.3594e-06 2.7234e-06 2.20544e-06 1.78413e-06 1.44185e-06 1.16409e-06 9.38951e-07 7.56655e-07 6.09205e-07 4.90061e-07 3.93885e-07 3.16323e-07 2.5383e-07 2.03524e-07 1.63064e-07 1.3055e-07 1.04444e-07 8.3499e-08 6.67085e-08 5.32584e-08 4.24923e-08 3.38809e-08 2.69976e-08 2.14996e-08 1.7111e-08 1.36103e-08 1.08195e-08 8.59621e-09 6.82601e-09 5.41743e-09 4.29725e-09 3.40694e-09 2.69972e-09 2.13824e-09 1.69272e-09 1.33939e-09 1.05931e-09 8.3742e-10 6.6171e-10 5.22636e-10 4.12614e-10 3.25614e-10 2.56851e-10 2.02526e-10 1.59627e-10 1.25765e-10 9.90471e-11 7.79757e-11 6.1364e-11 4.82733e-11 3.79614e-11 2.98417e-11 2.34504e-11 1.84216e-11 1.44663e-11
0.00124608 0.00159985 0.00185425 0.00201875 0.00210536 0.00212704 0.00209659 0.00202595 0.00192579 0.00180537 0.00167243 0.00153327 0.00139288 0.00125508 0.00112268 0.000997627 0.000881193 0.00077408 0.000676559 0.000588571 0.000509816 0.000439825 0.00037802 0.00032376 0.000276374 0.000235192 0.000199561 0.00016886 0.000142508 0.000119969 0.000100756 8.44303e-05 7.05979e-05 5.89109e-05 4.90623e-05 4.07837e-05 3.3841e-05 2.80319e-05 2.31815e-05 1.91398e-05 1.57786e-05 1.29885e-05 1.06766e-05 8.76413e-06 7.1847e-06 5.88237e-06 4.81014e-06 3.92865e-06 3.20497e-06 2.61165e-06 2.12585e-06 1.72859e-06 1.40412e-06 1.13942e-06 9.23722e-07 7.48153e-07 6.05398e-07 4.89445e-07 3.95358e-07 3.19087e-07 2.57318e-07 2.0734e-07 1.66938e-07 1.34306e-07 1.07972e-07 8.67381e-08 6.96307e-08 5.58586e-08 4.478e-08 3.58749e-08 2.8722e-08 2.29807e-08 1.83757e-08 1.46845e-08 1.17278e-08 9.36092e-09 7.46749e-09 5.95371e-09 4.74419e-09 3.77837e-09 3.00758e-09 2.3928e-09 1.90272e-09 1.51226e-09 1.20134e-09 9.53895e-10 7.57058e-10 6.00562e-10 4.762e-10 3.77422e-10 2.99003e-10 2.36775e-10 1.87419e-10 1.4829e-10 1.17282e-10 9.27206e-11 7.3274e-11 5.78836e-11 4.57082e-11 3.60803e-11 2.84698e-11
0.000934562 0.00126226 0.00151754 0.00170201 0.00182103 0.00188217 0.00189407 0.00186562 0.00180537 0.00172119 0.00162006 0.00150796 0.00138991 0.00126997 0.00115132 0.0010364 0.000926964 0.000824219 0.000728909 0.000641409 0.000561808 0.000489971 0.000425606 0.000368309 0.000317603 0.000272969 0.000233874 0.000199786 0.000170189 0.000144591 0.000122533 0.00010359 8.73748e-05 7.35366e-05 6.17605e-05 5.17663e-05 4.3306e-05 3.61617e-05 3.01425e-05 2.50825e-05 2.08377e-05 1.7284e-05 1.43145e-05 1.18378e-05 9.77572e-06 8.06179e-06 6.63955e-06 5.4612e-06 4.4864e-06 3.68117e-06 3.01693e-06 2.46975e-06 2.0196e-06 1.64972e-06 1.34619e-06 1.0974e-06 8.93711e-07 7.27133e-07 5.91053e-07 4.80006e-07 3.89477e-07 3.15751e-07 2.55766e-07 2.07007e-07 1.6741e-07 1.35281e-07 1.09235e-07 8.81383e-08 7.10642e-08 5.72569e-08 4.61002e-08 3.70922e-08 2.98245e-08 2.39652e-08 1.92447e-08 1.54444e-08 1.23869e-08 9.92877e-09 7.95377e-09 6.36795e-09 5.09544e-09 4.07495e-09 3.25707e-09 2.60196e-09 2.07752e-09 1.65794e-09 1.32243e-09 1.05429e-09 8.40111e-10 6.69123e-10 5.32685e-10 4.23872e-10 3.37134e-10 2.68025e-10 2.1299e-10 1.69182e-10 1.34328e-10 1.06609e-10 8.4576e-11 6.70692e-11 5.3165e-11
0.000700921 0.000993469 0.00123642 0.00142616 0.00156321 0.00165085 0.00169418 0.00169924 0.00167243 0.00162006 0.00154807 0.00146183 0.00136606 0.00126476 0.00116127 0.00105826 0.00095782 0.00086151 0.000770445 0.000685364 0.000606691 0.0005346 0.000469071 0.000409934 0.000356914 0.000309658 0.000267767 0.000230817 0.000198374 0.000170011 0.000145313 0.000123886 0.000105361 8.93982e-05 7.56855e-05 6.39398e-05 5.39069e-05 4.53594e-05 3.80955e-05 3.19371e-05 2.67277e-05 2.23305e-05 1.86266e-05 1.55129e-05 1.29002e-05 1.0712e-05 8.8824e-06 7.35529e-06 6.08269e-06 5.02385e-06 4.14419e-06 3.41444e-06 2.80991e-06 2.30979e-06 1.89659e-06 1.55564e-06 1.27465e-06 1.04336e-06 8.53194e-07 6.97016e-07 5.68893e-07 4.63897e-07 3.77941e-07 3.07645e-07 2.50211e-07 2.0333e-07 1.651e-07 1.33951e-07 1.08595e-07 8.79727e-08 7.12136e-08 5.76054e-08 4.65647e-08 3.76139e-08 3.03631e-08 2.44937e-08 1.9746e-08 1.59085e-08 1.28087e-08 1.03066e-08 8.28831e-09 6.6613e-09 5.35058e-09 4.29533e-09 3.44628e-09 2.76354e-09 2.21487e-09 1.7742e-09 1.42046e-09 1.13668e-09 9.09132e-10 7.26781e-10 5.80724e-10 4.63799e-10 3.70243e-10 2.95423e-10 2.35616e-10 1.87833e-10 1.49675e-10 1.19218e-10 9.49176e-11
0.000525691 0.000780185 0.00100335 0.00118854 0.00133298 0.00143681 0.00150227 0.00153296 0.00153327 0.00150796 0.00146183 0.00139944 0.00132502 0.0012423 0.00115456 0.00106452 0.000974455 0.000886142 0.000800963 0.000719933 0.000643755 0.000572869 0.000507501 0.000447703 0.000393393 0.000344389 0.000300434 0.000261221 0.000226415 0.000195664 0.000168611 0.000144907 0.000124216 0.000106219 9.06165e-05 7.71325e-05 6.55138e-05 5.55305e-05 4.69752e-05 3.96623e-05 3.34264e-05 2.81212e-05 2.36177e-05 1.98028e-05 1.65777e-05 1.38566e-05 1.15649e-05 9.6384e-06 8.02163e-06 6.66705e-06 5.53397e-06 4.58763e-06 3.79844e-06 3.14124e-06 2.59473e-06 2.14088e-06 1.76447e-06 1.45268e-06 1.19474e-06 9.81598e-07 8.05685e-07 6.60659e-07 5.41228e-07 4.42979e-07 3.62241e-07 2.95959e-07 2.41598e-07 1.97057e-07 1.60597e-07 1.30778e-07 1.06412e-07 8.65199e-08 7.02937e-08 5.70688e-08 4.62988e-08 3.75349e-08 3.0409e-08 2.46193e-08 1.99188e-08 1.61053e-08 1.30136e-08 1.05088e-08 8.48101e-09 6.84037e-09 5.51385e-09 4.44201e-09 3.57649e-09 2.87802e-09 2.31468e-09 1.8606e-09 1.49482e-09 1.20032e-09 9.63343e-10 7.72766e-10 6.19585e-10 4.96526e-10 3.97718e-10 3.18423e-10 2.54819e-10 2.03827e-10 1.62966e-10
0.000394268 0.000611451 0.0008113 0.000985715 0.00112995 0.00124199 0.00132191 0.00137132 0.00139288 0.00138991 0.00136606 0.00132502 0.00127038 0.00120551 0.00113344 0.00105682 0.000977947 0.00089871 0.000820654 0.00074499 0.000672631 0.000604235 0.000540237 0.000480888 0.000426287 0.000376414 0.000331155 0.000290326 0.000253694 0.000220992 0.000191935 0.000166228 0.000143576 0.000123692 0.0001063 9.1138e-05 7.79625e-05 6.65474e-05 5.66856e-05 4.81886e-05 4.08864e-05 3.46265e-05 2.92725e-05 2.47036e-05 2.08132e-05 1.75071e-05 1.47033e-05 1.23298e-05 1.03244e-05 8.63296e-06 7.20869e-06 6.01137e-06 5.00644e-06 4.16427e-06 3.45953e-06 2.87064e-06 2.37925e-06 1.96975e-06 1.62894e-06 1.34567e-06 1.1105e-06 9.15496e-07 7.5399e-07 6.20377e-07 5.0996e-07 4.1881e-07 3.43643e-07 2.81719e-07 2.30755e-07 1.88852e-07 1.54432e-07 1.26183e-07 1.03021e-07 8.40455e-08 6.85135e-08 5.58106e-08 4.54301e-08 3.69541e-08 3.00385e-08 2.44005e-08 1.98075e-08 1.60685e-08 1.30269e-08 1.05544e-08 8.54585e-09 6.91534e-09 5.59258e-09 4.52019e-09 3.65132e-09 2.94779e-09 2.3785e-09 1.9181e-09 1.54598e-09 1.2454e-09 1.00274e-09 8.06942e-10 6.49052e-10 5.21797e-10 4.19287e-10 3.36754e-10 2.7034e-10
0.000295701 0.000478323 0.000653881 0.000813949 0.000952801 0.00106705 0.00115527 0.00121753 0.00125508 0.00126997 0.00126476 0.0012423 0.00120551 0.00115727 0.00110027 0.00103699 0.000969638 0.000900115 0.000830036 0.000760728 0.000693252 0.000628427 0.00056686 0.000508968 0.000455012 0.00040512 0.000359314 0.000317531 0.000279642 0.000245471 0.000214808 0.00018742 0.000163064 0.000141492 0.000122458 0.000105724 9.10617e-05 7.82552e-05 6.71036e-05 5.74208e-05 4.90363e-05 4.1795e-05 3.55564e-05 3.01944e-05 2.55964e-05 2.1662e-05 1.83025e-05 1.54396e-05 1.30046e-05 1.09375e-05 9.18569e-06 7.70373e-06 6.45212e-06 5.39675e-06 4.50825e-06 3.76134e-06 3.13439e-06 2.60887e-06 2.16897e-06 1.80123e-06 1.49421e-06 1.23821e-06 1.02501e-06 8.47658e-07 7.00304e-07 5.78008e-07 4.7662e-07 3.92656e-07 3.23192e-07 2.65784e-07 2.18385e-07 1.79288e-07 1.47069e-07 1.20543e-07 9.87239e-08 8.07914e-08 6.60661e-08 5.39846e-08 4.40804e-08 3.59675e-08 2.93273e-08 2.38966e-08 1.94583e-08 1.5834e-08 1.28763e-08 1.04644e-08 8.49902e-09 6.8985e-09 5.59601e-09 4.53675e-09 3.67584e-09 2.9766e-09 2.40902e-09 1.94858e-09 1.57528e-09 1.27282e-09 1.02789e-09 8.29661e-10 6.69318e-10 5.39692e-10 4.34955e-10
0.000221776 0.000373543 0.000525453 0.000669472 0.000799599 0.000911731 0.00100344 0.00107371 0.00112268 0.00115132 0.00116127 0.00115456 0.00113344 0.00110027 0.00105736 0.00100694 0.000951029 0.000891471 0.000829869 0.000767598 0.000705805 0.00064542 0.000587174 0.000531621 0.000479156 0.000430037 0.000384411 0.000342327 0.000303759 0.000268621 0.000236781 0.000208073 0.00018231 0.00015929 0.000138804 0.000120643 0.0001046 9.04774e-05 7.80841e-05 6.72417e-05 5.77834e-05 4.95553e-05 4.2416e-05 3.62371e-05 3.09021e-05 2.63063e-05 2.23559e-05 1.89676e-05 1.60672e-05 1.35893e-05 1.14764e-05 9.67791e-06 8.14977e-06 6.85353e-06 5.75578e-06 4.82761e-06 4.04401e-06 3.38345e-06 2.82741e-06 2.36e-06 1.96762e-06 1.63867e-06 1.36324e-06 1.13291e-06 9.40533e-07 7.80037e-07 6.46295e-07 5.3497e-07 4.42407e-07 3.65524e-07 3.01732e-07 2.48854e-07 2.05067e-07 1.68843e-07 1.38903e-07 1.1418e-07 9.37832e-08 7.69705e-08 6.31239e-08 5.17298e-08 4.23613e-08 3.46647e-08 2.83466e-08 2.31641e-08 1.89162e-08 1.54371e-08 1.25896e-08 1.02608e-08 8.35748e-09 6.80301e-09 5.5343e-09 4.4995e-09 3.65604e-09 2.96897e-09 2.40965e-09 1.9546e-09 1.58462e-09 1.28397e-09 1.03981e-09 8.41635e-10 6.80879e-10
0.000166332 0.000291258 0.000421112 0.000548671 0.000668134 0.000775147 0.000866726 0.00094112 0.000997627 0.0010364 0.00105826 0.00106452 0.00105682 0.00103699 0.00100694 0.000968564 0.000923693 0.000874021 0.000821086 0.000766249 0.000710688 0.000655393 0.000601182 0.000548707 0.000498469 0.000450838 0.000406066 0.000364304 0.000325623 0.000290023 0.000257449 0.000227804 0.000200959 0.000176762 0.000155047 0.000135638 0.000118356 0.000103023 8.94652e-05 7.75162e-05 6.7017e-05 5.78182e-05 4.97813e-05 4.27778e-05 3.66903e-05 3.14118e-05 2.68452e-05 2.29034e-05 1.95081e-05 1.65895e-05 1.40856e-05 1.19416e-05 1.01091e-05 8.54564e-06 7.214e-06 6.08167e-06 5.12037e-06 4.30553e-06 3.61586e-06 3.033e-06 2.54109e-06 2.12652e-06 1.77759e-06 1.48429e-06 1.23806e-06 1.0316e-06 8.58693e-07 7.14056e-07 5.93203e-07 4.92335e-07 4.08239e-07 3.38198e-07 2.79925e-07 2.31489e-07 1.91271e-07 1.57908e-07 1.30257e-07 1.07362e-07 8.84212e-08 7.27655e-08 5.98364e-08 4.91679e-08 4.03721e-08 3.3126e-08 2.71613e-08 2.22552e-08 1.82229e-08 1.49113e-08 1.21935e-08 9.9646e-09 8.13799e-09 6.64209e-09 5.41784e-09 4.41658e-09 3.59823e-09 2.92981e-09 2.38419e-09 1.93909e-09 1.57621e-09 1.28053e-09 1.03977e-09
0.000124749 0.000226769 0.000336657 0.000448198 0.000556085 0.00065604 0.000744854 0.000820329 0.000881193 0.000926964 0.00095782 0.000974455 0.000977947 0.000969638 0.000951029 0.000923693 0.000889202 0.000849074 0.00080473 0.000757472 0.000708458 0.000658698 0.000609056 0.000560249 0.000512855 0.000467331 0.000424017 0.000383154 0.000344896 0.000309325 0.000276459 0.000246268 0.000218683 0.000193603 0.000170907 0.000150455 0.000132101 0.000115692 0.000101074 8.80965e-05 7.66121e-05 6.64802e-05 5.75673e-05 4.97486e-05 4.29078e-05 3.69379e-05 3.17405e-05 2.72261e-05 2.33139e-05 1.99307e-05 1.7011e-05 1.44963e-05 1.23346e-05 1.04798e-05 8.89118e-06 7.53285e-06 6.37338e-06 5.38526e-06 4.54449e-06 3.83018e-06 3.2242e-06 2.71087e-06 2.27662e-06 1.90976e-06 1.60024e-06 1.33944e-06 1.11996e-06 9.35479e-07 7.80596e-07 6.50714e-07 5.41918e-07 4.50887e-07 3.748e-07 3.11271e-07 2.5828e-07 2.14125e-07 1.77367e-07 1.46797e-07 1.21396e-07 1.0031e-07 8.28215e-08 6.83291e-08 5.633e-08 4.64034e-08 3.81982e-08 3.14214e-08 2.58286e-08 2.12166e-08 1.74163e-08 1.42872e-08 1.17126e-08 9.5957e-09 7.85644e-09 6.42841e-09 5.25672e-09 4.296e-09 3.50877e-09 2.86412e-09 2.33657e-09 1.9051e-09 1.55245e-09
9.35617e-05 0.000176321 0.000268526 0.000365025 0.000461154 0.000552932 0.000637153 0.000711414 0.00077408 0.000824219 0.00086151 0.000886142 0.00089871 0.000900115 0.000891471 0.000874021 0.000849074 0.000817942 0.000781899 0.000742147 0.000699789 0.000655819 0.000611109 0.000566409 0.000522351 0.00047945 0.000438118 0.000398668 0.000361327 0.000326248 0.000293518 0.000263169 0.00023519 0.000209531 0.000186117 0.000164848 0.000145612 0.000128283 0.000112732 9.88262e-05 8.6434e-05 7.5426e-05 6.56774e-05 5.70693e-05 4.94894e-05 4.28325e-05 3.7001e-05 3.19051e-05 2.74623e-05 2.35976e-05 2.0243e-05 1.73373e-05 1.48253e-05 1.2658e-05 1.07916e-05 9.18705e-06 7.81014e-06 6.63053e-06 5.62161e-06 4.76003e-06 4.02541e-06 3.39998e-06 2.86827e-06 2.41688e-06 2.03419e-06 1.71019e-06 1.43622e-06 1.20485e-06 1.0097e-06 8.45298e-07 7.06956e-07 5.90678e-07 4.93053e-07 4.11178e-07 3.42584e-07 2.85177e-07 2.3718e-07 1.97092e-07 1.6364e-07 1.35754e-07 1.12528e-07 9.32011e-08 7.71333e-08 6.37864e-08 5.27092e-08 4.35234e-08 3.59122e-08 2.96108e-08 2.4398e-08 2.00889e-08 1.65297e-08 1.3592e-08 1.1169e-08 9.17208e-09 7.52738e-09 6.17374e-09 5.06041e-09 4.14534e-09 3.39372e-09 2.77675e-09 2.27064e-09
7.01713e-05 0.000136924 0.000213732 0.000296462 0.000381157 0.00046425 0.000542704 0.000614082 0.000676559 0.000728909 0.000770445 0.000800963 0.000820654 0.000830036 0.000829869 0.000821086 0.00080473 0.000781899 0.000753697 0.000721201 0.000685432 0.000647334 0.000607759 0.000567466 0.000527108 0.000487242 0.000448327 0.000410734 0.00037475 0.000340587 0.000308394 0.00027826 0.000250227 0.000224297 0.000200437 0.000178589 0.000158674 0.0001406 0.00012426 0.000109546 9.63418e-05 8.4533e-05 7.4006e-05 6.46503e-05 5.63598e-05 4.90335e-05 4.25765e-05 3.69001e-05 3.19222e-05 2.75668e-05 2.37649e-05 2.04531e-05 1.75744e-05 1.50772e-05 1.2915e-05 1.10464e-05 9.43454e-06 8.04652e-06 6.8533e-06 5.82923e-06 4.95172e-06 4.20096e-06 3.55962e-06 3.01253e-06 2.54652e-06 2.15012e-06 1.81337e-06 1.52768e-06 1.28562e-06 1.08077e-06 9.07622e-07 7.61448e-07 6.38184e-07 5.34358e-07 4.47e-07 3.73577e-07 3.1193e-07 2.60224e-07 2.16899e-07 1.80633e-07 1.50304e-07 1.24964e-07 1.03812e-07 8.61725e-08 7.14741e-08 5.92374e-08 4.90588e-08 4.05992e-08 3.35739e-08 2.77444e-08 2.29111e-08 1.89067e-08 1.55916e-08 1.28493e-08 1.05823e-08 8.70963e-09 7.16382e-09 5.88868e-09 4.83753e-09 3.97161e-09 3.25875e-09
5.26284e-05 0.000106205 0.000169787 0.000240161 0.000314067 0.000388415 0.000460436 0.000527781 0.000588571 0.000641409 0.000685364 0.000719933 0.00074499 0.000760728 0.000767598 0.000766249 0.000757472 0.000742147 0.000721201 0.000695572 0.000666176 0.000633885 0.000599509 0.000563787 0.000527375 0.000490848 0.000454696 0.000419329 0.000385079 0.000352211 0.000320921 0.00029135 0.00026359 0.000237687 0.000213652 0.000191468 0.000171089 0.000152455 0.000135486 0.000120097 0.000106193 9.36744e-05 8.24417e-05 7.23949e-05 6.34361e-05 5.54708e-05 4.84085e-05 4.21632e-05 3.66547e-05 3.18077e-05 2.75529e-05 2.38263e-05 2.05694e-05 1.7729e-05 1.52567e-05 1.31091e-05 1.1247e-05 9.63547e-06 8.24317e-06 7.04234e-06 6.00838e-06 5.11951e-06 4.35658e-06 3.70272e-06 3.14317e-06 2.66501e-06 2.25696e-06 1.90923e-06 1.61328e-06 1.36172e-06 1.14817e-06 9.67108e-07 8.13768e-07 6.84059e-07 5.74464e-07 4.81967e-07 4.03984e-07 3.38309e-07 2.83055e-07 2.36617e-07 1.97626e-07 1.6492e-07 1.37512e-07 1.14565e-07 9.53703e-08 7.93291e-08 6.59349e-08 5.47605e-08 4.54459e-08 3.76879e-08 3.12317e-08 2.58631e-08 2.14024e-08 1.76988e-08 1.46263e-08 1.20791e-08 9.96895e-09 8.22215e-09 6.77713e-09 5.58258e-09 4.59575e-09
3.94713e-05 8.2288e-05 0.000134632 0.000194088 0.000258046 0.000323903 0.000389212 0.000451796 0.000509816 0.000561808 0.000606691 0.000643755 0.000672631 0.000693252 0.000705805 0.000710688 0.000708458 0.000699789 0.000685432 0.000666176 0.00064282 0.000616149 0.000586911 0.000555807 0.000523476 0.000490491 0.000457357 0.000424507 0.000392306 0.000361055 0.000330992 0.000302302 0.000275117 0.000249527 0.000225583 0.000203303 0.000182677 0.000163674 0.000146246 0.000130328 0.000115847 0.000102723 9.08702e-05 8.02019e-05 7.063e-05 6.2068e-05 5.44315e-05 4.76393e-05 4.16141e-05 3.62828e-05 3.1577e-05 2.74331e-05 2.37922e-05 2.06001e-05 1.78075e-05 1.53692e-05 1.32444e-05 1.13964e-05 9.79203e-06 8.40159e-06 7.19865e-06 6.15965e-06 5.26369e-06 4.4923e-06 3.82915e-06 3.25991e-06 2.77198e-06 2.35433e-06 1.99733e-06 1.69257e-06 1.43275e-06 1.21151e-06 1.02337e-06 8.63559e-07 7.27974e-07 6.13073e-07 5.15811e-07 4.33569e-07 3.64103e-07 3.05489e-07 2.56083e-07 2.14479e-07 1.7948e-07 1.50066e-07 1.25369e-07 1.04652e-07 8.72879e-08 7.27482e-08 6.05837e-08 5.04151e-08 4.19221e-08 3.48343e-08 2.8924e-08 2.39996e-08 1.98997e-08 1.64889e-08 1.36535e-08 1.12982e-08 9.34306e-09 7.72131e-09 6.37703e-09
2.96035e-05 6.36917e-05 0.000106574 0.000156505 0.000211454 0.000269283 0.000327888 0.000385313 0.000439825 0.000489971 0.0005346 0.000572869 0.000604235 0.000628427 0.00064542 0.000655393 0.000658698 0.000655819 0.000647334 0.000633885 0.000616149 0.000594812 0.000570549 0.000544006 0.00051579 0.000486457 0.00045651 0.000426392 0.000396486 0.00036712 0.000338563 0.000311033 0.000284699 0.000259687 0.000236083 0.00021394 0.000193281 0.000174104 0.000156388 0.000140094 0.000125169 0.000111554 9.91781e-05 8.79688e-05 7.78499e-05 6.87443e-05 6.05753e-05 5.32677e-05 4.67487e-05 4.09486e-05 3.58012e-05 3.12442e-05 2.72193e-05 2.36723e-05 2.05534e-05 1.78165e-05 1.54199e-05 1.33251e-05 1.14978e-05 9.90666e-06 8.52362e-06 7.32352e-06 6.28392e-06 5.3848e-06 4.6084e-06 3.939e-06 3.3627e-06 2.86729e-06 2.44199e-06 2.0774e-06 1.76526e-06 1.49837e-06 1.27047e-06 1.0761e-06 9.10526e-07 7.69651e-07 6.49929e-07 5.48298e-07 4.6212e-07 3.89123e-07 3.27357e-07 2.75149e-07 2.31063e-07 1.93873e-07 1.6253e-07 1.36141e-07 1.13944e-07 9.52885e-08 7.96246e-08 6.64839e-08 5.54694e-08 4.62449e-08 3.8526e-08 3.20722e-08 2.66804e-08 2.21794e-08 1.8425e-08 1.52957e-08 1.26894e-08 1.05202e-08 8.71614e-09
2.22026e-05 4.92505e-05 8.423e-05 0.000125937 0.000172843 0.000223236 0.00027535 0.000327472 0.00037802 0.000425606 0.000469071 0.000507501 0.000540237 0.00056686 0.000587174 0.000601182 0.000609056 0.000611109 0.000607759 0.000599509 0.000586911 0.000570549 0.000551014 0.000528889 0.000504735 0.00047908 0.000452409 0.000425163 0.000397734 0.000370462 0.000343639 0.000317509 0.000292268 0.000268073 0.000245041 0.000223256 0.00020277 0.000183609 0.000165779 0.000149264 0.000134034 0.000120049 0.000107255 9.5594e-05 8.50036e-05 7.5417e-05 6.67664e-05 5.8984e-05 5.20027e-05 4.57572e-05 4.01849e-05 3.52256e-05 3.08226e-05 2.69228e-05 2.34763e-05 2.04371e-05 1.77627e-05 1.5414e-05 1.33555e-05 1.15546e-05 9.98201e-06 8.61125e-06 7.41846e-06 6.38227e-06 5.48358e-06 4.70537e-06 4.03253e-06 3.45166e-06 2.9509e-06 2.51983e-06 2.14926e-06 1.83113e-06 1.55836e-06 1.3248e-06 1.12505e-06 9.54429e-07 8.08863e-07 6.84817e-07 5.79229e-07 4.89452e-07 4.13202e-07 3.4851e-07 2.93681e-07 2.47258e-07 2.07992e-07 1.74812e-07 1.46801e-07 1.23177e-07 1.03271e-07 8.65128e-08 7.24172e-08 6.05715e-08 5.06251e-08 4.22804e-08 3.52853e-08 2.94263e-08 2.45227e-08 2.04219e-08 1.69952e-08 1.4134e-08 1.17465e-08
1.6652e-05 3.80492e-05 6.64711e-05 0.000101143 0.000140953 0.000184569 0.000230543 0.000277409 0.00032376 0.000368309 0.000409934 0.000447703 0.000480888 0.000508968 0.000531621 0.000548707 0.000560249 0.000566409 0.000567466 0.000563787 0.000555807 0.000544006 0.000528889 0.000510969 0.00049075 0.000468722 0.000445346 0.000421046 0.000396212 0.000371188 0.000346278 0.000321743 0.000297802 0.000274634 0.000252384 0.000231159 0.00021104 0.000192078 0.000174303 0.000157722 0.000142328 0.000128097 0.000114995 0.000102979 9.20004e-05 8.20033e-05 7.29301e-05 6.47213e-05 5.73168e-05 5.0657e-05 4.46832e-05 3.9339e-05 3.457e-05 3.03246e-05 2.65542e-05 2.32132e-05 2.0259e-05 1.76523e-05 1.53569e-05 1.33397e-05 1.15702e-05 1.00208e-05 8.66664e-06 7.48512e-06 6.45595e-06 5.56095e-06 4.78386e-06 4.11018e-06 3.52702e-06 3.02296e-06 2.58789e-06 2.21288e-06 1.89007e-06 1.61258e-06 1.37433e-06 1.17004e-06 9.95085e-07 8.45427e-07 7.1756e-07 6.08435e-07 5.1541e-07 4.36196e-07 3.68814e-07 3.11558e-07 2.62956e-07 2.21741e-07 1.86825e-07 1.57274e-07 1.32287e-07 1.11179e-07 9.33639e-08 7.83416e-08 6.56853e-08 5.50316e-08 4.60712e-08 3.85413e-08 3.22186e-08 2.69138e-08 2.24666e-08 1.87413e-08 1.5623e-08
1.2489e-05 2.93704e-05 5.2383e-05 8.10816e-05 0.000114696 0.000152217 0.000192488 0.000234282 0.000276374 0.000317603 0.000356914 0.000393393 0.000426287 0.000455012 0.000479156 0.000498469 0.000512855 0.000522351 0.000527108 0.000527375 0.000523476 0.00051579 0.000504735 0.00049075 0.000474281 0.000455769 0.000435641 0.000414299 0.000392119 0.000369443 0.000346577 0.000323791 0.000301319 0.000279357 0.00025807 0.000237589 0.000218015 0.000199423 0.000181864 0.000165369 0.000149948 0.000135598 0.000122302 0.000110032 9.87532e-05 8.8422e-05 7.89918e-05 7.0412e-05 6.26304e-05 5.55937e-05 4.92487e-05 4.3543e-05 3.84256e-05 3.38474e-05 2.97615e-05 2.61233e-05 2.28912e-05 2.0026e-05 1.74913e-05 1.52536e-05 1.3282e-05 1.1548e-05 1.00259e-05 8.69204e-06 7.52527e-06 6.50633e-06 5.61795e-06 4.84462e-06 4.17249e-06 3.58917e-06 3.08369e-06 2.64627e-06 2.26828e-06 1.94208e-06 1.66095e-06 1.41897e-06 1.21096e-06 1.03236e-06 8.79203e-07 7.48018e-07 6.3578e-07 5.39862e-07 4.5798e-07 3.88156e-07 3.28677e-07 2.78063e-07 2.35035e-07 1.98494e-07 1.67491e-07 1.41213e-07 1.18959e-07 1.00131e-07 8.42167e-08 7.0776e-08 5.94347e-08 4.98729e-08 4.18183e-08 3.50388e-08 2.93371e-08 2.45459e-08 2.05227e-08
9.36673e-06 2.26529e-05 4.12261e-05 6.48873e-05 9.31373e-05 0.00012524 0.000160293 0.000197291 0.000235192 0.000272969 0.000309658 0.000344389 0.000376414 0.00040512 0.000430037 0.000450838 0.000467331 0.00047945 0.000487242 0.000490848 0.000490491 0.000486457 0.00047908 0.000468722 0.000455769 0.00044061 0.000423631 0.000405205 0.000385687 0.000365407 0.000344668 0.000323742 0.00030287 0.00028226 0.000262092 0.000242513 0.000223645 0.00020558 0.00018839 0.000172123 0.000156811 0.000142466 0.000129089 0.000116668 0.00010518 9.45959e-05 8.48792e-05 7.59893e-05 6.78824e-05 6.05123e-05 5.38319e-05 4.77939e-05 4.23511e-05 3.74578e-05 3.30695e-05 2.91434e-05 2.56392e-05 2.25183e-05 1.9745e-05 1.72856e-05 1.5109e-05 1.31865e-05 1.14915e-05 9.99993e-06 8.68969e-06 7.54072e-06 6.53485e-06 5.65571e-06 4.88853e-06 4.2201e-06 3.63858e-06 3.13341e-06 2.6952e-06 2.31558e-06 1.98719e-06 1.70347e-06 1.45867e-06 1.24772e-06 1.06617e-06 9.10093e-07 7.76086e-07 6.61157e-07 5.62702e-07 4.78453e-07 4.06439e-07 3.44946e-07 2.92494e-07 2.47798e-07 2.09749e-07 1.77391e-07 1.49899e-07 1.26562e-07 1.06772e-07 9.00046e-08 7.58105e-08 6.38055e-08 5.36606e-08 4.50949e-08 3.78685e-08 3.17771e-08 2.66464e-08
7.02505e-06 1.74585e-05 3.24051e-05 5.18431e-05 7.5484e-05 0.000102815 0.000133152 0.000165691 0.000199561 0.000233874 0.000267767 0.000300434 0.000331155 0.000359314 0.000384411 0.000406066 0.000424017 0.000438118 0.000448327 0.000454696 0.000457357 0.00045651 0.000452409 0.000445346 0.000435641 0.000423631 0.000409657 0.000394058 0.000377163 0.000359283 0.000340712 0.000321717 0.000302539 0.000283395 0.000264472 0.000245931 0.000227906 0.000210509 0.000193825 0.000177921 0.000162845 0.000148626 0.000135281 0.00012281 0.000111206 0.000100452 9.05234e-05 8.13885e-05 7.30127e-05 6.53576e-05 5.83828e-05 5.20465e-05 4.63064e-05 4.11205e-05 3.64473e-05 3.22467e-05 2.848e-05 2.511e-05 2.21018e-05 1.94223e-05 1.70405e-05 1.49277e-05 1.3057e-05 1.14039e-05 9.94579e-06 8.66188e-06 7.53333e-06 6.54301e-06 5.67541e-06 4.91652e-06 4.25375e-06 3.67579e-06 3.17253e-06 2.73494e-06 2.35498e-06 2.02551e-06 1.7402e-06 1.49345e-06 1.28032e-06 1.09646e-06 9.38033e-07 8.0169e-07 6.84487e-07 5.8385e-07 4.97535e-07 4.23583e-07 3.60291e-07 3.06179e-07 2.59963e-07 2.2053e-07 1.86918e-07 1.58295e-07 1.33944e-07 1.13247e-07 9.56702e-08 8.07579e-08 6.8117e-08 5.74107e-08 4.83507e-08 4.06902e-08 3.42184e-08
5.26879e-06 1.34455e-05 2.54414e-05 4.13575e-05 6.10643e-05 8.42283e-05 0.000110348 0.000138796 0.00016886 0.000199786 0.000230817 0.000261221 0.000290326 0.000317531 0.000342327 0.000364304 0.000383154 0.000398668 0.000410734 0.000419329 0.000424507 0.000426392 0.000425163 0.000421046 0.000414299 0.000405205 0.000394058 0.00038116 0.000366808 0.000351293 0.00033489 0.000317858 0.000300435 0.000282838 0.000265257 0.000247863 0.000230801 0.000214192 0.000198138 0.00018272 0.000167999 0.000154019 0.000140812 0.000128392 0.000116765 0.000105926 9.58605e-05 8.65483e-05 7.79635e-05 7.00757e-05 6.28516e-05 5.62555e-05 5.02504e-05 4.47986e-05 3.98624e-05 3.54045e-05 3.13886e-05 2.77795e-05 2.45435e-05 2.16483e-05 1.90637e-05 1.67612e-05 1.4714e-05 1.28974e-05 1.12885e-05 9.8661e-06 8.61082e-06 7.50495e-06 6.53232e-06 5.67829e-06 4.92957e-06 4.2742e-06 3.70141e-06 3.20151e-06 2.76586e-06 2.38672e-06 2.05723e-06 1.77125e-06 1.52336e-06 1.30877e-06 1.12323e-06 9.62994e-07 8.24787e-07 7.05715e-07 6.03245e-07 5.15161e-07 4.39525e-07 3.74648e-07 3.19058e-07 2.71474e-07 2.30784e-07 1.96024e-07 1.66358e-07 1.41064e-07 1.19518e-07 1.01181e-07 8.55894e-08 7.23437e-08 6.11009e-08 5.15662e-08 4.34869e-08
3.95159e-06 1.03478e-05 1.99518e-05 3.29446e-05 4.93132e-05 6.88639e-05 9.12465e-05 0.000115984 0.000142508 0.000170189 0.000198374 0.000226415 0.000253694 0.000279642 0.000303759 0.000325623 0.000344896 0.000361327 0.00037475 0.000385079 0.000392306 0.000396486 0.000397734 0.000396212 0.000392119 0.000385687 0.000377163 0.000366808 0.000354888 0.000341666 0.000327398 0.000312329 0.000296688 0.000280687 0.000264519 0.000248356 0.000232351 0.000216634 0.000201317 0.000186493 0.000172234 0.0001586 0.000145632 0.00013336 0.0001218 0.000110958 0.000100833 9.14122e-05 8.26804e-05 7.46149e-05 6.71898e-05 6.03759e-05 5.41418e-05 4.84546e-05 4.32808e-05 3.85867e-05 3.43385e-05 3.05035e-05 2.70497e-05 2.39463e-05 2.11639e-05 1.86747e-05 1.64523e-05 1.44722e-05 1.27113e-05 1.11483e-05 9.76346e-06 8.53872e-06 7.45739e-06 6.50429e-06 5.66558e-06 4.92869e-06 4.28227e-06 3.71606e-06 3.22084e-06 2.78832e-06 2.41109e-06 2.08253e-06 1.79675e-06 1.5485e-06 1.33312e-06 1.14649e-06 9.84975e-07 8.45358e-07 7.24811e-07 6.20848e-07 5.31287e-07 4.54218e-07 3.8797e-07 3.31083e-07 2.82284e-07 2.40466e-07 2.04667e-07 1.74048e-07 1.47887e-07 1.25554e-07 1.06508e-07 9.02787e-08 7.64624e-08 6.47105e-08 5.47231e-08
2.96369e-06 7.95868e-06 1.56301e-05 2.62068e-05 3.97576e-05 5.61958e-05 7.52926e-05 9.66987e-05 0.000119969 0.000144591 0.000170011 0.000195664 0.000220992 0.000245471 0.000268621 0.000290023 0.000309325 0.000326248 0.000340587 0.000352211 0.000361055 0.00036712 0.000370462 0.000371188 0.000369443 0.000365407 0.000359283 0.000351293 0.000341666 0.000330638 0.000318441 0.000305304 0.000291442 0.00027706 0.000262347 0.000247476 0.000232601 0.000217859 0.000203368 0.000189231 0.000175532 0.000162338 0.000149703 0.000137669 0.000126261 0.000115499 0.000105388 9.59292e-05 8.71133e-05 7.89269e-05 7.13513e-05 6.43642e-05 5.794e-05 5.20512e-05 4.66686e-05 4.17624e-05 3.73021e-05 3.32575e-05 2.9599e-05 2.62974e-05 2.33248e-05 2.06542e-05 1.82601e-05 1.61183e-05 1.42059e-05 1.25018e-05 1.09861e-05 9.64033e-06 8.44766e-06 7.39244e-06 6.46041e-06 5.63852e-06 4.9149e-06 4.27879e-06 3.72043e-06 3.23105e-06 2.80274e-06 2.4284e-06 2.10168e-06 1.81689e-06 1.56899e-06 1.35346e-06 1.16631e-06 1.004e-06 8.63409e-07 7.41765e-07 6.36638e-07 5.45886e-07 4.67629e-07 4.0022e-07 3.42216e-07 2.92356e-07 2.49541e-07 2.12811e-07 1.81333e-07 1.54381e-07 1.31327e-07 1.11625e-07 9.48023e-08 8.04517e-08 6.82204e-08
2.22277e-06 6.11735e-06 1.22322e-05 2.08197e-05 3.20034e-05 4.57757e-05 6.20039e-05 8.04435e-05 0.000100756 0.000122533 0.000145313 0.000168611 0.000191935 0.000214808 0.000236781 0.000257449 0.000276459 0.000293518 0.000308394 0.000320921 0.000330992 0.000338563 0.000343639 0.000346278 0.000346577 0.000344668 0.000340712 0.00033489 0.000327398 0.000318441 0.000308228 0.000296964 0.000284853 0.000272086 0.000258846 0.000245303 0.000231609 0.000217906 0.000204315 0.000190944 0.000177886 0.000165217 0.000153001 0.000141287 0.000130113 0.000119507 0.000109485 0.000100054 9.12171e-05 8.29671e-05 7.5293e-05 6.81791e-05 6.16062e-05 5.55518e-05 4.99919e-05 4.49005e-05 4.02509e-05 3.6016e-05 3.21685e-05 2.86816e-05 2.55288e-05 2.26845e-05 2.01243e-05 1.78246e-05 1.57631e-05 1.39189e-05 1.22722e-05 1.08046e-05 9.49907e-06 8.33966e-06 7.31182e-06 6.40214e-06 5.59834e-06 4.88922e-06 4.26459e-06 3.71521e-06 3.23272e-06 2.80959e-06 2.43902e-06 2.11494e-06 1.83188e-06 1.58498e-06 1.36989e-06 1.18275e-06 1.02012e-06 8.78964e-07 7.56586e-07 6.50611e-07 5.58943e-07 4.79737e-07 4.11373e-07 3.5243e-07 3.01661e-07 2.57978e-07 2.20429e-07 1.88184e-07 1.60521e-07 1.36811e-07 1.16508e-07 9.91389e-08 8.42923e-08
1.66708e-06 4.69927e-06 9.56381e-06 1.65192e-05 2.5723e-05 3.7224e-05 5.09633e-05 6.67814e-05 8.44303e-05 0.00010359 0.000123886 0.000144907 0.000166228 0.00018742 0.000208073 0.000227804 0.000246268 0.000263169 0.00027826 0.00029135 0.000302302 0.000311033 0.000317509 0.000321743 0.000323791 0.000323742 0.000321717 0.000317858 0.000312329 0.000305304 0.000296964 0.000287496 0.000277083 0.000265905 0.000254134 0.000241932 0.000229452 0.000216831 0.000204194 0.000191653 0.000179305 0.000167235 0.000155512 0.000144194 0.000133329 0.000122951 0.000113085 0.00010375 9.49527e-05 8.66959e-05 7.89754e-05 7.17823e-05 6.51032e-05 5.89214e-05 5.32176e-05 4.79704e-05 4.31569e-05 3.87532e-05 3.4735e-05 3.10778e-05 2.77571e-05 2.47491e-05 2.20304e-05 1.95786e-05 1.73722e-05 1.53906e-05 1.36144e-05 1.20254e-05 1.06066e-05 9.34189e-06 8.21665e-06 7.21718e-06 6.33088e-06 5.54622e-06 4.85264e-06 4.24052e-06 3.70108e-06 3.2264e-06 2.8093e-06 2.44331e-06 2.1226e-06 1.84195e-06 1.59666e-06 1.38256e-06 1.19592e-06 1.0334e-06 8.92069e-07 7.693e-07 6.62778e-07 5.70458e-07 4.90534e-07 4.21416e-07 3.61706e-07 3.10178e-07 2.65755e-07 2.27496e-07 1.94579e-07 1.66284e-07 1.41986e-07 1.21139e-07 1.0327e-07
1.25031e-06 3.60789e-06 7.47065e-06 1.30915e-05 2.06456e-05 3.02205e-05 4.18126e-05 5.53295e-05 7.05979e-05 8.73748e-05 0.000105361 0.000124216 0.000143576 0.000163064 0.00018231 0.000200959 0.000218683 0.00023519 0.000250227 0.00026359 0.000275117 0.000284699 0.000292268 0.000297802 0.000301319 0.00030287 0.000302539 0.000300435 0.000296688 0.000291442 0.000284853 0.000277083 0.000268298 0.000258662 0.000248335 0.00023747 0.000226214 0.000214702 0.000203058 0.000191394 0.000179813 0.000168401 0.000157236 0.000146381 0.000135891 0.000125807 0.000116164 0.000106985 9.82869e-05 9.00789e-05 8.23637e-05 7.51388e-05 6.83969e-05 6.21268e-05 5.63142e-05 5.09422e-05 4.59921e-05 4.14434e-05 3.72748e-05 3.34646e-05 2.99906e-05 2.68307e-05 2.39633e-05 2.1367e-05 1.90214e-05 1.69066e-05 1.50039e-05 1.32954e-05 1.1764e-05 1.03942e-05 9.17089e-06 8.08045e-06 7.11008e-06 6.24799e-06 5.48333e-06 4.80616e-06 4.20739e-06 3.67874e-06 3.21267e-06 2.80237e-06 2.44166e-06 2.12499e-06 1.84734e-06 1.60422e-06 1.39161e-06 1.20592e-06 1.04393e-06 9.02781e-07 7.79945e-07 6.73163e-07 5.80443e-07 5.00022e-07 4.30343e-07 3.70035e-07 3.17893e-07 2.72857e-07 2.33997e-07 2.00499e-07 1.71652e-07 1.46833e-07 1.255e-07
