0.303646 0.122438 0.0493702 0.0199073 0.00802714 0.00323675 0.00130514 0.000526267 0.000212204 8.55663e-05 3.45025e-05 1.39123e-05 5.6098e-06 2.26202e-06 9.12104e-07 3.67784e-07 1.483e-07 5.97984e-08 2.41122e-08 9.72268e-09 3.92043e-09 1.58082e-09 6.37428e-10 2.57027e-10 1.0364e-10 4.17903e-11 1.68509e-11 6.79473e-12 2.73981e-12 1.10476e-12 4.45469e-13 1.79625e-13 7.24293e-14 2.92053e-14 1.17763e-14 4.74853e-15 1.91473e-15 7.72068e-16 3.11318e-16 1.25531e-16 5.06175e-17 2.04103e-17 8.22995e-18 3.31853e-18 1.33812e-18 5.39563e-19 2.17566e-19 8.77281e-20 3.53742e-20 1.42638e-20 5.75154e-21 2.31917e-21 9.35148e-22 3.77076e-22 1.52047e-22 6.13092e-23 2.47214e-23 9.96832e-24 4.01948e-24 1.62076e-24 6.53532e-25 2.63521e-25 1.06258e-25 4.28462e-26 1.72767e-26 6.9664e-27 2.80903e-27 1.13267e-27 4.56724e-28 1.84163e-28 7.42592e-29 2.99432e-29 1.20739e-29 4.8685e-30 1.9631e-30 7.91574e-31 3.19183e-31 1.28703e-31 5.18963e-32 2.09259e-32 8.43788e-33 3.40237e-33 1.37192e-33 5.53195e-34 2.23063e-34 8.99446e-35 3.6268e-35 1.46242e-35 5.89685e-36 2.37776e-36 9.58775e-37 3.86603e-37 1.55888e-37 6.28581e-38 2.5346e-38 1.02202e-38 4.12104e-39 1.66171e-39 6.70044e-40 2.70179e-40 1.08943e-40
0.122438 0.0653095 0.0327617 0.0158019 0.00741675 0.003412 0.00154571 0.000691782 0.00030657 0.000134756 5.88288e-05 2.55325e-05 1.10256e-05 4.7403e-06 2.03015e-06 8.6649e-07 3.68697e-07 1.56453e-07 6.62249e-08 2.79693e-08 1.17883e-08 4.95915e-09 2.08264e-09 8.73235e-10 3.65603e-10 1.52861e-10 6.38312e-11 2.6623e-11 1.10917e-11 4.6163e-12 1.9194e-12 7.97337e-13 3.30936e-13 1.37244e-13 5.68734e-14 2.3551e-14 9.74563e-15 4.0302e-15 1.66561e-15 6.87959e-16 2.83992e-16 1.1717e-16 4.83174e-17 1.99148e-17 8.20438e-18 3.37846e-18 1.39061e-18 5.72149e-19 2.3531e-19 9.67401e-20 3.97569e-20 1.63329e-20 6.70759e-21 2.75376e-21 1.13018e-21 4.637e-22 1.90194e-22 7.79889e-23 3.19704e-23 1.31023e-23 5.36826e-24 2.19893e-24 9.00497e-25 3.68681e-25 1.50911e-25 6.17581e-26 2.52682e-26 1.03362e-26 4.22729e-27 1.72853e-27 7.06655e-28 2.88839e-28 1.18039e-28 4.82303e-29 1.97033e-29 8.04792e-30 3.28668e-30 1.34203e-30 5.47897e-31 2.2365e-31 9.128e-32 3.72494e-32 1.51985e-32 6.20045e-33 2.52922e-33 1.03156e-33 4.20672e-34 1.7153e-34 6.99328e-35 2.85083e-35 1.16201e-35 4.73585e-36 1.92991e-36 7.86372e-37 3.20385e-37 1.30518e-37 5.31648e-38 2.16537e-38 8.81857e-39 3.59105e-39 1.46219e-39
0.0493702 0.0327617 0.0192303 0.0105189 0.00549236 0.0027739 0.00136613 0.000659622 0.00031343 0.000146968 6.8146e-05 3.12967e-05 1.42544e-05 6.44525e-06 2.8956e-06 1.29346e-06 5.74825e-07 2.54277e-07 1.1201e-07 4.91519e-08 2.14933e-08 9.36845e-09 4.07138e-09 1.7645e-09 7.62773e-10 3.28955e-10 1.41552e-10 6.07848e-11 2.60513e-11 1.11448e-11 4.75958e-12 2.02937e-12 8.63952e-13 3.67273e-13 1.55916e-13 6.61042e-14 2.79917e-14 1.18391e-14 5.00173e-15 2.11085e-15 8.89919e-16 3.74817e-16 1.57719e-16 6.63068e-17 2.78522e-17 1.16897e-17 4.90237e-18 2.05437e-18 8.60264e-19 3.59982e-19 1.50534e-19 6.29079e-20 2.62725e-20 1.09657e-20 4.57417e-21 1.90697e-21 7.94579e-22 3.30902e-22 1.37733e-22 5.73008e-23 2.38273e-23 9.90339e-24 4.11431e-24 1.70852e-24 7.09178e-25 2.94246e-25 1.22037e-25 5.05943e-26 2.09675e-26 8.68621e-27 3.59714e-27 1.48913e-27 6.1625e-28 2.5494e-28 1.05433e-28 4.35892e-29 1.80155e-29 7.4436e-30 3.07462e-30 1.26963e-30 5.24129e-31 2.16313e-31 8.92502e-32 3.68148e-32 1.51819e-32 6.25922e-33 2.57993e-33 1.06314e-33 4.38001e-34 1.80409e-34 7.42924e-35 3.05869e-35 1.25902e-35 5.1813e-36 2.13185e-36 8.7697e-37 3.60684e-37 1.48315e-37 6.09764e-38 2.50644e-38 1.03008e-38
0.0199073 0.0158019 0.0105189 0.00636578 0.0036234 0.00197486 0.00104177 0.000535638 0.000269743 0.000133521 6.51364e-05 3.13816e-05 1.49559e-05 7.06012e-06 3.3048e-06 1.53534e-06 7.08464e-07 3.24915e-07 1.48184e-07 6.72389e-08 3.03676e-08 1.36562e-08 6.11679e-09 2.72969e-09 1.21398e-09 5.38173e-10 2.37865e-10 1.04839e-10 4.60861e-11 2.02088e-11 8.84086e-12 3.85914e-12 1.68104e-12 7.30815e-13 3.17117e-13 1.37359e-13 5.93956e-14 2.56418e-14 1.10528e-14 4.75725e-15 2.04468e-15 8.77627e-16 3.76212e-16 1.6107e-16 6.88783e-17 2.94206e-17 1.25529e-17 5.35029e-18 2.27807e-18 9.69019e-19 4.11799e-19 1.74841e-19 7.41681e-20 3.14356e-20 1.33128e-20 5.63338e-21 2.38197e-21 1.00642e-21 4.24919e-22 1.79279e-22 7.55892e-23 3.18495e-23 1.34112e-23 5.64368e-24 2.37353e-24 9.97638e-25 4.19086e-25 1.75951e-25 7.38324e-26 3.09652e-26 1.29801e-26 5.43832e-27 2.27741e-27 9.5326e-28 3.98824e-28 1.66785e-28 6.97171e-29 2.91297e-29 1.21661e-29 5.07912e-30 2.11959e-30 8.84191e-31 3.68701e-31 1.53688e-31 6.40396e-32 2.66748e-32 1.11071e-32 4.62333e-33 1.92381e-33 8.00252e-34 3.32776e-34 1.38338e-34 5.74906e-35 2.38848e-35 9.92012e-36 4.11895e-36 1.70975e-36 7.0951e-37 2.94351e-37 1.22083e-37 5.06211e-38
0.00802714 0.00741675 0.00549236 0.0036234 0.00222124 0.00129305 0.000724031 0.000393234 0.000208357 0.000108156 5.51755e-05 2.77307e-05 1.37573e-05 6.74751e-06 3.27604e-06 1.57622e-06 7.52207e-07 3.56323e-07 1.67658e-07 7.84017e-08 3.64558e-08 1.6863e-08 7.76254e-09 3.55729e-09 1.62337e-09 7.37933e-10 3.34215e-10 1.5085e-10 6.7867e-11 3.04404e-11 1.36143e-11 6.07238e-12 2.7015e-12 1.19892e-12 5.30843e-13 2.34522e-13 1.03392e-13 4.54906e-14 1.99767e-14 8.75646e-15 3.83154e-15 1.67374e-15 7.29969e-16 3.1787e-16 1.38213e-16 6.0011e-17 2.60205e-17 1.12675e-17 4.87286e-18 2.10478e-18 9.08065e-19 3.91317e-19 1.68446e-19 7.24317e-20 3.11134e-20 1.33515e-20 5.72393e-21 2.4516e-21 1.04908e-21 4.48525e-22 1.91598e-22 8.17776e-23 3.4876e-23 1.4862e-23 6.32847e-24 2.69276e-24 1.14494e-24 4.86476e-25 2.06559e-25 8.76471e-26 3.71663e-26 1.57502e-26 6.67045e-27 2.82334e-27 1.19431e-27 5.04918e-28 2.13345e-28 9.00963e-29 3.80277e-29 1.60423e-29 6.76416e-30 2.85065e-30 1.20078e-30 5.05562e-31 2.12757e-31 8.94947e-32 3.76284e-32 1.58141e-32 6.64337e-33 2.78965e-33 1.17094e-33 4.91296e-34 2.06054e-34 8.63878e-35 3.62042e-35 1.51671e-35 6.35171e-36 2.65903e-36 1.11276e-36 4.65514e-37 1.94678e-37
0.00323675 0.003412 0.0027739 0.00197486 0.00129305 0.000798226 0.000471452 0.00026895 0.000149168 8.082e-05 4.29292e-05 2.24172e-05 1.15334e-05 5.85668e-06 2.93967e-06 1.46024e-06 7.18576e-07 3.50611e-07 1.69749e-07 8.1602e-08 3.89721e-08 1.85005e-08 8.73334e-09 4.10126e-09 1.91667e-09 8.91674e-10 4.13065e-10 1.90589e-10 8.76078e-11 4.01281e-11 1.83189e-11 8.33629e-12 3.78216e-12 1.71107e-12 7.72e-13 3.47411e-13 1.55955e-13 6.98449e-14 3.12099e-14 1.39161e-14 6.19224e-15 2.74992e-15 1.21891e-15 5.393e-16 2.38194e-16 1.05027e-16 4.62347e-17 2.03215e-17 8.91851e-18 3.90839e-18 1.71038e-18 7.47485e-19 3.26244e-19 1.42211e-19 6.19142e-20 2.69236e-20 1.16943e-20 5.07382e-21 2.19899e-21 9.52046e-22 4.11765e-22 1.77915e-22 7.67992e-23 3.31204e-23 1.42705e-23 6.14328e-24 2.64233e-24 1.13556e-24 4.87617e-25 2.0922e-25 8.96995e-26 3.84281e-26 1.64508e-26 7.03744e-27 3.00841e-27 1.28517e-27 5.48651e-28 2.34071e-28 9.97977e-29 4.25229e-29 1.81076e-29 7.70619e-30 3.27767e-30 1.39329e-30 5.9194e-31 2.51348e-31 1.0667e-31 4.52458e-32 1.91819e-32 8.12809e-33 3.44247e-33 1.45728e-33 6.16609e-34 2.6078e-34 1.10241e-34 4.65817e-35 1.96742e-35 8.30604e-36 3.50515e-36 1.47856e-36 6.23441e-37
0.00130514 0.00154571 0.00136613 0.00104177 0.000724031 0.000471452 0.00029232 0.000174413 0.000100865 5.68371e-05 3.13303e-05 1.69459e-05 9.01552e-06 4.72706e-06 2.44661e-06 1.25169e-06 6.33694e-07 3.17783e-07 1.57984e-07 7.79183e-08 3.8149e-08 1.85518e-08 8.96521e-09 4.30722e-09 2.05809e-09 9.78401e-10 4.62904e-10 2.18027e-10 1.02257e-10 4.77678e-11 2.22298e-11 1.03082e-11 4.76378e-12 2.19442e-12 1.00775e-12 4.61441e-13 2.10701e-13 9.5953e-14 4.35856e-14 1.975e-14 8.92846e-15 4.02727e-15 1.81263e-15 8.14162e-16 3.64961e-16 1.63287e-16 7.29212e-17 3.25076e-17 1.44667e-17 6.4274e-18 2.85106e-18 1.26272e-18 5.58413e-19 2.46591e-19 1.0874e-19 4.78865e-20 2.10603e-20 9.25043e-21 4.05809e-21 1.77811e-21 7.78197e-22 3.40194e-22 1.48555e-22 6.48006e-23 2.8237e-23 1.22919e-23 5.3455e-24 2.32241e-24 1.00805e-24 4.37151e-25 1.89405e-25 8.19925e-26 3.5464e-26 1.53265e-26 6.6183e-27 2.85567e-27 1.23121e-27 5.30435e-28 2.28355e-28 9.82377e-29 4.22317e-29 1.81426e-29 7.78879e-30 3.34159e-30 1.4327e-30 6.13881e-31 2.62872e-31 1.12497e-31 4.81148e-32 2.05667e-32 8.78624e-33 3.75144e-33 1.60087e-33 6.82777e-34 2.91054e-34 1.24006e-34 5.28071e-35 2.24763e-35 9.56191e-36 4.0659e-36 1.72808e-36
0.000526267 0.000691782 0.000659622 0.000535638 0.000393234 0.00026895 0.000174413 0.000108472 6.52076e-05 3.81065e-05 2.17411e-05 1.21502e-05 6.66886e-06 3.60254e-06 1.91873e-06 1.00903e-06 5.24581e-07 2.69895e-07 1.37545e-07 6.94865e-08 3.48228e-08 1.73219e-08 8.55712e-09 4.20018e-09 2.04928e-09 9.94249e-10 4.79842e-10 2.30434e-10 1.10145e-10 5.24163e-11 2.48401e-11 1.17253e-11 5.5139e-12 2.58371e-12 1.20657e-12 5.61634e-13 2.60622e-13 1.20582e-13 5.56326e-14 2.55975e-14 1.17473e-14 5.37773e-15 2.45594e-15 1.11902e-15 5.08744e-16 2.30799e-16 1.0449e-16 4.72126e-17 2.12917e-17 9.58429e-18 4.30661e-18 1.9318e-18 8.65097e-19 3.86781e-19 1.72658e-19 7.69571e-20 3.4251e-20 1.52222e-20 6.75585e-21 2.99433e-21 1.32541e-21 5.85938e-22 2.58712e-22 1.14093e-22 5.02567e-23 2.21124e-23 9.71842e-24 4.26665e-24 1.8712e-24 8.19803e-25 3.5881e-25 1.5689e-25 6.85348e-26 2.99105e-26 1.30419e-26 5.68167e-27 2.47305e-27 1.07553e-27 4.6736e-28 2.02922e-28 8.80366e-29 3.81646e-29 1.65321e-29 7.15607e-30 3.09531e-30 1.33791e-30 5.77888e-31 2.49439e-31 1.07596e-31 4.63811e-32 1.99805e-32 8.602e-33 3.70104e-33 1.59141e-33 6.83888e-34 2.93719e-34 1.26076e-34 5.4086e-35 2.31899e-35 9.93749e-36 4.25621e-36
0.000212204 0.00030657 0.00031343 0.000269743 0.000208357 0.000149168 0.000100865 6.52076e-05 4.06443e-05 2.45751e-05 1.44804e-05 8.34452e-06 4.71607e-06 2.62005e-06 1.43352e-06 7.73653e-07 4.12389e-07 2.17359e-07 1.13392e-07 5.85978e-08 3.00193e-08 1.52553e-08 7.69467e-09 3.85419e-09 1.918e-09 9.48673e-10 4.6655e-10 2.28212e-10 1.11064e-10 5.37928e-11 2.59359e-11 1.24511e-11 5.95303e-12 2.83517e-12 1.34527e-12 6.36073e-13 2.99736e-13 1.40789e-13 6.59265e-14 3.07798e-14 1.43298e-14 6.65323e-15 3.08098e-15 1.42316e-15 6.5579e-16 3.01484e-16 1.38289e-16 6.32948e-17 2.89094e-17 1.31775e-17 5.99484e-18 2.72208e-18 1.23375e-18 5.58196e-19 2.52115e-19 1.13681e-19 5.11773e-20 2.3003e-20 1.03236e-20 4.62634e-21 2.07023e-21 9.2511e-22 4.12837e-22 1.83988e-22 8.18922e-23 3.64042e-23 1.61633e-23 7.16791e-24 3.17505e-24 1.40481e-24 6.2088e-25 2.74113e-25 1.20891e-25 5.32616e-26 2.34422e-26 1.03076e-26 4.52795e-27 1.98719e-27 8.71325e-28 3.81709e-28 1.67072e-28 7.30641e-29 3.19257e-29 1.39386e-29 6.08066e-30 2.65057e-30 1.1545e-30 5.02479e-31 2.18535e-31 9.4975e-32 4.12466e-32 1.79004e-32 7.7632e-33 3.36455e-33 1.45722e-33 6.3073e-34 2.72826e-34 1.17939e-34 5.09519e-35 2.1999e-35 9.49269e-36
8.55663e-05 0.000134756 0.000146968 0.000133521 0.000108156 8.082e-05 5.68371e-05 3.81065e-05 2.45751e-05 1.53438e-05 9.32025e-06 5.52863e-06 3.21221e-06 1.83249e-06 1.02848e-06 5.68838e-07 3.10479e-07 1.67435e-07 8.93057e-08 4.71543e-08 2.46669e-08 1.27926e-08 6.58142e-09 3.36074e-09 1.70419e-09 8.58534e-10 4.29861e-10 2.13986e-10 1.05943e-10 5.21817e-11 2.55766e-11 1.24783e-11 6.06113e-12 2.9318e-12 1.41248e-12 6.77918e-13 3.24185e-13 1.54489e-13 7.33768e-14 3.47403e-14 1.63975e-14 7.71698e-15 3.62151e-15 1.69493e-15 7.91185e-16 3.68391e-16 1.71114e-16 7.92943e-17 3.66619e-17 1.69137e-17 7.78649e-18 3.57731e-18 1.64025e-18 7.50636e-19 3.42879e-19 1.5634e-19 7.11601e-20 3.23345e-20 1.46683e-20 6.64348e-21 3.00424e-21 1.35649e-21 6.11585e-22 2.75343e-22 1.2379e-22 5.55782e-23 2.492e-23 1.11591e-23 4.99074e-24 2.22929e-24 9.94594e-25 4.43218e-25 1.97284e-25 8.77166e-26 3.89581e-26 1.72843e-26 7.66041e-27 3.39164e-27 1.50015e-27 6.62885e-28 2.92635e-28 1.29065e-28 5.68714e-29 2.50375e-29 1.1013e-29 4.84004e-30 2.12533e-30 9.32494e-31 4.08803e-31 1.79076e-31 7.83832e-32 3.42829e-32 1.49833e-32 6.5436e-33 2.85571e-33 1.24539e-33 5.4274e-34 2.36365e-34 1.02869e-34 4.47403e-35 1.94461e-35
3.45025e-05 5.88288e-05 6.8146e-05 6.51364e-05 5.51755e-05 4.29292e-05 3.13303e-05 2.17411e-05 1.44804e-05 9.32025e-06 5.82701e-06 3.55275e-06 2.11912e-06 1.23973e-06 7.12848e-07 4.03576e-07 2.25297e-07 1.24177e-07 6.76474e-08 3.64587e-08 1.94558e-08 1.02876e-08 5.3936e-09 2.80538e-09 1.44836e-09 7.42573e-10 3.78233e-10 1.91471e-10 9.63657e-11 4.82341e-11 2.40173e-11 1.19e-11 5.86857e-12 2.88122e-12 1.40855e-12 6.85805e-13 3.32617e-13 1.60722e-13 7.73856e-14 3.71334e-14 1.77602e-14 8.46774e-15 4.02508e-15 1.90773e-15 9.01665e-16 4.25012e-16 1.99814e-16 9.37045e-17 4.3837e-17 2.04598e-17 9.52749e-18 4.42692e-18 2.05258e-18 9.49743e-19 4.38575e-19 2.02135e-19 9.29869e-20 4.26983e-20 1.95717e-20 8.95569e-21 4.09112e-21 1.86586e-21 8.49622e-22 3.86281e-22 1.75359e-22 7.94909e-23 3.59821e-23 1.62649e-23 7.34224e-24 3.31002e-24 1.49029e-24 6.70138e-25 3.0097e-25 1.35008e-25 6.04902e-26 2.70715e-26 1.21018e-26 5.40397e-27 2.41051e-27 1.07411e-27 4.78124e-28 2.12616e-28 9.44544e-29 4.19208e-29 1.85877e-29 8.23417e-30 3.64434e-30 1.6115e-30 7.11974e-31 3.14286e-31 1.38618e-31 6.10885e-32 2.68996e-32 1.18355e-32 5.20346e-33 2.28593e-33 1.00348e-33 4.40183e-34 1.92949e-34 8.45169e-35 3.69947e-35
1.39123e-05 2.55325e-05 3.12967e-05 3.13816e-05 2.77307e-05 2.24172e-05 1.69459e-05 1.21502e-05 8.34452e-06 5.52863e-06 3.55275e-06 2.22358e-06 1.35994e-06 8.14943e-07 4.79553e-07 2.77617e-07 1.58355e-07 8.91195e-08 4.95409e-08 2.72294e-08 1.48107e-08 7.97824e-09 4.25922e-09 2.25481e-09 1.18435e-09 6.17522e-10 3.19759e-10 1.64498e-10 8.41066e-11 4.27535e-11 2.16132e-11 1.08692e-11 5.43892e-12 2.70878e-12 1.34299e-12 6.62987e-13 3.25947e-13 1.59617e-13 7.78705e-14 3.78526e-14 1.83362e-14 8.85268e-15 4.26037e-15 2.04398e-15 9.77725e-16 4.66348e-16 2.21821e-16 1.05229e-16 4.97906e-17 2.35004e-17 1.10651e-17 5.19783e-18 2.43616e-18 1.1393e-18 5.31675e-19 2.47605e-19 1.15081e-19 5.33829e-20 2.47162e-20 1.14226e-20 5.26952e-21 2.42675e-21 1.11569e-21 5.12092e-22 2.34669e-22 1.07371e-22 4.90518e-23 2.23759e-23 1.01924e-23 4.63615e-24 2.10591e-24 9.55297e-25 4.32779e-25 1.9581e-25 8.84828e-26 3.99346e-26 1.80019e-26 8.10548e-27 3.64535e-27 1.63762e-27 7.34864e-28 3.29408e-28 1.47504e-28 6.59816e-29 2.94852e-29 1.31629e-29 5.87056e-30 2.61573e-30 1.16439e-30 5.17855e-31 2.30105e-31 1.02155e-31 4.53125e-32 2.0082e-32 8.89266e-33 3.93461e-33 1.73949e-33 7.68419e-34 3.39185e-34 1.49604e-34 6.59365e-35
5.6098e-06 1.10256e-05 1.42544e-05 1.49559e-05 1.37573e-05 1.15334e-05 9.01552e-06 6.66886e-06 4.71607e-06 3.21221e-06 2.11912e-06 1.35994e-06 8.51912e-07 5.22393e-07 3.14287e-07 1.85873e-07 1.08237e-07 6.21446e-08 3.52226e-08 1.97279e-08 1.0929e-08 5.99325e-09 3.25567e-09 1.75304e-09 9.3618e-10 4.96099e-10 2.60987e-10 1.36362e-10 7.07877e-11 3.65228e-11 1.87349e-11 9.55754e-12 4.85029e-12 2.4492e-12 1.23088e-12 6.15795e-13 3.06741e-13 1.52162e-13 7.51815e-14 3.70049e-14 1.81475e-14 8.86838e-15 4.31919e-15 2.09674e-15 1.01466e-15 4.89537e-16 2.35494e-16 1.12966e-16 5.40423e-17 2.57854e-17 1.22717e-17 5.82594e-18 2.75922e-18 1.30377e-18 6.14664e-19 2.89153e-19 1.35737e-19 6.35878e-20 2.97291e-20 1.38722e-20 6.46084e-21 3.00354e-21 1.3938e-21 6.4567e-22 2.98595e-22 1.37859e-22 6.35462e-23 2.92455e-23 1.34388e-23 6.16614e-24 2.82507e-24 1.29249e-24 5.90496e-25 2.69411e-25 1.22754e-25 5.58584e-26 2.53857e-26 1.15225e-26 5.22368e-27 2.36531e-27 1.06977e-27 4.83278e-28 2.1808e-28 9.83013e-29 4.42624e-29 1.99091e-29 8.94582e-30 4.01558e-30 1.80071e-30 8.06709e-31 3.61055e-31 1.61444e-31 7.21227e-32 3.21905e-32 1.43548e-32 6.3957e-33 2.84713e-33 1.26637e-33 5.62799e-34 2.49916e-34 1.10889e-34
2.26202e-06 4.7403e-06 6.44525e-06 7.06012e-06 6.74751e-06 5.85668e-06 4.72706e-06 3.60254e-06 2.62005e-06 1.83249e-06 1.23973e-06 8.14943e-07 5.22393e-07 3.27491e-07 2.01267e-07 1.21503e-07 7.21727e-08 4.22436e-08 2.43944e-08 1.39133e-08 7.84505e-09 4.3767e-09 2.41773e-09 1.32332e-09 7.18082e-10 3.86518e-10 2.06471e-10 1.09505e-10 5.76856e-11 3.01937e-11 1.57082e-11 8.12512e-12 4.17976e-12 2.13896e-12 1.08915e-12 5.51963e-13 2.78454e-13 1.39864e-13 6.99591e-14 3.48533e-14 1.72971e-14 8.55262e-15 4.21385e-15 2.06906e-15 1.01259e-15 4.93985e-16 2.40248e-16 1.16498e-16 5.63288e-17 2.71606e-17 1.30612e-17 6.2647e-18 2.99726e-18 1.4305e-18 6.81121e-19 3.23566e-19 1.53368e-19 7.25377e-20 3.42357e-20 1.61253e-20 7.58e-21 3.55623e-21 1.6653e-21 7.78388e-22 3.63181e-22 1.69158e-22 7.86541e-23 3.65116e-23 1.69214e-23 7.82992e-24 3.61749e-24 1.6688e-24 7.68705e-25 3.53583e-25 1.6241e-25 7.44964e-26 3.41251e-26 1.56114e-26 7.13264e-27 3.2547e-27 1.48332e-27 6.75205e-28 3.06988e-28 1.39413e-28 6.32399e-29 2.86546e-29 1.29695e-29 5.86392e-30 2.64847e-30 1.19496e-30 5.3861e-31 2.42529e-31 1.09101e-31 4.90317e-32 2.2015e-32 9.87549e-33 4.42594e-33 1.98182e-33 8.86632e-34 3.96323e-34 1.77006e-34
9.12104e-07 2.03015e-06 2.8956e-06 3.3048e-06 3.27604e-06 2.93967e-06 2.44661e-06 1.91873e-06 1.43352e-06 1.02848e-06 7.12848e-07 4.79553e-07 3.14287e-07 2.01267e-07 1.26256e-07 7.77438e-08 4.7073e-08 2.80687e-08 1.65035e-08 9.5791e-09 5.49404e-09 3.11642e-09 1.74964e-09 9.72911e-10 5.36158e-10 2.92987e-10 1.5884e-10 8.54716e-11 4.56684e-11 2.42385e-11 1.27833e-11 6.70137e-12 3.49299e-12 1.81077e-12 9.33828e-13 4.79196e-13 2.44734e-13 1.24423e-13 6.2981e-14 3.1747e-14 1.59386e-14 7.97111e-15 3.97167e-15 1.97184e-15 9.75601e-16 4.81091e-16 2.36476e-16 1.15877e-16 5.66118e-17 2.75775e-17 1.33963e-17 6.4898e-18 3.13569e-18 1.51122e-18 7.26512e-19 3.48429e-19 1.66713e-19 7.95867e-20 3.79099e-20 1.80191e-20 8.54686e-21 4.04574e-21 1.9113e-21 9.01208e-22 4.24135e-22 1.99246e-22 9.34325e-23 4.37372e-23 2.04393e-23 9.53585e-24 4.44171e-24 2.06564e-24 9.59149e-25 4.44694e-25 2.05871e-25 9.51706e-26 4.39335e-26 2.02529e-26 9.32379e-27 4.28668e-27 1.96828e-27 9.02611e-28 4.13403e-28 1.89111e-28 8.64053e-29 3.94326e-29 1.79751e-29 8.18458e-30 3.72256e-30 1.69128e-30 7.67587e-31 3.48005e-31 1.57615e-31 7.13135e-32 3.22342e-32 1.45559e-32 6.5667e-33 2.9597e-33 1.33275e-33 5.99589e-34 2.69509e-34
3.67784e-07 8.6649e-07 1.29346e-06 1.53534e-06 1.57622e-06 1.46024e-06 1.25169e-06 1.00903e-06 7.73653e-07 5.68838e-07 4.03576e-07 2.77617e-07 1.85873e-07 1.21503e-07 7.77438e-08 4.87961e-08 3.00975e-08 1.82715e-08 1.09319e-08 6.45355e-09 3.76294e-09 2.16905e-09 1.23701e-09 6.98465e-10 3.90716e-10 2.16657e-10 1.19153e-10 6.50219e-11 3.5223e-11 1.89484e-11 1.01264e-11 5.37799e-12 2.8392e-12 1.49042e-12 7.78157e-13 4.04185e-13 2.08902e-13 1.07461e-13 5.50278e-14 2.80558e-14 1.42444e-14 7.20306e-15 3.62834e-15 1.82086e-15 9.10512e-16 4.53719e-16 2.25337e-16 1.11551e-16 5.50497e-17 2.70846e-17 1.32867e-17 6.4995e-18 3.17065e-18 1.54261e-18 7.48589e-19 3.62358e-19 1.74974e-19 8.42908e-20 4.05121e-20 1.94275e-20 9.29613e-21 4.43879e-21 2.1151e-21 1.00582e-21 4.77374e-22 2.26134e-22 1.06921e-22 5.04626e-23 2.37741e-23 1.11811e-23 5.24965e-24 2.46069e-24 1.15154e-24 5.38045e-25 2.51006e-25 1.16921e-25 5.43828e-26 2.52581e-26 1.17145e-26 5.42556e-27 2.50943e-27 1.15912e-27 5.34707e-28 2.46347e-28 1.13354e-28 5.20943e-29 2.39123e-29 1.09633e-29 5.02061e-30 2.29656e-30 1.04934e-30 4.78935e-31 2.18359e-31 9.94503e-32 4.52471e-32 2.05652e-32 9.33771e-33 4.23565e-33 1.91947e-33 8.69016e-34 3.93069e-34
1.483e-07 3.68697e-07 5.74825e-07 7.08464e-07 7.52207e-07 7.18576e-07 6.33694e-07 5.24581e-07 4.12389e-07 3.10479e-07 2.25297e-07 1.58355e-07 1.08237e-07 7.21727e-08 4.7073e-08 3.00975e-08 1.88998e-08 1.16748e-08 7.10393e-09 4.26315e-09 2.5258e-09 1.4788e-09 8.56275e-10 4.90719e-10 2.78518e-10 1.5665e-10 8.73575e-11 4.83249e-11 2.65299e-11 1.446e-11 7.82772e-12 4.20999e-12 2.25031e-12 1.19577e-12 6.31846e-13 3.32081e-13 1.73639e-13 9.03467e-14 4.67876e-14 2.41203e-14 1.23808e-14 6.32843e-15 3.22178e-15 1.63385e-15 8.25481e-16 4.15561e-16 2.08473e-16 1.04233e-16 5.19453e-17 2.58061e-17 1.27813e-17 6.31166e-18 3.10793e-18 1.52614e-18 7.4739e-19 3.65061e-19 1.77861e-19 8.64422e-20 4.19111e-20 2.0273e-20 9.78411e-21 4.71156e-21 2.26398e-21 1.0856e-21 5.19494e-22 2.48098e-22 1.18256e-22 5.626e-23 2.6716e-23 1.26636e-23 5.99207e-24 2.8304e-24 1.33471e-24 6.28359e-25 2.95345e-25 1.38601e-25 6.49434e-26 3.03841e-26 1.41944e-26 6.62153e-27 3.0845e-27 1.43485e-27 6.66561e-28 3.09238e-28 1.43278e-28 6.6299e-29 3.06401e-29 1.41429e-29 6.52017e-30 3.00238e-30 1.38091e-30 6.34407e-31 2.91128e-31 1.3345e-31 6.11061e-32 2.79504e-32 1.27713e-32 5.8296e-33 2.65829e-33 1.21097e-33 5.51113e-34
5.97984e-08 1.56453e-07 2.54277e-07 3.24915e-07 3.56323e-07 3.50611e-07 3.17783e-07 2.69895e-07 2.17359e-07 1.67435e-07 1.24177e-07 8.91195e-08 6.21446e-08 4.22436e-08 2.80687e-08 1.82715e-08 1.16748e-08 7.3343e-09 4.5365e-09 2.76612e-09 1.66448e-09 9.89363e-10 5.81397e-10 3.38031e-10 1.94581e-10 1.10961e-10 6.27205e-11 3.51585e-11 1.95539e-11 1.07944e-11 5.9169e-12 3.22161e-12 1.74291e-12 9.37196e-13 5.01027e-13 2.66366e-13 1.4086e-13 7.41112e-14 3.88025e-14 2.02209e-14 1.04902e-14 5.41863e-15 2.78729e-15 1.42801e-15 7.28781e-16 3.70545e-16 1.87723e-16 9.47715e-17 4.76842e-17 2.39141e-17 1.19553e-17 5.95853e-18 2.96093e-18 1.46713e-18 7.24926e-19 3.57225e-19 1.75568e-19 8.60672e-20 4.2087e-20 2.05309e-20 9.99177e-21 4.85155e-21 2.35043e-21 1.13624e-21 5.48112e-22 2.63857e-22 1.26763e-22 6.07798e-23 2.90865e-23 1.38933e-23 6.62408e-24 3.15257e-24 1.49777e-24 7.1036e-25 3.36345e-25 1.58994e-25 7.50376e-26 3.53586e-26 1.66358e-26 7.8152e-27 3.66602e-27 1.71721e-27 8.03223e-28 3.75186e-28 1.75012e-28 8.15281e-29 3.79297e-29 1.76236e-29 8.1783e-30 3.79048e-30 1.75468e-30 8.11308e-31 3.74683e-31 1.7284e-31 7.96406e-32 3.66558e-32 1.6853e-32 7.74012e-33 3.55108e-33 1.62751e-33 7.45152e-34
2.41122e-08 6.62249e-08 1.1201e-07 1.48184e-07 1.67658e-07 1.69749e-07 1.57984e-07 1.37545e-07 1.13392e-07 8.93057e-08 6.76474e-08 4.95409e-08 3.52226e-08 2.43944e-08 1.65035e-08 1.09319e-08 7.10393e-09 4.5365e-09 2.85098e-09 1.7655e-09 1.07851e-09 6.50565e-10 3.87832e-10 2.28676e-10 1.33452e-10 7.71308e-11 4.4175e-11 2.50839e-11 1.41282e-11 7.89662e-12 4.38153e-12 2.41434e-12 1.32162e-12 7.18922e-13 3.88732e-13 2.0899e-13 1.11742e-13 5.94325e-14 3.14514e-14 1.65636e-14 8.68251e-15 4.53099e-15 2.35434e-15 1.21827e-15 6.27879e-16 3.22353e-16 1.6488e-16 8.40302e-17 4.26765e-17 2.16011e-17 1.08979e-17 5.48071e-18 2.74787e-18 1.3736e-18 6.84653e-19 3.40299e-19 1.68681e-19 8.33916e-20 4.11204e-20 2.02257e-20 9.92406e-21 4.85783e-21 2.37241e-21 1.156e-21 5.62045e-22 2.72679e-22 1.32015e-22 6.37837e-23 3.07559e-23 1.48014e-23 7.10967e-24 3.4087e-24 1.63132e-24 7.79327e-25 3.71659e-25 1.76942e-25 8.40998e-26 3.99072e-26 1.89067e-26 8.9434e-27 4.22401e-27 1.99203e-27 9.38058e-28 4.41101e-28 2.07125e-28 9.71241e-29 4.54811e-29 2.12695e-29 9.93378e-30 4.63356e-30 2.15858e-30 1.00435e-30 4.66739e-31 2.16643e-31 1.0044e-31 4.65122e-32 2.15148e-32 9.94085e-33 4.58813e-33 2.11534e-33 9.74238e-34
9.72268e-09 2.79693e-08 4.91519e-08 6.72389e-08 7.84017e-08 8.1602e-08 7.79183e-08 6.94865e-08 5.85978e-08 4.71543e-08 3.64587e-08 2.72294e-08 1.97279e-08 1.39133e-08 9.5791e-09 6.45355e-09 4.26315e-09 2.76612e-09 1.7655e-09 1.1099e-09 6.88048e-10 4.21022e-10 2.54525e-10 1.5214e-10 8.99812e-11 5.26911e-11 3.0567e-11 1.75763e-11 1.00224e-11 5.66993e-12 3.18361e-12 1.77484e-12 9.82759e-13 5.40654e-13 2.95601e-13 1.60666e-13 8.68325e-14 4.66753e-14 2.49593e-14 1.32804e-14 7.03238e-15 3.70673e-15 1.94513e-15 1.01635e-15 5.28869e-16 2.74106e-16 1.4152e-16 7.27948e-17 3.73095e-17 1.90557e-17 9.69984e-18 4.92135e-18 2.48901e-18 1.25497e-18 6.30876e-19 3.16224e-19 1.5806e-19 7.87882e-20 3.9169e-20 1.94222e-20 9.60637e-21 4.73972e-21 2.33296e-21 1.14564e-21 5.6131e-22 2.74406e-22 1.33858e-22 6.51597e-23 3.16532e-23 1.53455e-23 7.42492e-24 3.58564e-24 1.72832e-24 8.31544e-25 3.9936e-25 1.91461e-25 9.16323e-26 4.3781e-26 2.08836e-26 9.94542e-27 4.72883e-27 2.24497e-27 1.06416e-27 5.03682e-28 2.38052e-28 1.12348e-28 5.29474e-29 2.49188e-29 1.17117e-29 5.49716e-30 2.57685e-30 1.20638e-30 5.64066e-31 2.63415e-31 1.22864e-31 5.72386e-32 2.66345e-32 1.23794e-32 5.74728e-33 2.66527e-33 1.23465e-33
3.92043e-09 1.17883e-08 2.14933e-08 3.03676e-08 3.64558e-08 3.89721e-08 3.8149e-08 3.48228e-08 3.00193e-08 2.46669e-08 1.94558e-08 1.48107e-08 1.0929e-08 7.84505e-09 5.49404e-09 3.76294e-09 2.5258e-09 1.66448e-09 1.07851e-09 6.88048e-10 4.32679e-10 2.68482e-10 1.64536e-10 9.96693e-11 5.97217e-11 3.5421e-11 2.08069e-11 1.21117e-11 6.98995e-12 4.00134e-12 2.27291e-12 1.28165e-12 7.17662e-13 3.99186e-13 2.20631e-13 1.21204e-13 6.61966e-14 3.59528e-14 1.94225e-14 1.04387e-14 5.58264e-15 2.97146e-15 1.57439e-15 8.30502e-16 4.36235e-16 2.28201e-16 1.18902e-16 6.17162e-17 3.19152e-17 1.64451e-17 8.44432e-18 4.32145e-18 2.20432e-18 1.12084e-18 5.68169e-19 2.87152e-19 1.44705e-19 7.27163e-20 3.64406e-20 1.82129e-20 9.07911e-21 4.51447e-21 2.23923e-21 1.10801e-21 5.46982e-22 2.69406e-22 1.32395e-22 6.49217e-23 3.17675e-23 1.55123e-23 7.55935e-24 3.67648e-24 1.78459e-24 8.64606e-25 4.18113e-25 2.01827e-25 9.7251e-26 4.67792e-26 2.24632e-26 1.07688e-26 5.15406e-27 2.46285e-27 1.17501e-27 5.59732e-28 2.66233e-28 1.26444e-28 5.99662e-29 2.83984e-29 1.34299e-29 6.34246e-30 2.99127e-30 1.40889e-30 6.62729e-31 3.11343e-31 1.46082e-31 6.8457e-32 3.20415e-32 1.49793e-32 6.99453e-33 3.26232e-33 1.51985e-33
1.58082e-09 4.95915e-09 9.36845e-09 1.36562e-08 1.6863e-08 1.85005e-08 1.85518e-08 1.73219e-08 1.52553e-08 1.27926e-08 1.02876e-08 7.97824e-09 5.99325e-09 4.3767e-09 3.11642e-09 2.16905e-09 1.4788e-09 9.89363e-10 6.50565e-10 4.21022e-10 2.68482e-10 1.6888e-10 1.04883e-10 6.43657e-11 3.90619e-11 2.34582e-11 1.39491e-11 8.21759e-12 4.7986e-12 2.77878e-12 1.59643e-12 9.10276e-13 5.1532e-13 2.89739e-13 1.61845e-13 8.98415e-14 4.95744e-14 2.71987e-14 1.48405e-14 8.05485e-15 4.34971e-15 2.33745e-15 1.2502e-15 6.65657e-16 3.52875e-16 1.86276e-16 9.79315e-17 5.12832e-17 2.67529e-17 1.39048e-17 7.20116e-18 3.71651e-18 1.91165e-18 9.80089e-19 5.00895e-19 2.55207e-19 1.2964e-19 6.56636e-20 3.31652e-20 1.67049e-20 8.39159e-21 4.20447e-21 2.10123e-21 1.04752e-21 5.20953e-22 2.58472e-22 1.27946e-22 6.3193e-23 3.11428e-23 1.5315e-23 7.51566e-24 3.68069e-24 1.79897e-24 8.77543e-25 4.27251e-25 2.07627e-25 1.00714e-25 4.8766e-26 2.35711e-26 1.13736e-26 5.47876e-27 2.63481e-27 1.26506e-27 6.06439e-28 2.90258e-28 1.38714e-28 6.61916e-29 3.1539e-29 1.5006e-29 7.12966e-30 3.38273e-30 1.60277e-30 7.58393e-31 3.5838e-31 1.69134e-31 7.97195e-32 3.7528e-32 1.76446e-32 8.28594e-33 3.88647e-33 1.8208e-33
6.37428e-10 2.08264e-09 4.07138e-09 6.11679e-09 7.76254e-09 8.73334e-09 8.96521e-09 8.55712e-09 7.69467e-09 6.58142e-09 5.3936e-09 4.25922e-09 3.25567e-09 2.41773e-09 1.74964e-09 1.23701e-09 8.56275e-10 5.81397e-10 3.87832e-10 2.54525e-10 1.64536e-10 1.04883e-10 6.59897e-11 4.10153e-11 2.52026e-11 1.53207e-11 9.21962e-12 5.49537e-12 3.24606e-12 1.90106e-12 1.10434e-12 6.36581e-13 3.64257e-13 2.06973e-13 1.16817e-13 6.55113e-14 3.65142e-14 2.02326e-14 1.11479e-14 6.10913e-15 3.33045e-15 1.80655e-15 9.75215e-16 5.23997e-16 2.8029e-16 1.49281e-16 7.91738e-17 4.18216e-17 2.20048e-17 1.15342e-17 6.02371e-18 3.13468e-18 1.62563e-18 8.40225e-19 4.32868e-19 2.22302e-19 1.13815e-19 5.80971e-20 2.95699e-20 1.50078e-20 7.59606e-21 3.83438e-21 1.93049e-21 9.69468e-22 4.85647e-22 2.42692e-22 1.20994e-22 6.01823e-23 2.98672e-23 1.47899e-23 7.30802e-24 3.60348e-24 1.77317e-24 8.70773e-25 4.26781e-25 2.0877e-25 1.01933e-25 4.96772e-26 2.41666e-26 1.17356e-26 5.68906e-27 2.7532e-27 1.33018e-27 6.41615e-28 3.08988e-28 1.48568e-28 7.13245e-29 3.41897e-29 1.63646e-29 7.82136e-30 3.73282e-30 1.77902e-30 8.46688e-31 4.02417e-31 1.91007e-31 9.05427e-32 4.28645e-32 2.02671e-32 9.57068e-33 4.51401e-33 2.12646e-33
2.57027e-10 8.73235e-10 1.7645e-09 2.72969e-09 3.55729e-09 4.10126e-09 4.30722e-09 4.20018e-09 3.85419e-09 3.36074e-09 2.80538e-09 2.25481e-09 1.75304e-09 1.32332e-09 9.72911e-10 6.98465e-10 4.90719e-10 3.38031e-10 2.28676e-10 1.5214e-10 9.96693e-11 6.43657e-11 4.10153e-11 2.58115e-11 1.60545e-11 9.87654e-12 6.01329e-12 3.62553e-12 2.16577e-12 1.28247e-12 7.5312e-13 4.38778e-13 2.53718e-13 1.45659e-13 8.30497e-14 4.70423e-14 2.64795e-14 1.48154e-14 8.2415e-15 4.55919e-15 2.50871e-15 1.37335e-15 7.48104e-16 4.05575e-16 2.18868e-16 1.17588e-16 6.29038e-17 3.35111e-17 1.7781e-17 9.39798e-18 4.94853e-18 2.59616e-18 1.35721e-18 7.07086e-19 3.67152e-19 1.90025e-19 9.80411e-20 5.04282e-20 2.58609e-20 1.32237e-20 6.74276e-21 3.42867e-21 1.73879e-21 8.79498e-22 4.43725e-22 2.23313e-22 1.12113e-22 5.61529e-23 2.80596e-23 1.39897e-23 6.95946e-24 3.45465e-24 1.71126e-24 8.45919e-25 4.17315e-25 2.05466e-25 1.00966e-25 4.95207e-26 2.42433e-26 1.18469e-26 5.7789e-27 2.81401e-27 1.36792e-27 6.63848e-28 3.21632e-28 1.55578e-28 7.51359e-29 3.62302e-29 1.74434e-29 8.38569e-30 4.02538e-30 1.92951e-30 9.23568e-31 4.41453e-31 2.10719e-31 1.00447e-31 4.78183e-32 2.27345e-32 1.07949e-32 5.11925e-33 2.42467e-33
1.0364e-10 3.65603e-10 7.62773e-10 1.21398e-09 1.62337e-09 1.91667e-09 2.05809e-09 2.04928e-09 1.918e-09 1.70419e-09 1.44836e-09 1.18435e-09 9.3618e-10 7.18082e-10 5.36158e-10 3.90716e-10 2.78518e-10 1.94581e-10 1.33452e-10 8.99812e-11 5.97217e-11 3.90619e-11 2.52026e-11 1.60545e-11 1.01054e-11 6.28967e-12 3.87349e-12 2.36175e-12 1.42645e-12 8.53858e-13 5.06778e-13 2.98356e-13 1.74302e-13 1.01083e-13 5.82102e-14 3.32969e-14 1.89241e-14 1.06893e-14 6.00225e-15 3.35127e-15 1.86094e-15 1.02794e-15 5.64946e-16 3.08974e-16 1.68187e-16 9.11347e-17 4.91662e-17 2.6412e-17 1.41303e-17 7.52955e-18 3.99679e-18 2.11362e-18 1.1137e-18 5.84762e-19 3.05988e-19 1.59583e-19 8.29591e-20 4.29911e-20 2.22109e-20 1.14409e-20 5.87623e-21 3.00961e-21 1.53719e-21 7.83034e-22 3.9783e-22 2.01608e-22 1.01914e-22 5.13933e-23 2.58551e-23 1.29772e-23 6.49873e-24 3.24724e-24 1.61904e-24 8.05531e-25 3.99949e-25 1.98174e-25 9.79995e-26 4.83678e-26 2.38265e-26 1.17153e-26 5.7498e-27 2.81691e-27 1.37762e-27 6.72565e-28 3.27798e-28 1.59499e-28 7.74819e-29 3.75794e-29 1.81977e-29 8.79864e-30 4.24773e-30 2.04764e-30 9.85632e-31 4.73755e-31 2.27394e-31 1.08994e-31 5.2172e-32 2.49395e-32 1.1906e-32 5.67653e-33 2.703e-33
4.17903e-11 1.52861e-10 3.28955e-10 5.38173e-10 7.37933e-10 8.91674e-10 9.78401e-10 9.94249e-10 9.48673e-10 8.58534e-10 7.42573e-10 6.17522e-10 4.96099e-10 3.86518e-10 2.92987e-10 2.16657e-10 1.5665e-10 1.10961e-10 7.71308e-11 5.26911e-11 3.5421e-11 2.34582e-11 1.53207e-11 9.87654e-12 6.28967e-12 3.95973e-12 2.46608e-12 1.52024e-12 9.28159e-13 5.61506e-13 3.36752e-13 2.00297e-13 1.182e-13 6.92299e-14 4.02582e-14 2.32505e-14 1.334e-14 7.60573e-15 4.31022e-15 2.42848e-15 1.36064e-15 7.58252e-16 4.20373e-16 2.31892e-16 1.27305e-16 6.95635e-17 3.78411e-17 2.04954e-17 1.10541e-17 5.93769e-18 3.17685e-18 1.69322e-18 8.99116e-19 4.75722e-19 2.50825e-19 1.31798e-19 6.9026e-20 3.60346e-20 1.87528e-20 9.72954e-21 5.03303e-21 2.59604e-21 1.33527e-21 6.84915e-22 3.5038e-22 1.78776e-22 9.09848e-23 4.619e-23 2.33922e-23 1.18185e-23 5.95721e-24 2.99597e-24 1.50338e-24 7.5276e-25 3.76115e-25 1.87534e-25 9.33162e-26 4.63411e-26 2.29682e-26 1.13621e-26 5.61011e-27 2.76495e-27 1.36025e-27 6.68013e-28 3.27489e-28 1.60276e-28 7.83097e-29 3.81989e-29 1.86032e-29 9.04558e-30 4.3915e-30 2.12876e-30 1.03036e-30 4.97983e-31 2.40331e-31 1.15822e-31 5.57393e-32 2.67878e-32 1.28566e-32 6.16219e-33 2.9497e-33
1.68509e-11 6.38312e-11 1.41552e-10 2.37865e-10 3.34215e-10 4.13065e-10 4.62904e-10 4.79842e-10 4.6655e-10 4.29861e-10 3.78233e-10 3.19759e-10 2.60987e-10 2.06471e-10 1.5884e-10 1.19153e-10 8.73575e-11 6.27205e-11 4.4175e-11 3.0567e-11 2.08069e-11 1.39491e-11 9.21962e-12 6.01329e-12 3.87349e-12 2.46608e-12 1.55281e-12 9.67625e-13 5.97054e-13 3.64973e-13 2.21133e-13 1.32856e-13 7.91797e-14 4.68291e-14 2.74938e-14 1.60291e-14 9.28253e-15 5.34108e-15 3.05428e-15 1.73624e-15 9.81371e-16 5.51658e-16 3.08466e-16 1.71604e-16 9.49971e-17 5.23391e-17 2.87042e-17 1.56723e-17 8.52028e-18 4.6128e-18 2.48726e-18 1.33591e-18 7.14802e-19 3.81059e-19 2.02416e-19 1.07148e-19 5.65274e-20 2.97238e-20 1.55797e-20 8.14069e-21 4.24078e-21 2.20266e-21 1.14077e-21 5.89151e-22 3.03436e-22 1.55864e-22 7.9853e-23 4.08066e-23 2.08012e-23 1.05777e-23 5.36609e-24 2.71593e-24 1.37148e-24 6.91031e-25 3.47423e-25 1.74299e-25 8.72624e-26 4.35985e-26 2.17394e-26 1.08186e-26 5.37354e-27 2.66399e-27 1.31826e-27 6.51157e-28 3.21068e-28 1.58035e-28 7.76541e-29 3.80932e-29 1.86558e-29 9.12175e-30 4.45299e-30 2.17044e-30 1.05627e-30 5.13276e-31 2.49047e-31 1.20664e-31 5.83789e-32 2.82046e-32 1.36076e-32 6.55623e-33 3.15459e-33
6.79473e-12 2.6623e-11 6.07848e-11 1.04839e-10 1.5085e-10 1.90589e-10 2.18027e-10 2.30434e-10 2.28212e-10 2.13986e-10 1.91471e-10 1.64498e-10 1.36362e-10 1.09505e-10 8.54716e-11 6.50219e-11 4.83249e-11 3.51585e-11 2.50839e-11 1.75763e-11 1.21117e-11 8.21759e-12 5.49537e-12 3.62553e-12 2.36175e-12 1.52024e-12 9.67625e-13 6.09382e-13 3.79932e-13 2.34631e-13 1.43593e-13 8.7125e-14 5.24312e-14 3.13068e-14 1.85541e-14 1.09178e-14 6.38055e-15 3.70448e-15 2.13726e-15 1.22563e-15 6.98763e-16 3.96155e-16 2.23385e-16 1.25309e-16 6.99396e-17 3.8847e-17 2.1476e-17 1.18189e-17 6.47579e-18 3.53314e-18 1.91972e-18 1.03891e-18 5.60062e-19 3.00786e-19 1.6095e-19 8.58188e-20 4.56009e-20 2.41493e-20 1.27472e-20 6.70726e-21 3.51826e-21 1.83992e-21 9.59383e-22 4.98813e-22 2.58623e-22 1.33724e-22 6.89596e-23 3.54689e-23 1.81968e-23 9.31245e-24 4.75419e-24 2.42135e-24 1.23035e-24 6.23753e-25 3.15523e-25 1.59258e-25 8.02135e-26 4.03168e-26 2.02225e-26 1.01231e-26 5.05756e-27 2.52191e-27 1.25516e-27 6.23538e-28 3.09199e-28 1.53052e-28 7.56272e-29 3.73055e-29 1.83711e-29 9.03184e-30 4.43315e-30 2.17247e-30 1.06295e-30 5.19283e-31 2.533e-31 1.23373e-31 6.0002e-32 2.91398e-32 1.41316e-32 6.8437e-33 3.30974e-33
2.73981e-12 1.10917e-11 2.60513e-11 4.60861e-11 6.7867e-11 8.76078e-11 1.02257e-10 1.10145e-10 1.11064e-10 1.05943e-10 9.63657e-11 8.41066e-11 7.07877e-11 5.76856e-11 4.56684e-11 3.5223e-11 2.65299e-11 1.95539e-11 1.41282e-11 1.00224e-11 6.98995e-12 4.7986e-12 3.24606e-12 2.16577e-12 1.42645e-12 9.28159e-13 5.97054e-13 3.79932e-13 2.39306e-13 1.49274e-13 9.22591e-14 5.6523e-14 3.43409e-14 2.06983e-14 1.23808e-14 7.35183e-15 4.33522e-15 2.53933e-15 1.47787e-15 8.54812e-16 4.91502e-16 2.80994e-16 1.59763e-16 9.0354e-17 5.08383e-17 2.84632e-17 1.58598e-17 8.79631e-18 4.85687e-18 2.6701e-18 1.46174e-18 7.96972e-19 4.32809e-19 2.34143e-19 1.26196e-19 6.77695e-20 3.62654e-20 1.93402e-20 1.02797e-20 5.44614e-21 2.87622e-21 1.51432e-21 7.94889e-22 4.16028e-22 2.17119e-22 1.12995e-22 5.86461e-23 3.03573e-23 1.56732e-23 8.07144e-24 4.14635e-24 2.12484e-24 1.08631e-24 5.54084e-25 2.81974e-25 1.43178e-25 7.25432e-26 3.66767e-26 1.85045e-26 9.31693e-27 4.68163e-27 2.34783e-27 1.17516e-27 5.87091e-28 2.92757e-28 1.45719e-28 7.2402e-29 3.59105e-29 1.77805e-29 8.78881e-30 4.33705e-30 2.13673e-30 1.05101e-30 5.16153e-31 2.53092e-31 1.23912e-31 6.05759e-32 2.95696e-32 1.44132e-32 7.01548e-33 3.40992e-33
1.10476e-12 4.6163e-12 1.11448e-11 2.02088e-11 3.04404e-11 4.01281e-11 4.77678e-11 5.24163e-11 5.37928e-11 5.21817e-11 4.82341e-11 4.27535e-11 3.65228e-11 3.01937e-11 2.42385e-11 1.89484e-11 1.446e-11 1.07944e-11 7.89662e-12 5.66993e-12 4.00134e-12 2.77878e-12 1.90106e-12 1.28247e-12 8.53858e-13 5.61506e-13 3.64973e-13 2.34631e-13 1.49274e-13 9.4035e-14 5.86839e-14 3.62969e-14 2.22599e-14 1.3541e-14 8.17349e-15 4.89712e-15 2.9133e-15 1.72134e-15 1.01043e-15 5.89403e-16 3.41736e-16 1.96988e-16 1.12914e-16 6.43734e-17 3.65086e-17 2.06011e-17 1.15682e-17 6.46538e-18 3.59697e-18 1.99231e-18 1.09879e-18 6.03487e-19 3.30116e-19 1.79873e-19 9.76361e-20 5.28019e-20 2.8453e-20 1.52787e-20 8.1765e-21 4.36123e-21 2.31872e-21 1.22891e-21 6.49326e-22 3.42063e-22 1.79673e-22 9.41069e-23 4.91534e-23 2.5604e-23 1.33018e-23 6.89264e-24 3.56256e-24 1.8368e-24 9.44735e-25 4.84762e-25 2.48164e-25 1.26755e-25 6.45984e-26 3.28499e-26 1.66694e-26 8.44105e-27 4.26563e-27 2.15128e-27 1.08282e-27 5.43967e-28 2.72751e-28 1.36506e-28 6.81938e-29 3.40063e-29 1.69281e-29 8.41212e-30 4.17317e-30 2.06681e-30 1.02194e-30 5.04484e-31 2.48647e-31 1.22361e-31 6.01222e-32 2.94968e-32 1.44501e-32 7.06861e-33 3.45283e-33
4.45469e-13 1.9194e-12 4.75958e-12 8.84086e-12 1.36143e-11 1.83189e-11 2.22298e-11 2.48401e-11 2.59359e-11 2.55766e-11 2.40173e-11 2.16132e-11 1.87349e-11 1.57082e-11 1.27833e-11 1.01264e-11 7.82772e-12 5.9169e-12 4.38153e-12 3.18361e-12 2.27291e-12 1.59643e-12 1.10434e-12 7.5312e-13 5.06778e-13 3.36752e-13 2.21133e-13 1.43593e-13 9.22591e-14 5.86839e-14 3.69727e-14 2.30832e-14 1.42873e-14 8.77032e-15 5.34135e-15 3.22853e-15 1.93738e-15 1.15454e-15 6.83457e-16 4.02004e-16 2.35003e-16 1.36565e-16 7.89087e-17 4.53435e-17 2.59175e-17 1.4738e-17 8.33921e-18 4.69596e-18 2.6321e-18 1.46866e-18 8.15915e-19 4.51365e-19 2.48671e-19 1.36455e-19 7.45879e-20 4.06173e-20 2.20376e-20 1.19143e-20 6.41896e-21 3.44664e-21 1.84458e-21 9.84026e-22 5.23309e-22 2.77451e-22 1.46664e-22 7.73033e-23 4.06297e-23 2.12954e-23 1.11315e-23 5.80332e-24 3.0177e-24 1.56523e-24 8.09855e-25 4.1801e-25 2.15247e-25 1.10582e-25 5.66817e-26 2.89893e-26 1.47941e-26 7.53374e-27 3.82847e-27 1.94155e-27 9.82652e-28 4.96357e-28 2.50235e-28 1.25915e-28 6.32405e-29 3.17044e-29 1.58659e-29 7.92576e-30 3.95244e-30 1.96766e-30 9.77933e-31 4.85236e-31 2.40378e-31 1.1889e-31 5.87107e-32 2.89482e-32 1.42518e-32 7.00601e-33 3.43904e-33
1.79625e-13 7.97337e-13 2.02937e-12 3.85914e-12 6.07238e-12 8.33629e-12 1.03082e-11 1.17253e-11 1.24511e-11 1.24783e-11 1.19e-11 1.08692e-11 9.55754e-12 8.12512e-12 6.70137e-12 5.37799e-12 4.20999e-12 3.22161e-12 2.41434e-12 1.77484e-12 1.28165e-12 9.10276e-13 6.36581e-13 4.38778e-13 2.98356e-13 2.00297e-13 1.32856e-13 8.7125e-14 5.6523e-14 3.62969e-14 2.30832e-14 1.45449e-14 9.08447e-15 5.62651e-15 3.45693e-15 2.10768e-15 1.27562e-15 7.66603e-16 4.57589e-16 2.71363e-16 1.5992e-16 9.36773e-17 5.45556e-17 3.15942e-17 1.8198e-17 1.04272e-17 5.94447e-18 3.37237e-18 1.90414e-18 1.07021e-18 5.98839e-19 3.33639e-19 1.85108e-19 1.02284e-19 5.62961e-20 3.0866e-20 1.68602e-20 9.17633e-21 4.97669e-21 2.68979e-21 1.44891e-21 7.77937e-22 4.16357e-22 2.22146e-22 1.18167e-22 6.26713e-23 3.31427e-23 1.74776e-23 9.19137e-24 4.82069e-24 2.52171e-24 1.31572e-24 6.84757e-25 3.55501e-25 1.84118e-25 9.51324e-26 4.90406e-26 2.52231e-26 1.29443e-26 6.62848e-27 3.38706e-27 1.72713e-27 8.78893e-28 4.46348e-28 2.26232e-28 1.14445e-28 5.77843e-29 2.91215e-29 1.46495e-29 7.35613e-30 3.6873e-30 1.84507e-30 9.21673e-31 4.59633e-31 2.28839e-31 1.13748e-31 5.64504e-32 2.7971e-32 1.38382e-32 6.83583e-33 3.37174e-33
7.24293e-14 3.30936e-13 8.63952e-13 1.68104e-12 2.7015e-12 3.78216e-12 4.76378e-12 5.5139e-12 5.95303e-12 6.06113e-12 5.86857e-12 5.43892e-12 4.85029e-12 4.17976e-12 3.49299e-12 2.8392e-12 2.25031e-12 1.74291e-12 1.32162e-12 9.82759e-13 7.17662e-13 5.1532e-13 3.64257e-13 2.53718e-13 1.74302e-13 1.182e-13 7.91797e-14 5.24312e-14 3.43409e-14 2.22599e-14 1.42873e-14 9.08447e-15 5.72483e-15 3.57697e-15 2.21679e-15 1.36314e-15 8.31963e-16 5.0414e-16 3.03393e-16 1.81377e-16 1.07743e-16 6.36111e-17 3.73342e-17 2.17873e-17 1.26446e-17 7.29959e-18 4.19234e-18 2.39581e-18 1.36256e-18 7.71316e-19 4.34654e-19 2.43865e-19 1.3624e-19 7.57991e-20 4.20029e-20 2.31846e-20 1.27488e-20 6.98451e-21 3.81277e-21 2.07408e-21 1.12442e-21 6.07557e-22 3.27219e-22 1.75678e-22 9.40282e-23 5.01754e-23 2.6696e-23 1.4163e-23 7.49284e-24 3.95318e-24 2.0801e-24 1.09164e-24 5.71433e-25 2.98374e-25 1.55413e-25 8.07555e-26 4.18633e-26 2.16517e-26 1.1173e-26 5.75287e-27 2.95568e-27 1.51532e-27 7.75256e-28 3.95818e-28 2.01685e-28 1.02564e-28 5.20564e-29 2.63711e-29 1.33343e-29 6.73006e-30 3.39065e-30 1.70522e-30 8.56091e-31 4.2906e-31 2.14677e-31 1.07235e-31 5.34787e-32 2.66276e-32 1.32373e-32 6.57045e-33 3.25634e-33
