0.374932 0.0459201 0.0268917 0.0171168 0.0113821 0.00773325 0.005306 0.00365488 0.00252012 0.00173704 0.0011961 0.000822582 0.000564943 0.000387475 0.000265408 0.000181567 0.000124062 8.4674e-05 5.7729e-05 3.93184e-05 2.67533e-05 1.81867e-05 1.23519e-05 8.3813e-06 5.68117e-06 3.84587e-06 2.59835e-06 1.74945e-06 1.16992e-06 7.71192e-07 5.21067e-07
0.0459201 0.00914812 0.00507605 0.00293619 0.00173537 0.00104074 0.000631667 0.000387404 0.000239771 0.00014957 9.393e-05 5.93246e-05 3.76493e-05 2.39914e-05 1.53415e-05 9.83959e-06 6.32708e-06 4.07755e-06 2.63293e-06 1.70301e-06 1.10317e-06 7.15515e-07 4.64578e-07 3.01884e-07 1.96235e-07 1.27506e-07 8.26877e-08 5.3355e-08 3.40395e-08 2.11897e-08 1.38616e-08
0.0268917 0.00507605 0.00258774 0.00141375 0.000805546 0.000471954 0.000282152 0.00017133 0.000105333 6.54092e-05 4.09494e-05 2.58079e-05 1.63548e-05 1.04118e-05 6.65385e-06 4.26607e-06 2.74274e-06 1.76754e-06 1.14142e-06 7.38404e-07 4.78418e-07 3.10375e-07 2.01569e-07 1.31001e-07 8.51538e-08 5.53095e-08 3.5831e-08 2.30683e-08 1.46573e-08 9.46483e-09 6.19423e-09
0.0171168 0.00293619 0.00141375 0.000739935 0.000409403 0.000235234 0.00013883 8.35748e-05 5.10778e-05 3.15866e-05 1.9716e-05 1.23988e-05 7.84462e-06 4.98796e-06 3.18468e-06 2.04037e-06 1.31107e-06 8.44549e-07 5.45199e-07 3.52605e-07 2.28407e-07 1.48152e-07 9.61976e-08 6.25046e-08 4.06151e-08 2.63647e-08 1.70631e-08 1.0971e-08 7.11864e-09 4.59703e-09 3.00858e-09
0.0113821 0.00173537 0.000805546 0.000409403 0.000221809 0.000125638 7.34385e-05 4.392e-05 2.67189e-05 1.64679e-05 1.02533e-05 6.43542e-06 4.06528e-06 2.58157e-06 1.64649e-06 1.05391e-06 6.76666e-07 4.35582e-07 2.81016e-07 1.81644e-07 1.17603e-07 7.62447e-08 4.94836e-08 3.21363e-08 2.08706e-08 1.35397e-08 8.75864e-09 5.69364e-09 3.6943e-09 2.38548e-09 1.56077e-09
0.00773325 0.00104074 0.000471954 0.000235234 0.000125638 7.04638e-05 4.09105e-05 2.43516e-05 1.47639e-05 9.07598e-06 5.63929e-06 3.53344e-06 2.22884e-06 1.41358e-06 9.00548e-07 5.75851e-07 3.69384e-07 2.37577e-07 1.53153e-07 9.89227e-08 6.40023e-08 4.1467e-08 2.68955e-08 1.74561e-08 1.13302e-08 7.34758e-09 4.77797e-09 3.10539e-09 2.01452e-09 1.30058e-09 8.50568e-10
0.005306 0.000631667 0.000282152 0.00013883 7.34385e-05 4.09105e-05 2.36405e-05 1.4024e-05 8.48059e-06 5.20259e-06 3.22696e-06 2.01886e-06 1.27173e-06 8.05564e-07 5.12613e-07 3.27442e-07 2.09833e-07 1.34834e-07 8.68447e-08 5.6048e-08 3.62347e-08 2.34591e-08 1.5205e-08 9.86224e-09 6.39817e-09 4.15831e-09 2.70312e-09 1.75628e-09 1.13898e-09 7.35157e-10 4.80535e-10
0.00365488 0.000387404 0.00017133 8.35748e-05 4.392e-05 2.43516e-05 1.4024e-05 8.29806e-06 5.00767e-06 3.0667e-06 1.89921e-06 1.18652e-06 7.46455e-07 4.72262e-07 3.00179e-07 1.91542e-07 1.22622e-07 7.87196e-08 5.06568e-08 3.26653e-08 2.11009e-08 1.36508e-08 8.84156e-09 5.73142e-09 3.72079e-09 2.41707e-09 1.57052e-09 1.01999e-09 6.61243e-10 4.26691e-10 2.78753e-10
0.00252012 0.000239771 0.000105333 5.10778e-05 2.67189e-05 1.47639e-05 8.48059e-06 5.00767e-06 3.01673e-06 1.84458e-06 1.14073e-06 7.11722e-07 4.47195e-07 2.82596e-07 1.79424e-07 1.14369e-07 7.31443e-08 4.69124e-08 3.01617e-08 1.94329e-08 1.25431e-08 8.10847e-09 5.2483e-09 3.40192e-09 2.20725e-09 1.4331e-09 9.30718e-10 6.04194e-10 3.91542e-10 2.52589e-10 1.64924e-10
0.00173704 0.00014957 6.54092e-05 3.15866e-05 1.64679e-05 9.07598e-06 5.20259e-06 3.0667e-06 1.84458e-06 1.12626e-06 6.95576e-07 4.33433e-07 2.72012e-07 1.71697e-07 1.08896e-07 6.93414e-08 4.43041e-08 2.83891e-08 1.82365e-08 1.174e-08 7.57177e-09 4.89126e-09 3.16461e-09 2.05001e-09 1.32932e-09 8.62616e-10 5.59941e-10 3.63332e-10 2.35363e-10 1.51796e-10 9.90598e-11
0.0011961 9.393e-05 4.09494e-05 1.9716e-05 1.02533e-05 5.63929e-06 3.22696e-06 1.89921e-06 1.14073e-06 6.95576e-07 4.29039e-07 2.67023e-07 1.67384e-07 1.05539e-07 6.68667e-08 4.25368e-08 2.71525e-08 1.73833e-08 1.11573e-08 7.17692e-09 4.62538e-09 2.9862e-09 1.93078e-09 1.24997e-09 8.10068e-10 5.25381e-10 3.40865e-10 2.2108e-10 1.43159e-10 9.23058e-11 6.02065e-11
0.000822582 5.93246e-05 2.58079e-05 1.23988e-05 6.43542e-06 3.53344e-06 2.01886e-06 1.18652e-06 7.11722e-07 4.33433e-07 2.67023e-07 1.65996e-07 1.03941e-07 6.54681e-08 4.14375e-08 2.63353e-08 1.67955e-08 1.07436e-08 6.89008e-09 4.42869e-09 2.85232e-09 1.84025e-09 1.18909e-09 7.69342e-10 4.98304e-10 3.23011e-10 2.09466e-10 1.35797e-10 8.79021e-11 5.6663e-11 3.69404e-11
0.000564943 3.76493e-05 1.63548e-05 7.84462e-06 4.06528e-06 2.22884e-06 1.27173e-06 7.46455e-07 4.47195e-07 2.72012e-07 1.67384e-07 1.03941e-07 6.50153e-08 4.09097e-08 2.58688e-08 1.64259e-08 1.04668e-08 6.68987e-09 4.28708e-09 2.75366e-09 1.77229e-09 1.1427e-09 7.37906e-10 4.77148e-10 3.0888e-10 2.0012e-10 1.29712e-10 8.40569e-11 5.4391e-11 3.50528e-11 2.28413e-11
0.000387475 2.39914e-05 1.04118e-05 4.98796e-06 2.58157e-06 1.41358e-06 8.05564e-07 4.72262e-07 2.82596e-07 1.71697e-07 1.05539e-07 6.54681e-08 4.09097e-08 2.57172e-08 1.62473e-08 1.03077e-08 6.56287e-09 4.19143e-09 2.68408e-09 1.72284e-09 1.10811e-09 7.14018e-10 4.60811e-10 2.97805e-10 1.92681e-10 1.24774e-10 8.08385e-11 5.23639e-11 3.38716e-11 2.18238e-11 1.42146e-11
0.000265408 1.53415e-05 6.65385e-06 3.18468e-06 1.64649e-06 9.00548e-07 5.12613e-07 3.00179e-07 1.79424e-07 1.08896e-07 6.68667e-08 4.14375e-08 2.58688e-08 1.62473e-08 1.02558e-08 6.5012e-09 4.1361e-09 2.63965e-09 1.68919e-09 1.08353e-09 6.96477e-10 4.48511e-10 2.89295e-10 1.8686e-10 1.20838e-10 7.82141e-11 5.06509e-11 3.27966e-11 2.12075e-11 1.36611e-11 8.89414e-12
0.000181567 9.83959e-06 4.26607e-06 2.04037e-06 1.05391e-06 5.75851e-07 3.27442e-07 1.91542e-07 1.14369e-07 6.93414e-08 4.25368e-08 2.63353e-08 1.64259e-08 1.03077e-08 6.5012e-09 4.11799e-09 2.61798e-09 1.66963e-09 1.06773e-09 6.84466e-10 4.39703e-10 2.82995e-10 1.82436e-10 1.17778e-10 7.61276e-11 4.92521e-11 3.18818e-11 2.06358e-11 1.33396e-11 8.59103e-12 5.59095e-12
0.000124062 6.32708e-06 2.74274e-06 1.31107e-06 6.76666e-07 3.69384e-07 2.09833e-07 1.22622e-07 7.31443e-08 4.43041e-08 2.71525e-08 1.67955e-08 1.04668e-08 6.56287e-09 4.1361e-09 2.61798e-09 1.66321e-09 1.06001e-09 6.77456e-10 4.3402e-10 2.78657e-10 1.79247e-10 1.15494e-10 7.45248e-11 4.81478e-11 3.11364e-11 2.01471e-11 1.30356e-11 8.42401e-12 5.42415e-12 3.52859e-12
8.4674e-05 4.07755e-06 1.76754e-06 8.44549e-07 4.35582e-07 2.37577e-07 1.34834e-07 7.87196e-08 4.69124e-08 2.83891e-08 1.73833e-08 1.07436e-08 6.68987e-09 4.19143e-09 2.63965e-09 1.66963e-09 1.06001e-09 6.75152e-10 4.31232e-10 2.76116e-10 1.7718e-10 1.13913e-10 7.33611e-11 4.73154e-11 3.05551e-11 1.97513e-11 1.27752e-11 8.26295e-12 5.3382e-12 3.43654e-12 2.23475e-12
5.7729e-05 2.63293e-06 1.14142e-06 5.45199e-07 2.81016e-07 1.53153e-07 8.68447e-08 5.06568e-08 3.01617e-08 1.82365e-08 1.11573e-08 6.89008e-09 4.28708e-09 2.68408e-09 1.68919e-09 1.06773e-09 6.77456e-10 4.31232e-10 2.75279e-10 1.76164e-10 1.12983e-10 7.26033e-11 4.67352e-11 3.01291e-11 1.94483e-11 1.25666e-11 8.12512e-12 5.25351e-12 3.39302e-12 2.18388e-12 1.41964e-12
3.93184e-05 1.70301e-06 7.38404e-07 3.52605e-07 1.81644e-07 9.89227e-08 5.6048e-08 3.26653e-08 1.94329e-08 1.174e-08 7.17692e-09 4.42869e-09 2.75366e-09 1.72284e-09 1.08353e-09 6.84466e-10 4.3402e-10 2.76116e-10 1.76164e-10 1.12677e-10 7.22297e-11 4.6393e-11 2.985e-11 1.92353e-11 1.24113e-11 8.01651e-12 5.18132e-12 3.34903e-12 2.1624e-12 1.39156e-12 9.04273e-13
2.67533e-05 1.10317e-06 4.78418e-07 2.28407e-07 1.17603e-07 6.40023e-08 3.62347e-08 2.11009e-08 1.25431e-08 7.57177e-09 4.62538e-09 2.85232e-09 1.77229e-09 1.10811e-09 6.96477e-10 4.39703e-10 2.78657e-10 1.7718e-10 1.12983e-10 7.22297e-11 4.62798e-11 2.9712e-11 1.91089e-11 1.23086e-11 7.93887e-12 5.12585e-12 3.31185e-12 2.14e-12 1.38139e-12 8.888e-13 5.77375e-13
1.81867e-05 7.15515e-07 3.10375e-07 1.48152e-07 7.62447e-08 4.1467e-08 2.34591e-08 1.36508e-08 8.10847e-09 4.89126e-09 2.9862e-09 1.84025e-09 1.1427e-09 7.14018e-10 4.48511e-10 2.82995e-10 1.79247e-10 1.13913e-10 7.26033e-11 4.6393e-11 2.9712e-11 1.9067e-11 1.22576e-11 7.8924e-12 5.08855e-12 3.28433e-12 2.12133e-12 1.37032e-12 8.84329e-13 5.68887e-13 3.69438e-13
1.23519e-05 4.64578e-07 2.01569e-07 9.61976e-08 4.94836e-08 2.68955e-08 1.5205e-08 8.84156e-09 5.2483e-09 3.16461e-09 1.93078e-09 1.18909e-09 7.37906e-10 4.60811e-10 2.89295e-10 1.82436e-10 1.15494e-10 7.33611e-11 4.67352e-11 2.985e-11 1.91089e-11 1.22576e-11 7.87695e-12 5.06986e-12 3.26757e-12 2.10828e-12 1.36129e-12 8.791e-13 5.67186e-13 3.6481e-13 2.36836e-13
8.3813e-06 3.01884e-07 1.31001e-07 6.25046e-08 3.21363e-08 1.74561e-08 9.86224e-09 5.73142e-09 3.40192e-09 2.05001e-09 1.24997e-09 7.69342e-10 4.77148e-10 2.97805e-10 1.8686e-10 1.17778e-10 7.45248e-11 4.73154e-11 3.01291e-11 1.92353e-11 1.23086e-11 7.8924e-12 5.06986e-12 3.26195e-12 2.10162e-12 1.35555e-12 8.74996e-13 5.64902e-13 3.64383e-13 2.34332e-13 1.52084e-13
5.68117e-06 1.96235e-07 8.51538e-08 4.06151e-08 2.08706e-08 1.13302e-08 6.39817e-09 3.72079e-09 2.20725e-09 1.32932e-09 8.10068e-10 4.98304e-10 3.0888e-10 1.92681e-10 1.20838e-10 7.61276e-11 4.81478e-11 3.05551e-11 1.94483e-11 1.24113e-11 7.93887e-12 5.08855e-12 3.26757e-12 2.10162e-12 1.3536e-12 8.72801e-13 5.6322e-13 3.63521e-13 2.34432e-13 1.50739e-13 9.78036e-14
3.84587e-06 1.27506e-07 5.53095e-08 2.63647e-08 1.35397e-08 7.34758e-09 4.15831e-09 2.41707e-09 1.4331e-09 8.62616e-10 5.25381e-10 3.23011e-10 2.0012e-10 1.24774e-10 7.82141e-11 4.92521e-11 3.11364e-11 1.97513e-11 1.25666e-11 8.01651e-12 5.12585e-12 3.28433e-12 2.10828e-12 1.35555e-12 8.72801e-13 5.62616e-13 3.62956e-13 2.34205e-13 1.51005e-13 9.70816e-14 6.29724e-14
2.59835e-06 8.26877e-08 3.5831e-08 1.70631e-08 8.75864e-09 4.77797e-09 2.70312e-09 1.57052e-09 9.30718e-10 5.59941e-10 3.40865e-10 2.09466e-10 1.29712e-10 8.08385e-11 5.06509e-11 3.18818e-11 2.01471e-11 1.27752e-11 8.12512e-12 5.18132e-12 3.31185e-12 2.12133e-12 1.36129e-12 8.74996e-13 5.6322e-13 3.62956e-13 2.3409e-13 1.51016e-13 9.73491e-14 6.25776e-14 4.05809e-14
1.74945e-06 5.3355e-08 2.30683e-08 1.0971e-08 5.69364e-09 3.10539e-09 1.75628e-09 1.01999e-09 6.04194e-10 3.63332e-10 2.2108e-10 1.35797e-10 8.40569e-11 5.23639e-11 3.27966e-11 2.06358e-11 1.30356e-11 8.26295e-12 5.25351e-12 3.34903e-12 2.14e-12 1.37032e-12 8.791e-13 5.64902e-13 3.63521e-13 2.34205e-13 1.51016e-13 9.74021e-14 6.27768e-14 4.0349e-14 2.61599e-14
1.16992e-06 3.40395e-08 1.46573e-08 7.11864e-09 3.6943e-09 2.01452e-09 1.13898e-09 6.61243e-10 3.91542e-10 2.35363e-10 1.43159e-10 8.79021e-11 5.4391e-11 3.38716e-11 2.12075e-11 1.33396e-11 8.42401e-12 5.3382e-12 3.39302e-12 2.1624e-12 1.38139e-12 8.84329e-13 5.67186e-13 3.64383e-13 2.34432e-13 1.51005e-13 9.73491e-14 6.27768e-14 4.04541e-14 2.59987e-14 1.68528e-14
7.71192e-07 2.11897e-08 9.46483e-09 4.59703e-09 2.38548e-09 1.30058e-09 7.35157e-10 4.26691e-10 2.52589e-10 1.51796e-10 9.23058e-11 5.6663e-11 3.50528e-11 2.18238e-11 1.36611e-11 8.59103e-12 5.42415e-12 3.43654e-12 2.18388e-12 1.39156e-12 8.888e-13 5.68887e-13 3.6481e-13 2.34332e-13 1.50739e-13 9.70816e-14 6.25776e-14 4.0349e-14 2.59987e-14 1.67075e-14 1.08286e-14
5.21067e-07 1.38616e-08 6.19423e-09 3.00858e-09 1.56077e-09 8.50568e-10 4.80535e-10 2.78753e-10 1.64924e-10 9.90598e-11 6.02065e-11 3.69404e-11 2.28413e-11 1.42146e-11 8.89414e-12 5.59095e-12 3.52859e-12 2.23475e-12 1.41964e-12 9.04273e-13 5.77375e-13 3.69438e-13 2.36836e-13 1.52084e-13 9.78036e-14 6.29724e-14 4.05809e-14 2.61599e-14 1.68528e-14 1.08286e-14 7.01664e-15
