0.384384 0.0836961 0.0392521 0.0199194 0.0100113 0.00484334 0.00225223 0.00101307 0.000443921 0.000190628 8.05866e-05 3.36511e-05 1.3915e-05 5.70849e-06 2.3266e-06 9.43081e-07 3.80507e-07 1.52914e-07 6.12397e-08 2.44513e-08 9.73662e-09 3.86792e-09 1.53326e-09 6.06618e-10 2.39581e-10 9.44699e-11 3.71951e-11 1.46221e-11 5.73399e-12 2.22789e-12 8.73034e-13
0.0836961 0.0240022 0.0111779 0.00463316 0.00180408 0.000681115 0.000253559 9.3885e-05 3.47246e-05 1.2855e-05 4.76715e-06 1.77136e-06 6.59486e-07 2.45978e-07 9.18969e-08 3.4383e-08 1.2881e-08 4.83125e-09 1.81389e-09 6.81643e-10 2.56362e-10 9.64861e-11 3.63377e-11 1.36931e-11 5.16268e-12 1.94735e-12 7.34732e-13 2.77039e-13 1.0385e-13 3.75025e-14 1.41775e-14
0.0392521 0.0111779 0.0039347 0.00142701 0.000518693 0.000188415 6.85298e-05 2.50008e-05 9.15564e-06 3.36614e-06 1.24216e-06 4.59891e-07 1.70756e-07 6.35578e-08 2.37073e-08 8.85902e-09 3.31566e-09 1.24264e-09 4.66263e-10 1.75132e-10 6.58412e-11 2.47729e-11 9.32755e-12 3.51426e-12 1.32477e-12 4.99607e-13 1.8839e-13 7.08153e-14 2.60894e-14 9.79818e-15 3.70447e-15
0.0199194 0.00463316 0.00142701 0.000474152 0.000163354 5.74033e-05 2.04389e-05 7.35081e-06 2.6652e-06 9.72775e-07 3.57006e-07 1.31613e-07 4.87019e-08 1.80776e-08 6.72759e-09 2.50915e-09 9.37562e-10 3.50882e-10 1.31497e-10 4.93385e-11 1.85312e-11 6.96656e-12 2.62108e-12 9.86847e-13 3.71767e-13 1.40086e-13 5.27102e-14 1.96282e-14 7.39144e-15 2.77548e-15 1.04901e-15
0.0100113 0.00180408 0.000518693 0.000163354 5.42465e-05 1.86007e-05 6.51388e-06 2.31561e-06 8.32483e-07 3.01902e-07 1.10239e-07 4.04748e-08 1.49266e-08 5.5247e-09 2.05097e-09 7.63301e-10 2.84674e-10 1.06361e-10 3.98e-11 1.4913e-11 5.59435e-12 2.10076e-12 7.89572e-13 2.96989e-13 1.11768e-13 4.20466e-14 1.57399e-14 5.92651e-15 2.23093e-15 8.37387e-16 3.16314e-16
0.00484334 0.000681115 0.000188415 5.74033e-05 1.86007e-05 6.26873e-06 2.1686e-06 7.64072e-07 2.72844e-07 9.84229e-08 3.57838e-08 1.30908e-08 4.81278e-09 1.77654e-09 6.57954e-10 2.44351e-10 9.09586e-11 3.39258e-11 1.26752e-11 4.74257e-12 1.77676e-12 6.6639e-13 2.50179e-13 9.39969e-14 3.53259e-14 1.32497e-14 4.98491e-15 1.87593e-15 7.05774e-16 2.6478e-16 9.99483e-17
0.00225223 0.000253559 6.85298e-05 2.04389e-05 6.51388e-06 2.1686e-06 7.43482e-07 2.60176e-07 9.24111e-08 3.31905e-08 1.20231e-08 4.38456e-09 1.60754e-09 5.91941e-10 2.18749e-10 8.1078e-11 3.01264e-11 1.1218e-11 4.18486e-12 1.56362e-12 5.85036e-13 2.19157e-13 8.21814e-14 3.08386e-14 1.15671e-14 4.34671e-15 1.63423e-15 6.14591e-16 2.31081e-16 8.66446e-17 3.26827e-17
0.00101307 9.3885e-05 2.50008e-05 7.35081e-06 2.31561e-06 7.64072e-07 2.60176e-07 9.05618e-08 3.2027e-08 1.14611e-08 4.13869e-09 1.50514e-09 5.50482e-10 2.02255e-10 7.45924e-11 2.75966e-11 1.02369e-11 3.80596e-12 1.41777e-12 5.29026e-13 1.97691e-13 7.3969e-14 2.77049e-14 1.03811e-14 3.8952e-15 1.4626e-15 5.49487e-16 2.06505e-16 7.75937e-17 2.90778e-17 1.09604e-17
0.000443921 3.47246e-05 9.15564e-06 2.6652e-06 8.32483e-07 2.72844e-07 9.24111e-08 3.2027e-08 1.12853e-08 4.0259e-09 1.4498e-09 5.25967e-10 1.9194e-10 7.03797e-11 2.59085e-11 9.56905e-12 3.54408e-12 1.31574e-12 4.89472e-13 1.82413e-13 6.80855e-14 2.54462e-14 9.51903e-15 3.56552e-15 1.33674e-15 5.01533e-16 1.88283e-16 7.07109e-17 2.65523e-17 9.94492e-18 3.746e-18
0.000190628 1.2855e-05 3.36614e-06 9.72775e-07 3.01902e-07 9.84229e-08 3.31905e-08 1.14611e-08 4.0259e-09 1.43227e-09 5.14528e-10 1.86252e-10 6.78319e-11 2.48267e-11 9.12386e-12 3.36454e-12 1.24432e-12 4.61333e-13 1.71406e-13 6.38034e-14 2.3788e-14 8.88046e-15 3.31977e-15 1.2424e-15 4.65402e-16 1.74481e-16 6.5456e-17 2.45659e-17 9.2189e-18 3.45104e-18 1.29908e-18
8.05866e-05 4.76715e-06 1.24216e-06 3.57006e-07 1.10239e-07 3.57838e-08 1.20231e-08 4.13869e-09 1.4498e-09 5.14528e-10 1.84432e-10 6.66279e-11 2.4221e-11 8.84997e-12 3.24731e-12 1.19576e-12 4.41636e-13 1.63532e-13 6.06885e-14 2.25654e-14 8.40407e-15 3.13478e-15 1.17083e-15 4.37808e-16 1.63874e-16 6.1392e-17 2.30151e-17 8.63211e-18 3.23746e-18 1.21132e-18 4.55696e-19
3.36511e-05 1.77136e-06 4.59891e-07 1.31613e-07 4.04748e-08 1.30908e-08 4.38456e-09 1.50514e-09 5.25967e-10 1.86252e-10 6.66279e-11 2.40258e-11 8.71928e-12 3.18092e-12 1.16549e-12 4.2859e-13 1.58096e-13 5.84725e-14 2.16759e-14 8.05117e-15 2.99582e-15 1.11646e-15 4.16644e-16 1.55672e-16 5.82256e-17 2.17977e-17 8.16631e-18 3.06099e-18 1.14737e-18 4.29093e-19 1.6133e-19
1.3915e-05 6.59486e-07 1.70756e-07 4.87019e-08 1.49266e-08 4.81278e-09 1.60754e-09 5.50482e-10 1.9194e-10 6.78319e-11 2.4221e-11 8.71928e-12 3.1594e-12 1.15093e-12 4.21135e-13 1.54673e-13 5.69883e-14 2.10543e-14 7.79682e-15 2.89332e-15 1.07563e-15 4.0052e-16 1.49348e-16 5.57595e-17 2.08408e-17 7.7969e-18 2.91921e-18 1.09357e-18 4.09688e-19 1.53146e-19 5.75479e-20
5.70849e-06 2.45978e-07 6.35578e-08 1.80776e-08 5.5247e-09 1.77654e-09 5.91941e-10 2.02255e-10 7.03797e-11 2.48267e-11 8.84997e-12 3.18092e-12 1.15093e-12 4.18709e-13 1.53018e-13 5.61342e-14 2.06598e-14 7.62491e-15 2.821e-15 1.0459e-15 3.885e-16 1.44546e-16 5.38585e-17 2.00939e-17 7.50532e-18 2.80609e-18 1.04999e-18 3.9312e-19 1.472e-19 5.50012e-20 2.06571e-20
2.3266e-06 9.18969e-08 2.37073e-08 6.72759e-09 2.05097e-09 6.57954e-10 2.18749e-10 7.45924e-11 2.59085e-11 9.12386e-12 3.24731e-12 1.16549e-12 4.21135e-13 1.53018e-13 5.58553e-14 2.04681e-14 7.52542e-15 2.77478e-15 1.02567e-15 3.79952e-16 1.4102e-16 5.24287e-17 1.95213e-17 7.27825e-18 2.71678e-18 1.01514e-18 3.79634e-19 1.4206e-19 5.31669e-20 1.98577e-20 7.45435e-21
9.43081e-07 3.4383e-08 8.85902e-09 2.50915e-09 7.63301e-10 2.44351e-10 8.1078e-11 2.75966e-11 9.56905e-12 3.36454e-12 1.19576e-12 4.2859e-13 1.54673e-13 5.61342e-14 2.04681e-14 7.49283e-15 2.75225e-15 1.0139e-15 3.74462e-16 1.38606e-16 5.14055e-17 1.9098e-17 7.10616e-18 2.64774e-18 9.87738e-19 3.68862e-19 1.3787e-19 5.15652e-20 1.92895e-20 7.20177e-21 2.70218e-21
3.80507e-07 1.2881e-08 3.31566e-09 9.37562e-10 2.84674e-10 9.09586e-11 3.01264e-11 1.02369e-11 3.54408e-12 1.24432e-12 4.41636e-13 1.58096e-13 5.69883e-14 2.06598e-14 7.52542e-15 2.75225e-15 1.01004e-15 3.71777e-16 1.37198e-16 5.07454e-17 1.88067e-17 6.98231e-18 2.59638e-18 9.66823e-19 3.60465e-19 1.34539e-19 5.02609e-20 1.87892e-20 7.02553e-21 2.62201e-21 9.83364e-22
1.52914e-07 4.83125e-09 1.24264e-09 3.50882e-10 1.06361e-10 3.39258e-11 1.1218e-11 3.80596e-12 1.31574e-12 4.61333e-13 1.63532e-13 5.84725e-14 2.10543e-14 7.62491e-15 2.77478e-15 1.0139e-15 3.71777e-16 1.36735e-16 5.04217e-17 1.86362e-17 6.90211e-18 2.56089e-18 9.51694e-19 3.54181e-19 1.31979e-19 4.9234e-20 1.83837e-20 6.86927e-21 2.56741e-21 9.57847e-22 3.59078e-22
6.12397e-08 1.81389e-09 4.66263e-10 1.31497e-10 3.98e-11 1.26752e-11 4.18486e-12 1.41777e-12 4.89472e-13 1.71406e-13 6.06885e-14 2.16759e-14 7.79682e-15 2.821e-15 1.02567e-15 3.74462e-16 1.37198e-16 5.04217e-17 1.85801e-17 6.8627e-18 2.54005e-18 9.41863e-19 3.4982e-19 1.30117e-19 4.84604e-20 1.8069e-20 6.74369e-21 2.51874e-21 9.41001e-22 3.50948e-22 1.31509e-22
2.44513e-08 6.81643e-10 1.75132e-10 4.93385e-11 1.4913e-11 4.74257e-12 1.56362e-12 5.29026e-13 1.82413e-13 6.38034e-14 2.25654e-14 8.05117e-15 2.89332e-15 1.0459e-15 3.79952e-16 1.38606e-16 5.07454e-17 1.86362e-17 6.8627e-18 2.53318e-18 9.37023e-19 3.47253e-19 1.28903e-19 4.79211e-20 1.78387e-20 6.64822e-21 2.48014e-21 9.25929e-22 3.45791e-22 1.28921e-22 4.82911e-23
9.73662e-09 2.56362e-10 6.58412e-11 1.85312e-11 5.59435e-12 1.77676e-12 5.85036e-13 1.97691e-13 6.80855e-14 2.3788e-14 8.40407e-15 2.99582e-15 1.07563e-15 3.885e-16 1.4102e-16 5.14055e-17 1.88067e-17 6.90211e-18 2.54005e-18 9.37023e-19 3.46405e-19 1.28304e-19 4.76028e-20 1.76881e-20 6.5813e-21 2.45164e-21 9.14198e-22 3.41167e-22 1.27362e-22 4.74695e-23 1.77743e-23
3.86792e-09 9.64861e-11 2.47729e-11 6.96656e-12 2.10076e-12 6.6639e-13 2.19157e-13 7.3969e-14 2.54462e-14 8.88046e-15 3.13478e-15 1.11646e-15 4.0052e-16 1.44546e-16 5.24287e-17 1.9098e-17 6.98231e-18 2.56089e-18 9.41863e-19 3.47253e-19 1.28304e-19 4.74976e-20 1.76136e-20 6.54166e-21 2.43289e-21 9.05899e-22 3.37665e-22 1.25963e-22 4.70066e-23 1.75147e-23 6.55577e-24
1.53326e-09 3.63377e-11 9.32755e-12 2.62108e-12 7.89572e-13 2.50179e-13 8.21814e-14 2.77049e-14 9.51903e-15 3.31977e-15 1.17083e-15 4.16644e-16 1.49348e-16 5.38585e-17 1.95213e-17 7.10616e-18 2.59638e-18 9.51694e-19 3.4982e-19 1.28903e-19 4.76028e-20 1.76136e-20 6.52854e-21 2.42359e-21 9.00961e-22 3.35339e-22 1.24945e-22 4.65923e-23 1.73812e-23 6.4744e-24 2.42252e-24
6.06618e-10 1.36931e-11 3.51426e-12 9.86847e-13 2.96989e-13 9.39969e-14 3.08386e-14 1.03811e-14 3.56552e-15 1.2424e-15 4.37808e-16 1.55672e-16 5.57595e-17 2.00939e-17 7.27825e-18 2.64774e-18 9.66823e-19 3.54181e-19 1.30117e-19 4.79211e-20 1.76881e-20 6.54166e-21 2.42359e-21 8.99322e-22 3.34181e-22 1.24333e-22 4.63082e-23 1.72623e-23 6.43754e-24 2.39728e-24 8.96688e-25
2.39581e-10 5.16268e-12 1.32477e-12 3.71767e-13 1.11768e-13 3.53259e-14 1.15671e-14 3.8952e-15 1.33674e-15 4.65402e-16 1.63874e-16 5.82256e-17 2.08408e-17 7.50532e-18 2.71678e-18 9.87738e-19 3.60465e-19 1.31979e-19 4.84604e-20 1.78387e-20 6.5813e-21 2.43289e-21 9.00961e-22 3.34181e-22 1.2413e-22 4.61654e-23 1.71882e-23 6.40504e-24 2.38783e-24 8.8897e-25 3.32407e-25
9.44699e-11 1.94735e-12 4.99607e-13 1.40086e-13 4.20466e-14 1.32497e-14 4.34671e-15 1.4626e-15 5.01533e-16 1.74481e-16 6.1392e-17 2.17977e-17 7.7969e-18 2.80609e-18 1.01514e-18 3.68862e-19 1.34539e-19 4.9234e-20 1.8069e-20 6.64822e-21 2.45164e-21 9.05899e-22 3.35339e-22 1.24333e-22 4.61654e-23 1.71633e-23 6.38797e-24 2.37964e-24 8.86873e-25 3.30091e-25 1.23391e-25
3.71951e-11 7.34732e-13 1.8839e-13 5.27102e-14 1.57399e-14 4.98491e-15 1.63423e-15 5.49487e-16 1.88283e-16 6.5456e-17 2.30151e-17 8.16631e-18 2.91921e-18 1.04999e-18 3.79634e-19 1.3787e-19 5.02609e-20 1.83837e-20 6.74369e-21 2.48014e-21 9.14198e-22 3.37665e-22 1.24945e-22 4.63082e-23 1.71882e-23 6.38797e-24 2.37675e-24 8.85106e-25 3.29774e-25 1.22711e-25 4.58568e-26
1.46221e-11 2.77039e-13 7.08153e-14 1.96282e-14 5.92651e-15 1.87593e-15 6.14591e-16 2.06505e-16 7.07109e-17 2.45659e-17 8.63211e-18 3.06099e-18 1.09357e-18 3.9312e-19 1.4206e-19 5.15652e-20 1.87892e-20 6.86927e-21 2.51874e-21 9.25929e-22 3.41167e-22 1.25963e-22 4.65923e-23 1.72623e-23 6.40504e-24 2.37964e-24 8.85106e-25 3.29517e-25 1.22738e-25 4.56608e-26 1.70585e-26
5.73399e-12 1.0385e-13 2.60894e-14 7.39144e-15 2.23093e-15 7.05774e-16 2.31081e-16 7.75937e-17 2.65523e-17 9.2189e-18 3.23746e-18 1.14737e-18 4.09688e-19 1.472e-19 5.31669e-20 1.92895e-20 7.02553e-21 2.56741e-21 9.41001e-22 3.45791e-22 1.27362e-22 4.70066e-23 1.73812e-23 6.43754e-24 2.38783e-24 8.86873e-25 3.29774e-25 1.22738e-25 4.57053e-26 1.69995e-26 6.34923e-27
2.22789e-12 3.75025e-14 9.79818e-15 2.77548e-15 8.37387e-16 2.6478e-16 8.66446e-17 2.90778e-17 9.94492e-18 3.45104e-18 1.21132e-18 4.29093e-19 1.53146e-19 5.50012e-20 1.98577e-20 7.20177e-21 2.62201e-21 9.57847e-22 3.50948e-22 1.28921e-22 4.74695e-23 1.75147e-23 6.4744e-24 2.39728e-24 8.8897e-25 3.30091e-25 1.22711e-25 4.56608e-26 1.69995e-26 6.32162e-27 2.36057e-27
8.73034e-13 1.41775e-14 3.70447e-15 1.04901e-15 3.16314e-16 9.99483e-17 3.26827e-17 1.09604e-17 3.746e-18 1.29908e-18 4.55696e-19 1.6133e-19 5.75479e-20 2.06571e-20 7.45435e-21 2.70218e-21 9.83364e-22 3.59078e-22 1.31509e-22 4.82911e-23 1.77743e-23 6.55577e-24 2.42252e-24 8.96688e-25 3.32407e-25 1.23391e-25 4.58568e-26 1.70585e-26 6.34923e-27 2.36057e-27 8.81233e-28
