0.537692 0.0405821 0.026978 0.0179343 0.0119222 0.00792561 0.00526874 0.00350253 0.00232839 0.00154786 0.00102898 0.000684037 0.000454731 0.000302294 0.000200957 0.000133591 8.88081e-05 5.90374e-05 3.92466e-05 2.60901e-05 1.73441e-05 1.15299e-05 7.66478e-06 5.09535e-06 3.38726e-06 2.25177e-06 1.49692e-06 9.95113e-07 6.61526e-07 4.39766e-07 2.92345e-07 1.94344e-07 1.29195e-07 8.58854e-08 5.70945e-08 3.7955e-08 2.52315e-08 1.67733e-08 1.11504e-08 7.41253e-09 4.92767e-09 3.27579e-09 2.17766e-09 1.44765e-09 9.62364e-10 6.39755e-10 4.25293e-10 2.82724e-10 1.87948e-10 1.24943e-10 8.3059e-11 5.52155e-11 3.67059e-11 2.44011e-11 1.62213e-11 1.07835e-11 7.16859e-12 4.7655e-12 3.16798e-12 2.10599e-12 1.40001e-12 9.30693e-13 6.18701e-13 4.11297e-13 2.7342e-13 1.81763e-13 1.20831e-13 8.03255e-14 5.33984e-14 3.54979e-14 2.35981e-14 1.56874e-14 1.04286e-14 6.93267e-15 4.60867e-15 3.06373e-15 2.03669e-15 1.35394e-15 9.00064e-16 5.9834e-16 3.97761e-16 2.64422e-16 1.75781e-16 1.16855e-16 7.7682e-17 5.16411e-17 3.43297e-17 2.28215e-17 1.51712e-17 1.00854e-17 6.70452e-18 4.457e-18 2.9629e-18 1.96966e-18 1.30938e-18 8.70443e-19 5.78649e-19 3.84671e-19 2.5572e-19 1.69996e-19 1.13009e-19
0.0405821 0.0144421 0.010505 0.00758465 0.00544173 0.0038832 0.00275806 0.0019509 0.00137496 0.000965922 0.000676612 0.000472724 0.000329498 0.000229175 0.000159086 0.000110234 7.6258e-05 5.26734e-05 3.63315e-05 2.50268e-05 1.72186e-05 1.1833e-05 8.12319e-06 5.57089e-06 3.81693e-06 2.61288e-06 1.78715e-06 1.22141e-06 8.34139e-07 5.69255e-07 3.88226e-07 2.64598e-07 1.80228e-07 1.2269e-07 8.34753e-08 5.67645e-08 3.85814e-08 2.62102e-08 1.77976e-08 1.20799e-08 8.19559e-09 5.55803e-09 3.76783e-09 2.55329e-09 1.72962e-09 1.17125e-09 7.92875e-10 5.36561e-10 3.62992e-10 2.45496e-10 1.65984e-10 1.12193e-10 7.58133e-11 5.12167e-11 3.45913e-11 2.33569e-11 1.57674e-11 1.06415e-11 7.18039e-12 4.84394e-12 3.26706e-12 2.20306e-12 1.48527e-12 1.00116e-12 6.74711e-13 4.54624e-13 3.06273e-13 2.06295e-13 1.3893e-13 9.35469e-14 6.29786e-14 4.23924e-14 2.8531e-14 1.91991e-14 1.29175e-14 8.68996e-15 5.84514e-15 3.93108e-15 2.64346e-15 1.77736e-15 1.19488e-15 8.03188e-16 5.39831e-16 3.62783e-16 2.43773e-16 1.63785e-16 1.10031e-16 7.39109e-17 4.96426e-17 3.33392e-17 2.23878e-17 1.50323e-17 1.00924e-17 6.77519e-18 4.54787e-18 3.05248e-18 2.04861e-18 1.37476e-18 9.22477e-19 6.18938e-19 4.15243e-19
0.026978 0.010505 0.00790648 0.00588976 0.00435005 0.00318968 0.00232436 0.00168468 0.00121529 0.000873027 0.00062482 0.000445685 0.000316947 0.000224777 0.000159011 0.000112229 7.90421e-05 5.55601e-05 3.89832e-05 2.73061e-05 1.90966e-05 1.33355e-05 9.29961e-06 6.4767e-06 4.50517e-06 3.13016e-06 2.17243e-06 1.50618e-06 1.04323e-06 7.21898e-07 4.99099e-07 3.4477e-07 2.3797e-07 1.64126e-07 1.13113e-07 7.79008e-08 5.36137e-08 3.68745e-08 2.53458e-08 1.7411e-08 1.19534e-08 8.20194e-09 5.62482e-09 3.85546e-09 2.64135e-09 1.8087e-09 1.23796e-09 8.46931e-10 5.79163e-10 3.95886e-10 2.70497e-10 1.84748e-10 1.26134e-10 8.60839e-11 5.87292e-11 4.00528e-11 2.73063e-11 1.86101e-11 1.26793e-11 8.63578e-12 5.87999e-12 4.00241e-12 2.72358e-12 1.85283e-12 1.26012e-12 8.56779e-13 5.82389e-13 3.95772e-13 2.68886e-13 1.82636e-13 1.24022e-13 8.41997e-14 5.71509e-14 3.87827e-14 2.63123e-14 1.78479e-14 1.21038e-14 8.20675e-15 5.5633e-15 3.77058e-15 2.55506e-15 1.73106e-15 1.17258e-15 7.94133e-16 5.37735e-16 3.64055e-16 2.4643e-16 1.66781e-16 1.12857e-16 7.63552e-17 5.16513e-17 3.49347e-17 2.36247e-17 1.59739e-17 1.07992e-17 7.29977e-18 4.93362e-18 3.33397e-18 2.25267e-18 1.52186e-18 1.02801e-18
0.0179343 0.00758465 0.00588976 0.00451284 0.00342024 0.00256864 0.00191422 0.00141706 0.00104296 0.000763712 0.000556702 0.000404161 0.000292347 0.000210767 0.000151493 0.000108588 7.76358e-05 5.53759e-05 3.94122e-05 2.79936e-05 1.98456e-05 1.40443e-05 9.92228e-06 6.99912e-06 4.92987e-06 3.46754e-06 2.43577e-06 1.70886e-06 1.19746e-06 8.38163e-07 5.86039e-07 4.09336e-07 2.85632e-07 1.99126e-07 1.38695e-07 9.65201e-08 6.71147e-08 4.66309e-08 3.23742e-08 2.24598e-08 1.55706e-08 1.07873e-08 7.46846e-09 5.16745e-09 3.57318e-09 2.46932e-09 1.7055e-09 1.17729e-09 8.12239e-10 5.6009e-10 3.86023e-10 2.65922e-10 1.83101e-10 1.26016e-10 8.66897e-11 5.961e-11 4.0972e-11 2.81498e-11 1.93325e-11 1.32719e-11 9.10775e-12 6.24781e-12 4.28438e-12 2.93693e-12 2.01257e-12 1.37867e-12 9.44123e-13 6.46334e-13 4.42333e-13 3.02627e-13 2.06984e-13 1.41527e-13 9.67422e-14 6.61107e-14 4.51656e-14 3.0848e-14 2.10636e-14 1.43789e-14 9.81319e-15 6.69555e-15 4.56728e-15 3.11477e-15 2.12369e-15 1.44764e-15 9.86573e-16 6.72207e-16 4.57914e-16 3.11869e-16 2.12359e-16 1.4457e-16 9.84014e-17 6.69634e-17 4.55606e-17 3.09927e-17 2.10789e-17 1.43336e-17 9.74509e-18 6.62427e-18 4.5021e-18 3.05926e-18 2.07848e-18
0.0119222 0.00544173 0.00435005 0.00342024 0.0026536 0.00203634 0.00154832 0.00116803 0.000875149 0.000651804 0.000482899 0.00035608 0.000261455 0.00019124 0.000139394 0.000101279 7.33701e-05 5.30078e-05 3.82005e-05 2.74652e-05 1.97037e-05 1.41068e-05 1.00803e-05 7.19019e-06 5.11999e-06 3.63999e-06 2.58389e-06 1.83156e-06 1.29651e-06 9.1657e-07 6.47169e-07 4.56411e-07 3.21517e-07 2.26247e-07 1.59043e-07 1.1169e-07 7.83607e-08 5.49271e-08 3.84674e-08 2.69173e-08 1.88199e-08 1.3148e-08 9.1785e-09 6.40275e-09 4.46327e-09 3.10915e-09 2.16443e-09 1.50579e-09 1.04693e-09 7.27456e-10 5.05175e-10 3.50615e-10 2.43209e-10 1.68615e-10 1.16838e-10 8.09197e-11 5.60157e-11 3.87575e-11 2.6804e-11 1.85287e-11 1.28026e-11 8.84222e-12 6.10439e-12 4.21254e-12 2.90583e-12 2.00367e-12 1.38107e-12 9.51575e-13 6.55406e-13 4.51255e-13 3.10586e-13 2.13694e-13 1.46979e-13 1.0106e-13 6.94642e-14 4.77317e-14 3.27882e-14 2.25164e-14 1.54579e-14 1.0609e-14 7.27909e-15 4.99295e-15 3.42388e-15 2.34727e-15 1.60877e-15 1.10233e-15 7.55122e-16 5.17149e-16 3.54085e-16 2.42379e-16 1.65874e-16 1.13491e-16 7.76331e-17 5.30925e-17 3.63015e-17 2.48153e-17 1.69599e-17 1.15887e-17 7.91695e-18 5.40744e-18 3.69266e-18
0.00792561 0.0038832 0.00318968 0.00256864 0.00203634 0.00159385 0.0012343 0.000947268 0.000721345 0.000545585 0.000410186 0.00030675 0.000228302 0.000169184 0.000124882 9.18508e-05 6.73338e-05 4.92109e-05 3.58646e-05 2.60695e-05 1.89033e-05 1.36758e-05 9.87268e-06 7.11284e-06 5.11477e-06 3.67138e-06 2.63085e-06 1.88219e-06 1.34452e-06 9.59048e-07 6.83141e-07 4.85966e-07 3.45266e-07 2.45005e-07 1.73658e-07 1.22951e-07 8.69573e-08 6.14378e-08 4.33647e-08 3.05792e-08 2.15436e-08 1.51645e-08 1.06652e-08 7.49464e-09 5.26245e-09 3.69226e-09 2.58865e-09 1.8136e-09 1.26971e-09 8.88331e-10 6.21097e-10 4.33977e-10 3.03043e-10 2.11486e-10 1.47504e-10 1.0282e-10 7.16326e-11 4.98781e-11 3.4712e-11 2.4145e-11 1.67864e-11 1.16648e-11 8.10192e-12 5.62468e-12 3.90312e-12 2.70728e-12 1.87701e-12 1.30081e-12 9.01125e-13 6.23992e-13 4.31918e-13 2.98852e-13 2.06703e-13 1.42914e-13 9.87747e-14 6.82437e-14 4.71333e-14 3.2542e-14 2.24603e-14 1.54969e-14 1.06889e-14 7.37029e-15 5.08044e-15 3.50095e-15 2.4118e-15 1.661e-15 1.14359e-15 7.87138e-16 5.41639e-16 3.72606e-16 2.56256e-16 1.76191e-16 1.2111e-16 8.32274e-17 5.718e-17 3.92748e-17 2.69699e-17 1.85157e-17 1.27086e-17 8.72083e-18 5.98298e-18
0.00526874 0.00275806 0.00232436 0.00191422 0.00154832 0.0012343 0.000972223 0.000758063 0.00058596 0.000449516 0.000342558 0.000259512 0.000195562 0.000146668 0.000109523 8.14627e-05 6.03717e-05 4.45917e-05 3.28344e-05 2.41075e-05 1.76527e-05 1.28937e-05 9.39561e-06 6.83141e-06 4.95667e-06 3.58935e-06 2.59437e-06 1.87189e-06 1.34834e-06 9.69676e-07 6.96294e-07 4.99263e-07 3.57489e-07 2.55635e-07 1.82569e-07 1.30228e-07 9.27838e-08 6.60317e-08 4.69421e-08 3.33366e-08 2.36506e-08 1.67627e-08 1.18697e-08 8.39738e-09 5.93565e-09 4.19205e-09 2.95821e-09 2.08587e-09 1.46965e-09 1.0347e-09 7.27951e-10 5.11782e-10 3.5956e-10 2.52447e-10 1.77129e-10 1.24204e-10 8.704e-11 6.09596e-11 4.26692e-11 2.98498e-11 2.08703e-11 1.45842e-11 1.01861e-11 7.11073e-12 4.96138e-12 3.46002e-12 2.41183e-12 1.6804e-12 1.17026e-12 8.14623e-13 5.66816e-13 3.94223e-13 2.7407e-13 1.90459e-13 1.32303e-13 9.18682e-14 6.37667e-14 4.42445e-14 3.06877e-14 2.12771e-14 1.4747e-14 1.02175e-14 7.07682e-15 4.89987e-15 3.39147e-15 2.34666e-15 1.62321e-15 1.12244e-15 7.7592e-16 5.36217e-16 3.70455e-16 2.55861e-16 1.76664e-16 1.21946e-16 8.41528e-17 5.80565e-17 4.0042e-17 2.761e-17 1.90329e-17 1.31169e-17 9.03748e-18
0.00350253 0.0019509 0.00168468 0.00141706 0.00116803 0.000947268 0.000758063 0.000599897 0.000470213 0.00036552 0.000282076 0.000216283 0.000164881 0.000125045 9.43867e-05 7.09397e-05 5.31073e-05 3.96134e-05 2.94489e-05 2.18243e-05 1.61268e-05 1.18843e-05 8.73559e-06 6.40576e-06 4.68671e-06 3.42169e-06 2.49308e-06 1.81302e-06 1.31607e-06 9.53685e-07 6.89948e-07 4.98363e-07 3.59438e-07 2.58868e-07 1.86181e-07 1.33727e-07 9.59295e-08 6.87317e-08 4.91874e-08 3.5161e-08 2.51071e-08 1.79092e-08 1.27619e-08 9.08514e-09 6.46155e-09 4.5914e-09 3.25963e-09 2.31216e-09 1.63873e-09 1.16051e-09 8.21195e-10 5.80651e-10 4.10264e-10 2.89667e-10 2.04377e-10 1.44102e-10 1.01536e-10 7.14973e-11 5.03138e-11 3.53849e-11 2.48708e-11 1.74707e-11 1.22654e-11 8.60624e-12 6.03545e-12 4.23034e-12 2.96358e-12 2.0751e-12 1.45227e-12 1.01588e-12 7.10287e-13 4.96391e-13 3.4675e-13 2.42112e-13 1.68977e-13 1.17883e-13 8.22048e-14 5.73011e-14 3.99259e-14 2.78083e-14 1.9361e-14 1.34746e-14 9.37435e-15 6.51941e-15 4.53231e-15 3.14977e-15 2.1882e-15 1.51966e-15 1.05502e-15 7.32207e-16 5.08003e-16 3.52339e-16 2.44298e-16 1.69334e-16 1.17338e-16 8.12838e-17 5.62914e-17 3.89722e-17 2.6974e-17 1.86644e-17 1.29111e-17
0.00232839 0.00137496 0.00121529 0.00104296 0.000875149 0.000721345 0.00058596 0.000470213 0.000373429 0.000293914 0.000229516 0.000177985 0.000137168 0.000105121 8.01537e-05 6.08345e-05 4.59764e-05 3.46118e-05 2.59625e-05 1.94095e-05 1.44652e-05 1.0749e-05 7.96574e-06 5.88799e-06 4.34167e-06 3.19414e-06 2.34484e-06 1.71784e-06 1.25605e-06 9.16697e-07 6.67851e-07 4.85739e-07 3.52718e-07 2.55731e-07 1.8514e-07 1.33846e-07 9.66314e-08 6.96732e-08 5.01728e-08 3.60867e-08 2.5925e-08 1.86039e-08 1.33358e-08 9.54942e-09 6.83118e-09 4.88191e-09 3.48555e-09 2.4863e-09 1.77193e-09 1.26173e-09 8.9768e-10 6.38149e-10 4.53293e-10 3.21737e-10 2.28191e-10 1.61726e-10 1.14539e-10 8.10633e-11 5.73329e-11 4.05227e-11 2.8623e-11 2.02051e-11 1.42541e-11 1.00499e-11 7.08161e-12 4.98717e-12 3.51023e-12 2.46934e-12 1.73619e-12 1.22008e-12 8.5695e-13 6.01601e-13 4.22133e-13 2.96063e-13 2.07546e-13 1.45428e-13 1.01856e-13 7.13067e-14 4.98987e-14 3.49031e-14 2.44039e-14 1.7056e-14 1.19157e-14 8.32133e-15 5.80896e-15 4.05359e-15 2.82761e-15 1.97169e-15 1.37437e-15 9.57669e-16 6.67077e-16 4.64503e-16 3.23337e-16 2.24998e-16 1.56516e-16 1.08844e-16 7.56675e-17 5.25874e-17 3.6536e-17 2.53765e-17 1.76203e-17
0.00154786 0.000965922 0.000873027 0.000763712 0.000651804 0.000545585 0.000449516 0.00036552 0.000293914 0.000234066 0.00018484 0.000144882 0.00011281 8.73134e-05 6.72148e-05 5.1488e-05 3.92632e-05 2.98167e-05 2.2556e-05 1.70026e-05 1.2774e-05 9.56732e-06 7.14479e-06 5.32111e-06 3.95272e-06 2.92911e-06 2.16559e-06 1.59761e-06 1.17617e-06 8.64192e-07 6.33779e-07 4.63969e-07 3.39077e-07 2.47398e-07 1.80225e-07 1.31094e-07 9.52187e-08 6.90654e-08 5.00288e-08 3.61928e-08 2.61509e-08 1.88726e-08 1.36043e-08 9.79579e-09 7.04586e-09 5.06263e-09 3.63396e-09 2.60591e-09 1.86693e-09 1.33627e-09 9.55602e-10 6.82782e-10 4.8744e-10 3.477e-10 2.47823e-10 1.76499e-10 1.25608e-10 8.93245e-11 6.34766e-11 4.50768e-11 3.19888e-11 2.26857e-11 1.60778e-11 1.13874e-11 8.06038e-12 5.70194e-12 4.0312e-12 2.84836e-12 2.01145e-12 1.41966e-12 1.00144e-12 7.06047e-13 4.97529e-13 3.50415e-13 2.46678e-13 1.73567e-13 1.22066e-13 8.58068e-14 6.02903e-14 4.23426e-14 2.97246e-14 2.08576e-14 1.46295e-14 1.02568e-14 7.18813e-15 5.03553e-15 3.52616e-15 2.46825e-15 1.72707e-15 1.20801e-15 8.4463e-16 5.90345e-16 4.12468e-16 2.88085e-16 2.01142e-16 1.4039e-16 9.7954e-17 6.83228e-17 4.76397e-17 3.32072e-17 2.31398e-17
0.00102898 0.000676612 0.00062482 0.000556702 0.000482899 0.000410186 0.000342558 0.000282076 0.000229516 0.00018484 0.000147529 0.000116821 9.18542e-05 7.17665e-05 5.57509e-05 4.30836e-05 3.31356e-05 2.53726e-05 1.93494e-05 1.47005e-05 1.11293e-05 8.39809e-06 6.31767e-06 4.73891e-06 3.54502e-06 2.64511e-06 1.96886e-06 1.46213e-06 1.08344e-06 8.01172e-07 5.91268e-07 4.35535e-07 3.20241e-07 2.35062e-07 1.72254e-07 1.26028e-07 9.20666e-08 6.71587e-08 4.89206e-08 3.5587e-08 2.58538e-08 1.8759e-08 1.35946e-08 9.84039e-09 7.11483e-09 5.13853e-09 3.70724e-09 2.67186e-09 1.92372e-09 1.38372e-09 9.94368e-10 7.13916e-10 5.12107e-10 3.67028e-10 2.62828e-10 1.88057e-10 1.3445e-10 9.60493e-11 6.85645e-11 4.89084e-11 3.48623e-11 2.48327e-11 1.76764e-11 1.25739e-11 8.93854e-12 6.35016e-12 4.50849e-12 3.19898e-12 2.26848e-12 1.60769e-12 1.13873e-12 8.06119e-13 5.70346e-13 4.03315e-13 2.8505e-13 2.01361e-13 1.4217e-13 1.00329e-13 7.07676e-14 4.98925e-14 3.51587e-14 2.47646e-14 1.74354e-14 1.227e-14 8.63107e-15 6.06877e-15 4.26535e-15 2.9966e-15 2.1044e-15 1.47725e-15 1.0366e-15 7.27109e-16 5.09828e-16 3.57344e-16 2.50375e-16 1.75363e-16 1.22781e-16 8.59352e-17 6.01261e-17 4.2054e-17 2.94041e-17
0.000684037 0.000472724 0.000445685 0.000404161 0.00035608 0.00030675 0.000259512 0.000216283 0.000177985 0.000144882 0.000116821 9.34101e-05 7.4136e-05 5.84464e-05 4.57993e-05 3.56917e-05 2.76749e-05 2.13596e-05 1.64149e-05 1.25649e-05 9.58239e-06 7.28265e-06 5.51696e-06 4.16668e-06 3.1379e-06 2.35676e-06 1.76556e-06 1.31947e-06 9.83829e-07 7.31965e-07 5.43447e-07 4.02681e-07 2.97812e-07 2.19855e-07 1.62022e-07 1.19203e-07 8.75603e-08 6.42184e-08 4.70293e-08 3.43921e-08 2.51162e-08 1.83178e-08 1.33425e-08 9.70652e-09 7.05297e-09 5.11892e-09 3.71107e-09 2.6875e-09 1.9442e-09 1.40504e-09 1.0144e-09 7.31663e-10 5.27238e-10 3.79584e-10 2.73039e-10 1.96231e-10 1.40912e-10 1.01105e-10 7.24857e-11 5.19273e-11 3.71715e-11 2.65891e-11 1.90057e-11 1.35756e-11 9.69031e-12 6.91231e-12 4.92747e-12 3.51031e-12 2.49916e-12 1.77819e-12 1.26444e-12 8.98596e-13 6.38234e-13 4.53054e-13 3.21425e-13 2.27916e-13 1.61525e-13 1.14413e-13 8.10013e-14 5.73178e-14 4.05391e-14 2.86582e-14 2.02496e-14 1.43015e-14 1.0096e-14 7.124e-15 5.02464e-15 3.5424e-15 2.49635e-15 1.75846e-15 1.23817e-15 8.71465e-16 6.13124e-16 4.31197e-16 3.03135e-16 2.13026e-16 1.49646e-16 1.05085e-16 7.37659e-17 5.17628e-17 3.631e-17
0.000454731 0.000329498 0.000316947 0.000292347 0.000261455 0.000228302 0.000195562 0.000164881 0.000137168 0.00011281 9.18542e-05 7.4136e-05 5.93687e-05 4.721e-05 3.73036e-05 2.93062e-05 2.29019e-05 1.78103e-05 1.37887e-05 1.06308e-05 8.16448e-06 6.24769e-06 4.76474e-06 3.62224e-06 2.74546e-06 2.07503e-06 1.56413e-06 1.17604e-06 8.82124e-07 6.6015e-07 4.92957e-07 3.67345e-07 2.73198e-07 2.02794e-07 1.5026e-07 1.11142e-07 8.20693e-08 6.05044e-08 4.4537e-08 3.27346e-08 2.40254e-08 1.76089e-08 1.28888e-08 9.42171e-09 6.87869e-09 5.01599e-09 3.65341e-09 2.65796e-09 1.93161e-09 1.40226e-09 1.01692e-09 7.36728e-10 5.33216e-10 3.85555e-10 2.78528e-10 2.01029e-10 1.44967e-10 1.0445e-10 7.51945e-11 5.40893e-11 3.8877e-11 2.79215e-11 2.00382e-11 1.437e-11 1.02978e-11 7.37437e-12 5.27726e-12 3.77398e-12 2.69716e-12 1.92634e-12 1.37495e-12 9.80784e-13 6.99194e-13 4.98156e-13 3.54716e-13 2.52436e-13 1.79547e-13 1.27635e-13 9.06836e-14 6.43961e-14 4.57053e-14 3.24231e-14 2.29893e-14 1.62924e-14 1.15409e-14 8.17121e-15 5.78274e-15 4.09057e-15 2.89228e-15 2.04412e-15 1.44406e-15 1.01972e-15 7.19767e-16 5.0784e-16 3.58167e-16 2.52506e-16 1.77946e-16 1.25354e-16 8.82721e-17 6.21364e-17 4.37229e-17
0.000302294 0.000229175 0.000224777 0.000210767 0.00019124 0.000169184 0.000146668 0.000125045 0.000105121 8.73134e-05 7.17665e-05 5.84464e-05 4.721e-05 3.78544e-05 3.01519e-05 2.38721e-05 1.8796e-05 1.47244e-05 1.14808e-05 8.91296e-06 6.89151e-06 5.30845e-06 4.07461e-06 3.11719e-06 2.3773e-06 1.80769e-06 1.37073e-06 1.03666e-06 7.82039e-07 5.88555e-07 4.41936e-07 3.31124e-07 2.47584e-07 1.84755e-07 1.37609e-07 1.02307e-07 7.59294e-08 5.6258e-08 4.16158e-08 3.07367e-08 2.26676e-08 1.66927e-08 1.22756e-08 9.01518e-09 6.6121e-09 4.84348e-09 3.5436e-09 2.58951e-09 1.89014e-09 1.37812e-09 1.00371e-09 7.3026e-10 5.30765e-10 3.85387e-10 2.79559e-10 2.02601e-10 1.46694e-10 1.0612e-10 7.67017e-11 5.53918e-11 3.99694e-11 2.88178e-11 2.07611e-11 1.49455e-11 1.07508e-11 7.72779e-12 5.55083e-12 3.98434e-12 2.85797e-12 2.04865e-12 1.46755e-12 1.0506e-12 7.51644e-13 5.37424e-13 3.84026e-13 2.7425e-13 1.9574e-13 1.39626e-13 9.95431e-14 7.0928e-14 5.05116e-14 3.5953e-14 2.55773e-14 1.81867e-14 1.29251e-14 9.18128e-15 6.51872e-15 4.62611e-15 3.28146e-15 2.32659e-15 1.64883e-15 1.168e-15 8.27023e-16 5.85339e-16 4.14108e-16 2.92847e-16 2.07009e-16 1.46273e-16 1.03316e-16 7.29458e-17 5.14833e-17
0.000200957 0.000159086 0.000159011 0.000151493 0.000139394 0.000124882 0.000109523 9.43867e-05 8.01537e-05 6.72148e-05 5.57509e-05 4.57993e-05 3.73036e-05 3.01519e-05 2.42031e-05 1.93062e-05 1.53117e-05 1.20796e-05 9.48343e-06 7.41162e-06 5.76811e-06 4.47145e-06 3.45356e-06 2.65819e-06 2.03936e-06 1.55981e-06 1.18957e-06 9.04721e-07 6.86292e-07 5.19309e-07 3.92029e-07 2.95279e-07 2.21929e-07 1.66456e-07 1.24604e-07 9.30986e-08 6.9433e-08 5.16931e-08 3.84212e-08 2.85107e-08 2.11237e-08 1.56271e-08 1.15441e-08 8.5159e-09 6.27356e-09 4.61561e-09 3.39151e-09 2.48899e-09 1.82447e-09 1.33582e-09 9.76945e-10 7.13707e-10 5.20846e-10 3.7971e-10 2.7654e-10 2.01206e-10 1.46256e-10 1.06214e-10 7.70654e-11 5.5867e-11 4.04649e-11 2.92845e-11 2.1176e-11 1.53004e-11 1.10464e-11 7.96913e-12 5.74483e-12 4.13835e-12 2.97898e-12 2.14292e-12 1.54045e-12 1.10662e-12 7.9445e-13 5.69975e-13 4.0867e-13 2.92835e-13 2.09706e-13 1.50086e-13 1.07354e-13 7.67451e-14 5.48327e-14 3.91553e-14 2.79452e-14 1.9934e-14 1.4212e-14 1.01274e-14 7.21305e-15 5.13484e-15 3.65364e-15 2.59847e-15 1.84716e-15 1.31248e-15 9.32149e-16 6.61734e-16 4.6956e-16 3.33052e-16 2.36128e-16 1.67341e-16 1.18544e-16 8.39416e-17 5.9416e-17
0.000133591 0.000110234 0.000112229 0.000108588 0.000101279 9.18508e-05 8.14627e-05 7.09397e-05 6.08345e-05 5.1488e-05 4.30836e-05 3.56917e-05 2.93062e-05 2.38721e-05 1.93062e-05 1.55119e-05 1.2389e-05 9.84074e-06 7.7771e-06 6.11743e-06 4.79098e-06 3.73689e-06 2.90362e-06 2.2481e-06 1.73471e-06 1.33431e-06 1.02325e-06 7.82473e-07 5.96739e-07 4.53924e-07 3.44445e-07 2.6076e-07 1.96968e-07 1.48465e-07 1.11677e-07 8.38407e-08 6.28245e-08 4.69914e-08 3.50875e-08 2.61554e-08 1.94656e-08 1.44644e-08 1.0732e-08 7.95113e-09 5.88259e-09 4.34629e-09 3.20699e-09 2.36333e-09 1.73946e-09 1.27874e-09 9.38958e-10 6.88683e-10 5.04563e-10 3.69274e-10 2.69979e-10 1.97184e-10 1.43876e-10 1.04878e-10 7.63797e-11 5.55744e-11 4.04004e-11 2.9344e-11 2.12954e-11 1.54416e-11 1.11879e-11 8.09957e-12 5.85923e-12 4.23537e-12 3.05929e-12 2.20819e-12 1.59274e-12 1.14803e-12 8.26929e-13 5.95243e-13 4.2819e-13 3.07824e-13 2.21155e-13 1.58791e-13 1.13944e-13 8.17149e-14 5.8568e-14 4.19539e-14 3.00359e-14 2.14918e-14 1.53698e-14 1.09859e-14 7.84836e-15 5.60401e-15 3.99946e-15 2.85291e-15 2.03407e-15 1.44956e-15 1.03252e-15 7.35132e-16 5.23158e-16 3.72139e-16 2.64598e-16 1.88053e-16 1.33594e-16 9.48667e-17 6.73378e-17
8.88081e-05 7.6258e-05 7.90421e-05 7.76358e-05 7.33701e-05 6.73338e-05 6.03717e-05 5.31073e-05 4.59764e-05 3.92632e-05 3.31356e-05 2.76749e-05 2.29019e-05 1.8796e-05 1.53117e-05 1.2389e-05 9.96241e-06 7.96567e-06 6.33581e-06 5.01501e-06 3.95165e-06 3.10065e-06 2.42333e-06 1.88697e-06 1.4642e-06 1.13242e-06 8.73105e-07 6.71189e-07 5.14528e-07 3.93386e-07 3.00005e-07 2.2824e-07 1.73241e-07 1.31206e-07 9.91607e-08 7.47903e-08 5.62998e-08 4.23016e-08 3.17268e-08 2.37544e-08 1.77557e-08 1.32505e-08 9.87309e-09 7.3455e-09 5.45708e-09 4.04845e-09 2.99935e-09 2.21919e-09 1.63985e-09 1.21026e-09 8.92133e-10 6.5686e-10 4.83085e-10 3.54891e-10 2.60435e-10 1.90919e-10 1.39816e-10 1.02291e-10 7.47642e-11 5.45937e-11 3.98283e-11 2.90303e-11 2.11413e-11 1.5383e-11 1.11837e-11 8.12412e-12 5.89686e-12 4.27687e-12 3.09956e-12 2.24465e-12 1.62435e-12 1.17463e-12 8.48824e-13 6.12965e-13 4.42345e-13 3.19007e-13 2.2991e-13 1.65593e-13 1.19194e-13 8.57434e-14 6.16435e-14 4.42914e-14 3.18053e-14 2.28262e-14 1.63729e-14 1.17377e-14 8.41014e-15 6.02275e-15 4.31083e-15 3.08394e-15 2.20512e-15 1.57596e-15 1.12576e-15 8.03782e-16 5.73624e-16 4.09181e-16 2.91746e-16 2.07922e-16 1.48117e-16 1.05467e-16 7.50665e-17
5.90374e-05 5.26734e-05 5.55601e-05 5.53759e-05 5.30078e-05 4.92109e-05 4.45917e-05 3.96134e-05 3.46118e-05 2.98167e-05 2.53726e-05 2.13596e-05 1.78103e-05 1.47244e-05 1.20796e-05 9.84074e-06 7.96567e-06 6.41011e-06 5.13044e-06 4.08567e-06 3.2385e-06 2.55583e-06 2.00886e-06 1.57291e-06 1.22715e-06 9.54143e-07 7.39496e-07 5.71397e-07 4.40236e-07 3.38254e-07 2.59217e-07 1.98154e-07 1.51116e-07 1.14981e-07 8.72964e-08 6.61392e-08 5.00092e-08 3.77401e-08 2.84283e-08 2.13759e-08 1.60453e-08 1.20241e-08 8.99624e-09 6.72042e-09 5.01281e-09 3.73368e-09 2.77705e-09 2.06272e-09 1.53011e-09 1.13358e-09 8.38767e-10 6.19879e-10 4.57577e-10 3.37385e-10 2.48489e-10 1.82818e-10 1.34361e-10 9.86475e-11 7.23543e-11 5.30177e-11 3.88119e-11 2.83862e-11 2.07423e-11 1.51434e-11 1.10462e-11 8.05082e-12 5.86284e-12 4.26606e-12 3.10172e-12 2.25343e-12 1.6359e-12 1.18673e-12 8.60258e-13 6.23159e-13 4.51095e-13 3.26318e-13 2.35898e-13 1.70421e-13 1.23039e-13 8.87744e-14 6.40125e-14 4.61295e-14 3.32226e-14 2.3913e-14 1.72022e-14 1.23677e-14 8.887e-15 6.38238e-15 4.58118e-15 3.28657e-15 2.35659e-15 1.6889e-15 1.20977e-15 8.66146e-16 6.19823e-16 4.43339e-16 3.16957e-16 2.26497e-16 1.61781e-16 1.15504e-16 8.2428e-17
3.92466e-05 3.63315e-05 3.89832e-05 3.94122e-05 3.82005e-05 3.58646e-05 3.28344e-05 2.94489e-05 2.59625e-05 2.2556e-05 1.93494e-05 1.64149e-05 1.37887e-05 1.14808e-05 9.48343e-06 7.7771e-06 6.33581e-06 5.13044e-06 4.13122e-06 3.30943e-06 2.63838e-06 2.09397e-06 1.65493e-06 1.30279e-06 1.02178e-06 7.98578e-07 6.22075e-07 4.83066e-07 3.74006e-07 2.88751e-07 2.2233e-07 1.70749e-07 1.30814e-07 9.99837e-08 7.62482e-08 5.80223e-08 4.40619e-08 3.3394e-08 2.52606e-08 1.9073e-08 1.43756e-08 1.08166e-08 8.12523e-09 6.09381e-09 4.56324e-09 3.412e-09 2.54751e-09 1.8994e-09 1.41425e-09 1.05163e-09 7.80993e-10 5.79283e-10 4.29151e-10 3.17556e-10 2.34711e-10 1.73286e-10 1.27799e-10 9.41519e-11 6.92925e-11 5.09458e-11 3.74202e-11 2.74593e-11 2.01312e-11 1.47453e-11 1.07908e-11 7.88996e-12 5.76406e-12 4.20747e-12 3.06875e-12 2.23644e-12 1.6286e-12 1.18507e-12 8.6168e-13 6.26084e-13 4.54577e-13 3.29821e-13 2.39139e-13 1.73272e-13 1.25465e-13 9.07885e-14 6.56543e-14 4.74487e-14 3.42704e-14 2.47373e-14 1.78454e-14 1.28662e-14 9.27094e-15 6.67658e-15 4.80556e-15 3.45699e-15 2.48554e-15 1.78614e-15 1.28287e-15 9.20943e-16 6.6079e-16 4.73894e-16 3.39694e-16 2.43381e-16 1.74294e-16 1.2476e-16 8.92633e-17
2.60901e-05 2.50268e-05 2.73061e-05 2.79936e-05 2.74652e-05 2.60695e-05 2.41075e-05 2.18243e-05 1.94095e-05 1.70026e-05 1.47005e-05 1.25649e-05 1.06308e-05 8.91296e-06 7.41162e-06 6.11743e-06 5.01501e-06 4.08567e-06 3.30943e-06 2.66642e-06 2.13772e-06 1.70595e-06 1.35551e-06 1.07269e-06 8.45644e-07 6.64258e-07 5.20005e-07 4.05768e-07 3.15659e-07 2.44848e-07 1.89396e-07 1.46116e-07 1.12443e-07 8.63208e-08 6.61145e-08 5.05261e-08 3.85311e-08 2.93238e-08 2.22728e-08 1.68853e-08 1.27776e-08 9.65219e-09 7.2789e-09 5.48016e-09 4.11938e-09 3.09174e-09 2.31702e-09 1.73392e-09 1.29576e-09 9.6701e-10 7.20719e-10 5.36471e-10 3.9883e-10 2.96145e-10 2.1964e-10 1.62713e-10 1.20407e-10 8.90035e-11 6.57211e-11 4.84792e-11 3.57248e-11 2.63001e-11 1.93433e-11 1.42133e-11 1.04344e-11 7.65328e-12 5.60855e-12 4.10661e-12 3.00437e-12 2.19618e-12 1.60412e-12 1.17075e-12 8.53803e-13 6.22194e-13 4.5308e-13 3.29693e-13 2.39739e-13 1.74207e-13 1.26501e-13 9.17987e-14 6.65722e-14 4.82469e-14 3.4944e-14 2.52933e-14 1.82967e-14 1.32276e-14 9.5573e-15 6.9014e-15 4.98072e-15 3.59256e-15 2.58987e-15 1.86602e-15 1.34377e-15 9.67176e-16 6.95765e-16 5.00264e-16 3.59517e-16 2.58242e-16 1.85406e-16 1.3305e-16 9.54335e-17
1.73441e-05 1.72186e-05 1.90966e-05 1.98456e-05 1.97037e-05 1.89033e-05 1.76527e-05 1.61268e-05 1.44652e-05 1.2774e-05 1.11293e-05 9.58239e-06 8.16448e-06 6.89151e-06 5.76811e-06 4.79098e-06 3.95165e-06 3.2385e-06 2.63838e-06 2.13772e-06 1.72327e-06 1.38258e-06 1.10432e-06 8.78395e-07 6.95952e-07 5.49366e-07 4.3214e-07 3.38804e-07 2.64794e-07 2.06333e-07 1.60322e-07 1.24234e-07 9.60203e-08 7.40302e-08 5.69408e-08 4.36969e-08 3.34602e-08 2.55679e-08 1.94978e-08 1.484e-08 1.12737e-08 8.54899e-09 6.47152e-09 4.89064e-09 3.68993e-09 2.77962e-09 2.09069e-09 1.57019e-09 1.17759e-09 8.81918e-10 6.59595e-10 4.92671e-10 3.67521e-10 2.73823e-10 2.03767e-10 1.51457e-10 1.12447e-10 8.33913e-11 6.17766e-11 4.57159e-11 3.37958e-11 2.49587e-11 1.84142e-11 1.35727e-11 9.99478e-12 7.35329e-12 5.40507e-12 3.96954e-12 2.91277e-12 2.13555e-12 1.56442e-12 1.14512e-12 8.37538e-13 6.12102e-13 4.47007e-13 3.262e-13 2.37868e-13 1.73333e-13 1.26218e-13 9.18466e-14 6.67902e-14 4.85373e-14 3.52498e-14 2.55836e-14 1.85564e-14 1.34512e-14 9.74457e-15 7.05518e-15 5.10505e-15 3.69183e-15 2.66833e-15 1.9275e-15 1.3916e-15 1.00415e-15 7.24195e-16 5.22018e-16 3.7609e-16 2.7082e-16 1.94918e-16 1.40221e-16 1.00824e-16
1.15299e-05 1.1833e-05 1.33355e-05 1.40443e-05 1.41068e-05 1.36758e-05 1.28937e-05 1.18843e-05 1.0749e-05 9.56732e-06 8.39809e-06 7.28265e-06 6.24769e-06 5.30845e-06 4.47145e-06 3.73689e-06 3.10065e-06 2.55583e-06 2.09397e-06 1.70595e-06 1.38258e-06 1.11505e-06 8.95196e-07 7.15619e-07 5.69766e-07 4.5192e-07 3.57164e-07 2.81318e-07 2.20865e-07 1.72872e-07 1.34913e-07 1.04997e-07 8.14972e-08 6.30965e-08 4.87316e-08 3.75494e-08 2.88684e-08 2.21466e-08 1.69548e-08 1.29542e-08 9.87865e-09 7.51932e-09 5.71324e-09 4.33347e-09 3.28144e-09 2.48079e-09 1.87256e-09 1.41131e-09 1.06212e-09 7.98181e-10 5.99003e-10 4.48923e-10 3.36007e-10 2.51172e-10 1.87525e-10 1.39837e-10 1.04154e-10 7.74882e-11 5.75852e-11 4.2748e-11 3.17001e-11 2.34832e-11 1.73786e-11 1.28483e-11 9.48982e-12 7.00265e-12 5.16259e-12 3.80262e-12 2.79844e-12 2.05767e-12 1.51171e-12 1.10969e-12 8.13932e-13 5.96525e-13 4.3685e-13 3.19673e-13 2.33753e-13 1.70801e-13 1.24713e-13 9.09969e-14 6.63502e-14 4.83464e-14 3.52044e-14 2.5618e-14 1.86301e-14 1.35398e-14 9.83417e-15 7.13838e-15 5.17847e-15 3.75446e-15 2.72046e-15 1.97011e-15 1.42592e-15 1.03148e-15 7.45741e-16 5.38872e-16 3.89183e-16 2.8093e-16 2.02685e-16 1.46159e-16 1.05345e-16
7.66478e-06 8.12319e-06 9.29961e-06 9.92228e-06 1.00803e-05 9.87268e-06 9.39561e-06 8.73559e-06 7.96574e-06 7.14479e-06 6.31767e-06 5.51696e-06 4.76474e-06 4.07461e-06 3.45356e-06 2.90362e-06 2.42333e-06 2.00886e-06 1.65493e-06 1.35551e-06 1.10432e-06 8.95196e-07 7.22285e-07 5.80221e-07 4.64178e-07 3.69901e-07 2.9369e-07 2.3237e-07 1.83246e-07 1.44054e-07 1.12906e-07 8.82412e-08 6.87768e-08 5.34664e-08 4.14607e-08 3.20741e-08 2.47557e-08 1.90651e-08 1.46515e-08 1.12366e-08 8.60077e-09 6.57074e-09 5.01066e-09 3.81423e-09 2.89851e-09 2.199e-09 1.66563e-09 1.25967e-09 9.51217e-10 7.17247e-10 5.4006e-10 4.06084e-10 3.04936e-10 2.28684e-10 1.71283e-10 1.28131e-10 9.57362e-11 7.14478e-11 5.32606e-11 3.96589e-11 2.94988e-11 2.19184e-11 1.62691e-11 1.20637e-11 8.93659e-12 6.61368e-12 4.88996e-12 3.61217e-12 2.66587e-12 1.96575e-12 1.44824e-12 1.06608e-12 7.84107e-13 5.7625e-13 4.23157e-13 3.10494e-13 2.27653e-13 1.6679e-13 1.22108e-13 8.93323e-14 6.53077e-14 4.7711e-14 3.48319e-14 2.54123e-14 1.85279e-14 1.34998e-14 9.83e-15 7.15332e-15 5.2023e-15 3.78113e-15 2.74656e-15 1.99391e-15 1.44667e-15 1.04904e-15 7.60272e-16 5.50694e-16 3.98674e-16 2.88466e-16 2.08614e-16 1.50789e-16 1.08938e-16
5.09535e-06 5.57089e-06 6.4767e-06 6.99912e-06 7.19019e-06 7.11284e-06 6.83141e-06 6.40576e-06 5.88799e-06 5.32111e-06 4.73891e-06 4.16668e-06 3.62224e-06 3.11719e-06 2.65819e-06 2.2481e-06 1.88697e-06 1.57291e-06 1.30279e-06 1.07269e-06 8.78395e-07 7.15619e-07 5.80221e-07 4.68331e-07 3.76424e-07 3.0135e-07 2.40341e-07 1.91002e-07 1.51279e-07 1.19432e-07 9.40015e-08 7.37701e-08 5.77319e-08 4.50602e-08 3.50802e-08 2.72438e-08 2.11084e-08 1.63178e-08 1.25871e-08 9.68903e-09 7.44323e-09 5.70689e-09 4.3674e-09 3.33626e-09 2.54411e-09 1.93676e-09 1.47198e-09 1.11697e-09 8.46267e-10 6.40214e-10 4.8363e-10 3.64828e-10 2.74832e-10 2.06761e-10 1.55349e-10 1.16573e-10 8.73685e-11 6.54021e-11 4.89015e-11 3.65224e-11 2.72467e-11 2.03048e-11 1.51155e-11 1.12409e-11 8.35103e-12 6.19799e-12 4.59562e-12 3.40429e-12 2.51948e-12 1.86295e-12 1.37629e-12 1.01588e-12 7.49216e-13 5.52092e-13 4.06502e-13 2.99067e-13 2.19854e-13 1.61498e-13 1.18542e-13 8.69481e-14 6.37283e-14 4.66762e-14 3.4163e-14 2.49873e-14 1.82637e-14 1.33405e-14 9.73807e-15 7.1039e-15 5.17902e-15 3.77338e-15 2.74757e-15 1.99944e-15 1.45416e-15 1.05698e-15 7.67844e-16 5.57489e-16 4.04538e-16 2.93392e-16 2.12669e-16 1.54074e-16 1.11566e-16
3.38726e-06 3.81693e-06 4.50517e-06 4.92987e-06 5.11999e-06 5.11477e-06 4.95667e-06 4.68671e-06 4.34167e-06 3.95272e-06 3.54502e-06 3.1379e-06 2.74546e-06 2.3773e-06 2.03936e-06 1.73471e-06 1.4642e-06 1.22715e-06 1.02178e-06 8.45644e-07 6.95952e-07 5.69766e-07 4.64178e-07 3.76424e-07 3.03943e-07 2.4442e-07 1.95798e-07 1.56278e-07 1.24303e-07 9.85463e-08 7.78822e-08 6.13677e-08 4.82174e-08 3.77819e-08 2.95277e-08 2.30192e-08 1.79022e-08 1.38906e-08 1.07541e-08 8.30801e-09 6.40511e-09 4.92826e-09 3.78467e-09 2.90107e-09 2.21978e-09 1.69555e-09 1.29295e-09 9.84347e-10 7.4822e-10 5.67867e-10 4.30348e-10 3.25662e-10 2.46096e-10 1.85717e-10 1.39966e-10 1.0535e-10 7.91955e-11 5.94614e-11 4.45915e-11 3.34013e-11 2.49909e-11 1.86776e-11 1.39441e-11 1.03992e-11 7.74755e-12 5.7662e-12 4.28734e-12 3.18469e-12 2.3634e-12 1.7523e-12 1.29803e-12 9.60682e-13 7.10391e-13 5.24865e-13 3.87468e-13 2.85806e-13 2.10649e-13 1.55134e-13 1.14162e-13 8.39475e-14 6.16841e-14 4.52921e-14 3.32325e-14 2.43668e-14 1.7854e-14 1.30731e-14 9.56606e-15 6.99526e-15 5.11206e-15 3.73348e-15 2.72498e-15 1.98768e-15 1.449e-15 1.05568e-15 7.68682e-16 5.59386e-16 4.06847e-16 2.9574e-16 2.14858e-16 1.56012e-16 1.13223e-16
2.25177e-06 2.61288e-06 3.13016e-06 3.46754e-06 3.63999e-06 3.67138e-06 3.58935e-06 3.42169e-06 3.19414e-06 2.92911e-06 2.64511e-06 2.35676e-06 2.07503e-06 1.80769e-06 1.55981e-06 1.33431e-06 1.13242e-06 9.54143e-07 7.98578e-07 6.64258e-07 5.49366e-07 4.5192e-07 3.69901e-07 3.0135e-07 2.4442e-07 1.97421e-07 1.58834e-07 1.27313e-07 1.01687e-07 8.09475e-08 6.42318e-08 5.08128e-08 4.00803e-08 3.15268e-08 2.47326e-08 1.93531e-08 1.51066e-08 1.17641e-08 9.14044e-09 7.08643e-09 5.48244e-09 4.23292e-09 3.26179e-09 2.50871e-09 1.92597e-09 1.47598e-09 1.12919e-09 8.62452e-10 6.57661e-10 5.00716e-10 3.80647e-10 2.88944e-10 2.1902e-10 1.65787e-10 1.25322e-10 9.46094e-11 7.13318e-11 5.37143e-11 4.03987e-11 3.03479e-11 2.27713e-11 1.70669e-11 1.27775e-11 9.55575e-12 7.13885e-12 5.32776e-12 3.97213e-12 2.95853e-12 2.20146e-12 1.63657e-12 1.21551e-12 9.01972e-13 6.68716e-13 4.95353e-13 3.66622e-13 2.7112e-13 2.00332e-13 1.47907e-13 1.09116e-13 8.04369e-14 5.92505e-14 4.36121e-14 3.20779e-14 2.35773e-14 1.73171e-14 1.27104e-14 9.32279e-15 6.83351e-15 5.00561e-15 3.66429e-15 2.6807e-15 1.95991e-15 1.43204e-15 1.04572e-15 7.63158e-16 5.56622e-16 4.05748e-16 2.95601e-16 2.15236e-16 1.56633e-16 1.13924e-16
1.49692e-06 1.78715e-06 2.17243e-06 2.43577e-06 2.58389e-06 2.63085e-06 2.59437e-06 2.49308e-06 2.34484e-06 2.16559e-06 1.96886e-06 1.76556e-06 1.56413e-06 1.37073e-06 1.18957e-06 1.02325e-06 8.73105e-07 7.39496e-07 6.22075e-07 5.20005e-07 4.3214e-07 3.57164e-07 2.9369e-07 2.40341e-07 1.95798e-07 1.58834e-07 1.28331e-07 1.03292e-07 8.28396e-08 6.62092e-08 5.2745e-08 4.18882e-08 3.31674e-08 2.61877e-08 2.06206e-08 1.61947e-08 1.26869e-08 9.91507e-09 7.73091e-09 6.01448e-09 4.6691e-09 3.61718e-09 2.79665e-09 2.15809e-09 1.66222e-09 1.27798e-09 9.80845e-10 7.5152e-10 5.74867e-10 4.39039e-10 3.34785e-10 2.54904e-10 1.938e-10 1.47134e-10 1.11551e-10 8.44598e-11 6.38643e-11 4.82295e-11 3.6377e-11 2.74041e-11 2.06201e-11 1.54976e-11 1.16345e-11 8.72481e-12 6.53576e-12 4.89081e-12 3.65611e-12 2.73037e-12 2.03703e-12 1.5183e-12 1.1306e-12 8.41119e-13 6.25195e-13 4.64291e-13 3.44499e-13 2.55398e-13 1.89184e-13 1.40023e-13 1.03553e-13 7.65221e-14 5.65036e-14 4.16904e-14 3.07378e-14 2.26461e-14 1.66725e-14 1.2266e-14 9.01789e-15 6.62538e-15 4.86436e-15 3.56907e-15 2.617e-15 1.91768e-15 1.40435e-15 1.0278e-15 7.51756e-16 5.49524e-16 4.01459e-16 2.93119e-16 2.13895e-16 1.55996e-16 1.13706e-16
9.95113e-07 1.22141e-06 1.50618e-06 1.70886e-06 1.83156e-06 1.88219e-06 1.87189e-06 1.81302e-06 1.71784e-06 1.59761e-06 1.46213e-06 1.31947e-06 1.17604e-06 1.03666e-06 9.04721e-07 7.82473e-07 6.71189e-07 5.71397e-07 4.83066e-07 4.05768e-07 3.38804e-07 2.81318e-07 2.3237e-07 1.91002e-07 1.56278e-07 1.27313e-07 1.03292e-07 8.34793e-08 6.72188e-08 5.39366e-08 4.31351e-08 3.43873e-08 2.73307e-08 2.16592e-08 1.71171e-08 1.34916e-08 1.06068e-08 8.31848e-09 6.50845e-09 5.08072e-09 3.95751e-09 3.07611e-09 2.38615e-09 1.8473e-09 1.42742e-09 1.10094e-09 8.47626e-10 6.51468e-10 4.99868e-10 3.82923e-10 2.92875e-10 2.2366e-10 1.70548e-10 1.29861e-10 9.87408e-11 7.49757e-11 5.68545e-11 4.3057e-11 3.25666e-11 2.46017e-11 1.85624e-11 1.39892e-11 1.05306e-11 7.91815e-12 5.9473e-12 4.46222e-12 3.34448e-12 2.50415e-12 1.87309e-12 1.39968e-12 1.04492e-12 7.79348e-13 5.80736e-13 4.32349e-13 3.21593e-13 2.39003e-13 1.77473e-13 1.31673e-13 9.76132e-14 7.23055e-14 5.35172e-14 3.95803e-14 2.92507e-14 2.16008e-14 1.59399e-14 1.17541e-14 8.66135e-15 6.37795e-15 4.69332e-15 3.45134e-15 2.53635e-15 1.86272e-15 1.36713e-15 1.00276e-15 7.35053e-16 5.38486e-16 3.94248e-16 2.88476e-16 2.10958e-16 1.54182e-16 1.12623e-16
6.61526e-07 8.34139e-07 1.04323e-06 1.19746e-06 1.29651e-06 1.34452e-06 1.34834e-06 1.31607e-06 1.25605e-06 1.17617e-06 1.08344e-06 9.83829e-07 8.82124e-07 7.82039e-07 6.86292e-07 5.96739e-07 5.14528e-07 4.40236e-07 3.74006e-07 3.15659e-07 2.64794e-07 2.20865e-07 1.83246e-07 1.51279e-07 1.24303e-07 1.01687e-07 8.28396e-08 6.72188e-08 5.43393e-08 4.37713e-08 3.51391e-08 2.81181e-08 2.24306e-08 1.78407e-08 1.415e-08 1.11923e-08 8.82992e-09 6.94875e-09 5.45523e-09 4.27281e-09 3.33923e-09 2.60402e-09 2.02647e-09 1.57386e-09 1.21997e-09 9.43879e-10 7.28945e-10 5.61965e-10 4.32496e-10 3.32305e-10 2.54913e-10 1.95241e-10 1.4931e-10 1.14017e-10 8.69408e-11 6.62022e-11 5.03421e-11 3.82308e-11 2.89958e-11 2.1964e-11 1.6617e-11 1.25567e-11 9.47736e-12 7.14503e-12 5.38067e-12 4.04757e-12 3.04151e-12 2.28313e-12 1.7121e-12 1.28261e-12 9.59921e-13 7.17729e-13 5.3614e-13 4.00126e-13 2.98349e-13 2.22264e-13 1.65439e-13 1.23038e-13 9.14277e-14 6.78831e-14 5.03614e-14 3.7333e-14 2.76536e-14 2.04682e-14 1.51386e-14 1.11885e-14 8.26321e-15 6.09841e-15 4.49761e-15 3.31475e-15 2.44134e-15 1.79687e-15 1.32167e-15 9.71521e-16 7.13686e-16 5.23953e-16 3.84426e-16 2.81885e-16 2.06573e-16 1.51294e-16 1.10744e-16
4.39766e-07 5.69255e-07 7.21898e-07 8.38163e-07 9.1657e-07 9.59048e-07 9.69676e-07 9.53685e-07 9.16697e-07 8.64192e-07 8.01172e-07 7.31965e-07 6.6015e-07 5.88555e-07 5.19309e-07 4.53924e-07 3.93386e-07 3.38254e-07 2.88751e-07 2.44848e-07 2.06333e-07 1.72872e-07 1.44054e-07 1.19432e-07 9.85463e-08 8.09475e-08 6.62092e-08 5.39366e-08 4.37713e-08 3.53931e-08 2.85197e-08 2.29056e-08 1.83388e-08 1.46384e-08 1.16511e-08 9.24782e-09 7.32085e-09 5.78067e-09 4.55335e-09 3.57817e-09 2.80546e-09 2.19481e-09 1.71344e-09 1.33492e-09 1.03797e-09 8.05534e-10 6.23992e-10 4.82498e-10 3.72441e-10 2.87004e-10 2.20804e-10 1.69604e-10 1.30075e-10 9.9609e-11 7.61675e-11 5.81598e-11 4.43481e-11 3.37707e-11 2.56824e-11 1.95062e-11 1.47968e-11 1.12107e-11 8.4836e-12 6.41243e-12 4.8414e-12 3.65121e-12 2.75062e-12 2.06997e-12 1.55613e-12 1.16865e-12 8.76784e-13 6.57169e-13 4.92093e-13 3.68138e-13 2.75154e-13 2.05471e-13 1.53301e-13 1.14278e-13 8.51159e-14 6.3343e-14 4.71012e-14 3.4996e-14 2.59814e-14 1.92739e-14 1.42873e-14 1.05829e-14 7.83322e-15 5.79381e-15 4.28233e-15 3.16296e-15 2.33459e-15 1.722e-15 1.26932e-15 9.35023e-16 6.88329e-16 5.06403e-16 3.72328e-16 2.73583e-16 2.00905e-16 1.47446e-16 1.08149e-16
2.92345e-07 3.88226e-07 4.99099e-07 5.86039e-07 6.47169e-07 6.83141e-07 6.96294e-07 6.89948e-07 6.67851e-07 6.33779e-07 5.91268e-07 5.43447e-07 4.92957e-07 4.41936e-07 3.92029e-07 3.44445e-07 3.00005e-07 2.59217e-07 2.2233e-07 1.89396e-07 1.60322e-07 1.34913e-07 1.12906e-07 9.40015e-08 7.78822e-08 6.42318e-08 5.2745e-08 4.31351e-08 3.51391e-08 2.85197e-08 2.3066e-08 1.85927e-08 1.4939e-08 1.19666e-08 9.55753e-09 7.61204e-09 6.04624e-09 4.79009e-09 3.78548e-09 2.98439e-09 2.3474e-09 1.84225e-09 1.44271e-09 1.12746e-09 8.79337e-10 6.84484e-10 5.31806e-10 4.12431e-10 3.19287e-10 2.46755e-10 1.90382e-10 1.46651e-10 1.12788e-10 8.66111e-11 6.6411e-11 5.08485e-11 3.8878e-11 2.96847e-11 2.2635e-11 1.72371e-11 1.31097e-11 9.95822e-12 7.55518e-12 5.72524e-12 4.33351e-12 3.27639e-12 2.4744e-12 1.86671e-12 1.40677e-12 1.05906e-12 7.96484e-13 5.98417e-13 4.49167e-13 3.36821e-13 2.5234e-13 1.88875e-13 1.41245e-13 1.05534e-13 7.87835e-14 5.8764e-14 4.37951e-14 3.26127e-14 2.42661e-14 1.80414e-14 1.34032e-14 9.94978e-15 7.38067e-15 5.47091e-15 4.05239e-15 2.99954e-15 2.21868e-15 1.63998e-15 1.2114e-15 8.9423e-16 6.59671e-16 4.86324e-16 3.58302e-16 2.63817e-16 1.94129e-16 1.42762e-16 1.04925e-16
1.94344e-07 2.64598e-07 3.4477e-07 4.09336e-07 4.56411e-07 4.85966e-07 4.99263e-07 4.98363e-07 4.85739e-07 4.63969e-07 4.35535e-07 4.02681e-07 3.67345e-07 3.31124e-07 2.95279e-07 2.6076e-07 2.2824e-07 1.98154e-07 1.70749e-07 1.46116e-07 1.24234e-07 1.04997e-07 8.82412e-08 7.37701e-08 6.13677e-08 5.08128e-08 4.18882e-08 3.43873e-08 2.81181e-08 2.29056e-08 1.85927e-08 1.50404e-08 1.21273e-08 9.74798e-09 7.81214e-09 6.24286e-09 4.97515e-09 3.95444e-09 3.13518e-09 2.47959e-09 1.95648e-09 1.54024e-09 1.2099e-09 9.48401e-10 7.41903e-10 5.79219e-10 4.51344e-10 3.51048e-10 2.72548e-10 2.11233e-10 1.63435e-10 1.26245e-10 9.73621e-11 7.49704e-11 5.76411e-11 4.42523e-11 3.39248e-11 2.59712e-11 1.98552e-11 1.51594e-11 1.15592e-11 8.80286e-12 6.69552e-12 5.08654e-12 3.85966e-12 2.92534e-12 2.21471e-12 1.67486e-12 1.26524e-12 9.54796e-13 7.19782e-13 5.42067e-13 4.07827e-13 3.06534e-13 2.30181e-13 1.72685e-13 1.29433e-13 9.69279e-14 7.25221e-14 5.42148e-14 4.04947e-14 3.02217e-14 2.25364e-14 1.67921e-14 1.25021e-14 9.30091e-15 6.91415e-15 5.13604e-15 3.81241e-15 2.82786e-15 2.09608e-15 1.55259e-15 1.14923e-15 8.50084e-16 6.2839e-16 4.64209e-16 3.42703e-16 2.5284e-16 1.86425e-16 1.37371e-16 1.01163e-16
1.29195e-07 1.80228e-07 2.3797e-07 2.85632e-07 3.21517e-07 3.45266e-07 3.57489e-07 3.59438e-07 3.52718e-07 3.39077e-07 3.20241e-07 2.97812e-07 2.73198e-07 2.47584e-07 2.21929e-07 1.96968e-07 1.73241e-07 1.51116e-07 1.30814e-07 1.12443e-07 9.60203e-08 8.14972e-08 6.87768e-08 5.77319e-08 4.82174e-08 4.00803e-08 3.31674e-08 2.73307e-08 2.24306e-08 1.83388e-08 1.4939e-08 1.21273e-08 9.81224e-09 7.91402e-09 6.3637e-09 5.10222e-09 4.07942e-09 3.25292e-09 2.5872e-09 2.05262e-09 1.62461e-09 1.28289e-09 1.0108e-09 7.947e-10 6.23506e-10 4.88208e-10 3.81526e-10 2.97594e-10 2.31702e-10 1.80079e-10 1.39718e-10 1.08221e-10 8.36887e-11 6.46154e-11 4.98123e-11 3.83432e-11 2.94718e-11 2.26208e-11 1.73384e-11 1.32717e-11 1.01454e-11 7.7456e-12 5.90605e-12 4.49787e-12 3.42135e-12 2.59945e-12 1.97273e-12 1.49544e-12 1.13239e-12 8.56562e-13 6.47241e-13 4.88572e-13 3.68429e-13 2.77557e-13 2.08897e-13 1.57073e-13 1.17996e-13 8.85604e-14 6.64086e-14 4.97541e-14 3.72443e-14 2.78564e-14 2.08176e-14 1.55448e-14 1.15982e-14 8.64679e-15 6.44147e-15 4.79497e-15 3.56667e-15 2.65108e-15 1.9691e-15 1.46153e-15 1.08403e-15 8.03488e-16 5.95146e-16 4.40534e-16 3.25874e-16 2.40903e-16 1.77974e-16 1.31402e-16 9.69568e-17
