0.73234 0.00328262 0.00294157 0.00263595 0.00236209 0.00211668 0.00189676 0.0016997 0.0015231 0.00136486 0.00122306 0.00109599 0.000982117 0.000880079 0.000788642 0.000706705 0.000633281 0.000567486 0.000508526 0.000455692 0.000408348 0.000365922 0.000327904 0.000293836 0.000263308 0.000235951 0.000211437 0.000189469 0.000169784 0.000152144 0.000136337 0.000122172 0.000109479 9.81045e-05 8.79118e-05 7.87781e-05 7.05934e-05 6.3259e-05 5.66866e-05 5.07971e-05 4.55195e-05 4.07902e-05 3.65523e-05 3.27546e-05 2.93515e-05 2.6302e-05 2.35694e-05 2.11206e-05 1.89262e-05 1.69599e-05 1.51978e-05 1.36188e-05 1.22039e-05 1.09359e-05 9.79974e-06 8.78159e-06 7.86921e-06 7.05163e-06 6.319e-06 5.66248e-06 5.07417e-06 4.54698e-06 4.07457e-06 3.65124e-06 3.27189e-06 2.93195e-06 2.62733e-06 2.35436e-06 2.10975e-06 1.89056e-06 1.69414e-06 1.51812e-06 1.3604e-06 1.21906e-06 1.0924e-06 9.78904e-07 8.772e-07 7.86062e-07 7.04394e-07 6.3121e-07 5.6563e-07 5.06863e-07 4.54202e-07 4.07012e-07 3.64725e-07 3.26832e-07 2.92875e-07 2.62446e-07 2.35179e-07 2.10745e-07 1.88849e-07 1.69229e-07 1.51647e-07 1.35891e-07 1.21773e-07 1.09121e-07 9.77836e-08 8.76243e-08 7.85204e-08 7.03625e-08 6.30521e-08
0.00328262 0.000698595 0.000644515 0.000594131 0.000547259 0.000503714 0.00046331 0.000425864 0.000391198 0.000359138 0.000329517 0.000302175 0.000276957 0.000253717 0.000232317 0.000212625 0.000194517 0.000177877 0.000162594 0.000148568 0.0001357 0.000123903 0.000113092 0.00010319 9.41255e-05 8.58302e-05 7.82426e-05 7.13051e-05 6.49647e-05 5.9172e-05 5.38817e-05 4.9052e-05 4.46443e-05 4.06229e-05 3.69553e-05 3.36112e-05 3.05632e-05 2.77856e-05 2.52553e-05 2.29509e-05 2.08527e-05 1.89427e-05 1.72045e-05 1.56231e-05 1.41845e-05 1.28762e-05 1.16866e-05 1.06053e-05 9.62248e-06 8.72941e-06 7.91804e-06 7.18104e-06 6.51171e-06 5.90395e-06 5.35219e-06 4.85135e-06 4.39681e-06 3.98435e-06 3.61013e-06 3.27067e-06 2.96277e-06 2.68355e-06 2.43036e-06 2.20082e-06 1.99275e-06 1.80415e-06 1.63323e-06 1.47835e-06 1.33802e-06 1.2109e-06 1.09575e-06 9.91451e-07 8.96999e-07 8.11471e-07 7.34033e-07 6.63927e-07 6.00464e-07 5.43022e-07 4.91035e-07 4.43988e-07 4.01417e-07 3.62899e-07 3.28052e-07 2.96529e-07 2.68014e-07 2.42224e-07 2.189e-07 1.97808e-07 1.78736e-07 1.61491e-07 1.45901e-07 1.31806e-07 1.19066e-07 1.0755e-07 9.71421e-08 8.77357e-08 7.92353e-08 7.15542e-08 6.46138e-08 5.83432e-08 5.26782e-08
0.00294157 0.000644515 0.000598068 0.00055442 0.000513479 0.000475145 0.000439308 0.000405856 0.000374674 0.000345644 0.00031865 0.000293578 0.000270314 0.000248751 0.000228781 0.000210304 0.000193222 0.000177441 0.000162875 0.000149437 0.00013705 0.000125638 0.000115131 0.000105463 9.65714e-05 8.83983e-05 8.08895e-05 7.39942e-05 6.76652e-05 6.18587e-05 5.65337e-05 5.16523e-05 4.71793e-05 4.30821e-05 3.93305e-05 3.58965e-05 3.27543e-05 2.988e-05 2.72517e-05 2.4849e-05 2.26531e-05 2.0647e-05 1.88146e-05 1.71414e-05 1.5614e-05 1.42199e-05 1.29479e-05 1.17876e-05 1.07293e-05 9.76443e-06 8.8848e-06 8.08308e-06 7.35253e-06 6.68697e-06 6.08073e-06 5.52862e-06 5.02591e-06 4.56826e-06 4.15171e-06 3.77262e-06 3.42769e-06 3.11389e-06 2.82846e-06 2.56887e-06 2.33282e-06 2.1182e-06 1.92311e-06 1.74578e-06 1.58462e-06 1.43818e-06 1.30513e-06 1.18427e-06 1.07448e-06 9.74772e-07 8.84227e-07 8.02013e-07 7.27373e-07 6.59616e-07 5.98115e-07 5.42298e-07 4.91646e-07 4.45685e-07 4.03985e-07 3.66155e-07 3.3184e-07 3.00716e-07 2.72488e-07 2.46891e-07 2.2368e-07 2.02636e-07 1.83557e-07 1.66262e-07 1.50586e-07 1.36377e-07 1.23501e-07 1.11832e-07 1.01259e-07 9.16788e-08 8.29995e-08 7.51369e-08 6.80147e-08
0.00263595 0.000594131 0.00055442 0.000516756 0.000481122 0.000447484 0.000415793 0.000385994 0.000358021 0.000331805 0.00030727 0.000284341 0.00026294 0.000242989 0.00022441 0.000207126 0.000191064 0.000176151 0.000162316 0.000149493 0.000137616 0.000126624 0.000116458 0.000107063 9.83845e-05 9.03741e-05 8.29841e-05 7.61703e-05 6.98912e-05 6.41076e-05 5.87831e-05 5.38835e-05 4.9377e-05 4.52338e-05 4.14261e-05 3.79283e-05 3.47163e-05 3.17678e-05 2.90623e-05 2.65805e-05 2.43048e-05 2.22186e-05 2.03068e-05 1.85554e-05 1.69513e-05 1.54826e-05 1.41382e-05 1.2908e-05 1.17825e-05 1.0753e-05 9.81172e-06 8.95116e-06 8.16463e-06 7.44591e-06 6.78931e-06 6.18958e-06 5.64191e-06 5.14188e-06 4.68544e-06 4.26888e-06 3.88876e-06 3.54198e-06 3.22566e-06 2.93719e-06 2.67414e-06 2.43433e-06 2.21573e-06 2.0165e-06 1.83496e-06 1.66955e-06 1.51887e-06 1.38162e-06 1.25663e-06 1.14281e-06 1.03919e-06 9.44853e-07 8.5899e-07 7.80846e-07 7.09737e-07 6.45037e-07 5.86176e-07 5.32632e-07 4.83932e-07 4.39643e-07 3.99369e-07 3.62751e-07 3.2946e-07 2.99197e-07 2.7169e-07 2.4669e-07 2.23971e-07 2.03327e-07 1.84571e-07 1.67531e-07 1.52052e-07 1.37992e-07 1.25223e-07 1.13626e-07 1.03095e-07 9.35336e-08 8.48524e-08
0.00236209 0.000547259 0.000513479 0.000481122 0.000450227 0.000420811 0.000392876 0.000366409 0.000341386 0.000317775 0.000295536 0.000274623 0.000254989 0.00023658 0.000219343 0.000203224 0.000188168 0.000174119 0.000161024 0.00014883 0.000137485 0.000126939 0.000117143 0.000108052 9.96205e-05 9.18064e-05 8.45692e-05 7.78706e-05 7.16743e-05 6.59458e-05 6.06528e-05 5.57648e-05 5.12531e-05 4.70907e-05 4.32524e-05 3.97145e-05 3.6455e-05 3.34532e-05 3.06898e-05 2.81468e-05 2.58077e-05 2.36567e-05 2.16795e-05 1.98627e-05 1.81937e-05 1.66611e-05 1.52541e-05 1.39628e-05 1.27781e-05 1.16914e-05 1.06949e-05 9.78136e-06 8.94412e-06 8.17697e-06 7.47422e-06 6.83062e-06 6.24132e-06 5.70187e-06 5.20815e-06 4.75638e-06 4.34309e-06 3.96508e-06 3.61939e-06 3.30334e-06 3.01443e-06 2.75039e-06 2.5091e-06 2.28867e-06 2.0873e-06 1.9034e-06 1.73546e-06 1.58214e-06 1.44217e-06 1.31442e-06 1.19784e-06 1.09146e-06 9.94412e-07 9.05887e-07 8.25146e-07 7.51517e-07 6.8438e-07 6.23173e-07 5.67379e-07 5.16525e-07 4.7018e-07 4.27949e-07 3.89471e-07 3.54418e-07 3.22488e-07 2.93407e-07 2.66922e-07 2.42805e-07 2.20847e-07 2.00857e-07 1.82659e-07 1.66096e-07 1.51021e-07 1.37303e-07 1.24821e-07 1.13463e-07 1.03131e-07
0.00211668 0.000503714 0.000475145 0.000447484 0.000420811 0.000395186 0.000370645 0.00034721 0.000324892 0.000303687 0.000283582 0.00026456 0.000246594 0.000229655 0.000213708 0.000198718 0.000184646 0.000171452 0.000159097 0.000147539 0.000136739 0.000126657 0.000117253 0.000108491 0.000100333 9.27424e-05 8.56863e-05 7.91313e-05 7.30461e-05 6.74005e-05 6.21662e-05 5.73159e-05 5.28241e-05 4.86666e-05 4.48204e-05 4.12641e-05 3.79774e-05 3.49412e-05 3.21377e-05 2.95503e-05 2.71631e-05 2.49617e-05 2.29323e-05 2.10622e-05 1.93396e-05 1.77533e-05 1.6293e-05 1.49493e-05 1.37131e-05 1.25763e-05 1.15311e-05 1.05704e-05 9.68772e-06 8.87688e-06 8.13225e-06 7.44859e-06 6.82108e-06 6.24524e-06 5.71695e-06 5.23239e-06 4.78805e-06 4.38068e-06 4.00728e-06 3.66509e-06 3.35157e-06 3.06438e-06 2.80136e-06 2.56052e-06 2.34002e-06 2.1382e-06 1.9535e-06 1.7845e-06 1.62989e-06 1.48847e-06 1.35913e-06 1.24087e-06 1.13275e-06 1.03392e-06 9.43596e-07 8.61054e-07 7.85636e-07 7.16737e-07 6.53804e-07 5.96328e-07 5.43842e-07 4.9592e-07 4.52171e-07 4.12236e-07 3.75788e-07 3.42527e-07 3.12177e-07 2.84487e-07 2.59228e-07 2.36187e-07 2.15174e-07 1.96011e-07 1.78538e-07 1.62607e-07 1.48084e-07 1.34846e-07 1.2278e-07
0.00189676 0.00046331 0.000439308 0.000415793 0.000392876 0.000370645 0.000349164 0.000328485 0.00030864 0.00028965 0.000271526 0.00025427 0.000237875 0.00022233 0.000207616 0.000193714 0.000180599 0.000168244 0.000156621 0.0001457 0.000135452 0.000125846 0.000116851 0.000108436 0.000100571 9.3227e-05 8.63753e-05 7.99878e-05 7.40376e-05 6.84988e-05 6.33464e-05 5.85568e-05 5.41071e-05 4.99757e-05 4.61421e-05 4.25868e-05 3.92912e-05 3.62381e-05 3.34109e-05 3.07942e-05 2.83734e-05 2.61348e-05 2.40657e-05 2.21538e-05 2.03881e-05 1.87579e-05 1.72534e-05 1.58655e-05 1.45854e-05 1.34053e-05 1.23177e-05 1.13156e-05 1.03927e-05 9.54289e-06 8.76064e-06 8.04077e-06 7.37851e-06 6.7694e-06 6.20932e-06 5.69446e-06 5.22128e-06 4.78653e-06 4.38716e-06 4.02038e-06 3.68362e-06 3.37448e-06 3.09076e-06 2.83042e-06 2.59159e-06 2.37252e-06 2.17164e-06 1.98745e-06 1.81862e-06 1.66387e-06 1.52208e-06 1.39216e-06 1.27316e-06 1.16416e-06 1.06436e-06 9.72975e-07 8.89323e-07 8.12757e-07 7.42689e-07 6.78577e-07 6.19923e-07 5.6627e-07 5.17199e-07 4.72325e-07 4.31294e-07 3.93783e-07 3.59494e-07 3.28155e-07 2.99515e-07 2.73346e-07 2.49436e-07 2.27595e-07 2.07644e-07 1.89424e-07 1.72785e-07 1.57592e-07 1.43721e-07
0.0016997 0.000425864 0.000405856 0.000385994 0.000366409 0.00034721 0.000328485 0.000310301 0.000292713 0.000275759 0.000259467 0.000243856 0.000228935 0.000214706 0.000201166 0.000188308 0.000176117 0.00016458 0.000153678 0.00014339 0.000133695 0.000124571 0.000115993 0.000107939 0.000100383 9.33031e-05 8.66744e-05 8.04739e-05 7.46788e-05 6.92669e-05 6.42168e-05 5.95076e-05 5.51193e-05 5.10329e-05 4.723e-05 4.36929e-05 4.04052e-05 3.73509e-05 3.45149e-05 3.1883e-05 2.94417e-05 2.71784e-05 2.50809e-05 2.31381e-05 2.13393e-05 1.96745e-05 1.81343e-05 1.671e-05 1.53934e-05 1.41767e-05 1.30528e-05 1.20149e-05 1.10569e-05 1.01727e-05 9.35709e-06 8.60486e-06 7.91132e-06 7.27207e-06 6.68304e-06 6.14042e-06 5.6407e-06 5.1806e-06 4.75709e-06 4.36736e-06 4.0088e-06 3.67899e-06 3.3757e-06 3.09686e-06 2.84056e-06 2.60502e-06 2.38861e-06 2.18982e-06 2.00725e-06 1.8396e-06 1.6857e-06 1.54443e-06 1.41479e-06 1.29583e-06 1.18671e-06 1.08662e-06 9.94834e-07 9.10674e-07 8.3352e-07 7.62801e-07 6.9799e-07 6.38602e-07 5.84193e-07 5.34353e-07 4.88705e-07 4.46901e-07 4.08625e-07 3.73583e-07 3.41506e-07 3.12148e-07 2.85281e-07 2.60698e-07 2.38207e-07 2.17633e-07 1.98815e-07 1.81604e-07 1.65867e-07
0.0015231 0.000391198 0.000374674 0.000358021 0.000341386 0.000324892 0.00030864 0.000292713 0.000277178 0.00026209 0.000247488 0.000233405 0.000219862 0.000206873 0.000194447 0.000182585 0.000171284 0.000160539 0.00015034 0.000140675 0.00013153 0.000122889 0.000114735 0.000107049 9.98147e-05 9.30114e-05 8.66204e-05 8.06226e-05 7.4999e-05 6.97309e-05 6.47999e-05 6.01882e-05 5.58782e-05 5.18531e-05 4.80968e-05 4.45936e-05 4.13285e-05 3.82871e-05 3.54558e-05 3.28216e-05 3.0372e-05 2.80953e-05 2.59803e-05 2.40165e-05 2.2194e-05 2.05032e-05 1.89355e-05 1.74824e-05 1.61361e-05 1.48893e-05 1.3735e-05 1.26667e-05 1.16785e-05 1.07646e-05 9.91974e-06 9.13893e-06 8.41757e-06 7.75133e-06 7.13619e-06 6.5684e-06 6.04446e-06 5.56111e-06 5.11535e-06 4.70435e-06 4.3255e-06 3.97637e-06 3.65472e-06 3.35845e-06 3.08562e-06 2.83444e-06 2.60324e-06 2.39048e-06 2.19473e-06 2.01467e-06 1.84908e-06 1.69682e-06 1.55685e-06 1.4282e-06 1.30997e-06 1.20136e-06 1.10158e-06 1.00994e-06 9.25791e-07 8.48533e-07 7.77613e-07 7.12523e-07 6.52793e-07 5.9799e-07 5.47716e-07 5.01604e-07 4.59316e-07 4.2054e-07 3.8499e-07 3.52403e-07 3.22535e-07 2.95164e-07 2.70084e-07 2.47107e-07 2.26059e-07 2.0678e-07 1.89125e-07
0.00136486 0.000359138 0.000345644 0.000331805 0.000317775 0.000303687 0.00028965 0.000275759 0.00026209 0.000248707 0.000235661 0.000222993 0.000210735 0.00019891 0.000187535 0.00017662 0.000166171 0.00015619 0.000146675 0.000137619 0.000129016 0.000120855 0.000113126 0.000105814 9.89073e-05 9.23902e-05 8.6248e-05 8.04652e-05 7.50264e-05 6.99159e-05 6.51183e-05 6.06183e-05 5.64009e-05 5.24515e-05 4.87559e-05 4.53e-05 4.20707e-05 3.9055e-05 3.62406e-05 3.36156e-05 3.11687e-05 2.88891e-05 2.67665e-05 2.4791e-05 2.29535e-05 2.1245e-05 1.96573e-05 1.81825e-05 1.68132e-05 1.55423e-05 1.43633e-05 1.32699e-05 1.22563e-05 1.13171e-05 1.04471e-05 9.64145e-06 8.89568e-06 8.20557e-06 7.56716e-06 6.97677e-06 6.43095e-06 5.92649e-06 5.46039e-06 5.02986e-06 4.63228e-06 4.26524e-06 3.92648e-06 3.61391e-06 3.32556e-06 3.05963e-06 2.81444e-06 2.58841e-06 2.3801e-06 2.18817e-06 2.01136e-06 1.84852e-06 1.69858e-06 1.56054e-06 1.43348e-06 1.31656e-06 1.20898e-06 1.11002e-06 1.01901e-06 9.35317e-07 8.58372e-07 7.87643e-07 7.22638e-07 6.62905e-07 6.08025e-07 5.57613e-07 5.11312e-07 4.68793e-07 4.29754e-07 3.93915e-07 3.6102e-07 3.3083e-07 3.03128e-07 2.77712e-07 2.54396e-07 2.3301e-07 2.13398e-07
0.00122306 0.000329517 0.00031865 0.00030727 0.000295536 0.000283582 0.000271526 0.000259467 0.000247488 0.000235661 0.000224043 0.000212683 0.000201619 0.000190883 0.000180497 0.00017048 0.000160844 0.000151596 0.000142741 0.000134278 0.000126206 0.00011852 0.000111212 0.000104276 9.77005e-05 9.14757e-05 8.55901e-05 8.00316e-05 7.47878e-05 6.9846e-05 6.51935e-05 6.08173e-05 5.67047e-05 5.28432e-05 4.92202e-05 4.58237e-05 4.26418e-05 3.96631e-05 3.68764e-05 3.42712e-05 3.1837e-05 2.9564e-05 2.74427e-05 2.54642e-05 2.36197e-05 2.19012e-05 2.03007e-05 1.88108e-05 1.74247e-05 1.61356e-05 1.49373e-05 1.38237e-05 1.27895e-05 1.18292e-05 1.0938e-05 1.01112e-05 9.34436e-06 8.63345e-06 7.97458e-06 7.36417e-06 6.79882e-06 6.27538e-06 5.79089e-06 5.34258e-06 4.92787e-06 4.54436e-06 4.1898e-06 3.86208e-06 3.55927e-06 3.27953e-06 3.02118e-06 2.78264e-06 2.56245e-06 2.35923e-06 2.17173e-06 1.99877e-06 1.83926e-06 1.69219e-06 1.5566e-06 1.43164e-06 1.31649e-06 1.21041e-06 1.1127e-06 1.02271e-06 9.39854e-07 8.63579e-07 7.93376e-07 7.28772e-07 6.69331e-07 6.14651e-07 5.64357e-07 5.18107e-07 4.75583e-07 4.36489e-07 4.00556e-07 3.67533e-07 3.37189e-07 3.09311e-07 2.83702e-07 2.60181e-07 2.38582e-07
0.00109599 0.000302175 0.000293578 0.000284341 0.000274623 0.00026456 0.00025427 0.000243856 0.000233405 0.000222993 0.000212683 0.000202527 0.000192571 0.00018285 0.000173394 0.000164224 0.00015536 0.000146813 0.000138593 0.000130704 0.000123149 0.000115928 0.000109038 0.000102474 9.62312e-05 9.03018e-05 8.46778e-05 7.935e-05 7.4309e-05 6.95447e-05 6.50465e-05 6.0804e-05 5.68064e-05 5.30429e-05 4.9503e-05 4.61761e-05 4.30518e-05 4.012e-05 3.73708e-05 3.47946e-05 3.23822e-05 3.01245e-05 2.80129e-05 2.60391e-05 2.41952e-05 2.24735e-05 2.08669e-05 1.93683e-05 1.79712e-05 1.66694e-05 1.54569e-05 1.4328e-05 1.32775e-05 1.23003e-05 1.13917e-05 1.05473e-05 9.76264e-06 9.03392e-06 8.35737e-06 7.72947e-06 7.14692e-06 6.60662e-06 6.10568e-06 5.64137e-06 5.21115e-06 4.81263e-06 4.44359e-06 4.10195e-06 3.78575e-06 3.49319e-06 3.22256e-06 2.9723e-06 2.74092e-06 2.52706e-06 2.32943e-06 2.14686e-06 1.97822e-06 1.8225e-06 1.67874e-06 1.54604e-06 1.42358e-06 1.31061e-06 1.20639e-06 1.11028e-06 1.02166e-06 9.39961e-07 8.64661e-07 7.9527e-07 7.31337e-07 6.72442e-07 6.182e-07 5.6825e-07 5.22261e-07 4.79926e-07 4.40962e-07 4.05106e-07 3.72115e-07 3.41765e-07 3.13849e-07 2.88177e-07 2.6457e-07
0.000982117 0.000276957 0.000270314 0.00026294 0.000254989 0.000246594 0.000237875 0.000228935 0.000219862 0.000210735 0.000201619 0.000192571 0.000183639 0.000174863 0.000166275 0.000157904 0.00014977 0.00014189 0.000134278 0.000126942 0.000119889 0.000113122 0.000106641 0.000100446 9.45336e-05 8.89002e-05 8.35403e-05 7.84474e-05 7.36146e-05 6.90341e-05 6.46976e-05 6.05966e-05 5.67222e-05 5.30655e-05 4.96174e-05 4.63689e-05 4.3311e-05 4.04348e-05 3.77315e-05 3.51928e-05 3.28101e-05 3.05755e-05 2.8481e-05 2.65192e-05 2.46826e-05 2.29644e-05 2.13577e-05 1.98562e-05 1.84537e-05 1.71443e-05 1.59224e-05 1.47827e-05 1.37202e-05 1.27301e-05 1.18078e-05 1.09491e-05 1.01498e-05 9.40622e-06 8.71468e-06 8.07178e-06 7.47431e-06 6.91927e-06 6.40381e-06 5.92527e-06 5.48115e-06 5.06911e-06 4.68694e-06 4.33258e-06 4.00412e-06 3.69973e-06 3.41775e-06 3.15658e-06 2.91477e-06 2.69092e-06 2.48377e-06 2.29211e-06 2.11483e-06 1.95089e-06 1.79932e-06 1.65922e-06 1.52976e-06 1.41014e-06 1.29965e-06 1.19761e-06 1.1034e-06 1.01643e-06 9.36157e-07 8.62087e-07 7.93752e-07 7.30719e-07 6.72589e-07 6.18989e-07 5.69575e-07 5.24029e-07 4.82055e-07 4.4338e-07 4.07751e-07 3.74932e-07 3.44708e-07 3.16878e-07 2.91255e-07
0.000880079 0.000253717 0.000248751 0.000242989 0.00023658 0.000229655 0.00022233 0.000214706 0.000206873 0.00019891 0.000190883 0.00018285 0.000174863 0.000166963 0.000159186 0.000151563 0.000144119 0.000136872 0.000129841 0.000123035 0.000116466 0.000110139 0.000104058 9.82245e-05 9.26393e-05 8.73003e-05 8.22049e-05 7.7349e-05 7.27278e-05 6.83355e-05 6.41661e-05 6.02126e-05 5.64681e-05 5.29251e-05 4.95761e-05 4.64134e-05 4.34294e-05 4.06163e-05 3.79665e-05 3.54724e-05 3.31267e-05 3.09221e-05 2.88515e-05 2.69081e-05 2.50852e-05 2.33763e-05 2.17753e-05 2.02763e-05 1.88734e-05 1.75612e-05 1.63345e-05 1.51883e-05 1.41178e-05 1.31185e-05 1.2186e-05 1.13162e-05 1.05054e-05 9.74977e-06 9.04586e-06 8.3904e-06 7.78027e-06 7.21255e-06 6.68448e-06 6.19347e-06 5.73706e-06 5.31296e-06 4.91901e-06 4.55319e-06 4.21358e-06 3.8984e-06 3.60599e-06 3.33477e-06 3.08328e-06 2.85015e-06 2.63409e-06 2.43392e-06 2.2485e-06 2.0768e-06 1.91783e-06 1.77069e-06 1.63454e-06 1.50857e-06 1.39206e-06 1.28432e-06 1.18471e-06 1.09263e-06 1.00754e-06 9.28921e-07 8.56295e-07 7.89219e-07 7.2728e-07 6.70097e-07 6.17315e-07 5.68602e-07 5.23655e-07 4.8219e-07 4.43943e-07 4.0867e-07 3.76147e-07 3.46164e-07 3.18526e-07
0.000788642 0.000232317 0.000228781 0.00022441 0.000219343 0.000213708 0.000207616 0.000201166 0.000194447 0.000187535 0.000180497 0.000173394 0.000166275 0.000159186 0.000152164 0.000145242 0.000138446 0.000131798 0.000125318 0.00011902 0.000112916 0.000107014 0.000101321 9.58416e-05 9.05775e-05 8.55296e-05 8.06972e-05 7.60784e-05 7.16703e-05 6.74691e-05 6.34704e-05 5.96689e-05 5.60593e-05 5.26356e-05 4.93916e-05 4.6321e-05 4.34172e-05 4.06736e-05 3.80836e-05 3.56407e-05 3.33382e-05 3.11698e-05 2.91291e-05 2.72099e-05 2.54062e-05 2.37122e-05 2.2122e-05 2.06304e-05 1.92318e-05 1.79214e-05 1.66942e-05 1.55454e-05 1.44707e-05 1.34657e-05 1.25263e-05 1.16487e-05 1.08292e-05 1.00643e-05 9.35052e-06 8.68483e-06 8.06422e-06 7.48585e-06 6.94705e-06 6.44529e-06 5.97819e-06 5.54351e-06 5.13913e-06 4.76307e-06 4.41345e-06 4.08852e-06 3.78662e-06 3.50621e-06 3.24584e-06 3.00413e-06 2.77983e-06 2.57172e-06 2.37869e-06 2.1997e-06 2.03377e-06 1.87998e-06 1.73748e-06 1.60548e-06 1.48322e-06 1.37002e-06 1.26523e-06 1.16824e-06 1.0785e-06 9.9548e-07 9.18693e-07 8.47685e-07 7.82037e-07 7.21354e-07 6.65273e-07 6.13455e-07 5.65585e-07 5.2137e-07 4.80538e-07 4.42839e-07 4.08036e-07 3.75915e-07 3.46272e-07
0.000706705 0.000212625 0.000210304 0.000207126 0.000203224 0.000198718 0.000193714 0.000188308 0.000182585 0.00017662 0.00017048 0.000164224 0.000157904 0.000151563 0.000145242 0.000138973 0.000132785 0.000126702 0.000120745 0.00011493 0.000109271 0.000103778 9.84612e-05 9.33254e-05 8.83752e-05 8.36134e-05 7.90409e-05 7.46578e-05 7.04629e-05 6.64539e-05 6.2628e-05 5.89817e-05 5.55107e-05 5.22105e-05 4.90762e-05 4.61026e-05 4.32842e-05 4.06155e-05 3.80909e-05 3.57045e-05 3.34508e-05 3.1324e-05 2.93185e-05 2.74288e-05 2.56494e-05 2.3975e-05 2.24005e-05 2.09207e-05 1.95309e-05 1.82264e-05 1.70025e-05 1.58549e-05 1.47795e-05 1.37722e-05 1.28291e-05 1.19467e-05 1.11212e-05 1.03496e-05 9.62841e-06 8.95478e-06 8.3258e-06 7.73875e-06 7.19103e-06 6.68022e-06 6.20399e-06 5.76017e-06 5.3467e-06 4.96164e-06 4.60314e-06 4.26949e-06 3.95907e-06 3.67035e-06 3.40188e-06 3.15234e-06 2.92044e-06 2.70501e-06 2.50492e-06 2.31914e-06 2.14669e-06 1.98666e-06 1.83818e-06 1.70047e-06 1.57276e-06 1.45437e-06 1.34464e-06 1.24295e-06 1.14874e-06 1.06149e-06 9.80684e-07 9.05874e-07 8.36628e-07 7.72544e-07 7.1325e-07 6.58399e-07 6.07669e-07 5.60758e-07 5.17387e-07 4.77297e-07 4.40246e-07 4.0601e-07 3.74381e-07
0.000633281 0.000194517 0.000193222 0.000191064 0.000188168 0.000184646 0.000180599 0.000176117 0.000171284 0.000166171 0.000160844 0.00015536 0.00014977 0.000144119 0.000138446 0.000132785 0.000127166 0.000121614 0.00011615 0.000110794 0.00010556 0.00010046 9.55047e-05 9.07017e-05 8.60571e-05 8.15749e-05 7.7258e-05 7.31078e-05 6.91246e-05 6.53077e-05 6.16556e-05 5.81661e-05 5.48362e-05 5.16626e-05 4.86416e-05 4.57689e-05 4.30402e-05 4.04509e-05 3.79961e-05 3.56711e-05 3.34708e-05 3.13903e-05 2.94247e-05 2.75691e-05 2.58185e-05 2.41682e-05 2.26135e-05 2.11498e-05 1.97727e-05 1.84778e-05 1.72609e-05 1.6118e-05 1.50452e-05 1.40387e-05 1.30949e-05 1.22103e-05 1.13816e-05 1.06057e-05 9.87949e-06 9.2001e-06 8.56479e-06 7.97095e-06 7.41609e-06 6.89787e-06 6.41405e-06 5.96252e-06 5.54127e-06 5.14841e-06 4.78217e-06 4.44084e-06 4.12284e-06 3.82668e-06 3.55093e-06 3.29428e-06 3.05547e-06 2.83332e-06 2.62674e-06 2.43468e-06 2.25618e-06 2.09033e-06 1.93626e-06 1.79318e-06 1.66034e-06 1.53704e-06 1.42261e-06 1.31645e-06 1.21798e-06 1.12667e-06 1.04202e-06 9.6355e-07 8.90833e-07 8.2346e-07 7.61051e-07 7.03254e-07 6.49737e-07 6.00195e-07 5.5434e-07 5.11907e-07 4.72647e-07 4.36331e-07 4.02744e-07
0.000567486 0.000177877 0.000177441 0.000176151 0.000174119 0.000171452 0.000168244 0.00016458 0.000160539 0.00015619 0.000151596 0.000146813 0.00014189 0.000136872 0.000131798 0.000126702 0.000121614 0.000116559 0.000111562 0.000106639 0.000101809 9.70842e-05 9.24763e-05 8.79943e-05 8.36456e-05 7.94358e-05 7.53688e-05 7.14476e-05 6.76736e-05 6.40474e-05 6.05688e-05 5.72367e-05 5.40493e-05 5.10044e-05 4.80991e-05 4.53303e-05 4.26946e-05 4.01882e-05 3.78071e-05 3.55472e-05 3.34044e-05 3.13743e-05 2.94527e-05 2.76351e-05 2.59173e-05 2.42951e-05 2.2764e-05 2.13201e-05 1.99593e-05 1.86776e-05 1.7471e-05 1.6336e-05 1.52689e-05 1.42661e-05 1.33243e-05 1.24402e-05 1.16108e-05 1.0833e-05 1.01039e-05 9.42079e-06 8.7811e-06 8.1823e-06 7.62202e-06 7.09799e-06 6.60806e-06 6.1502e-06 5.72246e-06 5.32301e-06 4.95012e-06 4.60213e-06 4.27751e-06 3.97478e-06 3.69256e-06 3.42954e-06 3.18449e-06 2.95626e-06 2.74375e-06 2.54594e-06 2.36187e-06 2.19063e-06 2.03136e-06 1.88328e-06 1.74563e-06 1.61771e-06 1.49886e-06 1.38847e-06 1.28596e-06 1.19079e-06 1.10246e-06 1.02049e-06 9.44441e-07 8.73902e-07 8.0849e-07 7.47842e-07 6.91626e-07 6.39527e-07 5.91254e-07 5.46534e-07 5.05116e-07 4.66761e-07 4.31251e-07
0.000508526 0.000162594 0.000162875 0.000162316 0.000161024 0.000159097 0.000156621 0.000153678 0.00015034 0.000146675 0.000142741 0.000138593 0.000134278 0.000129841 0.000125318 0.000120745 0.00011615 0.000111562 0.000107001 0.000102488 9.80412e-05 9.36735e-05 8.93979e-05 8.52244e-05 8.11614e-05 7.72156e-05 7.33921e-05 6.96948e-05 6.61265e-05 6.26887e-05 5.93823e-05 5.62072e-05 5.31627e-05 5.02474e-05 4.74595e-05 4.47967e-05 4.22565e-05 3.98357e-05 3.75313e-05 3.53399e-05 3.32579e-05 3.12816e-05 2.94074e-05 2.76315e-05 2.595e-05 2.43592e-05 2.28552e-05 2.14344e-05 2.00931e-05 1.88277e-05 1.76346e-05 1.65104e-05 1.54517e-05 1.44554e-05 1.35182e-05 1.26371e-05 1.18092e-05 1.10317e-05 1.03018e-05 9.617e-06 8.97479e-06 8.37279e-06 7.80872e-06 7.28042e-06 6.78582e-06 6.32297e-06 5.89e-06 5.48513e-06 5.10667e-06 4.75304e-06 4.42273e-06 4.1143e-06 3.8264e-06 3.55775e-06 3.30715e-06 3.07346e-06 2.85561e-06 2.65257e-06 2.46341e-06 2.28723e-06 2.12318e-06 1.97046e-06 1.82834e-06 1.69611e-06 1.57312e-06 1.45875e-06 1.35243e-06 1.25361e-06 1.16178e-06 1.07648e-06 9.97251e-07 9.23683e-07 8.55386e-07 7.91997e-07 7.33176e-07 6.78605e-07 6.27989e-07 5.81049e-07 5.37528e-07 4.97186e-07 4.59796e-07
0.000455692 0.000148568 0.000149437 0.000149493 0.00014883 0.000147539 0.0001457 0.00014339 0.000140675 0.000137619 0.000134278 0.000130704 0.000126942 0.000123035 0.00011902 0.00011493 0.000110794 0.000106639 0.000102488 9.83617e-05 9.42765e-05 9.02481e-05 8.62893e-05 8.24113e-05 7.8623e-05 7.49322e-05 7.13449e-05 6.78659e-05 6.44988e-05 6.12462e-05 5.81098e-05 5.50905e-05 5.21884e-05 4.94029e-05 4.67332e-05 4.41778e-05 4.17346e-05 3.94016e-05 3.71763e-05 3.50558e-05 3.30373e-05 3.11178e-05 2.9294e-05 2.75626e-05 2.59204e-05 2.43641e-05 2.28903e-05 2.14955e-05 2.01767e-05 1.89304e-05 1.77535e-05 1.66427e-05 1.55952e-05 1.46077e-05 1.36775e-05 1.28017e-05 1.19775e-05 1.12023e-05 1.04737e-05 9.78902e-06 9.14605e-06 8.5425e-06 7.97622e-06 7.44512e-06 6.94725e-06 6.48071e-06 6.04371e-06 5.63455e-06 5.2516e-06 4.89331e-06 4.55822e-06 4.24495e-06 3.95216e-06 3.67862e-06 3.42315e-06 3.18463e-06 2.962e-06 2.75428e-06 2.56052e-06 2.37985e-06 2.21142e-06 2.05445e-06 1.9082e-06 1.77198e-06 1.64514e-06 1.52706e-06 1.41716e-06 1.3149e-06 1.21978e-06 1.13132e-06 1.04907e-06 9.72622e-07 9.01571e-07 8.35557e-07 7.74236e-07 7.17287e-07 6.6441e-07 6.15324e-07 5.69766e-07 5.27493e-07 4.88275e-07
0.000408348 0.0001357 0.00013705 0.000137616 0.000137485 0.000136739 0.000135452 0.000133695 0.00013153 0.000129016 0.000126206 0.000123149 0.000119889 0.000116466 0.000112916 0.000109271 0.00010556 0.000101809 9.80412e-05 9.42765e-05 9.05328e-05 8.68255e-05 8.31682e-05 7.95722e-05 7.60474e-05 7.26021e-05 6.9243e-05 6.59758e-05 6.28048e-05 5.97335e-05 5.67642e-05 5.38986e-05 5.11376e-05 4.84816e-05 4.59301e-05 4.34825e-05 4.11376e-05 3.88937e-05 3.67491e-05 3.47015e-05 3.27487e-05 3.08882e-05 2.91172e-05 2.7433e-05 2.58327e-05 2.43135e-05 2.28723e-05 2.15063e-05 2.02125e-05 1.89879e-05 1.78296e-05 1.67348e-05 1.57006e-05 1.47244e-05 1.38033e-05 1.29349e-05 1.21164e-05 1.13456e-05 1.062e-05 9.93723e-06 9.29517e-06 8.69165e-06 8.12464e-06 7.59216e-06 7.09233e-06 6.62335e-06 6.18351e-06 5.77116e-06 5.38473e-06 5.02275e-06 4.68379e-06 4.3665e-06 4.0696e-06 3.7919e-06 3.53222e-06 3.28949e-06 3.06267e-06 2.85079e-06 2.65293e-06 2.46822e-06 2.29583e-06 2.13499e-06 1.98497e-06 1.84509e-06 1.71469e-06 1.59316e-06 1.47994e-06 1.37447e-06 1.27626e-06 1.18483e-06 1.09973e-06 1.02055e-06 9.46885e-07 8.78371e-07 8.14663e-07 7.55436e-07 7.00389e-07 6.49237e-07 6.01716e-07 5.57576e-07 5.16586e-07
0.000365922 0.000123903 0.000125638 0.000126624 0.000126939 0.000126657 0.000125846 0.000124571 0.000122889 0.000120855 0.00011852 0.000115928 0.000113122 0.000110139 0.000107014 0.000103778 0.00010046 9.70842e-05 9.36735e-05 9.02481e-05 8.68255e-05 8.34216e-05 8.005e-05 7.67226e-05 7.34496e-05 7.02398e-05 6.71007e-05 6.40383e-05 6.10578e-05 5.8163e-05 5.53573e-05 5.26428e-05 5.00211e-05 4.74932e-05 4.50595e-05 4.27197e-05 4.04733e-05 3.83194e-05 3.62566e-05 3.42834e-05 3.23979e-05 3.05982e-05 2.8882e-05 2.7247e-05 2.56908e-05 2.42109e-05 2.28047e-05 2.14697e-05 2.02031e-05 1.90025e-05 1.78651e-05 1.67883e-05 1.57697e-05 1.48067e-05 1.38969e-05 1.30377e-05 1.22269e-05 1.14622e-05 1.07413e-05 1.00621e-05 9.42252e-06 8.82053e-06 8.2542e-06 7.72167e-06 7.22116e-06 6.75093e-06 6.30937e-06 5.89489e-06 5.50598e-06 5.14123e-06 4.79927e-06 4.47879e-06 4.17855e-06 3.89738e-06 3.63417e-06 3.38784e-06 3.1574e-06 2.9419e-06 2.74042e-06 2.55212e-06 2.3762e-06 2.21188e-06 2.05844e-06 1.91522e-06 1.78156e-06 1.65687e-06 1.54057e-06 1.43213e-06 1.33104e-06 1.23684e-06 1.14907e-06 1.06731e-06 9.91176e-07 9.20294e-07 8.54318e-07 7.92923e-07 7.35803e-07 6.82674e-07 6.33266e-07 5.87331e-07 5.44631e-07
0.000327904 0.000113092 0.000115131 0.000116458 0.000117143 0.000117253 0.000116851 0.000115993 0.000114735 0.000113126 0.000111212 0.000109038 0.000106641 0.000104058 0.000101321 9.84612e-05 9.55047e-05 9.24763e-05 8.93979e-05 8.62893e-05 8.31682e-05 8.005e-05 7.69486e-05 7.38762e-05 7.08432e-05 6.78589e-05 6.49309e-05 6.2066e-05 5.92697e-05 5.65465e-05 5.39002e-05 5.13336e-05 4.88488e-05 4.64473e-05 4.41301e-05 4.18975e-05 3.97496e-05 3.76859e-05 3.57056e-05 3.38076e-05 3.19906e-05 3.0253e-05 2.85932e-05 2.70091e-05 2.54987e-05 2.406e-05 2.26907e-05 2.13886e-05 2.01513e-05 1.89765e-05 1.7862e-05 1.68053e-05 1.58042e-05 1.48563e-05 1.39594e-05 1.31113e-05 1.23099e-05 1.15529e-05 1.08384e-05 1.01643e-05 9.5286e-06 8.92953e-06 8.36521e-06 7.8339e-06 7.33389e-06 6.86356e-06 6.42135e-06 6.00575e-06 5.61533e-06 5.24871e-06 4.90459e-06 4.5817e-06 4.27886e-06 3.99493e-06 3.72882e-06 3.47951e-06 3.24601e-06 3.0274e-06 2.8228e-06 2.63137e-06 2.45232e-06 2.28491e-06 2.12842e-06 1.98219e-06 1.84558e-06 1.718e-06 1.59889e-06 1.48771e-06 1.38396e-06 1.28718e-06 1.19692e-06 1.11276e-06 1.0343e-06 9.61193e-07 8.93075e-07 8.29625e-07 7.70537e-07 7.15523e-07 6.64314e-07 6.16659e-07 5.72319e-07
0.000293836 0.00010319 0.000105463 0.000107063 0.000108052 0.000108491 0.000108436 0.000107939 0.000107049 0.000105814 0.000104276 0.000102474 0.000100446 9.82245e-05 9.58416e-05 9.33254e-05 9.07017e-05 8.79943e-05 8.52244e-05 8.24113e-05 7.95722e-05 7.67226e-05 7.38762e-05 7.10453e-05 6.82405e-05 6.54711e-05 6.27454e-05 6.00703e-05 5.74517e-05 5.48946e-05 5.24032e-05 4.99807e-05 4.76298e-05 4.53525e-05 4.31502e-05 4.10237e-05 3.89736e-05 3.69999e-05 3.51022e-05 3.32799e-05 3.15321e-05 2.98577e-05 2.82553e-05 2.67234e-05 2.52603e-05 2.38643e-05 2.25335e-05 2.1266e-05 2.00596e-05 1.89125e-05 1.78225e-05 1.67876e-05 1.58056e-05 1.48745e-05 1.39923e-05 1.31569e-05 1.23664e-05 1.16187e-05 1.09119e-05 1.02443e-05 9.61395e-06 9.0191e-06 8.45805e-06 7.92914e-06 7.43077e-06 6.96141e-06 6.51957e-06 6.10382e-06 5.71279e-06 5.34517e-06 4.99971e-06 4.67519e-06 4.37046e-06 4.08444e-06 3.81607e-06 3.56436e-06 3.32836e-06 3.10716e-06 2.89992e-06 2.7058e-06 2.52405e-06 2.35393e-06 2.19474e-06 2.04583e-06 1.90658e-06 1.7764e-06 1.65473e-06 1.54105e-06 1.43487e-06 1.33571e-06 1.24315e-06 1.15675e-06 1.07614e-06 1.00094e-06 9.30814e-07 8.65428e-07 8.0448e-07 7.4768e-07 6.9476e-07 6.45466e-07 5.99559e-07
0.000263308 9.41255e-05 9.65714e-05 9.83845e-05 9.96205e-05 0.000100333 0.000100571 0.000100383 9.98147e-05 9.89073e-05 9.77005e-05 9.62312e-05 9.45336e-05 9.26393e-05 9.05775e-05 8.83752e-05 8.60571e-05 8.36456e-05 8.11614e-05 7.8623e-05 7.60474e-05 7.34496e-05 7.08432e-05 6.82405e-05 6.5652e-05 6.30873e-05 6.05547e-05 5.80615e-05 5.56138e-05 5.32169e-05 5.08755e-05 4.85931e-05 4.63728e-05 4.4217e-05 4.21275e-05 4.01057e-05 3.81523e-05 3.62679e-05 3.44526e-05 3.27061e-05 3.10278e-05 2.94171e-05 2.78729e-05 2.63942e-05 2.49795e-05 2.36274e-05 2.23364e-05 2.11047e-05 1.99308e-05 1.88128e-05 1.77488e-05 1.67371e-05 1.57758e-05 1.48631e-05 1.3997e-05 1.31757e-05 1.23975e-05 1.16604e-05 1.09629e-05 1.0303e-05 9.67919e-06 9.08977e-06 8.53315e-06 8.00776e-06 7.5121e-06 7.04472e-06 6.60422e-06 6.18924e-06 5.79848e-06 5.43068e-06 5.08465e-06 4.75923e-06 4.45332e-06 4.16586e-06 3.89585e-06 3.64232e-06 3.40435e-06 3.18107e-06 2.97165e-06 2.77529e-06 2.59124e-06 2.41879e-06 2.25726e-06 2.10601e-06 1.96442e-06 1.83192e-06 1.70796e-06 1.59203e-06 1.48363e-06 1.38231e-06 1.28763e-06 1.19917e-06 1.11656e-06 1.03943e-06 9.67424e-07 9.00226e-07 8.3753e-07 7.79048e-07 7.24511e-07 6.73663e-07 6.26266e-07
0.000235951 8.58302e-05 8.83983e-05 9.03741e-05 9.18064e-05 9.27424e-05 9.3227e-05 9.33031e-05 9.30114e-05 9.23902e-05 9.14757e-05 9.03018e-05 8.89002e-05 8.73003e-05 8.55296e-05 8.36134e-05 8.15749e-05 7.94358e-05 7.72156e-05 7.49322e-05 7.26021e-05 7.02398e-05 6.78589e-05 6.54711e-05 6.30873e-05 6.07169e-05 5.83683e-05 5.60489e-05 5.37651e-05 5.15225e-05 4.93258e-05 4.71791e-05 4.50857e-05 4.30484e-05 4.10693e-05 3.91502e-05 3.72922e-05 3.54961e-05 3.37625e-05 3.20914e-05 3.04827e-05 2.89359e-05 2.74504e-05 2.60254e-05 2.46598e-05 2.33526e-05 2.21024e-05 2.09078e-05 1.97674e-05 1.86797e-05 1.76431e-05 1.66559e-05 1.57166e-05 1.48234e-05 1.39748e-05 1.31689e-05 1.24043e-05 1.16792e-05 1.0992e-05 1.03411e-05 9.725e-06 9.14213e-06 8.59101e-06 8.07018e-06 7.57822e-06 7.11379e-06 6.67554e-06 6.26219e-06 5.87252e-06 5.50534e-06 5.15949e-06 4.83387e-06 4.52744e-06 4.23917e-06 3.96811e-06 3.71331e-06 3.4739e-06 3.24903e-06 3.0379e-06 2.83973e-06 2.6538e-06 2.4794e-06 2.31588e-06 2.1626e-06 2.01898e-06 1.88444e-06 1.75846e-06 1.64051e-06 1.53013e-06 1.42685e-06 1.33025e-06 1.23991e-06 1.15547e-06 1.07654e-06 1.0028e-06 9.33921e-07 8.69594e-07 8.09537e-07 7.53479e-07 7.01167e-07 6.52362e-07
0.000211437 7.82426e-05 8.08895e-05 8.29841e-05 8.45692e-05 8.56863e-05 8.63753e-05 8.66744e-05 8.66204e-05 8.6248e-05 8.55901e-05 8.46778e-05 8.35403e-05 8.22049e-05 8.06972e-05 7.90409e-05 7.7258e-05 7.53688e-05 7.33921e-05 7.13449e-05 6.9243e-05 6.71007e-05 6.49309e-05 6.27454e-05 6.05547e-05 5.83683e-05 5.61945e-05 5.40408e-05 5.19138e-05 4.98192e-05 4.77619e-05 4.57463e-05 4.37759e-05 4.18538e-05 3.99824e-05 3.81637e-05 3.63993e-05 3.46902e-05 3.30374e-05 3.14411e-05 2.99015e-05 2.84186e-05 2.69919e-05 2.5621e-05 2.43051e-05 2.30433e-05 2.18346e-05 2.0678e-05 1.95721e-05 1.85157e-05 1.75075e-05 1.6546e-05 1.56297e-05 1.47573e-05 1.39272e-05 1.3138e-05 1.23881e-05 1.1676e-05 1.10003e-05 1.03595e-05 9.75211e-06 9.17682e-06 8.63219e-06 8.11688e-06 7.62955e-06 7.16894e-06 6.7338e-06 6.32291e-06 5.93512e-06 5.56928e-06 5.22432e-06 4.89919e-06 4.59287e-06 4.3044e-06 4.03285e-06 3.77734e-06 3.53699e-06 3.31101e-06 3.09862e-06 2.89906e-06 2.71163e-06 2.53565e-06 2.37048e-06 2.21551e-06 2.07016e-06 1.93387e-06 1.80612e-06 1.6864e-06 1.57426e-06 1.46923e-06 1.3709e-06 1.27887e-06 1.19275e-06 1.11219e-06 1.03686e-06 9.66421e-07 9.00584e-07 8.3906e-07 7.81584e-07 7.279e-07 6.77771e-07
0.000189469 7.13051e-05 7.39942e-05 7.61703e-05 7.78706e-05 7.91313e-05 7.99878e-05 8.04739e-05 8.06226e-05 8.04652e-05 8.00316e-05 7.935e-05 7.84474e-05 7.7349e-05 7.60784e-05 7.46578e-05 7.31078e-05 7.14476e-05 6.96948e-05 6.78659e-05 6.59758e-05 6.40383e-05 6.2066e-05 6.00703e-05 5.80615e-05 5.60489e-05 5.40408e-05 5.20448e-05 5.00674e-05 4.81144e-05 4.6191e-05 4.43017e-05 4.24501e-05 4.06396e-05 3.88729e-05 3.71522e-05 3.54793e-05 3.38557e-05 3.22823e-05 3.07598e-05 2.92888e-05 2.78694e-05 2.65014e-05 2.51846e-05 2.39186e-05 2.27027e-05 2.15361e-05 2.0418e-05 1.93474e-05 1.83232e-05 1.73442e-05 1.64092e-05 1.5517e-05 1.46663e-05 1.38558e-05 1.30841e-05 1.235e-05 1.16519e-05 1.09887e-05 1.03589e-05 9.76128e-06 9.1945e-06 8.65728e-06 8.14837e-06 7.66654e-06 7.21059e-06 6.77934e-06 6.37168e-06 5.98649e-06 5.62271e-06 5.27931e-06 4.95529e-06 4.6497e-06 4.36161e-06 4.09013e-06 3.8344e-06 3.59362e-06 3.36699e-06 3.15376e-06 2.95322e-06 2.76468e-06 2.58749e-06 2.42102e-06 2.26467e-06 2.11788e-06 1.98012e-06 1.85085e-06 1.72961e-06 1.61593e-06 1.50937e-06 1.4095e-06 1.31595e-06 1.22833e-06 1.14629e-06 1.0695e-06 9.97646e-07 9.30419e-07 8.67543e-07 8.0875e-07 7.5379e-07 7.02425e-07
0.000169784 6.49647e-05 6.76652e-05 6.98912e-05 7.16743e-05 7.30461e-05 7.40376e-05 7.46788e-05 7.4999e-05 7.50264e-05 7.47878e-05 7.4309e-05 7.36146e-05 7.27278e-05 7.16703e-05 7.04629e-05 6.91246e-05 6.76736e-05 6.61265e-05 6.44988e-05 6.28048e-05 6.10578e-05 5.92697e-05 5.74517e-05 5.56138e-05 5.37651e-05 5.19138e-05 5.00674e-05 4.82324e-05 4.64147e-05 4.46196e-05 4.28515e-05 4.11144e-05 3.94119e-05 3.77466e-05 3.61212e-05 3.45376e-05 3.29974e-05 3.1502e-05 3.00523e-05 2.8649e-05 2.72924e-05 2.59827e-05 2.472e-05 2.35038e-05 2.2334e-05 2.12098e-05 2.01307e-05 1.90958e-05 1.81043e-05 1.71553e-05 1.62476e-05 1.53803e-05 1.45521e-05 1.3762e-05 1.30088e-05 1.22912e-05 1.16081e-05 1.09582e-05 1.03404e-05 9.75331e-06 9.19589e-06 8.66692e-06 8.16522e-06 7.68967e-06 7.23913e-06 6.81254e-06 6.40881e-06 6.02691e-06 5.66585e-06 5.32464e-06 5.00235e-06 4.69805e-06 4.41088e-06 4.13999e-06 3.88455e-06 3.64379e-06 3.41696e-06 3.20333e-06 3.0022e-06 2.81293e-06 2.63487e-06 2.46743e-06 2.31001e-06 2.16208e-06 2.02311e-06 1.8926e-06 1.77007e-06 1.65507e-06 1.54718e-06 1.44598e-06 1.35108e-06 1.26213e-06 1.17877e-06 1.10067e-06 1.02752e-06 9.59029e-07 8.94913e-07 8.3491e-07 7.7877e-07 7.26258e-07
0.000152144 5.9172e-05 6.18587e-05 6.41076e-05 6.59458e-05 6.74005e-05 6.84988e-05 6.92669e-05 6.97309e-05 6.99159e-05 6.9846e-05 6.95447e-05 6.90341e-05 6.83355e-05 6.74691e-05 6.64539e-05 6.53077e-05 6.40474e-05 6.26887e-05 6.12462e-05 5.97335e-05 5.8163e-05 5.65465e-05 5.48946e-05 5.32169e-05 5.15225e-05 4.98192e-05 4.81144e-05 4.64147e-05 4.4726e-05 4.30533e-05 4.14015e-05 3.97745e-05 3.8176e-05 3.66088e-05 3.50758e-05 3.3579e-05 3.21203e-05 3.07012e-05 2.93228e-05 2.7986e-05 2.66915e-05 2.54395e-05 2.42304e-05 2.30639e-05 2.19401e-05 2.08584e-05 1.98185e-05 1.88198e-05 1.78615e-05 1.69428e-05 1.60631e-05 1.52212e-05 1.44163e-05 1.36473e-05 1.29133e-05 1.22131e-05 1.15456e-05 1.09099e-05 1.03047e-05 9.72903e-06 9.18174e-06 8.66175e-06 8.16801e-06 7.69945e-06 7.25505e-06 6.83377e-06 6.43464e-06 6.05668e-06 5.69895e-06 5.36053e-06 5.04052e-06 4.73807e-06 4.45234e-06 4.18253e-06 3.92786e-06 3.68758e-06 3.46097e-06 3.24733e-06 3.04601e-06 2.85636e-06 2.67778e-06 2.50968e-06 2.35151e-06 2.20272e-06 2.06281e-06 1.9313e-06 1.80772e-06 1.69162e-06 1.5826e-06 1.48026e-06 1.3842e-06 1.29408e-06 1.20955e-06 1.13028e-06 1.05598e-06 9.86349e-07 9.21109e-07 8.60002e-07 8.02781e-07 7.49213e-07
0.000136337 5.38817e-05 5.65337e-05 5.87831e-05 6.06528e-05 6.21662e-05 6.33464e-05 6.42168e-05 6.47999e-05 6.51183e-05 6.51935e-05 6.50465e-05 6.46976e-05 6.41661e-05 6.34704e-05 6.2628e-05 6.16556e-05 6.05688e-05 5.93823e-05 5.81098e-05 5.67642e-05 5.53573e-05 5.39002e-05 5.24032e-05 5.08755e-05 4.93258e-05 4.77619e-05 4.6191e-05 4.46196e-05 4.30533e-05 4.14976e-05 3.99569e-05 3.84355e-05 3.6937e-05 3.54645e-05 3.40207e-05 3.26081e-05 3.12286e-05 2.98839e-05 2.85753e-05 2.73038e-05 2.60703e-05 2.48753e-05 2.37191e-05 2.2602e-05 2.15239e-05 2.04847e-05 1.94841e-05 1.85216e-05 1.75968e-05 1.67089e-05 1.58575e-05 1.50416e-05 1.42604e-05 1.35132e-05 1.27989e-05 1.21168e-05 1.14657e-05 1.08447e-05 1.02529e-05 9.68927e-06 9.15279e-06 8.64247e-06 8.15735e-06 7.69645e-06 7.25881e-06 6.84349e-06 6.44957e-06 6.07613e-06 5.7223e-06 5.38721e-06 5.07003e-06 4.76994e-06 4.48615e-06 4.21789e-06 3.96443e-06 3.72505e-06 3.49907e-06 3.28581e-06 3.08466e-06 2.89499e-06 2.71621e-06 2.54777e-06 2.38913e-06 2.23976e-06 2.09918e-06 1.96691e-06 1.8425e-06 1.72553e-06 1.61559e-06 1.51229e-06 1.41525e-06 1.32412e-06 1.23858e-06 1.15829e-06 1.08297e-06 1.01232e-06 9.46072e-07 8.83969e-07 8.25767e-07 7.71235e-07
0.000122172 4.9052e-05 5.16523e-05 5.38835e-05 5.57648e-05 5.73159e-05 5.85568e-05 5.95076e-05 6.01882e-05 6.06183e-05 6.08173e-05 6.0804e-05 6.05966e-05 6.02126e-05 5.96689e-05 5.89817e-05 5.81661e-05 5.72367e-05 5.62072e-05 5.50905e-05 5.38986e-05 5.26428e-05 5.13336e-05 4.99807e-05 4.85931e-05 4.71791e-05 4.57463e-05 4.43017e-05 4.28515e-05 4.14015e-05 3.99569e-05 3.85223e-05 3.71019e-05 3.56994e-05 3.43179e-05 3.29603e-05 3.16292e-05 3.03265e-05 2.90541e-05 2.78135e-05 2.66059e-05 2.54322e-05 2.42931e-05 2.31893e-05 2.21209e-05 2.10882e-05 2.00912e-05 1.91298e-05 1.82036e-05 1.73123e-05 1.64556e-05 1.56327e-05 1.48431e-05 1.40862e-05 1.33611e-05 1.26672e-05 1.20035e-05 1.13693e-05 1.07638e-05 1.01859e-05 9.6349e-06 9.10982e-06 8.60978e-06 8.13387e-06 7.68122e-06 7.25093e-06 6.84213e-06 6.45398e-06 6.08561e-06 5.73622e-06 5.40498e-06 5.09112e-06 4.79386e-06 4.51246e-06 4.2462e-06 3.99437e-06 3.7563e-06 3.53133e-06 3.31884e-06 3.1182e-06 2.92884e-06 2.75019e-06 2.58171e-06 2.42288e-06 2.2732e-06 2.13219e-06 1.99941e-06 1.8744e-06 1.75677e-06 1.6461e-06 1.54203e-06 1.44418e-06 1.35222e-06 1.26581e-06 1.18465e-06 1.10844e-06 1.0369e-06 9.69755e-07 9.06763e-07 8.4768e-07 7.92277e-07
0.000109479 4.46443e-05 4.71793e-05 4.9377e-05 5.12531e-05 5.28241e-05 5.41071e-05 5.51193e-05 5.58782e-05 5.64009e-05 5.67047e-05 5.68064e-05 5.67222e-05 5.64681e-05 5.60593e-05 5.55107e-05 5.48362e-05 5.40493e-05 5.31627e-05 5.21884e-05 5.11376e-05 5.00211e-05 4.88488e-05 4.76298e-05 4.63728e-05 4.50857e-05 4.37759e-05 4.24501e-05 4.11144e-05 3.97745e-05 3.84355e-05 3.71019e-05 3.5778e-05 3.44673e-05 3.31732e-05 3.18986e-05 3.0646e-05 2.94177e-05 2.82155e-05 2.7041e-05 2.58957e-05 2.47804e-05 2.36963e-05 2.26438e-05 2.16235e-05 2.06357e-05 1.96805e-05 1.8758e-05 1.7868e-05 1.70103e-05 1.61846e-05 1.53905e-05 1.46274e-05 1.3895e-05 1.31925e-05 1.25192e-05 1.18745e-05 1.12577e-05 1.0668e-05 1.01046e-05 9.56678e-06 9.05362e-06 8.56438e-06 8.09822e-06 7.65434e-06 7.23193e-06 6.83018e-06 6.4483e-06 6.0855e-06 5.74102e-06 5.41411e-06 5.10403e-06 4.81005e-06 4.53148e-06 4.26763e-06 4.01783e-06 3.78146e-06 3.55787e-06 3.34648e-06 3.1467e-06 2.95796e-06 2.77974e-06 2.61151e-06 2.45276e-06 2.30303e-06 2.16185e-06 2.02878e-06 1.9034e-06 1.78531e-06 1.67411e-06 1.56945e-06 1.47096e-06 1.37832e-06 1.2912e-06 1.20931e-06 1.13234e-06 1.06003e-06 9.92114e-07 9.28341e-07 8.68477e-07 8.12297e-07
