0.981604 0.00453175 0.00226941 0.00114168 0.000576927 0.000292815 0.000149248 7.63832e-05 3.92457e-05 2.02401e-05 1.04755e-05 5.43985e-06 2.83373e-06 1.48045e-06 7.75517e-07 4.07243e-07 2.1433e-07 1.13026e-07 5.97105e-08 3.15938e-08 1.67396e-08 8.87967e-09 4.71493e-09 2.50556e-09 1.33232e-09 7.08766e-10 3.77091e-10 2.00486e-10 1.06229e-10 5.55397e-11 2.95471e-11
0.00453175 3.82422e-05 1.92223e-05 9.70946e-06 4.92697e-06 2.51076e-06 1.28441e-06 6.59324e-07 3.39478e-07 1.75254e-07 9.06772e-08 4.70049e-08 2.44037e-08 1.26853e-08 6.60021e-09 3.43649e-09 1.7901e-09 9.32746e-10 4.86068e-10 2.53289e-10 1.31967e-10 6.87386e-11 3.57906e-11 1.86251e-11 9.68307e-12 5.02291e-12 2.58803e-12 1.30309e-12 6.01406e-13 1.76921e-13 8.94481e-14
0.00226941 1.92223e-05 9.65936e-06 4.87743e-06 2.47402e-06 1.26018e-06 6.44348e-07 3.3059e-07 1.70126e-07 8.77787e-08 4.53922e-08 2.35174e-08 1.22031e-08 6.33998e-09 3.29704e-09 1.71581e-09 8.93369e-10 4.65288e-10 2.42366e-10 1.26245e-10 6.57503e-11 3.42342e-11 1.78165e-11 9.26406e-12 4.80642e-12 2.47684e-12 1.24701e-12 5.751e-13 1.68695e-13 8.47874e-14 4.2892e-14
0.00114168 9.70946e-06 4.87743e-06 2.46177e-06 1.24807e-06 6.35363e-07 3.24667e-07 1.66464e-07 8.56055e-08 4.41383e-08 2.28086e-08 1.18087e-08 6.12324e-09 3.17911e-09 1.65217e-09 8.59264e-10 4.47119e-10 2.32736e-10 1.21163e-10 6.30788e-11 3.28347e-11 1.70856e-11 8.88351e-12 4.60895e-12 2.37498e-12 1.19536e-12 5.50627e-13 1.60634e-13 8.08597e-14 4.06555e-14 2.0579e-14
0.000576927 4.92697e-06 2.47402e-06 1.24807e-06 6.32369e-07 3.21705e-07 1.64267e-07 8.41571e-08 4.32429e-08 2.22772e-08 1.15021e-08 5.94992e-09 3.08266e-09 1.59917e-09 8.30423e-10 4.31556e-10 2.24395e-10 1.1672e-10 6.07234e-11 3.15917e-11 1.64323e-11 8.54132e-12 4.43044e-12 2.28245e-12 1.14823e-12 5.28167e-13 1.53118e-13 7.70139e-14 3.87835e-14 1.95072e-14 9.88015e-15
0.000292815 2.51076e-06 1.26018e-06 6.35363e-07 3.21705e-07 1.63535e-07 8.3433e-08 4.27057e-08 2.19231e-08 1.12831e-08 5.81997e-09 3.00768e-09 1.55678e-09 8.06837e-10 4.18593e-10 2.17341e-10 1.12913e-10 5.86833e-11 3.05048e-11 1.58562e-11 8.23739e-12 4.27086e-12 2.19925e-12 1.10563e-12 5.07756e-13 1.46238e-13 7.34391e-14 3.69519e-14 1.86165e-14 9.36718e-15 4.74731e-15
0.000149248 1.28441e-06 6.44348e-07 3.24667e-07 1.64267e-07 8.3433e-08 4.25267e-08 2.1746e-08 1.11518e-08 5.73336e-09 2.95413e-09 1.525e-09 7.88499e-10 4.08226e-10 2.11573e-10 1.09743e-10 5.69581e-11 2.95738e-11 1.53573e-11 7.97165e-12 4.13016e-12 2.12536e-12 1.06754e-12 4.894e-13 1.40014e-13 7.018e-14 3.5255e-14 1.77459e-14 8.94431e-15 4.50216e-15 2.28313e-15
7.63832e-05 6.59324e-07 3.3059e-07 1.66464e-07 8.41571e-08 4.27057e-08 2.1746e-08 1.1108e-08 5.69006e-09 2.92201e-09 1.50382e-09 7.75405e-10 4.00454e-10 2.07088e-10 1.07207e-10 5.55473e-11 2.87984e-11 1.49353e-11 7.74401e-12 4.0083e-12 2.06074e-12 1.03396e-12 4.73097e-13 1.34448e-13 6.72467e-14 3.37149e-14 1.69422e-14 8.53134e-15 4.30182e-15 2.16617e-15 1.09919e-15
3.92457e-05 3.39478e-07 1.70126e-07 8.56055e-08 4.32429e-08 2.19231e-08 1.11518e-08 5.69006e-09 2.91131e-09 1.49323e-09 7.67549e-10 3.95274e-10 2.03885e-10 1.05307e-10 5.44504e-11 2.81783e-11 1.45903e-11 7.5544e-12 3.90525e-12 2.00539e-12 1.00487e-12 4.58842e-13 1.29541e-13 6.46409e-14 3.23367e-14 1.62164e-14 8.15159e-15 4.10639e-15 2.07149e-15 1.04349e-15 5.29833e-16
2.02401e-05 1.75254e-07 8.77787e-08 4.41383e-08 2.22772e-08 1.12831e-08 5.73336e-09 2.92201e-09 1.49323e-09 7.64931e-10 3.92685e-10 2.01964e-10 1.0404e-10 5.36671e-11 2.77134e-11 1.4322e-11 7.40279e-12 3.82097e-12 1.95929e-12 9.80273e-13 4.4663e-13 1.25292e-13 6.23624e-14 3.11213e-14 1.55711e-14 7.81058e-15 3.92746e-15 1.97924e-15 9.98861e-16 5.03353e-16 2.55737e-16
1.04755e-05 9.06772e-08 4.53922e-08 2.28086e-08 1.15021e-08 5.81997e-09 2.95413e-09 1.50382e-09 7.67549e-10 3.92685e-10 2.01324e-10 1.03406e-10 5.31972e-11 2.74035e-11 1.41304e-11 7.28911e-12 3.75545e-12 1.92243e-12 9.60158e-13 4.36459e-13 1.21698e-13 6.04107e-14 3.00686e-14 1.50067e-14 7.50957e-15 3.76778e-15 1.89518e-15 9.55439e-16 4.82383e-16 2.43175e-16 1.23624e-16
5.43985e-06 4.70049e-08 2.35174e-08 1.18087e-08 5.94992e-09 3.00768e-09 1.525e-09 7.75405e-10 3.95274e-10 2.01964e-10 1.03406e-10 5.30406e-11 2.72486e-11 1.40155e-11 7.21334e-12 3.70866e-12 1.89479e-12 9.44518e-13 4.28326e-13 1.18759e-13 5.87852e-14 2.91785e-14 1.45232e-14 7.24881e-15 3.628e-15 1.82071e-15 9.16092e-16 4.6201e-16 2.33355e-16 1.17679e-16 5.98602e-17
2.83373e-06 2.44037e-08 1.22031e-08 6.12324e-09 3.08266e-09 1.55678e-09 7.88499e-10 4.00454e-10 2.03885e-10 1.0404e-10 5.31972e-11 2.72486e-11 1.39772e-11 7.17547e-12 3.68059e-12 1.87637e-12 9.3335e-13 4.22229e-13 1.16474e-13 5.74854e-14 2.84505e-14 1.41205e-14 7.02828e-15 3.50822e-15 1.75612e-15 8.81506e-16 4.43663e-16 2.23831e-16 1.13098e-16 5.70542e-17 2.90382e-17
1.48045e-06 1.26853e-08 6.33998e-09 3.17911e-09 1.59917e-09 8.06837e-10 4.08226e-10 2.07088e-10 1.05307e-10 5.36671e-11 2.74035e-11 1.40155e-11 7.17547e-12 3.67124e-12 1.86716e-12 9.26651e-13 4.18165e-13 1.14843e-13 5.65109e-14 2.78846e-14 1.37985e-14 6.84794e-15 3.40846e-15 1.70148e-15 8.51838e-16 4.27683e-16 2.15314e-16 1.08664e-16 5.49265e-17 2.77175e-17 1.41146e-17
7.75517e-07 6.60021e-09 3.29704e-09 1.65217e-09 8.30423e-10 4.18593e-10 2.11573e-10 1.07207e-10 5.44504e-11 2.77134e-11 1.41304e-11 7.21334e-12 3.68059e-12 1.86716e-12 9.24418e-13 4.16133e-13 1.13864e-13 5.58614e-14 2.74805e-14 1.35571e-14 6.70773e-15 3.32868e-15 1.6568e-15 8.27118e-16 4.14149e-16 2.07974e-16 1.0473e-16 5.28715e-17 2.67343e-17 1.3495e-17 6.87543e-18
4.07243e-07 3.43649e-09 1.71581e-09 8.59264e-10 4.31556e-10 2.17341e-10 1.09743e-10 5.55473e-11 2.81783e-11 1.4322e-11 7.28911e-12 3.70866e-12 1.87637e-12 9.26651e-13 4.16133e-13 1.13538e-13 5.55367e-14 2.72381e-14 1.33962e-14 6.60761e-15 3.26887e-15 1.62205e-15 8.0735e-16 4.03076e-16 2.0185e-16 1.01382e-16 5.10656e-17 2.57871e-17 1.30433e-17 6.58581e-18 3.35686e-18
2.1433e-07 1.7901e-09 8.93369e-10 4.47119e-10 2.24395e-10 1.12913e-10 5.69581e-11 2.87984e-11 1.45903e-11 7.40279e-12 3.75545e-12 1.89479e-12 9.3335e-13 4.18165e-13 1.13864e-13 5.55367e-14 2.71573e-14 1.33158e-14 6.54755e-15 3.229e-15 1.59725e-15 7.92528e-16 3.94467e-16 1.96952e-16 9.86392e-17 4.9551e-17 2.49639e-17 1.26095e-17 6.37972e-18 3.22204e-18 1.64296e-18
1.13026e-07 9.32746e-10 4.65288e-10 2.32736e-10 1.1672e-10 5.86833e-11 2.95738e-11 1.49353e-11 7.5544e-12 3.82097e-12 1.92243e-12 9.44518e-13 4.22229e-13 1.14843e-13 5.58614e-14 2.72381e-14 1.33158e-14 6.52753e-15 3.20907e-15 1.58236e-15 7.8265e-16 3.88319e-16 1.93278e-16 9.65056e-17 4.83375e-17 2.42855e-17 1.22373e-17 6.18254e-18 3.12878e-18 1.5805e-18 8.06198e-19
5.97105e-08 4.86068e-10 2.42366e-10 1.21163e-10 6.07234e-11 3.05048e-11 1.53573e-11 7.74401e-12 3.90525e-12 1.95929e-12 9.60158e-13 4.28326e-13 1.16474e-13 5.65109e-14 2.74805e-14 1.33962e-14 6.54755e-15 3.20907e-15 1.5774e-15 7.77711e-16 3.84631e-16 1.9083e-16 9.49819e-17 4.74271e-17 2.3757e-17 1.19373e-17 6.01601e-18 3.03995e-18 1.53873e-18 7.7742e-19 3.96665e-19
3.15938e-08 2.53289e-10 1.26245e-10 6.30788e-11 3.15917e-11 1.58562e-11 7.97165e-12 4.0083e-12 2.00539e-12 9.80273e-13 4.36459e-13 1.18759e-13 5.74854e-14 2.78846e-14 1.35571e-14 6.60761e-15 3.229e-15 1.58236e-15 7.77711e-16 3.83402e-16 1.89606e-16 9.40678e-17 4.68203e-17 2.33793e-17 1.17118e-17 5.88537e-18 2.96638e-18 1.49915e-18 7.58933e-19 3.83491e-19 1.95712e-19
1.67396e-08 1.31967e-10 6.57503e-11 3.28347e-11 1.64323e-11 8.23739e-12 4.13016e-12 2.06074e-12 1.00487e-12 4.4663e-13 1.21698e-13 5.87852e-14 2.84505e-14 1.37985e-14 6.70773e-15 3.26887e-15 1.59725e-15 7.8265e-16 3.84631e-16 1.89606e-16 9.37631e-17 4.65169e-17 2.31527e-17 1.15614e-17 5.79183e-18 2.91067e-18 1.46716e-18 7.41542e-19 3.75438e-19 1.89726e-19 9.68393e-20
8.87967e-09 6.87386e-11 3.42342e-11 1.70856e-11 8.54132e-12 4.27086e-12 2.12536e-12 1.03396e-12 4.58842e-13 1.25292e-13 6.04107e-14 2.91785e-14 1.41205e-14 6.84794e-15 3.32868e-15 1.62205e-15 7.92528e-16 3.88319e-16 1.9083e-16 9.40678e-17 4.65169e-17 2.30772e-17 1.14861e-17 5.73567e-18 2.87342e-18 1.44407e-18 7.2793e-19 3.67931e-19 1.8629e-19 9.41451e-20 4.80564e-20
4.71493e-09 3.57906e-11 1.78165e-11 8.88351e-12 4.43044e-12 2.19925e-12 1.06754e-12 4.73097e-13 1.29541e-13 6.23624e-14 3.00686e-14 1.45232e-14 7.02828e-15 3.40846e-15 1.6568e-15 8.0735e-16 3.94467e-16 1.93278e-16 9.49819e-17 4.68203e-17 2.31527e-17 1.14861e-17 5.71695e-18 2.85478e-18 1.43016e-18 7.18742e-19 3.62305e-19 1.83125e-19 9.27194e-20 4.68572e-20 2.39182e-20
2.50556e-09 1.86251e-11 9.26406e-12 4.60895e-12 2.28245e-12 1.10563e-12 4.894e-13 1.34448e-13 6.46409e-14 3.11213e-14 1.50067e-14 7.24881e-15 3.50822e-15 1.70148e-15 8.27118e-16 4.03076e-16 1.96952e-16 9.65056e-17 4.74271e-17 2.33793e-17 1.15614e-17 5.73567e-18 2.85478e-18 1.42553e-18 7.14131e-19 3.58881e-19 1.80897e-19 9.14291e-20 4.62894e-20 2.33919e-20 1.19394e-20
1.33232e-09 9.68307e-12 4.80642e-12 2.37498e-12 1.14823e-12 5.07756e-13 1.40014e-13 6.72467e-14 3.23367e-14 1.55711e-14 7.50957e-15 3.628e-15 1.75612e-15 8.51838e-16 4.14149e-16 2.0185e-16 9.86392e-17 4.83375e-17 2.3757e-17 1.17118e-17 5.79183e-18 2.87342e-18 1.43016e-18 7.14131e-19 3.57735e-19 1.79765e-19 9.06048e-20 4.57889e-20 2.31799e-20 1.17126e-20 5.97731e-21
7.08766e-10 5.02291e-12 2.47684e-12 1.19536e-12 5.28167e-13 1.46238e-13 7.018e-14 3.37149e-14 1.62164e-14 7.81058e-15 3.76778e-15 1.82071e-15 8.81506e-16 4.27683e-16 2.07974e-16 1.01382e-16 4.9551e-17 2.42855e-17 1.19373e-17 5.88537e-18 2.91067e-18 1.44407e-18 7.18742e-19 3.58881e-19 1.79765e-19 9.03252e-20 4.552e-20 2.30011e-20 1.16421e-20 5.88185e-21 3.00102e-21
3.77091e-10 2.58803e-12 1.24701e-12 5.50627e-13 1.53118e-13 7.34391e-14 3.5255e-14 1.69422e-14 8.15159e-15 3.92746e-15 1.89518e-15 9.16092e-16 4.43663e-16 2.15314e-16 1.0473e-16 5.10656e-17 2.49639e-17 1.22373e-17 6.01601e-18 2.96638e-18 1.46716e-18 7.2793e-19 3.62305e-19 1.80897e-19 9.06048e-20 4.552e-20 2.29365e-20 1.15876e-20 5.8639e-21 2.96205e-21 1.51085e-21
2.00486e-10 1.30309e-12 5.751e-13 1.60634e-13 7.70139e-14 3.69519e-14 1.77459e-14 8.53134e-15 4.10639e-15 1.97924e-15 9.55439e-16 4.6201e-16 2.23831e-16 1.08664e-16 5.28715e-17 2.57871e-17 1.26095e-17 6.18254e-18 3.03995e-18 1.49915e-18 7.41542e-19 3.67931e-19 1.83125e-19 9.14291e-20 4.57889e-20 2.30011e-20 1.15876e-20 5.85278e-21 2.96108e-21 1.49542e-21 7.62505e-22
1.06229e-10 6.01406e-13 1.68695e-13 8.08597e-14 3.87835e-14 1.86165e-14 8.94431e-15 4.30182e-15 2.07149e-15 9.98861e-16 4.82383e-16 2.33355e-16 1.13098e-16 5.49265e-17 2.67343e-17 1.30433e-17 6.37972e-18 3.12878e-18 1.53873e-18 7.58933e-19 3.75438e-19 1.8629e-19 9.27194e-20 4.62894e-20 2.31799e-20 1.16421e-20 5.8639e-21 2.96108e-21 1.49769e-21 7.56196e-22 3.85434e-22
5.55397e-11 1.76921e-13 8.47874e-14 4.06555e-14 1.95072e-14 9.36718e-15 4.50216e-15 2.16617e-15 1.04349e-15 5.03353e-16 2.43175e-16 1.17679e-16 5.70542e-17 2.77175e-17 1.3495e-17 6.58581e-18 3.22204e-18 1.5805e-18 7.7742e-19 3.83491e-19 1.89726e-19 9.41451e-20 4.68572e-20 2.33919e-20 1.17126e-20 5.88185e-21 2.96205e-21 1.49542e-21 7.56196e-22 3.8173e-22 1.94504e-22
2.95471e-11 8.94481e-14 4.2892e-14 2.0579e-14 9.88015e-15 4.74731e-15 2.28313e-15 1.09919e-15 5.29833e-16 2.55737e-16 1.23624e-16 5.98602e-17 2.90382e-17 1.41146e-17 6.87543e-18 3.35686e-18 1.64296e-18 8.06198e-19 3.96665e-19 1.95712e-19 9.68393e-20 4.80564e-20 2.39182e-20 1.19394e-20 5.97731e-21 3.00102e-21 1.51085e-21 7.62505e-22 3.85434e-22 1.94504e-22 9.90524e-23
