0.673015 0.0322574 0.0221428 0.0151998 0.0104338 0.00716218 0.00491643 0.00337484 0.00231664 0.00159024 0.00109161 0.000749325 0.000514369 0.000353084 0.000242372 0.000166375 0.000114207 7.83962e-05 5.38145e-05 3.69405e-05 2.53576e-05 1.74065e-05 1.19486e-05 8.202e-06 5.6302e-06 3.86481e-06 2.65297e-06 1.82111e-06 1.25009e-06 8.58113e-07 5.89045e-07 4.04346e-07 2.7756e-07 1.90529e-07 1.30787e-07 8.97779e-08 6.16273e-08 4.23036e-08 2.9039e-08 1.99336e-08 1.36833e-08 9.39278e-09 6.4476e-09 4.42591e-09 3.03813e-09 2.0855e-09 1.43158e-09 9.82695e-10 6.74564e-10 4.63049e-10 3.17857e-10 2.1819e-10 1.49775e-10 1.02812e-10 7.05745e-11 4.84453e-11 3.32549e-11 2.28276e-11 1.56698e-11 1.07564e-11 7.38367e-12 5.06847e-12 3.47921e-12 2.38828e-12 1.63942e-12 1.12536e-12 7.72498e-13 5.30275e-13 3.64003e-13 2.49867e-13 1.7152e-13 1.17738e-13 8.08206e-14 5.54787e-14 3.80829e-14 2.61417e-14 1.79448e-14 1.23181e-14 8.45565e-15 5.80431e-15 3.98433e-15 2.73501e-15 1.87743e-15 1.28875e-15 8.8465e-16 6.07261e-16 4.1685e-16 2.86144e-16 1.96421e-16 1.34832e-16 9.25542e-17 6.35332e-17 4.36119e-17 2.9937e-17 2.055e-17 1.41064e-17 9.68325e-18 6.64699e-18 4.56278e-18 3.13208e-18 2.15e-18
0.0322574 0.00805758 0.00591205 0.00431981 0.00314482 0.00228197 0.00165103 0.0011914 0.00085769 0.000616116 0.00044171 0.000316101 0.000225835 0.000161098 0.000114755 8.16351e-05 5.80028e-05 4.11645e-05 2.91829e-05 2.0668e-05 1.46237e-05 1.03378e-05 7.3019e-06 5.15345e-06 3.63442e-06 2.56132e-06 1.80384e-06 1.26957e-06 8.92994e-07 6.27754e-07 4.41052e-07 3.09714e-07 2.17376e-07 1.52494e-07 1.06929e-07 7.49453e-08 5.2506e-08 3.67702e-08 2.57403e-08 1.80122e-08 1.25998e-08 8.81061e-09 6.15891e-09 4.30389e-09 3.00665e-09 2.09977e-09 1.466e-09 1.02324e-09 7.13999e-10 4.98086e-10 3.47376e-10 2.42208e-10 1.68839e-10 1.17667e-10 8.1986e-11 5.71122e-11 3.97764e-11 2.7697e-11 1.9282e-11 1.34211e-11 9.33982e-12 6.49846e-12 4.52068e-12 3.14428e-12 2.18657e-12 1.52032e-12 1.0569e-12 7.34627e-13 5.10542e-13 3.54757e-13 2.46471e-13 1.71214e-13 1.18919e-13 8.25858e-14 5.73456e-14 3.98143e-14 2.76389e-14 1.91845e-14 1.33145e-14 9.23953e-15 6.41096e-15 4.44781e-15 3.08547e-15 2.14017e-15 1.48432e-15 1.02935e-15 7.13763e-16 4.94881e-16 3.43087e-16 2.37829e-16 1.64848e-16 1.14252e-16 7.91779e-17 5.48661e-17 3.8016e-17 2.63385e-17 1.82465e-17 1.26395e-17 8.75482e-18 6.06357e-18 4.19928e-18
0.0221428 0.00591205 0.00441497 0.00327997 0.00242576 0.00178688 0.00131161 0.000959703 0.000700213 0.000509568 0.000369959 0.000268022 0.00019379 0.000139863 0.000100773 7.24955e-05 5.2077e-05 3.73589e-05 2.67665e-05 1.91546e-05 1.36921e-05 9.77717e-06 6.97468e-06 4.97083e-06 3.53955e-06 2.51827e-06 1.79023e-06 1.2717e-06 9.02711e-07 6.40341e-07 4.53929e-07 3.21581e-07 2.27683e-07 1.61109e-07 1.13938e-07 8.05349e-08 5.68956e-08 4.01753e-08 2.83553e-08 2.00037e-08 1.41058e-08 9.94254e-09 7.00519e-09 4.93367e-09 3.4734e-09 2.44443e-09 1.71967e-09 1.20937e-09 8.50218e-10 5.97528e-10 4.19805e-10 2.94852e-10 2.07028e-10 1.45322e-10 1.01978e-10 7.15426e-11 5.01772e-11 3.51831e-11 2.46634e-11 1.72848e-11 1.21107e-11 8.48349e-12 5.94127e-12 4.15994e-12 2.91206e-12 2.03808e-12 1.4261e-12 9.97683e-13 6.97828e-13 4.88e-13 3.41199e-13 2.38515e-13 1.66704e-13 1.16492e-13 8.13904e-14 5.68559e-14 3.97105e-14 2.77309e-14 1.93621e-14 1.35168e-14 9.43467e-15 6.58438e-15 4.5945e-15 3.20553e-15 2.23613e-15 1.55968e-15 1.08771e-15 7.58461e-16 5.28805e-16 3.68639e-16 2.56951e-16 1.7908e-16 1.24792e-16 8.69515e-17 6.05779e-17 4.21988e-17 2.93925e-17 2.04703e-17 1.42548e-17 9.92552e-18 6.91031e-18
0.0151998 0.00431981 0.00327997 0.00247482 0.00185717 0.00138705 0.0010316 0.00076437 0.000564472 0.000415594 0.000305145 0.00022349 0.000163312 0.000119086 8.66689e-05 6.29627e-05 4.56642e-05 3.30668e-05 2.39097e-05 1.72649e-05 1.24507e-05 8.96809e-06 6.45224e-06 4.63716e-06 3.32928e-06 2.38796e-06 1.71122e-06 1.22518e-06 8.76467e-07 6.26502e-07 4.47486e-07 3.19389e-07 2.27801e-07 1.62369e-07 1.15656e-07 8.23318e-08 5.85744e-08 4.16486e-08 2.95974e-08 2.10221e-08 1.49237e-08 1.05892e-08 7.50999e-09 5.32372e-09 3.77223e-09 2.67172e-09 1.89148e-09 1.33856e-09 9.46892e-10 6.69571e-10 4.73295e-10 3.34433e-10 2.36229e-10 1.66805e-10 1.17745e-10 8.30869e-11 5.8612e-11 4.1334e-11 2.91405e-11 2.05381e-11 1.44711e-11 1.01934e-11 7.17827e-12 5.05365e-12 3.55696e-12 2.50289e-12 1.76075e-12 1.23836e-12 8.70757e-13 6.12131e-13 4.30223e-13 3.02306e-13 2.12376e-13 1.49167e-13 1.04749e-13 7.3542e-14 5.16221e-14 3.62286e-14 2.54205e-14 1.78334e-14 1.25084e-14 8.7719e-15 6.15045e-15 4.31166e-15 3.02209e-15 2.11786e-15 1.48393e-15 1.03959e-15 7.2818e-16 5.09974e-16 3.571e-16 2.50015e-16 1.75016e-16 1.22497e-16 8.57255e-17 5.99836e-17 4.19658e-17 2.9356e-17 2.05325e-17 1.43591e-17 1.00405e-17
0.0104338 0.00314482 0.00242576 0.00185717 0.00141277 0.00106875 0.000804564 0.000603075 0.000450308 0.000335078 0.000248555 0.000183851 0.000135637 9.98289e-05 7.33127e-05 5.37301e-05 3.93039e-05 2.87005e-05 2.09233e-05 1.523e-05 1.10699e-05 8.03515e-06 5.82488e-06 4.21748e-06 3.05014e-06 2.2035e-06 1.59021e-06 1.14649e-06 8.25802e-07 5.94281e-07 4.27303e-07 3.06989e-07 2.20378e-07 1.58083e-07 1.13315e-07 8.1169e-08 5.81032e-08 4.15653e-08 2.9716e-08 2.1232e-08 1.51614e-08 1.08204e-08 7.7182e-09 5.5025e-09 3.92089e-09 2.79251e-09 1.98793e-09 1.41451e-09 1.00604e-09 7.15216e-10 5.08248e-10 3.61024e-10 2.56344e-10 1.81946e-10 1.29091e-10 9.1557e-11 6.49129e-11 4.60064e-11 3.25955e-11 2.30863e-11 1.63459e-11 1.15698e-11 8.18669e-12 5.79109e-12 4.09529e-12 2.89523e-12 2.04625e-12 1.44583e-12 1.02131e-12 7.21241e-13 5.09205e-13 3.59415e-13 2.53624e-13 1.78929e-13 1.26202e-13 8.89922e-14 6.2739e-14 4.42207e-14 3.11615e-14 2.19542e-14 1.54641e-14 1.08903e-14 7.66778e-15 5.39772e-15 3.79897e-15 2.67324e-15 1.88073e-15 1.32292e-15 9.30385e-16 6.54203e-16 4.59924e-16 3.23283e-16 2.27198e-16 1.59645e-16 1.12158e-16 7.87839e-17 5.53317e-17 3.88545e-17 2.72798e-17 1.91502e-17 1.34413e-17
0.00716218 0.00228197 0.00178688 0.00138705 0.00106875 0.000818252 0.000622995 0.000472016 0.000356074 0.000267568 0.000200356 0.000149552 0.000111306 8.26214e-05 6.11791e-05 4.51993e-05 3.33234e-05 2.45199e-05 1.80093e-05 1.32049e-05 9.66668e-06 7.06587e-06 5.15747e-06 3.75946e-06 2.73692e-06 1.9901e-06 1.44541e-06 1.04866e-06 7.6002e-07 5.50282e-07 3.98048e-07 2.87667e-07 2.07715e-07 1.4986e-07 1.08032e-07 7.78196e-08 5.60148e-08 4.02909e-08 2.89609e-08 2.08032e-08 1.49338e-08 1.07138e-08 7.68168e-09 5.50449e-09 3.94217e-09 2.82175e-09 2.01871e-09 1.44346e-09 1.03163e-09 7.36942e-10 5.26187e-10 3.75534e-10 2.67896e-10 1.91028e-10 1.36159e-10 9.70103e-11 6.90903e-11 4.91868e-11 3.50039e-11 2.49014e-11 1.77082e-11 1.25885e-11 8.9459e-12 6.35519e-12 4.51327e-12 3.20416e-12 2.27406e-12 1.61346e-12 1.14441e-12 8.11482e-13 5.75243e-13 4.07664e-13 2.88824e-13 2.04572e-13 1.44859e-13 1.02549e-13 7.25784e-14 5.1354e-14 3.63275e-14 2.56917e-14 1.81655e-14 1.28411e-14 9.07519e-15 6.4123e-15 4.52978e-15 3.19924e-15 2.25904e-15 1.59482e-15 1.12567e-15 7.94366e-16 5.60461e-16 3.95354e-16 2.78833e-16 1.96616e-16 1.38616e-16 9.77081e-17 6.88603e-17 4.8521e-17 3.41834e-17 2.40784e-17 1.69576e-17
0.00491643 0.00165103 0.00131161 0.0010316 0.000804564 0.000622995 0.000479402 0.000366894 0.000279435 0.000211908 0.000160078 0.0001205 9.04189e-05 6.7649e-05 5.04774e-05 3.75713e-05 2.79009e-05 2.06754e-05 1.52906e-05 1.12871e-05 8.31736e-06 6.1189e-06 4.49458e-06 3.29662e-06 2.41461e-06 1.76626e-06 1.29039e-06 9.4161e-07 6.86325e-07 4.99713e-07 3.63465e-07 2.64105e-07 1.91725e-07 1.39056e-07 1.00767e-07 7.29603e-08 5.27842e-08 3.81579e-08 2.75639e-08 1.98968e-08 1.43524e-08 1.0346e-08 7.45313e-09 5.36576e-09 3.86064e-09 2.77607e-09 1.99505e-09 1.43296e-09 1.02868e-09 7.38077e-10 5.29299e-10 3.79389e-10 2.71807e-10 1.9464e-10 1.39318e-10 9.96751e-11 7.12819e-11 5.09553e-11 3.641e-11 2.60062e-11 1.85679e-11 1.32521e-11 9.45456e-12 6.74281e-12 4.80712e-12 3.42592e-12 2.44074e-12 1.73829e-12 1.2376e-12 8.80841e-13 6.26729e-13 4.45789e-13 3.16992e-13 2.2534e-13 1.60141e-13 1.13775e-13 8.08104e-14 5.73814e-14 4.07341e-14 2.89089e-14 2.05113e-14 1.45494e-14 1.03178e-14 7.31519e-15 5.18513e-15 3.67444e-15 2.60328e-15 1.84397e-15 1.30584e-15 9.24545e-16 6.54446e-16 4.63156e-16 3.2771e-16 2.31826e-16 1.63963e-16 1.15943e-16 8.19704e-17 5.7941e-17 4.09479e-17 2.89332e-17 2.044e-17
0.00337484 0.0011914 0.000959703 0.00076437 0.000603075 0.000472016 0.000366894 0.00028347 0.000217854 0.000166636 0.000126921 9.63023e-05 7.28164e-05 5.48836e-05 4.12469e-05 3.09152e-05 2.31139e-05 1.72413e-05 1.28332e-05 9.53283e-06 7.0679e-06 5.23105e-06 3.8651e-06 2.85133e-06 2.10033e-06 1.54494e-06 1.13488e-06 8.32596e-07 6.10084e-07 4.46519e-07 3.26443e-07 2.38404e-07 1.73931e-07 1.2677e-07 9.23103e-08 6.71571e-08 4.88154e-08 3.54535e-08 2.57284e-08 1.86564e-08 1.35182e-08 9.78802e-09 7.08218e-09 5.12088e-09 3.7003e-09 2.67211e-09 1.92843e-09 1.39089e-09 1.00261e-09 7.2231e-10 5.2009e-10 3.74285e-10 2.69216e-10 1.93545e-10 1.39075e-10 9.98865e-11 7.17073e-11 5.14544e-11 3.69054e-11 2.64587e-11 1.89611e-11 1.35825e-11 9.72575e-12 6.96136e-12 4.98079e-12 3.56237e-12 2.54695e-12 1.82031e-12 1.30052e-12 9.28836e-13 6.63154e-13 4.73311e-13 3.37705e-13 2.40875e-13 1.71755e-13 1.22432e-13 8.72469e-14 6.21553e-14 4.4267e-14 3.15181e-14 2.24347e-14 1.59647e-14 1.13576e-14 8.07784e-15 5.74372e-15 4.08301e-15 2.90175e-15 2.06173e-15 1.46454e-15 1.04008e-15 7.38463e-16 5.24194e-16 3.72013e-16 2.63953e-16 1.87241e-16 1.32795e-16 9.41607e-17 6.67524e-17 4.73124e-17 3.35271e-17 2.37536e-17
0.00231664 0.00085769 0.000700213 0.000564472 0.000450308 0.000356074 0.000279435 0.000217854 0.000168864 0.000130221 9.99621e-05 7.64176e-05 5.82e-05 4.41741e-05 3.34234e-05 2.52163e-05 1.89737e-05 1.42412e-05 1.06644e-05 7.9688e-06 5.94252e-06 4.42307e-06 3.28625e-06 2.4375e-06 1.80507e-06 1.33471e-06 9.85503e-07 7.26665e-07 5.35113e-07 3.93566e-07 2.89117e-07 2.12147e-07 1.555e-07 1.13859e-07 8.32863e-08 6.08641e-08 4.44372e-08 3.24149e-08 2.3625e-08 1.72043e-08 1.25186e-08 9.10206e-09 6.61301e-09 4.80114e-09 3.48326e-09 2.52541e-09 1.82976e-09 1.32489e-09 9.58725e-10 6.93344e-10 5.01129e-10 3.61996e-10 2.61347e-10 1.88581e-10 1.36004e-10 9.80352e-11 7.06314e-11 5.08631e-11 3.66102e-11 2.63391e-11 1.89411e-11 1.3615e-11 9.78236e-12 7.02567e-12 5.04375e-12 3.61947e-12 2.59636e-12 1.86174e-12 1.33447e-12 9.56183e-13 6.84882e-13 4.90384e-13 3.51e-13 2.51149e-13 1.79643e-13 1.28454e-13 9.18221e-14 6.5616e-14 4.68747e-14 3.34762e-14 2.39004e-14 1.70588e-14 1.21721e-14 8.68286e-15 6.19212e-15 4.41467e-15 3.14659e-15 2.24217e-15 1.5973e-15 1.13761e-15 8.10012e-16 5.76612e-16 4.10365e-16 2.91981e-16 2.077e-16 1.47713e-16 1.05027e-16 7.46603e-17 5.30617e-17 3.77032e-17 2.67845e-17
0.00159024 0.000616116 0.000509568 0.000415594 0.000335078 0.000267568 0.000211908 0.000166636 0.000130221 0.000101204 7.82663e-05 6.02597e-05 4.62101e-05 3.53069e-05 2.68862e-05 2.04109e-05 1.54511e-05 1.16656e-05 8.78602e-06 6.60206e-06 4.95033e-06 3.70435e-06 2.76672e-06 2.06272e-06 1.53525e-06 1.14083e-06 8.46445e-07 6.27117e-07 4.63979e-07 3.42828e-07 2.52993e-07 1.86474e-07 1.37286e-07 1.00962e-07 7.41695e-08 5.44317e-08 3.99073e-08 2.92309e-08 2.13913e-08 1.56406e-08 1.14261e-08 8.34046e-09 6.08328e-09 4.43356e-09 3.22883e-09 2.34978e-09 1.70885e-09 1.24191e-09 9.01967e-10 6.54658e-10 4.74864e-10 3.44241e-10 2.49403e-10 1.8059e-10 1.30691e-10 9.45282e-11 6.83359e-11 4.93757e-11 3.56583e-11 2.57392e-11 1.85704e-11 1.33921e-11 9.65328e-12 6.95519e-12 5.00904e-12 3.60592e-12 2.59475e-12 1.86638e-12 1.34193e-12 9.64475e-13 6.92925e-13 4.97644e-13 3.57267e-13 2.56395e-13 1.83939e-13 1.31914e-13 9.45708e-14 6.77766e-14 4.85581e-14 3.47779e-14 2.49006e-14 1.7823e-14 1.27533e-14 9.12288e-15 6.52402e-15 4.66417e-15 3.33357e-15 2.38191e-15 1.70146e-15 1.21507e-15 8.67493e-16 6.19181e-16 4.41833e-16 3.15203e-16 2.24809e-16 1.60299e-16 1.14273e-16 8.1443e-17 5.80314e-17 4.13401e-17 2.94431e-17
0.00109161 0.00044171 0.000369959 0.000305145 0.000248555 0.000200356 0.000160078 0.000126921 9.99621e-05 7.82663e-05 6.09582e-05 4.72542e-05 3.6475e-05 2.80456e-05 2.14878e-05 1.64097e-05 1.2494e-05 9.48608e-06 7.18364e-06 5.42686e-06 4.0904e-06 3.07651e-06 2.30929e-06 1.73012e-06 1.29389e-06 9.66011e-07 7.2006e-07 5.35909e-07 3.98273e-07 2.95575e-07 2.19067e-07 1.62158e-07 1.19886e-07 8.85312e-08 6.53036e-08 4.81185e-08 3.54191e-08 2.60454e-08 1.91341e-08 1.40438e-08 1.02985e-08 7.54549e-09 5.52382e-09 4.04056e-09 2.95327e-09 2.15694e-09 1.57417e-09 1.14804e-09 8.36691e-10 6.09368e-10 4.43518e-10 3.22603e-10 2.34507e-10 1.70366e-10 1.23697e-10 8.97605e-11 6.50985e-11 4.7187e-11 3.41857e-11 2.47538e-11 1.79152e-11 1.29595e-11 9.37018e-12 6.77178e-12 4.89169e-12 3.532e-12 2.54913e-12 1.83898e-12 1.32612e-12 9.55886e-13 6.88741e-13 4.96061e-13 3.57146e-13 2.57035e-13 1.84918e-13 1.32986e-13 9.56046e-14 6.87067e-14 4.93594e-14 3.54482e-14 2.54493e-14 1.82648e-14 1.31044e-14 9.39896e-15 6.73923e-15 4.83069e-15 3.46161e-15 2.47982e-15 1.77598e-15 1.27154e-15 9.10133e-16 6.51266e-16 4.65903e-16 3.33209e-16 2.38245e-16 1.70302e-16 1.21704e-16 8.69528e-17 6.2109e-17 4.43527e-17 3.16652e-17
0.000749325 0.000316101 0.000268022 0.00022349 0.000183851 0.000149552 0.0001205 9.63023e-05 7.64176e-05 6.02597e-05 4.72542e-05 3.68708e-05 2.86395e-05 2.21547e-05 1.70741e-05 1.31134e-05 1.00395e-05 7.66354e-06 5.8339e-06 4.42975e-06 3.35554e-06 2.53613e-06 1.91277e-06 1.43977e-06 1.08169e-06 8.11229e-07 6.07363e-07 4.54e-07 3.38844e-07 2.52528e-07 1.87939e-07 1.39683e-07 1.03685e-07 7.68707e-08 5.6924e-08 4.21056e-08 3.1111e-08 2.29633e-08 1.69324e-08 1.24733e-08 9.17991e-09 6.74998e-09 4.95891e-09 3.64002e-09 2.66971e-09 1.95651e-09 1.43273e-09 1.04839e-09 7.66595e-10 5.6015e-10 4.09021e-10 2.98469e-10 2.17656e-10 1.58624e-10 1.15532e-10 8.40962e-11 6.11783e-11 4.44807e-11 3.23226e-11 2.34751e-11 1.70403e-11 1.23631e-11 8.9651e-12 6.49788e-12 4.70738e-12 3.40865e-12 2.4671e-12 1.78483e-12 1.29067e-12 9.32923e-13 6.74052e-13 4.86813e-13 3.51443e-13 2.53615e-13 1.82947e-13 1.3192e-13 9.50898e-14 6.85169e-14 4.9352e-14 3.55351e-14 2.55776e-14 1.84041e-14 1.3238e-14 9.51894e-15 6.84249e-15 4.91701e-15 3.53226e-15 2.53671e-15 1.8212e-15 1.30712e-15 9.37879e-16 6.72749e-16 4.82432e-16 3.45858e-16 2.4788e-16 1.7761e-16 1.27226e-16 9.11116e-17 6.52317e-17 4.6691e-17 3.34117e-17
0.000514369 0.000225835 0.00019379 0.000163312 0.000135637 0.000111306 9.04189e-05 7.28164e-05 5.82e-05 4.62101e-05 3.6475e-05 2.86395e-05 2.23805e-05 1.74141e-05 1.34965e-05 1.04224e-05 8.02172e-06 6.15497e-06 4.70909e-06 3.59324e-06 2.73494e-06 2.07678e-06 1.57352e-06 1.18973e-06 8.97787e-07 6.76219e-07 5.08433e-07 3.81637e-07 2.86004e-07 2.14009e-07 1.59904e-07 1.19312e-07 8.89055e-08 6.61636e-08 4.91787e-08 3.65109e-08 2.70756e-08 2.00567e-08 1.48417e-08 1.09716e-08 8.10268e-09 5.97831e-09 4.40689e-09 3.24565e-09 2.38836e-09 1.75605e-09 1.29011e-09 9.4706e-10 6.94704e-10 5.09217e-10 3.72989e-10 2.73016e-10 1.99704e-10 1.45982e-10 1.06644e-10 7.78573e-11 5.68068e-11 4.14232e-11 3.01881e-11 2.19879e-11 1.60064e-11 1.16458e-11 8.4687e-12 6.15519e-12 4.47145e-12 3.24671e-12 2.35629e-12 1.70927e-12 1.23935e-12 8.98216e-13 6.50694e-13 4.71178e-13 3.41044e-13 2.46749e-13 1.78453e-13 1.29009e-13 9.32276e-14 6.73447e-14 4.86294e-14 3.51022e-14 2.53286e-14 1.82698e-14 1.31736e-14 9.4957e-15 6.84229e-15 4.9287e-15 3.54912e-15 2.55488e-15 1.83858e-15 1.3227e-15 9.51274e-16 6.83944e-16 4.91594e-16 3.53237e-16 2.53748e-16 1.82228e-16 1.3083e-16 9.39033e-17 6.7381e-17 4.83369e-17 3.46662e-17
0.000353084 0.000161098 0.000139863 0.000119086 9.98289e-05 8.26214e-05 6.7649e-05 5.48836e-05 4.41741e-05 3.53069e-05 2.80456e-05 2.21547e-05 1.74141e-05 1.36261e-05 1.06182e-05 8.24298e-06 6.3768e-06 4.91722e-06 3.78037e-06 2.89824e-06 2.21614e-06 1.69043e-06 1.28646e-06 9.76901e-07 7.4031e-07 5.59929e-07 4.22719e-07 3.18574e-07 2.39687e-07 1.80048e-07 1.35044e-07 1.01142e-07 7.56454e-08 5.65012e-08 4.21481e-08 3.14026e-08 2.3369e-08 1.73709e-08 1.28982e-08 9.56707e-09 7.08901e-09 5.24766e-09 3.8809e-09 2.86747e-09 2.1168e-09 1.5613e-09 1.15061e-09 8.47262e-10 6.23399e-10 4.58334e-10 3.36725e-10 2.47204e-10 1.81355e-10 1.32955e-10 9.74079e-11 7.13182e-11 5.21833e-11 3.81589e-11 2.78868e-11 2.03679e-11 1.48678e-11 1.08468e-11 7.90901e-12 5.76381e-12 4.19827e-12 3.0564e-12 2.22399e-12 1.61749e-12 1.17583e-12 8.54366e-13 6.20503e-13 4.50453e-13 3.26861e-13 2.37077e-13 1.71883e-13 1.24565e-13 9.02364e-14 6.53423e-14 4.72974e-14 3.42226e-14 2.47528e-14 1.78968e-14 1.2935e-14 9.34552e-15 6.74975e-15 4.87329e-15 3.51729e-15 2.53776e-15 1.83041e-15 1.3198e-15 9.51323e-16 6.85508e-16 4.93814e-16 3.55617e-16 2.56019e-16 1.84262e-16 1.32578e-16 9.53643e-17 6.85768e-17 4.93002e-17 3.54325e-17
0.000242372 0.000114755 0.000100773 8.66689e-05 7.33127e-05 6.11791e-05 5.04774e-05 4.12469e-05 3.34234e-05 2.68862e-05 2.14878e-05 1.70741e-05 1.34965e-05 1.06182e-05 8.31781e-06 6.49011e-06 5.04564e-06 3.90947e-06 3.0197e-06 2.32565e-06 1.78625e-06 1.36846e-06 1.04588e-06 7.97533e-07 6.0686e-07 4.6084e-07 3.49285e-07 2.64253e-07 1.99575e-07 1.50479e-07 1.13282e-07 8.51516e-08 6.39142e-08 4.79073e-08 3.58616e-08 2.68105e-08 2.00192e-08 1.49306e-08 1.11228e-08 8.27709e-09 6.1529e-09 4.56919e-09 3.38976e-09 2.51238e-09 1.86037e-09 1.37633e-09 1.01735e-09 7.5137e-10 5.54474e-10 4.08849e-10 3.01239e-10 2.21785e-10 1.63169e-10 1.19959e-10 8.81313e-11 6.47045e-11 4.74737e-11 3.48092e-11 2.55073e-11 1.86797e-11 1.36716e-11 1.00003e-11 7.31077e-12 5.3416e-12 3.90072e-12 2.84701e-12 2.07686e-12 1.51428e-12 1.10354e-12 8.03823e-13 5.85229e-13 4.25881e-13 3.0978e-13 2.25228e-13 1.63682e-13 1.18903e-13 8.63383e-14 6.26661e-14 4.54658e-14 3.29734e-14 2.39041e-14 1.73227e-14 1.25485e-14 9.08675e-15 6.57759e-15 4.75958e-15 3.44285e-15 2.48952e-15 1.79956e-15 1.30038e-15 9.3936e-16 6.78348e-16 4.89705e-16 3.5341e-16 2.54971e-16 1.83894e-16 1.32592e-16 9.55732e-17 6.88699e-17 4.96133e-17 3.57309e-17
0.000166375 8.16351e-05 7.24955e-05 6.29627e-05 5.37301e-05 4.51993e-05 3.75713e-05 3.09152e-05 2.52163e-05 2.04109e-05 1.64097e-05 1.31134e-05 1.04224e-05 8.24298e-06 6.49011e-06 5.08904e-06 3.97536e-06 3.09456e-06 2.4011e-06 1.85742e-06 1.43278e-06 1.1023e-06 8.45942e-07 6.47682e-07 4.9479e-07 3.77198e-07 2.86983e-07 2.17933e-07 1.65199e-07 1.25012e-07 9.44461e-08 7.12425e-08 5.36593e-08 4.03579e-08 3.03121e-08 2.27368e-08 1.7033e-08 1.27445e-08 9.52455e-09 7.11005e-09 5.30182e-09 3.94928e-09 2.93878e-09 2.18468e-09 1.62252e-09 1.2039e-09 8.92487e-10 6.61049e-10 4.89213e-10 3.61747e-10 2.67279e-10 1.97328e-10 1.45574e-10 1.07315e-10 7.90539e-11 5.8195e-11 4.28108e-11 3.14726e-11 2.31223e-11 1.69768e-11 1.2457e-11 9.13506e-12 6.69505e-12 4.90396e-12 3.59001e-12 2.62668e-12 1.92082e-12 1.4039e-12 1.02557e-12 7.48812e-13 5.46472e-13 3.98615e-13 2.90625e-13 2.11793e-13 1.54274e-13 1.12326e-13 8.17485e-14 5.94691e-14 4.32435e-14 3.14319e-14 2.28372e-14 1.65861e-14 1.20413e-14 8.73851e-15 6.33924e-15 4.597e-15 3.33238e-15 2.41478e-15 1.74924e-15 1.26668e-15 9.16936e-16 6.63536e-16 4.80005e-16 3.47125e-16 2.5095e-16 1.81364e-16 1.31033e-16 9.46404e-17 6.83348e-17 4.93263e-17 3.55949e-17
0.000114207 5.80028e-05 5.2077e-05 4.56642e-05 3.93039e-05 3.33234e-05 2.79009e-05 2.31139e-05 1.89737e-05 1.54511e-05 1.2494e-05 1.00395e-05 8.02172e-06 6.3768e-06 5.04564e-06 3.97536e-06 3.11985e-06 2.43958e-06 1.90123e-06 1.47705e-06 1.14415e-06 8.8385e-07 6.81013e-07 5.23453e-07 4.01425e-07 3.07178e-07 2.34575e-07 1.78782e-07 1.36007e-07 1.03283e-07 7.83003e-08 5.92647e-08 4.47875e-08 3.37968e-08 2.54669e-08 1.91639e-08 1.4402e-08 1.08097e-08 8.10355e-09 6.06775e-09 4.53825e-09 3.39059e-09 2.53048e-09 1.88663e-09 1.40521e-09 1.04563e-09 7.77341e-10 5.7737e-10 4.28467e-10 3.17695e-10 2.35368e-10 1.74234e-10 1.28879e-10 9.52578e-11 7.03555e-11 5.19257e-11 3.82968e-11 2.82257e-11 2.07892e-11 1.5302e-11 1.12559e-11 8.27458e-12 6.07921e-12 4.46366e-12 3.27554e-12 2.40231e-12 1.7609e-12 1.29005e-12 9.44593e-13 6.91287e-13 5.05652e-13 3.69682e-13 2.70142e-13 1.9731e-13 1.44046e-13 1.05113e-13 7.66674e-14 5.58953e-14 4.07334e-14 2.96716e-14 2.16047e-14 1.57245e-14 1.14401e-14 8.31979e-15 6.04817e-15 4.3951e-15 3.19264e-15 2.3183e-15 1.6828e-15 1.22106e-15 8.85709e-16 6.42234e-16 4.65529e-16 3.3733e-16 2.44353e-16 1.76946e-16 1.28092e-16 9.26978e-17 6.70625e-17 4.85017e-17 3.50673e-17
7.83962e-05 4.11645e-05 3.73589e-05 3.30668e-05 2.87005e-05 2.45199e-05 2.06754e-05 1.72413e-05 1.42412e-05 1.16656e-05 9.48608e-06 7.66354e-06 6.15497e-06 4.91722e-06 3.90947e-06 3.09456e-06 2.43958e-06 1.91603e-06 1.49961e-06 1.16989e-06 9.09909e-07 7.05699e-07 5.45864e-07 4.21172e-07 3.24195e-07 2.48989e-07 1.90824e-07 1.45952e-07 1.11417e-07 8.48987e-08 6.45792e-08 4.90411e-08 3.71822e-08 2.81479e-08 2.12775e-08 1.60614e-08 1.21076e-08 9.11525e-09 6.85382e-09 5.14721e-09 3.86103e-09 2.89298e-09 2.16528e-09 1.61892e-09 1.20919e-09 9.02259e-10 6.72595e-10 5.00924e-10 3.72734e-10 2.77106e-10 2.05836e-10 1.52771e-10 1.13294e-10 8.3953e-11 6.21632e-11 4.59947e-11 3.4007e-11 2.51259e-11 1.85514e-11 1.3688e-11 1.0093e-11 7.43736e-12 5.47707e-12 4.03099e-12 2.96494e-12 2.17955e-12 1.60129e-12 1.17579e-12 8.62885e-13 6.32911e-13 4.63986e-13 3.39972e-13 2.48979e-13 1.82251e-13 1.33341e-13 9.7511e-14 7.12756e-14 5.2075e-14 3.80298e-14 2.77605e-14 2.02554e-14 1.47731e-14 1.07702e-14 7.84865e-15 5.71732e-15 4.16311e-15 3.03022e-15 2.20478e-15 1.60359e-15 1.1659e-15 8.47361e-16 6.15633e-16 4.47118e-16 3.24618e-16 2.35599e-16 1.70934e-16 1.23977e-16 8.98901e-17 6.51543e-17 4.72103e-17 3.41975e-17
5.38145e-05 2.91829e-05 2.67665e-05 2.39097e-05 2.09233e-05 1.80093e-05 1.52906e-05 1.28332e-05 1.06644e-05 8.78602e-06 7.18364e-06 5.8339e-06 4.70909e-06 3.78037e-06 3.0197e-06 2.4011e-06 1.90123e-06 1.49961e-06 1.17858e-06 9.23179e-07 7.20871e-07 5.61253e-07 4.35779e-07 3.37482e-07 2.6072e-07 2.00953e-07 1.54549e-07 1.18613e-07 9.08534e-08 6.94596e-08 5.30081e-08 4.03837e-08 3.07154e-08 2.33251e-08 1.76862e-08 1.3391e-08 1.01249e-08 7.64508e-09 5.76519e-09 4.34214e-09 3.26641e-09 2.45434e-09 1.84209e-09 1.38107e-09 1.03434e-09 7.73875e-10 5.78427e-10 4.31928e-10 3.22233e-10 2.4018e-10 1.78865e-10 1.33089e-10 9.89461e-11 7.35032e-11 5.45598e-11 4.04675e-11 2.99928e-11 2.22133e-11 1.644e-11 1.21587e-11 8.98635e-12 6.63731e-12 4.89915e-12 3.61391e-12 2.66419e-12 1.96288e-12 1.44533e-12 1.06363e-12 7.82289e-13 5.75051e-13 4.22484e-13 3.10231e-13 2.27685e-13 1.67018e-13 1.22455e-13 8.97379e-14 6.57307e-14 4.81234e-14 3.52163e-14 2.57593e-14 1.88335e-14 1.37639e-14 1.00545e-14 7.34176e-15 5.3587e-15 3.90968e-15 2.85134e-15 2.07868e-15 1.5148e-15 1.10347e-15 8.03529e-16 5.84902e-16 4.25605e-16 3.09582e-16 2.25109e-16 1.63628e-16 1.18899e-16 8.63672e-17 6.2716e-17 4.55266e-17 3.3038e-17
3.69405e-05 2.0668e-05 1.91546e-05 1.72649e-05 1.523e-05 1.32049e-05 1.12871e-05 9.53283e-06 7.9688e-06 6.60206e-06 5.42686e-06 4.42975e-06 3.59324e-06 2.89824e-06 2.32565e-06 1.85742e-06 1.47705e-06 1.16989e-06 9.23179e-07 7.25989e-07 5.69085e-07 4.44749e-07 3.46597e-07 2.69387e-07 2.08851e-07 1.61534e-07 1.24656e-07 9.5992e-08 7.37687e-08 5.65806e-08 4.33171e-08 3.31043e-08 2.52566e-08 1.92381e-08 1.4631e-08 1.11106e-08 8.4252e-09 6.38004e-09 4.8249e-09 3.64416e-09 2.74897e-09 2.07121e-09 1.55875e-09 1.17177e-09 8.79918e-10 6.60064e-10 4.94641e-10 3.70311e-10 2.76967e-10 2.06961e-10 1.5451e-10 1.15251e-10 8.58939e-11 6.39618e-11 4.75914e-11 3.53831e-11 2.62863e-11 1.95137e-11 1.44755e-11 1.07305e-11 7.94883e-12 5.88428e-12 4.35308e-12 3.21824e-12 2.37775e-12 1.75568e-12 1.29558e-12 9.55486e-13 7.04261e-13 5.18796e-13 3.8196e-13 2.81063e-13 2.06709e-13 1.51945e-13 1.11633e-13 8.19747e-14 6.01663e-14 4.41385e-14 3.23649e-14 2.37209e-14 1.73775e-14 1.27248e-14 9.31367e-15 6.81402e-15 4.98312e-15 3.64265e-15 2.66167e-15 1.94409e-15 1.4194e-15 1.03592e-15 7.55749e-16 5.51144e-16 4.01783e-16 2.92791e-16 2.13289e-16 1.55319e-16 1.13065e-16 8.22775e-17 5.98532e-17 4.3526e-17 3.16422e-17
2.53576e-05 1.46237e-05 1.36921e-05 1.24507e-05 1.10699e-05 9.66668e-06 8.31736e-06 7.0679e-06 5.94252e-06 4.95033e-06 4.0904e-06 3.35554e-06 2.73494e-06 2.21614e-06 1.78625e-06 1.43278e-06 1.14415e-06 9.09909e-07 7.20871e-07 5.69085e-07 4.47774e-07 3.51233e-07 2.74705e-07 2.14264e-07 1.6669e-07 1.29362e-07 1.00162e-07 7.7382e-08 5.96582e-08 4.59024e-08 3.52514e-08 2.70227e-08 2.06788e-08 1.5798e-08 1.20499e-08 9.17701e-09 6.97877e-09 5.29958e-09 4.01893e-09 3.04375e-09 2.30227e-09 1.73928e-09 1.31241e-09 9.89172e-10 7.44719e-10 5.60075e-10 4.20773e-10 3.15799e-10 2.36782e-10 1.77367e-10 1.32738e-10 9.92496e-11 7.4145e-11 5.53434e-11 4.12752e-11 3.07584e-11 2.29032e-11 1.7041e-11 1.26698e-11 9.41303e-12 6.98842e-12 5.18473e-12 3.84396e-12 2.84803e-12 2.10876e-12 1.5604e-12 1.15391e-12 8.52803e-13 6.29891e-13 4.64976e-13 3.43042e-13 2.52943e-13 1.86406e-13 1.37298e-13 1.01074e-13 7.43693e-14 5.46924e-14 4.02017e-14 2.9536e-14 2.16895e-14 1.59201e-14 1.168e-14 8.56525e-15 6.27835e-15 4.60004e-15 3.36893e-15 2.46625e-15 1.8047e-15 1.32006e-15 9.65178e-16 7.05425e-16 5.15377e-16 3.76386e-16 2.74776e-16 2.00522e-16 1.46281e-16 1.06674e-16 7.77629e-17 5.66679e-17 4.12812e-17 3.00622e-17
1.74065e-05 1.03378e-05 9.77717e-06 8.96809e-06 8.03515e-06 7.06587e-06 6.1189e-06 5.23105e-06 4.42307e-06 3.70435e-06 3.07651e-06 2.53613e-06 2.07678e-06 1.69043e-06 1.36846e-06 1.1023e-06 8.8385e-07 7.05699e-07 5.61253e-07 4.44749e-07 3.51233e-07 2.76498e-07 2.17016e-07 1.69851e-07 1.32585e-07 1.03236e-07 8.01923e-08 6.21522e-08 4.80671e-08 3.70982e-08 2.85766e-08 2.19715e-08 1.6863e-08 1.29202e-08 9.88305e-09 7.54799e-09 5.75594e-09 4.38298e-09 3.33284e-09 2.53089e-09 1.91941e-09 1.45384e-09 1.09986e-09 8.31087e-10 6.27282e-10 4.72934e-10 3.56184e-10 2.67978e-10 2.01413e-10 1.51235e-10 1.1345e-10 8.50271e-11 6.3668e-11 4.76328e-11 3.56059e-11 2.65937e-11 1.98466e-11 1.47997e-11 1.10277e-11 8.21097e-12 6.10923e-12 4.54223e-12 3.37481e-12 2.50573e-12 1.85922e-12 1.37862e-12 1.02161e-12 7.56575e-13 5.59958e-13 4.14191e-13 3.0619e-13 2.26222e-13 1.67045e-13 1.23281e-13 9.0933e-14 6.70377e-14 4.9396e-14 3.63784e-14 2.67781e-14 1.97016e-14 1.44883e-14 1.06494e-14 7.82406e-15 5.74569e-15 4.21752e-15 3.09443e-15 2.26943e-15 1.66368e-15 1.2191e-15 8.92955e-16 6.538e-16 4.78506e-16 3.50074e-16 2.56014e-16 1.87156e-16 1.36767e-16 9.99076e-17 7.29555e-17 5.32553e-17 3.88611e-17 2.83476e-17
1.19486e-05 7.3019e-06 6.97468e-06 6.45224e-06 5.82488e-06 5.15747e-06 4.49458e-06 3.8651e-06 3.28625e-06 2.76672e-06 2.30929e-06 1.91277e-06 1.57352e-06 1.28646e-06 1.04588e-06 8.45942e-07 6.81013e-07 5.45864e-07 4.35779e-07 3.46597e-07 2.74705e-07 2.17016e-07 1.70916e-07 1.34222e-07 1.05119e-07 8.21151e-08 6.3989e-08 4.97489e-08 3.85929e-08 2.98759e-08 2.30816e-08 1.77985e-08 1.36996e-08 1.05262e-08 8.07434e-09 6.18363e-09 4.72834e-09 3.61016e-09 2.75246e-09 2.09564e-09 1.59343e-09 1.21001e-09 9.17708e-10 6.95181e-10 5.26e-10 3.97542e-10 3.00127e-10 2.26343e-10 1.70523e-10 1.28341e-10 9.64992e-11 7.24893e-11 5.44033e-11 4.07933e-11 3.05615e-11 2.28767e-11 1.71101e-11 1.27869e-11 9.54848e-12 7.12479e-12 5.31234e-12 3.95806e-12 2.94693e-12 2.19257e-12 1.63021e-12 1.21128e-12 8.99418e-13 6.67425e-13 4.94963e-13 3.66841e-13 2.71721e-13 2.01148e-13 1.48819e-13 1.10041e-13 8.13231e-14 6.00672e-14 4.43436e-14 3.27189e-14 2.41292e-14 1.77857e-14 1.31034e-14 9.64916e-15 7.10211e-15 5.22496e-15 3.84219e-15 2.8241e-15 2.07486e-15 1.52373e-15 1.11851e-15 8.20711e-16 6.0195e-16 4.4132e-16 3.23424e-16 2.3693e-16 1.735e-16 1.27002e-16 9.29307e-17 6.79746e-17 4.97021e-17 3.63284e-17 2.65439e-17
8.202e-06 5.15345e-06 4.97083e-06 4.63716e-06 4.21748e-06 3.75946e-06 3.29662e-06 2.85133e-06 2.4375e-06 2.06272e-06 1.73012e-06 1.43977e-06 1.18973e-06 9.76901e-07 7.97533e-07 6.47682e-07 5.23453e-07 4.21172e-07 3.37482e-07 2.69387e-07 2.14264e-07 1.69851e-07 1.34222e-07 1.05754e-07 8.30914e-08 6.51138e-08 5.08986e-08 3.96927e-08 3.08842e-08 2.3979e-08 1.85797e-08 1.4368e-08 1.10903e-08 8.54498e-09 6.57256e-09 5.0471e-09 3.86956e-09 2.96223e-09 2.26433e-09 1.72841e-09 1.31753e-09 1.003e-09 7.62587e-10 5.79085e-10 4.39216e-10 3.32746e-10 2.51803e-10 1.90344e-10 1.43734e-10 1.08427e-10 8.1711e-11 6.15186e-11 4.62727e-11 3.47733e-11 2.61085e-11 1.95858e-11 1.46802e-11 1.09943e-11 8.22727e-12 6.1518e-12 4.5964e-12 3.43169e-12 2.56025e-12 1.90875e-12 1.42204e-12 1.05871e-12 7.87692e-13 5.85669e-13 4.35181e-13 3.2316e-13 2.39828e-13 1.77878e-13 1.31852e-13 9.76798e-14 7.23231e-14 5.35191e-14 3.95827e-14 2.92597e-14 2.16177e-14 1.59634e-14 1.17821e-14 8.69168e-15 6.40878e-15 4.72323e-15 3.47936e-15 2.56189e-15 1.88549e-15 1.38706e-15 1.01994e-15 7.49666e-16 5.50778e-16 4.04487e-16 2.9693e-16 2.17885e-16 1.59819e-16 1.17182e-16 8.58865e-17 6.29251e-17 4.60851e-17 3.37394e-17 2.4692e-17
5.6302e-06 3.63442e-06 3.53955e-06 3.32928e-06 3.05014e-06 2.73692e-06 2.41461e-06 2.10033e-06 1.80507e-06 1.53525e-06 1.29389e-06 1.08169e-06 8.97787e-07 7.4031e-07 6.0686e-07 4.9479e-07 4.01425e-07 3.24195e-07 2.6072e-07 2.08851e-07 1.6669e-07 1.32585e-07 1.05119e-07 8.30914e-08 6.54926e-08 5.14822e-08 4.03657e-08 3.15731e-08 2.46388e-08 1.91854e-08 1.49077e-08 1.15607e-08 8.94807e-09 6.91318e-09 5.33168e-09 4.10505e-09 3.15551e-09 2.42184e-09 1.85596e-09 1.42024e-09 1.0853e-09 8.28238e-10 6.31239e-10 4.80492e-10 3.65299e-10 2.77395e-10 2.10403e-10 1.59413e-10 1.20651e-10 9.12179e-11 6.88955e-11 5.19843e-11 3.91866e-11 2.95119e-11 2.22056e-11 1.66933e-11 1.25386e-11 9.41e-12 7.05626e-12 5.28703e-12 3.95831e-12 2.96126e-12 2.21371e-12 1.65367e-12 1.23443e-12 9.20838e-13 6.86443e-13 5.11371e-13 3.80702e-13 2.83242e-13 2.106e-13 1.56492e-13 1.16216e-13 8.62555e-14 6.39817e-14 4.74328e-14 3.51449e-14 2.60261e-14 1.9263e-14 1.42499e-14 1.0536e-14 7.78608e-15 5.75106e-15 4.24586e-15 3.1331e-15 2.31089e-15 1.70366e-15 1.25542e-15 9.247e-16 6.80803e-16 5.01019e-16 3.68554e-16 2.70998e-16 1.99183e-16 1.4634e-16 1.07473e-16 7.88974e-17 5.78974e-17 4.24707e-17 3.11427e-17 2.28276e-17
3.86481e-06 2.56132e-06 2.51827e-06 2.38796e-06 2.2035e-06 1.9901e-06 1.76626e-06 1.54494e-06 1.33471e-06 1.14083e-06 9.66011e-07 8.11229e-07 6.76219e-07 5.59929e-07 4.6084e-07 3.77198e-07 3.07178e-07 2.48989e-07 2.00953e-07 1.61534e-07 1.29362e-07 1.03236e-07 8.21151e-08 6.51138e-08 5.14822e-08 4.05923e-08 3.19225e-08 2.50423e-08 1.95988e-08 1.53042e-08 1.19252e-08 9.27322e-09 7.19695e-09 5.57512e-09 4.31103e-09 3.32782e-09 2.5646e-09 1.97328e-09 1.51598e-09 1.16294e-09 8.90838e-10 6.81467e-10 5.20611e-10 3.97212e-10 3.02686e-10 2.30377e-10 1.75137e-10 1.32992e-10 1.00878e-10 7.64366e-11 5.78572e-11 4.37498e-11 3.30499e-11 2.4943e-11 1.88073e-11 1.4168e-11 1.06638e-11 8.01936e-12 6.02566e-12 4.52392e-12 3.39374e-12 2.54392e-12 1.90546e-12 1.42617e-12 1.06667e-12 7.97222e-13 5.95424e-13 4.44405e-13 3.31468e-13 2.47071e-13 1.84046e-13 1.37012e-13 1.01935e-13 7.57931e-14 5.63223e-14 4.18292e-14 3.1048e-14 2.30328e-14 1.70774e-14 1.26551e-14 9.37306e-15 6.93862e-15 5.13387e-15 3.79665e-15 2.80636e-15 2.07337e-15 1.53111e-15 1.13014e-15 8.33802e-16 6.14889e-16 4.5325e-16 3.33957e-16 2.45956e-16 1.81068e-16 1.33243e-16 9.80103e-17 7.20648e-17 5.29667e-17 3.89146e-17 2.85796e-17 2.09814e-17
2.65297e-06 1.80384e-06 1.79023e-06 1.71122e-06 1.59021e-06 1.44541e-06 1.29039e-06 1.13488e-06 9.85503e-07 8.46445e-07 7.2006e-07 6.07363e-07 5.08433e-07 4.22719e-07 3.49285e-07 2.86983e-07 2.34575e-07 1.90824e-07 1.54549e-07 1.24656e-07 1.00162e-07 8.01923e-08 6.3989e-08 5.08986e-08 4.03657e-08 3.19225e-08 2.51781e-08 1.98085e-08 1.55466e-08 1.21738e-08 9.51188e-09 7.41656e-09 5.77129e-09 4.48243e-09 3.47503e-09 2.68931e-09 2.07774e-09 1.60263e-09 1.23424e-09 9.49091e-10 7.28762e-10 5.58796e-10 4.2789e-10 3.27221e-10 2.49918e-10 1.90643e-10 1.45254e-10 1.10543e-10 8.40325e-11 6.38104e-11 4.84035e-11 3.66788e-11 2.77664e-11 2.09991e-11 1.58661e-11 1.19768e-11 9.03277e-12 6.80645e-12 5.12447e-12 3.85492e-12 2.89753e-12 2.17619e-12 1.63316e-12 1.2247e-12 9.17721e-13 6.87189e-13 5.14203e-13 3.84495e-13 2.87312e-13 2.14549e-13 1.6011e-13 1.19408e-13 8.89969e-14 6.62906e-14 4.93479e-14 3.67138e-14 2.72985e-14 2.02863e-14 1.5067e-14 1.11844e-14 8.29784e-15 6.15304e-15 4.56026e-15 3.37808e-15 2.50111e-15 1.8509e-15 1.36906e-15 1.01218e-15 7.47981e-16 5.52489e-16 4.07907e-16 3.01027e-16 2.22055e-16 1.63731e-16 1.20674e-16 8.89033e-17 6.54702e-17 4.8194e-17 3.54626e-17 2.60842e-17 1.91786e-17
1.82111e-06 1.26957e-06 1.2717e-06 1.22518e-06 1.14649e-06 1.04866e-06 9.4161e-07 8.32596e-07 7.26665e-07 6.27117e-07 5.35909e-07 4.54e-07 3.81637e-07 3.18574e-07 2.64253e-07 2.17933e-07 1.78782e-07 1.45952e-07 1.18613e-07 9.5992e-08 7.7382e-08 6.21522e-08 4.97489e-08 3.96927e-08 3.15731e-08 2.50423e-08 1.98085e-08 1.56281e-08 1.22998e-08 9.6577e-09 7.56628e-09 5.91517e-09 4.61497e-09 3.59355e-09 2.79298e-09 2.16688e-09 1.67823e-09 1.29763e-09 1.00174e-09 7.72136e-10 5.94274e-10 4.56729e-10 3.50533e-10 2.6867e-10 2.05658e-10 1.57227e-10 1.20056e-10 9.15643e-11 6.97545e-11 5.30807e-11 4.0349e-11 3.0639e-11 2.32419e-11 1.76133e-11 1.33349e-11 1.00862e-11 7.62203e-12 5.75473e-12 4.34111e-12 3.27196e-12 2.46408e-12 1.85418e-12 1.39413e-12 1.04742e-12 7.86334e-13 5.89895e-13 4.4221e-13 3.31265e-13 2.47983e-13 1.85513e-13 1.38688e-13 1.03614e-13 7.73616e-14 5.77245e-14 4.30456e-14 3.20802e-14 2.3894e-14 1.77865e-14 1.32327e-14 9.83924e-15 7.31204e-15 5.43103e-15 4.03179e-15 2.9915e-15 2.21849e-15 1.64441e-15 1.21829e-15 9.02152e-16 6.67733e-16 4.93996e-16 3.65295e-16 2.70002e-16 1.9948e-16 1.47312e-16 1.08741e-16 8.02344e-17 5.91763e-17 4.36271e-17 3.21505e-17 2.36835e-17 1.74395e-17
1.25009e-06 8.92994e-07 9.02711e-07 8.76467e-07 8.25802e-07 7.6002e-07 6.86325e-07 6.10084e-07 5.35113e-07 4.63979e-07 3.98273e-07 3.38844e-07 2.86004e-07 2.39687e-07 1.99575e-07 1.65199e-07 1.36007e-07 1.11417e-07 9.08534e-08 7.37687e-08 5.96582e-08 4.80671e-08 3.85929e-08 3.08842e-08 2.46388e-08 1.95988e-08 1.55466e-08 1.22998e-08 9.70675e-09 7.64214e-09 6.00303e-09 4.70527e-09 3.68042e-09 2.87308e-09 2.23858e-09 1.74102e-09 1.35167e-09 1.04762e-09 8.10651e-10 6.26299e-10 4.8314e-10 3.72161e-10 2.8627e-10 2.19902e-10 1.68698e-10 1.29251e-10 9.89056e-11 7.55939e-11 5.77094e-11 4.40063e-11 3.35202e-11 2.55055e-11 1.9387e-11 1.47214e-11 1.11676e-11 8.4636e-12 6.40832e-12 4.84773e-12 3.66393e-12 2.76682e-12 2.0876e-12 1.57382e-12 1.18553e-12 8.92337e-13 6.71137e-13 5.0439e-13 3.78793e-13 2.84266e-13 2.13177e-13 1.59756e-13 1.19642e-13 8.95402e-14 6.69689e-14 5.00554e-14 3.73903e-14 2.79127e-14 2.08249e-14 1.55278e-14 1.15714e-14 8.61819e-15 6.41511e-15 4.7726e-15 3.54873e-15 2.63732e-15 1.95896e-15 1.45435e-15 1.07918e-15 8.004e-16 5.93347e-16 4.39646e-16 3.25608e-16 2.41039e-16 1.78353e-16 1.31911e-16 9.75195e-17 7.20632e-17 5.32293e-17 3.93012e-17 2.90055e-17 2.13983e-17 1.57799e-17
8.58113e-07 6.27754e-07 6.40341e-07 6.26502e-07 5.94281e-07 5.50282e-07 4.99713e-07 4.46519e-07 3.93566e-07 3.42828e-07 2.95575e-07 2.52528e-07 2.14009e-07 1.80048e-07 1.50479e-07 1.25012e-07 1.03283e-07 8.48987e-08 6.94596e-08 5.65806e-08 4.59024e-08 3.70982e-08 2.98759e-08 2.3979e-08 1.91854e-08 1.53042e-08 1.21738e-08 9.6577e-09 7.64214e-09 6.03258e-09 4.75101e-09 3.73344e-09 2.92763e-09 2.2911e-09 1.78949e-09 1.3951e-09 1.08569e-09 8.43451e-10 6.54175e-10 5.06565e-10 3.91658e-10 3.02367e-10 2.33098e-10 1.79448e-10 1.3796e-10 1.05927e-10 8.12288e-11 6.22132e-11 4.75927e-11 3.63662e-11 2.77568e-11 2.11626e-11 1.61179e-11 1.22632e-11 9.32099e-12 7.07778e-12 5.36932e-12 4.06948e-12 3.08153e-12 2.33137e-12 1.76231e-12 1.33104e-12 1.00448e-12 7.57431e-13 5.70696e-13 4.29669e-13 3.2325e-13 2.4301e-13 1.82557e-13 1.37046e-13 1.02811e-13 7.70753e-14 5.77439e-14 4.32331e-14 3.23482e-14 2.41888e-14 1.80765e-14 1.35006e-14 1.00771e-14 7.51744e-15 5.60476e-15 4.17641e-15 3.11037e-15 2.31519e-15 1.7224e-15 1.28072e-15 9.51821e-16 7.0703e-16 5.24937e-16 3.89552e-16 2.88946e-16 2.14222e-16 1.58749e-16 1.17587e-16 8.70594e-17 6.44288e-17 4.76602e-17 3.52408e-17 2.60468e-17 1.92434e-17 1.42112e-17
5.89045e-07 4.41052e-07 4.53929e-07 4.47486e-07 4.27303e-07 3.98048e-07 3.63465e-07 3.26443e-07 2.89117e-07 2.52993e-07 2.19067e-07 1.87939e-07 1.59904e-07 1.35044e-07 1.13282e-07 9.44461e-08 7.83003e-08 6.45792e-08 5.30081e-08 4.33171e-08 3.52514e-08 2.85766e-08 2.30816e-08 1.85797e-08 1.49077e-08 1.19252e-08 9.51188e-09 7.56628e-09 6.00303e-09 4.75101e-09 3.75127e-09 2.95525e-09 2.32314e-09 1.82248e-09 1.42689e-09 1.11506e-09 8.69789e-10 6.77282e-10 5.26494e-10 4.08612e-10 3.16628e-10 2.44979e-10 1.89267e-10 1.46018e-10 1.12498e-10 8.65582e-11 6.65141e-11 5.1048e-11 3.91309e-11 2.99607e-11 2.29134e-11 1.75044e-11 1.33578e-11 1.01829e-11 7.75467e-12 5.89963e-12 4.48401e-12 3.40486e-12 2.58304e-12 1.95783e-12 1.48265e-12 1.12184e-12 8.48127e-13 6.40673e-13 4.83577e-13 3.64718e-13 2.74863e-13 2.06992e-13 1.55766e-13 1.17133e-13 8.80207e-14 6.60985e-14 4.96029e-14 3.71994e-14 2.78795e-14 2.08814e-14 1.56302e-14 1.16924e-14 8.74145e-15 6.53143e-15 4.87735e-15 3.6401e-15 2.71519e-15 2.02419e-15 1.50824e-15 1.1232e-15 8.3603e-16 6.21963e-16 4.62476e-16 3.43716e-16 2.55329e-16 1.8958e-16 1.40696e-16 1.04368e-16 7.73855e-17 5.73529e-17 4.24873e-17 3.14612e-17 2.32865e-17 1.72286e-17 1.27414e-17
4.04346e-07 3.09714e-07 3.21581e-07 3.19389e-07 3.06989e-07 2.87667e-07 2.64105e-07 2.38404e-07 2.12147e-07 1.86474e-07 1.62158e-07 1.39683e-07 1.19312e-07 1.01142e-07 8.51516e-08 7.12425e-08 5.92647e-08 4.90411e-08 4.03837e-08 3.31043e-08 2.70227e-08 2.19715e-08 1.77985e-08 1.4368e-08 1.15607e-08 9.27322e-09 7.41656e-09 5.91517e-09 4.70527e-09 3.73344e-09 2.95525e-09 2.33391e-09 1.83918e-09 1.44628e-09 1.13504e-09 8.89058e-10 6.95097e-10 5.42485e-10 4.22654e-10 3.28749e-10 2.55301e-10 1.97957e-10 1.53265e-10 1.18493e-10 9.14825e-11 7.05339e-11 5.43114e-11 4.17671e-11 3.20807e-11 2.46114e-11 1.88593e-11 1.44353e-11 1.1037e-11 8.42978e-12 6.43175e-12 4.90235e-12 3.73295e-12 2.83977e-12 2.15828e-12 1.63885e-12 1.24331e-12 9.42424e-13 7.13745e-13 5.40107e-13 4.0838e-13 3.08535e-13 2.32921e-13 1.75705e-13 1.32445e-13 9.97634e-14 7.50929e-14 5.64837e-14 4.24572e-14 3.18925e-14 2.39409e-14 1.79603e-14 1.34651e-14 1.00888e-14 7.5545e-15 5.65343e-15 4.22828e-15 3.16057e-15 2.36114e-15 1.76294e-15 1.31558e-15 9.81209e-16 7.31439e-16 5.44966e-16 4.05826e-16 3.0206e-16 2.24714e-16 1.67093e-16 1.24188e-16 9.22561e-17 6.85031e-17 5.08426e-17 3.77181e-17 2.79693e-17 2.07311e-17 1.53595e-17 1.1375e-17
2.7756e-07 2.17376e-07 2.27683e-07 2.27801e-07 2.20378e-07 2.07715e-07 1.91725e-07 1.73931e-07 1.555e-07 1.37286e-07 1.19886e-07 1.03685e-07 8.89055e-08 7.56454e-08 6.39142e-08 5.36593e-08 4.47875e-08 3.71822e-08 3.07154e-08 2.52566e-08 2.06788e-08 1.6863e-08 1.36996e-08 1.10903e-08 8.94807e-09 7.19695e-09 5.77129e-09 4.61497e-09 3.68042e-09 2.92763e-09 2.32314e-09 1.83918e-09 1.4528e-09 1.14515e-09 9.00804e-10 7.0721e-10 5.54177e-10 4.33473e-10 3.38468e-10 2.63842e-10 2.05337e-10 1.59555e-10 1.23793e-10 9.59066e-11 7.41969e-11 5.7323e-11 4.42279e-11 3.40803e-11 2.62283e-11 2.01609e-11 1.54788e-11 1.18705e-11 9.09324e-12 6.95821e-12 5.31886e-12 4.06157e-12 3.09839e-12 2.36131e-12 1.79788e-12 1.36761e-12 1.03938e-12 7.89223e-13 5.98759e-13 4.53877e-13 3.43768e-13 2.60162e-13 1.96734e-13 1.48656e-13 1.12242e-13 8.46854e-14 6.3848e-14 4.81037e-14 3.62166e-14 2.72485e-14 2.04874e-14 1.53938e-14 1.15592e-14 8.67435e-15 6.50544e-15 4.87589e-15 3.65234e-15 2.73423e-15 2.04574e-15 1.52975e-15 1.14327e-15 8.53967e-16 6.3753e-16 4.75698e-16 3.54762e-16 2.64437e-16 1.9701e-16 1.46704e-16 1.0919e-16 8.12304e-17 6.04017e-17 4.4893e-17 3.33511e-17 2.47654e-17 1.83819e-17 1.36378e-17 1.01138e-17
