0.333527 0.1273 0.0485879 0.018545 0.00707824 0.00270162 0.00103115 0.00039357 0.000150217 5.73349e-05 2.18836e-05 8.3525e-06 3.18798e-06 1.21679e-06 4.64422e-07 1.7726e-07 6.76566e-08 2.58231e-08 9.85615e-09 3.76189e-09 1.43584e-09 5.48029e-10 2.09171e-10 7.98364e-11 3.04719e-11 1.16305e-11 4.43912e-12 1.69432e-12 6.46688e-13 2.46827e-13 9.42089e-14 3.59576e-14 1.37243e-14 5.23827e-15 1.99934e-15 7.63107e-16 2.91262e-16 1.11169e-16 4.24308e-17 1.6195e-17 6.18129e-18 2.35927e-18 9.00485e-19 3.43697e-19 1.31182e-19 5.00694e-20 1.91105e-20 7.29407e-21 2.784e-21 1.06259e-21 4.0557e-22 1.54798e-22 5.90831e-23 2.25508e-23 8.60718e-24 3.28518e-24 1.25389e-24 4.78583e-25 1.82665e-25 6.97195e-26 2.66105e-26 1.01567e-26 3.8766e-27 1.47962e-27 5.64739e-28 2.15549e-28 8.22708e-29 3.14011e-29 1.19851e-29 4.57448e-30 1.74598e-30 6.66406e-31 2.54354e-31 9.70815e-32 3.7054e-32 1.41427e-32 5.398e-33 2.0603e-33 7.86376e-34 3.00143e-34 1.14559e-34 4.37246e-35 1.66888e-35 6.36977e-36 2.43121e-36 9.27942e-37 3.54176e-37 1.35182e-37 5.15961e-38 1.96932e-38 7.51648e-39 2.86889e-39 1.09499e-39 4.17937e-40 1.59518e-40 6.08847e-41 2.32384e-41 8.86963e-42 3.38535e-42 1.29212e-42 4.93176e-43
0.1273 0.0648619 0.0309679 0.0141906 0.00632113 0.00275802 0.0011845 0.000502413 0.000210964 8.78504e-05 3.63283e-05 1.49335e-05 6.10737e-06 2.48661e-06 1.00846e-06 4.07569e-07 1.6421e-07 6.59767e-08 2.64419e-08 1.05733e-08 4.21915e-09 1.68042e-09 6.68123e-10 2.65215e-10 1.05123e-10 4.161e-11 1.64492e-11 6.49491e-12 2.56164e-12 1.00928e-12 3.97265e-13 1.56225e-13 6.13823e-14 2.4098e-14 9.45331e-15 3.70569e-15 1.45162e-15 5.68265e-16 2.22319e-16 8.69251e-17 3.39677e-17 1.32664e-17 5.17862e-18 2.02051e-18 7.87958e-19 3.07148e-19 1.19675e-19 4.661e-20 1.8146e-20 7.06179e-21 2.74719e-21 1.06833e-21 4.15314e-22 1.614e-22 6.27033e-23 2.43525e-23 9.45516e-24 3.67002e-24 1.42412e-24 5.52471e-25 2.14269e-25 8.30804e-26 3.22056e-26 1.24814e-26 4.83608e-27 1.87339e-27 7.25551e-28 2.80942e-28 1.08762e-28 4.2097e-29 1.62908e-29 6.30305e-30 2.43826e-30 9.43044e-31 3.64677e-31 1.40998e-31 5.45061e-32 2.10672e-32 8.14146e-33 3.1458e-33 1.21533e-33 4.69456e-34 1.81315e-34 7.00186e-35 2.70355e-35 1.04375e-35 4.02906e-36 1.55509e-36 6.00142e-37 2.31579e-37 8.935e-38 3.44698e-38 1.32964e-38 5.12839e-39 1.97779e-39 7.62666e-40 2.94065e-40 1.13372e-40 4.37047e-41 1.68464e-41 6.49295e-42
0.0485879 0.0309679 0.0173554 0.00904012 0.00448821 0.00215331 0.00100676 0.00046126 0.000207897 9.24415e-05 4.06373e-05 1.76906e-05 7.63634e-06 3.272e-06 1.39285e-06 5.89477e-07 2.48179e-07 1.03997e-07 4.33938e-08 1.80363e-08 7.47004e-09 3.08377e-09 1.26921e-09 5.20927e-10 2.13255e-10 8.70917e-11 3.5488e-11 1.44303e-11 5.85623e-12 2.37224e-12 9.59277e-13 3.87275e-13 1.56107e-13 6.28336e-14 2.52557e-14 1.01381e-14 4.06451e-15 1.6276e-15 6.51018e-16 2.60118e-16 1.03825e-16 4.14003e-17 1.64929e-17 6.56445e-18 2.6105e-18 1.03727e-18 4.11822e-19 1.63379e-19 6.47686e-20 2.56581e-20 1.01575e-20 4.01852e-21 1.5888e-21 6.27776e-22 2.47904e-22 9.78398e-23 3.85929e-23 1.52148e-23 5.99516e-24 2.36112e-24 9.29446e-25 3.65701e-25 1.43823e-25 5.65381e-26 2.2216e-26 8.72587e-27 3.42591e-27 1.34453e-27 5.27474e-28 2.06856e-28 8.10919e-29 3.17785e-29 1.24492e-29 4.8753e-30 1.90862e-30 7.46966e-31 2.92245e-31 1.14304e-31 4.46937e-32 1.74706e-32 6.82724e-33 2.66725e-33 1.04176e-33 4.06775e-34 1.58793e-34 6.19723e-35 2.41801e-35 9.43224e-36 3.67849e-36 1.43425e-36 5.59089e-37 2.17892e-37 8.49003e-38 3.30739e-38 1.28816e-38 5.01613e-39 1.9529e-39 7.60163e-40 2.95836e-40 1.1511e-40 4.47811e-41
0.018545 0.0141906 0.00904012 0.00521936 0.00282932 0.00146693 0.000735531 0.00035925 0.000171779 8.07052e-05 3.73577e-05 1.70736e-05 7.71732e-06 3.45455e-06 1.53314e-06 6.75213e-07 2.95328e-07 1.28369e-07 5.54825e-08 2.38564e-08 1.02092e-08 4.34991e-09 1.84593e-09 7.80413e-10 3.28792e-10 1.38073e-10 5.78067e-11 2.41331e-11 1.00482e-11 4.17325e-12 1.72914e-12 7.14853e-13 2.94906e-13 1.21417e-13 4.98944e-14 2.04663e-14 8.38066e-15 3.42615e-15 1.39848e-15 5.69979e-16 2.31975e-16 9.42827e-17 3.82697e-17 1.55143e-17 6.28188e-18 2.54065e-18 1.0264e-18 4.14215e-19 1.66989e-19 6.72543e-20 2.70606e-20 1.08781e-20 4.36903e-21 1.75325e-21 7.02976e-22 2.81637e-22 1.12746e-22 4.51008e-23 1.80282e-23 7.20133e-24 2.87459e-24 1.1467e-24 4.57136e-25 1.82124e-25 7.25148e-26 2.88555e-26 1.14757e-26 4.56131e-27 1.81202e-27 7.19458e-28 2.85512e-28 1.13247e-28 4.48966e-29 1.77908e-29 7.04651e-30 2.78969e-30 1.10394e-30 4.36665e-31 1.7265e-31 6.8235e-32 2.69571e-32 1.06455e-32 4.20238e-33 1.65829e-33 6.54131e-34 2.57937e-34 1.01674e-34 4.00643e-35 1.57819e-35 6.21465e-36 2.44644e-36 9.62752e-37 3.78757e-37 1.48962e-37 5.85679e-38 2.30207e-38 9.0459e-39 3.55357e-39 1.39559e-39 5.4794e-40 2.15077e-40
0.00707824 0.00632113 0.00448821 0.00282932 0.00165411 0.000917114 0.000488656 0.000252366 0.000127081 6.26649e-05 3.03574e-05 1.4484e-05 6.81961e-06 3.17374e-06 1.46182e-06 6.67123e-07 3.01929e-07 1.35623e-07 6.0504e-08 2.68231e-08 1.18231e-08 5.1838e-09 2.26166e-09 9.82252e-10 4.24788e-10 1.82977e-10 7.8525e-11 3.35818e-11 1.43145e-11 6.08288e-12 2.57736e-12 1.08904e-12 4.58965e-13 1.92948e-13 8.09244e-14 3.38647e-14 1.41413e-14 5.89316e-15 2.45113e-15 1.0176e-15 4.21715e-16 1.7447e-16 7.20639e-17 2.9719e-17 1.22377e-17 5.03196e-18 2.0662e-18 8.4728e-19 3.46994e-19 1.41931e-19 5.79847e-20 2.36618e-20 9.64484e-21 3.92712e-21 1.59735e-21 6.49061e-22 2.63479e-22 1.06855e-22 4.32958e-23 1.75271e-23 7.08918e-24 2.86496e-24 1.15688e-24 4.6678e-25 1.88192e-25 7.5817e-26 3.05222e-26 1.22788e-26 4.93625e-27 1.98311e-27 7.96181e-28 3.19448e-28 1.28091e-28 5.13302e-29 2.05575e-29 8.22844e-30 3.2917e-30 1.31608e-30 5.25912e-31 2.10046e-31 8.38483e-32 3.34546e-32 1.33415e-32 5.31796e-33 2.11876e-33 8.4376e-34 3.35862e-34 1.33633e-34 5.31468e-35 2.1128e-35 8.39577e-36 3.33493e-36 1.32416e-36 5.25565e-37 2.08519e-37 8.26996e-38 3.2787e-38 1.2994e-38 5.14793e-39 2.03878e-39 8.07165e-40
0.00270162 0.00275802 0.00215331 0.00146693 0.000917114 0.000539828 0.000303696 0.000164894 8.69902e-05 4.48079e-05 2.26177e-05 1.12198e-05 5.48197e-06 2.64298e-06 1.25923e-06 5.9362e-07 2.77178e-07 1.28305e-07 5.89246e-08 2.68662e-08 1.21681e-08 5.47739e-09 2.4516e-09 1.09151e-09 4.83573e-10 2.13253e-10 9.36376e-11 4.09491e-11 1.78394e-11 7.74377e-12 3.35002e-12 1.44459e-12 6.21035e-13 2.66213e-13 1.13801e-13 4.85207e-14 2.06358e-14 8.75547e-15 3.70636e-15 1.56556e-15 6.59912e-16 2.77608e-16 1.16559e-16 4.88494e-17 2.04363e-17 8.53506e-18 3.55876e-18 1.48151e-18 6.15813e-19 2.55597e-19 1.05936e-19 4.38471e-20 1.81243e-20 7.48212e-21 3.08496e-21 1.27044e-21 5.22581e-22 2.14716e-22 8.81249e-23 3.61304e-23 1.47979e-23 6.05472e-24 2.47494e-24 1.01071e-24 4.12372e-25 1.68099e-25 6.84639e-26 2.78607e-26 1.13283e-26 4.60243e-27 1.8684e-27 7.57919e-28 3.07222e-28 1.24442e-28 5.03701e-29 2.03741e-29 8.23554e-30 3.32674e-30 1.34297e-30 5.418e-31 2.18447e-31 8.80219e-32 3.5447e-32 1.42666e-32 5.73871e-33 2.30711e-33 9.27022e-34 3.7229e-34 1.49433e-34 5.99506e-35 2.40394e-35 9.63479e-36 3.8597e-36 1.54547e-36 6.18543e-37 2.47447e-37 9.89472e-38 3.95491e-38 1.5801e-38 6.31032e-39 2.51907e-39
0.00103115 0.0011845 0.00100676 0.000735531 0.000488656 0.000303696 0.000179528 0.000102035 5.61711e-05 3.01135e-05 1.57852e-05 8.11591e-06 4.103e-06 2.04368e-06 1.00459e-06 4.88001e-07 2.3454e-07 1.11636e-07 5.26685e-08 2.46478e-08 1.14489e-08 5.28151e-09 2.42089e-09 1.10309e-09 4.99843e-10 2.25323e-10 1.0108e-10 4.51373e-11 2.00695e-11 8.88738e-12 3.9205e-12 1.72318e-12 7.54778e-13 3.29522e-13 1.43415e-13 6.22323e-14 2.69281e-14 1.16204e-14 5.00162e-15 2.14746e-15 9.19837e-16 3.93104e-16 1.67632e-16 7.13335e-17 3.02938e-17 1.28402e-17 5.43222e-18 2.29404e-18 9.67093e-19 4.07012e-19 1.71018e-19 7.1746e-20 3.00535e-20 1.25706e-20 5.25049e-21 2.19002e-21 9.12255e-22 3.79511e-22 1.57684e-22 6.5437e-23 2.71235e-23 1.12297e-23 4.64418e-24 1.91857e-24 7.91749e-25 3.26401e-25 1.34425e-25 5.53081e-26 2.27344e-26 9.33637e-27 3.83072e-27 1.57037e-27 6.43206e-28 2.6323e-28 1.07638e-28 4.39795e-29 1.79554e-29 7.32507e-30 2.9861e-30 1.21641e-30 4.95163e-31 2.01425e-31 8.18813e-32 3.32633e-32 1.35041e-32 5.4788e-33 2.22144e-33 9.0016e-34 3.64538e-34 1.47541e-34 5.96803e-35 2.41271e-35 9.7485e-36 3.93673e-36 1.58892e-36 6.40975e-37 2.58439e-37 1.04149e-37 4.19508e-38 1.68894e-38 6.79643e-39
0.00039357 0.000502413 0.00046126 0.00035925 0.000252366 0.000164894 0.000102035 6.04955e-05 3.46435e-05 1.92743e-05 1.04639e-05 5.56218e-06 2.90268e-06 1.4904e-06 7.54283e-07 3.76824e-07 1.86065e-07 9.09027e-08 4.39823e-08 2.10919e-08 1.00321e-08 4.73567e-09 2.21981e-09 1.03373e-09 4.78461e-10 2.20192e-10 1.00792e-10 4.59051e-11 2.0808e-11 9.38967e-12 4.21916e-12 1.88823e-12 8.4183e-13 3.73954e-13 1.65543e-13 7.30423e-14 3.21272e-14 1.40886e-14 6.1605e-15 2.68639e-15 1.16837e-15 5.06862e-16 2.19354e-16 9.47084e-17 4.07996e-17 1.75382e-17 7.5233e-18 3.22077e-18 1.37616e-18 5.86903e-19 2.4985e-19 1.06177e-19 4.50453e-20 1.9079e-20 8.06817e-21 3.40664e-21 1.43625e-21 6.04655e-22 2.542e-22 1.06722e-22 4.4746e-23 1.87369e-23 7.83608e-24 3.27319e-24 1.36562e-24 5.69102e-25 2.36898e-25 9.85053e-26 4.09162e-26 1.69777e-26 7.03759e-27 2.91434e-27 1.2057e-27 4.98341e-28 2.05787e-28 8.4902e-29 3.49976e-29 1.44141e-29 5.93159e-30 2.43894e-30 1.00203e-30 4.11361e-31 1.68745e-31 6.91694e-32 2.8332e-32 1.15965e-32 4.74322e-33 1.93874e-33 7.919e-34 3.23247e-34 1.31861e-34 5.37552e-35 2.19005e-35 8.91704e-36 3.6285e-36 1.47563e-36 5.99756e-37 2.43627e-37 9.89086e-38 4.01333e-38 1.62758e-38
0.000150217 0.000210964 0.000207897 0.000171779 0.000127081 8.69902e-05 5.61711e-05 3.46435e-05 2.05843e-05 1.18567e-05 6.65193e-06 3.64807e-06 1.96139e-06 1.03625e-06 5.39011e-07 2.76476e-07 1.40034e-07 7.01166e-08 3.4742e-08 1.70494e-08 8.29297e-09 4.00079e-09 1.91546e-09 9.10577e-10 4.30014e-10 2.01814e-10 9.41652e-11 4.36966e-11 2.01726e-11 9.2673e-12 4.23778e-12 1.92939e-12 8.74777e-13 3.95054e-13 1.77738e-13 7.96788e-14 3.55973e-14 1.58514e-14 7.03652e-15 3.11417e-15 1.37428e-15 6.04797e-16 2.65454e-16 1.16214e-16 5.07531e-17 2.21125e-17 9.61217e-18 4.16917e-18 1.80449e-18 7.79416e-19 3.35987e-19 1.44558e-19 6.20807e-20 2.66128e-20 1.13885e-20 4.86532e-21 2.07512e-21 8.83665e-22 3.75717e-22 1.59509e-22 6.762e-23 2.86254e-23 1.21013e-23 5.10891e-24 2.15407e-24 9.0707e-25 3.81491e-25 1.60253e-25 6.72383e-26 2.81793e-26 1.17967e-26 4.93305e-27 2.06068e-27 8.5991e-28 3.58472e-28 1.49289e-28 6.21126e-29 2.58179e-29 1.07216e-29 4.44842e-30 1.84403e-30 7.63753e-31 3.16061e-31 1.30685e-31 5.39921e-32 2.22889e-32 9.19406e-33 3.78961e-33 1.56083e-33 6.4239e-34 2.64198e-34 1.08581e-34 4.45939e-35 1.83022e-35 7.50655e-36 3.07676e-36 1.26028e-36 5.15904e-37 2.11058e-37 8.62915e-38 3.52595e-38
5.73349e-05 8.78504e-05 9.24415e-05 8.07052e-05 6.26649e-05 4.48079e-05 3.01135e-05 1.92743e-05 1.18567e-05 7.05662e-06 4.08353e-06 2.30652e-06 1.27553e-06 6.92328e-07 3.69579e-07 1.94364e-07 1.00846e-07 5.16857e-08 2.61944e-08 1.31393e-08 6.5284e-09 3.21531e-09 1.57069e-09 7.61468e-10 3.66542e-10 1.75268e-10 8.32841e-11 3.93427e-11 1.84822e-11 8.63697e-12 4.01616e-12 1.85872e-12 8.56388e-13 3.92896e-13 1.79524e-13 8.17122e-14 3.70549e-14 1.67444e-14 7.54091e-15 3.38509e-15 1.51484e-15 6.75872e-16 3.00688e-16 1.33405e-16 5.90297e-17 2.6053e-17 1.14703e-17 5.03798e-18 2.2077e-18 9.65291e-19 4.21157e-19 1.83369e-19 7.96777e-20 3.45541e-20 1.4957e-20 6.46238e-21 2.78721e-21 1.20005e-21 5.15822e-22 2.21358e-22 9.4843e-23 4.0574e-23 1.73317e-23 7.39266e-24 3.14881e-24 1.33935e-24 5.68927e-25 2.41352e-25 1.02256e-25 4.32702e-26 1.82877e-26 7.71996e-27 3.25513e-27 1.37097e-27 5.76781e-28 2.42395e-28 1.0176e-28 4.26762e-29 1.78795e-29 7.48333e-30 3.12907e-30 1.30715e-30 5.4555e-31 2.27483e-31 9.47719e-32 3.94486e-32 1.64064e-32 6.81764e-33 2.83073e-33 1.1744e-33 4.86844e-34 2.01664e-34 8.34718e-35 3.45245e-35 1.42692e-35 5.89331e-36 2.43229e-36 1.00316e-36 4.13458e-37 1.70296e-37 7.00958e-38
2.18836e-05 3.63283e-05 4.06373e-05 3.73577e-05 3.03574e-05 2.26177e-05 1.57852e-05 1.04639e-05 6.65193e-06 4.08353e-06 2.43351e-06 1.41354e-06 8.02892e-07 4.47114e-07 2.44638e-07 1.31751e-07 6.99465e-08 3.6654e-08 1.89803e-08 9.72153e-09 4.92926e-09 2.47611e-09 1.23306e-09 6.09093e-10 2.98605e-10 1.45355e-10 7.02858e-11 3.37739e-11 1.61333e-11 7.66366e-12 3.62115e-12 1.70244e-12 7.9657e-13 3.71023e-13 1.72067e-13 7.94688e-14 3.6558e-14 1.67543e-14 7.6507e-15 3.48153e-15 1.57904e-15 7.13889e-16 3.21761e-16 1.44595e-16 6.47943e-17 2.89555e-17 1.29055e-17 5.73736e-18 2.54436e-18 1.12567e-18 4.96868e-19 2.18828e-19 9.61678e-20 4.21742e-20 1.8458e-20 8.06248e-21 3.51499e-21 1.52959e-21 6.64426e-22 2.8811e-22 1.24719e-22 5.38999e-23 2.32566e-23 1.0019e-23 4.30964e-24 1.85103e-24 7.93884e-25 3.40007e-25 1.45419e-25 6.21118e-26 2.64946e-26 1.12872e-26 4.80254e-27 2.04093e-27 8.66298e-28 3.67284e-28 1.5554e-28 6.57959e-29 2.78024e-29 1.17356e-29 4.94851e-30 2.08449e-30 8.7719e-31 3.68775e-31 1.54886e-31 6.49917e-32 2.7246e-32 1.14118e-32 4.77556e-33 1.99672e-33 8.34143e-34 3.48178e-34 1.45214e-34 6.05151e-35 2.51987e-35 1.04847e-35 4.35917e-36 1.81104e-36 7.51852e-37 3.11907e-37 1.29303e-37
8.3525e-06 1.49335e-05 1.76906e-05 1.70736e-05 1.4484e-05 1.12198e-05 8.11591e-06 5.56218e-06 3.64807e-06 2.30652e-06 1.41354e-06 8.43263e-07 4.91352e-07 2.80405e-07 1.57079e-07 8.65387e-08 4.69624e-08 2.51378e-08 1.32878e-08 6.94325e-09 3.58962e-09 1.83759e-09 9.32104e-10 4.68777e-10 2.33882e-10 1.15816e-10 5.69485e-11 2.78172e-11 1.35028e-11 6.51572e-12 3.12654e-12 1.49228e-12 7.08667e-13 3.34919e-13 1.57559e-13 7.3798e-14 3.44212e-14 1.59907e-14 7.40019e-15 3.41208e-15 1.5677e-15 7.17849e-16 3.27632e-16 1.49065e-16 6.76167e-17 3.0582e-17 1.37929e-17 6.20394e-18 2.78318e-18 1.24541e-18 5.55932e-19 2.47571e-19 1.09997e-19 4.87632e-20 2.15709e-20 9.52213e-21 4.19486e-21 1.84435e-21 8.09354e-22 3.54506e-22 1.54997e-22 6.76481e-23 2.94743e-23 1.28206e-23 5.56755e-24 2.41397e-24 1.04504e-24 4.51726e-25 1.94976e-25 8.40362e-26 3.61696e-26 1.55463e-26 6.67318e-27 2.8607e-27 1.22478e-27 5.23727e-28 2.23678e-28 9.54165e-29 4.06555e-29 1.73029e-29 7.3559e-30 3.12377e-30 1.32513e-30 5.6154e-31 2.37716e-31 1.00531e-31 4.24731e-32 1.7927e-32 7.55947e-33 3.18472e-33 1.34046e-33 5.63703e-34 2.36845e-34 9.94273e-35 4.17041e-35 1.7478e-35 7.31899e-36 3.0624e-36 1.28036e-36 5.34891e-37 2.2329e-37
3.18798e-06 6.10737e-06 7.63634e-06 7.71732e-06 6.81961e-06 5.48197e-06 4.103e-06 2.90268e-06 1.96139e-06 1.27553e-06 8.02892e-07 4.91352e-07 2.93378e-07 1.71396e-07 9.82051e-08 5.52942e-08 3.06449e-08 1.67411e-08 9.02591e-09 4.80771e-09 2.53239e-09 1.32015e-09 6.81602e-10 3.48769e-10 1.76968e-10 8.90899e-11 4.45189e-11 2.20917e-11 1.08906e-11 5.33541e-12 2.59847e-12 1.25844e-12 6.06224e-13 2.90555e-13 1.38587e-13 6.57978e-14 3.11016e-14 1.46392e-14 6.86273e-15 3.20471e-15 1.49095e-15 6.91165e-16 3.19305e-16 1.47024e-16 6.74818e-17 3.08778e-17 1.4087e-17 6.40828e-18 2.90712e-18 1.31529e-18 5.93543e-19 2.67174e-19 1.19972e-19 5.37457e-20 2.40224e-20 1.07133e-20 4.76759e-21 2.11722e-21 9.38323e-22 4.15031e-22 1.83221e-22 8.07348e-23 3.55104e-23 1.55913e-23 6.83377e-24 2.99026e-24 1.30631e-24 5.69757e-25 2.48117e-25 1.07886e-25 4.68411e-26 2.03077e-26 8.79182e-27 3.80099e-27 1.64107e-27 7.07596e-28 3.04706e-28 1.31048e-28 5.6291e-29 2.41504e-29 1.03489e-29 4.42955e-30 1.89379e-30 8.08765e-31 3.45015e-31 1.47025e-31 6.25873e-32 2.66156e-32 1.13071e-32 4.79881e-33 2.03468e-33 8.61878e-34 3.64746e-34 1.54218e-34 6.51465e-35 2.74955e-35 1.15946e-35 4.88518e-36 2.05656e-36 8.65054e-37 3.63575e-37
1.21679e-06 2.48661e-06 3.272e-06 3.45455e-06 3.17374e-06 2.64298e-06 2.04368e-06 1.4904e-06 1.03625e-06 6.92328e-07 4.47114e-07 2.80405e-07 1.71396e-07 1.02413e-07 5.99658e-08 3.44777e-08 1.94987e-08 1.0863e-08 5.9692e-09 3.23884e-09 1.73696e-09 9.21484e-10 4.83962e-10 2.51799e-10 1.29861e-10 6.64233e-11 3.37128e-11 1.69862e-11 8.49964e-12 4.22541e-12 2.08761e-12 1.02536e-12 5.00819e-13 2.43317e-13 1.17614e-13 5.65775e-14 2.70905e-14 1.29141e-14 6.13006e-15 2.89799e-15 1.36468e-15 6.40222e-16 2.99268e-16 1.39404e-16 6.47197e-17 2.99496e-17 1.38162e-17 6.35445e-18 2.91408e-18 1.3326e-18 6.07739e-19 2.7643e-19 1.25413e-19 5.67578e-20 2.56249e-20 1.15421e-20 5.18712e-21 2.32601e-21 1.0408e-21 4.64751e-22 2.07107e-22 9.21118e-23 4.08887e-23 1.81168e-23 8.01255e-24 3.53745e-24 1.55905e-24 6.8596e-25 3.01317e-25 1.32145e-25 5.78628e-26 2.52978e-26 1.10438e-26 4.81415e-27 2.09556e-27 9.10912e-28 3.95421e-28 1.7142e-28 7.42161e-29 3.20907e-29 1.38585e-29 5.97751e-30 2.57516e-30 1.10809e-30 4.76263e-31 2.04469e-31 8.76854e-32 3.75625e-32 1.60738e-32 6.87117e-33 2.93425e-33 1.25177e-33 5.33487e-34 2.27145e-34 9.66199e-35 4.10606e-35 1.74335e-35 7.39522e-36 3.13425e-36 1.3272e-36 5.61523e-37
4.64422e-07 1.00846e-06 1.39285e-06 1.53314e-06 1.46182e-06 1.25923e-06 1.00459e-06 7.54283e-07 5.39011e-07 3.69579e-07 2.44638e-07 1.57079e-07 9.82051e-08 5.99658e-08 3.58531e-08 2.1034e-08 1.21301e-08 6.88684e-09 3.85442e-09 2.12902e-09 1.16177e-09 6.26848e-10 3.34695e-10 1.76964e-10 9.27128e-11 4.81574e-11 2.48127e-11 1.26875e-11 6.44098e-12 3.24765e-12 1.62698e-12 8.10085e-13 4.01002e-13 1.97401e-13 9.6661e-14 4.70929e-14 2.28327e-14 1.10191e-14 5.29431e-15 2.53292e-15 1.20686e-15 5.72775e-16 2.70812e-16 1.27577e-16 5.98892e-17 2.80192e-17 1.3066e-17 6.07381e-18 2.81484e-18 1.30066e-18 5.99287e-19 2.75362e-19 1.26186e-19 5.7675e-20 2.62948e-20 1.19589e-20 5.42602e-21 2.45623e-21 1.10939e-21 4.99978e-22 2.24852e-22 1.00913e-22 4.51985e-23 2.02046e-23 9.01465e-24 4.01458e-24 1.78461e-24 7.91917e-25 3.50805e-25 1.55139e-25 6.84954e-26 3.01929e-26 1.32882e-26 5.83931e-27 2.56215e-27 1.12257e-27 4.91131e-28 2.14572e-28 9.36162e-29 4.07892e-29 1.77488e-29 7.71315e-30 3.3477e-30 1.45119e-30 6.2831e-31 2.71712e-31 1.17364e-31 5.0637e-32 2.18229e-32 9.3946e-33 4.03995e-33 1.73545e-33 7.4473e-34 3.19257e-34 1.36725e-34 5.84959e-35 2.50025e-35 1.06765e-35 4.55478e-36 1.94137e-36 8.26716e-37
1.7726e-07 4.07569e-07 5.89477e-07 6.75213e-07 6.67123e-07 5.9362e-07 4.88001e-07 3.76824e-07 2.76476e-07 1.94364e-07 1.31751e-07 8.65387e-08 5.52942e-08 3.44777e-08 2.1034e-08 1.25828e-08 7.39454e-09 4.27568e-09 2.43586e-09 1.36888e-09 7.59626e-10 4.1663e-10 2.26033e-10 1.21388e-10 6.45728e-11 3.40442e-11 1.77987e-11 9.23197e-12 4.75281e-12 2.42957e-12 1.23365e-12 6.22421e-13 3.12134e-13 1.55628e-13 7.71681e-14 3.80628e-14 1.86799e-14 9.12336e-15 4.43533e-15 2.1467e-15 1.03458e-15 4.96567e-16 2.37399e-16 1.13066e-16 5.36531e-17 2.53702e-17 1.19557e-17 5.61557e-18 2.62925e-18 1.22725e-18 5.71136e-19 2.65029e-19 1.2264e-19 5.65969e-20 2.60502e-20 1.19597e-20 5.47713e-21 2.5023e-21 1.14053e-21 5.18665e-22 2.35345e-22 1.06558e-22 4.81452e-23 2.17086e-23 9.76891e-24 4.38748e-24 1.96681e-24 8.80045e-25 3.93065e-25 1.7525e-25 7.80019e-26 3.46595e-26 1.53754e-26 6.80978e-27 3.01133e-27 1.32959e-27 5.8617e-28 2.58043e-28 1.13432e-28 4.97931e-29 2.18275e-29 9.55544e-30 4.17757e-30 1.82404e-30 7.95411e-31 3.46425e-31 1.50694e-31 6.54729e-32 2.8413e-32 1.23161e-32 5.33255e-33 2.3063e-33 9.96375e-34 4.29996e-34 1.85374e-34 7.98335e-35 3.43463e-35 1.47619e-35 6.33839e-36 2.71892e-36 1.1652e-36
6.76566e-08 1.6421e-07 2.48179e-07 2.95328e-07 3.01929e-07 2.77178e-07 2.3454e-07 1.86065e-07 1.40034e-07 1.00846e-07 6.99465e-08 4.69624e-08 3.06449e-08 1.94987e-08 1.21301e-08 7.39454e-09 4.42559e-09 2.60467e-09 1.50961e-09 8.62663e-10 4.8657e-10 2.71136e-10 1.49394e-10 8.14525e-11 4.39741e-11 2.35218e-11 1.24728e-11 6.55983e-12 3.42335e-12 1.77346e-12 9.12363e-13 4.66272e-13 2.36798e-13 1.1954e-13 6.00012e-14 2.99525e-14 1.48743e-14 7.34959e-15 3.61414e-15 1.76907e-15 8.62112e-16 4.18344e-16 2.02173e-16 9.73198e-17 4.66688e-17 2.22976e-17 1.06158e-17 5.03683e-18 2.38192e-18 1.12281e-18 5.27641e-19 2.47211e-19 1.15487e-19 5.37988e-20 2.49933e-20 1.15803e-20 5.35175e-21 2.46707e-21 1.13451e-21 5.20483e-22 2.38232e-22 1.08798e-22 4.9578e-23 2.25441e-23 1.02299e-23 4.6327e-24 2.09381e-24 9.44505e-25 4.25259e-25 1.9112e-25 8.5739e-26 3.83964e-26 1.71656e-26 7.66124e-27 3.41373e-27 1.51867e-27 6.74557e-28 2.99163e-28 1.32478e-28 5.85793e-29 2.58654e-29 1.14046e-29 5.02162e-30 2.2081e-30 9.69656e-31 4.25257e-31 1.86265e-31 8.14831e-32 3.56017e-32 1.55364e-32 6.772e-33 2.94835e-33 1.28217e-33 5.56966e-34 2.41676e-34 1.04753e-34 4.53568e-35 1.96184e-35 8.47695e-36 3.65913e-36 1.57793e-36
2.58231e-08 6.59767e-08 1.03997e-07 1.28369e-07 1.35623e-07 1.28305e-07 1.11636e-07 9.09027e-08 7.01166e-08 5.16857e-08 3.6654e-08 2.51378e-08 1.67411e-08 1.0863e-08 6.88684e-09 4.27568e-09 2.60467e-09 1.55952e-09 9.19071e-10 5.33792e-10 3.05871e-10 1.7309e-10 9.68162e-11 5.35674e-11 2.9338e-11 1.59151e-11 8.55614e-12 4.56102e-12 2.41192e-12 1.2658e-12 6.59537e-13 3.41303e-13 1.75474e-13 8.96584e-14 4.55403e-14 2.30008e-14 1.15542e-14 5.77407e-15 2.87122e-15 1.42095e-15 6.99998e-16 3.43322e-16 1.67673e-16 8.15546e-17 3.95113e-17 1.90697e-17 9.17e-18 4.39394e-18 2.09821e-18 9.98623e-19 4.73759e-19 2.24059e-19 1.05646e-19 4.96679e-20 2.32843e-20 1.08856e-20 5.07551e-21 2.36034e-21 1.09489e-21 5.06636e-22 2.33874e-22 1.07709e-22 4.94924e-23 2.26914e-23 1.03812e-23 4.73937e-24 2.15924e-24 9.81777e-25 4.45528e-25 2.01794e-25 9.12286e-26 4.11683e-26 1.85448e-26 8.3392e-27 3.74359e-27 1.67776e-27 7.50692e-28 3.35353e-28 1.49577e-28 6.66138e-29 2.96219e-29 1.3153e-29 5.83193e-30 2.58219e-30 1.14173e-30 5.04143e-31 2.22313e-31 9.79064e-32 4.30627e-32 1.89168e-32 8.29963e-33 3.63702e-33 1.5919e-33 6.95954e-34 3.03912e-34 1.32564e-34 5.77597e-35 2.51392e-35 1.09299e-35 4.74702e-36 2.05959e-36
9.85615e-09 2.64419e-08 4.33938e-08 5.54825e-08 6.0504e-08 5.89246e-08 5.26685e-08 4.39823e-08 3.4742e-08 2.61944e-08 1.89803e-08 1.32878e-08 9.02591e-09 5.9692e-09 3.85442e-09 2.43586e-09 1.50961e-09 9.19071e-10 5.50486e-10 3.24802e-10 1.88998e-10 1.08567e-10 6.16207e-11 3.45848e-11 1.92081e-11 1.05634e-11 5.75558e-12 3.10867e-12 1.6652e-12 8.85021e-13 4.66888e-13 2.4457e-13 1.27255e-13 6.57905e-14 3.38061e-14 1.72698e-14 8.77307e-15 4.43291e-15 2.22841e-15 1.11471e-15 5.54966e-16 2.75038e-16 1.35711e-16 6.66806e-17 3.26298e-17 1.59045e-17 7.72286e-18 3.73629e-18 1.8012e-18 8.65349e-19 4.14358e-19 1.9777e-19 9.40997e-20 4.46375e-20 2.11123e-20 9.95702e-21 4.68295e-21 2.19653e-21 1.02759e-21 4.79502e-22 2.23195e-22 1.0364e-22 4.80122e-23 2.2191e-23 1.02337e-23 4.70911e-24 2.16233e-24 9.90843e-25 4.53113e-25 2.06799e-25 9.42002e-26 4.28286e-26 1.94363e-26 8.80463e-27 3.98145e-27 1.7973e-27 8.09967e-28 3.64414e-28 1.63689e-28 7.34099e-29 3.28712e-29 1.46966e-29 6.56096e-30 2.92472e-30 1.30191e-30 5.78714e-31 2.56891e-31 1.1388e-31 5.04161e-32 2.22908e-32 9.84297e-33 4.34092e-33 1.91206e-33 8.41193e-34 3.69635e-34 1.62234e-34 7.11237e-35 3.11455e-35 1.36237e-35 5.95276e-36 2.59823e-36
3.76189e-09 1.05733e-08 1.80363e-08 2.38564e-08 2.68231e-08 2.68662e-08 2.46478e-08 2.10919e-08 1.70494e-08 1.31393e-08 9.72153e-09 6.94325e-09 4.80771e-09 3.23884e-09 2.12902e-09 1.36888e-09 8.62663e-10 5.33792e-10 3.24802e-10 1.94606e-10 1.14945e-10 6.69989e-11 3.85728e-11 2.19526e-11 1.23594e-11 6.88817e-12 3.80242e-12 2.08019e-12 1.12835e-12 6.07129e-13 3.24184e-13 1.71847e-13 9.04659e-14 4.73106e-14 2.45864e-14 1.27003e-14 6.52277e-15 3.33157e-15 1.69265e-15 8.55607e-16 4.30388e-16 2.15478e-16 1.07394e-16 5.32924e-17 2.63344e-17 1.29604e-17 6.35344e-18 3.10281e-18 1.50977e-18 7.32022e-19 3.5371e-19 1.70343e-19 8.17714e-20 3.91308e-20 1.86688e-20 8.88041e-21 4.21216e-21 1.99236e-21 9.39837e-22 4.42174e-22 2.07501e-22 9.71319e-23 4.53572e-23 2.11301e-23 9.82091e-24 4.55432e-24 2.10736e-24 9.73022e-25 4.48328e-25 2.06148e-25 9.4601e-26 4.33274e-26 1.98062e-26 9.03705e-27 4.11585e-27 1.87118e-27 8.49207e-28 3.8474e-28 1.74018e-28 7.85789e-29 3.54258e-29 1.59459e-29 7.16654e-30 3.21596e-30 1.44101e-30 6.44753e-31 2.8807e-31 1.28527e-31 5.72656e-32 2.54804e-32 1.13226e-32 5.02478e-33 2.22708e-33 9.85845e-34 4.35859e-34 1.92468e-34 8.48892e-35 3.73972e-35 1.64561e-35 7.23305e-36 3.17566e-36
1.43584e-09 4.21915e-09 7.47004e-09 1.02092e-08 1.18231e-08 1.21681e-08 1.14489e-08 1.00321e-08 8.29297e-09 6.5284e-09 4.92926e-09 3.58962e-09 2.53239e-09 1.73696e-09 1.16177e-09 7.59626e-10 4.8657e-10 3.05871e-10 1.88998e-10 1.14945e-10 6.88899e-11 4.07294e-11 2.37768e-11 1.37168e-11 7.82588e-12 4.4186e-12 2.47043e-12 1.36848e-12 7.51448e-13 4.0922e-13 2.21103e-13 1.18572e-13 6.3136e-14 3.33904e-14 1.75448e-14 9.16189e-15 4.75603e-15 2.45491e-15 1.26026e-15 6.43588e-16 3.27019e-16 1.65362e-16 8.32286e-17 4.17023e-17 2.08049e-17 1.03361e-17 5.11438e-18 2.52078e-18 1.23776e-18 6.0555e-19 2.95207e-19 1.43422e-19 6.94477e-20 3.35197e-20 1.61281e-20 7.73648e-21 3.70017e-21 1.76462e-21 8.39206e-22 3.9802e-22 1.88274e-22 8.88299e-23 4.18058e-23 1.96269e-23 9.19241e-24 4.29534e-24 2.00253e-24 9.31534e-25 4.32393e-25 2.00282e-25 9.25778e-26 4.27068e-26 1.96621e-26 9.03494e-27 4.14383e-27 1.89704e-27 8.66895e-28 3.95447e-28 1.80077e-28 8.18639e-29 3.71539e-29 1.68349e-29 7.61591e-30 3.43997e-30 1.55139e-30 6.98609e-31 3.14128e-31 1.41042e-31 6.32377e-32 2.83137e-32 1.26596e-32 5.65279e-33 2.52075e-33 1.12262e-33 4.99327e-34 2.21815e-34 9.84155e-35 4.36124e-35 1.93036e-35 8.53415e-36 3.76862e-36
5.48029e-10 1.68042e-09 3.08377e-09 4.34991e-09 5.1838e-09 5.47739e-09 5.28151e-09 4.73567e-09 4.00079e-09 3.21531e-09 2.47611e-09 1.83759e-09 1.32015e-09 9.21484e-10 6.26848e-10 4.1663e-10 2.71136e-10 1.7309e-10 1.08567e-10 6.69989e-11 4.07294e-11 2.44167e-11 1.44484e-11 8.44645e-12 4.88185e-12 2.79158e-12 1.5803e-12 8.86139e-13 4.92447e-13 2.71343e-13 1.48309e-13 8.04415e-14 4.33126e-14 2.3159e-14 1.23008e-14 6.49201e-15 3.40549e-15 1.776e-15 9.21032e-16 4.75083e-16 2.43791e-16 1.24482e-16 6.32576e-17 3.19974e-17 1.61132e-17 8.07946e-18 4.0344e-18 2.00646e-18 9.94026e-19 4.90604e-19 2.41259e-19 1.18223e-19 5.77347e-20 2.81014e-20 1.36339e-20 6.59407e-21 3.17954e-21 1.52859e-21 7.32774e-22 3.50294e-22 1.66998e-22 7.94031e-23 3.76566e-23 1.78135e-23 8.40606e-24 3.95725e-24 1.85857e-24 8.70908e-25 4.07191e-25 1.89967e-25 8.84372e-26 4.10855e-26 1.90484e-26 8.81387e-27 4.07033e-27 1.87615e-27 8.63166e-28 3.96397e-28 1.81715e-28 8.31559e-29 3.79883e-29 1.73252e-29 7.88846e-30 3.58596e-30 1.62754e-30 7.37534e-31 3.33713e-31 1.5077e-31 6.80172e-32 3.06407e-32 1.37837e-32 6.19196e-33 2.77779e-33 1.24448e-33 5.5681e-34 2.48808e-34 1.11037e-34 4.94915e-35 2.20323e-35 9.79633e-36 4.35063e-36
2.09171e-10 6.68123e-10 1.26921e-09 1.84593e-09 2.26166e-09 2.4516e-09 2.42089e-09 2.21981e-09 1.91546e-09 1.57069e-09 1.23306e-09 9.32104e-10 6.81602e-10 4.83962e-10 3.34695e-10 2.26033e-10 1.49394e-10 9.68162e-11 6.16207e-11 3.85728e-11 2.37768e-11 1.44484e-11 8.66367e-12 5.13074e-12 3.00326e-12 1.73879e-12 9.96365e-13 5.65404e-13 3.17906e-13 1.77193e-13 9.79484e-14 5.37187e-14 2.92412e-14 1.58037e-14 8.48313e-15 4.52394e-15 2.39752e-15 1.263e-15 6.61533e-16 3.44588e-16 1.78544e-16 9.20387e-17 4.72129e-17 2.41042e-17 1.22501e-17 6.19822e-18 3.1228e-18 1.56686e-18 7.83039e-19 3.89817e-19 1.93336e-19 9.55413e-20 4.70482e-20 2.30894e-20 1.12939e-20 5.50654e-21 2.67643e-21 1.29692e-21 6.26593e-22 3.01862e-22 1.45016e-22 6.94764e-23 3.31975e-23 1.58215e-23 7.52127e-24 3.56669e-24 1.68731e-24 7.9635e-25 3.74989e-25 1.76181e-25 8.25942e-26 3.86377e-26 1.8037e-26 8.40292e-27 3.90684e-27 1.81289e-27 8.39625e-28 3.88136e-28 1.79095e-28 8.24903e-29 3.79276e-29 1.74083e-29 7.9767e-30 3.64895e-30 1.6665e-30 7.59885e-31 3.45947e-31 1.57255e-31 7.13743e-32 3.23471e-32 1.46385e-32 6.61513e-33 2.98517e-33 1.34524e-33 6.05403e-34 2.72088e-34 1.22125e-34 5.47446e-35 2.45091e-35 1.09591e-35 4.89428e-36
7.98364e-11 2.65215e-10 5.20927e-10 7.80413e-10 9.82252e-10 1.09151e-09 1.10309e-09 1.03373e-09 9.10577e-10 7.61468e-10 6.09093e-10 4.68777e-10 3.48769e-10 2.51799e-10 1.76964e-10 1.21388e-10 8.14525e-11 5.35674e-11 3.45848e-11 2.19526e-11 1.37168e-11 8.44645e-12 5.13074e-12 3.07721e-12 1.8237e-12 1.06875e-12 6.1975e-13 3.55816e-13 2.02366e-13 1.1407e-13 6.37554e-14 3.53477e-14 1.94477e-14 1.06217e-14 5.76076e-15 3.10356e-15 1.66135e-15 8.83879e-16 4.67485e-16 2.45859e-16 1.286e-16 6.69149e-17 3.4643e-17 1.78483e-17 9.1526e-18 4.67224e-18 2.37469e-18 1.20185e-18 6.05786e-19 3.04136e-19 1.52107e-19 7.57909e-20 3.76286e-20 1.86165e-20 9.17916e-21 4.51101e-21 2.20979e-21 1.07913e-21 5.25388e-22 2.55036e-22 1.23446e-22 5.95844e-23 2.86817e-23 1.37696e-23 6.59341e-24 3.1492e-24 1.50043e-24 7.13159e-25 3.38169e-25 1.59986e-25 7.55184e-26 3.55688e-26 1.67168e-26 7.84016e-27 3.66947e-27 1.71399e-27 7.99018e-28 3.71765e-28 1.72647e-28 8.00289e-29 3.70295e-29 1.71031e-29 7.88584e-30 3.62977e-30 1.66794e-30 7.65193e-31 3.50477e-31 1.60274e-31 7.31795e-32 3.33622e-32 1.51869e-32 6.90313e-33 3.13325e-33 1.42013e-33 6.42769e-34 2.90527e-34 1.31139e-34 5.9116e-35 2.6614e-35 1.19663e-35 5.37356e-36
3.04719e-11 1.05123e-10 2.13255e-10 3.28792e-10 4.24788e-10 4.83573e-10 4.99843e-10 4.78461e-10 4.30014e-10 3.66542e-10 2.98605e-10 2.33882e-10 1.76968e-10 1.29861e-10 9.27128e-11 6.45728e-11 4.39741e-11 2.9338e-11 1.92081e-11 1.23594e-11 7.82588e-12 4.88185e-12 3.00326e-12 1.8237e-12 1.094e-12 6.48788e-13 3.80628e-13 2.21041e-13 1.27132e-13 7.24554e-14 4.09372e-14 2.29394e-14 1.27536e-14 7.03766e-15 3.85581e-15 2.09811e-15 1.13422e-15 6.09305e-16 3.25354e-16 1.72727e-16 9.11903e-17 4.7886e-17 2.50165e-17 1.30042e-17 6.72756e-18 3.46431e-18 1.77595e-18 9.06494e-19 4.60764e-19 2.33255e-19 1.17618e-19 5.90833e-20 2.95699e-20 1.47461e-20 7.3281e-21 3.62942e-21 1.79166e-21 8.81623e-22 4.32475e-22 2.11506e-22 1.03135e-22 5.01465e-23 2.43142e-23 1.1757e-23 5.66989e-24 2.72726e-24 1.30851e-24 6.26259e-25 2.99007e-25 1.42425e-25 6.7684e-26 3.20929e-26 1.51835e-26 7.16805e-27 3.37686e-27 1.58755e-27 7.44844e-28 3.48773e-28 1.62997e-28 7.60309e-29 3.53992e-29 1.64514e-29 7.63199e-30 3.53435e-30 1.63394e-30 7.54099e-31 3.47458e-31 1.59834e-31 7.34084e-32 3.36621e-32 1.54124e-32 7.04597e-33 3.21638e-33 1.46609e-33 6.6732e-34 3.03315e-34 1.37675e-34 6.24054e-35 2.82494e-35 1.2771e-35 5.76603e-36
1.16305e-11 4.161e-11 8.70917e-11 1.38073e-10 1.82977e-10 2.13253e-10 2.25323e-10 2.20192e-10 2.01814e-10 1.75268e-10 1.45355e-10 1.15816e-10 8.90899e-11 6.64233e-11 4.81574e-11 3.40442e-11 2.35218e-11 1.59151e-11 1.05634e-11 6.88817e-12 4.4186e-12 2.79158e-12 1.73879e-12 1.06875e-12 6.48788e-13 3.89266e-13 2.30994e-13 1.35655e-13 7.88848e-14 4.54462e-14 2.59509e-14 1.46942e-14 8.25375e-15 4.60078e-15 2.54586e-15 1.39894e-15 7.63575e-16 4.14111e-16 2.23205e-16 1.19597e-16 6.37185e-17 3.37621e-17 1.77951e-17 9.33175e-18 4.86958e-18 2.52907e-18 1.3075e-18 6.72971e-19 3.44897e-19 1.76027e-19 8.94794e-20 4.53078e-20 2.2855e-20 1.14866e-20 5.75252e-21 2.87091e-21 1.42796e-21 7.07937e-22 3.49855e-22 1.7236e-22 8.46586e-23 4.14601e-23 2.02462e-23 9.85926e-24 4.78807e-24 2.31912e-24 1.12036e-24 5.39872e-25 2.59508e-25 1.2444e-25 5.95308e-26 2.84133e-26 1.35307e-26 6.42921e-27 3.04829e-27 1.44224e-27 6.80953e-28 3.20861e-28 1.50887e-28 7.0818e-29 3.31746e-29 1.55116e-29 7.23951e-30 3.37273e-30 1.56852e-30 7.28189e-31 3.37491e-31 1.56155e-31 7.21341e-32 3.3268e-32 1.53189e-32 7.04298e-33 3.23314e-33 1.48198e-33 6.78299e-34 3.10008e-34 1.41485e-34 6.44819e-35 2.93474e-35 1.33388e-35 6.05459e-36
4.43912e-12 1.64492e-11 3.5488e-11 5.78067e-11 7.8525e-11 9.36376e-11 1.0108e-10 1.00792e-10 9.41652e-11 8.32841e-11 7.02858e-11 5.69485e-11 4.45189e-11 3.37128e-11 2.48127e-11 1.77987e-11 1.24728e-11 8.55614e-12 5.75558e-12 3.80242e-12 2.47043e-12 1.5803e-12 9.96365e-13 6.1975e-13 3.80628e-13 2.30994e-13 1.38617e-13 8.23041e-14 4.83795e-14 2.81685e-14 1.62532e-14 9.2977e-15 5.27537e-15 2.96985e-15 1.65948e-15 9.20679e-16 5.07308e-16 2.77707e-16 1.51067e-16 8.16815e-17 4.39089e-17 2.3472e-17 1.24798e-17 6.60091e-18 3.47394e-18 1.81943e-18 9.48455e-19 4.92187e-19 2.54297e-19 1.3083e-19 6.70332e-20 3.4209e-20 1.73905e-20 8.80748e-21 4.44436e-21 2.23475e-21 1.11983e-21 5.59273e-22 2.78407e-22 1.38152e-22 6.83432e-23 3.37074e-23 1.65761e-23 8.12827e-24 3.97468e-24 1.93832e-24 9.42745e-25 4.57338e-25 2.21299e-25 1.06819e-25 5.14359e-26 2.47091e-26 1.18425e-26 5.663e-27 2.70203e-27 1.28644e-27 6.11183e-28 2.89767e-28 1.37102e-28 6.474e-29 3.05107e-29 1.43516e-29 6.73804e-30 3.15767e-30 1.47712e-30 6.89754e-31 3.21527e-31 1.49624e-31 6.95111e-32 3.22399e-32 1.4929e-32 6.90209e-33 3.18604e-33 1.46844e-33 6.75785e-34 3.1054e-34 1.42493e-34 6.52902e-35 2.98739e-35 1.365e-35 6.22852e-36
1.69432e-12 6.49491e-12 1.44303e-11 2.41331e-11 3.35818e-11 4.09491e-11 4.51373e-11 4.59051e-11 4.36966e-11 3.93427e-11 3.37739e-11 2.78172e-11 2.20917e-11 1.69862e-11 1.26875e-11 9.23197e-12 6.55983e-12 4.56102e-12 3.10867e-12 2.08019e-12 1.36848e-12 8.86139e-13 5.65404e-13 3.55816e-13 2.21041e-13 1.35655e-13 8.23041e-14 4.93975e-14 2.93454e-14 1.72646e-14 1.00639e-14 5.81523e-15 3.33224e-15 1.89427e-15 1.06866e-15 5.9851e-16 3.32867e-16 1.83893e-16 1.00941e-16 5.50672e-17 2.98634e-17 1.61029e-17 8.63531e-18 4.60624e-18 2.44451e-18 1.29088e-18 6.78433e-19 3.5491e-19 1.84836e-19 9.58455e-20 4.94919e-20 2.54523e-20 1.30379e-20 6.65303e-21 3.38233e-21 1.71333e-21 8.64845e-22 4.35061e-22 2.1813e-22 1.09012e-22 5.43079e-23 2.69722e-23 1.33557e-23 6.59401e-24 3.24634e-24 1.59379e-24 7.80347e-25 3.81061e-25 1.85599e-25 9.01692e-26 4.36985e-26 2.11264e-26 1.01896e-26 4.90324e-27 2.35411e-27 1.12774e-27 5.39072e-28 2.57136e-28 1.22398e-28 5.81436e-29 2.75652e-29 1.30427e-29 6.15945e-30 2.90333e-30 1.366e-30 6.41526e-31 3.0075e-31 1.40747e-31 6.57549e-32 3.0668e-32 1.42799e-32 6.6383e-33 3.08104e-33 1.42776e-33 6.60609e-34 3.05194e-34 1.40786e-34 6.48495e-35 2.98283e-35 1.37004e-35 6.28398e-36
6.46688e-13 2.56164e-12 5.85623e-12 1.00482e-11 1.43145e-11 1.78394e-11 2.00695e-11 2.0808e-11 2.01726e-11 1.84822e-11 1.61333e-11 1.35028e-11 1.08906e-11 8.49964e-12 6.44098e-12 4.75281e-12 3.42335e-12 2.41192e-12 1.6652e-12 1.12835e-12 7.51448e-13 4.92447e-13 3.17906e-13 2.02366e-13 1.27132e-13 7.88848e-14 4.83795e-14 2.93454e-14 1.76152e-14 1.04697e-14 6.16458e-15 3.5974e-15 2.08149e-15 1.19462e-15 6.8032e-16 3.84565e-16 2.15842e-16 1.20321e-16 6.66346e-17 3.66713e-17 2.00597e-17 1.09092e-17 5.89959e-18 3.17323e-18 1.69789e-18 9.03917e-19 4.78882e-19 2.52511e-19 1.32541e-19 6.92624e-20 3.604e-20 1.86753e-20 9.6383e-21 4.95488e-21 2.53756e-21 1.29478e-21 6.58287e-22 3.33517e-22 1.68401e-22 8.47493e-23 4.25136e-23 2.12596e-23 1.05988e-23 5.26815e-24 2.61094e-24 1.29033e-24 6.35922e-25 3.12557e-25 1.53216e-25 7.49134e-26 3.65356e-26 1.77746e-26 8.62653e-27 4.17681e-27 2.01766e-27 9.72456e-28 4.67658e-28 2.24411e-28 1.07457e-28 5.13477e-29 2.44861e-29 1.16533e-29 5.53512e-30 2.62402e-30 1.24162e-30 5.86411e-31 2.76457e-31 1.301e-31 6.11173e-32 2.86618e-32 1.34187e-32 6.27182e-33 2.92664e-33 1.36348e-33 6.34223e-34 2.94552e-34 1.36591e-34 6.32455e-35 2.92414e-35 1.35001e-35 6.22379e-36
2.46827e-13 1.00928e-12 2.37224e-12 4.17325e-12 6.08288e-12 7.74377e-12 8.88738e-12 9.38967e-12 9.2673e-12 8.63697e-12 7.66366e-12 6.51572e-12 5.33541e-12 4.22541e-12 3.24765e-12 2.42957e-12 1.77346e-12 1.2658e-12 8.85021e-13 6.07129e-13 4.0922e-13 2.71343e-13 1.77193e-13 1.1407e-13 7.24554e-14 4.54462e-14 2.81685e-14 1.72646e-14 1.04697e-14 6.28551e-15 3.73758e-15 2.20235e-15 1.28652e-15 7.45333e-16 4.28401e-16 2.44379e-16 1.38398e-16 7.78357e-17 4.3484e-17 2.41377e-17 1.33163e-17 7.30288e-18 3.98217e-18 2.15948e-18 1.16484e-18 6.25101e-19 3.33791e-19 1.77383e-19 9.38266e-20 4.94064e-20 2.59026e-20 1.35227e-20 7.03072e-21 3.64084e-21 1.87811e-21 9.65174e-22 4.94196e-22 2.52143e-22 1.282e-22 6.49627e-23 3.28105e-23 1.65185e-23 8.29035e-24 4.14813e-24 2.06939e-24 1.02938e-24 5.10595e-25 2.52568e-25 1.24597e-25 6.13047e-26 3.00856e-26 1.47275e-26 7.19165e-27 3.50332e-27 1.70257e-27 8.25521e-28 3.99363e-28 1.92772e-28 9.28491e-29 4.46259e-29 2.14038e-29 1.02449e-29 4.89386e-30 2.33315e-30 1.11018e-30 5.27261e-31 2.49948e-31 1.18272e-31 5.58642e-32 2.63405e-32 1.23983e-32 5.82594e-33 2.73303e-33 1.28e-33 5.98519e-34 2.7942e-34 1.30245e-34 6.06176e-35 2.81697e-35 1.30714e-35 6.05663e-36
9.42089e-14 3.97265e-13 9.59277e-13 1.72914e-12 2.57736e-12 3.35002e-12 3.9205e-12 4.21916e-12 4.23778e-12 4.01616e-12 3.62115e-12 3.12654e-12 2.59847e-12 2.08761e-12 1.62698e-12 1.23365e-12 9.12363e-13 6.59537e-13 4.66888e-13 3.24184e-13 2.21103e-13 1.48309e-13 9.79484e-14 6.37554e-14 4.09372e-14 2.59509e-14 1.62532e-14 1.00639e-14 6.16458e-15 3.73758e-15 2.24414e-15 1.33502e-15 7.87209e-16 4.60295e-16 2.66985e-16 1.53671e-16 8.78001e-17 4.9811e-17 2.80676e-17 1.57127e-17 8.74119e-18 4.83353e-18 2.65723e-18 1.45262e-18 7.8981e-19 4.27186e-19 2.29886e-19 1.23107e-19 6.56131e-20 3.48101e-20 1.8386e-20 9.66933e-21 5.06391e-21 2.64125e-21 1.3722e-21 7.10166e-22 3.66169e-22 1.88116e-22 9.63024e-23 4.91308e-23 2.49814e-23 1.26608e-23 6.39621e-24 3.22134e-24 1.61747e-24 8.09752e-25 4.04218e-25 2.01212e-25 9.98847e-26 4.9451e-26 2.44179e-26 1.20261e-26 5.90815e-27 2.8954e-27 1.41553e-27 6.90408e-28 3.35962e-28 1.63114e-28 7.90192e-29 3.81971e-29 1.84248e-29 8.86891e-30 4.26038e-30 2.04247e-30 9.77255e-31 4.66682e-31 2.22439e-31 1.05826e-31 5.02549e-32 2.38225e-32 1.12727e-32 5.32498e-33 2.51113e-33 1.18221e-33 5.55652e-34 2.60742e-34 1.2216e-34 5.71435e-35 2.66894e-35 1.24466e-35 5.79588e-36
3.59576e-14 1.56225e-13 3.87275e-13 7.14853e-13 1.08904e-12 1.44459e-12 1.72318e-12 1.88823e-12 1.92939e-12 1.85872e-12 1.70244e-12 1.49228e-12 1.25844e-12 1.02536e-12 8.10085e-13 6.22421e-13 4.66272e-13 3.41303e-13 2.4457e-13 1.71847e-13 1.18572e-13 8.04415e-14 5.37187e-14 3.53477e-14 2.29394e-14 1.46942e-14 9.2977e-15 5.81523e-15 3.5974e-15 2.20235e-15 1.33502e-15 8.01672e-16 4.77099e-16 2.81515e-16 1.64755e-16 9.56698e-17 5.51381e-17 3.15504e-17 1.7929e-17 1.0121e-17 5.67697e-18 3.16475e-18 1.75383e-18 9.6639e-19 5.29567e-19 2.88652e-19 1.56527e-19 8.44577e-20 4.53517e-20 2.42392e-20 1.28966e-20 6.83159e-21 3.60345e-21 1.89285e-21 9.90305e-22 5.16088e-22 2.67935e-22 1.38589e-22 7.14274e-23 3.66843e-23 1.87764e-23 9.5786e-24 4.87061e-24 2.46883e-24 1.24756e-24 6.28522e-25 3.15722e-25 1.5814e-25 7.89883e-26 3.93452e-26 1.9546e-26 9.6847e-27 4.78631e-27 2.35953e-27 1.16034e-27 5.69249e-28 2.7861e-28 1.36047e-28 6.6283e-29 3.2222e-29 1.56301e-29 7.56568e-30 3.65449e-30 1.76164e-30 8.47495e-31 4.06912e-31 1.94996e-31 9.32662e-32 4.45261e-32 2.12183e-32 1.00931e-32 4.79259e-33 2.27177e-33 1.07502e-33 5.07855e-34 2.39523e-34 1.12785e-34 5.30226e-35 2.4888e-35 1.16641e-35 5.4582e-36
1.37243e-14 6.13823e-14 1.56107e-13 2.94906e-13 4.58965e-13 6.21035e-13 7.54778e-13 8.4183e-13 8.74777e-13 8.56388e-13 7.9657e-13 7.08667e-13 6.06224e-13 5.00819e-13 4.01002e-13 3.12134e-13 2.36798e-13 1.75474e-13 1.27255e-13 9.04659e-14 6.3136e-14 4.33126e-14 2.92412e-14 1.94477e-14 1.27536e-14 8.25375e-15 5.27537e-15 3.33224e-15 2.08149e-15 1.28652e-15 7.87209e-16 4.77099e-16 2.86528e-16 1.70586e-16 1.00718e-16 5.89948e-17 3.42932e-17 1.9789e-17 1.13394e-17 6.45394e-18 3.64954e-18 2.05086e-18 1.14555e-18 6.36164e-19 3.51306e-19 1.92951e-19 1.05423e-19 5.73082e-20 3.10004e-20 1.66899e-20 8.94411e-21 4.77177e-21 2.53477e-21 1.34081e-21 7.06348e-22 3.70633e-22 1.93726e-22 1.00879e-22 5.23385e-23 2.70579e-23 1.39398e-23 7.15734e-24 3.66279e-24 1.86842e-24 9.5011e-25 4.81662e-25 2.4345e-25 1.2269e-25 6.16549e-26 3.08969e-26 1.5441e-26 7.69624e-27 3.82602e-27 1.89718e-27 9.38387e-28 4.63013e-28 2.2791e-28 1.11922e-28 5.48361e-29 2.68064e-29 1.30753e-29 6.3639e-30 3.09081e-30 1.49801e-30 7.24555e-31 3.49748e-31 1.68493e-31 8.1016e-32 3.88807e-32 1.86246e-32 8.9052e-33 4.25029e-33 2.025e-33 9.63112e-34 4.57284e-34 2.16753e-34 1.02571e-34 4.84598e-35 2.28582e-35 1.07652e-35 5.06204e-36
