0.393771 0.112335 0.0410019 0.015995 0.00480406 0.00119932 0.0002663 5.4796e-05 1.07113e-05 2.02007e-06 3.71239e-07 6.6924e-08 1.18883e-08 2.08761e-09 3.63217e-10 6.27198e-11 1.07626e-11 1.83711e-12 3.12167e-13 5.28373e-14 8.91276e-15 1.49892e-15 2.51412e-16 4.20685e-17 7.02419e-18 1.17056e-18 1.94725e-19 3.23408e-20 5.36311e-21 8.86635e-22 1.46656e-22
0.112335 0.0384678 0.0157914 0.003377 0.000606509 0.000101432 1.64207e-05 2.61837e-06 4.14672e-07 6.54911e-08 1.03355e-08 1.6314e-09 2.57669e-10 4.0729e-11 6.44326e-12 1.02013e-12 1.61635e-13 2.56282e-14 4.06607e-15 6.4548e-16 1.02522e-16 1.62915e-17 2.58995e-18 4.11899e-19 6.55309e-20 1.0429e-20 1.66024e-21 2.64363e-22 4.20532e-23 6.41801e-24 1.0229e-24
0.0410019 0.0157914 0.00277754 0.000469311 7.62959e-05 1.21283e-05 1.90723e-06 2.98679e-07 4.67415e-08 7.32142e-09 1.14859e-09 1.80501e-10 2.84136e-11 4.47959e-12 7.07208e-13 1.11785e-13 1.76882e-14 2.80149e-15 4.44072e-16 7.04425e-17 1.11814e-17 1.77586e-18 2.8219e-19 4.48618e-20 7.13496e-21 1.13519e-21 1.80669e-22 2.87417e-23 4.46633e-24 7.09454e-25 1.13069e-25
0.015995 0.003377 0.000469311 6.94647e-05 1.04927e-05 1.59781e-06 2.44637e-07 3.76415e-08 5.81885e-09 9.03343e-10 1.40763e-10 2.20049e-11 3.44932e-12 5.41933e-13 8.53109e-14 1.34519e-14 2.1241e-15 3.35812e-16 5.31464e-17 8.41878e-18 1.33467e-18 2.1174e-19 3.36128e-20 5.33886e-21 8.48414e-22 1.34883e-22 2.14438e-23 3.36728e-24 5.34978e-25 8.49532e-26 1.35334e-26
0.00480406 0.000606509 7.62959e-05 1.04927e-05 1.51045e-06 2.22958e-07 3.34361e-08 5.07108e-09 7.75748e-10 1.19478e-10 1.85018e-11 2.87773e-12 4.49205e-13 7.03268e-14 1.10372e-14 1.73576e-15 2.73447e-16 4.31418e-17 6.81514e-18 1.07778e-18 1.70608e-19 2.70293e-20 4.28542e-21 6.79887e-22 1.07928e-22 1.71382e-23 2.70523e-24 4.29528e-25 6.82069e-26 1.08251e-26 1.72332e-27
0.00119932 0.000101432 1.21283e-05 1.59781e-06 2.22958e-07 3.22064e-08 4.75696e-09 7.13535e-10 1.08244e-10 1.65622e-11 2.5511e-12 3.95034e-13 6.14306e-14 9.586e-15 1.50013e-15 2.35317e-16 3.69869e-17 5.82347e-18 9.1823e-19 1.44967e-19 2.29122e-20 3.62479e-21 5.73944e-22 9.09458e-23 1.44192e-23 2.28034e-24 3.61723e-25 5.73944e-26 9.10782e-27 1.44453e-27 2.29784e-28
0.0002663 1.64207e-05 1.90723e-06 2.44637e-07 3.34361e-08 4.75696e-09 6.94809e-10 1.03344e-10 1.55739e-11 2.37018e-12 3.6345e-13 5.60645e-14 8.68948e-15 1.35199e-15 2.11024e-16 3.30245e-17 5.17976e-18 8.13965e-19 1.28118e-19 2.0194e-20 3.18692e-21 5.03485e-22 7.96187e-23 1.26005e-23 1.99267e-24 3.15691e-25 5.00367e-26 7.93325e-27 1.25799e-27 1.9938e-28 3.16905e-29
5.4796e-05 2.61837e-06 2.98679e-07 3.76415e-08 5.07108e-09 7.13535e-10 1.03344e-10 1.52697e-11 2.28889e-12 3.46795e-13 5.29768e-14 8.14499e-15 1.25871e-15 1.95331e-16 3.04164e-17 4.74993e-18 7.4356e-19 1.16638e-19 1.83286e-20 2.88461e-21 4.54596e-22 7.17257e-23 1.13283e-23 1.78957e-24 2.83078e-25 4.48071e-26 7.09597e-27 1.12418e-27 1.78131e-28 2.82123e-29 4.48074e-30
1.07113e-05 4.14672e-07 4.67415e-08 5.81885e-09 7.75748e-10 1.08244e-10 1.55739e-11 2.28889e-12 3.4158e-13 5.15584e-14 7.85026e-15 1.20345e-15 1.85497e-16 2.87187e-17 4.46251e-18 6.95532e-19 1.08686e-19 1.7021e-20 2.67067e-21 4.19728e-22 6.60602e-23 1.04101e-23 1.64178e-24 2.59238e-25 4.09685e-26 6.47903e-27 1.02523e-27 1.62296e-28 2.5698e-29 4.06729e-30 6.45501e-31
2.02007e-06 6.54911e-08 7.32142e-09 9.03343e-10 1.19478e-10 1.65622e-11 2.37018e-12 3.46795e-13 5.15584e-14 7.7568e-15 1.17764e-15 1.80067e-16 2.76906e-17 4.27804e-18 6.6347e-19 1.03226e-19 1.61042e-20 2.51825e-21 3.94572e-22 6.19313e-23 9.7354e-24 1.53219e-24 2.41452e-25 3.8089e-26 6.01394e-27 9.50285e-28 1.50252e-28 2.37679e-29 3.76081e-30 5.94849e-31 9.43405e-32
3.71239e-07 1.03355e-08 1.14859e-09 1.40763e-10 1.85018e-11 2.5511e-12 3.6345e-13 5.29768e-14 7.85026e-15 1.17764e-15 1.78329e-16 2.72044e-17 4.17468e-18 6.43726e-19 9.96581e-20 1.54802e-20 2.41144e-21 3.76557e-22 5.89247e-23 9.23756e-24 1.45038e-24 2.28054e-25 3.59034e-26 5.65859e-27 8.92683e-28 1.40943e-28 2.22682e-29 3.52006e-30 5.56615e-31 8.79863e-32 1.39452e-32
6.6924e-08 1.6314e-09 1.80501e-10 2.20049e-11 2.87773e-12 3.95034e-13 5.60645e-14 8.14499e-15 1.20345e-15 1.80067e-16 2.72044e-17 4.14135e-18 6.34299e-19 9.76358e-20 1.5091e-20 2.34065e-21 3.64111e-22 5.67844e-23 8.87514e-24 1.38974e-24 2.17986e-25 3.42423e-26 5.38596e-27 8.48131e-28 1.33691e-28 2.10921e-29 3.33006e-30 5.2605e-31 8.31303e-32 1.31332e-32 2.08023e-33
1.18883e-08 2.57669e-10 2.84136e-11 3.44932e-12 4.49205e-13 6.14306e-14 8.68948e-15 1.25871e-15 1.85497e-16 2.76906e-17 4.17468e-18 6.34299e-19 9.69803e-20 1.49038e-20 2.30018e-21 3.5627e-22 5.53503e-23 8.62178e-24 1.34602e-24 2.10556e-25 3.29944e-26 5.17819e-27 8.13777e-28 1.28042e-28 2.01679e-29 3.17956e-30 5.01657e-31 7.91967e-32 1.25078e-32 1.97494e-33 3.12639e-34
2.08761e-09 4.0729e-11 4.47959e-12 5.41933e-13 7.03268e-14 9.586e-15 1.35199e-15 1.95331e-16 2.87187e-17 4.27804e-18 6.43726e-19 9.76358e-20 1.49038e-20 2.287e-21 3.52477e-22 5.45247e-23 8.46091e-24 1.31646e-24 2.05312e-25 3.20857e-26 5.02328e-27 7.87684e-28 1.23688e-28 1.94466e-29 3.06083e-30 4.82225e-31 7.60349e-32 1.19964e-32 1.89358e-33 2.98834e-34 4.72803e-35
3.63217e-10 6.44326e-12 7.07208e-13 8.53109e-14 1.10372e-14 1.50013e-15 2.11024e-16 3.04164e-17 4.46251e-18 6.6347e-19 9.96581e-20 1.5091e-20 2.30018e-21 3.52477e-22 5.42551e-23 8.38275e-24 1.29935e-24 2.01961e-25 3.1467e-26 4.9131e-27 7.68527e-28 1.20413e-28 1.88937e-29 2.96839e-30 4.66896e-31 7.3511e-32 1.15838e-32 1.8266e-33 2.88166e-34 4.54543e-35 7.18784e-36
6.27198e-11 1.02013e-12 1.11785e-13 1.34519e-14 1.73576e-15 2.35317e-16 3.30245e-17 4.74993e-18 6.95532e-19 1.03226e-19 1.54802e-20 2.34065e-21 3.5627e-22 5.45247e-23 8.38275e-24 1.29374e-24 2.00327e-25 3.11073e-26 4.84232e-27 7.55409e-28 1.18069e-28 1.84849e-29 2.89834e-30 4.55048e-31 7.15281e-32 1.1255e-32 1.77253e-33 2.79351e-34 4.40481e-35 6.94475e-36 1.09765e-36
1.07626e-11 1.61635e-13 1.76882e-14 2.1241e-15 2.73447e-16 3.69869e-17 5.17976e-18 7.4356e-19 1.08686e-19 1.61042e-20 2.41144e-21 3.64111e-22 5.53503e-23 8.46091e-24 1.29935e-24 2.00327e-25 3.09892e-26 4.8077e-27 7.47753e-28 1.16556e-28 1.82036e-29 2.84793e-30 4.46236e-31 7.00153e-32 1.09988e-32 1.72967e-33 2.72255e-34 4.28853e-35 6.75887e-36 1.06515e-36 1.68272e-37
1.83711e-12 2.56282e-14 2.80149e-15 3.35812e-16 4.31418e-17 5.82347e-18 8.13965e-19 1.16638e-19 1.7021e-20 2.51825e-21 3.76557e-22 5.67844e-23 8.62178e-24 1.31646e-24 2.01961e-25 3.11073e-26 4.8077e-27 7.45236e-28 1.15815e-28 1.8039e-29 2.81528e-30 4.40146e-31 6.89212e-32 1.08073e-32 1.69675e-33 2.66683e-34 4.19548e-35 6.60542e-36 1.04056e-36 1.63913e-37 2.58835e-38
3.12167e-13 4.06607e-15 4.44072e-16 5.31464e-17 6.81514e-18 9.1823e-19 1.28118e-19 1.83286e-20 2.67067e-21 3.94572e-22 5.89247e-23 8.87514e-24 1.34602e-24 2.05312e-25 3.1467e-26 4.84232e-27 7.47753e-28 1.15815e-28 1.79848e-29 2.79924e-30 4.36572e-31 6.82104e-32 1.06743e-32 1.67283e-33 2.62491e-34 4.12349e-35 6.48387e-36 1.02035e-36 1.60665e-37 2.52985e-38 3.99316e-39
5.28373e-14 6.4548e-16 7.04425e-17 8.41878e-18 1.07778e-18 1.44967e-19 2.0194e-20 2.88461e-21 4.19728e-22 6.19313e-23 9.23756e-24 1.38974e-24 2.10556e-25 3.20857e-26 4.9131e-27 7.55409e-28 1.16556e-28 1.8039e-29 2.79924e-30 4.35393e-31 6.78604e-32 1.05961e-32 1.65724e-33 2.5957e-34 4.0709e-35 6.3918e-36 1.00459e-36 1.58018e-37 2.48712e-38 3.91471e-39 6.1765e-40
8.91276e-15 1.02522e-16 1.11814e-17 1.33467e-18 1.70608e-19 2.29122e-20 3.18692e-21 4.54596e-22 6.60602e-23 9.7354e-24 1.45038e-24 2.17986e-25 3.29944e-26 5.02328e-27 7.68527e-28 1.18069e-28 1.82036e-29 2.81528e-30 4.36572e-31 6.78604e-32 1.05703e-32 1.64955e-33 2.57847e-34 4.0365e-35 6.32735e-36 9.92998e-37 1.55997e-37 2.45273e-38 3.85889e-39 6.0716e-40 9.57581e-41
1.49892e-15 1.62915e-17 1.77586e-18 2.1174e-19 2.70293e-20 3.62479e-21 5.03485e-22 7.17257e-23 1.04101e-23 1.53219e-24 2.28054e-25 3.42423e-26 5.17819e-27 7.87684e-28 1.20413e-28 1.84849e-29 2.84793e-30 4.40146e-31 6.82104e-32 1.05961e-32 1.64955e-33 2.57278e-34 4.0195e-35 6.28921e-36 9.85386e-37 1.54573e-37 2.42725e-38 3.81478e-39 5.99948e-40 9.43623e-41 1.48767e-41
2.51412e-16 2.58995e-18 2.8219e-19 3.36128e-20 4.28542e-21 5.73944e-22 7.96187e-23 1.13283e-23 1.64178e-24 2.41452e-25 3.59034e-26 5.38596e-27 8.13777e-28 1.23688e-28 1.88937e-29 2.89834e-30 4.46236e-31 6.89212e-32 1.06743e-32 1.65724e-33 2.57847e-34 4.0195e-35 6.27659e-36 9.81614e-37 1.53728e-37 2.41041e-38 3.78347e-39 5.94395e-40 9.34454e-41 1.46924e-41 2.3155e-42
4.20685e-17 4.11899e-19 4.48618e-20 5.33886e-21 6.79887e-22 9.09458e-23 1.26005e-23 1.78957e-24 2.59238e-25 3.8089e-26 5.65859e-27 8.48131e-28 1.28042e-28 1.94466e-29 2.96839e-30 4.55048e-31 7.00153e-32 1.08073e-32 1.67283e-33 2.5957e-34 4.0365e-35 6.28921e-36 9.81614e-37 1.53447e-37 2.40204e-38 3.76478e-39 5.90699e-40 9.27655e-41 1.45785e-41 2.29143e-42 3.60999e-43
7.02419e-18 6.55309e-20 7.13496e-21 8.48414e-22 1.07928e-22 1.44192e-23 1.99267e-24 2.83078e-25 4.09685e-26 6.01394e-27 8.92683e-28 1.33691e-28 2.01679e-29 3.06083e-30 4.66896e-31 7.15281e-32 1.09988e-32 1.69675e-33 2.62491e-34 4.0709e-35 6.32735e-36 9.85386e-37 1.53728e-37 2.40204e-38 3.75856e-39 5.88853e-40 9.23567e-41 1.44988e-41 2.27777e-42 3.57902e-43 5.63663e-44
1.17056e-18 1.0429e-20 1.13519e-21 1.34883e-22 1.71382e-23 2.28034e-24 3.15691e-25 4.48071e-26 6.47903e-27 9.50285e-28 1.40943e-28 2.10921e-29 3.17956e-30 4.82225e-31 7.3511e-32 1.1255e-32 1.72967e-33 2.66683e-34 4.12349e-35 6.3918e-36 9.92998e-37 1.54573e-37 2.41041e-38 3.76478e-39 5.88853e-40 9.22203e-41 1.44587e-41 2.26904e-42 3.56351e-43 5.59758e-44 8.81284e-45
1.94725e-19 1.66024e-21 1.80669e-22 2.14438e-23 2.70523e-24 3.61723e-25 5.00367e-26 7.09597e-27 1.02523e-27 1.50252e-28 2.22682e-29 3.33006e-30 5.01657e-31 7.60349e-32 1.15838e-32 1.77253e-33 2.72255e-34 4.19548e-35 6.48387e-36 1.00459e-36 1.55997e-37 2.42725e-38 3.78347e-39 5.90699e-40 9.23567e-41 1.44587e-41 2.26611e-42 3.55508e-43 5.58147e-44 8.76485e-45 1.37952e-45
3.23408e-20 2.64363e-22 2.87417e-23 3.36728e-24 4.29528e-25 5.73944e-26 7.93325e-27 1.12418e-27 1.62296e-28 2.37679e-29 3.52006e-30 5.2605e-31 7.91967e-32 1.19964e-32 1.8266e-33 2.79351e-34 4.28853e-35 6.60542e-36 1.02035e-36 1.58018e-37 2.45273e-38 3.81478e-39 5.94395e-40 9.27655e-41 1.44988e-41 2.26904e-42 3.55508e-43 5.57546e-44 8.75082e-45 1.3738e-45 2.16162e-46
5.36311e-21 4.20532e-23 4.46633e-24 5.34978e-25 6.82069e-26 9.10782e-27 1.25799e-27 1.78131e-28 2.5698e-29 3.76081e-30 5.56615e-31 8.31303e-32 1.25078e-32 1.89358e-33 2.88166e-34 4.40481e-35 6.75887e-36 1.04056e-36 1.60665e-37 2.48712e-38 3.85889e-39 5.99948e-40 9.34454e-41 1.45785e-41 2.27777e-42 3.56351e-43 5.58147e-44 8.75082e-45 1.37307e-45 2.15503e-46 3.3899e-47
8.86635e-22 6.41801e-24 7.09454e-25 8.49532e-26 1.08251e-26 1.44453e-27 1.9938e-28 2.82123e-29 4.06729e-30 5.94849e-31 8.79863e-32 1.31332e-32 1.97494e-33 2.98834e-34 4.54543e-35 6.94475e-36 1.06515e-36 1.63913e-37 2.52985e-38 3.91471e-39 6.0716e-40 9.43623e-41 1.46924e-41 2.29143e-42 3.57902e-43 5.59758e-44 8.76485e-45 1.3738e-45 2.15503e-46 3.38148e-47 5.31776e-48
1.46656e-22 1.0229e-24 1.13069e-25 1.35334e-26 1.72332e-27 2.29784e-28 3.16905e-29 4.48074e-30 6.45501e-31 9.43405e-32 1.39452e-32 2.08023e-33 3.12639e-34 4.72803e-35 7.18784e-36 1.09765e-36 1.68272e-37 2.58835e-38 3.99316e-39 6.1765e-40 9.57581e-41 1.48767e-41 2.3155e-42 3.60999e-43 5.63663e-44 8.81284e-45 1.37952e-45 2.16162e-46 3.3899e-47 5.31776e-48 8.3605e-49
