0.789213 0.00100071 0.000934784 0.000873204 0.000815681 0.000761947 0.000711753 0.000664865 0.000621067 0.000580153 0.000541935 0.000506234 0.000472886 0.000441734 0.000412634 0.000385451 0.000360059 0.00033634 0.000314183 0.000293486 0.000274152 0.000256092 0.000239222 0.000223463 0.000208742 0.000194991 0.000182146 0.000170146 0.000158938 0.000148468 0.000138687 0.000129551 0.000121017 0.000113045 0.000105598 9.86413e-05 9.21432e-05 8.60731e-05 8.04029e-05 7.51063e-05 7.01586e-05 6.55368e-05 6.12195e-05 5.71866e-05 5.34194e-05 4.99003e-05 4.66131e-05 4.35424e-05 4.0674e-05 3.79945e-05 3.54916e-05 3.31535e-05 3.09695e-05 2.89294e-05 2.70236e-05 2.52434e-05 2.35805e-05 2.20271e-05 2.0576e-05 1.92205e-05 1.79544e-05 1.67716e-05 1.56668e-05 1.46347e-05 1.36706e-05 1.277e-05 1.19288e-05 1.1143e-05 1.04089e-05 9.72322e-06 9.08269e-06 8.48436e-06 7.92544e-06 7.40335e-06 6.91564e-06 6.46007e-06 6.0345e-06 5.63697e-06 5.26563e-06 4.91875e-06 4.59472e-06 4.29204e-06 4.0093e-06 3.74518e-06 3.49846e-06 3.268e-06 3.05271e-06 2.85161e-06 2.66376e-06 2.48828e-06 2.32436e-06 2.17124e-06 2.02821e-06 1.8946e-06 1.76979e-06 1.6532e-06 1.5443e-06 1.44256e-06 1.34753e-06 1.25876e-06 1.17584e-06
0.00100071 0.000170801 0.000162456 0.000154468 0.000146828 0.000139524 0.000132545 0.000125881 0.000119519 0.000113449 0.00010766 0.000102142 9.68829e-05 9.18738e-05 8.71042e-05 8.25644e-05 7.82447e-05 7.41358e-05 7.02287e-05 6.65146e-05 6.29851e-05 5.9632e-05 5.64474e-05 5.34235e-05 5.05531e-05 4.7829e-05 4.52444e-05 4.27928e-05 4.04679e-05 3.82635e-05 3.6174e-05 3.41937e-05 3.23174e-05 3.05399e-05 2.88563e-05 2.7262e-05 2.57525e-05 2.43236e-05 2.29712e-05 2.16914e-05 2.04806e-05 1.93351e-05 1.82517e-05 1.72271e-05 1.62583e-05 1.53424e-05 1.44766e-05 1.36583e-05 1.2885e-05 1.21543e-05 1.1464e-05 1.08118e-05 1.01959e-05 9.61412e-06 9.06479e-06 8.54611e-06 8.05642e-06 7.59417e-06 7.15786e-06 6.74608e-06 6.35749e-06 5.99082e-06 5.64487e-06 5.3185e-06 5.01064e-06 4.72025e-06 4.44638e-06 4.18811e-06 3.94457e-06 3.71495e-06 3.49845e-06 3.29436e-06 3.10198e-06 2.92065e-06 2.74975e-06 2.58869e-06 2.43691e-06 2.2939e-06 2.15916e-06 2.03221e-06 1.91262e-06 1.79997e-06 1.69386e-06 1.59391e-06 1.49979e-06 1.41115e-06 1.32768e-06 1.24908e-06 1.17507e-06 1.1054e-06 1.03981e-06 9.78057e-07 9.19932e-07 8.6522e-07 8.13724e-07 7.65258e-07 7.19647e-07 6.76724e-07 6.36333e-07 5.98327e-07 5.62566e-07
0.000934784 0.000162456 0.000154964 0.000147763 0.000140846 0.000134207 0.000127838 0.000121732 0.000115882 0.00011028 0.000104918 9.9789e-05 9.48851e-05 9.01985e-05 8.57216e-05 8.14468e-05 7.73668e-05 7.3474e-05 6.97615e-05 6.6222e-05 6.28488e-05 5.96352e-05 5.65745e-05 5.36604e-05 5.08867e-05 4.82475e-05 4.5737e-05 4.33495e-05 4.10796e-05 3.89221e-05 3.68719e-05 3.49241e-05 3.30742e-05 3.13175e-05 2.96497e-05 2.80668e-05 2.65646e-05 2.51393e-05 2.37874e-05 2.25051e-05 2.12893e-05 2.01366e-05 1.9044e-05 1.80085e-05 1.70274e-05 1.60978e-05 1.52172e-05 1.43833e-05 1.35935e-05 1.28458e-05 1.21379e-05 1.14679e-05 1.08337e-05 1.02337e-05 9.6659e-06 9.12878e-06 8.6207e-06 8.14016e-06 7.68572e-06 7.25601e-06 6.84974e-06 6.46567e-06 6.10263e-06 5.7595e-06 5.43523e-06 5.12881e-06 4.83929e-06 4.56577e-06 4.30738e-06 4.06331e-06 3.8328e-06 3.61511e-06 3.40954e-06 3.21544e-06 3.03218e-06 2.85918e-06 2.69587e-06 2.54172e-06 2.39623e-06 2.25893e-06 2.12936e-06 2.00711e-06 1.89176e-06 1.78293e-06 1.68026e-06 1.58342e-06 1.49207e-06 1.40592e-06 1.32466e-06 1.24804e-06 1.17578e-06 1.10765e-06 1.04341e-06 9.82848e-07 9.25754e-07 8.71932e-07 8.21199e-07 7.73381e-07 7.28312e-07 6.85836e-07 6.45808e-07
0.000873204 0.000154468 0.000147763 0.000141288 0.000135041 0.00012902 0.000123219 0.000117636 0.000112266 0.000107105 0.000102147 9.73883e-05 9.28223e-05 8.84441e-05 8.42482e-05 8.0229e-05 7.6381e-05 7.26986e-05 6.91762e-05 6.58083e-05 6.25895e-05 5.95144e-05 5.65776e-05 5.37741e-05 5.10986e-05 4.85462e-05 4.61121e-05 4.37915e-05 4.15798e-05 3.94725e-05 3.74652e-05 3.55537e-05 3.3734e-05 3.20021e-05 3.03542e-05 2.87865e-05 2.72955e-05 2.58779e-05 2.45302e-05 2.32494e-05 2.20323e-05 2.08761e-05 1.97778e-05 1.87349e-05 1.77446e-05 1.68046e-05 1.59124e-05 1.50657e-05 1.42624e-05 1.35003e-05 1.27775e-05 1.2092e-05 1.14421e-05 1.08259e-05 1.02419e-05 9.68829e-06 9.16372e-06 8.66669e-06 8.19581e-06 7.74977e-06 7.32732e-06 6.92725e-06 6.54844e-06 6.18978e-06 5.85026e-06 5.52888e-06 5.22471e-06 4.93687e-06 4.6645e-06 4.4068e-06 4.16302e-06 3.93241e-06 3.71429e-06 3.508e-06 3.31293e-06 3.12847e-06 2.95407e-06 2.7892e-06 2.63334e-06 2.48603e-06 2.34679e-06 2.21521e-06 2.09087e-06 1.97338e-06 1.86237e-06 1.75749e-06 1.65842e-06 1.56484e-06 1.47645e-06 1.39297e-06 1.31414e-06 1.23969e-06 1.1694e-06 1.10303e-06 1.04037e-06 9.8121e-07 9.25368e-07 8.72658e-07 8.22908e-07 7.75953e-07 7.31641e-07
0.000815681 0.000146828 0.000140846 0.000135041 0.000129415 0.000123966 0.000118696 0.000113602 0.000108682 0.000103936 9.936e-05 9.49513e-05 9.07068e-05 8.66231e-05 8.26966e-05 7.89234e-05 7.52997e-05 7.18214e-05 6.84845e-05 6.52847e-05 6.22179e-05 5.928e-05 5.64667e-05 5.37739e-05 5.11975e-05 4.87334e-05 4.63776e-05 4.41262e-05 4.19752e-05 3.9921e-05 3.79597e-05 3.60878e-05 3.43017e-05 3.25981e-05 3.09735e-05 2.94247e-05 2.79486e-05 2.65421e-05 2.52023e-05 2.39264e-05 2.27115e-05 2.1555e-05 2.04544e-05 1.94072e-05 1.8411e-05 1.74635e-05 1.65625e-05 1.5706e-05 1.48917e-05 1.41179e-05 1.33827e-05 1.26842e-05 1.20207e-05 1.13906e-05 1.07922e-05 1.02242e-05 9.68494e-06 9.17315e-06 8.68749e-06 8.22668e-06 7.78951e-06 7.37483e-06 6.98154e-06 6.60858e-06 6.25494e-06 5.91968e-06 5.60187e-06 5.30064e-06 5.01516e-06 4.74464e-06 4.48833e-06 4.2455e-06 4.01548e-06 3.79761e-06 3.59127e-06 3.39588e-06 3.21086e-06 3.03569e-06 2.86986e-06 2.71288e-06 2.56431e-06 2.42369e-06 2.29063e-06 2.16472e-06 2.04558e-06 1.93287e-06 1.82625e-06 1.7254e-06 1.63001e-06 1.53979e-06 1.45448e-06 1.37381e-06 1.29753e-06 1.22541e-06 1.15723e-06 1.09278e-06 1.03186e-06 9.74276e-07 9.19855e-07 8.68426e-07 8.19827e-07
0.000761947 0.000139524 0.000134207 0.00012902 0.000123966 0.00011905 0.000114272 0.000109635 0.000105138 0.000100782 9.65657e-05 9.24888e-05 8.85498e-05 8.4747e-05 8.10783e-05 7.75416e-05 7.41343e-05 7.08538e-05 6.76973e-05 6.46619e-05 6.17444e-05 5.89419e-05 5.62511e-05 5.36688e-05 5.11918e-05 4.88169e-05 4.65409e-05 4.43604e-05 4.22724e-05 4.02736e-05 3.8361e-05 3.65314e-05 3.4782e-05 3.31097e-05 3.15116e-05 2.99849e-05 2.85269e-05 2.71349e-05 2.58062e-05 2.45383e-05 2.33288e-05 2.21752e-05 2.10753e-05 2.00268e-05 1.90276e-05 1.80754e-05 1.71684e-05 1.63046e-05 1.5482e-05 1.46989e-05 1.39536e-05 1.32443e-05 1.25694e-05 1.19273e-05 1.13167e-05 1.0736e-05 1.01839e-05 9.65907e-06 9.16022e-06 8.68615e-06 8.2357e-06 7.80776e-06 7.40127e-06 7.0152e-06 6.64859e-06 6.3005e-06 5.97004e-06 5.65635e-06 5.35864e-06 5.07611e-06 4.80804e-06 4.5537e-06 4.31244e-06 4.08359e-06 3.86655e-06 3.66074e-06 3.46558e-06 3.28056e-06 3.10517e-06 2.93891e-06 2.78134e-06 2.63201e-06 2.49051e-06 2.35643e-06 2.22941e-06 2.10908e-06 1.9951e-06 1.88714e-06 1.78491e-06 1.68809e-06 1.59641e-06 1.50962e-06 1.42744e-06 1.34965e-06 1.27602e-06 1.20633e-06 1.14037e-06 1.07795e-06 1.01889e-06 9.63004e-07 9.10129e-07
0.000711753 0.000132545 0.000127838 0.000123219 0.000118696 0.000114272 0.000109953 0.000105742 0.00010164 9.76503e-05 9.37736e-05 9.00106e-05 8.63616e-05 8.28263e-05 7.94041e-05 7.60943e-05 7.28955e-05 6.98062e-05 6.68249e-05 6.39497e-05 6.11785e-05 5.85092e-05 5.59396e-05 5.34672e-05 5.10896e-05 4.88044e-05 4.6609e-05 4.45008e-05 4.24774e-05 4.05361e-05 3.86744e-05 3.68896e-05 3.51794e-05 3.35411e-05 3.19724e-05 3.04707e-05 2.90336e-05 2.7659e-05 2.63443e-05 2.50875e-05 2.38862e-05 2.27384e-05 2.16421e-05 2.0595e-05 1.95954e-05 1.86413e-05 1.77308e-05 1.68622e-05 1.60336e-05 1.52436e-05 1.44903e-05 1.37723e-05 1.30881e-05 1.24362e-05 1.18151e-05 1.12236e-05 1.06603e-05 1.0124e-05 9.61356e-06 9.1277e-06 8.66537e-06 8.22549e-06 7.80705e-06 7.40906e-06 7.03058e-06 6.6707e-06 6.32858e-06 6.00337e-06 5.69429e-06 5.40057e-06 5.12149e-06 4.85636e-06 4.60451e-06 4.3653e-06 4.13814e-06 3.92244e-06 3.71765e-06 3.52324e-06 3.3387e-06 3.16355e-06 2.99734e-06 2.83963e-06 2.68999e-06 2.54803e-06 2.41337e-06 2.28565e-06 2.16452e-06 2.04965e-06 1.94073e-06 1.83746e-06 1.73956e-06 1.64676e-06 1.5588e-06 1.47543e-06 1.39643e-06 1.32156e-06 1.25063e-06 1.18342e-06 1.11975e-06 1.05944e-06 1.00231e-06
0.000664865 0.000125881 0.000121732 0.000117636 0.000113602 0.000109635 0.000105742 0.000101927 9.81952e-05 9.45493e-05 9.0992e-05 8.75255e-05 8.41513e-05 8.08705e-05 7.76837e-05 7.45912e-05 7.15929e-05 6.86883e-05 6.58769e-05 6.31575e-05 6.05293e-05 5.79908e-05 5.55405e-05 5.3177e-05 5.08984e-05 4.87029e-05 4.65888e-05 4.45539e-05 4.25964e-05 4.07141e-05 3.89051e-05 3.71672e-05 3.54984e-05 3.38965e-05 3.23595e-05 3.08854e-05 2.94719e-05 2.81172e-05 2.68193e-05 2.55761e-05 2.43858e-05 2.32464e-05 2.21562e-05 2.11132e-05 2.01157e-05 1.9162e-05 1.82504e-05 1.73793e-05 1.65471e-05 1.57522e-05 1.49932e-05 1.42686e-05 1.3577e-05 1.2917e-05 1.22873e-05 1.16867e-05 1.11139e-05 1.05678e-05 1.00471e-05 9.55093e-06 9.07807e-06 8.62754e-06 8.19837e-06 7.7896e-06 7.40035e-06 7.02973e-06 6.67691e-06 6.3411e-06 6.0215e-06 5.7174e-06 5.42808e-06 5.15287e-06 4.8911e-06 4.64217e-06 4.40546e-06 4.18042e-06 3.96649e-06 3.76316e-06 3.56991e-06 3.38628e-06 3.2118e-06 3.04604e-06 2.88859e-06 2.73904e-06 2.59701e-06 2.46213e-06 2.33408e-06 2.2125e-06 2.09708e-06 1.98753e-06 1.88356e-06 1.78489e-06 1.69125e-06 1.60242e-06 1.51813e-06 1.43818e-06 1.36233e-06 1.2904e-06 1.22218e-06 1.15749e-06 1.09614e-06
0.000621067 0.000119519 0.000115882 0.000112266 0.000108682 0.000105138 0.00010164 9.81952e-05 9.48086e-05 9.1485e-05 8.82281e-05 8.50414e-05 8.19275e-05 7.88885e-05 7.59261e-05 7.30416e-05 7.02357e-05 6.75091e-05 6.48619e-05 6.2294e-05 5.98051e-05 5.73946e-05 5.50618e-05 5.28057e-05 5.06253e-05 4.85194e-05 4.64867e-05 4.45257e-05 4.2635e-05 4.08131e-05 3.90583e-05 3.73689e-05 3.57434e-05 3.41799e-05 3.26768e-05 3.12324e-05 2.98449e-05 2.85126e-05 2.72337e-05 2.60066e-05 2.48296e-05 2.37011e-05 2.26193e-05 2.15827e-05 2.05897e-05 1.96387e-05 1.87283e-05 1.78569e-05 1.70231e-05 1.62254e-05 1.54626e-05 1.47333e-05 1.40361e-05 1.33699e-05 1.27333e-05 1.21252e-05 1.15445e-05 1.099e-05 1.04607e-05 9.95551e-06 9.47343e-06 9.01351e-06 8.57479e-06 8.15639e-06 7.75743e-06 7.37708e-06 7.01453e-06 6.669e-06 6.33976e-06 6.02608e-06 5.72728e-06 5.44269e-06 5.17168e-06 4.91363e-06 4.66797e-06 4.43414e-06 4.21159e-06 3.9998e-06 3.7983e-06 3.60659e-06 3.42423e-06 3.25079e-06 3.08585e-06 2.929e-06 2.77988e-06 2.63812e-06 2.50337e-06 2.37529e-06 2.25358e-06 2.13793e-06 2.02804e-06 1.92365e-06 1.82448e-06 1.73029e-06 1.64083e-06 1.55588e-06 1.47522e-06 1.39863e-06 1.32592e-06 1.2569e-06 1.19139e-06
0.000580153 0.000113449 0.00011028 0.000107105 0.000103936 0.000100782 9.76503e-05 9.45493e-05 9.1485e-05 8.84631e-05 8.54885e-05 8.25655e-05 7.96977e-05 7.68882e-05 7.41394e-05 7.14536e-05 6.88324e-05 6.6277e-05 6.37884e-05 6.13672e-05 5.90139e-05 5.67285e-05 5.45108e-05 5.23606e-05 5.02773e-05 4.82604e-05 4.6309e-05 4.44221e-05 4.25989e-05 4.08381e-05 3.91387e-05 3.74992e-05 3.59185e-05 3.43952e-05 3.29279e-05 3.15152e-05 3.01556e-05 2.88477e-05 2.75901e-05 2.63813e-05 2.52198e-05 2.41042e-05 2.30331e-05 2.20051e-05 2.10186e-05 2.00725e-05 1.91653e-05 1.82956e-05 1.74622e-05 1.66637e-05 1.5899e-05 1.51668e-05 1.44658e-05 1.3795e-05 1.31532e-05 1.25392e-05 1.19521e-05 1.13907e-05 1.08541e-05 1.03412e-05 9.85118e-06 9.38306e-06 8.93596e-06 8.50902e-06 8.1014e-06 7.71231e-06 7.34097e-06 6.98663e-06 6.64858e-06 6.32611e-06 6.01858e-06 5.72532e-06 5.44573e-06 5.17921e-06 4.92518e-06 4.6831e-06 4.45245e-06 4.2327e-06 4.02338e-06 3.82402e-06 3.63418e-06 3.45341e-06 3.28132e-06 3.1175e-06 2.96158e-06 2.8132e-06 2.672e-06 2.53766e-06 2.40986e-06 2.28829e-06 2.17267e-06 2.06271e-06 1.95816e-06 1.85875e-06 1.76424e-06 1.6744e-06 1.589e-06 1.50785e-06 1.43072e-06 1.35744e-06 1.28782e-06
0.000541935 0.00010766 0.000104918 0.000102147 9.936e-05 9.65657e-05 9.37736e-05 9.0992e-05 8.82281e-05 8.54885e-05 8.27788e-05 8.01042e-05 7.74689e-05 7.48768e-05 7.23313e-05 6.9835e-05 6.73905e-05 6.49996e-05 6.26639e-05 6.03848e-05 5.81631e-05 5.59995e-05 5.38945e-05 5.18483e-05 4.98608e-05 4.7932e-05 4.60615e-05 4.42488e-05 4.24933e-05 4.07943e-05 3.9151e-05 3.75626e-05 3.6028e-05 3.45462e-05 3.31163e-05 3.17369e-05 3.0407e-05 2.91254e-05 2.78909e-05 2.67023e-05 2.55583e-05 2.44577e-05 2.33993e-05 2.23818e-05 2.14039e-05 2.04646e-05 1.95624e-05 1.86964e-05 1.78652e-05 1.70677e-05 1.63028e-05 1.55694e-05 1.48663e-05 1.41925e-05 1.3547e-05 1.29287e-05 1.23365e-05 1.17696e-05 1.1227e-05 1.07078e-05 1.02111e-05 9.73596e-06 9.28159e-06 8.84717e-06 8.43191e-06 8.03505e-06 7.65583e-06 7.29355e-06 6.94752e-06 6.61706e-06 6.30154e-06 6.00032e-06 5.71281e-06 5.43843e-06 5.17662e-06 4.92686e-06 4.68861e-06 4.46139e-06 4.24472e-06 4.03814e-06 3.8412e-06 3.65349e-06 3.47459e-06 3.30412e-06 3.14171e-06 2.98698e-06 2.8396e-06 2.69923e-06 2.56556e-06 2.43829e-06 2.31711e-06 2.20177e-06 2.09197e-06 1.98748e-06 1.88805e-06 1.79344e-06 1.70343e-06 1.6178e-06 1.53635e-06 1.45888e-06 1.38521e-06
0.000506234 0.000102142 9.9789e-05 9.73883e-05 9.49513e-05 9.24888e-05 9.00106e-05 8.75255e-05 8.50414e-05 8.25655e-05 8.01042e-05 7.7663e-05 7.52471e-05 7.2861e-05 7.05084e-05 6.81928e-05 6.59172e-05 6.36841e-05 6.14957e-05 5.93537e-05 5.72595e-05 5.52145e-05 5.32195e-05 5.12751e-05 4.93819e-05 4.75401e-05 4.57498e-05 4.40109e-05 4.23232e-05 4.06863e-05 3.90999e-05 3.75632e-05 3.60757e-05 3.46367e-05 3.32454e-05 3.19008e-05 3.06022e-05 2.93485e-05 2.81388e-05 2.69721e-05 2.58474e-05 2.47636e-05 2.37196e-05 2.27144e-05 2.17469e-05 2.08161e-05 1.99209e-05 1.90602e-05 1.82329e-05 1.74381e-05 1.66747e-05 1.59417e-05 1.52381e-05 1.45628e-05 1.3915e-05 1.32937e-05 1.2698e-05 1.21269e-05 1.15796e-05 1.10553e-05 1.0553e-05 1.0072e-05 9.61143e-06 9.17058e-06 8.74867e-06 8.34497e-06 7.95879e-06 7.58942e-06 7.23622e-06 6.89854e-06 6.57576e-06 6.26727e-06 5.9725e-06 5.69088e-06 5.42189e-06 5.16498e-06 4.91967e-06 4.68547e-06 4.4619e-06 4.24853e-06 4.04491e-06 3.85063e-06 3.66528e-06 3.48849e-06 3.31988e-06 3.1591e-06 3.0058e-06 2.85965e-06 2.72035e-06 2.58758e-06 2.46105e-06 2.34049e-06 2.22563e-06 2.11622e-06 2.012e-06 1.91275e-06 1.81823e-06 1.72823e-06 1.64255e-06 1.56098e-06 1.48335e-06
0.000472886 9.68829e-05 9.48851e-05 9.28223e-05 9.07068e-05 8.85498e-05 8.63616e-05 8.41513e-05 8.19275e-05 7.96977e-05 7.74689e-05 7.52471e-05 7.3038e-05 7.08465e-05 6.8677e-05 6.65334e-05 6.44192e-05 6.23372e-05 6.02902e-05 5.82804e-05 5.63097e-05 5.43798e-05 5.24919e-05 5.06471e-05 4.88464e-05 4.70903e-05 4.53793e-05 4.37137e-05 4.20935e-05 4.05189e-05 3.89895e-05 3.75052e-05 3.60656e-05 3.46703e-05 3.33186e-05 3.20101e-05 3.0744e-05 2.95197e-05 2.83363e-05 2.7193e-05 2.60891e-05 2.50236e-05 2.39957e-05 2.30045e-05 2.2049e-05 2.11284e-05 2.02417e-05 1.9388e-05 1.85663e-05 1.77757e-05 1.70153e-05 1.62842e-05 1.55814e-05 1.49062e-05 1.42575e-05 1.36346e-05 1.30366e-05 1.24626e-05 1.19118e-05 1.13835e-05 1.08768e-05 1.0391e-05 9.92532e-06 9.47903e-06 9.05143e-06 8.64182e-06 8.24954e-06 7.87393e-06 7.51436e-06 7.17021e-06 6.84088e-06 6.52581e-06 6.22443e-06 5.9362e-06 5.66059e-06 5.3971e-06 5.14524e-06 4.90454e-06 4.67455e-06 4.45481e-06 4.24492e-06 4.04445e-06 3.85302e-06 3.67025e-06 3.49576e-06 3.32922e-06 3.17027e-06 3.0186e-06 2.8739e-06 2.73585e-06 2.60418e-06 2.4786e-06 2.35885e-06 2.24467e-06 2.13582e-06 2.03206e-06 1.93316e-06 1.83891e-06 1.7491e-06 1.66353e-06 1.58201e-06
0.000441734 9.18738e-05 9.01985e-05 8.84441e-05 8.66231e-05 8.4747e-05 8.28263e-05 8.08705e-05 7.88885e-05 7.68882e-05 7.48768e-05 7.2861e-05 7.08465e-05 6.88389e-05 6.68429e-05 6.48627e-05 6.29022e-05 6.09649e-05 5.90536e-05 5.71711e-05 5.53196e-05 5.35012e-05 5.17175e-05 4.99699e-05 4.82597e-05 4.65878e-05 4.4955e-05 4.33619e-05 4.18089e-05 4.02963e-05 3.88241e-05 3.73926e-05 3.60014e-05 3.46504e-05 3.33393e-05 3.20678e-05 3.08353e-05 2.96415e-05 2.84856e-05 2.73672e-05 2.62854e-05 2.52398e-05 2.42294e-05 2.32537e-05 2.23117e-05 2.14028e-05 2.0526e-05 1.96807e-05 1.8866e-05 1.80811e-05 1.73252e-05 1.65974e-05 1.58969e-05 1.5223e-05 1.45748e-05 1.39516e-05 1.33525e-05 1.27768e-05 1.22237e-05 1.16925e-05 1.11825e-05 1.0693e-05 1.02231e-05 9.77238e-06 9.34001e-06 8.92538e-06 8.52785e-06 8.14681e-06 7.78164e-06 7.43177e-06 7.09661e-06 6.77563e-06 6.46827e-06 6.17403e-06 5.89238e-06 5.62286e-06 5.36497e-06 5.11826e-06 4.8823e-06 4.65664e-06 4.44088e-06 4.23462e-06 4.03746e-06 3.84905e-06 3.66901e-06 3.497e-06 3.3327e-06 3.17577e-06 3.02591e-06 2.88281e-06 2.74621e-06 2.6158e-06 2.49134e-06 2.37257e-06 2.25924e-06 2.15112e-06 2.04798e-06 1.94959e-06 1.85577e-06 1.7663e-06 1.68099e-06
0.000412634 8.71042e-05 8.57216e-05 8.42482e-05 8.26966e-05 8.10783e-05 7.94041e-05 7.76837e-05 7.59261e-05 7.41394e-05 7.23313e-05 7.05084e-05 6.8677e-05 6.68429e-05 6.5011e-05 6.31859e-05 6.13719e-05 5.95727e-05 5.77915e-05 5.60314e-05 5.42949e-05 5.25843e-05 5.09017e-05 4.92487e-05 4.76269e-05 4.60376e-05 4.44817e-05 4.29602e-05 4.14737e-05 4.00227e-05 3.86078e-05 3.7229e-05 3.58865e-05 3.45804e-05 3.33106e-05 3.20768e-05 3.0879e-05 2.97166e-05 2.85894e-05 2.74969e-05 2.64386e-05 2.54139e-05 2.44224e-05 2.34635e-05 2.25363e-05 2.16404e-05 2.07751e-05 1.99396e-05 1.91333e-05 1.83554e-05 1.76052e-05 1.6882e-05 1.61851e-05 1.55138e-05 1.48673e-05 1.42449e-05 1.36459e-05 1.30696e-05 1.25154e-05 1.19824e-05 1.14701e-05 1.09778e-05 1.05048e-05 1.00505e-05 9.61428e-06 9.19549e-06 8.79354e-06 8.40785e-06 8.03784e-06 7.68297e-06 7.34267e-06 7.01643e-06 6.70373e-06 6.40407e-06 6.11696e-06 5.84194e-06 5.57853e-06 5.32631e-06 5.08483e-06 4.85369e-06 4.63248e-06 4.4208e-06 4.21829e-06 4.02458e-06 3.83931e-06 3.66215e-06 3.49277e-06 3.33084e-06 3.17608e-06 3.02818e-06 2.88685e-06 2.75183e-06 2.62286e-06 2.49967e-06 2.38202e-06 2.26969e-06 2.16244e-06 2.06006e-06 1.96234e-06 1.86908e-06 1.78008e-06
0.000385451 8.25644e-05 8.14468e-05 8.0229e-05 7.89234e-05 7.75416e-05 7.60943e-05 7.45912e-05 7.30416e-05 7.14536e-05 6.9835e-05 6.81928e-05 6.65334e-05 6.48627e-05 6.31859e-05 6.1508e-05 5.98333e-05 5.81659e-05 5.65092e-05 5.48665e-05 5.32407e-05 5.16343e-05 5.00496e-05 4.84885e-05 4.6953e-05 4.54443e-05 4.39639e-05 4.25129e-05 4.10921e-05 3.97023e-05 3.83442e-05 3.70182e-05 3.57246e-05 3.44637e-05 3.32355e-05 3.20402e-05 3.08776e-05 2.97475e-05 2.86499e-05 2.75843e-05 2.65505e-05 2.5548e-05 2.45765e-05 2.36355e-05 2.27244e-05 2.18428e-05 2.099e-05 2.01656e-05 1.93689e-05 1.85992e-05 1.7856e-05 1.71387e-05 1.64466e-05 1.5779e-05 1.51353e-05 1.4515e-05 1.39172e-05 1.33414e-05 1.2787e-05 1.22533e-05 1.17397e-05 1.12456e-05 1.07703e-05 1.03134e-05 9.87415e-06 9.45202e-06 9.04645e-06 8.65688e-06 8.28277e-06 7.92359e-06 7.57884e-06 7.24799e-06 6.93056e-06 6.62607e-06 6.33406e-06 6.05406e-06 5.78565e-06 5.52839e-06 5.28186e-06 5.04566e-06 4.81941e-06 4.60271e-06 4.39521e-06 4.19655e-06 4.00638e-06 3.82437e-06 3.6502e-06 3.48356e-06 3.32415e-06 3.17167e-06 3.02586e-06 2.88643e-06 2.75313e-06 2.62571e-06 2.50392e-06 2.38754e-06 2.27634e-06 2.17009e-06 2.0686e-06 1.97167e-06 1.87909e-06
0.000360059 7.82447e-05 7.73668e-05 7.6381e-05 7.52997e-05 7.41343e-05 7.28955e-05 7.15929e-05 7.02357e-05 6.88324e-05 6.73905e-05 6.59172e-05 6.44192e-05 6.29022e-05 6.13719e-05 5.98333e-05 5.8291e-05 5.67491e-05 5.52113e-05 5.36812e-05 5.21618e-05 5.06559e-05 4.91659e-05 4.7694e-05 4.62423e-05 4.48125e-05 4.3406e-05 4.20241e-05 4.06681e-05 3.93388e-05 3.80371e-05 3.67636e-05 3.55189e-05 3.43033e-05 3.31171e-05 3.19606e-05 3.08338e-05 2.97368e-05 2.86694e-05 2.76316e-05 2.66232e-05 2.56438e-05 2.46933e-05 2.37713e-05 2.28774e-05 2.20111e-05 2.11721e-05 2.03598e-05 1.95738e-05 1.88136e-05 1.80785e-05 1.73682e-05 1.66819e-05 1.60192e-05 1.53795e-05 1.47621e-05 1.41666e-05 1.35924e-05 1.30388e-05 1.25053e-05 1.19913e-05 1.14963e-05 1.10197e-05 1.0561e-05 1.01196e-05 9.6949e-06 9.28647e-06 8.89377e-06 8.51627e-06 8.15348e-06 7.80491e-06 7.47009e-06 7.14853e-06 6.83979e-06 6.54342e-06 6.25899e-06 5.98606e-06 5.72424e-06 5.47311e-06 5.23229e-06 5.0014e-06 4.78007e-06 4.56795e-06 4.36468e-06 4.16994e-06 3.98339e-06 3.80473e-06 3.63365e-06 3.46985e-06 3.31305e-06 3.16297e-06 3.01935e-06 2.88193e-06 2.75047e-06 2.62472e-06 2.50445e-06 2.38944e-06 2.27947e-06 2.17435e-06 2.07386e-06 1.97782e-06
0.00033634 7.41358e-05 7.3474e-05 7.26986e-05 7.18214e-05 7.08538e-05 6.98062e-05 6.86883e-05 6.75091e-05 6.6277e-05 6.49996e-05 6.36841e-05 6.23372e-05 6.09649e-05 5.95727e-05 5.81659e-05 5.67491e-05 5.53266e-05 5.39024e-05 5.248e-05 5.10628e-05 4.96535e-05 4.8255e-05 4.68695e-05 4.54993e-05 4.41462e-05 4.28119e-05 4.14979e-05 4.02055e-05 3.89359e-05 3.769e-05 3.64687e-05 3.52725e-05 3.41023e-05 3.29582e-05 3.18408e-05 3.07502e-05 2.96867e-05 2.86503e-05 2.76409e-05 2.66586e-05 2.57033e-05 2.47746e-05 2.38725e-05 2.29967e-05 2.21468e-05 2.13225e-05 2.05235e-05 1.97492e-05 1.89994e-05 1.82735e-05 1.75711e-05 1.68918e-05 1.62349e-05 1.56001e-05 1.49869e-05 1.43946e-05 1.38228e-05 1.3271e-05 1.27386e-05 1.22252e-05 1.17302e-05 1.12531e-05 1.07934e-05 1.03505e-05 9.9241e-06 9.51356e-06 9.11843e-06 8.73823e-06 8.37249e-06 8.02075e-06 7.68256e-06 7.35746e-06 7.04503e-06 6.74485e-06 6.45649e-06 6.17954e-06 5.91363e-06 5.65835e-06 5.41333e-06 5.17821e-06 4.95263e-06 4.73625e-06 4.52873e-06 4.32974e-06 4.13897e-06 3.95611e-06 3.78086e-06 3.61294e-06 3.45206e-06 3.29795e-06 3.15036e-06 3.00903e-06 2.87372e-06 2.74418e-06 2.6202e-06 2.50154e-06 2.38801e-06 2.27938e-06 2.17548e-06 2.07609e-06
0.000314183 7.02287e-05 6.97615e-05 6.91762e-05 6.84845e-05 6.76973e-05 6.68249e-05 6.58769e-05 6.48619e-05 6.37884e-05 6.26639e-05 6.14957e-05 6.02902e-05 5.90536e-05 5.77915e-05 5.65092e-05 5.52113e-05 5.39024e-05 5.25864e-05 5.1267e-05 4.99477e-05 4.86314e-05 4.7321e-05 4.60191e-05 4.47279e-05 4.34494e-05 4.21855e-05 4.09379e-05 3.97079e-05 3.8497e-05 3.73062e-05 3.61365e-05 3.49887e-05 3.38635e-05 3.27616e-05 3.16835e-05 3.06294e-05 2.95997e-05 2.85947e-05 2.76143e-05 2.66588e-05 2.57281e-05 2.48221e-05 2.39407e-05 2.30838e-05 2.22512e-05 2.14425e-05 2.06576e-05 1.9896e-05 1.91576e-05 1.84418e-05 1.77484e-05 1.70769e-05 1.64269e-05 1.57979e-05 1.51896e-05 1.46015e-05 1.4033e-05 1.34839e-05 1.29535e-05 1.24415e-05 1.19473e-05 1.14704e-05 1.10105e-05 1.05671e-05 1.01396e-05 9.72767e-06 9.33081e-06 8.94857e-06 8.58053e-06 8.22623e-06 7.88526e-06 7.5572e-06 7.24163e-06 6.93815e-06 6.64637e-06 6.36589e-06 6.09634e-06 5.83735e-06 5.58856e-06 5.34962e-06 5.12017e-06 4.8999e-06 4.68847e-06 4.48556e-06 4.29088e-06 4.10411e-06 3.92498e-06 3.75319e-06 3.58848e-06 3.43059e-06 3.27925e-06 3.13421e-06 2.99524e-06 2.86211e-06 2.73458e-06 2.61245e-06 2.4955e-06 2.38352e-06 2.27632e-06 2.17372e-06
0.000293486 6.65146e-05 6.6222e-05 6.58083e-05 6.52847e-05 6.46619e-05 6.39497e-05 6.31575e-05 6.2294e-05 6.13672e-05 6.03848e-05 5.93537e-05 5.82804e-05 5.71711e-05 5.60314e-05 5.48665e-05 5.36812e-05 5.248e-05 5.1267e-05 5.0046e-05 4.88204e-05 4.75934e-05 4.63679e-05 4.51466e-05 4.39318e-05 4.27257e-05 4.15304e-05 4.03475e-05 3.91787e-05 3.80254e-05 3.68889e-05 3.57701e-05 3.46702e-05 3.35899e-05 3.253e-05 3.14911e-05 3.04736e-05 2.94781e-05 2.85047e-05 2.75539e-05 2.66256e-05 2.57201e-05 2.48374e-05 2.39775e-05 2.31402e-05 2.23255e-05 2.15333e-05 2.07633e-05 2.00153e-05 1.92891e-05 1.85843e-05 1.79007e-05 1.72379e-05 1.65956e-05 1.59734e-05 1.53709e-05 1.47877e-05 1.42235e-05 1.36778e-05 1.31503e-05 1.26404e-05 1.21478e-05 1.1672e-05 1.12127e-05 1.07693e-05 1.03415e-05 9.92883e-06 9.53089e-06 9.14726e-06 8.77752e-06 8.42126e-06 8.0781e-06 7.74762e-06 7.42945e-06 7.12319e-06 6.82848e-06 6.54494e-06 6.27221e-06 6.00994e-06 5.75779e-06 5.51541e-06 5.28248e-06 5.05867e-06 4.84367e-06 4.63718e-06 4.43889e-06 4.24852e-06 4.06578e-06 3.8904e-06 3.72212e-06 3.56067e-06 3.4058e-06 3.25727e-06 3.11485e-06 2.97831e-06 2.84742e-06 2.72197e-06 2.60176e-06 2.48657e-06 2.37623e-06 2.27053e-06
0.000274152 6.29851e-05 6.28488e-05 6.25895e-05 6.22179e-05 6.17444e-05 6.11785e-05 6.05293e-05 5.98051e-05 5.90139e-05 5.81631e-05 5.72595e-05 5.63097e-05 5.53196e-05 5.42949e-05 5.32407e-05 5.21618e-05 5.10628e-05 4.99477e-05 4.88204e-05 4.76844e-05 4.6543e-05 4.53991e-05 4.42554e-05 4.31146e-05 4.19787e-05 4.085e-05 3.97303e-05 3.86212e-05 3.75243e-05 3.6441e-05 3.53725e-05 3.43199e-05 3.32841e-05 3.22659e-05 3.12661e-05 3.02853e-05 2.9324e-05 2.83826e-05 2.74615e-05 2.65609e-05 2.56811e-05 2.48222e-05 2.39842e-05 2.31672e-05 2.23712e-05 2.15961e-05 2.08418e-05 2.01081e-05 1.93948e-05 1.87018e-05 1.80288e-05 1.73756e-05 1.67417e-05 1.61271e-05 1.55312e-05 1.49538e-05 1.43946e-05 1.38532e-05 1.33292e-05 1.28222e-05 1.23319e-05 1.18579e-05 1.13998e-05 1.09573e-05 1.05298e-05 1.01171e-05 9.71868e-06 9.33426e-06 8.96343e-06 8.60579e-06 8.26099e-06 7.92864e-06 7.60837e-06 7.29984e-06 7.00267e-06 6.71653e-06 6.44107e-06 6.17595e-06 5.92084e-06 5.67542e-06 5.43938e-06 5.21239e-06 4.99417e-06 4.78441e-06 4.58283e-06 4.38914e-06 4.20307e-06 4.02437e-06 3.85276e-06 3.68799e-06 3.52983e-06 3.37803e-06 3.23236e-06 3.09259e-06 2.95852e-06 2.82993e-06 2.70661e-06 2.58838e-06 2.47502e-06 2.36637e-06
0.000256092 5.9632e-05 5.96352e-05 5.95144e-05 5.928e-05 5.89419e-05 5.85092e-05 5.79908e-05 5.73946e-05 5.67285e-05 5.59995e-05 5.52145e-05 5.43798e-05 5.35012e-05 5.25843e-05 5.16343e-05 5.06559e-05 4.96535e-05 4.86314e-05 4.75934e-05 4.6543e-05 4.54835e-05 4.44179e-05 4.3349e-05 4.22795e-05 4.12116e-05 4.01475e-05 3.90891e-05 3.80383e-05 3.69967e-05 3.59656e-05 3.49465e-05 3.39405e-05 3.29486e-05 3.19718e-05 3.10109e-05 3.00667e-05 2.91396e-05 2.82303e-05 2.73391e-05 2.64665e-05 2.56127e-05 2.4778e-05 2.39625e-05 2.31664e-05 2.23896e-05 2.16322e-05 2.08942e-05 2.01754e-05 1.94759e-05 1.87953e-05 1.81336e-05 1.74906e-05 1.6866e-05 1.62596e-05 1.56711e-05 1.51003e-05 1.45468e-05 1.40103e-05 1.34906e-05 1.29873e-05 1.25e-05 1.20285e-05 1.15723e-05 1.11311e-05 1.07046e-05 1.02924e-05 9.89423e-06 9.50961e-06 9.13825e-06 8.77979e-06 8.43388e-06 8.10017e-06 7.77832e-06 7.46799e-06 7.16885e-06 6.88056e-06 6.60279e-06 6.33524e-06 6.07757e-06 5.8295e-06 5.5907e-06 5.36089e-06 5.13977e-06 4.92707e-06 4.7225e-06 4.52579e-06 4.33668e-06 4.15491e-06 3.98023e-06 3.81239e-06 3.65115e-06 3.49629e-06 3.34757e-06 3.20479e-06 3.06772e-06 2.93616e-06 2.8099e-06 2.68876e-06 2.57255e-06 2.46107e-06
0.000239222 5.64474e-05 5.65745e-05 5.65776e-05 5.64667e-05 5.62511e-05 5.59396e-05 5.55405e-05 5.50618e-05 5.45108e-05 5.38945e-05 5.32195e-05 5.24919e-05 5.17175e-05 5.09017e-05 5.00496e-05 4.91659e-05 4.8255e-05 4.7321e-05 4.63679e-05 4.53991e-05 4.44179e-05 4.34274e-05 4.24304e-05 4.14296e-05 4.04274e-05 3.94258e-05 3.84271e-05 3.7433e-05 3.64452e-05 3.54653e-05 3.44946e-05 3.35345e-05 3.2586e-05 3.16501e-05 3.07278e-05 2.98199e-05 2.8927e-05 2.80497e-05 2.71886e-05 2.63441e-05 2.55167e-05 2.47065e-05 2.39139e-05 2.3139e-05 2.23819e-05 2.16428e-05 2.09216e-05 2.02184e-05 1.95331e-05 1.88657e-05 1.8216e-05 1.75838e-05 1.69691e-05 1.63717e-05 1.57912e-05 1.52276e-05 1.46805e-05 1.41497e-05 1.36349e-05 1.31358e-05 1.26522e-05 1.21838e-05 1.17301e-05 1.1291e-05 1.08661e-05 1.04551e-05 1.00576e-05 9.67336e-06 9.30202e-06 8.94326e-06 8.59677e-06 8.2622e-06 7.93925e-06 7.62759e-06 7.32692e-06 7.03691e-06 6.75727e-06 6.48768e-06 6.22785e-06 5.97749e-06 5.73631e-06 5.50402e-06 5.28034e-06 5.06501e-06 4.85775e-06 4.65831e-06 4.46643e-06 4.28186e-06 4.10436e-06 3.93368e-06 3.7696e-06 3.6119e-06 3.46034e-06 3.31473e-06 3.17484e-06 3.04049e-06 2.91146e-06 2.78758e-06 2.66865e-06 2.5545e-06
0.000223463 5.34235e-05 5.36604e-05 5.37741e-05 5.37739e-05 5.36688e-05 5.34672e-05 5.3177e-05 5.28057e-05 5.23606e-05 5.18483e-05 5.12751e-05 5.06471e-05 4.99699e-05 4.92487e-05 4.84885e-05 4.7694e-05 4.68695e-05 4.60191e-05 4.51466e-05 4.42554e-05 4.3349e-05 4.24304e-05 4.15025e-05 4.05678e-05 3.96288e-05 3.86879e-05 3.77469e-05 3.6808e-05 3.58727e-05 3.49427e-05 3.40195e-05 3.31044e-05 3.21985e-05 3.13031e-05 3.04189e-05 2.9547e-05 2.86881e-05 2.78428e-05 2.70118e-05 2.61956e-05 2.53946e-05 2.46092e-05 2.38397e-05 2.30864e-05 2.23495e-05 2.1629e-05 2.09252e-05 2.0238e-05 1.95676e-05 1.89138e-05 1.82766e-05 1.7656e-05 1.70518e-05 1.64639e-05 1.58921e-05 1.53362e-05 1.47962e-05 1.42716e-05 1.37624e-05 1.32682e-05 1.27889e-05 1.23241e-05 1.18736e-05 1.14372e-05 1.10144e-05 1.06051e-05 1.02089e-05 9.82556e-06 9.45477e-06 9.09623e-06 8.74964e-06 8.4147e-06 8.09111e-06 7.77859e-06 7.47682e-06 7.18552e-06 6.90441e-06 6.63318e-06 6.37157e-06 6.11929e-06 5.87607e-06 5.64164e-06 5.41573e-06 5.19809e-06 4.98845e-06 4.78656e-06 4.59218e-06 4.40507e-06 4.225e-06 4.05172e-06 3.88503e-06 3.7247e-06 3.57051e-06 3.42226e-06 3.27975e-06 3.14278e-06 3.01115e-06 2.88468e-06 2.76318e-06 2.64649e-06
0.000208742 5.05531e-05 5.08867e-05 5.10986e-05 5.11975e-05 5.11918e-05 5.10896e-05 5.08984e-05 5.06253e-05 5.02773e-05 4.98608e-05 4.93819e-05 4.88464e-05 4.82597e-05 4.76269e-05 4.6953e-05 4.62423e-05 4.54993e-05 4.47279e-05 4.39318e-05 4.31146e-05 4.22795e-05 4.14296e-05 4.05678e-05 3.96967e-05 3.88187e-05 3.79362e-05 3.70512e-05 3.61657e-05 3.52815e-05 3.44002e-05 3.35234e-05 3.26524e-05 3.17885e-05 3.09328e-05 3.00864e-05 2.92501e-05 2.84249e-05 2.76115e-05 2.68105e-05 2.60225e-05 2.52481e-05 2.44876e-05 2.37415e-05 2.301e-05 2.22935e-05 2.15921e-05 2.0906e-05 2.02354e-05 1.95802e-05 1.89406e-05 1.83164e-05 1.77078e-05 1.71147e-05 1.65368e-05 1.59743e-05 1.54268e-05 1.48943e-05 1.43766e-05 1.38736e-05 1.33849e-05 1.29104e-05 1.24499e-05 1.20031e-05 1.15698e-05 1.11497e-05 1.07426e-05 1.03482e-05 9.96632e-06 9.59658e-06 9.23874e-06 8.89253e-06 8.55768e-06 8.23391e-06 7.92095e-06 7.61851e-06 7.32634e-06 7.04414e-06 6.77167e-06 6.50865e-06 6.25481e-06 6.0099e-06 5.77366e-06 5.54583e-06 5.32618e-06 5.11445e-06 4.9104e-06 4.71379e-06 4.5244e-06 4.34201e-06 4.16637e-06 3.99729e-06 3.83455e-06 3.67793e-06 3.52725e-06 3.38229e-06 3.24288e-06 3.10881e-06 2.97992e-06 2.85601e-06 2.73692e-06
0.000194991 4.7829e-05 4.82475e-05 4.85462e-05 4.87334e-05 4.88169e-05 4.88044e-05 4.87029e-05 4.85194e-05 4.82604e-05 4.7932e-05 4.75401e-05 4.70903e-05 4.65878e-05 4.60376e-05 4.54443e-05 4.48125e-05 4.41462e-05 4.34494e-05 4.27257e-05 4.19787e-05 4.12116e-05 4.04274e-05 3.96288e-05 3.88187e-05 3.79994e-05 3.71733e-05 3.63424e-05 3.55087e-05 3.46741e-05 3.38403e-05 3.30087e-05 3.21808e-05 3.1358e-05 3.05414e-05 2.97321e-05 2.89311e-05 2.81392e-05 2.73574e-05 2.65863e-05 2.58265e-05 2.50786e-05 2.43431e-05 2.36205e-05 2.29112e-05 2.22153e-05 2.15333e-05 2.08653e-05 2.02115e-05 1.9572e-05 1.89469e-05 1.83363e-05 1.77401e-05 1.71585e-05 1.65913e-05 1.60384e-05 1.54999e-05 1.49755e-05 1.44652e-05 1.39688e-05 1.34861e-05 1.3017e-05 1.25612e-05 1.21187e-05 1.16891e-05 1.12722e-05 1.08678e-05 1.04758e-05 1.00958e-05 9.72753e-06 9.37086e-06 9.02549e-06 8.69118e-06 8.36765e-06 8.05467e-06 7.75198e-06 7.45932e-06 7.17644e-06 6.90308e-06 6.63901e-06 6.38396e-06 6.13769e-06 5.89997e-06 5.67054e-06 5.44918e-06 5.23564e-06 5.02971e-06 4.83115e-06 4.63974e-06 4.45526e-06 4.2775e-06 4.10626e-06 3.94132e-06 3.78248e-06 3.62955e-06 3.48234e-06 3.34066e-06 3.20433e-06 3.07317e-06 2.94701e-06 2.82567e-06
0.000182146 4.52444e-05 4.5737e-05 4.61121e-05 4.63776e-05 4.65409e-05 4.6609e-05 4.65888e-05 4.64867e-05 4.6309e-05 4.60615e-05 4.57498e-05 4.53793e-05 4.4955e-05 4.44817e-05 4.39639e-05 4.3406e-05 4.28119e-05 4.21855e-05 4.15304e-05 4.085e-05 4.01475e-05 3.94258e-05 3.86879e-05 3.79362e-05 3.71733e-05 3.64014e-05 3.56227e-05 3.48392e-05 3.40527e-05 3.32649e-05 3.24775e-05 3.16917e-05 3.09091e-05 3.01309e-05 2.93581e-05 2.85918e-05 2.78329e-05 2.70824e-05 2.63409e-05 2.56091e-05 2.48877e-05 2.41773e-05 2.34783e-05 2.27911e-05 2.21161e-05 2.14536e-05 2.0804e-05 2.01673e-05 1.95438e-05 1.89337e-05 1.83369e-05 1.77537e-05 1.7184e-05 1.66278e-05 1.60852e-05 1.5556e-05 1.50402e-05 1.45378e-05 1.40485e-05 1.35723e-05 1.3109e-05 1.26586e-05 1.22207e-05 1.17953e-05 1.13821e-05 1.0981e-05 1.05917e-05 1.0214e-05 9.84775e-06 9.49269e-06 9.1486e-06 8.81523e-06 8.49237e-06 8.17978e-06 7.87722e-06 7.58446e-06 7.30126e-06 7.02739e-06 6.76261e-06 6.50668e-06 6.25939e-06 6.0205e-06 5.78977e-06 5.567e-06 5.35194e-06 5.14439e-06 4.94414e-06 4.75096e-06 4.56464e-06 4.38499e-06 4.21181e-06 4.04488e-06 3.88403e-06 3.72906e-06 3.57978e-06 3.43601e-06 3.29759e-06 3.16432e-06 3.03605e-06 2.91261e-06
0.000170146 4.27928e-05 4.33495e-05 4.37915e-05 4.41262e-05 4.43604e-05 4.45008e-05 4.45539e-05 4.45257e-05 4.44221e-05 4.42488e-05 4.40109e-05 4.37137e-05 4.33619e-05 4.29602e-05 4.25129e-05 4.20241e-05 4.14979e-05 4.09379e-05 4.03475e-05 3.97303e-05 3.90891e-05 3.84271e-05 3.77469e-05 3.70512e-05 3.63424e-05 3.56227e-05 3.48944e-05 3.41593e-05 3.34194e-05 3.26763e-05 3.19318e-05 3.11871e-05 3.04438e-05 2.97031e-05 2.89661e-05 2.8234e-05 2.75076e-05 2.6788e-05 2.60758e-05 2.53719e-05 2.46769e-05 2.39914e-05 2.3316e-05 2.2651e-05 2.1997e-05 2.13543e-05 2.07232e-05 2.01039e-05 1.94967e-05 1.89018e-05 1.83193e-05 1.77493e-05 1.71919e-05 1.66472e-05 1.61152e-05 1.55958e-05 1.5089e-05 1.45948e-05 1.41132e-05 1.36439e-05 1.3187e-05 1.27422e-05 1.23095e-05 1.18887e-05 1.14797e-05 1.10822e-05 1.06961e-05 1.03212e-05 9.95738e-06 9.60434e-06 9.26193e-06 8.92993e-06 8.60812e-06 8.2963e-06 7.99425e-06 7.70176e-06 7.4186e-06 7.14455e-06 6.87941e-06 6.62294e-06 6.37494e-06 6.13518e-06 5.90346e-06 5.67955e-06 5.46326e-06 5.25437e-06 5.05267e-06 4.85797e-06 4.67006e-06 4.48874e-06 4.31383e-06 4.14514e-06 3.98247e-06 3.82564e-06 3.67448e-06 3.52881e-06 3.38845e-06 3.25325e-06 3.12303e-06 2.99763e-06
0.000158938 4.04679e-05 4.10796e-05 4.15798e-05 4.19752e-05 4.22724e-05 4.24774e-05 4.25964e-05 4.2635e-05 4.25989e-05 4.24933e-05 4.23232e-05 4.20935e-05 4.18089e-05 4.14737e-05 4.10921e-05 4.06681e-05 4.02055e-05 3.97079e-05 3.91787e-05 3.86212e-05 3.80383e-05 3.7433e-05 3.6808e-05 3.61657e-05 3.55087e-05 3.48392e-05 3.41593e-05 3.3471e-05 3.27761e-05 3.20764e-05 3.13735e-05 3.06688e-05 2.99638e-05 2.92598e-05 2.85579e-05 2.78593e-05 2.7165e-05 2.64758e-05 2.57927e-05 2.51164e-05 2.44476e-05 2.37869e-05 2.3135e-05 2.24923e-05 2.18593e-05 2.12364e-05 2.06239e-05 2.00222e-05 1.94316e-05 1.88521e-05 1.82841e-05 1.77277e-05 1.7183e-05 1.66501e-05 1.6129e-05 1.56198e-05 1.51224e-05 1.46369e-05 1.41633e-05 1.37014e-05 1.32511e-05 1.28125e-05 1.23854e-05 1.19697e-05 1.15651e-05 1.11717e-05 1.07893e-05 1.04176e-05 1.00565e-05 9.70594e-06 9.3656e-06 9.03534e-06 8.71497e-06 8.4043e-06 8.10312e-06 7.81124e-06 7.52846e-06 7.25458e-06 6.9894e-06 6.7327e-06 6.4843e-06 6.24398e-06 6.01154e-06 5.78679e-06 5.56953e-06 5.35955e-06 5.15667e-06 4.96069e-06 4.77141e-06 4.58866e-06 4.41225e-06 4.24199e-06 4.0777e-06 3.91922e-06 3.76636e-06 3.61895e-06 3.47684e-06 3.33985e-06 3.20783e-06 3.08062e-06
0.000148468 3.82635e-05 3.89221e-05 3.94725e-05 3.9921e-05 4.02736e-05 4.05361e-05 4.07141e-05 4.08131e-05 4.08381e-05 4.07943e-05 4.06863e-05 4.05189e-05 4.02963e-05 4.00227e-05 3.97023e-05 3.93388e-05 3.89359e-05 3.8497e-05 3.80254e-05 3.75243e-05 3.69967e-05 3.64452e-05 3.58727e-05 3.52815e-05 3.46741e-05 3.40527e-05 3.34194e-05 3.27761e-05 3.21247e-05 3.1467e-05 3.08044e-05 3.01386e-05 2.9471e-05 2.88028e-05 2.81353e-05 2.74695e-05 2.68066e-05 2.61474e-05 2.54929e-05 2.48438e-05 2.4201e-05 2.3565e-05 2.29365e-05 2.2316e-05 2.1704e-05 2.1101e-05 2.05073e-05 1.99233e-05 1.93493e-05 1.87856e-05 1.82323e-05 1.76897e-05 1.7158e-05 1.66371e-05 1.61273e-05 1.56286e-05 1.5141e-05 1.46645e-05 1.41992e-05 1.37451e-05 1.33019e-05 1.28699e-05 1.24487e-05 1.20384e-05 1.16388e-05 1.12498e-05 1.08714e-05 1.05033e-05 1.01454e-05 9.79764e-06 9.45974e-06 9.13159e-06 8.81301e-06 8.50383e-06 8.20387e-06 7.91295e-06 7.63088e-06 7.35749e-06 7.09258e-06 6.83596e-06 6.58745e-06 6.34686e-06 6.11399e-06 5.88867e-06 5.67069e-06 5.45989e-06 5.25607e-06 5.05904e-06 4.86864e-06 4.68467e-06 4.50696e-06 4.33534e-06 4.16964e-06 4.00968e-06 3.85531e-06 3.70635e-06 3.56264e-06 3.42403e-06 3.29037e-06 3.1615e-06
0.000138687 3.6174e-05 3.68719e-05 3.74652e-05 3.79597e-05 3.8361e-05 3.86744e-05 3.89051e-05 3.90583e-05 3.91387e-05 3.9151e-05 3.90999e-05 3.89895e-05 3.88241e-05 3.86078e-05 3.83442e-05 3.80371e-05 3.769e-05 3.73062e-05 3.68889e-05 3.6441e-05 3.59656e-05 3.54653e-05 3.49427e-05 3.44002e-05 3.38403e-05 3.32649e-05 3.26763e-05 3.20764e-05 3.1467e-05 3.08497e-05 3.02263e-05 2.95982e-05 2.89669e-05 2.83336e-05 2.76996e-05 2.7066e-05 2.64339e-05 2.58042e-05 2.51779e-05 2.45557e-05 2.39386e-05 2.3327e-05 2.27217e-05 2.21233e-05 2.15323e-05 2.09492e-05 2.03743e-05 1.98081e-05 1.92509e-05 1.8703e-05 1.81647e-05 1.76361e-05 1.71175e-05 1.6609e-05 1.61107e-05 1.56228e-05 1.51452e-05 1.46782e-05 1.42216e-05 1.37754e-05 1.33398e-05 1.29146e-05 1.24997e-05 1.20952e-05 1.17009e-05 1.13168e-05 1.09427e-05 1.05786e-05 1.02242e-05 9.87958e-06 9.54448e-06 9.21878e-06 8.90233e-06 8.59498e-06 8.29657e-06 8.00692e-06 7.72589e-06 7.45329e-06 7.18896e-06 6.93271e-06 6.68438e-06 6.44379e-06 6.21077e-06 5.98514e-06 5.76671e-06 5.55533e-06 5.35081e-06 5.15297e-06 4.96166e-06 4.77669e-06 4.5979e-06 4.42513e-06 4.2582e-06 4.09696e-06 3.94125e-06 3.7909e-06 3.64577e-06 3.5057e-06 3.37055e-06 3.24016e-06
0.000129551 3.41937e-05 3.49241e-05 3.55537e-05 3.60878e-05 3.65314e-05 3.68896e-05 3.71672e-05 3.73689e-05 3.74992e-05 3.75626e-05 3.75632e-05 3.75052e-05 3.73926e-05 3.7229e-05 3.70182e-05 3.67636e-05 3.64687e-05 3.61365e-05 3.57701e-05 3.53725e-05 3.49465e-05 3.44946e-05 3.40195e-05 3.35234e-05 3.30087e-05 3.24775e-05 3.19318e-05 3.13735e-05 3.08044e-05 3.02263e-05 2.96408e-05 2.90492e-05 2.84532e-05 2.78538e-05 2.72525e-05 2.66503e-05 2.60484e-05 2.54476e-05 2.4849e-05 2.42534e-05 2.36615e-05 2.30741e-05 2.24919e-05 2.19154e-05 2.13453e-05 2.07819e-05 2.02259e-05 1.96775e-05 1.91372e-05 1.86052e-05 1.80819e-05 1.75675e-05 1.70623e-05 1.65663e-05 1.60799e-05 1.5603e-05 1.51358e-05 1.46783e-05 1.42307e-05 1.3793e-05 1.33651e-05 1.29471e-05 1.25389e-05 1.21405e-05 1.17518e-05 1.13728e-05 1.10035e-05 1.06436e-05 1.02931e-05 9.95196e-06 9.61998e-06 9.29706e-06 8.98306e-06 8.67786e-06 8.3813e-06 8.09325e-06 7.81354e-06 7.54203e-06 7.27856e-06 7.02297e-06 6.7751e-06 6.53479e-06 6.30187e-06 6.07618e-06 5.85756e-06 5.64583e-06 5.44085e-06 5.24243e-06 5.05043e-06 4.86467e-06 4.68501e-06 4.51128e-06 4.34332e-06 4.18098e-06 4.02411e-06 3.87255e-06 3.72616e-06 3.58479e-06 3.44829e-06 3.31653e-06
0.000121017 3.23174e-05 3.30742e-05 3.3734e-05 3.43017e-05 3.4782e-05 3.51794e-05 3.54984e-05 3.57434e-05 3.59185e-05 3.6028e-05 3.60757e-05 3.60656e-05 3.60014e-05 3.58865e-05 3.57246e-05 3.55189e-05 3.52725e-05 3.49887e-05 3.46702e-05 3.43199e-05 3.39405e-05 3.35345e-05 3.31044e-05 3.26524e-05 3.21808e-05 3.16917e-05 3.11871e-05 3.06688e-05 3.01386e-05 2.95982e-05 2.90492e-05 2.84931e-05 2.79312e-05 2.73649e-05 2.67954e-05 2.62239e-05 2.56514e-05 2.5079e-05 2.45075e-05 2.3938e-05 2.3371e-05 2.28075e-05 2.22481e-05 2.16933e-05 2.11439e-05 2.06003e-05 2.0063e-05 1.95324e-05 1.9009e-05 1.84931e-05 1.79849e-05 1.74849e-05 1.69931e-05 1.65099e-05 1.60354e-05 1.55698e-05 1.51131e-05 1.46656e-05 1.42272e-05 1.37981e-05 1.33783e-05 1.29677e-05 1.25665e-05 1.21745e-05 1.17918e-05 1.14182e-05 1.10539e-05 1.06986e-05 1.03523e-05 1.00149e-05 9.6864e-06 9.36656e-06 9.05532e-06 8.75257e-06 8.45817e-06 8.17199e-06 7.8939e-06 7.62377e-06 7.36144e-06 7.10678e-06 6.85963e-06 6.61986e-06 6.38729e-06 6.1618e-06 5.94321e-06 5.73138e-06 5.52615e-06 5.32738e-06 5.1349e-06 4.94857e-06 4.76823e-06 4.59373e-06 4.42493e-06 4.26167e-06 4.10381e-06 3.95121e-06 3.80372e-06 3.6612e-06 3.52352e-06 3.39053e-06
