0.437927 0.101368 0.0444845 0.0195216 0.00856687 0.00375949 0.00164982 0.000724006 0.000317723 0.00013943 6.11875e-05 2.68516e-05 1.17836e-05 5.1711e-06 2.26929e-06 9.95856e-07 4.37022e-07 1.91783e-07 8.41622e-08 3.69338e-08 1.6208e-08 7.11274e-09 3.12136e-09 1.36978e-09 6.01115e-10 2.63794e-10 1.15763e-10 5.08017e-11 2.22938e-11 9.78344e-12 4.29337e-12 1.8841e-12 8.26822e-13 3.62843e-13 1.5923e-13 6.98767e-14 3.06647e-14 1.34569e-14 5.90544e-15 2.59155e-15 1.13728e-15 4.99083e-16 2.19018e-16 9.61139e-17 4.21787e-17 1.85097e-17 8.12282e-18 3.56462e-18 1.5643e-18 6.86479e-19 3.01255e-19 1.32203e-19 5.80159e-20 2.54598e-20 1.11728e-20 4.90307e-21 2.15166e-21 9.44238e-22 4.1437e-22 1.81842e-22 7.97998e-23 3.50194e-23 1.53679e-23 6.74407e-24 2.95957e-24 1.29878e-24 5.69957e-25 2.5012e-25 1.09763e-25 4.81684e-26 2.11383e-26 9.27633e-27 4.07083e-27 1.78645e-27 7.83965e-28 3.44036e-28 1.50977e-28 6.62547e-29 2.90753e-29 1.27594e-29 5.59935e-30 2.45722e-30 1.07833e-30 4.73214e-31 2.07666e-31 9.11321e-32 3.99924e-32 1.75503e-32 7.70179e-33 3.37986e-33 1.48322e-33 6.50896e-34 2.8564e-34 1.2535e-34 5.50088e-35 2.41401e-35 1.05937e-35 4.64892e-36 2.04014e-36 8.95295e-37 3.92892e-37
0.101368 0.0434871 0.0226443 0.0114997 0.00573221 0.00281643 0.00136801 0.000658286 0.000314312 0.000149093 7.03252e-05 3.30107e-05 1.54296e-05 7.185e-06 3.3347e-06 1.54311e-06 7.12156e-07 3.27873e-07 1.5062e-07 6.90543e-08 3.16011e-08 1.44371e-08 6.58542e-09 2.99958e-09 1.36445e-09 6.1989e-10 2.81298e-10 1.27511e-10 5.77414e-11 2.61223e-11 1.18072e-11 5.33226e-12 2.40619e-12 1.08497e-12 4.88875e-13 2.20131e-13 9.90567e-14 4.45472e-14 2.00218e-14 8.99378e-15 4.03786e-15 1.81192e-15 8.12675e-16 3.64328e-16 1.63258e-16 7.31255e-17 3.27406e-17 1.46532e-17 6.55562e-18 2.93182e-18 1.31071e-18 5.85775e-19 2.61705e-19 1.16885e-19 5.21879e-20 2.32946e-20 1.03948e-20 4.63725e-21 2.06818e-21 9.22155e-22 4.11066e-22 1.83195e-22 8.16236e-23 3.63595e-23 1.61929e-23 7.21005e-24 3.20968e-24 1.42856e-24 6.35694e-25 2.82824e-25 1.25806e-25 5.59514e-26 2.48796e-26 1.10611e-26 4.91683e-27 2.18524e-27 9.71055e-28 4.31441e-28 1.91661e-28 8.51299e-29 3.78066e-29 1.67877e-29 7.45345e-30 3.30875e-30 1.46864e-30 6.51791e-31 2.89233e-31 1.28332e-31 5.69337e-32 2.52553e-32 1.12018e-32 4.96789e-33 2.20297e-33 9.76787e-34 4.33057e-34 1.91975e-34 8.50943e-35 3.77149e-35 1.67141e-35 7.40649e-36 3.28171e-36
0.0444845 0.0226443 0.0130271 0.00719786 0.00386353 0.00202886 0.00104722 0.00053304 0.000268201 0.000133634 6.60301e-05 3.23899e-05 1.57873e-05 7.6517e-06 3.68994e-06 1.7714e-06 8.46913e-07 4.03409e-07 1.91505e-07 9.06276e-08 4.27658e-08 2.01271e-08 9.44933e-09 4.42616e-09 2.06885e-09 9.65085e-10 4.49358e-10 2.08861e-10 9.69183e-11 4.49034e-11 2.07738e-11 9.59726e-12 4.428e-12 2.04044e-12 9.3913e-13 4.31754e-13 1.9828e-13 9.09652e-14 4.16913e-14 1.90901e-14 8.73335e-15 3.9919e-15 1.82314e-15 8.3199e-16 3.79389e-16 1.72876e-16 7.87185e-17 3.58201e-17 1.62889e-17 7.40261e-18 3.36212e-18 1.52612e-18 6.92334e-19 3.13911e-19 1.42255e-19 6.44323e-20 2.91693e-20 1.31989e-20 5.96966e-21 2.69876e-21 1.21952e-21 5.50842e-22 2.48706e-22 1.12246e-22 5.06392e-23 2.28369e-23 1.0295e-23 4.63939e-24 2.08999e-24 9.41191e-25 4.23709e-25 1.90685e-25 8.57886e-26 3.85841e-26 1.73483e-26 7.79793e-27 3.50411e-27 1.57418e-27 7.06988e-28 3.17435e-28 1.4249e-28 6.39447e-29 2.86891e-29 1.28683e-29 5.77066e-30 2.58718e-30 1.15966e-30 5.19681e-31 2.32835e-31 1.04296e-31 4.67084e-32 2.09139e-32 9.36238e-33 4.19037e-33 1.87515e-33 8.38948e-34 3.75279e-34 1.6784e-34 7.50513e-35 3.35541e-35 1.49988e-35
0.0195216 0.0114997 0.00719786 0.00426621 0.0024343 0.00135027 0.000732658 0.000390548 0.000205155 0.000106444 5.4647e-05 2.77984e-05 1.40272e-05 7.02773e-06 3.49854e-06 1.73165e-06 8.52659e-07 4.17861e-07 2.03895e-07 9.90945e-08 4.79841e-08 2.31562e-08 1.11395e-08 5.34296e-09 2.55567e-09 1.2193e-09 5.80313e-10 2.75567e-10 1.30575e-10 6.17465e-11 2.91429e-11 1.37298e-11 6.4572e-12 3.03189e-12 1.42136e-12 6.6535e-13 3.11013e-13 1.45184e-13 6.76852e-14 3.15159e-14 1.46571e-14 6.80883e-15 3.1595e-15 1.46456e-15 6.78198e-16 3.13748e-16 1.4501e-16 6.69606e-17 3.08931e-17 1.42409e-17 6.55934e-18 3.01883e-18 1.38831e-18 6.37992e-19 2.92976e-19 1.34446e-19 6.16558e-20 2.82564e-20 1.29415e-20 5.92362e-21 2.70976e-21 1.23886e-21 5.66071e-22 2.58513e-22 1.17994e-22 5.3829e-23 2.45444e-23 1.1186e-23 5.09553e-24 2.32007e-24 1.05589e-24 4.8033e-25 2.18411e-25 9.92719e-26 4.51023e-26 2.04832e-26 9.29874e-27 4.21973e-27 1.91418e-27 8.68002e-28 3.93463e-28 1.78293e-28 8.07635e-29 3.65721e-29 1.65555e-29 7.49196e-30 3.38931e-30 1.53283e-30 6.93017e-31 3.13232e-31 1.41534e-31 6.39342e-32 2.88725e-32 1.30351e-32 5.88344e-33 2.6548e-33 1.19762e-33 5.4013e-34 2.43539e-34 1.09782e-34 4.94757e-35
0.00856687 0.00573221 0.00386353 0.0024343 0.0014648 0.000852068 0.000482831 0.000267912 0.000146106 7.85263e-05 4.16814e-05 2.1886e-05 1.13831e-05 5.87073e-06 3.00505e-06 1.52779e-06 7.71975e-07 3.87891e-07 1.93904e-07 9.6475e-08 4.77914e-08 2.35792e-08 1.15899e-08 5.67682e-09 2.77146e-09 1.3489e-09 6.54629e-10 3.16833e-10 1.52951e-10 7.36579e-11 3.53907e-11 1.69673e-11 8.11777e-12 3.87619e-12 1.84739e-12 8.78887e-13 4.17412e-13 1.97919e-13 9.36975e-14 4.42912e-14 2.09065e-14 9.85474e-15 4.63908e-15 2.18104e-15 1.02414e-15 4.80334e-16 2.25024e-16 1.05302e-16 4.92245e-17 2.29868e-17 1.07237e-17 4.99798e-18 2.32723e-18 1.08266e-18 5.03228e-19 2.33706e-19 1.08447e-19 5.02829e-20 2.32963e-20 1.07851e-20 4.98939e-21 2.30654e-21 1.06555e-21 4.9192e-22 2.26951e-22 1.04638e-22 4.82149e-23 2.22028e-23 1.02183e-23 4.70002e-24 2.16061e-24 9.92696e-25 4.55851e-25 2.0922e-25 9.5976e-26 4.40053e-26 2.01668e-26 9.23763e-27 4.22944e-27 1.93556e-27 8.85397e-28 4.04837e-28 1.85028e-28 8.45301e-29 3.86019e-29 1.76211e-29 8.04055e-30 3.66752e-30 1.67222e-30 7.62178e-31 3.47265e-31 1.58165e-31 7.20128e-32 3.27763e-32 1.4913e-32 6.78307e-33 3.08423e-33 1.40194e-33 6.37057e-34 2.89396e-34 1.31425e-34
0.00375949 0.00281643 0.00202886 0.00135027 0.000852068 0.000517201 0.000304691 0.000175256 9.8842e-05 5.48309e-05 2.9989e-05 1.62018e-05 8.65926e-06 4.584e-06 2.40599e-06 1.25314e-06 6.48139e-07 3.33099e-07 1.70194e-07 8.64936e-08 4.3739e-08 2.20169e-08 1.10353e-08 5.50904e-09 2.73996e-09 1.35797e-09 6.70816e-10 3.30345e-10 1.62202e-10 7.94216e-11 3.87863e-11 1.88944e-11 9.18243e-12 4.45245e-12 2.15429e-12 1.0402e-12 5.01271e-13 2.41108e-13 1.15762e-13 5.54847e-14 2.65496e-14 1.26838e-14 6.05029e-15 2.88178e-15 1.37066e-15 6.51032e-16 3.08817e-16 1.463e-16 6.92237e-17 3.2715e-17 1.54432e-17 7.2819e-18 3.4299e-18 1.61386e-18 7.5859e-19 3.56223e-19 1.67117e-19 7.83283e-20 3.66796e-20 1.71613e-20 8.02241e-21 3.74714e-21 1.74882e-21 8.15551e-22 3.80036e-22 1.7696e-22 8.23396e-23 3.82857e-23 1.77895e-23 8.26038e-24 3.8331e-24 1.77755e-24 8.238e-25 3.81554e-25 1.76616e-25 8.17056e-26 3.77768e-26 1.74564e-26 8.0621e-27 3.72143e-27 1.71689e-27 7.91688e-28 3.64878e-28 1.68085e-28 7.73926e-29 3.56177e-29 1.63844e-29 7.53357e-30 3.4624e-30 1.59061e-30 7.30408e-31 3.35263e-31 1.53825e-31 7.05492e-32 3.23434e-32 1.48221e-32 6.78999e-33 3.10932e-33 1.42332e-33 6.51298e-34 2.97923e-34
0.00164982 0.00136801 0.00104722 0.000732658 0.000482831 0.000304691 0.000185984 0.000110551 6.42948e-05 3.67138e-05 2.06384e-05 1.1445e-05 6.27146e-06 3.40035e-06 1.82628e-06 9.72529e-07 5.139e-07 2.69643e-07 1.4057e-07 7.28462e-08 3.75433e-08 1.92504e-08 9.82386e-09 4.99111e-09 2.52527e-09 1.2727e-09 6.3907e-10 3.19794e-10 1.59504e-10 7.93104e-11 3.93201e-11 1.94397e-11 9.58549e-12 4.71458e-12 2.31327e-12 1.13243e-12 5.53146e-13 2.69622e-13 1.31158e-13 6.36789e-14 3.08594e-14 1.49281e-14 7.20902e-15 3.47559e-15 1.67297e-15 8.04047e-16 3.8586e-16 1.84908e-16 8.84873e-17 4.22887e-17 2.01839e-17 9.62146e-18 4.58088e-18 2.17844e-18 1.03477e-18 4.9098e-19 2.3271e-19 1.10182e-19 5.21156e-20 2.4626e-20 1.16253e-20 5.48286e-21 2.58354e-21 1.2163e-21 5.7212e-22 2.68887e-22 1.26269e-22 5.92483e-23 2.7779e-23 1.30144e-23 6.09272e-24 2.85025e-24 1.33243e-24 6.22453e-25 2.90586e-25 1.35567e-25 6.32051e-26 2.94493e-26 1.37129e-26 6.38145e-27 2.96792e-27 1.37953e-27 6.4086e-28 2.97545e-28 1.38072e-28 6.40359e-29 2.96834e-29 1.37525e-29 6.36837e-30 2.94755e-30 1.36358e-30 6.30514e-31 2.9141e-31 1.34622e-31 6.21625e-32 2.86913e-32 1.32368e-32 6.10419e-33 2.81379e-33 1.29651e-33 5.9715e-34
0.000724006 0.000658286 0.00053304 0.000390548 0.000267912 0.000175256 0.000110551 6.7744e-05 4.05369e-05 2.37771e-05 1.37104e-05 7.78955e-06 4.36845e-06 2.42178e-06 1.32881e-06 7.2236e-07 3.89389e-07 2.08293e-07 1.10638e-07 5.83865e-08 3.06277e-08 1.59771e-08 8.29138e-09 4.28206e-09 2.20144e-09 1.12697e-09 5.74615e-10 2.91877e-10 1.4773e-10 7.45196e-11 3.74695e-11 1.87828e-11 9.38824e-12 4.67958e-12 2.3264e-12 1.15363e-12 5.70695e-13 2.81669e-13 1.38711e-13 6.81651e-14 3.34293e-14 1.63622e-14 7.99344e-15 3.89796e-15 1.8975e-15 9.22125e-16 4.47394e-16 2.16723e-16 1.04824e-16 5.06259e-17 2.44155e-17 1.17587e-17 5.65551e-18 2.71656e-18 1.30323e-18 6.24438e-19 2.98843e-19 1.42855e-19 6.8212e-20 3.25351e-20 1.55018e-20 7.37845e-21 3.50841e-21 1.66659e-21 7.90924e-22 3.75004e-22 1.77641e-22 8.40745e-23 3.97567e-23 1.87841e-23 8.86776e-24 4.18299e-24 1.9716e-24 9.28574e-25 4.37007e-25 2.05514e-25 9.65788e-26 4.53542e-26 2.1284e-26 9.98153e-27 4.67794e-27 2.19094e-27 1.02549e-27 4.79694e-28 2.2425e-28 1.04771e-28 4.89213e-29 2.28299e-29 1.0648e-29 4.96351e-30 2.31247e-30 1.0768e-30 5.01145e-31 2.33116e-31 1.08383e-31 5.03658e-32 2.33937e-32 1.08607e-32 5.03975e-33 2.33756e-33 1.08372e-33
0.000317723 0.000314312 0.000268201 0.000205155 0.000146106 9.8842e-05 6.42948e-05 4.05369e-05 2.49117e-05 1.49838e-05 8.84831e-06 5.14256e-06 2.94729e-06 1.66832e-06 9.33936e-07 5.17619e-07 2.84291e-07 1.54854e-07 8.37112e-08 4.49375e-08 2.39677e-08 1.27068e-08 6.69916e-09 3.51346e-09 1.83369e-09 9.52626e-10 4.92766e-10 2.53856e-10 1.30274e-10 6.66105e-11 3.39409e-11 1.72375e-11 8.72694e-12 4.40508e-12 2.21721e-12 1.11296e-12 5.57206e-13 2.78272e-13 1.38638e-13 6.89127e-14 3.41787e-14 1.69157e-14 8.3548e-15 4.11839e-15 2.02625e-15 9.95092e-16 4.87826e-16 2.38739e-16 1.16645e-16 5.68999e-17 2.77131e-17 1.34774e-17 6.54481e-18 3.17376e-18 1.53694e-18 7.43299e-19 3.59012e-19 1.73185e-19 8.3441e-20 4.01546e-20 1.93014e-20 9.26732e-21 4.44472e-21 2.12947e-21 1.01917e-21 4.87283e-22 2.32748e-22 1.11064e-22 5.2948e-23 2.5219e-23 1.2001e-23 5.70588e-24 2.71055e-24 1.28655e-24 6.10156e-25 2.89139e-25 1.36909e-25 6.47775e-26 3.06259e-26 1.44689e-26 6.83073e-27 3.2225e-27 1.51921e-27 7.1573e-28 3.3697e-28 1.58544e-28 7.45473e-29 3.503e-29 1.64506e-29 7.72079e-30 3.62146e-30 1.69767e-30 7.9538e-31 3.72437e-31 1.74297e-31 8.15257e-32 3.81124e-32 1.78079e-32 8.31637e-33 3.88183e-33 1.81102e-33
0.00013943 0.000149093 0.000133634 0.000106444 7.85263e-05 5.48309e-05 3.67138e-05 2.37771e-05 1.49838e-05 9.22845e-06 5.57351e-06 3.30942e-06 1.93596e-06 1.11763e-06 6.37623e-07 3.59912e-07 2.012e-07 1.11487e-07 6.1278e-08 3.34307e-08 1.8113e-08 9.75111e-09 5.21826e-09 2.777e-09 1.47014e-09 7.7448e-10 4.06121e-10 2.12035e-10 1.10248e-10 5.70999e-11 2.94641e-11 1.51503e-11 7.76414e-12 3.96623e-12 2.01993e-12 1.02572e-12 5.1941e-13 2.62319e-13 1.3214e-13 6.64006e-14 3.32875e-14 1.66495e-14 8.30941e-15 4.13829e-15 2.05678e-15 1.02024e-15 5.05115e-16 2.49622e-16 1.23141e-16 6.06428e-17 2.98149e-17 1.46348e-17 7.17235e-18 3.50977e-18 1.71497e-18 8.36785e-19 4.07726e-19 1.98398e-19 9.64133e-20 4.67931e-20 2.26823e-20 1.09817e-20 5.31051e-21 2.56511e-21 1.23763e-21 5.96485e-22 2.87175e-22 1.38115e-22 6.63586e-23 3.18509e-23 1.52731e-23 7.31677e-24 3.50196e-24 1.6746e-24 8.00066e-25 3.81914e-25 1.82154e-25 8.6806e-26 4.13342e-26 1.96664e-26 9.34978e-27 4.44168e-27 2.10847e-27 1.00016e-27 4.74092e-28 2.24568e-28 1.063e-28 5.02833e-29 2.37698e-29 1.12291e-29 5.30133e-30 2.50122e-30 1.17937e-30 5.55758e-31 2.61735e-31 1.23192e-31 5.79503e-32 2.72447e-32 1.28016e-32 6.01191e-33 2.8218e-33
6.11875e-05 7.03252e-05 6.60301e-05 5.4647e-05 4.16814e-05 2.9989e-05 2.06384e-05 1.37104e-05 8.84831e-06 5.57351e-06 3.43868e-06 2.08375e-06 1.24292e-06 7.31076e-07 4.24661e-07 2.43904e-07 1.38659e-07 7.80937e-08 4.36075e-08 2.41588e-08 1.32867e-08 7.2579e-09 3.93966e-09 2.12589e-09 1.14083e-09 6.09029e-10 3.23542e-10 1.71086e-10 9.00741e-11 4.72267e-11 2.46642e-11 1.28329e-11 6.65328e-12 3.43775e-12 1.77054e-12 9.09061e-13 4.65364e-13 2.37552e-13 1.20932e-13 6.14026e-14 3.10986e-14 1.57125e-14 7.92018e-15 3.98337e-15 1.99906e-15 1.00113e-15 5.0036e-16 2.49588e-16 1.24264e-16 6.17552e-17 3.0636e-17 1.51721e-17 7.50129e-18 3.70276e-18 1.82488e-18 8.98012e-19 4.41253e-19 2.16505e-19 1.06082e-19 5.19069e-20 2.53649e-20 1.23788e-20 6.03366e-21 2.93731e-21 1.42824e-21 6.93656e-22 3.36508e-22 1.63066e-22 7.89336e-23 3.81681e-23 1.8437e-23 8.89694e-24 4.28906e-24 2.06569e-24 9.93931e-25 4.778e-25 2.29479e-25 1.10117e-25 5.27949e-26 2.52906e-26 1.2105e-26 5.78915e-27 2.76642e-27 1.32094e-27 6.30248e-28 3.00479e-28 1.43151e-28 6.81492e-29 3.24203e-29 1.54124e-29 7.32192e-30 3.47606e-30 1.64916e-30 7.81906e-31 3.70484e-31 1.75433e-31 8.30205e-32 3.92641e-32 1.85587e-32 8.76687e-33 4.13896e-33
2.68516e-05 3.30107e-05 3.23899e-05 2.77984e-05 2.1886e-05 1.62018e-05 1.1445e-05 7.78955e-06 5.14256e-06 3.30942e-06 2.08375e-06 1.28742e-06 7.82315e-07 4.6843e-07 2.76811e-07 1.61645e-07 9.3381e-08 5.34172e-08 3.0282e-08 1.70245e-08 9.4978e-09 5.26099e-09 2.89481e-09 1.58296e-09 8.6057e-10 4.65289e-10 2.50275e-10 1.33966e-10 7.13792e-11 3.78662e-11 2.00047e-11 1.05269e-11 5.51874e-12 2.88286e-12 1.5008e-12 7.78761e-13 4.02834e-13 2.07752e-13 1.06836e-13 5.47882e-14 2.80223e-14 1.42959e-14 7.27527e-15 3.69366e-15 1.87099e-15 9.45636e-16 4.76926e-16 2.40039e-16 1.20571e-16 6.0446e-17 3.02466e-17 1.51077e-17 7.5328e-18 3.74948e-18 1.86323e-18 9.24405e-19 4.57908e-19 2.26481e-19 1.11852e-19 5.51606e-20 2.71647e-20 1.33594e-20 6.56134e-21 3.21835e-21 1.57661e-21 7.71398e-22 3.76973e-22 1.84005e-22 8.97123e-23 4.36905e-23 2.12542e-23 1.03285e-23 5.01389e-24 2.43146e-24 1.17794e-24 5.70106e-25 2.75657e-25 1.3316e-25 6.42659e-26 3.09881e-26 1.49288e-26 7.18586e-27 3.45592e-27 1.66069e-27 7.97364e-28 3.82541e-28 1.83382e-28 8.7842e-29 4.20454e-29 2.011e-29 9.61145e-30 4.59044e-30 2.19086e-30 1.0449e-30 4.9801e-31 2.37199e-31 1.12902e-31 5.37045e-32 2.55296e-32 1.21285e-32 5.7584e-33
1.17836e-05 1.54296e-05 1.57873e-05 1.40272e-05 1.13831e-05 8.65926e-06 6.27146e-06 4.36845e-06 2.94729e-06 1.93596e-06 1.24292e-06 7.82315e-07 4.8391e-07 2.94744e-07 1.77064e-07 1.05053e-07 6.16288e-08 3.57834e-08 2.05812e-08 1.17348e-08 6.6371e-09 3.72587e-09 2.07704e-09 1.15035e-09 6.33224e-10 3.46569e-10 1.88656e-10 1.02172e-10 5.50674e-11 2.95439e-11 1.57816e-11 8.39536e-12 4.44853e-12 2.34835e-12 1.23524e-12 6.47511e-13 3.38313e-13 1.76206e-13 9.14982e-14 4.73743e-14 2.44603e-14 1.25955e-14 6.4691e-15 3.31429e-15 1.69391e-15 8.63741e-16 4.39442e-16 2.23088e-16 1.13016e-16 5.71372e-17 2.88299e-17 1.45191e-17 7.29843e-18 3.66218e-18 1.83439e-18 9.17292e-19 4.57939e-19 2.28251e-19 1.1359e-19 5.64426e-20 2.80048e-20 1.3875e-20 6.86477e-21 3.39175e-21 1.67357e-21 8.24701e-22 4.05881e-22 1.99509e-22 9.7949e-23 4.80313e-23 2.35259e-23 1.15101e-23 5.62508e-24 2.74606e-24 1.33916e-24 6.52389e-25 3.17497e-25 1.54362e-25 7.49759e-26 3.63822e-26 1.7638e-26 8.54308e-27 4.13418e-27 1.99886e-27 9.65611e-28 4.66073e-28 2.24773e-28 1.08313e-28 5.21522e-29 2.50912e-29 1.20625e-29 5.79458e-30 2.78154e-30 1.33423e-30 6.39534e-31 3.0633e-31 1.46628e-31 7.01366e-32 3.3526e-32 1.60152e-32 7.64543e-33
5.1711e-06 7.185e-06 7.6517e-06 7.02773e-06 5.87073e-06 4.584e-06 3.40035e-06 2.42178e-06 1.66832e-06 1.11763e-06 7.31076e-07 4.6843e-07 2.94744e-07 1.82496e-07 1.1138e-07 6.70997e-08 3.99499e-08 2.35309e-08 1.37238e-08 7.93162e-09 4.54561e-09 2.5848e-09 1.45914e-09 8.18104e-10 4.55771e-10 2.52393e-10 1.38981e-10 7.61223e-11 4.14836e-11 2.2499e-11 1.21472e-11 6.52997e-12 3.4959e-12 1.86424e-12 9.90411e-13 5.2429e-13 2.7659e-13 1.45435e-13 7.62311e-14 3.9836e-14 2.07564e-14 1.07847e-14 5.58842e-15 2.88826e-15 1.48899e-15 7.65753e-16 3.92886e-16 2.01121e-16 1.02729e-16 5.23607e-17 2.66331e-17 1.35197e-17 6.84973e-18 3.46386e-18 1.74845e-18 8.80998e-19 4.43146e-19 2.2253e-19 1.11563e-19 5.58422e-20 2.79082e-20 1.39266e-20 6.93938e-21 3.45281e-21 1.71561e-21 8.51274e-22 4.21835e-22 2.08762e-22 1.03183e-22 5.09363e-23 2.51141e-23 1.23679e-23 6.08369e-24 2.98914e-24 1.46705e-24 7.19234e-25 3.52236e-25 1.72324e-25 8.42197e-26 4.11195e-26 2.00565e-26 9.77344e-27 4.75806e-27 2.31425e-27 1.1246e-27 5.4601e-28 2.64865e-28 1.28373e-28 6.21672e-29 3.00808e-29 1.45434e-29 7.0258e-30 3.39146e-30 1.63585e-30 7.88447e-31 3.79733e-31 1.82755e-31 8.78913e-32 4.22393e-32 2.02855e-32 9.73553e-33
2.26929e-06 3.3347e-06 3.68994e-06 3.49854e-06 3.00505e-06 2.40599e-06 1.82628e-06 1.32881e-06 9.33936e-07 6.37623e-07 4.24661e-07 2.76811e-07 1.77064e-07 1.1138e-07 6.90208e-08 4.21976e-08 2.54843e-08 1.52195e-08 8.99638e-09 5.26778e-09 3.05762e-09 1.76038e-09 1.00586e-09 5.70678e-10 3.21631e-10 1.80141e-10 1.00302e-10 5.55387e-11 3.05913e-11 1.67663e-11 9.14577e-12 4.96649e-12 2.68545e-12 1.44613e-12 7.75716e-13 4.14548e-13 2.20746e-13 1.17144e-13 6.1961e-14 3.26695e-14 1.7173e-14 9.00073e-15 4.70418e-15 2.45193e-15 1.27466e-15 6.60963e-16 3.41898e-16 1.76436e-16 9.08411e-17 4.66673e-17 2.39226e-17 1.22377e-17 6.24753e-18 3.18321e-18 1.6188e-18 8.21708e-19 4.1635e-19 2.1059e-19 1.06335e-19 5.36034e-20 2.69778e-20 1.35562e-20 6.80144e-21 3.40732e-21 1.70448e-21 8.51434e-22 4.24723e-22 2.11578e-22 1.05259e-22 5.22978e-23 2.59512e-23 1.28616e-23 6.36653e-24 3.14773e-24 1.55449e-24 7.66804e-25 3.77832e-25 1.85968e-25 9.14359e-26 4.49097e-26 2.20352e-26 1.08009e-26 5.289e-27 2.58742e-27 1.26459e-27 6.17489e-28 3.01239e-28 1.46827e-28 7.15016e-29 3.47898e-29 1.6913e-29 8.21534e-30 3.98727e-30 1.93364e-30 9.36987e-31 4.53684e-31 2.19503e-31 1.06121e-31 5.12674e-32 2.47495e-32 1.19393e-32
9.95856e-07 1.54311e-06 1.7714e-06 1.73165e-06 1.52779e-06 1.25314e-06 9.72529e-07 7.2236e-07 5.17619e-07 3.59912e-07 2.43904e-07 1.61645e-07 1.05053e-07 6.70997e-08 4.21976e-08 2.61682e-08 1.60229e-08 9.69773e-09 5.80732e-09 3.44365e-09 2.02357e-09 1.17911e-09 6.81669e-10 3.912e-10 2.22962e-10 1.26255e-10 7.10578e-11 3.97624e-11 2.21291e-11 1.2252e-11 6.75026e-12 3.70171e-12 2.02094e-12 1.09865e-12 5.94842e-13 3.20819e-13 1.72387e-13 9.23e-14 4.92508e-14 2.61938e-14 1.3887e-14 7.34006e-15 3.86827e-15 2.03286e-15 1.0654e-15 5.56892e-16 2.90352e-16 1.51011e-16 7.83535e-17 4.05606e-17 2.09497e-17 1.07972e-17 5.55301e-18 2.85009e-18 1.45991e-18 7.46375e-19 3.80867e-19 1.93998e-19 9.86392e-20 5.00671e-20 2.53702e-20 1.28346e-20 6.48257e-21 3.26915e-21 1.64612e-21 8.27647e-22 4.15526e-22 2.08323e-22 1.04298e-22 5.21468e-23 2.60379e-23 1.29844e-23 6.46685e-24 3.21681e-24 1.59821e-24 7.93097e-25 3.93112e-25 1.94632e-25 9.6256e-26 4.7552e-26 2.34663e-26 1.15682e-26 5.69696e-27 2.80273e-27 1.3775e-27 6.76362e-28 3.31783e-28 1.62601e-28 7.96148e-29 3.89469e-29 1.90357e-29 9.29578e-30 4.53558e-30 2.21113e-30 1.07706e-30 5.24215e-31 2.54938e-31 1.23885e-31 6.01545e-32 2.91869e-32 1.41508e-32
4.37022e-07 7.12156e-07 8.46913e-07 8.52659e-07 7.71975e-07 6.48139e-07 5.139e-07 3.89389e-07 2.84291e-07 2.012e-07 1.38659e-07 9.3381e-08 6.16288e-08 3.99499e-08 2.54843e-08 1.60229e-08 9.94262e-09 6.09606e-09 3.69671e-09 2.21908e-09 1.31962e-09 7.77917e-10 4.54866e-10 2.63954e-10 1.52081e-10 8.70381e-11 4.94992e-11 2.7983e-11 1.57304e-11 8.79542e-12 4.8929e-12 2.70879e-12 1.49273e-12 8.18992e-13 4.47458e-13 2.43489e-13 1.31988e-13 7.1283e-14 3.83618e-14 2.05747e-14 1.09988e-14 5.86123e-15 3.11395e-15 1.64954e-15 8.71336e-16 4.5901e-16 2.41164e-16 1.26384e-16 6.60694e-17 3.44563e-17 1.79278e-17 9.30701e-18 4.82108e-18 2.49206e-18 1.28552e-18 6.61803e-19 3.40044e-19 1.74389e-19 8.92694e-20 4.5615e-20 2.32678e-20 1.18485e-20 6.0235e-21 3.05726e-21 1.54929e-21 7.839e-22 3.96038e-22 1.9979e-22 1.00644e-22 5.06285e-23 2.54334e-23 1.27595e-23 6.39279e-24 3.19883e-24 1.59862e-24 7.97935e-25 3.97801e-25 1.98085e-25 9.85226e-26 4.89472e-26 2.42906e-26 1.20414e-26 5.9628e-27 2.94964e-27 1.45761e-27 7.19578e-28 3.54882e-28 1.74851e-28 8.60671e-29 4.23253e-29 2.07952e-29 1.02078e-29 5.00632e-30 2.45315e-30 1.20104e-30 5.87521e-31 2.87164e-31 1.40243e-31 6.8436e-32 3.33691e-32 1.6258e-32
1.91783e-07 3.27873e-07 4.03409e-07 4.17861e-07 3.87891e-07 3.33099e-07 2.69643e-07 2.08293e-07 1.54854e-07 1.11487e-07 7.80937e-08 5.34172e-08 3.57834e-08 2.35309e-08 1.52195e-08 9.69773e-09 6.09606e-09 3.78486e-09 2.32335e-09 1.41133e-09 8.49039e-10 5.06191e-10 2.99262e-10 1.7554e-10 1.02212e-10 5.91043e-11 3.39549e-11 1.93868e-11 1.10047e-11 6.21225e-12 3.48849e-12 1.94919e-12 1.08394e-12 6.00041e-13 3.30729e-13 1.81534e-13 9.92473e-14 5.40531e-14 2.93314e-14 1.58605e-14 8.54731e-15 4.59121e-15 2.45844e-15 1.31244e-15 6.98595e-16 3.70806e-16 1.96283e-16 1.03626e-16 5.45693e-17 2.86649e-17 1.50214e-17 7.85342e-18 4.09663e-18 2.13227e-18 1.10747e-18 5.74015e-19 2.9692e-19 1.53287e-19 7.89849e-20 4.06234e-20 2.08556e-20 1.06882e-20 5.46814e-21 2.79285e-21 1.42412e-21 7.25021e-22 3.68535e-22 1.87045e-22 9.47914e-23 4.7969e-23 2.42401e-23 1.22322e-23 6.16435e-24 3.10235e-24 1.5593e-24 7.82735e-25 3.92426e-25 1.96504e-25 9.82796e-26 4.9096e-26 2.44979e-26 1.22102e-26 6.07904e-27 3.02327e-27 1.50195e-27 7.45384e-28 3.69539e-28 1.83021e-28 9.05554e-29 4.47616e-29 2.21045e-29 1.09056e-29 5.37551e-30 2.64725e-30 1.30252e-30 6.40314e-31 3.14505e-31 1.54346e-31 7.56835e-32 3.7081e-32 1.81531e-32
8.41622e-08 1.5062e-07 1.91505e-07 2.03895e-07 1.93904e-07 1.70194e-07 1.4057e-07 1.10638e-07 8.37112e-08 6.1278e-08 4.36075e-08 3.0282e-08 2.05812e-08 1.37238e-08 8.99638e-09 5.80732e-09 3.69671e-09 2.32335e-09 1.4432e-09 8.86855e-10 5.39557e-10 3.25229e-10 1.94349e-10 1.15201e-10 6.77697e-11 3.95834e-11 2.29652e-11 1.32393e-11 7.58668e-12 4.32276e-12 2.44973e-12 1.38114e-12 7.7486e-13 4.32688e-13 2.40538e-13 1.33147e-13 7.34e-14 4.03044e-14 2.20479e-14 1.20173e-14 6.52724e-15 3.53339e-15 1.90654e-15 1.02552e-15 5.49958e-16 2.9407e-16 1.568e-16 8.33797e-17 4.42209e-17 2.33929e-17 1.23443e-17 6.49833e-18 3.41292e-18 1.78841e-18 9.35089e-19 4.87877e-19 2.54018e-19 1.3199e-19 6.8448e-20 3.54282e-20 1.83032e-20 9.43872e-21 4.8588e-21 2.49686e-21 1.28093e-21 6.56054e-22 3.35472e-22 1.71273e-22 8.73082e-23 4.44395e-23 2.25863e-23 1.1463e-23 5.80955e-24 2.94028e-24 1.48611e-24 7.50139e-25 3.78157e-25 1.90394e-25 9.57407e-26 4.80854e-26 2.4122e-26 1.20866e-26 6.04926e-27 3.0242e-27 1.51022e-27 7.53359e-28 3.75407e-28 1.86874e-28 9.29294e-29 4.61658e-29 2.29118e-29 1.13599e-29 5.62701e-30 2.78467e-30 1.3768e-30 6.80098e-31 3.3565e-31 1.65509e-31 8.15422e-32 4.01397e-32 1.97426e-32
3.69338e-08 6.90543e-08 9.06276e-08 9.90945e-08 9.6475e-08 8.64936e-08 7.28462e-08 5.83865e-08 4.49375e-08 3.34307e-08 2.41588e-08 1.70245e-08 1.17348e-08 7.93162e-09 5.26778e-09 3.44365e-09 2.21908e-09 1.41133e-09 8.86855e-10 5.51133e-10 3.38997e-10 2.06532e-10 1.24713e-10 7.46825e-11 4.43745e-11 2.61733e-11 1.53313e-11 8.92191e-12 5.16001e-12 2.96684e-12 1.69636e-12 9.64803e-13 5.45965e-13 3.07465e-13 1.72356e-13 9.61926e-14 5.34592e-14 2.95899e-14 1.63146e-14 8.96156e-15 4.9049e-15 2.6753e-15 1.45434e-15 7.88064e-16 4.25703e-16 2.29271e-16 1.2312e-16 6.59312e-17 3.52104e-17 1.87546e-17 9.96407e-18 5.28068e-18 2.79189e-18 1.47263e-18 7.75008e-19 4.06968e-19 2.13248e-19 1.11507e-19 5.81889e-20 3.03054e-20 1.5753e-20 8.17317e-21 4.23276e-21 2.18818e-21 1.12923e-21 5.81766e-22 2.9922e-22 1.53649e-22 7.87737e-23 4.03236e-23 2.06101e-23 1.05186e-23 5.36053e-24 2.72797e-24 1.38634e-24 7.03576e-25 3.56593e-25 1.80497e-25 9.12452e-26 4.60688e-26 2.32312e-26 1.17007e-26 5.88628e-27 2.95778e-27 1.48456e-27 7.44294e-28 3.72748e-28 1.86475e-28 9.3189e-29 4.65221e-29 2.32013e-29 1.15592e-29 5.75332e-30 2.8608e-30 1.42116e-30 7.05332e-31 3.49739e-31 1.73261e-31 8.57574e-32 4.24094e-32 2.09545e-32
1.6208e-08 3.16011e-08 4.27658e-08 4.79841e-08 4.77914e-08 4.3739e-08 3.75433e-08 3.06277e-08 2.39677e-08 1.8113e-08 1.32867e-08 9.4978e-09 6.6371e-09 4.54561e-09 3.05762e-09 2.02357e-09 1.31962e-09 8.49039e-10 5.39557e-10 3.38997e-10 2.10752e-10 1.29744e-10 7.91459e-11 4.78692e-11 2.8721e-11 1.71028e-11 1.01122e-11 5.93891e-12 3.46584e-12 2.01044e-12 1.15954e-12 6.65145e-13 3.79569e-13 2.15532e-13 1.21808e-13 6.8529e-14 3.83871e-14 2.14135e-14 1.18975e-14 6.58495e-15 3.63115e-15 1.99521e-15 1.09256e-15 5.96297e-16 3.24409e-16 1.75947e-16 9.51424e-17 5.12994e-17 2.75827e-17 1.47906e-17 7.91028e-18 4.21981e-18 2.24554e-18 1.19208e-18 6.31362e-19 3.33631e-19 1.75912e-19 9.2554e-20 4.85945e-20 2.54622e-20 1.33151e-20 6.94949e-21 3.6203e-21 1.88252e-21 9.77134e-22 5.06302e-22 2.61893e-22 1.35242e-22 6.97257e-23 3.58906e-23 1.84456e-23 9.46544e-24 4.85e-24 2.48147e-24 1.26781e-24 6.46836e-25 3.29562e-25 1.67686e-25 8.52092e-26 4.32429e-26 2.19176e-26 1.10952e-26 5.60979e-27 2.83296e-27 1.42898e-27 7.19965e-28 3.62332e-28 1.82147e-28 9.14668e-29 4.58818e-29 2.29912e-29 1.15089e-29 5.75529e-30 2.87519e-30 1.43496e-30 7.15474e-31 3.56399e-31 1.77367e-31 8.81886e-32 4.38086e-32 2.1743e-32
7.11274e-09 1.44371e-08 2.01271e-08 2.31562e-08 2.35792e-08 2.20169e-08 1.92504e-08 1.59771e-08 1.27068e-08 9.75111e-09 7.2579e-09 5.26099e-09 3.72587e-09 2.5848e-09 1.76038e-09 1.17911e-09 7.77917e-10 5.06191e-10 3.25229e-10 2.06532e-10 1.29744e-10 8.06891e-11 4.9713e-11 3.03609e-11 1.83902e-11 1.10534e-11 6.59537e-12 3.90831e-12 2.30095e-12 1.34629e-12 7.83104e-13 4.52972e-13 2.60621e-13 1.49189e-13 8.49877e-14 4.81897e-14 2.7203e-14 1.52906e-14 8.55951e-15 4.77266e-15 2.65108e-15 1.46723e-15 8.09179e-16 4.44749e-16 2.43646e-16 1.33054e-16 7.24377e-17 3.932e-17 2.12821e-17 1.14871e-17 6.18346e-18 3.31985e-18 1.77788e-18 9.49762e-19 5.06159e-19 2.69121e-19 1.42766e-19 7.55694e-20 3.99148e-20 2.10385e-20 1.10666e-20 5.80961e-21 3.04398e-21 1.5919e-21 8.30982e-22 4.32998e-22 2.25225e-22 1.16951e-22 6.06263e-23 3.13767e-23 1.62128e-23 8.36427e-24 4.30856e-24 2.21607e-24 1.13814e-24 5.83695e-25 2.98925e-25 1.52876e-25 7.80781e-26 3.98237e-26 2.02857e-26 1.03201e-26 5.24367e-27 2.66105e-27 1.3488e-27 6.82855e-28 3.45307e-28 1.74416e-28 8.79999e-29 4.43506e-29 2.23279e-29 1.12288e-29 5.64116e-30 2.83111e-30 1.4194e-30 7.10926e-31 3.55729e-31 1.77827e-31 8.88105e-32 4.43127e-32 2.20899e-32
3.12136e-09 6.58542e-09 9.44933e-09 1.11395e-08 1.15899e-08 1.10353e-08 9.82386e-09 8.29138e-09 6.69916e-09 5.21826e-09 3.93966e-09 2.89481e-09 2.07704e-09 1.45914e-09 1.00586e-09 6.81669e-10 4.54866e-10 2.99262e-10 1.94349e-10 1.24713e-10 7.91459e-11 4.9713e-11 3.09271e-11 1.9068e-11 1.16576e-11 7.07085e-12 4.25685e-12 2.54472e-12 1.51108e-12 8.9163e-13 5.22958e-13 3.04972e-13 1.76881e-13 1.02056e-13 5.85916e-14 3.3478e-14 1.90415e-14 1.0783e-14 6.08066e-15 3.41512e-15 1.91061e-15 1.0649e-15 5.91396e-16 3.27291e-16 1.80521e-16 9.92457e-17 5.43913e-17 2.97185e-17 1.61899e-17 8.79476e-18 4.76433e-18 2.57403e-18 1.38706e-18 7.45553e-19 3.99755e-19 2.13832e-19 1.14115e-19 6.07614e-20 3.22819e-20 1.71143e-20 9.05422e-21 4.78034e-21 2.51886e-21 1.32468e-21 6.95333e-22 3.64313e-22 1.90535e-22 9.94737e-23 5.18437e-23 2.69744e-23 1.40118e-23 7.26671e-24 3.76268e-24 1.9453e-24 1.00421e-24 5.17626e-25 2.66429e-25 1.3694e-25 7.02872e-26 3.60272e-26 1.84419e-26 9.42779e-27 4.81345e-27 2.45446e-27 1.25002e-27 6.35847e-28 3.2305e-28 1.63937e-28 8.30971e-29 4.2073e-29 2.12784e-29 1.07498e-29 5.42496e-30 2.73485e-30 1.37728e-30 6.92893e-31 3.48238e-31 1.74846e-31 8.77032e-32 4.395e-32 2.20037e-32
1.36978e-09 2.99958e-09 4.42616e-09 5.34296e-09 5.67682e-09 5.50904e-09 4.99111e-09 4.28206e-09 3.51346e-09 2.777e-09 2.12589e-09 1.58296e-09 1.15035e-09 8.18104e-10 5.70678e-10 3.912e-10 2.63954e-10 1.7554e-10 1.15201e-10 7.46825e-11 4.78692e-11 3.03609e-11 1.9068e-11 1.18659e-11 7.32068e-12 4.48001e-12 2.72073e-12 1.64042e-12 9.82323e-13 5.84436e-13 3.45576e-13 2.03143e-13 1.1875e-13 6.90476e-14 3.99437e-14 2.29948e-14 1.31759e-14 7.5159e-15 4.26886e-15 2.4146e-15 1.36034e-15 7.63454e-16 4.26887e-16 2.37844e-16 1.32061e-16 7.30826e-17 4.03138e-17 2.21687e-17 1.21539e-17 6.64391e-18 3.6216e-18 1.96872e-18 1.06735e-18 5.77173e-19 3.11323e-19 1.67515e-19 8.9921e-20 4.81574e-20 2.57327e-20 1.372e-20 7.29947e-21 3.87546e-21 2.05339e-21 1.08582e-21 5.73061e-22 3.01873e-22 1.58725e-22 8.33068e-23 4.36466e-23 2.28282e-23 1.19196e-23 6.21346e-24 3.23374e-24 1.68031e-24 8.71773e-25 4.51605e-25 2.33599e-25 1.20656e-25 6.22315e-26 3.20527e-26 1.64863e-26 8.46835e-27 4.34412e-27 2.22558e-27 1.13876e-27 5.81946e-28 2.9703e-28 1.51425e-28 7.71045e-29 3.92157e-29 1.99226e-29 1.01098e-29 5.12466e-30 2.59488e-30 1.31252e-30 6.63194e-31 3.34756e-31 1.68802e-31 8.50339e-32 4.27939e-32 2.15155e-32
6.01115e-10 1.36445e-09 2.06885e-09 2.55567e-09 2.77146e-09 2.73996e-09 2.52527e-09 2.20144e-09 1.83369e-09 1.47014e-09 1.14083e-09 8.6057e-10 6.33224e-10 4.55771e-10 3.21631e-10 2.22962e-10 1.52081e-10 1.02212e-10 6.77697e-11 4.43745e-11 2.8721e-11 1.83902e-11 1.16576e-11 7.32068e-12 4.55685e-12 2.81305e-12 1.72304e-12 1.04762e-12 6.32526e-13 3.79378e-13 2.26116e-13 1.33963e-13 7.89143e-14 4.62336e-14 2.69461e-14 1.56266e-14 9.01901e-15 5.18155e-15 2.96379e-15 1.68809e-15 9.57579e-16 5.41064e-16 3.04565e-16 1.70815e-16 9.5464e-17 5.3171e-17 2.95175e-17 1.63343e-17 9.01117e-18 4.95636e-18 2.71822e-18 1.48657e-18 8.10776e-19 4.41026e-19 2.39281e-19 1.29499e-19 6.99138e-20 3.76557e-20 2.02347e-20 1.08489e-20 5.80392e-21 3.09835e-21 1.65057e-21 8.77518e-22 4.65603e-22 2.46567e-22 1.30326e-22 6.87585e-23 3.62107e-23 1.90362e-23 9.99017e-24 5.23399e-24 2.73763e-24 1.4296e-24 7.45357e-25 3.88008e-25 2.01678e-25 1.04671e-25 5.42456e-26 2.80724e-26 1.45072e-26 7.48672e-27 3.85845e-27 1.98591e-27 1.0208e-27 5.24042e-28 2.68688e-28 1.37593e-28 7.03751e-29 3.59522e-29 1.83453e-29 9.35032e-30 4.76034e-30 2.42085e-30 1.22977e-30 6.24045e-31 3.16336e-31 1.60188e-31 8.10344e-32 4.09517e-32 2.06749e-32
2.63794e-10 6.1989e-10 9.65085e-10 1.2193e-09 1.3489e-09 1.35797e-09 1.2727e-09 1.12697e-09 9.52626e-10 7.7448e-10 6.09029e-10 4.65289e-10 3.46569e-10 2.52393e-10 1.80141e-10 1.26255e-10 8.70381e-11 5.91043e-11 3.95834e-11 2.61733e-11 1.71028e-11 1.10534e-11 7.07085e-12 4.48001e-12 2.81305e-12 1.75145e-12 1.08181e-12 6.63177e-13 4.03651e-13 2.44029e-13 1.46583e-13 8.75112e-14 5.19408e-14 3.06573e-14 1.79989e-14 1.05134e-14 6.11108e-15 3.53555e-15 2.0363e-15 1.16774e-15 6.66876e-16 3.79315e-16 2.1492e-16 1.2132e-16 6.82376e-17 3.82475e-17 2.13659e-17 1.18966e-17 6.60323e-18 3.65394e-18 2.01595e-18 1.10904e-18 6.08424e-19 3.32879e-19 1.81644e-19 9.88654e-20 5.36767e-20 2.90719e-20 1.57086e-20 8.46838e-21 4.55503e-21 2.44474e-21 1.30933e-21 6.99784e-22 3.73248e-22 1.98687e-22 1.05561e-22 5.59775e-23 2.96294e-23 1.56548e-23 8.25667e-24 4.34722e-24 2.28499e-24 1.19905e-24 6.28185e-25 3.28585e-25 1.71606e-25 8.94861e-26 4.6594e-26 2.42253e-26 1.25772e-26 6.52059e-27 3.37591e-27 1.74544e-27 9.01242e-28 4.6474e-28 2.39344e-28 1.23108e-28 6.32433e-29 3.245e-29 1.66301e-29 8.51265e-30 4.35245e-30 2.22285e-30 1.13397e-30 5.77852e-31 2.94145e-31 1.49571e-31 7.5976e-32 3.85532e-32 1.95436e-32
1.15763e-10 2.81298e-10 4.49358e-10 5.80313e-10 6.54629e-10 6.70816e-10 6.3907e-10 5.74615e-10 4.92766e-10 4.06121e-10 3.23542e-10 2.50275e-10 1.88656e-10 1.38981e-10 1.00302e-10 7.10578e-11 4.94992e-11 3.39549e-11 2.29652e-11 1.53313e-11 1.01122e-11 6.59537e-12 4.25685e-12 2.72073e-12 1.72304e-12 1.08181e-12 6.73706e-13 4.1634e-13 2.55423e-13 1.55622e-13 9.41956e-14 5.66598e-14 3.38791e-14 2.01427e-14 1.19109e-14 7.00661e-15 4.10117e-15 2.38907e-15 1.38533e-15 7.99764e-16 4.59751e-16 2.63212e-16 1.50098e-16 8.52683e-17 4.82619e-17 2.72193e-17 1.52988e-17 8.57025e-18 4.78553e-18 2.66386e-18 1.47835e-18 8.18027e-19 4.51357e-19 2.48354e-19 1.36286e-19 7.45929e-20 4.07228e-20 2.2177e-20 1.20481e-20 6.53005e-21 3.53117e-21 1.90525e-21 1.02575e-21 5.51069e-22 2.95442e-22 1.58073e-22 8.44085e-23 4.49858e-23 2.39301e-23 1.27061e-23 6.73435e-24 3.56297e-24 1.88182e-24 9.92223e-25 5.22301e-25 2.74491e-25 1.44027e-25 7.54546e-26 3.94696e-26 2.06153e-26 1.07518e-26 5.59945e-27 2.91203e-27 1.51233e-27 7.8434e-28 4.0624e-28 2.10132e-28 1.08553e-28 5.60068e-29 2.88603e-29 1.48535e-29 7.6355e-30 3.92042e-30 2.01059e-30 1.02996e-30 5.2702e-31 2.69374e-31 1.37534e-31 7.01461e-32 3.57387e-32 1.81896e-32
5.08017e-11 1.27511e-10 2.08861e-10 2.75567e-10 3.16833e-10 3.30345e-10 3.19794e-10 2.91877e-10 2.53856e-10 2.12035e-10 1.71086e-10 1.33966e-10 1.02172e-10 7.61223e-11 5.55387e-11 3.97624e-11 2.7983e-11 1.93868e-11 1.32393e-11 8.92191e-12 5.93891e-12 3.90831e-12 2.54472e-12 1.64042e-12 1.04762e-12 6.63177e-13 4.1634e-13 2.59333e-13 1.6034e-13 9.84389e-14 6.0032e-14 3.63773e-14 2.19099e-14 1.31199e-14 7.81288e-15 4.62794e-15 2.72744e-15 1.59958e-15 9.33723e-16 5.42593e-16 3.13941e-16 1.80887e-16 1.03805e-16 5.9339e-17 3.37935e-17 1.91757e-17 1.08429e-17 6.11039e-18 3.43212e-18 1.92165e-18 1.07261e-18 5.96912e-19 3.31219e-19 1.8327e-19 1.01129e-19 5.56548e-20 3.05492e-20 1.67263e-20 9.13545e-21 4.97759e-21 2.70579e-21 1.4675e-21 7.94143e-22 4.28822e-22 2.31067e-22 1.24251e-22 6.66784e-23 3.5712e-23 1.909e-23 1.01855e-23 5.42443e-24 2.88366e-24 1.53027e-24 8.10667e-25 4.28728e-25 2.26361e-25 1.19321e-25 6.27972e-26 3.29979e-26 1.73129e-26 9.06989e-27 4.74455e-27 2.47835e-27 1.29275e-27 6.73384e-28 3.50283e-28 1.81967e-28 9.44051e-29 4.89144e-29 2.5312e-29 1.3082e-29 6.75289e-30 3.48162e-30 1.7929e-30 9.22204e-31 4.73804e-31 2.43153e-31 1.24646e-31 6.3827e-32 3.26485e-32 1.66825e-32
2.22938e-11 5.77414e-11 9.69183e-11 1.30575e-10 1.52951e-10 1.62202e-10 1.59504e-10 1.4773e-10 1.30274e-10 1.10248e-10 9.00741e-11 7.13792e-11 5.50674e-11 4.14836e-11 3.05913e-11 2.21291e-11 1.57304e-11 1.10047e-11 7.58668e-12 5.16001e-12 3.46584e-12 2.30095e-12 1.51108e-12 9.82323e-13 6.32526e-13 4.03651e-13 2.55423e-13 1.6034e-13 9.98938e-14 6.17897e-14 3.79604e-14 2.31699e-14 1.4055e-14 8.47555e-15 5.0822e-15 3.03101e-15 1.79834e-15 1.06169e-15 6.23802e-16 3.6484e-16 2.12441e-16 1.23176e-16 7.11264e-17 4.09087e-17 2.3439e-17 1.338e-17 7.61067e-18 4.31406e-18 2.43721e-18 1.37243e-18 7.70407e-19 4.31145e-19 2.40568e-19 1.33845e-19 7.42588e-20 4.10878e-20 2.2674e-20 1.24802e-20 6.85217e-21 3.75293e-21 2.05059e-21 1.11784e-21 6.07985e-22 3.2995e-22 1.78675e-22 9.65532e-23 5.20685e-23 2.80226e-23 1.50518e-23 8.06929e-24 4.31782e-24 2.30618e-24 1.22954e-24 6.54373e-25 3.47663e-25 1.84399e-25 9.76422e-26 5.16194e-26 2.72456e-26 1.43583e-26 7.55521e-27 3.96951e-27 2.08252e-27 1.09097e-27 5.70718e-28 2.98143e-28 1.55537e-28 8.10328e-29 4.21613e-29 2.19081e-29 1.13695e-29 5.89299e-30 3.05067e-30 1.57735e-30 8.146e-31 4.20196e-31 2.16501e-31 1.11423e-31 5.72803e-32 2.94144e-32 1.50884e-32
9.78344e-12 2.61223e-11 4.49034e-11 6.17465e-11 7.36579e-11 7.94216e-11 7.93104e-11 7.45196e-11 6.66105e-11 5.70999e-11 4.72267e-11 3.78662e-11 2.95439e-11 2.2499e-11 1.67663e-11 1.2252e-11 8.79542e-12 6.21225e-12 4.32276e-12 2.96684e-12 2.01044e-12 1.34629e-12 8.9163e-13 5.84436e-13 3.79378e-13 2.44029e-13 1.55622e-13 9.84389e-14 6.17897e-14 3.85026e-14 2.38258e-14 1.46465e-14 8.94709e-15 5.43271e-15 3.27983e-15 1.96922e-15 1.17611e-15 6.98872e-16 4.13273e-16 2.43245e-16 1.42527e-16 8.31509e-17 4.83082e-17 2.79526e-17 1.61114e-17 9.25138e-18 5.29296e-18 3.01759e-18 1.71451e-18 9.70918e-19 5.48065e-19 3.08411e-19 1.73027e-19 9.67886e-20 5.39878e-20 3.00304e-20 1.66593e-20 9.21741e-21 5.08688e-21 2.80034e-21 1.53786e-21 8.42547e-22 4.60541e-22 2.51168e-22 1.3668e-22 7.42183e-23 4.02167e-23 2.17476e-23 1.17367e-23 6.32166e-24 3.39847e-24 1.82356e-24 9.76699e-25 5.2218e-25 2.78687e-25 1.48479e-25 7.89729e-26 4.19347e-26 2.22313e-26 1.1767e-26 6.21854e-27 3.28131e-27 1.72884e-27 9.09538e-28 4.77815e-28 2.50658e-28 1.3131e-28 6.86943e-29 3.58887e-29 1.8725e-29 9.7571e-30 5.07768e-30 2.63915e-30 1.37002e-30 7.10336e-31 3.67859e-31 1.90278e-31 9.83088e-32 5.07345e-32 2.61534e-32 1.34671e-32
4.29337e-12 1.18072e-11 2.07738e-11 2.91429e-11 3.53907e-11 3.87863e-11 3.93201e-11 3.74695e-11 3.39409e-11 2.94641e-11 2.46642e-11 2.00047e-11 1.57816e-11 1.21472e-11 9.14577e-12 6.75026e-12 4.8929e-12 3.48849e-12 2.44973e-12 1.69636e-12 1.15954e-12 7.83104e-13 5.22958e-13 3.45576e-13 2.26116e-13 1.46583e-13 9.41956e-14 6.0032e-14 3.79604e-14 2.38258e-14 1.4849e-14 9.19225e-15 5.65408e-15 3.45655e-15 2.10078e-15 1.26965e-15 7.63227e-16 4.56442e-16 2.71624e-16 1.60873e-16 9.48433e-17 5.56691e-17 3.25368e-17 1.89387e-17 1.098e-17 6.34152e-18 3.64899e-18 2.09215e-18 1.19538e-18 6.80695e-19 3.86352e-19 2.18593e-19 1.23297e-19 6.93382e-20 3.88804e-20 2.17401e-20 1.21227e-20 6.74177e-21 3.73954e-21 2.069e-21 1.1419e-21 6.2871e-22 3.45342e-22 1.89257e-22 1.03486e-22 5.64627e-23 3.07406e-23 1.67016e-23 9.05556e-24 4.90011e-24 2.64636e-24 1.42647e-24 7.67475e-25 4.12165e-25 2.20953e-25 1.1824e-25 6.3166e-26 3.36876e-26 1.79366e-26 9.53464e-27 5.06034e-27 2.6815e-27 1.41877e-27 7.49537e-28 3.95398e-28 2.0828e-28 1.09558e-28 5.75486e-29 3.01877e-29 1.58139e-29 8.27322e-30 4.32259e-30 2.25558e-30 1.17551e-30 6.11864e-31 3.18094e-31 1.65172e-31 8.56656e-32 4.43784e-32 2.29637e-32 1.18693e-32
1.8841e-12 5.33226e-12 9.59726e-12 1.37298e-11 1.69673e-11 1.88944e-11 1.94397e-11 1.87828e-11 1.72375e-11 1.51503e-11 1.28329e-11 1.05269e-11 8.39536e-12 6.52997e-12 4.96649e-12 3.70171e-12 2.70879e-12 1.94919e-12 1.38114e-12 9.64803e-13 6.65145e-13 4.52972e-13 3.04972e-13 2.03143e-13 1.33963e-13 8.75112e-14 5.66598e-14 3.63773e-14 2.31699e-14 1.46465e-14 9.19225e-15 5.72979e-15 3.54832e-15 2.18374e-15 1.33596e-15 8.12665e-16 4.9165e-16 2.95886e-16 1.77176e-16 1.0558e-16 6.26234e-17 3.69778e-17 2.17403e-17 1.27284e-17 7.42221e-18 4.31119e-18 2.49473e-18 1.43835e-18 8.26361e-19 4.73137e-19 2.69998e-19 1.5358e-19 8.70858e-20 4.92312e-20 2.77491e-20 1.55959e-20 8.74089e-21 4.88562e-21 2.72353e-21 1.51434e-21 8.39887e-22 4.64679e-22 2.56475e-22 1.41229e-22 7.75909e-23 4.25335e-23 2.32652e-23 1.26987e-23 6.91687e-24 3.75991e-24 2.03977e-24 1.10444e-24 5.96863e-25 3.21958e-25 1.73353e-25 9.31722e-26 4.99898e-26 2.67751e-26 1.43169e-26 7.64279e-27 4.07335e-27 2.16751e-27 1.15158e-27 6.10894e-28 3.23582e-28 1.71144e-28 9.03884e-29 4.767e-29 2.51057e-29 1.32039e-29 6.93502e-30 3.63762e-30 1.90555e-30 9.96935e-31 5.20914e-31 2.71849e-31 1.41696e-31 7.3768e-32 3.83588e-32 1.99231e-32 1.0336e-32
8.26822e-13 2.40619e-12 4.428e-12 6.4572e-12 8.11777e-12 9.18243e-12 9.58549e-12 9.38824e-12 8.72694e-12 7.76414e-12 6.65328e-12 5.51874e-12 4.44853e-12 3.4959e-12 2.68545e-12 2.02094e-12 1.49273e-12 1.08394e-12 7.7486e-13 5.45965e-13 3.79569e-13 2.60621e-13 1.76881e-13 1.1875e-13 7.89143e-14 5.19408e-14 3.38791e-14 2.19099e-14 1.4055e-14 8.94709e-15 5.65408e-15 3.54832e-15 2.21209e-15 1.37036e-15 8.43799e-16 5.16567e-16 3.14486e-16 1.90442e-16 1.14736e-16 6.87862e-17 4.10435e-17 2.43784e-17 1.44163e-17 8.48906e-18 4.97833e-18 2.90794e-18 1.69208e-18 9.80947e-19 5.66641e-19 3.2618e-19 1.87128e-19 1.07003e-19 6.09919e-20 3.46581e-20 1.9635e-20 1.10914e-20 6.24754e-21 3.50936e-21 1.96597e-21 1.09846e-21 6.12182e-22 3.40324e-22 1.88733e-22 1.04417e-22 5.76347e-23 3.17406e-23 1.74416e-23 9.5635e-24 5.23275e-24 2.85723e-24 1.55698e-24 8.46761e-25 4.59619e-25 2.49007e-25 1.34654e-25 7.26838e-26 3.91635e-26 2.10653e-26 1.13112e-26 6.06348e-27 3.24504e-27 1.73387e-27 9.24963e-28 4.92671e-28 2.62015e-28 1.39138e-28 7.37774e-29 3.90637e-29 2.06542e-29 1.09052e-29 5.74997e-30 3.02768e-30 1.59213e-30 8.36146e-31 4.38558e-31 2.29734e-31 1.20194e-31 6.28072e-32 3.27804e-32 1.70886e-32 8.89797e-33
