0.435267 0.122905 0.0347042 0.00979932 0.002767 0.000781309 0.000220616 6.22945e-05 1.75899e-05 4.9668e-06 1.40246e-06 3.96008e-07 1.11819e-07 3.15741e-08 8.91547e-09 2.51743e-09 7.10839e-10 2.00717e-10 5.66758e-11 1.60034e-11 4.51882e-12 1.27596e-12 3.6029e-13 1.01734e-13 2.87262e-14 8.11133e-15 2.29037e-15 6.46724e-16 1.82613e-16 5.1564e-17 1.45599e-17 4.11124e-18 1.16088e-18 3.27793e-19 9.25579e-20 2.61353e-20 7.37973e-21 2.08379e-21 5.88393e-22 1.66143e-22 4.69131e-23 1.32467e-23 3.74043e-24 1.05617e-24 2.98228e-25 8.42097e-26 2.3778e-26 6.71412e-27 1.89584e-27 5.35323e-28 1.51157e-28 4.26818e-29 1.20519e-29 3.40306e-30 9.60911e-31 2.71329e-31 7.66144e-32 2.16333e-32 6.10854e-33 1.72485e-33 4.87039e-34 1.37524e-34 3.88321e-35 1.09649e-35 3.09612e-36 8.74242e-37 2.46857e-37 6.97041e-38 1.96821e-38 5.55758e-39 1.56927e-39 4.43111e-40 1.2512e-40 3.53297e-41 9.97592e-42 2.81687e-42 7.95389e-43 2.24591e-43 6.34172e-44 1.79069e-44 5.05631e-45 1.42773e-45 4.03144e-46 1.13835e-46 3.21431e-47 9.07614e-48 2.5628e-48 7.23649e-49 2.04334e-49 5.76972e-50 1.62918e-50 4.60026e-51 1.29896e-51 3.66783e-52 1.03567e-52 2.92439e-53 8.25752e-54 2.33165e-54 6.5838e-55 1.85904e-55 5.24932e-56
0.122905 0.0694084 0.0293979 0.011068 0.00390654 0.00132369 0.000436061 0.000140719 4.47012e-05 1.40246e-05 4.35608e-06 1.34183e-06 4.10463e-07 1.24817e-07 3.77615e-08 1.13734e-08 3.41219e-09 1.02017e-09 3.04064e-10 9.03764e-11 2.67952e-11 7.92637e-12 2.33988e-12 6.8943e-13 2.02783e-13 5.95496e-14 1.74616e-14 5.11318e-15 1.49535e-15 4.36798e-16 1.27449e-16 3.71481e-17 1.08172e-17 3.14697e-18 9.14735e-19 2.6567e-19 7.71003e-20 2.23589e-20 6.47956e-21 1.87653e-21 5.43115e-22 1.57098e-22 4.54154e-23 1.3122e-23 3.78943e-24 1.09379e-24 3.15563e-25 9.10005e-26 2.62308e-26 7.55787e-27 2.17677e-27 6.267e-28 1.80362e-28 5.18892e-29 1.49231e-29 4.2904e-30 1.2331e-30 3.54295e-31 1.01766e-31 2.92224e-32 8.38895e-33 2.40759e-33 6.90789e-34 1.98152e-34 5.68257e-35 1.62925e-35 4.67018e-36 1.33838e-36 3.83473e-37 1.09849e-37 3.14609e-38 9.00862e-39 2.57906e-39 7.38218e-40 2.11265e-40 6.04496e-41 1.72935e-41 4.94654e-42 1.41464e-42 4.04505e-43 1.15646e-43 3.30578e-44 9.44827e-45 2.70002e-45 7.71472e-46 2.20401e-46 6.29575e-47 1.79814e-47 5.13505e-48 1.46626e-48 4.18623e-49 1.19504e-49 3.41108e-50 9.73532e-51 2.77817e-51 7.92721e-52 2.2617e-52 6.45212e-53 1.84045e-53 5.24932e-54 1.49706e-54
0.0347042 0.0293979 0.016602 0.00781309 0.00330923 0.00130818 0.000492517 0.000178805 6.31106e-05 2.17804e-05 7.38008e-06 2.46278e-06 8.11307e-07 2.6433e-07 8.53006e-08 2.72975e-08 8.6714e-09 2.73658e-09 8.58576e-10 2.67952e-10 8.32269e-11 2.57387e-11 7.92844e-12 2.4334e-12 7.44371e-13 2.27e-13 6.90279e-14 2.0935e-14 6.33358e-15 1.91173e-15 5.75796e-16 1.73075e-16 5.1925e-17 1.55505e-17 4.64923e-18 1.3878e-18 4.1364e-19 1.23112e-19 3.65923e-20 1.08623e-20 3.22051e-21 9.53724e-22 2.82124e-22 8.33676e-23 2.46102e-23 7.25796e-24 2.13851e-24 6.2954e-25 1.85168e-25 5.44193e-26 1.59808e-26 4.68942e-27 1.37506e-27 4.02924e-28 1.17986e-28 3.45268e-29 1.00974e-29 2.95121e-30 8.6206e-31 2.51668e-31 7.34315e-32 2.14144e-32 6.24178e-33 1.81842e-33 5.29508e-34 1.54116e-34 4.48359e-35 1.30381e-35 3.7898e-36 1.10113e-36 3.19806e-37 9.28463e-38 2.6945e-38 7.81681e-39 2.26686e-39 6.57155e-40 1.90442e-40 5.51711e-41 1.59779e-41 4.62586e-42 1.33884e-42 3.87379e-43 1.12051e-43 3.24018e-44 9.36703e-45 2.70717e-45 7.82192e-46 2.25942e-46 6.52486e-47 1.8838e-47 5.43744e-48 1.5691e-48 4.52692e-49 1.30574e-49 3.76543e-50 1.08561e-50 3.12928e-51 9.01823e-52 2.59841e-52 7.48528e-53 2.15587e-53
0.00979932 0.011068 0.00781309 0.00441231 0.00218031 0.000985034 0.000417211 0.000168295 6.53413e-05 2.46003e-05 9.03018e-06 3.24523e-06 1.14543e-06 3.9807e-07 1.36488e-07 4.62475e-08 1.55073e-08 5.15145e-09 1.69703e-09 5.54846e-10 1.80171e-10 5.81419e-11 1.86561e-11 5.95496e-12 1.89167e-12 5.98242e-13 1.88415e-13 5.91134e-14 1.848e-14 5.75796e-15 1.78844e-15 5.53867e-16 1.71055e-16 5.26913e-17 1.61911e-17 4.96368e-18 1.51838e-18 4.63502e-19 1.4121e-19 4.29401e-20 1.30342e-20 3.94973e-21 1.19494e-21 3.6095e-22 1.08869e-22 3.27905e-23 9.86279e-24 2.96268e-24 8.88849e-25 2.66347e-25 7.97201e-26 2.38344e-26 7.11832e-27 2.12375e-27 6.32992e-28 1.88485e-28 5.60731e-29 1.66665e-29 4.94948e-30 1.46863e-30 4.35427e-31 1.28997e-31 3.81869e-32 1.12962e-32 3.33918e-33 9.86389e-34 2.91184e-34 8.59021e-35 2.5326e-35 7.46214e-36 2.19736e-36 6.46679e-37 1.90209e-37 5.59159e-38 1.64289e-38 4.82452e-39 1.41606e-39 4.15426e-40 1.21814e-40 3.57025e-41 1.04592e-41 3.06272e-42 8.9645e-43 2.62277e-43 7.67032e-44 2.24228e-44 6.55233e-45 1.91396e-45 5.58862e-46 1.63123e-46 4.75959e-47 1.38826e-47 4.0478e-48 1.17983e-48 3.43778e-49 1.00137e-49 2.91589e-50 8.48816e-51 2.47014e-51 7.18622e-52 2.09002e-52
0.002767 0.00390654 0.00330923 0.00218031 0.00123129 0.000625817 0.000294516 0.000130683 5.53506e-05 2.25755e-05 8.92438e-06 3.43629e-06 1.29373e-06 4.77707e-07 1.73428e-07 6.20291e-08 2.18937e-08 7.63664e-09 2.63552e-09 9.00853e-10 3.05245e-10 1.02608e-10 3.4241e-11 1.135e-11 3.73901e-12 1.2247e-12 3.99015e-13 1.2936e-13 4.17452e-14 1.34133e-14 4.29247e-15 1.36844e-15 4.34703e-16 1.37624e-16 4.34322e-17 1.36654e-17 4.28739e-18 1.34149e-18 4.18666e-19 1.30342e-19 4.04848e-20 1.25468e-20 3.88021e-21 1.19756e-21 3.68893e-22 1.13422e-22 3.48115e-23 1.06662e-23 3.26276e-24 9.96501e-25 3.03889e-25 9.25382e-26 2.81397e-26 8.54539e-27 2.59167e-27 7.85023e-28 2.37497e-28 7.17674e-29 2.16623e-29 6.53141e-30 1.9672e-30 5.91897e-31 1.77915e-31 5.34268e-32 1.60288e-32 4.80453e-33 1.43886e-33 4.30542e-34 1.28722e-34 3.84539e-35 1.14785e-35 3.42376e-36 1.02046e-36 3.03934e-37 9.04598e-38 2.69051e-38 7.99696e-39 2.37538e-39 7.05124e-40 2.09185e-40 6.20201e-41 1.83772e-41 5.44225e-42 1.61077e-42 4.76485e-43 1.40875e-43 4.16286e-44 1.2295e-44 3.62949e-45 1.07091e-45 3.15828e-46 9.30994e-47 2.74311e-47 8.07878e-48 2.37825e-48 6.99814e-49 2.05838e-49 6.05185e-50 1.77859e-50 5.22506e-51 1.5344e-51
0.000781309 0.00132369 0.00130818 0.000985034 0.000625817 0.00035342 0.000182956 8.8561e-05 4.06358e-05 1.78488e-05 7.55984e-06 3.10494e-06 1.24204e-06 4.85599e-07 1.86087e-07 7.00598e-08 2.59646e-08 9.48787e-09 3.42324e-09 1.22098e-09 4.30955e-10 1.50661e-10 5.22101e-11 1.79473e-11 6.12348e-12 2.07488e-12 6.98546e-13 2.33773e-13 7.77972e-14 2.57548e-14 8.48435e-15 2.7821e-15 9.08318e-16 2.95339e-16 9.56578e-17 3.08692e-17 9.92706e-18 3.18186e-18 1.01667e-18 3.23878e-19 1.02884e-19 3.25938e-20 1.0299e-20 3.24626e-21 1.0208e-21 3.20266e-22 1.00262e-22 3.13225e-23 9.76571e-24 3.03889e-24 9.4389e-25 2.92653e-25 9.05811e-26 2.799e-26 8.63525e-27 2.65997e-27 8.18149e-28 2.51283e-28 7.70706e-29 2.36064e-29 7.22114e-30 2.20614e-30 6.73178e-31 2.05169e-31 6.24589e-32 1.8993e-32 5.76926e-33 1.75062e-33 5.30663e-34 1.607e-34 4.86174e-35 1.46947e-35 4.43744e-36 1.33881e-36 4.03577e-37 1.21554e-37 3.65808e-38 1.09999e-38 3.30512e-39 9.92322e-40 2.97711e-40 8.92528e-41 2.67387e-41 8.00495e-42 2.39488e-42 7.16012e-43 2.13932e-43 6.38791e-44 1.90622e-44 5.68491e-45 1.69441e-45 5.04733e-46 1.50265e-46 4.47111e-47 1.32965e-47 3.95209e-48 1.17406e-48 3.48604e-49 1.03456e-49 3.0688e-50 9.09852e-51
0.000220616 0.000436061 0.000492517 0.000417211 0.000294516 0.000182956 0.000103321 5.41811e-05 2.67731e-05 1.25997e-05 5.6924e-06 2.48408e-06 1.05213e-06 4.34203e-07 1.75149e-07 6.92389e-08 2.68823e-08 1.02697e-08 3.86644e-09 1.43652e-09 5.27312e-10 1.91437e-10 6.87978e-11 2.44939e-11 8.64533e-12 3.02703e-12 1.05198e-12 3.63053e-13 1.24482e-13 4.24217e-14 1.43742e-14 4.84436e-15 1.62437e-15 5.42061e-16 1.8007e-16 5.95623e-17 1.96215e-17 6.43891e-18 2.10521e-18 6.85893e-19 2.22724e-19 7.20933e-20 2.32649e-20 7.48586e-21 2.402e-21 7.68676e-22 2.45359e-22 7.81257e-23 2.48176e-23 7.86575e-24 2.48755e-24 7.85036e-25 2.47245e-25 7.77173e-26 2.43831e-26 7.63606e-27 2.38719e-27 7.45016e-28 2.3213e-28 7.22114e-29 2.24291e-29 6.95617e-30 2.15427e-30 6.66228e-31 2.05757e-31 6.34619e-32 1.95486e-32 6.01418e-33 1.84805e-33 5.67203e-34 1.73887e-34 5.32492e-35 1.62888e-35 4.97745e-36 1.51942e-36 4.63357e-37 1.41166e-37 4.29665e-38 1.30656e-38 3.96948e-39 1.20491e-39 3.65429e-40 1.10735e-40 3.35283e-41 1.01435e-41 3.06636e-42 9.26247e-43 2.79579e-43 8.43262e-44 2.54161e-44 7.65512e-45 2.30407e-45 6.93022e-46 2.08311e-46 6.25747e-47 1.87849e-47 5.63576e-48 1.68978e-48 5.06351e-49 1.51642e-49 4.53878e-50
6.22945e-05 0.000140719 0.000178805 0.000168295 0.000130683 8.8561e-05 5.41811e-05 3.05979e-05 1.61997e-05 8.13199e-06 3.90355e-06 1.80365e-06 8.06378e-07 3.50299e-07 1.48369e-07 6.14453e-08 2.49408e-08 9.94227e-09 3.89912e-09 1.50661e-09 5.74311e-10 2.16222e-10 8.048e-11 2.96411e-11 1.08108e-11 3.90735e-12 1.40035e-12 4.97926e-13 1.75747e-13 6.16036e-14 2.14536e-14 7.42567e-15 2.55543e-15 8.74628e-16 2.97812e-16 1.00911e-16 3.40342e-17 1.14283e-17 3.8214e-18 1.27271e-18 4.22261e-19 1.39589e-19 4.59846e-20 1.50983e-20 4.94149e-21 1.61236e-21 5.24558e-22 1.70178e-22 5.50602e-23 1.77682e-23 5.71955e-24 1.83668e-24 5.88431e-25 1.88098e-25 5.99976e-26 1.90975e-26 6.06656e-27 1.92336e-27 6.08639e-28 1.92249e-28 6.06181e-29 1.90807e-29 5.99605e-30 1.88121e-30 5.89289e-31 1.84315e-31 5.75643e-32 1.79525e-32 5.591e-33 1.73887e-33 5.40099e-34 1.67542e-34 5.19077e-35 1.60625e-35 4.96454e-36 1.53266e-36 4.72632e-37 1.45588e-37 4.47984e-38 1.37704e-38 4.22854e-39 1.29718e-39 3.97549e-40 1.21722e-40 3.72344e-41 1.13796e-41 3.47476e-42 1.0601e-42 3.23148e-43 9.84229e-44 2.99529e-44 9.10829e-45 2.76757e-45 8.40289e-46 2.54939e-46 7.72904e-47 2.34156e-47 7.08892e-48 2.14465e-48 6.48397e-49 1.95902e-49
1.75899e-05 4.47012e-05 6.31106e-05 6.53413e-05 5.53506e-05 4.06358e-05 2.67731e-05 1.61997e-05 9.14849e-06 4.87943e-06 2.48002e-06 1.20957e-06 5.69236e-07 2.59646e-07 1.1521e-07 4.98815e-08 2.11273e-08 8.77302e-09 3.57819e-09 1.43578e-09 5.67582e-10 2.2132e-10 8.52183e-11 3.24325e-11 1.22105e-11 4.55113e-12 1.6805e-12 6.15115e-13 2.23313e-13 8.0451e-14 2.87745e-14 1.02217e-14 3.60784e-15 1.2657e-15 4.41484e-16 1.53154e-16 5.28557e-17 1.81517e-17 6.20446e-18 2.1113e-18 7.15394e-19 2.41419e-19 8.11532e-20 2.71782e-20 9.06953e-21 3.01621e-21 9.99795e-22 3.30361e-22 1.0883e-22 3.57472e-23 1.17088e-23 3.8248e-24 1.24615e-24 4.04984e-25 1.31295e-25 4.24659e-26 1.37039e-26 4.41263e-27 1.41784e-27 4.54635e-28 1.4549e-28 4.64694e-29 1.48145e-29 4.71431e-30 1.49756e-30 4.74906e-31 1.50352e-31 4.75235e-32 1.49978e-32 4.72587e-33 1.48693e-33 4.67169e-34 1.4657e-34 4.5922e-35 1.43687e-35 4.49e-36 1.40128e-36 4.36785e-37 1.35983e-37 4.22854e-38 1.3134e-38 4.07488e-39 1.26287e-39 3.90961e-40 1.20908e-40 3.73537e-41 1.15286e-41 3.55463e-42 1.09495e-42 3.3697e-43 1.03607e-43 3.1827e-44 9.76835e-45 2.99553e-45 9.17823e-46 2.80987e-46 8.59532e-47 2.6272e-47 8.02391e-48 2.44877e-48 7.46768e-49
4.9668e-06 1.40246e-05 2.17804e-05 2.46003e-05 2.25755e-05 1.78488e-05 1.25997e-05 8.13199e-06 4.87943e-06 2.75558e-06 1.47836e-06 7.58981e-07 3.75044e-07 1.79215e-07 8.31359e-08 3.75597e-08 1.65713e-08 7.15638e-09 3.03108e-09 1.26129e-09 5.16413e-10 2.08311e-10 8.2883e-11 3.25612e-11 1.2642e-11 4.85478e-12 1.84535e-12 6.94752e-13 2.59231e-13 9.59149e-14 3.52081e-14 1.28279e-14 4.6409e-15 1.66783e-15 5.95599e-16 2.11423e-16 7.46235e-17 2.61966e-17 9.14899e-18 3.17953e-18 1.0998e-18 3.78715e-19 1.29851e-19 4.43399e-20 1.50811e-20 5.11006e-21 1.72522e-21 5.80428e-22 1.94624e-22 6.5049e-23 2.16739e-23 7.19997e-24 2.3849e-24 7.87771e-25 2.59514e-25 8.5269e-26 2.79467e-26 9.13719e-27 2.98039e-27 9.69936e-28 3.14959e-28 1.02055e-28 3.30002e-29 1.06493e-29 3.42987e-30 1.10258e-30 3.53786e-31 1.13316e-31 3.62317e-32 1.1565e-32 3.68544e-33 1.17256e-33 3.72478e-34 1.18142e-34 3.74167e-35 1.18331e-35 3.73694e-36 1.17852e-36 3.71172e-37 1.16747e-37 3.66739e-38 1.15061e-38 3.60553e-39 1.12848e-39 3.52785e-40 1.10162e-40 3.43614e-41 1.07062e-41 3.33226e-42 1.03607e-42 3.21806e-43 9.98543e-44 3.09538e-44 9.58616e-45 2.96597e-45 9.16834e-46 2.83154e-46 8.73715e-47 2.69365e-47 8.29742e-48 2.55378e-48
1.40246e-06 4.35608e-06 7.38008e-06 9.03018e-06 8.92438e-06 7.55984e-06 5.6924e-06 3.90355e-06 2.48002e-06 1.47836e-06 8.34879e-07 4.50053e-07 2.3298e-07 1.1639e-07 5.63395e-08 2.6514e-08 1.21658e-08 5.45595e-09 2.39646e-09 1.03283e-09 4.37454e-10 1.82343e-10 7.48909e-11 3.03409e-11 1.21369e-11 4.7979e-12 1.87583e-12 7.25847e-13 2.78153e-13 1.05624e-13 3.97664e-14 1.48509e-14 5.50383e-15 2.02504e-15 7.3998e-16 2.68645e-16 9.69275e-17 3.47661e-17 1.24002e-17 4.39919e-18 1.55273e-18 5.45376e-19 1.90662e-19 6.63566e-20 2.29953e-20 7.93602e-21 2.72801e-21 9.34193e-22 3.1874e-22 1.08369e-22 3.67199e-23 1.24015e-23 4.17519e-24 1.40137e-24 4.6898e-25 1.56501e-25 5.2082e-26 1.72863e-26 5.72262e-27 1.88976e-27 6.22538e-28 2.04601e-28 6.70907e-29 2.19512e-29 7.16677e-30 2.33499e-30 7.5922e-31 2.46375e-31 7.97988e-32 2.57981e-32 8.32517e-33 2.68184e-33 8.62439e-34 2.76883e-34 8.87479e-35 2.84007e-35 9.0746e-36 2.89514e-36 9.22298e-37 2.93392e-37 9.31995e-38 2.95654e-38 9.36636e-39 2.96339e-39 9.36378e-40 2.95508e-40 9.31442e-41 2.93239e-41 9.22101e-42 2.89626e-42 9.08674e-43 2.84775e-43 8.91512e-44 2.78802e-44 8.70992e-45 2.71827e-45 8.47503e-46 2.63978e-46 8.21444e-47 2.55378e-47 7.93212e-48
3.96008e-07 1.34183e-06 2.46278e-06 3.24523e-06 3.43629e-06 3.10494e-06 2.48408e-06 1.80365e-06 1.20957e-06 7.58981e-07 4.50053e-07 2.5416e-07 1.37552e-07 7.17048e-08 3.61555e-08 1.76958e-08 8.43193e-09 3.92147e-09 1.78397e-09 7.9537e-10 3.48109e-10 1.49782e-10 6.34401e-11 2.64806e-11 1.09043e-11 4.43378e-12 1.78162e-12 7.08027e-13 2.78464e-13 1.08454e-13 4.18525e-14 1.60111e-14 6.07511e-15 2.28721e-15 8.54778e-16 3.17217e-16 1.16941e-16 4.2837e-17 1.55971e-17 5.64629e-18 2.03276e-18 7.27981e-19 2.59394e-19 9.19812e-20 3.24655e-20 1.1408e-20 3.99155e-21 1.39087e-21 4.82736e-22 1.66908e-22 5.74979e-23 1.97373e-23 6.75208e-24 2.30226e-24 7.82507e-25 2.65145e-25 8.95742e-26 3.01738e-26 1.0136e-26 3.39566e-27 1.13461e-27 3.78148e-28 1.2572e-28 4.16976e-29 1.37977e-29 4.55532e-30 1.50065e-30 4.93302e-31 1.61825e-31 5.29784e-32 1.73101e-32 5.64505e-33 1.8375e-33 5.97031e-34 1.93641e-34 6.26972e-35 2.0266e-35 6.53993e-36 2.10708e-36 6.77814e-37 2.17709e-37 6.9822e-38 2.23601e-38 7.15052e-39 2.28347e-39 7.28218e-40 2.31925e-40 7.37681e-41 2.34334e-41 7.43461e-42 2.35586e-42 7.45629e-43 2.35714e-43 7.44302e-44 2.3476e-44 7.39639e-45 2.3278e-45 7.31832e-46 2.2984e-46 7.21101e-47 2.26013e-47
1.11819e-07 4.10463e-07 8.11307e-07 1.14543e-06 1.29373e-06 1.24204e-06 1.05213e-06 8.06378e-07 5.69236e-07 3.75044e-07 2.3298e-07 1.37552e-07 7.76802e-08 4.21814e-08 2.21197e-08 1.12426e-08 5.55542e-09 2.67596e-09 1.25934e-09 5.80181e-10 2.62118e-10 1.16307e-10 5.07545e-11 2.18086e-11 9.23705e-12 3.86019e-12 1.59306e-12 6.4975e-13 2.62097e-13 1.04631e-13 4.13621e-14 1.62003e-14 6.28983e-15 2.42187e-15 9.25217e-16 3.50822e-16 1.32081e-16 4.93909e-17 1.83505e-17 6.77588e-18 2.48727e-18 9.07879e-19 3.29599e-19 1.1904e-19 4.27802e-20 1.5301e-20 5.44756e-21 1.93094e-21 6.81543e-22 2.39574e-22 8.38833e-23 2.9259e-23 1.01683e-23 3.52128e-24 1.21525e-24 4.18013e-25 1.43326e-25 4.89905e-26 1.66953e-26 5.67303e-27 1.92225e-27 6.49556e-28 2.18912e-28 7.35875e-29 2.46747e-29 8.25357e-30 2.75427e-30 9.17006e-31 3.04626e-31 1.00975e-31 3.33999e-32 1.1025e-32 3.63194e-33 1.19412e-33 3.91858e-34 1.28351e-34 4.19645e-35 1.3696e-35 4.46228e-36 1.45139e-36 4.71298e-37 1.52794e-37 4.94578e-38 1.59843e-38 5.15821e-39 1.66213e-39 5.34819e-40 1.71845e-40 5.514e-41 1.7669e-41 5.65435e-42 1.80714e-42 5.76834e-43 1.83895e-43 5.85548e-44 1.86224e-44 5.91564e-45 1.87703e-45 5.94909e-46 1.88344e-46 5.95639e-47
3.15741e-08 1.24817e-07 2.6433e-07 3.9807e-07 4.77707e-07 4.85599e-07 4.34203e-07 3.50299e-07 2.59646e-07 1.79215e-07 1.1639e-07 7.17048e-08 4.21814e-08 2.38212e-08 1.29722e-08 6.83744e-09 3.49933e-09 1.7437e-09 8.47957e-10 4.03258e-10 1.8788e-10 8.58923e-11 3.85845e-11 1.7053e-11 7.42344e-12 3.18612e-12 1.34948e-12 5.64516e-13 2.33408e-13 9.5451e-14 3.86315e-14 1.54827e-14 6.14783e-15 2.4198e-15 9.44521e-16 3.65762e-16 1.40574e-16 5.36398e-17 2.03276e-17 7.65313e-18 2.86331e-18 1.06486e-18 3.93748e-19 1.44794e-19 5.29648e-20 1.9276e-20 6.98111e-21 2.51647e-21 9.03011e-22 3.22628e-22 1.14785e-22 4.06733e-23 1.4356e-23 5.04794e-24 1.76852e-24 6.17403e-25 2.14804e-25 7.44869e-26 2.57468e-26 8.87192e-27 3.04792e-27 1.04404e-27 3.56616e-28 1.21475e-28 4.12679e-29 1.39832e-29 4.72611e-30 1.59343e-30 5.35947e-31 1.79846e-31 6.02134e-32 2.01154e-32 6.70545e-33 2.23058e-33 7.40488e-34 2.45331e-34 8.11228e-35 2.67737e-35 8.81999e-36 2.9003e-36 9.52026e-37 3.11964e-37 1.02054e-37 3.333e-38 1.08678e-38 3.53803e-39 1.15004e-39 3.73255e-40 1.20965e-40 3.91455e-41 1.265e-41 4.08221e-42 1.31556e-42 4.23396e-43 1.36087e-43 4.36848e-44 1.40055e-44 4.4847e-45 1.43431e-45 4.58184e-46 1.46195e-46
8.91547e-09 3.77615e-08 8.53006e-08 1.36488e-07 1.73428e-07 1.86087e-07 1.75149e-07 1.48369e-07 1.1521e-07 8.31359e-08 5.63395e-08 3.61555e-08 2.21197e-08 1.29722e-08 7.32583e-09 3.99924e-09 2.11735e-09 1.09023e-09 5.47279e-10 2.684e-10 1.28838e-10 6.06328e-11 2.80157e-11 1.27259e-11 5.6895e-12 2.50618e-12 1.08871e-12 4.66816e-13 1.9772e-13 8.27817e-14 3.4283e-14 1.40522e-14 5.70381e-15 2.29384e-15 9.14404e-16 3.61476e-16 1.41762e-16 5.5175e-17 2.13194e-17 8.18089e-18 3.11851e-18 1.18125e-18 4.44726e-19 1.66461e-19 6.19585e-20 2.29379e-20 8.44814e-21 3.09604e-21 1.1292e-21 4.09948e-22 1.48167e-22 5.33222e-23 1.91101e-23 6.82142e-24 2.42551e-24 8.59218e-25 3.03268e-25 1.06665e-25 3.73888e-26 1.30625e-26 4.54904e-27 1.5793e-27 5.46639e-28 1.88653e-28 6.4922e-29 2.22802e-29 7.62569e-30 2.60317e-30 8.86382e-31 3.01067e-31 1.02014e-31 3.44852e-32 1.16309e-32 3.91401e-33 1.31427e-33 4.40381e-34 1.47255e-34 4.914e-35 1.6366e-35 5.44015e-36 1.80494e-36 5.97743e-37 1.97599e-37 6.52067e-38 2.14809e-38 7.06451e-39 2.31952e-39 7.60349e-40 2.48854e-40 8.13213e-41 2.65344e-41 8.6451e-42 2.81256e-42 9.13726e-43 2.96432e-43 9.60377e-44 3.10725e-44 1.00402e-44 3.24001e-45 1.04425e-45 3.36141e-46
2.51743e-09 1.13734e-08 2.72975e-08 4.62475e-08 6.20291e-08 7.00598e-08 6.92389e-08 6.14453e-08 4.98815e-08 3.75597e-08 2.6514e-08 1.76958e-08 1.12426e-08 6.83744e-09 3.99924e-09 2.2585e-09 1.23559e-09 6.56735e-10 3.39974e-10 1.71785e-10 8.48859e-11 4.10896e-11 1.9513e-11 9.1032e-12 4.17697e-12 1.8871e-12 8.40269e-13 3.69077e-13 1.60045e-13 6.85661e-14 2.90412e-14 1.21681e-14 5.04644e-15 2.07265e-15 8.43444e-16 3.40229e-16 1.36098e-16 5.40093e-17 2.12703e-17 8.31604e-18 3.22874e-18 1.24523e-18 4.77188e-19 1.81745e-19 6.88138e-20 2.59076e-20 9.70092e-21 3.61344e-21 1.33916e-21 4.9389e-22 1.81296e-22 6.62483e-23 2.41024e-23 8.73184e-24 3.15047e-24 1.1322e-24 4.05329e-25 1.4457e-25 5.13791e-26 1.81962e-26 6.42249e-27 2.25944e-27 7.92343e-28 2.77001e-28 9.65476e-29 3.3553e-29 1.16275e-29 4.01827e-30 1.38491e-30 4.76064e-31 1.6323e-31 5.58281e-32 1.90482e-32 6.48375e-33 2.2019e-33 7.46093e-34 2.52252e-34 8.5103e-35 2.86515e-35 9.62633e-36 3.22781e-36 1.08021e-36 3.6081e-37 1.20293e-37 4.00322e-38 1.32986e-38 4.41002e-39 1.45994e-39 4.82507e-40 1.59206e-40 5.2447e-41 1.72504e-41 5.6651e-42 1.85764e-42 6.08239e-43 1.98864e-43 6.49265e-44 2.11681e-44 6.89204e-45 2.24094e-45 7.27683e-46
7.10839e-10 3.41219e-09 8.6714e-09 1.55073e-08 2.18937e-08 2.59646e-08 2.68823e-08 2.49408e-08 2.11273e-08 1.65713e-08 1.21658e-08 8.43193e-09 5.55542e-09 3.49933e-09 2.11735e-09 1.23559e-09 6.97781e-10 3.8247e-10 2.03994e-10 1.06107e-10 5.39301e-11 2.68304e-11 1.30858e-11 6.26545e-12 2.94859e-12 1.36544e-12 6.22818e-13 2.80078e-13 1.24276e-13 5.44522e-14 2.35757e-14 1.00929e-14 4.27484e-15 1.79232e-15 7.44252e-16 3.06221e-16 1.24896e-16 5.0517e-17 2.02703e-17 8.07184e-18 3.19091e-18 1.25262e-18 4.8844e-19 1.89238e-19 7.28652e-20 2.78901e-20 1.06145e-20 4.01749e-21 1.51254e-21 5.66549e-22 2.11166e-22 7.83327e-23 2.89242e-23 1.06328e-23 3.89194e-24 1.41865e-24 5.15031e-25 1.86249e-25 6.70984e-26 2.40843e-26 8.61411e-27 3.07033e-27 1.09069e-27 3.8619e-28 1.36309e-28 4.79634e-29 1.68265e-29 5.88586e-30 2.05302e-30 7.1413e-31 2.47737e-31 8.57167e-32 2.95821e-32 1.01838e-32 3.49731e-33 1.1982e-33 4.09558e-34 1.39676e-34 4.753e-35 1.61391e-35 5.46856e-36 1.84915e-36 6.2402e-37 2.10169e-37 7.06486e-38 2.37039e-38 7.93843e-39 2.65379e-39 8.85585e-40 2.95014e-40 9.81115e-41 3.25743e-41 1.07975e-41 3.5734e-42 1.18076e-42 3.89559e-43 1.28332e-43 4.22137e-44 1.38658e-44 4.54802e-45 1.48968e-45
2.00717e-10 1.02017e-09 2.73658e-09 5.15145e-09 7.63664e-09 9.48787e-09 1.02697e-08 9.94227e-09 8.77302e-09 7.15638e-09 5.45595e-09 3.92147e-09 2.67596e-09 1.7437e-09 1.09023e-09 6.56735e-10 3.8247e-10 2.15994e-10 1.18591e-10 6.34472e-11 3.31435e-11 1.69346e-11 8.47678e-12 4.16271e-12 2.008e-12 9.52545e-13 4.4483e-13 2.0469e-13 9.2889e-14 4.16043e-14 1.84047e-14 8.04676e-15 3.47921e-15 1.4885e-15 6.30456e-16 2.64486e-16 1.09949e-16 4.53102e-17 1.85178e-17 7.50802e-18 3.02102e-18 1.20673e-18 4.7866e-19 1.88592e-19 7.38269e-20 2.87215e-20 1.11072e-20 4.2707e-21 1.63299e-21 6.21078e-22 2.34998e-22 8.84741e-23 3.31494e-23 1.23626e-23 4.58975e-24 1.69657e-24 6.24483e-25 2.28924e-25 8.35868e-26 3.04028e-26 1.10171e-26 3.97781e-27 1.43118e-27 5.13164e-28 1.8339e-28 6.53264e-29 2.31972e-29 8.2121e-30 2.89853e-30 1.02009e-30 3.57993e-31 1.25289e-31 4.37304e-32 1.52236e-32 5.28616e-33 1.83097e-33 6.32649e-34 2.18079e-34 7.49991e-35 2.57344e-35 8.81067e-36 3.00998e-36 1.02612e-36 3.49087e-37 1.18519e-37 4.01591e-38 1.35811e-38 4.5842e-39 1.54449e-39 5.19414e-40 1.74369e-40 5.84338e-41 1.95486e-41 6.52889e-42 2.17695e-42 7.24696e-43 2.40867e-43 7.99324e-44 2.64855e-44 8.76283e-45 2.89497e-45
5.66758e-11 3.04064e-10 8.58576e-10 1.69703e-09 2.63552e-09 3.42324e-09 3.86644e-09 3.89912e-09 3.57819e-09 3.03108e-09 2.39646e-09 1.78397e-09 1.25934e-09 8.47957e-10 5.47279e-10 3.39974e-10 2.03994e-10 1.18591e-10 6.69721e-11 3.68261e-11 1.97571e-11 1.03605e-11 5.31902e-12 2.67733e-12 1.32298e-12 6.42532e-13 3.07035e-13 1.44494e-13 6.70291e-14 3.06744e-14 1.38583e-14 6.18526e-15 2.72892e-15 1.19086e-15 5.14279e-16 2.19898e-16 9.31376e-17 3.9093e-17 1.62674e-17 6.71338e-18 2.74867e-18 1.11687e-18 4.50526e-19 1.80466e-19 7.18037e-20 2.8385e-20 1.11513e-20 4.35465e-21 1.69071e-21 6.52772e-22 2.50677e-22 9.57649e-23 3.64011e-23 1.37693e-23 5.18397e-24 1.94284e-24 7.24926e-25 2.69335e-25 9.96535e-26 3.67236e-26 1.34804e-26 4.92961e-27 1.79607e-27 6.52052e-28 2.35901e-28 8.50565e-29 3.05673e-29 1.095e-29 3.91036e-30 1.3922e-30 4.94195e-31 1.74922e-31 6.17401e-32 2.1732e-32 7.62902e-33 2.67119e-33 9.32893e-34 3.24996e-34 1.12945e-34 3.91585e-35 1.35449e-35 4.67455e-36 1.60968e-36 5.5309e-37 1.8964e-37 6.48877e-38 2.2157e-38 7.55082e-39 2.56821e-39 8.71843e-40 2.95415e-40 9.99152e-41 3.37326e-41 1.13685e-41 3.82478e-42 1.28462e-42 4.30747e-43 1.44199e-43 4.81956e-44 1.60832e-44 5.35879e-45
1.60034e-11 9.03764e-11 2.67952e-10 5.54846e-10 9.00853e-10 1.22098e-09 1.43652e-09 1.50661e-09 1.43578e-09 1.26129e-09 1.03283e-09 7.9537e-10 5.80181e-10 4.03258e-10 2.684e-10 1.71785e-10 1.06107e-10 6.34472e-11 3.68261e-11 2.07969e-11 1.14511e-11 6.15887e-12 3.24098e-12 1.67113e-12 8.45437e-13 4.20153e-13 2.05334e-13 9.87797e-14 4.68189e-14 2.18815e-14 1.00917e-14 4.59608e-15 2.06834e-15 9.20289e-16 4.05074e-16 1.76471e-16 7.61286e-17 3.25347e-17 1.37801e-17 5.78667e-18 2.4101e-18 9.95899e-19 4.08422e-19 1.66282e-19 6.72276e-20 2.69978e-20 1.0772e-20 4.27127e-21 1.68346e-21 6.59676e-22 2.57053e-22 9.96241e-23 3.8409e-23 1.47334e-23 5.624e-24 2.13662e-24 8.08006e-25 3.04205e-25 1.14036e-25 4.25696e-26 1.58266e-26 5.86087e-27 2.16207e-27 7.94613e-28 2.90983e-28 1.06181e-28 3.86131e-29 1.3995e-29 5.05587e-30 1.82072e-30 6.53655e-31 2.33963e-31 8.34966e-32 2.9713e-32 1.05442e-32 3.73157e-33 1.31709e-33 4.6367e-34 1.62817e-34 5.70312e-35 1.99283e-35 6.94704e-36 2.41613e-36 8.38409e-37 2.90287e-37 1.00289e-37 3.45748e-38 1.18949e-38 4.08389e-39 1.39933e-39 4.78541e-40 1.63337e-40 5.56458e-41 1.89226e-41 6.42311e-42 2.17641e-42 7.36173e-43 2.48588e-43 8.38017e-44 2.82042e-44 9.47706e-45
4.51882e-12 2.67952e-11 8.32269e-11 1.80171e-10 3.05245e-10 4.30955e-10 5.27312e-10 5.74311e-10 5.67582e-10 5.16413e-10 4.37454e-10 3.48109e-10 2.62118e-10 1.8788e-10 1.28838e-10 8.48859e-11 5.39301e-11 3.31435e-11 1.97571e-11 1.14511e-11 6.46681e-12 3.56507e-12 1.9218e-12 1.01452e-12 5.25191e-13 2.66934e-13 1.33353e-13 6.55464e-14 3.17282e-14 1.51376e-14 7.12393e-15 3.30934e-15 1.51848e-15 6.88626e-16 3.08825e-16 1.37031e-16 6.01893e-17 2.61822e-17 1.1284e-17 4.82019e-18 2.04159e-18 8.57687e-19 3.57507e-19 1.47901e-19 6.07451e-20 2.47757e-20 1.00375e-20 4.04032e-21 1.61621e-21 6.42633e-22 2.54041e-22 9.98633e-23 3.90435e-23 1.51848e-23 5.87571e-24 2.26242e-24 8.66985e-25 3.30705e-25 1.2558e-25 4.74799e-26 1.78757e-26 6.7024e-27 2.50303e-27 9.31145e-28 3.45088e-28 1.27423e-28 4.68832e-29 1.719e-29 6.28148e-30 2.28779e-30 8.30567e-31 3.00588e-31 1.08453e-31 3.90134e-32 1.39934e-32 5.00494e-33 1.78513e-33 6.34987e-34 2.25273e-34 7.97134e-35 2.81355e-35 9.90614e-36 3.4794e-36 1.21921e-36 4.2623e-37 1.48672e-37 5.17427e-38 1.79691e-38 6.22704e-39 2.15343e-39 7.43182e-40 2.55971e-40 8.79902e-41 3.01886e-41 1.03379e-41 3.53363e-42 1.20565e-42 4.10628e-43 1.39611e-43 4.73853e-44 1.6056e-44
1.27596e-12 7.92637e-12 2.57387e-11 5.81419e-11 1.02608e-10 1.50661e-10 1.91437e-10 2.16222e-10 2.2132e-10 2.08311e-10 1.82343e-10 1.49782e-10 1.16307e-10 8.58923e-11 6.06328e-11 4.10896e-11 2.68304e-11 1.69346e-11 1.03605e-11 6.15887e-12 3.56507e-12 2.01332e-12 1.11115e-12 6.00219e-13 3.17778e-13 1.65103e-13 8.4274e-14 4.23043e-14 2.09043e-14 1.0177e-14 4.88522e-15 2.31387e-15 1.08213e-15 5.00002e-16 2.28386e-16 1.03182e-16 4.61305e-17 2.04187e-17 8.95179e-18 3.88875e-18 1.67453e-18 7.15014e-19 3.02844e-19 1.27275e-19 5.30907e-20 2.19869e-20 9.04261e-21 3.69418e-21 1.49948e-21 6.0486e-22 2.42525e-22 9.66791e-23 3.83236e-23 1.5109e-23 5.92538e-24 2.31196e-24 8.97629e-25 3.46841e-25 1.33396e-25 5.10733e-26 1.94689e-26 7.3899e-27 2.79343e-27 1.0517e-27 3.94406e-28 1.47347e-28 5.48442e-29 2.034e-29 7.51703e-30 2.76856e-30 1.01627e-30 3.71837e-31 1.35618e-31 4.93101e-32 1.78748e-32 6.46047e-33 2.32828e-33 8.36729e-34 2.99874e-34 1.07183e-34 3.82094e-35 1.35862e-35 4.81876e-36 1.70492e-36 6.01766e-37 2.11899e-37 7.44436e-38 2.60943e-38 9.12646e-39 3.18507e-39 1.10921e-39 3.85481e-40 1.33692e-40 4.62745e-41 1.59855e-41 5.51155e-42 1.89671e-42 6.51516e-43 2.23388e-43 7.64573e-44 2.61227e-44
3.6029e-13 2.33988e-12 7.92844e-12 1.86561e-11 3.4241e-11 5.22101e-11 6.87978e-11 8.048e-11 8.52183e-11 8.2883e-11 7.48909e-11 6.34401e-11 5.07545e-11 3.85845e-11 2.80157e-11 1.9513e-11 1.30858e-11 8.47678e-12 5.31902e-12 3.24098e-12 1.9218e-12 1.11115e-12 6.27501e-13 3.46667e-13 1.87617e-13 9.95965e-14 5.19189e-14 2.66055e-14 1.34152e-14 6.66166e-15 3.26045e-15 1.574e-15 7.50003e-16 3.5296e-16 1.64153e-16 7.54863e-17 3.43405e-17 1.54622e-17 6.89369e-18 3.0446e-18 1.33253e-18 5.78157e-19 2.48765e-19 1.06181e-19 4.49731e-20 1.89073e-20 7.89212e-21 3.27159e-21 1.34719e-21 5.51194e-22 2.2412e-22 9.05829e-23 3.63989e-23 1.45441e-23 5.7799e-24 2.28487e-24 8.98632e-25 3.5168e-25 1.36969e-25 5.3097e-26 2.04902e-26 7.87241e-27 3.01168e-27 1.14736e-27 4.35344e-28 1.64533e-28 6.19447e-29 2.32345e-29 8.6832e-30 3.23359e-30 1.20002e-30 4.4384e-31 1.6362e-31 6.01243e-32 2.20243e-32 8.04316e-33 2.92855e-33 1.06319e-33 3.84884e-34 1.38943e-34 5.0022e-35 1.79608e-35 6.4322e-36 2.29765e-36 8.187e-37 2.91007e-37 1.03191e-37 3.65058e-38 1.2885e-38 4.53766e-39 1.59449e-39 5.59077e-40 1.95615e-40 6.83016e-41 2.37999e-41 8.27656e-42 2.87259e-42 9.95092e-43 3.44058e-43 1.1874e-43 4.09043e-44
1.01734e-13 6.8943e-13 2.4334e-12 5.95496e-12 1.135e-11 1.79473e-11 2.44939e-11 2.96411e-11 3.24325e-11 3.25612e-11 3.03409e-11 2.64806e-11 2.18086e-11 1.7053e-11 1.27259e-11 9.1032e-12 6.26545e-12 4.16271e-12 2.67733e-12 1.67113e-12 1.01452e-12 6.00219e-13 3.46667e-13 1.95775e-13 1.08257e-13 5.86909e-14 3.12325e-14 1.63315e-14 8.39948e-15 4.25277e-15 2.12148e-15 1.04348e-15 5.0642e-16 2.4266e-16 1.1487e-16 5.37504e-17 2.48739e-17 1.13896e-17 5.16259e-18 2.31744e-18 1.03063e-18 4.54267e-19 1.98513e-19 8.60356e-20 3.69925e-20 1.57842e-20 6.68541e-21 2.81153e-21 1.17428e-21 4.87217e-22 2.00858e-22 8.22932e-23 3.35147e-23 1.35702e-23 5.46383e-24 2.18797e-24 8.71555e-25 3.45401e-25 1.36205e-25 5.34526e-26 2.0879e-26 8.11844e-27 3.14277e-27 1.21139e-27 4.64983e-28 1.77754e-28 6.7683e-29 2.56721e-29 9.70078e-30 3.65224e-30 1.37012e-30 5.12201e-31 1.90829e-31 7.08609e-32 2.62277e-32 9.67695e-33 3.55937e-33 1.30526e-33 4.7724e-34 1.7399e-34 6.32534e-35 2.29322e-35 8.29153e-36 2.99003e-36 1.07546e-36 3.85844e-37 1.38087e-37 4.92993e-38 1.75588e-38 6.2393e-39 2.212e-39 7.8246e-40 2.76176e-40 9.7269e-41 3.41858e-41 1.199e-41 4.19669e-42 1.46599e-42 5.11096e-43 1.77845e-43 6.17674e-44
2.87262e-14 2.02783e-13 7.44371e-13 1.89167e-12 3.73901e-12 6.12348e-12 8.64533e-12 1.08108e-11 1.22105e-11 1.2642e-11 1.21369e-11 1.09043e-11 9.23705e-12 7.42344e-12 5.6895e-12 4.17697e-12 2.94859e-12 2.008e-12 1.32298e-12 8.45437e-13 5.25191e-13 3.17778e-13 1.87617e-13 1.08257e-13 6.11364e-14 3.38352e-14 1.8373e-14 9.7994e-15 5.13876e-15 2.65185e-15 1.34783e-15 6.75227e-16 3.33658e-16 1.62733e-16 7.8386e-17 3.73109e-17 1.75589e-17 8.1741e-18 3.76584e-18 1.71771e-18 7.7604e-19 3.47398e-19 1.54147e-19 6.78196e-20 2.95954e-20 1.28137e-20 5.5059e-21 2.34856e-21 9.94735e-22 4.18454e-22 1.74873e-22 7.26152e-23 2.99675e-23 1.22936e-23 5.01411e-24 2.03363e-24 8.20327e-25 3.29163e-25 1.31404e-25 5.21975e-26 2.06344e-26 8.11883e-27 3.1799e-27 1.23996e-27 4.81418e-28 1.86128e-28 7.16679e-29 2.74856e-29 1.05002e-29 3.99617e-30 1.51526e-30 5.72488e-31 2.15535e-31 8.08688e-32 3.02405e-32 1.12714e-32 4.1877e-33 1.55103e-33 5.72716e-34 2.10845e-34 7.73962e-35 2.83294e-35 1.03405e-35 3.76411e-36 1.36653e-36 4.94813e-37 1.7871e-37 6.43822e-38 2.31374e-38 8.29501e-39 2.96683e-39 1.05867e-39 3.76917e-40 1.33894e-40 4.74603e-41 1.67868e-41 5.92503e-42 2.08698e-42 7.33609e-43 2.57364e-43 9.01121e-44
8.11133e-15 5.95496e-14 2.27e-13 5.98242e-13 1.2247e-12 2.07488e-12 3.02703e-12 3.90735e-12 4.55113e-12 4.85478e-12 4.7979e-12 4.43378e-12 3.86019e-12 3.18612e-12 2.50618e-12 1.8871e-12 1.36544e-12 9.52545e-13 6.42532e-13 4.20153e-13 2.66934e-13 1.65103e-13 9.95965e-14 5.86909e-14 3.38352e-14 1.91079e-14 1.05833e-14 5.75541e-15 3.07615e-15 1.6174e-15 8.37282e-16 4.27082e-16 2.14808e-16 1.06605e-16 5.22353e-17 2.52849e-17 1.20977e-17 5.72407e-18 2.67963e-18 1.24166e-18 5.69733e-19 2.58967e-19 1.1665e-19 5.2088e-20 2.30647e-20 1.01309e-20 4.4153e-21 1.90989e-21 8.2017e-22 3.49746e-22 1.48135e-22 6.23325e-23 2.60624e-23 1.08305e-23 4.47398e-24 1.83753e-24 7.50491e-25 3.04858e-25 1.23186e-25 4.95225e-26 1.981e-26 7.88616e-27 3.12469e-27 1.23243e-27 4.83934e-28 1.89203e-28 7.36613e-29 2.85605e-29 1.10294e-29 4.24273e-30 1.62587e-30 6.20742e-31 2.36137e-31 8.95118e-32 3.38141e-32 1.27306e-32 4.77717e-33 1.78687e-33 6.66269e-34 2.47668e-34 9.17872e-35 3.39169e-35 1.24968e-35 4.59155e-36 1.68236e-36 6.14762e-37 2.2405e-37 8.14437e-38 2.95302e-38 1.06806e-38 3.85357e-39 1.38706e-39 4.98087e-40 1.78451e-40 6.37897e-41 2.27521e-41 8.09747e-42 2.87575e-42 1.01916e-42 3.60449e-43 1.27223e-43
2.29037e-15 1.74616e-14 6.90279e-14 1.88415e-13 3.99015e-13 6.98546e-13 1.05198e-12 1.40035e-12 1.6805e-12 1.84535e-12 1.87583e-12 1.78162e-12 1.59306e-12 1.34948e-12 1.08871e-12 8.40269e-13 6.22818e-13 4.4483e-13 3.07035e-13 2.05334e-13 1.33353e-13 8.4274e-14 5.19189e-14 3.12325e-14 1.8373e-14 1.05833e-14 5.97677e-15 3.31278e-15 1.80402e-15 9.66094e-16 5.09213e-16 2.64379e-16 1.35306e-16 6.83077e-17 3.40373e-17 1.67506e-17 8.14579e-18 3.91639e-18 1.8625e-18 8.76512e-19 4.08371e-19 1.88434e-19 8.61455e-20 3.90325e-20 1.75342e-20 7.81169e-21 3.45249e-21 1.51416e-21 6.59137e-22 2.84875e-22 1.22268e-22 5.21249e-23 2.20775e-23 9.29212e-24 3.88709e-24 1.61644e-24 6.68343e-25 2.748e-25 1.12378e-25 4.57153e-26 1.85021e-26 7.45118e-27 2.98627e-27 1.19122e-27 4.73008e-28 1.86986e-28 7.35982e-29 2.88462e-29 1.12596e-29 4.37733e-30 1.6951e-30 6.53917e-31 2.51322e-31 9.624e-32 3.67229e-32 1.3964e-32 5.29189e-33 1.99881e-33 7.52529e-34 2.82422e-34 1.05664e-34 3.94131e-35 1.46576e-35 5.43533e-36 2.0098e-36 7.41089e-37 2.72523e-37 9.99484e-38 3.65605e-38 1.33393e-38 4.85469e-39 1.76246e-39 6.38304e-40 2.30624e-40 8.31327e-41 2.98983e-41 1.07288e-41 3.84146e-42 1.37248e-42 4.89321e-43 1.74091e-43
6.46724e-16 5.11318e-15 2.0935e-14 5.91134e-14 1.2936e-13 2.33773e-13 3.63053e-13 4.97926e-13 6.15115e-13 6.94752e-13 7.25847e-13 7.08027e-13 6.4975e-13 5.64516e-13 4.66816e-13 3.69077e-13 2.80078e-13 2.0469e-13 1.44494e-13 9.87797e-14 6.55464e-14 4.23043e-14 2.66055e-14 1.63315e-14 9.7994e-15 5.75541e-15 3.31278e-15 1.87084e-15 1.03766e-15 5.65793e-16 3.03546e-16 1.60363e-16 8.34872e-17 4.28618e-17 2.17138e-17 1.08611e-17 5.3669e-18 2.62129e-18 1.26607e-18 6.04994e-19 2.86141e-19 1.34004e-19 6.21629e-20 2.85742e-20 1.30195e-20 5.88203e-21 2.63576e-21 1.1718e-21 5.16995e-22 2.26421e-22 9.84581e-23 4.25196e-23 1.82401e-23 7.77418e-24 3.29275e-24 1.38619e-24 5.80133e-25 2.41404e-25 9.98964e-26 4.11159e-26 1.68341e-26 6.85737e-27 2.77952e-27 1.1212e-27 4.50152e-28 1.79907e-28 7.15814e-29 2.83574e-29 1.11865e-29 4.39471e-30 1.71956e-30 6.70191e-31 2.60204e-31 1.00648e-31 3.8789e-32 1.48957e-32 5.7003e-33 2.17397e-33 8.26347e-34 3.13079e-34 1.18239e-34 4.45158e-35 1.67086e-35 6.25271e-36 2.33306e-36 8.68037e-37 3.22056e-37 1.1916e-37 4.39703e-38 1.61823e-38 5.94015e-39 2.17496e-39 7.94373e-40 2.89425e-40 1.05198e-40 3.81467e-41 1.38008e-41 4.98158e-42 1.79418e-42 6.44783e-43 2.31223e-43
1.82613e-16 1.49535e-15 6.33358e-15 1.848e-14 4.17452e-14 7.77972e-14 1.24482e-13 1.75747e-13 2.23313e-13 2.59231e-13 2.78153e-13 2.78464e-13 2.62097e-13 2.33408e-13 1.9772e-13 1.60045e-13 1.24276e-13 9.2889e-14 6.70291e-14 4.68189e-14 3.17282e-14 2.09043e-14 1.34152e-14 8.39948e-15 5.13876e-15 3.07615e-15 1.80402e-15 1.03766e-15 5.86e-16 3.25228e-16 1.77545e-16 9.54139e-17 5.05157e-17 2.63667e-17 1.35763e-17 6.9003e-18 3.46385e-18 1.71824e-18 8.42671e-19 4.08772e-19 1.9622e-19 9.32444e-20 4.38818e-20 2.04592e-20 9.45326e-21 4.33017e-21 1.96695e-21 8.86277e-22 3.96237e-22 1.75818e-22 7.74465e-23 3.38744e-23 1.47154e-23 6.35031e-24 2.72288e-24 1.16027e-24 4.9143e-25 2.06928e-25 8.6637e-26 3.60732e-26 1.49393e-26 6.15464e-27 2.52271e-27 1.02892e-27 4.17641e-28 1.68727e-28 6.78552e-29 2.71672e-29 1.08298e-29 4.2989e-30 1.69941e-30 6.69097e-31 2.62404e-31 1.02514e-31 3.98992e-32 1.54723e-32 5.97843e-33 2.30197e-33 8.83331e-34 3.37827e-34 1.28778e-34 4.89323e-35 1.85348e-35 6.99917e-36 2.63511e-36 9.89172e-37 3.70247e-37 1.38192e-37 5.14366e-38 1.90933e-38 7.06863e-39 2.61008e-39 9.61304e-40 3.53164e-40 1.29426e-40 4.7317e-41 1.72576e-41 6.27961e-42 2.27977e-42 8.25796e-43 2.98467e-43
5.1564e-17 4.36798e-16 1.91173e-15 5.75796e-15 1.34133e-14 2.57548e-14 4.24217e-14 6.16036e-14 8.0451e-14 9.59149e-14 1.05624e-13 1.08454e-13 1.04631e-13 9.5451e-14 8.27817e-14 6.85661e-14 5.44522e-14 4.16043e-14 3.06744e-14 2.18815e-14 1.51376e-14 1.0177e-14 6.66166e-15 4.25277e-15 2.65185e-15 1.6174e-15 9.66094e-16 5.65793e-16 3.25228e-16 1.83667e-16 1.01994e-16 5.57415e-17 3.00035e-17 1.59171e-17 8.32795e-18 4.29995e-18 2.19224e-18 1.10419e-18 5.49728e-19 2.70649e-19 1.31828e-19 6.3553e-20 3.0336e-20 1.43429e-20 6.71924e-21 3.11999e-21 1.43638e-21 6.55841e-22 2.97072e-22 1.33528e-22 5.95723e-23 2.63862e-23 1.16057e-23 5.07019e-24 2.2005e-24 9.48969e-25 4.06721e-25 1.73274e-25 7.33902e-26 3.09088e-26 1.2946e-26 5.39338e-27 2.23524e-27 9.2169e-28 3.78182e-28 1.54429e-28 6.27657e-29 2.53941e-29 1.02284e-29 4.10203e-30 1.63813e-30 6.51485e-31 2.58052e-31 1.01812e-31 4.00145e-32 1.56676e-32 6.11212e-33 2.37586e-33 9.20286e-34 3.55249e-34 1.36673e-34 5.24088e-35 2.00321e-35 7.63274e-36 2.8993e-36 1.09797e-36 4.14577e-37 1.56084e-37 5.85968e-38 2.19371e-38 8.19025e-39 3.04966e-39 1.13256e-39 4.19519e-40 1.55004e-40 5.71287e-41 2.10042e-41 7.70405e-42 2.8191e-42 1.0292e-42 3.74888e-43
1.45599e-17 1.27449e-16 5.75796e-16 1.78844e-15 4.29247e-15 8.48435e-15 1.43742e-14 2.14536e-14 2.87745e-14 3.52081e-14 3.97664e-14 4.18525e-14 4.13621e-14 3.86315e-14 3.4283e-14 2.90412e-14 2.35757e-14 1.84047e-14 1.38583e-14 1.00917e-14 7.12393e-15 4.88522e-15 3.26045e-15 2.12148e-15 1.34783e-15 8.37282e-16 5.09213e-16 3.03546e-16 1.77545e-16 1.01994e-16 5.75995e-17 3.20037e-17 1.75088e-17 9.43834e-18 5.01661e-18 2.63069e-18 1.36183e-18 6.96323e-19 3.51843e-19 1.75771e-19 8.68558e-20 4.24704e-20 2.05581e-20 9.85488e-21 4.67998e-21 2.20245e-21 1.02748e-21 4.75315e-22 2.18096e-22 9.92871e-23 4.48566e-23 2.01166e-23 8.95733e-24 3.96091e-24 1.73978e-24 7.59212e-25 3.29221e-25 1.41888e-25 6.07873e-26 2.58919e-26 1.09665e-26 4.61949e-27 1.93555e-27 8.06789e-28 3.34596e-28 1.38085e-28 5.67134e-29 2.31844e-29 9.43467e-30 3.82231e-30 1.54185e-30 6.19325e-31 2.47742e-31 9.87023e-32 3.9169e-32 1.5484e-32 6.09803e-33 2.39274e-33 9.35489e-34 3.64462e-34 1.41504e-34 5.47544e-35 2.11172e-35 8.11803e-36 3.11093e-36 1.18845e-36 4.52642e-37 1.71884e-37 6.50801e-38 2.45708e-38 9.25062e-39 3.47319e-39 1.30051e-39 4.85679e-40 1.80908e-40 6.72135e-41 2.49098e-41 9.20905e-42 3.39635e-42 1.24963e-42 4.58709e-43
4.11124e-18 3.71481e-17 1.73075e-16 5.53867e-16 1.36844e-15 2.7821e-15 4.84436e-15 7.42567e-15 1.02217e-14 1.28279e-14 1.48509e-14 1.60111e-14 1.62003e-14 1.54827e-14 1.40522e-14 1.21681e-14 1.00929e-14 8.04676e-15 6.18526e-15 4.59608e-15 3.30934e-15 2.31387e-15 1.574e-15 1.04348e-15 6.75227e-16 4.27082e-16 2.64379e-16 1.60363e-16 9.54139e-17 5.57415e-17 3.20037e-17 1.80736e-17 1.00473e-17 5.50209e-18 2.97013e-18 1.58148e-18 8.31095e-19 4.31292e-19 2.21131e-19 1.12072e-19 5.61706e-20 2.78529e-20 1.36697e-20 6.64255e-21 3.19711e-21 1.52465e-21 7.20639e-22 3.37698e-22 1.56938e-22 7.23494e-23 3.30951e-23 1.50252e-23 6.77187e-24 3.03058e-24 1.34699e-24 5.94721e-25 2.6089e-25 1.13731e-25 4.92782e-26 2.12255e-26 9.08997e-27 3.8711e-27 1.6396e-27 6.9078e-28 2.89532e-28 1.20745e-28 5.01083e-29 2.06954e-29 8.50773e-30 3.48159e-30 1.41845e-30 5.75401e-31 2.32428e-31 9.35002e-32 3.74614e-32 1.495e-32 5.94327e-33 2.35381e-33 9.28789e-34 3.65171e-34 1.43068e-34 5.58585e-35 2.17354e-35 8.42961e-36 3.25866e-36 1.25572e-36 4.82384e-37 1.84744e-37 7.05419e-38 2.68566e-38 1.01955e-38 3.85958e-39 1.45704e-39 5.48558e-40 2.05977e-40 7.71399e-41 2.88154e-41 1.07368e-41 3.99074e-42 1.47971e-42 5.47344e-43
1.16088e-18 1.08172e-17 5.1925e-17 1.71055e-16 4.34703e-16 9.08318e-16 1.62437e-15 2.55543e-15 3.60784e-15 4.6409e-15 5.50383e-15 6.07511e-15 6.28983e-15 6.14783e-15 5.70381e-15 5.04644e-15 4.27484e-15 3.47921e-15 2.72892e-15 2.06834e-15 1.51848e-15 1.08213e-15 7.50003e-16 5.0642e-16 3.33658e-16 2.14808e-16 1.35306e-16 8.34872e-17 5.05157e-17 3.00035e-17 1.75088e-17 1.00473e-17 5.67403e-18 3.15576e-18 1.72975e-18 9.34982e-19 4.98681e-19 2.62593e-19 1.36588e-19 7.02132e-20 3.56866e-20 1.79414e-20 8.92593e-21 4.39602e-21 2.14405e-21 1.03592e-21 4.95993e-22 2.35407e-22 1.10785e-22 5.1711e-23 2.39464e-23 1.10043e-23 5.0194e-24 2.27304e-24 1.02218e-24 4.56558e-25 2.02584e-25 8.93168e-26 3.91346e-26 1.70437e-26 7.37928e-27 3.17673e-27 1.35997e-27 5.79064e-28 2.45263e-28 1.03348e-28 4.3331e-29 1.80789e-29 7.50719e-30 3.10287e-30 1.27667e-30 5.22963e-31 2.13297e-31 8.66294e-32 3.50391e-32 1.41153e-32 5.66386e-33 2.26392e-33 9.01516e-34 3.5767e-34 1.41392e-34 5.56969e-35 2.18643e-35 8.55399e-36 3.3355e-36 1.29641e-36 5.02271e-37 1.9399e-37 7.4695e-38 2.86748e-38 1.09757e-38 4.18898e-39 1.59425e-39 6.05057e-40 2.29009e-40 8.64463e-41 3.25461e-41 1.22217e-41 4.57784e-42 1.71045e-42 6.37526e-43
