0.368434 0.00760147 0.00518622 0.00378886 0.00291839 0.0023389 0.00193064 0.00162931 0.00139835 0.00121589 0.00106819 0.000946198 0.000843782 0.000756605 0.000681531 0.000616232 0.000558943 0.000508299 0.000463229 0.000422881 0.000386564 0.000353718 0.000323876 0.000296652 0.00027172 0.000248804 0.000227668 0.00020811 0.000189954 0.000173047 0.000161253
0.00760147 0.000535648 0.000332228 0.000221113 0.00015625 0.000115911 8.93401e-05 7.09421e-05 5.76532e-05 4.77116e-05 4.00552e-05 3.40162e-05 2.91573e-05 2.51824e-05 2.18849e-05 1.91165e-05 1.67684e-05 1.47588e-05 1.30257e-05 1.15206e-05 1.02058e-05 9.051e-06 8.03189e-06 7.12878e-06 6.32552e-06 5.60883e-06 4.96773e-06 4.39317e-06 3.87773e-06 3.41551e-06 3.14155e-06
0.00518622 0.000332228 0.00019864 0.000128263 8.85864e-05 6.46675e-05 4.93188e-05 3.89085e-05 3.1506e-05 2.60311e-05 2.18489e-05 1.85688e-05 1.59396e-05 1.37941e-05 1.20168e-05 1.05258e-05 9.26141e-06 8.17917e-06 7.24536e-06 6.43394e-06 5.7245e-06 5.10082e-06 4.5499e-06 4.06118e-06 3.62604e-06 3.23738e-06 2.8894e-06 2.5773e-06 2.29729e-06 2.0871e-06 1.92071e-06
0.00378886 0.000221113 0.000128263 8.0806e-05 5.48223e-05 3.95612e-05 2.99752e-05 2.35781e-05 1.90809e-05 1.57797e-05 1.32695e-05 1.13055e-05 9.73281e-06 8.44937e-06 7.38547e-06 6.49196e-06 5.73319e-06 5.08273e-06 4.52056e-06 4.03124e-06 3.60267e-06 3.22525e-06 2.89126e-06 2.59446e-06 2.32972e-06 2.09284e-06 1.88039e-06 1.68958e-06 1.53439e-06 1.39391e-06 1.28328e-06
0.00291839 0.00015625 8.85864e-05 5.48223e-05 3.67553e-05 2.63532e-05 1.99201e-05 1.56731e-05 1.27071e-05 1.0537e-05 8.88849e-06 7.59795e-06 6.56305e-06 5.71684e-06 5.01383e-06 4.42204e-06 3.91833e-06 3.48554e-06 3.11067e-06 2.78367e-06 2.49668e-06 2.24344e-06 2.0189e-06 1.81897e-06 1.6403e-06 1.48013e-06 1.33621e-06 1.21321e-06 1.1019e-06 1.00103e-06 9.21784e-07
0.0023389 0.000115911 6.46675e-05 3.95612e-05 2.63532e-05 1.88543e-05 1.42624e-05 1.12485e-05 9.14849e-06 7.61178e-06 6.44244e-06 5.52475e-06 4.78676e-06 4.18159e-06 3.67741e-06 3.25187e-06 2.88878e-06 2.5761e-06 2.30468e-06 2.06747e-06 1.85889e-06 1.67452e-06 1.51078e-06 1.36474e-06 1.23402e-06 1.11665e-06 1.01365e-06 9.20514e-07 8.36149e-07 7.59643e-07 6.99559e-07
0.00193064 8.93401e-05 4.93188e-05 2.99752e-05 1.99201e-05 1.42624e-05 1.08166e-05 8.55914e-06 6.98512e-06 5.83064e-06 4.94945e-06 4.25561e-06 3.69584e-06 3.23546e-06 2.8509e-06 2.52554e-06 2.24735e-06 2.00732e-06 1.79864e-06 1.61597e-06 1.45513e-06 1.31278e-06 1.1862e-06 1.07318e-06 9.71901e-07 8.81939e-07 8.00736e-07 7.27262e-07 6.60665e-07 6.0024e-07 5.52753e-07
0.00162931 7.09421e-05 3.89085e-05 2.35781e-05 1.56731e-05 1.12485e-05 8.55914e-06 6.7961e-06 5.56375e-06 4.65686e-06 3.9622e-06 3.41342e-06 2.96938e-06 2.60324e-06 2.29672e-06 2.03691e-06 1.81442e-06 1.62219e-06 1.45486e-06 1.30825e-06 1.17904e-06 1.06458e-06 9.62729e-07 8.71724e-07 7.90562e-07 7.17486e-07 6.51499e-07 5.91771e-07 5.37613e-07 4.88459e-07 4.49779e-07
0.00139835 5.76532e-05 3.1506e-05 1.90809e-05 1.27071e-05 9.14849e-06 6.98512e-06 5.56375e-06 4.56693e-06 3.83072e-06 3.26488e-06 2.81655e-06 2.45289e-06 2.15241e-06 1.90045e-06 1.6866e-06 1.50325e-06 1.34471e-06 1.20659e-06 1.08549e-06 9.78717e-07 8.84087e-07 7.99842e-07 7.24726e-07 6.57307e-07 5.96595e-07 5.41761e-07 4.92118e-07 4.47097e-07 4.06229e-07 3.74017e-07
0.00121589 4.77116e-05 2.60311e-05 1.57797e-05 1.0537e-05 7.61178e-06 5.83064e-06 4.65686e-06 3.83072e-06 3.21844e-06 2.74644e-06 2.37152e-06 2.0668e-06 1.81465e-06 1.60295e-06 1.4231e-06 1.26879e-06 1.13528e-06 1.01892e-06 9.16859e-07 8.2684e-07 7.47043e-07 6.76069e-07 6.126e-07 5.55632e-07 5.04327e-07 4.57988e-07 4.16032e-07 3.77979e-07 3.43434e-07 3.16159e-07
0.00106819 4.00552e-05 2.18489e-05 1.32695e-05 8.88849e-06 6.44244e-06 4.94945e-06 3.9622e-06 3.26488e-06 2.74644e-06 2.34572e-06 2.02678e-06 1.76716e-06 1.55208e-06 1.37134e-06 1.21771e-06 1.08583e-06 9.71677e-07 8.72167e-07 7.84872e-07 7.07865e-07 6.39631e-07 5.78861e-07 5.24517e-07 4.7574e-07 4.31814e-07 3.92141e-07 3.5622e-07 3.2364e-07 2.94064e-07 2.70671e-07
0.000946198 3.40162e-05 1.85688e-05 1.13055e-05 7.59795e-06 5.52475e-06 4.25561e-06 3.41342e-06 2.81655e-06 2.37152e-06 2.02678e-06 1.75195e-06 1.52796e-06 1.34223e-06 1.18607e-06 1.05327e-06 9.39235e-07 8.40517e-07 7.54448e-07 6.78938e-07 6.12342e-07 5.53298e-07 5.00715e-07 4.53696e-07 4.11497e-07 3.73497e-07 3.39179e-07 3.08109e-07 2.79929e-07 2.54348e-07 2.34081e-07
0.000843782 2.91573e-05 1.59396e-05 9.73281e-06 6.56305e-06 4.78676e-06 3.69584e-06 2.96938e-06 2.45289e-06 2.0668e-06 1.76716e-06 1.52796e-06 1.33282e-06 1.17091e-06 1.03472e-06 9.18872e-07 8.19378e-07 7.33238e-07 6.58131e-07 5.92246e-07 5.34124e-07 4.82597e-07 4.36712e-07 3.95687e-07 3.58872e-07 3.25724e-07 2.95789e-07 2.68691e-07 2.44115e-07 2.21807e-07 2.04103e-07
0.000756605 2.51824e-05 1.37941e-05 8.44937e-06 5.71684e-06 4.18159e-06 3.23546e-06 2.60324e-06 2.15241e-06 1.81465e-06 1.55208e-06 1.34223e-06 1.17091e-06 1.0287e-06 9.09043e-07 8.07233e-07 7.19792e-07 6.44083e-07 5.78078e-07 5.2017e-07 4.69089e-07 4.23809e-07 3.83492e-07 3.47449e-07 3.15109e-07 2.85994e-07 2.59704e-07 2.35908e-07 2.14329e-07 1.94742e-07 1.79173e-07
0.000681531 2.18849e-05 1.20168e-05 7.38547e-06 5.01383e-06 3.67741e-06 2.8509e-06 2.29672e-06 1.90045e-06 1.60295e-06 1.37134e-06 1.18607e-06 1.03472e-06 9.09043e-07 8.0327e-07 7.13265e-07 6.35958e-07 5.69027e-07 5.10672e-07 4.59481e-07 4.14329e-07 3.74308e-07 3.38679e-07 3.06831e-07 2.78258e-07 2.52538e-07 2.29318e-07 2.08302e-07 1.89246e-07 1.7195e-07 1.58182e-07
0.000616232 1.91165e-05 1.05258e-05 6.49196e-06 4.42204e-06 3.25187e-06 2.52554e-06 2.03691e-06 1.6866e-06 1.4231e-06 1.21771e-06 1.05327e-06 9.18872e-07 8.07233e-07 7.13265e-07 6.33298e-07 5.64615e-07 5.05149e-07 4.53306e-07 4.07831e-07 3.67726e-07 3.32183e-07 3.00544e-07 2.72266e-07 2.469e-07 2.24069e-07 2.0346e-07 1.8481e-07 1.67901e-07 1.52556e-07 1.40322e-07
0.000558943 1.67684e-05 9.26141e-06 5.73319e-06 3.91833e-06 2.88878e-06 2.24735e-06 1.81442e-06 1.50325e-06 1.26879e-06 1.08583e-06 9.39235e-07 8.19378e-07 7.19792e-07 6.35958e-07 5.64615e-07 5.03336e-07 4.50284e-07 4.04037e-07 3.63474e-07 3.27705e-07 2.96008e-07 2.67797e-07 2.42586e-07 2.19974e-07 1.99625e-07 1.81258e-07 1.6464e-07 1.49574e-07 1.35903e-07 1.24989e-07
0.000508299 1.47588e-05 8.17917e-06 5.08273e-06 3.48554e-06 2.5761e-06 2.00732e-06 1.62219e-06 1.34471e-06 1.13528e-06 9.71677e-07 8.40517e-07 7.33238e-07 6.44083e-07 5.69027e-07 5.05149e-07 4.50284e-07 4.02789e-07 3.61388e-07 3.2508e-07 2.93066e-07 2.647e-07 2.39457e-07 2.16901e-07 1.96674e-07 1.78473e-07 1.62047e-07 1.47186e-07 1.33716e-07 1.21494e-07 1.11723e-07
0.000463229 1.30257e-05 7.24536e-06 4.52056e-06 3.11067e-06 2.30468e-06 1.79864e-06 1.45486e-06 1.20659e-06 1.01892e-06 8.72167e-07 7.54448e-07 6.58131e-07 5.78078e-07 5.10672e-07 4.53306e-07 4.04037e-07 3.61388e-07 3.24215e-07 2.91618e-07 2.62879e-07 2.37419e-07 2.14763e-07 1.94523e-07 1.76373e-07 1.60045e-07 1.4531e-07 1.31982e-07 1.19901e-07 1.08941e-07 1.00169e-07
0.000422881 1.15206e-05 6.43394e-06 4.03124e-06 2.78367e-06 2.06747e-06 1.61597e-06 1.30825e-06 1.08549e-06 9.16859e-07 7.84872e-07 6.78938e-07 5.92246e-07 5.2017e-07 4.59481e-07 4.07831e-07 3.63474e-07 3.2508e-07 2.91618e-07 2.62278e-07 2.36414e-07 2.13502e-07 1.93117e-07 1.74907e-07 1.5858e-07 1.43893e-07 1.30642e-07 1.18656e-07 1.07794e-07 9.79401e-08 9.00437e-08
0.000386564 1.02058e-05 5.7245e-06 3.60267e-06 2.49668e-06 1.85889e-06 1.45513e-06 1.17904e-06 9.78717e-07 8.2684e-07 7.07865e-07 6.12342e-07 5.34124e-07 4.69089e-07 4.14329e-07 3.67726e-07 3.27705e-07 2.93066e-07 2.62879e-07 2.36414e-07 2.13085e-07 1.92422e-07 1.74039e-07 1.5762e-07 1.42901e-07 1.29661e-07 1.17717e-07 1.06915e-07 9.71263e-08 8.82473e-08 8.11242e-08
0.000353718 9.051e-06 5.10082e-06 3.22525e-06 2.24344e-06 1.67452e-06 1.31278e-06 1.06458e-06 8.84087e-07 7.47043e-07 6.39631e-07 5.53298e-07 4.82597e-07 4.23809e-07 3.74308e-07 3.32183e-07 2.96008e-07 2.647e-07 2.37419e-07 2.13502e-07 1.92422e-07 1.73752e-07 1.57145e-07 1.42313e-07 1.29017e-07 1.1706e-07 1.06274e-07 9.65197e-08 8.7682e-08 7.9666e-08 7.32287e-08
0.000323876 8.03189e-06 4.5499e-06 2.89126e-06 2.0189e-06 1.51078e-06 1.1862e-06 9.62729e-07 7.99842e-07 6.76069e-07 5.78861e-07 5.00715e-07 4.36712e-07 3.83492e-07 3.38679e-07 3.00544e-07 2.67797e-07 2.39457e-07 2.14763e-07 1.93117e-07 1.74039e-07 1.57145e-07 1.42118e-07 1.28698e-07 1.1667e-07 1.05854e-07 9.6098e-08 8.72764e-08 7.92842e-08 7.20356e-08 6.62093e-08
0.000296652 7.12878e-06 4.06118e-06 2.59446e-06 1.81897e-06 1.36474e-06 1.07318e-06 8.71724e-07 7.24726e-07 6.126e-07 5.24517e-07 4.53696e-07 3.95687e-07 3.47449e-07 3.06831e-07 2.72266e-07 2.42586e-07 2.16901e-07 1.94523e-07 1.74907e-07 1.5762e-07 1.42313e-07 1.28698e-07 1.16541e-07 1.05646e-07 9.58488e-08 8.70132e-08 7.90243e-08 7.17871e-08 6.52238e-08 5.99438e-08
0.00027172 6.32552e-06 3.62604e-06 2.32972e-06 1.6403e-06 1.23402e-06 9.71901e-07 7.90562e-07 6.57307e-07 5.55632e-07 4.7574e-07 4.11497e-07 3.58872e-07 3.15109e-07 2.78258e-07 2.469e-07 2.19974e-07 1.96674e-07 1.76373e-07 1.5858e-07 1.42901e-07 1.29017e-07 1.1667e-07 1.05646e-07 9.57663e-08 8.68835e-08 7.88728e-08 7.16304e-08 6.50699e-08 5.91205e-08 5.4331e-08
0.000248804 5.60883e-06 3.23738e-06 2.09284e-06 1.48013e-06 1.11665e-06 8.81939e-07 7.17486e-07 5.96595e-07 5.04327e-07 4.31814e-07 3.73497e-07 3.25724e-07 2.85994e-07 2.52538e-07 2.24069e-07 1.99625e-07 1.78473e-07 1.60045e-07 1.43893e-07 1.29661e-07 1.1706e-07 1.05854e-07 9.58488e-08 8.68835e-08 7.8823e-08 7.15544e-08 6.49833e-08 5.90313e-08 5.36339e-08 4.92861e-08
0.000227668 4.96773e-06 2.8894e-06 1.88039e-06 1.33621e-06 1.01365e-06 8.00736e-07 6.51499e-07 5.41761e-07 4.57988e-07 3.92141e-07 3.39179e-07 2.95789e-07 2.59704e-07 2.29318e-07 2.0346e-07 1.81258e-07 1.62047e-07 1.4531e-07 1.30642e-07 1.17717e-07 1.06274e-07 9.6098e-08 8.70132e-08 7.88728e-08 7.15544e-08 6.49554e-08 5.89898e-08 5.35865e-08 4.8687e-08 4.47381e-08
0.00020811 4.39317e-06 2.5773e-06 1.68958e-06 1.21321e-06 9.20514e-07 7.27262e-07 5.91771e-07 4.92118e-07 4.16032e-07 3.5622e-07 3.08109e-07 2.68691e-07 2.35908e-07 2.08302e-07 1.8481e-07 1.6464e-07 1.47186e-07 1.31982e-07 1.18656e-07 1.06915e-07 9.65197e-08 8.72764e-08 7.90243e-08 7.16304e-08 6.49833e-08 5.89898e-08 5.35719e-08 4.86647e-08 4.42151e-08 4.06276e-08
0.000189954 3.87773e-06 2.29729e-06 1.53439e-06 1.1019e-06 8.36149e-07 6.60665e-07 5.37613e-07 4.47097e-07 3.77979e-07 3.2364e-07 2.79929e-07 2.44115e-07 2.14329e-07 1.89246e-07 1.67901e-07 1.49574e-07 1.33716e-07 1.19901e-07 1.07794e-07 9.71263e-08 8.7682e-08 7.92842e-08 7.17871e-08 6.50699e-08 5.90313e-08 5.35865e-08 4.86647e-08 4.4207e-08 4.0165e-08 3.69052e-08
0.000173047 3.41551e-06 2.0871e-06 1.39391e-06 1.00103e-06 7.59643e-07 6.0024e-07 4.88459e-07 4.06229e-07 3.43434e-07 2.94064e-07 2.54348e-07 2.21807e-07 1.94742e-07 1.7195e-07 1.52556e-07 1.35903e-07 1.21494e-07 1.08941e-07 9.79401e-08 8.82473e-08 7.9666e-08 7.20356e-08 6.52238e-08 5.91205e-08 5.36339e-08 4.8687e-08 4.42151e-08 4.0165e-08 3.64926e-08 3.35305e-08
0.000161253 3.14155e-06 1.92071e-06 1.28328e-06 9.21784e-07 6.99559e-07 5.52753e-07 4.49779e-07 3.74017e-07 3.16159e-07 2.70671e-07 2.34081e-07 2.04103e-07 1.79173e-07 1.58182e-07 1.40322e-07 1.24989e-07 1.11723e-07 1.00169e-07 9.00437e-08 8.11242e-08 7.32287e-08 6.62093e-08 5.99438e-08 5.4331e-08 4.92861e-08 4.47381e-08 4.06276e-08 3.69052e-08 3.35305e-08 3.0805e-08
