0.383493 0.133157 0.0462352 0.0160539 0.00557427 0.00193551 0.000672052 0.000233351 8.10248e-05 2.81336e-05 9.76861e-06 3.39188e-06 1.17774e-06 4.08936e-07 1.41992e-07 4.93027e-08 1.7119e-08 5.94409e-09 2.06392e-09 7.16639e-10 2.48833e-10 8.64003e-11 3.00001e-11 1.04167e-11 3.61691e-12 1.25587e-12 4.36067e-13 1.51412e-13 5.25736e-14 1.82547e-14 6.33845e-15 2.20085e-15 7.64184e-16 2.65342e-16 9.21325e-17 3.19905e-17 1.11078e-17 3.85688e-18 1.33919e-18 4.64998e-19 1.61457e-19 5.60616e-20 1.94658e-20 6.75897e-21 2.34687e-21 8.14884e-22 2.82946e-22 9.82451e-23 3.41129e-23 1.18447e-23 4.11276e-24 1.42804e-24 4.95848e-25 1.72169e-25 5.9781e-26 2.07573e-26 7.2074e-27 2.50257e-27 8.68947e-28 3.01718e-28 1.04763e-28 3.63761e-29 1.26306e-29 4.38562e-30 1.52278e-30 5.28745e-31 1.83592e-31 6.37472e-32 2.21344e-32 7.68557e-33 2.6686e-33 9.26597e-34 3.21735e-34 1.11714e-34 3.87894e-35 1.34686e-35 4.67658e-36 1.62381e-36 5.63824e-37 1.95772e-37 6.79765e-38 2.36029e-38 8.19547e-39 2.84565e-39 9.88072e-40 3.43081e-40 1.19125e-40 4.13629e-41 1.43621e-41 4.98685e-42 1.73154e-42 6.01231e-43 2.08761e-43 7.24864e-44 2.51689e-44 8.73919e-45 3.03444e-45 1.05363e-45 3.65842e-46 1.27029e-46 4.41071e-47
0.133157 0.0625818 0.0274057 0.0114867 0.00467274 0.00186008 0.000728365 0.000281551 0.000107708 4.08522e-05 1.5384e-05 5.75806e-06 2.14391e-06 7.94614e-07 2.93339e-07 1.07906e-07 3.9569e-08 1.44689e-08 5.27731e-09 1.92038e-09 6.97344e-10 2.5274e-10 9.14398e-11 3.30287e-11 1.19123e-11 4.2904e-12 1.54325e-12 5.54439e-13 1.98968e-13 7.1327e-14 2.55444e-14 9.13978e-15 3.26735e-15 1.16707e-15 4.16543e-16 1.4856e-16 5.2947e-17 1.88578e-17 6.71226e-18 2.38773e-18 8.48894e-19 3.01637e-19 1.07125e-19 3.80259e-20 1.34915e-20 4.78459e-21 1.69605e-21 6.00968e-22 2.12857e-22 7.53628e-23 2.66725e-23 9.43661e-24 3.33747e-24 1.17998e-24 4.17054e-25 1.47359e-25 5.2051e-26 1.83805e-26 6.48878e-27 2.29009e-27 8.08031e-28 2.85032e-28 1.0052e-28 3.54411e-29 1.24929e-29 4.40272e-30 1.55126e-30 5.46458e-31 1.9246e-31 6.77697e-32 2.38588e-32 8.39804e-33 2.95548e-33 1.03992e-33 3.65846e-34 1.28683e-34 4.52559e-35 1.59132e-35 5.59463e-36 1.96661e-36 6.91196e-37 2.42896e-37 8.53451e-38 2.9983e-38 1.05321e-38 3.69909e-39 1.29903e-39 4.5613e-40 1.60141e-40 5.62169e-41 1.97323e-41 6.92531e-42 2.43025e-42 8.52735e-43 2.99178e-43 1.04954e-43 3.68149e-44 1.29123e-44 4.52835e-45 1.58794e-45 5.56782e-46
0.0462352 0.0274057 0.0141543 0.00676717 0.00307695 0.00135006 0.000576706 0.000241239 9.92186e-05 4.02412e-05 1.61304e-05 6.40116e-06 2.51827e-06 9.83215e-07 3.81318e-07 1.47007e-07 5.63735e-08 2.15141e-08 8.17491e-09 3.09401e-09 1.16677e-09 4.38537e-10 1.64322e-10 6.13978e-11 2.28807e-11 8.506e-12 3.15494e-12 1.1677e-12 4.31326e-13 1.59025e-13 5.85277e-14 2.15048e-14 7.8891e-15 2.88985e-15 1.0571e-15 3.86166e-16 1.40891e-16 5.13419e-17 1.8688e-17 6.79481e-18 2.46797e-18 8.95509e-19 3.24628e-19 1.17572e-19 4.25446e-20 1.53823e-20 5.55707e-21 2.00602e-21 7.23606e-22 2.6083e-22 9.39537e-23 3.38206e-23 1.21666e-23 4.37413e-24 1.57164e-24 5.64371e-25 2.02551e-25 7.26554e-26 2.60481e-26 9.33393e-27 3.34303e-27 1.19677e-27 4.28232e-28 1.53163e-28 5.47574e-29 1.9568e-29 6.98995e-30 2.49591e-30 8.90871e-31 3.17861e-31 1.13371e-31 4.04214e-32 1.44069e-32 5.13314e-33 1.82832e-33 6.51002e-34 2.31727e-34 8.2459e-35 2.93339e-35 1.04322e-35 3.70902e-36 1.31832e-36 4.68454e-37 1.66417e-37 5.91038e-38 2.09857e-38 7.44946e-39 2.64375e-39 9.38025e-40 3.32742e-40 1.18005e-40 4.18409e-41 1.48322e-41 5.25674e-42 1.86268e-42 6.59888e-43 2.33731e-43 8.27708e-44 2.93058e-44 1.03741e-44 3.67168e-45
0.0160539 0.0114867 0.00676717 0.00359627 0.00178967 0.000850377 0.000390294 0.000174335 7.61824e-05 3.2692e-05 1.38159e-05 5.76265e-06 2.37643e-06 9.70275e-07 3.92674e-07 1.5767e-07 6.28633e-08 2.49041e-08 9.80901e-09 3.84308e-09 1.49839e-09 5.8161e-10 2.24825e-10 8.65762e-11 3.32207e-11 1.27052e-11 4.84404e-12 1.84152e-12 6.98176e-13 2.64023e-13 9.96026e-14 3.74897e-14 1.40805e-14 5.27762e-15 1.97433e-15 7.37228e-16 2.74806e-16 1.02265e-16 3.79961e-17 1.40959e-17 5.22177e-18 1.93171e-18 7.13656e-19 2.6332e-19 9.70397e-20 3.57196e-20 1.31333e-20 4.82361e-21 1.76977e-21 6.48674e-22 2.37528e-22 8.68959e-23 3.17608e-23 1.15986e-23 4.2321e-24 1.54295e-24 5.62091e-25 2.04612e-25 7.44276e-26 2.70537e-26 9.82697e-27 3.56714e-27 1.29401e-27 4.69115e-28 1.69963e-28 6.15417e-29 2.22706e-29 8.05471e-30 2.91158e-30 1.0519e-30 3.79835e-31 1.37086e-31 4.94515e-32 1.78302e-32 6.4258e-33 2.31473e-33 8.33448e-34 2.99963e-34 1.07913e-34 3.88057e-35 1.3949e-35 5.01208e-36 1.80022e-36 6.46349e-37 2.31979e-37 8.32285e-38 2.98498e-38 1.07019e-38 3.83559e-39 1.37423e-39 4.92204e-40 1.76235e-40 6.30819e-41 2.25727e-41 8.07481e-42 2.88771e-42 1.0324e-42 3.68997e-43 1.31849e-43 4.70988e-44 1.68201e-44
0.00557427 0.00467274 0.00307695 0.00178967 0.000962543 0.000490003 0.000239382 0.000113233 5.21821e-05 2.35327e-05 1.04203e-05 4.54231e-06 1.95321e-06 8.29887e-07 3.48879e-07 1.45281e-07 5.99839e-08 2.45756e-08 9.99813e-09 4.04149e-09 1.62405e-09 6.49072e-10 2.58107e-10 1.02159e-10 4.02594e-11 1.58013e-11 6.17833e-12 2.40714e-12 9.3471e-13 3.61812e-13 1.39636e-13 5.37393e-14 2.06267e-14 7.89714e-15 3.01627e-15 1.14942e-15 4.37066e-16 1.6585e-16 6.28096e-17 2.3742e-17 8.95825e-18 3.37426e-18 1.26886e-18 4.76388e-19 1.78584e-19 6.6848e-20 2.49874e-20 9.32746e-21 3.47727e-21 1.29469e-21 4.81463e-22 1.78834e-22 6.63509e-23 2.45904e-23 9.10385e-24 3.36697e-24 1.244e-24 4.59183e-25 1.69334e-25 6.23896e-26 2.29667e-26 8.44725e-27 3.10437e-27 1.13994e-27 4.18266e-28 1.53353e-28 5.61841e-29 2.05694e-29 7.52536e-30 2.75129e-30 1.00522e-30 3.67029e-31 1.33927e-31 4.88394e-32 1.77997e-32 6.48335e-33 2.36015e-33 8.58693e-34 3.12249e-34 1.13483e-34 4.12229e-35 1.49667e-35 5.43121e-36 1.96996e-36 7.14187e-37 2.588e-37 9.37391e-38 3.39378e-38 1.22817e-38 4.4427e-39 1.6064e-39 5.80611e-40 2.09769e-40 7.57578e-41 2.73493e-41 9.86962e-42 3.56036e-42 1.2839e-42 4.6282e-43 1.66779e-43 6.0079e-44
0.00193551 0.00186008 0.00135006 0.000850377 0.000490003 0.000265262 0.000137034 6.82415e-05 3.29886e-05 1.55585e-05 7.18634e-06 3.26031e-06 1.45624e-06 6.41564e-07 2.79224e-07 1.20207e-07 5.12434e-08 2.1651e-08 9.07393e-09 3.77473e-09 1.55959e-09 6.40323e-10 2.61368e-10 1.06108e-10 4.28601e-11 1.72308e-11 6.89667e-12 2.74896e-12 1.09145e-12 4.31755e-13 1.70201e-13 6.68741e-14 2.61939e-14 1.02296e-14 3.98376e-15 1.54728e-15 5.99424e-16 2.31656e-16 8.93192e-17 3.43621e-17 1.31914e-17 5.05378e-18 1.93238e-18 7.37486e-19 2.80951e-19 1.06845e-19 4.05652e-20 1.53764e-20 5.81945e-21 2.19918e-21 8.29873e-22 3.12721e-22 1.17684e-22 4.42297e-23 1.66021e-23 6.22417e-24 2.3307e-24 8.71755e-25 3.25702e-25 1.21556e-25 4.53192e-26 1.68789e-26 6.28028e-27 2.33452e-27 8.66984e-28 3.21685e-28 1.19253e-28 4.41705e-29 1.63468e-29 6.04478e-30 2.23348e-30 8.24612e-31 3.04221e-31 1.12152e-31 4.13158e-32 1.52097e-32 5.59533e-33 2.05704e-33 7.55744e-34 2.77479e-34 1.01816e-34 3.73367e-35 1.36835e-35 5.01193e-36 1.8347e-36 6.71248e-37 2.4545e-37 8.97039e-38 3.27666e-38 1.19627e-38 4.36524e-39 1.59211e-39 5.80401e-40 2.11484e-40 7.70239e-41 2.80398e-41 1.02031e-41 3.71104e-42 1.34919e-42 4.90309e-43 1.78108e-43
0.000672052 0.000728365 0.000576706 0.000390294 0.000239382 0.000137034 7.44886e-05 3.8879e-05 1.96354e-05 9.64906e-06 4.63303e-06 2.18066e-06 1.00871e-06 4.59516e-07 2.06505e-07 9.16796e-08 4.02574e-08 1.75022e-08 7.54039e-09 3.22166e-09 1.36596e-09 5.75076e-10 2.40527e-10 9.99891e-11 4.13306e-11 1.69934e-11 6.95223e-12 2.83096e-12 1.1477e-12 4.63357e-13 1.86335e-13 7.46549e-14 2.98049e-14 1.18594e-14 4.70382e-15 1.86004e-15 7.33388e-16 2.88367e-16 1.13086e-16 4.4236e-17 1.7262e-17 6.72042e-18 2.61057e-18 1.01191e-18 3.91433e-19 1.51117e-19 5.8229e-20 2.23959e-20 8.59858e-21 3.29567e-21 1.26108e-21 4.81781e-22 1.83775e-22 6.99962e-23 2.66217e-23 1.01109e-23 3.8349e-24 1.45261e-24 5.49525e-25 2.0763e-25 7.83558e-26 2.95355e-26 1.11205e-26 4.18243e-27 1.57132e-27 5.89723e-28 2.21101e-28 8.28138e-29 3.09882e-29 1.15846e-29 4.32685e-30 1.61463e-30 6.01999e-31 2.24259e-31 8.34725e-32 3.10446e-32 1.15368e-32 4.28399e-33 1.58959e-33 5.89386e-34 2.18375e-34 8.08534e-35 2.99154e-35 1.10611e-35 4.08708e-36 1.50921e-36 5.5694e-37 2.05399e-37 7.57052e-38 2.78865e-38 1.02662e-38 3.77724e-39 1.38899e-39 5.10484e-40 1.87513e-40 6.88417e-41 2.52607e-41 9.26444e-42 3.39606e-42 1.24428e-42 4.55672e-43
0.000233351 0.000281551 0.000241239 0.000174335 0.000113233 6.82415e-05 3.8879e-05 2.11938e-05 1.11467e-05 5.69041e-06 2.8325e-06 1.37959e-06 6.59316e-07 3.09867e-07 1.43482e-07 6.55589e-08 2.95965e-08 1.32161e-08 5.84305e-09 2.55979e-09 1.11202e-09 4.79337e-10 2.05133e-10 8.7199e-11 3.68354e-11 1.54694e-11 6.46085e-12 2.68448e-12 1.10998e-12 4.56849e-13 1.87215e-13 7.64044e-14 3.10598e-14 1.25796e-14 5.07689e-15 2.04205e-15 8.18727e-16 3.27249e-16 1.3042e-16 5.18306e-17 2.05428e-17 8.12105e-18 3.20248e-18 1.25987e-18 4.94503e-19 1.93666e-19 7.56859e-20 2.95179e-20 1.14894e-20 4.46356e-21 1.73087e-21 6.69994e-22 2.58899e-22 9.98767e-23 3.84677e-23 1.47927e-23 5.67991e-24 2.17768e-24 8.33735e-25 3.18756e-25 1.21704e-25 4.64069e-26 1.76729e-26 6.72193e-27 2.55363e-27 9.68978e-28 3.6726e-28 1.39044e-28 5.25845e-29 1.98658e-29 7.49735e-30 2.82666e-30 1.06467e-30 4.00625e-31 1.50611e-31 5.65692e-32 2.12284e-32 7.95931e-33 2.98171e-33 1.11607e-33 4.17415e-34 1.5599e-34 5.8249e-35 2.17345e-35 8.10374e-36 3.01929e-36 1.12412e-36 4.18233e-37 1.55498e-37 5.77749e-38 2.1452e-38 7.96002e-39 2.95179e-39 1.09393e-39 4.05158e-40 1.49969e-40 5.54783e-41 2.05113e-41 7.57913e-42 2.799e-42 1.03312e-42
8.10248e-05 0.000107708 9.92186e-05 7.61824e-05 5.21821e-05 3.29886e-05 1.96354e-05 1.11467e-05 6.08896e-06 3.22131e-06 1.65852e-06 8.34143e-07 4.1104e-07 1.98929e-07 9.47426e-08 4.44776e-08 2.06107e-08 9.43873e-09 4.27614e-09 1.91819e-09 8.52653e-10 3.75829e-10 1.64364e-10 7.13608e-11 3.0772e-11 1.31852e-11 5.61589e-12 2.37853e-12 1.00207e-12 4.20058e-13 1.75253e-13 7.279e-14 3.01042e-14 1.24e-14 5.08795e-15 2.08001e-15 8.47354e-16 3.44039e-16 1.39237e-16 5.61785e-17 2.25998e-17 9.0659e-18 3.62692e-18 1.44721e-18 5.76014e-19 2.2871e-19 9.0599e-20 3.58085e-20 1.41223e-20 5.55798e-21 2.18297e-21 8.55712e-22 3.348e-22 1.30751e-22 5.09725e-23 1.98371e-23 7.70715e-24 2.98956e-24 1.15781e-24 4.47717e-25 1.72872e-25 6.66533e-26 2.56631e-26 9.86741e-27 3.78897e-27 1.45304e-27 5.56529e-28 2.12895e-28 8.13437e-29 3.10439e-29 1.18341e-29 4.50621e-30 1.71403e-30 6.51277e-31 2.47209e-31 9.37405e-32 3.55109e-32 1.34393e-32 5.08142e-33 1.91952e-33 7.24451e-34 2.73176e-34 1.02921e-34 3.87433e-35 1.45724e-35 5.47664e-36 2.05661e-36 7.71711e-37 2.89351e-37 1.08411e-37 4.05884e-38 1.51852e-38 5.67717e-39 2.12102e-39 7.91887e-40 2.95456e-40 1.10164e-40 4.10496e-41 1.52864e-41 5.68894e-42 2.1159e-42
2.81336e-05 4.08522e-05 4.02412e-05 3.2692e-05 2.35327e-05 1.55585e-05 9.64906e-06 5.69041e-06 3.22131e-06 1.76246e-06 9.3678e-07 4.85642e-07 2.46337e-07 1.22571e-07 5.9952e-08 2.88763e-08 1.37165e-08 6.43366e-09 2.98305e-09 1.36855e-09 6.21751e-10 2.79928e-10 1.24977e-10 5.53627e-11 2.43462e-11 1.06334e-11 4.6145e-12 1.99045e-12 8.5369e-13 3.64175e-13 1.54563e-13 6.52832e-14 2.74475e-14 1.14897e-14 4.7897e-15 1.98878e-15 8.22656e-16 3.39062e-16 1.39262e-16 5.70096e-17 2.32637e-17 9.46419e-18 3.83895e-18 1.5528e-18 6.26379e-19 2.52013e-19 1.01137e-19 4.04895e-20 1.61716e-20 6.44434e-21 2.56242e-21 1.01672e-21 4.02584e-22 1.59092e-22 6.27487e-23 2.47029e-23 9.70745e-24 3.80801e-24 1.49124e-24 5.83013e-25 2.27566e-25 8.86863e-26 3.45098e-26 1.34086e-26 5.20235e-27 2.0156e-27 7.79853e-28 3.0133e-28 1.1628e-28 4.48144e-29 1.72501e-29 6.63196e-30 2.54671e-30 9.76825e-31 3.74253e-31 1.43231e-31 5.47572e-32 2.09117e-32 7.97796e-33 3.04059e-33 1.1577e-33 4.40371e-34 1.67352e-34 6.35396e-35 2.41027e-35 9.13485e-36 3.45909e-36 1.30874e-36 4.94748e-37 1.86879e-37 7.05323e-38 2.65997e-38 1.00237e-38 3.77446e-39 1.42023e-39 5.34007e-40 2.00643e-40 7.53352e-41 2.82665e-41 1.05987e-41 3.97141e-42
9.76861e-06 1.5384e-05 1.61304e-05 1.38159e-05 1.04203e-05 7.18634e-06 4.63303e-06 2.8325e-06 1.65852e-06 9.3678e-07 5.1318e-07 2.73803e-07 1.42754e-07 7.29279e-08 3.6586e-08 1.80574e-08 8.78205e-09 4.2142e-09 1.99762e-09 9.36317e-10 4.34334e-10 1.9955e-10 9.0866e-11 4.10334e-11 1.83864e-11 8.17885e-12 3.61339e-12 1.58613e-12 6.9203e-13 3.00203e-13 1.29522e-13 5.55945e-14 2.3746e-14 1.00954e-14 4.27297e-15 1.80092e-15 7.55963e-16 3.16101e-16 1.31687e-16 5.46657e-17 2.26157e-17 9.32572e-18 3.83345e-18 1.57103e-18 6.41966e-19 2.61591e-19 1.06306e-19 4.30883e-20 1.74207e-20 7.02609e-21 2.82709e-21 1.13494e-21 4.54624e-22 1.81719e-22 7.24855e-23 2.88555e-23 1.14646e-23 4.54642e-24 1.79962e-24 7.1108e-25 2.8048e-25 1.10447e-25 4.34202e-26 1.70426e-26 6.67891e-27 2.61347e-27 1.02115e-27 3.98413e-28 1.55228e-28 6.03965e-29 2.34679e-29 9.10691e-30 3.52952e-30 1.36622e-30 5.28199e-31 2.03967e-31 7.86717e-32 3.03099e-32 1.16646e-32 4.48418e-33 1.72201e-33 6.60599e-34 2.53162e-34 9.69226e-35 3.70705e-35 1.4165e-35 5.40754e-36 2.06245e-36 7.85915e-37 2.99216e-37 1.1382e-37 4.32597e-38 1.64281e-38 6.23355e-39 2.36339e-39 8.95351e-40 3.38934e-40 1.28206e-40 4.84593e-41 1.83032e-41 6.90821e-42
3.39188e-06 5.75806e-06 6.40116e-06 5.76265e-06 4.54231e-06 3.26031e-06 2.18066e-06 1.37959e-06 8.34143e-07 4.85642e-07 2.73803e-07 1.50145e-07 8.03615e-08 4.20996e-08 2.16375e-08 1.09315e-08 5.43765e-09 2.66688e-09 1.29118e-09 6.17745e-10 2.92331e-10 1.36941e-10 6.35472e-11 2.92308e-11 1.33357e-11 6.03734e-12 2.71351e-12 1.21131e-12 5.37264e-13 2.36852e-13 1.03816e-13 4.52562e-14 1.96262e-14 8.46931e-15 3.63759e-15 1.55534e-15 6.62178e-16 2.80762e-16 1.18575e-16 4.98898e-17 2.0915e-17 8.73763e-18 3.63813e-18 1.50997e-18 6.24757e-19 2.57726e-19 1.06012e-19 4.34858e-20 1.77899e-20 7.25893e-21 2.95449e-21 1.19961e-21 4.85931e-22 1.96391e-22 7.9197e-23 3.18689e-23 1.27974e-23 5.12864e-24 2.05131e-24 8.18905e-25 3.26311e-25 1.29792e-25 5.15352e-26 2.04277e-26 8.08375e-27 3.19377e-27 1.25983e-27 4.96192e-28 1.95136e-28 7.66285e-29 3.00485e-29 1.17666e-29 4.60138e-30 1.797e-30 7.00881e-31 2.73017e-31 1.06217e-31 4.12738e-32 1.60191e-32 6.21009e-33 2.40471e-33 9.30135e-34 3.59382e-34 1.38708e-34 5.34803e-35 2.05988e-35 7.92599e-36 3.04676e-36 1.17005e-36 4.48908e-37 1.72071e-37 6.58969e-38 2.52135e-38 9.63875e-39 3.68158e-39 1.40502e-39 5.35757e-40 2.04127e-40 7.77114e-41 2.95616e-41 1.12366e-41
1.17774e-06 2.14391e-06 2.51827e-06 2.37643e-06 1.95321e-06 1.45624e-06 1.00871e-06 6.59316e-07 4.1104e-07 2.46337e-07 1.42754e-07 8.03615e-08 4.41047e-08 2.36688e-08 1.24502e-08 6.4323e-09 3.26953e-09 1.63746e-09 8.09036e-10 3.94779e-10 1.90434e-10 9.08884e-11 4.29506e-11 2.01103e-11 9.33501e-12 4.29827e-12 1.96411e-12 8.91093e-13 4.0155e-13 1.79794e-13 8.00161e-14 3.54062e-14 1.55813e-14 6.82129e-15 2.97148e-15 1.28831e-15 5.56032e-16 2.38945e-16 1.02257e-16 4.35873e-17 1.85083e-17 7.83034e-18 3.30112e-18 1.38697e-18 5.80832e-19 2.42474e-19 1.00916e-19 4.1877e-20 1.73285e-20 7.1508e-21 2.94304e-21 1.20815e-21 4.94729e-22 2.021e-22 8.23663e-23 3.34926e-23 1.35891e-23 5.50182e-24 2.2229e-24 8.96309e-25 3.60697e-25 1.44877e-25 5.8083e-26 2.32441e-26 9.28564e-27 3.7031e-27 1.47432e-27 5.86019e-28 2.32562e-28 9.21495e-29 3.64576e-29 1.44026e-29 5.68155e-30 2.2381e-30 8.80425e-31 3.45875e-31 1.35698e-31 5.31704e-32 2.08073e-32 8.13256e-33 3.17478e-33 1.2379e-33 4.82119e-34 1.87555e-34 7.28824e-35 2.82906e-35 1.09698e-35 4.24912e-36 1.6442e-36 6.35583e-37 2.45449e-37 9.46953e-38 3.64991e-38 1.4055e-38 5.40732e-39 2.07846e-39 7.98211e-40 3.06278e-40 1.17421e-40 4.49788e-41 1.72153e-41
4.08936e-07 7.94614e-07 9.83215e-07 9.70275e-07 8.29887e-07 6.41564e-07 4.59516e-07 3.09867e-07 1.98929e-07 1.22571e-07 7.29279e-08 4.20996e-08 2.36688e-08 1.29993e-08 6.99194e-09 3.69085e-09 1.91548e-09 9.7884e-10 4.93171e-10 2.45261e-10 1.20515e-10 5.8562e-11 2.81638e-11 1.34144e-11 6.33174e-12 2.96343e-12 1.37595e-12 6.34091e-13 2.90148e-13 1.31878e-13 5.95618e-14 2.67387e-14 1.1935e-14 5.29822e-15 2.33979e-15 1.02817e-15 4.49661e-16 1.95763e-16 8.48565e-17 3.66289e-17 1.57478e-17 6.74435e-18 2.87773e-18 1.22352e-18 5.18413e-19 2.18928e-19 9.2159e-20 3.86752e-20 1.61819e-20 6.7511e-21 2.8087e-21 1.16537e-21 4.82262e-22 1.99068e-22 8.19689e-23 3.36714e-23 1.37996e-23 5.64277e-24 2.30234e-24 9.37393e-25 3.80869e-25 1.54439e-25 6.2501e-26 2.52457e-26 1.01785e-26 4.09629e-27 1.64563e-27 6.59973e-28 2.64235e-28 1.05619e-28 4.21503e-29 1.6795e-29 6.68186e-30 2.6544e-30 1.05294e-30 4.17081e-31 1.64981e-31 6.51708e-32 2.57096e-32 1.01291e-32 3.98555e-33 1.56626e-33 6.14765e-34 2.41008e-34 9.43722e-35 3.6911e-35 1.44204e-35 5.6275e-36 2.19373e-36 8.54255e-37 3.32306e-37 1.29135e-37 5.01314e-38 1.94423e-38 7.53292e-39 2.91585e-39 1.12761e-39 4.35669e-40 1.68174e-40 6.486e-41 2.49928e-41
1.41992e-07 2.93339e-07 3.81318e-07 3.92674e-07 3.48879e-07 2.79224e-07 2.06505e-07 1.43482e-07 9.47426e-08 5.9952e-08 3.6586e-08 2.16375e-08 1.24502e-08 6.99194e-09 3.84238e-09 2.07077e-09 1.09646e-09 5.71302e-10 2.9332e-10 1.48571e-10 7.43175e-11 3.67461e-11 1.7974e-11 8.70371e-12 4.17516e-12 1.98519e-12 9.36103e-13 4.37967e-13 2.03398e-13 9.38021e-14 4.29731e-14 1.95634e-14 8.85297e-15 3.98343e-15 1.78263e-15 7.93613e-16 3.5156e-16 1.54997e-16 6.80252e-17 2.97247e-17 1.29343e-17 5.60551e-18 2.41993e-18 1.0408e-18 4.46037e-19 1.90487e-19 8.10781e-20 3.43983e-20 1.45483e-20 6.13446e-21 2.5791e-21 1.08126e-21 4.52063e-22 1.88501e-22 7.83982e-23 3.25246e-23 1.34605e-23 5.55757e-24 2.28935e-24 9.40959e-25 3.8591e-25 1.57937e-25 6.45044e-26 2.62921e-26 1.06958e-26 4.34285e-27 1.76008e-27 7.12039e-28 2.87547e-28 1.15922e-28 4.66546e-29 1.8746e-29 7.52016e-30 3.01207e-30 1.20458e-30 4.81014e-31 1.91797e-31 7.63669e-32 3.03639e-32 1.20563e-32 4.78066e-33 1.89317e-33 7.4874e-34 2.95749e-34 1.16675e-34 4.59734e-35 1.80933e-35 7.1125e-36 2.79274e-36 1.09534e-36 4.29132e-37 1.67944e-37 6.5656e-38 2.56409e-38 1.00034e-38 3.89875e-39 1.51801e-39 5.90478e-40 2.29466e-40 8.90894e-41 3.45569e-41
4.93027e-08 1.07906e-07 1.47007e-07 1.5767e-07 1.45281e-07 1.20207e-07 9.16796e-08 6.55589e-08 4.44776e-08 2.88763e-08 1.80574e-08 1.09315e-08 6.4323e-09 3.69085e-09 2.07077e-09 1.13857e-09 6.14661e-10 3.26337e-10 1.70633e-10 8.7974e-11 4.47719e-11 2.25127e-11 1.1194e-11 5.50807e-12 2.68389e-12 1.29581e-12 6.20247e-13 2.94478e-13 1.3874e-13 6.48912e-14 3.01422e-14 1.39096e-14 6.37897e-15 2.90807e-15 1.31826e-15 5.94354e-16 2.6659e-16 1.18985e-16 5.28539e-17 2.33714e-17 1.02895e-17 4.51102e-18 1.9697e-18 8.5671e-19 3.71225e-19 1.60276e-19 6.89573e-20 2.95684e-20 1.26374e-20 5.38413e-21 2.28691e-21 9.68493e-22 4.08978e-22 1.72225e-22 7.23307e-23 3.02979e-23 1.2659e-23 5.27612e-24 2.19376e-24 9.10016e-25 3.76638e-25 1.55539e-25 6.40949e-26 2.6357e-26 1.08164e-26 4.43003e-27 1.81087e-27 7.38835e-28 3.00888e-28 1.22315e-28 4.96353e-29 2.01074e-29 8.13187e-30 3.28332e-30 1.32355e-30 5.32701e-31 2.14073e-31 8.58989e-32 3.44172e-32 1.37701e-32 5.50161e-33 2.19504e-33 8.74596e-34 3.48015e-34 1.38301e-34 5.48907e-35 2.17586e-35 8.61454e-36 3.40653e-36 1.34549e-36 5.3082e-37 2.09181e-37 8.23403e-38 3.23764e-38 1.27168e-38 4.98965e-39 1.95575e-39 7.65795e-40 2.99556e-40 1.17062e-40 4.57022e-41
1.7119e-08 3.9569e-08 5.63735e-08 6.28633e-08 5.99839e-08 5.12434e-08 4.02574e-08 2.95965e-08 2.06107e-08 1.37165e-08 8.78205e-09 5.43765e-09 3.26953e-09 1.91548e-09 1.09646e-09 6.14661e-10 3.3811e-10 1.82806e-10 9.72878e-11 5.10283e-11 2.64075e-11 1.34968e-11 6.81859e-12 3.40766e-12 1.68583e-12 8.26116e-13 4.01217e-13 1.9322e-13 9.23129e-14 4.37717e-14 2.06071e-14 9.63577e-15 4.47659e-15 2.06696e-15 9.48773e-16 4.33066e-16 1.96614e-16 8.88054e-17 3.99139e-17 1.78547e-17 7.95078e-18 3.52508e-18 1.55633e-18 6.84348e-19 2.99748e-19 1.30798e-19 5.6868e-20 2.46383e-20 1.06384e-20 4.57847e-21 1.96418e-21 8.40054e-22 3.5821e-22 1.52304e-22 6.45753e-23 2.73048e-23 1.1515e-23 4.84363e-24 2.03233e-24 8.50671e-25 3.55225e-25 1.47994e-25 6.15197e-26 2.55174e-26 1.05617e-26 4.36245e-27 1.79825e-27 7.39797e-28 3.03766e-28 1.24494e-28 5.09287e-29 2.07968e-29 8.47757e-30 3.44986e-30 1.40154e-30 5.68457e-31 2.30194e-31 9.30703e-32 3.75717e-32 1.51446e-32 6.09563e-33 2.44992e-33 9.8327e-34 3.94088e-34 1.57734e-34 6.30491e-35 2.51691e-35 1.00346e-35 3.99566e-36 1.58907e-36 6.31209e-37 2.50431e-37 9.92425e-38 3.92836e-38 1.55324e-38 6.13458e-39 2.42026e-39 9.53843e-40 3.75524e-40 1.4769e-40 5.80265e-41
5.94409e-09 1.44689e-08 2.15141e-08 2.49041e-08 2.45756e-08 2.1651e-08 1.75022e-08 1.32161e-08 9.43873e-09 6.43366e-09 4.2142e-09 2.66688e-09 1.63746e-09 9.7884e-10 5.71302e-10 3.26337e-10 1.82806e-10 1.00597e-10 5.44625e-11 2.90464e-11 1.52778e-11 7.93303e-12 4.07018e-12 2.06505e-12 1.0368e-12 5.15457e-13 2.53904e-13 1.23982e-13 6.00431e-14 2.88522e-14 1.37619e-14 6.51812e-15 3.06662e-15 1.4336e-15 6.66118e-16 3.07716e-16 1.41362e-16 6.45957e-17 2.93668e-17 1.32856e-17 5.98218e-18 2.68146e-18 1.19672e-18 5.31852e-19 2.35414e-19 1.03795e-19 4.55917e-20 1.99533e-20 8.70187e-21 3.78209e-21 1.6384e-21 7.07491e-22 3.04563e-22 1.30716e-22 5.59394e-23 2.38714e-23 1.01589e-23 4.31175e-24 1.8253e-24 7.70763e-25 3.24669e-25 1.36434e-25 5.71995e-26 2.39264e-26 9.98628e-27 4.15905e-27 1.72851e-27 7.16898e-28 2.96739e-28 1.22587e-28 5.05457e-29 2.08024e-29 8.54582e-30 3.50444e-30 1.43459e-30 5.86271e-31 2.39191e-31 9.74276e-32 3.96211e-32 1.60876e-32 6.52218e-33 2.64023e-33 1.06722e-33 4.30765e-34 1.73625e-34 6.98853e-35 2.80911e-35 1.12765e-35 4.52075e-36 1.81005e-36 7.23812e-37 2.89084e-37 1.15318e-37 4.59462e-38 1.82851e-38 7.26849e-39 2.88603e-39 1.14466e-39 4.53502e-40 1.7948e-40 7.09568e-41
2.06392e-09 5.27731e-09 8.17491e-09 9.80901e-09 9.99813e-09 9.07393e-09 7.54039e-09 5.84305e-09 4.27614e-09 2.98305e-09 1.99762e-09 1.29118e-09 8.09036e-10 4.93171e-10 2.9332e-10 1.70633e-10 9.72878e-11 5.44625e-11 2.99809e-11 1.62509e-11 8.68365e-12 4.57897e-12 2.38489e-12 1.2279e-12 6.2541e-13 3.15328e-13 1.57477e-13 7.79399e-14 3.82479e-14 1.8619e-14 8.99471e-15 4.31383e-15 2.05465e-15 9.72191e-16 4.57126e-16 2.13655e-16 9.92871e-17 4.58863e-17 2.10951e-17 9.64895e-18 4.39203e-18 1.98984e-18 8.97457e-19 4.03018e-19 1.80226e-19 8.02711e-20 3.56128e-20 1.57405e-20 6.93181e-21 3.0419e-21 1.33034e-21 5.79886e-22 2.5196e-22 1.09137e-22 4.71304e-23 2.02936e-23 8.7133e-24 3.73083e-24 1.59317e-24 6.78549e-25 2.88268e-25 1.22162e-25 5.16449e-26 2.17821e-26 9.16591e-27 3.84841e-27 1.61228e-27 6.74028e-28 2.81199e-28 1.17076e-28 4.86479e-29 2.01753e-29 8.35131e-30 3.45054e-30 1.4231e-30 5.85889e-31 2.40793e-31 9.87959e-32 4.04682e-32 1.65495e-32 6.75715e-33 2.75466e-33 1.12127e-33 4.55724e-34 1.84951e-34 7.49529e-35 3.03325e-35 1.22582e-35 4.94716e-36 1.99392e-36 8.02585e-37 3.2264e-37 1.29538e-37 5.19444e-38 2.08043e-38 8.3224e-39 3.32533e-39 1.32715e-39 5.29069e-40 2.10679e-40 8.3802e-41
7.16639e-10 1.92038e-09 3.09401e-09 3.84308e-09 4.04149e-09 3.77473e-09 3.22166e-09 2.55979e-09 1.91819e-09 1.36855e-09 9.36317e-10 6.17745e-10 3.94779e-10 2.45261e-10 1.48571e-10 8.7974e-11 5.10283e-11 2.90464e-11 1.62509e-11 8.94871e-12 4.85579e-12 2.59917e-12 1.37371e-12 7.17462e-13 3.70575e-13 1.89418e-13 9.58736e-14 4.80786e-14 2.39e-14 1.17826e-14 5.76322e-15 2.79795e-15 1.34872e-15 6.45738e-16 3.07168e-16 1.45214e-16 6.82445e-17 3.18905e-17 1.48215e-17 6.85259e-18 3.15237e-18 1.44318e-18 6.57639e-19 2.98338e-19 1.34758e-19 6.06164e-20 2.71568e-20 1.21193e-20 5.3882e-21 2.38687e-21 1.05362e-21 4.63506e-22 2.03231e-22 8.88238e-23 3.87005e-23 1.68108e-23 7.2809e-24 3.14442e-24 1.35422e-24 5.81656e-25 2.49173e-25 1.06469e-25 4.53795e-26 1.92949e-26 8.18459e-27 3.46376e-27 1.46258e-27 6.16219e-28 2.59071e-28 1.08691e-28 4.55069e-29 1.90148e-29 7.92971e-30 3.30059e-30 1.37124e-30 5.68647e-31 2.35393e-31 9.72709e-32 4.01262e-32 1.6525e-32 6.79427e-33 2.78896e-33 1.14303e-33 4.67733e-34 1.91108e-34 7.79677e-35 3.17626e-35 1.2921e-35 5.24883e-36 2.12927e-36 8.62605e-37 3.48992e-37 1.4101e-37 5.69023e-38 2.2933e-38 9.23114e-39 3.71126e-39 1.49028e-39 5.97728e-40 2.39462e-40 9.58248e-41
2.48833e-10 6.97344e-10 1.16677e-09 1.49839e-09 1.62405e-09 1.55959e-09 1.36596e-09 1.11202e-09 8.52653e-10 6.21751e-10 4.34334e-10 2.92331e-10 1.90434e-10 1.20515e-10 7.43175e-11 4.47719e-11 2.64075e-11 1.52778e-11 8.68365e-12 4.85579e-12 2.67464e-12 1.45273e-12 7.7883e-13 4.12482e-13 2.15978e-13 1.11881e-13 5.73741e-14 2.91433e-14 1.46707e-14 7.32247e-15 3.62533e-15 1.78113e-15 8.6869e-16 4.20727e-16 2.02414e-16 9.67642e-17 4.59771e-17 2.17185e-17 1.02021e-17 4.7666e-18 2.21556e-18 1.02471e-18 4.71671e-19 2.16109e-19 9.85772e-20 4.47728e-20 2.02513e-20 9.12324e-21 4.09414e-21 1.83041e-21 8.15371e-22 3.61938e-22 1.60115e-22 7.05976e-23 3.1028e-23 1.35945e-23 5.9382e-24 2.58623e-24 1.12315e-24 4.864e-25 2.10074e-25 9.04908e-26 3.88793e-26 1.66626e-26 7.1237e-27 3.03831e-27 1.29285e-27 5.48882e-28 2.32513e-28 9.8282e-29 4.14556e-29 1.745e-29 7.33042e-30 3.0733e-30 1.286e-30 5.37105e-31 2.23909e-31 9.3175e-32 3.8704e-32 1.60494e-32 6.64392e-33 2.74578e-33 1.13291e-33 4.66695e-34 1.9195e-34 7.88269e-35 3.23225e-35 1.3234e-35 5.41063e-36 2.20894e-36 9.00559e-37 3.66642e-37 1.49069e-37 6.05277e-38 2.45446e-38 9.94034e-39 4.02068e-39 1.62428e-39 6.55382e-40 2.64124e-40 1.06319e-40
8.64003e-11 2.5274e-10 4.38537e-10 5.8161e-10 6.49072e-10 6.40323e-10 5.75076e-10 4.79337e-10 3.75829e-10 2.79928e-10 1.9955e-10 1.36941e-10 9.08884e-11 5.8562e-11 3.67461e-11 2.25127e-11 1.34968e-11 7.93303e-12 4.57897e-12 2.59917e-12 1.45273e-12 8.00389e-13 4.35117e-13 2.33605e-13 1.23957e-13 6.50554e-14 3.37905e-14 1.73804e-14 8.85751e-15 4.47465e-15 2.2418e-15 1.1143e-15 5.49721e-16 2.69257e-16 1.30984e-16 6.33037e-17 3.04031e-17 1.45145e-17 6.88943e-18 3.25211e-18 1.527e-18 7.13335e-19 3.31597e-19 1.53415e-19 7.06542e-20 3.2396e-20 1.47908e-20 6.72515e-21 3.04566e-21 1.37399e-21 6.17537e-22 2.76547e-22 1.2341e-22 5.48849e-23 2.43286e-23 1.07495e-23 4.73482e-24 2.07922e-24 9.10369e-25 3.97454e-25 1.73038e-25 7.51305e-26 3.25341e-26 1.4052e-26 6.05404e-27 2.60186e-27 1.11553e-27 4.7716e-28 2.03635e-28 8.6711e-29 3.68424e-29 1.56206e-29 6.60908e-30 2.79062e-30 1.17597e-30 4.94589e-31 2.07618e-31 8.69911e-32 3.63823e-32 1.5189e-32 6.33e-33 2.6335e-33 1.09378e-33 4.53536e-34 1.87754e-34 7.76027e-35 3.20249e-35 1.31958e-35 5.42913e-36 2.23042e-36 9.14984e-37 3.74822e-37 1.53331e-37 6.26385e-38 2.55545e-38 1.04117e-38 4.2365e-39 1.72163e-39 6.9876e-40 2.83256e-40 1.14684e-40
3.00001e-11 9.14398e-11 1.64322e-10 2.24825e-10 2.58107e-10 2.61368e-10 2.40527e-10 2.05133e-10 1.64364e-10 1.24977e-10 9.0866e-11 6.35472e-11 4.29506e-11 2.81638e-11 1.7974e-11 1.1194e-11 6.81859e-12 4.07018e-12 2.38489e-12 1.37371e-12 7.7883e-13 4.35117e-13 2.39784e-13 1.30459e-13 7.01325e-14 3.72793e-14 1.96068e-14 1.02092e-14 5.2658e-15 2.69177e-15 1.3643e-15 6.85905e-16 3.42191e-16 1.69464e-16 8.33372e-17 4.07084e-17 1.97578e-17 9.53053e-18 4.57015e-18 2.17912e-18 1.03338e-18 4.87489e-19 2.28809e-19 1.06873e-19 4.96845e-20 2.29935e-20 1.05947e-20 4.86108e-21 2.22125e-21 1.01098e-21 4.5837e-22 2.0705e-22 9.31898e-23 4.17965e-23 1.86825e-23 8.32334e-24 3.69629e-24 1.63637e-24 7.22233e-25 3.17828e-25 1.39463e-25 6.10255e-26 2.66305e-26 1.15902e-26 5.0313e-27 2.17857e-27 9.41001e-28 4.05475e-28 1.74308e-28 7.47607e-29 3.1993e-29 1.36611e-29 5.82083e-30 2.47499e-30 1.0502e-30 4.44733e-31 1.87964e-31 7.92891e-32 3.33838e-32 1.403e-32 5.88565e-33 2.46469e-33 1.03033e-33 4.29986e-34 1.79145e-34 7.45156e-35 3.0945e-35 1.28307e-35 5.31178e-36 2.19568e-36 9.0626e-37 3.73508e-37 1.53718e-37 6.31734e-38 2.59264e-38 1.06257e-38 4.34904e-39 1.77769e-39 7.25698e-40 2.95871e-40 1.20478e-40
1.04167e-11 3.30287e-11 6.13978e-11 8.65762e-11 1.02159e-10 1.06108e-10 9.99891e-11 8.7199e-11 7.13608e-11 5.53627e-11 4.10334e-11 2.92308e-11 2.01103e-11 1.34144e-11 8.70371e-12 5.50807e-12 3.40766e-12 2.06505e-12 1.2279e-12 7.17462e-13 4.12482e-13 2.33605e-13 1.30459e-13 7.19085e-14 3.91521e-14 2.10727e-14 1.12194e-14 5.91237e-15 3.08563e-15 1.59564e-15 8.17965e-16 4.15847e-16 2.0975e-16 1.05002e-16 5.21879e-17 2.57606e-17 1.26323e-17 6.15554e-18 2.98141e-18 1.43566e-18 6.87473e-19 3.27433e-19 1.55146e-19 7.31459e-20 3.432e-20 1.60283e-20 7.45202e-21 3.44965e-21 1.5902e-21 7.30068e-22 3.33859e-22 1.52092e-22 6.90301e-23 3.12185e-23 1.40692e-23 6.31912e-24 2.82887e-24 1.26235e-24 5.61557e-25 2.49053e-25 1.10131e-25 4.85598e-26 2.13515e-26 9.3626e-27 4.09457e-27 1.78604e-27 7.77098e-28 3.37276e-28 1.46032e-28 6.30789e-29 2.71844e-29 1.1689e-29 5.01509e-30 2.14706e-30 9.17265e-31 3.91066e-31 1.6639e-31 7.0656e-32 2.99453e-32 1.26674e-32 5.34855e-33 2.25422e-33 9.48377e-34 3.98296e-34 1.66989e-34 6.98934e-35 2.92058e-35 1.21842e-35 5.07501e-36 2.11056e-36 8.7638e-37 3.63357e-37 1.5043e-37 6.21873e-38 2.56714e-38 1.05825e-38 4.35643e-39 1.79095e-39 7.35287e-40 3.01482e-40 1.23454e-40
3.61691e-12 1.19123e-11 2.28807e-11 3.32207e-11 4.02594e-11 4.28601e-11 4.13306e-11 3.68354e-11 3.0772e-11 2.43462e-11 1.83864e-11 1.33357e-11 9.33501e-12 6.33174e-12 4.17516e-12 2.68389e-12 1.68583e-12 1.0368e-12 6.2541e-13 3.70575e-13 2.15978e-13 1.23957e-13 7.01325e-14 3.91521e-14 2.15846e-14 1.17601e-14 6.33663e-15 3.37872e-15 1.78377e-15 9.32918e-16 4.83585e-16 2.48553e-16 1.26723e-16 6.41126e-17 3.21985e-17 1.60573e-17 7.95392e-18 3.91459e-18 1.9147e-18 9.30955e-19 4.50062e-19 2.16384e-19 1.03484e-19 4.92381e-20 2.33124e-20 1.09851e-20 5.15259e-21 2.4061e-21 1.11875e-21 5.18013e-22 2.38889e-22 1.09737e-22 5.02183e-23 2.28966e-23 1.04023e-23 4.70951e-24 2.125e-24 9.55687e-25 4.28436e-25 1.91473e-25 8.53128e-26 3.79002e-26 1.67889e-26 7.41629e-27 3.26713e-27 1.43545e-27 6.29047e-28 2.74964e-28 1.19892e-28 5.21503e-29 2.26306e-29 9.79783e-30 4.23236e-30 1.82421e-30 7.84565e-31 3.36716e-31 1.44211e-31 6.16385e-32 2.62932e-32 1.11941e-32 4.75671e-33 2.0175e-33 8.54129e-34 3.60956e-34 1.52272e-34 6.4126e-35 2.69595e-35 1.13154e-35 4.74149e-36 1.98365e-36 8.28573e-37 3.45562e-37 1.439e-37 5.9834e-38 2.48426e-38 1.02996e-38 4.26414e-39 1.76293e-39 7.27854e-40 3.00102e-40 1.23571e-40
1.25587e-12 4.2904e-12 8.506e-12 1.27052e-11 1.58013e-11 1.72308e-11 1.69934e-11 1.54694e-11 1.31852e-11 1.06334e-11 8.17885e-12 6.03734e-12 4.29827e-12 2.96343e-12 1.98519e-12 1.29581e-12 8.26116e-13 5.15457e-13 3.15328e-13 1.89418e-13 1.11881e-13 6.50554e-14 3.72793e-14 2.10727e-14 1.17601e-14 6.48451e-15 3.53523e-15 1.90681e-15 1.01812e-15 5.38422e-16 2.82154e-16 1.46584e-16 7.55264e-17 3.86093e-17 1.95893e-17 9.86779e-18 4.93663e-18 2.45343e-18 1.21162e-18 5.94722e-19 2.90216e-19 1.40826e-19 6.79653e-20 3.26303e-20 1.55871e-20 7.40955e-21 3.5057e-21 1.65113e-21 7.74235e-22 3.61505e-22 1.68097e-22 7.78518e-23 3.59161e-23 1.65072e-23 7.55905e-24 3.44919e-24 1.56843e-24 7.10814e-25 3.21089e-25 1.44581e-25 6.49015e-26 2.9046e-26 1.2961e-26 5.76697e-27 2.55883e-27 1.13227e-27 4.99693e-28 2.19952e-28 9.65714e-29 4.22954e-29 1.84793e-29 8.05466e-30 3.50271e-30 1.51976e-30 6.5794e-31 2.84219e-31 1.22518e-31 5.27036e-32 2.26255e-32 9.69368e-33 4.14506e-33 1.76905e-33 7.53587e-34 3.20425e-34 1.35999e-34 5.76201e-35 2.43701e-35 1.02896e-35 4.33724e-36 1.82521e-36 7.66853e-37 3.21678e-37 1.34727e-37 5.63406e-38 2.35253e-38 9.8086e-39 4.08364e-39 1.69772e-39 7.04815e-40 2.92202e-40 1.20977e-40
4.36067e-13 1.54325e-12 3.15494e-12 4.84404e-12 6.17833e-12 6.89667e-12 6.95223e-12 6.46085e-12 5.61589e-12 4.6145e-12 3.61339e-12 2.71351e-12 1.96411e-12 1.37595e-12 9.36103e-13 6.20247e-13 4.01217e-13 2.53904e-13 1.57477e-13 9.58736e-14 5.73741e-14 3.37905e-14 1.96068e-14 1.12194e-14 6.33663e-15 3.53523e-15 1.94963e-15 1.06352e-15 5.74179e-16 3.0697e-16 1.62594e-16 8.53628e-17 4.44399e-17 2.29502e-17 1.17615e-17 5.98344e-18 3.02262e-18 1.51666e-18 7.56103e-19 3.74606e-19 1.8449e-19 9.0338e-20 4.39908e-20 2.13075e-20 1.02675e-20 4.92304e-21 2.34916e-21 1.11576e-21 5.27565e-22 2.48363e-22 1.16429e-22 5.43576e-23 2.52775e-23 1.17093e-23 5.40388e-24 2.48485e-24 1.13857e-24 5.19906e-25 2.36613e-25 1.07334e-25 4.85358e-26 2.18798e-26 9.83375e-27 4.40676e-27 1.96915e-27 8.77452e-28 3.89929e-28 1.72819e-28 7.63959e-29 3.36857e-29 1.48164e-29 6.50112e-30 2.84579e-30 1.24282e-30 5.41541e-31 2.35444e-31 1.02141e-31 4.42167e-32 1.91015e-32 8.23495e-33 3.54311e-33 1.52144e-33 6.52066e-34 2.78938e-34 1.19102e-34 5.07624e-35 2.15969e-35 9.17236e-36 3.88888e-36 1.64603e-36 6.95553e-37 2.93438e-37 1.23598e-37 5.19783e-38 2.18255e-38 9.15054e-39 3.83074e-39 1.60134e-39 6.68431e-40 2.78621e-40 1.15976e-40
1.51412e-13 5.54439e-13 1.1677e-12 1.84152e-12 2.40714e-12 2.74896e-12 2.83096e-12 2.68448e-12 2.37853e-12 1.99045e-12 1.58613e-12 1.21131e-12 8.91093e-13 6.34091e-13 4.37967e-13 2.94478e-13 1.9322e-13 1.23982e-13 7.79399e-14 4.80786e-14 2.91433e-14 1.73804e-14 1.02092e-14 5.91237e-15 3.37872e-15 1.90681e-15 1.06352e-15 5.86603e-16 3.20161e-16 1.73004e-16 9.26023e-17 4.91213e-17 2.58336e-17 1.34753e-17 6.97409e-18 3.58248e-18 1.8271e-18 9.25451e-19 4.65668e-19 2.32833e-19 1.15708e-19 5.7165e-20 2.80828e-20 1.37209e-20 6.66864e-21 3.22466e-21 1.55167e-21 7.43102e-22 3.54244e-22 1.68121e-22 7.94455e-23 3.73852e-23 1.75214e-23 8.17948e-24 3.80385e-24 1.76241e-24 8.13621e-25 3.74293e-25 1.716e-25 7.84111e-26 3.57134e-26 1.62149e-26 7.3394e-27 3.31211e-27 1.49032e-27 6.68671e-28 2.99183e-28 1.33499e-28 5.94112e-29 2.63712e-29 1.16759e-29 5.1567e-30 2.27196e-30 9.98617e-31 4.37914e-31 1.91599e-31 8.36429e-32 3.64351e-32 1.58374e-32 6.86973e-33 2.97376e-33 1.28469e-33 5.53907e-34 2.38362e-34 1.0238e-34 4.38918e-35 1.87828e-35 8.02345e-36 3.42136e-36 1.45642e-36 6.18924e-37 2.62583e-37 1.11221e-37 4.70334e-38 1.98583e-38 8.37147e-39 3.52371e-39 1.48097e-39 6.21515e-40 2.60452e-40 1.08989e-40
5.25736e-14 1.98968e-13 4.31326e-13 6.98176e-13 9.3471e-13 1.09145e-12 1.1477e-12 1.10998e-12 1.00207e-12 8.5369e-13 6.9203e-13 5.37264e-13 4.0155e-13 2.90148e-13 2.03398e-13 1.3874e-13 9.23129e-14 6.00431e-14 3.82479e-14 2.39e-14 1.46707e-14 8.85751e-15 5.2658e-15 3.08563e-15 1.78377e-15 1.01812e-15 5.74179e-16 3.20161e-16 1.76616e-16 9.6443e-17 5.21573e-17 2.7949e-17 1.48461e-17 7.82039e-18 4.08674e-18 2.11938e-18 1.0911e-18 5.5779e-19 2.8324e-19 1.42899e-19 7.16475e-20 3.57086e-20 1.76945e-20 8.7194e-21 4.2737e-21 2.08386e-21 1.01101e-21 4.88134e-22 2.34577e-22 1.12217e-22 5.34464e-23 2.5347e-23 1.19711e-23 5.63116e-24 2.63856e-24 1.23165e-24 5.72806e-25 2.65442e-25 1.22579e-25 5.64142e-26 2.58776e-26 1.1832e-26 5.39299e-27 2.45059e-27 1.11023e-27 5.01523e-28 2.25908e-28 1.01477e-28 4.54592e-29 2.03108e-29 9.05116e-30 4.02329e-30 1.78395e-30 7.89098e-31 3.48216e-31 1.53306e-31 6.73411e-32 2.95145e-32 1.29075e-32 5.63277e-33 2.45297e-33 1.06603e-33 4.62352e-34 2.00133e-34 8.64619e-35 3.72825e-35 1.60463e-35 6.89366e-36 2.95627e-36 1.26553e-36 5.40815e-37 2.3072e-37 9.82644e-38 4.17823e-38 1.77373e-38 7.51784e-39 3.18142e-39 1.34426e-39 5.67136e-40 2.38917e-40 1.00502e-40
1.82547e-14 7.1327e-14 1.59025e-13 2.64023e-13 3.61812e-13 4.31755e-13 4.63357e-13 4.56849e-13 4.20058e-13 3.64175e-13 3.00203e-13 2.36852e-13 1.79794e-13 1.31878e-13 9.38021e-14 6.48912e-14 4.37717e-14 2.88522e-14 1.8619e-14 1.17826e-14 7.32247e-15 4.47465e-15 2.69177e-15 1.59564e-15 9.32918e-16 5.38422e-16 3.0697e-16 1.73004e-16 9.6443e-17 5.32093e-17 2.90691e-17 1.57329e-17 8.43943e-18 4.4887e-18 2.36808e-18 1.23964e-18 6.44102e-19 3.32286e-19 1.70252e-19 8.66577e-20 4.38299e-20 2.20335e-20 1.10114e-20 5.4719e-21 2.70432e-21 1.32948e-21 6.5026e-22 3.1648e-22 1.53295e-22 7.39093e-23 3.54748e-23 1.69532e-23 8.06768e-24 3.82354e-24 1.8049e-24 8.48717e-25 3.97592e-25 1.85577e-25 8.63108e-26 4.00037e-26 1.84787e-26 8.50771e-27 3.90447e-27 1.7863e-27 8.14748e-28 3.7051e-28 1.68002e-28 7.59623e-29 3.42514e-29 1.54022e-29 6.90778e-30 3.09009e-30 1.37881e-30 6.13708e-31 2.72501e-31 1.2071e-31 5.33474e-32 2.35231e-32 1.03492e-32 4.54332e-33 1.99026e-33 8.70034e-34 3.7955e-34 1.65244e-34 7.18001e-35 3.11372e-35 1.34775e-35 5.8227e-36 2.51098e-36 1.08088e-36 4.64457e-37 1.99231e-37 8.53153e-38 3.64726e-38 1.55665e-38 6.63299e-39 2.82186e-39 1.19861e-39 5.0834e-40 2.15263e-40 9.10199e-41
6.33845e-15 2.55444e-14 5.85277e-14 9.96026e-14 1.39636e-13 1.70201e-13 1.86335e-13 1.87215e-13 1.75253e-13 1.54563e-13 1.29522e-13 1.03816e-13 8.00161e-14 5.95618e-14 4.29731e-14 3.01422e-14 2.06071e-14 1.37619e-14 8.99471e-15 5.76322e-15 3.62533e-15 2.2418e-15 1.3643e-15 8.17965e-16 4.83585e-16 2.82154e-16 1.62594e-16 9.26023e-17 5.21573e-17 2.90691e-17 1.60398e-17 8.76663e-18 4.74814e-18 2.54949e-18 1.35765e-18 7.17273e-19 3.76085e-19 1.95763e-19 1.01191e-19 5.19561e-20 2.65051e-20 1.34377e-20 6.77203e-21 3.39316e-21 1.69071e-21 8.3791e-22 4.13109e-22 2.0265e-22 9.89263e-23 4.80649e-23 2.32465e-23 1.11934e-23 5.36659e-24 2.56224e-24 1.21837e-24 5.77069e-25 2.72277e-25 1.2799e-25 5.99465e-26 2.79781e-26 1.3013e-26 6.03229e-27 2.78719e-27 1.28371e-27 5.89412e-28 2.69807e-28 1.2314e-28 5.60391e-29 2.54306e-29 1.15086e-29 5.19415e-30 2.3381e-30 1.04976e-30 4.70131e-31 2.10027e-31 9.36015e-32 4.1616e-32 1.846e-32 8.16986e-33 3.6077e-33 1.58964e-33 6.98938e-34 3.06667e-34 1.34277e-34 5.86757e-35 2.55891e-35 1.1138e-35 4.83874e-36 2.09818e-36 9.08141e-37 3.92355e-37 1.69213e-37 7.28503e-38 3.13101e-38 1.3434e-38 5.75449e-39 2.46094e-39 1.05075e-39 4.47933e-40 1.90658e-40 8.10276e-41
2.20085e-15 9.13978e-15 2.15048e-14 3.74897e-14 5.37393e-14 6.68741e-14 7.46549e-14 7.64044e-14 7.279e-14 6.52832e-14 5.55945e-14 4.52562e-14 3.54062e-14 2.67387e-14 1.95634e-14 1.39096e-14 9.63577e-15 6.51812e-15 4.31383e-15 2.79795e-15 1.78113e-15 1.1143e-15 6.85905e-16 4.15847e-16 2.48553e-16 1.46584e-16 8.53628e-17 4.91213e-17 2.7949e-17 1.57329e-17 8.76663e-18 4.83783e-18 2.64521e-18 1.43366e-18 7.70503e-19 4.10777e-19 2.17313e-19 1.14118e-19 5.95027e-20 3.08144e-20 1.58533e-20 8.10473e-21 4.11824e-21 2.08033e-21 1.04494e-21 5.21996e-22 2.59384e-22 1.28232e-22 6.30803e-23 3.0882e-23 1.50486e-23 7.30002e-24 3.52574e-24 1.69562e-24 8.12109e-25 3.87396e-25 1.84078e-25 8.71362e-26 4.10951e-26 1.93117e-26 9.04331e-27 4.22038e-27 1.96304e-27 9.10119e-28 4.20621e-28 1.93794e-28 8.90187e-29 4.077e-29 1.86188e-29 8.47888e-30 3.85063e-30 1.74404e-30 7.87844e-31 3.54981e-31 1.59543e-31 7.15282e-32 3.19911e-32 1.42743e-32 6.35438e-33 2.82232e-33 1.25075e-33 5.53084e-34 2.44051e-34 1.07463e-34 4.72218e-35 2.07085e-35 9.06347e-36 3.95909e-36 1.7261e-36 7.51139e-37 3.26268e-37 1.41463e-37 6.12262e-38 2.64529e-38 1.14094e-38 4.91266e-39 2.11179e-39 9.06303e-40 3.88328e-40 1.66126e-40 7.09578e-41
7.64184e-16 3.26735e-15 7.8891e-15 1.40805e-14 2.06267e-14 2.61939e-14 2.98049e-14 3.10598e-14 3.01042e-14 2.74475e-14 2.3746e-14 1.96262e-14 1.55813e-14 1.1935e-14 8.85297e-15 6.37897e-15 4.47659e-15 3.06662e-15 2.05465e-15 1.34872e-15 8.6869e-16 5.49721e-16 3.42191e-16 2.0975e-16 1.26723e-16 7.55264e-17 4.44399e-17 2.58336e-17 1.48461e-17 8.43943e-18 4.74814e-18 2.64521e-18 1.4599e-18 7.98547e-19 4.33073e-19 2.32952e-19 1.24327e-19 6.58566e-20 3.46334e-20 1.80874e-20 9.38337e-21 4.83669e-21 2.47769e-21 1.26168e-21 6.38772e-22 3.21604e-22 1.61049e-22 8.0229e-23 3.97661e-23 1.96143e-23 9.62883e-24 4.70522e-24 2.28903e-24 1.10877e-24 5.34819e-25 2.5692e-25 1.22931e-25 5.85936e-26 2.7823e-26 1.31633e-26 6.20553e-27 2.91529e-27 1.36494e-27 6.36956e-28 2.96282e-28 1.37383e-28 6.35079e-29 2.92697e-29 1.34504e-29 6.16324e-30 2.81621e-30 1.28331e-30 5.83225e-31 2.64363e-31 1.19523e-31 5.39029e-32 2.42496e-32 1.0883e-32 4.87271e-33 2.17664e-33 9.70102e-34 4.31403e-34 1.91427e-34 8.47603e-35 3.74517e-35 1.65142e-35 7.26715e-36 3.19161e-36 1.39898e-36 6.1204e-37 2.67259e-37 1.16489e-37 5.06814e-38 2.20109e-38 9.54259e-39 4.12996e-39 1.78439e-39 7.69682e-40 3.31452e-40 1.42505e-40 6.11714e-41
